timestep,x_cm,y_cm,z_cm,yaw_deg,basis_xx,basis_xy,basis_xz,basis_yx,basis_yy,basis_yz,basis_zx,basis_zy,basis_zz,teleport_flag,throttle_cmd,steering_cmd,cmd_move_cm,cmd_turn_deg,lidar_cm_0,lidar_cm_1,lidar_cm_2,lidar_cm_3,lidar_cm_4,lidar_cm_5,lidar_cm_6,lidar_cm_7,lidar_cm_8,lidar_cm_9,lidar_cm_10,lidar_cm_11,lidar_cm_12,lidar_cm_13,lidar_cm_14,lidar_cm_15,lidar_cm_16,lidar_class_0,lidar_class_1,lidar_class_2,lidar_class_3,lidar_class_4,lidar_class_5,lidar_class_6,lidar_class_7,lidar_class_8,lidar_class_9,lidar_class_10,lidar_class_11,lidar_class_12,lidar_class_13,lidar_class_14,lidar_class_15,lidar_class_16
0,-8859.883,1639.979,-28.684,177.983,-0.999281,-0.035129,0.014248,0.034186,-0.997505,-0.061771,0.016382,-0.061239,0.997989,1,0.08000,0.12000,4.800,0.240,-1,375.000,-1,400.000,650.000,325.000,325.000,300.000,300.000,-1,-1,-1,-1,750.000,575.000,-1,625.000,2,0,2,1,1,0,0,0,0,2,2,2,2,0,1,2,1
1,-8869.479,1640.236,-28.528,178.463,-0.999539,-0.026771,0.014293,0.025842,-0.997762,-0.061662,0.015912,-0.061264,0.997995,0,0.16000,0.24000,9.600,0.480,-1,375.000,-1,400.000,650.000,325.000,325.000,300.000,300.000,-1,-1,-1,-1,750.000,575.000,-1,625.000,2,0,2,1,1,0,0,0,0,2,2,2,2,0,1,2,1
2,-8883.877,1640.441,-28.305,179.183,-0.999796,-0.014231,0.014364,0.013322,-0.998018,-0.061495,0.015211,-0.061292,0.998004,0,0.24000,0.36000,14.400,0.720,-1,375.000,-1,375.000,625.000,325.000,325.000,300.000,300.000,-1,-1,-1,-1,750.000,575.000,-1,600.000,2,0,2,1,1,0,0,0,0,2,2,2,2,0,1,2,1
3,-8903.077,1640.393,-28.029,180.143,-0.999892,0.002492,0.014466,-0.003374,-0.998116,-0.061266,0.014286,-0.061309,0.998017,0,0.32000,0.48000,19.200,0.960,-1,375.000,-1,375.000,600.000,325.000,325.000,300.000,300.000,-1,-1,-1,-1,750.000,550.000,-1,600.000,2,0,2,1,1,0,1,0,0,2,2,2,2,0,1,2,1
4,-8927.070,1639.830,-27.716,181.343,-0.999620,0.023395,0.014601,-0.024244,-0.997845,-0.060969,0.013143,-0.061300,0.998033,0,0.40000,0.60000,24.000,1.200,-1,375.000,-1,375.000,575.000,325.000,325.000,300.000,300.000,-1,-1,-1,-1,750.000,550.000,-1,575.000,2,0,2,1,1,0,1,0,0,2,2,2,2,0,1,2,1
5,-8955.841,1638.549,-27.381,182.550,-0.998904,0.044404,0.014772,-0.045221,-0.997138,-0.060595,0.012039,-0.061197,0.998053,0,0.48000,0.60336,28.800,1.207,-1,400.000,-1,375.000,525.000,325.000,325.000,300.000,300.000,-1,-1,975.000,-1,750.000,550.000,-1,550.000,2,0,2,1,1,0,1,0,0,2,2,0,2,0,1,2,1
6,-8989.369,1636.363,-27.033,183.730,-0.997778,0.064928,0.014979,-0.065716,-0.996024,-0.060142,0.011015,-0.060993,0.998077,0,0.56000,0.58994,33.600,1.180,-1,400.000,-1,350.000,500.000,325.000,325.000,300.000,300.000,-1,-1,975.000,-1,750.000,550.000,-1,525.000,2,0,2,1,1,0,1,0,0,2,2,0,2,0,1,2,1
7,-9027.630,1633.098,-26.682,184.879,-0.996274,0.084893,0.015223,-0.085656,-0.994540,-0.059609,0.010080,-0.060691,0.998106,0,0.64000,0.57461,38.400,1.149,-1,400.000,-1,350.000,475.000,325.000,325.000,300.000,300.000,-1,-1,950.000,-1,750.000,550.000,-1,500.000,2,0,2,1,1,0,1,0,0,2,2,0,2,0,1,2,1
8,-9070.593,1628.587,-26.336,185.993,-0.994433,0.104220,0.015504,-0.104961,-0.992725,-0.058999,0.009242,-0.060298,0.998138,0,0.72000,0.55715,43.200,1.114,-1,400.000,-1,350.000,425.000,325.000,325.000,300.000,300.000,-1,-1,950.000,-1,750.000,550.000,-1,475.000,2,0,2,1,1,0,0,0,0,2,2,0,2,0,1,2,1
9,-9118.228,1622.682,-26.002,187.068,-0.992303,0.122822,0.015821,-0.123544,-0.990624,-0.058313,0.008510,-0.059819,0.998173,0,0.80000,0.53727,48.000,1.075,-1,400.000,-1,350.000,400.000,325.000,325.000,300.000,300.000,-1,-1,925.000,-1,750.000,550.000,-1,450.000,2,0,2,1,1,0,0,0,0,2,2,0,2,0,1,2,1
10,-9170.501,1615.244,-25.181,188.097,-0.989910,0.140588,0.017692,-0.141401,-0.988180,-0.059215,0.009158,-0.061119,0.998088,0,0.88000,0.51471,52.800,1.029,-1,400.000,-1,350.000,350.000,325.000,325.000,300.000,300.000,-1,-1,900.000,-1,750.000,575.000,-1,425.000,2,0,2,1,1,0,0,0,0,2,2,0,2,0,1,2,1
11,-9227.379,1606.155,-23.239,189.075,-0.987260,0.157385,0.023424,-0.158581,-0.985295,-0.063613,0.013068,-0.066517,0.997700,0,0.96000,0.48914,57.600,0.978,-1,400.000,-1,375.000,350.000,325.000,350.000,300.000,325.000,-1,825.000,775.000,-1,750.000,600.000,-1,450.000,2,0,2,1,1,0,0,0,0,2,0,0,2,1,1,2,1
12,-9286.468,1595.737,-21.633,189.996,-0.984496,0.173142,0.028083,-0.174672,-0.982353,-0.066874,0.016009,-0.070743,0.997366,0,1.00000,0.46021,60.000,0.920,-1,400.000,-1,400.000,350.000,350.000,350.000,300.000,350.000,-1,725.000,675.000,-1,750.000,600.000,-1,475.000,2,0,2,1,1,0,0,0,0,2,0,0,2,1,1,2,1
13,-9345.394,1584.438,-20.453,190.853,-0.981707,0.187783,0.031458,-0.189557,-0.979456,-0.068810,0.017891,-0.073514,0.997134,0,1.00000,0.42865,60.000,0.857,-1,425.000,-1,425.000,350.000,350.000,350.000,300.000,350.000,-1,600.000,625.000,-1,750.000,600.000,-1,525.000,2,0,2,1,1,0,0,0,0,2,0,0,2,1,1,2,1
14,-9404.158,1572.327,-19.699,191.644,-0.978965,0.201266,0.033459,-0.203169,-0.976677,-0.069454,0.018700,-0.074791,0.997024,0,1.00000,0.39546,60.000,0.791,-1,425.000,-1,450.000,325.000,350.000,350.000,300.000,325.000,-1,550.000,575.000,-1,775.000,550.000,-1,500.000,2,0,2,1,1,0,0,0,1,2,0,0,2,1,1,2,1
15,-9462.766,1559.478,-19.370,192.366,-0.976339,0.213553,0.034013,-0.215458,-0.974082,-0.068861,0.018426,-0.074560,0.997046,0,1.00000,0.36077,60.000,0.722,-1,425.000,-1,425.000,325.000,350.000,350.000,300.000,275.000,-1,550.000,600.000,-1,800.000,525.000,-1,475.000,2,0,2,1,1,0,0,0,1,2,0,0,2,1,1,2,1
16,-9521.225,1545.967,-19.459,193.015,-0.973887,0.224610,0.033075,-0.226390,-0.971723,-0.067091,0.017071,-0.072827,0.997198,0,1.00000,0.32476,60.000,0.650,-1,425.000,-1,400.000,325.000,350.000,350.000,300.000,250.000,-1,600.000,625.000,-1,800.000,475.000,-1,425.000,2,0,2,1,1,0,0,0,1,2,0,0,2,0,1,2,1
17,-9579.384,1531.910,-19.955,193.590,-0.971655,0.234410,0.030631,-0.235948,-0.969642,-0.064210,0.014649,-0.069618,0.997466,0,0.99724,0.28766,59.835,0.575,-1,400.000,-1,350.000,325.000,350.000,325.000,300.000,225.000,-1,675.000,675.000,-1,800.000,450.000,-1,375.000,2,1,2,1,1,1,1,0,1,2,0,0,2,0,1,2,1
18,-9636.349,1517.614,-20.829,194.090,-0.969674,0.242933,0.026751,-0.244144,-0.967860,-0.060341,0.011233,-0.065042,0.997819,0,0.97886,0.24987,58.732,0.500,-1,375.000,-1,325.000,275.000,325.000,300.000,300.000,200.000,-1,825.000,800.000,-1,775.000,400.000,-1,325.000,2,1,2,1,1,1,1,0,1,2,0,0,2,0,1,2,1
19,-9692.011,1503.208,-22.042,194.515,-0.967957,0.250190,0.021548,-0.251021,-0.966383,-0.055601,0.006912,-0.059229,0.998221,0,0.95826,0.21231,57.496,0.425,-1,350.000,-1,275.000,225.000,300.000,275.000,300.000,175.000,-1,-1,1000.000,-1,750.000,350.000,-1,275.000,2,1,2,1,1,1,1,0,1,2,2,0,2,0,1,2,1
20,-9746.272,1488.753,-23.601,194.921,-0.966258,0.257140,0.014980,-0.257571,-0.964966,-0.049977,0.001604,-0.052149,0.998638,0,0.93590,0.20321,56.154,0.406,-1,325.000,-1,250.000,175.000,275.000,225.000,300.000,150.000,-1,-1,-1,-1,725.000,300.000,-1,225.000,2,1,2,1,1,1,1,0,1,2,2,2,2,0,1,2,1
21,-9799.045,1474.294,-21.121,195.316,-0.964462,0.263664,0.017170,-0.264219,-0.962745,-0.057540,0.001359,-0.060031,0.998196,0,0.91196,0.19732,54.717,0.395,-1,325.000,-1,225.000,150.000,250.000,225.000,300.000,150.000,-1,-1,-1,-1,725.000,275.000,-1,175.000,2,1,2,1,1,1,1,0,1,2,2,2,2,0,1,2,1
22,-9850.270,1459.870,-13.031,195.702,-0.962108,0.269568,0.041008,-0.272101,-0.958889,-0.080581,0.017601,-0.088686,0.995904,0,0.88695,0.19308,53.217,0.386,-1,350.000,-1,225.000,175.000,275.000,225.000,275.000,200.000,-1,725.000,850.000,-1,800.000,300.000,-1,175.000,2,1,2,1,1,1,1,0,1,2,0,0,2,0,1,2,1
23,-9899.926,1445.525,-5.800,196.083,-0.959291,0.275217,0.063376,-0.280503,-0.954582,-0.100452,0.032852,-0.114140,0.992921,0,0.86144,0.19043,51.686,0.381,-1,400.000,-1,250.000,175.000,275.000,225.000,275.000,225.000,-1,400.000,600.000,-1,900.000,300.000,-1,175.000,2,1,2,1,1,1,1,0,1,2,0,0,2,0,1,2,1
24,-9944.827,1432.024,0.446,196.704,-0.954933,0.284802,0.083617,-0.293161,-0.949068,-0.115438,0.046481,-0.134749,0.989789,0,0.78144,0.31043,46.886,0.621,-1,475.000,-1,250.000,175.000,300.000,250.000,250.000,250.000,775.000,275.000,475.000,-1,975.000,325.000,-1,175.000,2,1,2,1,1,1,1,0,1,0,0,0,2,0,1,2,1
25,-9984.945,1419.302,5.836,197.565,-0.949022,0.298341,0.101737,-0.309741,-0.942509,-0.125447,0.058462,-0.150564,0.986870,0,0.70144,0.43043,42.086,0.861,-1,525.000,-1,250.000,175.000,325.000,250.000,250.000,250.000,600.000,225.000,425.000,-1,-1,375.000,-1,175.000,2,0,2,1,1,1,1,0,1,0,0,0,2,2,1,2,1
26,-10023.487,1406.258,10.260,198.665,-0.941502,0.315657,0.118046,-0.330064,-0.934423,-0.133837,0.068058,-0.164970,0.983948,0,0.67818,0.55043,40.691,1.101,-1,550.000,-1,275.000,175.000,375.000,275.000,250.000,275.000,500.000,175.000,375.000,-1,-1,400.000,-1,200.000,2,0,2,1,1,1,1,0,1,0,0,0,2,2,1,2,1
27,-10060.931,1392.782,13.729,199.762,-0.933656,0.332739,0.132554,-0.350022,-0.926122,-0.140648,0.075962,-0.177714,0.981146,0,0.66328,0.54850,39.797,1.097,-1,575.000,-1,300.000,175.000,400.000,300.000,225.000,275.000,425.000,150.000,350.000,-1,-1,450.000,-1,200.000,2,0,2,1,1,1,1,0,1,0,0,0,2,2,1,2,1
28,-10097.267,1378.928,16.256,200.841,-0.925654,0.349373,0.145269,-0.369308,-0.917768,-0.145992,0.082318,-0.188787,0.978562,0,0.64815,0.53912,38.889,1.078,-1,600.000,-1,325.000,175.000,475.000,325.000,225.000,275.000,375.000,150.000,325.000,-1,-1,-1,-1,200.000,2,0,2,1,1,1,1,0,1,0,0,1,2,2,2,2,1
29,4919.491,-983.898,-100.643,-110.956,-0.357625,0.933857,-0.004041,-0.933801,-0.357648,-0.010233,-0.011002,0.000114,0.999939,1,0.00000,0.00000,37.977,1.059,-1,400.000,-1,375.000,-1,325.000,325.000,300.000,275.000,-1,525.000,625.000,-1,750.000,700.000,-1,-1,2,0,2,0,2,0,0,0,0,2,0,0,2,0,0,2,2
30,4917.756,-988.374,-100.709,-111.196,-0.361536,0.932350,-0.003830,-0.932294,-0.361556,-0.010218,-0.010912,-0.000123,0.999940,0,0.08000,-0.12000,4.800,-0.240,-1,400.000,-1,375.000,-1,325.000,325.000,300.000,275.000,-1,525.000,625.000,-1,750.000,700.000,-1,-1,2,0,2,0,2,0,0,0,0,2,0,0,2,0,0,2,2
31,4914.216,-997.297,-100.838,-111.640,-0.368753,0.929521,-0.003404,-0.929465,-0.368768,-0.010199,-0.010735,-0.000597,0.999942,0,0.16000,-0.22194,9.600,-0.444,-1,400.000,-1,375.000,-1,325.000,325.000,300.000,275.000,-1,525.000,625.000,-1,750.000,700.000,-1,-1,2,0,2,0,2,0,0,0,0,2,0,0,2,0,0,2,2
32,4908.802,-1010.641,-101.019,-112.082,-0.375922,0.926647,-0.002763,-0.926592,-0.375930,-0.010207,-0.010497,-0.001277,0.999944,0,0.24000,-0.22107,14.400,-0.442,-1,400.000,-1,375.000,-1,325.000,325.000,300.000,275.000,-1,525.000,625.000,-1,750.000,700.000,-1,-1,2,0,2,0,2,0,0,0,0,2,0,0,2,0,0,2,2
33,4901.448,-1028.377,-101.251,-112.521,-0.383030,0.923734,-0.001910,-0.923680,-0.383029,-0.010249,-0.010199,-0.002162,0.999946,0,0.32000,-0.21982,19.200,-0.440,-1,400.000,-1,375.000,-1,325.000,325.000,300.000,275.000,-1,550.000,625.000,-1,750.000,700.000,-1,-1,2,0,2,0,2,0,0,0,0,2,0,0,2,0,0,2,2
34,4892.087,-1050.476,-101.532,-112.958,-0.390064,0.920788,-0.000849,-0.920735,-0.390051,-0.010331,-0.009843,-0.003248,0.999946,0,0.40000,-0.21816,24.000,-0.436,-1,400.000,-1,375.000,-1,325.000,325.000,300.000,275.000,-1,550.000,650.000,-1,750.000,700.000,-1,-1,2,0,2,0,2,0,0,0,0,2,0,0,2,0,0,2,2
35,4880.654,-1076.909,-101.862,-113.390,-0.397009,0.917815,0.000411,-0.917766,-0.396983,-0.010455,-0.009432,-0.004528,0.999945,0,0.48000,-0.21608,28.800,-0.432,1000.000,400.000,-1,375.000,-1,325.000,325.000,300.000,275.000,-1,550.000,650.000,-1,725.000,700.000,-1,-1,1,0,2,0,2,0,0,0,0,2,0,0,2,0,0,2,2
36,4867.086,-1107.648,-102.238,-113.817,-0.403851,0.914823,0.001860,-0.914781,-0.403811,-0.010624,-0.008968,-0.005993,0.999942,0,0.56000,-0.21356,33.600,-0.427,975.000,400.000,-1,375.000,-1,325.000,325.000,300.000,300.000,-1,575.000,675.000,-1,725.000,700.000,-1,-1,1,0,2,0,2,0,0,0,0,2,0,0,2,0,0,2,2
37,4851.322,-1142.663,-102.660,-114.238,-0.410575,0.911820,0.003484,-0.911787,-0.410519,-0.010841,-0.008455,-0.007628,0.999935,0,0.64000,-0.21057,38.400,-0.421,950.000,400.000,-1,375.000,-1,325.000,325.000,300.000,300.000,-1,575.000,700.000,-1,725.000,700.000,-1,-1,1,0,2,0,2,0,0,0,0,2,0,0,2,0,0,2,2
38,4833.303,-1181.925,-103.080,-114.652,-0.417166,0.908817,0.005042,-0.908795,-0.417094,-0.011160,-0.008039,-0.009238,0.999925,0,0.72000,-0.20708,43.200,-0.414,950.000,375.000,-1,375.000,-1,325.000,325.000,275.000,300.000,-1,600.000,725.000,-1,725.000,700.000,-1,-1,1,0,2,0,2,0,0,0,0,2,0,0,2,0,0,2,2
39,4812.973,-1225.407,-103.486,-115.058,-0.423606,0.905823,0.006455,-0.905813,-0.423519,-0.011589,-0.007764,-0.010756,0.999912,0,0.80000,-0.20307,48.000,-0.406,925.000,375.000,-1,375.000,-1,325.000,300.000,275.000,300.000,-1,625.000,750.000,-1,725.000,700.000,-1,-1,1,0,2,0,2,0,0,0,0,2,0,0,2,0,0,2,2
40,4791.420,-1270.684,-103.613,-115.455,-0.429866,0.902864,0.007208,-0.902869,-0.429783,-0.010656,-0.006523,-0.011089,0.999917,0,0.83574,-0.19850,50.145,-0.397,950.000,375.000,-1,375.000,-1,325.000,325.000,300.000,300.000,-1,625.000,775.000,-1,725.000,700.000,-1,-1,1,0,2,0,2,0,0,0,0,2,0,0,2,0,0,2,2
41,4769.514,-1315.913,-103.732,-115.843,-0.435950,0.899936,0.007918,-0.899956,-0.435874,-0.009689,-0.005268,-0.011349,0.999922,0,0.83759,-0.19360,50.255,-0.387,1000.000,375.000,-1,375.000,-1,325.000,325.000,300.000,300.000,-1,650.000,800.000,-1,725.000,700.000,-1,-1,1,0,2,0,2,0,0,0,0,2,0,0,2,0,0,2,2
42,4747.270,-1361.080,-103.859,-116.220,-0.441854,0.897045,0.008615,-0.897078,-0.441786,-0.008759,-0.004051,-0.011599,0.999925,0,0.83912,-0.18855,50.347,-0.377,-1,375.000,-1,375.000,-1,325.000,325.000,300.000,300.000,-1,650.000,825.000,-1,725.000,725.000,-1,-1,2,0,2,0,2,0,0,0,0,2,0,0,2,0,0,2,2
43,4724.704,-1406.168,-103.949,-116.587,-0.447579,0.894195,0.009383,-0.894239,-0.447517,-0.008049,-0.002998,-0.011993,0.999924,0,0.84033,-0.18336,50.420,-0.367,-1,375.000,-1,375.000,-1,325.000,325.000,300.000,300.000,-1,675.000,825.000,-1,725.000,725.000,-1,-1,2,0,2,0,2,0,0,0,0,2,0,0,2,0,0,2,2
44,4701.835,-1451.163,-104.018,-116.943,-0.453120,0.891391,0.010187,-0.891447,-0.453063,-0.007499,-0.002069,-0.012479,0.999920,0,0.84121,-0.17805,50.473,-0.356,-1,375.000,-1,375.000,-1,325.000,325.000,300.000,300.000,-1,675.000,850.000,-1,725.000,725.000,-1,-1,2,0,2,0,2,0,0,0,0,2,0,0,2,0,0,2,2
45,4678.680,-1496.048,-104.031,-117.288,-0.458473,0.888637,0.011266,-0.888708,-0.458422,-0.006922,-0.000987,-0.013185,0.999913,0,0.84176,-0.17263,50.506,-0.345,-1,400.000,-1,375.000,-1,325.000,325.000,300.000,300.000,-1,700.000,850.000,-1,725.000,725.000,-1,-1,2,0,2,0,2,0,0,0,0,2,0,0,2,0,0,2,2
46,4655.258,-1540.808,-104.034,-117.622,-0.463636,0.885939,0.012405,-0.886026,-0.463593,-0.006364,0.000113,-0.013942,0.999903,0,0.84197,-0.16711,50.518,-0.334,-1,400.000,-1,375.000,-1,325.000,325.000,300.000,300.000,-1,700.000,850.000,-1,725.000,750.000,-1,-1,2,0,2,0,2,0,0,0,0,2,0,0,2,0,0,2,2
47,4631.588,-1585.429,-104.045,-117.945,-0.468610,0.883302,0.013521,-0.883404,-0.468575,-0.005840,0.001177,-0.014681,0.999892,0,0.84183,-0.16152,50.510,-0.323,-1,400.000,-1,400.000,-1,325.000,325.000,300.000,300.000,-1,700.000,850.000,-1,725.000,750.000,-1,-1,2,0,2,0,2,0,0,0,0,2,0,0,2,0,0,2,2
48,4610.109,-1625.778,-103.999,-118.028,-0.469873,0.882609,0.014836,-0.882731,-0.469848,-0.005345,0.002253,-0.015608,0.999876,0,0.76183,-0.04152,45.710,-0.083,-1,400.000,-1,400.000,-1,325.000,325.000,300.000,300.000,-1,725.000,875.000,-1,700.000,750.000,-1,-1,2,0,2,0,2,0,0,0,0,2,0,0,2,0,0,2,2
49,4590.946,-1661.922,-103.973,-117.931,-0.468366,0.883390,0.015971,-0.883529,-0.468350,-0.004923,0.003131,-0.016416,0.999860,0,0.68183,0.04841,40.910,0.097,-1,400.000,-1,400.000,-1,325.000,325.000,300.000,300.000,-1,725.000,875.000,-1,700.000,750.000,-1,-1,2,0,2,0,2,0,0,0,0,2,0,0,2,0,0,2,2
50,4574.091,-1693.856,-103.960,-117.826,-0.466728,0.884239,0.016926,-0.884392,-0.466722,-0.004555,0.003872,-0.017095,0.999846,0,0.60183,0.05260,36.110,0.105,-1,400.000,-1,400.000,-1,325.000,325.000,300.000,300.000,-1,725.000,900.000,-1,700.000,750.000,-1,-1,2,0,2,0,2,0,0,0,0,2,0,0,2,0,0,2,2
51,4557.368,-1725.691,-103.957,-117.714,-0.464975,0.885144,0.017833,-0.885312,-0.464978,-0.004192,0.004581,-0.017737,0.999832,0,0.59934,0.05629,35.960,0.113,-1,375.000,-1,400.000,-1,325.000,325.000,300.000,300.000,-1,750.000,900.000,-1,700.000,750.000,-1,-1,2,0,2,0,2,0,0,0,0,2,0,0,2,0,0,2,2
52,4540.728,-1757.528,-103.962,-117.594,-0.463106,0.886106,0.018694,-0.886287,-0.463120,-0.003834,0.005261,-0.018344,0.999818,0,0.59871,0.05996,35.923,0.120,-1,375.000,-1,400.000,-1,325.000,325.000,300.000,300.000,-1,750.000,900.000,-1,700.000,750.000,-1,-1,2,0,2,0,2,0,0,0,0,2,0,0,2,0,0,2,2
53,4524.180,-1789.362,-103.902,-117.466,-0.461128,0.887128,0.019125,-0.887316,-0.461149,-0.003555,0.005666,-0.018609,0.999811,0,0.59797,0.06361,35.878,0.127,-1,375.000,-1,400.000,-1,325.000,325.000,300.000,300.000,-1,775.000,925.000,-1,700.000,750.000,-1,-1,2,0,2,0,2,0,0,0,0,2,0,0,2,0,0,2,2
54,4507.731,-1821.189,-103.732,-117.332,-0.459045,0.888212,0.018910,-0.888395,-0.459068,-0.003401,0.005661,-0.018361,0.999815,0,0.59711,0.06724,35.827,0.134,-1,375.000,-1,400.000,-1,325.000,325.000,300.000,300.000,-1,800.000,975.000,-1,700.000,750.000,-1,-1,2,0,2,0,2,0,0,0,0,2,0,0,2,0,0,2,2
55,4491.385,-1853.004,-103.559,-117.192,-0.456882,0.889333,0.018584,-0.889510,-0.456905,-0.003268,0.005584,-0.018024,0.999822,0,0.59614,0.06981,35.768,0.140,-1,375.000,-1,400.000,-1,325.000,325.000,300.000,300.000,-1,850.000,1000.000,-1,700.000,750.000,-1,-1,2,0,2,0,2,0,0,0,0,2,0,0,2,0,0,2,2
56,4475.149,-1884.802,-103.395,-117.049,-0.454658,0.890479,0.018232,-0.890649,-0.454681,-0.003106,0.005524,-0.017651,0.999829,0,0.59505,0.07167,35.703,0.143,-1,375.000,-1,400.000,-1,325.000,325.000,300.000,300.000,-1,900.000,-1,-1,700.000,750.000,-1,-1,2,0,2,0,2,0,0,0,0,2,0,2,2,0,0,2,2
57,4459.027,-1916.577,-103.089,-116.902,-0.452371,0.891657,0.017526,-0.891810,-0.452405,-0.002192,0.005975,-0.016621,0.999844,0,0.59386,0.07343,35.632,0.147,-1,375.000,-1,400.000,-1,325.000,325.000,300.000,300.000,-1,925.000,-1,-1,700.000,750.000,-1,-1,2,0,2,0,2,0,0,0,0,2,0,2,2,0,0,2,2
58,4443.023,-1948.325,-102.800,-116.752,-0.450031,0.892855,0.016808,-0.892990,-0.450075,-0.001287,0.006415,-0.015589,0.999858,0,0.59256,0.07507,35.554,0.150,-1,375.000,-1,400.000,-1,325.000,325.000,300.000,300.000,-1,950.000,-1,-1,700.000,750.000,-1,-1,2,0,2,0,2,0,0,0,0,2,0,2,2,0,0,2,2
59,4427.141,-1980.041,-102.528,-116.599,-0.447641,0.894069,0.016079,-0.894187,-0.447693,-0.000394,0.006846,-0.014554,0.999871,0,0.59117,0.07660,35.470,0.153,-1,375.000,-1,400.000,-1,325.000,325.000,300.000,300.000,-1,975.000,-1,-1,700.000,750.000,-1,-1,2,0,2,0,2,0,0,0,0,2,0,2,2,0,0,2,2
60,4411.386,-2011.720,-102.272,-116.443,-0.445204,0.895298,0.015338,-0.895400,-0.445263,0.000489,0.007267,-0.013516,0.999882,0,0.58968,0.07801,35.381,0.156,-1,375.000,-1,400.000,-1,325.000,325.000,300.000,300.000,-1,1000.000,-1,-1,700.000,750.000,-1,-1,2,0,2,0,2,0,0,0,0,2,0,2,2,0,0,2,2
61,4393.441,-2047.671,-101.971,-116.527,-0.446516,0.894657,0.014563,-0.894742,-0.446581,0.001379,0.007737,-0.012415,0.999893,0,0.66968,-0.04199,40.181,-0.084,-1,375.000,-1,400.000,-1,325.000,325.000,300.000,300.000,-1,-1,-1,-1,700.000,750.000,-1,-1,2,0,2,0,2,0,0,0,0,2,2,2,2,0,0,2,2
62,4373.187,-2087.834,-101.598,-116.761,-0.450175,0.892833,0.013819,-0.892903,-0.450244,0.002136,0.008129,-0.011377,0.999902,0,0.74968,-0.11722,44.981,-0.234,-1,375.000,-1,400.000,-1,325.000,325.000,300.000,300.000,-1,-1,-1,-1,700.000,750.000,-1,-1,2,0,2,0,2,0,0,0,0,2,2,2,2,0,0,2,2
63,4350.592,-2132.191,-101.133,-116.993,-0.453784,0.891011,0.013364,-0.891068,-0.453859,0.003033,0.008768,-0.010532,0.999906,0,0.82968,-0.11599,49.781,-0.232,-1,375.000,-1,400.000,-1,325.000,325.000,300.000,300.000,-1,-1,-1,-1,700.000,750.000,-1,-1,2,0,2,0,2,0,0,0,0,2,2,2,2,0,0,2,2
64,4325.624,-2180.726,-100.460,-117.223,-0.457342,0.889186,0.013693,-0.889237,-0.457430,0.004012,0.009831,-0.010342,0.999898,0,0.90968,-0.11490,54.581,-0.230,-1,375.000,-1,400.000,-1,325.000,325.000,300.000,300.000,-1,-1,-1,-1,700.000,750.000,-1,-1,2,0,2,0,2,0,0,0,0,2,2,2,2,0,0,2,2
65,4300.478,-2229.131,-99.778,-117.451,-0.460866,0.887358,0.014104,-0.887405,-0.460966,0.004771,0.010735,-0.010317,0.999889,0,0.90910,-0.11405,54.546,-0.228,-1,375.000,-1,400.000,-1,325.000,325.000,300.000,300.000,-1,-1,-1,-1,700.000,750.000,-1,-1,2,0,2,0,2,0,0,0,0,2,2,2,2,0,0,2,2
66,4275.251,-2277.227,-99.138,-117.678,-0.464368,0.885524,0.014503,-0.885566,-0.464481,0.005508,0.011614,-0.010286,0.999880,0,0.90517,-0.11357,54.310,-0.227,-1,375.000,-1,400.000,-1,325.000,325.000,300.000,300.000,-1,-1,-1,-1,700.000,750.000,-1,-1,2,0,2,0,2,0,0,0,0,2,2,2,2,0,0,2,2
67,4249.944,-2325.012,-98.537,-117.905,-0.467859,0.883678,0.014891,-0.883715,-0.467984,0.006225,0.012470,-0.010247,0.999870,0,0.90122,-0.11345,54.073,-0.227,-1,375.000,-1,400.000,-1,325.000,325.000,300.000,300.000,-1,-1,-1,-1,700.000,750.000,-1,-1,2,0,2,0,2,0,0,0,0,2,2,2,2,0,0,2,2
68,4224.559,-2372.489,-97.978,-118.132,-0.471350,0.881814,0.015266,-0.881846,-0.471487,0.006922,0.013301,-0.010200,0.999860,0,0.89728,-0.11368,53.837,-0.227,-1,375.000,-1,400.000,-1,325.000,325.000,300.000,300.000,-1,-1,-1,-1,700.000,750.000,-1,-1,2,0,2,0,2,0,0,0,0,2,2,2,2,0,0,2,2
69,4199.095,-2419.660,-97.459,-118.361,-0.474852,0.879927,0.015630,-0.879952,-0.475001,0.007598,0.014110,-0.010145,0.999849,0,0.89342,-0.11427,53.605,-0.229,-1,375.000,-1,400.000,-1,325.000,325.000,300.000,300.000,-1,-1,-1,-1,700.000,750.000,-1,-1,2,0,2,0,2,0,0,0,0,2,2,2,2,0,0,2,2
70,4173.549,-2466.532,-96.864,-118.591,-0.478386,0.878014,0.015434,-0.878028,-0.478538,0.008241,0.014622,-0.009610,0.999847,0,0.88969,-0.11520,53.381,-0.230,-1,375.000,-1,400.000,-1,325.000,325.000,300.000,300.000,-1,-1,-1,-1,700.000,750.000,-1,-1,2,0,2,0,2,0,0,0,0,2,2,2,2,0,0,2,2
71,4147.916,-2513.112,-96.121,-118.824,-0.481967,0.876071,0.014378,-0.876066,-0.482110,0.008904,0.014732,-0.008305,0.999857,0,0.88612,-0.11648,53.167,-0.233,-1,375.000,-1,400.000,-1,325.000,325.000,300.000,300.000,-1,-1,-1,-1,675.000,725.000,-1,-1,2,0,2,0,2,0,0,0,0,2,2,2,2,0,0,2,2
72,4122.188,-2559.410,-95.300,-119.061,-0.485590,0.874089,0.013091,-0.874054,-0.485723,0.010152,0.015233,-0.006512,0.999863,0,0.88277,-0.11808,52.966,-0.236,-1,375.000,-1,400.000,-1,325.000,325.000,300.000,300.000,-1,-1,-1,-1,700.000,725.000,-1,-1,2,0,2,0,2,0,0,0,0,2,2,2,2,0,0,2,2
73,4096.358,-2605.437,-94.398,-119.301,-0.489267,0.872057,0.011569,-0.871984,-0.489386,0.012015,0.016139,-0.004210,0.999861,0,0.87966,-0.12000,52.779,-0.240,-1,375.000,-1,400.000,-1,325.000,325.000,300.000,300.000,-1,-1,-1,-1,700.000,725.000,-1,-1,2,0,2,0,2,0,0,0,0,2,2,2,2,0,0,2,2
74,4070.416,-2651.205,-93.538,-119.545,-0.493007,0.869967,0.010067,-0.869859,-0.493106,0.013883,0.017042,-0.001912,0.999853,0,0.87682,-0.12223,52.609,-0.244,-1,375.000,-1,400.000,-1,325.000,325.000,300.000,300.000,-1,-1,1000.000,-1,700.000,725.000,-1,-1,2,0,2,0,2,0,0,0,0,2,2,0,2,0,0,2,2
75,4044.351,-2696.729,-92.711,-119.795,-0.496816,0.867813,0.008598,-0.867671,-0.496891,0.015723,0.017917,0.000351,0.999839,0,0.87429,-0.12476,52.457,-0.250,-1,375.000,-1,400.000,-1,325.000,325.000,300.000,300.000,-1,-1,975.000,-1,700.000,700.000,-1,-1,2,0,2,0,2,0,0,0,0,2,2,0,2,0,0,2,2
76,4018.149,-2742.021,-91.690,-120.050,-0.500696,0.865590,0.007552,-0.865434,-0.500750,0.016538,0.018097,0.001745,0.999835,0,0.87209,-0.12758,52.325,-0.255,-1,375.000,-1,375.000,-1,325.000,325.000,300.000,300.000,-1,-1,-1,-1,700.000,700.000,-1,-1,2,0,2,0,2,0,0,0,0,2,2,2,2,0,0,2,2
77,3991.797,-2787.097,-90.712,-120.311,-0.504659,0.863294,0.006514,-0.863125,-0.504691,0.017364,0.018278,0.003140,0.999828,0,0.87022,-0.13068,52.213,-0.261,-1,375.000,-1,375.000,-1,325.000,325.000,300.000,300.000,-1,-1,-1,-1,675.000,700.000,-1,-1,2,0,2,0,2,0,0,0,0,2,2,2,2,0,0,2,2
78,3965.281,-2831.971,-89.485,-120.579,-0.508690,0.860922,0.006862,-0.860733,-0.508725,0.018394,0.019327,0.003450,0.999807,0,0.86871,-0.13405,52.123,-0.268,-1,375.000,-1,375.000,-1,325.000,325.000,300.000,300.000,875.000,-1,-1,-1,675.000,700.000,-1,-1,2,0,2,0,2,0,0,0,0,1,2,2,2,0,0,2,2
79,3938.585,-2876.657,-88.205,-120.854,-0.512810,0.858468,0.007668,-0.858254,-0.512856,0.019482,0.020657,0.003410,0.999781,0,0.86756,-0.13767,52.054,-0.275,-1,375.000,-1,375.000,-1,325.000,325.000,300.000,300.000,850.000,-1,975.000,-1,675.000,700.000,-1,-1,2,0,2,0,2,0,0,0,0,1,2,0,2,0,0,2,2
80,3911.692,-2921.172,-86.945,-121.138,-0.517031,0.855924,0.008591,-0.855683,-0.517092,0.020577,0.022055,0.003288,0.999751,0,0.86678,-0.14154,52.007,-0.283,-1,375.000,-1,375.000,-1,325.000,325.000,300.000,300.000,850.000,-1,925.000,-1,675.000,700.000,-1,-1,2,0,2,0,2,0,0,0,0,1,2,0,2,0,0,2,2
81,3884.587,-2965.528,-85.704,-121.429,-0.521357,0.853284,0.009632,-0.853014,-0.521437,0.021678,0.023520,0.003085,0.999719,0,0.86637,-0.14566,51.982,-0.291,975.000,375.000,-1,375.000,-1,325.000,325.000,300.000,300.000,850.000,-1,875.000,-1,675.000,700.000,-1,-1,1,0,2,0,2,0,0,0,0,1,2,0,2,0,0,2,2
82,3857.250,-3009.739,-84.466,-121.729,-0.525797,0.850543,0.010713,-0.850243,-0.525898,0.022771,0.025001,0.002865,0.999683,0,0.86633,-0.15000,51.980,-0.300,950.000,375.000,-1,375.000,-1,325.000,325.000,300.000,300.000,875.000,950.000,850.000,-1,675.000,700.000,975.000,-1,1,0,2,0,2,0,0,0,0,1,0,0,2,0,0,1,2
83,3829.666,-3053.819,-83.212,-122.038,-0.530357,0.847693,0.011737,-0.847362,-0.530480,0.023845,0.026440,0.002701,0.999647,0,0.86665,-0.15457,51.999,-0.309,900.000,375.000,-1,375.000,-1,325.000,325.000,300.000,300.000,900.000,925.000,825.000,-1,675.000,700.000,950.000,-1,1,0,2,0,2,0,0,0,0,1,0,0,2,0,0,1,2
84,3801.814,-3097.779,-81.867,-122.357,-0.535052,0.844729,0.012326,-0.844368,-0.535186,0.024860,0.027596,0.002893,0.999615,0,0.86734,-0.15935,52.040,-0.319,850.000,375.000,-1,375.000,-1,325.000,325.000,300.000,300.000,900.000,900.000,825.000,-1,675.000,700.000,900.000,-1,1,0,2,0,2,0,0,0,0,1,0,0,2,0,0,1,2
85,3773.677,-3141.631,-80.399,-122.685,-0.539894,0.841643,0.012312,-0.841255,-0.540022,0.025804,0.028366,0.003574,0.999591,0,0.86838,-0.16434,52.103,-0.329,825.000,375.000,-1,375.000,-1,325.000,325.000,300.000,300.000,925.000,925.000,825.000,-1,675.000,675.000,850.000,-1,1,0,2,0,2,0,0,0,0,1,0,0,2,0,0,1,2
86,3742.604,-3189.302,-78.806,-123.098,-0.545938,0.837734,0.012409,-0.837313,-0.546062,0.026888,0.029301,0.004289,0.999561,0,0.94838,-0.20612,56.903,-0.412,775.000,375.000,-1,375.000,-1,300.000,300.000,300.000,300.000,950.000,925.000,850.000,-1,650.000,675.000,800.000,-1,1,0,2,0,2,0,0,0,0,1,0,0,2,0,0,1,2
87,3710.972,-3237.093,-76.866,-123.501,-0.551842,0.833862,0.012072,-0.833354,-0.551937,0.029777,0.031493,0.006372,0.999484,0,0.95519,-0.20157,57.312,-0.403,725.000,375.000,-1,375.000,-1,300.000,300.000,300.000,300.000,975.000,900.000,825.000,-1,650.000,675.000,775.000,-1,1,0,2,0,2,0,0,0,0,1,0,0,2,0,0,1,2
88,3678.845,-3284.913,-74.926,-123.894,-0.557576,0.830040,0.011886,-0.829436,-0.557640,0.032756,0.033817,0.008405,0.999393,0,0.96016,-0.19667,57.610,-0.393,675.000,375.000,-1,375.000,-1,300.000,300.000,300.000,300.000,1000.000,800.000,700.000,-1,675.000,675.000,725.000,-1,1,0,2,0,2,0,0,0,0,1,0,0,2,0,0,1,2
89,3646.241,-3332.751,-72.988,-124.277,-0.563134,0.826281,0.011852,-0.825569,-0.563163,0.035822,0.036274,0.010388,0.999288,0,0.96486,-0.19140,57.891,-0.383,650.000,375.000,-1,375.000,-1,300.000,300.000,300.000,300.000,-1,700.000,600.000,-1,675.000,675.000,675.000,-1,1,0,2,0,2,0,0,0,0,2,0,0,2,1,0,1,2
90,3613.179,-3380.592,-70.832,-124.648,-0.568486,0.822602,0.012270,-0.821805,-0.568501,0.037989,0.038225,0.011513,0.999203,0,0.96923,-0.18576,58.154,-0.372,600.000,375.000,-1,375.000,-1,300.000,300.000,300.000,300.000,-1,650.000,550.000,-1,625.000,675.000,650.000,-1,1,0,2,0,2,0,0,0,0,2,0,0,2,1,0,1,2
91,3579.678,-3428.422,-68.465,-125.008,-0.573620,0.819016,0.013115,-0.818159,-0.573649,0.039272,0.039688,0.011797,0.999142,0,0.97325,-0.17971,58.395,-0.359,550.000,375.000,-1,375.000,-1,300.000,300.000,300.000,300.000,-1,650.000,575.000,-1,600.000,675.000,600.000,-1,1,0,2,0,2,0,0,0,0,2,0,0,2,1,0,1,2
92,3548.509,-3472.715,-66.094,-125.135,-0.575428,0.817736,0.013796,-0.816793,-0.575459,0.041191,0.041622,0.012434,0.999056,0,0.90268,-0.06351,54.161,-0.127,500.000,375.000,-1,375.000,-1,300.000,300.000,300.000,300.000,-1,625.000,550.000,-1,575.000,675.000,550.000,-1,1,0,2,0,2,0,0,0,0,2,0,0,2,1,0,1,2
93,3517.141,-3517.100,-63.495,-125.250,-0.577028,0.816580,0.015371,-0.815528,-0.577098,0.043267,0.044202,0.012431,0.998945,0,0.90584,-0.05748,54.350,-0.115,475.000,375.000,-1,375.000,-1,300.000,300.000,300.000,300.000,-1,600.000,550.000,-1,550.000,675.000,525.000,-1,1,0,2,0,2,0,0,0,0,2,0,0,2,1,0,1,2
94,3485.596,-3561.566,-60.850,-125.352,-0.578426,0.815552,0.017248,-0.814387,-0.578556,0.045246,0.046879,0.012125,0.998827,0,0.90863,-0.05110,54.518,-0.102,425.000,375.000,-1,375.000,-1,300.000,300.000,300.000,300.000,-1,575.000,525.000,-1,550.000,700.000,475.000,-1,1,0,2,0,2,0,0,0,0,2,0,0,2,1,0,1,2
95,3453.900,-3606.099,-58.213,-125.441,-0.579622,0.814660,0.019168,-0.813381,-0.579821,0.047111,0.049493,0.011716,0.998706,0,0.91102,-0.04435,54.661,-0.089,400.000,375.000,-1,375.000,-1,325.000,325.000,300.000,300.000,-1,575.000,525.000,-1,525.000,700.000,450.000,-1,1,0,2,0,2,0,0,0,0,2,0,0,2,1,0,1,2
96,3422.079,-3650.686,-55.586,-125.515,-0.580605,0.813911,0.021129,-0.812520,-0.580882,0.048862,0.052042,0.011202,0.998582,0,0.91296,-0.03721,54.777,-0.074,350.000,375.000,-1,375.000,-1,325.000,325.000,300.000,300.000,-1,525.000,525.000,-1,525.000,700.000,400.000,-1,1,1,2,0,2,0,0,0,0,2,0,0,2,1,0,1,2
97,3390.161,-3695.310,-52.968,-125.575,-0.581365,0.813314,0.023127,-0.811814,-0.581728,0.050498,0.054524,0.010583,0.998456,0,0.91440,-0.02967,54.864,-0.059,325.000,350.000,-1,375.000,-1,325.000,325.000,300.000,300.000,-1,475.000,475.000,-1,525.000,725.000,350.000,-1,1,1,2,0,2,0,0,0,0,2,0,0,2,1,0,1,2
98,3358.178,-3739.954,-50.134,-125.618,-0.581950,0.812871,0.023985,-0.811280,-0.582344,0.051960,0.056204,0.010779,0.998361,0,0.91529,-0.02173,54.917,-0.043,275.000,350.000,-1,375.000,-1,325.000,325.000,300.000,300.000,-1,450.000,475.000,-1,525.000,725.000,325.000,-1,1,1,2,0,2,1,0,0,0,2,0,0,2,1,0,1,2
99,3326.164,-3784.597,-47.112,-125.645,-0.582309,0.812596,0.024559,-0.810923,-0.582721,0.053294,0.057618,0.011118,0.998277,0,0.91559,-0.01336,54.935,-0.027,250.000,325.000,-1,375.000,-1,300.000,325.000,300.000,300.000,-1,475.000,500.000,-1,575.000,750.000,275.000,-1,1,1,2,0,2,1,0,0,0,2,0,0,2,1,0,1,2
100,3294.155,-3829.218,-43.999,-125.654,-0.582396,0.812504,0.025552,-0.810747,-0.582851,0.054535,0.059203,0.011045,0.998185,0,0.91524,-0.00458,54.914,-0.009,200.000,325.000,-1,400.000,-1,300.000,325.000,300.000,300.000,-1,475.000,500.000,-1,750.000,750.000,250.000,-1,1,1,2,0,2,1,0,0,0,2,0,0,2,1,0,1,2
101,3262.193,-3873.797,-38.275,-125.645,-0.582578,0.812456,0.022758,-0.809823,-0.582618,0.068864,0.069209,0.021689,0.997366,0,0.91420,0.00463,54.852,0.009,200.000,375.000,-1,400.000,-1,350.000,350.000,325.000,300.000,-1,425.000,400.000,-1,1000.000,825.000,250.000,-1,1,1,2,0,2,0,0,0,0,2,0,0,2,0,0,1,2
102,3230.316,-3918.308,-32.112,-125.616,-0.582693,0.812464,0.019272,-0.808694,-0.582012,0.085301,0.080521,0.034119,0.996169,0,0.91243,0.01424,54.746,0.028,225.000,450.000,-1,425.000,-1,375.000,375.000,325.000,275.000,-1,375.000,300.000,-1,-1,900.000,325.000,-1,1,1,2,0,2,0,0,1,0,2,0,0,2,2,0,1,2
103,3198.567,-3962.721,-26.653,-125.568,-0.582508,0.812655,0.016633,-0.807904,-0.581109,0.098001,0.089307,0.043649,0.995047,0,0.90988,0.02425,54.593,0.049,225.000,525.000,-1,450.000,-1,400.000,375.000,300.000,275.000,-1,350.000,250.000,975.000,-1,975.000,-1,-1,1,0,2,0,2,0,0,1,0,2,0,0,0,2,0,2,2
104,3166.987,-4007.008,-21.735,-125.498,-0.581989,0.813076,0.014041,-0.807612,-0.579926,0.106999,0.095141,0.050933,0.994160,0,0.90653,0.03463,54.392,0.069,250.000,550.000,-1,475.000,-1,425.000,400.000,275.000,275.000,-1,350.000,225.000,900.000,-1,1000.000,-1,-1,1,0,2,0,2,0,0,1,0,2,0,0,0,2,0,2,2
105,3135.621,-4051.139,-17.327,-125.408,-0.580955,0.813837,0.012690,-0.808001,-0.578528,0.111532,0.098110,0.054541,0.993680,0,0.90236,0.04533,54.142,0.091,275.000,575.000,-1,475.000,-1,425.000,400.000,225.000,275.000,-1,375.000,225.000,875.000,-1,-1,-1,-1,1,0,2,0,2,0,0,1,0,2,0,0,0,2,2,2,2
106,3104.512,-4095.086,-13.624,-125.295,-0.579419,0.814937,0.012292,-0.809009,-0.576903,0.112643,0.098888,0.055323,0.993559,0,0.89738,0.05630,53.843,0.113,350.000,600.000,-1,500.000,-1,450.000,425.000,200.000,275.000,-1,400.000,250.000,900.000,-1,-1,-1,-1,1,0,2,0,2,0,0,1,0,2,0,0,0,2,2,2,2
107,3073.704,-4138.820,-10.624,-125.160,-0.577376,0.816378,0.012810,-0.810624,-0.575041,0.110528,0.097599,0.053432,0.993790,0,0.89160,0.06748,53.496,0.135,-1,600.000,-1,500.000,-1,450.000,425.000,175.000,275.000,-1,425.000,250.000,925.000,-1,-1,-1,-1,2,0,2,0,2,0,0,1,0,2,0,0,0,2,2,2,2
108,3043.240,-4182.316,-8.536,-125.003,-0.574913,0.818109,0.013147,-0.812839,-0.572901,0.105249,0.093637,0.049823,0.994359,0,0.88507,0.07878,53.104,0.158,-1,575.000,-1,475.000,-1,425.000,400.000,150.000,275.000,-1,475.000,300.000,-1,-1,-1,-1,-1,2,0,2,0,2,0,0,1,0,2,0,0,2,2,2,2,2
109,3013.149,-4225.543,-7.128,-124.837,-0.572186,0.819998,0.014358,-0.815423,-0.570692,0.096933,0.087679,0.043756,0.995187,0,0.87785,0.08295,52.671,0.166,-1,550.000,-1,475.000,-1,425.000,400.000,150.000,275.000,-1,525.000,375.000,-1,-1,1000.000,-1,-1,2,0,2,0,2,0,0,1,0,2,0,0,2,2,0,2,2
110,2983.454,-4268.470,-6.379,-124.666,-0.569295,0.821969,0.016452,-0.818254,-0.568437,0.085678,0.079776,0.035314,0.996187,0,0.86998,0.08532,52.199,0.171,-1,525.000,-1,450.000,-1,400.000,375.000,125.000,275.000,-1,650.000,525.000,-1,-1,950.000,-1,-1,2,0,2,0,2,0,0,1,0,2,0,0,2,2,0,2,2
111,2954.176,-4311.071,-6.173,-124.492,-0.566299,0.823968,0.019559,-0.821247,-0.566118,0.071156,0.069703,0.024233,0.997273,0,0.86157,0.08724,51.694,0.174,-1,500.000,-1,450.000,-1,375.000,375.000,100.000,275.000,-1,825.000,750.000,-1,-1,900.000,-1,-1,2,0,2,0,2,0,0,1,0,2,0,0,2,2,0,2,2
112,2925.330,-4353.326,-6.520,-124.314,-0.563303,0.825912,0.023634,-0.824239,-0.563697,0.053628,0.057614,0.010729,0.998281,0,0.85274,0.08871,51.164,0.177,-1,450.000,-1,425.000,-1,350.000,350.000,75.000,275.000,-1,-1,-1,-1,-1,850.000,-1,-1,2,0,2,0,2,0,0,1,0,2,2,2,2,2,0,2,2
113,2896.927,-4395.221,-3.946,-124.135,-0.560924,0.827684,0.017431,-0.826641,-0.561115,0.042611,0.045049,0.009493,0.998940,0,0.84362,0.08972,50.617,0.179,-1,425.000,-1,400.000,-1,325.000,325.000,75.000,275.000,-1,-1,-1,-1,975.000,775.000,-1,-1,2,0,2,0,2,0,0,1,0,2,2,2,2,0,0,2,2
114,2868.969,-4436.747,1.778,-123.954,-0.558812,0.829294,0.000907,-0.828617,-0.558400,0.039791,0.033505,0.021484,0.999208,0,0.83435,0.09027,50.061,0.181,-1,425.000,-1,375.000,-1,325.000,325.000,100.000,275.000,-1,-1,-1,-1,950.000,700.000,-1,-1,2,0,2,0,2,0,0,1,0,2,2,2,2,0,0,2,2
115,2841.452,-4477.899,6.820,-123.773,-0.556367,0.830842,-0.012542,-0.830594,-0.555641,0.037099,0.023855,0.031058,0.999233,0,0.82509,0.09039,49.506,0.181,-1,425.000,-1,375.000,-1,325.000,300.000,125.000,250.000,-1,-1,-1,-1,925.000,675.000,-1,-1,2,0,2,0,2,0,0,1,0,2,2,2,2,0,0,2,2
116,2814.366,-4518.682,11.035,-123.593,-0.553711,0.832398,-0.022749,-0.832565,-0.552901,0.033721,0.015492,0.037612,0.999172,0,0.81597,0.09008,48.958,0.180,-1,425.000,-1,350.000,775.000,325.000,300.000,125.000,250.000,-1,-1,-1,-1,900.000,650.000,-1,-1,2,0,2,0,0,0,0,1,0,2,2,2,2,0,0,2,2
117,2787.918,-4559.142,14.322,-123.173,-0.547442,0.836334,-0.029183,-0.836799,-0.546719,0.029435,0.008662,0.040534,0.999141,0,0.80563,0.21008,48.338,0.420,-1,425.000,-1,350.000,675.000,325.000,300.000,150.000,250.000,-1,-1,-1,-1,900.000,625.000,-1,-1,2,0,2,0,0,0,0,1,0,2,2,2,2,0,0,2,2
118,2762.187,-4599.511,16.935,-122.513,-0.537615,0.842568,-0.032411,-0.843182,-0.537040,0.025134,0.003771,0.040840,0.999159,0,0.79787,0.33008,47.872,0.660,-1,425.000,-1,350.000,625.000,325.000,300.000,150.000,250.000,-1,-1,-1,-1,875.000,600.000,-1,975.000,2,0,2,0,0,0,0,1,0,2,2,2,2,0,0,2,0
119,2737.132,-4639.834,19.028,-121.853,-0.527756,0.848746,-0.033228,-0.849396,-0.527336,0.021052,0.000345,0.039334,0.999226,0,0.79123,0.32983,47.474,0.660,-1,425.000,-1,350.000,625.000,325.000,300.000,150.000,250.000,-1,-1,-1,-1,850.000,600.000,-1,925.000,2,0,2,0,0,0,0,1,0,2,2,2,2,0,0,2,0
120,2712.734,-4680.123,20.539,-121.197,-0.517935,0.854826,-0.031871,-0.855419,-0.517637,0.017628,-0.001428,0.036393,0.999337,0,0.78501,0.32816,47.101,0.656,-1,425.000,-1,350.000,650.000,325.000,300.000,175.000,250.000,350.000,-1,-1,-1,850.000,600.000,-1,950.000,2,0,2,0,0,0,0,1,0,1,2,2,2,0,0,2,0
121,2688.971,-4720.389,21.435,-120.544,-0.508166,0.860787,-0.028529,-0.861258,-0.507942,0.015157,-0.001445,0.032273,0.999478,0,0.77925,0.32621,46.755,0.652,-1,425.000,-1,350.000,700.000,325.000,300.000,175.000,250.000,275.000,-1,-1,-1,850.000,625.000,-1,-1,2,0,2,0,0,0,0,1,0,1,2,2,2,0,0,2,2
122,2665.822,-4760.647,21.883,-119.896,-0.498433,0.866624,-0.022973,-0.866928,-0.498259,0.013160,-0.000042,0.026475,0.999649,0,0.77398,0.32401,46.439,0.648,-1,425.000,-1,350.000,800.000,325.000,300.000,200.000,275.000,250.000,-1,-1,-1,850.000,625.000,-1,-1,2,0,2,0,0,0,0,1,0,1,2,2,2,0,0,2,2
123,2643.268,-4800.913,21.646,-119.253,-0.488705,0.872293,-0.016478,-0.872447,-0.488574,0.011502,0.001982,0.019998,0.999798,0,0.76920,0.32156,46.152,0.643,-1,425.000,-1,375.000,900.000,325.000,325.000,200.000,275.000,225.000,-1,-1,-1,850.000,650.000,-1,-1,2,0,2,0,0,0,0,1,0,1,2,2,2,0,0,2,2
124,2621.286,-4841.201,20.979,-118.616,-0.478979,0.877790,-0.008000,-0.877811,-0.478895,0.010399,0.005297,0.012003,0.999914,0,0.76492,0.31890,45.895,0.638,-1,425.000,-1,375.000,-1,325.000,325.000,225.000,275.000,200.000,-1,-1,-1,850.000,675.000,-1,-1,2,0,2,0,2,0,0,1,0,1,2,2,2,0,0,2,2
125,2599.857,-4881.529,19.894,-117.983,-0.469216,0.883080,0.002382,-0.883028,-0.469215,0.009901,0.009861,0.002543,0.999948,0,0.76112,0.31602,45.667,0.632,-1,425.000,-1,375.000,-1,325.000,325.000,225.000,275.000,200.000,-1,-1,-1,850.000,700.000,-1,-1,2,0,2,0,2,0,0,1,0,1,2,2,2,0,0,2,2
126,2581.233,-4917.906,18.454,-117.111,-0.455566,0.890096,0.013750,-0.890072,-0.455709,0.010060,0.015220,-0.007655,0.999855,0,0.68112,0.43602,40.867,0.872,-1,425.000,-1,400.000,-1,350.000,325.000,225.000,275.000,200.000,-1,-1,-1,850.000,725.000,-1,-1,2,0,2,0,2,0,0,1,0,1,2,2,2,0,0,2,2
127,2563.759,-4953.736,17.340,-115.999,-0.437999,0.898680,0.023030,-0.898769,-0.438304,0.010218,0.019277,-0.016223,0.999683,0,0.66439,0.55602,39.864,1.112,-1,425.000,-1,400.000,-1,350.000,325.000,225.000,275.000,200.000,-1,-1,-1,875.000,750.000,-1,-1,2,0,2,0,2,0,0,1,0,1,2,2,2,0,0,2,2
128,2547.106,-4989.812,18.207,-114.778,-0.418796,0.907813,0.022040,-0.907926,-0.419049,0.008302,0.016773,-0.016533,0.999723,0,0.66224,0.61061,39.734,1.221,-1,425.000,-1,400.000,-1,350.000,325.000,250.000,275.000,200.000,-1,-1,-1,850.000,750.000,-1,-1,2,0,2,0,2,0,0,1,0,1,2,2,2,0,0,2,2
129,2531.242,-5026.172,19.033,-113.573,-0.399650,0.916425,0.021097,-0.916556,-0.399854,0.006402,0.014303,-0.016778,0.999757,0,0.66117,0.60280,39.670,1.206,-1,425.000,-1,400.000,-1,350.000,325.000,250.000,275.000,225.000,-1,-1,-1,850.000,725.000,-1,-1,2,0,2,0,2,0,0,1,0,1,2,2,2,0,0,2,2
130,2516.151,-5062.815,19.817,-112.383,-0.380582,0.924526,0.020199,-0.924671,-0.380741,0.004518,0.011867,-0.016958,0.999786,0,0.66048,0.59482,39.629,1.190,-1,425.000,-1,400.000,-1,350.000,325.000,250.000,275.000,250.000,-1,-1,-1,825.000,725.000,-1,-1,2,0,2,0,2,0,0,1,0,1,2,2,2,0,0,2,2
131,2501.822,-5099.739,20.561,-111.210,-0.361614,0.932127,0.019342,-0.932280,-0.361728,0.002648,0.009465,-0.017075,0.999809,0,0.66012,0.58668,39.607,1.173,-1,400.000,-1,400.000,-1,325.000,325.000,275.000,275.000,275.000,-1,-1,-1,825.000,725.000,-1,-1,2,0,2,0,2,0,0,1,0,1,2,2,2,0,0,2,2
132,2488.242,-5136.944,21.185,-110.053,-0.342756,0.939234,0.018930,-0.939395,-0.342834,0.000929,0.007363,-0.017464,0.999820,0,0.66009,0.57838,39.606,1.157,-1,400.000,-1,400.000,-1,325.000,325.000,275.000,275.000,275.000,-1,-1,-1,825.000,725.000,-1,-1,2,0,2,0,2,0,0,1,0,1,2,2,2,0,0,2,2
133,2475.400,-5174.427,21.589,-108.913,-0.324023,0.945850,0.019436,-0.946031,-0.324076,-0.000442,0.005880,-0.018530,0.999811,0,0.66037,0.56994,39.622,1.140,-1,400.000,-1,400.000,-1,325.000,325.000,275.000,275.000,300.000,-1,-1,-1,800.000,700.000,-1,-1,2,0,2,0,2,0,0,1,0,1,2,2,2,0,0,2,2
