timestep,x_cm,y_cm,z_cm,yaw_deg,basis_xx,basis_xy,basis_xz,basis_yx,basis_yy,basis_yz,basis_zx,basis_zy,basis_zz,teleport_flag,throttle_cmd,steering_cmd,cmd_move_cm,cmd_turn_deg,lidar_cm_0,lidar_cm_1,lidar_cm_2,lidar_cm_3,lidar_cm_4,lidar_cm_5,lidar_cm_6,lidar_cm_7,lidar_cm_8,lidar_cm_9,lidar_cm_10,lidar_cm_11,lidar_cm_12,lidar_cm_13,lidar_cm_14,lidar_cm_15,lidar_cm_16,lidar_class_0,lidar_class_1,lidar_class_2,lidar_class_3,lidar_class_4,lidar_class_5,lidar_class_6,lidar_class_7,lidar_class_8,lidar_class_9,lidar_class_10,lidar_class_11,lidar_class_12,lidar_class_13,lidar_class_14,lidar_class_15,lidar_class_16
0,9507.128,-1637.010,-1.814,144.047,-0.808845,-0.586947,0.035535,0.584817,-0.809268,-0.055449,0.061303,-0.024068,0.997829,1,0.08000,-0.10752,4.800,-0.215,-1,275.000,450.000,225.000,375.000,225.000,200.000,300.000,375.000,-1,525.000,900.000,-1,375.000,300.000,-1,300.000,2,1,1,1,1,1,1,0,0,2,0,1,2,1,1,2,1
1,9499.377,-1631.344,-0.935,143.833,-0.806668,-0.589949,0.035323,0.587689,-0.807030,-0.057662,0.062524,-0.025755,0.997711,0,0.16000,-0.10730,9.600,-0.215,-1,250.000,450.000,225.000,350.000,200.000,200.000,300.000,375.000,-1,475.000,900.000,-1,375.000,300.000,-1,300.000,2,1,1,1,1,1,1,0,0,2,0,1,2,1,1,2,1
2,9487.784,-1622.803,0.442,143.618,-0.804498,-0.592919,0.035058,0.590438,-0.804754,-0.061262,0.064537,-0.028585,0.997506,0,0.24000,-0.10721,14.400,-0.214,-1,250.000,425.000,225.000,350.000,200.000,200.000,275.000,400.000,-1,425.000,825.000,-1,375.000,300.000,-1,275.000,2,1,1,1,1,1,1,0,0,2,0,0,2,1,1,2,1
3,9472.368,-1611.356,2.684,143.404,-0.802245,-0.595880,0.036462,0.593048,-0.802465,-0.065915,0.068537,-0.031256,0.997159,0,0.32000,-0.10725,19.200,-0.215,-1,250.000,425.000,225.000,350.000,200.000,200.000,300.000,400.000,-1,325.000,600.000,-1,375.000,300.000,-1,275.000,2,1,1,1,1,1,1,0,0,2,0,0,2,1,1,2,1
4,9453.152,-1596.975,6.201,143.189,-0.799780,-0.598864,0.041410,0.595483,-0.800196,-0.071311,0.075841,-0.032374,0.996594,0,0.40000,-0.10742,24.000,-0.215,-1,250.000,425.000,225.000,325.000,200.000,200.000,300.000,400.000,-1,250.000,425.000,-1,425.000,275.000,-1,275.000,2,1,1,1,1,1,1,0,0,2,0,0,2,1,1,2,1
5,4263.561,5575.425,-279.453,-51.677,0.620113,0.784375,-0.014663,-0.784511,0.619967,-0.013551,-0.001538,0.019906,0.999801,1,0.00000,0.00000,28.800,-0.215,-1,375.000,-1,375.000,-1,325.000,325.000,300.000,300.000,-1,675.000,675.000,-1,725.000,650.000,-1,-1,2,0,2,0,2,0,0,0,0,2,0,0,2,0,0,2,2
6,4266.553,5571.672,-279.465,-51.437,0.623390,0.781771,-0.014781,-0.781910,0.623247,-0.013445,-0.001299,0.019939,0.999800,0,0.08000,0.12000,4.800,0.240,-1,375.000,-1,375.000,-1,325.000,325.000,300.000,300.000,-1,650.000,650.000,-1,725.000,650.000,-1,-1,2,0,2,0,2,0,0,0,0,2,0,0,2,0,0,2,2
7,4272.600,5564.216,-279.489,-50.957,0.629912,0.776521,-0.015017,-0.776666,0.629773,-0.013239,-0.000823,0.020002,0.999800,0,0.16000,0.24000,9.600,0.480,-1,375.000,-1,375.000,-1,325.000,325.000,300.000,300.000,-1,650.000,650.000,-1,725.000,650.000,-1,-1,2,0,2,0,2,0,0,0,0,2,0,0,2,0,0,2,2
8,4281.811,5553.147,-279.519,-50.237,0.639611,0.768545,-0.015374,-0.768699,0.639480,-0.012938,-0.000112,0.020093,0.999798,0,0.24000,0.36000,14.400,0.720,-1,375.000,-1,375.000,-1,325.000,325.000,300.000,300.000,-1,650.000,650.000,-1,725.000,650.000,-1,-1,2,0,2,0,2,0,0,0,0,2,0,0,2,0,0,2,2
9,4294.337,5538.596,-279.553,-49.277,0.652386,0.757721,-0.015855,-0.757887,0.652266,-0.012554,0.000829,0.020207,0.999795,0,0.32000,0.48000,19.200,0.960,-1,375.000,-1,375.000,-1,325.000,325.000,300.000,300.000,-1,625.000,625.000,-1,725.000,650.000,-1,-1,2,0,2,0,2,0,0,0,0,2,0,0,2,0,0,2,2
10,4310.372,5520.739,-279.582,-48.077,0.668096,0.743893,-0.016463,-0.744072,0.667989,-0.012103,0.001994,0.020335,0.999791,0,0.40000,0.60000,24.000,1.200,-1,375.000,-1,375.000,-1,325.000,325.000,300.000,300.000,-1,600.000,625.000,-1,725.000,650.000,-1,-1,2,0,2,0,2,0,0,0,0,2,0,0,2,0,0,2,2
11,4330.118,5499.773,-279.543,-46.716,0.685562,0.727817,-0.016937,-0.728007,0.685472,-0.011581,0.003181,0.020270,0.999789,0,0.48000,0.68056,28.800,1.361,-1,375.000,-1,375.000,-1,325.000,325.000,300.000,300.000,-1,600.000,625.000,-1,725.000,650.000,-1,-1,2,0,2,0,2,0,0,0,0,2,0,0,2,0,0,2,2
12,4353.728,5475.867,-279.362,-45.357,0.702622,0.711361,-0.016987,-0.711551,0.702549,-0.010959,0.004138,0.019787,0.999796,0,0.56000,0.67955,33.600,1.359,-1,375.000,-1,375.000,-1,325.000,325.000,300.000,300.000,-1,600.000,625.000,-1,725.000,650.000,-1,-1,2,0,2,0,2,0,0,0,0,2,0,0,2,0,0,2,2
13,4381.350,5449.192,-279.134,-44.000,0.719257,0.694534,-0.017095,-0.694725,0.719202,-0.010271,0.005161,0.019263,0.999801,0,0.64000,0.67838,38.400,1.357,-1,375.000,-1,375.000,-1,325.000,325.000,300.000,300.000,-1,625.000,650.000,-1,725.000,650.000,-1,-1,2,0,2,0,2,0,0,0,0,2,0,0,2,0,0,2,2
14,4413.126,5419.925,-278.856,-42.646,0.735458,0.677351,-0.017263,-0.677542,0.735422,-0.009525,0.006244,0.018701,0.999806,0,0.72000,0.67706,43.200,1.354,-1,375.000,-1,375.000,-1,325.000,325.000,300.000,300.000,-1,650.000,675.000,-1,725.000,650.000,-1,-1,2,0,2,0,2,0,0,0,0,2,0,0,2,0,0,2,2
15,4449.189,5388.248,-278.519,-41.295,0.751212,0.659829,-0.017492,-0.660019,0.751198,-0.008729,0.007380,0.018103,0.999809,0,0.80000,0.67557,48.000,1.351,-1,375.000,-1,375.000,-1,325.000,325.000,300.000,300.000,-1,650.000,700.000,-1,725.000,650.000,-1,-1,2,0,2,0,2,0,0,0,0,2,0,0,2,0,0,2,2
16,4488.681,5355.172,-278.128,-39.947,0.766512,0.641984,-0.017773,-0.642174,0.766518,-0.007912,0.008544,0.017478,0.999811,0,0.85856,0.67390,51.514,1.348,-1,375.000,-1,375.000,-1,325.000,325.000,300.000,300.000,-1,675.000,725.000,-1,725.000,650.000,-1,-1,2,0,2,0,2,0,0,0,0,2,0,0,2,0,0,2,2
17,4528.954,5323.019,-277.622,-38.603,0.781341,0.623830,-0.018519,-0.624025,0.781371,-0.007228,0.009961,0.017204,0.999802,0,0.85890,0.67208,51.534,1.344,-1,375.000,-1,375.000,-1,325.000,325.000,300.000,300.000,-1,700.000,750.000,-1,725.000,650.000,-1,-1,2,0,2,0,2,0,0,0,0,2,0,0,2,0,0,2,2
18,4569.987,5291.802,-276.858,-37.263,0.795692,0.605390,-0.019412,-0.605582,0.795763,-0.005632,0.012038,0.016237,0.999796,0,0.85928,0.67023,51.557,1.340,-1,375.000,-1,375.000,-1,325.000,325.000,300.000,300.000,-1,675.000,750.000,-1,725.000,650.000,-1,-1,2,0,2,0,2,0,0,0,0,2,0,0,2,0,0,2,2
19,4611.757,5261.537,-275.984,-35.926,0.809567,0.586673,-0.020373,-0.586852,0.809686,-0.003704,0.014323,0.014955,0.999786,0,0.85971,0.66836,51.582,1.337,-1,400.000,-1,375.000,-1,325.000,325.000,300.000,300.000,-1,650.000,725.000,-1,750.000,675.000,-1,-1,2,0,2,0,2,0,0,0,0,2,0,0,2,0,0,2,2
20,4654.243,5232.235,-275.103,-34.593,0.822965,0.567690,-0.021394,-0.567852,0.823128,-0.001926,0.016517,0.013733,0.999769,0,0.86017,0.66647,51.610,1.333,-1,400.000,-1,375.000,-1,325.000,325.000,300.000,300.000,-1,650.000,725.000,-1,750.000,675.000,-1,-1,2,0,2,0,2,0,0,0,0,2,0,0,2,0,0,2,2
21,4700.797,5201.421,-274.079,-33.500,0.833615,0.551896,-0.022293,-0.552034,0.833822,-0.000029,0.018572,0.012331,0.999751,0,0.93047,0.54647,55.828,1.093,-1,400.000,-1,375.000,-1,325.000,325.000,300.000,300.000,-1,625.000,725.000,-1,750.000,675.000,-1,-1,2,0,2,0,2,0,0,0,0,2,0,0,2,0,0,2,2
22,4747.825,5171.291,-273.007,-32.647,0.841713,0.539431,-0.023124,-0.539540,0.841958,0.001724,0.020399,0.011025,0.999731,0,0.93086,0.42647,55.852,0.853,-1,400.000,-1,375.000,-1,325.000,325.000,300.000,300.000,-1,625.000,725.000,-1,750.000,675.000,-1,-1,2,0,2,0,2,0,0,0,0,2,0,0,2,0,0,2,2
23,4795.189,5141.655,-271.776,-32.034,0.847411,0.530398,-0.023910,-0.530485,0.847689,0.003069,0.021896,0.010083,0.999709,0,0.93120,0.30647,55.872,0.613,-1,400.000,-1,375.000,-1,325.000,325.000,300.000,300.000,-1,650.000,725.000,-1,750.000,675.000,-1,-1,2,0,2,0,2,0,0,0,0,2,0,0,2,0,0,2,2
24,4842.761,5112.318,-270.485,-31.661,0.850821,0.524875,-0.024700,-0.524931,0.851132,0.004683,0.023481,0.008981,0.999684,0,0.93151,0.18647,55.891,0.373,-1,400.000,-1,375.000,-1,325.000,325.000,300.000,300.000,-1,650.000,725.000,-1,750.000,700.000,-1,-1,2,0,2,0,2,0,0,0,0,2,0,0,2,0,0,2,2
25,4890.418,5083.081,-269.198,-31.528,0.852012,0.522903,-0.025440,-0.522925,0.852355,0.006297,0.024977,0.007938,0.999657,0,0.93184,0.06647,55.910,0.133,-1,400.000,-1,375.000,-1,325.000,325.000,300.000,300.000,-1,650.000,725.000,-1,750.000,700.000,-1,-1,2,0,2,0,2,0,0,0,0,2,0,0,2,0,0,2,2
26,4938.040,5053.744,-267.917,-31.635,0.851011,0.524499,-0.026109,-0.524485,0.851383,0.007931,0.026389,0.006944,0.999628,0,0.93221,-0.05353,55.932,-0.107,-1,400.000,-1,375.000,-1,325.000,325.000,300.000,300.000,-1,650.000,725.000,-1,750.000,700.000,-1,-1,2,0,2,0,2,0,0,0,0,2,0,0,2,0,0,2,2
27,4985.504,5024.105,-266.643,-31.982,0.847797,0.529649,-0.026684,-0.529596,0.848195,0.009602,0.027719,0.005991,0.999598,0,0.93265,-0.17353,55.959,-0.347,-1,400.000,-1,375.000,-1,325.000,325.000,300.000,300.000,-1,650.000,700.000,-1,750.000,700.000,-1,-1,2,0,2,0,2,0,0,0,0,2,0,0,2,0,0,2,2
28,5032.691,4993.963,-265.381,-32.569,0.842307,0.538315,-0.027139,-0.538220,0.842728,0.011326,0.028967,0.005067,0.999568,0,0.93319,-0.29353,55.991,-0.587,-1,400.000,-1,375.000,-1,325.000,325.000,300.000,300.000,-1,625.000,675.000,-1,750.000,700.000,-1,-1,2,0,2,0,2,0,0,0,0,2,0,0,2,0,0,2,2
29,5079.471,4963.121,-264.015,-33.397,0.834435,0.550424,-0.027394,-0.550302,0.834872,0.012513,0.029758,0.004633,0.999546,0,0.93388,-0.41353,56.033,-0.827,-1,400.000,-1,375.000,-1,325.000,325.000,300.000,300.000,-1,625.000,675.000,-1,750.000,700.000,-1,-1,2,0,2,0,2,0,0,0,0,2,0,0,2,0,0,2,2
30,5125.712,4931.384,-262.539,-34.464,0.824045,0.565878,-0.027049,-0.565725,0.824479,0.013753,0.030084,0.003969,0.999539,0,0.93474,-0.53353,56.085,-1.067,-1,400.000,-1,375.000,-1,325.000,325.000,300.000,300.000,-1,625.000,700.000,-1,750.000,700.000,-1,-1,2,0,2,0,2,0,0,0,0,2,0,0,2,0,0,2,2
31,5171.269,4898.562,-260.919,-35.771,0.810951,0.584540,-0.025905,-0.584348,0.811360,0.015237,0.029925,0.002781,0.999548,0,0.93581,-0.65353,56.149,-1.307,-1,400.000,-1,375.000,-1,325.000,325.000,300.000,300.000,-1,650.000,750.000,-1,750.000,700.000,-1,-1,2,0,2,0,2,0,0,0,0,2,0,0,2,0,0,2,2
32,5216.983,4863.715,-258.945,-37.318,0.794851,0.606232,-0.026378,-0.606019,0.795282,0.016322,0.030873,0.003012,0.999519,0,0.95802,-0.77353,57.481,-1.547,-1,400.000,-1,375.000,-1,325.000,325.000,300.000,300.000,-1,650.000,750.000,-1,750.000,700.000,-1,-1,2,0,2,0,2,0,0,0,0,2,0,0,2,0,0,2,2
33,5261.747,4827.428,-256.918,-39.030,0.776351,0.629717,-0.027142,-0.629486,0.776817,0.017425,0.032057,0.003557,0.999480,0,0.96041,-0.85590,57.624,-1.712,-1,400.000,-1,375.000,1000.000,325.000,325.000,300.000,300.000,-1,650.000,725.000,-1,750.000,700.000,-1,-1,2,0,2,0,1,0,0,0,0,2,0,0,2,0,0,2,2
34,5305.517,4789.719,-254.914,-40.746,0.757111,0.652695,-0.027774,-0.652441,0.757610,0.018662,0.033222,0.003991,0.999440,0,0.96289,-0.85800,57.773,-1.716,-1,400.000,-1,375.000,950.000,325.000,325.000,300.000,300.000,-1,625.000,700.000,-1,750.000,700.000,-1,-1,2,0,2,0,1,0,0,0,0,2,0,0,2,0,0,2,2
35,5348.248,4750.610,-252.879,-42.466,0.737156,0.675143,-0.028003,-0.674857,0.737676,0.020066,0.034204,0.004106,0.999406,0,0.96543,-0.86007,57.926,-1.720,-1,400.000,-1,375.000,925.000,325.000,325.000,300.000,300.000,-1,625.000,700.000,-1,775.000,700.000,-1,-1,2,0,2,0,1,0,0,0,0,2,0,0,2,0,0,2,2
36,5389.896,4710.124,-250.841,-44.190,0.716495,0.697033,-0.027935,-0.696710,0.717028,0.021589,0.035079,0.003994,0.999377,0,0.96804,-0.86211,58.083,-1.724,-1,400.000,-1,375.000,875.000,325.000,325.000,300.000,300.000,-1,650.000,700.000,-1,775.000,700.000,-1,975.000,2,0,2,0,1,0,0,0,0,2,0,0,2,0,0,2,1
37,5430.414,4668.286,-248.834,-45.918,0.695139,0.718341,-0.027722,-0.717976,0.695681,0.023195,0.035948,0.003780,0.999347,0,0.97072,-0.86411,58.243,-1.728,-1,400.000,-1,375.000,825.000,325.000,325.000,300.000,300.000,-1,650.000,700.000,-1,750.000,700.000,-1,925.000,2,0,2,0,1,0,0,0,0,2,0,0,2,0,0,2,1
38,5469.760,4625.120,-246.631,-47.650,0.673108,0.739044,-0.027183,-0.738593,0.673652,0.025965,0.037501,0.002600,0.999293,0,0.97344,-0.86609,58.407,-1.732,-1,400.000,-1,375.000,775.000,325.000,325.000,300.000,300.000,-1,625.000,700.000,-1,750.000,700.000,-1,850.000,2,0,2,0,1,0,0,0,0,2,0,0,2,0,0,2,1
39,5507.889,4580.656,-244.456,-49.386,0.650420,0.759115,-0.026413,-0.758569,0.650955,0.028826,0.039076,0.001287,0.999235,0,0.97623,-0.86803,58.574,-1.736,-1,400.000,-1,375.000,750.000,325.000,325.000,300.000,300.000,-1,575.000,675.000,-1,750.000,700.000,-1,800.000,2,0,2,0,1,0,0,0,0,2,0,0,2,0,0,2,1
40,5544.757,4534.922,-242.314,-51.126,0.627092,0.778531,-0.025409,-0.777883,0.627606,0.031747,0.040663,-0.000143,0.999173,0,0.97906,-0.86996,58.744,-1.740,-1,400.000,-1,375.000,700.000,325.000,325.000,300.000,300.000,-1,550.000,675.000,-1,750.000,700.000,-1,750.000,2,0,2,0,1,0,0,0,0,2,0,0,2,0,1,2,1
41,5580.321,4487.949,-240.061,-52.870,0.603136,0.797267,-0.024343,-0.796542,0.603626,0.034022,0.041818,-0.001130,0.999125,0,0.98195,-0.87186,58.917,-1.744,-1,400.000,-1,375.000,650.000,325.000,325.000,300.000,300.000,-1,525.000,650.000,-1,750.000,650.000,-1,700.000,2,0,2,0,1,0,0,0,0,2,0,0,2,0,1,2,1
42,5614.537,4439.770,-237.503,-54.617,0.578555,0.815304,-0.023534,-0.814564,0.579033,0.034748,0.041957,-0.000934,0.999119,0,0.98488,-0.87374,59.093,-1.747,-1,400.000,-1,375.000,600.000,325.000,325.000,300.000,300.000,-1,550.000,675.000,-1,750.000,625.000,-1,650.000,2,0,2,0,1,0,0,0,0,2,0,0,2,0,1,2,1
43,5647.364,4390.420,-234.975,-56.369,0.553385,0.832618,-0.022631,-0.831862,0.553846,0.035490,0.042084,-0.000813,0.999114,0,0.98784,-0.87562,59.271,-1.751,-1,400.000,-1,375.000,550.000,325.000,325.000,300.000,300.000,-1,600.000,725.000,-1,750.000,575.000,-1,575.000,2,0,2,0,1,0,0,0,0,2,0,0,2,0,1,2,1
44,5678.759,4339.935,-232.210,-58.124,0.527585,0.849190,-0.023035,-0.848409,0.528088,0.036407,0.043081,0.000335,0.999072,0,0.99085,-0.87749,59.451,-1.755,-1,400.000,925.000,375.000,500.000,325.000,325.000,300.000,300.000,-1,600.000,725.000,-1,750.000,525.000,-1,525.000,2,0,1,0,1,0,0,0,0,2,0,0,2,0,1,2,1
45,5708.682,4288.353,-229.446,-59.882,0.501228,0.864996,-0.023497,-0.864187,0.501776,0.037440,0.044176,0.001539,0.999023,0,0.99388,-0.87937,59.633,-1.759,-1,400.000,800.000,375.000,475.000,325.000,325.000,300.000,300.000,-1,625.000,725.000,-1,725.000,500.000,-1,475.000,2,0,1,0,1,0,0,0,0,2,0,0,2,1,1,2,1
46,5737.090,4235.714,-226.711,-61.645,0.474340,0.880018,-0.023868,-0.879176,0.474933,0.038574,0.045281,0.002687,0.998971,0,0.99693,-0.88125,59.816,-1.763,-1,400.000,725.000,350.000,425.000,325.000,325.000,300.000,300.000,-1,625.000,725.000,-1,675.000,450.000,-1,425.000,2,0,1,1,1,0,0,0,0,2,0,0,2,1,1,2,1
47,5763.945,4182.060,-224.007,-63.411,0.446945,0.894236,-0.024143,-0.893357,0.447581,0.039804,0.046400,0.003778,0.998916,0,0.99999,-0.88317,59.999,-1.766,-1,400.000,650.000,325.000,375.000,325.000,325.000,300.000,300.000,-1,650.000,725.000,-1,600.000,400.000,-1,375.000,2,0,1,1,1,0,1,0,0,2,0,0,2,1,1,2,1
48,5789.130,4127.601,-221.342,-65.181,0.419064,0.907631,-0.024316,-0.906712,0.419741,0.041122,0.047530,0.004815,0.998858,0,1.00000,-0.88512,60.000,-1.770,-1,400.000,575.000,300.000,325.000,325.000,275.000,300.000,300.000,-1,650.000,725.000,-1,525.000,375.000,-1,325.000,2,1,1,1,1,1,1,0,0,2,0,0,2,1,1,2,1
49,5812.617,4072.389,-218.716,-66.956,0.390719,0.920187,-0.024383,-0.919222,0.391437,0.042522,0.048673,0.005799,0.998798,0,1.00000,-0.88711,60.000,-1.774,-1,350.000,500.000,275.000,275.000,275.000,250.000,300.000,300.000,-1,675.000,725.000,-1,475.000,325.000,-1,275.000,2,1,1,1,1,1,1,0,0,2,0,0,2,1,1,2,1
50,5834.379,4016.475,-215.928,-68.734,0.361984,0.931890,-0.023430,-0.930883,0.362692,0.043718,0.049238,0.005985,0.998769,0,1.00000,-0.88915,60.000,-1.778,-1,300.000,425.000,225.000,225.000,250.000,225.000,300.000,300.000,-1,700.000,750.000,-1,400.000,275.000,600.000,225.000,2,1,1,1,1,1,1,0,0,2,0,0,2,1,1,1,1
51,5854.390,3959.908,-209.222,-70.517,0.333407,0.942703,-0.012319,-0.940788,0.333522,0.060676,0.061308,-0.008640,0.998081,0,1.00000,-0.89128,60.000,-1.783,-1,275.000,400.000,225.000,200.000,225.000,200.000,300.000,325.000,-1,375.000,525.000,-1,350.000,275.000,500.000,200.000,2,1,1,1,1,1,1,0,0,2,0,0,2,1,1,1,1
52,5872.630,3902.744,-200.642,-72.304,0.305318,0.952238,0.004922,-0.948969,0.303833,0.084517,0.078984,-0.030475,0.996410,0,1.00000,-0.89351,60.000,-1.787,-1,250.000,375.000,200.000,200.000,200.000,200.000,275.000,400.000,900.000,200.000,350.000,-1,300.000,250.000,425.000,200.000,2,1,1,1,1,1,1,0,0,0,0,0,2,1,1,1,1
53,5887.978,3848.141,-192.465,-74.304,0.273897,0.961501,0.022281,-0.957066,0.270201,0.104959,0.094898,-0.050072,0.994227,0,0.94527,-1.00000,56.716,-2.000,-1,225.000,350.000,200.000,200.000,175.000,175.000,275.000,450.000,675.000,150.000,275.000,-1,275.000,250.000,325.000,200.000,2,1,1,1,1,1,1,0,0,0,0,0,2,1,1,1,1
54,8855.086,-4263.560,-35.741,-132.954,-0.681328,0.731804,0.016003,-0.731952,-0.681326,-0.006433,0.006196,-0.016097,0.999851,1,0.00000,0.00000,56.890,-2.000,825.000,375.000,-1,400.000,500.000,325.000,325.000,300.000,300.000,900.000,575.000,725.000,-1,575.000,575.000,700.000,550.000,1,0,2,0,1,0,0,0,0,1,1,1,2,1,1,1,1
55,8858.371,-4260.061,-35.779,-133.194,-0.684388,0.728944,0.015958,-0.729092,-0.684385,-0.006477,0.006200,-0.016068,0.999852,0,-0.08000,-0.12000,-4.800,-0.240,825.000,375.000,-1,400.000,500.000,325.000,325.000,300.000,300.000,925.000,575.000,725.000,-1,575.000,575.000,700.000,575.000,1,0,2,0,1,0,0,0,0,1,1,1,2,1,1,1,1
56,8862.415,-4255.825,-35.831,-133.674,-0.690471,0.723185,0.015900,-0.723333,-0.690469,-0.006526,0.006259,-0.016007,0.999852,0,-0.09761,-0.24000,-5.856,-0.480,800.000,375.000,-1,400.000,500.000,325.000,325.000,300.000,300.000,950.000,575.000,700.000,-1,575.000,575.000,700.000,575.000,1,0,2,0,1,0,0,0,0,1,1,1,2,1,1,1,1
57,8866.499,-4251.655,-35.892,-134.394,-0.699504,0.714453,0.015839,-0.714600,-0.699503,-0.006569,0.006386,-0.015914,0.999853,0,-0.09728,-0.36000,-5.837,-0.720,800.000,375.000,-1,400.000,500.000,325.000,325.000,300.000,300.000,-1,550.000,675.000,-1,600.000,575.000,700.000,575.000,1,0,2,0,1,0,0,0,0,2,1,1,2,1,1,1,1
58,8870.630,-4247.574,-35.961,-135.354,-0.711376,0.702634,0.015774,-0.702780,-0.711376,-0.006605,0.006581,-0.015784,0.999854,0,-0.09677,-0.48000,-5.806,-0.960,775.000,375.000,-1,400.000,500.000,325.000,325.000,300.000,300.000,-1,525.000,650.000,-1,600.000,575.000,700.000,550.000,1,0,2,0,1,0,0,0,0,2,1,1,2,1,1,1,1
59,8874.812,-4243.604,-36.037,-136.495,-0.725222,0.688336,0.015707,-0.688481,-0.725224,-0.006632,0.006826,-0.015624,0.999855,0,-0.09611,-0.57030,-5.767,-1.141,775.000,375.000,-1,400.000,500.000,325.000,325.000,300.000,300.000,-1,500.000,625.000,-1,600.000,575.000,700.000,550.000,1,0,2,0,1,0,0,0,0,2,1,1,2,1,1,1,1
60,8879.039,-4239.749,-36.115,-137.632,-0.738740,0.673809,0.015640,-0.673953,-0.738744,-0.006655,0.007069,-0.015457,0.999856,0,-0.09535,-0.56862,-5.721,-1.137,750.000,375.000,-1,400.000,500.000,325.000,325.000,300.000,300.000,-1,500.000,600.000,-1,600.000,550.000,700.000,550.000,1,0,2,0,1,0,0,0,0,2,1,1,2,1,1,1,1
61,8883.309,-4236.007,-36.196,-138.766,-0.751930,0.659059,0.015573,-0.659202,-0.751936,-0.006673,0.007311,-0.015283,0.999856,0,-0.09463,-0.56696,-5.678,-1.134,750.000,375.000,-1,400.000,500.000,325.000,325.000,300.000,300.000,-1,475.000,575.000,-1,600.000,550.000,700.000,550.000,1,0,2,0,1,0,0,0,0,2,1,1,2,1,1,1,1
62,8887.620,-4232.375,-36.243,-139.897,-0.764786,0.644094,0.015667,-0.644239,-0.764795,-0.006719,0.007654,-0.015232,0.999855,0,-0.09395,-0.56533,-5.637,-1.131,750.000,375.000,-1,400.000,500.000,325.000,325.000,300.000,300.000,-1,450.000,550.000,-1,625.000,550.000,700.000,550.000,1,0,2,0,1,0,0,0,0,2,1,1,2,1,1,1,1
63,8891.973,-4228.854,-36.284,-141.024,-0.777308,0.628921,0.015800,-0.629069,-0.777320,-0.006776,0.008020,-0.015206,0.999852,0,-0.09332,-0.56371,-5.599,-1.127,725.000,375.000,-1,400.000,500.000,325.000,325.000,300.000,300.000,-1,450.000,550.000,-1,625.000,550.000,700.000,550.000,1,0,2,0,1,0,0,0,0,2,1,1,2,1,1,1,1
64,8896.366,-4225.440,-36.327,-142.148,-0.789496,0.613549,0.015930,-0.613699,-0.789511,-0.006836,0.008383,-0.015173,0.999850,0,-0.09273,-0.56212,-5.564,-1.124,725.000,375.000,-1,400.000,500.000,325.000,325.000,300.000,300.000,-1,425.000,525.000,-1,625.000,550.000,700.000,550.000,1,0,2,0,1,0,0,0,0,2,1,1,2,1,1,1,1
65,8900.798,-4222.132,-36.372,-143.269,-0.801346,0.597985,0.016057,-0.598137,-0.801364,-0.006899,0.008742,-0.015132,0.999847,0,-0.09217,-0.56055,-5.530,-1.121,725.000,375.000,-1,400.000,525.000,325.000,325.000,300.000,300.000,-1,425.000,500.000,-1,650.000,550.000,725.000,550.000,1,0,2,0,1,0,0,0,0,2,1,1,2,1,1,1,1
66,8905.269,-4218.930,-36.420,-144.387,-0.812859,0.582236,0.016180,-0.582390,-0.812880,-0.006964,0.009097,-0.015084,0.999845,0,-0.09166,-0.55900,-5.500,-1.118,725.000,375.000,-1,400.000,525.000,325.000,325.000,300.000,300.000,-1,400.000,475.000,-1,650.000,550.000,725.000,550.000,1,0,2,0,1,0,0,0,0,2,1,1,2,1,1,1,1
67,8909.779,-4215.831,-36.469,-145.502,-0.824032,0.566309,0.016299,-0.566465,-0.824056,-0.007033,0.009449,-0.015029,0.999842,0,-0.09119,-0.55747,-5.471,-1.115,725.000,375.000,-1,400.000,525.000,325.000,325.000,300.000,300.000,-1,400.000,475.000,-1,650.000,550.000,725.000,550.000,1,0,2,0,1,0,0,0,0,2,1,1,2,1,1,1,1
68,8914.325,-4212.835,-36.520,-146.614,-0.834864,0.550212,0.016416,-0.550369,-0.834891,-0.007105,0.009796,-0.014966,0.999840,0,-0.09076,-0.55596,-5.445,-1.112,725.000,400.000,-1,400.000,525.000,325.000,325.000,300.000,300.000,-1,375.000,450.000,-1,675.000,550.000,750.000,550.000,1,0,2,0,1,0,0,0,0,2,1,1,2,1,1,1,1
69,8914.872,-4212.491,-36.510,-147.880,-0.846814,0.531636,0.016423,-0.531793,-0.846845,-0.007112,0.010127,-0.014756,0.999840,0,-0.01076,-0.63291,-0.645,-1.266,700.000,400.000,-1,400.000,525.000,325.000,325.000,300.000,300.000,-1,375.000,450.000,-1,675.000,550.000,750.000,550.000,1,0,2,0,1,0,0,0,0,2,1,1,2,1,1,1,1
70,8911.305,-4214.622,-36.446,-149.143,-0.858327,0.512841,0.016368,-0.512997,-0.858361,-0.007067,0.010426,-0.014463,0.999841,0,0.06924,-0.63154,4.155,-1.263,700.000,400.000,-1,400.000,525.000,325.000,325.000,300.000,300.000,-1,375.000,425.000,-1,675.000,550.000,750.000,550.000,1,0,2,0,1,0,0,0,0,2,1,1,2,1,1,1,1
71,8903.519,-4219.045,-36.329,-150.404,-0.869405,0.493832,0.016279,-0.493984,-0.869443,-0.006980,0.010707,-0.014110,0.999843,0,0.14924,-0.63044,8.955,-1.261,700.000,400.000,-1,400.000,525.000,325.000,325.000,300.000,300.000,-1,375.000,425.000,-1,700.000,525.000,750.000,550.000,1,0,2,0,1,0,0,0,0,2,1,1,2,1,1,1,1
72,8891.412,-4225.573,-36.157,-151.663,-0.880048,0.474610,0.016161,-0.474758,-0.880090,-0.006852,0.010971,-0.013702,0.999846,0,0.22924,-0.62957,13.755,-1.259,675.000,400.000,-1,400.000,525.000,325.000,325.000,300.000,300.000,-1,375.000,450.000,-1,700.000,525.000,750.000,525.000,1,0,2,1,1,0,0,0,0,2,1,1,2,1,1,1,1
73,8874.892,-4234.020,-35.927,-152.921,-0.890256,0.455179,0.016021,-0.455322,-0.890302,-0.006686,0.011220,-0.013247,0.999849,0,0.30924,-0.62892,18.555,-1.258,675.000,400.000,975.000,400.000,500.000,325.000,325.000,300.000,300.000,-1,400.000,450.000,-1,675.000,500.000,750.000,500.000,1,0,1,1,1,0,0,0,0,2,1,1,2,1,1,1,1
74,8853.869,-4244.193,-35.638,-154.178,-0.900029,0.435542,0.015865,-0.435680,-0.900078,-0.006485,0.011455,-0.012748,0.999853,0,0.38924,-0.62848,23.355,-1.257,650.000,400.000,925.000,375.000,475.000,325.000,325.000,300.000,300.000,-1,425.000,475.000,-1,675.000,500.000,750.000,500.000,1,0,1,1,1,0,0,0,0,2,1,1,2,1,1,1,1
75,8828.262,-4255.897,-35.286,-155.434,-0.909365,0.415703,0.015699,-0.415836,-0.909418,-0.006251,0.011678,-0.012212,0.999857,0,0.46924,-0.62824,28.155,-1.256,650.000,400.000,875.000,375.000,450.000,325.000,325.000,300.000,300.000,-1,450.000,475.000,-1,625.000,475.000,725.000,450.000,1,0,1,1,1,0,0,0,0,2,1,1,2,1,1,1,1
76,8797.997,-4268.937,-34.871,-156.691,-0.918263,0.395666,0.015529,-0.395792,-0.918321,-0.005988,0.011891,-0.011645,0.999861,0,0.54924,-0.62818,32.955,-1.256,625.000,400.000,825.000,350.000,425.000,325.000,325.000,300.000,300.000,-1,475.000,500.000,-1,600.000,450.000,700.000,425.000,1,0,1,1,1,0,0,0,0,2,1,1,2,1,1,1,1
77,8763.005,-4283.112,-34.391,-157.947,-0.926722,0.375435,0.015360,-0.375554,-0.926783,-0.005699,0.012096,-0.011050,0.999866,0,0.62924,-0.62831,37.755,-1.257,600.000,400.000,775.000,325.000,400.000,325.000,300.000,300.000,300.000,-1,500.000,550.000,-1,575.000,425.000,650.000,400.000,1,0,1,1,1,0,1,0,0,2,1,1,2,1,1,1,1
78,8723.222,-4298.221,-33.844,-159.205,-0.934738,0.355012,0.015199,-0.355124,-0.934804,-0.005389,0.012295,-0.010434,0.999870,0,0.70924,-0.62862,42.555,-1.257,575.000,375.000,700.000,300.000,375.000,325.000,300.000,300.000,300.000,-1,550.000,575.000,-1,525.000,400.000,625.000,350.000,1,1,1,1,1,1,1,0,0,2,1,1,2,1,1,1,1
79,8678.594,-4314.057,-33.229,-160.463,-0.942311,0.334401,0.015050,-0.334506,-0.942380,-0.005060,0.012491,-0.009803,0.999874,0,0.78924,-0.62914,47.355,-1.258,550.000,350.000,650.000,275.000,325.000,300.000,275.000,300.000,300.000,-1,600.000,625.000,-1,500.000,375.000,575.000,325.000,1,1,1,1,1,1,1,0,0,2,1,1,2,1,1,1,1
80,8632.177,-4329.387,-32.587,-161.723,-0.949436,0.313604,0.014929,-0.313703,-0.949509,-0.004739,0.012689,-0.009183,0.999877,0,0.81473,-0.62986,48.884,-1.260,525.000,325.000,575.000,250.000,275.000,275.000,250.000,300.000,300.000,-1,650.000,650.000,-1,450.000,325.000,525.000,275.000,1,1,1,1,1,1,1,0,0,2,1,1,2,1,1,1,1
81,8585.248,-4343.749,-31.943,-162.984,-0.956111,0.292629,0.014856,-0.292721,-0.956188,-0.004393,0.012920,-0.008549,0.999880,0,0.81796,-0.63065,49.078,-1.261,475.000,300.000,525.000,225.000,225.000,250.000,225.000,300.000,300.000,-1,700.000,700.000,-1,400.000,300.000,500.000,225.000,1,1,1,1,1,1,1,0,0,2,1,1,2,1,1,1,1
82,8537.826,-4357.128,-27.498,-164.247,-0.962006,0.271428,0.029516,-0.271932,-0.962206,-0.014611,0.024434,-0.022082,0.999458,0,0.82121,-0.63144,49.272,-1.263,450.000,275.000,525.000,225.000,225.000,225.000,200.000,300.000,325.000,-1,700.000,725.000,-1,375.000,300.000,450.000,225.000,1,1,1,1,1,1,1,0,0,2,1,1,2,1,1,1,1
83,8489.931,-4369.508,-22.668,-165.511,-0.967189,0.250017,0.045143,-0.251346,-0.967533,-0.026569,0.037035,-0.037043,0.998627,0,0.82446,-0.63226,49.468,-1.265,425.000,275.000,500.000,225.000,225.000,225.000,200.000,275.000,375.000,-1,450.000,550.000,-1,375.000,300.000,425.000,225.000,1,1,1,1,1,1,1,0,0,2,0,0,2,1,1,1,1
84,8441.583,-4380.871,-16.950,-166.778,-0.971563,0.228461,0.062218,-0.230905,-0.972335,-0.035324,0.052426,-0.048685,0.997437,0,0.82773,-0.63310,49.664,-1.266,400.000,250.000,525.000,225.000,250.000,225.000,200.000,275.000,400.000,-1,225.000,375.000,-1,350.000,300.000,375.000,225.000,1,1,1,1,1,1,1,0,0,2,0,0,2,1,1,1,1
85,8392.799,-4391.197,-8.177,-168.046,-0.974575,0.206896,0.086007,-0.210161,-0.977184,-0.030719,0.077689,-0.048013,0.995821,0,0.83100,-0.63399,49.860,-1.268,425.000,275.000,-1,225.000,250.000,225.000,200.000,300.000,450.000,825.000,150.000,225.000,-1,375.000,300.000,425.000,225.000,1,1,2,1,1,1,1,1,0,0,0,0,2,1,1,1,1
86,-4919.493,2951.693,-187.298,143.685,-0.805891,-0.592054,-0.003466,0.591644,-0.805527,0.032925,-0.022285,0.024483,0.999452,1,0.00000,0.00000,50.056,-1.270,-1,375.000,-1,375.000,525.000,300.000,300.000,300.000,300.000,-1,625.000,575.000,-1,675.000,675.000,-1,-1,2,0,2,0,1,0,0,0,0,2,0,0,2,0,1,2,2
87,-4923.349,2954.552,-187.416,143.445,-0.803405,-0.595424,-0.003325,0.595020,-0.803042,0.032798,-0.022199,0.024372,0.999456,0,0.08000,-0.12000,4.800,-0.240,-1,375.000,-1,375.000,525.000,300.000,300.000,300.000,300.000,-1,625.000,575.000,-1,675.000,675.000,-1,-1,2,0,2,0,1,0,0,0,0,2,0,0,2,0,1,2,2
88,-4931.034,2960.305,-187.646,143.182,-0.800672,-0.599096,-0.003044,0.598702,-0.800310,0.032546,-0.021934,0.024236,0.999466,0,0.16000,-0.13114,9.600,-0.262,-1,375.000,-1,375.000,500.000,300.000,300.000,300.000,300.000,-1,625.000,550.000,-1,675.000,675.000,-1,-1,2,0,2,0,1,0,0,0,0,2,0,0,2,0,1,2,2
89,-4942.522,2968.988,-187.985,142.919,-0.797912,-0.602768,-0.002624,0.602391,-0.797553,0.032167,-0.021482,0.024086,0.999479,0,0.24000,-0.13161,14.400,-0.263,-1,375.000,-1,375.000,500.000,300.000,300.000,300.000,300.000,-1,625.000,550.000,-1,675.000,675.000,-1,-1,2,0,2,0,1,0,0,0,0,2,0,0,2,0,1,2,2
90,-4957.786,2980.635,-188.430,142.654,-0.795117,-0.606452,-0.002054,0.606098,-0.794760,0.031664,-0.020836,0.023932,0.999496,0,0.32000,-0.13248,19.200,-0.265,-1,375.000,-1,375.000,500.000,300.000,300.000,300.000,300.000,-1,600.000,550.000,-1,675.000,675.000,-1,-1,2,0,2,0,1,0,0,0,0,2,0,0,2,0,1,2,2
91,-4976.798,2995.283,-188.982,142.387,-0.792278,-0.610159,-0.001344,0.609832,-0.791923,0.031034,-0.020000,0.023768,0.999517,0,0.40000,-0.13375,24.000,-0.267,-1,375.000,-1,375.000,475.000,300.000,325.000,300.000,300.000,-1,575.000,550.000,-1,675.000,700.000,-1,-1,2,0,2,0,1,0,0,0,0,2,0,0,2,0,1,2,2
92,-4999.528,3012.968,-189.637,142.116,-0.789385,-0.613898,-0.000497,0.613605,-0.789033,0.030274,-0.018977,0.023593,0.999542,0,0.48000,-0.13543,28.800,-0.271,-1,375.000,-1,375.000,475.000,300.000,325.000,300.000,300.000,-1,550.000,525.000,-1,675.000,725.000,-1,-1,2,0,2,0,1,0,0,0,0,2,0,0,2,0,0,2,2
93,-5025.948,3033.728,-190.270,141.841,-0.786434,-0.617675,0.000480,0.617408,-0.786070,0.030021,-0.018166,0.023906,0.999549,0,0.56000,-0.13754,33.600,-0.275,-1,375.000,-1,375.000,450.000,300.000,325.000,300.000,300.000,-1,550.000,525.000,-1,700.000,725.000,-1,-1,2,0,2,0,1,0,0,0,0,2,0,0,2,0,0,2,2
94,-5056.025,3057.600,-190.942,141.560,-0.783410,-0.621503,0.001594,0.621263,-0.783030,0.029942,-0.017361,0.024447,0.999550,0,0.64000,-0.14011,38.400,-0.280,-1,375.000,-1,375.000,450.000,300.000,325.000,300.000,300.000,-1,575.000,525.000,-1,700.000,725.000,-1,-1,2,0,2,1,1,0,0,0,0,2,0,0,2,0,0,2,2
95,-5086.684,3082.185,-191.618,141.274,-0.780300,-0.625400,0.002734,0.625187,-0.779904,0.029851,-0.016537,0.025002,0.999551,0,0.65498,-0.14315,39.299,-0.286,-1,375.000,-1,375.000,425.000,300.000,325.000,300.000,325.000,-1,575.000,525.000,-1,700.000,725.000,-1,-1,2,0,2,1,1,0,0,0,0,2,0,0,2,0,0,2,2
96,-5117.188,3106.903,-192.284,140.981,-0.777099,-0.629367,0.003872,0.629182,-0.776688,0.029750,-0.015716,0.025555,0.999550,0,0.65435,-0.14633,39.261,-0.293,-1,375.000,-1,375.000,425.000,300.000,325.000,300.000,325.000,-1,575.000,525.000,-1,700.000,725.000,-1,-1,2,0,2,1,1,0,0,0,0,2,0,0,2,0,0,2,2
97,-5147.525,3131.749,-192.938,140.682,-0.773805,-0.633404,0.005008,0.633249,-0.773381,0.029638,-0.014900,0.026105,0.999548,0,0.65356,-0.14958,39.214,-0.299,-1,375.000,-1,375.000,425.000,300.000,325.000,300.000,325.000,-1,575.000,525.000,-1,700.000,725.000,-1,-1,2,0,2,1,1,0,0,0,0,2,0,0,2,0,0,2,2
98,-5174.127,3153.582,-193.450,140.623,-0.773152,-0.634190,0.006267,0.634069,-0.772711,0.029571,-0.013911,0.026837,0.999543,0,0.57356,-0.02958,34.414,-0.059,-1,375.000,-1,375.000,450.000,300.000,325.000,300.000,325.000,-1,575.000,525.000,-1,700.000,725.000,-1,-1,2,0,2,1,1,0,0,0,0,2,0,0,2,0,0,2,2
99,-5197.077,3172.296,-193.867,140.804,-0.775148,-0.631736,0.007409,0.631647,-0.774694,0.029509,-0.012902,0.027553,0.999537,0,0.49356,0.09042,29.614,0.181,-1,375.000,-1,375.000,-1,300.000,325.000,300.000,325.000,-1,575.000,525.000,-1,700.000,725.000,-1,-1,2,0,2,0,2,0,0,0,1,2,0,0,2,0,0,2,2
100,-5216.382,3187.886,-194.206,141.076,-0.778138,-0.628038,0.008366,0.627979,-0.777673,0.029455,-0.011993,0.028173,0.999531,0,0.41356,0.13608,24.814,0.272,-1,375.000,-1,375.000,-1,300.000,325.000,300.000,300.000,-1,575.000,525.000,-1,700.000,725.000,-1,-1,2,0,2,0,2,0,0,0,1,2,0,0,2,0,0,2,2
101,-5232.010,3200.388,-194.473,141.343,-0.781048,-0.624404,0.009137,0.624370,-0.780575,0.029415,-0.011234,0.028679,0.999526,0,0.33356,0.13328,20.014,0.267,-1,375.000,-1,375.000,-1,325.000,325.000,300.000,300.000,-1,575.000,525.000,-1,700.000,725.000,-1,-1,2,0,2,0,2,0,0,0,1,2,0,0,2,0,0,2,2
102,-5243.934,3209.836,-194.671,141.605,-0.783891,-0.620823,0.009724,0.620808,-0.783412,0.029387,-0.010626,0.029073,0.999521,0,0.25356,0.13094,15.214,0.262,-1,375.000,-1,375.000,-1,325.000,325.000,300.000,275.000,-1,575.000,500.000,-1,700.000,725.000,-1,-1,2,0,2,0,2,0,0,0,1,2,0,0,2,0,0,2,2
103,-5252.125,3216.267,-194.713,141.863,-0.786672,-0.617288,0.010129,0.617292,-0.786202,0.028931,-0.009895,0.029011,0.999530,0,0.17356,0.12907,10.414,0.258,-1,375.000,-1,375.000,-1,325.000,325.000,300.000,275.000,-1,550.000,500.000,-1,700.000,725.000,-1,-1,2,0,2,0,2,0,0,0,1,2,0,0,2,0,0,2,2
104,-5256.555,3219.714,-194.657,142.118,-0.789407,-0.613783,0.010354,0.613802,-0.788952,0.028314,-0.009209,0.028706,0.999545,0,0.09356,0.12768,5.614,0.255,-1,375.000,-1,375.000,-1,325.000,325.000,300.000,275.000,-1,550.000,500.000,-1,700.000,725.000,-1,-1,2,0,2,0,2,0,0,0,1,2,0,0,2,0,0,2,2
105,-5257.200,3220.211,-194.669,142.372,-0.792114,-0.610285,0.010389,0.610306,-0.791659,0.028316,-0.009057,0.028770,0.999545,0,0.01356,0.12678,0.814,0.254,-1,375.000,-1,375.000,-1,325.000,325.000,300.000,275.000,-1,550.000,500.000,-1,700.000,725.000,-1,-1,2,0,2,0,2,0,0,0,1,2,0,0,2,0,0,2,2
106,-5254.032,3217.791,-194.745,142.625,-0.794813,-0.606769,0.010225,0.606782,-0.794343,0.028910,-0.009419,0.029182,0.999530,0,-0.06644,0.12676,-3.986,0.254,-1,375.000,-1,375.000,-1,325.000,325.000,300.000,275.000,-1,550.000,500.000,-1,700.000,725.000,-1,-1,2,0,2,0,2,0,0,0,1,2,0,0,2,0,0,2,2
107,-5247.026,3212.488,-194.732,142.879,-0.797497,-0.603242,0.009874,0.603242,-0.797018,0.029356,-0.009839,0.029368,0.999520,0,-0.14644,0.12688,-8.786,0.254,-1,375.000,-1,375.000,-1,325.000,325.000,300.000,275.000,-1,550.000,500.000,-1,700.000,725.000,-1,-1,2,0,2,0,2,0,0,0,1,2,0,0,2,0,0,2,2
108,-5236.156,3204.337,-194.567,143.133,-0.800168,-0.599703,0.009346,0.599690,-0.799693,0.029357,-0.010132,0.029096,0.999525,0,-0.22644,0.12714,-13.586,0.254,-1,375.000,-1,375.000,-1,300.000,325.000,300.000,275.000,-1,550.000,500.000,-1,700.000,725.000,-1,-1,2,0,2,0,2,0,0,0,1,2,0,0,2,0,0,2,2
109,-5221.530,3193.471,-194.345,143.389,-0.802838,-0.596135,0.008638,0.596104,-0.802371,0.029355,-0.010569,0.028717,0.999532,0,-0.30368,0.12786,-18.221,0.256,-1,375.000,-1,375.000,-1,300.000,325.000,300.000,300.000,-1,550.000,500.000,-1,700.000,725.000,-1,-1,2,0,2,0,2,0,0,0,1,2,0,0,2,0,0,2,2
110,-5206.887,3182.694,-194.123,143.647,-0.805521,-0.592514,0.007932,0.592465,-0.805062,0.029348,-0.011003,0.028339,0.999538,0,-0.30303,0.12929,-18.182,0.259,-1,375.000,-1,375.000,-1,300.000,325.000,300.000,300.000,-1,550.000,500.000,-1,700.000,725.000,-1,-1,2,0,2,0,2,0,0,0,1,2,0,0,2,0,0,2,2
111,-5192.224,3172.005,-193.900,143.909,-0.808217,-0.588841,0.007226,0.588774,-0.807765,0.029334,-0.011436,0.027963,0.999544,0,-0.30242,0.13070,-18.145,0.261,-1,375.000,-1,375.000,-1,300.000,325.000,300.000,300.000,-1,550.000,500.000,-1,700.000,725.000,-1,-1,2,0,2,0,2,0,0,0,1,2,0,0,2,0,0,2,2
112,-5177.541,3161.405,-193.677,144.173,-0.810923,-0.585116,0.006523,0.585032,-0.810480,0.029313,-0.011865,0.027587,0.999549,0,-0.30184,0.13210,-18.110,0.264,-1,375.000,-1,375.000,-1,300.000,325.000,300.000,300.000,-1,550.000,500.000,-1,700.000,725.000,-1,-1,2,0,2,0,2,0,0,0,1,2,0,0,2,0,0,2,2
113,-5162.834,3150.892,-193.454,144.440,-0.813641,-0.581339,0.005820,0.581238,-0.813206,0.029287,-0.012292,0.027212,0.999554,0,-0.30129,0.13349,-18.078,0.267,-1,375.000,-1,375.000,-1,300.000,325.000,300.000,325.000,-1,550.000,500.000,-1,700.000,725.000,-1,-1,2,0,2,0,2,0,0,0,1,2,0,0,2,0,0,2,2
114,-5148.104,3140.466,-193.216,144.710,-0.816368,-0.577509,0.005193,0.577394,-0.815941,0.029275,-0.012670,0.026897,0.999558,0,-0.30078,0.13486,-18.047,0.270,-1,375.000,-1,375.000,-1,300.000,325.000,300.000,325.000,-1,550.000,500.000,-1,700.000,725.000,-1,-1,2,0,2,1,2,0,0,0,1,2,0,0,2,0,0,2,2
115,-5133.347,3130.127,-192.956,144.982,-0.819104,-0.573626,0.004674,0.573499,-0.818683,0.029289,-0.012975,0.026671,0.999560,0,-0.30030,0.13622,-18.018,0.272,-1,375.000,-1,375.000,-1,300.000,325.000,300.000,325.000,-1,550.000,500.000,-1,700.000,725.000,-1,-1,2,0,2,1,2,0,0,0,0,2,0,0,2,0,0,2,2
116,-5118.563,3119.874,-192.696,145.257,-0.821848,-0.569692,0.004156,0.569552,-0.821433,0.029298,-0.013277,0.026446,0.999562,0,-0.29985,0.13756,-17.991,0.275,-1,375.000,-1,375.000,-1,300.000,325.000,300.000,325.000,-1,525.000,500.000,-1,700.000,725.000,-1,-1,2,0,2,1,2,0,0,0,0,2,0,0,2,0,0,2,2
117,-5099.827,3106.897,-192.362,145.292,-0.822196,-0.569193,0.003490,0.569036,-0.821789,0.029337,-0.013830,0.026107,0.999563,0,-0.37985,0.01756,-22.791,0.035,-1,375.000,-1,375.000,-1,300.000,325.000,300.000,325.000,-1,525.000,500.000,-1,700.000,725.000,-1,-1,2,0,2,1,2,0,0,0,0,2,0,0,2,0,0,2,2
118,-5077.202,3091.106,-191.945,145.088,-0.820155,-0.572135,0.002674,0.571954,-0.819758,0.029412,-0.014636,0.025652,0.999564,0,-0.45985,-0.10244,-27.591,-0.205,-1,375.000,-1,375.000,525.000,300.000,325.000,300.000,325.000,-1,525.000,500.000,-1,700.000,725.000,-1,-1,2,0,2,1,1,0,0,0,0,2,0,0,2,0,0,2,2
119,-5052.944,3073.894,-191.480,144.643,-0.815687,-0.578490,0.001784,0.578282,-0.815302,0.029527,-0.015626,0.025116,0.999562,0,-0.49574,-0.22244,-29.744,-0.445,-1,375.000,-1,375.000,475.000,300.000,325.000,300.000,325.000,-1,525.000,500.000,-1,700.000,725.000,-1,-1,2,0,2,1,1,0,0,0,0,2,0,0,2,0,0,2,2
120,-5028.962,3056.444,-190.997,143.958,-0.808713,-0.588203,0.000887,0.587965,-0.808341,0.029686,-0.016744,0.024529,0.999559,0,-0.49430,-0.34244,-29.658,-0.685,-1,375.000,-1,375.000,475.000,300.000,325.000,300.000,325.000,-1,525.000,500.000,-1,700.000,725.000,-1,-1,2,0,2,0,1,0,0,0,0,2,0,0,2,0,0,2,2
121,-5005.340,3038.664,-190.451,143.033,-0.799113,-0.601181,-0.000022,0.600908,-0.798751,0.030117,-0.018123,0.024054,0.999546,0,-0.49277,-0.46244,-29.566,-0.925,-1,375.000,-1,375.000,450.000,300.000,325.000,300.000,300.000,-1,550.000,525.000,-1,700.000,725.000,-1,-1,2,0,2,0,1,0,0,0,0,2,0,0,2,0,0,2,2
122,-4982.158,3020.467,-189.839,141.868,-0.786727,-0.617300,-0.000925,0.616985,-0.786371,0.030829,-0.019758,0.023684,0.999524,0,-0.49117,-0.58244,-29.470,-1.165,-1,375.000,-1,375.000,450.000,300.000,325.000,300.000,300.000,-1,575.000,550.000,-1,675.000,675.000,-1,-1,2,0,2,0,1,0,0,0,0,2,0,0,2,0,1,2,2
123,-4959.505,3001.770,-189.214,140.463,-0.771356,-0.636402,-0.001802,0.636042,-0.771009,0.031544,-0.021464,0.023186,0.999501,0,-0.48955,-0.70244,-29.373,-1.405,-1,375.000,-1,375.000,450.000,300.000,325.000,300.000,300.000,-1,600.000,575.000,-1,675.000,650.000,-1,-1,2,0,2,0,1,0,0,0,0,2,0,0,2,0,1,2,2
124,-4937.471,2982.493,-188.576,138.818,-0.752768,-0.658281,-0.002645,0.657876,-0.752435,0.032266,-0.023231,0.022549,0.999476,0,-0.48794,-0.82244,-29.276,-1.645,-1,375.000,-1,375.000,450.000,300.000,325.000,300.000,300.000,-1,650.000,575.000,-1,675.000,600.000,-1,600.000,2,0,2,0,1,0,0,0,0,2,0,0,2,0,1,2,1
125,-4916.151,2962.566,-187.925,136.934,-0.730705,-0.682685,-0.003435,0.682234,-0.730389,0.033000,-0.025037,0.021769,0.999449,0,-0.48638,-0.94244,-29.183,-1.885,-1,375.000,-1,375.000,450.000,300.000,300.000,300.000,300.000,-1,675.000,600.000,-1,675.000,600.000,-1,550.000,2,0,2,0,1,0,0,0,0,2,0,0,2,0,1,2,1
126,-4895.602,2941.969,-187.256,134.934,-0.706428,-0.707772,-0.004172,0.707276,-0.706132,0.033743,-0.026829,0.020887,0.999422,0,-0.48491,-1.00000,-29.095,-2.000,-1,375.000,-1,375.000,450.000,300.000,300.000,300.000,300.000,-1,725.000,625.000,-1,675.000,575.000,-1,550.000,2,0,2,0,1,0,0,0,0,2,0,0,2,0,1,2,1
127,-4875.835,2920.723,-186.553,132.934,-0.681288,-0.732000,-0.004864,0.731460,-0.681014,0.034446,-0.028527,0.019910,0.999395,0,-0.48367,-1.00000,-29.020,-2.000,-1,375.000,-1,375.000,475.000,300.000,300.000,300.000,300.000,-1,750.000,650.000,-1,675.000,575.000,-1,550.000,2,0,2,0,1,0,0,0,0,2,0,0,2,0,1,2,1
128,-4859.890,2902.492,-185.788,131.174,-0.658464,-0.752592,-0.005542,0.752037,-0.658230,0.034262,-0.029434,0.018392,0.999398,0,-0.40367,-0.88000,-24.220,-1.760,-1,375.000,-1,375.000,475.000,300.000,325.000,300.000,300.000,-1,775.000,675.000,-1,675.000,575.000,-1,550.000,2,0,2,0,1,0,0,0,0,2,0,0,2,0,1,2,1
129,-4847.497,2887.541,-185.166,129.654,-0.638250,-0.769805,-0.006097,0.769239,-0.638050,0.034114,-0.030152,0.017083,0.999399,0,-0.32367,-0.76000,-19.420,-1.520,-1,375.000,-1,375.000,500.000,300.000,325.000,300.000,300.000,-1,800.000,675.000,-1,675.000,575.000,-1,550.000,2,0,2,0,1,0,0,0,0,2,0,0,2,0,1,2,1
