timestep,x_cm,y_cm,z_cm,yaw_deg,basis_xx,basis_xy,basis_xz,basis_yx,basis_yy,basis_yz,basis_zx,basis_zy,basis_zz,teleport_flag,throttle_cmd,steering_cmd,cmd_move_cm,cmd_turn_deg,lidar_cm_0,lidar_cm_1,lidar_cm_2,lidar_cm_3,lidar_cm_4,lidar_cm_5,lidar_cm_6,lidar_cm_7,lidar_cm_8,lidar_cm_9,lidar_cm_10,lidar_cm_11,lidar_cm_12,lidar_cm_13,lidar_cm_14,lidar_cm_15,lidar_cm_16,lidar_class_0,lidar_class_1,lidar_class_2,lidar_class_3,lidar_class_4,lidar_class_5,lidar_class_6,lidar_class_7,lidar_class_8,lidar_class_9,lidar_class_10,lidar_class_11,lidar_class_12,lidar_class_13,lidar_class_14,lidar_class_15,lidar_class_16
0,2953.943,-2291.521,-139.866,61.778,0.472760,-0.879314,0.057491,0.881188,0.471921,-0.028245,-0.002295,0.064014,0.997946,1,0.08000,0.06009,4.800,0.120,-1,400.000,800.000,375.000,-1,325.000,325.000,325.000,300.000,-1,-1,-1,-1,600.000,650.000,-1,900.000,2,1,1,0,2,0,0,0,0,2,2,2,2,1,1,2,1
1,2958.465,-2283.053,-139.854,61.898,0.470914,-0.880303,0.057502,0.882176,0.470080,-0.028112,-0.002283,0.063966,0.997949,0,0.16000,0.05999,9.600,0.120,-1,375.000,775.000,375.000,-1,325.000,325.000,325.000,300.000,-1,-1,-1,-1,600.000,650.000,-1,875.000,2,1,1,0,2,0,0,0,0,2,2,2,2,1,1,2,1
2,2965.221,-2270.337,-139.829,62.018,0.469066,-0.881288,0.057523,0.883160,0.468240,-0.027921,-0.002328,0.063898,0.997954,0,0.24000,0.05990,14.400,0.120,-1,375.000,775.000,375.000,-1,325.000,325.000,325.000,300.000,-1,-1,-1,-1,600.000,625.000,-1,850.000,2,1,1,0,2,0,0,0,0,2,2,2,2,1,1,2,1
3,2974.194,-2253.363,-139.790,62.137,0.467215,-0.882269,0.057548,0.884140,0.466401,-0.027676,-0.002423,0.063811,0.997959,0,0.32000,0.05983,19.200,0.120,-1,375.000,750.000,375.000,-1,325.000,325.000,325.000,300.000,-1,-1,-1,-1,575.000,625.000,-1,825.000,2,1,1,0,2,0,0,0,0,2,2,2,2,1,1,2,1
4,2985.367,-2232.122,-139.731,62.257,0.465362,-0.883246,0.057573,0.885117,0.464563,-0.027387,-0.002557,0.063703,0.997966,0,0.40000,0.05977,24.000,0.120,-1,375.000,725.000,375.000,-1,325.000,325.000,325.000,300.000,-1,-1,-1,-1,550.000,600.000,975.000,800.000,2,1,1,0,2,0,0,0,0,2,2,2,2,1,1,1,1
5,2998.720,-2206.605,-139.647,62.376,0.463507,-0.884220,0.057590,0.886089,0.462725,-0.027065,-0.002717,0.063575,0.997973,0,0.48000,0.05971,28.800,0.119,-1,375.000,700.000,375.000,-1,325.000,325.000,325.000,300.000,-1,-1,-1,-1,550.000,575.000,925.000,750.000,2,1,1,0,2,1,0,0,0,2,2,2,2,1,1,1,1
6,3014.237,-2176.802,-139.533,62.496,0.461652,-0.885190,0.057593,0.887056,0.460887,-0.026724,-0.002888,0.063425,0.997982,0,0.56000,0.05965,33.600,0.119,-1,350.000,675.000,375.000,1000.000,300.000,300.000,325.000,300.000,-1,-1,-1,-1,525.000,550.000,875.000,725.000,2,1,1,0,1,1,0,0,0,2,2,2,2,1,1,1,1
7,3031.900,-2142.706,-139.382,62.615,0.459797,-0.886156,0.057572,0.888019,0.459049,-0.026380,-0.003052,0.063254,0.997993,0,0.64000,0.05960,38.400,0.119,-1,350.000,625.000,375.000,925.000,300.000,300.000,325.000,300.000,-1,-1,-1,-1,500.000,500.000,800.000,675.000,2,1,1,0,1,1,0,0,0,2,2,2,2,1,1,1,1
8,3051.853,-2104.389,-139.399,62.494,0.461682,-0.885242,0.056534,0.887041,0.460946,-0.026223,-0.002846,0.062254,0.998056,0,0.72000,-0.06040,43.200,-0.121,-1,325.000,575.000,375.000,850.000,275.000,300.000,325.000,325.000,-1,-1,-1,-1,475.000,475.000,725.000,625.000,2,1,1,1,1,1,1,0,0,2,2,2,2,1,1,1,1
9,3074.289,-2061.956,-139.459,62.133,0.467273,-0.882393,0.055132,0.884109,0.466549,-0.026140,-0.002656,0.060957,0.998137,0,0.80000,-0.18040,48.000,-0.361,-1,300.000,550.000,325.000,800.000,275.000,275.000,325.000,325.000,-1,-1,-1,-1,425.000,425.000,650.000,575.000,2,1,1,1,1,1,1,0,0,2,2,2,2,1,1,1,1
10,3099.457,-2015.540,-139.181,61.532,0.476582,-0.877452,0.054292,0.879129,0.475776,-0.027749,-0.001482,0.060954,0.998139,0,0.88000,-0.30040,52.800,-0.601,-1,275.000,500.000,300.000,725.000,250.000,250.000,325.000,325.000,-1,-1,-1,-1,400.000,400.000,550.000,525.000,2,1,1,1,1,1,1,0,0,2,2,2,2,1,1,1,1
11,3127.651,-1965.311,-138.257,60.692,0.489606,-0.870234,0.054575,0.871942,0.488521,-0.032626,0.001731,0.063561,0.997976,0,0.96000,-0.42040,57.600,-0.841,-1,250.000,450.000,275.000,675.000,225.000,225.000,325.000,325.000,-1,-1,-1,-1,350.000,350.000,475.000,475.000,2,1,1,1,1,1,1,0,0,2,2,2,2,1,1,1,1
12,3157.999,-1913.551,-136.590,59.611,0.506295,-0.860537,0.056052,0.862329,0.504657,-0.041351,0.007297,0.069272,0.997571,0,1.00000,-0.54040,60.000,-1.081,-1,250.000,400.000,250.000,625.000,200.000,225.000,350.000,300.000,-1,-1,-1,-1,325.000,325.000,400.000,425.000,2,1,1,1,1,1,1,0,0,2,2,2,2,1,1,1,1
13,3189.469,-1862.466,-134.231,58.355,0.525631,-0.848687,0.058665,0.850571,0.523034,-0.054450,0.015527,0.078519,0.996792,0,1.00000,-0.62784,60.000,-1.256,-1,225.000,350.000,225.000,575.000,200.000,200.000,375.000,300.000,-1,500.000,400.000,-1,275.000,300.000,350.000,400.000,2,1,1,1,1,1,1,0,0,2,0,0,2,1,1,1,1
14,3222.043,-1812.076,-131.139,57.105,0.544934,-0.836179,0.062058,0.838064,0.540843,-0.071680,0.026373,0.091069,0.995495,0,1.00000,-0.62498,60.000,-1.250,-1,200.000,325.000,200.000,525.000,175.000,175.000,425.000,300.000,-1,275.000,175.000,-1,250.000,275.000,300.000,375.000,2,1,1,1,1,1,1,0,0,2,0,0,2,1,1,1,1
15,3255.699,-1762.401,-126.312,55.862,0.564331,-0.823259,0.061436,0.824454,0.558190,-0.093274,0.042496,0.103288,0.993743,0,1.00000,-0.62167,60.000,-1.243,-1,175.000,275.000,200.000,525.000,150.000,175.000,475.000,300.000,-1,225.000,125.000,-1,225.000,275.000,275.000,350.000,2,1,1,1,1,1,1,0,0,2,0,0,2,1,1,1,1
16,5575.421,-6231.356,-287.530,100.549,-0.183667,-0.982748,0.021768,0.982680,-0.183009,0.029119,-0.024633,0.026739,0.999339,1,0.00000,0.00000,60.000,-1.236,-1,375.000,-1,375.000,-1,325.000,325.000,300.000,300.000,-1,450.000,400.000,650.000,700.000,700.000,-1,-1,2,0,2,0,2,0,0,0,0,2,1,1,1,0,0,2,2
17,5574.562,-6226.633,-287.649,100.309,-0.179547,-0.983507,0.021854,0.983441,-0.178891,0.029001,-0.024613,0.026699,0.999340,0,0.08000,-0.12000,4.800,-0.240,-1,375.000,-1,375.000,-1,325.000,325.000,300.000,300.000,-1,450.000,400.000,650.000,700.000,700.000,-1,-1,2,0,2,0,2,0,0,0,0,2,1,1,1,0,0,2,2
18,5572.923,-6217.174,-287.889,99.829,-0.171299,-0.984973,0.022023,0.984912,-0.170646,0.028765,-0.024575,0.026618,0.999344,0,0.16000,-0.24000,9.600,-0.480,-1,375.000,-1,375.000,-1,325.000,325.000,300.000,300.000,-1,450.000,425.000,650.000,700.000,700.000,-1,-1,2,0,2,0,2,0,0,0,0,2,1,1,1,0,0,2,2
19,5570.643,-6202.956,-288.254,99.109,-0.158905,-0.987043,0.022266,0.986989,-0.158256,0.028410,-0.024518,0.026491,0.999348,0,0.24000,-0.36000,14.400,-0.720,-1,375.000,-1,375.000,-1,325.000,325.000,300.000,300.000,-1,475.000,425.000,675.000,700.000,700.000,-1,-1,2,0,2,0,2,0,0,0,0,2,1,1,1,0,0,2,2
20,5567.862,-6183.958,-288.747,98.329,-0.145450,-0.989108,0.022576,0.989066,-0.144806,0.027935,-0.024362,0.026392,0.999355,0,0.32000,-0.38997,19.200,-0.780,-1,375.000,-1,375.000,-1,325.000,325.000,300.000,300.000,-1,525.000,450.000,675.000,700.000,700.000,-1,-1,2,0,2,0,2,0,0,0,0,2,1,1,1,0,0,2,2
21,5564.708,-6160.166,-289.373,97.551,-0.132000,-0.990984,0.022946,0.990957,-0.131363,0.027343,-0.024082,0.026348,0.999363,0,0.40000,-0.38896,24.000,-0.778,-1,375.000,-1,375.000,-1,325.000,325.000,300.000,300.000,-1,550.000,475.000,700.000,700.000,700.000,-1,-1,2,0,2,0,2,0,0,0,0,2,1,1,1,0,0,2,2
22,5561.311,-6131.567,-290.132,96.776,-0.118568,-0.992671,0.023370,0.992663,-0.117940,0.026633,-0.023681,0.026357,0.999372,0,0.48000,-0.38771,28.800,-0.775,-1,375.000,-1,375.000,-1,325.000,325.000,300.000,300.000,-1,600.000,500.000,700.000,700.000,700.000,-1,-1,2,0,2,0,2,0,0,0,0,2,1,1,1,0,0,2,2
23,5557.796,-6098.152,-291.027,96.003,-0.105165,-0.994169,0.023841,0.994185,-0.104548,0.025805,-0.023162,0.026416,0.999383,0,0.56000,-0.38620,33.600,-0.772,-1,375.000,-1,375.000,-1,325.000,325.000,300.000,300.000,-1,675.000,525.000,725.000,700.000,700.000,-1,-1,2,0,2,0,2,0,0,0,0,2,1,1,1,0,0,2,2
24,5554.293,-6059.912,-292.061,95.234,-0.091801,-0.995480,0.024351,0.995522,-0.091197,0.024861,-0.022528,0.026524,0.999394,0,0.64000,-0.38444,38.400,-0.769,-1,375.000,-1,375.000,-1,325.000,325.000,300.000,300.000,-1,700.000,550.000,750.000,700.000,700.000,-1,-1,2,0,2,0,2,0,0,0,0,2,0,1,1,0,0,2,2
25,5551.168,-6019.937,-293.152,94.470,-0.078491,-0.996605,0.024852,0.996675,-0.077901,0.023877,-0.021860,0.026643,0.999406,0,0.66827,-0.38241,40.096,-0.765,-1,375.000,-1,375.000,-1,325.000,325.000,300.000,300.000,-1,700.000,575.000,775.000,700.000,700.000,-1,-1,2,0,2,0,2,0,0,0,0,2,0,1,1,0,0,2,2
26,5548.572,-5979.877,-294.257,93.709,-0.065240,-0.997548,0.025319,0.997644,-0.064665,0.022893,-0.021200,0.026753,0.999417,0,0.66908,-0.38027,40.145,-0.761,-1,375.000,-1,375.000,-1,300.000,325.000,300.000,300.000,-1,700.000,625.000,775.000,700.000,700.000,-1,-1,2,0,2,0,2,0,0,0,0,2,0,1,1,0,0,2,2
27,5546.501,-5939.734,-295.374,92.953,-0.052053,-0.998312,0.025752,0.998433,-0.051494,0.021911,-0.020548,0.026852,0.999428,0,0.66993,-0.37811,40.196,-0.756,-1,375.000,-1,375.000,-1,300.000,325.000,300.000,300.000,-1,700.000,650.000,800.000,700.000,700.000,-1,-1,2,0,2,0,2,0,0,0,0,2,0,1,1,0,0,2,2
28,5544.955,-5899.515,-296.359,92.201,-0.038925,-0.998913,0.025652,0.999041,-0.038390,0.021040,-0.020033,0.026447,0.999449,0,0.67081,-0.37593,40.249,-0.752,-1,375.000,-1,375.000,-1,300.000,300.000,300.000,300.000,-1,725.000,675.000,825.000,700.000,700.000,-1,-1,2,0,2,0,2,0,0,0,0,2,0,1,1,0,0,2,2
29,5543.933,-5859.224,-296.879,91.453,-0.025871,-0.999330,0.025891,0.999478,-0.025356,0.020039,-0.019369,0.026396,0.999464,0,0.67174,-0.37373,40.304,-0.747,-1,375.000,-1,375.000,-1,300.000,300.000,300.000,300.000,-1,725.000,675.000,850.000,700.000,700.000,-1,-1,2,0,2,0,2,0,0,0,0,2,0,0,1,0,0,2,2
30,5543.432,-5818.865,-297.377,90.710,-0.012889,-0.999573,0.026243,0.999744,-0.012395,0.018927,-0.018594,0.026480,0.999476,0,0.67270,-0.37150,40.362,-0.743,-1,375.000,-1,375.000,-1,300.000,325.000,300.000,300.000,-1,750.000,675.000,875.000,700.000,700.000,-1,-1,2,0,2,0,2,0,0,0,0,2,0,0,1,0,0,2,2
31,5543.452,-5778.444,-297.888,89.972,0.000017,-0.999647,0.026556,0.999841,0.000490,0.017817,-0.017823,0.026551,0.999489,0,0.67369,-0.36926,40.421,-0.739,-1,375.000,-1,375.000,-1,300.000,325.000,300.000,300.000,-1,750.000,700.000,900.000,700.000,700.000,-1,-1,2,0,2,0,2,0,0,0,0,2,0,0,1,0,0,2,2
32,5543.991,-5737.964,-298.413,89.238,0.012845,-0.999557,0.026832,0.999772,0.013296,0.016708,-0.017057,0.026611,0.999500,0,0.67472,-0.36700,40.483,-0.734,-1,375.000,-1,375.000,-1,325.000,325.000,300.000,300.000,-1,725.000,700.000,900.000,700.000,700.000,-1,-1,2,0,2,0,2,0,0,0,0,2,0,0,1,0,0,2,2
33,5545.046,-5697.432,-298.951,88.508,0.025591,-0.999306,0.027071,0.999540,0.026020,0.015601,-0.016295,0.026659,0.999512,0,0.67577,-0.36472,40.546,-0.729,-1,375.000,-1,375.000,-1,325.000,325.000,300.000,300.000,-1,725.000,700.000,925.000,700.000,700.000,-1,-1,2,0,2,0,2,0,0,0,0,2,0,0,1,0,0,2,2
34,5546.616,-5656.851,-299.503,87.784,0.038255,-0.998896,0.027273,0.999147,0.038660,0.014496,-0.015534,0.026696,0.999523,0,0.67686,-0.36243,40.611,-0.725,-1,375.000,-1,375.000,-1,325.000,325.000,300.000,300.000,-1,725.000,700.000,950.000,700.000,700.000,-1,-1,2,0,2,0,2,0,0,0,0,2,0,0,1,0,0,2,2
35,5548.700,-5616.226,-300.069,87.063,0.050831,-0.998330,0.027439,0.998598,0.051213,0.013393,-0.014776,0.026720,0.999534,0,0.67797,-0.36011,40.678,-0.720,-1,375.000,-1,375.000,-1,325.000,325.000,300.000,300.000,-1,725.000,675.000,975.000,700.000,675.000,-1,-1,2,0,2,0,2,0,0,0,0,2,0,0,1,0,0,2,2
36,5551.296,-5575.562,-300.649,86.348,0.063319,-0.997612,0.027570,0.997895,0.063677,0.012293,-0.014019,0.026733,0.999544,0,0.67911,-0.35779,40.747,-0.716,-1,375.000,-1,375.000,-1,325.000,325.000,300.000,300.000,-1,725.000,675.000,1000.000,675.000,675.000,-1,-1,2,0,2,0,2,0,0,0,0,2,0,0,1,0,0,2,2
37,5554.401,-5534.864,-301.245,85.637,0.075716,-0.996746,0.027664,0.997041,0.076049,0.011195,-0.013262,0.026735,0.999555,0,0.68027,-0.35544,40.816,-0.711,-1,375.000,-1,375.000,-1,325.000,325.000,300.000,300.000,-1,700.000,675.000,-1,675.000,675.000,-1,-1,2,0,2,0,2,0,0,0,0,2,0,0,2,0,0,2,2
38,5558.014,-5494.137,-301.854,84.931,0.088020,-0.995733,0.027724,0.996040,0.088328,0.010100,-0.012505,0.026725,0.999565,0,0.68146,-0.35308,40.888,-0.706,-1,375.000,-1,375.000,-1,325.000,325.000,300.000,300.000,-1,700.000,675.000,-1,675.000,675.000,-1,-1,2,0,2,0,2,0,0,0,0,2,0,0,2,0,0,2,2
39,5562.132,-5453.384,-302.480,84.229,0.100227,-0.994578,0.027748,0.994895,0.100511,0.009007,-0.011747,0.026704,0.999574,0,0.68267,-0.35070,40.960,-0.701,-1,375.000,-1,375.000,-1,325.000,325.000,300.000,300.000,-1,700.000,675.000,-1,675.000,675.000,-1,-1,2,0,2,0,2,0,0,0,0,2,0,0,2,0,0,2,2
40,5566.754,-5412.611,-303.120,83.533,0.112338,-0.993283,0.027738,0.993609,0.112596,0.007917,-0.010987,0.026672,0.999584,0,0.68390,-0.34831,41.034,-0.697,-1,375.000,-1,375.000,-1,325.000,325.000,300.000,300.000,-1,700.000,675.000,-1,675.000,675.000,-1,-1,2,0,2,0,2,0,0,0,0,2,0,0,2,0,0,2,2
41,5571.874,-5371.380,-303.781,82.922,0.122950,-0.992026,0.027702,0.992361,0.123181,0.006817,-0.010175,0.026652,0.999593,0,0.69245,-0.30550,41.547,-0.611,-1,375.000,-1,375.000,-1,300.000,300.000,300.000,300.000,-1,700.000,675.000,-1,675.000,675.000,-1,-1,2,0,2,0,2,0,0,0,0,2,0,0,2,0,0,2,2
42,5577.431,-5330.229,-304.454,82.309,0.133575,-0.990653,0.027634,0.990994,0.133781,0.005721,-0.009364,0.026621,0.999602,0,0.69208,-0.30630,41.525,-0.613,-1,375.000,-1,375.000,-1,300.000,300.000,300.000,300.000,-1,700.000,675.000,-1,675.000,675.000,-1,-1,2,0,2,0,2,0,0,0,0,2,0,0,2,0,0,2,2
43,5583.929,-5284.362,-305.169,81.937,0.140040,-0.989756,0.027766,0.990110,0.140219,0.004612,-0.008458,0.026846,0.999604,0,0.77208,-0.18630,46.325,-0.373,-1,375.000,-1,375.000,-1,300.000,300.000,300.000,300.000,-1,700.000,675.000,-1,675.000,675.000,-1,-1,2,0,2,0,2,0,0,0,0,2,0,0,2,0,0,2,2
44,5591.216,-5233.759,-305.571,81.804,0.142359,-0.989377,0.029464,0.989791,0.142502,0.002800,-0.006969,0.028764,0.999562,0,0.85208,-0.06630,51.125,-0.133,-1,375.000,-1,375.000,-1,300.000,300.000,300.000,300.000,-1,675.000,650.000,-1,675.000,650.000,-1,-1,2,0,2,0,2,0,0,0,0,2,0,0,2,0,0,2,2
45,5599.085,-5178.390,-305.519,81.911,0.140554,-0.989626,0.029739,0.990060,0.140645,0.000955,-0.005128,0.029309,0.999557,0,0.93208,0.05370,55.925,0.107,-1,375.000,-1,375.000,-1,300.000,300.000,300.000,300.000,-1,675.000,625.000,-1,675.000,650.000,-1,-1,2,0,2,0,2,0,0,0,0,2,0,0,2,0,0,2,2
46,5607.027,-5119.970,-305.158,82.259,0.134627,-0.990476,0.028872,0.990893,0.134643,-0.001390,-0.002511,0.028797,0.999582,0,0.98263,0.17370,58.958,0.347,-1,375.000,-1,375.000,-1,300.000,300.000,300.000,300.000,-1,625.000,600.000,-1,700.000,675.000,-1,-1,2,0,2,0,2,0,0,0,0,2,0,0,2,0,0,2,2
47,5614.469,-5060.669,-304.767,82.846,0.124542,-0.991819,0.028002,0.992214,0.124484,-0.003801,0.000284,0.028258,0.999601,0,0.99610,0.29370,59.766,0.587,-1,375.000,-1,375.000,-1,300.000,300.000,300.000,300.000,-1,600.000,600.000,-1,700.000,675.000,-1,-1,2,0,2,0,2,0,0,0,0,2,0,0,2,0,0,2,2
48,5621.073,-5001.103,-304.346,83.674,0.110281,-0.993529,0.027174,0.993895,0.110150,-0.006256,0.003223,0.027698,0.999611,0,0.99885,0.41370,59.931,0.827,-1,375.000,-1,375.000,-1,300.000,300.000,300.000,325.000,-1,575.000,575.000,-1,700.000,675.000,-1,-1,2,0,2,0,2,0,0,0,0,2,0,0,2,0,0,2,2
49,5626.573,-4941.356,-303.894,84.741,0.091826,-0.995424,0.026425,0.995755,0.091624,-0.008751,0.006290,0.027116,0.999613,0,1.00000,0.53370,60.000,1.067,-1,375.000,-1,375.000,-1,325.000,300.000,300.000,325.000,-1,575.000,575.000,-1,700.000,675.000,-1,-1,2,0,2,0,2,0,0,0,0,2,0,0,2,0,0,2,2
50,5630.708,-4881.498,-303.409,86.048,0.069161,-0.997272,0.025793,0.997561,0.068889,-0.011277,0.009469,0.026510,0.999604,0,1.00000,0.65370,60.000,1.307,-1,375.000,-1,375.000,-1,325.000,300.000,300.000,325.000,-1,550.000,550.000,-1,725.000,675.000,-1,-1,2,0,2,0,2,0,0,0,0,2,0,0,2,0,0,2,2
51,5633.225,-4821.551,-302.888,87.596,0.042275,-0.998785,0.025318,0.999025,0.041935,-0.013825,0.012746,0.025878,0.999584,0,1.00000,0.77370,60.000,1.547,-1,375.000,-1,375.000,-1,325.000,325.000,300.000,325.000,-1,550.000,550.000,-1,725.000,675.000,-1,-1,2,0,2,0,2,0,0,0,0,2,0,0,2,0,0,2,2
52,5633.870,-4761.555,-302.332,89.383,0.011169,-0.999624,0.025038,0.999808,0.010761,-0.016377,0.016101,0.025216,0.999552,0,1.00000,0.89370,60.000,1.787,-1,400.000,-1,375.000,-1,325.000,325.000,300.000,300.000,-1,525.000,525.000,-1,750.000,700.000,-1,-1,2,0,2,0,2,0,0,0,0,2,0,0,2,0,0,2,2
53,5632.484,-4701.571,-301.741,91.324,-0.022629,-0.999432,0.024976,0.999554,-0.023104,-0.018907,0.019473,0.024537,0.999509,0,1.00000,0.97054,60.000,1.941,-1,400.000,-1,375.000,-1,325.000,325.000,300.000,300.000,-1,500.000,500.000,-1,750.000,700.000,-1,-1,2,0,2,0,2,0,0,0,0,2,0,0,2,0,0,2,2
54,5629.076,-4641.668,-301.117,93.256,-0.056240,-0.998101,0.025118,0.998158,-0.056781,-0.021386,0.022772,0.023869,0.999456,0,1.00000,0.96585,60.000,1.932,-1,400.000,-1,375.000,-1,325.000,325.000,300.000,300.000,-1,450.000,450.000,-1,775.000,700.000,-1,-1,2,0,2,0,2,0,0,0,0,2,0,0,2,0,0,2,2
55,5623.662,-4581.912,-300.072,95.178,-0.089673,-0.995683,0.023945,0.995653,-0.090226,-0.023107,0.025168,0.021769,0.999446,0,1.00000,0.96093,60.000,1.922,-1,400.000,-1,375.000,-1,325.000,325.000,300.000,300.000,-1,425.000,450.000,-1,775.000,725.000,-1,-1,2,0,2,0,2,0,0,0,0,2,0,0,2,0,0,2,2
56,5616.257,-4522.371,-298.404,97.090,-0.122862,-0.992161,0.022819,0.992075,-0.123396,-0.023668,0.026298,0.019731,0.999459,0,1.00000,0.95584,60.000,1.912,-1,400.000,-1,375.000,-1,325.000,325.000,300.000,300.000,-1,475.000,500.000,-1,775.000,725.000,-1,-1,2,0,2,0,2,0,0,0,0,2,0,0,2,0,0,2,2
57,5606.881,-4463.108,-296.669,98.991,-0.155734,-0.987555,0.021975,0.987423,-0.156250,-0.024125,0.027258,0.017942,0.999467,0,1.00000,0.95061,60.000,1.901,-1,400.000,-1,375.000,-1,325.000,325.000,300.000,300.000,-1,550.000,575.000,-1,800.000,725.000,-1,-1,2,0,2,0,2,0,0,0,0,2,0,0,2,0,0,2,2
58,5595.555,-4404.187,-294.926,100.881,-0.188255,-0.981891,0.021204,0.981719,-0.188751,-0.024517,0.028075,0.016201,0.999475,0,1.00000,0.94531,60.000,1.891,-1,400.000,-1,375.000,-1,325.000,325.000,300.000,300.000,-1,600.000,625.000,-1,800.000,750.000,-1,-1,2,0,2,0,2,0,0,0,0,2,0,0,2,0,0,2,2
59,5582.302,-4345.669,-293.181,102.761,-0.220393,-0.975196,0.020504,0.974987,-0.220868,-0.024837,0.028750,0.014517,0.999481,0,1.00000,0.94002,60.000,1.880,-1,400.000,-1,400.000,-1,325.000,325.000,300.000,300.000,-1,650.000,700.000,-1,800.000,750.000,-1,-1,2,0,2,0,2,0,0,0,0,2,0,0,2,0,0,2,2
60,5567.181,-4287.769,-291.446,104.637,-0.252218,-0.967467,0.019870,0.967227,-0.252670,-0.025078,0.029283,0.012894,0.999488,0,0.99736,0.93771,59.842,1.875,-1,400.000,-1,400.000,-1,325.000,325.000,300.000,300.000,-1,725.000,775.000,-1,825.000,775.000,-1,-1,2,0,2,0,2,0,0,0,0,2,0,0,2,0,0,2,2
61,5550.231,-4230.584,-289.729,106.510,-0.283730,-0.958710,0.019298,0.958445,-0.284160,-0.025232,0.029674,0.011337,0.999495,0,0.99408,0.93645,59.645,1.873,-1,400.000,-1,400.000,-1,325.000,325.000,300.000,300.000,-1,800.000,850.000,-1,825.000,775.000,-1,-1,2,0,2,0,2,0,0,0,0,2,0,0,2,0,0,2,2
62,5531.491,-4174.185,-288.038,108.381,-0.314911,-0.948935,0.018783,0.948649,-0.315316,-0.025296,0.029926,0.009852,0.999504,0,0.99051,0.93556,59.430,1.871,-1,400.000,-1,400.000,-1,325.000,325.000,300.000,300.000,-1,875.000,925.000,-1,825.000,800.000,-1,-1,2,0,2,0,2,0,0,0,0,2,0,0,2,0,0,2,2
63,5510.999,-4118.640,-286.377,110.251,-0.345738,-0.938152,0.018318,0.937850,-0.346120,-0.025263,0.030041,0.008445,0.999513,0,0.98675,0.93506,59.205,1.870,-1,400.000,-1,400.000,-1,325.000,325.000,300.000,300.000,-1,950.000,-1,-1,825.000,800.000,-1,-1,2,0,2,0,2,0,0,0,0,2,0,2,2,0,0,2,2
64,5488.791,-4064.007,-284.754,112.121,-0.376194,-0.926368,0.017896,0.926055,-0.376552,-0.025131,0.030019,0.007119,0.999524,0,0.98290,0.93494,58.974,1.870,-1,400.000,-1,400.000,-1,325.000,325.000,300.000,300.000,-1,-1,-1,-1,825.000,-1,-1,-1,2,0,2,0,2,0,0,0,0,2,2,2,2,0,2,2,2
65,5464.906,-4010.337,-283.017,113.991,-0.406275,-0.913595,0.016883,0.913271,-0.406591,-0.024888,0.029602,0.005308,0.999548,0,0.97908,0.93521,58.745,1.870,-1,400.000,-1,400.000,-1,325.000,325.000,300.000,300.000,-1,-1,-1,-1,800.000,-1,-1,-1,2,0,2,0,2,0,0,0,0,2,2,2,2,0,2,2,2
66,5441.579,-3961.697,-281.570,115.622,-0.432140,-0.901661,0.016203,0.901348,-0.432423,-0.024114,0.028749,0.004184,0.999578,0,0.89908,0.81521,53.945,1.630,-1,400.000,-1,400.000,-1,325.000,325.000,300.000,300.000,-1,-1,-1,-1,800.000,-1,-1,-1,2,0,2,0,2,0,0,0,0,2,2,2,2,0,2,2,2
67,5418.600,-3916.621,-280.261,117.012,-0.453920,-0.890906,0.015600,0.890607,-0.454176,-0.023300,0.027844,0.003317,0.999607,0,0.84325,0.69521,50.595,1.390,-1,400.000,-1,400.000,-1,325.000,325.000,300.000,300.000,-1,-1,-1,-1,775.000,-1,-1,-1,2,0,2,0,2,0,0,0,0,2,2,2,2,0,2,2,2
68,5394.795,-3872.155,-278.987,118.162,-0.471741,-0.881610,0.015001,0.881327,-0.471972,-0.022487,0.026905,0.002613,0.999635,0,0.84063,0.57521,50.438,1.150,-1,400.000,-1,400.000,-1,325.000,325.000,300.000,300.000,-1,-1,-1,-1,775.000,-1,-1,-1,2,0,2,0,2,0,0,0,0,2,2,2,2,0,2,2,2
69,5370.350,-3828.186,-277.724,119.073,-0.485711,-0.874000,0.014462,0.873737,-0.485921,-0.021548,0.025861,0.002170,0.999663,0,0.83845,0.45521,50.307,0.910,-1,400.000,-1,400.000,-1,325.000,325.000,300.000,300.000,-1,-1,-1,-1,775.000,-1,-1,-1,2,0,2,0,2,0,0,0,0,2,2,2,2,0,2,2,2
70,5345.444,-3784.598,-276.481,119.743,-0.495922,-0.868255,0.013966,0.868015,-0.496114,-0.020524,0.024749,0.001945,0.999692,0,0.83670,0.33521,50.202,0.670,-1,400.000,-1,400.000,-1,325.000,325.000,300.000,300.000,-1,-1,-1,-1,750.000,-1,-1,-1,2,0,2,0,2,0,0,0,0,2,2,2,2,0,2,2,2
71,5318.514,-3738.279,-275.228,120.174,-0.502450,-0.864504,0.013289,0.864288,-0.502623,-0.019419,0.023467,0.001728,0.999723,0,0.89299,0.21521,53.580,0.430,-1,400.000,-1,400.000,-1,325.000,325.000,300.000,300.000,-1,-1,-1,-1,750.000,-1,-1,-1,2,0,2,0,2,0,0,0,0,2,2,2,2,0,2,2,2
72,5291.390,-3691.981,-273.950,120.364,-0.505330,-0.862829,0.012973,0.862635,-0.505493,-0.018380,0.022417,0.001903,0.999747,0,0.89430,0.09521,53.658,0.190,-1,400.000,-1,400.000,-1,325.000,325.000,300.000,300.000,-1,-1,-1,-1,750.000,-1,-1,-1,2,0,2,0,2,0,0,0,0,2,2,2,2,0,2,2,2
73,5264.180,-3645.650,-272.692,120.426,-0.506268,-0.862281,0.012793,0.862109,-0.506425,-0.017377,0.021462,0.002231,0.999767,0,0.89550,0.03097,53.730,0.062,-1,400.000,-1,400.000,-1,325.000,325.000,300.000,300.000,-1,-1,-1,-1,750.000,-1,-1,-1,2,0,2,0,2,0,0,0,0,2,2,2,2,0,2,2,2
74,5236.893,-3599.291,-271.462,120.481,-0.507093,-0.861798,0.012698,0.861646,-0.507245,-0.016402,0.020576,0.002624,0.999785,0,0.89655,0.02727,53.793,0.055,-1,400.000,-1,425.000,-1,325.000,325.000,300.000,300.000,-1,-1,-1,-1,725.000,950.000,-1,-1,2,0,2,1,2,0,0,0,0,2,2,2,2,0,1,2,2
75,5209.544,-3552.913,-270.259,120.527,-0.507798,-0.861383,0.012689,0.861249,-0.507947,-0.015456,0.019759,0.003080,0.999800,0,0.89735,0.02338,53.841,0.047,-1,400.000,-1,450.000,-1,325.000,325.000,300.000,300.000,-1,-1,-1,-1,725.000,875.000,-1,-1,2,0,2,1,2,0,0,0,0,2,2,2,2,0,1,2,2
76,5182.149,-3506.526,-269.051,120.566,-0.508382,-0.861039,0.012608,0.860924,-0.508527,-0.014518,0.018912,0.003474,0.999815,0,0.89788,0.01929,53.873,0.039,-1,400.000,-1,450.000,-1,325.000,325.000,300.000,300.000,-1,-1,-1,-1,725.000,825.000,-1,-1,2,0,2,1,2,0,1,0,0,2,2,2,2,0,1,2,2
77,5154.721,-3460.142,-267.859,120.596,-0.508837,-0.860771,0.012549,0.860673,-0.508977,-0.013601,0.018095,0.003880,0.999829,0,0.89812,0.01501,53.887,0.030,-1,375.000,-1,425.000,-1,325.000,325.000,300.000,300.000,-1,-1,-1,-1,700.000,775.000,-1,-1,2,0,2,1,2,0,0,0,0,2,2,2,2,0,0,2,2
78,5127.279,-3413.771,-266.837,120.617,-0.509143,-0.860580,0.013234,0.860499,-0.509292,-0.012808,0.017763,0.004867,0.999830,0,0.89804,0.01054,53.882,0.021,-1,375.000,-1,425.000,-1,325.000,325.000,300.000,300.000,-1,-1,-1,-1,700.000,750.000,-1,-1,2,0,2,1,2,0,0,0,0,2,2,2,2,0,0,2,2
79,5099.840,-3367.428,-265.852,120.629,-0.509306,-0.860471,0.014034,0.860407,-0.509465,-0.012051,0.017519,0.005937,0.999829,0,0.89762,0.00586,53.857,0.012,-1,375.000,-1,400.000,-1,325.000,325.000,300.000,300.000,-1,-1,-1,-1,700.000,750.000,-1,-1,2,0,2,1,2,0,0,0,0,2,2,2,2,0,0,2,2
80,5072.423,-3321.127,-266.600,120.631,-0.509323,-0.860391,0.017788,0.860488,-0.509457,-0.003700,0.012246,0.013422,0.999835,0,0.89684,0.00098,53.810,0.002,-1,375.000,-1,375.000,-1,300.000,300.000,300.000,275.000,-1,-1,-1,-1,675.000,700.000,-1,-1,2,0,2,0,2,0,0,0,0,2,2,2,2,0,0,2,2
81,5045.047,-3274.881,-267.338,120.623,-0.509240,-0.860355,0.021549,0.860595,-0.509270,0.004464,0.007134,0.020818,0.999758,0,0.89569,-0.00408,53.741,-0.008,-1,350.000,-1,350.000,-1,300.000,300.000,300.000,275.000,-1,-1,-1,-1,650.000,650.000,-1,-1,2,0,2,0,2,0,0,0,0,2,2,2,2,0,0,2,2
82,5017.733,-3228.706,-267.444,120.604,-0.509007,-0.860420,0.024261,0.860753,-0.508931,0.009652,0.004043,0.025796,0.999659,0,0.89414,-0.00932,53.649,-0.019,-1,350.000,-1,350.000,-1,275.000,275.000,300.000,250.000,-1,-1,-1,-1,625.000,625.000,-1,-1,2,0,2,0,2,0,0,0,1,2,2,2,2,0,0,2,2
83,4990.503,-3182.617,-266.950,120.575,-0.508582,-0.860624,0.025887,0.861008,-0.508455,0.011771,0.003032,0.028276,0.999596,0,0.89220,-0.01471,53.532,-0.029,-1,350.000,-1,350.000,-1,275.000,275.000,300.000,600.000,-1,-1,-1,-1,600.000,600.000,-1,975.000,2,0,2,0,2,0,0,0,1,2,2,2,2,0,0,2,0
84,4963.377,-3136.630,-265.776,120.534,-0.507953,-0.860974,0.026603,0.861377,-0.507841,0.011299,0.003782,0.028655,0.999582,0,0.88985,-0.02025,53.391,-0.041,-1,350.000,-1,350.000,-1,275.000,275.000,300.000,800.000,-1,-1,-1,-1,600.000,600.000,-1,950.000,2,0,2,0,2,0,0,0,1,2,2,2,2,0,0,2,0
85,4936.378,-3090.760,-263.960,120.482,-0.507111,-0.861476,0.026406,0.861856,-0.507088,0.008075,0.006433,0.026853,0.999619,0,0.88710,-0.02590,53.226,-0.052,-1,350.000,-1,350.000,-1,275.000,275.000,300.000,975.000,-1,-1,-1,-1,625.000,600.000,-1,1000.000,2,0,2,0,2,0,0,0,1,2,2,2,2,0,0,2,0
86,4909.524,-3045.022,-261.408,120.419,-0.506058,-0.862111,0.025877,0.862425,-0.506181,0.002039,0.011340,0.023348,0.999663,0,0.88397,-0.03163,53.038,-0.063,-1,350.000,-1,350.000,-1,300.000,300.000,300.000,-1,-1,-1,-1,-1,625.000,625.000,-1,-1,2,0,2,0,2,0,0,0,2,2,2,2,2,0,0,2,2
87,4882.832,-2999.433,-258.254,120.350,-0.504929,-0.862817,0.024372,0.862972,-0.505208,-0.006676,0.018073,0.017662,0.999681,0,0.88047,-0.03428,52.828,-0.069,-1,375.000,-1,375.000,-1,300.000,300.000,300.000,-1,-1,-1,-1,-1,650.000,650.000,-1,-1,2,0,2,0,2,0,0,0,2,2,2,2,2,0,0,2,2
88,4856.311,-2954.010,-255.953,120.279,-0.503795,-0.863479,0.024382,0.863535,-0.504155,-0.011587,0.022297,0.015217,0.999636,0,0.87663,-0.03562,52.598,-0.071,-1,375.000,-1,375.000,-1,300.000,300.000,300.000,-1,-1,-1,-1,-1,675.000,675.000,-1,-1,2,0,2,0,2,0,0,0,2,2,2,2,2,0,0,2,2
89,4829.974,-2908.769,-254.513,120.206,-0.502629,-0.864113,0.025932,0.864170,-0.503041,-0.012663,0.023988,0.016045,0.999583,0,0.87249,-0.03672,52.350,-0.073,-1,375.000,-1,375.000,-1,300.000,300.000,300.000,-1,-1,-1,-1,-1,650.000,675.000,-1,-1,2,0,2,0,2,0,0,0,2,2,2,2,2,0,0,2,2
90,4803.828,-2863.720,-253.072,120.131,-0.501429,-0.864760,0.027540,0.864816,-0.501900,-0.013751,0.025713,0.016922,0.999526,0,0.86811,-0.03759,52.086,-0.075,-1,375.000,-1,375.000,-1,300.000,300.000,300.000,-1,-1,-1,-1,-1,650.000,675.000,-1,-1,2,0,2,0,2,0,0,0,2,2,2,2,2,0,0,2,2
91,4777.879,-2818.874,-251.631,120.054,-0.500204,-0.865415,0.029203,0.865472,-0.500738,-0.014849,0.027473,0.017847,0.999463,0,0.86354,-0.03822,51.812,-0.076,-1,375.000,-1,375.000,-1,300.000,300.000,300.000,-1,-1,-1,-1,-1,650.000,675.000,-1,1000.000,2,0,2,0,2,0,0,0,2,2,2,2,2,0,0,2,1
92,4754.217,-2778.250,-251.359,120.218,-0.502398,-0.863902,0.035620,0.864034,-0.503160,-0.016603,0.032266,0.022435,0.999227,0,0.78354,0.08178,47.012,0.164,-1,375.000,-1,375.000,-1,325.000,300.000,300.000,-1,-1,650.000,500.000,-1,675.000,675.000,-1,950.000,2,0,2,0,2,0,0,0,2,2,0,0,2,0,0,2,1
93,4732.771,-2741.891,-251.830,120.528,-0.506600,-0.861016,0.044810,0.861308,-0.507742,-0.018625,0.038788,0.029159,0.998822,0,0.70354,0.15511,42.212,0.310,-1,375.000,-1,375.000,-1,325.000,300.000,325.000,-1,-1,375.000,250.000,-1,700.000,675.000,-1,925.000,2,0,2,0,2,0,0,0,2,2,0,0,2,0,0,2,1
94,4713.591,-2709.769,-251.891,120.838,-0.510861,-0.858126,0.051392,0.858557,-0.512323,-0.020115,0.043591,0.033847,0.998476,0,0.62354,0.15520,37.412,0.310,-1,400.000,-1,375.000,975.000,325.000,300.000,325.000,-1,-1,275.000,150.000,-1,700.000,675.000,-1,900.000,2,0,2,0,1,0,0,0,2,2,0,0,2,0,0,2,1
95,4695.584,-2679.980,-251.492,121.149,-0.515187,-0.855251,0.055924,0.855752,-0.516922,-0.021915,0.047651,0.036567,0.998194,0,0.58014,0.15544,34.809,0.311,-1,400.000,-1,375.000,925.000,325.000,300.000,325.000,-1,-1,200.000,100.000,-1,725.000,675.000,-1,875.000,2,0,2,0,1,0,0,0,2,2,0,0,2,0,0,2,1
96,4677.530,-2650.476,-250.728,121.461,-0.519579,-0.852383,0.058999,0.852897,-0.521538,-0.023771,0.051033,0.037969,0.997975,0,0.57647,0.15579,34.588,0.312,-1,400.000,-1,375.000,900.000,325.000,300.000,325.000,-1,-1,150.000,75.000,975.000,725.000,675.000,-1,850.000,2,0,2,0,1,0,0,0,2,2,0,0,0,0,0,2,1
97,4659.429,-2621.253,-249.646,121.773,-0.524048,-0.849511,0.060862,0.849999,-0.526171,-0.025426,0.053623,0.038408,0.997822,0,0.57292,0.15626,34.375,0.313,-1,400.000,-1,375.000,850.000,325.000,325.000,325.000,-1,-1,125.000,50.000,925.000,750.000,700.000,-1,800.000,2,0,2,0,1,0,0,0,2,2,0,0,0,0,1,2,1
98,4641.278,-2592.302,-248.199,122.087,-0.528589,-0.846628,0.061765,0.847056,-0.530821,-0.026927,0.055583,0.038085,0.997727,0,0.56950,0.15686,34.170,0.314,-1,400.000,-1,375.000,825.000,325.000,325.000,325.000,-1,-1,100.000,25.000,975.000,750.000,675.000,-1,775.000,2,0,2,0,1,0,0,0,2,2,0,0,1,0,1,2,1
99,4623.073,-2563.618,-246.461,122.402,-0.533236,-0.843739,0.061353,0.844065,-0.535497,-0.028253,0.056693,0.036720,0.997716,0,0.56623,0.15757,33.974,0.315,-1,400.000,-1,375.000,775.000,325.000,325.000,325.000,-1,-1,125.000,25.000,-1,750.000,675.000,-1,750.000,2,0,2,0,1,0,0,0,2,2,0,0,2,0,1,2,1
100,4604.811,-2535.190,-244.428,122.719,-0.537994,-0.840836,0.059639,0.841023,-0.540199,-0.029409,0.056945,0.034336,0.997787,0,0.56314,0.15839,33.788,0.317,-1,400.000,-1,375.000,750.000,325.000,325.000,325.000,-1,-1,150.000,75.000,-1,750.000,650.000,-1,725.000,2,0,2,0,1,0,0,0,2,2,0,0,2,0,1,2,1
101,4586.487,-2507.010,-242.027,123.038,-0.542859,-0.837904,0.056751,0.837948,-0.544922,-0.030049,0.056102,0.031242,0.997936,0,0.56023,0.15931,33.614,0.319,-1,400.000,-1,375.000,725.000,325.000,325.000,300.000,-1,-1,200.000,150.000,-1,725.000,625.000,-1,700.000,2,0,2,0,1,0,0,0,2,2,0,0,2,0,1,2,1
102,4568.095,-2479.069,-239.338,123.358,-0.547823,-0.834942,0.052556,0.834822,-0.549669,-0.030584,0.054424,0.027120,0.998150,0,0.55751,0.16034,33.451,0.321,-1,375.000,1000.000,375.000,675.000,325.000,325.000,300.000,-1,-1,300.000,275.000,-1,725.000,600.000,-1,675.000,2,0,1,0,1,0,0,0,2,2,0,1,2,0,1,2,1
103,4549.630,-2451.358,-236.361,123.681,-0.552873,-0.831936,0.047055,0.831647,-0.554436,-0.031037,0.051910,0.021974,0.998410,0,0.55500,0.16146,33.300,0.323,-1,375.000,975.000,375.000,650.000,325.000,325.000,300.000,-1,-1,425.000,375.000,-1,700.000,600.000,-1,650.000,2,0,1,0,1,0,0,0,2,2,0,0,2,0,1,2,1
104,4531.085,-2423.867,-233.692,124.006,-0.557828,-0.828840,0.043036,0.828431,-0.559196,-0.031654,0.050301,0.017995,0.998572,0,0.55270,0.16267,33.162,0.325,-1,375.000,950.000,375.000,625.000,300.000,325.000,300.000,-1,-1,525.000,475.000,-1,675.000,575.000,-1,600.000,2,0,1,0,1,0,0,0,2,2,0,0,2,0,1,2,1
105,4512.452,-2396.587,-231.942,124.334,-0.562496,-0.825626,0.044033,0.825175,-0.563931,-0.032668,0.051803,0.017959,0.998496,0,0.55060,0.16398,33.036,0.328,-1,375.000,925.000,375.000,600.000,300.000,325.000,300.000,-1,-1,525.000,475.000,-1,700.000,550.000,-1,575.000,2,0,1,0,1,0,0,0,2,2,0,0,2,0,1,2,1
106,4493.726,-2369.508,-230.148,124.665,-0.567172,-0.822356,0.045246,0.821865,-0.568686,-0.033668,0.053418,0.018090,0.998408,0,0.54871,0.16536,32.923,0.331,-1,375.000,900.000,375.000,550.000,300.000,325.000,300.000,300.000,-1,525.000,475.000,-1,700.000,525.000,-1,550.000,2,0,1,0,1,0,0,0,0,2,0,0,2,0,1,2,1
107,4471.961,-2338.697,-228.087,125.236,-0.575245,-0.816651,0.046639,0.816110,-0.576850,-0.034761,0.055291,0.018067,0.998307,0,0.62871,0.28536,37.723,0.571,-1,375.000,875.000,375.000,525.000,325.000,325.000,300.000,300.000,-1,500.000,475.000,-1,700.000,525.000,-1,525.000,2,0,1,0,1,0,0,0,0,2,0,0,2,0,1,2,1
108,4446.939,-2304.315,-225.752,126.047,-0.586642,-0.808409,0.048217,0.807809,-0.588349,-0.035914,0.057401,0.017881,0.998191,0,0.70871,0.40536,42.523,0.811,-1,375.000,850.000,375.000,475.000,325.000,325.000,300.000,300.000,-1,500.000,500.000,-1,700.000,500.000,-1,475.000,2,0,1,0,1,0,0,0,0,2,0,1,2,0,1,2,1
109,4418.395,-2266.570,-223.138,127.097,-0.601259,-0.797490,0.049982,0.796819,-0.603078,-0.037093,0.059724,0.017524,0.998061,0,0.78871,0.52536,47.323,1.051,-1,375.000,825.000,375.000,425.000,325.000,325.000,300.000,300.000,-1,500.000,525.000,-1,725.000,475.000,-1,450.000,2,0,1,1,1,0,0,0,0,2,0,1,2,0,1,2,1
110,4386.781,-2226.666,-220.306,128.388,-0.618955,-0.783710,0.051895,0.782962,-0.620895,-0.038223,0.062177,0.016973,0.997921,0,0.84848,0.64536,50.909,1.291,-1,375.000,800.000,350.000,400.000,325.000,325.000,300.000,300.000,-1,475.000,475.000,-1,725.000,450.000,-1,400.000,2,0,1,1,1,0,0,0,0,2,0,0,2,0,1,2,1
111,4354.174,-2187.694,-217.316,129.919,-0.639608,-0.766861,0.053157,0.766019,-0.641622,-0.039193,0.064162,0.015651,0.997817,0,0.84689,0.76536,50.813,1.531,-1,375.000,775.000,350.000,350.000,325.000,325.000,300.000,300.000,-1,450.000,450.000,-1,725.000,425.000,-1,350.000,2,0,1,1,1,0,0,0,0,2,0,0,2,1,1,2,1
112,4317.187,-2146.164,-213.794,131.689,-0.663013,-0.746695,0.053488,0.745731,-0.665035,-0.040173,0.065568,0.013252,0.997760,0,0.92689,0.88536,55.613,1.771,-1,375.000,750.000,325.000,300.000,325.000,325.000,300.000,300.000,-1,475.000,475.000,-1,725.000,400.000,-1,325.000,2,0,1,1,1,0,1,0,0,2,0,0,2,1,1,2,1
113,4277.742,-2104.723,-210.035,133.587,-0.687388,-0.724294,0.053813,0.723167,-0.689415,-0.041676,0.067285,0.010269,0.997681,0,0.95353,0.94861,57.212,1.897,-1,375.000,750.000,300.000,250.000,325.000,300.000,300.000,300.000,-1,475.000,500.000,-1,725.000,375.000,-1,275.000,2,0,1,1,1,0,1,0,0,2,0,0,2,1,1,2,1
114,4237.001,-2064.642,-206.202,135.469,-0.710827,-0.701275,0.054209,0.699963,-0.712856,-0.043445,0.069110,0.007062,0.997584,0,0.95252,0.94127,57.151,1.883,-1,400.000,-1,275.000,225.000,325.000,275.000,300.000,300.000,-1,500.000,525.000,-1,725.000,350.000,-1,225.000,2,0,2,1,1,0,1,0,0,2,0,0,2,1,1,2,1
115,4195.058,-2025.986,-200.699,137.336,-0.733341,-0.677697,0.054201,0.675681,-0.735340,-0.052252,0.075267,-0.001696,0.997162,0,0.95064,0.93339,57.038,1.867,-1,400.000,-1,275.000,200.000,325.000,275.000,300.000,300.000,-1,425.000,475.000,-1,750.000,350.000,-1,225.000,2,0,2,1,1,0,1,0,1,2,0,0,2,1,1,2,1
116,4152.017,-1988.813,-192.809,139.186,-0.754984,-0.653489,0.054319,0.649821,-0.756702,-0.071654,0.087928,-0.018800,0.995949,0,0.94781,0.92502,56.869,1.850,-1,425.000,-1,275.000,200.000,350.000,275.000,275.000,300.000,-1,300.000,400.000,-1,850.000,350.000,-1,200.000,2,0,2,1,1,1,1,0,1,2,0,0,2,1,1,2,1
117,4107.984,-1953.181,-185.084,141.018,-0.775669,-0.628680,0.055672,0.623179,-0.776865,-0.090155,0.099928,-0.035237,0.994370,0,0.94401,0.91618,56.641,1.832,-1,475.000,-1,275.000,175.000,350.000,275.000,275.000,275.000,1000.000,250.000,350.000,-1,-1,350.000,-1,200.000,2,0,2,1,1,1,1,0,1,0,0,0,2,2,1,2,1
118,4063.074,-1919.137,-177.540,142.832,-0.795343,-0.603364,0.058154,0.595865,-0.795835,-0.107665,0.111242,-0.050979,0.992485,0,0.93921,0.90697,56.353,1.814,-1,500.000,-1,275.000,175.000,375.000,275.000,275.000,275.000,800.000,200.000,300.000,-1,-1,375.000,-1,200.000,2,0,2,1,1,1,1,0,1,0,0,0,2,2,1,2,1
119,4017.400,-1886.718,-170.198,144.627,-0.813977,-0.577630,0.061532,0.568002,-0.813624,-0.124056,0.121722,-0.066028,0.990366,0,0.93345,0.89747,56.007,1.795,-1,525.000,-1,275.000,175.000,375.000,300.000,250.000,250.000,650.000,150.000,275.000,-1,-1,375.000,-1,200.000,2,1,2,1,1,1,1,0,1,0,0,0,2,2,1,2,1
120,3971.074,-1855.951,-163.004,146.403,-0.831561,-0.551571,0.065396,0.539802,-0.830273,-0.138783,0.130846,-0.080106,0.988161,0,0.92681,0.88782,55.609,1.776,-1,550.000,-1,300.000,175.000,400.000,300.000,250.000,250.000,550.000,125.000,250.000,-1,-1,450.000,-1,200.000,2,1,2,1,1,1,1,0,1,0,0,0,2,2,1,2,1
121,3924.196,-1826.868,-156.064,148.175,-0.848211,-0.525010,0.070021,0.511020,-0.845941,-0.152456,0.139274,-0.093533,0.985827,0,0.91942,0.88620,55.165,1.772,-1,575.000,-1,325.000,175.000,425.000,350.000,250.000,225.000,475.000,100.000,225.000,-1,-1,-1,-1,200.000,2,1,2,1,1,1,1,0,1,0,0,0,2,2,2,2,1
122,3873.772,-1797.828,-148.973,150.051,-0.864815,-0.496356,0.075664,0.479946,-0.861494,-0.165771,0.147465,-0.107046,0.983257,0,0.96977,0.93797,58.186,1.876,-1,600.000,-1,375.000,175.000,450.000,400.000,250.000,225.000,425.000,75.000,225.000,-1,-1,-1,-1,200.000,2,1,2,1,1,1,1,0,1,0,0,0,2,2,2,2,1
123,3822.548,-1770.501,-141.960,151.908,-0.880276,-0.467458,0.081225,0.448622,-0.875772,-0.178221,0.154446,-0.120445,0.980632,0,0.96758,0.92844,58.055,1.857,-1,625.000,-1,500.000,175.000,500.000,475.000,250.000,200.000,375.000,50.000,225.000,-1,-1,-1,-1,-1,2,0,2,1,1,1,1,0,1,0,0,0,2,2,2,2,2
124,3770.668,-1744.921,-136.366,153.744,-0.894500,-0.438700,0.086087,0.418462,-0.889370,-0.184149,0.157349,-0.128698,0.979121,0,0.96408,0.91803,57.845,1.836,-1,650.000,-1,-1,-1,575.000,575.000,225.000,200.000,350.000,50.000,225.000,-1,-1,-1,-1,-1,2,0,2,2,2,1,1,0,1,0,0,0,2,2,2,2,2
125,7730.917,4338.708,-9.356,13.214,0.971805,-0.228551,-0.057964,0.229119,0.973393,0.003255,0.055678,-0.016444,0.998313,1,0.00000,0.00000,57.547,1.814,-1,550.000,-1,400.000,-1,375.000,325.000,325.000,325.000,375.000,175.000,300.000,-1,-1,-1,-1,-1,2,1,2,1,2,1,1,1,1,1,1,0,2,2,2,2,2
126,7735.585,4339.825,-9.290,13.454,0.970777,-0.232623,-0.058982,0.233243,0.972411,0.003763,0.056479,-0.017410,0.998252,0,0.08000,0.12000,4.800,0.240,-1,575.000,-1,400.000,-1,375.000,350.000,325.000,325.000,375.000,175.000,300.000,-1,-1,-1,-1,-1,2,1,2,1,2,1,1,1,1,1,1,0,2,2,2,2,2
127,7744.905,4342.128,-9.156,13.878,0.968902,-0.239810,-0.060984,0.240538,0.970628,0.004776,0.058048,-0.019296,0.998127,0,0.16000,0.21218,9.600,0.424,-1,575.000,-1,400.000,-1,375.000,350.000,325.000,325.000,375.000,150.000,300.000,-1,-1,-1,-1,-1,2,1,2,1,2,1,1,1,1,1,1,0,2,2,2,2,2
128,7758.860,4345.684,-8.942,14.298,0.966933,-0.246904,-0.063869,0.247796,0.968791,0.006328,0.060313,-0.021945,0.997938,0,0.24000,0.20995,14.400,0.420,-1,575.000,-1,425.000,-1,400.000,350.000,325.000,325.000,375.000,150.000,275.000,-1,-1,-1,-1,-1,2,1,2,1,2,1,1,1,1,1,1,0,2,2,2,2,2
129,7777.431,4350.561,-8.658,14.712,0.964869,-0.253875,-0.067635,0.255002,0.966904,0.008445,0.063253,-0.025395,0.997674,0,0.32000,0.20695,19.200,0.414,-1,600.000,-1,450.000,-1,400.000,375.000,300.000,300.000,375.000,125.000,275.000,-1,-1,-1,-1,-1,2,1,2,1,2,1,1,1,1,1,1,0,2,2,2,2,2
130,7800.600,4356.821,-7.881,15.118,0.962778,-0.260677,-0.071462,0.262225,0.964918,0.013052,0.065553,-0.031305,0.997358,0,0.40000,0.20302,24.000,0.406,-1,625.000,-1,475.000,-1,425.000,375.000,300.000,325.000,350.000,125.000,275.000,-1,-1,-1,-1,-1,2,1,2,1,2,1,1,1,1,1,1,0,2,2,2,2,2
131,7828.350,4364.526,-6.759,15.514,0.960792,-0.267263,-0.073821,0.269376,0.962825,0.020136,0.065695,-0.039232,0.997068,0,0.48000,0.19794,28.800,0.396,-1,625.000,-1,500.000,-1,425.000,400.000,300.000,325.000,350.000,150.000,300.000,-1,-1,-1,-1,-1,2,1,2,1,2,1,1,1,1,1,1,0,2,2,2,2,2
132,6644.781,-936.841,-155.430,-193.249,-0.973328,-0.229181,-0.010433,0.229235,-0.973362,-0.004240,-0.009183,-0.006518,0.999937,1,0.00000,0.00000,33.600,0.383,-1,275.000,-1,325.000,-1,225.000,250.000,-1,325.000,-1,-1,-1,-1,-1,750.000,-1,-1,2,1,2,1,2,1,1,2,1,2,2,2,2,2,1,2,2
133,6640.113,-935.721,-155.044,-193.489,-0.972371,-0.233259,-0.009209,0.233292,-0.972403,-0.002716,-0.008322,-0.004790,0.999954,0,0.08000,-0.12000,4.800,-0.240,-1,275.000,-1,325.000,-1,225.000,250.000,-1,325.000,-1,-1,-1,-1,-1,750.000,-1,-1,2,1,2,1,2,1,1,2,1,2,2,2,2,2,1,2,2
134,6630.797,-933.403,-154.941,-193.969,-0.970413,-0.241398,-0.005064,0.241414,-0.970418,-0.002891,-0.004216,-0.004028,0.999983,0,0.16000,-0.24000,9.600,-0.480,-1,300.000,-1,350.000,-1,225.000,250.000,-1,300.000,-1,-1,-1,-1,-1,775.000,-1,-1,2,1,2,1,2,1,1,2,1,2,2,2,2,2,1,2,2
