timestep,x_cm,y_cm,z_cm,yaw_deg,basis_xx,basis_xy,basis_xz,basis_yx,basis_yy,basis_yz,basis_zx,basis_zy,basis_zz,teleport_flag,throttle_cmd,steering_cmd,cmd_move_cm,cmd_turn_deg,lidar_cm_0,lidar_cm_1,lidar_cm_2,lidar_cm_3,lidar_cm_4,lidar_cm_5,lidar_cm_6,lidar_cm_7,lidar_cm_8,lidar_cm_9,lidar_cm_10,lidar_cm_11,lidar_cm_12,lidar_cm_13,lidar_cm_14,lidar_cm_15,lidar_cm_16,lidar_class_0,lidar_class_1,lidar_class_2,lidar_class_3,lidar_class_4,lidar_class_5,lidar_class_6,lidar_class_7,lidar_class_8,lidar_class_9,lidar_class_10,lidar_class_11,lidar_class_12,lidar_class_13,lidar_class_14,lidar_class_15,lidar_class_16
0,1641.683,4267.988,159.068,67.301,0.385532,-0.922480,0.019892,0.922404,0.385862,0.016763,-0.023139,0.011886,0.999662,1,0.08000,0.12000,4.800,0.240,425.000,375.000,-1,375.000,550.000,300.000,300.000,350.000,350.000,-1,550.000,625.000,-1,450.000,700.000,425.000,750.000,1,1,2,0,1,0,0,0,0,2,0,0,2,1,1,1,1
1,1645.313,4276.875,158.810,67.781,0.377794,-0.925678,0.019786,0.925609,0.378119,0.016522,-0.022775,0.012072,0.999668,0,0.16000,0.24000,9.600,0.480,425.000,350.000,-1,375.000,550.000,300.000,300.000,350.000,325.000,-1,550.000,625.000,-1,450.000,700.000,400.000,750.000,1,1,2,0,1,0,0,0,0,2,0,0,2,1,1,1,1
2,1650.590,4290.273,158.433,68.501,0.366138,-0.930354,0.019613,0.930294,0.366456,0.016183,-0.022244,0.012320,0.999677,0,0.24000,0.36000,14.400,0.720,400.000,350.000,-1,375.000,550.000,300.000,300.000,350.000,325.000,-1,550.000,625.000,-1,425.000,725.000,400.000,800.000,1,1,2,0,1,0,0,0,0,2,0,0,2,1,1,1,1
3,1657.370,4308.237,157.952,69.323,0.352767,-0.935511,0.019356,0.935462,0.353075,0.015772,-0.021589,0.012543,0.999688,0,0.32000,0.41086,19.200,0.822,400.000,350.000,-1,375.000,575.000,300.000,300.000,350.000,325.000,-1,550.000,625.000,-1,425.000,725.000,375.000,825.000,1,1,2,0,1,0,0,0,0,2,0,0,2,1,1,1,1
4,1665.524,4330.809,157.385,70.139,0.339423,-0.940442,0.018999,0.940403,0.339718,0.015306,-0.020848,0.012672,0.999702,0,0.40000,0.40794,24.000,0.816,375.000,325.000,-1,375.000,575.000,300.000,300.000,350.000,325.000,-1,550.000,625.000,-1,400.000,725.000,375.000,-1,1,1,2,0,1,0,0,0,0,2,0,0,2,1,1,1,2
5,1674.923,4358.032,156.743,70.951,0.326069,-0.945164,0.018531,0.945134,0.326349,0.014803,-0.020038,0.012687,0.999719,0,0.48000,0.40623,28.800,0.812,350.000,300.000,-1,375.000,575.000,300.000,300.000,350.000,325.000,-1,550.000,625.000,-1,375.000,725.000,350.000,-1,1,1,2,0,1,1,0,0,0,2,0,0,2,1,1,1,2
6,1685.440,4389.944,156.038,71.761,0.312702,-0.949682,0.017939,0.949658,0.312963,0.014280,-0.019175,0.012570,0.999737,0,0.56000,0.40474,33.600,0.809,325.000,300.000,-1,375.000,575.000,275.000,300.000,350.000,325.000,-1,550.000,625.000,-1,350.000,725.000,300.000,-1,1,1,2,1,1,1,1,0,0,2,0,0,2,1,1,1,2
7,1696.943,4426.580,155.285,72.568,0.299312,-0.954000,0.017212,0.953980,0.299554,0.013754,-0.018277,0.012303,0.999757,0,0.64000,0.40362,38.400,0.807,275.000,275.000,850.000,350.000,575.000,250.000,300.000,350.000,325.000,-1,550.000,625.000,-1,325.000,750.000,275.000,-1,1,1,1,1,1,1,1,0,0,2,0,0,2,1,1,1,2
8,1709.304,4467.974,154.497,73.374,0.285884,-0.958125,0.016336,0.958107,0.286105,0.013243,-0.017362,0.011865,0.999779,0,0.72000,0.40302,43.200,0.806,250.000,250.000,700.000,325.000,600.000,225.000,275.000,350.000,325.000,-1,550.000,650.000,-1,300.000,750.000,225.000,-1,1,1,1,1,1,1,1,0,0,2,0,0,2,1,1,1,2
9,1722.389,4514.156,153.689,74.180,0.272398,-0.962063,0.015300,0.962044,0.272596,0.012763,-0.016450,0.011243,0.999801,0,0.80000,0.40314,48.000,0.806,200.000,225.000,600.000,325.000,625.000,200.000,250.000,350.000,325.000,-1,575.000,675.000,-1,275.000,750.000,200.000,-1,1,1,1,1,1,1,1,0,0,2,0,0,2,1,1,1,2
10,1734.958,4561.039,156.421,74.989,0.258910,-0.965576,0.025067,0.965893,0.258932,-0.002418,-0.004156,0.024838,0.999683,0,0.80898,0.40420,48.539,0.808,175.000,200.000,625.000,300.000,-1,200.000,250.000,375.000,325.000,-1,350.000,225.000,-1,250.000,825.000,175.000,-1,1,1,1,1,2,1,1,0,0,2,0,0,2,1,1,1,2
11,1746.807,4607.922,161.773,75.801,0.246042,-0.968290,0.043332,0.969120,0.245002,-0.027950,0.016447,0.048870,0.998670,0,0.80596,0.40608,48.357,0.812,175.000,200.000,-1,325.000,-1,200.000,250.000,475.000,300.000,-1,225.000,100.000,-1,250.000,975.000,175.000,-1,1,1,2,1,2,1,1,0,0,2,0,0,2,1,0,1,2
12,1757.933,4654.791,167.082,76.618,0.233891,-0.970273,0.062173,0.971566,0.230825,-0.052723,0.036804,0.072736,0.996672,0,0.80283,0.40876,48.170,0.818,175.000,200.000,-1,350.000,-1,200.000,250.000,575.000,275.000,-1,175.000,50.000,875.000,250.000,-1,150.000,-1,1,1,2,1,2,1,1,0,0,2,0,0,1,1,2,1,2
13,1768.343,4701.633,174.289,77.443,0.222464,-0.972187,0.073222,0.972924,0.216548,-0.080789,0.062686,0.089212,0.994038,0,0.79971,0.41225,47.983,0.825,175.000,200.000,-1,400.000,-1,200.000,275.000,625.000,275.000,-1,125.000,25.000,750.000,275.000,-1,150.000,-1,1,1,2,1,2,1,1,1,0,2,0,0,1,1,2,1,2
14,3607.633,-3607.629,93.429,-61.544,0.474667,0.879068,0.043934,-0.877938,0.476424,-0.047376,-0.062577,-0.016084,0.997911,1,0.00000,0.00000,47.802,0.833,-1,400.000,550.000,375.000,375.000,300.000,300.000,200.000,300.000,375.000,600.000,-1,725.000,650.000,400.000,900.000,375.000,2,0,1,1,1,0,0,1,0,1,1,2,1,1,1,1,1
15,3609.938,-3611.840,93.197,-61.304,0.478342,0.877067,0.044081,-0.875934,0.480103,-0.047339,-0.062683,-0.015967,0.997906,0,0.08000,0.12000,4.800,0.240,-1,400.000,550.000,375.000,375.000,300.000,300.000,200.000,300.000,400.000,625.000,-1,725.000,650.000,400.000,900.000,375.000,2,0,1,1,1,0,0,1,0,1,1,2,1,1,1,1,1
16,3614.618,-3620.222,92.733,-60.824,0.485667,0.873017,0.044369,-0.871878,0.487436,-0.047274,-0.062898,-0.015725,0.997896,0,0.16000,0.24000,9.600,0.480,-1,400.000,550.000,350.000,350.000,300.000,300.000,200.000,300.000,400.000,650.000,-1,725.000,650.000,400.000,925.000,375.000,2,0,1,1,1,0,0,1,0,1,1,2,1,1,1,1,1
17,3621.795,-3632.706,92.035,-60.104,0.496591,0.866828,0.044794,-0.865679,0.498371,-0.047187,-0.063227,-0.015344,0.997881,0,0.24000,0.36000,14.400,0.720,-1,400.000,550.000,350.000,350.000,300.000,300.000,225.000,300.000,400.000,725.000,-1,750.000,650.000,375.000,925.000,350.000,2,0,1,1,1,0,0,1,0,1,1,2,1,1,1,1,1
18,3631.642,-3649.188,91.097,-59.144,0.511034,0.858364,0.045349,-0.857199,0.512828,-0.047083,-0.063670,-0.014812,0.997861,0,0.32000,0.48000,19.200,0.960,-1,400.000,525.000,350.000,325.000,300.000,300.000,225.000,300.000,425.000,-1,-1,800.000,650.000,375.000,950.000,325.000,2,0,1,1,1,0,0,1,0,1,2,2,1,1,1,1,1
19,3644.380,-3669.529,89.909,-57.944,0.528886,0.847444,0.046029,-0.846259,0.530697,-0.046964,-0.064227,-0.014114,0.997836,0,0.40000,0.60000,24.000,1.200,-1,400.000,525.000,325.000,300.000,325.000,300.000,225.000,300.000,425.000,-1,-1,850.000,625.000,350.000,-1,325.000,2,0,1,1,1,0,0,1,0,1,2,2,1,1,1,2,1
20,3660.274,-3693.546,88.429,-56.504,0.550003,0.833851,0.046795,-0.832633,0.551833,-0.046938,-0.064962,-0.013147,0.997801,0,0.48000,0.72000,28.800,1.440,-1,400.000,500.000,325.000,275.000,325.000,300.000,225.000,300.000,450.000,-1,-1,925.000,625.000,350.000,-1,300.000,2,0,1,1,1,0,0,1,0,1,2,2,1,1,1,2,1
21,3679.631,-3721.010,86.665,-54.824,0.574198,0.817326,0.047704,-0.816072,0.576050,-0.046828,-0.065754,-0.012041,0.997763,0,0.56000,0.84000,33.600,1.680,-1,400.000,500.000,300.000,250.000,325.000,300.000,225.000,300.000,475.000,-1,-1,-1,625.000,325.000,-1,275.000,2,0,1,1,1,0,0,1,0,1,2,2,2,1,1,2,1
22,3702.792,-3751.639,84.601,-52.904,0.601238,0.797577,0.048825,-0.796293,0.603118,-0.046539,-0.066565,-0.010898,0.997723,0,0.64000,0.96000,38.400,1.920,-1,400.000,475.000,275.000,225.000,325.000,300.000,250.000,300.000,525.000,-1,1000.000,-1,625.000,300.000,-1,225.000,2,0,1,1,1,0,1,1,0,1,2,1,2,1,1,2,1
23,3730.035,-3785.166,82.233,-50.904,0.628683,0.776052,0.050010,-0.774744,0.630593,-0.046085,-0.067301,-0.009772,0.997685,0,0.72000,1.00000,43.200,2.000,-1,400.000,450.000,250.000,175.000,325.000,275.000,250.000,300.000,550.000,-1,975.000,-1,625.000,275.000,-1,200.000,2,0,1,1,1,0,1,1,0,1,2,1,2,1,1,2,1
24,3761.586,-3821.340,79.512,-48.904,0.655359,0.753578,0.051238,-0.752272,0.657298,-0.045234,-0.067766,-0.008900,0.997662,0,0.80000,1.00000,48.000,2.000,-1,400.000,425.000,225.000,150.000,325.000,250.000,250.000,300.000,575.000,-1,975.000,-1,600.000,250.000,-1,150.000,2,0,1,1,1,0,1,1,0,1,2,1,2,1,1,2,1
25,3797.661,-3859.894,76.624,-46.904,0.681224,0.730174,0.052723,-0.729015,0.683193,-0.042248,-0.066868,-0.009656,0.997715,0,0.88000,1.00000,52.800,2.000,-1,400.000,400.000,200.000,100.000,325.000,225.000,275.000,300.000,600.000,-1,975.000,-1,600.000,225.000,-1,125.000,2,0,1,1,1,0,1,1,0,1,2,1,2,1,1,2,1
26,3835.989,-3898.072,82.860,-44.904,0.706580,0.705151,0.059218,-0.706659,0.707522,0.006767,-0.037126,-0.046628,0.998222,0,0.90170,1.00000,54.102,2.000,-1,450.000,475.000,200.000,100.000,325.000,225.000,275.000,300.000,375.000,975.000,900.000,-1,725.000,225.000,-1,125.000,2,0,1,1,1,1,1,1,1,1,1,1,2,1,1,2,1
27,3875.578,-3934.828,88.372,-42.904,0.732031,0.678415,0.062322,-0.681226,0.729962,0.055546,-0.007809,-0.083117,0.996509,0,0.90038,1.00000,54.023,2.000,-1,500.000,-1,200.000,100.000,350.000,225.000,275.000,275.000,275.000,250.000,450.000,-1,1000.000,250.000,-1,100.000,2,1,2,1,1,1,1,1,1,1,0,0,2,1,1,2,1
28,3919.903,-3973.497,93.816,-41.144,0.754818,0.652919,0.062822,-0.655487,0.747300,0.108993,0.024217,-0.123449,0.992055,0,0.98038,0.88000,58.823,1.760,-1,525.000,-1,225.000,100.000,350.000,250.000,250.000,275.000,200.000,100.000,275.000,-1,-1,250.000,-1,100.000,2,1,2,1,1,1,1,0,1,1,0,0,2,2,1,2,1
29,3966.228,-4011.630,98.690,-39.517,0.776201,0.627574,0.060518,-0.627929,0.760849,0.163752,0.056722,-0.165106,0.984643,0,1.00000,0.81343,60.000,1.627,-1,625.000,-1,225.000,100.000,400.000,275.000,225.000,250.000,150.000,25.000,175.000,-1,-1,275.000,-1,100.000,2,1,2,1,1,1,1,0,1,1,0,0,2,2,1,2,1
30,4013.738,-4048.274,104.197,-37.703,0.798766,0.599153,0.054668,-0.595811,0.775133,0.210186,0.083559,-0.200461,0.976132,0,1.00000,0.90705,60.000,1.814,-1,775.000,-1,250.000,100.000,450.000,300.000,225.000,225.000,150.000,0.000,175.000,-1,-1,350.000,-1,100.000,2,1,2,1,1,1,1,0,1,1,0,0,2,2,1,2,1
31,4062.369,-4083.417,109.549,-35.920,0.820009,0.570488,0.046141,-0.562108,0.787529,0.252651,0.107796,-0.233112,0.966457,0,1.00000,0.89161,60.000,1.783,-1,825.000,-1,325.000,100.000,825.000,400.000,200.000,225.000,125.000,0.000,150.000,-1,-1,-1,-1,100.000,2,1,2,1,1,1,1,0,1,0,0,0,2,2,2,2,1
32,6887.289,-8855.082,-109.764,32.054,0.846994,-0.530686,0.031187,0.529797,0.847495,0.032674,-0.043770,-0.011152,0.998979,1,0.00000,0.00000,60.000,1.749,-1,425.000,875.000,400.000,-1,325.000,325.000,300.000,300.000,-1,525.000,600.000,-1,750.000,600.000,-1,825.000,2,0,1,1,2,0,0,0,0,2,1,1,2,1,1,2,1
33,6891.368,-8852.551,-109.969,31.814,0.849209,-0.527130,0.031268,0.526231,0.849708,0.032827,-0.043873,-0.011422,0.998972,0,0.08000,-0.12000,4.800,-0.240,-1,425.000,875.000,400.000,-1,325.000,325.000,300.000,300.000,-1,525.000,600.000,-1,750.000,575.000,-1,825.000,2,0,1,1,2,0,0,0,0,2,1,1,2,1,1,2,1
34,6899.568,-8847.559,-110.381,31.334,0.853594,-0.519990,0.031430,0.519071,0.854089,0.033132,-0.044073,-0.011967,0.998957,0,0.16000,-0.24000,9.600,-0.480,-1,425.000,850.000,400.000,-1,325.000,325.000,300.000,300.000,-1,550.000,600.000,-1,725.000,575.000,-1,825.000,2,0,1,1,2,0,0,0,0,2,1,1,2,1,1,2,1
35,6911.961,-8840.226,-111.000,30.614,0.860059,-0.509211,0.031671,0.508263,0.860547,0.033589,-0.044358,-0.012791,0.998934,0,0.24000,-0.36000,14.400,-0.720,-1,400.000,825.000,400.000,-1,325.000,325.000,300.000,300.000,-1,550.000,600.000,-1,725.000,575.000,1000.000,825.000,2,0,1,1,2,0,0,0,0,2,1,1,2,1,1,1,1
36,6928.646,-8830.726,-111.828,29.654,0.868467,-0.494714,0.031989,0.493727,0.868944,0.034195,-0.044714,-0.013904,0.998903,0,0.32000,-0.48000,19.200,-0.960,-1,400.000,825.000,375.000,-1,325.000,325.000,300.000,300.000,-1,575.000,625.000,-1,675.000,575.000,950.000,825.000,2,0,1,1,2,0,0,0,0,2,1,1,2,1,1,1,1
37,6949.747,-8819.291,-112.868,28.454,0.878633,-0.476398,0.032380,0.475361,0.879096,0.034949,-0.045115,-0.015315,0.998864,0,0.40000,-0.60000,24.000,-1.200,-1,400.000,800.000,375.000,-1,325.000,325.000,300.000,300.000,-1,600.000,650.000,-1,650.000,550.000,900.000,825.000,2,0,1,1,2,0,0,0,0,2,1,1,2,1,1,1,1
38,6975.370,-8806.141,-114.121,27.165,0.889121,-0.456493,0.032837,0.455398,0.889566,0.035851,-0.045577,-0.016922,0.998817,0,0.48000,-0.64440,28.800,-1.289,-1,400.000,750.000,375.000,-1,325.000,325.000,300.000,300.000,-1,625.000,675.000,-1,600.000,550.000,825.000,825.000,2,0,1,1,2,0,1,0,0,2,1,1,2,1,1,1,1
39,7005.598,-8791.470,-115.592,25.889,0.899063,-0.436547,0.033355,0.435385,0.899488,0.036902,-0.046112,-0.018655,0.998762,0,0.56000,-0.63832,33.600,-1.277,-1,400.000,725.000,350.000,-1,325.000,300.000,300.000,300.000,-1,675.000,700.000,-1,575.000,525.000,750.000,825.000,2,0,1,1,2,0,1,0,0,2,1,1,2,1,1,1,1
40,7040.505,-8775.469,-117.285,24.625,0.908460,-0.416593,0.033926,0.415355,0.908861,0.038097,-0.046705,-0.020518,0.998698,0,0.64000,-0.63170,38.400,-1.263,900.000,400.000,700.000,350.000,-1,325.000,300.000,300.000,300.000,-1,700.000,725.000,-1,525.000,525.000,700.000,825.000,1,1,1,1,2,1,1,0,0,2,1,1,2,1,1,1,1
41,7080.159,-8758.328,-119.209,23.377,0.917310,-0.396671,0.034550,0.395348,0.917685,0.039428,-0.047346,-0.022508,0.998625,0,0.72000,-0.62436,43.200,-1.249,800.000,350.000,650.000,325.000,-1,300.000,275.000,300.000,300.000,-1,775.000,775.000,-1,475.000,500.000,600.000,825.000,1,1,1,1,2,1,1,0,0,2,1,1,2,1,1,1,1
42,7124.618,-8740.234,-121.446,22.144,0.925614,-0.376829,0.035182,0.375429,0.925963,0.040566,-0.047863,-0.024341,0.998557,0,0.80000,-0.61609,48.000,-1.232,675.000,325.000,600.000,325.000,-1,275.000,275.000,300.000,300.000,-1,825.000,825.000,-1,425.000,475.000,525.000,825.000,1,1,1,1,2,1,1,0,0,2,1,1,2,1,1,1,1
43,7173.934,-8721.370,-123.760,20.931,0.933402,-0.357114,0.035085,0.355631,0.933673,0.042204,-0.047830,-0.026916,0.998493,0,0.88000,-0.60667,52.800,-1.213,575.000,300.000,550.000,300.000,-1,250.000,250.000,300.000,300.000,-1,900.000,875.000,-1,375.000,450.000,450.000,825.000,1,1,1,1,2,1,1,0,0,2,1,1,2,1,1,1,1
44,7228.149,-8701.914,-125.941,19.739,0.940702,-0.337580,0.033452,0.336011,0.940785,0.044937,-0.046641,-0.031032,0.998430,0,0.96000,-0.59580,57.600,-1.192,475.000,275.000,500.000,275.000,-1,225.000,225.000,300.000,300.000,-1,950.000,925.000,-1,350.000,425.000,375.000,850.000,1,1,1,1,2,1,1,0,0,2,1,1,2,1,1,1,1
45,7285.023,-8682.801,-128.040,18.573,0.947483,-0.318306,0.030932,0.316665,0.947302,0.048402,-0.044709,-0.036065,0.998349,0,1.00000,-0.58316,60.000,-1.166,350.000,225.000,475.000,275.000,-1,200.000,225.000,300.000,325.000,-1,-1,975.000,-1,300.000,400.000,300.000,900.000,1,1,1,1,2,1,1,0,0,2,2,1,2,1,1,1,1
46,7342.266,-8664.826,-127.562,17.436,0.953823,-0.299487,0.023025,0.298427,0.953569,0.040602,-0.034116,-0.031855,0.998910,0,1.00000,-0.56858,60.000,-1.137,300.000,225.000,450.000,275.000,-1,200.000,225.000,325.000,325.000,-1,975.000,975.000,-1,275.000,400.000,250.000,-1,1,1,1,1,2,1,1,0,0,2,1,1,2,1,1,1,2
47,7399.846,-8647.962,-123.635,16.332,0.959629,-0.281169,0.007538,0.281007,0.959546,0.017495,-0.012153,-0.014670,0.999819,0,1.00000,-0.55207,60.000,-1.104,275.000,200.000,450.000,275.000,-1,200.000,225.000,375.000,300.000,-1,350.000,300.000,-1,275.000,450.000,225.000,-1,1,1,1,1,2,1,1,0,0,2,0,0,2,1,1,1,2
48,7457.730,-8632.166,-119.357,15.265,0.964668,-0.263283,-0.009900,0.263236,0.964714,-0.005728,0.011059,0.002920,0.999935,0,1.00000,-0.53339,60.000,-1.067,275.000,200.000,625.000,300.000,-1,200.000,225.000,450.000,300.000,-1,225.000,150.000,-1,275.000,525.000,225.000,-1,1,1,1,1,2,1,1,0,0,2,0,0,2,1,1,1,2
49,-4919.472,1639.834,113.748,-67.394,0.387369,0.921001,0.041269,-0.920170,0.383483,0.078919,0.056858,-0.068545,0.996026,1,0.00000,0.00000,60.000,-1.024,-1,475.000,-1,425.000,250.000,375.000,400.000,275.000,175.000,-1,225.000,475.000,-1,725.000,575.000,-1,625.000,2,0,2,1,1,0,1,0,1,2,0,0,2,1,1,2,1
50,-4917.609,1635.411,113.642,-67.154,0.391150,0.919431,0.040601,-0.918618,0.387357,0.078077,0.056059,-0.067837,0.996120,0,0.08000,0.12000,4.800,0.240,-1,475.000,-1,425.000,250.000,375.000,400.000,275.000,175.000,-1,225.000,500.000,-1,725.000,575.000,-1,600.000,2,0,2,1,1,0,1,0,1,2,0,0,2,1,1,2,1
51,-4913.808,1626.596,113.390,-66.674,0.398685,0.916249,0.039208,-0.915476,0.395087,0.076228,0.054353,-0.066285,0.996319,0,0.16000,0.24000,9.600,0.480,-1,450.000,-1,425.000,250.000,375.000,400.000,275.000,175.000,-1,250.000,525.000,-1,725.000,575.000,-1,600.000,2,0,2,1,1,0,1,0,1,2,0,0,2,1,1,2,1
52,-4907.942,1613.445,112.918,-65.954,0.409922,0.911370,0.036986,-0.910664,0.406640,0.073041,0.051527,-0.063623,0.996643,0,0.24000,0.36000,14.400,0.720,-1,450.000,1000.000,425.000,275.000,375.000,375.000,275.000,175.000,-1,300.000,575.000,-1,700.000,550.000,-1,575.000,2,0,1,1,1,0,1,0,1,2,0,0,2,1,1,2,1
53,-4899.828,1596.045,112.113,-64.994,0.424786,0.904663,0.033808,-0.904060,0.421961,0.068011,0.047261,-0.059454,0.997112,0,0.32000,0.48000,19.200,0.960,-1,450.000,975.000,400.000,300.000,375.000,375.000,300.000,150.000,-1,375.000,700.000,-1,700.000,525.000,-1,550.000,2,0,1,1,1,0,1,0,1,2,0,0,2,1,1,2,1
54,-4889.233,1574.511,110.822,-63.794,0.443188,0.895942,0.029543,-0.895485,0.440969,0.060441,0.041124,-0.053242,0.997735,0,0.40000,0.60000,24.000,1.200,-1,425.000,925.000,375.000,325.000,350.000,350.000,300.000,150.000,-1,575.000,-1,-1,675.000,500.000,-1,500.000,2,0,1,1,1,0,1,0,1,2,0,2,2,1,1,2,1
55,-4875.873,1548.999,108.855,-62.354,0.465036,0.884964,0.024106,-0.884693,0.463547,0.049428,0.032568,-0.044313,0.998487,0,0.48000,0.72000,28.800,1.440,-1,425.000,875.000,350.000,325.000,350.000,325.000,300.000,125.000,-1,-1,-1,-1,650.000,450.000,-1,450.000,2,0,1,1,1,0,1,0,1,2,2,2,2,1,1,2,1
56,-4859.472,1519.675,106.735,-60.775,0.488815,0.872184,0.018853,-0.872078,0.487952,0.037183,0.023231,-0.034617,0.999131,0,0.56000,0.78978,33.600,1.580,-1,400.000,800.000,325.000,300.000,325.000,300.000,300.000,100.000,-1,-1,-1,-1,625.000,425.000,-1,375.000,2,0,1,1,1,0,1,0,1,2,2,2,2,1,1,2,1
57,-4839.807,1486.693,107.800,-59.197,0.512646,0.858357,0.020419,-0.858333,0.511749,0.037125,0.021417,-0.036558,0.999102,0,0.64000,0.78897,38.400,1.578,-1,400.000,775.000,300.000,325.000,325.000,300.000,300.000,100.000,-1,-1,-1,-1,600.000,400.000,-1,350.000,2,0,1,1,1,0,1,0,1,2,2,2,2,1,1,2,1
58,-4816.665,1450.214,112.046,-57.620,0.535944,0.843458,0.036634,-0.844189,0.534864,0.035564,0.010403,-0.049987,0.998696,0,0.72000,0.78845,43.200,1.577,-1,375.000,750.000,300.000,300.000,325.000,275.000,300.000,125.000,-1,-1,-1,-1,575.000,375.000,-1,300.000,2,0,1,1,1,1,1,0,1,2,2,2,2,1,1,2,1
59,-4789.846,1410.406,115.988,-56.043,0.558588,0.827854,0.051355,-0.829445,0.557488,0.035047,0.000384,-0.062172,0.998065,0,0.80000,0.78838,48.000,1.577,-1,375.000,725.000,275.000,275.000,300.000,250.000,275.000,150.000,-1,-1,-1,-1,550.000,350.000,-1,275.000,2,1,1,1,1,1,1,0,1,2,2,2,2,1,1,2,1
60,-4759.146,1367.449,121.356,-54.465,0.581060,0.811185,0.065938,-0.813858,0.579354,0.044544,-0.002068,-0.079547,0.996829,0,0.88000,0.78891,52.800,1.578,-1,350.000,850.000,275.000,250.000,275.000,250.000,275.000,175.000,-1,-1,-1,-1,525.000,350.000,-1,250.000,2,1,1,1,1,1,1,0,1,2,2,2,2,1,1,2,1
61,-4725.612,1323.170,127.593,-52.885,0.603667,0.793417,0.077939,-0.797230,0.600385,0.062946,0.003149,-0.100134,0.994969,0,0.92576,0.79020,55.546,1.580,-1,350.000,-1,275.000,250.000,275.000,250.000,275.000,200.000,-1,-1,-1,-1,525.000,350.000,-1,275.000,2,1,2,1,1,1,1,0,1,2,2,2,2,1,1,2,1
62,-4691.394,1280.489,132.529,-51.300,0.626171,0.775151,0.083966,-0.779613,0.621007,0.080957,0.010611,-0.116154,0.993175,0,0.91176,0.79232,54.706,1.585,-1,350.000,-1,275.000,275.000,275.000,250.000,250.000,250.000,-1,-1,-1,550.000,575.000,375.000,-1,275.000,2,1,2,1,1,1,1,0,1,2,2,2,1,1,1,2,1
63,-4656.500,1239.352,136.192,-49.710,0.648521,0.756543,0.084036,-0.760923,0.641368,0.098200,0.020395,-0.127629,0.991612,0,0.89908,0.79513,53.945,1.590,-1,350.000,-1,275.000,275.000,275.000,250.000,250.000,275.000,-1,-1,-1,375.000,625.000,375.000,-1,275.000,2,1,2,1,1,1,1,0,1,2,2,2,1,1,1,2,1
64,-4617.463,1195.455,138.771,-48.360,0.667550,0.740516,0.077549,-0.743768,0.658391,0.115454,0.034438,-0.134750,0.990281,0,0.97908,0.67513,58.745,1.350,-1,375.000,-1,275.000,275.000,300.000,250.000,250.000,300.000,800.000,-1,-1,325.000,875.000,375.000,-1,275.000,2,1,2,1,1,1,1,0,1,0,2,2,1,0,1,2,1
65,-4576.736,1151.394,140.003,-47.249,0.683164,0.727390,0.064732,-0.728400,0.672405,0.131552,0.052164,-0.137022,0.989194,0,1.00000,0.55513,60.000,1.110,-1,400.000,-1,275.000,250.000,300.000,250.000,250.000,300.000,650.000,400.000,800.000,300.000,975.000,400.000,-1,275.000,2,1,2,1,1,1,1,0,1,0,0,0,1,0,1,2,1
66,-4535.350,1107.950,139.883,-46.379,0.695214,0.717314,0.046236,-0.715048,0.683585,0.146350,0.073373,-0.134806,0.988152,0,1.00000,0.43513,60.000,0.870,-1,450.000,-1,275.000,225.000,325.000,275.000,250.000,275.000,525.000,125.000,250.000,300.000,-1,450.000,-1,250.000,2,1,2,1,1,1,1,0,1,0,0,1,1,2,1,2,1
67,-4493.477,1064.975,142.124,-45.749,0.703999,0.709115,0.039254,-0.704825,0.690814,0.161235,0.087217,-0.141177,0.986135,0,1.00000,0.31513,60.000,0.630,-1,500.000,-1,300.000,225.000,350.000,300.000,250.000,250.000,425.000,50.000,225.000,300.000,-1,-1,-1,250.000,2,1,2,1,1,1,1,0,1,0,0,0,1,2,2,2,1
68,-2295.765,-327.971,178.912,-164.924,-0.963513,0.259899,-0.064000,-0.261808,-0.964837,0.023375,-0.055674,0.039277,0.997676,1,0.00000,0.00000,60.000,0.390,-1,400.000,-1,375.000,-1,325.000,325.000,300.000,300.000,-1,-1,-1,-1,725.000,675.000,-1,-1,2,0,2,0,2,0,0,0,0,2,2,2,2,0,0,2,2
69,-2300.405,-329.200,178.640,-165.164,-0.964595,0.255857,-0.063978,-0.257760,-0.965926,0.023367,-0.055819,0.039030,0.997678,0,0.08000,-0.12000,4.800,-0.240,-1,400.000,-1,375.000,-1,325.000,325.000,300.000,300.000,-1,-1,-1,-1,725.000,675.000,-1,-1,2,0,2,0,2,0,0,0,0,2,2,2,2,0,0,2,2
70,-2309.706,-331.580,178.094,-165.644,-0.966709,0.247761,-0.063934,-0.249650,-0.968055,0.023350,-0.056106,0.038533,0.997681,0,0.16000,-0.24000,9.600,-0.480,-1,400.000,-1,375.000,-1,325.000,325.000,300.000,300.000,-1,-1,-1,-1,725.000,675.000,-1,-1,2,0,2,0,2,0,0,0,0,2,2,2,2,0,0,2,2
71,-2323.700,-334.975,177.267,-166.364,-0.969753,0.235584,-0.063869,-0.237452,-0.971119,0.023322,-0.056530,0.037783,0.997686,0,0.24000,-0.36000,14.400,-0.720,-1,400.000,-1,375.000,-1,325.000,325.000,300.000,300.000,-1,-1,-1,-1,725.000,675.000,-1,-1,2,0,2,0,2,0,0,0,0,2,2,2,2,0,0,2,2
72,-2342.432,-339.187,176.153,-167.324,-0.973573,0.219288,-0.063783,-0.221128,-0.974967,0.023283,-0.057081,0.036772,0.997692,0,0.32000,-0.48000,19.200,-0.960,-1,400.000,-1,375.000,-1,325.000,325.000,300.000,300.000,-1,-1,-1,-1,725.000,650.000,-1,-1,2,0,2,0,2,0,0,0,0,2,2,2,2,0,0,2,2
73,-2365.953,-343.962,174.743,-168.524,-0.977963,0.198831,-0.063678,-0.200634,-0.979391,0.023228,-0.057747,0.035492,0.997700,0,0.40000,-0.60000,24.000,-1.200,-1,400.000,-1,375.000,-1,325.000,325.000,300.000,300.000,-1,-1,-1,-1,725.000,650.000,-1,1000.000,2,0,2,0,2,0,0,0,0,2,2,2,2,0,0,2,1
74,-2394.312,-348.980,173.027,-169.964,-0.982663,0.174166,-0.063553,-0.175924,-0.984131,0.023157,-0.058511,0.033936,0.997710,0,0.48000,-0.72000,28.800,-1.440,-1,400.000,-1,375.000,-1,325.000,325.000,300.000,300.000,-1,-1,-1,-1,700.000,650.000,-1,975.000,2,0,2,0,2,0,0,0,0,2,2,2,2,0,0,2,1
75,-2427.556,-353.862,170.995,-171.644,-0.987361,0.145248,-0.063408,-0.146952,-0.988875,0.023068,-0.059352,0.032095,0.997721,0,0.56000,-0.84000,33.600,-1.680,-1,375.000,-1,375.000,-1,325.000,300.000,300.000,300.000,-1,-1,-1,-1,700.000,650.000,-1,950.000,2,0,2,0,2,0,0,0,0,2,2,2,2,0,0,2,1
76,-2465.714,-358.166,168.635,-173.564,-0.991689,0.112042,-0.063242,-0.113683,-0.993252,0.022960,-0.060243,0.029959,0.997734,0,0.64000,-0.96000,38.400,-1.920,-1,375.000,-1,375.000,1000.000,300.000,300.000,300.000,300.000,-1,-1,-1,-1,700.000,650.000,-1,925.000,2,0,2,0,1,0,0,0,0,2,2,2,2,0,0,2,1
77,-2508.785,-361.507,165.939,-175.564,-0.995011,0.077315,-0.063047,-0.078887,-0.996622,0.022835,-0.061069,0.027695,0.997749,0,0.72000,-1.00000,43.200,-2.000,-1,375.000,-1,375.000,975.000,300.000,300.000,300.000,300.000,-1,-1,-1,-1,675.000,625.000,-1,900.000,2,0,2,0,1,0,0,0,0,2,2,2,2,0,0,2,1
78,-2556.042,-363.516,162.947,-177.564,-0.997120,0.042489,-0.062822,-0.043989,-0.998774,0.022696,-0.061781,0.025394,0.997767,0,0.78832,-1.00000,47.299,-2.000,-1,375.000,-1,350.000,950.000,300.000,300.000,300.000,300.000,-1,-1,-1,-1,675.000,625.000,-1,875.000,2,0,2,0,1,0,0,0,0,2,2,2,2,0,0,2,1
79,-2604.217,-363.882,159.863,-179.564,-0.998011,0.007607,-0.062580,-0.009034,-0.999705,0.022550,-0.062390,0.023070,0.997785,0,0.80295,-1.00000,48.177,-2.000,-1,375.000,975.000,350.000,925.000,300.000,300.000,300.000,300.000,-1,-1,-1,-1,650.000,600.000,-1,825.000,2,0,1,0,1,0,0,0,0,2,2,2,2,0,0,2,1
80,-2653.265,-362.543,157.287,-181.564,-0.997775,-0.027288,-0.060824,0.025957,-0.999408,0.022568,-0.061404,0.020939,0.997893,0,0.81777,-1.00000,49.066,-2.000,-1,350.000,900.000,350.000,900.000,300.000,300.000,300.000,300.000,-1,-1,-1,-1,650.000,600.000,-1,800.000,2,0,1,0,1,0,0,0,0,2,2,2,2,0,0,2,1
81,-2707.041,-359.419,154.953,-183.324,-0.996668,-0.057973,-0.057370,0.056780,-0.998140,0.022207,-0.058551,0.018875,0.998106,0,0.89777,-0.88000,53.866,-1.760,-1,350.000,875.000,350.000,875.000,300.000,300.000,325.000,300.000,-1,-1,-1,-1,625.000,625.000,925.000,775.000,2,0,1,0,1,0,0,0,0,2,2,2,2,1,0,1,1
82,-2765.497,-354.465,152.392,-184.844,-0.994987,-0.084432,-0.053589,0.083384,-0.996285,0.021507,-0.055205,0.016931,0.998331,0,0.97777,-0.76000,58.666,-1.520,-1,375.000,825.000,350.000,850.000,300.000,300.000,325.000,325.000,-1,-1,-1,-1,600.000,600.000,850.000,750.000,2,0,1,0,1,0,0,0,0,2,2,2,2,1,1,1,1
83,-2825.154,-348.064,149.764,-186.124,-0.993051,-0.106669,-0.049708,0.105761,-0.994179,0.020571,-0.051613,0.015171,0.998552,0,1.00000,-0.64000,60.000,-1.280,-1,375.000,775.000,350.000,800.000,300.000,300.000,325.000,325.000,-1,650.000,675.000,-1,575.000,575.000,750.000,700.000,2,0,1,0,1,0,0,0,0,2,0,0,2,1,1,1,1
84,-2884.685,-340.582,147.135,-187.164,-0.991136,-0.124699,-0.045817,0.123921,-0.992101,0.019470,-0.047883,0.013619,0.998760,0,1.00000,-0.52000,60.000,-1.040,-1,375.000,725.000,375.000,775.000,300.000,300.000,325.000,325.000,-1,525.000,550.000,-1,525.000,550.000,700.000,650.000,2,0,1,0,1,0,0,0,0,2,0,0,2,1,1,1,1
85,-2944.106,-332.269,144.513,-187.964,-0.989469,-0.138541,-0.041916,0.137882,-0.990281,0.018251,-0.044037,0.012279,0.998954,0,1.00000,-0.40000,60.000,-0.800,-1,375.000,700.000,375.000,725.000,300.000,300.000,325.000,325.000,-1,450.000,475.000,-1,500.000,525.000,625.000,600.000,2,1,1,0,1,0,0,0,0,2,0,0,2,1,1,1,1
86,-3003.443,-323.375,141.900,-188.524,-0.988225,-0.148215,-0.038002,0.147663,-0.988892,0.016959,-0.040094,0.011148,0.999134,0,1.00000,-0.28000,60.000,-0.560,-1,350.000,650.000,375.000,650.000,300.000,300.000,325.000,325.000,-1,400.000,425.000,-1,450.000,475.000,550.000,575.000,2,1,1,1,1,0,0,0,0,2,0,0,2,1,1,1,1
87,-3062.729,-314.151,139.302,-188.844,-0.987524,-0.153738,-0.034073,0.153281,-0.988059,0.015639,-0.036070,0.010222,0.999297,0,1.00000,-0.16000,60.000,-0.320,-1,325.000,600.000,350.000,600.000,275.000,300.000,325.000,325.000,-1,350.000,375.000,-1,425.000,450.000,500.000,500.000,2,1,1,1,1,1,1,0,0,2,0,0,2,1,1,1,1
88,-3122.003,-304.843,136.720,-188.924,-0.987437,-0.155118,-0.030123,0.154746,-0.987850,0.014335,-0.031981,0.009493,0.999443,0,1.00000,-0.04000,60.000,-0.080,650.000,300.000,550.000,300.000,525.000,250.000,275.000,325.000,325.000,-1,300.000,325.000,-1,375.000,400.000,425.000,450.000,1,1,1,1,1,1,1,0,0,2,0,0,2,1,1,1,1
89,-3181.302,-295.701,134.154,-188.764,-0.987979,-0.152360,-0.026152,0.152060,-0.988285,0.013087,-0.027840,0.008953,0.999572,0,1.00000,0.08000,60.000,0.160,525.000,250.000,500.000,275.000,450.000,225.000,250.000,300.000,325.000,-1,275.000,300.000,-1,350.000,375.000,375.000,400.000,1,1,1,1,1,1,1,0,0,2,0,0,2,1,1,1,1
90,-3240.664,-286.974,131.713,-188.364,-0.989110,-0.145456,-0.022439,0.145206,-0.989323,0.012423,-0.024006,0.009030,0.999671,0,1.00000,0.20000,60.000,0.400,425.000,225.000,425.000,250.000,375.000,200.000,225.000,300.000,325.000,-1,250.000,275.000,-1,300.000,325.000,325.000,325.000,1,1,1,1,1,1,1,0,0,2,0,0,2,1,1,1,1
91,-3300.091,-278.708,132.805,-187.921,-0.990432,-0.137768,-0.008004,0.137532,-0.990184,0.024928,-0.011360,0.023589,0.999657,0,1.00000,0.22156,60.000,0.443,625.000,225.000,400.000,225.000,325.000,200.000,200.000,350.000,300.000,-1,225.000,200.000,-1,300.000,300.000,325.000,275.000,1,1,1,1,1,1,1,0,0,2,0,0,2,1,1,1,1
92,-3359.582,-270.912,138.793,-187.467,-0.991413,-0.129926,0.014802,0.130227,-0.991248,0.021644,0.011860,0.023385,0.999656,0,1.00000,0.22678,60.000,0.454,-1,225.000,425.000,225.000,300.000,200.000,200.000,375.000,325.000,-1,200.000,175.000,-1,300.000,300.000,350.000,275.000,2,1,1,1,1,1,1,0,0,2,0,0,2,1,1,1,1
93,-3419.136,-263.596,146.615,-187.002,-0.991652,-0.121894,0.042050,0.122486,-0.992400,0.011794,0.040292,0.016846,0.999046,0,1.00000,0.23247,60.000,0.465,-1,225.000,450.000,225.000,325.000,200.000,200.000,400.000,350.000,-1,175.000,175.000,-1,300.000,300.000,450.000,275.000,2,1,1,1,1,1,1,0,0,2,0,0,2,1,1,1,1
94,4919.492,2951.695,22.222,-13.793,0.971159,0.238408,0.003358,-0.238416,0.971160,0.002346,-0.002702,-0.003079,0.999992,1,0.00000,0.00000,60.000,0.477,-1,400.000,-1,425.000,-1,325.000,325.000,300.000,275.000,-1,-1,-1,-1,775.000,925.000,-1,-1,2,0,2,0,2,0,0,0,0,2,2,2,2,0,0,2,2
95,4924.158,2950.570,22.207,-13.553,0.972149,0.234338,0.003427,-0.234346,0.972151,0.002276,-0.002798,-0.003016,0.999992,0,0.08000,0.12000,4.800,0.240,-1,400.000,-1,425.000,-1,325.000,325.000,300.000,275.000,-1,-1,-1,-1,775.000,925.000,-1,-1,2,0,2,0,2,0,0,0,0,2,2,2,2,0,0,2,2
96,4933.509,2948.399,22.175,-13.073,0.974078,0.226185,0.003560,-0.226194,0.974080,0.002134,-0.002985,-0.002884,0.999991,0,0.16000,0.24000,9.600,0.480,-1,400.000,-1,425.000,-1,325.000,325.000,300.000,275.000,-1,-1,-1,-1,750.000,925.000,-1,-1,2,0,2,0,2,0,0,0,0,2,2,2,2,0,0,2,2
97,4947.576,2945.318,22.125,-12.353,0.976842,0.213927,0.003751,-0.213935,0.976846,0.001910,-0.003256,-0.002668,0.999991,0,0.24000,0.36000,14.400,0.720,-1,400.000,-1,425.000,-1,325.000,325.000,300.000,275.000,-1,-1,-1,-1,750.000,925.000,-1,-1,2,0,2,0,2,0,0,0,0,2,2,2,2,0,0,2,2
98,4966.396,2941.519,22.054,-11.414,0.980214,0.197898,0.003990,-0.197906,0.980220,0.001595,-0.003595,-0.002353,0.999991,0,0.32000,0.46927,19.200,0.939,-1,400.000,-1,425.000,-1,325.000,325.000,300.000,275.000,-1,-1,-1,-1,750.000,925.000,-1,-1,2,0,2,0,2,0,0,0,0,2,2,2,2,0,0,2,2
99,4989.996,2937.153,21.952,-10.481,0.983307,0.181905,0.004245,-0.181912,0.983314,0.001178,-0.003960,-0.001930,0.999990,0,0.40000,0.46667,24.000,0.933,-1,400.000,-1,425.000,-1,325.000,325.000,300.000,275.000,-1,-1,-1,-1,750.000,925.000,-1,-1,2,0,2,0,2,0,0,0,0,2,2,2,2,0,0,2,2
100,5018.396,2932.373,21.815,-9.554,0.986120,0.165975,0.004513,-0.165980,0.986129,0.000646,-0.004343,-0.001386,0.999990,0,0.48000,0.46343,28.800,0.927,-1,400.000,-1,425.000,-1,325.000,325.000,300.000,275.000,-1,-1,-1,-1,750.000,925.000,-1,-1,2,0,2,0,2,0,0,0,0,2,2,2,2,0,0,2,2
101,5051.615,2927.328,21.643,-8.635,0.988654,0.150135,0.004792,-0.150137,0.988665,-0.000014,-0.004740,-0.000706,0.999989,0,0.56000,0.45958,33.600,0.919,-1,400.000,-1,425.000,-1,325.000,325.000,300.000,275.000,-1,-1,-1,-1,750.000,925.000,-1,-1,2,0,2,0,2,0,0,0,0,2,2,2,2,0,0,2,2
102,5089.667,2922.167,21.433,-7.725,0.990913,0.134411,0.005080,-0.134408,0.990926,-0.000815,-0.005144,0.000124,0.999987,0,0.64000,0.45510,38.400,0.910,-1,400.000,-1,425.000,-1,325.000,325.000,300.000,275.000,-1,-1,-1,-1,750.000,925.000,-1,-1,2,0,2,0,2,0,0,0,0,2,2,2,2,0,0,2,2
103,5132.561,2917.033,21.184,-6.825,0.992900,0.118829,0.005375,-0.118822,0.992914,-0.001767,-0.005547,0.001116,0.999984,0,0.72000,0.45000,43.200,0.900,-1,400.000,-1,425.000,-1,325.000,325.000,300.000,300.000,-1,-1,-1,-1,725.000,925.000,-1,-1,2,0,2,0,2,0,0,0,0,2,2,2,2,0,0,2,2
104,5180.303,2912.069,20.896,-5.936,0.994622,0.103417,0.005674,-0.103402,0.994635,-0.002880,-0.005941,0.002278,0.999980,0,0.80000,0.44428,48.000,0.889,-1,400.000,-1,425.000,-1,325.000,325.000,300.000,300.000,-1,-1,-1,-1,725.000,925.000,-1,-1,2,0,2,0,2,0,0,0,0,2,2,2,2,0,0,2,2
105,5229.491,2907.714,20.620,-5.060,0.996084,0.088201,0.006055,-0.088176,0.996096,-0.004197,-0.006402,0.003646,0.999973,0,0.82300,0.43793,49.380,0.876,-1,375.000,-1,425.000,-1,325.000,325.000,300.000,300.000,-1,-1,-1,-1,725.000,925.000,-1,-1,2,0,2,0,2,0,0,0,0,2,2,2,2,0,0,2,2
106,5279.000,2904.081,20.273,-4.197,0.997295,0.073191,0.006697,-0.073152,0.997304,-0.005783,-0.007102,0.005277,0.999961,0,0.82736,0.43141,49.642,0.863,-1,375.000,-1,425.000,-1,325.000,325.000,300.000,300.000,-1,-1,-1,-1,725.000,925.000,-1,-1,2,0,2,0,2,0,0,0,0,2,2,2,2,0,0,2,2
107,5328.819,2901.167,19.789,-3.348,0.998267,0.058392,0.007259,-0.058334,0.998266,-0.007873,-0.007707,0.007436,0.999943,0,0.83174,0.42486,49.904,0.850,-1,375.000,-1,425.000,-1,325.000,325.000,300.000,300.000,-1,-1,-1,-1,725.000,925.000,-1,-1,2,0,2,0,2,0,0,0,0,2,2,2,2,0,0,2,2
108,5378.937,2898.969,19.295,-2.511,0.999010,0.043809,0.007787,-0.043731,0.998993,-0.010008,-0.008217,0.009658,0.999920,0,0.83612,0.41829,50.167,0.837,-1,375.000,-1,425.000,-1,325.000,325.000,300.000,300.000,-1,-1,-1,-1,725.000,900.000,-1,-1,2,0,2,0,2,0,0,0,0,2,2,2,2,0,0,2,2
109,5429.114,2897.501,18.799,-1.676,0.999538,0.029246,0.008278,-0.029144,0.999501,-0.012170,-0.008630,0.011923,0.999892,0,0.83664,0.41750,50.198,0.835,-1,375.000,-1,425.000,-1,325.000,325.000,300.000,300.000,-1,-1,-1,-1,725.000,900.000,-1,-1,2,0,2,0,2,0,0,0,0,2,2,2,2,0,0,2,2
110,5479.307,2896.765,18.306,-0.841,0.999854,0.014676,0.008736,-0.014550,0.999791,-0.014349,-0.008944,0.014220,0.999859,0,0.83664,0.41750,50.198,0.835,-1,375.000,-1,425.000,-1,325.000,325.000,300.000,300.000,-1,-1,-1,-1,725.000,900.000,-1,-1,2,0,2,0,2,0,0,0,0,2,2,2,2,0,0,2,2
111,5529.506,2896.760,17.822,-0.006,0.999958,0.000105,0.009159,0.000047,0.999863,-0.016539,-0.009160,0.016539,0.999821,0,0.83664,0.41750,50.198,0.835,-1,375.000,-1,425.000,-1,325.000,325.000,300.000,300.000,-1,-1,-1,-1,750.000,900.000,-1,-1,2,0,2,0,2,0,0,0,0,2,2,2,2,0,0,2,2
112,5579.699,2897.486,17.352,0.829,0.999850,-0.014466,0.009551,0.014643,0.999717,-0.018731,-0.009277,0.018868,0.999779,0,0.83664,0.41750,50.198,0.835,-1,375.000,-1,425.000,-1,325.000,325.000,300.000,300.000,-1,-1,-1,-1,750.000,875.000,-1,-1,2,0,2,0,2,0,0,0,0,2,2,2,2,0,0,2,2
113,5629.876,2898.945,16.901,1.664,0.999529,-0.029032,0.009910,0.029234,0.999354,-0.020919,-0.009296,0.021199,0.999732,0,0.83664,0.41750,50.198,0.835,-1,375.000,-1,425.000,-1,325.000,325.000,300.000,300.000,-1,-1,-1,-1,750.000,875.000,-1,-1,2,0,2,0,2,0,0,0,0,2,2,2,2,0,0,2,2
114,5680.026,2901.134,16.474,2.499,0.998997,-0.043590,0.010237,0.043817,0.998773,-0.023096,-0.009218,0.023521,0.999681,0,0.83664,0.41750,50.198,0.835,-1,375.000,-1,425.000,-1,325.000,325.000,300.000,300.000,-1,-1,-1,-1,750.000,875.000,-1,-1,2,0,2,0,2,0,0,0,0,2,2,2,2,0,0,2,2
115,5725.336,2903.965,16.126,3.574,0.998001,-0.062318,0.010482,0.062563,0.997728,-0.025003,-0.008900,0.025609,0.999632,0,0.75664,0.53750,45.398,1.075,-1,375.000,-1,425.000,-1,325.000,325.000,300.000,300.000,-1,-1,-1,-1,750.000,875.000,-1,-1,2,0,2,0,2,0,0,0,0,2,2,2,2,0,0,2,2
116,5765.787,2907.425,15.862,4.889,0.996308,-0.085194,0.010640,0.085451,0.995986,-0.026637,-0.008328,0.027448,0.999589,0,0.67664,0.65750,40.598,1.315,-1,375.000,-1,400.000,-1,325.000,325.000,300.000,300.000,-1,-1,-1,-1,750.000,850.000,-1,-1,2,0,2,0,2,0,0,0,0,2,2,2,2,0,0,2,2
117,5801.359,2911.444,15.679,6.444,0.993630,-0.112186,0.010705,0.112446,0.993263,-0.027996,-0.007492,0.029022,0.999551,0,0.59664,0.77750,35.798,1.555,-1,375.000,-1,400.000,-1,325.000,325.000,300.000,325.000,-1,-1,-1,-1,775.000,850.000,-1,-1,2,0,2,0,2,0,0,0,0,2,2,2,2,0,0,2,2
118,5832.037,2915.886,15.575,8.239,0.989631,-0.143238,0.010674,0.143493,0.989224,-0.029083,-0.006393,0.030313,0.999520,0,0.51664,0.89750,30.998,1.795,-1,400.000,-1,400.000,-1,325.000,325.000,300.000,325.000,-1,-1,-1,-1,775.000,850.000,-1,-1,2,0,2,0,2,0,0,0,0,2,2,2,2,0,0,2,2
119,5857.830,2920.473,15.521,10.081,0.984519,-0.174963,0.010533,0.175205,0.984075,-0.029991,-0.005117,0.031372,0.999495,0,0.43664,0.92122,26.198,1.842,-1,400.000,-1,400.000,-1,325.000,325.000,300.000,325.000,-1,-1,-1,-1,775.000,850.000,-1,-1,2,0,2,0,2,0,0,0,0,2,2,2,2,0,0,2,2
120,5878.767,2924.894,15.453,11.924,0.978390,-0.206504,0.010395,0.206731,0.977910,-0.030903,-0.003783,0.032385,0.999468,0,0.35664,0.92122,21.398,1.842,-1,400.000,-1,400.000,-1,325.000,325.000,300.000,325.000,-1,-1,875.000,-1,775.000,850.000,-1,-1,2,0,2,0,2,0,0,0,0,2,2,0,2,0,0,2,2
121,5894.888,2928.845,15.408,13.766,0.971252,-0.237832,0.010310,0.238043,0.970739,-0.031634,-0.002485,0.033178,0.999446,0,0.27664,0.92122,16.598,1.842,-1,400.000,-1,400.000,-1,325.000,325.000,300.000,325.000,-1,-1,725.000,-1,775.000,850.000,-1,-1,2,0,2,0,2,0,0,0,0,2,2,0,2,0,0,2,2
122,5906.251,2932.019,15.394,15.609,0.963110,-0.268915,0.010205,0.269106,0.962575,-0.032121,-0.001185,0.033682,0.999432,0,0.19664,0.92122,11.798,1.842,-1,400.000,-1,400.000,-1,325.000,325.000,300.000,325.000,-1,-1,650.000,-1,775.000,825.000,-1,-1,2,0,2,0,2,0,0,0,0,2,2,0,2,0,0,2,2
123,5912.927,2934.118,15.399,17.451,0.953973,-0.299722,0.010078,0.299891,0.953424,-0.032370,0.000093,0.033903,0.999425,0,0.11664,0.92122,6.998,1.842,-1,400.000,-1,400.000,-1,325.000,325.000,300.000,325.000,-1,925.000,600.000,-1,775.000,825.000,-1,-1,2,0,2,0,2,0,0,0,0,2,0,0,2,0,0,2,2
124,5915.002,2934.845,15.412,19.294,0.943851,-0.330221,0.009928,0.330367,0.943297,-0.032387,0.001330,0.033848,0.999426,0,0.03664,0.92122,2.198,1.842,-1,400.000,-1,400.000,-1,325.000,325.000,300.000,325.000,-1,800.000,550.000,-1,775.000,825.000,-1,-1,2,0,2,0,2,0,0,0,0,2,0,0,2,0,0,2,2
125,5912.575,2933.906,15.421,21.136,0.932754,-0.360382,0.009753,0.360505,0.932202,-0.032178,0.002505,0.033530,0.999435,0,-0.04336,0.92122,-2.602,1.842,-1,400.000,-1,400.000,-1,325.000,325.000,300.000,325.000,-1,700.000,500.000,-1,775.000,825.000,-1,-1,2,0,2,0,2,0,0,0,0,2,0,0,2,0,0,2,2
126,5905.760,2931.017,15.418,22.979,0.920691,-0.390174,0.009553,0.390275,0.920151,-0.031751,0.003598,0.032961,0.999450,0,-0.12336,0.92122,-7.402,1.842,-1,375.000,-1,400.000,-1,325.000,325.000,300.000,325.000,-1,650.000,475.000,-1,775.000,825.000,-1,-1,2,0,2,0,2,0,0,0,0,2,0,0,2,0,0,2,2
127,5894.686,2925.894,15.395,24.821,0.907676,-0.419567,0.009331,0.419646,0.907154,-0.031115,0.004590,0.032158,0.999472,0,-0.20336,0.92122,-12.202,1.842,-1,375.000,-1,400.000,-1,325.000,325.000,300.000,325.000,-1,575.000,425.000,-1,750.000,825.000,-1,-1,2,0,2,0,2,0,0,0,0,2,0,0,2,0,0,2,2
128,5879.492,2918.264,15.346,26.663,0.893721,-0.448531,0.009091,0.448590,0.893225,-0.030278,0.005461,0.031138,0.999500,0,-0.28336,0.92122,-17.002,1.842,-1,375.000,-1,400.000,-1,325.000,325.000,300.000,325.000,-1,525.000,400.000,-1,750.000,825.000,-1,-1,2,0,2,0,2,0,0,0,0,2,0,0,2,0,0,2,2
129,5861.327,2908.399,15.270,28.506,0.878840,-0.477034,0.008839,0.477076,0.878374,-0.029301,0.006214,0.029968,0.999532,0,-0.34451,0.92122,-20.671,1.842,-1,375.000,-1,400.000,-1,325.000,325.000,300.000,325.000,-1,475.000,375.000,-1,750.000,825.000,-1,-1,2,0,2,0,2,0,0,0,0,2,0,0,2,0,0,2,2
130,5843.489,2897.954,15.182,30.348,0.863050,-0.505045,0.008581,0.505071,0.862612,-0.028366,0.006924,0.028815,0.999561,0,-0.34451,0.92122,-20.671,1.842,-1,375.000,-1,400.000,-1,325.000,325.000,300.000,325.000,-1,450.000,350.000,-1,750.000,800.000,-1,-1,2,0,2,0,2,0,0,0,0,2,0,0,2,0,0,2,2
131,5825.996,2886.942,15.108,32.191,0.846367,-0.532534,0.008450,0.532548,0.845952,-0.027519,0.007506,0.027791,0.999586,0,-0.34451,0.92122,-20.671,1.842,-1,375.000,-1,400.000,-1,300.000,325.000,300.000,325.000,-1,400.000,325.000,-1,725.000,800.000,-1,-1,2,0,2,0,2,0,0,0,0,2,0,0,2,0,0,2,2
132,5808.865,2875.373,15.044,34.033,0.828806,-0.559464,0.008945,0.559483,0.828405,-0.026904,0.007642,0.027303,0.999598,0,-0.34451,0.92122,-20.671,1.842,-1,375.000,-1,400.000,-1,300.000,325.000,325.000,325.000,-1,400.000,325.000,-1,725.000,800.000,-1,-1,2,0,2,0,2,0,0,0,0,2,0,0,2,0,0,2,2
