timestep,x_cm,y_cm,z_cm,yaw_deg,basis_xx,basis_xy,basis_xz,basis_yx,basis_yy,basis_yz,basis_zx,basis_zy,basis_zz,teleport_flag,throttle_cmd,steering_cmd,cmd_move_cm,cmd_turn_deg,lidar_cm_0,lidar_cm_1,lidar_cm_2,lidar_cm_3,lidar_cm_4,lidar_cm_5,lidar_cm_6,lidar_cm_7,lidar_cm_8,lidar_cm_9,lidar_cm_10,lidar_cm_11,lidar_cm_12,lidar_cm_13,lidar_cm_14,lidar_cm_15,lidar_cm_16,lidar_class_0,lidar_class_1,lidar_class_2,lidar_class_3,lidar_class_4,lidar_class_5,lidar_class_6,lidar_class_7,lidar_class_8,lidar_class_9,lidar_class_10,lidar_class_11,lidar_class_12,lidar_class_13,lidar_class_14,lidar_class_15,lidar_class_16
0,2947.710,9513.694,-93.448,145.841,-0.828212,-0.560266,-0.012954,0.559662,-0.825678,-0.070950,0.029055,-0.066012,0.997396,1,0.08000,-0.12000,4.800,-0.240,-1,200.000,250.000,150.000,225.000,175.000,125.000,275.000,500.000,-1,175.000,425.000,-1,275.000,175.000,625.000,175.000,2,1,1,1,1,1,1,0,0,2,0,0,2,1,1,1,1
1,-2295.759,6887.296,-189.878,-17.122,0.954904,0.294264,-0.039600,-0.295201,0.955220,-0.020263,0.031864,0.031040,0.999010,1,0.00000,0.00000,9.600,-0.480,-1,400.000,-1,375.000,-1,325.000,325.000,300.000,300.000,-1,850.000,900.000,-1,775.000,700.000,-1,-1,2,0,2,0,2,0,0,0,0,2,0,0,2,0,0,2,2
2,-2291.169,6885.892,-189.721,-17.000,0.955525,0.292236,-0.039626,-0.293170,0.955848,-0.020161,0.031985,0.030882,0.999011,0,0.08000,0.06085,4.800,0.122,-1,400.000,-1,375.000,-1,325.000,325.000,300.000,300.000,-1,850.000,900.000,-1,775.000,700.000,-1,-1,2,0,2,0,2,0,0,0,0,2,0,0,2,0,0,2,2
3,-2281.982,6883.105,-189.405,-16.879,0.956138,0.290215,-0.039683,-0.291145,0.956471,-0.019963,0.032162,0.030640,0.999013,0,0.16000,0.06060,9.600,0.121,-1,400.000,-1,375.000,-1,325.000,325.000,300.000,300.000,-1,850.000,925.000,-1,775.000,700.000,-1,-1,2,0,2,0,2,0,0,0,0,2,0,0,2,0,0,2,2
4,-2268.194,6878.953,-188.930,-16.759,0.956741,0.288211,-0.039772,-0.289133,0.957087,-0.019669,0.032397,0.030317,0.999015,0,0.24000,0.06010,14.400,0.120,-1,400.000,-1,375.000,-1,325.000,325.000,300.000,300.000,-1,850.000,925.000,-1,775.000,700.000,-1,-1,2,0,2,0,2,0,0,0,0,2,0,0,2,0,0,2,2
5,-2249.798,6873.454,-188.292,-16.640,0.957330,0.286231,-0.039896,-0.287143,0.957694,-0.019281,0.032689,0.029914,0.999018,0,0.32000,0.05936,19.200,0.119,-1,400.000,-1,375.000,-1,325.000,325.000,300.000,300.000,-1,850.000,925.000,-1,775.000,700.000,-1,-1,2,0,2,0,2,0,0,0,0,2,0,0,2,0,0,2,2
6,-2226.789,6866.629,-187.489,-16.523,0.957903,0.284283,-0.040056,-0.285184,0.958288,-0.018803,0.033040,0.029435,0.999021,0,0.40000,0.05835,24.000,0.117,-1,400.000,-1,375.000,-1,325.000,325.000,300.000,300.000,-1,850.000,925.000,-1,775.000,700.000,-1,-1,2,0,2,0,2,0,0,0,0,2,0,0,2,0,0,2,2
7,-2199.162,6858.492,-186.519,-16.409,0.958458,0.282378,-0.040257,-0.283264,0.958868,-0.018237,0.033451,0.028883,0.999023,0,0.48000,0.05709,28.800,0.114,-1,400.000,-1,375.000,-1,325.000,325.000,300.000,300.000,-1,875.000,950.000,-1,775.000,700.000,-1,-1,2,0,2,0,2,0,0,0,0,2,0,0,2,0,0,2,2
8,-2166.913,6849.063,-185.378,-16.298,0.958993,0.280522,-0.040501,-0.281393,0.959431,-0.017586,0.033924,0.028262,0.999025,0,0.56000,0.05556,33.600,0.111,-1,400.000,-1,375.000,-1,325.000,325.000,300.000,300.000,-1,875.000,950.000,-1,775.000,700.000,-1,-1,2,0,2,0,2,0,0,0,0,2,0,0,2,0,0,2,2
9,-2130.036,6838.355,-184.061,-16.191,0.959504,0.278727,-0.040793,-0.279580,0.959974,-0.016855,0.034463,0.027578,0.999025,0,0.64000,0.05375,38.400,0.107,-1,400.000,-1,375.000,-1,325.000,325.000,300.000,300.000,-1,875.000,950.000,-1,775.000,725.000,-1,-1,2,0,2,0,2,0,0,0,0,2,0,0,2,0,0,2,2
10,-2088.527,6826.384,-182.565,-16.087,0.959988,0.277002,-0.041139,-0.277835,0.960495,-0.016048,0.035068,0.026835,0.999025,0,0.72000,0.05165,43.200,0.103,-1,400.000,-1,375.000,-1,325.000,325.000,300.000,300.000,-1,875.000,950.000,-1,775.000,725.000,-1,-1,2,0,2,0,2,0,0,0,0,2,0,0,2,0,0,2,2
11,-2042.384,6813.163,-180.882,-15.988,0.960449,0.275342,-0.041538,-0.276154,0.960993,-0.015180,0.035738,0.026051,0.999022,0,0.80000,0.04967,48.000,0.099,-1,400.000,-1,375.000,-1,325.000,325.000,300.000,300.000,-1,875.000,975.000,-1,775.000,725.000,-1,-1,2,0,2,0,2,0,0,0,0,2,0,0,2,0,0,2,2
12,-1992.319,6798.912,-179.081,-15.889,0.960913,0.273682,-0.041766,-0.274462,0.961494,-0.014131,0.036291,0.025042,0.999027,0,0.86756,0.04967,52.054,0.099,-1,400.000,-1,375.000,-1,325.000,325.000,300.000,300.000,-1,900.000,1000.000,-1,800.000,725.000,-1,-1,2,0,2,0,2,0,0,0,0,2,0,0,2,0,0,2,2
13,-1942.229,6784.748,-177.278,-15.789,0.961378,0.272022,-0.041916,-0.272765,0.961992,-0.013049,0.036773,0.023979,0.999036,0,0.86756,0.04967,52.054,0.099,-1,400.000,-1,375.000,-1,325.000,325.000,300.000,300.000,-1,925.000,-1,-1,800.000,725.000,-1,-1,2,0,2,0,2,0,0,0,0,2,0,2,2,0,0,2,2
14,-1892.115,6770.671,-175.411,-15.690,0.961845,0.270361,-0.041945,-0.271061,0.962489,-0.011903,0.037154,0.022819,0.999049,0,0.86756,0.04967,52.054,0.099,-1,400.000,-1,375.000,-1,325.000,325.000,300.000,300.000,-1,950.000,-1,-1,800.000,725.000,-1,-1,2,0,2,0,2,0,0,0,0,2,0,2,2,0,0,2,2
15,-1841.977,6756.680,-173.520,-15.591,0.962316,0.268699,-0.041825,-0.269356,0.962980,-0.010857,0.037359,0.021714,0.999066,0,0.86756,0.04967,52.054,0.099,-1,400.000,-1,375.000,-1,325.000,325.000,300.000,300.000,-1,975.000,-1,-1,800.000,725.000,-1,-1,2,0,2,0,2,0,0,0,0,2,0,2,2,0,0,2,2
16,-1791.814,6742.777,-171.603,-15.491,0.962784,0.267035,-0.041713,-0.267651,0.963466,-0.009849,0.037559,0.020647,0.999081,0,0.86756,0.04967,52.054,0.099,-1,400.000,-1,375.000,-1,325.000,325.000,300.000,300.000,-1,-1,-1,-1,800.000,725.000,-1,-1,2,0,2,0,2,0,0,0,0,2,2,2,2,0,0,2,2
17,-1741.627,6728.960,-169.656,-15.392,0.963248,0.265370,-0.041618,-0.265945,0.963947,-0.008861,0.037766,0.019603,0.999094,0,0.86756,0.04967,52.054,0.099,-1,400.000,-1,375.000,-1,325.000,325.000,300.000,300.000,-1,-1,-1,-1,800.000,725.000,-1,-1,2,0,2,0,2,0,0,0,0,2,2,2,2,0,0,2,2
18,-1691.417,6715.231,-167.678,-15.293,0.963709,0.263703,-0.041538,-0.264239,0.964425,-0.007891,0.037980,0.018580,0.999106,0,0.86756,0.04967,52.054,0.099,-1,400.000,-1,375.000,-1,325.000,325.000,300.000,300.000,-1,-1,-1,-1,800.000,725.000,-1,-1,2,0,2,0,2,0,0,0,0,2,2,2,2,0,0,2,2
19,-1641.183,6701.588,-165.667,-15.193,0.964166,0.262035,-0.041484,-0.262533,0.964898,-0.006946,0.038207,0.017588,0.999115,0,0.86756,0.04967,52.054,0.099,-1,400.000,-1,375.000,-1,325.000,325.000,300.000,300.000,-1,-1,-1,-1,800.000,725.000,-1,-1,2,0,2,0,2,0,0,0,0,2,2,2,2,0,0,2,2
20,-1590.925,6688.033,-163.628,-15.094,0.964620,0.260366,-0.041439,-0.260826,0.965367,-0.006016,0.038437,0.016612,0.999123,0,0.86756,0.04967,52.054,0.099,-1,400.000,-1,375.000,-1,325.000,325.000,300.000,300.000,-1,-1,-1,-1,800.000,725.000,-1,-1,2,0,2,0,2,0,0,0,0,2,2,2,2,0,0,2,2
21,-1540.643,6674.565,-161.561,-14.995,0.965071,0.258696,-0.041399,-0.259119,0.965832,-0.005098,0.038666,0.015647,0.999130,0,0.86756,0.04967,52.054,0.099,-1,400.000,-1,375.000,-1,325.000,325.000,300.000,300.000,-1,-1,-1,-1,800.000,725.000,-1,-1,2,0,2,0,2,0,0,0,0,2,2,2,2,0,0,2,2
22,-1490.339,6661.184,-159.468,-14.895,0.965519,0.257025,-0.041365,-0.257411,0.966293,-0.004192,0.038893,0.014695,0.999135,0,0.86756,0.04967,52.054,0.099,-1,400.000,-1,375.000,-1,325.000,325.000,300.000,300.000,-1,-1,-1,-1,800.000,725.000,-1,-1,2,0,2,0,2,0,0,0,0,2,2,2,2,0,0,2,2
23,-1440.011,6647.891,-157.347,-14.796,0.965964,0.255353,-0.041336,-0.255702,0.966750,-0.003296,0.039120,0.013754,0.999140,0,0.86756,0.04967,52.054,0.099,-1,400.000,-1,375.000,-1,325.000,325.000,300.000,300.000,-1,-1,-1,-1,800.000,725.000,-1,-1,2,0,2,0,2,0,0,0,0,2,2,2,2,0,0,2,2
24,-1389.660,6634.684,-155.214,-14.697,0.966404,0.253680,-0.041342,-0.253990,0.967204,-0.002347,0.039391,0.012769,0.999142,0,0.86756,0.04967,52.054,0.099,-1,400.000,-1,375.000,-1,325.000,325.000,300.000,300.000,-1,-1,-1,-1,825.000,725.000,-1,-1,2,0,2,0,2,0,0,0,0,2,2,2,2,0,0,2,2
25,-1339.287,6621.565,-153.175,-14.597,0.966847,0.252007,-0.041232,-0.252259,0.967659,-0.000930,0.039664,0.011301,0.999149,0,0.86756,0.04967,52.054,0.099,-1,400.000,-1,375.000,-1,325.000,325.000,300.000,300.000,-1,-1,-1,-1,825.000,725.000,-1,-1,2,0,2,0,2,0,0,0,0,2,2,2,2,0,0,2,2
26,-1288.891,6608.533,-151.159,-14.498,0.967295,0.250334,-0.040912,-0.250518,0.968112,0.000629,0.039765,0.009641,0.999163,0,0.86756,0.04967,52.054,0.099,-1,400.000,-1,375.000,-1,325.000,325.000,300.000,300.000,-1,-1,-1,-1,825.000,725.000,-1,-1,2,0,2,0,2,0,0,0,0,2,2,2,2,0,0,2,2
27,-1238.472,6595.589,-149.139,-14.399,0.967737,0.248658,-0.040681,-0.248780,0.968558,0.002109,0.039926,0.008080,0.999170,0,0.86756,0.04967,52.054,0.099,-1,400.000,-1,400.000,-1,325.000,325.000,300.000,300.000,-1,-1,-1,-1,850.000,750.000,-1,-1,2,0,2,0,2,0,0,0,0,2,2,2,2,0,0,2,2
28,-1188.031,6582.732,-147.237,-14.299,0.968185,0.246980,-0.040242,-0.247064,0.968995,0.002967,0.039727,0.007070,0.999186,0,0.86756,0.04967,52.054,0.099,-1,400.000,-1,400.000,-1,325.000,325.000,300.000,300.000,-1,-1,-1,-1,850.000,750.000,-1,-1,2,0,2,0,2,0,0,0,0,2,2,2,2,0,0,2,2
29,-1137.568,6569.963,-145.308,-14.200,0.968630,0.245302,-0.039789,-0.245347,0.969428,0.003807,0.039507,0.006075,0.999201,0,0.86756,0.04967,52.054,0.099,-1,400.000,-1,375.000,-1,325.000,325.000,300.000,300.000,-1,-1,-1,-1,850.000,750.000,-1,-1,2,0,2,0,2,0,0,0,0,2,2,2,2,0,0,2,2
30,-1091.690,6558.643,-143.537,-13.861,0.970084,0.239557,-0.039367,-0.239567,0.970869,0.004556,0.039311,0.005012,0.999214,0,0.78756,0.16967,47.254,0.339,-1,400.000,-1,375.000,-1,325.000,325.000,300.000,300.000,-1,-1,-1,-1,850.000,750.000,-1,-1,2,0,2,0,2,0,0,0,0,2,2,2,2,0,0,2,2
31,-1048.370,6548.330,-141.847,-13.390,0.972037,0.231573,-0.038953,-0.231547,0.972810,0.005255,0.039110,0.003911,0.999227,0,0.74218,0.23539,44.531,0.471,-1,400.000,-1,375.000,-1,325.000,325.000,300.000,300.000,-1,-1,-1,-1,850.000,775.000,-1,-1,2,0,2,0,2,0,0,0,0,2,2,2,2,0,0,2,2
32,-1004.967,6538.374,-140.135,-12.919,0.973926,0.223574,-0.038519,-0.223512,0.974683,0.005951,0.038875,0.002813,0.999240,0,0.74218,0.23539,44.531,0.471,-1,400.000,-1,375.000,-1,325.000,325.000,300.000,300.000,-1,-1,-1,-1,875.000,775.000,-1,-1,2,0,2,0,2,0,0,0,0,2,2,2,2,0,0,2,2
33,-961.483,6528.775,-138.405,-12.448,0.975749,0.215558,-0.038072,-0.215462,0.976490,0.006657,0.038612,0.001708,0.999253,0,0.74218,0.23539,44.531,0.471,-1,400.000,-1,375.000,-1,325.000,325.000,300.000,300.000,-1,-1,-1,-1,875.000,775.000,-1,-1,2,0,2,0,2,0,0,0,0,2,2,2,2,0,0,2,2
34,-917.922,6519.534,-136.659,-11.978,0.977506,0.207528,-0.037611,-0.207398,0.978229,0.007368,0.038321,0.000598,0.999265,0,0.74218,0.23539,44.531,0.471,-1,400.000,-1,375.000,-1,325.000,325.000,300.000,300.000,-1,-1,-1,-1,875.000,775.000,-1,-1,2,0,2,0,2,0,0,0,0,2,2,2,2,0,0,2,2
35,-874.286,6510.651,-134.899,-11.507,0.979197,0.199483,-0.037136,-0.199320,0.979901,0.008087,0.038002,-0.000517,0.999278,0,0.74218,0.23539,44.531,0.471,-1,400.000,-1,400.000,-1,325.000,325.000,300.000,300.000,-1,-1,-1,-1,875.000,800.000,-1,-1,2,0,2,0,2,0,0,0,0,2,2,2,2,0,0,2,2
36,-830.579,6502.126,-133.125,-11.036,0.980823,0.191425,-0.036646,-0.191229,0.981506,0.008813,0.037655,-0.001637,0.999289,0,0.74218,0.23539,44.531,0.471,-1,425.000,-1,400.000,-1,325.000,325.000,300.000,300.000,-1,-1,-1,-1,900.000,800.000,-1,-1,2,0,2,0,2,0,0,0,0,2,2,2,2,0,0,2,2
37,-786.803,6493.961,-131.338,-10.565,0.982382,0.183354,-0.036143,-0.183126,0.983043,0.009547,0.037281,-0.002760,0.999301,0,0.74218,0.23539,44.531,0.471,-1,425.000,-1,400.000,-1,325.000,325.000,300.000,300.000,-1,-1,-1,-1,900.000,800.000,-1,-1,2,0,2,0,2,0,0,0,0,2,2,2,2,0,0,2,2
38,-738.200,6485.519,-129.347,-9.854,0.984604,0.171144,-0.035564,-0.170879,0.985237,0.010383,0.036816,-0.004146,0.999313,0,0.82218,0.35539,49.331,0.711,-1,425.000,-1,400.000,-1,325.000,325.000,300.000,300.000,-1,-1,-1,-1,925.000,825.000,-1,-1,2,0,2,0,2,0,0,0,0,2,2,2,2,0,0,2,2
39,-688.594,6477.747,-127.371,-8.904,0.987329,0.154771,-0.035022,-0.154457,0.987932,0.011525,0.036383,-0.005970,0.999320,0,0.83686,0.47539,50.212,0.951,-1,425.000,-1,400.000,-1,325.000,325.000,300.000,300.000,-1,-1,-1,-1,925.000,825.000,-1,-1,2,0,2,0,2,0,0,0,0,2,2,2,2,0,0,2,2
40,-638.845,6470.946,-125.675,-7.784,0.990213,0.135435,-0.033702,-0.135039,0.990744,0.013788,0.035258,-0.009102,0.999337,0,0.83686,0.55978,50.212,1.120,-1,425.000,-1,400.000,-1,325.000,325.000,300.000,300.000,-1,-1,-1,-1,925.000,850.000,-1,-1,2,0,2,0,2,0,0,0,0,2,2,2,2,0,0,2,2
41,-588.972,6465.119,-124.359,-6.665,0.992721,0.116049,-0.032199,-0.115628,0.993185,0.014647,0.033680,-0.010817,0.999374,0,0.83686,0.55978,50.212,1.120,-1,425.000,-1,400.000,-1,325.000,325.000,300.000,300.000,-1,-1,-1,-1,925.000,850.000,-1,-1,2,0,2,0,2,0,0,0,0,2,2,2,2,0,0,2,2
42,-538.996,6460.268,-123.224,-5.545,0.994860,0.096620,-0.030284,-0.096206,0.995251,0.014847,0.031575,-0.011857,0.999431,0,0.83686,0.55978,50.212,1.120,-1,425.000,-1,400.000,-1,325.000,325.000,300.000,300.000,-1,-1,-1,-1,925.000,850.000,-1,-1,2,0,2,0,2,0,0,0,0,2,2,2,2,0,0,2,2
43,-488.934,6456.393,-122.091,-4.425,0.996617,0.077155,-0.028330,-0.076750,0.996936,0.015126,0.029410,-0.012900,0.999484,0,0.83686,0.55978,50.212,1.120,-1,425.000,-1,400.000,-1,325.000,325.000,300.000,300.000,-1,-1,-1,-1,925.000,850.000,-1,-1,2,0,2,0,2,0,0,0,0,2,2,2,2,0,0,2,2
44,-438.806,6453.498,-120.959,-3.306,0.997989,0.057660,-0.026338,-0.057266,0.998239,0.015487,0.027184,-0.013947,0.999533,0,0.83686,0.55978,50.212,1.120,-1,425.000,-1,400.000,-1,325.000,325.000,300.000,300.000,-1,-1,-1,-1,925.000,875.000,-1,-1,2,0,2,0,2,0,0,0,0,2,2,2,2,0,0,2,2
45,-388.631,6451.583,-119.834,-2.186,0.998976,0.038144,-0.024317,-0.037764,0.999160,0.015925,0.024905,-0.014991,0.999577,0,0.83686,0.55978,50.212,1.120,-1,400.000,-1,400.000,-1,325.000,325.000,300.000,300.000,-1,-1,-1,-1,900.000,875.000,-1,-1,2,0,2,0,2,0,0,0,0,2,2,2,2,0,0,2,2
46,-338.428,6450.648,-118.719,-1.067,0.999579,0.018614,-0.022278,-0.018250,0.999698,0.016436,0.022577,-0.016022,0.999617,0,0.83686,0.55978,50.212,1.120,-1,400.000,-1,400.000,-1,325.000,325.000,300.000,300.000,-1,-1,-1,-1,900.000,875.000,-1,-1,2,0,2,0,2,0,0,0,0,2,2,2,2,0,0,2,2
47,-288.216,6450.695,-117.617,0.053,0.999795,-0.000922,-0.020221,0.001266,0.999854,0.017017,0.020203,-0.017039,0.999651,0,0.83686,0.55978,50.212,1.120,-1,400.000,-1,400.000,-1,325.000,325.000,300.000,300.000,-1,-1,-1,-1,900.000,875.000,-1,-1,2,0,2,0,2,0,0,0,0,2,2,2,2,0,0,2,2
48,-238.015,6451.722,-116.529,1.172,0.999626,-0.020457,-0.018153,0.020778,0.999628,0.017669,0.017785,-0.018040,0.999679,0,0.83686,0.55978,50.212,1.120,-1,400.000,-1,400.000,-1,325.000,325.000,300.000,300.000,-1,-1,-1,-1,875.000,875.000,-1,-1,2,0,2,0,2,0,0,0,0,2,2,2,2,0,0,2,2
49,-187.843,6453.731,-115.458,2.292,0.999071,-0.039984,-0.016076,0.040278,0.999019,0.018391,0.015325,-0.019022,0.999702,0,0.83686,0.55978,50.212,1.120,-1,425.000,-1,400.000,-1,325.000,325.000,300.000,300.000,-1,-1,-1,-1,875.000,875.000,-1,-1,2,0,2,0,2,0,0,0,0,2,2,2,2,0,0,2,2
50,-137.721,6456.719,-114.406,3.412,0.998130,-0.059495,-0.013994,0.059758,0.998029,0.019183,0.012825,-0.019983,0.999718,0,0.83686,0.55978,50.212,1.120,-1,425.000,-1,425.000,-1,325.000,325.000,300.000,300.000,-1,-1,-1,-1,875.000,875.000,-1,-1,2,0,2,0,2,0,0,0,0,2,2,2,2,0,0,2,2
51,-87.666,6460.686,-113.366,4.531,0.996804,-0.078983,-0.011941,0.079211,0.996656,0.020075,0.010315,-0.020957,0.999727,0,0.83686,0.55978,50.212,1.120,-1,425.000,-1,425.000,-1,325.000,325.000,300.000,300.000,-1,-1,-1,-1,850.000,900.000,-1,-1,2,0,2,0,2,0,0,0,0,2,2,2,2,0,0,2,2
52,-37.698,6465.630,-112.346,5.651,0.995094,-0.098439,-0.009904,0.098629,0.994902,0.021046,0.007781,-0.021920,0.999729,0,0.83686,0.55978,50.212,1.120,-1,425.000,-1,425.000,-1,325.000,325.000,300.000,300.000,-1,-1,-1,-1,850.000,900.000,-1,-1,2,0,2,0,2,0,0,0,0,2,2,2,2,0,0,2,2
53,12.163,6471.549,-112.013,6.770,0.992998,-0.117863,-0.007981,0.118000,0.992820,0.019608,0.005612,-0.020412,0.999776,0,0.83686,0.55978,50.212,1.120,-1,425.000,-1,425.000,-1,325.000,325.000,300.000,300.000,-1,-1,-1,-1,850.000,900.000,-1,-1,2,0,2,0,2,0,0,0,0,2,2,2,2,0,0,2,2
54,61.900,6478.442,-112.154,7.890,0.990519,-0.137242,-0.006111,0.137334,0.990346,0.018822,0.003469,-0.019483,0.999804,0,0.83686,0.55978,50.212,1.120,-1,425.000,-1,425.000,-1,325.000,325.000,300.000,300.000,-1,-1,-1,-1,825.000,875.000,-1,-1,2,0,2,0,2,0,0,0,0,2,2,2,2,0,0,2,2
55,111.492,6486.305,-112.483,9.009,0.987659,-0.156566,-0.004114,0.156616,0.987479,0.018864,0.001109,-0.019275,0.999814,0,0.83686,0.55978,50.212,1.120,-1,400.000,-1,425.000,-1,325.000,325.000,300.000,300.000,-1,-1,-1,-1,825.000,875.000,-1,-1,2,0,2,0,2,0,0,0,0,2,2,2,2,0,0,2,2
56,160.921,6495.135,-112.824,10.129,0.984418,-0.175831,-0.002151,0.175840,0.984236,0.018980,-0.001220,-0.019062,0.999818,0,0.83686,0.55978,50.212,1.120,-1,400.000,-1,425.000,-1,325.000,325.000,300.000,300.000,-1,-1,-1,-1,800.000,875.000,-1,-1,2,0,2,0,2,0,0,0,0,2,2,2,2,0,0,2,2
57,210.168,6504.930,-113.177,11.248,0.980797,-0.195029,-0.000230,0.194998,0.980616,0.019166,-0.003513,-0.018843,0.999816,0,0.83686,0.55978,50.212,1.120,-1,400.000,-1,400.000,-1,325.000,325.000,300.000,300.000,-1,-1,-1,-1,800.000,850.000,-1,-1,2,0,2,0,2,0,0,0,0,2,2,2,2,0,0,2,2
58,259.215,6515.685,-113.543,12.368,0.976799,-0.214153,0.001644,0.214082,0.976623,0.019419,-0.005765,-0.018616,0.999810,0,0.83686,0.55978,50.212,1.120,-1,400.000,-1,400.000,-1,325.000,325.000,300.000,300.000,-1,-1,-1,-1,775.000,850.000,-1,-1,2,0,2,0,2,0,0,0,0,2,2,2,2,0,0,2,2
59,308.042,6527.396,-113.920,13.488,0.972424,-0.233195,0.003465,0.233085,0.972256,0.019732,-0.007970,-0.018380,0.999799,0,0.83686,0.55978,50.212,1.120,-1,400.000,-1,400.000,-1,325.000,325.000,300.000,300.000,-1,-1,-1,-1,775.000,850.000,-1,-1,2,0,2,0,2,0,0,0,0,2,2,2,2,0,0,2,2
60,356.630,6540.059,-114.309,14.607,0.967674,-0.252149,0.005227,0.251999,0.967519,0.020101,-0.010125,-0.018134,0.999784,0,0.83686,0.55978,50.212,1.120,-1,400.000,-1,400.000,-1,325.000,325.000,300.000,300.000,-1,-1,-1,-1,750.000,825.000,-1,-1,2,0,2,0,2,0,0,0,0,2,2,2,2,0,0,2,2
61,404.962,6553.669,-114.686,15.727,0.962553,-0.271006,0.006873,0.270821,0.962413,0.020398,-0.012142,-0.017773,0.999768,0,0.83686,0.55978,50.212,1.120,-1,400.000,-1,400.000,-1,325.000,325.000,300.000,300.000,-1,-1,-1,-1,750.000,825.000,-1,-1,2,0,2,0,2,0,0,0,0,2,2,2,2,0,0,2,2
62,453.019,6568.220,-115.053,16.846,0.957062,-0.289761,0.008441,0.289542,0.956941,0.020702,-0.014076,-0.017369,0.999750,0,0.83686,0.55978,50.212,1.120,-1,400.000,-1,400.000,-1,325.000,325.000,300.000,300.000,-1,-1,-1,-1,725.000,825.000,-1,-1,2,0,2,0,2,0,0,0,0,2,2,2,2,0,0,2,2
63,500.783,6583.708,-115.421,17.966,0.951203,-0.308406,0.009933,0.308154,0.951104,0.021019,-0.015929,-0.016932,0.999730,0,0.83686,0.55978,50.212,1.120,-1,400.000,-1,400.000,-1,325.000,325.000,300.000,300.000,-1,-1,-1,-1,725.000,800.000,-1,-1,2,0,2,0,2,0,0,0,0,2,2,2,2,0,0,2,2
64,548.235,6600.126,-115.790,19.085,0.944979,-0.326933,0.011346,0.326650,0.944904,0.021342,-0.017698,-0.016461,0.999708,0,0.83686,0.55978,50.212,1.120,-1,375.000,-1,400.000,-1,325.000,325.000,300.000,300.000,-1,-1,-1,-1,725.000,800.000,-1,-1,2,0,2,0,2,0,0,0,0,2,2,2,2,0,0,2,2
65,595.357,6617.468,-116.545,20.205,0.938398,-0.345343,0.012112,0.345073,0.938364,0.019936,-0.018250,-0.014528,0.999728,0,0.83686,0.55978,50.212,1.120,-1,375.000,-1,400.000,-1,325.000,325.000,300.000,300.000,-1,-1,-1,-1,725.000,800.000,-1,-1,2,0,2,0,2,0,0,0,0,2,2,2,2,0,0,2,2
66,642.131,6635.727,-117.368,21.325,0.931454,-0.363622,0.013101,0.363369,0.931465,0.018323,-0.018865,-0.012306,0.999746,0,0.83686,0.55978,50.212,1.120,-1,375.000,-1,400.000,-1,325.000,325.000,300.000,300.000,-1,-1,-1,-1,700.000,800.000,-1,-1,2,0,2,0,2,0,0,0,0,2,2,2,2,0,0,2,2
67,688.539,6654.897,-118.181,22.444,0.924153,-0.381762,0.014090,0.381529,0.924206,0.016726,-0.019407,-0.010081,0.999761,0,0.83686,0.55978,50.212,1.120,-1,375.000,-1,400.000,-1,325.000,325.000,300.000,300.000,-1,-1,-1,-1,700.000,775.000,-1,-1,2,0,2,0,2,0,0,0,0,2,2,2,2,0,0,2,2
68,738.872,6677.099,-119.106,23.804,0.914817,-0.403591,0.014957,0.403384,0.914906,0.015104,-0.019780,-0.007784,0.999774,0,0.91686,0.67978,55.012,1.360,-1,375.000,-1,400.000,-1,325.000,325.000,300.000,300.000,-1,-1,-1,-1,700.000,775.000,-1,-1,2,0,2,0,2,0,0,0,0,2,2,2,2,0,0,2,2
69,789.472,6701.129,-120.225,25.403,0.903191,-0.428978,0.014955,0.428796,0.903294,0.013900,-0.019471,-0.006141,0.999792,0,0.93360,0.79978,56.016,1.600,-1,375.000,-1,400.000,-1,325.000,325.000,300.000,300.000,-1,-1,-1,-1,700.000,775.000,-1,-1,2,0,2,0,2,0,0,0,0,2,2,2,2,0,0,2,2
70,839.274,6726.771,-121.343,27.243,0.888951,-0.457757,0.014999,0.457601,0.889066,0.012761,-0.019177,-0.004480,0.999806,0,0.93360,0.91978,56.016,1.840,-1,375.000,-1,400.000,-1,325.000,325.000,300.000,300.000,-1,-1,-1,-1,700.000,775.000,-1,-1,2,0,2,0,2,0,0,0,0,2,2,2,2,0,0,2,2
71,888.151,6754.135,-122.452,29.243,0.872428,-0.488509,0.015078,0.488378,0.872554,0.011660,-0.018852,-0.002808,0.999818,0,0.93360,1.00000,56.016,2.000,-1,375.000,-1,400.000,-1,325.000,325.000,300.000,300.000,-1,-1,-1,-1,700.000,750.000,-1,-1,2,0,2,0,2,0,0,0,0,2,2,2,2,0,0,2,2
72,936.044,6783.189,-123.534,31.243,0.854843,-0.518665,0.015168,0.518560,0.854977,0.010516,-0.018422,-0.001124,0.999830,0,0.93360,1.00000,56.016,2.000,-1,375.000,-1,400.000,-1,325.000,325.000,300.000,300.000,-1,-1,-1,-1,675.000,750.000,-1,-1,2,0,2,0,2,0,0,0,0,2,2,2,2,0,0,2,2
73,982.893,6813.896,-124.586,33.243,0.836216,-0.548188,0.015275,0.548109,0.836355,0.009331,-0.017891,0.000569,0.999840,0,0.93360,1.00000,56.016,2.000,-1,375.000,-1,400.000,-1,300.000,325.000,300.000,300.000,-1,-1,-1,-1,675.000,750.000,-1,-1,2,0,2,0,2,0,0,0,0,2,2,2,2,0,0,2,2
74,1028.642,6846.219,-125.605,35.243,0.816570,-0.577041,0.015406,0.576988,0.816712,0.008109,-0.017261,0.002268,0.999848,0,0.93360,1.00000,56.016,2.000,-1,375.000,-1,400.000,-1,300.000,325.000,300.000,300.000,-1,-1,-1,-1,675.000,725.000,-1,-1,2,0,2,0,2,0,0,0,0,2,2,2,2,0,0,2,2
75,1073.235,6880.120,-126.564,37.243,0.795927,-0.605189,0.015695,0.605164,0.796072,0.006820,-0.016622,0.004070,0.999854,0,0.93360,1.00000,56.016,2.000,-1,375.000,-1,375.000,-1,300.000,300.000,300.000,300.000,-1,-1,-1,-1,675.000,725.000,-1,-1,2,0,2,0,2,0,0,0,0,2,2,2,2,0,0,2,2
76,1116.618,6915.556,-127.252,39.243,0.774336,-0.632599,0.014876,0.632596,0.774462,0.005519,-0.015012,0.005137,0.999874,0,0.93360,1.00000,56.016,2.000,-1,375.000,-1,375.000,-1,300.000,300.000,300.000,300.000,-1,-1,-1,-1,675.000,725.000,-1,-1,2,0,2,0,2,0,0,0,0,2,2,2,2,0,0,2,2
77,1158.738,6952.485,-127.852,41.243,0.751806,-0.659239,0.013871,0.659254,0.751909,0.004071,-0.013114,0.006084,0.999896,0,0.93360,1.00000,56.016,2.000,-1,375.000,-1,375.000,-1,300.000,300.000,325.000,300.000,-1,-1,775.000,-1,675.000,700.000,-1,-1,2,0,2,0,2,0,0,0,0,2,2,0,2,0,0,2,2
78,1199.543,6990.861,-128.371,43.243,0.728360,-0.685075,0.012847,0.685105,0.728440,0.002538,-0.011097,0.006953,0.999914,0,0.93360,1.00000,56.016,2.000,-1,375.000,-1,375.000,-1,300.000,300.000,325.000,300.000,-1,775.000,700.000,-1,700.000,700.000,-1,-1,2,0,2,0,2,0,0,0,0,2,0,0,2,0,0,2,2
79,1238.984,7030.638,-128.810,45.243,0.704027,-0.710075,0.011815,0.710117,0.704083,0.000919,-0.008971,0.007743,0.999930,0,0.93360,1.00000,56.016,2.000,-1,375.000,-1,375.000,-1,300.000,300.000,325.000,325.000,-1,700.000,650.000,-1,700.000,700.000,-1,-1,2,0,2,0,2,0,0,0,0,2,0,0,2,0,0,2,2
80,1277.013,7071.767,-129.168,47.243,0.678836,-0.734211,0.010787,0.734259,0.678869,-0.000785,-0.006747,0.008453,0.999942,0,0.93360,1.00000,56.016,2.000,-1,375.000,-1,375.000,-1,300.000,300.000,325.000,325.000,-1,650.000,600.000,-1,700.000,700.000,-1,-1,2,0,2,0,2,0,0,0,0,2,0,0,2,0,0,2,2
81,1313.583,7114.198,-129.462,49.243,0.652818,-0.757451,0.009857,0.757502,0.652828,-0.002574,-0.004485,0.009147,0.999948,0,0.93360,1.00000,56.016,2.000,-1,375.000,-1,375.000,-1,300.000,300.000,325.000,325.000,-1,600.000,550.000,-1,725.000,725.000,-1,-1,2,0,2,0,2,0,0,0,0,2,0,0,2,0,0,2,2
82,1348.650,7157.879,-129.761,51.243,0.626002,-0.779770,0.008958,0.779818,0.625993,-0.004094,-0.002415,0.009548,0.999951,0,0.93360,1.00000,56.016,2.000,-1,375.000,-1,375.000,-1,300.000,300.000,325.000,325.000,-1,575.000,525.000,-1,725.000,725.000,-1,-1,2,0,2,0,2,0,0,0,0,2,0,0,2,0,0,2,2
83,1382.171,7202.758,-130.010,53.243,0.598423,-0.801139,0.008135,0.801180,0.598396,-0.005614,-0.000371,0.009877,0.999951,0,0.93360,1.00000,56.016,2.000,-1,375.000,-1,375.000,-1,300.000,300.000,325.000,325.000,-1,525.000,500.000,-1,725.000,725.000,-1,-1,2,0,2,0,2,0,0,0,0,2,0,0,2,0,0,2,2
84,1414.106,7248.780,-130.227,55.243,0.570114,-0.821533,0.007268,0.821564,0.570071,-0.007192,0.001765,0.010071,0.999948,0,0.93360,1.00000,56.016,2.000,-1,375.000,-1,375.000,-1,325.000,300.000,325.000,325.000,-1,500.000,475.000,-1,750.000,725.000,-1,-1,2,0,2,0,2,0,0,0,0,2,0,0,2,0,0,2,2
85,1444.415,7295.888,-130.354,57.243,0.541109,-0.840928,0.006400,0.840944,0.541053,-0.008638,0.003801,0.010056,0.999942,0,0.93360,1.00000,56.016,2.000,-1,400.000,-1,375.000,-1,325.000,325.000,325.000,325.000,-1,475.000,475.000,-1,750.000,725.000,-1,-1,2,0,2,0,2,0,0,0,0,2,0,0,2,0,0,2,2
86,1473.096,7344.076,-130.161,59.240,0.511478,-0.859281,0.005202,0.859282,0.511424,-0.008964,0.005042,0.009054,0.999946,0,0.93464,0.99854,56.078,1.997,-1,400.000,-1,375.000,-1,325.000,325.000,325.000,325.000,-1,500.000,500.000,-1,775.000,725.000,-1,-1,2,0,2,0,2,0,0,0,0,2,0,0,2,0,0,2,2
87,1500.124,7393.304,-129.910,61.232,0.481296,-0.876549,0.004107,0.876537,0.481246,-0.009198,0.006086,0.008027,0.999949,0,0.93599,0.99615,56.159,1.992,-1,400.000,-1,375.000,-1,325.000,325.000,325.000,325.000,-1,525.000,550.000,-1,800.000,725.000,-1,-1,2,0,2,0,2,0,0,0,0,2,0,0,2,0,0,2,2
88,1525.456,7443.495,-129.648,63.219,0.450607,-0.892716,0.003308,0.892697,0.450562,-0.009285,0.006798,0.007136,0.999951,0,0.93701,0.99367,56.221,1.987,-1,400.000,-1,375.000,-1,325.000,325.000,325.000,325.000,-1,575.000,575.000,-1,800.000,725.000,-1,-1,2,0,2,0,2,0,0,0,0,2,0,0,2,0,0,2,2
89,1549.053,7494.570,-129.307,65.202,0.419454,-0.907773,0.002453,0.907747,0.419416,-0.009273,0.007389,0.006116,0.999954,0,0.93771,0.99113,56.263,1.982,-1,400.000,-1,375.000,-1,325.000,325.000,325.000,300.000,-1,600.000,625.000,-1,800.000,725.000,-1,-1,2,0,2,0,2,0,0,0,0,2,0,0,2,0,0,2,2
90,1570.884,7546.449,-128.893,67.179,0.387879,-0.921709,0.001538,0.921677,0.387850,-0.009163,0.007849,0.004972,0.999957,0,0.93808,0.98858,56.285,1.977,-1,400.000,-1,375.000,-1,325.000,325.000,325.000,300.000,-1,650.000,700.000,-1,825.000,725.000,-1,-1,2,0,2,0,2,0,0,0,0,2,0,0,2,0,0,2,2
91,1590.918,7599.052,-128.426,69.151,0.355923,-0.934515,0.000592,0.934479,0.355903,-0.009019,0.008218,0.003764,0.999959,0,0.93816,0.98605,56.289,1.972,-1,400.000,-1,375.000,-1,325.000,325.000,325.000,300.000,-1,700.000,750.000,-1,825.000,750.000,-1,-1,2,0,2,0,2,0,0,0,0,2,0,0,2,0,0,2,2
92,1609.130,7652.301,-127.913,71.119,0.323619,-0.946187,-0.000383,0.946149,0.323609,-0.008840,0.008489,0.002498,0.999961,0,0.93795,0.98378,56.277,1.968,-1,400.000,-1,375.000,-1,325.000,325.000,325.000,300.000,-1,775.000,825.000,-1,850.000,750.000,-1,-1,2,0,2,0,2,0,0,0,0,2,0,0,2,0,0,2,2
93,1625.497,7706.116,-127.360,73.083,0.290980,-0.956728,-0.001390,0.956690,0.290981,-0.008623,0.008655,0.001179,0.999962,0,0.93749,0.98235,56.250,1.965,-1,400.000,-1,375.000,-1,325.000,325.000,325.000,300.000,-1,850.000,900.000,-1,850.000,750.000,-1,-1,2,0,2,0,2,0,0,0,0,2,0,0,2,0,0,2,2
94,1639.990,7759.488,-126.779,74.808,0.262043,-0.965053,-0.002396,0.965017,0.262054,-0.008384,0.008719,-0.000115,0.999962,0,0.92174,0.86235,55.305,1.725,-1,400.000,-1,400.000,-1,325.000,325.000,325.000,300.000,-1,900.000,1000.000,-1,875.000,775.000,-1,-1,2,0,2,0,2,0,0,0,0,2,0,0,2,0,0,2,2
95,1653.084,7813.173,-126.206,76.293,0.236939,-0.971518,-0.003605,0.971484,0.236962,-0.008216,0.008836,-0.001556,0.999960,0,0.92098,0.74235,55.259,1.485,-1,425.000,-1,400.000,-1,325.000,325.000,325.000,300.000,-1,975.000,-1,-1,900.000,775.000,-1,-1,2,0,2,0,2,0,0,0,0,2,0,2,2,0,0,2,2
96,1664.999,7867.083,-125.887,77.537,0.215762,-0.976429,-0.005806,0.976411,0.215800,-0.007150,0.008235,-0.004126,0.999958,0,0.92018,0.62235,55.211,1.245,-1,425.000,-1,400.000,-1,325.000,325.000,325.000,300.000,-1,-1,-1,-1,900.000,775.000,-1,-1,2,0,2,0,2,0,0,0,0,2,2,2,2,0,0,2,2
97,1675.957,7921.147,-125.610,78.542,0.198592,-0.980049,-0.008096,0.980053,0.198643,-0.006051,0.007539,-0.006733,0.999949,0,0.91938,0.50235,55.163,1.005,-1,425.000,-1,400.000,-1,325.000,325.000,300.000,300.000,-1,-1,-1,-1,900.000,775.000,-1,-1,2,0,2,0,2,0,0,0,0,2,2,2,2,0,0,2,2
98,1686.250,7975.657,-125.684,79.307,0.185499,-0.982604,-0.008950,0.982626,0.185544,-0.004502,0.006085,-0.007959,0.999950,0,0.92455,0.38235,55.473,0.765,-1,425.000,-1,400.000,-1,325.000,325.000,300.000,300.000,-1,-1,-1,-1,900.000,775.000,-1,-1,2,0,2,0,2,0,0,0,0,2,2,2,2,0,0,2,2
99,1696.040,8030.239,-125.779,79.832,0.176502,-0.984253,-0.009669,0.984290,0.176536,-0.002816,0.004478,-0.009020,0.999949,0,0.92423,0.26235,55.454,0.525,-1,425.000,-1,400.000,-1,325.000,325.000,300.000,300.000,-1,-1,-1,-1,875.000,775.000,-1,-1,2,0,2,0,2,0,0,0,0,2,2,2,2,0,0,2,2
100,1705.554,8084.847,-125.845,80.116,0.171620,-0.985108,-0.010436,0.985159,0.171641,-0.001112,0.002887,-0.010090,0.999945,0,0.92384,0.14235,55.430,0.285,-1,400.000,-1,400.000,-1,325.000,325.000,300.000,300.000,-1,-1,-1,-1,875.000,775.000,-1,-1,2,0,2,0,2,0,0,0,0,2,2,2,2,0,0,2,2
101,1715.021,8139.437,-125.881,80.161,0.170866,-0.985230,-0.011227,0.985293,0.170871,0.000596,0.001331,-0.011163,0.999937,0,0.92342,0.02235,55.405,0.045,-1,400.000,-1,400.000,-1,325.000,325.000,300.000,300.000,-1,-1,-1,-1,875.000,775.000,-1,-1,2,0,2,0,2,0,0,0,0,2,2,2,2,0,0,2,2
102,1724.670,8193.969,-125.884,79.966,0.174241,-0.984630,-0.012015,0.984703,0.174226,0.002296,-0.000168,-0.012231,0.999925,0,0.92298,-0.09765,55.379,-0.195,-1,400.000,-1,400.000,-1,325.000,325.000,300.000,300.000,-1,-1,-1,-1,850.000,775.000,-1,-1,2,0,2,0,2,0,0,0,0,2,2,2,2,0,0,2,2
103,1734.729,8248.402,-125.850,79.530,0.181735,-0.983265,-0.012774,0.983346,0.181699,0.003977,-0.001590,-0.013284,0.999911,0,0.92257,-0.21765,55.354,-0.435,-1,400.000,-1,400.000,-1,325.000,325.000,300.000,300.000,-1,-1,-1,-1,850.000,750.000,-1,-1,2,0,2,0,2,0,0,0,0,2,2,2,2,0,0,2,2
104,1745.424,8302.689,-125.774,78.855,0.193332,-0.981041,-0.013478,0.981129,0.193272,0.005626,-0.002914,-0.014311,0.999893,0,0.92219,-0.33765,55.331,-0.675,-1,400.000,-1,400.000,-1,325.000,325.000,325.000,300.000,-1,-1,-1,-1,850.000,750.000,-1,-1,2,0,2,0,2,0,0,0,0,2,2,2,2,0,0,2,2
105,1756.980,8356.781,-125.650,77.940,0.209000,-0.977814,-0.014102,0.977907,0.208915,0.007228,-0.004122,-0.015301,0.999874,0,0.92186,-0.45765,55.312,-0.915,-1,400.000,-1,400.000,-1,325.000,325.000,325.000,300.000,-1,-1,-1,-1,825.000,750.000,975.000,-1,2,0,2,0,2,0,0,0,0,2,2,2,2,0,0,1,2
106,1769.947,8411.999,-125.465,76.784,0.228694,-0.973388,-0.014635,0.973484,0.228584,0.008810,-0.005230,-0.016262,0.999854,0,0.94535,-0.57765,56.721,-1.155,-1,400.000,1000.000,375.000,-1,325.000,325.000,325.000,300.000,-1,-1,-1,-1,800.000,750.000,900.000,-1,2,0,1,0,2,0,0,0,0,2,2,2,2,1,0,1,2
107,1784.308,8467.089,-125.359,75.389,0.252346,-0.967509,-0.015730,0.967620,0.252212,0.010007,-0.005714,-0.017746,0.999826,0,0.94884,-0.69765,56.931,-1.395,950.000,400.000,950.000,375.000,-1,325.000,325.000,325.000,300.000,-1,-1,-1,-1,750.000,750.000,850.000,-1,1,0,1,0,2,0,0,0,0,2,2,2,2,1,0,1,2
108,1800.290,8521.937,-125.487,73.754,0.279870,-0.959869,-0.018011,0.960021,0.279706,0.011146,-0.005661,-0.020411,0.999776,0,0.95215,-0.81765,57.129,-1.635,850.000,400.000,900.000,375.000,-1,325.000,325.000,325.000,300.000,-1,-1,-1,-1,700.000,750.000,775.000,-1,1,0,1,0,2,0,0,0,0,2,2,2,2,1,0,1,2
109,1818.115,8576.407,-125.583,71.879,0.311149,-0.950144,-0.020315,0.950345,0.310948,0.012491,-0.005551,-0.023193,0.999716,0,0.95520,-0.93765,57.312,-1.875,750.000,400.000,850.000,375.000,-1,325.000,325.000,325.000,325.000,-1,-1,-1,-1,650.000,750.000,700.000,-1,1,0,1,0,2,0,0,0,0,2,2,2,2,1,0,1,2
110,1837.851,8630.387,-125.893,69.916,0.343500,-0.938899,-0.021812,0.939142,0.343293,0.012763,-0.004495,-0.024869,0.999681,0,0.95791,-0.98134,57.474,-1.963,675.000,400.000,800.000,375.000,-1,325.000,325.000,325.000,325.000,-1,-1,-1,-1,600.000,750.000,650.000,-1,1,0,1,0,2,0,0,0,0,2,2,2,2,1,0,1,2
111,1859.470,8683.791,-126.235,67.961,0.375318,-0.926618,-0.022700,0.926889,0.375107,0.013087,-0.003611,-0.025952,0.999657,0,0.96023,-0.97734,57.614,-1.955,600.000,400.000,750.000,375.000,-1,325.000,325.000,325.000,325.000,-1,-1,-1,-1,575.000,750.000,575.000,-1,1,0,1,0,2,0,0,0,0,2,2,2,2,1,0,1,2
112,1882.935,8736.534,-126.487,66.015,0.406554,-0.913325,-0.023464,0.913623,0.406343,0.013367,-0.002674,-0.026872,0.999635,0,0.96213,-0.97290,57.728,-1.946,525.000,400.000,700.000,375.000,-1,325.000,325.000,325.000,325.000,-1,-1,-1,-1,525.000,725.000,525.000,-1,1,0,1,0,2,0,0,0,0,2,2,2,2,1,1,1,2
113,1908.207,8788.532,-126.634,64.079,0.437165,-0.899057,-0.024151,0.899380,0.436957,0.013585,-0.001661,-0.027660,0.999616,0,0.96356,-0.96801,57.814,-1.936,475.000,400.000,675.000,375.000,-1,325.000,325.000,325.000,325.000,-1,-1,-1,-1,475.000,700.000,475.000,-1,1,0,1,0,2,0,0,0,0,2,2,2,2,1,1,1,2
114,1935.236,8839.699,-126.687,62.154,0.467111,-0.883854,-0.024691,0.884198,0.466909,0.013754,-0.000628,-0.028256,0.999601,0,0.96445,-0.96268,57.867,-1.925,400.000,400.000,650.000,375.000,-1,325.000,325.000,325.000,325.000,-1,-1,-1,-1,450.000,675.000,425.000,-1,1,1,1,0,2,0,0,0,0,2,2,2,2,1,1,1,2
115,1963.968,8889.949,-126.679,60.240,0.496356,-0.867761,-0.024912,0.868119,0.496162,0.013890,0.000307,-0.028521,0.999593,0,0.96473,-0.95690,57.884,-1.914,350.000,350.000,625.000,375.000,-1,325.000,325.000,325.000,325.000,-1,-1,-1,-1,400.000,675.000,350.000,-1,1,1,1,0,2,0,0,0,0,2,2,2,2,1,1,1,2
116,1991.780,8935.164,-126.571,58.404,0.523898,-0.851413,-0.025037,0.851780,0.523714,0.013938,0.001245,-0.028629,0.999589,0,0.88473,-0.91823,53.084,-1.836,300.000,325.000,625.000,375.000,-1,325.000,325.000,325.000,325.000,-1,-1,-1,-1,375.000,650.000,300.000,-1,1,1,1,0,2,0,0,0,0,2,2,2,2,1,1,1,2
117,2018.422,8975.432,-126.385,56.511,0.551726,-0.833647,-0.025105,0.834022,0.551556,0.013903,0.002256,-0.028609,0.999588,0,0.80473,-0.94657,48.284,-1.893,250.000,300.000,625.000,375.000,-1,300.000,325.000,325.000,325.000,-1,-1,-1,-1,350.000,650.000,275.000,-1,1,1,1,0,2,1,0,0,0,2,2,2,2,1,1,1,2
118,2045.486,9013.552,-126.209,54.626,0.578821,-0.815053,-0.025578,0.815447,0.578668,0.013766,0.003581,-0.028825,0.999578,0,0.77916,-0.94226,46.750,-1.885,225.000,275.000,675.000,375.000,-1,300.000,325.000,325.000,325.000,-1,-1,-1,-1,300.000,650.000,225.000,-1,1,1,1,0,2,1,0,0,0,2,2,2,2,1,1,1,2
119,2073.842,9050.842,-125.985,52.751,0.605156,-0.795676,-0.026197,0.796091,0.605025,0.013578,0.005046,-0.029072,0.999565,0,0.78077,-0.93759,46.846,-1.875,175.000,250.000,-1,375.000,-1,275.000,325.000,325.000,325.000,-1,-1,-1,-1,275.000,700.000,175.000,-1,1,1,2,0,2,1,0,0,0,2,2,2,2,1,1,1,2
120,2103.442,9087.246,-125.675,50.886,0.630704,-0.775562,-0.026762,0.775996,0.630596,0.013356,0.006518,-0.029191,0.999553,0,0.78198,-0.93247,46.919,-1.865,125.000,225.000,-1,375.000,-1,250.000,325.000,325.000,325.000,-1,-1,-1,-1,275.000,750.000,150.000,-1,1,1,2,0,2,1,1,0,0,2,2,2,2,1,0,1,2
121,2134.237,9122.705,-118.894,49.032,0.655295,-0.755075,-0.021204,0.754817,0.655631,-0.019952,0.028967,-0.002930,0.999576,0,0.78273,-0.92689,46.964,-1.854,125.000,225.000,-1,425.000,-1,250.000,325.000,350.000,300.000,-1,425.000,325.000,-1,275.000,900.000,150.000,-1,1,1,2,1,2,1,1,1,0,2,0,0,2,1,0,1,2
122,2166.157,9157.174,-112.003,47.191,0.679553,-0.733413,-0.017678,0.731819,0.679372,-0.053802,0.051469,0.023624,0.998395,0,0.78294,-0.92083,46.976,-1.842,125.000,250.000,-1,475.000,-1,275.000,350.000,325.000,275.000,-1,275.000,125.000,-1,300.000,-1,125.000,-1,1,1,2,1,2,1,1,1,0,2,0,0,2,1,2,1,2
123,2199.137,9190.599,-105.253,45.362,0.703318,-0.710688,-0.016321,0.707103,0.701763,-0.086796,0.073138,0.049504,0.996092,0,0.78254,-0.91427,46.953,-1.829,125.000,275.000,-1,525.000,-1,300.000,375.000,300.000,275.000,-1,225.000,75.000,625.000,375.000,-1,125.000,-1,1,1,2,1,2,1,1,1,0,2,0,0,0,1,2,1,2
124,2233.106,9222.927,-98.655,43.548,0.726428,-0.687033,-0.016995,0.680801,0.722777,-0.118762,0.093877,0.074702,0.992777,0,0.78147,-0.90720,46.888,-1.814,125.000,325.000,-1,600.000,-1,350.000,425.000,275.000,250.000,-1,200.000,50.000,425.000,500.000,-1,125.000,-1,1,1,2,0,2,1,1,1,0,2,0,0,0,1,2,1,2
125,2267.994,9254.096,-94.059,41.748,0.748288,-0.663068,-0.020158,0.654566,0.742946,-0.139908,0.107745,0.091497,0.989959,0,0.77964,-0.89962,46.779,-1.799,100.000,375.000,-1,625.000,-1,400.000,525.000,250.000,250.000,-1,200.000,25.000,350.000,-1,-1,125.000,-1,1,1,2,0,2,1,1,1,0,2,0,0,0,2,2,1,2
126,2303.718,9284.057,-91.171,39.965,0.768809,-0.638999,-0.024750,0.628822,0.762467,-0.152402,0.116256,0.101605,0.988009,0,0.77700,-0.89155,46.620,-1.783,100.000,450.000,-1,650.000,-1,525.000,575.000,225.000,250.000,-1,200.000,25.000,300.000,-1,-1,150.000,-1,1,1,2,0,2,1,0,1,0,2,0,0,0,2,2,1,2
127,2340.187,9312.767,-89.288,38.199,0.788089,-0.614831,-0.029979,0.603507,0.781330,-0.159065,0.121222,0.107265,0.986813,0,0.77348,-0.88300,46.409,-1.766,100.000,-1,-1,675.000,-1,675.000,600.000,200.000,250.000,-1,175.000,25.000,300.000,-1,-1,150.000,-1,1,2,2,0,2,0,0,1,0,2,0,0,0,2,2,1,2
128,2377.304,9340.186,-88.349,36.451,0.806178,-0.590618,-0.035327,0.578774,0.799595,-0.160215,0.122873,0.108716,0.986450,0,0.76905,-0.87401,46.143,-1.748,100.000,-1,-1,675.000,-1,675.000,600.000,175.000,250.000,-1,200.000,25.000,275.000,-1,-1,-1,-1,1,2,2,0,2,0,0,1,0,2,0,0,0,2,2,2,2
129,2951.694,-6887.290,16.110,155.250,-0.907947,-0.418605,-0.020065,0.418845,-0.908008,-0.009565,-0.014215,-0.017088,0.999753,1,0.00000,0.00000,45.822,-1.729,-1,400.000,-1,400.000,-1,325.000,325.000,300.000,300.000,-1,-1,-1,-1,775.000,750.000,-1,-1,2,0,2,0,2,0,0,0,0,2,2,2,2,0,0,2,2
130,2947.326,-6885.299,16.040,155.490,-0.909692,-0.414798,-0.020053,0.415037,-0.909754,-0.009555,-0.014279,-0.017015,0.999753,0,0.08000,0.12000,4.800,0.240,-1,400.000,-1,400.000,-1,325.000,325.000,300.000,300.000,-1,-1,-1,-1,775.000,750.000,-1,-1,2,0,2,0,2,0,0,0,0,2,2,2,2,0,0,2,2
131,2938.558,-6881.390,15.899,155.970,-0.913136,-0.407163,-0.020028,0.407401,-0.913200,-0.009537,-0.014407,-0.016868,0.999754,0,0.16000,0.24000,9.600,0.480,-1,400.000,-1,400.000,-1,325.000,325.000,300.000,300.000,-1,-1,-1,-1,775.000,750.000,-1,-1,2,0,2,0,2,0,0,0,0,2,2,2,2,0,0,2,2
132,2925.334,-6875.691,15.684,156.690,-0.918181,-0.395658,-0.019992,0.395893,-0.918247,-0.009510,-0.014595,-0.016647,0.999755,0,0.24000,0.36000,14.400,0.720,-1,400.000,-1,400.000,-1,325.000,325.000,300.000,300.000,-1,-1,-1,-1,775.000,750.000,-1,-1,2,0,2,0,2,0,0,0,0,2,2,2,2,0,0,2,2
133,2907.606,-6868.318,15.393,157.416,-0.923123,-0.383986,-0.019954,0.384219,-0.923193,-0.009480,-0.014781,-0.016418,0.999756,0,0.32000,0.36321,19.200,0.726,-1,400.000,-1,400.000,-1,325.000,325.000,300.000,300.000,-1,-1,-1,-1,775.000,750.000,-1,-1,2,0,2,0,2,0,0,0,0,2,2,2,2,0,0,2,2
134,2885.331,-6859.384,15.023,158.146,-0.927939,-0.372201,-0.019914,0.372432,-0.928011,-0.009449,-0.014963,-0.016184,0.999757,0,0.40000,0.36479,24.000,0.730,-1,400.000,-1,400.000,-1,325.000,325.000,300.000,300.000,-1,-1,-1,-1,775.000,750.000,-1,-1,2,0,2,0,2,0,0,0,0,2,2,2,2,0,0,2,2
135,2858.466,-6849.006,14.574,158.879,-0.932628,-0.360290,-0.019874,0.360520,-0.932704,-0.009418,-0.015143,-0.015948,0.999758,0,0.48000,0.36678,28.800,0.734,-1,400.000,-1,400.000,-1,325.000,325.000,300.000,300.000,-1,-1,-1,-1,775.000,750.000,-1,-1,2,0,2,0,2,0,0,0,0,2,2,2,2,0,0,2,2
136,2826.969,-6837.304,14.042,159.618,-0.937195,-0.348242,-0.019836,0.348470,-0.937273,-0.009390,-0.015322,-0.015712,0.999759,0,0.56000,0.36918,33.600,0.738,-1,400.000,-1,400.000,-1,325.000,325.000,300.000,300.000,-1,-1,-1,-1,775.000,750.000,-1,-1,2,0,2,0,2,0,0,0,0,2,2,2,2,0,0,2,2
137,2790.803,-6824.398,13.426,160.362,-0.941638,-0.336044,-0.019801,0.336270,-0.941719,-0.009367,-0.015499,-0.015479,0.999760,0,0.64000,0.37200,38.400,0.744,-1,400.000,-1,400.000,-1,325.000,325.000,300.000,300.000,-1,-1,-1,-1,775.000,750.000,-1,-1,2,0,2,0,2,0,0,0,0,2,2,2,2,0,0,2,2
138,2749.929,-6810.413,12.723,161.112,-0.945960,-0.323681,-0.019772,0.323905,-0.946043,-0.009353,-0.015678,-0.015252,0.999761,0,0.72000,0.37525,43.200,0.750,-1,400.000,-1,400.000,-1,325.000,325.000,300.000,300.000,-1,-1,-1,-1,775.000,750.000,-1,-1,2,0,2,0,2,0,0,0,0,2,2,2,2,0,0,2,2
