timestep,x_cm,y_cm,z_cm,yaw_deg,basis_xx,basis_xy,basis_xz,basis_yx,basis_yy,basis_yz,basis_zx,basis_zy,basis_zz,teleport_flag,throttle_cmd,steering_cmd,cmd_move_cm,cmd_turn_deg,lidar_cm_0,lidar_cm_1,lidar_cm_2,lidar_cm_3,lidar_cm_4,lidar_cm_5,lidar_cm_6,lidar_cm_7,lidar_cm_8,lidar_cm_9,lidar_cm_10,lidar_cm_11,lidar_cm_12,lidar_cm_13,lidar_cm_14,lidar_cm_15,lidar_cm_16,lidar_class_0,lidar_class_1,lidar_class_2,lidar_class_3,lidar_class_4,lidar_class_5,lidar_class_6,lidar_class_7,lidar_class_8,lidar_class_9,lidar_class_10,lidar_class_11,lidar_class_12,lidar_class_13,lidar_class_14,lidar_class_15,lidar_class_16
0,-988.692,1640.008,350.781,-1.924,0.998128,0.033546,-0.051132,-0.035607,0.998567,-0.039941,0.049719,0.041687,0.997893,1,-0.08000,-0.12000,-4.800,-0.240,-1,375.000,-1,400.000,-1,325.000,325.000,275.000,300.000,-1,-1,-1,-1,750.000,750.000,-1,-1,2,0,2,0,2,0,0,0,0,2,2,2,2,0,0,2,2
1,-994.412,1640.248,350.486,-2.404,0.997817,0.041909,-0.051047,-0.043966,0.998238,-0.039853,0.049287,0.042010,0.997901,0,-0.09542,-0.24000,-5.725,-0.480,-1,375.000,-1,400.000,-1,325.000,325.000,275.000,300.000,-1,-1,-1,-1,750.000,750.000,-1,-1,2,0,2,0,2,0,0,0,0,2,2,2,2,0,0,2,2
2,-1000.161,1640.562,350.185,-3.124,0.997215,0.054449,-0.050964,-0.056504,0.997609,-0.039796,0.048675,0.042565,0.997907,0,-0.09597,-0.36000,-5.758,-0.720,-1,375.000,-1,400.000,-1,325.000,325.000,275.000,300.000,-1,-1,-1,-1,750.000,750.000,-1,-1,2,0,2,0,2,0,0,0,0,2,2,2,2,0,0,2,2
3,-1005.945,1640.975,349.877,-4.084,0.996167,0.071153,-0.050886,-0.073210,0.996523,-0.039776,0.047879,0.043349,0.997912,0,-0.09664,-0.48000,-5.799,-0.960,-1,375.000,-1,400.000,-1,325.000,325.000,275.000,300.000,-1,-1,-1,-1,750.000,750.000,-1,-1,2,0,2,0,2,0,0,0,0,2,2,2,2,0,0,2,2
4,-1011.767,1641.514,349.563,-5.284,0.994461,0.092003,-0.050820,-0.094065,0.994770,-0.039796,0.046893,0.044356,0.997915,0,-0.09745,-0.60000,-5.847,-1.200,-1,375.000,-1,400.000,-1,325.000,325.000,275.000,300.000,-1,-1,-1,-1,750.000,750.000,-1,-1,2,0,2,0,2,0,0,0,0,2,2,2,2,0,0,2,2
5,-1017.629,1642.200,349.242,-6.665,0.991957,0.115949,-0.050773,-0.118019,0.992211,-0.039855,0.045757,0.045526,0.997915,0,-0.09838,-0.69062,-5.903,-1.381,-1,375.000,-1,400.000,-1,325.000,325.000,275.000,300.000,-1,-1,-1,-1,750.000,750.000,-1,-1,2,0,2,0,2,0,0,0,0,2,2,2,2,0,0,2,2
6,-1023.534,1643.035,348.919,-8.046,0.988877,0.139808,-0.050747,-0.141885,0.989077,-0.039931,0.044610,0.046687,0.997913,0,-0.09940,-0.69012,-5.964,-1.380,-1,400.000,-1,400.000,-1,325.000,325.000,275.000,300.000,-1,-1,-1,-1,750.000,750.000,-1,-1,2,0,2,0,2,0,0,0,0,2,2,2,2,0,0,2,2
7,-1029.477,1644.022,348.596,-9.425,0.985227,0.163566,-0.050743,-0.165652,0.985372,-0.040024,0.043454,0.047839,0.997909,0,-0.10041,-0.68964,-6.025,-1.379,-1,400.000,-1,400.000,-1,325.000,325.000,275.000,300.000,-1,-1,-1,-1,750.000,750.000,-1,-1,2,0,2,0,2,0,0,0,0,2,2,2,2,0,0,2,2
8,-1035.453,1645.163,348.271,-10.803,0.981007,0.187211,-0.050761,-0.189305,0.981098,-0.040134,0.042288,0.048981,0.997904,0,-0.10141,-0.68918,-6.084,-1.378,-1,400.000,-1,400.000,-1,325.000,325.000,275.000,300.000,-1,-1,-1,-1,750.000,750.000,-1,-1,2,0,2,0,2,0,0,0,0,2,2,2,2,0,0,2,2
9,-1041.458,1646.460,347.946,-12.181,0.976223,0.210730,-0.050804,-0.212832,0.976259,-0.040260,0.041114,0.050115,0.997897,0,-0.10239,-0.68873,-6.143,-1.377,-1,400.000,-1,400.000,-1,325.000,325.000,275.000,275.000,-1,-1,-1,-1,750.000,750.000,-1,-1,2,0,2,0,2,0,0,0,0,2,2,2,2,0,0,2,2
10,-1047.486,1647.914,347.620,-13.557,0.970879,0.234109,-0.050873,-0.236221,0.970859,-0.040400,0.039932,0.051241,0.997888,0,-0.10336,-0.68829,-6.202,-1.377,-1,400.000,-1,400.000,-1,325.000,325.000,275.000,275.000,-1,-1,-1,-1,750.000,750.000,-1,-1,2,0,2,0,2,0,0,0,0,2,2,2,2,0,0,2,2
11,-1053.533,1649.528,347.295,-14.933,0.964977,0.257335,-0.050967,-0.259458,0.964903,-0.040555,0.038742,0.052358,0.997877,0,-0.10432,-0.68787,-6.259,-1.376,-1,400.000,-1,400.000,-1,325.000,325.000,275.000,275.000,-1,-1,-1,-1,750.000,750.000,-1,-1,2,0,2,0,2,0,0,0,0,2,2,2,2,0,0,2,2
12,-1059.595,1651.302,346.969,-16.308,0.958523,0.280397,-0.051090,-0.282530,0.958394,-0.040722,0.037546,0.053467,0.997864,0,-0.10526,-0.68746,-6.316,-1.375,-1,400.000,-1,400.000,-1,325.000,325.000,275.000,275.000,-1,-1,-1,-1,775.000,750.000,-1,-1,2,0,2,0,2,0,0,0,0,2,2,2,2,0,0,2,2
13,-1061.040,1651.757,346.849,-17.443,0.952781,0.299310,-0.051202,-0.301451,0.952605,-0.040868,0.036543,0.054373,0.997852,0,-0.02526,-0.56746,-1.516,-1.135,-1,400.000,-1,400.000,-1,325.000,325.000,275.000,275.000,-1,-1,-1,-1,775.000,750.000,-1,-1,2,0,2,0,2,0,0,0,0,2,2,2,2,0,0,2,2
14,-1057.922,1650.724,346.928,-18.338,0.947991,0.314140,-0.051282,-0.316286,0.947778,-0.040978,0.035732,0.055067,0.997843,0,0.05474,-0.44746,3.284,-0.895,-1,400.000,-1,400.000,-1,325.000,325.000,275.000,275.000,-1,-1,-1,-1,775.000,750.000,-1,-1,2,0,2,0,2,0,0,0,0,2,2,2,2,0,0,2,2
15,-1050.278,1648.093,347.203,-18.993,0.944340,0.324944,-0.051318,-0.327092,0.944101,-0.041044,0.035112,0.055545,0.997839,0,0.13474,-0.32746,8.084,-0.655,-1,400.000,-1,400.000,-1,325.000,325.000,275.000,275.000,-1,-1,-1,-1,775.000,750.000,-1,-1,2,0,2,0,2,0,0,0,0,2,2,2,2,0,0,2,2
16,-1038.141,1643.768,347.655,-19.613,0.940772,0.335132,-0.051323,-0.337279,0.940508,-0.041086,0.034500,0.055962,0.997837,0,0.21474,-0.30996,12.884,-0.620,-1,400.000,-1,400.000,-1,325.000,325.000,275.000,275.000,-1,-1,-1,-1,775.000,750.000,-1,-1,2,0,2,0,2,0,0,0,0,2,2,2,2,0,0,2,2
17,-1021.548,1637.654,348.276,-20.229,0.937115,0.345231,-0.051298,-0.347374,0.936825,-0.041103,0.033867,0.056338,0.997837,0,0.29474,-0.30844,17.684,-0.617,-1,400.000,-1,400.000,-1,325.000,325.000,275.000,275.000,-1,-1,-1,-1,750.000,750.000,-1,-1,2,0,2,0,2,0,0,0,0,2,2,2,2,0,0,2,2
18,-1000.535,1629.654,349.054,-20.842,0.933374,0.355228,-0.051243,-0.357364,0.933061,-0.041093,0.033216,0.056668,0.997840,0,0.37474,-0.30651,22.484,-0.613,-1,400.000,-1,400.000,-1,325.000,325.000,275.000,275.000,-1,-1,-1,-1,750.000,750.000,-1,-1,2,0,2,0,2,0,0,0,0,2,2,2,2,0,0,2,2
19,-975.140,1619.676,349.980,-21.451,0.929558,0.365109,-0.051162,-0.367236,0.929221,-0.041054,0.032551,0.056951,0.997846,0,0.45474,-0.30419,27.284,-0.608,-1,400.000,-1,400.000,-1,325.000,325.000,275.000,275.000,-1,-1,-1,-1,750.000,725.000,-1,-1,2,0,2,0,2,0,0,0,0,2,2,2,2,0,0,2,2
20,-945.403,1607.629,351.041,-22.054,0.925673,0.374862,-0.051059,-0.376978,0.925315,-0.040985,0.031882,0.057187,0.997854,0,0.53474,-0.30148,32.084,-0.603,-1,400.000,-1,400.000,-1,325.000,325.000,275.000,275.000,-1,-1,-1,-1,750.000,725.000,-1,-1,2,0,2,0,2,0,0,0,0,2,2,2,2,0,0,2,2
21,-911.364,1593.425,352.222,-22.651,0.921728,0.384476,-0.050946,-0.386578,0.921350,-0.040888,0.031219,0.057383,0.997864,0,0.61474,-0.29840,36.884,-0.597,1000.000,400.000,-1,400.000,-1,325.000,325.000,275.000,275.000,-1,-1,-1,-1,750.000,725.000,-1,-1,1,0,2,0,2,0,0,0,0,2,2,2,2,0,0,2,2
22,-873.062,1576.976,353.506,-23.241,0.917727,0.393946,-0.050837,-0.396034,0.917330,-0.040766,0.030575,0.057545,0.997875,0,0.69474,-0.29521,41.684,-0.590,975.000,400.000,-1,400.000,-1,325.000,325.000,275.000,300.000,-1,-1,-1,-1,750.000,700.000,975.000,-1,1,0,2,0,2,0,0,0,0,2,2,2,2,0,0,1,2
23,-830.540,1558.197,354.875,-23.827,0.913657,0.403306,-0.050751,-0.405381,0.913245,-0.040621,0.029965,0.057687,0.997885,0,0.77474,-0.29307,46.484,-0.586,925.000,400.000,-1,400.000,-1,325.000,325.000,275.000,300.000,-1,-1,-1,-1,750.000,700.000,950.000,-1,1,0,2,0,2,0,0,0,0,2,2,2,2,0,0,1,2
24,-783.839,1537.004,356.321,-24.409,0.909521,0.412555,-0.050694,-0.414619,0.909093,-0.040516,0.029370,0.057869,0.997892,0,0.85474,-0.29093,51.284,-0.582,875.000,400.000,-1,400.000,-1,325.000,325.000,275.000,300.000,-1,-1,-1,-1,725.000,675.000,900.000,-1,1,0,2,0,2,0,0,0,0,2,2,2,2,0,0,1,2
25,-733.035,1513.248,357.925,-25.061,0.904755,0.422859,-0.051070,-0.424947,0.904299,-0.040784,0.028937,0.058602,0.997862,0,0.93474,-0.32611,56.084,-0.652,825.000,375.000,-1,400.000,1000.000,325.000,325.000,300.000,300.000,-1,-1,-1,-1,725.000,675.000,850.000,-1,1,0,2,0,0,0,0,0,0,2,2,2,2,0,0,1,2
26,-679.248,1487.359,359.495,-25.704,0.899955,0.432956,-0.051285,-0.435060,0.899464,-0.041074,0.028346,0.059277,0.997839,0,0.99488,-0.32126,59.693,-0.643,775.000,375.000,-1,375.000,950.000,325.000,325.000,300.000,300.000,-1,-1,-1,-1,725.000,650.000,800.000,-1,1,0,2,0,0,0,0,0,0,2,2,2,2,1,0,1,2
27,-625.488,1460.748,361.019,-26.335,0.895118,0.442817,-0.051746,-0.444958,0.894585,-0.041589,0.027875,0.060252,0.997794,0,0.99976,-0.31575,59.985,-0.631,725.000,375.000,-1,375.000,900.000,300.000,300.000,300.000,300.000,-1,-1,-1,-1,675.000,625.000,750.000,-1,1,0,2,0,0,0,0,0,0,2,2,2,2,1,0,1,2
28,-572.006,1433.552,362.561,-26.955,0.890270,0.452436,-0.052168,-0.454613,0.889689,-0.042191,0.027325,0.061278,0.997747,0,1.00000,-0.30978,60.000,-0.620,650.000,375.000,-1,375.000,850.000,300.000,300.000,300.000,275.000,-1,-1,-1,-1,650.000,625.000,700.000,975.000,1,0,2,0,0,0,0,0,0,2,2,2,2,1,0,1,0
29,-518.814,1405.790,364.219,-27.562,0.885445,0.461811,-0.052131,-0.463994,0.884809,-0.042701,0.026406,0.061998,0.997727,0,1.00000,-0.30337,60.000,-0.607,600.000,375.000,-1,375.000,800.000,300.000,300.000,300.000,275.000,-1,-1,-1,-1,625.000,600.000,650.000,900.000,1,0,2,0,0,0,0,0,0,2,2,2,2,1,0,1,0
30,-465.914,1377.479,366.163,-28.155,0.880588,0.470950,-0.052631,-0.473135,0.879994,-0.041880,0.026592,0.061781,0.997735,0,1.00000,-0.29650,60.000,-0.593,575.000,375.000,-1,350.000,775.000,300.000,300.000,300.000,275.000,-1,-1,-1,-1,600.000,600.000,600.000,875.000,1,0,2,0,0,0,0,0,0,2,2,2,2,1,0,1,0
31,-417.406,1351.132,368.177,-28.508,0.877605,0.476393,-0.053473,-0.478577,0.877131,-0.040067,0.027816,0.060754,0.997765,0,0.92000,-0.17650,55.200,-0.353,525.000,375.000,-1,350.000,775.000,300.000,300.000,300.000,275.000,-1,-1,-1,-1,575.000,600.000,575.000,875.000,1,0,2,0,0,0,0,0,0,2,2,2,2,1,0,1,0
32,-373.256,1326.823,370.430,-28.835,0.874750,0.481470,-0.054767,-0.483626,0.874513,-0.036510,0.030316,0.058424,0.997831,0,0.84000,-0.16388,50.400,-0.328,475.000,375.000,-1,350.000,800.000,300.000,300.000,300.000,275.000,-1,-1,-1,-1,575.000,600.000,525.000,925.000,1,0,2,0,1,0,0,0,0,2,2,2,2,1,0,1,0
33,-333.432,1304.610,372.459,-29.150,0.871982,0.486317,-0.056067,-0.488448,0.871955,-0.033370,0.032659,0.056484,0.997869,0,0.76000,-0.15724,45.600,-0.314,450.000,375.000,-1,350.000,775.000,300.000,300.000,300.000,275.000,-1,-1,-1,-1,575.000,600.000,500.000,925.000,1,1,2,0,1,0,0,0,0,2,2,2,2,1,0,1,1
34,-297.904,1284.549,374.266,-29.452,0.869301,0.490947,-0.057335,-0.493056,0.869459,-0.030622,0.034817,0.054889,0.997885,0,0.68000,-0.15089,40.800,-0.302,425.000,375.000,-1,350.000,750.000,300.000,300.000,300.000,275.000,-1,-1,-1,-1,575.000,600.000,475.000,900.000,1,1,2,0,1,0,0,0,0,2,2,2,2,1,0,1,1
35,-266.430,1266.565,375.864,-29.741,0.866705,0.495374,-0.058544,-0.497464,0.867025,-0.028226,0.036777,0.053588,0.997886,0,0.60416,-0.14492,36.249,-0.290,400.000,375.000,-1,350.000,725.000,300.000,300.000,300.000,300.000,-1,850.000,-1,-1,600.000,600.000,475.000,875.000,1,1,2,0,1,0,0,0,0,2,0,2,2,1,0,1,1
36,-235.030,1248.421,377.455,-30.020,0.864177,0.499618,-0.059832,-0.501689,0.864661,-0.025869,0.038810,0.052372,0.997873,0,0.60442,-0.13937,36.265,-0.279,375.000,350.000,-1,350.000,700.000,325.000,300.000,300.000,300.000,-1,750.000,900.000,-1,625.000,625.000,450.000,875.000,1,1,2,0,1,1,0,0,0,2,0,0,2,1,0,1,1
37,-203.716,1230.131,379.114,-30.287,0.861731,0.503668,-0.061142,-0.505733,0.862358,-0.023944,0.040667,0.051555,0.997842,0,0.60440,-0.13363,36.264,-0.267,350.000,350.000,-1,350.000,700.000,325.000,300.000,300.000,300.000,-1,700.000,850.000,-1,650.000,625.000,450.000,850.000,1,1,2,0,1,0,0,0,0,2,0,0,2,1,0,1,1
38,-172.500,1211.711,380.736,-30.543,0.859360,0.507529,-0.062560,-0.509585,0.860141,-0.021911,0.042690,0.050709,0.997801,0,0.60408,-0.12772,36.245,-0.255,350.000,375.000,-1,350.000,675.000,325.000,300.000,300.000,300.000,-1,650.000,800.000,-1,725.000,625.000,425.000,825.000,1,1,2,0,1,0,0,0,0,2,0,0,2,0,0,1,1
39,-137.292,1190.613,382.538,-30.931,0.855755,0.513373,-0.064278,-0.515416,0.856718,-0.019508,0.045053,0.049824,0.997741,0,0.68408,-0.19426,41.045,-0.389,325.000,375.000,-1,350.000,650.000,325.000,300.000,300.000,300.000,-1,600.000,725.000,-1,725.000,625.000,450.000,800.000,1,1,2,0,1,0,0,0,0,2,0,0,2,0,0,1,1
40,-98.121,1166.792,384.554,-31.305,0.852214,0.518973,-0.066317,-0.521006,0.853384,-0.016978,0.047783,0.049021,0.997654,0,0.76408,-0.18692,45.845,-0.374,300.000,400.000,-1,350.000,625.000,325.000,300.000,300.000,300.000,-1,525.000,700.000,-1,725.000,650.000,500.000,775.000,1,1,2,0,1,0,0,0,0,2,0,0,2,0,0,1,1
41,-55.011,1140.212,388.412,-31.662,0.848184,0.524118,-0.076711,-0.526717,0.849866,-0.017247,0.056154,0.055033,0.996904,0,0.84408,-0.17858,50.645,-0.357,325.000,425.000,-1,375.000,600.000,325.000,325.000,325.000,300.000,-1,350.000,375.000,-1,800.000,675.000,-1,750.000,1,0,2,0,1,0,0,0,0,2,0,0,2,0,0,2,1
42,-7.986,1110.835,392.463,-32.001,0.844148,0.528937,-0.087408,-0.532180,0.846453,-0.017363,0.064803,0.061173,0.996021,0,0.92408,-0.16915,55.445,-0.338,375.000,425.000,-1,375.000,575.000,350.000,325.000,350.000,275.000,-1,275.000,275.000,-1,875.000,700.000,-1,750.000,1,0,2,0,1,0,0,1,0,2,0,0,2,0,0,2,1
43,42.723,1078.761,396.106,-32.318,0.840399,0.533481,-0.095536,-0.537189,0.843302,-0.016406,0.071813,0.065108,0.995291,0,1.00000,-0.15858,60.000,-0.317,475.000,450.000,-1,400.000,550.000,350.000,325.000,300.000,275.000,-1,225.000,225.000,-1,950.000,700.000,-1,725.000,1,0,2,0,1,0,0,1,0,2,0,0,2,0,1,2,1
44,93.265,1046.425,399.184,-32.612,0.837225,0.537783,-0.099217,-0.541577,0.840533,-0.014091,0.075817,0.065531,0.994966,0,1.00000,-0.14687,60.000,-0.294,-1,450.000,-1,400.000,525.000,350.000,350.000,275.000,275.000,-1,225.000,225.000,-1,975.000,675.000,-1,700.000,2,0,2,0,1,0,0,1,0,2,0,0,2,0,1,2,1
45,143.651,1013.848,401.896,-32.881,0.834778,0.541866,-0.097603,-0.545277,0.838194,-0.010210,0.076278,0.061744,0.995173,0,1.00000,-0.13489,60.000,-0.270,-1,450.000,-1,400.000,475.000,350.000,325.000,225.000,275.000,-1,225.000,250.000,-1,975.000,675.000,-1,675.000,2,0,2,0,1,0,0,1,0,2,0,0,2,0,1,2,1
46,193.894,981.052,404.443,-33.127,0.833135,0.545725,-0.089830,-0.548278,0.836284,-0.004545,0.072644,0.053038,0.995947,0,1.00000,-0.12273,60.000,-0.245,-1,425.000,-1,400.000,450.000,350.000,325.000,200.000,275.000,-1,250.000,300.000,-1,900.000,650.000,-1,625.000,2,0,2,0,1,0,0,1,0,2,0,0,2,0,1,2,1
47,243.999,948.047,406.278,-33.364,0.831824,0.549483,-0.078347,-0.551034,0.834480,0.002155,0.066563,0.041379,0.996924,0,1.00000,-0.11849,60.000,-0.237,-1,400.000,-1,375.000,425.000,325.000,325.000,175.000,275.000,-1,325.000,400.000,-1,825.000,625.000,-1,600.000,2,0,2,0,1,0,0,1,0,2,0,0,2,0,1,2,1
48,293.975,914.844,409.557,-33.596,0.829914,0.552977,-0.073888,-0.554092,0.832432,0.006317,0.065000,0.035698,0.997247,0,1.00000,-0.11595,60.000,-0.232,-1,400.000,-1,375.000,400.000,325.000,300.000,150.000,300.000,-1,375.000,475.000,-1,800.000,650.000,-1,600.000,2,0,2,0,1,0,0,1,0,2,0,0,2,0,1,2,1
49,343.820,881.445,413.733,-33.824,0.827685,0.556322,-0.073785,-0.557274,0.830281,0.008887,0.066206,0.033762,0.997235,0,1.00000,-0.11399,60.000,-0.228,-1,400.000,-1,375.000,375.000,325.000,300.000,150.000,300.000,-1,425.000,525.000,-1,825.000,750.000,-1,-1,2,0,2,0,1,0,0,1,0,2,0,0,2,0,0,2,2
50,393.385,847.950,417.921,-34.049,0.825468,0.559614,-0.073724,-0.560415,0.828135,0.011274,0.067362,0.032009,0.997215,0,0.99702,-0.11263,59.821,-0.225,-1,400.000,-1,375.000,350.000,325.000,300.000,150.000,300.000,-1,450.000,575.000,-1,825.000,775.000,-1,-1,2,0,2,1,1,0,0,1,0,2,0,0,2,0,0,2,2
51,442.317,814.604,422.192,-34.273,0.823260,0.562865,-0.073670,-0.563561,0.825973,0.012953,0.068140,0.030854,0.997199,0,0.98690,-0.11189,59.214,-0.224,-1,400.000,-1,375.000,350.000,325.000,300.000,150.000,300.000,-1,475.000,625.000,-1,850.000,800.000,-1,-1,2,0,2,1,1,0,0,1,0,2,0,0,2,0,0,2,2
52,487.050,783.624,428.139,-34.709,0.819096,0.568988,-0.073034,-0.570267,0.821450,0.003989,0.062264,0.038381,0.997321,0,0.90690,-0.21810,54.414,-0.436,-1,400.000,-1,350.000,300.000,325.000,300.000,175.000,300.000,-1,750.000,825.000,-1,850.000,775.000,-1,-1,2,0,2,1,1,0,0,1,0,2,0,0,2,0,0,2,2
53,527.620,755.065,433.012,-35.146,0.814818,0.575126,-0.072812,-0.576741,0.816926,-0.001413,0.058669,0.043145,0.997345,0,0.82690,-0.21856,49.614,-0.437,-1,400.000,-1,350.000,275.000,325.000,300.000,200.000,275.000,-1,950.000,-1,-1,850.000,775.000,-1,-1,2,0,2,1,1,0,0,1,1,2,0,2,2,0,0,2,2
54,564.066,728.989,436.947,-35.585,0.810423,0.581302,-0.072825,-0.583081,0.812405,-0.003974,0.056853,0.045684,0.997337,0,0.74690,-0.21946,44.814,-0.439,-1,400.000,-1,375.000,275.000,325.000,300.000,200.000,275.000,-1,-1,-1,-1,850.000,775.000,-1,-1,2,0,2,1,1,0,0,1,1,2,2,2,2,0,0,2,2
55,599.732,703.049,441.009,-36.026,0.805906,0.587622,-0.072216,-0.589164,0.808013,-0.000060,0.058316,0.042596,0.997389,0,0.73501,-0.22066,44.101,-0.441,-1,425.000,-1,375.000,300.000,325.000,325.000,225.000,250.000,-1,-1,-1,-1,875.000,800.000,-1,-1,2,0,2,0,1,0,0,1,1,2,2,2,2,0,0,2,2
56,634.835,677.097,444.988,-36.471,0.801250,0.594020,-0.071685,-0.595073,0.803632,0.007984,0.062351,0.036261,0.997395,0,0.72756,-0.22221,43.654,-0.444,-1,425.000,-1,400.000,-1,325.000,325.000,250.000,250.000,400.000,1000.000,-1,-1,900.000,875.000,-1,-1,2,0,2,0,2,0,0,1,1,1,0,2,2,0,0,2,2
57,669.400,651.123,448.070,-36.919,0.796529,0.600417,-0.071004,-0.600937,0.799133,0.016185,0.066460,0.029777,0.997345,0,0.72060,-0.22407,43.236,-0.448,-1,425.000,-1,425.000,-1,350.000,350.000,250.000,225.000,325.000,900.000,1000.000,-1,925.000,975.000,-1,-1,2,0,2,0,2,0,0,1,1,1,0,0,2,0,0,2,2
58,707.454,621.805,450.550,-37.607,0.789231,0.610088,-0.070058,-0.609960,0.792016,0.025694,0.071163,0.022454,0.997212,0,0.80060,-0.34407,48.036,-0.688,-1,450.000,-1,450.000,-1,350.000,350.000,275.000,225.000,275.000,775.000,900.000,-1,950.000,-1,-1,-1,2,0,2,0,2,0,0,1,1,1,0,0,2,0,2,2,2
59,745.315,591.647,452.044,-38.535,0.779253,0.622927,-0.068757,-0.622058,0.782142,0.036021,0.076216,0.014701,0.996983,0,0.80673,-0.46407,48.404,-0.928,-1,450.000,-1,475.000,-1,350.000,375.000,300.000,200.000,250.000,600.000,750.000,-1,1000.000,-1,-1,-1,2,0,2,0,2,0,0,1,1,1,0,0,2,0,2,2,2
60,782.369,560.879,453.506,-39.703,0.766467,0.638778,-0.067017,-0.637453,0.769323,0.042377,0.078627,0.010240,0.996852,0,0.80271,-0.58407,48.162,-1.168,-1,450.000,-1,475.000,-1,375.000,375.000,300.000,200.000,250.000,475.000,675.000,-1,1000.000,-1,-1,-1,2,0,2,0,2,0,0,0,1,1,0,0,2,0,2,2,2
61,818.597,529.477,455.989,-40.920,0.752844,0.654946,-0.065357,-0.653917,0.755558,0.039052,0.074958,0.013338,0.997097,0,0.79906,-0.60834,47.944,-1.217,-1,450.000,-1,475.000,-1,375.000,375.000,300.000,200.000,275.000,550.000,750.000,-1,1000.000,-1,-1,-1,2,0,2,0,2,0,0,0,1,1,0,0,2,0,2,2,2
62,853.981,497.461,458.010,-42.140,0.738847,0.670837,-0.063898,-0.670229,0.741389,0.033702,0.069981,0.017925,0.997387,0,0.79532,-0.61002,47.719,-1.220,-1,450.000,-1,475.000,-1,350.000,375.000,300.000,175.000,300.000,675.000,850.000,-1,1000.000,-1,-1,-1,2,0,2,0,2,0,0,0,1,1,0,0,2,0,2,2,2
63,888.504,464.860,459.583,-43.363,0.724491,0.686421,-0.062762,-0.686331,0.726810,0.026404,0.063740,0.023946,0.997679,0,0.79140,-0.61149,47.484,-1.223,-1,425.000,-1,450.000,-1,350.000,350.000,300.000,150.000,325.000,850.000,1000.000,-1,975.000,-1,-1,-1,2,0,2,0,2,0,0,0,1,1,0,0,2,0,2,2,2
64,922.147,431.701,460.722,-44.588,0.709798,0.701665,-0.062068,-0.702153,0.711817,0.017249,0.056284,0.031337,0.997923,0,0.78731,-0.61276,47.239,-1.226,-1,425.000,-1,425.000,-1,350.000,350.000,300.000,150.000,350.000,-1,-1,-1,925.000,-1,-1,-1,2,0,2,0,2,0,0,0,1,1,2,2,2,0,2,2,2
65,954.895,398.008,463.053,-45.816,0.694721,0.716691,-0.060960,-0.717363,0.696560,0.013949,0.052459,0.034040,0.998043,0,0.78310,-0.61381,46.986,-1.228,-1,425.000,-1,425.000,-1,350.000,350.000,300.000,150.000,375.000,-1,-1,-1,925.000,-1,-1,-1,2,0,2,0,2,0,0,0,1,1,2,2,2,0,2,2,2
66,986.736,363.809,465.364,-47.045,0.679341,0.731429,-0.059225,-0.732209,0.680985,0.011347,0.048631,0.035656,0.998180,0,0.77878,-0.61466,46.727,-1.229,-1,425.000,-1,425.000,-1,350.000,350.000,300.000,150.000,400.000,-1,-1,-1,925.000,-1,-1,-1,2,0,2,0,2,0,0,0,1,1,2,2,2,0,2,2,2
67,1017.659,329.131,467.335,-48.276,0.663677,0.745874,-0.056609,-0.746687,0.665110,0.009355,0.044629,0.036060,0.998353,0,0.77439,-0.61529,46.463,-1.231,-1,425.000,-1,425.000,-1,350.000,350.000,300.000,150.000,450.000,-1,-1,-1,900.000,-1,-1,-1,2,0,2,0,2,0,0,0,1,1,2,2,2,0,2,2,2
68,1047.657,293.998,469.149,-49.507,0.647682,0.759998,-0.053958,-0.760810,0.648928,0.007800,0.040943,0.036000,0.998513,0,0.76997,-0.61572,46.198,-1.231,-1,425.000,-1,425.000,-1,350.000,325.000,300.000,150.000,475.000,-1,-1,-1,900.000,-1,-1,-1,2,0,2,0,2,0,0,0,1,1,2,2,2,0,2,2,2
69,1076.725,258.433,470.902,-50.739,0.631373,0.773777,-0.051348,-0.774583,0.632442,0.006192,0.037266,0.035864,0.998662,0,0.76554,-0.61595,45.933,-1.232,-1,425.000,-1,425.000,-1,325.000,325.000,300.000,150.000,500.000,-1,-1,-1,875.000,-1,-1,-1,2,0,2,0,2,0,0,0,1,1,2,2,2,0,2,2,2
70,1104.859,222.459,472.857,-51.971,0.614826,0.787228,-0.047550,-0.787979,0.615685,0.004520,0.032835,0.034689,0.998859,0,0.76115,-0.61597,45.669,-1.232,-1,400.000,-1,425.000,-1,325.000,325.000,300.000,150.000,550.000,-1,-1,-1,850.000,1000.000,-1,-1,2,0,2,0,2,0,0,0,1,1,2,2,2,0,1,2,2
71,1132.055,186.095,475.921,-53.203,0.598212,0.800422,-0.038308,-0.800948,0.598728,0.002573,0.024995,0.029144,0.999263,0,0.75682,-0.61580,45.409,-1.232,-1,400.000,-1,425.000,-1,325.000,325.000,300.000,150.000,575.000,-1,-1,-1,825.000,950.000,-1,-1,2,0,2,0,2,0,0,0,1,1,2,2,2,0,1,2,2
72,1161.085,145.130,478.763,-54.675,0.577774,0.815631,-0.030384,-0.816006,0.578044,0.000112,0.017655,0.024729,0.999538,0,0.83682,-0.73580,50.209,-1.472,-1,400.000,-1,425.000,-1,325.000,325.000,300.000,175.000,625.000,-1,-1,-1,775.000,900.000,-1,-1,2,0,2,0,2,0,0,0,1,1,2,2,2,0,1,2,2
73,1191.536,99.319,481.243,-56.386,0.553356,0.832589,-0.024369,-0.832870,0.553461,-0.002791,0.011163,0.021841,0.999699,0,0.91682,-0.85580,55.009,-1.712,-1,400.000,-1,425.000,-1,325.000,325.000,275.000,175.000,675.000,-1,-1,-1,750.000,875.000,-1,-1,2,0,2,0,2,0,0,0,1,1,2,2,2,0,1,2,2
74,1220.672,52.074,482.796,-58.338,0.524801,0.850950,-0.021631,-0.851208,0.524784,-0.006913,0.005469,0.022040,0.999742,0,0.92510,-0.97580,55.506,-1.952,-1,400.000,-1,425.000,975.000,325.000,325.000,275.000,200.000,725.000,-1,-1,-1,750.000,825.000,-1,-1,2,0,2,0,1,0,0,0,1,1,2,2,2,0,1,2,2
75,1248.036,4.027,483.499,-60.338,0.494872,0.868689,-0.021962,-0.868966,0.494733,-0.011722,0.000682,0.024885,0.999690,0,0.92154,-1.00000,55.293,-2.000,-1,400.000,-1,425.000,900.000,325.000,325.000,275.000,200.000,775.000,1000.000,-1,-1,725.000,775.000,-1,950.000,2,0,2,0,1,0,0,0,1,1,1,2,2,0,1,2,1
76,1273.618,-44.774,483.584,-62.338,0.464326,0.885316,-0.024841,-0.885661,0.464058,-0.015990,-0.002629,0.029425,0.999564,0,0.91833,-1.00000,55.100,-2.000,-1,400.000,-1,425.000,850.000,325.000,325.000,300.000,200.000,850.000,1000.000,-1,-1,725.000,725.000,-1,875.000,2,0,2,0,1,0,0,0,1,1,1,2,2,0,1,2,1
77,1297.404,-94.276,482.957,-64.338,0.433193,0.900805,-0.029895,-0.901292,0.432798,-0.018960,-0.004141,0.035158,0.999373,0,0.91533,-1.00000,54.920,-2.000,-1,400.000,-1,425.000,775.000,325.000,350.000,300.000,200.000,900.000,1000.000,-1,-1,725.000,700.000,-1,825.000,2,0,2,0,1,0,0,0,1,1,1,2,2,0,1,2,1
78,1319.382,-144.425,481.473,-66.338,0.401480,0.915144,-0.036407,-0.915861,0.401001,-0.019928,-0.003637,0.041345,0.999138,0,0.91256,-1.00000,54.754,-2.000,-1,400.000,-1,425.000,725.000,350.000,350.000,300.000,225.000,975.000,1000.000,-1,-1,750.000,650.000,-1,750.000,2,0,2,0,1,0,0,0,1,1,1,2,2,0,1,2,1
79,1339.539,-195.171,479.726,-68.338,0.369346,0.928440,-0.039783,-0.929277,0.368763,-0.021381,-0.005181,0.044867,0.998980,0,0.91003,-1.00000,54.602,-2.000,-1,400.000,-1,425.000,675.000,350.000,350.000,300.000,225.000,-1,-1,-1,-1,725.000,625.000,-1,700.000,2,0,2,0,1,0,0,0,1,2,2,2,2,1,1,2,1
80,1357.864,-246.460,478.976,-70.338,0.336866,0.940756,-0.038723,-0.941503,0.336141,-0.024127,-0.009681,0.044586,0.998959,0,0.90774,-1.00000,54.464,-2.000,-1,400.000,-1,425.000,625.000,350.000,350.000,300.000,225.000,-1,-1,-1,-1,700.000,575.000,-1,625.000,2,0,2,0,1,0,0,0,1,2,2,2,2,1,1,2,1
81,1374.351,-298.240,478.164,-72.338,0.303971,0.951925,-0.037957,-0.952577,0.303107,-0.026873,-0.014076,0.044325,0.998918,0,0.90568,-1.00000,54.341,-2.000,-1,400.000,-1,400.000,575.000,350.000,350.000,300.000,250.000,-1,-1,-1,-1,650.000,525.000,-1,575.000,2,0,2,1,1,0,0,0,1,2,2,2,2,1,1,2,1
82,1388.991,-350.459,477.282,-74.338,0.270701,0.961935,-0.037436,-0.962488,0.269704,-0.029615,-0.018391,0.044049,0.998860,0,0.90387,-1.00000,54.232,-2.000,-1,400.000,900.000,375.000,525.000,325.000,325.000,300.000,250.000,-1,-1,-1,-1,600.000,500.000,900.000,525.000,2,0,1,1,1,0,0,0,1,2,2,2,2,1,1,1,1
83,1401.778,-403.065,476.324,-76.338,0.237101,0.970776,-0.037116,-0.971221,0.235972,-0.032355,-0.022651,0.043720,0.998787,0,0.90229,-1.00000,54.137,-2.000,950.000,400.000,800.000,350.000,475.000,325.000,325.000,300.000,250.000,-1,-1,-1,-1,550.000,450.000,750.000,450.000,0,1,1,1,1,1,1,0,1,2,2,2,2,1,1,1,1
84,1412.705,-456.006,475.284,-78.338,0.203210,0.978438,-0.036952,-0.978766,0.201953,-0.035105,-0.026885,0.043301,0.998700,0,0.90093,-1.00000,54.056,-2.000,875.000,350.000,725.000,325.000,425.000,300.000,300.000,300.000,250.000,-1,-1,-1,-1,500.000,425.000,650.000,400.000,0,1,1,1,1,1,1,0,1,2,2,2,2,1,1,1,1
85,1421.765,-509.229,474.154,-80.338,0.169072,0.984913,-0.036903,-0.985112,0.167687,-0.037878,-0.031118,0.042757,0.998601,0,0.89980,-1.00000,53.988,-2.000,675.000,325.000,650.000,300.000,375.000,275.000,275.000,300.000,250.000,-1,-1,-1,-1,450.000,375.000,550.000,350.000,1,1,1,1,1,1,1,0,1,2,2,2,2,1,1,1,1
86,1428.955,-562.680,472.922,-82.338,0.134724,0.990196,-0.036903,-0.990252,0.133216,-0.040669,-0.035354,0.042022,0.998491,0,0.89887,-1.00000,53.932,-2.000,550.000,300.000,575.000,275.000,325.000,250.000,250.000,300.000,250.000,-1,-1,-1,-1,400.000,350.000,450.000,300.000,1,1,1,1,1,1,1,0,1,2,2,2,2,1,1,1,1
87,1434.994,-621.102,471.493,-84.098,0.104379,0.993852,-0.036918,-0.993747,0.102744,-0.043706,-0.039644,0.041249,0.998362,0,0.97887,-0.88000,58.732,-1.760,450.000,275.000,500.000,225.000,275.000,225.000,225.000,300.000,275.000,-1,-1,-1,-1,350.000,300.000,375.000,250.000,1,1,1,1,1,1,1,0,1,2,2,2,2,1,1,1,1
88,1439.341,-680.944,472.775,-85.842,0.073409,0.996933,-0.027113,-0.996797,0.072479,-0.033799,-0.031730,0.029507,0.999061,0,1.00000,-0.87202,60.000,-1.744,375.000,250.000,475.000,225.000,250.000,200.000,200.000,275.000,275.000,-1,-1,-1,-1,325.000,300.000,325.000,225.000,1,1,1,1,1,1,1,0,1,2,2,2,2,1,1,1,1
89,1441.885,-740.889,478.841,-87.572,0.042518,0.998715,-0.027590,-0.999080,0.042347,-0.006747,-0.005570,0.027851,0.999597,0,1.00000,-0.86512,60.000,-1.730,450.000,250.000,500.000,225.000,275.000,225.000,200.000,300.000,300.000,-1,-1,-1,600.000,350.000,300.000,350.000,250.000,1,1,1,1,1,1,1,0,1,2,2,2,1,1,1,1,1
90,1442.868,-800.881,484.948,-89.062,0.015817,0.999526,-0.026403,-0.999656,0.016361,0.020495,0.020917,0.026070,0.999441,0,1.00000,-0.74512,60.000,-1.490,-1,250.000,650.000,250.000,275.000,225.000,225.000,325.000,300.000,-1,150.000,175.000,525.000,375.000,325.000,425.000,275.000,2,1,1,1,1,1,1,0,1,2,0,0,1,1,1,1,1
91,4263.931,2295.674,765.933,-92.745,0.022606,0.955017,0.295690,-0.973898,-0.045781,0.222321,0.225858,-0.292997,0.929054,1,0.00000,0.00000,60.000,-1.250,125.000,175.000,325.000,400.000,-1,175.000,200.000,375.000,175.000,425.000,375.000,325.000,125.000,225.000,-1,125.000,-1,1,1,1,1,2,1,1,1,1,0,0,1,1,1,2,1,2
92,-6232.721,4924.106,-200.370,105.819,-0.282044,-0.955730,-0.083850,0.954560,-0.270779,-0.124473,0.096258,-0.115147,0.988674,1,0.08000,-0.12000,4.800,-0.240,-1,500.000,-1,650.000,125.000,450.000,500.000,225.000,200.000,400.000,200.000,225.000,-1,-1,-1,-1,275.000,2,0,2,1,1,0,0,0,1,0,0,0,2,2,2,2,1
93,-6235.261,4933.365,-199.468,105.339,-0.274379,-0.957819,-0.085432,0.956535,-0.262723,-0.126558,0.098775,-0.116444,0.988273,0,0.16000,-0.24000,9.600,-0.480,-1,525.000,-1,625.000,125.000,450.000,525.000,225.000,200.000,375.000,200.000,225.000,-1,-1,-1,-1,250.000,2,0,2,1,1,0,0,0,1,0,0,0,2,2,2,2,1
94,-6238.897,4947.300,-198.078,104.619,-0.262889,-0.960803,-0.088014,0.959351,-0.250603,-0.129782,0.102639,-0.118554,0.987629,0,0.24000,-0.36000,14.400,-0.720,-1,525.000,-1,625.000,125.000,475.000,525.000,225.000,200.000,375.000,200.000,225.000,-1,-1,-1,-1,250.000,2,0,2,1,1,0,0,0,1,0,0,0,2,2,2,2,1
95,-6243.433,4965.959,-196.160,103.659,-0.247594,-0.964500,-0.091851,0.962830,-0.234381,-0.134251,0.107957,-0.121677,0.986681,0,0.32000,-0.48000,19.200,-0.960,-1,550.000,-1,625.000,125.000,475.000,550.000,225.000,200.000,350.000,200.000,225.000,-1,-1,-1,-1,225.000,2,0,2,1,1,0,0,0,1,0,0,0,2,2,2,2,1
96,-6248.615,4989.396,-193.652,102.459,-0.228540,-0.968659,-0.097311,0.966732,-0.214011,-0.140100,0.114883,-0.126093,0.985344,0,0.40000,-0.60000,24.000,-1.200,-1,550.000,-1,600.000,125.000,500.000,575.000,225.000,175.000,325.000,200.000,225.000,-1,-1,-1,-1,200.000,2,0,2,1,1,0,0,0,1,0,0,0,2,2,2,2,1
97,2295.823,1639.375,747.429,-170.078,-0.971183,0.164728,0.172245,-0.206779,-0.941745,-0.265251,0.118517,-0.293224,0.948669,1,0.00000,0.00000,28.800,-1.440,-1,300.000,-1,100.000,200.000,175.000,100.000,325.000,-1,250.000,125.000,75.000,300.000,-1,125.000,-1,150.000,2,1,2,1,1,1,1,0,2,0,1,1,1,2,1,2,1
98,-5572.657,9514.940,-151.244,54.496,0.581665,-0.812599,0.036711,0.813156,0.579712,-0.052063,0.021025,0.060135,0.997969,1,0.08000,0.12000,4.800,0.240,-1,400.000,-1,400.000,-1,325.000,325.000,300.000,275.000,-1,-1,-1,-1,875.000,1000.000,-1,-1,2,0,2,0,2,0,0,0,0,2,2,2,2,0,0,2,2
99,-5567.147,9522.801,-151.012,54.976,0.574837,-0.817436,0.036881,0.817992,0.572890,-0.051817,0.021228,0.059955,0.997975,0,0.16000,0.24000,9.600,0.480,-1,400.000,-1,400.000,-1,325.000,325.000,300.000,275.000,-1,-1,-1,-1,875.000,1000.000,-1,-1,2,0,2,0,2,0,0,0,0,2,2,2,2,0,0,2,2
100,-5559.032,9534.696,-150.659,55.696,0.564520,-0.824583,0.037144,0.825138,0.562582,-0.051461,0.021538,0.059700,0.997984,0,0.24000,0.36000,14.400,0.720,-1,400.000,-1,400.000,-1,325.000,325.000,300.000,275.000,-1,-1,-1,-1,875.000,975.000,-1,-1,2,0,2,0,2,0,0,0,0,2,2,2,2,0,0,2,2
101,-5548.478,9550.735,-150.182,56.656,0.550626,-0.833909,0.037506,0.834463,0.548698,-0.051010,0.021959,0.059385,0.997994,0,0.32000,0.48000,19.200,0.960,-1,400.000,-1,400.000,-1,325.000,325.000,300.000,275.000,-1,-1,-1,-1,875.000,975.000,-1,-1,2,0,2,0,2,0,0,0,0,2,2,2,2,0,0,2,2
102,-5535.709,9571.056,-149.575,57.856,0.533044,-0.845235,0.037977,0.845788,0.531125,-0.050483,0.022499,0.059031,0.998003,0,0.40000,0.60000,24.000,1.200,-1,400.000,-1,400.000,-1,325.000,325.000,300.000,275.000,-1,-1,-1,-1,875.000,975.000,-1,-1,2,0,2,0,2,0,0,0,0,2,2,2,2,0,0,2,2
103,-5521.003,9595.818,-148.832,59.296,0.511640,-0.858334,0.038571,0.858888,0.509727,-0.049901,0.023171,0.058659,0.998009,0,0.48000,0.72000,28.800,1.440,-1,400.000,-1,425.000,-1,325.000,325.000,300.000,275.000,-1,-1,-1,-1,875.000,975.000,-1,-1,2,0,2,0,2,0,0,0,0,2,2,2,2,0,0,2,2
104,-5504.702,9625.197,-147.945,60.976,0.486264,-0.872928,0.039301,0.873482,0.484354,-0.049288,0.023990,0.058296,0.998011,0,0.56000,0.84000,33.600,1.680,-1,400.000,-1,425.000,-1,325.000,325.000,300.000,300.000,-1,-1,-1,-1,875.000,950.000,-1,-1,2,0,2,0,2,0,0,0,0,2,2,2,2,0,0,2,2
105,-5487.201,9659.377,-146.906,62.887,0.456900,-0.888610,0.040184,0.889168,0.454986,-0.048670,0.024965,0.057968,0.998006,0,0.64000,0.95545,38.400,1.911,-1,425.000,-1,425.000,-1,325.000,325.000,300.000,300.000,-1,-1,-1,-1,875.000,950.000,-1,-1,2,0,2,0,2,0,0,0,0,2,2,2,2,0,0,2,2
106,-5468.800,9698.461,-145.738,64.789,0.427172,-0.903235,0.041126,0.903797,0.425246,-0.048123,0.025978,0.057727,0.997994,0,0.72000,0.95104,43.200,1.902,-1,425.000,-1,425.000,-1,325.000,325.000,300.000,300.000,-1,-1,-1,-1,875.000,950.000,-1,-1,2,0,2,0,2,0,0,0,0,2,2,2,2,0,0,2,2
107,-5449.801,9742.540,-144.454,66.682,0.397114,-0.916803,0.042110,0.917372,0.395174,-0.047611,0.027009,0.057537,0.997978,0,0.80000,0.94676,48.000,1.894,-1,425.000,-1,425.000,-1,325.000,325.000,300.000,300.000,-1,-1,-1,-1,875.000,925.000,-1,-1,2,0,2,0,2,0,0,0,0,2,2,2,2,0,0,2,2
108,-5430.510,9791.689,-143.217,68.571,0.366652,-0.929373,0.042798,0.929956,0.364755,-0.046208,0.027334,0.056743,0.998015,0,0.88000,0.94451,52.800,1.889,-1,425.000,-1,425.000,-1,325.000,325.000,300.000,300.000,-1,-1,-1,-1,875.000,925.000,-1,-1,2,0,2,0,2,0,0,0,0,2,2,2,2,0,0,2,2
109,-5412.870,9841.379,-142.091,70.456,0.335827,-0.940934,0.043161,0.941530,0.334010,-0.044256,0.027226,0.055500,0.998087,0,0.87882,0.94252,52.729,1.885,-1,425.000,-1,425.000,-1,325.000,325.000,300.000,300.000,-1,-1,-1,-1,850.000,900.000,-1,-1,2,0,2,0,2,0,0,0,0,2,2,2,2,0,0,2,2
110,-5396.553,9892.993,-140.873,72.456,0.302735,-0.952078,0.043579,0.952685,0.300987,-0.042407,0.027258,0.054355,0.998150,0,0.90221,1.00000,54.132,2.000,-1,425.000,-1,425.000,-1,325.000,325.000,300.000,300.000,-1,-1,-1,-1,850.000,850.000,-1,-1,2,0,2,0,2,0,0,0,0,2,2,2,2,0,1,2,2
111,-5381.981,9945.378,-139.597,74.456,0.269268,-0.962053,0.044152,0.962685,0.267591,-0.040404,0.027056,0.053384,0.998207,0,0.90624,1.00000,54.374,2.000,-1,400.000,-1,425.000,-1,325.000,325.000,300.000,300.000,-1,-1,-1,-1,850.000,800.000,-1,-1,2,0,2,0,2,0,0,0,0,2,2,2,2,0,1,2,2
112,-5369.188,9998.483,-138.325,76.456,0.235475,-0.970835,0.045069,0.971514,0.233860,-0.038351,0.026692,0.052816,0.998247,0,0.91042,1.00000,54.625,2.000,1000.000,400.000,-1,400.000,-1,325.000,325.000,300.000,325.000,-1,-1,-1,-1,825.000,775.000,-1,1000.000,1,0,2,0,2,0,0,0,0,2,2,2,2,0,1,2,1
113,-5358.205,10052.257,-136.972,78.456,0.201401,-0.978430,0.045952,0.979153,0.199841,-0.036380,0.026413,0.052321,0.998281,0,0.91475,1.00000,54.885,2.000,925.000,400.000,-1,400.000,975.000,325.000,325.000,300.000,325.000,-1,-1,-1,-1,825.000,750.000,-1,925.000,1,0,2,0,1,0,0,0,0,2,2,2,2,0,1,2,1
114,-5349.060,10106.646,-135.537,80.456,0.167085,-0.984831,0.046806,0.985594,0.165576,-0.034476,0.026203,0.051892,0.998309,0,0.91922,1.00000,55.153,2.000,875.000,400.000,-1,400.000,900.000,325.000,325.000,300.000,325.000,-1,-1,-1,-1,825.000,725.000,-1,875.000,1,0,2,0,1,0,0,0,0,2,2,2,2,0,1,2,1
115,-5341.784,10161.595,-134.018,82.456,0.132569,-0.990029,0.047631,0.990831,0.131107,-0.032620,0.026050,0.051519,0.998332,0,0.92382,1.00000,55.429,2.000,800.000,400.000,-1,400.000,800.000,325.000,325.000,300.000,325.000,-1,-1,-1,-1,825.000,725.000,-1,850.000,1,0,2,0,1,0,0,0,0,2,2,2,2,0,1,2,1
116,-5336.401,10217.046,-132.415,84.456,0.097895,-0.994018,0.048424,0.994859,0.096478,-0.030793,0.025937,0.051190,0.998352,0,0.92855,1.00000,55.713,2.000,750.000,400.000,-1,400.000,750.000,325.000,325.000,300.000,325.000,-1,-1,-1,-1,800.000,725.000,1000.000,825.000,1,0,2,0,1,0,0,0,0,2,2,2,2,0,0,1,1
117,-5332.940,10272.942,-130.747,86.456,0.063098,-0.996799,0.049099,0.997674,0.061729,-0.028904,0.025781,0.050809,0.998376,0,0.93340,1.00000,56.004,2.000,700.000,400.000,-1,400.000,675.000,325.000,325.000,300.000,325.000,-1,-1,-1,-1,775.000,725.000,875.000,800.000,1,0,2,0,1,0,0,0,0,2,2,2,2,1,0,1,1
118,-5331.423,10329.223,-129.001,88.456,0.028222,-0.998366,0.049686,0.999274,0.026905,-0.026985,0.025604,0.050411,0.998400,0,0.93837,1.00000,56.302,2.000,650.000,400.000,-1,375.000,650.000,325.000,325.000,300.000,325.000,-1,-1,-1,-1,725.000,700.000,775.000,825.000,1,0,2,0,1,0,0,0,0,2,2,2,2,1,0,1,1
119,-5331.873,10385.828,-127.171,90.456,-0.006690,-0.998717,0.050191,0.999655,-0.007954,-0.025039,0.025406,0.050006,0.998426,0,0.94345,1.00000,56.607,2.000,600.000,400.000,-1,375.000,625.000,325.000,325.000,300.000,325.000,-1,-1,-1,-1,675.000,700.000,700.000,875.000,1,0,2,0,1,0,0,0,0,2,2,2,2,1,0,1,1
120,-5334.312,10442.693,-125.254,92.456,-0.041596,-0.997852,0.050599,0.998817,-0.042805,-0.023055,0.025171,0.049581,0.998453,0,0.94863,1.00000,56.918,2.000,550.000,400.000,-1,375.000,625.000,325.000,325.000,300.000,325.000,-1,-1,-1,-1,650.000,675.000,625.000,975.000,1,0,2,0,1,0,0,0,0,2,2,2,2,1,0,1,1
121,-5338.759,10499.754,-123.234,94.456,-0.076431,-0.995776,0.050870,0.996752,-0.077606,-0.021530,0.025387,0.049059,0.998473,0,0.95390,1.00000,57.234,2.000,500.000,400.000,-1,375.000,625.000,325.000,325.000,325.000,325.000,-1,-1,-1,-1,600.000,675.000,550.000,-1,1,1,2,0,1,0,0,0,0,2,2,2,2,1,0,1,2
122,-5345.008,10554.984,-121.168,96.456,-0.111060,-0.992526,0.050579,0.993412,-0.112318,-0.022726,0.028237,0.047722,0.998461,0,0.92639,1.00000,55.583,2.000,450.000,375.000,-1,375.000,675.000,325.000,325.000,325.000,325.000,-1,-1,-1,-1,575.000,675.000,500.000,-1,1,1,2,0,1,0,0,0,0,2,2,2,2,1,0,1,2
123,-5353.230,10610.278,-118.740,98.456,-0.145451,-0.988004,0.051891,0.988836,-0.146888,-0.025038,0.032360,0.047670,0.998339,0,0.93171,1.00000,55.903,2.000,425.000,375.000,-1,375.000,750.000,325.000,325.000,325.000,325.000,-1,-1,-1,-1,550.000,675.000,450.000,-1,1,1,2,0,1,0,0,0,0,2,2,2,2,1,0,1,2
124,-5363.435,10665.570,-116.020,100.456,-0.179583,-0.982228,0.054569,0.983043,-0.181271,-0.027695,0.037095,0.048670,0.998126,0,0.93709,1.00000,56.225,2.000,375.000,350.000,-1,400.000,825.000,350.000,325.000,325.000,300.000,-1,-1,-1,-1,525.000,675.000,425.000,-1,1,1,2,0,1,0,0,0,0,2,2,2,2,1,0,1,2
125,-5375.635,10720.789,-112.984,102.456,-0.213387,-0.975196,0.058814,0.976044,-0.215416,-0.030577,0.042488,0.050881,0.997801,0,0.94251,1.00000,56.551,2.000,350.000,350.000,-1,400.000,925.000,350.000,350.000,350.000,300.000,-1,-1,-1,-1,500.000,700.000,375.000,-1,1,1,2,0,1,1,0,0,1,2,2,2,2,1,0,1,2
126,-5389.838,10775.865,-109.617,104.456,-0.246781,-0.966903,0.064788,0.967852,-0.249272,-0.033561,0.048600,0.054423,0.997335,0,0.94797,1.00000,56.878,2.000,325.000,325.000,-1,425.000,950.000,325.000,350.000,350.000,300.000,-1,-1,-1,-1,475.000,700.000,350.000,-1,1,1,2,0,0,1,0,0,1,2,2,2,2,1,0,1,2
127,-5406.048,10830.726,-105.905,106.456,-0.279679,-0.957342,0.072638,0.958489,-0.282784,-0.036506,0.055489,0.059413,0.996690,0,0.95343,1.00000,57.206,2.000,300.000,325.000,-1,425.000,975.000,325.000,375.000,375.000,275.000,-1,-1,675.000,-1,450.000,725.000,325.000,-1,1,1,2,0,0,1,0,0,0,2,2,0,2,1,0,1,2
128,-5424.269,10885.296,-101.846,108.456,-0.311983,-0.946502,0.082461,0.947981,-0.315893,-0.039295,0.063242,0.065912,0.995819,0,0.95887,1.00000,57.532,2.000,300.000,300.000,-1,425.000,1000.000,300.000,375.000,400.000,275.000,-1,575.000,350.000,-1,425.000,750.000,300.000,-1,1,1,2,0,0,1,0,0,0,2,0,0,2,1,0,1,2
129,-5444.499,10939.500,-97.428,110.456,-0.343584,-0.934367,0.094381,0.936366,-0.348534,-0.041734,0.071890,0.074036,0.994661,0,0.96425,1.00000,57.855,2.000,275.000,300.000,-1,450.000,-1,300.000,375.000,425.000,275.000,-1,375.000,250.000,-1,400.000,775.000,275.000,-1,1,1,2,0,2,1,1,0,0,2,0,0,2,1,0,1,2
130,-5466.732,10993.256,-92.638,112.456,-0.374364,-0.920913,0.108495,0.923698,-0.380633,-0.043602,0.081451,0.083893,0.993140,0,0.96955,1.00000,58.173,2.000,250.000,275.000,-1,450.000,-1,275.000,350.000,475.000,250.000,-1,325.000,200.000,-1,375.000,825.000,250.000,-1,1,1,2,0,2,1,1,0,0,2,0,0,2,1,0,1,2
131,-5490.960,11046.484,-87.314,114.456,-0.404296,-0.906159,0.124183,0.910039,-0.412127,-0.044507,0.091509,0.095017,0.991261,0,0.97470,1.00000,58.482,2.000,250.000,275.000,-1,450.000,-1,250.000,325.000,500.000,250.000,-1,300.000,150.000,-1,350.000,775.000,225.000,-1,1,1,2,1,2,1,1,0,0,2,0,0,2,1,1,1,2
132,-5517.165,11099.098,-81.188,116.456,-0.433234,-0.890183,0.141008,0.895370,-0.442982,-0.045600,0.103056,0.106499,0.988958,0,0.97965,1.00000,58.779,2.000,225.000,250.000,-1,425.000,-1,250.000,300.000,550.000,250.000,-1,275.000,125.000,800.000,350.000,700.000,225.000,-1,1,1,2,1,2,1,1,0,0,2,0,0,0,1,1,1,2
133,-8855.136,1639.714,-61.105,174.272,-0.977592,-0.099223,-0.185657,0.117217,-0.989149,-0.088569,-0.174855,-0.108346,0.978615,1,0.00000,0.00000,59.060,2.000,350.000,300.000,875.000,325.000,700.000,250.000,275.000,300.000,500.000,-1,75.000,0.000,-1,425.000,475.000,350.000,575.000,0,0,0,0,0,0,0,0,1,2,1,1,2,0,0,0,0
134,-7542.429,-3607.411,101.283,-69.907,0.264989,0.891528,0.367367,-0.938356,0.326126,-0.114589,-0.221967,-0.314356,0.922990,1,0.00000,0.00000,4.800,0.240,25.000,225.000,1000.000,500.000,-1,250.000,325.000,150.000,275.000,-1,-1,-1,175.000,300.000,975.000,25.000,-1,0,0,0,0,2,0,0,0,1,2,2,2,1,0,0,0,2
