timestep,x_cm,y_cm,z_cm,yaw_deg,basis_xx,basis_xy,basis_xz,basis_yx,basis_yy,basis_yz,basis_zx,basis_zy,basis_zz,teleport_flag,throttle_cmd,steering_cmd,cmd_move_cm,cmd_turn_deg,lidar_cm_0,lidar_cm_1,lidar_cm_2,lidar_cm_3,lidar_cm_4,lidar_cm_5,lidar_cm_6,lidar_cm_7,lidar_cm_8,lidar_cm_9,lidar_cm_10,lidar_cm_11,lidar_cm_12,lidar_cm_13,lidar_cm_14,lidar_cm_15,lidar_cm_16,lidar_class_0,lidar_class_1,lidar_class_2,lidar_class_3,lidar_class_4,lidar_class_5,lidar_class_6,lidar_class_7,lidar_class_8,lidar_class_9,lidar_class_10,lidar_class_11,lidar_class_12,lidar_class_13,lidar_class_14,lidar_class_15,lidar_class_16
0,-980.880,1643.556,-276.989,-128.843,-0.627709,0.778358,0.011844,-0.775832,-0.626773,0.072391,0.063770,0.036252,0.997306,1,-0.08000,-0.02853,-4.800,-0.057,-1,375.000,-1,375.000,-1,300.000,325.000,300.000,300.000,400.000,475.000,475.000,-1,700.000,725.000,-1,-1,2,0,2,0,2,0,0,0,0,1,0,0,2,0,0,2,2
1,-974.852,1651.028,-277.566,-128.897,-0.628458,0.777757,0.011558,-0.775256,-0.627510,0.072179,0.063390,0.036401,0.997325,0,-0.16000,-0.02725,-9.600,-0.055,-1,375.000,-1,375.000,-1,300.000,300.000,300.000,300.000,400.000,475.000,475.000,-1,700.000,725.000,-1,-1,2,0,2,0,2,0,0,0,0,1,0,0,2,0,0,2,2
2,-965.800,1662.227,-278.427,-128.947,-0.629143,0.777210,0.011123,-0.774746,-0.628176,0.071859,0.062837,0.036592,0.997353,0,-0.24000,-0.02471,-14.400,-0.049,-1,375.000,-1,375.000,-1,300.000,300.000,300.000,300.000,375.000,475.000,475.000,-1,700.000,725.000,-1,-1,2,0,2,0,2,0,0,0,0,1,0,0,2,0,0,2,2
3,-953.720,1677.151,-279.571,-128.989,-0.629728,0.776745,0.010538,-0.774329,-0.628739,0.071426,0.062105,0.036819,0.997390,0,-0.32000,-0.02094,-19.200,-0.042,-1,375.000,-1,375.000,-1,300.000,300.000,300.000,300.000,375.000,475.000,475.000,-1,700.000,725.000,-1,-1,2,0,2,0,2,0,0,0,0,1,0,0,2,0,0,2,2
4,-938.609,1695.797,-280.994,-129.020,-0.630181,0.776387,0.009798,-0.774034,-0.629165,0.070869,0.061186,0.037076,0.997438,0,-0.40000,-0.01596,-24.000,-0.032,-1,375.000,-1,375.000,-1,300.000,300.000,300.000,300.000,350.000,500.000,475.000,-1,700.000,725.000,-1,-1,2,0,2,0,2,0,0,0,0,1,0,0,2,0,0,2,2
5,-920.469,1718.166,-282.692,-129.040,-0.630470,0.776162,0.008899,-0.773886,-0.629425,0.070175,0.060069,0.037356,0.997495,0,-0.48000,-0.00984,-28.800,-0.020,-1,375.000,-1,375.000,-1,300.000,300.000,300.000,300.000,350.000,500.000,475.000,-1,675.000,725.000,-1,-1,2,0,2,0,2,0,0,0,0,1,0,0,2,0,0,2,2
6,-899.303,1744.262,-284.633,-129.045,-0.630562,0.776098,0.007971,-0.773907,-0.629493,0.069330,0.058824,0.037548,0.997562,0,-0.56000,-0.00266,-33.600,-0.005,-1,375.000,-1,375.000,-1,300.000,300.000,300.000,300.000,325.000,500.000,475.000,-1,675.000,725.000,-1,-1,2,0,2,0,2,0,0,0,0,1,0,0,2,0,0,2,2
7,-877.665,1770.950,-286.516,-129.035,-0.630414,0.776223,0.007430,-0.774105,-0.629349,0.068420,0.057785,0.037382,0.997629,0,-0.57264,0.00547,-34.358,0.011,-1,375.000,-1,375.000,-1,300.000,300.000,300.000,300.000,300.000,475.000,475.000,-1,675.000,700.000,-1,-1,2,0,2,0,2,0,0,0,0,1,0,0,2,0,0,2,2
8,-856.140,1797.525,-288.378,-129.008,-0.630047,0.776526,0.006880,-0.774482,-0.628987,0.067474,0.056723,0.037183,0.997697,0,-0.56997,0.01352,-34.198,0.027,-1,375.000,-1,375.000,-1,300.000,300.000,300.000,300.000,300.000,475.000,475.000,-1,700.000,700.000,-1,-1,2,0,2,0,2,0,0,0,0,1,0,0,2,0,0,2,2
9,-834.760,1823.959,-290.216,-128.965,-0.629470,0.776999,0.006323,-0.775030,-0.628417,0.066492,0.055637,0.036954,0.997767,0,-0.56663,0.02123,-33.998,0.042,-1,375.000,-1,375.000,-1,300.000,300.000,300.000,300.000,275.000,450.000,500.000,-1,700.000,700.000,-1,-1,2,0,2,0,2,0,0,0,0,1,0,0,2,0,0,2,2
10,-813.559,1850.227,-292.029,-128.908,-0.628692,0.777633,0.005760,-0.775740,-0.627647,0.065475,0.054531,0.036695,0.997838,0,-0.56260,0.02859,-33.756,0.057,-1,375.000,-1,375.000,-1,300.000,300.000,300.000,300.000,250.000,425.000,500.000,-1,700.000,700.000,-1,-1,2,0,2,0,2,0,0,0,0,1,0,0,2,0,0,2,2
11,-792.568,1876.301,-293.816,-128.837,-0.627722,0.778420,0.005193,-0.776603,-0.626687,0.064426,0.053405,0.036408,0.997909,0,-0.55789,0.03558,-33.473,0.071,-1,375.000,-1,375.000,-1,300.000,300.000,300.000,300.000,250.000,425.000,500.000,-1,700.000,700.000,-1,-1,2,0,2,0,2,0,0,0,0,1,0,0,2,0,0,2,2
12,-771.818,1902.153,-295.560,-128.752,-0.626569,0.779352,0.004638,-0.777614,-0.625549,0.063281,0.052220,0.036043,0.997985,0,-0.55250,0.04217,-33.150,0.084,-1,375.000,-1,375.000,-1,300.000,300.000,300.000,300.000,225.000,400.000,475.000,-1,700.000,700.000,-1,-1,2,0,2,0,2,0,0,0,0,1,0,0,2,0,0,2,2
13,-751.338,1927.758,-297.251,-128.656,-0.625242,0.780420,0.004109,-0.778766,-0.624244,0.061996,0.050948,0.035563,0.998068,0,-0.54646,0.04835,-32.788,0.097,-1,375.000,-1,375.000,-1,300.000,300.000,325.000,300.000,225.000,400.000,475.000,-1,675.000,700.000,-1,-1,2,0,2,0,2,0,0,1,0,1,0,0,2,0,0,2,2
14,-731.154,1953.088,-298.078,-128.547,-0.623886,0.781515,-0.000730,-0.780102,-0.622702,0.060685,0.046972,0.038430,0.998157,0,-0.53979,0.05412,-32.388,0.108,-1,375.000,-1,375.000,-1,300.000,300.000,300.000,300.000,200.000,450.000,525.000,-1,675.000,675.000,-1,-1,2,0,2,0,2,0,0,1,0,1,0,0,2,0,0,2,2
15,-711.291,1978.117,-297.760,-128.429,-0.622469,0.782562,-0.011334,-0.781653,-0.620886,0.059320,0.039384,0.045784,0.998175,0,-0.53253,0.05945,-31.952,0.119,-1,375.000,-1,375.000,-1,300.000,300.000,300.000,300.000,225.000,650.000,700.000,-1,675.000,650.000,-1,-1,2,0,2,0,2,0,0,1,0,1,0,0,2,0,0,2,2
16,-691.776,2002.822,-297.838,-128.300,-0.620775,0.783741,-0.019718,-0.783287,-0.618958,0.057903,0.033177,0.051390,0.998127,0,-0.52472,0.06435,-31.483,0.129,-1,375.000,-1,350.000,-1,300.000,300.000,275.000,300.000,225.000,875.000,875.000,-1,650.000,625.000,-1,-1,2,0,2,0,2,0,0,1,0,1,0,1,2,0,0,2,2
17,-672.629,2027.183,-298.296,-128.162,-0.618875,0.785061,-0.025960,-0.784980,-0.616944,0.056449,0.028300,0.055313,0.998068,0,-0.51640,0.06880,-30.984,0.138,-1,375.000,-1,350.000,-1,300.000,300.000,275.000,300.000,250.000,950.000,850.000,-1,650.000,600.000,-1,-1,2,0,2,0,2,0,0,1,0,1,1,1,2,0,0,2,2
18,-653.869,2051.178,-299.116,-128.017,-0.616824,0.786523,-0.030148,-0.786713,-0.614866,0.054972,0.024700,0.057625,0.998033,0,-0.50764,0.07282,-30.458,0.146,-1,375.000,-1,350.000,-1,300.000,300.000,250.000,300.000,275.000,925.000,825.000,-1,650.000,600.000,-1,-1,2,0,2,0,2,0,0,1,0,1,1,1,2,0,0,2,2
19,-638.202,2071.499,-300.139,-127.631,-0.611479,0.790625,-0.031710,-0.790918,-0.609544,0.053887,0.023276,0.058031,0.998043,0,-0.42764,0.19282,-25.658,0.386,-1,375.000,-1,350.000,-1,300.000,300.000,250.000,300.000,325.000,875.000,800.000,-1,650.000,600.000,-1,1000.000,2,0,2,0,2,0,0,1,0,1,1,1,2,0,0,2,0
20,-625.648,2088.157,-301.255,-127.005,-0.602797,0.797281,-0.031280,-0.797546,-0.600911,0.053171,0.023595,0.056999,0.998095,0,-0.34764,0.31282,-20.858,0.626,-1,375.000,-1,350.000,-1,300.000,300.000,225.000,300.000,675.000,850.000,775.000,-1,650.000,600.000,-1,1000.000,2,0,2,0,2,0,0,1,0,1,1,1,2,0,0,2,0
21,-616.179,2101.126,-302.427,-126.140,-0.590678,0.806373,-0.029356,-0.806518,-0.588874,0.052497,0.025045,0.054685,0.998190,0,-0.26764,0.43282,-16.058,0.866,-1,375.000,-1,350.000,-1,300.000,300.000,225.000,300.000,700.000,825.000,750.000,-1,650.000,600.000,-1,-1,2,0,2,0,2,0,0,1,0,1,1,1,2,0,0,2,2
22,-609.700,2110.334,-303.509,-125.137,-0.576473,0.816680,-0.026694,-0.816667,-0.574765,0.051956,0.027089,0.051751,0.998293,0,-0.18764,0.50124,-11.258,1.002,-1,375.000,-1,350.000,-1,300.000,300.000,200.000,300.000,700.000,800.000,725.000,-1,650.000,600.000,-1,-1,2,0,2,0,2,0,0,1,0,1,1,1,2,0,0,2,2
23,-606.078,2115.681,-304.352,-124.133,-0.562062,0.826745,-0.024046,-0.826580,-0.560449,0.051595,0.029179,0.048875,0.998379,0,-0.10764,0.50197,-6.458,1.004,-1,375.000,-1,350.000,-1,300.000,300.000,200.000,300.000,700.000,775.000,700.000,-1,650.000,625.000,-1,-1,2,0,2,0,2,0,0,1,0,1,1,1,2,0,0,2,2
24,-605.173,2117.071,-304.892,-123.129,-0.547463,0.836547,-0.021729,-0.836251,-0.545935,0.051377,0.031116,0.046298,0.998443,0,-0.02764,0.50232,-1.658,1.005,-1,375.000,-1,350.000,-1,300.000,300.000,200.000,300.000,700.000,750.000,675.000,-1,650.000,625.000,-1,-1,2,0,2,0,2,0,0,1,0,1,1,1,2,0,0,2,2
25,-606.844,2114.411,-305.093,-122.124,-0.532692,0.846075,-0.019910,-0.845674,-0.531233,0.051258,0.032791,0.044142,0.998487,0,0.05236,0.50239,3.142,1.005,-1,375.000,-1,350.000,-1,300.000,300.000,200.000,300.000,700.000,750.000,675.000,-1,650.000,625.000,-1,-1,2,0,2,0,2,0,0,1,0,1,1,1,2,0,0,2,2
26,-610.949,2107.613,-304.946,-121.119,-0.517762,0.855322,-0.018611,-0.854841,-0.516357,0.051202,0.034185,0.042420,0.998515,0,0.13236,0.50227,7.942,1.005,-1,375.000,-1,350.000,-1,300.000,300.000,175.000,300.000,725.000,725.000,675.000,-1,650.000,625.000,-1,-1,2,0,2,0,2,0,0,1,0,1,1,1,2,0,0,2,2
27,-617.343,2096.592,-304.466,-120.115,-0.502684,0.864289,-0.017717,-0.863747,-0.501319,0.051192,0.035363,0.041036,0.998532,0,0.21236,0.50201,12.742,1.004,-1,375.000,-1,350.000,-1,300.000,300.000,200.000,300.000,725.000,750.000,700.000,-1,650.000,625.000,-1,-1,2,0,2,0,2,0,0,1,0,1,1,1,2,0,0,2,2
28,-625.877,2081.267,-303.695,-119.112,-0.487464,0.872978,-0.016987,-0.872381,-0.486134,0.051239,0.036472,0.039796,0.998542,0,0.29236,0.50164,17.542,1.003,-1,375.000,-1,350.000,-1,300.000,300.000,200.000,300.000,750.000,750.000,700.000,-1,650.000,625.000,-1,-1,2,0,2,0,2,0,0,1,0,1,1,1,2,0,0,2,2
29,-636.404,2061.561,-302.695,-118.110,-0.472105,0.881396,-0.016068,-0.880734,-0.470814,0.051392,0.037731,0.038414,0.998549,0,0.37236,0.50114,22.342,1.002,-1,375.000,-1,350.000,-1,300.000,300.000,200.000,300.000,750.000,750.000,725.000,-1,650.000,625.000,-1,-1,2,0,2,0,2,0,0,1,0,1,1,1,2,0,0,2,2
30,-648.773,2037.401,-301.441,-117.109,-0.456629,0.889535,-0.014735,-0.888767,-0.455369,0.052261,0.039778,0.036960,0.998525,0,0.45236,0.50050,27.142,1.001,-1,375.000,-1,350.000,-1,300.000,300.000,200.000,300.000,775.000,775.000,750.000,-1,650.000,625.000,-1,-1,2,0,2,0,2,0,0,1,0,1,1,1,2,0,0,2,2
31,-662.831,2008.719,-300.055,-116.109,-0.441027,0.897408,-0.012426,-0.896468,-0.439819,0.053886,0.042893,0.034905,0.998470,0,0.53236,0.49965,31.942,0.999,-1,375.000,-1,350.000,-1,300.000,300.000,200.000,300.000,800.000,800.000,775.000,-1,650.000,625.000,-1,-1,2,0,2,0,2,0,0,1,0,1,1,1,2,0,0,2,2
32,-678.425,1975.451,-298.713,-115.112,-0.425270,0.905028,-0.008411,-0.903831,-0.424185,0.056185,0.047281,0.031496,0.998385,0,0.61236,0.49851,36.742,0.997,-1,375.000,-1,375.000,-1,300.000,300.000,200.000,300.000,825.000,750.000,775.000,-1,675.000,650.000,-1,-1,2,0,2,0,2,0,0,1,0,1,0,1,2,0,0,2,2
33,-695.402,1937.536,-297.547,-114.118,-0.409317,0.912390,-0.002023,-0.910830,-0.408485,0.059411,0.053379,0.026160,0.998232,0,0.69236,0.49697,41.542,0.994,-1,375.000,-1,375.000,-1,300.000,300.000,225.000,300.000,825.000,600.000,725.000,-1,675.000,650.000,-1,-1,2,0,2,0,2,0,0,1,0,1,0,0,2,0,0,2,2
34,-713.606,1894.919,-295.589,-113.129,-0.393345,0.919389,0.002019,-0.917555,-0.392697,0.062307,0.058077,0.022656,0.998055,0,0.77236,0.49489,46.342,0.990,-1,375.000,-1,375.000,-1,300.000,300.000,225.000,300.000,300.000,525.000,575.000,-1,675.000,675.000,-1,-1,2,0,2,0,2,0,0,1,0,1,0,0,2,0,0,2,2
35,-731.225,1851.625,-292.738,-112.144,-0.377491,0.926010,0.002223,-0.924065,-0.376852,0.063930,0.060038,0.022079,0.997952,0,0.77903,0.49210,46.742,0.984,-1,375.000,-1,375.000,-1,300.000,300.000,225.000,300.000,300.000,550.000,575.000,-1,675.000,675.000,-1,-1,2,0,2,0,2,0,0,1,0,1,0,0,2,0,0,2,2
36,-747.926,1808.495,-289.670,-111.167,-0.361586,0.932333,0.003325,-0.930240,-0.361009,0.065768,0.062518,0.020688,0.997829,0,0.77084,0.48879,46.251,0.978,-1,375.000,-1,375.000,-1,300.000,300.000,250.000,300.000,300.000,525.000,550.000,-1,675.000,675.000,-1,-1,2,0,2,0,2,0,0,1,0,1,0,0,2,0,0,2,2
37,-763.736,1765.520,-286.585,-110.197,-0.345689,0.938339,0.004420,-0.936100,-0.345183,0.067575,0.064934,0.019222,0.997704,0,0.76317,0.48503,45.790,0.970,-1,375.000,-1,375.000,-1,300.000,300.000,250.000,300.000,300.000,500.000,550.000,-1,675.000,700.000,-1,-1,2,0,2,0,2,0,0,1,0,1,0,0,2,0,0,2,2
38,-778.680,1722.691,-283.497,-109.235,-0.329827,0.944026,0.005447,-0.941643,-0.329394,0.069335,0.067248,0.017739,0.997579,0,0.75602,0.48084,45.361,0.962,-1,375.000,-1,375.000,-1,325.000,325.000,275.000,300.000,300.000,500.000,525.000,-1,675.000,700.000,-1,-1,2,0,2,0,2,0,0,1,0,1,0,0,2,0,0,2,2
39,-792.786,1679.996,-280.407,-108.283,-0.314019,0.949395,0.006408,-0.946872,-0.313664,0.071051,0.069466,0.016243,0.997452,0,0.74940,0.47624,44.964,0.952,-1,375.000,-1,375.000,-1,325.000,325.000,275.000,300.000,325.000,475.000,525.000,-1,700.000,700.000,-1,-1,2,0,2,0,2,0,0,1,0,1,0,0,2,0,0,2,2
40,-806.079,1637.425,-277.314,-107.340,-0.298286,0.954448,0.007308,-0.951788,-0.298012,0.072727,0.071592,0.014738,0.997325,0,0.74330,0.47127,44.598,0.943,-1,375.000,-1,375.000,-1,325.000,325.000,275.000,300.000,325.000,475.000,500.000,-1,700.000,700.000,-1,-1,2,0,2,0,2,0,0,1,0,1,0,0,2,0,0,2,2
41,-817.474,1599.293,-274.536,-106.638,-0.286497,0.958047,0.008090,-0.955265,-0.286291,0.074200,0.073403,0.013530,0.997211,0,0.66330,0.35127,39.798,0.703,-1,375.000,-1,375.000,-1,325.000,325.000,300.000,300.000,325.000,450.000,500.000,-1,700.000,700.000,-1,-1,2,0,2,0,2,0,0,1,0,1,0,0,2,0,0,2,2
42,-827.224,1565.680,-272.081,-106.175,-0.278699,0.960338,0.008779,-0.957451,-0.278551,0.075476,0.074928,0.012629,0.997109,0,0.58330,0.23127,34.998,0.463,-1,375.000,-1,375.000,-1,325.000,325.000,300.000,300.000,350.000,450.000,475.000,-1,700.000,700.000,-1,-1,2,0,2,0,2,0,0,1,0,1,0,0,2,0,0,2,2
43,-836.681,1532.596,-269.660,-105.953,-0.274919,0.961421,0.009492,-0.958431,-0.274821,0.076707,0.076356,0.011991,0.997009,0,0.57348,0.11127,34.409,0.223,-1,375.000,-1,375.000,-1,325.000,325.000,300.000,300.000,350.000,425.000,475.000,-1,700.000,700.000,-1,-1,2,0,2,0,2,0,0,1,0,1,0,0,2,0,0,2,2
44,-846.054,1499.846,-267.238,-105.970,-0.275165,0.961342,0.010302,-0.958256,-0.275116,0.077820,0.077646,0.011541,0.996914,0,0.56775,-0.00873,34.065,-0.017,-1,375.000,-1,375.000,-1,325.000,325.000,300.000,300.000,350.000,425.000,450.000,-1,700.000,700.000,-1,-1,2,0,2,0,2,0,0,1,0,1,0,0,2,0,0,2,2
45,-855.467,1467.505,-264.849,-106.227,-0.279442,0.960098,0.011155,-0.956917,-0.279434,0.078908,0.078876,0.011376,0.996819,0,0.56138,-0.12873,33.683,-0.257,-1,375.000,-1,375.000,-1,325.000,325.000,300.000,300.000,350.000,400.000,450.000,-1,700.000,700.000,-1,-1,2,0,2,0,2,0,0,0,0,1,0,0,2,0,0,2,2
46,-865.041,1435.642,-262.496,-106.725,-0.287735,0.957634,0.012066,-0.954359,-0.287759,0.079957,0.080041,0.011491,0.996725,0,0.55449,-0.24873,33.270,-0.497,-1,375.000,-1,375.000,-1,325.000,325.000,300.000,300.000,350.000,400.000,425.000,-1,700.000,700.000,-1,-1,2,0,2,0,2,0,0,0,0,1,0,0,2,0,0,2,2
47,-874.890,1404.321,-260.098,-107.456,-0.299936,0.953876,0.012632,-0.950527,-0.299953,0.080793,0.080855,0.012226,0.996651,0,0.54722,-0.36559,32.833,-0.731,-1,375.000,-1,375.000,-1,325.000,325.000,300.000,300.000,350.000,400.000,425.000,-1,700.000,725.000,-1,-1,2,0,2,0,2,0,0,0,0,1,0,0,2,0,0,2,2
48,-885.004,1373.559,-257.538,-108.200,-0.312373,0.949880,0.012289,-0.946494,-0.312311,0.081312,0.081075,0.013768,0.996613,0,0.53970,-0.37210,32.382,-0.744,-1,375.000,-1,375.000,-1,325.000,325.000,300.000,300.000,375.000,425.000,425.000,-1,700.000,725.000,-1,-1,2,0,2,0,2,0,0,0,0,1,0,0,2,0,0,2,2
49,-895.393,1343.313,-254.898,-108.958,-0.325013,0.945638,0.011657,-0.942178,-0.324839,0.082341,0.081651,0.015779,0.996536,0,0.53301,-0.37896,31.981,-0.758,-1,375.000,-1,375.000,-1,325.000,325.000,300.000,300.000,375.000,425.000,450.000,-1,700.000,725.000,-1,-1,2,0,2,0,2,0,0,0,0,1,0,0,2,0,0,2,2
50,-906.070,1313.541,-252.291,-109.731,-0.337830,0.941142,0.011074,-0.937610,-0.337543,0.083379,0.082210,0.017784,0.996456,0,0.52714,-0.38614,31.628,-0.772,-1,375.000,-1,375.000,-1,325.000,325.000,300.000,300.000,375.000,450.000,450.000,-1,700.000,725.000,-1,-1,2,0,2,0,2,0,0,0,0,1,0,0,2,0,0,2,2
51,-917.048,1284.204,-249.713,-110.518,-0.350829,0.936380,0.010541,-0.932776,-0.350429,0.084428,0.082751,0.019787,0.996374,0,0.52205,-0.39363,31.323,-0.787,-1,375.000,-1,375.000,-1,325.000,325.000,300.000,300.000,400.000,475.000,450.000,-1,700.000,725.000,-1,-1,2,0,2,0,2,0,0,0,0,1,0,0,2,0,0,2,2
52,-928.342,1255.266,-247.161,-111.321,-0.364014,0.931339,0.010057,-0.927663,-0.363500,0.085489,0.083275,0.021789,0.996288,0,0.51773,-0.40142,31.064,-0.803,-1,375.000,-1,375.000,-1,325.000,325.000,300.000,300.000,400.000,475.000,475.000,-1,700.000,725.000,-1,-1,2,0,2,0,2,0,0,0,0,1,0,0,2,0,0,2,2
53,-939.967,1226.691,-244.517,-112.140,-0.377357,0.926015,0.009885,-0.922300,-0.376762,0.086099,0.083453,0.023373,0.996238,0,0.51415,-0.40950,30.849,-0.819,-1,375.000,-1,375.000,-1,325.000,325.000,300.000,300.000,425.000,500.000,475.000,-1,700.000,725.000,-1,-1,2,0,2,0,2,0,0,0,0,1,0,0,2,0,0,2,2
54,-951.941,1198.446,-241.882,-112.975,-0.390886,0.920387,0.009775,-0.916636,-0.390214,0.086670,0.083584,0.024918,0.996189,0,0.51130,-0.41786,30.678,-0.836,-1,375.000,-1,375.000,-1,300.000,325.000,300.000,300.000,425.000,525.000,500.000,-1,700.000,725.000,-1,-1,2,0,2,0,2,0,0,0,0,1,0,0,2,0,0,2,2
55,-964.283,1170.500,-239.218,-113.828,-0.404591,0.914444,0.009916,-0.910646,-0.403858,0.087309,0.083844,0.026294,0.996132,0,0.50916,-0.42648,30.550,-0.853,-1,375.000,-1,375.000,-1,300.000,325.000,300.000,300.000,450.000,550.000,525.000,-1,700.000,725.000,-1,-1,2,0,2,0,2,0,0,0,0,1,0,0,2,0,0,2,2
56,-977.011,1142.824,-236.530,-114.699,-0.418474,0.908171,0.010278,-0.904317,-0.417694,0.087997,0.084209,0.027530,0.996068,0,0.50770,-0.43537,30.462,-0.871,-1,375.000,-1,375.000,-1,325.000,325.000,300.000,300.000,450.000,575.000,550.000,-1,725.000,725.000,-1,-1,2,0,2,0,2,0,0,0,0,1,0,0,2,0,0,2,2
57,-990.146,1115.393,-233.860,-115.588,-0.432548,0.901548,0.010654,-0.897638,-0.431720,0.088677,0.084546,0.028794,0.996003,0,0.50690,-0.44453,30.414,-0.889,-1,375.000,-1,375.000,-1,325.000,325.000,300.000,300.000,475.000,600.000,550.000,-1,725.000,750.000,-1,-1,2,0,2,0,2,0,0,0,0,1,0,0,2,0,0,2,2
58,-1003.711,1088.180,-231.207,-116.496,-0.446811,0.894560,0.011045,-0.890595,-0.445933,0.089350,0.084854,0.030086,0.995939,0,0.50676,-0.45394,30.406,-0.908,-1,375.000,-1,375.000,-1,325.000,325.000,300.000,300.000,500.000,600.000,575.000,-1,725.000,750.000,-1,-1,2,0,2,0,2,0,0,0,0,1,0,0,2,0,0,2,2
59,-1017.727,1061.165,-228.566,-117.423,-0.461261,0.887191,0.011453,-0.883171,-0.460333,0.090015,0.085132,0.031405,0.995875,0,0.50725,-0.46362,30.435,-0.927,-1,375.000,-1,375.000,-1,325.000,325.000,300.000,300.000,525.000,625.000,575.000,-1,725.000,750.000,-1,-1,2,0,2,0,2,0,0,0,0,1,0,0,2,0,0,2,2
60,-1032.220,1034.326,-225.937,-118.370,-0.475894,0.879422,0.011879,-0.875349,-0.474914,0.090672,0.085381,0.032752,0.995810,0,0.50836,-0.47356,30.502,-0.947,-1,375.000,-1,375.000,-1,325.000,325.000,300.000,300.000,525.000,650.000,600.000,-1,725.000,775.000,-1,-1,2,0,2,0,2,0,0,0,0,1,0,0,2,0,0,2,2
61,-1047.215,1007.646,-223.318,-119.338,-0.490706,0.871238,0.012324,-0.867110,-0.489673,0.091323,0.085599,0.034127,0.995745,0,0.51007,-0.48375,30.604,-0.968,-1,375.000,-1,400.000,-1,325.000,325.000,300.000,300.000,550.000,650.000,600.000,-1,725.000,775.000,-1,-1,2,0,2,0,2,0,0,0,0,1,0,0,2,0,0,2,2
62,-1063.081,980.758,-220.664,-120.545,-0.508999,0.860672,0.012781,-0.856490,-0.507893,0.092030,0.085700,0.035896,0.995674,0,0.52032,-0.60375,31.219,-1.208,-1,375.000,-1,400.000,-1,325.000,325.000,300.000,300.000,600.000,675.000,625.000,-1,725.000,775.000,-1,-1,2,0,2,0,2,0,0,0,0,1,0,0,2,0,0,2,2
63,-1079.698,954.147,-218.025,-121.985,-0.530509,0.847576,0.013266,-0.843342,-0.529311,0.092761,0.085644,0.038023,0.995600,0,0.52289,-0.71970,31.373,-1.439,-1,375.000,-1,400.000,-1,325.000,325.000,300.000,300.000,625.000,700.000,650.000,-1,750.000,800.000,-1,-1,2,0,2,0,2,0,0,0,0,1,0,0,2,0,0,2,2
64,-1097.084,927.824,-215.415,-123.447,-0.552003,0.833728,0.013807,-0.829447,-0.550716,0.093429,0.085498,0.040121,0.995530,0,0.52577,-0.73094,31.546,-1.462,-1,400.000,-1,400.000,-1,325.000,325.000,300.000,300.000,675.000,725.000,650.000,-1,750.000,800.000,-1,-1,2,0,2,0,2,0,0,0,0,1,0,0,2,0,0,2,2
65,-1115.271,901.782,-212.832,-124.932,-0.573461,0.819106,0.014403,-0.814784,-0.572089,0.094030,0.085261,0.042187,0.995465,0,0.52939,-0.74250,31.763,-1.485,-1,400.000,-1,400.000,-1,325.000,325.000,300.000,300.000,725.000,725.000,675.000,-1,750.000,825.000,-1,-1,2,0,2,0,2,0,0,0,0,1,0,0,2,0,0,2,2
66,-1134.292,876.018,-210.233,-126.440,-0.594873,0.803683,0.014830,-0.799335,-0.593400,0.094551,0.084789,0.044392,0.995410,0,0.53373,-0.75437,32.024,-1.509,-1,400.000,-1,400.000,-1,325.000,325.000,300.000,300.000,825.000,750.000,700.000,-1,750.000,825.000,-1,-1,2,0,2,0,2,0,0,0,0,1,0,0,2,0,0,2,2
67,-1154.181,850.534,-207.553,-127.973,-0.616234,0.787425,0.014752,-0.783084,-0.614617,0.095002,0.083874,0.046991,0.995368,0,0.53877,-0.76655,32.326,-1.533,-1,400.000,-1,400.000,-1,325.000,325.000,300.000,300.000,950.000,800.000,725.000,-1,750.000,825.000,-1,-1,2,0,2,0,2,0,0,0,0,1,0,0,2,0,0,2,2
68,-1174.974,825.335,-204.893,-129.532,-0.637482,0.770326,0.014690,-0.765999,-0.635721,0.095414,0.082839,0.049572,0.995329,0,0.54449,-0.77906,32.669,-1.558,-1,400.000,-1,400.000,-1,325.000,325.000,300.000,300.000,-1,850.000,775.000,-1,775.000,850.000,-1,-1,2,0,2,0,2,0,0,0,0,2,0,0,2,0,0,2,2
69,-1196.707,800.433,-202.254,-131.115,-0.658586,0.752363,0.014640,-0.748059,-0.656683,0.095786,0.081680,0.052132,0.995294,0,0.55086,-0.79189,33.052,-1.584,-1,400.000,-1,400.000,-1,325.000,325.000,300.000,300.000,-1,900.000,800.000,-1,775.000,850.000,-1,-1,2,0,2,0,2,0,0,0,0,2,0,0,2,0,0,2,2
70,-1219.416,775.843,-199.637,-132.725,-0.679517,0.733515,0.014598,-0.729242,-0.677472,0.096117,0.080392,0.054668,0.995263,0,0.55786,-0.80505,33.472,-1.610,-1,400.000,-1,400.000,-1,325.000,325.000,300.000,300.000,-1,925.000,850.000,-1,775.000,850.000,-1,-1,2,0,2,0,2,0,0,0,0,2,1,0,2,0,0,2,2
71,-1246.047,748.355,-196.741,-134.096,-0.696911,0.717014,0.014370,-0.712777,-0.694727,0.096456,0.079143,0.056978,0.995234,0,0.63786,-0.68505,38.272,-1.370,-1,400.000,-1,400.000,-1,325.000,325.000,300.000,300.000,-1,925.000,900.000,-1,800.000,850.000,-1,-1,2,0,2,0,2,0,0,0,0,2,1,0,2,0,0,2,2
72,-1275.076,719.551,-193.813,-135.226,-0.710982,0.703079,0.013629,-0.698906,-0.708638,0.096757,0.077686,0.059267,0.995215,0,0.68157,-0.56505,40.894,-1.130,-1,400.000,-1,400.000,-1,325.000,325.000,300.000,300.000,-1,950.000,975.000,-1,800.000,875.000,-1,-1,2,0,2,0,2,0,0,0,0,2,1,0,2,0,0,2,2
73,-1305.014,690.755,-190.876,-136.116,-0.721876,0.691903,0.012846,-0.687793,-0.719389,0.097054,0.076393,0.061225,0.995196,0,0.69232,-0.44505,41.539,-0.890,-1,400.000,-1,400.000,-1,325.000,325.000,300.000,300.000,-1,975.000,-1,-1,800.000,875.000,-1,-1,2,0,2,0,2,0,0,0,0,2,1,2,2,0,0,2,2
74,-1335.772,661.835,-187.918,-136.766,-0.729733,0.683627,0.012011,-0.679576,-0.727119,0.097340,0.075278,0.062869,0.995179,0,0.70364,-0.32505,42.218,-0.650,-1,400.000,-1,400.000,-1,325.000,325.000,300.000,300.000,-1,1000.000,-1,-1,800.000,875.000,-1,-1,2,0,2,0,2,0,0,0,0,2,1,2,2,0,0,2,2
75,-1370.347,629.971,-184.651,-137.338,-0.736582,0.676259,0.011024,-0.672275,-0.733834,0.097641,0.074121,0.064509,0.995161,0,0.78364,-0.28617,47.018,-0.572,-1,400.000,-1,400.000,-1,325.000,325.000,300.000,300.000,-1,-1,-1,-1,800.000,875.000,-1,-1,2,0,2,0,2,0,0,0,0,2,2,2,2,1,0,2,2
76,-1405.984,597.802,-181.342,-137.930,-0.743582,0.668571,0.009924,-0.664666,-0.740693,0.097946,0.072834,0.066234,0.995142,0,0.80014,-0.29575,48.008,-0.591,-1,400.000,-1,425.000,-1,325.000,325.000,300.000,300.000,-1,-1,-1,-1,800.000,875.000,-1,-1,2,0,2,0,2,0,0,0,0,2,2,2,2,1,0,2,2
77,-1442.557,565.489,-177.890,-138.540,-0.750717,0.660568,0.008595,-0.656790,-0.747696,0.097869,0.071075,0.067827,0.995162,0,0.81338,-0.30533,48.803,-0.611,-1,400.000,-1,425.000,-1,325.000,325.000,300.000,300.000,-1,-1,-1,-1,775.000,875.000,-1,-1,2,0,2,0,2,0,0,0,0,2,2,2,2,1,0,2,2
78,-1480.091,533.055,-174.405,-139.170,-0.757974,0.652245,0.007257,-0.648608,-0.754833,0.097643,0.069164,0.069304,0.995195,0,0.82677,-0.31484,49.606,-0.630,-1,400.000,-1,425.000,-1,325.000,325.000,300.000,300.000,-1,-1,-1,-1,775.000,875.000,-1,-1,2,0,2,0,2,0,0,0,0,2,2,2,2,1,0,2,2
79,-1518.610,500.524,-170.931,-139.818,-0.765347,0.643591,0.005899,-0.640098,-0.762086,0.097461,0.067221,0.070816,0.995222,0,0.84029,-0.32425,50.417,-0.649,-1,400.000,-1,425.000,-1,325.000,325.000,300.000,300.000,-1,-1,-1,-1,750.000,875.000,1000.000,-1,2,0,2,0,2,0,0,0,0,2,2,2,2,1,0,1,2
80,-1558.134,467.924,-167.473,-140.486,-0.772824,0.634605,0.004524,-0.631258,-0.769442,0.097327,0.065245,0.072361,0.995242,0,0.85390,-0.33353,51.234,-0.667,-1,400.000,-1,425.000,-1,325.000,325.000,300.000,300.000,-1,-1,-1,-1,750.000,875.000,950.000,-1,2,0,2,0,2,0,0,0,0,2,2,2,2,1,0,1,2
81,-1598.515,435.410,-164.269,-141.160,-0.780240,0.625473,0.003145,-0.622346,-0.776822,0.096083,0.062541,0.073011,0.995368,0,0.86406,-0.33726,51.844,-0.675,925.000,400.000,-1,400.000,-1,325.000,325.000,300.000,300.000,-1,-1,-1,-1,725.000,850.000,900.000,-1,1,0,2,0,2,0,0,0,0,2,2,2,2,1,0,1,2
82,-1639.499,403.189,-161.144,-141.825,-0.787442,0.616386,0.001738,-0.613484,-0.784001,0.094765,0.059774,0.073556,0.995498,0,0.86889,-0.33263,52.134,-0.665,850.000,400.000,-1,400.000,-1,325.000,325.000,300.000,300.000,-1,-1,-1,-1,700.000,850.000,825.000,-1,1,0,2,0,2,0,0,0,0,2,2,2,2,1,0,1,2
83,-1681.067,371.271,-158.084,-142.481,-0.794428,0.607358,0.000302,-0.604678,-0.790969,0.093447,0.056995,0.074055,0.995624,0,0.87347,-0.32761,52.408,-0.655,775.000,400.000,-1,400.000,-1,325.000,325.000,300.000,300.000,-1,-1,-1,-1,675.000,850.000,775.000,-1,1,0,2,0,2,0,0,0,0,2,2,2,2,1,0,1,2
84,-1723.196,339.668,-155.098,-143.125,-0.801193,0.598406,-0.001129,-0.595945,-0.797724,0.092122,0.054226,0.074480,0.995747,0,0.87774,-0.32218,52.665,-0.644,700.000,400.000,-1,400.000,-1,325.000,325.000,300.000,300.000,-1,-1,-1,-1,650.000,825.000,725.000,-1,1,0,2,0,2,0,0,0,0,2,2,2,2,1,0,1,2
85,-1765.861,308.393,-152.249,-143.758,-0.807738,0.589536,-0.002520,-0.587273,-0.804248,0.091083,0.051670,0.075051,0.995840,0,0.88168,-0.31631,52.901,-0.633,650.000,400.000,-1,400.000,-1,325.000,325.000,300.000,300.000,-1,-1,-1,-1,625.000,825.000,675.000,-1,1,0,2,0,2,0,0,0,0,2,2,2,2,1,0,1,2
86,-1809.036,277.456,-149.591,-144.378,-0.814070,0.580754,-0.003922,-0.578656,-0.810517,0.090662,0.049474,0.076075,0.995874,0,0.88524,-0.30999,53.114,-0.620,600.000,400.000,-1,400.000,-1,325.000,325.000,300.000,300.000,-1,-1,-1,-1,600.000,825.000,625.000,-1,1,0,2,0,2,0,0,0,0,2,2,2,2,1,0,1,2
87,-1852.689,246.871,-147.001,-144.984,-0.820167,0.572099,-0.005361,-0.570168,-0.816553,0.090269,0.047265,0.077092,0.995903,0,0.88836,-0.30318,53.301,-0.606,550.000,400.000,-1,400.000,-1,325.000,325.000,300.000,300.000,-1,-1,-1,-1,575.000,825.000,575.000,-1,1,0,2,0,2,0,0,0,0,2,2,2,2,1,0,1,2
88,-1896.786,216.649,-144.493,-145.576,-0.826027,0.563588,-0.006903,-0.561831,-0.822350,0.089924,0.045004,0.078158,0.995925,0,0.89098,-0.29588,53.459,-0.592,500.000,400.000,-1,400.000,-1,325.000,325.000,300.000,300.000,-1,-1,-1,-1,575.000,800.000,525.000,-1,1,1,2,0,2,0,0,0,0,2,2,2,2,1,0,1,2
89,-1941.288,186.802,-142.117,-146.152,-0.831648,0.555234,-0.008768,-0.553671,-0.827890,0.089701,0.042546,0.079454,0.995930,0,0.89306,-0.28806,53.583,-0.576,450.000,400.000,-1,400.000,-1,325.000,325.000,300.000,300.000,-1,-1,-1,-1,550.000,800.000,475.000,-1,1,1,2,0,2,0,0,0,0,2,2,2,2,1,0,1,2
90,-1986.151,157.343,-139.802,-146.711,-0.837020,0.547070,-0.010622,-0.545700,-0.833187,0.089502,0.040113,0.080711,0.995930,0,0.89451,-0.27969,53.671,-0.559,400.000,375.000,-1,400.000,-1,325.000,325.000,300.000,300.000,-1,-1,-1,-1,525.000,775.000,450.000,-1,1,1,2,0,2,0,0,0,0,2,2,2,2,1,0,1,2
91,-2031.330,128.285,-137.548,-147.253,-0.842139,0.539117,-0.012465,-0.537941,-0.838237,0.089325,0.037708,0.081930,0.995925,0,0.89528,-0.27077,53.717,-0.542,350.000,375.000,-1,400.000,-1,325.000,325.000,300.000,300.000,-1,-1,-1,-1,500.000,775.000,400.000,-1,1,1,2,0,2,0,0,1,0,2,2,2,2,1,0,1,2
92,-2076.773,99.640,-135.473,-147.775,-0.846999,0.531418,-0.013720,-0.530394,-0.843069,0.088973,0.035715,0.082637,0.995940,0,0.89529,-0.26127,53.717,-0.523,325.000,350.000,-1,400.000,-1,325.000,325.000,300.000,300.000,-1,-1,-1,-1,475.000,775.000,375.000,-1,1,1,2,0,2,0,0,1,0,2,2,2,2,1,0,1,2
93,-2122.424,71.421,-133.524,-148.278,-0.851607,0.523987,-0.014282,-0.523052,-0.847667,0.088753,0.034399,0.083053,0.995951,0,0.89447,-0.25121,53.668,-0.502,275.000,325.000,-1,400.000,-1,325.000,325.000,275.000,300.000,-1,-1,-1,-1,450.000,750.000,325.000,-1,1,1,2,0,2,0,0,1,0,2,2,2,2,1,0,1,2
94,-2168.218,43.632,-129.990,-148.759,-0.856159,0.516531,-0.013669,-0.515277,-0.851512,0.097047,0.038488,0.090131,0.995186,0,0.89275,-0.24057,53.565,-0.481,275.000,325.000,-1,400.000,-1,325.000,325.000,275.000,300.000,-1,-1,-1,-1,450.000,775.000,325.000,-1,1,1,2,0,2,1,0,1,0,2,2,2,2,1,0,1,2
95,-2214.094,16.291,-126.462,-149.218,-0.860466,0.509347,-0.012824,-0.507705,-0.855032,0.105623,0.042834,0.097396,0.994324,0,0.89007,-0.22937,53.404,-0.459,275.000,325.000,-1,425.000,-1,325.000,350.000,275.000,300.000,-1,-1,-1,-1,450.000,800.000,325.000,-1,1,1,2,0,2,1,0,1,0,2,2,2,2,1,0,1,2
96,-2259.985,-10.589,-122.955,-149.653,-0.864522,0.502457,-0.011763,-0.500356,-0.858229,0.114397,0.047384,0.104785,0.993365,0,0.88638,-0.21765,53.183,-0.435,275.000,325.000,-1,425.000,-1,325.000,350.000,275.000,275.000,-1,-1,-1,-1,450.000,825.000,300.000,-1,1,1,2,0,2,1,0,1,0,2,2,2,2,1,0,1,2
97,-2305.821,-36.999,-119.471,-150.064,-0.868327,0.495880,-0.010499,-0.493245,-0.861100,0.123355,0.052129,0.112291,0.992307,0,0.88165,-0.20544,52.899,-0.411,250.000,325.000,-1,450.000,-1,325.000,375.000,275.000,275.000,-1,-1,-1,-1,450.000,850.000,300.000,-1,1,1,2,0,2,1,0,1,0,2,2,2,2,1,0,1,2
98,-2351.530,-62.929,-116.008,-150.449,-0.871880,0.489636,-0.009046,-0.486385,-0.863645,0.132462,0.057046,0.119891,0.991147,0,0.87585,-0.19281,52.551,-0.386,250.000,325.000,-1,450.000,-1,325.000,375.000,275.000,275.000,-1,-1,400.000,-1,450.000,900.000,300.000,-1,1,1,2,0,2,1,0,1,0,2,2,0,2,1,0,1,2
99,-2397.043,-88.373,-112.571,-150.809,-0.875183,0.483736,-0.007418,-0.479787,-0.865864,0.141718,0.062131,0.127588,0.989879,0,0.86901,-0.17985,52.140,-0.360,250.000,325.000,-1,475.000,-1,325.000,375.000,275.000,275.000,-1,475.000,275.000,-1,450.000,925.000,300.000,-1,1,1,2,0,2,1,1,1,0,2,0,0,2,1,0,1,2
100,-2445.668,-115.425,-108.827,-150.929,-0.876495,0.481378,-0.005712,-0.476543,-0.865887,0.152137,0.068290,0.136069,0.988343,0,0.92737,-0.05985,55.642,-0.120,250.000,325.000,-1,475.000,-1,300.000,375.000,250.000,275.000,-1,400.000,200.000,1000.000,475.000,950.000,300.000,-1,1,1,2,0,2,1,1,1,0,2,0,0,0,1,0,1,2
101,-2493.776,-142.326,-105.086,-150.808,-0.875847,0.482572,-0.004099,-0.476677,-0.863760,0.163393,0.075308,0.145061,0.986553,0,0.91862,0.06015,55.117,0.120,250.000,325.000,-1,500.000,-1,300.000,375.000,250.000,275.000,-1,350.000,150.000,800.000,500.000,1000.000,275.000,-1,1,1,2,0,2,1,1,1,0,2,0,0,0,1,0,1,2
102,-2541.243,-169.264,-101.258,-150.448,-0.873232,0.487297,-0.002773,-0.480179,-0.859479,0.175284,0.083032,0.154395,0.984514,0,0.90964,0.18015,54.578,0.360,250.000,325.000,-1,500.000,-1,325.000,375.000,250.000,250.000,-1,300.000,125.000,650.000,575.000,-1,275.000,-1,1,1,2,1,2,1,1,1,0,2,0,0,0,1,2,1,2
103,-2587.958,-196.429,-97.168,-149.848,-0.868588,0.495533,-0.001360,-0.486962,-0.853049,0.187552,0.091778,0.163568,0.982254,0,0.90065,0.30015,54.039,0.600,225.000,325.000,-1,500.000,-1,325.000,375.000,250.000,250.000,-1,275.000,100.000,550.000,-1,-1,275.000,-1,1,1,2,1,2,1,1,1,0,2,0,0,0,2,2,1,2
104,-2633.815,-224.005,-92.900,-149.008,-0.861852,0.507160,-0.000514,-0.496957,-0.844309,0.200440,0.101221,0.173006,0.979706,0,0.89183,0.42015,53.510,0.840,225.000,350.000,-1,525.000,-1,325.000,375.000,250.000,250.000,-1,250.000,75.000,475.000,-1,-1,275.000,-1,1,1,2,1,2,1,1,1,0,2,0,0,0,2,2,1,2
105,1639.855,-2295.813,83.378,-151.838,-0.882551,0.470168,-0.006849,-0.468615,-0.878248,0.095294,0.038789,0.087312,0.995426,1,0.00000,0.00000,58.310,1.080,-1,375.000,-1,375.000,-1,300.000,300.000,325.000,325.000,-1,375.000,325.000,-1,650.000,675.000,-1,-1,2,0,2,0,2,0,0,0,0,2,0,0,2,0,0,2,2
106,1635.623,-2298.077,83.560,-151.861,-0.882743,0.469810,-0.006656,-0.468232,-0.878424,0.095551,0.039044,0.087463,0.995402,0,0.08000,-0.01147,4.800,-0.023,-1,375.000,-1,375.000,-1,300.000,300.000,325.000,325.000,-1,375.000,325.000,-1,650.000,675.000,-1,-1,2,0,2,0,2,0,0,0,0,2,0,0,2,0,0,2,2
107,1627.156,-2302.602,83.924,-151.880,-0.882907,0.469506,-0.006270,-0.467875,-0.878558,0.096065,0.039594,0.087750,0.995355,0,0.16000,-0.00952,9.600,-0.019,-1,375.000,-1,375.000,-1,300.000,300.000,325.000,325.000,-1,375.000,325.000,-1,650.000,675.000,-1,-1,2,0,2,0,2,0,0,0,0,2,0,0,2,0,0,2,2
108,1614.455,-2309.388,84.477,-151.891,-0.883012,0.469316,-0.005696,-0.467605,-0.878617,0.096837,0.040442,0.088171,0.995284,0,0.24000,-0.00562,14.400,-0.011,-1,375.000,-1,375.000,-1,300.000,300.000,325.000,325.000,-1,375.000,325.000,-1,650.000,675.000,-1,-1,2,0,2,0,2,0,0,0,0,2,0,0,2,0,0,2,2
109,1597.520,-2318.435,85.224,-151.891,-0.883025,0.469300,-0.004935,-0.467479,-0.878570,0.097866,0.041592,0.088725,0.995187,0,0.32000,0.00023,19.200,0.000,-1,375.000,-1,375.000,-1,300.000,300.000,325.000,325.000,-1,375.000,300.000,-1,650.000,675.000,-1,-1,2,0,2,0,2,0,0,0,0,2,0,0,2,0,0,2,2
110,1576.354,-2329.749,86.176,-151.874,-0.882914,0.469517,-0.003993,-0.467557,-0.878384,0.099153,0.043047,0.089411,0.995064,0,0.40000,0.00804,24.000,0.016,-1,375.000,-1,375.000,-1,300.000,300.000,325.000,325.000,-1,350.000,300.000,-1,650.000,675.000,-1,-1,2,0,2,0,2,0,0,0,0,2,0,0,2,0,0,2,2
111,1550.964,-2343.343,87.345,-151.839,-0.882647,0.470028,-0.002874,-0.467896,-0.878028,0.100700,0.044808,0.090227,0.994913,0,0.48000,0.01781,28.800,0.036,-1,375.000,-1,375.000,-1,300.000,300.000,325.000,325.000,-1,350.000,300.000,-1,650.000,675.000,-1,-1,2,0,2,0,2,0,0,0,0,2,0,0,2,0,0,2,2
112,1521.358,-2359.233,88.750,-151.780,-0.882189,0.470893,-0.001572,-0.468556,-0.877467,0.102500,0.046887,0.091161,0.994732,0,0.56000,0.02955,33.600,0.059,-1,375.000,-1,375.000,-1,300.000,300.000,325.000,325.000,-1,350.000,300.000,-1,650.000,675.000,-1,-1,2,0,2,0,2,0,0,0,0,2,0,0,2,0,0,2,2
113,1487.551,-2377.443,90.451,-151.693,-0.881503,0.472179,0.000085,-0.469587,-0.876682,0.104481,0.049408,0.092060,0.994527,0,0.64000,0.04326,38.400,0.087,-1,375.000,-1,375.000,-1,300.000,300.000,325.000,325.000,-1,350.000,300.000,-1,650.000,675.000,-1,-1,2,0,2,0,2,0,0,0,0,2,0,0,2,0,0,2,2
114,1449.559,-2398.008,92.578,-151.575,-0.880544,0.473961,0.001799,-0.471122,-0.875670,0.106047,0.051837,0.092531,0.994360,0,0.72000,0.05897,43.200,0.118,-1,375.000,-1,375.000,-1,300.000,300.000,325.000,325.000,-1,350.000,300.000,-1,650.000,700.000,-1,-1,2,0,2,0,2,0,0,0,0,2,0,0,2,0,0,2,2
115,1407.408,-2420.970,95.111,-151.422,-0.879279,0.476294,0.003600,-0.473202,-0.874382,0.107411,0.054307,0.092741,0.994208,0,0.80000,0.07667,48.000,0.153,-1,375.000,-1,375.000,-1,300.000,300.000,325.000,325.000,-1,350.000,300.000,-1,650.000,700.000,-1,-1,2,0,2,0,2,0,0,0,0,2,0,0,2,0,0,2,2
116,1369.440,-2441.578,97.493,-151.509,-0.879991,0.474960,0.005415,-0.471641,-0.875080,0.108576,0.056308,0.092991,0.994073,0,0.72000,-0.04333,43.200,-0.087,-1,375.000,-1,375.000,-1,300.000,300.000,325.000,325.000,-1,350.000,325.000,-1,675.000,700.000,-1,-1,2,0,2,0,2,0,0,0,0,2,0,0,2,0,0,2,2
117,1332.341,-2461.442,99.898,-151.835,-0.882663,0.469949,0.007391,-0.466414,-0.877747,0.109626,0.058006,0.093316,0.993945,0,0.70135,-0.16333,42.081,-0.327,-1,375.000,-1,375.000,-1,300.000,300.000,325.000,325.000,-1,350.000,325.000,-1,675.000,700.000,-1,-1,2,0,2,0,2,0,0,0,0,2,0,0,2,0,0,2,2
118,1294.411,-2481.271,102.351,-152.402,-0.887238,0.461217,0.009329,-0.457485,-0.882299,0.110709,0.059292,0.093957,0.993809,0,0.71333,-0.28333,42.800,-0.567,-1,375.000,-1,375.000,-1,300.000,300.000,325.000,325.000,-1,375.000,325.000,-1,675.000,700.000,-1,-1,2,0,2,0,2,0,0,0,0,2,0,0,2,0,0,2,2
119,1256.081,-2500.627,104.803,-153.209,-0.893608,0.448709,0.011199,-0.444805,-0.888623,0.111795,0.060115,0.094919,0.993668,0,0.71564,-0.40333,42.939,-0.807,-1,375.000,-1,375.000,-1,300.000,300.000,325.000,325.000,-1,375.000,350.000,-1,675.000,725.000,-1,-1,2,0,2,0,2,0,0,0,0,2,0,0,2,0,0,2,2
120,1217.405,-2519.280,107.291,-154.255,-0.901623,0.432337,0.012689,-0.428309,-0.896538,0.113008,0.060234,0.096456,0.993513,0,0.71564,-0.52333,42.939,-1.047,-1,375.000,-1,375.000,-1,300.000,300.000,300.000,325.000,-1,400.000,350.000,-1,675.000,725.000,-1,-1,2,0,2,0,2,0,0,0,0,2,0,0,2,0,0,2,2
121,1178.319,-2537.061,109.818,-155.542,-0.911077,0.412008,0.013699,-0.407912,-0.905824,0.114410,0.059547,0.098648,0.993339,0,0.71564,-0.64333,42.939,-1.287,-1,375.000,-1,375.000,-1,300.000,325.000,300.000,325.000,-1,425.000,375.000,-1,700.000,725.000,-1,-1,2,0,2,0,2,0,0,0,0,2,0,0,2,0,0,2,2
122,1138.773,-2553.795,112.278,-157.069,-0.921698,0.387631,0.014672,-0.383496,-0.916249,0.115834,0.058345,0.101137,0.993160,0,0.71564,-0.76333,42.939,-1.527,-1,375.000,-1,375.000,-1,300.000,325.000,300.000,325.000,-1,450.000,400.000,-1,700.000,750.000,-1,-1,2,0,2,0,2,0,0,0,0,2,0,0,2,0,0,2,2
123,1098.730,-2569.302,114.638,-158.835,-0.933169,0.359099,0.015597,-0.354959,-0.927503,0.117229,0.056563,0.103858,0.992982,0,0.71564,-0.88333,42.939,-1.767,-1,375.000,-1,400.000,-1,300.000,325.000,300.000,325.000,-1,475.000,425.000,-1,700.000,750.000,-1,-1,2,0,2,0,2,0,0,0,0,2,0,0,2,0,0,2,2
124,1058.170,-2583.402,116.871,-160.835,-0.945085,0.326410,0.016468,-0.322304,-0.939180,0.118580,0.054172,0.106760,0.992808,0,0.71564,-1.00000,42.939,-2.000,-1,375.000,-1,400.000,-1,300.000,325.000,300.000,325.000,-1,500.000,450.000,-1,700.000,750.000,-1,-1,2,0,2,0,2,0,0,0,0,2,0,0,2,0,0,2,2
125,1017.142,-2596.078,118.977,-162.835,-0.955851,0.293343,0.017288,-0.289288,-0.949705,0.119890,0.051587,0.109596,0.992637,0,0.71564,-1.00000,42.939,-2.000,-1,375.000,-1,400.000,-1,325.000,325.000,300.000,300.000,-1,525.000,475.000,-1,725.000,750.000,-1,-1,2,0,2,0,2,0,0,0,0,2,0,0,2,0,0,2,2
126,975.697,-2607.315,120.949,-164.835,-0.965456,0.259939,0.018055,-0.255953,-0.959066,0.121161,0.048811,0.112354,0.992469,0,0.71564,-1.00000,42.939,-2.000,-1,375.000,-1,400.000,-1,325.000,325.000,300.000,300.000,-1,575.000,500.000,-1,725.000,775.000,-1,-1,2,0,2,0,2,0,0,0,0,2,0,0,2,0,0,2,2
127,933.884,-2617.098,122.807,-166.835,-0.973891,0.226243,0.018720,-0.222353,-0.967267,0.122288,0.045774,0.114933,0.992318,0,0.71564,-1.00000,42.939,-2.000,-1,375.000,-1,400.000,-1,325.000,325.000,300.000,300.000,-1,600.000,525.000,-1,725.000,775.000,-1,-1,2,0,2,0,2,0,0,0,0,2,0,0,2,0,0,2,2
128,891.756,-2625.416,124.538,-168.835,-0.981148,0.192293,0.019286,-0.188527,-0.974296,0.123307,0.042501,0.117347,0.992181,0,0.71564,-1.00000,42.939,-2.000,-1,375.000,-1,400.000,-1,325.000,325.000,300.000,300.000,-1,650.000,575.000,-1,750.000,775.000,-1,-1,2,0,2,0,2,0,0,0,0,2,0,0,2,0,0,2,2
129,849.363,-2632.258,126.115,-170.835,-0.987220,0.158130,0.019801,-0.154502,-0.980140,0.124320,0.039066,0.119672,0.992045,0,0.71564,-1.00000,42.939,-2.000,-1,375.000,-1,400.000,-1,325.000,325.000,300.000,300.000,-1,700.000,600.000,-1,750.000,775.000,-1,-1,2,0,2,0,2,0,0,0,0,2,0,0,2,0,0,2,2
130,806.756,-2637.616,127.530,-172.835,-0.992101,0.123793,0.020266,-0.120321,-0.984793,0.125321,0.035472,0.121892,0.991909,0,0.71564,-1.00000,42.939,-2.000,-1,375.000,-1,400.000,-1,325.000,325.000,300.000,300.000,-1,775.000,650.000,-1,750.000,775.000,-1,-1,2,0,2,0,2,0,0,0,0,2,0,0,2,0,0,2,2
131,763.989,-2641.484,128.777,-174.835,-0.995788,0.089325,0.020688,-0.086025,-0.988253,0.126313,0.031728,0.124001,0.991775,0,0.71564,-1.00000,42.939,-2.000,-1,400.000,-1,400.000,-1,325.000,325.000,300.000,300.000,-1,850.000,700.000,-1,750.000,800.000,-1,-1,2,0,2,0,2,0,0,0,0,2,0,0,2,0,0,2,2
132,721.112,-2643.857,129.850,-176.835,-0.998277,0.054768,0.021071,-0.051655,-0.990519,0.127297,0.027843,0.125989,0.991641,0,0.71564,-1.00000,42.939,-2.000,-1,400.000,-1,400.000,-1,325.000,325.000,300.000,300.000,-1,925.000,750.000,-1,750.000,800.000,-1,-1,2,0,2,0,2,0,0,0,0,2,0,0,2,0,0,2,2
133,673.385,-2645.029,130.869,-178.595,-0.999474,0.024314,0.021478,-0.021361,-0.991492,0.128401,0.024417,0.127874,0.991490,0,0.79564,-0.88000,47.739,-1.760,-1,400.000,-1,400.000,-1,325.000,325.000,300.000,300.000,-1,-1,800.000,-1,775.000,800.000,-1,-1,2,0,2,0,2,0,0,0,0,2,2,0,2,0,0,2,2
