timestep,x_cm,y_cm,z_cm,yaw_deg,basis_xx,basis_xy,basis_xz,basis_yx,basis_yy,basis_yz,basis_zx,basis_zy,basis_zz,teleport_flag,throttle_cmd,steering_cmd,cmd_move_cm,cmd_turn_deg,lidar_cm_0,lidar_cm_1,lidar_cm_2,lidar_cm_3,lidar_cm_4,lidar_cm_5,lidar_cm_6,lidar_cm_7,lidar_cm_8,lidar_cm_9,lidar_cm_10,lidar_cm_11,lidar_cm_12,lidar_cm_13,lidar_cm_14,lidar_cm_15,lidar_cm_16,lidar_class_0,lidar_class_1,lidar_class_2,lidar_class_3,lidar_class_4,lidar_class_5,lidar_class_6,lidar_class_7,lidar_class_8,lidar_class_9,lidar_class_10,lidar_class_11,lidar_class_12,lidar_class_13,lidar_class_14,lidar_class_15,lidar_class_16
0,3498.396,7965.921,-313.856,-3.985,0.997467,0.068768,0.018189,-0.069481,0.996698,0.042021,-0.015239,-0.043179,0.998951,0,0.35968,-0.67675,0.635,0.001,-1,551.605,-1,570.892,-1,462.572,466.220,685.937,600.515,-1,-1,-1,-1,-1,-1,-1,-1,2,0,2,0,2,0,0,0,0,2,2,2,2,2,2,2,2
1,3499.129,7965.456,-311.365,-3.977,0.997483,0.068739,0.017386,-0.069340,0.996916,0.036736,-0.014807,-0.037849,0.999174,0,0.35968,-0.67675,0.869,0.008,-1,561.600,-1,574.640,-1,469.111,471.151,712.084,595.260,-1,-1,-1,-1,-1,-1,-1,-1,2,0,2,0,2,0,0,0,0,2,2,2,2,2,2,2,2
2,3500.070,7965.031,-309.971,-3.975,0.997485,0.068792,0.017073,-0.069322,0.997059,0.032690,-0.014774,-0.033792,0.999320,0,0.35968,-0.67675,1.032,0.001,-1,567.393,-1,575.478,-1,472.549,473.355,730.636,589.832,-1,-1,-1,-1,-1,-1,-1,-1,2,0,2,0,2,0,0,0,0,2,2,2,2,2,2,2,2
3,3501.319,7964.590,-309.657,-3.994,0.997462,0.069150,0.016962,-0.069640,0.997114,0.030217,-0.014823,-0.031321,0.999399,0,0.35968,-0.67675,1.325,-0.018,-1,569.346,-1,574.366,-1,473.327,473.382,739.891,584.991,-1,-1,-1,-1,-1,-1,-1,-1,2,0,2,0,2,0,0,0,0,2,2,2,2,2,2,2,2
4,3502.906,7964.167,-310.379,-4.027,0.997418,0.069728,0.017200,-0.070213,0.997097,0.029444,-0.015097,-0.030575,0.999418,0,0.35968,-0.67675,1.643,-0.033,-1,567.169,-1,571.210,-1,471.298,471.126,739.121,581.124,-1,-1,-1,-1,-1,-1,-1,-1,2,0,2,0,2,0,0,0,0,2,2,2,2,2,2,2,2
5,3504.848,7963.775,-312.072,-4.076,0.997345,0.070534,0.018098,-0.071067,0.996998,0.030725,-0.015877,-0.031930,0.999364,0,0.35968,-0.67675,1.981,-0.049,-1,560.239,-1,565.823,-1,466.109,466.348,727.176,579.195,-1,-1,-1,-1,-1,999.243,-1,-1,2,0,2,0,2,0,0,0,0,2,2,2,2,2,0,2,2
6,3507.164,7963.434,-314.593,-4.141,0.997244,0.071567,0.019538,-0.072205,0.996804,0.034188,-0.017029,-0.035505,0.999224,0,0.35968,-0.67675,2.341,-0.065,-1,549.184,-1,558.947,-1,458.267,459.594,704.622,579.927,-1,-1,-1,-1,-1,987.268,-1,-1,2,0,2,0,2,0,0,0,0,2,2,2,2,2,0,2,2
7,3510.035,7963.129,-317.397,-4.213,0.997168,0.072760,0.019044,-0.073463,0.996523,0.039312,-0.016117,-0.040600,0.999045,0,0.35968,-0.67675,2.888,-0.072,-1,540.518,-1,556.664,-1,452.686,455.609,676.815,583.691,-1,-1,-1,-1,855.894,988.661,-1,-1,2,0,2,0,2,0,0,0,0,2,2,2,2,0,0,2,2
8,3513.379,7962.761,-319.787,-4.300,0.997084,0.074265,0.017543,-0.074979,0.996197,0.044376,-0.014181,-0.045562,0.998861,0,0.35968,-0.67675,3.364,-0.087,-1,534.815,-1,557.512,-1,449.442,453.960,651.081,588.567,-1,-1,-1,-1,832.083,997.800,-1,-1,2,0,2,0,2,0,0,0,0,2,2,2,2,0,0,2,2
9,3517.093,7962.233,-321.324,-4.402,0.996975,0.076056,0.015991,-0.076745,0.995889,0.048108,-0.012267,-0.049189,0.998714,0,0.35968,-0.67675,3.751,-0.101,-1,531.822,-1,559.656,-1,448.059,453.788,633.536,592.938,-1,-1,-1,-1,828.301,-1,-1,-1,2,0,2,0,2,0,0,0,0,2,2,2,2,0,2,2,2
10,3520.986,7961.358,-321.851,-4.557,0.996779,0.078774,0.015074,-0.079440,0.995565,0.050404,-0.011036,-0.051439,0.998615,0,0.35968,-0.67675,3.990,-0.155,-1,530.623,-1,562.056,-1,447.857,454.386,623.614,596.987,-1,-1,-1,-1,826.520,-1,-1,-1,2,0,2,0,2,0,0,0,0,2,2,2,2,0,2,2,2
11,3524.839,7960.000,-321.467,-4.801,0.996432,0.083003,0.015305,-0.083687,0.995169,0.051331,-0.010971,-0.052429,0.998564,0,0.35968,-0.67675,4.085,-0.244,-1,529.959,-1,563.443,-1,447.865,454.830,619.890,600.539,-1,-1,-1,-1,824.966,-1,-1,-1,2,0,2,0,2,0,0,0,0,2,2,2,2,0,2,2,2
12,3528.839,7958.355,-320.492,-5.074,0.996017,0.087745,0.015809,-0.088439,0.994803,0.050456,-0.011300,-0.051653,0.998601,0,0.35968,-0.67675,4.325,-0.273,-1,531.012,-1,564.294,-1,448.714,455.630,622.678,601.453,-1,-1,-1,-1,826.342,-1,-1,-1,2,0,2,0,2,0,0,0,0,2,2,2,2,0,2,2,2
13,3533.155,7956.577,-319.291,-5.337,0.995602,0.092355,0.015753,-0.093015,0.994496,0.048223,-0.011213,-0.049476,0.998712,0,0.35968,-0.67675,4.669,-0.263,-1,534.206,-1,565.651,-1,450.846,457.299,630.313,599.651,-1,-1,-1,-1,835.252,-1,-1,-1,2,0,2,0,2,0,0,0,0,2,2,2,2,0,2,2,2
14,3537.785,7954.637,-318.158,-5.611,0.995154,0.097176,0.014999,-0.097769,0.994157,0.045760,-0.010465,-0.047005,0.998840,0,0.35968,-0.67675,5.020,-0.274,-1,538.629,-1,568.034,-1,453.916,459.769,638.548,597.026,-1,-1,-1,-1,-1,-1,-1,-1,2,0,2,0,2,0,0,0,0,2,2,2,2,2,2,2,2
15,3542.629,7952.523,-317.321,-5.910,0.994641,0.102448,0.013951,-0.102967,0.993724,0.043704,-0.009386,-0.044907,0.998947,0,0.26269,-0.83273,5.285,-0.299,-1,542.721,-1,570.582,-1,456.811,462.151,644.489,594.463,-1,-1,-1,-1,-1,-1,-1,-1,2,0,2,0,2,0,0,0,0,2,2,2,2,2,2,2,2
16,3547.602,7950.281,-316.894,-6.233,0.994053,0.108114,0.013009,-0.108574,0.993190,0.042248,-0.008353,-0.043410,0.999022,0,0.26269,-0.83273,5.455,-0.323,-1,545.318,-1,572.341,-1,458.647,463.660,646.978,592.113,-1,-1,-1,-1,-1,-1,-1,-1,2,0,2,0,2,0,0,0,0,2,2,2,2,2,2,2,2
17,3552.648,7947.908,-316.864,-6.578,0.993390,0.114146,0.012159,-0.114557,0.992553,0.041426,-0.007340,-0.042545,0.999068,0,0.26269,-0.83273,5.576,-0.345,-1,546.479,-1,573.433,-1,459.490,464.376,645.942,590.081,-1,-1,-1,-1,-1,-1,-1,-1,2,0,2,0,2,0,0,0,0,2,2,2,2,2,2,2,2
18,3557.759,7945.433,-317.145,-6.939,0.992656,0.120444,0.011260,-0.120808,0.991829,0.040995,-0.006230,-0.042054,0.999096,0,0.26269,-0.83273,5.679,-0.361,-1,546.805,-1,574.165,-1,459.746,464.625,642.516,588.008,-1,-1,-1,-1,-1,-1,-1,-1,2,0,2,0,2,0,0,0,0,2,2,2,2,2,2,2,2
19,3562.966,7942.869,-317.637,-7.311,0.991857,0.126938,0.010346,-0.127258,0.991025,0.040917,-0.005059,-0.041901,0.999109,0,0.26269,-0.83273,5.803,-0.372,-1,546.491,-1,574.701,-1,459.575,464.547,637.863,586.110,-1,-1,-1,-1,-1,-1,-1,-1,2,0,2,0,2,0,0,0,0,2,2,2,2,2,2,2,2
20,3568.178,7940.187,-318.187,-7.701,0.990973,0.133720,0.009615,-0.134005,0.990122,0.041233,-0.004007,-0.042149,0.999103,0,0.26269,-0.83273,5.862,-0.390,-1,545.628,-1,575.112,-1,459.012,464.198,631.824,584.959,-1,-1,-1,-1,-1,-1,-1,-1,2,0,2,0,2,0,0,0,0,2,2,2,2,2,2,2,2
21,3573.305,7937.375,-318.660,-8.112,0.989990,0.140850,0.009013,-0.141105,0.989120,0.041595,-0.003056,-0.042450,0.999094,0,0.26269,-0.83273,5.847,-0.411,-1,544.763,-1,575.553,-1,458.431,463.851,625.798,584.131,-1,-1,-1,-1,998.359,-1,-1,-1,2,0,2,0,2,0,0,0,0,2,2,2,2,0,2,2,2
22,3578.440,7934.586,-318.975,-8.508,0.988993,0.147723,0.008376,-0.147944,0.988139,0.041149,-0.002198,-0.041935,0.999118,0,0.26269,-0.83273,5.843,-0.396,-1,544.633,-1,575.637,-1,458.154,463.663,622.700,581.852,-1,-1,-1,-1,949.896,-1,-1,-1,2,0,2,0,2,0,0,0,0,2,2,2,2,0,2,2,2
23,3583.714,7931.897,-319.117,-8.863,0.988059,0.153895,0.007519,-0.154074,0.987242,0.040169,-0.001241,-0.040848,0.999165,0,0.26269,-0.83273,5.920,-0.355,-1,545.536,-1,576.029,-1,458.539,463.934,621.763,578.808,-1,-1,-1,-1,910.733,-1,-1,-1,2,0,2,0,2,0,0,0,0,2,2,2,2,0,2,2,2
24,3589.141,7929.232,-319.094,-9.208,0.987114,0.159887,0.006489,-0.160018,0.986319,0.039613,-0.000067,-0.040141,0.999194,0,0.26269,-0.83273,6.047,-0.345,-1,547.058,-1,578.054,-1,459.540,464.978,620.104,577.203,-1,-1,-1,-1,897.358,-1,-1,-1,2,0,2,0,2,0,0,0,0,2,2,2,2,0,2,2,2
25,3594.650,7926.521,-318.947,-9.564,0.986099,0.166069,0.005513,-0.166156,0.985294,0.039839,0.001184,-0.040201,0.999191,0,0.26269,-0.83273,6.139,-0.356,-1,548.546,-1,581.189,-1,460.790,466.534,616.762,577.761,-1,-1,-1,-1,901.745,-1,-1,-1,2,0,2,0,2,0,0,0,0,2,2,2,2,0,2,2,2
26,3600.213,7923.741,-318.759,-9.934,0.985006,0.172461,0.004593,-0.172505,0.984176,0.040500,0.002465,-0.040685,0.999169,0,0.26269,-0.83273,6.219,-0.369,-1,549.817,-1,584.859,-1,462.097,468.224,612.873,579.430,-1,-1,-1,-1,905.927,-1,-1,-1,2,0,2,0,2,0,0,0,0,2,2,2,2,0,2,2,2
27,3605.806,7920.838,-318.638,-10.323,0.983808,0.179187,0.003848,-0.179191,0.982943,0.041400,0.003636,-0.041420,0.999135,0,0.26269,-0.83273,6.301,-0.389,-1,550.514,-1,588.322,-1,463.031,469.625,607.984,581.465,-1,-1,-1,-1,909.252,-1,-1,-1,2,0,2,0,2,0,0,0,0,2,2,2,2,0,2,2,2
28,3611.524,7917.888,-318.668,-10.706,0.982582,0.185802,0.003048,-0.185765,0.981698,0.041951,0.004803,-0.041787,0.999115,0,0.26269,-0.83273,6.435,-0.383,-1,551.226,-1,590.963,-1,463.688,470.628,603.474,582.196,-1,-1,-1,-1,912.510,-1,-1,-1,2,0,2,0,2,0,0,0,0,2,2,2,2,0,2,2,2
29,3617.463,7915.007,-318.798,-11.048,0.981449,0.191710,0.002027,-0.191627,0.980583,0.041661,0.005999,-0.041277,0.999130,0,0.26269,-0.83273,6.601,-0.342,-1,552.333,-1,592.563,-1,464.334,471.323,600.967,580.601,-1,-1,-1,-1,917.040,-1,-1,-1,2,0,2,0,2,0,0,0,0,2,2,2,2,0,2,2,2
30,3623.286,7911.935,-318.933,-11.421,0.980176,0.198124,0.001567,-0.198016,0.979315,0.041606,0.006709,-0.041091,0.999133,0,0.26269,-0.83273,6.584,-0.373,-1,552.128,-1,593.298,-1,464.122,471.260,597.332,579.666,-1,-1,-1,-1,923.361,-1,-1,-1,2,0,2,0,2,0,0,0,0,2,2,2,2,0,2,2,2
31,3629.014,7908.692,-319.045,-11.824,0.978756,0.205023,0.001172,-0.204894,0.977904,0.041504,0.007363,-0.040862,0.999138,0,0.26269,-0.83273,6.582,-0.402,-1,551.865,-1,593.977,-1,463.889,471.246,593.728,578.667,-1,-1,-1,-1,930.004,-1,-1,-1,2,0,2,0,2,0,0,0,0,2,2,2,2,0,2,2,2
32,3634.797,7905.353,-319.130,-12.225,0.977291,0.211900,0.000495,-0.211740,0.976458,0.041183,0.008243,-0.040353,0.999151,0,0.26269,-0.83273,6.678,-0.401,-1,552.306,-1,595.055,-1,464.235,471.619,591.579,577.124,-1,-1,-1,-1,938.406,-1,-1,-1,2,0,2,0,2,0,0,0,0,2,2,2,2,0,2,2,2
33,3640.768,7902.089,-319.178,-12.596,0.975889,0.218268,-0.000368,-0.218074,0.975089,0.040555,0.009211,-0.039497,0.999177,0,0.26269,-0.83273,6.805,-0.372,-1,553.265,-1,596.143,-1,464.870,472.163,590.687,574.933,-1,-1,-1,-1,947.109,-1,-1,-1,2,0,2,0,2,0,0,0,0,2,2,2,2,0,2,2,2
34,3646.773,7898.837,-319.108,-12.965,0.974460,0.224559,-0.000862,-0.224345,0.973687,0.040027,0.009827,-0.038811,0.999198,0,0.26269,-0.83273,6.829,-0.369,-1,553.699,-1,596.855,-1,465.168,472.514,589.512,573.459,-1,-1,-1,-1,954.506,-1,-1,-1,2,0,2,0,2,0,0,0,0,2,2,2,2,0,2,2,2
35,3652.630,7895.469,-318.891,-13.362,0.972884,0.231294,-0.000662,-0.231086,0.972122,0.039717,0.009830,-0.038487,0.999211,0,0.26269,-0.83273,6.756,-0.397,-1,553.082,-1,596.835,-1,464.722,472.275,587.420,573.157,-1,-1,-1,-1,959.007,-1,-1,-1,2,0,2,0,2,0,0,0,0,2,2,2,2,0,2,2,2
36,3658.497,7892.017,-318.631,-13.762,0.971244,0.238087,-0.000540,-0.237881,0.970493,0.039438,0.009913,-0.038175,0.999222,0,0.26269,-0.83273,6.808,-0.400,-1,552.840,-1,597.231,-1,464.498,472.269,585.402,573.020,-1,-1,-1,-1,959.746,-1,-1,-1,2,0,2,0,2,0,0,0,0,2,2,2,2,0,2,2,2
37,3664.394,7888.462,-318.405,-14.170,0.969521,0.245006,-0.000779,-0.244788,0.968783,0.039233,0.010367,-0.037846,0.999230,0,0.26269,-0.83273,6.885,-0.408,-1,553.283,-1,598.633,-1,464.794,472.797,583.282,572.781,-1,-1,-1,-1,962.335,-1,-1,-1,2,0,2,0,2,0,0,0,0,2,2,2,2,0,2,2,2
38,3670.299,7884.749,-318.256,-14.603,0.967635,0.252350,-0.001378,-0.252103,0.966902,0.039288,0.011246,-0.037669,0.999227,0,0.28938,-0.60498,6.976,-0.433,-1,554.295,-1,600.756,-1,465.527,473.889,580.545,572.699,-1,-1,-1,-1,966.621,-1,-1,-1,2,0,2,0,2,0,0,0,0,2,2,2,2,0,2,2,2
39,3676.243,7880.878,-318.200,-15.047,0.965636,0.259888,-0.002445,-0.259594,0.964912,0.039432,0.012607,-0.037443,0.999219,0,0.28938,-0.60498,7.093,-0.444,-1,556.096,-1,603.777,-1,466.852,475.573,578.246,572.276,-1,-1,-1,-1,973.870,-1,-1,-1,2,0,2,0,2,0,0,0,0,2,2,2,2,0,2,2,2
40,3682.217,7876.893,-318.210,-15.494,0.963561,0.267460,-0.003962,-0.267106,0.962867,0.039259,0.014315,-0.036770,0.999221,0,0.28938,-0.60498,7.181,-0.447,-1,558.758,-1,607.238,-1,468.811,477.638,576.828,570.674,-1,-1,-1,-1,984.970,-1,-1,-1,2,0,2,0,2,0,0,0,0,2,2,2,2,0,2,2,2
41,3688.234,7872.798,-318.290,-15.940,0.961427,0.275007,-0.005497,-0.274596,0.960770,0.038967,0.015997,-0.035954,0.999225,0,0.28938,-0.60498,7.278,-0.446,-1,561.298,-1,610.356,-1,470.606,479.492,575.502,568.545,-1,-1,-1,-1,996.090,-1,-1,-1,2,0,2,0,2,0,0,0,0,2,2,2,2,0,2,2,2
42,3694.380,7868.727,-318.396,-16.353,0.959395,0.281975,-0.007187,-0.281512,0.958796,0.038229,0.017670,-0.034653,0.999243,0,0.28938,-0.60498,7.372,-0.413,-1,564.121,-1,612.961,-1,472.390,481.195,575.367,565.274,-1,-1,-1,-1,1007.600,-1,-1,-1,2,0,2,0,2,0,0,0,0,2,2,2,2,0,2,2,2
43,3700.578,7864.625,-318.482,-16.763,0.957338,0.288847,-0.008444,-0.288356,0.956800,0.037215,0.018828,-0.033192,0.999272,0,0.28938,-0.60498,7.432,-0.410,-1,566.015,-1,614.217,-1,473.365,482.039,575.626,561.668,-1,-1,-1,-1,-1,-1,-1,-1,2,0,2,0,2,0,0,0,0,2,2,2,2,2,2,2,2
44,3706.765,7860.410,-318.518,-17.195,0.955126,0.296061,-0.009029,-0.295562,0.954629,0.036426,0.019403,-0.032123,0.999296,0,0.28938,-0.60498,7.487,-0.432,-1,566.501,-1,614.507,-1,473.400,482.063,574.839,559.021,-1,-1,-1,-1,-1,-1,-1,-1,2,0,2,0,2,0,0,0,0,2,2,2,2,2,2,2,2
45,3714.306,7855.328,-318.469,-17.701,0.952466,0.304495,-0.009554,-0.303995,0.952013,0.035469,0.019896,-0.030878,0.999325,0,0.28938,-0.60498,9.094,-0.507,-1,566.880,-1,614.416,-1,473.312,481.965,574.092,556.210,-1,-1,-1,-1,-1,-1,-1,-1,2,0,2,0,2,0,0,0,0,2,2,2,2,2,2,2,2
46,3719.370,7851.919,-318.340,-18.037,0.950666,0.310064,-0.009686,-0.309568,0.950236,0.034899,0.020025,-0.030179,0.999344,0,0.28938,-0.60498,6.104,-0.336,-1,566.863,-1,614.139,-1,473.109,481.898,573.508,554.888,-1,-1,-1,-1,-1,-1,-1,-1,2,0,2,0,2,0,0,0,0,2,2,2,2,2,2,2,2
47,3725.775,7847.610,-318.131,-18.456,0.948374,0.317003,-0.009743,-0.316509,0.947959,0.034585,0.020199,-0.029716,0.999354,0,0.28938,-0.60498,7.720,-0.419,-1,566.717,-1,614.330,-1,473.034,482.288,571.888,554.287,-1,-1,-1,-1,-1,-1,-1,-1,2,0,2,0,2,0,0,0,0,2,2,2,2,2,2,2,2
48,3732.277,7843.279,-317.871,-18.865,0.946080,0.323773,-0.010151,-0.323266,0.945680,0.034459,0.020757,-0.029319,0.999355,0,0.28938,-0.60498,7.812,-0.409,-1,567.571,-1,615.849,-1,473.730,483.295,570.305,554.033,-1,-1,-1,-1,-1,-1,-1,-1,2,0,2,0,2,0,0,0,0,2,2,2,2,2,2,2,2
49,3738.650,7838.752,-317.615,-19.314,0.943507,0.331196,-0.010176,-0.330672,0.943093,0.035107,0.021224,-0.029758,0.999332,0,0.28938,-0.60498,7.817,-0.449,-1,567.802,-1,617.894,-1,474.140,484.336,566.480,555.561,-1,-1,-1,-1,-1,-1,-1,-1,2,0,2,0,2,0,0,0,0,2,2,2,2,2,2,2,2
50,3744.883,7834.078,-317.418,-19.790,0.940720,0.339030,-0.010198,-0.338490,0.940295,0.035628,0.021668,-0.030064,0.999313,0,0.28938,-0.60498,7.791,-0.476,-1,567.917,-1,619.689,-1,474.479,485.260,562.702,556.606,-1,-1,-1,-1,-1,-1,-1,-1,2,0,2,0,2,0,0,0,0,2,2,2,2,2,2,2,2
51,3751.005,7829.289,-317.250,-20.287,0.937740,0.347182,-0.010376,-0.346636,0.937326,0.035547,0.022067,-0.029737,0.999314,0,0.28938,-0.60498,7.773,-0.497,-1,568.292,-1,620.850,-1,474.787,485.951,560.956,556.162,-1,-1,-1,-1,-1,-1,-1,-1,2,0,2,0,2,0,0,0,0,2,2,2,2,2,2,2,2
52,3757.053,7824.407,-317.062,-20.786,0.934681,0.355332,-0.010542,-0.354795,0.934298,0.034745,0.022195,-0.028735,0.999341,0,0.28938,-0.60498,7.773,-0.499,-1,568.532,-1,620.876,-1,474.797,486.103,560.852,554.260,-1,-1,-1,-1,-1,-1,-1,-1,2,0,2,0,2,0,0,0,0,2,2,2,2,2,2,2,2
53,3763.166,7819.473,-316.859,-21.259,0.931714,0.363020,-0.011188,-0.362488,0.931383,0.033592,0.022615,-0.027243,0.999373,0,0.28938,-0.60498,7.855,-0.473,-1,569.737,-1,621.239,-1,475.426,486.702,562.043,551.393,-1,-1,-1,-1,-1,-1,-1,-1,2,0,2,0,2,0,0,0,0,2,2,2,2,2,2,2,2
54,3769.341,7814.491,-316.650,-21.717,0.928773,0.370451,-0.012140,-0.369917,0.928498,0.032452,0.023294,-0.025649,0.999400,0,0.28938,-0.60498,7.934,-0.458,-1,571.629,-1,621.853,-1,476.540,487.746,563.447,548.386,-1,-1,-1,-1,-1,-1,-1,-1,2,0,2,0,2,0,0,0,0,2,2,2,2,2,2,2,2
55,3775.522,7809.453,-316.461,-22.177,0.925758,0.377890,-0.013056,-0.377360,0.925539,0.031271,0.023901,-0.024022,0.999426,0,0.28938,-0.60498,7.974,-0.460,-1,573.566,-1,622.184,-1,477.503,488.536,564.285,545.308,-1,-1,-1,-1,-1,-1,-1,-1,2,0,2,0,2,0,0,0,0,2,2,2,2,2,2,2,2
56,3781.561,7804.288,-316.271,-22.674,0.922444,0.385890,-0.013644,-0.385370,0.922268,0.030199,0.024237,-0.022599,0.999451,0,0.28938,-0.60498,7.947,-0.497,-1,574.748,-1,622.110,-1,477.976,488.800,564.491,542.637,-1,-1,-1,-1,-1,-1,-1,-1,2,0,2,0,2,0,0,0,0,2,2,2,2,2,2,2,2
57,3787.549,7798.993,-316.138,-23.189,0.918937,0.394153,-0.014053,-0.393641,0.918793,0.029420,0.024508,-0.021504,0.999468,0,0.28938,-0.60498,7.994,-0.515,-1,575.393,-1,622.019,-1,478.154,489.001,563.957,540.497,-1,-1,-1,-1,-1,-1,-1,-1,2,0,2,0,2,0,0,0,0,2,2,2,2,2,2,2,2
58,3793.546,7793.605,-316.053,-23.700,0.915372,0.402341,-0.014653,-0.401828,0.915258,0.028932,0.025052,-0.020595,0.999474,0,0.28938,-0.60498,8.062,-0.512,-1,576.407,-1,622.897,-1,478.669,489.821,562.850,538.665,-1,-1,-1,-1,-1,-1,-1,-1,2,0,2,0,2,0,0,0,0,2,2,2,2,2,2,2,2
59,3799.574,7788.126,-315.987,-24.210,0.911745,0.410467,-0.015454,-0.409945,0.911662,0.028611,0.025832,-0.019751,0.999471,0,0.28938,-0.60498,8.145,-0.510,-1,577.859,-1,624.385,-1,479.587,491.030,561.513,536.955,-1,-1,-1,-1,-1,-1,-1,-1,2,0,2,0,2,0,0,0,0,2,2,2,2,2,2,2,2
60,3805.576,7782.579,-315.884,-24.730,0.907969,0.418730,-0.016047,-0.418202,0.907911,0.028381,0.026454,-0.019058,0.999468,0,0.28938,-0.60498,8.173,-0.520,-1,578.975,-1,625.744,-1,480.643,492.089,559.782,535.649,-1,-1,-1,-1,-1,-1,-1,-1,2,0,2,0,2,0,0,0,0,2,2,2,2,2,2,2,2
61,3811.521,7776.946,-315.724,-25.261,0.904051,0.427117,-0.016237,-0.426585,0.904002,0.028378,0.026799,-0.018728,0.999465,0,0.28938,-0.60498,8.189,-0.530,-1,579.573,-1,626.915,-1,481.163,492.879,557.295,535.229,-1,-1,-1,-1,-1,-1,-1,-1,2,0,2,0,2,0,0,0,0,2,2,2,2,2,2,2,2
62,3817.546,7771.200,-315.559,-25.787,0.900081,0.435414,-0.016397,-0.434870,0.900036,0.028691,0.027251,-0.018694,0.999454,0,0.41735,-0.61222,8.326,-0.527,-1,580.085,-1,628.523,-1,481.728,493.922,554.325,535.462,-1,-1,-1,-1,-1,-1,-1,-1,2,0,2,0,2,0,0,0,0,2,2,2,2,2,2,2,2
63,3823.719,7765.290,-315.334,-26.298,0.896138,0.443440,-0.017256,-0.442869,0.896116,0.029041,0.028341,-0.018382,0.999429,0,0.41735,-0.61222,8.546,-0.511,-1,582.468,-1,631.294,-1,483.575,495.917,552.363,535.369,-1,-1,-1,-1,-1,-1,-1,-1,2,0,2,0,2,0,0,0,0,2,2,2,2,2,2,2,2
64,3829.974,7759.255,-315.051,-26.813,0.892100,0.451474,-0.018146,-0.450890,0.892110,0.028944,0.029256,-0.017639,0.999416,0,0.41735,-0.61222,8.691,-0.515,-1,584.921,-1,633.476,-1,485.325,497.581,551.046,534.495,-1,-1,-1,-1,-1,-1,-1,-1,2,0,2,0,2,0,0,0,0,2,2,2,2,2,2,2,2
65,3836.410,7753.132,-314.765,-27.302,0.888205,0.459053,-0.019008,-0.458476,0.888258,0.028256,0.029855,-0.016382,0.999420,0,0.41735,-0.61222,8.884,-0.489,-1,587.025,-1,634.419,-1,486.648,498.577,549.582,532.555,-1,-1,-1,-1,-1,-1,-1,-1,2,0,2,0,2,0,0,0,0,2,2,2,2,2,2,2,2
66,3842.904,7746.851,-314.487,-27.804,0.884144,0.466806,-0.019541,-0.466243,0.884229,0.027509,0.030120,-0.015211,0.999431,0,0.41735,-0.61222,9.034,-0.502,-1,588.306,-1,634.612,-1,487.379,498.992,547.770,530.735,-1,-1,-1,-1,-1,-1,-1,-1,2,0,2,0,2,0,0,0,0,2,2,2,2,2,2,2,2
67,3849.324,7740.359,-314.211,-28.345,0.879710,0.475106,-0.019622,-0.474560,0.879811,0.026951,0.030068,-0.014397,0.999444,0,0.41735,-0.61222,9.130,-0.540,-1,588.628,-1,634.695,-1,487.490,499.185,546.180,529.586,-1,-1,-1,-1,-1,-1,-1,-1,2,0,2,0,2,0,0,0,0,2,2,2,2,2,2,2,2
68,3855.778,7733.714,-313.945,-28.897,0.875101,0.483538,-0.019748,-0.483021,0.875225,0.025933,0.029824,-0.013155,0.999469,0,0.41735,-0.61222,9.264,-0.552,-1,588.778,-1,633.995,-1,487.131,498.995,546.684,527.518,-1,-1,-1,-1,-1,-1,-1,-1,2,0,2,0,2,0,0,0,0,2,2,2,2,2,2,2,2
69,3862.238,7726.884,-313.690,-29.462,0.870302,0.492113,-0.019990,-0.491629,0.870452,0.024776,0.029593,-0.011735,0.999493,0,0.41735,-0.61222,9.401,-0.565,-1,589.035,-1,633.197,-1,487.041,498.792,547.488,525.065,-1,-1,-1,-1,-1,-1,-1,-1,2,0,2,0,2,0,0,0,0,2,2,2,2,2,2,2,2
70,3868.585,7719.849,-313.425,-30.048,0.865233,0.500958,-0.020338,-0.500501,0.865410,0.023764,0.029505,-0.010382,0.999511,0,0.41735,-0.61222,9.475,-0.586,-1,589.568,-1,632.930,-1,487.240,498.810,547.794,522.791,-1,-1,-1,-1,-1,-1,-1,-1,2,0,2,0,2,0,0,0,0,2,2,2,2,2,2,2,2
71,3874.835,7712.592,-313.185,-30.661,0.859826,0.510169,-0.020667,-0.509727,0.860022,0.023267,0.029644,-0.009471,0.999516,0,0.41735,-0.61222,9.578,-0.613,-1,590.248,-1,633.388,-1,487.737,499.087,546.335,521.349,-1,-1,-1,-1,-1,-1,-1,997.296,2,0,2,0,2,0,0,0,0,2,2,2,2,2,2,2,1
72,3881.157,7705.181,-312.976,-31.280,0.854248,0.519417,-0.021597,-0.518989,0.854483,0.022556,0.030170,-0.008060,0.999512,0,0.41735,-0.61222,9.742,-0.620,-1,591.954,-1,634.202,-1,488.938,499.887,545.959,518.885,-1,-1,-1,-1,-1,-1,-1,955.808,2,0,2,0,2,0,0,0,0,2,2,2,2,2,2,2,1
73,3887.514,7697.544,-312.837,-31.897,0.848590,0.528563,-0.022706,-0.528145,0.848867,0.022084,0.030947,-0.006748,0.999498,0,0.41735,-0.61222,9.936,-0.617,-1,593.956,-1,635.511,-1,490.413,500.989,545.189,516.466,-1,-1,-1,-1,-1,-1,-1,922.498,2,0,2,0,2,0,0,0,0,2,2,2,2,2,2,2,1
74,3893.933,7689.712,-312.782,-32.522,0.842767,0.537763,-0.023568,-0.537350,0.843077,0.021843,0.031616,-0.005744,0.999484,0,0.41735,-0.61222,10.126,-0.624,-1,595.226,-1,636.592,-1,491.209,501.778,541.218,514.417,-1,-1,-1,-1,-1,-1,-1,924.794,2,0,2,0,2,0,0,0,0,2,2,2,2,2,2,2,1
75,3900.499,7681.761,-312.718,-33.125,0.837044,0.546588,-0.024469,-0.546189,0.837389,0.021381,0.032177,-0.004532,0.999472,0,0.41735,-0.61222,10.311,-0.604,-1,596.425,-1,637.403,-1,491.724,502.500,537.544,512.005,-1,-1,-1,-1,-1,-1,-1,926.395,2,0,2,0,2,0,0,0,0,2,2,2,2,2,2,2,1
76,3907.007,7673.722,-312.524,-33.725,0.831279,0.555283,-0.025213,-0.554916,0.831657,0.020379,0.032284,-0.002949,0.999474,0,0.41735,-0.61222,10.343,-0.600,-1,597.281,-1,637.334,-1,491.965,502.799,535.802,509.187,-1,-1,-1,-1,-1,976.007,-1,927.428,2,0,2,0,2,0,0,0,0,2,2,2,2,2,1,2,1
77,3913.492,7665.542,-312.242,-34.335,0.825333,0.564069,-0.025509,-0.563740,0.825726,0.019342,0.031973,-0.001583,0.999487,0,0.41735,-0.61222,10.439,-0.610,-1,597.057,-1,636.697,-1,491.813,502.527,537.516,506.991,-1,-1,-1,-1,-1,944.355,-1,928.437,2,0,2,0,2,0,0,0,0,2,2,2,2,2,1,2,1
78,3920.032,7657.300,-311.874,-34.951,0.819248,0.572891,-0.025070,-0.572596,0.819631,0.018426,0.031104,-0.000740,0.999516,0,0.41735,-0.61222,10.521,-0.616,-1,595.238,-1,635.354,-1,490.792,501.359,538.399,505.979,-1,-1,-1,-1,-1,913.479,-1,929.226,2,0,2,0,2,0,0,0,0,2,2,2,2,2,1,2,1
79,3926.777,7648.988,-311.456,-35.545,0.813292,0.581343,-0.024435,-0.581078,0.813659,0.017562,0.030091,-0.000084,0.999547,0,0.41735,-0.61222,10.704,-0.594,-1,593.077,-1,633.846,-1,489.573,500.039,537.850,505.456,-1,-1,-1,-1,-1,884.434,-1,929.371,2,0,2,0,2,0,0,0,0,2,2,2,2,2,1,2,1
80,3933.528,7640.476,-311.015,-36.149,0.807141,0.589886,-0.023643,-0.589632,0.807487,0.017281,0.029285,-0.000008,0.999571,0,0.41735,-0.61222,10.864,-0.604,-1,591.044,-1,633.101,-1,488.653,499.246,535.420,506.109,-1,-1,-1,-1,-1,855.843,-1,928.900,2,0,2,0,2,0,0,0,0,2,2,2,2,2,1,2,1
81,3940.156,7631.724,-310.576,-36.788,0.800525,0.598846,-0.023311,-0.598598,0.800864,0.017224,0.028984,0.000166,0.999580,0,0.41735,-0.61222,10.979,-0.639,-1,590.284,-1,633.595,-1,488.346,499.378,533.383,506.613,-1,-1,-1,-1,-1,826.864,-1,931.059,2,0,2,0,2,0,0,0,0,2,2,2,2,2,1,2,1
82,3946.542,7622.666,-310.172,-37.473,0.793297,0.608378,-0.023572,-0.608127,0.793647,0.017494,0.029351,0.000457,0.999569,0,0.41735,-0.61222,11.082,-0.686,-1,591.221,-1,635.723,-1,489.188,500.674,531.548,506.842,-1,-1,-1,-1,-1,797.103,-1,943.846,2,0,2,0,2,0,0,0,0,2,2,2,2,2,1,2,1
83,3952.440,7613.279,-309.813,-38.251,0.784961,0.619095,-0.023621,-0.618827,0.785316,0.018202,0.029819,0.000329,0.999555,0,0.41735,-0.61222,11.086,-0.778,-1,592.078,-1,639.058,-1,490.252,502.622,527.943,507.708,-1,-1,-1,-1,-1,765.227,-1,-1,2,0,2,0,2,0,0,0,0,2,2,2,2,2,1,2,2
84,3958.238,7603.657,-309.520,-39.067,0.776043,0.630209,-0.024386,-0.629933,0.776425,0.018671,0.030700,0.000872,0.999528,0,0.41735,-0.61222,11.234,-0.816,-1,594.307,-1,643.099,-1,492.360,505.144,524.294,507.157,-1,-1,-1,-1,-1,765.415,-1,-1,2,0,2,0,2,0,0,0,0,2,2,2,2,2,1,2,2
85,3964.041,7593.872,-309.244,-39.884,0.766969,0.641175,-0.025563,-0.640913,0.767392,0.018466,0.031457,0.002220,0.999503,0,0.41735,-0.61222,11.377,-0.817,-1,596.831,-1,646.196,-1,494.376,506.994,525.575,505.034,-1,-1,-1,-1,-1,769.610,-1,-1,2,0,2,0,2,0,0,0,0,2,2,2,2,2,1,2,2
86,3969.761,7583.889,-308.943,-40.713,0.757607,0.652184,-0.026219,-0.651947,0.758053,0.017929,0.031569,0.003510,0.999495,0,0.41735,-0.61222,11.505,-0.830,-1,597.703,-1,647.902,-1,495.224,507.858,526.322,503.019,-1,-1,-1,-1,-1,769.166,-1,-1,2,0,2,0,2,0,0,0,0,2,2,2,2,2,1,2,2
87,3975.533,7573.727,-308.634,-41.522,0.748328,0.662789,-0.026765,-0.662587,0.748790,0.017091,0.031369,0.004945,0.999496,0,0.41735,-0.61222,11.687,-0.809,-1,597.916,-1,648.655,-1,495.305,508.155,526.624,500.740,-1,-1,-1,-1,-1,768.086,-1,-1,2,0,2,0,2,0,0,0,0,2,2,2,2,2,1,2,2
88,3981.304,7563.470,-308.304,-42.315,0.739103,0.673042,-0.027221,-0.672890,0.739575,0.015776,0.030749,0.006657,0.999505,0,0.26807,-0.52991,11.768,-0.793,-1,597.332,-1,647.812,-1,494.761,507.714,527.550,497.980,-1,-1,-1,-1,-1,766.284,-1,-1,2,0,2,0,2,0,0,0,0,2,2,2,2,2,1,2,2
89,3987.061,7553.257,-307.960,-43.080,0.730089,0.682814,-0.027117,-0.682724,0.730544,0.013880,0.029288,0.008380,0.999536,0,0.26807,-0.52991,11.724,-0.765,-1,594.662,-1,645.005,-1,492.880,505.946,528.946,495.181,-1,-1,-1,-1,-1,768.820,-1,-1,2,0,2,0,2,0,0,0,0,2,2,2,2,2,1,2,2
90,3992.812,7543.057,-307.610,-43.813,0.721332,0.692085,-0.026418,-0.692056,0.721749,0.011739,0.027192,0.009815,0.999582,0,0.26807,-0.52991,11.709,-0.733,-1,590.197,-1,641.139,-1,490.126,503.294,529.771,492.887,-1,-1,-1,-1,-1,771.634,-1,-1,2,0,2,0,2,0,0,0,0,2,2,2,2,2,1,2,2
91,3998.660,7532.814,-307.395,-44.504,0.712982,0.700718,-0.025501,-0.700736,0.713354,0.009722,0.025003,0.010938,0.999628,0,0.26807,-0.52991,11.795,-0.690,-1,584.919,-1,636.764,-1,486.830,500.167,529.628,490.822,-1,-1,-1,-1,-1,773.362,-1,-1,2,0,2,0,2,0,0,0,0,2,2,2,2,2,1,2,2
92,4004.604,7522.512,-307.365,-45.160,0.704940,0.708831,-0.024840,-0.708890,0.705275,0.007892,0.023113,0.012045,0.999660,0,0.26807,-0.52991,11.894,-0.656,-1,579.899,-1,632.563,-1,483.607,497.092,528.937,488.358,-1,-1,-1,-1,-1,774.531,-1,-1,2,0,2,0,2,0,0,0,0,2,2,2,2,2,1,2,2
93,4010.573,7512.174,-307.411,-45.778,0.697275,0.716370,-0.024959,-0.716469,0.697590,0.006279,0.021909,0.013504,0.999669,0,0.26807,-0.52991,11.937,-0.618,-1,576.702,-1,629.457,-1,481.404,494.634,529.092,485.158,-1,-1,-1,-1,-1,775.685,-1,-1,2,0,2,0,2,0,0,0,0,2,2,2,2,2,1,2,2
94,4016.539,7501.754,-307.444,-46.372,0.689817,0.723536,-0.025472,-0.723667,0.690129,0.005312,0.021423,0.014769,0.999661,0,0.26807,-0.52991,12.007,-0.594,-1,575.189,-1,628.149,-1,480.132,493.387,528.942,482.549,-1,-1,-1,-1,-1,777.662,-1,-1,2,0,2,0,2,0,0,0,0,2,2,2,2,2,1,2,2
95,4023.760,7489.167,-307.458,-47.052,0.681174,0.731655,-0.026121,-0.731811,0.681491,0.004809,0.021320,0.015840,0.999647,0,0.26807,-0.52991,14.511,-0.681,-1,574.271,-1,627.977,-1,479.275,492.751,528.007,480.369,-1,-1,-1,-1,-1,781.037,-1,-1,2,0,2,0,2,0,0,0,0,2,2,2,2,2,1,2,2
96,4028.674,7480.770,-307.444,-47.467,0.675863,0.736544,-0.026689,-0.736715,0.676188,0.004633,0.021459,0.016531,0.999633,0,0.26807,-0.52991,9.729,-0.414,-1,574.251,-1,628.233,-1,479.034,492.632,527.485,479.066,-1,-1,-1,-1,-1,786.741,-1,-1,2,0,2,0,2,0,0,0,0,2,2,2,2,2,1,2,2
97,4034.692,7470.283,-307.304,-47.997,0.669018,0.742756,-0.026970,-0.742940,0.669343,0.004394,0.021316,0.017097,0.999627,0,0.26807,-0.52991,12.091,-0.530,-1,573.571,-1,628.464,-1,478.678,492.466,526.791,478.238,-1,-1,-1,-1,-1,794.579,-1,-1,2,0,2,0,2,0,0,0,0,2,2,2,2,2,1,2,2
98,4040.570,7459.826,-306.995,-48.547,0.661870,0.749150,-0.026503,-0.749338,0.662176,0.003952,0.020510,0.017244,0.999641,0,0.26807,-0.52991,11.996,-0.550,-1,571.432,-1,628.257,-1,477.644,491.873,525.757,478.498,-1,-1,-1,-1,-1,802.831,-1,-1,2,0,2,0,2,0,0,0,0,2,2,2,2,2,1,2,2
99,4046.338,7449.385,-306.554,-49.088,0.654776,0.755390,-0.025575,-0.755580,0.655048,0.003189,0.019162,0.017236,0.999668,0,0.26807,-0.52991,11.928,-0.542,-1,568.262,789.455,627.490,-1,475.999,490.700,524.756,479.312,-1,-1,-1,-1,-1,-1,-1,-1,2,0,1,0,2,0,0,0,0,2,2,2,2,2,2,2,2
100,4052.072,7438.870,-306.083,-49.620,0.647749,0.761449,-0.024845,-0.761644,0.647991,0.002333,0.017876,0.017411,0.999689,0,0.26807,-0.52991,11.977,-0.532,-1,565.499,752.230,626.418,-1,474.554,489.658,524.092,480.045,-1,-1,-1,-1,-1,-1,-1,-1,2,0,1,0,2,0,0,0,0,2,2,2,2,2,2,2,2
101,4057.808,7428.270,-305.708,-50.136,0.640874,0.767249,-0.024701,-0.767462,0.641094,0.001294,0.016829,0.018128,0.999694,0,0.26807,-0.52991,12.052,-0.516,-1,563.368,716.764,625.164,-1,473.226,488.503,524.324,479.645,-1,-1,-1,-1,-1,-1,-1,-1,2,0,1,0,2,0,0,0,0,2,2,2,2,2,2,2,2
102,4063.552,7417.592,-305.475,-50.632,0.634221,0.772743,-0.025159,-0.772984,0.634426,0.000230,0.016139,0.019301,0.999683,0,0.26807,-0.52991,12.125,-0.495,-1,561.950,683.122,623.922,-1,472.031,487.356,525.497,478.121,-1,-1,-1,-1,-1,-1,-1,-1,2,0,1,0,2,0,0,0,0,2,2,2,2,2,2,2,2
103,4069.153,7406.848,-305.285,-51.128,0.627508,0.778171,-0.026139,-0.778450,0.627707,-0.000765,0.015812,0.020828,0.999658,0,0.26807,-0.52991,12.116,-0.496,-1,561.543,650.420,623.203,-1,471.409,486.680,527.356,475.900,-1,-1,-1,-1,-1,-1,-1,-1,2,0,1,0,2,0,0,0,0,2,2,2,2,2,2,2,2
104,4074.605,7396.042,-305.108,-51.641,0.620512,0.783740,-0.026774,-0.784049,0.620696,-0.001769,0.015232,0.022089,0.999640,0,0.26807,-0.52991,12.104,-0.513,-1,560.287,618.038,622.207,-1,470.377,485.693,528.488,474.085,-1,-1,-1,-1,-1,-1,-1,-1,2,0,1,0,2,0,0,0,0,2,2,2,2,2,2,2,2
105,4080.995,7383.022,-304.863,-52.254,0.612104,0.790306,-0.027312,-0.790649,0.612261,-0.003163,0.014222,0.023530,0.999622,0,0.26807,-0.52991,14.502,-0.613,-1,558.086,605.051,620.470,-1,469.017,484.241,529.785,472.093,-1,-1,-1,-1,-1,-1,-1,-1,2,0,1,0,2,0,0,0,0,2,2,2,2,2,2,2,2
106,4085.114,7374.336,-304.636,-52.674,0.606301,0.794764,-0.027370,-0.795122,0.606436,-0.004037,0.013390,0.024210,0.999617,0,0.26807,-0.52991,9.613,-0.420,-1,556.223,602.602,619.436,-1,468.005,483.454,530.572,471.392,-1,-1,-1,-1,-1,-1,-1,-1,2,0,1,0,2,0,0,0,0,2,2,2,2,2,2,2,2
107,4090.268,7363.471,-304.331,-53.190,0.599120,0.800199,-0.027153,-0.800568,0.599220,-0.005197,0.012112,0.024852,0.999618,0,0.26807,-0.52991,12.026,-0.516,-1,553.263,599.158,617.951,-1,466.372,482.155,531.189,470.920,-1,-1,-1,-1,-1,-1,-1,-1,2,0,1,0,2,0,0,0,0,2,2,2,2,2,2,2,2
108,4095.485,7352.571,-304.035,-53.678,0.592283,0.805286,-0.026762,-0.805659,0.592346,-0.006354,0.010735,0.025324,0.999622,0,0.26807,-0.52991,12.084,-0.488,-1,549.918,595.092,616.434,-1,464.488,480.626,531.172,470.725,-1,-1,-1,-1,-1,-1,-1,-1,2,0,1,0,2,0,0,0,0,2,2,2,2,2,2,2,2
109,4100.751,7341.586,-303.798,-54.144,0.585725,0.810072,-0.026647,-0.810453,0.585757,-0.007388,0.009624,0.025924,0.999618,0,0.26807,-0.52991,12.182,-0.465,-1,547.101,590.888,615.158,-1,462.754,479.321,531.312,470.269,-1,-1,-1,-1,-1,-1,-1,-1,2,0,1,0,2,0,0,0,0,2,2,2,2,2,2,2,2
110,4106.045,7330.499,-303.655,-54.595,0.579331,0.814648,-0.026919,-0.815043,0.579342,-0.008175,0.008935,0.026677,0.999604,0,0.26807,-0.52991,12.287,-0.451,-1,544.979,586.841,614.430,-1,461.262,478.288,531.580,469.426,-1,-1,-1,-1,-1,-1,-1,-1,2,0,1,0,2,0,0,0,0,2,2,2,2,2,2,2,2
111,4111.381,7319.359,-303.627,-55.025,0.573198,0.818934,-0.028133,-0.819370,0.573194,-0.009001,0.008754,0.028211,0.999564,0,0.26807,-0.52991,12.352,-0.430,-1,544.041,582.992,613.619,-1,460.385,477.422,533.742,467.037,-1,-1,-1,-1,-1,-1,-1,-1,2,0,1,0,2,0,0,0,0,2,2,2,2,2,2,2,2
112,4116.559,7308.111,-303.645,-55.466,0.566870,0.823282,-0.029426,-0.823761,0.566854,-0.009675,0.008715,0.029725,0.999520,0,0.26807,-0.52991,12.383,-0.441,-1,543.298,580.500,613.019,-1,459.681,476.755,535.758,464.583,-1,-1,-1,-1,-1,-1,-1,-1,2,0,1,0,2,0,0,0,0,2,2,2,2,2,2,2,2
113,4121.653,7296.774,-303.701,-55.910,0.560475,0.827611,-0.030459,-0.828127,0.560445,-0.010332,0.008519,0.031015,0.999483,0,0.26807,-0.52991,12.429,-0.444,-1,542.031,578.058,612.172,-1,458.926,475.830,537.163,462.404,-1,-1,-1,-1,-1,-1,-1,-1,2,0,1,0,2,0,0,0,0,2,2,2,2,2,2,2,2
114,4126.774,7285.332,-303.696,-56.335,0.554317,0.831703,-0.031670,-0.832262,0.554275,-0.010891,0.008496,0.032394,0.999439,0,0.40582,-0.66028,12.536,-0.425,-1,541.398,575.569,611.708,-1,458.594,475.432,539.001,460.280,-1,-1,-1,-1,-1,-1,-1,-1,2,0,1,0,2,0,0,0,0,2,2,2,2,2,2,2,2
115,4131.784,7273.685,-303.547,-56.797,0.547588,0.836139,-0.031930,-0.836710,0.547528,-0.011346,0.007995,0.032929,0.999426,0,0.40582,-0.66028,12.678,-0.462,-1,539.488,573.304,611.422,-1,457.792,475.027,539.160,459.850,-1,-1,-1,-1,-1,-1,-1,-1,2,0,1,0,2,0,0,0,0,2,2,2,2,2,2,2,2
116,4136.749,7261.824,-303.325,-57.284,0.540460,0.840800,-0.030967,-0.841341,0.540380,-0.011624,0.006960,0.032336,0.999453,0,0.40582,-0.66028,12.858,-0.487,-1,536.123,570.740,611.339,-1,432.063,474.211,537.053,461.408,-1,-1,-1,-1,995.920,-1,-1,-1,2,0,1,0,2,1,0,0,0,2,2,2,2,0,2,2,2
117,4141.646,7249.718,-303.045,-57.791,0.532993,0.845580,-0.030226,-0.846096,0.532905,-0.011562,0.006331,0.031737,0.999476,0,0.40582,-0.66028,13.059,-0.507,-1,533.696,569.258,613.112,-1,400.960,474.243,535.271,463.151,-1,-1,-1,-1,984.631,-1,-1,-1,2,0,1,0,2,1,0,0,0,2,2,2,2,0,2,2,2
118,4146.233,7237.326,-302.728,-58.361,0.524556,0.850849,-0.029949,-0.851352,0.524480,-0.010962,0.006381,0.031247,0.999491,0,0.40582,-0.66028,13.214,-0.570,-1,532.857,570.420,617.116,-1,368.543,475.688,533.908,464.959,-1,-1,-1,-1,977.652,-1,-1,-1,2,0,1,0,2,1,0,0,0,2,2,2,2,0,2,2,2
119,4150.599,7224.683,-302.402,-58.976,0.515383,0.856436,-0.029962,-0.856934,0.515323,-0.010298,0.006621,0.030983,0.999498,0,0.40582,-0.66028,13.375,-0.615,-1,532.635,573.187,621.868,-1,337.226,477.226,533.085,466.802,-1,-1,-1,-1,972.668,-1,-1,-1,2,0,1,0,2,1,0,0,0,2,2,2,2,0,2,2,2
120,4154.934,7211.869,-302.039,-59.588,0.506198,0.861883,-0.030355,-0.862392,0.506140,-0.010131,0.006632,0.031306,0.999488,0,0.40582,-0.66028,13.528,-0.612,-1,532.423,575.896,625.567,-1,326.476,477.154,534.317,467.707,-1,-1,-1,-1,595.636,-1,-1,-1,2,0,1,0,2,1,1,0,0,2,2,2,2,1,2,2,2
121,4159.141,7198.862,-301.638,-60.192,0.497083,0.867139,-0.031278,-0.867677,0.497023,-0.010207,0.006695,0.032213,0.999459,0,0.40582,-0.66028,13.671,-0.604,-1,529.832,579.002,628.826,-1,322.212,466.325,536.595,467.713,-1,-1,-1,-1,534.058,-1,-1,-1,2,1,1,0,2,1,1,0,0,2,2,2,2,1,2,2,2
122,4162.920,7185.632,-301.258,-60.857,0.486976,0.872832,-0.031910,-0.873388,0.486922,-0.009962,0.006842,0.032721,0.999441,0,0.40582,-0.66028,13.759,-0.665,-1,469.843,584.255,633.181,-1,318.469,457.406,537.543,468.268,-1,-1,-1,-1,472.750,-1,-1,-1,2,1,1,0,2,1,1,0,0,2,2,2,2,1,2,2,2
123,4166.545,7172.247,-300.963,-61.546,0.476440,0.878596,-0.032775,-0.879179,0.476393,-0.009718,0.007076,0.033445,0.999416,0,0.40582,-0.66028,13.867,-0.689,-1,412.216,590.571,639.940,-1,314.901,449.208,538.722,468.223,-1,-1,-1,-1,414.036,-1,-1,-1,2,1,1,0,2,1,1,0,0,2,2,2,2,1,2,2,2
124,4169.887,7158.706,-300.721,-62.264,0.465380,0.884497,-0.032947,-0.885082,0.465342,-0.009286,0.007119,0.033483,0.999414,0,0.40582,-0.66028,13.948,-0.718,-1,356.480,-1,647.252,-1,311.431,442.579,538.234,469.163,-1,-1,-1,-1,357.517,-1,-1,-1,2,1,2,0,2,1,1,0,0,2,2,2,2,1,2,2,2
125,4173.096,7144.974,-300.612,-62.991,0.454125,0.890320,-0.033179,-0.890909,0.454094,-0.008910,0.007134,0.033606,0.999410,0,0.40582,-0.66028,14.101,-0.726,-1,303.414,-1,654.220,-1,307.920,436.600,537.525,469.605,-1,-1,-1,-1,308.882,-1,-1,-1,2,1,2,0,2,1,1,0,0,2,2,2,2,1,2,2,2
126,4176.303,7131.041,-300.659,-63.702,0.443028,0.895860,-0.034085,-0.896478,0.443003,-0.008686,0.007319,0.034405,0.999381,0,0.40582,-0.66028,14.298,-0.711,-1,275.475,-1,660.513,-1,304.959,433.403,537.876,468.541,-1,-1,-1,-1,307.756,-1,-1,-1,2,1,2,0,2,1,1,0,0,2,2,2,2,1,2,2,2
127,4179.385,7116.922,-300.802,-64.410,0.431914,0.901235,-0.035016,-0.901885,0.431892,-0.008591,0.007381,0.035291,0.999350,0,0.40582,-0.66028,14.451,-0.708,-1,274.143,-1,666.052,-1,305.941,491.336,537.872,467.089,-1,-1,-1,-1,306.624,-1,-1,-1,2,1,2,0,2,1,0,0,0,2,2,2,2,1,2,2,2
128,4182.002,7102.726,-300.914,-65.163,0.420033,0.906818,-0.035399,-0.907481,0.420006,-0.008576,0.007091,0.035726,0.999336,0,0.40582,-0.66028,14.435,-0.752,-1,273.314,-1,673.366,-1,307.659,493.141,536.790,466.363,-1,-1,-1,-1,306.037,-1,-1,-1,2,1,2,0,2,1,0,0,0,2,2,2,2,1,2,2,2
129,4184.305,7088.465,-300.998,-65.946,0.407585,0.912465,-0.035804,-0.913145,0.407534,-0.009064,0.006321,0.036388,0.999318,0,0.40582,-0.66028,14.445,-0.784,-1,272.837,-1,680.664,-1,309.832,494.425,536.263,465.217,-1,-1,-1,-1,305.852,-1,450.197,-1,2,1,2,0,2,1,0,0,0,2,2,2,2,1,2,1,2
130,4186.401,7074.076,-301.067,-66.738,0.394931,0.917986,-0.036484,-0.918695,0.394846,-0.009812,0.005398,0.037393,0.999286,0,0.40582,-0.66028,14.542,-0.792,-1,270.883,-1,687.279,-1,312.362,495.674,536.582,463.513,-1,-1,-1,-1,306.014,-1,403.331,-1,2,1,2,0,2,1,0,0,0,2,2,2,2,1,2,1,2
131,4188.419,7059.537,-301.158,-67.519,0.382376,0.923251,-0.037357,-0.923996,0.382250,-0.010740,0.004364,0.038624,0.999244,0,0.40582,-0.66028,14.678,-0.781,-1,267.209,-1,693.103,-1,314.904,496.645,537.362,461.396,-1,-1,-1,-1,306.213,-1,358.692,-1,2,1,2,0,2,1,0,0,0,2,2,2,2,1,2,1,2
132,4190.449,7044.854,-301.254,-68.282,0.370033,0.928234,-0.038167,-0.929013,0.369862,-0.011709,0.003248,0.039790,0.999203,0,0.40582,-0.66028,14.822,-0.763,-1,265.130,-1,698.539,-1,317.302,497.417,537.967,459.421,-1,-1,-1,-1,541.990,-1,316.291,-1,2,1,2,0,2,1,0,0,0,2,2,2,2,1,2,1,2
133,4192.401,7030.032,-301.391,-69.031,0.357865,0.932966,-0.038814,-0.933771,0.357658,-0.012391,0.002322,0.040677,0.999170,0,0.30526,-0.49338,14.951,-0.749,-1,266.265,-1,704.830,-1,321.456,498.444,538.126,457.868,-1,-1,-1,-1,531.495,-1,275.832,-1,2,1,2,0,2,1,0,0,0,2,2,2,2,1,2,1,2
134,4194.078,7015.220,-301.551,-69.773,0.345735,0.937480,-0.039993,-0.938330,0.345512,-0.012586,0.002018,0.041878,0.999121,0,0.30526,-0.49338,14.906,-0.742,-1,268.101,-1,713.108,-1,329.620,502.164,539.099,455.809,-1,-1,-1,-1,515.333,-1,237.168,-1,2,1,2,0,2,1,0,0,0,2,2,2,2,1,2,1,2
135,4195.502,7000.423,-301.745,-70.520,0.333482,0.941843,-0.041495,-0.942754,0.333256,-0.012469,0.002085,0.043278,0.999061,0,0.30528,-0.49338,14.865,-0.746,353.129,270.997,-1,722.532,-1,470.066,506.715,540.574,453.378,-1,-1,-1,-1,499.510,-1,199.946,-1,1,1,2,0,2,0,0,0,0,2,2,2,2,1,2,1,2
136,4196.847,6985.587,-301.958,-71.243,0.321552,0.945898,-0.043366,-0.946889,0.321329,-0.012212,0.002384,0.044990,0.998985,0,0.30688,-0.49338,14.897,-0.723,285.109,277.635,-1,732.241,-1,472.805,511.500,543.058,450.511,-1,-1,-1,-1,483.931,-1,164.481,-1,1,1,2,0,2,0,0,0,0,2,2,2,2,1,2,1,2
137,4198.193,6970.696,-302.202,-71.935,0.310092,0.949638,-0.045055,-0.950704,0.309862,-0.012179,0.002395,0.046611,0.998910,0,0.30842,-0.49338,14.951,-0.692,222.668,283.894,-1,740.611,-1,475.011,515.555,544.993,447.915,-1,-1,-1,-1,468.587,-1,147.516,-1,1,1,2,0,2,0,0,0,0,2,2,2,2,1,2,1,2
138,4199.592,6955.757,-302.459,-72.590,0.299208,0.953063,-0.046313,-0.954186,0.298955,-0.012459,0.001971,0.047919,0.998849,0,0.30987,-0.49338,15.004,-0.655,165.143,289.486,-1,745.965,-1,478.453,518.640,546.010,445.834,-1,-1,-1,-1,453.442,-1,144.562,-1,1,1,2,0,2,0,0,0,0,2,2,2,2,1,2,1,2
139,4200.976,6941.800,-302.490,-73.028,0.291902,0.955220,-0.048452,-0.956448,0.291541,-0.014513,0.000262,0.050578,0.998720,0,0.31121,-0.49338,14.026,-0.438,118.298,292.642,-1,742.701,-1,479.130,518.456,551.646,442.253,-1,-1,-1,-1,439.575,-1,140.966,-1,1,1,2,0,2,0,0,0,0,2,2,2,2,1,2,1,2
140,4202.525,6931.412,-302.129,-72.848,0.294910,0.954004,-0.053889,-0.955507,0.294086,-0.022804,-0.005907,0.058217,0.998286,0,0.31199,-0.49338,10.503,0.181,110.814,287.619,-1,715.452,-1,470.023,505.912,573.654,432.014,-1,-1,-1,-1,429.612,-1,135.239,-1,1,1,2,0,2,0,0,0,0,2,2,2,2,1,2,1,2
141,4204.229,6923.953,-301.564,-72.335,0.303406,0.950944,-0.060421,-0.952718,0.301650,-0.036548,-0.016529,0.068653,0.997504,0,0.31115,-0.49338,7.651,0.512,105.671,276.860,-1,668.300,-1,452.613,483.985,606.405,418.176,-1,-1,-1,-1,422.773,-1,127.775,-1,1,1,2,0,2,0,0,0,0,2,2,2,2,1,2,1,2
142,4203.916,6919.176,-300.622,-72.077,0.307602,0.949515,-0.061660,-0.951049,0.304778,-0.051141,-0.029766,0.074373,0.996786,0,0.30948,-0.49338,4.787,0.258,102.047,268.281,-1,624.357,-1,433.561,462.131,626.841,411.509,-1,-1,-1,-1,419.484,-1,122.539,-1,1,1,2,0,2,0,0,0,0,2,2,2,2,1,2,1,2
143,4202.736,6916.610,-299.232,-71.967,0.309309,0.948796,-0.064142,-0.950122,0.305500,-0.062749,-0.039940,0.080351,0.995966,0,0.30862,-0.49338,2.824,0.109,102.178,264.779,-1,594.729,-1,421.906,447.919,651.738,405.586,-1,-1,-1,-1,418.252,-1,122.101,-1,1,1,2,0,2,0,0,0,0,2,2,2,2,1,2,1,2
