timestep,x_cm,y_cm,z_cm,yaw_deg,basis_xx,basis_xy,basis_xz,basis_yx,basis_yy,basis_yz,basis_zx,basis_zy,basis_zz,teleport_flag,throttle_cmd,steering_cmd,cmd_move_cm,cmd_turn_deg,lidar_cm_0,lidar_cm_1,lidar_cm_2,lidar_cm_3,lidar_cm_4,lidar_cm_5,lidar_cm_6,lidar_cm_7,lidar_cm_8,lidar_cm_9,lidar_cm_10,lidar_cm_11,lidar_cm_12,lidar_cm_13,lidar_cm_14,lidar_cm_15,lidar_cm_16,lidar_class_0,lidar_class_1,lidar_class_2,lidar_class_3,lidar_class_4,lidar_class_5,lidar_class_6,lidar_class_7,lidar_class_8,lidar_class_9,lidar_class_10,lidar_class_11,lidar_class_12,lidar_class_13,lidar_class_14,lidar_class_15,lidar_class_16
0,9506.220,-2951.494,-95.088,177.608,-0.998764,-0.041740,0.026972,0.041471,-0.999085,-0.010459,0.027384,-0.009327,0.999581,1,0.08000,0.12000,4.800,0.240,-1,400.000,-1,375.000,-1,325.000,325.000,300.000,325.000,700.000,-1,-1,-1,850.000,775.000,-1,-1,2,0,2,0,2,0,0,0,0,1,2,2,2,0,0,2,2
1,9496.626,-2951.174,-94.830,178.088,-0.999082,-0.033368,0.026869,0.033090,-0.999395,-0.010721,0.027210,-0.009822,0.999581,0,0.16000,0.24000,9.600,0.480,-1,400.000,-1,375.000,-1,325.000,325.000,300.000,325.000,700.000,-1,-1,-1,850.000,775.000,-1,-1,2,0,2,0,2,0,0,0,0,1,2,2,2,0,0,2,2
2,9482.229,-2950.842,-94.442,178.678,-0.999377,-0.023062,0.026706,0.022772,-0.999679,-0.011120,0.026953,-0.010505,0.999581,0,0.24000,0.29538,14.400,0.591,-1,400.000,-1,375.000,-1,325.000,325.000,300.000,325.000,725.000,-1,-1,-1,850.000,775.000,-1,-1,2,0,2,0,2,0,0,0,0,1,2,2,2,0,0,2,2
3,9463.031,-2950.595,-93.922,179.263,-0.999567,-0.012855,0.026476,0.012550,-0.999853,-0.011658,0.026622,-0.011321,0.999581,0,0.32000,0.29246,19.200,0.585,-1,400.000,-1,375.000,-1,325.000,325.000,300.000,325.000,725.000,-1,-1,-1,850.000,775.000,-1,-1,2,0,2,0,2,0,0,0,0,1,2,2,2,0,0,2,2
4,9439.031,-2950.529,-93.271,179.840,-0.999653,-0.002784,0.026178,0.002461,-0.999921,-0.012343,0.026210,-0.012274,0.999581,0,0.40000,0.28856,24.000,0.577,-1,400.000,-1,375.000,-1,325.000,325.000,300.000,325.000,750.000,-1,-1,-1,850.000,775.000,-1,-1,2,0,2,0,2,0,0,0,0,1,2,2,2,0,0,2,2
5,9410.232,-2950.734,-92.492,180.408,-0.999642,0.007117,0.025808,-0.007459,-0.999885,-0.013179,0.025711,-0.013367,0.999580,0,0.48000,0.28366,28.800,0.567,-1,400.000,-1,375.000,-1,325.000,325.000,300.000,325.000,750.000,-1,-1,-1,850.000,775.000,-1,-1,2,0,2,0,2,0,0,0,0,1,2,2,2,0,0,2,2
6,9376.637,-2951.299,-91.586,180.963,-0.999537,0.016809,0.025363,-0.017172,-0.999752,-0.014173,0.025119,-0.014602,0.999578,0,0.56000,0.27772,33.600,0.555,-1,400.000,-1,400.000,-1,325.000,325.000,325.000,325.000,750.000,-1,-1,-1,850.000,800.000,-1,-1,2,0,2,0,2,0,0,0,0,1,2,2,2,0,0,2,2
7,9339.087,-2952.285,-90.579,181.505,-0.999346,0.026254,0.024853,-0.026640,-0.999528,-0.015307,0.024439,-0.015959,0.999574,0,0.62604,0.27069,37.563,0.541,-1,400.000,-1,400.000,-1,325.000,325.000,325.000,325.000,775.000,-1,-1,-1,850.000,800.000,-1,-1,2,0,2,0,2,0,0,0,0,1,2,2,2,0,0,2,2
8,9301.495,-2953.618,-89.579,182.030,-0.999076,0.035417,0.024331,-0.035824,-0.999222,-0.016466,0.023729,-0.017322,0.999568,0,0.62694,0.26268,37.616,0.525,-1,400.000,-1,400.000,-1,325.000,325.000,325.000,325.000,775.000,-1,-1,-1,850.000,800.000,-1,-1,2,0,2,0,2,0,0,0,0,1,2,2,2,0,0,2,2
9,9263.849,-2955.288,-88.586,182.539,-0.998735,0.044292,0.023797,-0.044717,-0.998844,-0.017651,0.022988,-0.018693,0.999561,0,0.62804,0.25451,37.682,0.509,-1,400.000,-1,400.000,-1,325.000,325.000,325.000,325.000,800.000,-1,-1,-1,875.000,800.000,-1,-1,2,0,2,0,2,0,0,0,0,1,2,2,2,0,0,2,2
10,9226.141,-2957.285,-87.601,183.031,-0.998331,0.052871,0.023252,-0.053314,-0.998400,-0.018862,0.022217,-0.020070,0.999552,0,0.62935,0.24615,37.761,0.492,-1,400.000,-1,400.000,-1,325.000,325.000,325.000,325.000,825.000,-1,-1,-1,875.000,800.000,-1,-1,2,0,2,0,2,0,0,0,0,1,2,2,2,0,0,2,2
11,9188.360,-2959.600,-86.682,183.507,-0.997872,0.061149,0.022652,-0.061603,-0.997903,-0.019887,0.021389,-0.021240,0.999546,0,0.63086,0.23763,37.852,0.475,-1,400.000,-1,400.000,-1,325.000,325.000,325.000,325.000,825.000,-1,-1,-1,875.000,825.000,-1,-1,2,0,2,0,2,0,0,0,0,1,2,2,2,0,0,2,2
12,9150.496,-2962.224,-86.053,183.964,-0.997371,0.069120,0.021737,-0.069566,-0.997368,-0.020459,0.020266,-0.021917,0.999554,0,0.63259,0.22892,37.955,0.458,-1,400.000,-1,400.000,-1,325.000,325.000,325.000,300.000,850.000,-1,-1,-1,875.000,825.000,-1,-1,2,0,2,0,2,0,0,0,0,1,2,2,2,0,0,2,2
13,9112.538,-2965.148,-85.480,184.404,-0.996829,0.076777,0.020913,-0.077220,-0.996787,-0.021280,0.019212,-0.022827,0.999555,0,0.63451,0.22004,38.071,0.440,-1,400.000,-1,400.000,-1,325.000,325.000,325.000,300.000,850.000,-1,-1,-1,875.000,825.000,-1,-1,2,0,2,0,2,0,0,0,0,1,2,2,2,0,0,2,2
14,9074.474,-2968.363,-84.911,184.826,-0.996253,0.084114,0.020098,-0.084554,-0.996173,-0.022137,0.018159,-0.023753,0.999553,0,0.63665,0.21098,38.199,0.422,-1,400.000,-1,400.000,-1,325.000,325.000,325.000,300.000,875.000,-1,-1,-1,875.000,825.000,-1,-1,2,0,2,0,2,0,0,0,0,1,2,2,2,0,0,2,2
15,9036.295,-2971.858,-84.344,185.230,-0.995653,0.091125,0.019295,-0.091560,-0.995533,-0.023029,0.017110,-0.024696,0.999549,0,0.63899,0.20173,38.339,0.403,-1,400.000,-1,400.000,-1,325.000,325.000,325.000,300.000,875.000,-1,-1,-1,900.000,825.000,-1,-1,2,0,2,0,2,0,0,0,0,1,2,2,2,0,0,2,2
16,8997.987,-2975.624,-83.782,185.615,-0.995034,0.097803,0.018505,-0.098233,-0.994875,-0.023955,0.016067,-0.025654,0.999542,0,0.64154,0.19230,38.493,0.385,-1,400.000,-1,400.000,-1,325.000,325.000,325.000,300.000,900.000,-1,-1,-1,900.000,825.000,-1,-1,2,0,2,0,2,0,0,0,0,1,2,2,2,0,0,2,2
17,8959.539,-2979.652,-83.224,185.980,-0.994404,0.104142,0.017731,-0.104566,-0.994206,-0.024915,0.015033,-0.026629,0.999532,0,0.64431,0.18268,38.659,0.365,-1,400.000,-1,400.000,-1,325.000,325.000,325.000,300.000,925.000,-1,-1,-1,900.000,825.000,-1,-1,2,0,2,0,2,0,0,0,0,1,2,2,2,0,0,2,2
18,8920.938,-2983.931,-82.670,186.326,-0.993772,0.110136,0.016974,-0.110552,-0.993533,-0.025905,0.014011,-0.027620,0.999520,0,0.64729,0.17286,38.837,0.346,-1,400.000,-1,400.000,-1,325.000,325.000,325.000,300.000,925.000,-1,-1,-1,900.000,825.000,-1,-1,2,0,2,0,2,0,0,0,0,1,2,2,2,0,0,2,2
19,8882.171,-2988.452,-82.122,186.651,-0.993142,0.115779,0.016236,-0.116187,-0.992862,-0.026926,0.013003,-0.028628,0.999506,0,0.65049,0.16285,39.029,0.326,-1,400.000,-1,400.000,-1,325.000,325.000,325.000,300.000,950.000,-1,-1,-1,900.000,850.000,-1,-1,2,0,2,0,2,0,0,0,0,1,2,2,2,0,0,2,2
20,8843.225,-2993.205,-81.578,186.957,-0.992523,0.121064,0.015520,-0.121462,-0.992202,-0.027975,0.012012,-0.029651,0.999488,0,0.65392,0.15264,39.235,0.305,-1,400.000,-1,400.000,-1,325.000,325.000,325.000,300.000,950.000,-1,-1,-1,900.000,850.000,-1,-1,2,0,2,0,2,0,0,0,0,1,2,2,2,0,0,2,2
21,8804.086,-2998.178,-81.041,187.241,-0.991921,0.125984,0.014825,-0.126372,-0.991557,-0.029052,0.011040,-0.030691,0.999468,0,0.65757,0.14222,39.454,0.284,-1,400.000,-1,400.000,-1,325.000,325.000,325.000,300.000,975.000,-1,-1,-1,900.000,850.000,-1,-1,2,0,2,0,2,0,0,0,0,1,2,2,2,0,0,2,2
22,8764.739,-3003.361,-80.508,187.504,-0.991343,0.130534,0.014154,-0.130911,-0.990935,-0.030155,0.010090,-0.031747,0.999445,0,0.66145,0.13160,39.687,0.263,-1,400.000,-1,400.000,-1,325.000,325.000,325.000,325.000,1000.000,-1,-1,-1,900.000,850.000,-1,-1,2,0,2,0,2,0,0,0,0,1,2,2,2,0,0,2,2
23,8725.170,-3008.744,-79.982,187.746,-0.990794,0.134705,0.013508,-0.135070,-0.990342,-0.031283,0.009163,-0.032820,0.999419,0,0.66557,0.12076,39.934,0.242,-1,400.000,-1,400.000,-1,325.000,325.000,325.000,325.000,-1,-1,-1,-1,900.000,850.000,-1,-1,2,0,2,0,2,0,0,0,0,2,2,2,2,0,0,2,2
24,8685.362,-3014.315,-79.462,187.965,-0.990280,0.138491,0.012887,-0.138843,-0.989783,-0.032434,0.008263,-0.033908,0.999391,0,0.66993,0.10969,40.196,0.219,-1,400.000,-1,400.000,-1,325.000,325.000,325.000,325.000,-1,-1,-1,-1,900.000,850.000,-1,-1,2,0,2,0,2,0,0,0,0,2,2,2,2,0,0,2,2
25,8645.300,-3020.061,-78.948,188.162,-0.989807,0.141885,0.012292,-0.142224,-0.989264,-0.033607,0.007391,-0.035013,0.999360,0,0.67454,0.09841,40.472,0.197,-1,425.000,-1,400.000,-1,325.000,325.000,325.000,325.000,-1,-1,-1,-1,925.000,875.000,-1,-1,2,0,2,0,2,0,0,0,0,2,2,2,2,0,0,2,2
26,8604.966,-3025.971,-78.441,188.336,-0.989380,0.144878,0.011723,-0.145204,-0.988789,-0.034800,0.006550,-0.036133,0.999326,0,0.67941,0.08688,40.764,0.174,-1,425.000,-1,400.000,-1,325.000,325.000,325.000,325.000,-1,-1,-1,-1,925.000,875.000,-1,-1,2,0,2,0,2,0,0,0,0,2,2,2,2,0,0,2,2
27,8564.344,-3032.033,-77.996,188.486,-0.989002,0.147466,0.011317,-0.147781,-0.988373,-0.035781,0.005909,-0.037060,0.999296,0,0.68454,0.07512,41.072,0.150,-1,425.000,-1,400.000,-1,325.000,325.000,300.000,325.000,-1,-1,-1,-1,950.000,900.000,-1,-1,2,0,2,0,2,0,0,0,0,2,2,2,2,0,0,2,2
28,8523.414,-3038.231,-77.955,188.612,-0.988684,0.149646,0.010531,-0.149929,-0.988064,-0.035357,0.005114,-0.036536,0.999319,0,0.68993,0.06312,41.396,0.126,-1,425.000,-1,400.000,-1,325.000,325.000,325.000,325.000,-1,-1,-1,-1,950.000,900.000,-1,-1,2,0,2,0,2,0,0,0,0,2,2,2,2,0,0,2,2
29,8482.159,-3044.554,-77.983,188.714,-0.988426,0.151404,0.009583,-0.151649,-0.987821,-0.034810,0.004196,-0.035860,0.999348,0,0.69561,0.05086,41.737,0.102,-1,425.000,-1,425.000,-1,350.000,325.000,325.000,325.000,-1,-1,-1,-1,975.000,900.000,-1,-1,2,0,2,0,2,0,0,0,0,2,2,2,2,0,0,2,2
30,8440.559,-3050.988,-78.306,188.791,-0.988237,0.152723,0.007936,-0.152910,-0.987600,-0.035575,0.002404,-0.036370,0.999335,0,0.70158,0.03834,42.095,0.077,-1,425.000,-1,400.000,-1,350.000,325.000,300.000,325.000,-1,-1,-1,-1,975.000,900.000,-1,-1,2,0,2,0,2,0,0,0,0,2,2,2,2,0,0,2,2
31,8399.596,-3057.260,-78.650,188.706,-0.988476,0.151253,0.006227,-0.151379,-0.987804,-0.036441,0.000639,-0.036964,0.999316,0,0.69068,-0.04255,41.441,-0.085,-1,425.000,-1,400.000,-1,325.000,325.000,300.000,325.000,-1,-1,-1,-1,975.000,875.000,-1,-1,2,0,2,0,2,0,0,0,0,2,2,2,2,0,0,2,2
32,8358.242,-3063.511,-78.999,188.595,-0.988776,0.149341,0.004481,-0.149404,-0.988072,-0.037310,-0.001144,-0.037560,0.999294,0,0.69707,-0.05532,41.824,-0.111,-1,425.000,-1,400.000,-1,325.000,325.000,300.000,325.000,-1,-1,-1,-1,950.000,875.000,-1,-1,2,0,2,0,2,0,0,0,0,2,2,2,2,0,0,2,2
33,8316.473,-3069.723,-79.351,188.458,-0.989136,0.146979,0.002695,-0.146974,-0.988403,-0.038178,-0.002947,-0.038160,0.999267,0,0.70380,-0.06840,42.228,-0.137,-1,425.000,-1,400.000,-1,325.000,325.000,300.000,325.000,-1,-1,-1,-1,950.000,875.000,-1,-1,2,0,2,0,2,0,0,0,0,2,2,2,2,0,0,2,2
34,8274.295,-3075.874,-79.707,188.296,-0.989550,0.144185,0.000870,-0.144109,-0.988791,-0.039043,-0.004769,-0.038761,0.999237,0,0.71040,-0.08086,42.624,-0.162,-1,425.000,-1,400.000,-1,325.000,325.000,300.000,325.000,-1,-1,-1,-1,950.000,875.000,-1,-1,2,0,2,0,2,0,0,0,0,2,2,2,2,0,0,2,2
35,8232.099,-3081.906,-80.062,188.135,-0.989954,0.141390,-0.000974,-0.141239,-0.989171,-0.039894,-0.006604,-0.039355,0.999203,0,0.71040,-0.08086,42.624,-0.162,-1,425.000,-1,400.000,-1,325.000,325.000,300.000,325.000,-1,-1,-1,-1,950.000,850.000,-1,-1,2,0,2,0,2,0,0,0,0,2,2,2,2,0,0,2,2
36,8189.887,-3087.818,-80.416,187.973,-0.990345,0.138594,-0.002836,-0.138365,-0.989543,-0.040728,-0.008451,-0.039943,0.999166,0,0.71040,-0.08086,42.624,-0.162,-1,425.000,-1,400.000,-1,325.000,325.000,300.000,325.000,-1,-1,-1,-1,950.000,850.000,-1,-1,2,0,2,0,2,0,0,0,0,2,2,2,2,0,0,2,2
37,8147.658,-3093.612,-80.770,187.811,-0.990725,0.135797,-0.004716,-0.135487,-0.989908,-0.041548,-0.010310,-0.040523,0.999125,0,0.71040,-0.08086,42.624,-0.162,-1,425.000,-1,400.000,-1,325.000,325.000,300.000,325.000,-1,-1,-1,-1,925.000,850.000,-1,-1,2,0,2,0,2,0,0,0,0,2,2,2,2,0,0,2,2
38,8105.413,-3099.286,-81.122,187.649,-0.991094,0.132999,-0.006613,-0.132605,-0.990264,-0.042351,-0.012181,-0.041097,0.999081,0,0.71040,-0.08086,42.624,-0.162,-1,425.000,-1,400.000,-1,325.000,325.000,300.000,325.000,-1,-1,-1,-1,925.000,850.000,-1,-1,2,0,2,0,2,0,0,0,0,2,2,2,2,0,0,2,2
39,8063.152,-3104.841,-81.472,187.488,-0.991451,0.130201,-0.008526,-0.129719,-0.990612,-0.043139,-0.014063,-0.041665,0.999033,0,0.71040,-0.08086,42.624,-0.162,-1,425.000,-1,400.000,-1,325.000,325.000,300.000,325.000,-1,-1,-1,-1,925.000,825.000,-1,-1,2,0,2,0,2,0,0,0,0,2,2,2,2,0,0,2,2
40,8020.876,-3110.277,-81.822,187.326,-0.991796,0.127401,-0.010456,-0.126829,-0.990952,-0.043912,-0.015956,-0.042225,0.998981,0,0.71040,-0.08086,42.624,-0.162,-1,425.000,-1,400.000,-1,325.000,325.000,300.000,325.000,-1,-1,-1,-1,925.000,825.000,-1,-1,2,0,2,0,2,0,0,0,0,2,2,2,2,0,0,2,2
41,7978.584,-3115.593,-82.170,187.164,-0.992130,0.124600,-0.012401,-0.123936,-0.991284,-0.044668,-0.017859,-0.042779,0.998925,0,0.71040,-0.08086,42.624,-0.162,-1,425.000,-1,400.000,-1,325.000,325.000,300.000,325.000,-1,-1,-1,-1,925.000,825.000,-1,-1,2,0,2,0,2,0,0,0,0,2,2,2,2,0,0,2,2
42,7936.278,-3120.790,-82.517,187.003,-0.992451,0.121799,-0.014361,-0.121038,-0.991609,-0.045408,-0.019771,-0.043327,0.998865,0,0.71040,-0.08086,42.624,-0.162,-1,425.000,-1,400.000,-1,325.000,325.000,300.000,325.000,-1,-1,-1,-1,925.000,825.000,-1,-1,2,0,2,0,2,0,0,0,0,2,2,2,2,0,0,2,2
43,7893.957,-3125.868,-82.980,186.841,-0.992764,0.118999,-0.016066,-0.118162,-0.991944,-0.045662,-0.021370,-0.043433,0.998828,0,0.71040,-0.08086,42.624,-0.162,-1,425.000,-1,400.000,-1,325.000,325.000,325.000,325.000,-1,-1,-1,-1,900.000,825.000,-1,-1,2,0,2,0,2,0,0,0,0,2,2,2,2,0,0,2,2
44,7851.622,-3130.825,-83.758,186.679,-0.993065,0.116204,-0.017831,-0.115314,-0.992321,-0.044732,-0.022892,-0.042366,0.998840,0,0.71040,-0.08086,42.624,-0.162,-1,425.000,-1,400.000,-1,325.000,325.000,325.000,325.000,-1,-1,-1,-1,900.000,800.000,-1,-1,2,0,2,0,2,0,0,0,0,2,2,2,2,0,0,2,2
45,7809.273,-3135.663,-84.980,186.517,-0.993370,0.113399,-0.018870,-0.112449,-0.992617,-0.045469,-0.023887,-0.043045,0.998788,0,0.71040,-0.08086,42.624,-0.162,-1,425.000,-1,400.000,-1,325.000,325.000,325.000,325.000,-1,-1,-1,-1,900.000,800.000,-1,-1,2,0,2,0,2,0,0,0,0,2,2,2,2,0,0,2,2
46,7766.911,-3140.383,-86.310,186.356,-0.993662,0.110592,-0.020126,-0.109561,-0.992887,-0.046612,-0.025137,-0.044112,0.998710,0,0.71040,-0.08086,42.624,-0.162,-1,425.000,-1,400.000,-1,325.000,325.000,325.000,325.000,-1,-1,-1,-1,900.000,800.000,-1,-1,2,0,2,0,2,0,0,0,0,2,2,2,2,0,0,2,2
47,7724.535,-3144.982,-87.647,186.194,-0.993944,0.107784,-0.021395,-0.106670,-0.993148,-0.047725,-0.026393,-0.045153,0.998631,0,0.71040,-0.08086,42.624,-0.162,-1,425.000,-1,400.000,-1,325.000,325.000,300.000,325.000,-1,-1,-1,-1,900.000,775.000,-1,-1,2,0,2,0,2,0,0,0,0,2,2,2,2,0,0,2,2
48,7682.147,-3149.462,-88.989,186.032,-0.994216,0.104975,-0.022679,-0.103776,-0.993403,-0.048806,-0.027653,-0.046170,0.998551,0,0.71040,-0.08086,42.624,-0.162,-1,425.000,-1,400.000,-1,325.000,325.000,300.000,325.000,-1,-1,-1,-1,875.000,775.000,-1,-1,2,0,2,0,2,0,0,0,0,2,2,2,2,0,0,2,2
49,7639.746,-3153.823,-90.337,185.870,-0.994478,0.102166,-0.023975,-0.100879,-0.993649,-0.049857,-0.028916,-0.047163,0.998469,0,0.71040,-0.08086,42.624,-0.162,-1,425.000,-1,400.000,-1,325.000,325.000,300.000,325.000,-1,-1,-1,-1,875.000,775.000,-1,-1,2,0,2,0,2,0,0,0,0,2,2,2,2,0,0,2,2
50,7597.333,-3158.063,-91.689,185.709,-0.994731,0.099356,-0.025283,-0.097979,-0.993887,-0.050878,-0.030183,-0.048133,0.998385,0,0.71040,-0.08086,42.624,-0.162,-1,425.000,-1,400.000,-1,325.000,325.000,300.000,325.000,-1,-1,-1,-1,875.000,775.000,-1,-1,2,0,2,0,2,0,0,0,0,2,2,2,2,0,0,2,2
51,7554.908,-3162.184,-93.046,185.547,-0.994973,0.096546,-0.026602,-0.095076,-0.994118,-0.051870,-0.031453,-0.049080,0.998299,0,0.71040,-0.08086,42.624,-0.162,-1,425.000,-1,400.000,-1,325.000,325.000,300.000,325.000,-1,-1,-1,-1,850.000,750.000,-1,-1,2,0,2,0,2,0,0,0,0,2,2,2,2,0,0,2,2
52,7507.712,-3166.834,-94.586,185.625,-0.994800,0.097900,-0.028075,-0.096323,-0.993944,-0.052887,-0.033082,-0.049908,0.998206,0,0.79040,0.03914,47.424,0.078,-1,400.000,-1,400.000,-1,325.000,325.000,300.000,325.000,-1,-1,-1,-1,850.000,750.000,-1,-1,2,0,2,0,2,0,0,0,0,2,2,2,2,0,0,2,2
53,7459.517,-3171.852,-96.198,185.944,-0.994198,0.103416,-0.029590,-0.101725,-0.993353,-0.053872,-0.034964,-0.050549,0.998109,0,0.80760,0.15914,48.456,0.318,-1,400.000,-1,400.000,-1,325.000,325.000,300.000,325.000,-1,-1,-1,-1,850.000,750.000,-1,-1,2,0,2,0,2,0,0,0,0,2,2,2,2,0,0,2,2
54,7411.372,-3177.340,-97.852,186.502,-0.993098,0.113087,-0.031100,-0.111276,-0.992275,-0.054850,-0.037063,-0.051011,0.998010,0,0.80760,0.27914,48.456,0.558,-1,400.000,-1,400.000,-1,325.000,325.000,300.000,300.000,-1,-1,-1,-1,825.000,750.000,-1,-1,2,0,2,0,2,0,0,0,0,2,2,2,2,0,0,2,2
55,7363.284,-3183.297,-99.539,187.061,-0.991900,0.122761,-0.032629,-0.120825,-0.991101,-0.055863,-0.039197,-0.051468,0.997905,0,0.80760,0.27954,48.456,0.559,-1,400.000,-1,400.000,-1,325.000,325.000,300.000,300.000,-1,-1,-1,-1,825.000,725.000,-1,-1,2,0,2,0,2,0,0,0,0,2,2,2,2,0,0,2,2
56,7315.256,-3189.723,-101.259,187.620,-0.990604,0.132423,-0.034178,-0.130356,-0.989832,-0.056912,-0.041367,-0.051922,0.997794,0,0.80760,0.27954,48.456,0.559,-1,400.000,-1,375.000,-1,325.000,325.000,300.000,300.000,-1,-1,-1,-1,825.000,725.000,-1,-1,2,0,2,0,2,0,0,0,0,2,2,2,2,0,0,2,2
57,7267.293,-3196.617,-103.015,188.179,-0.989211,0.142072,-0.035745,-0.139870,-0.988470,-0.057993,-0.043572,-0.052368,0.997677,0,0.80760,0.27954,48.456,0.559,-1,400.000,-1,375.000,-1,325.000,325.000,300.000,300.000,-1,-1,-1,-1,825.000,725.000,-1,-1,2,0,2,0,2,0,0,0,0,2,2,2,2,0,0,2,2
58,7219.399,-3203.979,-104.921,188.738,-0.987739,0.151710,-0.036832,-0.149416,-0.987036,-0.058612,-0.045246,-0.052390,0.997601,0,0.80760,0.27954,48.456,0.559,-1,400.000,-1,375.000,-1,325.000,325.000,300.000,300.000,-1,-1,-1,-1,800.000,725.000,-1,-1,2,0,2,0,2,0,0,0,0,2,2,2,2,0,0,2,2
59,7171.580,-3211.807,-106.918,189.297,-0.986187,0.161331,-0.037521,-0.158954,-0.985492,-0.059487,-0.046574,-0.052701,0.997524,0,0.80760,0.27954,48.456,0.559,-1,400.000,-1,375.000,-1,325.000,325.000,300.000,300.000,-1,-1,-1,-1,800.000,700.000,-1,-1,2,0,2,0,2,0,0,0,0,2,2,2,2,0,0,2,2
60,7123.839,-3220.103,-109.095,189.856,-0.984571,0.170932,-0.037440,-0.168492,-0.983828,-0.060767,-0.047221,-0.053521,0.997450,0,0.80760,0.27954,48.456,0.559,-1,400.000,-1,375.000,-1,325.000,325.000,300.000,300.000,-1,-1,-1,-1,800.000,700.000,-1,-1,2,0,2,0,2,0,0,0,0,2,2,2,2,0,0,2,2
61,7076.182,-3228.863,-111.311,190.415,-0.982863,0.180516,-0.037342,-0.178016,-0.982073,-0.061990,-0.047863,-0.054280,0.997378,0,0.80760,0.27954,48.456,0.559,-1,400.000,-1,375.000,-1,325.000,325.000,300.000,300.000,-1,-1,-1,-1,800.000,700.000,-1,-1,2,0,2,0,2,0,0,0,0,2,2,2,2,0,0,2,2
62,7028.612,-3238.089,-113.577,190.974,-0.981061,0.190082,-0.037249,-0.187521,-0.980226,-0.063190,-0.048524,-0.055008,0.997306,0,0.80760,0.27954,48.456,0.559,-1,400.000,-1,375.000,-1,325.000,325.000,300.000,300.000,-1,-1,-1,-1,800.000,700.000,-1,-1,2,0,2,0,2,0,0,0,0,2,2,2,2,0,0,2,2
63,6981.135,-3247.778,-115.896,191.533,-0.979166,0.199630,-0.037159,-0.197008,-0.978287,-0.064363,-0.049201,-0.055702,0.997234,0,0.80760,0.27954,48.456,0.559,-1,400.000,-1,375.000,-1,325.000,325.000,300.000,300.000,-1,-1,-1,-1,775.000,700.000,-1,-1,2,0,2,0,2,0,0,0,0,2,2,2,2,0,0,2,2
64,6933.754,-3257.929,-118.268,192.093,-0.977179,0.209159,-0.037071,-0.206476,-0.976256,-0.065507,-0.049892,-0.056358,0.997163,0,0.80760,0.27954,48.456,0.559,-1,400.000,-1,375.000,-1,325.000,325.000,300.000,300.000,-1,-1,-1,-1,775.000,700.000,-1,-1,2,0,2,0,2,0,0,0,0,2,2,2,2,0,0,2,2
65,6886.475,-3268.543,-120.718,192.652,-0.975100,0.218668,-0.036943,-0.215932,-0.974139,-0.066530,-0.050535,-0.056897,0.997100,0,0.80760,0.27954,48.456,0.559,-1,400.000,-1,375.000,-1,325.000,325.000,300.000,300.000,-1,-1,-1,-1,775.000,700.000,-1,-1,2,0,2,0,2,0,0,0,0,2,2,2,2,0,0,2,2
66,6839.302,-3279.617,-123.221,193.211,-0.972928,0.228156,-0.036831,-0.225365,-0.971930,-0.067546,-0.051209,-0.057417,0.997036,0,0.80760,0.27954,48.456,0.559,-1,400.000,-1,375.000,-1,325.000,325.000,300.000,300.000,-1,-1,-1,-1,775.000,700.000,-1,-1,2,0,2,0,2,0,0,0,0,2,2,2,2,0,0,2,2
67,6792.239,-3291.151,-125.775,193.770,-0.970663,0.237622,-0.036733,-0.234775,-0.969630,-0.068543,-0.051904,-0.057909,0.996972,0,0.80760,0.27954,48.456,0.559,-1,400.000,-1,375.000,-1,325.000,325.000,300.000,300.000,-1,-1,-1,-1,775.000,675.000,-1,-1,2,0,2,0,2,0,0,0,0,2,2,2,2,0,0,2,2
68,6745.290,-3303.144,-128.378,194.329,-0.968306,0.247065,-0.036643,-0.244163,-0.967240,-0.069515,-0.052618,-0.058365,0.996908,0,0.80760,0.27954,48.456,0.559,-1,400.000,-1,375.000,-1,325.000,325.000,300.000,300.000,-1,-1,-1,-1,775.000,675.000,-1,-1,2,0,2,0,2,0,0,0,0,2,2,2,2,0,0,2,2
69,6698.461,-3315.594,-131.033,194.888,-0.965856,0.256485,-0.036564,-0.253526,-0.964759,-0.070460,-0.053348,-0.058784,0.996844,0,0.80760,0.27954,48.456,0.559,-1,400.000,-1,375.000,-1,325.000,325.000,300.000,300.000,-1,-1,-1,-1,775.000,675.000,-1,-1,2,0,2,0,2,0,0,0,0,2,2,2,2,0,0,2,2
70,6651.756,-3328.501,-133.740,195.447,-0.963315,0.265881,-0.036496,-0.262866,-0.962189,-0.071378,-0.054094,-0.059166,0.996781,0,0.80760,0.27954,48.456,0.559,-1,400.000,-1,375.000,-1,325.000,300.000,300.000,300.000,-1,-1,-1,-1,750.000,675.000,-1,-1,2,0,2,0,2,0,0,0,0,2,2,2,2,0,0,2,2
71,6605.179,-3341.863,-136.401,196.006,-0.960684,0.275245,-0.036419,-0.272154,-0.959508,-0.072642,-0.054939,-0.059874,0.996693,0,0.80760,0.27954,48.456,0.559,-1,400.000,-1,375.000,-1,325.000,300.000,300.000,300.000,-1,-1,-1,-1,750.000,675.000,-1,-1,2,0,2,0,2,0,0,0,0,2,2,2,2,0,0,2,2
72,6558.734,-3355.679,-138.865,196.565,-0.958001,0.284567,-0.035429,-0.281417,-0.956683,-0.074575,-0.055116,-0.061473,0.996586,0,0.80760,0.27954,48.456,0.559,-1,400.000,-1,375.000,-1,325.000,300.000,300.000,300.000,-1,-1,-1,-1,750.000,675.000,-1,-1,2,0,2,0,2,0,0,0,0,2,2,2,2,0,0,2,2
73,6512.427,-3369.948,-141.382,197.124,-0.955229,0.293859,-0.034418,-0.290655,-0.953768,-0.076465,-0.055296,-0.063038,0.996478,0,0.80760,0.27954,48.456,0.559,-1,400.000,-1,375.000,-1,325.000,300.000,300.000,300.000,-1,-1,-1,-1,750.000,675.000,-1,-1,2,0,2,0,2,0,0,0,0,2,2,2,2,0,0,2,2
74,6466.261,-3384.668,-143.914,197.683,-0.952360,0.303125,-0.033550,-0.299864,-0.950771,-0.078200,-0.055602,-0.064414,0.996373,0,0.80760,0.27954,48.456,0.559,-1,400.000,-1,375.000,-1,325.000,300.000,300.000,300.000,-1,-1,-1,-1,750.000,675.000,-1,-1,2,0,2,0,2,0,0,0,0,2,2,2,2,0,0,2,2
75,6415.613,-3401.128,-146.512,198.002,-0.950711,0.308399,-0.032246,-0.305172,-0.949018,-0.078958,-0.054953,-0.065226,0.996356,0,0.88760,0.15954,53.256,0.319,-1,400.000,-1,375.000,-1,325.000,300.000,300.000,300.000,-1,-1,-1,-1,775.000,675.000,-1,-1,2,0,2,0,2,0,0,0,0,2,2,2,2,0,0,2,2
76,6363.060,-3418.287,-149.207,198.081,-0.950338,0.309690,-0.030818,-0.306523,-0.948535,-0.079530,-0.053862,-0.066134,0.996356,0,0.92139,0.03954,55.284,0.079,-1,400.000,-1,375.000,-1,325.000,300.000,300.000,300.000,-1,-1,-1,-1,775.000,700.000,-1,-1,2,0,2,0,2,0,0,0,0,2,2,2,2,0,0,2,2
77,6310.065,-3435.426,-151.948,197.921,-0.951256,0.307001,-0.029367,-0.303905,-0.949328,-0.080115,-0.052475,-0.067285,0.996353,0,0.92829,-0.08046,55.697,-0.161,-1,400.000,-1,375.000,-1,325.000,300.000,300.000,300.000,-1,-1,-1,-1,775.000,700.000,-1,-1,2,0,2,0,2,0,0,0,0,2,2,2,2,0,0,2,2
78,6256.555,-3452.318,-154.722,197.520,-0.953431,0.300321,-0.027871,-0.297309,-0.951361,-0.080741,-0.050764,-0.068694,0.996345,0,0.93522,-0.20046,56.113,-0.401,-1,400.000,-1,375.000,-1,325.000,325.000,300.000,300.000,-1,-1,-1,-1,775.000,700.000,-1,-1,2,0,2,0,2,0,0,0,0,2,2,2,2,0,0,2,2
79,6202.457,-3468.734,-157.511,196.879,-0.956778,0.289627,-0.026322,-0.286712,-0.954550,-0.081427,-0.048709,-0.070361,0.996332,0,0.94222,-0.32046,56.533,-0.641,-1,400.000,-1,375.000,-1,325.000,325.000,300.000,300.000,-1,-1,-1,-1,775.000,700.000,-1,-1,2,0,2,0,2,0,0,0,0,2,2,2,2,0,0,2,2
80,6147.704,-3484.433,-160.290,195.998,-0.961160,0.274880,-0.024740,-0.272078,-0.958760,-0.082174,-0.046308,-0.072251,0.996311,0,0.94932,-0.44046,56.959,-0.881,-1,400.000,-1,375.000,-1,325.000,325.000,300.000,300.000,-1,-1,-1,-1,800.000,700.000,-1,-1,2,0,2,0,2,0,0,0,0,2,2,2,2,0,0,2,2
81,6092.236,-3499.170,-163.037,194.877,-0.966392,0.256032,-0.023117,-0.253361,-0.963805,-0.083001,-0.043531,-0.074354,0.996281,0,0.95653,-0.56046,57.392,-1.121,-1,400.000,-1,375.000,-1,325.000,325.000,300.000,300.000,-1,850.000,-1,-1,800.000,700.000,-1,-1,2,0,2,0,2,0,0,0,0,2,0,2,2,0,0,2,2
82,6036.005,-3512.688,-165.729,193.516,-0.972234,0.233028,-0.021446,-0.230508,-0.969444,-0.083925,-0.040348,-0.076652,0.996241,0,0.96389,-0.68046,57.833,-1.361,-1,400.000,-1,375.000,-1,325.000,325.000,300.000,300.000,-1,700.000,1000.000,-1,800.000,700.000,-1,-1,2,0,2,0,2,0,0,0,0,2,0,0,2,0,0,2,2
83,5978.976,-3524.724,-168.341,191.915,-0.978393,0.205813,-0.019719,-0.203469,-0.975388,-0.084966,-0.036720,-0.079118,0.996189,0,0.97140,-0.80046,58.284,-1.601,-1,400.000,-1,375.000,-1,325.000,325.000,300.000,300.000,-1,600.000,800.000,-1,800.000,725.000,-1,-1,2,0,2,0,2,0,0,0,0,2,0,0,2,0,0,2,2
84,5921.136,-3535.003,-170.606,190.074,-0.984517,0.174324,-0.018376,-0.172114,-0.981219,-0.087093,-0.033213,-0.082582,0.996031,0,0.97908,-0.92046,58.745,-1.841,-1,400.000,-1,375.000,-1,325.000,325.000,300.000,300.000,-1,550.000,725.000,-1,800.000,700.000,-1,-1,2,0,2,0,2,0,0,0,0,2,0,0,2,0,1,2,2
85,5862.507,-3543.323,-172.572,188.074,-0.990009,0.139931,-0.017378,-0.137853,-0.986409,-0.089403,-0.029652,-0.086115,0.995844,0,0.98692,-1.00000,59.215,-2.000,-1,400.000,-1,375.000,-1,325.000,325.000,300.000,300.000,-1,525.000,700.000,-1,775.000,700.000,-1,-1,2,0,2,0,2,0,0,0,0,2,0,0,2,1,1,2,2
86,5803.149,-3549.641,-173.967,186.074,-0.994283,0.105405,-0.017048,-0.103462,-0.990539,-0.090156,-0.026390,-0.087877,0.995782,0,0.99487,-1.00000,59.692,-2.000,-1,400.000,-1,375.000,-1,325.000,325.000,300.000,300.000,-1,550.000,700.000,-1,750.000,675.000,-1,-1,2,0,2,0,2,0,0,0,0,2,0,0,2,1,1,2,2
87,5743.299,-3553.905,-175.199,184.074,-0.997355,0.070761,-0.016614,-0.068970,-0.993467,-0.090925,-0.022939,-0.089538,0.995719,0,1.00000,-1.00000,60.000,-2.000,-1,400.000,-1,375.000,-1,325.000,325.000,300.000,300.000,-1,575.000,700.000,-1,700.000,650.000,-1,-1,2,0,2,0,2,0,0,0,0,2,0,0,2,1,1,2,2
88,5683.336,-3556.077,-176.257,182.074,-0.999221,0.036041,-0.016105,-0.034417,-0.995189,-0.091726,-0.019333,-0.091100,0.995654,0,1.00000,-1.00000,60.000,-2.000,-1,400.000,-1,375.000,-1,325.000,325.000,300.000,300.000,-1,600.000,725.000,-1,675.000,650.000,-1,-1,2,0,2,0,2,0,0,0,0,2,0,0,2,1,1,2,2
89,5623.335,-3556.156,-177.133,180.074,-0.999879,0.001288,-0.015529,0.000155,-0.995708,-0.092548,-0.015582,-0.092539,0.995587,0,1.00000,-0.99999,60.000,-2.000,-1,400.000,1000.000,375.000,-1,325.000,325.000,325.000,300.000,-1,625.000,725.000,-1,625.000,650.000,-1,-1,2,0,1,0,2,0,0,0,0,2,0,0,2,1,1,2,2
90,5563.366,-3554.149,-177.820,178.082,-0.999334,-0.033318,-0.014894,0.034566,-0.995030,-0.093381,-0.011709,-0.093833,0.995519,0,1.00000,-0.99594,60.000,-1.992,-1,375.000,-1,375.000,-1,325.000,325.000,325.000,300.000,-1,650.000,725.000,-1,575.000,650.000,-1,-1,2,1,2,1,2,0,0,0,0,2,0,0,2,1,1,2,2
91,5503.503,-3550.068,-178.311,176.100,-0.997604,-0.067708,-0.014205,0.068749,-0.993176,-0.094212,-0.007730,-0.094962,0.995451,0,1.00000,-0.99112,60.000,-1.982,-1,350.000,-1,375.000,-1,300.000,300.000,325.000,300.000,-1,675.000,750.000,-1,525.000,650.000,-1,-1,2,1,2,1,2,1,1,0,0,2,0,0,2,1,1,2,2
92,5443.816,-3543.931,-178.598,174.129,-0.994712,-0.101817,-0.013467,0.102639,-0.990169,-0.095027,-0.003659,-0.095907,0.995384,0,1.00000,-0.98548,60.000,-1.971,-1,325.000,-1,375.000,-1,300.000,300.000,325.000,300.000,-1,675.000,750.000,-1,475.000,700.000,725.000,-1,2,1,2,1,2,1,1,0,0,2,0,0,2,1,1,1,2
93,5384.373,-3535.757,-178.675,172.171,-0.990686,-0.135577,-0.012681,0.136168,-0.986042,-0.095815,0.000486,-0.096649,0.995318,0,1.00000,-0.97893,60.000,-1.958,-1,300.000,-1,350.000,-1,275.000,300.000,325.000,300.000,-1,700.000,750.000,-1,425.000,800.000,575.000,-1,2,1,2,1,2,1,1,0,0,2,0,0,2,1,1,1,2
94,5325.242,-3525.573,-178.536,170.228,-0.985559,-0.168919,-0.011849,0.169269,-0.980828,-0.096561,0.004689,-0.097172,0.995257,0,1.00000,-0.97141,60.000,-1.943,-1,275.000,-1,350.000,-1,250.000,275.000,325.000,300.000,-1,725.000,775.000,-1,400.000,925.000,475.000,-1,2,1,2,1,2,1,1,0,0,2,0,0,2,1,1,1,2
95,5266.487,-3513.401,-176.942,168.303,-0.979389,-0.201872,-0.006677,0.201609,-0.975038,-0.093033,0.012271,-0.092462,0.995641,0,1.00000,-0.96280,60.000,-1.926,-1,275.000,-1,375.000,-1,250.000,275.000,325.000,300.000,-1,675.000,700.000,-1,375.000,925.000,400.000,-1,2,1,2,1,2,1,1,0,0,2,0,0,2,1,1,1,2
96,5208.172,-3499.273,-173.209,166.397,-0.972107,-0.234449,0.006515,0.233104,-0.968854,-0.083577,0.025906,-0.079727,0.996480,0,1.00000,-0.95300,60.000,-1.906,-1,275.000,-1,400.000,-1,250.000,300.000,375.000,300.000,-1,475.000,425.000,-1,400.000,950.000,375.000,-1,2,1,2,1,2,1,1,0,0,2,0,0,2,1,1,1,2
97,5150.352,-3483.238,-168.836,164.513,-0.963611,-0.266434,0.021608,0.264195,-0.961573,-0.074690,0.040677,-0.066264,0.996973,0,1.00000,-0.94189,60.000,-1.884,-1,300.000,-1,450.000,-1,275.000,325.000,400.000,300.000,-1,375.000,250.000,-1,425.000,1000.000,350.000,-1,2,1,2,1,2,1,1,0,0,2,0,0,2,1,1,1,2
98,5093.081,-3465.338,-163.938,162.654,-0.953864,-0.297740,0.038652,0.294880,-0.953258,-0.065916,0.056471,-0.051477,0.997076,0,1.00000,-0.92930,60.000,-1.859,-1,300.000,-1,550.000,-1,300.000,350.000,450.000,275.000,-1,300.000,175.000,-1,475.000,-1,350.000,-1,2,1,2,1,2,1,1,1,0,2,0,0,2,1,2,1,2
99,5036.411,-3445.623,-159.590,160.824,-0.943062,-0.328239,0.053783,0.325203,-0.943858,-0.058101,0.069834,-0.037303,0.996861,0,1.00000,-0.91507,60.000,-1.830,-1,350.000,-1,625.000,-1,325.000,400.000,475.000,275.000,-1,275.000,125.000,875.000,550.000,-1,325.000,-1,2,1,2,0,2,1,1,1,0,2,0,0,0,1,2,1,2
100,4980.386,-3424.143,-156.702,159.026,-0.931678,-0.357807,0.062851,0.354870,-0.933394,-0.053309,0.077739,-0.027363,0.996598,0,1.00000,-0.89901,60.000,-1.798,350.000,375.000,-1,650.000,-1,350.000,425.000,475.000,275.000,-1,275.000,100.000,725.000,625.000,-1,350.000,-1,1,1,2,1,2,1,1,1,0,2,0,0,0,1,2,1,2
101,4925.047,-3400.952,-154.468,157.264,-0.919712,-0.386415,0.069384,0.383755,-0.922144,-0.048808,0.082842,-0.018263,0.996395,0,1.00000,-0.88090,60.000,-1.762,250.000,375.000,-1,625.000,-1,375.000,475.000,475.000,250.000,-1,275.000,75.000,650.000,650.000,-1,-1,-1,1,1,2,1,2,1,1,1,0,2,0,0,0,1,2,2,2
102,4870.431,-3376.112,-152.912,155.543,-0.907328,-0.413984,0.073294,0.411729,-0.910229,-0.044305,0.085056,-0.010022,0.996326,0,1.00000,-0.86053,60.000,-1.721,275.000,400.000,-1,625.000,-1,400.000,475.000,450.000,250.000,-1,275.000,75.000,600.000,675.000,-1,-1,-1,1,1,2,1,2,1,1,1,0,2,0,0,0,1,2,2,2
103,4816.564,-3349.686,-152.055,153.868,-0.894683,-0.440441,0.074534,0.438674,-0.897778,-0.039502,0.084313,-0.002645,0.996436,0,1.00000,-0.83771,60.000,-1.675,500.000,400.000,-1,600.000,-1,400.000,475.000,375.000,250.000,-1,300.000,75.000,575.000,675.000,-1,-1,-1,1,1,2,1,2,1,1,1,0,2,0,0,0,1,2,2,2
104,6231.355,-2295.771,-62.029,-92.302,-0.039985,0.999192,-0.003954,-0.996033,-0.040173,-0.079404,-0.079498,0.000764,0.996835,1,0.00000,0.00000,58.289,-1.435,-1,400.000,-1,400.000,-1,325.000,325.000,300.000,325.000,-1,-1,-1,-1,725.000,800.000,-1,-1,2,0,2,0,2,0,0,0,0,2,2,2,2,0,0,2,2
105,6231.143,-2300.566,-62.415,-92.542,-0.044175,0.999016,-0.004063,-0.995850,-0.044358,-0.079463,-0.079565,0.000536,0.996830,0,0.08000,-0.12000,4.800,-0.240,-1,400.000,-1,400.000,-1,325.000,325.000,300.000,325.000,-1,-1,-1,-1,725.000,800.000,-1,-1,2,0,2,0,2,0,0,0,0,2,2,2,2,0,0,2,2
106,6230.636,-2310.153,-63.186,-93.022,-0.052551,0.998609,-0.004284,-0.995433,-0.052726,-0.079586,-0.079701,0.000082,0.996819,0,0.16000,-0.24000,9.600,-0.480,-1,400.000,-1,400.000,-1,325.000,325.000,300.000,325.000,-1,-1,-1,-1,750.000,800.000,-1,-1,2,0,2,0,2,0,0,0,0,2,2,2,2,0,0,2,2
107,6229.747,-2324.525,-64.340,-93.541,-0.061582,0.998091,-0.004639,-0.994900,-0.061756,-0.079756,-0.079890,-0.000296,0.996804,0,0.24000,-0.25912,14.400,-0.518,-1,400.000,-1,400.000,-1,325.000,325.000,300.000,325.000,-1,-1,-1,-1,750.000,800.000,-1,-1,2,0,2,0,2,0,0,0,0,2,2,2,2,0,0,2,2
108,6228.388,-2343.677,-65.876,-94.059,-0.070597,0.997492,-0.005131,-0.994281,-0.070781,-0.079970,-0.080133,-0.000544,0.996784,0,0.32000,-0.25912,19.200,-0.518,-1,400.000,-1,400.000,-1,325.000,325.000,300.000,325.000,-1,-1,-1,-1,750.000,800.000,-1,-1,2,0,2,0,2,0,0,0,0,2,2,2,2,0,0,2,2
109,6226.473,-2367.601,-67.795,-94.577,-0.079595,0.996811,-0.005759,-0.993577,-0.079800,-0.080230,-0.080433,-0.000664,0.996760,0,0.40000,-0.25912,24.000,-0.518,-1,400.000,-1,400.000,-1,325.000,325.000,300.000,325.000,-1,-1,-1,-1,750.000,800.000,-1,-1,2,0,2,0,2,0,0,0,0,2,2,2,2,0,0,2,2
110,6223.915,-2396.287,-70.097,-95.095,-0.088576,0.996048,-0.006516,-0.992787,-0.088813,-0.080532,-0.080793,-0.000664,0.996731,0,0.48000,-0.25912,28.800,-0.518,-1,400.000,-1,400.000,-1,325.000,325.000,300.000,325.000,-1,-1,-1,-1,750.000,800.000,-1,-1,2,0,2,0,2,0,0,0,0,2,2,2,2,0,0,2,2
111,6220.628,-2429.726,-72.786,-95.614,-0.097540,0.995204,-0.007396,-0.991913,-0.097818,-0.080876,-0.081211,-0.000553,0.996697,0,0.56000,-0.25912,33.600,-0.518,-1,400.000,-1,400.000,-1,325.000,325.000,300.000,300.000,-1,-1,-1,-1,750.000,800.000,-1,-1,2,0,2,0,2,0,0,0,0,2,2,2,2,0,0,2,2
112,6216.526,-2467.906,-75.863,-96.132,-0.106486,0.994279,-0.008388,-0.990953,-0.106816,-0.081258,-0.081689,-0.000340,0.996658,0,0.64000,-0.25912,38.400,-0.518,-1,400.000,-1,400.000,-1,325.000,325.000,300.000,300.000,-1,-1,-1,-1,750.000,800.000,-1,-1,2,0,2,0,2,0,0,0,0,2,2,2,2,0,0,2,2
113,6211.523,-2510.816,-79.332,-96.650,-0.115416,0.993272,-0.009481,-0.989909,-0.115805,-0.081673,-0.082221,-0.000041,0.996614,0,0.72000,-0.25912,43.200,-0.518,-1,400.000,-1,400.000,-1,325.000,325.000,300.000,300.000,-1,-1,-1,-1,750.000,800.000,-1,-1,2,0,2,0,2,0,0,0,0,2,2,2,2,0,0,2,2
114,6205.534,-2558.441,-83.197,-97.168,-0.124328,0.992184,-0.010657,-0.988780,-0.124784,-0.082117,-0.082805,0.000328,0.996566,0,0.80000,-0.25912,48.000,-0.518,-1,400.000,-1,400.000,-1,325.000,325.000,300.000,300.000,-1,-1,-1,-1,750.000,800.000,-1,-1,2,0,2,0,2,0,0,0,0,2,2,2,2,0,0,2,2
115,6198.575,-2609.999,-87.491,-97.687,-0.133260,0.991015,-0.011472,-0.987596,-0.133753,-0.082249,-0.083044,0.000369,0.996546,0,0.86710,-0.25912,52.026,-0.518,-1,400.000,-1,400.000,-1,325.000,325.000,300.000,300.000,-1,-1,-1,-1,750.000,800.000,-1,-1,2,0,2,0,2,0,0,0,0,2,2,2,2,0,0,2,2
116,6191.102,-2661.727,-91.838,-98.220,-0.142470,0.989726,-0.012016,-0.986314,-0.142975,-0.082117,-0.082991,0.000152,0.996550,0,0.87108,-0.26677,52.265,-0.534,-1,400.000,-1,400.000,-1,325.000,325.000,300.000,300.000,-1,-1,-1,-1,750.000,800.000,-1,-1,2,0,2,0,2,0,0,0,0,2,2,2,2,0,0,2,2
117,6183.084,-2713.680,-96.242,-98.774,-0.152014,0.988298,-0.012612,-0.984872,-0.152537,-0.082219,-0.083181,-0.000077,0.996534,0,0.87614,-0.27695,52.568,-0.554,-1,400.000,-1,400.000,-1,325.000,325.000,300.000,300.000,-1,-1,-1,-1,750.000,800.000,-1,-1,2,0,2,0,2,0,0,0,0,2,2,2,2,0,0,2,2
118,6174.497,-2765.838,-100.690,-99.348,-0.161903,0.986719,-0.013181,-0.983276,-0.162438,-0.082359,-0.083406,-0.000373,0.996516,0,0.88099,-0.28725,52.859,-0.575,-1,400.000,-1,400.000,-1,325.000,325.000,300.000,300.000,-1,-1,-1,-1,750.000,800.000,-1,-1,2,0,2,0,2,0,0,0,0,2,2,2,2,0,0,2,2
119,6165.321,-2818.177,-105.179,-99.944,-0.172139,0.984977,-0.013704,-0.981514,-0.172682,-0.082532,-0.083659,-0.000757,0.996494,0,0.88562,-0.29768,53.137,-0.595,-1,400.000,-1,400.000,-1,325.000,325.000,300.000,300.000,-1,-1,-1,-1,750.000,800.000,-1,-1,2,0,2,0,2,0,0,0,0,2,2,2,2,0,0,2,2
120,6155.534,-2870.674,-109.710,-100.560,-0.182725,0.983062,-0.014174,-0.979574,-0.183270,-0.082743,-0.083940,-0.001234,0.996470,0,0.89003,-0.30823,53.402,-0.616,-1,400.000,-1,400.000,-1,325.000,325.000,300.000,300.000,-1,-1,-1,-1,750.000,800.000,-1,-1,2,0,2,0,2,0,0,0,0,2,2,2,2,0,0,2,2
121,6145.115,-2923.305,-114.281,-101.198,-0.193660,0.980960,-0.014589,-0.977445,-0.194200,-0.082997,-0.084250,-0.001813,0.996443,0,0.89421,-0.31888,53.652,-0.638,-1,400.000,-1,400.000,-1,325.000,325.000,300.000,300.000,-1,-1,-1,-1,750.000,800.000,-1,-1,2,0,2,0,2,0,0,0,0,2,2,2,2,0,0,2,2
122,6134.042,-2976.044,-118.893,-101.857,-0.204946,0.978659,-0.014942,-0.975111,-0.205475,-0.083297,-0.084590,-0.002501,0.996413,0,0.89814,-0.32965,53.889,-0.659,-1,400.000,-1,400.000,-1,325.000,325.000,300.000,300.000,-1,-1,-1,-1,750.000,800.000,-1,-1,2,0,2,0,2,0,0,0,0,2,2,2,2,0,0,2,2
123,6122.295,-3028.864,-123.547,-102.538,-0.216582,0.976146,-0.015229,-0.972560,-0.217092,-0.083651,-0.084962,-0.003306,0.996379,0,0.90184,-0.34051,54.110,-0.681,-1,400.000,-1,400.000,-1,325.000,325.000,300.000,300.000,-1,-1,-1,-1,750.000,800.000,-1,-1,2,0,2,0,2,0,0,0,0,2,2,2,2,0,0,2,2
124,6109.854,-3081.736,-128.242,-103.241,-0.228568,0.973405,-0.015446,-0.969778,-0.229050,-0.084063,-0.085366,-0.004235,0.996341,0,0.90528,-0.35146,54.317,-0.703,-1,400.000,-1,400.000,-1,325.000,325.000,300.000,300.000,-1,-1,-1,-1,750.000,800.000,-1,-1,2,0,2,0,2,0,0,0,0,2,2,2,2,0,0,2,2
125,6096.699,-3134.633,-132.978,-103.966,-0.240901,0.970424,-0.015587,-0.966749,-0.241347,-0.084541,-0.085802,-0.005297,0.996298,0,0.90845,-0.36249,54.507,-0.725,-1,400.000,-1,400.000,-1,325.000,325.000,300.000,300.000,-1,-1,-1,-1,750.000,800.000,-1,-1,2,0,2,0,2,0,0,0,0,2,2,2,2,0,0,2,2
126,6082.811,-3187.522,-137.756,-104.713,-0.253581,0.967188,-0.015649,-0.963459,-0.253980,-0.085090,-0.086272,-0.006500,0.996250,0,0.91137,-0.37360,54.682,-0.747,-1,400.000,-1,400.000,-1,325.000,325.000,275.000,300.000,-1,-1,-1,-1,750.000,825.000,-1,-1,2,0,2,0,2,0,0,0,0,2,2,2,2,0,0,2,2
127,6068.171,-3240.373,-142.511,-105.483,-0.266579,0.963682,-0.015898,-0.959889,-0.266945,-0.085753,-0.086882,-0.007599,0.996190,0,0.91401,-0.38477,54.841,-0.770,-1,400.000,-1,400.000,-1,325.000,325.000,275.000,300.000,-1,-1,-1,-1,750.000,825.000,-1,-1,2,0,2,0,2,0,0,0,0,2,2,2,2,0,0,2,2
128,6052.762,-3293.152,-147.205,-106.275,-0.279885,0.959894,-0.016384,-0.956061,-0.280238,-0.086109,-0.087247,-0.008437,0.996151,0,0.91638,-0.39599,54.983,-0.792,-1,400.000,-1,400.000,-1,325.000,325.000,275.000,300.000,-1,-1,-1,-1,750.000,825.000,-1,-1,2,0,2,0,2,0,0,0,0,2,2,2,2,0,0,2,2
129,6036.568,-3345.827,-151.891,-107.089,-0.293500,0.955807,-0.017022,-0.951955,-0.293853,-0.086209,-0.087401,-0.009098,0.996132,0,0.91847,-0.40725,55.108,-0.815,-1,400.000,-1,400.000,-1,325.000,325.000,275.000,300.000,-1,-1,-1,-1,750.000,825.000,-1,-1,2,0,2,0,2,0,0,0,0,2,2,2,2,0,0,2,2
130,6019.573,-3398.363,-156.685,-107.927,-0.307418,0.951408,-0.017820,-0.947538,-0.307784,-0.086261,-0.087554,-0.009633,0.996113,0,0.92027,-0.41854,55.216,-0.837,-1,400.000,-1,400.000,-1,325.000,325.000,275.000,300.000,-1,-1,-1,-1,750.000,825.000,-1,-1,2,0,2,0,2,0,0,0,0,2,2,2,2,0,0,2,2
131,6001.761,-3450.724,-161.555,-108.786,-0.321640,0.946677,-0.018694,-0.942781,-0.322022,-0.086409,-0.087821,-0.010168,0.996084,0,0.92179,-0.42985,55.308,-0.860,-1,400.000,-1,400.000,-1,325.000,325.000,300.000,300.000,-1,-1,-1,-1,750.000,800.000,-1,-1,2,0,2,0,2,0,0,0,0,2,2,2,2,0,0,2,2
132,5983.121,-3502.875,-166.476,-109.669,-0.336166,0.941600,-0.019530,-0.937670,-0.336560,-0.086612,-0.088126,-0.010803,0.996051,0,0.92302,-0.44116,55.381,-0.882,-1,400.000,-1,400.000,-1,325.000,325.000,300.000,300.000,-1,-1,-1,-1,725.000,800.000,-1,-1,2,0,2,0,2,0,0,0,0,2,2,2,2,0,0,2,2
133,5963.640,-3554.777,-171.447,-110.574,-0.350987,0.936160,-0.020325,-0.932192,-0.351386,-0.086873,-0.088469,-0.011544,0.996012,0,0.92397,-0.45246,55.438,-0.905,-1,400.000,-1,400.000,-1,325.000,325.000,300.000,300.000,-1,-1,-1,-1,725.000,800.000,-1,-1,2,0,2,0,2,0,0,0,0,2,2,2,2,0,0,2,2
134,5943.307,-3606.394,-176.468,-111.501,-0.366093,0.930340,-0.021080,-0.926327,-0.366489,-0.087198,-0.088849,-0.012396,0.995968,0,0.92462,-0.46374,55.477,-0.927,-1,400.000,-1,400.000,-1,325.000,325.000,300.000,300.000,-1,-1,-1,-1,725.000,775.000,-1,-1,2,0,2,0,2,0,0,0,0,2,2,2,2,0,0,2,2
135,5923.776,-3653.157,-181.084,-112.668,-0.384996,0.922663,-0.021711,-0.918603,-0.385362,-0.087547,-0.089143,-0.013762,0.995924,0,0.84462,-0.58374,50.677,-1.167,-1,400.000,-1,400.000,-1,325.000,325.000,300.000,300.000,-1,-1,-1,-1,725.000,775.000,-1,-1,2,0,2,0,2,0,0,0,0,2,2,2,2,0,0,2,2
136,5903.991,-3697.868,-185.523,-113.870,-0.404316,0.914354,-0.022040,-0.910251,-0.404621,-0.087890,-0.089280,-0.015474,0.995886,0,0.81489,-0.60096,48.893,-1.202,-1,400.000,-1,400.000,-1,325.000,325.000,300.000,300.000,-1,-1,-1,-1,725.000,775.000,-1,-1,2,0,2,0,2,0,0,0,0,2,2,2,2,0,0,2,2
