timestep,x_cm,y_cm,z_cm,yaw_deg,basis_xx,basis_xy,basis_xz,basis_yx,basis_yy,basis_yz,basis_zx,basis_zy,basis_zz,teleport_flag,throttle_cmd,steering_cmd,cmd_move_cm,cmd_turn_deg,lidar_cm_0,lidar_cm_1,lidar_cm_2,lidar_cm_3,lidar_cm_4,lidar_cm_5,lidar_cm_6,lidar_cm_7,lidar_cm_8,lidar_cm_9,lidar_cm_10,lidar_cm_11,lidar_cm_12,lidar_cm_13,lidar_cm_14,lidar_cm_15,lidar_cm_16,lidar_class_0,lidar_class_1,lidar_class_2,lidar_class_3,lidar_class_4,lidar_class_5,lidar_class_6,lidar_class_7,lidar_class_8,lidar_class_9,lidar_class_10,lidar_class_11,lidar_class_12,lidar_class_13,lidar_class_14,lidar_class_15,lidar_class_16
0,8202.134,-5571.662,-206.383,51.594,0.621023,-0.783570,0.018673,0.783655,0.621184,0.003918,-0.014669,0.012200,0.999818,1,0.08000,0.12000,4.800,0.240,-1,375.000,-1,400.000,-1,325.000,325.000,300.000,300.000,-1,-1,-1,-1,650.000,725.000,-1,-1,2,0,2,0,2,0,0,0,0,2,2,2,2,0,0,2,2
1,8208.035,-5564.089,-206.488,52.074,0.614441,-0.788745,0.018554,0.788834,0.614596,0.003652,-0.014284,0.012392,0.999821,0,0.16000,0.24000,9.600,0.480,-1,375.000,-1,400.000,-1,325.000,325.000,300.000,300.000,-1,-1,-1,-1,650.000,725.000,-1,-1,2,0,2,0,2,0,0,0,0,2,2,2,2,0,0,2,2
2,8216.742,-5552.620,-206.672,52.794,0.604488,-0.796402,0.018410,0.796498,0.604633,0.003129,-0.013623,0.012773,0.999826,0,0.24000,0.36000,14.400,0.720,-1,375.000,-1,400.000,-1,325.000,325.000,300.000,300.000,-1,-1,-1,-1,650.000,725.000,-1,-1,2,0,2,0,2,0,0,0,0,2,2,2,2,0,0,2,2
3,8228.094,-5537.136,-206.910,53.754,0.591069,-0.806415,0.018242,0.806521,0.591201,0.002395,-0.012716,0.013297,0.999831,0,0.32000,0.48000,19.200,0.960,-1,375.000,-1,400.000,-1,325.000,325.000,300.000,300.000,-1,-1,-1,-1,650.000,725.000,-1,-1,2,0,2,0,2,0,0,0,0,2,2,2,2,0,0,2,2
4,8241.928,-5517.524,-207.207,54.802,0.576235,-0.817084,0.018065,0.817201,0.576350,0.001474,-0.011617,0.013914,0.999836,0,0.40000,0.52392,24.000,1.048,-1,375.000,-1,400.000,-1,325.000,325.000,300.000,300.000,-1,-1,-1,-1,650.000,725.000,-1,-1,2,0,2,0,2,0,0,0,0,2,2,2,2,0,0,2,2
5,8258.092,-5493.688,-207.568,55.856,0.561117,-0.827543,0.017881,0.827672,0.561213,0.000382,-0.010351,0.014585,0.999840,0,0.48000,0.52716,28.800,1.054,-1,375.000,-1,400.000,-1,325.000,325.000,300.000,300.000,-1,-1,950.000,-1,625.000,700.000,-1,-1,2,0,2,0,2,0,0,0,0,2,2,0,2,0,0,2,2
6,8276.431,-5465.534,-207.996,56.920,0.545670,-0.837814,0.017677,0.837953,0.545742,-0.000874,-0.008915,0.015290,0.999843,0,0.56000,0.53204,33.600,1.064,-1,375.000,-1,400.000,-1,325.000,325.000,300.000,300.000,-1,-1,875.000,-1,625.000,700.000,-1,-1,2,0,2,0,2,0,0,0,0,2,2,0,2,0,0,2,2
7,8294.388,-5436.800,-208.376,57.997,0.529838,-0.847913,0.017762,0.848064,0.529889,-0.002099,-0.007632,0.016176,0.999840,0,0.56473,0.53856,33.884,1.077,-1,375.000,-1,400.000,-1,325.000,325.000,300.000,300.000,-1,-1,825.000,-1,625.000,675.000,-1,-1,2,0,2,0,2,0,0,0,0,2,2,0,2,0,0,2,2
8,8311.834,-5407.663,-208.691,59.088,0.513617,-0.857827,0.018201,0.857995,0.513648,-0.003262,-0.006551,0.017292,0.999829,0,0.56602,0.54519,33.961,1.090,-1,375.000,-1,400.000,-1,300.000,325.000,300.000,300.000,-1,-1,775.000,-1,625.000,675.000,-1,-1,2,0,2,0,2,0,0,0,0,2,2,0,2,0,0,2,2
9,8328.753,-5378.130,-208.997,60.191,0.497009,-0.867544,0.018702,0.867728,0.497020,-0.004389,-0.005488,0.018410,0.999815,0,0.56726,0.55185,34.035,1.104,-1,375.000,-1,400.000,-1,300.000,325.000,300.000,300.000,-1,975.000,775.000,-1,625.000,650.000,-1,-1,2,0,2,0,2,0,0,0,0,2,0,0,2,0,0,2,2
10,8345.127,-5348.211,-209.294,61.309,0.480012,-0.877050,0.019265,0.877250,0.480002,-0.005479,-0.004442,0.019530,0.999799,0,0.56844,0.55854,34.106,1.117,-1,350.000,-1,400.000,-1,300.000,325.000,300.000,300.000,-1,950.000,750.000,-1,625.000,650.000,-1,-1,2,0,2,0,2,0,0,0,0,2,0,0,2,0,0,2,2
11,8360.939,-5317.915,-209.474,62.439,0.462633,-0.886322,0.020110,0.886545,0.462589,-0.007036,-0.003066,0.021083,0.999773,0,0.56957,0.56527,34.174,1.131,-1,350.000,-1,375.000,-1,300.000,300.000,300.000,300.000,-1,925.000,725.000,-1,600.000,625.000,-1,-1,2,0,2,0,2,0,0,0,0,2,0,0,2,0,0,2,2
12,8376.171,-5287.251,-209.534,63.583,0.444871,-0.895342,0.021271,0.895594,0.444781,-0.009060,-0.001350,0.023081,0.999733,0,0.57065,0.57203,34.239,1.144,-1,350.000,-1,375.000,-1,300.000,300.000,300.000,300.000,-1,875.000,625.000,-1,600.000,625.000,-1,-1,2,0,2,0,2,0,0,0,0,2,0,0,2,0,0,2,2
13,8390.806,-5256.231,-209.574,64.741,0.426723,-0.904101,0.022547,0.904382,0.426580,-0.011059,0.000380,0.025111,0.999685,0,0.57166,0.57882,34.300,1.158,950.000,350.000,-1,375.000,-1,300.000,300.000,300.000,300.000,-1,850.000,500.000,-1,600.000,625.000,-1,-1,1,0,2,0,2,0,0,0,0,2,0,0,2,0,0,2,2
14,8404.828,-5224.866,-209.595,65.912,0.408190,-0.912583,0.023935,0.912894,0.407988,-0.013026,0.002122,0.027167,0.999629,0,0.57261,0.58565,34.357,1.171,900.000,350.000,-1,375.000,-1,300.000,300.000,300.000,300.000,-1,825.000,450.000,-1,600.000,600.000,-1,-1,1,0,2,0,2,0,0,0,0,2,0,0,2,0,0,2,2
15,8418.218,-5193.169,-209.595,67.097,0.389272,-0.920772,0.025431,0.921115,0.389004,-0.014951,0.003873,0.029245,0.999565,0,0.57349,0.59252,34.410,1.185,850.000,350.000,-1,350.000,-1,300.000,300.000,300.000,300.000,-1,625.000,425.000,-1,625.000,600.000,-1,1000.000,1,0,2,0,2,0,0,0,0,2,0,0,2,0,0,2,0
16,8430.961,-5161.153,-209.383,68.296,0.369953,-0.928670,0.026584,0.929037,0.369640,-0.016039,0.005068,0.030631,0.999518,0,0.57431,0.59941,34.459,1.199,800.000,350.000,-1,350.000,-1,300.000,300.000,300.000,300.000,-1,600.000,450.000,-1,600.000,575.000,-1,950.000,1,0,2,0,2,0,0,0,0,2,0,0,2,0,0,2,0
17,8443.039,-5128.833,-208.929,69.509,0.350253,-0.936269,0.026895,0.936632,0.349896,-0.017143,0.006640,0.031195,0.999491,0,0.57506,0.60635,34.503,1.213,750.000,350.000,-1,350.000,1000.000,300.000,300.000,300.000,300.000,-1,575.000,450.000,-1,600.000,575.000,-1,925.000,1,0,2,0,0,0,0,1,0,2,0,0,2,0,0,2,0
18,8454.437,-5096.223,-207.887,70.735,0.330197,-0.943589,0.024695,0.943860,0.329789,-0.019185,0.009959,0.029643,0.999511,0,0.57573,0.61331,34.544,1.227,700.000,350.000,-1,350.000,-1,300.000,300.000,275.000,300.000,-1,525.000,450.000,-1,625.000,575.000,-1,950.000,1,0,2,0,2,0,0,1,0,2,0,0,2,0,0,2,0
19,8465.136,-5063.341,-206.822,71.976,0.309747,-0.950552,0.022555,0.950725,0.309296,-0.021379,0.013346,0.028065,0.999517,0,0.57633,0.62031,34.580,1.241,675.000,350.000,-1,350.000,-1,300.000,300.000,275.000,300.000,-1,500.000,425.000,-1,625.000,575.000,-1,975.000,1,0,2,0,2,0,0,1,0,2,0,0,2,0,0,2,0
20,8475.123,-5030.202,-205.736,73.231,0.288906,-0.957138,0.020490,0.957210,0.288420,-0.023717,0.016791,0.026465,0.999509,0,0.57685,0.62735,34.611,1.255,625.000,350.000,-1,350.000,-1,300.000,300.000,275.000,300.000,-1,475.000,425.000,-1,625.000,600.000,-1,1000.000,1,0,2,0,2,0,0,1,0,2,0,0,2,0,0,2,0
21,8484.380,-4996.825,-204.632,74.499,0.267680,-0.963330,0.018514,0.963294,0.267166,-0.026187,0.020281,0.024844,0.999486,0,0.57729,0.63441,34.637,1.269,600.000,350.000,-1,350.000,-1,300.000,300.000,250.000,325.000,-1,475.000,425.000,-1,625.000,600.000,-1,-1,1,0,2,0,2,0,0,1,0,2,0,0,2,0,0,2,2
22,8492.893,-4963.228,-203.513,75.782,0.246071,-0.969109,0.016640,0.968959,0.245539,-0.028779,0.023804,0.023206,0.999447,0,0.57764,0.64151,34.658,1.283,575.000,375.000,-1,350.000,-1,300.000,300.000,250.000,325.000,-1,450.000,425.000,-1,650.000,600.000,-1,-1,1,0,2,0,2,0,0,1,0,2,0,0,2,0,0,2,2
23,8499.698,-4934.155,-202.543,76.825,0.228407,-0.973448,0.015137,0.973196,0.227865,-0.031093,0.026818,0.021833,0.999402,0,0.49764,0.52151,29.858,1.043,550.000,375.000,-1,350.000,-1,300.000,300.000,250.000,325.000,-1,450.000,425.000,-1,650.000,600.000,-1,-1,1,0,2,0,2,0,0,1,0,2,0,0,2,0,0,2,2
24,8505.067,-4909.679,-201.725,77.628,0.214752,-0.976569,0.013958,0.976228,0.214204,-0.033083,0.029318,0.020730,0.999355,0,0.41764,0.40151,25.058,0.803,525.000,375.000,-1,350.000,-1,300.000,300.000,225.000,325.000,-1,425.000,400.000,-1,650.000,600.000,-1,-1,1,0,2,0,2,0,0,1,0,2,0,0,2,0,0,2,2
25,8509.207,-4889.848,-201.062,78.208,0.204861,-0.978704,0.013058,0.978290,0.204311,-0.034715,0.031308,0.019887,0.999312,0,0.33764,0.29001,20.258,0.580,525.000,375.000,-1,350.000,-1,300.000,300.000,225.000,325.000,-1,425.000,400.000,-1,650.000,600.000,-1,-1,1,0,2,0,2,0,0,1,0,2,0,0,2,0,0,2,2
26,8512.210,-4874.684,-200.554,78.799,0.194761,-0.980773,0.012374,0.980299,0.194213,-0.035994,0.032898,0.019140,0.999275,0,0.25764,0.29536,15.458,0.591,500.000,375.000,-1,350.000,-1,300.000,300.000,225.000,325.000,-1,425.000,400.000,-1,675.000,600.000,-1,-1,1,0,2,0,2,0,0,1,0,2,0,0,2,0,0,2,2
27,8514.172,-4864.207,-200.205,79.396,0.184529,-0.982755,0.011896,0.982236,0.183985,-0.036906,0.034081,0.018494,0.999248,0,0.17764,0.29852,10.658,0.597,500.000,375.000,-1,350.000,-1,300.000,300.000,225.000,325.000,-1,400.000,400.000,-1,675.000,600.000,-1,-1,1,0,2,0,2,0,0,1,0,2,0,0,2,0,0,2,2
28,8515.190,-4858.438,-200.016,79.995,0.174241,-0.984635,0.011613,0.984086,0.173702,-0.037444,0.034851,0.017953,0.999231,0,0.09764,0.29951,5.858,0.599,475.000,375.000,-1,350.000,-1,300.000,300.000,225.000,325.000,-1,400.000,375.000,-1,675.000,600.000,-1,-1,1,0,2,0,2,0,0,1,0,2,0,0,2,0,0,2,2
29,8515.363,-4857.393,-199.988,80.592,0.163973,-0.986398,0.011516,0.985836,0.163441,-0.037603,0.035210,0.017519,0.999226,0,0.01764,0.29832,1.058,0.597,450.000,375.000,-1,350.000,-1,300.000,300.000,225.000,325.000,-1,375.000,375.000,-1,675.000,600.000,-1,-1,1,0,2,0,2,0,0,1,0,2,0,0,2,0,0,2,2
30,8514.789,-4861.091,-200.122,81.182,0.153802,-0.988034,0.011592,0.987476,0.153277,-0.037384,0.035160,0.017196,0.999234,0,-0.06236,0.29496,-3.742,0.590,450.000,375.000,-1,350.000,-1,300.000,300.000,225.000,325.000,-1,400.000,375.000,-1,675.000,600.000,-1,-1,1,0,2,0,2,0,0,1,0,2,0,0,2,0,0,2,2
31,8513.565,-4869.544,-200.414,81.761,0.143805,-0.989535,0.011840,0.988998,0.143287,-0.036780,0.034699,0.016999,0.999253,0,-0.14236,0.28947,-8.542,0.579,425.000,375.000,-1,350.000,-1,300.000,300.000,225.000,325.000,-1,400.000,400.000,-1,675.000,600.000,-1,-1,1,0,2,0,2,0,0,1,0,2,0,0,2,0,0,2,2
32,8511.783,-4882.766,-200.867,82.324,0.134054,-0.990898,0.012235,0.990396,0.133544,-0.035805,0.033845,0.016917,0.999284,0,-0.22236,0.28186,-13.342,0.564,400.000,375.000,-1,350.000,-1,300.000,300.000,225.000,325.000,-1,400.000,400.000,-1,675.000,600.000,950.000,-1,1,0,2,0,2,0,0,1,0,2,0,0,2,0,0,1,2
33,8509.623,-4900.037,-201.455,82.869,0.124625,-0.992122,0.012743,0.991666,0.124124,-0.034520,0.032666,0.016939,0.999323,0,-0.29009,0.27218,-17.406,0.544,400.000,375.000,-1,350.000,-1,300.000,300.000,250.000,325.000,-1,400.000,400.000,-1,675.000,600.000,875.000,-1,1,0,2,0,2,0,0,1,0,2,0,0,2,0,0,1,2
34,8507.658,-4916.993,-202.029,83.390,0.115577,-0.993211,0.013222,0.992798,0.115086,-0.033268,0.031520,0.016972,0.999359,0,-0.28448,0.26083,-17.069,0.522,375.000,375.000,-1,350.000,-1,300.000,300.000,250.000,325.000,-1,400.000,400.000,-1,675.000,600.000,800.000,-1,1,0,2,0,2,0,0,1,0,2,0,0,2,0,0,1,2
35,8505.874,-4933.657,-202.592,83.890,0.106900,-0.994176,0.013675,0.993805,0.106420,-0.032045,0.030403,0.017016,0.999393,0,-0.27932,0.24984,-16.759,0.500,375.000,375.000,-1,350.000,-1,300.000,300.000,250.000,325.000,-1,400.000,400.000,-1,675.000,600.000,750.000,-1,1,0,2,0,2,0,0,1,0,2,0,0,2,0,0,1,2
36,8504.734,-4945.562,-202.991,84.528,0.095819,-0.995301,0.013955,0.994955,0.095348,-0.031210,0.029733,0.016875,0.999415,0,-0.19932,0.31884,-11.959,0.638,350.000,375.000,-1,350.000,-1,300.000,300.000,275.000,325.000,-1,400.000,400.000,-1,675.000,600.000,700.000,-1,1,0,2,0,2,0,0,1,0,2,0,0,2,0,0,1,2
37,8504.128,-4952.695,-203.229,85.147,0.085052,-0.996277,0.014089,0.995942,0.084588,-0.030739,0.029433,0.016646,0.999428,0,-0.11932,0.30957,-7.159,0.619,350.000,375.000,-1,350.000,-1,300.000,300.000,275.000,325.000,-1,400.000,400.000,-1,675.000,600.000,650.000,-1,1,0,2,0,2,0,0,1,0,2,0,0,2,0,0,1,2
38,8503.953,-4955.048,-203.307,85.752,0.074520,-0.997120,0.014087,0.996783,0.074062,-0.030632,0.029500,0.016325,0.999431,0,-0.03932,0.30258,-2.359,0.605,325.000,375.000,-1,350.000,-1,300.000,300.000,275.000,325.000,-1,400.000,400.000,-1,675.000,600.000,600.000,-1,1,0,2,0,2,0,0,1,0,2,0,0,2,0,0,1,2
39,8504.109,-4952.612,-203.223,86.348,0.064147,-0.997843,0.013962,0.997492,0.063693,-0.030886,0.029930,0.015908,0.999425,0,0.04068,0.29781,2.441,0.596,325.000,375.000,-1,350.000,-1,300.000,300.000,275.000,325.000,-1,400.000,375.000,-1,675.000,600.000,575.000,-1,1,0,2,0,2,0,0,1,0,2,0,0,2,0,0,1,2
40,8504.496,-4945.381,-202.980,86.938,0.053861,-0.998454,0.013722,0.998076,0.053407,-0.031502,0.030720,0.015392,0.999409,0,0.12068,0.29521,7.241,0.590,325.000,375.000,-1,350.000,-1,300.000,300.000,275.000,325.000,-1,400.000,375.000,-1,700.000,600.000,550.000,-1,1,0,2,0,2,0,0,1,0,2,0,0,2,0,0,1,2
41,8505.015,-4933.352,-202.576,87.528,0.043585,-0.998960,0.013378,0.998541,0.043132,-0.032480,0.031869,0.014774,0.999383,0,0.20068,0.29476,12.041,0.590,300.000,375.000,-1,350.000,-1,300.000,300.000,275.000,325.000,-1,400.000,375.000,-1,700.000,600.000,525.000,-1,1,0,2,0,2,0,0,1,0,2,0,0,2,0,0,1,2
42,8505.568,-4916.520,-202.012,88.121,0.033247,-0.999363,0.012941,0.998890,0.032793,-0.033821,0.033375,0.014051,0.999344,0,0.28068,0.29644,16.841,0.593,300.000,375.000,-1,350.000,-1,300.000,300.000,275.000,325.000,-1,375.000,375.000,-1,700.000,600.000,500.000,-1,1,0,2,0,2,0,0,1,0,2,0,0,2,0,0,1,2
43,8506.051,-4894.884,-201.289,88.721,0.022772,-0.999664,0.012422,0.999120,0.022318,-0.035523,0.035234,0.013220,0.999292,0,0.36068,0.30026,21.641,0.601,300.000,375.000,-1,350.000,-1,300.000,300.000,250.000,325.000,-1,375.000,375.000,-1,700.000,600.000,475.000,-1,1,0,2,0,2,0,0,1,0,2,0,0,2,0,0,1,2
44,8506.359,-4868.445,-200.407,89.334,0.012083,-0.999857,0.011835,0.999226,0.011631,-0.037584,0.037441,0.012280,0.999223,0,0.44068,0.30625,26.441,0.612,275.000,375.000,-1,350.000,-1,300.000,300.000,250.000,325.000,-1,375.000,375.000,-1,700.000,600.000,450.000,-1,1,0,2,0,2,0,0,1,0,2,0,0,2,0,0,1,2
45,8506.379,-4837.204,-199.368,89.962,0.001103,-0.999937,0.011192,0.999200,0.000655,-0.039998,0.039988,0.011227,0.999137,0,0.52068,0.31446,31.241,0.629,275.000,375.000,-1,350.000,-1,300.000,300.000,225.000,325.000,-1,325.000,350.000,-1,700.000,625.000,425.000,-1,1,0,2,0,2,0,0,1,0,2,0,0,2,1,0,1,2
46,8505.857,-4801.166,-198.182,90.831,-0.014070,-0.999845,0.010547,0.998979,-0.014509,-0.042779,0.042925,0.009934,0.999029,0,0.60068,0.43446,36.041,0.869,250.000,400.000,-1,350.000,-1,325.000,300.000,225.000,325.000,-1,300.000,325.000,-1,700.000,625.000,400.000,-1,1,0,2,0,2,0,0,1,0,2,0,0,2,1,0,1,2
47,8504.474,-4760.348,-196.859,91.940,-0.033434,-0.999391,0.009960,0.998372,-0.033857,-0.045899,0.046208,0.008409,0.998896,0,0.68068,0.55446,40.841,1.109,225.000,400.000,-1,350.000,-1,325.000,300.000,225.000,300.000,-1,275.000,300.000,-1,650.000,625.000,350.000,-1,1,0,2,0,2,0,0,1,0,2,0,0,2,1,0,1,2
48,8501.855,-4714.782,-195.410,93.289,-0.056974,-0.998330,0.009499,0.997134,-0.057375,-0.049312,0.049775,0.006662,0.998738,0,0.76068,0.67446,45.641,1.349,200.000,400.000,-1,350.000,-1,325.000,300.000,200.000,300.000,-1,250.000,275.000,-1,625.000,625.000,300.000,-1,1,0,2,0,2,0,0,1,0,2,0,0,2,1,0,1,2
49,8497.737,-4664.509,-193.838,94.684,-0.081283,-0.996649,0.009161,0.995253,-0.081656,-0.052944,0.053515,0.004814,0.998555,0,0.84068,0.69728,50.441,1.395,175.000,400.000,-1,350.000,-1,325.000,300.000,200.000,300.000,-1,225.000,275.000,-1,600.000,650.000,275.000,-1,1,0,2,0,2,0,0,1,0,2,0,0,2,1,0,1,2
50,8491.855,-4609.581,-190.119,96.111,-0.105719,-0.994281,0.015130,0.992465,-0.106450,-0.060675,0.061939,0.008602,0.998043,0,0.92068,0.71355,55.241,1.427,150.000,425.000,-1,375.000,-1,325.000,325.000,175.000,300.000,-1,200.000,225.000,-1,575.000,675.000,250.000,-1,1,0,2,0,2,0,0,1,0,2,0,0,2,1,0,1,2
51,8483.942,-4550.104,-183.934,97.576,-0.130541,-0.991178,0.022923,0.988848,-0.131836,-0.069272,0.071683,0.013625,0.997334,0,1.00000,0.73274,60.000,1.465,150.000,425.000,-1,400.000,-1,350.000,325.000,175.000,275.000,-1,225.000,250.000,-1,550.000,750.000,225.000,-1,1,1,2,0,2,0,0,1,0,2,0,0,2,1,0,1,2
52,8474.462,-4490.855,-176.972,99.086,-0.155602,-0.987212,0.034650,0.984397,-0.157885,-0.077687,0.082165,0.022021,0.996375,0,1.00000,0.75499,60.000,1.510,150.000,425.000,-1,425.000,-1,375.000,350.000,175.000,275.000,-1,250.000,250.000,-1,525.000,875.000,200.000,-1,1,1,2,0,2,0,0,1,0,2,0,0,2,1,0,1,2
53,8463.375,-4431.886,-169.700,100.642,-0.180915,-0.982298,0.048581,0.979035,-0.184575,-0.086155,0.093597,0.031975,0.995097,0,1.00000,0.77773,60.000,1.555,125.000,400.000,-1,450.000,-1,400.000,375.000,175.000,275.000,-1,250.000,250.000,-1,500.000,-1,200.000,-1,1,1,2,0,2,0,0,1,0,2,0,0,2,1,2,1,2
54,8450.641,-4373.250,-162.120,102.244,-0.206354,-0.976326,0.064844,0.972718,-0.211868,-0.094509,0.106010,0.043572,0.993410,0,1.00000,0.80091,60.000,1.602,125.000,400.000,-1,475.000,-1,450.000,425.000,175.000,250.000,-1,275.000,200.000,850.000,500.000,-1,175.000,-1,1,1,2,0,2,0,0,1,0,2,0,0,0,1,2,1,2
55,8436.234,-4315.002,-154.251,103.879,-0.231551,-0.969233,0.083489,0.965469,-0.239486,-0.102552,0.119391,0.056860,0.991218,0,1.00000,0.81772,60.000,1.635,125.000,375.000,-1,525.000,-1,475.000,450.000,175.000,250.000,-1,250.000,150.000,700.000,475.000,-1,175.000,-1,1,1,2,0,2,1,0,1,0,2,0,0,0,1,2,1,2
56,8420.148,-4257.195,-146.117,105.531,-0.256061,-0.960993,0.104519,0.957369,-0.267069,-0.110085,0.133705,0.071875,0.988411,0,1.00000,0.82600,60.000,1.652,125.000,375.000,-1,600.000,-1,450.000,525.000,150.000,250.000,-1,225.000,100.000,525.000,475.000,-1,150.000,-1,1,1,2,0,2,1,0,1,0,2,0,0,0,1,2,1,2
57,8402.381,-4199.882,-137.732,107.198,-0.279680,-0.951524,0.127987,0.948470,-0.294509,-0.116915,0.148940,0.088693,0.984861,0,1.00000,0.83343,60.000,1.667,100.000,350.000,-1,650.000,-1,450.000,575.000,150.000,225.000,-1,200.000,75.000,400.000,475.000,-1,150.000,-1,1,1,2,0,2,1,0,1,0,2,0,0,0,1,2,1,2
58,-2295.563,-5575.687,-413.523,-138.792,-0.722446,0.636873,0.269195,-0.678835,-0.727291,-0.101152,0.131362,-0.255816,0.957759,1,0.00000,0.00000,59.810,1.680,-1,600.000,-1,475.000,275.000,550.000,450.000,250.000,825.000,300.000,25.000,225.000,-1,875.000,-1,-1,-1,2,1,2,1,1,1,1,0,1,0,0,0,2,1,2,2,2
59,4921.749,2947.458,-351.747,-62.156,0.468306,0.882703,-0.039045,-0.883150,0.466272,-0.051354,-0.027125,0.058532,0.997917,1,0.08000,0.12000,4.800,0.240,-1,375.000,-1,400.000,-1,325.000,325.000,300.000,275.000,-1,-1,-1,-1,675.000,700.000,-1,-1,2,0,2,0,2,0,0,0,0,2,2,2,2,0,0,2,2
60,4926.304,2939.008,-352.029,-61.676,0.475683,0.878738,-0.039314,-0.879213,0.473635,-0.051521,-0.026653,0.059073,0.997898,0,0.16000,0.24000,9.600,0.480,-1,375.000,-1,400.000,-1,325.000,325.000,300.000,275.000,-1,-1,-1,-1,675.000,700.000,-1,-1,2,0,2,0,2,0,0,0,0,2,2,2,2,0,0,2,2
61,4933.296,2926.419,-352.445,-60.956,0.486684,0.872674,-0.039729,-0.873193,0.484616,-0.051789,-0.025941,0.059896,0.997867,0,0.24000,0.36000,14.400,0.720,-1,375.000,-1,400.000,-1,300.000,325.000,300.000,275.000,-1,-1,-1,-1,675.000,700.000,-1,-1,2,0,2,0,2,0,0,0,0,2,2,2,2,0,0,2,2
62,4942.898,2909.793,-352.985,-59.996,0.501233,0.864373,-0.040303,-0.864952,0.499135,-0.052179,-0.024986,0.061014,0.997824,0,0.32000,0.48000,19.200,0.960,1000.000,375.000,-1,375.000,-1,300.000,325.000,300.000,275.000,-1,-1,-1,-1,675.000,700.000,-1,-1,0,0,2,0,2,0,0,0,0,2,2,2,2,0,0,2,2
63,4955.333,2889.266,-353.640,-58.796,0.519219,0.853655,-0.041050,-0.854311,0.517082,-0.052723,-0.023782,0.062444,0.997765,0,0.40000,0.60000,24.000,1.200,1000.000,375.000,-1,375.000,-1,300.000,325.000,300.000,275.000,-1,-1,-1,-1,650.000,675.000,-1,-1,0,0,2,0,2,0,0,0,0,2,2,2,2,0,0,2,2
64,4970.869,2865.017,-354.138,-57.356,0.540448,0.840348,-0.041595,-0.841101,0.538344,-0.052302,-0.021560,0.063252,0.997765,0,0.48000,0.72000,28.800,1.440,975.000,375.000,-1,375.000,-1,300.000,325.000,300.000,275.000,-1,-1,-1,-1,650.000,675.000,-1,-1,0,0,2,0,2,0,0,0,0,2,2,2,2,0,0,2,2
65,4989.815,2837.269,-354.586,-55.676,0.564767,0.824169,-0.042227,-0.825039,0.562725,-0.051485,-0.018670,0.063915,0.997781,0,0.56000,0.84000,33.600,1.680,975.000,375.000,-1,375.000,-1,300.000,325.000,300.000,275.000,-1,-1,-1,-1,650.000,675.000,-1,-1,0,0,2,0,2,0,0,0,0,2,2,2,2,0,0,2,2
66,5012.420,2806.228,-355.009,-53.938,0.589400,0.806696,-0.042999,-0.807691,0.587427,-0.050643,-0.015595,0.064578,0.997791,0,0.64000,0.86863,38.400,1.737,975.000,375.000,-1,375.000,-1,300.000,325.000,300.000,300.000,-1,-1,-1,-1,650.000,675.000,-1,-1,0,0,2,0,2,0,0,0,0,2,2,2,2,0,0,2,2
67,5038.897,2772.095,-355.401,-52.201,0.613485,0.788480,-0.043995,-0.789610,0.611584,-0.049810,-0.012368,0.065297,0.997789,0,0.72000,0.86863,43.200,1.737,975.000,375.000,-1,375.000,-1,300.000,325.000,300.000,300.000,-1,-1,-1,-1,625.000,675.000,-1,-1,0,0,2,0,2,0,0,0,0,2,2,2,2,0,0,2,2
68,5068.310,2736.462,-355.735,-50.464,0.637000,0.769536,-0.045230,-0.770812,0.635173,-0.049035,-0.009005,0.066099,0.997772,0,0.77007,0.86863,46.204,1.737,1000.000,375.000,-1,375.000,-1,300.000,300.000,300.000,300.000,-1,-1,-1,-1,625.000,675.000,-1,-1,0,0,2,0,2,0,0,0,0,2,2,2,2,0,0,2,2
69,5098.789,2701.738,-355.978,-48.727,0.659925,0.749884,-0.046613,-0.751311,0.658174,-0.048369,-0.005591,0.066941,0.997741,0,0.77007,0.86863,46.204,1.737,-1,375.000,-1,375.000,-1,325.000,300.000,300.000,300.000,-1,-1,800.000,-1,625.000,675.000,-1,-1,2,0,2,0,2,0,0,0,0,2,2,0,2,0,0,2,2
70,5126.906,2671.345,-355.933,-47.229,0.679163,0.732427,-0.047836,-0.733985,0.677540,-0.046966,-0.001989,0.067009,0.997750,0,0.69007,0.74863,41.404,1.497,-1,375.000,-1,375.000,-1,325.000,300.000,300.000,300.000,-1,800.000,625.000,-1,625.000,675.000,-1,-1,2,0,2,0,2,0,0,0,0,2,0,0,2,0,0,2,2
71,5152.346,2645.027,-355.850,-45.972,0.694955,0.717379,-0.049047,-0.719053,0.693441,-0.045857,0.001115,0.067136,0.997743,0,0.61007,0.62863,36.604,1.257,-1,350.000,-1,375.000,-1,300.000,325.000,300.000,300.000,-1,700.000,550.000,-1,600.000,675.000,-1,-1,2,0,2,0,2,0,0,0,0,2,0,0,2,0,0,2,2
72,5174.939,2622.642,-355.518,-44.738,0.710100,0.702226,-0.051341,-0.704085,0.708681,-0.045110,0.004707,0.068181,0.997662,0,0.53007,0.61709,31.804,1.234,-1,350.000,-1,375.000,-1,300.000,325.000,300.000,300.000,-1,600.000,500.000,-1,625.000,675.000,-1,-1,2,0,2,0,2,0,0,0,0,2,0,0,2,0,0,2,2
73,5194.689,2603.899,-355.166,-43.504,0.724918,0.686750,-0.053552,-0.688787,0.723590,-0.044610,0.008114,0.069225,0.997568,0,0.45382,0.61709,27.229,1.234,-1,375.000,-1,375.000,-1,300.000,325.000,300.000,300.000,-1,550.000,450.000,-1,625.000,675.000,-1,-1,2,0,2,0,2,0,0,0,0,2,0,0,2,0,0,2,2
74,5214.839,2585.586,-354.779,-42.270,0.739393,0.670954,-0.055847,-0.673175,0.738157,-0.044254,0.011532,0.070316,0.997458,0,0.45382,0.61709,27.229,1.234,-1,375.000,-1,375.000,-1,300.000,325.000,300.000,300.000,-1,525.000,425.000,-1,625.000,675.000,-1,-1,2,0,2,0,2,0,0,0,0,2,0,0,2,0,0,2,2
75,5235.379,2567.711,-354.357,-41.035,0.753516,0.654846,-0.058220,-0.657259,0.752377,-0.044046,0.014960,0.071455,0.997332,0,0.45382,0.61709,27.229,1.234,-1,375.000,-1,375.000,-1,300.000,325.000,300.000,300.000,-1,500.000,400.000,-1,625.000,675.000,-1,-1,2,0,2,0,2,0,0,0,0,2,0,0,2,0,0,2,2
76,5256.299,2550.283,-353.900,-39.801,0.767282,0.638434,-0.060660,-0.641046,0.766241,-0.043992,0.018395,0.072640,0.997189,0,0.45382,0.61709,27.229,1.234,-1,375.000,-1,375.000,-1,300.000,300.000,300.000,300.000,-1,475.000,375.000,-1,625.000,675.000,-1,-1,2,0,2,0,2,0,0,0,0,2,0,0,2,0,0,2,2
77,5277.589,2533.310,-353.404,-38.567,0.780685,0.621725,-0.063161,-0.624544,0.779743,-0.044116,0.021822,0.073888,0.997028,0,0.45382,0.61709,27.229,1.234,-1,375.000,-1,375.000,-1,300.000,300.000,300.000,300.000,-1,450.000,375.000,-1,625.000,675.000,-1,-1,2,0,2,0,2,0,0,0,0,2,0,0,2,0,0,2,2
78,5299.240,2516.799,-352.870,-37.333,0.793717,0.604727,-0.065712,-0.607763,0.792875,-0.044421,0.025239,0.075195,0.996849,0,0.45382,0.61709,27.229,1.234,-1,375.000,-1,375.000,-1,300.000,300.000,300.000,300.000,-1,425.000,350.000,-1,625.000,675.000,-1,-1,2,0,2,0,2,0,0,0,0,2,0,0,2,0,0,2,2
79,5321.242,2500.758,-352.305,-36.099,0.806373,0.587449,-0.068305,-0.590711,0.805634,-0.044875,0.028666,0.076535,0.996655,0,0.45382,0.61709,27.229,1.234,-1,375.000,-1,375.000,-1,300.000,300.000,300.000,300.000,-1,425.000,325.000,-1,625.000,675.000,-1,-1,2,0,2,0,2,0,0,0,0,2,0,0,2,0,0,2,2
80,5343.637,2485.155,-351.432,-34.867,0.818695,0.569983,-0.069706,-0.573375,0.818050,-0.045120,0.031305,0.076907,0.996547,0,0.45492,0.61573,27.295,1.231,-1,375.000,-1,375.000,-1,300.000,300.000,300.000,300.000,-1,425.000,350.000,-1,650.000,675.000,-1,-1,2,0,2,0,2,0,0,0,0,2,0,0,2,0,0,2,2
81,5366.437,2469.985,-350.500,-33.640,0.830601,0.552317,-0.071045,-0.555836,0.830050,-0.045430,0.033879,0.077224,0.996438,0,0.45644,0.61365,27.386,1.227,-1,350.000,-1,375.000,-1,300.000,300.000,300.000,300.000,-1,425.000,350.000,-1,650.000,675.000,-1,-1,2,0,2,0,2,0,0,0,0,2,0,0,2,0,0,2,2
82,5389.624,2455.261,-349.526,-32.417,0.842087,0.534462,-0.072386,-0.538110,0.841628,-0.045825,0.036431,0.077540,0.996323,0,0.45779,0.61148,27.467,1.223,-1,350.000,-1,375.000,-1,300.000,300.000,300.000,300.000,-1,425.000,350.000,-1,650.000,675.000,-1,-1,2,0,2,0,2,0,0,0,0,2,0,0,2,0,0,2,2
83,5413.180,2440.997,-348.509,-31.198,0.853149,0.516431,-0.073723,-0.520210,0.852782,-0.046303,0.038958,0.077855,0.996203,0,0.45897,0.60924,27.538,1.218,-1,350.000,-1,375.000,-1,300.000,300.000,300.000,275.000,-1,450.000,350.000,-1,650.000,675.000,-1,-1,2,0,2,0,2,0,0,0,0,2,0,0,2,0,0,2,2
84,5437.085,2427.205,-347.194,-29.985,0.863749,0.498274,-0.075237,-0.502151,0.863574,-0.045656,0.042224,0.077216,0.996120,0,0.45999,0.60694,27.599,1.214,-1,350.000,-1,375.000,-1,300.000,300.000,300.000,300.000,-1,425.000,375.000,-1,675.000,675.000,-1,-1,2,0,2,0,2,0,0,0,0,2,0,0,2,0,0,2,2
85,5461.320,2413.894,-345.700,-28.775,0.873901,0.479983,-0.076903,-0.483935,0.873975,-0.044447,0.045877,0.076058,0.996047,0,0.46084,0.60459,27.650,1.209,-1,375.000,-1,375.000,-1,300.000,300.000,300.000,300.000,-1,425.000,375.000,-1,675.000,675.000,-1,-1,2,0,2,0,2,0,0,0,0,2,0,0,2,0,0,2,2
86,5490.131,2398.963,-343.897,-27.394,0.885016,0.458821,-0.078929,-0.462859,0.885381,-0.043150,0.050084,0.074722,0.995946,0,0.54084,0.69067,32.450,1.381,-1,375.000,-1,375.000,-1,300.000,300.000,300.000,300.000,-1,425.000,375.000,-1,700.000,675.000,-1,-1,2,0,2,0,2,0,0,0,0,2,0,0,2,0,0,2,2
87,5523.605,2382.623,-341.777,-26.018,0.895544,0.437477,-0.081336,-0.441610,0.896232,-0.041813,0.054604,0.073364,0.995809,0,0.62084,0.68785,37.250,1.376,-1,375.000,-1,375.000,-1,300.000,300.000,300.000,300.000,-1,425.000,375.000,-1,725.000,700.000,-1,-1,2,0,2,0,2,0,0,0,0,2,0,0,2,0,0,2,2
88,5561.823,2365.085,-339.190,-24.649,0.905520,0.415991,-0.083576,-0.420175,0.906553,-0.040190,0.059047,0.071510,0.995691,0,0.70084,0.68466,42.050,1.369,-1,375.000,-1,375.000,-1,300.000,300.000,300.000,300.000,-1,425.000,375.000,-1,750.000,725.000,-1,-1,2,0,2,0,2,0,0,0,0,2,0,0,2,0,0,2,2
89,5604.856,2346.562,-336.207,-23.287,0.914913,0.394378,-0.086025,-0.398600,0.916318,-0.038469,0.063655,0.069485,0.995550,0,0.78084,0.68112,46.850,1.362,-1,375.000,-1,375.000,-1,300.000,300.000,300.000,300.000,-1,375.000,375.000,-1,750.000,750.000,-1,-1,2,0,2,0,2,0,0,0,0,2,0,0,2,0,0,2,2
90,5652.768,2327.269,-332.866,-21.932,0.923701,0.372657,-0.088900,-0.376928,0.925512,-0.036789,0.068569,0.067491,0.995361,0,0.86084,0.67729,51.650,1.355,-1,375.000,-1,375.000,-1,300.000,300.000,300.000,300.000,-1,350.000,350.000,-1,775.000,775.000,-1,-1,2,0,2,0,2,0,0,0,0,2,0,0,2,0,0,2,2
91,5705.649,2307.515,-329.144,-20.482,0.932513,0.349168,-0.092206,-0.353495,0.934773,-0.035208,0.073898,0.065426,0.995117,0,0.94084,0.72496,56.450,1.450,-1,400.000,-1,400.000,-1,325.000,325.000,300.000,325.000,-1,325.000,325.000,-1,825.000,825.000,-1,-1,2,0,2,0,2,0,0,0,0,2,0,0,2,0,0,2,2
92,5761.661,2288.201,-325.166,-19.025,0.940735,0.325319,-0.095836,-0.329713,0.943475,-0.033824,0.079415,0.063418,0.994822,0,0.98748,0.72878,59.249,1.458,-1,400.000,-1,400.000,-1,325.000,325.000,300.000,300.000,-1,300.000,300.000,-1,850.000,850.000,-1,-1,2,0,2,0,2,0,0,0,0,2,0,0,2,1,0,2,2
93,5818.848,2270.044,-320.852,-17.615,0.948118,0.302028,-0.099249,-0.306559,0.951253,-0.033742,0.084220,0.062417,0.994490,0,1.00000,0.70487,60.000,1.410,-1,425.000,-1,400.000,-1,325.000,325.000,300.000,300.000,-1,300.000,300.000,-1,875.000,900.000,-1,-1,2,0,2,0,2,0,0,0,0,2,0,0,2,1,0,2,2
94,5876.463,2253.296,-316.414,-16.208,0.955086,0.278593,-0.100983,-0.283231,0.958426,-0.034646,0.087133,0.061692,0.994285,0,1.00000,0.70349,60.000,1.407,-1,425.000,-1,425.000,-1,325.000,325.000,300.000,300.000,-1,325.000,325.000,-1,925.000,900.000,-1,-1,2,0,2,0,2,0,0,0,0,2,0,0,2,1,0,2,2
95,5934.471,2237.964,-312.068,-14.805,0.961534,0.255059,-0.101967,-0.259726,0.965039,-0.035242,0.089413,0.060369,0.994163,0,1.00000,0.70164,60.000,1.403,1000.000,425.000,-1,425.000,-1,350.000,350.000,300.000,300.000,-1,350.000,350.000,-1,950.000,850.000,-1,-1,1,0,2,0,2,0,0,0,0,2,0,0,2,1,1,2,2
96,5992.834,2224.051,-307.210,-13.406,0.967661,0.231466,-0.100279,-0.235928,0.971139,-0.035028,0.089277,0.057553,0.994343,0,1.00000,0.69931,60.000,1.399,925.000,425.000,1000.000,425.000,-1,350.000,350.000,300.000,300.000,-1,425.000,425.000,-1,925.000,775.000,-1,1000.000,1,0,1,0,2,0,0,0,0,2,0,0,2,1,1,2,1
97,6051.519,2211.561,-302.525,-12.013,0.973330,0.207812,-0.097175,-0.212109,0.976579,-0.036100,0.087397,0.055749,0.994612,0,1.00000,0.69648,60.000,1.393,875.000,425.000,950.000,425.000,-1,350.000,350.000,300.000,300.000,-1,525.000,525.000,-1,875.000,700.000,-1,875.000,1,0,1,0,2,0,0,0,0,2,0,0,2,1,1,2,1
98,6110.488,2200.495,-297.769,-10.627,0.978389,0.184144,-0.094050,-0.188282,0.981413,-0.037130,0.085464,0.054036,0.994875,0,1.00000,0.69310,60.000,1.386,800.000,425.000,900.000,425.000,-1,325.000,350.000,300.000,300.000,-1,650.000,650.000,-1,850.000,650.000,-1,775.000,1,0,1,0,2,0,0,0,0,2,0,0,2,1,1,2,1
99,6169.707,2190.851,-292.942,-9.249,0.982841,0.160498,-0.090904,-0.164480,0.985644,-0.038110,0.083482,0.052408,0.995130,0,1.00000,0.68915,60.000,1.378,750.000,400.000,875.000,425.000,875.000,325.000,325.000,300.000,300.000,-1,800.000,825.000,-1,800.000,575.000,975.000,675.000,1,0,1,0,1,0,0,0,0,2,0,0,2,1,1,1,1
100,6229.139,2182.624,-288.046,-7.879,0.986690,0.136912,-0.087739,-0.140741,0.989277,-0.039030,0.081455,0.050859,0.995379,0,1.00000,0.68459,60.000,1.369,675.000,400.000,825.000,425.000,725.000,325.000,325.000,300.000,300.000,-1,975.000,1000.000,-1,775.000,525.000,875.000,600.000,1,1,1,1,1,0,0,0,0,2,0,0,2,1,1,1,1
101,6288.750,2175.810,-283.081,-6.521,0.989942,0.113423,-0.084559,-0.117102,0.992319,-0.039881,0.079387,0.049382,0.995620,0,1.00000,0.67939,60.000,1.359,625.000,400.000,800.000,375.000,600.000,325.000,325.000,300.000,300.000,-1,-1,-1,-1,725.000,475.000,775.000,525.000,1,1,1,1,1,1,1,0,0,2,2,2,2,1,1,1,1
102,6348.504,2170.398,-278.049,-5.174,0.992606,0.090071,-0.081368,-0.093601,0.994779,-0.040653,0.077282,0.047969,0.995855,0,1.00000,0.67350,60.000,1.347,575.000,400.000,775.000,350.000,500.000,300.000,300.000,300.000,300.000,-1,-1,-1,-1,700.000,425.000,700.000,450.000,1,1,1,1,1,1,1,0,0,2,2,2,2,1,1,1,1
103,6408.368,2166.379,-272.950,-3.840,0.994693,0.066897,-0.078170,-0.070278,0.996670,-0.041340,0.075144,0.046614,0.996083,0,1.00000,0.66686,60.000,1.334,525.000,400.000,775.000,300.000,400.000,300.000,275.000,300.000,300.000,-1,-1,-1,-1,650.000,375.000,600.000,375.000,1,1,1,1,1,1,1,0,0,2,2,2,2,1,1,1,1
104,6468.309,2163.739,-267.785,-2.521,0.996217,0.043941,-0.074970,-0.047176,0.998006,-0.041932,0.072978,0.045310,0.996304,0,1.00000,0.65944,60.000,1.319,475.000,400.000,775.000,275.000,325.000,300.000,250.000,300.000,300.000,-1,-1,-1,-1,625.000,325.000,550.000,300.000,1,1,1,1,1,1,1,0,0,2,2,2,2,1,1,1,1
105,6528.295,2162.461,-262.557,-1.219,0.997195,0.021249,-0.071775,-0.024337,0.998803,-0.042423,0.070787,0.044050,0.996518,0,1.00000,0.65116,60.000,1.302,425.000,375.000,-1,250.000,250.000,275.000,225.000,300.000,300.000,-1,-1,-1,-1,600.000,300.000,475.000,250.000,1,1,2,1,1,1,1,0,0,2,2,2,2,1,1,1,1
106,6588.296,2162.524,-254.459,0.065,0.996723,-0.001137,-0.080878,-0.001567,0.999442,-0.033358,0.080871,0.033375,0.996166,0,1.00000,0.64196,60.000,1.284,375.000,400.000,-1,225.000,200.000,300.000,225.000,300.000,325.000,-1,-1,-1,-1,600.000,275.000,450.000,200.000,1,1,2,1,1,1,1,0,0,2,2,2,2,1,1,1,1
107,6648.286,2163.905,-241.895,1.329,0.994068,-0.023187,-0.106258,0.022026,0.999684,-0.012084,0.106505,0.009672,0.994265,0,1.00000,0.63176,60.000,1.264,375.000,425.000,-1,250.000,200.000,375.000,250.000,300.000,400.000,-1,900.000,925.000,-1,625.000,300.000,475.000,200.000,1,1,2,1,1,1,1,0,0,2,0,0,2,1,1,1,1
108,6708.233,2166.589,-229.561,2.570,0.990296,-0.044831,-0.131545,0.045978,0.998926,0.005692,0.131148,-0.011685,0.991294,0,1.00000,0.62049,60.000,1.241,375.000,450.000,-1,250.000,175.000,450.000,275.000,300.000,475.000,-1,125.000,300.000,-1,650.000,325.000,475.000,175.000,1,1,2,1,1,1,1,0,0,2,0,0,2,1,1,1,1
109,6768.111,2170.549,-217.511,3.786,0.985499,-0.065997,-0.156318,0.069908,0.997360,0.019651,0.154608,-0.030293,0.987511,0,1.00000,0.60807,60.000,1.216,375.000,475.000,-1,275.000,175.000,575.000,325.000,275.000,550.000,700.000,75.000,175.000,-1,725.000,375.000,475.000,175.000,1,1,2,1,1,1,1,0,0,0,0,0,2,1,1,1,1
110,6827.895,2175.752,-205.789,4.975,0.979816,-0.086624,-0.180160,0.093413,0.995189,0.029530,0.176735,-0.045763,0.983194,0,1.00000,0.59442,60.000,1.189,350.000,475.000,-1,300.000,150.000,600.000,375.000,300.000,500.000,500.000,50.000,150.000,-1,800.000,400.000,475.000,175.000,1,1,2,1,1,1,1,0,1,0,0,0,2,1,1,1,1
111,6887.561,2182.164,-194.438,6.134,0.973421,-0.106669,-0.202667,0.116086,0.992618,0.035128,0.197424,-0.057721,0.978617,0,1.00000,0.57946,60.000,1.159,350.000,500.000,-1,350.000,150.000,650.000,500.000,300.000,375.000,425.000,50.000,150.000,-1,925.000,525.000,450.000,175.000,1,1,2,1,1,1,1,0,1,0,0,0,2,1,1,1,1
112,1639.834,983.898,-417.458,-86.544,0.060888,0.997801,0.026204,-0.997886,0.060254,0.024345,0.022713,-0.027631,0.999360,1,0.00000,0.00000,60.000,1.126,-1,400.000,-1,375.000,-1,325.000,325.000,300.000,300.000,-1,950.000,875.000,-1,750.000,700.000,-1,-1,2,0,2,0,2,0,0,0,0,2,0,0,2,0,0,2,2
113,1640.119,979.106,-417.346,-86.592,0.060059,0.997847,0.026331,-0.997933,0.059418,0.024498,0.022881,-0.027748,0.999353,0,0.08000,-0.02401,4.800,-0.048,-1,400.000,-1,375.000,-1,325.000,325.000,300.000,300.000,-1,925.000,875.000,-1,750.000,700.000,-1,-1,2,0,2,0,2,0,0,0,0,2,0,0,2,0,0,2,2
114,1640.682,969.523,-417.123,-86.640,0.059237,0.997890,0.026587,-0.997974,0.058581,0.024804,0.023194,-0.028003,0.999339,0,0.16000,-0.02401,9.600,-0.048,-1,400.000,-1,375.000,-1,325.000,325.000,300.000,300.000,-1,925.000,875.000,-1,750.000,700.000,-1,-1,2,0,2,0,2,0,0,0,0,2,0,0,2,0,0,2,2
115,1641.514,955.147,-416.790,-86.688,0.058422,0.997927,0.026975,-0.998012,0.057744,0.025262,0.023652,-0.028397,0.999317,0,0.24000,-0.02401,14.400,-0.048,-1,400.000,-1,375.000,-1,325.000,325.000,300.000,300.000,-1,900.000,875.000,-1,750.000,700.000,-1,-1,2,0,2,0,2,0,0,0,0,2,0,0,2,0,0,2,2
116,1642.607,935.978,-416.348,-86.736,0.057615,0.997960,0.027495,-0.998044,0.056907,0.025873,0.024256,-0.028932,0.999287,0,0.32000,-0.02401,19.200,-0.048,-1,400.000,-1,375.000,-1,325.000,325.000,300.000,300.000,-1,875.000,875.000,-1,750.000,700.000,-1,-1,2,0,2,0,2,0,0,0,0,2,0,0,2,0,0,2,2
117,1643.953,912.016,-415.796,-86.784,0.056816,0.997988,0.028150,-0.998071,0.056069,0.026639,0.025007,-0.029609,0.999249,0,0.40000,-0.02401,24.000,-0.048,-1,400.000,-1,375.000,-1,325.000,325.000,300.000,300.000,-1,850.000,850.000,-1,775.000,700.000,-1,-1,2,0,2,0,2,0,0,0,0,2,0,0,2,0,0,2,2
118,1645.545,883.260,-415.136,-86.832,0.056026,0.998010,0.028940,-0.998093,0.055231,0.027559,0.025906,-0.030429,0.999201,0,0.48000,-0.02401,28.800,-0.048,-1,400.000,-1,375.000,-1,325.000,325.000,300.000,300.000,-1,825.000,850.000,-1,775.000,700.000,-1,-1,2,0,2,0,2,0,0,0,0,2,0,0,2,0,0,2,2
119,1647.374,849.709,-414.369,-86.880,0.055246,0.998026,0.029869,-0.998109,0.054393,0.028635,0.026953,-0.031395,0.999144,0,0.56000,-0.02401,33.600,-0.048,-1,400.000,-1,375.000,-1,325.000,325.000,300.000,300.000,-1,775.000,825.000,-1,775.000,700.000,-1,-1,2,0,2,0,2,0,0,0,0,2,0,0,2,0,0,2,2
120,1649.431,811.364,-413.496,-86.928,0.054476,0.998036,0.030938,-0.998118,0.053555,0.029866,0.028151,-0.032507,0.999075,0,0.64000,-0.02401,38.400,-0.048,-1,400.000,-1,375.000,-1,325.000,325.000,300.000,300.000,-1,750.000,800.000,-1,775.000,700.000,-1,-1,2,0,2,0,2,0,0,0,0,2,0,0,2,0,0,2,2
121,1651.891,768.234,-412.531,-86.736,0.057897,0.997805,0.032135,-0.997891,0.056896,0.031242,0.029345,-0.033876,0.998995,0,0.72000,0.09599,43.200,0.192,-1,400.000,-1,375.000,-1,325.000,325.000,300.000,300.000,-1,725.000,800.000,-1,775.000,725.000,-1,-1,2,0,2,0,2,0,0,0,0,2,0,0,2,0,0,2,2
122,1654.731,724.273,-411.570,-86.304,0.065498,0.997296,0.033329,-0.997390,0.064414,0.032627,0.030392,-0.035379,0.998912,0,0.73422,0.21599,44.053,0.432,-1,400.000,-1,375.000,-1,325.000,325.000,300.000,300.000,-1,700.000,775.000,-1,775.000,725.000,-1,-1,2,0,2,0,2,0,0,0,0,2,0,0,2,0,0,2,2
123,1658.086,680.348,-410.625,-85.632,0.077270,0.996412,0.034542,-0.996522,0.076102,0.033945,0.031195,-0.037045,0.998827,0,0.73422,0.33599,44.053,0.672,-1,400.000,-1,400.000,-1,325.000,325.000,300.000,300.000,-1,700.000,775.000,-1,775.000,725.000,-1,-1,2,0,2,0,2,0,0,0,0,2,0,0,2,0,0,2,2
124,1662.033,636.472,-409.507,-84.862,0.090732,0.995212,0.036353,-0.995395,0.089494,0.034339,0.030921,-0.039301,0.998749,0,0.73422,0.38548,44.053,0.771,-1,400.000,-1,400.000,-1,325.000,325.000,300.000,300.000,-1,750.000,800.000,-1,775.000,750.000,-1,-1,2,0,2,0,2,0,0,0,0,2,0,0,2,0,0,2,2
125,1666.569,592.653,-408.163,-84.091,0.104122,0.993875,0.037040,-0.994107,0.102873,0.034173,0.030153,-0.040380,0.998729,0,0.73422,0.38548,44.053,0.771,-1,400.000,-1,400.000,-1,325.000,325.000,300.000,300.000,-1,825.000,875.000,-1,775.000,750.000,-1,-1,2,0,2,0,2,0,0,0,0,2,0,0,2,0,0,2,2
126,1671.694,548.899,-406.826,-83.320,0.117490,0.992362,0.037612,-0.992638,0.116232,0.034062,0.029430,-0.041337,0.998712,0,0.73422,0.38548,44.053,0.771,-1,400.000,-1,400.000,-1,325.000,325.000,300.000,300.000,-1,875.000,925.000,-1,775.000,750.000,-1,-1,2,0,2,0,2,0,0,0,0,2,0,0,2,0,0,2,2
127,1677.408,505.218,-405.518,-82.549,0.130835,0.990669,0.038162,-0.990989,0.129569,0.033950,0.028688,-0.042260,0.998695,0,0.73422,0.38548,44.053,0.771,-1,400.000,-1,400.000,-1,325.000,325.000,300.000,300.000,-1,925.000,1000.000,-1,775.000,750.000,-1,-1,2,0,2,0,2,0,0,0,0,2,0,0,2,0,0,2,2
128,1683.709,461.618,-404.238,-81.778,0.144153,0.988799,0.038694,-0.989161,0.142882,0.033838,0.027930,-0.043152,0.998678,0,0.73422,0.38548,44.053,0.771,-1,400.000,-1,400.000,-1,325.000,325.000,300.000,300.000,-1,1000.000,-1,-1,775.000,750.000,-1,-1,2,0,2,0,2,0,0,0,0,2,0,2,2,0,0,2,2
129,1690.595,418.106,-402.990,-81.007,0.157443,0.986749,0.039211,-0.987155,0.156168,0.033729,0.027159,-0.044017,0.998662,0,0.73422,0.38548,44.053,0.771,-1,400.000,-1,400.000,-1,325.000,325.000,300.000,300.000,-1,-1,-1,-1,775.000,750.000,-1,-1,2,0,2,0,2,0,0,0,0,2,2,2,2,0,0,2,2
130,1698.067,374.692,-401.774,-80.236,0.170703,0.984522,0.039716,-0.984969,0.169424,0.033627,0.026377,-0.044859,0.998645,0,0.73422,0.38548,44.053,0.771,-1,400.000,-1,400.000,-1,325.000,325.000,300.000,300.000,-1,-1,-1,-1,775.000,750.000,-1,-1,2,0,2,0,2,0,0,0,0,2,2,2,2,0,0,2,2
131,1706.122,331.381,-400.592,-79.465,0.183931,0.982116,0.040211,-0.982606,0.182649,0.033533,0.025589,-0.045680,0.998628,0,0.73422,0.38548,44.053,0.771,-1,400.000,-1,400.000,-1,325.000,325.000,300.000,300.000,-1,-1,-1,-1,750.000,750.000,-1,-1,2,0,2,0,2,0,0,0,0,2,2,2,2,0,0,2,2
132,1714.759,288.183,-399.444,-78.694,0.197123,0.979533,0.040701,-0.980065,0.195840,0.033452,0.024797,-0.046483,0.998611,0,0.73422,0.38548,44.053,0.771,-1,400.000,-1,400.000,-1,325.000,325.000,300.000,300.000,-1,-1,-1,-1,750.000,750.000,-1,-1,2,0,2,0,2,0,0,0,0,2,2,2,2,0,0,2,2
133,1723.977,245.105,-398.332,-77.923,0.210279,0.976773,0.041186,-0.977347,0.208995,0.033387,0.024004,-0.047273,0.998594,0,0.73422,0.38548,44.053,0.771,-1,400.000,-1,400.000,-1,325.000,325.000,300.000,300.000,-1,-1,-1,-1,750.000,750.000,-1,-1,2,0,2,0,2,0,0,0,0,2,2,2,2,0,0,2,2
134,1733.774,202.155,-397.256,-77.152,0.223396,0.973837,0.041669,-0.974451,0.222111,0.033340,0.023213,-0.048053,0.998575,0,0.73422,0.38548,44.053,0.771,-1,400.000,-1,400.000,-1,325.000,325.000,300.000,300.000,-1,-1,-1,-1,750.000,775.000,-1,-1,2,0,2,0,2,0,0,0,0,2,2,2,2,0,0,2,2
