timestep,x_cm,y_cm,z_cm,yaw_deg,basis_xx,basis_xy,basis_xz,basis_yx,basis_yy,basis_yz,basis_zx,basis_zy,basis_zz,teleport_flag,throttle_cmd,steering_cmd,cmd_move_cm,cmd_turn_deg,lidar_cm_0,lidar_cm_1,lidar_cm_2,lidar_cm_3,lidar_cm_4,lidar_cm_5,lidar_cm_6,lidar_cm_7,lidar_cm_8,lidar_cm_9,lidar_cm_10,lidar_cm_11,lidar_cm_12,lidar_cm_13,lidar_cm_14,lidar_cm_15,lidar_cm_16,lidar_class_0,lidar_class_1,lidar_class_2,lidar_class_3,lidar_class_4,lidar_class_5,lidar_class_6,lidar_class_7,lidar_class_8,lidar_class_9,lidar_class_10,lidar_class_11,lidar_class_12,lidar_class_13,lidar_class_14,lidar_class_15,lidar_class_16
0,8200.627,4258.995,-104.174,108.244,-0.316550,-0.946758,0.058691,0.947159,-0.312092,0.074080,-0.051819,0.079040,0.995524,1,-0.08000,0.12000,-4.800,0.240,-1,400.000,-1,375.000,925.000,325.000,300.000,325.000,300.000,525.000,-1,-1,-1,700.000,625.000,-1,925.000,2,0,2,0,0,0,0,0,0,1,2,2,2,0,0,2,0
1,8203.708,4249.902,-103.703,108.724,-0.324492,-0.944054,0.058877,0.944485,-0.319993,0.074508,-0.051499,0.079786,0.995481,0,-0.16000,0.24000,-9.600,0.480,-1,400.000,-1,375.000,925.000,325.000,300.000,325.000,300.000,525.000,-1,-1,-1,700.000,625.000,-1,925.000,2,0,2,0,0,0,0,0,0,1,2,2,2,0,0,2,0
2,8208.501,4236.323,-103.015,109.444,-0.336360,-0.939874,0.059149,0.940352,-0.331801,0.075146,-0.051002,0.080897,0.995417,0,-0.24000,0.36000,-14.400,0.720,-1,400.000,-1,375.000,925.000,325.000,300.000,325.000,300.000,525.000,-1,-1,-1,725.000,625.000,-1,950.000,2,0,2,0,0,0,0,0,0,1,2,2,2,0,0,2,0
3,8215.193,4218.327,-102.126,110.404,-0.352097,-0.934071,0.059500,0.934611,-0.347460,0.075988,-0.050304,0.082365,0.995332,0,-0.32000,0.48000,-19.200,0.960,-1,400.000,-1,375.000,925.000,325.000,300.000,325.000,300.000,500.000,-1,-1,-1,725.000,625.000,-1,950.000,2,0,2,0,0,0,0,0,0,1,2,2,2,0,0,2,0
4,8223.958,4195.984,-101.052,111.424,-0.368707,-0.927612,0.059924,0.928220,-0.363974,0.077009,-0.049624,0.084016,0.995228,0,-0.40000,0.50974,-24.000,1.019,-1,400.000,-1,375.000,925.000,325.000,300.000,325.000,300.000,500.000,-1,-1,-1,725.000,625.000,-1,950.000,2,0,2,0,0,0,0,0,0,1,2,2,2,0,0,2,0
5,8234.871,4169.564,-99.819,112.446,-0.385254,-0.920831,0.060421,0.921508,-0.380406,0.078191,-0.049016,0.085802,0.995106,0,-0.47639,0.51111,-28.583,1.022,-1,400.000,-1,375.000,925.000,325.000,300.000,300.000,300.000,475.000,-1,-1,-1,750.000,625.000,-1,950.000,2,0,2,0,0,0,0,0,0,1,2,2,2,0,0,2,0
6,8246.237,4143.383,-98.644,113.472,-0.401723,-0.913733,0.060909,0.914484,-0.396763,0.079364,-0.048351,0.087583,0.994983,0,-0.47570,0.51269,-28.542,1.025,-1,400.000,-1,375.000,925.000,325.000,300.000,300.000,300.000,475.000,-1,-1,-1,750.000,625.000,-1,950.000,2,0,2,0,0,0,0,0,0,1,2,2,2,0,0,2,0
7,8258.050,4117.456,-97.528,114.500,-0.418106,-0.906322,0.061387,0.907149,-0.413033,0.080528,-0.047629,0.089356,0.994860,0,-0.47483,0.51420,-28.490,1.028,-1,400.000,-1,375.000,925.000,325.000,300.000,300.000,300.000,475.000,-1,-1,-1,750.000,625.000,-1,975.000,2,0,2,0,0,0,0,0,0,1,2,2,2,0,0,2,0
8,8270.301,4091.803,-96.472,115.531,-0.434393,-0.898597,0.061856,0.899504,-0.429209,0.081684,-0.046852,0.091123,0.994737,0,-0.47379,0.51563,-28.428,1.031,-1,400.000,-1,375.000,925.000,325.000,300.000,300.000,300.000,475.000,-1,-1,-1,750.000,650.000,-1,975.000,2,0,2,0,0,0,0,0,0,1,2,2,2,0,0,2,0
9,8282.979,4066.440,-95.266,116.565,-0.450568,-0.890488,0.063398,0.891591,-0.445246,0.082596,-0.045323,0.093740,0.994565,0,-0.47258,0.51699,-28.355,1.034,-1,400.000,-1,375.000,925.000,325.000,300.000,300.000,300.000,475.000,-1,-1,-1,775.000,650.000,-1,1000.000,2,0,2,0,0,0,0,0,0,1,2,2,2,0,0,2,0
10,8296.076,4041.384,-94.131,117.602,-0.466607,-0.882070,0.065034,0.883396,-0.461168,0.083278,-0.043465,0.096309,0.994402,0,-0.47119,0.51826,-28.271,1.037,-1,400.000,-1,375.000,925.000,325.000,300.000,300.000,300.000,525.000,-1,-1,-1,775.000,650.000,-1,1000.000,2,0,2,0,0,0,0,0,0,1,2,2,2,0,0,2,0
11,8309.580,4016.651,-93.197,118.641,-0.482471,-0.873392,0.066398,0.874945,-0.476992,0.083364,-0.041138,0.098316,0.994305,0,-0.46963,0.51946,-28.178,1.039,-1,400.000,-1,375.000,950.000,325.000,300.000,300.000,300.000,550.000,-1,-1,-1,775.000,675.000,-1,-1,2,0,2,0,0,0,0,0,0,1,2,2,2,0,0,2,2
12,8323.481,3992.258,-92.535,119.682,-0.498129,-0.864480,0.067391,0.866265,-0.492725,0.082506,-0.038119,0.099477,0.994309,0,-0.46791,0.52056,-28.075,1.041,-1,400.000,-1,375.000,975.000,325.000,300.000,300.000,300.000,625.000,-1,-1,-1,800.000,675.000,-1,-1,2,0,2,0,0,0,0,0,0,1,2,2,2,0,0,2,2
13,8337.766,3968.218,-91.932,120.725,-0.513649,-0.855265,0.068448,0.857282,-0.508322,0.081705,-0.035086,0.100647,0.994303,0,-0.46604,0.52158,-27.962,1.043,-1,400.000,-1,375.000,-1,325.000,325.000,300.000,300.000,700.000,-1,-1,-1,800.000,700.000,-1,-1,2,0,2,0,2,0,0,0,0,1,2,2,2,0,0,2,2
14,8352.423,3944.547,-91.389,121.770,-0.529024,-0.845751,0.069565,0.848002,-0.523772,0.080967,-0.032042,0.101825,0.994286,0,-0.46401,0.52250,-27.841,1.045,-1,400.000,-1,375.000,-1,325.000,325.000,300.000,300.000,-1,-1,-1,-1,800.000,700.000,-1,-1,2,0,2,0,2,0,0,0,0,2,2,2,2,0,0,2,2
15,8367.440,3921.256,-90.906,122.817,-0.544244,-0.835940,0.070738,0.838426,-0.539068,0.080296,-0.028990,0.103009,0.994258,0,-0.46185,0.52333,-27.711,1.047,-1,400.000,-1,375.000,-1,325.000,325.000,300.000,300.000,-1,-1,-1,-1,825.000,700.000,-1,-1,2,0,2,0,2,0,0,0,0,2,2,2,2,0,0,2,2
16,8382.803,3898.358,-90.482,123.865,-0.559300,-0.825836,0.071963,0.828560,-0.554200,0.079695,-0.025933,0.104199,0.994218,0,-0.45956,0.52407,-27.574,1.048,-1,425.000,-1,375.000,-1,325.000,325.000,300.000,300.000,-1,-1,-1,-1,825.000,725.000,-1,-1,2,0,2,0,2,0,0,0,0,2,2,2,2,0,0,2,2
17,8398.502,3875.863,-90.118,124.914,-0.574184,-0.815444,0.073236,0.818407,-0.569160,0.079168,-0.022874,0.105394,0.994167,0,-0.45716,0.52471,-27.430,1.049,-1,425.000,-1,375.000,-1,325.000,325.000,300.000,300.000,-1,-1,-1,-1,850.000,725.000,-1,-1,2,0,2,0,2,0,0,1,0,2,2,2,2,0,0,2,2
18,8414.521,3853.781,-89.790,125.965,-0.588882,-0.804776,0.074524,0.807978,-0.583945,0.078613,-0.019748,0.106507,0.994116,0,-0.45466,0.52526,-27.280,1.051,-1,425.000,-1,375.000,-1,325.000,325.000,275.000,300.000,-1,-1,-1,-1,850.000,725.000,-1,-1,2,0,2,0,2,0,0,1,0,2,2,2,2,0,0,2,2
19,8430.851,3832.120,-89.368,127.016,-0.603349,-0.793878,0.075677,0.797313,-0.598578,0.077435,-0.016175,0.107058,0.994121,0,-0.45208,0.52570,-27.125,1.051,-1,425.000,-1,400.000,-1,325.000,325.000,250.000,300.000,-1,-1,-1,-1,875.000,750.000,-1,-1,2,0,2,0,2,0,0,1,0,2,2,2,2,0,0,2,2
20,8447.478,3810.888,-89.008,128.068,-0.617623,-0.782706,0.076896,0.786373,-0.613017,0.076342,-0.012615,0.107619,0.994112,0,-0.44944,0.52605,-26.966,1.052,-1,425.000,-1,400.000,-1,350.000,325.000,250.000,300.000,-1,-1,-1,-1,875.000,750.000,-1,-1,2,0,2,0,2,0,0,1,0,2,2,2,2,0,0,2,2
21,8464.390,3790.091,-88.703,129.121,-0.631697,-0.771266,0.078148,0.775162,-0.627255,0.075338,-0.009087,0.108169,0.994091,0,-0.44674,0.52631,-26.804,1.053,-1,425.000,-1,400.000,-1,350.000,325.000,250.000,300.000,-1,-1,-1,-1,900.000,750.000,-1,-1,2,0,2,0,2,0,0,1,0,2,2,2,2,0,0,2,2
22,8481.576,3769.733,-88.386,130.174,-0.645578,-0.759585,0.079119,0.763672,-0.641301,0.074418,-0.005788,0.108464,0.994084,0,-0.44402,0.52647,-26.641,1.053,-1,425.000,-1,400.000,-1,350.000,325.000,250.000,300.000,-1,-1,-1,-1,900.000,775.000,-1,-1,2,0,2,0,2,0,0,1,0,2,2,2,2,0,0,2,2
23,8499.025,3749.818,-88.129,131.227,-0.659245,-0.747646,0.080139,0.751924,-0.655131,0.073579,-0.002509,0.108765,0.994064,0,-0.44128,0.52653,-26.477,1.053,-1,425.000,-1,400.000,-1,350.000,325.000,250.000,300.000,-1,-1,-1,-1,925.000,775.000,-1,-1,2,0,2,0,2,0,0,1,0,2,2,2,2,0,0,2,2
24,8516.727,3730.348,-87.931,132.280,-0.672690,-0.735455,0.081203,0.739924,-0.668737,0.072822,0.000746,0.109071,0.994034,0,-0.43854,0.52650,-26.313,1.053,925.000,425.000,-1,400.000,-1,350.000,325.000,250.000,300.000,-1,-1,-1,-1,925.000,800.000,-1,-1,1,0,2,0,2,0,0,1,0,2,2,2,2,0,0,2,2
25,8534.672,3711.325,-87.792,133.332,-0.685907,-0.723020,0.082305,0.727678,-0.682113,0.072150,0.003975,0.109379,0.993992,0,-0.43583,0.52637,-26.150,1.053,900.000,425.000,-1,400.000,-1,350.000,325.000,250.000,300.000,-1,-1,-1,-1,950.000,800.000,-1,-1,1,0,2,0,2,0,0,1,0,2,2,2,2,0,0,2,2
26,8552.851,3692.749,-87.711,134.385,-0.698889,-0.710346,0.083439,0.715194,-0.695253,0.071562,0.007177,0.109689,0.993940,0,-0.43316,0.52616,-25.989,1.052,875.000,425.000,-1,425.000,-1,350.000,350.000,275.000,300.000,-1,-1,-1,-1,950.000,800.000,-1,-1,1,0,2,0,2,0,0,1,0,2,2,2,2,0,0,2,2
27,8571.255,3674.621,-87.687,135.437,-0.711631,-0.697441,0.084601,0.702477,-0.708150,0.071061,0.010350,0.109999,0.993878,0,-0.43054,0.52586,-25.832,1.052,875.000,425.000,-1,425.000,-1,350.000,350.000,275.000,300.000,-1,-1,-1,-1,925.000,825.000,-1,-1,1,0,2,0,2,0,0,1,0,2,2,2,2,1,0,2,2
28,8589.878,3656.939,-87.720,136.487,-0.724126,-0.684312,0.085786,0.689536,-0.720798,0.070645,0.013491,0.110309,0.993806,0,-0.42798,0.52547,-25.679,1.051,875.000,425.000,-1,425.000,-1,350.000,350.000,300.000,300.000,-1,-1,-1,-1,925.000,825.000,-1,-1,1,0,2,0,2,0,0,1,0,2,2,2,2,1,0,2,2
29,8605.341,3642.906,-87.783,137.778,-0.739186,-0.667885,0.086797,0.673291,-0.736016,0.070425,0.016848,0.110497,0.993734,0,-0.34798,0.64547,-20.879,1.291,875.000,425.000,-1,425.000,-1,350.000,350.000,300.000,300.000,-1,-1,-1,-1,925.000,850.000,-1,-1,1,0,2,0,2,0,0,0,0,2,2,2,2,1,0,2,2
30,8617.495,3632.377,-87.856,139.103,-0.754278,-0.650685,0.087606,0.656250,-0.751257,0.070348,0.020040,0.110553,0.993668,0,-0.26798,0.66243,-16.079,1.325,875.000,425.000,-1,425.000,-1,350.000,350.000,300.000,300.000,-1,-1,1000.000,-1,900.000,850.000,-1,-1,1,0,2,0,2,0,0,0,0,2,2,0,2,1,0,2,2
31,8626.190,3625.191,-87.951,140.427,-0.768994,-0.633168,0.088018,0.638846,-0.766112,0.070345,0.022891,0.110324,0.993632,0,-0.18798,0.66203,-11.279,1.324,875.000,425.000,-1,425.000,-1,350.000,350.000,325.000,300.000,-1,-1,975.000,-1,900.000,850.000,-1,-1,1,0,2,0,2,0,0,0,0,2,2,0,2,1,0,2,2
32,8631.280,3621.178,-88.013,141.751,-0.783320,-0.615332,0.088186,0.621095,-0.780566,0.070412,0.025509,0.109927,0.993612,0,-0.10798,0.66171,-6.479,1.323,850.000,425.000,-1,425.000,-1,350.000,350.000,325.000,300.000,-1,-1,950.000,-1,900.000,875.000,-1,-1,1,0,2,0,2,0,0,0,0,2,2,0,2,1,0,2,2
33,8632.623,3620.169,-88.051,143.073,-0.797258,-0.597196,0.087954,0.602998,-0.794623,0.070487,0.027795,0.109232,0.993628,0,-0.02798,0.66135,-1.679,1.323,850.000,425.000,-1,425.000,-1,350.000,350.000,325.000,300.000,-1,1000.000,925.000,-1,875.000,875.000,-1,-1,1,0,2,0,2,0,0,0,0,2,0,0,2,1,0,2,2
34,8630.088,3621.985,-87.975,144.393,-0.810752,-0.578787,0.087673,0.584622,-0.808225,0.070640,0.029974,0.108527,0.993642,0,0.05202,0.65966,3.121,1.319,850.000,425.000,-1,425.000,-1,350.000,350.000,325.000,300.000,-1,1000.000,925.000,-1,875.000,875.000,1000.000,-1,1,0,2,0,2,0,0,0,0,2,0,0,2,1,0,1,2
35,8623.545,3626.447,-87.744,145.709,-0.823796,-0.560099,0.087463,0.565976,-0.821367,0.070907,0.032124,0.107915,0.993641,0,0.13202,0.65837,7.921,1.317,825.000,425.000,-1,425.000,-1,350.000,350.000,325.000,300.000,-1,1000.000,925.000,-1,850.000,875.000,975.000,-1,1,0,2,0,2,0,0,0,0,2,0,0,2,1,0,1,2
36,8612.874,3633.370,-87.337,147.024,-0.836390,-0.541132,0.087338,0.547063,-0.834049,0.071307,0.034258,0.107420,0.993623,0,0.21202,0.65748,12.721,1.315,800.000,425.000,-1,425.000,-1,350.000,350.000,325.000,300.000,-1,1000.000,900.000,-1,850.000,875.000,925.000,-1,1,0,2,0,2,0,0,0,0,2,0,0,2,1,0,1,2
37,8597.924,3642.503,-86.718,148.579,-0.850713,-0.518326,0.087324,0.524339,-0.848469,0.071894,0.036827,0.106949,0.993582,0,0.29202,0.77748,17.521,1.555,775.000,425.000,-1,425.000,-1,350.000,350.000,325.000,300.000,-1,1000.000,900.000,-1,825.000,900.000,900.000,-1,1,0,2,0,2,0,0,0,0,2,0,0,2,1,0,1,2
38,8578.523,3653.536,-85.851,150.374,-0.866464,-0.491518,0.087465,0.497646,-0.864327,0.072712,0.039859,0.106528,0.993510,0,0.37202,0.89748,22.321,1.795,725.000,425.000,-1,425.000,-1,350.000,350.000,325.000,300.000,-1,-1,900.000,-1,800.000,900.000,850.000,-1,1,0,2,0,2,0,0,0,0,2,2,0,2,1,0,1,2
39,8554.496,3666.110,-84.701,152.374,-0.883010,-0.461070,0.087800,0.467352,-0.880985,0.073810,0.043319,0.106208,0.993400,0,0.45202,1.00000,27.121,2.000,600.000,425.000,-1,425.000,-1,350.000,350.000,325.000,300.000,-1,-1,900.000,-1,775.000,900.000,825.000,-1,1,0,2,0,2,0,0,0,0,2,2,0,2,1,0,1,2
40,8525.716,3679.914,-83.270,154.374,-0.898483,-0.430050,0.088240,0.436509,-0.896554,0.075170,0.046785,0.106057,0.993259,0,0.53202,1.00000,31.921,2.000,500.000,425.000,-1,425.000,-1,350.000,350.000,325.000,300.000,-1,-1,900.000,-1,750.000,925.000,775.000,-1,1,0,2,0,2,0,0,0,0,2,2,0,2,1,0,1,2
41,8492.075,3694.628,-81.555,156.374,-0.912870,-0.398500,0.088688,0.405152,-0.911020,0.076782,0.050199,0.106024,0.993096,0,0.61202,1.00000,36.721,2.000,425.000,425.000,-1,450.000,-1,350.000,350.000,325.000,300.000,-1,-1,900.000,-1,700.000,925.000,750.000,-1,1,0,2,0,2,0,0,0,0,2,2,0,2,1,0,1,2
42,8453.478,3709.929,-79.493,158.374,-0.926180,-0.366470,0.088824,0.373288,-0.924389,0.078489,0.053344,0.105852,0.992950,0,0.69202,1.00000,41.521,2.000,375.000,450.000,-1,450.000,-1,350.000,350.000,325.000,300.000,-1,-1,925.000,-1,675.000,950.000,700.000,-1,1,0,2,0,2,0,0,0,0,2,2,0,2,1,0,1,2
43,8409.851,3725.486,-77.055,160.374,-0.938441,-0.334000,0.088162,0.340913,-0.936654,0.080358,0.055737,0.105466,0.992860,0,0.77202,1.00000,46.321,2.000,325.000,450.000,-1,450.000,-1,350.000,350.000,300.000,300.000,-1,-1,975.000,-1,650.000,950.000,650.000,-1,1,0,2,0,2,0,0,1,0,2,2,0,2,1,0,1,2
44,8363.270,3740.283,-74.582,162.374,-0.949610,-0.301088,0.087099,0.308128,-0.947679,0.083432,0.057422,0.106065,0.992700,0,0.81462,1.00000,48.877,2.000,300.000,450.000,-1,450.000,-1,350.000,350.000,275.000,300.000,-1,-1,-1,-1,600.000,950.000,600.000,-1,1,0,2,0,2,0,0,1,0,2,2,2,2,1,0,1,2
45,8311.579,3754.739,-71.724,164.374,-0.959639,-0.267808,0.085861,0.274981,-0.957527,0.086757,0.058980,0.106865,0.992523,0,0.89462,1.00000,53.677,2.000,250.000,450.000,-1,450.000,-1,350.000,350.000,250.000,300.000,-1,-1,-1,950.000,550.000,925.000,525.000,-1,1,0,2,0,2,0,0,1,0,2,2,2,1,1,0,1,2
46,8257.681,3767.801,-68.513,166.374,-0.968473,-0.234195,0.084929,0.241570,-0.966153,0.090508,0.060858,0.108171,0.992268,0,0.92434,1.00000,55.460,2.000,225.000,425.000,-1,450.000,-1,350.000,350.000,225.000,300.000,-1,-1,-1,875.000,500.000,925.000,475.000,-1,1,1,2,0,2,0,0,1,0,2,2,2,1,1,0,1,2
47,8203.346,3778.975,-64.930,168.374,-0.976066,-0.200285,0.084736,0.208006,-0.973504,0.094992,0.063465,0.110344,0.991865,0,0.92458,1.00000,55.475,2.000,200.000,400.000,-1,450.000,-1,350.000,350.000,200.000,300.000,-1,-1,-1,850.000,475.000,925.000,400.000,-1,1,1,2,1,2,0,0,1,0,2,2,2,1,1,0,1,2
48,8148.648,3788.245,-60.893,170.374,-0.982390,-0.166125,0.085512,0.174394,-0.979528,0.100558,0.067056,0.113700,0.991250,0,0.92468,1.00000,55.481,2.000,175.000,350.000,850.000,425.000,-1,350.000,350.000,175.000,275.000,-1,-1,-1,825.000,425.000,950.000,350.000,-1,1,1,1,1,2,1,1,1,0,2,2,2,1,1,0,1,2
49,8093.663,3795.597,-56.320,172.374,-0.987418,-0.131764,0.087433,0.140856,-0.984167,0.107584,0.071873,0.118545,0.990344,0,0.92461,1.00000,55.476,2.000,175.000,325.000,700.000,400.000,-1,300.000,325.000,175.000,275.000,-1,-1,-1,800.000,375.000,950.000,300.000,-1,1,1,1,1,2,1,1,1,0,2,2,2,1,1,0,1,2
50,8038.470,3801.020,-51.131,174.374,-0.991125,-0.097257,0.090621,0.107536,-0.987355,0.116471,0.078148,0.125183,0.989051,0,0.92436,1.00000,55.461,2.000,150.000,300.000,600.000,375.000,-1,275.000,300.000,175.000,275.000,-1,-1,925.000,825.000,350.000,1000.000,250.000,-1,1,1,1,1,2,1,1,1,0,2,2,0,1,1,0,1,2
51,7983.148,3804.506,-45.248,176.374,-0.993490,-0.062667,0.095136,0.074607,-0.989011,0.127637,0.086092,0.133903,0.987248,0,0.92391,1.00000,55.434,2.000,125.000,275.000,525.000,350.000,-1,250.000,275.000,150.000,275.000,-1,-1,625.000,850.000,300.000,650.000,200.000,-1,1,1,1,1,2,1,1,1,0,2,2,0,1,1,1,1,2
52,7927.778,3806.052,-38.598,178.374,-0.994494,-0.028069,0.100969,0.042281,-0.989035,0.141499,0.095890,0.144989,0.984776,0,0.92325,1.00000,55.395,2.000,125.000,250.000,450.000,300.000,-1,225.000,250.000,150.000,275.000,-1,850.000,350.000,775.000,275.000,500.000,175.000,-1,1,1,1,1,2,1,1,1,0,2,0,0,0,1,1,1,2
53,7872.440,3805.654,-31.074,180.374,-0.994141,0.006451,0.107897,0.010845,-0.987228,0.158947,0.107544,0.159186,0.981374,0,0.92236,1.00000,55.342,2.000,125.000,200.000,375.000,275.000,-1,200.000,225.000,150.000,275.000,-1,650.000,200.000,625.000,250.000,425.000,150.000,-1,1,1,1,1,2,1,1,1,0,2,0,0,0,1,1,1,2
54,7817.211,3803.285,-13.048,182.374,-0.988896,0.040727,0.142918,-0.013377,-0.982206,0.187332,0.148004,0.183340,0.971844,0,0.92123,1.00000,55.274,2.000,125.000,225.000,400.000,275.000,-1,200.000,225.000,175.000,275.000,-1,275.000,75.000,450.000,250.000,450.000,150.000,-1,1,1,1,1,2,1,1,1,0,2,0,0,0,1,1,1,2
55,-1639.832,-3607.629,64.592,-162.204,-0.951381,0.305619,0.038347,-0.304960,-0.952108,0.022137,0.043276,0.009366,0.999019,1,0.00000,0.00000,55.191,2.000,-1,425.000,-1,400.000,-1,325.000,325.000,300.000,300.000,-1,-1,-1,-1,1000.000,925.000,-1,-1,2,0,2,0,2,0,0,0,0,2,2,2,2,0,0,2,2
56,-1644.396,-3609.115,64.800,-161.964,-0.950097,0.309606,0.038202,-0.308958,-0.950822,0.021975,0.043127,0.009076,0.999028,0,0.08000,0.12000,4.800,0.240,-1,425.000,-1,400.000,-1,325.000,325.000,300.000,300.000,-1,-1,-1,-1,1000.000,925.000,-1,-1,2,0,2,0,2,0,0,0,0,2,2,2,2,0,0,2,2
57,-1653.499,-3612.164,65.216,-161.484,-0.947479,0.317562,0.037912,-0.316937,-0.948200,0.021648,0.042822,0.008495,0.999047,0,0.16000,0.24000,9.600,0.480,-1,425.000,-1,400.000,-1,325.000,325.000,300.000,300.000,-1,-1,-1,-1,1000.000,925.000,-1,-1,2,0,2,0,2,0,0,0,0,2,2,2,2,0,0,2,2
58,-1667.095,-3616.908,65.841,-160.764,-0.943428,0.329454,0.037476,-0.328863,-0.944141,0.021150,0.042351,0.007629,0.999074,0,0.24000,0.36000,14.400,0.720,-1,425.000,-1,400.000,-1,325.000,325.000,300.000,300.000,-1,-1,-1,-1,975.000,925.000,-1,-1,2,0,2,0,2,0,0,0,0,2,2,2,2,0,0,2,2
59,-1685.115,-3623.536,66.671,-159.804,-0.937793,0.345229,0.036897,-0.344682,-0.938496,0.020474,0.041696,0.006483,0.999109,0,0.32000,0.48000,19.200,0.960,-1,425.000,-1,400.000,-1,325.000,325.000,300.000,300.000,-1,-1,-1,-1,975.000,950.000,-1,-1,2,0,2,0,2,0,0,0,0,2,2,2,2,0,0,2,2
60,-1707.461,-3632.292,67.706,-158.604,-0.930379,0.364811,0.036176,-0.364319,-0.931068,0.019608,0.040836,0.005063,0.999153,0,0.40000,0.60000,24.000,1.200,-1,425.000,-1,425.000,-1,325.000,325.000,300.000,300.000,-1,-1,-1,-1,975.000,950.000,-1,-1,2,0,2,0,2,0,0,0,0,2,2,2,2,0,0,2,2
61,-1734.003,-3643.469,68.940,-157.164,-0.920942,0.388096,0.035318,-0.387668,-0.921613,0.018540,0.039745,0.003382,0.999204,0,0.48000,0.72000,28.800,1.440,-1,425.000,-1,425.000,-1,325.000,325.000,300.000,300.000,-1,-1,-1,-1,975.000,975.000,-1,-1,2,0,2,0,2,0,0,0,0,2,2,2,2,0,0,2,2
62,-1764.574,-3657.411,70.369,-155.484,-0.909196,0.414950,0.034329,-0.414594,-0.909843,0.017254,0.038394,0.001454,0.999262,0,0.56000,0.84000,33.600,1.680,-1,425.000,-1,425.000,-1,325.000,325.000,300.000,300.000,-1,-1,-1,-1,950.000,975.000,-1,-1,2,0,2,0,2,0,0,0,0,2,2,2,2,0,0,2,2
63,-1798.959,-3674.506,71.981,-153.564,-0.894814,0.445201,0.033221,-0.444924,-0.895430,0.015735,0.036752,-0.000701,0.999324,0,0.64000,0.96000,38.400,1.920,-1,425.000,-1,425.000,-1,325.000,350.000,300.000,300.000,-1,-1,-1,-1,950.000,1000.000,-1,-1,2,0,2,0,2,0,0,0,0,2,2,2,2,0,0,2,2
64,-1836.972,-3695.030,73.573,-151.635,-0.879366,0.475080,0.031864,-0.474857,-0.879940,0.014701,0.035022,-0.002203,0.999384,0,0.72000,0.96419,43.200,1.928,-1,425.000,-1,425.000,-1,350.000,350.000,275.000,300.000,-1,-1,-1,-1,950.000,-1,-1,-1,2,0,2,0,2,0,0,0,0,2,2,2,2,0,2,2,2
65,-1878.418,-3719.241,75.188,-149.708,-0.862941,0.504397,0.030272,-0.504216,-0.863465,0.013902,0.033151,-0.003267,0.999445,0,0.80000,0.96347,48.000,1.927,-1,425.000,-1,425.000,-1,350.000,350.000,275.000,300.000,-1,-1,-1,-1,925.000,-1,-1,-1,2,0,2,0,2,0,0,0,0,2,2,2,2,0,2,2,2
66,-1922.005,-3746.708,76.557,-147.783,-0.845598,0.533130,0.027134,-0.532970,-0.846028,0.013432,0.030117,-0.003103,0.999542,0,0.85866,0.96291,51.520,1.926,-1,425.000,-1,425.000,-1,350.000,350.000,300.000,300.000,-1,-1,-1,-1,925.000,-1,-1,-1,2,0,2,0,2,0,0,0,0,2,2,2,2,0,2,2,2
67,-1964.553,-3775.560,77.751,-145.857,-0.827312,0.561252,0.023459,-0.561108,-0.827641,0.012937,0.026677,-0.002460,0.999641,0,0.85680,0.96259,51.408,1.925,-1,425.000,-1,425.000,-1,350.000,350.000,300.000,300.000,-1,-1,-1,-1,900.000,1000.000,-1,-1,2,0,2,0,2,0,0,0,0,2,2,2,2,0,0,2,2
68,-2006.014,-3805.759,78.892,-143.932,-0.808080,0.588740,0.019827,-0.588616,-0.808321,0.012213,0.023217,-0.001802,0.999729,0,0.85490,0.96256,51.294,1.925,-1,425.000,-1,425.000,-1,350.000,350.000,300.000,300.000,-1,-1,-1,-1,875.000,1000.000,-1,-1,2,0,2,0,2,0,0,0,0,2,2,2,2,0,0,2,2
69,-2046.349,-3837.265,79.976,-142.007,-0.787915,0.615569,0.016257,-0.615467,-0.788082,0.011269,0.019749,-0.001127,0.999804,0,0.85302,0.96282,51.181,1.926,-1,425.000,-1,425.000,-1,350.000,350.000,300.000,300.000,-1,-1,-1,-1,850.000,975.000,-1,-1,2,0,2,0,2,0,0,0,0,2,2,2,2,0,0,2,2
70,-2085.519,-3870.039,80.894,-140.080,-0.766824,0.641717,0.013403,-0.641639,-0.766941,0.010083,0.016750,-0.000868,0.999859,0,0.85121,0.96335,51.073,1.927,-1,400.000,-1,425.000,-1,325.000,350.000,300.000,300.000,-1,-1,-1,-1,850.000,950.000,-1,-1,2,0,2,0,2,0,0,0,0,2,2,2,2,0,0,2,2
71,-2120.118,-3900.764,81.635,-138.393,-0.747637,0.664014,0.011144,-0.663955,-0.747720,0.008886,0.014233,-0.000755,0.999898,0,0.77121,0.84335,46.273,1.687,-1,400.000,-1,425.000,-1,325.000,350.000,300.000,300.000,-1,-1,-1,-1,825.000,925.000,-1,-1,2,0,2,0,2,0,0,0,0,2,2,2,2,0,0,2,2
72,-2150.422,-3929.077,82.256,-136.947,-0.730660,0.682680,0.009185,-0.682636,-0.730717,0.007735,0.011992,-0.000619,0.999928,0,0.69121,0.72335,41.473,1.447,-1,400.000,-1,425.000,-1,325.000,350.000,300.000,300.000,-1,-1,-1,-1,825.000,925.000,-1,-1,2,0,2,0,2,0,0,0,0,2,2,2,2,0,0,2,2
73,-2176.686,-3954.671,82.770,-135.740,-0.716139,0.697917,0.007507,-0.697885,-0.716179,0.006665,0.010028,-0.000466,0.999950,0,0.61121,0.60335,36.673,1.207,-1,400.000,-1,425.000,-1,325.000,350.000,300.000,300.000,-1,-1,-1,-1,800.000,900.000,-1,-1,2,0,2,0,2,0,0,0,0,2,2,2,2,0,0,2,2
74,-2199.134,-3977.298,83.188,-134.773,-0.704276,0.709901,0.006090,-0.709878,-0.704302,0.005707,0.008341,-0.000303,0.999965,0,0.53121,0.48335,31.873,0.967,-1,400.000,-1,425.000,-1,325.000,325.000,300.000,300.000,-1,-1,-1,-1,800.000,900.000,-1,-1,2,0,2,0,2,0,0,0,0,2,2,2,2,0,0,2,2
75,-2217.956,-3996.757,83.521,-134.046,-0.695224,0.718776,0.004912,-0.718760,-0.695242,0.004883,0.006925,-0.000136,0.999976,0,0.45121,0.36335,27.073,0.727,-1,400.000,-1,425.000,-1,325.000,325.000,300.000,300.000,-1,-1,-1,-1,775.000,875.000,-1,-1,2,0,2,0,2,0,0,0,0,2,2,2,2,0,0,2,2
76,-2233.244,-4012.954,83.774,-133.347,-0.686401,0.727213,0.003966,-0.727201,-0.686412,0.004208,0.005783,0.000004,0.999983,0,0.37121,0.34985,22.273,0.700,-1,400.000,-1,425.000,-1,325.000,325.000,300.000,300.000,-1,-1,-1,-1,775.000,875.000,-1,-1,2,0,2,0,2,0,0,0,0,2,2,2,2,0,0,2,2
77,-2245.082,-4025.805,83.950,-132.647,-0.677478,0.735536,0.003237,-0.735527,-0.677486,0.003721,0.004930,0.000139,0.999988,0,0.29121,0.34964,17.473,0.699,-1,400.000,-1,425.000,-1,325.000,325.000,300.000,300.000,-1,-1,-1,-1,775.000,875.000,-1,-1,2,0,2,0,2,0,0,0,0,2,2,2,2,0,0,2,2
78,-2253.553,-4035.231,84.076,-131.948,-0.668456,0.743747,0.002732,-0.743739,-0.668462,0.003323,0.004298,0.000190,0.999991,0,0.21121,0.34952,12.673,0.699,-1,400.000,-1,425.000,-1,325.000,325.000,300.000,300.000,-1,-1,-1,-1,750.000,875.000,-1,-1,2,0,2,0,2,0,0,0,0,2,2,2,2,0,0,2,2
79,-2258.744,-4041.150,84.160,-131.250,-0.659335,0.751845,0.002445,-0.751839,-0.659340,0.003019,0.003882,0.000152,0.999992,0,0.13121,0.34945,7.873,0.699,-1,400.000,-1,425.000,-1,325.000,325.000,300.000,300.000,-1,-1,-1,-1,750.000,850.000,-1,-1,2,0,2,0,2,0,0,0,0,2,2,2,2,0,0,2,2
80,-2260.741,-4043.484,84.204,-130.551,-0.650116,0.759831,0.002373,-0.759826,-0.650121,0.002807,0.003675,0.000022,0.999993,0,0.05121,0.34942,3.073,0.699,-1,400.000,-1,425.000,-1,325.000,325.000,300.000,300.000,-1,-1,-1,-1,750.000,850.000,-1,-1,2,0,2,0,2,0,0,0,0,2,2,2,2,0,0,2,2
81,-2259.634,-4042.158,84.209,-129.852,-0.640800,0.767704,0.002513,-0.767699,-0.640805,0.002689,0.003674,-0.000206,0.999993,0,-0.02879,0.34941,-1.727,0.699,-1,400.000,-1,425.000,-1,325.000,325.000,300.000,300.000,-1,-1,-1,-1,750.000,850.000,-1,-1,2,0,2,0,2,0,0,0,0,2,2,2,2,0,0,2,2
82,-2255.513,-4037.096,84.177,-129.153,-0.631388,0.775462,0.002864,-0.775458,-0.631394,0.002663,0.003873,-0.000539,0.999992,0,-0.10879,0.34941,-6.527,0.699,-1,400.000,-1,425.000,-1,325.000,325.000,300.000,300.000,-1,-1,-1,-1,750.000,850.000,-1,-1,2,0,2,0,2,0,0,0,0,2,2,2,2,0,0,2,2
83,-2249.760,-4029.853,84.121,-128.454,-0.621881,0.783105,0.003337,-0.783101,-0.621889,0.002690,0.004181,-0.000940,0.999991,0,-0.15417,0.34942,-9.250,0.699,-1,400.000,-1,425.000,-1,325.000,325.000,300.000,300.000,-1,-1,-1,-1,750.000,850.000,-1,-1,2,0,2,0,2,0,0,0,0,2,2,2,2,0,0,2,2
84,-2244.088,-4022.528,84.063,-127.755,-0.612281,0.790631,0.003814,-0.790628,-0.612291,0.002718,0.004484,-0.001351,0.999989,0,-0.15440,0.34941,-9.264,0.699,-1,400.000,-1,425.000,-1,325.000,325.000,300.000,300.000,-1,-1,-1,-1,750.000,850.000,-1,-1,2,0,2,0,2,0,0,0,0,2,2,2,2,0,0,2,2
85,-2238.497,-4015.124,84.004,-127.057,-0.602590,0.798040,0.004296,-0.798037,-0.602602,0.002747,0.004781,-0.001773,0.999987,0,-0.15463,0.34941,-9.278,0.699,-1,400.000,-1,425.000,-1,325.000,325.000,300.000,300.000,-1,-1,-1,-1,750.000,850.000,-1,-1,2,0,2,0,2,0,0,0,0,2,2,2,2,0,0,2,2
86,-2232.989,-4007.641,83.937,-126.358,-0.592809,0.805329,0.004775,-0.805327,-0.592824,0.002806,0.005090,-0.002182,0.999985,0,-0.15486,0.34939,-9.292,0.699,-1,400.000,-1,425.000,-1,325.000,325.000,300.000,300.000,-1,-1,-1,-1,750.000,850.000,-1,-1,2,0,2,0,2,0,0,0,0,2,2,2,2,0,0,2,2
87,-2227.564,-4000.081,83.858,-125.659,-0.582941,0.812498,0.005246,-0.812497,-0.582959,0.002907,0.005420,-0.002567,0.999982,0,-0.15509,0.34937,-9.305,0.699,-1,400.000,-1,425.000,-1,325.000,325.000,300.000,300.000,-1,-1,-1,-1,750.000,850.000,-1,-1,2,0,2,0,2,0,0,0,0,2,2,2,2,0,0,2,2
88,-2222.224,-3992.443,83.779,-124.960,-0.572986,0.819545,0.005719,-0.819545,-0.573007,0.003010,0.005744,-0.002963,0.999979,0,-0.15532,0.34935,-9.319,0.699,-1,400.000,-1,425.000,-1,325.000,325.000,300.000,300.000,-1,-1,-1,-1,750.000,850.000,-1,-1,2,0,2,0,2,0,0,0,0,2,2,2,2,0,0,2,2
89,-2216.970,-3984.729,83.697,-124.262,-0.562947,0.826470,0.006195,-0.826471,-0.562971,0.003113,0.006060,-0.003368,0.999976,0,-0.15555,0.34932,-9.333,0.699,-1,400.000,-1,425.000,-1,325.000,325.000,300.000,300.000,-1,-1,-1,-1,750.000,850.000,-1,-1,2,0,2,0,2,0,0,0,0,2,2,2,2,0,0,2,2
90,-2211.802,-3976.941,83.614,-123.563,-0.552824,0.833271,0.006673,-0.833273,-0.552852,0.003217,0.006370,-0.003782,0.999973,0,-0.15578,0.34928,-9.347,0.699,-1,400.000,-1,425.000,-1,325.000,325.000,300.000,300.000,-1,-1,-1,-1,750.000,850.000,-1,-1,2,0,2,0,2,0,0,0,0,2,2,2,2,0,0,2,2
91,-2206.723,-3969.078,83.530,-122.865,-0.542621,0.839947,0.007154,-0.839951,-0.542652,0.003321,0.006671,-0.004207,0.999969,0,-0.15601,0.34924,-9.361,0.698,-1,400.000,-1,425.000,-1,325.000,325.000,300.000,300.000,-1,-1,-1,-1,750.000,850.000,-1,-1,2,0,2,0,2,0,0,0,0,2,2,2,2,0,0,2,2
92,-2201.732,-3961.142,83.444,-122.166,-0.532338,0.846498,0.007636,-0.846503,-0.532372,0.003426,0.006965,-0.004640,0.999965,0,-0.15625,0.34919,-9.375,0.698,-1,400.000,-1,425.000,-1,325.000,325.000,300.000,300.000,-1,-1,-1,-1,750.000,850.000,-1,-1,2,0,2,0,2,0,0,0,0,2,2,2,2,0,0,2,2
93,-2196.831,-3953.134,83.357,-121.468,-0.521977,0.852921,0.008121,-0.852929,-0.522016,0.003531,0.007251,-0.005083,0.999961,0,-0.15648,0.34914,-9.389,0.698,-1,400.000,-1,425.000,-1,325.000,325.000,300.000,300.000,-1,-1,-1,-1,750.000,850.000,-1,-1,2,0,2,0,2,0,0,0,0,2,2,2,2,0,0,2,2
94,-2192.020,-3945.055,83.268,-120.770,-0.511540,0.859216,0.008608,-0.859226,-0.511583,0.003637,0.007529,-0.005535,0.999956,0,-0.15671,0.34908,-9.403,0.698,-1,400.000,-1,425.000,-1,325.000,325.000,300.000,300.000,-1,-1,-1,-1,750.000,850.000,-1,-1,2,0,2,0,2,0,0,0,0,2,2,2,2,0,0,2,2
95,-2187.302,-3936.906,83.178,-120.072,-0.501029,0.865383,0.009097,-0.865395,-0.501076,0.003744,0.007798,-0.005996,0.999952,0,-0.15694,0.34902,-9.417,0.698,-1,400.000,-1,425.000,-1,325.000,325.000,300.000,300.000,-1,-1,-1,-1,750.000,850.000,-1,-1,2,0,2,0,2,0,0,0,0,2,2,2,2,0,0,2,2
96,-2185.020,-3932.893,83.138,-119.614,-0.494092,0.869359,0.009354,-0.869373,-0.494141,0.003778,0.007907,-0.006266,0.999949,0,-0.07694,0.22902,-4.617,0.458,-1,400.000,-1,425.000,-1,325.000,325.000,300.000,300.000,-1,-1,-1,-1,750.000,850.000,-1,-1,2,0,2,0,2,0,0,0,0,2,2,2,2,0,0,2,2
97,-2185.110,-3933.052,83.150,-119.396,-0.490780,0.871233,0.009381,-0.871248,-0.490829,0.003741,0.007864,-0.006337,0.999949,0,0.00306,0.10902,0.183,0.218,-1,400.000,-1,425.000,-1,325.000,325.000,300.000,300.000,-1,-1,-1,-1,750.000,850.000,-1,-1,2,0,2,0,2,0,0,0,0,2,2,2,2,0,0,2,2
98,-2187.558,-3937.393,83.212,-119.418,-0.491117,0.871045,0.009175,-0.871060,-0.491164,0.003631,0.007670,-0.006208,0.999951,0,0.08306,-0.01098,4.983,-0.022,-1,400.000,-1,425.000,-1,325.000,325.000,300.000,300.000,-1,-1,-1,-1,750.000,850.000,-1,-1,2,0,2,0,2,0,0,0,0,2,2,2,2,0,0,2,2
99,-2192.402,-3945.893,83.323,-119.680,-0.495100,0.868792,0.008738,-0.868805,-0.495142,0.003448,0.007322,-0.005884,0.999956,0,0.16306,-0.13098,9.783,-0.262,-1,400.000,-1,425.000,-1,325.000,325.000,300.000,300.000,-1,-1,-1,-1,750.000,850.000,-1,-1,2,0,2,0,2,0,0,0,0,2,2,2,2,0,0,2,2
100,-2199.734,-3958.499,83.481,-120.182,-0.502700,0.864423,0.008070,-0.864434,-0.502736,0.003188,0.006813,-0.005373,0.999962,0,0.24306,-0.25098,14.583,-0.502,-1,400.000,-1,425.000,-1,325.000,325.000,300.000,300.000,-1,-1,-1,-1,750.000,850.000,-1,-1,2,0,2,0,2,0,0,0,0,2,2,2,2,0,0,2,2
101,-2209.695,-3975.127,83.681,-120.924,-0.513861,0.857844,0.007173,-0.857852,-0.513889,0.002851,0.006132,-0.004689,0.999970,0,0.32306,-0.37098,19.383,-0.742,-1,400.000,-1,425.000,-1,325.000,325.000,300.000,300.000,-1,-1,-1,-1,750.000,850.000,-1,-1,2,0,2,0,2,0,0,0,0,2,2,2,2,0,0,2,2
102,-2222.476,-3995.657,83.917,-121.906,-0.528496,0.848914,0.006052,-0.848919,-0.528517,0.002432,0.005263,-0.003852,0.999979,0,0.40306,-0.49098,24.183,-0.982,-1,400.000,-1,425.000,-1,325.000,325.000,300.000,300.000,-1,-1,-1,-1,750.000,850.000,-1,-1,2,0,2,0,2,0,0,0,0,2,2,2,2,0,0,2,2
103,-2238.316,-4019.930,84.159,-123.128,-0.546490,0.837453,0.004675,-0.837455,-0.546503,0.002029,0.004254,-0.002807,0.999987,0,0.48306,-0.61098,28.983,-1.222,-1,400.000,-1,400.000,-1,325.000,325.000,300.000,300.000,-1,-1,-1,-1,725.000,850.000,-1,-1,2,0,2,0,2,0,0,0,0,2,2,2,2,0,0,2,2
104,-2257.495,-4047.741,84.383,-124.590,-0.567686,0.823239,0.003038,-0.823239,-0.567692,0.001704,0.003127,-0.001533,0.999994,0,0.56306,-0.73098,33.783,-1.462,-1,400.000,-1,400.000,-1,325.000,325.000,300.000,300.000,-1,-1,-1,-1,725.000,825.000,-1,-1,2,0,2,0,2,0,0,0,0,2,2,2,2,0,0,2,2
105,-2280.332,-4078.840,84.604,-126.291,-0.591892,0.806016,0.001196,-0.806015,-0.591893,0.001334,0.001783,-0.000174,0.999998,0,0.64306,-0.85098,38.583,-1.702,-1,400.000,-1,400.000,-1,325.000,325.000,300.000,300.000,-1,-1,-1,-1,725.000,825.000,-1,-1,2,0,2,0,2,0,0,0,0,2,2,2,2,0,0,2,2
106,-2307.180,-4112.918,84.751,-128.233,-0.618867,0.785495,-0.000891,-0.785495,-0.618866,0.001164,0.000363,0.001421,0.999999,0,0.72306,-0.97098,43.383,-1.942,-1,400.000,-1,400.000,-1,325.000,325.000,300.000,300.000,-1,-1,-1,-1,725.000,825.000,-1,-1,2,0,2,0,2,0,0,0,0,2,2,2,2,0,0,2,2
107,-2338.139,-4149.509,84.637,-130.233,-0.645900,0.763416,-0.003066,-0.763421,-0.645901,0.000733,-0.001421,0.002814,0.999995,0,0.79884,-1.00000,47.930,-2.000,-1,400.000,-1,400.000,-1,325.000,325.000,300.000,300.000,-1,-1,-1,-1,725.000,825.000,-1,-1,2,0,2,0,2,0,0,0,0,2,2,2,2,0,0,2,2
108,-2370.365,-4185.008,84.488,-132.233,-0.672140,0.740406,-0.005209,-0.740417,-0.672147,0.000499,-0.003131,0.004192,0.999986,0,0.79909,-1.00000,47.945,-2.000,-1,400.000,-1,400.000,-1,325.000,325.000,300.000,300.000,-1,-1,-1,-1,700.000,800.000,-1,-1,2,0,2,0,2,0,0,0,0,2,2,2,2,0,0,2,2
109,-2403.822,-4219.372,84.375,-134.233,-0.697559,0.716493,-0.006944,-0.716513,-0.697574,0.000426,-0.004539,0.005272,0.999976,0,0.79934,-1.00000,47.960,-2.000,-1,375.000,-1,400.000,-1,325.000,325.000,300.000,300.000,-1,-1,-1,-1,700.000,800.000,-1,-1,2,0,2,0,2,0,0,0,0,2,2,2,2,0,0,2,2
110,-2438.468,-4252.557,84.238,-136.233,-0.722127,0.691708,-0.008534,-0.691736,-0.722150,0.000505,-0.005813,0.006267,0.999963,0,0.79959,-1.00000,47.975,-2.000,-1,375.000,-1,400.000,-1,325.000,325.000,300.000,300.000,-1,-1,-1,-1,700.000,800.000,-1,-1,2,0,2,0,2,0,0,0,0,2,2,2,2,0,0,2,2
111,-2474.262,-4284.524,84.073,-138.233,-0.745813,0.666080,-0.010056,-0.666119,-0.745845,0.000736,-0.007010,0.007247,0.999949,0,0.79983,-1.00000,47.990,-2.000,-1,375.000,-1,400.000,-1,325.000,325.000,300.000,300.000,-1,-1,-1,-1,700.000,800.000,-1,-1,2,0,2,0,2,0,0,0,0,2,2,2,2,0,0,2,2
112,-2511.161,-4315.230,83.903,-140.233,-0.768588,0.639639,-0.011613,-0.639692,-0.768631,0.001136,-0.008200,0.008302,0.999932,0,0.80008,-1.00000,48.005,-2.000,-1,375.000,-1,400.000,-1,325.000,325.000,300.000,300.000,-1,-1,-1,-1,700.000,800.000,-1,-1,2,0,2,0,2,0,0,0,0,2,2,2,2,0,0,2,2
113,-2549.121,-4344.640,83.674,-142.233,-0.790425,0.612419,-0.013066,-0.612488,-0.790478,0.001677,-0.009301,0.009329,0.999913,0,0.80032,-1.00000,48.019,-2.000,-1,375.000,-1,400.000,-1,325.000,325.000,300.000,300.000,-1,-1,-1,-1,700.000,800.000,-1,-1,2,0,2,0,2,0,0,0,0,2,2,2,2,0,0,2,2
114,-2584.083,-4370.047,83.336,-143.993,-0.808841,0.587845,-0.014653,-0.587935,-0.808905,0.002379,-0.010454,0.010539,0.999890,0,0.72032,-0.88000,43.219,-1.760,-1,375.000,-1,400.000,-1,325.000,325.000,300.000,300.000,-1,-1,-1,-1,700.000,800.000,-1,-1,2,0,2,0,2,0,0,0,0,2,2,2,2,0,0,2,2
115,-2615.751,-4391.801,83.005,-145.513,-0.824131,0.566175,-0.015928,-0.566285,-0.824204,0.003087,-0.011380,0.011563,0.999868,0,0.64032,-0.76000,38.419,-1.520,-1,375.000,-1,400.000,-1,325.000,325.000,300.000,300.000,-1,-1,-1,-1,700.000,800.000,-1,-1,2,0,2,0,2,0,0,0,0,2,2,2,2,0,0,2,2
116,-2643.921,-4410.150,82.691,-146.922,-0.837784,0.545739,-0.016947,-0.545867,-0.837863,0.003771,-0.012142,0.012410,0.999849,0,0.56032,-0.70424,33.619,-1.408,-1,375.000,-1,400.000,-1,325.000,325.000,300.000,300.000,-1,-1,-1,-1,700.000,800.000,-1,-1,2,0,2,0,2,0,0,0,0,2,2,2,2,0,0,2,2
117,-2668.449,-4425.281,82.400,-148.331,-0.850933,0.524974,-0.017756,-0.525118,-0.851018,0.004418,-0.012791,0.013084,0.999833,0,0.48032,-0.70429,28.819,-1.409,-1,375.000,-1,400.000,-1,325.000,325.000,300.000,300.000,-1,-1,-1,-1,700.000,800.000,-1,-1,2,0,2,0,2,0,0,0,0,2,2,2,2,0,0,2,2
118,-2689.196,-4437.385,82.141,-149.739,-0.863572,0.503890,-0.018380,-0.504049,-0.863661,0.005012,-0.013349,0.013593,0.999819,0,0.40032,-0.70435,24.019,-1.409,-1,375.000,-1,400.000,-1,325.000,325.000,300.000,300.000,-1,-1,-1,-1,700.000,800.000,-1,-1,2,0,2,0,2,0,0,0,0,2,2,2,2,0,0,2,2
119,-2706.029,-4446.659,81.918,-151.148,-0.875692,0.482501,-0.018843,-0.482671,-0.875784,0.005539,-0.013830,0.013945,0.999807,0,0.32032,-0.70442,19.219,-1.409,-1,375.000,-1,400.000,-1,325.000,325.000,300.000,300.000,-1,-1,-1,-1,700.000,800.000,-1,-1,2,0,2,0,2,0,0,0,0,2,2,2,2,0,0,2,2
120,-2718.826,-4453.305,81.693,-152.557,-0.887291,0.460821,-0.018946,-0.460995,-0.887383,0.005891,-0.014098,0.013961,0.999803,0,0.24032,-0.70449,14.419,-1.409,-1,400.000,-1,400.000,-1,325.000,325.000,300.000,300.000,-1,-1,-1,-1,700.000,800.000,-1,-1,2,0,2,0,2,0,0,0,0,2,2,2,2,0,0,2,2
121,-2727.469,-4457.527,81.532,-153.966,-0.898355,0.438860,-0.019001,-0.439036,-0.898448,0.006182,-0.014358,0.013896,0.999800,0,0.16032,-0.70457,9.619,-1.409,-1,400.000,-1,400.000,-1,325.000,325.000,300.000,300.000,-1,-1,-1,-1,725.000,800.000,-1,-1,2,0,2,0,2,0,0,0,0,2,2,2,2,0,0,2,2
122,-2731.850,-4459.535,81.440,-155.375,-0.908877,0.416631,-0.019011,-0.416809,-0.908972,0.006406,-0.014611,0.013746,0.999799,0,0.08032,-0.70463,4.819,-1.409,-1,400.000,-1,400.000,-1,325.000,325.000,300.000,300.000,-1,-1,-1,-1,725.000,800.000,-1,-1,2,0,2,0,2,0,0,0,0,2,2,2,2,0,0,2,2
123,-2731.868,-4459.542,81.419,-156.785,-0.918850,0.394150,-0.018974,-0.394327,-0.918947,0.006559,-0.014851,0.013509,0.999798,0,0.00032,-0.70468,0.019,-1.409,-1,400.000,-1,400.000,-1,325.000,325.000,300.000,300.000,-1,-1,-1,-1,725.000,800.000,-1,-1,2,0,2,0,2,0,0,0,0,2,2,2,2,0,0,2,2
124,-2727.430,-4457.766,81.472,-158.194,-0.928269,0.371431,-0.018889,-0.371605,-0.928367,0.006636,-0.015071,0.013179,0.999800,0,-0.07968,-0.70468,-4.781,-1.409,-1,400.000,-1,400.000,-1,325.000,325.000,300.000,300.000,-1,-1,-1,-1,725.000,800.000,-1,-1,2,0,2,0,2,0,0,0,0,2,2,2,2,0,0,2,2
125,-2718.450,-4454.427,81.602,-159.603,-0.937125,0.348489,-0.018752,-0.348659,-0.937226,0.006634,-0.015263,0.012755,0.999802,0,-0.15968,-0.70461,-9.581,-1.409,-1,400.000,-1,400.000,-1,325.000,325.000,300.000,300.000,-1,-1,-1,-1,725.000,800.000,-1,-1,2,0,2,0,2,0,0,0,0,2,2,2,2,0,0,2,2
126,-2704.851,-4449.748,81.812,-161.012,-0.945415,0.325341,-0.018562,-0.325505,-0.945518,0.006549,-0.015420,0.012234,0.999806,0,-0.23968,-0.70447,-14.381,-1.409,-1,400.000,-1,400.000,-1,325.000,325.000,300.000,300.000,-1,-1,-1,-1,725.000,800.000,-1,-1,2,0,2,0,2,0,0,0,0,2,2,2,2,0,0,2,2
127,-2695.730,-4446.816,81.953,-162.181,-0.951858,0.305986,-0.018420,-0.306146,-0.951963,0.006504,-0.015545,0.011830,0.999809,0,-0.15968,-0.58447,-9.581,-1.169,-1,400.000,-1,400.000,-1,325.000,325.000,300.000,300.000,-1,-1,-1,-1,750.000,825.000,-1,-1,2,0,2,0,2,0,0,0,0,2,2,2,2,0,0,2,2
128,-2691.156,-4445.427,82.020,-163.110,-0.956695,0.290513,-0.018330,-0.290670,-0.956801,0.006505,-0.015648,0.011551,0.999811,0,-0.07968,-0.46447,-4.781,-0.929,-1,400.000,-1,400.000,-1,325.000,325.000,300.000,300.000,-1,-1,-1,-1,750.000,825.000,-1,-1,2,0,2,0,2,0,0,0,0,2,2,2,2,0,0,2,2
129,-2691.174,-4445.433,82.012,-163.799,-0.960120,0.278988,-0.018296,-0.279144,-0.960227,0.006556,-0.015739,0.011402,0.999811,0,0.00032,-0.34447,0.019,-0.689,-1,400.000,-1,400.000,-1,325.000,325.000,300.000,300.000,-1,-1,-1,-1,750.000,825.000,-1,-1,2,0,2,0,2,0,0,0,0,2,2,2,2,0,0,2,2
130,-2695.813,-4446.741,81.928,-164.248,-0.962276,0.271456,-0.018320,-0.271613,-0.962383,0.006662,-0.015822,0.011387,0.999810,0,0.08032,-0.22447,4.819,-0.449,-1,400.000,-1,400.000,-1,325.000,325.000,300.000,300.000,-1,-1,-1,-1,750.000,825.000,-1,-1,2,0,2,0,2,0,0,0,0,2,2,2,2,0,0,2,2
131,-2705.080,-4449.319,81.765,-164.457,-0.963259,0.267945,-0.018403,-0.268105,-0.963366,0.006826,-0.015900,0.011509,0.999807,0,0.16032,-0.10447,9.619,-0.209,-1,400.000,-1,400.000,-1,325.000,325.000,300.000,300.000,-1,-1,-1,-1,750.000,825.000,-1,-1,2,0,2,0,2,0,0,0,0,2,2,2,2,0,0,2,2
132,-2718.970,-4453.190,81.507,-164.426,-0.963110,0.268467,-0.018585,-0.268631,-0.963218,0.006954,-0.016034,0.011690,0.999803,0,0.24032,0.01553,14.419,0.031,-1,400.000,-1,400.000,-1,325.000,325.000,300.000,300.000,-1,-1,-1,-1,750.000,825.000,-1,-1,2,0,2,0,2,0,0,0,0,2,2,2,2,0,0,2,2
133,-2737.459,-4458.438,81.150,-164.155,-0.961823,0.273020,-0.018868,-0.273189,-0.961935,0.007032,-0.016230,0.011918,0.999797,0,0.32032,0.13553,19.219,0.271,-1,400.000,-1,400.000,-1,325.000,325.000,300.000,300.000,-1,-1,-1,-1,750.000,825.000,-1,-1,2,0,2,0,2,0,0,0,0,2,2,2,2,0,0,2,2
134,-2760.507,-4465.202,80.713,-163.644,-0.959343,0.281588,-0.019216,-0.281764,-0.959457,0.007130,-0.016429,0.012254,0.999790,0,0.40032,0.25553,24.019,0.511,-1,400.000,-1,400.000,-1,325.000,325.000,300.000,300.000,-1,-1,-1,-1,750.000,825.000,-1,-1,2,0,2,0,2,0,0,0,0,2,2,2,2,0,0,2,2
135,-2788.051,-4473.679,80.199,-162.893,-0.955561,0.294139,-0.019619,-0.294324,-0.955678,0.007246,-0.016618,0.012699,0.999781,0,0.48032,0.37553,28.819,0.751,-1,400.000,-1,400.000,-1,325.000,325.000,300.000,300.000,-1,-1,-1,-1,725.000,825.000,-1,-1,2,0,2,0,2,0,0,0,0,2,2,2,2,0,0,2,2
136,-2820.007,-4484.123,79.613,-161.902,-0.950321,0.310623,-0.020065,-0.310818,-0.950441,0.007381,-0.016778,0.013251,0.999771,0,0.56032,0.49553,33.619,0.991,-1,400.000,-1,400.000,-1,325.000,325.000,300.000,300.000,-1,-1,-1,-1,725.000,800.000,-1,-1,2,0,2,0,2,0,0,0,0,2,2,2,2,0,0,2,2
137,-2856.260,-4496.840,78.962,-160.671,-0.943418,0.330968,-0.020540,-0.331174,-0.943539,0.007536,-0.016886,0.013912,0.999761,0,0.64032,0.61553,38.419,1.231,-1,400.000,-1,400.000,-1,325.000,325.000,300.000,300.000,-1,-1,-1,-1,725.000,800.000,-1,-1,2,0,2,0,2,0,0,0,0,2,2,2,2,0,0,2,2
