timestep,x_cm,y_cm,z_cm,yaw_deg,basis_xx,basis_xy,basis_xz,basis_yx,basis_yy,basis_yz,basis_zx,basis_zy,basis_zz,teleport_flag,throttle_cmd,steering_cmd,cmd_move_cm,cmd_turn_deg,lidar_cm_0,lidar_cm_1,lidar_cm_2,lidar_cm_3,lidar_cm_4,lidar_cm_5,lidar_cm_6,lidar_cm_7,lidar_cm_8,lidar_cm_9,lidar_cm_10,lidar_cm_11,lidar_cm_12,lidar_cm_13,lidar_cm_14,lidar_cm_15,lidar_cm_16,lidar_class_0,lidar_class_1,lidar_class_2,lidar_class_3,lidar_class_4,lidar_class_5,lidar_class_6,lidar_class_7,lidar_class_8,lidar_class_9,lidar_class_10,lidar_class_11,lidar_class_12,lidar_class_13,lidar_class_14,lidar_class_15,lidar_class_16
0,2296.948,-988.557,369.907,-75.710,0.246710,0.969025,0.011138,-0.966049,0.246829,-0.076320,-0.076705,0.008069,0.997021,1,0.08000,0.12000,4.800,0.240,-1,400.000,-1,375.000,-1,325.000,300.000,325.000,300.000,-1,-1,-1,-1,750.000,650.000,-1,-1,2,0,2,0,2,0,0,0,0,2,2,2,2,0,0,2,2
1,2299.396,-997.840,369.163,-75.230,0.254827,0.966920,0.011321,-0.963958,0.254938,-0.076103,-0.076471,0.008480,0.997036,0,0.16000,0.24000,9.600,0.480,-1,400.000,-1,375.000,-1,325.000,325.000,325.000,300.000,-1,-1,-1,-1,750.000,650.000,-1,-1,2,0,2,0,2,0,0,0,0,2,2,2,2,0,0,2,2
2,2303.242,-1011.717,368.048,-74.510,0.266970,0.963635,0.011591,-0.960694,0.267067,-0.075781,-0.076121,0.009096,0.997057,0,0.24000,0.36000,14.400,0.720,-1,400.000,-1,375.000,-1,325.000,325.000,325.000,300.000,-1,-1,-1,-1,750.000,650.000,-1,-1,2,0,2,0,2,0,0,0,0,2,2,2,2,0,0,2,2
3,2308.645,-1030.141,366.561,-73.655,0.281329,0.959537,0.011947,-0.956624,0.281413,-0.075354,-0.075667,0.009771,0.997085,0,0.32000,0.42745,19.200,0.855,-1,400.000,-1,375.000,-1,325.000,325.000,325.000,300.000,-1,-1,-1,-1,750.000,650.000,-1,1000.000,2,0,2,0,2,0,0,0,0,2,2,2,2,0,0,2,1
4,2315.744,-1053.067,364.703,-72.796,0.295674,0.955208,0.012390,-0.952330,0.295754,-0.074820,-0.075133,0.010323,0.997120,0,0.40000,0.42918,24.000,0.858,-1,400.000,-1,375.000,1000.000,325.000,325.000,325.000,300.000,-1,-1,-1,-1,750.000,650.000,-1,975.000,2,0,2,0,1,0,0,0,0,2,2,2,2,0,0,2,1
5,2324.675,-1080.447,362.472,-71.933,0.310031,0.950639,0.012913,-0.947801,0.310113,-0.074183,-0.074526,0.010760,0.997161,0,0.48000,0.43171,28.800,0.863,-1,400.000,-1,375.000,975.000,325.000,325.000,325.000,300.000,-1,-1,-1,-1,750.000,650.000,-1,950.000,2,0,2,0,1,0,0,0,0,2,2,2,2,1,0,2,1
6,2335.580,-1112.228,359.864,-71.063,0.324420,0.945817,0.013508,-0.943026,0.324512,-0.073447,-0.073851,0.011089,0.997208,0,0.56000,0.43505,33.600,0.870,-1,400.000,-1,375.000,925.000,325.000,325.000,325.000,300.000,-1,-1,-1,-1,-1,650.000,-1,925.000,2,0,2,0,1,0,0,0,0,2,2,2,2,2,0,2,1
7,2348.597,-1148.354,356.874,-70.184,0.338865,0.940728,0.014167,-0.937990,0.338972,-0.072617,-0.073115,0.011319,0.997259,0,0.64000,0.43917,38.400,0.878,-1,400.000,-1,375.000,900.000,325.000,300.000,325.000,300.000,-1,-1,-1,-1,-1,650.000,-1,875.000,2,0,2,0,1,0,0,0,0,2,2,2,2,2,0,2,1
8,2363.870,-1188.764,353.498,-69.296,0.353386,0.935359,0.014877,-0.932678,0.353513,-0.071700,-0.072324,0.011462,0.997315,0,0.72000,0.44411,43.200,0.888,-1,400.000,-1,375.000,850.000,325.000,300.000,325.000,300.000,-1,-1,-1,-1,-1,650.000,-1,850.000,2,0,2,0,1,0,0,0,0,2,2,2,2,2,0,2,1
9,2381.543,-1233.392,349.935,-68.396,0.367946,0.929700,0.016559,-0.927048,0.368161,-0.070983,-0.072089,0.010767,0.997340,0,0.80000,0.44990,48.000,0.900,-1,400.000,-1,375.000,800.000,325.000,300.000,300.000,300.000,-1,-1,-1,-1,-1,650.000,-1,800.000,2,0,2,0,1,0,0,0,0,2,2,2,2,2,0,2,1
10,2401.763,-1282.167,346.308,-67.483,0.382558,0.923732,0.019185,-0.921186,0.382938,-0.069097,-0.071174,0.008761,0.997425,0,0.88000,0.45657,52.800,0.913,-1,400.000,1000.000,375.000,750.000,325.000,300.000,300.000,300.000,-1,-1,-1,-1,-1,650.000,-1,750.000,2,0,1,0,1,0,0,0,0,2,2,2,2,2,0,2,1
11,2424.681,-1335.011,342.361,-66.555,0.397302,0.917423,0.022048,-0.915008,0.397863,-0.066825,-0.070079,0.006376,0.997521,0,0.96000,0.46420,57.600,0.928,-1,400.000,975.000,375.000,700.000,325.000,300.000,300.000,300.000,-1,-1,-1,-1,-1,650.000,-1,700.000,2,0,1,0,1,0,0,0,0,2,2,2,2,2,1,2,1
12,2449.459,-1389.656,338.229,-65.609,0.412225,0.910742,0.024894,-0.908466,0.412957,-0.064467,-0.068993,0.003960,0.997609,0,1.00000,0.47289,60.000,0.946,-1,400.000,-1,375.000,650.000,325.000,300.000,300.000,325.000,-1,-1,-1,-1,-1,625.000,-1,650.000,2,0,2,0,1,0,0,0,0,2,2,2,2,2,1,2,1
13,2475.153,-1443.876,334.280,-64.645,0.427377,0.903666,0.027129,-0.901466,0.428230,-0.063069,-0.068611,0.002499,0.997640,0,1.00000,0.48223,60.000,0.964,-1,375.000,-1,375.000,600.000,325.000,300.000,300.000,300.000,-1,-1,-1,-1,-1,575.000,-1,600.000,2,0,2,0,1,0,0,0,0,2,2,2,2,2,1,2,1
14,2501.773,-1497.647,330.522,-63.661,0.442791,0.896184,0.028104,-0.894082,0.443678,-0.061378,-0.067475,0.002051,0.997719,0,1.00000,0.49173,60.000,0.983,-1,-1,-1,375.000,550.000,325.000,300.000,300.000,300.000,-1,-1,-1,-1,-1,550.000,-1,550.000,2,2,2,0,1,0,0,0,0,2,2,2,2,2,1,2,1
15,2529.331,-1550.943,326.863,-62.658,0.458429,0.888281,0.028273,-0.886286,0.459295,-0.059550,-0.065883,0.002241,0.997825,0,1.00000,0.50144,60.000,1.003,-1,-1,-1,375.000,500.000,325.000,300.000,300.000,300.000,-1,-1,-1,-1,-1,500.000,-1,500.000,2,2,2,0,1,0,0,0,0,2,2,2,2,2,1,2,1
16,2557.836,-1603.740,323.162,-61.636,0.474237,0.879940,0.028349,-0.878047,0.475077,-0.057754,-0.064288,0.002497,0.997928,0,1.00000,0.51140,60.000,1.023,-1,-1,-1,375.000,450.000,325.000,300.000,300.000,300.000,-1,-1,-1,-1,-1,475.000,-1,450.000,2,2,2,0,1,0,0,0,0,2,2,2,2,2,1,2,1
17,2587.299,-1656.009,317.811,-60.592,0.489664,0.871140,0.036664,-0.869260,0.491020,-0.057334,-0.067949,-0.003796,0.997682,0,1.00000,0.52168,60.000,1.043,-1,-1,-1,350.000,400.000,300.000,300.000,300.000,300.000,-1,-1,-1,-1,-1,425.000,-1,400.000,2,2,2,1,1,0,0,0,0,2,2,2,2,2,1,2,1
18,2617.730,-1707.720,311.365,-59.527,0.504767,0.861784,0.050392,-0.859989,0.507073,-0.057416,-0.075033,-0.014355,0.997078,0,1.00000,0.53234,60.000,1.065,-1,-1,-1,325.000,325.000,475.000,300.000,275.000,300.000,-1,-1,-1,-1,-1,375.000,-1,350.000,2,2,2,1,1,1,0,0,0,2,2,2,2,2,1,2,1
19,2649.140,-1758.844,303.883,-58.441,0.519367,0.851741,0.069251,-0.850281,0.523164,-0.057639,-0.085323,-0.028947,0.995933,0,1.00000,0.54346,60.000,1.087,-1,-1,-1,275.000,275.000,500.000,275.000,250.000,325.000,-1,-1,-1,-1,-1,350.000,-1,275.000,2,2,2,1,1,1,0,0,0,2,2,2,2,2,1,2,1
20,2681.543,-1809.346,295.594,-57.330,0.533044,0.840805,0.094402,-0.840219,0.539160,-0.057782,-0.099482,-0.048518,0.993856,0,1.00000,0.55514,60.000,1.110,-1,-1,-1,250.000,225.000,525.000,250.000,200.000,325.000,-1,-1,-1,-1,-1,300.000,-1,225.000,2,2,2,1,1,1,1,0,0,2,2,2,2,2,1,2,1
21,2712.065,-1855.344,287.146,-56.460,0.541950,0.831405,0.122705,-0.832422,0.551130,-0.057710,-0.115606,-0.070866,0.990764,0,0.92000,0.43514,55.200,0.870,-1,-1,-1,200.000,175.000,550.000,200.000,175.000,350.000,-1,-1,-1,-1,-1,250.000,-1,175.000,2,2,2,1,1,1,1,1,0,2,2,2,2,2,1,2,1
22,2740.409,-1897.024,279.700,-55.830,0.546243,0.823321,0.154146,-0.827562,0.558904,-0.052599,-0.129458,-0.098833,0.986647,0,0.84000,0.31514,50.400,0.630,-1,-1,-1,175.000,125.000,550.000,175.000,150.000,400.000,850.000,-1,-1,-1,-1,200.000,-1,125.000,2,2,2,1,1,1,1,1,0,0,2,2,2,2,1,2,1
23,2766.355,-1934.523,276.508,-55.425,0.546775,0.814867,0.192431,-0.826900,0.561618,-0.028661,-0.131427,-0.143450,0.980892,0,0.76000,0.20246,45.600,0.405,-1,-1,-1,150.000,100.000,575.000,175.000,150.000,450.000,400.000,-1,-1,-1,-1,175.000,-1,100.000,2,2,2,1,1,1,1,1,1,0,2,2,2,2,1,2,1
24,2789.849,-1967.880,273.110,-54.989,0.547499,0.804773,0.229317,-0.825926,0.563742,-0.006501,-0.134507,-0.185840,0.973330,0,0.68000,0.21800,40.800,0.436,-1,-1,-1,150.000,100.000,625.000,200.000,125.000,450.000,150.000,0.000,-1,-1,-1,200.000,-1,100.000,2,2,2,1,1,1,1,1,1,0,0,2,2,2,1,2,1
25,2810.840,-1997.127,269.693,-54.524,0.548506,0.793444,0.263796,-0.824661,0.565455,0.013931,-0.138111,-0.225183,0.964478,0,0.60000,0.23239,36.000,0.465,-1,-1,-1,150.000,75.000,650.000,225.000,125.000,475.000,25.000,0.000,-1,-1,-1,225.000,-1,75.000,2,2,2,1,1,1,1,1,1,0,0,2,2,2,1,2,1
26,-1639.833,3607.658,230.743,99.238,-0.159446,-0.987013,-0.019530,0.974727,-0.160535,0.155355,-0.156473,0.005735,0.987666,1,0.00000,0.00000,31.200,0.491,-1,-1,-1,275.000,-1,450.000,225.000,125.000,375.000,-1,-1,-1,-1,-1,475.000,-1,800.000,2,2,2,0,2,1,1,0,0,2,2,2,2,2,0,2,0
27,-1640.585,3612.399,229.873,98.998,-0.154994,-0.987687,-0.021242,0.975115,-0.156401,0.157127,-0.158514,0.003640,0.987350,0,0.08000,-0.12000,4.800,-0.240,-1,-1,-1,275.000,-1,450.000,225.000,125.000,375.000,-1,-1,-1,-1,-1,475.000,-1,775.000,2,2,2,0,2,1,1,0,0,2,2,2,2,2,0,2,0
28,-1642.008,3621.895,228.135,98.518,-0.146069,-0.988969,-0.024579,0.975827,-0.148122,0.160688,-0.162556,-0.000514,0.986699,0,0.16000,-0.24000,9.600,-0.480,-1,-1,-1,275.000,-1,425.000,200.000,125.000,400.000,-1,-1,-1,-1,-1,475.000,-1,725.000,2,2,2,0,2,1,1,1,0,2,2,2,2,2,0,2,0
29,-1643.965,3636.164,225.543,97.798,-0.132632,-0.990730,-0.029358,0.976735,-0.135680,0.166069,-0.168513,-0.006649,0.985677,0,0.24000,-0.36000,14.400,-0.720,-1,-1,-1,250.000,-1,400.000,200.000,125.000,400.000,-1,-1,-1,-1,-1,450.000,-1,675.000,2,2,2,0,2,1,0,1,0,2,2,2,2,2,0,2,0
30,-1646.255,3655.230,222.117,96.838,-0.114640,-0.992780,-0.035287,0.977648,-0.119052,0.173292,-0.176242,-0.014632,0.984238,0,0.32000,-0.48000,19.200,-0.960,-1,-1,-1,250.000,-1,375.000,200.000,150.000,400.000,-1,-1,-1,-1,-1,425.000,-1,600.000,2,2,2,0,2,1,0,1,0,2,2,2,2,2,0,2,0
31,-1648.620,3679.118,217.897,95.638,-0.092060,-0.994870,-0.041944,0.978318,-0.098216,0.182339,-0.185523,-0.024248,0.982341,0,0.40000,-0.60000,24.000,-1.200,-1,-1,-1,225.000,-1,325.000,175.000,150.000,425.000,-1,-1,-1,-1,-1,400.000,-1,550.000,2,2,2,0,2,1,0,1,0,2,2,2,2,2,0,2,0
32,-1650.738,3707.846,212.946,94.198,-0.064903,-0.996700,-0.048753,0.978446,-0.073160,0.193108,-0.196037,-0.035169,0.979966,0,0.48000,-0.72000,28.800,-1.440,-1,-1,-1,225.000,950.000,300.000,175.000,200.000,425.000,-1,-1,-1,-1,-1,375.000,-1,475.000,2,2,2,0,0,1,0,1,0,2,2,2,2,2,0,2,0
33,-1652.264,3741.418,207.345,92.583,-0.034371,-0.997885,-0.055166,0.977671,-0.045022,0.205262,-0.207312,-0.046879,0.977151,0,0.56000,-0.80741,33.600,-1.615,-1,-1,1000.000,200.000,825.000,275.000,150.000,225.000,450.000,-1,-1,-1,-1,-1,350.000,-1,400.000,2,2,1,0,0,1,0,1,0,2,2,2,2,2,0,2,0
34,-1652.945,3779.819,201.139,90.994,-0.004039,-0.998119,-0.061168,0.975751,-0.017320,0.218197,-0.218846,-0.058804,0.973986,0,0.64000,-0.79458,38.400,-1.589,-1,600.000,675.000,200.000,700.000,225.000,150.000,300.000,475.000,-1,0.000,-1,-1,-1,325.000,-1,350.000,2,1,1,0,0,1,0,1,0,2,0,2,2,2,0,2,0
35,-9511.040,-3607.686,318.297,159.840,-0.937423,-0.343078,-0.059464,0.347042,-0.934471,-0.079530,-0.028282,-0.095190,0.995057,1,0.00000,0.00000,43.200,-1.560,-1,375.000,-1,375.000,-1,300.000,300.000,325.000,325.000,-1,900.000,-1,-1,700.000,700.000,-1,-1,2,0,2,0,2,0,0,0,0,2,0,2,2,0,0,2,2
36,-9515.539,-3606.013,318.155,159.600,-0.935995,-0.346984,-0.059296,0.350923,-0.933012,-0.079630,-0.027694,-0.095342,0.995059,0,0.08000,-0.12000,4.800,-0.240,-1,375.000,-1,375.000,-1,300.000,300.000,325.000,325.000,-1,875.000,-1,-1,700.000,700.000,-1,-1,2,0,2,0,2,0,0,0,0,2,0,2,2,0,0,2,2
37,-9524.509,-3602.592,317.877,159.120,-0.933090,-0.354778,-0.058963,0.358665,-0.930046,-0.079832,-0.026516,-0.095639,0.995063,0,0.16000,-0.24000,9.600,-0.480,-1,375.000,-1,375.000,-1,300.000,300.000,325.000,325.000,-1,825.000,-1,-1,700.000,725.000,-1,-1,2,0,2,0,2,0,0,0,0,2,0,2,2,0,0,2,2
38,-9537.911,-3597.322,317.476,158.535,-0.929467,-0.364242,-0.058463,0.368058,-0.926343,-0.080133,-0.024969,-0.095998,0.995068,0,0.24000,-0.29250,14.400,-0.585,-1,375.000,-1,375.000,-1,300.000,300.000,300.000,325.000,-1,775.000,950.000,-1,700.000,725.000,-1,-1,2,0,2,0,2,0,0,0,0,2,0,0,2,0,0,2,2
39,-9555.708,-3590.118,316.964,157.962,-0.925839,-0.373472,-0.057796,0.377202,-0.922624,-0.080528,-0.023249,-0.096356,0.995075,0,0.32000,-0.28640,19.200,-0.573,-1,375.000,-1,375.000,-1,300.000,325.000,300.000,325.000,-1,675.000,850.000,-1,700.000,725.000,-1,-1,2,0,2,0,2,0,0,0,0,2,0,0,2,0,0,2,2
40,-9577.867,-3580.897,316.351,157.406,-0.922238,-0.382403,-0.056966,0.386032,-0.918921,-0.081021,-0.021364,-0.096711,0.995083,0,0.40000,-0.27827,24.000,-0.557,-1,375.000,-1,375.000,-1,325.000,325.000,300.000,325.000,-1,575.000,725.000,-1,725.000,725.000,-1,-1,2,0,2,0,2,0,0,0,0,2,0,0,2,0,0,2,2
41,-9604.352,-3569.583,315.648,156.869,-0.918698,-0.390972,-0.055979,0.394486,-0.915270,-0.081614,-0.019327,-0.097062,0.995091,0,0.48000,-0.26811,28.800,-0.536,-1,375.000,-1,375.000,-1,325.000,325.000,300.000,325.000,-1,500.000,575.000,-1,725.000,725.000,-1,-1,2,0,2,0,2,0,0,0,0,2,0,0,2,0,0,2,2
42,-9635.132,-3556.108,314.869,156.358,-0.915257,-0.399120,-0.054844,0.402505,-0.911710,-0.082312,-0.017150,-0.097412,0.995096,0,0.56000,-0.25593,33.600,-0.512,-1,375.000,-1,375.000,-1,325.000,325.000,300.000,325.000,-1,500.000,475.000,-1,725.000,750.000,-1,-1,2,0,2,0,2,0,0,0,0,2,0,0,2,0,0,2,2
43,-9670.177,-3540.408,314.023,155.867,-0.911902,-0.406896,-0.053569,0.410139,-0.908228,-0.083118,-0.014833,-0.097766,0.995099,0,0.64000,-0.24525,38.400,-0.490,-1,375.000,-1,375.000,-1,325.000,325.000,300.000,325.000,-1,475.000,450.000,-1,725.000,750.000,-1,-1,2,0,2,0,2,0,0,0,0,2,0,0,2,0,0,2,2
44,-9709.448,-3522.408,313.245,155.377,-0.908471,-0.414660,-0.052319,0.417754,-0.904721,-0.083440,-0.012735,-0.097659,0.995138,0,0.72000,-0.24525,43.200,-0.490,-1,375.000,-1,400.000,-1,325.000,325.000,300.000,325.000,-1,450.000,450.000,-1,725.000,775.000,-1,-1,2,0,2,0,2,0,0,0,0,2,0,0,2,0,0,2,2
45,-9752.911,-3502.034,312.588,154.886,-0.904957,-0.422420,-0.051135,0.425362,-0.901201,-0.083093,-0.010983,-0.096946,0.995229,0,0.80000,-0.24525,48.000,-0.490,-1,375.000,-1,400.000,-1,325.000,325.000,300.000,325.000,-1,475.000,450.000,-1,725.000,775.000,-1,-1,2,0,2,0,2,0,0,0,0,2,0,0,2,0,0,2,2
46,-9798.262,-3480.299,311.993,154.396,-0.901383,-0.430155,-0.049754,0.432928,-0.897627,-0.082703,-0.009086,-0.096087,0.995332,0,0.83817,-0.24525,50.290,-0.490,-1,375.000,-1,400.000,-1,325.000,325.000,300.000,325.000,-1,500.000,450.000,-1,750.000,775.000,-1,-1,2,0,2,0,2,0,0,0,0,2,0,0,2,0,0,2,2
47,-9843.426,-3458.177,311.463,153.905,-0.897741,-0.437859,-0.048384,0.440466,-0.893984,-0.082359,-0.007193,-0.095249,0.995428,0,0.83817,-0.24525,50.290,-0.490,-1,400.000,-1,400.000,-1,325.000,325.000,300.000,300.000,-1,500.000,475.000,-1,750.000,800.000,-1,-1,2,0,2,0,2,0,0,0,0,2,0,0,2,0,0,2,2
48,-9888.399,-3435.669,310.992,153.415,-0.894030,-0.445530,-0.047054,0.447976,-0.890270,-0.082076,-0.005324,-0.094458,0.995515,0,0.83817,-0.24525,50.290,-0.490,-1,400.000,-1,400.000,-1,325.000,325.000,300.000,300.000,-1,525.000,475.000,-1,775.000,800.000,-1,-1,2,0,2,0,2,0,0,0,0,2,0,0,2,0,0,2,2
49,-9933.178,-3412.778,310.707,152.924,-0.890232,-0.453147,-0.046308,0.455491,-0.886447,-0.082094,-0.003849,-0.094176,0.995548,0,0.83817,-0.24525,50.290,-0.490,-1,400.000,-1,400.000,-1,325.000,325.000,300.000,300.000,-1,550.000,500.000,-1,800.000,800.000,-1,-1,2,0,2,0,2,0,0,0,0,2,0,0,2,0,0,2,2
50,-9977.759,-3389.504,310.568,152.434,-0.886356,-0.460716,-0.045978,0.462997,-0.882529,-0.082322,-0.002650,-0.094254,0.995545,0,0.83817,-0.24525,50.290,-0.490,-1,400.000,-1,400.000,-1,325.000,325.000,300.000,325.000,-1,600.000,550.000,-1,800.000,825.000,-1,-1,2,0,2,0,2,0,0,0,0,2,0,0,2,0,0,2,2
51,-10022.140,-3365.850,310.465,151.943,-0.882413,-0.468252,-0.045686,0.470473,-0.878549,-0.082507,-0.001504,-0.094299,0.995543,0,0.83817,-0.24525,50.290,-0.490,-1,400.000,-1,400.000,-1,325.000,325.000,300.000,325.000,-1,650.000,575.000,-1,825.000,825.000,-1,-1,2,0,2,0,2,0,0,0,0,2,0,0,2,0,0,2,2
52,-10066.316,-3341.817,310.402,151.453,-0.878404,-0.475755,-0.045431,0.477919,-0.874506,-0.082656,-0.000406,-0.094318,0.995542,0,0.83817,-0.24525,50.290,-0.490,-1,400.000,-1,400.000,-1,325.000,325.000,300.000,325.000,-1,675.000,625.000,-1,825.000,825.000,-1,-1,2,0,2,0,2,0,0,0,0,2,0,0,2,0,0,2,2
53,-10110.285,-3317.406,310.341,150.962,-0.874323,-0.483231,-0.045243,0.485344,-0.870414,-0.082591,0.000530,-0.094169,0.995556,0,0.83817,-0.24525,50.290,-0.490,-1,400.000,-1,400.000,-1,325.000,325.000,300.000,325.000,-1,725.000,675.000,-1,850.000,850.000,-1,-1,2,0,2,0,2,0,0,0,0,2,0,0,2,0,0,2,2
54,-10154.043,-3292.619,310.182,150.472,-0.870158,-0.490696,-0.045193,0.492772,-0.866301,-0.081848,0.001012,-0.093491,0.995620,0,0.83817,-0.24525,50.290,-0.490,-1,400.000,-1,400.000,-1,325.000,325.000,300.000,325.000,-1,800.000,725.000,-1,850.000,875.000,-1,-1,2,0,2,0,2,0,0,0,0,2,0,0,2,0,0,2,2
55,-10197.587,-3267.458,310.067,149.981,-0.865928,-0.498126,-0.045161,0.500167,-0.862124,-0.081088,0.001458,-0.092804,0.995683,0,0.83817,-0.24525,50.290,-0.490,-1,400.000,-1,400.000,-1,325.000,325.000,300.000,325.000,-1,850.000,800.000,-1,850.000,875.000,-1,-1,2,0,2,0,2,0,0,0,0,2,0,0,2,0,0,2,2
56,-10240.915,-3241.926,309.997,149.491,-0.861632,-0.505521,-0.045146,0.507530,-0.857883,-0.080310,0.001868,-0.092111,0.995747,0,0.83817,-0.24525,50.290,-0.490,-1,400.000,-1,400.000,-1,325.000,325.000,300.000,325.000,-1,925.000,850.000,-1,875.000,875.000,-1,-1,2,0,2,0,2,0,0,0,0,2,0,0,2,0,0,2,2
57,-10284.022,-3216.024,309.972,149.000,-0.857272,-0.512880,-0.045150,0.514859,-0.853580,-0.079512,0.002241,-0.091409,0.995811,0,0.83817,-0.24525,50.290,-0.490,-1,400.000,-1,400.000,-1,325.000,325.000,300.000,325.000,-1,1000.000,925.000,-1,875.000,900.000,-1,-1,2,0,2,0,2,0,0,0,0,2,0,0,2,0,0,2,2
58,-10326.906,-3189.753,310.013,148.510,-0.852845,-0.520206,-0.045185,0.522159,-0.849220,-0.078589,0.002510,-0.090618,0.995883,0,0.83817,-0.24525,50.290,-0.490,-1,400.000,-1,400.000,-1,325.000,325.000,300.000,325.000,-1,-1,1000.000,-1,900.000,925.000,-1,-1,2,0,2,0,2,0,0,0,0,2,2,0,2,0,0,2,2
59,-10369.563,-3163.117,310.115,148.019,-0.848350,-0.527499,-0.045246,0.529429,-0.844802,-0.077560,0.002689,-0.089753,0.995960,0,0.83817,-0.24525,50.290,-0.490,-1,400.000,-1,400.000,-1,325.000,325.000,300.000,325.000,-1,-1,-1,-1,900.000,950.000,-1,-1,2,0,2,0,2,0,0,0,0,2,2,2,2,0,0,2,2
60,-10411.991,-3136.116,310.193,147.529,-0.843783,-0.534740,-0.045646,0.536678,-0.840299,-0.076639,0.002625,-0.089164,0.996014,0,0.83817,-0.24525,50.290,-0.490,-1,400.000,-1,400.000,-1,325.000,325.000,300.000,325.000,-1,-1,-1,-1,925.000,975.000,-1,-1,2,0,2,0,2,0,0,0,0,2,2,2,2,0,0,2,2
61,-10454.187,-3108.755,310.033,147.038,-0.839111,-0.541887,-0.047446,0.543957,-0.835649,-0.076164,0.001624,-0.089718,0.995966,0,0.83817,-0.24525,50.290,-0.490,-1,425.000,-1,425.000,-1,325.000,325.000,300.000,325.000,-1,-1,-1,-1,925.000,1000.000,-1,-1,2,0,2,0,2,0,0,0,0,2,2,2,2,0,0,2,2
62,-10496.147,-3081.033,309.910,146.548,-0.834373,-0.548992,-0.049290,0.551200,-0.830936,-0.075663,0.000581,-0.090300,0.995914,0,0.83817,-0.24525,50.290,-0.490,-1,425.000,-1,425.000,-1,325.000,325.000,300.000,325.000,-1,-1,-1,-1,900.000,1000.000,-1,-1,2,0,2,0,2,0,0,0,0,2,2,2,2,0,0,2,2
63,-10537.869,-3052.953,309.824,146.057,-0.829569,-0.556054,-0.051179,0.558404,-0.826160,-0.075136,-0.000503,-0.090909,0.995859,0,0.83817,-0.24525,50.290,-0.490,-1,425.000,-1,425.000,-1,325.000,325.000,300.000,325.000,-1,-1,-1,-1,900.000,-1,-1,-1,2,0,2,0,2,0,0,0,0,2,2,2,2,0,2,2,2
64,-10579.348,-3024.517,309.769,145.567,-0.824699,-0.563074,-0.053088,0.565569,-0.821322,-0.074573,-0.001612,-0.091525,0.995801,0,0.83817,-0.24525,50.290,-0.490,-1,425.000,-1,425.000,-1,325.000,325.000,300.000,325.000,-1,-1,-1,-1,900.000,-1,-1,-1,2,0,2,0,2,0,0,0,0,2,2,2,2,0,2,2,2
65,-10620.583,-2995.727,309.730,145.076,-0.819768,-0.570055,-0.054942,0.572690,-0.816429,-0.073954,-0.002699,-0.092090,0.995747,0,0.83817,-0.24525,50.290,-0.490,-1,425.000,-1,425.000,-1,350.000,350.000,300.000,325.000,-1,-1,-1,-1,900.000,-1,-1,-1,2,0,2,0,2,0,0,0,0,2,2,2,2,0,2,2,2
66,-10661.569,-2966.585,309.721,144.586,-0.814771,-0.576993,-0.056811,0.579770,-0.811476,-0.073298,-0.003809,-0.092658,0.995691,0,0.83817,-0.24525,50.290,-0.490,-1,425.000,-1,425.000,-1,350.000,350.000,300.000,325.000,-1,-1,-1,-1,900.000,-1,-1,-1,2,0,2,0,2,0,0,0,0,2,2,2,2,0,2,2,2
67,-10702.305,-2937.092,309.556,144.095,-0.809744,-0.583924,-0.057852,0.586766,-0.806515,-0.072376,-0.004397,-0.092552,0.995698,0,0.83817,-0.24525,50.290,-0.490,-1,425.000,-1,425.000,-1,350.000,350.000,300.000,325.000,-1,-1,-1,-1,900.000,-1,-1,-1,2,0,2,0,2,0,0,0,0,2,2,2,2,0,2,2,2
68,-10746.196,-2904.453,308.908,143.365,-0.802085,-0.594211,-0.059775,0.597176,-0.799074,-0.069720,-0.006336,-0.091617,0.995774,0,0.91161,-0.36525,54.697,-0.730,-1,425.000,-1,425.000,-1,350.000,350.000,300.000,325.000,-1,-1,-1,-1,900.000,-1,-1,-1,2,0,2,0,2,0,0,0,0,2,2,2,2,0,2,2,2
69,-10789.548,-2871.100,308.251,142.428,-0.792097,-0.607230,-0.062080,0.610339,-0.789295,-0.067076,-0.008269,-0.091020,0.995815,0,0.91161,-0.46843,54.697,-0.937,-1,425.000,-1,425.000,-1,350.000,325.000,300.000,325.000,-1,-1,-1,-1,875.000,-1,-1,-1,2,0,2,0,2,0,0,0,0,2,2,2,2,0,2,2,2
70,-10832.350,-2837.043,307.666,141.491,-0.781892,-0.620090,-0.064289,0.623330,-0.779306,-0.064349,-0.010199,-0.090387,0.995855,0,0.91161,-0.46843,54.697,-0.937,-1,425.000,-1,425.000,-1,325.000,325.000,325.000,325.000,-1,-1,-1,-1,875.000,-1,-1,-1,2,0,2,0,2,0,0,0,0,2,2,2,2,0,2,2,2
71,-10874.588,-2802.291,307.153,140.554,-0.771473,-0.632788,-0.066399,0.636146,-0.769110,-0.061542,-0.012125,-0.089718,0.995893,0,0.91161,-0.46843,54.697,-0.937,-1,425.000,-1,425.000,-1,325.000,325.000,325.000,300.000,-1,-1,-1,-1,850.000,1000.000,-1,-1,2,0,2,0,2,0,0,0,0,2,2,2,2,0,0,2,2
72,-10916.254,-2766.853,306.513,139.617,-0.760881,-0.645273,-0.068434,0.648753,-0.758655,-0.059688,-0.013403,-0.089812,0.995869,0,0.91161,-0.46843,54.697,-0.937,-1,400.000,-1,425.000,-1,325.000,325.000,325.000,300.000,-1,-1,-1,-1,850.000,1000.000,-1,-1,2,0,2,0,2,0,0,0,0,2,2,2,2,0,0,2,2
73,-10957.334,-2730.739,305.749,138.680,-0.750119,-0.657540,-0.070442,0.661154,-0.747945,-0.058770,-0.014043,-0.090658,0.995783,0,0.91161,-0.46843,54.697,-0.937,-1,400.000,-1,425.000,-1,325.000,325.000,300.000,300.000,-1,-1,-1,-1,850.000,-1,-1,-1,2,0,2,0,2,0,0,0,0,2,2,2,2,0,2,2,2
74,-10997.819,-2693.958,305.032,137.744,-0.739152,-0.669636,-0.072404,0.673378,-0.737044,-0.057699,-0.014728,-0.091404,0.995705,0,0.91161,-0.46843,54.697,-0.937,-1,400.000,-1,425.000,-1,325.000,325.000,300.000,300.000,-1,-1,-1,-1,850.000,-1,-1,-1,2,0,2,0,2,0,0,0,0,2,2,2,2,0,2,2,2
75,-11037.696,-2656.519,303.931,136.807,-0.727905,-0.681656,-0.074159,0.685474,-0.726059,-0.054436,-0.016737,-0.090459,0.995760,0,0.91161,-0.46843,54.697,-0.937,-1,400.000,-1,425.000,-1,325.000,325.000,300.000,300.000,-1,-1,-1,-1,825.000,-1,-1,-1,2,0,2,0,2,0,0,0,0,2,2,2,2,0,2,2,2
76,-11076.955,-2618.433,302.906,135.870,-0.716463,-0.693500,-0.075751,0.697374,-0.714882,-0.051119,-0.018702,-0.089452,0.995816,0,0.91161,-0.46843,54.697,-0.937,-1,400.000,-1,425.000,-1,325.000,325.000,300.000,300.000,-1,-1,-1,-1,825.000,-1,-1,-1,2,0,2,0,2,0,0,0,0,2,2,2,2,0,2,2,2
77,-11115.587,-2579.710,301.953,134.933,-0.704830,-0.705162,-0.077209,0.709076,-0.703513,-0.047756,-0.020641,-0.088407,0.995871,0,0.91161,-0.46843,54.697,-0.937,-1,400.000,-1,425.000,-1,325.000,325.000,300.000,300.000,-1,-1,-1,-1,825.000,1000.000,-1,-1,2,0,2,0,2,0,0,0,0,2,2,2,2,0,0,2,2
78,-11153.580,-2540.361,301.059,133.996,-0.693005,-0.716636,-0.078587,0.720578,-0.691953,-0.044359,-0.022590,-0.087369,0.995920,0,0.91161,-0.46843,54.697,-0.937,-1,400.000,-1,425.000,-1,325.000,325.000,300.000,300.000,-1,-1,-1,-1,825.000,1000.000,-1,-1,2,0,2,0,2,0,0,0,0,2,2,2,2,0,0,2,2
79,-11190.925,-2500.396,300.025,133.059,-0.681030,-0.727869,-0.080033,0.731865,-0.680157,-0.041955,-0.023897,-0.087145,0.995909,0,0.91161,-0.46843,54.697,-0.937,-1,400.000,-1,425.000,-1,325.000,325.000,300.000,300.000,-1,-1,-1,-1,800.000,1000.000,-1,-1,2,0,2,0,2,0,0,0,0,2,2,2,2,0,0,2,2
80,-11227.611,-2459.826,298.932,132.122,-0.668902,-0.738916,-0.081075,0.742935,-0.668186,-0.039682,-0.024852,-0.086777,0.995918,0,0.91161,-0.46843,54.697,-0.937,-1,400.000,-1,425.000,-1,325.000,325.000,300.000,300.000,-1,-1,-1,-1,800.000,1000.000,-1,-1,2,0,2,0,2,0,0,0,0,2,2,2,2,0,0,2,2
81,-11263.628,-2418.660,297.613,131.186,-0.656682,-0.749835,-0.080728,0.753754,-0.656096,-0.037319,-0.024982,-0.085356,0.996037,0,0.91161,-0.46843,54.697,-0.937,-1,400.000,-1,425.000,-1,325.000,325.000,300.000,300.000,-1,-1,-1,-1,800.000,1000.000,-1,-1,2,0,2,0,2,0,0,0,0,2,2,2,2,0,0,2,2
82,-11298.968,-2376.912,296.361,130.249,-0.644285,-0.760554,-0.080348,0.764373,-0.643826,-0.034969,-0.025134,-0.083946,0.996153,0,0.91161,-0.46843,54.697,-0.937,-1,400.000,-1,425.000,-1,325.000,350.000,300.000,300.000,-1,-1,-1,-1,800.000,-1,-1,-1,2,0,2,0,2,0,0,0,0,2,2,2,2,0,2,2,2
83,-11333.621,-2334.592,294.792,129.312,-0.631582,-0.770968,-0.081930,0.774855,-0.631296,-0.032649,-0.026551,-0.084105,0.996103,0,0.91161,-0.46843,54.697,-0.937,-1,400.000,-1,425.000,-1,325.000,325.000,300.000,300.000,-1,-1,-1,-1,775.000,1000.000,-1,-1,2,0,2,0,2,0,0,0,0,2,2,2,2,0,0,2,2
84,-11367.578,-2291.711,293.231,128.375,-0.618683,-0.781160,-0.083793,0.785135,-0.618584,-0.030274,-0.028184,-0.084519,0.996023,0,0.91161,-0.46843,54.697,-0.937,-1,400.000,-1,425.000,-1,325.000,325.000,300.000,325.000,-1,-1,-1,-1,775.000,1000.000,-1,-1,2,0,2,0,2,0,0,0,0,2,2,2,2,0,0,2,2
85,-11400.830,-2248.281,291.748,127.438,-0.605615,-0.791144,-0.085568,0.795199,-0.605709,-0.027839,-0.029805,-0.084903,0.995943,0,0.91161,-0.46843,54.697,-0.937,-1,400.000,-1,425.000,-1,325.000,325.000,300.000,325.000,-1,-1,-1,-1,750.000,1000.000,-1,-1,2,0,2,0,2,0,0,0,0,2,2,2,2,0,0,2,2
86,-11433.367,-2204.313,290.344,126.501,-0.592384,-0.800917,-0.087253,0.805043,-0.592674,-0.025344,-0.031414,-0.085256,0.995864,0,0.91161,-0.46843,54.697,-0.937,-1,400.000,-1,425.000,-1,325.000,325.000,300.000,325.000,-1,-1,-1,-1,750.000,1000.000,-1,-1,2,0,2,0,2,0,0,0,0,2,2,2,2,0,0,2,2
87,-11465.180,-2159.818,288.800,125.564,-0.579071,-0.810538,-0.087777,0.814634,-0.579527,-0.022807,-0.032383,-0.084713,0.995879,0,0.91161,-0.46843,54.697,-0.937,-1,400.000,-1,425.000,-1,325.000,325.000,300.000,325.000,-1,-1,-1,-1,750.000,1000.000,-1,-1,2,0,2,0,2,0,0,0,0,2,2,2,2,0,0,2,2
88,-11496.260,-2114.809,287.084,124.628,-0.565694,-0.820010,-0.087027,0.823970,-0.566269,-0.020323,-0.032616,-0.083204,0.995999,0,0.91161,-0.46843,54.697,-0.937,-1,400.000,-1,425.000,-1,325.000,325.000,300.000,325.000,-1,-1,-1,-1,750.000,-1,-1,-1,2,0,2,0,2,0,0,0,0,2,2,2,2,0,2,2,2
89,-11526.600,-2069.297,285.445,123.691,-0.552172,-0.829262,-0.086204,0.833085,-0.552854,-0.017933,-0.032787,-0.081718,0.996116,0,0.91161,-0.46843,54.697,-0.937,-1,400.000,-1,425.000,-1,325.000,325.000,300.000,325.000,-1,-1,-1,-1,775.000,-1,-1,-1,2,0,2,0,2,0,0,0,0,2,2,2,2,0,2,2,2
90,-11556.191,-2023.295,283.665,122.754,-0.538476,-0.838344,-0.084987,0.841973,-0.539320,-0.014659,-0.033546,-0.079450,0.996274,0,0.91161,-0.46843,54.697,-0.937,-1,400.000,-1,425.000,-1,325.000,325.000,300.000,300.000,-1,-1,-1,-1,775.000,-1,-1,-1,2,0,2,0,2,0,0,0,0,2,2,2,2,0,2,2,2
91,-11585.025,-1976.815,281.732,121.817,-0.524611,-0.847256,-0.083309,0.850625,-0.525669,-0.010456,-0.034934,-0.076350,0.996469,0,0.91161,-0.46843,54.697,-0.937,-1,400.000,-1,425.000,-1,325.000,350.000,300.000,300.000,-1,-1,-1,-1,775.000,-1,-1,-1,2,0,2,0,2,0,0,0,0,2,2,2,2,0,2,2,2
92,-11613.096,-1929.869,279.863,120.880,-0.510616,-0.855939,-0.081481,0.859042,-0.511866,-0.006311,-0.036305,-0.073218,0.996655,0,0.91161,-0.46843,54.697,-0.937,-1,400.000,-1,425.000,-1,325.000,350.000,300.000,300.000,-1,-1,-1,-1,775.000,1000.000,-1,-1,2,0,2,0,2,0,0,0,0,2,2,2,2,0,0,2,2
93,-11640.395,-1882.471,278.046,119.943,-0.496496,-0.864388,-0.079529,0.867223,-0.497914,-0.002288,-0.037621,-0.070106,0.996830,0,0.91161,-0.46843,54.697,-0.937,-1,400.000,-1,425.000,-1,325.000,350.000,300.000,300.000,-1,-1,-1,-1,775.000,1000.000,-1,-1,2,0,2,0,2,0,0,0,0,2,2,2,2,0,0,2,2
94,-11666.917,-1834.634,275.846,119.006,-0.482306,-0.872495,-0.078314,0.875201,-0.483759,-0.000473,-0.037473,-0.068769,0.996929,0,0.91161,-0.46843,54.697,-0.937,-1,400.000,-1,425.000,-1,325.000,350.000,300.000,300.000,-1,-1,-1,-1,775.000,-1,-1,-1,2,0,2,0,2,0,0,0,0,2,2,2,2,0,2,2,2
95,-11693.222,-1785.798,273.555,118.310,-0.471616,-0.878379,-0.077641,0.880982,-0.473147,0.001515,-0.038066,-0.067686,0.996980,0,0.92450,-0.34843,55.470,-0.697,-1,400.000,-1,425.000,-1,325.000,350.000,300.000,300.000,-1,-1,-1,-1,775.000,-1,-1,-1,2,0,2,0,2,0,0,0,0,2,2,2,2,0,2,2,2
96,-11719.279,-1736.488,270.896,117.853,-0.464390,-0.882104,-0.078956,0.884714,-0.466118,0.003953,-0.040290,-0.068018,0.996870,0,0.92951,-0.22843,55.771,-0.457,-1,400.000,-1,425.000,-1,325.000,350.000,300.000,300.000,-1,-1,-1,-1,750.000,-1,-1,-1,2,0,2,0,2,0,0,0,0,2,2,2,2,0,2,2,2
97,-11745.287,-1686.816,268.258,117.636,-0.460832,-0.883856,-0.080209,0.886453,-0.462773,0.006463,-0.042831,-0.068123,0.996757,0,0.93447,-0.10843,56.068,-0.217,-1,400.000,-1,425.000,-1,325.000,325.000,300.000,300.000,-1,-1,-1,-1,750.000,1000.000,-1,-1,2,0,2,0,2,0,0,0,0,2,2,2,2,0,0,2,2
98,-11771.449,-1636.898,265.835,117.659,-0.461053,-0.883727,-0.080348,0.886231,-0.463161,0.008811,-0.045000,-0.067145,0.996728,0,0.93931,0.01157,56.359,0.023,-1,400.000,-1,425.000,-1,325.000,325.000,300.000,300.000,-1,-1,-1,-1,750.000,1000.000,-1,-1,2,0,2,0,2,0,0,0,0,2,2,2,2,0,0,2,2
99,-11797.970,-1586.853,263.418,117.922,-0.464976,-0.881666,-0.080394,0.884052,-0.467254,0.011177,-0.047419,-0.065876,0.996700,0,0.94395,0.13157,56.637,0.263,-1,400.000,-1,425.000,-1,325.000,325.000,300.000,300.000,-1,-1,-1,-1,725.000,975.000,-1,-1,2,0,2,0,2,0,0,0,0,2,2,2,2,0,1,2,2
100,-11825.053,-1536.814,260.992,118.425,-0.472575,-0.877618,-0.080366,0.879867,-0.475027,0.013553,-0.050070,-0.064306,0.996673,0,0.94831,0.25157,56.899,0.503,-1,375.000,-1,425.000,-1,325.000,325.000,275.000,300.000,-1,-1,-1,-1,725.000,950.000,-1,-1,2,0,2,0,2,0,0,0,0,2,2,2,2,0,1,2,2
101,-11853.118,-1486.530,258.526,119.168,-0.483800,-0.871488,-0.080287,0.873575,-0.486428,0.015952,-0.052956,-0.062419,0.996644,0,0.95976,0.37157,57.586,0.743,-1,375.000,-1,425.000,-1,325.000,350.000,275.000,300.000,-1,-1,-1,-1,725.000,900.000,-1,-1,2,0,2,0,2,0,0,0,0,2,2,2,2,0,1,2,2
102,-11882.231,-1436.406,255.551,120.152,-0.498764,-0.863219,-0.078016,0.865011,-0.501429,0.018039,-0.054691,-0.058487,0.996789,0,0.96610,0.49157,57.966,0.983,-1,375.000,-1,450.000,-1,325.000,350.000,275.000,300.000,-1,-1,-1,-1,725.000,875.000,-1,-1,2,0,2,0,2,0,0,0,0,2,2,2,2,0,1,2,2
103,-11912.596,-1386.603,252.419,121.375,-0.517204,-0.852543,-0.075309,0.854000,-0.519878,0.020264,-0.056427,-0.053833,0.996954,0,0.97216,0.61157,58.330,1.223,-1,375.000,-1,450.000,1000.000,325.000,350.000,275.000,300.000,-1,-1,-1,-1,725.000,850.000,-1,-1,2,0,2,0,1,0,0,0,0,2,2,2,2,0,1,2,2
104,-11941.242,-1341.384,249.127,122.358,-0.531868,-0.843739,-0.072255,0.844773,-0.534583,0.024090,-0.058952,-0.048226,0.997095,0,0.89216,0.49157,53.530,0.983,-1,375.000,-1,450.000,925.000,325.000,350.000,300.000,300.000,-1,-1,-1,-1,725.000,800.000,-1,975.000,2,0,2,0,1,0,0,0,0,2,2,2,2,0,1,2,1
105,-11968.751,-1299.180,245.994,123.101,-0.542886,-0.836932,-0.069420,0.837578,-0.545610,0.027800,-0.061143,-0.043052,0.997200,0,0.83963,0.37157,50.378,0.743,-1,375.000,-1,450.000,875.000,325.000,350.000,300.000,300.000,-1,-1,-1,-1,700.000,775.000,-1,925.000,2,0,2,0,1,0,0,0,0,2,2,2,2,0,1,2,1
106,-11996.778,-1256.998,242.820,123.604,-0.550345,-0.832278,-0.066580,0.832548,-0.553051,0.031598,-0.063120,-0.038041,0.997281,0,0.84406,0.25157,50.644,0.503,-1,375.000,-1,425.000,825.000,325.000,350.000,300.000,300.000,-1,-1,-1,-1,700.000,750.000,-1,875.000,2,0,2,0,1,0,0,0,0,2,2,2,2,0,1,2,1
107,-12025.142,-1214.730,239.530,123.867,-0.554304,-0.829863,-0.063829,0.829802,-0.556957,0.035024,-0.064615,-0.033552,0.997346,0,0.84838,0.13157,50.903,0.263,-1,375.000,-1,425.000,775.000,325.000,325.000,300.000,300.000,-1,-1,-1,-1,700.000,725.000,-1,825.000,2,0,2,0,1,0,0,0,0,2,2,2,2,0,1,2,1
108,-12053.667,-1172.262,235.889,123.890,-0.554785,-0.829717,-0.061508,0.829463,-0.557346,0.036843,-0.064851,-0.030579,0.997426,0,0.85264,0.01157,51.158,0.023,-1,375.000,-1,425.000,725.000,325.000,325.000,300.000,300.000,-1,-1,-1,-1,700.000,675.000,-1,775.000,2,0,2,0,1,0,0,0,0,2,2,2,2,0,1,2,1
109,-12082.172,-1129.475,232.232,123.674,-0.551789,-0.831888,-0.059086,0.831456,-0.554246,0.038620,-0.064875,-0.027818,0.997506,0,0.85687,-0.10843,51.412,-0.217,-1,375.000,-1,425.000,675.000,325.000,325.000,300.000,275.000,-1,-1,-1,-1,700.000,650.000,-1,725.000,2,0,2,0,1,0,0,0,0,2,2,2,2,0,1,2,1
110,-12110.475,-1086.249,228.608,123.217,-0.545226,-0.836340,-0.057130,0.835689,-0.547635,0.041478,-0.065976,-0.025128,0.997505,0,0.86112,-0.22843,51.667,-0.457,-1,375.000,-1,425.000,625.000,325.000,325.000,300.000,275.000,-1,-1,-1,-1,700.000,625.000,-1,675.000,2,0,2,0,1,0,0,0,0,2,2,2,2,0,1,2,1
111,-12138.390,-1042.464,224.834,122.520,-0.535022,-0.842976,-0.056065,0.842113,-0.537446,0.044687,-0.067802,-0.023305,0.997427,0,0.86545,-0.34843,51.927,-0.697,-1,375.000,-1,425.000,575.000,325.000,325.000,300.000,275.000,-1,-1,-1,-1,675.000,600.000,-1,625.000,2,0,2,0,1,0,0,0,0,2,2,2,2,0,1,2,1
112,-12165.725,-998.001,221.083,121.583,-0.521180,-0.851682,-0.054854,0.850609,-0.523610,0.047922,-0.069536,-0.021683,0.997344,0,0.86988,-0.46843,52.193,-0.937,-1,375.000,-1,400.000,500.000,325.000,325.000,300.000,275.000,-1,-1,-1,-1,675.000,550.000,-1,550.000,2,0,2,1,1,0,0,0,0,2,2,2,2,0,1,2,1
113,-12192.281,-952.747,217.544,120.406,-0.503586,-0.862270,-0.053777,0.861053,-0.506016,0.050365,-0.070641,-0.020941,0.997282,0,0.87449,-0.58843,52.469,-1.177,-1,375.000,-1,375.000,450.000,300.000,325.000,300.000,275.000,-1,-1,-1,-1,675.000,525.000,-1,500.000,2,0,2,1,1,0,0,0,0,2,2,2,2,0,1,2,1
114,-12217.850,-906.599,214.145,118.989,-0.482113,-0.874521,-0.052721,0.873198,-0.484542,0.052380,-0.071353,-0.020783,0.997235,0,0.87931,-0.70843,52.759,-1.417,-1,375.000,-1,350.000,425.000,300.000,325.000,300.000,275.000,-1,-1,-1,-1,675.000,500.000,-1,450.000,2,0,2,1,1,0,0,0,0,2,2,2,2,0,1,2,1
115,-12242.214,-859.459,210.768,117.332,-0.456631,-0.888166,-0.051466,0.886734,-0.459054,0.054513,-0.072042,-0.020744,0.997186,0,0.88439,-0.82843,53.064,-1.657,-1,375.000,-1,325.000,375.000,300.000,300.000,300.000,275.000,-1,-1,-1,-1,675.000,475.000,-1,400.000,2,0,2,1,1,0,1,0,0,2,2,2,2,0,1,2,1
116,-12265.274,-811.308,207.430,115.591,-0.429436,-0.901709,-0.050045,0.900162,-0.431847,0.056716,-0.072753,-0.020693,0.997135,0,0.88979,-0.87087,53.387,-1.742,-1,375.000,-1,300.000,325.000,300.000,300.000,300.000,275.000,-1,-1,-1,-1,675.000,425.000,-1,350.000,2,1,2,1,1,1,1,0,0,2,2,2,2,0,1,2,1
117,-12286.989,-762.174,203.890,113.844,-0.401866,-0.914473,-0.047355,0.912801,-0.404169,0.058669,-0.072791,-0.019649,0.997154,0,0.89532,-0.87337,53.719,-1.747,-1,350.000,-1,300.000,275.000,300.000,275.000,300.000,275.000,-1,-1,-1,-1,675.000,400.000,-1,300.000,2,1,2,1,1,1,1,0,0,2,2,2,2,0,1,2,1
118,-12307.319,-712.090,201.099,112.092,-0.373794,-0.926373,-0.045941,0.924854,-0.376012,0.057096,-0.070166,-0.021146,0.997311,0,0.90088,-0.87594,54.053,-1.752,-1,350.000,-1,275.000,225.000,275.000,250.000,300.000,275.000,-1,-1,-1,-1,700.000,375.000,-1,250.000,2,1,2,1,1,1,1,0,0,2,2,2,2,0,1,2,1
119,-12326.223,-661.097,201.673,110.335,-0.345039,-0.937105,-0.052746,0.936817,-0.347294,0.041953,-0.057633,-0.034938,0.997726,0,0.90645,-0.87861,54.387,-1.757,-1,375.000,-1,275.000,225.000,300.000,250.000,275.000,325.000,-1,-1,-1,-1,750.000,375.000,-1,250.000,2,1,2,1,1,1,1,0,0,2,2,2,2,0,1,2,1
120,-12343.658,-609.229,202.243,108.572,-0.316090,-0.946809,-0.060325,0.947651,-0.318123,0.027490,-0.045218,-0.048478,0.997800,0,0.91201,-0.88140,54.721,-1.763,-1,425.000,-1,275.000,225.000,300.000,250.000,275.000,350.000,-1,-1,-1,-1,825.000,375.000,-1,225.000,2,1,2,1,1,1,1,0,0,2,2,2,2,0,1,2,1
121,-12359.582,-556.531,202.519,106.803,-0.287032,-0.955391,-0.069572,0.957402,-0.288510,0.011998,-0.031535,-0.063165,0.997505,0,0.91754,-0.88438,55.052,-1.769,-1,450.000,-1,275.000,200.000,300.000,250.000,275.000,375.000,-1,775.000,725.000,-1,900.000,375.000,-1,225.000,2,1,2,1,1,1,1,0,0,2,0,0,2,0,1,2,1
122,-12373.951,-503.048,203.245,105.028,-0.258103,-0.962992,-0.077653,0.965990,-0.258540,-0.004550,-0.015695,-0.076187,0.996970,0,0.92299,-0.88758,55.380,-1.775,-1,500.000,-1,275.000,200.000,325.000,275.000,275.000,400.000,-1,150.000,425.000,-1,1000.000,400.000,-1,225.000,2,0,2,1,1,1,1,0,1,2,0,0,2,0,1,2,1
123,-12386.725,-448.831,203.964,103.246,-0.229130,-0.969473,-0.087307,0.973396,-0.228209,-0.020518,-0.000032,-0.089686,0.995970,0,0.92835,-0.89108,55.701,-1.782,-1,550.000,-1,275.000,200.000,325.000,275.000,275.000,400.000,850.000,100.000,250.000,-1,-1,400.000,-1,225.000,2,0,2,1,1,1,1,0,1,0,0,0,2,2,1,2,1
124,-12397.863,-393.935,204.760,101.456,-0.200193,-0.974805,-0.098376,0.979631,-0.197549,-0.036024,0.015682,-0.103584,0.994497,0,0.93354,-0.89495,56.013,-1.790,-1,575.000,-1,275.000,200.000,350.000,275.000,250.000,400.000,575.000,75.000,200.000,-1,-1,400.000,-1,200.000,2,0,2,1,1,1,1,0,1,0,0,0,2,2,1,2,1
125,-12406.687,-343.485,205.589,99.906,-0.175431,-0.978386,-0.109471,0.984032,-0.170865,-0.049856,0.030074,-0.116470,0.992739,0,0.85354,-0.77495,51.213,-1.550,-1,625.000,-1,275.000,175.000,350.000,275.000,250.000,400.000,425.000,50.000,175.000,-1,-1,525.000,-1,200.000,2,0,2,1,1,1,1,0,1,0,0,0,2,2,1,2,1
126,-12413.858,-296.138,206.461,98.596,-0.154909,-0.980552,-0.120501,0.986970,-0.148230,-0.062602,0.043522,-0.128629,0.990737,0,0.79808,-0.65495,47.885,-1.310,-1,650.000,-1,275.000,175.000,350.000,275.000,250.000,400.000,375.000,50.000,175.000,-1,-1,900.000,-1,200.000,2,0,2,1,1,1,1,0,1,0,0,0,2,2,1,2,1
127,9511.139,-7543.014,88.914,-17.949,0.921672,0.304371,0.240582,-0.331986,0.939618,0.083086,-0.200766,-0.156448,0.967066,1,0.00000,0.00000,48.075,-1.070,-1,825.000,-1,300.000,175.000,425.000,300.000,200.000,300.000,0.000,0.000,-1,-1,-1,425.000,-1,225.000,2,1,2,1,1,1,1,1,0,0,0,2,2,2,1,2,1
128,-6232.769,-2300.351,380.555,-107.671,-0.305051,0.949615,0.071940,-0.952127,-0.302530,-0.043930,-0.019953,-0.081897,0.996441,1,0.08000,0.12000,4.800,0.240,500.000,375.000,925.000,400.000,-1,325.000,325.000,300.000,300.000,-1,-1,-1,-1,500.000,625.000,500.000,-1,1,1,1,0,2,0,0,0,0,2,2,2,2,1,1,1,2
129,-6235.621,-2309.517,380.346,-107.280,-0.298577,0.951677,0.071853,-0.954168,-0.296052,-0.043790,-0.020402,-0.081634,0.996454,0,0.16000,0.19540,9.600,0.391,475.000,375.000,900.000,400.000,-1,325.000,325.000,300.000,300.000,-1,-1,-1,-1,475.000,625.000,475.000,-1,1,1,1,0,2,0,0,0,0,2,2,2,2,1,1,1,2
130,-6239.805,-2323.296,380.023,-106.890,-0.292089,0.953697,0.071730,-0.956165,-0.289567,-0.043581,-0.020792,-0.081315,0.996472,0,0.24000,0.19523,14.400,0.390,475.000,350.000,875.000,400.000,-1,325.000,325.000,300.000,300.000,-1,-1,-1,-1,475.000,600.000,475.000,-1,1,1,1,0,2,0,0,0,0,2,2,2,2,1,1,1,2
131,-6245.258,-2341.705,379.580,-106.499,-0.285579,0.955679,0.071571,-0.958122,-0.283066,-0.043304,-0.021126,-0.080940,0.996495,0,0.32000,0.19536,19.200,0.391,450.000,350.000,850.000,400.000,-1,325.000,325.000,300.000,300.000,-1,-1,-1,-1,450.000,600.000,450.000,950.000,1,1,1,0,2,1,0,0,0,2,2,2,2,1,1,1,1
132,-6251.916,-2364.762,379.011,-106.107,-0.279035,0.957625,0.071374,-0.960042,-0.276537,-0.042963,-0.021405,-0.080510,0.996524,0,0.40000,0.19579,24.000,0.392,425.000,350.000,825.000,400.000,-1,325.000,325.000,300.000,300.000,-1,-1,-1,-1,450.000,575.000,425.000,900.000,1,1,1,1,2,1,0,0,0,2,2,2,2,1,1,1,1
133,-6259.717,-2392.485,378.309,-105.714,-0.272448,0.959537,0.071138,-0.961927,-0.269972,-0.042561,-0.021633,-0.080025,0.996558,0,0.48000,0.19654,28.800,0.393,400.000,325.000,800.000,375.000,-1,300.000,325.000,300.000,300.000,-1,-1,-1,-1,425.000,550.000,400.000,825.000,1,1,1,1,2,1,1,0,0,2,2,2,2,1,1,1,1
134,-6268.594,-2424.891,377.468,-105.319,-0.265808,0.961418,0.070861,-0.963779,-0.263358,-0.042100,-0.021814,-0.079485,0.996597,0,0.56000,0.19761,33.600,0.395,375.000,300.000,750.000,375.000,-1,275.000,300.000,300.000,300.000,-1,-1,-1,-1,400.000,525.000,375.000,750.000,1,1,1,1,2,1,1,0,0,2,2,2,2,1,1,1,1
135,-6278.482,-2461.996,376.481,-104.921,-0.259102,0.963270,0.070544,-0.965600,-0.256684,-0.041586,-0.021951,-0.078892,0.996641,0,0.64000,0.19905,38.400,0.398,350.000,300.000,725.000,350.000,-1,275.000,300.000,300.000,300.000,-1,-1,-1,-1,400.000,500.000,350.000,700.000,1,1,1,1,2,1,1,0,0,2,2,2,2,1,1,1,1
