timestep,x_cm,y_cm,z_cm,yaw_deg,basis_xx,basis_xy,basis_xz,basis_yx,basis_yy,basis_yz,basis_zx,basis_zy,basis_zz,teleport_flag,throttle_cmd,steering_cmd,cmd_move_cm,cmd_turn_deg,lidar_cm_0,lidar_cm_1,lidar_cm_2,lidar_cm_3,lidar_cm_4,lidar_cm_5,lidar_cm_6,lidar_cm_7,lidar_cm_8,lidar_cm_9,lidar_cm_10,lidar_cm_11,lidar_cm_12,lidar_cm_13,lidar_cm_14,lidar_cm_15,lidar_cm_16,lidar_class_0,lidar_class_1,lidar_class_2,lidar_class_3,lidar_class_4,lidar_class_5,lidar_class_6,lidar_class_7,lidar_class_8,lidar_class_9,lidar_class_10,lidar_class_11,lidar_class_12,lidar_class_13,lidar_class_14,lidar_class_15,lidar_class_16
0,6235.469,325.495,410.423,149.000,-0.856757,-0.515010,-0.027073,0.514350,-0.857126,0.027912,-0.037580,0.009989,0.999244,1,-0.08000,0.12000,-4.800,0.240,-1,400.000,-1,425.000,-1,325.000,325.000,325.000,325.000,-1,-1,-1,-1,775.000,950.000,-1,-1,2,0,2,0,2,0,0,0,0,2,2,2,2,0,0,2,2
1,6243.739,320.620,410.748,149.480,-0.861035,-0.507813,-0.027295,0.507172,-0.861413,0.027278,-0.037364,0.009644,0.999255,0,-0.16000,0.24000,-9.600,0.480,-1,400.000,-1,425.000,-1,325.000,325.000,325.000,325.000,-1,-1,-1,-1,775.000,950.000,-1,-1,2,0,2,0,2,0,0,0,0,2,2,2,2,0,0,2,2
2,6256.235,313.463,411.234,150.200,-0.867340,-0.496951,-0.027598,0.496337,-0.867731,0.026335,-0.037035,0.009144,0.999272,0,-0.24000,0.36000,-14.400,0.720,-1,375.000,-1,425.000,-1,325.000,325.000,325.000,325.000,-1,-1,-1,-1,775.000,925.000,-1,-1,2,0,2,0,2,0,0,0,0,2,2,2,2,0,0,2,2
3,6272.701,304.396,411.863,151.160,-0.875535,-0.482345,-0.027941,0.481766,-0.875940,0.025118,-0.036590,0.008531,0.999294,0,-0.31328,0.48000,-18.797,0.960,-1,375.000,-1,425.000,-1,325.000,325.000,325.000,350.000,-1,-1,-1,-1,750.000,925.000,-1,-1,2,0,2,0,2,0,0,0,0,2,2,2,2,0,0,2,2
4,6289.353,295.676,412.468,152.360,-0.885440,-0.463897,-0.028196,0.463351,-0.885852,0.023910,-0.036069,0.008106,0.999316,0,-0.31328,0.60000,-18.797,1.200,-1,375.000,-1,425.000,-1,325.000,325.000,325.000,350.000,-1,-1,-1,-1,750.000,925.000,-1,-1,2,0,2,0,2,0,0,0,0,2,2,2,2,0,0,2,2
5,6306.218,287.377,413.050,153.800,-0.896818,-0.441490,-0.028346,0.440975,-0.897232,0.022719,-0.035463,0.007875,0.999340,0,-0.31328,0.72000,-18.797,1.440,-1,375.000,-1,425.000,-1,325.000,325.000,325.000,350.000,-1,-1,-1,-1,750.000,925.000,-1,-1,2,0,2,0,2,0,0,0,0,2,2,2,2,0,0,2,2
6,6323.320,279.576,413.609,155.480,-0.909381,-0.414996,-0.028375,0.414509,-0.909790,0.021558,-0.034762,0.007843,0.999365,0,-0.31328,0.84000,-18.797,1.680,-1,375.000,-1,425.000,-1,325.000,325.000,325.000,350.000,-1,-1,-1,-1,725.000,900.000,-1,-1,2,0,2,0,2,0,0,0,0,2,2,2,2,0,0,2,2
7,6340.648,272.289,414.162,157.191,-0.921373,-0.387647,-0.028311,0.387188,-0.921774,0.020449,-0.034023,0.007879,0.999390,0,-0.31328,0.85545,-18.797,1.711,-1,375.000,-1,425.000,-1,300.000,325.000,325.000,350.000,-1,-1,-1,-1,725.000,900.000,-1,-1,2,0,2,0,2,0,0,0,0,2,2,2,2,0,0,2,2
8,6358.185,265.523,414.711,158.902,-0.932545,-0.359954,-0.028162,0.359519,-0.932936,0.019398,-0.033256,0.007965,0.999415,0,-0.31328,0.85545,-18.797,1.711,-1,375.000,-1,425.000,-1,300.000,325.000,325.000,350.000,-1,-1,-1,-1,725.000,900.000,-1,-1,2,0,2,0,2,0,0,0,0,2,2,2,2,0,0,2,2
9,6375.916,259.283,415.255,160.613,-0.942887,-0.331939,-0.027935,0.331527,-0.943266,0.018412,-0.032461,0.008099,0.999440,0,-0.31328,0.85545,-18.797,1.711,-1,375.000,-1,425.000,-1,300.000,325.000,325.000,350.000,-1,-1,-1,-1,725.000,875.000,-1,-1,2,0,2,0,2,0,0,0,0,2,2,2,2,0,0,2,2
10,6393.826,253.575,415.794,162.324,-0.952390,-0.303628,-0.027634,0.303236,-0.952755,0.017496,-0.031641,0.008284,0.999465,0,-0.31328,0.85545,-18.797,1.711,-1,375.000,-1,425.000,-1,300.000,325.000,325.000,350.000,-1,-1,-1,-1,725.000,875.000,-1,-1,2,0,2,0,2,0,0,0,0,2,2,2,2,0,0,2,2
11,6411.898,248.405,416.329,164.035,-0.961044,-0.275046,-0.027266,0.274673,-0.961393,0.016657,-0.030795,0.008518,0.999489,0,-0.31328,0.85545,-18.797,1.711,-1,375.000,-1,400.000,-1,300.000,325.000,325.000,350.000,-1,-1,-1,-1,725.000,875.000,-1,-1,2,0,2,0,2,0,0,0,0,2,2,2,2,0,0,2,2
12,6430.116,243.777,416.857,165.746,-0.968843,-0.246219,-0.026837,0.245863,-0.969174,0.015897,-0.029924,0.008804,0.999513,0,-0.31328,0.85545,-18.797,1.711,-1,375.000,-1,400.000,-1,300.000,325.000,325.000,350.000,-1,-1,-1,-1,750.000,875.000,-1,-1,2,0,2,0,2,0,0,0,0,2,2,2,2,0,0,2,2
13,6448.465,239.694,417.379,167.456,-0.975777,-0.217173,-0.026355,0.216831,-0.976090,0.015223,-0.029031,0.009139,0.999537,0,-0.31328,0.85545,-18.797,1.711,-1,375.000,-1,400.000,-1,300.000,325.000,325.000,350.000,-1,-1,-1,-1,750.000,875.000,-1,-1,2,0,2,0,2,0,0,0,0,2,2,2,2,0,0,2,2
14,6466.927,236.161,417.896,169.167,-0.981842,-0.187933,-0.025825,0.187604,-0.982136,0.014637,-0.028114,0.009527,0.999559,0,-0.31328,0.85545,-18.797,1.711,-1,375.000,-1,400.000,-1,300.000,325.000,325.000,350.000,-1,-1,-1,-1,750.000,850.000,-1,-1,2,0,2,0,2,0,0,0,0,2,2,2,2,0,0,2,2
15,6485.486,233.181,418.405,170.878,-0.987032,-0.158525,-0.025255,0.158207,-0.987305,0.014144,-0.027176,0.009965,0.999581,0,-0.31328,0.85545,-18.797,1.711,-1,375.000,-1,400.000,-1,300.000,325.000,325.000,350.000,-1,-1,-1,-1,750.000,850.000,-1,-1,2,0,2,0,2,0,0,0,0,2,2,2,2,0,0,2,2
16,6504.126,230.757,418.908,172.589,-0.991341,-0.128977,-0.024652,0.128668,-0.991592,0.013746,-0.026218,0.010455,0.999602,0,-0.31328,0.85545,-18.797,1.711,-1,375.000,-1,400.000,-1,300.000,300.000,325.000,350.000,-1,-1,-1,-1,750.000,850.000,-1,-1,2,0,2,0,2,0,0,0,0,2,2,2,2,0,0,2,2
17,6522.830,228.890,419.404,174.300,-0.994766,-0.099313,-0.024025,0.099012,-0.994995,0.013446,-0.025240,0.010997,0.999621,0,-0.31328,0.85545,-18.797,1.711,-1,375.000,-1,400.000,-1,300.000,300.000,325.000,350.000,-1,-1,-1,-1,775.000,850.000,-1,-1,2,0,2,0,2,0,0,0,0,2,2,2,2,0,0,2,2
18,6541.609,227.580,419.888,176.009,-0.997301,-0.069589,-0.023393,0.069293,-0.997508,0.013265,-0.024258,0.011608,0.999638,0,-0.31373,0.85465,-18.824,1.709,-1,400.000,-1,400.000,-1,300.000,300.000,325.000,350.000,-1,-1,-1,-1,775.000,825.000,-1,-1,2,0,2,0,2,0,0,0,0,2,2,2,2,0,0,2,2
19,6560.460,226.828,420.339,177.716,-0.998947,-0.039846,-0.022745,0.039550,-0.999129,0.013284,-0.023255,0.012370,0.999653,0,-0.31444,0.85346,-18.866,1.707,-1,400.000,-1,400.000,-1,325.000,300.000,325.000,350.000,-1,-1,-1,-1,775.000,825.000,-1,-1,2,0,2,0,2,0,0,0,0,2,2,2,2,0,0,2,2
20,6584.124,226.490,420.719,179.183,-0.999660,-0.014255,-0.021829,0.013967,-0.999814,0.013272,-0.022014,0.012962,0.999674,0,-0.39444,0.73346,-23.666,1.467,-1,400.000,-1,400.000,-1,325.000,300.000,325.000,350.000,-1,-1,-1,-1,775.000,825.000,-1,-1,2,0,2,0,2,0,0,0,0,2,2,2,2,0,0,2,2
21,6610.104,226.676,421.022,180.410,-0.999761,0.007156,-0.020665,-0.007426,-0.999888,0.012999,-0.020569,0.013149,0.999702,0,-0.43299,0.61346,-25.980,1.227,-1,400.000,-1,400.000,-1,325.000,300.000,325.000,350.000,-1,-1,-1,-1,800.000,825.000,-1,-1,2,0,2,0,2,0,0,0,0,2,2,2,2,0,0,2,2
22,6636.141,227.311,421.317,181.397,-0.999511,0.024377,-0.019568,-0.024631,-0.999614,0.012855,-0.019247,0.013331,0.999726,0,-0.43409,0.49346,-26.046,0.987,-1,400.000,-1,400.000,-1,325.000,300.000,325.000,350.000,-1,-1,-1,-1,800.000,825.000,-1,-1,2,0,2,0,2,0,0,0,0,2,2,2,2,0,0,2,2
23,6662.236,228.288,421.605,182.144,-0.999128,0.037406,-0.018542,-0.037647,-0.999209,0.012814,-0.018048,0.013501,0.999746,0,-0.43521,0.37346,-26.113,0.747,-1,400.000,-1,400.000,-1,325.000,300.000,325.000,350.000,-1,-1,-1,-1,800.000,825.000,-1,-1,2,0,2,0,2,0,0,0,0,2,2,2,2,0,0,2,2
24,6688.388,229.498,421.886,182.651,-0.998775,0.046244,-0.017587,-0.046473,-0.998837,0.012847,-0.016972,0.013649,0.999763,0,-0.43633,0.25346,-26.180,0.507,-1,400.000,-1,400.000,-1,325.000,300.000,325.000,350.000,-1,-1,-1,-1,800.000,825.000,-1,-1,2,0,2,0,2,0,0,0,0,2,2,2,2,0,0,2,2
25,6714.600,230.834,422.163,182.918,-0.998564,0.050897,-0.016701,-0.051115,-0.998609,0.012929,-0.016019,0.013764,0.999777,0,-0.43743,0.13346,-26.246,0.267,-1,400.000,-1,400.000,-1,325.000,300.000,325.000,350.000,-1,-1,-1,-1,800.000,825.000,-1,-1,2,0,2,0,2,0,0,0,0,2,2,2,2,0,0,2,2
26,6740.875,232.186,422.438,182.945,-0.998554,0.051366,-0.015880,-0.051575,-0.998584,0.013034,-0.015188,0.013834,0.999789,0,-0.43851,0.01346,-26.310,0.027,-1,400.000,-1,400.000,-1,325.000,300.000,325.000,350.000,-1,-1,-1,-1,800.000,825.000,-1,-1,2,0,2,0,2,0,0,0,0,2,2,2,2,0,0,2,2
27,6767.218,233.443,422.714,182.732,-0.998750,0.047652,-0.015121,-0.047851,-0.998768,0.013139,-0.014476,0.013846,0.999799,0,-0.43954,-0.10654,-26.372,-0.213,-1,400.000,-1,400.000,-1,325.000,300.000,325.000,350.000,-1,-1,-1,-1,825.000,825.000,-1,-1,2,0,2,0,2,0,0,0,0,2,2,2,2,0,0,2,2
28,6793.627,234.493,422.995,182.278,-0.999106,0.039752,-0.014420,-0.039943,-0.999114,0.013219,-0.013882,0.013783,0.999809,0,-0.44050,-0.22654,-26.430,-0.453,-1,400.000,-1,400.000,-1,325.000,300.000,325.000,350.000,-1,-1,-1,-1,825.000,850.000,-1,-1,2,0,2,0,2,0,0,0,0,2,2,2,2,0,0,2,2
29,6820.099,235.226,423.284,181.585,-0.999522,0.027664,-0.013776,-0.027846,-0.999524,0.013253,-0.013402,0.013630,0.999817,0,-0.44137,-0.34654,-26.482,-0.693,-1,400.000,-1,400.000,-1,325.000,300.000,325.000,350.000,-1,-1,-1,-1,825.000,850.000,-1,-1,2,0,2,0,2,0,0,0,0,2,2,2,2,0,0,2,2
30,6846.625,235.582,423.586,180.768,-0.999824,0.013410,-0.013156,-0.013584,-0.999820,0.013223,-0.012977,0.013399,0.999826,0,-0.44215,-0.40847,-26.529,-0.817,-1,400.000,-1,400.000,-1,325.000,300.000,325.000,350.000,-1,-1,-1,-1,825.000,850.000,-1,-1,2,0,2,0,2,0,0,0,0,2,2,2,2,0,0,2,2
31,6873.194,235.558,423.902,179.948,-0.999921,-0.000905,-0.012533,0.000740,-0.999914,0.013123,-0.012544,0.013112,0.999835,0,-0.44282,-0.41013,-26.569,-0.820,-1,400.000,-1,400.000,-1,325.000,300.000,325.000,350.000,-1,-1,-1,-1,825.000,850.000,-1,-1,2,0,2,0,2,0,0,0,0,2,2,2,2,0,0,2,2
32,6894.962,235.318,424.169,179.368,-0.999867,-0.011031,-0.011998,0.010875,-0.999856,0.012997,-0.012140,0.012865,0.999844,0,-0.36282,-0.29013,-21.769,-0.580,-1,400.000,-1,400.000,-1,325.000,300.000,325.000,350.000,-1,-1,-1,-1,825.000,875.000,-1,-1,2,0,2,0,2,0,0,0,0,2,2,2,2,0,0,2,2
33,6911.929,235.030,424.380,179.028,-0.999789,-0.016969,-0.011552,0.016820,-0.999776,0.012878,-0.011768,0.012681,0.999850,0,-0.28282,-0.17013,-16.969,-0.340,-1,400.000,-1,400.000,-1,325.000,300.000,325.000,350.000,-1,-1,-1,-1,825.000,875.000,-1,-1,2,0,2,0,2,0,0,0,0,2,2,2,2,0,0,2,2
34,6924.095,234.785,424.533,178.847,-0.999735,-0.020125,-0.011216,0.019981,-0.999719,0.012784,-0.011470,0.012557,0.999855,0,-0.20282,-0.09044,-12.169,-0.181,-1,400.000,-1,400.000,-1,325.000,300.000,325.000,350.000,-1,-1,-1,-1,825.000,875.000,-1,-1,2,0,2,0,2,0,0,0,0,2,2,2,2,0,0,2,2
35,6931.462,234.613,424.626,178.664,-0.999668,-0.023306,-0.011031,0.023165,-0.999651,0.012723,-0.011324,0.012463,0.999858,0,-0.12282,-0.09115,-7.369,-0.182,-1,400.000,-1,400.000,-1,325.000,300.000,325.000,350.000,-1,-1,-1,-1,825.000,875.000,-1,-1,2,0,2,0,2,0,0,0,0,2,2,2,2,0,0,2,2
36,6934.030,234.545,424.659,178.481,-0.999588,-0.026501,-0.010998,0.026361,-0.999572,0.012700,-0.011330,0.012405,0.999859,0,-0.04282,-0.09158,-2.569,-0.183,-1,400.000,-1,400.000,-1,325.000,300.000,325.000,350.000,-1,-1,-1,-1,825.000,875.000,-1,-1,2,0,2,0,2,0,0,0,0,2,2,2,2,0,0,2,2
37,6931.800,234.611,424.631,178.298,-0.999497,-0.029702,-0.011117,0.029560,-0.999482,0.012720,-0.011489,0.012385,0.999857,0,0.03718,-0.09173,2.231,-0.183,-1,400.000,-1,400.000,-1,325.000,300.000,325.000,350.000,-1,-1,-1,-1,825.000,875.000,-1,-1,2,0,2,0,2,0,0,0,0,2,2,2,2,0,0,2,2
38,6924.773,234.843,424.541,178.115,-0.999394,-0.032897,-0.011387,0.032751,-0.999382,0.012788,-0.011800,0.012407,0.999853,0,0.11718,-0.09160,7.031,-0.183,-1,400.000,-1,400.000,-1,325.000,300.000,325.000,350.000,-1,-1,-1,-1,825.000,875.000,-1,-1,2,0,2,0,2,0,0,0,0,2,2,2,2,0,0,2,2
39,6912.950,235.269,424.388,177.932,-0.999279,-0.036078,-0.011807,0.035925,-0.999271,0.012911,-0.012264,0.012477,0.999847,0,0.19718,-0.09119,11.831,-0.182,-1,400.000,-1,400.000,-1,325.000,300.000,325.000,350.000,-1,-1,-1,-1,825.000,875.000,-1,-1,2,0,2,0,2,0,0,0,0,2,2,2,2,0,0,2,2
40,6896.332,235.922,424.171,177.751,-0.999153,-0.039235,-0.012376,0.039073,-0.999151,0.013093,-0.012880,0.012598,0.999838,0,0.27718,-0.09051,16.631,-0.181,-1,400.000,-1,400.000,-1,325.000,300.000,325.000,350.000,-1,-1,-1,-1,825.000,875.000,-1,-1,2,0,2,0,2,0,0,0,0,2,2,2,2,0,0,2,2
41,6874.920,236.830,423.889,177.572,-0.999017,-0.042358,-0.013096,0.042184,-0.999021,0.013340,-0.013648,0.012775,0.999825,0,0.35718,-0.08956,21.431,-0.179,-1,400.000,-1,400.000,-1,325.000,300.000,325.000,350.000,-1,-1,-1,-1,800.000,875.000,-1,-1,2,0,2,0,2,0,0,0,0,2,2,2,2,0,0,2,2
42,6848.716,238.022,423.542,177.395,-0.998870,-0.045438,-0.013963,0.045247,-0.998882,0.013657,-0.014568,0.013010,0.999809,0,0.43718,-0.08831,26.231,-0.177,-1,400.000,-1,400.000,-1,325.000,300.000,325.000,350.000,-1,-1,-1,-1,800.000,875.000,-1,-1,2,0,2,0,2,0,0,0,0,2,2,2,2,0,0,2,2
43,6817.722,239.526,423.129,177.222,-0.998713,-0.048463,-0.014978,0.048254,-0.998736,0.014048,-0.015640,0.013307,0.999789,0,0.51718,-0.08678,31.031,-0.174,-1,400.000,-1,400.000,-1,325.000,300.000,325.000,350.000,-1,-1,-1,-1,800.000,875.000,-1,-1,2,0,2,0,2,0,0,0,0,2,2,2,2,0,0,2,2
44,6781.938,241.369,422.647,177.052,-0.998546,-0.051424,-0.016140,0.051192,-0.998583,0.014519,-0.016864,0.013672,0.999764,0,0.59718,-0.08496,35.831,-0.170,-1,400.000,-1,400.000,-1,325.000,300.000,325.000,350.000,-1,-1,-1,-1,800.000,850.000,-1,-1,2,0,2,0,2,0,0,0,0,2,2,2,2,0,0,2,2
45,6741.377,243.748,422.095,176.642,-0.998130,-0.058567,-0.017504,0.058305,-0.998184,0.015120,-0.018358,0.014071,0.999732,0,0.67718,-0.20496,40.631,-0.410,-1,400.000,-1,400.000,-1,300.000,300.000,325.000,350.000,-1,-1,-1,-1,800.000,850.000,-1,-1,2,0,2,0,2,0,0,0,0,2,2,2,2,0,0,2,2
46,6696.049,246.809,421.466,176.138,-0.997548,-0.067350,-0.019029,0.067053,-0.997623,0.015872,-0.020052,0.014557,0.999693,0,0.75718,-0.25217,45.431,-0.504,-1,400.000,-1,400.000,-1,300.000,300.000,325.000,350.000,-1,-1,-1,-1,800.000,850.000,-1,-1,2,0,2,0,2,0,0,0,0,2,2,2,2,0,0,2,2
47,6648.187,250.459,420.789,175.639,-0.996892,-0.076033,-0.020617,0.075694,-0.996991,0.016743,-0.021828,0.015130,0.999647,0,0.80002,-0.24942,48.001,-0.499,-1,400.000,-1,400.000,-1,300.000,300.000,325.000,350.000,-1,-1,-1,-1,775.000,850.000,-1,-1,2,0,2,0,2,0,0,0,0,2,2,2,2,0,0,2,2
48,6600.263,254.528,420.099,175.146,-0.996167,-0.084607,-0.022189,0.084224,-0.996290,0.017693,-0.023604,0.015756,0.999597,0,0.80160,-0.24650,48.096,-0.493,-1,400.000,-1,400.000,-1,300.000,300.000,325.000,350.000,-1,-1,-1,-1,775.000,850.000,-1,-1,2,0,2,0,2,0,0,0,0,2,2,2,2,0,0,2,2
49,6552.279,259.015,419.149,174.659,-0.995386,-0.093074,-0.023314,0.092674,-0.995539,0.017682,-0.024856,0.015440,0.999572,0,0.80323,-0.24354,48.194,-0.487,-1,375.000,-1,400.000,-1,300.000,300.000,325.000,350.000,-1,-1,-1,-1,775.000,850.000,-1,-1,2,0,2,0,2,0,0,0,0,2,2,2,2,0,0,2,2
50,6504.234,263.914,417.855,174.178,-0.994557,-0.101430,-0.023838,0.101008,-0.994717,0.018296,-0.025568,0.015789,0.999548,0,0.80490,-0.24055,48.294,-0.481,-1,375.000,-1,400.000,-1,300.000,300.000,325.000,350.000,-1,-1,-1,-1,775.000,850.000,-1,-1,2,0,2,0,2,0,0,0,0,2,2,2,2,0,0,2,2
51,6456.129,269.222,416.481,173.703,-0.993670,-0.109673,-0.024315,0.109221,-0.993832,0.019206,-0.026271,0.016429,0.999520,0,0.80662,-0.23753,48.397,-0.475,-1,375.000,-1,400.000,-1,300.000,300.000,325.000,350.000,-1,-1,-1,-1,775.000,825.000,-1,-1,2,0,2,0,2,0,0,0,0,2,2,2,2,0,0,2,2
52,6408.017,274.933,415.094,173.231,-0.992722,-0.117856,-0.024773,0.117372,-0.992883,0.020167,-0.026973,0.017113,0.999490,0,0.80748,-0.23603,48.449,-0.472,-1,375.000,-1,400.000,-1,300.000,325.000,325.000,350.000,-1,-1,-1,-1,750.000,825.000,-1,-1,2,0,2,0,2,0,0,0,0,2,2,2,2,0,0,2,2
53,6359.955,281.040,413.696,172.759,-0.991706,-0.126030,-0.025211,0.125512,-0.991866,0.021178,-0.027676,0.017838,0.999458,0,0.80748,-0.23603,48.449,-0.472,-1,375.000,-1,400.000,-1,300.000,325.000,325.000,350.000,-1,-1,-1,-1,750.000,825.000,-1,-1,2,0,2,0,2,0,0,0,0,2,2,2,2,0,0,2,2
54,6311.944,287.543,412.286,172.287,-0.990623,-0.134196,-0.025629,0.133642,-0.990780,0.022237,-0.028377,0.018604,0.999424,0,0.80748,-0.23603,48.449,-0.472,-1,375.000,-1,400.000,-1,300.000,325.000,325.000,350.000,-1,-1,-1,-1,750.000,825.000,-1,-1,2,0,2,0,2,0,0,0,0,2,2,2,2,0,0,2,2
55,6263.989,294.441,410.864,171.814,-0.989474,-0.142352,-0.026026,0.141760,-0.989626,0.023343,-0.029079,0.019408,0.999389,0,0.80748,-0.23603,48.449,-0.472,-1,375.000,-1,400.000,-1,300.000,325.000,325.000,350.000,-1,-1,-1,-1,750.000,825.000,-1,-1,2,0,2,0,2,0,0,0,0,2,2,2,2,0,0,2,2
56,6216.092,301.734,409.430,171.342,-0.988258,-0.150498,-0.026399,0.149866,-0.988403,0.024495,-0.029779,0.020251,0.999351,0,0.80748,-0.23603,48.449,-0.472,-1,375.000,-1,400.000,-1,300.000,325.000,325.000,350.000,-1,-1,-1,-1,750.000,825.000,-1,-1,2,0,2,0,2,0,0,0,0,2,2,2,2,0,0,2,2
57,6168.256,309.421,407.984,170.870,-0.986975,-0.158634,-0.026749,0.157959,-0.987111,0.025690,-0.030479,0.021131,0.999312,0,0.80748,-0.23603,48.449,-0.472,-1,375.000,-1,400.000,-1,300.000,325.000,325.000,325.000,-1,-1,-1,-1,750.000,825.000,-1,-1,2,0,2,0,2,0,0,0,0,2,2,2,2,0,0,2,2
58,6120.486,317.502,406.527,170.398,-0.985626,-0.166758,-0.027074,0.166039,-0.985751,0.026929,-0.031179,0.022046,0.999271,0,0.80748,-0.23603,48.449,-0.472,-1,375.000,-1,400.000,-1,300.000,325.000,325.000,325.000,-1,-1,-1,-1,750.000,825.000,-1,-1,2,0,2,0,2,0,0,0,0,2,2,2,2,0,0,2,2
59,6072.784,325.976,405.057,169.926,-0.984211,-0.174870,-0.027373,0.174105,-0.984323,0.028209,-0.031877,0.022998,0.999227,0,0.80748,-0.23603,48.449,-0.472,-1,375.000,-1,400.000,-1,300.000,325.000,325.000,325.000,-1,-1,-1,-1,750.000,825.000,-1,-1,2,0,2,0,2,0,0,0,0,2,2,2,2,0,0,2,2
60,6025.153,334.843,403.576,169.454,-0.982730,-0.182969,-0.027646,0.182157,-0.982826,0.029528,-0.032574,0.023983,0.999182,0,0.80748,-0.23603,48.449,-0.472,-1,375.000,-1,400.000,-1,300.000,325.000,325.000,325.000,-1,-1,-1,-1,750.000,825.000,-1,-1,2,0,2,0,2,0,0,0,0,2,2,2,2,0,0,2,2
61,5977.597,344.103,402.083,168.982,-0.981183,-0.191056,-0.027891,0.190193,-0.981261,0.030887,-0.033269,0.025001,0.999134,0,0.80748,-0.23603,48.449,-0.472,-1,375.000,-1,400.000,-1,300.000,325.000,325.000,325.000,-1,-1,-1,-1,725.000,825.000,-1,-1,2,0,2,0,2,0,0,0,0,2,2,2,2,0,0,2,2
62,5930.119,353.753,400.519,168.510,-0.979574,-0.199130,-0.027949,0.198229,-0.979633,0.032008,-0.033754,0.025814,0.999097,0,0.80748,-0.23603,48.449,-0.472,-1,375.000,-1,400.000,-1,300.000,325.000,325.000,325.000,-1,-1,-1,-1,725.000,825.000,-1,-1,2,0,2,0,2,0,0,0,0,2,2,2,2,0,0,2,2
63,5882.722,363.795,398.935,168.038,-0.977902,-0.207190,-0.027929,0.206252,-0.977938,0.033121,-0.034175,0.026629,0.999061,0,0.80748,-0.23603,48.449,-0.472,-1,375.000,-1,400.000,-1,300.000,325.000,325.000,325.000,-1,-1,-1,-1,725.000,825.000,-1,-1,2,0,2,0,2,0,0,0,0,2,2,2,2,0,0,2,2
64,5835.409,374.226,397.291,167.566,-0.976169,-0.215234,-0.027707,0.214258,-0.976171,0.034408,-0.034453,0.027652,0.999024,0,0.80748,-0.23603,48.449,-0.472,-1,375.000,-1,400.000,-1,300.000,325.000,325.000,325.000,-1,-1,-1,-1,725.000,825.000,-1,-1,2,0,2,0,2,0,0,0,0,2,2,2,2,0,0,2,2
65,5788.184,385.048,395.610,167.094,-0.974374,-0.223262,-0.027376,0.222247,-0.974333,0.035798,-0.034665,0.028797,0.998984,0,0.80748,-0.23603,48.449,-0.472,-1,375.000,-1,400.000,-1,300.000,325.000,325.000,325.000,-1,-1,-1,-1,725.000,825.000,-1,-1,2,0,2,0,2,0,0,0,0,2,2,2,2,0,0,2,2
66,5736.831,397.034,393.763,166.862,-0.973474,-0.227197,-0.027019,0.226139,-0.973380,0.037324,-0.034780,0.030224,0.998938,0,0.87889,-0.11603,52.733,-0.232,-1,375.000,-1,400.000,-1,325.000,325.000,325.000,325.000,-1,-1,-1,-1,725.000,825.000,-1,-1,2,0,2,0,2,0,0,0,0,2,2,2,2,0,0,2,2
67,5685.503,409.128,391.907,166.741,-0.973004,-0.229243,-0.026670,0.228143,-0.972852,0.038845,-0.034851,0.031712,0.998889,0,0.87889,-0.06056,52.733,-0.121,-1,375.000,-1,400.000,-1,325.000,325.000,350.000,325.000,-1,-1,-1,-1,725.000,825.000,-1,-1,2,0,2,0,2,0,0,0,0,2,2,2,2,0,0,2,2
68,5634.201,421.331,390.045,166.620,-0.972529,-0.231288,-0.026318,0.230146,-0.972319,0.040358,-0.034924,0.033192,0.998839,0,0.87889,-0.06056,52.733,-0.121,-1,375.000,-1,400.000,-1,325.000,325.000,350.000,325.000,-1,-1,-1,-1,725.000,825.000,-1,-1,2,0,2,0,2,0,0,0,0,2,2,2,2,0,0,2,2
69,5582.925,433.642,388.178,166.498,-0.972051,-0.233331,-0.025965,0.232148,-0.971779,0.041862,-0.035000,0.034664,0.998786,0,0.87889,-0.06056,52.733,-0.121,-1,375.000,-1,400.000,-1,325.000,325.000,350.000,325.000,-1,-1,-1,-1,725.000,825.000,-1,-1,2,0,2,0,2,0,0,0,0,2,2,2,2,0,0,2,2
70,5531.675,446.062,386.305,166.377,-0.971568,-0.235373,-0.025611,0.234149,-0.971234,0.043357,-0.035079,0.036128,0.998731,0,0.87889,-0.06056,52.733,-0.121,-1,375.000,-1,400.000,-1,325.000,325.000,350.000,325.000,-1,-1,-1,-1,750.000,825.000,-1,-1,2,0,2,0,2,0,0,0,0,2,2,2,2,0,0,2,2
71,5480.451,458.590,384.425,166.256,-0.971081,-0.237412,-0.025255,0.236149,-0.970682,0.044843,-0.035161,0.037582,0.998675,0,0.87889,-0.06056,52.733,-0.121,-1,375.000,-1,400.000,-1,325.000,325.000,350.000,325.000,-1,-1,-1,-1,750.000,825.000,-1,-1,2,0,2,0,2,0,0,0,0,2,2,2,2,0,0,2,2
72,5429.254,471.226,382.541,166.135,-0.970589,-0.239450,-0.024898,0.238147,-0.970124,0.046318,-0.035246,0.039027,0.998616,0,0.87889,-0.06056,52.733,-0.121,-1,375.000,-1,400.000,-1,325.000,325.000,350.000,325.000,-1,-1,-1,-1,750.000,825.000,-1,-1,2,0,2,0,2,0,0,0,0,2,2,2,2,0,0,2,2
73,5378.084,483.970,380.650,166.014,-0.970094,-0.241487,-0.024541,0.240145,-0.969560,0.047785,-0.035333,0.040462,0.998556,0,0.87889,-0.06056,52.733,-0.121,-1,400.000,-1,400.000,-1,325.000,325.000,350.000,325.000,-1,-1,-1,-1,750.000,825.000,-1,-1,2,0,2,0,2,0,0,0,0,2,2,2,2,0,0,2,2
74,5326.940,496.823,378.754,165.893,-0.969594,-0.243521,-0.024184,0.242141,-0.968990,0.049244,-0.035426,0.041891,0.998494,0,0.87889,-0.06056,52.733,-0.121,-1,400.000,-1,400.000,-1,325.000,325.000,350.000,325.000,-1,-1,-1,-1,750.000,825.000,-1,-1,2,0,2,0,2,0,0,0,0,2,2,2,2,0,0,2,2
75,5275.824,509.783,376.886,165.772,-0.969092,-0.245553,-0.023742,0.244135,-0.968409,0.050814,-0.035469,0.043447,0.998426,0,0.87889,-0.06056,52.733,-0.121,-1,400.000,-1,400.000,-1,325.000,325.000,350.000,325.000,-1,-1,-1,-1,750.000,825.000,-1,-1,2,0,2,0,2,0,0,0,0,2,2,2,2,0,0,2,2
76,5224.736,522.852,374.851,165.651,-0.968568,-0.247590,-0.023977,0.246122,-0.967850,0.051861,-0.036046,0.044330,0.998366,0,0.87889,-0.06056,52.733,-0.121,-1,400.000,-1,400.000,-1,325.000,325.000,350.000,325.000,-1,-1,-1,-1,750.000,825.000,-1,-1,2,0,2,0,2,0,0,0,0,2,2,2,2,0,0,2,2
77,5173.675,536.029,372.806,165.530,-0.968040,-0.249625,-0.024216,0.248108,-0.967287,0.052898,-0.036629,0.045199,0.998306,0,0.87889,-0.06056,52.733,-0.121,-1,400.000,-1,400.000,-1,325.000,325.000,350.000,325.000,-1,-1,-1,-1,750.000,825.000,-1,-1,2,0,2,0,2,0,0,0,0,2,2,2,2,0,0,2,2
78,5118.706,550.584,370.567,165.168,-0.966444,-0.255708,-0.024490,0.254135,-0.965663,0.053945,-0.037443,0.045911,0.998244,0,0.94774,-0.18056,56.864,-0.361,-1,400.000,-1,400.000,-1,325.000,325.000,350.000,325.000,-1,-1,-1,-1,750.000,825.000,-1,-1,2,0,2,0,2,0,0,0,0,2,2,2,2,0,0,2,2
79,5063.891,565.716,368.282,164.567,-0.963704,-0.265819,-0.024785,0.264186,-0.962906,0.054944,-0.038470,0.046402,0.998182,0,0.94774,-0.30056,56.864,-0.601,-1,400.000,-1,400.000,-1,325.000,325.000,350.000,325.000,-1,-1,-1,-1,750.000,825.000,-1,-1,2,0,2,0,2,0,0,0,0,2,2,2,2,0,0,2,2
80,5009.305,581.651,365.941,163.726,-0.959695,-0.279922,-0.025102,0.278224,-0.958887,0.055915,-0.039721,0.046677,0.998120,0,0.94774,-0.42056,56.864,-0.841,-1,400.000,-1,400.000,-1,325.000,325.000,350.000,325.000,-1,-1,-1,-1,750.000,850.000,-1,-1,2,0,2,0,2,0,0,0,0,2,2,2,2,0,0,2,2
81,4955.030,598.613,363.535,162.645,-0.954238,-0.297963,-0.025441,0.296195,-0.953432,0.056881,-0.041205,0.046742,0.998057,0,0.94774,-0.54056,56.864,-1.081,-1,400.000,-1,400.000,-1,325.000,325.000,350.000,325.000,-1,-1,-1,-1,750.000,850.000,-1,-1,2,0,2,0,2,0,0,0,0,2,2,2,2,0,0,2,2
82,4901.160,616.823,361.058,161.324,-0.947110,-0.319869,-0.025805,0.318023,-0.946315,0.057865,-0.042929,0.046598,0.997991,0,0.94774,-0.66056,56.864,-1.321,-1,400.000,-1,400.000,-1,325.000,325.000,325.000,325.000,-1,-1,-1,-1,775.000,850.000,-1,-1,2,0,2,0,2,0,0,0,0,2,2,2,2,0,0,2,2
83,4847.805,636.493,358.500,159.763,-0.938040,-0.345536,-0.026190,0.343606,-0.937265,0.058893,-0.044897,0.046245,0.997921,0,0.94774,-0.78056,56.864,-1.561,-1,400.000,-1,400.000,-1,325.000,325.000,325.000,325.000,-1,-1,-1,-1,775.000,850.000,-1,-1,2,0,2,0,2,0,0,0,0,2,2,2,2,0,0,2,2
84,4795.081,657.793,355.742,158.002,-0.926973,-0.374172,-0.026752,0.372117,-0.926210,0.060534,-0.047428,0.046159,0.997808,0,0.94774,-0.88035,56.864,-1.761,-1,400.000,-1,400.000,-1,325.000,325.000,325.000,325.000,-1,-1,-1,-1,775.000,850.000,-1,-1,2,0,2,0,2,0,0,0,0,2,2,2,2,0,0,2,2
85,4743.035,680.703,352.882,156.241,-0.915033,-0.402452,-0.027329,0.400252,-0.914273,0.062478,-0.050131,0.046231,0.997672,0,0.94774,-0.88035,56.864,-1.761,-1,400.000,-1,400.000,-1,325.000,325.000,325.000,325.000,-1,-1,-1,-1,750.000,850.000,-1,-1,2,0,2,0,2,0,0,0,0,2,2,2,2,0,0,2,2
86,4691.719,705.202,350.002,154.481,-0.902232,-0.430346,-0.027932,0.427970,-0.901461,0.064881,-0.053101,0.046584,0.997502,0,0.94774,-0.88035,56.864,-1.761,-1,400.000,-1,400.000,-1,325.000,325.000,325.000,300.000,-1,-1,-1,-1,750.000,850.000,-1,-1,2,0,2,0,2,0,0,0,0,2,2,2,2,0,0,2,2
87,4641.179,731.265,346.831,152.720,-0.888581,-0.457850,-0.028216,0.455357,-0.887832,0.066356,-0.055432,0.046114,0.997397,0,0.94774,-0.88035,56.864,-1.761,-1,400.000,-1,400.000,-1,325.000,325.000,325.000,300.000,-1,-1,-1,-1,750.000,850.000,-1,-1,2,0,2,0,2,0,0,0,0,2,2,2,2,0,0,2,2
88,4591.464,758.870,343.503,150.959,-0.874091,-0.484930,-0.028414,0.482338,-0.873377,0.067555,-0.057576,0.045344,0.997311,0,0.94774,-0.88035,56.864,-1.761,-1,400.000,-1,400.000,-1,325.000,325.000,300.000,300.000,-1,-1,-1,-1,750.000,850.000,-1,-1,2,0,2,0,2,0,0,0,0,2,2,2,2,0,0,2,2
89,4542.620,787.989,340.075,149.199,-0.858774,-0.511555,-0.028609,0.508862,-0.858097,0.068765,-0.059727,0.044496,0.997223,0,0.94774,-0.88035,56.864,-1.761,-1,400.000,-1,400.000,-1,325.000,325.000,300.000,300.000,-1,-1,-1,-1,775.000,850.000,-1,-1,2,0,2,0,2,0,0,0,0,2,2,2,2,0,0,2,2
90,4494.695,818.594,336.549,147.438,-0.842643,-0.537701,-0.028803,0.534904,-0.842009,0.069986,-0.061884,0.043566,0.997132,0,0.94774,-0.88035,56.864,-1.761,-1,400.000,-1,400.000,-1,325.000,325.000,300.000,300.000,-1,-1,-1,-1,775.000,850.000,-1,-1,2,0,2,0,2,0,0,0,0,2,2,2,2,0,0,2,2
91,4447.732,850.658,332.926,145.677,-0.825715,-0.563342,-0.028983,0.560441,-0.825126,0.071220,-0.064036,0.042564,0.997039,0,0.94774,-0.88035,56.864,-1.761,-1,400.000,-1,400.000,-1,325.000,325.000,300.000,300.000,-1,-1,-1,-1,775.000,850.000,-1,-1,2,0,2,0,2,0,0,0,0,2,2,2,2,0,0,2,2
92,4401.777,884.150,329.207,143.917,-0.808005,-0.588455,-0.029142,0.585448,-0.807465,0.072467,-0.066175,0.041493,0.996945,0,0.94774,-0.88035,56.864,-1.761,-1,400.000,-1,400.000,-1,325.000,325.000,300.000,300.000,-1,-1,-1,-1,800.000,850.000,-1,-1,2,0,2,0,2,0,0,0,0,2,2,2,2,0,0,2,2
93,4356.872,919.038,325.386,142.156,-0.789529,-0.613015,-0.029278,0.609899,-0.789039,0.073766,-0.068321,0.040384,0.996846,0,0.94774,-0.88035,56.864,-1.761,-1,400.000,-1,400.000,-1,325.000,325.000,300.000,300.000,-1,-1,-1,-1,800.000,850.000,-1,-1,2,0,2,0,2,0,0,0,0,2,2,2,2,0,0,2,2
94,4313.061,955.289,321.462,140.395,-0.770306,-0.636997,-0.029384,0.633767,-0.769866,0.075140,-0.070486,0.039258,0.996740,0,0.94774,-0.88035,56.864,-1.761,-1,400.000,-1,400.000,-1,325.000,325.000,300.000,300.000,-1,-1,-1,-1,800.000,850.000,-1,-1,2,0,2,0,2,0,0,0,0,2,2,2,2,0,0,2,2
95,4270.384,992.869,317.346,138.635,-0.750323,-0.660391,-0.029982,0.657032,-0.749977,0.076440,-0.072966,0.037655,0.996623,0,0.94774,-0.88035,56.864,-1.761,-1,400.000,-1,400.000,-1,325.000,325.000,300.000,300.000,-1,-1,-1,-1,800.000,850.000,-1,-1,2,0,2,0,2,0,0,0,0,2,2,2,2,0,0,2,2
96,4228.882,1031.743,312.955,136.874,-0.729590,-0.683176,-0.031130,0.679672,-0.729389,0.077703,-0.075791,0.035533,0.996490,0,0.94774,-0.88035,56.864,-1.761,-1,400.000,-1,400.000,-1,325.000,325.000,300.000,300.000,-1,-1,-1,-1,800.000,850.000,-1,-1,2,0,2,0,2,0,0,0,0,2,2,2,2,0,0,2,2
97,4188.594,1071.874,308.375,135.113,-0.708188,-0.705308,-0.031793,0.701667,-0.708098,0.079126,-0.078321,0.033728,0.996357,0,0.94774,-0.88035,56.864,-1.761,-1,400.000,-1,400.000,-1,325.000,325.000,300.000,300.000,-1,-1,-1,-1,800.000,850.000,-1,-1,2,0,2,0,2,0,0,0,0,2,2,2,2,0,0,2,2
98,4149.558,1113.223,303.702,133.352,-0.686109,-0.726776,-0.032417,0.722996,-0.686135,0.080592,-0.080815,0.031858,0.996220,0,0.94774,-0.88035,56.864,-1.761,-1,400.000,-1,400.000,-1,325.000,325.000,300.000,300.000,-1,-1,-1,-1,800.000,825.000,-1,-1,2,0,2,0,2,0,0,0,0,2,2,2,2,0,0,2,2
99,4111.811,1155.753,298.938,131.592,-0.663375,-0.747559,-0.032999,0.743641,-0.663521,0.082085,-0.083259,0.029913,0.996079,0,0.94774,-0.88035,56.864,-1.761,-1,400.000,-1,400.000,-1,325.000,325.000,300.000,300.000,-1,-1,-1,-1,800.000,825.000,-1,-1,2,0,2,0,2,0,0,0,0,2,2,2,2,0,0,2,2
100,4075.388,1199.421,294.089,129.831,-0.640006,-0.767638,-0.033537,0.763582,-0.640276,0.083600,-0.085647,0.027897,0.995935,0,0.94774,-0.88035,56.864,-1.761,-1,400.000,-1,400.000,-1,325.000,325.000,300.000,300.000,-1,-1,-1,-1,800.000,825.000,-1,-1,2,0,2,0,2,0,0,0,0,2,2,2,2,0,0,2,2
101,4040.324,1244.189,289.151,128.070,-0.616025,-0.786992,-0.034015,0.782796,-0.616422,0.085176,-0.088000,0.025844,0.995785,0,0.94774,-0.88035,56.864,-1.761,-1,400.000,-1,400.000,-1,325.000,325.000,300.000,300.000,-1,-1,-1,-1,800.000,800.000,-1,-1,2,0,2,0,2,0,0,0,0,2,2,2,2,0,0,2,2
102,4006.652,1290.012,284.107,126.310,-0.591458,-0.805601,-0.034426,0.801255,-0.591981,0.086888,-0.090377,0.023807,0.995623,0,0.94774,-0.88035,56.864,-1.761,-1,400.000,-1,400.000,-1,325.000,325.000,300.000,300.000,-1,-1,-1,-1,800.000,800.000,-1,-1,2,0,2,0,2,0,0,0,0,2,2,2,2,0,0,2,2
103,3974.404,1336.849,278.989,124.549,-0.566322,-0.823449,-0.034807,0.818955,-0.566976,0.088607,-0.092698,0.021675,0.995458,0,0.94774,-0.88035,56.864,-1.761,-1,400.000,-1,400.000,-1,325.000,325.000,300.000,300.000,-1,-1,-1,-1,800.000,800.000,-1,-1,2,0,2,0,2,0,0,0,0,2,2,2,2,0,0,2,2
104,3943.611,1384.654,273.810,122.788,-0.540644,-0.840518,-0.035113,0.835878,-0.541433,0.090327,-0.094932,0.019485,0.995293,0,0.94774,-0.88035,56.864,-1.761,-1,400.000,-1,400.000,-1,325.000,325.000,300.000,300.000,-1,-1,-1,-1,800.000,775.000,-1,-1,2,0,2,0,2,0,0,0,0,2,2,2,2,0,0,2,2
105,3914.300,1433.382,268.400,121.028,-0.514410,-0.856803,-0.035661,0.852096,-0.515379,0.091191,-0.096512,0.016523,0.995195,0,0.94774,-0.88035,56.864,-1.761,-1,400.000,-1,400.000,-1,325.000,325.000,300.000,300.000,-1,-1,-1,-1,800.000,775.000,-1,-1,2,0,2,0,2,0,0,0,0,2,2,2,2,0,0,2,2
106,3886.501,1482.988,262.859,119.267,-0.487663,-0.872276,-0.036315,0.867544,-0.488835,0.091691,-0.097732,0.013209,0.995125,0,0.94774,-0.88035,56.864,-1.761,-1,400.000,-1,400.000,-1,325.000,325.000,300.000,300.000,-1,-1,-1,-1,800.000,775.000,-1,-1,2,0,2,0,2,0,0,0,0,2,2,2,2,0,0,2,2
107,3860.238,1533.425,257.237,117.506,-0.460443,-0.886919,-0.036974,0.882171,-0.461821,0.092171,-0.098824,0.009822,0.995056,0,0.94774,-0.88035,56.864,-1.761,-1,400.000,-1,400.000,-1,325.000,325.000,300.000,300.000,-1,-1,-1,-1,800.000,775.000,-1,-1,2,0,2,0,2,0,0,0,0,2,2,2,2,0,0,2,2
108,3835.538,1584.644,251.572,115.745,-0.432779,-0.900715,-0.037626,0.895962,-0.434365,0.092630,-0.099777,0.006377,0.994989,0,0.94774,-0.88035,56.864,-1.761,-1,400.000,-1,400.000,-1,325.000,325.000,300.000,300.000,-1,-1,-1,-1,800.000,775.000,-1,-1,2,0,2,0,2,0,0,0,0,2,2,2,2,0,0,2,2
109,3812.419,1636.605,245.871,113.985,-0.404706,-0.913646,-0.038263,0.908898,-0.406501,0.093065,-0.100583,0.002887,0.994925,0,0.94785,-0.88006,56.871,-1.760,-1,400.000,-1,400.000,-1,325.000,325.000,300.000,300.000,-1,-1,-1,-1,800.000,775.000,-1,-1,2,0,2,0,2,0,0,0,0,2,2,2,2,0,0,2,2
110,3792.521,1684.724,240.627,112.465,-0.380143,-0.924112,-0.038835,0.919375,-0.382122,0.093443,-0.101192,-0.000183,0.994867,0,0.86785,-0.76006,52.071,-1.520,-1,400.000,-1,400.000,-1,325.000,325.000,300.000,300.000,-1,-1,-1,-1,775.000,775.000,-1,-1,2,0,2,0,2,0,0,0,0,2,2,2,2,0,0,2,2
111,3775.438,1728.801,235.850,111.185,-0.359242,-0.932414,-0.039349,0.927692,-0.361380,0.093769,-0.101651,-0.002818,0.994816,0,0.78785,-0.64006,47.271,-1.280,-1,400.000,-1,400.000,-1,325.000,325.000,300.000,300.000,-1,-1,-1,-1,775.000,775.000,-1,-1,2,0,2,0,2,0,0,0,0,2,2,2,2,0,0,2,2
112,3760.810,1768.674,231.547,110.145,-0.342120,-0.938813,-0.039806,0.934103,-0.344392,0.094049,-0.102003,-0.005007,0.994772,0,0.70785,-0.52006,42.471,-1.040,-1,400.000,-1,400.000,-1,325.000,325.000,300.000,300.000,-1,-1,-1,-1,775.000,775.000,-1,-1,2,0,2,0,2,0,0,0,0,2,2,2,2,0,0,2,2
113,3747.871,1805.531,227.577,109.345,-0.328862,-0.943521,-0.040234,0.938823,-0.331245,0.094281,-0.102283,-0.006767,0.994732,0,0.65104,-0.40006,39.062,-0.800,-1,400.000,-1,400.000,-1,325.000,325.000,300.000,300.000,-1,-1,-1,-1,775.000,750.000,-1,-1,2,0,2,0,2,0,0,0,0,2,2,2,2,0,0,2,2
114,3735.291,1842.514,223.596,108.785,-0.319526,-0.946704,-0.040672,0.942012,-0.322002,0.094492,-0.102552,-0.008121,0.994694,0,0.65106,-0.28006,39.064,-0.560,-1,400.000,-1,400.000,-1,325.000,325.000,300.000,300.000,-1,-1,-1,-1,775.000,750.000,-1,-1,2,0,2,0,2,0,0,0,0,2,2,2,2,0,0,2,2
115,3722.919,1879.566,219.596,108.465,-0.314161,-0.948481,-0.041061,0.943787,-0.316705,0.094681,-0.102807,-0.009007,0.994661,0,0.65105,-0.16006,39.063,-0.320,-1,400.000,-1,400.000,-1,325.000,325.000,300.000,300.000,-1,-1,-1,-1,775.000,750.000,-1,-1,2,0,2,0,2,0,0,0,0,2,2,2,2,0,0,2,2
116,3710.599,1916.633,215.566,108.384,-0.312794,-0.948920,-0.041365,0.944215,-0.315377,0.094842,-0.103043,-0.009392,0.994633,0,0.65102,-0.04006,39.061,-0.080,-1,400.000,-1,400.000,-1,325.000,325.000,300.000,300.000,-1,-1,-1,-1,775.000,750.000,-1,-1,2,0,2,0,2,0,0,0,0,2,2,2,2,0,0,2,2
117,3698.177,1953.664,211.521,108.544,-0.315422,-0.948037,-0.041657,0.943309,-0.318024,0.095020,-0.103331,-0.009324,0.994603,0,0.65098,0.07994,39.059,0.160,-1,400.000,-1,400.000,-1,325.000,325.000,300.000,300.000,-1,-1,-1,-1,775.000,750.000,-1,-1,2,0,2,0,2,0,0,0,0,2,2,2,2,0,0,2,2
118,3685.498,1990.605,207.467,108.944,-0.322033,-0.945798,-0.041955,0.941038,-0.324634,0.095188,-0.103649,-0.008827,0.994575,0,0.65094,0.19994,39.056,0.400,-1,400.000,-1,400.000,-1,325.000,325.000,300.000,300.000,-1,-1,-1,-1,775.000,750.000,-1,-1,2,0,2,0,2,0,0,0,0,2,2,2,2,0,0,2,2
119,3672.348,2027.567,203.383,109.584,-0.332598,-0.942121,-0.042262,0.937318,-0.335179,0.095346,-0.103993,-0.007901,0.994547,0,0.65386,0.31994,39.232,0.640,-1,400.000,-1,400.000,-1,325.000,325.000,300.000,300.000,-1,-1,-1,-1,750.000,750.000,-1,-1,2,0,2,0,2,0,0,0,0,2,2,2,2,0,0,2,2
120,3658.620,2064.354,199.276,110.464,-0.347067,-0.936872,-0.042604,0.932020,-0.349610,0.095449,-0.104318,-0.006581,0.994522,0,0.65441,0.43994,39.265,0.880,-1,400.000,-1,400.000,-1,325.000,325.000,300.000,300.000,-1,-1,-1,-1,750.000,750.000,-1,-1,2,0,2,0,2,0,0,0,0,2,2,2,2,0,0,2,2
121,3644.164,2100.898,195.163,111.584,-0.365378,-0.929870,-0.042911,0.924963,-0.367858,0.095521,-0.104607,-0.004790,0.994502,0,0.65499,0.55994,39.299,1.120,-1,400.000,-1,400.000,-1,325.000,325.000,300.000,300.000,-1,-1,-1,-1,750.000,750.000,-1,-1,2,0,2,0,2,0,0,0,0,2,2,2,2,0,0,2,2
122,3628.955,2137.176,191.063,112.745,-0.384229,-0.922231,-0.043096,0.917273,-0.386628,0.095547,-0.104778,-0.002819,0.994492,0,0.65561,0.58057,39.337,1.161,-1,400.000,-1,400.000,-1,325.000,325.000,300.000,300.000,-1,-1,-1,-1,750.000,750.000,-1,-1,2,0,2,0,2,0,0,0,0,2,2,2,2,0,0,2,2
123,3612.997,2173.173,186.954,113.909,-0.402968,-0.914191,-0.043270,0.909183,-0.405284,0.095562,-0.104899,-0.000832,0.994483,0,0.65626,0.58199,39.375,1.164,-1,400.000,-1,400.000,-1,325.000,325.000,300.000,300.000,-1,-1,-1,-1,750.000,750.000,-1,-1,2,0,2,0,2,0,0,0,0,2,2,2,2,0,0,2,2
124,3596.293,2208.872,182.839,115.076,-0.421586,-0.905748,-0.043434,0.900692,-0.423816,0.095568,-0.104968,0.001170,0.994475,0,0.65691,0.58341,39.415,1.167,-1,400.000,-1,400.000,-1,325.000,325.000,300.000,300.000,-1,-1,-1,-1,750.000,750.000,-1,-1,2,0,2,0,2,0,0,0,0,2,2,2,2,0,0,2,2
125,3578.846,2244.259,178.717,116.245,-0.440073,-0.896903,-0.043584,0.891804,-0.442215,0.095563,-0.104984,0.003186,0.994469,0,0.65757,0.58484,39.454,1.170,-1,400.000,-1,400.000,-1,325.000,325.000,300.000,300.000,-1,-1,-1,-1,750.000,750.000,-1,-1,2,0,2,0,2,0,0,0,0,2,2,2,2,0,0,2,2
126,3560.660,2279.317,174.591,117.418,-0.458422,-0.887659,-0.043719,0.882517,-0.460472,0.095547,-0.104945,0.005218,0.994464,0,0.65824,0.58627,39.494,1.173,-1,400.000,-1,400.000,-1,325.000,325.000,300.000,300.000,-1,-1,-1,-1,750.000,750.000,-1,-1,2,0,2,0,2,0,0,0,0,2,2,2,2,0,0,2,2
127,3541.739,2314.031,170.462,118.593,-0.476621,-0.878015,-0.043841,0.872834,-0.478578,0.095517,-0.104847,0.007259,0.994462,0,0.65892,0.58771,39.535,1.175,-1,400.000,-1,400.000,-1,325.000,325.000,300.000,300.000,-1,-1,-1,-1,750.000,750.000,-1,-1,2,0,2,0,2,0,0,0,0,2,2,2,2,0,0,2,2
128,3522.088,2348.383,166.337,119.772,-0.494662,-0.867973,-0.043954,0.862759,-0.496524,0.095454,-0.104676,0.009295,0.994463,0,0.65960,0.58915,39.576,1.178,-1,400.000,-1,400.000,-1,325.000,325.000,300.000,300.000,-1,-1,-1,-1,750.000,750.000,-1,-1,2,0,2,0,2,0,0,0,0,2,2,2,2,0,0,2,2
129,3501.711,2382.358,162.213,120.953,-0.512535,-0.857535,-0.044050,0.852291,-0.514300,0.095373,-0.104441,0.011339,0.994466,0,0.66029,0.59059,39.617,1.181,-1,400.000,-1,400.000,-1,325.000,325.000,300.000,300.000,-1,-1,-1,-1,725.000,750.000,-1,-1,2,0,2,0,2,0,0,0,0,2,2,2,2,0,0,2,2
130,3480.615,2415.941,158.092,122.137,-0.530233,-0.846703,-0.044127,0.841432,-0.531897,0.095276,-0.104141,0.013389,0.994472,0,0.66099,0.59204,39.659,1.184,-1,400.000,-1,400.000,-1,325.000,325.000,300.000,300.000,-1,-1,-1,-1,725.000,750.000,-1,-1,2,0,2,0,2,0,0,0,0,2,2,2,2,0,0,2,2
131,3458.804,2449.114,153.970,123.324,-0.547746,-0.835478,-0.044163,0.830185,-0.549306,0.095161,-0.103764,0.015461,0.994482,0,0.66169,0.59349,39.701,1.187,-1,400.000,-1,400.000,-1,325.000,325.000,300.000,300.000,-1,-1,-1,-1,725.000,750.000,-1,-1,2,0,2,0,2,0,0,0,0,2,2,2,2,0,0,2,2
132,3436.285,2481.862,149.853,124.514,-0.565066,-0.823862,-0.044171,0.818551,-0.566518,0.095030,-0.103315,0.017542,0.994494,0,0.66239,0.59495,39.743,1.190,-1,400.000,-1,400.000,-1,325.000,325.000,300.000,300.000,-1,-1,-1,-1,725.000,750.000,-1,-1,2,0,2,0,2,0,0,0,0,2,2,2,2,0,0,2,2
133,3413.064,2514.169,145.746,125.707,-0.582180,-0.811859,-0.044173,0.806534,-0.583524,0.094886,-0.102810,0.019614,0.994508,0,0.66310,0.59642,39.786,1.193,-1,400.000,-1,400.000,-1,325.000,325.000,300.000,300.000,-1,-1,-1,-1,725.000,750.000,-1,-1,2,0,2,0,2,0,0,0,0,2,2,2,2,0,0,2,2
134,3389.335,2546.051,141.659,126.660,-0.595667,-0.802017,-0.044164,0.796686,-0.596924,0.094728,-0.102336,0.021241,0.994523,0,0.66239,0.47642,39.743,0.953,-1,400.000,-1,400.000,-1,325.000,325.000,300.000,300.000,-1,-1,-1,-1,725.000,750.000,-1,-1,2,0,2,0,2,0,0,0,0,2,2,2,2,0,0,2,2
135,3365.189,2577.663,137.600,127.372,-0.605644,-0.794509,-0.044169,0.789190,-0.606841,0.094463,-0.101856,0.022353,0.994548,0,0.66298,0.35642,39.779,0.713,-1,375.000,-1,400.000,-1,325.000,325.000,300.000,300.000,-1,-1,-1,-1,725.000,750.000,-1,-1,2,0,2,0,2,0,0,0,0,2,2,2,2,0,0,2,2
136,3340.768,2609.096,133.579,127.845,-0.612223,-0.789460,-0.044006,0.784165,-0.613366,0.094170,-0.101335,0.023145,0.994583,0,0.66342,0.23642,39.805,0.473,-1,375.000,-1,400.000,-1,325.000,325.000,300.000,300.000,-1,-1,-1,-1,725.000,750.000,-1,-1,2,0,2,0,2,0,0,0,0,2,2,2,2,0,0,2,2
137,3316.208,2640.442,129.566,128.078,-0.615454,-0.786954,-0.043813,0.781691,-0.616563,0.093851,-0.100870,0.023513,0.994622,0,0.66370,0.11642,39.822,0.233,-1,375.000,-1,400.000,-1,325.000,325.000,300.000,300.000,-1,-1,-1,-1,725.000,750.000,-1,-1,2,0,2,0,2,0,0,0,0,2,2,2,2,0,0,2,2
138,3291.649,2671.796,125.557,128.071,-0.615369,-0.787032,-0.043605,0.781810,-0.616466,0.093503,-0.100471,0.023448,0.994664,0,0.66378,-0.00358,39.827,-0.007,-1,375.000,-1,400.000,-1,325.000,325.000,300.000,300.000,-1,-1,-1,-1,725.000,725.000,-1,-1,2,0,2,0,2,0,0,0,0,2,2,2,2,0,0,2,2
139,3267.228,2703.246,121.548,127.830,-0.612050,-0.789628,-0.043387,0.784454,-0.613156,0.093123,-0.100135,0.022961,0.994709,0,0.66364,-0.12052,39.819,-0.241,-1,375.000,-1,400.000,-1,325.000,325.000,300.000,300.000,-1,-1,-1,-1,725.000,725.000,-1,-1,2,0,2,0,2,0,0,0,0,2,2,2,2,0,0,2,2
