timestep,x_cm,y_cm,z_cm,yaw_deg,basis_xx,basis_xy,basis_xz,basis_yx,basis_yy,basis_yz,basis_zx,basis_zy,basis_zz,teleport_flag,throttle_cmd,steering_cmd,cmd_move_cm,cmd_turn_deg,lidar_cm_0,lidar_cm_1,lidar_cm_2,lidar_cm_3,lidar_cm_4,lidar_cm_5,lidar_cm_6,lidar_cm_7,lidar_cm_8,lidar_cm_9,lidar_cm_10,lidar_cm_11,lidar_cm_12,lidar_cm_13,lidar_cm_14,lidar_cm_15,lidar_cm_16,lidar_class_0,lidar_class_1,lidar_class_2,lidar_class_3,lidar_class_4,lidar_class_5,lidar_class_6,lidar_class_7,lidar_class_8,lidar_class_9,lidar_class_10,lidar_class_11,lidar_class_12,lidar_class_13,lidar_class_14,lidar_class_15,lidar_class_16
0,980.311,-980.706,477.182,138.334,-0.746572,-0.664786,-0.026275,0.664413,-0.747034,0.022282,-0.034441,-0.000822,0.999406,1,0.08000,-0.12000,4.800,-0.240,-1,400.000,-1,400.000,-1,325.000,325.000,300.000,300.000,-1,-1,-1,525.000,775.000,750.000,-1,-1,2,0,2,0,2,0,0,0,0,2,2,2,1,0,0,2,2
1,973.194,-974.265,476.926,137.854,-0.740966,-0.671020,-0.026478,0.670639,-0.741438,0.022631,-0.034818,-0.000989,0.999393,0,0.16000,-0.24000,9.600,-0.480,-1,400.000,-1,400.000,-1,325.000,325.000,300.000,300.000,-1,-1,-1,525.000,775.000,750.000,-1,-1,2,0,2,0,2,0,0,0,0,2,2,2,1,0,0,2,2
2,962.639,-964.468,476.539,137.134,-0.732460,-0.680284,-0.026767,0.679891,-0.732947,0.023146,-0.035365,-0.001245,0.999374,0,0.24000,-0.36000,14.400,-0.720,-1,400.000,-1,400.000,-1,325.000,325.000,300.000,300.000,-1,-1,-1,550.000,775.000,750.000,-1,-1,2,0,2,0,2,0,0,0,0,2,2,2,1,0,0,2,2
3,948.752,-951.210,476.015,136.327,-0.722783,-0.690541,-0.027146,0.690133,-0.723291,0.023789,-0.036062,-0.001540,0.999348,0,0.32000,-0.40357,19.200,-0.807,-1,400.000,-1,400.000,-1,325.000,325.000,300.000,300.000,-1,-1,-1,550.000,775.000,725.000,-1,-1,2,0,2,0,2,0,0,0,0,2,2,2,1,0,0,2,2
4,931.627,-934.395,475.279,135.524,-0.713015,-0.700604,-0.027647,0.700189,-0.713547,0.024188,-0.036674,-0.002111,0.999325,0,0.40000,-0.40128,24.000,-0.803,-1,400.000,-1,400.000,-1,325.000,325.000,300.000,300.000,-1,-1,-1,575.000,775.000,725.000,-1,-1,2,0,2,0,2,0,0,0,0,2,2,2,1,0,0,2,2
5,911.359,-913.934,474.306,134.728,-0.703176,-0.710458,-0.028161,0.710047,-0.703733,0.024343,-0.037113,-0.002878,0.999307,0,0.48000,-0.39843,28.800,-0.797,-1,400.000,-1,400.000,-1,325.000,325.000,300.000,300.000,-1,-1,-1,600.000,775.000,725.000,-1,-1,2,0,2,0,2,0,0,0,0,2,2,2,1,0,0,2,2
6,888.045,-889.739,473.158,133.938,-0.693283,-0.720092,-0.028739,0.719685,-0.693869,0.024481,-0.037569,-0.003711,0.999287,0,0.56000,-0.39502,33.600,-0.790,-1,400.000,-1,400.000,-1,325.000,325.000,300.000,300.000,-1,-1,-1,625.000,775.000,725.000,-1,-1,2,0,2,0,2,0,0,0,0,2,2,2,1,0,0,2,2
7,861.780,-861.726,471.831,133.155,-0.683358,-0.729493,-0.029367,0.729093,-0.683973,0.024577,-0.038015,-0.004616,0.999267,0,0.64000,-0.39103,38.400,-0.782,-1,400.000,-1,375.000,-1,325.000,325.000,300.000,300.000,-1,-1,-1,650.000,775.000,725.000,-1,-1,2,0,2,0,2,0,0,0,0,2,2,2,1,0,0,2,2
8,832.659,-829.816,470.320,132.383,-0.673421,-0.738649,-0.030030,0.738260,-0.674067,0.024605,-0.038417,-0.005601,0.999246,0,0.72000,-0.38645,43.200,-0.773,-1,400.000,-1,375.000,-1,325.000,325.000,300.000,300.000,-1,-1,-1,675.000,750.000,700.000,-1,-1,2,0,2,0,2,0,0,0,0,2,2,2,1,0,0,2,2
9,800.778,-793.933,468.617,131.620,-0.663495,-0.747550,-0.030716,0.747177,-0.664172,0.024534,-0.038741,-0.006672,0.999227,0,0.80000,-0.38128,48.000,-0.763,-1,400.000,-1,375.000,-1,325.000,325.000,300.000,300.000,-1,-1,-1,725.000,750.000,700.000,-1,-1,2,0,2,0,2,0,0,0,0,2,2,2,1,0,0,2,2
10,767.308,-755.252,466.775,130.869,-0.653606,-0.756184,-0.031386,0.755833,-0.654312,0.024337,-0.038940,-0.007816,0.999211,0,0.85253,-0.37549,51.152,-0.751,-1,400.000,-1,375.000,-1,325.000,325.000,300.000,300.000,-1,-1,-1,750.000,750.000,700.000,-1,-1,2,0,2,0,2,0,0,0,0,2,2,2,1,0,0,2,2
11,734.211,-715.991,464.997,130.130,-0.643773,-0.764546,-0.032026,0.764238,-0.644503,0.023603,-0.038686,-0.009280,0.999208,0,0.85583,-0.36927,51.350,-0.739,-1,400.000,-1,375.000,-1,325.000,325.000,300.000,300.000,-1,-1,-1,800.000,750.000,700.000,-1,-1,2,0,2,0,2,0,0,0,0,2,2,2,1,0,0,2,2
12,701.484,-676.155,463.304,129.405,-0.634010,-0.772636,-0.032618,0.772395,-0.634752,0.022274,-0.037914,-0.011072,0.999220,0,0.85926,-0.36299,51.555,-0.726,-1,400.000,-1,375.000,-1,325.000,325.000,300.000,300.000,-1,-1,-1,825.000,750.000,700.000,-1,-1,2,0,2,0,2,0,0,0,0,2,2,2,1,0,0,2,2
13,669.122,-635.749,461.566,128.691,-0.624322,-0.780461,-0.033213,0.780290,-0.625071,0.020824,-0.037012,-0.012915,0.999231,0,0.86281,-0.35663,51.769,-0.713,-1,400.000,-1,375.000,-1,325.000,325.000,300.000,300.000,-1,-1,-1,850.000,750.000,700.000,-1,-1,2,0,2,0,2,0,0,0,0,2,2,2,1,0,0,2,2
14,636.345,-593.780,459.739,127.988,-0.614681,-0.788050,-0.033827,0.787956,-0.615432,0.019211,-0.035957,-0.014845,0.999243,0,0.88752,-0.35149,53.251,-0.703,-1,400.000,-1,375.000,-1,325.000,325.000,300.000,300.000,-1,-1,-1,900.000,750.000,700.000,-1,-1,2,0,2,0,2,0,0,0,0,2,2,2,1,0,0,2,2
15,604.059,-551.388,457.924,127.293,-0.605065,-0.795433,-0.034382,0.795409,-0.605813,0.017732,-0.034934,-0.016619,0.999251,0,0.88811,-0.34744,53.287,-0.695,-1,400.000,-1,375.000,-1,325.000,325.000,300.000,300.000,-1,-1,-1,925.000,750.000,725.000,-1,-1,2,0,2,0,2,0,0,0,0,2,2,2,1,0,0,2,2
16,572.255,-508.576,456.129,126.607,-0.595493,-0.802620,-0.034493,0.802641,-0.596227,0.016733,-0.033996,-0.017721,0.999265,0,0.88888,-0.34326,53.333,-0.687,-1,400.000,-1,375.000,-1,325.000,325.000,300.000,300.000,-1,-1,-1,975.000,750.000,725.000,-1,-1,2,0,2,0,2,0,0,0,0,2,2,2,1,0,0,2,2
17,540.927,-465.344,454.322,125.929,-0.585960,-0.809604,-0.034531,0.809667,-0.586678,0.015757,-0.033016,-0.018726,0.999279,0,0.88982,-0.33897,53.389,-0.678,-1,400.000,-1,375.000,-1,325.000,325.000,300.000,300.000,-1,-1,-1,1000.000,750.000,725.000,-1,-1,2,0,2,0,2,0,0,0,0,2,2,2,1,0,0,2,2
18,510.068,-421.695,452.576,125.260,-0.576482,-0.816387,-0.034357,0.816487,-0.577175,0.014795,-0.031908,-0.019523,0.999300,0,0.89093,-0.33457,53.456,-0.669,-1,400.000,-1,375.000,-1,325.000,325.000,300.000,300.000,-1,-1,-1,-1,750.000,725.000,-1,-1,2,0,2,0,2,0,0,0,0,2,2,2,2,0,0,2,2
19,479.670,-377.631,450.942,124.600,-0.567075,-0.822976,-0.033708,0.823101,-0.567727,0.013818,-0.030509,-0.019909,0.999336,0,0.89220,-0.33005,53.532,-0.660,-1,400.000,-1,375.000,-1,325.000,325.000,300.000,300.000,-1,-1,-1,-1,750.000,725.000,-1,-1,2,0,2,0,2,0,0,0,0,2,2,2,2,0,0,2,2
20,449.727,-333.153,449.316,123.949,-0.557724,-0.829366,-0.033122,0.829515,-0.558337,0.012855,-0.029155,-0.020305,0.999369,0,0.89363,-0.32543,53.618,-0.651,-1,400.000,-1,375.000,-1,325.000,325.000,300.000,300.000,-1,-1,-1,-1,775.000,725.000,-1,-1,2,0,2,0,2,0,0,0,0,2,2,2,2,1,0,2,2
21,420.232,-288.263,447.698,123.307,-0.548436,-0.835557,-0.032596,0.835729,-0.549014,0.011907,-0.027845,-0.020711,0.999398,0,0.89522,-0.32070,53.713,-0.641,-1,400.000,-1,375.000,-1,325.000,325.000,300.000,300.000,-1,-1,-1,-1,750.000,725.000,-1,-1,2,0,2,0,2,0,0,0,0,2,2,2,2,1,0,2,2
22,391.177,-242.963,446.088,122.676,-0.539220,-0.841552,-0.032129,0.841745,-0.539763,0.010976,-0.026579,-0.021126,0.999423,0,0.89695,-0.31586,53.817,-0.632,-1,400.000,-1,375.000,-1,325.000,325.000,300.000,300.000,-1,825.000,-1,-1,750.000,725.000,-1,-1,2,0,2,0,2,0,0,0,0,2,0,2,2,1,0,2,2
23,360.305,-193.892,444.385,122.174,-0.531867,-0.846237,-0.031630,0.846447,-0.532377,0.010131,-0.025412,-0.021385,0.999448,0,0.96624,-0.25064,57.974,-0.501,-1,400.000,-1,375.000,-1,325.000,325.000,300.000,300.000,-1,750.000,-1,-1,725.000,725.000,975.000,-1,2,0,2,0,2,0,0,0,0,2,0,2,2,1,0,1,2
24,329.646,-144.210,442.876,121.679,-0.524526,-0.850790,-0.032086,0.851032,-0.525030,0.009427,-0.024867,-0.022362,0.999441,0,0.97301,-0.24767,58.381,-0.495,-1,400.000,-1,375.000,-1,325.000,325.000,300.000,300.000,-1,775.000,850.000,-1,700.000,725.000,900.000,-1,2,0,2,0,2,0,0,0,0,2,0,0,2,1,0,1,2
25,299.204,-93.926,441.384,121.190,-0.517237,-0.855216,-0.032736,0.855493,-0.517740,0.008741,-0.024424,-0.023484,0.999426,0,0.97969,-0.24438,58.781,-0.489,1000.000,400.000,-1,375.000,-1,325.000,325.000,300.000,300.000,-1,800.000,875.000,-1,675.000,725.000,850.000,1000.000,1,0,2,0,2,0,0,0,0,2,0,0,2,1,0,1,1
26,268.984,-43.049,439.953,120.709,-0.510022,-0.859507,-0.033559,0.859833,-0.510517,0.007722,-0.023769,-0.024916,0.999407,0,0.98624,-0.24076,59.175,-0.482,900.000,400.000,-1,375.000,-1,325.000,325.000,300.000,300.000,-1,825.000,900.000,-1,650.000,725.000,775.000,950.000,1,0,2,0,2,0,0,0,0,2,0,0,2,1,0,1,1
27,238.993,8.407,438.537,120.235,-0.502891,-0.863662,-0.034483,0.864043,-0.503375,0.006584,-0.023044,-0.026484,0.999384,0,0.99266,-0.23677,59.559,-0.474,800.000,400.000,-1,375.000,-1,325.000,325.000,300.000,300.000,-1,850.000,925.000,-1,625.000,700.000,700.000,875.000,1,0,2,0,2,0,0,0,0,2,0,0,2,1,1,1,1
28,209.233,60.431,437.100,119.770,-0.495858,-0.867680,-0.035448,0.868116,-0.496332,0.005487,-0.022354,-0.028052,0.999356,0,0.99890,-0.23240,59.934,-0.465,725.000,400.000,950.000,400.000,-1,325.000,325.000,300.000,300.000,-1,875.000,950.000,-1,600.000,675.000,650.000,825.000,1,0,1,0,2,0,0,0,0,2,0,0,2,1,1,1,1
29,179.856,112.747,435.742,119.315,-0.488935,-0.871566,-0.036266,0.872042,-0.489406,0.004881,-0.022003,-0.029239,0.999330,0,1.00000,-0.22760,60.000,-0.455,625.000,400.000,900.000,400.000,-1,325.000,325.000,300.000,300.000,-1,925.000,975.000,-1,575.000,650.000,600.000,775.000,1,1,1,0,2,0,0,0,0,2,0,0,2,1,1,1,1
30,150.886,165.290,434.442,118.871,-0.482138,-0.875315,-0.036971,0.875821,-0.482613,0.004654,-0.021917,-0.030136,0.999305,0,1.00000,-0.22236,60.000,-0.445,550.000,400.000,825.000,400.000,-1,325.000,325.000,300.000,300.000,-1,975.000,-1,-1,525.000,600.000,525.000,725.000,1,1,1,0,2,0,0,0,0,2,0,2,2,1,1,1,1
31,122.314,218.050,433.197,118.437,-0.475499,-0.878924,-0.037333,0.879450,-0.475970,0.004379,-0.021618,-0.030750,0.999293,0,1.00000,-0.21667,60.000,-0.433,475.000,375.000,775.000,400.000,950.000,325.000,325.000,300.000,300.000,-1,-1,-1,-1,500.000,575.000,475.000,650.000,1,1,1,0,1,0,0,0,0,2,2,2,2,1,1,1,1
32,96.192,266.678,432.036,118.244,-0.472527,-0.880512,-0.037640,0.881055,-0.472995,0.004133,-0.021443,-0.031210,0.999283,0,0.92000,-0.09667,55.200,-0.193,425.000,350.000,725.000,400.000,800.000,325.000,325.000,300.000,300.000,-1,-1,-1,-1,475.000,525.000,425.000,600.000,1,1,1,0,1,0,0,0,0,2,2,2,2,1,1,1,1
33,72.305,311.058,430.945,118.291,-0.473238,-0.880117,-0.037945,0.880674,-0.473707,0.003930,-0.021434,-0.031558,0.999272,0,0.84000,0.02333,50.400,0.047,375.000,350.000,675.000,400.000,700.000,325.000,325.000,300.000,300.000,-1,-1,-1,-1,450.000,500.000,375.000,550.000,1,1,1,1,1,0,0,0,0,2,2,2,2,1,1,1,1
34,50.493,351.103,430.363,118.577,-0.477714,-0.877779,-0.035964,0.878284,-0.478128,0.003370,-0.020154,-0.029977,0.999347,0,0.76000,0.14333,45.600,0.287,350.000,325.000,625.000,375.000,600.000,325.000,325.000,300.000,300.000,-1,-1,-1,-1,425.000,475.000,350.000,500.000,1,1,1,1,1,0,0,0,0,2,2,2,2,1,1,1,1
35,30.650,386.752,430.276,119.104,-0.485909,-0.873432,-0.031759,0.873831,-0.486223,0.002529,-0.017651,-0.026523,0.999492,0,0.68000,0.26333,40.800,0.527,325.000,325.000,600.000,350.000,525.000,325.000,325.000,325.000,300.000,-1,975.000,1000.000,-1,425.000,450.000,325.000,475.000,1,1,1,1,1,1,0,0,0,2,0,0,2,1,1,1,1
36,12.722,417.970,430.391,119.871,-0.497697,-0.866935,-0.026849,0.867223,-0.497917,0.001761,-0.014895,-0.022408,0.999638,0,0.60000,0.38333,36.000,0.767,300.000,300.000,575.000,350.000,475.000,325.000,325.000,325.000,300.000,-1,850.000,875.000,-1,400.000,425.000,300.000,425.000,1,1,1,1,1,1,1,0,0,2,0,0,2,1,1,1,1
37,-3.289,444.749,430.625,120.877,-0.512974,-0.858131,-0.021664,0.858318,-0.513117,0.001213,-0.012157,-0.017972,0.999765,0,0.52000,0.50333,31.200,1.007,275.000,300.000,550.000,325.000,425.000,300.000,325.000,325.000,300.000,-1,775.000,775.000,-1,375.000,400.000,275.000,400.000,1,1,1,1,1,1,1,0,0,2,0,0,2,1,1,1,1
38,-17.243,467.159,430.907,121.911,-0.528461,-0.848794,-0.016660,0.848903,-0.528547,0.000922,-0.009588,-0.013656,0.999861,0,0.44000,0.51674,26.400,1.033,275.000,300.000,525.000,325.000,400.000,300.000,325.000,350.000,275.000,-1,725.000,700.000,-1,375.000,400.000,275.000,375.000,1,1,1,1,1,1,1,0,0,2,0,0,2,1,1,1,1
39,-28.989,485.286,431.246,122.946,-0.543763,-0.839146,-0.012454,0.839205,-0.543815,0.000922,-0.007547,-0.009950,0.999922,0,0.36000,0.51744,21.600,1.035,275.000,275.000,500.000,300.000,375.000,275.000,300.000,350.000,275.000,-1,675.000,600.000,-1,350.000,375.000,275.000,350.000,1,1,1,1,1,1,1,0,0,2,0,0,2,1,1,1,1
40,-38.379,499.217,431.534,123.981,-0.558867,-0.829208,-0.009023,0.829236,-0.558898,0.001158,-0.006004,-0.006835,0.999959,0,0.28000,0.51750,16.800,1.035,275.000,275.000,500.000,300.000,350.000,275.000,300.000,350.000,275.000,-1,650.000,525.000,-1,350.000,375.000,250.000,325.000,1,1,1,1,1,1,1,0,0,2,0,0,2,1,1,1,1
41,-45.264,509.046,431.731,125.014,-0.573756,-0.819000,-0.006552,0.819011,-0.573776,0.001591,-0.005062,-0.004453,0.999977,0,0.20000,0.51692,12.000,1.034,275.000,275.000,475.000,300.000,325.000,275.000,300.000,375.000,275.000,-1,625.000,475.000,-1,350.000,350.000,250.000,325.000,1,1,1,1,1,1,1,0,0,2,0,0,2,1,1,1,1
42,-49.500,514.867,431.819,126.046,-0.588413,-0.808544,-0.005199,0.808546,-0.588429,0.002166,-0.004811,-0.002929,0.999984,0,0.12000,0.51569,7.200,1.031,275.000,275.000,475.000,300.000,300.000,275.000,300.000,375.000,275.000,-1,600.000,475.000,-1,325.000,350.000,250.000,300.000,1,1,1,1,1,1,1,0,0,2,0,0,2,1,1,1,1
43,-50.947,516.782,431.789,127.073,-0.602820,-0.797861,-0.005053,0.797860,-0.602836,0.002818,-0.005295,-0.002333,0.999983,0,0.04000,0.51384,2.400,1.028,275.000,275.000,475.000,300.000,300.000,250.000,300.000,375.000,275.000,-1,625.000,475.000,-1,325.000,350.000,250.000,300.000,1,1,1,1,1,1,1,0,0,2,0,0,2,1,1,1,1
44,-49.466,514.893,431.643,128.096,-0.616957,-0.786973,-0.006132,0.786970,-0.616981,0.003475,-0.006518,-0.002682,0.999975,0,-0.04000,0.51139,-2.400,1.023,275.000,250.000,475.000,300.000,300.000,250.000,300.000,375.000,275.000,-1,650.000,500.000,-1,325.000,350.000,250.000,300.000,1,1,1,1,1,1,1,0,0,2,0,0,2,1,1,1,1
45,-44.924,509.307,431.399,129.113,-0.630803,-0.775898,-0.008381,0.775897,-0.630846,0.004067,-0.008443,-0.003937,0.999957,0,-0.12000,0.50838,-7.200,1.017,300.000,250.000,475.000,300.000,300.000,250.000,300.000,375.000,275.000,-1,700.000,550.000,-1,325.000,375.000,275.000,300.000,1,1,1,1,1,1,1,0,0,2,0,0,2,1,1,1,1
46,-37.192,500.131,431.085,130.123,-0.644337,-0.764652,-0.011668,0.764663,-0.644415,0.004531,-0.010983,-0.006003,0.999922,0,-0.20000,0.50487,-12.000,1.010,300.000,250.000,475.000,300.000,300.000,250.000,300.000,350.000,275.000,-1,750.000,650.000,-1,325.000,375.000,275.000,325.000,1,1,1,1,1,1,1,0,0,2,0,0,2,1,1,1,1
47,-28.919,490.656,430.795,131.125,-0.657557,-0.753257,-0.014934,0.753284,-0.657677,0.004867,-0.013488,-0.008049,0.999877,0,-0.20964,0.50094,-12.578,1.002,325.000,275.000,475.000,325.000,325.000,250.000,300.000,350.000,275.000,-1,825.000,775.000,-1,325.000,375.000,275.000,325.000,1,1,1,1,1,1,1,0,0,2,0,0,2,1,1,1,1
48,-20.476,481.317,430.543,132.119,-0.670468,-0.741720,-0.018032,0.741769,-0.670636,0.005090,-0.015868,-0.009963,0.999824,0,-0.20984,0.49708,-12.590,0.994,325.000,275.000,500.000,325.000,325.000,250.000,300.000,350.000,275.000,-1,875.000,875.000,-1,350.000,400.000,300.000,325.000,1,1,1,1,1,1,1,0,0,2,0,0,2,1,1,1,1
49,-11.859,472.110,430.332,133.105,-0.683075,-0.730047,-0.020948,0.730123,-0.683296,0.005210,-0.018117,-0.011736,0.999767,0,-0.21016,0.49334,-12.609,0.987,350.000,275.000,500.000,325.000,325.000,250.000,300.000,325.000,275.000,-1,950.000,975.000,-1,350.000,400.000,300.000,350.000,1,1,1,1,1,1,1,0,0,2,0,0,2,1,1,1,1
50,-3.069,463.034,430.163,134.085,-0.695386,-0.718246,-0.023670,0.718351,-0.695661,0.005239,-0.020229,-0.013361,0.999706,0,-0.21060,0.48971,-12.636,0.979,375.000,275.000,500.000,350.000,325.000,250.000,300.000,325.000,275.000,-1,-1,-1,-1,350.000,400.000,325.000,350.000,1,1,1,1,1,1,1,0,0,2,2,2,2,1,1,1,1
51,5.898,454.084,430.037,135.057,-0.707406,-0.706322,-0.026187,0.706459,-0.707735,0.005189,-0.022199,-0.014829,0.999644,0,-0.21115,0.48621,-12.669,0.972,400.000,275.000,525.000,350.000,350.000,250.000,300.000,325.000,300.000,-1,-1,-1,-1,350.000,425.000,325.000,350.000,1,1,1,1,1,1,1,0,0,2,2,2,2,1,1,1,1
52,15.043,445.260,429.958,136.023,-0.719140,-0.694280,-0.028488,0.694449,-0.719524,0.005074,-0.024021,-0.016134,0.999581,0,-0.21181,0.48282,-12.708,0.966,425.000,275.000,525.000,350.000,350.000,250.000,300.000,325.000,300.000,-1,-1,-1,-1,350.000,425.000,350.000,375.000,1,1,1,1,1,1,1,0,0,2,2,2,2,1,1,1,1
53,24.368,436.558,429.926,136.982,-0.730595,-0.682127,-0.030562,0.682328,-0.731030,0.004907,-0.025689,-0.017268,0.999521,0,-0.21257,0.47954,-12.754,0.959,450.000,275.000,525.000,375.000,350.000,250.000,300.000,325.000,300.000,-1,-1,-1,-1,375.000,425.000,350.000,375.000,1,1,1,1,1,1,1,0,0,2,2,2,2,1,1,1,1
54,33.874,427.979,429.944,137.935,-0.741775,-0.669866,-0.032401,0.670097,-0.742259,0.004701,-0.027199,-0.018225,0.999464,0,-0.21342,0.47637,-12.805,0.953,500.000,275.000,550.000,375.000,375.000,250.000,300.000,300.000,300.000,-1,-1,-1,-1,375.000,450.000,375.000,400.000,1,1,1,1,1,1,1,0,0,2,2,2,2,1,1,1,1
55,43.563,419.520,430.013,138.881,-0.752685,-0.657502,-0.033995,0.657761,-0.753213,0.004470,-0.028545,-0.018996,0.999412,0,-0.21437,0.47331,-12.862,0.947,525.000,275.000,550.000,375.000,375.000,275.000,300.000,300.000,300.000,-1,-1,-1,-1,375.000,450.000,400.000,400.000,1,1,1,1,1,1,1,0,0,2,2,2,2,1,1,1,1
56,53.438,411.181,430.135,139.822,-0.763331,-0.645040,-0.035338,0.645323,-0.763898,0.004229,-0.029722,-0.019576,0.999366,0,-0.21541,0.47035,-12.925,0.941,575.000,300.000,550.000,400.000,400.000,275.000,300.000,300.000,300.000,-1,-1,-1,-1,375.000,450.000,425.000,425.000,1,1,1,1,1,1,1,0,0,2,2,2,2,1,1,1,1
57,63.500,402.962,430.312,140.757,-0.773716,-0.632484,-0.036422,0.632787,-0.774316,0.003992,-0.030727,-0.019959,0.999329,0,-0.21653,0.46750,-12.992,0.935,650.000,300.000,575.000,400.000,400.000,275.000,300.000,300.000,300.000,-1,-1,-1,-1,400.000,475.000,450.000,425.000,1,1,1,1,1,1,1,0,0,2,2,2,2,1,1,1,1
58,73.750,394.863,430.545,141.687,-0.783846,-0.619838,-0.037240,0.620154,-0.784471,0.003774,-0.031553,-0.020137,0.999299,0,-0.21773,0.46474,-13.064,0.929,700.000,300.000,575.000,400.000,400.000,275.000,300.000,300.000,300.000,-1,-1,-1,-1,400.000,475.000,475.000,450.000,1,1,1,1,1,1,1,0,0,2,2,2,2,1,1,1,1
59,84.190,386.884,430.836,142.611,-0.793723,-0.607105,-0.037789,0.607427,-0.794367,0.003589,-0.032197,-0.020105,0.999279,0,-0.21900,0.46209,-13.140,0.924,-1,300.000,575.000,400.000,425.000,275.000,300.000,300.000,300.000,-1,-1,-1,-1,425.000,475.000,500.000,450.000,2,1,1,1,1,1,1,0,0,2,2,2,2,1,1,1,1
60,90.876,381.900,431.049,143.295,-0.800909,-0.597579,-0.038004,0.597900,-0.801563,0.003497,-0.032552,-0.019921,0.999271,0,-0.13900,0.34209,-8.340,0.684,-1,300.000,575.000,400.000,425.000,275.000,300.000,300.000,300.000,-1,-1,-1,-1,425.000,500.000,525.000,475.000,2,1,1,1,1,1,1,0,0,2,2,2,2,1,1,1,1
61,93.730,379.806,431.148,143.739,-0.805517,-0.591349,-0.038071,0.591668,-0.806174,0.003466,-0.032741,-0.019734,0.999269,0,-0.05900,0.22209,-3.540,0.444,-1,300.000,600.000,400.000,425.000,275.000,300.000,300.000,300.000,-1,-1,-1,-1,425.000,500.000,525.000,475.000,2,1,1,1,1,1,1,0,0,2,2,2,2,1,1,1,1
62,92.712,380.548,431.112,143.943,-0.807619,-0.588474,-0.038082,0.588790,-0.808278,0.003476,-0.032826,-0.019615,0.999269,0,0.02100,0.10209,1.260,0.204,-1,300.000,600.000,400.000,425.000,275.000,300.000,300.000,300.000,-1,-1,-1,-1,425.000,500.000,525.000,475.000,2,1,1,1,1,1,1,0,0,2,2,2,2,1,1,1,1
63,87.815,384.118,430.942,143.907,-0.807252,-0.588980,-0.038032,0.589294,-0.807911,0.003531,-0.032806,-0.019562,0.999270,0,0.10100,-0.01791,6.060,-0.036,-1,300.000,575.000,400.000,425.000,275.000,300.000,300.000,300.000,-1,-1,-1,-1,425.000,475.000,525.000,475.000,2,1,1,1,1,1,1,0,0,2,2,2,2,1,1,1,1
64,79.065,390.551,430.658,143.675,-0.804863,-0.592254,-0.037829,0.592563,-0.805516,0.003655,-0.032636,-0.019475,0.999278,0,0.18100,-0.11624,10.860,-0.232,-1,300.000,575.000,400.000,425.000,275.000,300.000,300.000,300.000,-1,-1,-1,-1,425.000,475.000,500.000,450.000,2,1,1,1,1,1,1,0,0,2,2,2,2,1,1,1,1
65,66.486,399.878,430.286,143.444,-0.802488,-0.595498,-0.037339,0.595793,-0.803129,0.003886,-0.032302,-0.019128,0.999295,0,0.26100,-0.11540,15.660,-0.231,-1,300.000,550.000,375.000,400.000,275.000,300.000,300.000,300.000,-1,-1,-1,-1,400.000,475.000,475.000,450.000,2,1,1,1,1,1,1,0,0,2,2,2,2,1,1,1,1
66,50.100,412.130,429.868,143.215,-0.800141,-0.598709,-0.036351,0.598975,-0.800756,0.004276,-0.031668,-0.018352,0.999330,0,0.34100,-0.11439,20.460,-0.229,-1,300.000,550.000,375.000,375.000,250.000,300.000,300.000,300.000,-1,-1,-1,-1,400.000,450.000,450.000,425.000,2,1,1,1,1,1,1,0,0,2,2,2,2,1,1,1,1
67,29.929,427.336,429.452,142.989,-0.797834,-0.601883,-0.034592,0.602102,-0.798405,0.004892,-0.030562,-0.016925,0.999390,0,0.42100,-0.11319,25.260,-0.226,-1,275.000,525.000,350.000,375.000,250.000,275.000,300.000,300.000,-1,-1,-1,-1,375.000,425.000,425.000,400.000,2,1,1,1,1,1,1,0,0,2,2,2,2,1,1,1,1
68,5.997,445.526,429.099,142.765,-0.795581,-0.605016,-0.031728,0.605164,-0.796080,0.005808,-0.028772,-0.014580,0.999480,0,0.50100,-0.11177,30.060,-0.224,625.000,275.000,500.000,350.000,350.000,250.000,275.000,325.000,300.000,-1,-1,-1,-1,350.000,400.000,400.000,375.000,1,1,1,1,1,1,1,0,0,2,2,2,2,1,1,1,1
69,-21.675,466.726,428.881,142.545,-0.793390,-0.608099,-0.027364,0.608157,-0.793785,0.007113,-0.026047,-0.010998,0.999600,0,0.58100,-0.11009,34.860,-0.220,550.000,250.000,475.000,325.000,325.000,225.000,250.000,325.000,300.000,-1,-1,-1,-1,350.000,375.000,375.000,350.000,1,1,1,1,1,1,1,0,0,2,2,2,2,1,1,1,1
70,-53.067,490.964,428.880,142.329,-0.791261,-0.611117,-0.021041,0.611080,-0.791519,0.008905,-0.022096,-0.005811,0.999739,0,0.66100,-0.10811,39.660,-0.216,500.000,250.000,425.000,300.000,300.000,225.000,250.000,325.000,275.000,-1,-1,-1,-1,325.000,350.000,350.000,325.000,1,1,1,1,1,1,1,0,0,2,2,2,2,1,1,1,1
71,-88.157,518.265,429.179,142.117,-0.789177,-0.614045,-0.012191,0.613943,-0.789270,0.011302,-0.016562,0.001435,0.999862,0,0.74100,-0.10578,44.460,-0.212,450.000,225.000,400.000,275.000,250.000,200.000,225.000,350.000,275.000,-1,950.000,725.000,-1,300.000,325.000,325.000,300.000,1,1,1,1,1,1,1,0,0,2,0,0,2,1,1,1,1
72,-126.928,548.652,429.873,141.911,-0.787088,-0.616840,-0.000184,0.616774,-0.787008,0.014433,-0.009048,0.011247,0.999896,0,0.82100,-0.10301,49.260,-0.206,400.000,225.000,375.000,250.000,225.000,200.000,200.000,375.000,275.000,-1,600.000,425.000,-1,275.000,300.000,300.000,250.000,1,1,1,1,1,1,1,0,0,2,0,0,2,1,1,1,1
73,-169.362,582.145,431.093,141.712,-0.784894,-0.619435,0.015560,0.619630,-0.784678,0.018411,0.000806,0.024092,0.999709,0,0.90100,-0.09971,54.060,-0.199,375.000,200.000,325.000,225.000,200.000,175.000,200.000,425.000,275.000,-1,450.000,275.000,-1,250.000,250.000,250.000,225.000,1,1,1,1,1,1,1,0,1,2,0,0,2,1,1,1,1
74,3607.586,-5575.432,525.676,-166.059,-0.951065,0.240347,0.194186,-0.249120,-0.968229,-0.021720,0.182796,-0.069032,0.980724,1,0.00000,0.00000,58.860,-0.191,-1,250.000,-1,175.000,-1,200.000,175.000,475.000,575.000,475.000,75.000,75.000,900.000,375.000,250.000,450.000,-1,2,1,2,1,2,1,1,0,0,1,0,0,1,1,1,1,2
75,-3608.450,-8194.422,408.332,99.458,-0.166920,-0.983136,-0.074705,0.985408,-0.163785,-0.046329,0.033312,-0.081348,0.996129,1,0.08000,0.12000,4.800,0.240,-1,450.000,725.000,375.000,300.000,400.000,375.000,275.000,300.000,-1,400.000,800.000,675.000,575.000,500.000,675.000,425.000,2,1,1,1,1,1,1,0,1,2,0,0,1,1,1,1,1
76,-3610.108,-8184.967,408.426,99.938,-0.175137,-0.981698,-0.074805,0.984000,-0.172010,-0.046428,0.032711,-0.081740,0.996117,0,0.16000,0.24000,9.600,0.480,-1,450.000,725.000,375.000,300.000,400.000,375.000,275.000,275.000,-1,425.000,825.000,675.000,575.000,475.000,675.000,425.000,2,1,1,1,1,1,1,0,1,2,0,0,1,1,1,1,1
77,-3612.771,-8170.816,408.517,100.658,-0.187426,-0.979424,-0.074839,0.981768,-0.184326,-0.046435,0.031685,-0.082177,0.996114,0,0.24000,0.36000,14.400,0.720,-1,450.000,700.000,375.000,300.000,375.000,375.000,275.000,275.000,-1,425.000,850.000,675.000,550.000,475.000,675.000,400.000,2,1,1,1,1,1,1,0,1,2,0,0,1,1,1,1,1
78,-3616.580,-8151.998,408.606,101.440,-0.200726,-0.976777,-0.074944,0.979176,-0.197668,-0.046274,0.030386,-0.082672,0.996113,0,0.32000,0.39101,19.200,0.782,-1,425.000,675.000,375.000,300.000,375.000,350.000,275.000,275.000,-1,475.000,900.000,675.000,550.000,475.000,650.000,400.000,2,1,1,1,1,1,1,0,1,2,0,0,1,1,1,1,1
79,-3621.647,-8128.539,408.677,102.187,-0.213366,-0.974076,-0.075170,0.976546,-0.210368,-0.045859,0.028857,-0.083192,0.996116,0,0.40000,0.37323,24.000,0.746,-1,425.000,650.000,375.000,300.000,350.000,350.000,275.000,250.000,-1,500.000,950.000,675.000,525.000,450.000,625.000,375.000,2,1,1,1,1,1,1,0,1,2,0,0,1,1,1,1,1
80,-3628.074,-8100.466,408.689,102.892,-0.225236,-0.971380,-0.075434,0.973930,-0.222328,-0.045060,0.026999,-0.083617,0.996132,0,0.48000,0.35246,28.800,0.705,-1,400.000,625.000,350.000,300.000,350.000,325.000,275.000,225.000,-1,575.000,-1,700.000,500.000,450.000,600.000,350.000,2,1,1,1,1,1,1,0,1,2,0,2,1,1,1,1,1
81,-3635.946,-8067.802,408.597,103.549,-0.236223,-0.968750,-0.075651,0.971385,-0.233451,-0.043727,0.024699,-0.083816,0.996175,0,0.56000,0.32859,33.600,0.657,-1,375.000,600.000,325.000,275.000,325.000,300.000,275.000,225.000,-1,675.000,-1,725.000,475.000,425.000,575.000,325.000,2,1,1,1,1,1,1,0,1,2,0,2,1,1,1,1,1
82,-3645.335,-8030.568,408.352,104.152,-0.246213,-0.966253,-0.075729,0.968970,-0.243638,-0.041694,0.021836,-0.083645,0.996256,0,0.64000,0.30154,38.400,0.603,-1,350.000,550.000,300.000,250.000,300.000,275.000,275.000,200.000,-1,925.000,-1,750.000,450.000,400.000,525.000,300.000,2,1,1,1,1,1,1,0,1,2,0,2,1,1,1,1,1
83,-3656.293,-7988.782,407.905,104.694,-0.255094,-0.963959,-0.075571,0.966744,-0.252791,-0.038779,0.018278,-0.082951,0.996386,0,0.72000,0.27126,43.200,0.543,700.000,325.000,500.000,275.000,225.000,275.000,250.000,275.000,200.000,-1,-1,-1,775.000,400.000,350.000,475.000,250.000,1,1,1,1,1,1,1,0,1,2,2,2,1,1,1,1,1
84,-3668.887,-7942.464,407.559,105.210,-0.263347,-0.961654,-0.076621,0.964618,-0.261449,-0.034000,0.012664,-0.082864,0.996480,0,0.80000,0.25758,48.000,0.515,575.000,300.000,425.000,250.000,175.000,250.000,225.000,275.000,175.000,-1,-1,-1,825.000,375.000,300.000,425.000,200.000,1,1,1,1,1,1,1,0,1,2,2,2,1,1,1,1,1
85,-3683.145,-7891.844,410.970,105.714,-0.271861,-0.958094,-0.090264,0.962272,-0.269559,-0.037021,0.011139,-0.096923,0.995230,0,0.87650,0.25214,52.590,0.504,475.000,250.000,400.000,225.000,175.000,225.000,200.000,275.000,200.000,-1,-1,-1,900.000,325.000,275.000,375.000,200.000,1,1,1,1,1,1,1,0,1,2,2,2,1,1,1,1,1
86,-3697.366,-7843.016,416.202,106.209,-0.280989,-0.953560,-0.108486,0.959569,-0.277201,-0.048855,0.016514,-0.117828,0.992897,0,0.84761,0.24765,50.856,0.495,375.000,225.000,350.000,200.000,175.000,200.000,200.000,275.000,200.000,-1,-1,-1,975.000,300.000,250.000,325.000,175.000,1,1,1,1,1,1,1,0,1,2,2,2,1,1,1,1,1
87,-3711.500,-7796.008,421.207,106.699,-0.290396,-0.948554,-0.126159,0.956622,-0.284560,-0.062447,0.023335,-0.138821,0.990043,0,0.81812,0.24484,49.087,0.490,325.000,225.000,325.000,200.000,175.000,175.000,175.000,250.000,225.000,800.000,-1,-1,-1,275.000,250.000,275.000,175.000,1,1,1,1,1,1,1,0,1,0,2,2,2,1,1,1,1
88,-7543.271,-5575.327,164.219,47.254,0.681137,-0.730787,-0.044751,0.712065,0.675428,-0.191729,0.170339,0.098729,0.980427,1,0.00000,0.00000,47.325,0.487,175.000,300.000,-1,400.000,-1,275.000,300.000,225.000,250.000,-1,150.000,25.000,250.000,-1,-1,225.000,-1,1,1,2,1,2,1,1,1,0,2,0,0,0,2,2,1,2
89,2292.999,8195.222,345.496,-125.106,-0.573051,0.817946,0.050755,-0.817171,-0.574998,0.040121,0.062000,-0.018484,0.997905,1,0.08000,-0.12000,4.800,-0.240,-1,400.000,-1,400.000,-1,325.000,325.000,300.000,300.000,-1,600.000,500.000,575.000,825.000,800.000,-1,-1,2,0,2,0,2,0,0,0,0,2,1,1,1,0,0,2,2
90,2287.412,8187.415,346.067,-125.586,-0.579890,0.813107,0.050838,-0.812319,-0.581834,0.040087,0.062174,-0.018051,0.997902,0,0.16000,-0.24000,9.600,-0.480,-1,400.000,-1,400.000,-1,325.000,325.000,300.000,300.000,-1,600.000,500.000,575.000,825.000,800.000,-1,-1,2,0,2,0,2,0,0,0,0,2,1,1,1,0,0,2,2
91,2278.921,8175.785,346.927,-126.132,-0.587619,0.807531,0.050959,-0.806730,-0.589563,0.040037,0.062375,-0.017583,0.997898,0,0.24000,-0.27305,14.400,-0.546,-1,400.000,-1,400.000,-1,325.000,325.000,300.000,300.000,-1,625.000,525.000,575.000,825.000,800.000,-1,-1,2,0,2,0,2,0,0,0,0,2,1,1,1,0,0,2,2
92,2267.453,8160.386,348.094,-126.675,-0.595240,0.801922,0.051093,-0.801103,-0.597185,0.040054,0.062632,-0.017089,0.997890,0,0.32000,-0.27115,19.200,-0.542,-1,400.000,-1,400.000,-1,325.000,325.000,300.000,300.000,-1,650.000,550.000,600.000,825.000,800.000,-1,-1,2,0,2,0,2,0,0,0,0,2,1,1,1,0,0,2,2
93,2252.939,8141.272,349.584,-127.212,-0.602736,0.796295,0.051223,-0.795449,-0.604684,0.040220,0.063001,-0.016503,0.997877,0,0.40000,-0.26863,24.000,-0.537,-1,400.000,-1,400.000,-1,325.000,325.000,300.000,300.000,-1,675.000,575.000,625.000,825.000,800.000,-1,-1,2,0,2,0,2,0,0,0,0,2,1,1,1,0,0,2,2
94,2235.310,8118.498,351.365,-127.743,-0.610090,0.790664,0.051392,-0.789793,-0.612043,0.040376,0.063377,-0.015956,0.997862,0,0.48000,-0.26549,28.800,-0.531,-1,400.000,-1,400.000,-1,325.000,325.000,300.000,300.000,-1,725.000,625.000,650.000,850.000,800.000,-1,-1,2,0,2,0,2,0,0,0,0,2,1,1,1,0,0,2,2
95,2214.501,8092.117,353.493,-128.266,-0.617306,0.785049,0.051298,-0.784151,-0.619247,0.040500,0.063561,-0.015225,0.997862,0,0.56000,-0.26170,33.600,-0.523,-1,400.000,-1,400.000,-1,325.000,325.000,300.000,300.000,-1,750.000,650.000,675.000,850.000,825.000,-1,-1,2,0,2,0,2,0,0,0,0,2,1,1,1,0,0,2,2
96,2190.449,8062.183,355.931,-128.781,-0.624358,0.779465,0.051100,-0.778542,-0.626279,0.040577,0.063631,-0.014448,0.997869,0,0.64000,-0.25727,38.400,-0.515,1000.000,400.000,-1,400.000,-1,325.000,325.000,300.000,300.000,-1,800.000,700.000,700.000,850.000,825.000,-1,-1,1,0,2,0,2,0,0,0,0,2,1,1,1,0,0,2,2
97,2163.095,8028.746,358.656,-129.285,-0.631224,0.773930,0.050886,-0.772986,-0.633123,0.040586,0.063628,-0.013715,0.997879,0,0.72000,-0.25219,43.200,-0.504,950.000,400.000,-1,400.000,-1,325.000,325.000,300.000,300.000,-1,850.000,750.000,750.000,875.000,825.000,-1,-1,1,0,2,0,2,0,0,0,0,2,1,1,1,0,0,2,2
98,2132.781,7992.334,361.623,-129.778,-0.637888,0.768461,0.050658,-0.767504,-0.639763,0.040501,0.063533,-0.013045,0.997894,0,0.78966,-0.24645,47.380,-0.493,925.000,400.000,-1,400.000,-1,325.000,325.000,300.000,300.000,-1,925.000,800.000,800.000,875.000,825.000,-1,-1,1,0,2,0,2,0,0,0,0,2,1,1,1,1,0,2,2
99,2102.015,7956.002,364.543,-130.258,-0.644335,0.763076,0.050470,-0.762125,-0.646185,0.040120,0.063227,-0.012614,0.997919,0,0.79348,-0.24011,47.609,-0.480,900.000,425.000,-1,400.000,-1,325.000,325.000,300.000,300.000,-1,975.000,875.000,850.000,850.000,850.000,975.000,-1,1,0,2,0,2,0,0,0,0,2,1,1,1,1,0,1,2
100,2070.799,7919.743,367.348,-130.726,-0.650564,0.757779,0.050379,-0.756876,-0.652388,0.039091,0.062489,-0.012700,0.997965,0,0.79741,-0.23371,47.845,-0.467,850.000,425.000,-1,400.000,-1,325.000,325.000,300.000,300.000,-1,-1,925.000,900.000,825.000,850.000,950.000,-1,1,0,2,0,2,0,0,0,0,2,2,1,1,1,0,1,2
101,2039.136,7883.550,370.142,-131.180,-0.656581,0.752579,0.050272,-0.751731,-0.658377,0.037951,0.061659,-0.012874,0.998014,0,0.80146,-0.22723,48.088,-0.454,825.000,425.000,-1,400.000,-1,325.000,325.000,300.000,300.000,-1,-1,975.000,950.000,800.000,850.000,900.000,-1,1,0,2,0,2,0,0,0,0,2,2,1,1,1,0,1,2
102,2007.030,7847.416,372.891,-131.622,-0.662398,0.747483,0.049985,-0.746695,-0.664153,0.036707,0.060635,-0.013008,0.998075,0,0.80563,-0.22069,48.338,-0.441,775.000,425.000,-1,400.000,-1,325.000,325.000,300.000,300.000,-1,-1,-1,-1,775.000,850.000,875.000,-1,1,0,2,0,2,0,0,0,0,2,2,2,2,1,0,1,2
103,1971.596,7807.818,375.881,-131.823,-0.665058,0.745139,0.049659,-0.744429,-0.666772,0.035216,0.059352,-0.013547,0.998145,0,0.88563,-0.10069,53.138,-0.201,725.000,425.000,-1,400.000,-1,325.000,325.000,300.000,300.000,-1,-1,-1,-1,750.000,850.000,825.000,-1,1,0,2,0,2,0,0,0,0,2,2,2,2,1,0,1,2
104,1934.977,7767.062,378.943,-131.940,-0.666618,0.743766,0.049321,-0.743151,-0.668286,0.033479,0.057861,-0.014335,0.998222,0,0.91319,-0.05854,54.791,-0.117,700.000,425.000,-1,400.000,-1,325.000,325.000,300.000,300.000,-1,-1,-1,-1,725.000,850.000,775.000,-1,1,0,2,0,2,0,0,0,0,2,2,2,2,1,0,1,2
105,1897.214,7725.286,382.037,-132.112,-0.668885,0.741753,0.048934,-0.741232,-0.670502,0.031641,0.056280,-0.015107,0.998301,0,0.93856,-0.08579,56.313,-0.172,650.000,425.000,-1,400.000,-1,325.000,325.000,300.000,300.000,-1,-1,-1,-1,700.000,875.000,725.000,-1,1,0,2,0,2,0,0,0,0,2,2,2,2,1,0,1,2
106,1860.576,7684.656,385.039,-132.043,-0.668057,0.742545,0.048232,-0.742114,-0.669609,0.029866,0.054473,-0.015841,0.998390,0,0.91184,0.03421,54.710,0.068,600.000,425.000,-1,400.000,-1,325.000,325.000,300.000,300.000,-1,-1,-1,-1,675.000,875.000,675.000,-1,1,0,2,0,2,0,0,0,0,2,2,2,2,1,0,1,2
107,1823.991,7643.645,388.030,-131.735,-0.664118,0.746130,0.047305,-0.745786,-0.665593,0.028090,0.052445,-0.016624,0.998485,0,0.91597,0.15421,54.958,0.308,550.000,425.000,-1,400.000,-1,325.000,325.000,300.000,300.000,-1,-1,-1,-1,650.000,875.000,625.000,-1,1,0,2,0,2,0,0,0,0,2,2,2,2,1,0,1,2
108,1787.638,7602.099,390.851,-131.186,-0.657037,0.752458,0.045921,-0.752195,-0.658414,0.026325,0.050043,-0.017245,0.998598,0,0.92009,0.27421,55.205,0.548,500.000,425.000,-1,400.000,-1,325.000,325.000,300.000,300.000,-1,-1,-1,-1,625.000,850.000,575.000,-1,1,0,2,0,2,0,0,0,0,2,2,2,2,1,0,1,2
109,1751.698,7559.867,393.506,-130.398,-0.646731,0.761441,0.044127,-0.761251,-0.647992,0.024553,0.047289,-0.017713,0.998724,0,0.92425,0.39421,55.455,0.788,450.000,425.000,-1,400.000,-1,325.000,325.000,300.000,300.000,-1,-1,-1,-1,575.000,850.000,525.000,-1,1,0,2,0,2,0,0,0,0,2,2,2,2,1,0,1,2
110,1716.272,7516.872,396.088,-129.488,-0.634654,0.771634,0.042369,-0.771515,-0.635804,0.022743,0.044488,-0.018254,0.998843,0,0.92851,0.45526,55.710,0.911,400.000,400.000,-1,400.000,-1,325.000,325.000,300.000,300.000,-1,-1,-1,-1,550.000,850.000,475.000,-1,1,1,2,0,2,0,0,0,0,2,2,2,2,1,0,1,2
111,1681.382,7473.115,398.599,-128.567,-0.622282,0.781737,0.040649,-0.781683,-0.623326,0.020898,0.041674,-0.018770,0.998955,0,0.93275,0.46005,55.965,0.920,375.000,375.000,-1,400.000,-1,325.000,325.000,300.000,300.000,-1,-1,-1,-1,525.000,825.000,400.000,-1,1,1,2,0,2,0,0,0,0,2,2,2,2,1,0,1,2
112,1647.058,7428.603,400.930,-127.637,-0.609580,0.791739,0.039515,-0.791755,-0.610542,0.019027,0.039190,-0.019688,0.999038,0,0.93682,0.46508,56.209,0.930,325.000,350.000,-1,400.000,-1,325.000,325.000,300.000,300.000,-1,-1,-1,-1,500.000,825.000,350.000,-1,1,1,2,0,2,0,0,0,0,2,2,2,2,1,0,1,2
113,1613.330,7383.348,403.102,-126.697,-0.596555,0.801641,0.038649,-0.801720,-0.597449,0.017325,0.036979,-0.020650,0.999103,0,0.94069,0.47038,56.442,0.941,275.000,325.000,-1,400.000,-1,325.000,325.000,300.000,300.000,-1,-1,-1,-1,475.000,825.000,300.000,-1,1,1,2,0,2,1,0,0,0,2,2,2,2,1,0,1,2
114,1580.231,7337.361,405.203,-125.745,-0.583208,0.811442,0.037812,-0.811575,-0.584037,0.015739,0.034855,-0.021508,0.999161,0,0.94433,0.47600,56.660,0.952,225.000,300.000,-1,400.000,-1,300.000,325.000,300.000,300.000,-1,-1,-1,-1,450.000,825.000,250.000,-1,1,1,2,0,2,1,1,0,0,2,2,2,2,1,0,1,2
115,1547.794,7290.658,408.846,-124.781,-0.569531,0.821242,0.034599,-0.821088,-0.570365,0.022317,0.038062,-0.015699,0.999152,0,0.94769,0.48198,56.861,0.964,200.000,300.000,-1,425.000,-1,300.000,325.000,300.000,300.000,-1,-1,-1,-1,450.000,850.000,225.000,-1,1,1,2,0,2,1,1,0,0,2,2,2,2,1,0,1,2
116,1516.058,7243.258,414.843,-123.804,-0.555681,0.830947,0.027298,-0.829934,-0.556351,0.041024,0.049276,0.000140,0.998785,0,0.95071,0.48836,57.043,0.977,200.000,300.000,-1,450.000,-1,300.000,350.000,350.000,275.000,-1,-1,-1,-1,475.000,925.000,225.000,-1,1,1,2,0,2,1,1,1,0,2,2,2,2,1,0,1,2
117,1485.063,7195.182,420.466,-122.813,-0.541685,0.840347,0.019847,-0.838471,-0.541846,0.058042,0.059530,0.014799,0.998117,0,0.95333,0.49519,57.200,0.990,200.000,325.000,-1,475.000,-1,325.000,375.000,350.000,275.000,-1,-1,-1,-1,525.000,1000.000,225.000,-1,1,1,2,0,2,1,1,1,0,2,2,2,2,1,0,1,2
118,1454.851,7146.458,425.723,-121.808,-0.527486,0.849475,0.012290,-0.846769,-0.526868,0.073436,0.068857,0.028330,0.997224,0,0.95549,0.50254,57.329,1.005,200.000,350.000,-1,500.000,-1,325.000,400.000,325.000,275.000,-1,-1,275.000,-1,600.000,-1,225.000,-1,1,1,2,0,2,1,1,1,0,2,2,0,2,1,2,1,2
119,1425.464,7097.119,430.425,-120.787,-0.513078,0.858331,0.004334,-0.854802,-0.511413,0.088151,0.077879,0.041524,0.996098,0,0.95709,0.51046,57.425,1.021,200.000,350.000,-1,525.000,-1,350.000,450.000,325.000,250.000,-1,425.000,150.000,775.000,-1,-1,250.000,-1,1,1,2,0,2,1,1,1,0,2,0,0,0,2,2,1,2
120,1396.950,7047.206,434.773,-119.749,-0.498383,0.866949,-0.003698,-0.862669,-0.495490,0.101448,0.086118,0.053750,0.994834,0,0.95804,0.51903,57.483,1.038,175.000,375.000,-1,550.000,-1,375.000,475.000,300.000,250.000,-1,300.000,100.000,625.000,-1,-1,250.000,-1,1,1,2,0,2,1,0,1,0,2,0,0,0,2,2,1,2
121,1369.356,6996.765,438.822,-118.693,-0.483338,0.875356,-0.011655,-0.870412,-0.479099,0.113347,0.093635,0.064929,0.993487,0,0.95824,0.52832,57.494,1.057,175.000,400.000,-1,575.000,-1,425.000,500.000,275.000,250.000,-1,275.000,75.000,500.000,-1,-1,275.000,-1,1,1,2,0,2,1,0,1,0,2,0,0,0,2,2,1,2
122,1342.737,6945.850,442.287,-117.616,-0.467977,0.883492,-0.020958,-0.878110,-0.462192,0.123699,0.099600,0.076292,0.992098,0,0.95754,0.53839,57.453,1.077,175.000,425.000,-1,600.000,-1,475.000,525.000,275.000,250.000,-1,250.000,75.000,425.000,-1,-1,300.000,-1,1,1,2,0,2,1,0,1,0,2,0,0,0,2,2,1,2
123,1317.144,6894.527,445.633,-116.517,-0.452126,0.891466,-0.029500,-0.885705,-0.444805,0.132952,0.105400,0.086240,0.990683,0,0.95583,0.54933,57.350,1.099,175.000,500.000,-1,625.000,-1,550.000,550.000,250.000,250.000,-1,250.000,50.000,350.000,-1,-1,325.000,-1,1,1,2,0,2,1,0,1,0,2,0,0,0,2,2,1,2
124,-6232.048,2295.380,311.219,120.767,-0.467106,-0.812767,0.348168,0.874078,-0.483868,0.043127,0.133415,0.324471,0.936440,1,0.00000,0.00000,57.176,1.122,50.000,-1,-1,850.000,-1,-1,1000.000,100.000,175.000,-1,475.000,175.000,100.000,-1,-1,-1,-1,1,2,2,0,2,2,0,1,0,2,0,0,0,2,2,2,2
125,8197.090,-6882.954,315.498,115.446,-0.429672,-0.902985,0.000205,0.902950,-0.429653,0.008880,-0.007931,0.004001,0.999961,1,0.08000,-0.12000,4.800,-0.240,-1,375.000,-1,400.000,-1,325.000,325.000,300.000,300.000,-1,-1,-1,-1,725.000,825.000,-1,-1,2,0,2,0,2,0,0,0,0,2,2,2,2,0,0,2,2
126,8193.038,-6874.251,315.429,114.966,-0.422093,-0.906552,0.000331,0.906516,-0.422073,0.009072,-0.008085,0.004130,0.999959,0,0.16000,-0.24000,9.600,-0.480,-1,375.000,-1,400.000,-1,325.000,325.000,300.000,300.000,-1,-1,-1,-1,725.000,825.000,-1,-1,2,0,2,0,2,0,0,0,0,2,2,2,2,0,0,2,2
127,8187.092,-6861.136,315.326,114.387,-0.412918,-0.910768,0.000518,0.910730,-0.412896,0.009362,-0.008313,0.004338,0.999956,0,0.24000,-0.28932,14.400,-0.579,-1,375.000,-1,400.000,-1,325.000,325.000,300.000,300.000,-1,-1,-1,-1,725.000,825.000,-1,-1,2,0,2,0,2,0,0,0,0,2,2,2,2,0,0,2,2
128,8179.342,-6843.569,315.189,113.808,-0.403702,-0.914890,0.000765,0.914850,-0.403676,0.009752,-0.008613,0.004637,0.999952,0,0.32000,-0.28932,19.200,-0.579,-1,375.000,-1,400.000,-1,325.000,325.000,300.000,300.000,-1,-1,-1,-1,725.000,825.000,-1,-1,2,0,2,0,2,0,0,0,0,2,2,2,2,0,0,2,2
129,8169.876,-6821.515,315.019,113.230,-0.394446,-0.918919,0.001076,0.918875,-0.394415,0.010237,-0.008983,0.005026,0.999947,0,0.40000,-0.28932,24.000,-0.579,-1,375.000,-1,400.000,-1,325.000,325.000,300.000,300.000,-1,-1,-1,-1,725.000,825.000,-1,-1,2,0,2,0,2,0,0,0,0,2,2,2,2,0,0,2,2
130,8158.784,-6794.937,314.815,112.651,-0.385151,-0.922853,0.001454,0.922806,-0.385114,0.010817,-0.009422,0.005508,0.999940,0,0.48000,-0.28932,28.800,-0.579,-1,375.000,-1,400.000,-1,325.000,325.000,300.000,300.000,-1,-1,-1,-1,725.000,825.000,-1,-1,2,0,2,0,2,0,0,0,0,2,2,2,2,0,0,2,2
131,8146.158,-6763.799,314.580,112.073,-0.375817,-0.926692,0.001906,0.926641,-0.375773,0.011486,-0.009928,0.006083,0.999932,0,0.56000,-0.28932,33.600,-0.579,-1,375.000,-1,400.000,-1,325.000,325.000,300.000,300.000,-1,-1,-1,-1,725.000,825.000,-1,-1,2,0,2,0,2,0,0,0,0,2,2,2,2,0,0,2,2
