timestep,x_cm,y_cm,z_cm,yaw_deg,basis_xx,basis_xy,basis_xz,basis_yx,basis_yy,basis_yz,basis_zx,basis_zy,basis_zz,teleport_flag,throttle_cmd,steering_cmd,cmd_move_cm,cmd_turn_deg,lidar_cm_0,lidar_cm_1,lidar_cm_2,lidar_cm_3,lidar_cm_4,lidar_cm_5,lidar_cm_6,lidar_cm_7,lidar_cm_8,lidar_cm_9,lidar_cm_10,lidar_cm_11,lidar_cm_12,lidar_cm_13,lidar_cm_14,lidar_cm_15,lidar_cm_16,lidar_class_0,lidar_class_1,lidar_class_2,lidar_class_3,lidar_class_4,lidar_class_5,lidar_class_6,lidar_class_7,lidar_class_8,lidar_class_9,lidar_class_10,lidar_class_11,lidar_class_12,lidar_class_13,lidar_class_14,lidar_class_15,lidar_class_16
0,-5578.898,-6228.041,333.148,135.894,-0.715338,-0.694302,0.078972,0.697479,-0.716323,0.020123,0.042598,0.069476,0.996674,1,0.08000,0.12000,4.800,0.240,-1,400.000,-1,425.000,-1,325.000,325.000,325.000,325.000,-1,-1,-1,-1,-1,900.000,-1,-1,2,0,2,0,2,0,0,0,0,2,2,2,2,2,0,2,2
1,-5585.830,-6221.399,333.554,136.224,-0.719352,-0.690179,0.078646,0.693343,-0.720317,0.020468,0.042524,0.069253,0.996692,0,0.16000,0.16483,9.600,0.330,-1,400.000,-1,425.000,-1,325.000,325.000,325.000,325.000,-1,-1,-1,-1,-1,900.000,-1,-1,2,0,2,0,2,0,0,0,0,2,2,2,2,2,0,2,2
2,-5596.284,-6211.496,334.167,136.554,-0.723361,-0.686034,0.078139,0.689179,-0.724288,0.020975,0.042206,0.069025,0.996722,0,0.24000,0.16483,14.400,0.330,-1,400.000,-1,425.000,-1,325.000,325.000,325.000,325.000,-1,-1,-1,-1,-1,900.000,-1,-1,2,0,2,0,2,0,0,0,0,2,2,2,2,2,0,2,2
3,-5610.299,-6198.373,334.992,136.883,-0.727365,-0.681867,0.077444,0.684986,-0.728235,0.021643,0.041640,0.068790,0.996762,0,0.32000,0.16483,19.200,0.330,-1,400.000,-1,400.000,-1,325.000,325.000,325.000,325.000,-1,-1,-1,-1,-1,900.000,-1,-1,2,0,2,0,2,0,0,0,0,2,2,2,2,2,0,2,2
4,-5627.912,-6182.071,335.944,137.213,-0.731336,-0.677663,0.076944,0.680779,-0.732143,0.022507,0.041082,0.068842,0.996781,0,0.40000,0.16483,24.000,0.330,-1,400.000,-1,400.000,-1,325.000,325.000,325.000,325.000,-1,-1,-1,-1,-1,900.000,-1,-1,2,0,2,0,2,0,0,0,0,2,2,2,2,2,0,2,2
5,-5649.160,-6162.630,336.968,137.543,-0.735268,-0.673439,0.076557,0.676552,-0.736030,0.023194,0.040728,0.068848,0.996795,0,0.48000,0.16483,28.800,0.330,-1,425.000,-1,400.000,-1,325.000,325.000,325.000,325.000,-1,-1,-1,-1,-1,900.000,-1,-1,2,0,2,0,2,0,0,0,0,2,2,2,2,2,0,2,2
6,-5674.079,-6140.092,338.178,137.872,-0.739186,-0.669192,0.076072,0.672299,-0.739891,0.023983,0.040236,0.068871,0.996814,0,0.56000,0.16483,33.600,0.330,-1,425.000,-1,400.000,-1,325.000,325.000,325.000,325.000,-1,-1,-1,-1,-1,900.000,-1,-1,2,0,2,0,2,0,0,0,0,2,2,2,2,2,0,2,2
7,-5702.706,-6114.498,339.580,138.202,-0.743089,-0.664922,0.075486,0.668020,-0.743727,0.024875,0.039601,0.068911,0.996837,0,0.64000,0.16483,38.400,0.330,-1,425.000,-1,400.000,-1,325.000,325.000,325.000,325.000,-1,-1,-1,-1,-1,925.000,-1,-1,2,0,2,0,2,0,0,0,0,2,2,2,2,2,0,2,2
8,-5734.720,-6086.206,341.160,138.532,-0.746977,-0.660629,0.074800,0.663715,-0.747538,0.025863,0.038830,0.068965,0.996863,0,0.71207,0.16483,42.724,0.330,-1,425.000,-1,400.000,-1,325.000,325.000,325.000,300.000,-1,-1,-1,-1,-1,950.000,-1,-1,2,0,2,0,2,0,0,0,0,2,2,2,2,2,0,2,2
9,-5766.896,-6058.099,342.762,138.861,-0.750841,-0.656315,0.074088,0.659387,-0.751324,0.026853,0.038040,0.069015,0.996890,0,0.71207,0.16483,42.724,0.330,-1,450.000,-1,400.000,-1,325.000,325.000,325.000,300.000,-1,-1,-1,-1,-1,975.000,-1,-1,2,0,2,0,2,0,0,0,0,2,2,2,2,2,0,2,2
10,-5799.233,-6030.177,344.385,139.191,-0.754681,-0.651979,0.073350,0.655035,-0.755086,0.027844,0.037232,0.069060,0.996918,0,0.71207,0.16483,42.724,0.330,-1,450.000,-1,400.000,-1,350.000,325.000,325.000,300.000,-1,-1,-1,-1,-1,1000.000,-1,-1,2,0,2,0,2,0,0,0,0,2,2,2,2,2,0,2,2
11,-5831.730,-6002.440,345.703,139.521,-0.758604,-0.647681,0.070911,0.650592,-0.758892,0.028515,0.035345,0.067766,0.997075,0,0.71207,0.16483,42.724,0.330,-1,450.000,-1,400.000,-1,350.000,325.000,300.000,300.000,-1,-1,-1,-1,-1,1000.000,-1,-1,2,0,2,0,2,0,0,0,0,2,2,2,2,2,0,2,2
12,-5864.385,-5974.891,346.897,139.850,-0.762542,-0.643386,0.067707,0.646098,-0.762703,0.029021,0.032969,0.065875,0.997283,0,0.71207,0.16483,42.724,0.330,-1,450.000,-1,400.000,-1,350.000,325.000,300.000,300.000,-1,-1,-1,-1,-1,-1,-1,-1,2,0,2,0,2,0,0,0,0,2,2,2,2,2,2,2,2
13,-5897.198,-5947.530,347.988,140.180,-0.766461,-0.639049,0.064456,0.641581,-0.766467,0.030050,0.030200,0.064386,0.997468,0,0.71207,0.16483,42.724,0.330,-1,450.000,-1,425.000,-1,350.000,325.000,300.000,300.000,-1,-1,-1,-1,-1,-1,-1,-1,2,0,2,0,2,0,0,0,0,2,2,2,2,2,2,2,2
14,-5930.169,-5920.359,349.080,140.510,-0.770346,-0.634688,0.061142,0.637039,-0.770203,0.031108,0.027347,0.062914,0.997644,0,0.71207,0.16483,42.724,0.330,-1,450.000,-1,425.000,-1,350.000,325.000,300.000,300.000,-1,-1,-1,-1,-1,-1,-1,-1,2,0,2,0,2,0,0,0,0,2,2,2,2,2,2,2,2
15,-5963.295,-5893.377,350.185,140.839,-0.774196,-0.630305,0.057764,0.632474,-0.773915,0.032135,0.024450,0.061413,0.997813,0,0.71207,0.16483,42.724,0.330,-1,450.000,-1,425.000,-1,350.000,350.000,300.000,325.000,-1,-1,-1,-1,-1,-1,-1,-1,2,0,2,0,2,0,0,0,0,2,2,2,2,2,2,2,2
16,-5996.576,-5866.587,351.196,141.169,-0.777987,-0.625885,0.054810,0.627902,-0.777583,0.033236,0.021817,0.060272,0.997944,0,0.71207,0.16483,42.724,0.330,-1,450.000,-1,425.000,-1,350.000,350.000,300.000,325.000,-1,-1,-1,-1,-1,-1,-1,-1,2,0,2,0,2,0,0,0,0,2,2,2,2,2,2,2,2
17,-6030.011,-5839.990,352.131,141.499,-0.781727,-0.621432,0.052204,0.623319,-0.781210,0.034402,0.019404,0.059433,0.998044,0,0.71207,0.16483,42.724,0.330,-1,450.000,-1,425.000,-1,350.000,350.000,300.000,325.000,-1,-1,-1,-1,-1,-1,-1,-1,2,0,2,0,2,0,0,0,0,2,2,2,2,2,2,2,2
18,-6063.598,-5813.584,353.010,141.828,-0.785427,-0.616968,0.049554,0.618716,-0.784825,0.035209,0.017168,0.058314,0.998151,0,0.71207,0.16483,42.724,0.330,-1,450.000,-1,425.000,-1,350.000,350.000,300.000,325.000,-1,-1,-1,-1,-1,-1,-1,-1,2,0,2,0,2,0,0,0,0,2,2,2,2,2,2,2,2
19,-6097.337,-5787.372,353.736,142.158,-0.789076,-0.612505,0.046872,0.614102,-0.788443,0.035156,0.015423,0.056525,0.998282,0,0.71207,0.16483,42.724,0.330,-1,450.000,-1,425.000,-1,350.000,350.000,300.000,325.000,-1,-1,-1,-1,-1,-1,-1,-1,2,0,2,0,2,0,0,0,0,2,2,2,2,2,2,2,2
20,-6131.291,-5761.302,354.322,142.484,-0.792670,-0.608052,0.044135,0.609508,-0.791972,0.035779,0.013198,0.055262,0.998385,0,0.71347,0.16302,42.808,0.326,-1,450.000,-1,425.000,-1,350.000,350.000,300.000,325.000,-1,-1,-1,-1,-1,-1,-1,-1,2,0,2,0,2,0,0,0,0,2,2,2,2,2,2,2,2
21,-6169.337,-5732.684,354.427,143.050,-0.798816,-0.600179,0.040963,0.601504,-0.797915,0.039045,0.009251,0.055829,0.998397,0,0.79347,0.28302,47.608,0.566,-1,450.000,-1,425.000,-1,350.000,350.000,300.000,325.000,-1,-1,-1,-1,-1,-1,-1,-1,2,0,2,0,2,0,0,0,0,2,2,2,2,2,2,2,2
22,-6211.658,-5701.773,354.549,143.856,-0.807362,-0.588875,0.037325,0.590036,-0.806252,0.042611,0.005001,0.056425,0.998394,0,0.87347,0.40302,52.408,0.806,-1,450.000,-1,425.000,-1,350.000,350.000,300.000,300.000,-1,-1,-1,-1,-1,1000.000,-1,-1,2,0,2,0,2,0,0,0,0,2,2,2,2,2,0,2,2
23,-6254.783,-5671.466,354.688,144.902,-0.818143,-0.574040,0.033469,0.575014,-0.816842,0.046124,0.000862,0.056981,0.998375,0,0.87849,0.52302,52.709,1.046,-1,450.000,-1,425.000,-1,350.000,350.000,325.000,300.000,-1,-1,-1,-1,-1,1000.000,-1,-1,2,0,2,0,2,0,0,0,0,2,2,2,2,2,0,2,2
24,-6298.667,-5642.075,354.860,146.188,-0.830967,-0.555547,0.029365,0.556313,-0.829496,0.049518,-0.003152,0.057484,0.998341,0,0.88030,0.64302,52.818,1.286,-1,450.000,-1,425.000,-1,350.000,350.000,325.000,300.000,-1,-1,-1,-1,-1,1000.000,-1,-1,2,0,2,0,2,0,0,0,0,2,2,2,2,2,0,2,2
25,-6343.343,-5613.754,355.083,147.629,-0.844799,-0.534499,0.024995,0.535036,-0.843181,0.052745,-0.007117,0.057933,0.998295,0,0.88161,0.72042,52.897,1.441,-1,450.000,-1,425.000,-1,350.000,325.000,325.000,300.000,-1,-1,-1,-1,-1,1000.000,-1,-1,2,0,2,0,2,0,0,0,0,2,2,2,2,2,0,2,2
26,-6388.754,-5586.534,354.885,149.060,-0.857957,-0.513278,0.021358,0.513631,-0.856281,0.054458,-0.009663,0.057692,0.998288,0,0.88240,0.71569,52.944,1.431,-1,450.000,-1,425.000,-1,350.000,325.000,325.000,275.000,-1,-1,-1,-1,-1,1000.000,-1,-1,2,0,2,0,2,0,0,0,0,2,2,2,2,2,0,2,2
27,-6434.842,-5560.438,354.525,150.482,-0.870468,-0.491904,0.017792,0.492089,-0.868809,0.054943,-0.011569,0.056582,0.998331,0,0.88273,0.71092,52.964,1.422,-1,450.000,-1,425.000,-1,350.000,350.000,325.000,275.000,-1,-1,-1,-1,-1,-1,-1,-1,2,0,2,0,2,0,0,0,0,2,2,2,2,2,2,2,2
28,-6481.554,-5535.489,354.126,151.895,-0.882357,-0.470382,0.013703,0.470379,-0.880748,0.055008,-0.013806,0.054982,0.998392,0,0.88262,0.70618,52.957,1.412,-1,450.000,-1,425.000,-1,350.000,350.000,325.000,275.000,-1,-1,-1,-1,-1,-1,-1,-1,2,0,2,0,2,0,0,0,0,2,2,2,2,2,2,2,2
29,-6528.833,-5511.705,353.362,153.298,-0.893622,-0.448757,0.007570,0.448482,-0.892165,0.053904,-0.017436,0.051565,0.998517,0,0.88208,0.70152,52.925,1.403,-1,450.000,-1,425.000,-1,350.000,350.000,300.000,300.000,-1,-1,-1,-1,-1,-1,-1,-1,2,0,2,0,2,0,0,0,0,2,2,2,2,2,2,2,2
30,-6576.628,-5489.104,352.647,154.694,-0.904273,-0.426953,0.001417,0.426433,-0.902998,0.052428,-0.021105,0.048013,0.998624,0,0.88116,0.69838,52.870,1.397,-1,450.000,-1,425.000,-1,350.000,350.000,300.000,300.000,-1,-1,-1,-1,-1,-1,-1,-1,2,0,2,0,2,0,0,0,0,2,2,2,2,2,2,2,2
31,-6624.888,-5467.702,351.952,156.087,-0.914325,-0.404955,-0.004605,0.404226,-0.913256,0.050645,-0.024714,0.044444,0.998706,0,0.87989,0.69607,52.793,1.392,-1,450.000,-1,450.000,-1,350.000,350.000,300.000,300.000,-1,-1,-1,-1,-1,-1,-1,-1,2,0,2,0,2,0,0,0,0,2,2,2,2,2,2,2,2
32,-6673.568,-5447.513,350.415,157.475,-0.923839,-0.382717,-0.007026,0.381911,-0.922820,0.050462,-0.025796,0.043935,0.998701,0,0.87833,0.69419,52.700,1.388,-1,450.000,-1,450.000,-1,350.000,350.000,300.000,300.000,-1,-1,-1,-1,1000.000,-1,-1,-1,2,0,2,0,2,0,0,0,0,2,2,2,2,0,2,2,2
33,-6722.620,-5428.547,348.234,158.860,-0.932792,-0.360264,-0.010477,0.359258,-0.931730,0.053031,-0.028867,0.045702,0.998538,0,0.87652,0.69274,52.591,1.385,-1,450.000,-1,450.000,-1,350.000,350.000,300.000,300.000,-1,-1,-1,-1,975.000,-1,-1,-1,2,0,2,0,2,0,0,0,0,2,2,2,2,0,2,2,2
34,-6772.004,-5410.811,346.000,160.244,-0.941172,-0.337630,-0.014163,0.336392,-0.940064,0.055862,-0.032175,0.047811,0.998338,0,0.87453,0.69173,52.472,1.383,-1,425.000,-1,450.000,-1,350.000,350.000,300.000,300.000,-1,-1,-1,-1,950.000,975.000,-1,-1,2,0,2,0,2,0,0,0,0,2,2,2,2,0,0,2,2
35,-6821.681,-5394.312,343.813,161.626,-0.948981,-0.314822,-0.017945,0.313336,-0.947838,0.058508,-0.035428,0.049900,0.998126,0,0.87242,0.69116,52.345,1.382,-1,425.000,-1,425.000,-1,350.000,350.000,300.000,300.000,-1,-1,-1,-1,925.000,950.000,-1,-1,2,0,2,0,2,0,0,0,0,2,2,2,2,0,0,2,2
36,-6871.617,-5379.053,341.676,163.008,-0.956219,-0.291838,-0.021811,0.290093,-0.955055,0.060964,-0.038622,0.051968,0.997902,0,0.87026,0.69103,52.216,1.382,-1,425.000,-1,425.000,-1,350.000,350.000,300.000,300.000,-1,-1,-1,-1,900.000,925.000,-1,-1,2,0,2,0,2,0,0,0,0,2,2,2,2,0,0,2,2
37,-6921.783,-5365.039,339.593,164.391,-0.962886,-0.268679,-0.025750,0.266662,-0.961714,0.063223,-0.041751,0.054010,0.997667,0,0.86810,0.69134,52.086,1.383,-1,425.000,-1,425.000,-1,350.000,350.000,300.000,275.000,-1,-1,-1,-1,875.000,900.000,-1,-1,2,0,2,0,2,0,0,0,0,2,2,2,2,0,0,2,2
38,-6972.151,-5352.271,337.567,165.775,-0.968980,-0.245342,-0.029750,0.243044,-0.967816,0.065281,-0.044809,0.056025,0.997423,0,0.86603,0.69208,51.962,1.384,-1,425.000,-1,425.000,-1,325.000,325.000,300.000,275.000,-1,-1,-1,-1,850.000,900.000,-1,-1,2,0,2,0,2,0,0,0,0,2,2,2,2,0,0,2,2
39,-7022.701,-5340.752,335.603,167.162,-0.974500,-0.221828,-0.033802,0.219239,-0.973359,0.067133,-0.047793,0.058010,0.997171,0,0.86409,0.69325,51.845,1.386,-1,400.000,-1,425.000,-1,325.000,325.000,300.000,275.000,-1,-1,-1,-1,825.000,875.000,-1,-1,2,0,2,0,2,0,0,0,0,2,2,2,2,0,0,2,2
40,-7070.328,-5330.897,333.804,168.308,-0.978603,-0.202287,-0.037640,0.199417,-0.977503,0.068705,-0.050691,0.059729,0.996927,0,0.81061,0.57325,48.637,1.146,-1,400.000,-1,425.000,-1,325.000,325.000,300.000,300.000,-1,-1,-1,-1,800.000,850.000,-1,-1,2,0,2,0,2,0,0,0,0,2,2,2,2,0,0,2,2
41,-7118.028,-5321.811,332.043,169.215,-0.981525,-0.186780,-0.041486,0.183617,-0.980491,0.070162,-0.053782,0.061248,0.996673,0,0.80929,0.45325,48.557,0.906,-1,400.000,-1,400.000,-1,325.000,325.000,325.000,300.000,-1,-1,-1,-1,800.000,825.000,-1,-1,2,0,2,0,2,0,0,0,0,2,2,2,2,0,0,2,2
42,-7165.775,-5313.289,330.180,169.881,-0.983475,-0.175353,-0.045027,0.171937,-0.982547,0.070993,-0.056690,0.062078,0.996460,0,0.80835,0.33325,48.501,0.666,-1,400.000,-1,400.000,-1,325.000,325.000,325.000,300.000,-1,-1,-1,-1,775.000,825.000,-1,-1,2,0,2,0,2,0,0,0,0,2,2,2,2,0,0,2,2
43,-7213.550,-5305.129,327.912,170.308,-0.984627,-0.168045,-0.047655,0.164532,-0.983887,0.069975,-0.058646,0.061058,0.996410,0,0.80778,0.21325,48.467,0.426,-1,400.000,-1,400.000,-1,325.000,325.000,325.000,300.000,-1,-1,-1,-1,750.000,800.000,-1,-1,2,0,2,0,2,0,0,0,0,2,2,2,2,0,0,2,2
44,-7261.337,-5297.126,325.380,170.494,-0.985081,-0.164846,-0.049404,0.161248,-0.984453,0.069645,-0.060116,0.060640,0.996348,0,0.80755,0.09325,48.453,0.186,-1,400.000,-1,400.000,-1,325.000,325.000,300.000,300.000,-1,-1,-1,-1,750.000,800.000,-1,-1,2,0,2,0,2,0,0,0,0,2,2,2,2,0,0,2,2
45,-7309.123,-5289.079,322.407,170.441,-0.984910,-0.165757,-0.049764,0.162078,-0.984249,0.070598,-0.060682,0.061467,0.996263,0,0.80764,-0.02675,48.458,-0.054,-1,400.000,-1,400.000,-1,325.000,325.000,300.000,300.000,-1,-1,-1,-1,750.000,800.000,-1,-1,2,0,2,0,2,0,0,0,0,2,2,2,2,0,0,2,2
46,-7356.889,-5280.783,319.397,170.147,-0.984032,-0.170791,-0.050118,0.167030,-0.983354,0.071530,-0.061501,0.062017,0.996179,0,0.80801,-0.14675,48.481,-0.294,-1,400.000,-1,400.000,-1,325.000,325.000,300.000,300.000,-1,-1,-1,-1,725.000,775.000,-1,-1,2,0,2,0,2,0,0,0,0,2,2,2,2,0,0,2,2
47,-7404.612,-5272.036,316.338,169.614,-0.982383,-0.179937,-0.050470,0.176090,-0.981704,0.072447,-0.062583,0.062284,0.996094,0,0.80863,-0.26675,48.518,-0.534,-1,400.000,-1,400.000,-1,325.000,325.000,300.000,300.000,-1,-1,-1,-1,725.000,775.000,-1,-1,2,0,2,0,2,0,0,0,0,2,2,2,2,0,0,2,2
48,-7452.279,-5262.729,313.225,168.952,-0.980224,-0.191252,-0.050825,0.187317,-0.979556,0.073365,-0.063817,0.062393,0.996009,0,0.80945,-0.33059,48.567,-0.661,-1,400.000,-1,400.000,-1,325.000,325.000,300.000,300.000,-1,-1,-1,-1,725.000,775.000,-1,-1,2,0,2,0,2,0,0,0,0,2,2,2,2,0,0,2,2
49,-7499.893,-5252.867,310.062,168.298,-0.977958,-0.202429,-0.051186,0.198404,-0.977300,0.074294,-0.065063,0.062501,0.995922,0,0.81040,-0.32730,48.624,-0.655,-1,400.000,-1,400.000,-1,325.000,325.000,300.000,300.000,-1,-1,-1,-1,725.000,775.000,-1,-1,2,0,2,0,2,0,0,0,0,2,2,2,2,0,0,2,2
50,-7547.452,-5242.453,306.844,167.650,-0.975590,-0.213466,-0.051546,0.209350,-0.974943,0.075219,-0.066311,0.062592,0.995834,0,0.81143,-0.32394,48.686,-0.648,-1,400.000,-1,400.000,-1,325.000,325.000,300.000,300.000,-1,-1,-1,-1,725.000,750.000,-1,-1,2,0,2,0,2,0,0,0,0,2,2,2,2,0,0,2,2
51,-7594.957,-5231.494,303.544,167.009,-0.973126,-0.224360,-0.051845,0.220165,-0.972496,0.076018,-0.067474,0.062561,0.995758,0,0.81253,-0.32051,48.752,-0.641,-1,375.000,-1,400.000,-1,325.000,325.000,300.000,300.000,-1,-1,-1,-1,700.000,750.000,-1,-1,2,0,2,0,2,0,0,0,0,2,2,2,2,0,0,2,2
52,-7642.406,-5219.992,300.232,166.375,-0.970574,-0.235110,-0.052060,0.230852,-0.969967,0.076630,-0.068513,0.062357,0.995700,0,0.81371,-0.31700,48.823,-0.634,-1,375.000,-1,400.000,-1,325.000,325.000,300.000,300.000,-1,-1,-1,-1,700.000,750.000,-1,-1,2,0,2,0,2,0,0,0,0,2,2,2,2,0,0,2,2
53,-7689.799,-5207.953,296.870,165.748,-0.967933,-0.245711,-0.052272,0.241393,-0.967351,0.077214,-0.069537,0.062120,0.995643,0,0.81497,-0.31342,48.898,-0.627,-1,375.000,-1,400.000,-1,325.000,325.000,300.000,300.000,-1,-1,-1,-1,700.000,750.000,-1,-1,2,0,2,0,2,0,0,0,0,2,2,2,2,0,0,2,2
54,-7732.372,-5196.451,293.789,164.881,-0.964094,-0.260328,-0.052457,0.255956,-0.963561,0.077699,-0.070773,0.061483,0.995596,0,0.73497,-0.43342,44.098,-0.867,-1,375.000,-1,400.000,-1,325.000,325.000,300.000,300.000,-1,-1,-1,-1,700.000,725.000,-1,-1,2,0,2,0,2,0,0,0,0,2,2,2,2,0,0,2,2
55,-7770.335,-5185.437,290.976,163.823,-0.959109,-0.278102,-0.052624,0.273683,-0.958644,0.078094,-0.072166,0.060498,0.995556,0,0.65880,-0.52932,39.528,-1.059,-1,375.000,-1,400.000,-1,325.000,325.000,300.000,300.000,-1,-1,-1,-1,700.000,725.000,-1,-1,2,0,2,0,2,0,0,0,0,2,2,2,2,0,0,2,2
56,-7808.139,-5173.711,288.084,162.769,-0.953820,-0.295710,-0.052755,0.291256,-0.953431,0.078353,-0.073468,0.059370,0.995529,0,0.65969,-0.52701,39.581,-1.054,-1,375.000,-1,400.000,-1,325.000,325.000,300.000,300.000,-1,-1,-1,-1,700.000,725.000,-1,-1,2,0,2,0,2,0,0,0,0,2,2,2,2,0,0,2,2
57,-7845.722,-5161.291,285.318,161.715,-0.948255,-0.313207,-0.052101,0.308730,-0.947856,0.079088,-0.074156,0.058910,0.995505,0,0.65969,-0.52701,39.581,-1.054,-1,375.000,-1,375.000,-1,325.000,325.000,300.000,300.000,-1,-1,-1,-1,700.000,725.000,-1,-1,2,0,2,0,2,0,0,0,0,2,2,2,2,0,0,2,2
58,-7883.070,-5148.183,282.505,160.661,-0.942369,-0.330599,-0.051424,0.326103,-0.941962,0.079776,-0.074813,0.058409,0.995486,0,0.65969,-0.52701,39.581,-1.054,-1,375.000,-1,375.000,-1,325.000,325.000,300.000,300.000,-1,-1,-1,-1,700.000,725.000,-1,-1,2,0,2,0,2,0,0,0,0,2,2,2,2,0,0,2,2
59,-7920.171,-5134.390,279.642,159.606,-0.936164,-0.347882,-0.050735,0.343371,-0.935751,0.080409,-0.075448,0.057855,0.995470,0,0.65969,-0.52701,39.581,-1.054,-1,375.000,-1,375.000,-1,325.000,325.000,300.000,300.000,-1,-1,-1,-1,700.000,725.000,-1,-1,2,0,2,0,2,0,0,0,0,2,2,2,2,0,0,2,2
60,-7957.011,-5119.916,276.720,158.552,-0.929645,-0.365049,-0.050004,0.360527,-0.929225,0.081003,-0.076035,0.057276,0.995459,0,0.65969,-0.52701,39.581,-1.054,-1,375.000,-1,375.000,-1,325.000,325.000,300.000,300.000,-1,-1,-1,-1,700.000,725.000,-1,-1,2,0,2,0,2,0,0,0,0,2,2,2,2,0,0,2,2
61,-7993.579,-5104.767,273.752,157.498,-0.922810,-0.382094,-0.049250,0.377568,-0.922386,0.081521,-0.076577,0.056633,0.995454,0,0.65969,-0.52701,39.581,-1.054,-1,375.000,-1,375.000,-1,325.000,325.000,300.000,300.000,-1,-1,-1,-1,700.000,725.000,-1,-1,2,0,2,0,2,0,0,0,0,2,2,2,2,0,0,2,2
62,-8029.862,-5088.948,270.879,156.444,-0.915666,-0.399025,-0.048317,0.394559,-0.915265,0.081321,-0.076672,0.055399,0.995516,0,0.65969,-0.52701,39.581,-1.054,-1,375.000,-1,375.000,-1,325.000,325.000,300.000,300.000,-1,-1,-1,-1,700.000,725.000,-1,-1,2,0,2,0,2,0,0,0,0,2,2,2,2,0,0,2,2
63,-8065.896,-5072.444,267.946,155.392,-0.908219,-0.415800,-0.047412,0.411395,-0.907843,0.081084,-0.076757,0.054137,0.995579,0,0.66056,-0.52632,39.633,-1.053,-1,375.000,-1,375.000,-1,325.000,325.000,300.000,300.000,-1,-1,-1,-1,725.000,750.000,-1,-1,2,0,2,0,2,0,0,0,0,2,2,2,2,0,0,2,2
64,-8101.796,-5055.200,264.943,154.345,-0.900504,-0.432350,-0.046533,0.428007,-0.900155,0.080809,-0.076825,0.052853,0.995643,0,0.66378,-0.52353,39.827,-1.047,-1,375.000,-1,400.000,-1,325.000,325.000,300.000,300.000,-1,-1,-1,-1,725.000,750.000,-1,-1,2,0,2,0,2,0,0,0,0,2,2,2,2,0,0,2,2
65,-8141.747,-5035.313,261.530,153.538,-0.894366,-0.445009,-0.045567,0.440737,-0.894021,0.080477,-0.076551,0.051893,0.995714,0,0.74378,-0.40353,44.627,-0.807,-1,375.000,-1,400.000,-1,325.000,325.000,300.000,300.000,-1,-1,-1,-1,725.000,750.000,-1,-1,2,0,2,0,2,0,0,0,0,2,2,2,2,0,0,2,2
66,-8181.843,-5014.857,258.046,152.971,-0.889961,-0.453850,-0.044600,0.449651,-0.889602,0.080133,-0.076045,0.051261,0.995786,0,0.75021,-0.28353,45.013,-0.567,-1,375.000,-1,400.000,-1,325.000,325.000,300.000,300.000,-1,-1,-1,-1,725.000,750.000,-1,-1,2,0,2,0,2,0,0,0,0,2,2,2,2,0,0,2,2
67,-8221.980,-4994.090,254.514,152.644,-0.887402,-0.458928,-0.043623,0.454803,-0.887010,0.079796,-0.075314,0.050972,0.995856,0,0.75319,-0.16353,45.192,-0.327,-1,400.000,-1,400.000,-1,325.000,325.000,300.000,300.000,-1,-1,-1,-1,725.000,775.000,-1,-1,2,0,2,0,2,0,0,0,0,2,2,2,2,0,0,2,2
68,-8262.235,-4973.181,250.994,152.552,-0.886706,-0.460346,-0.042830,0.456291,-0.886282,0.079391,-0.074507,0.050853,0.995923,0,0.75603,-0.04572,45.362,-0.091,-1,400.000,-1,400.000,-1,325.000,325.000,300.000,300.000,-1,-1,-1,-1,725.000,775.000,-1,-1,2,0,2,0,2,0,0,0,0,2,2,2,2,0,0,2,2
69,-8302.605,-4952.138,247.451,152.468,-0.886064,-0.461647,-0.042099,0.457660,-0.885614,0.078965,-0.073738,0.050701,0.995988,0,0.75876,-0.04197,45.526,-0.084,-1,400.000,-1,400.000,-1,325.000,325.000,300.000,300.000,-1,-1,-1,-1,725.000,775.000,-1,-1,2,0,2,0,2,0,0,0,0,2,2,2,2,0,0,2,2
70,-8343.084,-4930.969,243.874,152.392,-0.885482,-0.462828,-0.041379,0.458908,-0.885005,0.078542,-0.072972,0.050559,0.996052,0,0.76133,-0.03810,45.680,-0.076,-1,400.000,-1,400.000,-1,325.000,325.000,300.000,300.000,-1,-1,-1,-1,750.000,775.000,-1,-1,2,0,2,0,2,0,0,0,0,2,2,2,2,0,0,2,2
71,-8383.665,-4909.685,240.387,152.324,-0.884962,-0.463873,-0.040788,0.459968,-0.884437,0.078742,-0.072601,0.050923,0.996060,0,0.76373,-0.03412,45.824,-0.068,-1,400.000,-1,400.000,-1,325.000,325.000,300.000,300.000,-1,-1,-1,-1,750.000,775.000,-1,-1,2,0,2,0,2,0,0,0,0,2,2,2,2,0,0,2,2
72,-8424.341,-4888.297,236.937,152.264,-0.884508,-0.464784,-0.040273,0.460865,-0.883920,0.079301,-0.072456,0.051582,0.996037,0,0.76595,-0.03003,45.957,-0.060,-1,400.000,-1,400.000,-1,325.000,325.000,300.000,300.000,-1,-1,-1,-1,750.000,775.000,-1,-1,2,0,2,0,2,0,0,0,0,2,2,2,2,0,0,2,2
73,-8465.106,-4866.815,233.483,152.212,-0.884126,-0.465562,-0.039661,0.461628,-0.883465,0.079931,-0.072252,0.052360,0.996011,0,0.76798,-0.02582,46.079,-0.052,-1,400.000,-1,400.000,-1,325.000,325.000,300.000,300.000,-1,-1,-1,-1,750.000,775.000,-1,-1,2,0,2,0,2,0,0,0,0,2,2,2,2,0,0,2,2
74,-8505.952,-4845.252,230.023,152.169,-0.883819,-0.466203,-0.038968,0.462255,-0.883074,0.080626,-0.072000,0.053246,0.995982,0,0.76981,-0.02151,46.189,-0.043,-1,400.000,-1,400.000,-1,325.000,325.000,300.000,300.000,-1,-1,-1,-1,750.000,775.000,-1,-1,2,0,2,0,2,0,0,0,0,2,2,2,2,0,0,2,2
75,-8546.872,-4823.618,226.550,152.135,-0.883587,-0.466705,-0.038223,0.462743,-0.882750,0.081374,-0.071719,0.054213,0.995950,0,0.77145,-0.01708,46.287,-0.034,-1,400.000,-1,400.000,-1,325.000,325.000,300.000,300.000,-1,-1,-1,-1,750.000,775.000,-1,-1,2,0,2,0,2,0,0,0,0,2,2,2,2,0,0,2,2
76,-8587.858,-4801.927,223.064,152.110,-0.883430,-0.467065,-0.037435,0.463089,-0.882495,0.082171,-0.071415,0.055257,0.995915,0,0.77287,-0.01256,46.372,-0.025,-1,400.000,-1,400.000,-1,325.000,325.000,300.000,300.000,-1,-1,-1,-1,775.000,800.000,-1,-1,2,0,2,0,2,0,0,0,0,2,2,2,2,0,0,2,2
77,-8628.902,-4780.190,219.712,152.094,-0.883310,-0.467298,-0.037371,0.463288,-0.882342,0.082684,-0.071612,0.055722,0.995875,0,0.77407,-0.00794,46.444,-0.016,-1,400.000,-1,400.000,-1,325.000,325.000,300.000,300.000,-1,-1,-1,-1,775.000,800.000,-1,-1,2,0,2,0,2,0,0,0,0,2,2,2,2,0,0,2,2
78,-8669.994,-4758.421,216.369,152.087,-0.883257,-0.467388,-0.037500,0.463337,-0.882273,0.083146,-0.071947,0.056064,0.995832,0,0.77504,-0.00322,46.502,-0.006,-1,400.000,-1,400.000,-1,325.000,325.000,300.000,300.000,-1,-1,-1,-1,775.000,800.000,-1,-1,2,0,2,0,2,0,0,0,0,2,2,2,2,0,0,2,2
79,-8711.127,-4736.634,213.036,152.091,-0.883281,-0.467333,-0.037595,0.463256,-0.882287,0.083445,-0.072166,0.056289,0.995803,0,0.77578,0.00158,46.547,0.003,-1,400.000,-1,400.000,-1,325.000,325.000,300.000,300.000,-1,-1,-1,-1,775.000,800.000,-1,-1,2,0,2,0,2,0,0,0,0,2,2,2,2,0,0,2,2
80,-8752.292,-4714.842,209.691,152.103,-0.883386,-0.467130,-0.037673,0.463030,-0.882383,0.083685,-0.072334,0.056483,0.995780,0,0.77628,0.00645,46.577,0.013,-1,400.000,-1,400.000,-1,325.000,325.000,300.000,300.000,-1,-1,-1,-1,775.000,800.000,-1,-1,2,0,2,0,2,0,0,0,0,2,2,2,2,0,0,2,2
81,-8793.479,-4693.058,206.317,152.126,-0.883571,-0.466772,-0.037752,0.462650,-0.882557,0.083952,-0.072505,0.056712,0.995754,0,0.77655,0.01140,46.593,0.023,-1,400.000,-1,400.000,1000.000,325.000,325.000,300.000,300.000,-1,-1,-1,-1,775.000,800.000,-1,-1,2,0,2,0,1,0,0,0,0,2,2,2,2,0,0,2,2
82,-8834.679,-4671.298,202.916,152.159,-0.883839,-0.466260,-0.037830,0.462112,-0.882811,0.084246,-0.072677,0.056979,0.995727,0,0.77656,0.01641,46.594,0.033,-1,400.000,-1,400.000,975.000,325.000,325.000,300.000,300.000,-1,-1,-1,-1,775.000,800.000,-1,-1,2,0,2,0,1,0,0,0,0,2,2,2,2,0,0,2,2
83,-8875.884,-4649.576,199.489,152.202,-0.884188,-0.465590,-0.037906,0.461415,-0.883145,0.084567,-0.072850,0.057282,0.995697,0,0.77633,0.02146,46.580,0.043,-1,400.000,-1,400.000,950.000,325.000,325.000,300.000,300.000,-1,-1,-1,-1,775.000,800.000,-1,-1,2,0,2,0,1,0,0,0,0,2,2,2,2,0,0,2,2
84,-8917.083,-4627.904,196.044,152.255,-0.884620,-0.464763,-0.037976,0.460562,-0.883559,0.084887,-0.073007,0.057603,0.995667,0,0.77586,0.02655,46.551,0.053,-1,400.000,-1,400.000,925.000,325.000,325.000,300.000,300.000,-1,-1,-1,-1,775.000,800.000,-1,-1,2,0,2,0,1,0,0,0,0,2,2,2,2,0,0,2,2
85,-8958.268,-4606.299,192.603,152.318,-0.885135,-0.463779,-0.038021,0.459560,-0.884059,0.085113,-0.073087,0.057864,0.995646,0,0.77514,0.03166,46.508,0.063,-1,400.000,-1,400.000,900.000,325.000,325.000,300.000,300.000,-1,-1,-1,-1,775.000,800.000,-1,-1,2,0,2,0,1,0,0,0,0,2,2,2,2,0,0,2,2
86,-8999.430,-4584.773,189.140,152.392,-0.885731,-0.462635,-0.038065,0.458396,-0.884638,0.085374,-0.073171,0.058169,0.995622,0,0.77418,0.03678,46.451,0.074,-1,400.000,-1,400.000,875.000,325.000,325.000,300.000,300.000,-1,-1,-1,-1,775.000,800.000,-1,-1,2,0,2,0,1,0,0,0,0,2,2,2,2,0,0,2,2
87,-9040.560,-4563.340,185.683,152.476,-0.886409,-0.461329,-0.038133,0.457055,-0.885290,0.085802,-0.073342,0.058626,0.995582,0,0.77298,0.04190,46.379,0.084,-1,400.000,-1,400.000,850.000,325.000,325.000,300.000,300.000,-1,-1,-1,-1,775.000,800.000,-1,-1,2,0,2,0,1,0,0,0,0,2,2,2,2,0,0,2,2
88,-9084.077,-4540.718,182.015,152.532,-0.886865,-0.460445,-0.038223,0.456124,-0.885714,0.086381,-0.073629,0.059174,0.995529,0,0.81745,0.02812,49.047,0.056,-1,400.000,-1,400.000,850.000,325.000,325.000,300.000,300.000,-1,-1,-1,-1,775.000,775.000,-1,-1,2,0,2,0,1,0,0,0,0,2,2,2,2,0,0,2,2
89,-9127.524,-4518.193,178.315,152.595,-0.887369,-0.459451,-0.038474,0.455069,-0.886193,0.087030,-0.074082,0.059719,0.995462,0,0.81563,0.03164,48.938,0.063,-1,400.000,-1,400.000,825.000,325.000,325.000,300.000,300.000,-1,-1,-1,-1,775.000,775.000,-1,-1,2,0,2,0,1,0,0,0,0,2,2,2,2,0,0,2,2
90,-9170.887,-4495.777,174.594,152.663,-0.887911,-0.458381,-0.038757,0.453930,-0.886708,0.087729,-0.074580,0.060302,0.995390,0,0.81357,0.03408,48.814,0.068,-1,400.000,-1,400.000,800.000,325.000,325.000,300.000,300.000,-1,-1,-1,-1,775.000,775.000,-1,-1,2,0,2,0,1,0,0,0,0,2,2,2,2,0,0,2,2
91,-9214.156,-4473.479,170.859,152.736,-0.888489,-0.457239,-0.038987,0.452722,-0.887253,0.088458,-0.075038,0.060944,0.995317,0,0.81128,0.03629,48.677,0.073,-1,400.000,-1,400.000,775.000,325.000,325.000,300.000,300.000,-1,-1,-1,-1,775.000,775.000,-1,-1,2,0,2,0,1,0,0,0,0,2,2,2,2,0,0,2,2
92,-9257.322,-4451.307,167.121,152.813,-0.889098,-0.456035,-0.039199,0.451450,-0.887827,0.089202,-0.075481,0.061613,0.995242,0,0.80878,0.03826,48.527,0.077,-1,400.000,-1,400.000,775.000,325.000,325.000,300.000,300.000,-1,-1,-1,-1,775.000,775.000,-1,-1,2,0,2,0,1,0,0,1,0,2,2,2,2,0,0,2,2
93,-9300.375,-4429.269,163.428,152.893,-0.889723,-0.454780,-0.039599,0.450122,-0.888434,0.089866,-0.076050,0.062132,0.995166,0,0.80609,0.03999,48.366,0.080,-1,400.000,-1,400.000,750.000,325.000,325.000,300.000,300.000,-1,-1,-1,-1,750.000,775.000,-1,-1,2,0,2,0,1,0,0,0,0,2,2,2,2,0,0,2,2
94,-9343.307,-4407.371,159.749,152.976,-0.890372,-0.453480,-0.039930,0.448757,-0.889064,0.090453,-0.076519,0.062618,0.995100,0,0.80323,0.04147,48.194,0.083,-1,400.000,-1,400.000,750.000,325.000,325.000,300.000,300.000,-1,-1,-1,-1,750.000,750.000,-1,-1,2,0,2,0,1,0,0,0,0,2,2,2,2,0,0,2,2
95,-9386.111,-4385.618,156.140,153.061,-0.891040,-0.452147,-0.040140,0.447393,-0.889725,0.090708,-0.076727,0.062866,0.995068,0,0.80023,0.04271,48.014,0.085,-1,400.000,-1,400.000,725.000,325.000,325.000,300.000,300.000,-1,-1,-1,-1,750.000,750.000,-1,-1,2,0,2,0,1,0,0,0,0,2,2,2,2,0,0,2,2
96,-9429.661,-4363.798,152.482,153.386,-0.893591,-0.447070,-0.040295,0.442297,-0.892247,0.090933,-0.076607,0.063434,0.995041,0,0.81184,0.16271,48.711,0.325,-1,400.000,-1,400.000,775.000,325.000,325.000,300.000,300.000,-1,-1,-1,-1,750.000,750.000,-1,-1,2,0,2,0,1,0,0,0,0,2,2,2,2,0,0,2,2
97,-9477.538,-4339.898,148.449,153.472,-0.894255,-0.445731,-0.040398,0.440935,-0.892896,0.091175,-0.076711,0.063721,0.995015,0,0.89184,0.04271,53.511,0.085,-1,400.000,-1,400.000,-1,325.000,325.000,300.000,300.000,-1,-1,-1,-1,750.000,750.000,-1,-1,2,0,2,0,2,0,0,0,0,2,2,2,2,0,1,2,2
98,-9527.945,-4314.564,144.204,153.317,-0.893040,-0.448143,-0.040591,0.443317,-0.891698,0.091348,-0.077131,0.063582,0.994991,0,0.94026,-0.07729,56.416,-0.155,-1,400.000,-1,400.000,-1,325.000,325.000,300.000,300.000,-1,-1,-1,-1,750.000,750.000,-1,-1,2,0,2,0,2,0,0,0,0,2,2,2,2,0,1,2,2
99,-9577.778,-4289.088,139.945,152.923,-0.889926,-0.454285,-0.040692,0.449431,-0.888615,0.091512,-0.077733,0.063151,0.994972,0,0.93278,-0.19729,55.967,-0.395,-1,400.000,-1,400.000,-1,325.000,325.000,300.000,300.000,-1,-1,-1,-1,750.000,725.000,-1,-1,2,0,2,0,2,0,0,0,0,2,2,2,2,0,1,2,2
100,-9626.899,-4263.285,135.664,152.288,-0.884836,-0.464121,-0.040709,0.459240,-0.883570,0.091664,-0.078513,0.062413,0.994957,0,0.92476,-0.31729,55.486,-0.635,-1,400.000,-1,400.000,-1,325.000,325.000,300.000,300.000,-1,-1,-1,-1,750.000,700.000,-1,950.000,2,0,2,0,2,0,0,0,0,2,2,2,2,0,1,2,1
101,-9675.180,-4236.975,131.335,151.413,-0.877645,-0.477586,-0.040634,0.472686,-0.876444,0.091726,-0.079421,0.061296,0.994955,0,0.91640,-0.43729,54.984,-0.875,-1,400.000,-1,400.000,-1,325.000,325.000,300.000,300.000,-1,-1,-1,-1,750.000,675.000,-1,900.000,2,0,2,0,2,0,0,0,0,2,2,2,2,0,1,2,1
102,-9722.501,-4209.990,126.925,150.307,-0.868250,-0.494475,-0.040456,0.489577,-0.867140,0.091559,-0.080354,0.059690,0.994978,0,0.90790,-0.55341,54.474,-1.107,-1,400.000,-1,400.000,975.000,325.000,325.000,300.000,300.000,-1,-1,-1,-1,725.000,675.000,-1,875.000,2,0,2,0,1,0,0,0,0,2,2,2,2,0,1,2,1
103,-9768.850,-4182.341,122.503,149.183,-0.858388,-0.511426,-0.040168,0.506533,-0.857358,0.091442,-0.081204,0.058146,0.995000,0,0.89947,-0.56164,53.968,-1.123,-1,375.000,-1,400.000,925.000,325.000,325.000,300.000,300.000,-1,-1,-1,-1,725.000,650.000,-1,825.000,2,0,2,0,1,0,0,0,0,2,2,2,2,0,1,2,1
104,-9814.227,-4154.036,118.082,148.047,-0.848081,-0.528377,-0.039712,0.523495,-0.847113,0.091387,-0.081928,0.056715,0.995023,0,0.89136,-0.56836,53.482,-1.137,-1,375.000,-1,400.000,875.000,325.000,325.000,300.000,300.000,-1,-1,-1,-1,725.000,625.000,-1,775.000,2,0,2,0,1,0,0,0,0,2,2,2,2,1,1,2,1
105,-9858.641,-4125.077,113.647,146.896,-0.837311,-0.545323,-0.039159,0.540455,-0.836398,0.091361,-0.082574,0.055334,0.995048,0,0.88367,-0.57527,53.020,-1.151,-1,375.000,-1,375.000,825.000,325.000,325.000,300.000,300.000,-1,-1,-1,-1,725.000,600.000,-1,725.000,2,0,2,1,1,0,0,0,0,2,2,2,2,1,1,2,1
106,-9902.100,-4095.465,109.196,145.731,-0.826062,-0.562262,-0.038507,0.557412,-0.825194,0.091356,-0.083142,0.054001,0.995073,0,0.87647,-0.58269,52.588,-1.165,-1,375.000,-1,375.000,775.000,325.000,325.000,300.000,300.000,-1,-1,-1,-1,700.000,575.000,-1,675.000,2,0,2,1,1,0,0,0,0,2,2,2,2,1,1,2,1
107,-9944.616,-4065.193,104.794,144.550,-0.814298,-0.579199,-0.038051,0.574363,-0.813496,0.091282,-0.083825,0.052476,0.995098,0,0.86986,-0.59055,52.192,-1.181,-1,375.000,-1,375.000,750.000,325.000,325.000,300.000,300.000,-1,-1,-1,-1,675.000,550.000,975.000,625.000,2,0,2,1,1,0,0,0,0,2,2,2,2,1,1,1,1
108,-9986.201,-4034.253,100.407,143.352,-0.802009,-0.596125,-0.037639,0.591302,-0.801278,0.091191,-0.084520,0.050880,0.995122,0,0.86387,-0.59884,51.832,-1.198,-1,375.000,975.000,350.000,700.000,325.000,325.000,300.000,300.000,975.000,-1,-1,-1,675.000,525.000,900.000,600.000,2,0,1,1,1,0,0,0,1,1,2,2,2,1,1,1,1
109,-10026.869,-4002.635,96.009,142.137,-0.789184,-0.613031,-0.037168,0.608223,-0.788520,0.091111,-0.085162,0.049297,0.995147,0,0.85855,-0.60751,51.513,-1.215,-1,375.000,900.000,350.000,650.000,325.000,300.000,300.000,275.000,900.000,-1,-1,-1,650.000,500.000,850.000,550.000,2,0,1,1,1,0,1,0,1,1,2,2,2,1,1,1,1
110,-10066.632,-3970.324,91.826,140.904,-0.775786,-0.629931,-0.036652,0.625233,-0.775235,0.089968,-0.085087,0.046880,0.995270,0,0.85392,-0.61654,51.235,-1.233,925.000,375.000,825.000,325.000,600.000,325.000,300.000,300.000,250.000,875.000,-1,-1,-1,625.000,475.000,800.000,500.000,1,0,1,1,1,0,1,0,1,1,2,2,2,1,1,1,1
111,-10105.499,-3937.304,87.894,139.652,-0.761788,-0.646816,-0.036165,0.642333,-0.761406,0.087575,-0.084181,0.043483,0.995501,0,0.85000,-0.62590,51.000,-1.252,825.000,375.000,775.000,325.000,575.000,325.000,275.000,300.000,250.000,875.000,-1,-1,-1,600.000,450.000,750.000,475.000,1,0,1,1,1,1,1,0,1,1,2,2,2,1,1,1,1
112,-10143.481,-3903.558,84.221,138.381,-0.747170,-0.663668,-0.035795,0.659503,-0.747006,0.083890,-0.082415,0.039073,0.995832,0,0.84679,-0.63555,50.808,-1.271,750.000,400.000,725.000,300.000,550.000,300.000,275.000,300.000,250.000,875.000,-1,-1,-1,550.000,425.000,700.000,450.000,1,0,1,1,1,1,1,0,1,1,2,2,2,1,1,1,1
113,-10180.582,-3869.067,80.756,137.090,-0.731920,-0.680460,-0.035614,0.676688,-0.732005,0.079141,-0.079922,0.033825,0.996227,0,0.84430,-0.64548,50.658,-1.291,700.000,375.000,675.000,300.000,525.000,275.000,250.000,300.000,225.000,875.000,825.000,975.000,-1,525.000,400.000,650.000,425.000,1,1,1,1,1,1,1,0,1,1,0,0,2,1,1,1,1
114,-10220.500,-3830.570,77.257,136.039,-0.719184,-0.693905,-0.035646,0.690651,-0.719539,0.072561,-0.075999,0.027566,0.996727,0,0.92430,-0.52548,55.458,-1.051,625.000,350.000,625.000,275.000,500.000,275.000,250.000,300.000,225.000,875.000,575.000,675.000,-1,475.000,375.000,600.000,400.000,1,1,1,1,1,1,1,0,1,1,0,0,2,1,1,1,1
115,-10263.094,-3788.313,73.868,135.228,-0.709146,-0.704145,-0.035936,0.701533,-0.709773,0.063822,-0.070446,0.020048,0.997314,0,1.00000,-0.40548,60.000,-0.811,575.000,325.000,600.000,275.000,475.000,250.000,225.000,300.000,225.000,900.000,425.000,525.000,-1,425.000,375.000,525.000,375.000,1,1,1,1,1,1,1,0,1,1,0,0,2,1,1,1,1
116,-10305.265,-3745.634,70.893,134.657,-0.701962,-0.711279,-0.036491,0.709377,-0.702816,0.053238,-0.063513,0.011485,0.997915,0,1.00000,-0.28548,60.000,-0.571,525.000,300.000,550.000,250.000,450.000,250.000,225.000,300.000,250.000,925.000,325.000,425.000,-1,400.000,350.000,475.000,350.000,1,1,1,1,1,1,1,0,1,1,0,0,2,1,1,1,1
117,-10347.189,-3702.713,68.362,134.326,-0.697749,-0.715373,-0.037252,0.714217,-0.698741,0.040689,-0.055137,0.001785,0.998477,0,1.00000,-0.16548,60.000,-0.331,475.000,275.000,525.000,250.000,425.000,225.000,200.000,275.000,250.000,950.000,225.000,350.000,-1,375.000,325.000,400.000,325.000,1,1,1,1,1,1,1,0,1,1,0,0,2,1,1,1,1
118,-10389.046,-3659.726,66.308,134.235,-0.696594,-0.716452,-0.038115,0.716037,-0.697576,0.026041,-0.045245,-0.009151,0.998934,0,1.00000,-0.04548,60.000,-0.091,400.000,250.000,525.000,225.000,475.000,200.000,200.000,275.000,275.000,950.000,175.000,300.000,-1,350.000,300.000,350.000,300.000,1,1,1,1,1,1,1,0,1,1,0,0,2,1,1,1,1
119,-10431.012,-3616.847,68.193,134.384,-0.699174,-0.714646,-0.020888,0.714599,-0.699448,0.010990,-0.022464,-0.007242,0.999721,0,1.00000,0.07452,60.000,0.149,450.000,250.000,-1,225.000,-1,200.000,200.000,300.000,325.000,850.000,125.000,200.000,-1,375.000,300.000,400.000,300.000,1,1,2,1,2,1,1,1,1,0,0,0,2,1,1,1,1
120,-10473.269,-3574.253,71.342,134.773,-0.704308,-0.709894,0.000438,0.709881,-0.704298,-0.005740,0.004384,-0.003731,0.999983,0,1.00000,0.19452,60.000,0.389,550.000,275.000,-1,225.000,-1,225.000,200.000,325.000,350.000,725.000,100.000,150.000,-1,425.000,300.000,475.000,300.000,1,1,2,1,2,1,1,1,1,0,0,0,2,1,1,1,1
121,-983.867,-9511.113,331.252,-124.459,-0.566052,0.822046,0.061859,-0.794734,-0.564103,0.224021,0.219050,0.077646,0.972619,1,0.00000,0.00000,60.000,0.629,-1,400.000,-1,-1,-1,400.000,525.000,650.000,275.000,975.000,100.000,75.000,625.000,-1,-1,325.000,-1,2,1,2,2,2,1,1,0,1,0,0,0,1,2,2,1,2
122,-2951.692,-6231.353,137.028,62.047,0.467128,-0.883211,0.041597,0.882319,0.468683,0.043013,-0.057485,0.016609,0.998208,1,0.00000,0.00000,4.800,0.240,-1,400.000,-1,375.000,-1,325.000,300.000,300.000,300.000,-1,-1,-1,-1,725.000,675.000,-1,-1,2,0,2,0,2,0,0,0,0,2,2,2,2,0,0,2,2
123,-2949.460,-6227.103,136.767,62.287,0.463429,-0.885164,0.041455,0.884278,0.464978,0.042993,-0.057331,0.016733,0.998215,0,0.08000,0.12000,4.800,0.240,-1,400.000,-1,375.000,-1,325.000,300.000,300.000,300.000,-1,-1,-1,-1,750.000,675.000,-1,-1,2,0,2,0,2,0,0,0,0,2,2,2,2,0,0,2,2
124,-2945.067,-6218.567,136.246,62.767,0.456004,-0.889025,0.041172,0.888149,0.457544,0.042948,-0.057020,0.016983,0.998229,0,0.16000,0.24000,9.600,0.480,-1,400.000,-1,375.000,-1,325.000,300.000,300.000,300.000,-1,-1,-1,-1,750.000,675.000,-1,-1,2,0,2,0,2,0,0,0,0,2,2,2,2,0,0,2,2
125,-2938.639,-6205.682,135.468,63.487,0.444808,-0.894698,0.040753,0.893839,0.446334,0.042867,-0.056543,0.017359,0.998249,0,0.24000,0.36000,14.400,0.720,-1,400.000,-1,375.000,-1,325.000,300.000,300.000,300.000,-1,-1,-1,-1,750.000,675.000,-1,-1,2,0,2,0,2,0,0,0,0,2,2,2,2,0,0,2,2
126,-2930.357,-6188.360,134.436,64.447,0.429771,-0.902043,0.040204,0.901207,0.431277,0.042737,-0.055890,0.017866,0.998277,0,0.32000,0.48000,19.200,0.960,-1,400.000,-1,375.000,-1,325.000,300.000,300.000,300.000,-1,-1,-1,-1,750.000,700.000,-1,-1,2,0,2,0,2,0,0,0,0,2,2,2,2,0,0,2,2
127,-2920.461,-6166.495,133.156,65.647,0.410804,-0.910866,0.039534,0.910061,0.412287,0.042538,-0.055046,0.018504,0.998312,0,0.40000,0.60000,24.000,1.200,-1,400.000,-1,375.000,-1,325.000,300.000,300.000,300.000,-1,-1,-1,-1,750.000,700.000,-1,-1,2,0,2,0,2,0,0,0,0,2,2,2,2,0,0,2,2
128,-2909.221,-6139.979,131.631,67.027,0.388768,-0.920520,0.038757,0.919751,0.390222,0.042254,-0.054020,0.019220,0.998355,0,0.48000,0.69011,28.800,1.380,-1,400.000,-1,375.000,-1,325.000,300.000,300.000,300.000,-1,-1,-1,-1,750.000,700.000,-1,-1,2,0,2,0,2,0,0,0,0,2,2,2,2,0,0,2,2
129,-2896.858,-6108.737,129.861,68.410,0.366465,-0.929660,0.037884,0.928928,0.367883,0.041882,-0.052873,0.019844,0.998404,0,0.56000,0.69159,33.600,1.383,-1,400.000,-1,375.000,-1,325.000,325.000,300.000,300.000,-1,-1,-1,-1,750.000,700.000,-1,-1,2,0,2,0,2,0,0,0,0,2,2,2,2,0,0,2,2
130,-2883.598,-6072.699,127.853,69.798,0.343879,-0.938288,0.036926,0.937595,0.345254,0.041408,-0.051601,0.020382,0.998460,0,0.64000,0.69395,38.400,1.388,-1,400.000,-1,375.000,-1,325.000,325.000,300.000,300.000,-1,-1,-1,-1,750.000,700.000,-1,-1,2,0,2,0,2,0,0,0,0,2,2,2,2,0,0,2,2
131,-2869.671,-6031.806,125.616,71.193,0.320982,-0.946405,0.035890,0.945754,0.322309,0.040820,-0.050200,0.020841,0.998522,0,0.72000,0.69742,43.200,1.395,-1,400.000,-1,375.000,-1,325.000,325.000,300.000,300.000,-1,-1,-1,-1,750.000,700.000,-1,-1,2,0,2,0,2,0,0,0,0,2,2,2,2,0,0,2,2
132,-2856.513,-5990.457,123.412,72.348,0.301882,-0.952702,0.035021,0.952087,0.303167,0.040249,-0.048962,0.021192,0.998576,0,0.72320,0.57742,43.392,1.155,-1,400.000,-1,375.000,-1,325.000,325.000,300.000,300.000,-1,-1,-1,-1,775.000,700.000,-1,-1,2,0,2,0,2,0,0,0,0,2,2,2,2,0,0,2,2
133,-2844.162,-5949.383,121.277,73.263,0.286666,-0.957415,0.034324,0.956831,0.287916,0.039738,-0.047928,0.021450,0.998620,0,0.71485,0.45742,42.891,0.915,-1,400.000,-1,375.000,-1,325.000,325.000,300.000,300.000,-1,-1,-1,-1,775.000,700.000,-1,-1,2,0,2,0,2,0,0,0,0,2,2,2,2,0,0,2,2
134,-2832.406,-5908.552,119.174,73.938,0.275405,-0.960739,0.033656,0.960177,0.276619,0.039260,-0.047028,0.021503,0.998662,0,0.70816,0.33742,42.490,0.675,-1,400.000,-1,375.000,-1,325.000,325.000,300.000,300.000,-1,975.000,-1,-1,775.000,725.000,-1,-1,2,0,2,0,2,0,0,0,0,2,0,2,2,0,0,2,2
135,-2821.205,-5867.882,117.105,74.602,0.264285,-0.963879,0.033023,0.963341,0.265466,0.038766,-0.046132,0.021567,0.998703,0,0.70307,0.33203,42.184,0.664,-1,400.000,-1,375.000,-1,325.000,325.000,300.000,300.000,-1,950.000,-1,-1,775.000,725.000,-1,-1,2,0,2,0,2,0,0,0,0,2,0,2,2,0,0,2,2
136,-2810.552,-5827.332,115.174,75.281,0.252883,-0.966963,0.032123,0.966425,0.254026,0.038657,-0.045540,0.021269,0.998736,0,0.69877,0.33950,41.926,0.679,-1,400.000,-1,375.000,-1,325.000,325.000,300.000,300.000,-1,975.000,-1,-1,775.000,725.000,-1,-1,2,0,2,0,2,0,0,0,0,2,0,2,2,0,0,2,2
137,-2800.444,-5786.863,113.280,75.976,0.241167,-0.969980,0.031272,0.969434,0.242280,0.038712,-0.045127,0.020980,0.998761,0,0.69521,0.34751,41.713,0.695,-1,400.000,-1,375.000,-1,325.000,325.000,300.000,300.000,-1,1000.000,-1,-1,775.000,725.000,-1,-1,2,0,2,0,2,0,0,0,0,2,0,2,2,0,0,2,2
