timestep,x_cm,y_cm,z_cm,yaw_deg,basis_xx,basis_xy,basis_xz,basis_yx,basis_yy,basis_yz,basis_zx,basis_zy,basis_zz,teleport_flag,throttle_cmd,steering_cmd,cmd_move_cm,cmd_turn_deg,lidar_cm_0,lidar_cm_1,lidar_cm_2,lidar_cm_3,lidar_cm_4,lidar_cm_5,lidar_cm_6,lidar_cm_7,lidar_cm_8,lidar_cm_9,lidar_cm_10,lidar_cm_11,lidar_cm_12,lidar_cm_13,lidar_cm_14,lidar_cm_15,lidar_cm_16,lidar_class_0,lidar_class_1,lidar_class_2,lidar_class_3,lidar_class_4,lidar_class_5,lidar_class_6,lidar_class_7,lidar_class_8,lidar_class_9,lidar_class_10,lidar_class_11,lidar_class_12,lidar_class_13,lidar_class_14,lidar_class_15,lidar_class_16
0,982.160,-8194.677,52.141,111.187,-0.362107,-0.932012,0.015210,0.931550,-0.361253,0.041367,-0.033060,0.029148,0.999028,1,0.08000,0.12000,4.800,0.240,-1,400.000,-1,375.000,-1,325.000,325.000,300.000,300.000,-1,-1,-1,-1,775.000,700.000,-1,-1,2,0,2,0,2,0,0,0,0,2,2,2,2,0,0,2,2
1,978.616,-8185.755,51.805,111.667,-0.369896,-0.928950,0.015159,0.928501,-0.369046,0.041116,-0.032600,0.029284,0.999039,0,0.16000,0.24000,9.600,0.480,-1,400.000,-1,375.000,-1,325.000,325.000,300.000,300.000,-1,-1,-1,-1,800.000,700.000,-1,-1,2,0,2,0,2,0,0,0,0,2,2,2,2,0,0,2,2
2,973.132,-8172.440,51.303,112.387,-0.381530,-0.924233,0.015092,0.923805,-0.380688,0.040747,-0.031915,0.029489,0.999055,0,0.24000,0.36000,14.400,0.720,-1,400.000,-1,375.000,-1,325.000,325.000,300.000,300.000,-1,-1,-1,-1,800.000,700.000,-1,-1,2,0,2,0,2,0,0,0,0,2,2,2,2,0,0,2,2
3,965.523,-8154.813,50.637,113.347,-0.396949,-0.917718,0.015019,0.917317,-0.396116,0.040273,-0.031010,0.029764,0.999076,0,0.32000,0.48000,19.200,0.960,-1,400.000,-1,375.000,-1,325.000,325.000,300.000,300.000,-1,-1,-1,-1,800.000,700.000,-1,-1,2,0,2,0,2,0,0,0,0,2,2,2,2,0,0,2,2
4,955.583,-8132.968,49.814,114.464,-0.414762,-0.909807,0.014948,0.909437,-0.413941,0.039706,-0.029937,0.030063,0.999100,0,0.40000,0.55893,24.000,1.118,-1,400.000,-1,375.000,-1,325.000,325.000,300.000,300.000,-1,-1,-1,-1,800.000,700.000,-1,-1,2,0,2,0,2,0,0,0,0,2,2,2,2,0,0,2,2
5,943.151,-8106.990,48.839,115.575,-0.432303,-0.901605,0.014877,0.901268,-0.431497,0.039059,-0.028797,0.030293,0.999126,0,0.48000,0.55538,28.800,1.111,-1,400.000,-1,375.000,-1,325.000,325.000,300.000,300.000,-1,-1,-1,-1,800.000,700.000,-1,-1,2,0,2,0,2,0,0,0,0,2,2,2,2,0,0,2,2
6,928.065,-8076.967,47.711,116.678,-0.449548,-0.893133,0.014808,0.892829,-0.448760,0.038342,-0.027600,0.030458,0.999155,0,0.56000,0.55115,33.600,1.102,-1,400.000,-1,375.000,-1,325.000,325.000,300.000,300.000,-1,-1,-1,-1,800.000,700.000,-1,-1,2,0,2,0,2,0,0,0,0,2,2,2,2,0,0,2,2
7,910.174,-8042.990,46.419,117.770,-0.466475,-0.884411,0.014760,0.884141,-0.465705,0.037606,-0.026385,0.030592,0.999184,0,0.64000,0.54624,38.400,1.092,-1,400.000,-1,375.000,-1,325.000,325.000,300.000,300.000,-1,-1,-1,-1,825.000,725.000,-1,-1,2,0,2,0,2,0,0,0,0,2,2,2,2,0,0,2,2
8,889.328,-8005.152,45.157,118.851,-0.483056,-0.875481,0.013761,0.875208,-0.482322,0.037113,-0.025855,0.029972,0.999216,0,0.72000,0.54067,43.200,1.081,-1,400.000,-1,375.000,-1,325.000,325.000,300.000,300.000,-1,-1,-1,-1,825.000,725.000,-1,-1,2,0,2,0,2,0,0,0,0,2,2,2,2,0,0,2,2
9,865.386,-7963.549,43.831,119.920,-0.499272,-0.866359,0.012250,0.866065,-0.498584,0.036688,-0.025677,0.028926,0.999252,0,0.80000,0.53442,48.000,1.069,-1,400.000,-1,375.000,-1,325.000,325.000,300.000,300.000,-1,-1,-1,-1,800.000,725.000,-1,-1,2,0,2,0,2,0,0,0,0,2,2,2,2,0,0,2,2
10,838.211,-7918.280,42.455,120.977,-0.515128,-0.857050,0.010441,0.856740,-0.514506,0.035773,-0.025287,0.027373,0.999305,0,0.88000,0.52858,52.800,1.057,-1,400.000,-1,375.000,-1,325.000,325.000,300.000,300.000,-1,-1,-1,-1,800.000,725.000,-1,-1,2,0,2,0,2,0,0,0,0,2,2,2,2,0,0,2,2
11,809.170,-7871.867,41.061,122.035,-0.530804,-0.847452,0.008509,0.847132,-0.530257,0.034580,-0.024793,0.025563,0.999366,0,0.91250,0.52858,54.750,1.057,-1,400.000,-1,375.000,-1,325.000,325.000,300.000,300.000,-1,-1,-1,-1,800.000,725.000,-1,-1,2,0,2,0,2,0,0,0,0,2,2,2,2,0,0,2,2
12,779.278,-7825.997,39.635,123.092,-0.546304,-0.837561,0.006628,0.837232,-0.545825,0.033424,-0.024377,0.023809,0.999419,0,0.91250,0.52858,54.750,1.057,-1,400.000,-1,375.000,-1,325.000,325.000,300.000,300.000,-1,-1,-1,-1,800.000,725.000,-1,-1,2,0,2,0,2,0,0,0,0,2,2,2,2,0,0,2,2
13,748.545,-7780.687,38.188,124.149,-0.561623,-0.827379,0.004811,0.827043,-0.561207,0.032362,-0.024075,0.022155,0.999465,0,0.91250,0.52858,54.750,1.057,-1,400.000,-1,400.000,-1,325.000,325.000,300.000,300.000,-1,-1,-1,-1,800.000,750.000,-1,-1,2,0,2,0,2,0,0,0,0,2,2,2,2,0,0,2,2
14,716.981,-7735.952,36.902,125.206,-0.576772,-0.816898,0.003254,0.816535,-0.576387,0.032400,-0.024592,0.021344,0.999470,0,0.91250,0.52858,54.750,1.057,-1,400.000,-1,400.000,-1,325.000,325.000,300.000,300.000,-1,-1,-1,-1,800.000,725.000,-1,-1,2,0,2,0,2,0,0,0,0,2,2,2,2,0,0,2,2
15,687.361,-7695.732,35.687,126.370,-0.593228,-0.805032,0.001821,0.804645,-0.592869,0.032427,-0.025026,0.020702,0.999472,0,0.83250,0.58197,49.950,1.164,-1,400.000,-1,400.000,-1,325.000,325.000,300.000,300.000,-1,-1,-1,-1,800.000,725.000,-1,-1,2,0,2,0,2,0,0,0,0,2,2,2,2,0,0,2,2
16,659.855,-7659.929,34.570,127.534,-0.609442,-0.792831,0.000581,0.792425,-0.609106,0.032446,-0.025370,0.020235,0.999473,0,0.75250,0.58197,45.150,1.164,-1,400.000,-1,400.000,-1,325.000,325.000,300.000,300.000,-1,-1,-1,-1,775.000,725.000,-1,-1,2,0,2,0,2,0,0,0,0,2,2,2,2,0,0,2,2
17,634.627,-7628.437,33.557,128.698,-0.625406,-0.780299,-0.000474,0.779878,-0.625089,0.032460,-0.025625,0.019931,0.999473,0,0.67250,0.58197,40.350,1.164,-1,400.000,-1,400.000,-1,325.000,325.000,300.000,300.000,-1,-1,-1,-1,775.000,725.000,-1,-1,2,0,2,0,2,0,0,0,0,2,2,2,2,0,0,2,2
18,611.842,-7601.150,32.740,129.862,-0.641123,-0.767438,-0.000911,0.767014,-0.640808,0.032479,-0.025510,0.020124,0.999472,0,0.59250,0.58197,35.550,1.164,-1,400.000,-1,400.000,-1,325.000,325.000,300.000,300.000,-1,-1,-1,-1,775.000,725.000,-1,-1,2,0,2,0,2,0,0,0,0,2,2,2,2,0,0,2,2
19,591.658,-7577.952,32.022,131.026,-0.656577,-0.754258,-0.001272,0.753833,-0.656261,0.032510,-0.025356,0.020386,0.999471,0,0.51250,0.58197,30.750,1.164,-1,400.000,-1,400.000,-1,325.000,325.000,300.000,300.000,-1,-1,-1,-1,775.000,725.000,-1,-1,2,0,2,0,2,0,0,0,0,2,2,2,2,0,0,2,2
20,574.231,-7558.725,31.392,132.190,-0.671761,-0.740766,-0.001503,0.740342,-0.671442,0.032552,-0.025122,0.020754,0.999469,0,0.43250,0.58197,25.950,1.164,-1,400.000,-1,400.000,-1,325.000,325.000,300.000,300.000,-1,-1,-1,-1,775.000,725.000,-1,-1,2,0,2,0,2,0,0,0,0,2,2,2,2,0,0,2,2
21,559.711,-7543.347,30.864,133.354,-0.686669,-0.726968,-0.001671,0.726545,-0.686345,0.032597,-0.024844,0.021169,0.999467,0,0.35250,0.58197,21.150,1.164,-1,400.000,-1,400.000,-1,325.000,325.000,300.000,300.000,-1,-1,-1,-1,775.000,725.000,-1,-1,2,0,2,0,2,0,0,0,0,2,2,2,2,0,0,2,2
22,548.248,-7531.689,30.444,134.518,-0.701294,-0.712869,-0.001801,0.712450,-0.700964,0.032638,-0.024529,0.021605,0.999466,0,0.27250,0.58197,16.350,1.164,-1,400.000,-1,400.000,-1,325.000,325.000,300.000,300.000,-1,-1,-1,-1,775.000,725.000,-1,-1,2,0,2,0,2,0,0,0,0,2,2,2,2,0,0,2,2
23,539.984,-7523.620,30.135,135.681,-0.715630,-0.698477,-0.001904,0.698061,-0.715293,0.032665,-0.024177,0.022047,0.999465,0,0.19250,0.58197,11.550,1.164,-1,400.000,-1,400.000,-1,325.000,325.000,300.000,300.000,-1,-1,-1,-1,775.000,725.000,-1,-1,2,0,2,0,2,0,0,0,0,2,2,2,2,0,0,2,2
24,535.060,-7519.003,29.936,136.845,-0.729670,-0.683796,-0.001986,0.683385,-0.729327,0.032670,-0.023788,0.022481,0.999464,0,0.11250,0.58197,6.750,1.164,-1,400.000,-1,400.000,-1,325.000,325.000,300.000,300.000,-1,-1,-1,-1,775.000,725.000,-1,-1,2,0,2,0,2,0,0,0,0,2,2,2,2,0,0,2,2
25,533.611,-7517.699,29.845,138.009,-0.743409,-0.668834,-0.002054,0.668429,-0.743059,0.032642,-0.023359,0.022894,0.999465,0,0.03250,0.58197,1.950,1.164,-1,400.000,-1,400.000,-1,325.000,325.000,300.000,300.000,-1,-1,-1,-1,775.000,725.000,-1,-1,2,0,2,0,2,0,0,0,0,2,2,2,2,0,0,2,2
26,535.768,-7519.562,29.860,139.173,-0.756840,-0.653596,-0.002109,0.653199,-0.756485,0.032572,-0.022885,0.023274,0.999467,0,-0.04750,0.58197,-2.850,1.164,-1,400.000,-1,400.000,-1,325.000,325.000,300.000,300.000,-1,-1,-1,-1,775.000,725.000,-1,-1,2,0,2,0,2,0,0,0,0,2,2,2,2,0,0,2,2
27,541.657,-7524.445,29.987,140.337,-0.769958,-0.638090,-0.002205,0.637701,-0.769601,0.032439,-0.022396,0.023571,0.999471,0,-0.12750,0.58197,-7.650,1.164,-1,400.000,-1,400.000,-1,325.000,325.000,300.000,300.000,-1,-1,-1,-1,775.000,725.000,-1,-1,2,0,2,0,2,0,0,0,0,2,2,2,2,0,0,2,2
28,551.401,-7532.196,30.198,141.501,-0.782759,-0.622321,-0.002239,0.621943,-0.782398,0.032253,-0.021824,0.023854,0.999477,0,-0.20750,0.58197,-12.450,1.164,-1,400.000,-1,400.000,-1,325.000,325.000,300.000,300.000,-1,-1,-1,-1,775.000,725.000,-1,-1,2,0,2,0,2,0,0,0,0,2,2,2,2,0,0,2,2
29,565.117,-7542.658,30.563,142.665,-0.795241,-0.606291,-0.001806,0.605934,-0.794867,0.032108,-0.020902,0.024439,0.999483,0,-0.28750,0.58197,-17.250,1.164,-1,400.000,-1,400.000,-1,325.000,325.000,300.000,300.000,-1,-1,-1,-1,775.000,750.000,-1,-1,2,0,2,0,2,0,0,0,0,2,2,2,2,0,0,2,2
30,582.917,-7555.672,31.027,143.829,-0.807394,-0.590011,-0.001249,0.589679,-0.807007,0.031929,-0.019847,0.025042,0.999489,0,-0.36750,0.58197,-22.050,1.164,-1,400.000,-1,400.000,-1,325.000,325.000,300.000,300.000,-1,-1,-1,-1,775.000,750.000,-1,-1,2,0,2,0,2,0,0,0,0,2,2,2,2,0,0,2,2
31,601.734,-7568.852,31.470,144.993,-0.819214,-0.573487,-0.000592,0.573183,-0.818812,0.031762,-0.018700,0.025681,0.999495,0,-0.38289,0.58197,-22.973,1.164,-1,400.000,-1,400.000,-1,325.000,325.000,300.000,300.000,-1,-1,-1,-1,775.000,750.000,-1,-1,2,0,2,0,2,0,0,0,0,2,2,2,2,0,0,2,2
32,620.815,-7581.646,31.890,146.157,-0.830695,-0.556728,0.000060,0.556451,-0.830279,0.031594,-0.017539,0.026278,0.999501,0,-0.38289,0.58197,-22.973,1.164,-1,400.000,-1,400.000,-1,325.000,325.000,300.000,300.000,-1,-1,-1,-1,775.000,750.000,-1,-1,2,0,2,0,2,0,0,0,0,2,2,2,2,0,0,2,2
33,640.152,-7594.051,32.289,147.321,-0.841832,-0.539739,0.000709,0.539491,-0.841405,0.031425,-0.016365,0.026837,0.999506,0,-0.38289,0.58197,-22.973,1.164,-1,400.000,-1,400.000,-1,325.000,325.000,300.000,300.000,-1,-1,-1,-1,775.000,775.000,-1,-1,2,0,2,0,2,0,0,0,0,2,2,2,2,0,0,2,2
34,659.737,-7606.060,32.666,148.485,-0.852621,-0.522529,0.001352,0.522310,-0.852183,0.031257,-0.015180,0.027357,0.999510,0,-0.38289,0.58197,-22.973,1.164,-1,400.000,-1,400.000,-1,325.000,325.000,300.000,300.000,-1,-1,-1,-1,800.000,775.000,-1,-1,2,0,2,0,2,0,0,0,0,2,2,2,2,0,0,2,2
35,679.561,-7617.669,33.022,149.649,-0.863056,-0.505104,0.001991,0.504914,-0.862610,0.031091,-0.013986,0.027838,0.999515,0,-0.38289,0.58197,-22.973,1.164,-1,400.000,-1,400.000,-1,325.000,325.000,300.000,300.000,-1,-1,-1,-1,800.000,775.000,-1,-1,2,0,2,0,2,0,0,0,0,2,2,2,2,0,0,2,2
36,699.618,-7628.872,33.357,150.813,-0.873135,-0.487471,0.002625,0.487310,-0.872681,0.030927,-0.012785,0.028283,0.999518,0,-0.38289,0.58197,-22.973,1.164,-1,400.000,-1,400.000,-1,325.000,325.000,300.000,300.000,-1,-1,-1,-1,800.000,775.000,-1,-1,2,0,2,0,2,0,0,0,0,2,2,2,2,0,0,2,2
37,724.080,-7642.024,33.738,151.737,-0.880878,-0.473331,0.003337,0.473201,-0.880420,0.030703,-0.011595,0.028625,0.999523,0,-0.46289,0.46197,-27.773,0.924,-1,400.000,-1,400.000,-1,325.000,325.000,300.000,300.000,-1,-1,-1,-1,800.000,800.000,-1,-1,2,0,2,0,2,0,0,0,0,2,2,2,2,0,0,2,2
38,750.843,-7656.003,34.113,152.421,-0.886461,-0.462785,0.004004,0.462683,-0.886002,0.030405,-0.010523,0.028805,0.999530,0,-0.50322,0.34197,-30.193,0.684,-1,400.000,-1,400.000,-1,325.000,325.000,300.000,300.000,-1,-1,-1,-1,800.000,800.000,-1,-1,2,0,2,0,2,0,0,0,0,2,2,2,2,0,0,2,2
39,777.712,-7669.774,34.437,152.865,-0.890016,-0.455907,0.004502,0.455827,-0.889562,0.030017,-0.009680,0.028768,0.999539,0,-0.50322,0.22197,-30.193,0.444,-1,400.000,-1,400.000,-1,325.000,325.000,300.000,300.000,-1,-1,-1,-1,825.000,800.000,-1,-1,2,0,2,0,2,0,0,0,0,2,2,2,2,0,0,2,2
40,804.631,-7683.449,34.739,153.068,-0.891629,-0.452740,0.004964,0.452678,-0.891183,0.029596,-0.008975,0.028636,0.999550,0,-0.50322,0.10197,-30.193,0.204,-1,400.000,-1,400.000,-1,325.000,325.000,300.000,300.000,-1,-1,-1,-1,825.000,800.000,-1,-1,2,0,2,0,2,0,0,0,0,2,2,2,2,0,0,2,2
41,831.541,-7697.141,35.030,153.032,-0.891340,-0.453303,0.005390,0.453257,-0.890903,0.029170,-0.008421,0.028443,0.999560,0,-0.50322,-0.01803,-30.193,-0.036,-1,400.000,-1,400.000,-1,325.000,325.000,300.000,300.000,-1,-1,-1,-1,825.000,800.000,-1,-1,2,0,2,0,2,0,0,0,0,2,2,2,2,0,0,2,2
42,858.385,-7710.963,35.318,152.756,-0.889143,-0.457593,0.005780,0.457559,-0.888714,0.028763,-0.008025,0.028219,0.999570,0,-0.50322,-0.13803,-30.193,-0.276,-1,400.000,-1,400.000,-1,325.000,325.000,300.000,300.000,-1,-1,-1,-1,825.000,800.000,-1,-1,2,0,2,0,2,0,0,0,0,2,2,2,2,0,0,2,2
43,885.103,-7725.026,35.598,152.240,-0.884983,-0.465583,0.006147,0.465559,-0.884563,0.028337,-0.007756,0.027939,0.999580,0,-0.50322,-0.25803,-30.193,-0.516,-1,400.000,-1,400.000,-1,325.000,325.000,300.000,300.000,-1,-1,-1,-1,825.000,800.000,-1,-1,2,0,2,0,2,0,0,0,0,2,2,2,2,0,0,2,2
44,911.634,-7739.440,35.874,151.484,-0.878761,-0.477218,0.006494,0.477202,-0.878351,0.027896,-0.007608,0.027612,0.999590,0,-0.50322,-0.37803,-30.193,-0.756,-1,400.000,-1,400.000,-1,325.000,325.000,300.000,300.000,-1,-1,-1,-1,825.000,800.000,-1,-1,2,0,2,0,2,0,0,0,0,2,2,2,2,0,0,2,2
45,933.781,-7751.862,36.104,150.713,-0.872257,-0.489002,0.006776,0.488990,-0.871855,0.027519,-0.007550,0.027317,0.999598,0,-0.42322,-0.38560,-25.393,-0.771,-1,400.000,-1,400.000,-1,325.000,325.000,300.000,300.000,-1,-1,-1,-1,825.000,800.000,-1,-1,2,0,2,0,2,0,0,0,0,2,2,2,2,0,0,2,2
46,951.605,-7762.176,36.290,149.942,-0.865595,-0.500696,0.006994,0.500687,-0.865201,0.027207,-0.007571,0.027052,0.999605,0,-0.34322,-0.38560,-20.593,-0.771,-1,400.000,-1,400.000,-1,325.000,325.000,300.000,300.000,-1,-1,-1,-1,825.000,800.000,-1,-1,2,0,2,0,2,0,0,0,0,2,2,2,2,0,0,2,2
47,965.166,-7770.270,36.434,149.171,-0.858777,-0.512299,0.007151,0.512291,-0.858388,0.026956,-0.007671,0.026812,0.999611,0,-0.26322,-0.38560,-15.793,-0.771,-1,400.000,-1,400.000,-1,325.000,325.000,300.000,300.000,-1,-1,-1,-1,825.000,800.000,-1,-1,2,0,2,0,2,0,0,0,0,2,2,2,2,0,0,2,2
48,974.530,-7776.030,36.537,148.399,-0.851805,-0.523809,0.007244,0.523801,-0.851420,0.026762,-0.007850,0.026590,0.999616,0,-0.18322,-0.38560,-10.993,-0.771,-1,400.000,-1,400.000,-1,325.000,325.000,300.000,300.000,-1,-1,-1,-1,825.000,800.000,-1,-1,2,0,2,0,2,0,0,0,0,2,2,2,2,0,0,2,2
49,979.760,-7779.346,36.597,147.628,-0.844678,-0.535225,0.007273,0.535213,-0.844298,0.026622,-0.008108,0.026380,0.999619,0,-0.10322,-0.38560,-6.193,-0.771,-1,400.000,-1,400.000,-1,325.000,325.000,300.000,300.000,-1,-1,-1,-1,825.000,800.000,-1,-1,2,0,2,0,2,0,0,0,0,2,2,2,2,0,0,2,2
50,980.927,-7780.108,36.613,146.857,-0.837400,-0.546543,0.007236,0.546526,-0.837022,0.026533,-0.008445,0.026173,0.999622,0,-0.02322,-0.38560,-1.393,-0.771,-1,400.000,-1,400.000,-1,325.000,325.000,300.000,300.000,-1,-1,-1,-1,825.000,800.000,-1,-1,2,0,2,0,2,0,0,0,0,2,2,2,2,0,0,2,2
51,978.100,-7778.207,36.583,146.086,-0.829970,-0.557763,0.007127,0.557738,-0.829594,0.026492,-0.008863,0.025963,0.999624,0,0.05678,-0.38560,3.407,-0.771,-1,400.000,-1,400.000,-1,325.000,325.000,300.000,300.000,-1,-1,-1,-1,825.000,800.000,-1,-1,2,0,2,0,2,0,0,0,0,2,2,2,2,0,0,2,2
52,971.351,-7773.536,36.501,145.315,-0.822390,-0.568882,0.006944,0.568847,-0.822016,0.026495,-0.009365,0.025739,0.999625,0,0.13678,-0.38560,8.207,-0.771,-1,400.000,-1,400.000,-1,325.000,325.000,300.000,300.000,-1,-1,-1,-1,825.000,800.000,-1,-1,2,0,2,0,2,0,0,0,0,2,2,2,2,0,0,2,2
53,960.757,-7765.991,36.362,144.543,-0.814662,-0.579898,0.006679,0.579851,-0.814290,0.026541,-0.009952,0.025495,0.999625,0,0.21678,-0.38560,13.007,-0.771,-1,400.000,-1,400.000,-1,325.000,325.000,300.000,300.000,-1,-1,-1,-1,825.000,800.000,-1,-1,2,0,2,0,2,0,0,0,0,2,2,2,2,0,0,2,2
54,946.392,-7755.467,36.158,143.772,-0.806786,-0.590810,0.006325,0.590748,-0.806417,0.026627,-0.010631,0.025218,0.999625,0,0.29678,-0.38560,17.807,-0.771,-1,400.000,-1,400.000,-1,325.000,325.000,300.000,300.000,-1,-1,-1,-1,825.000,800.000,-1,-1,2,0,2,0,2,0,0,0,0,2,2,2,2,0,0,2,2
55,928.338,-7741.862,35.882,143.001,-0.798765,-0.601615,0.005874,0.601536,-0.798398,0.026750,-0.011404,0.024900,0.999625,0,0.37678,-0.38560,22.607,-0.771,-1,400.000,-1,400.000,-1,325.000,325.000,300.000,300.000,-1,-1,-1,-1,825.000,800.000,-1,-1,2,0,2,0,2,0,0,0,0,2,2,2,2,0,0,2,2
56,906.673,-7725.076,35.523,142.230,-0.790598,-0.612312,0.005315,0.612212,-0.790235,0.026911,-0.012277,0.024530,0.999624,0,0.45678,-0.38560,27.407,-0.771,-1,400.000,-1,400.000,-1,325.000,325.000,300.000,300.000,-1,-1,-1,-1,825.000,800.000,-1,-1,2,0,2,0,2,0,0,0,0,2,2,2,2,0,0,2,2
57,881.483,-7705.008,35.084,141.459,-0.782289,-0.622899,0.004639,0.622774,-0.781929,0.027177,-0.013301,0.024149,0.999620,0,0.53678,-0.38560,32.207,-0.771,-1,400.000,-1,400.000,-1,325.000,325.000,300.000,300.000,-1,-1,-1,-1,825.000,775.000,-1,-1,2,0,2,0,2,0,0,0,0,2,2,2,2,0,0,2,2
58,852.850,-7681.562,34.541,140.687,-0.773837,-0.633374,0.003834,0.633220,-0.773483,0.027504,-0.014455,0.023711,0.999614,0,0.61678,-0.38560,37.007,-0.771,-1,400.000,-1,400.000,-1,325.000,325.000,300.000,300.000,-1,-1,-1,-1,800.000,775.000,-1,-1,2,0,2,0,2,0,0,0,0,2,2,2,2,0,0,2,2
59,820.864,-7654.642,33.873,139.916,-0.765243,-0.643735,0.002887,0.643550,-0.764897,0.027844,-0.015716,0.023165,0.999608,0,0.69678,-0.38560,41.807,-0.771,-1,400.000,-1,400.000,-1,325.000,325.000,300.000,300.000,-1,-1,-1,-1,800.000,775.000,-1,-1,2,0,2,0,2,0,0,0,0,2,2,2,2,0,0,2,2
60,785.612,-7624.154,33.059,139.145,-0.756508,-0.653983,0.001783,0.653762,-0.756175,0.028186,-0.017085,0.022489,0.999601,0,0.77678,-0.38560,46.607,-0.771,-1,400.000,-1,400.000,-1,325.000,325.000,300.000,300.000,-1,-1,-1,-1,800.000,775.000,-1,-1,2,0,2,0,2,0,0,0,0,2,2,2,2,0,0,2,2
61,747.187,-7590.007,32.079,138.374,-0.747632,-0.664113,0.000493,0.663854,-0.747318,0.028519,-0.018571,0.021649,0.999593,0,0.85676,-0.38560,51.406,-0.771,-1,400.000,-1,400.000,-1,325.000,325.000,300.000,300.000,-1,-1,-1,-1,800.000,750.000,-1,-1,2,0,2,0,2,0,0,0,0,2,2,2,2,0,0,2,2
62,709.225,-7555.345,31.036,137.603,-0.738617,-0.674125,-0.000765,0.673828,-0.738326,0.028823,-0.019995,0.020773,0.999584,0,0.85676,-0.38560,51.406,-0.771,-1,400.000,-1,400.000,-1,325.000,325.000,300.000,300.000,-1,-1,-1,-1,800.000,750.000,-1,-1,2,0,2,0,2,0,0,0,0,2,2,2,2,0,0,2,2
63,671.733,-7520.176,30.077,136.831,-0.729476,-0.684005,-0.001229,0.683688,-0.729190,0.029207,-0.020874,0.020466,0.999573,0,0.85676,-0.38560,51.406,-0.771,-1,400.000,-1,400.000,-1,325.000,325.000,300.000,300.000,-1,-1,-1,-1,775.000,750.000,-1,-1,2,0,2,0,2,0,0,0,0,2,2,2,2,0,0,2,2
64,634.717,-7484.505,29.103,136.060,-0.720199,-0.693765,-0.001879,0.693425,-0.719925,0.029509,-0.021825,0.019949,0.999563,0,0.85676,-0.38560,51.406,-0.771,-1,400.000,-1,400.000,-1,325.000,325.000,300.000,300.000,-1,-1,-1,-1,775.000,725.000,-1,-1,2,0,2,0,2,0,0,0,0,2,2,2,2,0,0,2,2
65,598.185,-7448.339,28.129,135.289,-0.710785,-0.703403,-0.002796,0.703036,-0.710533,0.029727,-0.022896,0.019164,0.999554,0,0.85676,-0.38560,51.406,-0.771,-1,400.000,-1,400.000,-1,325.000,325.000,300.000,300.000,-1,-1,-1,-1,775.000,725.000,-1,-1,2,0,2,0,2,0,0,0,0,2,2,2,2,0,0,2,2
66,562.143,-7411.685,27.058,134.518,-0.701244,-0.712912,-0.003523,0.712524,-0.701010,0.029918,-0.023798,0.018469,0.999546,0,0.85676,-0.38560,51.406,-0.771,-1,400.000,-1,400.000,-1,325.000,325.000,300.000,300.000,-1,-1,-1,-1,775.000,725.000,-1,-1,2,0,2,0,2,0,0,0,0,2,2,2,2,0,0,2,2
67,526.598,-7374.549,25.902,133.746,-0.691576,-0.722292,-0.004117,0.721886,-0.691359,0.030068,-0.024564,0.017822,0.999539,0,0.85676,-0.38560,51.406,-0.771,-1,400.000,-1,400.000,-1,325.000,325.000,300.000,300.000,-1,-1,-1,-1,775.000,725.000,-1,-1,2,0,2,0,2,0,0,0,0,2,2,2,2,0,0,2,2
68,491.556,-7336.938,24.683,132.975,-0.681782,-0.731541,-0.004679,0.731119,-0.681582,0.030163,-0.025255,0.017143,0.999534,0,0.85676,-0.38560,51.406,-0.771,-1,400.000,-1,375.000,-1,325.000,325.000,300.000,300.000,-1,-1,-1,-1,750.000,725.000,-1,-1,2,0,2,0,2,0,0,0,0,2,2,2,2,0,0,2,2
69,457.023,-7298.859,23.400,132.204,-0.671863,-0.740657,-0.005213,0.740223,-0.671682,0.030201,-0.025870,0.016432,0.999530,0,0.85676,-0.38560,51.406,-0.771,-1,400.000,-1,375.000,-1,325.000,325.000,300.000,300.000,-1,-1,-1,-1,750.000,700.000,-1,-1,2,0,2,0,2,0,0,0,0,2,2,2,2,0,0,2,2
70,423.006,-7260.319,22.208,131.433,-0.661813,-0.749646,-0.005847,0.749220,-0.661666,0.029457,-0.025951,0.015114,0.999549,0,0.85676,-0.38560,51.406,-0.771,-1,400.000,-1,375.000,-1,325.000,325.000,300.000,300.000,-1,-1,-1,-1,750.000,700.000,-1,-1,2,0,2,0,2,0,0,0,0,2,2,2,2,0,0,2,2
71,389.510,-7221.324,20.992,130.662,-0.651640,-0.758500,-0.006511,0.758088,-0.651530,0.028471,-0.025838,0.013617,0.999573,0,0.85676,-0.38560,51.406,-0.771,-1,400.000,-1,375.000,-1,325.000,325.000,300.000,300.000,-1,-1,-1,-1,725.000,700.000,-1,-1,2,0,2,0,2,0,0,0,0,2,2,2,2,0,0,2,2
72,356.543,-7181.882,19.725,129.890,-0.641348,-0.767217,-0.007188,0.766822,-0.641275,0.027378,-0.025615,0.012047,0.999599,0,0.85676,-0.38560,51.406,-0.771,-1,400.000,-1,375.000,-1,325.000,325.000,300.000,300.000,-1,-1,-1,-1,725.000,700.000,-1,-1,2,0,2,0,2,0,0,0,0,2,2,2,2,0,0,2,2
73,324.109,-7141.999,18.449,129.119,-0.630936,-0.775794,-0.007939,0.775428,-0.630903,0.025919,-0.025116,0.010197,0.999633,0,0.85676,-0.38560,51.406,-0.771,-1,400.000,-1,375.000,-1,325.000,325.000,300.000,300.000,-1,-1,-1,-1,725.000,700.000,-1,-1,2,0,2,0,2,0,0,0,0,2,2,2,2,0,0,2,2
74,292.215,-7101.684,17.244,128.348,-0.620413,-0.784228,-0.008621,0.783884,-0.620414,0.024768,-0.024772,0.008608,0.999656,0,0.85676,-0.38560,51.406,-0.771,-1,400.000,-1,375.000,-1,325.000,325.000,300.000,300.000,-1,-1,-1,-1,725.000,700.000,-1,-1,2,0,2,0,2,0,0,0,0,2,2,2,2,0,0,2,2
75,260.867,-7060.943,16.089,127.577,-0.609783,-0.792515,-0.009201,0.792185,-0.609808,0.024014,-0.024642,0.007354,0.999669,0,0.85676,-0.38560,51.406,-0.771,-1,400.000,-1,375.000,-1,325.000,325.000,300.000,300.000,-1,-1,-1,-1,725.000,700.000,-1,-1,2,0,2,0,2,0,0,0,0,2,2,2,2,0,0,2,2
76,231.455,-7021.290,14.948,126.566,-0.595683,-0.803161,-0.009762,0.802845,-0.595732,0.023299,-0.024528,0.006041,0.999681,0,0.82285,-0.50560,49.371,-1.011,-1,375.000,-1,375.000,-1,325.000,325.000,300.000,300.000,-1,-1,-1,-1,700.000,700.000,-1,-1,2,0,2,0,2,0,0,0,0,2,2,2,2,0,0,2,2
77,202.916,-6981.004,13.847,125.314,-0.577991,-0.815982,-0.009969,0.815685,-0.578056,0.022572,-0.024181,0.004915,0.999696,0,0.82285,-0.62560,49.371,-1.251,-1,375.000,-1,375.000,-1,325.000,325.000,300.000,300.000,-1,-1,-1,-1,700.000,700.000,-1,-1,2,0,2,0,2,0,0,0,0,2,2,2,2,0,0,2,2
78,175.386,-6940.021,12.879,123.890,-0.557537,-0.830100,-0.009338,0.829826,-0.557598,0.021763,-0.023272,0.004385,0.999720,0,0.82285,-0.71211,49.371,-1.424,-1,375.000,-1,375.000,-1,325.000,325.000,300.000,300.000,-1,-1,-1,-1,700.000,700.000,-1,-1,2,0,2,0,2,0,0,0,0,2,2,2,2,0,0,2,2
79,148.884,-6898.366,11.886,122.466,-0.536738,-0.843704,-0.008715,0.843454,-0.536795,0.020888,-0.022301,0.003861,0.999744,0,0.82285,-0.71211,49.371,-1.424,-1,375.000,-1,375.000,-1,325.000,325.000,300.000,300.000,-1,-1,-1,-1,700.000,700.000,-1,-1,2,0,2,0,2,0,0,0,0,2,2,2,2,0,0,2,2
80,123.426,-6856.066,10.870,121.042,-0.515607,-0.856787,-0.008103,0.856561,-0.515660,0.019946,-0.021268,0.003343,0.999768,0,0.82285,-0.71211,49.371,-1.424,-1,375.000,-1,375.000,-1,325.000,325.000,300.000,300.000,-1,-1,-1,-1,725.000,700.000,-1,-1,2,0,2,0,2,0,0,0,0,2,2,2,2,0,0,2,2
81,99.026,-6813.145,9.830,119.618,-0.494157,-0.869340,-0.007507,0.869138,-0.494206,0.018936,-0.020172,0.002833,0.999793,0,0.82285,-0.71211,49.371,-1.424,-1,375.000,-1,375.000,-1,325.000,325.000,300.000,300.000,-1,-1,-1,-1,725.000,700.000,-1,-1,2,0,2,0,2,0,0,0,0,2,2,2,2,0,0,2,2
82,75.701,-6769.632,8.768,118.193,-0.472402,-0.881356,-0.006931,0.881178,-0.472447,0.017860,-0.019015,0.002329,0.999816,0,0.82285,-0.71211,49.371,-1.424,-1,375.000,-1,375.000,-1,325.000,325.000,300.000,300.000,-1,850.000,-1,-1,725.000,700.000,-1,-1,2,0,2,0,2,0,0,0,0,2,0,2,2,0,0,2,2
83,53.465,-6725.553,7.712,116.769,-0.450357,-0.892827,-0.006244,0.892673,-0.450396,0.016687,-0.017711,0.001941,0.999841,0,0.82285,-0.71211,49.371,-1.424,-1,400.000,-1,375.000,-1,325.000,325.000,300.000,300.000,-1,750.000,925.000,-1,725.000,700.000,-1,-1,2,0,2,0,2,0,0,0,0,2,0,0,2,0,0,2,2
84,32.331,-6680.934,6.789,115.345,-0.428029,-0.903746,-0.005831,0.903614,-0.428066,0.015499,-0.016503,0.001365,0.999863,0,0.82285,-0.71211,49.371,-1.424,-1,400.000,-1,375.000,-1,325.000,325.000,300.000,300.000,-1,725.000,850.000,-1,725.000,700.000,-1,-1,2,0,2,0,2,0,0,0,0,2,0,0,2,0,0,2,2
85,12.312,-6635.804,5.915,113.921,-0.405431,-0.914107,-0.005821,0.913995,-0.405472,0.014347,-0.015475,0.000497,0.999880,0,0.82285,-0.71211,49.371,-1.424,-1,375.000,-1,375.000,-1,325.000,325.000,300.000,300.000,-1,700.000,800.000,-1,725.000,700.000,-1,-1,2,0,2,0,2,0,0,0,0,2,0,0,2,0,0,2,2
86,-6.578,-6590.190,5.139,112.497,-0.382578,-0.923903,-0.006176,0.923815,-0.382627,0.012712,-0.014108,-0.000842,0.999900,0,0.82285,-0.71211,49.371,-1.424,-1,375.000,-1,375.000,-1,325.000,325.000,300.000,300.000,-1,700.000,775.000,-1,725.000,725.000,-1,-1,2,0,2,0,2,0,0,0,0,2,0,0,2,0,0,2,2
87,-24.190,-6545.048,4.419,111.312,-0.363394,-0.931611,-0.006785,0.931548,-0.363450,0.011042,-0.012753,-0.002308,0.999916,0,0.80760,-0.59211,48.456,-1.184,-1,375.000,-1,375.000,-1,325.000,325.000,300.000,300.000,-1,650.000,725.000,-1,725.000,725.000,-1,-1,2,0,2,0,2,0,0,0,0,2,0,0,2,0,0,2,2
88,-41.055,-6499.622,3.733,110.368,-0.347985,-0.937469,-0.007627,0.937429,-0.348047,0.009440,-0.011505,-0.003865,0.999926,0,0.80760,-0.47211,48.456,-0.944,-1,375.000,-1,375.000,-1,325.000,325.000,300.000,300.000,-1,600.000,675.000,-1,725.000,725.000,-1,-1,2,0,2,0,2,0,0,0,0,2,0,0,2,0,0,2,2
89,-57.360,-6453.992,3.240,109.664,-0.336435,-0.941673,-0.007984,0.941644,-0.336498,0.008706,-0.010885,-0.004589,0.999930,0,0.80760,-0.35211,48.456,-0.704,-1,375.000,-1,375.000,-1,325.000,325.000,300.000,300.000,-1,625.000,700.000,-1,725.000,750.000,-1,-1,2,0,2,0,2,0,0,0,0,2,0,0,2,0,0,2,2
90,-73.296,-6408.232,2.880,109.200,-0.328800,-0.944368,-0.007733,0.944346,-0.328858,0.007911,-0.010014,-0.004701,0.999939,0,0.80760,-0.23211,48.456,-0.464,-1,375.000,-1,375.000,-1,325.000,325.000,300.000,300.000,-1,650.000,700.000,-1,725.000,750.000,-1,-1,2,0,2,0,2,0,0,0,0,2,0,0,2,0,0,2,2
91,-89.052,-6362.409,2.532,108.975,-0.325109,-0.945647,-0.007403,0.945633,-0.325160,0.007082,-0.009104,-0.004698,0.999948,0,0.80760,-0.11211,48.456,-0.224,-1,400.000,-1,375.000,-1,325.000,325.000,300.000,300.000,-1,650.000,700.000,-1,750.000,750.000,-1,-1,2,0,2,0,2,0,0,0,0,2,0,0,2,0,0,2,2
92,-104.664,-6316.538,2.175,108.796,-0.322146,-0.946664,-0.007095,0.946655,-0.322189,0.006256,-0.008208,-0.004701,0.999955,0,0.80760,-0.08993,48.456,-0.180,-1,400.000,-1,400.000,-1,325.000,325.000,300.000,300.000,-1,650.000,725.000,-1,750.000,775.000,-1,-1,2,0,2,0,2,0,0,0,0,2,0,0,2,0,0,2,2
93,-120.132,-6270.617,1.810,108.616,-0.319178,-0.947670,-0.006809,0.947666,-0.319216,0.005433,-0.007322,-0.004719,0.999962,0,0.80760,-0.08993,48.456,-0.180,-1,400.000,-1,400.000,-1,325.000,325.000,300.000,300.000,-1,675.000,725.000,-1,750.000,775.000,-1,-1,2,0,2,0,2,0,0,0,0,2,0,0,2,0,0,2,2
94,-135.455,-6224.648,1.436,108.436,-0.316208,-0.948667,-0.006545,0.948668,-0.316240,0.004614,-0.006447,-0.004750,0.999968,0,0.80760,-0.08993,48.456,-0.180,-1,400.000,-1,400.000,-1,325.000,325.000,300.000,300.000,-1,675.000,725.000,-1,775.000,775.000,-1,-1,2,0,2,0,2,0,0,0,0,2,0,0,2,0,0,2,2
95,-150.635,-6178.632,1.054,108.256,-0.313233,-0.949655,-0.006304,0.949660,-0.313260,0.003798,-0.005582,-0.004797,0.999973,0,0.80760,-0.08993,48.456,-0.180,-1,400.000,-1,400.000,-1,325.000,325.000,300.000,300.000,-1,700.000,725.000,-1,775.000,800.000,-1,-1,2,0,2,0,2,0,0,0,0,2,0,0,2,0,0,2,2
96,-165.670,-6132.567,0.664,108.076,-0.310256,-0.950634,-0.006084,0.950641,-0.310277,0.002987,-0.004727,-0.004858,0.999977,0,0.80760,-0.08993,48.456,-0.180,-1,400.000,-1,400.000,-1,325.000,325.000,300.000,300.000,-1,700.000,750.000,-1,775.000,800.000,-1,-1,2,0,2,0,2,0,0,0,0,2,0,0,2,0,0,2,2
97,-180.560,-6086.456,0.314,107.896,-0.307274,-0.951604,-0.005746,0.951612,-0.307292,0.002391,-0.004041,-0.004734,0.999981,0,0.80760,-0.08993,48.456,-0.180,-1,400.000,-1,400.000,-1,325.000,325.000,300.000,300.000,-1,725.000,750.000,-1,800.000,800.000,-1,-1,2,0,2,0,2,0,0,0,0,2,0,0,2,0,0,2,2
98,-195.305,-6040.299,-0.023,107.716,-0.304290,-0.952564,-0.005370,0.952573,-0.304303,0.001886,-0.003430,-0.004541,0.999984,0,0.80760,-0.08993,48.456,-0.180,-1,400.000,-1,400.000,-1,325.000,325.000,300.000,300.000,-1,725.000,775.000,-1,800.000,800.000,-1,-1,2,0,2,0,2,0,0,0,0,2,0,0,2,0,0,2,2
99,-209.906,-5994.095,-0.350,107.537,-0.301301,-0.953515,-0.005101,0.953525,-0.301312,0.001410,-0.002881,-0.004439,0.999986,0,0.80760,-0.08993,48.456,-0.180,-1,400.000,-1,400.000,-1,325.000,325.000,300.000,300.000,-1,750.000,800.000,-1,800.000,825.000,-1,-1,2,0,2,0,2,0,0,0,0,2,0,0,2,0,0,2,2
100,-224.361,-5947.846,-0.601,107.357,-0.298306,-0.954456,-0.005298,0.954466,-0.298317,0.001307,-0.002828,-0.004667,0.999985,0,0.80760,-0.08993,48.456,-0.180,-1,400.000,-1,400.000,-1,325.000,325.000,300.000,300.000,-1,800.000,825.000,-1,800.000,850.000,-1,-1,2,0,2,0,2,0,0,0,0,2,0,0,2,0,0,2,2
101,-238.671,-5901.551,-0.990,107.177,-0.295307,-0.955388,-0.005167,0.955397,-0.295319,0.001715,-0.003165,-0.004430,0.999985,0,0.80760,-0.08993,48.456,-0.180,-1,400.000,-1,400.000,-1,325.000,325.000,300.000,300.000,-1,850.000,875.000,-1,800.000,850.000,-1,-1,2,0,2,0,2,0,0,0,0,2,0,0,2,0,0,2,2
102,-252.836,-5855.212,-1.386,106.997,-0.292306,-0.956312,-0.005057,0.956319,-0.292319,0.002115,-0.003500,-0.004218,0.999985,0,0.80760,-0.08993,48.456,-0.180,-1,400.000,-1,400.000,-1,325.000,325.000,300.000,300.000,-1,900.000,950.000,-1,825.000,850.000,-1,-1,2,0,2,0,2,0,0,0,0,2,0,0,2,0,0,2,2
103,-266.855,-5808.828,-1.690,106.817,-0.289301,-0.957227,-0.004673,0.957229,-0.289316,0.002931,-0.004157,-0.003626,0.999985,0,0.80760,-0.08993,48.456,-0.180,-1,400.000,-1,400.000,-1,325.000,325.000,300.000,300.000,-1,975.000,-1,-1,825.000,875.000,-1,-1,2,0,2,0,2,0,0,0,0,2,0,2,2,0,0,2,2
104,-280.728,-5762.401,-2.110,106.637,-0.286290,-0.958131,-0.004879,0.958128,-0.286310,0.004081,-0.005307,-0.003506,0.999980,0,0.80760,-0.08993,48.456,-0.180,-1,400.000,-1,400.000,-1,325.000,325.000,300.000,300.000,-1,-1,-1,-1,825.000,875.000,-1,-1,2,0,2,0,2,0,0,0,0,2,2,2,2,0,0,2,2
105,-294.456,-5715.931,-2.539,106.457,-0.283276,-0.959025,-0.005107,0.959017,-0.283301,0.005215,-0.006448,-0.003420,0.999973,0,0.80760,-0.08993,48.456,-0.180,-1,400.000,-1,400.000,-1,325.000,325.000,300.000,300.000,-1,-1,-1,-1,825.000,875.000,-1,-1,2,0,2,0,2,0,0,0,0,2,2,2,2,0,0,2,2
106,-308.037,-5669.417,-2.976,106.278,-0.280258,-0.959910,-0.005352,0.959895,-0.280289,0.006332,-0.007578,-0.003363,0.999966,0,0.80760,-0.08993,48.456,-0.180,-1,400.000,-1,400.000,-1,325.000,325.000,300.000,300.000,-1,-1,-1,-1,825.000,875.000,-1,-1,2,0,2,0,2,0,0,0,0,2,2,2,2,0,0,2,2
107,-321.473,-5622.862,-3.421,106.098,-0.277238,-0.960785,-0.005613,0.960762,-0.277274,0.007431,-0.008696,-0.003333,0.999957,0,0.80760,-0.08993,48.456,-0.180,-1,400.000,-1,400.000,-1,325.000,325.000,300.000,300.000,-1,-1,-1,-1,825.000,875.000,-1,-1,2,0,2,0,2,0,0,0,0,2,2,2,2,0,0,2,2
108,-334.762,-5576.264,-3.875,105.918,-0.274214,-0.961651,-0.005892,0.961619,-0.274257,0.008513,-0.009802,-0.003331,0.999946,0,0.80760,-0.08993,48.456,-0.180,-1,400.000,-1,400.000,-1,325.000,325.000,300.000,300.000,-1,-1,-1,-1,825.000,875.000,-1,-1,2,0,2,0,2,0,0,0,0,2,2,2,2,0,0,2,2
109,-347.697,-5531.091,-4.322,105.978,-0.275217,-0.961362,-0.006185,0.961321,-0.275266,0.009541,-0.010875,-0.003320,0.999935,0,0.78314,0.03007,46.988,0.060,-1,400.000,-1,400.000,-1,325.000,325.000,300.000,300.000,-1,-1,-1,-1,825.000,875.000,-1,-1,2,0,2,0,2,0,0,0,0,2,2,2,2,0,0,2,2
110,-360.868,-5485.986,-4.777,106.278,-0.280242,-0.959907,-0.006508,0.959855,-0.280298,0.010550,-0.011952,-0.003290,0.999923,0,0.78314,0.15007,46.988,0.300,-1,400.000,-1,400.000,-1,325.000,325.000,300.000,300.000,-1,-1,-1,-1,825.000,875.000,-1,-1,2,0,2,0,2,0,0,0,0,2,2,2,2,0,0,2,2
111,-374.463,-5441.007,-5.240,106.818,-0.289272,-0.957222,-0.006869,0.957158,-0.289335,0.011540,-0.013033,-0.003236,0.999910,0,0.78314,0.27007,46.988,0.540,-1,400.000,-1,400.000,-1,325.000,325.000,300.000,300.000,-1,-1,-1,-1,800.000,875.000,-1,-1,2,0,2,0,2,0,0,0,0,2,2,2,2,0,0,2,2
112,-388.670,-5396.218,-5.711,107.598,-0.302270,-0.953194,-0.007274,0.953118,-0.302342,0.012507,-0.014121,-0.003153,0.999895,0,0.78314,0.39007,46.988,0.780,-1,400.000,-1,425.000,-1,325.000,325.000,300.000,300.000,-1,-1,-1,-1,800.000,875.000,-1,-1,2,0,2,0,2,0,0,0,0,2,2,2,2,0,0,2,2
113,-403.672,-5351.689,-6.189,108.619,-0.319185,-0.947661,-0.007731,0.947570,-0.319264,0.013449,-0.015213,-0.003033,0.999880,0,0.78314,0.51007,46.988,1.020,-1,400.000,-1,425.000,-1,325.000,325.000,300.000,300.000,-1,-1,-1,-1,800.000,875.000,-1,-1,2,0,2,0,2,0,0,0,0,2,2,2,2,0,0,2,2
114,-419.649,-5307.500,-6.874,109.879,-0.339955,-0.940413,-0.007380,0.940309,-0.340029,0.014098,-0.015768,-0.002146,0.999873,0,0.78314,0.63007,46.988,1.260,-1,400.000,-1,425.000,-1,325.000,325.000,300.000,300.000,-1,-1,-1,-1,800.000,875.000,-1,-1,2,0,2,0,2,0,0,0,0,2,2,2,2,0,0,2,2
115,-436.778,-5263.745,-7.886,111.379,-0.364478,-0.931191,-0.006300,0.931053,-0.364532,0.016036,-0.017229,-0.000021,0.999852,0,0.78314,0.75007,46.988,1.500,-1,400.000,-1,425.000,-1,325.000,325.000,300.000,300.000,-1,-1,-1,-1,800.000,875.000,-1,-1,2,0,2,0,2,0,0,0,0,2,2,2,2,0,0,2,2
116,-455.227,-5220.530,-8.855,113.119,-0.392607,-0.919690,-0.005464,0.919520,-0.392640,0.017802,-0.018518,0.001965,0.999827,0,0.78314,0.87007,46.988,1.740,-1,400.000,-1,400.000,-1,325.000,325.000,300.000,300.000,-1,-1,-1,-1,775.000,850.000,-1,-1,2,0,2,0,2,0,0,0,0,2,2,2,2,0,0,2,2
117,-475.159,-5177.979,-9.813,115.099,-0.424173,-0.905569,-0.004800,0.905366,-0.424182,0.019538,-0.019729,0.003941,0.999798,0,0.78314,0.99007,46.988,1.980,-1,400.000,-1,400.000,-1,325.000,325.000,300.000,300.000,-1,-1,-1,-1,775.000,850.000,-1,-1,2,0,2,0,2,0,0,0,0,2,2,2,2,0,0,2,2
118,-496.564,-5136.149,-10.846,117.099,-0.455535,-0.890207,-0.004486,0.889980,-0.455524,0.020818,-0.020576,0.005491,0.999773,0,0.78314,1.00000,46.988,2.000,-1,400.000,-1,400.000,-1,325.000,325.000,300.000,300.000,-1,-1,-1,-1,775.000,850.000,-1,-1,2,0,2,0,2,0,0,0,0,2,2,2,2,0,0,2,2
119,-519.415,-5095.091,-11.881,119.099,-0.486339,-0.873759,-0.004333,0.873511,-0.486310,0.021949,-0.021285,0.006890,0.999750,0,0.78314,1.00000,46.988,2.000,-1,400.000,-1,400.000,-1,325.000,325.000,300.000,300.000,-1,-1,-1,-1,775.000,825.000,-1,-1,2,0,2,0,2,0,0,0,0,2,2,2,2,0,0,2,2
120,-541.568,-5058.367,-12.809,121.099,-0.516549,-0.856247,-0.004314,0.855979,-0.516502,0.022916,-0.021850,0.008144,0.999728,0,0.71481,1.00000,42.888,2.000,-1,400.000,-1,400.000,-1,325.000,325.000,300.000,300.000,-1,-1,-1,-1,750.000,825.000,-1,-1,2,0,2,0,2,0,0,0,0,2,2,2,2,0,0,2,2
121,-564.989,-5022.438,-13.779,123.099,-0.546121,-0.837693,-0.004707,0.837403,-0.546066,0.023842,-0.022543,0.009079,0.999705,0,0.71481,1.00000,42.888,2.000,-1,400.000,-1,400.000,-1,325.000,325.000,300.000,300.000,-1,-1,-1,-1,750.000,825.000,-1,-1,2,0,2,0,2,0,0,0,0,2,2,2,2,0,0,2,2
122,-589.649,-4987.349,-14.656,125.099,-0.575033,-0.818116,-0.004789,0.817809,-0.574962,0.024641,-0.022913,0.010253,0.999685,0,0.71481,1.00000,42.888,2.000,-1,400.000,-1,400.000,-1,325.000,325.000,300.000,300.000,-1,-1,-1,-1,750.000,800.000,-1,-1,2,0,2,0,2,0,0,0,0,2,2,2,2,0,0,2,2
123,-615.519,-4953.141,-15.431,127.099,-0.603250,-0.797539,-0.004516,0.797222,-0.603154,0.025347,-0.022939,0.011690,0.999669,0,0.71481,1.00000,42.888,2.000,-1,375.000,-1,400.000,-1,325.000,325.000,300.000,300.000,-1,-1,-1,-1,750.000,800.000,-1,-1,2,0,2,0,2,0,0,0,0,2,2,2,2,0,0,2,2
124,-642.568,-4919.858,-16.180,129.099,-0.630730,-0.775990,-0.004281,0.775665,-0.630609,0.025994,-0.022871,0.013075,0.999653,0,0.71481,1.00000,42.888,2.000,-1,375.000,-1,400.000,-1,325.000,325.000,300.000,300.000,-1,-1,-1,-1,725.000,800.000,-1,-1,2,0,2,0,2,0,0,0,0,2,2,2,2,0,0,2,2
125,-670.761,-4887.538,-16.903,131.099,-0.657440,-0.753496,-0.004077,0.753165,-0.657295,0.026582,-0.022709,0.014405,0.999638,0,0.71481,1.00000,42.888,2.000,-1,375.000,-1,400.000,-1,325.000,325.000,300.000,325.000,-1,-1,-1,-1,725.000,800.000,-1,-1,2,0,2,0,2,0,0,0,0,2,2,2,2,0,0,2,2
126,-700.065,-4856.223,-17.598,133.099,-0.683347,-0.730083,-0.003896,0.729749,-0.683178,0.027108,-0.022452,0.015681,0.999625,0,0.71481,1.00000,42.888,2.000,-1,375.000,-1,400.000,-1,325.000,325.000,300.000,325.000,-1,-1,-1,-1,725.000,800.000,-1,-1,2,0,2,0,2,0,0,0,0,2,2,2,2,0,0,2,2
127,-730.444,-4825.949,-18.546,135.099,-0.708437,-0.705769,-0.002421,0.705453,-0.708215,0.027721,-0.021279,0.017930,0.999613,0,0.71481,1.00000,42.888,2.000,-1,375.000,-1,400.000,-1,325.000,325.000,300.000,325.000,-1,-1,-1,-1,725.000,800.000,-1,-1,2,0,2,0,2,0,0,0,0,2,2,2,2,0,0,2,2
128,-761.862,-4796.754,-19.432,137.099,-0.732658,-0.680596,-0.001120,0.680300,-0.732385,0.028342,-0.020110,0.020003,0.999598,0,0.71481,1.00000,42.888,2.000,-1,375.000,-1,400.000,-1,325.000,325.000,300.000,325.000,-1,-1,-1,-1,725.000,800.000,-1,-1,2,0,2,0,2,0,0,0,0,2,2,2,2,0,0,2,2
129,-794.279,-4768.673,-20.271,139.099,-0.755980,-0.654595,0.000084,0.654322,-0.755661,0.028970,-0.018900,0.021956,0.999580,0,0.71481,1.00000,42.888,2.000,-1,375.000,-1,400.000,-1,325.000,325.000,300.000,300.000,-1,-1,-1,-1,725.000,800.000,-1,-1,2,0,2,0,2,0,0,0,0,2,2,2,2,0,0,2,2
130,-827.656,-4741.741,-21.063,141.099,-0.778376,-0.627798,0.001196,0.627551,-0.778013,0.029597,-0.017651,0.023788,0.999561,0,0.71481,1.00000,42.888,2.000,-1,375.000,-1,400.000,-1,325.000,325.000,300.000,300.000,-1,-1,-1,-1,725.000,800.000,-1,-1,2,0,2,0,2,0,0,0,0,2,2,2,2,0,0,2,2
131,-861.953,-4715.990,-21.807,143.099,-0.799819,-0.600238,0.002218,0.600019,-0.799415,0.030219,-0.016366,0.025500,0.999541,0,0.71481,1.00000,42.888,2.000,-1,375.000,-1,400.000,-1,325.000,325.000,300.000,300.000,-1,-1,-1,-1,725.000,800.000,-1,-1,2,0,2,0,2,0,0,0,0,2,2,2,2,0,0,2,2
132,-897.128,-4691.451,-22.448,145.099,-0.820281,-0.571952,0.003171,0.571767,-0.819846,0.030578,-0.014890,0.026896,0.999527,0,0.71481,1.00000,42.888,2.000,-1,400.000,-1,400.000,-1,325.000,325.000,300.000,300.000,-1,-1,-1,-1,725.000,800.000,-1,-1,2,0,2,0,2,0,0,0,0,2,2,2,2,0,0,2,2
133,-933.137,-4668.155,-23.038,147.099,-0.839741,-0.542972,0.004062,0.542823,-0.839278,0.030918,-0.013379,0.028168,0.999514,0,0.71481,1.00000,42.888,2.000,-1,400.000,-1,400.000,-1,325.000,325.000,300.000,300.000,-1,-1,-1,-1,725.000,800.000,-1,-1,2,0,2,0,2,0,0,0,0,2,2,2,2,0,0,2,2
134,-969.938,-4646.130,-23.589,149.099,-0.858175,-0.513334,0.004890,0.513220,-0.857687,0.031294,-0.011870,0.029365,0.999498,0,0.71481,1.00000,42.888,2.000,-1,400.000,-1,400.000,-1,325.000,325.000,300.000,300.000,-1,-1,-1,-1,725.000,800.000,-1,-1,2,0,2,0,2,0,0,0,0,2,2,2,2,0,0,2,2
135,-1007.528,-4625.379,-24.111,151.099,-0.875563,-0.483071,0.005647,0.482992,-0.875049,0.031753,-0.010398,0.030529,0.999480,0,0.71563,1.00000,42.938,2.000,-1,400.000,-1,400.000,-1,325.000,325.000,300.000,300.000,-1,-1,-1,-1,725.000,775.000,-1,-1,2,0,2,0,2,0,0,0,0,2,2,2,2,0,0,2,2
136,-1045.921,-4605.901,-24.594,153.099,-0.891882,-0.452223,0.006340,0.452179,-0.891344,0.032239,-0.008928,0.031620,0.999460,0,0.71753,1.00000,43.052,2.000,-1,400.000,-1,400.000,-1,325.000,325.000,300.000,300.000,-1,-1,850.000,-1,725.000,775.000,-1,-1,2,0,2,0,2,0,0,0,0,2,2,0,2,0,0,2,2
137,-1085.083,-4587.723,-25.028,155.099,-0.907114,-0.420826,0.006980,0.420819,-0.906555,0.032712,-0.007438,0.032611,0.999440,0,0.71959,1.00000,43.175,2.000,-1,375.000,-1,400.000,-1,325.000,325.000,300.000,300.000,-1,-1,725.000,-1,725.000,775.000,-1,-1,2,0,2,0,2,0,0,0,0,2,2,0,2,0,0,2,2
138,-1124.978,-4570.870,-25.413,157.099,-0.921240,-0.388920,0.007574,0.388949,-0.920662,0.033166,-0.005926,0.033500,0.999421,0,0.72181,1.00000,43.308,2.000,-1,375.000,-1,400.000,-1,325.000,325.000,300.000,300.000,-1,950.000,675.000,-1,725.000,775.000,-1,-1,2,0,2,0,2,0,0,0,0,2,0,0,2,0,0,2,2
