timestep,x_cm,y_cm,z_cm,yaw_deg,basis_xx,basis_xy,basis_xz,basis_yx,basis_yy,basis_yz,basis_zx,basis_zy,basis_zz,teleport_flag,throttle_cmd,steering_cmd,cmd_move_cm,cmd_turn_deg,lidar_cm_0,lidar_cm_1,lidar_cm_2,lidar_cm_3,lidar_cm_4,lidar_cm_5,lidar_cm_6,lidar_cm_7,lidar_cm_8,lidar_cm_9,lidar_cm_10,lidar_cm_11,lidar_cm_12,lidar_cm_13,lidar_cm_14,lidar_cm_15,lidar_cm_16,lidar_class_0,lidar_class_1,lidar_class_2,lidar_class_3,lidar_class_4,lidar_class_5,lidar_class_6,lidar_class_7,lidar_class_8,lidar_class_9,lidar_class_10,lidar_class_11,lidar_class_12,lidar_class_13,lidar_class_14,lidar_class_15,lidar_class_16
0,5577.602,-6883.009,-78.442,62.838,0.454663,-0.888299,-0.064858,0.890084,0.455788,-0.002891,0.032130,-0.056414,0.997890,1,0.08000,-0.12000,4.800,-0.240,-1,425.000,-1,375.000,-1,325.000,325.000,300.000,300.000,-1,550.000,475.000,775.000,975.000,775.000,-1,-1,2,0,2,0,2,0,0,0,0,2,1,1,1,0,0,2,2
1,5582.056,-6874.505,-78.124,62.358,0.462091,-0.884446,-0.065026,0.886244,0.463211,-0.002460,0.032296,-0.056492,0.997881,0,0.16000,-0.24000,9.600,-0.480,-1,425.000,-1,375.000,-1,325.000,325.000,300.000,300.000,-1,575.000,500.000,800.000,975.000,775.000,-1,-1,2,0,2,0,2,0,0,0,0,2,1,1,1,0,0,2,2
2,5588.897,-6861.833,-77.636,61.638,0.473171,-0.878549,-0.065267,0.880369,0.474286,-0.001810,0.032545,-0.056602,0.997866,0,0.24000,-0.36000,14.400,-0.720,-1,425.000,-1,375.000,-1,325.000,325.000,300.000,300.000,-1,600.000,500.000,800.000,950.000,775.000,-1,-1,2,0,2,0,2,0,0,0,0,2,1,1,1,0,0,2,2
3,5598.300,-6845.093,-76.962,60.678,0.487829,-0.870473,-0.065568,0.872320,0.488935,-0.000940,0.032877,-0.056738,0.997848,0,0.32000,-0.48000,19.200,-0.960,-1,425.000,-1,375.000,-1,325.000,325.000,300.000,300.000,-1,650.000,550.000,800.000,950.000,775.000,-1,-1,2,0,2,0,2,0,0,0,0,2,1,1,1,0,0,2,2
4,5610.451,-6824.396,-76.089,59.581,0.504407,-0.860947,-0.065906,0.862828,0.505497,0.000155,0.033182,-0.056944,0.997826,0,0.40000,-0.54824,24.000,-1.096,-1,425.000,-1,375.000,-1,325.000,325.000,300.000,300.000,-1,-1,575.000,825.000,950.000,775.000,-1,-1,2,0,2,0,2,0,0,0,0,2,2,1,1,0,0,2,2
5,5625.503,-6799.842,-75.004,58.491,0.520706,-0.851161,-0.066259,0.853086,0.521769,0.001482,0.033311,-0.057296,0.997801,0,0.48000,-0.54486,28.800,-1.090,-1,425.000,-1,375.000,-1,325.000,325.000,300.000,300.000,-1,-1,625.000,850.000,950.000,775.000,-1,-1,2,0,2,0,2,0,0,0,0,2,2,1,1,0,0,2,2
6,5643.601,-6771.533,-73.603,57.410,0.536697,-0.841154,-0.066456,0.843107,0.537739,0.002594,0.033554,-0.057422,0.997786,0,0.56000,-0.54082,33.600,-1.082,-1,425.000,-1,375.000,-1,325.000,325.000,300.000,300.000,-1,-1,700.000,875.000,925.000,775.000,-1,-1,2,0,2,0,2,0,0,0,0,2,2,1,1,0,0,2,2
7,5664.886,-6739.571,-72.092,56.337,0.552293,-0.830906,-0.067585,0.832935,0.553360,0.003467,0.034518,-0.058209,0.997707,0,0.64000,-0.53612,38.400,-1.072,-1,425.000,-1,375.000,-1,325.000,325.000,300.000,300.000,-1,-1,750.000,925.000,925.000,775.000,-1,-1,2,0,2,0,2,0,0,0,0,2,2,1,1,0,0,2,2
8,5689.494,-6704.064,-70.393,55.276,0.567520,-0.820453,-0.069126,0.822589,0.568619,0.004491,0.035622,-0.059412,0.997598,0,0.72000,-0.53078,43.200,-1.062,-1,425.000,-1,375.000,-1,325.000,325.000,300.000,300.000,-1,-1,850.000,975.000,925.000,775.000,-1,-1,2,0,2,0,2,0,0,0,0,2,2,1,1,0,0,2,2
9,5717.553,-6665.119,-68.436,54.226,0.582376,-0.809832,-0.070787,0.812091,0.583503,0.005705,0.036684,-0.060808,0.997475,0,0.80000,-0.52478,48.000,-1.050,-1,425.000,-1,375.000,-1,325.000,325.000,300.000,300.000,-1,-1,-1,-1,925.000,800.000,-1,-1,2,0,2,0,2,0,0,0,0,2,2,2,2,0,0,2,2
10,5748.057,-6624.018,-66.523,53.417,0.593716,-0.801375,-0.072802,0.803839,0.594789,0.008291,0.036658,-0.063444,0.997312,0,0.85307,-0.40478,51.184,-0.810,-1,425.000,-1,375.000,-1,325.000,325.000,300.000,300.000,-1,-1,-1,-1,925.000,800.000,-1,-1,2,0,2,0,2,0,0,0,0,2,2,2,2,0,0,2,2
11,5778.889,-6583.382,-64.666,52.808,0.602170,-0.794850,-0.074864,0.797554,0.603139,0.011457,0.036047,-0.066607,0.997128,0,0.85014,-0.30417,51.008,-0.608,-1,425.000,-1,400.000,-1,325.000,325.000,300.000,300.000,800.000,-1,-1,-1,900.000,825.000,-1,-1,2,0,2,0,2,0,0,0,0,1,2,2,2,0,0,2,2
12,5810.074,-6543.184,-62.765,52.194,0.610651,-0.788161,-0.076855,0.791107,0.611501,0.014684,0.035424,-0.069767,0.996934,0,0.84793,-0.30743,50.876,-0.615,-1,425.000,-1,400.000,-1,325.000,325.000,300.000,300.000,750.000,-1,-1,-1,900.000,825.000,-1,-1,2,0,2,0,2,0,0,0,0,1,2,2,2,0,0,2,2
13,5841.626,-6503.411,-60.824,51.572,0.619166,-0.781301,-0.078751,0.784490,0.619881,0.017971,0.034775,-0.072906,0.996732,0,0.84615,-0.31098,50.769,-0.622,-1,425.000,-1,400.000,-1,325.000,325.000,300.000,300.000,750.000,-1,-1,-1,875.000,850.000,-1,-1,2,0,2,0,2,0,0,0,0,1,2,2,2,0,0,2,2
14,5873.564,-6464.049,-59.076,50.942,0.627703,-0.774312,-0.080186,0.777685,0.628323,0.020406,0.034582,-0.075169,0.996571,0,0.84481,-0.31481,50.688,-0.630,-1,425.000,-1,400.000,-1,325.000,325.000,300.000,300.000,750.000,-1,-1,-1,875.000,850.000,-1,-1,2,0,2,0,2,0,0,0,0,1,2,2,2,0,0,2,2
15,5905.904,-6425.087,-57.481,50.304,0.636254,-0.767180,-0.081334,0.770690,0.636830,0.022032,0.034893,-0.076702,0.996443,0,0.84391,-0.31891,50.635,-0.638,-1,425.000,-1,400.000,-1,325.000,325.000,300.000,300.000,775.000,-1,-1,-1,875.000,875.000,-1,-1,2,0,2,0,2,0,0,0,0,1,2,2,2,0,0,2,2
16,5938.664,-6386.514,-55.852,49.658,0.644848,-0.759857,-0.082386,0.763501,0.645371,0.023696,0.035164,-0.078182,0.996319,0,0.84346,-0.32327,50.608,-0.647,-1,425.000,-1,400.000,-1,325.000,325.000,300.000,300.000,800.000,-1,-1,-1,875.000,900.000,-1,-1,2,0,2,0,2,0,0,0,0,1,2,2,2,0,0,2,2
17,5971.864,-6348.318,-54.187,49.002,0.653487,-0.752336,-0.083340,0.756110,0.653952,0.025396,0.035394,-0.079610,0.996198,0,0.84345,-0.32789,50.607,-0.656,-1,425.000,-1,425.000,-1,325.000,325.000,300.000,300.000,800.000,-1,-1,-1,875.000,900.000,-1,-1,2,0,2,0,2,0,0,0,0,1,2,2,2,0,0,2,2
18,6005.522,-6310.491,-52.401,48.336,0.662209,-0.744631,-0.083692,0.748489,0.662593,0.027104,0.035271,-0.080591,0.996123,0,0.84388,-0.33274,50.633,-0.665,-1,425.000,-1,425.000,-1,350.000,325.000,300.000,325.000,825.000,-1,-1,-1,875.000,925.000,-1,-1,2,0,2,0,2,0,0,0,0,1,2,2,2,0,0,2,2
19,6039.659,-6273.027,-50.815,47.661,0.671130,-0.736809,-0.081828,0.740569,0.671368,0.028698,0.033792,-0.079859,0.996233,0,0.84474,-0.33782,50.684,-0.676,-1,425.000,-1,425.000,-1,350.000,325.000,300.000,300.000,875.000,-1,-1,-1,875.000,925.000,-1,-1,2,0,2,0,2,0,0,0,0,1,2,2,2,0,0,2,2
20,6074.295,-6235.918,-49.189,46.975,0.680095,-0.728761,-0.079864,0.732414,0.680187,0.030259,0.032271,-0.079073,0.996346,0,0.84602,-0.34313,50.761,-0.686,-1,425.000,-1,425.000,-1,350.000,325.000,325.000,300.000,900.000,-1,-1,-1,875.000,900.000,-1,-1,2,0,2,0,2,0,0,0,0,1,2,2,2,0,0,2,2
21,6109.451,-6199.160,-47.521,46.277,0.689101,-0.720478,-0.077798,0.724015,0.689052,0.031785,0.030706,-0.078230,0.996462,0,0.84771,-0.34865,50.863,-0.697,-1,425.000,-1,400.000,-1,350.000,325.000,325.000,300.000,925.000,-1,-1,-1,875.000,900.000,-1,-1,2,0,2,0,2,0,0,0,0,1,2,2,2,0,0,2,2
22,6145.145,-6162.750,-46.046,45.568,0.698069,-0.711897,-0.076832,0.715408,0.697909,0.033390,0.029851,-0.078275,0.996485,0,0.84980,-0.35437,50.988,-0.709,-1,425.000,-1,400.000,-1,350.000,325.000,325.000,300.000,950.000,-1,-1,-1,850.000,900.000,-1,-1,2,0,2,0,2,0,0,0,0,1,2,2,2,0,0,2,2
23,6177.748,-6130.032,-44.788,45.100,0.703951,-0.706139,-0.076299,0.709655,0.703685,0.034894,0.029050,-0.078709,0.996474,0,0.76980,-0.23437,46.188,-0.469,-1,425.000,-1,425.000,-1,350.000,325.000,325.000,300.000,1000.000,-1,-1,-1,850.000,900.000,-1,-1,2,0,2,0,2,0,0,0,0,1,2,2,2,0,0,2,2
24,6207.079,-6100.832,-43.729,44.871,0.706861,-0.703285,-0.075752,0.706807,0.706460,0.036585,0.027786,-0.079402,0.996455,0,0.68980,-0.11437,41.388,-0.229,-1,425.000,-1,425.000,-1,350.000,325.000,325.000,300.000,-1,-1,-1,-1,850.000,900.000,-1,-1,2,0,2,0,2,0,0,0,0,2,2,2,2,0,0,2,2
25,6233.120,-6074.897,-42.859,44.882,0.706831,-0.703373,-0.075204,0.706900,0.706271,0.038388,0.026113,-0.080296,0.996429,0,0.61255,0.00563,36.753,0.011,-1,425.000,-1,425.000,-1,350.000,325.000,300.000,300.000,-1,-1,-1,-1,825.000,900.000,-1,-1,2,0,2,0,2,0,0,0,0,2,2,2,2,0,0,2,2
26,6259.153,-6048.740,-42.013,45.133,0.703865,-0.706409,-0.074575,0.709928,0.703125,0.040219,0.024024,-0.081251,0.996404,0,0.61508,0.12563,36.905,0.251,-1,400.000,-1,425.000,-1,325.000,325.000,300.000,300.000,-1,-1,-1,-1,825.000,900.000,-1,-1,2,0,2,0,2,0,0,0,0,2,2,2,2,0,0,2,2
27,6285.166,-6022.336,-41.198,45.425,0.700394,-0.709918,-0.073921,0.713423,0.699469,0.042084,0.021829,-0.082213,0.996376,0,0.61777,0.14566,37.066,0.291,-1,400.000,-1,425.000,-1,325.000,325.000,300.000,300.000,-1,-1,-1,-1,825.000,900.000,-1,-1,2,0,2,0,2,0,0,0,0,2,2,2,2,0,0,2,2
28,6311.166,-5995.685,-40.439,45.707,0.697018,-0.713303,-0.073241,0.716783,0.695916,0.043856,0.019687,-0.083066,0.996350,0,0.62054,0.14106,37.232,0.282,-1,400.000,-1,425.000,-1,325.000,325.000,300.000,300.000,-1,-1,-1,-1,800.000,900.000,-1,-1,2,0,2,0,2,0,0,0,0,2,2,2,2,0,0,2,2
29,6337.156,-5968.788,-39.641,45.980,0.693731,-0.716576,-0.072497,0.720015,0.692480,0.045271,0.017763,-0.083605,0.996341,0,0.62338,0.13641,37.403,0.273,-1,400.000,-1,425.000,-1,325.000,325.000,300.000,300.000,-1,-1,-1,-1,800.000,875.000,-1,-1,2,0,2,0,2,0,0,0,0,2,2,2,2,0,0,2,2
30,6363.143,-5941.647,-38.873,46.243,0.690547,-0.719722,-0.071732,0.723114,0.689149,0.046687,0.015832,-0.084110,0.996331,0,0.62627,0.13172,37.576,0.263,-1,400.000,-1,425.000,-1,325.000,325.000,300.000,300.000,-1,-1,-1,-1,775.000,875.000,-1,-1,2,0,2,0,2,0,0,0,0,2,2,2,2,0,0,2,2
31,6389.132,-5914.263,-38.134,46.497,0.687469,-0.722741,-0.070943,0.726081,0.685924,0.048104,0.013895,-0.084580,0.996320,0,0.62923,0.12698,37.754,0.254,-1,400.000,-1,425.000,-1,325.000,325.000,300.000,300.000,-1,-1,-1,-1,775.000,875.000,-1,-1,2,0,2,0,2,0,0,0,0,2,2,2,2,0,0,2,2
32,6415.128,-5886.635,-37.424,46.742,0.684499,-0.725633,-0.070130,0.728916,0.682810,0.049521,0.011951,-0.085016,0.996308,0,0.63225,0.12219,37.935,0.244,-1,400.000,-1,425.000,-1,325.000,325.000,300.000,300.000,-1,-1,-1,-1,775.000,875.000,-1,-1,2,0,2,0,2,0,0,0,0,2,2,2,2,0,0,2,2
33,6441.136,-5858.766,-36.743,46.976,0.681640,-0.728399,-0.069291,0.731619,0.679808,0.050938,0.010001,-0.085416,0.996295,0,0.63534,0.11736,38.120,0.235,-1,400.000,-1,425.000,-1,325.000,325.000,300.000,300.000,-1,-1,-1,-1,750.000,875.000,-1,-1,2,0,2,0,2,0,0,0,0,2,2,2,2,0,0,2,2
34,6467.123,-5830.698,-36.093,47.204,0.678858,-0.731075,-0.068427,0.734226,0.676884,0.052354,0.008042,-0.085782,0.996281,0,0.63752,0.11397,38.251,0.228,-1,400.000,-1,425.000,-1,325.000,325.000,300.000,300.000,-1,-1,-1,-1,750.000,875.000,-1,-1,2,0,2,0,2,0,0,0,0,2,2,2,2,0,0,2,2
35,6496.236,-5798.984,-35.773,47.449,0.675811,-0.734023,-0.067003,0.737044,0.673811,0.052386,0.006695,-0.084788,0.996377,0,0.71752,0.12241,43.051,0.245,-1,400.000,-1,425.000,-1,325.000,325.000,300.000,300.000,-1,-1,-1,-1,750.000,850.000,-1,-1,2,0,2,0,2,0,0,0,0,2,2,2,2,0,0,2,2
36,6528.445,-5763.596,-35.567,47.694,0.672775,-0.736991,-0.064942,0.739830,0.670756,0.052326,0.004997,-0.083249,0.996516,0,0.79752,0.12241,47.851,0.245,-1,400.000,-1,400.000,-1,325.000,325.000,300.000,300.000,-1,-1,-1,-1,725.000,850.000,-1,-1,2,0,2,0,2,0,0,0,0,2,2,2,2,0,0,2,2
37,6561.486,-5726.982,-35.402,47.939,0.669723,-0.739951,-0.062797,0.742604,0.667691,0.052229,0.003282,-0.081612,0.996659,0,0.82198,0.12241,49.319,0.245,-1,375.000,-1,400.000,-1,325.000,325.000,300.000,300.000,-1,-1,-1,-1,725.000,850.000,-1,-1,2,0,2,0,2,0,0,0,0,2,2,2,2,0,0,2,2
38,6594.390,-5690.205,-35.286,48.183,0.666653,-0.742898,-0.060628,0.745367,0.664616,0.052097,0.001591,-0.079920,0.996800,0,0.82247,0.12236,49.348,0.245,-1,375.000,-1,400.000,-1,325.000,325.000,300.000,300.000,-1,-1,-1,-1,725.000,825.000,-1,-1,2,0,2,0,2,0,0,0,0,2,2,2,2,0,0,2,2
39,6627.392,-5653.001,-35.203,48.427,0.663581,-0.745814,-0.058488,0.748104,0.661546,0.051933,-0.000039,-0.078217,0.996936,0,0.82886,0.12161,49.732,0.243,-1,375.000,-1,400.000,-1,325.000,325.000,300.000,300.000,-1,-1,-1,-1,725.000,825.000,-1,-1,2,0,2,0,2,0,0,0,0,2,2,2,2,0,0,2,2
40,6660.491,-5615.368,-35.054,48.668,0.660473,-0.748647,-0.057472,0.750849,0.658441,0.051782,-0.000925,-0.077354,0.997003,0,0.83529,0.12077,50.118,0.242,-1,375.000,-1,400.000,-1,325.000,325.000,300.000,300.000,-1,-1,-1,-1,700.000,825.000,-1,-1,2,0,2,0,2,0,0,0,0,2,2,2,2,0,0,2,2
41,6693.687,-5577.305,-35.037,48.908,0.657360,-0.751429,-0.056845,0.753575,0.655334,0.051602,-0.001523,-0.076758,0.997049,0,0.84176,0.11983,50.505,0.240,-1,400.000,-1,400.000,-1,325.000,325.000,300.000,300.000,-1,-1,-1,-1,700.000,825.000,-1,-1,2,0,2,0,2,0,0,0,0,2,2,2,2,0,0,2,2
42,6726.980,-5538.810,-35.082,49.145,0.654260,-0.754176,-0.056231,0.756266,0.652244,0.051372,-0.002067,-0.076136,0.997095,0,0.84825,0.11878,50.895,0.238,-1,400.000,-1,400.000,-1,325.000,325.000,300.000,300.000,-1,-1,-1,-1,700.000,825.000,-1,-1,2,0,2,0,2,0,0,0,0,2,2,2,2,0,0,2,2
43,6760.369,-5499.882,-35.165,49.381,0.651181,-0.756890,-0.055509,0.758918,0.649179,0.051087,-0.002632,-0.075394,0.997150,0,0.85477,0.11761,51.286,0.235,-1,375.000,-1,400.000,-1,325.000,325.000,300.000,300.000,-1,-1,-1,-1,700.000,825.000,-1,-1,2,0,2,0,2,0,0,0,0,2,2,2,2,0,1,2,2
44,6793.854,-5460.520,-35.224,49.613,0.648135,-0.759584,-0.054353,0.761518,0.646155,0.050737,-0.003418,-0.074275,0.997232,0,0.86131,0.11632,51.679,0.233,-1,375.000,-1,400.000,-1,325.000,325.000,300.000,300.000,-1,-1,-1,-1,700.000,800.000,-1,-1,2,0,2,0,2,0,0,0,0,2,2,2,2,0,1,2,2
45,6827.436,-5420.723,-35.337,49.843,0.645113,-0.762236,-0.053158,0.764076,0.643159,0.050336,-0.004179,-0.073089,0.997317,0,0.86787,0.11490,52.072,0.230,-1,375.000,-1,400.000,-1,325.000,325.000,300.000,300.000,-1,-1,-1,-1,700.000,775.000,-1,-1,2,0,2,0,2,0,0,0,0,2,2,2,2,0,1,2,2
46,6861.113,-5380.490,-35.505,50.070,0.642119,-0.764845,-0.051922,0.766589,0.640197,0.049884,-0.004914,-0.071834,0.997404,0,0.87445,0.11334,52.467,0.227,-1,375.000,-1,400.000,-1,325.000,325.000,300.000,300.000,-1,-1,-1,-1,675.000,725.000,-1,-1,2,0,2,0,2,0,0,0,0,2,2,2,2,0,1,2,2
47,6894.885,-5339.822,-35.744,50.293,0.639161,-0.767403,-0.050659,0.769052,0.637270,0.049456,-0.005670,-0.070570,0.997491,0,0.88105,0.11163,52.863,0.223,-1,375.000,-1,400.000,-1,325.000,325.000,300.000,300.000,-1,-1,-1,-1,675.000,700.000,-1,-1,2,0,2,0,2,0,0,0,0,2,2,2,2,0,1,2,2
48,6928.755,-5298.721,-35.956,50.512,0.636185,-0.769977,-0.049030,0.771517,0.634439,0.047420,-0.005406,-0.067995,0.997671,0,0.88764,0.10976,53.259,0.220,-1,375.000,-1,400.000,-1,325.000,325.000,300.000,300.000,-1,-1,-1,-1,675.000,675.000,-1,950.000,2,0,2,0,2,0,0,0,0,2,2,2,2,0,1,2,1
49,6962.720,-5257.186,-36.251,50.728,0.633250,-0.772500,-0.047315,0.773931,0.631655,0.045190,-0.005022,-0.065236,0.997857,0,0.89424,0.10772,53.655,0.215,-1,375.000,-1,400.000,-1,325.000,325.000,300.000,300.000,-1,-1,-1,-1,700.000,650.000,-1,875.000,2,0,2,1,2,0,0,0,0,2,2,2,2,0,1,2,1
50,6996.782,-5215.219,-36.591,50.939,0.630367,-0.774960,-0.045550,0.776284,0.628920,0.042938,-0.004628,-0.062427,0.998039,0,0.90083,0.10549,54.050,0.211,-1,375.000,-1,400.000,1000.000,325.000,325.000,300.000,300.000,-1,-1,-1,-1,700.000,625.000,-1,825.000,2,0,2,1,1,0,0,0,0,2,2,2,2,0,1,2,1
51,7030.939,-5172.823,-36.977,51.145,0.627542,-0.777353,-0.043734,0.778571,0.626238,0.040664,-0.004222,-0.059569,0.998215,0,0.90741,0.10306,54.445,0.206,-1,375.000,-1,400.000,925.000,325.000,325.000,300.000,300.000,-1,-1,-1,-1,700.000,575.000,-1,750.000,2,0,2,1,1,0,0,0,0,2,2,2,2,0,1,2,1
52,7065.193,-5129.999,-37.198,51.346,0.624811,-0.779641,-0.042085,0.780763,0.623588,0.039335,-0.004423,-0.057436,0.998339,0,0.91396,0.10040,54.838,0.201,-1,375.000,975.000,375.000,875.000,325.000,325.000,300.000,300.000,-1,-1,-1,-1,700.000,550.000,-1,675.000,2,0,1,1,1,0,0,0,0,2,2,2,2,0,1,2,1
53,7099.544,-5086.753,-37.465,51.541,0.622151,-0.781855,-0.040395,0.782884,0.621007,0.037989,-0.004616,-0.055259,0.998461,0,0.92047,0.09750,55.228,0.195,-1,375.000,925.000,350.000,775.000,325.000,325.000,300.000,300.000,-1,-1,-1,-1,700.000,525.000,-1,625.000,2,0,1,1,1,0,1,0,0,2,2,2,2,0,1,2,1
54,7133.992,-5043.091,-37.778,51.729,0.619569,-0.783990,-0.038661,0.784928,0.618504,0.036618,-0.004797,-0.053033,0.998581,0,0.92693,0.09432,55.616,0.189,-1,375.000,875.000,350.000,675.000,300.000,300.000,300.000,300.000,-1,-1,-1,-1,700.000,475.000,-1,550.000,2,0,1,1,1,0,1,0,0,2,2,2,2,0,1,2,1
55,7168.538,-4999.016,-37.823,51.911,0.617042,-0.785993,-0.038390,0.786920,0.616050,0.035206,-0.004022,-0.051934,0.998642,0,0.93332,0.09086,55.999,0.182,-1,375.000,825.000,325.000,575.000,300.000,300.000,300.000,300.000,-1,-1,-1,-1,700.000,450.000,-1,500.000,2,0,1,1,1,0,1,0,0,2,2,2,2,0,1,2,1
56,7203.181,-4954.539,-37.296,52.085,0.614546,-0.787813,-0.041029,0.788880,0.613622,0.033720,-0.001389,-0.053090,0.998589,0,0.93962,0.08705,56.377,0.174,-1,375.000,800.000,325.000,525.000,325.000,275.000,300.000,300.000,-1,-1,-1,-1,700.000,425.000,-1,450.000,2,0,1,1,1,0,1,0,0,2,2,2,2,1,1,2,1
57,7239.764,-4906.982,-36.264,52.429,0.609616,-0.791345,-0.046270,0.792692,0.608781,0.032020,0.002829,-0.056197,0.998416,0,1.00000,0.17184,60.000,0.344,-1,400.000,750.000,300.000,450.000,325.000,275.000,300.000,300.000,-1,-1,900.000,-1,675.000,400.000,-1,400.000,2,0,1,1,1,1,1,0,0,2,2,0,2,1,1,2,1
58,7276.070,-4859.213,-34.763,52.762,0.604682,-0.794635,-0.053981,0.796420,0.603992,0.030160,0.008638,-0.061228,0.998086,0,1.00000,0.16655,60.000,0.333,-1,400.000,750.000,275.000,400.000,300.000,275.000,275.000,325.000,-1,750.000,600.000,-1,650.000,375.000,-1,350.000,2,0,1,1,1,1,1,0,0,2,0,0,2,1,1,2,1
59,7312.106,-4811.239,-32.752,53.083,0.599710,-0.797661,-0.063915,0.800060,0.599262,0.028111,0.015879,-0.067994,0.997559,0,1.00000,0.16069,60.000,0.321,-1,400.000,725.000,275.000,375.000,300.000,250.000,275.000,350.000,-1,400.000,400.000,-1,625.000,350.000,-1,325.000,2,1,1,1,1,1,1,0,0,2,0,0,2,1,1,2,1
60,7347.882,-4763.072,-30.113,53.392,0.594687,-0.800411,-0.075429,0.803594,0.594615,0.025871,0.024144,-0.076000,0.996815,0,1.00000,0.15420,60.000,0.308,-1,400.000,725.000,250.000,325.000,300.000,250.000,275.000,375.000,-1,275.000,325.000,-1,600.000,350.000,-1,300.000,2,1,1,1,1,1,1,0,0,2,0,0,2,1,1,2,1
61,7383.409,-4714.720,-27.011,53.686,0.589513,-0.802804,-0.089334,0.807046,0.590024,0.023396,0.033927,-0.085889,0.995727,0,1.00000,0.14699,60.000,0.294,-1,375.000,725.000,250.000,300.000,275.000,225.000,275.000,400.000,-1,225.000,275.000,-1,600.000,325.000,-1,275.000,2,1,1,1,1,1,1,0,0,2,0,0,2,1,1,2,1
62,7418.700,-4666.195,-23.407,53.964,0.584096,-0.804792,-0.105553,0.810418,0.585495,0.020467,0.045330,-0.097497,0.994203,0,1.00000,0.13896,60.000,0.278,-1,375.000,750.000,250.000,275.000,275.000,225.000,275.000,450.000,-1,175.000,250.000,-1,600.000,300.000,-1,250.000,2,1,1,1,1,1,1,0,0,2,0,0,2,1,1,2,1
63,7453.768,-4617.509,-19.294,54.224,0.578337,-0.806311,-0.124051,0.813709,0.581024,0.017026,0.058348,-0.110788,0.992130,0,1.00000,0.12997,60.000,0.260,-1,375.000,775.000,225.000,250.000,275.000,225.000,250.000,500.000,800.000,150.000,225.000,-1,600.000,300.000,-1,225.000,2,1,1,1,1,1,1,0,0,0,0,0,2,1,1,2,1
64,6887.288,-2951.695,-52.861,3.787,0.997816,-0.066054,-0.000692,0.066047,0.997790,-0.007295,0.001172,0.007234,0.999973,1,0.00000,0.00000,60.000,0.240,-1,425.000,-1,400.000,625.000,325.000,325.000,275.000,300.000,775.000,-1,-1,-1,950.000,600.000,-1,650.000,2,0,2,1,1,0,0,0,0,1,2,2,2,0,1,2,1
65,6892.076,-2951.357,-52.857,4.027,0.997531,-0.070233,-0.000496,0.070227,0.997505,-0.007230,0.001003,0.007177,0.999974,0,0.08000,0.12000,4.800,0.240,-1,425.000,-1,400.000,600.000,325.000,325.000,275.000,300.000,800.000,-1,-1,-1,950.000,600.000,-1,650.000,2,0,2,1,1,0,0,0,0,1,2,2,2,0,1,2,1
66,6901.647,-2950.603,-52.849,4.507,0.996907,-0.078587,-0.000103,0.078584,0.996882,-0.007093,0.000661,0.007063,0.999975,0,0.16000,0.24000,9.600,0.480,-1,425.000,-1,400.000,600.000,325.000,325.000,275.000,300.000,800.000,-1,-1,-1,950.000,600.000,-1,625.000,2,0,2,1,1,0,0,0,0,1,2,2,2,0,1,2,1
67,6915.989,-2949.316,-52.837,5.128,0.995998,-0.089372,0.000494,0.089373,0.995975,-0.006867,0.000122,0.006883,0.999976,0,0.24000,0.31006,14.400,0.620,-1,425.000,-1,400.000,575.000,325.000,325.000,275.000,300.000,800.000,-1,-1,-1,950.000,600.000,-1,625.000,2,0,2,1,1,0,0,0,0,1,2,2,2,0,1,2,1
68,6935.093,-2947.398,-52.820,5.735,0.994995,-0.099918,0.001304,0.099925,0.994974,-0.006529,-0.000645,0.006627,0.999978,0,0.32000,0.30351,19.200,0.607,-1,425.000,-1,375.000,550.000,325.000,325.000,300.000,300.000,825.000,-1,-1,-1,950.000,600.000,-1,600.000,2,0,2,1,1,0,1,0,0,1,2,2,2,0,1,2,1
69,6958.947,-2944.753,-52.801,6.326,0.993909,-0.110178,0.002331,0.110190,0.993892,-0.006074,-0.001648,0.006294,0.999979,0,0.40000,0.29555,24.000,0.591,-1,425.000,-1,375.000,550.000,325.000,325.000,300.000,300.000,850.000,-1,-1,-1,950.000,600.000,-1,600.000,2,0,2,1,1,0,0,0,0,1,2,2,2,0,1,2,1
70,6987.538,-2941.295,-52.780,6.898,0.992756,-0.120097,0.003578,0.120116,0.992745,-0.005498,-0.002892,0.005888,0.999978,0,0.48000,0.28607,28.800,0.572,-1,425.000,-1,375.000,525.000,325.000,325.000,300.000,300.000,875.000,-1,-1,-1,950.000,600.000,-1,575.000,2,0,2,1,1,0,0,0,0,1,2,2,2,0,1,2,1
71,7020.855,-2936.939,-52.759,7.448,0.991551,-0.129620,0.005051,0.129644,0.991549,-0.004799,-0.004387,0.005413,0.999976,0,0.56000,0.27494,33.600,0.550,-1,425.000,-1,375.000,475.000,325.000,325.000,300.000,300.000,925.000,-1,-1,-1,950.000,600.000,-1,550.000,2,0,2,1,1,0,0,0,0,1,2,2,2,0,1,2,1
72,7058.884,-2931.614,-52.742,7.972,0.990314,-0.138683,0.006758,0.138711,0.990325,-0.003975,-0.006142,0.004874,0.999969,0,0.64000,0.26200,38.400,0.524,-1,425.000,-1,375.000,450.000,325.000,325.000,300.000,300.000,975.000,-1,-1,-1,950.000,600.000,-1,525.000,2,0,2,1,1,0,0,0,0,1,2,2,2,0,1,2,1
73,7101.613,-2925.254,-52.731,8.466,0.989066,-0.147218,0.008709,0.147249,0.989095,-0.003029,-0.008168,0.004278,0.999957,0,0.72000,0.24706,43.200,0.494,-1,425.000,-1,375.000,425.000,325.000,325.000,300.000,300.000,-1,-1,-1,-1,950.000,600.000,-1,500.000,2,0,2,1,1,0,0,0,0,2,2,2,2,0,1,2,1
74,7149.032,-2917.807,-52.730,8.926,0.987830,-0.155152,0.010914,0.155182,0.987884,-0.001965,-0.010477,0.003635,0.999939,0,0.80000,0.22992,48.000,0.460,-1,425.000,-1,375.000,375.000,325.000,325.000,300.000,300.000,-1,-1,-1,-1,950.000,600.000,-1,475.000,2,0,2,1,1,0,0,0,0,2,2,2,2,0,1,2,1
75,7201.131,-2909.232,-52.522,9.346,0.986658,-0.162401,0.011484,0.162415,0.986723,-0.000261,-0.011289,0.002123,0.999934,0,0.88000,0.21032,52.800,0.421,-1,425.000,-1,375.000,350.000,350.000,325.000,300.000,300.000,-1,-1,-1,-1,950.000,600.000,-1,450.000,2,0,2,1,1,0,0,0,0,2,2,2,2,0,1,2,1
76,7254.826,-2900.032,-51.804,9.722,0.985594,-0.168873,0.009347,0.168848,0.985636,0.003401,-0.009787,-0.001774,0.999951,0,0.90795,0.18800,54.477,0.376,-1,425.000,-1,400.000,350.000,350.000,350.000,300.000,300.000,-1,-1,-1,-1,975.000,625.000,-1,450.000,2,0,2,1,1,0,0,0,0,2,2,2,2,0,1,2,1
77,7308.446,-2890.529,-51.857,10.050,0.984632,-0.174506,0.006872,0.174448,0.984632,0.008280,-0.008211,-0.006954,0.999942,0,0.90761,0.16393,54.457,0.328,-1,450.000,-1,400.000,325.000,350.000,350.000,300.000,325.000,-1,-1,-1,-1,975.000,675.000,-1,475.000,2,0,2,1,1,0,0,0,0,2,2,2,2,0,1,2,1
78,7361.903,-2880.786,-52.211,10.328,0.983786,-0.179266,0.005304,0.179188,0.983733,0.012683,-0.007491,-0.011527,0.999905,0,0.90562,0.13877,54.337,0.278,-1,450.000,-1,425.000,325.000,350.000,350.000,300.000,325.000,-1,-1,-1,-1,1000.000,725.000,-1,500.000,2,0,2,1,1,0,0,0,0,2,2,2,2,0,1,2,1
79,7415.103,-2870.875,-52.810,10.553,0.983080,-0.183121,0.004508,0.183026,0.982971,0.016410,-0.007436,-0.015307,0.999855,0,0.90192,0.11258,54.115,0.225,-1,450.000,-1,450.000,300.000,350.000,350.000,300.000,325.000,-1,-1,-1,-1,1000.000,775.000,-1,-1,2,0,2,1,1,0,0,0,1,2,2,2,2,0,1,2,2
80,7467.949,-2860.866,-53.642,10.724,0.982531,-0.186043,0.004460,0.185924,0.982371,0.019498,-0.008008,-0.018328,0.999800,0,0.89643,0.08546,53.786,0.171,-1,450.000,-1,450.000,300.000,350.000,350.000,275.000,300.000,-1,-1,-1,-1,975.000,825.000,-1,-1,2,0,2,0,1,0,0,0,1,2,2,2,2,0,1,2,2
81,7520.346,-2850.833,-54.690,10.839,0.982154,-0.188008,0.005116,0.187855,0.981951,0.021992,-0.009158,-0.020638,0.999745,0,0.88915,0.05756,53.349,0.115,-1,450.000,-1,450.000,300.000,375.000,350.000,275.000,250.000,-1,-1,-1,-1,975.000,850.000,-1,-1,2,0,2,0,1,0,0,0,1,2,2,2,2,0,1,2,2
82,7572.199,-2840.850,-55.934,10.897,0.981957,-0.188996,0.006418,0.188795,0.981725,0.023944,-0.010826,-0.022300,0.999693,0,0.88008,0.02902,52.805,0.058,-1,450.000,-1,450.000,275.000,350.000,350.000,275.000,225.000,-1,-1,-1,-1,950.000,875.000,-1,-1,2,0,2,0,1,0,0,0,1,2,2,2,2,0,1,2,2
83,7623.416,-2830.990,-57.351,10.897,0.981943,-0.188993,0.008293,0.188731,0.981700,0.025411,-0.012943,-0.023387,0.999643,0,0.86929,0.00005,52.158,0.000,-1,450.000,-1,450.000,275.000,350.000,350.000,275.000,225.000,-1,-1,-1,-1,950.000,875.000,-1,-1,2,0,2,0,1,0,0,0,1,2,2,2,2,0,1,2,2
84,7673.913,-2821.321,-58.915,10.839,0.982113,-0.187992,0.010653,0.187660,0.981878,0.026453,-0.015432,-0.023981,0.999593,0,0.85690,-0.02914,51.414,-0.058,-1,450.000,-1,450.000,250.000,350.000,350.000,275.000,200.000,-1,-1,-1,-1,925.000,875.000,-1,-1,2,0,2,0,1,0,0,0,1,2,2,2,2,0,1,2,2
85,7723.613,-2811.910,-60.595,10.722,0.982460,-0.185992,0.013403,0.185583,0.982254,0.027135,-0.018212,-0.024172,0.999542,0,0.84305,-0.05830,50.583,-0.117,-1,450.000,-1,450.000,275.000,350.000,350.000,275.000,175.000,-1,-1,-1,-1,900.000,900.000,-1,-1,2,0,2,0,1,0,0,0,1,2,2,2,2,0,1,2,2
86,7772.450,-2802.816,-62.361,10.548,0.982975,-0.183003,0.016442,0.182513,0.982818,0.027525,-0.021196,-0.024055,0.999486,0,0.82794,-0.08718,49.677,-0.174,-1,425.000,-1,425.000,300.000,350.000,350.000,300.000,175.000,-1,-1,-1,-1,900.000,875.000,-1,-1,2,0,2,0,1,0,0,0,1,2,2,2,2,0,1,2,2
87,7820.366,-2794.059,-64.077,10.358,0.983509,-0.179739,0.020084,0.179148,0.983419,0.028163,-0.024813,-0.024101,0.999402,0,0.81182,-0.09508,48.709,-0.190,-1,425.000,-1,425.000,300.000,350.000,350.000,300.000,175.000,-1,-1,-1,-1,875.000,875.000,-1,-1,2,0,2,0,1,0,0,0,1,2,2,2,2,0,1,2,2
88,7867.299,-2785.650,-65.318,10.156,0.983984,-0.176270,0.026525,0.175438,0.984003,0.030984,-0.031562,-0.025834,0.999168,0,0.79466,-0.10081,47.680,-0.202,-1,425.000,-1,425.000,325.000,325.000,350.000,300.000,150.000,-1,-1,-1,-1,825.000,850.000,-1,-1,2,0,2,0,1,0,0,0,1,2,2,2,2,0,0,2,2
89,7919.027,-2776.794,-66.895,9.714,0.985128,-0.168672,0.032756,0.167583,0.985286,0.033579,-0.037938,-0.027591,0.998899,0,0.87466,-0.22081,52.480,-0.442,-1,400.000,-1,400.000,325.000,325.000,325.000,300.000,150.000,-1,-1,-1,-1,775.000,800.000,-1,-1,2,0,2,0,1,0,0,0,1,2,2,2,2,0,0,2,2
90,7971.175,-2768.502,-68.548,9.033,0.986919,-0.156929,0.036929,0.155616,0.987158,0.036093,-0.042119,-0.029874,0.998666,0,0.88004,-0.34081,52.803,-0.682,-1,400.000,-1,400.000,325.000,325.000,325.000,300.000,150.000,-1,-1,-1,-1,775.000,800.000,-1,-1,2,0,2,0,1,0,0,0,1,2,2,2,2,0,0,2,2
91,8022.330,-2761.210,-70.116,8.111,0.989216,-0.141019,0.039551,0.139523,0.989476,0.038352,-0.044543,-0.032420,0.998481,0,0.86119,-0.46081,51.672,-0.922,-1,400.000,-1,400.000,300.000,325.000,325.000,300.000,150.000,-1,-1,-1,-1,750.000,775.000,-1,-1,2,0,2,0,1,0,0,0,1,2,2,2,2,0,0,2,2
92,8072.593,-2755.082,-71.580,6.950,0.991829,-0.120919,0.040657,0.119282,0.992032,0.040545,-0.045235,-0.035364,0.998350,0,0.84392,-0.58081,50.635,-1.162,-1,400.000,-1,400.000,300.000,325.000,325.000,300.000,150.000,-1,-1,-1,-1,750.000,775.000,-1,-1,2,0,2,0,1,0,0,0,1,2,2,2,2,0,1,2,2
93,8122.068,-2750.275,-72.915,5.548,0.994507,-0.096605,0.040281,0.094874,0.994566,0.042861,-0.044203,-0.038804,0.998269,0,0.82846,-0.70081,49.708,-1.402,-1,400.000,-1,400.000,300.000,325.000,325.000,300.000,125.000,-1,-1,-1,-1,750.000,750.000,-1,-1,2,0,2,0,1,0,0,0,1,2,2,2,2,0,1,2,2
94,8170.853,-2746.941,-74.094,3.906,0.996939,-0.068062,0.038487,0.066292,0.996761,0.045523,-0.041460,-0.042832,0.998222,0,0.81498,-0.82081,48.899,-1.642,-1,400.000,-1,400.000,275.000,325.000,325.000,300.000,150.000,-1,-1,-1,-1,775.000,725.000,-1,-1,2,0,2,0,1,0,0,0,1,2,2,2,2,0,1,2,2
95,8219.033,-2745.146,-75.141,2.131,0.998673,-0.037143,0.035678,0.035388,0.998190,0.048626,-0.037420,-0.047299,0.998180,0,0.80356,-0.88761,48.214,-1.775,-1,400.000,-1,425.000,275.000,325.000,350.000,300.000,150.000,-1,-1,-1,-1,775.000,700.000,-1,925.000,2,0,2,0,1,0,0,0,1,2,2,2,2,0,1,2,1
96,8266.641,-2744.847,-76.082,0.357,0.999457,-0.006225,0.032365,0.004530,0.998627,0.052184,-0.032646,-0.052010,0.998113,0,0.79349,-0.88695,47.609,-1.774,-1,400.000,-1,425.000,275.000,350.000,350.000,275.000,150.000,-1,-1,-1,-1,800.000,700.000,-1,750.000,2,0,2,1,1,0,0,0,1,2,2,2,2,0,1,2,1
97,8313.657,-2746.004,-76.896,-1.414,0.999284,0.024644,0.028693,-0.026231,0.998068,0.056314,-0.027250,-0.057026,0.998001,0,0.78383,-0.88580,47.030,-1.772,-1,425.000,-1,425.000,250.000,350.000,350.000,275.000,150.000,-1,-1,-1,-1,850.000,700.000,-1,700.000,2,0,2,1,1,0,0,0,1,2,2,2,2,0,1,2,1
98,8360.065,-2748.582,-77.560,-3.183,0.998155,0.055414,0.024812,-0.056842,0.996511,0.061112,-0.021339,-0.062410,0.997822,0,0.77464,-0.88420,46.478,-1.768,-1,425.000,-1,425.000,250.000,350.000,375.000,275.000,150.000,-1,-1,-1,-1,875.000,675.000,-1,675.000,2,0,2,1,1,0,0,0,1,2,2,2,2,0,1,2,1
99,8405.851,-2752.541,-78.053,-4.947,0.996073,0.086036,0.020879,-0.087250,0.993954,0.066658,-0.015017,-0.068218,0.997557,0,0.76594,-0.88217,45.957,-1.764,-1,450.000,-1,425.000,250.000,375.000,375.000,275.000,150.000,-1,525.000,-1,-1,875.000,675.000,-1,700.000,2,0,2,1,1,0,0,0,1,2,0,2,2,0,1,2,1
100,8451.007,-2757.846,-78.354,-6.707,0.993049,0.116461,0.017054,-0.117404,0.990396,0.073015,-0.008386,-0.074510,0.997185,0,0.75776,-0.87974,45.466,-1.759,-1,450.000,-1,400.000,225.000,375.000,400.000,275.000,150.000,-1,375.000,750.000,-1,900.000,675.000,-1,-1,2,0,2,1,1,0,0,0,1,2,0,0,2,0,1,2,2
101,8495.525,-2764.463,-78.415,-8.461,0.989096,0.146642,0.013592,-0.147261,0.985849,0.080099,-0.001654,-0.081227,0.996694,0,0.75011,-0.87694,45.006,-1.754,-1,475.000,-1,400.000,225.000,400.000,400.000,275.000,150.000,925.000,275.000,525.000,-1,900.000,675.000,-1,-1,2,0,2,1,1,0,0,0,1,0,0,0,2,0,1,2,2
102,8539.401,-2772.357,-78.278,-10.208,0.984234,0.176526,0.011039,-0.176807,0.980293,0.088119,0.004734,-0.088681,0.996049,0,0.74299,-0.87379,44.579,-1.748,-1,475.000,-1,400.000,225.000,400.000,400.000,275.000,150.000,825.000,225.000,450.000,-1,900.000,675.000,-1,-1,2,0,2,1,1,0,1,0,1,0,0,0,2,0,1,2,2
103,8587.725,-2782.519,-77.918,-11.886,0.978723,0.204985,0.009106,-0.204886,0.973919,0.097486,0.011114,-0.097278,0.995195,0,0.82299,-0.83884,49.379,-1.678,-1,500.000,-1,400.000,250.000,425.000,400.000,275.000,150.000,725.000,175.000,400.000,-1,925.000,700.000,-1,-1,2,0,2,1,1,0,1,0,1,0,0,0,2,0,1,2,2
104,8637.536,-2794.535,-77.703,-13.572,0.972353,0.233358,0.008555,-0.232930,0.966673,0.106237,0.016521,-0.105292,0.994304,0,0.85396,-0.84298,51.238,-1.686,-1,525.000,-1,400.000,250.000,425.000,400.000,250.000,150.000,675.000,175.000,375.000,-1,925.000,700.000,-1,-1,2,0,2,1,1,0,1,0,1,0,0,0,2,0,1,2,2
105,8682.391,-2806.559,-77.311,-15.018,0.966247,0.257458,0.009060,-0.256777,0.959660,0.114536,0.020794,-0.112997,0.993378,0,0.77396,-0.72298,46.438,-1.446,-1,525.000,-1,400.000,250.000,450.000,400.000,250.000,175.000,625.000,150.000,350.000,-1,925.000,700.000,-1,-1,2,0,2,1,1,0,1,0,1,0,0,0,2,0,1,2,2
106,8722.375,-2818.184,-76.814,-16.224,0.960710,0.277362,0.010358,-0.276515,0.953216,0.122144,0.024005,-0.120209,0.992458,0,0.69396,-0.60298,41.638,-1.206,-1,525.000,-1,400.000,250.000,450.000,375.000,250.000,175.000,575.000,150.000,350.000,-1,925.000,700.000,-1,-1,2,0,2,1,1,1,1,0,1,0,0,0,2,0,1,2,2
107,-2951.686,8855.082,246.807,-8.743,0.984746,0.151990,0.084701,-0.150647,0.988341,-0.022064,-0.087067,0.008967,0.996162,1,0.00000,0.00000,36.838,-0.966,-1,400.000,-1,400.000,-1,325.000,325.000,300.000,325.000,775.000,550.000,775.000,-1,850.000,800.000,-1,-1,2,0,2,0,2,0,0,0,0,1,1,1,2,0,0,2,2
108,-2946.938,8854.372,246.389,-8.503,0.985361,0.147848,0.084878,-0.146477,0.988965,-0.022196,-0.087223,0.009439,0.996144,0,0.08000,0.12000,4.800,0.240,-1,400.000,-1,400.000,-1,325.000,325.000,300.000,325.000,775.000,550.000,800.000,-1,850.000,800.000,-1,-1,2,0,2,0,2,0,0,0,0,1,1,1,2,0,0,2,2
109,-2937.437,8852.996,245.558,-8.240,0.985999,0.143310,0.085255,-0.141895,0.989627,-0.022457,-0.087588,0.010045,0.996106,0,0.16000,0.13140,9.600,0.263,-1,400.000,-1,400.000,-1,325.000,325.000,300.000,325.000,800.000,575.000,825.000,-1,850.000,800.000,-1,-1,2,0,2,0,2,0,0,0,0,1,1,1,2,0,0,2,2
110,-2923.177,8850.997,244.312,-7.979,0.986594,0.138799,0.085832,-0.137328,0.990262,-0.022838,-0.088166,0.010745,0.996048,0,0.24000,0.13051,14.400,0.261,-1,400.000,-1,400.000,-1,325.000,325.000,300.000,325.000,800.000,600.000,875.000,-1,850.000,775.000,-1,-1,2,0,2,0,2,0,0,0,0,1,1,1,2,0,0,2,2
111,-2904.151,8848.418,242.652,-7.720,0.987144,0.134332,0.086610,-0.132791,0.990869,-0.023334,-0.088953,0.011533,0.995969,0,0.32000,0.12916,19.200,0.258,-1,400.000,-1,400.000,-1,325.000,325.000,300.000,325.000,825.000,625.000,925.000,-1,825.000,775.000,-1,-1,2,0,2,0,2,0,0,0,0,1,1,1,2,0,0,2,2
112,-2880.354,8845.299,240.577,-7.466,0.987648,0.129924,0.087586,-0.128301,0.991446,-0.023936,-0.089946,0.012403,0.995869,0,0.40000,0.12736,24.000,0.255,-1,400.000,-1,400.000,-1,325.000,325.000,300.000,325.000,850.000,675.000,1000.000,-1,825.000,775.000,-1,-1,2,0,2,0,2,0,0,0,0,1,1,1,2,0,0,2,2
113,-2851.782,8841.682,238.087,-7.216,0.988104,0.125592,0.088757,-0.123873,0.991992,-0.024637,-0.091140,0.013349,0.995749,0,0.48000,0.12509,28.800,0.250,-1,400.000,-1,400.000,-1,325.000,325.000,300.000,325.000,850.000,725.000,-1,-1,825.000,775.000,-1,-1,2,0,2,0,2,0,0,0,0,1,1,2,2,0,0,2,2
114,-2818.430,8837.604,235.181,-6.971,0.988510,0.121354,0.090121,-0.119526,0.992505,-0.025427,-0.092531,0.014363,0.995606,0,0.56000,0.12232,33.600,0.245,-1,400.000,-1,400.000,-1,325.000,325.000,300.000,325.000,875.000,775.000,-1,-1,825.000,750.000,-1,-1,2,0,2,0,2,0,0,0,0,1,1,2,2,0,0,2,2
115,-2783.403,8833.469,232.129,-6.733,0.988877,0.117227,0.091546,-0.115286,0.992986,-0.026228,-0.093979,0.015383,0.995455,0,0.58782,0.11904,35.269,0.238,-1,400.000,-1,400.000,-1,325.000,325.000,325.000,325.000,900.000,850.000,-1,-1,825.000,750.000,-1,-1,2,0,2,0,2,0,0,0,0,1,1,2,2,0,0,2,2
116,-2748.310,8829.469,229.071,-6.502,0.989211,0.113220,0.092967,-0.111165,0.993435,-0.027002,-0.095414,0.016376,0.995303,0,0.58866,0.11553,35.320,0.231,-1,400.000,-1,400.000,-1,325.000,325.000,325.000,325.000,925.000,900.000,-1,-1,825.000,725.000,-1,-1,2,0,2,0,2,0,0,0,0,1,1,2,2,0,0,2,2
117,-2713.144,8825.601,226.006,-6.278,0.989514,0.109334,0.094382,-0.107167,0.993854,-0.027750,-0.096836,0.017344,0.995149,0,0.58963,0.11196,35.378,0.224,-1,400.000,-1,400.000,-1,325.000,325.000,325.000,325.000,950.000,975.000,-1,-1,800.000,725.000,-1,-1,2,0,2,0,2,0,0,0,0,1,1,2,2,0,0,2,2
118,-2677.899,8821.858,222.934,-6.061,0.989787,0.105574,0.095793,-0.103294,0.994243,-0.028472,-0.098248,0.018287,0.994994,0,0.59072,0.10833,35.443,0.217,-1,400.000,-1,400.000,-1,325.000,325.000,325.000,325.000,1000.000,-1,-1,-1,800.000,725.000,-1,-1,2,0,2,0,2,0,0,0,0,1,2,2,2,0,0,2,2
119,-2642.569,8818.237,219.694,-5.852,0.990068,0.101942,0.096818,-0.099625,0.994617,-0.028484,-0.099200,0.018555,0.994894,0,0.59192,0.10463,35.515,0.209,-1,400.000,-1,375.000,-1,325.000,325.000,325.000,325.000,-1,-1,-1,-1,800.000,700.000,-1,-1,2,0,2,0,2,0,0,0,0,2,2,2,2,0,0,2,2
120,-2607.147,8814.733,216.234,-5.650,0.990337,0.098440,0.097685,-0.096171,0.994980,-0.027683,-0.099920,0.018021,0.994832,0,0.59324,0.10086,35.594,0.202,-1,400.000,-1,375.000,-1,325.000,325.000,325.000,325.000,-1,-1,-1,-1,775.000,700.000,-1,-1,2,0,2,0,2,0,0,0,0,2,2,2,2,0,0,2,2
121,-2566.937,8810.879,212.163,-5.475,0.990622,0.095388,0.097818,-0.093151,0.995280,-0.027198,-0.099951,0.017831,0.994833,0,0.67324,0.08787,40.394,0.176,-1,400.000,-1,375.000,-1,325.000,325.000,325.000,325.000,-1,-1,-1,-1,775.000,700.000,-1,-1,2,0,2,0,2,0,0,0,0,2,2,2,2,0,0,2,2
122,-2526.571,8807.141,208.111,-5.291,0.990919,0.092193,0.097874,-0.090003,0.995587,-0.026573,-0.099892,0.017522,0.994844,0,0.67565,0.09197,40.539,0.184,-1,400.000,-1,375.000,-1,325.000,325.000,325.000,325.000,-1,-1,-1,-1,750.000,700.000,-1,-1,2,0,2,0,2,0,0,0,0,2,2,2,2,0,0,2,2
123,-2486.193,8803.538,204.066,-5.098,0.991220,0.088853,0.097919,-0.086712,0.995896,-0.025913,-0.099820,0.017195,0.994857,0,0.67564,0.09611,40.538,0.192,-1,400.000,-1,375.000,-1,325.000,325.000,300.000,325.000,-1,-1,-1,-1,750.000,675.000,-1,-1,2,0,2,0,2,0,0,0,0,2,2,2,2,0,0,2,2
124,-2445.813,8800.078,200.028,-4.898,0.991523,0.085367,0.097954,-0.083278,0.996207,-0.025221,-0.099736,0.016850,0.994871,0,0.67546,0.10028,40.528,0.201,-1,400.000,-1,375.000,-1,325.000,325.000,300.000,325.000,-1,-1,-1,-1,750.000,675.000,-1,-1,2,0,2,0,2,0,0,0,0,2,2,2,2,0,0,2,2
125,-2405.441,8796.767,196.000,-4.689,0.991826,0.081734,0.097979,-0.079700,0.996518,-0.024498,-0.099641,0.016489,0.994887,0,0.67513,0.10447,40.508,0.209,-1,400.000,-1,375.000,-1,325.000,325.000,300.000,325.000,-1,-1,-1,-1,725.000,675.000,-1,-1,2,0,2,0,2,0,0,0,0,2,2,2,2,0,0,2,2
126,-2365.085,8793.611,191.980,-4.472,0.992129,0.077954,0.097995,-0.075977,0.996827,-0.023747,-0.099536,0.016115,0.994904,0,0.67464,0.10866,40.478,0.217,-1,400.000,-1,375.000,-1,325.000,325.000,300.000,325.000,-1,-1,-1,-1,725.000,675.000,-1,-1,2,0,2,0,2,0,0,0,0,2,2,2,2,0,0,2,2
127,-2319.930,8790.276,187.491,-4.225,0.992456,0.073664,0.098003,-0.071755,0.997160,-0.022874,-0.099410,0.015669,0.994923,0,0.75464,0.12328,45.278,0.247,-1,400.000,-1,375.000,-1,325.000,325.000,300.000,325.000,-1,-1,-1,-1,700.000,650.000,-1,-1,2,0,2,0,2,0,0,0,0,2,2,2,2,0,0,2,2
128,-2274.461,8787.121,182.978,-3.969,0.992777,0.069209,0.098002,-0.067370,0.997486,-0.021962,-0.099275,0.015201,0.994944,0,0.75964,0.12798,45.579,0.256,-1,400.000,-1,375.000,-1,325.000,325.000,300.000,325.000,-1,-1,-1,-1,700.000,650.000,-1,-1,2,0,2,0,2,0,0,0,0,2,2,2,2,0,0,2,2
129,-2229.044,8784.181,178.480,-3.704,0.993089,0.064589,0.097991,-0.062821,0.997803,-0.021023,-0.099133,0.014722,0.994965,0,0.75853,0.13270,45.512,0.265,-1,400.000,-1,375.000,-1,325.000,325.000,300.000,325.000,-1,-1,-1,-1,700.000,650.000,-1,-1,2,0,2,0,2,0,0,0,0,2,2,2,2,0,0,2,2
130,-2183.692,8781.462,173.994,-3.431,0.993389,0.059838,0.097971,-0.058144,0.998107,-0.020060,-0.098986,0.014231,0.994987,0,0.75723,0.13639,45.434,0.273,-1,400.000,-1,375.000,-1,325.000,300.000,300.000,325.000,-1,-1,-1,-1,675.000,625.000,-1,-1,2,0,2,0,2,0,0,0,0,2,2,2,2,0,0,2,2
131,-2138.416,8778.968,169.523,-3.153,0.993671,0.055003,0.097945,-0.053384,0.998392,-0.019074,-0.098837,0.013725,0.995009,0,0.75574,0.13876,45.345,0.278,-1,375.000,-1,375.000,-1,325.000,300.000,300.000,325.000,-1,-1,-1,-1,675.000,625.000,-1,-1,2,0,2,0,2,0,0,0,0,2,2,2,2,0,0,2,2
132,-2093.228,8776.702,165.068,-2.871,0.993934,0.050091,0.097914,-0.048548,0.998657,-0.018071,-0.098687,0.013208,0.995031,0,0.75408,0.14096,45.245,0.282,-1,375.000,-1,350.000,-1,300.000,300.000,300.000,300.000,-1,-1,-1,-1,650.000,625.000,-1,-1,2,0,2,0,2,0,0,0,0,2,2,2,2,0,0,2,2
133,-2048.139,8774.666,160.627,-2.585,0.994176,0.045106,0.097878,-0.043642,0.998902,-0.017052,-0.098539,0.012681,0.995052,0,0.75225,0.14298,45.135,0.286,-1,375.000,-1,350.000,-1,300.000,300.000,300.000,300.000,-1,-1,-1,-1,650.000,600.000,-1,-1,2,0,2,0,2,0,0,0,0,2,2,2,2,0,0,2,2
134,-2003.160,8772.862,156.202,-2.296,0.994396,0.040056,0.097838,-0.038670,0.999124,-0.016022,-0.098394,0.012149,0.995073,0,0.75026,0.14482,45.016,0.290,-1,375.000,-1,350.000,-1,300.000,300.000,300.000,300.000,-1,-1,-1,-1,650.000,600.000,-1,-1,2,0,2,0,2,0,0,0,0,2,2,2,2,0,0,2,2
135,-1958.300,8771.294,151.955,-2.003,0.994673,0.034947,0.096975,-0.033602,0.999316,-0.015468,-0.097449,0.012127,0.995167,0,0.74813,0.14648,44.888,0.293,-1,375.000,-1,350.000,-1,300.000,300.000,300.000,300.000,-1,-1,-1,-1,625.000,600.000,-1,-1,2,0,2,0,2,0,0,0,0,2,2,2,2,0,0,2,2
136,-1913.569,8769.961,148.514,-1.707,0.995130,0.029786,0.093961,-0.028553,0.999488,-0.014441,-0.094343,0.011688,0.995471,0,0.74586,0.14795,44.752,0.296,-1,375.000,-1,350.000,-1,300.000,300.000,300.000,300.000,-1,-1,-1,-1,650.000,600.000,-1,-1,2,0,2,0,2,0,0,0,0,2,2,2,2,0,0,2,2
