timestep,x_cm,y_cm,z_cm,yaw_deg,basis_xx,basis_xy,basis_xz,basis_yx,basis_yy,basis_yz,basis_zx,basis_zy,basis_zz,teleport_flag,throttle_cmd,steering_cmd,cmd_move_cm,cmd_turn_deg,lidar_cm_0,lidar_cm_1,lidar_cm_2,lidar_cm_3,lidar_cm_4,lidar_cm_5,lidar_cm_6,lidar_cm_7,lidar_cm_8,lidar_cm_9,lidar_cm_10,lidar_cm_11,lidar_cm_12,lidar_cm_13,lidar_cm_14,lidar_cm_15,lidar_cm_16,lidar_class_0,lidar_class_1,lidar_class_2,lidar_class_3,lidar_class_4,lidar_class_5,lidar_class_6,lidar_class_7,lidar_class_8,lidar_class_9,lidar_class_10,lidar_class_11,lidar_class_12,lidar_class_13,lidar_class_14,lidar_class_15,lidar_class_16
0,2956.495,-3607.641,176.567,-180.090,-0.999931,-0.001578,0.011675,0.001186,-0.999439,-0.033477,0.011721,-0.033461,0.999371,1,-0.08000,-0.12000,-4.800,-0.240,-1,400.000,-1,400.000,-1,325.000,325.000,300.000,300.000,-1,-1,-1,-1,875.000,825.000,-1,-1,2,0,2,0,2,0,0,0,0,2,2,2,2,0,0,2,2
1,2966.094,-3607.736,176.450,-180.570,-0.999879,-0.009951,0.011919,0.009546,-0.999392,-0.033540,0.012246,-0.033422,0.999366,0,-0.16000,-0.24000,-9.600,-0.480,-1,400.000,-1,400.000,-1,325.000,325.000,300.000,300.000,-1,-1,-1,-1,875.000,825.000,-1,-1,2,0,2,0,2,0,0,0,0,2,2,2,2,0,0,2,2
2,2980.490,-3608.060,176.268,-181.290,-0.999671,-0.022508,0.012287,0.022084,-0.999190,-0.033647,0.013035,-0.033364,0.999358,0,-0.24000,-0.36000,-14.400,-0.720,-1,400.000,-1,400.000,-1,325.000,325.000,300.000,300.000,-1,-1,-1,-1,875.000,825.000,-1,-1,2,0,2,0,2,0,0,0,0,2,2,2,2,0,0,2,2
3,2996.104,-3608.674,176.062,-182.250,-0.999149,-0.039246,0.012683,0.038799,-0.998676,-0.033777,0.013992,-0.033256,0.999349,0,-0.26043,-0.48000,-15.626,-0.960,-1,400.000,-1,400.000,-1,325.000,325.000,300.000,300.000,-1,-1,-1,-1,875.000,825.000,-1,-1,2,0,2,0,2,0,0,0,0,2,2,2,2,0,0,2,2
4,3011.702,-3609.614,175.844,-183.450,-0.998104,-0.060153,0.013073,0.059680,-0.997641,-0.033925,0.015082,-0.033080,0.999339,0,-0.26043,-0.60000,-15.626,-1.200,-1,400.000,-1,400.000,-1,325.000,325.000,300.000,300.000,-1,-1,-1,-1,875.000,825.000,-1,-1,2,0,2,0,2,0,0,0,0,2,2,2,2,0,0,2,2
5,3027.271,-3610.946,175.614,-184.890,-0.996273,-0.085205,0.013458,0.084706,-0.995822,-0.034095,0.016306,-0.032828,0.999328,0,-0.26043,-0.72000,-15.626,-1.440,-1,400.000,-1,400.000,-1,325.000,325.000,300.000,300.000,-1,-1,-1,-1,875.000,825.000,-1,-1,2,0,2,0,2,0,0,0,0,2,2,2,2,0,0,2,2
6,3042.794,-3612.734,175.371,-186.570,-0.993342,-0.114365,0.013838,0.113837,-0.992908,-0.034290,0.017661,-0.032486,0.999316,0,-0.26043,-0.84000,-15.626,-1.680,-1,400.000,-1,400.000,-1,325.000,325.000,300.000,300.000,-1,-1,-1,-1,875.000,825.000,-1,-1,2,0,2,0,2,0,0,0,0,2,2,2,2,0,0,2,2
7,3058.249,-3615.041,175.113,-188.490,-0.988950,-0.147569,0.014214,0.147011,-0.988533,-0.034515,0.019144,-0.032044,0.999303,0,-0.26043,-0.96000,-15.626,-1.920,-1,400.000,-1,400.000,-1,325.000,325.000,300.000,300.000,-1,-1,-1,-1,875.000,825.000,-1,-1,2,0,2,0,2,0,0,0,0,2,2,2,2,0,0,2,2
8,3073.614,-3617.885,174.842,-190.490,-0.983194,-0.181981,0.014590,0.181392,-0.982796,-0.034772,0.020667,-0.031541,0.999289,0,-0.26043,-1.00000,-15.626,-2.000,-1,400.000,-1,400.000,-1,325.000,325.000,300.000,300.000,-1,-1,-1,-1,875.000,825.000,-1,-1,2,0,2,0,2,0,0,0,0,2,2,2,2,0,0,2,2
9,3088.870,-3621.265,174.557,-192.490,-0.976240,-0.216173,0.014966,0.215552,-0.975863,-0.035064,0.022184,-0.031005,0.999273,0,-0.26043,-1.00000,-15.626,-2.000,-1,400.000,-1,400.000,-1,325.000,325.000,300.000,300.000,-1,-1,-1,-1,875.000,850.000,-1,-1,2,0,2,0,2,0,0,0,0,2,2,2,2,0,0,2,2
10,3103.999,-3625.174,174.258,-194.490,-0.968098,-0.250103,0.015339,0.249450,-0.967741,-0.035390,0.023696,-0.030435,0.999256,0,-0.26043,-1.00000,-15.626,-2.000,-1,400.000,-1,400.000,-1,325.000,325.000,300.000,300.000,-1,-1,-1,-1,875.000,850.000,-1,-1,2,0,2,0,2,0,0,0,0,2,2,2,2,0,0,2,2
11,3118.982,-3629.609,173.946,-196.490,-0.958776,-0.283729,0.015708,0.283044,-0.958440,-0.035751,0.025199,-0.029831,0.999237,0,-0.26043,-1.00000,-15.626,-2.000,-1,400.000,-1,400.000,-1,325.000,325.000,300.000,300.000,-1,-1,-1,-1,875.000,850.000,-1,-1,2,0,2,0,2,0,0,0,0,2,2,2,2,0,0,2,2
12,3133.801,-3634.565,173.621,-198.490,-0.948286,-0.317012,0.016070,0.316294,-0.947972,-0.036147,0.026693,-0.029195,0.999217,0,-0.26043,-1.00000,-15.626,-2.000,-1,400.000,-1,425.000,-1,325.000,325.000,300.000,300.000,-1,-1,-1,-1,875.000,850.000,-1,-1,2,0,2,0,2,0,0,0,0,2,2,2,2,0,0,2,2
13,3148.438,-3640.034,173.284,-200.490,-0.936640,-0.349909,0.016423,0.349159,-0.936349,-0.036578,0.028176,-0.028526,0.999196,0,-0.26043,-1.00000,-15.626,-2.000,-1,400.000,-1,425.000,-1,325.000,325.000,300.000,300.000,-1,-1,-1,-1,850.000,850.000,-1,-1,2,0,2,0,2,0,0,0,0,2,2,2,2,0,0,2,2
14,3162.876,-3646.011,172.919,-202.490,-0.923853,-0.382382,0.016742,0.381602,-0.923587,-0.036974,0.029601,-0.027770,0.999176,0,-0.26043,-1.00000,-15.626,-2.000,-1,400.000,-1,425.000,-1,325.000,325.000,300.000,300.000,-1,-1,-1,-1,850.000,875.000,-1,-1,2,0,2,0,2,0,0,0,0,2,2,2,2,0,0,2,2
15,3177.096,-3652.489,172.471,-204.490,-0.909939,-0.414394,0.016968,0.413596,-0.909706,-0.037071,0.030798,-0.026714,0.999169,0,-0.26043,-1.00000,-15.626,-2.000,-1,400.000,-1,425.000,-1,325.000,325.000,300.000,300.000,-1,-1,-1,-1,850.000,875.000,-1,-1,2,0,2,0,2,0,0,0,0,2,2,2,2,0,0,2,2
16,3191.082,-3659.458,172.012,-206.490,-0.894916,-0.445902,0.017203,0.445087,-0.894715,-0.037194,0.031977,-0.025629,0.999160,0,-0.26043,-1.00000,-15.626,-2.000,-1,400.000,-1,425.000,-1,325.000,325.000,300.000,300.000,-1,-1,-1,-1,850.000,875.000,-1,-1,2,0,2,0,2,0,0,0,0,2,2,2,2,0,0,2,2
17,3204.815,-3666.912,171.543,-208.490,-0.878801,-0.476869,0.017445,0.476036,-0.878632,-0.037344,0.033136,-0.024513,0.999150,0,-0.26043,-1.00000,-15.626,-2.000,-1,400.000,-1,425.000,-1,325.000,325.000,300.000,300.000,-1,-1,-1,-1,850.000,875.000,-1,-1,2,0,2,0,2,0,0,0,0,2,2,2,2,0,0,2,2
18,3218.281,-3674.840,170.964,-210.490,-0.861602,-0.507261,0.018123,0.506406,-0.861486,-0.037353,0.034560,-0.023006,0.999138,0,-0.26043,-1.00000,-15.626,-2.000,-1,400.000,-1,425.000,-1,325.000,325.000,300.000,300.000,-1,-1,-1,-1,850.000,875.000,-1,-1,2,0,2,0,2,0,0,0,0,2,2,2,2,0,0,2,2
19,3231.461,-3683.233,170.354,-212.490,-0.843347,-0.537036,0.018902,0.536160,-0.843288,-0.037386,0.036018,-0.021394,0.999122,0,-0.26043,-1.00000,-15.626,-2.000,-1,400.000,-1,425.000,-1,325.000,325.000,300.000,300.000,-1,-1,-1,-1,850.000,875.000,-1,-1,2,0,2,0,2,0,0,0,0,2,2,2,2,0,0,2,2
20,3244.341,-3692.081,169.740,-214.490,-0.824062,-0.566158,0.019668,0.565262,-0.824059,-0.037485,0.037430,-0.019772,0.999104,0,-0.26043,-1.00000,-15.626,-2.000,-1,400.000,-1,425.000,-1,325.000,325.000,300.000,300.000,-1,-1,-1,-1,850.000,875.000,-1,-1,2,0,2,0,2,0,0,0,0,2,2,2,2,0,0,2,2
21,3256.903,-3701.373,169.121,-216.490,-0.803769,-0.594591,0.020415,0.593675,-0.803824,-0.037647,0.038795,-0.018139,0.999083,0,-0.26043,-1.00000,-15.626,-2.000,-1,400.000,-1,425.000,-1,325.000,325.000,300.000,300.000,-1,-1,-1,-1,875.000,900.000,-1,-1,2,0,2,0,2,0,0,0,0,2,2,2,2,0,0,2,2
22,3269.134,-3711.098,168.498,-218.490,-0.782494,-0.622300,0.021139,0.621365,-0.782605,-0.037868,0.040109,-0.016496,0.999059,0,-0.26043,-1.00000,-15.626,-2.000,-1,400.000,-1,425.000,-1,325.000,325.000,300.000,300.000,-1,-1,-1,-1,875.000,900.000,-1,-1,2,0,2,0,2,0,0,0,0,2,2,2,2,0,0,2,2
23,3281.018,-3721.244,167.870,-220.490,-0.760262,-0.649250,0.021836,0.648298,-0.760430,-0.038144,0.041370,-0.014843,0.999034,0,-0.26043,-1.00000,-15.626,-2.000,-1,400.000,-1,425.000,-1,325.000,325.000,300.000,300.000,-1,-1,-1,-1,875.000,900.000,-1,-1,2,0,2,0,2,0,0,0,0,2,2,2,2,0,0,2,2
24,3292.541,-3731.799,167.240,-222.490,-0.737100,-0.675409,0.022503,0.674441,-0.737326,-0.038470,0.042575,-0.013179,0.999006,0,-0.26043,-1.00000,-15.626,-2.000,-1,400.000,-1,425.000,-1,325.000,325.000,300.000,300.000,-1,-1,-1,-1,875.000,900.000,-1,-1,2,0,2,0,2,0,0,0,0,2,2,2,2,0,0,2,2
25,3303.688,-3742.750,166.605,-224.490,-0.713037,-0.700744,0.023136,0.699761,-0.713320,-0.038842,0.043722,-0.011506,0.998977,0,-0.26043,-1.00000,-15.626,-2.000,-1,425.000,-1,425.000,-1,325.000,325.000,300.000,300.000,-1,-1,-1,-1,875.000,900.000,-1,-1,2,0,2,0,2,0,0,0,0,2,2,2,2,0,0,2,2
26,3314.446,-3754.082,165.968,-226.490,-0.688103,-0.725225,0.023734,0.724228,-0.688442,-0.039256,0.044808,-0.009823,0.998947,0,-0.26043,-1.00000,-15.626,-2.000,-1,425.000,-1,425.000,-1,325.000,325.000,300.000,300.000,-1,-1,-1,-1,875.000,900.000,-1,-1,2,0,2,0,2,0,0,0,0,2,2,2,2,0,0,2,2
27,3324.802,-3765.784,165.328,-228.490,-0.662327,-0.748821,0.024293,0.747811,-0.662723,-0.039706,0.045832,-0.008132,0.998916,0,-0.26043,-1.00000,-15.626,-2.000,-1,425.000,-1,425.000,-1,325.000,325.000,300.000,300.000,-1,-1,-1,-1,875.000,900.000,-1,-1,2,0,2,0,2,0,0,0,0,2,2,2,2,0,0,2,2
28,3331.725,-3774.107,164.890,-230.250,-0.638976,-0.768830,0.024697,0.767815,-0.639419,-0.040056,0.046588,-0.006632,0.998892,0,-0.18043,-0.88000,-10.826,-1.760,-1,425.000,-1,425.000,-1,325.000,325.000,300.000,300.000,-1,-1,-1,-1,900.000,900.000,-1,-1,2,0,2,0,2,0,0,0,0,2,2,2,2,0,0,2,2
29,3335.454,-3778.841,164.657,-231.770,-0.618324,-0.785527,0.024968,0.784511,-0.618805,-0.040291,0.047100,-0.005325,0.998876,0,-0.10043,-0.76000,-6.026,-1.520,-1,425.000,-1,425.000,-1,325.000,325.000,300.000,300.000,-1,-1,-1,-1,900.000,900.000,-1,-1,2,0,2,0,2,0,0,0,0,2,2,2,2,0,0,2,2
30,3336.191,-3779.821,164.631,-233.050,-0.600596,-0.799158,0.025122,0.798147,-0.601106,-0.040402,0.047388,-0.004214,0.998868,0,-0.02043,-0.64000,-1.226,-1.280,-1,425.000,-1,425.000,-1,325.000,325.000,300.000,300.000,-1,-1,-1,-1,900.000,900.000,-1,-1,2,0,2,0,2,0,0,0,0,2,2,2,2,0,0,2,2
31,3334.095,-3776.926,164.813,-234.090,-0.585973,-0.809940,0.025173,0.808939,-0.586504,-0.040380,0.047470,-0.003298,0.998867,0,0.05957,-0.52000,3.574,-1.040,-1,425.000,-1,425.000,-1,325.000,325.000,300.000,300.000,-1,-1,-1,-1,900.000,900.000,-1,-1,2,0,2,0,2,0,0,0,0,2,2,2,2,0,0,2,2
32,3329.278,-3770.076,165.203,-234.890,-0.574596,-0.818051,0.025129,0.817066,-0.575140,-0.040220,0.047355,-0.002578,0.998875,0,0.13957,-0.40000,8.374,-0.800,-1,425.000,-1,425.000,-1,325.000,325.000,300.000,300.000,-1,-1,-1,-1,900.000,900.000,-1,-1,2,0,2,0,2,0,0,0,0,2,2,2,2,0,0,2,2
33,3321.807,-3759.225,165.801,-235.450,-0.566570,-0.823634,0.024995,0.822669,-0.567117,-0.039915,0.047050,-0.002052,0.998890,0,0.21957,-0.28000,13.174,-0.560,-1,425.000,-1,425.000,-1,325.000,325.000,300.000,300.000,-1,-1,-1,-1,900.000,900.000,-1,-1,2,0,2,0,2,0,0,0,0,2,2,2,2,0,0,2,2
34,3311.697,-3744.365,166.604,-235.770,-0.561966,-0.826789,0.024768,0.825849,-0.562509,-0.039459,0.046557,-0.001720,0.998914,0,0.29957,-0.16000,17.974,-0.320,-1,425.000,-1,425.000,-1,325.000,325.000,300.000,300.000,-1,-1,-1,-1,900.000,900.000,-1,-1,2,0,2,0,2,0,0,0,0,2,2,2,2,0,0,2,2
35,3298.913,-3725.518,167.610,-235.850,-0.560824,-0.827574,0.024443,0.826663,-0.561354,-0.038848,0.045870,-0.001581,0.998946,0,0.37957,-0.04000,22.774,-0.080,-1,425.000,-1,425.000,-1,325.000,325.000,325.000,300.000,-1,-1,-1,-1,900.000,900.000,-1,-1,2,0,2,0,2,0,0,0,0,2,2,2,2,0,0,2,2
36,3283.370,-3702.742,168.685,-235.690,-0.563184,-0.826003,0.023319,0.825130,-0.563662,-0.038022,0.044550,-0.002173,0.999005,0,0.45957,0.08000,27.574,0.160,-1,425.000,-1,425.000,-1,325.000,325.000,300.000,300.000,-1,-1,-1,-1,900.000,900.000,-1,-1,2,0,2,0,2,0,0,0,0,2,2,2,2,0,0,2,2
37,3264.977,-3676.101,169.940,-235.378,-0.567736,-0.822917,0.021982,0.822089,-0.568153,-0.037035,0.042965,-0.002955,0.999072,0,0.53957,0.15610,32.374,0.312,-1,425.000,-1,425.000,-1,325.000,325.000,300.000,300.000,-1,-1,-1,-1,875.000,900.000,-1,-1,2,0,2,0,2,0,0,0,0,2,2,2,2,0,0,2,2
38,3243.690,-3645.625,171.373,-235.066,-0.572275,-0.819807,0.020429,0.819030,-0.572627,-0.035888,0.041119,-0.003806,0.999147,0,0.61957,0.15610,37.174,0.312,-1,425.000,-1,400.000,-1,325.000,325.000,300.000,300.000,-1,-1,-1,-1,875.000,875.000,-1,-1,2,0,2,0,2,0,0,0,0,2,2,2,2,0,0,2,2
39,3219.468,-3611.346,172.974,-234.754,-0.576800,-0.816672,0.018693,0.815953,-0.577084,-0.034575,0.039024,-0.004691,0.999227,0,0.69957,0.15610,41.974,0.312,-1,425.000,-1,400.000,-1,325.000,325.000,300.000,300.000,-1,-1,-1,-1,850.000,875.000,-1,-1,2,0,2,0,2,0,0,0,0,2,2,2,2,0,0,2,2
40,3192.267,-3573.294,174.693,-234.442,-0.581300,-0.813512,0.016986,0.812857,-0.581523,-0.033098,0.036804,-0.005432,0.999308,0,0.77957,0.15610,46.774,0.312,-1,400.000,-1,400.000,-1,325.000,325.000,300.000,300.000,-1,-1,-1,-1,850.000,875.000,-1,-1,2,0,2,0,2,0,0,0,0,2,2,2,2,0,0,2,2
41,3162.047,-3531.502,176.565,-234.129,-0.585781,-0.810328,0.015124,0.809742,-0.585944,-0.031432,0.034333,-0.006166,0.999391,0,0.85957,0.15610,51.574,0.312,-1,400.000,-1,400.000,-1,325.000,325.000,300.000,300.000,-1,-1,-1,-1,825.000,850.000,-1,-1,2,0,2,0,2,0,0,0,0,2,2,2,2,0,0,2,2
42,3130.526,-3488.407,178.454,-233.817,-0.590237,-0.807120,0.013333,0.806603,-0.590348,-0.029670,0.031818,-0.006758,0.999471,0,0.88988,0.15610,53.393,0.312,-1,400.000,-1,400.000,-1,325.000,325.000,300.000,300.000,-1,-1,-1,-1,825.000,850.000,-1,-1,2,0,2,0,2,0,0,0,0,2,2,2,2,0,0,2,2
43,3098.771,-3445.484,180.138,-233.505,-0.594645,-0.803892,0.012407,0.803435,-0.594738,-0.027894,0.029803,-0.006619,0.999534,0,0.88988,0.15610,53.393,0.312,-1,400.000,-1,400.000,-1,325.000,325.000,300.000,300.000,-1,-1,-1,-1,825.000,850.000,-1,-1,2,0,2,0,2,0,0,0,0,2,2,2,2,0,0,2,2
44,3066.782,-3402.735,181.784,-233.193,-0.599033,-0.800641,0.011562,0.800242,-0.599110,-0.026066,0.027796,-0.006362,0.999593,0,0.88988,0.15610,53.393,0.312,-1,400.000,-1,400.000,-1,325.000,325.000,300.000,300.000,-1,-1,-1,-1,800.000,825.000,-1,-1,2,0,2,0,2,0,0,0,0,2,2,2,2,0,0,2,2
45,3034.561,-3360.161,183.391,-232.881,-0.603399,-0.797367,0.010798,0.797022,-0.603465,-0.024183,0.025799,-0.005986,0.999649,0,0.88988,0.15610,53.393,0.312,-1,400.000,-1,400.000,-1,325.000,325.000,300.000,300.000,-1,-1,-1,-1,800.000,825.000,-1,-1,2,0,2,0,2,0,0,0,0,2,2,2,2,0,0,2,2
46,3002.109,-3317.763,184.855,-232.569,-0.607739,-0.794071,0.010236,0.793789,-0.607804,-0.021757,0.023498,-0.005097,0.999711,0,0.88988,0.15610,53.393,0.312,-1,400.000,-1,400.000,-1,325.000,325.000,300.000,300.000,-1,-1,-1,-1,775.000,825.000,-1,-1,2,0,2,0,2,0,0,0,0,2,2,2,2,0,0,2,2
47,2969.426,-3275.543,186.283,-232.256,-0.612061,-0.790751,0.009743,0.790526,-0.612125,-0.019291,0.021218,-0.004105,0.999766,0,0.88988,0.15610,53.393,0.312,-1,400.000,-1,400.000,-1,325.000,325.000,300.000,300.000,-1,-1,-1,-1,775.000,800.000,-1,-1,2,0,2,0,2,0,0,0,0,2,2,2,2,0,0,2,2
48,2936.513,-3233.501,187.521,-231.944,-0.616368,-0.787405,0.009148,0.787219,-0.616425,-0.017511,0.019427,-0.003592,0.999805,0,0.88988,0.15610,53.393,0.312,-1,400.000,-1,400.000,-1,325.000,325.000,300.000,300.000,-1,-1,-1,-1,750.000,800.000,-1,-1,2,0,2,0,2,0,0,0,0,2,2,2,2,0,0,2,2
49,2904.817,-3193.457,188.681,-231.638,-0.620576,-0.784099,0.008639,0.783945,-0.620628,-0.015816,0.017763,-0.003042,0.999838,0,0.85117,0.15320,51.070,0.306,-1,400.000,-1,400.000,-1,325.000,325.000,300.000,300.000,-1,-1,-1,-1,750.000,775.000,-1,-1,2,0,2,0,2,0,0,0,0,2,2,2,2,0,0,2,2
50,2872.908,-3153.582,189.602,-231.331,-0.624771,-0.780768,0.007928,0.780626,-0.624812,-0.015292,0.016893,-0.003365,0.999852,0,0.85117,0.15320,51.070,0.306,-1,400.000,-1,400.000,-1,325.000,325.000,300.000,300.000,-1,-1,-1,-1,725.000,775.000,-1,-1,2,0,2,0,2,0,0,0,0,2,2,2,2,0,0,2,2
51,2840.785,-3113.879,190.484,-231.025,-0.628947,-0.777415,0.007257,0.777280,-0.628977,-0.014930,0.016171,-0.003749,0.999862,0,0.85117,0.15320,51.070,0.306,-1,400.000,-1,400.000,-1,325.000,325.000,300.000,300.000,-1,-1,-1,-1,725.000,775.000,-1,-1,2,0,2,0,2,0,0,0,0,2,2,2,2,0,0,2,2
52,2808.451,-3074.348,191.354,-230.719,-0.633103,-0.774039,0.006658,0.773912,-0.633125,-0.014591,0.015509,-0.004085,0.999871,0,0.85117,0.15320,51.070,0.306,-1,400.000,-1,400.000,-1,325.000,325.000,300.000,300.000,-1,-1,-1,-1,725.000,775.000,-1,-1,2,0,2,0,2,0,0,0,0,2,2,2,2,0,0,2,2
53,2775.906,-3034.991,192.212,-230.412,-0.637240,-0.770641,0.006132,0.770522,-0.637254,-0.014273,0.014907,-0.004370,0.999879,0,0.85117,0.15320,51.070,0.306,-1,400.000,-1,400.000,-1,325.000,325.000,300.000,300.000,-1,-1,-1,-1,700.000,775.000,-1,-1,2,0,2,0,2,0,0,0,0,2,2,2,2,0,0,2,2
54,2743.151,-2995.809,193.005,-230.106,-0.641360,-0.767221,0.005403,0.767109,-0.641365,-0.013982,0.014192,-0.004823,0.999888,0,0.85117,0.15320,51.070,0.306,-1,375.000,-1,400.000,-1,325.000,325.000,300.000,300.000,-1,-1,-1,-1,700.000,750.000,-1,-1,2,0,2,0,2,0,0,0,0,2,2,2,2,0,0,2,2
55,2710.187,-2956.802,193.786,-229.799,-0.645461,-0.763779,0.004741,0.763673,-0.645457,-0.013713,0.013533,-0.005230,0.999895,0,0.85117,0.15320,51.070,0.306,-1,375.000,-1,400.000,-1,325.000,325.000,300.000,300.000,-1,-1,-1,-1,675.000,750.000,-1,-1,2,0,2,0,2,0,0,0,0,2,2,2,2,0,0,2,2
56,2677.015,-2917.972,194.657,-229.493,-0.649536,-0.760316,0.004696,0.760215,-0.649532,-0.013447,0.013274,-0.005164,0.999899,0,0.85117,0.15320,51.070,0.306,-1,375.000,-1,400.000,-1,325.000,325.000,300.000,300.000,-1,-1,-1,-1,675.000,750.000,-1,-1,2,0,2,0,2,0,0,0,0,2,2,2,2,0,0,2,2
57,2643.635,-2879.319,195.544,-229.187,-0.653590,-0.756833,0.004873,0.756734,-0.653590,-0.013189,0.013166,-0.004933,0.999901,0,0.85117,0.15320,51.070,0.306,-1,375.000,-1,400.000,-1,325.000,325.000,300.000,300.000,-1,-1,-1,-1,675.000,725.000,-1,-1,2,0,2,0,2,0,0,0,0,2,2,2,2,0,0,2,2
58,2610.049,-2840.846,196.365,-228.880,-0.657619,-0.753329,0.005655,0.753231,-0.657630,-0.012919,0.013451,-0.004236,0.999901,0,0.85117,0.15320,51.070,0.306,-1,375.000,-1,400.000,-1,300.000,325.000,300.000,300.000,-1,-1,-1,-1,650.000,725.000,-1,-1,2,0,2,0,2,0,0,0,0,2,2,2,2,0,0,2,2
59,2576.259,-2802.553,197.183,-228.574,-0.661625,-0.749805,0.006748,0.749705,-0.661651,-0.012641,0.013943,-0.003305,0.999897,0,0.85117,0.15320,51.070,0.306,-1,375.000,-1,400.000,-1,300.000,325.000,325.000,300.000,-1,-1,-1,-1,650.000,725.000,-1,-1,2,0,2,0,2,0,0,0,0,2,2,2,2,0,0,2,2
60,2542.263,-2764.442,198.017,-228.267,-0.665608,-0.746258,0.008062,0.746159,-0.665653,-0.012356,0.014587,-0.002209,0.999891,0,0.85117,0.15320,51.070,0.306,-1,375.000,-1,400.000,-1,300.000,325.000,325.000,300.000,-1,-1,-1,-1,650.000,725.000,-1,-1,2,0,2,0,2,0,0,0,0,2,2,2,2,0,0,2,2
61,2508.065,-2726.512,198.874,-227.961,-0.669568,-0.742689,0.009569,0.742592,-0.669636,-0.012062,0.015366,-0.000971,0.999881,0,0.85117,0.15320,51.070,0.306,-1,375.000,-1,375.000,-1,300.000,325.000,325.000,300.000,-1,-1,-1,-1,650.000,700.000,-1,-1,2,0,2,0,2,0,0,0,0,2,2,2,2,0,0,2,2
62,2473.664,-2688.766,199.791,-227.655,-0.673505,-0.739098,0.011183,0.739002,-0.673598,-0.011876,0.016310,0.000266,0.999867,0,0.85117,0.15320,51.070,0.306,-1,375.000,-1,375.000,-1,300.000,300.000,325.000,300.000,-1,-1,-1,-1,650.000,700.000,-1,-1,2,0,2,0,2,0,0,0,0,2,2,2,2,0,0,2,2
63,2439.062,-2651.205,200.798,-227.348,-0.677419,-0.735484,0.012884,0.735389,-0.677540,-0.011929,0.017503,0.001394,0.999846,0,0.85117,0.15320,51.070,0.306,-1,375.000,-1,375.000,-1,300.000,300.000,325.000,300.000,-1,-1,-1,-1,650.000,700.000,-1,-1,2,0,2,0,2,0,0,0,0,2,2,2,2,0,0,2,2
64,2407.388,-2617.474,201.739,-226.802,-0.684372,-0.728988,0.014516,0.728895,-0.684522,-0.011937,0.018638,0.002411,0.999823,0,0.77117,0.27320,46.270,0.546,-1,350.000,-1,375.000,-1,300.000,300.000,325.000,300.000,-1,-1,-1,-1,650.000,700.000,-1,-1,2,0,2,0,2,0,0,0,0,2,2,2,2,0,0,2,2
65,2378.589,-2587.635,202.601,-226.015,-0.694283,-0.719523,0.016035,0.719433,-0.694461,-0.011880,0.019683,0.003288,0.999801,0,0.69117,0.39320,41.470,0.786,-1,350.000,-1,375.000,-1,300.000,300.000,325.000,300.000,-1,-1,-1,-1,650.000,700.000,-1,-1,2,0,2,0,2,0,0,0,0,2,2,2,2,0,0,2,2
66,2350.896,-2559.953,203.442,-224.989,-0.707031,-0.706966,0.017494,0.706879,-0.707236,-0.011809,0.020721,0.004017,0.999777,0,0.65259,0.51320,39.155,1.026,-1,350.000,-1,375.000,-1,300.000,300.000,325.000,300.000,-1,-1,-1,-1,650.000,700.000,-1,-1,2,0,2,0,2,0,0,0,0,2,2,2,2,0,0,2,2
67,2322.599,-2532.890,204.607,-223.723,-0.722452,-0.691164,0.018837,0.691047,-0.722690,-0.013182,0.022724,0.003494,0.999736,0,0.65259,0.63320,39.155,1.266,-1,375.000,-1,375.000,-1,300.000,300.000,325.000,300.000,-1,-1,-1,-1,675.000,700.000,-1,-1,2,0,2,0,2,0,0,0,0,2,2,2,2,0,0,2,2
68,2293.600,-2506.581,205.750,-222.216,-0.740339,-0.671928,0.020245,0.671772,-0.740611,-0.014737,0.024895,0.002690,0.999686,0,0.65259,0.75320,39.155,1.506,-1,375.000,-1,375.000,-1,300.000,300.000,325.000,300.000,-1,-1,-1,-1,675.000,700.000,-1,-1,2,0,2,0,2,0,0,0,0,2,2,2,2,0,0,2,2
69,2263.812,-2481.167,206.909,-220.470,-0.760437,-0.649047,0.021746,0.648846,-0.760746,-0.016230,0.027077,0.001767,0.999632,0,0.65259,0.87320,39.155,1.746,-1,375.000,-1,375.000,-1,300.000,300.000,325.000,300.000,-1,725.000,575.000,-1,675.000,700.000,-1,-1,2,0,2,0,2,0,0,0,0,2,0,0,2,0,0,2,2
70,2233.162,-2456.801,208.080,-218.483,-0.782440,-0.622289,0.023340,0.622039,-0.782788,-0.017645,0.029251,0.000712,0.999572,0,0.65259,0.99320,39.155,1.986,-1,375.000,-1,375.000,-1,300.000,300.000,325.000,300.000,-1,575.000,475.000,-1,700.000,725.000,-1,-1,2,0,2,0,2,0,0,0,0,2,0,0,2,0,0,2,2
71,2201.680,-2433.519,209.254,-216.483,-0.803638,-0.594591,0.025045,0.594289,-0.804028,-0.018959,0.031410,-0.000352,0.999507,0,0.65259,1.00000,39.155,2.000,-1,375.000,-1,375.000,-1,300.000,300.000,325.000,300.000,-1,475.000,450.000,-1,700.000,725.000,-1,-1,2,0,2,0,2,0,0,0,0,2,0,0,2,0,0,2,2
72,2173.371,-2414.053,210.325,-214.514,-0.823558,-0.566608,0.026590,0.566263,-0.823987,-0.019813,0.033137,-0.001260,0.999450,0,0.57259,0.98471,34.355,1.969,-1,375.000,-1,375.000,-1,300.000,300.000,325.000,325.000,-1,450.000,425.000,-1,725.000,725.000,-1,-1,2,0,2,0,2,0,0,0,0,2,0,0,2,0,0,2,2
73,2148.458,-2398.151,211.253,-212.550,-0.842462,-0.538031,0.027939,0.537648,-0.842922,-0.020426,0.034540,-0.002187,0.999401,0,0.49259,0.98212,29.555,1.964,-1,375.000,-1,375.000,-1,300.000,300.000,325.000,325.000,-1,425.000,400.000,-1,725.000,725.000,-1,-1,2,0,2,0,2,0,0,0,0,2,0,0,2,0,0,2,2
74,2127.148,-2385.553,212.021,-210.590,-0.860337,-0.508895,0.029070,0.508476,-0.860823,-0.020884,0.035652,-0.003186,0.999359,0,0.41259,0.97968,24.755,1.959,-1,375.000,-1,375.000,-1,300.000,300.000,325.000,325.000,-1,400.000,400.000,-1,725.000,750.000,-1,-1,2,0,2,0,2,0,0,0,0,2,0,0,2,0,0,2,2
75,2109.634,-2375.990,212.626,-208.636,-0.877177,-0.479232,0.029973,0.478780,-0.877678,-0.021227,0.036479,-0.004269,0.999325,0,0.33259,0.97746,19.955,1.955,-1,375.000,-1,375.000,-1,300.000,300.000,325.000,325.000,-1,400.000,375.000,-1,725.000,750.000,-1,-1,2,0,2,0,2,0,0,0,0,2,0,0,2,0,0,2,2
76,2096.092,-2369.184,213.069,-206.684,-0.892971,-0.449070,0.030630,0.448589,-0.893480,-0.021494,0.037020,-0.005453,0.999300,0,0.25259,0.97551,15.155,1.951,-1,375.000,-1,375.000,-1,300.000,300.000,325.000,325.000,-1,375.000,375.000,-1,725.000,750.000,-1,-1,2,0,2,0,2,0,0,0,0,2,0,0,2,0,0,2,2
77,2086.687,-2364.851,213.378,-204.737,-0.907718,-0.418440,0.030928,0.417929,-0.908219,-0.021776,0.037201,-0.006841,0.999284,0,0.17259,0.97387,10.355,1.948,-1,375.000,-1,375.000,-1,300.000,300.000,325.000,325.000,-1,375.000,375.000,-1,725.000,750.000,-1,-1,2,0,2,0,2,0,0,0,0,2,0,0,2,0,0,2,2
78,2081.566,-2362.699,213.518,-202.792,-0.921403,-0.387368,0.031032,0.386830,-0.921888,-0.022026,0.037140,-0.008290,0.999276,0,0.09259,0.97256,5.555,1.945,-1,375.000,-1,375.000,-1,300.000,300.000,325.000,325.000,-1,375.000,375.000,-1,725.000,750.000,-1,-1,2,0,2,0,2,0,0,0,0,2,0,0,2,0,0,2,2
79,2080.860,-2362.430,213.493,-200.848,-0.934019,-0.355880,0.030957,0.355318,-0.934480,-0.022259,0.036850,-0.009791,0.999273,0,0.01259,0.97160,0.755,1.943,-1,375.000,-1,375.000,-1,300.000,300.000,325.000,325.000,-1,375.000,375.000,-1,725.000,750.000,-1,-1,2,0,2,0,2,0,0,0,0,2,0,0,2,0,0,2,2
80,2084.686,-2363.741,213.327,-198.906,-0.945558,-0.324002,0.030687,0.323423,-0.945989,-0.022396,0.036286,-0.011252,0.999278,0,-0.06741,0.97102,-4.045,1.942,-1,375.000,-1,375.000,-1,300.000,300.000,325.000,325.000,-1,375.000,400.000,-1,750.000,750.000,-1,-1,2,0,2,0,2,0,0,0,0,2,0,0,2,0,0,2,2
81,2093.146,-2366.322,213.082,-196.965,-0.956017,-0.291762,0.030127,0.291183,-0.956410,-0.022182,0.035286,-0.012434,0.999300,0,-0.14741,0.97080,-8.845,1.942,-1,375.000,-1,375.000,-1,300.000,300.000,325.000,325.000,-1,375.000,400.000,-1,750.000,750.000,-1,-1,2,0,2,0,2,0,0,0,0,2,0,0,2,0,0,2,2
82,2106.324,-2369.859,212.712,-195.023,-0.965382,-0.259182,0.029368,0.258611,-0.965734,-0.021878,0.034032,-0.013526,0.999329,0,-0.22741,0.97094,-13.645,1.942,-1,375.000,-1,375.000,-1,300.000,300.000,325.000,325.000,-1,400.000,425.000,-1,750.000,725.000,-1,-1,2,0,2,0,2,0,0,0,0,2,0,0,2,0,0,2,2
83,2121.437,-2373.370,212.303,-193.080,-0.973642,-0.226288,0.028555,0.225728,-0.973952,-0.021554,0.032688,-0.014540,0.999360,0,-0.25858,0.97143,-15.515,1.943,-1,375.000,-1,375.000,-1,300.000,300.000,325.000,325.000,-1,400.000,450.000,-1,775.000,725.000,-1,-1,2,0,2,0,2,0,0,0,0,2,0,0,2,0,0,2,2
84,2136.703,-2376.375,211.903,-191.136,-0.980783,-0.193114,0.027775,0.192566,-0.981054,-0.021250,0.031353,-0.015493,0.999388,0,-0.25932,0.97206,-15.559,1.944,-1,375.000,-1,375.000,-1,300.000,300.000,325.000,325.000,-1,425.000,475.000,-1,775.000,725.000,-1,-1,2,0,2,0,2,0,0,0,0,2,0,0,2,0,0,2,2
85,2152.102,-2378.867,211.513,-189.191,-0.986796,-0.159698,0.027030,0.159161,-0.987030,-0.020965,0.030027,-0.016386,0.999415,0,-0.25999,0.97268,-15.600,1.945,-1,400.000,-1,375.000,-1,300.000,300.000,325.000,325.000,-1,450.000,500.000,-1,775.000,725.000,-1,-1,2,0,2,0,2,0,0,0,0,2,0,0,2,0,0,2,2
86,2167.614,-2380.839,211.133,-187.244,-0.991671,-0.126077,0.026316,0.125553,-0.991871,-0.020695,0.028712,-0.017219,0.999439,0,-0.26061,0.97329,-15.636,1.947,-1,400.000,-1,375.000,-1,300.000,300.000,325.000,325.000,-1,475.000,525.000,-1,775.000,725.000,-1,-1,2,0,2,0,2,0,0,0,0,2,0,0,2,0,0,2,2
87,2183.217,-2382.286,210.763,-185.296,-0.995402,-0.092290,0.025635,0.091780,-0.995570,-0.020438,0.027407,-0.017991,0.999462,0,-0.26117,0.97388,-15.670,1.948,-1,400.000,-1,375.000,-1,300.000,300.000,300.000,325.000,-1,475.000,525.000,-1,800.000,725.000,-1,-1,2,0,2,0,2,0,0,0,0,2,0,0,2,0,0,2,2
88,2198.891,-2383.203,210.403,-183.347,-0.997982,-0.058379,0.024983,0.057881,-0.998119,-0.020193,0.026115,-0.018706,0.999484,0,-0.26168,0.97445,-15.701,1.949,-1,400.000,-1,375.000,-1,300.000,300.000,300.000,325.000,-1,500.000,550.000,-1,800.000,700.000,-1,-1,2,0,2,0,2,0,0,0,0,2,0,0,2,0,0,2,2
89,2214.615,-2383.586,210.053,-181.397,-0.999406,-0.024373,0.024360,0.023889,-0.999515,-0.019957,0.024834,-0.019364,0.999504,0,-0.26213,0.97523,-15.728,1.950,-1,400.000,-1,375.000,-1,300.000,300.000,300.000,325.000,-1,525.000,575.000,-1,800.000,700.000,-1,-1,2,0,2,0,2,0,0,0,0,2,0,0,2,0,0,2,2
90,2230.367,-2383.434,209.713,-179.445,-0.999671,0.009686,0.023763,-0.010156,-0.999754,-0.019731,0.023566,-0.019966,0.999523,0,-0.26255,0.97597,-15.753,1.952,-1,400.000,-1,375.000,-1,300.000,300.000,300.000,325.000,-1,550.000,600.000,-1,800.000,700.000,-1,-1,2,0,2,0,2,0,0,0,0,2,0,0,2,0,0,2,2
91,2246.127,-2382.744,209.383,-177.492,-0.998773,0.043756,0.023190,-0.044211,-0.998832,-0.019514,0.022310,-0.020515,0.999541,0,-0.26291,0.97664,-15.775,1.953,-1,400.000,-1,375.000,-1,325.000,300.000,300.000,325.000,-1,550.000,625.000,-1,800.000,700.000,-1,-1,2,0,2,0,2,0,0,0,0,2,0,0,2,0,0,2,2
92,2261.873,-2381.515,209.062,-175.537,-0.996712,0.077795,0.022640,-0.078237,-0.996748,-0.019305,0.021065,-0.021013,0.999557,0,-0.26324,0.97725,-15.794,1.954,-1,400.000,-1,375.000,-1,325.000,300.000,300.000,325.000,-1,575.000,650.000,-1,825.000,700.000,-1,-1,2,0,2,0,2,0,0,0,0,2,0,0,2,0,0,2,2
93,2277.586,-2379.747,208.751,-173.582,-0.993489,0.111762,0.022111,-0.112189,-0.993503,-0.019106,0.019832,-0.021462,0.999573,0,-0.26353,0.97778,-15.812,1.956,-1,400.000,-1,375.000,-1,325.000,300.000,300.000,325.000,-1,600.000,675.000,-1,825.000,700.000,-1,-1,2,0,2,0,2,0,0,0,0,2,0,0,2,0,0,2,2
94,2293.245,-2377.442,208.449,-171.625,-0.989106,0.145615,0.021599,-0.146027,-0.989100,-0.018917,0.018609,-0.021865,0.999588,0,-0.26379,0.97826,-15.828,1.957,-1,400.000,-1,375.000,-1,325.000,300.000,300.000,325.000,-1,625.000,700.000,-1,825.000,700.000,-1,-1,2,0,2,0,2,0,0,0,0,2,0,0,2,0,0,2,2
95,2308.830,-2374.601,208.156,-169.668,-0.983566,0.179312,0.021104,-0.179709,-0.983541,-0.018740,0.017396,-0.022224,0.999602,0,-0.26403,0.97866,-15.842,1.957,-1,400.000,-1,375.000,-1,325.000,300.000,300.000,325.000,-1,625.000,750.000,-1,825.000,700.000,-1,-1,2,0,2,0,2,0,0,0,0,2,0,0,2,0,0,2,2
96,2324.321,-2371.227,207.871,-167.710,-0.976876,0.212810,0.020623,-0.213193,-0.976834,-0.018576,0.016192,-0.022543,0.999615,0,-0.26423,0.97900,-15.854,1.958,-1,400.000,-1,375.000,-1,325.000,300.000,300.000,300.000,-1,675.000,800.000,-1,825.000,675.000,-1,-1,2,0,2,0,2,0,0,0,0,2,0,0,2,0,0,2,2
97,2339.698,-2367.322,207.594,-165.751,-0.969043,0.246068,0.020156,-0.246437,-0.968984,-0.018428,0.014996,-0.022825,0.999627,0,-0.26442,0.97927,-15.865,1.959,-1,400.000,-1,375.000,-1,325.000,300.000,300.000,300.000,-1,700.000,850.000,-1,825.000,675.000,-1,-1,2,0,2,0,2,0,0,0,0,2,0,0,2,0,0,2,2
98,2354.943,-2362.891,207.324,-163.792,-0.960076,0.279046,0.019701,-0.279400,-0.960001,-0.018298,0.013807,-0.023072,0.999638,0,-0.26459,0.97947,-15.876,1.959,-1,400.000,-1,375.000,-1,325.000,300.000,300.000,300.000,-1,750.000,950.000,-1,825.000,700.000,-1,-1,2,0,2,0,2,0,0,0,0,2,0,0,2,0,0,2,2
99,2370.037,-2357.938,207.062,-161.833,-0.949985,0.311701,0.019258,-0.312041,-0.949895,-0.018190,0.012623,-0.023289,0.999649,0,-0.26475,0.97960,-15.885,1.959,-1,400.000,-1,375.000,-1,325.000,300.000,300.000,300.000,-1,825.000,-1,-1,825.000,700.000,-1,-1,2,0,2,0,2,0,0,0,0,2,0,2,2,0,0,2,2
100,2384.961,-2352.469,206.806,-159.874,-0.938783,0.343995,0.018826,-0.344319,-0.938678,-0.018105,0.011443,-0.023479,0.999659,0,-0.26491,0.97966,-15.894,1.959,-1,400.000,-1,375.000,-1,325.000,300.000,300.000,300.000,-1,900.000,-1,-1,825.000,700.000,-1,-1,2,0,2,0,2,0,0,0,0,2,0,2,2,0,0,2,2
101,2395.258,-2348.341,206.624,-158.154,-0.928047,0.372001,0.018563,-0.372316,-0.927930,-0.018066,0.010505,-0.023677,0.999664,0,-0.18491,0.85966,-11.094,1.719,-1,400.000,-1,375.000,-1,325.000,300.000,300.000,300.000,-1,-1,-1,-1,825.000,700.000,-1,-1,2,0,2,0,2,0,0,0,0,2,2,2,2,0,0,2,2
102,2401.038,-2345.849,206.513,-156.675,-0.918138,0.395831,0.018463,-0.396140,-0.918013,-0.018052,0.009804,-0.023889,0.999667,0,-0.10491,0.73966,-6.294,1.479,-1,400.000,-1,375.000,-1,325.000,325.000,300.000,300.000,-1,-1,-1,-1,825.000,700.000,-1,-1,2,0,2,0,2,0,0,0,0,2,2,2,2,0,0,2,2
103,2402.398,-2345.227,206.469,-155.436,-0.909363,0.415591,0.018520,-0.415899,-0.909232,-0.018051,0.009337,-0.024117,0.999666,0,-0.02491,0.61966,-1.494,1.239,-1,400.000,-1,375.000,-1,325.000,325.000,300.000,300.000,-1,-1,-1,-1,850.000,700.000,-1,-1,2,0,2,0,2,0,0,0,0,2,2,2,2,0,0,2,2
104,2399.416,-2346.654,206.488,-154.436,-0.901974,0.431383,0.018728,-0.431694,-0.901840,-0.018051,0.009103,-0.024367,0.999662,0,0.05509,0.49966,3.306,0.999,-1,400.000,-1,375.000,-1,325.000,325.000,300.000,300.000,-1,-1,-1,-1,850.000,725.000,-1,-1,2,0,2,0,2,0,0,0,0,2,2,2,2,0,0,2,2
105,2392.151,-2350.248,206.568,-153.677,-0.896173,0.443294,0.019085,-0.443611,-0.896038,-0.018051,0.009099,-0.024643,0.999655,0,0.13509,0.37966,8.106,0.759,-1,400.000,-1,375.000,-1,325.000,325.000,300.000,300.000,-1,-1,-1,-1,850.000,725.000,-1,-1,2,0,2,0,2,0,0,0,0,2,2,2,2,0,0,2,2
106,2380.635,-2356.076,206.706,-153.158,-0.892110,0.451394,0.019587,-0.451722,-0.891976,-0.018053,0.009322,-0.024954,0.999645,0,0.21509,0.25966,12.906,0.519,-1,400.000,-1,375.000,-1,325.000,325.000,300.000,300.000,-1,-1,-1,-1,850.000,725.000,-1,-1,2,0,2,0,2,0,0,0,0,2,2,2,2,0,0,2,2
107,2364.877,-2364.147,206.901,-152.879,-0.889887,0.455733,0.020236,-0.456077,-0.889757,-0.018069,0.009771,-0.025309,0.999632,0,0.29509,0.13966,17.706,0.279,-1,400.000,-1,375.000,-1,325.000,325.000,300.000,300.000,-1,-1,-1,-1,875.000,725.000,-1,-1,2,0,2,0,2,0,0,0,0,2,2,2,2,0,0,2,2
108,2344.853,-2374.421,207.126,-152.839,-0.889560,0.456339,0.020934,-0.456701,-0.889436,-0.018071,0.010373,-0.025636,0.999618,0,0.37509,0.01966,22.506,0.039,-1,400.000,-1,375.000,-1,325.000,325.000,300.000,300.000,-1,1000.000,-1,-1,875.000,750.000,-1,-1,2,0,2,0,2,0,0,0,0,2,0,2,2,0,0,2,2
109,2320.515,-2386.801,207.393,-153.040,-0.891135,0.453217,0.021734,-0.453601,-0.891021,-0.018105,0.011159,-0.025993,0.999600,0,0.45509,-0.10034,27.306,-0.201,-1,400.000,-1,375.000,-1,325.000,325.000,300.000,300.000,-1,900.000,-1,-1,900.000,750.000,-1,-1,2,0,2,0,2,0,0,0,0,2,0,2,2,0,0,2,2
110,2291.787,-2401.136,207.701,-153.481,-0.894574,0.446346,0.022648,-0.446755,-0.894471,-0.018204,0.012132,-0.026402,0.999578,0,0.53509,-0.22034,32.106,-0.441,-1,400.000,-1,375.000,-1,325.000,325.000,300.000,300.000,-1,800.000,-1,-1,925.000,750.000,-1,-1,2,0,2,0,2,0,0,0,0,2,0,2,2,0,0,2,2
111,2258.571,-2417.221,208.049,-154.161,-0.899789,0.435683,0.023674,-0.436123,-0.899699,-0.018396,0.013285,-0.026877,0.999550,0,0.61509,-0.34034,36.906,-0.681,-1,400.000,-1,375.000,-1,325.000,325.000,300.000,300.000,-1,750.000,950.000,-1,925.000,750.000,-1,-1,2,0,2,0,2,0,0,0,0,2,0,0,2,0,0,2,2
112,2220.748,-2434.793,208.435,-155.082,-0.906645,0.421164,0.024812,-0.421641,-0.906570,-0.018716,0.014611,-0.027431,0.999517,0,0.69509,-0.46034,41.706,-0.921,-1,425.000,-1,400.000,-1,325.000,325.000,300.000,300.000,-1,675.000,850.000,-1,950.000,775.000,-1,-1,2,0,2,0,2,0,0,0,0,2,0,0,2,0,0,2,2
113,2178.183,-2453.528,208.862,-156.243,-0.914958,0.402706,0.026062,-0.403227,-0.914899,-0.019200,0.016113,-0.028076,0.999476,0,0.77509,-0.58034,46.506,-1.161,-1,425.000,-1,400.000,-1,325.000,325.000,300.000,300.000,-1,650.000,775.000,-1,975.000,775.000,-1,-1,2,0,2,0,2,0,0,0,0,2,0,0,2,0,0,2,2
114,2130.734,-2473.044,209.334,-157.643,-0.924492,0.380214,0.027427,-0.380786,-0.924449,-0.019885,0.017794,-0.028827,0.999426,0,0.85509,-0.70034,51.306,-1.401,-1,425.000,-1,400.000,-1,325.000,325.000,300.000,300.000,-1,600.000,725.000,-1,1000.000,775.000,-1,-1,2,0,2,0,2,0,0,0,0,2,0,0,2,0,0,2,2
115,2078.799,-2492.874,209.887,-159.102,-0.933832,0.356550,0.028808,-0.357184,-0.933798,-0.020976,0.019422,-0.029877,0.999365,0,0.92652,-0.72925,55.591,-1.458,-1,425.000,-1,400.000,-1,325.000,325.000,300.000,300.000,-1,575.000,675.000,-1,-1,775.000,-1,-1,2,0,2,0,2,0,0,0,0,2,0,0,2,2,0,2,2
116,2026.378,-2511.376,210.790,-160.560,-0.942589,0.332642,0.029590,-0.333357,-0.942501,-0.023761,0.019984,-0.032261,0.999280,0,0.92652,-0.72925,55.591,-1.458,-1,425.000,-1,400.000,-1,325.000,325.000,300.000,300.000,-1,600.000,725.000,-1,-1,800.000,-1,-1,2,0,2,0,2,0,0,0,0,2,0,0,2,2,0,2,2
117,1973.502,-2528.538,211.581,-162.019,-0.950752,0.308525,0.029719,-0.309299,-0.950600,-0.026349,0.020121,-0.034243,0.999211,0,0.92652,-0.72925,55.591,-1.458,-1,425.000,-1,400.000,-1,350.000,325.000,300.000,300.000,-1,650.000,775.000,-1,-1,800.000,-1,-1,2,0,2,0,2,0,0,0,0,2,0,0,2,2,0,2,2
118,1920.207,-2544.349,212.395,-163.477,-0.958301,0.284209,0.029742,-0.285043,-0.958075,-0.029042,0.020241,-0.036309,0.999136,0,0.92652,-0.72925,55.591,-1.458,-1,425.000,-1,400.000,-1,350.000,325.000,300.000,300.000,-1,675.000,825.000,-1,-1,800.000,-1,-1,2,0,2,0,2,0,0,0,0,2,0,0,2,2,0,2,2
119,1866.526,-2558.798,213.424,-164.936,-0.965258,0.259717,0.028715,-0.260566,-0.964948,-0.031307,0.019577,-0.037701,0.999097,0,0.92652,-0.72925,55.591,-1.458,-1,425.000,-1,400.000,-1,350.000,325.000,300.000,300.000,-1,775.000,950.000,-1,-1,800.000,-1,-1,2,0,2,0,2,0,0,0,0,2,0,0,2,2,0,2,2
120,1812.495,-2571.876,214.421,-166.394,-0.971595,0.235057,0.027404,-0.235914,-0.971182,-0.033925,0.018640,-0.039427,0.999049,0,0.92652,-0.72925,55.591,-1.458,-1,425.000,-1,400.000,-1,325.000,325.000,300.000,300.000,-1,900.000,-1,-1,1000.000,800.000,-1,-1,2,0,2,0,2,0,0,0,0,2,0,2,2,0,0,2,2
121,1757.847,-2583.635,215.441,-167.857,-0.977315,0.210177,0.026107,-0.211042,-0.976790,-0.036629,0.017803,-0.041307,0.998988,0,0.93164,-0.73127,55.899,-1.463,-1,425.000,-1,400.000,-1,325.000,325.000,300.000,300.000,-1,1000.000,-1,-1,1000.000,800.000,-1,-1,2,0,2,0,2,0,0,0,0,2,0,2,2,0,0,2,2
122,1702.532,-2594.064,216.492,-169.324,-0.982410,0.185081,0.024820,-0.185956,-0.981767,-0.039410,0.017073,-0.043332,0.998915,0,0.93817,-0.73361,56.290,-1.467,-1,425.000,-1,400.000,-1,325.000,325.000,300.000,300.000,-1,-1,-1,-1,975.000,800.000,-1,-1,2,0,2,0,2,0,0,0,0,2,2,2,2,0,0,2,2
123,1646.571,-2603.134,217.542,-170.795,-0.986867,0.159795,0.023634,-0.160680,-0.986109,-0.042089,0.016580,-0.045334,0.998834,0,0.94485,-0.73574,56.691,-1.471,-1,425.000,-1,400.000,-1,325.000,325.000,300.000,300.000,-1,-1,-1,-1,950.000,800.000,-1,-1,2,0,2,0,2,0,0,0,0,2,2,2,2,0,0,2,2
124,1589.987,-2610.815,218.618,-172.271,-0.990679,0.134341,0.022516,-0.135239,-0.989802,-0.044742,0.016275,-0.047370,0.998745,0,0.95170,-0.73765,57.102,-1.475,-1,425.000,-1,400.000,-1,325.000,325.000,300.000,300.000,-1,-1,-1,-1,950.000,800.000,-1,-1,2,0,2,0,2,0,0,0,0,2,2,2,2,0,0,2,2
125,1532.807,-2617.078,219.734,-173.749,-0.993838,0.108743,0.021456,-0.109657,-0.992839,-0.047383,0.016150,-0.049444,0.998646,0,0.95870,-0.73934,57.522,-1.479,-1,425.000,-1,400.000,-1,325.000,325.000,300.000,325.000,-1,-1,-1,-1,925.000,800.000,-1,-1,2,0,2,0,2,0,0,0,0,2,2,2,2,0,0,2,2
126,1475.057,-2621.898,220.901,-175.231,-0.996337,0.083027,0.020457,-0.083960,-0.995213,-0.050012,0.016206,-0.051546,0.998539,0,0.96585,-0.74080,57.951,-1.482,-1,425.000,-1,400.000,-1,325.000,325.000,300.000,325.000,-1,-1,-1,-1,925.000,800.000,-1,-1,2,0,2,0,2,0,0,0,0,2,2,2,2,0,0,2,2
127,1416.763,-2625.245,222.132,-176.715,-0.998171,0.057219,0.019517,-0.058176,-0.996918,-0.052625,0.016446,-0.053664,0.998424,0,0.97315,-0.74200,58.389,-1.484,-1,425.000,-1,400.000,-1,325.000,325.000,325.000,325.000,-1,-1,-1,-1,875.000,800.000,-1,1000.000,2,0,2,0,2,0,0,0,0,2,2,2,2,1,0,2,1
128,1357.881,-2627.139,223.436,-178.159,-0.999312,0.032073,0.018635,-0.033058,-0.997926,-0.055228,0.016825,-0.055806,0.998300,0,0.98187,-0.72207,58.912,-1.444,-1,425.000,-1,400.000,-1,325.000,325.000,325.000,325.000,-1,-1,-1,-1,825.000,775.000,-1,950.000,2,0,2,0,2,0,0,0,0,2,2,2,2,1,1,2,1
129,1298.532,-2627.557,224.622,-179.597,-0.999817,0.007014,0.017794,-0.008026,-0.998314,-0.057480,0.017361,-0.057612,0.998188,0,0.98917,-0.71914,59.350,-1.438,-1,425.000,975.000,400.000,1000.000,325.000,325.000,325.000,325.000,-1,-1,-1,-1,750.000,725.000,1000.000,900.000,2,0,1,0,1,0,0,0,0,2,2,2,2,1,1,1,1
130,1238.537,-2626.724,225.286,-180.796,-0.999773,-0.013864,0.016195,0.012884,-0.998165,-0.059159,0.016985,-0.058937,0.998117,0,1.00000,-0.59914,60.000,-1.198,-1,425.000,900.000,400.000,950.000,325.000,325.000,325.000,325.000,-1,-1,-1,-1,700.000,700.000,900.000,825.000,2,0,1,0,1,0,0,0,0,2,2,2,2,1,1,1,1
131,1178.565,-2624.889,225.992,-181.754,-0.999426,-0.030554,0.014612,0.029613,-0.997714,-0.060750,0.016435,-0.060282,0.998046,0,1.00000,-0.47914,60.000,-0.958,-1,425.000,850.000,400.000,900.000,325.000,325.000,325.000,325.000,-1,-1,-1,-1,650.000,650.000,800.000,775.000,2,0,1,0,1,0,0,0,0,2,2,2,2,1,1,1,1
132,1118.620,-2622.302,226.733,-182.472,-0.998988,-0.043055,0.013031,0.042164,-0.997168,-0.062268,0.015675,-0.061655,0.997974,0,1.00000,-0.35914,60.000,-0.718,-1,425.000,775.000,400.000,825.000,325.000,325.000,325.000,325.000,-1,-1,-1,-1,600.000,600.000,700.000,725.000,2,0,1,0,1,0,0,0,0,2,2,2,2,1,1,1,1
133,1058.700,-2619.214,227.499,-182.951,-0.998614,-0.051373,0.011437,0.050544,-0.996686,-0.063730,0.014673,-0.063064,0.997902,0,1.00000,-0.23914,60.000,-0.478,825.000,400.000,725.000,400.000,750.000,325.000,325.000,325.000,325.000,-1,-1,-1,-1,550.000,550.000,625.000,650.000,1,0,1,0,1,0,0,0,0,2,2,2,2,1,1,1,1
134,998.792,-2615.878,228.281,-183.189,-0.998410,-0.055512,0.009820,0.054758,-0.996372,-0.065156,0.013401,-0.064515,0.997827,0,1.00000,-0.11914,60.000,-0.238,700.000,400.000,650.000,400.000,675.000,325.000,325.000,325.000,325.000,-1,-1,-1,-1,500.000,500.000,550.000,600.000,1,1,1,0,1,0,0,0,0,2,2,2,2,1,1,1,1
135,938.885,-2612.543,229.067,-183.187,-0.998427,-0.055477,0.008170,0.054813,-0.996275,-0.066566,0.011832,-0.066013,0.997749,0,1.00000,0.00086,60.000,0.002,600.000,350.000,600.000,375.000,600.000,325.000,325.000,325.000,325.000,-1,-1,-1,-1,450.000,450.000,500.000,525.000,1,1,1,1,1,1,1,0,0,2,2,2,2,1,1,1,1
136,878.965,-2609.462,229.843,-182.945,-0.998664,-0.051268,0.006481,0.050711,-0.996397,-0.067981,0.009943,-0.067562,0.997666,0,1.00000,0.12086,60.000,0.242,500.000,325.000,525.000,325.000,525.000,300.000,300.000,325.000,325.000,-1,-1,-1,-1,400.000,425.000,425.000,450.000,1,1,1,1,1,1,1,0,0,2,2,2,2,1,1,1,1
