timestep,x_cm,y_cm,z_cm,yaw_deg,basis_xx,basis_xy,basis_xz,basis_yx,basis_yy,basis_yz,basis_zx,basis_zy,basis_zz,teleport_flag,throttle_cmd,steering_cmd,cmd_move_cm,cmd_turn_deg,lidar_cm_0,lidar_cm_1,lidar_cm_2,lidar_cm_3,lidar_cm_4,lidar_cm_5,lidar_cm_6,lidar_cm_7,lidar_cm_8,lidar_cm_9,lidar_cm_10,lidar_cm_11,lidar_cm_12,lidar_cm_13,lidar_cm_14,lidar_cm_15,lidar_cm_16,lidar_class_0,lidar_class_1,lidar_class_2,lidar_class_3,lidar_class_4,lidar_class_5,lidar_class_6,lidar_class_7,lidar_class_8,lidar_class_9,lidar_class_10,lidar_class_11,lidar_class_12,lidar_class_13,lidar_class_14,lidar_class_15,lidar_class_16
0,2794.504,-4848.653,180.553,114.097,-0.408415,-0.906868,-0.103865,0.912796,-0.405612,-0.047780,0.001202,-0.114321,0.993443,1,0.08000,-0.12000,4.800,-0.240,400.000,525.000,-1,400.000,-1,400.000,350.000,275.000,300.000,800.000,75.000,200.000,825.000,725.000,975.000,550.000,-1,1,1,2,1,2,1,1,0,1,0,0,0,1,1,1,1,2
1,2790.656,-4839.857,180.314,113.617,-0.400919,-0.910071,-0.105046,0.916109,-0.397930,-0.048947,0.002744,-0.115858,0.993262,0,0.16000,-0.24000,9.600,-0.480,400.000,525.000,-1,400.000,-1,400.000,350.000,275.000,300.000,800.000,75.000,200.000,825.000,750.000,1000.000,550.000,-1,1,1,2,1,2,1,1,1,1,0,0,0,1,1,1,1,2
2,2785.050,-4826.592,179.971,112.897,-0.389633,-0.914748,-0.106872,0.920956,-0.386356,-0.050681,0.005069,-0.118172,0.992980,0,0.24000,-0.36000,14.400,-0.720,400.000,525.000,-1,400.000,-1,400.000,350.000,275.000,300.000,750.000,75.000,175.000,825.000,775.000,-1,550.000,-1,1,1,2,1,2,1,1,1,1,0,0,0,1,1,2,1,2
3,2777.873,-4808.782,179.538,111.937,-0.374509,-0.920747,-0.109401,0.927187,-0.370836,-0.052958,0.008191,-0.121269,0.992586,0,0.32000,-0.48000,19.200,-0.960,400.000,525.000,-1,400.000,-1,400.000,350.000,275.000,300.000,725.000,50.000,175.000,850.000,800.000,-1,600.000,-1,1,1,2,1,2,1,1,1,1,0,0,0,1,1,2,1,2
4,2769.370,-4786.337,179.042,110.737,-0.355491,-0.927860,-0.112704,0.934601,-0.351302,-0.055753,0.012138,-0.125152,0.992063,0,0.40000,-0.60000,24.000,-1.200,400.000,550.000,-1,400.000,-1,400.000,350.000,275.000,300.000,675.000,50.000,175.000,875.000,900.000,-1,-1,-1,1,1,2,1,2,1,1,1,1,0,0,0,1,1,2,2,2
5,-1639.826,-8199.145,-12.807,-25.358,0.902957,0.428044,-0.038035,-0.428895,0.903181,-0.017694,0.026779,0.032290,0.999120,1,0.00000,0.00000,28.800,-1.361,-1,400.000,-1,400.000,-1,325.000,325.000,300.000,300.000,-1,-1,-1,-1,825.000,750.000,-1,950.000,2,0,2,0,2,0,0,0,0,2,2,2,2,0,1,2,1
6,-1635.480,-8201.183,-12.677,-25.118,0.904746,0.424258,-0.037949,-0.425108,0.904968,-0.017776,0.026801,0.032215,0.999122,0,0.08000,0.12000,4.800,0.240,-1,400.000,-1,400.000,-1,325.000,325.000,300.000,300.000,-1,-1,-1,-1,825.000,750.000,-1,950.000,2,0,2,0,2,0,0,0,0,2,2,2,2,0,1,2,1
7,-1626.754,-8205.185,-12.414,-24.638,0.908276,0.416664,-0.037775,-0.417510,0.908495,-0.017937,0.026845,0.032063,0.999125,0,0.16000,0.24000,9.600,0.480,-1,400.000,-1,400.000,-1,325.000,325.000,300.000,300.000,-1,-1,-1,-1,825.000,725.000,-1,925.000,2,0,2,0,2,0,0,0,0,2,2,2,2,0,1,2,1
8,-1613.591,-8211.023,-12.014,-23.918,0.913450,0.405217,-0.037512,-0.406059,0.913666,-0.018169,0.026911,0.031828,0.999131,0,0.24000,0.36000,14.400,0.720,-1,400.000,-1,400.000,-1,325.000,325.000,300.000,300.000,-1,-1,-1,-1,825.000,725.000,-1,925.000,2,0,2,0,2,0,0,0,0,2,2,2,2,0,1,2,1
9,-1595.912,-8218.512,-11.472,-22.958,0.920126,0.389857,-0.037155,-0.390692,0.920336,-0.018462,0.026998,0.031504,0.999139,0,0.32000,0.48000,19.200,0.960,-1,400.000,-1,400.000,975.000,325.000,325.000,300.000,300.000,-1,-1,-1,-1,825.000,725.000,-1,900.000,2,0,2,0,1,0,0,0,0,2,2,2,2,0,1,2,1
10,-1573.622,-8227.408,-10.778,-21.758,0.928106,0.370502,-0.036702,-0.371328,0.928311,-0.018805,0.027104,0.031081,0.999149,0,0.40000,0.60000,24.000,1.200,-1,400.000,-1,400.000,925.000,325.000,325.000,300.000,300.000,-1,-1,-1,-1,825.000,725.000,-1,875.000,2,0,2,0,1,0,0,0,0,2,2,2,2,0,1,2,1
11,-1546.627,-8237.445,-9.925,-20.394,0.936680,0.348316,-0.036150,-0.349130,0.936878,-0.019188,0.027185,0.030595,0.999162,0,0.48000,0.68166,28.800,1.363,-1,400.000,-1,400.000,875.000,325.000,325.000,325.000,300.000,-1,-1,-1,-1,825.000,725.000,-1,850.000,2,0,2,0,1,0,0,0,0,2,2,2,2,0,1,2,1
12,-1514.864,-8248.403,-8.902,-19.035,0.944706,0.325990,-0.035503,-0.326791,0.944893,-0.019615,0.027152,0.030133,0.999177,0,0.56000,0.67989,33.600,1.360,-1,400.000,-1,400.000,800.000,325.000,325.000,325.000,300.000,-1,-1,-1,-1,825.000,725.000,-1,825.000,2,0,2,0,1,0,0,0,0,2,2,2,2,0,1,2,1
13,-1478.278,-8260.064,-7.705,-17.679,0.952182,0.303549,-0.034761,-0.304336,0.952353,-0.020076,0.027011,0.029695,0.999194,0,0.64000,0.67780,38.400,1.356,-1,400.000,-1,400.000,750.000,325.000,325.000,325.000,300.000,-1,-1,-1,-1,825.000,725.000,-1,800.000,2,0,2,0,1,0,0,0,0,2,2,2,2,0,1,2,1
14,-1436.821,-8272.210,-6.329,-16.328,0.959102,0.281019,-0.033924,-0.281791,0.959256,-0.020561,0.026764,0.029279,0.999213,0,0.72000,0.67536,43.200,1.351,-1,400.000,-1,400.000,700.000,325.000,325.000,325.000,300.000,-1,-1,-1,-1,825.000,750.000,-1,775.000,2,0,2,0,1,0,0,0,0,2,2,2,2,0,1,2,1
15,-1390.453,-8284.620,-4.815,-14.983,0.965463,0.258429,-0.033088,-0.259181,0.965604,-0.020845,0.026563,0.028701,0.999235,0,0.80000,0.67252,48.000,1.345,-1,400.000,-1,400.000,675.000,325.000,325.000,325.000,300.000,-1,-1,-1,-1,825.000,750.000,-1,775.000,2,0,2,0,1,0,0,0,0,2,2,2,2,0,1,2,1
16,-1339.143,-8297.076,-3.349,-13.645,0.971267,0.235813,-0.032148,-0.236517,0.971418,-0.020160,0.026475,0.027184,0.999280,0,0.88000,0.66924,52.800,1.338,-1,400.000,-1,400.000,625.000,325.000,325.000,325.000,300.000,-1,-1,-1,-1,825.000,750.000,-1,750.000,2,0,2,0,1,0,0,0,0,2,2,2,2,0,1,2,1
17,-1282.869,-8309.361,-1.812,-12.314,0.976522,0.213197,-0.030838,-0.213834,0.976684,-0.019048,0.026058,0.025195,0.999343,0,0.96000,0.66546,57.600,1.331,-1,400.000,-1,400.000,600.000,325.000,325.000,300.000,300.000,-1,-1,-1,-1,825.000,750.000,-1,750.000,2,0,2,0,1,0,0,0,0,2,2,2,2,0,0,2,1
18,-1225.026,-8320.596,-0.403,-10.992,0.981207,0.190609,-0.030027,-0.191207,0.981377,-0.018440,0.025953,0.023835,0.999379,0,0.98206,0.66113,58.924,1.322,-1,400.000,-1,400.000,575.000,325.000,325.000,300.000,300.000,-1,-1,-1,-1,800.000,725.000,-1,725.000,2,0,2,0,1,0,0,0,0,2,2,2,2,0,0,2,1
19,-1166.891,-8330.511,0.986,-9.679,0.985341,0.168080,-0.029195,-0.168641,0.985514,-0.017955,0.025755,0.022615,0.999412,0,0.98291,0.65641,58.975,1.313,-1,400.000,-1,400.000,550.000,325.000,325.000,300.000,300.000,-1,-1,-1,-1,800.000,725.000,-1,750.000,2,0,2,0,1,0,0,0,0,2,2,2,2,0,0,2,1
20,-1108.523,-8339.105,2.415,-8.376,0.988932,0.145635,-0.028352,-0.146158,0.989109,-0.017355,0.025516,0.021307,0.999447,0,0.98329,0.65137,58.997,1.303,-1,400.000,-1,400.000,525.000,325.000,325.000,300.000,300.000,-1,-1,-1,-1,800.000,725.000,-1,800.000,2,0,2,0,1,0,0,0,0,2,2,2,2,0,0,2,1
21,-1049.985,-8346.381,3.878,-7.084,0.991989,0.123298,-0.027501,-0.123782,0.992170,-0.016653,0.025232,0.019923,0.999483,0,0.98315,0.64602,58.989,1.292,-1,400.000,-1,375.000,525.000,325.000,325.000,300.000,300.000,-1,-1,-1,-1,800.000,725.000,-1,925.000,2,0,2,0,1,0,0,0,0,2,2,2,2,0,0,2,1
22,-996.096,-8352.075,5.247,-6.032,0.994107,0.105063,-0.026714,-0.105511,0.994291,-0.015924,0.024889,0.018648,0.999516,0,0.90315,0.52602,54.189,1.052,-1,400.000,-1,375.000,525.000,325.000,325.000,300.000,300.000,-1,-1,-1,-1,775.000,700.000,-1,-1,2,0,2,0,1,0,0,0,0,2,2,2,2,0,0,2,2
23,-944.430,-8356.600,6.577,-5.005,0.995850,0.087229,-0.025958,-0.087641,0.996037,-0.015167,0.024533,0.017379,0.999548,0,0.86441,0.51345,51.864,1.027,-1,400.000,-1,375.000,525.000,325.000,325.000,300.000,300.000,-1,-1,-1,-1,775.000,700.000,-1,-1,2,0,2,0,1,0,0,0,1,2,2,2,2,0,0,2,2
24,-892.777,-8360.202,7.922,-3.989,0.997260,0.069549,-0.025201,-0.069925,0.997449,-0.014360,0.024138,0.016082,0.999579,0,0.86297,0.50819,51.778,1.016,-1,400.000,-1,375.000,550.000,325.000,325.000,300.000,300.000,-1,-1,-1,-1,775.000,700.000,-1,-1,2,0,2,0,1,0,0,0,1,2,2,2,2,0,0,2,2
25,-841.182,-8362.891,9.279,-2.983,0.998346,0.052034,-0.024441,-0.052375,0.998536,-0.013509,0.023702,0.014767,0.999610,0,0.86109,0.50278,51.665,1.006,-1,400.000,-1,375.000,600.000,325.000,325.000,300.000,300.000,-1,-1,-1,-1,775.000,700.000,-1,-1,2,0,2,0,1,0,0,0,1,2,2,2,2,0,0,2,2
26,-789.686,-8364.679,10.643,-1.988,0.999117,0.034696,-0.023678,-0.035001,0.999308,-0.012623,0.023223,0.013440,0.999640,0,0.85878,0.49727,51.527,0.995,-1,400.000,-1,375.000,650.000,325.000,325.000,300.000,300.000,-1,-1,-1,-1,775.000,675.000,-1,-1,2,0,2,0,1,0,0,0,1,2,2,2,2,0,0,2,2
27,-738.331,-8365.581,12.012,-1.005,0.999584,0.017541,-0.022910,-0.017812,0.999773,-0.011708,0.022700,0.012111,0.999669,0,0.85605,0.49168,51.363,0.983,-1,400.000,-1,375.000,-1,325.000,325.000,300.000,300.000,-1,-1,-1,-1,750.000,675.000,-1,-1,2,0,2,0,2,0,0,0,1,2,2,2,2,0,0,2,2
28,-687.156,-8365.610,13.383,-0.033,0.999755,0.000576,-0.022138,-0.000814,0.999942,-0.010772,0.022131,0.010787,0.999697,0,0.85293,0.48607,51.176,0.972,-1,400.000,-1,375.000,-1,325.000,300.000,300.000,300.000,-1,-1,-1,-1,750.000,675.000,-1,-1,2,0,2,0,2,0,0,0,1,2,2,2,2,0,0,2,2
29,-636.196,-8364.780,14.732,0.934,0.999623,-0.016308,-0.022069,0.016100,0.999824,-0.009588,0.022221,0.009229,0.999710,0,0.84945,0.48373,50.967,0.967,-1,400.000,-1,375.000,-1,325.000,300.000,300.000,300.000,-1,-1,-1,-1,750.000,675.000,-1,-1,2,0,2,0,2,0,0,0,1,2,2,2,2,0,0,2,2
30,-585.484,-8363.098,16.182,1.900,0.999185,-0.033146,-0.023020,0.032962,0.999422,-0.008307,0.023282,0.007542,0.999700,0,0.84565,0.48253,50.739,0.965,-1,400.000,-1,375.000,-1,325.000,300.000,300.000,300.000,-1,-1,-1,-1,750.000,675.000,-1,-1,2,0,2,0,2,0,0,0,1,2,2,2,2,0,0,2,2
31,-535.052,-8360.576,17.627,2.863,0.998465,-0.049942,-0.023959,0.049786,0.998735,-0.007070,0.024282,0.005867,0.999688,0,0.84159,0.48160,50.495,0.963,-1,400.000,-1,375.000,-1,325.000,325.000,300.000,300.000,-1,-1,-1,-1,750.000,675.000,-1,-1,2,0,2,0,2,0,0,0,1,2,2,2,2,0,0,2,2
32,-484.924,-8357.225,19.063,3.825,0.997463,-0.066701,-0.024884,0.066575,0.997764,-0.005884,0.025221,0.004212,0.999673,0,0.83732,0.48093,50.239,0.962,-1,400.000,-1,375.000,-1,325.000,325.000,300.000,300.000,-1,-1,-1,-1,750.000,675.000,-1,-1,2,0,2,0,2,0,0,0,1,2,2,2,2,0,0,2,2
33,-435.123,-8353.056,20.487,4.786,0.996180,-0.083428,-0.025794,0.083332,0.996510,-0.004754,0.026101,0.002586,0.999656,0,0.83292,0.48053,49.975,0.961,-1,400.000,-1,375.000,-1,325.000,325.000,300.000,300.000,-1,-1,-1,-1,750.000,675.000,-1,-1,2,0,2,0,2,0,0,0,1,2,2,2,2,0,0,2,2
34,-385.665,-8348.079,21.895,5.746,0.994617,-0.100126,-0.026687,0.100063,0.994974,-0.003688,0.026922,0.000998,0.999637,0,0.82846,0.48039,49.708,0.961,-1,400.000,-1,375.000,-1,325.000,325.000,300.000,300.000,-1,-1,-1,-1,750.000,675.000,-1,-1,2,0,2,0,2,0,0,0,1,2,2,2,2,0,0,2,2
35,-336.562,-8342.305,23.287,6.707,0.992773,-0.116800,-0.027559,0.116770,0.993155,-0.002691,0.027685,-0.000547,0.999617,0,0.82402,0.48052,49.441,0.961,-1,400.000,-1,375.000,-1,325.000,325.000,300.000,300.000,-1,-1,-1,-1,725.000,675.000,-1,-1,2,0,2,0,2,0,0,0,1,2,2,2,2,0,0,2,2
36,-287.823,-8335.741,24.658,7.669,0.990648,-0.133455,-0.028410,0.133458,0.991053,-0.001769,0.028392,-0.002039,0.999595,0,0.81965,0.48091,49.179,0.962,-1,400.000,-1,375.000,-1,325.000,325.000,300.000,300.000,-1,-1,-1,-1,725.000,675.000,-1,-1,2,0,2,0,2,0,0,0,0,2,2,2,2,0,0,2,2
37,-239.451,-8328.398,26.006,8.632,0.988239,-0.150093,-0.029236,0.150131,0.988666,-0.000928,0.029044,-0.003472,0.999572,0,0.81544,0.48155,48.926,0.963,-1,400.000,-1,375.000,-1,325.000,325.000,300.000,300.000,-1,-1,-1,-1,725.000,675.000,-1,-1,2,0,2,0,2,0,0,0,0,2,2,2,2,0,0,2,2
38,-191.446,-8320.281,27.329,9.597,0.985547,-0.166720,-0.030034,0.166790,0.985992,-0.000172,0.029642,-0.004840,0.999549,0,0.81144,0.48244,48.686,0.965,-1,400.000,-1,375.000,-1,325.000,325.000,300.000,300.000,-1,-1,-1,-1,725.000,675.000,-1,-1,2,0,2,0,2,0,0,0,0,2,2,2,2,0,0,2,2
39,-143.805,-8311.396,28.625,10.564,0.982568,-0.183337,-0.030800,0.183439,0.983031,0.000494,0.030187,-0.006136,0.999525,0,0.80770,0.48356,48.462,0.967,-1,400.000,-1,375.000,-1,325.000,325.000,300.000,300.000,-1,-1,-1,-1,725.000,675.000,-1,-1,2,0,2,0,2,0,0,0,0,2,2,2,2,0,0,2,2
40,-96.523,-8301.747,29.892,11.534,0.979299,-0.199947,-0.031531,0.200080,0.979779,0.001066,0.030680,-0.007353,0.999502,0,0.80427,0.48491,48.256,0.970,-1,400.000,-1,375.000,-1,325.000,325.000,300.000,300.000,-1,-1,-1,650.000,725.000,675.000,-1,-1,2,0,2,0,2,0,0,0,0,2,2,2,1,0,0,2,2
41,-49.593,-8291.336,31.186,12.507,0.975743,-0.216553,-0.032103,0.216720,0.976232,0.001783,0.030953,-0.008697,0.999483,0,0.80118,0.48646,48.071,0.973,-1,375.000,-1,375.000,-1,325.000,325.000,300.000,300.000,-1,-1,-1,575.000,725.000,675.000,-1,-1,2,0,2,0,2,0,0,0,0,2,2,2,1,0,0,2,2
42,-3.006,-8280.166,32.750,13.484,0.971873,-0.233152,-0.033196,0.233390,0.972377,0.003423,0.031481,-0.011074,0.999443,0,0.79845,0.48823,47.907,0.976,-1,375.000,-1,375.000,-1,325.000,325.000,300.000,300.000,-1,-1,-1,550.000,725.000,700.000,-1,-1,2,0,2,0,2,0,0,0,0,2,2,2,1,0,0,2,2
43,43.246,-8268.235,34.321,14.464,0.967698,-0.249748,-0.034438,0.250062,0.968217,0.005060,0.032079,-0.013508,0.999394,0,0.79610,0.49018,47.766,0.980,-1,375.000,-1,375.000,-1,325.000,325.000,300.000,300.000,-1,-1,-1,525.000,725.000,700.000,-1,-1,2,0,2,0,2,0,0,0,0,2,2,2,1,0,0,2,2
44,89.172,-8255.543,36.002,15.449,0.963235,-0.266342,-0.035205,0.266711,0.963757,0.006150,0.032291,-0.015314,0.999361,0,0.79413,0.49232,47.648,0.985,-1,375.000,-1,375.000,-1,325.000,325.000,300.000,300.000,-1,-1,-1,525.000,725.000,700.000,-1,-1,2,0,2,0,2,0,0,0,0,2,2,2,1,0,0,2,2
45,134.781,-8242.087,37.861,16.438,0.958453,-0.282937,-0.036262,0.283333,0.959002,0.006177,0.033028,-0.016194,0.999323,0,0.79255,0.49462,47.553,0.989,-1,375.000,-1,375.000,-1,325.000,325.000,300.000,300.000,-1,-1,-1,525.000,725.000,700.000,-1,-1,2,0,2,0,2,0,0,0,0,2,2,2,1,0,0,2,2
46,180.081,-8227.863,39.685,17.432,0.953358,-0.299530,-0.037283,0.299950,0.953935,0.006119,0.033732,-0.017017,0.999286,0,0.79134,0.49708,47.481,0.994,-1,375.000,-1,375.000,-1,325.000,325.000,300.000,300.000,-1,-1,-1,550.000,725.000,700.000,-1,-1,2,0,2,0,2,0,0,0,0,2,2,2,1,0,0,2,2
47,225.079,-8212.866,41.473,18.431,0.947948,-0.316118,-0.038263,0.316562,0.948553,0.005977,0.034405,-0.017778,0.999250,0,0.79052,0.49970,47.431,0.999,-1,375.000,-1,375.000,-1,325.000,325.000,300.000,300.000,-1,-1,-1,575.000,725.000,700.000,-1,-1,2,0,2,0,2,0,0,0,0,2,2,2,1,0,0,2,2
48,271.948,-8196.553,43.321,19.191,0.943632,-0.328659,-0.039268,0.329120,0.944271,0.005731,0.035196,-0.018331,0.999212,0,0.82711,0.37970,49.627,0.759,-1,375.000,-1,375.000,-1,325.000,325.000,300.000,300.000,-1,-1,-1,600.000,725.000,700.000,-1,-1,2,0,2,0,2,0,0,0,0,2,2,2,1,0,0,2,2
49,318.671,-8179.815,45.146,19.710,0.940571,-0.337203,-0.040261,0.337677,0.941247,0.005406,0.036072,-0.018680,0.999175,0,0.82718,0.25970,49.631,0.519,-1,375.000,-1,375.000,-1,325.000,325.000,300.000,300.000,-1,-1,-1,625.000,725.000,700.000,-1,-1,2,0,2,0,2,0,0,0,0,2,2,2,1,0,0,2,2
50,365.342,-8162.838,46.955,19.990,0.938871,-0.341788,-0.041257,0.342270,0.939588,0.005019,0.037049,-0.018834,0.999136,0,0.82771,0.13970,49.662,0.279,-1,400.000,-1,375.000,-1,325.000,325.000,300.000,300.000,-1,-1,-1,650.000,725.000,700.000,-1,-1,2,0,2,0,2,0,0,0,0,2,2,2,1,0,0,2,2
51,412.038,-8145.769,48.750,20.078,0.938296,-0.343240,-0.042267,0.343725,0.939059,0.004587,0.038117,-0.018832,0.999096,0,0.82863,0.04428,49.718,0.089,-1,400.000,-1,375.000,-1,325.000,325.000,300.000,300.000,-1,950.000,-1,700.000,725.000,725.000,-1,-1,2,0,2,0,2,0,0,0,0,2,0,2,1,0,0,2,2
52,458.774,-8128.599,50.525,20.173,0.937679,-0.344798,-0.043278,0.345286,0.938489,0.004112,0.039199,-0.018799,0.999055,0,0.82985,0.04756,49.791,0.095,-1,400.000,-1,375.000,-1,325.000,325.000,300.000,300.000,-1,875.000,-1,725.000,725.000,725.000,-1,-1,2,0,2,0,2,0,0,0,0,2,0,2,1,0,0,2,2
53,505.559,-8111.316,52.278,20.275,0.937016,-0.346466,-0.044289,0.346953,0.937875,0.003591,0.040294,-0.018732,0.999012,0,0.83125,0.05091,49.875,0.102,-1,400.000,-1,375.000,-1,325.000,325.000,300.000,300.000,-1,825.000,-1,750.000,750.000,725.000,-1,-1,2,0,2,0,2,0,0,0,0,2,0,2,1,0,0,2,2
54,552.399,-8093.911,54.059,20.384,0.936312,-0.348243,-0.045230,0.348736,0.937215,0.003240,0.041262,-0.018807,0.998971,0,0.83281,0.05433,49.969,0.109,-1,400.000,-1,375.000,-1,325.000,325.000,300.000,300.000,-1,800.000,925.000,800.000,750.000,725.000,-1,-1,2,0,2,0,2,0,0,0,0,2,0,0,1,0,0,2,2
55,599.300,-8076.376,56.056,20.499,0.935567,-0.350128,-0.046087,0.350662,0.936494,0.003805,0.041828,-0.019721,0.998930,0,0.83452,0.05781,50.071,0.116,-1,400.000,-1,375.000,-1,325.000,325.000,300.000,300.000,-1,800.000,925.000,850.000,750.000,725.000,-1,-1,2,0,2,0,2,0,0,0,0,2,0,0,1,0,0,2,2
56,646.266,-8058.702,58.172,20.622,0.934749,-0.352123,-0.047474,0.352725,0.935715,0.004684,0.042773,-0.021124,0.998862,0,0.83637,0.06136,50.182,0.123,-1,400.000,-1,375.000,-1,325.000,325.000,300.000,300.000,-1,800.000,900.000,900.000,750.000,725.000,-1,-1,2,0,2,0,2,0,0,0,0,2,0,0,1,0,0,2,2
57,693.304,-8040.879,60.278,20.752,0.933880,-0.354233,-0.048862,0.354906,0.934886,0.005558,0.043711,-0.022532,0.998790,0,0.83835,0.06497,50.301,0.130,-1,400.000,-1,375.000,-1,325.000,325.000,300.000,300.000,-1,800.000,875.000,950.000,750.000,725.000,-1,-1,2,0,2,0,2,0,0,0,0,2,0,0,1,0,0,2,2
58,744.868,-8021.454,62.680,20.642,0.934508,-0.352430,-0.049871,0.353152,0.935546,0.006196,0.044473,-0.023403,0.998736,0,0.91835,-0.05503,55.101,-0.110,-1,400.000,-1,375.000,-1,325.000,325.000,300.000,300.000,-1,800.000,900.000,1000.000,750.000,725.000,-1,-1,2,0,2,0,2,0,0,0,0,2,0,0,1,0,0,2,2
59,798.612,-8001.582,65.375,20.292,0.936623,-0.346709,-0.050302,0.347433,0.937685,0.006168,0.045029,-0.023254,0.998715,0,0.95500,-0.17503,57.300,-0.350,-1,400.000,-1,375.000,-1,325.000,325.000,300.000,300.000,-1,850.000,925.000,-1,750.000,725.000,-1,-1,2,0,2,0,2,0,0,0,0,2,0,0,2,0,0,2,2
60,852.713,-7982.210,68.138,19.702,0.940116,-0.337038,-0.050855,0.337748,0.941219,0.005810,0.045907,-0.022638,0.998689,0,0.95774,-0.29503,57.464,-0.590,-1,400.000,-1,375.000,-1,325.000,325.000,300.000,300.000,-1,850.000,925.000,-1,750.000,725.000,-1,-1,2,0,2,0,2,0,0,0,0,2,0,0,2,0,0,2,2
61,907.181,-7963.367,70.908,19.083,0.943675,-0.326852,-0.051440,0.327547,0.944819,0.005476,0.046812,-0.022016,0.998661,0,0.96059,-0.30959,57.636,-0.619,-1,400.000,-1,375.000,-1,325.000,325.000,300.000,300.000,-1,875.000,925.000,-1,725.000,725.000,-1,-1,2,0,2,0,2,0,0,0,0,2,0,0,2,0,0,2,2
62,962.013,-7945.051,73.685,18.472,0.947073,-0.316769,-0.052057,0.317451,0.948261,0.005173,0.047725,-0.021425,0.998631,0,0.96350,-0.30528,57.810,-0.611,-1,400.000,-1,375.000,-1,325.000,325.000,300.000,300.000,-1,875.000,925.000,-1,725.000,725.000,-1,-1,2,0,2,0,2,0,0,0,0,2,0,0,2,0,0,2,2
63,1017.202,-7927.257,76.470,17.870,0.950315,-0.306794,-0.052705,0.307464,0.951547,0.004901,0.048648,-0.020863,0.998598,0,0.96644,-0.30095,57.986,-0.602,-1,400.000,-1,375.000,-1,325.000,325.000,300.000,300.000,-1,900.000,925.000,-1,725.000,725.000,-1,-1,2,0,2,0,2,0,0,0,0,2,0,0,2,0,0,2,2
64,1072.743,-7909.982,79.262,17.277,0.953406,-0.296930,-0.053383,0.297589,0.954683,0.004662,0.049580,-0.020331,0.998563,0,0.96942,-0.29659,58.165,-0.593,-1,400.000,-1,375.000,-1,325.000,325.000,300.000,300.000,-1,900.000,925.000,-1,725.000,725.000,-1,-1,2,0,2,0,2,0,0,0,0,2,0,0,2,0,0,2,2
65,1128.631,-7893.223,82.064,16.693,0.956348,-0.287180,-0.054092,0.287829,0.957671,0.004447,0.050525,-0.019822,0.998526,0,0.97244,-0.29220,58.346,-0.584,-1,400.000,-1,375.000,-1,325.000,325.000,300.000,300.000,-1,900.000,950.000,-1,725.000,725.000,-1,-1,2,0,2,0,2,0,0,0,0,2,0,0,2,0,0,2,2
66,1184.860,-7876.976,84.882,16.117,0.959145,-0.277548,-0.054844,0.278187,0.960518,0.004224,0.051506,-0.019308,0.998486,0,0.97549,-0.28779,58.530,-0.576,-1,375.000,-1,375.000,-1,325.000,325.000,300.000,300.000,-1,900.000,950.000,-1,700.000,725.000,-1,-1,2,0,2,0,2,0,0,0,0,2,0,0,2,0,0,2,2
67,1241.331,-7861.266,87.817,15.546,0.961837,-0.267955,-0.055415,0.268606,0.963240,0.004518,0.052167,-0.019231,0.998453,0,0.97692,-0.28574,58.615,-0.571,-1,375.000,-1,375.000,-1,325.000,325.000,300.000,300.000,-1,925.000,975.000,-1,700.000,700.000,-1,-1,2,0,2,0,2,0,0,0,0,2,0,0,2,0,0,2,2
68,1297.956,-7846.121,90.905,14.974,0.964423,-0.258332,-0.056159,0.259029,0.965855,0.005386,0.052851,-0.019741,0.998407,0,0.97692,-0.28574,58.615,-0.571,-1,375.000,-1,375.000,-1,300.000,300.000,300.000,300.000,-1,950.000,-1,-1,700.000,700.000,-1,-1,2,0,2,0,2,0,0,0,0,2,0,2,2,0,0,2,2
69,1354.729,-7831.542,94.045,14.403,0.966900,-0.248682,-0.057107,0.249439,0.968369,0.006429,0.053702,-0.020461,0.998347,0,0.97692,-0.28574,58.615,-0.571,-1,375.000,-1,375.000,-1,300.000,300.000,300.000,300.000,-1,975.000,-1,-1,700.000,700.000,-1,-1,2,0,2,0,2,0,0,0,0,2,0,2,2,0,0,2,2
70,1411.645,-7817.529,97.439,13.831,0.969288,-0.239012,-0.057917,0.239778,0.970806,0.006546,0.054662,-0.020232,0.998300,0,0.97692,-0.28574,58.615,-0.571,-1,375.000,-1,375.000,-1,300.000,300.000,300.000,300.000,-1,975.000,-1,-1,675.000,700.000,-1,-1,2,0,2,0,2,0,0,0,0,2,0,2,2,0,0,2,2
71,1468.697,-7804.085,101.076,13.260,0.971548,-0.229323,-0.059206,0.230047,0.973163,0.005623,0.056328,-0.019083,0.998230,0,0.97692,-0.28574,58.615,-0.571,-1,375.000,-1,375.000,-1,300.000,300.000,300.000,300.000,-1,975.000,-1,-1,675.000,725.000,-1,-1,2,0,2,0,2,0,0,0,0,2,0,2,2,0,0,2,2
72,1525.881,-7791.211,104.729,12.688,0.973706,-0.219610,-0.060565,0.220291,0.975423,0.004730,0.058037,-0.017947,0.998153,0,0.97692,-0.28574,58.615,-0.571,-1,375.000,-1,375.000,-1,300.000,300.000,300.000,300.000,-1,975.000,-1,-1,700.000,725.000,-1,-1,2,0,2,0,2,0,0,0,0,2,0,2,2,0,0,2,2
73,1583.191,-7778.908,108.396,12.117,0.975761,-0.209874,-0.061989,0.210512,0.977584,0.003867,0.059787,-0.016823,0.998069,0,0.97692,-0.28574,58.615,-0.571,-1,375.000,-1,375.000,-1,300.000,300.000,300.000,300.000,-1,975.000,-1,-1,700.000,725.000,-1,-1,2,0,2,0,2,0,0,0,0,2,0,2,2,0,0,2,2
74,1640.620,-7767.176,112.077,11.545,0.977714,-0.200117,-0.063473,0.200710,0.979646,0.003037,0.061574,-0.015709,0.997979,0,0.97692,-0.28574,58.615,-0.571,-1,375.000,-1,375.000,-1,300.000,325.000,325.000,300.000,-1,900.000,975.000,-1,700.000,725.000,-1,-1,2,0,2,0,2,0,0,0,0,2,0,0,2,0,0,2,2
75,1698.164,-7756.019,115.771,10.974,0.979563,-0.190339,-0.065014,0.190886,0.981610,0.002239,0.063393,-0.014603,0.997882,0,0.97692,-0.28574,58.615,-0.571,-1,375.000,-1,375.000,-1,300.000,325.000,325.000,300.000,-1,800.000,850.000,-1,700.000,725.000,-1,-1,2,0,2,0,2,0,0,0,0,2,0,0,2,0,0,2,2
76,1755.816,-7745.435,119.480,10.402,0.981310,-0.180542,-0.066592,0.181040,0.983475,0.001462,0.065228,-0.013490,0.997779,0,0.97692,-0.28574,58.615,-0.571,-1,375.000,-1,400.000,-1,300.000,325.000,325.000,300.000,-1,750.000,775.000,-1,700.000,750.000,-1,-1,2,0,2,0,2,0,0,0,0,2,0,0,2,0,0,2,2
77,1813.570,-7735.427,123.206,9.831,0.982956,-0.170727,-0.068194,0.171172,0.985241,0.000698,0.067068,-0.012359,0.997672,0,0.97692,-0.28574,58.615,-0.571,-1,375.000,-1,400.000,-1,300.000,325.000,325.000,300.000,-1,700.000,725.000,-1,725.000,750.000,-1,-1,2,0,2,0,2,0,0,0,0,2,0,0,2,0,0,2,2
78,1871.422,-7725.996,126.941,9.259,0.984498,-0.160894,-0.069839,0.161285,0.986908,-0.000033,0.068929,-0.011232,0.997558,0,0.97692,-0.28574,58.615,-0.571,-1,375.000,-1,400.000,-1,325.000,325.000,300.000,300.000,-1,675.000,675.000,-1,725.000,750.000,-1,-1,2,0,2,0,2,0,0,0,0,2,0,0,2,0,0,2,2
79,1929.365,-7717.142,130.708,8.688,0.985940,-0.151044,-0.071469,0.151386,0.988474,-0.000638,0.070742,-0.010190,0.997443,0,0.97692,-0.28574,58.615,-0.571,-1,375.000,-1,400.000,-1,325.000,325.000,300.000,300.000,-1,650.000,625.000,-1,725.000,750.000,-1,-1,2,0,2,0,2,0,0,0,0,2,0,0,2,0,0,2,2
80,1987.393,-7708.866,134.659,8.116,0.987279,-0.141178,-0.073140,0.141517,0.989936,-0.000549,0.072482,-0.009809,0.997322,0,0.97692,-0.28574,58.615,-0.571,-1,375.000,-1,400.000,-1,325.000,325.000,300.000,300.000,-1,600.000,575.000,-1,725.000,775.000,-1,-1,2,0,2,0,2,0,0,0,0,2,0,0,2,0,0,2,2
81,2045.501,-7701.170,138.920,7.545,0.988606,-0.131299,-0.073611,0.131559,0.991308,-0.001339,0.073147,-0.008360,0.997286,0,0.97692,-0.28574,58.615,-0.571,-1,375.000,-1,400.000,-1,325.000,325.000,300.000,300.000,-1,650.000,625.000,-1,725.000,775.000,-1,-1,2,0,2,0,2,0,0,0,0,2,0,0,2,0,0,2,2
82,2103.682,-7694.054,143.223,6.973,0.989852,-0.121407,-0.073852,0.121579,0.992579,-0.002181,0.073569,-0.006820,0.997267,0,0.97692,-0.28574,58.615,-0.571,-1,375.000,-1,400.000,-1,325.000,325.000,300.000,300.000,-1,675.000,650.000,-1,750.000,775.000,-1,-1,2,0,2,0,2,0,0,0,0,2,0,0,2,0,0,2,2
83,2161.932,-7687.518,147.541,6.402,0.991000,-0.111502,-0.074075,0.111587,0.993750,-0.003009,0.073947,-0.005284,0.997248,0,0.97692,-0.28574,58.615,-0.571,-1,375.000,-1,400.000,-1,325.000,325.000,300.000,325.000,-1,725.000,700.000,-1,750.000,775.000,-1,-1,2,0,2,0,2,0,0,0,0,2,0,0,2,0,0,2,2
84,2220.244,-7681.563,151.875,5.831,0.992050,-0.101586,-0.074279,0.101583,0.994820,-0.003824,0.074283,-0.003752,0.997230,0,0.97692,-0.28574,58.615,-0.571,-1,400.000,-1,400.000,-1,325.000,325.000,300.000,325.000,-1,775.000,725.000,-1,750.000,775.000,-1,-1,2,0,2,0,2,0,0,0,0,2,0,0,2,0,0,2,2
85,2273.811,-7676.406,155.865,5.499,0.992609,-0.095829,-0.074460,0.095756,0.995394,-0.004561,0.074554,-0.002603,0.997214,0,0.89692,-0.16574,53.815,-0.331,-1,400.000,-1,400.000,-1,325.000,325.000,300.000,300.000,-1,825.000,775.000,-1,775.000,775.000,-1,-1,2,0,2,0,2,0,0,0,0,2,0,0,2,0,0,2,2
86,2322.615,-7671.860,159.507,5.321,0.992890,-0.092739,-0.074618,0.092608,0.995689,-0.005225,0.074781,-0.001722,0.997198,0,0.81692,-0.08893,49.015,-0.178,-1,400.000,-1,400.000,-1,325.000,325.000,300.000,300.000,-1,875.000,800.000,-1,775.000,775.000,-1,-1,2,0,2,0,2,0,0,0,0,2,0,0,2,0,0,2,2
87,2366.652,-7667.896,162.799,5.143,0.993164,-0.089648,-0.074753,0.089464,0.995973,-0.005820,0.074974,-0.000908,0.997185,0,0.73692,-0.08893,44.215,-0.178,-1,400.000,-1,400.000,-1,325.000,325.000,300.000,300.000,-1,900.000,850.000,-1,775.000,775.000,-1,-1,2,0,2,0,2,0,0,0,0,2,0,0,2,0,0,2,2
88,2405.919,-7664.484,165.737,4.966,0.993430,-0.086556,-0.074867,0.086323,0.996247,-0.006346,0.075135,-0.000158,0.997173,0,0.65692,-0.08893,39.415,-0.178,-1,400.000,-1,400.000,-1,325.000,325.000,300.000,300.000,-1,925.000,875.000,-1,775.000,775.000,-1,-1,2,0,2,0,2,0,0,0,0,2,0,0,2,0,0,2,2
89,2440.955,-7661.550,168.361,4.788,0.993687,-0.083463,-0.074963,0.083186,0.996511,-0.006813,0.075270,0.000534,0.997163,0,0.58597,-0.08893,35.158,-0.178,-1,400.000,-1,400.000,-1,325.000,325.000,300.000,300.000,-1,975.000,900.000,-1,775.000,775.000,-1,-1,2,0,2,0,2,0,0,0,0,2,0,0,2,0,0,2,2
90,2476.000,-7658.724,170.988,4.610,0.993935,-0.080369,-0.075056,0.080049,0.996764,-0.007277,0.075398,0.001224,0.997153,0,0.58597,-0.08893,35.158,-0.178,-1,400.000,-1,400.000,-1,325.000,325.000,300.000,300.000,-1,1000.000,925.000,-1,775.000,775.000,-1,-1,2,0,2,0,2,0,0,0,0,2,0,0,2,0,0,2,2
91,2511.053,-7656.007,173.618,4.432,0.994174,-0.077275,-0.075144,0.076910,0.997008,-0.007738,0.075517,0.001913,0.997143,0,0.58597,-0.08893,35.158,-0.178,-1,400.000,-1,400.000,-1,325.000,325.000,300.000,300.000,-1,-1,950.000,-1,800.000,775.000,-1,-1,2,0,2,0,2,0,0,0,0,2,2,0,2,0,0,2,2
92,2546.114,-7653.399,176.251,4.254,0.994403,-0.074180,-0.075228,0.073771,0.997242,-0.008197,0.075628,0.002601,0.997133,0,0.58597,-0.08893,35.158,-0.178,-1,400.000,-1,400.000,-1,325.000,325.000,300.000,300.000,-1,-1,975.000,-1,800.000,775.000,-1,-1,2,0,2,0,2,0,0,0,0,2,2,0,2,0,0,2,2
93,2581.184,-7650.900,178.886,4.076,0.994623,-0.071084,-0.075308,0.070631,0.997465,-0.008653,0.075733,0.003288,0.997123,0,0.58597,-0.08893,35.158,-0.178,-1,400.000,-1,400.000,-1,325.000,325.000,300.000,300.000,-1,-1,1000.000,-1,800.000,775.000,-1,-1,2,0,2,0,2,0,0,0,0,2,2,0,2,0,0,2,2
94,2616.261,-7648.509,181.550,3.898,0.994840,-0.067987,-0.075302,0.067499,0.997679,-0.009003,0.075739,0.003873,0.997120,0,0.58597,-0.08893,35.158,-0.178,-1,400.000,-1,400.000,-1,325.000,325.000,300.000,300.000,-1,-1,-1,-1,800.000,775.000,-1,-1,2,0,2,0,2,0,0,0,0,2,2,2,2,0,0,2,2
95,2651.439,-7646.220,184.207,3.723,0.995053,-0.064933,-0.075188,0.064426,0.997880,-0.009161,0.075624,0.004272,0.997127,0,0.58754,-0.08766,35.252,-0.175,-1,400.000,-1,400.000,-1,325.000,325.000,300.000,300.000,-1,-1,-1,-1,800.000,775.000,-1,-1,2,0,2,0,2,0,0,0,0,2,2,2,2,0,0,2,2
96,2686.718,-7644.031,186.779,3.550,0.995268,-0.061927,-0.074880,0.061429,0.998071,-0.008936,0.075289,0.004294,0.997152,0,0.58913,-0.08630,35.348,-0.173,-1,400.000,-1,400.000,-1,325.000,325.000,300.000,300.000,-1,-1,-1,-1,800.000,775.000,-1,-1,2,0,2,0,2,0,0,0,0,2,2,2,2,0,0,2,2
97,2722.097,-7641.941,189.358,3.381,0.995471,-0.058969,-0.074566,0.058481,0.998250,-0.008715,0.074949,0.004315,0.997178,0,0.59067,-0.08489,35.440,-0.170,-1,400.000,-1,400.000,-1,325.000,325.000,300.000,300.000,-1,-1,-1,-1,825.000,775.000,-1,-1,2,0,2,0,2,0,0,0,0,2,2,2,2,0,0,2,2
98,2757.571,-7639.949,191.943,3.214,0.995663,-0.056061,-0.074244,0.055583,0.998418,-0.008499,0.074603,0.004335,0.997204,0,0.59217,-0.08344,35.530,-0.167,-1,400.000,-1,400.000,-1,325.000,325.000,300.000,300.000,-1,-1,-1,-1,825.000,775.000,-1,-1,2,0,2,0,2,0,0,0,0,2,2,2,2,0,0,2,2
99,2793.138,-7638.054,194.534,3.050,0.995844,-0.053205,-0.073917,0.052736,0.998574,-0.008287,0.074253,0.004354,0.997230,0,0.59362,-0.08194,35.617,-0.164,-1,400.000,-1,400.000,-1,325.000,325.000,300.000,300.000,-1,-1,-1,-1,825.000,775.000,-1,-1,2,0,2,0,2,0,0,0,0,2,2,2,2,0,0,2,2
100,2828.793,-7636.255,197.131,2.889,0.996015,-0.050403,-0.073584,0.049943,0.998719,-0.008079,0.073897,0.004372,0.997256,0,0.59501,-0.08040,35.701,-0.161,-1,400.000,-1,400.000,-1,325.000,325.000,300.000,300.000,-1,-1,-1,-1,825.000,775.000,-1,-1,2,0,2,0,2,0,0,0,0,2,2,2,2,0,0,2,2
101,2864.534,-7634.550,199.734,2.731,0.996175,-0.047655,-0.073246,0.047204,0.998854,-0.007875,0.073538,0.004388,0.997283,0,0.59635,-0.07881,35.781,-0.158,-1,400.000,-1,400.000,-1,325.000,325.000,300.000,300.000,-1,-1,-1,-1,825.000,775.000,-1,-1,2,0,2,0,2,0,0,0,0,2,2,2,2,0,0,2,2
102,2900.356,-7632.937,202.343,2.577,0.996325,-0.044964,-0.072904,0.044522,0.998979,-0.007675,0.073174,0.004401,0.997309,0,0.59764,-0.07717,35.858,-0.154,-1,400.000,-1,400.000,-1,325.000,325.000,300.000,300.000,-1,-1,-1,-1,825.000,775.000,-1,-1,2,0,2,0,2,0,0,0,0,2,2,2,2,0,0,2,2
103,2936.255,-7631.416,204.956,2.426,0.996466,-0.042331,-0.072556,0.041898,0.999094,-0.007479,0.072807,0.004413,0.997336,0,0.59886,-0.07549,35.932,-0.151,-1,400.000,-1,400.000,-1,325.000,325.000,300.000,300.000,-1,-1,-1,-1,825.000,775.000,-1,-1,2,0,2,0,2,0,0,0,0,2,2,2,2,0,0,2,2
104,2972.228,-7629.985,207.574,2.279,0.996597,-0.039759,-0.072205,0.039335,0.999200,-0.007287,0.072437,0.004422,0.997363,0,0.60002,-0.07376,36.001,-0.148,-1,400.000,-1,400.000,-1,325.000,325.000,300.000,300.000,-1,-1,-1,-1,825.000,750.000,-1,-1,2,0,2,0,2,0,0,0,0,2,2,2,2,0,0,2,2
105,3008.269,-7628.642,210.197,2.135,0.996720,-0.037248,-0.071850,0.036832,0.999296,-0.007098,0.072064,0.004428,0.997390,0,0.60111,-0.07199,36.067,-0.144,-1,400.000,-1,400.000,-1,325.000,325.000,300.000,300.000,-1,-1,-1,-1,825.000,750.000,-1,-1,2,0,2,0,2,0,0,0,0,2,2,2,2,0,0,2,2
106,3044.375,-7627.384,212.824,1.994,0.996834,-0.034800,-0.071491,0.034393,0.999384,-0.006912,0.071688,0.004431,0.997417,0,0.60213,-0.07017,36.128,-0.140,-1,400.000,-1,400.000,-1,325.000,325.000,300.000,300.000,-1,-1,-1,-1,825.000,750.000,-1,-1,2,0,2,0,2,0,0,0,0,2,2,2,2,0,0,2,2
107,3080.541,-7626.211,215.456,1.858,0.996940,-0.032417,-0.071130,0.032019,0.999465,-0.006729,0.071310,0.004431,0.997444,0,0.60308,-0.06830,36.185,-0.137,-1,400.000,-1,400.000,-1,325.000,325.000,300.000,300.000,-1,-1,-1,-1,825.000,750.000,-1,-1,2,0,2,0,2,0,0,0,0,2,2,2,2,0,0,2,2
108,3116.762,-7625.121,218.091,1.725,0.997039,-0.030101,-0.070766,0.029712,0.999537,-0.006550,0.070930,0.004428,0.997471,0,0.60396,-0.06639,36.238,-0.133,-1,400.000,-1,400.000,-1,325.000,325.000,300.000,300.000,-1,-1,-1,-1,825.000,750.000,-1,-1,2,0,2,0,2,0,0,0,0,2,2,2,2,0,0,2,2
109,3153.033,-7624.110,220.729,1.596,0.997130,-0.027853,-0.070399,0.027472,0.999602,-0.006373,0.070549,0.004420,0.997499,0,0.60476,-0.06443,36.286,-0.129,-1,400.000,-1,400.000,-1,325.000,325.000,300.000,300.000,-1,-1,-1,-1,825.000,750.000,-1,-1,2,0,2,0,2,0,0,0,0,2,2,2,2,0,0,2,2
110,3189.350,-7623.177,223.370,1.471,0.997214,-0.025675,-0.070031,0.025302,0.999661,-0.006199,0.070166,0.004409,0.997526,0,0.60548,-0.06243,36.329,-0.125,-1,400.000,-1,400.000,-1,325.000,325.000,300.000,300.000,-1,-1,-1,-1,825.000,750.000,-1,-1,2,0,2,0,2,0,0,0,0,2,2,2,2,0,0,2,2
111,3225.707,-7622.320,226.014,1.350,0.997292,-0.023567,-0.069660,0.023204,0.999713,-0.006027,0.069782,0.004394,0.997553,0,0.60611,-0.06039,36.367,-0.121,-1,400.000,-1,400.000,-1,325.000,325.000,300.000,300.000,-1,-1,-1,-1,825.000,750.000,-1,-1,2,0,2,0,2,0,0,0,0,2,2,2,2,0,0,2,2
112,3262.098,-7621.536,228.660,1.234,0.997364,-0.021533,-0.069289,0.021178,0.999759,-0.005857,0.069398,0.004375,0.997579,0,0.60666,-0.05830,36.400,-0.117,-1,400.000,-1,400.000,-1,325.000,325.000,300.000,300.000,-1,-1,-1,-1,850.000,750.000,-1,-1,2,0,2,0,2,0,0,0,0,2,2,2,2,0,0,2,2
113,3298.519,-7620.823,231.198,1.122,0.997424,-0.019573,-0.069012,0.019239,0.999800,-0.005498,0.069106,0.004156,0.997601,0,0.60713,-0.05618,36.428,-0.112,-1,400.000,-1,400.000,-1,325.000,325.000,300.000,300.000,-1,-1,-1,-1,850.000,750.000,-1,-1,2,0,2,0,2,0,0,0,0,2,2,2,2,0,0,2,2
114,3334.963,-7620.179,233.627,1.013,0.997483,-0.017688,-0.068670,0.017396,0.999837,-0.004835,0.068745,0.003629,0.997628,0,0.60750,-0.05401,36.450,-0.108,-1,400.000,-1,400.000,-1,325.000,325.000,300.000,300.000,-1,-1,-1,-1,850.000,750.000,-1,-1,2,0,2,0,2,0,0,0,0,2,2,2,2,0,0,2,2
115,3371.425,-7619.600,236.058,0.910,0.997536,-0.015879,-0.068329,0.015631,0.999869,-0.004174,0.068386,0.003096,0.997654,0,0.60778,-0.05181,36.467,-0.104,-1,400.000,-1,400.000,-1,325.000,325.000,300.000,300.000,-1,-1,-1,-1,850.000,750.000,-1,-1,2,0,2,0,2,0,0,0,0,2,2,2,2,0,0,2,2
116,3412.685,-7618.847,238.805,1.046,0.997522,-0.018259,-0.067944,0.018068,0.999831,-0.003436,0.067995,0.002200,0.997683,0,0.68778,0.06819,41.267,0.136,-1,400.000,-1,400.000,-1,325.000,325.000,300.000,300.000,-1,-1,-1,-1,850.000,775.000,-1,-1,2,0,2,0,2,0,0,0,0,2,2,2,2,0,0,2,2
117,3458.738,-7617.703,241.869,1.423,0.997410,-0.024827,-0.067511,0.024707,0.999691,-0.002614,0.067555,0.000939,0.997715,0,0.76778,0.18819,46.067,0.376,-1,400.000,-1,400.000,-1,325.000,325.000,300.000,300.000,-1,-1,-1,-1,850.000,775.000,-1,-1,2,0,2,0,2,0,0,0,0,2,2,2,2,0,0,2,2
118,3506.304,-7616.010,245.030,2.039,0.997114,-0.035580,-0.067058,0.035542,0.999367,-0.001757,0.067078,-0.000632,0.997748,0,0.79327,0.30819,47.596,0.616,-1,400.000,-1,400.000,-1,325.000,325.000,300.000,300.000,-1,-1,-1,-1,850.000,775.000,-1,-1,2,0,2,0,2,0,0,0,0,2,2,2,2,0,0,2,2
119,3553.862,-7613.605,248.185,2.895,0.996501,-0.050512,-0.066595,0.050566,0.998720,-0.000882,0.066554,-0.002489,0.997780,0,0.79365,0.42819,47.619,0.856,-1,400.000,-1,400.000,-1,325.000,325.000,300.000,300.000,-1,-1,-1,-1,875.000,775.000,-1,-1,2,0,2,0,2,0,0,0,0,2,2,2,2,0,0,2,2
120,3601.399,-7610.393,251.331,3.866,0.995532,-0.067417,-0.066117,0.067566,0.997715,0.000018,0.065965,-0.004485,0.997812,0,0.79410,0.48514,47.646,0.970,1000.000,400.000,-1,400.000,-1,325.000,325.000,300.000,300.000,-1,-1,-1,-1,875.000,775.000,-1,-1,1,0,2,0,2,0,0,0,0,2,2,2,2,0,0,2,2
121,3648.902,-7606.370,254.466,4.841,0.994270,-0.084381,-0.065624,0.084625,0.996412,0.000946,0.065309,-0.006494,0.997844,0,0.79456,0.48744,47.673,0.975,950.000,400.000,-1,400.000,-1,325.000,325.000,300.000,300.000,-1,-1,-1,-1,875.000,800.000,-1,-1,1,0,2,0,2,0,0,0,0,2,2,2,2,0,0,2,2
122,3696.353,-7601.533,257.589,5.820,0.992712,-0.101401,-0.065115,0.101740,0.994809,0.001904,0.064584,-0.008515,0.997876,0,0.79495,0.48977,47.697,0.980,900.000,400.000,-1,400.000,-1,325.000,325.000,300.000,300.000,-1,-1,-1,-1,875.000,800.000,-1,-1,1,0,2,0,2,0,0,0,0,2,2,2,2,0,0,2,2
123,3743.733,-7595.880,260.694,6.804,0.990854,-0.118473,-0.064591,0.118906,0.992901,0.002892,0.063790,-0.010546,0.997908,0,0.79527,0.49214,47.716,0.984,875.000,400.000,-1,400.000,-1,325.000,325.000,300.000,300.000,-1,-1,-1,-1,875.000,800.000,-1,-1,1,0,2,0,2,0,0,0,0,2,2,2,2,0,0,2,2
124,3791.023,-7589.408,263.780,7.793,0.988692,-0.135591,-0.064051,0.136118,0.990685,0.003912,0.062924,-0.012586,0.997939,0,0.79551,0.49453,47.731,0.989,825.000,400.000,-1,400.000,-1,325.000,325.000,300.000,300.000,-1,-1,-1,-1,900.000,800.000,-1,-1,1,0,2,0,2,0,0,0,0,2,2,2,2,0,0,2,2
125,3838.203,-7582.114,266.842,8.787,0.986223,-0.152751,-0.063497,0.153370,0.988156,0.004965,0.061986,-0.014635,0.997970,0,0.79568,0.49695,47.741,0.994,800.000,425.000,-1,400.000,-1,325.000,325.000,300.000,300.000,-1,-1,-1,-1,900.000,800.000,-1,-1,1,0,2,0,2,0,0,0,0,2,2,2,2,0,0,2,2
126,3885.254,-7573.999,269.874,9.786,0.983441,-0.169947,-0.062937,0.170657,0.985312,0.006036,0.060987,-0.016677,0.997999,0,0.79576,0.49940,47.746,0.999,750.000,425.000,-1,400.000,-1,325.000,325.000,300.000,300.000,-1,-1,-1,-1,900.000,825.000,-1,-1,1,0,2,0,2,0,0,0,0,2,2,2,2,0,0,2,2
127,3932.155,-7565.060,272.668,10.790,0.980373,-0.187177,-0.061909,0.187926,0.982162,0.006444,0.059599,-0.017952,0.998061,0,0.79576,0.50188,47.746,1.004,725.000,425.000,-1,400.000,-1,325.000,325.000,300.000,300.000,-1,-1,-1,-1,900.000,850.000,-1,-1,1,0,2,0,2,0,0,0,0,2,2,2,2,0,0,2,2
128,3978.886,-7555.298,275.352,11.799,0.977002,-0.204436,-0.060602,0.205206,0.978696,0.006705,0.057940,-0.018986,0.998140,0,0.79567,0.50439,47.740,1.009,675.000,425.000,-1,400.000,-1,325.000,325.000,300.000,300.000,-1,-1,-1,-1,900.000,850.000,-1,-1,1,0,2,0,2,0,0,0,0,2,2,2,2,0,0,2,2
129,4025.427,-7544.714,277.873,12.812,0.973298,-0.221714,-0.059443,0.222539,0.974895,0.007556,0.056275,-0.020582,0.998203,0,0.79549,0.50692,47.729,1.014,650.000,425.000,-1,400.000,-1,325.000,325.000,300.000,300.000,-1,-1,-1,-1,900.000,850.000,-1,-1,1,0,2,0,2,0,0,0,0,2,2,2,2,0,0,2,2
130,4071.756,-7533.307,280.298,13.831,0.969275,-0.239006,-0.058153,0.239899,0.970758,0.008785,0.054352,-0.022466,0.998269,0,0.79522,0.50948,47.713,1.019,600.000,425.000,-1,400.000,-1,325.000,325.000,300.000,300.000,-1,-1,-1,-1,900.000,875.000,975.000,-1,1,0,2,0,2,0,0,0,0,2,2,2,2,0,0,1,2
131,4117.852,-7521.079,282.688,14.856,0.964920,-0.256307,-0.056893,0.257265,0.966288,0.010084,0.052391,-0.024367,0.998329,0,0.79484,0.51206,47.691,1.024,575.000,425.000,-1,400.000,-1,325.000,325.000,300.000,300.000,-1,-1,-1,-1,875.000,875.000,875.000,-1,1,0,2,0,2,0,0,0,0,2,2,2,2,1,0,1,2
132,4163.694,-7508.033,285.041,15.885,0.960228,-0.273610,-0.055671,0.274632,0.961481,0.011453,0.050393,-0.026287,0.998383,0,0.79438,0.51466,47.663,1.029,525.000,425.000,-1,400.000,-1,325.000,325.000,300.000,300.000,-1,-1,-1,-1,825.000,875.000,775.000,-1,1,0,2,0,2,0,0,0,0,2,2,2,2,1,0,1,2
133,4209.261,-7494.172,287.353,16.919,0.955197,-0.290910,-0.054491,0.291992,0.956334,0.012891,0.048361,-0.028225,0.998431,0,0.79381,0.51727,47.629,1.035,500.000,425.000,-1,400.000,-1,325.000,325.000,300.000,300.000,-1,-1,-1,-1,800.000,875.000,700.000,-1,1,0,2,0,2,0,0,0,0,2,2,2,2,1,0,1,2
134,4254.531,-7479.499,289.623,17.958,0.949832,-0.308175,-0.053359,0.309314,0.950851,0.014398,0.046300,-0.030181,0.998472,0,0.79314,0.51916,47.589,1.038,475.000,425.000,-1,400.000,-1,325.000,325.000,300.000,300.000,-1,-1,-1,-1,775.000,875.000,650.000,-1,1,0,2,0,2,0,0,0,0,2,2,2,2,1,0,1,2
135,4299.483,-7464.021,291.848,18.999,0.944136,-0.325381,-0.052283,0.326576,0.945036,0.015973,0.044212,-0.032155,0.998505,0,0.79238,0.52057,47.543,1.041,425.000,425.000,-1,400.000,-1,325.000,325.000,300.000,300.000,-1,-1,-1,-1,725.000,900.000,575.000,-1,1,0,2,0,2,0,0,0,0,2,2,2,2,1,0,1,2
136,4344.096,-7447.744,294.024,20.043,0.938111,-0.342520,-0.051266,0.343767,0.938890,0.017614,0.042100,-0.034147,0.998530,0,0.79151,0.52190,47.490,1.044,400.000,425.000,-1,400.000,-1,325.000,325.000,300.000,300.000,-1,-1,-1,-1,700.000,900.000,525.000,-1,1,0,2,0,2,0,0,0,0,2,2,2,2,1,0,1,2
137,4388.351,-7430.676,296.145,21.089,0.931757,-0.359582,-0.050301,0.360878,0.932413,0.019309,0.039958,-0.036144,0.998547,0,0.79054,0.52316,47.432,1.046,375.000,425.000,-1,425.000,-1,325.000,325.000,300.000,300.000,-1,-1,-1,-1,650.000,900.000,475.000,-1,1,0,2,0,2,0,0,0,0,2,2,2,2,1,0,1,2
