timestep,x_cm,y_cm,z_cm,yaw_deg,basis_xx,basis_xy,basis_xz,basis_yx,basis_yy,basis_yz,basis_zx,basis_zy,basis_zz,teleport_flag,throttle_cmd,steering_cmd,cmd_move_cm,cmd_turn_deg,lidar_cm_0,lidar_cm_1,lidar_cm_2,lidar_cm_3,lidar_cm_4,lidar_cm_5,lidar_cm_6,lidar_cm_7,lidar_cm_8,lidar_cm_9,lidar_cm_10,lidar_cm_11,lidar_cm_12,lidar_cm_13,lidar_cm_14,lidar_cm_15,lidar_cm_16,lidar_class_0,lidar_class_1,lidar_class_2,lidar_class_3,lidar_class_4,lidar_class_5,lidar_class_6,lidar_class_7,lidar_class_8,lidar_class_9,lidar_class_10,lidar_class_11,lidar_class_12,lidar_class_13,lidar_class_14,lidar_class_15,lidar_class_16
0,-2295.766,-6231.358,-32.832,-175.770,-0.995719,0.073726,0.055747,-0.075237,-0.996839,-0.025504,0.053691,-0.029589,0.998119,1,0.00000,0.00000,4.800,-0.240,-1,400.000,-1,400.000,-1,325.000,350.000,275.000,275.000,-1,600.000,550.000,-1,700.000,700.000,-1,-1,2,0,2,0,2,0,0,0,0,2,0,0,2,0,0,2,2
1,-2300.552,-6231.732,-32.584,-175.530,-0.995398,0.077901,0.055801,-0.079416,-0.996516,-0.025461,0.053623,-0.029776,0.998117,0,0.08000,0.12000,4.800,0.240,-1,400.000,-1,400.000,-1,325.000,350.000,275.000,275.000,-1,625.000,550.000,-1,700.000,700.000,-1,-1,2,0,2,0,2,0,0,0,0,2,0,0,2,0,0,2,2
2,-2310.116,-6232.560,-32.092,-175.050,-0.994704,0.086245,0.055904,-0.087767,-0.995818,-0.025359,0.053483,-0.030131,0.998114,0,0.16000,0.24000,9.600,0.480,-1,400.000,-1,400.000,-1,325.000,350.000,275.000,275.000,-1,625.000,575.000,-1,700.000,700.000,-1,-1,2,0,2,0,2,0,0,0,0,2,0,0,2,0,0,2,2
3,-2324.445,-6233.983,-31.363,-174.330,-0.993533,0.098751,0.056045,-0.100280,-0.994641,-0.025167,0.053260,-0.030624,0.998111,0,0.24000,0.36000,14.400,0.720,-1,400.000,-1,400.000,-1,325.000,350.000,275.000,275.000,-1,625.000,575.000,-1,700.000,700.000,-1,-1,2,0,2,0,2,0,0,0,0,2,0,0,2,0,0,2,2
4,-2343.517,-6236.200,-30.410,-173.370,-0.991728,0.115399,0.056207,-0.116935,-0.992829,-0.024841,0.052938,-0.031208,0.998110,0,0.32000,0.48000,19.200,0.960,-1,400.000,-1,400.000,-1,325.000,350.000,275.000,275.000,-1,650.000,575.000,-1,700.000,700.000,-1,-1,2,0,2,0,2,0,0,0,0,2,0,0,2,0,0,2,2
5,-2367.293,-6239.470,-29.249,-172.170,-0.989082,0.136164,0.056361,-0.137700,-0.990175,-0.024327,0.052495,-0.031822,0.998114,0,0.40000,0.60000,24.000,1.200,-1,400.000,-1,400.000,-1,325.000,350.000,275.000,275.000,-1,650.000,600.000,-1,700.000,700.000,-1,-1,2,0,2,0,2,0,0,0,0,2,0,0,2,0,0,2,2
6,-2395.717,-6244.109,-27.900,-170.730,-0.985338,0.161001,0.056464,-0.162528,-0.986423,-0.023558,0.051905,-0.032390,0.998127,0,0.48000,0.72000,28.800,1.440,-1,400.000,-1,400.000,-1,325.000,350.000,275.000,275.000,-1,675.000,600.000,-1,700.000,700.000,-1,-1,2,0,2,0,2,0,0,0,0,2,0,0,2,0,0,2,2
7,-2428.705,-6250.492,-26.389,-169.050,-0.980189,0.189848,0.056454,-0.191350,-0.981265,-0.022462,0.051132,-0.032819,0.998153,0,0.56000,0.84000,33.600,1.680,-1,375.000,-1,400.000,-1,325.000,325.000,275.000,275.000,-1,675.000,625.000,-1,700.000,700.000,-1,-1,2,0,2,0,2,0,0,0,0,2,0,0,2,0,0,2,2
8,-2466.140,-6259.045,-24.746,-167.130,-0.973282,0.222617,0.056245,-0.224071,-0.974347,-0.020959,0.050136,-0.033002,0.998197,0,0.64000,0.96000,38.400,1.920,1000.000,375.000,-1,400.000,-1,325.000,325.000,275.000,275.000,-1,700.000,650.000,-1,700.000,700.000,-1,-1,0,0,2,0,2,0,0,0,0,2,0,0,2,0,0,2,2
9,-2507.903,-6270.092,-22.984,-165.185,-0.965184,0.255560,0.055766,-0.256938,-0.966241,-0.019018,0.049023,-0.032684,0.998263,0,0.72000,0.97247,43.200,1.945,950.000,375.000,-1,400.000,-1,325.000,325.000,275.000,250.000,-1,725.000,675.000,-1,675.000,700.000,-1,-1,0,0,2,0,2,0,0,0,0,2,0,0,2,0,0,2,2
10,-2553.851,-6283.977,-21.031,-163.185,-0.955723,0.289130,0.054740,-0.290416,-0.956749,-0.017028,0.047449,-0.032172,0.998355,0,0.80000,1.00000,48.000,2.000,900.000,375.000,-1,375.000,-1,325.000,325.000,275.000,250.000,-1,775.000,725.000,-1,675.000,700.000,-1,-1,0,0,2,0,2,0,0,0,0,2,0,0,2,0,0,2,2
11,-2603.829,-6301.006,-18.572,-161.185,-0.945078,0.322339,0.054078,-0.323589,-0.946063,-0.015974,0.046012,-0.032596,0.998409,0,0.88000,1.00000,52.800,2.000,850.000,375.000,-1,375.000,-1,300.000,300.000,275.000,250.000,-1,800.000,750.000,-1,675.000,675.000,-1,-1,0,0,2,0,2,0,0,0,0,2,0,0,2,0,0,2,2
12,-2657.669,-6321.474,-15.893,-159.185,-0.933268,0.355156,0.053625,-0.356372,-0.934227,-0.014804,0.044840,-0.032927,0.998451,0,0.96000,1.00000,57.600,2.000,825.000,375.000,-1,375.000,-1,300.000,300.000,275.000,250.000,-1,850.000,800.000,-1,650.000,-1,-1,-1,0,0,2,0,2,0,0,0,0,2,0,0,2,0,2,2,2
13,-2712.975,-6344.740,-12.895,-157.185,-0.920259,0.387530,0.054252,-0.388765,-0.921231,-0.013997,0.044555,-0.033972,0.998429,0,1.00000,1.00000,60.000,2.000,775.000,375.000,-1,375.000,-1,300.000,300.000,275.000,275.000,-1,875.000,750.000,-1,650.000,-1,-1,-1,0,0,2,0,2,0,0,0,0,2,0,0,2,0,2,2,2
14,-2767.435,-6369.922,-9.453,-155.185,-0.906006,0.419405,0.057042,-0.420774,-0.907058,-0.014009,0.045865,-0.036694,0.998273,0,1.00000,1.00000,60.000,2.000,750.000,375.000,-1,375.000,-1,300.000,300.000,275.000,275.000,-1,900.000,700.000,-1,650.000,-1,-1,-1,0,0,2,0,2,0,0,0,0,2,0,0,2,0,2,2,2
15,-2820.983,-6396.989,-5.974,-153.185,-0.890625,0.450781,0.059866,-0.452219,-0.891821,-0.012379,0.047809,-0.038097,0.998130,0,1.00000,1.00000,60.000,2.000,750.000,375.000,-1,375.000,-1,300.000,300.000,275.000,275.000,-1,825.000,625.000,-1,625.000,-1,-1,-1,0,0,2,0,2,0,0,0,0,2,0,0,2,0,2,2,2
16,-2873.491,-6425.873,-2.683,-151.185,-0.874162,0.481613,0.062369,-0.483086,-0.875514,-0.010198,0.049694,-0.039044,0.998001,0,0.99880,1.00000,59.928,2.000,750.000,375.000,-1,375.000,-1,300.000,300.000,275.000,275.000,-1,750.000,600.000,-1,625.000,-1,-1,-1,0,0,2,0,2,0,0,1,0,2,0,0,2,0,2,2,2
17,-2924.774,-6456.463,0.391,-149.185,-0.856642,0.511864,0.064494,-0.513337,-0.858154,-0.007576,0.051467,-0.039597,0.997889,0,0.99523,1.00000,59.714,2.000,750.000,375.000,-1,375.000,-1,325.000,325.000,300.000,275.000,-1,700.000,550.000,-1,625.000,925.000,-1,-1,0,0,2,0,2,0,0,1,0,2,0,0,2,0,1,2,2
18,-2974.779,-6488.707,3.326,-147.185,-0.838083,0.541505,0.066251,-0.542921,-0.839774,-0.004097,0.053418,-0.039403,0.997795,0,0.99165,1.00000,59.499,2.000,775.000,375.000,-1,400.000,-1,325.000,325.000,300.000,275.000,-1,650.000,525.000,950.000,625.000,850.000,-1,-1,0,0,2,1,2,0,0,1,0,2,0,0,0,0,1,2,2
19,-3023.453,-6522.553,6.672,-145.185,-0.818461,0.570552,0.067757,-0.571690,-0.820464,0.003126,0.057376,-0.036177,0.997697,0,0.98807,1.00000,59.284,2.000,875.000,375.000,-1,400.000,-1,325.000,325.000,300.000,275.000,-1,600.000,450.000,850.000,650.000,775.000,-1,-1,0,0,2,1,2,0,0,1,0,2,0,0,0,0,1,2,2
20,-3070.745,-6557.950,9.865,-143.185,-0.797880,0.598910,0.068517,-0.599713,-0.800147,0.010460,0.061088,-0.032745,0.997595,0,0.98453,1.00000,59.072,2.000,975.000,375.000,-1,425.000,-1,325.000,325.000,325.000,275.000,-1,550.000,400.000,775.000,650.000,750.000,-1,-1,0,0,2,1,2,0,1,1,0,2,0,0,0,0,0,2,2
21,-3117.496,-6595.558,13.265,-141.185,-0.776385,0.626521,0.068545,-0.627027,-0.778822,0.016545,0.063750,-0.030134,0.997511,0,1.00000,1.00000,60.000,2.000,-1,375.000,-1,400.000,-1,325.000,325.000,325.000,275.000,-1,525.000,375.000,750.000,675.000,750.000,-1,-1,2,0,2,1,2,0,0,1,0,2,0,0,0,0,0,2,2
22,-3162.906,-6634.774,16.699,-139.185,-0.753991,0.653360,0.067958,-0.653597,-0.756529,0.021779,0.065642,-0.027996,0.997450,0,1.00000,1.00000,60.000,2.000,-1,375.000,-1,400.000,-1,325.000,325.000,325.000,275.000,-1,525.000,375.000,725.000,675.000,750.000,-1,-1,2,0,2,0,2,0,0,1,0,2,0,0,0,0,0,2,2
23,-3206.919,-6675.552,20.554,-137.185,-0.730765,0.679369,0.066636,-0.679515,-0.733271,0.023954,0.065136,-0.027775,0.997490,0,1.00000,1.00000,60.000,2.000,-1,375.000,-1,400.000,-1,325.000,325.000,300.000,275.000,-1,550.000,425.000,725.000,675.000,750.000,-1,-1,2,0,2,0,2,0,0,1,0,2,0,0,0,0,0,2,2
24,-3249.483,-6717.841,23.866,-135.185,-0.706790,0.704581,0.063351,-0.704561,-0.709150,0.026468,0.063574,-0.025928,0.997640,0,1.00000,1.00000,60.000,2.000,-1,375.000,-1,375.000,-1,300.000,325.000,300.000,300.000,-1,575.000,450.000,750.000,675.000,725.000,-1,-1,2,0,2,0,2,0,0,1,1,2,0,0,0,0,0,2,2
25,-3287.427,-6757.932,27.368,-133.425,-0.684776,0.726023,0.063030,-0.725936,-0.687170,0.028530,0.064026,-0.026219,0.997604,0,0.92000,0.88000,55.200,1.760,-1,375.000,-1,375.000,-1,300.000,325.000,300.000,350.000,-1,600.000,475.000,750.000,675.000,725.000,-1,-1,2,0,2,0,2,0,0,1,1,2,0,0,0,0,0,2,2
26,-3321.100,-6795.455,30.921,-131.905,-0.665066,0.743959,0.064910,-0.743865,-0.667637,0.030422,0.065969,-0.028051,0.997427,0,0.84027,0.76000,50.416,1.520,-1,375.000,-1,400.000,-1,300.000,325.000,275.000,425.000,-1,600.000,475.000,750.000,675.000,750.000,-1,-1,2,0,2,0,2,0,0,0,1,2,0,0,0,0,0,2,2
27,-3353.470,-6833.188,34.592,-130.625,-0.647954,0.758630,0.068095,-0.758553,-0.650802,0.032465,0.068945,-0.030618,0.997151,0,0.82859,0.64000,49.715,1.280,-1,375.000,-1,400.000,-1,325.000,325.000,275.000,475.000,-1,600.000,500.000,775.000,675.000,800.000,-1,-1,2,0,2,0,2,0,0,0,1,2,0,0,0,0,0,2,2
28,-3384.691,-6870.947,38.173,-129.585,-0.633812,0.770279,0.070379,-0.770169,-0.636894,0.034716,0.071565,-0.032201,0.996916,0,0.81656,0.52000,48.994,1.040,-1,375.000,-1,400.000,-1,325.000,325.000,275.000,500.000,-1,600.000,500.000,800.000,700.000,825.000,-1,-1,2,0,2,0,2,0,0,0,1,2,0,0,0,0,0,2,2
29,-3414.926,-6908.572,41.598,-128.785,-0.622774,0.779074,0.072080,-0.778894,-0.626060,0.037062,0.074001,-0.033062,0.996710,0,0.80446,0.40000,48.267,0.800,-1,375.000,-1,400.000,-1,325.000,325.000,275.000,500.000,-1,575.000,525.000,800.000,700.000,875.000,-1,-1,2,0,2,0,2,0,0,0,1,2,0,0,0,0,0,2,2
30,-3444.347,-6945.926,44.815,-128.225,-0.614924,0.785144,0.073603,-0.784870,-0.618406,0.039424,0.076470,-0.033526,0.996508,0,0.79248,0.28000,47.549,0.560,-1,375.000,-1,425.000,-1,325.000,325.000,275.000,475.000,-1,525.000,425.000,825.000,725.000,900.000,-1,-1,2,0,2,0,2,0,0,0,1,2,0,0,0,0,0,2,2
31,-3473.129,-6982.892,48.017,-127.905,-0.610425,0.788601,0.074096,-0.788184,-0.614023,0.041732,0.078407,-0.032927,0.996378,0,0.78082,0.16000,46.849,0.320,-1,375.000,-1,425.000,-1,325.000,325.000,275.000,450.000,-1,500.000,350.000,825.000,725.000,925.000,-1,-1,2,0,2,0,2,0,0,0,1,2,0,0,0,0,0,2,2
32,-3501.448,-7019.366,51.567,-127.825,-0.609491,0.789533,0.071821,-0.788877,-0.612980,0.043909,0.078693,-0.029896,0.996451,0,0.76961,0.04000,46.177,0.080,-1,400.000,-1,425.000,-1,325.000,325.000,275.000,425.000,-1,525.000,375.000,825.000,750.000,950.000,-1,-1,2,0,2,0,2,0,0,0,1,2,0,0,0,0,0,2,2
33,-3531.835,-7058.279,55.251,-127.985,-0.611899,0.787898,0.069250,-0.786985,-0.615245,0.046133,0.078954,-0.026270,0.996532,0,0.82287,-0.08000,49.372,-0.160,-1,400.000,-1,425.000,-1,325.000,350.000,275.000,400.000,-1,575.000,425.000,925.000,775.000,950.000,-1,-1,2,0,2,0,2,0,0,0,1,2,0,0,1,0,0,2,2
34,-3562.091,-7096.473,58.778,-128.385,-0.617608,0.783658,0.066634,-0.782493,-0.620790,0.048219,0.079153,-0.022360,0.996612,0,0.81209,-0.20000,48.725,-0.400,-1,400.000,-1,425.000,-1,325.000,350.000,275.000,350.000,-1,625.000,450.000,-1,775.000,950.000,-1,-1,2,0,2,0,2,0,0,0,1,2,0,0,2,0,0,2,2
35,-3592.397,-7133.863,62.183,-129.025,-0.626558,0.776742,0.064001,-0.775324,-0.629558,0.050296,0.079359,-0.018108,0.996682,0,0.80216,-0.32000,48.130,-0.640,-1,400.000,-1,425.000,-1,325.000,350.000,275.000,325.000,-1,675.000,500.000,-1,800.000,975.000,-1,-1,2,0,2,0,2,0,0,0,1,2,0,0,2,0,0,2,2
36,-3622.927,-7170.370,65.521,-129.905,-0.638660,0.767039,0.061362,-0.765350,-0.641461,0.052599,0.079707,-0.013371,0.996729,0,0.79317,-0.44000,47.590,-0.880,-1,400.000,-1,425.000,-1,325.000,350.000,275.000,300.000,-1,725.000,525.000,-1,825.000,975.000,-1,-1,2,0,2,0,2,0,0,0,1,2,0,0,2,0,0,2,2
37,-3653.850,-7205.912,68.614,-131.025,-0.653786,0.754398,0.058722,-0.752394,-0.656370,0.055508,0.080418,-0.007891,0.996730,0,0.78518,-0.56000,47.111,-1.120,-1,400.000,-1,425.000,-1,350.000,350.000,275.000,275.000,-1,775.000,550.000,-1,875.000,1000.000,-1,-1,2,0,2,0,2,0,0,0,0,2,0,0,2,0,0,2,2
38,-3685.328,-7240.402,71.810,-132.385,-0.671745,0.738626,0.056479,-0.736414,-0.674108,0.057216,0.080335,-0.003157,0.996763,0,0.77825,-0.68000,46.695,-1.360,-1,425.000,-1,425.000,-1,350.000,350.000,275.000,275.000,-1,825.000,625.000,-1,925.000,1000.000,-1,-1,2,0,2,0,2,0,0,0,0,2,0,0,2,0,0,2,2
39,-3717.499,-7273.764,75.116,-133.960,-0.692011,0.719819,0.054604,-0.717503,-0.694161,0.057707,0.079443,0.000756,0.996839,0,0.77244,-0.78763,46.346,-1.575,-1,425.000,-1,425.000,-1,350.000,350.000,275.000,275.000,-1,950.000,750.000,-1,950.000,1000.000,-1,-1,2,0,2,0,2,0,0,0,0,2,0,0,2,1,0,2,2
40,-3750.381,-7306.027,78.636,-135.544,-0.711822,0.700354,0.053050,-0.698079,-0.713789,0.056496,0.077434,0.003182,0.996992,0,0.76779,-0.79194,46.067,-1.584,-1,425.000,-1,425.000,-1,350.000,350.000,275.000,275.000,-1,-1,975.000,-1,925.000,1000.000,-1,-1,2,0,2,0,2,0,0,0,0,2,2,0,2,1,0,2,2
41,-3783.992,-7337.219,82.145,-137.138,-0.731180,0.680231,0.051595,-0.678050,-0.732981,0.054646,0.074991,0.004972,0.997172,0,0.76425,-0.79669,45.855,-1.593,-1,425.000,-1,425.000,-1,350.000,350.000,275.000,275.000,-1,-1,-1,-1,875.000,975.000,-1,-1,2,0,2,0,2,0,0,0,0,2,2,2,2,1,0,2,2
42,-3818.353,-7367.362,85.516,-138.741,-0.750078,0.659444,0.050163,-0.657363,-0.751724,0.052761,0.072502,0.006600,0.997346,0,0.76181,-0.80186,45.709,-1.604,-1,425.000,-1,425.000,-1,350.000,350.000,275.000,275.000,-1,-1,-1,-1,850.000,950.000,-1,-1,2,0,2,0,2,0,0,0,0,2,2,2,2,1,0,2,2
43,-3853.485,-7396.472,88.756,-140.356,-0.768498,0.637991,0.048754,-0.636014,-0.770001,0.050842,0.069977,0.008063,0.997516,0,0.76042,-0.80743,45.625,-1.615,-1,425.000,-1,425.000,-1,350.000,350.000,275.000,275.000,-1,-1,-1,-1,825.000,950.000,-1,-1,2,0,2,0,2,0,0,0,0,2,2,2,2,1,0,2,2
44,-3889.412,-7424.559,91.851,-141.983,-0.786429,0.615868,0.047295,-0.613995,-0.787793,0.048908,0.067380,0.009423,0.997683,0,0.76006,-0.81338,45.603,-1.627,-1,425.000,-1,425.000,-1,350.000,350.000,275.000,275.000,-1,-1,-1,-1,800.000,925.000,-1,-1,2,0,2,0,2,0,0,0,0,2,2,2,2,1,0,2,2
45,-3926.158,-7451.628,94.824,-143.622,-0.803842,0.593071,0.045881,-0.591306,-0.805080,0.046942,0.064778,0.010605,0.997843,0,0.76067,-0.81968,45.640,-1.639,-1,425.000,-1,425.000,-1,350.000,350.000,275.000,275.000,-1,-1,-1,-1,800.000,900.000,-1,-1,2,0,2,0,2,0,0,0,0,2,2,2,2,1,0,2,2
46,-3963.745,-7477.678,97.683,-145.275,-0.820716,0.569599,0.044523,-0.567942,-0.821841,0.044942,0.062190,0.011598,0.997997,0,0.76221,-0.82633,45.732,-1.653,-1,425.000,-1,425.000,-1,350.000,350.000,275.000,275.000,-1,-1,-1,-1,775.000,900.000,975.000,-1,2,0,2,0,2,0,0,0,0,2,2,2,2,1,0,1,2
47,-4002.195,-7502.704,100.451,-146.942,-0.837033,0.545450,0.043118,-0.543901,-0.838050,0.042940,0.059557,0.012490,0.998147,0,0.76463,-0.83331,45.878,-1.667,1000.000,425.000,-1,425.000,-1,350.000,350.000,275.000,275.000,-1,-1,-1,-1,750.000,875.000,925.000,-1,1,0,2,0,2,0,0,0,0,2,2,2,2,1,0,1,2
48,-4039.645,-7525.772,103.062,-148.368,-0.850456,0.524411,0.041455,-0.522964,-0.851361,0.041135,0.056865,0.013304,0.998293,0,0.73307,-0.71331,43.984,-1.427,925.000,425.000,-1,425.000,-1,350.000,350.000,275.000,275.000,-1,-1,-1,-1,750.000,850.000,875.000,-1,1,0,2,0,2,0,0,0,0,2,2,2,2,1,0,1,2
49,-4077.751,-7548.169,105.589,-149.555,-0.861228,0.506664,0.039716,-0.505321,-0.862033,0.039370,0.054184,0.013837,0.998435,0,0.73670,-0.59331,44.202,-1.187,850.000,450.000,-1,425.000,-1,350.000,350.000,275.000,275.000,-1,-1,-1,-1,725.000,850.000,825.000,-1,1,0,2,0,2,0,0,0,0,2,2,2,2,1,0,1,2
50,-4116.430,-7570.051,108.004,-150.502,-0.869566,0.492352,0.038002,-0.491116,-0.870284,0.037573,0.051572,0.014008,0.998571,0,0.74067,-0.47331,44.440,-0.947,775.000,450.000,-1,425.000,-1,350.000,350.000,275.000,275.000,-1,-1,-1,-1,700.000,825.000,775.000,-1,1,0,2,0,2,0,0,0,0,2,2,2,2,1,0,1,2
51,-4155.599,-7591.577,110.200,-151.208,-0.875651,0.481585,0.036200,-0.480485,-0.876296,0.035193,0.048670,0.013423,0.998725,0,0.74490,-0.35331,44.694,-0.707,700.000,450.000,-1,425.000,-1,350.000,350.000,275.000,275.000,-1,-1,-1,-1,700.000,800.000,725.000,-1,1,0,2,0,2,0,0,0,0,2,2,2,2,1,0,1,2
52,-4195.176,-7612.909,112.322,-151.675,-0.879611,0.474439,0.034533,-0.473472,-0.880201,0.032729,0.045924,0.012438,0.998867,0,0.74934,-0.23331,44.960,-0.467,650.000,450.000,-1,400.000,-1,350.000,350.000,275.000,275.000,-1,-1,-1,-1,675.000,800.000,700.000,-1,1,0,2,0,2,0,0,0,0,2,2,2,2,1,0,1,2
53,-4235.081,-7634.214,114.379,-151.901,-0.881535,0.470961,0.033026,-0.470124,-0.882084,0.030169,0.043341,0.011069,0.998999,0,0.75395,-0.11331,45.237,-0.227,600.000,450.000,-1,400.000,-1,350.000,350.000,275.000,275.000,-1,-1,-1,-1,650.000,800.000,650.000,-1,1,0,2,0,2,0,0,0,0,2,2,2,2,1,0,1,2
54,-4279.215,-7657.791,116.512,-151.888,-0.881484,0.471175,0.031314,-0.470474,-0.881990,0.027352,0.040506,0.009378,0.999135,0,0.83395,0.00669,50.037,0.013,550.000,450.000,-1,400.000,-1,350.000,350.000,275.000,275.000,-1,-1,-1,-1,625.000,800.000,600.000,-1,1,0,2,0,2,0,0,0,0,2,2,2,2,1,0,1,2
55,-4326.992,-7683.586,118.655,-151.635,-0.879453,0.475079,0.029384,-0.474514,-0.879912,0.024325,0.037411,0.007449,0.999272,0,0.90493,0.12669,54.296,0.253,500.000,450.000,-1,400.000,-1,350.000,350.000,275.000,275.000,-1,-1,-1,-1,575.000,775.000,525.000,-1,1,1,2,0,2,0,0,0,0,2,2,2,2,1,0,1,2
56,-4375.139,-7710.119,120.642,-151.141,-0.875390,0.482644,0.027337,-0.482205,-0.875800,0.021302,0.034223,0.005466,0.999399,0,0.91624,0.24669,54.974,0.493,425.000,425.000,-1,400.000,-1,350.000,350.000,275.000,275.000,-1,-1,-1,-1,550.000,775.000,475.000,-1,1,1,2,0,2,0,0,0,0,2,2,2,2,1,0,1,2
57,-4423.544,-7737.608,122.459,-150.408,-0.869201,0.493819,0.025153,-0.493492,-0.869558,0.018307,0.030912,0.003499,0.999516,0,0.92777,0.36669,55.666,0.733,375.000,400.000,-1,400.000,-1,350.000,350.000,275.000,275.000,-1,-1,-1,-1,525.000,775.000,425.000,-1,1,1,2,0,2,0,0,0,0,2,2,2,2,1,0,1,2
58,-4472.082,-7766.273,124.060,-149.435,-0.860746,0.508522,0.022832,-0.508288,-0.861047,0.015508,0.027545,0.001743,0.999619,0,0.93951,0.48669,56.371,0.973,325.000,375.000,-1,400.000,-1,350.000,325.000,275.000,275.000,-1,-1,-1,-1,475.000,775.000,350.000,-1,1,1,2,0,2,0,0,0,0,2,2,2,2,1,0,1,2
59,-4520.609,-7796.337,125.516,-148.221,-0.849841,0.526642,0.020480,-0.526490,-0.850087,0.012632,0.024062,-0.000047,0.999710,0,0.95143,0.60669,57.086,1.213,275.000,325.000,-1,400.000,-1,350.000,325.000,275.000,275.000,-1,-1,-1,-1,450.000,800.000,300.000,-1,1,1,2,0,2,0,0,1,0,2,2,2,2,1,0,1,2
60,-4568.660,-7827.819,129.214,-146.768,-0.836221,0.548022,0.020155,-0.547662,-0.836439,0.020885,0.028304,0.006426,0.999579,0,0.95742,0.72669,57.445,1.453,250.000,325.000,-1,425.000,-1,325.000,350.000,300.000,275.000,-1,-1,-1,-1,425.000,875.000,275.000,-1,1,1,2,0,2,1,0,1,0,2,2,2,2,1,0,1,2
61,-4615.967,-7860.856,133.385,-145.074,-0.819723,0.572439,0.019190,-0.571716,-0.819791,0.032912,0.034572,0.016007,0.999274,0,0.96167,0.84669,57.700,1.693,225.000,300.000,-1,450.000,-1,325.000,375.000,300.000,275.000,-1,-1,-1,-1,400.000,925.000,250.000,-1,1,1,2,0,2,1,0,1,0,2,2,2,2,1,1,1,2
62,-4662.346,-7895.632,137.869,-143.141,-0.800112,0.599609,0.017020,-0.598352,-0.799797,0.047955,0.042367,0.028186,0.998704,0,0.96613,0.96669,57.968,1.933,225.000,300.000,-1,475.000,-1,300.000,375.000,325.000,250.000,-1,-1,-1,-1,375.000,850.000,225.000,-1,1,1,2,0,2,1,1,1,0,2,2,2,2,1,1,1,2
63,-4707.700,-7932.186,142.564,-141.141,-0.779034,0.626833,0.013626,-0.624837,-0.777983,0.065738,0.051808,0.042699,0.997744,0,0.97084,1.00000,58.250,2.000,200.000,275.000,-1,475.000,-1,275.000,350.000,375.000,250.000,-1,-1,-1,-1,375.000,775.000,200.000,-1,1,1,2,1,2,1,1,1,0,2,2,2,2,1,1,1,2
64,-4751.959,-7970.488,147.586,-139.141,-0.757260,0.653055,0.008736,-0.650119,-0.755000,0.085560,0.062471,0.059112,0.996295,0,0.97549,1.00000,58.530,2.000,200.000,275.000,975.000,450.000,-1,275.000,325.000,400.000,250.000,-1,-1,400.000,675.000,350.000,725.000,200.000,-1,1,1,1,1,2,1,1,1,0,2,2,0,0,1,1,1,2
65,-4795.043,-8010.497,152.828,-137.141,-0.734950,0.678119,0.001851,-0.674010,-0.730792,0.107950,0.074555,0.078090,0.994155,0,0.97993,1.00000,58.796,2.000,175.000,250.000,925.000,400.000,-1,250.000,300.000,450.000,225.000,-1,575.000,175.000,475.000,350.000,650.000,175.000,-1,1,1,1,1,2,1,1,1,0,2,0,0,0,1,1,1,2
66,-4836.875,-8052.168,158.255,-135.141,-0.712285,0.701852,-0.007310,-0.696348,-0.705316,0.132772,0.088030,0.099662,0.991120,0,0.98406,1.00000,59.044,2.000,175.000,250.000,-1,375.000,-1,250.000,275.000,575.000,225.000,-1,375.000,100.000,375.000,325.000,600.000,175.000,-1,1,1,2,1,2,1,1,1,0,2,0,0,0,1,1,1,2
67,-327.880,-8199.283,21.772,-146.271,-0.833274,0.548675,-0.067900,-0.552473,-0.821788,0.139419,0.020696,0.153687,0.987903,1,0.00000,0.00000,59.976,1.760,375.000,275.000,-1,450.000,-1,250.000,300.000,325.000,200.000,550.000,-1,-1,825.000,425.000,-1,350.000,-1,0,1,2,1,2,1,1,0,1,1,2,2,0,1,2,1,2
68,-331.859,-8201.967,21.833,-146.031,-0.830914,0.552001,-0.069827,-0.556043,-0.819319,0.139762,0.019938,0.154957,0.987720,0,0.08000,0.12000,4.800,0.240,375.000,275.000,-1,425.000,-1,250.000,300.000,350.000,200.000,550.000,-1,-1,825.000,400.000,-1,325.000,-1,0,1,2,1,2,1,1,0,1,1,2,2,0,1,2,1,2
69,-339.771,-8207.400,21.958,-145.551,-0.826144,0.558614,-0.073729,-0.563158,-0.814328,0.140442,0.018413,0.157546,0.987340,0,0.16000,0.24000,9.600,0.480,350.000,275.000,-1,400.000,-1,250.000,300.000,350.000,200.000,550.000,-1,-1,800.000,400.000,-1,325.000,-1,0,1,2,1,2,1,1,0,1,1,2,2,0,1,2,1,2
70,-351.538,-8215.698,22.454,-144.831,-0.818921,0.568535,-0.078332,-0.573654,-0.806864,0.141038,0.016982,0.160435,0.986900,0,0.24000,0.36000,14.400,0.720,350.000,275.000,-1,375.000,-1,250.000,275.000,350.000,225.000,575.000,-1,-1,775.000,375.000,-1,300.000,-1,0,1,2,1,2,1,1,0,1,1,2,2,0,1,2,1,2
71,-367.044,-8227.016,24.417,-143.871,-0.809334,0.582045,-0.078748,-0.587047,-0.797323,0.140185,0.018806,0.159685,0.986989,0,0.32000,0.48000,19.200,0.960,350.000,275.000,-1,375.000,-1,250.000,275.000,350.000,225.000,600.000,-1,-1,775.000,375.000,-1,300.000,-1,0,1,2,1,2,1,1,0,1,1,2,2,0,1,2,1,2
72,-386.173,-8241.504,26.963,-142.859,-0.799012,0.596099,-0.079031,-0.600949,-0.787016,0.139517,0.020968,0.158969,0.987061,0,0.40000,0.50573,24.000,1.011,350.000,250.000,-1,375.000,-1,225.000,275.000,350.000,225.000,600.000,-1,-1,775.000,375.000,-1,300.000,-1,0,1,2,1,2,1,1,0,1,1,2,2,0,1,2,1,2
73,-408.825,-8259.285,30.151,-141.869,-0.788708,0.609661,-0.079070,-0.614318,-0.776671,0.139264,0.023493,0.158413,0.987093,0,0.48000,0.49494,28.800,0.990,350.000,250.000,-1,375.000,-1,225.000,275.000,350.000,250.000,625.000,-1,-1,775.000,350.000,1000.000,275.000,-1,0,1,2,1,2,1,1,0,1,1,2,2,0,1,1,1,2
74,-434.898,-8280.475,33.640,-140.905,-0.778634,0.622533,-0.078619,-0.626858,-0.766167,0.141551,0.027885,0.159499,0.986804,0,0.56000,0.48205,33.600,0.964,400.000,250.000,-1,375.000,-1,225.000,250.000,350.000,275.000,675.000,-1,-1,725.000,350.000,925.000,275.000,-1,0,1,2,1,2,1,1,0,1,1,2,2,0,1,1,0,2
75,-5575.367,8855.041,-35.302,-117.287,-0.463999,0.885286,0.031194,-0.880054,-0.456668,-0.130225,-0.101041,-0.087877,0.990994,1,0.00000,0.00000,38.400,0.933,-1,375.000,-1,-1,-1,-1,-1,-1,275.000,825.000,325.000,0.000,-1,-1,-1,375.000,-1,2,1,2,2,2,2,2,2,0,1,1,1,2,2,2,1,2
76,-2647.664,5268.169,-62.129,-31.527,0.850925,0.522893,0.050102,-0.521931,0.852398,-0.031707,-0.059287,0.000830,0.998241,1,0.08000,0.12000,4.800,0.240,-1,-1,-1,-1,-1,-1,-1,250.000,250.000,-1,-1,-1,-1,-1,-1,-1,-1,2,2,2,2,2,2,2,0,1,2,2,2,2,2,2,2,2
77,-2639.439,5263.218,-62.838,-31.047,0.855118,0.515734,0.052834,-0.514761,0.856749,-0.031659,-0.061593,-0.000125,0.998101,0,0.16000,0.24000,9.600,0.480,-1,-1,-1,-1,-1,-1,-1,250.000,250.000,-1,-1,-1,-1,-1,-1,-1,-1,2,2,2,2,2,2,2,0,1,2,2,2,2,2,2,2,2
78,-2627.009,5255.947,-63.918,-30.327,0.861282,0.504927,0.056943,-0.503943,0.863161,-0.031533,-0.065073,-0.001537,0.997879,0,0.24000,0.36000,14.400,0.720,-1,-1,-1,-1,-1,-1,-1,250.000,250.000,-1,-1,-1,-1,-1,-1,-1,-1,2,2,2,2,2,2,2,0,1,2,2,2,2,2,2,2,2
79,-2610.275,5246.532,-65.387,-29.367,0.869263,0.490392,0.062430,-0.489406,0.871496,-0.031266,-0.069740,-0.003376,0.997559,0,0.32000,0.48000,19.200,0.960,-1,-1,-1,-1,-1,1000.000,-1,225.000,250.000,-1,-1,-1,-1,-1,-1,-1,-1,2,2,2,2,2,1,2,0,1,2,2,2,2,2,2,2,2
80,-2589.116,5235.203,-67.265,-28.167,0.878857,0.472028,0.069282,-0.471058,0.881566,-0.030769,-0.075600,-0.005594,0.997123,0,0.40000,0.60000,24.000,1.200,-1,1000.000,-1,-1,-1,1000.000,1000.000,225.000,250.000,-1,-1,-1,-1,-1,-1,-1,-1,2,1,2,2,2,1,1,0,1,2,2,2,2,2,2,2,2
81,-2563.392,5222.250,-69.568,-26.729,0.889786,0.449758,0.077454,-0.448835,0.893113,-0.029936,-0.082639,-0.008128,0.996546,0,0.48000,0.71869,28.800,1.437,-1,925.000,-1,-1,-1,975.000,975.000,225.000,275.000,-1,-1,-1,-1,-1,-1,-1,-1,2,1,2,2,2,1,1,0,1,2,2,2,2,2,2,2,2
82,-2532.955,5208.015,-72.702,-25.066,0.901806,0.423650,0.085238,-0.422731,0.905776,-0.029463,-0.089689,-0.009463,0.995925,0,0.56000,0.83134,33.600,1.663,975.000,875.000,-1,-1,-1,925.000,950.000,200.000,275.000,-1,-1,-1,-1,-1,-1,-1,-1,1,1,2,2,2,1,1,0,1,2,2,2,2,2,2,2,2
83,-2812.547,3960.110,-2.851,-1.551,0.994754,0.026873,0.098701,-0.038407,0.992402,0.116891,-0.094809,-0.120068,0.988228,1,0.00000,0.00000,38.400,1.628,-1,-1,-1,375.000,-1,425.000,325.000,250.000,350.000,-1,-1,-1,-1,-1,600.000,-1,1000.000,2,2,2,1,2,1,1,1,0,2,2,2,2,2,1,2,0
84,-2807.749,3959.962,-3.182,-1.791,0.994571,0.031027,0.099326,-0.042656,0.992193,0.117188,-0.094915,-0.120789,0.988130,0,0.08000,-0.12000,4.800,-0.240,-1,-1,-1,375.000,-1,425.000,325.000,250.000,350.000,-1,-1,-1,-1,-1,600.000,-1,975.000,2,2,2,1,2,1,1,1,0,2,2,2,2,2,1,2,0
85,-2798.154,3959.622,-3.871,-2.037,0.994314,0.035278,0.100478,-0.047103,0.991913,0.117854,-0.095508,-0.121916,0.987935,0,0.16000,-0.12290,9.600,-0.246,-1,-1,-1,375.000,-1,425.000,325.000,250.000,350.000,-1,-1,-1,-1,-1,600.000,-1,975.000,2,2,2,1,2,1,1,1,0,2,2,2,2,2,1,2,0
86,-2783.765,3959.056,-4.914,-2.265,0.993997,0.039217,0.102138,-0.051338,0.991579,0.118889,-0.096616,-0.123419,0.987640,0,0.24000,-0.11397,14.400,-0.228,-1,-1,-1,375.000,-1,425.000,350.000,250.000,350.000,-1,-1,-1,-1,-1,575.000,-1,925.000,2,2,2,1,2,1,1,1,0,2,2,2,2,2,1,2,0
87,-2764.581,3958.233,-6.305,-2.468,0.993629,0.042721,0.104293,-0.055242,0.991200,0.120293,-0.098236,-0.125288,0.987245,0,0.32000,-0.10153,19.200,-0.203,-1,-1,-1,350.000,-1,450.000,350.000,250.000,350.000,-1,-1,-1,-1,-1,575.000,-1,875.000,2,2,2,1,2,1,1,1,0,2,2,2,2,2,1,2,0
88,-2740.606,3957.133,-8.040,-2.638,0.993218,0.045655,0.106926,-0.058685,0.990785,0.122068,-0.100367,-0.127515,0.986745,0,0.40000,-0.08520,24.000,-0.170,-1,-1,-1,350.000,-1,450.000,350.000,250.000,350.000,-1,-1,-1,-1,-1,575.000,-1,825.000,2,2,2,1,2,1,1,1,0,2,2,2,2,2,1,2,0
89,-2711.838,3955.749,-10.118,-2.767,0.992776,0.047865,0.110020,-0.061514,0.990346,0.124221,-0.103012,-0.130091,0.986136,0,0.48000,-0.06437,28.800,-0.129,-1,-1,-1,350.000,-1,475.000,350.000,250.000,350.000,-1,-1,-1,-1,-1,550.000,-1,750.000,2,2,2,1,2,1,1,1,0,2,2,2,2,2,1,2,0
90,-2678.278,3954.088,-12.539,-2.844,0.992314,0.049168,0.113557,-0.063555,0.989895,0.126762,-0.106177,-0.133005,0.985412,0,0.56000,-0.03825,33.600,-0.076,-1,-1,-1,350.000,-1,475.000,350.000,250.000,350.000,-1,-1,-1,-1,-1,550.000,-1,675.000,2,2,2,1,2,1,1,1,0,2,2,2,2,2,1,2,0
91,-2639.924,3952.185,-15.486,-2.855,0.991908,0.049338,0.116982,-0.064594,0.989351,0.130432,-0.109301,-0.136933,0.984532,0,0.64000,-0.00570,38.400,-0.011,-1,1000.000,-1,350.000,-1,500.000,350.000,250.000,350.000,-1,-1,-1,-1,-1,550.000,-1,625.000,2,1,2,1,2,1,1,1,0,2,2,2,2,2,1,2,0
92,-2596.771,3950.128,-22.832,-2.785,0.990885,0.048005,0.125867,-0.066656,0.986672,0.148443,-0.117064,-0.155480,0.980878,0,0.72000,0.03477,43.200,0.070,-1,925.000,-1,350.000,-1,475.000,350.000,225.000,375.000,-1,-1,-1,-1,-1,525.000,-1,525.000,2,1,2,1,2,1,1,1,0,2,2,2,2,2,1,2,0
93,3607.998,-328.028,102.550,-98.995,-0.144831,0.955687,0.256295,-0.988474,-0.151287,0.005545,0.044073,-0.252538,0.966583,1,0.00000,0.00000,48.000,0.170,0.000,325.000,-1,-1,-1,325.000,475.000,150.000,525.000,-1,-1,0.000,250.000,525.000,-1,0.000,-1,1,1,2,2,2,0,0,1,1,2,2,1,1,1,2,1,2
94,-327.966,-6887.287,-47.115,-19.965,0.939916,0.341403,0.001445,-0.341377,0.939774,0.016918,0.004418,-0.016395,0.999856,1,0.00000,0.00000,4.800,-0.240,-1,450.000,-1,400.000,925.000,350.000,325.000,275.000,275.000,-1,-1,-1,-1,-1,800.000,-1,925.000,2,0,2,0,1,0,0,0,0,2,2,2,2,2,1,2,1
95,-323.461,-6888.945,-47.079,-20.205,0.938477,0.345336,0.001910,-0.345318,0.938335,0.016850,0.004027,-0.016473,0.999856,0,0.08000,-0.12000,4.800,-0.240,-1,450.000,-1,400.000,925.000,350.000,325.000,275.000,275.000,-1,-1,-1,-1,-1,800.000,-1,925.000,2,0,2,0,1,0,0,0,0,2,2,2,2,2,1,2,1
96,-314.480,-6892.336,-47.004,-20.685,0.935550,0.353184,0.002843,-0.353180,0.935406,0.016712,0.003243,-0.016639,0.999856,0,0.16000,-0.24000,9.600,-0.480,-1,450.000,-1,400.000,900.000,350.000,325.000,275.000,275.000,-1,-1,-1,-1,-1,800.000,-1,900.000,2,0,2,0,1,0,0,0,0,2,2,2,2,2,1,2,1
97,-301.073,-6897.591,-46.890,-21.405,0.931034,0.364908,0.004245,-0.364927,0.930890,0.016499,0.002069,-0.016910,0.999855,0,0.24000,-0.36000,14.400,-0.720,-1,450.000,-1,400.000,900.000,350.000,325.000,275.000,275.000,-1,-1,-1,-1,-1,775.000,-1,900.000,2,0,2,0,1,0,0,0,0,2,2,2,2,2,1,2,1
98,-283.317,-6904.896,-46.732,-22.365,0.924781,0.380451,0.006120,-0.380500,0.924639,0.016202,0.000506,-0.017311,0.999850,0,0.32000,-0.48000,19.200,-0.960,-1,450.000,-1,400.000,875.000,350.000,325.000,275.000,275.000,-1,-1,-1,-1,-1,750.000,-1,850.000,2,0,2,0,1,0,0,0,0,2,2,2,2,2,1,2,1
99,-261.319,-6914.491,-46.529,-23.565,0.916595,0.399728,0.008469,-0.399815,0.916460,0.015807,-0.001443,-0.017875,0.999839,0,0.40000,-0.60000,24.000,-1.200,-1,450.000,-1,400.000,875.000,350.000,325.000,275.000,275.000,-1,-1,-1,-1,-1,725.000,-1,825.000,2,0,2,0,1,0,0,0,0,2,2,2,2,2,1,2,1
100,-235.218,-6926.665,-46.276,-25.005,0.906234,0.422626,0.011295,-0.422761,0.906112,0.015298,-0.003769,-0.018639,0.999819,0,0.48000,-0.72000,28.800,-1.440,-1,450.000,-1,375.000,850.000,350.000,325.000,275.000,275.000,-1,-1,-1,-1,-1,700.000,-1,800.000,2,0,2,0,1,0,0,0,0,2,2,2,2,2,1,2,1
101,-205.196,-6941.754,-45.972,-26.685,0.893412,0.449001,0.014597,-0.449192,0.893315,0.014652,-0.006461,-0.019647,0.999786,0,0.56000,-0.84000,33.600,-1.680,-1,450.000,-1,375.000,825.000,325.000,325.000,275.000,275.000,-1,-1,-1,-1,-1,650.000,-1,750.000,2,0,2,0,1,0,0,0,0,2,2,2,2,2,1,2,1
102,-171.483,-6960.138,-45.688,-28.605,0.877808,0.478663,0.018302,-0.478923,0.877742,0.014221,-0.009257,-0.021248,0.999731,0,0.64000,-0.96000,38.400,-1.920,-1,450.000,-1,375.000,825.000,325.000,325.000,300.000,275.000,-1,-1,-1,-1,-1,625.000,-1,725.000,2,0,2,0,1,0,0,0,0,2,2,2,2,2,1,2,1
103,-134.300,-6982.131,-45.689,-30.605,0.860551,0.508966,0.020164,-0.509287,0.860437,0.016584,-0.008909,-0.024541,0.999659,0,0.72000,-1.00000,43.200,-2.000,-1,450.000,-1,375.000,800.000,325.000,325.000,300.000,275.000,-1,-1,-1,-1,1000.000,600.000,-1,675.000,2,0,2,0,1,0,0,0,0,2,2,2,2,0,1,2,1
104,-94.241,-7007.754,-45.527,-32.605,0.842254,0.538640,0.021809,-0.539019,0.842081,0.018932,-0.008167,-0.027700,0.999583,0,0.79254,-1.00000,47.552,-2.000,-1,450.000,-1,375.000,800.000,325.000,325.000,300.000,275.000,-1,-1,-1,-1,1000.000,575.000,-1,650.000,2,0,2,0,1,0,0,0,0,2,2,2,2,0,1,2,1
105,-55.066,-7034.782,-45.814,-34.605,0.822887,0.567611,0.025958,-0.568135,0.822641,0.021994,-0.008870,-0.032846,0.999421,0,0.79324,-1.00000,47.594,-2.000,-1,450.000,925.000,375.000,800.000,325.000,325.000,300.000,275.000,-1,-1,-1,-1,950.000,550.000,-1,625.000,2,0,1,1,1,0,0,0,0,2,2,2,2,0,1,2,1
106,-16.824,-7063.185,-46.075,-36.605,0.802514,0.595866,0.030244,-0.596559,0.802184,0.024870,-0.009442,-0.038001,0.999233,0,0.79393,-1.00000,47.636,-2.000,-1,425.000,825.000,375.000,775.000,325.000,325.000,275.000,275.000,-1,-1,-1,-1,925.000,525.000,-1,600.000,2,0,1,1,1,0,0,0,0,2,2,2,2,0,1,2,1
107,20.436,-7092.932,-46.276,-38.605,0.781165,0.623373,0.034454,-0.624248,0.780742,0.027510,-0.009751,-0.042997,0.999028,0,0.79462,-1.00000,47.677,-2.000,-1,425.000,750.000,350.000,775.000,325.000,325.000,300.000,300.000,-1,-1,-1,-1,900.000,475.000,-1,575.000,2,0,1,1,1,0,0,0,0,2,2,2,2,0,1,2,1
108,60.280,-7127.084,-46.439,-40.605,0.758862,0.650082,0.039014,-0.651176,0.758326,0.030203,-0.009951,-0.048325,0.998782,0,0.87462,-1.00000,52.477,-2.000,-1,425.000,675.000,325.000,750.000,325.000,300.000,300.000,300.000,-1,-1,-1,-1,800.000,450.000,-1,525.000,2,0,1,1,1,0,1,0,0,2,2,2,2,1,1,2,1
109,100.165,-7163.762,-46.639,-42.605,0.735716,0.675980,0.042114,-0.677241,0.734990,0.033676,-0.008189,-0.053298,0.998545,0,0.90309,-1.00000,54.185,-2.000,-1,425.000,600.000,325.000,750.000,325.000,275.000,300.000,300.000,-1,-1,-1,-1,675.000,425.000,-1,500.000,2,0,1,1,1,0,1,0,0,2,2,2,2,1,1,2,1
110,139.058,-7202.118,-46.701,-44.605,0.711749,0.701019,0.044573,-0.702416,0.710748,0.038064,-0.004997,-0.058400,0.998281,0,0.91040,-1.00000,54.624,-2.000,-1,425.000,525.000,300.000,750.000,300.000,275.000,325.000,300.000,-1,-1,-1,-1,575.000,400.000,925.000,475.000,2,1,1,1,1,1,1,0,0,2,2,2,2,1,1,1,1
111,176.891,-7242.128,-46.659,-46.605,0.686950,0.725171,0.047197,-0.726703,0.685636,0.042492,-0.001546,-0.063487,0.997981,0,0.91774,-1.00000,55.064,-2.000,-1,375.000,475.000,275.000,750.000,275.000,250.000,325.000,300.000,975.000,-1,-1,-1,475.000,375.000,775.000,450.000,2,1,1,1,1,1,1,0,0,0,2,2,2,1,1,1,1
112,213.596,-7283.763,-46.511,-48.605,0.661354,0.748406,0.049996,-0.750071,0.659689,0.046958,0.002162,-0.068556,0.997645,0,0.92505,-1.00000,55.503,-2.000,-1,300.000,425.000,250.000,750.000,250.000,225.000,325.000,300.000,950.000,500.000,-1,-1,400.000,325.000,625.000,425.000,2,1,1,1,1,1,1,0,0,0,0,2,2,1,1,1,1
113,249.101,-7326.991,-45.974,-50.605,0.634945,0.770759,0.052685,-0.772540,0.632992,0.050031,0.005213,-0.072468,0.997357,0,0.93231,-1.00000,55.939,-2.000,825.000,250.000,350.000,225.000,750.000,225.000,200.000,325.000,325.000,925.000,475.000,-1,-1,325.000,300.000,475.000,400.000,1,1,1,1,1,1,1,0,0,0,0,2,2,1,1,1,1
114,283.335,-7371.774,-45.001,-52.605,0.607733,0.792229,0.055073,-0.794106,0.605592,0.051516,0.007461,-0.075042,0.997153,0,0.93947,-1.00000,56.368,-2.000,575.000,225.000,300.000,200.000,750.000,175.000,175.000,325.000,325.000,975.000,525.000,-1,-1,275.000,275.000,375.000,375.000,1,1,1,1,1,1,1,0,0,0,0,2,2,1,1,1,1
115,316.230,-7418.065,-44.186,-54.605,0.579869,0.812655,0.057831,-0.814638,0.577414,0.054387,0.010806,-0.078649,0.996844,0,0.94645,-1.00000,56.787,-2.000,375.000,175.000,250.000,175.000,750.000,150.000,150.000,325.000,325.000,1000.000,500.000,725.000,-1,200.000,225.000,275.000,350.000,1,1,1,1,1,1,1,0,0,0,0,0,2,1,1,1,1
116,347.693,-7465.828,-37.517,-56.605,0.551780,0.833459,0.029747,-0.833261,0.549457,0.061422,0.034848,-0.058679,0.997668,0,0.95320,-1.00000,57.192,-2.000,300.000,150.000,225.000,175.000,900.000,125.000,150.000,375.000,300.000,-1,350.000,450.000,-1,175.000,225.000,225.000,350.000,1,1,1,1,1,1,1,0,0,2,0,0,2,1,1,1,1
117,377.675,-7514.987,-26.429,-58.605,0.521388,0.853226,-0.012660,-0.850235,0.520706,0.077242,0.072497,-0.029509,0.996932,0,0.95959,-1.00000,57.576,-2.000,250.000,150.000,225.000,175.000,-1,125.000,150.000,500.000,300.000,-1,175.000,125.000,-1,175.000,225.000,200.000,400.000,1,1,1,1,2,1,1,0,0,2,0,0,2,1,1,1,1
118,6887.130,2295.914,-339.242,103.679,-0.303172,-0.945679,0.117382,0.879334,-0.230157,0.416893,-0.367230,0.229608,0.901345,1,0.00000,0.00000,57.931,-2.000,775.000,350.000,675.000,300.000,125.000,275.000,275.000,475.000,250.000,400.000,0.000,175.000,-1,525.000,425.000,675.000,150.000,0,0,0,0,1,0,0,1,1,1,1,1,2,0,0,0,1
119,7543.234,-5575.433,-261.540,-114.533,-0.412495,0.908050,0.072755,-0.909963,-0.414463,0.013710,0.042604,-0.060549,0.997256,1,0.00000,0.00000,4.800,-0.240,-1,400.000,-1,425.000,-1,325.000,325.000,300.000,300.000,-1,-1,-1,-1,825.000,950.000,-1,-1,2,0,2,0,2,0,0,0,0,2,2,2,2,0,0,2,2
120,7541.260,-5579.808,-261.345,-114.293,-0.408706,0.909775,0.072581,-0.911689,-0.410655,0.013647,0.042222,-0.060594,0.997269,0,0.08000,0.12000,4.800,0.240,-1,400.000,-1,425.000,-1,325.000,325.000,300.000,300.000,-1,-1,-1,-1,825.000,950.000,-1,-1,2,0,2,0,2,0,0,0,0,2,2,2,2,0,0,2,2
121,7537.384,-5588.590,-260.962,-113.813,-0.401106,0.913179,0.072235,-0.915093,-0.403017,0.013519,0.041457,-0.060680,0.997296,0,0.16000,0.24000,9.600,0.480,-1,400.000,-1,425.000,-1,325.000,325.000,300.000,300.000,-1,-1,-1,-1,825.000,950.000,-1,-1,2,0,2,0,2,0,0,0,0,2,2,2,2,0,0,2,2
122,7531.736,-5601.836,-260.399,-113.093,-0.389654,0.918164,0.071721,-0.920079,-0.391507,0.013317,0.040306,-0.060800,0.997336,0,0.24000,0.36000,14.400,0.720,-1,400.000,-1,425.000,-1,325.000,325.000,300.000,300.000,-1,-1,-1,-1,825.000,925.000,-1,-1,2,0,2,0,2,0,0,0,0,2,2,2,2,0,0,2,2
123,7524.503,-5619.621,-259.672,-112.133,-0.374289,0.924587,0.071045,-0.926502,-0.376065,0.013032,0.038767,-0.060946,0.997388,0,0.32000,0.48000,19.200,0.960,-1,400.000,-1,425.000,-1,325.000,325.000,300.000,300.000,-1,-1,-1,-1,825.000,925.000,-1,-1,2,0,2,0,2,0,0,0,0,2,2,2,2,0,0,2,2
124,7515.907,-5642.028,-258.795,-110.989,-0.355830,0.931909,0.070218,-0.933822,-0.357514,0.012653,0.036895,-0.061069,0.997451,0,0.40000,0.57244,24.000,1.145,-1,400.000,-1,425.000,-1,325.000,325.000,300.000,300.000,-1,-1,-1,-1,825.000,925.000,-1,-1,2,0,2,0,2,0,0,0,0,2,2,2,2,0,0,2,2
125,7506.132,-5669.118,-257.780,-109.841,-0.337195,0.938884,0.069248,-0.940788,-0.338777,0.012172,0.034888,-0.061044,0.997525,0,0.48000,0.57384,28.800,1.148,-1,400.000,-1,425.000,-1,325.000,325.000,300.000,300.000,-1,-1,-1,-1,825.000,925.000,-1,-1,2,0,2,0,2,0,0,0,0,2,2,2,2,0,0,2,2
126,7495.366,-5700.946,-256.645,-108.689,-0.318366,0.945515,0.068146,-0.947402,-0.319836,0.011583,0.032748,-0.060874,0.997608,0,0.56000,0.57598,33.600,1.152,-1,400.000,-1,425.000,-1,325.000,325.000,300.000,300.000,-1,-1,-1,-1,825.000,925.000,-1,-1,2,0,2,0,2,0,0,0,0,2,2,2,2,0,0,2,2
127,7483.800,-5737.562,-255.406,-107.531,-0.299316,0.951804,0.066921,-0.953667,-0.300667,0.010880,0.030476,-0.060564,0.997699,0,0.64000,0.57904,38.400,1.158,-1,400.000,-1,425.000,-1,325.000,325.000,300.000,300.000,-1,-1,-1,-1,825.000,925.000,-1,-1,2,0,2,0,2,0,0,0,0,2,2,2,2,0,0,2,2
128,7472.907,-5774.659,-254.220,-106.364,-0.280001,0.957747,0.065730,-0.959586,-0.281234,0.010138,0.028195,-0.060235,0.997786,0,0.64440,0.58323,38.664,1.166,-1,400.000,-1,425.000,-1,325.000,325.000,300.000,300.000,-1,-1,-1,-1,825.000,900.000,-1,-1,2,0,2,0,2,0,0,0,0,2,2,2,2,0,0,2,2
129,7462.904,-5811.505,-253.108,-105.188,-0.260399,0.963338,0.064600,-0.965153,-0.261518,0.009374,0.025924,-0.059907,0.997867,0,0.63633,0.58816,38.180,1.176,-1,400.000,-1,425.000,-1,325.000,325.000,300.000,300.000,-1,-1,-1,-1,800.000,900.000,-1,-1,2,0,2,0,2,0,0,0,0,2,2,2,2,0,0,2,2
130,7453.774,-5848.123,-252.121,-104.001,-0.240479,0.968557,0.063783,-0.970362,-0.241500,0.008707,0.023837,-0.059798,0.997926,0,0.62899,0.59371,37.739,1.187,-1,400.000,-1,425.000,-1,325.000,325.000,300.000,300.000,-1,-1,-1,-1,800.000,900.000,-1,-1,2,0,2,0,2,0,0,0,0,2,2,2,2,0,0,2,2
131,7445.501,-5884.539,-251.302,-102.801,-0.220254,0.973383,0.063356,-0.975207,-0.221164,0.007640,0.021449,-0.060102,0.997962,0,0.62241,0.59986,37.345,1.200,-1,400.000,-1,425.000,-1,325.000,325.000,300.000,300.000,-1,-1,-1,-1,800.000,900.000,-1,-1,2,0,2,0,2,0,0,0,0,2,2,2,2,0,0,2,2
132,7438.070,-5920.782,-250.553,-101.588,-0.199703,0.977828,0.063023,-0.979671,-0.200502,0.006556,0.019046,-0.060433,0.997991,0,0.61662,0.60657,36.997,1.213,-1,400.000,-1,425.000,-1,325.000,325.000,300.000,300.000,-1,-1,-1,-1,775.000,875.000,-1,-1,2,0,2,0,2,0,0,0,0,2,2,2,2,0,0,2,2
133,7431.470,-5956.883,-249.942,-100.360,-0.178804,0.981897,0.062510,-0.983740,-0.179507,0.005757,0.016874,-0.060465,0.998028,0,0.61166,0.61381,36.699,1.228,-1,400.000,-1,425.000,-1,325.000,325.000,300.000,300.000,-1,-1,-1,-1,775.000,875.000,-1,-1,2,0,2,0,2,0,0,0,0,2,2,2,2,0,0,2,2
134,7425.695,-5992.873,-249.557,-99.117,-0.157571,0.985596,0.061416,-0.987400,-0.158167,0.004949,0.014592,-0.059863,0.998100,0,0.60752,0.62158,36.451,1.243,-1,400.000,-1,425.000,-1,325.000,325.000,300.000,300.000,-1,-1,-1,975.000,775.000,875.000,-1,-1,2,0,2,0,2,0,0,0,0,2,2,2,1,0,0,2,2
135,7419.872,-6033.711,-249.179,-98.114,-0.140398,0.988261,0.060230,-0.990016,-0.140895,0.004054,0.012492,-0.059060,0.998176,0,0.68752,0.50158,41.251,1.003,-1,400.000,-1,425.000,-1,325.000,325.000,300.000,300.000,-1,-1,-1,950.000,775.000,850.000,-1,-1,2,0,2,0,2,0,0,0,0,2,2,2,1,0,0,2,2
