timestep,x_cm,y_cm,z_cm,yaw_deg,basis_xx,basis_xy,basis_xz,basis_yx,basis_yy,basis_yz,basis_zx,basis_zy,basis_zz,teleport_flag,throttle_cmd,steering_cmd,cmd_move_cm,cmd_turn_deg,lidar_cm_0,lidar_cm_1,lidar_cm_2,lidar_cm_3,lidar_cm_4,lidar_cm_5,lidar_cm_6,lidar_cm_7,lidar_cm_8,lidar_cm_9,lidar_cm_10,lidar_cm_11,lidar_cm_12,lidar_cm_13,lidar_cm_14,lidar_cm_15,lidar_cm_16,lidar_class_0,lidar_class_1,lidar_class_2,lidar_class_3,lidar_class_4,lidar_class_5,lidar_class_6,lidar_class_7,lidar_class_8,lidar_class_9,lidar_class_10,lidar_class_11,lidar_class_12,lidar_class_13,lidar_class_14,lidar_class_15,lidar_class_16
0,988.687,-4263.896,-8.589,-4.035,0.997422,0.070357,0.014101,-0.070093,0.997370,-0.018466,-0.015363,0.017430,0.999730,1,0.08000,-0.12000,4.800,-0.240,-1,400.000,-1,375.000,-1,325.000,325.000,300.000,300.000,-1,600.000,675.000,-1,750.000,725.000,-1,-1,2,0,2,0,2,0,0,0,0,2,0,0,2,0,0,2,2
1,998.257,-4264.652,-8.739,-4.515,0.996800,0.078711,0.013917,-0.078450,0.996749,-0.018365,-0.015317,0.017214,0.999734,0,0.16000,-0.24000,9.600,-0.480,-1,400.000,-1,375.000,-1,325.000,325.000,300.000,300.000,-1,600.000,675.000,-1,750.000,725.000,-1,-1,2,0,2,0,2,0,0,0,0,2,0,0,2,0,0,2,2
2,1012.597,-4265.966,-8.969,-5.235,0.995736,0.091230,0.013640,-0.090976,0.995687,-0.018199,-0.015241,0.016881,0.999741,0,0.24000,-0.36000,14.400,-0.720,-1,400.000,-1,375.000,-1,325.000,325.000,300.000,300.000,-1,600.000,675.000,-1,750.000,725.000,-1,-1,2,0,2,0,2,0,0,0,0,2,0,0,2,0,0,2,2
3,1031.685,-4268.038,-9.280,-6.195,0.994073,0.107900,0.013271,-0.107655,0.994026,-0.017955,-0.015129,0.016420,0.999751,0,0.32000,-0.48000,19.200,-0.960,-1,400.000,-1,375.000,-1,325.000,325.000,300.000,300.000,-1,625.000,675.000,-1,750.000,725.000,-1,-1,2,0,2,0,2,0,0,0,0,2,0,0,2,0,0,2,2
4,1055.485,-4271.127,-9.677,-7.395,0.991601,0.128695,0.012810,-0.128462,0.991558,-0.017613,-0.014969,0.015820,0.999763,0,0.40000,-0.60000,24.000,-1.200,-1,400.000,-1,375.000,-1,325.000,325.000,300.000,300.000,-1,625.000,675.000,-1,750.000,725.000,-1,-1,2,0,2,0,2,0,0,0,0,2,0,0,2,0,0,2,2
5,1083.943,-4275.550,-10.165,-8.835,0.988061,0.153574,0.012263,-0.153355,0.988022,-0.017153,-0.014750,0.015068,0.999778,0,0.48000,-0.72000,28.800,-1.440,-1,400.000,-1,375.000,-1,325.000,325.000,300.000,300.000,-1,625.000,675.000,-1,750.000,725.000,-1,-1,2,0,2,0,2,0,0,0,0,2,0,0,2,0,0,2,2
6,1116.979,-4281.682,-10.747,-10.515,0.983141,0.182477,0.011634,-0.182275,0.983108,-0.016552,-0.014458,0.014153,0.999795,0,0.56000,-0.84000,33.600,-1.680,-1,400.000,-1,375.000,-1,325.000,325.000,300.000,300.000,-1,625.000,675.000,-1,750.000,725.000,-1,-1,2,0,2,0,2,0,0,0,0,2,0,0,2,0,0,2,2
7,1154.483,-4289.928,-11.427,-12.400,0.976615,0.214717,0.010937,-0.214534,0.976589,-0.015788,-0.014071,0.013073,0.999816,0,0.64000,-0.94244,38.400,-1.885,-1,400.000,-1,375.000,-1,325.000,325.000,300.000,300.000,-1,650.000,700.000,-1,750.000,725.000,-1,-1,2,0,2,0,2,0,0,0,0,2,0,0,2,0,0,2,2
8,1196.350,-4300.580,-12.202,-14.274,0.969079,0.246539,0.010190,-0.246378,0.969060,-0.014854,-0.013537,0.011884,0.999838,0,0.72000,-0.93690,43.200,-1.874,-1,400.000,-1,375.000,-1,325.000,325.000,300.000,300.000,-1,650.000,700.000,-1,750.000,725.000,-1,-1,2,0,2,0,2,0,0,0,0,2,0,0,2,0,0,2,2
9,1242.459,-4313.920,-12.999,-16.136,0.960564,0.277895,0.009546,-0.277751,0.960550,-0.014091,-0.013085,0.010884,0.999855,0,0.80000,-0.93090,48.000,-1.862,-1,400.000,-1,375.000,-1,325.000,325.000,300.000,300.000,-1,675.000,725.000,-1,750.000,725.000,-1,-1,2,0,2,0,2,0,0,0,0,2,0,0,2,0,0,2,2
10,1290.806,-4329.614,-13.722,-17.985,0.951104,0.308744,0.008879,-0.308611,0.951089,-0.013773,-0.012697,0.010360,0.999866,0,0.84717,-0.92448,50.830,-1.849,-1,400.000,-1,375.000,-1,325.000,325.000,300.000,300.000,-1,675.000,750.000,-1,750.000,725.000,-1,-1,2,0,2,0,2,0,0,0,0,2,0,0,2,0,0,2,2
11,1338.460,-4346.794,-14.441,-19.825,0.940705,0.339127,0.008173,-0.339005,0.940689,-0.013436,-0.012244,0.009869,0.999876,0,0.84428,-0.92007,50.657,-1.840,-1,400.000,-1,375.000,-1,325.000,325.000,300.000,300.000,-1,650.000,750.000,-1,750.000,725.000,-1,-1,2,0,2,0,2,0,0,0,0,2,0,0,2,0,0,2,2
12,1385.354,-4365.418,-15.121,-21.660,0.929362,0.369090,0.007630,-0.368978,0.929348,-0.012969,-0.011878,0.009237,0.999887,0,0.84094,-0.91789,50.456,-1.836,-1,400.000,-1,375.000,-1,325.000,325.000,300.000,300.000,-1,650.000,775.000,-1,750.000,725.000,-1,-1,2,0,2,0,2,0,0,0,0,2,0,0,2,0,0,2,2
13,1431.423,-4385.443,-15.707,-23.493,0.917086,0.398622,0.007404,-0.398519,0.917078,-0.012320,-0.011701,0.008348,0.999897,0,0.83722,-0.91620,50.233,-1.832,-1,400.000,-1,375.000,-1,325.000,325.000,300.000,300.000,-1,675.000,775.000,-1,750.000,725.000,-1,-1,2,0,2,0,2,0,0,0,0,2,0,0,2,0,0,2,2
14,1476.612,-4406.826,-16.201,-25.323,0.903891,0.427707,0.006857,-0.427615,0.903885,-0.011724,-0.011213,0.007665,0.999908,0,0.83321,-0.91501,49.993,-1.830,-1,400.000,-1,375.000,-1,325.000,325.000,300.000,300.000,-1,675.000,750.000,-1,750.000,725.000,-1,-1,2,0,2,0,2,0,0,0,0,2,0,0,2,0,0,2,2
15,1520.871,-4429.524,-16.697,-27.152,0.889785,0.456335,0.006367,-0.456253,0.889781,-0.011072,-0.010718,0.006946,0.999918,0,0.82901,-0.91432,49.741,-1.829,-1,400.000,-1,400.000,-1,325.000,325.000,300.000,300.000,-1,675.000,750.000,-1,750.000,750.000,-1,-1,2,0,2,0,2,0,0,0,0,2,0,0,2,0,0,2,2
16,1564.159,-4453.499,-17.199,-28.980,0.874775,0.484492,0.005946,-0.484420,0.874773,-0.010407,-0.010244,0.006224,0.999928,0,0.82472,-0.91413,49.483,-1.828,-1,400.000,-1,400.000,-1,325.000,325.000,300.000,300.000,-1,700.000,750.000,-1,750.000,750.000,-1,-1,2,0,2,0,2,0,0,0,0,2,0,0,2,0,0,2,2
17,1606.438,-4478.712,-17.706,-30.809,0.858869,0.512165,0.005593,-0.512102,0.858869,-0.009742,-0.009793,0.005503,0.999937,0,0.82044,-0.91443,49.226,-1.829,-1,400.000,-1,400.000,-1,325.000,325.000,300.000,300.000,-1,700.000,775.000,-1,750.000,750.000,-1,-1,2,0,2,0,2,0,0,0,0,2,0,0,2,0,0,2,2
18,1647.681,-4505.127,-18.218,-32.639,0.842072,0.539339,0.005307,-0.539284,0.842075,-0.009085,-0.009369,0.004789,0.999945,0,0.81627,-0.91522,48.976,-1.830,-1,400.000,-1,400.000,-1,325.000,325.000,300.000,300.000,-1,725.000,775.000,-1,750.000,750.000,-1,-1,2,0,2,0,2,0,0,0,0,2,0,0,2,0,0,2,2
19,1687.861,-4532.713,-18.732,-34.472,0.824390,0.566000,0.005086,-0.565951,0.824395,-0.008447,-0.008974,0.004086,0.999951,0,0.81231,-0.91648,48.739,-1.833,-1,400.000,-1,400.000,-1,325.000,325.000,300.000,300.000,-1,725.000,775.000,-1,750.000,750.000,-1,-1,2,0,2,0,2,0,0,0,0,2,0,0,2,0,0,2,2
20,1726.959,-4561.443,-19.101,-36.308,0.805828,0.592130,0.004899,-0.592094,0.805838,-0.007136,-0.008173,0.002850,0.999963,0,0.80864,-0.91820,48.518,-1.836,-1,400.000,-1,400.000,-1,325.000,325.000,300.000,300.000,-1,750.000,775.000,-1,750.000,775.000,-1,-1,2,0,2,0,2,0,0,0,0,2,0,0,2,0,0,2,2
21,1764.958,-4591.290,-19.443,-38.149,0.786391,0.617710,0.004817,-0.617683,0.786404,-0.006084,-0.007546,0.001809,0.999970,0,0.80534,-0.92037,48.320,-1.841,-1,400.000,-1,400.000,-1,325.000,325.000,300.000,300.000,-1,750.000,800.000,-1,750.000,775.000,-1,-1,2,0,2,0,2,0,0,0,0,2,0,0,2,0,0,2,2
22,1801.844,-4622.236,-19.790,-39.995,0.766084,0.642722,0.004817,-0.642702,0.766099,-0.005169,-0.007012,0.000864,0.999975,0,0.80247,-0.92297,48.148,-1.846,-1,400.000,-1,400.000,-1,325.000,325.000,300.000,300.000,-1,775.000,825.000,-1,750.000,775.000,-1,-1,2,0,2,0,2,0,0,0,0,2,0,0,2,0,0,2,2
23,1837.605,-4654.263,-20.150,-41.847,0.744912,0.667145,0.004888,-0.667131,0.744928,-0.004343,-0.006539,-0.000026,0.999979,0,0.80009,-0.92598,48.005,-1.852,-1,400.000,-1,400.000,-1,325.000,325.000,300.000,300.000,-1,775.000,825.000,-1,775.000,775.000,-1,-1,2,0,2,0,2,0,0,0,0,2,0,0,2,0,0,2,2
24,1872.202,-4687.048,-20.506,-43.459,0.725849,0.687836,0.004997,-0.687826,0.725866,-0.003725,-0.006189,-0.000734,0.999981,0,0.79440,-0.80598,47.664,-1.612,-1,400.000,-1,400.000,-1,325.000,325.000,300.000,300.000,1000.000,775.000,850.000,-1,775.000,800.000,-1,-1,2,0,2,0,2,0,0,0,0,1,0,0,2,0,0,2,2
25,1905.959,-4720.605,-20.786,-44.831,0.709172,0.705018,0.004899,-0.705010,0.709189,-0.003528,-0.005962,-0.000952,0.999982,0,0.79330,-0.68598,47.598,-1.372,-1,400.000,-1,400.000,-1,325.000,325.000,300.000,300.000,950.000,800.000,875.000,-1,775.000,800.000,-1,-1,2,0,2,0,2,0,0,0,0,1,0,0,2,0,0,2,2
26,1939.029,-4754.806,-21.092,-45.963,0.695107,0.718891,0.004788,-0.718884,0.695122,-0.003399,-0.005772,-0.001080,0.999983,0,0.79290,-0.56598,47.574,-1.132,-1,400.000,-1,400.000,-1,325.000,325.000,300.000,300.000,950.000,825.000,900.000,-1,800.000,800.000,975.000,-1,2,0,2,0,2,0,0,0,0,1,0,0,2,0,0,1,2
27,1971.572,-4789.528,-21.427,-46.855,0.683832,0.729625,0.004666,-0.729618,0.683847,-0.003346,-0.005632,-0.001116,0.999984,0,0.79315,-0.44598,47.589,-0.892,1000.000,400.000,-1,400.000,-1,325.000,325.000,300.000,300.000,975.000,875.000,925.000,-1,800.000,800.000,925.000,-1,1,0,2,0,2,0,0,0,0,1,0,0,2,0,0,1,2
28,2006.727,-4827.902,-21.831,-47.507,0.675486,0.737359,0.004502,-0.737352,0.675500,-0.003397,-0.005546,-0.001025,0.999984,0,0.86739,-0.32598,52.043,-0.652,925.000,400.000,-1,400.000,-1,325.000,325.000,300.000,300.000,1000.000,900.000,975.000,-1,775.000,800.000,875.000,-1,1,0,2,0,2,0,0,0,0,1,0,0,2,1,0,1,2
29,2041.824,-4866.770,-22.273,-47.919,0.670168,0.742197,0.004347,-0.742189,0.670181,-0.003569,-0.005562,-0.000834,0.999984,0,0.87281,-0.20598,52.369,-0.412,850.000,400.000,-1,400.000,-1,325.000,325.000,300.000,300.000,-1,950.000,1000.000,-1,750.000,800.000,825.000,-1,1,0,2,0,2,0,0,0,0,2,0,0,2,1,0,1,2
30,2077.019,-4905.983,-22.752,-48.091,0.667937,0.744205,0.004394,-0.744195,0.667951,-0.003868,-0.005814,-0.000686,0.999983,0,0.87818,-0.08598,52.691,-0.172,800.000,400.000,-1,400.000,-1,325.000,325.000,300.000,275.000,-1,1000.000,-1,-1,725.000,800.000,800.000,-1,1,0,2,0,2,0,0,0,0,2,0,2,2,1,0,1,2
31,2112.475,-4945.393,-23.290,-48.023,0.668819,0.743412,0.004456,-0.743399,0.668834,-0.004325,-0.006196,-0.000420,0.999981,0,0.88353,0.03402,53.012,0.068,725.000,400.000,-1,400.000,-1,325.000,325.000,300.000,275.000,-1,-1,-1,-1,700.000,825.000,750.000,-1,1,0,2,0,2,0,0,0,0,2,2,2,2,1,0,1,2
32,2148.199,-4984.994,-23.881,-47.946,0.669812,0.742517,0.004559,-0.742500,0.669828,-0.004912,-0.006701,-0.000095,0.999978,0,0.88889,0.03831,53.333,0.077,675.000,400.000,-1,400.000,-1,325.000,325.000,300.000,275.000,-1,-1,-1,-1,675.000,825.000,700.000,-1,1,0,2,0,2,0,0,0,0,2,2,2,2,1,0,1,2
33,2184.193,-5024.776,-24.358,-47.862,0.670898,0.741529,0.005499,-0.741508,0.670920,-0.005583,-0.007830,-0.000332,0.999969,0,0.89415,0.04219,53.649,0.084,625.000,400.000,-1,400.000,-1,325.000,325.000,300.000,275.000,-1,-1,-1,-1,650.000,825.000,650.000,-1,1,0,2,0,2,0,0,0,0,2,2,2,2,1,0,1,2
34,2220.458,-5064.728,-24.873,-47.769,0.672086,0.740444,0.006564,-0.740417,0.672118,-0.006382,-0.009137,-0.000571,0.999958,0,0.89929,0.04630,53.957,0.093,575.000,400.000,-1,400.000,-1,325.000,325.000,300.000,275.000,-1,-1,-1,-1,600.000,825.000,600.000,-1,1,0,2,0,2,0,0,0,0,2,2,2,2,1,0,1,2
35,2256.997,-5104.838,-25.472,-47.668,0.673384,0.739254,0.007544,-0.739218,0.673426,-0.007324,-0.010495,-0.000645,0.999945,0,0.90428,0.05067,54.257,0.101,525.000,400.000,-1,400.000,-1,325.000,325.000,300.000,275.000,-1,-1,-1,-1,575.000,825.000,550.000,-1,1,0,2,0,2,0,0,0,0,2,2,2,2,1,0,1,2
36,2293.808,-5145.091,-25.998,-47.557,0.674799,0.737952,0.008556,-0.737913,0.674852,-0.007662,-0.011428,-0.001144,0.999934,0,0.90912,0.05532,54.547,0.111,475.000,400.000,-1,400.000,-1,325.000,325.000,300.000,275.000,-1,-1,-1,-1,525.000,825.000,500.000,-1,1,0,2,0,2,0,0,0,0,2,2,2,2,1,0,1,2
37,2330.892,-5185.471,-26.563,-47.437,0.676338,0.736530,0.009479,-0.736487,0.676403,-0.008135,-0.012404,-0.001479,0.999922,0,0.91376,0.06028,54.825,0.121,425.000,400.000,-1,400.000,-1,325.000,325.000,300.000,275.000,-1,-1,-1,-1,500.000,825.000,450.000,-1,1,0,2,0,2,0,0,0,0,2,2,2,2,1,0,1,2
38,2368.248,-5225.962,-27.171,-47.306,0.678010,0.734980,0.010308,-0.734929,0.678087,-0.008777,-0.013440,-0.001625,0.999908,0,0.91817,0.06556,55.090,0.131,375.000,400.000,-1,400.000,-1,325.000,325.000,300.000,275.000,-1,-1,-1,-1,475.000,825.000,400.000,-1,1,1,2,0,2,0,0,0,0,2,2,2,2,1,0,1,2
39,2405.874,-5266.542,-27.859,-47.163,0.679824,0.733292,0.011051,-0.733232,0.679912,-0.009525,-0.014498,-0.001628,0.999894,0,0.92233,0.07122,55.340,0.142,325.000,350.000,-1,400.000,-1,325.000,325.000,300.000,300.000,-1,-1,-1,-1,450.000,825.000,350.000,-1,1,1,2,0,2,0,0,0,0,2,2,2,2,1,0,1,2
40,2443.768,-5307.190,-28.626,-47.009,0.681789,0.731456,0.011706,-0.731384,0.681887,-0.010381,-0.015576,-0.001484,0.999878,0,0.92619,0.07727,55.571,0.155,275.000,325.000,-1,400.000,-1,325.000,325.000,300.000,300.000,-1,-1,-1,-1,425.000,825.000,300.000,-1,1,1,2,0,2,0,0,0,0,2,2,2,2,1,0,1,2
41,2481.924,-5347.881,-29.479,-46.841,0.683914,0.729459,0.012277,-0.729372,0.684023,-0.011325,-0.016659,-0.001209,0.999860,0,0.92969,0.08376,55.781,0.168,225.000,300.000,-1,400.000,-1,325.000,325.000,300.000,300.000,-1,-1,-1,-1,375.000,825.000,250.000,-1,1,1,2,0,2,1,0,0,0,2,2,2,2,1,0,1,2
42,2520.336,-5388.585,-30.434,-46.660,0.686212,0.727290,0.012775,-0.727187,0.686330,-0.012269,-0.017691,-0.000870,0.999843,0,0.93279,0.09072,55.967,0.181,175.000,275.000,-1,400.000,-1,300.000,325.000,300.000,300.000,-1,-1,-1,-1,350.000,825.000,200.000,-1,1,1,2,0,2,1,0,0,0,2,2,2,2,1,0,1,2
43,2558.996,-5429.271,-28.162,-46.463,0.688873,0.724869,-0.004239,-0.724840,0.688759,-0.014767,-0.007784,0.013246,0.999882,0,0.93541,0.09821,56.125,0.196,175.000,275.000,-1,425.000,-1,300.000,350.000,300.000,275.000,-1,-1,-1,-1,375.000,875.000,175.000,-1,1,1,2,0,2,1,0,1,0,2,2,2,2,1,0,1,2
44,2597.898,-5469.898,-23.915,-46.251,0.691243,0.721904,-0.032200,-0.722567,0.691055,-0.018430,0.008947,0.036006,0.999312,0,0.93749,0.10626,56.249,0.213,150.000,300.000,-1,475.000,-1,300.000,375.000,325.000,275.000,-1,800.000,525.000,-1,400.000,975.000,150.000,-1,1,1,2,0,2,1,1,1,0,2,0,0,2,1,0,1,2
45,2637.032,-5510.424,-19.066,-46.021,0.692878,0.718217,-0.063910,-0.720513,0.693069,-0.022750,0.027954,0.061811,0.997696,0,0.93893,0.11494,56.336,0.230,150.000,325.000,-1,525.000,-1,325.000,400.000,375.000,250.000,-1,425.000,200.000,675.000,475.000,-1,150.000,-1,1,1,2,0,2,1,1,1,0,2,0,0,0,1,2,1,2
46,2676.378,-5550.806,-14.892,-45.772,0.694034,0.713954,-0.092658,-0.718533,0.694962,-0.027151,0.045009,0.085422,0.995328,0,0.93965,0.12429,56.379,0.249,125.000,350.000,-1,575.000,-1,350.000,425.000,375.000,250.000,-1,300.000,100.000,475.000,-1,-1,150.000,-1,1,1,2,0,2,1,1,1,0,2,0,0,0,2,2,1,2
47,2715.906,-5590.999,-12.203,-45.504,0.695523,0.709520,-0.113265,-0.716246,0.697156,-0.031070,0.056918,0.102736,0.993079,0,0.93954,0.13436,56.372,0.269,125.000,375.000,-1,600.000,-1,400.000,475.000,375.000,250.000,-1,275.000,75.000,375.000,-1,-1,175.000,-1,1,1,2,0,2,1,1,1,0,2,0,0,0,2,2,1,2
48,2755.592,-5630.946,-10.128,-45.213,0.697308,0.704830,-0.130292,-0.713676,0.699605,-0.034915,0.066544,0.117333,0.990861,0,0.93847,0.14520,56.308,0.290,125.000,425.000,-1,625.000,-1,450.000,550.000,350.000,225.000,-1,250.000,50.000,325.000,-1,-1,175.000,-1,1,1,2,0,2,1,0,1,0,2,0,0,0,2,2,1,2
49,2795.405,-5670.586,-8.720,-44.899,0.699536,0.699926,-0.144061,-0.710744,0.702387,-0.038679,0.074114,0.129448,0.988813,0,0.93634,0.15686,56.181,0.314,125.000,525.000,-1,650.000,-1,625.000,575.000,325.000,225.000,-1,225.000,50.000,300.000,-1,-1,225.000,-1,1,1,2,0,2,0,0,1,0,2,0,0,0,2,2,1,2
50,2835.306,-5709.852,-7.985,-44.561,0.702329,0.694836,-0.154713,-0.707371,0.705573,-0.042338,0.079743,0.139174,0.987052,0,0.93302,0.16936,55.981,0.339,125.000,-1,-1,650.000,-1,650.000,600.000,275.000,225.000,-1,225.000,25.000,275.000,-1,-1,-1,-1,1,2,2,0,2,0,0,1,0,2,0,0,0,2,2,2,2
51,-8855.090,-327.960,249.831,78.477,0.196736,-0.978850,-0.056107,0.978603,0.199559,-0.050120,0.060256,-0.045046,0.997166,1,0.00000,0.00000,55.703,0.365,600.000,400.000,-1,400.000,-1,325.000,325.000,300.000,300.000,-1,-1,-1,-1,650.000,750.000,675.000,-1,1,1,2,0,2,0,0,0,0,2,2,2,2,1,0,1,2
52,-8854.151,-323.253,250.123,78.717,0.192629,-0.979666,-0.056109,0.979429,0.195455,-0.050159,0.060106,-0.045293,0.997164,0,0.08000,0.12000,4.800,0.240,600.000,375.000,-1,400.000,-1,325.000,325.000,300.000,300.000,-1,-1,-1,-1,625.000,750.000,675.000,-1,1,1,2,0,2,0,0,0,0,2,2,2,2,1,0,1,2
53,-8852.352,-313.823,250.702,79.197,0.184405,-0.981247,-0.056110,0.981029,0.187237,-0.050238,0.059802,-0.045781,0.997160,0,0.16000,0.24000,9.600,0.480,575.000,375.000,-1,400.000,-1,325.000,325.000,300.000,300.000,-1,-1,-1,-1,625.000,750.000,650.000,-1,1,1,2,0,2,0,0,0,0,2,2,2,2,1,0,1,2
54,-8849.806,-299.650,251.561,79.816,0.173784,-0.983184,-0.056103,0.982989,0.176623,-0.050365,0.059427,-0.046396,0.997154,0,0.24000,0.30942,14.400,0.619,575.000,375.000,-1,400.000,-1,325.000,325.000,300.000,300.000,-1,-1,-1,-1,625.000,750.000,650.000,-1,1,1,2,0,2,0,0,0,0,2,2,2,2,1,0,1,2
55,-8846.617,-280.717,252.693,80.437,0.163094,-0.985015,-0.056083,0.984839,0.165942,-0.050543,0.059093,-0.046990,0.997146,0,0.32000,0.31079,19.200,0.622,550.000,375.000,-1,400.000,-1,325.000,325.000,300.000,300.000,-1,-1,-1,-1,625.000,750.000,625.000,-1,1,1,2,0,2,0,0,0,0,2,2,2,2,1,0,1,2
56,-8842.889,-257.009,254.091,81.064,0.152289,-0.986746,-0.056045,0.986585,0.155149,-0.050776,0.058798,-0.047560,0.997136,0,0.40000,0.31351,24.000,0.627,550.000,375.000,-1,400.000,-1,325.000,325.000,300.000,300.000,-1,-1,-1,-1,600.000,750.000,600.000,-1,1,1,2,0,2,0,0,0,0,2,2,2,2,1,0,1,2
57,-8838.732,-228.510,255.750,81.700,0.141324,-0.988379,-0.055982,0.988231,0.144195,-0.051065,0.058544,-0.048107,0.997125,0,0.48000,0.31763,28.800,0.635,525.000,375.000,-1,400.000,-1,325.000,325.000,300.000,300.000,-1,-1,-1,-1,600.000,750.000,575.000,-1,1,1,2,0,2,0,0,0,0,2,2,2,2,1,0,1,2
58,-8834.257,-195.210,257.663,82.346,0.130148,-0.989918,-0.055888,0.989777,0.133032,-0.051411,0.058327,-0.048626,0.997113,0,0.56000,0.32320,33.600,0.646,500.000,375.000,-1,400.000,-1,325.000,325.000,300.000,300.000,-1,-1,-1,-1,575.000,750.000,550.000,-1,1,1,2,0,2,0,0,0,0,2,2,2,2,1,0,1,2
59,-8829.582,-157.096,259.824,83.007,0.118710,-0.991362,-0.055758,0.991225,0.121608,-0.051815,0.058148,-0.049117,0.997099,0,0.64000,0.33027,38.400,0.661,475.000,375.000,-1,400.000,-1,325.000,325.000,300.000,300.000,-1,-1,-1,-1,575.000,750.000,500.000,-1,1,1,2,0,2,0,0,0,0,2,2,2,2,1,0,1,2
60,-8824.830,-114.158,262.225,83.685,0.106955,-0.992709,-0.055583,0.992570,0.109868,-0.052280,0.058006,-0.049579,0.997084,0,0.72000,0.33896,43.200,0.678,425.000,350.000,-1,400.000,-1,325.000,325.000,300.000,300.000,-1,-1,-1,-1,550.000,750.000,475.000,-1,1,1,2,0,2,0,0,0,0,2,2,2,2,1,0,1,2
61,-8820.132,-66.388,264.861,84.383,0.094822,-0.993954,-0.055359,0.993809,0.097750,-0.052806,0.057898,-0.050009,0.997069,0,0.80000,0.34942,48.000,0.699,400.000,350.000,-1,400.000,-1,325.000,325.000,300.000,300.000,-1,-1,-1,-1,550.000,750.000,425.000,-1,1,1,2,0,2,0,0,0,0,2,2,2,2,1,0,1,2
62,-8815.629,-13.781,267.904,85.107,0.082269,-0.995126,-0.054364,0.994911,0.085191,-0.053796,0.058165,-0.049661,0.997071,0,0.88000,0.36180,52.800,0.724,350.000,350.000,-1,400.000,-1,325.000,325.000,300.000,300.000,-1,-1,-1,-1,525.000,775.000,400.000,-1,1,1,2,0,2,0,0,0,0,2,2,2,2,1,0,1,2
63,-8811.467,43.669,272.719,85.860,0.069323,-0.996437,-0.048035,0.995624,0.072130,-0.059416,0.062669,-0.043706,0.997077,0,0.96000,0.37636,57.600,0.753,350.000,350.000,-1,400.000,-1,325.000,325.000,325.000,300.000,-1,950.000,900.000,-1,525.000,800.000,375.000,-1,1,1,2,0,2,0,0,0,0,2,0,0,2,1,0,1,2
64,-8807.955,103.567,277.825,86.646,0.055813,-0.997573,-0.041634,0.996158,0.058456,-0.065213,0.067488,-0.037834,0.997002,0,1.00000,0.39337,60.000,0.787,325.000,350.000,-1,425.000,-1,350.000,350.000,325.000,300.000,-1,750.000,650.000,-1,525.000,825.000,375.000,-1,1,1,2,0,2,0,0,0,0,2,0,0,2,1,0,1,2
65,-8805.305,163.509,282.918,87.471,0.041709,-0.998520,-0.034901,0.996503,0.044106,-0.070971,0.072405,-0.031819,0.996868,0,1.00000,0.41221,60.000,0.824,300.000,350.000,-1,425.000,-1,350.000,350.000,350.000,300.000,-1,625.000,475.000,-1,525.000,850.000,350.000,-1,1,1,2,0,2,0,0,0,0,2,0,0,2,1,0,1,2
66,-8803.560,223.485,288.021,88.335,0.026987,-0.999251,-0.027733,0.996628,0.029046,-0.076745,0.077493,-0.025569,0.996665,0,1.00000,0.43210,60.000,0.864,275.000,350.000,-1,425.000,-1,350.000,350.000,375.000,275.000,-1,525.000,375.000,-1,525.000,875.000,325.000,-1,1,1,2,0,2,1,0,0,0,2,0,0,2,1,0,1,2
67,-8802.765,283.481,293.156,89.241,0.011623,-0.999732,-0.020018,0.996496,0.013239,-0.082585,0.082828,-0.018988,0.996383,0,1.00000,0.45313,60.000,0.906,275.000,350.000,-1,450.000,-1,375.000,375.000,375.000,275.000,-1,475.000,325.000,-1,550.000,925.000,325.000,-1,1,1,2,0,2,1,0,1,0,2,0,0,2,1,0,1,2
68,-8802.966,343.482,298.348,90.192,-0.004399,-0.999923,-0.011632,0.996067,-0.003352,-0.088537,0.088491,-0.011976,0.996005,0,1.00000,0.47541,60.000,0.951,250.000,350.000,-1,475.000,-1,375.000,375.000,350.000,275.000,-1,425.000,250.000,975.000,550.000,950.000,300.000,-1,1,1,2,0,2,1,0,1,0,2,0,0,0,1,0,1,2
69,-8804.214,403.470,303.621,91.190,-0.021097,-0.999774,-0.002442,0.995295,-0.020771,-0.094635,0.094563,-0.004427,0.995509,0,1.00000,0.49905,60.000,0.998,225.000,350.000,-1,475.000,-1,375.000,400.000,325.000,275.000,-1,375.000,200.000,825.000,550.000,1000.000,275.000,-1,1,1,2,0,2,1,0,1,0,2,0,0,0,1,0,1,2
70,-8806.560,463.426,309.001,92.239,-0.038479,-0.999230,0.007697,0.994129,-0.039060,-0.100906,0.101129,0.003769,0.994866,0,1.00000,0.52418,60.000,1.048,225.000,375.000,-1,500.000,-1,375.000,425.000,325.000,275.000,-1,325.000,150.000,725.000,575.000,-1,275.000,-1,1,1,2,0,2,1,0,1,0,2,0,0,0,1,2,1,2
71,-8810.059,523.326,314.515,93.340,-0.056549,-0.998220,0.018942,0.992511,-0.058263,-0.107361,0.108274,0.012729,0.994040,0,1.00000,0.55092,60.000,1.102,200.000,375.000,-1,525.000,-1,375.000,425.000,300.000,275.000,-1,300.000,125.000,625.000,575.000,-1,250.000,-1,1,1,2,0,2,1,0,1,0,2,0,0,0,1,2,1,2
72,-8814.772,583.142,320.189,94.499,-0.075300,-0.996664,0.031460,0.990381,-0.078424,-0.113998,0.116085,0.022574,0.992983,0,1.00000,0.57937,60.000,1.159,200.000,375.000,-1,525.000,-1,400.000,450.000,275.000,250.000,-1,275.000,100.000,525.000,600.000,-1,275.000,-1,1,1,2,0,2,1,0,1,0,2,0,0,0,1,2,1,2
73,-8820.758,642.845,326.090,95.718,-0.094735,-0.994472,0.045281,0.987680,-0.099584,-0.120708,0.124550,0.033287,0.991655,0,1.00000,0.60963,60.000,1.219,175.000,375.000,-1,550.000,-1,400.000,475.000,275.000,250.000,-1,250.000,75.000,450.000,600.000,-1,325.000,-1,1,1,2,0,2,1,0,1,0,2,0,0,0,1,2,1,2
74,-8828.084,702.398,332.743,97.002,-0.114817,-0.991468,0.061712,0.984754,-0.121772,-0.124226,0.130681,0.046507,0.990333,0,1.00000,0.64179,60.000,1.284,225.000,375.000,-1,575.000,-1,400.000,500.000,275.000,250.000,-1,250.000,75.000,400.000,600.000,-1,375.000,-1,1,1,2,0,2,1,0,1,0,2,0,0,0,1,2,1,2
75,-6887.290,-327.964,356.549,78.560,0.197034,-0.979695,-0.037090,0.979602,0.198256,-0.032789,0.039476,-0.029873,0.998774,1,0.00000,0.00000,60.000,1.352,-1,400.000,-1,400.000,-1,325.000,325.000,300.000,300.000,-1,-1,-1,-1,775.000,600.000,-1,700.000,2,0,2,0,2,0,0,0,0,2,2,2,2,0,1,2,1
76,-6886.319,-323.263,356.738,78.320,0.201141,-0.978862,-0.037030,0.978764,0.202359,-0.032726,0.039527,-0.029661,0.998778,0,0.08000,-0.12000,4.800,-0.240,-1,400.000,-1,400.000,-1,325.000,325.000,300.000,300.000,-1,-1,-1,-1,775.000,575.000,-1,700.000,2,0,2,0,2,0,0,0,0,2,2,2,2,0,1,2,1
77,-6884.296,-313.878,357.117,77.840,0.209347,-0.977145,-0.036907,0.977038,0.210555,-0.032600,0.039626,-0.029235,0.998787,0,0.16000,-0.24000,9.600,-0.480,-1,400.000,-1,400.000,-1,325.000,325.000,300.000,300.000,-1,-1,-1,-1,775.000,575.000,-1,700.000,2,0,2,0,2,0,0,0,0,2,2,2,2,0,1,2,1
78,-6881.086,-299.841,357.691,77.120,0.221628,-0.974440,-0.036714,0.974320,0.222822,-0.032412,0.039764,-0.028588,0.998800,0,0.24000,-0.36000,14.400,-0.720,-1,400.000,-1,400.000,-1,325.000,325.000,300.000,300.000,-1,-1,-1,-1,800.000,575.000,-1,675.000,2,0,2,0,2,0,0,0,0,2,2,2,2,0,1,2,1
79,-6876.493,-281.198,358.464,76.160,0.237948,-0.970594,-0.036443,0.970457,0.239122,-0.032163,0.039932,-0.027713,0.998818,0,0.32000,-0.48000,19.200,-0.960,-1,400.000,-1,400.000,-1,325.000,325.000,300.000,300.000,-1,-1,-1,-1,800.000,575.000,-1,675.000,2,0,2,1,2,1,0,0,0,2,2,2,2,0,1,2,1
80,-6870.265,-258.020,359.441,74.960,0.258256,-0.965402,-0.036083,0.965243,0.259404,-0.031856,0.040114,-0.026602,0.998841,0,0.40000,-0.60000,24.000,-1.200,-1,400.000,950.000,400.000,-1,325.000,325.000,300.000,300.000,-1,-1,-1,-1,800.000,550.000,-1,650.000,2,0,1,1,2,1,0,0,0,2,2,2,2,0,1,2,1
81,-6862.199,-230.373,360.625,73.737,0.278833,-0.959679,-0.035619,0.959498,0.279949,-0.031490,0.040192,-0.025395,0.998869,0,0.48000,-0.61119,28.800,-1.222,-1,400.000,900.000,400.000,-1,325.000,325.000,300.000,300.000,-1,-1,-1,-1,800.000,525.000,-1,625.000,2,1,1,1,2,1,1,0,0,2,2,2,2,0,1,2,1
82,-6852.102,-198.326,362.017,72.513,0.299323,-0.953508,-0.035040,0.953307,0.300402,-0.031066,0.040148,-0.024105,0.998903,0,0.56000,-0.61221,33.600,-1.224,-1,375.000,850.000,375.000,-1,300.000,325.000,300.000,300.000,-1,-1,-1,-1,725.000,525.000,-1,600.000,2,1,1,1,2,1,1,0,0,2,2,2,2,1,1,2,1
83,-6839.782,-161.956,363.619,71.286,0.319723,-0.946889,-0.034339,0.946668,0.320757,-0.030582,0.039972,-0.022729,0.998942,0,0.64000,-0.61337,38.400,-1.227,-1,375.000,775.000,375.000,-1,300.000,300.000,300.000,300.000,-1,-1,-1,-1,675.000,500.000,975.000,575.000,2,1,1,1,2,1,1,0,0,2,2,2,2,1,1,1,1
84,-6825.047,-121.347,365.433,70.057,0.340025,-0.939819,-0.033505,0.939580,0.341009,-0.030036,0.039654,-0.021268,0.998987,0,0.72000,-0.61467,43.200,-1.229,1000.000,350.000,725.000,350.000,-1,300.000,300.000,300.000,300.000,-1,-1,-1,-1,600.000,450.000,925.000,550.000,1,1,1,1,2,1,1,0,0,2,2,2,2,1,1,1,1
85,-6807.898,-76.515,367.394,69.068,0.356252,-0.933813,-0.032830,0.933564,0.357194,-0.029507,0.039280,-0.020137,0.999025,0,0.80000,-0.49467,48.000,-0.989,925.000,350.000,650.000,325.000,-1,275.000,275.000,300.000,300.000,-1,-1,-1,-1,550.000,425.000,875.000,500.000,1,1,1,1,2,1,1,0,0,2,2,2,2,1,1,1,1
86,-6788.206,-27.524,369.457,68.102,0.371982,-0.927677,-0.032314,0.927442,0.372880,-0.028490,0.038479,-0.019372,0.999072,0,0.88000,-0.48264,52.800,-0.965,850.000,325.000,600.000,300.000,-1,250.000,250.000,300.000,300.000,-1,-1,-1,-1,500.000,400.000,800.000,450.000,1,1,1,1,2,1,1,0,0,2,2,2,2,1,1,1,1
87,-6765.828,25.551,371.689,67.138,0.387589,-0.921285,-0.031762,0.921071,0.388439,-0.027269,0.037460,-0.018686,0.999123,0,0.96000,-0.48196,57.600,-0.964,775.000,300.000,525.000,275.000,-1,250.000,225.000,300.000,300.000,-1,-1,-1,-1,450.000,350.000,700.000,400.000,1,1,1,1,2,1,1,0,0,2,2,2,2,1,1,1,1
88,-6741.592,80.438,374.615,66.176,0.403093,-0.914686,-0.029421,0.914342,0.403883,-0.029275,0.038660,-0.015100,0.999138,0,1.00000,-0.48122,60.000,-0.962,725.000,275.000,475.000,250.000,-1,225.000,200.000,300.000,300.000,-1,-1,-1,-1,400.000,325.000,625.000,325.000,1,1,1,1,2,1,1,0,0,2,2,2,2,1,1,1,1
89,-6716.439,134.912,378.004,65.215,0.418507,-0.907856,-0.025484,0.907236,0.419194,-0.034642,0.042132,-0.008623,0.999075,0,1.00000,-0.48033,60.000,-0.961,675.000,250.000,400.000,225.000,-1,200.000,200.000,325.000,300.000,-1,-1,-1,-1,350.000,275.000,550.000,275.000,1,1,1,1,2,1,1,0,1,2,2,2,2,1,1,1,1
90,-6690.377,188.959,386.473,64.257,0.432629,-0.900629,-0.041228,0.899517,0.434278,-0.047675,0.060842,-0.016460,0.998012,0,1.00000,-0.47920,60.000,-0.958,625.000,250.000,400.000,200.000,-1,200.000,175.000,325.000,300.000,-1,900.000,725.000,-1,350.000,275.000,525.000,300.000,1,1,1,1,2,1,1,0,1,2,0,0,2,1,1,1,1
91,-6663.417,242.565,396.053,63.301,0.445992,-0.893130,-0.058391,0.891184,0.449173,-0.063526,0.082964,-0.023706,0.996271,0,1.00000,-0.47782,60.000,-0.956,575.000,250.000,375.000,200.000,-1,200.000,175.000,350.000,325.000,-1,225.000,225.000,-1,325.000,250.000,475.000,-1,1,1,1,1,2,1,1,0,1,2,0,0,2,1,1,1,2
92,1639.827,1639.831,174.947,-179.254,-0.998317,0.013023,0.056514,-0.013147,-0.999912,-0.001825,0.056486,-0.002565,0.998400,1,0.00000,0.00000,60.000,-0.952,-1,375.000,525.000,400.000,-1,325.000,325.000,300.000,300.000,-1,500.000,475.000,-1,475.000,475.000,625.000,625.000,2,0,1,1,2,0,0,0,0,2,0,0,2,1,1,1,1
93,1644.626,1639.873,174.674,-179.494,-0.998370,0.008834,0.056386,-0.008956,-0.999958,-0.001896,0.056367,-0.002397,0.998407,0,-0.08000,-0.12000,-4.800,-0.240,-1,375.000,525.000,400.000,-1,325.000,325.000,300.000,300.000,-1,500.000,475.000,-1,475.000,475.000,625.000,625.000,2,0,1,1,2,0,0,0,0,2,0,0,2,1,1,1,1
94,1653.875,1639.877,174.149,-179.974,-0.998423,0.000457,0.056140,-0.000572,-0.999998,-0.002028,0.056138,-0.002056,0.998421,0,-0.15415,-0.24000,-9.249,-0.480,-1,375.000,550.000,400.000,-1,325.000,325.000,300.000,300.000,-1,500.000,475.000,-1,475.000,500.000,625.000,650.000,2,0,1,1,2,0,0,0,0,2,0,0,2,1,1,1,1
95,1663.291,1639.770,173.611,-180.652,-0.998372,-0.011382,0.055893,0.011279,-0.999934,-0.002152,0.055913,-0.001518,0.998434,0,-0.15694,-0.33916,-9.417,-0.678,-1,375.000,550.000,400.000,-1,325.000,325.000,300.000,300.000,-1,500.000,450.000,-1,500.000,500.000,625.000,675.000,2,0,1,0,2,0,0,0,0,2,0,0,2,1,1,1,1
96,1672.878,1639.549,173.063,-181.323,-0.998184,-0.023096,0.055643,0.023005,-0.999733,-0.002273,0.055681,-0.000989,0.998448,0,-0.15981,-0.33563,-9.589,-0.671,-1,375.000,575.000,400.000,-1,325.000,325.000,300.000,300.000,-1,475.000,450.000,-1,500.000,525.000,625.000,725.000,2,0,1,0,2,0,0,0,0,2,0,0,2,1,1,1,1
97,1682.638,1639.210,172.505,-181.988,-0.997862,-0.034688,0.055392,0.034609,-0.999398,-0.002391,0.055441,-0.000468,0.998462,0,-0.16277,-0.33224,-9.766,-0.664,-1,375.000,575.000,400.000,-1,325.000,325.000,300.000,300.000,-1,475.000,450.000,-1,500.000,525.000,625.000,750.000,2,0,1,0,2,0,0,0,0,2,0,0,2,1,1,1,1
98,1692.576,1638.751,171.936,-182.646,-0.997411,-0.046163,0.055138,0.046095,-0.998934,-0.002505,0.055195,0.000043,0.998476,0,-0.16581,-0.32899,-9.949,-0.658,-1,375.000,600.000,400.000,-1,325.000,325.000,300.000,300.000,-1,475.000,450.000,-1,500.000,550.000,625.000,850.000,2,0,1,0,2,0,0,0,0,2,0,0,2,1,1,1,1
99,1702.695,1638.168,171.357,-183.298,-0.996835,-0.057522,0.054882,0.057465,-0.998344,-0.002616,0.054942,0.000546,0.998489,0,-0.16893,-0.32587,-10.136,-0.652,-1,375.000,600.000,400.000,-1,300.000,325.000,300.000,300.000,-1,475.000,450.000,-1,500.000,550.000,625.000,-1,2,0,1,0,2,0,0,0,0,2,0,0,2,1,1,1,2
100,1712.999,1637.457,170.766,-183.943,-0.996136,-0.068771,0.054624,0.068725,-0.997632,-0.002723,0.054682,0.001042,0.998503,0,-0.17213,-0.32289,-10.328,-0.646,-1,375.000,625.000,400.000,-1,300.000,325.000,300.000,300.000,-1,475.000,450.000,-1,525.000,575.000,625.000,-1,2,0,1,0,2,0,0,0,0,2,0,0,2,1,1,1,2
101,1723.490,1636.616,170.163,-184.583,-0.995318,-0.079911,0.054364,0.079876,-0.996801,-0.002827,0.054416,0.001529,0.998517,0,-0.17542,-0.32004,-10.525,-0.640,-1,375.000,625.000,400.000,-1,300.000,325.000,300.000,300.000,-1,475.000,425.000,-1,525.000,575.000,625.000,-1,2,0,1,0,2,0,0,0,0,2,0,0,2,1,1,1,2
102,1734.172,1635.641,169.549,-185.218,-0.994385,-0.090948,0.054102,0.090923,-0.995854,-0.002926,0.054144,0.002009,0.998531,0,-0.17877,-0.31733,-10.726,-0.635,-1,375.000,650.000,400.000,-1,300.000,325.000,300.000,300.000,-1,475.000,425.000,-1,525.000,600.000,625.000,-1,2,0,1,0,2,0,0,0,0,2,0,0,2,1,1,1,2
103,1745.048,1634.527,168.923,-185.848,-0.993338,-0.101883,0.053838,0.101869,-0.994793,-0.003022,0.053866,0.002482,0.998545,0,-0.18221,-0.31475,-10.933,-0.630,-1,375.000,675.000,400.000,-1,300.000,325.000,300.000,300.000,-1,450.000,425.000,-1,525.000,600.000,625.000,-1,2,0,1,0,2,0,0,0,0,2,0,0,2,1,1,1,2
104,1756.120,1633.271,168.284,-186.472,-0.992181,-0.112722,0.053572,0.112717,-0.993622,-0.003114,0.053582,0.002949,0.998559,0,-0.18572,-0.31231,-11.143,-0.625,-1,375.000,675.000,400.000,-1,300.000,325.000,300.000,300.000,-1,450.000,425.000,-1,525.000,625.000,625.000,-1,2,0,1,0,2,0,0,0,0,2,0,0,2,1,1,1,2
105,1767.391,1631.868,167.634,-187.092,-0.990916,-0.123466,0.053305,0.123472,-0.992343,-0.003202,0.053292,0.003409,0.998573,0,-0.18930,-0.30999,-11.358,-0.620,-1,375.000,700.000,400.000,-1,300.000,325.000,300.000,300.000,-1,450.000,400.000,-1,550.000,625.000,625.000,-1,2,0,1,0,2,0,0,0,0,2,0,0,2,1,1,1,2
106,1778.864,1630.315,166.970,-187.708,-0.989545,-0.134121,0.053036,0.134136,-0.990957,-0.003285,0.052997,0.003863,0.998587,0,-0.19296,-0.30781,-11.577,-0.616,-1,375.000,725.000,400.000,-1,300.000,325.000,300.000,300.000,-1,450.000,400.000,-1,550.000,650.000,650.000,-1,2,0,1,0,2,0,0,0,0,2,0,0,2,1,1,1,2
107,1790.541,1628.608,166.293,-188.319,-0.988069,-0.144689,0.052766,0.144714,-0.989468,-0.003364,0.052697,0.004312,0.998601,0,-0.19668,-0.30575,-11.801,-0.611,-1,375.000,725.000,400.000,-1,300.000,325.000,300.000,300.000,-1,450.000,400.000,-1,550.000,650.000,650.000,-1,2,0,1,0,2,0,0,0,0,2,0,0,2,1,1,1,2
108,1802.424,1626.741,165.604,-188.927,-0.986491,-0.155174,0.052494,0.155209,-0.987876,-0.003439,0.052391,0.004755,0.998615,0,-0.20048,-0.30382,-12.029,-0.608,-1,375.000,750.000,400.000,-1,300.000,325.000,300.000,300.000,-1,425.000,375.000,-1,575.000,675.000,650.000,-1,2,0,1,0,2,0,0,0,0,2,0,0,2,1,1,1,2
109,1814.516,1624.711,164.900,-189.531,-0.984813,-0.165580,0.052221,0.165624,-0.986183,-0.003508,0.052080,0.005194,0.998629,0,-0.20434,-0.30202,-12.261,-0.604,850.000,375.000,775.000,400.000,-1,300.000,325.000,300.000,300.000,-1,425.000,375.000,-1,575.000,675.000,650.000,-1,1,0,1,0,2,0,0,0,0,2,0,0,2,1,1,1,2
110,1826.817,1622.513,164.183,-190.132,-0.983035,-0.175909,0.051947,0.175963,-0.984390,-0.003573,0.051765,0.005628,0.998643,0,-0.20828,-0.30035,-12.497,-0.601,825.000,375.000,800.000,400.000,-1,300.000,325.000,300.000,300.000,-1,425.000,375.000,-1,575.000,700.000,675.000,-1,1,0,1,0,2,0,0,0,0,2,0,0,2,1,1,1,2
111,1839.331,1620.141,163.453,-190.729,-0.981159,-0.186166,0.051672,0.186230,-0.982500,-0.003633,0.051444,0.006059,0.998658,0,-0.21227,-0.29880,-12.736,-0.598,825.000,375.000,800.000,400.000,-1,300.000,325.000,300.000,300.000,-1,425.000,375.000,-1,600.000,700.000,675.000,-1,1,0,1,0,2,0,0,0,0,2,0,0,2,1,1,1,2
112,1852.059,1617.593,162.707,-191.324,-0.979185,-0.196355,0.051396,0.196427,-0.980512,-0.003687,0.051119,0.006485,0.998672,0,-0.21634,-0.29738,-12.980,-0.595,825.000,375.000,825.000,400.000,-1,300.000,325.000,300.000,300.000,-1,400.000,350.000,-1,600.000,725.000,675.000,-1,1,0,1,0,2,0,0,0,0,2,0,0,2,1,1,1,2
113,1865.002,1614.861,161.948,-191.916,-0.977115,-0.206477,0.051120,0.206559,-0.978427,-0.003735,0.050789,0.006909,0.998686,0,-0.22047,-0.29608,-13.228,-0.592,825.000,375.000,850.000,400.000,-1,300.000,325.000,300.000,300.000,-1,400.000,350.000,-1,600.000,725.000,675.000,-1,1,0,1,0,2,0,0,0,0,2,0,0,2,1,1,1,2
114,1878.162,1611.942,161.174,-192.506,-0.974949,-0.216538,0.050844,0.216629,-0.976247,-0.003778,0.050454,0.007331,0.998699,0,-0.22466,-0.29491,-13.480,-0.590,825.000,375.000,875.000,400.000,-1,300.000,325.000,300.000,300.000,-1,400.000,325.000,-1,625.000,750.000,700.000,-1,1,0,1,0,2,0,0,0,0,2,0,0,2,1,1,1,2
115,1891.540,1608.830,160.384,-193.094,-0.972688,-0.226539,0.050567,0.226640,-0.973971,-0.003815,0.050116,0.007750,0.998713,0,-0.22892,-0.29386,-13.735,-0.588,825.000,375.000,900.000,400.000,-1,300.000,325.000,300.000,300.000,-1,375.000,325.000,-1,625.000,750.000,700.000,-1,1,0,1,0,2,0,0,0,0,2,0,0,2,1,1,1,2
116,1905.137,1605.521,159.613,-193.680,-0.970329,-0.236486,0.050358,0.236589,-0.971602,-0.003989,0.049871,0.008043,0.998723,0,-0.23324,-0.29294,-13.994,-0.586,825.000,375.000,925.000,400.000,-1,300.000,325.000,300.000,300.000,-1,375.000,325.000,-1,625.000,750.000,725.000,-1,1,0,1,0,2,0,0,0,0,2,0,0,2,1,0,1,2
117,1918.955,1602.008,158.869,-194.264,-0.967871,-0.246381,0.050229,0.246478,-0.969139,-0.004343,0.049749,0.008177,0.998728,0,-0.23762,-0.29213,-14.257,-0.584,825.000,375.000,950.000,400.000,-1,300.000,325.000,300.000,300.000,-1,375.000,300.000,-1,650.000,750.000,725.000,-1,1,0,1,0,2,0,0,0,0,2,0,0,2,1,0,1,2
118,1928.106,1599.623,158.420,-194.608,-0.966384,-0.252200,0.049969,0.252285,-0.967642,-0.004703,0.049538,0.008062,0.998740,0,-0.15762,-0.17213,-9.457,-0.344,825.000,375.000,975.000,400.000,-1,300.000,325.000,300.000,300.000,-1,350.000,300.000,-1,650.000,750.000,725.000,-1,1,0,1,0,2,0,0,0,0,2,0,0,2,1,0,1,2
119,1932.611,1598.440,158.233,-194.712,-0.965937,-0.253961,0.049704,0.254032,-0.967183,-0.004978,0.049337,0.007818,0.998752,0,-0.07762,-0.05213,-4.657,-0.104,825.000,375.000,1000.000,400.000,-1,300.000,325.000,300.000,300.000,-1,350.000,300.000,-1,650.000,750.000,725.000,-1,1,0,1,0,2,0,0,0,0,2,0,0,2,1,0,1,2
120,1932.473,1598.476,158.234,-194.577,-0.966536,-0.251669,0.049717,0.251738,-0.967783,-0.004961,0.049364,0.007721,0.998751,0,0.00238,0.06787,0.143,0.136,825.000,375.000,975.000,400.000,-1,300.000,325.000,300.000,300.000,-1,350.000,300.000,-1,650.000,750.000,725.000,-1,1,0,1,0,2,0,0,0,0,2,0,0,2,1,0,1,2
121,1927.681,1599.689,158.423,-194.201,-0.968152,-0.245317,0.050008,0.245396,-0.969412,-0.004649,0.049619,0.007771,0.998738,0,0.08238,0.18787,4.943,0.376,825.000,375.000,975.000,400.000,-1,300.000,325.000,300.000,300.000,-1,350.000,300.000,-1,650.000,750.000,725.000,-1,1,0,1,0,2,0,0,0,0,2,0,0,2,1,0,1,2
122,1918.210,1601.977,158.906,-193.585,-0.970727,-0.234885,0.050178,0.234968,-0.971994,-0.004337,0.049792,0.007581,0.998731,0,0.16238,0.30787,9.743,0.616,850.000,375.000,950.000,400.000,-1,300.000,325.000,300.000,300.000,-1,350.000,300.000,-1,650.000,750.000,725.000,-1,1,0,1,0,2,0,0,0,0,2,0,0,2,1,0,1,2
123,1904.025,1605.182,159.666,-192.730,-0.974125,-0.220343,0.050290,0.220425,-0.975396,-0.003975,0.049928,0.007213,0.998727,0,0.24238,0.42787,14.543,0.856,850.000,375.000,900.000,400.000,-1,300.000,325.000,300.000,300.000,-1,375.000,325.000,-1,625.000,750.000,725.000,-1,1,0,1,0,2,0,0,0,0,2,0,0,2,1,1,1,2
124,1885.080,1609.082,160.782,-191.634,-0.978146,-0.201651,0.050668,0.201714,-0.979437,-0.003930,0.050419,0.006376,0.998708,0,0.32238,0.54787,19.343,1.096,875.000,375.000,875.000,400.000,-1,300.000,325.000,300.000,300.000,-1,375.000,325.000,-1,625.000,750.000,700.000,-1,1,0,1,0,2,0,0,0,0,2,0,0,2,1,1,1,2
125,1861.326,1613.399,162.180,-190.298,-0.982560,-0.178766,0.051177,0.178804,-0.983877,-0.003869,0.051044,0.005349,0.998682,0,0.40238,0.66787,24.143,1.336,-1,375.000,825.000,400.000,-1,300.000,325.000,300.000,300.000,-1,400.000,350.000,-1,600.000,725.000,700.000,-1,2,0,1,0,2,0,0,0,0,2,0,0,2,1,1,1,2
126,1832.718,1617.788,163.852,-188.722,-0.987076,-0.151645,0.051818,0.151655,-0.988426,-0.003750,0.051787,0.004157,0.998650,0,0.48238,0.78787,28.943,1.576,-1,375.000,775.000,400.000,-1,300.000,325.000,300.000,300.000,-1,400.000,375.000,-1,600.000,700.000,675.000,-1,2,0,1,0,2,0,0,0,0,2,0,0,2,1,1,1,2
127,1799.219,1621.846,165.797,-186.907,-0.991349,-0.120250,0.052602,0.120231,-0.992740,-0.003551,0.052647,0.002804,0.998609,0,0.56238,0.90787,33.743,1.816,-1,375.000,725.000,400.000,-1,300.000,325.000,300.000,300.000,-1,425.000,375.000,-1,575.000,650.000,675.000,-1,2,0,1,0,2,0,0,0,0,2,0,0,2,1,1,1,2
128,1760.818,1625.142,168.012,-184.907,-0.994896,-0.085531,0.053541,0.085480,-0.996335,-0.003244,0.053622,0.001349,0.998560,0,0.64238,1.00000,38.543,2.000,-1,375.000,675.000,400.000,-1,300.000,325.000,300.000,300.000,-1,450.000,400.000,-1,550.000,600.000,650.000,-1,2,0,1,0,2,0,0,0,0,2,0,0,2,1,1,1,2
129,1717.531,1627.340,170.492,-182.907,-0.997218,-0.050708,0.054643,0.050631,-0.998714,-0.002795,0.054715,-0.000021,0.998502,0,0.72238,1.00000,43.343,2.000,-1,375.000,600.000,400.000,-1,300.000,325.000,300.000,300.000,-1,475.000,425.000,-1,525.000,550.000,650.000,875.000,2,0,1,0,2,0,0,0,0,2,0,0,2,1,1,1,1
130,1669.394,1628.102,173.237,-180.907,-0.998310,-0.015822,0.055910,0.015724,-0.999874,-0.002191,0.055937,-0.001308,0.998433,0,0.80238,1.00000,48.143,2.000,-1,375.000,550.000,400.000,-1,325.000,325.000,300.000,300.000,-1,475.000,450.000,-1,500.000,500.000,625.000,675.000,2,0,1,0,2,0,0,0,0,2,0,0,2,1,1,1,1
131,1616.460,1627.092,176.245,-178.907,-0.998172,0.019083,0.057340,-0.019195,-0.999815,-0.001419,0.057302,-0.002517,0.998354,0,0.88238,1.00000,52.943,2.000,-1,375.000,500.000,375.000,-1,325.000,325.000,300.000,300.000,-1,500.000,475.000,-1,475.000,450.000,625.000,575.000,2,1,1,1,2,0,0,0,0,2,0,0,2,1,1,1,1
