timestep,x_cm,y_cm,z_cm,yaw_deg,basis_xx,basis_xy,basis_xz,basis_yx,basis_yy,basis_yz,basis_zx,basis_zy,basis_zz,teleport_flag,throttle_cmd,steering_cmd,cmd_move_cm,cmd_turn_deg,lidar_cm_0,lidar_cm_1,lidar_cm_2,lidar_cm_3,lidar_cm_4,lidar_cm_5,lidar_cm_6,lidar_cm_7,lidar_cm_8,lidar_cm_9,lidar_cm_10,lidar_cm_11,lidar_cm_12,lidar_cm_13,lidar_cm_14,lidar_cm_15,lidar_cm_16,lidar_class_0,lidar_class_1,lidar_class_2,lidar_class_3,lidar_class_4,lidar_class_5,lidar_class_6,lidar_class_7,lidar_class_8,lidar_class_9,lidar_class_10,lidar_class_11,lidar_class_12,lidar_class_13,lidar_class_14,lidar_class_15,lidar_class_16
0,981.038,8858.946,-51.718,126.529,-0.595314,-0.803309,0.017204,0.801069,-0.595044,-0.064897,0.062370,-0.024852,0.997744,1,0.08000,0.12000,4.800,0.240,-1,375.000,-1,400.000,-1,325.000,325.000,325.000,325.000,-1,-1,-1,-1,725.000,925.000,-1,-1,2,0,2,0,2,0,0,0,0,2,2,2,2,0,0,2,2
1,975.260,8866.612,-51.078,127.009,-0.602029,-0.798287,0.017292,0.796051,-0.601746,-0.064840,0.062166,-0.025270,0.997746,0,0.16000,0.24000,9.600,0.480,-1,375.000,-1,400.000,-1,325.000,325.000,325.000,325.000,-1,-1,-1,-1,725.000,925.000,-1,-1,2,0,2,0,2,0,0,0,0,2,2,2,2,0,0,2,2
2,966.448,8878.001,-50.115,127.729,-0.612021,-0.790650,0.017414,0.788418,-0.611720,-0.064779,0.061870,-0.025917,0.997748,0,0.24000,0.36000,14.400,0.720,-1,375.000,-1,400.000,-1,300.000,325.000,325.000,325.000,-1,-1,-1,-1,725.000,925.000,-1,-1,2,0,2,0,2,0,0,0,0,2,2,2,2,0,0,2,2
3,954.479,8893.014,-48.837,128.561,-0.623453,-0.781664,0.017574,0.779437,-0.623131,-0.064703,0.061527,-0.026641,0.997750,0,0.32000,0.41624,19.200,0.832,-1,375.000,-1,400.000,-1,300.000,325.000,325.000,325.000,-1,-1,-1,-1,725.000,925.000,-1,-1,2,0,2,0,2,0,0,0,0,2,2,2,2,0,0,2,2
4,939.249,8911.562,-47.246,129.390,-0.634694,-0.772559,0.017773,0.770337,-0.634355,-0.064608,0.061188,-0.027315,0.997752,0,0.40000,0.41418,24.000,0.828,-1,375.000,-1,400.000,-1,300.000,325.000,325.000,325.000,-1,-1,-1,-1,725.000,925.000,-1,-1,2,0,2,0,2,0,0,0,0,2,2,2,2,0,0,2,2
5,920.655,8933.555,-45.339,130.213,-0.645733,-0.763351,0.018007,0.761134,-0.645379,-0.064500,0.060858,-0.027944,0.997755,0,0.48000,0.41166,28.800,0.823,-1,375.000,-1,400.000,-1,300.000,325.000,325.000,325.000,-1,-1,-1,-1,750.000,950.000,-1,-1,2,0,2,0,2,0,0,0,0,2,2,2,2,0,0,2,2
6,898.598,8958.901,-43.265,131.030,-0.656521,-0.754068,0.019022,0.751836,-0.656202,-0.064354,0.061009,-0.027948,0.997746,0,0.56000,0.40864,33.600,0.817,-1,375.000,-1,400.000,-1,300.000,325.000,325.000,325.000,-1,-1,875.000,-1,750.000,950.000,-1,-1,2,0,2,0,2,0,0,0,0,2,2,0,2,0,0,2,2
7,872.982,8987.510,-40.934,131.841,-0.667064,-0.744720,0.020428,0.742465,-0.666805,-0.064164,0.061405,-0.027634,0.997730,0,0.64000,0.40509,38.400,0.810,-1,375.000,-1,400.000,-1,300.000,325.000,325.000,325.000,-1,-1,775.000,-1,750.000,950.000,-1,-1,2,0,2,0,2,0,0,0,0,2,2,0,2,0,0,2,2
8,843.718,9019.287,-38.281,132.642,-0.677360,-0.735323,0.021975,0.733043,-0.677170,-0.063939,0.061896,-0.027201,0.997712,0,0.72000,0.40097,43.200,0.802,-1,375.000,-1,425.000,-1,300.000,325.000,325.000,325.000,-1,-1,750.000,-1,775.000,950.000,-1,-1,2,0,2,0,2,0,0,0,0,2,2,0,2,0,1,2,2
9,813.859,9050.824,-35.580,133.435,-0.687404,-0.725895,0.023509,0.723590,-0.687284,-0.063709,0.062404,-0.026783,0.997692,0,0.72383,0.39625,43.430,0.793,-1,375.000,-1,425.000,-1,300.000,325.000,325.000,325.000,-1,-1,750.000,-1,800.000,950.000,-1,-1,2,0,2,0,2,0,0,0,0,2,2,0,2,0,1,2,2
10,783.518,9082.005,-32.839,134.218,-0.697193,-0.716446,0.025026,0.714116,-0.697143,-0.063476,0.062924,-0.026383,0.997670,0,0.72510,0.39135,43.506,0.783,-1,400.000,-1,425.000,-1,300.000,325.000,325.000,325.000,-1,1000.000,725.000,-1,825.000,925.000,-1,-1,2,0,2,0,2,0,0,0,0,2,0,0,2,0,1,2,2
11,749.504,9116.305,-29.876,134.760,-0.703862,-0.709833,0.026734,0.707514,-0.703920,-0.062620,0.063268,-0.025162,0.997679,0,0.80510,0.27135,48.306,0.543,-1,400.000,-1,425.000,-1,325.000,325.000,325.000,325.000,-1,850.000,725.000,-1,875.000,925.000,-1,-1,2,0,2,0,2,0,0,0,0,2,0,0,2,0,1,2,2
12,711.912,9153.815,-27.210,135.063,-0.707535,-0.706142,0.027528,0.703975,-0.707697,-0.059868,0.061757,-0.022980,0.997827,0,0.88510,0.15135,53.106,0.303,-1,400.000,-1,425.000,975.000,325.000,325.000,325.000,325.000,-1,950.000,800.000,-1,875.000,900.000,-1,-1,2,0,2,0,1,0,0,0,0,2,0,0,2,0,1,2,2
13,671.389,9194.133,-24.313,135.146,-0.708482,-0.705162,0.028280,0.703168,-0.708755,-0.056758,0.060067,-0.020326,0.997987,0,0.95273,0.04129,57.164,0.083,-1,400.000,-1,425.000,925.000,325.000,325.000,325.000,325.000,-1,-1,925.000,-1,925.000,875.000,-1,-1,2,0,2,0,1,0,0,0,0,2,2,0,2,0,1,2,2
14,630.783,9234.434,-21.372,135.216,-0.709282,-0.704330,0.028974,0.702515,-0.709655,-0.053510,0.058250,-0.017599,0.998147,0,0.95351,0.03509,57.211,0.070,-1,400.000,-1,425.000,875.000,325.000,325.000,325.000,325.000,-1,-1,-1,-1,950.000,850.000,-1,-1,2,0,2,0,1,0,0,0,0,2,2,2,2,0,1,2,2
15,589.097,9275.638,-18.341,135.333,-0.710670,-0.702903,0.029596,0.701268,-0.711130,-0.050179,0.056318,-0.014906,0.998302,0,0.97690,0.05878,58.614,0.118,-1,400.000,-1,425.000,800.000,325.000,325.000,325.000,325.000,-1,-1,-1,-1,1000.000,825.000,-1,-1,2,0,2,0,1,0,0,0,0,2,2,2,2,0,1,2,2
16,547.159,9316.937,-15.376,135.439,-0.711969,-0.701597,0.029346,0.700079,-0.712442,-0.048129,0.054675,-0.013722,0.998410,0,0.98098,0.05303,58.859,0.106,-1,400.000,-1,425.000,750.000,325.000,350.000,325.000,325.000,-1,-1,-1,-1,-1,825.000,-1,-1,2,0,2,0,1,0,0,0,0,2,2,2,2,2,1,2,2
17,504.994,9358.325,-12.335,135.533,-0.713125,-0.700440,0.028919,0.699043,-0.713601,-0.045961,0.052830,-0.012560,0.998525,0,0.98473,0.04693,59.084,0.094,-1,425.000,-1,450.000,725.000,350.000,350.000,325.000,325.000,-1,-1,-1,-1,-1,800.000,-1,-1,2,0,2,0,1,0,0,0,0,2,2,2,2,2,1,2,2
18,462.626,9399.794,-9.236,135.614,-0.714125,-0.699442,0.028405,0.698170,-0.714600,-0.043661,0.050837,-0.011348,0.998642,0,0.98809,0.04045,59.285,0.081,-1,425.000,-1,450.000,675.000,350.000,350.000,325.000,325.000,-1,-1,-1,-1,-1,800.000,-1,-1,2,0,2,0,1,0,0,0,0,2,2,2,2,2,1,2,2
19,420.084,9441.336,-6.082,135.681,-0.714959,-0.698613,0.027807,0.697468,-0.715429,-0.041229,0.048697,-0.010083,0.998763,0,0.99103,0.03358,59.462,0.067,-1,425.000,-1,450.000,650.000,350.000,350.000,325.000,325.000,-1,-1,-1,-1,-1,825.000,-1,-1,2,0,2,0,1,0,0,0,0,2,2,2,2,2,1,2,2
20,377.397,9482.943,-3.076,135.734,-0.715634,-0.697965,0.026703,0.696974,-0.716079,-0.038187,0.045775,-0.008717,0.998914,0,0.99349,0.02629,59.609,0.053,-1,425.000,-1,450.000,625.000,350.000,350.000,325.000,325.000,-1,-1,-1,-1,-1,875.000,-1,-1,2,0,2,0,1,0,0,0,0,2,2,2,2,2,1,2,2
21,334.601,9524.602,-0.912,135.771,-0.716233,-0.697500,0.022460,0.696723,-0.716531,-0.034068,0.039855,-0.008752,0.999167,0,0.99542,0.01858,59.725,0.037,-1,425.000,-1,450.000,600.000,350.000,350.000,325.000,325.000,-1,-1,-1,-1,-1,-1,-1,-1,2,0,2,1,1,0,0,0,0,2,2,2,2,2,2,2,2
22,291.731,9566.303,1.179,135.792,-0.716595,-0.697241,0.018589,0.696657,-0.716788,-0.029749,0.034067,-0.008368,0.999385,0,0.99678,0.01043,59.807,0.021,-1,425.000,-1,425.000,550.000,350.000,350.000,325.000,325.000,-1,-1,-1,-1,-1,-1,-1,-1,2,0,2,1,1,0,0,0,0,2,2,2,2,2,2,2,2
23,248.828,9608.031,2.542,135.796,-0.716677,-0.697202,0.016818,0.696742,-0.716839,-0.026309,0.030398,-0.007137,0.999512,0,0.99749,0.00183,59.849,0.004,-1,425.000,-1,400.000,525.000,350.000,350.000,325.000,325.000,-1,-1,-1,-1,-1,-1,-1,-1,2,0,2,1,1,0,0,0,0,2,2,2,2,2,2,2,2
24,205.934,9649.770,3.861,135.781,-0.716536,-0.697389,0.015021,0.697036,-0.716668,-0.022979,0.026790,-0.005995,0.999623,0,0.99751,-0.00723,59.850,-0.014,-1,425.000,-1,400.000,500.000,325.000,350.000,325.000,325.000,-1,-1,-1,-1,-1,-1,-1,-1,2,0,2,1,1,0,0,0,0,2,2,2,2,2,2,2,2
25,163.097,9691.504,5.167,135.748,-0.716159,-0.697812,0.013219,0.697554,-0.716265,-0.019595,0.023142,-0.004811,0.999721,0,0.99677,-0.01675,59.806,-0.034,-1,425.000,-1,400.000,500.000,325.000,325.000,325.000,325.000,-1,-1,-1,-1,-1,-1,-1,-1,2,0,2,1,1,0,1,0,0,2,2,2,2,2,2,2,2
26,120.364,9733.214,6.458,135.694,-0.715535,-0.698484,0.011419,0.698306,-0.715617,-0.016157,0.019457,-0.003587,0.999804,0,0.99523,-0.02672,59.714,-0.053,-1,425.000,-1,400.000,500.000,325.000,325.000,300.000,300.000,-1,-1,-1,-1,-1,975.000,-1,-1,2,0,2,1,1,0,1,0,0,2,2,2,2,2,1,2,2
27,77.788,9774.878,8.068,135.620,-0.714671,-0.699407,0.008665,0.699262,-0.714708,-0.015009,0.016690,-0.004667,0.999850,0,0.99284,-0.03712,59.571,-0.074,-1,425.000,-1,425.000,775.000,350.000,350.000,300.000,300.000,-1,-1,-1,-1,-1,950.000,-1,-1,2,0,2,1,1,0,0,0,1,2,2,2,2,2,1,2,2
28,35.422,9816.476,10.490,135.524,-0.713573,-0.700569,0.004103,0.700392,-0.713504,-0.019060,0.016280,-0.010727,0.999810,0,0.98957,-0.04792,59.374,-0.096,-1,450.000,-1,475.000,775.000,350.000,375.000,300.000,275.000,-1,-1,-1,-1,-1,925.000,-1,-1,2,0,2,0,1,0,0,0,1,2,2,2,2,2,1,2,2
29,-3.295,9854.939,12.237,135.188,-0.709500,-0.704706,0.000049,0.704557,-0.709352,-0.020473,0.014462,-0.014491,0.999790,0,0.90957,-0.16792,54.574,-0.336,-1,450.000,-1,500.000,775.000,375.000,375.000,275.000,275.000,-1,-1,-1,-1,-1,900.000,-1,-1,2,0,2,0,1,0,0,0,1,2,2,2,2,2,1,2,2
30,-38.252,9890.371,13.478,134.612,-0.702397,-0.711777,-0.003550,0.711689,-0.702211,-0.019974,0.011724,-0.016556,0.999794,0,0.82957,-0.28792,49.774,-0.576,-1,450.000,-1,500.000,750.000,375.000,375.000,300.000,250.000,-1,-1,-1,-1,-1,875.000,-1,-1,2,0,2,0,1,0,0,0,1,2,2,2,2,2,1,2,2
31,-69.379,9922.833,14.363,133.797,-0.692182,-0.721692,-0.006716,0.721673,-0.691994,-0.018221,0.008503,-0.017459,0.999811,0,0.74957,-0.40792,44.974,-0.816,-1,475.000,-1,500.000,700.000,375.000,375.000,300.000,250.000,-1,-1,-1,-1,-1,850.000,-1,-1,2,0,2,0,1,0,0,0,1,2,2,2,2,2,1,2,2
32,-96.644,9952.338,14.373,132.741,-0.678761,-0.734309,-0.008570,0.734324,-0.678567,-0.017753,0.007221,-0.018344,0.999806,0,0.66957,-0.52792,40.174,-1.056,-1,475.000,-1,500.000,675.000,375.000,400.000,300.000,225.000,-1,-1,-1,-1,-1,825.000,-1,925.000,2,0,2,0,1,0,0,0,1,2,2,2,2,2,1,2,1
33,-122.692,9981.837,14.178,131.445,-0.661974,-0.749455,-0.010393,0.749502,-0.661777,-0.017264,0.006061,-0.019218,0.999797,0,0.65588,-0.64792,39.353,-1.296,-1,475.000,-1,525.000,625.000,375.000,400.000,300.000,225.000,-1,-1,-1,-1,-1,775.000,-1,850.000,2,0,2,0,1,0,0,0,1,2,2,2,2,2,1,2,1
34,-147.875,10011.945,13.925,129.909,-0.641636,-0.766913,-0.012172,0.766995,-0.641444,-0.016392,0.004764,-0.019854,0.999792,0,0.65420,-0.76792,39.252,-1.536,-1,475.000,-1,525.000,600.000,400.000,400.000,300.000,225.000,-1,-1,-1,-1,-1,750.000,-1,775.000,2,0,2,0,1,0,0,0,1,2,2,2,2,2,1,2,1
35,-172.068,10042.762,13.659,128.133,-0.617543,-0.786414,-0.013909,0.786529,-0.617363,-0.015325,0.003465,-0.020403,0.999786,0,0.65298,-0.88792,39.179,-1.776,-1,500.000,-1,525.000,550.000,400.000,400.000,300.000,200.000,-1,-1,-1,-1,-1,700.000,-1,725.000,2,0,2,0,1,0,0,0,1,2,2,2,2,2,1,2,1
36,-195.214,10074.320,13.267,126.257,-0.591442,-0.806187,-0.016070,0.806346,-0.591278,-0.014023,0.001803,-0.021252,0.999773,0,0.65226,-0.93796,39.136,-1.876,-1,500.000,-1,500.000,500.000,400.000,400.000,300.000,200.000,-1,-1,-1,-1,-1,650.000,-1,650.000,2,0,2,1,1,0,0,0,1,2,2,2,2,2,1,2,1
37,-217.292,10106.591,12.461,124.377,-0.564614,-0.825112,-0.020027,0.825355,-0.564481,-0.012305,-0.001151,-0.023477,0.999724,0,0.65168,-0.94011,39.101,-1.880,-1,500.000,-1,475.000,450.000,400.000,400.000,300.000,200.000,-1,-1,-1,-1,-1,625.000,-1,600.000,2,0,2,1,1,0,0,0,1,2,2,2,2,2,1,2,1
38,-238.274,10139.535,11.632,122.493,-0.537097,-0.843184,-0.023818,0.843510,-0.537014,-0.010276,-0.004126,-0.025610,0.999663,0,0.65097,-0.94222,39.058,-1.884,-1,500.000,-1,450.000,425.000,400.000,400.000,300.000,200.000,-1,-1,-1,-1,-1,575.000,-1,550.000,2,0,2,1,1,0,0,0,1,2,2,2,2,2,1,2,1
39,-258.134,10173.108,10.798,120.604,-0.508921,-0.860376,-0.027450,0.860784,-0.508906,-0.008026,-0.007064,-0.027713,0.999591,0,0.65011,-0.94428,39.007,-1.889,-1,475.000,-1,425.000,375.000,400.000,400.000,300.000,175.000,-1,-1,-1,-1,-1,550.000,-1,475.000,2,0,2,1,1,0,0,0,1,2,2,2,2,2,1,2,1
40,-276.845,10207.266,9.681,118.711,-0.480136,-0.876627,-0.031528,0.877149,-0.480167,-0.007058,-0.008951,-0.031043,0.999478,0,0.64912,-0.94629,38.947,-1.893,-1,475.000,-1,400.000,350.000,400.000,400.000,300.000,175.000,-1,-1,-1,-1,-1,500.000,-1,425.000,2,0,2,1,1,0,1,0,1,2,2,2,2,2,1,2,1
41,-296.747,10246.224,8.235,117.059,-0.454521,-0.890037,-0.035265,0.890658,-0.454649,-0.004769,-0.011789,-0.033577,0.999367,0,0.72912,-0.82629,43.747,-1.653,-1,475.000,-1,375.000,300.000,400.000,375.000,275.000,175.000,-1,-1,-1,-1,-1,475.000,-1,375.000,2,0,2,1,1,1,1,0,1,2,2,2,2,2,1,2,1
42,-317.760,10289.989,6.393,115.646,-0.432261,-0.900929,-0.038433,0.901610,-0.432548,-0.000931,-0.015785,-0.035054,0.999261,0,0.80912,-0.70629,48.547,-1.413,-1,450.000,-1,350.000,250.000,375.000,325.000,275.000,150.000,-1,-1,-1,-1,-1,425.000,-1,325.000,2,1,2,1,1,1,1,0,1,2,2,2,2,2,1,2,1
43,-339.070,10336.803,4.178,114.474,-0.413513,-0.909584,-0.040785,0.910258,-0.414017,0.004414,-0.020900,-0.035299,0.999158,0,0.85726,-0.58629,51.435,-1.173,-1,425.000,-1,300.000,225.000,350.000,300.000,275.000,150.000,-1,-1,-1,-1,975.000,375.000,-1,275.000,2,1,2,1,1,1,1,0,1,2,2,2,2,0,1,2,1
44,-359.457,10383.593,2.613,113.541,-0.398218,-0.916125,-0.046235,0.916818,-0.399125,0.011997,-0.029445,-0.037611,0.998859,0,0.85063,-0.46629,51.038,-0.933,-1,400.000,-1,275.000,175.000,300.000,275.000,275.000,150.000,-1,-1,-1,-1,925.000,325.000,-1,225.000,2,1,2,1,1,1,1,0,1,2,2,2,2,0,1,2,1
45,-379.097,10430.197,1.691,112.849,-0.386434,-0.920722,-0.054226,0.921448,-0.387954,0.020638,-0.040039,-0.041991,0.998315,0,0.84287,-0.34629,50.572,-0.693,-1,375.000,-1,250.000,150.000,275.000,225.000,275.000,150.000,-1,-1,-1,-1,850.000,300.000,-1,175.000,2,1,2,1,1,1,1,0,1,2,2,2,2,0,1,2,1
46,-398.180,10476.457,6.342,112.396,-0.378782,-0.922504,-0.074228,0.924911,-0.380153,0.004754,-0.032604,-0.066853,0.997230,0,0.83404,-0.22629,50.042,-0.453,-1,375.000,-1,225.000,150.000,275.000,225.000,275.000,175.000,-1,-1,-1,-1,875.000,300.000,-1,175.000,2,1,2,1,1,1,1,0,1,2,2,2,2,0,1,2,1
47,-416.875,10522.242,10.850,112.183,-0.375413,-0.922148,-0.093318,0.926541,-0.376010,-0.011769,-0.024236,-0.090881,0.995567,0,0.82425,-0.10629,49.455,-0.213,-1,375.000,-1,225.000,150.000,275.000,225.000,250.000,200.000,-1,-1,-1,-1,925.000,300.000,-1,150.000,2,1,2,1,1,1,1,0,1,2,2,2,2,0,1,2,1
48,-435.323,10567.442,15.350,112.167,-0.375732,-0.919962,-0.111782,0.926617,-0.374817,-0.029903,-0.014388,-0.114814,0.993283,0,0.81366,-0.00806,48.820,-0.016,-1,425.000,-1,225.000,150.000,300.000,225.000,250.000,225.000,-1,-1,-1,-1,975.000,300.000,-1,150.000,2,1,2,1,1,1,1,0,1,2,2,2,2,0,1,2,1
49,-452.120,10608.130,19.390,112.386,-0.380575,-0.915626,-0.129582,0.924748,-0.377139,-0.051069,-0.002110,-0.139266,0.990253,0,0.73366,0.10954,44.020,0.219,-1,475.000,-1,250.000,150.000,300.000,250.000,225.000,250.000,625.000,-1,-1,-1,-1,325.000,-1,150.000,2,1,2,1,1,1,1,0,1,0,2,2,2,2,1,2,1
50,-467.222,10644.325,23.042,112.607,-0.385876,-0.911733,-0.140862,0.922495,-0.379645,-0.069810,0.010171,-0.156883,0.987565,0,0.65366,0.11021,39.220,0.220,-1,575.000,-1,250.000,150.000,325.000,250.000,225.000,250.000,475.000,425.000,-1,-1,-1,350.000,-1,150.000,2,0,2,1,1,1,1,0,1,0,0,2,2,2,1,2,1
51,2295.762,-983.896,-381.221,21.724,0.928827,-0.370054,0.018461,0.370337,0.928771,-0.015351,-0.011466,0.021095,0.999712,1,0.00000,0.00000,38.029,0.222,525.000,375.000,-1,400.000,-1,325.000,325.000,325.000,325.000,-1,-1,-1,-1,700.000,750.000,675.000,-1,1,0,2,0,2,0,0,0,0,2,2,2,2,0,0,1,2
52,2300.214,-982.101,-381.265,21.964,0.927268,-0.373940,0.018501,0.374224,0.927210,-0.015408,-0.011392,0.021211,0.999710,0,0.08000,0.12000,4.800,0.240,525.000,375.000,-1,400.000,-1,325.000,325.000,325.000,325.000,-1,-1,-1,-1,700.000,750.000,650.000,-1,1,0,2,0,2,0,0,0,0,2,2,2,2,0,0,1,2
53,2309.086,-978.436,-381.352,22.444,0.924103,-0.381693,0.018575,0.381979,0.924041,-0.015519,-0.011240,0.021436,0.999707,0,0.16000,0.24000,9.600,0.480,525.000,375.000,-1,400.000,-1,325.000,325.000,325.000,325.000,-1,-1,-1,-1,700.000,750.000,650.000,-1,1,0,2,0,2,0,0,0,0,2,2,2,2,1,0,1,2
54,2322.325,-972.771,-381.474,23.164,0.919233,-0.393272,0.018675,0.393561,0.919165,-0.015677,-0.011000,0.021761,0.999703,0,0.24000,0.36000,14.400,0.720,500.000,375.000,-1,400.000,-1,325.000,325.000,325.000,325.000,-1,-1,-1,-1,675.000,725.000,625.000,-1,1,0,2,0,2,0,0,0,0,2,2,2,2,1,0,1,2
55,2339.867,-964.964,-381.630,23.991,0.913459,-0.406497,0.018785,0.406790,0.913384,-0.015881,-0.010702,0.022148,0.999697,0,0.32000,0.41361,19.200,0.827,475.000,375.000,-1,400.000,-1,325.000,325.000,325.000,325.000,-1,-1,-1,-1,675.000,725.000,600.000,-1,1,0,2,0,2,0,0,0,0,2,2,2,2,1,0,1,2
56,2361.649,-954.888,-381.814,24.824,0.907454,-0.419726,0.018890,0.420022,0.907370,-0.016130,-0.010370,0.022572,0.999691,0,0.40000,0.41639,24.000,0.833,475.000,375.000,-1,400.000,-1,300.000,325.000,325.000,325.000,-1,-1,-1,-1,650.000,725.000,575.000,-1,1,0,2,0,2,0,0,0,0,2,2,2,2,1,0,1,2
57,2387.607,-942.414,-382.015,25.666,0.901189,-0.433010,0.018985,0.433310,0.901095,-0.016426,-0.009994,0.023029,0.999685,0,0.48000,0.42100,28.800,0.842,450.000,375.000,-1,400.000,-1,300.000,325.000,325.000,325.000,-1,-1,-1,-1,625.000,725.000,550.000,-1,1,0,2,0,2,0,0,0,0,2,2,2,2,1,0,1,2
58,2417.672,-927.411,-382.220,26.521,0.894630,-0.446401,0.019061,0.446706,0.894524,-0.016773,-0.009563,0.023520,0.999678,0,0.56000,0.42746,33.600,0.855,425.000,375.000,-1,375.000,-1,300.000,325.000,325.000,325.000,-1,-1,-1,-1,600.000,725.000,525.000,-1,1,0,2,0,2,0,0,0,0,2,2,2,2,1,0,1,2
59,2451.766,-909.744,-382.418,27.393,0.887738,-0.459951,0.019129,0.460259,0.887619,-0.017184,-0.009075,0.024059,0.999669,0,0.64000,0.43578,38.400,0.872,400.000,375.000,-1,375.000,-1,300.000,325.000,325.000,325.000,-1,-1,-1,-1,575.000,700.000,475.000,-1,1,0,2,0,2,0,0,0,0,2,2,2,2,1,0,1,2
60,2489.808,-889.273,-382.708,28.284,0.880479,-0.473700,0.019097,0.474014,0.880329,-0.018197,-0.008192,0.025074,0.999652,0,0.72000,0.44597,43.200,0.892,375.000,375.000,-1,375.000,-1,300.000,300.000,325.000,325.000,-1,-1,-1,-1,550.000,700.000,450.000,-1,1,0,2,0,2,0,0,0,0,2,2,2,2,1,0,1,2
61,2531.711,-865.862,-383.016,29.191,0.872884,-0.487559,0.018942,0.487877,0.872692,-0.019625,-0.006962,0.026372,0.999628,0,0.80000,0.45349,48.000,0.907,325.000,375.000,-1,375.000,-1,300.000,300.000,325.000,325.000,-1,-1,-1,-1,525.000,700.000,400.000,-1,1,0,2,0,2,0,0,0,0,2,2,2,2,1,0,1,2
62,2577.386,-839.372,-383.122,30.112,0.864967,-0.501502,0.018120,0.501802,0.864728,-0.020958,-0.005158,0.027221,0.999616,0,0.88000,0.46014,52.800,0.920,300.000,375.000,-1,375.000,-1,300.000,300.000,325.000,325.000,-1,-1,-1,-1,500.000,700.000,350.000,-1,1,0,2,0,2,0,0,1,0,2,2,2,2,1,0,1,2
63,2625.821,-810.217,-383.064,31.046,0.856710,-0.515521,0.016912,0.515790,0.856425,-0.022312,-0.002982,0.027838,0.999608,0,0.94222,0.46697,56.533,0.934,275.000,375.000,-1,375.000,-1,300.000,300.000,300.000,325.000,-1,-1,-1,-1,475.000,700.000,325.000,-1,1,1,2,0,2,0,0,1,0,2,2,2,2,1,0,1,2
64,2676.692,-778.592,-382.904,31.867,0.849269,-0.527728,0.015691,0.527960,0.848935,-0.023831,-0.000745,0.028523,0.999593,0,0.99834,0.41045,59.900,0.821,225.000,350.000,-1,375.000,-1,300.000,300.000,300.000,325.000,-1,-1,-1,-1,425.000,700.000,275.000,-1,1,1,2,0,2,0,0,1,0,2,2,2,2,1,0,1,2
65,2726.934,-746.326,-382.691,32.710,0.841444,-0.540155,0.014305,0.540342,0.841063,-0.025357,0.001666,0.029066,0.999576,0,0.99518,0.42160,59.711,0.843,200.000,325.000,-1,375.000,-1,300.000,300.000,275.000,325.000,-1,-1,825.000,-1,400.000,700.000,225.000,-1,1,1,2,0,2,0,0,1,0,2,2,0,2,1,0,1,2
66,2776.479,-713.433,-380.297,33.575,0.833352,-0.552623,0.011515,0.552623,0.832555,-0.038206,0.011526,0.038202,0.999204,0,0.99117,0.43259,59.470,0.865,175.000,300.000,-1,400.000,-1,325.000,325.000,275.000,300.000,-1,500.000,375.000,-1,400.000,750.000,200.000,-1,1,1,2,0,2,1,0,1,0,2,0,0,2,1,0,1,2
67,2825.266,-679.935,-375.909,34.462,0.825051,-0.564995,0.008476,0.564389,0.823249,-0.061046,0.027513,0.055150,0.998099,0,0.98632,0.44343,59.179,0.887,175.000,300.000,-1,425.000,-1,300.000,350.000,275.000,300.000,-1,275.000,200.000,-1,400.000,825.000,200.000,-1,1,1,2,0,2,1,0,1,0,2,0,0,2,1,0,1,2
68,2873.237,-645.861,-371.484,35.370,0.816467,-0.577358,0.006270,0.575775,0.813321,-0.083619,0.043179,0.071882,0.996478,0,0.98066,0.45415,58.839,0.908,175.000,300.000,-1,450.000,-1,300.000,375.000,275.000,275.000,-1,250.000,125.000,-1,400.000,875.000,200.000,-1,1,1,2,0,2,1,1,1,0,2,0,0,2,1,1,1,2
69,2920.333,-611.239,-367.088,36.300,0.807604,-0.589704,0.004926,0.586837,0.802797,-0.105544,0.058285,0.088129,0.994402,0,0.97419,0.46476,58.451,0.930,175.000,300.000,-1,475.000,-1,300.000,375.000,250.000,275.000,-1,225.000,100.000,775.000,400.000,950.000,200.000,-1,1,1,2,0,2,1,1,1,0,2,0,0,0,1,1,1,2
70,2966.500,-576.101,-362.687,37.250,0.798478,-0.602007,0.004435,0.597583,0.791673,-0.127076,0.072990,0.104118,0.991883,0,0.96694,0.47531,58.016,0.951,175.000,300.000,-1,500.000,-1,300.000,350.000,250.000,275.000,-1,200.000,75.000,600.000,400.000,-1,200.000,-1,1,1,2,1,2,1,1,1,0,2,0,0,0,1,2,1,2
71,3011.683,-540.479,-358.268,38.222,0.789095,-0.614253,0.004804,0.608047,0.779964,-0.148105,0.087227,0.119790,0.988960,0,0.95892,0.48582,57.535,0.972,175.000,300.000,-1,475.000,-1,300.000,350.000,250.000,250.000,-1,175.000,50.000,500.000,425.000,-1,200.000,-1,1,1,2,1,2,1,1,1,0,2,0,0,0,1,2,1,2
72,3055.834,-504.411,-353.770,39.214,0.779443,-0.626444,0.006032,0.618309,0.767700,-0.168317,0.100810,0.134923,0.985714,0,0.95016,0.49631,57.009,0.993,175.000,300.000,-1,475.000,-1,300.000,350.000,250.000,250.000,-1,175.000,50.000,400.000,425.000,-1,200.000,-1,1,1,2,1,2,1,1,1,0,2,0,0,0,1,2,1,2
73,3098.903,-467.933,-349.086,40.228,0.769489,-0.638608,0.008090,0.628503,0.754941,-0.187213,0.113448,0.149143,0.982286,0,0.94067,0.50680,56.440,1.014,150.000,300.000,-1,475.000,-1,275.000,325.000,250.000,250.000,-1,175.000,25.000,350.000,425.000,-1,200.000,-1,1,1,2,1,2,1,1,1,0,2,0,0,0,1,2,1,2
74,6231.385,-8199.165,-289.810,-110.782,-0.356623,0.932976,-0.048741,-0.933667,-0.354076,0.053810,0.032946,0.064698,0.997361,1,0.00000,0.00000,55.828,1.035,-1,375.000,-1,375.000,-1,300.000,300.000,300.000,300.000,-1,475.000,500.000,-1,675.000,700.000,-1,-1,2,0,2,0,2,0,0,0,0,2,0,0,2,0,0,2,2
75,6229.700,-8203.660,-289.632,-110.542,-0.352722,0.934468,-0.048539,-0.935132,-0.350171,0.053935,0.033403,0.064414,0.997364,0,0.08000,0.12000,4.800,0.240,-1,375.000,-1,375.000,-1,300.000,300.000,300.000,300.000,-1,475.000,500.000,-1,675.000,700.000,-1,-1,2,0,2,0,2,0,0,0,0,2,0,0,2,0,0,2,2
76,6226.375,-8212.665,-289.286,-110.268,-0.348257,0.936161,-0.048159,-0.936778,-0.345696,0.054233,0.034122,0.064001,0.997366,0,0.16000,0.13735,9.600,0.275,-1,375.000,-1,375.000,-1,300.000,300.000,300.000,300.000,-1,475.000,500.000,-1,675.000,700.000,-1,-1,2,0,2,0,2,0,0,0,0,2,0,0,2,0,0,2,2
77,6221.451,-8226.197,-288.772,-109.993,-0.343790,0.937838,-0.047614,-0.938391,-0.341215,0.054719,0.035071,0.063493,0.997366,0,0.24000,0.13735,14.400,0.275,-1,375.000,-1,375.000,-1,300.000,300.000,300.000,300.000,-1,475.000,500.000,-1,675.000,700.000,-1,-1,2,0,2,0,2,0,0,0,0,2,0,0,2,0,0,2,2
78,6214.973,-8244.271,-288.088,-109.718,-0.339324,0.939499,-0.046921,-0.939971,-0.336727,0.055404,0.036252,0.062904,0.997361,0,0.32000,0.13735,19.200,0.275,-1,375.000,-1,375.000,-1,300.000,300.000,300.000,300.000,-1,475.000,525.000,-1,675.000,700.000,-1,-1,2,0,2,0,2,0,0,0,0,2,0,0,2,0,0,2,2
79,6206.983,-8266.902,-287.233,-109.444,-0.334857,0.941141,-0.046097,-0.941516,-0.332233,0.056298,0.037669,0.062253,0.997349,0,0.40000,0.13735,24.000,0.275,-1,375.000,-1,375.000,-1,325.000,325.000,300.000,300.000,-1,475.000,525.000,-1,675.000,700.000,-1,-1,2,0,2,0,2,0,0,0,0,2,0,0,2,0,0,2,2
80,6197.527,-8294.105,-286.204,-109.169,-0.330390,0.942763,-0.045165,-0.943025,-0.327731,0.057414,0.039326,0.061561,0.997328,0,0.48000,0.13735,28.800,0.275,-1,375.000,-1,375.000,-1,300.000,325.000,300.000,300.000,-1,475.000,525.000,-1,675.000,700.000,-1,-1,2,0,2,0,2,0,0,0,0,2,0,0,2,0,0,2,2
81,6186.646,-8325.895,-284.999,-108.894,-0.325923,0.944365,-0.044150,-0.944497,-0.323221,0.058767,0.041227,0.060853,0.997295,0,0.56000,0.13735,33.600,0.275,-1,375.000,-1,375.000,-1,300.000,325.000,300.000,300.000,-1,450.000,525.000,-1,675.000,700.000,-1,-1,2,0,2,0,2,0,0,0,0,2,0,0,2,0,0,2,2
82,6174.385,-8362.285,-283.617,-108.619,-0.321457,0.945944,-0.043078,-0.945930,-0.318703,0.060370,0.043377,0.060155,0.997246,0,0.64000,0.13735,38.400,0.275,-1,375.000,-1,375.000,-1,300.000,325.000,300.000,300.000,-1,450.000,525.000,-1,675.000,700.000,-1,-1,2,0,2,0,2,0,0,0,0,2,0,0,2,0,0,2,2
83,6160.788,-8403.290,-282.057,-108.345,-0.316994,0.947498,-0.041981,-0.947322,-0.314177,0.062239,0.045782,0.059499,0.997178,0,0.72000,0.13735,43.200,0.275,-1,375.000,-1,375.000,-1,300.000,325.000,300.000,300.000,-1,425.000,500.000,-1,675.000,725.000,-1,-1,2,0,2,0,2,0,0,0,0,2,0,0,2,0,0,2,2
84,6145.900,-8448.922,-280.107,-108.070,-0.312544,0.948979,-0.041903,-0.948701,-0.309626,0.064011,0.047770,0.059760,0.997069,0,0.80000,0.13735,48.000,0.275,-1,375.000,-1,375.000,-1,300.000,325.000,300.000,300.000,-1,425.000,500.000,-1,675.000,725.000,-1,-1,2,0,2,0,2,0,0,0,0,2,0,0,2,0,0,2,2
85,6129.765,-8499.197,-277.707,-107.795,-0.308153,0.950368,-0.042917,-0.950024,-0.305046,0.066348,0.049963,0.061218,0.996873,0,0.88000,0.13735,52.800,0.275,-1,375.000,-1,375.000,-1,300.000,325.000,300.000,300.000,-1,450.000,500.000,-1,675.000,725.000,-1,-1,2,0,2,0,2,0,0,0,0,2,0,0,2,0,0,2,2
86,6113.371,-8551.133,-275.165,-107.521,-0.303795,0.951707,-0.044312,-0.951297,-0.300450,0.069024,0.052377,0.063123,0.996630,0,0.90770,0.13735,54.462,0.275,-1,375.000,-1,375.000,-1,300.000,300.000,300.000,300.000,-1,450.000,500.000,-1,700.000,725.000,-1,-1,2,0,2,0,2,0,0,0,0,2,0,0,2,0,0,2,2
87,6097.226,-8603.147,-272.363,-107.246,-0.299370,0.953062,-0.045286,-0.952602,-0.295861,0.070823,0.054100,0.064342,0.996460,0,0.90770,0.13735,54.462,0.275,-1,375.000,-1,375.000,-1,300.000,300.000,300.000,300.000,-1,475.000,525.000,-1,700.000,725.000,-1,-1,2,0,2,0,2,0,0,0,0,2,0,0,2,0,0,2,2
88,6081.329,-8655.237,-269.076,-106.971,-0.294858,0.954488,-0.044855,-0.953915,-0.291294,0.072072,0.055726,0.064039,0.996390,0,0.90770,0.13735,54.462,0.275,-1,375.000,-1,375.000,-1,300.000,325.000,300.000,300.000,-1,525.000,575.000,-1,700.000,725.000,-1,-1,2,0,2,0,2,0,0,0,0,2,0,0,2,0,0,2,2
89,6065.682,-8707.403,-265.688,-106.697,-0.290341,0.955899,-0.044252,-0.955189,-0.286722,0.073520,0.057590,0.063615,0.996311,0,0.90770,0.13735,54.462,0.275,-1,375.000,-1,375.000,-1,300.000,325.000,300.000,300.000,-1,550.000,600.000,-1,700.000,725.000,-1,-1,2,0,2,0,2,0,0,0,0,2,0,0,2,0,0,2,2
90,6051.442,-8754.980,-262.622,-106.662,-0.289818,0.956080,-0.043785,-0.955263,-0.286145,0.074791,0.058977,0.063502,0.996238,0,0.82770,0.01735,49.662,0.035,-1,375.000,-1,375.000,-1,325.000,325.000,300.000,300.000,-1,575.000,625.000,-1,700.000,725.000,-1,-1,2,0,2,0,2,0,0,0,0,2,0,0,2,0,0,2,2
91,6038.581,-8797.959,-259.856,-106.660,-0.289845,0.956088,-0.043434,-0.955180,-0.286120,0.075933,0.060171,0.063496,0.996167,0,0.74770,0.00075,44.862,0.001,-1,375.000,-1,400.000,-1,325.000,325.000,300.000,300.000,-1,600.000,625.000,-1,700.000,725.000,-1,-1,2,0,2,0,2,0,0,0,0,2,0,0,2,0,0,2,2
92,6027.096,-8836.339,-257.389,-106.659,-0.289868,0.956092,-0.043172,-0.955107,-0.286095,0.076945,0.061216,0.063538,0.996100,0,0.66770,0.00075,40.062,0.001,-1,375.000,-1,400.000,-1,325.000,325.000,300.000,300.000,-1,600.000,650.000,-1,700.000,725.000,-1,-1,2,0,2,0,2,0,0,0,0,2,0,0,2,0,0,2,2
93,6016.989,-8870.122,-255.221,-106.657,-0.289887,0.956095,-0.042983,-0.955043,-0.286068,0.077831,0.062118,0.063613,0.996040,0,0.58770,0.00075,35.262,0.001,-1,375.000,-1,400.000,-1,325.000,325.000,300.000,300.000,-1,625.000,675.000,-1,700.000,725.000,-1,-1,2,0,2,0,2,0,0,0,0,2,0,0,2,0,0,2,2
94,6007.901,-8900.499,-253.273,-106.656,-0.289902,0.956097,-0.042845,-0.954986,-0.286042,0.078624,0.062916,0.063710,0.995983,0,0.52846,0.00075,31.707,0.001,-1,375.000,-1,400.000,-1,325.000,325.000,300.000,300.000,-1,650.000,675.000,-1,700.000,725.000,-1,-1,2,0,2,0,2,0,0,0,0,2,0,0,2,0,0,2,2
95,5998.813,-8930.876,-251.326,-106.654,-0.289919,0.956097,-0.042739,-0.954929,-0.286015,0.079412,0.063702,0.063836,0.995925,0,0.52846,0.00075,31.707,0.001,-1,375.000,-1,400.000,-1,325.000,325.000,300.000,300.000,-1,650.000,700.000,-1,700.000,725.000,-1,-1,2,0,2,0,2,0,0,0,0,2,0,0,2,0,0,2,2
96,5989.727,-8961.254,-249.382,-106.653,-0.289936,0.956095,-0.042663,-0.954872,-0.285987,0.080196,0.064474,0.063990,0.995866,0,0.52846,0.00075,31.707,0.001,-1,375.000,-1,400.000,-1,325.000,325.000,300.000,300.000,-1,675.000,700.000,-1,700.000,725.000,-1,-1,2,0,2,0,2,0,0,0,0,2,0,0,2,0,0,2,2
97,5980.642,-8991.632,-247.440,-106.651,-0.289955,0.956091,-0.042618,-0.954814,-0.285959,0.080976,0.065234,0.064172,0.995804,0,0.52846,0.00075,31.707,0.001,-1,375.000,-1,400.000,-1,325.000,325.000,300.000,300.000,-1,675.000,725.000,-1,700.000,725.000,-1,-1,2,0,2,0,2,0,0,0,0,2,0,0,2,0,0,2,2
98,5971.557,-9022.010,-245.500,-106.650,-0.289976,0.956085,-0.042604,-0.954757,-0.285930,0.081753,0.065980,0.064383,0.995742,0,0.52846,0.00075,31.707,0.001,-1,375.000,-1,400.000,-1,325.000,325.000,300.000,300.000,-1,700.000,725.000,-1,700.000,725.000,-1,-1,2,0,2,0,2,0,0,0,0,2,0,0,2,0,0,2,2
99,5962.473,-9052.389,-243.561,-106.649,-0.289998,0.956078,-0.042621,-0.954699,-0.285901,0.082524,0.066714,0.064623,0.995677,0,0.52846,0.00075,31.707,0.001,-1,375.000,-1,400.000,-1,325.000,325.000,300.000,300.000,-1,700.000,725.000,-1,700.000,725.000,-1,-1,2,0,2,0,2,0,0,0,0,2,0,0,2,0,0,2,2
100,5953.390,-9082.767,-241.624,-106.647,-0.290021,0.956069,-0.042669,-0.954641,-0.285871,0.083292,0.067435,0.064890,0.995611,0,0.52846,0.00075,31.707,0.001,-1,375.000,-1,400.000,-1,325.000,325.000,300.000,300.000,-1,725.000,725.000,-1,700.000,725.000,-1,-1,2,0,2,0,2,0,0,0,0,2,0,0,2,0,0,2,2
101,5944.308,-9113.146,-239.589,-106.646,-0.290058,0.956032,-0.043228,-0.954603,-0.285833,0.083861,0.067818,0.065591,0.995539,0,0.52846,0.00075,31.707,0.001,-1,375.000,-1,375.000,-1,325.000,325.000,300.000,300.000,-1,750.000,750.000,-1,700.000,725.000,-1,-1,2,0,2,0,2,0,0,0,0,2,0,0,2,0,0,2,2
102,5935.227,-9143.526,-237.520,-106.644,-0.290110,0.955984,-0.043937,-0.954555,-0.285791,0.084543,0.068265,0.066467,0.995451,0,0.52846,0.00075,31.707,0.001,-1,375.000,-1,375.000,-1,325.000,325.000,325.000,300.000,-1,775.000,750.000,-1,725.000,725.000,-1,-1,2,0,2,0,2,0,0,0,0,2,0,0,2,0,0,2,2
103,5926.147,-9173.905,-235.435,-106.643,-0.290172,0.955929,-0.044728,-0.954502,-0.285748,0.085288,0.068749,0.067441,0.995352,0,0.52846,0.00075,31.707,0.001,-1,375.000,-1,375.000,-1,325.000,325.000,325.000,300.000,-1,800.000,775.000,-1,725.000,700.000,-1,-1,2,0,2,0,2,0,0,0,0,2,0,0,2,0,0,2,2
104,5917.068,-9204.285,-233.347,-106.641,-0.290236,0.955870,-0.045565,-0.954447,-0.285703,0.086046,0.069231,0.068463,0.995249,0,0.52846,0.00075,31.707,0.001,-1,375.000,-1,375.000,-1,300.000,325.000,325.000,300.000,-1,800.000,800.000,-1,725.000,700.000,-1,-1,2,0,2,0,2,0,0,0,0,2,0,0,2,0,0,2,2
105,5907.990,-9234.665,-231.242,-106.640,-0.290300,0.955810,-0.046408,-0.954396,-0.285658,0.086758,0.069667,0.069477,0.995148,0,0.52846,0.00075,31.707,0.001,-1,375.000,-1,375.000,-1,300.000,300.000,325.000,300.000,-1,825.000,800.000,-1,725.000,700.000,-1,-1,2,0,2,0,2,0,0,0,0,2,0,0,2,0,0,2,2
106,5898.912,-9265.045,-228.979,-106.638,-0.290309,0.955784,-0.046880,-0.954392,-0.285623,0.086919,0.069686,0.069975,0.995112,0,0.52846,0.00075,31.707,0.001,-1,375.000,-1,375.000,-1,300.000,300.000,325.000,300.000,-1,875.000,850.000,-1,725.000,700.000,-1,-1,2,0,2,0,2,0,0,0,0,2,0,0,2,0,0,2,2
107,5889.834,-9295.425,-226.556,-106.637,-0.290304,0.955794,-0.046709,-0.954359,-0.285599,0.087363,0.070161,0.069939,0.995081,0,0.52846,0.00075,31.707,0.001,-1,375.000,-1,375.000,-1,300.000,300.000,325.000,300.000,-1,875.000,850.000,-1,725.000,700.000,-1,-1,2,0,2,0,2,0,0,0,0,2,0,0,2,0,0,2,2
108,5880.757,-9325.806,-224.100,-106.635,-0.290298,0.955808,-0.046444,-0.954320,-0.285576,0.087866,0.070720,0.069830,0.995049,0,0.52846,0.00075,31.707,0.001,-1,375.000,-1,375.000,-1,300.000,300.000,325.000,300.000,-1,900.000,875.000,-1,725.000,700.000,-1,-1,2,0,2,0,2,0,0,0,0,2,0,0,2,0,0,2,2
109,5871.681,-9356.187,-221.656,-106.634,-0.290292,0.955826,-0.046120,-0.954275,-0.285555,0.088416,0.071340,0.069678,0.995015,0,0.52846,0.00075,31.707,0.001,-1,375.000,-1,375.000,-1,300.000,300.000,325.000,300.000,-1,925.000,900.000,-1,725.000,700.000,-1,-1,2,0,2,0,2,0,0,0,0,2,0,0,2,0,0,2,2
110,5862.558,-9386.719,-219.199,-106.635,-0.290343,0.955826,-0.045798,-0.954212,-0.285589,0.088989,0.071979,0.069538,0.994979,0,0.53110,-0.00094,31.866,-0.002,-1,375.000,-1,375.000,-1,300.000,300.000,325.000,300.000,-1,925.000,900.000,-1,725.000,700.000,-1,-1,2,0,2,0,2,0,0,0,0,2,0,0,2,0,0,2,2
111,5851.913,-9421.806,-216.385,-106.877,-0.294402,0.954600,-0.045457,-0.952932,-0.289617,0.089674,0.072438,0.069718,0.994933,0,0.61110,-0.12094,36.666,-0.242,-1,375.000,-1,375.000,-1,300.000,300.000,325.000,300.000,-1,925.000,875.000,-1,725.000,700.000,-1,-1,2,0,2,0,2,0,0,0,0,2,0,0,2,0,0,2,2
112,5839.541,-9461.384,-213.228,-107.359,-0.302454,0.952097,-0.045093,-0.950386,-0.297625,0.090480,0.072725,0.070221,0.994877,0,0.69110,-0.24094,41.466,-0.482,-1,375.000,-1,375.000,-1,300.000,300.000,325.000,300.000,-1,925.000,875.000,-1,725.000,700.000,-1,-1,2,0,2,0,2,0,0,0,0,2,0,0,2,0,0,2,2
113,5825.183,-9505.366,-209.743,-108.081,-0.314467,0.948216,-0.044697,-0.946469,-0.309578,0.091417,0.072846,0.071052,0.994809,0,0.77110,-0.36094,46.266,-0.722,-1,375.000,-1,375.000,-1,300.000,300.000,325.000,300.000,-1,925.000,850.000,-1,725.000,700.000,-1,-1,2,0,2,0,2,0,0,0,0,2,0,0,2,0,0,2,2
114,5808.522,-9553.639,-205.954,-109.043,-0.330389,0.942806,-0.044261,-0.941032,-0.325425,0.092502,0.072808,0.072213,0.994728,0,0.85110,-0.48094,51.066,-0.962,-1,375.000,-1,375.000,-1,300.000,300.000,325.000,300.000,-1,900.000,850.000,-1,725.000,700.000,-1,-1,2,0,2,0,2,0,0,0,0,2,0,0,2,0,0,2,2
115,5789.191,-9606.055,-201.887,-110.245,-0.350149,0.935671,-0.043769,-0.933875,-0.345091,0.093754,0.072619,0.073703,0.994633,0,0.93110,-0.60094,55.866,-1.202,-1,375.000,-1,375.000,-1,300.000,300.000,325.000,325.000,-1,875.000,825.000,-1,725.000,700.000,-1,-1,2,0,2,0,2,0,0,0,0,2,0,0,2,0,0,2,2
116,5767.888,-9659.816,-197.771,-111.618,-0.372539,0.927009,-0.043231,-0.925196,-0.367374,0.095127,0.072302,0.075435,0.994526,0,0.96378,-0.68680,57.827,-1.374,-1,375.000,-1,375.000,-1,300.000,300.000,300.000,325.000,-1,875.000,800.000,-1,725.000,700.000,-1,-1,2,0,2,0,2,0,0,0,0,2,0,0,2,0,0,2,2
117,5745.160,-9713.368,-193.710,-112.999,-0.394823,0.917763,-0.042727,-0.915933,-0.389540,0.096569,0.071984,0.077263,0.994409,0,0.96957,-0.69005,58.174,-1.380,-1,375.000,-1,375.000,-1,300.000,300.000,300.000,325.000,-1,850.000,800.000,-1,725.000,700.000,-1,-1,2,0,2,0,2,0,0,0,0,2,0,0,2,0,0,2,2
118,5720.997,-9766.678,-189.649,-114.385,-0.416990,0.907915,-0.042543,-0.906095,-0.411561,0.098024,0.071489,0.079423,0.994274,0,0.97548,-0.69322,58.529,-1.386,-1,375.000,-1,375.000,-1,300.000,300.000,300.000,325.000,-1,850.000,800.000,-1,725.000,700.000,-1,-1,2,0,2,0,2,0,0,0,0,2,0,0,2,0,0,2,2
119,5695.389,-9819.710,-185.629,-115.778,-0.439022,0.897473,-0.042436,-0.895662,-0.433423,0.099670,0.071058,0.081766,0.994115,0,0.98150,-0.69633,58.890,-1.393,-1,375.000,-1,375.000,975.000,300.000,300.000,325.000,300.000,-1,850.000,775.000,-1,700.000,700.000,-1,975.000,2,0,2,0,1,0,0,0,0,2,0,0,2,0,0,2,1
120,5668.325,-9872.429,-181.652,-117.176,-0.460901,0.886438,-0.042402,-0.884632,-0.455105,0.101520,0.070694,0.084301,0.993929,0,0.98764,-0.69937,59.258,-1.399,-1,375.000,-1,375.000,925.000,300.000,300.000,325.000,300.000,-1,775.000,725.000,-1,725.000,700.000,-1,925.000,2,0,2,0,1,0,0,0,0,2,0,0,2,0,0,2,1
121,5639.799,-9924.798,-177.628,-118.581,-0.482575,0.874834,-0.042273,-0.873042,-0.476600,0.103203,0.070138,0.086709,0.993762,0,0.99388,-0.70235,59.633,-1.405,-1,375.000,-1,375.000,875.000,300.000,300.000,325.000,300.000,-1,725.000,675.000,-1,725.000,700.000,-1,875.000,2,0,2,0,1,0,0,0,0,2,0,0,2,0,1,2,1
122,5609.807,-9976.766,-173.418,-119.992,-0.503981,0.862701,-0.041837,-0.860954,-0.497912,0.104123,0.068996,0.088496,0.993684,0,1.00000,-0.70527,60.000,-1.411,-1,375.000,-1,375.000,850.000,300.000,300.000,325.000,300.000,-1,725.000,675.000,-1,725.000,675.000,-1,825.000,2,0,2,0,1,0,0,0,0,2,0,0,2,0,1,2,1
123,5578.541,-10027.977,-169.230,-121.408,-0.525175,0.849991,-0.041317,-0.848272,-0.518997,0.105244,0.068013,0.090320,0.993588,0,1.00000,-0.70814,60.000,-1.416,-1,375.000,-1,375.000,800.000,300.000,300.000,325.000,300.000,-1,725.000,675.000,-1,725.000,650.000,-1,775.000,2,0,2,0,1,0,0,0,0,2,0,0,2,0,1,2,1
124,5546.013,-10078.396,-164.980,-122.830,-0.546129,0.836731,-0.040300,-0.834981,-0.539851,0.106616,0.067453,0.091876,0.993483,0,1.00000,-0.71094,60.000,-1.422,-1,375.000,-1,375.000,750.000,300.000,300.000,325.000,300.000,-1,700.000,650.000,-1,750.000,625.000,-1,725.000,2,0,2,0,1,0,0,0,0,2,0,0,2,0,1,2,1
125,5512.239,-10127.990,-160.845,-124.257,-0.566813,0.822913,-0.039208,-0.821135,-0.560450,0.107854,0.066781,0.093328,0.993393,0,1.00000,-0.71367,60.000,-1.427,-1,375.000,-1,375.000,725.000,300.000,300.000,325.000,300.000,-1,675.000,650.000,-1,750.000,600.000,-1,700.000,2,0,2,0,1,0,0,0,0,2,0,0,2,0,1,2,1
126,5477.235,-10176.723,-156.833,-125.690,-0.587207,0.808542,-0.038044,-0.806744,-0.580777,0.108913,0.065966,0.094646,0.993323,0,1.00000,-0.71634,60.000,-1.433,-1,375.000,-1,375.000,675.000,300.000,300.000,325.000,300.000,-1,675.000,650.000,-1,750.000,575.000,-1,650.000,2,0,2,0,1,0,0,0,0,2,0,0,2,0,1,2,1
127,5441.020,-10224.563,-152.892,-127.128,-0.607313,0.793606,-0.036893,-0.791784,-0.600802,0.110064,0.065182,0.096055,0.993240,0,1.00000,-0.71896,60.000,-1.438,-1,375.000,-1,375.000,625.000,300.000,300.000,325.000,325.000,-1,675.000,650.000,-1,750.000,550.000,-1,600.000,2,0,2,1,1,0,0,0,0,2,0,0,2,0,1,2,1
128,5403.611,-10271.476,-149.018,-128.571,-0.627111,0.778107,-0.035783,-0.776262,-0.620506,0.111309,0.064407,0.097580,0.993141,0,1.00000,-0.72155,60.000,-1.443,-1,375.000,-1,350.000,575.000,300.000,300.000,325.000,325.000,-1,675.000,650.000,-1,750.000,500.000,-1,550.000,2,0,2,1,1,0,0,0,0,2,0,0,2,0,1,2,1
129,5365.029,-10317.428,-145.198,-130.019,-0.646587,0.762047,-0.034791,-0.760186,-0.639865,0.112651,0.063584,0.099287,0.993025,0,1.00000,-0.72412,60.000,-1.448,-1,375.000,-1,350.000,550.000,300.000,300.000,325.000,325.000,-1,675.000,650.000,-1,750.000,475.000,-1,500.000,2,0,2,1,1,0,0,0,0,2,0,0,2,0,1,2,1
130,5325.294,-10362.388,-141.436,-131.472,-0.665721,0.745431,-0.033901,-0.743561,-0.658862,0.114101,0.062718,0.101167,0.992891,0,1.00000,-0.72669,60.000,-1.453,-1,375.000,-1,325.000,500.000,300.000,300.000,325.000,325.000,-1,650.000,625.000,-1,725.000,450.000,-1,450.000,2,0,2,1,1,0,1,0,0,2,0,0,2,1,1,2,1
131,5284.424,-10406.319,-136.773,-132.931,-0.684409,0.728545,-0.028401,-0.726226,-0.677740,0.115171,0.064659,0.099449,0.992940,0,1.00000,-0.72928,60.000,-1.459,-1,400.000,1000.000,300.000,475.000,325.000,275.000,325.000,325.000,-1,550.000,550.000,-1,675.000,425.000,-1,425.000,2,0,1,1,1,1,1,0,0,2,0,0,2,1,1,2,1
132,5242.443,-10449.189,-131.970,-134.395,-0.702608,0.711270,-0.020921,-0.708406,-0.696400,0.114838,0.067112,0.095507,0.993164,0,1.00000,-0.73192,60.000,-1.464,-1,400.000,950.000,300.000,450.000,300.000,275.000,300.000,325.000,-1,475.000,475.000,-1,650.000,425.000,-1,400.000,2,1,1,1,1,1,1,0,0,2,0,0,2,1,1,2,1
133,5199.376,-10490.968,-126.976,-135.864,-0.720370,0.693477,-0.012528,-0.690020,-0.714715,0.114254,0.070279,0.090950,0.993373,0,1.00000,-0.73464,60.000,-1.469,-1,375.000,900.000,275.000,450.000,300.000,250.000,300.000,350.000,-1,375.000,425.000,-1,600.000,400.000,-1,375.000,2,1,1,1,1,1,1,0,0,2,0,0,2,1,1,2,1
134,5158.939,-10528.546,-122.197,-137.093,-0.734793,0.678279,-0.003988,-0.674236,-0.729746,0.113477,0.074059,0.086071,0.993533,0,0.92000,-0.61464,55.200,-1.229,-1,350.000,875.000,275.000,425.000,275.000,250.000,300.000,375.000,-1,325.000,375.000,-1,575.000,375.000,-1,375.000,2,1,1,1,1,1,1,0,0,2,0,0,2,1,1,2,1
