timestep,x_cm,y_cm,z_cm,yaw_deg,basis_xx,basis_xy,basis_xz,basis_yx,basis_yy,basis_yz,basis_zx,basis_zy,basis_zz,teleport_flag,throttle_cmd,steering_cmd,cmd_move_cm,cmd_turn_deg,lidar_cm_0,lidar_cm_1,lidar_cm_2,lidar_cm_3,lidar_cm_4,lidar_cm_5,lidar_cm_6,lidar_cm_7,lidar_cm_8,lidar_cm_9,lidar_cm_10,lidar_cm_11,lidar_cm_12,lidar_cm_13,lidar_cm_14,lidar_cm_15,lidar_cm_16,lidar_class_0,lidar_class_1,lidar_class_2,lidar_class_3,lidar_class_4,lidar_class_5,lidar_class_6,lidar_class_7,lidar_class_8,lidar_class_9,lidar_class_10,lidar_class_11,lidar_class_12,lidar_class_13,lidar_class_14,lidar_class_15,lidar_class_16
0,-2291.182,-3606.205,-61.498,-162.648,-0.953721,0.298118,0.039268,-0.296527,-0.954116,0.041638,0.049879,0.028067,0.998361,1,-0.08000,0.12000,-4.800,0.240,-1,400.000,-1,400.000,-1,325.000,325.000,275.000,300.000,-1,575.000,525.000,600.000,825.000,875.000,-1,-1,2,0,2,0,2,0,0,0,0,2,0,0,1,0,0,2,2
1,-2282.031,-3603.303,-61.956,-162.408,-0.952457,0.302123,0.039335,-0.300544,-0.952869,0.041406,0.049991,0.027615,0.998368,0,-0.16000,0.12021,-9.600,0.240,-1,400.000,-1,400.000,-1,325.000,325.000,300.000,300.000,-1,550.000,500.000,575.000,800.000,875.000,-1,-1,2,0,2,0,2,0,0,0,0,2,0,0,1,0,0,2,2
2,-2268.322,-3598.893,-62.643,-162.170,-0.951186,0.306088,0.039426,-0.304526,-0.951619,0.041044,0.050082,0.027034,0.998379,0,-0.24000,0.11914,-14.400,0.238,-1,400.000,-1,400.000,-1,325.000,325.000,300.000,300.000,-1,550.000,500.000,575.000,800.000,850.000,-1,-1,2,0,2,0,2,0,0,0,0,2,0,0,1,0,0,2,2
3,-2250.069,-3592.939,-63.558,-161.935,-0.949916,0.309995,0.039538,-0.308457,-0.950374,0.040545,0.050145,0.026318,0.998395,0,-0.32000,0.11753,-19.200,0.235,-1,400.000,-1,400.000,-1,325.000,325.000,300.000,300.000,-1,525.000,475.000,575.000,800.000,850.000,-1,-1,2,0,2,0,2,0,0,0,0,2,0,0,1,0,0,2,2
4,-2227.282,-3585.404,-64.700,-161.704,-0.948651,0.313828,0.039667,-0.312321,-0.949139,0.039899,0.050171,0.025462,0.998416,0,-0.40000,0.11539,-24.000,0.231,-1,400.000,-1,400.000,-1,325.000,325.000,300.000,300.000,-1,500.000,450.000,550.000,775.000,850.000,-1,-1,2,0,2,0,2,0,0,0,0,2,0,0,1,0,0,2,2
5,-2199.974,-3576.255,-66.068,-161.478,-0.947400,0.317568,0.039806,-0.316100,-0.947920,0.039096,0.050148,0.024457,0.998442,0,-0.48000,0.11274,-28.800,0.225,-1,400.000,-1,400.000,-1,325.000,325.000,300.000,300.000,-1,475.000,425.000,525.000,775.000,850.000,-1,-1,2,0,2,0,2,0,0,0,0,2,0,0,1,0,0,2,2
6,-2168.156,-3565.460,-67.660,-161.259,-0.946168,0.321201,0.039948,-0.319780,-0.946725,0.038122,0.050065,0.023295,0.998474,0,-0.56000,0.10959,-33.600,0.219,-1,375.000,-1,400.000,-1,325.000,325.000,300.000,300.000,-1,450.000,400.000,525.000,750.000,850.000,-1,-1,2,0,2,0,2,0,0,0,0,2,0,0,1,0,0,2,2
7,-2133.670,-3553.616,-69.383,-161.047,-0.944964,0.324710,0.040080,-0.323343,-0.945557,0.037021,0.049919,0.022024,0.998510,0,-0.60771,0.10596,-36.463,0.212,-1,375.000,-1,400.000,-1,325.000,325.000,300.000,300.000,-1,400.000,350.000,500.000,750.000,850.000,-1,-1,2,0,2,0,2,0,0,0,0,2,0,0,1,0,0,2,2
8,-2099.188,-3541.637,-71.103,-160.843,-0.943792,0.328087,0.040189,-0.326777,-0.944420,0.035876,0.049726,0.020727,0.998548,0,-0.60839,0.10210,-36.504,0.204,-1,375.000,-1,400.000,-1,325.000,325.000,300.000,300.000,-1,375.000,325.000,475.000,725.000,825.000,-1,-1,2,0,2,0,2,0,0,0,0,2,0,0,1,0,0,2,2
9,-2064.720,-3529.530,-72.853,-160.646,-0.942656,0.331335,0.040215,-0.330095,-0.943316,0.034511,0.049370,0.019257,0.998595,0,-0.60887,0.09831,-36.532,0.197,-1,375.000,-1,400.000,-1,325.000,325.000,300.000,300.000,-1,350.000,300.000,450.000,725.000,825.000,-1,-1,2,0,2,0,2,0,0,0,0,2,0,0,1,0,0,2,2
10,-2030.279,-3517.304,-74.637,-160.457,-0.941558,0.334459,0.040082,-0.333303,-0.942246,0.032885,0.048766,0.017603,0.998655,0,-0.60912,0.09459,-36.547,0.189,-1,375.000,-1,400.000,-1,325.000,325.000,300.000,300.000,-1,300.000,275.000,450.000,725.000,825.000,-1,-1,2,0,2,0,2,0,0,0,0,2,0,0,1,0,0,2,2
11,-1995.874,-3504.968,-76.133,-160.275,-0.940545,0.337452,0.038739,-0.336365,-0.941188,0.031995,0.047258,0.017063,0.998737,0,-0.60914,0.09096,-36.549,0.182,-1,375.000,-1,400.000,-1,325.000,325.000,300.000,300.000,-1,300.000,250.000,425.000,725.000,800.000,-1,-1,2,0,2,0,2,0,0,0,0,2,0,0,1,0,0,2,2
12,-1961.520,-3492.532,-77.612,-160.100,-0.939564,0.340326,0.037379,-0.339305,-0.940162,0.031098,0.045726,0.016535,0.998817,0,-0.60892,0.08743,-36.535,0.175,-1,375.000,-1,400.000,-1,325.000,325.000,300.000,300.000,-1,275.000,250.000,400.000,700.000,800.000,-1,-1,2,0,2,0,2,0,0,0,0,2,0,0,1,0,0,2,2
13,-1927.230,-3480.006,-79.074,-159.932,-0.938615,0.343083,0.036002,-0.342128,-0.939168,0.030193,0.044171,0.016022,0.998896,0,-0.60844,0.08399,-36.507,0.168,-1,375.000,-1,400.000,-1,325.000,325.000,300.000,300.000,-1,250.000,225.000,400.000,700.000,775.000,-1,-1,2,0,2,0,2,0,0,0,0,2,0,0,1,0,0,2,2
14,-1893.017,-3467.398,-80.499,-159.771,-0.937693,0.345729,0.034686,-0.344837,-0.938207,0.029235,0.042650,0.015452,0.998971,0,-0.60770,0.08065,-36.462,0.161,-1,375.000,-1,400.000,-1,325.000,325.000,300.000,300.000,-1,250.000,200.000,375.000,700.000,750.000,-1,-1,2,0,2,0,2,0,0,0,0,2,0,0,1,0,0,2,2
15,-1858.895,-3454.719,-81.752,-159.616,-0.936817,0.348265,0.032954,-0.347431,-0.937272,0.028511,0.040816,0.015261,0.999050,0,-0.60668,0.07743,-36.401,0.155,-1,375.000,-1,400.000,-1,325.000,325.000,300.000,300.000,-1,225.000,200.000,350.000,675.000,750.000,-1,-1,2,0,2,0,2,0,0,0,0,2,0,0,1,0,0,2,2
16,-1824.880,-3441.979,-82.633,-159.468,-0.935986,0.350702,0.030628,-0.349986,-0.936382,0.026424,0.037946,0.014013,0.999182,0,-0.60538,0.07433,-36.323,0.149,-1,375.000,-1,400.000,-1,325.000,325.000,300.000,300.000,-1,250.000,200.000,350.000,675.000,750.000,-1,-1,2,0,2,0,2,0,0,0,0,2,0,0,1,0,0,2,2
17,-1790.986,-3429.188,-83.435,-159.325,-0.935183,0.353040,0.028219,-0.352441,-0.935524,0.024095,0.034906,0.012588,0.999311,0,-0.60378,0.07135,-36.227,0.143,-1,375.000,-1,400.000,-1,300.000,325.000,300.000,300.000,-1,250.000,200.000,325.000,650.000,725.000,-1,-1,2,0,2,0,2,0,0,0,1,2,0,0,1,0,0,2,2
18,-1757.229,-3416.356,-84.207,-159.188,-0.934403,0.355282,0.025800,-0.354791,-0.934693,0.021747,0.031841,0.011167,0.999431,0,-0.60189,0.06851,-36.114,0.137,-1,375.000,-1,400.000,-1,300.000,325.000,300.000,300.000,-1,250.000,225.000,325.000,650.000,725.000,-1,-1,2,0,2,0,2,0,0,0,1,2,0,0,1,0,0,2,2
19,-1723.623,-3403.494,-84.949,-159.056,-0.933646,0.357433,0.023373,-0.357040,-0.933888,0.019381,0.028755,0.009750,0.999539,0,-0.59971,0.06580,-35.983,0.132,-1,375.000,-1,375.000,-1,300.000,325.000,300.000,300.000,-1,275.000,225.000,325.000,650.000,725.000,-1,-1,2,0,2,0,2,0,0,0,1,2,0,0,1,0,0,2,2
20,-1690.185,-3390.611,-85.660,-158.930,-0.932911,0.359498,0.020939,-0.359193,-0.933108,0.017000,0.025650,0.008338,0.999636,0,-0.59723,0.06324,-35.834,0.126,-1,350.000,-1,375.000,-1,300.000,325.000,300.000,300.000,-1,275.000,225.000,300.000,625.000,700.000,-1,-1,2,0,2,0,2,0,0,0,1,2,0,0,1,0,0,2,2
21,-1656.930,-3377.717,-86.339,-158.808,-0.932195,0.361483,0.018499,-0.361254,-0.932353,0.014605,0.022527,0.006932,0.999722,0,-0.59446,0.06084,-35.668,0.122,-1,350.000,-1,375.000,-1,300.000,325.000,300.000,275.000,-1,300.000,250.000,300.000,625.000,700.000,-1,-1,2,0,2,0,2,0,0,0,1,2,0,0,1,0,0,2,2
22,-1623.871,-3364.822,-86.988,-158.691,-0.931498,0.363392,0.016054,-0.363229,-0.931620,0.012198,0.019388,0.005531,0.999797,0,-0.59140,0.05859,-35.484,0.117,950.000,350.000,-1,375.000,-1,300.000,300.000,300.000,275.000,-1,325.000,250.000,275.000,600.000,700.000,-1,-1,0,0,2,0,2,0,0,0,1,2,0,0,1,0,0,2,2
23,-1591.025,-3351.934,-87.606,-158.578,-0.930817,0.365231,0.013605,-0.365124,-0.930908,0.009781,0.016238,0.004137,0.999860,0,-0.58807,0.05650,-35.284,0.113,875.000,350.000,-1,375.000,-1,300.000,300.000,300.000,275.000,-1,350.000,275.000,275.000,600.000,675.000,1000.000,-1,0,0,2,0,2,0,0,0,1,2,0,0,1,0,0,0,2
24,-1558.403,-3339.064,-88.192,-158.469,-0.930152,0.367006,0.011155,-0.366943,-0.930215,0.007357,0.013076,0.002750,0.999911,0,-0.58448,0.05458,-35.069,0.109,850.000,350.000,-1,375.000,-1,300.000,300.000,300.000,275.000,-1,400.000,300.000,250.000,600.000,675.000,925.000,-1,0,0,2,0,2,0,0,0,1,2,0,0,1,0,0,0,2
25,-1526.019,-3326.218,-88.748,-158.363,-0.929499,0.368722,0.008703,-0.368692,-0.929539,0.004927,0.009907,0.001371,0.999950,0,-0.58064,0.05283,-34.838,0.106,825.000,350.000,-1,375.000,-1,300.000,300.000,300.000,250.000,-1,500.000,325.000,250.000,600.000,675.000,875.000,-1,0,0,2,0,2,0,0,0,1,2,0,0,1,0,0,0,2
26,-1493.885,-3313.405,-89.273,-158.261,-0.928857,0.370385,0.006252,-0.370376,-0.928878,0.002492,0.006730,-0.000001,0.999977,0,-0.57658,0.05126,-34.595,0.103,800.000,350.000,-1,375.000,-1,300.000,300.000,300.000,250.000,-1,600.000,400.000,225.000,575.000,650.000,825.000,-1,0,0,2,0,2,0,0,0,1,2,0,0,1,0,0,0,2
27,-1466.183,-3302.436,-89.706,-158.398,-0.929756,0.368154,0.004120,-0.368156,-0.929764,0.000366,0.003965,-0.001176,0.999991,0,-0.49658,-0.06874,-29.795,-0.137,775.000,350.000,-1,375.000,-1,300.000,300.000,300.000,250.000,-1,700.000,500.000,225.000,575.000,650.000,800.000,-1,0,0,2,0,2,0,0,0,1,2,0,0,1,0,0,0,2
28,-1442.884,-3293.387,-89.731,-158.776,-0.932169,0.362019,0.001841,-0.362023,-0.932165,-0.002897,0.000667,-0.003367,0.999994,0,-0.41658,-0.18874,-24.995,-0.377,725.000,350.000,-1,375.000,-1,300.000,300.000,300.000,225.000,-1,850.000,525.000,225.000,575.000,650.000,775.000,-1,0,0,2,0,2,0,0,0,1,2,1,1,1,0,0,0,2
29,-1423.981,-3286.280,-89.343,-159.393,-0.936020,0.351947,-0.000491,-0.351936,-0.935999,-0.006822,-0.002860,-0.006213,0.999977,0,-0.33658,-0.30874,-20.195,-0.617,700.000,350.000,-1,375.000,-1,300.000,300.000,275.000,225.000,-1,850.000,575.000,225.000,575.000,650.000,725.000,-1,0,0,2,0,2,0,0,0,1,2,1,1,1,0,0,0,2
30,-1409.492,-3281.078,-89.245,-160.251,-0.941181,0.337897,-0.001996,-0.337869,-0.941154,-0.008608,-0.004787,-0.007427,0.999961,0,-0.25658,-0.42874,-15.395,-0.857,675.000,350.000,-1,375.000,-1,300.000,300.000,275.000,225.000,-1,825.000,675.000,225.000,575.000,650.000,725.000,-1,0,0,2,0,2,0,0,0,1,2,1,1,1,0,0,0,2
31,-1399.454,-3277.689,-89.500,-161.348,-0.947478,0.319809,-0.002746,-0.319776,-0.947454,-0.008661,-0.005371,-0.007328,0.999959,0,-0.17658,-0.54874,-10.595,-1.097,675.000,350.000,-1,375.000,-1,300.000,300.000,275.000,225.000,-1,825.000,850.000,225.000,575.000,650.000,725.000,-1,0,0,2,0,2,0,0,0,1,2,1,1,1,0,0,0,2
32,-1393.922,-3275.965,-90.099,-162.686,-0.954684,0.297610,-0.002681,-0.297585,-0.954669,-0.007090,-0.004670,-0.005971,0.999971,0,-0.09658,-0.66874,-5.795,-1.337,700.000,350.000,-1,375.000,-1,300.000,300.000,275.000,200.000,-1,800.000,825.000,225.000,575.000,650.000,725.000,-1,0,0,2,0,2,0,0,0,1,2,1,1,1,0,0,0,2
33,-1392.964,-3275.695,-90.855,-164.263,-0.962516,0.271219,-0.002047,-0.271207,-0.962509,-0.004799,-0.003272,-0.004064,0.999986,0,-0.01658,-0.78874,-0.995,-1.577,700.000,350.000,-1,375.000,-1,300.000,300.000,275.000,200.000,-1,800.000,825.000,225.000,575.000,650.000,750.000,-1,0,0,2,0,2,0,0,0,1,2,1,1,1,0,0,0,2
34,-1396.658,-3276.610,-90.948,-166.081,-0.970633,0.240555,-0.002160,-0.240543,-0.970626,-0.004839,-0.003261,-0.004177,0.999986,0,0.06342,-0.90874,3.805,-1.817,700.000,350.000,-1,375.000,-1,300.000,300.000,275.000,200.000,-1,800.000,825.000,225.000,575.000,650.000,750.000,-1,0,0,2,0,2,0,0,0,1,2,1,1,1,0,0,0,2
35,-1405.078,-3278.388,-90.944,-168.081,-0.978437,0.206535,-0.001864,-0.206525,-0.978432,-0.004339,-0.002720,-0.003861,0.999989,0,0.14342,-1.00000,8.605,-2.000,700.000,350.000,-1,375.000,-1,300.000,300.000,275.000,200.000,-1,800.000,825.000,250.000,575.000,650.000,775.000,-1,0,0,2,0,2,0,0,0,1,2,1,1,1,0,0,0,2
36,-1418.283,-3280.697,-90.844,-170.081,-0.985050,0.172263,-0.001137,-0.172258,-0.985046,-0.003401,-0.001706,-0.003155,0.999994,0,0.22342,-1.00000,13.405,-2.000,725.000,350.000,-1,375.000,-1,300.000,300.000,275.000,200.000,-1,825.000,825.000,250.000,600.000,675.000,800.000,-1,0,0,2,0,2,0,0,0,1,2,1,1,1,0,0,0,2
37,-1436.315,-3283.205,-90.675,-172.081,-0.990463,0.137780,-0.000044,-0.137780,-0.990460,-0.002206,-0.000347,-0.002179,0.999998,0,0.30342,-1.00000,18.205,-2.000,725.000,350.000,-1,375.000,-1,300.000,300.000,275.000,200.000,-1,850.000,825.000,275.000,600.000,675.000,850.000,-1,0,0,2,0,2,0,0,0,1,2,1,1,1,0,0,0,2
38,-1459.197,-3285.578,-90.455,-174.081,-0.994667,0.103130,0.001356,-0.103131,-0.994667,-0.000879,0.001258,-0.001014,0.999999,0,0.38342,-1.00000,23.005,-2.000,750.000,350.000,-1,375.000,-1,300.000,300.000,275.000,200.000,-1,875.000,850.000,300.000,600.000,675.000,900.000,-1,0,0,2,0,2,0,0,0,1,2,1,1,1,0,0,0,2
39,-1486.938,-3287.478,-90.181,-176.081,-0.997656,0.068354,0.003049,-0.068353,-0.997661,0.000548,0.003079,0.000339,0.999995,0,0.46342,-1.00000,27.805,-2.000,800.000,350.000,-1,375.000,-1,300.000,300.000,275.000,200.000,-1,900.000,875.000,325.000,625.000,700.000,975.000,-1,0,0,2,0,2,0,0,0,1,2,1,1,1,0,0,0,2
40,-1519.520,-3288.707,-89.846,-177.841,-0.999277,0.037680,0.005029,-0.037671,-0.999288,0.002014,0.005102,0.001823,0.999985,0,0.54342,-0.88000,32.605,-1.760,850.000,350.000,-1,375.000,-1,300.000,300.000,275.000,200.000,-1,925.000,900.000,325.000,625.000,700.000,-1,-1,0,0,2,0,2,0,0,0,1,2,1,1,1,0,0,2,2
41,-1556.923,-3289.124,-89.451,-179.361,-0.999911,0.011160,0.007285,-0.011135,-0.999932,0.003511,0.007323,0.003429,0.999967,0,0.62342,-0.76000,37.405,-1.520,925.000,350.000,-1,375.000,-1,300.000,300.000,300.000,200.000,-1,975.000,925.000,350.000,625.000,700.000,-1,-1,0,0,2,0,2,0,0,0,1,2,1,1,1,0,0,2,2
42,-1599.126,-3288.653,-88.997,-180.641,-0.999889,-0.011179,0.009807,0.011229,-0.999924,0.005041,0.009750,0.005150,0.999939,0,0.70342,-0.64000,42.205,-1.280,1000.000,375.000,-1,375.000,-1,300.000,300.000,300.000,200.000,-1,1000.000,975.000,350.000,650.000,725.000,-1,-1,0,0,2,0,2,0,0,0,1,2,1,1,1,0,0,2,2
43,-1646.111,-3287.274,-88.487,-181.681,-0.999491,-0.029326,0.012593,0.029411,-0.999546,0.006614,0.012393,0.006981,0.999899,0,0.78342,-0.52000,47.005,-1.040,-1,375.000,-1,375.000,-1,300.000,300.000,300.000,200.000,-1,-1,650.000,375.000,650.000,725.000,-1,-1,2,0,2,0,2,0,0,0,1,2,2,0,1,0,0,2,2
44,-1697.868,-3285.033,-87.926,-182.481,-0.998941,-0.043279,0.015643,0.043411,-0.999023,0.008247,0.015271,0.008917,0.999844,0,0.86342,-0.40000,51.805,-0.800,-1,375.000,-1,400.000,-1,300.000,325.000,275.000,200.000,-1,-1,400.000,375.000,675.000,725.000,-1,-1,2,0,2,0,2,0,0,0,1,2,2,0,1,0,0,2,2
45,-1751.812,-3282.168,-87.345,-183.041,-0.998415,-0.053040,0.018813,0.053232,-0.998533,0.009885,0.018261,0.010871,0.999774,0,0.90033,-0.28000,54.020,-0.560,-1,375.000,-1,400.000,-1,300.000,325.000,275.000,200.000,-1,600.000,350.000,375.000,675.000,725.000,-1,-1,2,0,2,0,2,0,0,0,1,2,0,0,1,0,0,2,2
46,-1805.315,-3279.023,-86.776,-183.364,-0.998035,-0.058683,0.021957,0.058945,-0.998195,0.011485,0.021243,0.012756,0.999693,0,0.89326,-0.16197,53.595,-0.324,-1,375.000,-1,400.000,-1,300.000,325.000,275.000,200.000,-1,450.000,325.000,350.000,675.000,750.000,-1,-1,2,0,2,0,2,0,0,0,1,2,0,0,1,0,0,2,2
47,-1858.349,-3275.606,-86.227,-183.687,-0.997616,-0.064300,0.025069,0.064640,-0.997824,0.013032,0.024176,0.014622,0.999601,0,0.88573,-0.16127,53.144,-0.323,-1,375.000,-1,400.000,-1,300.000,325.000,275.000,200.000,-1,400.000,300.000,350.000,700.000,750.000,-1,-1,2,0,2,0,2,0,0,0,1,2,0,0,1,0,0,2,2
48,-1910.931,-3271.923,-85.697,-184.007,-0.997158,-0.069875,0.028151,0.070304,-0.997420,0.014530,0.027063,0.016467,0.999498,0,0.87850,-0.16016,52.710,-0.320,-1,375.000,-1,400.000,-1,325.000,325.000,275.000,200.000,-1,375.000,275.000,350.000,700.000,750.000,-1,-1,2,0,2,0,2,0,0,0,1,2,0,0,1,0,0,2,2
49,-1963.081,-3267.980,-84.975,-184.325,-0.996683,-0.075395,0.030628,0.075936,-0.996970,0.016891,0.029262,0.019160,0.999388,0,0.87165,-0.15868,52.299,-0.317,-1,375.000,-1,400.000,-1,325.000,325.000,275.000,200.000,-1,350.000,275.000,350.000,725.000,750.000,-1,-1,2,0,2,0,2,0,0,0,1,2,0,0,1,0,0,2,2
50,-2014.826,-3263.782,-83.520,-184.638,-0.996233,-0.080848,0.031355,0.081458,-0.996502,0.018667,0.029736,0.021151,0.999334,0,0.86524,-0.15683,51.915,-0.314,-1,375.000,-1,400.000,-1,325.000,325.000,275.000,200.000,-1,400.000,300.000,350.000,725.000,750.000,-1,-1,2,0,2,0,2,0,0,0,1,2,0,0,1,0,0,2,2
51,-2066.193,-3259.336,-81.841,-184.948,-0.995768,-0.086224,0.031789,0.086871,-0.996028,0.019541,0.029978,0.022220,0.999304,0,0.85933,-0.15464,51.560,-0.309,-1,375.000,-1,400.000,-1,325.000,325.000,275.000,225.000,-1,450.000,350.000,350.000,750.000,775.000,-1,-1,2,0,2,0,2,0,0,0,1,2,0,0,1,0,0,2,2
52,-2117.215,-3254.646,-80.186,-185.252,-0.995283,-0.091510,0.032227,0.092193,-0.995532,0.020402,0.030216,0.023277,0.999272,0,0.85395,-0.15212,51.237,-0.304,-1,375.000,-1,400.000,-1,325.000,325.000,275.000,225.000,-1,500.000,400.000,350.000,750.000,775.000,-1,-1,2,0,2,0,2,0,0,0,1,2,0,0,1,0,0,2,2
53,-2167.924,-3249.719,-78.554,-185.550,-0.994778,-0.096694,0.032669,0.097415,-0.995017,0.021252,0.030451,0.024323,0.999240,0,0.84912,-0.14930,50.947,-0.299,-1,375.000,-1,400.000,-1,325.000,325.000,275.000,250.000,-1,550.000,450.000,350.000,775.000,775.000,-1,-1,2,0,2,0,2,0,0,0,1,2,0,0,1,0,0,2,2
54,-2218.351,-3244.559,-76.943,-185.843,-0.994257,-0.101768,0.033118,0.102527,-0.994485,0.022090,0.030687,0.025358,0.999207,0,0.84485,-0.14619,50.691,-0.292,-1,375.000,-1,400.000,-1,325.000,325.000,275.000,250.000,-1,600.000,500.000,350.000,775.000,800.000,-1,-1,2,0,2,0,2,0,0,0,1,2,0,0,1,0,0,2,2
55,-2268.532,-3239.171,-75.353,-186.129,-0.993722,-0.106722,0.033573,0.107519,-0.993939,0.022916,0.030924,0.026382,0.999173,0,0.84114,-0.14282,50.469,-0.286,-1,375.000,-1,400.000,-1,325.000,325.000,275.000,275.000,-1,650.000,550.000,375.000,800.000,800.000,-1,-1,2,0,2,0,2,0,0,0,1,2,0,0,1,0,0,2,2
56,-2318.497,-3233.561,-73.784,-186.407,-0.993176,-0.111546,0.034037,0.112383,-0.993382,0.023732,0.031165,0.027396,0.999139,0,0.83799,-0.13919,50.280,-0.278,-1,400.000,-1,400.000,-1,325.000,325.000,275.000,275.000,-1,700.000,600.000,375.000,800.000,800.000,-1,-1,2,0,2,0,2,0,0,0,0,2,0,0,1,0,0,2,2
57,-2368.280,-3227.733,-72.188,-186.678,-0.992618,-0.116235,0.034629,0.117108,-0.992821,0.024349,0.031550,0.028225,0.999104,0,0.83539,-0.13533,50.123,-0.271,-1,400.000,-1,400.000,-1,325.000,325.000,300.000,275.000,-1,750.000,625.000,400.000,825.000,825.000,-1,-1,2,0,2,0,2,0,0,0,0,2,0,0,1,0,0,2,2
58,-2417.912,-3221.692,-70.594,-186.940,-0.992052,-0.120779,0.035274,0.121689,-0.992256,0.024883,0.031996,0.028978,0.999068,0,0.83330,-0.13124,49.998,-0.262,-1,400.000,-1,400.000,-1,325.000,325.000,300.000,275.000,-1,775.000,675.000,400.000,825.000,825.000,-1,-1,2,0,2,0,2,0,0,0,0,2,0,0,1,0,0,2,2
59,-2467.423,-3215.443,-69.021,-187.194,-0.991484,-0.125172,0.035924,0.126119,-0.991689,0.025414,0.032444,0.029729,0.999031,0,0.83172,-0.12695,49.903,-0.254,-1,400.000,-1,400.000,-1,325.000,325.000,300.000,275.000,-1,825.000,700.000,425.000,850.000,850.000,-1,-1,2,0,2,0,2,0,0,0,0,2,0,0,1,1,0,2,2
60,-2516.841,-3208.991,-67.468,-187.439,-0.990917,-0.129407,0.036579,0.130392,-0.991123,0.025945,0.032897,0.030479,0.998994,0,0.83062,-0.12246,49.837,-0.245,-1,400.000,-1,400.000,-1,325.000,325.000,300.000,275.000,-1,850.000,750.000,425.000,825.000,850.000,-1,-1,2,0,2,0,2,0,0,0,0,2,0,0,1,1,0,2,2
61,-2566.194,-3202.341,-65.936,-187.674,-0.990352,-0.133478,0.037241,0.134502,-0.990560,0.026477,0.033356,0.031230,0.998955,0,0.82998,-0.11778,49.799,-0.236,-1,425.000,-1,425.000,-1,325.000,325.000,300.000,275.000,-1,875.000,775.000,450.000,800.000,875.000,-1,-1,2,0,2,0,2,0,0,0,0,2,0,0,1,1,0,2,2
62,-2615.508,-3195.498,-64.549,-187.900,-0.989817,-0.137381,0.037261,0.138409,-0.990018,0.026578,0.033238,0.031464,0.998952,0,0.82978,-0.11293,49.787,-0.226,-1,425.000,-1,425.000,-1,350.000,350.000,300.000,275.000,-1,925.000,825.000,475.000,775.000,875.000,975.000,-1,2,0,2,0,2,0,0,0,0,2,0,0,1,1,0,1,2
63,-2664.809,-3188.467,-63.299,-188.116,-0.989325,-0.141112,0.036375,0.142092,-0.989514,0.025903,0.032339,0.030795,0.999002,0,0.82998,-0.10792,49.799,-0.216,-1,425.000,-1,425.000,-1,350.000,350.000,300.000,275.000,-1,1000.000,900.000,500.000,750.000,875.000,925.000,-1,2,0,2,0,2,0,0,0,0,2,0,0,1,1,0,1,2
64,-2714.118,-3181.255,-62.269,-188.322,-0.988883,-0.144660,0.034410,0.145588,-0.988998,0.026201,0.030242,0.030919,0.999064,0,0.83057,-0.10274,49.834,-0.205,975.000,425.000,-1,425.000,-1,350.000,350.000,300.000,275.000,-1,-1,1000.000,525.000,725.000,875.000,875.000,-1,1,0,2,0,2,0,0,0,0,2,2,0,1,1,0,1,2
65,-2763.460,-3173.866,-61.250,-188.516,-0.988452,-0.148021,0.032441,0.148899,-0.988496,0.026532,0.028141,0.031056,0.999121,0,0.83153,-0.09741,49.892,-0.195,875.000,425.000,-1,425.000,-1,325.000,350.000,275.000,275.000,-1,-1,-1,550.000,700.000,875.000,825.000,-1,1,0,2,0,2,0,0,0,0,2,2,2,1,1,0,1,2
66,-2812.854,-3166.307,-60.244,-188.700,-0.988035,-0.151192,0.030468,0.152018,-0.988012,0.026896,0.026036,0.031206,0.999174,0,0.83283,-0.09194,49.970,-0.184,775.000,425.000,-1,425.000,-1,325.000,325.000,275.000,275.000,-1,-1,-1,600.000,675.000,875.000,775.000,-1,1,0,2,0,2,0,0,0,0,2,2,2,1,1,0,1,2
67,-2857.453,-3159.144,-59.340,-189.124,-0.986943,-0.158496,0.028689,0.159273,-0.986860,0.027192,0.024002,0.031406,0.999218,0,0.75283,-0.21194,45.170,-0.424,700.000,425.000,-1,400.000,-1,325.000,325.000,275.000,275.000,-1,-1,-1,625.000,650.000,850.000,725.000,-1,1,0,2,0,2,0,0,0,0,2,2,2,1,1,0,1,2
68,-2900.653,-3151.692,-58.473,-189.788,-0.985089,-0.169919,0.026970,0.170647,-0.984949,0.027466,0.021897,0.031659,0.999259,0,0.73065,-0.33194,43.839,-0.664,650.000,400.000,-1,400.000,-1,325.000,325.000,300.000,275.000,-1,-1,-1,650.000,625.000,850.000,675.000,-1,1,0,2,0,2,0,0,0,0,2,2,2,1,1,0,1,2
69,-2943.929,-3143.521,-57.619,-190.692,-0.982332,-0.185434,0.025252,0.186110,-0.982137,0.027753,0.019655,0.031962,0.999296,0,0.73400,-0.45194,44.040,-0.904,600.000,400.000,-1,400.000,-1,325.000,325.000,300.000,275.000,-1,-1,-1,700.000,600.000,850.000,650.000,-1,1,1,2,0,2,0,0,0,0,2,2,2,1,1,0,1,2
70,-2987.198,-3134.453,-56.784,-191.836,-0.978479,-0.205001,0.023540,0.205624,-0.978228,0.028073,0.017272,0.032309,0.999329,0,0.73683,-0.57194,44.210,-1.144,550.000,400.000,-1,400.000,-1,325.000,325.000,300.000,275.000,-1,-1,-1,725.000,600.000,850.000,600.000,-1,1,1,2,0,2,1,0,0,0,2,2,2,1,1,0,1,2
71,-3030.364,-3124.313,-55.976,-193.220,-0.973284,-0.228563,0.021840,0.229130,-0.972980,0.028449,0.014747,0.032693,0.999357,0,0.73901,-0.69194,44.341,-1.384,525.000,375.000,-1,400.000,-1,325.000,325.000,300.000,275.000,-1,-1,-1,775.000,600.000,825.000,575.000,-1,1,1,2,0,2,1,0,0,0,2,2,2,1,1,0,1,2
72,-3073.305,-3112.932,-55.202,-194.844,-0.966456,-0.256041,0.020161,0.256549,-0.966099,0.028899,0.012078,0.033102,0.999379,0,0.74039,-0.81194,44.423,-1.624,475.000,375.000,-1,400.000,-1,325.000,325.000,300.000,275.000,-1,-1,-1,800.000,600.000,825.000,550.000,-1,1,1,2,0,2,1,0,0,0,2,2,2,1,1,0,1,2
73,-3115.882,-3100.170,-54.470,-196.686,-0.957761,-0.286968,0.018515,0.287415,-0.957353,0.029441,0.009277,0.033519,0.999395,0,0.74081,-0.92131,44.448,-1.843,450.000,375.000,-1,400.000,-1,325.000,325.000,300.000,275.000,-1,-1,-1,850.000,600.000,825.000,550.000,-1,1,1,2,0,2,1,0,0,0,2,2,2,1,1,0,1,2
74,-3157.991,-3086.073,-53.793,-198.509,-0.948183,-0.317276,0.016913,0.317660,-0.947727,0.030088,0.006483,0.033901,0.999404,0,0.74010,-0.91154,44.406,-1.823,425.000,375.000,-1,400.000,-1,325.000,325.000,300.000,275.000,-1,-1,-1,875.000,650.000,825.000,550.000,-1,1,1,2,0,2,1,0,0,0,2,2,2,1,1,0,1,2
75,-3199.545,-3070.691,-53.456,-200.312,-0.937755,-0.346937,0.015823,0.347267,-0.937304,0.029446,0.004615,0.033108,0.999441,0,0.73849,-0.90122,44.310,-1.802,400.000,375.000,-1,400.000,-1,325.000,325.000,300.000,275.000,-1,-1,-1,925.000,700.000,825.000,575.000,-1,1,1,2,0,2,0,0,0,0,2,2,2,1,1,0,1,2
76,-3240.460,-3054.085,-52.282,-202.092,-0.926481,-0.375863,0.018943,0.376293,-0.925988,0.030826,0.005955,0.035688,0.999345,0,0.73592,-0.89039,44.155,-1.781,425.000,400.000,-1,400.000,-1,350.000,325.000,325.000,275.000,-1,-1,-1,950.000,750.000,850.000,750.000,-1,1,1,2,0,2,0,0,0,0,2,2,2,1,1,0,1,2
77,-3280.650,-3036.318,-51.223,-203.851,-0.914472,-0.404064,0.021774,0.404589,-0.913944,0.031845,0.007033,0.037931,0.999256,0,0.73237,-0.87910,43.942,-1.758,450.000,425.000,-1,425.000,-1,350.000,350.000,325.000,275.000,-1,-1,-1,975.000,750.000,850.000,800.000,-1,1,0,2,0,2,0,0,0,0,2,2,2,1,1,0,1,2
78,-3320.036,-3017.460,-50.571,-205.586,-0.901805,-0.431535,0.022936,0.432089,-0.901267,0.031884,0.006913,0.038664,0.999228,0,0.72781,-0.86741,43.668,-1.735,525.000,450.000,-1,425.000,-1,350.000,350.000,325.000,275.000,-1,-1,-1,1000.000,750.000,875.000,825.000,-1,1,0,2,0,2,0,0,0,0,2,2,2,1,1,0,1,2
79,-3358.546,-2997.586,-50.394,-207.296,-0.888530,-0.458259,0.022633,0.458781,-0.888000,0.031227,0.005788,0.038129,0.999256,0,0.72225,-0.85540,43.335,-1.711,600.000,450.000,-1,425.000,-1,350.000,350.000,300.000,275.000,-1,-1,-1,-1,725.000,875.000,825.000,-1,1,0,2,0,2,0,0,1,0,2,2,2,2,1,0,1,2
80,-3396.112,-2976.777,-50.789,-208.983,-0.874689,-0.484218,0.021260,0.484668,-0.874177,0.030191,0.003966,0.036712,0.999318,0,0.71574,-0.84316,42.944,-1.686,600.000,450.000,-1,425.000,-1,350.000,350.000,275.000,275.000,-1,-1,-1,-1,700.000,875.000,800.000,-1,1,0,2,0,2,0,0,1,0,2,2,2,2,1,0,1,2
81,-3432.676,-2955.113,-51.579,-210.644,-0.860332,-0.509414,0.018081,0.509734,-0.859857,0.028601,0.000977,0.033823,0.999427,0,0.70833,-0.83078,42.500,-1.662,600.000,425.000,-1,425.000,-1,350.000,350.000,250.000,275.000,-1,-1,-1,-1,700.000,875.000,775.000,-1,1,0,2,0,2,0,0,1,0,2,2,2,2,1,0,1,2
82,-3468.190,-2932.676,-52.761,-212.281,-0.845485,-0.533839,0.013097,0.533990,-0.845070,0.026663,-0.003166,0.029537,0.999559,0,0.70012,-0.81839,42.007,-1.637,600.000,425.000,-1,400.000,-1,350.000,325.000,225.000,275.000,-1,-1,-1,-1,675.000,850.000,750.000,-1,1,0,2,0,2,0,0,1,0,2,2,2,2,1,0,1,2
83,-3502.609,-2909.539,-54.349,-213.907,-0.830027,-0.557687,0.006311,0.557658,-0.829705,0.024648,-0.008509,0.023978,0.999676,0,0.69122,-0.81304,41.473,-1.626,575.000,400.000,-1,400.000,-1,325.000,325.000,225.000,300.000,-1,-1,-1,-1,650.000,825.000,700.000,-1,1,0,2,0,2,0,0,1,0,2,2,2,2,1,0,1,2
84,-3535.897,-2885.768,-54.768,-215.530,-0.813908,-0.580967,0.005515,0.580909,-0.813592,0.024748,-0.009891,0.023347,0.999678,0,0.68173,-0.81134,40.904,-1.623,550.000,400.000,-1,400.000,-1,325.000,325.000,200.000,300.000,-1,-1,-1,-1,650.000,825.000,700.000,-1,1,0,2,0,2,0,0,1,0,2,2,2,2,1,0,1,2
85,-3568.024,-2861.427,-55.206,-217.150,-0.797162,-0.603746,0.004806,0.603661,-0.796852,0.024911,-0.011210,0.022759,0.999678,0,0.67178,-0.81010,40.307,-1.620,550.000,400.000,-1,400.000,-1,325.000,325.000,200.000,300.000,-1,-1,-1,-1,650.000,825.000,725.000,-1,1,0,2,0,2,0,0,1,0,2,2,2,2,1,0,1,2
86,-3598.971,-2836.572,-55.685,-218.769,-0.779794,-0.626023,0.004063,0.625910,-0.779491,0.025098,-0.012545,0.022114,0.999677,0,0.66154,-0.80931,39.693,-1.619,525.000,400.000,-1,400.000,-1,325.000,325.000,200.000,300.000,-1,-1,-1,-1,675.000,825.000,-1,-1,1,0,2,0,2,0,0,1,0,2,2,2,2,1,0,2,2
87,-3628.731,-2811.256,-56.202,-220.386,-0.761811,-0.647791,0.003294,0.647651,-0.761517,0.025312,-0.013889,0.021416,0.999674,0,0.65118,-0.80896,39.071,-1.618,525.000,400.000,-1,400.000,-1,325.000,325.000,200.000,300.000,-1,-1,-1,-1,725.000,825.000,-1,-1,1,1,2,0,2,0,0,1,0,2,2,2,2,1,0,2,2
88,-3657.303,-2785.525,-56.755,-222.005,-0.743216,-0.669047,0.002502,0.668878,-0.742933,0.025555,-0.015238,0.020666,0.999670,0,0.64084,-0.80904,38.450,-1.618,525.000,400.000,-1,400.000,-1,325.000,325.000,225.000,300.000,-1,-1,-1,-1,775.000,800.000,-1,-1,1,1,2,0,2,0,0,1,0,2,2,2,2,1,0,2,2
89,-3688.612,-2755.686,-56.523,-223.624,-0.724066,-0.689728,0.001973,0.689451,-0.723688,0.030543,-0.019638,0.023475,0.999532,0,0.72084,-0.80953,43.250,-1.619,550.000,400.000,-1,400.000,-1,325.000,325.000,225.000,300.000,-1,-1,-1,-1,825.000,800.000,-1,-1,1,1,2,0,2,0,0,1,0,2,2,2,2,0,0,2,2
90,-3722.444,-2721.565,-56.506,-225.245,-0.704318,-0.709883,0.001516,0.709481,-0.703845,0.035198,-0.023919,0.025866,0.999379,0,0.80084,-0.81055,48.050,-1.621,625.000,400.000,-1,400.000,-1,325.000,325.000,250.000,275.000,-1,-1,-1,-1,825.000,775.000,-1,-1,1,1,2,0,2,0,0,1,0,2,2,2,2,0,0,2,2
91,-3755.341,-2686.447,-56.925,-226.869,-0.683937,-0.729540,0.000949,0.729048,-0.683428,0.037618,-0.026796,0.026420,0.999292,0,0.80198,-0.81224,48.119,-1.624,-1,400.000,-1,375.000,-1,325.000,325.000,275.000,275.000,-1,-1,-1,-1,825.000,750.000,-1,-1,2,1,2,0,2,0,0,1,0,2,2,2,2,0,0,2,2
92,-3786.827,-2650.861,-57.756,-228.498,-0.662910,-0.748699,0.000083,0.748169,-0.662436,0.037707,-0.028176,0.025059,0.999289,0,0.79192,-0.81448,47.515,-1.629,-1,400.000,-1,375.000,-1,325.000,325.000,300.000,275.000,-1,-1,-1,-1,850.000,750.000,-1,-1,2,0,2,0,2,0,0,1,0,2,2,2,2,0,0,2,2
93,-3816.933,-2614.812,-59.048,-230.133,-0.641235,-0.767343,-0.001215,0.766825,-0.640858,0.035791,-0.028243,0.022019,0.999359,0,0.78279,-0.81721,46.968,-1.634,-1,400.000,-1,400.000,-1,325.000,325.000,325.000,275.000,550.000,-1,-1,-1,850.000,750.000,-1,-1,2,0,2,0,2,0,0,1,0,1,2,2,2,0,0,2,2
94,-3845.694,-2578.297,-60.794,-231.773,-0.618916,-0.785451,-0.003112,0.784993,-0.618681,0.031930,-0.027005,0.017319,0.999485,0,0.77469,-0.82039,46.481,-1.641,-1,400.000,-1,400.000,-1,325.000,325.000,300.000,300.000,475.000,-1,-1,-1,850.000,775.000,-1,-1,2,0,2,0,2,0,0,1,0,1,2,2,2,0,0,2,2
95,-3873.141,-2541.310,-62.652,-233.421,-0.595995,-0.802978,-0.004017,0.802648,-0.595881,0.026131,-0.023376,0.012350,0.999650,0,0.76765,-0.82399,46.059,-1.648,-1,425.000,-1,400.000,-1,325.000,325.000,275.000,300.000,425.000,-1,-1,-1,875.000,775.000,-1,-1,2,0,2,0,2,0,0,1,0,1,2,2,2,0,0,2,2
96,-3902.436,-2499.735,-63.950,-234.829,-0.576055,-0.817396,-0.004961,0.817079,-0.575984,0.024996,-0.023290,0.010345,0.999675,0,0.84765,-0.70399,50.859,-1.408,-1,425.000,-1,400.000,-1,325.000,325.000,250.000,300.000,425.000,-1,-1,-1,900.000,775.000,-1,-1,2,0,2,0,2,0,0,1,0,1,2,2,2,0,0,2,2
97,-3932.719,-2454.844,-65.460,-235.997,-0.559225,-0.828983,-0.007348,0.828633,-0.559214,0.025434,-0.025194,0.008135,0.999649,0,0.90250,-0.58399,54.150,-1.168,-1,425.000,-1,400.000,-1,325.000,325.000,250.000,300.000,450.000,-1,-1,-1,900.000,750.000,-1,-1,2,0,2,0,2,0,0,1,0,1,2,2,2,0,0,2,2
98,-3961.439,-2410.503,-67.211,-237.068,-0.543555,-0.839305,-0.010703,0.838917,-0.543636,0.026026,-0.027662,0.005167,0.999604,0,0.88050,-0.53537,52.830,-1.071,-1,425.000,-1,400.000,-1,325.000,325.000,225.000,300.000,475.000,-1,-1,-1,875.000,750.000,-1,-1,2,0,2,0,2,0,0,1,0,1,2,2,2,0,0,2,2
99,-3988.637,-2366.749,-68.643,-238.135,-0.527791,-0.849288,-0.012084,0.848884,-0.527917,0.026468,-0.028858,0.003712,0.999577,0,0.85863,-0.53348,51.518,-1.067,-1,425.000,-1,400.000,-1,325.000,325.000,225.000,300.000,500.000,-1,-1,-1,875.000,725.000,-1,-1,2,0,2,0,2,0,0,1,0,1,2,2,2,0,0,2,2
100,-4014.346,-2323.621,-70.148,-239.201,-0.511859,-0.858967,-0.013260,0.858550,-0.512025,0.026890,-0.029887,0.002379,0.999550,0,0.83683,-0.53307,50.210,-1.066,-1,425.000,-1,400.000,-1,325.000,325.000,225.000,300.000,525.000,-1,-1,-1,850.000,725.000,-1,-1,2,0,2,0,2,0,0,1,0,1,2,2,2,0,0,2,2
101,-4038.611,-2281.132,-71.676,-240.269,-0.495716,-0.868365,-0.014435,0.867936,-0.495925,0.027308,-0.030872,0.001009,0.999523,0,0.81549,-0.53406,48.929,-1.068,-1,425.000,-1,400.000,-1,325.000,325.000,250.000,300.000,550.000,-1,-1,-1,825.000,725.000,-1,-1,2,0,2,0,2,0,0,1,0,1,2,2,2,0,0,2,2
102,-4061.486,-2239.278,-73.220,-241.342,-0.479328,-0.877497,-0.015606,0.877059,-0.479582,0.027721,-0.031809,-0.000400,0.999494,0,0.79495,-0.53633,47.697,-1.073,-1,425.000,-1,400.000,-1,325.000,325.000,250.000,300.000,575.000,-1,-1,-1,825.000,700.000,-1,-1,2,0,2,0,2,0,0,1,0,1,2,2,2,0,0,2,2
103,-4083.027,-2198.036,-74.775,-242.421,-0.462663,-0.886376,-0.016772,0.885931,-0.462963,0.028126,-0.032695,-0.001846,0.999464,0,0.77548,-0.53979,46.529,-1.080,-1,425.000,-1,375.000,-1,325.000,325.000,250.000,300.000,575.000,-1,-1,-1,800.000,700.000,-1,-1,2,0,2,0,2,0,0,1,0,1,2,2,2,0,0,2,2
104,-4103.294,-2157.369,-76.338,-243.510,-0.445689,-0.895008,-0.017934,0.894560,-0.446037,0.028522,-0.033526,-0.003331,0.999432,0,0.75729,-0.54433,45.437,-1.089,-1,425.000,-1,375.000,-1,325.000,325.000,275.000,300.000,600.000,-1,-1,-1,775.000,675.000,-1,-1,2,0,2,0,2,0,0,1,0,1,2,2,2,0,0,2,2
105,-4122.346,-2117.229,-77.905,-244.610,-0.428378,-0.903398,-0.019090,0.902948,-0.428776,0.028906,-0.034299,-0.004854,0.999400,0,0.74053,-0.54984,44.432,-1.100,-1,400.000,-1,375.000,-1,325.000,325.000,300.000,300.000,600.000,-1,-1,-1,750.000,675.000,-1,-1,2,0,2,0,2,0,0,1,0,1,2,2,2,0,0,2,2
106,-4140.238,-2077.561,-79.404,-245.722,-0.410690,-0.911543,-0.020563,0.911095,-0.411150,0.029359,-0.035217,-0.006678,0.999357,0,0.72528,-0.55625,43.517,-1.113,-1,400.000,-1,375.000,-1,325.000,325.000,300.000,300.000,600.000,-1,-1,-1,750.000,675.000,-1,-1,2,0,2,0,2,0,0,0,0,1,2,2,2,0,0,2,2
107,-4157.025,-2038.303,-80.631,-246.849,-0.392628,-0.919448,-0.021419,0.918955,-0.393141,0.031022,-0.036944,-0.007503,0.999289,0,0.71160,-0.56347,42.696,-1.127,-1,400.000,-1,375.000,1000.000,325.000,300.000,300.000,300.000,575.000,-1,-1,-1,725.000,650.000,-1,-1,2,0,2,0,0,0,0,0,0,1,2,2,2,0,0,2,2
108,-4172.753,-1999.391,-81.652,-247.992,-0.374134,-0.927089,-0.023014,0.926615,-0.374717,0.031190,-0.037540,-0.009656,0.999248,0,0.69951,-0.57143,41.970,-1.143,-1,400.000,-1,375.000,975.000,325.000,300.000,300.000,300.000,550.000,900.000,-1,-1,700.000,650.000,-1,1000.000,2,0,2,0,0,0,0,0,0,1,1,2,2,0,0,2,0
109,-4187.465,-1960.759,-82.886,-249.152,-0.355191,-0.934452,-0.025285,0.934054,-0.355856,0.030171,-0.037191,-0.012901,0.999225,0,0.68898,-0.58007,41.339,-1.160,-1,375.000,-1,350.000,950.000,300.000,300.000,300.000,300.000,525.000,875.000,-1,-1,700.000,650.000,-1,1000.000,2,0,2,0,0,0,0,0,0,1,1,2,2,0,0,2,0
110,-4201.199,-1922.340,-84.349,-250.331,-0.335789,-0.941515,-0.028199,0.941248,-0.336538,0.028183,-0.036024,-0.017079,0.999205,0,0.68000,-0.58933,40.800,-1.179,-1,375.000,-1,350.000,975.000,300.000,300.000,300.000,300.000,525.000,875.000,-1,-1,700.000,650.000,-1,975.000,2,0,2,0,0,0,0,0,0,1,1,2,2,0,0,2,0
111,-4213.984,-1884.068,-85.737,-251.529,-0.315929,-0.948277,-0.030975,0.948137,-0.316750,0.026574,-0.035011,-0.020973,0.999167,0,0.67251,-0.59917,40.351,-1.198,-1,375.000,-1,350.000,975.000,300.000,300.000,300.000,300.000,525.000,875.000,-1,-1,675.000,625.000,-1,975.000,2,0,2,0,0,0,0,0,0,1,1,2,2,0,0,2,0
112,-4225.844,-1845.878,-86.649,-252.748,-0.295665,-0.954760,-0.031856,0.954701,-0.296490,0.025281,-0.033582,-0.022938,0.999173,0,0.66648,-0.60956,39.989,-1.219,-1,375.000,-1,350.000,975.000,300.000,300.000,300.000,300.000,525.000,900.000,-1,-1,675.000,625.000,-1,975.000,2,0,2,0,0,0,0,0,0,1,1,2,2,0,0,2,0
113,-4238.394,-1802.884,-87.422,-253.728,-0.279357,-0.959667,-0.031616,0.959683,-0.280126,0.023200,-0.031120,-0.023861,0.999231,0,0.74648,-0.48956,44.789,-0.979,-1,375.000,-1,375.000,975.000,300.000,300.000,300.000,300.000,550.000,925.000,-1,-1,675.000,625.000,-1,975.000,2,0,2,0,0,0,0,0,0,1,1,2,2,0,0,2,0
114,-4251.358,-1756.245,-88.288,-254.467,-0.267010,-0.963179,-0.031480,0.963272,-0.267717,0.020844,-0.028504,-0.024758,0.999287,0,0.80677,-0.36956,48.406,-0.739,-1,375.000,-1,375.000,975.000,300.000,300.000,300.000,300.000,575.000,950.000,-1,-1,675.000,625.000,1000.000,975.000,2,0,2,0,0,0,0,0,0,1,1,2,2,0,0,1,0
115,-4263.916,-1709.491,-89.184,-254.966,-0.258669,-0.965455,-0.031412,0.965618,-0.259311,0.018404,-0.025914,-0.025572,0.999337,0,0.80686,-0.24956,48.412,-0.499,1000.000,375.000,-1,375.000,1000.000,300.000,300.000,300.000,300.000,600.000,975.000,-1,-1,675.000,625.000,975.000,975.000,1,0,2,0,0,0,0,0,0,1,1,2,2,0,0,1,0
116,-4276.294,-1662.559,-90.112,-255.225,-0.254362,-0.966600,-0.031380,0.966827,-0.254938,0.015896,-0.023365,-0.026296,0.999381,0,0.80895,-0.12956,48.537,-0.259,950.000,375.000,-1,375.000,1000.000,300.000,300.000,325.000,300.000,625.000,1000.000,-1,-1,650.000,625.000,950.000,975.000,1,0,2,0,0,0,0,0,0,1,1,2,2,0,0,1,0
117,-4288.715,-1615.402,-91.078,-255.244,-0.254104,-0.966669,-0.031346,0.966952,-0.254611,0.013332,-0.020869,-0.026922,0.999420,0,0.81276,-0.00956,48.766,-0.019,925.000,375.000,-1,375.000,1000.000,300.000,300.000,325.000,300.000,675.000,725.000,-1,-1,650.000,600.000,900.000,975.000,1,0,2,0,0,0,0,0,0,1,0,2,2,0,0,1,0
118,-4301.399,-1567.987,-92.087,-255.023,-0.257896,-0.965666,-0.031273,0.965997,-0.258332,0.010727,-0.018438,-0.027443,0.999453,0,0.81803,0.11044,49.082,0.221,875.000,375.000,-1,375.000,975.000,300.000,300.000,325.000,300.000,700.000,575.000,900.000,-1,650.000,600.000,875.000,950.000,1,0,2,0,1,0,0,0,0,1,0,0,2,0,0,1,1
119,-4314.568,-1520.299,-93.145,-254.562,-0.265725,-0.963546,-0.031121,0.963915,-0.266088,0.008092,-0.016078,-0.027848,0.999483,0,0.82455,0.23044,49.473,0.461,850.000,375.000,-1,350.000,925.000,300.000,300.000,325.000,300.000,725.000,500.000,700.000,-1,650.000,600.000,850.000,900.000,1,0,2,0,1,0,0,0,0,1,0,0,2,0,0,1,1
120,-4328.292,-1472.296,-94.248,-254.045,-0.274485,-0.961096,-0.030867,0.961494,-0.274773,0.005411,-0.013682,-0.028193,0.999509,0,0.83211,0.25861,49.927,0.517,800.000,375.000,1000.000,350.000,900.000,300.000,300.000,325.000,300.000,775.000,425.000,600.000,-1,650.000,600.000,825.000,875.000,1,0,1,0,1,0,0,0,0,1,0,0,2,0,0,1,1
121,-4342.559,-1423.944,-95.396,-253.561,-0.282670,-0.958732,-0.030511,0.959152,-0.282879,0.002668,-0.011189,-0.028510,0.999531,0,0.84022,0.24199,50.413,0.484,775.000,375.000,950.000,350.000,850.000,300.000,300.000,325.000,300.000,800.000,375.000,500.000,-1,650.000,600.000,775.000,825.000,1,0,1,0,1,0,0,0,0,1,0,0,2,0,0,1,1
122,-4357.352,-1375.220,-96.351,-253.111,-0.290243,-0.956447,-0.031097,0.956908,-0.290392,0.000273,-0.009292,-0.029678,0.999516,0,0.84867,0.22506,50.920,0.450,725.000,375.000,900.000,350.000,800.000,300.000,300.000,325.000,300.000,825.000,350.000,450.000,-1,625.000,600.000,725.000,775.000,1,0,1,0,1,0,0,0,0,1,0,0,2,0,0,1,1
123,-4373.852,-1321.999,-96.642,-252.777,-0.295905,-0.954608,-0.034105,0.955199,-0.295929,-0.004437,-0.005857,-0.033890,0.999408,0,0.92867,0.16720,55.720,0.334,675.000,350.000,875.000,350.000,750.000,300.000,300.000,300.000,300.000,850.000,325.000,425.000,-1,625.000,600.000,700.000,725.000,1,0,1,0,1,0,0,0,0,1,0,0,2,0,0,1,1
124,-4391.740,-1265.423,-96.843,-252.456,-0.301366,-0.952766,-0.037612,0.953507,-0.301202,-0.010086,-0.001720,-0.038903,0.999242,0,0.98895,0.16003,59.337,0.320,625.000,350.000,825.000,350.000,700.000,300.000,300.000,300.000,300.000,900.000,300.000,375.000,-1,625.000,600.000,650.000,675.000,1,0,1,0,1,0,0,0,0,1,0,0,2,1,0,1,1
125,-4410.126,-1208.327,-96.482,-252.151,-0.306545,-0.951033,-0.039578,0.951856,-0.306235,-0.013828,0.001031,-0.041912,0.999121,0,0.99972,0.15257,59.983,0.305,575.000,350.000,750.000,350.000,650.000,300.000,300.000,300.000,325.000,950.000,325.000,400.000,-1,600.000,575.000,600.000,625.000,1,0,1,0,1,0,0,0,0,1,0,0,2,1,1,1,1
126,-4428.805,-1151.309,-95.369,-251.861,-0.311535,-0.949469,-0.038144,0.950220,-0.311052,-0.018153,0.005371,-0.041901,0.999107,0,1.00000,0.14522,60.000,0.290,525.000,350.000,700.000,350.000,600.000,300.000,300.000,300.000,325.000,1000.000,350.000,400.000,-1,600.000,550.000,575.000,575.000,1,0,1,0,1,0,0,0,0,1,0,0,2,1,1,1,1
127,-4447.759,-1094.381,-94.270,-251.585,-0.316274,-0.947960,-0.036643,0.948618,-0.315626,-0.022450,0.009717,-0.041860,0.999076,0,1.00000,0.13810,60.000,0.276,500.000,375.000,650.000,350.000,550.000,300.000,300.000,300.000,325.000,-1,350.000,425.000,-1,575.000,500.000,550.000,525.000,1,0,1,0,1,0,0,0,0,2,0,0,2,1,1,1,1
128,-4465.668,-1042.167,-93.291,-251.068,-0.324944,-0.945077,-0.035237,0.945637,-0.324153,-0.026379,0.013508,-0.041893,0.999031,0,0.92000,0.25810,55.200,0.516,475.000,375.000,600.000,375.000,500.000,300.000,300.000,300.000,300.000,-1,375.000,425.000,-1,575.000,475.000,525.000,475.000,1,0,1,0,1,0,0,0,0,2,0,0,2,1,1,1,1
129,-4482.647,-994.713,-92.437,-250.312,-0.337509,-0.940712,-0.033892,0.941174,-0.336596,-0.029923,0.016741,-0.041998,0.998977,0,0.84000,0.37810,50.400,0.756,450.000,375.000,575.000,375.000,450.000,300.000,300.000,300.000,300.000,-1,375.000,425.000,-1,525.000,425.000,475.000,425.000,1,0,1,1,1,0,0,0,0,2,0,0,2,1,1,1,1
