timestep,x_cm,y_cm,z_cm,yaw_deg,basis_xx,basis_xy,basis_xz,basis_yx,basis_yy,basis_yz,basis_zx,basis_zy,basis_zz,teleport_flag,throttle_cmd,steering_cmd,cmd_move_cm,cmd_turn_deg,lidar_cm_0,lidar_cm_1,lidar_cm_2,lidar_cm_3,lidar_cm_4,lidar_cm_5,lidar_cm_6,lidar_cm_7,lidar_cm_8,lidar_cm_9,lidar_cm_10,lidar_cm_11,lidar_cm_12,lidar_cm_13,lidar_cm_14,lidar_cm_15,lidar_cm_16,lidar_class_0,lidar_class_1,lidar_class_2,lidar_class_3,lidar_class_4,lidar_class_5,lidar_class_6,lidar_class_7,lidar_class_8,lidar_class_9,lidar_class_10,lidar_class_11,lidar_class_12,lidar_class_13,lidar_class_14,lidar_class_15,lidar_class_16
0,-3606.919,4914.741,117.992,-81.675,0.147456,0.987877,-0.048536,-0.987764,0.144564,-0.058506,-0.050780,0.056569,0.997106,1,0.08000,-0.12000,4.800,-0.240,700.000,375.000,-1,375.000,-1,325.000,325.000,300.000,325.000,-1,700.000,625.000,600.000,550.000,725.000,600.000,-1,1,0,2,0,2,0,0,0,0,2,0,0,1,1,0,1,2
1,-3605.609,4905.230,117.490,-82.155,0.139169,0.989071,-0.048683,-0.988956,0.136286,-0.058244,-0.050973,0.056251,0.997115,0,0.16000,-0.24000,9.600,-0.480,675.000,375.000,-1,375.000,-1,325.000,325.000,300.000,325.000,-1,700.000,625.000,600.000,525.000,725.000,600.000,-1,1,0,2,0,2,0,0,0,0,2,0,0,1,1,0,1,2
2,-3603.823,4890.941,116.727,-82.875,0.126720,0.990733,-0.048898,-0.990613,0.123850,-0.057853,-0.051261,0.055770,0.997127,0,0.24000,-0.36000,14.400,-0.720,650.000,375.000,-1,375.000,-1,325.000,325.000,300.000,325.000,-1,700.000,625.000,625.000,525.000,725.000,575.000,-1,1,0,2,0,2,0,0,0,0,2,0,0,1,1,0,1,2
3,-3601.761,4871.852,115.693,-83.835,0.110091,0.992704,-0.049172,-0.992579,0.107237,-0.057336,-0.051644,0.055119,0.997143,0,0.32000,-0.48000,19.200,-0.960,600.000,375.000,-1,375.000,-1,325.000,325.000,300.000,325.000,-1,700.000,625.000,650.000,525.000,725.000,550.000,-1,1,1,2,0,2,0,0,0,0,2,0,0,1,1,0,1,2
4,-3599.684,4847.942,114.376,-85.035,0.089261,0.994778,-0.049496,-0.994644,0.086428,-0.056694,-0.052120,0.054291,0.997164,0,0.40000,-0.60000,24.000,-1.200,575.000,375.000,-1,375.000,-1,325.000,325.000,300.000,325.000,-1,725.000,625.000,650.000,500.000,725.000,525.000,-1,1,1,2,0,2,1,0,0,0,2,0,0,1,1,0,1,2
5,-3597.914,4819.196,112.757,-86.475,0.064212,0.996690,-0.049855,-0.996545,0.061405,-0.055932,-0.052686,0.053274,0.997189,0,0.48000,-0.72000,28.800,-1.440,525.000,350.000,-1,375.000,-1,300.000,325.000,300.000,300.000,-1,725.000,625.000,675.000,500.000,725.000,500.000,-1,1,1,2,0,2,1,0,0,0,2,0,0,1,1,0,1,2
6,-3596.833,4785.613,110.820,-88.155,0.034937,0.998126,-0.050235,-0.997965,0.032160,-0.055055,-0.053336,0.052056,0.997219,0,0.56000,-0.84000,33.600,-1.680,475.000,350.000,-1,375.000,-1,300.000,325.000,300.000,300.000,-1,725.000,625.000,725.000,475.000,725.000,450.000,-1,1,1,2,0,2,1,0,0,0,2,0,0,1,1,0,1,2
7,-3596.884,4747.213,108.541,-90.075,0.001441,0.998717,-0.050616,-0.998536,-0.001299,-0.054068,-0.054064,0.050620,0.997254,0,0.64000,-0.96000,38.400,-1.920,425.000,325.000,-1,375.000,-1,300.000,325.000,300.000,300.000,-1,750.000,625.000,750.000,475.000,725.000,425.000,-1,1,1,2,0,2,1,0,0,0,2,0,0,1,1,0,1,2
8,-3598.357,4704.037,105.910,-91.953,-0.031335,0.998207,-0.051001,-0.998016,-0.034036,-0.052973,-0.054614,0.049240,0.997293,0,0.72000,-0.93916,43.200,-1.878,375.000,325.000,-1,375.000,-1,300.000,325.000,300.000,300.000,-1,750.000,625.000,775.000,450.000,725.000,375.000,-1,1,1,2,0,2,1,0,0,0,2,0,0,1,1,0,1,2
9,-3601.550,4656.143,102.910,-93.814,-0.063781,0.996640,-0.051378,-0.996447,-0.066438,-0.051772,-0.055012,0.047893,0.997336,0,0.80000,-0.93047,48.000,-1.861,325.000,325.000,-1,375.000,-1,300.000,325.000,300.000,300.000,-1,750.000,625.000,825.000,450.000,725.000,350.000,-1,1,1,2,0,2,1,0,0,0,2,0,0,1,1,0,1,2
10,-3606.753,4603.600,100.042,-95.655,-0.095768,0.993954,-0.053708,-0.993932,-0.098420,-0.049119,-0.054108,0.048678,0.997348,0,0.88000,-0.92056,52.800,-1.841,275.000,325.000,-1,400.000,-1,300.000,325.000,300.000,300.000,-1,700.000,575.000,850.000,475.000,750.000,300.000,-1,1,1,2,0,2,1,0,0,0,2,0,0,1,1,0,1,2
11,-3614.238,4546.489,99.178,-97.473,-0.127212,0.989824,-0.063763,-0.990767,-0.129846,-0.039006,-0.046888,0.058212,0.997203,0,0.96000,-0.90927,57.600,-1.819,275.000,350.000,-1,400.000,-1,325.000,325.000,325.000,300.000,-1,525.000,400.000,875.000,525.000,775.000,325.000,-1,1,1,2,0,2,0,0,0,0,2,0,0,1,1,1,1,2
12,-3623.557,4489.344,97.985,-99.266,-0.158240,0.984874,-0.070586,-0.986538,-0.160685,-0.030381,-0.041263,0.064828,0.997043,0,0.96500,-0.89644,57.900,-1.793,275.000,375.000,-1,425.000,-1,350.000,350.000,350.000,300.000,-1,450.000,325.000,900.000,575.000,775.000,325.000,-1,1,1,2,0,2,0,0,0,0,2,0,0,1,1,1,1,2
13,-3634.599,4432.685,96.170,-101.032,-0.188671,0.979171,-0.075021,-0.981328,-0.190892,-0.023564,-0.037394,0.069175,0.996903,0,0.96208,-0.88263,57.725,-1.765,275.000,400.000,-1,425.000,-1,375.000,350.000,375.000,300.000,-1,425.000,300.000,925.000,600.000,800.000,350.000,-1,1,1,2,0,2,0,0,0,0,2,0,0,1,1,1,1,2
14,-3647.294,4376.651,93.695,-102.768,-0.218395,0.972809,-0.077113,-0.975217,-0.220438,-0.018943,-0.035427,0.071065,0.996842,0,0.95756,-0.86799,57.454,-1.736,275.000,450.000,-1,450.000,-1,375.000,375.000,325.000,300.000,-1,425.000,300.000,950.000,600.000,850.000,425.000,-1,1,1,2,0,2,0,0,1,0,2,0,0,1,1,1,1,2
15,-3662.077,4318.501,90.475,-104.264,-0.243819,0.966728,-0.077384,-0.969190,-0.245761,-0.016498,-0.034967,0.070977,0.996865,0,1.00000,-0.74799,60.000,-1.496,275.000,450.000,-1,450.000,-1,375.000,375.000,275.000,300.000,-1,425.000,300.000,975.000,575.000,875.000,450.000,-1,1,1,2,0,2,0,0,1,0,2,0,0,1,1,0,1,2
16,-3678.133,4260.688,86.647,-105.520,-0.264990,0.961253,-0.075974,-0.963575,-0.266932,-0.016468,-0.036110,0.068842,0.996974,0,1.00000,-0.62799,60.000,-1.256,275.000,425.000,-1,450.000,-1,375.000,375.000,225.000,300.000,-1,475.000,325.000,1000.000,550.000,875.000,450.000,-1,1,1,2,0,2,1,0,1,0,2,0,0,1,1,0,1,2
17,-3695.213,4203.170,82.271,-106.535,-0.281983,0.956624,-0.073184,-0.958639,-0.284009,-0.018728,-0.038701,0.064876,0.997143,0,1.00000,-0.50799,60.000,-1.016,275.000,375.000,-1,425.000,-1,350.000,350.000,200.000,300.000,-1,500.000,350.000,-1,500.000,850.000,400.000,-1,1,1,2,1,2,1,0,1,0,2,0,0,2,1,0,1,2
18,-3713.071,4145.888,77.414,-107.311,-0.294880,0.953020,-0.069274,-0.954586,-0.297042,-0.023065,-0.042559,0.059327,0.997331,0,1.00000,-0.38799,60.000,-0.776,250.000,350.000,-1,425.000,-1,325.000,350.000,175.000,300.000,-1,575.000,425.000,-1,475.000,825.000,375.000,-1,1,1,2,1,2,1,1,1,0,2,0,0,2,1,0,1,2
19,-3731.465,4088.777,72.152,-107.847,-0.303762,0.950565,-0.064458,-0.951564,-0.306061,-0.029189,-0.047474,0.052469,0.997493,0,1.00000,-0.26799,60.000,-0.536,225.000,325.000,-1,400.000,-1,300.000,325.000,150.000,300.000,-1,675.000,550.000,-1,425.000,800.000,300.000,-1,1,1,2,1,2,1,1,1,0,2,0,0,2,1,0,1,2
20,-3750.148,4031.774,67.032,-108.143,-0.308510,0.949253,-0.061166,-0.949647,-0.311060,-0.037584,-0.054703,0.046491,0.997420,0,0.99976,-0.14799,59.986,-0.296,200.000,275.000,-1,375.000,-1,275.000,300.000,150.000,300.000,-1,975.000,825.000,-1,375.000,775.000,250.000,-1,1,1,2,1,2,1,1,1,0,2,0,0,2,1,0,1,2
21,-3768.668,3975.426,66.051,-108.199,-0.308596,0.948404,-0.072796,-0.949400,-0.311808,-0.037624,-0.058381,0.057502,0.996637,0,0.98854,-0.02799,59.312,-0.056,175.000,275.000,-1,350.000,-1,250.000,275.000,150.000,300.000,-1,-1,-1,1000.000,350.000,725.000,225.000,-1,1,1,2,1,2,1,1,1,1,2,2,2,1,1,0,1,2
22,-3786.788,3919.648,68.301,-108.015,-0.305118,0.947787,-0.092753,-0.951078,-0.308235,-0.021022,-0.048514,0.081801,0.995467,0,0.97748,0.09201,58.649,0.184,200.000,275.000,-1,375.000,-1,250.000,300.000,175.000,275.000,-1,-1,875.000,900.000,375.000,775.000,225.000,-1,1,1,2,1,2,1,1,1,1,2,2,0,1,1,0,1,2
23,-3804.296,3864.342,69.949,-107.591,-0.298224,0.948149,-0.109894,-0.953731,-0.300612,-0.005454,-0.038207,0.103182,0.993928,0,0.96688,0.21201,58.013,0.424,200.000,275.000,-1,400.000,-1,250.000,300.000,175.000,250.000,-1,975.000,650.000,800.000,400.000,825.000,225.000,-1,1,1,2,1,2,1,1,1,1,2,0,0,1,1,0,1,2
24,-3820.990,3809.406,71.728,-106.927,-0.288089,0.949802,-0.121984,-0.957257,-0.289066,0.009995,-0.025768,0.119650,0.992482,0,0.95697,0.33201,57.418,0.664,225.000,275.000,-1,450.000,-1,275.000,300.000,200.000,250.000,-1,775.000,475.000,700.000,400.000,875.000,250.000,-1,1,1,2,1,2,1,1,1,1,2,0,0,1,1,0,1,2
25,-3837.524,3751.731,73.294,-106.023,-0.274538,0.952451,-0.132160,-0.961510,-0.273529,0.026092,-0.011299,0.134236,0.990885,0,1.00000,0.45201,60.000,0.904,225.000,300.000,-1,500.000,-1,275.000,325.000,225.000,250.000,-1,600.000,350.000,625.000,425.000,975.000,250.000,-1,1,1,2,0,2,1,1,1,1,2,0,0,1,1,0,1,2
26,-3852.902,3693.738,74.296,-104.879,-0.257333,0.955864,-0.141790,-0.966315,-0.253965,0.041679,0.003830,0.147739,0.989019,0,1.00000,0.57201,60.000,1.144,225.000,300.000,-1,550.000,-1,275.000,350.000,225.000,225.000,-1,475.000,275.000,525.000,450.000,-1,250.000,-1,1,1,2,0,2,1,1,1,1,2,0,0,0,1,2,1,2
27,8199.137,-7543.240,-56.049,159.558,-0.932776,-0.348848,0.090744,0.351764,-0.935918,0.017891,0.078688,0.048609,0.995714,1,0.00000,0.00000,60.000,1.384,-1,500.000,-1,200.000,125.000,275.000,200.000,200.000,375.000,425.000,-1,-1,-1,-1,225.000,-1,125.000,2,1,2,1,1,1,1,1,0,1,2,2,2,2,1,2,1
28,-983.890,8199.197,437.933,-9.740,0.984861,0.168637,-0.040134,-0.171232,0.982468,-0.073729,0.026997,0.079485,0.996470,1,0.00000,0.00000,4.800,-0.240,-1,400.000,-1,400.000,-1,325.000,325.000,300.000,300.000,-1,-1,-1,-1,850.000,800.000,-1,-1,2,0,2,0,2,0,0,0,0,2,2,2,2,0,0,2,2
29,-979.162,8198.365,438.065,-9.980,0.984149,0.172750,-0.040095,-0.175331,0.981747,-0.073698,0.026632,0.079560,0.996474,0,0.08000,-0.12000,4.800,-0.240,-1,400.000,-1,400.000,-1,325.000,325.000,300.000,300.000,-1,-1,-1,-1,850.000,800.000,-1,-1,2,0,2,0,2,0,0,0,0,2,2,2,2,0,0,2,2
30,-969.721,8196.622,438.322,-10.460,0.982675,0.180967,-0.040018,-0.183520,0.980254,-0.073639,0.025901,0.079707,0.996482,0,0.16000,-0.24000,9.600,-0.480,-1,400.000,-1,400.000,-1,325.000,325.000,300.000,300.000,-1,-1,-1,-1,850.000,800.000,-1,-1,2,0,2,0,2,0,0,0,0,2,2,2,2,0,0,2,2
31,-955.594,8193.830,438.694,-11.180,0.980334,0.193267,-0.039905,-0.195778,0.977886,-0.073554,0.024807,0.079920,0.996493,0,0.24000,-0.36000,14.400,-0.720,-1,400.000,-1,400.000,-1,325.000,325.000,300.000,300.000,-1,-1,-1,-1,850.000,800.000,-1,-1,2,0,2,0,2,0,0,0,0,2,2,2,2,0,0,2,2
32,-936.823,8189.792,439.166,-12.140,0.976974,0.209619,-0.039761,-0.212075,0.974489,-0.073450,0.023350,0.080191,0.996506,0,0.32000,-0.48000,19.200,-0.960,-1,400.000,-1,400.000,-1,325.000,325.000,300.000,300.000,-1,-1,-1,-1,850.000,800.000,-1,-1,2,0,2,0,2,0,0,0,0,2,2,2,2,0,0,2,2
33,-913.470,8184.254,439.718,-13.340,0.972391,0.229975,-0.039592,-0.232363,0.969861,-0.073335,0.021534,0.080510,0.996521,0,0.40000,-0.60000,24.000,-1.200,-1,400.000,-1,400.000,-1,325.000,325.000,300.000,300.000,-1,-1,-1,-1,850.000,800.000,-1,-1,2,0,2,0,2,0,0,0,0,2,2,2,2,0,0,2,2
34,-885.622,8176.907,440.327,-14.780,0.966331,0.254268,-0.039406,-0.256574,0.963747,-0.073218,0.019361,0.080863,0.996537,0,0.48000,-0.72000,28.800,-1.440,-1,400.000,-1,400.000,-1,325.000,325.000,300.000,300.000,-1,-1,-1,-1,850.000,825.000,-1,-1,2,0,2,0,2,0,0,0,0,2,2,2,2,0,0,2,2
35,-853.397,8167.386,440.963,-16.460,0.958494,0.282405,-0.039213,-0.284617,0.955849,-0.073111,0.016835,0.081237,0.996553,0,0.56000,-0.84000,33.600,-1.680,-1,400.000,-1,400.000,-1,325.000,325.000,300.000,300.000,-1,-1,-1,-1,850.000,825.000,-1,-1,2,0,2,0,2,0,0,0,0,2,2,2,2,0,0,2,2
36,-818.118,8155.741,441.579,-18.268,0.949145,0.312411,-0.039029,-0.314523,0.946437,-0.073028,0.014123,0.081590,0.996566,0,0.61917,-0.90396,37.150,-1.808,-1,400.000,-1,400.000,-1,325.000,325.000,300.000,300.000,-1,-1,-1,-1,875.000,825.000,-1,-1,2,0,2,0,2,0,0,0,0,2,2,2,2,0,0,2,2
37,-783.169,8142.970,442.110,-20.073,0.938874,0.342058,-0.038878,-0.344071,0.936103,-0.072983,0.011429,0.081899,0.996575,0,0.62014,-0.90251,37.209,-1.805,-1,400.000,-1,400.000,-1,325.000,325.000,300.000,300.000,-1,-1,-1,-1,875.000,825.000,-1,-1,2,0,2,0,2,0,0,0,0,2,2,2,2,0,0,2,2
38,-748.585,8129.084,442.497,-21.875,0.927689,0.371328,-0.038852,-0.373248,0.924880,-0.072683,0.008944,0.081928,0.996598,0,0.62109,-0.90110,37.266,-1.802,-1,425.000,-1,400.000,-1,325.000,325.000,300.000,300.000,-1,-1,-1,-1,900.000,825.000,-1,-1,2,0,2,0,2,0,0,0,0,2,2,2,2,0,0,2,2
39,-714.404,8114.097,442.680,-23.674,0.915623,0.400204,-0.038355,-0.401990,0.912801,-0.072096,0.006158,0.081431,0.996660,0,0.62202,-0.89973,37.321,-1.799,-1,425.000,-1,400.000,-1,325.000,325.000,300.000,300.000,-1,-1,-1,-1,900.000,825.000,-1,-1,2,0,2,0,2,0,0,0,0,2,2,2,2,0,0,2,2
40,-680.661,8098.022,442.676,-25.471,0.902692,0.428661,-0.037379,-0.430277,0.899874,-0.071336,0.003057,0.080478,0.996752,0,0.62292,-0.89841,37.375,-1.797,-1,425.000,-1,400.000,-1,325.000,325.000,300.000,300.000,-1,-1,-1,-1,900.000,850.000,-1,-1,2,0,2,0,2,0,0,0,0,2,2,2,2,0,0,2,2
41,-647.391,8080.873,442.545,-27.265,0.888900,0.456670,-0.036182,-0.458101,0.886094,-0.070576,-0.000169,0.079310,0.996850,0,0.62381,-0.89713,37.428,-1.794,-1,425.000,-1,400.000,-1,325.000,325.000,300.000,300.000,-1,-1,-1,-1,900.000,850.000,-1,-1,2,0,2,0,2,0,0,0,0,2,2,2,2,0,0,2,2
42,-614.628,8062.667,442.324,-29.057,0.874260,0.484200,-0.034940,-0.485447,0.871467,-0.069906,-0.003400,0.078078,0.996941,0,0.62467,-0.89589,37.480,-1.792,-1,425.000,-1,400.000,-1,325.000,325.000,300.000,300.000,-1,-1,-1,-1,900.000,850.000,-1,-1,2,0,2,0,2,0,0,0,0,2,2,2,2,0,0,2,2
43,-582.407,8043.422,442.016,-30.847,0.858786,0.511226,-0.033689,-0.512292,0.856007,-0.069344,-0.006612,0.076811,0.997024,0,0.62550,-0.89470,37.530,-1.789,-1,425.000,-1,400.000,-1,325.000,325.000,300.000,300.000,-1,-1,-1,-1,900.000,850.000,-1,-1,2,0,2,0,2,0,0,0,0,2,2,2,2,0,0,2,2
44,-550.760,8023.155,441.563,-32.634,0.842491,0.537717,-0.032694,-0.538624,0.839718,-0.068978,-0.009637,0.075723,0.997082,0,0.62632,-0.89355,37.579,-1.787,-1,425.000,-1,400.000,-1,325.000,325.000,300.000,300.000,-1,-1,-1,-1,900.000,850.000,-1,-1,2,0,2,0,2,0,0,0,0,2,2,2,2,0,0,2,2
45,-519.720,8001.885,441.027,-34.419,0.825399,0.563659,-0.031699,-0.564408,0.822632,-0.068702,-0.012648,0.074597,0.997134,0,0.62712,-0.89244,37.627,-1.785,-1,425.000,-1,400.000,-1,325.000,325.000,300.000,325.000,-1,-1,-1,-1,900.000,850.000,-1,-1,2,0,2,0,2,0,0,0,0,2,2,2,2,0,0,2,2
46,-489.319,7979.632,440.408,-36.201,0.807528,0.589030,-0.030708,-0.589622,0.804768,-0.068517,-0.015646,0.073435,0.997177,0,0.62790,-0.89138,37.674,-1.783,-1,400.000,-1,400.000,-1,325.000,325.000,300.000,325.000,-1,-1,-1,-1,900.000,850.000,-1,-1,2,0,2,0,2,0,0,0,0,2,2,2,2,0,0,2,2
47,-459.589,7956.417,439.709,-37.982,0.788896,0.613807,-0.029728,-0.614244,0.786144,-0.068424,-0.018629,0.072240,0.997213,0,0.62866,-0.89036,37.720,-1.781,-1,400.000,-1,400.000,-1,325.000,325.000,300.000,325.000,-1,-1,-1,-1,900.000,850.000,-1,-1,2,0,2,0,2,0,0,0,0,2,2,2,2,0,0,2,2
48,-430.559,7932.261,438.905,-39.761,0.769527,0.637966,-0.028768,-0.638246,0.766775,-0.068535,-0.021665,0.071100,0.997234,0,0.62940,-0.88939,37.764,-1.779,-1,400.000,-1,400.000,-1,325.000,325.000,300.000,325.000,-1,-1,-1,-1,850.000,850.000,-1,-1,2,0,2,0,2,0,0,0,0,2,2,2,2,1,0,2,2
49,-402.259,7907.189,437.904,-41.538,0.749454,0.661470,-0.027865,-0.661583,0.746663,-0.069294,-0.025030,0.070368,0.997207,0,0.63013,-0.88847,37.808,-1.777,-1,400.000,-1,400.000,-1,325.000,325.000,300.000,325.000,-1,-1,-1,-1,800.000,850.000,-1,-1,2,0,2,0,2,0,0,0,0,2,2,2,2,1,0,2,2
50,-374.719,7881.223,436.757,-43.313,0.728692,0.684306,-0.027060,-0.684245,0.725840,-0.070466,-0.028579,0.069864,0.997147,0,0.63083,-0.88758,37.850,-1.775,-1,400.000,-1,400.000,-1,325.000,325.000,300.000,325.000,-1,-1,-1,-1,775.000,825.000,-1,-1,2,0,2,0,2,0,0,0,0,2,2,2,2,1,0,2,2
51,-347.966,7854.388,435.536,-45.086,0.707253,0.706469,-0.026351,-0.706231,0.704341,-0.071704,-0.032097,0.069323,0.997078,0,0.63153,-0.88675,37.892,-1.773,-1,400.000,-1,400.000,-1,325.000,325.000,300.000,325.000,-1,-1,-1,-1,725.000,825.000,-1,-1,2,0,2,0,2,0,0,0,0,2,2,2,2,1,0,2,2
52,-318.644,7823.358,434.071,-46.620,0.688183,0.725084,-0.025664,-0.724670,0.685200,-0.073174,-0.035472,0.068955,0.996989,0,0.71153,-0.76675,42.692,-1.533,-1,400.000,-1,400.000,-1,325.000,325.000,325.000,300.000,-1,-1,-1,-1,700.000,825.000,-1,-1,2,0,2,0,2,0,0,0,0,2,2,2,2,1,0,2,2
53,-286.813,7788.112,432.204,-47.913,0.671699,0.740407,-0.024866,-0.739837,0.668694,-0.074090,-0.038229,0.068163,0.996941,0,0.79153,-0.64675,47.492,-1.293,-1,400.000,-1,400.000,-1,325.000,325.000,325.000,300.000,-1,-1,-1,-1,675.000,825.000,925.000,-1,2,0,2,0,2,0,0,0,0,2,2,2,2,1,0,1,2
54,-252.484,7748.665,429.949,-48.967,0.658004,0.752635,-0.023910,-0.751929,0.655019,-0.074511,-0.040418,0.067007,0.996933,0,0.87153,-0.52675,52.292,-1.053,-1,400.000,-1,400.000,-1,325.000,325.000,325.000,300.000,-1,-1,-1,-1,625.000,825.000,850.000,-1,2,1,2,0,2,0,0,0,0,2,2,2,2,1,0,1,2
55,-216.477,7706.085,427.481,-49.780,0.647275,0.761913,-0.022888,-0.761077,0.644313,-0.074983,-0.042384,0.065955,0.996922,0,0.92939,-0.40675,55.763,-0.813,-1,400.000,-1,400.000,-1,325.000,325.000,325.000,300.000,-1,-1,-1,-1,600.000,825.000,775.000,-1,2,1,2,0,2,0,0,0,0,2,2,2,2,1,0,1,2
56,-180.685,7662.835,424.961,-50.389,0.639166,0.768758,-0.021858,-0.767801,0.636223,-0.075514,-0.044146,0.065048,0.996905,0,0.93564,-0.30425,56.138,-0.609,900.000,375.000,-1,400.000,-1,325.000,325.000,325.000,300.000,-1,-1,-1,-1,575.000,825.000,700.000,-1,1,1,2,0,2,0,0,0,0,2,2,2,2,1,0,1,2
57,-145.115,7618.925,422.374,-50.989,0.631095,0.775429,-0.020723,-0.774343,0.628178,-0.076066,-0.045967,0.064052,0.996887,0,0.94182,-0.30002,56.509,-0.600,775.000,375.000,-1,400.000,-1,325.000,325.000,300.000,300.000,-1,-1,-1,-1,525.000,825.000,625.000,-1,1,1,2,0,2,0,0,0,0,2,2,2,2,1,0,1,2
58,-109.776,7574.369,419.630,-51.580,0.623069,0.781936,-0.019013,-0.780684,0.620208,-0.076645,-0.048139,0.062598,0.996877,0,0.94782,-0.29534,56.869,-0.591,650.000,350.000,-1,400.000,-1,325.000,325.000,300.000,300.000,-1,-1,-1,-1,500.000,825.000,550.000,-1,1,1,2,0,2,1,0,0,0,2,2,2,2,1,0,1,2
59,-74.677,7529.183,416.912,-52.160,0.615120,0.788235,-0.017677,-0.786842,0.612300,-0.077253,-0.050070,0.061428,0.996855,0,0.95360,-0.29018,57.216,-0.580,550.000,325.000,-1,400.000,-1,325.000,325.000,325.000,300.000,-1,-1,-1,-1,475.000,825.000,475.000,-1,1,1,2,0,2,1,0,0,0,2,2,2,2,1,0,1,2
60,-39.827,7483.389,414.620,-52.729,0.607314,0.794240,-0.018801,-0.792859,0.604415,-0.077826,-0.050449,0.062171,0.996790,0,0.95910,-0.28447,57.546,-0.569,475.000,325.000,-1,400.000,-1,300.000,325.000,325.000,300.000,-1,-1,-1,-1,425.000,800.000,425.000,-1,1,1,2,0,2,1,0,0,0,2,2,2,2,1,1,1,2
61,-5.237,7437.011,412.740,-53.285,0.599667,0.799938,-0.022312,-0.798728,0.596576,-0.078298,-0.049323,0.064774,0.996680,0,0.96428,-0.27816,57.857,-0.556,425.000,300.000,-1,400.000,-1,300.000,325.000,325.000,300.000,-1,-1,-1,-1,400.000,800.000,375.000,-1,1,1,2,0,2,1,0,0,0,2,2,2,2,1,1,1,2
62,29.083,7390.077,411.149,-53.828,0.592192,0.805282,-0.028807,-0.804465,0.588780,-0.078576,-0.046315,0.069706,0.996492,0,0.96905,-0.27120,58.143,-0.542,375.000,300.000,-1,425.000,-1,275.000,325.000,350.000,300.000,-1,-1,-1,-1,375.000,775.000,325.000,-1,1,1,2,0,2,1,1,0,0,2,2,2,2,1,1,1,2
63,63.122,7342.623,409.908,-54.355,0.584861,0.810244,-0.037987,-0.810066,0.581047,-0.078596,-0.041610,0.076740,0.996183,0,0.97334,-0.26352,58.400,-0.527,325.000,275.000,-1,450.000,-1,275.000,325.000,375.000,300.000,-1,-1,-1,-1,375.000,775.000,300.000,-1,1,1,2,0,2,1,1,0,0,2,2,2,2,1,1,1,2
64,96.868,7294.689,408.855,-54.865,0.577624,0.814733,-0.050607,-0.815564,0.573353,-0.078243,-0.034731,0.086468,0.995649,0,0.97703,-0.25502,58.622,-0.510,300.000,275.000,-1,450.000,-1,250.000,325.000,400.000,275.000,-1,-1,-1,-1,350.000,775.000,275.000,-1,1,1,2,1,2,1,1,0,0,2,2,2,2,1,1,1,2
65,130.307,7246.322,408.088,-55.356,0.570449,0.818697,-0.065753,-0.820898,0.565710,-0.078092,-0.026736,0.098524,0.994775,0,0.98001,-0.24562,58.801,-0.491,275.000,250.000,-1,450.000,-1,250.000,325.000,450.000,275.000,-1,500.000,250.000,-1,350.000,775.000,250.000,-1,1,1,2,1,2,1,1,0,0,2,0,0,2,1,1,1,2
66,163.423,7197.580,407.733,-55.826,0.563235,0.822094,-0.083232,-0.826116,0.558141,-0.077531,-0.017283,0.112427,0.993510,0,0.98213,-0.23522,58.928,-0.470,250.000,250.000,-1,450.000,-1,250.000,325.000,500.000,275.000,-1,375.000,150.000,-1,375.000,800.000,225.000,-1,1,1,2,1,2,1,1,0,0,2,0,0,2,1,1,1,2
67,196.199,7148.531,407.789,-56.274,0.555902,0.824843,-0.102994,-0.831223,0.550646,-0.076527,-0.006410,0.128153,0.991734,0,0.98320,-0.22371,58.992,-0.447,225.000,275.000,-1,450.000,-1,250.000,325.000,575.000,250.000,-1,300.000,100.000,850.000,375.000,875.000,200.000,-1,1,1,2,1,2,1,1,0,0,2,0,0,0,1,1,1,2
68,228.613,7099.255,408.177,-56.696,0.548330,0.826886,-0.124875,-0.836240,0.543250,-0.074710,0.006062,0.145391,0.989356,0,0.98301,-0.21097,58.981,-0.422,200.000,275.000,-1,450.000,-1,275.000,325.000,675.000,250.000,-1,250.000,75.000,575.000,425.000,-1,200.000,-1,1,1,2,1,2,1,1,0,0,2,0,0,0,1,2,1,2
69,260.641,7049.846,408.913,-57.090,0.540423,0.828126,-0.148831,-0.841156,0.535954,-0.072182,0.019991,0.164198,0.986225,0,0.98133,-0.19688,58.880,-0.394,175.000,300.000,-1,450.000,-1,275.000,325.000,775.000,250.000,-1,225.000,50.000,425.000,450.000,-1,200.000,-1,1,1,2,1,2,1,1,0,0,2,0,0,0,1,2,1,2
70,-2295.759,-8855.084,127.629,-59.884,0.500992,0.864875,-0.031607,-0.864845,0.501674,0.019148,0.032417,0.017742,0.999317,1,0.00000,0.00000,58.673,-0.363,-1,400.000,-1,400.000,-1,325.000,325.000,325.000,325.000,-1,850.000,825.000,-1,800.000,800.000,-1,-1,2,0,2,0,2,0,0,0,0,2,0,0,2,0,0,2,2
71,-2293.368,-8859.246,127.771,-60.124,0.497364,0.866968,-0.031553,-0.866937,0.498047,0.019231,0.032388,0.017790,0.999317,0,0.08000,-0.12000,4.800,-0.240,-1,400.000,-1,400.000,-1,325.000,325.000,325.000,325.000,-1,850.000,825.000,-1,800.000,800.000,-1,-1,2,0,2,0,2,0,0,0,0,2,0,0,2,0,0,2,2
72,-2288.656,-8867.610,128.054,-60.604,0.490083,0.871108,-0.031448,-0.871076,0.490765,0.019390,0.032324,0.017891,0.999317,0,0.16000,-0.24000,9.600,-0.480,-1,400.000,-1,400.000,-1,325.000,325.000,325.000,325.000,-1,850.000,825.000,-1,800.000,800.000,-1,-1,2,0,2,0,2,0,0,0,0,2,0,0,2,0,0,2,2
73,-2281.746,-8880.244,128.479,-61.324,0.479097,0.877204,-0.031294,-0.877170,0.479779,0.019612,0.032218,0.018055,0.999318,0,0.24000,-0.36000,14.400,-0.720,-1,400.000,-1,400.000,-1,325.000,325.000,325.000,325.000,-1,875.000,825.000,-1,800.000,800.000,-1,-1,2,0,2,0,2,0,0,0,0,2,0,0,2,0,0,2,2
74,-2272.788,-8897.226,129.048,-62.190,0.465789,0.884349,-0.031100,-0.884314,0.466469,0.019888,0.032095,0.018238,0.999318,0,0.32000,-0.43284,19.200,-0.866,-1,400.000,-1,400.000,-1,325.000,325.000,325.000,325.000,-1,875.000,850.000,-1,800.000,800.000,-1,-1,2,0,2,0,2,0,0,0,0,2,0,0,2,0,0,2,2
75,-2261.913,-8918.621,129.771,-63.055,0.452374,0.891294,-0.030871,-0.891254,0.453054,0.020220,0.032008,0.018367,0.999319,0,0.40000,-0.43284,24.000,-0.866,-1,400.000,-1,400.000,-1,325.000,325.000,325.000,325.000,-1,900.000,850.000,-1,800.000,800.000,-1,-1,2,0,2,0,2,0,0,0,0,2,0,0,2,0,0,2,2
76,-2249.252,-8944.489,130.650,-63.921,0.438856,0.898036,-0.030608,-0.897989,0.439535,0.020594,0.031948,0.018448,0.999319,0,0.48000,-0.43284,28.800,-0.866,-1,400.000,-1,400.000,-1,325.000,325.000,325.000,325.000,-1,925.000,875.000,-1,800.000,800.000,-1,-1,2,0,2,0,2,0,0,0,0,2,0,0,2,0,0,2,2
77,-2234.939,-8974.888,131.686,-64.787,0.425239,0.904573,-0.030310,-0.904518,0.425917,0.021001,0.031907,0.018485,0.999320,0,0.56000,-0.43284,33.600,-0.866,-1,400.000,-1,400.000,-1,325.000,325.000,325.000,325.000,-1,925.000,900.000,-1,800.000,825.000,-1,-1,2,0,2,0,2,0,0,0,0,2,0,0,2,0,0,2,2
78,-2219.108,-9009.873,132.884,-65.652,0.411526,0.910905,-0.029974,-0.910841,0.412202,0.021429,0.031875,0.018482,0.999321,0,0.64000,-0.43284,38.400,-0.866,-1,400.000,-1,400.000,-1,325.000,325.000,325.000,325.000,-1,975.000,925.000,-1,800.000,825.000,-1,-1,2,0,2,0,2,0,0,0,0,2,0,0,2,0,0,2,2
79,-2201.952,-9049.363,134.244,-66.518,0.397720,0.917029,-0.029599,-0.916954,0.398393,0.021865,0.031842,0.018445,0.999323,0,0.71760,-0.43284,43.056,-0.866,-1,400.000,-1,400.000,-1,325.000,325.000,325.000,325.000,-1,1000.000,950.000,-1,800.000,825.000,-1,-1,2,0,2,0,2,0,0,0,0,2,0,0,2,0,0,2,2
80,-2185.394,-9089.108,135.502,-67.384,0.383817,0.922937,-0.029528,-0.922870,0.384489,0.021877,0.031544,0.018853,0.999325,0,0.71760,-0.43284,43.056,-0.866,-1,400.000,-1,400.000,-1,325.000,325.000,325.000,325.000,-1,-1,1000.000,-1,825.000,825.000,-1,-1,2,0,2,0,2,0,0,0,0,2,2,0,2,0,0,2,2
81,-2169.439,-9129.099,136.715,-68.249,0.369826,0.928629,-0.029607,-0.928582,0.370497,0.021636,0.031061,0.019491,0.999327,0,0.71760,-0.43284,43.056,-0.866,-1,400.000,-1,400.000,-1,325.000,325.000,325.000,325.000,-1,-1,-1,-1,825.000,850.000,-1,-1,2,0,2,0,2,0,0,0,0,2,2,2,2,0,0,2,2
82,-2155.730,-9164.814,137.710,-69.002,0.357600,0.933395,-0.029922,-0.933382,0.358269,0.021021,0.030341,0.020412,0.999331,0,0.63760,-0.37606,38.256,-0.752,-1,400.000,-1,400.000,-1,325.000,325.000,325.000,325.000,-1,-1,-1,-1,825.000,850.000,-1,-1,2,0,2,0,2,0,0,0,0,2,2,2,2,0,0,2,2
83,-2144.152,-9196.203,138.587,-69.754,0.345314,0.938001,-0.030209,-0.938019,0.345980,0.020477,0.029659,0.021265,0.999334,0,0.55760,-0.37606,33.456,-0.752,-1,400.000,-1,400.000,-1,325.000,325.000,325.000,325.000,-1,-1,-1,-1,825.000,850.000,-1,-1,2,0,2,0,2,0,0,0,0,2,2,2,2,0,0,2,2
84,-2134.589,-9223.216,139.344,-70.506,0.332969,0.942446,-0.030459,-0.942491,0.333632,0.020011,0.029021,0.022044,0.999336,0,0.47760,-0.37606,28.656,-0.752,-1,400.000,-1,400.000,-1,325.000,325.000,325.000,325.000,-1,-1,-1,-1,825.000,850.000,-1,-1,2,0,2,0,2,0,0,0,0,2,2,2,2,0,0,2,2
85,-2126.923,-9245.807,139.978,-71.258,0.320567,0.946729,-0.030662,-0.946799,0.321227,0.019632,0.028435,0.022737,0.999337,0,0.39760,-0.37606,23.856,-0.752,-1,400.000,-1,400.000,-1,325.000,325.000,325.000,325.000,-1,-1,-1,-1,825.000,850.000,-1,-1,2,0,2,0,2,0,0,0,0,2,2,2,2,0,0,2,2
86,-2121.038,-9263.931,140.464,-72.010,0.308112,0.950853,-0.030740,-0.950938,0.308768,0.019449,0.027984,0.023239,0.999338,0,0.31760,-0.37606,19.056,-0.752,-1,400.000,-1,400.000,-1,325.000,325.000,325.000,325.000,-1,-1,-1,-1,825.000,850.000,-1,-1,2,0,2,0,2,0,0,0,0,2,2,2,2,0,0,2,2
87,-2116.813,-9277.547,140.833,-72.762,0.295604,0.954815,-0.030770,-0.954913,0.296257,0.019327,0.027570,0.023670,0.999340,0,0.23760,-0.37606,14.256,-0.752,-1,400.000,-1,400.000,-1,325.000,325.000,325.000,325.000,-1,-1,-1,-1,825.000,850.000,-1,-1,2,0,2,0,2,0,0,0,0,2,2,2,2,0,0,2,2
88,-2114.130,-9286.614,141.045,-73.514,0.283055,0.958617,-0.030544,-0.958722,0.283697,0.019187,0.027058,0.023853,0.999349,0,0.15760,-0.37606,9.456,-0.752,-1,400.000,-1,400.000,-1,325.000,325.000,325.000,325.000,-1,-1,-1,-1,825.000,850.000,-1,-1,2,0,2,0,2,0,0,0,0,2,2,2,2,0,0,2,2
89,-2112.867,-9291.096,141.150,-74.266,0.270457,0.962256,-0.030288,-0.962364,0.271089,0.019118,0.026607,0.023978,0.999358,0,0.07760,-0.37606,4.656,-0.752,-1,400.000,-1,400.000,-1,325.000,325.000,325.000,325.000,-1,-1,-1,-1,825.000,850.000,-1,-1,2,0,2,0,2,0,0,0,0,2,2,2,2,0,0,2,2
90,-2112.904,-9290.957,141.163,-75.018,0.257808,0.965729,-0.030052,-0.965839,0.258434,0.019146,0.026257,0.024090,0.999365,0,-0.00240,-0.37606,-0.144,-0.752,-1,400.000,-1,400.000,-1,325.000,325.000,325.000,325.000,-1,-1,-1,-1,825.000,850.000,-1,-1,2,0,2,0,2,0,0,0,0,2,2,2,2,0,0,2,2
91,-2114.119,-9286.164,141.086,-75.771,0.245113,0.969036,-0.029828,-0.969146,0.245734,0.019276,0.026009,0.024182,0.999369,0,-0.08240,-0.37606,-4.944,-0.752,-1,400.000,-1,400.000,-1,325.000,325.000,325.000,325.000,-1,-1,-1,-1,825.000,850.000,-1,-1,2,0,2,0,2,0,0,0,0,2,2,2,2,0,0,2,2
92,-2116.390,-9276.689,140.925,-76.523,0.232373,0.972176,-0.029605,-0.972283,0.232993,0.019509,0.025863,0.024251,0.999371,0,-0.16240,-0.37606,-9.744,-0.752,-1,400.000,-1,400.000,-1,325.000,325.000,325.000,325.000,-1,-1,-1,-1,825.000,850.000,-1,-1,2,0,2,0,2,0,0,0,0,2,2,2,2,0,0,2,2
93,-2119.594,-9262.502,140.682,-77.275,0.219591,0.975150,-0.029374,-0.975250,0.220211,0.019846,0.025821,0.024289,0.999371,0,-0.24240,-0.37606,-14.544,-0.752,-1,400.000,-1,400.000,-1,325.000,325.000,325.000,325.000,-1,-1,-1,-1,825.000,850.000,-1,-1,2,0,2,0,2,0,0,0,0,2,2,2,2,0,0,2,2
94,-2123.607,-9243.579,140.341,-78.027,0.206773,0.977958,-0.029027,-0.978049,0.207393,0.020235,0.025809,0.024206,0.999374,0,-0.32240,-0.37606,-19.344,-0.752,-1,400.000,-1,400.000,-1,325.000,325.000,325.000,325.000,-1,-1,-1,-1,825.000,850.000,-1,-1,2,0,2,0,2,0,0,0,0,2,2,2,2,0,0,2,2
95,-2127.421,-9224.356,139.883,-78.779,0.193926,0.980595,-0.028751,-0.980687,0.194537,0.020227,0.025427,0.024273,0.999382,0,-0.32663,-0.37606,-19.598,-0.752,-1,400.000,-1,400.000,-1,325.000,325.000,325.000,325.000,-1,-1,-1,-1,825.000,850.000,-1,-1,2,0,2,0,2,0,0,0,0,2,2,2,2,0,0,2,2
96,-2130.982,-9205.084,139.418,-79.531,0.181046,0.983065,-0.028395,-0.983154,0.181649,0.020295,0.025109,0.024242,0.999391,0,-0.32663,-0.37606,-19.598,-0.752,-1,400.000,-1,400.000,-1,325.000,325.000,325.000,325.000,-1,-1,-1,-1,800.000,850.000,-1,-1,2,0,2,0,2,0,0,0,0,2,2,2,2,0,0,2,2
97,-2134.289,-9185.768,138.959,-80.283,0.168136,0.985366,-0.028006,-0.985452,0.168729,0.020378,0.024805,0.024173,0.999400,0,-0.32663,-0.37606,-19.598,-0.752,-1,400.000,-1,400.000,-1,325.000,325.000,325.000,325.000,-1,-1,-1,-1,800.000,850.000,-1,-1,2,0,2,0,2,0,0,0,0,2,2,2,2,0,0,2,2
98,-2137.343,-9166.409,138.512,-81.035,0.155196,0.987498,-0.027599,-0.987580,0.155781,0.020462,0.024506,0.024081,0.999410,0,-0.32663,-0.37606,-19.598,-0.752,-1,400.000,-1,400.000,-1,325.000,325.000,325.000,325.000,-1,-1,-1,-1,800.000,850.000,-1,-1,2,0,2,0,2,0,0,0,0,2,2,2,2,0,0,2,2
99,-2140.143,-9147.013,138.050,-81.787,0.142230,0.989458,-0.027254,-0.989539,0.142805,0.020460,0.024137,0.024058,0.999419,0,-0.32663,-0.37606,-19.598,-0.752,-1,400.000,-1,400.000,-1,325.000,325.000,300.000,325.000,-1,-1,-1,-1,800.000,850.000,-1,-1,2,0,2,0,2,0,0,0,0,2,2,2,2,0,0,2,2
100,-2142.687,-9127.581,137.540,-82.540,0.129237,0.991243,-0.027097,-0.991331,0.129804,0.020324,0.023663,0.024235,0.999426,0,-0.32663,-0.37606,-19.598,-0.752,-1,400.000,-1,400.000,-1,325.000,325.000,300.000,325.000,-1,-1,-1,-1,800.000,850.000,-1,-1,2,0,2,0,2,0,0,0,0,2,2,2,2,0,0,2,2
101,-2144.977,-9108.117,137.032,-83.292,0.116221,0.992857,-0.026958,-0.992952,0.116781,0.020224,0.023228,0.024417,0.999432,0,-0.32663,-0.37606,-19.598,-0.752,-1,400.000,-1,400.000,-1,325.000,325.000,300.000,325.000,-1,-1,-1,-1,800.000,850.000,-1,-1,2,0,2,0,2,0,0,0,0,2,2,2,2,0,0,2,2
102,-2147.010,-9088.625,136.536,-84.044,0.103185,0.994301,-0.026800,-0.994401,0.103738,0.020139,0.022804,0.024572,0.999438,0,-0.32663,-0.37606,-19.598,-0.752,-1,400.000,-1,400.000,-1,325.000,325.000,300.000,325.000,-1,-1,-1,-1,800.000,850.000,-1,-1,2,0,2,0,2,0,0,0,0,2,2,2,2,0,0,2,2
103,-2148.788,-9069.108,136.052,-84.796,0.090131,0.995574,-0.026623,-0.995678,0.090677,0.020067,0.022392,0.024700,0.999444,0,-0.32663,-0.37606,-19.598,-0.752,-1,400.000,-1,400.000,-1,325.000,325.000,300.000,325.000,-1,-1,-1,-1,800.000,850.000,-1,-1,2,0,2,0,2,0,0,0,0,2,2,2,2,0,0,2,2
104,-2150.309,-9049.570,135.579,-85.548,0.077062,0.996676,-0.026428,-0.996784,0.077601,0.020008,0.021992,0.024801,0.999450,0,-0.32663,-0.37606,-19.598,-0.752,-1,400.000,-1,400.000,-1,325.000,325.000,300.000,325.000,-1,-1,-1,-1,800.000,850.000,-1,-1,2,0,2,0,2,0,0,0,0,2,2,2,2,0,0,2,2
105,-2151.574,-9030.013,135.117,-86.300,0.063979,0.997607,-0.026215,-0.997717,0.064511,0.019962,0.021605,0.024878,0.999457,0,-0.32663,-0.37606,-19.598,-0.752,-1,400.000,-1,400.000,-1,325.000,325.000,300.000,325.000,-1,-1,-1,-1,800.000,850.000,-1,-1,2,0,2,0,2,0,0,0,0,2,2,2,2,0,0,2,2
106,-2152.931,-9005.653,134.561,-86.812,0.055067,0.998146,-0.025909,-0.998253,0.055592,0.020000,0.021403,0.024763,0.999464,0,-0.40663,-0.25606,-24.398,-0.512,-1,400.000,-1,400.000,-1,325.000,325.000,300.000,325.000,-1,-1,-1,-1,800.000,850.000,-1,-1,2,0,2,0,2,0,0,0,0,2,2,2,2,0,0,2,2
107,-2154.416,-8976.493,133.910,-87.084,0.050332,0.998407,-0.025512,-0.998504,0.050851,0.020118,0.021384,0.024461,0.999472,0,-0.48663,-0.13606,-29.198,-0.272,-1,400.000,-1,400.000,-1,325.000,325.000,300.000,325.000,-1,-1,-1,-1,775.000,850.000,-1,-1,2,0,2,0,2,0,0,0,0,2,2,2,2,0,0,2,2
108,-2156.036,-8944.328,133.201,-87.116,0.049779,0.998446,-0.025053,-0.998528,0.050292,0.020301,0.021529,0.024006,0.999480,0,-0.53676,-0.01606,-32.206,-0.032,-1,400.000,-1,400.000,-1,325.000,325.000,300.000,325.000,-1,-1,-1,-1,775.000,850.000,-1,-1,2,0,2,0,2,0,0,0,0,2,2,2,2,0,0,2,2
109,-2157.773,-8912.169,132.495,-86.909,0.053406,0.998270,-0.024587,-0.998335,0.053915,0.020523,0.021813,0.023450,0.999487,0,-0.53676,0.10394,-32.206,0.208,-1,400.000,-1,400.000,-1,325.000,325.000,300.000,325.000,-1,-1,-1,-1,775.000,850.000,-1,-1,2,0,2,0,2,0,0,0,0,2,2,2,2,0,0,2,2
110,-2159.762,-8880.025,131.790,-86.461,0.061213,0.997833,-0.024123,-0.997877,0.061718,0.020780,0.022223,0.022800,0.999493,0,-0.53676,0.22394,-32.206,0.448,-1,400.000,-1,400.000,-1,325.000,325.000,300.000,325.000,-1,-1,-1,-1,775.000,850.000,-1,-1,2,0,2,0,2,0,0,0,0,2,2,2,2,0,0,2,2
111,-2162.136,-8847.906,131.082,-85.773,0.073193,0.997037,-0.023673,-0.997058,0.073695,0.021063,0.022745,0.022062,0.999498,0,-0.53676,0.34394,-32.206,0.688,-1,400.000,-1,400.000,-1,325.000,325.000,300.000,325.000,-1,-1,-1,-1,775.000,850.000,-1,-1,2,0,2,0,2,0,0,0,0,2,2,2,2,0,0,2,2
112,-2165.030,-8815.831,130.369,-84.845,0.089334,0.995730,-0.023248,-0.995728,0.089833,0.021368,0.023365,0.021239,0.999501,0,-0.53676,0.46394,-32.206,0.928,-1,400.000,-1,400.000,-1,325.000,325.000,300.000,325.000,-1,-1,-1,-1,775.000,825.000,-1,-1,2,0,2,0,2,0,0,0,0,2,2,2,2,0,0,2,2
113,-2168.577,-8783.821,129.649,-83.677,0.109615,0.993711,-0.022858,-0.993683,0.110111,0.021685,0.024066,0.020336,0.999504,0,-0.53676,0.58394,-32.206,1.168,-1,400.000,-1,400.000,-1,325.000,325.000,300.000,325.000,-1,-1,-1,-1,775.000,825.000,-1,-1,2,0,2,0,2,0,0,0,0,2,2,2,2,0,0,2,2
114,-2172.910,-8751.908,128.921,-82.269,0.134003,0.990725,-0.022514,-0.990670,0.134496,0.022007,0.024831,0.019355,0.999504,0,-0.53676,0.70394,-32.206,1.408,-1,400.000,-1,400.000,-1,325.000,325.000,300.000,325.000,-1,-1,-1,-1,775.000,825.000,-1,-1,2,0,2,0,2,0,0,0,0,2,2,2,2,0,0,2,2
115,-2178.158,-8720.133,128.185,-80.621,0.162444,0.986467,-0.022230,-0.986384,0.162934,0.022323,0.025643,0.018301,0.999504,0,-0.53676,0.82394,-32.206,1.648,-1,400.000,-1,400.000,-1,325.000,325.000,300.000,325.000,-1,-1,-1,-1,775.000,825.000,-1,-1,2,0,2,0,2,0,0,0,0,2,2,2,2,0,0,2,2
116,-2183.288,-8693.211,127.549,-79.213,0.186639,0.982182,-0.022032,-0.982077,0.187125,0.022555,0.026276,0.017427,0.999503,0,-0.45676,0.70394,-27.406,1.408,-1,400.000,-1,400.000,-1,325.000,325.000,300.000,325.000,-1,-1,-1,-1,750.000,800.000,-1,-1,2,0,2,0,2,0,0,0,0,2,2,2,2,0,0,2,2
117,-2187.970,-8671.096,127.020,-78.045,0.206624,0.978175,-0.021898,-0.978054,0.207107,0.022720,0.026759,0.016723,0.999502,0,-0.37676,0.58394,-22.606,1.168,-1,400.000,-1,400.000,-1,325.000,325.000,300.000,325.000,-1,-1,-1,-1,750.000,800.000,-1,-1,2,0,2,0,2,0,0,0,0,2,2,2,2,0,0,2,2
118,-2191.940,-8653.738,126.601,-77.118,0.222442,0.974702,-0.021810,-0.974569,0.222923,0.022831,0.027116,0.016177,0.999501,0,-0.29676,0.46394,-17.806,0.928,-1,400.000,-1,400.000,-1,325.000,325.000,325.000,325.000,-1,-1,975.000,-1,750.000,800.000,-1,-1,2,0,2,0,2,0,0,0,0,2,2,0,2,0,0,2,2
119,-2194.992,-8641.095,126.294,-76.430,0.234131,0.971961,-0.021756,-0.971820,0.234610,0.022904,0.027366,0.015780,0.999501,0,-0.21676,0.34394,-13.006,0.688,-1,400.000,-1,400.000,-1,325.000,325.000,325.000,325.000,-1,-1,950.000,-1,750.000,800.000,-1,-1,2,0,2,0,2,0,0,0,0,2,2,0,2,0,0,2,2
120,-2196.980,-8633.134,126.100,-75.982,0.241724,0.970102,-0.021725,-0.969955,0.242202,0.022947,0.027523,0.015525,0.999501,0,-0.13676,0.22394,-8.206,0.448,-1,400.000,-1,400.000,-1,325.000,325.000,325.000,325.000,-1,-1,925.000,-1,750.000,800.000,-1,-1,2,0,2,0,2,0,0,0,0,2,2,0,2,0,0,2,2
121,-2197.817,-8629.833,126.021,-75.774,0.245244,0.969218,-0.021713,-0.969069,0.245720,0.022968,0.027596,0.015409,0.999500,0,-0.05676,0.10394,-3.406,0.208,-1,400.000,-1,400.000,-1,325.000,325.000,325.000,325.000,-1,-1,925.000,-1,750.000,800.000,-1,-1,2,0,2,0,2,0,0,0,0,2,2,0,2,0,0,2,2
122,-2197.475,-8631.184,126.055,-75.806,0.244700,0.969356,-0.021719,-0.969206,0.245177,0.022967,0.027589,0.015430,0.999500,0,0.02324,-0.01606,1.394,-0.032,-1,400.000,-1,400.000,-1,325.000,325.000,325.000,325.000,-1,-1,925.000,-1,750.000,800.000,-1,-1,2,0,2,0,2,0,0,0,0,2,2,0,2,0,0,2,2
123,-2195.984,-8637.196,126.204,-76.078,0.240092,0.970507,-0.021744,-0.970361,0.240570,0.022945,0.027499,0.015591,0.999500,0,0.10324,-0.13606,6.194,-0.272,-1,400.000,-1,400.000,-1,325.000,325.000,325.000,325.000,-1,-1,950.000,-1,750.000,800.000,-1,-1,2,0,2,0,2,0,0,0,0,2,2,0,2,0,0,2,2
124,-2193.435,-8647.891,126.464,-76.590,0.231405,0.972613,-0.021793,-0.972474,0.231885,0.022895,0.027321,0.015895,0.999500,0,0.18324,-0.25606,10.994,-0.512,-1,400.000,-1,400.000,-1,325.000,325.000,325.000,325.000,-1,-1,950.000,-1,750.000,800.000,-1,-1,2,0,2,0,2,0,0,0,0,2,2,0,2,0,0,2,2
125,-2189.974,-8663.301,126.835,-77.342,0.218614,0.975566,-0.021874,-0.975437,0.219096,0.022807,0.027043,0.016350,0.999501,0,0.26324,-0.37606,15.794,-0.752,-1,400.000,-1,400.000,-1,325.000,325.000,325.000,325.000,-1,-1,1000.000,-1,750.000,800.000,-1,-1,2,0,2,0,2,0,0,0,0,2,2,0,2,0,0,2,2
126,-2185.809,-8683.470,127.315,-78.334,0.201684,0.979204,-0.022000,-0.979088,0.202170,0.022671,0.026647,0.016967,0.999501,0,0.34324,-0.49606,20.594,-0.992,-1,400.000,-1,400.000,-1,325.000,325.000,300.000,325.000,-1,-1,-1,-1,750.000,800.000,-1,-1,2,0,2,0,2,0,0,0,0,2,2,2,2,0,0,2,2
127,-2181.210,-8708.444,127.898,-79.567,0.180576,0.983311,-0.022188,-0.983214,0.181065,0.022471,0.026113,0.017757,0.999501,0,0.42324,-0.61606,25.394,-1.232,-1,400.000,-1,400.000,-1,325.000,325.000,300.000,325.000,-1,-1,-1,-1,775.000,800.000,-1,-1,2,0,2,0,2,0,0,0,0,2,2,2,2,0,0,2,2
128,-2176.507,-8738.270,128.579,-81.039,0.155247,0.987620,-0.022461,-0.987549,0.155741,0.022190,0.025413,0.018736,0.999501,0,0.50324,-0.73606,30.194,-1.472,-1,400.000,-1,400.000,-1,325.000,325.000,300.000,325.000,-1,-1,-1,-1,775.000,825.000,-1,-1,2,0,2,0,2,0,0,0,0,2,2,2,2,0,0,2,2
129,-2172.091,-8772.985,129.349,-82.751,0.125663,0.991810,-0.022847,-0.991770,0.126161,0.021811,0.024515,0.019918,0.999501,0,0.58324,-0.85606,34.994,-1.712,-1,400.000,-1,400.000,-1,325.000,325.000,300.000,325.000,-1,-1,-1,-1,775.000,825.000,-1,-1,2,0,2,0,2,0,0,0,0,2,2,2,2,0,0,2,2
130,-2168.371,-8812.605,130.201,-84.636,0.092957,0.995396,-0.023379,-0.995395,0.093458,0.021333,0.023420,0.021289,0.999499,0,0.66324,-0.94271,39.794,-1.885,-1,400.000,-1,400.000,-1,325.000,325.000,300.000,325.000,-1,-1,-1,-1,775.000,825.000,-1,-1,2,0,2,0,2,0,0,0,0,2,2,2,2,0,0,2,2
131,-2165.664,-8857.117,131.129,-86.522,0.060152,0.997899,-0.024077,-0.997942,0.060656,0.020778,0.022195,0.022778,0.999494,0,0.74324,-0.94271,44.594,-1.885,-1,400.000,-1,400.000,-1,325.000,325.000,300.000,325.000,-1,-1,-1,-1,775.000,850.000,-1,-1,2,0,2,0,2,0,0,0,0,2,2,2,2,0,0,2,2
132,-2164.291,-8906.492,132.121,-88.407,0.027285,0.999316,-0.024966,-0.999411,0.027790,0.020144,0.020824,0.024402,0.999485,0,0.82324,-0.94271,49.394,-1.885,-1,400.000,-1,400.000,-1,325.000,325.000,300.000,325.000,-1,-1,-1,-1,775.000,850.000,-1,-1,2,0,2,0,2,0,0,0,0,2,2,2,2,0,0,2,2
133,-2164.549,-8957.206,133.093,-90.292,-0.005608,0.999646,-0.026009,-0.999798,-0.005103,0.019458,0.019318,0.026113,0.999472,0,0.84525,-0.94271,50.715,-1.885,-1,400.000,-1,400.000,-1,325.000,325.000,300.000,325.000,-1,-1,-1,-1,775.000,850.000,-1,-1,2,0,2,0,2,0,0,0,0,2,2,2,2,0,0,2,2
134,-2166.476,-9007.885,134.010,-92.178,-0.038489,0.998889,-0.027190,-0.999102,-0.037988,0.018743,0.017689,0.027887,0.999455,0,0.84525,-0.94271,50.715,-1.885,-1,400.000,-1,400.000,-1,325.000,325.000,300.000,325.000,-1,-1,-1,-1,800.000,850.000,-1,-1,2,0,2,0,2,0,0,0,0,2,2,2,2,0,0,2,2
135,-2170.069,-9058.472,134.867,-94.063,-0.071323,0.997046,-0.028514,-0.997326,-0.070828,0.018012,0.015940,0.029722,0.999431,0,0.84525,-0.94271,50.715,-1.885,-1,400.000,-1,400.000,-1,325.000,325.000,300.000,325.000,-1,-1,-1,-1,800.000,875.000,-1,-1,2,0,2,0,2,0,0,0,0,2,2,2,2,0,0,2,2
