timestep,x_cm,y_cm,z_cm,yaw_deg,basis_xx,basis_xy,basis_xz,basis_yx,basis_yy,basis_yz,basis_zx,basis_zy,basis_zz,teleport_flag,throttle_cmd,steering_cmd,cmd_move_cm,cmd_turn_deg,lidar_cm_0,lidar_cm_1,lidar_cm_2,lidar_cm_3,lidar_cm_4,lidar_cm_5,lidar_cm_6,lidar_cm_7,lidar_cm_8,lidar_cm_9,lidar_cm_10,lidar_cm_11,lidar_cm_12,lidar_cm_13,lidar_cm_14,lidar_cm_15,lidar_cm_16,lidar_class_0,lidar_class_1,lidar_class_2,lidar_class_3,lidar_class_4,lidar_class_5,lidar_class_6,lidar_class_7,lidar_class_8,lidar_class_9,lidar_class_10,lidar_class_11,lidar_class_12,lidar_class_13,lidar_class_14,lidar_class_15,lidar_class_16
0,4919.492,2951.695,-238.099,67.853,0.376888,-0.926207,0.009769,0.926183,0.376971,0.008795,-0.011829,0.005733,0.999914,1,0.00000,0.00000,4.800,-0.106,-1,400.000,-1,375.000,-1,325.000,300.000,325.000,300.000,-1,475.000,600.000,-1,775.000,700.000,-1,-1,2,0,2,0,2,0,0,0,0,2,0,0,2,0,0,2,2
1,4921.320,2956.133,-238.158,67.613,0.380767,-0.924621,0.009580,0.924596,0.380848,0.008759,-0.011747,0.005523,0.999916,0,0.08000,-0.12000,4.800,-0.240,-1,400.000,-1,375.000,-1,325.000,300.000,325.000,300.000,-1,475.000,575.000,-1,775.000,700.000,-1,-1,2,0,2,0,2,0,0,0,0,2,0,0,2,0,0,2,2
2,4925.025,2964.989,-238.276,67.294,0.385927,-0.922483,0.009211,0.922457,0.386003,0.008698,-0.011579,0.005140,0.999920,0,0.16000,-0.15988,9.600,-0.320,-1,400.000,-1,375.000,-1,325.000,300.000,325.000,300.000,-1,475.000,575.000,-1,775.000,700.000,-1,-1,2,0,2,0,2,0,0,0,0,2,0,0,2,0,0,2,2
3,4930.659,2978.242,-238.450,66.971,0.391122,-0.920298,0.008668,0.920269,0.391191,0.008618,-0.011322,0.004606,0.999925,0,0.24000,-0.16129,14.400,-0.323,-1,400.000,-1,375.000,-1,325.000,300.000,325.000,300.000,-1,475.000,600.000,-1,775.000,725.000,-1,-1,2,0,2,0,2,0,0,0,0,2,0,0,2,0,0,2,2
4,4938.270,2995.868,-238.676,66.644,0.396383,-0.918051,0.007957,0.918020,0.396443,0.008520,-0.010976,0.003927,0.999932,0,0.32000,-0.16365,19.200,-0.327,-1,400.000,-1,375.000,-1,325.000,300.000,325.000,300.000,-1,475.000,600.000,-1,800.000,725.000,-1,-1,2,0,2,0,2,0,0,0,0,2,0,0,2,0,0,2,2
5,4947.913,3017.846,-238.948,66.310,0.401737,-0.915728,0.007084,0.915695,0.401787,0.008403,-0.010542,0.003111,0.999940,0,0.40000,-0.16693,24.000,-0.334,-1,400.000,-1,375.000,-1,325.000,300.000,325.000,300.000,-1,500.000,600.000,-1,800.000,725.000,-1,-1,2,0,2,0,2,0,0,0,0,2,0,0,2,0,0,2,2
6,4959.642,3044.149,-239.258,65.968,0.407212,-0.913313,0.006060,0.913279,0.407252,0.008270,-0.010021,0.002167,0.999947,0,0.48000,-0.17115,28.800,-0.342,-1,400.000,-1,375.000,-1,325.000,300.000,325.000,300.000,-1,500.000,600.000,-1,800.000,725.000,-1,-1,2,0,2,0,2,0,0,0,0,2,0,0,2,0,0,2,2
7,4973.514,3074.752,-239.597,65.615,0.412837,-0.910792,0.004895,0.910756,0.412865,0.008119,-0.009416,0.001106,0.999955,0,0.56000,-0.17629,33.600,-0.353,-1,400.000,-1,375.000,-1,325.000,300.000,325.000,300.000,-1,500.000,625.000,-1,800.000,725.000,-1,-1,2,0,2,0,2,0,0,0,0,2,0,0,2,0,0,2,2
8,4989.591,3109.625,-239.954,65.250,0.418638,-0.908146,0.003605,0.908111,0.418654,0.007953,-0.008731,-0.000056,0.999962,0,0.64000,-0.18234,38.400,-0.365,-1,400.000,-1,375.000,-1,325.000,325.000,325.000,300.000,-1,500.000,650.000,-1,800.000,750.000,-1,-1,2,0,2,0,2,0,0,0,0,2,0,0,2,0,0,2,2
9,5007.935,3148.736,-240.312,64.872,0.424640,-0.905360,0.002221,0.905327,0.424644,0.007775,-0.007982,-0.001290,0.999967,0,0.72000,-0.18926,43.200,-0.379,-1,400.000,-1,375.000,-1,325.000,325.000,325.000,300.000,-1,525.000,650.000,-1,800.000,750.000,-1,-1,2,0,2,0,2,0,0,0,0,2,0,0,2,0,0,2,2
10,5028.614,3192.054,-240.651,64.481,0.430817,-0.902439,0.000770,0.902411,0.430810,0.007555,-0.007150,-0.002560,0.999971,0,0.80000,-0.19546,48.000,-0.391,-1,400.000,-1,375.000,-1,325.000,325.000,325.000,300.000,-1,550.000,675.000,-1,800.000,775.000,-1,-1,2,0,2,0,2,0,0,0,0,2,0,0,2,0,0,2,2
11,5049.982,3236.015,-241.016,64.077,0.437180,-0.899374,-0.000814,0.899350,0.437161,0.007673,-0.006545,-0.004087,0.999970,0,0.81465,-0.20203,48.879,-0.404,-1,400.000,-1,400.000,-1,325.000,325.000,300.000,300.000,-1,550.000,700.000,-1,825.000,775.000,-1,-1,2,0,2,0,2,0,0,0,0,2,0,0,2,0,0,2,2
12,5071.661,3279.801,-241.362,63.660,0.443718,-0.896163,-0.002415,0.896146,0.443688,0.007967,-0.006069,-0.005700,0.999965,0,0.81431,-0.20839,48.858,-0.417,-1,400.000,-1,400.000,-1,325.000,325.000,300.000,300.000,-1,575.000,725.000,-1,825.000,800.000,-1,-1,2,0,2,0,2,0,0,0,0,2,0,0,2,0,0,2,2
13,5093.650,3323.391,-241.678,63.231,0.450419,-0.892808,-0.004002,0.892799,0.450377,0.008381,-0.005680,-0.007348,0.999957,0,0.81372,-0.21438,48.823,-0.429,-1,400.000,-1,400.000,-1,325.000,325.000,300.000,300.000,-1,600.000,750.000,-1,825.000,800.000,-1,-1,2,0,2,0,2,0,0,0,0,2,0,0,2,0,0,2,2
14,5115.950,3366.768,-241.994,62.791,0.457269,-0.889311,-0.005512,0.889313,0.457215,0.008784,-0.005291,-0.008919,0.999946,0,0.81289,-0.22002,48.773,-0.440,-1,400.000,-1,400.000,-1,325.000,325.000,300.000,300.000,-1,625.000,775.000,-1,850.000,825.000,-1,-1,2,0,2,0,2,0,0,0,0,2,0,0,2,0,0,2,2
15,5138.562,3409.912,-242.323,62.341,0.464252,-0.885676,-0.006915,0.885690,0.464188,0.009110,-0.004859,-0.010354,0.999935,0,0.81184,-0.22529,48.710,-0.451,-1,400.000,-1,400.000,-1,325.000,325.000,300.000,300.000,-1,650.000,800.000,-1,850.000,825.000,-1,-1,2,0,2,0,2,0,0,0,0,2,0,0,2,0,0,2,2
16,5161.484,3452.806,-242.733,61.880,0.471358,-0.881908,-0.007790,0.881929,0.471284,0.009613,-0.004806,-0.011402,0.999923,0,0.81058,-0.23020,48.635,-0.460,-1,400.000,-1,400.000,-1,325.000,325.000,300.000,300.000,-1,675.000,850.000,-1,850.000,850.000,-1,-1,2,0,2,0,2,0,0,0,0,2,0,0,2,0,0,2,2
17,5184.716,3495.435,-243.277,61.411,0.478574,-0.878012,-0.007882,0.878031,0.478492,0.010326,-0.005295,-0.011862,0.999916,0,0.80913,-0.23473,48.548,-0.469,-1,400.000,-1,400.000,-1,325.000,325.000,300.000,300.000,-1,725.000,900.000,-1,875.000,850.000,-1,-1,2,0,2,0,2,0,0,0,0,2,0,0,2,0,0,2,2
18,5208.254,3537.782,-243.812,60.933,0.485886,-0.873987,-0.007853,0.874002,0.485794,0.011118,-0.005902,-0.012266,0.999907,0,0.80749,-0.23888,48.450,-0.478,-1,400.000,-1,400.000,-1,325.000,325.000,300.000,300.000,-1,800.000,950.000,-1,875.000,850.000,-1,-1,2,0,2,0,2,0,0,0,0,2,0,0,2,0,0,2,2
19,5232.097,3579.835,-244.354,60.448,0.493279,-0.869838,-0.007619,0.869846,0.493178,0.011999,-0.006680,-0.012546,0.999899,0,0.80569,-0.24266,48.342,-0.485,-1,400.000,-1,400.000,-1,325.000,325.000,300.000,300.000,-1,850.000,-1,-1,875.000,850.000,-1,-1,2,0,2,0,2,0,0,0,0,2,0,2,2,0,0,2,2
20,5256.241,3621.580,-244.888,59.956,0.500740,-0.865567,-0.007254,0.865565,0.500630,0.012954,-0.007581,-0.012765,0.999890,0,0.80374,-0.24606,48.225,-0.492,-1,400.000,-1,400.000,-1,325.000,325.000,300.000,300.000,-1,925.000,-1,-1,875.000,875.000,-1,-1,2,0,2,0,2,0,0,0,0,2,0,2,2,0,0,2,2
21,5280.685,3663.006,-245.412,59.457,0.508255,-0.861180,-0.006755,0.861164,0.508135,0.013978,-0.008605,-0.012921,0.999879,0,0.80166,-0.24908,48.100,-0.498,-1,400.000,-1,400.000,-1,325.000,325.000,300.000,300.000,-1,-1,-1,-1,875.000,875.000,-1,-1,2,0,2,0,2,0,0,0,0,2,2,2,2,0,0,2,2
22,5305.423,3704.103,-245.926,58.954,0.515810,-0.856681,-0.006120,0.856648,0.515682,0.015069,-0.009754,-0.013015,0.999868,0,0.79946,-0.25172,47.968,-0.503,-1,400.000,-1,400.000,-1,325.000,325.000,300.000,300.000,-1,-1,-1,-1,875.000,875.000,-1,-1,2,0,2,0,2,0,0,0,0,2,2,2,2,0,0,2,2
23,5330.452,3744.861,-246.429,58.446,0.523392,-0.852075,-0.005336,0.852021,0.523257,0.016225,-0.011033,-0.013038,0.999854,0,0.79717,-0.25399,47.830,-0.508,-1,400.000,-1,400.000,-1,325.000,325.000,300.000,300.000,-1,-1,-1,-1,875.000,875.000,-1,-1,2,0,2,0,2,0,0,0,0,2,2,2,2,0,0,2,2
24,5355.769,3785.274,-247.008,57.934,0.530990,-0.847364,-0.004858,0.847291,0.530844,0.017389,-0.012156,-0.013349,0.999837,0,0.79479,-0.25587,47.688,-0.512,-1,425.000,-1,400.000,-1,325.000,325.000,300.000,300.000,-1,-1,-1,-1,875.000,850.000,-1,-1,2,0,2,0,2,0,0,0,0,2,2,2,2,0,0,2,2
25,5381.369,3825.334,-247.601,57.420,0.538589,-0.842557,-0.004360,0.842463,0.538433,0.018604,-0.013327,-0.013693,0.999817,0,0.79235,-0.25739,47.541,-0.515,-1,425.000,-1,400.000,-1,325.000,325.000,300.000,300.000,-1,-1,-1,-1,875.000,850.000,-1,-1,2,0,2,0,2,0,0,0,0,2,2,2,2,0,0,2,2
26,5407.248,3865.036,-248.288,56.902,0.546184,-0.837656,-0.003974,0.837534,0.546009,0.020273,-0.014812,-0.014402,0.999787,0,0.78987,-0.25853,47.392,-0.517,-1,425.000,-1,400.000,-1,325.000,325.000,300.000,300.000,-1,-1,-1,-1,875.000,850.000,-1,-1,2,0,2,0,2,0,0,0,0,2,2,2,2,0,0,2,2
27,5433.402,3904.377,-249.066,56.384,0.553763,-0.832666,-0.003682,0.832509,0.553560,0.022380,-0.016597,-0.015459,0.999743,0,0.78735,-0.25930,47.241,-0.519,-1,425.000,-1,400.000,-1,325.000,325.000,300.000,300.000,-1,-1,-1,-1,850.000,850.000,-1,-1,2,0,2,0,2,0,0,0,0,2,2,2,2,0,0,2,2
28,5459.826,3943.354,-249.863,55.864,0.561310,-0.827599,-0.003362,0.827400,0.561075,0.024573,-0.018450,-0.016574,0.999692,0,0.78482,-0.25970,47.089,-0.519,-1,425.000,-1,400.000,-1,325.000,325.000,300.000,300.000,-1,-1,-1,-1,850.000,825.000,-1,-1,2,0,2,0,2,0,0,0,0,2,2,2,2,0,0,2,2
29,5486.516,3981.965,-250.680,55.345,0.568813,-0.822461,-0.003011,0.822214,0.568544,0.026852,-0.020372,-0.017749,0.999635,0,0.78230,-0.25975,46.938,-0.519,-1,400.000,-1,400.000,-1,325.000,325.000,300.000,300.000,-1,-1,-1,-1,825.000,825.000,-1,-1,2,0,2,0,2,0,0,0,0,2,2,2,2,0,0,2,2
30,5513.468,4020.210,-251.580,54.826,0.576258,-0.817264,-0.002544,0.816967,0.575958,0.028927,-0.022175,-0.018748,0.999578,0,0.77980,-0.25943,46.788,-0.519,-1,400.000,-1,400.000,-1,325.000,325.000,300.000,300.000,-1,-1,-1,-1,825.000,800.000,-1,-1,2,0,2,0,2,0,0,0,0,2,2,2,2,0,0,2,2
31,5540.679,4058.089,-252.689,54.309,0.583623,-0.812023,-0.001809,0.811685,0.583313,0.030233,-0.023494,-0.019113,0.999541,0,0.77733,-0.25876,46.640,-0.518,-1,400.000,-1,400.000,-1,325.000,325.000,300.000,300.000,-1,-1,-1,-1,825.000,800.000,-1,-1,2,0,2,0,2,0,0,0,0,2,2,2,2,0,0,2,2
32,5565.253,4091.952,-253.713,54.031,0.587555,-0.809183,-0.001139,0.808805,0.587236,0.031435,-0.024768,-0.019391,0.999505,0,0.69733,-0.13876,41.840,-0.278,-1,400.000,-1,400.000,-1,325.000,325.000,300.000,300.000,-1,-1,-1,-1,800.000,800.000,-1,-1,2,0,2,0,2,0,0,0,0,2,2,2,2,0,0,2,2
33,5587.028,4121.916,-254.666,53.994,0.588088,-0.808797,-0.000521,0.808382,0.587765,0.032427,-0.025920,-0.019491,0.999474,0,0.61733,-0.01876,37.040,-0.038,-1,400.000,-1,400.000,-1,325.000,325.000,300.000,300.000,-1,-1,-1,-1,800.000,775.000,-1,-1,2,0,2,0,2,0,0,0,0,2,2,2,2,0,0,2,2
34,5605.889,4148.063,-255.533,54.196,0.585226,-0.810870,0.000063,0.810419,0.584904,0.033294,-0.027034,-0.019433,0.999446,0,0.53733,0.10124,32.240,0.202,-1,400.000,-1,400.000,-1,325.000,325.000,300.000,300.000,-1,-1,-1,-1,800.000,775.000,-1,-1,2,0,2,0,2,0,0,0,0,2,2,2,2,0,0,2,2
35,5621.769,4170.441,-256.344,54.638,0.578942,-0.815368,0.000783,0.814881,0.578628,0.034044,-0.028211,-0.019071,0.999420,0,0.45733,0.22124,27.440,0.442,-1,400.000,-1,400.000,-1,325.000,325.000,300.000,300.000,-1,-1,-1,-1,800.000,775.000,-1,-1,2,0,2,0,2,0,0,0,0,2,2,2,2,0,0,2,2
36,5634.651,4189.058,-257.028,55.321,0.569183,-0.822210,0.001360,0.821690,0.568880,0.034645,-0.029259,-0.018602,0.999399,0,0.37733,0.34124,22.640,0.682,-1,400.000,-1,400.000,-1,325.000,325.000,300.000,300.000,-1,-1,-1,-1,775.000,775.000,-1,-1,2,0,2,0,2,0,0,0,0,2,2,2,2,0,0,2,2
37,5644.564,4203.891,-257.580,56.243,0.555865,-0.831271,0.001794,0.830725,0.555575,0.035106,-0.030180,-0.018024,0.999382,0,0.29733,0.46124,17.840,0.922,-1,400.000,-1,400.000,-1,325.000,325.000,300.000,300.000,-1,-1,-1,-1,775.000,775.000,-1,-1,2,0,2,0,2,0,0,0,0,2,2,2,2,0,0,2,2
38,5651.595,4214.873,-257.995,57.374,0.539354,-0.842077,0.002089,0.841510,0.539079,0.035434,-0.030964,-0.017353,0.999370,0,0.21733,0.56504,13.040,1.130,-1,400.000,-1,400.000,-1,325.000,325.000,300.000,300.000,-1,-1,-1,-1,775.000,775.000,-1,-1,2,0,2,0,2,0,0,0,0,2,2,2,2,0,0,2,2
39,5655.899,4221.899,-258.265,58.506,0.522598,-0.852577,0.002257,0.851995,0.522336,0.035632,-0.031558,-0.016698,0.999362,0,0.13733,0.56627,8.240,1.133,-1,400.000,-1,400.000,-1,325.000,325.000,300.000,300.000,-1,-1,-1,-1,775.000,775.000,-1,-1,2,0,2,0,2,0,0,0,0,2,2,2,2,0,0,2,2
40,5657.638,4224.867,-258.385,59.640,0.505611,-0.862758,0.002304,0.862169,0.505361,0.035701,-0.031966,-0.016065,0.999360,0,0.05733,0.56713,3.440,1.134,-1,400.000,-1,400.000,-1,325.000,325.000,300.000,300.000,-1,-1,-1,-1,775.000,775.000,-1,-1,2,0,2,0,2,0,0,0,0,2,2,2,2,0,0,2,2
41,5656.974,4223.679,-258.351,60.775,0.488416,-0.872608,0.002235,0.872017,0.488177,0.035638,-0.032189,-0.015457,0.999362,0,-0.02267,0.56752,-1.360,1.135,-1,400.000,-1,400.000,-1,325.000,325.000,300.000,300.000,-1,-1,-1,-1,775.000,775.000,-1,-1,2,0,2,0,2,0,0,0,0,2,2,2,2,0,0,2,2
42,5654.074,4218.245,-258.159,61.910,0.471035,-0.882112,0.002059,0.881526,0.470805,0.035434,-0.032226,-0.014876,0.999370,0,-0.10267,0.56735,-6.160,1.135,-1,400.000,-1,400.000,-1,325.000,325.000,300.000,300.000,-1,-1,-1,-1,775.000,775.000,-1,-1,2,0,2,0,2,0,0,0,0,2,2,2,2,0,0,2,2
43,5649.105,4208.475,-257.807,63.043,0.453495,-0.891257,0.001778,0.890681,0.453272,0.035091,-0.032082,-0.014330,0.999383,0,-0.18267,0.56656,-10.960,1.133,-1,400.000,-1,400.000,-1,325.000,325.000,300.000,300.000,-1,-1,-1,-1,775.000,775.000,-1,-1,2,0,2,0,2,0,0,0,0,2,2,2,2,0,0,2,2
44,5642.330,4194.476,-257.303,64.173,0.435826,-0.900030,0.001399,0.899470,0.435608,0.034622,-0.031770,-0.013831,0.999400,0,-0.25921,0.56507,-15.553,1.130,-1,400.000,-1,400.000,-1,325.000,325.000,300.000,300.000,-1,-1,-1,-1,775.000,775.000,-1,-1,2,0,2,0,2,0,0,0,0,2,2,2,2,0,0,2,2
45,5635.782,4180.241,-256.794,65.299,0.418056,-0.908421,0.001026,0.907877,0.417844,0.034150,-0.031451,-0.013345,0.999416,0,-0.26114,0.56288,-15.669,1.126,-1,400.000,-1,400.000,-1,325.000,325.000,300.000,300.000,-1,-1,-1,-1,775.000,800.000,-1,-1,2,0,2,0,2,0,0,0,0,2,2,2,2,0,0,2,2
46,5629.467,4165.772,-256.278,66.420,0.400198,-0.916429,0.000659,0.915900,0.399991,0.033677,-0.031126,-0.012874,0.999433,0,-0.26311,0.56061,-15.787,1.121,-1,400.000,-1,400.000,-1,325.000,325.000,300.000,300.000,-1,-1,-1,-1,775.000,800.000,-1,-1,2,0,2,0,2,0,0,0,0,2,2,2,2,0,0,2,2
47,5623.389,4151.072,-255.757,67.537,0.382262,-0.924054,0.000299,0.923541,0.382060,0.033202,-0.030795,-0.012416,0.999449,0,-0.26512,0.55825,-15.907,1.116,-1,400.000,-1,400.000,-1,325.000,325.000,300.000,300.000,-1,-1,-1,-1,775.000,800.000,-1,-1,2,0,2,0,2,0,0,0,0,2,2,2,2,0,0,2,2
48,5617.553,4136.143,-255.230,68.648,0.364261,-0.931297,-0.000055,0.930799,0.364064,0.032727,-0.030459,-0.011972,0.999464,0,-0.26715,0.55580,-16.029,1.112,-1,400.000,-1,400.000,-1,325.000,325.000,300.000,300.000,-1,-1,-1,-1,775.000,800.000,-1,-1,2,0,2,0,2,0,0,0,0,2,2,2,2,0,0,2,2
49,5611.964,4120.988,-254.697,69.755,0.346206,-0.938159,-0.000403,0.937675,0.346013,0.032251,-0.030117,-0.011543,0.999480,0,-0.26922,0.55326,-16.153,1.107,-1,400.000,-1,400.000,-1,325.000,325.000,300.000,300.000,-1,-1,-1,-1,775.000,825.000,-1,-1,2,0,2,0,2,0,0,0,0,2,2,2,2,0,0,2,2
50,5606.625,4105.608,-254.158,70.856,0.328108,-0.944640,-0.000745,0.944171,0.327920,0.031775,-0.029772,-0.011129,0.999495,0,-0.27133,0.55064,-16.280,1.101,-1,400.000,-1,400.000,-1,325.000,325.000,300.000,300.000,-1,-1,-1,-1,800.000,825.000,-1,-1,2,0,2,0,2,0,0,0,0,2,2,2,2,0,0,2,2
51,5601.542,4090.007,-253.614,71.952,0.309979,-0.950743,-0.001080,0.950288,0.309795,0.031298,-0.029422,-0.010728,0.999509,0,-0.27347,0.54792,-16.408,1.096,-1,400.000,-1,400.000,-1,325.000,325.000,300.000,300.000,-1,-1,-1,-1,800.000,825.000,-1,-1,2,0,2,0,2,0,0,0,0,2,2,2,2,0,0,2,2
52,5596.718,4074.188,-253.063,73.042,0.291830,-0.956469,-0.001410,0.956028,0.291650,0.030822,-0.029070,-0.010343,0.999524,0,-0.27564,0.54512,-16.539,1.090,-1,400.000,-1,400.000,-1,325.000,325.000,300.000,300.000,-1,-1,-1,-1,800.000,825.000,-1,-1,2,0,2,0,2,0,0,0,0,2,2,2,2,0,0,2,2
53,5592.158,4058.152,-252.507,74.127,0.273672,-0.961821,-0.001733,0.961394,0.273496,0.030347,-0.028714,-0.009971,0.999538,0,-0.27785,0.54224,-16.671,1.084,-1,400.000,-1,425.000,-1,325.000,325.000,300.000,300.000,-1,-1,-1,-1,800.000,850.000,-1,-1,2,0,2,0,2,0,0,0,0,2,2,2,2,0,0,2,2
54,5587.867,4041.903,-251.944,75.205,0.255517,-0.966802,-0.002051,0.966389,0.255345,0.029872,-0.028357,-0.009615,0.999552,0,-0.28010,0.53926,-16.806,1.079,-1,400.000,-1,425.000,-1,325.000,325.000,300.000,300.000,-1,-1,-1,-1,800.000,850.000,-1,-1,2,0,2,0,2,0,0,0,0,2,2,2,2,0,0,2,2
55,5583.848,4025.444,-251.376,76.278,0.237376,-0.971415,-0.002362,0.971014,0.237206,0.029398,-0.027997,-0.009272,0.999565,0,-0.28238,0.53619,-16.943,1.072,-1,400.000,-1,425.000,-1,325.000,325.000,300.000,300.000,-1,-1,-1,-1,800.000,850.000,-1,-1,2,0,2,0,2,0,0,0,0,2,2,2,2,0,0,2,2
56,5580.105,4008.777,-250.801,77.344,0.219258,-0.975663,-0.002667,0.975275,0.219092,0.028925,-0.027637,-0.008944,0.999578,0,-0.28470,0.53304,-17.082,1.066,-1,400.000,-1,425.000,-1,325.000,325.000,300.000,300.000,-1,-1,-1,-1,800.000,850.000,-1,-1,2,0,2,0,2,0,0,0,0,2,2,2,2,0,0,2,2
57,5576.643,3991.905,-250.227,78.403,0.201175,-0.979551,-0.002932,0.979175,0.201013,0.028471,-0.027299,-0.008599,0.999590,0,-0.28706,0.52980,-17.223,1.060,-1,400.000,-1,425.000,-1,325.000,325.000,300.000,300.000,-1,-1,-1,-1,800.000,850.000,-1,-1,2,0,2,0,2,0,0,0,0,2,2,2,2,0,0,2,2
58,5573.465,3974.831,-249.677,79.456,0.183135,-0.983083,-0.003068,0.982716,0.182979,0.028085,-0.027049,-0.008158,0.999601,0,-0.28944,0.52647,-17.367,1.053,-1,400.000,-1,425.000,-1,325.000,325.000,300.000,300.000,-1,-1,-1,-1,800.000,850.000,-1,-1,2,0,2,0,2,0,0,0,0,2,2,2,2,0,0,2,2
59,5570.576,3957.559,-249.165,80.502,0.165146,-0.986264,-0.003057,0.985908,0.165001,0.027562,-0.026679,-0.007566,0.999615,0,-0.29187,0.52305,-17.512,1.046,-1,400.000,-1,425.000,-1,325.000,325.000,300.000,300.000,-1,-1,-1,-1,800.000,850.000,-1,-1,2,0,2,0,2,0,0,0,0,2,2,2,2,0,0,2,2
60,5567.978,3940.092,-248.704,81.542,0.147218,-0.989100,-0.002852,0.988758,0.147089,0.026866,-0.026154,-0.006775,0.999635,0,-0.29433,0.51955,-17.660,1.039,-1,400.000,-1,425.000,-1,325.000,325.000,300.000,300.000,-1,-1,-1,-1,800.000,850.000,-1,-1,2,0,2,0,2,0,0,0,0,2,2,2,2,0,0,2,2
61,5566.264,3927.347,-248.365,82.341,0.133397,-0.991059,-0.002690,0.990727,0.133281,0.026379,-0.025784,-0.006184,0.999648,0,-0.21433,0.39955,-12.860,0.799,-1,400.000,-1,425.000,-1,325.000,325.000,300.000,300.000,-1,-1,-1,-1,800.000,850.000,-1,-1,2,0,2,0,2,0,0,0,0,2,2,2,2,0,0,2,2
62,5565.268,3919.349,-248.150,82.900,0.123713,-0.992315,-0.002586,0.991989,0.123604,0.026084,-0.025564,-0.005792,0.999656,0,-0.13433,0.27955,-8.060,0.559,-1,400.000,-1,425.000,-1,325.000,325.000,300.000,300.000,-1,-1,-1,-1,800.000,850.000,-1,-1,2,0,2,0,2,0,0,0,0,2,2,2,2,0,0,2,2
63,5564.883,3916.113,-248.058,83.219,0.118181,-0.992989,-0.002547,0.992665,0.118076,0.025972,-0.025489,-0.005597,0.999659,0,-0.05433,0.15955,-3.260,0.319,-1,400.000,-1,425.000,-1,325.000,325.000,300.000,300.000,-1,-1,-1,-1,800.000,850.000,-1,-1,2,0,2,0,2,0,0,0,0,2,2,2,2,0,0,2,2
64,5565.063,3917.643,-248.089,83.298,0.116811,-0.993151,-0.002577,0.992825,0.116705,0.026036,-0.025557,-0.005600,0.999658,0,0.02567,0.03955,1.540,0.079,-1,400.000,-1,425.000,-1,325.000,325.000,300.000,300.000,-1,-1,-1,-1,800.000,850.000,-1,-1,2,0,2,0,2,0,0,0,0,2,2,2,2,0,0,2,2
65,5565.821,3923.938,-248.245,83.137,0.119604,-0.992818,-0.002677,0.992487,0.119493,0.026278,-0.025769,-0.005799,0.999651,0,0.10567,-0.08045,6.340,-0.161,-1,400.000,-1,425.000,-1,325.000,325.000,300.000,300.000,-1,-1,-1,-1,800.000,850.000,-1,-1,2,0,2,0,2,0,0,0,0,2,2,2,2,0,0,2,2
66,5567.211,3934.991,-248.519,82.831,0.124918,-0.992163,-0.002846,0.991823,0.124799,0.026706,-0.026141,-0.006159,0.999639,0,0.18567,-0.15314,11.140,-0.306,-1,400.000,-1,425.000,-1,325.000,325.000,300.000,300.000,-1,-1,-1,-1,800.000,850.000,-1,-1,2,0,2,0,2,0,0,0,0,2,2,2,2,0,0,2,2
67,5569.284,3950.796,-248.905,82.529,0.130152,-0.991489,-0.003091,0.991135,0.130020,0.027332,-0.026697,-0.006621,0.999622,0,0.26567,-0.15083,15.940,-0.302,-1,400.000,-1,425.000,-1,325.000,325.000,300.000,300.000,-1,-1,-1,-1,800.000,850.000,-1,-1,2,0,2,0,2,0,0,0,0,2,2,2,2,0,0,2,2
68,5572.086,3971.347,-249.499,82.234,0.135260,-0.990805,-0.003098,0.990438,0.135123,0.027837,-0.027162,-0.006833,0.999608,0,0.34567,-0.14750,20.740,-0.295,-1,400.000,-1,425.000,-1,325.000,325.000,300.000,300.000,-1,-1,-1,-1,800.000,850.000,-1,-1,2,0,2,0,2,0,0,0,0,2,2,2,2,0,0,2,2
69,5575.664,3996.635,-250.351,81.948,0.140203,-0.990119,-0.002655,0.989732,0.140072,0.028451,-0.027798,-0.006616,0.999592,0,0.42567,-0.14314,25.540,-0.286,-1,400.000,-1,425.000,-1,325.000,325.000,300.000,300.000,-1,-1,-1,-1,800.000,850.000,-1,-1,2,0,2,0,2,0,0,0,0,2,2,2,2,0,0,2,2
70,5580.058,4026.656,-251.379,81.672,0.144952,-0.989437,-0.002069,0.989025,0.144830,0.029212,-0.028604,-0.006281,0.999571,0,0.50567,-0.13771,30.340,-0.275,-1,400.000,-1,425.000,-1,325.000,325.000,300.000,300.000,-1,-1,-1,-1,775.000,850.000,-1,-1,2,0,2,0,2,0,0,0,0,2,2,2,2,0,0,2,2
71,5585.307,4061.402,-252.572,81.410,0.149467,-0.988766,-0.001389,0.988325,0.149359,0.030094,-0.029548,-0.005870,0.999546,0,0.58567,-0.13114,35.140,-0.262,-1,400.000,-1,425.000,-1,325.000,325.000,300.000,300.000,-1,-1,-1,-1,775.000,825.000,-1,-1,2,0,2,0,2,0,0,0,0,2,2,2,2,0,0,2,2
72,5591.442,4100.869,-253.935,81.163,0.153709,-0.988116,-0.000614,0.987641,0.153616,0.031095,-0.030631,-0.005386,0.999516,0,0.66567,-0.12339,39.940,-0.247,-1,400.000,-1,400.000,-1,325.000,325.000,300.000,300.000,-1,-1,-1,-1,775.000,825.000,-1,-1,2,0,2,0,2,0,0,0,0,2,2,2,2,0,0,2,2
73,5598.492,4145.050,-255.469,80.935,0.157634,-0.987498,0.000251,0.986984,0.157560,0.032215,-0.031852,-0.004830,0.999481,0,0.74567,-0.11436,44.740,-0.229,-1,400.000,-1,400.000,-1,325.000,325.000,300.000,300.000,-1,-1,-1,-1,775.000,825.000,-1,-1,2,0,2,0,2,0,0,0,0,2,2,2,2,0,0,2,2
74,5606.399,4193.474,-257.162,80.727,0.161195,-0.986922,0.001195,0.986364,0.161144,0.033443,-0.033198,-0.004212,0.999440,0,0.81775,-0.10399,49.065,-0.208,-1,400.000,-1,400.000,-1,325.000,325.000,300.000,300.000,-1,-1,-1,-1,750.000,800.000,-1,-1,2,0,2,0,2,0,0,0,0,2,2,2,2,0,0,2,2
75,5614.487,4242.028,-258.872,80.542,0.164349,-0.986400,0.002134,0.985797,0.164323,0.034673,-0.034552,-0.003594,0.999396,0,0.82038,-0.09230,49.223,-0.185,-1,400.000,-1,400.000,-1,325.000,325.000,300.000,300.000,-1,-1,-1,-1,750.000,800.000,-1,-1,2,0,2,0,2,0,0,0,0,2,2,2,2,0,0,2,2
76,5622.743,4290.742,-260.602,80.382,0.167084,-0.985938,0.003068,0.985288,0.167086,0.035906,-0.035913,-0.002977,0.999350,0,0.82347,-0.08023,49.408,-0.160,-1,400.000,-1,400.000,-1,325.000,325.000,300.000,300.000,-1,-1,-1,-1,750.000,775.000,-1,-1,2,0,2,0,2,0,0,0,0,2,2,2,2,0,0,2,2
77,5631.150,4339.647,-262.351,80.246,0.169388,-0.985541,0.003995,0.984844,0.169419,0.037142,-0.037281,-0.002357,0.999302,0,0.82703,-0.06779,49.622,-0.136,-1,400.000,-1,400.000,-1,325.000,325.000,300.000,300.000,-1,-1,-1,-1,725.000,775.000,-1,-1,2,0,2,0,2,0,0,0,0,2,2,2,2,0,0,2,2
78,5639.692,4388.773,-264.123,80.136,0.171248,-0.985216,0.004915,0.984469,0.171310,0.038381,-0.038656,-0.001734,0.999251,0,0.83106,-0.05498,49.863,-0.110,-1,400.000,-1,400.000,-1,325.000,325.000,300.000,300.000,-1,-1,-1,-1,725.000,750.000,-1,-1,2,0,2,0,2,0,0,0,0,2,2,2,2,0,0,2,2
79,5648.352,4438.153,-265.917,80.052,0.172652,-0.984966,0.005827,0.984169,0.172747,0.039624,-0.040035,-0.001106,0.999198,0,0.83556,-0.04179,50.133,-0.084,-1,400.000,-1,400.000,-1,325.000,325.000,300.000,300.000,-1,-1,-1,-1,725.000,750.000,-1,-1,2,0,2,0,2,0,0,0,0,2,2,2,2,0,0,2,2
80,5657.113,4487.818,-267.737,79.996,0.173587,-0.984796,0.006731,0.983947,0.173717,0.040871,-0.041419,-0.000472,0.999142,0,0.84053,-0.02821,50.432,-0.056,-1,375.000,-1,400.000,-1,325.000,325.000,300.000,300.000,-1,-1,-1,-1,725.000,750.000,-1,-1,2,0,2,0,2,0,0,0,0,2,2,2,2,0,0,2,2
81,5665.956,4537.801,-269.606,79.968,0.174044,-0.984709,0.007518,0.983810,0.174207,0.042064,-0.042730,0.000075,0.999087,0,0.84598,-0.01425,50.759,-0.028,-1,375.000,-1,375.000,-1,325.000,325.000,300.000,300.000,-1,-1,-1,-1,700.000,725.000,-1,-1,2,0,2,0,2,0,0,0,0,2,2,2,2,0,0,2,2
82,5674.861,4588.135,-271.537,79.968,0.174020,-0.984710,0.007997,0.983801,0.174203,0.042299,-0.043045,0.000507,0.999073,0,0.85192,0.00012,51.115,0.000,-1,375.000,-1,375.000,-1,325.000,325.000,300.000,300.000,-1,-1,-1,-1,700.000,725.000,-1,-1,2,0,2,0,2,0,0,0,0,2,2,2,2,0,0,2,2
83,5683.806,4638.853,-273.498,79.997,0.173472,-0.984799,0.008840,0.983901,0.173691,0.042085,-0.042981,0.001397,0.999075,0,0.85836,0.01488,51.501,0.030,-1,375.000,-1,375.000,-1,300.000,325.000,300.000,300.000,-1,-1,-1,-1,700.000,725.000,-1,-1,2,0,2,0,2,0,0,0,0,2,2,2,2,0,0,2,2
84,5692.770,4689.991,-275.393,80.058,0.172426,-0.984980,0.009159,0.984128,0.172658,0.041003,-0.041968,0.001944,0.999117,0,0.86529,0.03005,51.918,0.060,-1,375.000,-1,375.000,-1,325.000,325.000,300.000,300.000,-1,-1,-1,-1,700.000,725.000,-1,-1,2,0,2,0,2,0,0,0,0,2,2,2,2,0,0,2,2
85,5701.729,4741.583,-277.301,80.149,0.170847,-0.985253,0.009399,0.984449,0.171088,0.039873,-0.040893,0.002440,0.999161,0,0.87274,0.04564,52.364,0.091,-1,375.000,-1,375.000,-1,325.000,325.000,300.000,300.000,-1,-1,-1,-1,675.000,725.000,-1,-1,2,0,2,0,2,0,0,0,0,2,2,2,2,0,0,2,2
86,5710.657,4793.665,-279.235,80.272,0.168719,-0.985617,0.009615,0.984861,0.168967,0.038726,-0.039793,0.002935,0.999204,0,0.88070,0.06166,52.842,0.123,-1,375.000,-1,375.000,-1,325.000,325.000,300.000,300.000,-1,-1,-1,-1,675.000,725.000,-1,-1,2,0,2,0,2,0,0,0,0,2,2,2,2,0,0,2,2
87,5719.529,4846.273,-281.198,80.428,0.166024,-0.986073,0.009809,0.985363,0.166278,0.037557,-0.038665,0.003430,0.999246,0,0.88919,0.07812,53.351,0.156,-1,375.000,-1,375.000,-1,325.000,325.000,300.000,300.000,-1,-1,-1,-1,675.000,725.000,-1,-1,2,0,2,0,2,0,0,0,0,2,2,2,2,0,0,2,2
88,5728.277,4899.097,-283.177,80.597,0.163121,-0.986556,0.009983,0.985892,0.163380,0.036376,-0.037517,0.003908,0.999288,0,0.89239,0.08418,53.543,0.168,-1,375.000,-1,400.000,-1,325.000,325.000,300.000,300.000,-1,-1,-1,-1,675.000,700.000,-1,-1,2,0,2,0,2,0,0,0,0,2,2,2,2,0,0,2,2
89,5735.897,4947.241,-284.981,81.005,0.156080,-0.987692,0.010137,0.987073,0.156344,0.035276,-0.036426,0.004500,0.999326,0,0.81239,0.20418,48.743,0.408,-1,375.000,-1,400.000,-1,325.000,325.000,300.000,300.000,-1,-1,-1,-1,675.000,700.000,-1,-1,2,0,2,0,2,0,0,0,0,2,2,2,2,0,0,2,2
90,5742.276,4990.719,-286.606,81.654,0.144885,-0.989395,0.010290,0.988816,0.145157,0.034254,-0.035385,0.005212,0.999360,0,0.73239,0.32418,43.943,0.648,-1,375.000,-1,375.000,-1,325.000,325.000,300.000,300.000,-1,-1,-1,-1,675.000,700.000,-1,-1,2,0,2,0,2,0,0,0,0,2,2,2,2,0,0,2,2
91,5747.357,5029.531,-288.049,82.542,0.129518,-0.991522,0.010460,0.990981,0.129799,0.033311,-0.034387,0.006051,0.999390,0,0.65239,0.44418,39.143,0.888,-1,375.000,-1,375.000,-1,325.000,325.000,300.000,300.000,-1,-1,-1,-1,675.000,700.000,-1,-1,2,0,2,0,2,0,0,0,0,2,2,2,2,0,0,2,2
92,5751.143,5063.666,-289.309,83.670,0.109955,-0.993879,0.010659,0.993374,0.110248,0.032449,-0.033425,0.007021,0.999417,0,0.57239,0.56418,34.343,1.128,-1,375.000,-1,375.000,-1,300.000,325.000,300.000,300.000,-1,-1,-1,-1,650.000,700.000,-1,-1,2,0,2,0,2,0,0,0,0,2,2,2,2,0,0,2,2
93,5753.716,5093.097,-290.384,85.005,0.086764,-0.996169,0.010893,0.995699,0.087069,0.031673,-0.032500,0.008098,0.999439,0,0.49239,0.66727,29.543,1.335,-1,375.000,-1,375.000,-1,300.000,300.000,300.000,300.000,-1,-1,-1,-1,650.000,700.000,-1,-1,2,0,2,0,2,0,0,0,0,2,2,2,2,0,0,2,2
94,5755.295,5117.790,-291.278,86.339,0.063526,-0.997918,0.011140,0.997478,0.063844,0.031003,-0.031650,0.009143,0.999457,0,0.41239,0.66727,24.743,1.335,-1,375.000,-1,375.000,-1,300.000,300.000,300.000,300.000,-1,-1,-1,-1,650.000,700.000,-1,-1,2,0,2,0,2,0,0,0,0,2,2,2,2,0,0,2,2
95,5756.105,5137.717,-291.992,87.674,0.040254,-0.999124,0.011394,0.998712,0.040585,0.030445,-0.030881,0.010154,0.999471,0,0.33239,0.66727,19.943,1.335,-1,375.000,-1,375.000,-1,300.000,300.000,300.000,300.000,-1,-1,-1,-1,650.000,675.000,-1,-1,2,0,2,0,2,0,0,0,0,2,2,2,2,0,0,2,2
96,5756.367,5152.858,-292.529,89.008,0.016961,-0.999788,0.011645,0.999400,0.017304,0.030005,-0.030200,0.011129,0.999482,0,0.25239,0.66727,15.143,1.335,-1,375.000,-1,375.000,-1,300.000,300.000,300.000,300.000,-1,-1,-1,-1,650.000,675.000,-1,-1,2,0,2,0,2,0,0,0,0,2,2,2,2,0,0,2,2
97,5756.305,5163.201,-292.889,90.343,-0.006341,-0.999909,0.011885,0.999541,-0.005986,0.029688,-0.029614,0.012068,0.999489,0,0.17239,0.66727,10.343,1.335,-1,375.000,-1,375.000,-1,300.000,300.000,300.000,300.000,-1,-1,-1,-1,650.000,675.000,-1,-1,2,0,2,0,2,0,0,0,0,2,2,2,2,0,0,2,2
98,5756.142,5168.742,-293.077,91.678,-0.029639,-0.999487,0.012104,0.999136,-0.029272,0.029497,-0.029127,0.012968,0.999492,0,0.09239,0.66727,5.543,1.335,-1,375.000,-1,375.000,-1,300.000,300.000,300.000,300.000,-1,-1,825.000,-1,650.000,675.000,-1,-1,2,0,2,0,2,0,0,0,0,2,2,0,2,0,0,2,2
99,5756.103,5169.485,-293.094,93.012,-0.052922,-0.998523,0.012291,0.998185,-0.052541,0.029437,-0.028747,0.013827,0.999491,0,0.01239,0.66727,0.743,1.335,-1,375.000,-1,375.000,-1,300.000,300.000,300.000,300.000,-1,-1,725.000,-1,650.000,675.000,-1,-1,2,0,2,0,2,0,0,0,0,2,2,0,2,0,0,2,2
100,5756.410,5165.440,-292.945,94.347,-0.076175,-0.997017,0.012437,0.996688,-0.075782,0.029510,-0.028479,0.014644,0.999487,0,-0.06761,0.66727,-4.057,1.335,-1,375.000,-1,375.000,-1,300.000,300.000,300.000,300.000,-1,-1,725.000,-1,650.000,675.000,-1,-1,2,0,2,0,2,0,0,0,0,2,2,0,2,0,0,2,2
101,5756.340,5166.180,-292.966,95.441,-0.095216,-0.995377,0.012593,0.995059,-0.094813,0.029469,-0.028139,0.015337,0.999486,0,0.01239,0.54727,0.743,1.095,-1,375.000,-1,375.000,-1,300.000,300.000,300.000,300.000,-1,1000.000,675.000,-1,650.000,675.000,-1,-1,2,0,2,0,2,0,0,0,0,2,0,0,2,0,0,2,2
102,5755.732,5171.690,-293.154,96.296,-0.110056,-0.993843,0.012767,0.993538,-0.109646,0.029309,-0.027729,0.015910,0.999489,0,0.09239,0.42727,5.543,0.855,-1,375.000,-1,375.000,-1,300.000,300.000,300.000,300.000,-1,875.000,625.000,-1,650.000,675.000,-1,-1,2,0,2,0,2,0,0,0,0,2,0,0,2,0,0,2,2
103,5754.465,5181.955,-293.506,97.033,-0.122838,-0.992342,0.012980,0.992054,-0.122423,0.029025,-0.027213,0.016442,0.999494,0,0.17239,0.36859,10.343,0.737,-1,375.000,-1,375.000,-1,300.000,300.000,300.000,300.000,-1,725.000,600.000,-1,650.000,675.000,-1,-1,2,0,2,0,2,0,0,0,0,2,0,0,2,0,0,2,2
104,5752.418,5196.960,-294.019,97.770,-0.135598,-0.990675,0.013255,0.990408,-0.135179,0.028614,-0.026556,0.017007,0.999503,0,0.25239,0.36859,15.143,0.737,-1,375.000,-1,375.000,-1,300.000,300.000,300.000,300.000,-1,600.000,575.000,-1,650.000,675.000,-1,-1,2,0,2,0,2,0,0,0,0,2,0,0,2,0,0,2,2
105,5749.467,5216.684,-294.618,98.507,-0.148331,-0.988848,0.013308,0.988597,-0.147913,0.028246,-0.025962,0.017346,0.999512,0,0.33239,0.36859,19.943,0.737,-1,375.000,-1,375.000,-1,300.000,300.000,300.000,300.000,-1,600.000,575.000,-1,650.000,675.000,-1,-1,2,0,2,0,2,0,0,0,0,2,0,0,2,0,0,2,2
106,5745.493,5241.106,-295.133,99.244,-0.161010,-0.986872,0.012624,0.986642,-0.160624,0.027172,-0.024788,0.016830,0.999551,0,0.41239,0.36859,24.743,0.737,-1,375.000,-1,375.000,-1,300.000,300.000,300.000,300.000,-1,575.000,575.000,-1,650.000,675.000,-1,-1,2,0,2,0,2,0,0,0,0,2,0,0,2,0,0,2,2
107,5740.372,5270.202,-295.735,99.982,-0.173657,-0.984735,0.011817,0.984528,-0.173310,0.025838,-0.023395,0.016121,0.999596,0,0.49239,0.36859,29.543,0.737,-1,375.000,-1,375.000,-1,300.000,300.000,300.000,300.000,-1,550.000,550.000,-1,650.000,675.000,-1,-1,2,0,2,0,2,0,0,0,0,2,0,0,2,0,0,2,2
108,5733.984,5303.946,-296.344,100.719,-0.186282,-0.982432,0.011204,0.982248,-0.185967,0.024589,-0.022073,0.015585,0.999635,0,0.57239,0.36859,34.343,0.737,-1,375.000,-1,375.000,-1,300.000,300.000,300.000,300.000,-1,550.000,550.000,-1,650.000,675.000,-1,-1,2,0,2,0,2,0,0,0,0,2,0,0,2,0,0,2,2
109,5726.210,5342.310,-296.762,101.456,-0.198891,-0.979952,0.011723,0.979816,-0.198590,0.022856,-0.020070,0.016032,0.999670,0,0.65239,0.36859,39.143,0.737,-1,375.000,-1,375.000,-1,300.000,300.000,300.000,325.000,-1,525.000,550.000,-1,675.000,650.000,-1,-1,2,0,2,0,2,0,0,0,0,2,0,0,2,0,0,2,2
110,5716.928,5385.262,-297.198,102.193,-0.211464,-0.977307,0.012443,0.977224,-0.211180,0.020888,-0.017786,0.016577,0.999704,0,0.73239,0.36859,43.943,0.737,-1,375.000,-1,375.000,-1,300.000,300.000,300.000,325.000,-1,525.000,525.000,-1,675.000,650.000,-1,-1,2,0,2,0,2,0,0,0,0,2,0,0,2,0,0,2,2
111,5706.021,5432.769,-297.664,102.930,-0.223996,-0.974499,0.013295,0.974470,-0.223734,0.018727,-0.015275,0.017151,0.999736,0,0.81239,0.36859,48.743,0.737,-1,375.000,-1,375.000,-1,300.000,300.000,300.000,325.000,-1,525.000,525.000,-1,675.000,650.000,-1,-1,2,0,2,0,2,0,0,0,0,2,0,0,2,0,0,2,2
112,5694.478,5480.237,-298.113,103.668,-0.236488,-0.971531,0.014189,0.971551,-0.236251,0.016581,-0.012757,0.017706,0.999762,0,0.81419,0.36859,48.851,0.737,-1,375.000,-1,375.000,-1,300.000,300.000,300.000,325.000,-1,500.000,500.000,-1,675.000,650.000,-1,-1,2,0,2,0,2,0,0,0,0,2,0,0,2,0,0,2,2
113,5682.325,5527.552,-298.544,104.405,-0.248938,-0.968401,0.015120,0.968465,-0.248729,0.014455,-0.010237,0.018241,0.999781,0,0.81419,0.36859,48.851,0.737,-1,375.000,-1,375.000,-1,300.000,300.000,300.000,325.000,-1,500.000,500.000,-1,675.000,650.000,-1,-1,2,0,2,0,2,0,0,0,0,2,0,0,2,0,0,2,2
114,5669.564,5574.707,-298.955,105.142,-0.261343,-0.965112,0.016087,0.965215,-0.261165,0.012350,-0.007718,0.018755,0.999794,0,0.81419,0.36859,48.851,0.737,-1,375.000,-1,375.000,-1,300.000,300.000,300.000,300.000,-1,500.000,500.000,-1,675.000,650.000,-1,-1,2,0,2,0,2,0,0,0,0,2,0,0,2,0,0,2,2
115,5656.198,5621.694,-299.348,105.879,-0.273701,-0.961663,0.017088,0.961801,-0.273558,0.010267,-0.005199,0.019245,0.999801,0,0.81419,0.36859,48.851,0.737,-1,375.000,-1,375.000,-1,300.000,300.000,300.000,300.000,-1,475.000,500.000,-1,675.000,625.000,-1,-1,2,0,2,0,2,0,0,0,0,2,0,0,2,0,0,2,2
116,5642.228,5668.505,-299.719,106.616,-0.286011,-0.958055,0.018121,0.958223,-0.285906,0.008208,-0.002682,0.019712,0.999802,0,0.81419,0.36859,48.851,0.737,-1,375.000,-1,375.000,-1,325.000,300.000,300.000,300.000,-1,475.000,475.000,-1,675.000,625.000,-1,-1,2,0,2,0,2,0,0,0,0,2,0,0,2,0,0,2,2
117,5629.218,5710.592,-300.037,107.178,-0.295346,-0.955200,0.019070,0.955390,-0.295278,0.006370,-0.000454,0.020101,0.999798,0,0.73419,0.28073,44.051,0.561,-1,375.000,-1,375.000,-1,300.000,300.000,325.000,300.000,-1,475.000,450.000,-1,675.000,625.000,-1,-1,2,0,2,0,2,0,0,0,0,2,0,0,2,0,0,2,2
118,5617.258,5747.977,-300.308,107.739,-0.304655,-0.952254,0.019937,0.952462,-0.304622,0.004747,0.001553,0.020436,0.999790,0,0.65419,0.28073,39.251,0.561,-1,375.000,-1,375.000,-1,300.000,300.000,300.000,300.000,-1,450.000,425.000,-1,675.000,625.000,-1,-1,2,0,2,0,2,0,0,0,0,2,0,0,2,0,0,2,2
119,5604.949,5785.196,-300.564,108.300,-0.313928,-0.949218,0.020820,0.949440,-0.313933,0.003142,0.003554,0.020754,0.999778,0,0.65336,0.28062,39.202,0.561,-1,375.000,-1,350.000,-1,300.000,300.000,300.000,300.000,-1,425.000,400.000,-1,675.000,625.000,-1,-1,2,0,2,0,2,0,0,0,0,2,0,0,2,0,0,2,2
120,5592.245,5822.394,-300.631,108.856,-0.323088,-0.946137,0.020936,0.946356,-0.323122,0.001829,0.005035,0.020404,0.999779,0,0.65512,0.27772,39.307,0.555,-1,375.000,-1,350.000,-1,300.000,300.000,300.000,300.000,-1,400.000,400.000,-1,675.000,625.000,-1,-1,2,0,2,0,2,0,0,0,0,2,0,0,2,0,0,2,2
121,5579.154,5859.558,-300.372,109.405,-0.332124,-0.943023,0.020026,0.943212,-0.332191,-0.000018,0.006669,0.018882,0.999799,0,0.65671,0.27476,39.402,0.550,-1,375.000,-1,350.000,-1,300.000,300.000,300.000,300.000,-1,400.000,400.000,-1,675.000,625.000,-1,-1,2,0,2,0,2,0,0,0,0,2,0,0,2,0,0,2,2
122,5565.682,5896.675,-299.852,109.949,-0.341029,-0.939870,0.018516,0.940009,-0.341137,-0.002889,0.009032,0.016420,0.999824,0,0.65811,0.27176,39.487,0.544,-1,375.000,-1,350.000,-1,300.000,300.000,300.000,300.000,-1,400.000,400.000,-1,675.000,625.000,-1,-1,2,0,2,0,2,0,0,0,0,2,0,0,2,0,0,2,2
123,5551.837,5933.734,-299.320,110.486,-0.349813,-0.936664,0.017045,0.936750,-0.349951,-0.005779,0.011378,0.013945,0.999838,0,0.65934,0.26872,39.560,0.537,-1,375.000,-1,350.000,-1,300.000,300.000,300.000,325.000,-1,375.000,400.000,-1,675.000,625.000,-1,-1,2,0,2,0,2,0,0,0,0,2,0,0,2,0,0,2,2
124,5537.626,5970.721,-298.775,111.018,-0.358475,-0.933409,0.015613,0.933439,-0.358632,-0.008686,0.013707,0.011460,0.999840,0,0.66039,0.26564,39.623,0.531,-1,375.000,-1,350.000,-1,300.000,300.000,300.000,325.000,-1,375.000,400.000,-1,675.000,625.000,-1,-1,2,0,2,0,2,0,0,0,0,2,0,0,2,0,0,2,2
125,5523.058,6007.625,-297.979,111.543,-0.367012,-0.930098,0.014835,0.930091,-0.367177,-0.010533,0.015244,0.009933,0.999834,0,0.66125,0.26255,39.675,0.525,-1,375.000,-1,350.000,-1,300.000,300.000,300.000,325.000,-1,400.000,425.000,-1,700.000,625.000,-1,-1,2,0,2,0,2,0,0,0,0,2,0,0,2,0,0,2,2
126,5508.140,6044.433,-297.062,112.062,-0.375409,-0.926744,0.014629,0.926701,-0.375590,-0.012554,0.017129,0.008844,0.999814,0,0.66194,0.25945,39.717,0.519,-1,375.000,-1,350.000,-1,300.000,300.000,300.000,325.000,-1,400.000,450.000,-1,700.000,625.000,-1,-1,2,0,2,0,2,0,0,0,0,2,0,0,2,0,0,2,2
127,5492.882,6081.135,-295.962,112.574,-0.383656,-0.923349,0.015314,0.923269,-0.383869,-0.014833,0.019575,0.008448,0.999773,0,0.66246,0.25635,39.747,0.513,-1,375.000,-1,375.000,-1,300.000,300.000,300.000,325.000,-1,425.000,450.000,-1,725.000,650.000,-1,-1,2,0,2,0,2,0,0,0,0,2,0,0,2,0,0,2,2
128,5477.292,6117.720,-294.857,113.081,-0.391774,-0.919923,0.015989,0.919799,-0.392018,-0.017094,0.021993,0.008010,0.999726,0,0.66280,0.25328,39.768,0.507,-1,375.000,-1,375.000,-1,300.000,300.000,300.000,325.000,-1,425.000,450.000,-1,725.000,650.000,-1,-1,2,0,2,0,2,0,0,0,0,2,0,0,2,0,0,2,2
129,5461.378,6154.177,-293.791,113.581,-0.399763,-0.916466,0.016749,0.916298,-0.400039,-0.019158,0.024258,0.007688,0.999676,0,0.66298,0.25023,39.779,0.500,-1,375.000,-1,375.000,-1,300.000,300.000,300.000,325.000,-1,425.000,475.000,-1,750.000,650.000,-1,-1,2,0,2,0,2,0,0,0,0,2,0,0,2,0,0,2,2
130,5445.150,6190.496,-292.732,114.076,-0.407624,-0.912982,0.017513,0.912766,-0.407934,-0.021161,0.026464,0.007359,0.999623,0,0.66299,0.24722,39.780,0.494,-1,375.000,-1,375.000,-1,325.000,300.000,300.000,325.000,-1,425.000,475.000,-1,750.000,650.000,-1,-1,2,0,2,0,2,0,0,0,0,2,0,0,2,0,0,2,2
131,5428.616,6226.668,-291.680,114.565,-0.415377,-0.909466,0.018279,0.909199,-0.415720,-0.023104,0.028611,0.007022,0.999566,0,0.66286,0.24474,39.771,0.489,-1,400.000,-1,375.000,-1,325.000,300.000,300.000,300.000,-1,450.000,475.000,-1,775.000,650.000,-1,-1,2,0,2,0,2,0,0,0,0,2,0,0,2,0,0,2,2
132,5411.783,6262.683,-290.635,115.051,-0.423036,-0.905913,0.019044,0.905593,-0.423412,-0.024985,0.030698,0.006676,0.999506,0,0.66257,0.24274,39.754,0.485,-1,400.000,-1,375.000,-1,325.000,300.000,300.000,300.000,-1,450.000,500.000,-1,775.000,675.000,-1,-1,2,0,2,0,2,0,0,0,0,2,0,0,2,0,0,2,2
133,5394.659,6298.532,-289.598,115.533,-0.430608,-0.902322,0.019805,0.901946,-0.431016,-0.026805,0.032723,0.006321,0.999444,0,0.66215,0.24092,39.729,0.482,-1,400.000,-1,375.000,-1,325.000,325.000,300.000,300.000,-1,450.000,475.000,-1,800.000,675.000,-1,-1,2,0,2,0,2,0,0,0,0,2,0,0,2,0,0,2,2
134,5377.250,6334.208,-288.569,116.011,-0.438097,-0.898693,0.020561,0.898258,-0.438539,-0.028564,0.034687,0.005955,0.999380,0,0.66160,0.23928,39.696,0.479,-1,400.000,-1,375.000,-1,325.000,325.000,325.000,300.000,-1,425.000,450.000,-1,800.000,675.000,-1,-1,2,0,2,0,2,0,0,0,0,2,0,0,2,0,0,2,2
135,5359.564,6369.702,-287.549,116.487,-0.445510,-0.895023,0.021308,0.894529,-0.445985,-0.030261,0.036587,0.005579,0.999315,0,0.66094,0.23781,39.656,0.476,-1,400.000,-1,375.000,-1,325.000,325.000,325.000,300.000,-1,400.000,425.000,-1,825.000,675.000,-1,-1,2,0,2,0,2,0,0,0,0,2,0,0,2,0,0,2,2
136,5341.606,6405.008,-286.538,116.960,-0.452853,-0.891313,0.022044,0.890757,-0.453360,-0.031896,0.038423,0.005191,0.999248,0,0.66017,0.23652,39.610,0.473,-1,400.000,-1,375.000,-1,325.000,325.000,325.000,300.000,-1,375.000,400.000,-1,825.000,675.000,-1,-1,2,0,2,0,2,0,0,0,0,2,0,0,2,0,0,2,2
137,5323.382,6440.119,-285.109,117.431,-0.460214,-0.887565,0.020800,0.886954,-0.460672,-0.033082,0.038945,0.003223,0.999236,0,0.65931,0.23541,39.559,0.471,-1,400.000,-1,375.000,-1,325.000,325.000,325.000,300.000,-1,400.000,450.000,-1,825.000,675.000,-1,-1,2,0,2,0,2,0,0,0,0,2,0,0,2,0,0,2,2
138,5304.898,6475.030,-283.715,117.900,-0.467523,-0.883768,0.019395,0.883107,-0.467923,-0.034214,0.039312,0.001132,0.999226,0,0.65837,0.23448,39.502,0.469,-1,400.000,-1,375.000,-1,325.000,325.000,325.000,300.000,-1,425.000,475.000,-1,850.000,700.000,-1,-1,2,0,2,0,2,0,0,0,0,2,0,0,2,0,0,2,2
