timestep,x_cm,y_cm,z_cm,yaw_deg,basis_xx,basis_xy,basis_xz,basis_yx,basis_yy,basis_yz,basis_zx,basis_zy,basis_zz,teleport_flag,throttle_cmd,steering_cmd,cmd_move_cm,cmd_turn_deg,lidar_cm_0,lidar_cm_1,lidar_cm_2,lidar_cm_3,lidar_cm_4,lidar_cm_5,lidar_cm_6,lidar_cm_7,lidar_cm_8,lidar_cm_9,lidar_cm_10,lidar_cm_11,lidar_cm_12,lidar_cm_13,lidar_cm_14,lidar_cm_15,lidar_cm_16,lidar_class_0,lidar_class_1,lidar_class_2,lidar_class_3,lidar_class_4,lidar_class_5,lidar_class_6,lidar_class_7,lidar_class_8,lidar_class_9,lidar_class_10,lidar_class_11,lidar_class_12,lidar_class_13,lidar_class_14,lidar_class_15,lidar_class_16
0,4265.991,-8203.291,-265.361,-59.770,0.502685,0.862964,0.050997,-0.864305,0.502866,0.010165,-0.016873,-0.049187,0.998647,1,0.08000,-0.12000,4.800,-0.240,-1,400.000,-1,400.000,-1,325.000,325.000,300.000,300.000,-1,-1,-1,-1,750.000,750.000,-1,-1,2,0,2,0,2,0,0,0,0,2,2,2,2,0,0,2,2
1,4270.755,-8211.626,-265.500,-60.250,0.495448,0.867142,0.050961,-0.868482,0.495616,0.010172,-0.016436,-0.049299,0.998649,0,0.16000,-0.24000,9.600,-0.480,-1,400.000,-1,400.000,-1,325.000,325.000,300.000,300.000,-1,-1,-1,-1,750.000,750.000,-1,-1,2,0,2,0,2,0,0,0,0,2,2,2,2,0,0,2,2
2,4277.743,-8224.217,-265.700,-60.970,0.484527,0.873294,0.050907,-0.874634,0.484676,0.010189,-0.015775,-0.049462,0.998651,0,0.24000,-0.36000,14.400,-0.720,-1,400.000,-1,400.000,-1,325.000,325.000,300.000,300.000,-1,-1,-1,-1,750.000,750.000,-1,-1,2,0,2,0,2,0,0,0,0,2,2,2,2,0,0,2,2
3,4286.778,-8241.159,-265.953,-61.930,0.469847,0.881283,0.050835,-0.882622,0.469972,0.010222,-0.014882,-0.049671,0.998655,0,0.32000,-0.48000,19.200,-0.960,-1,400.000,-1,400.000,-1,325.000,325.000,300.000,300.000,-1,-1,-1,-1,750.000,750.000,-1,-1,2,0,2,0,2,0,0,0,0,2,2,2,2,0,0,2,2
4,4297.650,-8262.555,-266.247,-63.062,0.452366,0.890388,0.050749,-0.891726,0.452460,0.010279,-0.013809,-0.049904,0.998659,0,0.40000,-0.56615,24.000,-1.132,-1,400.000,-1,400.000,-1,325.000,325.000,300.000,300.000,-1,-1,-1,-1,750.000,750.000,-1,-1,2,0,2,0,2,0,0,0,0,2,2,2,2,0,0,2,2
5,4310.188,-8288.483,-266.576,-64.194,0.434709,0.899145,0.050660,-0.900481,0.434771,0.010372,-0.012700,-0.050127,0.998662,0,0.48000,-0.56615,28.800,-1.132,-1,400.000,-1,400.000,-1,325.000,325.000,300.000,300.000,-1,-1,-1,-1,750.000,750.000,-1,-1,2,0,2,0,2,0,0,0,0,2,2,2,2,0,0,2,2
6,4324.214,-8319.016,-266.930,-65.327,0.416886,0.907551,0.050568,-0.908885,0.416914,0.010507,-0.011547,-0.050341,0.998665,0,0.56000,-0.56615,33.600,-1.132,-1,400.000,-1,400.000,-1,325.000,325.000,300.000,300.000,-1,-1,-1,-1,750.000,750.000,-1,-1,2,0,2,0,2,0,0,0,0,2,2,2,2,0,0,2,2
7,4339.551,-8354.221,-267.301,-66.459,0.398903,0.915603,0.050473,-0.916935,0.398894,0.010693,-0.010343,-0.050546,0.998668,0,0.64000,-0.56615,38.400,-1.132,-1,400.000,-1,400.000,-1,325.000,325.000,300.000,300.000,-1,-1,-1,-1,750.000,750.000,-1,-1,2,0,2,0,2,0,0,0,0,2,2,2,2,0,0,2,2
8,4356.019,-8394.159,-267.682,-67.591,0.380768,0.923298,0.050373,-0.924626,0.380719,0.010939,-0.009078,-0.050741,0.998671,0,0.72000,-0.56615,43.200,-1.132,-1,400.000,-1,400.000,-1,325.000,325.000,300.000,300.000,-1,-1,-1,-1,750.000,750.000,-1,-1,2,0,2,0,2,0,0,0,0,2,2,2,2,0,0,2,2
9,4373.437,-8438.887,-268.076,-68.724,0.362490,0.930634,0.050209,-0.931956,0.362396,0.011274,-0.007704,-0.050879,0.998675,0,0.80000,-0.56615,48.000,-1.132,-1,400.000,-1,400.000,-1,325.000,325.000,300.000,300.000,-1,-1,-1,-1,750.000,750.000,-1,-1,2,0,2,0,2,0,0,0,0,2,2,2,2,0,0,2,2
10,4391.620,-8488.458,-268.469,-69.856,0.344073,0.937609,0.050035,-0.938922,0.343933,0.011649,-0.006286,-0.050987,0.998680,0,0.88000,-0.56615,52.800,-1.132,-1,400.000,-1,400.000,-1,325.000,325.000,300.000,300.000,-1,-1,-1,-1,750.000,750.000,-1,-1,2,0,2,0,2,0,0,0,0,2,2,2,2,0,0,2,2
11,4409.983,-8541.753,-268.841,-70.988,0.325523,0.944218,0.049872,-0.945522,0.325337,0.012044,-0.004853,-0.051076,0.998683,0,0.93950,-0.56615,56.370,-1.132,-1,400.000,-1,400.000,-1,325.000,325.000,300.000,300.000,-1,-1,-1,-1,750.000,775.000,-1,-1,2,0,2,0,2,0,0,0,0,2,2,2,2,0,0,2,2
12,4427.290,-8595.401,-269.140,-72.121,0.306845,0.950460,0.049716,-0.951753,0.306613,0.012410,-0.003448,-0.051126,0.998686,0,0.93950,-0.56615,56.370,-1.132,-1,400.000,-1,400.000,-1,325.000,325.000,300.000,300.000,-1,-1,-1,-1,750.000,775.000,-1,-1,2,0,2,0,2,0,0,0,0,2,2,2,2,0,0,2,2
13,4443.532,-8649.380,-269.287,-73.253,0.288035,0.956349,0.049327,-0.957617,0.287776,0.012442,-0.002296,-0.050820,0.998705,0,0.93950,-0.56615,56.370,-1.132,-1,400.000,-1,400.000,-1,325.000,325.000,300.000,300.000,-1,-1,-1,-1,750.000,775.000,-1,-1,2,0,2,0,2,0,0,0,0,2,2,2,2,0,0,2,2
14,4457.621,-8698.988,-269.365,-74.145,0.273134,0.960730,0.048949,-0.961975,0.272852,0.012484,-0.001362,-0.050498,0.998723,0,0.85950,-0.44615,51.570,-0.892,-1,400.000,-1,400.000,-1,325.000,325.000,300.000,300.000,-1,-1,-1,-1,750.000,775.000,-1,-1,2,0,2,0,2,0,0,0,0,2,2,2,2,0,0,2,2
15,4470.010,-8744.582,-269.401,-74.797,0.262199,0.963789,0.048607,-0.965013,0.261901,0.012526,-0.000658,-0.050191,0.998739,0,0.78745,-0.32615,47.247,-0.652,-1,400.000,-1,400.000,-1,325.000,325.000,300.000,300.000,-1,-1,-1,-1,750.000,775.000,-1,-1,2,0,2,0,2,0,0,0,0,2,2,2,2,0,0,2,2
16,4482.071,-8790.264,-269.410,-75.210,0.255272,0.965664,0.048270,-0.966869,0.254963,0.012571,-0.000168,-0.049880,0.998755,0,0.78745,-0.20615,47.247,-0.412,-1,400.000,-1,400.000,-1,325.000,325.000,300.000,300.000,-1,-1,-1,-1,750.000,775.000,-1,-1,2,0,2,0,2,0,0,0,0,2,2,2,2,0,0,2,2
17,4493.995,-8835.981,-269.403,-75.382,0.252377,0.966441,0.047938,-0.967629,0.252061,0.012621,0.000114,-0.049572,0.998771,0,0.78745,-0.08615,47.247,-0.172,-1,400.000,-1,400.000,-1,325.000,325.000,300.000,300.000,-1,-1,-1,-1,750.000,775.000,-1,-1,2,0,2,0,2,0,0,0,0,2,2,2,2,0,0,2,2
18,4505.973,-8881.685,-269.390,-75.314,0.253524,0.966157,0.047613,-0.967329,0.253207,0.012676,0.000191,-0.049271,0.998785,0,0.78745,0.03385,47.247,0.068,-1,400.000,-1,400.000,-1,325.000,325.000,300.000,300.000,-1,-1,-1,-1,750.000,775.000,-1,-1,2,0,2,0,2,0,0,0,0,2,2,2,2,0,0,2,2
19,4518.195,-8927.323,-269.379,-75.007,0.258709,0.964797,0.047293,-0.965955,0.258395,0.012738,0.000069,-0.048979,0.998800,0,0.78745,0.15385,47.247,0.308,-1,400.000,-1,400.000,-1,325.000,325.000,300.000,300.000,-1,-1,-1,-1,750.000,775.000,-1,-1,2,0,2,0,2,0,0,0,0,2,2,2,2,0,0,2,2
20,4530.854,-8972.843,-269.380,-74.459,0.267916,0.962296,0.046980,-0.963442,0.267610,0.012809,-0.000246,-0.048694,0.998814,0,0.78745,0.27385,47.247,0.548,-1,400.000,-1,400.000,-1,325.000,325.000,300.000,300.000,-1,-1,-1,-1,750.000,775.000,-1,-1,2,0,2,0,2,0,0,0,0,2,2,2,2,0,0,2,2
21,4544.061,-9018.206,-269.399,-73.768,0.279494,0.959012,0.046671,-0.960147,0.279198,0.012890,-0.000669,-0.048414,0.998827,0,0.78745,0.34545,47.247,0.691,-1,400.000,-1,400.000,-1,325.000,325.000,300.000,300.000,-1,-1,-1,-1,750.000,800.000,-1,-1,2,0,2,0,2,0,0,0,0,2,2,2,2,0,0,2,2
22,4557.813,-9063.407,-269.436,-73.077,0.291033,0.955589,0.046364,-0.956712,0.290745,0.012983,-0.001074,-0.048135,0.998840,0,0.78745,0.34545,47.247,0.691,-1,400.000,-1,400.000,-1,325.000,325.000,300.000,300.000,-1,-1,-1,-1,750.000,800.000,-1,-1,2,0,2,0,2,0,0,0,0,2,2,2,2,0,0,2,2
23,4572.110,-9108.439,-269.502,-72.386,0.302532,0.952028,0.046016,-0.953138,0.302252,0.013103,-0.001434,-0.047824,0.998855,0,0.78745,0.34545,47.247,0.691,-1,400.000,-1,400.000,-1,325.000,325.000,300.000,300.000,-1,-1,-1,-1,750.000,800.000,-1,-1,2,0,2,0,2,0,0,0,0,2,2,2,2,0,0,2,2
24,4586.948,-9153.295,-269.650,-71.695,0.313982,0.948337,0.045518,-0.949427,0.313717,0.013048,-0.001906,-0.047312,0.998878,0,0.78745,0.34545,47.247,0.691,-1,400.000,-1,400.000,-1,325.000,325.000,300.000,300.000,-1,-1,-1,-1,750.000,800.000,-1,-1,2,0,2,0,2,0,0,0,0,2,2,2,2,0,0,2,2
25,4602.327,-9197.969,-269.852,-71.004,0.325383,0.944512,0.044974,-0.945579,0.325139,0.012854,-0.002482,-0.046709,0.998905,0,0.78745,0.34545,47.247,0.691,-1,400.000,-1,400.000,-1,325.000,325.000,300.000,300.000,-1,-1,-1,-1,775.000,800.000,-1,-1,2,0,2,0,2,0,0,0,0,2,2,2,2,0,0,2,2
26,4619.654,-9247.047,-270.087,-70.554,0.332799,0.941951,0.044419,-0.942993,0.332571,0.012639,-0.002867,-0.046093,0.998933,0,0.86745,0.22545,52.047,0.451,-1,400.000,-1,400.000,-1,325.000,325.000,300.000,300.000,-1,-1,-1,-1,775.000,800.000,-1,-1,2,0,2,0,2,0,0,0,0,2,2,2,2,0,0,2,2
27,4638.777,-9300.581,-270.344,-70.343,0.336259,0.940747,0.043868,-0.941765,0.336046,0.012354,-0.003120,-0.045468,0.998961,0,0.94745,0.10545,56.847,0.211,-1,400.000,-1,400.000,-1,325.000,325.000,300.000,300.000,-1,-1,-1,-1,775.000,800.000,-1,-1,2,0,2,0,2,0,0,0,0,2,2,2,2,0,0,2,2
28,4658.725,-9356.515,-270.673,-70.372,0.335767,0.940931,0.043690,-0.941939,0.335573,0.011920,-0.003445,-0.045155,0.998974,0,0.98975,-0.01455,59.385,-0.029,-1,400.000,-1,400.000,-1,325.000,325.000,300.000,300.000,-1,-1,-1,-1,750.000,800.000,-1,-1,2,0,2,0,2,0,0,0,0,2,2,2,2,0,0,2,2
29,4678.410,-9412.542,-270.974,-70.641,0.331334,0.942510,0.043514,-0.943507,0.331155,0.011478,-0.003592,-0.044859,0.998987,0,0.98975,-0.13455,59.385,-0.269,-1,400.000,-1,400.000,-1,325.000,325.000,300.000,300.000,-1,-1,-1,-1,750.000,800.000,-1,-1,2,0,2,0,2,0,0,0,0,2,2,2,2,0,0,2,2
30,4697.597,-9468.742,-271.235,-71.150,0.322940,0.945427,0.043331,-0.946413,0.322771,0.011021,-0.003567,-0.044568,0.999000,0,0.98975,-0.25455,59.385,-0.509,-1,400.000,-1,400.000,-1,325.000,325.000,300.000,300.000,-1,-1,-1,-1,750.000,800.000,-1,-1,2,0,2,0,2,0,0,0,0,2,2,2,2,0,0,2,2
31,4716.228,-9525.129,-271.452,-71.715,0.313600,0.948575,0.043137,-0.949549,0.313442,0.010547,-0.003516,-0.044268,0.999013,0,0.98975,-0.28236,59.385,-0.565,-1,400.000,-1,400.000,-1,325.000,325.000,300.000,300.000,-1,-1,-1,-1,750.000,800.000,-1,-1,2,0,2,0,2,0,0,0,0,2,2,2,2,0,0,2,2
32,4734.304,-9581.696,-271.626,-72.279,0.304228,0.951631,0.042930,-0.952593,0.304082,0.010057,-0.003483,-0.043954,0.999027,0,0.98975,-0.28236,59.385,-0.565,-1,400.000,-1,400.000,-1,325.000,325.000,300.000,300.000,-1,-1,-1,-1,750.000,800.000,-1,-1,2,0,2,0,2,0,0,0,0,2,2,2,2,0,0,2,2
33,4751.820,-9638.439,-271.757,-72.844,0.294826,0.954596,0.042709,-0.955545,0.294692,0.009552,-0.003468,-0.043627,0.999042,0,0.98975,-0.28236,59.385,-0.565,-1,400.000,-1,400.000,-1,325.000,325.000,300.000,300.000,-1,-1,-1,-1,750.000,800.000,-1,-1,2,0,2,0,2,0,0,0,0,2,2,2,2,0,0,2,2
34,4768.777,-9695.351,-271.846,-73.409,0.285395,0.957468,0.042477,-0.958404,0.285273,0.009032,-0.003469,-0.043288,0.999057,0,0.98975,-0.28236,59.385,-0.565,-1,400.000,-1,400.000,-1,325.000,325.000,300.000,300.000,-1,-1,-1,-1,750.000,800.000,-1,-1,2,0,2,0,2,0,0,0,0,2,2,2,2,0,0,2,2
35,4785.172,-9752.428,-271.905,-73.974,0.275937,0.960247,0.042244,-0.961169,0.275827,0.008538,-0.003453,-0.042959,0.999071,0,0.98975,-0.28236,59.385,-0.565,-1,400.000,-1,400.000,-1,325.000,325.000,300.000,300.000,-1,-1,-1,-1,750.000,800.000,-1,-1,2,0,2,0,2,0,0,0,0,2,2,2,2,0,0,2,2
36,4801.003,-9809.664,-272.057,-74.538,0.266462,0.962950,0.041533,-0.963840,0.266358,0.008128,-0.003235,-0.042197,0.999104,0,0.98975,-0.28236,59.385,-0.565,-1,400.000,-1,400.000,-1,325.000,325.000,300.000,300.000,-1,-1,-1,-1,750.000,800.000,-1,-1,2,0,2,0,2,0,0,0,0,2,2,2,2,0,0,2,2
37,4816.270,-9867.053,-272.226,-75.103,0.256956,0.965566,0.040694,-0.966418,0.256864,0.007564,-0.003149,-0.041271,0.999143,0,0.98975,-0.28236,59.385,-0.565,-1,400.000,-1,400.000,-1,325.000,325.000,300.000,300.000,-1,-1,-1,-1,750.000,800.000,-1,-1,2,0,2,0,2,0,0,0,0,2,2,2,2,0,0,2,2
38,4830.970,-9924.590,-272.428,-75.668,0.247431,0.968077,0.040057,-0.968901,0.247342,0.007241,-0.002898,-0.040603,0.999171,0,0.98975,-0.28236,59.385,-0.565,-1,400.000,-1,400.000,-1,325.000,325.000,300.000,300.000,-1,-1,-1,-1,750.000,800.000,-1,-1,2,0,2,0,2,0,0,0,0,2,2,2,2,0,0,2,2
39,4845.102,-9982.269,-272.690,-76.232,0.237876,0.970480,0.039801,-0.971292,0.237791,0.006926,-0.002743,-0.040306,0.999184,0,0.98975,-0.28236,59.385,-0.565,-1,400.000,-1,400.000,-1,325.000,325.000,300.000,300.000,-1,-1,-1,-1,750.000,800.000,-1,-1,2,0,2,0,2,0,0,0,0,2,2,2,2,0,0,2,2
40,4858.666,-10040.084,-272.915,-76.797,0.228299,0.972789,0.039522,-0.973588,0.228218,0.006602,-0.002597,-0.039985,0.999197,0,0.98975,-0.28236,59.385,-0.565,-1,400.000,-1,400.000,-1,325.000,325.000,300.000,300.000,-1,-1,-1,-1,750.000,800.000,-1,-1,2,0,2,0,2,0,0,0,0,2,2,2,2,0,0,2,2
41,4871.659,-10098.030,-273.104,-77.362,0.218698,0.975004,0.039219,-0.975789,0.218622,0.006271,-0.002460,-0.039641,0.999211,0,0.98975,-0.28236,59.385,-0.565,-1,400.000,-1,400.000,-1,325.000,325.000,300.000,300.000,-1,-1,-1,-1,750.000,800.000,-1,-1,2,0,2,0,2,0,0,0,0,2,2,2,2,0,0,2,2
42,4884.080,-10156.101,-273.259,-77.927,0.209076,0.977126,0.038895,-0.977897,0.209005,0.005934,-0.002331,-0.039276,0.999226,0,0.98975,-0.28236,59.385,-0.565,-1,400.000,-1,400.000,-1,325.000,325.000,300.000,300.000,-1,-1,-1,-1,750.000,800.000,-1,-1,2,0,2,0,2,0,0,0,0,2,2,2,2,0,0,2,2
43,4895.928,-10214.292,-273.378,-78.491,0.199433,0.979153,0.038550,-0.979909,0.199367,0.005590,-0.002212,-0.038890,0.999241,0,0.98975,-0.28236,59.385,-0.565,-1,400.000,-1,400.000,-1,325.000,325.000,300.000,300.000,-1,-1,-1,-1,750.000,800.000,-1,-1,2,0,2,0,2,0,0,0,0,2,2,2,2,0,0,2,2
44,4907.202,-10272.597,-273.465,-79.056,0.189771,0.981086,0.038185,-0.981826,0.189710,0.005240,-0.002103,-0.038486,0.999257,0,0.98975,-0.28236,59.385,-0.565,-1,400.000,-1,400.000,-1,325.000,325.000,300.000,300.000,-1,-1,-1,-1,775.000,800.000,-1,-1,2,0,2,0,2,0,0,0,0,2,2,2,2,0,0,2,2
45,4917.901,-10331.011,-273.518,-79.621,0.180089,0.982924,0.037801,-0.983648,0.180034,0.004885,-0.002004,-0.038063,0.999273,0,0.98975,-0.28236,59.385,-0.565,-1,400.000,-1,400.000,-1,325.000,325.000,300.000,300.000,-1,-1,-1,-1,775.000,800.000,-1,-1,2,0,2,0,2,0,0,0,0,2,2,2,2,0,0,2,2
46,4928.024,-10389.526,-273.540,-80.185,0.170390,0.984667,0.037399,-0.985375,0.170341,0.004524,-0.001916,-0.037623,0.999290,0,0.98975,-0.28236,59.385,-0.565,-1,400.000,-1,400.000,-1,325.000,325.000,300.000,300.000,-1,-1,-1,-1,775.000,800.000,-1,-1,2,0,2,0,2,0,0,0,0,2,2,2,2,0,0,2,2
47,4937.584,-10448.222,-273.537,-80.749,0.160700,0.986311,0.036951,-0.987002,0.160656,0.004174,-0.001820,-0.037142,0.999308,0,0.99115,-0.28161,59.469,-0.563,-1,400.000,-1,400.000,-1,325.000,325.000,300.000,300.000,-1,-1,-1,-1,775.000,800.000,-1,-1,2,0,2,0,2,0,0,0,0,2,2,2,2,0,0,2,2
48,4946.601,-10507.206,-273.629,-81.308,0.151063,0.987868,0.036018,-0.988523,0.151025,0.003797,-0.001689,-0.036178,0.999344,0,0.99448,-0.27969,59.669,-0.559,-1,400.000,-1,400.000,-1,325.000,325.000,300.000,300.000,-1,-1,-1,-1,775.000,800.000,-1,-1,2,0,2,0,2,0,0,0,0,2,2,2,2,0,0,2,2
49,4955.073,-10566.465,-273.823,-81.863,0.141479,0.989307,0.035440,-0.989940,0.141448,0.003386,-0.001663,-0.035562,0.999366,0,0.99769,-0.27760,59.861,-0.555,-1,400.000,-1,400.000,-1,325.000,325.000,300.000,300.000,-1,-1,-1,-1,775.000,800.000,-1,-1,2,0,2,0,2,0,0,0,0,2,2,2,2,0,0,2,2
50,4962.994,-10625.940,-274.086,-82.414,0.131952,0.990629,0.035247,-0.991254,0.131934,0.002822,-0.001854,-0.035311,0.999375,0,1.00000,-0.27535,60.000,-0.551,-1,400.000,-1,400.000,-1,325.000,325.000,300.000,300.000,-1,-1,-1,-1,775.000,800.000,-1,-1,2,0,2,0,2,0,0,0,0,2,2,2,2,0,0,2,2
51,4970.348,-10685.487,-274.323,-82.960,0.122495,0.991851,0.035026,-0.992467,0.122492,0.002238,-0.002070,-0.035036,0.999384,0,1.00000,-0.27292,60.000,-0.546,-1,400.000,-1,400.000,-1,325.000,325.000,300.000,300.000,-1,-1,-1,-1,775.000,800.000,-1,-1,2,0,2,0,2,0,0,0,0,2,2,2,2,0,0,2,2
52,4977.140,-10745.102,-274.534,-83.500,0.113117,0.992973,0.034778,-0.993579,0.113129,0.001636,-0.002309,-0.034740,0.999394,0,1.00000,-0.27032,60.000,-0.541,1000.000,400.000,-1,400.000,-1,325.000,325.000,300.000,300.000,-1,-1,-1,-1,800.000,800.000,-1,-1,1,0,2,0,2,0,0,0,0,2,2,2,2,0,0,2,2
53,4982.730,-10800.018,-274.701,-84.187,0.101191,0.994267,0.034539,-0.994864,0.101215,0.001069,-0.002433,-0.034470,0.999403,0,0.92000,-0.34354,55.200,-0.687,975.000,400.000,-1,400.000,-1,325.000,325.000,300.000,300.000,-1,-1,-1,-1,800.000,800.000,-1,-1,1,0,2,0,2,0,0,0,0,2,2,2,2,0,0,2,2
54,4987.238,-10850.216,-274.829,-84.869,0.089349,0.995409,0.034304,-0.995997,0.089383,0.000541,-0.002528,-0.034215,0.999411,0,0.84000,-0.34074,50.400,-0.681,950.000,400.000,-1,400.000,-1,325.000,325.000,300.000,300.000,-1,-1,-1,-1,800.000,800.000,-1,-1,1,0,2,0,2,0,0,0,0,2,2,2,2,0,0,2,2
55,4990.881,-10896.974,-274.924,-85.545,0.077590,0.996403,0.034071,-0.996982,0.077633,0.000042,-0.002604,-0.033972,0.999419,0,0.78166,-0.33799,46.900,-0.676,925.000,400.000,-1,400.000,-1,325.000,325.000,300.000,300.000,-1,-1,-1,-1,800.000,800.000,-1,-1,1,0,2,0,2,0,0,0,0,2,2,2,2,0,0,2,2
56,4993.982,-10943.857,-274.997,-86.215,0.065914,0.997252,0.033824,-0.997822,0.065967,-0.000464,-0.002694,-0.033720,0.999428,0,0.78308,-0.33528,46.985,-0.671,900.000,400.000,-1,400.000,-1,325.000,325.000,300.000,300.000,-1,-1,-1,-1,800.000,800.000,-1,-1,1,0,2,0,2,0,0,0,0,2,2,2,2,0,0,2,2
57,4996.543,-10990.846,-275.049,-86.880,0.054328,0.997959,0.033563,-0.998519,0.054392,-0.000976,-0.002799,-0.033461,0.999436,0,0.78431,-0.33243,47.059,-0.665,875.000,400.000,-1,400.000,-1,325.000,325.000,300.000,300.000,-1,-1,-1,-1,800.000,775.000,-1,-1,1,0,2,0,2,0,0,0,0,2,2,2,2,0,0,2,2
58,4998.566,-11037.924,-275.079,-87.539,0.042839,0.998527,0.033292,-0.999078,0.042912,-0.001491,-0.002917,-0.033197,0.999445,0,0.78535,-0.32944,47.121,-0.659,875.000,400.000,-1,400.000,-1,325.000,325.000,300.000,300.000,-1,-1,-1,-1,800.000,775.000,-1,-1,1,0,2,0,2,0,0,0,0,2,2,2,2,0,0,2,2
59,5000.054,-11085.072,-275.089,-88.192,0.031453,0.998960,0.033010,-0.999501,0.031536,-0.002008,-0.003047,-0.032931,0.999453,0,0.78619,-0.32632,47.171,-0.653,875.000,400.000,-1,400.000,-1,325.000,325.000,300.000,300.000,-1,-1,-1,-1,800.000,775.000,-1,-1,1,0,2,0,2,0,0,0,0,2,2,2,2,1,0,2,2
60,5001.011,-11132.270,-275.078,-88.838,0.020175,0.999261,0.032721,-0.999791,0.020269,-0.002527,-0.003188,-0.032663,0.999461,0,0.78680,-0.32308,47.208,-0.646,875.000,400.000,-1,400.000,-1,325.000,325.000,300.000,300.000,-1,-1,-1,-1,775.000,775.000,1000.000,-1,1,0,2,0,2,0,0,0,0,2,2,2,2,1,0,1,2
61,5001.442,-11179.500,-275.284,-89.477,0.009013,0.999426,0.032669,-0.999954,0.009116,-0.003001,-0.003297,-0.032640,0.999462,0,0.78719,-0.31970,47.231,-0.639,850.000,400.000,-1,400.000,-1,325.000,325.000,300.000,300.000,-1,-1,-1,-1,750.000,775.000,950.000,-1,1,0,2,0,2,0,0,0,0,2,2,2,2,1,0,1,2
62,5001.352,-11226.740,-275.618,-90.110,-0.002036,0.999455,0.032961,-0.999991,-0.001916,-0.003669,-0.003603,-0.032968,0.999450,0,0.78734,-0.31622,47.241,-0.632,825.000,400.000,-1,400.000,-1,325.000,325.000,300.000,300.000,-1,-1,-1,-1,725.000,775.000,900.000,-1,1,0,2,0,2,0,0,0,0,2,2,2,2,1,0,1,2
63,5000.746,-11273.972,-275.931,-90.735,-0.012959,0.999363,0.033246,-0.999908,-0.012822,-0.004334,-0.003905,-0.033299,0.999438,0,0.78725,-0.31262,47.235,-0.625,800.000,400.000,-1,400.000,-1,325.000,325.000,300.000,300.000,-1,-1,-1,-1,700.000,775.000,875.000,-1,1,0,2,0,2,0,0,0,0,2,2,2,2,1,0,1,2
64,4999.631,-11321.173,-276.224,-91.353,-0.023751,0.999156,0.033526,-0.999709,-0.023597,-0.004994,-0.004199,-0.033635,0.999425,0,0.78691,-0.30892,47.215,-0.618,775.000,400.000,-1,400.000,-1,325.000,325.000,300.000,300.000,-1,-1,-1,-1,675.000,775.000,825.000,-1,1,0,2,0,2,0,0,0,0,2,2,2,2,1,0,1,2
65,4998.015,-11368.324,-276.496,-91.963,-0.034409,0.998836,0.033803,-0.999398,-0.034237,-0.005649,-0.004485,-0.033977,0.999413,0,0.78631,-0.30514,47.179,-0.610,750.000,400.000,-1,400.000,-1,325.000,325.000,300.000,300.000,-1,-1,-1,-1,650.000,775.000,775.000,-1,1,0,2,0,2,0,0,0,0,2,2,2,2,1,0,1,2
66,4995.906,-11415.405,-276.746,-92.566,-0.044928,0.998409,0.034080,-0.998979,-0.044739,-0.006296,-0.004761,-0.034328,0.999399,0,0.78546,-0.30128,47.128,-0.603,725.000,400.000,-1,400.000,-1,325.000,325.000,300.000,300.000,-1,-1,-1,-1,625.000,750.000,725.000,-1,1,0,2,0,2,0,0,0,0,2,2,2,2,1,0,1,2
67,4993.253,-11467.265,-277.009,-92.928,-0.051267,0.998093,0.034369,-0.998671,-0.051055,-0.007001,-0.005233,-0.034682,0.999385,0,0.86546,-0.18128,51.928,-0.363,675.000,400.000,-1,400.000,-1,325.000,325.000,300.000,300.000,-1,-1,-1,-1,600.000,750.000,675.000,-1,1,1,2,0,2,0,0,0,0,2,2,2,2,1,0,1,2
68,4990.294,-11522.794,-277.284,-93.051,-0.053427,0.997970,0.034670,-0.998554,-0.053189,-0.007747,-0.005887,-0.035034,0.999369,0,0.92681,-0.06128,55.609,-0.123,600.000,375.000,-1,400.000,-1,325.000,325.000,300.000,300.000,-1,-1,-1,-1,575.000,750.000,625.000,-1,1,1,2,0,2,1,0,0,0,2,2,2,2,1,0,1,2
69,4987.452,-11578.249,-277.563,-92.933,-0.051410,0.998065,0.034969,-0.998655,-0.051143,-0.008487,-0.006683,-0.035359,0.999352,0,0.92545,0.05872,55.527,0.117,550.000,375.000,-1,400.000,-1,325.000,325.000,300.000,300.000,-1,-1,-1,-1,550.000,750.000,575.000,-1,1,1,2,0,2,1,0,0,0,2,2,2,2,1,0,1,2
70,4984.874,-11635.562,-277.866,-92.576,-0.045215,0.998354,0.035279,-0.998948,-0.044915,-0.009250,-0.007651,-0.035660,0.999335,0,0.95618,0.17872,57.371,0.357,500.000,350.000,-1,400.000,-1,325.000,325.000,300.000,300.000,-1,-1,-1,-1,525.000,750.000,525.000,-1,1,1,2,0,2,1,0,0,0,2,2,2,2,1,0,1,2
71,4982.888,-11693.060,-278.196,-91.978,-0.034838,0.998759,0.035591,-0.999354,-0.034502,-0.010020,-0.008779,-0.035917,0.999316,0,0.95888,0.29872,57.533,0.597,450.000,350.000,-1,400.000,-1,300.000,325.000,300.000,300.000,-1,-1,-1,-1,500.000,750.000,475.000,-1,1,1,2,0,2,1,0,0,0,2,2,2,2,1,0,1,2
72,4981.739,-11750.745,-278.565,-91.141,-0.020277,0.999150,0.035902,-0.999744,-0.019901,-0.010802,-0.010078,-0.036112,0.999297,0,0.96161,0.41872,57.697,0.837,400.000,325.000,-1,400.000,-1,300.000,325.000,300.000,300.000,-1,-1,-1,-1,475.000,750.000,400.000,-1,1,1,2,0,2,1,0,0,0,2,2,2,2,1,0,1,2
73,4981.545,-11808.608,-279.021,-90.193,-0.003778,0.999334,0.036288,-0.999929,-0.003364,-0.011464,-0.011335,-0.036329,0.999276,0,0.96438,0.47408,57.863,0.948,350.000,325.000,-1,400.000,-1,300.000,325.000,300.000,300.000,-1,-1,-1,-1,450.000,750.000,350.000,-1,1,1,2,0,2,1,0,0,0,2,2,2,2,1,0,1,2
74,4982.311,-11866.631,-277.786,-89.240,0.013113,0.999514,0.028298,-0.999898,0.013267,-0.005259,-0.005632,-0.028226,0.999586,0,0.96713,0.47669,58.028,0.953,325.000,325.000,-1,400.000,-1,300.000,350.000,325.000,300.000,-1,-1,-1,-1,450.000,800.000,350.000,-1,1,1,2,0,2,1,0,0,0,2,2,2,2,1,0,1,2
75,4984.054,-11924.791,-276.500,-88.281,0.030012,0.999356,0.019655,-0.999549,0.030000,0.000937,0.000347,-0.019675,0.999806,0,0.96977,0.47948,58.186,0.959,325.000,300.000,-1,425.000,-1,300.000,350.000,350.000,275.000,-1,-1,-1,-1,450.000,825.000,325.000,-1,1,1,2,0,2,1,1,1,0,2,2,2,2,1,0,1,2
76,4986.784,-11983.063,-275.156,-87.316,0.046904,0.998846,0.010319,-0.998877,0.046832,0.007126,0.006634,-0.010641,0.999921,0,0.97228,0.48247,58.337,0.965,300.000,300.000,-1,450.000,-1,300.000,350.000,350.000,275.000,-1,-1,700.000,-1,450.000,875.000,300.000,-1,1,1,2,0,2,1,1,1,0,2,2,0,2,1,0,1,2
77,4990.512,-12041.422,-273.738,-86.344,0.063771,0.997965,0.000200,-0.997876,0.063763,0.013322,0.013282,-0.001049,0.999911,0,0.97462,0.48572,58.477,0.971,275.000,300.000,-1,450.000,-1,300.000,350.000,375.000,275.000,-1,600.000,400.000,-1,425.000,925.000,300.000,-1,1,1,2,0,2,1,1,1,0,2,0,0,2,1,0,1,2
78,4995.249,-12099.836,-272.235,-85.366,0.080593,0.996689,-0.010792,-0.996539,0.080792,0.019537,0.020344,0.009180,0.999751,0,0.97676,0.48925,58.605,0.978,275.000,300.000,-1,475.000,-1,300.000,375.000,375.000,275.000,-1,450.000,275.000,-1,425.000,975.000,275.000,-1,1,1,2,0,2,1,1,1,0,2,0,0,2,1,0,1,2
79,5001.002,-12158.272,-270.632,-84.379,0.097343,0.994991,-0.022752,-0.994861,0.097920,0.025773,0.027871,0.020126,0.999409,0,0.97865,0.49311,58.719,0.986,250.000,300.000,-1,500.000,-1,300.000,375.000,375.000,250.000,-1,350.000,200.000,900.000,-1,-1,250.000,-1,1,1,2,0,2,1,1,1,0,2,0,0,0,2,2,1,2
80,5007.783,-12216.694,-268.915,-83.385,0.113990,0.992837,-0.035777,-0.992833,0.115144,0.032023,0.035913,0.031870,0.998847,0,0.98022,0.49738,58.813,0.995,225.000,300.000,-1,525.000,-1,275.000,375.000,375.000,250.000,-1,325.000,150.000,700.000,-1,-1,250.000,-1,1,1,2,0,2,1,1,1,0,2,0,0,0,2,2,1,2
81,5015.599,-12275.059,-267.073,-82.380,0.130497,0.990189,-0.049966,-0.990449,0.132463,0.038272,0.044515,0.044495,0.998017,0,0.98142,0.50211,58.885,1.004,225.000,300.000,-1,550.000,-1,300.000,400.000,375.000,250.000,-1,275.000,125.000,550.000,-1,-1,225.000,-1,1,1,2,0,2,1,1,1,0,2,0,0,0,2,2,1,2
82,5024.458,-12333.319,-265.091,-81.366,0.146820,0.986998,-0.065419,-0.987703,0.149874,0.044493,0.053719,0.058083,0.996865,0,0.98215,0.50739,58.929,1.015,200.000,375.000,-1,575.000,-1,350.000,425.000,350.000,250.000,-1,250.000,100.000,450.000,-1,-1,200.000,-1,1,1,2,0,2,1,1,1,0,2,0,0,0,2,2,1,2
83,-327.976,-1639.820,131.116,90.163,-0.000581,-0.999689,0.024933,0.995876,-0.002841,-0.090684,0.090727,0.024778,0.995568,1,0.00000,0.00000,54.129,0.775,-1,400.000,-1,400.000,-1,325.000,325.000,300.000,300.000,-1,-1,-1,-1,875.000,825.000,-1,-1,2,0,2,0,2,0,0,0,0,2,2,2,2,0,0,2,2
84,-327.969,-1635.020,131.557,89.923,0.003613,-0.999684,0.024870,0.995892,0.001347,-0.090535,0.090473,0.025095,0.995583,0,0.08000,-0.12000,4.800,-0.240,-1,400.000,-1,400.000,-1,325.000,325.000,300.000,300.000,-1,-1,-1,-1,875.000,825.000,-1,-1,2,0,2,0,2,0,0,0,0,2,2,2,2,0,0,2,2
85,-327.876,-1625.421,132.436,89.443,0.012000,-0.999622,0.024745,0.995873,0.009721,-0.090237,0.089963,0.025726,0.995613,0,0.16000,-0.24000,9.600,-0.480,-1,400.000,-1,400.000,-1,325.000,325.000,300.000,300.000,-1,-1,-1,-1,875.000,825.000,-1,-1,2,0,2,0,2,0,0,0,0,2,2,2,2,0,0,2,2
86,-327.555,-1611.024,133.751,88.723,0.024579,-0.999396,0.024563,0.995711,0.022281,-0.089794,0.089193,0.026665,0.995657,0,0.24000,-0.36000,14.400,-0.720,-1,400.000,-1,400.000,-1,325.000,325.000,300.000,300.000,-1,-1,-1,-1,875.000,825.000,-1,-1,2,0,2,0,2,0,0,0,0,2,2,2,2,0,0,2,2
87,-326.806,-1591.839,135.496,87.763,0.041343,-0.998849,0.024331,0.995248,0.039021,-0.089209,0.088157,0.027903,0.995716,0,0.32000,-0.48000,19.200,-0.960,-1,400.000,-1,400.000,-1,325.000,325.000,300.000,300.000,-1,-1,-1,-1,875.000,825.000,-1,-1,2,0,2,0,2,0,0,0,0,2,2,2,2,0,0,2,2
88,-325.368,-1567.882,137.663,86.563,0.062280,-0.997769,0.024058,0.994273,0.059928,-0.088486,0.086847,0.029431,0.995787,0,0.40000,-0.60000,24.000,-1.200,-1,400.000,-1,400.000,-1,325.000,325.000,300.000,300.000,-1,-1,-1,-1,875.000,825.000,-1,-1,2,0,2,0,2,0,0,0,0,2,2,2,2,0,0,2,2
89,-322.920,-1539.186,140.243,85.123,0.087365,-0.995893,0.023757,0.992522,0.084979,-0.087631,0.085253,0.031235,0.995870,0,0.48000,-0.72000,28.800,-1.440,-1,425.000,-1,400.000,-1,325.000,325.000,300.000,300.000,-1,-1,-1,-1,875.000,825.000,-1,-1,2,0,2,0,2,0,0,0,0,2,2,2,2,0,0,2,2
90,-319.084,-1505.806,143.225,83.443,0.116556,-0.992907,0.023444,0.989679,0.114132,-0.086653,0.083363,0.033302,0.995963,0,0.56000,-0.84000,33.600,-1.680,-1,425.000,-1,400.000,-1,325.000,325.000,300.000,300.000,-1,-1,-1,-1,875.000,825.000,-1,-1,2,0,2,0,2,0,0,0,0,2,2,2,2,0,0,2,2
91,-313.424,-1467.826,146.594,81.523,0.149790,-0.988447,0.023138,0.985381,0.147322,-0.085560,0.081163,0.035616,0.996064,0,0.64000,-0.96000,38.400,-1.920,-1,425.000,-1,400.000,-1,325.000,325.000,300.000,300.000,-1,-1,-1,-1,900.000,800.000,-1,-1,2,0,2,0,2,0,0,0,0,2,2,2,2,0,0,2,2
92,-305.570,-1425.346,150.334,79.523,0.184217,-0.982620,0.022846,0.979726,0.181713,-0.084358,0.078741,0.037923,0.996174,0,0.72000,-1.00000,43.200,-2.000,-1,425.000,-1,400.000,-1,325.000,325.000,300.000,300.000,-1,-1,-1,-1,900.000,800.000,-1,-1,2,0,2,0,2,0,0,0,0,2,2,2,2,0,0,2,2
93,-295.200,-1378.479,154.401,77.523,0.218399,-0.975602,0.022421,0.972875,0.215878,-0.083127,0.076259,0.039968,0.996287,0,0.80000,-1.00000,48.000,-2.000,-1,425.000,-1,400.000,-1,325.000,325.000,300.000,300.000,-1,-1,-1,-1,925.000,800.000,-1,-1,2,0,2,0,2,0,0,0,0,2,2,2,2,0,0,2,2
94,-282.831,-1330.572,158.125,75.523,0.252194,-0.967462,0.020391,0.964849,0.249792,-0.081668,0.073917,0.040270,0.996451,0,0.82463,-1.00000,49.478,-2.000,-1,425.000,-1,400.000,-1,325.000,325.000,300.000,300.000,-1,-1,-1,-1,925.000,800.000,-1,-1,2,0,2,0,2,0,0,0,0,2,2,2,2,0,0,2,2
95,-268.734,-1282.916,161.716,73.523,0.285657,-0.958160,0.018180,0.955681,0.283405,-0.079726,0.071238,0.040148,0.996651,0,0.82828,-1.00000,49.697,-2.000,-1,425.000,-1,400.000,-1,325.000,325.000,300.000,300.000,-1,-1,-1,-1,875.000,800.000,-1,-1,2,0,2,0,2,0,0,0,0,2,2,2,2,1,0,2,2
96,-252.914,-1235.573,165.129,71.523,0.318819,-0.947673,0.016438,0.945308,0.316667,-0.078197,0.068900,0.040470,0.996802,0,0.83193,-1.00000,49.916,-2.000,-1,425.000,-1,400.000,-1,325.000,325.000,300.000,300.000,-1,-1,-1,-1,800.000,800.000,-1,-1,2,0,2,0,2,0,0,0,0,2,2,2,2,1,0,2,2
97,-235.375,-1188.605,168.299,69.523,0.351646,-0.936005,0.015452,0.933761,0.349533,-0.076919,0.066595,0.041477,0.996918,0,0.83560,-1.00000,50.136,-2.000,-1,400.000,1000.000,400.000,-1,325.000,325.000,300.000,300.000,-1,-1,-1,-1,750.000,800.000,-1,-1,2,0,1,0,2,0,0,0,0,2,2,2,2,1,1,2,2
98,-216.125,-1142.076,171.296,67.523,0.384066,-0.923182,0.015121,0.921093,0.381961,-0.075454,0.063882,0.042907,0.997035,0,0.83924,-0.99993,50.354,-2.000,-1,400.000,925.000,400.000,-1,325.000,325.000,300.000,300.000,-1,-1,-1,-1,700.000,775.000,-1,-1,2,0,1,0,2,0,0,0,0,2,2,2,2,1,1,2,2
99,-195.175,-1096.049,174.281,65.526,0.415974,-0.909253,0.014972,0.907311,0.413864,-0.074183,0.061255,0.044443,0.997132,0,0.84284,-0.99826,50.570,-1.997,-1,400.000,875.000,400.000,-1,325.000,325.000,300.000,300.000,-1,-1,-1,-1,650.000,750.000,-1,-1,2,0,1,0,2,0,0,0,0,2,2,2,2,1,1,2,2
100,-172.544,-1050.588,177.236,63.534,0.447319,-0.894249,0.014961,0.892448,0.445196,-0.073057,0.058671,0.046031,0.997216,0,0.84637,-0.99627,50.782,-1.993,-1,400.000,825.000,400.000,-1,325.000,325.000,300.000,300.000,-1,-1,-1,-1,600.000,725.000,900.000,-1,2,0,1,0,2,0,0,0,0,2,2,2,2,1,1,1,2
101,-148.250,-1005.758,180.138,61.546,0.478049,-0.878204,0.015028,0.876542,0.475913,-0.071975,0.056056,0.047580,0.997293,0,0.84982,-0.99393,50.989,-1.988,-1,400.000,825.000,400.000,-1,325.000,325.000,300.000,300.000,-1,-1,-1,-1,550.000,725.000,750.000,-1,2,1,1,0,2,0,0,0,0,2,2,2,2,1,1,1,2
102,-122.320,-961.623,182.983,59.564,0.508121,-0.861152,0.015176,0.859628,0.505971,-0.070939,0.053411,0.049091,0.997365,0,0.85313,-0.99124,51.188,-1.982,-1,375.000,850.000,400.000,-1,325.000,325.000,300.000,300.000,-1,-1,-1,-1,525.000,700.000,650.000,-1,2,1,1,0,2,0,0,0,0,2,2,2,2,1,1,1,2
103,-94.781,-918.250,185.768,57.587,0.537491,-0.843129,0.015403,0.841742,0.535329,-0.069954,0.050735,0.050565,0.997431,0,0.85628,-0.98815,51.377,-1.976,825.000,375.000,925.000,400.000,-1,325.000,325.000,300.000,300.000,-1,-1,-1,-1,475.000,700.000,550.000,-1,1,1,1,0,2,0,0,0,0,2,2,2,2,1,1,1,2
104,-65.669,-875.702,188.491,55.618,0.566119,-0.824174,0.015709,0.822923,0.563944,-0.069024,0.048029,0.052002,0.997491,0,0.85923,-0.98465,51.554,-1.969,600.000,350.000,-1,375.000,-1,325.000,325.000,300.000,300.000,-1,-1,-1,-1,450.000,675.000,475.000,-1,1,1,2,0,2,1,0,0,0,2,2,2,2,1,1,1,2
105,-35.021,-834.047,190.935,53.657,0.593935,-0.804381,0.014534,0.803181,0.591817,-0.068215,0.046269,0.052189,0.997565,0,0.86192,-0.98071,51.715,-1.961,450.000,325.000,-1,375.000,-1,300.000,325.000,300.000,300.000,-1,-1,-1,-1,400.000,675.000,400.000,-1,1,1,2,0,2,1,0,0,0,2,2,2,2,1,1,1,2
106,-2.883,-793.347,193.308,51.704,0.620937,-0.783748,0.013280,0.782592,0.618879,-0.067364,0.044578,0.052221,0.997640,0,0.86429,-0.97630,51.858,-1.953,375.000,300.000,-1,400.000,-1,300.000,325.000,300.000,300.000,-1,-1,-1,-1,375.000,700.000,325.000,-1,1,1,2,0,2,1,0,0,0,2,2,2,2,1,1,1,2
107,30.694,-753.670,195.607,49.761,0.647091,-0.762317,0.012103,0.761207,0.645094,-0.066466,0.042860,0.052222,0.997715,0,0.86629,-0.97139,51.977,-1.943,275.000,275.000,-1,400.000,-1,275.000,325.000,300.000,300.000,-1,-1,-1,-1,325.000,725.000,275.000,-1,1,1,2,0,2,1,0,0,0,2,2,2,2,1,1,1,2
108,65.645,-715.071,200.265,47.829,0.672794,-0.739715,0.013044,0.738205,0.670044,-0.078069,0.049009,0.062154,0.996863,0,0.86784,-0.96594,52.070,-1.932,250.000,250.000,-1,400.000,-1,275.000,325.000,350.000,300.000,-1,-1,-1,-1,325.000,825.000,250.000,-1,1,1,2,0,2,1,1,0,0,2,2,2,2,1,0,1,2
109,101.909,-677.616,205.667,45.909,0.697762,-0.716195,0.013877,0.714009,0.693813,-0.093887,0.057614,0.075419,0.995486,0,0.86886,-0.95994,52.132,-1.920,225.000,250.000,-1,425.000,-1,275.000,325.000,375.000,275.000,-1,600.000,575.000,-1,350.000,875.000,225.000,-1,1,1,2,1,2,1,1,1,0,2,0,0,2,1,0,1,2
110,139.413,-641.367,211.603,44.003,0.721951,-0.691799,0.014164,0.688607,0.716311,-0.112783,0.067877,0.091177,0.993519,0,0.86926,-0.95334,52.155,-1.907,200.000,275.000,-1,450.000,-1,275.000,350.000,400.000,275.000,-1,375.000,275.000,-1,375.000,975.000,200.000,-1,1,1,2,1,2,1,1,1,0,2,0,0,2,1,0,1,2
111,174.404,-609.452,217.401,42.336,0.742613,-0.669583,0.013608,0.665085,0.734933,-0.132422,0.078666,0.107389,0.991100,0,0.78926,-0.83334,47.355,-1.667,200.000,300.000,-1,475.000,-1,300.000,375.000,450.000,275.000,-1,300.000,150.000,-1,450.000,-1,175.000,-1,1,1,2,1,2,1,1,1,0,2,0,0,2,1,2,1,2
112,209.831,-578.710,223.430,40.909,0.760082,-0.649708,0.012426,0.643437,0.749796,-0.154255,0.090903,0.125242,0.987953,0,0.78168,-0.71334,46.901,-1.427,175.000,325.000,-1,525.000,-1,325.000,400.000,475.000,250.000,-1,250.000,100.000,850.000,800.000,-1,175.000,-1,1,1,2,1,2,1,1,1,0,2,0,0,0,1,2,1,2
113,245.815,-548.755,229.657,39.723,0.774637,-0.632315,0.010743,0.623673,0.761015,-0.178576,0.104741,0.145032,0.983867,0,0.78024,-0.59334,46.815,-1.187,175.000,400.000,-1,575.000,-1,400.000,450.000,475.000,250.000,-1,225.000,75.000,575.000,975.000,-1,250.000,-1,1,1,2,0,2,1,1,1,0,2,0,0,0,1,2,1,2
114,282.214,-519.490,233.001,38.776,0.785421,-0.618903,0.008564,0.609135,0.770421,-0.188163,0.109857,0.153004,0.982100,0,0.77835,-0.47334,46.701,-0.947,175.000,450.000,-1,575.000,-1,425.000,475.000,425.000,250.000,-1,225.000,75.000,500.000,-1,-1,-1,-1,1,1,2,0,2,1,1,1,0,2,0,0,0,2,2,2,2
115,318.865,-490.769,235.566,38.069,0.793226,-0.608891,0.006670,0.598378,0.777405,-0.193870,0.112860,0.157774,0.981005,0,0.77601,-0.35334,46.560,-0.707,200.000,550.000,-1,600.000,-1,500.000,525.000,375.000,250.000,-1,225.000,50.000,475.000,-1,-1,-1,-1,1,1,2,0,2,1,0,1,0,2,0,0,0,2,2,2,2
116,355.619,-462.452,237.756,37.603,0.798309,-0.602226,0.005249,0.591171,0.781932,-0.197735,0.114976,0.160957,0.980241,0,0.77325,-0.23334,46.395,-0.467,225.000,725.000,-1,600.000,-1,600.000,550.000,300.000,250.000,-1,225.000,50.000,450.000,-1,-1,-1,-1,1,1,2,0,2,0,0,1,0,2,0,0,0,2,2,2,2
117,-8029.875,6353.574,199.737,20.411,0.924226,-0.347077,-0.159196,0.357922,0.932690,0.044509,0.133032,-0.098116,0.986243,1,0.00000,0.00000,46.207,-0.227,825.000,425.000,825.000,425.000,-1,350.000,325.000,250.000,300.000,750.000,225.000,400.000,-1,575.000,-1,700.000,-1,1,1,1,1,2,1,1,1,1,0,0,0,2,1,2,1,2
118,-8025.369,6355.229,200.264,20.171,0.925653,-0.343162,-0.159396,0.354083,0.934122,0.045188,0.133388,-0.098268,0.986180,0,0.08000,-0.12000,4.800,-0.240,825.000,425.000,800.000,450.000,-1,350.000,325.000,250.000,300.000,725.000,225.000,400.000,-1,550.000,-1,675.000,-1,1,1,1,1,2,1,1,1,1,0,0,0,2,1,2,1,2
119,-8016.330,6358.464,201.324,19.691,0.928456,-0.335314,-0.159795,0.346389,0.936935,0.046560,0.134106,-0.098580,0.986052,0,0.16000,-0.24000,9.600,-0.480,800.000,425.000,800.000,450.000,-1,350.000,325.000,275.000,300.000,725.000,225.000,400.000,-1,550.000,-1,675.000,-1,1,1,1,1,2,1,1,1,1,0,0,0,2,1,2,1,2
120,4263.561,5575.424,363.576,-4.147,0.996806,0.072311,-0.033909,-0.072390,0.997376,-0.001115,0.033739,0.003566,0.999424,1,0.00000,0.00000,14.400,-0.640,-1,375.000,-1,400.000,-1,325.000,325.000,300.000,300.000,-1,-1,-1,-1,725.000,750.000,-1,-1,2,0,2,0,2,0,0,0,0,2,2,2,2,0,0,2,2
121,4268.347,5575.057,363.737,-4.387,0.996491,0.076488,-0.033977,-0.076570,0.997064,-0.001119,0.033792,0.003717,0.999422,0,0.08000,-0.12000,4.800,-0.240,-1,375.000,-1,400.000,-1,325.000,325.000,300.000,300.000,-1,-1,-1,-1,725.000,750.000,-1,-1,2,0,2,0,2,0,0,0,0,2,2,2,2,0,0,2,2
122,4277.914,5574.267,364.058,-4.720,0.996025,0.082285,-0.034112,-0.082371,0.996601,-0.001122,0.033904,0.003928,0.999417,0,0.16000,-0.16661,9.600,-0.333,-1,375.000,-1,400.000,-1,325.000,325.000,300.000,300.000,-1,-1,-1,-1,725.000,750.000,-1,-1,2,0,2,0,2,0,0,0,0,2,2,2,2,0,0,2,2
123,4292.258,5572.999,364.540,-5.053,0.995522,0.088079,-0.034310,-0.088170,0.996105,-0.001121,0.034078,0.004142,0.999411,0,0.24000,-0.16661,14.400,-0.333,-1,375.000,-1,400.000,-1,325.000,325.000,300.000,300.000,-1,-1,-1,-1,725.000,750.000,-1,-1,2,0,2,0,2,0,0,0,0,2,2,2,2,0,0,2,2
124,4311.373,5571.196,365.182,-5.386,0.994984,0.093871,-0.034572,-0.093965,0.995575,-0.001116,0.034314,0.004359,0.999402,0,0.32000,-0.16661,19.200,-0.333,-1,375.000,-1,400.000,-1,325.000,325.000,300.000,300.000,-1,-1,-1,-1,725.000,750.000,-1,-1,2,0,2,0,2,0,0,0,0,2,2,2,2,0,0,2,2
125,4335.254,5568.804,365.984,-5.720,0.994410,0.099659,-0.034896,-0.099758,0.995011,-0.001105,0.034612,0.004580,0.999390,0,0.40000,-0.16661,24.000,-0.333,-1,375.000,-1,400.000,-1,325.000,325.000,300.000,300.000,-1,-1,-1,-1,725.000,750.000,-1,-1,2,0,2,0,2,0,0,0,0,2,2,2,2,0,0,2,2
126,4363.893,5565.768,366.946,-6.053,0.993799,0.105444,-0.035283,-0.105548,0.994414,-0.001090,0.034971,0.004807,0.999377,0,0.48000,-0.16661,28.800,-0.333,-1,375.000,-1,400.000,-1,325.000,325.000,300.000,300.000,-1,-1,-1,-1,725.000,750.000,-1,-1,2,0,2,0,2,0,0,0,0,2,2,2,2,0,0,2,2
127,4397.285,5562.031,368.067,-6.386,0.993153,0.111225,-0.035732,-0.111334,0.993782,-0.001070,0.035391,0.005041,0.999361,0,0.56000,-0.16661,33.600,-0.333,-1,375.000,-1,400.000,-1,325.000,325.000,300.000,300.000,-1,-1,-1,-1,700.000,750.000,-1,-1,2,0,2,0,2,0,0,0,0,2,2,2,2,0,0,2,2
128,4435.421,5557.538,369.347,-6.719,0.992470,0.117003,-0.036242,-0.117117,0.993118,-0.001047,0.035870,0.005283,0.999342,0,0.64000,-0.16661,38.400,-0.333,-1,375.000,-1,400.000,-1,325.000,325.000,300.000,300.000,-1,-1,-1,-1,700.000,750.000,-1,-1,2,0,2,0,2,0,0,0,0,2,2,2,2,0,0,2,2
129,4478.272,5552.054,370.783,-7.292,0.991228,0.126932,-0.036816,-0.127055,0.991895,-0.001016,0.036388,0.005684,0.999322,0,0.72000,-0.28661,43.200,-0.573,-1,375.000,-1,400.000,-1,325.000,325.000,300.000,300.000,-1,-1,-1,-1,700.000,750.000,-1,-1,2,0,2,0,2,0,0,0,0,2,2,2,2,0,0,2,2
130,4525.793,5545.286,372.373,-8.106,0.989301,0.140996,-0.037451,-0.141131,0.989990,-0.000972,0.036939,0.006247,0.999298,0,0.80000,-0.40661,48.000,-0.813,-1,375.000,-1,400.000,-1,325.000,325.000,300.000,300.000,-1,1000.000,1000.000,-1,700.000,750.000,-1,-1,2,0,2,0,2,0,0,0,0,2,0,0,2,0,0,2,2
131,4577.929,5536.942,374.274,-9.093,0.986697,0.158025,-0.038164,-0.158200,0.987406,-0.001573,0.037435,0.007589,0.999270,0,0.88000,-0.49345,52.800,-0.987,-1,375.000,-1,400.000,-1,300.000,325.000,300.000,300.000,-1,1000.000,1000.000,-1,700.000,750.000,-1,-1,2,0,2,0,2,0,0,0,0,2,0,0,2,0,0,2,2
132,4632.127,5527.309,376.413,-10.079,0.983788,0.175006,-0.039155,-0.175242,0.984522,-0.002658,0.038084,0.009477,0.999230,0,0.91746,-0.49345,55.048,-0.987,-1,375.000,-1,400.000,-1,325.000,325.000,300.000,300.000,-1,1000.000,1000.000,-1,725.000,750.000,-1,-1,2,0,2,0,2,0,0,0,0,2,0,0,2,0,0,2,2
133,4686.152,5516.743,378.703,-11.066,0.980591,0.191935,-0.040032,-0.192211,0.981349,-0.003129,0.038684,0.010762,0.999194,0,0.91746,-0.49345,55.048,-0.987,-1,375.000,-1,400.000,-1,325.000,325.000,300.000,300.000,-1,-1,1000.000,-1,725.000,775.000,-1,-1,2,0,2,0,2,0,0,0,0,2,2,0,2,0,0,2,2
134,4739.986,5505.248,380.995,-12.053,0.977100,0.208806,-0.040944,-0.209121,0.977884,-0.003514,0.039304,0.011996,0.999155,0,0.91746,-0.49345,55.048,-0.987,-1,375.000,-1,400.000,-1,325.000,325.000,300.000,300.000,-1,-1,1000.000,-1,725.000,775.000,-1,-1,2,0,2,0,2,0,0,0,0,2,2,0,2,0,0,2,2
135,4793.615,5492.827,383.266,-13.040,0.973318,0.225614,-0.041843,-0.225970,0.974126,-0.003909,0.039879,0.013260,0.999117,0,0.91746,-0.49345,55.048,-0.987,-1,375.000,-1,400.000,-1,325.000,325.000,300.000,300.000,-1,-1,1000.000,-1,750.000,800.000,-1,-1,2,0,2,0,2,0,0,0,0,2,2,0,2,0,0,2,2
136,4847.021,5479.485,385.515,-14.027,0.969246,0.242355,-0.042731,-0.242753,0.970079,-0.004317,0.040406,0.014558,0.999077,0,0.91746,-0.49345,55.048,-0.987,-1,375.000,-1,400.000,-1,325.000,325.000,300.000,300.000,-1,-1,1000.000,-1,750.000,825.000,-1,-1,2,0,2,0,2,0,0,0,0,2,2,0,2,0,0,2,2
137,4900.190,5465.225,387.740,-15.014,0.964887,0.259022,-0.043608,-0.259465,0.965741,-0.004743,0.040885,0.015891,0.999037,0,0.91746,-0.49345,55.048,-0.987,-1,375.000,-1,400.000,-1,325.000,325.000,300.000,300.000,-1,-1,-1,-1,775.000,850.000,-1,-1,2,0,2,0,2,0,0,0,0,2,2,2,2,0,0,2,2
