timestep,x_cm,y_cm,z_cm,yaw_deg,basis_xx,basis_xy,basis_xz,basis_yx,basis_yy,basis_yz,basis_zx,basis_zy,basis_zz,teleport_flag,throttle_cmd,steering_cmd,cmd_move_cm,cmd_turn_deg,lidar_cm_0,lidar_cm_1,lidar_cm_2,lidar_cm_3,lidar_cm_4,lidar_cm_5,lidar_cm_6,lidar_cm_7,lidar_cm_8,lidar_cm_9,lidar_cm_10,lidar_cm_11,lidar_cm_12,lidar_cm_13,lidar_cm_14,lidar_cm_15,lidar_cm_16,lidar_class_0,lidar_class_1,lidar_class_2,lidar_class_3,lidar_class_4,lidar_class_5,lidar_class_6,lidar_class_7,lidar_class_8,lidar_class_9,lidar_class_10,lidar_class_11,lidar_class_12,lidar_class_13,lidar_class_14,lidar_class_15,lidar_class_16
0,7547.880,-5576.577,377.248,-14.112,0.969909,0.243423,-0.004717,-0.242706,0.968220,0.060362,0.019260,-0.057401,0.998165,1,0.08000,0.12000,4.800,0.240,-1,-1,-1,400.000,-1,325.000,325.000,300.000,300.000,-1,-1,-1,-1,-1,-1,-1,-1,2,2,2,0,2,0,0,0,0,2,2,2,2,2,2,2,2
1,7557.210,-5578.839,377.422,-13.632,0.971913,0.235299,-0.004339,-0.234617,0.970209,0.060410,0.018425,-0.057695,0.998164,0,0.16000,0.24000,9.600,0.480,-1,-1,-1,400.000,-1,325.000,325.000,300.000,300.000,-1,-1,-1,-1,-1,-1,-1,-1,2,2,2,0,2,0,0,0,0,2,2,2,2,2,2,2,2
2,7571.245,-5582.056,377.674,-12.912,0.974792,0.223083,-0.003767,-0.222454,0.973065,0.060494,0.017161,-0.058131,0.998161,0,0.24000,0.36000,14.400,0.720,-1,-1,-1,400.000,-1,325.000,325.000,300.000,300.000,-1,-1,-1,-1,-1,-1,-1,-1,2,2,2,0,2,0,0,0,0,2,2,2,2,2,2,2,2
3,7590.029,-5586.032,377.994,-11.952,0.978391,0.206742,-0.002993,-0.206185,0.976633,0.060628,0.015458,-0.058701,0.998156,0,0.32000,0.48000,19.200,0.960,-1,-1,-1,-1,-1,-1,325.000,300.000,300.000,-1,-1,-1,-1,-1,-1,-1,-1,2,2,2,2,2,2,0,0,0,2,2,2,2,2,2,2,2
4,7613.607,-5590.509,378.369,-10.752,0.982503,0.186236,-0.002010,-0.185771,0.980708,0.060832,0.013301,-0.059394,0.998146,0,0.40000,0.60000,24.000,1.200,-1,-1,-1,-1,-1,-1,-1,300.000,300.000,-1,-1,-1,-1,-1,-1,-1,-1,2,2,2,2,2,2,2,0,0,2,2,2,2,2,2,2,2
5,7642.027,-5595.168,378.781,-9.312,0.986868,0.161524,-0.000810,-0.161173,0.985031,0.061130,0.010672,-0.060197,0.998129,0,0.48000,0.72000,28.800,1.440,-1,-1,-1,-1,-1,-1,-1,300.000,300.000,-1,-1,-1,-1,-1,-1,-1,-1,2,2,2,2,2,2,2,0,0,2,2,2,2,2,2,2,2
6,7675.315,-5599.731,379.218,-7.806,0.990767,0.135573,0.000610,-0.135353,0.988885,0.061534,0.007740,-0.061048,0.998105,0,0.56000,0.75300,33.600,1.506,-1,-1,-1,-1,-1,-1,-1,300.000,300.000,-1,-1,-1,-1,-1,-1,-1,-1,2,2,2,2,2,2,2,0,0,2,2,2,2,2,2,2,2
7,7713.482,-5603.949,379.669,-6.309,0.993965,0.109673,0.002250,-0.109601,0.992037,0.062053,0.004573,-0.061925,0.998070,0,0.64000,0.74888,38.400,1.498,-1,-1,-1,-1,-1,-1,-1,300.000,300.000,-1,-1,-1,-1,-1,-1,-1,-1,2,2,2,2,2,2,2,0,0,2,2,2,2,2,2,2,2
8,7756.529,-5607.578,380.117,-4.820,0.996469,0.083857,0.004114,-0.083950,0.994495,0.062702,0.001166,-0.062826,0.998024,0,0.72000,0.74440,43.200,1.489,-1,-1,-1,-1,-1,-1,-1,300.000,300.000,-1,-1,-1,-1,-1,-1,-1,-1,2,2,2,2,2,2,2,0,0,2,2,2,2,2,2,2,2
9,7804.447,-5610.373,380.548,-3.341,0.998288,0.058159,0.006202,-0.058436,0.996270,0.063498,-0.002486,-0.063752,0.997963,0,0.80000,0.73946,48.000,1.479,-1,-1,-1,-1,-1,-1,-1,300.000,300.000,-1,-1,-1,-1,-1,-1,-1,-1,2,2,2,2,2,2,2,0,0,2,2,2,2,2,2,2,2
10,7853.366,-5611.972,380.913,-1.873,0.999433,0.032616,0.008346,-0.033087,0.997375,0.064409,-0.006224,-0.064648,0.997889,0,0.81576,0.73395,48.945,1.468,-1,-1,-1,-1,-1,-1,-1,300.000,300.000,-1,-1,-1,-1,-1,-1,-1,-1,2,2,2,2,2,2,2,0,0,2,2,2,2,2,2,2,2
11,7902.670,-5612.319,366.674,-0.417,0.998599,0.007264,0.052422,-0.010883,0.997550,0.069099,-0.051791,-0.069573,0.996232,0,0.82172,0.72792,49.303,1.456,-1,-1,-1,-1,-1,-1,-1,250.000,275.000,-1,-1,-1,-1,-1,-1,-1,-1,2,2,2,2,2,2,2,0,0,2,2,2,2,2,2,2,2
12,-2951.695,3607.629,236.377,87.639,0.040293,-0.998933,-0.022585,0.998330,0.041184,-0.040507,0.041394,-0.020915,0.998924,1,0.00000,0.00000,49.664,1.443,-1,400.000,-1,400.000,-1,325.000,325.000,300.000,300.000,-1,-1,-1,-1,900.000,900.000,-1,-1,2,0,2,0,2,0,0,0,0,2,2,2,2,0,0,2,2
13,-2951.518,3612.426,236.576,87.879,0.036109,-0.999092,-0.022593,0.998502,0.036999,-0.040314,0.041113,-0.021103,0.998932,0,0.08000,0.12000,4.800,0.240,-1,400.000,-1,400.000,-1,325.000,325.000,300.000,300.000,-1,-1,-1,-1,900.000,900.000,-1,-1,2,0,2,0,2,0,0,0,0,2,2,2,2,0,0,2,2
14,-2951.243,3622.022,236.973,88.359,0.027740,-0.999359,-0.022614,0.998792,0.028628,-0.039927,0.040549,-0.021479,0.998947,0,0.16000,0.24000,9.600,0.480,-1,400.000,-1,400.000,-1,325.000,325.000,300.000,300.000,-1,-1,-1,-1,900.000,900.000,-1,-1,2,0,2,0,2,0,0,0,0,2,2,2,2,0,0,2,2
15,-2951.012,3636.420,237.565,89.079,0.015184,-0.999628,-0.022656,0.999096,0.016067,-0.039349,0.039698,-0.022038,0.998969,0,0.24000,0.36000,14.400,0.720,-1,400.000,-1,400.000,-1,325.000,325.000,300.000,300.000,-1,-1,-1,-1,900.000,900.000,-1,-1,2,0,2,0,2,0,0,0,0,2,2,2,2,0,0,2,2
16,-2951.025,3655.620,238.347,90.039,-0.001561,-0.999740,-0.022734,0.999255,-0.000683,-0.038579,0.038554,-0.022777,0.998997,0,0.32000,0.48000,19.200,0.960,-1,400.000,-1,400.000,-1,325.000,325.000,300.000,300.000,-1,-1,-1,-1,900.000,900.000,-1,-1,2,0,2,0,2,0,0,0,0,2,2,2,2,0,0,2,2
17,-2951.544,3679.614,239.314,91.239,-0.022490,-0.999486,-0.022864,0.999058,-0.021619,-0.037621,0.037107,-0.023689,0.999030,0,0.40000,0.60000,24.000,1.200,-1,400.000,-1,400.000,-1,325.000,325.000,300.000,300.000,-1,-1,-1,-1,900.000,900.000,-1,-1,2,0,2,0,2,0,0,0,0,2,2,2,2,0,0,2,2
18,-2952.874,3708.383,240.458,92.644,-0.046982,-0.998629,-0.023068,0.998270,-0.046122,-0.036477,0.035363,-0.024741,0.999068,0,0.48000,0.70260,28.800,1.405,-1,400.000,-1,400.000,-1,325.000,325.000,300.000,300.000,-1,-1,-1,-1,875.000,900.000,-1,-1,2,0,2,0,2,0,0,0,0,2,2,2,2,0,0,2,2
19,-2955.247,3741.899,241.773,94.050,-0.071439,-0.997172,-0.023344,0.996886,-0.070596,-0.035145,0.033398,-0.025782,0.999110,0,0.56000,0.70260,33.600,1.405,-1,400.000,-1,425.000,-1,325.000,325.000,300.000,300.000,-1,-1,-1,-1,875.000,900.000,-1,-1,2,0,2,0,2,0,0,0,0,2,2,2,2,0,0,2,2
20,-2958.897,3780.125,243.251,95.455,-0.095847,-0.995114,-0.023712,0.994907,-0.095026,-0.033628,0.031210,-0.026814,0.999153,0,0.64000,0.70260,38.400,1.405,-1,400.000,-1,425.000,-1,325.000,325.000,300.000,300.000,-1,-1,-1,-1,875.000,925.000,-1,-1,2,0,2,0,2,0,0,0,0,2,2,2,2,0,0,2,2
21,-2964.058,3823.015,244.885,96.860,-0.120190,-0.992456,-0.024187,0.992333,-0.119397,-0.031929,0.028800,-0.027839,0.999197,0,0.72000,0.70260,43.200,1.405,-1,400.000,-1,425.000,-1,325.000,325.000,300.000,300.000,-1,-1,-1,-1,875.000,925.000,-1,-1,2,0,2,0,2,0,0,0,0,2,2,2,2,0,0,2,2
22,-2970.959,3870.517,246.668,98.265,-0.144453,-0.989201,-0.024791,0.989166,-0.143695,-0.030053,0.026166,-0.028863,0.999241,0,0.80000,0.70260,48.000,1.405,-1,425.000,-1,425.000,-1,325.000,325.000,300.000,300.000,-1,-1,-1,-1,850.000,950.000,-1,-1,2,0,2,0,2,0,0,0,0,2,2,2,2,0,0,2,2
23,-2979.197,3918.861,248.088,99.670,-0.168601,-0.985389,-0.024121,0.985397,-0.167911,-0.028247,0.023784,-0.028532,0.999310,0,0.81736,0.70260,49.041,1.405,-1,425.000,-1,425.000,-1,325.000,325.000,300.000,300.000,-1,-1,-1,-1,850.000,950.000,-1,-1,2,0,2,0,2,0,0,0,0,2,2,2,2,0,0,2,2
24,-2988.617,3966.989,249.085,101.076,-0.192611,-0.981023,-0.022230,0.981052,-0.192035,-0.025686,0.020930,-0.026757,0.999423,0,0.81736,0.70260,49.041,1.405,-1,425.000,-1,425.000,-1,325.000,325.000,300.000,300.000,-1,-1,-1,-1,850.000,950.000,-1,-1,2,0,2,0,2,0,0,0,0,2,2,2,2,0,0,2,2
25,-2999.216,4014.871,249.755,102.481,-0.216554,-0.976033,-0.021562,0.976092,-0.216038,-0.023932,0.018700,-0.026229,0.999481,0,0.81736,0.70260,49.041,1.405,-1,425.000,-1,425.000,-1,325.000,325.000,300.000,300.000,-1,-1,-1,-1,850.000,925.000,-1,-1,2,0,2,0,2,0,0,0,0,2,2,2,2,0,0,2,2
26,-3010.985,4062.479,250.208,103.886,-0.240375,-0.970434,-0.021859,0.970546,-0.239906,-0.022037,0.016141,-0.026512,0.999518,0,0.81736,0.70260,49.041,1.405,-1,400.000,-1,425.000,-1,325.000,325.000,300.000,300.000,-1,-1,-1,-1,825.000,925.000,-1,-1,2,0,2,0,2,0,0,0,0,2,2,2,2,0,0,2,2
27,-3023.919,4109.784,250.640,105.291,-0.264053,-0.964251,-0.022262,0.964412,-0.263630,-0.020205,0.013614,-0.026805,0.999548,0,0.81736,0.70260,49.041,1.405,-1,400.000,-1,400.000,-1,325.000,325.000,300.000,300.000,-1,-1,-1,-1,825.000,925.000,-1,-1,2,0,2,0,2,0,0,0,0,2,2,2,2,0,0,2,2
28,-3038.009,4156.757,251.053,106.696,-0.287572,-0.957489,-0.022767,0.957695,-0.287195,-0.018444,0.011122,-0.027108,0.999571,0,0.81736,0.70260,49.041,1.405,-1,400.000,-1,400.000,-1,325.000,325.000,300.000,300.000,-1,-1,-1,-1,800.000,900.000,-1,-1,2,0,2,0,2,0,0,0,0,2,2,2,2,0,0,2,2
29,-3053.246,4203.371,251.445,108.102,-0.310918,-0.950149,-0.023373,0.950397,-0.310586,-0.016764,0.008669,-0.027426,0.999586,0,0.81736,0.70260,49.041,1.405,-1,400.000,-1,400.000,-1,325.000,325.000,300.000,300.000,-1,-1,-1,-1,800.000,900.000,-1,-1,2,0,2,0,2,0,0,0,0,2,2,2,2,0,0,2,2
30,-3069.622,4249.597,251.817,109.507,-0.334076,-0.942239,-0.024074,0.942525,-0.333790,-0.015171,0.006259,-0.027759,0.999595,0,0.81736,0.70260,49.041,1.405,-1,400.000,-1,400.000,-1,325.000,325.000,300.000,300.000,-1,-1,-1,-1,800.000,900.000,-1,-1,2,0,2,0,2,0,0,0,0,2,2,2,2,0,0,2,2
31,-3087.127,4295.408,252.128,110.912,-0.357030,-0.933764,-0.024769,0.934085,-0.356795,-0.013508,0.003776,-0.027959,0.999602,0,0.81736,0.70260,49.041,1.405,-1,400.000,-1,400.000,-1,325.000,325.000,300.000,300.000,-1,-1,-1,-1,775.000,875.000,-1,-1,2,0,2,0,2,0,0,0,0,2,2,2,2,0,0,2,2
32,-3105.750,4340.776,252.406,112.317,-0.379768,-0.924729,-0.025528,0.925081,-0.379584,-0.011890,0.001305,-0.028131,0.999603,0,0.81736,0.70260,49.041,1.405,-1,400.000,-1,400.000,-1,325.000,325.000,300.000,300.000,-1,-1,-1,-1,775.000,875.000,-1,-1,2,0,2,0,2,0,0,0,0,2,2,2,2,0,0,2,2
33,-3125.480,4385.673,252.658,113.722,-0.402277,-0.915138,-0.026368,0.915517,-0.402145,-0.010355,-0.001128,-0.028305,0.999599,0,0.81736,0.70260,49.041,1.405,-1,400.000,-1,400.000,-1,325.000,325.000,300.000,300.000,-1,-1,-1,-1,750.000,850.000,-1,-1,2,0,2,0,2,0,0,0,0,2,2,2,2,0,0,2,2
34,-3146.305,4430.074,252.885,115.128,-0.424543,-0.904997,-0.027283,0.905401,-0.424464,-0.008909,-0.003518,-0.028484,0.999588,0,0.81736,0.70260,49.041,1.405,-1,400.000,-1,400.000,-1,325.000,325.000,300.000,325.000,-1,-1,-1,-1,750.000,850.000,-1,-1,2,0,2,0,2,0,0,0,0,2,2,2,2,0,0,2,2
35,-3168.212,4473.950,252.829,116.533,-0.446578,-0.894335,-0.027087,0.894730,-0.446539,-0.007811,-0.005109,-0.027724,0.999603,0,0.81736,0.70260,49.041,1.405,-1,400.000,-1,400.000,-1,325.000,325.000,300.000,325.000,-1,-1,-1,-1,725.000,825.000,-1,-1,2,0,2,0,2,0,0,0,0,2,2,2,2,0,0,2,2
36,-3191.188,4517.276,252.607,117.938,-0.468362,-0.883145,-0.026300,0.883515,-0.468353,-0.006877,-0.006244,-0.026458,0.999630,0,0.81736,0.70260,49.041,1.405,-1,400.000,-1,400.000,-1,325.000,325.000,300.000,325.000,-1,-1,-1,-1,725.000,825.000,-1,-1,2,0,2,0,2,0,0,0,0,2,2,2,2,0,0,2,2
37,-3215.220,4560.025,252.157,119.343,-0.489855,-0.871440,-0.025184,0.871767,-0.489895,-0.004997,-0.007983,-0.024403,0.999670,0,0.81736,0.70260,49.041,1.405,-1,375.000,-1,400.000,-1,325.000,325.000,300.000,300.000,-1,-1,-1,-1,725.000,800.000,-1,-1,2,0,2,0,2,0,0,0,0,2,2,2,2,0,0,2,2
38,-3240.293,4602.173,251.786,120.748,-0.511068,-0.859208,-0.023917,0.859489,-0.511144,-0.003296,-0.009393,-0.022241,0.999709,0,0.81736,0.70260,49.041,1.405,-1,375.000,-1,400.000,-1,325.000,325.000,300.000,300.000,-1,-1,-1,-1,725.000,775.000,-1,-1,2,0,2,0,2,0,0,0,0,2,2,2,2,0,0,2,2
39,-3268.755,4647.876,251.403,121.914,-0.528428,-0.848674,-0.022724,0.848911,-0.528534,-0.001568,-0.010680,-0.020120,0.999741,0,0.89736,0.58260,53.841,1.165,-1,375.000,-1,400.000,-1,325.000,325.000,300.000,300.000,-1,-1,-1,-1,700.000,775.000,-1,-1,2,0,2,0,2,0,0,0,0,2,2,2,2,0,0,2,2
40,-3299.939,4696.193,250.935,122.839,-0.542064,-0.840056,-0.021769,0.840259,-0.542186,-0.000333,-0.011523,-0.018472,0.999763,0,0.95845,0.46260,57.507,0.925,-1,375.000,-1,400.000,-1,325.000,325.000,300.000,300.000,-1,-1,-1,-1,700.000,750.000,-1,-1,2,0,2,0,2,0,0,0,0,2,2,2,2,0,0,2,2
41,-3331.699,4744.134,250.353,123.524,-0.552078,-0.833524,-0.021175,0.833711,-0.552201,-0.000014,-0.011681,-0.017662,0.999776,0,0.95845,0.34260,57.507,0.685,-1,375.000,-1,400.000,-1,325.000,325.000,300.000,300.000,-1,-1,-1,-1,700.000,750.000,-1,-1,2,0,2,0,2,0,0,0,0,2,2,2,2,0,0,2,2
42,-3363.831,4791.827,249.759,123.969,-0.558551,-0.829220,-0.020401,0.829391,-0.558669,0.000140,-0.011513,-0.016843,0.999792,0,0.95845,0.22260,57.507,0.445,-1,375.000,-1,400.000,-1,325.000,325.000,300.000,325.000,-1,-1,-1,-1,700.000,750.000,-1,-1,2,0,2,0,2,0,0,0,0,2,2,2,2,0,0,2,2
43,-3396.133,4839.404,249.202,124.174,-0.561530,-0.827222,-0.019662,0.827381,-0.561642,0.000160,-0.011175,-0.016179,0.999807,0,0.95845,0.10260,57.507,0.205,-1,375.000,-1,400.000,-1,300.000,325.000,300.000,325.000,-1,-1,-1,-1,700.000,750.000,-1,-1,2,0,2,0,2,0,0,0,0,2,2,2,2,0,0,2,2
44,-3428.457,4887.075,248.694,124.140,-0.561043,-0.827571,-0.018904,0.827718,-0.561144,0.000053,-0.010652,-0.015617,0.999821,0,0.95994,-0.01740,57.597,-0.035,-1,375.000,-1,400.000,-1,300.000,325.000,300.000,325.000,-1,-1,-1,-1,700.000,750.000,-1,-1,2,0,2,0,2,0,0,0,0,2,2,2,2,0,0,2,2
45,-3460.662,4935.006,248.240,123.897,-0.557553,-0.829943,-0.018115,0.830081,-0.557642,-0.000173,-0.009958,-0.015133,0.999836,0,0.96242,-0.12120,57.745,-0.242,-1,375.000,-1,375.000,-1,300.000,325.000,300.000,325.000,-1,-1,-1,-1,700.000,750.000,-1,-1,2,0,2,0,2,0,0,0,0,2,2,2,2,0,0,2,2
46,-3492.744,4983.178,247.845,123.664,-0.554182,-0.832215,-0.017314,0.832345,-0.554258,-0.000525,-0.009160,-0.014702,0.999850,0,0.96462,-0.11678,57.877,-0.234,-1,375.000,-1,375.000,-1,300.000,325.000,300.000,325.000,-1,-1,-1,-1,700.000,725.000,-1,-1,2,0,2,0,2,0,0,0,0,2,2,2,2,0,0,2,2
47,-3524.700,5031.570,247.509,123.439,-0.550934,-0.834386,-0.016504,0.834508,-0.550994,-0.001004,-0.008256,-0.014325,0.999863,0,0.96652,-0.11230,57.991,-0.225,-1,375.000,-1,375.000,-1,300.000,325.000,300.000,325.000,-1,-1,-1,-1,700.000,750.000,-1,-1,2,0,2,0,2,0,0,0,0,2,2,2,2,0,0,2,2
48,-3556.527,5080.163,247.100,123.224,-0.547818,-0.836462,-0.015064,0.836569,-0.547859,-0.001668,-0.006857,-0.013516,0.999885,0,0.96814,-0.10775,58.088,-0.215,-1,375.000,-1,400.000,-1,300.000,325.000,300.000,325.000,-1,-1,-1,-1,700.000,750.000,-1,-1,2,0,2,0,2,0,0,0,0,2,2,2,2,0,0,2,2
49,-3588.222,5128.937,246.756,123.017,-0.544830,-0.838444,-0.013130,0.838529,-0.544852,-0.002096,-0.005396,-0.012152,0.999912,0,0.96946,-0.10316,58.167,-0.206,-1,375.000,-1,400.000,-1,300.000,325.000,300.000,325.000,-1,-1,-1,-1,700.000,750.000,-1,-1,2,0,2,0,2,0,0,0,0,2,2,2,2,0,0,2,2
50,-3619.782,5177.871,246.493,122.820,-0.541965,-0.840325,-0.011309,0.840392,-0.541973,-0.002623,-0.003926,-0.010926,0.999933,0,0.97048,-0.09855,58.229,-0.197,-1,375.000,-1,400.000,-1,300.000,325.000,300.000,325.000,-1,-1,-1,-1,700.000,750.000,-1,-1,2,0,2,0,2,0,0,0,0,2,2,2,2,0,0,2,2
51,-3651.205,5226.945,246.265,122.632,-0.539224,-0.842108,-0.009541,0.842159,-0.539221,-0.003058,-0.002569,-0.009684,0.999950,0,0.97120,-0.09393,58.272,-0.188,-1,375.000,-1,400.000,-1,300.000,325.000,300.000,325.000,-1,-1,-1,-1,700.000,750.000,-1,-1,2,0,2,0,2,0,0,0,0,2,2,2,2,0,0,2,2
52,-3682.489,5276.139,246.080,122.454,-0.536608,-0.843795,-0.007836,0.843831,-0.536599,-0.003436,-0.001306,-0.008456,0.999963,0,0.97164,-0.08934,58.298,-0.179,-1,375.000,-1,400.000,-1,325.000,325.000,300.000,325.000,-1,-1,875.000,-1,725.000,750.000,-1,-1,2,0,2,0,2,0,0,0,0,2,2,0,2,0,0,2,2
53,-3713.632,5325.432,245.960,122.284,-0.534118,-0.845387,-0.006229,0.845410,-0.534104,-0.003856,-0.000067,-0.007325,0.999973,0,0.97179,-0.08478,58.307,-0.170,-1,375.000,-1,400.000,-1,325.000,325.000,300.000,325.000,-1,-1,825.000,-1,725.000,750.000,-1,-1,2,0,2,0,2,0,0,0,0,2,2,0,2,0,0,2,2
54,-3744.632,5374.807,245.904,122.124,-0.531752,-0.846887,-0.004722,0.846899,-0.531736,-0.004319,0.001147,-0.006296,0.999980,0,0.97166,-0.08031,58.300,-0.161,-1,375.000,-1,400.000,-1,325.000,325.000,325.000,325.000,-1,925.000,775.000,-1,725.000,750.000,-1,-1,2,0,2,0,2,0,0,0,0,2,0,0,2,0,0,2,2
55,-3775.487,5424.245,245.925,121.969,-0.529470,-0.848322,-0.003296,0.848326,-0.529453,-0.004771,0.002303,-0.005322,0.999983,0,0.97127,-0.07724,58.276,-0.154,-1,375.000,-1,400.000,-1,325.000,325.000,325.000,325.000,-1,900.000,725.000,-1,725.000,750.000,-1,-1,2,0,2,0,2,0,0,0,0,2,0,0,2,0,0,2,2
56,-3806.194,5473.730,245.990,121.820,-0.527264,-0.849699,-0.002111,0.849695,-0.527249,-0.005186,0.003293,-0.004528,0.999984,0,0.97064,-0.07446,58.238,-0.149,-1,375.000,-1,400.000,-1,325.000,325.000,325.000,325.000,-1,875.000,700.000,-1,725.000,775.000,-1,-1,2,0,2,0,2,0,0,0,0,2,0,0,2,0,0,2,2
57,-3836.748,5523.248,246.112,121.676,-0.525126,-0.851023,-0.001106,0.851014,-0.525113,-0.005569,0.004159,-0.003865,0.999984,0,0.96977,-0.07198,58.186,-0.144,-1,375.000,-1,400.000,-1,325.000,325.000,325.000,325.000,-1,875.000,700.000,-1,725.000,775.000,-1,-1,2,0,2,0,2,0,0,0,0,2,0,0,2,0,0,2,2
58,-3867.148,5572.785,246.304,121.537,-0.523050,-0.852302,-0.000204,0.852288,-0.523039,-0.005928,0.004946,-0.003275,0.999982,0,0.96869,-0.06980,58.121,-0.140,-1,375.000,-1,400.000,-1,325.000,325.000,300.000,325.000,-1,875.000,700.000,-1,750.000,775.000,-1,-1,2,0,2,0,2,0,0,0,0,2,0,0,2,0,0,2,2
59,-3897.390,5622.329,246.542,121.401,-0.521025,-0.853541,0.000466,0.853523,-0.521018,-0.006247,0.005574,-0.002857,0.999980,0,0.96742,-0.06793,58.045,-0.136,-1,375.000,-1,400.000,-1,325.000,325.000,300.000,325.000,-1,875.000,700.000,-1,750.000,775.000,-1,-1,2,0,2,0,2,0,0,0,0,2,0,0,2,0,0,2,2
60,-3927.474,5671.870,246.844,121.268,-0.519045,-0.854747,0.001011,0.854725,-0.519039,-0.006537,0.006112,-0.002529,0.999978,0,0.96599,-0.06637,57.959,-0.133,-1,375.000,-1,400.000,-1,325.000,325.000,300.000,325.000,-1,900.000,725.000,-1,750.000,775.000,-1,-1,2,0,2,0,2,0,0,0,0,2,0,0,2,0,0,2,2
61,-3955.151,5717.256,247.179,121.375,-0.520642,-0.853774,0.001401,0.853750,-0.520639,-0.006785,0.006522,-0.002337,0.999976,0,0.88599,0.05363,53.159,0.107,-1,375.000,-1,400.000,-1,325.000,325.000,300.000,325.000,-1,925.000,750.000,-1,750.000,775.000,-1,-1,2,0,2,0,2,0,0,0,0,2,0,0,2,0,0,2,2
62,-3980.578,5758.391,247.504,121.722,-0.525806,-0.850603,0.001791,0.850577,-0.525804,-0.007020,0.006913,-0.002168,0.999974,0,0.80599,0.17363,48.359,0.347,-1,375.000,-1,400.000,-1,325.000,325.000,300.000,325.000,-1,925.000,750.000,-1,775.000,775.000,-1,-1,2,0,2,0,2,0,0,0,0,2,0,0,2,0,0,2,2
63,-4004.880,5796.818,247.814,122.310,-0.534494,-0.845169,0.002241,0.845140,-0.534495,-0.007265,0.007337,-0.001989,0.999971,0,0.75778,0.29363,45.467,0.587,-1,400.000,-1,400.000,-1,325.000,325.000,300.000,325.000,-1,925.000,775.000,-1,775.000,775.000,-1,-1,2,0,2,0,2,0,0,0,0,2,0,0,2,0,0,2,2
64,-4029.709,5834.853,248.120,123.137,-0.546638,-0.837365,0.002721,0.837334,-0.546642,-0.007409,0.007692,-0.001772,0.999969,0,0.75703,0.41363,45.422,0.827,-1,400.000,-1,400.000,-1,325.000,325.000,300.000,325.000,-1,925.000,775.000,-1,775.000,800.000,-1,-1,2,0,2,0,2,0,0,0,0,2,0,0,2,0,0,2,2
65,-4055.224,5872.390,248.373,124.204,-0.562137,-0.827038,0.003275,0.827008,-0.562144,-0.007199,0.007795,-0.001338,0.999969,0,0.75647,0.53363,45.388,1.067,-1,400.000,-1,400.000,-1,325.000,325.000,300.000,325.000,-1,925.000,800.000,-1,775.000,800.000,-1,-1,2,0,2,0,2,0,0,0,0,2,0,0,2,0,0,2,2
66,-4081.577,5909.320,248.648,125.512,-0.580855,-0.813998,0.003774,0.813969,-0.580867,-0.006982,0.007875,-0.000983,0.999969,0,0.75613,0.65363,45.368,1.307,-1,400.000,-1,400.000,-1,325.000,325.000,300.000,300.000,-1,925.000,825.000,-1,775.000,800.000,-1,-1,2,0,2,0,2,0,0,0,0,2,0,0,2,0,0,2,2
67,-4108.913,5945.519,248.946,127.059,-0.602620,-0.798017,0.004207,0.797989,-0.602634,-0.006763,0.007932,-0.000719,0.999968,0,0.75601,0.77363,45.361,1.547,-1,400.000,-1,400.000,-1,325.000,325.000,300.000,325.000,-1,925.000,875.000,-1,775.000,800.000,-1,-1,2,0,2,0,2,0,0,0,0,2,0,0,2,0,0,2,2
68,-4137.368,5980.852,249.268,128.846,-0.627214,-0.778834,0.004562,0.778807,-0.627230,-0.006552,0.007964,-0.000557,0.999968,0,0.75611,0.89363,45.367,1.787,-1,400.000,-1,400.000,-1,325.000,325.000,300.000,325.000,-1,950.000,900.000,-1,800.000,800.000,-1,-1,2,0,2,0,2,0,0,0,0,2,0,0,2,0,0,2,2
69,-4166.970,6015.256,249.593,130.709,-0.652200,-0.758032,0.004818,0.758005,-0.652217,-0.006454,0.008035,-0.000558,0.999968,0,0.75644,0.93146,45.387,1.863,-1,400.000,-1,400.000,-1,325.000,325.000,300.000,325.000,-1,975.000,925.000,-1,800.000,825.000,-1,-1,2,0,2,0,2,0,0,0,0,2,0,0,2,0,0,2,2
70,-4197.692,6048.698,249.931,132.573,-0.676509,-0.736418,0.004990,0.736390,-0.676527,-0.006436,0.008115,-0.000680,0.999967,0,0.75685,0.93192,45.411,1.864,-1,400.000,-1,400.000,-1,325.000,325.000,325.000,325.000,-1,975.000,950.000,-1,800.000,825.000,-1,-1,2,0,2,0,2,0,0,0,0,2,0,0,2,0,0,2,2
71,-4229.503,6081.139,250.238,134.438,-0.700114,-0.714012,0.005124,0.713986,-0.700133,-0.006178,0.007999,-0.000667,0.999968,0,0.75726,0.93243,45.436,1.865,-1,400.000,-1,400.000,-1,325.000,325.000,325.000,325.000,-1,-1,1000.000,-1,800.000,825.000,-1,-1,2,0,2,0,2,0,0,0,0,2,2,0,2,0,0,2,2
72,-4262.371,6112.545,250.485,136.304,-0.722992,-0.690836,0.005207,0.690814,-0.723011,-0.005538,0.007590,-0.000407,0.999971,0,0.75768,0.93299,45.461,1.866,-1,400.000,-1,400.000,-1,325.000,325.000,325.000,300.000,-1,-1,-1,-1,800.000,825.000,-1,-1,2,0,2,0,2,0,0,0,0,2,2,2,2,0,0,2,2
73,-4296.265,6142.880,250.749,138.171,-0.745119,-0.666912,0.005177,0.666894,-0.745137,-0.004885,0.007116,-0.000187,0.999975,0,0.75810,0.93360,45.486,1.867,-1,400.000,-1,400.000,-1,325.000,325.000,325.000,300.000,-1,-1,-1,-1,800.000,825.000,-1,-1,2,0,2,0,2,0,0,0,0,2,2,2,2,0,0,2,2
74,-4331.149,6172.111,251.030,140.039,-0.766469,-0.642261,0.005033,0.642247,-0.766486,-0.004230,0.006575,-0.000010,0.999978,0,0.75854,0.93426,45.512,1.869,-1,400.000,-1,400.000,-1,325.000,325.000,325.000,300.000,-1,-1,-1,-1,800.000,825.000,-1,-1,2,0,2,0,2,0,0,0,0,2,2,2,2,0,0,2,2
75,-4366.990,6200.204,251.308,141.909,-0.787021,-0.616908,0.004772,0.616897,-0.787035,-0.003687,0.006031,0.000042,0.999982,0,0.75898,0.93498,45.539,1.870,-1,400.000,-1,400.000,-1,325.000,325.000,325.000,300.000,-1,-1,-1,-1,800.000,825.000,-1,-1,2,0,2,0,2,0,0,0,0,2,2,2,2,0,0,2,2
76,-4403.751,6227.128,251.582,143.781,-0.806750,-0.590876,0.004456,0.590867,-0.806762,-0.003194,0.005482,0.000056,0.999985,0,0.75943,0.93574,45.566,1.871,-1,400.000,-1,400.000,-1,325.000,325.000,325.000,300.000,-1,-1,-1,-1,800.000,825.000,-1,-1,2,0,2,0,2,0,0,0,0,2,2,2,2,0,0,2,2
77,-4441.395,6252.851,251.769,145.654,-0.825633,-0.564190,0.004483,0.564184,-0.825645,-0.002611,0.005174,0.000374,0.999987,0,0.75989,0.93656,45.594,1.873,-1,400.000,-1,400.000,-1,325.000,325.000,325.000,300.000,-1,-1,-1,-1,800.000,825.000,-1,-1,2,0,2,0,2,0,0,0,0,2,2,2,2,0,0,2,2
78,-4479.884,6277.345,251.961,147.529,-0.843650,-0.536876,0.004423,0.536872,-0.843661,-0.002048,0.004831,0.000647,0.999988,0,0.76037,0.93743,45.622,1.875,-1,400.000,-1,400.000,-1,325.000,325.000,325.000,300.000,-1,-1,-1,-1,800.000,825.000,-1,-1,2,0,2,0,2,0,0,0,0,2,2,2,2,0,0,2,2
79,-4519.180,6300.579,252.131,149.405,-0.860781,-0.508959,0.004132,0.508957,-0.860791,-0.001568,0.004355,0.000753,0.999990,0,0.76085,0.93835,45.651,1.877,-1,400.000,-1,400.000,-1,325.000,325.000,325.000,300.000,-1,-1,-1,-1,800.000,825.000,-1,-1,2,0,2,0,2,0,0,0,0,2,2,2,2,0,0,2,2
80,-4559.243,6322.527,252.252,151.284,-0.877006,-0.480466,0.003502,0.480465,-0.877013,-0.001243,0.003668,0.000592,0.999993,0,0.76134,0.93932,45.681,1.879,-1,400.000,-1,400.000,-1,325.000,325.000,325.000,300.000,-1,-1,-1,-1,800.000,825.000,-1,-1,2,0,2,0,2,0,0,0,0,2,2,2,2,0,0,2,2
81,-4600.031,6343.162,252.384,153.165,-0.892304,-0.451425,0.002824,0.451425,-0.892309,-0.000980,0.002962,0.000400,0.999996,0,0.76185,0.94034,45.711,1.881,-1,400.000,-1,400.000,-1,325.000,325.000,325.000,300.000,-1,-1,-1,-1,800.000,825.000,-1,-1,2,0,2,0,2,0,0,0,0,2,2,2,2,0,0,2,2
82,-4641.504,6362.459,252.525,155.048,-0.906657,-0.421864,0.002103,0.421864,-0.906659,-0.000783,0.002237,0.000177,0.999997,0,0.76237,0.94141,45.742,1.883,-1,400.000,-1,400.000,-1,325.000,325.000,325.000,300.000,-1,-1,-1,-1,800.000,825.000,-1,-1,2,0,2,0,2,0,0,0,0,2,2,2,2,0,0,2,2
83,-4683.618,6380.394,252.588,156.933,-0.920044,-0.391812,0.001717,0.391812,-0.920045,-0.000458,0.001759,0.000251,0.999998,0,0.76291,0.94253,45.774,1.885,-1,400.000,-1,400.000,-1,325.000,325.000,325.000,300.000,-1,-1,-1,-1,825.000,825.000,-1,-1,2,0,2,0,2,0,0,0,0,2,2,2,2,0,0,2,2
84,-4726.331,6396.944,252.581,158.820,-0.932450,-0.361297,0.001474,0.361298,-0.932451,0.000058,0.001354,0.000587,0.999999,0,0.76345,0.94370,45.807,1.887,-1,400.000,-1,400.000,-1,325.000,325.000,325.000,300.000,-1,-1,-1,-1,825.000,850.000,-1,-1,2,0,2,0,2,0,0,0,0,2,2,2,2,0,0,2,2
85,-4769.599,6412.088,252.538,160.710,-0.943858,-0.330350,0.001154,0.330351,-0.943858,0.000726,0.000849,0.001067,0.999999,0,0.76402,0.94492,45.841,1.890,-1,400.000,-1,400.000,-1,325.000,325.000,325.000,300.000,-1,-1,-1,-1,825.000,850.000,-1,-1,2,0,2,0,2,0,0,0,0,2,2,2,2,0,0,2,2
86,-4815.306,6426.450,252.492,162.556,-0.954012,-0.299767,0.000785,0.299768,-0.954011,0.001382,0.000335,0.001554,0.999999,0,0.79852,0.92320,47.911,1.846,-1,400.000,-1,400.000,-1,325.000,325.000,325.000,300.000,-1,-1,-1,-1,825.000,850.000,-1,-1,2,0,2,0,2,0,0,0,0,2,2,2,2,0,0,2,2
87,-4861.649,6439.382,252.448,164.408,-0.963202,-0.268777,0.000390,0.268777,-0.963200,0.002011,-0.000165,0.002042,0.999998,0,0.80188,0.92605,48.113,1.852,975.000,400.000,-1,400.000,-1,325.000,325.000,325.000,300.000,-1,-1,-1,-1,825.000,850.000,-1,-1,1,0,2,0,2,0,0,0,0,2,2,2,2,0,0,2,2
88,-4908.587,6450.853,252.406,166.266,-0.971410,-0.237410,-0.000030,0.237409,-0.971406,0.002609,-0.000649,0.002527,0.999997,0,0.80533,0.92889,48.320,1.858,925.000,400.000,-1,400.000,-1,325.000,325.000,325.000,300.000,-1,-1,-1,-1,825.000,875.000,-1,-1,1,0,2,0,2,0,0,0,0,2,2,2,2,0,0,2,2
89,-4956.083,6460.836,252.367,168.130,-0.978616,-0.205697,-0.000472,0.205695,-0.978611,0.003174,-0.001114,0.003009,0.999995,0,0.80889,0.93170,48.533,1.863,850.000,400.000,-1,400.000,-1,325.000,325.000,325.000,300.000,-1,-1,-1,-1,825.000,875.000,-1,-1,1,0,2,0,2,0,0,0,0,2,2,2,2,0,0,2,2
90,-5004.094,6469.303,252.330,169.999,-0.984803,-0.173671,-0.000932,0.173666,-0.984798,0.003703,-0.001561,0.003484,0.999993,0,0.81253,0.93449,48.752,1.869,800.000,400.000,-1,400.000,-1,325.000,325.000,325.000,300.000,-1,-1,-1,-1,850.000,875.000,-1,-1,1,0,2,0,2,0,0,0,0,2,2,2,2,0,0,2,2
91,-5052.578,6476.227,252.297,171.873,-0.989957,-0.141363,-0.001408,0.141356,-0.989950,0.004192,-0.001986,0.003951,0.999990,0,0.81626,0.93728,48.976,1.875,750.000,400.000,-1,400.000,-1,325.000,325.000,325.000,300.000,-1,-1,-1,-1,850.000,875.000,-1,-1,1,0,2,0,2,0,0,0,0,2,2,2,2,0,0,2,2
92,-5101.491,6481.581,252.268,173.753,-0.994061,-0.108809,-0.001895,0.108799,-0.994053,0.004640,-0.002389,0.004406,0.999987,0,0.82008,0.94005,49.205,1.880,700.000,400.000,-1,400.000,-1,325.000,325.000,325.000,300.000,-1,-1,-1,-1,850.000,875.000,-1,-1,1,0,2,0,2,0,0,0,0,2,2,2,2,0,0,2,2
93,-5147.220,6485.265,252.243,175.393,-0.996767,-0.080313,-0.002351,0.080300,-0.996758,0.005009,-0.002745,0.004804,0.999985,0,0.76463,0.82005,45.878,1.640,650.000,400.000,-1,400.000,-1,325.000,325.000,325.000,300.000,-1,-1,-1,-1,825.000,875.000,-1,-1,1,0,2,0,2,0,0,0,0,2,2,2,2,1,0,2,2
94,-5193.238,6487.843,252.214,176.793,-0.998431,-0.055934,-0.002796,0.055919,-0.998421,0.005325,-0.003089,0.005160,0.999982,0,0.76816,0.70005,46.090,1.400,625.000,400.000,-1,425.000,-1,325.000,325.000,325.000,300.000,-1,-1,-1,-1,800.000,900.000,-1,-1,1,0,2,0,2,0,0,0,0,2,2,2,2,1,0,2,2
95,-5239.492,6489.496,252.170,177.954,-0.999357,-0.035708,-0.003193,0.035690,-0.999348,0.005545,-0.003389,0.005428,0.999980,0,0.77139,0.58005,46.283,1.160,575.000,425.000,-1,425.000,-1,325.000,325.000,325.000,300.000,-1,-1,-1,-1,775.000,925.000,925.000,-1,1,0,2,0,2,0,0,0,0,2,2,2,2,1,0,1,2
96,-5285.937,6490.409,251.640,178.874,-0.999796,-0.019656,-0.004552,0.019630,-0.999792,0.005618,-0.004662,0.005527,0.999974,0,0.77424,0.46005,46.455,0.920,550.000,425.000,-1,425.000,-1,325.000,325.000,325.000,300.000,-1,-1,-1,-1,750.000,925.000,750.000,-1,1,0,2,0,2,0,0,0,0,2,2,2,2,1,0,1,2
97,-5332.535,6490.772,251.011,179.554,-0.999951,-0.007787,-0.006085,0.007750,-0.999951,0.006227,-0.006134,0.006180,0.999962,0,0.77665,0.34005,46.599,0.680,500.000,400.000,-1,425.000,-1,325.000,325.000,325.000,300.000,-1,-1,-1,-1,750.000,925.000,675.000,-1,1,0,2,0,2,0,0,0,0,2,2,2,2,1,0,1,2
98,-5379.246,6490.653,250.422,180.146,-0.999969,0.002544,-0.007482,-0.002595,-0.999973,0.006940,-0.007465,0.006959,0.999948,0,0.77852,0.29597,46.711,0.592,475.000,400.000,-1,425.000,-1,325.000,325.000,325.000,300.000,-1,-1,-1,-1,725.000,925.000,625.000,-1,1,0,2,0,2,0,0,0,0,2,2,2,2,1,0,1,2
99,-5426.042,6490.042,249.883,180.749,-0.999877,0.013065,-0.008727,-0.013134,-0.999883,0.007822,-0.008624,0.007936,0.999931,0,0.78000,0.30145,46.800,0.603,450.000,400.000,-1,425.000,-1,325.000,325.000,325.000,300.000,-1,-1,-1,-1,725.000,925.000,600.000,-1,1,0,2,0,2,0,0,0,0,2,2,2,2,1,0,1,2
100,-5472.903,6488.927,249.404,181.363,-0.999669,0.023784,-0.009794,-0.023871,-0.999675,0.008915,-0.009579,0.009146,0.999912,0,0.78123,0.30714,46.874,0.614,400.000,400.000,-1,425.000,-1,325.000,325.000,325.000,300.000,-1,-1,-1,-1,700.000,950.000,550.000,-1,1,0,2,0,2,0,0,0,0,2,2,2,2,1,0,1,2
101,-5519.804,6487.298,248.995,181.989,-0.999341,0.034706,-0.010660,-0.034815,-0.999341,0.010264,-0.010296,0.010629,0.999891,0,0.78217,0.31305,46.930,0.626,375.000,400.000,-1,425.000,-1,325.000,325.000,325.000,300.000,-1,-1,-1,-1,700.000,950.000,525.000,-1,1,0,2,0,2,0,0,0,0,2,2,2,2,1,0,1,2
102,-5566.722,6485.145,248.668,182.627,-0.998885,0.045837,-0.011302,-0.045971,-0.998872,0.011916,-0.010743,0.012422,0.999865,0,0.78279,0.31919,46.968,0.638,350.000,425.000,-1,425.000,-1,325.000,325.000,325.000,300.000,-1,-1,-1,-1,700.000,950.000,500.000,-1,1,0,2,0,2,0,0,1,0,2,2,2,2,1,0,1,2
103,-5613.631,6482.457,248.431,183.278,-0.998295,0.057183,-0.011702,-0.057344,-0.998257,0.013917,-0.010885,0.014565,0.999835,0,0.78309,0.32557,46.985,0.651,325.000,425.000,-1,425.000,-1,350.000,325.000,300.000,300.000,-1,-1,-1,-1,675.000,975.000,475.000,-1,1,1,2,0,2,0,0,1,0,2,2,2,2,1,0,1,2
104,-5665.309,6479.124,248.193,183.690,-0.997856,0.064342,-0.012006,-0.064533,-0.997784,0.016188,-0.010938,0.016928,0.999797,0,0.86309,0.20557,51.785,0.411,300.000,425.000,-1,425.000,-1,350.000,350.000,300.000,300.000,-1,-1,-1,-1,675.000,975.000,500.000,-1,1,1,2,0,2,0,0,1,0,2,2,2,2,1,1,1,2
105,-5718.389,6475.542,247.959,183.861,-0.997657,0.067319,-0.012207,-0.067539,-0.997544,0.018556,-0.010927,0.019337,0.999753,0,0.88669,0.08557,53.201,0.171,300.000,425.000,-1,450.000,-1,350.000,350.000,275.000,300.000,-1,-1,-1,-1,675.000,975.000,500.000,-1,1,1,2,0,2,0,0,1,0,2,2,2,2,1,1,1,2
106,-5771.323,6472.033,247.706,183.792,-0.997735,0.066117,-0.012368,-0.066365,-0.997578,0.020828,-0.010961,0.021601,0.999707,0,0.88416,-0.03443,53.050,-0.069,275.000,425.000,-1,450.000,-1,350.000,350.000,250.000,300.000,-1,-1,-1,-1,700.000,950.000,550.000,-1,1,1,2,0,2,0,0,1,0,2,2,2,2,1,1,1,2
107,-5824.040,6468.824,247.391,183.483,-0.998074,0.060736,-0.012599,-0.061012,-0.997876,0.022824,-0.011186,0.023549,0.999660,0,0.88024,-0.15443,52.814,-0.309,275.000,450.000,-1,450.000,-1,375.000,375.000,250.000,300.000,-1,-1,-1,-1,700.000,950.000,600.000,-1,1,1,2,0,2,0,0,1,0,2,2,2,2,1,1,1,2
108,-5876.458,6466.137,246.960,182.934,-0.998605,0.051172,-0.013042,-0.051478,-0.998378,0.024331,-0.011776,0.024968,0.999619,0,0.87479,-0.27443,52.487,-0.549,300.000,450.000,-1,450.000,-1,375.000,375.000,225.000,300.000,-1,-1,-1,-1,725.000,925.000,675.000,-1,1,1,2,0,2,0,0,1,0,2,2,2,2,1,1,1,2
109,-5933.694,6463.709,245.599,182.428,-0.999002,0.042354,-0.014214,-0.042728,-0.998719,0.027105,-0.013048,0.027685,0.999532,0,0.95479,-0.25289,57.287,-0.506,325.000,450.000,-1,450.000,-1,375.000,375.000,225.000,300.000,-1,-1,-1,-1,725.000,925.000,725.000,-1,1,1,2,0,2,0,0,1,0,2,2,2,2,1,1,1,2
110,-5989.856,6461.751,243.461,181.997,-0.999238,0.034828,-0.017601,-0.035311,-0.998986,0.027919,-0.016611,0.028519,0.999455,0,0.93660,-0.21582,56.196,-0.432,325.000,450.000,-1,450.000,-1,375.000,375.000,200.000,300.000,-1,-1,-1,-1,675.000,875.000,700.000,-1,1,1,2,0,2,0,0,1,0,2,2,2,2,1,1,1,2
111,-6044.722,6460.223,241.407,181.595,-0.999388,0.027825,-0.021182,-0.028432,-0.999178,0.028910,-0.020360,0.029494,0.999358,0,0.91478,-0.20080,54.887,-0.402,325.000,450.000,-1,450.000,-1,375.000,375.000,175.000,300.000,-1,-1,-1,-1,650.000,850.000,650.000,-1,1,1,2,0,2,0,0,1,0,2,2,2,2,1,1,1,2
112,-6098.196,6459.097,239.421,181.206,-0.999468,0.021033,-0.024918,-0.021777,-0.999313,0.029992,-0.024270,0.030519,0.999239,0,0.89142,-0.19470,53.485,-0.389,325.000,450.000,1000.000,450.000,-1,375.000,350.000,175.000,275.000,-1,-1,-1,-1,600.000,800.000,600.000,-1,1,1,1,0,2,0,0,1,0,2,2,2,2,1,1,1,2
113,-6150.206,6458.348,237.495,180.825,-0.999483,0.014397,-0.028761,-0.015292,-0.999399,0.031123,-0.028295,0.031546,0.999102,0,0.86692,-0.19020,52.015,-0.380,325.000,450.000,950.000,450.000,-1,375.000,350.000,175.000,275.000,-1,-1,-1,-1,575.000,750.000,550.000,-1,1,1,1,0,2,0,0,1,0,2,2,2,2,1,1,1,2
114,-6200.715,6457.950,235.621,180.451,-0.999435,0.007865,-0.032673,-0.008920,-0.999440,0.032264,-0.032401,0.032537,0.998945,0,0.84184,-0.18723,50.511,-0.374,325.000,425.000,875.000,425.000,-1,350.000,350.000,150.000,275.000,-1,-1,-1,-1,525.000,725.000,500.000,-1,1,1,1,1,2,0,0,1,0,2,2,2,2,1,1,1,2
115,-6249.718,6457.883,233.792,180.079,-0.999328,0.001386,-0.036626,-0.002610,-0.999439,0.033384,-0.036559,0.033457,0.998771,0,0.81670,-0.18570,49.002,-0.371,325.000,400.000,825.000,400.000,-1,350.000,350.000,150.000,275.000,-1,-1,-1,-1,500.000,675.000,450.000,-1,1,1,1,1,2,1,1,1,0,2,2,2,2,1,1,1,2
116,-6297.235,6458.124,232.000,179.708,-0.999163,-0.005086,-0.040597,0.003687,-0.999399,0.034458,-0.040748,0.034280,0.998581,0,0.79196,-0.18553,47.518,-0.371,325.000,375.000,775.000,400.000,-1,325.000,325.000,150.000,275.000,-1,-1,-1,-1,450.000,650.000,425.000,-1,1,1,1,1,2,1,1,1,0,2,2,2,2,1,1,1,2
117,-6343.315,6458.659,230.237,179.335,-0.998939,-0.011595,-0.044571,0.010017,-0.999321,0.035467,-0.044952,0.034983,0.998376,0,0.76804,-0.18659,46.082,-0.373,325.000,350.000,725.000,375.000,-1,300.000,300.000,150.000,275.000,-1,-1,-1,-1,425.000,625.000,375.000,-1,1,1,1,1,2,1,1,1,0,2,2,2,2,1,1,1,2
118,-6388.023,6459.473,228.497,178.958,-0.998656,-0.018180,-0.048537,0.016421,-0.999203,0.036394,-0.049160,0.035548,0.998158,0,0.74524,-0.18878,44.715,-0.378,300.000,300.000,675.000,350.000,-1,275.000,300.000,175.000,275.000,-1,-1,-1,-1,375.000,575.000,325.000,-1,1,1,1,1,2,1,1,1,0,2,2,2,2,1,1,1,2
119,-6431.438,6460.554,226.772,178.574,-0.998312,-0.024874,-0.052490,0.022935,-0.999044,0.037225,-0.053366,0.035958,0.997927,0,0.72380,-0.19197,43.428,-0.384,275.000,275.000,625.000,325.000,-1,250.000,275.000,175.000,275.000,-1,-1,-1,-1,350.000,550.000,300.000,-1,1,1,1,1,2,1,1,1,0,2,2,2,2,1,1,1,2
120,-6473.650,6461.895,225.056,178.182,-0.997903,-0.031711,-0.056426,0.029595,-0.998841,0.037950,-0.057564,0.036201,0.997685,0,0.70387,-0.19606,42.232,-0.392,225.000,250.000,575.000,325.000,-1,250.000,250.000,175.000,300.000,-1,-1,-1,-1,325.000,525.000,250.000,-1,1,1,1,1,2,1,1,1,0,2,2,2,2,1,1,1,2
121,-6514.752,6463.489,223.341,177.780,-0.997426,-0.038716,-0.060345,0.036428,-0.998592,0.038560,-0.061753,0.036263,0.997433,0,0.68554,-0.20095,41.132,-0.402,200.000,225.000,525.000,300.000,-1,225.000,250.000,175.000,300.000,-1,-1,-1,-1,300.000,500.000,225.000,-1,1,1,1,1,2,1,1,1,0,2,2,2,2,1,1,1,2
122,-6554.839,6465.332,221.885,177.367,-0.997029,-0.045913,-0.061854,0.043485,-0.998251,0.040038,-0.063584,0.037229,0.997282,0,0.66883,-0.20655,40.130,-0.413,175.000,225.000,500.000,275.000,-1,200.000,225.000,175.000,300.000,-1,-1,-1,-1,275.000,475.000,175.000,-1,1,1,1,1,2,1,1,1,0,2,2,2,2,1,1,1,2
123,-6594.006,6467.418,224.267,176.941,-0.997504,-0.053292,-0.046317,0.050766,-0.997244,0.054098,-0.049073,0.051612,0.997461,0,0.65373,-0.21278,39.224,-0.426,175.000,225.000,550.000,300.000,-1,200.000,225.000,200.000,275.000,-1,-1,-1,-1,275.000,575.000,175.000,-1,1,1,1,1,2,1,1,1,0,2,2,2,2,1,1,1,2
124,-6637.946,6470.086,227.428,176.510,-0.997798,-0.060748,-0.026613,0.058836,-0.995979,0.067563,-0.030611,0.065848,0.997360,0,0.73373,-0.21571,44.024,-0.431,175.000,225.000,-1,325.000,-1,200.000,250.000,225.000,275.000,-1,-1,-1,-1,275.000,925.000,175.000,-1,1,1,2,1,2,1,1,1,0,2,2,2,2,1,0,1,2
125,-6682.048,6473.099,230.525,176.071,-0.997643,-0.068296,-0.006618,0.067536,-0.994409,0.081177,-0.012125,0.080538,0.996678,0,0.73675,-0.21927,44.205,-0.439,175.000,225.000,-1,350.000,-1,200.000,250.000,250.000,275.000,-1,-1,700.000,-1,275.000,-1,175.000,-1,1,1,2,1,2,1,1,1,0,2,2,0,2,1,2,1,2
126,-6730.897,6477.011,233.948,175.393,-0.996671,-0.079942,0.015988,0.081121,-0.991975,0.096977,0.008107,0.097951,0.995158,0,0.81675,-0.33927,49.005,-0.679,175.000,225.000,-1,400.000,-1,225.000,275.000,275.000,275.000,450.000,550.000,225.000,700.000,300.000,-1,175.000,-1,1,1,2,1,2,1,1,1,0,1,0,0,0,1,2,1,2
127,-6781.906,6481.755,237.328,174.652,-0.994910,-0.092573,0.039810,0.096549,-0.988839,0.113472,0.028861,0.116738,0.992743,0,0.85379,-0.37046,51.228,-0.741,175.000,225.000,-1,475.000,-1,225.000,300.000,300.000,275.000,450.000,350.000,150.000,450.000,300.000,-1,175.000,-1,1,1,2,1,2,1,1,1,0,1,0,0,0,1,2,1,2
128,2951.698,983.916,262.663,-8.328,0.989322,0.144646,0.017873,-0.145359,0.988176,0.048770,-0.010608,-0.050847,0.998650,1,0.00000,0.00000,51.080,-0.738,-1,400.000,-1,400.000,-1,325.000,325.000,300.000,300.000,-1,-1,-1,-1,775.000,800.000,-1,-1,2,0,2,0,2,0,0,0,0,2,2,2,2,0,0,2,2
129,2956.450,983.240,262.604,-8.088,0.989916,0.140506,0.018002,-0.141230,0.988777,0.048722,-0.010954,-0.050773,0.998650,0,0.08000,0.12000,4.800,0.240,-1,400.000,-1,400.000,-1,325.000,325.000,300.000,300.000,-1,-1,-1,-1,775.000,800.000,-1,-1,2,0,2,0,2,0,0,0,0,2,2,2,2,0,0,2,2
130,2965.965,981.969,262.482,-7.608,0.991052,0.132219,0.018263,-0.132965,0.989927,0.048633,-0.011649,-0.050626,0.998650,0,0.16000,0.24000,9.600,0.480,-1,400.000,-1,400.000,-1,325.000,325.000,300.000,300.000,-1,-1,-1,-1,775.000,800.000,-1,-1,2,0,2,0,2,0,0,0,0,2,2,2,2,0,0,2,2
131,2980.261,980.243,262.294,-6.888,0.992626,0.119770,0.018665,-0.120549,0.991521,0.048514,-0.012696,-0.050407,0.998648,0,0.24000,0.36000,14.400,0.720,-1,400.000,-1,400.000,-1,325.000,325.000,300.000,300.000,-1,-1,-1,-1,775.000,800.000,-1,-1,2,0,2,0,2,0,0,0,0,2,2,2,2,0,0,2,2
132,2999.358,978.260,262.031,-5.928,0.994481,0.103142,0.019218,-0.103966,0.993403,0.048385,-0.014101,-0.050116,0.998644,0,0.32000,0.48000,19.200,0.960,-1,400.000,-1,400.000,-1,325.000,325.000,300.000,300.000,-1,-1,-1,-1,775.000,800.000,-1,-1,2,0,2,0,2,0,0,0,0,2,2,2,2,0,0,2,2
133,3023.276,976.282,261.685,-4.728,0.996407,0.082317,0.019936,-0.083196,0.995364,0.048267,-0.015870,-0.049752,0.998636,0,0.40000,0.60000,24.000,1.200,-1,400.000,-1,400.000,-1,325.000,325.000,300.000,300.000,-1,-1,-1,-1,775.000,800.000,-1,-1,2,0,2,0,2,0,0,0,0,2,2,2,2,0,0,2,2
134,3052.028,974.630,261.243,-3.288,0.998141,0.057279,0.020829,-0.058227,0.997140,0.048186,-0.018009,-0.049310,0.998621,0,0.48000,0.72000,28.800,1.440,-1,400.000,-1,400.000,-1,325.000,325.000,300.000,300.000,-1,-1,-1,-1,750.000,800.000,-1,-1,2,0,2,0,2,0,0,0,0,2,2,2,2,0,0,2,2
135,3085.614,973.660,260.694,-1.655,0.999344,0.028842,0.021906,-0.029871,0.998392,0.048177,-0.020481,-0.048800,0.998599,0,0.56000,0.81644,33.600,1.633,-1,400.000,-1,400.000,-1,325.000,325.000,300.000,300.000,-1,-1,-1,-1,750.000,775.000,-1,-1,2,0,2,0,2,0,0,0,0,2,2,2,2,0,0,2,2
136,3124.014,973.642,260.026,-0.026,0.999732,0.000455,0.023162,-0.001573,0.998833,0.048275,-0.023113,-0.048299,0.998565,0,0.64000,0.81432,38.400,1.629,-1,400.000,-1,400.000,-1,325.000,325.000,300.000,300.000,-1,-1,-1,-1,750.000,775.000,-1,-1,2,0,2,0,2,0,0,0,0,2,2,2,2,0,0,2,2
137,3167.197,974.847,259.225,1.598,0.999310,-0.027852,0.024590,0.026636,0.998469,0.048486,-0.025903,-0.047797,0.998521,0,0.72000,0.81197,43.200,1.624,-1,400.000,-1,400.000,-1,325.000,325.000,300.000,300.000,-1,-1,-1,-1,725.000,775.000,-1,-1,2,0,2,0,2,0,0,0,0,2,2,2,2,0,0,2,2
138,3215.121,977.540,258.280,3.217,0.998085,-0.056049,0.026176,0.054725,0.997308,0.048807,-0.028841,-0.047281,0.998465,0,0.80000,0.80939,48.000,1.619,-1,375.000,-1,400.000,-1,325.000,325.000,300.000,300.000,-1,-1,-1,-1,725.000,775.000,-1,-1,2,0,2,0,2,0,0,0,0,2,2,2,2,0,0,2,2
