timestep,x_cm,y_cm,z_cm,yaw_deg,basis_xx,basis_xy,basis_xz,basis_yx,basis_yy,basis_yz,basis_zx,basis_zy,basis_zz,teleport_flag,throttle_cmd,steering_cmd,cmd_move_cm,cmd_turn_deg,lidar_cm_0,lidar_cm_1,lidar_cm_2,lidar_cm_3,lidar_cm_4,lidar_cm_5,lidar_cm_6,lidar_cm_7,lidar_cm_8,lidar_cm_9,lidar_cm_10,lidar_cm_11,lidar_cm_12,lidar_cm_13,lidar_cm_14,lidar_cm_15,lidar_cm_16,lidar_class_0,lidar_class_1,lidar_class_2,lidar_class_3,lidar_class_4,lidar_class_5,lidar_class_6,lidar_class_7,lidar_class_8,lidar_class_9,lidar_class_10,lidar_class_11,lidar_class_12,lidar_class_13,lidar_class_14,lidar_class_15,lidar_class_16
0,979.497,-326.046,-398.974,156.315,-0.915826,-0.401230,-0.016678,0.399623,-0.914677,0.060562,-0.039554,0.048799,0.998025,1,0.08000,0.02193,4.800,0.044,-1,400.000,-1,375.000,-1,325.000,325.000,300.000,275.000,-1,-1,-1,-1,750.000,700.000,-1,-1,2,0,2,0,2,0,0,0,0,2,2,2,2,0,0,2,2
1,970.702,-322.197,-399.346,156.363,-0.916153,-0.400476,-0.016799,0.398878,-0.915024,0.060236,-0.039495,0.048484,0.998043,0,0.16000,0.02380,9.600,0.048,-1,400.000,-1,375.000,-1,325.000,325.000,300.000,275.000,-1,-1,-1,-1,750.000,700.000,-1,-1,2,0,2,0,2,0,0,0,0,2,2,2,2,0,0,2,2
2,957.505,-316.436,-399.906,156.418,-0.916530,-0.399606,-0.016978,0.398019,-0.915429,0.059749,-0.039418,0.048004,0.998069,0,0.24000,0.02753,14.400,0.055,-1,400.000,-1,375.000,-1,325.000,325.000,300.000,275.000,-1,-1,-1,-1,750.000,700.000,-1,-1,2,0,2,0,2,0,0,0,0,2,2,2,2,0,0,2,2
3,939.900,-308.775,-400.653,156.484,-0.916981,-0.398559,-0.017212,0.396987,-0.915919,0.059103,-0.039321,0.047363,0.998103,0,0.32000,0.03314,19.200,0.066,-1,400.000,-1,375.000,-1,325.000,325.000,275.000,275.000,-1,-1,-1,-1,725.000,700.000,-1,-1,2,0,2,0,2,0,0,0,0,2,2,2,2,0,0,2,2
4,917.880,-299.229,-401.587,156.565,-0.917533,-0.397274,-0.017497,0.395722,-0.916518,0.058302,-0.039199,0.046570,0.998146,0,0.40000,0.04064,24.000,0.081,-1,400.000,-1,375.000,-1,325.000,325.000,275.000,275.000,-1,-1,-1,-1,725.000,700.000,-1,-1,2,0,2,0,2,0,0,0,0,2,2,2,2,0,0,2,2
5,891.435,-287.821,-402.709,156.665,-0.918211,-0.395690,-0.017829,0.394162,-0.917250,0.057350,-0.039047,0.045631,0.998195,0,0.48000,0.05002,28.800,0.100,-1,400.000,-1,375.000,-1,325.000,325.000,275.000,300.000,-1,-1,-1,-1,725.000,675.000,-1,-1,2,0,2,0,2,0,0,0,0,2,2,2,2,0,0,2,2
6,860.556,-274.578,-404.019,156.788,-0.919040,-0.393745,-0.018202,0.392245,-0.918139,0.056250,-0.038860,0.044557,0.998251,0,0.56000,0.06132,33.600,0.123,-1,400.000,-1,375.000,-1,325.000,325.000,275.000,300.000,-1,-1,-1,-1,725.000,675.000,-1,-1,2,0,2,0,2,0,0,0,0,2,2,2,2,0,0,2,2
7,825.225,-259.535,-405.517,156.937,-0.920043,-0.391375,-0.018608,0.389908,-0.919209,0.055011,-0.038634,0.043357,0.998312,0,0.64000,0.07455,38.400,0.149,-1,400.000,-1,375.000,-1,325.000,325.000,275.000,300.000,-1,-1,-1,-1,725.000,675.000,-1,-1,2,0,2,0,2,0,0,0,0,2,2,2,2,0,0,2,2
8,785.425,-242.735,-407.195,157.116,-0.921245,-0.388516,-0.019049,0.387083,-0.920481,0.053676,-0.038388,0.042076,0.998377,0,0.72000,0.08971,43.200,0.179,-1,375.000,-1,375.000,-1,325.000,300.000,275.000,300.000,-1,-1,-1,-1,700.000,675.000,-1,-1,2,0,2,0,2,0,0,0,0,2,2,2,2,0,0,2,2
9,741.134,-224.235,-409.028,157.330,-0.922668,-0.385100,-0.019549,0.383700,-0.921971,0.052376,-0.038194,0.040824,0.998436,0,0.80000,0.10684,48.000,0.214,-1,375.000,-1,375.000,-1,300.000,300.000,275.000,300.000,-1,-1,-1,-1,700.000,675.000,-1,-1,2,0,2,0,2,0,0,0,0,2,2,2,2,0,0,2,2
10,694.072,-204.551,-410.880,157.304,-0.922485,-0.385539,-0.019551,0.384178,-0.921831,0.051328,-0.037812,0.039838,0.998490,0,0.85021,-0.01316,51.013,-0.026,-1,375.000,-1,375.000,-1,300.000,300.000,275.000,300.000,-1,-1,-1,-1,700.000,650.000,-1,-1,2,0,2,0,2,0,0,0,0,2,2,2,2,0,0,2,2
11,647.101,-184.650,-412.491,157.037,-0.920709,-0.389820,-0.018342,0.388517,-0.920030,0.050976,-0.036747,0.039808,0.998531,0,0.85021,-0.13316,51.013,-0.266,-1,375.000,-1,375.000,-1,300.000,300.000,275.000,300.000,-1,-1,-1,-1,700.000,650.000,-1,-1,2,0,2,0,2,0,0,0,0,2,2,2,2,0,0,2,2
12,600.309,-164.334,-414.116,156.531,-0.917255,-0.397936,-0.017055,0.396690,-0.916553,0.050672,-0.035796,0.039713,0.998570,0,0.85021,-0.25316,51.013,-0.506,-1,375.000,-1,375.000,-1,300.000,300.000,275.000,300.000,-1,-1,-1,-1,700.000,650.000,-1,-1,2,0,2,0,2,0,0,0,0,2,2,2,2,0,0,2,2
13,553.734,-143.525,-415.714,155.925,-0.913017,-0.407610,-0.015960,0.406415,-0.912306,0.050242,-0.035039,0.039385,0.998610,0,0.85021,-0.30291,51.013,-0.606,-1,375.000,-1,375.000,-1,300.000,300.000,300.000,300.000,-1,1000.000,-1,-1,700.000,650.000,-1,-1,2,0,2,0,2,0,0,0,0,2,0,2,2,0,0,2,2
14,507.381,-122.224,-417.270,155.320,-0.908674,-0.417244,-0.014837,0.416111,-0.907967,0.049471,-0.034113,0.038779,0.998665,0,0.85021,-0.30291,51.013,-0.606,-1,375.000,-1,375.000,-1,300.000,300.000,300.000,300.000,-1,925.000,-1,-1,700.000,650.000,-1,-1,2,0,2,0,2,0,0,0,0,2,0,2,2,0,0,2,2
15,461.214,-100.414,-418.725,154.714,-0.904228,-0.426833,-0.013575,0.425790,-0.903546,0.048050,-0.032775,0.037668,0.998753,0,0.85099,-0.30273,51.059,-0.605,-1,375.000,-1,375.000,-1,300.000,300.000,300.000,300.000,-1,850.000,-1,-1,700.000,650.000,-1,-1,2,0,2,0,2,0,0,0,0,2,0,2,2,0,0,2,2
16,414.937,-77.955,-420.217,154.112,-0.899704,-0.436326,-0.012322,0.435369,-0.899047,0.046564,-0.031395,0.036530,0.998839,0,0.85732,-0.30114,51.439,-0.602,-1,375.000,-1,375.000,-1,300.000,300.000,300.000,300.000,-1,800.000,975.000,-1,700.000,650.000,-1,-1,2,0,2,0,2,0,0,0,0,2,0,0,2,0,0,2,2
17,368.560,-54.845,-421.748,153.513,-0.895107,-0.445714,-0.011079,0.444843,-0.894476,0.045016,-0.029974,0.035365,0.998925,0,0.86361,-0.29933,51.817,-0.599,-1,375.000,-1,375.000,-1,325.000,325.000,300.000,300.000,-1,750.000,925.000,-1,700.000,650.000,-1,-1,2,0,2,0,2,0,0,0,0,2,0,0,2,0,0,2,2
18,322.091,-31.084,-423.232,152.919,-0.890440,-0.454996,-0.009767,0.454223,-0.889849,0.043009,-0.028260,0.033861,0.999027,0,0.86986,-0.29728,52.192,-0.595,-1,375.000,-1,375.000,-1,325.000,325.000,300.000,300.000,-1,700.000,875.000,-1,700.000,650.000,-1,-1,2,0,2,0,2,0,0,0,0,2,0,0,2,0,0,2,2
19,275.540,-6.673,-424.527,152.329,-0.885707,-0.464171,-0.008269,0.463525,-0.885186,0.039874,-0.025828,0.031484,0.999170,0,0.87605,-0.29499,52.563,-0.590,-1,375.000,-1,375.000,-1,325.000,325.000,300.000,300.000,-1,650.000,800.000,-1,700.000,650.000,-1,-1,2,0,2,0,2,0,0,0,0,2,0,0,2,0,0,2,2
20,228.917,18.386,-425.858,151.744,-0.880920,-0.473217,-0.006809,0.472690,-0.880466,0.036655,-0.023341,0.029072,0.999305,0,0.88217,-0.29243,52.930,-0.585,-1,375.000,-1,375.000,-1,325.000,325.000,300.000,300.000,-1,600.000,750.000,-1,700.000,650.000,1000.000,-1,2,0,2,0,2,0,0,0,0,2,0,0,2,0,0,1,2
21,182.232,44.089,-427.224,151.164,-0.876085,-0.482126,-0.005389,0.481707,-0.875697,0.033355,-0.020801,0.026626,0.999429,0,0.88821,-0.28961,53.293,-0.579,-1,375.000,-1,375.000,-1,325.000,325.000,300.000,300.000,-1,550.000,700.000,-1,700.000,650.000,950.000,-1,2,0,2,0,2,0,0,0,0,2,0,0,2,0,0,1,2
22,135.498,70.432,-428.409,150.591,-0.871217,-0.490880,-0.004188,0.490533,-0.870868,0.031078,-0.018903,0.025021,0.999508,0,0.89414,-0.28649,53.648,-0.573,950.000,375.000,-1,375.000,-1,325.000,325.000,300.000,300.000,-1,525.000,675.000,-1,725.000,675.000,900.000,-1,1,0,2,0,2,0,0,0,0,2,0,0,2,0,0,1,2
23,88.723,97.410,-429.395,150.025,-0.866326,-0.499469,-0.003188,0.499165,-0.865990,0.029934,-0.017712,0.024341,0.999547,0,0.89994,-0.28308,53.996,-0.566,875.000,375.000,-1,375.000,-1,325.000,325.000,300.000,300.000,-1,550.000,700.000,-1,725.000,650.000,850.000,-1,1,0,2,0,2,0,0,0,0,2,0,0,2,0,0,1,2
24,41.922,125.014,-430.229,149.467,-0.861422,-0.507889,-0.001308,0.507642,-0.861077,0.029100,-0.015906,0.024404,0.999576,0,0.90560,-0.27935,54.336,-0.559,825.000,400.000,-1,375.000,-1,325.000,325.000,300.000,300.000,-1,550.000,675.000,-1,725.000,650.000,800.000,-1,1,0,2,0,2,0,0,0,0,2,0,0,2,0,0,1,2
25,-4.893,153.237,-431.084,148.916,-0.856505,-0.516138,0.000607,0.515947,-0.856155,0.028238,-0.014055,0.024500,0.999601,0,0.91108,-0.27528,54.665,-0.551,775.000,400.000,-1,375.000,-1,325.000,325.000,300.000,300.000,-1,550.000,625.000,-1,700.000,650.000,775.000,-1,1,0,2,0,2,0,0,0,0,2,0,0,2,1,0,1,2
26,-51.710,182.068,-431.961,148.374,-0.851586,-0.524208,0.002555,0.524073,-0.851234,0.027347,-0.012161,0.024627,0.999623,0,0.91636,-0.27086,54.981,-0.542,725.000,400.000,-1,375.000,-1,325.000,300.000,300.000,275.000,-1,550.000,575.000,-1,675.000,650.000,725.000,-1,1,0,2,0,2,0,0,0,0,2,0,0,2,1,0,1,2
27,-98.512,211.493,-432.744,147.842,-0.846675,-0.532095,0.004019,0.532005,-0.846334,0.026248,-0.010565,0.024361,0.999647,0,0.92141,-0.26606,55.284,-0.532,675.000,400.000,975.000,375.000,-1,325.000,300.000,300.000,275.000,-1,550.000,550.000,-1,625.000,650.000,675.000,-1,1,0,1,0,2,0,0,0,0,2,0,0,2,1,0,1,2
28,-145.287,241.498,-433.446,147.320,-0.841786,-0.539787,0.005059,0.539732,-0.841466,0.024977,-0.009225,0.023756,0.999675,0,0.92618,-0.26086,55.571,-0.522,625.000,375.000,925.000,375.000,-1,325.000,300.000,300.000,275.000,-1,550.000,525.000,-1,600.000,650.000,625.000,-1,1,0,1,0,2,0,0,0,0,2,0,0,2,1,0,1,2
29,-192.016,272.065,-434.155,146.810,-0.836933,-0.547271,0.006112,0.547249,-0.836636,0.023645,-0.007827,0.023134,0.999702,0,0.93065,-0.25525,55.839,-0.511,575.000,375.000,875.000,375.000,-1,300.000,300.000,300.000,275.000,-1,525.000,525.000,-1,575.000,650.000,575.000,-1,1,0,1,0,2,0,0,0,0,2,0,0,2,1,0,1,2
30,-238.684,303.175,-434.638,146.312,-0.832122,-0.554546,0.007177,0.554562,-0.831872,0.021212,-0.005793,0.021631,0.999749,0,0.93477,-0.24919,56.086,-0.498,525.000,375.000,825.000,375.000,-1,300.000,300.000,300.000,275.000,-1,500.000,525.000,-1,525.000,650.000,525.000,-1,1,0,1,0,2,0,0,0,0,2,0,0,2,1,0,1,2
31,-285.270,334.805,-434.808,145.826,-0.827379,-0.561603,0.006783,0.561625,-0.827190,0.018294,-0.004664,0.018946,0.999810,0,0.93848,-0.24267,56.309,-0.485,450.000,375.000,775.000,375.000,-1,300.000,300.000,300.000,275.000,-1,525.000,550.000,-1,500.000,650.000,475.000,-1,1,0,1,0,2,0,0,0,0,2,0,0,2,1,0,1,2
32,-331.755,366.927,-434.971,145.355,-0.822717,-0.568415,0.006439,0.568441,-0.822580,0.015386,-0.003449,0.016318,0.999861,0,0.94174,-0.23565,56.504,-0.471,400.000,375.000,750.000,375.000,-1,300.000,300.000,300.000,300.000,-1,525.000,575.000,-1,475.000,675.000,425.000,-1,1,0,1,0,2,0,0,0,0,2,0,0,2,1,0,1,2
33,-378.118,399.513,-434.818,144.899,-0.818147,-0.574958,0.007700,0.575008,-0.818045,0.012941,-0.001141,0.015015,0.999887,0,0.94448,-0.22811,56.669,-0.456,350.000,350.000,700.000,375.000,-1,300.000,300.000,300.000,300.000,-1,500.000,575.000,-1,425.000,675.000,375.000,-1,1,1,1,0,2,0,0,0,0,2,0,0,2,1,0,1,2
34,-424.334,432.529,-434.673,144.459,-0.813687,-0.581235,0.008939,0.581302,-0.813621,0.010458,0.001194,0.013705,0.999905,0,0.94663,-0.22002,56.798,-0.440,325.000,325.000,650.000,375.000,-1,300.000,300.000,300.000,300.000,-1,475.000,575.000,-1,400.000,650.000,325.000,-1,1,1,1,0,2,0,0,0,0,2,0,0,2,1,1,1,2
35,-466.539,462.903,-434.403,144.259,-0.811637,-0.584077,0.009976,0.584155,-0.811593,0.008884,0.002908,0.013038,0.999911,0,0.86663,-0.10002,51.998,-0.200,275.000,300.000,600.000,375.000,-1,300.000,300.000,300.000,300.000,-1,475.000,550.000,-1,375.000,625.000,275.000,-1,1,1,1,0,2,1,0,0,0,2,0,0,2,1,1,1,2
36,-504.866,490.445,-434.136,144.299,-0.812029,-0.583515,0.010875,0.583600,-0.812006,0.007560,0.004419,0.012485,0.999912,0,0.78663,0.01998,47.198,0.040,225.000,275.000,575.000,375.000,-1,275.000,300.000,300.000,300.000,-1,475.000,575.000,-1,325.000,575.000,250.000,-1,1,1,1,0,2,1,0,0,0,2,0,0,2,1,1,1,2
37,-543.267,517.757,-433.871,144.579,-0.814856,-0.579545,0.011752,0.579633,-0.814854,0.006231,0.005965,0.011889,0.999912,0,0.78537,0.13998,47.122,0.280,200.000,250.000,525.000,375.000,-1,250.000,300.000,300.000,300.000,-1,500.000,575.000,-1,300.000,550.000,200.000,-1,1,1,1,0,2,1,1,0,0,2,0,0,2,1,1,1,2
38,-581.952,544.743,-431.331,145.099,-0.819868,-0.572045,0.024106,0.572356,-0.819963,0.008312,0.015011,0.020612,0.999675,0,0.78613,0.25998,47.168,0.520,175.000,250.000,500.000,375.000,-1,250.000,300.000,325.000,300.000,-1,425.000,450.000,-1,300.000,525.000,175.000,-1,1,1,1,1,2,1,1,0,0,2,0,0,2,1,1,1,2
39,-621.035,571.234,-426.441,145.858,-0.826540,-0.560812,0.048177,0.561981,-0.827025,0.014394,0.031771,0.038972,0.998735,0,0.78689,0.37998,47.213,0.760,175.000,225.000,500.000,350.000,-1,225.000,275.000,350.000,275.000,-1,350.000,325.000,-1,275.000,525.000,175.000,-1,1,1,1,1,2,1,1,1,0,2,0,0,2,1,1,1,2
40,-660.619,597.061,-421.491,146.858,-0.834791,-0.545803,0.072272,0.548410,-0.835934,0.021483,0.048689,0.057569,0.997154,0,0.78772,0.49998,47.263,1.000,175.000,225.000,475.000,350.000,-1,225.000,250.000,375.000,275.000,-1,300.000,250.000,800.000,275.000,500.000,175.000,-1,1,1,1,1,2,1,1,1,0,2,0,0,0,1,1,1,2
41,-700.709,622.201,-416.403,147.883,-0.842431,-0.530094,0.096492,0.534756,-0.844497,0.029352,0.065928,0.076327,0.994901,0,0.78865,0.51244,47.319,1.025,175.000,225.000,500.000,325.000,-1,200.000,250.000,375.000,250.000,-1,275.000,150.000,600.000,275.000,500.000,175.000,-1,1,1,1,1,2,1,1,1,0,2,0,0,0,1,1,1,2
42,-741.284,646.625,-411.164,148.921,-0.849365,-0.513876,0.120458,0.521225,-0.852565,0.038168,0.083085,0.095204,0.991984,0,0.78926,0.51878,47.356,1.038,175.000,200.000,500.000,300.000,-1,200.000,225.000,400.000,250.000,-1,250.000,100.000,450.000,250.000,500.000,175.000,-1,1,1,1,1,2,1,1,1,0,2,0,0,0,1,1,1,2
43,-782.314,670.302,-405.700,149.972,-0.855670,-0.497169,0.143707,0.507804,-0.860142,0.047855,0.099816,0.113923,0.988463,0,0.78949,0.52544,47.369,1.051,150.000,200.000,525.000,300.000,-1,200.000,225.000,425.000,250.000,-1,225.000,75.000,375.000,250.000,525.000,150.000,-1,1,1,1,1,2,1,1,1,0,2,0,0,0,1,1,1,2
44,4919.419,-327.981,-254.547,107.086,-0.302137,-0.948397,-0.096207,0.950175,-0.291503,-0.110422,0.076679,-0.124776,0.989217,1,0.00000,0.00000,51.123,0.819,-1,500.000,-1,225.000,250.000,300.000,225.000,300.000,375.000,350.000,50.000,125.000,-1,-1,325.000,-1,225.000,2,1,2,1,1,1,1,0,1,0,0,0,2,2,1,2,1
45,-8203.936,8198.677,-242.296,-174.308,-0.992293,0.099175,0.074287,-0.099860,-0.994986,-0.005561,0.073363,-0.012937,0.997221,1,0.08000,-0.12000,4.800,-0.240,-1,400.000,-1,400.000,-1,325.000,325.000,300.000,300.000,-1,825.000,925.000,-1,825.000,800.000,-1,-1,2,0,2,0,2,0,0,0,0,2,0,0,2,0,0,2,2
46,-8213.496,8197.805,-241.583,-174.788,-0.993088,0.090837,0.074329,-0.091508,-0.995788,-0.005670,0.073501,-0.012433,0.997218,0,0.16000,-0.24000,9.600,-0.480,-1,400.000,-1,400.000,-1,325.000,325.000,300.000,300.000,-1,825.000,925.000,-1,850.000,800.000,-1,-1,2,0,2,0,2,0,0,0,0,2,0,0,2,0,0,2,2
47,-8227.852,8196.677,-240.513,-175.508,-0.994149,0.078317,0.074394,-0.078967,-0.996860,-0.005836,0.073703,-0.011676,0.997212,0,0.24000,-0.36000,14.400,-0.720,-1,400.000,-1,400.000,-1,325.000,325.000,300.000,300.000,-1,825.000,925.000,-1,850.000,800.000,-1,-1,2,0,2,0,2,0,0,0,0,2,0,0,2,0,0,2,2
48,-8247.015,8195.494,-239.083,-176.468,-0.995318,0.061605,0.074484,-0.062227,-0.998044,-0.006061,0.073965,-0.010668,0.997204,0,0.32000,-0.48000,19.200,-0.960,-1,400.000,-1,400.000,-1,325.000,325.000,300.000,300.000,-1,850.000,925.000,-1,850.000,800.000,-1,-1,2,0,2,0,2,0,0,0,0,2,0,0,2,0,0,2,2
49,-8270.996,8194.518,-237.291,-177.668,-0.996383,0.040691,0.074602,-0.041278,-0.999128,-0.006350,0.074279,-0.009406,0.997193,0,0.40000,-0.60000,24.000,-1.200,-1,400.000,-1,400.000,-1,325.000,325.000,300.000,300.000,-1,850.000,925.000,-1,850.000,800.000,-1,-1,2,0,2,0,2,0,0,0,0,2,0,0,2,0,0,2,2
50,-8299.791,8193.989,-235.137,-178.947,-0.997033,0.018382,0.074751,-0.018935,-0.999798,-0.006702,0.074613,-0.008098,0.997180,0,0.48000,-0.63943,28.800,-1.279,-1,400.000,-1,400.000,-1,325.000,325.000,300.000,300.000,-1,850.000,925.000,-1,850.000,825.000,-1,-1,2,0,2,0,2,0,0,0,0,2,0,0,2,0,0,2,2
51,-8333.390,8194.121,-232.621,-180.226,-0.997181,-0.003937,0.074932,0.003413,-0.999969,-0.007120,0.074957,-0.006844,0.997163,0,0.56000,-0.63943,33.600,-1.279,-1,400.000,-1,400.000,-1,325.000,325.000,300.000,300.000,-1,875.000,925.000,-1,850.000,825.000,-1,-1,2,0,2,0,2,0,0,0,0,2,0,0,2,0,0,2,2
52,-8371.777,8195.129,-229.741,-181.504,-0.996827,-0.026253,0.075147,0.025754,-0.999639,-0.007606,0.075320,-0.005646,0.997143,0,0.64000,-0.63943,38.400,-1.279,-1,400.000,-1,400.000,-1,325.000,325.000,300.000,300.000,-1,875.000,950.000,-1,875.000,825.000,-1,-1,2,0,2,0,2,0,0,0,0,2,0,0,2,0,0,2,2
53,-8414.926,8197.227,-226.496,-182.783,-0.995970,-0.048557,0.075399,0.048078,-0.998810,-0.008163,0.075706,-0.004505,0.997120,0,0.72000,-0.63943,43.200,-1.279,-1,425.000,-1,400.000,-1,325.000,325.000,300.000,300.000,-1,900.000,950.000,-1,900.000,825.000,-1,-1,2,0,2,0,2,0,0,0,0,2,0,0,2,0,0,2,2
54,-8462.806,8200.627,-222.885,-184.062,-0.994612,-0.070837,0.075690,0.070373,-0.997482,-0.008794,0.076122,-0.003420,0.997093,0,0.80000,-0.63943,48.000,-1.279,-1,425.000,-1,400.000,-1,325.000,325.000,300.000,300.000,-1,900.000,975.000,-1,975.000,850.000,-1,-1,2,0,2,0,2,0,0,0,0,2,0,0,2,0,0,2,2
55,-8511.758,8205.204,-219.196,-185.341,-0.992766,-0.093082,0.075844,0.092626,-0.995656,-0.009513,0.076400,-0.002419,0.997074,0,0.81943,-0.63943,49.166,-1.279,-1,425.000,-1,400.000,-1,350.000,325.000,300.000,300.000,-1,925.000,1000.000,-1,-1,900.000,-1,-1,2,0,2,0,2,0,0,0,0,2,0,0,2,2,0,2,2
56,-8565.390,8211.200,-215.436,-186.380,-0.990999,-0.111118,0.074657,0.110590,-0.993803,-0.011183,0.075437,-0.002826,0.997147,0,0.89943,-0.51943,53.966,-1.039,-1,425.000,-1,400.000,-1,350.000,325.000,300.000,300.000,-1,-1,-1,-1,-1,925.000,-1,-1,2,0,2,0,2,0,0,0,0,2,2,2,2,2,0,2,2
57,-8623.694,8218.544,-211.645,-187.179,-0.989516,-0.124963,0.072406,0.124446,-0.992158,-0.011631,0.073292,-0.002499,0.997307,0,0.97943,-0.39943,58.766,-0.799,-1,425.000,-1,400.000,-1,325.000,325.000,300.000,300.000,-1,-1,-1,-1,-1,950.000,-1,-1,2,0,2,0,2,0,0,0,0,2,2,2,2,2,0,2,2
58,-8682.196,8226.493,-207.833,-187.738,-0.988409,-0.134635,0.070154,0.134122,-0.990892,-0.011988,0.071129,-0.002440,0.997464,0,0.98399,-0.27943,59.039,-0.559,-1,425.000,-1,400.000,-1,325.000,325.000,300.000,300.000,-1,-1,-1,-1,-1,975.000,-1,-1,2,0,2,0,2,0,0,0,0,2,2,2,2,2,0,2,2
59,-8740.652,8234.767,-204.016,-188.056,-0.987800,-0.140147,0.067902,0.139633,-0.990127,-0.012279,0.068953,-0.002647,0.997616,0,0.98399,-0.15943,59.039,-0.319,-1,425.000,-1,400.000,-1,325.000,325.000,300.000,300.000,-1,-1,-1,-1,-1,1000.000,-1,-1,2,0,2,0,2,0,0,0,0,2,2,2,2,2,0,2,2
60,-8799.097,8243.121,-200.195,-188.135,-0.987758,-0.141509,0.065647,0.140987,-0.989932,-0.012532,0.066759,-0.003123,0.997764,0,0.98399,-0.03943,59.039,-0.079,-1,400.000,-1,400.000,-1,325.000,325.000,300.000,300.000,-1,-1,-1,-1,-1,-1,-1,-1,2,0,2,0,2,0,0,0,0,2,2,2,2,2,2,2,2
61,-8857.564,8251.323,-196.369,-187.985,-0.988274,-0.138914,0.063379,0.138379,-0.990297,-0.012777,0.064539,-0.003857,0.997908,0,0.98399,0.07507,59.039,0.150,-1,425.000,-1,400.000,-1,325.000,325.000,300.000,300.000,-1,-1,-1,-1,-1,-1,-1,-1,2,0,2,0,2,0,0,0,0,2,2,2,2,2,2,2,2
62,-8916.052,8259.371,-192.535,-187.835,-0.988779,-0.136318,0.061097,0.135771,-0.990654,-0.013034,0.062303,-0.004593,0.998047,0,0.98399,0.07507,59.039,0.150,-1,425.000,-1,400.000,-1,325.000,325.000,300.000,300.000,-1,-1,-1,-1,-1,-1,-1,-1,2,0,2,0,2,0,0,0,0,2,2,2,2,2,2,2,2
63,-8974.560,8267.266,-188.692,-187.685,-0.989273,-0.133722,0.058801,0.133165,-0.991005,-0.013304,0.060051,-0.005332,0.998181,0,0.98399,0.07507,59.039,0.150,-1,450.000,-1,425.000,-1,350.000,325.000,300.000,300.000,-1,-1,-1,-1,-1,-1,-1,-1,2,0,2,0,2,0,0,0,0,2,2,2,2,2,2,2,2
64,-9033.090,8275.008,-184.842,-187.535,-0.989755,-0.131124,0.056491,0.130559,-0.991347,-0.013587,0.057784,-0.006073,0.998311,0,0.98399,0.07507,59.039,0.150,-1,450.000,-1,425.000,-1,350.000,350.000,300.000,300.000,-1,-1,-1,-1,-1,-1,-1,-1,2,0,2,0,2,0,0,0,0,2,2,2,2,2,2,2,2
65,-9091.639,8282.596,-180.984,-187.385,-0.990226,-0.128525,0.054167,0.127955,-0.991683,-0.013883,0.055501,-0.006817,0.998435,0,0.98399,0.07507,59.039,0.150,-1,475.000,-1,450.000,-1,350.000,350.000,300.000,300.000,-1,-1,-1,-1,-1,-1,-1,-1,2,0,2,0,2,0,0,0,0,2,2,2,2,2,2,2,2
66,-9150.208,8290.031,-177.187,-187.234,-0.990675,-0.125925,0.052014,0.125334,-0.992009,-0.014494,0.053424,-0.007840,0.998541,0,0.98399,0.07507,59.039,0.150,-1,475.000,-1,450.000,-1,375.000,375.000,300.000,300.000,-1,-1,-1,-1,-1,-1,-1,-1,2,0,2,0,2,0,0,0,0,2,2,2,2,2,2,2,2
67,-9208.796,8297.312,-174.522,-187.084,-0.991223,-0.123318,0.047639,0.122527,-0.992280,-0.019194,0.049638,-0.013188,0.998680,0,0.98399,0.07507,59.039,0.150,-1,475.000,-1,475.000,-1,375.000,375.000,300.000,300.000,-1,-1,-1,-1,-1,-1,-1,-1,2,0,2,0,2,0,0,0,0,2,2,2,2,2,2,2,2
68,-9267.403,8304.439,-173.283,-186.934,-0.991802,-0.120717,0.041919,0.120012,-0.992591,-0.018962,0.043897,-0.013776,0.998941,0,0.98399,0.07507,59.039,0.150,-1,475.000,-1,475.000,-1,375.000,375.000,300.000,300.000,-1,-1,-1,-1,-1,-1,-1,-1,2,0,2,0,2,0,0,0,0,2,2,2,2,2,2,2,2
69,-9326.029,8311.413,-172.241,-186.784,-0.992359,-0.118116,0.035682,0.117535,-0.992906,-0.017967,0.037551,-0.013636,0.999202,0,0.98399,0.07507,59.039,0.150,-1,450.000,-1,450.000,-1,350.000,350.000,275.000,300.000,-1,-1,-1,-1,-1,-1,-1,-1,2,0,2,0,2,0,0,0,0,2,2,2,2,2,2,2,2
70,-9384.672,8318.233,-171.204,-186.634,-0.992870,-0.115514,0.029412,0.115050,-0.993214,-0.016998,0.031176,-0.013493,0.999423,0,0.98399,0.07507,59.039,0.150,-1,450.000,-1,450.000,-1,350.000,350.000,275.000,275.000,-1,-1,-1,-1,-1,-1,-1,-1,2,0,2,0,2,0,0,0,0,2,2,2,2,2,2,2,2
71,-9443.334,8324.900,-170.171,-186.484,-0.993336,-0.112911,0.023111,0.112558,-0.993515,-0.016055,0.024774,-0.013346,0.999604,0,0.98399,0.07507,59.039,0.150,-1,450.000,-1,450.000,-1,350.000,350.000,275.000,275.000,-1,-1,-1,-1,-1,-1,-1,-1,2,0,2,0,2,0,0,0,0,2,2,2,2,2,2,2,2
72,-9502.012,8331.413,-169.141,-186.334,-0.993756,-0.110308,0.016779,0.110058,-0.993810,-0.015138,0.018345,-0.013197,0.999745,0,0.98399,0.07507,59.039,0.150,-1,450.000,-1,425.000,-1,350.000,350.000,275.000,275.000,-1,-1,-1,-1,-1,-1,-1,-1,2,0,2,0,2,0,0,0,0,2,2,2,2,2,2,2,2
73,-9560.708,8337.772,-168.115,-186.183,-0.994128,-0.107703,0.010419,0.107551,-0.994097,-0.014248,0.011892,-0.013043,0.999844,0,0.98399,0.07507,59.039,0.150,-1,450.000,-1,450.000,-1,350.000,350.000,275.000,275.000,-1,-1,-1,-1,-1,-1,-1,-1,2,0,2,0,2,0,0,0,0,2,2,2,2,2,2,2,2
74,-9619.431,8343.975,-167.093,-186.031,-0.994458,-0.105053,0.004031,0.104991,-0.994383,-0.013385,0.005415,-0.012888,0.999902,0,0.98417,0.07637,59.050,0.153,-1,450.000,-1,450.000,-1,350.000,350.000,300.000,275.000,-1,-1,-1,-1,-1,-1,-1,-1,2,0,2,0,2,0,0,0,0,2,2,2,2,2,2,2,2
75,-9678.181,8350.020,-166.074,-185.875,-0.994746,-0.102349,-0.002383,0.102371,-0.994667,-0.012552,-0.001086,-0.012730,0.999918,0,0.98433,0.07791,59.060,0.156,-1,450.000,-1,450.000,-1,350.000,350.000,300.000,275.000,-1,-1,-1,-1,-1,-1,-1,-1,2,0,2,0,2,0,0,0,0,2,2,2,2,2,2,2,2
76,-9736.952,8355.903,-165.058,-185.716,-0.994989,-0.099598,-0.008822,0.099698,-0.994948,-0.011749,-0.007607,-0.012569,0.999892,0,0.98441,0.07922,59.064,0.158,-1,450.000,-1,450.000,-1,350.000,350.000,300.000,300.000,-1,-1,-1,-1,-1,-1,-1,-1,2,0,2,0,2,0,0,0,0,2,2,2,2,2,2,2,2
77,-9795.740,8361.622,-164.046,-185.556,-0.995186,-0.096809,-0.015282,0.096982,-0.995226,-0.010978,-0.014146,-0.012407,0.999823,0,0.98441,0.08030,59.065,0.161,-1,450.000,-1,450.000,-1,350.000,350.000,300.000,300.000,-1,-1,-1,-1,1000.000,-1,-1,-1,2,0,2,0,2,0,0,0,0,2,2,2,2,0,2,2,2
78,-9854.540,8367.172,-164.241,-185.394,-0.995356,-0.093983,-0.020805,0.094303,-0.995431,-0.014954,-0.019304,-0.016847,0.999672,0,0.98436,0.08115,59.062,0.162,-1,425.000,-1,450.000,-1,350.000,350.000,300.000,300.000,-1,-1,-1,-1,975.000,-1,-1,-1,2,0,2,0,2,0,0,0,0,2,2,2,2,0,2,2,2
79,-9913.351,8372.555,-166.563,-185.230,-0.995530,-0.091143,-0.024740,0.091506,-0.995707,-0.013948,-0.023363,-0.016149,0.999597,0,0.98427,0.08177,59.056,0.164,-1,425.000,-1,450.000,-1,350.000,350.000,300.000,300.000,-1,-1,-1,-1,950.000,-1,-1,-1,2,0,2,0,2,0,0,0,0,2,2,2,2,0,2,2,2
80,-9968.886,8377.245,-168.920,-184.827,-0.996037,-0.084130,-0.028845,0.084514,-0.996346,-0.012358,-0.027700,-0.014746,0.999508,0,0.92888,0.20177,55.733,0.404,-1,425.000,-1,450.000,-1,350.000,350.000,300.000,300.000,-1,-1,-1,-1,925.000,-1,-1,-1,2,0,2,0,2,0,0,0,0,2,2,2,2,0,2,2,2
81,-10024.463,8381.334,-171.294,-184.208,-0.996760,-0.073370,-0.032954,0.073760,-0.997218,-0.010780,-0.032072,-0.013176,0.999399,0,0.92878,0.30929,55.727,0.619,-1,425.000,-1,450.000,-1,350.000,350.000,275.000,300.000,-1,-1,-1,-1,900.000,-1,-1,-1,2,0,2,0,2,0,0,0,0,2,2,2,2,0,2,2,2
82,-10080.075,8384.823,-173.681,-183.589,-0.997350,-0.062599,-0.037071,0.062983,-0.997971,-0.009284,-0.036415,-0.011595,0.999269,0,0.92869,0.30934,55.721,0.619,-1,425.000,-1,425.000,-1,350.000,350.000,275.000,275.000,-1,-1,-1,-1,875.000,-1,-1,-1,2,0,2,0,2,0,0,0,0,2,2,2,2,0,2,2,2
83,-10135.716,8387.711,-176.077,-182.971,-0.997806,-0.051823,-0.041192,0.052190,-0.998606,-0.007872,-0.040727,-0.010004,0.999120,0,0.92860,0.30926,55.716,0.619,-1,400.000,-1,425.000,-1,325.000,350.000,275.000,275.000,-1,-1,-1,-1,850.000,-1,-1,-1,2,0,2,0,2,0,0,0,0,2,2,2,2,0,2,2,2
84,-10191.381,8389.998,-178.481,-182.353,-0.998129,-0.041049,-0.045314,0.041387,-0.999122,-0.006544,-0.045005,-0.008408,0.998951,0,0.92852,0.30904,55.711,0.618,-1,400.000,-1,425.000,-1,325.000,350.000,300.000,275.000,-1,-1,-1,-1,850.000,1000.000,-1,-1,2,0,2,0,2,0,0,0,0,2,2,2,2,0,0,2,2
85,-10247.063,8391.685,-180.891,-181.735,-0.998318,-0.030281,-0.049431,0.030580,-0.999518,-0.005303,-0.049247,-0.006806,0.998763,0,0.92845,0.30868,55.707,0.617,-1,400.000,-1,425.000,-1,325.000,325.000,300.000,300.000,-1,-1,-1,-1,825.000,975.000,-1,-1,2,0,2,0,2,0,0,0,0,2,2,2,2,0,0,2,2
86,-10302.756,8392.773,-183.304,-181.119,-0.998375,-0.019527,-0.053541,0.019778,-0.999796,-0.004150,-0.053449,-0.005202,0.998557,0,0.92839,0.30819,55.704,0.616,-1,400.000,-1,425.000,-1,325.000,325.000,300.000,300.000,-1,-1,-1,-1,800.000,950.000,-1,-1,2,0,2,0,2,0,0,0,0,2,2,2,2,0,0,2,2
87,-10358.456,8393.263,-185.719,-180.504,-0.998299,-0.008793,-0.057640,0.008985,-0.999955,-0.003085,-0.057610,-0.003598,0.998333,0,0.92836,0.30757,55.702,0.615,-1,400.000,-1,425.000,-1,325.000,325.000,300.000,300.000,-1,-1,-1,-1,775.000,925.000,-1,-1,2,0,2,0,2,0,0,0,0,2,2,2,2,0,0,2,2
88,-10409.357,8392.951,-187.919,-179.649,-0.998096,0.006132,-0.061368,-0.006003,-0.999979,-0.002290,-0.061381,-0.001917,0.998113,0,0.84836,0.42757,50.902,0.855,-1,400.000,-1,425.000,-1,325.000,325.000,300.000,300.000,-1,-1,-1,-1,775.000,900.000,-1,-1,2,0,2,0,2,0,0,0,0,2,2,2,2,0,0,2,2
89,-10458.247,8391.717,-190.022,-178.554,-0.997571,0.025243,-0.064920,-0.025183,-0.999681,-0.001746,-0.064943,-0.000107,0.997889,0,0.81509,0.54757,48.905,1.095,-1,400.000,-1,425.000,-1,325.000,325.000,300.000,300.000,-1,-1,-1,-1,750.000,875.000,-1,-1,2,0,2,0,2,0,0,0,0,2,2,2,2,0,0,2,2
90,-10507.099,8389.344,-192.687,-177.218,-0.996562,0.048529,-0.067153,-0.048647,-0.998816,0.000121,-0.067068,0.003387,0.997743,0,0.81515,0.66757,48.909,1.335,-1,400.000,-1,425.000,-1,325.000,325.000,300.000,300.000,-1,-1,-1,-1,750.000,875.000,-1,-1,2,0,2,0,2,0,0,0,0,2,2,2,2,0,0,2,2
91,-10555.912,8385.625,-196.208,-175.643,-0.994798,0.075964,-0.067869,-0.076246,-0.997088,0.001570,-0.067552,0.006737,0.997693,0,0.81591,0.78757,48.955,1.575,-1,400.000,-1,400.000,-1,325.000,325.000,300.000,300.000,-1,-1,-1,-1,750.000,850.000,-1,-1,2,0,2,0,2,0,0,0,0,2,2,2,2,0,0,2,2
92,-10604.617,8380.514,-199.716,-174.010,-0.992173,0.104356,-0.068580,-0.104801,-0.994489,0.002919,-0.067898,0.010083,0.997641,0,0.81619,0.81681,48.972,1.634,-1,400.000,-1,400.000,-1,325.000,325.000,300.000,300.000,-1,-1,-1,-1,725.000,850.000,-1,-1,2,0,2,0,2,0,0,0,0,2,2,2,2,0,0,2,2
93,-10653.173,8374.012,-203.192,-172.373,-0.988732,0.132718,-0.069250,-0.133325,-0.991063,0.004205,-0.068073,0.013390,0.997590,0,0.81650,0.81851,48.990,1.637,-1,375.000,-1,400.000,-1,325.000,325.000,300.000,300.000,-1,-1,-1,-1,725.000,825.000,-1,-1,2,0,2,0,2,0,0,0,0,2,2,2,2,0,0,2,2
94,-10701.544,8366.118,-206.629,-170.732,-0.984473,0.161028,-0.069874,-0.161796,-0.986809,0.005426,-0.068078,0.016647,0.997541,0,0.81683,0.82026,49.010,1.641,-1,375.000,-1,400.000,-1,325.000,325.000,300.000,300.000,-1,-1,-1,-1,725.000,825.000,-1,-1,2,0,2,0,2,0,0,0,0,2,2,2,2,0,0,2,2
95,-10749.689,8356.836,-210.018,-169.088,-0.979396,0.189264,-0.070447,-0.190188,-0.981726,0.006580,-0.067914,0.019843,0.997494,0,0.81719,0.82206,49.032,1.644,-1,375.000,-1,400.000,-1,325.000,325.000,300.000,300.000,-1,-1,-1,-1,725.000,800.000,-1,-1,2,0,2,0,2,0,0,0,0,2,2,2,2,0,0,2,2
96,-10797.569,8346.168,-213.352,-167.440,-0.973499,0.217402,-0.070966,-0.218477,-0.975812,0.007665,-0.067583,0.022966,0.997449,0,0.81758,0.82392,49.055,1.648,-1,375.000,-1,400.000,-1,325.000,325.000,300.000,300.000,-1,-1,-1,-1,725.000,800.000,-1,-1,2,0,2,0,2,0,0,0,0,2,2,2,2,0,0,2,2
97,-10845.147,8334.119,-216.622,-165.789,-0.966782,0.245419,-0.071424,-0.246640,-0.969068,0.008679,-0.067084,0.026006,0.997408,0,0.81799,0.82582,49.080,1.652,-1,375.000,-1,400.000,-1,325.000,325.000,300.000,300.000,-1,-1,-1,-1,700.000,775.000,-1,-1,2,0,2,0,2,0,0,0,0,2,2,2,2,0,0,2,2
98,-10892.381,8320.692,-219.821,-164.133,-0.959247,0.273291,-0.071816,-0.274652,-0.961496,0.009620,-0.066422,0.028953,0.997371,0,0.81843,0.82777,49.106,1.656,-1,375.000,-1,400.000,-1,325.000,325.000,300.000,325.000,-1,-1,-1,-1,700.000,775.000,-1,-1,2,0,2,0,2,0,0,0,0,2,2,2,2,0,0,2,2
99,-10939.234,8305.895,-222.942,-162.473,-0.950893,0.300996,-0.072139,-0.302489,-0.953095,0.010489,-0.065598,0.031795,0.997339,0,0.81890,0.82978,49.134,1.660,-1,375.000,-1,400.000,-1,325.000,325.000,300.000,325.000,-1,-1,-1,-1,700.000,750.000,-1,-1,2,0,2,0,2,0,0,0,0,2,2,2,2,0,0,2,2
100,-10985.666,8289.733,-225.977,-160.810,-0.941723,0.328510,-0.072386,-0.330126,-0.943869,0.011284,-0.064616,0.034523,0.997313,0,0.81940,0.83183,49.164,1.664,-1,375.000,-1,400.000,-1,325.000,325.000,300.000,325.000,-1,-1,-1,-1,700.000,750.000,-1,-1,2,0,2,0,2,0,0,0,0,2,2,2,2,0,0,2,2
101,-11031.637,8272.216,-228.919,-159.142,-0.931738,0.355809,-0.072552,-0.357539,-0.933821,0.012006,-0.063478,0.037127,0.997292,0,0.81993,0.83393,49.196,1.668,-1,375.000,-1,400.000,-1,300.000,325.000,300.000,325.000,-1,-1,-1,-1,700.000,750.000,-1,-1,2,0,2,0,2,0,0,0,0,2,2,2,2,0,0,2,2
102,-11077.108,8253.352,-231.921,-157.470,-0.920962,0.382862,-0.072425,-0.384732,-0.922931,0.013377,-0.061722,0.040184,0.997284,0,0.82049,0.83608,49.229,1.672,-1,375.000,-1,375.000,-1,300.000,325.000,300.000,325.000,-1,-1,-1,-1,700.000,750.000,-1,-1,2,0,2,0,2,0,0,0,0,2,2,2,2,0,0,2,2
103,-11117.707,8235.307,-234.503,-156.038,-0.911130,0.405768,-0.072071,-0.407740,-0.912983,0.014492,-0.059919,0.042590,0.997294,0,0.74049,0.71608,44.429,1.432,-1,375.000,-1,375.000,-1,300.000,325.000,300.000,325.000,-1,-1,-1,-1,700.000,725.000,-1,-1,2,0,2,0,2,0,0,0,0,2,2,2,2,0,0,2,2
104,-11156.398,8217.136,-236.906,-154.845,-0.902520,0.424639,-0.071689,-0.426691,-0.904264,0.015516,-0.058237,0.044592,0.997306,0,0.71243,0.59608,42.746,1.192,-1,375.000,-1,375.000,-1,300.000,325.000,300.000,325.000,-1,-1,-1,-1,700.000,725.000,-1,-1,2,0,2,0,2,0,0,0,0,2,2,2,2,0,0,2,2
105,-11194.805,8198.314,-239.246,-153.893,-0.895372,0.439573,-0.071311,-0.441694,-0.897014,0.016514,-0.056707,0.046284,0.997317,0,0.71286,0.47608,42.772,0.952,-1,375.000,-1,375.000,-1,300.000,325.000,325.000,325.000,-1,-1,-1,-1,700.000,725.000,-1,-1,2,0,2,0,2,0,0,0,0,2,2,2,2,0,0,2,2
106,-11232.993,8179.008,-241.536,-153.181,-0.889876,0.450658,-0.070907,-0.452835,-0.891423,0.017475,-0.055333,0.047660,0.997330,0,0.71318,0.35608,42.791,0.712,-1,375.000,-1,375.000,-1,300.000,325.000,325.000,325.000,-1,-1,900.000,-1,725.000,725.000,-1,-1,2,0,2,0,2,0,0,0,0,2,2,0,2,0,0,2,2
107,-11271.029,8159.382,-243.863,-152.709,-0.886198,0.457972,-0.070105,-0.460163,-0.887647,0.018234,-0.053878,0.048418,0.997373,0,0.71336,0.23608,42.802,0.472,-1,375.000,-1,375.000,-1,300.000,325.000,325.000,325.000,-1,-1,875.000,-1,725.000,725.000,-1,-1,2,0,2,0,2,0,0,0,0,2,2,0,2,0,0,2,2
108,-11308.987,8139.603,-246.147,-152.477,-0.884401,0.461554,-0.069311,-0.463751,-0.885762,0.018977,-0.052634,0.048926,0.997415,0,0.71338,0.11608,42.803,0.232,-1,375.000,-1,375.000,-1,325.000,325.000,325.000,325.000,-1,-1,850.000,-1,725.000,725.000,-1,-1,2,0,2,0,2,0,0,0,0,2,2,0,2,0,0,2,2
109,-11346.939,8119.833,-248.410,-152.485,-0.884522,0.461423,-0.068627,-0.463630,-0.885807,0.019816,-0.051646,0.049346,0.997446,0,0.71321,-0.00392,42.792,-0.008,-1,375.000,-1,375.000,-1,325.000,325.000,325.000,325.000,-1,975.000,800.000,-1,725.000,725.000,-1,-1,2,0,2,0,2,0,0,0,0,2,0,0,2,0,0,2,2
110,-11384.956,8100.238,-250.659,-152.733,-0.886563,0.457581,-0.068017,-0.459797,-0.887783,0.020672,-0.050925,0.049601,0.997470,0,0.71283,-0.12392,42.770,-0.248,-1,375.000,-1,375.000,-1,325.000,325.000,325.000,325.000,-1,950.000,800.000,-1,725.000,725.000,-1,-1,2,0,2,0,2,0,0,0,0,2,0,0,2,0,0,2,2
111,-11423.076,8080.924,-252.887,-153.131,-0.889774,0.451394,-0.067420,-0.453614,-0.890939,0.021506,-0.050359,0.049718,0.997493,0,0.71223,-0.19921,42.734,-0.398,-1,375.000,-1,400.000,-1,325.000,325.000,325.000,325.000,-1,925.000,775.000,-1,750.000,725.000,-1,-1,2,0,2,0,2,0,0,0,0,2,0,0,2,0,0,2,2
112,-11461.287,8061.896,-255.094,-153.527,-0.892923,0.445220,-0.066841,-0.447445,-0.894033,0.022324,-0.049819,0.049842,0.997514,0,0.71145,-0.19807,42.687,-0.396,-1,375.000,-1,400.000,-1,325.000,325.000,325.000,325.000,-1,925.000,750.000,-1,750.000,725.000,-1,-1,2,0,2,0,2,0,0,0,0,2,0,0,2,0,0,2,2
113,-11499.583,8043.153,-257.279,-153.921,-0.896012,0.439055,-0.066280,-0.441284,-0.897069,0.023127,-0.049304,0.049971,0.997533,0,0.71060,-0.19713,42.636,-0.394,-1,375.000,-1,400.000,-1,325.000,325.000,325.000,325.000,-1,900.000,750.000,-1,750.000,725.000,-1,-1,2,0,2,0,2,0,0,0,0,2,0,0,2,0,0,2,2
114,-11537.955,8024.696,-259.444,-154.314,-0.899045,0.432892,-0.065738,-0.435126,-0.900052,0.023916,-0.048815,0.050105,0.997550,0,0.70968,-0.19638,42.581,-0.393,-1,375.000,-1,375.000,-1,325.000,325.000,325.000,325.000,-1,900.000,725.000,-1,750.000,725.000,-1,-1,2,0,2,0,2,0,0,0,0,2,0,0,2,0,0,2,2
115,-11576.401,8006.528,-261.588,-154.706,-0.902026,0.426727,-0.065213,-0.428965,-0.902984,0.024689,-0.048351,0.050245,0.997566,0,0.70870,-0.19583,42.522,-0.392,-1,375.000,-1,375.000,-1,325.000,325.000,325.000,325.000,-1,875.000,700.000,-1,750.000,725.000,-1,-1,2,0,2,0,2,0,0,0,0,2,0,0,2,0,0,2,2
116,-11614.914,7988.648,-263.713,-155.097,-0.904958,0.420552,-0.064707,-0.422795,-0.905868,0.025449,-0.047913,0.050389,0.997580,0,0.70770,-0.19548,42.462,-0.391,-1,375.000,-1,375.000,-1,325.000,325.000,325.000,325.000,-1,875.000,675.000,-1,750.000,725.000,-1,-1,2,0,2,0,2,0,0,0,0,2,0,0,2,0,0,2,2
117,-11653.493,7971.056,-265.818,-155.487,-0.907843,0.414363,-0.064219,-0.416610,-0.908708,0.026196,-0.047502,0.050536,0.997592,0,0.70667,-0.19533,42.400,-0.391,-1,375.000,-1,375.000,-1,325.000,325.000,325.000,325.000,-1,850.000,650.000,-1,775.000,725.000,-1,-1,2,0,2,0,2,0,0,0,0,2,0,0,2,0,0,2,2
118,-11692.134,7953.753,-267.875,-155.878,-0.910682,0.408155,-0.063783,-0.410403,-0.911510,0.026802,-0.047199,0.050585,0.997604,0,0.70564,-0.19537,42.338,-0.391,-1,375.000,-1,375.000,-1,325.000,325.000,325.000,325.000,-1,850.000,650.000,-1,775.000,725.000,-1,-1,2,0,2,0,2,0,0,0,0,2,0,0,2,0,0,2,2
119,-11735.207,7934.602,-270.116,-156.029,-0.911786,0.405751,-0.063345,-0.408002,-0.912570,0.027382,-0.046697,0.050811,0.997616,0,0.78564,-0.07537,47.138,-0.151,-1,375.000,-1,375.000,-1,325.000,325.000,325.000,325.000,-1,850.000,675.000,-1,775.000,725.000,-1,-1,2,0,2,0,2,0,0,0,0,2,0,0,2,0,0,2,2
120,-11778.882,7915.101,-272.316,-155.940,-0.911201,0.407174,-0.062627,-0.409396,-0.911941,0.027534,-0.045901,0.050728,0.997657,0,0.79719,0.04463,47.831,0.089,-1,400.000,-1,375.000,-1,325.000,325.000,325.000,325.000,-1,800.000,675.000,-1,775.000,725.000,-1,-1,2,0,2,0,2,0,0,0,0,2,0,0,2,0,0,2,2
121,-11822.403,7895.369,-274.563,-155.610,-0.908882,0.412414,-0.062040,-0.414595,-0.909600,0.027179,-0.045222,0.050424,0.997704,0,0.79643,0.16463,47.786,0.329,-1,400.000,-1,375.000,-1,300.000,325.000,325.000,325.000,-1,800.000,700.000,-1,775.000,725.000,-1,-1,2,0,2,0,2,0,0,0,0,2,0,0,2,0,0,2,2
122,-11865.695,7875.220,-276.769,-155.041,-0.904773,0.421434,-0.061484,-0.423575,-0.905465,0.026765,-0.044392,0.050259,0.997749,0,0.79586,0.28463,47.751,0.569,-1,400.000,-1,375.000,-1,300.000,325.000,325.000,325.000,-1,800.000,725.000,-1,775.000,725.000,-1,-1,2,0,2,0,2,0,0,0,0,2,0,0,2,0,0,2,2
123,-11908.676,7854.471,-278.915,-154.232,-0.898759,0.434180,-0.060992,-0.436287,-0.899423,0.026309,-0.043435,0.050256,0.997791,0,0.79546,0.40463,47.728,0.809,-1,400.000,-1,375.000,-1,300.000,300.000,325.000,325.000,-1,800.000,775.000,-1,775.000,725.000,-1,-1,2,0,2,0,2,0,0,0,0,2,0,0,2,0,0,2,2
124,-11951.259,7832.945,-281.001,-153.183,-0.890685,0.450574,-0.060524,-0.452648,-0.891315,0.025825,-0.042310,0.050398,0.997833,0,0.79524,0.52463,47.714,1.049,-1,400.000,-1,375.000,-1,325.000,300.000,325.000,325.000,-1,825.000,800.000,-1,775.000,725.000,-1,-1,2,0,2,0,2,0,0,0,0,2,0,0,2,0,0,2,2
125,-11993.342,7810.467,-283.040,-151.893,-0.880355,0.470506,-0.059997,-0.472552,-0.880935,0.025473,-0.040868,0.050778,0.997873,0,0.79517,0.64463,47.710,1.289,-1,400.000,-1,375.000,-1,325.000,300.000,325.000,325.000,-1,850.000,825.000,-1,775.000,725.000,-1,-1,2,0,2,0,2,0,0,0,0,2,0,0,2,0,0,2,2
126,-12034.814,7786.873,-284.992,-150.364,-0.867521,0.493836,-0.059435,-0.495853,-0.868044,0.025102,-0.039196,0.051247,0.997917,0,0.79525,0.76463,47.715,1.529,-1,400.000,-1,375.000,-1,325.000,300.000,325.000,325.000,-1,850.000,850.000,-1,800.000,725.000,-1,-1,2,0,2,0,2,0,0,0,0,2,0,0,2,0,0,2,2
127,-12075.549,7762.003,-286.851,-148.595,-0.851901,0.520388,-0.058832,-0.522372,-0.852361,0.024662,-0.037313,0.051742,0.997963,0,0.79545,0.88463,47.727,1.769,-1,400.000,-1,375.000,-1,325.000,300.000,325.000,325.000,-1,875.000,900.000,-1,800.000,725.000,-1,-1,2,0,2,0,2,0,0,0,0,2,0,0,2,0,0,2,2
128,-12115.406,7735.716,-288.606,-146.595,-0.833266,0.549804,-0.058174,-0.551750,-0.833660,0.024154,-0.035217,0.052225,0.998014,0,0.79576,1.00000,47.746,2.000,-1,400.000,-1,375.000,-1,325.000,300.000,325.000,325.000,-1,900.000,925.000,-1,800.000,725.000,-1,-1,2,0,2,0,2,0,0,0,0,2,0,0,2,0,0,2,2
129,-12154.341,7708.040,-290.247,-144.595,-0.813617,0.578553,-0.057474,-0.580456,-0.813950,0.023596,-0.033129,0.052559,0.998068,0,0.79617,1.00000,47.770,2.000,-1,400.000,-1,375.000,-1,325.000,325.000,325.000,325.000,-1,950.000,975.000,-1,825.000,725.000,-1,-1,2,0,2,0,2,0,0,0,0,2,0,0,2,0,0,2,2
130,-12192.306,7679.009,-291.771,-142.595,-0.792980,0.606601,-0.056728,-0.608456,-0.793255,0.022986,-0.031057,0.052744,0.998125,0,0.79655,1.00000,47.793,2.000,-1,400.000,-1,375.000,-1,325.000,325.000,325.000,325.000,-1,975.000,-1,-1,825.000,750.000,-1,-1,2,0,2,0,2,0,0,0,0,2,0,2,2,0,0,2,2
131,-12229.250,7648.656,-293.168,-140.595,-0.771377,0.633915,-0.055932,-0.635716,-0.771601,0.022293,-0.029025,0.052754,0.998186,0,0.79692,1.00000,47.815,2.000,-1,400.000,-1,375.000,-1,325.000,325.000,325.000,325.000,-1,-1,-1,-1,850.000,750.000,-1,-1,2,0,2,0,2,0,0,0,0,2,2,2,2,0,0,2,2
132,-12265.129,7617.019,-294.343,-138.595,-0.748826,0.660475,-0.055057,-0.662203,-0.749028,0.021082,-0.027315,0.052246,0.998261,0,0.79726,1.00000,47.836,2.000,-1,400.000,-1,400.000,-1,325.000,325.000,325.000,325.000,-1,-1,-1,-1,850.000,750.000,-1,-1,2,0,2,0,2,0,0,0,0,2,2,2,2,0,0,2,2
133,-12299.897,7584.135,-295.438,-136.595,-0.725357,0.686231,-0.054262,-0.687893,-0.725540,0.019900,-0.025713,0.051761,0.998328,0,0.79759,1.00000,47.856,2.000,-1,400.000,-1,400.000,-1,325.000,325.000,325.000,325.000,-1,-1,-1,-1,875.000,750.000,-1,-1,2,0,2,0,2,0,0,0,0,2,2,2,2,0,0,2,2
134,-12333.508,7550.044,-296.773,-134.595,-0.700925,0.711107,-0.055053,-0.712791,-0.701122,0.018892,-0.025165,0.052483,0.998305,0,0.79791,1.00000,47.875,2.000,-1,400.000,-1,400.000,-1,325.000,325.000,325.000,325.000,-1,-1,-1,-1,875.000,750.000,-1,-1,2,0,2,0,2,0,0,0,0,2,2,2,2,0,0,2,2
135,-12365.922,7514.787,-297.997,-132.595,-0.675639,0.735118,-0.055805,-0.736821,-0.675855,0.017772,-0.024651,0.053125,0.998284,0,0.79821,1.00000,47.893,2.000,-1,400.000,-1,400.000,-1,325.000,325.000,325.000,300.000,-1,-1,-1,-1,875.000,750.000,-1,-1,2,0,2,0,2,0,0,0,0,2,2,2,2,0,0,2,2
