timestep,x_cm,y_cm,z_cm,yaw_deg,basis_xx,basis_xy,basis_xz,basis_yx,basis_yy,basis_yz,basis_zx,basis_zy,basis_zz,teleport_flag,throttle_cmd,steering_cmd,cmd_move_cm,cmd_turn_deg,lidar_cm_0,lidar_cm_1,lidar_cm_2,lidar_cm_3,lidar_cm_4,lidar_cm_5,lidar_cm_6,lidar_cm_7,lidar_cm_8,lidar_cm_9,lidar_cm_10,lidar_cm_11,lidar_cm_12,lidar_cm_13,lidar_cm_14,lidar_cm_15,lidar_cm_16,lidar_class_0,lidar_class_1,lidar_class_2,lidar_class_3,lidar_class_4,lidar_class_5,lidar_class_6,lidar_class_7,lidar_class_8,lidar_class_9,lidar_class_10,lidar_class_11,lidar_class_12,lidar_class_13,lidar_class_14,lidar_class_15,lidar_class_16
0,-6884.752,6883.206,65.192,-58.646,0.515380,0.851884,0.093147,-0.854534,0.519051,-0.018904,-0.064452,-0.069854,0.995473,1,0.08000,-0.12000,4.800,-0.240,-1,400.000,-1,400.000,-1,325.000,325.000,300.000,300.000,-1,-1,-1,-1,-1,750.000,-1,-1,2,0,2,0,2,0,0,0,0,2,2,2,2,2,0,2,2
1,-6879.793,6874.986,64.579,-58.902,0.511571,0.854159,0.093316,-0.856847,0.515229,-0.018745,-0.064090,-0.070368,0.995460,0,0.16000,-0.12771,9.600,-0.255,-1,400.000,-1,400.000,-1,325.000,325.000,300.000,300.000,-1,-1,-1,-1,-1,750.000,-1,-1,2,0,2,0,2,0,0,0,0,2,2,2,2,2,0,2,2
2,-6872.409,6862.623,63.664,-59.153,0.507806,0.856375,0.093572,-0.859113,0.511451,-0.018501,-0.063701,-0.070994,0.995441,0,0.24000,-0.12577,14.400,-0.252,-1,400.000,-1,400.000,-1,325.000,325.000,300.000,300.000,-1,-1,-1,-1,-1,750.000,-1,-1,2,0,2,0,2,0,0,0,0,2,2,2,2,2,0,2,2
3,-6862.635,6846.097,62.448,-59.399,0.504108,0.858519,0.093917,-0.861319,0.507739,-0.018168,-0.063283,-0.071734,0.995414,0,0.32000,-0.12311,19.200,-0.246,-1,400.000,-1,400.000,-1,325.000,325.000,300.000,300.000,-1,-1,-1,-1,-1,750.000,-1,-1,2,0,2,0,2,0,0,0,0,2,2,2,2,2,0,2,2
4,-6850.503,6825.389,60.931,-59.639,0.500499,0.860580,0.094352,-0.863454,0.504116,-0.017746,-0.062836,-0.072587,0.995381,0,0.40000,-0.11973,24.000,-0.239,-1,400.000,-1,400.000,-1,325.000,325.000,300.000,300.000,-1,-1,-1,-1,-1,750.000,-1,-1,2,0,2,0,2,0,0,0,0,2,2,2,2,2,0,2,2
5,-6836.046,6800.481,59.099,-59.870,0.497002,0.862550,0.094853,-0.865503,0.500605,-0.017295,-0.062401,-0.073500,0.995341,0,0.48000,-0.11561,28.800,-0.231,-1,400.000,-1,400.000,-1,325.000,325.000,300.000,300.000,-1,-1,-1,-1,-1,750.000,-1,-1,2,0,2,0,2,0,0,0,0,2,2,2,2,2,0,2,2
6,-6819.292,6771.356,56.888,-60.092,0.493635,0.864431,0.095310,-0.867444,0.497240,-0.017093,-0.062168,-0.074238,0.995301,0,0.56000,-0.11073,33.600,-0.221,-1,400.000,-1,400.000,-1,325.000,325.000,300.000,300.000,-1,-1,-1,-1,-1,750.000,-1,-1,2,0,2,0,2,0,0,0,0,2,2,2,2,2,0,2,2
7,-6800.266,6738.000,54.357,-60.302,0.490427,0.866197,0.095830,-0.869278,0.494037,-0.016862,-0.061949,-0.075033,0.995255,0,0.64000,-0.10509,38.400,-0.210,-1,400.000,-1,400.000,-1,325.000,325.000,300.000,300.000,-1,-1,-1,-1,-1,750.000,-1,-1,2,0,2,0,2,0,0,0,0,2,2,2,2,2,0,2,2
8,-6778.992,6700.401,51.564,-60.499,0.487375,0.867823,0.096690,-0.870995,0.491010,-0.016642,-0.061918,-0.076105,0.995175,0,0.72000,-0.09868,43.200,-0.197,-1,400.000,-1,400.000,-1,325.000,325.000,300.000,300.000,-1,-1,-1,-1,-1,750.000,-1,-1,2,0,2,0,2,0,0,0,0,2,2,2,2,2,0,2,2
9,-6755.487,6658.550,48.474,-60.682,0.484517,0.869304,0.097742,-0.872583,0.488189,-0.016411,-0.061982,-0.077336,0.995077,0,0.80000,-0.09150,48.000,-0.183,-1,400.000,-1,400.000,-1,325.000,325.000,300.000,300.000,-1,-1,-1,-1,-1,750.000,-1,-1,2,0,2,0,2,0,0,0,0,2,2,2,2,2,0,2,2
10,-6730.540,6613.812,45.193,-60.857,0.481773,0.870694,0.098931,-0.874099,0.485482,-0.016058,-0.062011,-0.078739,0.994965,0,0.85372,-0.08740,51.223,-0.175,-1,400.000,-1,400.000,-1,325.000,325.000,300.000,300.000,-1,-1,-1,-1,-1,750.000,-1,-1,2,1,2,0,2,0,0,1,0,2,2,2,2,2,0,2,2
11,-6705.871,6569.262,41.954,-61.027,0.479099,0.872024,0.100191,-0.875571,0.482838,-0.015582,-0.061964,-0.080259,0.994846,0,0.84873,-0.08498,50.924,-0.170,-1,475.000,-1,400.000,-1,325.000,325.000,425.000,300.000,-1,-1,-1,-1,-1,750.000,-1,-1,2,1,2,0,2,0,0,1,0,2,2,2,2,2,0,2,2
12,-6681.486,6524.924,38.729,-61.193,0.476483,0.873308,0.101472,-0.877001,0.480252,-0.015101,-0.061920,-0.081796,0.994724,0,0.84336,-0.08292,50.602,-0.166,-1,500.000,-1,400.000,-1,325.000,325.000,550.000,300.000,-1,-1,-1,-1,975.000,750.000,-1,-1,2,1,2,0,2,0,0,1,0,2,2,2,2,1,0,2,2
13,-6655.454,6477.053,35.260,-61.464,0.472241,0.875443,0.102893,-0.879305,0.476037,-0.014569,-0.061735,-0.083594,0.994586,0,0.90818,-0.13576,54.491,-0.272,-1,525.000,-1,400.000,-1,325.000,325.000,675.000,300.000,-1,-1,-1,-1,925.000,750.000,-1,-1,2,1,2,0,2,0,0,1,0,2,2,2,2,1,0,2,2
14,-6629.659,6429.119,31.927,-61.716,0.468272,0.877433,0.104081,-0.881407,0.472131,-0.014658,-0.062001,-0.084873,0.994461,0,0.90723,-0.12598,54.434,-0.252,-1,525.000,-1,400.000,-1,325.000,325.000,800.000,300.000,-1,-1,-1,-1,875.000,750.000,-1,-1,2,1,2,0,2,0,0,1,0,2,2,2,2,1,0,2,2
15,-6604.096,6381.181,26.359,-61.947,0.463268,0.878502,0.116689,-0.883493,0.468141,-0.016877,-0.069453,-0.095276,0.993025,0,0.90544,-0.11569,54.326,-0.231,-1,475.000,-1,375.000,-1,300.000,300.000,825.000,325.000,-1,-1,-1,-1,800.000,700.000,-1,-1,2,1,2,0,2,0,0,1,0,2,2,2,2,1,0,2,2
16,-6578.781,6333.293,20.461,-62.157,0.458187,0.879153,0.130974,-0.885431,0.464363,-0.019496,-0.077959,-0.107036,0.991194,0,0.90276,-0.10491,54.165,-0.210,-1,425.000,-1,350.000,-1,275.000,300.000,825.000,325.000,-1,-1,-1,-1,725.000,675.000,-1,-1,2,1,2,0,2,0,0,1,0,2,2,2,2,1,0,2,2
17,-6553.724,6285.515,15.052,-62.345,0.453601,0.879688,0.142810,-0.887148,0.460973,-0.021721,-0.084939,-0.116841,0.989512,0,0.89914,-0.09365,53.948,-0.187,-1,400.000,-1,350.000,-1,275.000,275.000,875.000,325.000,-1,-1,-1,-1,650.000,625.000,-1,-1,2,1,2,0,2,1,0,1,0,2,2,2,2,1,0,2,2
18,-6528.933,6237.908,10.121,-62.509,0.449607,0.880152,0.152270,-0.888635,0.458011,-0.023529,-0.090450,-0.124734,0.988059,0,0.89456,-0.08197,53.673,-0.164,-1,375.000,-1,325.000,-1,275.000,275.000,900.000,350.000,-1,-1,-1,-1,575.000,600.000,900.000,-1,2,1,2,0,2,1,0,1,0,2,2,2,2,1,0,1,2
19,-6504.415,6190.535,5.548,-62.648,0.446363,0.880624,0.158936,-0.889875,0.455529,-0.024805,-0.094243,-0.130361,0.986977,0,0.88900,-0.06993,53.340,-0.140,-1,350.000,-1,325.000,-1,250.000,250.000,950.000,350.000,-1,-1,-1,-1,525.000,575.000,700.000,-1,2,1,2,0,2,1,0,1,0,2,2,2,2,1,0,0,2
20,-6480.174,6143.459,1.389,-62.764,0.443873,0.881105,0.163189,-0.890871,0.453534,-0.025598,-0.096566,-0.134018,0.986263,0,0.88250,-0.05760,52.950,-0.115,-1,325.000,-1,325.000,-1,250.000,250.000,1000.000,350.000,-1,-1,-1,-1,500.000,575.000,625.000,-1,2,1,2,0,2,1,0,1,0,2,2,2,2,0,0,1,2
21,-6456.214,6096.738,-2.325,-62.854,0.442132,0.881588,0.165292,-0.891625,0.452030,-0.025943,-0.097588,-0.135908,0.985903,0,0.87510,-0.04508,52.506,-0.090,-1,325.000,-1,325.000,-1,250.000,250.000,-1,350.000,-1,-1,-1,-1,500.000,575.000,575.000,-1,2,1,2,0,2,1,0,2,0,2,2,2,2,0,0,0,2
22,-6432.542,6050.424,-5.594,-62.928,0.440996,0.882149,0.165338,-0.892213,0.450874,-0.025858,-0.097357,-0.136114,0.985898,0,0.86687,-0.03715,52.012,-0.074,-1,300.000,-1,325.000,-1,250.000,250.000,-1,350.000,-1,-1,-1,-1,500.000,575.000,525.000,-1,2,1,2,0,2,1,0,2,0,2,2,2,2,0,0,0,2
23,-6409.174,6004.560,-8.389,-62.997,0.440260,0.882853,0.163529,-0.892726,0.449885,-0.025386,-0.095981,-0.134811,0.986212,0,0.85790,-0.03472,51.474,-0.069,-1,300.000,-1,325.000,-1,250.000,250.000,-1,325.000,-1,-1,-1,-1,500.000,575.000,550.000,-1,2,0,2,0,2,0,0,2,0,2,2,2,2,0,0,0,2
24,-6387.864,5963.036,-10.671,-62.827,0.443401,0.881783,0.160795,-0.891356,0.452651,-0.024331,-0.094239,-0.132537,0.986688,0,0.77790,0.08528,46.674,0.171,-1,300.000,-1,325.000,-1,250.000,250.000,-1,325.000,-1,-1,-1,-1,525.000,575.000,625.000,-1,2,0,2,0,2,0,0,2,0,2,2,2,2,0,0,0,2
25,-6368.480,5925.920,-12.529,-62.416,0.450305,0.878831,0.157737,-0.888083,0.459122,-0.022716,-0.092384,-0.129854,0.987220,0,0.69790,0.20528,41.874,0.411,-1,300.000,-1,325.000,-1,250.000,275.000,-1,325.000,-1,-1,-1,-1,525.000,600.000,-1,-1,2,0,2,0,2,0,0,2,0,2,2,2,2,0,0,2,2
26,-6350.948,5893.256,-14.145,-61.766,0.460835,0.873904,0.154673,-0.882813,0.469254,-0.021026,-0.090956,-0.126857,0.987742,0,0.61790,0.32528,37.074,0.651,-1,300.000,-1,325.000,-1,250.000,275.000,-1,325.000,-1,-1,-1,-1,550.000,600.000,-1,-1,2,0,2,0,2,0,0,2,0,2,2,2,2,0,0,2,2
27,-6335.245,5865.062,-15.605,-60.875,0.474858,0.866833,0.152020,-0.875426,0.482964,-0.019381,-0.090220,-0.123879,0.988187,0,0.53790,0.44528,32.274,0.891,-1,325.000,-1,325.000,-1,275.000,275.000,-1,325.000,-1,-1,-1,-1,550.000,600.000,-1,-1,2,0,2,0,2,0,0,2,0,2,2,2,2,0,0,2,2
28,-6321.407,5841.330,-16.980,-59.745,0.492223,0.857420,0.150156,-0.865761,0.500139,-0.017856,-0.090409,-0.121210,0.988501,0,0.45790,0.56528,27.474,1.131,-1,325.000,-1,350.000,-1,275.000,275.000,-1,325.000,-1,-1,-1,-1,575.000,625.000,-1,-1,2,0,2,0,2,0,0,2,0,2,2,2,2,0,0,2,2
29,-6309.522,5822.024,-18.325,-58.374,0.512761,0.845430,0.149410,-0.853619,0.520638,-0.016470,-0.091713,-0.119094,0.988638,0,0.37790,0.68528,22.674,1.371,-1,325.000,-1,350.000,-1,275.000,275.000,-1,325.000,-1,-1,-1,-1,575.000,625.000,-1,-1,2,0,2,0,2,0,0,2,0,2,2,2,2,0,0,2,2
30,-6299.742,5807.066,-19.636,-56.819,0.535485,0.831136,0.149894,-0.839281,0.543484,-0.015257,-0.094146,-0.117634,0.988584,0,0.29790,0.77751,17.874,1.555,-1,325.000,-1,350.000,-1,275.000,275.000,-1,325.000,-1,-1,-1,-1,575.000,625.000,-1,-1,2,0,2,0,2,0,0,2,0,2,2,2,2,0,0,2,2
31,-6292.294,5796.324,-20.839,-55.264,0.557666,0.816155,0.151326,-0.824355,0.565896,-0.014166,-0.097197,-0.116846,0.988382,0,0.21790,0.77768,13.074,1.555,-1,325.000,-1,350.000,-1,275.000,275.000,-1,325.000,-1,-1,-1,-1,575.000,625.000,-1,-1,2,0,2,0,2,0,0,2,0,2,2,2,2,0,0,2,2
32,-6287.397,5789.657,-21.927,-53.708,0.579276,0.800495,0.153777,-0.808866,0.587847,-0.013086,-0.100872,-0.116805,0.988019,0,0.13790,0.77782,8.274,1.556,-1,325.000,-1,350.000,-1,275.000,275.000,-1,325.000,-1,-1,-1,-1,575.000,625.000,-1,-1,2,0,2,0,2,0,0,2,0,2,2,2,2,1,0,2,2
33,-6285.264,5786.917,-22.872,-52.152,0.600292,0.784174,0.157228,-0.792838,0.609315,-0.011924,-0.105152,-0.117498,0.987490,0,0.05790,0.77794,3.474,1.556,-1,300.000,-1,325.000,-1,275.000,275.000,-1,325.000,-1,-1,-1,-1,550.000,625.000,-1,-1,2,0,2,0,2,0,0,2,0,2,2,2,2,1,0,2,2
34,-6286.104,5787.946,-23.632,-50.596,0.620705,0.767216,0.161571,-0.776294,0.630282,-0.010595,-0.109964,-0.118851,0.986804,0,-0.02210,0.77799,-1.326,1.556,-1,300.000,-1,325.000,-1,250.000,275.000,-1,325.000,-1,-1,-1,-1,525.000,600.000,-1,-1,2,0,2,0,2,0,0,2,0,2,2,2,2,0,0,2,2
35,-6290.117,5792.577,-24.149,-49.040,0.640522,0.749649,0.166610,-0.759253,0.650733,-0.009024,-0.115183,-0.120719,0.985982,0,-0.10210,0.77797,-6.126,1.556,-1,300.000,-1,325.000,-1,250.000,250.000,-1,325.000,-1,-1,-1,-1,525.000,600.000,-1,-1,2,0,2,0,2,0,0,2,0,2,2,2,2,0,0,2,2
36,-6296.975,5800.066,-24.395,-47.485,0.659782,0.731517,0.171961,-0.741721,0.670671,-0.007170,-0.120574,-0.122816,0.985078,0,-0.16921,0.77781,-10.153,1.556,-1,275.000,-1,325.000,-1,250.000,250.000,1000.000,350.000,-1,-1,-1,-1,500.000,575.000,-1,-1,2,0,2,0,2,0,0,1,0,2,2,2,2,0,0,2,2
37,-6303.750,5807.073,-24.583,-45.930,0.678603,0.712891,0.176875,-0.723676,0.690122,-0.005051,-0.125666,-0.124572,0.984220,0,-0.16241,0.77749,-9.745,1.555,-1,275.000,-1,300.000,-1,250.000,250.000,950.000,350.000,-1,-1,-1,-1,475.000,575.000,-1,1000.000,2,0,2,0,2,0,0,1,0,2,2,2,2,0,0,2,0
38,-6310.430,5813.615,-24.714,-44.376,0.696976,0.693785,0.181346,-0.705127,0.709076,-0.002701,-0.130462,-0.125989,0.983416,0,-0.15580,0.77712,-9.348,1.554,-1,275.000,-1,300.000,-1,225.000,250.000,900.000,350.000,-1,-1,-1,-1,450.000,550.000,-1,975.000,2,0,2,0,2,0,0,1,0,2,2,2,2,0,0,2,0
39,-6317.003,5819.712,-24.784,-42.822,0.714893,0.674216,0.185367,-0.686082,0.727524,-0.000178,-0.134979,-0.127049,0.982669,0,-0.14939,0.77671,-8.963,1.553,-1,250.000,-1,300.000,-1,225.000,250.000,850.000,350.000,-1,-1,-1,-1,450.000,550.000,-1,950.000,2,0,2,0,2,0,0,1,0,2,2,2,2,0,0,2,0
40,-6323.459,5825.383,-24.801,-41.270,0.732345,0.654196,0.188939,-0.666553,0.745454,0.002506,-0.139206,-0.127773,0.981986,0,-0.14318,0.77626,-8.591,1.553,-1,250.000,-1,300.000,-1,225.000,250.000,775.000,350.000,-1,-1,-1,-1,425.000,550.000,-1,950.000,2,1,2,0,2,0,0,1,0,2,2,2,2,0,0,2,0
41,-6326.365,5827.820,-25.069,-39.957,0.746741,0.636919,0.191604,-0.649663,0.760207,0.004905,-0.142535,-0.128140,0.981460,0,-0.06318,0.65626,-3.791,1.313,-1,275.000,-1,300.000,-1,225.000,225.000,725.000,350.000,-1,-1,-1,-1,425.000,525.000,-1,925.000,2,1,2,0,2,0,0,1,0,2,2,2,2,0,0,2,0
42,-6325.579,5827.189,-25.664,-38.885,0.758232,0.622561,0.193653,-0.635615,0.771975,0.006929,-0.145181,-0.128342,0.981046,0,0.01682,0.53626,1.009,1.073,-1,275.000,-1,300.000,-1,225.000,225.000,675.000,350.000,-1,-1,-1,-1,400.000,525.000,-1,925.000,2,1,2,0,2,0,0,1,0,2,2,2,2,0,0,2,0
43,-6321.005,5823.610,-26.625,-38.052,0.766960,0.611266,0.195262,-0.624569,0.780923,0.008543,-0.147262,-0.128507,0.980714,0,0.09682,0.41626,5.809,0.833,-1,275.000,-1,300.000,-1,225.000,225.000,675.000,350.000,-1,-1,-1,-1,400.000,525.000,-1,900.000,2,1,2,0,2,0,0,1,0,2,2,2,2,0,0,2,0
44,-6312.583,5817.159,-27.952,-37.459,0.773053,0.603145,0.196481,-0.616639,0.787186,0.009707,-0.148812,-0.128662,0.980460,0,0.17682,0.29626,10.609,0.593,-1,275.000,-1,300.000,-1,200.000,225.000,675.000,350.000,-1,-1,-1,-1,400.000,525.000,-1,900.000,2,1,2,0,2,0,0,1,0,2,2,2,2,0,0,2,0
45,-6300.294,5807.863,-29.627,-37.107,0.776632,0.598285,0.197227,-0.611890,0.790875,0.010368,-0.149779,-0.128733,0.980303,0,0.25682,0.17626,15.409,0.353,-1,250.000,-1,300.000,-1,200.000,225.000,675.000,350.000,-1,-1,-1,-1,400.000,525.000,-1,875.000,2,1,2,0,2,0,0,1,0,2,2,2,2,0,0,2,0
46,-6284.153,5795.702,-31.606,-36.994,0.777802,0.596745,0.197281,-0.610343,0.792068,0.010460,-0.150018,-0.128545,0.980291,0,0.33682,0.05626,20.209,0.113,-1,250.000,-1,300.000,-1,200.000,225.000,700.000,350.000,-1,-1,-1,-1,400.000,525.000,-1,875.000,2,1,2,0,2,0,0,1,0,2,2,2,2,0,0,2,0
47,-6264.213,5780.607,-33.811,-37.122,0.776656,0.598564,0.196284,-0.611975,0.790815,0.009886,-0.149307,-0.127799,0.980497,0,0.41682,-0.06374,25.009,-0.127,-1,250.000,-1,300.000,-1,200.000,225.000,750.000,350.000,-1,-1,-1,-1,400.000,525.000,-1,875.000,2,0,2,0,2,0,0,1,0,2,2,2,2,0,0,2,0
48,-6240.532,5762.502,-36.199,-37.392,0.774249,0.602419,0.193982,-0.615425,0.788147,0.008749,-0.147616,-0.126155,0.980966,0,0.49682,-0.13528,29.809,-0.271,-1,250.000,-1,300.000,-1,225.000,225.000,800.000,350.000,-1,-1,-1,-1,-1,525.000,-1,875.000,2,0,2,0,2,0,0,1,0,2,2,2,2,2,0,2,0
49,-6213.137,5741.351,-38.757,-37.660,0.772137,0.606312,0.190238,-0.618680,0.785609,0.007263,-0.145049,-0.123305,0.981711,0,0.57682,-0.13376,34.609,-0.268,-1,250.000,-1,300.000,-1,225.000,225.000,875.000,350.000,-1,-1,-1,-1,-1,525.000,-1,900.000,2,0,2,0,2,0,0,1,0,2,2,2,2,2,0,2,0
50,6231.371,327.974,-68.080,-53.382,0.594062,0.801892,-0.063715,-0.802907,0.595937,0.014129,0.049300,0.042764,0.997868,1,0.00000,0.00000,39.409,-0.264,-1,400.000,-1,375.000,-1,325.000,300.000,300.000,300.000,-1,775.000,875.000,-1,775.000,650.000,-1,-1,2,0,2,0,2,0,0,0,0,2,0,0,2,0,0,2,2
51,6234.242,324.127,-67.847,-53.265,0.595686,0.800680,-0.063800,-0.801686,0.597574,0.014294,0.049570,0.042633,0.997860,0,0.08000,0.05841,4.800,0.117,-1,400.000,-1,375.000,-1,325.000,300.000,300.000,300.000,-1,775.000,875.000,-1,775.000,650.000,-1,-1,2,0,2,0,2,0,0,0,0,2,0,0,2,0,0,2,2
52,6240.000,316.445,-67.380,-53.148,0.597297,0.799464,-0.063979,-0.800459,0.599209,0.014603,0.050012,0.042490,0.997844,0,0.16000,0.05841,9.600,0.117,-1,400.000,-1,375.000,-1,325.000,300.000,300.000,300.000,-1,750.000,875.000,-1,775.000,650.000,-1,-1,2,0,2,0,2,0,0,0,0,2,0,0,2,0,0,2,2
53,6248.660,304.940,-66.674,-53.031,0.598895,0.798247,-0.064248,-0.799226,0.600842,0.015068,0.050631,0.042325,0.997820,0,0.24000,0.05841,14.400,0.117,-1,400.000,-1,375.000,-1,325.000,300.000,300.000,300.000,-1,750.000,850.000,-1,775.000,650.000,-1,-1,2,0,2,0,2,0,0,0,0,2,0,0,2,0,0,2,2
54,6260.237,289.623,-65.732,-52.914,0.600479,0.797026,-0.064610,-0.797985,0.602473,0.015687,0.051429,0.042138,0.997787,0,0.32000,0.05841,19.200,0.117,-1,400.000,-1,375.000,-1,325.000,300.000,300.000,300.000,-1,725.000,850.000,-1,775.000,650.000,-1,-1,2,0,2,0,2,0,0,0,0,2,0,0,2,0,0,2,2
55,6274.749,270.507,-64.554,-52.797,0.602050,0.795803,-0.065066,-0.796737,0.604102,0.016459,0.052405,0.041931,0.997745,0,0.40000,0.05841,24.000,0.117,-1,400.000,-1,375.000,-1,325.000,325.000,300.000,300.000,-1,675.000,825.000,-1,775.000,650.000,-1,-1,2,0,2,0,2,0,0,0,0,2,0,0,2,0,0,2,2
56,6292.209,247.603,-63.142,-52.681,0.603607,0.794577,-0.065617,-0.795481,0.605729,0.017384,0.053559,0.041704,0.997693,0,0.48000,0.05841,28.800,0.117,-1,400.000,-1,375.000,-1,325.000,325.000,300.000,300.000,-1,650.000,825.000,-1,775.000,650.000,-1,-1,2,0,2,0,2,0,0,0,0,2,0,0,2,0,0,2,2
57,6312.634,220.924,-61.479,-52.564,0.605157,0.793351,-0.066178,-0.794215,0.607356,0.018459,0.054838,0.041389,0.997637,0,0.56000,0.05841,33.600,0.117,-1,400.000,-1,375.000,-1,325.000,325.000,300.000,300.000,-1,625.000,775.000,-1,775.000,650.000,-1,-1,2,0,2,0,2,0,0,0,0,2,0,0,2,0,0,2,2
58,6336.038,190.480,-59.300,-52.447,0.606795,0.792156,-0.065495,-0.792921,0.609007,0.019663,0.055463,0.040001,0.997659,0,0.64000,0.05841,38.400,0.117,-1,400.000,-1,375.000,-1,325.000,325.000,300.000,300.000,-1,650.000,800.000,-1,775.000,650.000,-1,-1,2,0,2,0,2,0,0,0,0,2,0,0,2,0,0,2,2
59,6362.437,156.285,-56.858,-52.330,0.608433,0.790960,-0.064737,-0.791616,0.610658,0.021021,0.056159,0.038457,0.997681,0,0.72000,0.05841,43.200,0.117,-1,400.000,-1,375.000,-1,325.000,325.000,300.000,300.000,-1,650.000,800.000,-1,775.000,650.000,-1,-1,2,0,2,0,2,0,0,0,0,2,0,0,2,0,0,2,2
60,6391.847,118.350,-54.156,-52.213,0.610073,0.789764,-0.063908,-0.790298,0.612308,0.022534,0.056928,0.036759,0.997701,0,0.80000,0.05841,48.000,0.117,-1,400.000,-1,375.000,-1,325.000,300.000,300.000,300.000,-1,625.000,825.000,-1,775.000,650.000,-1,-1,2,0,2,0,2,0,0,0,0,2,0,0,2,0,0,2,2
61,6422.741,78.668,-51.336,-52.097,0.611712,0.788564,-0.063046,-0.788970,0.613957,0.024138,0.057742,0.034976,0.997719,0,0.83816,0.05841,50.290,0.117,-1,400.000,-1,375.000,-1,325.000,300.000,300.000,300.000,-1,625.000,825.000,-1,775.000,650.000,-1,-1,2,0,2,0,2,0,0,0,0,2,0,0,2,0,0,2,2
62,6453.715,39.049,-48.142,-51.980,0.613346,0.787396,-0.061768,-0.787554,0.615630,0.027540,0.059711,0.031754,0.997711,0,0.83816,0.05841,50.290,0.117,-1,400.000,-1,375.000,-1,325.000,300.000,300.000,300.000,-1,575.000,750.000,-1,775.000,650.000,-1,-1,2,0,2,0,2,0,0,0,0,2,0,0,2,0,0,2,2
63,6484.770,-0.507,-45.002,-51.863,0.614999,0.786219,-0.060298,-0.786122,0.617297,0.030948,0.061554,0.028368,0.997701,0,0.83816,0.05841,50.290,0.117,-1,400.000,-1,375.000,-1,325.000,300.000,300.000,300.000,-1,550.000,725.000,-1,775.000,650.000,-1,-1,2,0,2,0,2,0,0,0,0,2,0,0,2,0,0,2,2
64,6515.906,-39.999,-41.951,-51.746,0.616687,0.785036,-0.058445,-0.784671,0.618959,0.034363,0.063151,0.024669,0.997699,0,0.83816,0.05841,50.290,0.117,-1,400.000,-1,375.000,-1,325.000,300.000,300.000,300.000,-1,525.000,700.000,-1,750.000,650.000,-1,-1,2,0,2,0,2,0,0,0,0,2,0,0,2,0,0,2,2
65,6547.122,-79.428,-38.911,-51.629,0.618378,0.783838,-0.056622,-0.783208,0.620611,0.037787,0.064759,0.020980,0.997680,0,0.83816,0.05841,50.290,0.117,-1,400.000,-1,375.000,-1,325.000,300.000,300.000,300.000,-1,500.000,675.000,-1,750.000,675.000,-1,-1,2,0,2,0,2,0,0,0,0,2,0,0,2,0,0,2,2
66,6578.418,-118.793,-35.624,-51.512,0.620064,0.782612,-0.055129,-0.781808,0.622240,0.039922,0.065547,0.018346,0.997681,0,0.83816,0.05841,50.290,0.117,-1,400.000,-1,375.000,-1,325.000,300.000,300.000,300.000,-1,525.000,700.000,-1,750.000,675.000,-1,-1,2,0,2,0,2,0,0,0,0,2,0,0,2,0,0,2,2
67,6609.796,-158.093,-32.247,-51.396,0.621745,0.781371,-0.053779,-0.780432,0.623858,0.041555,0.066020,0.016135,0.997688,0,0.83816,0.05841,50.290,0.117,-1,400.000,-1,375.000,-1,325.000,300.000,300.000,300.000,-1,550.000,750.000,-1,750.000,675.000,-1,-1,2,0,2,0,2,0,0,0,0,2,0,0,2,0,0,2,2
68,6641.253,-197.330,-28.897,-51.279,0.623417,0.780123,-0.052532,-0.779052,0.625470,0.043193,0.066553,0.013998,0.997685,0,0.83816,0.05841,50.290,0.117,-1,400.000,-1,375.000,-1,325.000,300.000,300.000,300.000,-1,575.000,800.000,-1,750.000,675.000,-1,-1,2,0,2,0,2,0,0,0,0,2,0,0,2,0,0,2,2
69,6672.790,-236.502,-25.568,-51.162,0.625083,0.778867,-0.051360,-0.777666,0.627076,0.044837,0.067129,0.011914,0.997673,0,0.83816,0.05841,50.290,0.117,-1,400.000,-1,375.000,-1,300.000,300.000,300.000,300.000,-1,600.000,825.000,-1,750.000,675.000,-1,-1,2,0,2,0,2,0,0,0,0,2,0,0,2,0,0,2,2
70,6704.408,-275.610,-21.966,-51.045,0.626637,0.777594,-0.051698,-0.776283,0.628670,0.046473,0.068638,0.011011,0.997581,0,0.83816,0.05841,50.290,0.117,-1,400.000,-1,375.000,-1,325.000,300.000,300.000,300.000,-1,625.000,825.000,-1,750.000,675.000,-1,-1,2,0,2,0,2,0,0,0,0,2,0,0,2,0,0,2,2
71,6737.309,-316.485,-18.126,-51.168,0.624889,0.778947,-0.052491,-0.777530,0.626999,0.048159,0.070425,0.010719,0.997459,0,0.87453,-0.06159,52.472,-0.123,-1,400.000,-1,375.000,-1,325.000,300.000,300.000,300.000,-1,625.000,800.000,-1,750.000,675.000,-1,-1,2,0,2,0,2,0,0,0,0,2,0,0,2,0,0,2,2
72,6769.951,-357.568,-14.282,-51.532,0.619852,0.782905,-0.053323,-0.781391,0.622048,0.049848,0.072196,0.010768,0.997332,0,0.87453,-0.18159,52.472,-0.363,-1,400.000,-1,375.000,-1,325.000,300.000,300.000,300.000,-1,625.000,775.000,-1,775.000,675.000,-1,-1,2,0,2,0,2,0,0,0,0,2,0,0,2,0,0,2,2
73,6802.159,-398.992,-10.438,-52.135,0.611475,0.789407,-0.054179,-0.787800,0.613769,0.051562,0.073957,0.011153,0.997199,0,0.87453,-0.30159,52.472,-0.603,-1,400.000,-1,375.000,-1,325.000,300.000,300.000,300.000,-1,625.000,775.000,-1,775.000,675.000,-1,-1,2,0,2,0,2,0,0,0,0,2,0,0,2,0,0,2,2
74,6833.812,-440.842,-6.547,-52.898,0.600816,0.797507,-0.054787,-0.795807,0.603198,0.053317,0.075568,0.011566,0.997074,0,0.87453,-0.38156,52.472,-0.763,-1,400.000,-1,375.000,-1,325.000,300.000,325.000,300.000,-1,625.000,750.000,-1,775.000,675.000,-1,-1,2,0,2,0,2,0,0,0,0,2,0,0,2,0,0,2,2
75,6864.905,-483.109,-2.381,-53.661,0.590171,0.805478,-0.053882,-0.803658,0.592528,0.055173,0.076368,0.010741,0.997022,0,0.87453,-0.38156,52.472,-0.763,-1,400.000,-1,375.000,-1,325.000,325.000,325.000,300.000,-1,625.000,775.000,-1,775.000,675.000,-1,-1,2,0,2,0,2,0,0,0,0,2,0,0,2,0,0,2,2
76,6895.432,-525.787,1.653,-54.424,0.579433,0.813309,-0.052784,-0.811320,0.581756,0.057615,0.077566,0.009440,0.996942,0,0.87453,-0.38156,52.472,-0.763,-1,400.000,-1,375.000,-1,325.000,325.000,325.000,300.000,-1,575.000,750.000,-1,775.000,700.000,-1,-1,2,0,2,0,2,0,0,0,0,2,0,0,2,0,0,2,2
77,6925.387,-568.868,5.615,-55.187,0.568590,0.820993,-0.051733,-0.818858,0.570877,0.059756,0.078592,0.008385,0.996872,0,0.87453,-0.38156,52.472,-0.763,-1,400.000,-1,375.000,-1,325.000,325.000,325.000,300.000,-1,525.000,700.000,-1,775.000,700.000,-1,-1,2,0,2,0,2,0,0,0,0,2,0,0,2,0,0,2,2
78,6954.767,-612.344,9.674,-55.950,0.557659,0.828532,-0.050500,-0.826211,0.559898,0.062361,0.079943,0.006948,0.996775,0,0.87453,-0.38156,52.472,-0.763,-1,400.000,-1,375.000,-1,325.000,325.000,325.000,300.000,-1,500.000,675.000,-1,775.000,700.000,-1,-1,2,0,2,0,2,0,0,0,0,2,0,0,2,0,0,2,2
79,6983.564,-656.208,13.752,-56.713,0.546638,0.835924,-0.049179,-0.833404,0.548819,0.065085,0.081396,0.005408,0.996667,0,0.87453,-0.38156,52.472,-0.763,-1,400.000,-1,375.000,-1,325.000,325.000,325.000,300.000,-1,475.000,625.000,-1,750.000,700.000,-1,-1,2,0,2,0,2,0,0,0,0,2,0,0,2,0,0,2,2
80,7011.775,-700.451,17.824,-57.477,0.535525,0.843165,-0.047802,-0.840443,0.537641,0.067810,0.082875,0.003861,0.996552,0,0.87453,-0.38156,52.472,-0.763,-1,400.000,-1,375.000,-1,325.000,325.000,300.000,300.000,-1,450.000,600.000,-1,750.000,725.000,-1,-1,2,0,2,0,2,0,0,0,0,2,0,0,2,0,0,2,2
81,7039.394,-745.066,21.917,-58.240,0.524321,0.850255,-0.046417,-0.847339,0.526366,0.070404,0.084293,0.002417,0.996438,0,0.87453,-0.38156,52.472,-0.763,-1,400.000,-1,375.000,-1,325.000,325.000,300.000,300.000,-1,425.000,575.000,-1,750.000,725.000,-1,-1,2,0,2,0,2,0,0,0,0,2,0,0,2,0,0,2,2
82,7066.417,-790.044,26.409,-59.003,0.512968,0.857190,-0.045714,-0.854245,0.514994,0.071042,0.084438,0.002609,0.996425,0,0.87453,-0.38156,52.472,-0.763,-1,400.000,-1,375.000,-1,325.000,325.000,300.000,300.000,-1,450.000,625.000,-1,750.000,725.000,-1,-1,2,0,2,0,2,0,0,0,0,2,0,0,2,0,0,2,2
83,7092.838,-835.378,30.898,-59.766,0.501523,0.863972,-0.045021,-0.860999,0.503532,0.071667,0.084588,0.002820,0.996412,0,0.87453,-0.38156,52.472,-0.763,-1,400.000,-1,375.000,-1,325.000,325.000,300.000,300.000,-1,500.000,650.000,-1,750.000,725.000,-1,-1,2,0,2,0,2,0,0,0,0,2,0,0,2,0,0,2,2
84,7118.653,-881.061,35.523,-60.529,0.489925,0.870600,-0.045054,-0.867592,0.491979,0.072394,0.085192,0.003621,0.996358,0,0.87453,-0.38156,52.472,-0.763,-1,400.000,-1,375.000,-1,325.000,325.000,300.000,300.000,-1,525.000,675.000,-1,750.000,750.000,-1,-1,2,0,2,0,2,0,0,0,0,2,0,0,2,0,0,2,2
85,7141.727,-922.776,39.731,-61.052,0.481917,0.875053,-0.045147,-0.872007,0.484009,0.073067,0.085789,0.004156,0.996305,0,0.79453,-0.26156,47.672,-0.523,-1,400.000,-1,375.000,-1,325.000,325.000,300.000,300.000,-1,550.000,700.000,-1,750.000,750.000,-1,-1,2,0,2,0,2,0,0,0,0,2,0,0,2,0,0,2,2
86,7162.292,-960.394,43.481,-61.335,0.477573,0.877434,-0.045092,-0.874348,0.479679,0.073649,0.086252,0.004253,0.996264,0,0.71453,-0.14156,42.872,-0.283,-1,400.000,-1,375.000,-1,325.000,325.000,300.000,300.000,-1,575.000,725.000,-1,750.000,750.000,-1,-1,2,0,2,0,2,0,0,0,0,2,0,0,2,0,0,2,2
87,7180.529,-993.813,46.790,-61.378,0.476919,0.877796,-0.044971,-0.874667,0.479019,0.074152,0.086633,0.003970,0.996232,0,0.63453,-0.02156,38.072,-0.043,-1,400.000,-1,375.000,-1,325.000,325.000,300.000,300.000,-1,600.000,750.000,-1,750.000,750.000,-1,-1,2,0,2,0,2,0,0,0,0,2,0,0,2,0,0,2,2
88,7197.554,-1024.973,49.877,-61.349,0.477375,0.877553,-0.044878,-0.874382,0.479466,0.074625,0.087005,0.003617,0.996201,0,0.59179,0.01458,35.507,0.029,-1,400.000,-1,375.000,-1,325.000,325.000,325.000,300.000,-1,625.000,775.000,-1,750.000,750.000,-1,-1,2,0,2,0,2,0,0,0,0,2,0,0,2,0,0,2,2
89,7214.594,-1056.124,52.967,-61.320,0.477828,0.877310,-0.044805,-0.874096,0.479913,0.075102,0.087390,0.003278,0.996169,0,0.59179,0.01458,35.507,0.029,-1,400.000,-1,400.000,-1,325.000,325.000,325.000,300.000,-1,650.000,775.000,-1,750.000,750.000,-1,-1,2,0,2,0,2,0,0,0,0,2,0,0,2,0,0,2,2
90,7231.651,-1087.267,56.060,-61.291,0.478280,0.877066,-0.044750,-0.873808,0.480360,0.075584,0.087788,0.002953,0.996135,0,0.59179,0.01458,35.507,0.029,-1,400.000,-1,400.000,-1,325.000,325.000,325.000,300.000,-1,675.000,800.000,-1,775.000,775.000,-1,-1,2,0,2,0,2,0,0,0,0,2,0,0,2,0,0,2,2
91,7248.723,-1118.400,59.155,-61.262,0.478730,0.876823,-0.044716,-0.873521,0.480807,0.076070,0.088200,0.002643,0.996099,0,0.59179,0.01458,35.507,0.029,-1,400.000,-1,400.000,-1,325.000,325.000,325.000,300.000,-1,700.000,825.000,-1,775.000,775.000,-1,-1,2,0,2,0,2,0,0,0,0,2,0,0,2,0,0,2,2
92,7265.811,-1149.525,62.236,-61.233,0.479172,0.876578,-0.044780,-0.873231,0.481253,0.076575,0.088674,0.002411,0.996058,0,0.59179,0.01458,35.507,0.029,-1,400.000,-1,400.000,-1,325.000,325.000,325.000,300.000,-1,725.000,850.000,-1,775.000,775.000,-1,-1,2,0,2,0,2,0,0,0,0,2,0,0,2,0,0,2,2
93,7282.915,-1180.642,65.390,-61.203,0.479640,0.876334,-0.044543,-0.872944,0.481700,0.077029,0.088959,0.001937,0.996033,0,0.59179,0.01458,35.507,0.029,-1,400.000,-1,400.000,-1,325.000,325.000,325.000,300.000,-1,750.000,875.000,-1,775.000,775.000,-1,-1,2,0,2,0,2,0,0,0,0,2,0,0,2,0,0,2,2
94,7300.034,-1211.749,68.549,-61.174,0.480108,0.876089,-0.044315,-0.872657,0.482146,0.077487,0.089252,0.001470,0.996008,0,0.59179,0.01458,35.507,0.029,-1,400.000,-1,400.000,-1,325.000,325.000,325.000,300.000,-1,775.000,900.000,-1,775.000,775.000,-1,-1,2,0,2,0,2,0,0,0,0,2,0,0,2,0,0,2,2
95,7319.604,-1246.987,72.114,-60.954,0.483501,0.874232,-0.044101,-0.870755,0.485508,0.077894,0.089509,0.000739,0.995986,0,0.67179,0.11002,40.307,0.220,-1,400.000,-1,400.000,-1,325.000,325.000,325.000,300.000,-1,800.000,925.000,-1,775.000,775.000,-1,-1,2,0,2,0,2,0,0,0,0,2,0,0,2,0,0,2,2
96,7340.436,-1284.162,75.823,-60.734,0.486876,0.872361,-0.044012,-0.868864,0.488861,0.078034,0.089590,0.000248,0.995979,0,0.71023,0.11002,42.614,0.220,-1,400.000,-1,400.000,-1,325.000,325.000,325.000,300.000,-1,850.000,975.000,-1,775.000,800.000,-1,-1,2,0,2,0,2,0,0,0,0,2,0,0,2,0,0,2,2
97,7361.411,-1321.257,79.538,-60.514,0.490243,0.870478,-0.043937,-0.866960,0.492208,0.078179,0.089679,-0.000235,0.995971,0,0.71023,0.11002,42.614,0.220,-1,400.000,-1,400.000,-1,325.000,325.000,325.000,300.000,-1,875.000,-1,-1,775.000,800.000,-1,-1,2,0,2,0,2,0,0,0,0,2,0,2,2,0,0,2,2
98,7382.528,-1358.271,83.261,-60.294,0.493601,0.868581,-0.043875,-0.865042,0.495547,0.078328,0.089777,-0.000709,0.995962,0,0.71023,0.11002,42.614,0.220,-1,400.000,-1,400.000,-1,325.000,325.000,325.000,300.000,-1,925.000,-1,-1,775.000,800.000,-1,-1,2,0,2,0,2,0,0,0,0,2,0,2,2,0,0,2,2
99,7403.787,-1395.203,86.991,-60.074,0.496951,0.866671,-0.043827,-0.863111,0.498879,0.078481,0.089882,-0.001174,0.995952,0,0.71023,0.11002,42.614,0.220,-1,400.000,-1,400.000,-1,325.000,325.000,325.000,300.000,-1,975.000,-1,-1,775.000,825.000,-1,-1,2,0,2,0,2,0,0,0,0,2,0,2,2,0,0,2,2
100,7425.188,-1432.053,90.834,-59.854,0.500274,0.864749,-0.043993,-0.861213,0.502203,0.078128,0.089655,-0.001198,0.995972,0,0.71023,0.11002,42.614,0.220,-1,400.000,-1,400.000,-1,325.000,325.000,325.000,300.000,-1,-1,-1,-1,775.000,825.000,-1,-1,2,0,2,0,2,0,0,0,0,2,2,2,2,0,0,2,2
101,7446.730,-1468.821,94.686,-59.634,0.503588,0.862814,-0.044174,-0.859303,0.505521,0.077765,0.089428,-0.001203,0.995993,0,0.71023,0.11002,42.614,0.220,-1,400.000,-1,400.000,-1,325.000,325.000,325.000,300.000,-1,-1,-1,-1,775.000,825.000,-1,-1,2,0,2,0,2,0,0,0,0,2,2,2,2,0,0,2,2
102,7468.414,-1505.506,98.526,-59.414,0.506903,0.860866,-0.044262,-0.857381,0.508830,0.077390,0.089144,-0.001280,0.996018,0,0.71023,0.11002,42.614,0.220,-1,400.000,-1,400.000,-1,325.000,325.000,325.000,300.000,-1,-1,-1,-1,775.000,825.000,-1,-1,2,0,2,0,2,0,0,0,0,2,2,2,2,0,0,2,2
103,7490.237,-1542.107,102.269,-59.194,0.510246,0.858905,-0.043944,-0.855435,0.512132,0.077150,0.088770,-0.001775,0.996051,0,0.71023,0.11002,42.614,0.220,-1,400.000,-1,400.000,-1,325.000,325.000,325.000,300.000,-1,-1,-1,-1,775.000,850.000,-1,-1,2,0,2,0,2,0,0,0,0,2,2,2,2,0,0,2,2
104,7512.202,-1578.625,106.007,-58.974,0.513583,0.856931,-0.043615,-0.853470,0.515426,0.076967,0.088436,-0.002305,0.996079,0,0.71023,0.11002,42.614,0.220,-1,400.000,-1,400.000,-1,325.000,325.000,325.000,300.000,-1,-1,-1,-1,775.000,850.000,-1,-1,2,0,2,0,2,0,0,0,0,2,2,2,2,0,0,2,2
105,7534.306,-1615.057,109.754,-58.754,0.516910,0.854944,-0.043300,-0.851494,0.518713,0.076777,0.088100,-0.002817,0.996108,0,0.71023,0.11002,42.614,0.220,-1,400.000,-1,400.000,-1,325.000,325.000,300.000,300.000,-1,-1,-1,-1,775.000,850.000,-1,-1,2,0,2,0,2,0,0,0,0,2,2,2,2,0,0,2,2
106,7556.550,-1651.405,113.510,-58.534,0.520228,0.852944,-0.042999,-0.849506,0.521991,0.076580,0.087764,-0.003311,0.996136,0,0.71023,0.11002,42.614,0.220,-1,400.000,-1,400.000,-1,325.000,325.000,300.000,300.000,-1,-1,-1,-1,775.000,850.000,-1,-1,2,0,2,0,2,0,0,0,0,2,2,2,2,0,0,2,2
107,7578.934,-1687.667,117.276,-58.314,0.523536,0.850932,-0.042712,-0.847506,0.525262,0.076375,0.087425,-0.003786,0.996164,0,0.71023,0.11002,42.614,0.220,-1,400.000,-1,400.000,-1,325.000,325.000,300.000,300.000,-1,-1,-1,-1,775.000,850.000,-1,-1,2,0,2,0,2,0,0,0,0,2,2,2,2,0,0,2,2
108,7601.457,-1723.842,121.033,-58.094,0.526833,0.848907,-0.042467,-0.845501,0.528525,0.076085,0.087034,-0.004179,0.996197,0,0.71023,0.11002,42.614,0.220,-1,400.000,-1,400.000,-1,325.000,325.000,300.000,300.000,-1,-1,-1,-1,775.000,875.000,-1,-1,2,0,2,0,2,0,0,0,0,2,2,2,2,0,0,2,2
109,7624.118,-1759.931,124.800,-57.874,0.530121,0.846870,-0.042233,-0.843484,0.531781,0.075793,0.086645,-0.004557,0.996229,0,0.71023,0.11002,42.614,0.220,-1,400.000,-1,400.000,-1,325.000,325.000,300.000,300.000,-1,-1,-1,-1,775.000,875.000,-1,-1,2,0,2,0,2,0,0,0,0,2,2,2,2,0,0,2,2
110,7646.918,-1795.933,128.536,-57.654,0.533382,0.844821,-0.042209,-0.841451,0.535028,0.075526,0.086389,-0.004768,0.996250,0,0.71023,0.11002,42.614,0.220,-1,400.000,-1,400.000,-1,325.000,325.000,300.000,300.000,-1,-1,-1,-1,775.000,875.000,-1,-1,2,0,2,0,2,0,0,0,0,2,2,2,2,0,0,2,2
111,7669.856,-1831.846,132.231,-57.434,0.536614,0.842760,-0.042439,-0.839404,0.538269,0.075288,0.086294,-0.004777,0.996258,0,0.71023,0.11002,42.614,0.220,-1,400.000,-1,400.000,-1,325.000,325.000,300.000,300.000,-1,-1,-1,-1,800.000,875.000,-1,-1,2,0,2,0,2,0,0,0,0,2,2,2,2,0,0,2,2
112,7692.932,-1867.672,135.938,-57.214,0.539838,0.840686,-0.042680,-0.837343,0.541501,0.075052,0.086206,-0.004778,0.996266,0,0.71023,0.11002,42.614,0.220,-1,400.000,-1,425.000,-1,325.000,325.000,300.000,300.000,-1,-1,-1,-1,800.000,900.000,-1,-1,2,0,2,0,2,0,0,0,0,2,2,2,2,0,0,2,2
113,7716.145,-1903.408,139.555,-56.994,0.543038,0.838602,-0.043084,-0.835311,0.544727,0.074358,0.085826,-0.004390,0.996301,0,0.71023,0.11002,42.614,0.220,-1,400.000,-1,425.000,-1,325.000,325.000,300.000,300.000,-1,-1,-1,-1,800.000,900.000,-1,-1,2,0,2,0,2,0,0,0,0,2,2,2,2,0,0,2,2
114,7739.495,-1939.055,143.017,-56.774,0.546207,0.836507,-0.043744,-0.833330,0.547945,0.072912,0.084961,-0.003372,0.996379,0,0.71023,0.11002,42.614,0.220,-1,400.000,-1,425.000,-1,325.000,325.000,300.000,300.000,-1,-1,-1,-1,800.000,900.000,-1,-1,2,0,2,0,2,0,0,0,0,2,2,2,2,0,0,2,2
115,7762.983,-1974.612,146.489,-56.554,0.549368,0.834399,-0.044407,-0.831337,0.551155,0.071457,0.084099,-0.002339,0.996455,0,0.71023,0.11002,42.614,0.220,-1,400.000,-1,425.000,-1,325.000,325.000,300.000,300.000,-1,-1,-1,-1,800.000,900.000,-1,-1,2,0,2,0,2,0,0,0,0,2,2,2,2,0,0,2,2
116,7784.077,-2005.995,149.578,-56.094,0.556024,0.829948,-0.044982,-0.826980,0.557838,0.070151,0.083314,-0.001807,0.996522,0,0.63023,0.23002,37.814,0.460,-1,400.000,-1,425.000,-1,325.000,325.000,300.000,300.000,-1,-1,-1,-1,800.000,900.000,-1,-1,2,0,2,0,2,0,0,0,0,2,2,2,2,0,0,2,2
117,7802.883,-2033.250,152.281,-55.394,0.566120,0.823071,-0.045414,-0.820176,0.567936,0.068993,0.082578,-0.001811,0.996583,0,0.55190,0.35002,33.114,0.700,-1,400.000,-1,425.000,-1,325.000,325.000,300.000,300.000,-1,-1,-1,-1,800.000,900.000,-1,-1,2,0,2,0,2,0,0,0,0,2,2,2,2,0,0,2,2
118,7822.062,-2060.245,154.975,-54.607,0.577371,0.815198,-0.045767,-0.812370,0.579179,0.067871,0.081836,-0.002007,0.996644,0,0.55190,0.39321,33.114,0.786,-1,400.000,-1,425.000,-1,325.000,325.000,325.000,300.000,-1,-1,-1,-1,800.000,875.000,-1,-1,2,0,2,0,2,0,0,0,0,2,2,2,2,0,0,2,2
119,7841.610,-2086.973,157.615,-53.821,0.588522,0.807171,-0.046010,-0.804386,0.590313,0.067042,0.081275,-0.002446,0.996689,0,0.55190,0.39321,33.114,0.786,-1,400.000,-1,425.000,-1,325.000,325.000,325.000,300.000,-1,-1,-1,-1,800.000,875.000,-1,-1,2,0,2,0,2,0,0,0,0,2,2,2,2,0,0,2,2
120,7861.522,-2113.431,160.261,-53.034,0.599562,0.798992,-0.046230,-0.796248,0.601335,0.066220,0.080709,-0.002892,0.996734,0,0.55190,0.39321,33.114,0.786,-1,400.000,-1,425.000,-1,325.000,325.000,325.000,300.000,-1,-1,-1,-1,800.000,875.000,-1,-1,2,0,2,0,2,0,0,0,0,2,2,2,2,0,0,2,2
121,7881.796,-2139.613,162.911,-52.248,0.610490,0.790662,-0.046429,-0.787959,0.612244,0.065404,0.080138,-0.003344,0.996778,0,0.55190,0.39321,33.114,0.786,-1,400.000,-1,425.000,-1,325.000,325.000,325.000,300.000,-1,-1,-1,-1,800.000,875.000,-1,-1,2,0,2,0,2,0,0,0,0,2,2,2,2,0,0,2,2
122,7902.428,-2165.514,165.564,-51.461,0.621303,0.782183,-0.046606,-0.779521,0.623037,0.064595,0.079562,-0.003802,0.996823,0,0.55190,0.39321,33.114,0.786,-1,400.000,-1,400.000,-1,325.000,325.000,325.000,300.000,-1,-1,-1,-1,800.000,875.000,-1,-1,2,0,2,0,2,0,0,0,0,2,2,2,2,0,0,2,2
123,7923.412,-2191.130,168.221,-50.675,0.631999,0.773557,-0.046762,-0.770934,0.633713,0.063793,0.078981,-0.004266,0.996867,0,0.55190,0.39321,33.114,0.786,-1,400.000,-1,400.000,-1,325.000,325.000,325.000,300.000,-1,-1,-1,-1,800.000,875.000,-1,-1,2,0,2,0,2,0,0,0,0,2,2,2,2,0,0,2,2
124,7944.747,-2216.455,170.875,-49.889,0.642575,0.764785,-0.046927,-0.762200,0.644269,0.062998,0.078414,-0.004713,0.996910,0,0.55190,0.39321,33.114,0.786,-1,400.000,-1,400.000,-1,325.000,325.000,325.000,300.000,-1,-1,-1,-1,800.000,875.000,-1,-1,2,0,2,0,2,0,0,0,0,2,2,2,2,0,0,2,2
125,7966.427,-2241.485,173.411,-49.102,0.653070,0.755867,-0.046527,-0.753321,0.654702,0.062233,0.077501,-0.005593,0.996977,0,0.55190,0.39321,33.114,0.786,-1,400.000,-1,400.000,-1,325.000,325.000,325.000,300.000,-1,-1,-1,-1,800.000,875.000,-1,-1,2,0,2,0,2,0,0,0,0,2,2,2,2,0,0,2,2
126,7988.448,-2266.215,175.916,-48.316,0.663456,0.746805,-0.045916,-0.744298,0.665010,0.061502,0.076464,-0.006629,0.997050,0,0.55190,0.39321,33.114,0.786,-1,400.000,-1,400.000,-1,325.000,325.000,325.000,325.000,-1,-1,-1,-1,800.000,875.000,-1,-1,2,0,2,0,2,0,0,0,0,2,2,2,2,0,0,2,2
127,8010.807,-2290.640,178.426,-47.529,0.673716,0.737602,-0.045283,-0.735132,0.675193,0.060798,0.075420,-0.007672,0.997122,0,0.55190,0.39321,33.114,0.786,-1,400.000,-1,400.000,-1,325.000,325.000,325.000,325.000,-1,-1,-1,-1,800.000,875.000,-1,-1,2,0,2,0,2,0,0,0,0,2,2,2,2,0,0,2,2
128,8033.499,-2314.757,180.941,-46.743,0.683847,0.728259,-0.044630,-0.725825,0.685247,0.060124,0.074368,-0.008722,0.997193,0,0.55190,0.39321,33.114,0.786,-1,400.000,-1,400.000,-1,325.000,325.000,325.000,325.000,-1,-1,-1,-1,800.000,875.000,-1,-1,2,0,2,0,2,0,0,0,0,2,2,2,2,0,0,2,2
129,8056.520,-2338.559,183.459,-45.957,0.693849,0.718778,-0.043956,-0.716380,0.695171,0.059478,0.073309,-0.009779,0.997261,0,0.55190,0.39321,33.114,0.786,-1,400.000,-1,400.000,-1,325.000,325.000,325.000,325.000,-1,-1,-1,-1,775.000,875.000,-1,-1,2,0,2,0,2,0,0,0,0,2,2,2,2,0,0,2,2
130,8079.865,-2362.043,185.889,-45.170,0.703689,0.709164,-0.043688,-0.706799,0.704966,0.058814,0.072507,-0.010508,0.997313,0,0.55190,0.39321,33.114,0.786,-1,400.000,-1,400.000,-1,325.000,325.000,325.000,325.000,-1,-1,-1,-1,775.000,850.000,-1,-1,2,0,2,0,2,0,0,0,0,2,2,2,2,0,0,2,2
131,8103.531,-2385.205,188.195,-44.384,0.713357,0.699419,-0.043991,-0.697086,0.714630,0.058094,0.072069,-0.010776,0.997341,0,0.55190,0.39321,33.114,0.786,-1,400.000,-1,400.000,-1,325.000,325.000,325.000,325.000,-1,-1,-1,-1,800.000,850.000,-1,-1,2,0,2,0,2,0,0,0,0,2,2,2,2,0,0,2,2
132,8127.512,-2408.040,190.504,-43.597,0.722891,0.689543,-0.044269,-0.687240,0.724161,0.057377,0.071621,-0.011054,0.997371,0,0.55190,0.39321,33.114,0.786,-1,400.000,-1,400.000,-1,325.000,325.000,300.000,325.000,-1,-1,-1,-1,800.000,850.000,-1,-1,2,0,2,0,2,0,0,0,0,2,2,2,2,0,0,2,2
133,8151.805,-2430.543,192.805,-42.811,0.732289,0.679537,-0.044527,-0.677269,0.733554,0.056607,0.071129,-0.011296,0.997403,0,0.55190,0.39321,33.114,0.786,-1,400.000,-1,400.000,-1,325.000,325.000,300.000,325.000,-1,-1,-1,-1,800.000,850.000,-1,-1,2,0,2,0,2,0,0,0,0,2,2,2,2,0,0,2,2
134,8176.404,-2452.711,195.105,-42.024,0.741550,0.669403,-0.044760,-0.667170,0.742810,0.055830,0.070621,-0.011538,0.997436,0,0.55190,0.39321,33.114,0.786,-1,400.000,-1,400.000,-1,325.000,325.000,300.000,325.000,-1,-1,-1,-1,800.000,850.000,-1,-1,2,0,2,0,2,0,0,0,0,2,2,2,2,0,0,2,2
135,8201.305,-2474.540,197.407,-41.238,0.750672,0.659143,-0.044968,-0.656945,0.751925,0.055058,0.070103,-0.011789,0.997470,0,0.55190,0.39321,33.114,0.786,-1,400.000,-1,400.000,-1,325.000,325.000,300.000,325.000,-1,-1,-1,-1,800.000,850.000,-1,-1,2,0,2,0,2,0,0,0,0,2,2,2,2,0,0,2,2
136,8226.503,-2496.024,199.710,-40.452,0.759654,0.648758,-0.045149,-0.646595,0.760899,0.054292,0.069577,-0.012050,0.997504,0,0.55190,0.39321,33.114,0.786,-1,400.000,-1,400.000,-1,325.000,325.000,300.000,325.000,-1,-1,-1,-1,800.000,850.000,-1,-1,2,0,2,0,2,0,0,0,0,2,2,2,2,0,0,2,2
137,8251.994,-2517.160,202.015,-39.665,0.768493,0.638252,-0.045306,-0.636122,0.769729,0.053533,0.069040,-0.012320,0.997538,0,0.55190,0.39321,33.114,0.786,-1,400.000,-1,400.000,-1,325.000,325.000,300.000,300.000,-1,-1,-1,-1,800.000,850.000,-1,-1,2,0,2,0,2,0,0,0,0,2,2,2,2,0,0,2,2
138,8281.608,-2540.834,204.653,-38.639,0.779815,0.624357,-0.045466,-0.622263,0.781034,0.052672,0.068397,-0.012783,0.997576,0,0.63190,0.51321,37.914,1.026,-1,400.000,-1,400.000,-1,325.000,325.000,325.000,325.000,-1,-1,-1,-1,800.000,850.000,-1,-1,2,0,2,0,2,0,0,0,0,2,2,2,2,0,0,2,2
139,8312.086,-2564.113,207.285,-37.372,0.793440,0.606937,-0.045609,-0.604876,0.794635,0.051764,0.067660,-0.013483,0.997617,0,0.63919,0.63321,38.351,1.266,-1,400.000,-1,400.000,-1,325.000,325.000,325.000,325.000,-1,-1,-1,-1,800.000,850.000,-1,-1,2,0,2,0,2,0,0,0,0,2,2,2,2,0,0,2,2
