timestep,x_cm,y_cm,z_cm,yaw_deg,basis_xx,basis_xy,basis_xz,basis_yx,basis_yy,basis_yz,basis_zx,basis_zy,basis_zz,teleport_flag,throttle_cmd,steering_cmd,cmd_move_cm,cmd_turn_deg,lidar_cm_0,lidar_cm_1,lidar_cm_2,lidar_cm_3,lidar_cm_4,lidar_cm_5,lidar_cm_6,lidar_cm_7,lidar_cm_8,lidar_cm_9,lidar_cm_10,lidar_cm_11,lidar_cm_12,lidar_cm_13,lidar_cm_14,lidar_cm_15,lidar_cm_16,lidar_class_0,lidar_class_1,lidar_class_2,lidar_class_3,lidar_class_4,lidar_class_5,lidar_class_6,lidar_class_7,lidar_class_8,lidar_class_9,lidar_class_10,lidar_class_11,lidar_class_12,lidar_class_13,lidar_class_14,lidar_class_15,lidar_class_16
0,-6379.831,8203.079,93.612,9.169,0.987193,-0.158964,-0.013429,0.159341,0.986621,0.034479,0.007768,-0.036178,0.999315,0,0.42776,-0.24287,0.732,-0.012,-1,887.827,-1,873.972,-1,677.144,672.031,676.703,570.928,-1,-1,-1,-1,-1,-1,-1,-1,2,0,2,0,2,0,0,0,0,2,2,2,2,2,2,2,2
1,-6378.498,8203.226,96.348,9.158,0.987219,-0.158804,-0.013408,0.159154,0.986759,0.031258,0.008267,-0.032992,0.999421,0,0.42776,-0.24287,1.341,-0.011,-1,903.569,-1,882.590,-1,687.634,681.338,691.444,571.605,-1,-1,-1,-1,-1,-1,-1,-1,2,0,2,0,2,0,0,0,0,2,2,2,2,2,2,2,2
2,-6376.539,8203.397,97.874,9.148,0.987221,-0.158581,-0.015707,0.158976,0.986876,0.028317,0.011010,-0.030452,0.999476,0,0.42776,-0.24287,1.967,-0.010,-1,923.558,-1,896.787,-1,701.044,694.041,701.958,570.453,-1,-1,-1,-1,-1,-1,-1,-1,2,0,2,0,2,0,0,0,0,2,2,2,2,2,2,2,2
3,-6374.008,8203.607,98.162,9.139,0.987188,-0.158346,-0.019677,0.158816,0.986987,0.025193,0.015432,-0.027996,0.999489,0,0.42776,-0.24287,2.539,-0.009,-1,946.992,-1,913.907,-1,716.053,708.442,709.090,566.188,-1,-1,-1,-1,-1,-1,-1,-1,2,0,2,0,2,0,0,0,0,2,2,2,2,2,2,2,2
4,-6370.936,8203.856,97.305,9.134,0.987106,-0.158175,-0.024557,0.158706,0.987094,0.021380,0.020858,-0.025001,0.999470,0,0.42776,-0.24287,3.082,-0.005,-1,972.405,-1,930.974,-1,731.310,722.829,714.549,557.766,-1,-1,-1,-1,-1,-1,-1,-1,2,0,2,0,2,0,0,0,0,2,2,2,2,2,2,2,2
5,-6367.395,8204.101,95.454,9.133,0.986980,-0.158159,-0.029244,0.158680,0.987193,0.016432,0.026271,-0.020858,0.999437,0,0.42776,-0.24287,3.549,-0.000,-1,996.736,-1,943.217,-1,744.385,734.353,720.225,544.392,-1,-1,-1,-1,-1,-1,-1,-1,2,0,2,0,2,0,0,0,0,2,2,2,2,2,2,2,2
6,-6363.482,8204.341,93.117,9.122,0.986911,-0.158005,-0.032274,0.158460,0.987292,0.012054,0.029959,-0.017011,0.999406,0,0.42776,-0.24287,3.920,-0.012,-1,-1,-1,946.470,-1,751.014,739.119,723.641,530.365,-1,-1,-1,-1,-1,-1,-1,-1,2,2,2,0,2,0,0,0,0,2,2,2,2,2,2,2,2
7,-6359.339,8204.743,90.883,9.107,0.986945,-0.157814,-0.032167,0.158215,0.987351,0.010293,0.030136,-0.015248,0.999429,0,0.42776,-0.24287,4.162,-0.014,-1,1007.053,-1,937.213,-1,746.028,733.252,721.501,520.503,-1,-1,-1,-1,-1,-1,-1,-1,2,0,2,0,2,0,0,0,0,2,2,2,2,2,2,2,2
8,-6354.979,8205.422,89.062,9.093,0.987077,-0.157586,-0.029080,0.157985,0.987369,0.011956,0.026829,-0.016395,0.999506,0,0.42776,-0.24287,4.413,-0.014,-1,984.164,-1,918.257,-1,730.450,718.216,712.519,517.016,-1,-1,-1,-1,-1,-1,-1,-1,2,0,2,0,2,0,0,0,0,2,2,2,2,2,2,2,2
9,-6350.339,8206.423,87.763,9.081,0.987248,-0.157368,-0.023997,0.157795,0.987324,0.017064,0.021007,-0.020633,0.999566,0,0.42776,-0.24287,4.746,-0.012,-1,948.035,-1,895.233,-1,708.743,698.180,697.383,520.638,-1,-1,-1,-1,-1,-1,-1,-1,2,0,2,0,2,0,0,0,0,2,2,2,2,2,2,2,2
10,-6345.312,8207.724,86.951,9.063,0.987416,-0.157086,-0.018263,0.157512,0.987203,0.024886,0.014120,-0.027450,0.999523,0,0.50833,-0.61281,5.192,-0.018,-1,907.371,-1,873.849,-1,685.727,677.937,677.961,530.723,-1,-1,-1,-1,-1,-1,-1,-1,2,0,2,0,2,0,0,0,0,2,2,2,2,2,2,2,2
11,-6339.798,8209.240,86.525,9.045,0.987541,-0.156857,-0.012599,0.157201,0.986987,0.033835,0.007128,-0.035394,0.999348,0,0.50833,-0.61281,5.719,-0.019,-1,868.831,-1,855.768,-1,664.365,659.831,657.677,544.575,-1,-1,-1,-1,-1,-1,-1,-1,2,0,2,0,2,0,0,0,0,2,2,2,2,2,2,2,2
12,-6333.617,8210.848,86.467,9.031,0.987601,-0.156750,-0.008540,0.156970,0.986740,0.041286,0.001955,-0.042114,0.999111,0,0.50833,-0.61281,6.387,-0.014,-1,842.193,-1,845.254,-1,650.219,648.523,641.582,557.542,-1,-1,-1,-1,-1,-1,-1,-1,2,0,2,0,2,0,0,0,0,2,2,2,2,2,2,2,2
13,-6326.710,8212.462,86.724,9.021,0.987631,-0.156669,-0.006308,0.156793,0.986567,0.045849,-0.000960,-0.046271,0.998928,0,0.50833,-0.61281,7.093,-0.010,-1,828.991,-1,842.109,-1,644.045,644.258,631.776,566.324,-1,-1,-1,-1,-1,-1,-1,-1,2,0,2,0,2,0,0,0,0,2,2,2,2,2,2,2,2
14,-6319.132,8214.021,87.132,9.024,0.987619,-0.156784,-0.005239,0.156854,0.986472,0.047648,-0.002302,-0.047880,0.998850,0,0.50833,-0.61281,7.736,0.004,-1,825.245,-1,842.701,-1,643.238,644.407,628.762,571.066,-1,-1,-1,-1,-1,-1,-1,-1,2,0,2,0,2,0,0,0,0,2,2,2,2,2,2,2,2
15,-6310.889,8215.546,87.473,9.042,0.987569,-0.157102,-0.005059,0.157165,0.986442,0.047242,-0.002431,-0.047450,0.998871,0,0.50833,-0.61281,8.383,0.018,-1,828.094,-1,845.403,-1,646.045,647.406,630.535,572.164,-1,-1,-1,-1,-1,-1,-1,-1,2,0,2,0,2,0,0,0,0,2,2,2,2,2,2,2,2
16,-6302.135,8216.980,87.583,9.052,0.987542,-0.157281,-0.004851,0.157338,0.986495,0.045524,-0.002375,-0.045720,0.998951,0,0.50833,-0.61281,8.871,0.010,-1,832.393,-1,846.438,-1,649.039,650.040,634.770,569.598,-1,-1,-1,-1,-1,-1,-1,-1,2,0,2,0,2,0,0,0,0,2,2,2,2,2,2,2,2
17,-6293.003,8218.356,87.497,9.062,0.987513,-0.157504,-0.003324,0.157501,0.986585,0.042944,-0.003484,-0.042931,0.999072,0,0.50833,-0.61281,9.235,0.009,-1,833.111,-1,841.024,-1,648.688,648.752,640.309,563.935,-1,-1,-1,-1,-1,-1,-1,-1,2,0,2,0,2,0,0,0,0,2,2,2,2,2,2,2,2
18,-6283.476,8219.731,87.226,9.063,0.987499,-0.157625,-0.000445,0.157513,0.986682,0.040603,-0.005961,-0.040166,0.999175,0,0.50833,-0.61281,9.626,0.001,-1,828.333,-1,829.936,-1,644.298,643.323,644.791,557.725,-1,-1,-1,-1,-1,-1,-1,-1,2,0,2,0,2,0,0,0,0,2,2,2,2,2,2,2,2
19,-6273.472,8221.088,86.777,9.030,0.987567,-0.157172,0.002844,0.156939,0.986818,0.039499,-0.009015,-0.038562,0.999216,0,0.50833,-0.61281,10.095,-0.033,-1,819.691,-1,817.639,-1,637.753,636.216,646.317,553.584,-1,-1,-1,-1,-1,-1,-1,-1,2,0,2,0,2,0,0,0,0,2,2,2,2,2,2,2,2
20,-6262.965,8222.457,86.183,8.960,0.987725,-0.156090,0.005893,0.155739,0.987001,0.039674,-0.012009,-0.038270,0.999195,0,0.50833,-0.61281,10.595,-0.069,-1,809.496,-1,806.781,-1,630.851,629.302,644.663,551.879,-1,-1,-1,-1,-1,-1,-1,-1,2,0,2,0,2,0,0,0,0,2,2,2,2,2,2,2,2
21,-6252.216,8223.885,85.681,8.847,0.988002,-0.154241,0.007816,0.153788,0.987220,0.041778,-0.014160,-0.040075,0.999096,0,0.50833,-0.61281,10.843,-0.113,-1,800.371,-1,801.691,-1,626.117,625.369,638.866,555.025,-1,-1,-1,-1,-1,-1,-1,-1,2,0,2,0,2,0,0,0,0,2,2,2,2,2,2,2,2
22,-6241.555,8225.500,85.716,8.706,0.988385,-0.151821,0.006717,0.151342,0.987357,0.047140,-0.013789,-0.045576,0.998866,0,0.50833,-0.61281,10.783,-0.142,-1,797.640,-1,811.653,-1,628.562,630.021,626.796,568.294,-1,-1,-1,-1,-1,-1,-1,-1,2,0,2,0,2,0,0,0,0,2,2,2,2,2,2,2,2
23,-6230.894,8227.487,86.379,8.604,0.988688,-0.149962,0.002621,0.149595,0.987228,0.054791,-0.010804,-0.053779,0.998494,0,0.50833,-0.61281,10.845,-0.102,-1,803.017,-1,837.264,-1,638.890,643.829,609.981,590.655,-1,-1,-1,-1,-1,-1,-1,-1,2,0,2,0,2,0,0,0,0,2,2,2,2,2,2,2,2
24,-6220.305,8229.802,87.714,8.571,0.988809,-0.149163,-0.002674,0.149033,0.986814,0.063143,-0.006780,-0.062835,0.998001,0,0.43814,-0.87004,10.839,-0.033,-1,813.304,-1,873.051,-1,653.474,663.119,594.214,618.498,-1,-1,-1,-1,-1,-1,-1,-1,2,0,2,0,2,0,0,0,0,2,2,2,2,2,2,2,2
25,-6209.725,8232.321,89.638,8.578,0.988810,-0.148975,-0.007819,0.149152,0.986248,0.071190,-0.002894,-0.071560,0.997432,0,0.43814,-0.87004,10.876,0.007,-1,825.152,-1,910.919,-1,669.876,684.387,581.726,648.309,-1,-1,-1,-1,-1,-1,-1,-1,2,0,2,0,2,0,0,0,0,2,2,2,2,2,2,2,2
26,-6199.008,8234.938,91.936,8.603,0.988748,-0.149103,-0.012073,0.149591,0.985618,0.078607,0.000179,-0.079528,0.996833,0,0.43814,-0.87004,11.032,0.025,-1,836.642,-1,949.189,-1,685.732,704.728,572.177,680.062,-1,-1,-1,-1,-1,-1,-1,-1,2,0,2,0,2,0,0,0,0,2,2,2,2,2,2,2,2
27,-6188.115,8237.556,94.305,8.625,0.988690,-0.149242,-0.014827,0.149964,0.985018,0.085146,0.001897,-0.086406,0.996258,0,0.43814,-0.87004,11.203,0.022,-1,844.902,-1,982.007,-1,698.993,721.215,565.236,710.142,-1,-1,-1,-1,-1,-1,-1,-1,2,0,2,0,2,0,0,0,0,2,2,2,2,2,2,2,2
28,-6177.025,8240.081,96.489,8.621,0.988700,-0.149121,-0.015336,0.149899,0.984555,0.090457,0.001610,-0.091733,0.995782,0,0.43814,-0.87004,11.374,-0.004,-1,847.242,-1,1002.451,-1,706.222,731.031,560.743,735.251,-1,-1,-1,-1,-1,-1,-1,-1,2,0,2,0,2,0,0,0,0,2,2,2,2,2,2,2,2
29,-6165.756,8242.437,98.273,8.610,0.988731,-0.149140,-0.013003,0.149701,0.984230,0.094239,-0.001257,-0.095123,0.995465,0,0.43814,-0.87004,11.513,-0.012,-1,841.488,-1,1005.526,-1,705.265,731.660,558.684,753.556,-1,-1,-1,-1,-1,-1,-1,-1,2,0,2,0,2,0,0,0,0,2,2,2,2,2,2,2,2
30,-6154.406,8244.647,99.500,8.599,0.988735,-0.149494,-0.007418,0.149512,0.984083,0.096062,-0.007061,-0.096089,0.995348,0,0.43814,-0.87004,11.563,-0.011,-1,826.821,-1,988.392,-1,695.219,721.679,559.458,762.265,-1,-1,-1,-1,-1,-1,-1,-1,2,0,2,0,2,0,0,0,0,2,2,2,2,2,2,2,2
31,-6142.839,8246.696,99.955,8.589,0.988682,-0.150027,0.000029,0.149321,0.984049,0.096694,-0.014536,-0.095595,0.995314,0,0.43814,-0.87004,11.747,-0.010,-1,806.409,-1,959.214,-1,679.279,704.907,560.877,763.589,-1,-1,-1,-1,-1,-1,-1,-1,2,0,2,0,2,0,0,0,0,2,2,2,2,2,2,2,2
32,-6131.105,8248.642,99.449,8.595,0.988506,-0.150933,0.008711,0.149407,0.984072,0.096328,-0.023111,-0.093919,0.995311,0,0.43814,-0.87004,11.895,0.006,-1,781.713,-1,921.790,-1,658.869,683.074,562.044,757.943,-1,-1,-1,-1,-1,-1,-1,-1,2,0,2,0,2,0,0,0,0,2,2,2,2,2,2,2,2
33,-6119.154,8250.593,98.076,8.658,0.988140,-0.152647,0.016697,0.150467,0.984217,0.093146,-0.030652,-0.089529,0.995512,0,0.43814,-0.87004,12.109,0.063,-1,761.128,-1,884.372,-1,640.134,662.021,566.337,741.706,-1,-1,-1,-1,-1,-1,-1,-1,2,0,2,0,2,0,0,0,0,2,2,2,2,2,2,2,2
34,-6106.876,8252.390,96.072,8.764,0.987722,-0.154676,0.021918,0.152273,0.984579,0.086117,-0.034900,-0.081722,0.996044,0,0.43814,-0.87004,12.409,0.106,-1,752.007,-1,854.847,-1,628.842,647.491,575.953,714.747,-1,-1,-1,-1,-1,-1,-1,-1,2,0,2,0,2,0,0,0,0,2,2,2,2,2,2,2,2
35,-6095.429,8252.376,93.843,8.556,0.988119,-0.151276,0.027146,0.148658,0.985561,0.081055,-0.039016,-0.076057,0.996340,0,0.43814,-0.87004,11.448,-0.208,-1,740.307,-1,826.255,-1,616.400,632.470,581.192,692.815,-1,-1,-1,-1,-1,-1,-1,-1,2,0,2,0,2,0,0,0,0,2,2,2,2,2,2,2,2
36,-6084.607,8250.907,91.471,8.042,0.989313,-0.142433,0.031191,0.139780,0.987331,0.075096,-0.041492,-0.069933,0.996688,0,0.43814,-0.87004,10.921,-0.514,-1,732.606,-1,802.088,-1,606.974,620.238,587.385,668.754,-1,-1,-1,-1,-1,-1,-1,-1,2,0,2,0,2,0,0,0,0,2,2,2,2,2,2,2,2
37,-6073.767,8248.613,88.876,7.418,0.990810,-0.131320,0.032418,0.129002,0.989481,0.065460,-0.040673,-0.060676,0.997329,0,0.43814,-0.87004,11.080,-0.624,-1,736.422,-1,785.049,-1,604.821,614.278,600.582,637.058,-1,-1,-1,-1,-1,-1,-1,-1,2,0,2,0,2,0,0,0,0,2,2,2,2,2,2,2,2
38,-6062.617,8245.982,86.084,6.773,0.992297,-0.119633,0.032158,0.117847,0.991634,0.052661,-0.038189,-0.048466,0.998094,0,0.43814,-0.87004,11.456,-0.645,-1,748.314,-1,769.966,-1,606.473,611.238,618.863,599.157,-1,-1,-1,-1,-1,-1,-1,-1,2,0,2,0,2,0,0,0,0,2,2,2,2,2,2,2,2
39,-6051.315,8243.276,83.423,6.113,0.993556,-0.107867,0.034790,0.106408,0.993461,0.041377,-0.039025,-0.037409,0.998538,0,0.43814,-0.87004,11.622,-0.660,-1,749.323,-1,746.290,-1,600.775,601.028,635.448,566.137,-1,-1,-1,-1,-1,-1,-1,-1,2,0,2,0,2,0,0,0,0,2,2,2,2,2,2,2,2
40,-6040.107,8240.587,80.887,5.402,0.994493,-0.095510,0.043150,0.094038,0.994955,0.034946,-0.046270,-0.030696,0.998457,0,0.43814,-0.87004,11.526,-0.711,-1,727.595,-1,708.639,-1,580.495,577.544,643.590,543.622,-1,-1,-1,-1,-1,-1,-1,-1,2,0,2,0,2,0,0,0,0,2,2,2,2,2,2,2,2
41,-6028.572,8238.562,78.506,4.791,0.994863,-0.085142,0.054755,0.083390,0.995953,0.033533,-0.057389,-0.028794,0.997937,0,0.51418,-1.00000,11.711,-0.610,-1,692.052,-1,667.811,-1,552.702,548.213,641.846,532.075,-1,-1,-1,-1,-1,-1,-1,-1,2,0,2,0,2,0,0,0,0,2,2,2,2,2,2,2,2
42,-6016.349,8237.352,76.469,4.276,0.994901,-0.076769,0.065403,0.074380,0.996498,0.038214,-0.068108,-0.033155,0.997127,0,0.51418,-1.00000,12.283,-0.516,-1,655.170,-1,637.081,-1,527.078,523.489,628.031,534.951,-1,-1,-1,-1,-1,-1,-1,-1,2,0,2,0,2,0,0,0,0,2,2,2,2,2,2,2,2
43,-6003.379,8236.550,74.954,3.778,0.994968,-0.068999,0.072643,0.065702,0.996739,0.046844,-0.075638,-0.041836,0.996257,0,0.51418,-1.00000,12.994,-0.498,-1,626.240,-1,621.024,-1,509.202,508.301,607.544,549.196,-1,-1,-1,-1,-1,-1,-1,-1,2,0,2,0,2,0,0,0,0,2,2,2,2,2,2,2,2
44,-5989.888,8235.656,74.191,3.230,0.995241,-0.060423,0.076447,0.056173,0.996817,0.056573,-0.079622,-0.052010,0.995467,0,0.51418,-1.00000,13.521,-0.548,-1,608.258,-1,617.328,-1,500.115,502.311,585.432,570.031,-1,-1,-1,-1,-1,-1,-1,-1,2,0,2,0,2,0,0,0,0,2,2,2,2,2,2,2,2
45,-5975.889,8234.586,73.981,2.682,0.995684,-0.051614,0.077134,0.046639,0.996798,0.064957,-0.080240,-0.061080,0.994902,0,0.51418,-1.00000,14.039,-0.549,-1,601.765,-1,622.778,-1,498.721,503.901,568.309,591.225,-1,-1,-1,-1,-1,-1,-1,-1,2,0,2,0,2,0,0,0,0,2,2,2,2,2,2,2,2
46,-5961.557,8233.160,74.112,2.114,0.996185,-0.042148,0.076410,0.036766,0.996832,0.070531,-0.079140,-0.067453,0.994579,0,0.51418,-1.00000,14.403,-0.568,-1,602.421,-1,631.427,-1,501.787,509.018,558.394,607.683,-1,-1,-1,-1,-1,-1,-1,-1,2,0,2,0,2,0,0,0,0,2,2,2,2,2,2,2,2
47,-5947.411,8230.706,74.521,1.389,0.996619,-0.029868,0.076538,0.024174,0.996945,0.074274,-0.078522,-0.072173,0.994296,0,0.51418,-1.00000,14.357,-0.724,-1,603.227,-1,637.535,-1,504.539,512.721,552.680,620.496,-1,-1,-1,-1,-1,-1,-1,-1,2,0,2,0,2,0,0,0,0,2,2,2,2,2,2,2,2
48,-5933.329,8227.529,74.949,0.579,0.996867,-0.015862,0.077485,0.010069,0.997164,0.074587,-0.078448,-0.073573,0.994200,0,0.51418,-1.00000,14.436,-0.811,-1,605.206,-1,638.644,-1,506.780,514.491,553.109,624.916,-1,-1,-1,-1,-1,-1,-1,-1,2,0,2,0,2,0,0,0,0,2,2,2,2,2,2,2,2
49,-5919.129,8223.996,75.180,-0.205,0.996838,-0.002086,0.079437,-0.003561,0.997479,0.070877,-0.079384,-0.070935,0.994317,0,0.51418,-1.00000,14.632,-0.783,-1,607.989,-1,633.297,-1,507.505,513.181,560.449,618.771,-1,-1,-1,-1,-1,-1,-1,-1,2,0,2,0,2,0,0,0,0,2,2,2,2,2,2,2,2
50,-5901.875,8219.161,74.957,-1.163,0.996461,0.014868,0.082732,-0.020225,0.997726,0.064294,-0.081588,-0.065740,0.994496,0,0.51418,-1.00000,17.919,-0.958,-1,608.833,-1,621.334,-1,505.440,507.981,572.177,605.101,-1,-1,-1,-1,-1,-1,-1,-1,2,0,2,0,2,0,0,0,0,2,2,2,2,2,2,2,2
51,-5890.143,8215.868,74.470,-1.754,0.996025,0.025433,0.085361,-0.030498,0.997818,0.058563,-0.083685,-0.060934,0.994628,0,0.51418,-1.00000,12.186,-0.591,-1,607.629,-1,610.389,-1,502.390,502.413,581.912,592.320,-1,-1,-1,-1,-1,-1,-1,-1,2,0,2,0,2,0,0,0,0,2,2,2,2,2,2,2,2
52,-5874.991,8211.867,73.435,-2.387,0.995473,0.036892,0.087594,-0.041491,0.997823,0.051269,-0.085512,-0.054671,0.994836,0,0.51418,-1.00000,15.671,-0.633,-1,607.714,-1,598.056,-1,499.397,496.262,593.823,575.555,-1,-1,-1,-1,-1,-1,-1,-1,2,0,2,0,2,0,0,0,0,2,2,2,2,2,2,2,2
53,-5859.182,8208.155,72.012,-2.914,0.995047,0.046496,0.087864,-0.050654,0.997670,0.045709,-0.085534,-0.049934,0.995083,0,0.51418,-1.00000,16.239,-0.528,-1,610.475,-1,590.634,-1,499.008,493.176,601.786,562.046,-1,-1,-1,-1,-1,-1,-1,-1,2,0,2,0,2,0,0,0,0,2,2,2,2,2,2,2,2
54,-5842.969,8204.304,70.388,-3.490,0.994554,0.056626,0.087499,-0.060662,0.997180,0.044174,-0.084751,-0.049241,0.995185,0,0.51418,-1.00000,16.664,-0.576,-1,611.611,-1,587.279,-1,498.587,491.687,601.091,556.940,-1,-1,-1,-1,-1,-1,-1,-1,2,0,2,0,2,0,0,0,0,2,2,2,2,2,2,2,2
55,-5826.319,8200.562,68.718,-4.056,0.994011,0.066389,0.086803,-0.070488,0.996495,0.045041,-0.083509,-0.050890,0.995207,0,0.51418,-1.00000,17.065,-0.566,-1,612.040,-1,586.457,-1,498.392,491.425,595.666,556.904,-1,-1,-1,-1,-1,-1,-1,-1,2,0,2,0,2,0,0,0,0,2,2,2,2,2,2,2,2
56,-5809.351,8196.744,67.152,-4.631,0.993323,0.076135,0.086682,-0.080468,0.995618,0.047642,-0.082675,-0.054299,0.995096,0,0.51418,-1.00000,17.393,-0.575,-1,611.427,-1,586.688,-1,497.384,490.609,587.205,560.957,-1,-1,-1,-1,-1,-1,-1,-1,2,0,2,0,2,0,0,0,0,2,2,2,2,2,2,2,2
57,-5792.180,8192.706,65.739,-5.247,0.992393,0.086429,0.087668,-0.091132,0.994525,0.051130,-0.082769,-0.058730,0.994837,0,0.51418,-1.00000,17.639,-0.615,-1,608.155,-1,585.860,-1,494.442,488.372,577.169,567.445,-1,-1,-1,-1,-1,-1,-1,-1,2,0,2,0,2,0,0,0,0,2,2,2,2,2,2,2,2
58,-5774.640,8188.697,64.454,-5.812,0.991393,0.095846,0.089181,-0.100904,0.993427,0.054044,-0.083415,-0.062577,0.994548,0,0.51418,-1.00000,17.992,-0.565,-1,604.420,-1,583.973,-1,491.086,485.568,568.672,573.011,-1,-1,-1,-1,-1,-1,-1,-1,2,0,2,0,2,0,0,0,0,2,2,2,2,2,2,2,2
59,-5756.768,8184.586,63.303,-6.349,0.990343,0.104825,0.090737,-0.110192,0.992314,0.056304,-0.084137,-0.065759,0.994282,0,0.51418,-1.00000,18.339,-0.537,-1,602.554,-1,581.962,-1,488.813,482.945,562.076,577.797,-1,-1,-1,-1,-1,-1,-1,-1,2,0,2,0,2,0,0,0,0,2,2,2,2,2,2,2,2
60,-5738.702,8180.037,62.297,-6.926,0.989152,0.114554,0.091949,-0.120158,0.991064,0.057906,-0.084494,-0.068327,0.994079,0,0.51418,-1.00000,18.629,-0.577,-1,603.638,-1,579.922,-1,487.575,481.435,556.190,581.611,-1,-1,-1,-1,-1,-1,-1,-1,2,0,2,0,2,0,0,0,0,2,2,2,2,2,2,2,2
61,-5720.575,8174.864,61.387,-7.573,0.987743,0.125595,0.092678,-0.131316,0.989617,0.058436,-0.084377,-0.069890,0.993980,0,0.51418,-1.00000,18.851,-0.647,-1,606.935,-1,577.986,-1,487.068,480.466,551.993,583.275,-1,-1,-1,-1,-1,-1,-1,-1,2,0,2,0,2,0,0,0,0,2,2,2,2,2,2,2,2
62,-5702.628,8168.757,60.478,-8.363,0.985900,0.139087,0.093034,-0.144931,0.987664,0.059292,-0.083640,-0.071940,0.993896,0,0.51418,-1.00000,18.958,-0.790,-1,611.378,-1,576.881,-1,486.976,480.124,547.133,585.597,-1,-1,-1,-1,-1,-1,-1,-1,2,0,2,0,2,0,0,0,0,2,2,2,2,2,2,2,2
63,-5684.597,8162.253,59.472,-9.145,0.983942,0.152674,0.092459,-0.158393,0.985670,0.058012,-0.082277,-0.071725,0.994025,0,0.51418,-1.00000,19.168,-0.782,-1,620.780,-1,575.341,-1,488.017,480.218,546.566,582.587,-1,-1,-1,-1,-1,-1,-1,-1,2,0,2,0,2,0,0,0,0,2,2,2,2,2,2,2,2
64,-5663.172,8153.846,58.117,-10.102,0.981299,0.169360,0.091486,-0.174833,0.983033,0.055495,-0.080535,-0.070452,0.994259,0,0.25696,-0.96107,23.016,-0.957,-1,637.956,-1,571.971,-1,488.457,479.316,547.826,576.171,-1,-1,-1,-1,-1,-1,-1,-1,2,0,2,0,2,0,0,0,0,2,2,2,2,2,2,2,2
65,-5649.216,8148.030,57.199,-10.754,0.979279,0.180699,0.091434,-0.185994,0.981116,0.053080,-0.080116,-0.068987,0.994395,0,0.25696,-0.96107,15.119,-0.652,-1,651.578,-1,567.878,-1,487.614,476.897,550.242,570.372,-1,-1,-1,-1,-1,-1,-1,-1,2,0,2,0,2,0,0,0,0,2,2,2,2,2,2,2,2
66,-5631.736,8140.859,55.945,-11.479,0.976890,0.193413,0.090981,-0.198377,0.978899,0.049028,-0.079579,-0.065944,0.994645,0,0.25696,-0.96107,18.894,-0.725,-1,670.269,-1,562.950,-1,488.703,473.758,555.077,560.541,-1,-1,-1,-1,-1,-1,-1,-1,2,0,2,0,2,0,0,0,0,2,2,2,2,2,2,2,2
67,-5614.188,8133.786,54.585,-12.144,0.974586,0.205022,0.090263,-0.209711,0.976688,0.045856,-0.078757,-0.063619,0.994862,0,0.25696,-0.96107,18.920,-0.665,-1,686.027,-1,559.384,-1,490.115,471.199,557.870,552.194,-1,-1,-1,-1,-1,-1,-1,-1,2,0,2,0,2,0,0,0,0,2,2,2,2,2,2,2,2
68,-5596.617,8126.750,53.264,-12.774,0.972337,0.215895,0.089163,-0.220437,0.974382,0.044588,-0.077252,-0.063009,0.995019,0,0.25696,-0.96107,18.927,-0.630,-1,705.488,-1,559.053,-1,492.016,471.196,557.555,547.736,-1,-1,-1,-1,-1,-1,-1,-1,2,0,2,0,2,0,0,0,0,2,2,2,2,2,2,2,2
69,-5579.291,8119.438,52.017,-13.469,0.969703,0.227620,0.088690,-0.232249,0.971578,0.045795,-0.075745,-0.065005,0.995006,0,0.25696,-0.96107,18.807,-0.695,-1,720.264,-1,559.499,-1,493.135,472.453,552.029,548.688,-1,-1,-1,-1,-1,-1,-1,-1,2,0,2,0,2,0,0,0,0,2,2,2,2,2,2,2,2
70,-5561.992,8112.186,50.819,-14.130,0.967068,0.238715,0.088290,-0.243452,0.968758,0.047311,-0.074237,-0.067248,0.994971,0,0.25696,-0.96107,18.757,-0.661,-1,734.996,-1,560.419,-1,494.660,473.998,546.069,550.380,-1,-1,-1,-1,-1,-1,-1,-1,2,0,2,0,2,0,0,0,0,2,2,2,2,2,2,2,2
71,-5544.652,8105.027,49.749,-14.717,0.964673,0.248600,0.087203,-0.253390,0.966131,0.048827,-0.072111,-0.069198,0.994993,0,0.25696,-0.96107,18.759,-0.587,-1,755.034,-1,562.745,-1,497.578,477.319,541.032,552.051,-1,-1,-1,-1,-1,-1,-1,-1,2,0,2,0,2,0,0,0,0,2,2,2,2,2,2,2,2
72,-5527.407,8097.760,48.743,-15.290,0.962240,0.258207,0.086159,-0.263065,0.963449,0.050628,-0.069937,-0.071382,0.994994,0,0.25696,-0.96107,18.714,-0.573,-1,775.477,-1,565.323,-1,504.227,480.278,535.114,554.446,-1,-1,-1,-1,-1,-1,-1,-1,2,0,2,0,2,0,0,0,0,2,2,2,2,2,2,2,2
73,-5510.246,8090.439,47.771,-15.844,0.959796,0.267507,0.085045,-0.272398,0.960771,0.052131,-0.067764,-0.073201,0.995012,0,0.25696,-0.96107,18.658,-0.554,-1,796.812,-1,567.102,-1,512.253,483.164,530.073,556.205,-1,-1,-1,-1,-1,-1,-1,-1,2,0,2,0,2,0,0,0,0,2,2,2,2,2,2,2,2
74,-5493.221,8083.111,46.880,-16.371,0.957330,0.276318,0.084663,-0.281226,0.958195,0.052677,-0.066568,-0.074238,0.995016,0,0.25696,-0.96107,18.535,-0.526,-1,809.868,-1,566.712,-1,517.649,484.338,527.449,556.421,-1,-1,-1,-1,-1,-1,-1,-1,2,0,2,0,2,0,0,0,0,2,2,2,2,2,2,2,2
75,-5476.293,8075.700,46.034,-16.874,0.954875,0.284713,0.084573,-0.289634,0.955676,0.052869,-0.065772,-0.074979,0.995014,0,0.25696,-0.96107,18.479,-0.503,-1,820.964,-1,568.652,-1,521.933,486.335,525.628,555.864,-1,-1,-1,-1,-1,-1,-1,-1,2,0,2,0,2,0,0,0,0,2,2,2,2,2,2,2,2
76,-5459.433,8068.181,45.150,-17.359,0.952458,0.292816,0.084153,-0.297730,0.953170,0.053140,-0.064652,-0.075668,0.995035,0,0.25696,-0.96107,18.461,-0.485,-1,833.434,-1,571.305,-1,526.890,490.591,523.292,555.127,-1,-1,-1,-1,-1,-1,-1,-1,2,0,2,0,2,0,0,0,0,2,2,2,2,2,2,2,2
77,-5439.310,8059.027,44.082,-17.933,0.949531,0.302423,0.083255,-0.307286,0.950123,0.053302,-0.062983,-0.076195,0.995102,0,0.25696,-0.96107,22.107,-0.574,-1,848.636,-1,574.328,-1,534.347,496.320,521.521,553.601,-1,-1,-1,-1,-1,-1,-1,-1,2,0,2,0,2,0,0,0,0,2,2,2,2,2,2,2,2
78,-5425.900,8052.877,43.341,-18.298,0.947646,0.308573,0.082152,-0.313370,0.948119,0.053567,-0.061361,-0.076507,0.995179,0,0.25696,-0.96107,14.753,-0.366,-1,859.020,-1,577.187,-1,541.692,501.301,520.752,552.484,-1,-1,-1,-1,-1,-1,-1,-1,2,0,2,0,2,0,0,0,0,2,2,2,2,2,2,2,2
79,-5409.123,8045.239,42.371,-18.714,0.945465,0.315584,0.080642,-0.320283,0.945792,0.053817,-0.059287,-0.076710,0.995289,0,0.25696,-0.96107,18.435,-0.416,-1,870.697,-1,579.778,-1,551.246,507.165,520.004,550.648,-1,-1,-1,-1,-1,-1,-1,-1,2,0,2,0,2,0,0,0,0,2,2,2,2,2,2,2,2
80,-5392.432,8037.517,41.399,-19.127,0.943232,0.322479,0.079498,-0.327120,0.943423,0.054282,-0.057495,-0.077206,0.995356,0,0.25696,-0.96107,18.391,-0.413,-1,880.021,-1,581.795,-1,559.353,512.127,518.611,549.417,-1,-1,-1,-1,-1,-1,-1,-1,2,0,2,0,2,0,0,0,0,2,2,2,2,2,2,2,2
81,-5375.826,8029.689,40.375,-19.548,0.940886,0.329444,0.078736,-0.334071,0.940937,0.055087,-0.055938,-0.078134,0.995372,0,0.25696,-0.96107,18.358,-0.421,-1,886.878,-1,583.071,-1,565.779,516.791,516.207,548.876,-1,-1,-1,-1,-1,-1,-1,-1,2,0,2,0,2,0,0,0,0,2,2,2,2,2,2,2,2
82,-5359.295,8021.773,39.373,-19.969,0.938488,0.336324,0.078266,-0.341016,0.938332,0.056930,-0.054292,-0.080118,0.995306,0,0.25696,-0.96107,18.328,-0.422,-1,891.495,-1,585.473,-1,572.105,523.348,511.791,550.162,-1,-1,-1,-1,-1,-1,-1,-1,2,0,2,0,2,0,0,0,0,2,2,2,2,2,2,2,2
83,-5342.827,8013.801,38.409,-20.394,0.936036,0.343239,0.077611,-0.347990,0.935635,0.059070,-0.052340,-0.082300,0.995232,0,0.25696,-0.96107,18.297,-0.424,-1,890.119,-1,590.161,-1,579.620,529.954,507.152,551.776,-1,-1,-1,-1,-1,-1,-1,-1,2,0,2,0,2,0,0,0,0,2,2,2,2,2,2,2,2
84,-5326.598,8005.604,37.612,-20.850,0.933316,0.350681,0.077104,-0.355471,0.932713,0.060720,-0.050622,-0.084079,0.995172,0,0.25696,-0.96107,18.182,-0.457,-1,887.198,-1,593.735,-1,586.066,535.142,504.068,552.921,-1,-1,-1,-1,-1,-1,-1,-1,2,0,2,0,2,0,0,0,0,2,2,2,2,2,2,2,2
85,-5310.456,7997.288,36.887,-21.293,0.930628,0.357939,0.076230,-0.362701,0.929858,0.061743,-0.048783,-0.085109,0.995177,0,0.25696,-0.96107,18.159,-0.442,-1,885.823,-1,597.334,-1,593.360,540.704,503.141,552.635,-1,-1,-1,-1,-1,-1,-1,-1,2,0,2,0,2,0,0,0,0,2,2,2,2,2,2,2,2
86,-5294.324,7989.010,36.215,-21.691,0.928169,0.364531,0.074960,-0.369200,0.927265,0.062213,-0.046829,-0.085419,0.995244,0,0.25696,-0.96107,18.131,-0.399,-1,886.398,-1,600.860,-1,601.425,546.494,503.584,550.965,-1,-1,-1,-1,-1,-1,-1,-1,2,0,2,0,2,0,0,0,0,2,2,2,2,2,2,2,2
87,-5278.157,7980.741,35.564,-22.057,0.925897,0.370616,0.073201,-0.375164,0.924814,0.063012,-0.044344,-0.085805,0.995325,0,0.29323,-0.96322,18.159,-0.366,-1,888.823,-1,605.995,-1,610.590,554.019,503.796,549.587,-1,-1,-1,-1,-1,-1,-1,-1,2,0,2,0,2,0,0,0,0,2,2,2,2,2,2,2,2
88,-5262.041,7972.461,34.987,-22.408,0.923670,0.376385,0.071884,-0.380859,0.922409,0.064094,-0.042182,-0.086580,0.995351,0,0.29323,-0.96322,18.118,-0.351,-1,889.946,-1,611.185,-1,619.283,561.649,504.122,548.854,-1,-1,-1,-1,-1,-1,-1,-1,2,0,2,0,2,0,0,0,0,2,2,2,2,2,2,2,2
89,-5245.985,7964.098,34.434,-22.765,0.921344,0.382191,0.071095,-0.386633,0.919927,0.065181,-0.040491,-0.087541,0.995338,0,0.29323,-0.96322,18.104,-0.357,-1,889.770,-1,615.298,-1,626.466,567.709,504.385,548.340,-1,-1,-1,-1,-1,-1,-1,-1,2,0,2,0,2,0,0,0,0,2,2,2,2,2,2,2,2
90,-5230.021,7955.548,33.795,-23.146,0.918809,0.388301,0.070792,-0.392769,0.917211,0.066755,-0.039010,-0.089140,0.995255,0,0.29323,-0.96322,18.109,-0.381,-1,885.790,-1,618.625,-1,631.598,572.519,503.255,548.897,-1,-1,-1,-1,-1,-1,-1,-1,2,0,2,0,2,0,0,0,0,2,2,2,2,2,2,2,2
91,-5214.446,7946.552,33.168,-23.650,0.915359,0.396249,0.071448,-0.400867,0.913496,0.069499,-0.037729,-0.092258,0.995020,0,0.29323,-0.96322,17.987,-0.505,-1,876.872,-1,620.425,-1,633.667,574.079,499.244,552.731,-1,-1,-1,-1,-1,-1,-1,-1,2,0,2,0,2,0,0,0,0,2,2,2,2,2,2,2,2
92,-5199.167,7937.365,32.706,-24.193,0.911552,0.404749,0.072459,-0.409532,0.909463,0.071834,-0.036824,-0.095154,0.994781,0,0.29323,-0.96322,17.828,-0.543,-1,867.559,-1,620.892,-1,634.461,574.095,497.528,556.555,-1,-1,-1,-1,-1,-1,-1,-1,2,0,2,0,2,0,0,0,0,2,2,2,2,2,2,2,2
93,-5183.909,7928.175,32.303,-24.680,0.908051,0.412394,0.073311,-0.417278,0.905854,0.072858,-0.036363,-0.096750,0.994644,0,0.29323,-0.96322,17.813,-0.487,-1,859.264,-1,620.057,-1,634.759,573.637,498.581,557.394,-1,-1,-1,-1,-1,-1,-1,-1,2,0,2,0,2,0,0,0,0,2,2,2,2,2,2,2,2
94,-5168.616,7918.973,31.889,-25.122,0.904819,0.419336,0.073891,-0.424275,0.902563,0.073283,-0.035962,-0.097658,0.994570,0,0.29323,-0.96322,17.847,-0.442,-1,851.484,-1,618.987,-1,635.405,573.403,500.740,556.176,-1,-1,-1,-1,-1,-1,-1,-1,2,0,2,0,2,0,0,0,0,2,2,2,2,2,2,2,2
95,-5153.212,7909.878,31.501,-25.508,0.901973,0.425424,0.073884,-0.430382,0.899584,0.074299,-0.034856,-0.098814,0.994495,0,0.29323,-0.96322,17.888,-0.386,-1,845.025,-1,620.954,-1,638.368,575.664,503.325,554.825,-1,-1,-1,-1,-1,-1,-1,-1,2,0,2,0,2,0,0,0,0,2,2,2,2,2,2,2,2
96,-5137.694,7900.870,31.125,-25.849,0.899447,0.430757,0.073781,-0.435754,0.896841,0.076129,-0.033376,-0.100624,0.994365,0,0.29323,-0.96322,17.943,-0.340,-1,839.145,-1,625.343,-1,641.705,579.470,505.415,554.801,-1,-1,-1,-1,-1,-1,-1,-1,2,0,2,0,2,0,0,0,0,2,2,2,2,2,2,2,2
97,-5122.327,7891.971,30.836,-26.178,0.896958,0.435761,0.074690,-0.440936,0.894038,0.079192,-0.032267,-0.103966,0.994057,0,-0.01947,-0.75734,17.758,-0.330,-1,831.766,-1,630.609,-1,643.893,583.047,504.814,556.792,-1,-1,-1,-1,-1,-1,-1,-1,2,0,2,0,2,0,0,0,0,2,2,2,2,2,2,2,2
98,-5107.608,7883.012,30.689,-26.623,0.893481,0.442170,0.078600,-0.447879,0.890200,0.083359,-0.033111,-0.109683,0.993415,0,-0.01947,-0.75734,17.231,-0.445,-1,819.366,-1,630.861,-1,638.833,580.836,501.157,564.075,-1,-1,-1,-1,-1,-1,-1,-1,2,0,2,0,2,0,0,0,0,2,2,2,2,2,2,2,2
99,-5093.675,7873.887,30.764,-27.194,0.888900,0.450096,0.085268,-0.456711,0.885206,0.088460,-0.035664,-0.117575,0.992423,0,-0.01947,-0.75734,16.655,-0.570,-1,802.406,-1,626.607,-1,628.035,573.317,496.577,576.889,-1,-1,-1,-1,-1,-1,-1,-1,2,0,2,0,2,0,0,0,0,2,2,2,2,2,2,2,2
100,-5080.142,7864.917,30.928,-27.770,0.884153,0.457883,0.092826,-0.465560,0.880110,0.093060,-0.039086,-0.125496,0.991324,0,-0.01947,-0.75734,16.236,-0.576,-1,784.371,-1,620.235,-1,615.589,564.109,491.351,590.684,-1,-1,-1,-1,-1,-1,-1,-1,2,0,2,0,2,0,0,0,0,2,2,2,2,2,2,2,2
101,-5066.963,7856.112,31.133,-28.340,0.879324,0.465426,0.100839,-0.474267,0.875033,0.096897,-0.043140,-0.133028,0.990173,0,-0.01947,-0.75734,15.849,-0.571,-1,765.448,-1,612.171,-1,602.263,553.816,486.337,603.892,-1,-1,-1,-1,-1,-1,-1,-1,2,0,2,0,2,0,0,0,0,2,2,2,2,2,2,2,2
102,-5054.074,7847.564,31.523,-28.857,0.874854,0.472112,0.108358,-0.482083,0.870419,0.099830,-0.047185,-0.139574,0.989087,0,-0.01947,-0.75734,15.466,-0.516,-1,748.034,-1,604.808,-1,590.511,544.742,483.878,615.849,-1,-1,-1,-1,-1,-1,-1,-1,2,0,2,0,2,0,0,0,0,2,2,2,2,2,2,2,2
103,-5041.246,7839.322,32.013,-29.265,0.871257,0.477272,0.114556,-0.488223,0.866710,0.102239,-0.050491,-0.145005,0.988142,0,-0.01947,-0.75734,15.248,-0.408,-1,733.832,-1,600.519,-1,582.184,538.791,484.626,625.734,-1,-1,-1,-1,-1,-1,-1,-1,2,0,2,0,2,0,0,0,0,2,2,2,2,2,2,2,2
104,-5028.537,7831.299,32.498,-29.618,0.868139,0.481719,0.119506,-0.493527,0.863368,0.105008,-0.052594,-0.150141,0.987265,0,-0.01947,-0.75734,15.030,-0.353,-1,722.536,-1,599.714,-1,577.244,536.134,485.650,-1,-1,-1,-1,-1,-1,-1,-1,-1,2,0,2,0,2,0,0,0,2,2,2,2,2,2,2,2,2
105,-5016.006,7823.563,32.995,-29.929,0.865389,0.485574,0.123774,-0.498210,0.860232,0.108571,-0.053755,-0.155622,0.986353,0,-0.01947,-0.75734,14.726,-0.312,-1,713.175,-1,602.096,-1,574.727,536.001,485.702,-1,-1,-1,-1,-1,-1,-1,-1,-1,2,0,2,0,2,0,0,0,2,2,2,2,2,2,2,2,2
106,-5003.682,7816.080,33.490,-30.180,0.863138,0.488464,0.128044,-0.501963,0.857580,0.112206,-0.054999,-0.161123,0.985401,0,-0.01947,-0.75734,14.419,-0.251,-1,704.121,-1,605.087,-1,572.589,536.317,485.197,-1,-1,-1,-1,-1,996.063,-1,-1,-1,2,0,2,0,2,0,0,0,2,2,2,2,2,0,2,2,2
107,-4991.625,7808.709,33.886,-30.427,0.860909,0.491108,0.132848,-0.505628,0.854851,0.116488,-0.056356,-0.167457,0.984267,0,-0.01947,-0.75734,14.132,-0.246,-1,694.702,-1,608.138,-1,569.806,536.264,484.362,-1,-1,-1,-1,-1,981.816,-1,-1,-1,2,0,2,0,2,0,0,0,2,2,2,2,2,0,2,2,2
108,-4980.148,7801.271,34.279,-30.760,0.857839,0.494663,0.139356,-0.510559,0.851256,0.121218,-0.058666,-0.175135,0.982795,0,-0.01947,-0.75734,13.675,-0.333,-1,683.049,-1,608.498,-1,563.677,533.312,481.936,-1,-1,-1,-1,-1,963.479,-1,-1,-1,2,0,2,0,2,0,0,0,2,2,2,2,2,0,2,2,2
109,-4969.169,7793.828,34.597,-31.157,0.854119,0.498913,0.146858,-0.516397,0.847098,0.125534,-0.061773,-0.183058,0.981160,0,-0.01947,-0.75734,13.264,-0.397,-1,669.795,-1,605.821,-1,554.943,527.723,478.068,-1,-1,-1,-1,-1,941.611,-1,-1,-1,2,0,2,0,2,0,0,0,2,2,2,2,2,0,2,2,2
110,-4958.484,7786.538,34.810,-31.550,0.850346,0.503062,0.154404,-0.522116,0.843166,0.128324,-0.065633,-0.189736,0.979639,0,-0.01947,-0.75734,12.935,-0.393,-1,656.020,-1,600.087,-1,544.967,520.391,474.485,-1,-1,-1,-1,-1,919.084,-1,-1,-1,2,0,2,0,2,0,0,0,2,2,2,2,2,0,2,2,2
111,-4948.096,7779.326,34.988,-31.933,0.846594,0.507096,0.161654,-0.527645,0.839458,0.130005,-0.069777,-0.195358,0.978247,0,-0.01947,-0.75734,12.647,-0.383,999.753,641.990,-1,592.888,-1,534.827,512.477,472.420,-1,-1,-1,-1,-1,897.444,-1,-1,-1,0,0,2,0,2,0,0,0,2,2,2,2,2,0,2,2,2
112,-4938.023,7772.073,35.203,-32.307,0.842940,0.511096,0.168029,-0.533021,0.835777,0.131780,-0.073083,-0.200645,0.976934,0,-0.01947,-0.75734,12.412,-0.373,970.562,629.895,-1,587.554,-1,526.515,506.267,472.111,-1,-1,-1,-1,-1,879.499,-1,-1,-1,0,0,2,0,2,0,0,0,2,2,2,2,2,0,2,2,2
113,-4928.126,7764.940,35.369,-32.647,0.839608,0.514906,0.173007,-0.537921,0.832426,0.133072,-0.075496,-0.204793,0.975890,0,-0.01947,-0.75734,12.200,-0.340,947.516,620.076,-1,583.745,-1,520.464,501.780,473.402,-1,-1,-1,-1,-1,865.718,-1,-1,-1,0,0,2,0,2,0,0,0,2,2,2,2,2,0,2,2,2
114,-4916.479,7756.532,35.476,-33.007,0.836068,0.519122,0.177489,-0.543092,0.828962,0.133693,-0.077729,-0.208169,0.974999,0,-0.01947,-0.75734,14.365,-0.360,926.079,610.362,-1,580.126,-1,514.959,497.595,476.561,-1,-1,-1,-1,-1,852.852,-1,-1,-1,0,0,2,0,2,0,0,0,2,2,2,2,2,0,2,2,2
115,-4908.893,7751.004,35.541,-33.219,0.833992,0.521686,0.179724,-0.546153,0.826861,0.134231,-0.078580,-0.210105,0.974516,0,-0.01947,-0.75734,9.387,-0.213,914.379,605.204,-1,579.252,-1,512.674,495.932,478.842,-1,-1,-1,-1,-1,846.589,-1,-1,-1,0,0,2,0,2,0,0,0,2,2,2,2,2,0,2,2,2
116,-4899.599,7744.146,35.643,-33.479,0.831514,0.524967,0.181640,-0.549931,0.824122,0.135642,-0.078486,-0.212678,0.973965,0,-0.01947,-0.75734,11.551,-0.260,902.898,600.558,-1,581.012,-1,511.882,495.802,481.546,-1,-1,-1,-1,-1,842.105,-1,-1,-1,0,0,2,0,2,0,0,0,2,2,2,2,2,0,2,2,2
117,-4890.441,7737.396,35.595,-33.724,0.829207,0.528178,0.182875,-0.553520,0.821426,0.137382,-0.077656,-0.215143,0.973490,0,-0.01947,-0.75734,11.376,-0.245,893.617,596.909,-1,584.146,-1,512.170,496.684,484.418,-1,-1,-1,-1,-1,838.468,-1,-1,-1,0,0,2,0,2,0,0,0,2,2,2,2,2,0,2,2,2
118,-4881.476,7730.782,35.413,-33.959,0.827006,0.531283,0.183849,-0.556967,0.818756,0.139375,-0.076480,-0.217662,0.973023,0,-0.01947,-0.75734,11.141,-0.235,885.255,593.719,-1,587.856,-1,512.811,497.929,487.367,-1,-1,-1,-1,-1,835.407,-1,-1,-1,0,0,2,0,2,0,0,0,2,2,2,2,2,0,2,2,2
119,-4872.690,7724.343,35.159,-34.173,0.824999,0.534061,0.184812,-0.560103,0.816234,0.141585,-0.075235,-0.220321,0.972522,0,-0.01947,-0.75734,10.892,-0.214,877.609,591.404,-1,591.890,-1,512.154,499.599,489.683,-1,-1,-1,-1,-1,832.362,-1,-1,-1,0,0,2,0,2,0,0,0,2,2,2,2,2,0,2,2,2
120,-4864.153,7718.091,34.903,-34.357,0.823212,0.536265,0.186392,-0.562750,0.814165,0.142998,-0.075069,-0.222610,0.972013,0,-0.01947,-0.75734,10.582,-0.183,867.542,587.697,-1,593.404,-1,510.158,499.554,492.014,-1,-1,-1,-1,-1,827.201,-1,-1,-1,0,0,2,0,2,0,0,0,2,2,2,2,2,0,2,2,2
121,-4855.890,7711.968,34.684,-34.547,0.821278,0.538328,0.188959,-0.565449,0.812124,0.143951,-0.075965,-0.225070,0.971377,0,-0.05166,-0.53132,10.284,-0.191,854.078,582.314,-1,592.303,-1,506.878,497.632,493.806,-1,-1,-1,-1,-1,819.685,-1,-1,-1,0,0,2,0,2,0,0,0,2,2,2,2,2,0,2,2,2
122,-4847.914,7705.936,34.486,-34.758,0.819097,0.540371,0.192562,-0.568395,0.809851,0.145153,-0.077510,-0.228345,0.970490,0,-0.05166,-0.53132,10.001,-0.211,837.247,575.557,-1,589.970,-1,502.235,494.470,494.163,-1,-1,-1,-1,-1,809.447,-1,-1,-1,0,0,2,0,2,0,0,0,2,2,2,2,2,0,2,2,2
123,-4840.357,7699.944,34.381,-35.044,0.816115,0.543113,0.197443,-0.572385,0.806742,0.146775,-0.079570,-0.232799,0.969264,0,-0.05166,-0.53132,9.643,-0.286,817.109,567.160,-1,586.518,-1,496.186,490.050,491.388,-1,-1,-1,-1,-1,796.767,-1,995.208,-1,0,0,2,0,2,0,0,0,2,2,2,2,2,0,2,0,2
124,-4833.236,7694.033,34.430,-35.408,0.812302,0.546722,0.203128,-0.577441,0.802857,0.148265,-0.082023,-0.237730,0.967862,0,-0.05166,-0.53132,9.255,-0.364,795.938,557.797,-1,581.886,-1,489.317,484.663,487.023,-1,-1,-1,-1,-1,783.032,-1,964.110,-1,0,0,2,0,2,0,0,0,2,2,2,2,2,0,2,0,2
125,-4826.437,7688.245,34.646,-35.786,0.808308,0.550655,0.208369,-0.582669,0.798948,0.148927,-0.084469,-0.241789,0.966645,0,-0.05166,-0.53132,8.930,-0.378,777.725,549.297,-1,576.840,-1,482.892,479.384,484.583,-1,-1,-1,-1,-1,770.922,-1,937.604,-1,0,0,2,0,2,0,0,0,2,2,2,2,2,0,2,0,2
126,-4819.896,7682.585,35.030,-36.149,0.804455,0.554670,0.212589,-0.587678,0.795291,0.148819,-0.086525,-0.244652,0.965743,0,-0.05166,-0.53132,8.649,-0.363,763.513,542.444,-1,572.378,-1,477.694,475.040,484.655,-1,-1,-1,-1,-1,761.815,-1,918.479,-1,0,0,2,0,2,0,0,0,2,2,2,2,2,0,2,0,2
127,-4813.639,7677.078,35.567,-36.479,0.800911,0.558451,0.216044,-0.592187,0.792143,0.147730,-0.088638,-0.246257,0.965143,0,-0.05166,-0.53132,8.335,-0.330,752.191,536.625,-1,567.674,-1,473.131,470.984,487.117,-1,-1,-1,-1,-1,754.363,-1,902.155,-1,0,0,2,0,2,0,0,0,2,2,2,2,2,0,2,0,2
128,-4807.570,7671.688,36.160,-36.774,0.797734,0.562010,0.218551,-0.596208,0.789391,0.146283,-0.090310,-0.246997,0.964799,0,-0.05166,-0.53132,8.117,-0.295,744.151,532.150,-1,563.862,-1,469.676,467.892,491.145,-1,-1,-1,-1,-1,749.273,-1,891.930,-1,0,0,2,0,2,0,0,0,2,2,2,2,2,0,2,0,2
129,-4801.650,7666.355,36.691,-37.042,0.794878,0.565414,0.220173,-0.599908,0.786742,0.145424,-0.090994,-0.247678,0.964560,0,-0.05166,-0.53132,7.968,-0.269,738.807,529.119,-1,563.115,-1,467.669,466.403,495.099,-1,-1,-1,-1,-1,746.874,-1,888.372,-1,0,0,2,0,2,0,0,0,2,2,2,2,2,0,2,0,2
130,-4795.788,7661.107,37.019,-37.269,0.792528,0.568470,0.220773,-0.603068,0.784356,0.145240,-0.090600,-0.248248,0.964450,0,-0.05166,-0.53132,7.868,-0.227,736.012,527.468,-1,564.963,-1,467.074,466.518,498.731,-1,-1,-1,-1,-1,746.069,-1,891.205,-1,0,0,2,0,2,0,0,0,2,2,2,2,2,0,2,0,2
131,-4789.936,7655.977,37.039,-37.440,0.790812,0.570986,0.220436,-0.605502,0.782418,0.145567,-0.089356,-0.248590,0.964478,0,-0.05166,-0.53132,7.783,-0.171,735.071,527.162,-1,568.463,-1,467.474,467.940,501.959,-1,-1,-1,-1,-1,747.146,-1,897.650,-1,0,0,2,0,2,0,0,0,2,2,2,2,2,0,2,0,2
132,-4784.217,7650.891,36.707,-37.587,0.789381,0.573170,0.219894,-0.607613,0.780597,0.146540,-0.087656,-0.249287,0.964454,0,-0.05166,-0.53132,7.653,-0.146,733.735,527.273,-1,572.560,-1,467.916,469.554,503.522,-1,-1,-1,-1,-1,748.307,-1,903.187,-1,0,0,2,0,2,0,0,0,2,2,2,2,2,0,2,0,2
133,-4778.616,7645.920,36.035,-37.727,0.788018,0.575336,0.219126,-0.609645,0.778829,0.147508,-0.085795,-0.249828,0.964482,0,-0.05166,-0.53132,7.489,-0.140,732.159,527.079,-1,575.966,-1,468.232,470.717,504.465,-1,-1,-1,-1,-1,749.189,-1,908.388,-1,0,0,2,0,2,0,0,0,2,2,2,2,2,0,2,0,2
134,-4773.134,7641.071,35.132,-37.859,0.786738,0.577429,0.218221,-0.611561,0.777151,0.148421,-0.083888,-0.250224,0.964547,0,-0.05166,-0.53132,7.319,-0.132,730.356,526.624,-1,578.748,-1,468.474,471.494,505.018,-1,-1,-1,-1,-1,750.141,-1,919.285,-1,0,0,2,0,2,0,0,0,2,2,2,2,2,0,2,0,2
135,-4767.809,7636.336,34.181,-37.991,0.785469,0.579500,0.217297,-0.613474,0.775410,0.149630,-0.081784,-0.250836,0.964569,0,-0.05166,-0.53132,7.126,-0.132,728.624,526.293,-1,582.040,-1,468.880,472.508,504.991,-1,-1,-1,-1,-1,752.819,-1,931.190,-1,0,0,2,0,2,0,0,0,2,2,2,2,2,0,2,0,2
136,-4762.579,7631.750,33.255,-38.110,0.784321,0.581434,0.216275,-0.615211,0.773821,0.150718,-0.079726,-0.251266,0.964629,0,-0.05166,-0.53132,6.956,-0.119,728.436,526.103,-1,585.220,-1,469.388,473.586,505.271,-1,-1,-1,-1,-1,755.687,-1,940.552,-1,0,0,2,0,2,0,0,0,2,2,2,2,2,0,2,0,2
137,-4757.471,7627.285,32.442,-38.221,0.783233,0.583214,0.215422,-0.616811,0.772396,0.151490,-0.078040,-0.251527,0.964699,0,-0.05166,-0.53132,6.784,-0.111,727.943,525.700,-1,587.431,-1,469.642,474.335,505.995,-1,-1,-1,-1,-1,757.933,-1,948.039,-1,0,0,2,0,2,0,0,0,2,2,2,2,2,0,2,0,2
138,-4752.579,7622.961,31.856,-38.326,0.782143,0.584799,0.215087,-0.618266,0.771281,0.151235,-0.077450,-0.251268,0.964814,0,-0.05166,-0.53132,6.529,-0.104,726.153,524.356,-1,587.146,-1,468.791,473.699,507.940,-1,-1,-1,-1,-1,757.889,-1,949.934,-1,0,0,2,0,2,0,0,0,2,2,2,2,2,0,2,0,2
139,-4747.867,7618.795,31.503,-38.438,0.780906,0.586351,0.215354,-0.619778,0.770282,0.150137,-0.077850,-0.250715,0.964926,0,-0.05166,-0.53132,6.289,-0.112,722.901,521.892,-1,584.694,-1,466.907,471.809,510.178,-1,-1,-1,-1,-1,755.630,-1,948.396,-1,0,0,2,0,2,0,0,0,2,2,2,2,2,0,2,0,2
140,-4743.258,7614.769,31.347,-38.550,0.779638,0.587787,0.216035,-0.621269,0.769320,0.148904,-0.078676,-0.250307,0.964965,0,-0.05166,-0.53132,6.120,-0.112,718.818,519.010,-1,581.898,-1,464.782,469.736,512.416,-1,-1,-1,-1,-1,752.469,-1,943.029,-1,0,0,2,0,2,0,0,0,2,2,2,2,2,0,2,0,2
141,-4738.712,7610.892,31.374,-38.659,0.778422,0.589069,0.216925,-0.622729,0.768215,0.148504,-0.079166,-0.250684,0.964826,0,-0.05166,-0.53132,5.975,-0.109,714.424,516.676,-1,581.187,-1,463.308,468.817,513.721,-1,-1,-1,-1,-1,750.190,-1,939.760,-1,0,0,2,0,2,0,0,0,2,2,2,2,2,0,2,0,2
142,-4734.228,7607.157,31.532,-38.761,0.777323,0.590163,0.217893,-0.624123,0.766927,0.149309,-0.078991,-0.252054,0.964484,0,-0.05166,-0.53132,5.836,-0.102,710.386,515.189,-1,583.412,-1,462.993,469.591,513.614,-1,-1,-1,-1,-1,749.476,-1,941.240,-1,0,0,2,0,2,0,0,0,2,2,2,2,2,0,2,0,2
143,-4729.768,7603.602,31.735,-38.856,0.776323,0.591151,0.218778,-0.625438,0.765589,0.150668,-0.078426,-0.253799,0.964072,0,-0.05166,-0.53132,5.704,-0.095,706.913,514.408,-1,587.185,-1,463.381,471.309,512.363,-1,-1,-1,-1,-1,749.815,-1,946.283,-1,0,0,2,0,2,0,0,0,2,2,2,2,2,0,2,0,2
144,-4725.316,7600.233,31.913,-38.935,0.775487,0.591905,0.219700,-0.626530,0.764429,0.152011,-0.077969,-0.255532,0.963652,0,-0.05166,-0.53132,5.583,-0.079,703.150,514.000,-1,590.864,-1,463.723,472.597,510.959,-1,-1,-1,-1,-1,749.543,-1,949.318,-1,0,0,2,0,2,0,0,0,2,2,2,2,2,0,2,0,2
145,-4720.937,7597.018,32.047,-39.002,0.774757,0.592398,0.220945,-0.627425,0.763492,0.153028,-0.078036,-0.257186,0.963206,0,-0.05166,-0.53132,5.433,-0.066,698.013,512.778,-1,594.462,-1,463.335,472.964,509.511,-1,-1,-1,-1,-1,747.544,-1,944.690,-1,0,0,2,0,2,0,0,0,2,2,2,2,2,0,2,0,2
146,-4716.715,7593.950,32.182,-39.052,0.774139,0.592527,0.222757,-0.628060,0.762899,0.153385,-0.079057,-0.258646,0.962732,0,-0.05166,-0.53132,5.218,-0.051,690.757,510.209,-1,595.852,-1,461.791,471.933,508.243,-1,-1,-1,-1,-1,743.064,-1,927.885,-1,0,0,2,0,2,0,0,0,2,2,2,2,2,0,2,0,2
147,-4712.514,7590.816,32.330,-39.101,0.773540,0.592615,0.224596,-0.628672,0.762304,0.153830,-0.080048,-0.260191,0.962233,0,0.39454,-0.39829,5.242,-0.049,683.536,507.674,-1,597.486,-1,460.409,470.973,506.820,-1,-1,-1,-1,-1,738.657,-1,911.659,-1,0,0,2,0,2,0,0,0,2,2,2,2,2,0,2,0,2
148,-4708.265,7587.254,32.508,-39.210,0.772340,0.593454,0.226504,-0.630130,0.760806,0.155277,-0.080176,-0.262654,0.961553,0,0.39454,-0.39829,5.544,-0.109,676.844,505.776,-1,602.153,-1,459.776,471.032,503.838,-1,-1,-1,-1,-1,736.372,-1,903.013,-1,0,0,2,0,2,0,0,0,2,2,2,2,2,0,2,0,2
149,-4703.890,7583.346,32.626,-39.365,0.770657,0.595017,0.228126,-0.632234,0.758747,0.156792,-0.079796,-0.265062,0.960924,0,0.39454,-0.39829,5.867,-0.155,671.299,504.333,-1,606.479,-1,459.454,471.360,500.976,-1,-1,-1,-1,-1,735.005,-1,901.320,-1,0,0,2,0,2,0,0,0,2,2,2,2,2,0,2,0,2
150,-4699.404,7579.052,32.653,-39.565,0.768504,0.597309,0.229399,-0.634970,0.756122,0.158405,-0.078837,-0.267397,0.960356,0,0.39454,-0.39829,6.210,-0.200,666.983,503.383,-1,611.713,-1,459.469,471.983,498.162,-1,-1,-1,-1,-1,735.067,-1,907.146,-1,0,0,2,0,2,0,0,0,2,2,2,2,2,0,2,0,2
151,-4694.760,7574.402,32.534,-39.776,0.766237,0.599955,0.230075,-0.637871,0.753384,0.159792,-0.077467,-0.269197,0.959965,0,0.39454,-0.39829,6.572,-0.212,664.190,502.832,-1,617.082,-1,459.761,472.702,496.067,-1,-1,-1,-1,-1,736.464,-1,920.239,-1,0,0,2,0,2,0,0,0,2,2,2,2,2,0,2,0,2
152,-4690.018,7569.458,32.308,-39.991,0.763915,0.602811,0.230332,-0.640806,0.750739,0.160496,-0.076171,-0.270204,0.959785,0,0.39454,-0.39829,6.851,-0.215,662.282,501.898,-1,621.038,-1,459.756,472.861,494.987,-1,-1,-1,-1,-1,738.077,-1,944.002,-1,0,0,2,0,2,0,0,0,2,2,2,2,2,0,2,0,2
153,-4685.174,7564.203,31.982,-40.227,0.761351,0.606094,0.230205,-0.644004,0.747976,0.160594,-0.074853,-0.270521,0.959800,0,0.39454,-0.39829,7.147,-0.235,661.524,500.973,-1,623.804,-1,459.488,472.522,494.933,-1,-1,-1,-1,-1,740.083,-1,984.588,-1,0,0,2,0,2,0,0,0,2,2,2,2,2,0,2,0,2
154,-4680.216,7558.589,31.558,-40.473,0.758674,0.609641,0.229677,-0.647344,0.745083,0.160616,-0.073210,-0.270535,0.959922,0,0.39454,-0.39829,7.490,-0.246,663.931,500.333,-1,626.924,-1,458.993,472.274,495.201,-1,-1,-1,-1,-1,743.090,-1,-1,-1,0,0,2,0,2,0,0,0,2,2,2,2,2,0,2,2,2
155,-4675.158,7552.642,31.087,-40.728,0.755899,0.613430,0.228736,-0.650813,0.742028,0.160737,-0.071128,-0.270365,0.960127,0,0.39454,-0.39829,7.807,-0.255,668.004,500.186,-1,630.978,-1,458.708,472.775,495.703,-1,-1,-1,-1,-1,747.530,-1,-1,-1,0,0,2,0,2,0,0,0,2,2,2,2,2,0,2,2,2
156,-4669.959,7546.426,30.594,-40.994,0.752994,0.617559,0.227201,-0.654437,0.738849,0.160668,-0.068645,-0.269671,0.960503,0,0.39454,-0.39829,8.104,-0.267,674.575,501.118,-1,635.526,-1,458.882,473.746,497.200,-1,-1,-1,-1,-1,755.530,-1,-1,-1,0,0,2,0,2,0,0,0,2,2,2,2,2,0,2,2,2
157,-4664.627,7539.870,30.117,-41.279,0.749877,0.622050,0.225252,-0.658301,0.735426,0.160588,-0.065762,-0.268705,0.960975,0,0.49913,-0.98900,8.451,-0.285,682.722,503.634,-1,641.038,-1,459.504,475.169,499.296,-1,-1,-1,-1,-1,767.920,-1,-1,-1,0,0,2,0,2,0,0,0,2,2,2,2,2,0,2,2,2
158,-4659.129,7532.839,29.649,-41.588,0.746491,0.626885,0.223084,-0.662487,0.731528,0.161179,-0.062152,-0.268109,0.961382,0,0.49913,-0.98900,8.925,-0.309,691.639,506.082,-1,650.821,-1,462.038,477.876,500.338,-1,-1,-1,-1,-1,783.216,-1,-1,-1,0,0,2,0,2,0,0,0,2,2,2,2,2,0,2,2,2
159,-4653.555,7525.331,29.184,-41.924,0.742793,0.631981,0.221041,-0.667020,0.727035,0.162800,-0.057818,-0.268365,0.961580,0,0.49913,-0.98900,9.352,-0.335,706.513,508.912,-1,664.147,-1,464.620,482.182,497.242,-1,-1,-1,-1,-1,797.522,-1,-1,-1,0,0,2,0,2,0,0,0,2,2,2,2,2,0,2,2,2
160,-4647.010,7515.899,28.813,-42.436,0.736994,0.639281,0.219453,-0.673822,0.720359,0.164460,-0.052949,-0.269078,0.961662,0,0.49913,-0.98900,11.480,-0.513,721.051,511.503,-1,679.196,-1,466.846,486.397,492.870,-1,-1,-1,-1,-1,821.183,-1,-1,-1,0,0,2,0,2,0,0,0,2,2,2,2,2,0,2,2,2
161,-4642.598,7509.453,28.741,-42.799,0.732830,0.644448,0.218283,-0.678574,0.715782,0.164903,-0.049971,-0.268967,0.961852,0,0.49913,-0.98900,7.811,-0.362,732.433,513.361,-1,687.553,-1,468.243,488.880,491.157,-1,-1,-1,-1,-1,836.058,-1,-1,-1,0,0,2,0,2,0,0,0,2,2,2,2,2,0,2,2,2
162,-4636.868,7501.125,28.771,-43.245,0.727661,0.650926,0.216344,-0.684398,0.710085,0.165463,-0.045918,-0.268466,0.962194,0,0.49913,-0.98900,10.108,-0.447,760.638,517.236,-1,698.054,-1,470.781,492.972,489.798,-1,-1,-1,-1,-1,861.950,-1,-1,-1,0,0,2,0,2,0,0,0,2,2,2,2,2,0,2,2,2
163,-4630.979,7492.486,28.892,-43.693,0.722429,0.657383,0.214347,-0.690197,0.704217,0.166451,-0.041525,-0.268191,0.962470,0,0.50020,-0.98900,10.455,-0.448,790.708,523.398,-1,712.709,-1,473.932,498.062,488.212,-1,-1,-1,-1,-1,896.057,-1,-1,-1,0,0,2,0,2,0,0,0,2,2,2,2,2,0,2,2,2
164,-4625.311,7483.639,29.265,-44.207,0.716304,0.664257,0.213708,-0.696745,0.697606,0.167012,-0.038145,-0.268532,0.962515,0,0.50152,-0.98900,10.507,-0.514,828.472,527.692,-1,725.055,-1,476.425,501.410,486.151,-1,-1,-1,-1,-1,924.155,-1,-1,-1,0,0,2,0,2,0,0,0,2,2,2,2,2,0,2,2,2
165,-4619.711,7474.545,29.751,-44.781,0.709353,0.671598,0.213952,-0.703962,0.690292,0.167136,-0.035441,-0.269172,0.962440,0,0.50313,-0.98900,10.680,-0.575,874.527,529.973,-1,735.043,-1,478.124,503.303,483.762,-1,-1,-1,-1,-1,954.017,-1,-1,-1,0,0,2,0,2,0,0,0,2,2,2,2,2,0,2,2,2
166,-4614.212,7465.122,30.300,-45.407,0.701689,0.679294,0.214923,-0.711732,0.682148,0.167666,-0.032715,-0.270617,0.962131,0,0.50502,-0.98900,10.910,-0.626,-1,530.691,-1,744.357,-1,479.442,506.921,480.097,-1,-1,-1,-1,-1,990.747,-1,-1,-1,2,0,2,0,2,0,0,0,2,2,2,2,2,0,2,2,2
167,-4608.645,7455.484,30.896,-46.028,0.694004,0.686908,0.215676,-0.719365,0.673865,0.168582,-0.029536,-0.272146,0.961802,0,0.50712,-0.98900,11.131,-0.621,-1,532.531,-1,755.434,-1,481.519,512.700,476.224,-1,-1,-1,-1,-1,-1,-1,-1,-1,2,0,2,0,2,0,0,0,2,2,2,2,2,2,2,2,2
168,-4602.934,7445.608,31.517,-46.631,0.686472,0.694373,0.215876,-0.726702,0.665602,0.169936,-0.025689,-0.273533,0.961519,0,0.50919,-0.98900,11.408,-0.603,-1,537.938,-1,771.839,-1,484.893,519.638,472.633,-1,-1,-1,-1,-1,-1,-1,-1,-1,2,0,2,0,2,0,0,0,2,2,2,2,2,2,2,2,2
169,-4597.247,7435.436,32.139,-47.247,0.678691,0.701980,0.215878,-0.734114,0.656974,0.171643,-0.021336,-0.274972,0.961216,0,0.51115,-0.98900,11.654,-0.616,-1,544.263,-1,790.623,-1,488.984,527.123,469.152,-1,1002.008,-1,-1,-1,-1,-1,-1,-1,2,0,2,0,2,0,0,0,2,0,2,2,2,2,2,2,2
170,-4591.829,7425.007,32.789,-47.910,0.670200,0.710035,0.216061,-0.741983,0.647721,0.172973,-0.017130,-0.276240,0.960936,0,0.51316,-0.98900,11.752,-0.663,-1,550.146,-1,806.691,-1,493.528,533.919,465.791,-1,994.834,-1,-1,-1,-1,-1,-1,-1,2,0,2,0,2,0,0,0,2,0,2,2,2,2,2,2,2
171,-4585.462,7412.133,33.489,-48.700,0.659952,0.719719,0.215564,-0.751219,0.636553,0.174559,-0.011585,-0.277136,0.960761,0,0.51538,-0.98900,14.363,-0.791,-1,557.621,-1,828.232,-1,500.144,543.389,462.404,-1,989.300,-1,-1,-1,-1,-1,-1,-1,2,0,2,0,2,0,0,0,2,0,2,2,2,2,2,2,2
172,-4581.188,7403.328,33.831,-49.217,0.653176,0.726212,0.214425,-0.757172,0.629114,0.175801,-0.007229,-0.277185,0.960789,0,0.51801,-0.98900,9.787,-0.517,-1,566.006,-1,846.705,-1,506.422,552.755,458.560,-1,983.874,-1,-1,-1,-1,-1,-1,-1,2,0,2,0,2,0,0,0,2,0,2,2,2,2,2,2,2
173,-4575.886,7392.149,34.198,-49.869,0.644536,0.734476,0.212409,-0.764572,0.619849,0.176684,-0.001892,-0.276281,0.961075,0,0.51971,-0.98900,12.373,-0.652,-1,576.858,-1,867.509,-1,514.750,562.340,454.859,-1,982.240,-1,-1,-1,-1,-1,-1,-1,2,0,2,0,2,0,0,0,2,0,2,2,2,2,2,2,2
174,-4570.835,7380.666,34.586,-50.536,0.635585,0.742754,0.210591,-0.772022,0.610184,0.177924,0.003654,-0.275666,0.961246,0,0.52184,-0.98900,12.544,-0.667,-1,587.468,-1,888.756,-1,523.592,572.226,450.593,-1,980.154,-1,-1,-1,-1,-1,-1,-1,2,0,2,0,2,0,0,0,2,0,2,2,2,2,2,2,2
175,-4565.976,7368.904,34.933,-51.217,0.626340,0.751101,0.208676,-0.779492,0.600176,0.179391,0.009498,-0.275021,0.961391,0,0.52404,-0.98900,12.726,-0.681,-1,599.966,-1,922.872,-1,533.440,582.665,446.238,-1,976.309,-1,-1,-1,-1,-1,-1,-1,2,0,2,0,2,0,0,0,2,0,2,2,2,2,2,2,2
176,-4561.416,7357.022,35.346,-51.948,0.616305,0.759879,0.206765,-0.787367,0.589615,0.180020,0.014882,-0.273747,0.961686,0,0.52630,-0.98900,12.727,-0.731,-1,612.955,-1,953.034,-1,542.205,592.532,442.584,-1,979.042,-1,-1,-1,-1,-1,-1,-1,2,0,2,0,2,0,0,0,2,0,2,2,2,2,2,2,2
177,-4556.985,7344.928,35.855,-52.691,0.605985,0.768729,0.204544,-0.795220,0.578889,0.180316,0.020206,-0.271926,0.962106,0,0.52879,-0.98900,12.880,-0.743,-1,626.648,-1,999.508,-1,551.928,602.610,440.579,-1,986.759,-1,-1,-1,-1,-1,-1,-1,2,0,2,0,2,0,0,0,2,0,2,2,2,2,2,2,2
178,-4552.374,7332.599,36.438,-53.388,0.596182,0.777166,0.201444,-0.802419,0.568593,0.181176,0.026264,-0.269656,0.962598,0,0.57713,-0.51075,13.163,-0.697,-1,645.040,-1,-1,-1,564.427,614.217,439.423,-1,990.781,-1,-1,-1,-1,-1,-1,-1,2,0,2,2,2,0,0,0,2,0,2,2,2,2,2,2,2
179,-4547.478,7320.002,37.092,-54.015,0.587258,0.784895,0.197655,-0.808737,0.559132,0.182529,0.032751,-0.267043,0.963128,0,0.57964,-0.51075,13.515,-0.627,-1,667.852,-1,-1,-1,579.375,627.734,437.868,-1,994.087,-1,-1,-1,-1,-1,-1,-1,2,0,2,2,2,0,0,0,2,0,2,2,2,2,2,2,2
180,-4542.320,7307.045,37.639,-54.591,0.578965,0.792122,0.193239,-0.814410,0.550429,0.183752,0.039189,-0.263762,0.963791,0,0.58176,-0.51075,13.946,-0.576,-1,691.738,-1,-1,-1,594.839,641.798,436.911,-1,1001.303,-1,-1,-1,-1,-1,-1,-1,2,0,2,2,2,0,0,0,2,0,2,2,2,2,2,2,2
181,-4537.288,7293.675,38.075,-55.185,0.570333,0.799245,0.189546,-0.820154,0.541320,0.185256,0.045460,-0.261115,0.964237,0,0.58360,-0.51075,14.286,-0.594,-1,717.063,-1,-1,-1,609.462,655.436,436.011,-1,-1,-1,-1,-1,-1,-1,-1,-1,2,0,2,2,2,0,0,0,2,2,2,2,2,2,2,2,2
182,-4532.228,7279.963,38.354,-55.787,0.561534,0.806307,0.185871,-0.825861,0.532197,0.186333,0.051322,-0.258136,0.964745,0,0.58551,-0.51075,14.615,-0.601,-1,741.053,-1,-1,-1,623.048,667.174,435.324,-1,-1,-1,-1,-1,-1,-1,-1,-1,2,0,2,2,2,0,0,0,2,2,2,2,2,2,2,2,2
183,-4527.163,7266.119,38.716,-56.407,0.552447,0.813184,0.183122,-0.831725,0.523247,0.185597,0.055107,-0.254840,0.965412,0,0.58743,-0.51075,14.742,-0.620,-1,758.951,-1,-1,-1,631.159,673.648,435.016,-1,-1,-1,-1,-1,-1,-1,-1,-1,2,0,2,2,2,0,0,0,2,2,2,2,2,2,2,2,2
184,-4521.960,7252.124,39.361,-57.049,0.543045,0.819600,0.182644,-0.837787,0.514144,0.183763,0.056706,-0.252808,0.965853,0,0.58943,-0.51075,14.931,-0.642,-1,767.055,-1,-1,-1,633.589,675.390,433.247,-1,-1,-1,-1,-1,-1,-1,-1,-1,2,0,2,2,2,0,0,0,2,2,2,2,2,2,2,2,2
185,-4516.624,7237.889,40.273,-57.714,0.533262,0.825663,0.184150,-0.844002,0.504512,0.182011,0.057374,-0.252483,0.965899,0,0.59152,-0.51075,15.202,-0.665,-1,769.978,-1,-1,-1,633.597,677.015,430.068,-1,-1,-1,-1,-1,-1,-1,-1,-1,2,0,2,2,2,0,0,0,2,2,2,2,2,2,2,2,2
186,-4511.162,7223.475,41.547,-58.396,0.523177,0.831593,0.186385,-0.850269,0.494538,0.180207,0.057684,-0.252758,0.965809,0,0.59370,-0.51075,15.414,-0.681,-1,772.082,-1,-1,-1,633.501,678.781,426.434,-1,-1,-1,-1,-1,-1,-1,-1,-1,2,0,2,2,2,0,0,0,2,2,2,2,2,2,2,2,2
187,-4505.641,7208.877,43.212,-59.095,0.512764,0.837354,0.189503,-0.856595,0.484180,0.178368,0.057604,-0.253788,0.965543,0,0.59594,-0.51075,15.607,-0.699,-1,772.618,-1,-1,-1,633.269,680.459,422.233,-1,-1,-1,-1,-1,-1,-1,-1,-1,2,0,2,2,2,0,0,0,2,2,2,2,2,2,2,2,2
188,-4500.054,7194.035,45.134,-59.779,0.502496,0.842967,0.192104,-0.862642,0.473972,0.176631,0.057842,-0.254474,0.965348,0,0.59825,-0.51075,15.859,-0.684,-1,776.097,-1,-1,-1,634.899,683.665,418.859,-1,-1,-1,-1,-1,-1,-1,-1,-1,2,0,2,2,2,0,0,0,2,2,2,2,2,2,2,2,2
189,-4494.729,7178.928,47.079,-60.522,0.491272,0.849049,0.194339,-0.869083,0.463008,0.174123,0.057858,-0.254439,0.965357,0,0.60046,-0.51075,16.017,-0.743,-1,778.556,-1,-1,-1,635.401,685.775,417.689,-1,-1,-1,-1,-1,-1,-1,-1,-1,2,0,2,2,2,0,0,0,2,2,2,2,2,2,2,2,2
190,-4489.780,7163.576,48.974,-61.309,0.479283,0.855442,0.196233,-0.875754,0.451406,0.171138,0.057818,-0.253875,0.965507,0,0.60296,-0.51075,16.130,-0.787,-1,780.232,-1,-1,-1,635.285,688.205,415.701,-1,-1,-1,-1,-1,-1,-1,-1,-1,2,0,2,2,2,0,0,0,2,2,2,2,2,2,2,2,2
191,-4485.520,7148.012,50.988,-62.175,0.465973,0.862332,0.198126,-0.882856,0.438310,0.168669,0.058608,-0.253512,0.965555,0,0.60568,-0.51075,16.137,-0.866,-1,783.956,-1,-1,-1,637.151,696.592,413.550,-1,-1,-1,-1,-1,-1,-1,-1,-1,2,0,2,2,2,0,0,0,2,2,2,2,2,2,2,2,2
192,-4482.016,7132.245,53.066,-63.130,0.451144,0.869727,0.200112,-0.890406,0.423477,0.166867,0.060386,-0.253462,0.965459,0,0.60880,-0.51075,16.152,-0.955,-1,790.390,-1,-1,-1,640.673,707.596,411.267,-1,-1,-1,-1,-1,-1,-1,-1,-1,2,0,2,2,2,0,0,0,2,2,2,2,2,2,2,2,2
193,-4479.167,7116.385,55.235,-64.134,0.435399,0.877426,0.201375,-0.898019,0.407626,0.165539,0.063162,-0.252914,0.965425,0,0.61239,-0.51075,16.114,-1.004,-1,800.905,-1,-1,-1,646.628,721.120,411.932,-1,-1,-1,-1,-1,-1,-1,-1,-1,2,0,2,2,2,0,0,0,2,2,2,2,2,2,2,2,2
194,-4476.784,7100.383,57.392,-65.185,0.418756,0.885280,0.202293,-0.905654,0.390800,0.164514,0.066585,-0.252099,0.965408,0,0.61624,-0.51046,16.178,-1.051,-1,815.352,-1,-1,-1,654.228,742.647,411.729,-1,-1,-1,-1,-1,-1,-1,-1,-1,2,0,2,2,2,0,0,0,2,2,2,2,2,2,2,2,2
195,-4474.713,7084.246,59.489,-66.288,0.401146,0.893184,0.203236,-0.913321,0.372996,0.163460,0.070194,-0.251191,0.965389,0,0.62033,-0.50215,16.270,-1.103,-1,832.634,-1,-1,-1,666.477,769.792,410.297,-1,-1,-1,-1,-1,-1,-1,-1,-1,2,0,2,2,2,0,0,0,2,2,2,2,2,2,2,2,2
196,-4472.843,7064.839,62.140,-67.679,0.378752,0.902517,0.204961,-0.922516,0.350394,0.161826,0.074234,-0.250372,0.965300,0,0.62468,-0.49332,19.497,-1.391,-1,850.085,-1,-1,-1,679.456,804.156,410.633,-1,-1,-1,-1,-1,-1,-1,-1,-1,2,0,2,2,2,0,0,0,2,2,2,2,2,2,2,2,2
197,-4471.981,7051.917,64.093,-68.654,0.362939,0.908597,0.206706,-0.928684,0.334543,0.160084,0.076300,-0.250065,0.965218,0,0.63026,-0.48201,12.950,-0.975,-1,866.410,-1,-1,-1,687.284,827.423,411.474,-1,-1,-1,-1,-1,-1,-1,-1,-1,2,0,2,2,2,0,0,0,2,2,2,2,2,2,2,2,2
198,-4471.121,7035.671,66.717,-69.868,0.343121,0.915772,0.208878,-0.935984,0.314708,0.157775,0.078751,-0.249642,0.965131,0,0.63423,-0.47395,16.269,-1.214,-1,887.059,-1,-1,-1,710.544,857.746,411.914,-1,-1,-1,-1,-1,-1,-1,-1,-1,2,0,2,2,2,0,0,0,2,2,2,2,2,2,2,2,2
199,-4470.430,7019.160,69.346,-71.053,0.323622,0.922375,0.210933,-0.942691,0.295167,0.155596,0.081257,-0.249199,0.965037,0,0.63917,-0.46394,16.526,-1.185,-1,909.028,-1,-1,-1,737.643,887.344,411.411,-1,-1,-1,-1,-1,-1,-1,-1,-1,2,0,2,2,2,0,0,0,2,2,2,2,2,2,2,2,2
200,-4469.913,7002.421,71.811,-72.233,0.304094,0.928476,0.213209,-0.949013,0.275735,0.152790,0.083073,-0.248801,0.964986,0,0.64395,-0.45423,16.746,-1.180,-1,933.342,-1,-1,-1,762.311,913.487,412.710,-1,-1,-1,-1,-1,-1,-1,-1,-1,2,0,2,2,2,0,0,0,2,2,2,2,2,2,2,2,2
201,-4469.649,6985.490,74.120,-73.408,0.284536,0.934108,0.215597,-0.954961,0.256424,0.149321,0.084197,-0.248374,0.964998,0,0.64870,-0.44460,16.933,-1.175,-1,947.481,-1,-1,-1,785.340,933.282,413.563,-1,-1,-1,-1,-1,-1,-1,-1,-1,2,0,2,2,2,0,0,0,2,2,2,2,2,2,2,2,2
202,-4469.584,6968.357,76.222,-74.571,0.265084,0.939333,0.217678,-0.960504,0.237428,0.145122,0.084635,-0.247550,0.965171,0,0.54355,-0.93882,17.133,-1.163,-1,958.590,-1,-1,-1,805.069,943.639,413.429,-1,-1,-1,-1,-1,-1,-1,-1,-1,2,0,2,2,2,0,0,0,2,2,2,2,2,2,2,2,2
203,-4469.716,6951.073,78.129,-75.708,0.245987,0.944198,0.219045,-0.965598,0.219054,0.140129,0.084327,-0.245979,0.965600,0,0.54742,-0.92939,17.285,-1.136,-1,966.116,-1,-1,-1,817.862,948.853,414.089,-1,-1,-1,-1,-1,-1,-1,-1,-1,2,0,2,2,2,0,0,0,2,2,2,2,2,2,2,2,2
204,-4470.043,6933.627,79.853,-76.811,0.227372,0.948677,0.219806,-0.970263,0.201456,0.134181,0.083013,-0.243778,0.966272,0,0.55117,-0.92024,17.449,-1.103,-1,968.796,-1,-1,-1,823.601,946.321,416.165,-1,-1,-1,-1,-1,-1,-1,-1,-1,2,0,2,2,2,0,0,0,2,2,2,2,2,2,2,2,2
205,-4470.562,6916.049,81.386,-77.886,0.209188,0.952740,0.220288,-0.974585,0.184659,0.126829,0.080157,-0.241221,0.967154,0,0.55478,-0.91143,17.586,-1.074,-1,960.401,-1,-1,-1,821.573,933.908,418.138,-1,-1,-1,-1,-1,-1,-1,-1,-1,2,0,2,2,2,0,0,0,2,2,2,2,2,2,2,2,2
206,-4471.324,6898.368,82.815,-78.939,0.191307,0.956406,0.220657,-0.978601,0.168500,0.118098,0.075769,-0.238528,0.968175,0,0.55827,-0.90293,17.697,-1.053,-1,942.844,-1,-1,-1,811.420,914.163,419.506,-1,-1,-1,-1,-1,-1,-1,-1,-1,2,0,2,2,2,0,0,0,2,2,2,2,2,2,2,2,2
207,-4472.352,6880.538,84.118,-79.997,0.173262,0.959856,0.220584,-0.982318,0.152289,0.108903,0.070938,-0.235552,0.969269,0,0.56167,-0.89464,17.860,-1.058,-1,922.788,-1,-1,-1,798.931,892.532,421.896,-1,-1,-1,-1,-1,-1,-1,-1,-1,2,0,2,2,2,0,0,0,2,2,2,2,2,2,2,2,2
208,-4473.784,6862.642,85.420,-81.090,0.154542,0.963046,0.220589,-0.985792,0.135434,0.099359,0.065812,-0.232810,0.970293,0,0.56508,-0.88631,17.953,-1.093,-1,902.604,-1,-1,-1,785.270,873.001,423.993,-1,-1,-1,-1,-1,-1,-1,-1,-1,2,0,2,2,2,0,0,0,2,2,2,2,2,2,2,2,2
209,-4475.637,6844.648,86.736,-82.202,0.135433,0.966070,0.219924,-0.988905,0.118130,0.090069,0.061033,-0.229682,0.971350,0,0.56865,-0.87761,18.088,-1.111,-1,887.637,-1,-1,-1,773.676,853.983,426.518,-1,-1,-1,-1,-1,-1,-1,-1,-1,2,0,2,2,2,0,0,0,2,2,2,2,2,2,2,2,2
210,-4478.235,6822.856,88.178,-83.546,0.112228,0.969505,0.217865,-0.992146,0.097140,0.078806,0.055239,-0.224998,0.972792,0,0.57230,-0.86871,21.947,-1.345,-1,869.702,-1,-1,-1,758.300,829.829,430.861,-1,-1,-1,-1,-1,-1,-1,-1,-1,2,0,2,2,2,0,0,0,2,2,2,2,2,2,2,2,2
211,-4480.273,6808.211,89.094,-84.447,0.096632,0.971512,0.216393,-0.994000,0.083000,0.071244,0.051254,-0.221979,0.973704,0,0.57671,-0.85794,14.786,-0.901,-1,856.782,-1,-1,-1,747.362,813.750,434.401,-1,-1,-1,-1,-1,-1,-1,-1,-1,2,0,2,2,2,0,0,0,2,2,2,2,2,2,2,2,2
212,-4483.221,6789.841,90.232,-85.609,0.076487,0.973662,0.214785,-0.995997,0.064618,0.061761,0.046255,-0.218649,0.974707,0,0.57968,-0.85071,18.606,-1.161,-1,841.008,-1,-1,-1,733.795,794.217,437.808,-1,-1,-1,-1,-1,-1,-1,-1,-1,2,0,2,2,2,0,0,0,2,2,2,2,2,2,2,2,2
213,-4486.664,6771.529,91.518,-86.817,0.055482,0.975350,0.213574,-0.997611,0.045332,0.052137,0.041171,-0.215956,0.975535,0,0.58353,-0.84131,18.633,-1.208,-1,826.599,-1,-1,-1,720.521,777.992,440.173,-1,-1,-1,-1,-1,-1,-1,-1,-1,2,0,2,2,2,0,0,0,2,2,2,2,2,2,2,2,2
214,-4490.615,6753.265,93.029,-88.053,0.033945,0.976714,0.211841,-0.998761,0.025431,0.042786,0.036402,-0.213031,0.976367,0,0.58760,-0.83139,18.687,-1.237,-1,815.034,-1,-1,-1,709.101,761.579,443.279,-1,-1,-1,-1,-1,-1,-1,-1,-1,2,0,2,2,2,0,0,0,2,2,2,2,2,2,2,2,2
215,-4494.992,6734.931,94.589,-89.297,0.012261,0.977664,0.209817,-0.999438,0.005433,0.033089,0.031210,-0.210105,0.977181,0,0.59180,-0.82115,18.849,-1.244,-1,801.394,-1,-1,-1,695.802,744.195,446.807,-1,-1,-1,-1,-1,-1,-1,-1,-1,2,0,2,2,2,0,0,0,2,2,2,2,2,2,2,2,2
216,-4499.817,6716.599,96.186,-90.566,-0.009870,0.978130,0.207762,-0.999627,-0.014945,0.022869,0.025474,-0.207458,0.977912,0,0.59603,-0.81083,18.956,-1.269,-1,783.627,-1,-1,-1,679.820,726.018,449.535,-1,-1,-1,-1,-1,-1,-1,-1,-1,2,0,2,2,2,0,0,0,2,2,2,2,2,2,2,2,2
217,-4505.190,6698.350,97.892,-91.877,-0.032740,0.978044,0.205810,-0.999264,-0.036145,0.012806,0.019964,-0.205239,0.978508,0,0.60038,-0.80022,19.024,-1.311,-1,767.542,-1,-1,-1,665.783,710.077,451.365,-1,-1,-1,-1,-1,-1,-1,-1,-1,2,0,2,2,2,0,0,0,2,2,2,2,2,2,2,2,2
218,-4511.025,6679.896,99.431,-93.181,-0.055487,0.977570,0.203170,-0.998327,-0.057631,0.004645,0.016250,-0.202573,0.979132,0,0.60492,-0.78915,19.354,-1.305,-1,757.865,-1,-1,-1,657.078,699.295,452.739,-1,-1,-1,-1,-1,-1,-1,-1,-1,2,0,2,2,2,0,0,0,2,2,2,2,2,2,2,2,2
219,-4517.285,6661.266,100.774,-94.466,-0.077853,0.976835,0.199331,-0.996864,-0.079119,-0.001618,0.014190,-0.198832,0.979931,0,0.60943,-0.77814,19.654,-1.284,-1,754.300,-1,-1,-1,651.982,691.245,455.962,-1,-1,-1,-1,-1,-1,-1,-1,-1,2,0,2,2,2,0,0,0,2,2,2,2,2,2,2,2,2
220,-4524.088,6642.543,101.874,-95.740,-0.100005,0.975581,0.195554,-0.994914,-0.100432,-0.007759,0.012070,-0.195335,0.980662,0,0.61386,-0.76733,19.920,-1.274,-1,747.264,-1,-1,-1,644.386,682.679,457.610,-1,-1,-1,-1,-1,-1,-1,-1,-1,2,0,2,2,2,0,0,0,2,2,2,2,2,2,2,2,2
221,-4531.365,6623.819,102.736,-97.019,-0.122192,0.973837,0.191600,-0.992468,-0.121592,-0.014930,0.008757,-0.191982,0.981359,0,0.61826,-0.75661,20.088,-1.279,-1,734.208,-1,-1,-1,633.192,671.227,457.661,-1,-1,-1,-1,-1,-1,-1,-1,-1,2,0,2,2,2,0,0,0,2,2,2,2,2,2,2,2,2
222,-4539.133,6605.097,103.284,-98.308,-0.144500,0.971402,0.188410,-0.989498,-0.142570,-0.023831,0.003712,-0.189875,0.981801,0,0.62269,-0.74580,20.270,-1.289,-1,713.557,-1,-1,-1,617.593,656.039,452.849,-1,-1,-1,-1,-1,-1,-1,-1,-1,2,0,2,2,2,0,0,0,2,2,2,2,2,2,2,2,2
223,-4547.430,6586.244,103.400,-99.629,-0.167262,0.968113,0.186494,-0.985911,-0.163951,-0.033150,-0.001517,-0.189411,0.981897,0,0.72723,-0.68714,20.597,-1.320,-1,692.722,-1,-1,-1,600.645,643.458,443.090,-1,-1,-1,-1,-1,-1,-1,-1,-1,2,0,2,2,2,0,0,0,2,2,2,2,2,2,2,2,2
224,-4556.309,6567.261,103.214,-100.994,-0.190695,0.963991,0.185355,-0.981629,-0.186044,-0.042338,-0.006329,-0.190024,0.981759,0,0.73258,-0.67588,20.957,-1.365,-1,668.542,-1,-1,-1,585.617,632.344,429.941,-1,-1,-1,-1,-1,-1,-1,-1,-1,2,0,2,2,2,0,0,0,2,2,2,2,2,2,2,2,2
225,-4565.717,6548.182,102.829,-102.385,-0.214464,0.959155,0.184466,-0.976659,-0.208277,-0.052523,-0.011957,-0.191424,0.981435,0,0.73815,-0.66416,21.273,-1.391,-1,641.761,-1,-1,-1,568.641,619.718,415.108,-1,-1,-1,-1,-1,-1,-1,-1,-1,2,0,2,2,2,0,0,0,2,2,2,2,2,2,2,2,2
226,-4575.687,6528.998,102.273,-103.765,-0.237893,0.954036,0.182269,-0.971120,-0.230096,-0.063106,-0.018266,-0.192018,0.981221,0,0.74386,-0.65216,21.620,-1.380,-1,617.031,-1,-1,-1,550.687,605.621,402.203,-1,-1,-1,-1,-1,-1,-1,-1,-1,2,0,2,2,2,0,0,0,2,2,2,2,2,2,2,2,2
227,-4586.281,6509.599,101.347,-105.123,-0.260823,0.948826,0.178049,-0.965104,-0.251811,-0.071868,-0.023356,-0.190581,0.981394,0,0.74952,-0.64025,22.103,-1.359,-1,595.506,-1,-1,-1,534.744,593.735,391.504,-1,-1,-1,-1,-1,977.275,-1,-1,-1,2,0,2,2,2,0,0,0,2,2,2,2,2,0,2,2,2
228,-4597.564,6490.008,100.098,-106.449,-0.283064,0.943568,0.171915,-0.958726,-0.273357,-0.078235,-0.026826,-0.186964,0.982000,0,0.75509,-0.62855,22.608,-1.326,-1,577.533,-1,998.572,-1,521.406,585.998,383.242,-1,-1,-1,-1,-1,947.423,-1,-1,-1,2,0,2,0,2,0,0,0,2,2,2,2,2,0,2,2,2
229,-4609.523,6470.256,98.523,-107.747,-0.304678,0.938162,0.164389,-0.951986,-0.294540,-0.083481,-0.029899,-0.181930,0.982857,0,0.76050,-0.61715,23.090,-1.298,-1,560.755,-1,980.047,-1,510.634,578.260,378.257,-1,-1,-1,-1,-1,919.342,-1,-1,-1,2,0,2,0,2,0,0,0,2,2,2,2,2,0,2,2,2
230,-4622.166,6450.451,96.782,-109.023,-0.325758,0.932514,0.155882,-0.944845,-0.315181,-0.089042,-0.033902,-0.176291,0.983754,0,0.76580,-0.60602,23.496,-1.276,-1,544.279,-1,952.884,-1,499.646,568.356,375.852,-1,-1,-1,-1,-1,889.064,-1,-1,-1,2,0,2,0,2,0,0,0,2,2,2,2,2,0,2,2,2
231,-4635.488,6430.676,94.956,-110.299,-0.346654,0.926516,0.146285,-0.937171,-0.335581,-0.095376,-0.039277,-0.170156,0.984634,0,0.77100,-0.59507,23.843,-1.276,-1,526.177,-1,918.332,-1,486.709,555.817,377.748,-1,-1,-1,-1,-1,854.382,-1,-1,-1,2,0,2,0,2,0,0,0,2,2,2,2,2,0,2,2,2
232,-4649.511,6410.869,92.985,-111.608,-0.367877,0.919749,0.136849,-0.928793,-0.356352,-0.101772,-0.044839,-0.164544,0.985350,0,0.77623,-0.58407,24.269,-1.308,-1,507.411,-1,885.300,-1,473.430,544.827,378.442,-1,-1,-1,-1,-1,821.493,-1,-1,-1,2,0,2,0,2,0,0,0,2,2,2,2,2,0,2,2,2
233,-4664.302,6391.121,91.023,-112.948,-0.389399,0.912142,0.127928,-0.919693,-0.377460,-0.108111,-0.050324,-0.159753,0.985873,0,0.78164,-0.57270,24.673,-1.340,-1,488.570,-1,854.219,-1,460.489,533.720,383.084,-1,-1,-1,-1,-1,784.637,-1,-1,-1,2,0,2,0,2,0,0,0,2,2,2,2,2,0,2,2,2
234,-4679.807,6371.349,89.095,-114.302,-0.410943,0.903938,0.118418,-0.910045,-0.399008,-0.112300,-0.054263,-0.153914,0.986593,0,0.78722,-0.56095,25.127,-1.354,-1,474.752,-1,829.963,-1,454.356,525.684,390.344,-1,-1,-1,-1,-1,766.714,-1,-1,-1,2,0,2,0,2,0,0,0,2,2,2,2,2,0,2,2,2
235,-4696.028,6351.494,87.191,-115.616,-0.431633,0.895555,0.108044,-0.900251,-0.420111,-0.114261,-0.056937,-0.146586,0.987558,0,0.79290,-0.54902,25.638,-1.314,-1,468.611,-1,810.073,-1,449.981,519.849,400.588,-1,-1,-1,-1,-1,764.192,-1,-1,-1,2,0,2,0,2,0,0,0,2,2,2,2,2,0,2,2,2
236,-4713.321,6332.154,85.366,-117.050,-0.453989,0.885396,0.099841,-0.889099,-0.442833,-0.115766,-0.058286,-0.141325,0.988246,0,0.79839,-0.53745,25.944,-1.434,-1,464.134,-1,795.380,-1,447.943,519.306,408.862,-1,-1,-1,-1,-1,764.586,-1,-1,-1,2,0,2,0,2,0,0,0,2,2,2,2,2,0,2,2,2
