timestep,x_cm,y_cm,z_cm,yaw_deg,basis_xx,basis_xy,basis_xz,basis_yx,basis_yy,basis_yz,basis_zx,basis_zy,basis_zz,teleport_flag,throttle_cmd,steering_cmd,cmd_move_cm,cmd_turn_deg,lidar_cm_0,lidar_cm_1,lidar_cm_2,lidar_cm_3,lidar_cm_4,lidar_cm_5,lidar_cm_6,lidar_cm_7,lidar_cm_8,lidar_cm_9,lidar_cm_10,lidar_cm_11,lidar_cm_12,lidar_cm_13,lidar_cm_14,lidar_cm_15,lidar_cm_16,lidar_class_0,lidar_class_1,lidar_class_2,lidar_class_3,lidar_class_4,lidar_class_5,lidar_class_6,lidar_class_7,lidar_class_8,lidar_class_9,lidar_class_10,lidar_class_11,lidar_class_12,lidar_class_13,lidar_class_14,lidar_class_15,lidar_class_16
0,9513.602,-9515.064,261.955,-57.671,0.532523,0.844004,-0.063841,-0.845320,0.534155,0.010602,0.043050,0.048320,0.997904,1,0.08000,-0.12000,4.800,-0.240,-1,400.000,-1,400.000,525.000,325.000,350.000,275.000,425.000,-1,50.000,0.000,525.000,825.000,525.000,-1,525.000,2,0,2,1,1,0,0,0,0,2,1,1,1,1,1,2,1
1,9518.669,-9523.218,262.094,-58.151,0.525407,0.848386,-0.064720,-0.849792,0.527026,0.009800,0.042423,0.049849,0.997855,0,0.16000,-0.24000,9.600,-0.480,-1,400.000,1000.000,400.000,525.000,350.000,350.000,275.000,425.000,-1,75.000,0.000,550.000,825.000,525.000,-1,500.000,2,0,1,1,1,0,0,0,0,2,1,1,1,1,1,2,1
2,9526.114,-9535.544,262.302,-58.871,0.514672,0.854844,-0.065993,-0.856386,0.516265,0.008605,0.041426,0.052087,0.997783,0,0.24000,-0.36000,14.400,-0.720,-1,400.000,925.000,400.000,500.000,350.000,350.000,275.000,425.000,-1,75.000,0.000,550.000,800.000,500.000,-1,500.000,2,0,1,1,1,0,0,0,0,2,1,1,1,1,1,2,1
3,9535.765,-9552.143,262.579,-59.831,0.500246,0.863240,-0.067609,-0.864960,0.501792,0.007023,0.039988,0.054966,0.997687,0,0.32000,-0.48000,19.200,-0.960,-1,425.000,900.000,375.000,475.000,350.000,350.000,275.000,400.000,-1,125.000,0.000,550.000,750.000,475.000,-1,475.000,2,0,1,1,1,0,0,0,0,2,1,1,1,1,1,2,1
4,9547.391,-9573.139,262.927,-61.031,0.482039,0.873389,-0.069494,-0.875324,0.483510,0.005057,0.038018,0.058392,0.997570,0,0.40000,-0.60000,24.000,-1.200,-1,425.000,850.000,375.000,450.000,350.000,350.000,275.000,400.000,-1,150.000,25.000,575.000,725.000,475.000,-1,425.000,2,0,1,1,1,0,1,0,0,2,1,1,1,1,1,2,1
5,9560.705,-9598.677,263.348,-62.471,0.459949,0.885057,-0.071559,-0.887240,0.461301,0.002699,0.035399,0.062249,0.997433,0,0.48000,-0.72000,28.800,-1.440,-1,425.000,775.000,350.000,425.000,350.000,325.000,275.000,400.000,-1,200.000,50.000,575.000,675.000,450.000,-1,400.000,2,0,1,1,1,0,1,0,0,2,1,1,1,1,1,2,1
6,9575.392,-9628.898,263.846,-64.087,0.434851,0.897477,-0.073756,-0.899928,0.436038,-0.000015,0.032147,0.066382,0.997276,0,0.56000,-0.80812,33.600,-1.616,-1,425.000,725.000,325.000,400.000,350.000,300.000,275.000,375.000,-1,275.000,75.000,600.000,600.000,400.000,-1,375.000,2,0,1,1,1,1,1,0,0,2,1,1,1,1,1,2,1
7,9591.201,-9663.894,264.427,-65.693,0.409615,0.909081,-0.076074,-0.911812,0.410597,-0.002961,0.028544,0.070578,0.997098,0,0.64000,-0.80293,38.400,-1.606,-1,400.000,650.000,300.000,350.000,325.000,300.000,275.000,375.000,-1,350.000,125.000,625.000,550.000,375.000,-1,325.000,2,1,1,1,1,1,1,0,0,2,1,1,1,1,1,2,1
8,9607.885,-9703.743,265.127,-67.287,0.384311,0.919880,-0.078271,-0.922881,0.385035,-0.006222,0.024414,0.074626,0.996913,0,0.72000,-0.79704,43.200,-1.594,-1,375.000,600.000,275.000,300.000,300.000,275.000,275.000,375.000,-1,450.000,200.000,650.000,500.000,350.000,-1,275.000,2,1,1,1,1,1,1,0,0,2,1,1,1,1,1,2,1
9,9621.872,-9739.506,266.050,-68.641,0.362730,0.928569,-0.078649,-0.931688,0.363131,-0.009653,0.019596,0.076778,0.996856,0,0.64000,-0.67704,38.400,-1.354,-1,325.000,525.000,250.000,275.000,275.000,250.000,275.000,375.000,-1,550.000,275.000,675.000,450.000,325.000,-1,250.000,2,1,1,1,1,1,1,0,0,2,1,1,1,1,1,2,1
10,9633.499,-9771.030,266.841,-69.755,0.344881,0.935332,-0.078814,-0.938526,0.344962,-0.013018,0.015012,0.078458,0.996804,0,0.56000,-0.55704,33.600,-1.114,-1,300.000,475.000,225.000,225.000,250.000,225.000,275.000,350.000,-1,-1,350.000,700.000,400.000,300.000,-1,200.000,2,1,1,1,1,1,1,0,0,2,2,1,1,1,1,2,1
11,9643.046,-9798.203,269.593,-70.629,0.330431,0.940942,-0.073784,-0.943668,0.330814,-0.007317,0.017524,0.072045,0.997247,0,0.48000,-0.43704,28.800,-0.874,-1,300.000,475.000,225.000,225.000,250.000,200.000,275.000,375.000,-1,-1,400.000,750.000,400.000,275.000,625.000,200.000,2,1,1,1,1,1,1,0,0,2,2,1,1,1,1,1,1
12,9650.750,-9820.933,272.447,-71.264,0.319821,0.945035,-0.068000,-0.947233,0.320547,-0.000251,0.021560,0.064492,0.997685,0,0.40000,-0.31704,24.000,-0.634,-1,275.000,450.000,225.000,225.000,225.000,200.000,275.000,400.000,-1,-1,450.000,775.000,375.000,275.000,575.000,200.000,2,1,1,1,1,1,1,0,0,2,2,1,1,1,1,1,1
13,9656.788,-9839.160,274.730,-71.658,0.313204,0.947576,-0.063271,-0.949355,0.314158,0.005479,0.025069,0.058350,0.997981,0,0.32000,-0.19704,19.200,-0.394,-1,275.000,450.000,225.000,225.000,225.000,200.000,275.000,425.000,-1,-1,450.000,800.000,375.000,275.000,525.000,200.000,2,1,1,1,1,1,1,0,0,2,2,1,1,1,1,1,1
14,9661.279,-9852.841,276.453,-71.812,0.310587,0.948669,-0.059696,-0.950131,0.311691,0.009951,0.028046,0.053628,0.998167,0,0.24000,-0.07704,14.400,-0.154,-1,275.000,450.000,225.000,225.000,225.000,200.000,275.000,450.000,-1,-1,475.000,825.000,375.000,275.000,525.000,175.000,2,1,1,1,1,1,1,0,0,2,2,1,1,1,1,1,1
15,9664.288,-9861.958,277.623,-71.726,0.311960,0.948363,-0.057345,-0.949606,0.313167,0.013211,0.030488,0.050334,0.998267,0,0.16000,0.04296,9.600,0.086,-1,275.000,450.000,225.000,225.000,225.000,200.000,275.000,475.000,-1,-1,475.000,850.000,350.000,275.000,525.000,175.000,2,1,1,1,1,1,1,0,0,2,2,1,1,1,1,1,1
16,9665.818,-9866.508,278.239,-71.400,0.317304,0.946654,-0.056261,-0.947771,0.318586,0.015281,0.032390,0.048474,0.998299,0,0.08000,0.16296,4.800,0.326,-1,275.000,450.000,225.000,200.000,225.000,200.000,275.000,475.000,-1,725.000,450.000,850.000,375.000,275.000,550.000,175.000,2,1,1,1,1,1,1,0,0,2,1,1,1,1,1,1,1
17,9665.818,-9866.508,278.299,-70.834,0.326585,0.943480,-0.056455,-0.944565,0.327927,0.016151,0.033751,0.048050,0.998275,0,-0.00000,0.28296,-0.000,0.566,-1,275.000,450.000,225.000,200.000,225.000,200.000,275.000,475.000,-1,700.000,425.000,850.000,375.000,275.000,625.000,175.000,2,1,1,1,1,1,1,0,0,2,1,1,1,1,1,1,1
18,9664.179,-9861.996,277.794,-70.028,0.339759,0.938728,-0.057908,-0.939877,0.341149,0.015785,0.034573,0.049064,0.998197,0,-0.08000,0.40296,-4.800,0.806,-1,275.000,475.000,225.000,200.000,225.000,200.000,275.000,475.000,-1,650.000,400.000,850.000,375.000,275.000,-1,175.000,2,1,1,1,1,1,1,0,0,2,1,1,1,1,1,2,1
19,9660.737,-9853.034,276.711,-68.982,0.356762,0.932230,-0.060571,-0.933545,0.358183,0.014119,0.034857,0.051508,0.998064,0,-0.16000,0.52296,-9.600,1.046,-1,275.000,475.000,225.000,200.000,225.000,200.000,275.000,450.000,-1,600.000,375.000,850.000,400.000,275.000,-1,175.000,2,1,1,1,1,1,1,0,0,2,1,1,1,1,1,2,1
20,9655.275,-9839.709,275.034,-67.696,0.377513,0.923765,-0.064355,-0.925357,0.378935,0.011065,0.034608,0.055374,0.997866,0,-0.24000,0.64296,-14.400,1.286,-1,300.000,500.000,225.000,200.000,250.000,200.000,275.000,450.000,-1,550.000,350.000,825.000,400.000,275.000,-1,200.000,2,1,1,1,1,1,1,0,0,2,1,1,1,1,1,2,1
21,9647.595,-9822.112,272.730,-66.409,0.398119,0.914732,-0.069037,-0.916729,0.399460,0.006251,0.033295,0.060800,0.997595,0,-0.32000,0.64347,-19.200,1.287,-1,300.000,500.000,225.000,200.000,250.000,225.000,275.000,425.000,-1,500.000,325.000,800.000,425.000,300.000,-1,200.000,2,1,1,1,1,1,1,0,0,2,1,1,1,1,1,2,1
22,9639.000,-9803.565,270.237,-65.124,0.418524,0.905205,-0.073765,-0.907652,0.419723,0.000824,0.031706,0.066608,0.997275,0,-0.34067,0.64268,-20.440,1.285,-1,325.000,525.000,225.000,200.000,250.000,225.000,275.000,400.000,-1,450.000,275.000,775.000,450.000,300.000,-1,200.000,2,1,1,1,1,1,1,0,0,2,1,1,1,1,1,2,1
23,9629.917,-9785.061,267.687,-63.840,0.438722,0.895205,-0.078293,-0.898119,0.439725,-0.004863,0.030074,0.072450,0.996918,0,-0.34355,0.64211,-20.613,1.284,-1,325.000,550.000,250.000,200.000,275.000,225.000,275.000,375.000,-1,425.000,250.000,750.000,450.000,300.000,-1,200.000,2,1,1,1,1,1,1,0,0,2,1,1,1,1,1,2,1
24,9620.342,-9766.611,265.082,-62.556,0.458707,0.884739,-0.082610,-0.888134,0.459458,-0.010802,0.028399,0.078324,0.996523,0,-0.34642,0.64162,-20.785,1.283,-1,350.000,550.000,250.000,200.000,275.000,225.000,275.000,350.000,-1,375.000,200.000,725.000,475.000,300.000,-1,200.000,2,1,1,1,1,1,1,0,0,2,1,1,1,1,1,2,1
25,9610.270,-9748.234,264.179,-61.274,0.478192,0.874276,-0.083510,-0.877675,0.479166,-0.009268,0.031912,0.077727,0.996464,0,-0.34926,0.64120,-20.956,1.282,-1,375.000,600.000,250.000,225.000,300.000,250.000,275.000,350.000,-1,300.000,150.000,725.000,525.000,325.000,-1,225.000,2,1,1,1,1,1,1,0,0,2,1,1,1,1,1,2,1
26,9599.705,-9729.940,263.348,-59.992,0.497412,0.863409,-0.084299,-0.866777,0.498643,-0.007271,0.035757,0.076685,0.996414,0,-0.35209,0.64085,-21.125,1.282,-1,400.000,650.000,275.000,225.000,300.000,250.000,275.000,350.000,-1,250.000,100.000,700.000,575.000,350.000,-1,250.000,2,1,1,1,1,1,1,0,0,2,1,1,1,1,1,2,1
27,9588.645,-9711.743,262.475,-58.711,0.516376,0.852114,-0.085191,-0.855446,0.517865,-0.005306,0.039596,0.075616,0.996351,0,-0.35489,0.64057,-21.293,1.281,-1,400.000,700.000,275.000,250.000,325.000,275.000,275.000,350.000,-1,200.000,75.000,675.000,650.000,350.000,-1,275.000,2,1,1,1,1,1,1,0,0,2,1,1,1,1,1,2,1
28,9577.092,-9693.657,261.560,-57.431,0.535076,0.840396,-0.086183,-0.843687,0.536825,-0.003379,0.043426,0.074520,0.996274,0,-0.35767,0.64035,-21.460,1.281,-1,425.000,750.000,300.000,275.000,325.000,300.000,275.000,350.000,-1,125.000,25.000,675.000,700.000,375.000,-1,300.000,2,1,1,1,1,1,1,0,0,2,1,1,1,1,1,2,1
29,9562.531,-9671.803,260.436,-56.326,0.550943,0.829974,-0.087205,-0.833198,0.552974,-0.001039,0.047360,0.073232,0.996190,0,-0.43767,0.55212,-26.260,1.104,-1,425.000,800.000,325.000,300.000,350.000,300.000,300.000,350.000,-1,75.000,0.000,650.000,775.000,400.000,-1,325.000,2,0,1,1,1,0,1,0,0,2,1,1,1,1,1,2,1
30,9544.817,-9646.289,259.072,-55.230,0.566460,0.819337,-0.088376,-0.822469,0.568808,0.001693,0.051656,0.071727,0.996086,0,-0.51767,0.54791,-31.060,1.096,-1,425.000,-1,325.000,325.000,350.000,325.000,300.000,350.000,-1,0.000,0.000,625.000,875.000,425.000,-1,350.000,2,0,2,1,1,0,1,0,0,2,1,1,1,1,1,2,1
31,9523.811,-9617.226,257.774,-54.145,0.581743,0.808577,-0.088202,-0.811486,0.584352,0.004734,0.055369,0.068820,0.996091,0,-0.59767,0.54292,-35.860,1.086,-1,425.000,-1,350.000,375.000,350.000,350.000,300.000,375.000,-1,0.000,0.000,575.000,975.000,450.000,-1,400.000,2,0,2,1,1,0,1,0,0,2,1,1,1,1,1,2,1
32,9505.245,-9592.324,256.927,-53.299,0.593708,0.800059,-0.086115,-0.802681,0.596372,0.006670,0.056693,0.065163,0.996263,0,-0.51767,0.42292,-31.060,0.846,-1,425.000,-1,375.000,400.000,350.000,350.000,300.000,375.000,-1,0.000,0.000,575.000,1000.000,475.000,-1,425.000,2,0,2,1,1,0,0,0,0,2,1,1,1,1,1,2,1
33,9489.280,-9571.474,256.266,-52.565,0.604031,0.792500,-0.084204,-0.794908,0.606681,0.007661,0.057157,0.062307,0.996419,0,-0.43767,0.36695,-26.260,0.734,-1,425.000,-1,375.000,425.000,350.000,350.000,300.000,375.000,-1,0.000,0.000,550.000,-1,500.000,-1,450.000,2,0,2,1,1,0,0,0,0,2,1,1,1,2,1,2,1
34,9476.020,-9554.599,256.454,-51.839,0.614182,0.784736,-0.083488,-0.787221,0.616651,0.004925,0.055348,0.062699,0.996497,0,-0.35767,0.36272,-21.460,0.725,-1,425.000,-1,400.000,450.000,350.000,350.000,325.000,375.000,-1,0.000,0.000,550.000,-1,500.000,-1,475.000,2,0,2,1,1,0,0,0,0,2,1,1,1,2,1,2,1
35,9465.563,-9541.629,256.698,-51.121,0.624099,0.776906,-0.083166,-0.779486,0.626415,0.002275,0.053864,0.063407,0.996533,0,-0.27767,0.35925,-16.660,0.719,-1,425.000,-1,400.000,450.000,350.000,350.000,325.000,375.000,-1,0.000,0.000,525.000,-1,525.000,-1,475.000,2,0,2,1,1,0,0,0,0,2,1,1,1,2,1,2,1
36,9458.004,-9532.489,256.935,-50.408,0.633790,0.769003,-0.083332,-0.771691,0.635998,-0.000069,0.052946,0.064350,0.996522,0,-0.19767,0.35656,-11.860,0.713,-1,425.000,-1,400.000,450.000,350.000,350.000,325.000,375.000,-1,0.000,0.000,525.000,-1,525.000,-1,500.000,2,0,2,1,1,0,0,0,0,2,1,1,1,2,1,2,1
37,9453.438,-9527.103,257.121,-49.699,0.643265,0.761017,-0.084047,-0.763823,0.645423,-0.001937,0.052772,0.065444,0.996460,0,-0.11767,0.35465,-7.060,0.709,-1,425.000,-1,425.000,450.000,350.000,350.000,325.000,375.000,-1,0.000,0.000,525.000,-1,525.000,-1,500.000,2,0,2,1,1,0,0,0,0,2,1,1,1,2,1,2,1
38,9451.956,-9525.397,257.234,-48.992,0.652536,0.752937,-0.085343,-0.755870,0.654714,-0.003212,0.053457,0.066604,0.996346,0,-0.03767,0.35351,-2.260,0.707,-1,425.000,-1,425.000,450.000,350.000,350.000,350.000,375.000,-1,0.000,0.000,525.000,-1,525.000,-1,500.000,2,0,2,1,1,0,0,0,0,2,1,1,1,2,1,2,1
39,9453.647,-9527.291,257.273,-48.285,0.661619,0.744752,-0.087210,-0.747817,0.663894,-0.003822,0.055051,0.067745,0.996183,0,0.04233,0.35314,2.540,0.706,-1,425.000,-1,425.000,450.000,350.000,350.000,350.000,375.000,-1,0.000,0.000,550.000,-1,550.000,-1,500.000,2,0,2,1,1,0,0,0,0,2,1,1,1,2,1,2,1
40,9458.622,-9532.687,257.282,-47.339,0.673565,0.733615,-0.090109,-0.736856,0.676038,-0.004085,0.057920,0.069148,0.995924,0,0.12233,0.47314,7.340,0.946,-1,425.000,-1,425.000,450.000,350.000,350.000,350.000,375.000,-1,0.000,0.000,550.000,-1,550.000,-1,500.000,2,0,2,1,1,0,0,0,0,2,1,1,1,2,1,2,1
41,9467.034,-9541.440,257.234,-46.153,0.688243,0.719372,-0.093940,-0.722846,0.690995,-0.004375,0.061765,0.070916,0.995568,0,0.20233,0.59314,12.140,1.186,-1,425.000,-1,425.000,450.000,350.000,350.000,350.000,350.000,-1,0.000,0.000,550.000,-1,550.000,-1,500.000,2,0,2,1,1,0,0,0,0,2,1,1,1,2,1,2,1
42,9479.071,-9553.358,256.979,-44.726,0.705511,0.701811,-0.098565,-0.705640,0.708547,-0.005797,0.065770,0.073641,0.995114,0,0.28233,0.71314,16.940,1.426,-1,425.000,-1,425.000,425.000,350.000,350.000,350.000,350.000,-1,0.000,0.000,575.000,-1,550.000,-1,500.000,2,0,2,1,1,0,0,0,0,2,1,1,1,2,1,2,1
43,9494.921,-9568.237,257.499,-43.191,0.723927,0.682572,-0.100123,-0.686496,0.727103,-0.006719,0.068214,0.073598,0.994952,0,0.36233,0.76785,21.740,1.536,-1,450.000,-1,425.000,425.000,350.000,350.000,350.000,325.000,-1,0.000,0.000,600.000,-1,550.000,-1,500.000,2,0,2,1,1,0,0,0,0,2,1,1,1,2,1,2,1
44,9514.747,-9585.879,258.571,-41.662,0.741934,0.663028,-0.099642,-0.666848,0.745161,-0.006973,0.069626,0.071619,0.994999,0,0.44233,0.76435,26.540,1.529,-1,450.000,-1,400.000,400.000,350.000,350.000,350.000,325.000,-1,0.000,0.000,650.000,-1,550.000,-1,475.000,2,0,2,1,1,0,0,0,0,2,1,1,1,2,1,2,1
45,9538.702,-9606.084,259.880,-40.142,0.759345,0.643136,-0.098846,-0.646810,0.762619,-0.006922,0.070931,0.069191,0.995079,0,0.52233,0.76009,31.340,1.520,-1,450.000,-1,400.000,400.000,350.000,350.000,350.000,325.000,-1,0.000,0.000,700.000,-1,525.000,-1,475.000,2,0,2,1,1,0,0,0,0,2,1,1,1,2,1,2,1
46,9566.931,-9628.648,261.490,-38.632,0.776149,0.622930,-0.097732,-0.626431,0.779447,-0.006783,0.071952,0.066487,0.995190,0,0.60233,0.75507,36.140,1.510,-1,450.000,-1,400.000,375.000,350.000,350.000,350.000,325.000,-1,0.000,0.000,800.000,-1,525.000,-1,450.000,2,0,2,1,1,0,0,0,0,2,1,1,1,2,1,2,1
47,9597.165,-9651.544,263.344,-37.133,0.792324,0.602433,-0.096426,-0.605776,0.795605,-0.006964,0.072522,0.063930,0.995316,0,0.63209,0.74930,37.926,1.499,-1,450.000,-1,400.000,350.000,350.000,350.000,325.000,325.000,-1,0.000,50.000,900.000,-1,525.000,-1,425.000,2,0,2,1,1,0,0,0,0,2,1,1,1,2,1,2,1
48,9628.242,-9673.832,265.738,-35.647,0.807907,0.581624,-0.094873,-0.584956,0.811011,-0.009344,0.071509,0.063045,0.995445,0,0.63741,0.74326,38.245,1.487,-1,450.000,-1,375.000,325.000,350.000,350.000,325.000,325.000,-1,0.000,125.000,-1,-1,500.000,-1,400.000,2,0,2,1,1,0,0,0,0,2,1,1,2,2,1,2,1
49,9660.148,-9695.494,268.378,-34.172,0.822861,0.560577,-0.093022,-0.563932,0.825728,-0.012394,0.069863,0.062657,0.995587,0,0.64276,0.73720,38.565,1.474,-1,475.000,-1,375.000,325.000,350.000,350.000,325.000,300.000,-1,75.000,200.000,-1,-1,500.000,-1,375.000,2,0,2,1,1,0,0,0,0,2,1,1,2,2,1,2,1
50,9696.542,-9719.072,271.389,-32.938,0.835051,0.542671,-0.090550,-0.546018,0.837632,-0.015406,0.067487,0.062306,0.995773,0,0.72276,0.61720,43.365,1.234,-1,475.000,-1,375.000,300.000,350.000,350.000,325.000,300.000,-1,175.000,275.000,-1,-1,500.000,-1,350.000,2,0,2,1,1,0,0,0,1,2,1,1,2,2,1,2,1
51,9737.412,-9744.556,274.762,-31.943,0.844688,0.528062,-0.087475,-0.531371,0.846940,-0.018360,0.064391,0.061990,0.995998,0,0.80276,0.49720,48.165,0.994,-1,475.000,-1,350.000,275.000,350.000,350.000,325.000,275.000,-1,0.000,375.000,-1,-1,525.000,-1,325.000,2,0,2,1,1,0,0,0,1,2,1,1,2,2,1,2,1
52,9780.057,-9770.355,277.859,-31.171,0.852254,0.516655,-0.082048,-0.519729,0.854088,-0.020377,0.059548,0.060009,0.996420,0,0.83071,0.38638,49.843,0.773,-1,475.000,-1,350.000,225.000,350.000,350.000,325.000,250.000,-1,375.000,500.000,-1,-1,525.000,-1,300.000,2,0,2,1,1,0,1,0,1,2,1,1,2,2,1,2,1
53,9822.671,-9795.365,281.240,-30.403,0.859585,0.505297,-0.076079,-0.507970,0.861146,-0.019832,0.055494,0.055693,0.996905,0,0.82353,0.38366,49.412,0.767,-1,475.000,-1,350.000,200.000,375.000,350.000,300.000,250.000,-1,450.000,600.000,-1,-1,550.000,-1,250.000,2,0,2,1,1,0,1,0,1,2,1,1,2,2,1,2,1
54,9863.442,-9818.422,286.153,-29.480,0.867859,0.491621,-0.071618,-0.493559,0.869639,-0.011272,0.056741,0.045130,0.997368,0,0.78066,0.46153,46.839,0.923,-1,475.000,-1,350.000,200.000,375.000,350.000,300.000,250.000,-1,525.000,675.000,-1,-1,-1,-1,250.000,2,0,2,1,1,0,1,0,1,2,1,1,2,2,2,2,1
55,9908.569,-9842.856,291.430,-28.425,0.877045,0.475739,-0.066810,-0.476939,0.878934,-0.002298,0.057629,0.033880,0.997763,0,0.85528,0.52744,51.317,1.055,-1,500.000,-1,375.000,200.000,400.000,375.000,300.000,225.000,-1,600.000,775.000,-1,-1,-1,-1,300.000,2,0,2,1,1,0,1,0,1,2,1,1,2,2,2,2,1
56,9953.991,-9866.400,295.813,-27.395,0.885524,0.459963,-0.065435,-0.460662,0.887562,0.004869,0.060317,0.025831,0.997845,0,0.85270,0.51534,51.162,1.031,-1,500.000,-1,400.000,200.000,400.000,375.000,275.000,225.000,-1,675.000,850.000,-1,-1,-1,-1,-1,2,0,2,1,1,0,1,0,1,2,1,1,2,2,2,2,2
57,9999.618,-9889.041,299.623,-26.389,0.893560,0.444384,-0.063822,-0.444722,0.895617,0.009579,0.061417,0.019823,0.997915,0,0.84892,0.50256,50.935,1.005,-1,525.000,-1,450.000,250.000,425.000,400.000,275.000,225.000,-1,725.000,950.000,-1,-1,-1,-1,-1,2,0,2,1,1,0,1,0,1,2,1,1,2,2,2,2,2
58,10045.353,-9910.770,301.687,-25.411,0.901196,0.429047,-0.061349,-0.429281,0.903116,0.009994,0.059693,0.017329,0.998066,0,0.84390,0.48914,50.634,0.978,-1,525.000,-1,475.000,-1,425.000,400.000,275.000,200.000,-1,825.000,-1,-1,-1,-1,-1,-1,2,0,2,1,2,0,1,0,1,2,1,2,2,2,2,2,2
59,10091.097,-9931.580,303.240,-24.461,0.908379,0.414021,-0.058600,-0.414218,0.910130,0.009305,0.057186,0.015821,0.998238,0,0.83760,0.47515,50.256,0.950,-1,525.000,-1,550.000,-1,425.000,425.000,275.000,200.000,-1,925.000,-1,-1,-1,-1,-1,-1,2,0,2,1,2,0,1,0,1,2,1,2,2,2,2,2,2
60,10136.753,-9951.469,304.430,-23.540,0.915130,0.399333,-0.055403,-0.399578,0.916672,0.007057,0.053605,0.015680,0.998439,0,0.83001,0.46068,49.801,0.921,-1,525.000,-1,625.000,-1,425.000,425.000,275.000,175.000,-1,-1,-1,-1,-1,-1,-1,-1,2,0,2,0,2,0,1,0,1,2,2,2,2,2,2,2,2
61,10182.225,-9970.442,305.285,-22.648,0.921461,0.385012,-0.051728,-0.385363,0.922759,0.003408,0.049045,0.016794,0.998655,0,0.82120,0.44586,49.272,0.892,-1,525.000,-1,625.000,-1,425.000,450.000,275.000,150.000,-1,-1,-1,-1,-1,-1,-1,-1,2,0,2,0,2,0,0,0,1,2,2,2,2,2,2,2,2
62,10227.423,-9988.506,305.834,-21.786,0.927384,0.371076,-0.047561,-0.371562,0.928407,-0.001485,0.043605,0.019049,0.998867,0,0.81125,0.43084,48.675,0.862,-1,525.000,-1,600.000,-1,400.000,425.000,275.000,150.000,-1,-1,-1,-1,-1,-1,-1,-1,2,0,2,0,2,0,0,0,1,2,2,2,2,2,2,2,2
63,10272.270,-10005.666,306.100,-20.940,0.933005,0.357297,-0.042899,-0.357917,0.933723,-0.007497,0.037378,0.022349,0.999051,0,0.80031,0.42320,48.019,0.846,-1,500.000,-1,575.000,-1,400.000,425.000,275.000,125.000,-1,-1,-1,-1,-1,-1,-1,-1,2,0,2,0,2,0,0,0,1,2,2,2,2,2,2,2,2
64,10316.701,-10021.922,306.105,-20.097,0.938395,0.343496,-0.037746,-0.344219,0.938778,-0.014492,0.030457,0.026592,0.999182,0,0.78853,0.42117,47.312,0.842,-1,500.000,-1,550.000,-1,400.000,425.000,275.000,125.000,-1,-1,-1,-1,-1,-1,-1,-1,2,0,2,0,2,0,0,0,1,2,2,2,2,2,2,2,2
65,10360.661,-10037.279,305.881,-19.258,0.943554,0.329658,-0.032108,-0.330422,0.943569,-0.022318,0.022939,0.031667,0.999235,0,0.77610,0.41969,46.566,0.839,-1,475.000,-1,525.000,-1,375.000,400.000,300.000,125.000,-1,-1,-1,525.000,-1,-1,-1,-1,2,0,2,0,2,0,0,0,1,2,2,2,1,2,2,2,2
66,10404.109,-10051.751,306.868,-18.421,0.948603,0.315843,-0.019887,-0.316282,0.948327,-0.025340,0.010856,0.030327,0.999481,0,0.76326,0.41877,45.796,0.838,-1,450.000,-1,500.000,-1,375.000,375.000,275.000,125.000,-1,-1,-1,500.000,1000.000,-1,-1,-1,2,0,2,0,2,0,0,0,1,2,2,2,1,0,2,2,2
67,10447.022,-10065.353,307.572,-17.584,0.953292,0.301989,-0.006164,-0.302045,0.952929,-0.026382,-0.002094,0.027012,0.999633,0,0.75029,0.41839,45.017,0.837,-1,425.000,-1,475.000,-1,350.000,375.000,275.000,150.000,-1,-1,-1,500.000,900.000,975.000,-1,-1,2,0,2,0,2,0,0,0,1,2,2,2,1,0,0,2,2
68,10489.391,-10078.103,307.807,-16.747,0.957578,0.288059,0.008202,-0.287745,0.957316,-0.027367,-0.015735,0.023846,0.999592,0,0.73742,0.41853,44.245,0.837,-1,400.000,-1,450.000,-1,325.000,350.000,275.000,150.000,-1,-1,-1,500.000,800.000,900.000,-1,-1,2,0,2,0,2,0,0,0,1,2,2,2,1,0,0,2,2
69,10531.219,-10090.026,307.823,-15.908,0.961462,0.274035,0.022257,-0.273372,0.961477,-0.028812,-0.029295,0.021617,0.999337,0,0.72490,0.41917,43.494,0.838,-1,375.000,-1,425.000,-1,325.000,325.000,275.000,175.000,-1,-1,-1,475.000,725.000,800.000,-1,-1,2,0,2,0,2,0,0,0,1,2,2,2,1,0,0,2,2
70,10572.525,-10101.147,306.698,-15.068,0.965094,0.259889,0.032413,-0.258840,0.965348,-0.033253,-0.039932,0.023703,0.998921,0,0.71292,0.42027,42.775,0.841,-1,350.000,-1,400.000,-1,300.000,325.000,275.000,175.000,-1,-1,-1,425.000,675.000,750.000,-1,-1,2,0,2,0,2,0,0,0,1,2,2,2,1,0,0,2,2
71,10613.334,-10111.492,306.883,-14.224,0.968659,0.245663,0.036730,-0.244610,0.969129,-0.030912,-0.043190,0.020959,0.998847,0,0.70165,0.42180,42.099,0.844,-1,350.000,-1,400.000,-1,300.000,300.000,275.000,200.000,-1,-1,-1,350.000,650.000,725.000,-1,-1,2,0,2,0,2,0,0,0,1,2,2,2,1,0,0,2,2
72,10653.681,-10121.087,306.835,-13.377,0.972066,0.231310,0.039798,-0.230266,0.972691,-0.029148,-0.045453,0.019170,0.998783,0,0.69121,0.42373,41.472,0.847,-1,350.000,-1,400.000,-1,300.000,300.000,250.000,225.000,-1,-1,-1,300.000,625.000,700.000,-1,-1,2,0,2,0,2,0,0,0,1,2,2,2,1,0,0,2,2
73,10693.608,-10129.957,306.564,-12.525,0.975318,0.216824,0.041750,-0.215785,0.976039,-0.028001,-0.046821,0.018301,0.998736,0,0.68166,0.42603,40.900,0.852,-1,350.000,-1,400.000,-1,300.000,300.000,250.000,250.000,-1,-1,-1,275.000,625.000,700.000,-1,-1,2,0,2,0,2,0,0,0,1,2,2,2,1,0,0,2,2
74,10733.157,-10138.124,306.084,-11.667,0.978414,0.202195,0.042696,-0.201153,0.979174,-0.027471,-0.047361,0.018290,0.998710,0,0.67306,0.42866,40.384,0.857,-1,350.000,-1,375.000,-1,300.000,300.000,275.000,275.000,-1,-1,-1,300.000,625.000,675.000,-1,-1,2,0,2,0,2,0,0,0,1,2,2,2,1,0,0,2,2
75,10772.374,-10145.607,305.410,-10.804,0.981350,0.187418,0.042736,-0.186360,0.982095,-0.027555,-0.047135,0.019077,0.998706,0,0.66542,0.43160,39.925,0.863,-1,350.000,-1,375.000,-1,300.000,300.000,275.000,325.000,-1,-1,-1,300.000,625.000,675.000,-1,-1,2,0,2,0,2,0,0,0,1,2,2,2,1,0,0,2,2
76,10806.946,-10151.816,304.620,-10.181,0.983362,0.176720,0.042066,-0.175629,0.984047,-0.028374,-0.046409,0.020514,0.998712,0,0.58542,0.31160,35.125,0.623,-1,350.000,-1,375.000,-1,300.000,300.000,275.000,350.000,-1,-1,-1,325.000,625.000,675.000,-1,-1,2,0,2,0,2,0,0,0,1,2,2,2,1,0,0,2,2
77,10836.829,-10156.976,303.798,-9.798,0.984567,0.170128,0.041047,-0.168996,0.985170,-0.029663,-0.045485,0.022269,0.998717,0,0.50542,0.19160,30.325,0.383,-1,350.000,-1,375.000,-1,300.000,300.000,275.000,375.000,-1,-1,-1,325.000,625.000,650.000,-1,-1,2,0,2,0,2,0,0,0,1,2,2,2,1,0,0,2,2
78,10861.993,-10161.256,303.008,-9.655,0.985036,0.167658,0.039933,-0.166481,0.985551,-0.031205,-0.044588,0.024090,0.998715,0,0.42542,0.07160,25.525,0.143,-1,350.000,-1,375.000,-1,300.000,300.000,275.000,400.000,-1,-1,-1,350.000,625.000,650.000,-1,-1,2,0,2,0,2,0,0,0,1,2,2,2,1,0,0,2,2
79,10882.419,-10164.766,302.297,-9.751,0.984794,0.169316,0.038894,-0.168093,0.985224,-0.032835,-0.043879,0.025798,0.998704,0,0.34542,-0.04840,20.725,-0.097,-1,350.000,-1,375.000,-1,300.000,300.000,275.000,425.000,-1,-1,-1,350.000,625.000,650.000,-1,-1,2,0,2,0,2,0,0,0,1,2,2,2,1,0,0,2,2
80,10898.098,-10167.555,301.697,-10.088,0.983816,0.175097,0.038033,-0.173829,0.984173,-0.034443,-0.043462,0.027275,0.998683,0,0.26542,-0.16840,15.925,-0.337,-1,350.000,-1,375.000,-1,300.000,300.000,275.000,425.000,-1,-1,-1,350.000,625.000,650.000,1000.000,-1,2,0,2,0,2,0,0,0,0,2,2,2,1,0,0,1,2
81,10909.031,-10169.614,301.226,-10.665,0.982029,0.184990,0.037400,-0.183676,0.982328,-0.035975,-0.043394,0.028459,0.998653,0,0.18542,-0.28840,11.125,-0.577,-1,350.000,-1,375.000,-1,300.000,300.000,275.000,425.000,-1,-1,-1,350.000,625.000,650.000,1000.000,-1,2,0,2,0,2,0,0,0,0,2,2,2,1,0,0,1,2
82,10915.229,-10170.873,300.888,-11.482,0.979308,0.198969,0.036987,-0.197608,0.979566,-0.037429,-0.043679,0.029346,0.998615,0,0.10542,-0.40840,6.325,-0.817,-1,350.000,-1,375.000,-1,300.000,300.000,275.000,425.000,-1,-1,-1,350.000,625.000,650.000,975.000,-1,2,0,2,0,2,0,0,0,0,2,2,2,1,0,0,1,2
83,10916.718,-10171.204,300.673,-12.538,0.975481,0.216998,0.036736,-0.215586,0.975711,-0.038856,-0.044275,0.029984,0.998569,0,0.02542,-0.52840,1.525,-1.057,-1,350.000,-1,375.000,-1,300.000,300.000,275.000,400.000,-1,-1,-1,350.000,625.000,650.000,975.000,-1,2,0,2,0,2,0,0,0,1,2,2,2,1,0,0,1,2
84,10913.539,-10170.421,300.561,-13.835,0.970328,0.239020,0.036521,-0.237553,0.970536,-0.040352,-0.045090,0.030479,0.998518,0,-0.05458,-0.64840,-3.275,-1.297,-1,350.000,-1,375.000,-1,300.000,300.000,300.000,400.000,-1,-1,-1,375.000,625.000,650.000,975.000,-1,2,0,2,0,2,0,0,0,1,2,2,2,1,0,0,1,2
85,10905.745,-10168.308,300.553,-15.165,0.964531,0.261469,0.036242,-0.259951,0.964718,-0.041762,-0.045883,0.030859,0.998470,0,-0.13458,-0.66468,-8.075,-1.329,-1,350.000,-1,375.000,-1,300.000,300.000,300.000,375.000,-1,-1,-1,375.000,625.000,650.000,975.000,-1,2,0,2,0,2,0,0,0,1,2,2,2,1,0,0,1,2
86,10893.400,-10164.653,300.623,-16.495,0.958217,0.283801,0.035746,-0.282238,0.958374,-0.043149,-0.046504,0.031257,0.998429,0,-0.21458,-0.66540,-12.875,-1.331,-1,350.000,-1,375.000,-1,300.000,300.000,300.000,350.000,-1,-1,-1,375.000,625.000,650.000,975.000,-1,2,0,2,0,2,0,0,0,1,2,2,2,1,0,0,1,2
87,10876.574,-10159.241,300.729,-17.828,0.951390,0.306013,0.034826,-0.304413,0.951494,-0.044621,-0.046791,0.031850,0.998397,0,-0.29458,-0.66650,-17.675,-1.333,-1,350.000,-1,375.000,-1,300.000,300.000,300.000,325.000,-1,-1,-1,375.000,625.000,650.000,1000.000,-1,2,0,2,0,2,0,0,0,1,2,2,2,1,0,0,1,2
88,10855.345,-10151.863,300.820,-19.164,0.944059,0.328100,0.033219,-0.326476,0.944071,-0.046287,-0.046548,0.032852,0.998376,0,-0.37458,-0.66791,-22.475,-1.336,-1,350.000,-1,375.000,-1,300.000,300.000,300.000,300.000,-1,-1,-1,375.000,650.000,650.000,-1,-1,2,0,2,0,2,0,0,0,1,2,2,2,1,0,0,2,2
89,10829.798,-10142.309,300.836,-20.503,0.936229,0.350054,0.030602,-0.348426,0.936093,-0.048251,-0.045537,0.034512,0.998366,0,-0.45458,-0.66956,-27.275,-1.339,-1,375.000,-1,375.000,-1,300.000,300.000,300.000,275.000,-1,-1,-1,375.000,650.000,675.000,-1,-1,2,0,2,0,2,0,0,0,1,2,2,2,1,0,0,2,2
90,10800.027,-10130.373,300.707,-21.846,0.927908,0.371860,0.026584,-0.370265,0.927547,-0.050612,-0.043478,0.037120,0.998365,0,-0.53458,-0.67139,-32.075,-1.343,-1,375.000,-1,375.000,-1,300.000,300.000,300.000,250.000,-1,-1,-1,375.000,650.000,675.000,-1,-1,2,0,2,0,2,0,0,0,1,2,2,2,1,0,0,2,2
91,10768.617,-10116.913,300.339,-23.193,0.919086,0.393497,0.021005,-0.391991,0.918418,-0.053391,-0.040301,0.040837,0.998353,0,-0.56954,-0.67329,-34.172,-1.347,-1,375.000,-1,375.000,-1,300.000,300.000,300.000,225.000,-1,-1,-1,525.000,675.000,700.000,-1,-1,2,0,2,0,2,0,0,0,1,2,2,2,1,0,0,2,2
92,10738.009,-10102.934,299.699,-24.543,0.909741,0.414941,0.013989,-0.413600,0.908705,-0.056479,-0.036147,0.045595,0.998306,0,-0.56082,-0.67502,-33.649,-1.350,-1,375.000,-1,400.000,-1,300.000,325.000,300.000,200.000,-1,-1,-1,650.000,700.000,725.000,-1,-1,2,0,2,0,2,0,0,0,1,2,2,2,1,0,0,2,2
93,10708.236,-10088.476,298.791,-25.896,0.899854,0.436156,0.005530,-0.435086,0.898403,-0.059763,-0.031034,0.051372,0.998197,0,-0.55163,-0.67642,-33.098,-1.353,-1,400.000,-1,400.000,-1,325.000,325.000,300.000,175.000,-1,-1,-1,775.000,750.000,725.000,-1,-1,2,0,2,0,2,0,0,0,1,2,2,2,1,0,0,2,2
94,10679.321,-10073.583,299.410,-27.251,0.889320,0.457273,0.003304,-0.456285,0.887828,-0.059708,-0.030236,0.051592,0.998210,0,-0.54208,-0.67748,-32.525,-1.355,-1,400.000,-1,400.000,-1,325.000,325.000,300.000,175.000,-1,-1,-1,-1,750.000,750.000,-1,-1,2,0,2,0,2,0,0,0,1,2,2,2,2,0,0,2,2
95,10651.282,-10058.292,300.377,-28.607,0.878256,0.478187,0.001626,-0.477287,0.876801,-0.058454,-0.029378,0.050561,0.998289,0,-0.53229,-0.67823,-31.938,-1.356,-1,400.000,-1,400.000,-1,325.000,325.000,300.000,150.000,-1,-1,-1,-1,775.000,775.000,-1,-1,2,0,2,0,2,0,0,0,1,2,2,2,2,0,0,2,2
96,10623.439,-10042.088,302.799,-30.204,0.864529,0.502581,-0.001080,-0.501988,0.863400,-0.050491,-0.024443,0.044193,0.998724,0,-0.53691,-0.79823,-32.215,-1.596,-1,400.000,-1,425.000,-1,325.000,350.000,300.000,175.000,-1,-1,-1,-1,800.000,825.000,-1,-1,2,0,2,0,2,0,0,0,1,2,2,2,2,0,0,2,2
97,10597.396,-10025.792,305.063,-32.040,0.847916,0.530121,-0.003228,-0.529747,0.847056,-0.043179,-0.020156,0.038322,0.999062,0,-0.51203,-0.91823,-30.722,-1.836,-1,425.000,-1,450.000,-1,350.000,350.000,300.000,175.000,-1,-1,-1,-1,825.000,900.000,-1,-1,2,0,2,0,2,0,0,0,1,2,2,2,2,0,0,2,2
98,10573.223,-10009.464,307.151,-34.040,0.828840,0.559466,-0.004795,-0.559243,0.828195,-0.036607,-0.016509,0.033023,0.999318,0,-0.48618,-1.00000,-29.171,-2.000,-1,425.000,-1,475.000,-1,350.000,375.000,275.000,175.000,-1,-1,-1,-1,850.000,950.000,-1,-1,2,0,2,0,2,0,0,0,1,2,2,2,2,0,0,2,2
99,10550.894,-9993.219,308.727,-36.040,0.808762,0.588092,-0.007163,-0.588000,0.808254,-0.031339,-0.012641,0.029558,0.999483,0,-0.46023,-1.00000,-27.614,-2.000,-1,450.000,-1,475.000,-1,350.000,375.000,275.000,175.000,-1,-1,-1,-1,900.000,-1,-1,-1,2,0,2,0,2,0,0,0,1,2,2,2,2,0,2,2,2
100,10530.311,-9977.116,310.066,-38.040,0.787702,0.615988,-0.009245,-0.615986,0.787296,-0.026944,-0.009318,0.026919,0.999594,0,-0.43555,-1.00000,-26.133,-2.000,-1,450.000,-1,500.000,-1,375.000,375.000,275.000,200.000,-1,-1,-1,-1,925.000,-1,-1,-1,2,0,2,0,2,0,0,0,1,2,2,2,2,0,2,2,2
101,10511.372,-9961.202,311.234,-40.040,0.765686,0.643123,-0.010865,-0.643180,0.765359,-0.023338,-0.006694,0.024858,0.999669,0,-0.41230,-1.00000,-24.738,-2.000,-1,475.000,-1,525.000,-1,375.000,400.000,275.000,200.000,-1,-1,-1,-1,950.000,-1,-1,-1,2,0,2,0,2,0,0,0,1,2,2,2,2,0,2,2,2
102,10493.969,-9945.510,312.236,-42.040,0.742744,0.669466,-0.012117,-0.669559,0.742476,-0.020515,-0.004738,0.023350,0.999716,0,-0.39055,-1.00000,-23.433,-2.000,-1,475.000,-1,525.000,-1,375.000,400.000,275.000,200.000,-1,-1,-1,-1,975.000,-1,-1,-1,2,0,2,0,2,0,0,0,1,2,2,2,2,0,2,2,2
103,10477.993,-9930.068,313.077,-44.026,0.719068,0.694816,-0.013102,-0.694931,0.718839,-0.018473,-0.003418,0.022388,0.999744,0,-0.37032,-0.99323,-22.219,-1.986,-1,475.000,-1,525.000,-1,400.000,400.000,275.000,225.000,-1,-1,-1,-1,1000.000,-1,-1,-1,2,0,2,0,2,0,0,0,1,2,2,2,2,0,2,2,2
104,10463.322,-9914.900,313.503,-45.956,0.695233,0.718652,-0.013773,-0.718782,0.695053,-0.015947,-0.001887,0.020987,0.999778,0,-0.35170,-0.96497,-21.102,-1.930,-1,475.000,-1,550.000,-1,400.000,400.000,275.000,225.000,-1,-1,-1,-1,-1,-1,-1,-1,2,0,2,0,2,0,0,0,1,2,2,2,2,2,2,2,2
105,10449.834,-9900.007,313.742,-47.832,0.671312,0.741037,-0.014278,-0.741174,0.671166,-0.014022,-0.000808,0.019996,0.999800,0,-0.33488,-0.93806,-20.093,-1.876,-1,475.000,-1,500.000,525.000,400.000,400.000,275.000,250.000,-1,-1,-1,-1,-1,-1,-1,-1,2,0,2,1,1,0,0,0,1,2,2,2,2,2,2,2,2
106,10437.414,-9885.385,313.848,-49.657,0.647361,0.762041,-0.014726,-0.762183,0.647233,-0.012885,-0.000288,0.019566,0.999809,0,-0.31974,-0.91245,-19.184,-1.825,-1,500.000,-1,475.000,375.000,400.000,400.000,275.000,275.000,-1,-1,-1,-1,-1,-1,-1,-1,2,0,2,1,1,0,0,0,1,2,2,2,2,2,2,2,2
107,10428.409,-9874.168,313.883,-51.242,0.626033,0.779654,-0.014933,-0.779796,0.625911,-0.012382,-0.000307,0.019396,0.999812,0,-0.23974,-0.79245,-14.384,-1.585,-1,500.000,-1,425.000,325.000,400.000,400.000,275.000,300.000,-1,-1,-1,-1,-1,-1,-1,-1,2,0,2,1,1,0,1,0,1,2,2,2,2,2,2,2,2
108,10422.586,-9866.556,313.912,-52.587,0.607563,0.794132,-0.014881,-0.794271,0.607441,-0.012164,-0.000620,0.019209,0.999815,0,-0.15974,-0.67245,-9.584,-1.345,-1,500.000,-1,425.000,300.000,400.000,375.000,275.000,300.000,-1,-1,-1,-1,-1,-1,-1,-1,2,0,2,1,1,0,1,0,1,2,2,2,2,2,2,2,2
109,10419.753,-9862.700,313.987,-53.692,0.592140,0.805704,-0.014531,-0.805835,0.592020,-0.011958,-0.001032,0.018791,0.999823,0,-0.07974,-0.55245,-4.784,-1.105,-1,500.000,-1,400.000,275.000,400.000,375.000,275.000,325.000,-1,-1,-1,-1,-1,-1,-1,-1,2,0,2,1,1,0,1,0,1,2,2,2,2,2,2,2,2
110,10419.762,-9862.713,314.147,-54.587,0.579493,0.814860,-0.013821,-0.814976,0.579379,-0.011566,-0.001417,0.017966,0.999838,0,0.00026,-0.44722,0.016,-0.894,-1,500.000,-1,400.000,275.000,400.000,375.000,275.000,325.000,-1,-1,-1,-1,-1,-1,-1,-1,2,0,2,1,1,0,1,0,1,2,2,2,2,2,2,2,2
111,10422.491,-9866.680,314.441,-55.468,0.566891,0.823697,-0.012564,-0.823791,0.566791,-0.010809,-0.001782,0.016478,0.999863,0,0.08026,-0.44068,4.816,-0.881,-1,500.000,-1,400.000,275.000,400.000,375.000,275.000,325.000,-1,-1,-1,-1,-1,-1,-1,-1,2,0,2,1,1,0,1,0,1,2,2,2,2,2,2,2,2
112,10427.820,-9874.684,314.873,-56.341,0.554267,0.832269,-0.010740,-0.832336,0.554187,-0.009662,-0.002089,0.014295,0.999896,0,0.16026,-0.43672,9.616,-0.873,-1,500.000,-1,400.000,275.000,400.000,375.000,275.000,325.000,-1,-1,-1,-1,-1,-1,-1,-1,2,0,2,1,1,0,1,0,1,2,2,2,2,2,2,2,2
113,10435.627,-9886.803,315.435,-57.212,0.541554,0.840624,-0.008346,-0.840663,0.541498,-0.008140,-0.002324,0.011424,0.999932,0,0.24026,-0.43528,14.416,-0.871,-1,500.000,-1,375.000,250.000,400.000,375.000,275.000,325.000,-1,-1,-1,-1,-1,-1,-1,-1,2,0,2,1,1,0,1,0,1,2,2,2,2,2,2,2,2
114,10445.785,-9903.114,316.109,-58.085,0.528681,0.848803,-0.005391,-0.848817,0.528650,-0.006298,-0.002495,0.007906,0.999966,0,0.32026,-0.43635,19.216,-0.873,-1,500.000,-1,400.000,250.000,425.000,375.000,275.000,325.000,-1,-1,-1,-1,-1,-1,-1,-1,2,0,2,1,1,0,1,0,1,2,2,2,2,2,2,2,2
115,10458.166,-9923.692,316.868,-58.965,0.515576,0.856842,-0.001907,-0.856840,0.515565,-0.004223,-0.002635,0.003811,0.999989,0,0.40026,-0.43996,24.016,-0.880,-1,525.000,-1,400.000,250.000,425.000,375.000,300.000,325.000,-1,-1,-1,-1,-1,-1,-1,-1,2,0,2,1,1,0,1,0,1,2,2,2,2,2,2,2,2
116,10472.636,-9948.611,317.240,-59.857,0.502158,0.864771,0.002877,-0.864775,0.502160,0.000069,-0.001385,-0.002523,0.999996,0,0.48026,-0.44619,28.816,-0.892,-1,525.000,-1,400.000,250.000,425.000,400.000,275.000,300.000,-1,-1,-1,-1,-1,-1,-1,-1,2,0,2,1,1,0,1,0,1,2,2,2,2,2,2,2,2
117,10489.053,-9977.945,317.536,-60.767,0.488359,0.872604,0.008300,-0.872643,0.488336,0.004700,0.000048,-0.009539,0.999955,0,0.56026,-0.45518,33.616,-0.910,-1,525.000,-1,400.000,250.000,450.000,425.000,275.000,300.000,-1,-1,-1,-1,-1,-1,-1,-1,2,0,2,1,1,0,1,0,1,2,2,2,2,2,2,2,2
118,10507.266,-10011.769,317.700,-61.702,0.474086,0.880361,0.014391,-0.880477,0.473995,0.009412,0.001464,-0.017133,0.999852,0,0.64026,-0.46713,38.416,-0.934,-1,550.000,-1,425.000,250.000,450.000,450.000,275.000,300.000,-1,-1,-1,-1,-1,-1,-1,-1,2,0,2,1,1,0,1,0,1,2,2,2,2,2,2,2,2
119,10527.111,-10050.158,317.379,-62.666,0.459216,0.888036,0.022618,-0.888323,0.459015,0.013705,0.001789,-0.026386,0.999650,0,0.72026,-0.48229,43.216,-0.965,-1,550.000,-1,450.000,250.000,475.000,475.000,275.000,275.000,-1,200.000,-1,-1,-1,-1,-1,-1,2,0,2,1,1,0,1,0,1,2,0,2,2,2,2,2,2
120,10548.412,-10093.190,316.520,-63.668,0.443656,0.895697,0.029923,-0.896193,0.443302,0.017947,0.002810,-0.034780,0.999391,0,0.80026,-0.50099,48.016,-1.002,-1,550.000,-1,450.000,250.000,475.000,500.000,275.000,250.000,-1,175.000,-1,-1,-1,-1,-1,-1,2,0,2,1,1,0,0,0,1,2,0,2,2,2,2,2,2
121,10570.974,-10140.944,315.282,-64.715,0.427261,0.903364,0.037157,-0.904120,0.426722,0.021802,0.003840,-0.042909,0.999072,0,0.88026,-0.52364,52.816,-1.047,-1,550.000,-1,500.000,225.000,475.000,525.000,275.000,225.000,-1,150.000,-1,-1,-1,-1,-1,-1,2,0,2,1,1,0,0,0,1,2,0,2,2,2,2,2,2
122,10594.007,-10192.223,313.739,-65.817,0.409864,0.911065,0.044406,-0.912135,0.409127,0.025012,0.004620,-0.050756,0.998700,0,0.93690,-0.55074,56.214,-1.101,-1,550.000,-1,550.000,225.000,500.000,525.000,250.000,200.000,-1,125.000,450.000,-1,-1,-1,-1,-1,2,0,2,1,1,0,0,0,1,2,0,0,2,2,2,2,2
123,10615.764,-10243.419,312.045,-66.980,0.391318,0.918821,0.051366,-0.920241,0.390386,0.027486,0.005202,-0.058025,0.998302,0,0.92710,-0.58180,55.626,-1.164,-1,575.000,-1,600.000,225.000,500.000,550.000,250.000,200.000,850.000,125.000,425.000,-1,-1,-1,-1,-1,2,0,2,1,1,0,0,0,1,0,0,0,2,2,2,2,2
124,2952.874,-2296.955,332.534,-128.982,-0.710678,0.699330,-0.076648,-0.616005,-0.565945,0.547945,0.339816,0.436627,0.832996,1,0.00000,0.00000,54.901,-1.228,-1,-1,-1,-1,-1,-1,-1,375.000,475.000,450.000,0.000,0.000,975.000,-1,-1,-1,-1,2,2,2,2,2,2,2,1,1,1,1,1,1,2,2,2,2
125,-6231.353,6231.356,19.032,-85.124,0.084931,0.996150,0.021742,-0.996381,0.084984,-0.001498,-0.003340,-0.021536,0.999762,1,0.00000,0.00000,-4.800,-0.240,900.000,375.000,-1,400.000,-1,300.000,325.000,325.000,300.000,-1,825.000,650.000,-1,650.000,875.000,975.000,-1,0,0,2,0,2,0,0,0,0,2,0,0,2,0,0,0,2
126,-6230.925,6226.575,19.026,-84.884,0.089103,0.995790,0.021516,-0.996017,0.089156,-0.001517,-0.003429,-0.021295,0.999767,0,0.08000,0.12000,4.800,0.240,900.000,375.000,-1,400.000,-1,300.000,325.000,325.000,300.000,-1,825.000,650.000,-1,650.000,875.000,975.000,-1,0,0,2,0,2,0,0,0,0,2,0,0,2,0,0,0,2
127,-6229.989,6217.021,19.013,-84.404,0.097442,0.995018,0.021067,-0.995235,0.097496,-0.001547,-0.003594,-0.020816,0.999777,0,0.16000,0.24000,9.600,0.480,900.000,375.000,-1,400.000,-1,300.000,325.000,325.000,325.000,-1,825.000,650.000,-1,625.000,850.000,975.000,-1,0,0,2,0,2,0,0,0,0,2,0,0,2,0,0,0,2
128,-6228.405,6202.709,18.995,-83.684,0.109939,0.993729,0.020401,-0.993931,0.109993,-0.001579,-0.003813,-0.020104,0.999791,0,0.24000,0.36000,14.400,0.720,900.000,375.000,-1,400.000,-1,300.000,325.000,325.000,325.000,-1,825.000,650.000,-1,625.000,850.000,950.000,-1,0,0,2,0,2,0,0,0,0,2,0,0,2,0,0,0,2
129,-6225.973,6183.663,18.972,-82.724,0.126575,0.991765,0.019528,-0.991949,0.126630,-0.001592,-0.004052,-0.019169,0.999808,0,0.32000,0.48000,19.200,0.960,900.000,375.000,-1,400.000,-1,300.000,325.000,325.000,325.000,-1,800.000,650.000,-1,625.000,850.000,950.000,-1,0,0,2,0,2,0,0,0,0,2,0,0,2,0,0,0,2
130,-6222.436,6159.925,18.947,-81.524,0.147321,0.988916,0.018460,-0.989079,0.147375,-0.001564,-0.004267,-0.018028,0.999828,0,0.40000,0.60000,24.000,1.200,875.000,375.000,-1,400.000,-1,300.000,325.000,325.000,325.000,-1,800.000,650.000,-1,625.000,825.000,925.000,-1,0,0,2,0,2,0,0,0,0,2,0,0,2,0,0,0,2
131,-6217.568,6131.540,18.919,-80.268,0.168964,0.985472,0.017187,-0.985613,0.169014,-0.001463,-0.004346,-0.016693,0.999851,0,0.48000,0.62782,28.800,1.256,875.000,350.000,-1,400.000,-1,300.000,325.000,325.000,325.000,-1,800.000,650.000,-1,625.000,800.000,900.000,-1,0,0,2,0,2,0,0,0,0,2,0,0,2,0,0,0,2
132,-6211.161,6098.556,18.895,-79.007,0.190627,0.981537,0.015712,-0.981653,0.190670,-0.001263,-0.004235,-0.015183,0.999876,0,0.56000,0.63066,33.600,1.261,875.000,350.000,-1,400.000,-1,300.000,325.000,325.000,325.000,-1,800.000,650.000,-1,625.000,800.000,900.000,-1,0,0,2,0,2,0,0,0,0,2,0,0,2,0,0,0,2
133,-6203.140,6061.649,18.888,-77.738,0.212335,0.977096,0.014076,-0.977189,0.212368,-0.000939,-0.003907,-0.013556,0.999900,0,0.62948,0.63458,37.769,1.269,850.000,350.000,-1,400.000,-1,300.000,300.000,325.000,325.000,-1,800.000,650.000,-1,600.000,775.000,875.000,-1,0,0,2,0,2,0,0,0,0,2,0,0,2,0,0,0,2
134,-6194.449,6025.565,18.916,-76.458,0.234113,0.972129,0.012512,-0.972203,0.234137,-0.000516,-0.003431,-0.012043,0.999922,0,0.61861,0.63973,37.116,1.279,850.000,350.000,-1,400.000,-1,300.000,300.000,325.000,325.000,-1,775.000,650.000,775.000,600.000,775.000,850.000,-1,0,0,2,0,2,0,0,0,0,2,0,0,1,0,0,0,2
