timestep,x_cm,y_cm,z_cm,yaw_deg,basis_xx,basis_xy,basis_xz,basis_yx,basis_yy,basis_yz,basis_zx,basis_zy,basis_zz,teleport_flag,throttle_cmd,steering_cmd,cmd_move_cm,cmd_turn_deg,lidar_cm_0,lidar_cm_1,lidar_cm_2,lidar_cm_3,lidar_cm_4,lidar_cm_5,lidar_cm_6,lidar_cm_7,lidar_cm_8,lidar_cm_9,lidar_cm_10,lidar_cm_11,lidar_cm_12,lidar_cm_13,lidar_cm_14,lidar_cm_15,lidar_cm_16,lidar_class_0,lidar_class_1,lidar_class_2,lidar_class_3,lidar_class_4,lidar_class_5,lidar_class_6,lidar_class_7,lidar_class_8,lidar_class_9,lidar_class_10,lidar_class_11,lidar_class_12,lidar_class_13,lidar_class_14,lidar_class_15,lidar_class_16
0,9511.933,9506.302,-214.088,-79.015,0.191505,0.981357,0.016240,-0.980393,0.190482,0.050455,0.046421,-0.025584,0.998594,1,0.08000,0.06755,4.800,0.135,-1,375.000,-1,375.000,-1,300.000,300.000,325.000,300.000,-1,500.000,450.000,-1,650.000,700.000,-1,-1,2,0,2,0,2,0,0,0,0,2,0,0,2,0,0,2,2
1,9513.785,9496.883,-213.647,-78.878,0.193864,0.980898,0.015987,-0.979908,0.192839,0.050928,0.046872,-0.025539,0.998574,0,0.16000,0.06880,9.600,0.138,-1,375.000,-1,375.000,-1,300.000,300.000,325.000,300.000,-1,475.000,450.000,-1,650.000,700.000,-1,-1,2,0,2,0,2,0,0,0,0,2,0,0,2,0,0,2,2
2,9516.598,9482.760,-212.985,-78.735,0.196308,0.980418,0.015604,-0.979387,0.195280,0.051639,0.047581,-0.025419,0.998544,0,0.24000,0.07130,14.400,0.143,-1,375.000,-1,375.000,-1,300.000,300.000,325.000,300.000,-1,475.000,450.000,-1,650.000,700.000,-1,-1,2,0,2,0,2,0,0,0,0,2,0,0,2,0,0,2,2
3,9520.398,9463.940,-212.101,-78.585,0.198881,0.979907,0.015087,-0.978821,0.197851,0.052587,0.048545,-0.025226,0.998502,0,0.32000,0.07511,19.200,0.150,-1,375.000,-1,375.000,-1,300.000,300.000,325.000,300.000,-1,475.000,450.000,-1,675.000,700.000,-1,-1,2,0,2,0,2,0,0,0,0,2,0,0,2,0,0,2,2
4,9525.214,9440.428,-210.994,-78.425,0.201627,0.979356,0.014437,-0.978197,0.200596,0.053772,0.049766,-0.024964,0.998449,0,0.40000,0.08025,24.000,0.160,-1,375.000,-1,375.000,-1,300.000,300.000,325.000,300.000,-1,475.000,450.000,-1,675.000,700.000,-1,-1,2,0,2,0,2,0,0,0,0,2,0,0,2,0,0,2,2
5,9531.078,9412.231,-209.665,-78.251,0.204594,0.978752,0.013649,-0.977505,0.203564,0.055195,0.051244,-0.024634,0.998382,0,0.48000,0.08679,28.800,0.174,-1,375.000,-1,375.000,-1,300.000,300.000,325.000,300.000,-1,475.000,450.000,-1,675.000,700.000,-1,-1,2,0,2,0,2,0,0,0,0,2,0,0,2,0,0,2,2
6,9538.028,9379.357,-208.110,-78.061,0.207830,0.978082,0.012721,-0.976729,0.206803,0.056855,0.052979,-0.024241,0.998301,0,0.56000,0.09478,33.600,0.190,-1,375.000,-1,375.000,-1,300.000,300.000,325.000,300.000,-1,475.000,425.000,-1,675.000,700.000,-1,-1,2,0,2,0,2,0,0,0,0,2,0,0,2,0,0,2,2
7,9545.451,9344.872,-206.474,-77.853,0.211386,0.977332,0.011736,-0.975865,0.210365,0.058598,0.054801,-0.023839,0.998213,0,0.58792,0.10431,35.275,0.209,-1,375.000,-1,375.000,-1,300.000,300.000,325.000,300.000,-1,450.000,400.000,-1,675.000,700.000,-1,-1,2,0,2,0,2,0,0,0,0,2,0,0,2,0,0,2,2
8,9553.039,9310.290,-204.829,-77.624,0.215285,0.976492,0.010732,-0.974908,0.214272,0.060346,0.056628,-0.023454,0.998120,0,0.59007,0.11453,35.404,0.229,-1,375.000,-1,375.000,-1,300.000,300.000,325.000,300.000,-1,425.000,375.000,-1,675.000,700.000,-1,-1,2,0,2,0,2,0,0,0,0,2,0,0,2,0,0,2,2
9,9560.812,9275.592,-203.173,-77.374,0.219535,0.975556,0.009708,-0.973852,0.218533,0.062099,0.058459,-0.023088,0.998023,0,0.59263,0.12501,35.558,0.250,-1,375.000,-1,375.000,-1,300.000,300.000,325.000,300.000,-1,400.000,350.000,-1,675.000,725.000,-1,-1,2,0,2,0,2,0,0,0,0,2,0,0,2,0,0,2,2
10,9568.788,9240.757,-201.400,-77.102,0.224164,0.974509,0.009110,-0.972703,0.223153,0.063643,0.059988,-0.023128,0.997931,0,0.59561,0.13575,35.736,0.272,-1,375.000,-1,375.000,-1,300.000,300.000,300.000,300.000,-1,375.000,350.000,-1,675.000,725.000,-1,-1,2,0,2,0,2,0,0,0,0,2,0,0,2,0,0,2,2
11,9576.990,9205.766,-199.356,-76.809,0.229214,0.973330,0.009493,-0.971453,0.228137,0.065056,0.061155,-0.024134,0.997836,0,0.59899,0.14676,35.939,0.294,-1,375.000,-1,375.000,-1,300.000,300.000,300.000,300.000,-1,375.000,350.000,-1,675.000,725.000,-1,-1,2,0,2,0,2,0,0,0,0,2,0,0,2,0,0,2,2
12,9585.438,9170.599,-197.254,-76.493,0.234653,0.972028,0.009989,-0.970071,0.233496,0.066650,0.062453,-0.025329,0.997726,0,0.60279,0.15803,36.167,0.316,-1,375.000,-1,375.000,-1,300.000,325.000,300.000,300.000,-1,375.000,350.000,-1,675.000,725.000,-1,-1,2,0,2,0,2,0,0,0,0,2,0,0,2,0,0,2,2
13,9594.154,9135.237,-195.128,-76.153,0.240479,0.970598,0.010457,-0.968559,0.239238,0.068253,0.063744,-0.026542,0.997613,0,0.60699,0.16958,36.420,0.339,-1,375.000,-1,375.000,-1,300.000,325.000,300.000,300.000,-1,375.000,350.000,-1,675.000,725.000,-1,-1,2,0,2,0,2,0,0,0,0,2,0,0,2,0,0,2,2
14,9603.162,9099.663,-192.700,-75.791,0.246618,0.969061,0.010001,-0.966983,0.245379,0.068799,0.064216,-0.026638,0.997580,0,0.61161,0.18140,36.697,0.363,-1,375.000,-1,375.000,-1,300.000,300.000,300.000,300.000,-1,400.000,400.000,-1,675.000,725.000,-1,-1,2,0,2,0,2,0,0,0,0,2,0,0,2,0,0,2,2
15,9612.486,9063.859,-190.159,-75.404,0.253136,0.967388,0.009110,-0.965246,0.251920,0.069540,0.064977,-0.026397,0.997538,0,0.61664,0.19351,36.999,0.387,-1,375.000,-1,375.000,-1,300.000,325.000,300.000,300.000,-1,425.000,400.000,-1,675.000,725.000,-1,-1,2,0,2,0,2,0,0,0,0,2,0,0,2,0,0,2,2
16,9622.152,9027.806,-187.593,-74.992,0.260060,0.965558,0.008201,-0.963352,0.258869,0.070286,0.065742,-0.026178,0.997493,0,0.62209,0.20592,37.325,0.412,-1,375.000,-1,375.000,-1,300.000,325.000,300.000,300.000,-1,450.000,425.000,-1,675.000,750.000,-1,-1,2,0,2,0,2,0,0,0,0,2,0,0,2,0,0,2,2
17,9632.186,8991.490,-184.999,-74.555,0.267397,0.963559,0.007270,-0.961288,0.266231,0.071035,0.066511,-0.025983,0.997447,0,0.62796,0.21862,37.677,0.437,-1,375.000,-1,375.000,-1,300.000,325.000,300.000,300.000,-1,475.000,450.000,-1,675.000,750.000,-1,-1,2,0,2,0,2,0,0,0,0,2,0,0,2,0,0,2,2
18,9642.617,8954.892,-182.376,-74.091,0.275154,0.961379,0.006317,-0.959043,0.274014,0.071788,0.067285,-0.025811,0.997400,0,0.63424,0.23163,38.055,0.463,-1,375.000,-1,375.000,-1,300.000,325.000,300.000,300.000,-1,500.000,475.000,-1,675.000,750.000,-1,-1,2,0,2,0,2,0,0,0,0,2,0,0,2,0,0,2,2
19,9653.474,8917.999,-179.721,-73.601,0.283339,0.959005,0.005339,-0.956601,0.282225,0.072545,0.068065,-0.025662,0.997351,0,0.64096,0.24495,38.457,0.490,-1,375.000,-1,375.000,-1,300.000,325.000,300.000,300.000,-1,525.000,500.000,-1,700.000,750.000,-1,-1,2,0,2,0,2,0,0,0,0,2,0,0,2,0,0,2,2
20,9664.789,8880.796,-177.000,-73.084,0.291966,0.956418,0.004426,-0.953940,0.290870,0.073438,0.068950,-0.025664,0.997290,0,0.64810,0.25859,38.886,0.517,-1,375.000,-1,375.000,-1,300.000,325.000,300.000,300.000,-1,525.000,500.000,-1,700.000,750.000,-1,-1,2,0,2,0,2,0,0,0,0,2,0,0,2,0,0,2,2
21,9676.287,8844.706,-174.345,-72.327,0.304572,0.952483,0.003543,-0.949935,0.303481,0.074321,0.069714,-0.026002,0.997228,0,0.63128,0.37859,37.877,0.757,-1,375.000,-1,375.000,-1,300.000,325.000,300.000,300.000,-1,550.000,525.000,-1,700.000,750.000,-1,-1,2,0,2,0,2,0,0,0,0,2,0,0,2,0,0,2,2
22,9688.494,8808.370,-171.659,-71.431,0.319419,0.947610,0.002635,-0.944992,0.318327,0.075220,0.070441,-0.026517,0.997163,0,0.63887,0.44780,38.332,0.896,-1,375.000,-1,400.000,-1,300.000,325.000,300.000,300.000,-1,550.000,550.000,-1,700.000,750.000,-1,-1,2,0,2,0,2,0,0,0,0,2,0,0,2,0,0,2,2
23,9701.446,8771.780,-168.940,-70.508,0.334653,0.942340,0.001692,-0.939649,0.333561,0.076133,0.071179,-0.027068,0.997096,0,0.64690,0.46197,38.814,0.924,-1,375.000,-1,400.000,-1,300.000,325.000,300.000,300.000,-1,575.000,550.000,-1,700.000,750.000,-1,-1,2,0,2,0,2,0,0,0,0,2,0,0,2,0,0,2,2
24,9715.184,8734.930,-166.188,-69.554,0.350276,0.936646,0.000711,-0.933880,0.349184,0.077061,0.071930,-0.027656,0.997026,0,0.65545,0.47653,39.327,0.953,-1,375.000,-1,400.000,-1,300.000,325.000,325.000,300.000,-1,600.000,575.000,-1,700.000,750.000,-1,-1,2,0,2,0,2,0,0,0,0,2,0,0,2,0,0,2,2
25,9729.750,8697.815,-163.400,-68.571,0.366287,0.930502,-0.000309,-0.927658,0.365194,0.078002,0.072694,-0.028284,0.996953,0,0.66451,0.49147,39.871,0.983,-1,375.000,-1,400.000,-1,325.000,325.000,325.000,300.000,-1,600.000,600.000,-1,700.000,775.000,-1,-1,2,0,2,0,2,0,0,0,0,2,0,0,2,0,0,2,2
26,9745.190,8660.433,-160.574,-67.558,0.382684,0.923878,-0.001371,-0.920953,0.381590,0.078956,0.073469,-0.028952,0.996877,0,0.67408,0.50680,40.445,1.014,-1,375.000,-1,400.000,-1,325.000,325.000,325.000,300.000,-1,625.000,575.000,-1,700.000,775.000,-1,-1,2,0,2,0,2,0,0,0,0,2,0,0,2,0,0,2,2
27,9761.551,8622.784,-157.597,-66.513,0.399492,0.916734,-0.001973,-0.913751,0.398364,0.079788,0.073931,-0.030072,0.996810,0,0.68416,0.52254,41.050,1.045,-1,375.000,-1,400.000,-1,325.000,325.000,300.000,300.000,-1,625.000,550.000,-1,700.000,775.000,-1,-1,2,0,2,0,2,0,0,0,0,2,0,0,2,0,0,2,2
28,9778.880,8584.873,-154.575,-65.435,0.416681,0.909049,-0.002548,-0.906014,0.415515,0.080535,0.074269,-0.031249,0.996749,0,0.69474,0.53868,41.685,1.077,-1,375.000,-1,400.000,-1,325.000,325.000,300.000,300.000,-1,625.000,550.000,-1,700.000,775.000,-1,-1,2,0,2,0,2,0,0,0,0,2,0,0,2,0,0,2,2
29,9796.945,8547.244,-151.583,-64.355,0.433746,0.901029,-0.003362,-0.897947,0.432565,0.081110,0.074536,-0.032162,0.996700,0,0.69567,0.54008,41.740,1.080,-1,375.000,-1,400.000,-1,325.000,325.000,300.000,300.000,-1,625.000,550.000,-1,700.000,775.000,-1,-1,2,0,2,0,2,0,0,0,0,2,0,0,2,0,0,2,2
30,9815.716,8509.963,-148.583,-63.275,0.450653,0.892689,-0.004258,-0.889556,0.449461,0.081703,0.074849,-0.033032,0.996648,0,0.69567,0.54008,41.740,1.080,-1,375.000,-1,400.000,-1,325.000,325.000,300.000,300.000,-1,625.000,550.000,-1,700.000,800.000,-1,-1,2,0,2,0,2,0,0,0,0,2,0,0,2,0,0,2,2
31,9835.187,8473.042,-145.586,-62.195,0.467398,0.884032,-0.005180,-0.880845,0.466196,0.082299,0.075170,-0.033903,0.996594,0,0.69567,0.54008,41.740,1.080,-1,375.000,-1,400.000,-1,325.000,325.000,300.000,300.000,-1,600.000,550.000,-1,725.000,800.000,-1,-1,2,0,2,0,2,0,0,0,0,2,0,0,2,0,0,2,2
32,9855.350,8436.495,-142.570,-61.115,0.483970,0.875063,-0.006175,-0.871829,0.482765,0.082780,0.075419,-0.034679,0.996549,0,0.69567,0.54008,41.740,1.080,-1,375.000,-1,400.000,-1,325.000,325.000,300.000,300.000,-1,600.000,550.000,-1,725.000,800.000,-1,-1,2,0,2,0,2,0,0,0,0,2,0,0,2,0,0,2,2
33,9876.198,8400.335,-139.475,-60.035,0.500348,0.865793,-0.007344,-0.862534,0.499167,0.082869,0.075413,-0.035129,0.996533,0,0.69567,0.54008,41.740,1.080,-1,375.000,-1,400.000,-1,325.000,325.000,300.000,300.000,-1,625.000,550.000,-1,725.000,800.000,-1,-1,2,0,2,0,2,0,0,0,0,2,0,0,2,0,0,2,2
34,9897.725,8364.574,-136.357,-58.955,0.516556,0.856213,-0.008383,-0.852934,0.515390,0.082931,0.075327,-0.035688,0.996520,0,0.69567,0.54008,41.740,1.080,-1,375.000,-1,400.000,-1,325.000,325.000,300.000,300.000,-1,625.000,575.000,-1,725.000,825.000,-1,-1,2,0,2,0,2,0,0,0,0,2,0,0,2,0,0,2,2
35,9919.921,8329.225,-133.227,-57.874,0.532586,0.846325,-0.009316,-0.843031,0.531426,0.082976,0.075175,-0.036338,0.996508,0,0.69567,0.54008,41.740,1.080,-1,375.000,-1,400.000,-1,325.000,325.000,300.000,300.000,-1,650.000,600.000,-1,725.000,825.000,-1,-1,2,0,2,0,2,0,0,0,0,2,0,0,2,0,0,2,2
36,9942.781,8294.301,-130.155,-56.794,0.548443,0.836129,-0.009943,-0.832833,0.547268,0.082990,0.074832,-0.037234,0.996501,0,0.69567,0.54008,41.740,1.080,-1,375.000,-1,400.000,-1,325.000,325.000,300.000,300.000,-1,675.000,625.000,-1,725.000,825.000,-1,-1,2,0,2,0,2,0,0,0,0,2,0,0,2,0,0,2,2
37,9968.837,8255.738,-126.731,-55.954,0.560632,0.827997,-0.010611,-0.824690,0.559457,0.083025,0.074681,-0.037796,0.996491,0,0.77567,0.42008,46.540,0.840,-1,375.000,-1,400.000,-1,325.000,325.000,300.000,300.000,-1,700.000,650.000,-1,725.000,825.000,-1,-1,2,0,2,0,2,0,0,0,0,2,0,0,2,0,0,2,2
38,9998.024,8213.502,-122.941,-55.354,0.569253,0.822084,-0.011323,-0.818759,0.568095,0.083079,0.074730,-0.038022,0.996479,0,0.85567,0.30008,51.340,0.600,-1,375.000,-1,400.000,-1,325.000,325.000,300.000,300.000,-1,725.000,675.000,-1,700.000,825.000,-1,-1,2,0,2,0,2,0,0,0,0,2,0,0,2,0,0,2,2
39,10030.230,8167.518,-118.767,-54.994,0.574378,0.818501,-0.012083,-0.815149,0.573253,0.083145,0.074981,-0.037908,0.996464,0,0.93567,0.18008,56.140,0.360,-1,375.000,-1,400.000,-1,325.000,325.000,300.000,300.000,-1,750.000,725.000,-1,700.000,825.000,-1,-1,2,0,2,0,2,0,0,0,0,2,0,0,2,0,0,2,2
40,10063.646,8120.018,-114.404,-54.874,0.576054,0.817310,-0.012857,-0.813926,0.574978,0.083213,0.075404,-0.037471,0.996449,0,0.96794,0.06008,58.077,0.120,-1,375.000,-1,400.000,-1,325.000,325.000,300.000,300.000,-1,800.000,750.000,-1,725.000,850.000,-1,-1,2,0,2,0,2,0,0,0,0,2,0,0,2,0,0,2,2
41,10096.962,8072.448,-109.996,-54.993,0.574294,0.818535,-0.013671,-0.815114,0.573284,0.083279,0.076004,-0.036683,0.996433,0,0.96794,-0.05992,58.077,-0.120,-1,375.000,-1,400.000,-1,325.000,325.000,300.000,300.000,-1,850.000,800.000,-1,725.000,850.000,-1,-1,2,0,2,0,2,0,0,0,0,2,0,0,2,0,0,2,2
42,10129.979,8024.669,-105.595,-55.353,0.569061,0.822161,-0.014848,-0.818687,0.568161,0.083333,0.076949,-0.035266,0.996411,0,0.96794,-0.17992,58.077,-0.360,-1,375.000,-1,400.000,-1,325.000,325.000,300.000,300.000,-1,875.000,825.000,-1,725.000,850.000,-1,-1,2,0,2,0,2,0,0,0,0,2,0,0,2,0,0,2,2
43,10162.494,7976.548,-101.070,-55.953,0.560318,0.828121,-0.016115,-0.824610,0.559561,0.083124,0.077854,-0.033287,0.996409,0,0.96794,-0.29992,58.077,-0.600,-1,375.000,-1,400.000,-1,325.000,325.000,300.000,300.000,-1,900.000,850.000,-1,750.000,875.000,-1,-1,2,0,2,0,2,0,0,0,0,2,0,0,2,0,0,2,2
44,10194.300,7927.955,-96.625,-56.793,0.547969,0.836313,-0.017654,-0.832819,0.547414,0.082166,0.078380,-0.030322,0.996462,0,0.96794,-0.41992,58.077,-0.840,-1,375.000,-1,425.000,-1,325.000,325.000,300.000,300.000,-1,975.000,925.000,-1,750.000,900.000,-1,-1,2,0,2,0,2,0,0,0,0,2,0,0,2,0,0,2,2
45,10223.010,7883.075,-92.628,-57.393,0.539018,0.842072,-0.019333,-0.838645,0.538676,0.080640,0.078319,-0.027253,0.996556,0,0.88794,-0.29992,53.277,-0.600,-1,375.000,-1,425.000,-1,325.000,325.000,300.000,300.000,-1,-1,975.000,-1,750.000,900.000,-1,-1,2,0,2,0,2,0,0,0,0,2,2,0,2,0,0,2,2
46,10248.875,7842.076,-88.948,-57.753,0.533574,0.845495,-0.020901,-0.842137,0.533413,0.079227,0.078135,-0.024672,0.996637,0,0.80794,-0.17992,48.477,-0.360,-1,400.000,-1,425.000,-1,325.000,325.000,300.000,300.000,-1,-1,-1,-1,775.000,900.000,-1,-1,2,0,2,0,2,0,0,0,0,2,2,2,2,0,0,2,2
47,10272.061,7805.061,-85.602,-57.937,0.530722,0.847251,-0.022334,-0.843960,0.530715,0.077931,0.077880,-0.022511,0.996709,0,0.72794,-0.09223,43.677,-0.184,-1,400.000,-1,425.000,-1,325.000,325.000,325.000,300.000,-1,-1,-1,-1,775.000,900.000,-1,-1,2,0,2,0,2,0,0,0,0,2,2,2,2,0,0,2,2
48,10294.955,7768.248,-82.289,-58.122,0.527872,0.848993,-0.023718,-0.845760,0.528008,0.076798,0.077724,-0.020479,0.996765,0,0.72253,-0.09223,43.352,-0.184,-1,400.000,-1,425.000,-1,325.000,325.000,325.000,300.000,-1,-1,-1,-1,775.000,925.000,-1,-1,2,0,2,0,2,0,0,0,0,2,2,2,2,0,0,2,2
49,10317.731,7731.362,-78.994,-58.306,0.525023,0.850719,-0.025047,-0.847534,0.525291,0.075864,0.077695,-0.018602,0.996804,0,0.72253,-0.09223,43.352,-0.184,-1,400.000,-1,425.000,-1,325.000,325.000,325.000,300.000,-1,-1,-1,-1,775.000,925.000,-1,-1,2,0,2,0,2,0,0,0,0,2,2,2,2,0,0,2,2
50,10340.388,7694.402,-75.672,-58.490,0.522167,0.852435,-0.026395,-0.849301,0.522567,0.074912,0.077651,-0.016699,0.996841,0,0.72253,-0.09223,43.352,-0.184,-1,400.000,-1,425.000,-1,325.000,325.000,325.000,300.000,-1,-1,-1,-1,800.000,925.000,-1,-1,2,0,2,0,2,0,0,0,0,2,2,2,2,0,0,2,2
51,10362.926,7657.370,-72.516,-58.675,0.519373,0.854128,-0.026766,-0.851075,0.519830,0.073817,0.076963,-0.015559,0.996913,0,0.72253,-0.09223,43.352,-0.184,-1,400.000,-1,425.000,-1,325.000,325.000,325.000,300.000,-1,-1,-1,-1,775.000,925.000,-1,-1,2,0,2,0,2,0,0,0,0,2,2,2,2,0,0,2,2
52,10385.345,7620.266,-69.463,-58.859,0.516620,0.855805,-0.026480,-0.852850,0.517082,0.072611,0.075833,-0.014929,0.997009,0,0.72253,-0.09223,43.352,-0.184,-1,400.000,-1,425.000,-1,325.000,325.000,300.000,300.000,-1,-1,-1,-1,775.000,925.000,-1,-1,2,0,2,0,2,0,0,0,0,2,2,2,2,0,0,2,2
53,10407.644,7583.089,-66.389,-59.044,0.513861,0.857474,-0.026192,-0.854617,0.514329,0.071374,0.074673,-0.014292,0.997106,0,0.72253,-0.09223,43.352,-0.184,-1,400.000,-1,400.000,-1,325.000,325.000,300.000,300.000,-1,-1,-1,-1,775.000,925.000,-1,-1,2,0,2,0,2,0,0,0,0,2,2,2,2,0,0,2,2
54,10429.824,7545.841,-63.291,-59.228,0.511096,0.859133,-0.025912,-0.856376,0.511571,0.070107,0.073487,-0.013641,0.997203,0,0.72253,-0.09223,43.352,-0.184,-1,400.000,-1,425.000,-1,325.000,325.000,300.000,300.000,-1,-1,-1,-1,775.000,925.000,-1,-1,2,0,2,0,2,0,0,0,0,2,2,2,2,0,0,2,2
55,10451.883,7508.522,-60.168,-59.413,0.508325,0.860783,-0.025654,-0.858126,0.508807,0.068813,0.072286,-0.012965,0.997300,0,0.72253,-0.09223,43.352,-0.184,-1,400.000,-1,425.000,-1,325.000,325.000,300.000,300.000,-1,-1,-1,-1,775.000,925.000,-1,-1,2,0,2,0,2,0,0,0,0,2,2,2,2,0,0,2,2
56,10473.822,7471.132,-57.023,-59.597,0.505549,0.862424,-0.025396,-0.859867,0.506038,0.067488,0.071054,-0.012282,0.997397,0,0.72253,-0.09223,43.352,-0.184,-1,400.000,-1,425.000,-1,325.000,325.000,300.000,300.000,-1,-1,-1,-1,800.000,925.000,-1,-1,2,0,2,0,2,0,0,0,0,2,2,2,2,0,0,2,2
57,10495.641,7433.672,-53.857,-59.782,0.502768,0.864056,-0.025136,-0.861599,0.503263,0.066133,0.069792,-0.011592,0.997494,0,0.72253,-0.09223,43.352,-0.184,-1,400.000,-1,425.000,-1,325.000,325.000,300.000,300.000,-1,-1,-1,-1,800.000,925.000,-1,-1,2,0,2,0,2,0,0,0,0,2,2,2,2,0,0,2,2
58,10517.339,7396.141,-50.670,-59.966,0.499982,0.865678,-0.024876,-0.863322,0.500482,0.064747,0.068500,-0.010896,0.997592,0,0.72253,-0.09223,43.352,-0.184,-1,400.000,-1,425.000,-1,325.000,325.000,300.000,325.000,-1,-1,-1,-1,800.000,925.000,-1,-1,2,0,2,0,2,0,0,0,0,2,2,2,2,0,0,2,2
59,10538.916,7358.541,-47.688,-60.151,0.497127,0.867298,-0.025659,-0.865022,0.497701,0.063488,0.067833,-0.009366,0.997653,0,0.72253,-0.09223,43.352,-0.184,-1,400.000,-1,425.000,-1,325.000,325.000,300.000,325.000,-1,-1,-1,-1,800.000,950.000,-1,-1,2,0,2,0,2,0,0,0,0,2,2,2,2,0,0,2,2
60,10560.372,7320.871,-44.697,-60.335,0.494264,0.868908,-0.026501,-0.866713,0.494913,0.062215,0.067175,-0.007782,0.997711,0,0.72253,-0.09223,43.352,-0.184,-1,400.000,-1,425.000,-1,325.000,325.000,300.000,300.000,-1,-1,-1,-1,800.000,950.000,-1,-1,2,0,2,0,2,0,0,0,0,2,2,2,2,0,0,2,2
61,10581.706,7283.133,-41.749,-60.519,0.491388,0.870508,-0.027467,-0.868412,0.492119,0.060661,0.066323,-0.005956,0.997780,0,0.72253,-0.09223,43.352,-0.184,-1,400.000,-1,425.000,-1,325.000,325.000,300.000,300.000,-1,-1,-1,-1,825.000,950.000,-1,-1,2,0,2,0,2,0,0,0,0,2,2,2,2,0,0,2,2
62,10602.919,7245.326,-39.020,-60.704,0.488478,0.872098,-0.028875,-0.870170,0.489320,0.058055,0.064759,-0.003232,0.997896,0,0.72253,-0.09223,43.352,-0.184,-1,400.000,-1,425.000,-1,325.000,325.000,300.000,300.000,-1,-1,-1,-1,825.000,925.000,-1,-1,2,0,2,0,2,0,0,0,0,2,2,2,2,0,0,2,2
63,10624.010,7207.452,-36.278,-60.888,0.485567,0.873674,-0.030317,-0.871915,0.486512,0.055414,0.063163,-0.000473,0.998003,0,0.72253,-0.09223,43.352,-0.184,-1,400.000,-1,425.000,-1,325.000,325.000,300.000,300.000,-1,-1,-1,-1,825.000,925.000,-1,-1,2,0,2,0,2,0,0,0,0,2,2,2,2,0,0,2,2
64,10644.980,7169.509,-33.524,-61.073,0.482656,0.875233,-0.031794,-0.873646,0.483696,0.052738,0.061537,0.002322,0.998102,0,0.72253,-0.09223,43.352,-0.184,-1,400.000,-1,425.000,-1,325.000,325.000,300.000,300.000,-1,-1,-1,-1,825.000,925.000,-1,-1,2,0,2,0,2,0,0,0,0,2,2,2,2,0,0,2,2
65,10665.827,7131.500,-30.769,-61.257,0.479745,0.876777,-0.033283,-0.875360,0.480871,0.050082,0.059915,0.005108,0.998190,0,0.72253,-0.09223,43.352,-0.184,-1,400.000,-1,425.000,-1,325.000,325.000,300.000,300.000,-1,-1,-1,-1,825.000,900.000,-1,-1,2,0,2,0,2,0,0,0,0,2,2,2,2,0,0,2,2
66,10686.551,7093.423,-28.316,-61.442,0.476865,0.878312,-0.034174,-0.876976,0.478041,0.048887,0.059274,0.006658,0.998220,0,0.72253,-0.09223,43.352,-0.184,-1,400.000,-1,425.000,-1,325.000,325.000,300.000,300.000,-1,-1,-1,-1,825.000,900.000,-1,-1,2,0,2,0,2,0,0,0,0,2,2,2,2,0,0,2,2
67,10707.153,7055.279,-25.855,-61.626,0.473981,0.879836,-0.035081,-0.878582,0.475206,0.047677,0.058619,0.008224,0.998247,0,0.72253,-0.09223,43.352,-0.184,-1,400.000,-1,425.000,-1,325.000,325.000,300.000,300.000,-1,-1,-1,-1,850.000,900.000,-1,-1,2,0,2,0,2,0,0,0,0,2,2,2,2,0,0,2,2
68,10727.632,7017.070,-23.626,-61.811,0.471170,0.881357,-0.034769,-0.880188,0.472369,0.046228,0.057167,0.008822,0.998326,0,0.72253,-0.09223,43.352,-0.184,-1,400.000,-1,425.000,-1,325.000,325.000,300.000,300.000,-1,-1,-1,-1,850.000,900.000,-1,-1,2,0,2,0,2,0,0,0,0,2,2,2,2,0,0,2,2
69,10747.987,6978.795,-21.475,-61.995,0.468381,0.882871,-0.034026,-0.881788,0.469528,0.044655,0.055401,0.009088,0.998423,0,0.72253,-0.09223,43.352,-0.184,-1,400.000,-1,425.000,-1,325.000,325.000,300.000,300.000,-1,-1,-1,-1,825.000,900.000,-1,-1,2,0,2,0,2,0,0,0,0,2,2,2,2,0,0,2,2
70,10768.220,6940.454,-19.317,-62.180,0.465587,0.884376,-0.033288,-0.883377,0.466682,0.043044,0.053602,0.009365,0.998518,0,0.72253,-0.09223,43.352,-0.184,-1,400.000,-1,425.000,-1,325.000,325.000,300.000,300.000,-1,-1,-1,-1,825.000,875.000,-1,-1,2,0,2,0,2,0,0,0,0,2,2,2,2,0,0,2,2
71,10788.328,6902.049,-17.156,-62.364,0.462788,0.885871,-0.032550,-0.884956,0.463831,0.041405,0.051777,0.009644,0.998612,0,0.72253,-0.09223,43.352,-0.184,-1,400.000,-1,425.000,-1,325.000,325.000,300.000,300.000,-1,-1,-1,-1,825.000,875.000,-1,-1,2,0,2,0,2,0,0,0,0,2,2,2,2,0,0,2,2
72,10808.313,6863.579,-14.992,-62.548,0.459983,0.887357,-0.031812,-0.886523,0.460975,0.039739,0.049927,0.009923,0.998704,0,0.72253,-0.09223,43.352,-0.184,-1,400.000,-1,425.000,-1,325.000,325.000,300.000,300.000,-1,-1,-1,-1,825.000,875.000,-1,-1,2,0,2,0,2,0,0,0,0,2,2,2,2,0,0,2,2
73,10828.174,6825.045,-12.824,-62.733,0.457174,0.888834,-0.031075,-0.888078,0.458115,0.038046,0.048053,0.010203,0.998793,0,0.72253,-0.09223,43.352,-0.184,-1,400.000,-1,425.000,-1,325.000,325.000,300.000,300.000,-1,-1,-1,-1,825.000,850.000,-1,-1,2,0,2,0,2,0,0,0,0,2,2,2,2,0,0,2,2
74,10849.916,6782.082,-10.423,-63.157,0.450627,0.892199,-0.030265,-0.891532,0.451516,0.036122,0.045893,0.010704,0.998889,0,0.80253,-0.21223,48.152,-0.424,-1,400.000,-1,400.000,-1,325.000,325.000,300.000,300.000,-1,-1,-1,-1,825.000,850.000,-1,-1,2,0,2,0,2,0,0,0,0,2,2,2,2,0,0,2,2
75,10872.089,6736.977,-7.924,-63.822,0.440299,0.897368,-0.029450,-0.896794,0.441135,0.034049,0.043546,0.011419,0.998986,0,0.83766,-0.33223,50.260,-0.664,-1,400.000,-1,400.000,-1,325.000,325.000,300.000,300.000,-1,-1,-1,-1,800.000,850.000,-1,-1,2,0,2,0,2,0,0,0,0,2,2,2,2,0,0,2,2
76,10893.547,6691.529,-5.522,-64.726,0.426105,0.904206,-0.029092,-0.903729,0.426909,0.031990,0.041345,0.012660,0.999065,0,0.83766,-0.45223,50.260,-0.904,-1,400.000,-1,400.000,-1,325.000,325.000,300.000,300.000,-1,-1,-1,-1,800.000,825.000,-1,-1,2,0,2,0,2,0,0,0,0,2,2,2,2,0,0,2,2
77,10914.094,6645.661,-3.355,-65.871,0.407934,0.912524,-0.029827,-0.912149,0.408751,0.030114,0.039672,0.014922,0.999101,0,0.83766,-0.57223,50.260,-1.144,-1,400.000,-1,400.000,-1,325.000,325.000,300.000,300.000,-1,-1,-1,-1,800.000,825.000,-1,-1,2,0,2,0,2,0,0,0,0,2,2,2,2,0,0,2,2
78,10933.682,6599.376,-1.260,-67.062,0.388848,0.920787,-0.030794,-0.920528,0.389674,0.027971,0.037755,0.017470,0.999134,0,0.83766,-0.59568,50.260,-1.191,-1,400.000,-1,400.000,-1,325.000,325.000,300.000,300.000,-1,-1,-1,-1,825.000,825.000,-1,-1,2,0,2,0,2,0,0,0,0,2,2,2,2,0,0,2,2
79,10952.304,6552.693,0.778,-68.253,0.369596,0.928642,-0.031974,-0.928508,0.370426,0.025652,0.035666,0.020207,0.999159,0,0.83766,-0.59568,50.260,-1.191,-1,400.000,-1,400.000,-1,325.000,325.000,300.000,300.000,-1,-1,-1,-1,825.000,800.000,-1,-1,2,0,2,0,2,0,0,0,0,2,2,2,2,0,0,2,2
80,10969.952,6505.634,2.800,-69.445,0.350191,0.936087,-0.033276,-0.936078,0.351017,0.023340,0.033529,0.022975,0.999174,0,0.83766,-0.59568,50.260,-1.191,-1,400.000,-1,400.000,-1,325.000,325.000,300.000,300.000,-1,-1,-1,-1,800.000,800.000,-1,-1,2,0,2,0,2,0,0,0,0,2,2,2,2,0,0,2,2
81,10986.616,6458.217,4.489,-70.636,0.330644,0.943149,-0.033832,-0.943200,0.331466,0.022428,0.032367,0.024495,0.999176,0,0.83766,-0.59568,50.260,-1.191,-1,400.000,-1,400.000,-1,325.000,325.000,300.000,300.000,-1,-1,-1,-1,825.000,775.000,-1,-1,2,0,2,0,2,0,0,0,0,2,2,2,2,0,0,2,2
82,11002.292,6410.465,5.934,-71.828,0.310983,0.949822,-0.033583,-0.949904,0.311780,0.021797,0.031174,0.025122,0.999198,0,0.83766,-0.59568,50.260,-1.191,-1,400.000,-1,400.000,-1,325.000,325.000,300.000,300.000,-1,-1,-1,-1,800.000,775.000,-1,-1,2,0,2,0,2,0,0,0,0,2,2,2,2,0,0,2,2
83,11016.970,6362.396,7.328,-73.019,0.291193,0.956087,-0.033239,-0.956197,0.291961,0.021109,0.029886,0.025637,0.999224,0,0.83766,-0.59568,50.260,-1.191,-1,400.000,-1,400.000,-1,325.000,325.000,300.000,300.000,-1,-1,-1,-1,800.000,775.000,-1,-1,2,0,2,0,2,0,0,0,0,2,2,2,2,0,0,2,2
84,11030.647,6314.033,8.692,-74.210,0.271278,0.961938,-0.032921,-0.962077,0.272015,0.020404,0.028583,0.026137,0.999250,0,0.83766,-0.59568,50.260,-1.191,-1,400.000,-1,400.000,-1,325.000,325.000,300.000,300.000,-1,-1,-1,-1,800.000,775.000,-1,-1,2,0,2,0,2,0,0,0,0,2,2,2,2,0,0,2,2
85,11042.690,6268.575,9.948,-75.162,0.255294,0.966312,-0.032648,-0.966474,0.256004,0.019733,0.027426,0.026516,0.999272,0,0.78376,-0.47568,47.026,-0.951,-1,400.000,-1,400.000,-1,325.000,325.000,300.000,300.000,-1,-1,-1,-1,775.000,750.000,-1,-1,2,0,2,0,2,0,0,0,0,2,2,2,2,0,0,2,2
86,11054.167,6222.972,11.188,-75.873,0.243303,0.969409,-0.032395,-0.969592,0.243985,0.019053,0.026374,0.026775,0.999294,0,0.78376,-0.35568,47.026,-0.711,-1,400.000,-1,400.000,-1,325.000,325.000,300.000,300.000,-1,-1,-1,-1,775.000,750.000,-1,-1,2,0,2,0,2,0,0,0,0,2,2,2,2,0,0,2,2
87,11065.269,6177.276,12.418,-76.344,0.235345,0.971380,-0.032154,-0.971579,0.236001,0.018367,0.025430,0.026918,0.999314,0,0.78376,-0.23568,47.026,-0.471,-1,400.000,-1,400.000,-1,325.000,325.000,300.000,300.000,-1,-1,-1,-1,775.000,750.000,-1,-1,2,0,2,0,2,0,0,0,0,2,2,2,2,0,0,2,2
88,11076.187,6131.535,13.643,-76.576,0.231446,0.972324,-0.031918,-0.972537,0.232077,0.017678,0.024596,0.026950,0.999334,0,0.78376,-0.11568,47.026,-0.231,-1,400.000,-1,400.000,-1,325.000,325.000,300.000,300.000,-1,-1,-1,-1,775.000,750.000,-1,-1,2,0,2,0,2,0,0,0,0,2,2,2,2,0,0,2,2
89,11087.111,6085.796,14.867,-76.567,0.231617,0.972291,-0.031677,-0.972514,0.232224,0.016988,0.023874,0.026872,0.999354,0,0.78376,0.00432,47.026,0.009,-1,400.000,-1,400.000,-1,325.000,325.000,300.000,300.000,-1,-1,-1,-1,775.000,750.000,-1,-1,2,0,2,0,2,0,0,0,0,2,2,2,2,0,0,2,2
90,11098.234,6040.105,16.095,-76.318,0.235859,0.971279,-0.031425,-0.971509,0.236442,0.016299,0.023262,0.026686,0.999373,0,0.78376,0.12432,47.026,0.249,-1,400.000,-1,400.000,-1,325.000,325.000,300.000,300.000,-1,-1,-1,-1,750.000,725.000,-1,-1,2,0,2,0,2,0,0,0,0,2,2,2,2,0,0,2,2
91,11109.746,5994.510,17.333,-75.830,0.244158,0.969235,-0.031154,-0.969468,0.244719,0.015614,0.022758,0.026390,0.999393,0,0.78376,0.24432,47.026,0.489,-1,400.000,-1,375.000,-1,325.000,325.000,300.000,300.000,-1,-1,-1,-1,750.000,725.000,-1,-1,2,0,2,0,2,0,0,0,0,2,2,2,2,0,0,2,2
92,11121.837,5949.065,18.508,-75.101,0.256474,0.966047,-0.031203,-0.966286,0.257026,0.015132,0.022638,0.026270,0.999399,0,0.78376,0.36432,47.026,0.729,-1,400.000,-1,375.000,-1,325.000,325.000,300.000,300.000,-1,-1,-1,-1,750.000,725.000,-1,-1,2,0,2,0,2,0,0,0,0,2,2,2,2,0,0,2,2
93,11134.694,5903.832,19.765,-74.132,0.272773,0.961579,-0.030993,-0.961803,0.273324,0.015126,0.023016,0.025683,0.999405,0,0.78376,0.48432,47.026,0.969,-1,400.000,-1,375.000,-1,325.000,325.000,300.000,300.000,-1,-1,-1,-1,750.000,725.000,-1,-1,2,0,2,0,2,0,0,0,0,2,2,2,2,0,0,2,2
94,11148.502,5858.879,20.998,-72.924,0.293010,0.955621,-0.030549,-0.955824,0.293553,0.015049,0.023349,0.024789,0.999420,0,0.78376,0.60432,47.026,1.209,-1,400.000,-1,375.000,-1,325.000,325.000,300.000,300.000,-1,-1,-1,-1,750.000,700.000,-1,-1,2,0,2,0,2,0,0,0,0,2,2,2,2,0,0,2,2
95,11163.443,5814.290,22.185,-71.475,0.317091,0.947925,-0.029862,-0.948092,0.317628,0.015286,0.023975,0.023464,0.999437,0,0.78376,0.72432,47.026,1.449,-1,400.000,-1,375.000,-1,325.000,325.000,300.000,300.000,-1,-1,-1,-1,750.000,700.000,-1,-1,2,0,2,0,2,0,0,0,0,2,2,2,2,0,0,2,2
96,11179.543,5770.107,23.416,-69.978,0.341751,0.939333,-0.029329,-0.939462,0.342291,0.015765,0.024848,0.022166,0.999445,0,0.78376,0.74839,47.026,1.497,-1,400.000,-1,375.000,-1,325.000,325.000,300.000,300.000,-1,-1,-1,-1,750.000,700.000,-1,-1,2,0,2,0,2,0,0,0,0,2,2,2,2,0,0,2,2
97,11196.791,5726.359,24.713,-68.482,0.366172,0.930094,-0.029028,-0.930189,0.366719,0.016326,0.025830,0.021023,0.999445,0,0.78376,0.74839,47.026,1.497,-1,400.000,-1,375.000,-1,325.000,325.000,300.000,300.000,-1,-1,-1,-1,750.000,700.000,-1,-1,2,0,2,0,2,0,0,0,0,2,2,2,2,0,0,2,2
98,11215.177,5683.076,26.031,-66.985,0.390345,0.920220,-0.028736,-0.920279,0.390898,0.016890,0.026775,0.019852,0.999444,0,0.78376,0.74839,47.026,1.497,-1,400.000,-1,375.000,-1,325.000,325.000,300.000,300.000,-1,-1,-1,-1,750.000,700.000,-1,-1,2,0,2,0,2,0,0,0,0,2,2,2,2,0,0,2,2
99,11234.687,5640.289,27.368,-65.488,0.414254,0.909716,-0.028453,-0.909740,0.414811,0.017456,0.027683,0.018653,0.999443,0,0.78376,0.74839,47.026,1.497,-1,400.000,-1,375.000,-1,325.000,325.000,300.000,300.000,-1,-1,-1,-1,750.000,675.000,-1,-1,2,0,2,0,2,0,0,0,0,2,2,2,2,0,0,2,2
100,11255.308,5598.025,28.723,-63.991,0.437882,0.898591,-0.028179,-0.898579,0.438441,0.018026,0.028553,0.017428,0.999440,0,0.78376,0.74839,47.026,1.497,-1,400.000,-1,375.000,-1,325.000,325.000,300.000,300.000,-1,-1,-1,-1,750.000,675.000,-1,-1,2,0,2,0,2,0,0,0,0,2,2,2,2,0,0,2,2
101,11277.041,5556.289,30.096,-62.492,0.461252,0.886830,-0.027915,-0.886783,0.461812,0.018600,0.029386,0.016175,0.999437,0,0.78426,0.74964,47.056,1.499,-1,400.000,-1,375.000,-1,325.000,325.000,300.000,300.000,-1,-1,-1,-1,750.000,675.000,-1,-1,2,0,2,0,2,0,0,0,0,2,2,2,2,0,0,2,2
102,11299.902,5515.070,31.488,-60.986,0.484403,0.874407,-0.027660,-0.874324,0.484964,0.019179,0.030184,0.014893,0.999433,0,0.78557,0.75280,47.134,1.506,-1,400.000,-1,375.000,-1,325.000,325.000,300.000,300.000,-1,-1,-1,-1,750.000,675.000,-1,-1,2,0,2,0,2,0,0,0,0,2,2,2,2,0,0,2,2
103,11323.884,5474.398,32.896,-59.474,0.507317,0.861323,-0.027415,-0.861204,0.507876,0.019764,0.030947,0.013583,0.999429,0,0.78693,0.75597,47.216,1.512,-1,400.000,-1,375.000,-1,325.000,325.000,300.000,300.000,-1,-1,-1,-1,750.000,675.000,-1,-1,2,0,2,0,2,0,0,0,0,2,2,2,2,0,0,2,2
104,11348.980,5434.304,34.321,-57.956,0.529973,0.847579,-0.027181,-0.847423,0.530528,0.020357,0.031674,0.012245,0.999423,0,0.78835,0.75914,47.301,1.518,-1,400.000,-1,375.000,-1,325.000,325.000,300.000,300.000,-1,-1,-1,-1,750.000,675.000,-1,-1,2,0,2,0,2,0,0,0,0,2,2,2,2,0,0,2,2
105,11377.601,5390.769,36.046,-56.678,0.548785,0.835549,-0.026312,-0.835353,0.549315,0.020933,0.031944,0.010492,0.999435,0,0.86835,0.63914,52.101,1.278,-1,400.000,-1,375.000,-1,325.000,325.000,300.000,300.000,-1,-1,-1,-1,775.000,675.000,-1,-1,2,0,2,0,2,0,0,0,0,2,2,2,2,0,0,2,2
106,11408.243,5345.950,37.854,-55.640,0.563870,0.825472,-0.025434,-0.825238,0.564374,0.021548,0.032141,0.008839,0.999444,0,0.90488,0.51914,54.293,1.038,-1,400.000,-1,375.000,-1,325.000,300.000,325.000,300.000,-1,-1,-1,-1,775.000,650.000,-1,-1,2,0,2,0,2,0,0,0,0,2,2,2,2,0,0,2,2
107,11439.559,5301.487,39.867,-54.841,0.575355,0.817543,-0.024312,-0.817244,0.575830,0.023071,0.032861,0.006594,0.999438,0,0.90641,0.39914,54.384,0.798,-1,400.000,-1,375.000,-1,325.000,300.000,300.000,300.000,-1,-1,-1,-1,775.000,650.000,-1,-1,2,0,2,0,2,0,0,0,0,2,2,2,2,0,0,2,2
108,11471.356,5257.264,41.963,-54.283,0.583339,0.811906,-0.022896,-0.811505,0.583778,0.025748,0.034271,0.003560,0.999406,0,0.90778,0.27914,54.467,0.558,-1,400.000,-1,375.000,-1,325.000,300.000,300.000,325.000,-1,-1,-1,-1,775.000,675.000,-1,-1,2,0,2,0,2,0,0,0,0,2,2,2,2,0,0,2,2
109,11503.439,5213.162,43.976,-53.965,0.587887,0.808655,-0.021570,-0.808164,0.588282,0.028184,0.035480,0.000863,0.999370,0,0.90896,0.15914,54.537,0.318,-1,400.000,-1,375.000,-1,325.000,300.000,300.000,325.000,-1,-1,-1,-1,800.000,675.000,-1,-1,2,0,2,0,2,0,0,0,0,2,2,2,2,0,0,2,2
110,11535.615,5169.059,45.920,-53.886,0.589038,0.807850,-0.020303,-0.807281,0.589386,0.030358,0.036491,-0.001491,0.999333,0,0.90987,0.03914,54.592,0.078,-1,400.000,-1,375.000,-1,325.000,300.000,300.000,325.000,-1,-1,-1,-1,800.000,675.000,-1,-1,2,0,2,0,2,0,0,0,0,2,2,2,2,0,0,2,2
111,11567.727,5124.866,47.958,-53.997,0.587526,0.808979,-0.019118,-0.808349,0.587827,0.032113,0.037217,-0.003413,0.999301,0,0.91046,-0.05515,54.628,-0.110,-1,400.000,-1,375.000,-1,325.000,300.000,300.000,300.000,-1,-1,-1,-1,800.000,675.000,-1,-1,2,0,2,0,2,0,0,0,0,2,2,2,2,0,0,2,2
112,11599.769,5080.604,50.027,-54.099,0.586133,0.810016,-0.017956,-0.809330,0.586384,0.033729,0.037850,-0.005237,0.999270,0,0.91072,-0.05089,54.643,-0.102,-1,375.000,-1,375.000,-1,325.000,300.000,300.000,300.000,-1,-1,-1,-1,800.000,675.000,-1,-1,2,0,2,0,2,0,0,0,0,2,2,2,2,0,0,2,2
113,11631.740,5036.288,52.096,-54.192,0.584860,0.810961,-0.016776,-0.810221,0.585057,0.035364,0.038494,-0.007091,0.999234,0,0.91075,-0.04667,54.645,-0.093,-1,375.000,-1,375.000,-1,300.000,300.000,300.000,300.000,-1,-1,-1,-1,800.000,675.000,-1,-1,2,0,2,0,2,0,0,0,0,2,2,2,2,0,0,2,2
114,11663.638,4991.933,54.439,-54.278,0.583639,0.811835,-0.017025,-0.811025,0.583835,0.037088,0.040049,-0.007839,0.999167,0,0.91054,-0.04305,54.633,-0.086,-1,400.000,-1,375.000,-1,300.000,300.000,300.000,300.000,-1,1000.000,-1,-1,800.000,675.000,-1,-1,2,0,2,0,2,0,0,0,0,2,0,2,2,0,0,2,2
115,11695.458,4947.555,56.875,-54.359,0.582479,0.812652,-0.017755,-0.811764,0.582692,0.038860,0.041925,-0.008222,0.999087,0,0.91012,-0.04026,54.607,-0.081,-1,400.000,-1,375.000,-1,325.000,300.000,300.000,300.000,-1,850.000,-1,-1,825.000,675.000,-1,-1,2,0,2,0,2,0,0,0,0,2,0,2,2,0,0,2,2
116,11727.198,4903.166,59.304,-54.434,0.581391,0.813415,-0.018440,-0.812445,0.581619,0.040652,0.043792,-0.008653,0.999003,0,0.90949,-0.03772,54.569,-0.075,-1,400.000,-1,375.000,-1,325.000,300.000,300.000,300.000,-1,725.000,975.000,-1,850.000,675.000,-1,-1,2,0,2,0,2,0,0,0,0,2,0,0,2,0,0,2,2
117,11758.854,4858.778,61.484,-54.505,0.580419,0.814123,-0.017812,-0.813081,0.580604,0.042397,0.044858,-0.010125,0.998942,0,0.90866,-0.03543,54.520,-0.071,-1,400.000,-1,375.000,-1,325.000,300.000,325.000,300.000,-1,700.000,925.000,-1,850.000,675.000,-1,-1,2,0,2,0,2,0,0,0,0,2,0,0,2,0,0,2,2
118,11790.423,4814.402,63.659,-54.572,0.579508,0.814786,-0.017152,-0.813672,0.579645,0.044159,0.045923,-0.011634,0.998877,0,0.90766,-0.03341,54.459,-0.067,-1,400.000,-1,375.000,-1,325.000,300.000,325.000,300.000,-1,650.000,875.000,-1,850.000,675.000,-1,-1,2,0,2,0,2,0,0,0,0,2,0,0,2,0,0,2,2
119,11821.903,4770.048,66.071,-54.635,0.578695,0.815400,-0.015315,-0.814230,0.578727,0.045873,0.046268,-0.014077,0.998830,0,0.90650,-0.03164,54.390,-0.063,-1,400.000,-1,375.000,-1,325.000,300.000,325.000,300.000,-1,675.000,900.000,-1,850.000,650.000,-1,-1,2,0,2,0,2,0,0,0,0,2,0,0,2,0,0,2,2
120,11853.291,4725.725,68.591,-54.695,0.577948,0.815972,-0.012906,-0.814761,0.577843,0.047570,0.046274,-0.016978,0.998785,0,0.90519,-0.03013,54.312,-0.060,-1,400.000,-1,375.000,-1,325.000,300.000,325.000,300.000,-1,700.000,975.000,-1,825.000,650.000,-1,-1,2,0,2,0,2,0,0,0,0,2,0,0,2,0,0,2,2
121,11884.586,4681.440,71.021,-54.753,0.577222,0.816515,-0.010864,-0.815261,0.576992,0.049303,0.046525,-0.019602,0.998725,0,0.90377,-0.02890,54.226,-0.058,-1,400.000,-1,375.000,-1,325.000,300.000,325.000,300.000,-1,725.000,1000.000,-1,825.000,675.000,-1,-1,2,0,2,0,2,0,0,0,0,2,0,0,2,0,0,2,2
122,11917.031,4635.835,73.637,-54.571,0.579936,0.814616,-0.008661,-0.813289,0.579543,0.051882,0.047284,-0.023045,0.998616,0,0.93282,0.09110,55.969,0.182,-1,400.000,-1,350.000,-1,325.000,300.000,325.000,300.000,-1,675.000,-1,-1,825.000,675.000,-1,-1,2,0,2,0,2,0,0,0,0,2,0,2,2,0,0,2,2
123,11949.762,4590.539,76.291,-54.149,0.586059,0.810244,-0.006325,-0.808841,0.585472,0.054762,0.048074,-0.026978,0.998479,0,0.93140,0.21110,55.884,0.422,-1,400.000,-1,375.000,-1,325.000,300.000,325.000,325.000,-1,625.000,-1,-1,850.000,675.000,-1,-1,2,0,2,0,2,0,0,0,0,2,0,2,2,0,0,2,2
124,11982.971,4545.685,78.925,-53.486,0.595529,0.803324,-0.003956,-0.801855,0.594724,0.057730,0.048728,-0.031208,0.998324,0,0.93016,0.33110,55.809,0.662,-1,400.000,-1,375.000,-1,325.000,300.000,325.000,325.000,-1,625.000,-1,-1,850.000,700.000,-1,-1,2,0,2,0,2,0,0,0,0,2,0,2,2,0,0,2,2
125,12016.843,4501.409,81.534,-52.584,0.608255,0.793740,-0.001589,-0.792213,0.607207,0.060811,0.049233,-0.035730,0.998148,0,0.92912,0.45110,55.747,0.902,-1,400.000,-1,375.000,-1,325.000,325.000,300.000,325.000,-1,625.000,-1,-1,850.000,725.000,-1,-1,2,0,2,0,2,0,0,0,0,2,0,2,2,0,0,2,2
126,12051.561,4457.856,84.471,-51.442,0.624056,0.781380,0.000329,-0.779878,0.622830,0.062239,0.048428,-0.039097,0.998061,0,0.92829,0.57110,55.697,1.142,-1,400.000,-1,375.000,-1,325.000,325.000,300.000,325.000,-1,725.000,-1,-1,875.000,725.000,-1,-1,2,0,2,0,2,0,0,0,0,2,0,2,2,0,0,2,2
127,12087.283,4415.171,87.370,-50.076,0.642606,0.766193,0.002254,-0.764726,0.641188,0.063818,0.047451,-0.042734,0.997959,0,0.92768,0.68311,55.661,1.366,-1,425.000,-1,375.000,-1,325.000,325.000,300.000,325.000,-1,925.000,-1,-1,875.000,750.000,-1,-1,2,0,2,0,2,0,0,0,0,2,0,2,2,0,0,2,2
128,12123.998,4373.368,90.004,-48.709,0.660753,0.750593,0.003997,-0.749209,0.659192,0.064432,0.045727,-0.045568,0.997914,0,0.92729,0.68316,55.637,1.366,-1,425.000,-1,375.000,-1,325.000,325.000,300.000,325.000,-1,-1,-1,-1,875.000,750.000,-1,-1,2,0,2,0,2,0,0,0,0,2,2,2,2,0,0,2,2
129,12161.683,4332.470,92.196,-47.343,0.678483,0.734595,0.005610,-0.733346,0.676841,0.063953,0.043182,-0.047505,0.997937,0,0.92689,0.68315,55.613,1.366,-1,400.000,-1,375.000,-1,325.000,325.000,300.000,300.000,-1,-1,-1,-1,875.000,750.000,-1,-1,2,0,2,0,2,0,0,0,0,2,2,2,2,0,0,2,2
130,12200.315,4292.498,94.228,-45.977,0.695832,0.718170,0.007024,-0.717017,0.694085,0.064282,0.041290,-0.049766,0.997907,0,0.92650,0.68307,55.590,1.366,-1,400.000,-1,375.000,-1,325.000,325.000,300.000,300.000,-1,-1,-1,-1,875.000,750.000,-1,-1,2,0,2,0,2,0,0,0,0,2,2,2,2,0,0,2,2
131,12239.873,4253.476,96.234,-44.611,0.712771,0.701349,0.008220,-0.700285,0.710933,0.064615,0.039474,-0.051812,0.997876,0,0.92611,0.68292,55.567,1.366,-1,425.000,-1,400.000,-1,325.000,325.000,300.000,300.000,-1,-1,-1,-1,875.000,750.000,-1,-1,2,0,2,0,2,0,0,0,0,2,2,2,2,0,0,2,2
132,12280.333,4215.423,98.191,-43.246,0.729297,0.684129,0.009662,-0.683172,0.727359,0.065004,0.037444,-0.054008,0.997838,0,0.92573,0.68272,55.544,1.365,-1,425.000,-1,400.000,-1,325.000,325.000,300.000,300.000,-1,-1,-1,-1,900.000,750.000,-1,-1,2,0,2,0,2,0,0,0,0,2,2,2,2,0,0,2,2
133,12321.672,4178.360,100.250,-41.881,0.745406,0.666502,0.012054,-0.665705,0.743328,0.065585,0.034752,-0.056912,0.997774,0,0.92535,0.68244,55.521,1.365,-1,425.000,-1,400.000,-1,325.000,325.000,300.000,300.000,-1,-1,-1,-1,875.000,750.000,-1,-1,2,0,2,0,2,0,0,0,0,2,2,2,2,0,0,2,2
134,12363.864,4142.306,102.222,-40.517,0.761072,0.648505,0.014510,-0.647880,0.758855,0.066261,0.031960,-0.059830,0.997697,0,0.92498,0.68211,55.499,1.364,-1,425.000,-1,400.000,-1,325.000,325.000,300.000,300.000,-1,-1,-1,-1,875.000,775.000,-1,-1,2,0,2,0,2,0,0,0,0,2,2,2,2,0,0,2,2
135,12406.886,4107.280,103.959,-39.153,0.776288,0.630128,0.017774,-0.629730,0.773902,0.067200,0.028590,-0.063359,0.997581,0,0.92463,0.68171,55.478,1.363,-1,425.000,-1,400.000,-1,325.000,325.000,300.000,300.000,-1,-1,-1,-1,875.000,775.000,-1,-1,2,0,2,0,2,0,0,0,0,2,2,2,2,0,0,2,2
136,12450.712,4073.300,105.586,-37.791,0.791035,0.611403,0.021190,-0.611257,0.788479,0.068308,0.025056,-0.066986,0.997439,0,0.92428,0.68124,55.457,1.362,-1,425.000,-1,400.000,-1,325.000,325.000,300.000,300.000,-1,-1,-1,-1,850.000,775.000,-1,-1,2,0,2,0,2,0,0,0,0,2,2,2,2,0,0,2,2
137,12495.318,4040.384,107.118,-36.429,0.805305,0.592347,0.024665,-0.592474,0.802580,0.069573,0.021416,-0.070641,0.997272,0,0.92395,0.68072,55.437,1.361,-1,400.000,-1,400.000,-1,325.000,325.000,300.000,300.000,-1,-1,-1,-1,825.000,800.000,-1,-1,2,0,2,0,2,0,0,0,0,2,2,2,2,0,0,2,2
138,12542.755,4006.821,108.579,-35.284,0.816941,0.576037,0.028068,-0.576439,0.814053,0.070970,0.018032,-0.074158,0.997083,0,0.96851,0.57274,58.111,1.145,-1,400.000,-1,400.000,-1,325.000,325.000,300.000,300.000,-1,-1,-1,-1,825.000,800.000,-1,-1,2,0,2,0,2,0,0,0,0,2,2,2,2,0,0,2,2
