timestep,x_cm,y_cm,z_cm,yaw_deg,basis_xx,basis_xy,basis_xz,basis_yx,basis_yy,basis_yz,basis_zx,basis_zy,basis_zz,teleport_flag,throttle_cmd,steering_cmd,cmd_move_cm,cmd_turn_deg,lidar_cm_0,lidar_cm_1,lidar_cm_2,lidar_cm_3,lidar_cm_4,lidar_cm_5,lidar_cm_6,lidar_cm_7,lidar_cm_8,lidar_cm_9,lidar_cm_10,lidar_cm_11,lidar_cm_12,lidar_cm_13,lidar_cm_14,lidar_cm_15,lidar_cm_16,lidar_class_0,lidar_class_1,lidar_class_2,lidar_class_3,lidar_class_4,lidar_class_5,lidar_class_6,lidar_class_7,lidar_class_8,lidar_class_9,lidar_class_10,lidar_class_11,lidar_class_12,lidar_class_13,lidar_class_14,lidar_class_15,lidar_class_16
0,6887.293,7543.220,335.585,-49.599,0.648665,0.761064,-0.003957,-0.759632,0.647747,0.058172,0.046835,-0.034728,0.998299,1,0.00000,0.00000,4.800,-0.240,-1,400.000,-1,400.000,-1,325.000,325.000,325.000,325.000,-1,-1,-1,-1,800.000,850.000,-1,-1,2,0,2,0,2,0,0,0,0,2,2,2,2,0,0,2,2
1,6890.388,7539.552,335.802,-49.839,0.645471,0.763775,-0.003900,-0.762341,0.644557,0.058159,0.046934,-0.034566,0.998300,0,0.08000,-0.12000,4.800,-0.240,-1,400.000,-1,400.000,-1,325.000,325.000,325.000,325.000,-1,-1,-1,-1,800.000,875.000,-1,-1,2,0,2,0,2,0,0,0,0,2,2,2,2,0,0,2,2
2,6896.543,7532.184,336.228,-50.127,0.641618,0.767015,-0.003789,-0.765581,0.640706,0.058157,0.047035,-0.034414,0.998300,0,0.16000,-0.14426,9.600,-0.289,-1,400.000,-1,400.000,-1,325.000,325.000,325.000,325.000,-1,-1,-1,-1,800.000,875.000,-1,-1,2,0,2,0,2,0,0,0,0,2,2,2,2,0,0,2,2
3,6905.719,7521.087,336.871,-50.414,0.637776,0.770213,-0.003632,-0.768781,0.636864,0.058134,0.047089,-0.034284,0.998302,0,0.24000,-0.14329,14.400,-0.287,-1,400.000,-1,400.000,-1,325.000,325.000,325.000,325.000,-1,-1,-1,-1,775.000,875.000,-1,-1,2,0,2,0,2,0,0,0,0,2,2,2,2,0,0,2,2
4,6917.880,7506.229,337.735,-50.698,0.633951,0.773366,-0.003427,-0.771938,0.633038,0.058089,0.047094,-0.034180,0.998306,0,0.32000,-0.14210,19.200,-0.284,-1,400.000,-1,400.000,-1,325.000,325.000,325.000,325.000,-1,-1,-1,-1,775.000,875.000,-1,-1,2,0,2,0,2,0,0,0,0,2,2,2,2,0,0,2,2
5,6932.991,7487.583,338.826,-50.979,0.630151,0.776466,-0.003173,-0.775046,0.629236,0.058023,0.047049,-0.034104,0.998310,0,0.40000,-0.14064,24.000,-0.281,-1,400.000,-1,400.000,-1,325.000,325.000,325.000,325.000,-1,-1,-1,-1,775.000,875.000,-1,-1,2,0,2,0,2,0,0,0,0,2,2,2,2,0,0,2,2
6,6951.015,7465.120,340.147,-51.257,0.626385,0.779508,-0.002865,-0.778098,0.625465,0.057936,0.046954,-0.034061,0.998316,0,0.48000,-0.13888,28.800,-0.278,-1,400.000,-1,400.000,-1,325.000,325.000,325.000,325.000,-1,-1,-1,-1,775.000,875.000,-1,-1,2,0,2,0,2,0,0,0,0,2,2,2,2,1,0,2,2
7,6971.917,7438.814,341.692,-51.531,0.622661,0.782487,-0.002569,-0.781088,0.621738,0.057830,0.046848,-0.034002,0.998323,0,0.56000,-0.13677,33.600,-0.274,-1,400.000,-1,400.000,-1,325.000,325.000,300.000,325.000,-1,-1,-1,-1,750.000,875.000,-1,-1,2,0,2,0,2,0,0,0,0,2,2,2,2,1,0,2,2
8,6995.664,7408.637,343.429,-51.799,0.618986,0.785398,-0.002454,-0.784004,0.618068,0.057708,0.046841,-0.033796,0.998330,0,0.64000,-0.13426,38.400,-0.269,-1,400.000,-1,400.000,-1,325.000,325.000,300.000,325.000,-1,-1,-1,-1,750.000,900.000,-1,-1,2,0,2,0,2,0,0,0,0,2,2,2,2,1,0,2,2
9,7022.224,7374.566,345.406,-52.062,0.615380,0.788227,-0.002319,-0.786839,0.614466,0.057575,0.046807,-0.033605,0.998339,0,0.72000,-0.13128,43.200,-0.263,-1,400.000,-1,400.000,-1,325.000,325.000,300.000,325.000,-1,-1,-1,-1,725.000,900.000,-1,-1,2,0,2,0,2,0,0,0,0,2,2,2,2,1,0,2,2
10,7051.566,7336.579,347.633,-52.317,0.611858,0.790964,-0.002158,-0.789585,0.610948,0.057432,0.046745,-0.033436,0.998347,0,0.80000,-0.12778,48.000,-0.256,-1,400.000,-1,425.000,-1,325.000,325.000,300.000,325.000,-1,-1,-1,-1,700.000,925.000,-1,-1,2,0,2,0,2,0,0,0,0,2,2,2,2,1,0,2,2
11,7081.955,7296.882,349.984,-52.565,0.608439,0.793598,-0.001975,-0.792227,0.607531,0.057293,0.046667,-0.033294,0.998355,0,0.83322,-0.12367,49.993,-0.247,-1,400.000,-1,425.000,-1,325.000,325.000,300.000,325.000,-1,-1,-1,-1,675.000,950.000,975.000,-1,2,1,2,0,2,0,0,0,0,2,2,2,2,1,0,1,2
12,7112.706,7256.365,352.023,-52.803,0.605087,0.796157,-0.002223,-0.794862,0.604258,0.055379,0.045434,-0.031742,0.998463,0,0.84776,-0.11906,50.865,-0.238,975.000,400.000,-1,425.000,-1,325.000,325.000,325.000,300.000,-1,-1,-1,-1,650.000,950.000,925.000,-1,1,1,2,0,2,1,0,0,0,2,2,2,2,1,0,1,2
13,7143.826,7215.021,354.078,-53.031,0.601867,0.798593,-0.002358,-0.797383,0.601113,0.053328,0.044004,-0.030216,0.998574,0,0.86245,-0.11400,51.747,-0.228,925.000,375.000,-1,425.000,-1,325.000,325.000,325.000,300.000,-1,-1,-1,-1,625.000,950.000,850.000,-1,1,1,2,0,2,1,0,0,0,2,2,2,2,1,1,1,2
14,7175.322,7172.846,356.165,-53.248,0.598802,0.800894,-0.002274,-0.799773,0.598110,0.051258,0.042412,-0.028875,0.998683,0,0.87730,-0.10844,52.638,-0.217,875.000,375.000,-1,425.000,-1,325.000,325.000,325.000,300.000,-1,-1,-1,-1,600.000,900.000,800.000,-1,1,1,2,0,2,1,0,0,0,2,2,2,2,1,1,1,2
15,7209.322,7126.552,358.501,-53.704,0.592354,0.805675,-0.002240,-0.804643,0.591731,0.049028,0.040826,-0.027239,0.998795,0,0.95730,-0.22844,57.438,-0.457,800.000,350.000,-1,425.000,-1,300.000,325.000,325.000,300.000,-1,-1,-1,-1,550.000,875.000,725.000,-1,1,1,2,0,2,1,0,0,0,2,2,2,2,1,1,1,2
16,7244.248,7077.765,360.925,-54.401,0.582475,0.812846,-0.002190,-0.811884,0.581913,0.047139,0.039591,-0.025679,0.998886,0,1.00000,-0.34844,60.000,-0.697,725.000,350.000,-1,425.000,-1,300.000,325.000,325.000,300.000,-1,-1,-1,-1,525.000,850.000,625.000,-1,1,1,2,0,2,1,1,0,0,2,2,2,2,1,1,1,2
17,7278.372,7028.414,363.384,-55.338,0.569060,0.822292,-0.002489,-0.821388,0.568572,0.045256,0.038629,-0.023709,0.998972,0,1.00000,-0.46844,60.000,-0.937,650.000,325.000,-1,425.000,-1,300.000,325.000,325.000,300.000,-1,-1,-1,-1,500.000,850.000,550.000,-1,1,1,2,0,2,1,1,0,0,2,2,2,2,1,1,1,2
18,7311.474,6978.371,365.990,-56.515,0.551944,0.833866,-0.004982,-0.832966,0.551609,0.043536,0.039052,-0.019880,0.999039,0,1.00000,-0.58844,60.000,-1.177,575.000,325.000,-1,425.000,-1,275.000,325.000,325.000,300.000,-1,-1,-1,-1,450.000,850.000,500.000,-1,1,1,2,0,2,1,1,0,0,2,2,2,2,1,1,1,2
19,7343.329,6927.526,369.154,-57.932,0.530958,0.847337,-0.010161,-0.846399,0.530876,0.042183,0.041137,-0.013797,0.999058,0,1.00000,-0.70844,60.000,-1.417,500.000,300.000,-1,425.000,-1,275.000,325.000,325.000,300.000,-1,-1,-1,-1,450.000,875.000,425.000,-1,1,1,2,0,2,1,1,0,0,2,2,2,2,1,1,1,2
20,7373.702,6875.780,372.732,-59.589,0.505934,0.862399,-0.017269,-0.861429,0.506193,0.041332,0.044386,-0.006035,0.998996,0,1.00000,-0.82844,60.000,-1.657,425.000,300.000,-1,450.000,-1,275.000,300.000,350.000,300.000,-1,-1,-1,-1,425.000,925.000,400.000,-1,1,1,2,1,2,1,1,0,0,2,2,2,2,1,1,1,2
21,7402.528,6823.158,376.684,-61.287,0.479727,0.877032,-0.026024,-0.876074,0.480422,0.041101,0.048550,0.003081,0.998816,0,1.00000,-0.84902,60.000,-1.698,375.000,300.000,-1,450.000,-1,275.000,300.000,375.000,300.000,-1,-1,-1,-1,400.000,975.000,350.000,-1,1,1,2,1,2,1,1,0,0,2,2,2,2,1,1,1,2
22,7429.839,6769.734,380.969,-62.926,0.453862,0.890338,-0.036170,-0.889467,0.455106,0.041553,0.053457,0.013313,0.998481,0,1.00000,-0.81938,60.000,-1.639,350.000,275.000,-1,475.000,-1,275.000,325.000,400.000,300.000,-1,-1,-1,-1,400.000,-1,325.000,-1,1,1,2,1,2,1,1,0,0,2,2,2,2,1,2,1,2
23,7455.675,6715.580,385.508,-64.499,0.428479,0.902307,-0.047420,-0.901614,0.430406,0.042935,0.059151,0.024358,0.997952,0,1.00000,-0.78646,60.000,-1.573,300.000,275.000,-1,500.000,-1,250.000,325.000,425.000,300.000,-1,-1,800.000,-1,400.000,-1,300.000,-1,1,1,2,1,2,1,1,0,0,2,2,0,2,1,2,1,2
24,7480.089,6660.770,389.930,-65.999,0.403582,0.912895,-0.061186,-0.912523,0.406475,0.045617,0.066514,0.037423,0.997083,0,1.00000,-0.75000,60.000,-1.500,275.000,275.000,-1,525.000,-1,275.000,350.000,450.000,275.000,-1,1000.000,350.000,-1,450.000,-1,275.000,-1,1,1,2,1,2,1,1,0,0,2,0,0,2,1,2,1,2
25,7503.141,6605.373,394.224,-67.418,0.379349,0.922048,-0.076951,-0.922295,0.383472,0.048182,0.073935,0.052693,0.995870,0,1.00000,-0.70972,60.000,-1.419,250.000,300.000,-1,550.000,-1,300.000,375.000,425.000,275.000,-1,625.000,175.000,975.000,525.000,-1,250.000,-1,1,1,2,1,2,1,1,1,0,2,0,0,0,1,2,1,2
26,7524.905,6549.458,398.322,-68.749,0.355994,0.929698,-0.094501,-0.931014,0.361564,0.049845,0.080509,0.070237,0.994276,0,1.00000,-0.66534,60.000,-1.331,225.000,325.000,-1,575.000,-1,325.000,375.000,425.000,250.000,-1,500.000,75.000,675.000,575.000,-1,225.000,-1,1,1,2,1,2,1,1,1,0,2,0,0,0,1,2,1,2
27,7545.467,6493.088,402.610,-69.982,0.333708,0.935899,-0.112833,-0.938621,0.340974,0.052216,0.087342,0.088483,0.992241,0,1.00000,-0.61661,60.000,-1.233,275.000,375.000,-1,575.000,-1,350.000,400.000,400.000,250.000,-1,425.000,75.000,500.000,675.000,-1,-1,-1,1,1,2,1,2,1,1,1,0,2,0,0,0,1,2,2,2
28,7564.919,6436.327,406.745,-71.109,0.313324,0.940815,-0.129209,-0.945332,0.321955,0.051891,0.090419,0.105887,0.990259,0,1.00000,-0.56337,60.000,-1.127,-1,400.000,-1,600.000,-1,350.000,425.000,375.000,250.000,-1,425.000,75.000,425.000,750.000,-1,-1,-1,2,1,2,1,2,1,1,1,0,2,0,0,0,1,2,2,2
29,7583.351,6379.228,408.727,-72.120,0.296680,0.945486,-0.134300,-0.951231,0.305023,0.046046,0.084501,0.114089,0.989870,0,1.00000,-0.50557,60.000,-1.011,-1,400.000,-1,600.000,-1,350.000,400.000,325.000,225.000,-1,550.000,125.000,425.000,-1,-1,-1,-1,2,1,2,1,2,1,1,1,0,2,0,0,0,2,2,2,2
30,-2951.698,-4263.564,-8.308,145.290,-0.821562,-0.569234,-0.031763,0.569738,-0.821774,-0.009247,-0.020838,-0.025694,0.999453,1,0.00000,0.00000,60.000,-0.887,-1,375.000,-1,375.000,-1,325.000,325.000,300.000,300.000,-1,-1,-1,-1,725.000,700.000,-1,-1,2,0,2,0,2,0,0,0,0,2,2,2,2,0,0,2,2
31,-2955.656,-4260.847,-8.401,145.530,-0.823940,-0.565787,-0.031745,0.566292,-0.824152,-0.009335,-0.020881,-0.025669,0.999452,0,0.08000,0.12000,4.800,0.240,-1,375.000,-1,375.000,-1,325.000,325.000,300.000,300.000,-1,-1,-1,-1,725.000,700.000,-1,-1,2,0,2,0,2,0,0,0,0,2,2,2,2,0,0,2,2
32,-2963.615,-4255.480,-8.589,146.010,-0.828653,-0.558864,-0.031706,0.559369,-0.828864,-0.009510,-0.020966,-0.025616,0.999452,0,0.16000,0.24000,9.600,0.480,-1,375.000,-1,375.000,-1,325.000,325.000,300.000,300.000,-1,-1,-1,-1,725.000,700.000,-1,-1,2,0,2,0,2,0,0,0,0,2,2,2,2,0,0,2,2
33,-2975.655,-4247.580,-8.875,146.730,-0.835614,-0.548405,-0.031640,0.548912,-0.835823,-0.009769,-0.021088,-0.025530,0.999452,0,0.24000,0.36000,14.400,0.720,-1,375.000,-1,375.000,-1,325.000,325.000,300.000,300.000,-1,-1,-1,-1,725.000,700.000,-1,-1,2,0,2,0,2,0,0,0,0,2,2,2,2,0,0,2,2
34,-2991.882,-4237.318,-9.267,147.690,-0.844690,-0.534326,-0.031535,0.534834,-0.844897,-0.010109,-0.021242,-0.025405,0.999452,0,0.32000,0.48000,19.200,0.960,-1,375.000,-1,375.000,-1,325.000,325.000,300.000,300.000,-1,-1,-1,-1,725.000,700.000,-1,-1,2,0,2,0,2,0,0,0,0,2,2,2,2,0,0,2,2
35,-3012.384,-4224.841,-9.774,148.676,-0.853768,-0.519707,-0.031394,0.520217,-0.853969,-0.010530,-0.021337,-0.025322,0.999452,0,0.40000,0.49307,24.000,0.986,-1,375.000,-1,375.000,-1,325.000,325.000,300.000,300.000,-1,-1,-1,-1,725.000,700.000,-1,-1,2,0,2,0,2,0,0,0,0,2,2,2,2,0,0,2,2
36,-3037.240,-4210.294,-10.403,149.662,-0.862591,-0.504938,-0.031212,0.505451,-0.862785,-0.011030,-0.021360,-0.025291,0.999452,0,0.48000,0.49291,28.800,0.986,-1,375.000,-1,375.000,-1,325.000,325.000,300.000,300.000,-1,-1,-1,-1,725.000,700.000,-1,-1,2,0,2,0,2,0,0,0,0,2,2,2,2,0,0,2,2
37,-3066.527,-4193.824,-11.158,150.648,-0.871160,-0.490020,-0.030984,0.490536,-0.871344,-0.011608,-0.021310,-0.025311,0.999452,0,0.56000,0.49287,33.600,0.986,-1,375.000,-1,375.000,-1,325.000,325.000,300.000,300.000,-1,-1,-1,-1,725.000,700.000,-1,-1,2,0,2,0,2,0,0,0,0,2,2,2,2,0,0,2,2
38,-3100.316,-4175.580,-12.023,151.634,-0.879479,-0.474952,-0.030608,0.475468,-0.879648,-0.012221,-0.021120,-0.025301,0.999457,0,0.64000,0.49305,38.400,0.986,-1,375.000,-1,375.000,-1,325.000,325.000,300.000,300.000,-1,-1,-1,-1,725.000,725.000,-1,-1,2,0,2,0,2,0,0,0,0,2,2,2,2,0,0,2,2
39,-3135.758,-4157.225,-12.845,152.621,-0.887546,-0.459734,-0.030129,0.460240,-0.887707,-0.012442,-0.021026,-0.024910,0.999469,0,0.66523,0.49350,39.914,0.987,-1,375.000,-1,375.000,-1,325.000,325.000,300.000,300.000,-1,-1,-1,-1,725.000,725.000,-1,-1,2,0,2,0,2,0,0,0,0,2,2,2,2,0,0,2,2
40,-3171.288,-4139.595,-13.668,153.609,-0.895359,-0.444355,-0.029659,0.444850,-0.895517,-0.012581,-0.020969,-0.024458,0.999481,0,0.66106,0.49425,39.664,0.989,-1,375.000,-1,375.000,-1,325.000,325.000,300.000,300.000,-1,-1,-1,-1,725.000,725.000,-1,-1,2,0,2,0,2,0,0,0,0,2,2,2,2,0,0,2,2
41,-3206.900,-4122.685,-14.476,154.600,-0.902926,-0.428813,-0.029052,0.429292,-0.903077,-0.012640,-0.020816,-0.023885,0.999498,0,0.65705,0.49528,39.423,0.991,-1,375.000,-1,375.000,-1,325.000,325.000,300.000,300.000,-1,-1,-1,-1,725.000,725.000,-1,-1,2,0,2,0,2,0,0,0,0,2,2,2,2,0,0,2,2
42,-3242.591,-4106.489,-15.217,155.593,-0.910251,-0.413105,-0.028073,0.413555,-0.910394,-0.012489,-0.020398,-0.022978,0.999528,0,0.65323,0.49658,39.194,0.993,-1,375.000,-1,375.000,-1,325.000,325.000,300.000,300.000,-1,-1,-1,-1,725.000,725.000,-1,-1,2,0,2,0,2,0,0,0,0,2,2,2,2,0,0,2,2
43,-3278.360,-4091.002,-15.973,156.589,-0.917322,-0.397221,-0.027108,0.397643,-0.917458,-0.012309,-0.019981,-0.022071,0.999557,0,0.64964,0.49814,38.978,0.996,-1,375.000,-1,375.000,-1,325.000,325.000,300.000,300.000,-1,-1,-1,-1,725.000,725.000,-1,-1,2,0,2,0,2,0,0,0,0,2,2,2,2,0,0,2,2
44,-3314.210,-4076.218,-16.744,157.589,-0.924140,-0.381158,-0.026159,0.381553,-0.924268,-0.012099,-0.019566,-0.021163,0.999585,0,0.64631,0.49994,38.778,1.000,-1,375.000,-1,375.000,-1,325.000,325.000,300.000,300.000,-1,-1,-1,-1,725.000,725.000,-1,-1,2,0,2,0,2,0,0,0,0,2,2,2,2,0,0,2,2
45,-3350.143,-4062.131,-17.497,158.593,-0.930697,-0.364911,-0.025355,0.365284,-0.930820,-0.011935,-0.019245,-0.020369,0.999607,0,0.64326,0.50199,38.595,1.004,-1,375.000,-1,375.000,-1,325.000,325.000,300.000,300.000,-1,-1,-1,-1,725.000,725.000,-1,-1,2,0,2,0,2,0,0,0,0,2,2,2,2,0,0,2,2
46,-3386.164,-4048.736,-18.187,159.602,-0.936988,-0.348474,-0.024875,0.348836,-0.937108,-0.011932,-0.019153,-0.019858,0.999619,0,0.64051,0.50427,38.431,1.009,-1,375.000,-1,375.000,-1,325.000,325.000,300.000,300.000,-1,-1,-1,-1,725.000,725.000,-1,-1,2,0,2,0,2,0,0,0,0,2,2,2,2,0,0,2,2
47,-3422.279,-4036.029,-18.825,160.615,-0.943021,-0.331845,-0.024301,0.332198,-0.943131,-0.012208,-0.018868,-0.019585,0.999630,0,0.63809,0.50677,38.286,1.014,-1,375.000,-1,400.000,-1,325.000,325.000,300.000,300.000,-1,-1,-1,1000.000,725.000,725.000,-1,-1,2,0,2,0,2,0,0,0,0,2,2,2,1,0,0,2,2
48,-3463.225,-4022.621,-19.563,161.869,-0.950071,-0.311135,-0.023649,0.311479,-0.950171,-0.012508,-0.018579,-0.019250,0.999642,0,0.71809,0.62677,43.086,1.254,-1,375.000,-1,400.000,-1,325.000,325.000,300.000,300.000,-1,950.000,975.000,925.000,725.000,725.000,-1,-1,2,0,2,0,2,0,0,0,0,2,0,0,1,0,0,2,2
49,-3509.105,-4008.910,-20.414,163.362,-0.957876,-0.286266,-0.022919,0.286599,-0.957965,-0.012800,-0.018291,-0.018829,0.999655,0,0.79809,0.74677,47.886,1.494,-1,375.000,-1,400.000,-1,325.000,325.000,300.000,300.000,-1,925.000,950.000,850.000,725.000,750.000,-1,-1,2,0,2,0,2,0,0,0,0,2,0,0,1,0,0,2,2
50,-3560.018,-3995.359,-21.384,165.096,-0.966117,-0.257158,-0.022105,0.257478,-0.966196,-0.013063,-0.017999,-0.018312,0.999670,0,0.87809,0.86677,52.686,1.734,-1,375.000,-1,400.000,-1,325.000,325.000,300.000,300.000,-1,925.000,950.000,825.000,725.000,750.000,-1,-1,2,0,2,0,2,0,0,0,0,2,0,0,1,0,0,2,2
51,-3612.356,-3983.194,-22.408,166.915,-0.973810,-0.226365,-0.021261,0.226671,-0.973881,-0.013266,-0.017703,-0.017738,0.999686,0,0.89556,0.90939,53.733,1.819,-1,375.000,-1,400.000,-1,325.000,325.000,300.000,300.000,-1,925.000,925.000,800.000,725.000,750.000,-1,-1,2,0,2,0,2,0,0,0,0,2,0,0,1,0,0,2,2
52,-3665.019,-3972.713,-23.462,168.744,-0.980559,-0.195160,-0.020402,0.195451,-0.980622,-0.013400,-0.017392,-0.017127,0.999702,0,0.89493,0.91475,53.696,1.830,-1,375.000,-1,400.000,-1,325.000,325.000,300.000,300.000,-1,925.000,900.000,800.000,725.000,750.000,-1,-1,2,0,2,0,2,0,0,0,0,2,0,0,1,0,0,2,2
53,-3718.002,-3963.927,-24.544,170.585,-0.986340,-0.163558,-0.019527,0.163834,-0.986396,-0.013466,-0.017059,-0.016481,0.999719,0,0.89511,0.92049,53.706,1.841,-1,375.000,-1,400.000,-1,325.000,325.000,300.000,300.000,-1,900.000,875.000,825.000,725.000,750.000,-1,-1,2,0,2,0,2,0,0,0,0,2,0,0,1,0,0,2,2
54,-3771.298,-3956.852,-25.652,172.438,-0.991131,-0.131576,-0.018635,0.131836,-0.991180,-0.013464,-0.016699,-0.015801,0.999736,0,0.89607,0.92657,53.764,1.853,-1,375.000,-1,400.000,-1,325.000,325.000,300.000,300.000,-1,875.000,850.000,875.000,725.000,775.000,1000.000,-1,2,0,2,0,2,0,0,0,0,2,0,0,1,0,0,1,2
55,-3824.900,-3951.506,-26.734,174.304,-0.994904,-0.099233,-0.017865,0.099475,-0.994953,-0.013175,-0.016467,-0.014884,0.999754,0,0.89779,0.93299,53.867,1.866,-1,375.000,-1,400.000,-1,325.000,325.000,300.000,300.000,-1,875.000,850.000,925.000,725.000,775.000,950.000,-1,2,0,2,0,2,0,0,0,0,2,0,0,1,0,0,1,2
56,-3883.445,-3947.724,-27.926,176.304,-0.997775,-0.064450,-0.017050,0.064672,-0.997825,-0.012751,-0.016191,-0.013825,0.999773,0,0.97779,1.00000,58.667,2.000,975.000,375.000,-1,400.000,-1,325.000,325.000,300.000,300.000,-1,850.000,825.000,1000.000,725.000,775.000,925.000,-1,1,0,2,0,2,0,0,0,0,2,0,0,1,0,0,1,2
57,-3937.282,-3945.905,-28.960,178.064,-0.999294,-0.033774,-0.016442,0.033974,-0.999350,-0.012024,-0.016025,-0.012574,0.999793,0,0.89779,0.88000,53.867,1.760,950.000,375.000,-1,400.000,-1,325.000,325.000,300.000,300.000,-1,875.000,850.000,-1,725.000,775.000,875.000,-1,1,0,2,0,2,0,0,0,0,2,0,0,2,1,0,1,2
58,-3986.348,-3945.548,-29.622,179.584,-0.999845,-0.007254,-0.016012,0.007436,-0.999908,-0.011331,-0.015929,-0.011448,0.999808,0,0.81779,0.76000,49.067,1.520,925.000,375.000,-1,400.000,-1,325.000,325.000,300.000,300.000,-1,900.000,875.000,-1,675.000,775.000,850.000,-1,1,0,2,0,2,0,0,0,0,2,0,0,2,1,0,1,2
59,-4030.610,-3946.262,-30.218,180.924,-0.999749,0.016120,-0.015576,-0.015954,-0.999815,-0.010729,-0.015746,-0.010478,0.999821,0,0.73779,0.66968,44.267,1.339,900.000,375.000,-1,400.000,-1,325.000,325.000,300.000,300.000,-1,900.000,875.000,-1,650.000,775.000,800.000,-1,1,0,2,0,2,0,0,0,0,2,0,0,2,1,1,1,2
60,-4070.046,-3947.820,-30.756,182.262,-0.999105,0.039474,-0.015174,-0.039322,-0.999175,-0.010183,-0.015564,-0.009578,0.999833,0,0.65779,0.66935,39.467,1.339,875.000,375.000,-1,400.000,-1,325.000,325.000,300.000,300.000,-1,925.000,900.000,-1,650.000,750.000,775.000,-1,1,0,2,0,2,0,0,0,0,2,0,0,2,1,1,1,2
61,-4104.645,-3949.996,-31.233,183.600,-0.997917,0.062782,-0.014811,-0.062643,-0.997989,-0.009697,-0.015390,-0.008749,0.999843,0,0.57779,0.66863,34.667,1.337,850.000,375.000,-1,400.000,-1,325.000,325.000,300.000,300.000,-1,925.000,900.000,-1,625.000,725.000,750.000,-1,1,0,2,0,2,0,0,0,0,2,0,0,2,1,1,1,2
62,-4134.402,-3952.565,-31.646,184.935,-0.996188,0.086018,-0.014489,-0.085890,-0.996262,-0.009272,-0.015232,-0.007992,0.999852,0,0.49779,0.66754,29.867,1.335,850.000,375.000,-1,400.000,-1,325.000,325.000,300.000,300.000,-1,950.000,925.000,-1,600.000,700.000,750.000,-1,1,0,2,0,2,0,0,0,0,2,0,0,2,1,1,1,2
63,-4159.319,-3955.302,-31.993,186.267,-0.993923,0.109158,-0.014212,-0.109039,-0.993997,-0.008913,-0.015100,-0.007310,0.999859,0,0.41779,0.66612,25.067,1.332,825.000,375.000,950.000,400.000,-1,325.000,325.000,300.000,300.000,-1,950.000,925.000,-1,600.000,675.000,725.000,-1,1,0,1,0,2,0,0,0,0,2,0,0,2,1,1,1,2
64,-4179.409,-3957.981,-32.255,187.596,-0.991128,0.132180,-0.013933,-0.132071,-0.991204,-0.008539,-0.014939,-0.006623,0.999866,0,0.33779,0.66441,20.267,1.329,825.000,375.000,925.000,400.000,-1,325.000,325.000,300.000,300.000,-1,950.000,925.000,-1,575.000,650.000,725.000,-1,1,0,1,0,2,0,0,0,0,2,0,0,2,1,1,1,2
65,-4194.689,-3960.379,-32.436,188.921,-0.987810,0.155064,-0.013671,-0.154963,-0.987887,-0.008169,-0.014772,-0.005951,0.999873,0,0.25779,0.66244,15.467,1.325,850.000,375.000,875.000,400.000,-1,325.000,325.000,300.000,300.000,-1,950.000,900.000,-1,575.000,650.000,725.000,-1,1,0,1,0,2,0,0,0,0,2,0,0,2,1,1,1,2
66,-4205.187,-3962.275,-32.552,190.241,-0.983976,0.177790,-0.013478,-0.177696,-0.984054,-0.007882,-0.014664,-0.005361,0.999878,0,0.17779,0.66027,10.667,1.321,850.000,375.000,850.000,400.000,-1,325.000,325.000,300.000,300.000,-1,925.000,875.000,-1,575.000,625.000,725.000,-1,1,0,1,0,2,0,0,0,0,2,0,0,2,1,1,1,2
67,-4210.935,-3963.451,-32.602,191.557,-0.979635,0.200342,-0.013356,-0.200254,-0.979714,-0.007683,-0.014624,-0.004852,0.999881,0,0.09779,0.65796,5.867,1.316,875.000,375.000,825.000,400.000,-1,325.000,325.000,300.000,300.000,-1,900.000,875.000,-1,575.000,600.000,725.000,-1,1,0,1,0,2,0,0,0,0,2,0,0,2,1,1,1,2
68,-4211.976,-3963.689,-32.588,192.868,-0.974795,0.222707,-0.013307,-0.222622,-0.974875,-0.007578,-0.014660,-0.004424,0.999883,0,0.01779,0.65555,1.067,1.311,900.000,375.000,825.000,400.000,-1,325.000,325.000,300.000,300.000,-1,900.000,850.000,-1,600.000,600.000,750.000,-1,1,0,1,0,2,0,0,0,0,2,0,0,2,1,1,1,2
69,-4208.668,-3962.853,-32.513,194.174,-0.969464,0.244873,-0.013328,-0.244790,-0.969547,-0.007565,-0.014775,-0.004071,0.999883,0,-0.05686,0.65312,-3.412,1.306,925.000,375.000,825.000,400.000,-1,325.000,325.000,300.000,300.000,-1,875.000,850.000,-1,600.000,600.000,775.000,-1,1,0,1,0,2,0,0,0,0,2,0,0,2,1,1,1,2
70,-4205.352,-3961.935,-32.438,195.476,-0.963651,0.266831,-0.013355,-0.266750,-0.963736,-0.007556,-0.014887,-0.003719,0.999882,0,-0.05735,0.65072,-3.441,1.301,975.000,375.000,800.000,400.000,-1,325.000,325.000,300.000,300.000,-1,875.000,825.000,-1,600.000,600.000,800.000,1000.000,1,0,1,0,2,0,0,0,0,2,0,0,2,1,1,1,1
71,-4202.025,-3960.932,-32.364,196.773,-0.957365,0.288572,-0.013388,-0.288493,-0.957452,-0.007552,-0.014997,-0.003368,0.999882,0,-0.05791,0.64835,-3.474,1.297,1000.000,375.000,825.000,400.000,-1,325.000,325.000,300.000,300.000,-1,875.000,800.000,-1,625.000,575.000,825.000,900.000,1,0,1,0,2,0,0,0,0,2,0,0,2,1,1,1,1
72,-4198.688,-3959.844,-32.291,198.065,-0.950613,0.310088,-0.013425,-0.310011,-0.950703,-0.007553,-0.015106,-0.003018,0.999881,0,-0.05851,0.64602,-3.511,1.292,-1,375.000,850.000,400.000,-1,325.000,325.000,300.000,300.000,-1,850.000,775.000,-1,625.000,575.000,850.000,850.000,2,0,1,0,2,0,0,0,0,2,0,0,2,1,1,1,1
73,-4195.338,-3958.667,-32.219,199.352,-0.943405,0.331371,-0.013468,-0.331295,-0.943497,-0.007559,-0.015212,-0.002670,0.999881,0,-0.05917,0.64372,-3.550,1.287,-1,375.000,850.000,400.000,-1,325.000,325.000,300.000,300.000,-1,850.000,750.000,-1,650.000,575.000,875.000,825.000,2,0,1,0,2,0,0,0,0,2,0,0,2,1,1,1,1
74,-4191.976,-3957.401,-32.147,200.635,-0.935747,0.352412,-0.013515,-0.352339,-0.935842,-0.007571,-0.015316,-0.002323,0.999880,0,-0.05988,0.64146,-3.593,1.283,-1,375.000,875.000,400.000,-1,325.000,325.000,300.000,300.000,-1,850.000,725.000,-1,650.000,575.000,900.000,775.000,2,0,1,0,2,0,0,0,0,2,0,0,2,1,1,1,1
75,-4188.600,-3956.043,-32.076,201.913,-0.927650,0.373205,-0.013567,-0.373133,-0.927747,-0.007589,-0.015419,-0.001978,0.999879,0,-0.06064,0.63923,-3.638,1.278,-1,375.000,875.000,400.000,-1,325.000,325.000,300.000,300.000,-1,825.000,700.000,-1,675.000,575.000,925.000,750.000,2,0,1,0,2,0,0,0,0,2,0,0,2,1,1,1,1
76,-4185.211,-3954.592,-31.983,203.188,-0.919120,0.393742,-0.013651,-0.393670,-0.919220,-0.007715,-0.015586,-0.001717,0.999877,0,-0.06145,0.63704,-3.687,1.274,-1,375.000,900.000,400.000,-1,325.000,325.000,300.000,300.000,-1,800.000,675.000,-1,675.000,575.000,950.000,725.000,2,0,1,0,2,0,0,0,0,2,0,0,2,1,1,1,1
77,-4181.808,-3953.044,-31.883,204.457,-0.910166,0.414015,-0.013744,-0.413942,-0.910269,-0.007887,-0.015776,-0.001489,0.999874,0,-0.06230,0.63489,-3.738,1.270,-1,375.000,925.000,400.000,-1,325.000,325.000,300.000,300.000,-1,800.000,675.000,-1,700.000,575.000,975.000,725.000,2,0,1,0,2,0,0,0,0,2,0,0,2,1,1,1,1
78,-4178.392,-3951.398,-31.784,205.723,-0.900798,0.434018,-0.013835,-0.433945,-0.900903,-0.008065,-0.015964,-0.001261,0.999872,0,-0.06320,0.63277,-3.792,1.266,-1,375.000,950.000,375.000,-1,325.000,325.000,300.000,300.000,-1,775.000,650.000,-1,700.000,575.000,1000.000,700.000,2,0,1,0,2,0,0,0,0,2,0,0,2,1,1,1,1
79,-4174.962,-3949.652,-31.686,206.984,-0.891023,0.453745,-0.013921,-0.453671,-0.891131,-0.008248,-0.016148,-0.001034,0.999869,0,-0.06415,0.63069,-3.849,1.261,-1,375.000,950.000,375.000,-1,325.000,325.000,300.000,300.000,-1,750.000,625.000,-1,700.000,575.000,-1,700.000,2,0,1,0,2,0,0,0,0,2,0,0,2,0,1,2,1
80,-4171.519,-3947.802,-31.589,208.242,-0.880849,0.473189,-0.014005,-0.473115,-0.880960,-0.008438,-0.016330,-0.000807,0.999866,0,-0.06513,0.62864,-3.908,1.257,-1,375.000,975.000,375.000,925.000,325.000,325.000,300.000,300.000,-1,725.000,625.000,-1,700.000,575.000,-1,675.000,2,0,1,0,1,0,0,0,0,2,0,0,2,0,1,2,1
81,-4168.064,-3945.848,-31.494,209.495,-0.870286,0.492344,-0.014085,-0.492269,-0.870400,-0.008633,-0.016510,-0.000580,0.999864,0,-0.06616,0.62663,-3.970,1.253,-1,375.000,1000.000,375.000,850.000,325.000,325.000,300.000,300.000,-1,725.000,600.000,-1,700.000,575.000,-1,675.000,2,0,1,0,1,0,0,0,0,2,0,0,2,0,1,2,1
82,-4164.597,-3943.786,-31.400,210.744,-0.859342,0.511205,-0.014161,-0.511128,-0.859459,-0.008835,-0.016687,-0.000354,0.999861,0,-0.06723,0.62466,-4.034,1.249,-1,375.000,-1,375.000,825.000,300.000,325.000,300.000,300.000,-1,700.000,600.000,-1,700.000,575.000,-1,675.000,2,0,2,0,1,0,0,0,0,2,0,0,2,0,1,2,1
83,-4161.120,-3941.614,-31.307,211.990,-0.848025,0.529765,-0.014233,-0.529687,-0.848145,-0.009043,-0.016862,-0.000130,0.999858,0,-0.06833,0.62272,-4.100,1.245,-1,375.000,-1,375.000,775.000,300.000,325.000,300.000,300.000,-1,675.000,600.000,-1,675.000,575.000,-1,675.000,2,0,2,0,1,0,0,0,0,2,0,0,2,0,1,2,1
84,-4157.634,-3939.330,-31.216,213.231,-0.836344,0.548018,-0.014300,-0.547940,-0.836466,-0.009257,-0.017035,0.000093,0.999855,0,-0.06946,0.62082,-4.168,1.242,-1,375.000,-1,375.000,750.000,300.000,325.000,300.000,300.000,-1,675.000,575.000,-1,675.000,575.000,-1,650.000,2,0,2,0,1,0,0,0,0,2,0,0,2,0,1,2,1
85,-4154.140,-3936.932,-31.126,214.469,-0.824307,0.565961,-0.014363,-0.565882,-0.824432,-0.009478,-0.017206,0.000315,0.999852,0,-0.07063,0.61895,-4.238,1.238,-1,375.000,-1,375.000,750.000,300.000,325.000,300.000,300.000,-1,650.000,575.000,-1,675.000,575.000,-1,650.000,2,0,2,0,1,0,0,0,0,2,0,0,2,0,1,2,1
86,-4150.641,-3934.416,-31.027,215.703,-0.811922,0.583588,-0.014419,-0.583509,-0.812050,-0.009649,-0.017340,0.000579,0.999849,0,-0.07183,0.61712,-4.310,1.234,-1,375.000,-1,375.000,725.000,300.000,325.000,300.000,300.000,-1,650.000,550.000,-1,675.000,575.000,-1,650.000,2,0,2,0,1,0,0,0,0,2,0,0,2,0,1,2,1
87,-4151.034,-3934.709,-31.013,216.698,-0.801672,0.597591,-0.014398,-0.597514,-0.801801,-0.009601,-0.017282,0.000906,0.999850,0,0.00817,0.49712,0.490,0.994,-1,375.000,-1,375.000,700.000,300.000,325.000,300.000,300.000,-1,625.000,550.000,-1,675.000,575.000,-1,650.000,2,0,2,0,1,0,0,0,0,2,0,0,2,0,1,2,1
88,-4155.233,-3937.926,-31.092,217.452,-0.793737,0.608093,-0.014307,-0.608022,-0.793865,-0.009377,-0.017060,0.001256,0.999854,0,0.08817,0.37712,5.290,0.754,-1,375.000,-1,375.000,700.000,300.000,325.000,300.000,300.000,-1,625.000,550.000,-1,675.000,575.000,-1,650.000,2,0,2,0,1,0,0,0,0,2,0,0,2,0,1,2,1
89,-4163.188,-3944.134,-31.262,217.966,-0.788249,0.615194,-0.014149,-0.615130,-0.788374,-0.008974,-0.016675,0.001629,0.999860,0,0.16817,0.25712,10.090,0.514,-1,375.000,-1,375.000,675.000,300.000,325.000,300.000,300.000,-1,625.000,525.000,-1,675.000,575.000,-1,650.000,2,0,2,0,1,0,0,0,0,2,0,0,2,0,1,2,1
90,-4174.883,-3953.350,-31.519,218.240,-0.785300,0.618959,-0.013921,-0.618906,-0.785420,-0.008393,-0.016129,0.002025,0.999868,0,0.24817,0.13712,14.890,0.274,-1,375.000,-1,375.000,650.000,300.000,325.000,300.000,300.000,-1,600.000,525.000,-1,675.000,575.000,-1,625.000,2,0,2,0,1,0,0,0,0,2,0,0,2,0,1,2,1
91,-4190.341,-3965.547,-31.838,218.275,-0.784935,0.619428,-0.013620,-0.619388,-0.785049,-0.007522,-0.015352,0.002532,0.999879,0,0.32817,0.01712,19.690,0.034,-1,375.000,-1,375.000,625.000,300.000,325.000,300.000,300.000,-1,600.000,525.000,-1,700.000,575.000,-1,600.000,2,0,2,0,1,0,0,0,0,2,0,0,2,0,1,2,1
92,-4209.621,-3980.648,-32.230,218.069,-0.787162,0.616604,-0.013236,-0.616578,-0.787268,-0.006443,-0.014393,0.003090,0.999892,0,0.40817,-0.10288,24.490,-0.206,-1,375.000,-1,375.000,600.000,300.000,325.000,300.000,300.000,-1,600.000,525.000,-1,700.000,550.000,-1,575.000,2,0,2,0,1,0,0,0,0,2,0,0,2,0,1,2,1
93,-4232.821,-3998.528,-32.684,217.623,-0.791945,0.610459,-0.012759,-0.610448,-0.792039,-0.005211,-0.013287,0.003662,0.999905,0,0.48817,-0.22288,29.290,-0.446,-1,375.000,-1,375.000,575.000,300.000,325.000,300.000,300.000,-1,600.000,525.000,-1,700.000,525.000,-1,550.000,2,0,2,0,1,0,0,0,0,2,0,0,2,0,1,2,1
94,-4260.069,-4019.014,-33.102,216.937,-0.799205,0.600935,-0.012189,-0.600933,-0.799288,-0.004289,-0.012319,0.003897,0.999917,0,0.56817,-0.34288,34.090,-0.686,-1,375.000,-1,375.000,550.000,325.000,325.000,300.000,300.000,-1,625.000,525.000,-1,700.000,525.000,-1,525.000,2,0,2,0,1,0,0,0,0,2,0,0,2,0,1,2,1
95,-4291.527,-4041.880,-33.569,216.011,-0.808821,0.587942,-0.011512,-0.587948,-0.808892,-0.003281,-0.011241,0.004115,0.999928,0,0.64817,-0.46288,38.890,-0.926,-1,375.000,-1,375.000,525.000,325.000,325.000,300.000,300.000,-1,625.000,550.000,-1,700.000,500.000,-1,500.000,2,0,2,1,1,0,0,0,0,2,0,0,2,0,1,2,1
96,-4327.383,-4066.843,-34.082,214.846,-0.820627,0.571363,-0.010723,-0.571375,-0.820686,-0.002209,-0.010063,0.004314,0.999940,0,0.72817,-0.58288,43.690,-1.166,-1,375.000,950.000,350.000,500.000,325.000,325.000,300.000,300.000,-1,650.000,575.000,-1,675.000,475.000,-1,450.000,2,0,1,1,1,0,0,0,0,2,0,0,2,1,1,2,1
97,-4367.846,-4093.564,-34.638,213.440,-0.834410,0.551057,-0.009817,-0.551075,-0.834455,-0.001097,-0.008796,0.004494,0.999951,0,0.80817,-0.70288,48.490,-1.406,-1,375.000,875.000,325.000,450.000,325.000,325.000,300.000,300.000,-1,675.000,575.000,-1,650.000,425.000,-1,425.000,2,0,1,1,1,0,1,0,0,2,0,0,2,1,1,2,1
98,-4410.513,-4120.012,-35.195,211.794,-0.849903,0.526864,-0.008847,-0.526884,-0.849937,-0.000070,-0.007556,0.004602,0.999961,0,0.83665,-0.82288,50.199,-1.646,-1,375.000,800.000,300.000,400.000,325.000,300.000,300.000,300.000,-1,650.000,600.000,-1,600.000,400.000,925.000,375.000,2,0,1,1,1,0,1,0,0,2,0,0,2,1,1,1,1
99,-4454.301,-4145.299,-35.702,210.005,-0.865948,0.500073,-0.007877,-0.500093,-0.865972,0.000670,-0.006486,0.004520,0.999969,0,0.84274,-0.89453,50.564,-1.789,-1,375.000,725.000,300.000,375.000,300.000,275.000,300.000,300.000,-1,675.000,625.000,-1,550.000,375.000,800.000,350.000,2,1,1,1,1,1,1,0,0,2,0,0,2,1,1,1,1
100,-4499.191,-4169.384,-36.197,208.215,-0.881158,0.472772,-0.006913,-0.472791,-0.881174,0.001310,-0.005472,0.004423,0.999975,0,0.84906,-0.89524,50.944,-1.790,-1,350.000,675.000,275.000,325.000,275.000,250.000,300.000,300.000,-1,675.000,625.000,-1,500.000,350.000,700.000,300.000,2,1,1,1,1,1,1,0,0,2,0,0,2,1,1,1,1
101,-4545.159,-4192.225,-34.848,206.423,-0.895533,0.444994,0.000808,-0.444994,-0.895532,-0.001301,0.000144,-0.001525,0.999999,0,0.85549,-0.89585,51.330,-1.792,-1,325.000,625.000,250.000,325.000,275.000,225.000,300.000,325.000,-1,525.000,525.000,-1,475.000,325.000,625.000,275.000,2,1,1,1,1,1,1,0,0,2,0,0,2,1,1,1,1
102,-4592.174,-4213.781,-32.130,204.630,-0.908926,0.416728,0.013824,-0.416848,-0.908948,-0.007215,0.009559,-0.012320,0.999878,0,0.86202,-0.89638,51.721,-1.793,850.000,300.000,600.000,225.000,325.000,250.000,225.000,300.000,350.000,-1,375.000,400.000,-1,425.000,300.000,575.000,275.000,1,1,1,1,1,1,1,0,0,2,0,0,2,1,1,1,1
103,-4640.207,-4234.010,-29.273,202.837,-0.921266,0.387995,0.026989,-0.388452,-0.921358,-0.014294,0.019320,-0.023653,0.999534,0,0.86864,-0.89683,52.118,-1.794,700.000,275.000,575.000,225.000,350.000,225.000,200.000,275.000,375.000,-1,275.000,350.000,-1,400.000,300.000,500.000,275.000,1,1,1,1,1,1,1,0,0,2,0,0,2,1,1,1,1
104,-4689.225,-4252.870,-26.256,201.042,-0.932548,0.358831,0.039929,-0.359862,-0.932737,-0.022400,0.029206,-0.035258,0.998951,0,0.87534,-0.89722,52.520,-1.794,575.000,275.000,550.000,225.000,375.000,225.000,200.000,275.000,425.000,-1,225.000,300.000,-1,375.000,300.000,425.000,275.000,1,1,1,1,1,1,1,0,1,2,0,0,2,1,1,1,1
105,-4739.195,-4270.317,-20.596,199.247,-0.942466,0.329419,0.056927,-0.330914,-0.943471,-0.018939,0.047470,-0.036687,0.998199,0,0.88212,-0.89757,52.927,-1.795,650.000,275.000,575.000,225.000,475.000,225.000,200.000,300.000,450.000,950.000,175.000,250.000,-1,375.000,300.000,450.000,275.000,1,1,1,1,1,1,1,0,1,0,0,0,2,1,1,1,1
106,4263.518,-2295.800,88.629,132.603,-0.674819,-0.733154,-0.084288,0.737455,-0.674244,-0.039427,-0.027925,-0.088765,0.995661,1,0.00000,0.00000,53.337,-1.796,-1,400.000,-1,400.000,-1,325.000,325.000,100.000,300.000,-1,550.000,675.000,-1,725.000,775.000,-1,-1,2,0,2,0,2,0,0,1,0,2,1,1,2,0,0,2,2
107,4260.266,-2292.269,88.500,132.646,-0.675364,-0.732647,-0.084330,0.736951,-0.674798,-0.039386,-0.028050,-0.088747,0.995659,0,0.08000,0.02160,4.800,0.043,-1,400.000,-1,400.000,-1,325.000,325.000,100.000,300.000,-1,575.000,675.000,-1,725.000,775.000,-1,-1,2,0,2,0,2,0,0,1,0,2,1,1,2,0,0,2,2
108,4253.757,-2285.213,88.243,132.689,-0.675903,-0.732141,-0.084410,0.736450,-0.675349,-0.039302,-0.028232,-0.088728,0.995656,0,0.16000,0.02152,9.600,0.043,-1,400.000,-1,400.000,-1,325.000,325.000,100.000,300.000,-1,575.000,700.000,-1,725.000,775.000,-1,-1,2,0,2,0,2,0,0,1,0,2,1,1,2,0,0,2,2
109,4243.986,-2274.635,87.938,132.732,-0.676415,-0.731661,-0.084466,0.735960,-0.675915,-0.038760,-0.028732,-0.088382,0.995672,0,0.24000,0.02131,14.400,0.043,-1,400.000,-1,400.000,-1,325.000,325.000,100.000,300.000,-1,600.000,700.000,-1,725.000,775.000,-1,-1,2,0,2,0,2,0,0,1,0,2,1,1,2,0,0,2,2
110,4230.951,-2260.538,88.829,132.774,-0.676676,-0.731523,-0.083563,0.735516,-0.676778,-0.031433,-0.033559,-0.082732,0.996007,0,0.32000,0.02093,19.200,0.042,-1,400.000,-1,375.000,-1,325.000,325.000,100.000,300.000,-1,650.000,750.000,-1,700.000,750.000,-1,-1,2,0,2,0,2,0,0,1,0,2,1,1,2,0,0,2,2
111,4214.644,-2242.928,89.803,132.814,-0.676908,-0.731425,-0.082541,0.735027,-0.677649,-0.022973,-0.039131,-0.076221,0.996323,0,0.40000,0.02027,24.000,0.041,-1,400.000,-1,375.000,-1,325.000,300.000,125.000,300.000,-1,700.000,800.000,-1,700.000,700.000,-1,-1,2,0,2,0,2,0,0,1,0,2,1,1,2,0,0,2,2
112,4195.060,-2221.810,90.746,132.853,-0.677132,-0.731346,-0.081399,0.734480,-0.678488,-0.013882,-0.045075,-0.069186,0.996585,0,0.48000,0.01923,28.800,0.038,-1,400.000,-1,375.000,-1,325.000,300.000,125.000,300.000,-1,750.000,875.000,-1,675.000,675.000,-1,-1,2,0,2,0,2,0,0,1,0,2,1,1,2,0,0,2,2
113,4172.197,-2197.187,91.505,132.888,-0.677367,-0.731274,-0.080075,0.733882,-0.679261,-0.004763,-0.050909,-0.061992,0.996777,0,0.56000,0.01765,33.600,0.035,-1,375.000,-1,350.000,975.000,300.000,300.000,150.000,275.000,-1,825.000,925.000,-1,675.000,650.000,-1,-1,2,0,2,0,1,0,0,1,0,2,1,1,2,0,0,2,2
114,4146.051,-2169.062,91.984,132.919,-0.677593,-0.731196,-0.078866,0.733279,-0.679918,0.003648,-0.056290,-0.055359,0.996879,0,0.64000,0.01535,38.400,0.031,-1,375.000,-1,350.000,925.000,300.000,300.000,175.000,275.000,375.000,875.000,1000.000,-1,675.000,625.000,-1,-1,2,0,2,0,1,0,0,1,0,1,1,1,2,0,0,2,2
115,4116.623,-2137.436,92.024,132.943,-0.677791,-0.731117,-0.077889,0.732745,-0.680422,0.010520,-0.060688,-0.049943,0.996907,0,0.72000,0.01212,43.200,0.024,-1,375.000,-1,350.000,875.000,300.000,300.000,200.000,275.000,325.000,950.000,-1,-1,650.000,600.000,-1,-1,2,0,2,0,1,0,0,1,0,1,1,2,2,0,0,2,2
116,4083.913,-2102.305,91.446,132.959,-0.677928,-0.731055,-0.077277,0.732380,-0.680733,0.014911,-0.063506,-0.046488,0.996898,0,0.80000,0.00775,48.000,0.016,-1,375.000,-1,350.000,825.000,300.000,300.000,225.000,275.000,275.000,-1,-1,-1,650.000,600.000,-1,975.000,2,0,2,0,1,0,0,1,0,1,2,2,2,0,0,2,1
117,4049.849,-2065.727,90.144,132.963,-0.677966,-0.731031,-0.077170,0.732292,-0.680807,0.015830,-0.064110,-0.045778,0.996892,0,0.83306,0.00200,49.983,0.004,-1,375.000,-1,350.000,800.000,300.000,300.000,250.000,275.000,275.000,-1,-1,-1,650.000,600.000,-1,1000.000,2,0,2,0,1,0,0,1,0,1,2,2,2,0,0,2,0
118,4016.408,-2029.808,88.231,132.953,-0.677911,-0.731091,-0.077092,0.732511,-0.680626,0.013268,-0.062171,-0.047476,0.996936,0,0.81794,-0.00495,49.076,-0.010,-1,375.000,-1,350.000,775.000,300.000,300.000,275.000,275.000,250.000,-1,-1,-1,650.000,600.000,-1,-1,2,0,2,0,1,0,0,1,0,1,2,2,2,0,0,2,2
119,3983.530,-1994.464,85.830,132.927,-0.677791,-0.731265,-0.076487,0.733004,-0.680184,0.007462,-0.057482,-0.051008,0.997043,0,0.80454,-0.01269,48.272,-0.025,-1,375.000,-1,350.000,800.000,300.000,300.000,300.000,275.000,250.000,-1,-1,-1,650.000,600.000,-1,-1,2,0,2,0,1,0,0,1,0,1,2,2,2,0,0,2,2
120,3951.156,-1959.613,82.803,132.885,-0.677522,-0.731517,-0.076466,0.733755,-0.679412,-0.001746,-0.050675,-0.057290,0.997071,0,0.79281,-0.02115,47.569,-0.042,-1,375.000,-1,350.000,850.000,300.000,300.000,325.000,275.000,225.000,-1,-1,-1,650.000,625.000,-1,-1,2,0,2,0,1,0,0,1,0,1,2,2,2,0,0,2,2
121,3919.229,-1925.175,79.166,132.824,-0.677122,-0.731829,-0.077022,0.734682,-0.678262,-0.014248,-0.041814,-0.066235,0.996928,0,0.78270,-0.03027,46.962,-0.061,-1,375.000,-1,375.000,-1,300.000,300.000,350.000,300.000,225.000,-1,-1,-1,675.000,675.000,-1,-1,2,0,2,0,2,0,0,1,0,1,2,2,2,0,0,2,2
122,3887.698,-1891.072,74.933,132.745,-0.676630,-0.732163,-0.078165,0.735672,-0.676675,-0.029963,-0.030954,-0.077778,0.996490,0,0.77412,-0.03998,46.447,-0.080,-1,375.000,-1,400.000,-1,300.000,325.000,325.000,300.000,225.000,-1,-1,-1,675.000,725.000,-1,-1,2,0,2,0,2,0,0,0,0,1,2,2,2,0,0,2,2
123,3856.520,-1857.224,72.395,132.644,-0.675665,-0.733065,-0.078054,0.736767,-0.675128,-0.037094,-0.025504,-0.082570,0.996259,0,0.76699,-0.05026,46.020,-0.101,-1,375.000,-1,400.000,-1,325.000,325.000,300.000,300.000,250.000,-1,-1,-1,700.000,750.000,-1,-1,2,0,2,0,2,0,0,0,0,1,2,2,2,0,0,2,2
124,3825.650,-1823.560,71.253,132.522,-0.674190,-0.734558,-0.076756,0.738152,-0.673616,-0.037061,-0.024481,-0.081644,0.996361,0,0.76124,-0.06105,45.675,-0.122,-1,375.000,-1,400.000,-1,325.000,325.000,300.000,300.000,275.000,-1,-1,-1,700.000,750.000,-1,-1,2,0,2,0,2,0,0,0,0,1,2,2,2,0,0,2,2
125,3795.046,-1790.016,70.134,132.377,-0.672419,-0.736307,-0.075528,0.739800,-0.671805,-0.037070,-0.023445,-0.080802,0.996454,0,0.75679,-0.07233,45.407,-0.145,-1,375.000,-1,400.000,-1,325.000,325.000,300.000,300.000,300.000,-1,-1,-1,700.000,750.000,-1,-1,2,0,2,0,2,0,0,0,0,1,2,2,2,0,0,2,2
126,3764.671,-1756.526,69.036,132.209,-0.670337,-0.738321,-0.074367,0.741719,-0.669683,-0.037120,-0.022396,-0.080042,0.996540,0,0.75355,-0.08408,45.213,-0.168,-1,375.000,-1,400.000,-1,325.000,325.000,300.000,300.000,325.000,-1,-1,-1,700.000,775.000,-1,-1,2,0,2,0,2,0,0,0,0,1,2,2,2,0,0,2,2
127,3734.493,-1723.028,67.959,132.017,-0.667931,-0.740608,-0.073272,0.743918,-0.667234,-0.037213,-0.021330,-0.079364,0.996618,0,0.75145,-0.09627,45.087,-0.193,-1,375.000,-1,400.000,-1,325.000,325.000,300.000,300.000,350.000,-1,-1,-1,700.000,775.000,-1,-1,2,0,2,0,2,0,0,0,0,1,2,2,2,0,0,2,2
128,3704.483,-1689.461,66.903,131.799,-0.665187,-0.743174,-0.072244,0.746403,-0.664446,-0.037347,-0.020247,-0.078766,0.996688,0,0.75044,-0.10889,45.026,-0.218,-1,375.000,-1,400.000,-1,325.000,325.000,300.000,300.000,375.000,-1,-1,-1,700.000,775.000,-1,-1,2,0,2,0,2,0,0,0,0,1,2,2,2,0,0,2,2
129,3674.615,-1655.765,65.872,131.555,-0.662091,-0.746027,-0.071267,0.749179,-0.661304,-0.037523,-0.019136,-0.078236,0.996751,0,0.75045,-0.12194,45.027,-0.244,-1,375.000,-1,400.000,-1,325.000,325.000,300.000,300.000,400.000,550.000,-1,-1,700.000,775.000,-1,-1,2,0,2,0,2,0,0,0,0,1,1,2,2,0,0,2,2
130,3644.869,-1621.886,64.866,131.284,-0.658632,-0.749171,-0.070332,0.752250,-0.657795,-0.037740,-0.017990,-0.077764,0.996809,0,0.75142,-0.13539,45.085,-0.271,-1,375.000,-1,400.000,-1,325.000,325.000,300.000,300.000,450.000,575.000,-1,-1,675.000,775.000,-1,-1,2,0,2,0,2,0,0,0,0,1,1,2,2,0,0,2,2
131,3615.224,-1587.766,63.992,130.986,-0.654809,-0.752590,-0.069525,0.755614,-0.653885,-0.038486,-0.016497,-0.077736,0.996838,0,0.75331,-0.14925,45.199,-0.299,-1,375.000,-1,400.000,-1,325.000,325.000,300.000,300.000,475.000,600.000,-1,-1,675.000,775.000,-1,-1,2,0,2,0,2,0,0,0,0,1,1,2,2,0,0,2,2
132,3585.667,-1553.351,63.325,130.659,-0.650568,-0.756343,-0.068598,0.759292,-0.649608,-0.038550,-0.015405,-0.077166,0.996899,0,0.75608,-0.16351,45.365,-0.327,-1,375.000,-1,400.000,-1,325.000,325.000,300.000,300.000,500.000,625.000,925.000,-1,675.000,775.000,-1,-1,2,0,2,0,2,0,0,0,0,1,1,0,2,0,0,2,2
