timestep,x_cm,y_cm,z_cm,yaw_deg,basis_xx,basis_xy,basis_xz,basis_yx,basis_yy,basis_yz,basis_zx,basis_zy,basis_zz,teleport_flag,throttle_cmd,steering_cmd,cmd_move_cm,cmd_turn_deg,lidar_cm_0,lidar_cm_1,lidar_cm_2,lidar_cm_3,lidar_cm_4,lidar_cm_5,lidar_cm_6,lidar_cm_7,lidar_cm_8,lidar_cm_9,lidar_cm_10,lidar_cm_11,lidar_cm_12,lidar_cm_13,lidar_cm_14,lidar_cm_15,lidar_cm_16,lidar_class_0,lidar_class_1,lidar_class_2,lidar_class_3,lidar_class_4,lidar_class_5,lidar_class_6,lidar_class_7,lidar_class_8,lidar_class_9,lidar_class_10,lidar_class_11,lidar_class_12,lidar_class_13,lidar_class_14,lidar_class_15,lidar_class_16
0,-3607.098,-9515.789,-88.218,-83.673,0.110648,0.993798,-0.011093,-0.993283,0.110196,-0.035291,-0.033849,0.014923,0.999316,1,0.08000,-0.12000,4.800,-0.240,-1,375.000,-1,375.000,-1,325.000,325.000,300.000,300.000,-1,-1,-1,-1,725.000,700.000,-1,-1,2,0,2,0,2,0,0,0,0,2,2,2,2,0,0,2,2
1,-3606.120,-9525.339,-88.541,-84.153,0.102311,0.994691,-0.011099,-0.994180,0.101867,-0.035065,-0.033748,0.014622,0.999323,0,0.16000,-0.24000,9.600,-0.480,-1,375.000,-1,375.000,-1,325.000,325.000,300.000,300.000,-1,-1,-1,-1,700.000,700.000,-1,-1,2,0,2,0,2,0,0,0,0,2,2,2,2,0,0,2,2
2,-3604.833,-9539.682,-89.029,-84.873,0.089793,0.995899,-0.011099,-0.995394,0.089361,-0.034724,-0.033590,0.014166,0.999335,0,0.24000,-0.36000,14.400,-0.720,-1,375.000,-1,375.000,-1,325.000,325.000,300.000,300.000,-1,-1,-1,-1,700.000,700.000,-1,-1,2,0,2,0,2,0,0,0,0,2,2,2,2,0,0,2,2
3,-3603.438,-9558.831,-89.686,-85.833,0.073080,0.997265,-0.011082,-0.996768,0.072663,-0.034264,-0.033365,0.013550,0.999351,0,0.32000,-0.48000,19.200,-0.960,-1,375.000,-1,375.000,-1,325.000,325.000,300.000,300.000,-1,-1,-1,-1,700.000,700.000,-1,-1,2,0,2,0,2,0,0,0,0,2,2,2,2,0,0,2,2
4,-3602.188,-9582.798,-90.515,-87.014,0.052488,0.998561,-0.011033,-0.998074,0.052090,-0.033683,-0.033060,0.012780,0.999372,0,0.40000,-0.59060,24.000,-1.181,-1,375.000,-1,375.000,-1,325.000,325.000,300.000,300.000,-1,-1,-1,-1,700.000,700.000,-1,-1,2,0,2,0,2,0,0,0,0,2,2,2,2,0,0,2,2
5,-3601.280,-9611.584,-91.522,-88.194,0.031884,0.999432,-0.010943,-0.998959,0.031508,-0.032984,-0.032620,0.011983,0.999396,0,0.48000,-0.59023,28.800,-1.180,-1,375.000,-1,375.000,-1,325.000,325.000,300.000,300.000,-1,950.000,-1,-1,700.000,725.000,-1,-1,2,0,2,0,2,0,0,0,0,2,0,2,2,0,0,2,2
6,-3600.913,-9645.182,-92.707,-89.374,0.011280,0.999878,-0.010801,-0.999423,0.010927,-0.032166,-0.032044,0.011158,0.999424,0,0.56000,-0.58978,33.600,-1.180,-1,375.000,-1,375.000,-1,325.000,325.000,300.000,300.000,-1,875.000,950.000,-1,700.000,725.000,-1,-1,2,0,2,0,2,0,0,0,0,2,0,0,2,0,0,2,2
7,-3601.283,-9683.580,-94.072,-90.552,-0.009312,0.999900,-0.010601,-0.999466,-0.009639,-0.031232,-0.031331,0.010305,0.999456,0,0.64000,-0.58923,38.400,-1.178,-1,375.000,-1,375.000,-1,325.000,325.000,300.000,300.000,-1,825.000,900.000,-1,700.000,725.000,-1,-1,2,0,2,0,2,0,0,0,0,2,0,0,2,0,0,2,2
8,-3602.587,-9726.760,-95.619,-91.729,-0.029880,0.999500,-0.010336,-0.999089,-0.030179,-0.030184,-0.030481,0.009425,0.999491,0,0.72000,-0.58858,43.200,-1.177,-1,375.000,-1,375.000,-1,325.000,325.000,300.000,300.000,-1,750.000,825.000,-1,700.000,725.000,-1,-1,2,0,2,0,2,0,0,0,0,2,0,0,2,0,0,2,2
9,-3605.020,-9774.698,-97.349,-92.905,-0.050408,0.998679,-0.009999,-0.998293,-0.050679,-0.029025,-0.029494,0.008519,0.999529,0,0.80000,-0.58777,48.000,-1.176,-1,375.000,-1,375.000,-1,325.000,325.000,300.000,300.000,-1,700.000,775.000,-1,700.000,725.000,-1,-1,2,0,2,0,2,0,0,0,0,2,0,0,2,0,0,2,2
10,-3608.775,-9827.365,-99.182,-94.079,-0.070870,0.997436,-0.009916,-0.997077,-0.071122,-0.027908,-0.028542,0.007909,0.999561,0,0.88000,-0.58677,52.800,-1.174,-1,375.000,-1,375.000,-1,300.000,325.000,300.000,300.000,-1,675.000,725.000,-1,700.000,725.000,-1,-1,2,0,2,0,2,0,0,0,0,2,0,0,2,0,0,2,2
11,-3613.709,-9881.057,-100.558,-95.250,-0.091233,0.995772,-0.010701,-0.995444,-0.091492,-0.026838,-0.027703,0.008204,0.999583,0,0.89865,-0.58552,53.919,-1.171,-1,375.000,-1,375.000,-1,325.000,325.000,300.000,300.000,-1,675.000,725.000,-1,700.000,725.000,-1,-1,2,0,2,0,2,0,0,0,0,2,0,0,2,0,0,2,2
12,-3619.723,-9934.527,-101.781,-96.418,-0.111527,0.993702,-0.010827,-0.993399,-0.111774,-0.025779,-0.026827,0.007880,0.999609,0,0.89678,-0.58409,53.807,-1.168,-1,375.000,-1,375.000,-1,325.000,325.000,300.000,300.000,-1,675.000,725.000,-1,700.000,725.000,-1,-1,2,0,2,0,2,0,0,0,0,2,0,0,2,0,0,2,2
13,-3626.809,-9987.759,-103.014,-97.583,-0.131720,0.991227,-0.010907,-0.990947,-0.131955,-0.024738,-0.025961,0.007550,0.999634,0,0.89504,-0.58251,53.702,-1.165,-1,375.000,-1,375.000,-1,325.000,325.000,300.000,300.000,-1,700.000,725.000,-1,700.000,725.000,-1,-1,2,0,2,0,2,0,0,0,0,2,0,0,2,0,0,2,2
14,-3634.959,-10040.741,-104.259,-98.744,-0.151799,0.988351,-0.010944,-0.988093,-0.152022,-0.023718,-0.025105,0.007214,0.999659,0,0.89342,-0.58077,53.605,-1.162,-1,375.000,-1,375.000,-1,325.000,325.000,300.000,300.000,-1,700.000,725.000,-1,725.000,750.000,-1,-1,2,0,2,0,2,0,0,0,0,2,0,0,2,0,0,2,2
15,-3644.162,-10093.460,-105.515,-99.902,-0.171750,0.985080,-0.010940,-0.984842,-0.171961,-0.022720,-0.024263,0.006872,0.999682,0,0.89194,-0.57888,53.516,-1.158,-1,375.000,-1,400.000,1000.000,325.000,325.000,300.000,300.000,-1,725.000,725.000,-1,725.000,750.000,-1,-1,2,0,2,0,1,0,0,0,0,2,0,0,2,0,0,2,2
16,-3654.409,-10145.904,-106.781,-101.056,-0.191562,0.981420,-0.010896,-0.981201,-0.191761,-0.021750,-0.023435,0.006525,0.999704,0,0.89060,-0.57685,53.436,-1.154,-1,375.000,-1,400.000,950.000,325.000,325.000,300.000,300.000,-1,725.000,725.000,-1,725.000,750.000,-1,-1,2,0,2,0,1,0,0,0,0,2,0,0,2,0,0,2,2
17,-3665.691,-10198.062,-108.059,-102.205,-0.211222,0.977378,-0.010817,-0.977176,-0.211408,-0.020809,-0.022625,0.006175,0.999725,0,0.88939,-0.57468,53.363,-1.149,-1,375.000,-1,400.000,900.000,325.000,325.000,300.000,300.000,-1,750.000,725.000,-1,725.000,750.000,-1,1000.000,2,0,2,0,1,0,0,0,0,2,0,0,2,0,0,2,1
18,-3677.997,-10249.921,-109.348,-103.350,-0.230718,0.972962,-0.010704,-0.972776,-0.230893,-0.019901,-0.021834,0.005821,0.999745,0,0.88833,-0.57238,53.300,-1.145,-1,375.000,-1,400.000,875.000,325.000,325.000,300.000,300.000,-1,750.000,750.000,-1,725.000,775.000,-1,950.000,2,0,2,0,1,0,0,0,0,2,0,0,2,0,0,2,1
19,-3691.319,-10301.472,-110.647,-104.490,-0.250040,0.968178,-0.010561,-0.968006,-0.250204,-0.019027,-0.021063,0.005466,0.999763,0,0.88741,-0.56994,53.245,-1.140,-1,375.000,-1,400.000,825.000,325.000,325.000,300.000,300.000,-1,775.000,750.000,-1,725.000,775.000,-1,900.000,2,0,2,0,1,0,0,0,0,2,0,0,2,0,1,2,1
20,-3705.647,-10352.705,-111.958,-105.625,-0.269177,0.963035,-0.010391,-0.962876,-0.269329,-0.018189,-0.020315,0.005109,0.999781,0,0.88664,-0.56739,53.198,-1.135,-1,375.000,-1,400.000,775.000,325.000,325.000,300.000,300.000,-1,775.000,750.000,-1,725.000,750.000,-1,850.000,2,0,2,0,1,0,0,0,0,2,0,0,2,0,1,2,1
21,-3720.972,-10403.608,-113.252,-106.754,-0.288115,0.957540,-0.010329,-0.957393,-0.288259,-0.017443,-0.019680,0.004863,0.999795,0,0.88600,-0.56471,53.160,-1.129,-1,375.000,-1,400.000,750.000,325.000,325.000,300.000,300.000,-1,800.000,775.000,-1,725.000,725.000,-1,800.000,2,0,2,0,1,0,0,0,0,2,0,0,2,0,1,2,1
22,-3737.282,-10454.174,-114.350,-107.878,-0.306829,0.951699,-0.011170,-0.951565,-0.306984,-0.016863,-0.019477,0.005455,0.999795,0,0.88551,-0.56192,53.131,-1.124,-1,375.000,-1,400.000,700.000,325.000,325.000,300.000,300.000,-1,850.000,825.000,-1,725.000,675.000,-1,750.000,2,0,2,0,1,0,0,0,0,2,0,0,2,0,1,2,1
23,-3754.569,-10504.391,-115.417,-108.996,-0.325328,0.945524,-0.012108,-0.945408,-0.325494,-0.016073,-0.019138,0.006218,0.999798,0,0.88516,-0.55902,53.110,-1.118,-1,400.000,-1,400.000,650.000,325.000,325.000,300.000,300.000,-1,900.000,850.000,-1,750.000,650.000,-1,675.000,2,0,2,0,1,0,0,0,0,2,0,0,2,0,1,2,1
24,-3774.366,-10558.812,-116.590,-109.989,-0.341663,0.939733,-0.013011,-0.939634,-0.341839,-0.015333,-0.018856,0.006987,0.999798,0,0.96516,-0.49679,57.910,-0.994,-1,400.000,-1,400.000,600.000,325.000,325.000,300.000,300.000,-1,950.000,900.000,-1,750.000,625.000,-1,625.000,2,0,2,0,1,0,0,0,0,2,0,0,2,0,1,2,1
25,-3794.628,-10612.313,-117.652,-110.743,-0.353984,0.935153,-0.013557,-0.935060,-0.354168,-0.015124,-0.018944,0.007323,0.999794,0,0.95350,-0.37679,57.210,-0.754,-1,400.000,-1,400.000,550.000,325.000,325.000,300.000,300.000,-1,1000.000,950.000,-1,750.000,600.000,-1,575.000,2,0,2,0,1,0,0,0,0,2,0,0,2,0,1,2,1
26,-3815.480,-10665.917,-118.734,-111.257,-0.362344,0.931939,-0.014036,-0.931850,-0.362535,-0.014938,-0.019010,0.007667,0.999790,0,0.95861,-0.25679,57.517,-0.514,-1,400.000,-1,400.000,500.000,325.000,325.000,300.000,300.000,-1,-1,-1,-1,750.000,575.000,-1,525.000,2,0,2,0,1,0,0,0,0,2,2,2,2,0,1,2,1
27,-3836.693,-10719.685,-119.851,-111.530,-0.366781,0.930194,-0.014533,-0.930111,-0.366979,-0.014795,-0.019095,0.008091,0.999785,0,0.96335,-0.13679,57.801,-0.274,-1,400.000,-1,400.000,450.000,325.000,325.000,300.000,300.000,-1,-1,-1,-1,750.000,525.000,-1,475.000,2,0,2,1,1,0,0,0,0,2,2,2,2,0,1,2,1
28,-3858.030,-10773.676,-121.000,-111.564,-0.367315,0.929975,-0.015054,-0.929898,-0.367523,-0.014690,-0.019194,0.008603,0.999779,0,0.96758,-0.01679,58.055,-0.034,-1,400.000,-1,375.000,400.000,325.000,325.000,300.000,300.000,-1,-1,-1,-1,750.000,500.000,-1,425.000,2,0,2,1,1,0,0,0,0,2,2,2,2,0,1,2,1
29,-3879.251,-10827.945,-122.176,-111.357,-0.363950,0.931288,-0.015604,-0.931219,-0.364168,-0.014618,-0.019296,0.009211,0.999771,0,0.97118,0.10321,58.271,0.206,-1,400.000,-1,375.000,350.000,325.000,325.000,300.000,300.000,-1,-1,-1,-1,750.000,475.000,-1,375.000,2,0,2,1,1,0,0,0,0,2,2,2,2,0,1,2,1
30,-3900.108,-10882.534,-123.377,-110.911,-0.356669,0.934090,-0.016188,-0.934029,-0.356898,-0.014574,-0.019391,0.009922,0.999763,0,0.97397,0.22321,58.438,0.446,-1,400.000,-1,350.000,300.000,325.000,325.000,300.000,300.000,-1,-1,-1,-1,750.000,450.000,-1,350.000,2,0,2,1,1,0,0,0,0,2,2,2,2,0,1,2,1
31,-3920.347,-10937.469,-124.595,-110.224,-0.345438,0.938291,-0.016808,-0.938240,-0.345679,-0.014554,-0.019466,0.010742,0.999753,0,0.97575,0.34321,58.545,0.686,-1,400.000,-1,350.000,250.000,325.000,325.000,300.000,300.000,-1,-1,-1,-1,750.000,450.000,-1,300.000,2,0,2,1,1,0,0,0,0,2,2,2,2,0,1,2,1
32,-3939.706,-10992.756,-124.674,-109.298,-0.330328,0.943786,-0.012278,-0.943729,-0.330474,-0.012735,-0.016077,0.007380,0.999844,0,0.97630,0.46321,58.578,0.926,-1,400.000,-1,350.000,225.000,325.000,325.000,300.000,300.000,-1,-1,-1,-1,750.000,450.000,-1,275.000,2,0,2,1,1,0,0,0,1,2,2,2,2,0,1,2,1
33,-3958.119,-11047.429,-124.320,-108.612,-0.319105,0.947701,-0.005967,-0.947649,-0.319151,-0.010151,-0.011524,0.002416,0.999931,0,0.96152,0.34321,57.691,0.686,-1,400.000,-1,350.000,225.000,325.000,350.000,300.000,275.000,-1,950.000,950.000,-1,775.000,450.000,-1,250.000,2,0,2,1,1,0,0,0,1,2,0,0,2,0,1,2,1
34,-3976.072,-11102.148,-123.495,-108.165,-0.311774,0.950155,0.001666,-0.950137,-0.311756,-0.006861,-0.006000,-0.003722,0.999975,0,0.95981,0.22321,57.588,0.446,-1,425.000,-1,350.000,200.000,350.000,350.000,300.000,275.000,-1,725.000,750.000,-1,800.000,450.000,-1,225.000,2,0,2,1,1,0,0,0,1,2,0,0,2,0,1,2,1
35,-3993.783,-11156.792,-122.210,-107.959,-0.308323,0.951218,0.011042,-0.951281,-0.308314,-0.002608,0.000923,-0.011309,0.999936,0,0.95738,0.10321,57.443,0.206,-1,425.000,-1,350.000,175.000,350.000,375.000,275.000,275.000,-1,475.000,575.000,-1,825.000,450.000,-1,225.000,2,0,2,1,1,0,1,0,1,2,0,0,2,0,1,2,1
36,-4011.468,-11211.250,-120.487,-107.992,-0.308697,0.950893,0.022536,-0.951116,-0.308824,0.002300,0.009147,-0.020724,0.999743,0,0.95429,-0.01679,57.258,-0.034,-1,450.000,-1,350.000,175.000,375.000,375.000,275.000,250.000,-1,300.000,425.000,-1,875.000,475.000,-1,225.000,2,0,2,1,1,0,1,0,1,2,0,0,2,0,1,2,1
37,-4029.342,-11265.413,-118.613,-108.266,-0.312858,0.949158,0.034919,-0.949634,-0.313279,0.007181,0.017756,-0.030913,0.999364,0,0.95059,-0.13679,57.035,-0.274,-1,475.000,-1,350.000,175.000,400.000,375.000,275.000,250.000,-1,225.000,350.000,-1,925.000,475.000,-1,250.000,2,0,2,1,1,0,1,0,1,2,0,0,2,0,1,2,1
38,-4047.619,-11319.171,-117.107,-108.780,-0.320866,0.946008,0.045978,-0.946786,-0.321671,0.011111,0.025301,-0.039966,0.998881,0,0.94634,-0.25679,56.780,-0.514,-1,500.000,-1,350.000,175.000,425.000,375.000,275.000,225.000,975.000,175.000,325.000,-1,975.000,475.000,-1,225.000,2,0,2,1,1,0,1,0,1,0,0,0,2,0,1,2,1
39,-4066.505,-11372.419,-115.464,-109.533,-0.332602,0.941279,0.058045,-0.942480,-0.333937,0.014765,0.033281,-0.049795,0.998205,0,0.94162,-0.37679,56.497,-0.754,-1,500.000,-1,350.000,175.000,450.000,350.000,250.000,225.000,800.000,125.000,275.000,-1,1000.000,475.000,-1,225.000,2,0,2,1,1,0,1,0,1,0,0,0,2,0,1,2,1
40,-4086.204,-11425.045,-113.672,-110.527,-0.347969,0.934794,0.071258,-0.936577,-0.350002,0.017967,0.041735,-0.060486,0.997296,0,0.93651,-0.49679,56.191,-0.994,-1,525.000,-1,325.000,150.000,450.000,350.000,250.000,225.000,650.000,100.000,250.000,-1,-1,475.000,-1,225.000,2,0,2,1,1,1,1,0,1,0,0,0,2,2,1,2,1
41,-4106.909,-11476.934,-111.719,-111.760,-0.366841,0.926325,0.085735,-0.928902,-0.369759,0.020504,0.050694,-0.072118,0.996107,0,0.93111,-0.61679,55.866,-1.234,-1,550.000,-1,325.000,150.000,450.000,350.000,250.000,200.000,525.000,75.000,225.000,-1,-1,475.000,-1,225.000,2,0,2,1,1,1,1,0,1,0,0,0,2,2,1,2,1
42,-4128.719,-11528.005,-109.654,-113.134,-0.387479,0.916302,0.101241,-0.919921,-0.391471,0.022276,0.060044,-0.084503,0.994612,0,0.92551,-0.68664,55.531,-1.373,-1,575.000,-1,325.000,150.000,425.000,325.000,250.000,200.000,425.000,50.000,225.000,-1,-1,450.000,-1,200.000,2,0,2,1,1,1,1,0,1,0,0,0,2,2,1,2,1
43,-4151.612,-11578.204,-107.538,-114.526,-0.407884,0.905453,0.117408,-0.910375,-0.413126,0.023329,0.069627,-0.097370,0.992810,0,0.91951,-0.69598,55.171,-1.392,-1,600.000,-1,325.000,150.000,425.000,325.000,225.000,175.000,375.000,50.000,200.000,-1,-1,475.000,-1,200.000,2,1,2,1,1,1,1,0,1,0,0,0,2,2,1,2,1
44,6887.610,-7542.203,-179.509,-16.877,0.940576,0.267820,-0.208778,-0.326365,0.882794,-0.337876,0.093818,0.385936,0.917743,1,0.00000,0.00000,54.767,-1.398,-1,500.000,-1,-1,-1,650.000,-1,875.000,100.000,-1,0.000,0.000,-1,-1,-1,-1,-1,2,1,2,2,2,1,2,1,1,2,1,1,2,2,2,2,2
45,323.177,-8855.000,37.751,-0.583,0.995641,0.010163,0.092718,-0.015676,0.998139,0.058930,-0.091947,-0.060127,0.993947,1,-0.08000,-0.12000,-4.800,-0.240,325.000,300.000,-1,400.000,-1,275.000,300.000,225.000,550.000,-1,525.000,475.000,200.000,500.000,725.000,400.000,-1,0,0,2,0,2,0,0,0,0,2,1,1,1,0,0,0,2
46,313.580,-8854.819,38.512,-1.063,0.995332,0.018522,0.094714,-0.024319,0.997876,0.060427,-0.093394,-0.062448,0.993669,0,-0.16000,-0.24000,-9.600,-0.480,325.000,300.000,-1,400.000,-1,275.000,300.000,225.000,550.000,-1,525.000,475.000,200.000,500.000,725.000,375.000,-1,0,0,2,0,2,0,0,0,0,2,1,1,1,0,0,0,2
47,299.186,-8854.418,39.665,-1.579,0.994861,0.027492,0.097448,-0.033727,0.997448,0.062928,-0.095470,-0.065891,0.993249,0,-0.24000,-0.25772,-14.400,-0.515,300.000,300.000,-1,400.000,-1,275.000,300.000,225.000,525.000,-1,500.000,475.000,200.000,500.000,725.000,350.000,-1,0,0,2,0,2,0,0,0,1,2,1,1,1,0,0,0,2
48,280.000,-8853.709,41.191,-2.102,0.994230,0.036596,0.100834,-0.043423,0.996850,0.066366,-0.098088,-0.070361,0.992687,0,-0.32000,-0.26185,-19.200,-0.524,275.000,300.000,-1,400.000,-1,275.000,300.000,225.000,475.000,-1,500.000,450.000,200.000,475.000,725.000,350.000,-1,0,0,2,0,2,0,0,0,1,2,1,1,1,0,0,0,2
49,256.027,-8852.598,43.053,-2.637,0.993436,0.045874,0.104786,-0.053441,0.996073,0.070583,-0.101137,-0.075720,0.991987,0,-0.40000,-0.26720,-24.000,-0.534,250.000,300.000,-1,400.000,-1,275.000,300.000,225.000,425.000,-1,475.000,450.000,175.000,475.000,725.000,325.000,-1,0,0,2,0,2,0,0,0,1,2,1,1,1,0,0,0,2
50,227.274,-8850.990,45.209,-3.184,0.992478,0.055361,0.109190,-0.063803,0.995110,0.075399,-0.104482,-0.081798,0.991157,0,-0.48000,-0.27368,-28.800,-0.547,225.000,300.000,-1,400.000,-1,275.000,300.000,225.000,375.000,-1,475.000,425.000,175.000,450.000,725.000,275.000,-1,0,0,2,0,2,0,0,0,1,2,1,1,1,0,0,0,2
51,193.748,-8848.785,47.605,-3.747,0.991358,0.065087,0.113896,-0.074518,0.993957,0.080599,-0.107961,-0.088390,0.990218,0,-0.56000,-0.28115,-33.600,-0.562,225.000,300.000,-1,400.000,-1,275.000,300.000,225.000,325.000,-1,450.000,400.000,175.000,450.000,725.000,250.000,-1,0,0,2,0,2,0,0,0,1,2,1,1,1,0,0,0,2
52,155.459,-8845.879,50.178,-4.325,0.990087,0.075077,0.118705,-0.085573,0.992619,0.085937,-0.111377,-0.095243,0.989204,0,-0.64000,-0.28941,-38.400,-0.579,200.000,275.000,-1,400.000,-1,275.000,300.000,200.000,275.000,-1,400.000,375.000,150.000,450.000,725.000,225.000,-1,0,0,2,0,2,0,0,0,1,2,1,1,1,0,0,0,2
53,2951.698,5575.428,183.348,-30.987,0.857149,0.514642,0.020977,-0.515011,0.856952,0.019908,-0.007731,-0.027867,0.999582,1,0.00000,0.00000,-43.200,-0.596,-1,400.000,-1,400.000,-1,325.000,325.000,300.000,300.000,-1,-1,-1,-1,775.000,825.000,-1,-1,2,0,2,0,2,0,0,0,0,2,2,2,2,0,0,2,2
54,2955.802,5572.940,183.311,-31.227,0.854986,0.518227,0.020982,-0.518595,0.854790,0.019844,-0.007652,-0.027847,0.999583,0,0.08000,-0.12000,4.800,-0.240,-1,400.000,-1,400.000,-1,325.000,325.000,300.000,300.000,-1,-1,-1,-1,775.000,825.000,-1,-1,2,0,2,0,2,0,0,0,0,2,2,2,2,0,0,2,2
55,2963.970,5567.894,183.238,-31.707,0.850615,0.525371,0.020990,-0.525736,0.850419,0.019716,-0.007493,-0.027806,0.999585,0,0.16000,-0.24000,9.600,-0.480,-1,400.000,-1,400.000,-1,325.000,325.000,300.000,300.000,-1,-1,-1,-1,775.000,825.000,-1,-1,2,0,2,0,2,0,0,0,0,2,2,2,2,0,0,2,2
56,2976.124,5560.173,183.132,-32.427,0.843946,0.536016,0.021001,-0.536379,0.843752,0.019522,-0.007255,-0.027740,0.999589,0,0.24000,-0.36000,14.400,-0.720,-1,400.000,-1,400.000,-1,325.000,325.000,300.000,300.000,-1,-1,-1,-1,775.000,850.000,-1,-1,2,0,2,0,2,0,0,0,0,2,2,2,2,0,0,2,2
57,2992.156,5549.607,182.999,-33.387,0.834848,0.550079,0.021010,-0.550437,0.834655,0.019260,-0.006942,-0.027643,0.999594,0,0.32000,-0.48000,19.200,-0.960,-1,400.000,-1,400.000,-1,325.000,325.000,300.000,300.000,-1,-1,-1,-1,775.000,850.000,-1,-1,2,0,2,0,2,0,0,0,0,2,2,2,2,0,0,2,2
58,3011.914,5535.983,182.840,-34.587,0.823146,0.567440,0.021034,-0.567792,0.822954,0.018933,-0.006567,-0.027527,0.999599,0,0.40000,-0.60000,24.000,-1.200,-1,400.000,-1,400.000,-1,325.000,325.000,300.000,300.000,-1,-1,-1,-1,775.000,850.000,-1,-1,2,0,2,0,2,0,0,0,0,2,2,2,2,0,0,2,2
59,3035.206,5519.044,182.600,-36.027,0.808622,0.587940,0.021384,-0.588295,0.808432,0.018625,-0.006338,-0.027641,0.999598,0,0.48000,-0.72000,28.800,-1.440,-1,400.000,-1,400.000,-1,325.000,325.000,300.000,300.000,-1,-1,-1,-1,775.000,850.000,-1,-1,2,0,2,0,2,0,0,0,0,2,2,2,2,0,0,2,2
60,3061.789,5498.493,182.337,-37.707,0.791032,0.611386,0.021807,-0.611745,0.790845,0.018246,-0.006090,-0.027774,0.999596,0,0.56000,-0.84000,33.600,-1.680,-1,400.000,-1,400.000,-1,325.000,325.000,300.000,300.000,-1,-1,-1,-1,775.000,850.000,-1,-1,2,0,2,0,2,0,0,0,0,2,2,2,2,0,0,2,2
61,3091.400,5474.044,182.057,-39.547,0.770990,0.636457,0.022300,-0.636820,0.770807,0.017788,-0.005868,-0.027915,0.999593,0,0.64000,-0.91984,38.400,-1.840,-1,400.000,-1,400.000,-1,325.000,325.000,300.000,300.000,-1,-1,-1,-1,775.000,850.000,-1,-1,2,0,2,0,2,0,0,0,0,2,2,2,2,0,0,2,2
62,3123.811,5445.483,181.764,-41.386,0.750151,0.660872,0.022854,-0.661242,0.749975,0.017230,-0.005753,-0.028037,0.999590,0,0.72000,-0.91984,43.200,-1.840,-1,400.000,-1,400.000,-1,325.000,325.000,300.000,300.000,-1,-1,-1,-1,775.000,850.000,-1,-1,2,0,2,0,2,0,0,0,0,2,2,2,2,0,0,2,2
63,3158.787,5412.609,181.460,-43.226,0.728536,0.684605,0.023468,-0.684983,0.728370,0.016567,-0.005752,-0.028145,0.999587,0,0.80000,-0.91984,48.000,-1.840,-1,400.000,-1,400.000,-1,325.000,325.000,300.000,300.000,-1,-1,-1,-1,775.000,850.000,-1,-1,2,0,2,0,2,0,0,0,0,2,2,2,2,0,0,2,2
64,3194.826,5376.487,181.158,-45.066,0.706168,0.707633,0.024116,-0.708020,0.706015,0.015816,-0.005834,-0.028243,0.999584,0,0.85042,-0.91984,51.025,-1.840,-1,400.000,-1,400.000,-1,325.000,325.000,300.000,300.000,-1,-1,-1,-1,775.000,850.000,-1,-1,2,0,2,0,2,0,0,0,0,2,2,2,2,0,0,2,2
65,3229.687,5339.227,180.892,-46.905,0.683073,0.729933,0.024682,-0.730326,0.682933,0.015018,-0.005894,-0.028285,0.999583,0,0.85042,-0.91984,51.025,-1.840,-1,400.000,-1,400.000,-1,325.000,325.000,300.000,300.000,-1,-1,-1,-1,775.000,850.000,-1,-1,2,0,2,0,2,0,0,0,0,2,2,2,2,0,0,2,2
66,3266.674,5297.413,180.526,-48.505,0.662407,0.748724,0.025077,-0.749116,0.662300,0.013575,-0.006445,-0.027778,0.999593,0,0.93042,-0.79984,55.825,-1.600,-1,400.000,-1,400.000,-1,325.000,325.000,300.000,300.000,-1,-1,-1,-1,775.000,850.000,-1,-1,2,0,2,0,2,0,0,0,0,2,2,2,2,0,0,2,2
67,3303.693,5253.476,180.115,-49.884,0.644166,0.764468,0.025273,-0.764851,0.644100,0.011768,-0.007282,-0.026911,0.999611,0,0.95756,-0.68967,57.454,-1.379,-1,400.000,-1,400.000,-1,325.000,325.000,300.000,300.000,-1,-1,-1,-1,775.000,850.000,-1,-1,2,0,2,0,2,0,0,0,0,2,2,2,2,0,0,2,2
68,3339.644,5208.660,179.732,-51.264,0.625554,0.779770,0.025310,-0.780139,0.625527,0.009944,-0.008078,-0.025966,0.999630,0,0.95756,-0.68967,57.454,-1.379,-1,400.000,-1,400.000,-1,325.000,325.000,300.000,300.000,-1,-1,-1,-1,775.000,825.000,-1,-1,2,0,2,0,2,0,0,0,0,2,2,2,2,0,0,2,2
69,3374.506,5162.991,179.350,-52.643,0.606584,0.794624,0.025064,-0.794971,0.606593,0.008117,-0.008753,-0.024849,0.999653,0,0.95756,-0.68967,57.454,-1.379,-1,400.000,-1,400.000,-1,325.000,325.000,300.000,300.000,-1,-1,-1,-1,775.000,825.000,-1,-1,2,0,2,0,2,0,0,0,0,2,2,2,2,0,0,2,2
70,3408.258,5116.497,178.883,-54.022,0.587271,0.809011,0.024782,-0.809340,0.587300,0.006834,-0.009026,-0.024070,0.999670,0,0.95756,-0.68967,57.454,-1.379,-1,400.000,-1,400.000,-1,325.000,325.000,300.000,300.000,-1,-1,-1,-1,800.000,825.000,-1,-1,2,0,2,0,2,0,0,0,0,2,2,2,2,0,0,2,2
71,3440.881,5069.203,178.416,-55.402,0.567621,0.822929,0.024397,-0.823239,0.567666,0.005689,-0.009168,-0.023314,0.999686,0,0.95756,-0.68967,57.454,-1.379,-1,400.000,-1,400.000,-1,325.000,325.000,300.000,300.000,-1,-1,-1,-1,800.000,825.000,-1,-1,2,0,2,0,2,0,0,0,0,2,2,2,2,0,0,2,2
72,3472.430,5021.016,177.861,-56.787,0.547547,0.836418,0.024431,-0.836720,0.547611,0.004567,-0.009559,-0.022942,0.999691,0,0.95993,-0.69260,57.596,-1.385,-1,400.000,-1,400.000,-1,325.000,325.000,300.000,300.000,-1,-1,-1,-1,800.000,825.000,-1,-1,2,0,2,0,2,0,0,0,0,2,2,2,2,0,0,2,2
73,3502.908,4971.897,177.143,-58.181,0.527008,0.849485,0.025272,-0.849796,0.527101,0.003389,-0.010442,-0.023262,0.999675,0,0.96345,-0.69690,57.807,-1.394,-1,400.000,-1,400.000,-1,325.000,325.000,300.000,300.000,-1,-1,-1,-1,800.000,825.000,-1,-1,2,0,2,0,2,0,0,0,0,2,2,2,2,0,0,2,2
74,3532.285,4921.860,176.422,-59.583,0.506027,0.862123,0.026096,-0.862444,0.506148,0.002214,-0.011300,-0.023627,0.999657,0,0.96704,-0.70118,58.022,-1.402,-1,400.000,-1,400.000,-1,325.000,325.000,300.000,300.000,-1,-1,-1,-1,800.000,800.000,-1,-1,2,0,2,0,2,0,0,0,0,2,2,2,2,0,0,2,2
75,3560.526,4870.924,175.714,-60.994,0.484611,0.874317,0.026872,-0.874645,0.484763,0.000965,-0.012183,-0.023972,0.999638,0,0.97068,-0.70546,58.241,-1.411,-1,400.000,-1,400.000,-1,325.000,325.000,300.000,300.000,-1,-1,-1,-1,800.000,800.000,-1,-1,2,0,2,0,2,0,0,0,0,2,2,2,2,0,0,2,2
76,3587.600,4819.108,175.031,-62.413,0.462767,0.886051,0.027577,-0.886383,0.462953,-0.000394,-0.013116,-0.024261,0.999620,0,0.97439,-0.70974,58.463,-1.419,-1,400.000,-1,400.000,-1,325.000,325.000,300.000,300.000,-1,-1,-1,-1,800.000,800.000,-1,-1,2,0,2,0,2,0,0,0,0,2,2,2,2,0,0,2,2
77,3613.474,4766.430,174.374,-63.841,0.440503,0.897308,0.028204,-0.897640,0.440725,-0.001855,-0.014095,-0.024500,0.999600,0,0.97815,-0.71401,58.689,-1.428,-1,400.000,-1,400.000,-1,325.000,325.000,300.000,300.000,-1,-1,-1,-1,800.000,775.000,-1,-1,2,0,2,0,2,0,0,0,0,2,2,2,2,0,0,2,2
78,3638.114,4712.912,173.670,-65.278,0.417839,0.908077,0.028406,-0.908399,0.418091,-0.003326,-0.014896,-0.024414,0.999591,0,0.98196,-0.71829,58.917,-1.437,-1,400.000,-1,400.000,-1,325.000,325.000,300.000,300.000,-1,-1,-1,-1,800.000,775.000,-1,-1,2,0,2,0,2,0,0,0,0,2,2,2,2,0,0,2,2
79,3661.488,4658.578,172.887,-66.723,0.394789,0.918344,0.028034,-0.918642,0.395062,-0.004731,-0.015420,-0.023885,0.999596,0,0.98581,-0.72257,59.149,-1.445,-1,400.000,-1,400.000,-1,325.000,325.000,300.000,300.000,-1,-1,-1,-1,800.000,775.000,-1,-1,2,0,2,0,2,0,0,0,0,2,2,2,2,0,0,2,2
80,3683.563,4603.451,172.183,-68.177,0.371351,0.928080,0.027686,-0.928358,0.371640,-0.005974,-0.015833,-0.023484,0.999599,0,0.98970,-0.72687,59.382,-1.454,-1,400.000,-1,400.000,975.000,325.000,325.000,300.000,300.000,-1,-1,-1,-1,800.000,750.000,-1,-1,2,0,2,0,1,0,0,0,0,2,2,2,2,0,0,2,2
81,3704.305,4547.558,171.511,-69.639,0.347532,0.937272,0.027257,-0.937527,0.347837,-0.007246,-0.016272,-0.023036,0.999602,0,0.99363,-0.73119,59.618,-1.462,-1,400.000,-1,400.000,925.000,325.000,325.000,300.000,300.000,-1,-1,-1,-1,800.000,750.000,-1,-1,2,0,2,0,1,0,0,0,0,2,2,2,2,0,0,2,2
82,3723.683,4490.927,170.698,-71.110,0.323349,0.945888,0.027239,-0.946142,0.323659,-0.007762,-0.016159,-0.023262,0.999599,0,0.99758,-0.73553,59.855,-1.471,-1,400.000,-1,400.000,875.000,325.000,325.000,300.000,300.000,-1,-1,-1,-1,800.000,725.000,-1,-1,2,0,2,0,1,0,0,0,0,2,2,2,2,0,0,2,2
83,3741.636,4433.676,169.764,-72.590,0.298804,0.953912,0.027715,-0.954184,0.299118,-0.007877,-0.015804,-0.024091,0.999585,0,1.00000,-0.73991,60.000,-1.480,-1,400.000,-1,400.000,825.000,325.000,325.000,300.000,300.000,-1,-1,-1,-1,800.000,725.000,-1,-1,2,0,2,0,1,0,0,0,0,2,2,2,2,0,0,2,2
84,3758.095,4375.977,168.853,-74.079,0.273912,0.961339,0.028294,-0.961632,0.274229,-0.007946,-0.015398,-0.025032,0.999568,0,1.00000,-0.74432,60.000,-1.489,-1,400.000,-1,400.000,775.000,325.000,325.000,300.000,300.000,-1,-1,-1,-1,800.000,725.000,-1,-1,2,0,2,0,1,0,0,0,0,2,2,2,2,0,0,2,2
85,3773.041,4317.868,167.965,-75.576,0.248686,0.968152,0.028928,-0.968469,0.249006,-0.007998,-0.014946,-0.026027,0.999550,0,1.00000,-0.74876,60.000,-1.498,-1,400.000,-1,400.000,725.000,325.000,325.000,300.000,300.000,-1,-1,-1,-1,775.000,700.000,-1,-1,2,0,2,0,1,0,0,0,0,2,2,2,2,0,0,2,2
86,3786.454,4259.387,167.100,-77.083,0.223138,0.974337,0.029597,-0.974680,0.223461,-0.008052,-0.014460,-0.027051,0.999529,0,1.00000,-0.75323,60.000,-1.506,-1,400.000,-1,400.000,675.000,325.000,325.000,300.000,300.000,-1,-1,-1,-1,775.000,700.000,-1,-1,2,0,2,0,1,0,0,0,0,2,2,2,2,0,0,2,2
87,3798.315,4200.571,166.262,-78.598,0.197284,0.979878,0.030297,-0.980247,0.197609,-0.008107,-0.013931,-0.028099,0.999508,0,1.00000,-0.75775,60.000,-1.516,-1,400.000,-1,375.000,625.000,325.000,325.000,300.000,300.000,-1,-1,-1,-1,775.000,700.000,-1,1000.000,2,0,2,0,1,0,0,0,0,2,2,2,2,0,0,2,1
88,3808.608,4141.460,165.457,-80.123,0.171135,0.984759,0.031024,-0.985157,0.171461,-0.008158,-0.013353,-0.029167,0.999485,0,1.00000,-0.76233,60.000,-1.525,-1,400.000,-1,375.000,575.000,325.000,325.000,300.000,300.000,-1,-1,-1,-1,775.000,675.000,-1,850.000,2,0,2,0,1,0,0,0,0,2,2,2,2,0,0,2,1
89,3817.314,4082.095,164.690,-81.657,0.144707,0.988964,0.031775,-0.989393,0.145034,-0.008202,-0.012720,-0.030251,0.999461,0,1.00000,-0.76699,60.000,-1.534,-1,400.000,-1,375.000,525.000,325.000,325.000,300.000,300.000,-1,-1,-1,-1,750.000,675.000,-1,750.000,2,0,2,0,1,0,0,0,0,2,2,2,2,0,0,2,1
90,3824.418,4022.517,163.967,-83.200,0.118014,0.992478,0.032547,-0.992939,0.118339,-0.008233,-0.012023,-0.031345,0.999436,0,1.00000,-0.77172,60.000,-1.543,-1,400.000,-1,375.000,500.000,325.000,300.000,300.000,300.000,-1,-1,-1,-1,750.000,675.000,-1,675.000,2,0,2,0,1,0,0,0,0,2,2,2,2,0,0,2,1
91,3829.905,3962.768,163.297,-84.754,0.091070,0.995286,0.033354,-0.995781,0.091392,-0.008259,-0.011268,-0.032461,0.999409,0,1.00000,-0.77657,60.000,-1.553,-1,375.000,-1,375.000,450.000,300.000,300.000,300.000,300.000,-1,-1,-1,-1,750.000,650.000,-1,600.000,2,0,2,0,1,0,0,0,0,2,2,2,2,0,0,2,1
92,3833.761,3902.892,163.040,-86.317,0.063912,0.997337,0.035138,-0.997910,0.064205,-0.007287,-0.009523,-0.034599,0.999356,0,1.00000,-0.78153,60.000,-1.563,-1,375.000,-1,375.000,400.000,300.000,300.000,300.000,300.000,-1,-1,-1,-1,725.000,650.000,-1,550.000,2,0,2,0,1,0,0,0,0,2,2,2,2,0,1,2,1
93,3835.970,3842.932,163.210,-87.890,0.036590,0.998664,0.036497,-0.999310,0.036797,-0.004999,-0.006335,-0.036289,0.999321,0,1.00000,-0.78664,60.000,-1.573,-1,375.000,-1,375.000,375.000,300.000,300.000,300.000,300.000,-1,-1,-1,-1,750.000,625.000,-1,500.000,2,0,2,0,1,0,0,0,0,2,2,2,2,0,1,2,1
94,3836.522,3782.935,163.635,-89.474,0.009090,0.999209,0.038715,-0.999956,0.009179,-0.002118,-0.002472,-0.038694,0.999248,0,1.00000,-0.79191,60.000,-1.584,-1,400.000,-1,375.000,350.000,325.000,300.000,300.000,300.000,-1,-1,-1,-1,750.000,600.000,-1,450.000,2,0,2,0,1,0,0,0,0,2,2,2,2,0,1,2,1
95,3835.736,3727.740,164.237,-90.817,-0.014203,0.999037,0.041512,-0.999898,-0.014255,0.000963,0.001554,-0.041494,0.999138,0,0.92000,-0.67191,55.200,-1.344,-1,400.000,-1,375.000,325.000,325.000,300.000,300.000,325.000,-1,-1,-1,-1,750.000,575.000,-1,400.000,2,0,2,0,1,0,0,0,0,2,2,2,2,0,1,2,1
96,3833.939,3674.140,165.000,-91.921,-0.033268,0.998438,0.044877,-0.999430,-0.033493,0.004281,0.005777,-0.044709,0.998983,0,0.89383,-0.55191,53.630,-1.104,-1,400.000,-1,375.000,300.000,325.000,325.000,300.000,325.000,-1,650.000,850.000,-1,775.000,575.000,-1,375.000,2,0,2,0,1,0,0,0,0,2,0,0,2,0,1,2,1
97,3831.330,3620.476,165.913,-92.785,-0.048094,0.997651,0.048783,-0.998791,-0.048534,0.007857,0.010206,-0.048346,0.998779,0,0.89544,-0.43191,53.727,-0.864,-1,400.000,-1,375.000,275.000,325.000,325.000,300.000,325.000,-1,500.000,675.000,-1,775.000,550.000,-1,350.000,2,0,2,1,1,0,0,0,1,2,0,0,2,0,1,2,1
98,3828.134,3566.799,166.946,-93.409,-0.058684,0.996863,0.053106,-0.998168,-0.059381,0.011638,0.014755,-0.052326,0.998521,0,0.89621,-0.31191,53.772,-0.624,-1,400.000,-1,375.000,250.000,325.000,325.000,300.000,300.000,-1,400.000,550.000,-1,800.000,550.000,-1,325.000,2,0,2,1,1,0,0,0,1,2,0,0,2,0,1,2,1
99,3824.580,3513.158,168.060,-93.793,-0.065044,0.996214,0.057686,-0.997695,-0.066042,0.015564,0.019315,-0.056541,0.998213,0,0.89597,-0.19191,53.758,-0.384,-1,425.000,-1,375.000,250.000,325.000,325.000,300.000,275.000,-1,325.000,475.000,-1,825.000,550.000,-1,325.000,2,0,2,1,1,0,0,0,1,2,0,0,2,0,1,2,1
100,3820.898,3459.608,169.206,-93.937,-0.067189,0.995792,0.062317,-0.997458,-0.068525,0.019560,0.023748,-0.060844,0.997865,0,0.89459,-0.07191,53.675,-0.144,-1,425.000,-1,400.000,225.000,350.000,350.000,300.000,275.000,-1,275.000,400.000,-1,850.000,575.000,-1,300.000,2,0,2,1,1,0,0,0,1,2,0,0,2,0,1,2,1
101,3817.316,3406.215,170.322,-93.840,-0.065137,0.995641,0.066753,-0.997487,-0.066836,0.023530,0.027889,-0.065052,0.997492,0,0.89188,0.04809,53.513,0.096,-1,425.000,-1,400.000,225.000,350.000,350.000,300.000,250.000,-1,250.000,375.000,-1,875.000,575.000,-1,325.000,2,0,2,1,1,0,0,0,1,2,0,0,2,0,1,2,1
102,3813.964,3353.059,171.400,-93.611,-0.060745,0.995626,0.070983,-0.997646,-0.062826,0.027466,0.031805,-0.069148,0.997099,0,0.88769,0.11485,53.262,0.230,-1,425.000,-1,400.000,200.000,350.000,350.000,300.000,225.000,-1,225.000,325.000,-1,900.000,575.000,-1,350.000,2,0,2,1,1,0,0,0,1,2,0,0,2,0,1,2,1
103,3810.823,3300.223,172.518,-93.405,-0.056741,0.995553,0.075196,-0.997749,-0.059239,0.031418,0.035733,-0.073244,0.996674,0,0.88216,0.10269,52.929,0.205,-1,450.000,-1,400.000,200.000,350.000,375.000,300.000,225.000,1000.000,200.000,300.000,-1,925.000,600.000,-1,375.000,2,0,2,1,1,0,0,0,1,0,0,0,2,0,1,2,1
104,3807.870,3247.767,174.030,-93.225,-0.053310,0.995463,0.078815,-0.997865,-0.056088,0.033472,0.037740,-0.076863,0.996327,0,0.87565,0.09022,52.539,0.180,-1,450.000,-1,400.000,225.000,375.000,375.000,300.000,200.000,950.000,200.000,325.000,-1,950.000,600.000,-1,375.000,2,0,2,1,1,0,0,0,1,0,0,0,2,0,1,2,1
105,3805.083,3195.749,175.451,-93.070,-0.050504,0.995358,0.081929,-0.998019,-0.053380,0.033302,0.037521,-0.080085,0.996082,0,0.86821,0.07755,52.092,0.155,-1,450.000,-1,400.000,225.000,375.000,375.000,275.000,200.000,950.000,250.000,375.000,-1,950.000,625.000,-1,400.000,2,0,2,1,1,0,0,0,1,0,0,0,2,0,1,2,1
106,3802.445,3144.222,176.918,-92.934,-0.048050,0.995203,0.085220,-0.998155,-0.051013,0.032933,0.037122,-0.083481,0.995818,0,0.85992,0.06771,51.595,0.135,-1,450.000,-1,400.000,225.000,375.000,375.000,275.000,175.000,950.000,275.000,425.000,-1,950.000,625.000,-1,400.000,2,0,2,1,1,0,0,0,1,0,0,0,2,0,1,2,1
107,3799.951,3093.231,178.416,-92.804,-0.045699,0.995016,0.088633,-0.998287,-0.048732,0.032366,0.036524,-0.087002,0.995538,0,0.85086,0.06523,51.052,0.130,-1,450.000,-1,425.000,225.000,375.000,375.000,275.000,175.000,950.000,325.000,475.000,-1,950.000,625.000,-1,400.000,2,0,2,1,1,0,0,0,1,0,0,0,2,0,1,2,1
108,3797.598,3042.818,179.938,-92.677,-0.043434,0.994798,0.092146,-0.998417,-0.046520,0.031618,0.035740,-0.090627,0.995243,0,0.84114,0.06324,50.468,0.126,-1,450.000,-1,425.000,225.000,375.000,375.000,275.000,150.000,950.000,375.000,550.000,-1,950.000,625.000,-1,400.000,2,0,2,1,1,0,0,0,1,0,0,0,2,0,1,2,1
109,3795.380,2993.013,181.478,-92.554,-0.041239,0.994552,0.095741,-0.998544,-0.044360,0.030705,0.034785,-0.094335,0.994933,0,0.83091,0.06176,49.854,0.124,-1,450.000,-1,425.000,225.000,375.000,375.000,275.000,150.000,950.000,425.000,600.000,-1,925.000,650.000,-1,425.000,2,0,2,1,1,0,0,0,1,0,0,0,2,0,1,2,1
110,3793.286,2948.007,183.003,-92.670,-0.043147,0.994100,0.099519,-0.998466,-0.046365,0.030260,0.034696,-0.098061,0.994575,0,0.75091,-0.05824,45.054,-0.116,-1,450.000,-1,425.000,225.000,375.000,375.000,275.000,150.000,950.000,475.000,650.000,-1,925.000,650.000,-1,425.000,2,0,2,1,1,0,0,0,1,0,0,0,2,0,1,2,1
111,3791.164,2907.808,184.505,-93.027,-0.049131,0.993422,0.103440,-0.998157,-0.052530,0.030390,0.035624,-0.101756,0.994171,0,0.67091,-0.17824,40.254,-0.356,-1,450.000,-1,425.000,225.000,375.000,375.000,275.000,150.000,925.000,475.000,675.000,-1,950.000,650.000,-1,425.000,2,0,2,1,1,0,0,0,1,0,0,0,2,0,1,2,1
112,3788.927,2872.424,185.975,-93.623,-0.059169,0.992446,0.107471,-0.997537,-0.062845,0.031148,0.037667,-0.105364,0.993720,0,0.59091,-0.29824,35.454,-0.596,-1,450.000,-1,425.000,225.000,375.000,400.000,275.000,150.000,900.000,500.000,700.000,-1,950.000,650.000,-1,425.000,2,0,2,1,1,0,0,0,1,0,0,0,2,0,1,2,1
113,3786.547,2841.861,187.393,-94.460,-0.073233,0.991053,0.111587,-0.996477,-0.077298,0.032545,0.040880,-0.108811,0.993222,0,0.51091,-0.41824,30.654,-0.836,-1,450.000,-1,400.000,225.000,375.000,400.000,275.000,150.000,875.000,475.000,675.000,-1,975.000,650.000,-1,425.000,2,0,2,1,1,0,0,0,1,0,0,0,2,0,1,2,1
114,3784.055,2816.125,188.733,-95.536,-0.091297,0.989073,0.115753,-0.994794,-0.095870,0.034560,0.045280,-0.111995,0.992677,0,0.43091,-0.53824,25.854,-1.076,-1,475.000,-1,400.000,225.000,400.000,400.000,275.000,150.000,850.000,400.000,625.000,-1,1000.000,625.000,-1,400.000,2,0,2,1,1,0,0,0,1,0,0,0,2,0,1,2,1
115,3781.545,2795.219,189.953,-96.853,-0.113329,0.986293,0.119924,-0.992255,-0.118530,0.037145,0.050851,-0.114786,0.992088,0,0.35091,-0.65824,21.054,-1.316,-1,475.000,-1,400.000,225.000,400.000,425.000,275.000,150.000,775.000,325.000,575.000,-1,-1,625.000,-1,375.000,2,0,2,1,1,0,0,0,1,0,0,0,2,2,1,2,1
116,3779.179,2779.134,190.997,-98.370,-0.138635,0.982552,0.123987,-0.988680,-0.144566,0.040150,0.057373,-0.117017,0.991471,0,0.27091,-0.75863,16.254,-1.517,-1,500.000,-1,400.000,200.000,400.000,425.000,275.000,150.000,725.000,250.000,500.000,-1,-1,600.000,-1,350.000,2,0,2,1,1,0,1,0,1,0,0,0,2,2,1,2,1
117,3777.212,2767.847,191.788,-99.887,-0.163833,0.978202,0.127588,-0.984415,-0.170496,0.043101,0.063915,-0.118538,0.990890,0,0.19091,-0.75850,11.454,-1.517,-1,500.000,-1,375.000,200.000,425.000,425.000,275.000,150.000,700.000,200.000,425.000,-1,-1,600.000,-1,325.000,2,0,2,1,1,0,1,0,1,0,0,0,2,2,1,2,1
118,3775.894,2761.322,192.277,-101.404,-0.188940,0.973266,0.130595,-0.979462,-0.196314,0.045985,0.070393,-0.119224,0.990369,0,0.11091,-0.75842,6.654,-1.517,-1,525.000,-1,375.000,200.000,425.000,400.000,275.000,150.000,650.000,150.000,350.000,-1,-1,575.000,-1,300.000,2,0,2,1,1,0,1,0,1,0,0,0,2,2,1,2,1
119,3775.477,2759.512,192.462,-102.921,-0.213980,0.967740,0.133008,-0.973831,-0.222010,0.048623,0.076584,-0.119123,0.989922,0,0.03091,-0.75840,1.854,-1.517,-1,525.000,-1,375.000,200.000,450.000,400.000,275.000,175.000,625.000,100.000,275.000,-1,-1,575.000,-1,300.000,2,0,2,1,1,0,1,0,1,0,0,0,2,2,1,2,1
120,3776.212,2762.362,193.078,-104.437,-0.239066,0.961317,0.136813,-0.967696,-0.247494,0.048075,0.080076,-0.120901,0.989430,0,-0.04909,-0.75840,-2.946,-1.517,-1,525.000,-1,375.000,200.000,450.000,375.000,275.000,175.000,600.000,100.000,275.000,-1,-1,550.000,-1,275.000,2,0,2,1,1,0,1,0,1,0,0,0,2,2,1,2,1
121,3778.340,2769.807,193.349,-105.954,-0.264117,0.954318,0.139712,-0.960917,-0.272822,0.046979,0.082950,-0.121844,0.989077,0,-0.12909,-0.75838,-7.746,-1.517,-1,550.000,-1,350.000,175.000,450.000,375.000,275.000,175.000,575.000,100.000,275.000,-1,-1,525.000,-1,275.000,2,0,2,1,1,0,1,0,1,0,0,0,2,2,1,2,1
122,3779.236,2772.610,193.997,-107.711,-0.292763,0.945301,0.143859,-0.952243,-0.301884,0.045807,0.086730,-0.123578,0.988537,0,-0.04909,-0.87838,-2.946,-1.757,-1,550.000,-1,350.000,175.000,450.000,375.000,275.000,175.000,575.000,100.000,250.000,-1,-1,500.000,-1,250.000,2,0,2,1,1,0,1,0,1,0,0,0,2,2,1,2,1
123,3778.611,2770.860,195.056,-109.708,-0.324838,0.933905,0.149339,-0.941337,-0.334529,0.044442,0.091463,-0.126142,0.987787,0,0.03091,-0.99838,1.854,-1.997,-1,550.000,-1,325.000,175.000,450.000,350.000,275.000,175.000,550.000,75.000,250.000,-1,-1,500.000,-1,250.000,2,0,2,1,1,1,1,0,1,0,0,0,2,2,1,2,1
124,3776.151,2764.673,196.461,-111.708,-0.356392,0.921277,0.155668,-0.929320,-0.366766,0.042979,0.096689,-0.129348,0.986874,0,0.11091,-1.00000,6.654,-2.000,-1,550.000,-1,325.000,175.000,450.000,350.000,275.000,200.000,525.000,75.000,225.000,-1,-1,475.000,-1,250.000,2,0,2,1,1,1,1,0,1,0,0,0,2,2,1,2,1
125,3771.547,2754.180,198.272,-113.708,-0.387300,0.907440,0.162945,-0.916241,-0.398485,0.041375,0.102477,-0.133272,0.985767,0,0.19091,-1.00000,11.454,-2.000,-1,575.000,-1,325.000,175.000,425.000,325.000,250.000,200.000,475.000,75.000,225.000,-1,-1,450.000,-1,225.000,2,0,2,1,1,1,1,0,1,0,0,0,2,2,1,2,1
126,3764.498,2739.529,200.543,-115.708,-0.417474,0.892394,0.171311,-0.902138,-0.429630,0.039575,0.108917,-0.138025,0.984422,0,0.27091,-1.00000,16.254,-2.000,-1,575.000,-1,300.000,175.000,400.000,325.000,250.000,200.000,450.000,50.000,225.000,-1,-1,450.000,-1,225.000,2,0,2,1,1,1,1,0,1,0,0,0,2,2,1,2,1
127,3754.711,2720.882,203.321,-117.708,-0.446817,0.876135,0.180945,-0.887057,-0.460133,0.037507,0.116120,-0.143750,0.982778,0,0.35091,-1.00000,21.054,-2.000,-1,600.000,-1,300.000,175.000,400.000,300.000,250.000,200.000,425.000,50.000,200.000,-1,-1,425.000,-1,225.000,2,1,2,1,1,1,1,0,1,0,0,0,2,2,1,2,1
128,3741.902,2698.417,206.600,-119.708,-0.475237,0.858631,0.192100,-0.871080,-0.489909,0.034781,0.123975,-0.150805,0.980759,0,0.43091,-1.00000,25.854,-2.000,-1,550.000,-1,300.000,175.000,375.000,300.000,250.000,200.000,400.000,50.000,200.000,-1,-1,425.000,-1,200.000,2,1,2,1,1,1,1,0,1,0,0,0,2,2,1,2,1
129,3725.795,2672.328,210.419,-121.708,-0.502634,0.839867,0.204896,-0.854284,-0.518870,0.031184,0.132504,-0.159365,0.978287,0,0.51091,-1.00000,30.654,-2.000,-1,525.000,-1,275.000,175.000,350.000,275.000,250.000,225.000,350.000,25.000,200.000,-1,-1,425.000,-1,200.000,2,1,2,1,1,1,1,0,1,0,0,0,2,2,1,2,1
130,3706.126,2642.821,214.880,-123.708,-0.528887,0.819864,0.219321,-0.836742,-0.546942,0.026789,0.141919,-0.169347,0.975285,0,0.59091,-1.00000,35.454,-2.000,-1,500.000,-1,275.000,175.000,350.000,275.000,250.000,225.000,325.000,25.000,200.000,-1,-1,400.000,-1,200.000,2,1,2,1,1,1,1,0,1,0,0,0,2,2,1,2,1
131,3682.640,2610.118,220.033,-125.708,-0.553879,0.798611,0.235454,-0.818558,-0.574025,0.021405,0.152251,-0.180877,0.971650,0,0.67091,-1.00000,40.254,-2.000,-1,450.000,-1,275.000,150.000,325.000,275.000,225.000,225.000,275.000,25.000,175.000,-1,-1,400.000,-1,175.000,2,1,2,1,1,1,1,0,1,0,0,0,2,2,1,2,1
132,-2951.693,4263.560,216.436,-59.125,0.512680,0.858213,-0.025092,-0.858164,0.513122,0.016124,0.026714,0.013267,0.999555,1,0.00000,0.00000,45.054,-2.000,-1,400.000,-1,400.000,-1,325.000,325.000,300.000,300.000,-1,-1,-1,-1,775.000,725.000,-1,-1,2,0,2,0,2,0,0,0,0,2,2,2,2,0,0,2,2
