timestep,x_cm,y_cm,z_cm,yaw_deg,basis_xx,basis_xy,basis_xz,basis_yx,basis_yy,basis_yz,basis_zx,basis_zy,basis_zz,teleport_flag,throttle_cmd,steering_cmd,cmd_move_cm,cmd_turn_deg,lidar_cm_0,lidar_cm_1,lidar_cm_2,lidar_cm_3,lidar_cm_4,lidar_cm_5,lidar_cm_6,lidar_cm_7,lidar_cm_8,lidar_cm_9,lidar_cm_10,lidar_cm_11,lidar_cm_12,lidar_cm_13,lidar_cm_14,lidar_cm_15,lidar_cm_16,lidar_class_0,lidar_class_1,lidar_class_2,lidar_class_3,lidar_class_4,lidar_class_5,lidar_class_6,lidar_class_7,lidar_class_8,lidar_class_9,lidar_class_10,lidar_class_11,lidar_class_12,lidar_class_13,lidar_class_14,lidar_class_15,lidar_class_16
0,7578.894,146.439,249.524,-78.517,0.210591,0.974974,-0.071257,-0.968343,0.198054,-0.151942,-0.134027,0.100999,0.985817,1,0.00920,-0.12000,0.552,-0.240,425.000,300.000,775.000,450.000,-1,275.000,300.000,325.000,350.000,-1,-1,-1,-1,400.000,-1,375.000,-1,1,1,1,1,2,1,1,1,1,2,2,2,2,1,2,1,2
1,7579.005,145.879,249.403,-78.767,0.206363,0.975856,-0.071553,-0.969193,0.193809,-0.151996,-0.134459,0.100715,0.985788,0,0.00951,-0.12484,0.570,-0.250,425.000,300.000,800.000,450.000,-1,275.000,300.000,325.000,350.000,-1,-1,-1,-1,400.000,-1,375.000,-1,1,1,1,1,2,1,1,1,1,2,2,2,2,1,2,1,2
2,7579.116,145.300,249.280,-79.015,0.202161,0.976713,-0.071846,-0.970019,0.189591,-0.152050,-0.134888,0.100431,0.985758,0,0.00982,-0.12394,0.589,-0.248,425.000,300.000,800.000,450.000,-1,275.000,300.000,325.000,350.000,-1,-1,-1,-1,400.000,-1,375.000,-1,1,1,1,1,2,1,1,1,1,2,2,2,2,1,2,1,2
3,7579.229,144.702,249.155,-79.261,0.197986,0.977547,-0.072138,-0.970820,0.185399,-0.152103,-0.135314,0.100147,0.985729,0,0.01014,-0.12305,0.608,-0.246,425.000,300.000,800.000,450.000,-1,275.000,300.000,325.000,350.000,-1,-1,-1,-1,400.000,-1,375.000,-1,1,1,1,1,2,1,1,1,1,2,2,2,2,1,2,1,2
4,7579.343,144.085,249.029,-79.505,0.193837,0.978357,-0.072428,-0.971598,0.181234,-0.152157,-0.135738,0.099864,0.985699,0,0.01045,-0.12217,0.627,-0.244,400.000,300.000,825.000,450.000,-1,275.000,300.000,325.000,350.000,-1,-1,-1,-1,400.000,-1,375.000,-1,1,1,1,1,2,1,1,1,1,2,2,2,2,1,2,1,2
5,7579.458,143.450,248.902,-79.748,0.189715,0.979143,-0.072715,-0.972352,0.177095,-0.152211,-0.136159,0.099582,0.985669,0,0.01075,-0.12129,0.645,-0.243,400.000,300.000,825.000,450.000,-1,275.000,300.000,325.000,350.000,-1,-1,-1,-1,400.000,-1,375.000,-1,1,1,1,1,2,1,1,1,1,2,2,2,2,1,2,1,2
6,7579.573,142.796,248.772,-79.989,0.185618,0.979906,-0.073001,-0.973084,0.172982,-0.152266,-0.136578,0.099299,0.985640,0,0.01106,-0.12042,0.663,-0.241,400.000,300.000,850.000,450.000,-1,275.000,300.000,325.000,350.000,-1,-1,-1,-1,400.000,-1,375.000,-1,1,1,1,1,2,1,1,1,1,2,2,2,2,1,2,1,2
7,7579.688,142.125,248.641,-80.228,0.181548,0.980648,-0.073285,-0.973793,0.168896,-0.152321,-0.136995,0.099018,0.985610,0,0.01136,-0.11957,0.681,-0.239,400.000,300.000,875.000,475.000,-1,275.000,300.000,325.000,350.000,-1,-1,-1,-1,400.000,-1,375.000,-1,1,1,1,1,2,1,1,1,1,2,2,2,2,1,2,1,2
8,7579.803,141.434,248.509,-80.465,0.177504,0.981367,-0.073567,-0.974480,0.164835,-0.152376,-0.137410,0.098737,0.985581,0,0.01166,-0.11871,0.699,-0.237,400.000,300.000,875.000,475.000,-1,275.000,300.000,325.000,350.000,-1,-1,-1,-1,400.000,-1,375.000,-1,1,1,1,1,2,1,1,1,1,2,2,2,2,1,2,1,2
9,7580.668,136.003,247.798,-80.943,0.169425,0.982735,-0.074340,-0.975751,0.156657,-0.152871,-0.138586,0.098437,0.985446,0,0.09166,-0.23871,5.499,-0.477,400.000,300.000,925.000,475.000,-1,275.000,300.000,325.000,350.000,-1,-1,-1,-1,375.000,-1,350.000,-1,1,1,1,1,2,1,1,1,1,2,2,2,2,1,2,1,2
10,7582.195,125.816,246.545,-81.471,0.160547,0.984142,-0.075424,-0.977013,0.147595,-0.153823,-0.140251,0.098386,0.985216,0,0.17166,-0.26400,10.299,-0.528,375.000,300.000,950.000,475.000,-1,275.000,300.000,325.000,350.000,-1,-1,-1,-1,375.000,-1,350.000,-1,1,1,1,1,2,1,1,1,1,2,2,2,2,1,2,1,2
11,7584.297,110.863,244.751,-81.997,0.151761,0.985430,-0.076789,-0.978114,0.138537,-0.155241,-0.142341,0.098668,0.984888,0,0.25166,-0.26337,15.099,-0.527,350.000,275.000,1000.000,475.000,-1,275.000,300.000,325.000,350.000,-1,-1,-1,-1,375.000,-1,325.000,-1,1,1,1,1,2,1,1,1,1,2,2,2,2,1,2,1,2
12,7586.886,91.132,242.407,-82.524,0.143050,0.986601,-0.078457,-0.979056,0.129461,-0.157126,-0.144863,0.099290,0.984457,0,0.33166,-0.26347,19.899,-0.527,325.000,275.000,-1,500.000,-1,250.000,300.000,325.000,350.000,-1,-1,-1,-1,375.000,-1,300.000,-1,1,1,2,1,2,1,1,1,1,2,2,2,2,1,2,1,2
13,7589.873,66.612,239.503,-83.053,0.134393,0.987657,-0.080453,-0.979840,0.120339,-0.159476,-0.147826,0.100263,0.983918,0,0.41166,-0.26437,24.699,-0.529,300.000,275.000,-1,500.000,-1,250.000,300.000,325.000,350.000,-1,-1,-1,-1,350.000,-1,275.000,-1,1,1,2,1,2,1,1,1,1,2,2,2,2,1,2,1,2
14,7593.169,37.296,236.031,-83.586,0.125768,0.988598,-0.082803,-0.980465,0.111141,-0.162284,-0.151231,0.101595,0.983264,0,0.49166,-0.26622,29.499,-0.532,275.000,250.000,-1,500.000,-1,250.000,300.000,325.000,350.000,-1,-1,-1,-1,325.000,-1,250.000,-1,1,1,2,1,2,1,1,1,1,2,2,2,2,1,2,1,2
15,7596.687,3.177,230.419,-84.124,0.117804,0.988825,-0.091368,-0.981231,0.101764,-0.163800,-0.152671,0.108949,0.982253,0,0.57166,-0.26928,34.299,-0.539,225.000,250.000,-1,500.000,-1,225.000,300.000,325.000,350.000,-1,-1,-1,-1,325.000,-1,225.000,-1,1,1,2,1,2,1,1,1,1,2,2,2,2,1,2,1,2
16,7600.328,-35.754,223.844,-84.672,0.110192,0.988521,-0.103366,-0.981945,0.092186,-0.165181,-0.153756,0.119702,0.980832,0,0.65166,-0.27401,39.099,-0.548,200.000,225.000,-1,525.000,-1,225.000,300.000,325.000,350.000,-1,-1,-1,-1,300.000,-1,200.000,-1,1,1,2,1,2,1,1,1,1,2,2,2,2,1,2,1,2
17,7604.003,-79.497,218.563,-85.235,0.102961,0.986666,-0.126053,-0.983735,0.082254,-0.159689,-0.147192,0.140445,0.979086,0,0.73166,-0.28118,43.899,-0.562,175.000,225.000,-1,550.000,-1,225.000,300.000,350.000,325.000,-1,-1,-1,-1,300.000,-1,175.000,-1,1,1,2,1,2,1,1,0,1,2,2,2,2,1,2,1,2
18,-4427.526,-3077.232,-428.668,-66.203,0.401161,0.914954,-0.043930,-0.911493,0.403480,0.079904,0.090834,0.007988,0.995834,1,0.00000,0.00000,48.699,-0.585,525.000,225.000,-1,225.000,-1,175.000,175.000,-1,475.000,-1,75.000,150.000,-1,300.000,425.000,375.000,-1,1,1,2,1,2,1,1,2,0,2,0,0,2,1,1,1,2
19,-4425.571,-3081.616,-428.136,-65.963,0.404963,0.913261,-0.044267,-0.909641,0.407311,0.081557,0.092513,0.007239,0.995685,0,0.08000,0.12000,4.800,0.240,525.000,225.000,-1,225.000,-1,175.000,175.000,-1,475.000,-1,75.000,150.000,-1,300.000,425.000,375.000,-1,1,1,2,1,2,1,1,2,0,2,0,0,2,1,1,1,2
20,-4421.608,-3090.361,-426.979,-65.616,0.410384,0.910780,-0.045445,-0.906848,0.412842,0.084779,0.095977,0.006420,0.995363,0,0.16000,0.17367,9.600,0.347,525.000,225.000,-1,225.000,-1,175.000,175.000,-1,475.000,-1,75.000,150.000,-1,300.000,450.000,375.000,-1,1,1,2,1,2,1,1,2,0,2,0,0,2,1,1,1,2
21,-4415.585,-3103.442,-425.097,-65.279,0.415478,0.908338,-0.047969,-0.903938,0.418192,0.089510,0.101365,0.006172,0.994830,0,0.24000,0.16848,14.400,0.337,525.000,225.000,-1,225.000,-1,175.000,175.000,-1,475.000,-1,75.000,150.000,-1,300.000,450.000,375.000,-1,1,1,2,1,2,1,1,2,0,2,0,0,2,1,1,1,2
22,326.306,2294.372,-103.410,130.012,-0.659599,-0.629808,0.410208,0.750921,-0.528701,0.395718,-0.032349,0.569049,0.821667,1,0.00000,0.00000,19.200,0.325,-1,350.000,625.000,350.000,675.000,275.000,275.000,-1,-1,-1,0.000,0.000,925.000,500.000,500.000,-1,575.000,2,1,1,1,1,1,1,2,2,2,1,1,1,0,1,2,1
23,3964.409,5108.733,246.433,117.786,-0.439596,-0.871997,-0.215354,0.886756,-0.459482,0.050396,-0.142896,-0.168813,0.975235,1,0.08000,-0.03103,4.800,-0.062,-1,-1,-1,725.000,325.000,-1,-1,200.000,300.000,-1,950.000,-1,-1,-1,-1,-1,-1,2,2,2,1,1,2,2,1,0,2,1,2,2,2,2,2,2
24,3959.934,5117.228,244.475,117.725,-0.437394,-0.872054,-0.219567,0.887201,-0.458331,0.052980,-0.146835,-0.171627,0.974158,0,0.16000,-0.03041,9.600,-0.061,-1,-1,-1,725.000,325.000,-1,-1,200.000,300.000,-1,1000.000,-1,-1,-1,-1,-1,-1,2,2,2,1,1,2,2,1,0,2,1,2,2,2,2,2,2
25,3953.234,5129.978,241.485,117.667,-0.434478,-0.871851,-0.226063,0.887601,-0.457084,0.056914,-0.152951,-0.175926,0.972449,0,0.24000,-0.02937,14.400,-0.059,-1,-1,-1,725.000,325.000,-1,-1,200.000,300.000,-1,-1,-1,-1,-1,-1,-1,-1,2,2,2,1,1,2,2,1,0,2,2,2,2,2,2,2,2
26,3944.317,5146.986,237.409,117.611,-0.430734,-0.871338,-0.235026,0.887934,-0.455735,0.062273,-0.161370,-0.181865,0.969992,0,0.32000,-0.02787,19.200,-0.056,-1,-1,-1,725.000,300.000,-1,-1,225.000,300.000,-1,-1,-1,-1,-1,-1,-1,-1,2,2,2,1,1,2,2,1,0,2,2,2,2,2,2,2,2
27,3933.186,5168.254,232.178,117.559,-0.425991,-0.870444,-0.246696,0.888178,-0.454268,0.069146,-0.172254,-0.189654,0.966623,0,0.40000,-0.02585,24.000,-0.052,-1,-1,-1,725.000,275.000,-1,-1,225.000,300.000,-1,-1,-1,-1,-1,-1,-1,-1,2,2,2,1,1,2,2,1,0,2,2,2,2,2,2,2,2
28,3919.844,5193.784,226.177,117.513,-0.420086,-0.868756,-0.262279,0.888555,-0.452493,0.075633,-0.184386,-0.201277,0.962024,0,0.48000,-0.02318,28.800,-0.046,-1,-1,-1,725.000,275.000,-1,-1,225.000,325.000,-1,-1,-1,-1,-1,-1,-1,-1,2,2,2,1,1,2,2,1,0,2,2,2,2,2,2,2,2
29,3904.293,5223.578,218.735,117.473,-0.412603,-0.866472,-0.281043,0.888771,-0.450545,0.084237,-0.199611,-0.215027,0.955991,0,0.56000,-0.01972,33.600,-0.039,-1,-1,-1,750.000,250.000,-1,-1,225.000,325.000,-1,0.000,-1,-1,-1,-1,-1,-1,2,2,2,1,1,2,2,1,0,2,0,2,2,2,2,2,2
30,3886.536,5257.639,209.292,117.443,-0.403216,-0.863731,-0.302302,0.888553,-0.448537,0.096381,-0.218841,-0.229749,0.948327,0,0.64000,-0.01522,38.400,-0.030,-1,-1,-1,725.000,225.000,-1,-1,250.000,325.000,-1,0.000,-1,-1,-1,-1,-1,-1,2,2,2,1,1,2,2,1,0,2,1,2,2,2,2,2,2
31,1639.836,-2295.761,57.302,20.832,0.932198,-0.355554,-0.067738,0.356192,0.934409,-0.002830,0.064301,-0.021489,0.997699,1,0.00000,0.00000,43.200,-0.019,-1,350.000,-1,375.000,-1,300.000,300.000,300.000,300.000,-1,375.000,250.000,-1,600.000,700.000,-1,-1,2,0,2,0,2,0,0,0,0,2,0,0,2,0,0,2,2
32,1644.329,-2294.073,57.608,20.592,0.933662,-0.351641,-0.067991,0.352249,0.935901,-0.003236,0.064770,-0.020928,0.997681,0,0.08000,-0.12000,4.800,-0.240,-1,350.000,-1,375.000,-1,300.000,300.000,300.000,300.000,-1,375.000,250.000,-1,600.000,700.000,-1,-1,2,0,2,0,2,0,0,0,0,2,0,0,2,0,0,2,2
33,1653.344,-2290.772,58.224,20.112,0.936543,-0.343796,-0.068497,0.344343,0.938835,-0.004041,0.065696,-0.019801,0.997643,0,0.16000,-0.24000,9.600,-0.480,-1,350.000,-1,400.000,-1,300.000,300.000,300.000,300.000,-1,375.000,275.000,-1,600.000,700.000,-1,-1,2,0,2,0,2,0,0,0,0,2,0,0,2,0,0,2,2
34,1666.914,-2285.955,59.152,19.543,0.939861,-0.334464,-0.069245,0.334922,0.942231,-0.005245,0.066999,-0.018262,0.997586,0,0.24000,-0.28455,14.400,-0.569,-1,350.000,-1,400.000,-1,300.000,300.000,300.000,300.000,-1,375.000,275.000,-1,600.000,725.000,-1,-1,2,0,2,0,2,0,0,0,0,2,0,0,2,0,0,2,2
35,1685.070,-2279.708,60.397,18.989,0.942987,-0.325336,-0.070226,0.325677,0.945456,-0.006847,0.068623,-0.016414,0.997508,0,0.32000,-0.27740,19.200,-0.555,-1,350.000,-1,400.000,-1,300.000,300.000,300.000,300.000,-1,375.000,275.000,-1,600.000,725.000,-1,-1,2,0,2,0,2,0,0,0,0,2,0,0,2,0,0,2,2
36,1707.837,-2272.112,61.970,18.451,0.945910,-0.316466,-0.071435,0.316664,0.948497,-0.008842,0.070554,-0.014258,0.997406,0,0.40000,-0.26864,24.000,-0.537,-1,350.000,-1,400.000,-1,300.000,325.000,300.000,300.000,-1,400.000,275.000,-1,600.000,725.000,-1,-1,2,0,2,0,2,0,0,0,0,2,0,0,2,0,0,2,2
37,1735.237,-2263.244,63.883,17.935,0.948619,-0.307915,-0.072869,0.307936,0.951341,-0.011224,0.072779,-0.011792,0.997278,0,0.48000,-0.25818,28.800,-0.516,-1,350.000,-1,400.000,-1,300.000,325.000,300.000,300.000,-1,400.000,275.000,1000.000,600.000,725.000,-1,-1,2,0,2,0,2,0,0,0,0,2,0,0,0,0,0,2,2
38,1767.293,-2253.172,66.147,17.443,0.951104,-0.299745,-0.074520,0.299554,0.953977,-0.013991,0.075284,-0.009016,0.997121,0,0.56000,-0.24593,33.600,-0.492,-1,350.000,-1,400.000,-1,300.000,325.000,300.000,300.000,-1,400.000,275.000,975.000,600.000,725.000,-1,-1,2,0,2,0,2,0,0,0,0,2,0,0,0,0,0,2,2
39,1804.019,-2241.957,68.778,16.979,0.953356,-0.292024,-0.076380,0.291581,0.956393,-0.017142,0.078055,-0.005929,0.996931,0,0.64000,-0.23179,38.400,-0.464,-1,350.000,-1,400.000,-1,300.000,325.000,300.000,300.000,-1,400.000,275.000,950.000,600.000,725.000,-1,-1,2,0,2,0,2,0,0,0,0,2,0,0,0,0,0,2,2
40,1845.430,-2229.652,71.789,16.548,0.955366,-0.284821,-0.078440,0.284081,0.958577,-0.020675,0.081079,-0.002531,0.996704,0,0.72000,-0.21563,43.200,-0.431,-1,350.000,-1,400.000,-1,300.000,325.000,300.000,300.000,-1,400.000,275.000,925.000,625.000,750.000,-1,1000.000,2,0,2,0,2,0,0,0,0,2,0,0,0,0,0,2,1
41,1891.536,-2216.298,75.308,16.154,0.957141,-0.278212,-0.080492,0.277166,0.960519,-0.024112,0.084022,0.000769,0.996464,0,0.80000,-0.19734,48.000,-0.395,-1,350.000,-1,400.000,-1,300.000,325.000,300.000,300.000,-1,400.000,275.000,900.000,625.000,750.000,-1,950.000,2,0,2,0,2,0,0,0,0,2,0,0,0,0,1,2,1
42,1942.341,-2201.921,79.589,15.800,0.958699,-0.272277,-0.082229,0.271004,0.962214,-0.026481,0.086332,0.003103,0.996262,0,0.88000,-0.17682,52.800,-0.354,-1,350.000,-1,400.000,-1,300.000,325.000,300.000,300.000,-1,425.000,300.000,900.000,625.000,725.000,-1,900.000,2,0,2,0,2,0,0,0,0,2,0,0,0,0,1,2,1
43,1994.578,-2187.442,84.097,15.492,0.959996,-0.267100,-0.084059,0.265595,0.963654,-0.028812,0.088700,0.005334,0.996044,0,0.90342,-0.15395,54.205,-0.308,-1,350.000,1000.000,400.000,-1,300.000,325.000,300.000,300.000,-1,450.000,325.000,900.000,625.000,675.000,950.000,850.000,2,0,1,0,2,0,0,0,0,2,0,0,0,0,1,1,1
44,2046.520,-2173.297,88.815,15.232,0.961101,-0.262717,-0.085232,0.260942,0.964839,-0.031545,0.090523,0.008078,0.995862,0,0.89722,-0.13006,53.833,-0.260,-1,350.000,950.000,400.000,-1,300.000,300.000,300.000,300.000,-1,475.000,350.000,925.000,625.000,650.000,900.000,800.000,2,0,1,0,2,0,0,1,0,2,0,0,0,0,1,1,1
45,2098.077,-2159.462,93.816,15.020,0.962000,-0.259137,-0.086050,0.257011,0.965770,-0.035118,0.092205,0.011667,0.995672,0,0.88967,-0.10598,53.380,-0.212,-1,350.000,900.000,400.000,1000.000,300.000,300.000,300.000,300.000,-1,525.000,375.000,925.000,625.000,625.000,850.000,750.000,2,0,1,0,1,0,0,1,0,2,0,0,0,0,1,1,1
46,2149.162,-2145.910,98.855,14.856,0.962662,-0.256364,-0.086943,0.253884,0.966462,-0.038664,0.093939,0.015147,0.995463,0,0.88086,-0.08186,52.852,-0.164,975.000,350.000,850.000,400.000,875.000,300.000,300.000,325.000,300.000,-1,550.000,425.000,925.000,625.000,575.000,800.000,700.000,1,0,1,0,1,0,0,1,0,2,0,0,0,0,1,1,1
47,2199.696,-2132.613,103.992,14.740,0.963070,-0.254398,-0.088194,0.251583,0.966930,-0.041873,0.095929,0.018139,0.995223,0,0.87090,-0.05789,52.254,-0.116,900.000,350.000,825.000,400.000,800.000,300.000,300.000,350.000,300.000,-1,575.000,450.000,925.000,600.000,550.000,750.000,625.000,1,0,1,0,1,0,0,1,0,2,0,0,0,1,1,1,1
48,2249.611,-2119.548,109.161,14.666,0.963278,-0.253126,-0.089574,0.249982,0.967208,-0.044915,0.098006,0.020873,0.994967,0,0.85993,-0.03728,51.596,-0.075,850.000,350.000,775.000,400.000,700.000,300.000,300.000,350.000,300.000,-1,600.000,475.000,950.000,575.000,525.000,725.000,575.000,1,0,1,1,1,0,0,1,0,2,0,0,0,1,1,1,1
49,2298.851,-2106.716,114.316,14.605,0.963423,-0.252083,-0.090945,0.248607,0.967419,-0.047899,0.100057,0.023537,0.994703,0,0.84806,-0.03044,50.884,-0.061,800.000,350.000,725.000,375.000,625.000,300.000,325.000,400.000,300.000,-1,600.000,500.000,950.000,525.000,500.000,675.000,525.000,1,0,1,1,1,0,0,1,0,2,0,0,0,1,1,1,1
50,2347.362,-2094.118,119.447,14.556,0.963515,-0.251236,-0.092304,0.247426,0.967573,-0.050825,0.102080,0.026132,0.994433,0,0.83532,-0.02460,50.119,-0.049,750.000,350.000,675.000,350.000,575.000,300.000,325.000,425.000,300.000,-1,625.000,525.000,950.000,500.000,450.000,625.000,500.000,1,0,1,1,1,0,1,1,0,2,0,0,0,1,1,1,1
51,2395.100,-2081.756,124.549,14.516,0.963563,-0.250552,-0.093648,0.246403,0.967679,-0.053692,0.104074,0.028660,0.994156,0,0.82188,-0.01976,49.313,-0.040,700.000,350.000,625.000,325.000,500.000,300.000,300.000,475.000,300.000,-1,650.000,550.000,950.000,475.000,425.000,575.000,450.000,1,1,1,1,1,0,1,1,0,2,0,0,0,1,1,1,1
52,2442.034,-2069.630,129.615,14.484,0.963577,-0.249996,-0.094978,0.245508,0.967747,-0.056500,0.106040,0.031124,0.993875,0,0.80790,-0.01591,48.474,-0.032,650.000,325.000,600.000,300.000,450.000,275.000,275.000,500.000,300.000,-1,650.000,550.000,950.000,450.000,400.000,525.000,400.000,1,1,1,1,1,1,1,1,0,2,0,0,0,1,1,1,1
53,2488.141,-2057.740,134.641,14.458,0.963566,-0.249536,-0.096292,0.244708,0.967785,-0.059249,0.107975,0.033527,0.993588,0,0.79358,-0.01302,47.615,-0.026,575.000,300.000,550.000,275.000,375.000,275.000,250.000,500.000,300.000,-1,675.000,575.000,925.000,400.000,375.000,475.000,350.000,1,1,1,1,1,1,1,1,0,2,0,0,0,1,1,1,1
54,2533.411,-2046.084,139.622,14.436,0.963538,-0.249142,-0.097589,0.243971,0.967802,-0.061939,0.109878,0.035872,0.993298,0,0.77910,-0.01107,46.746,-0.022,525.000,275.000,500.000,250.000,325.000,250.000,225.000,475.000,300.000,-1,675.000,575.000,925.000,375.000,325.000,425.000,300.000,1,1,1,1,1,1,1,1,0,2,0,0,0,1,1,1,1
55,2577.843,-2034.661,144.753,14.416,0.963439,-0.248789,-0.099443,0.243322,0.967834,-0.063962,0.112158,0.037427,0.992985,0,0.76461,-0.01002,45.877,-0.020,475.000,275.000,475.000,225.000,275.000,225.000,225.000,475.000,300.000,-1,675.000,550.000,925.000,350.000,300.000,400.000,250.000,1,1,1,1,1,1,1,1,0,2,0,0,0,1,1,1,1
56,2626.987,-2022.274,154.560,14.156,0.962594,-0.244493,-0.116773,0.239616,0.969346,-0.054340,0.126479,0.024326,0.991671,0,0.84461,-0.13002,50.677,-0.260,425.000,250.000,475.000,225.000,275.000,225.000,200.000,425.000,350.000,-1,400.000,375.000,975.000,325.000,300.000,350.000,250.000,1,1,1,1,1,1,1,1,0,2,0,0,0,1,1,1,1
57,2678.120,-2009.858,164.748,13.656,0.962418,-0.236079,-0.134231,0.232177,0.971667,-0.044241,0.140873,0.011413,0.989962,0,0.87689,-0.25002,52.614,-0.500,375.000,250.000,450.000,225.000,275.000,200.000,200.000,375.000,400.000,-1,250.000,275.000,-1,325.000,300.000,325.000,250.000,1,1,1,1,1,1,1,1,0,2,0,0,2,1,1,1,1
58,2728.970,-1998.026,177.640,13.099,0.961340,-0.226625,-0.156419,0.222026,0.973931,-0.046510,0.162882,0.009982,0.986595,0,0.86999,-0.27850,52.200,-0.557,375.000,250.000,475.000,225.000,300.000,200.000,200.000,375.000,425.000,-1,175.000,200.000,975.000,325.000,325.000,325.000,275.000,1,1,1,1,1,1,1,1,0,2,0,0,0,1,1,1,1
59,2779.530,-1986.789,192.231,12.525,0.959112,-0.216845,-0.181884,0.210015,0.976079,-0.056245,0.189730,0.015747,0.981710,0,0.86303,-0.28687,51.782,-0.574,425.000,250.000,550.000,250.000,325.000,225.000,225.000,425.000,450.000,-1,125.000,150.000,850.000,350.000,325.000,350.000,300.000,1,1,1,1,1,1,1,1,1,2,0,0,0,1,1,1,1
60,-8855.080,-7543.221,-394.117,-101.465,-0.198715,0.979671,0.027532,-0.980056,-0.198691,-0.003629,0.001915,-0.027704,0.999614,1,0.00000,0.00000,51.370,-0.593,-1,400.000,-1,375.000,-1,325.000,325.000,300.000,300.000,525.000,-1,-1,-1,750.000,700.000,-1,-1,2,0,2,0,2,0,0,0,0,1,2,2,2,0,0,2,2
61,-8856.021,-7547.928,-394.106,-101.302,-0.195925,0.980227,0.027726,-0.980617,-0.195899,-0.003663,0.001841,-0.027906,0.999609,0,0.08000,0.08157,4.800,0.163,-1,400.000,-1,375.000,-1,325.000,325.000,300.000,300.000,550.000,-1,-1,-1,750.000,700.000,-1,-1,2,0,2,0,2,0,0,0,0,1,2,2,2,0,0,2,2
62,-8857.875,-7557.347,-394.082,-101.139,-0.193138,0.980769,0.028100,-0.981170,-0.193111,-0.003720,0.001778,-0.028289,0.999598,0,0.16000,0.08142,9.600,0.163,-1,400.000,-1,375.000,-1,325.000,325.000,300.000,300.000,550.000,-1,-1,-1,750.000,700.000,-1,-1,2,0,2,0,2,0,0,0,0,1,2,2,2,0,0,2,2
63,-8860.617,-7571.484,-394.045,-100.977,-0.190360,0.981296,0.028650,-0.981713,-0.190330,-0.003799,0.001725,-0.028849,0.999582,0,0.24000,0.08111,14.400,0.162,-1,400.000,-1,375.000,-1,325.000,325.000,300.000,300.000,550.000,-1,-1,-1,725.000,700.000,-1,-1,2,0,2,0,2,0,0,0,0,1,2,2,2,0,0,2,2
64,-8864.219,-7590.343,-393.992,-100.815,-0.187596,0.981807,0.029372,-0.982245,-0.187563,-0.003899,0.001681,-0.029582,0.999561,0,0.32000,0.08063,19.200,0.161,-1,400.000,-1,375.000,-1,325.000,325.000,300.000,300.000,550.000,-1,-1,-1,725.000,700.000,-1,-1,2,0,2,0,2,0,0,0,0,1,2,2,2,0,0,2,2
65,-8868.657,-7613.929,-393.923,-100.655,-0.184854,0.982300,0.030260,-0.982765,-0.184817,-0.004018,0.001645,-0.030481,0.999534,0,0.40000,0.07996,24.000,0.160,-1,400.000,-1,375.000,-1,325.000,325.000,300.000,300.000,575.000,-1,-1,-1,725.000,700.000,-1,-1,2,0,2,0,2,0,0,0,0,1,2,2,2,0,0,2,2
66,-8873.903,-7642.247,-393.833,-100.497,-0.182140,0.982774,0.031308,-0.983271,-0.182099,-0.004155,0.001618,-0.031541,0.999501,0,0.48000,0.07907,28.800,0.158,-1,400.000,-1,375.000,-1,325.000,300.000,300.000,300.000,575.000,-1,-1,-1,725.000,700.000,-1,-1,2,0,2,0,2,0,0,0,0,1,2,2,2,0,0,2,2
67,-8879.935,-7675.301,-393.719,-100.341,-0.179463,0.983227,0.032508,-0.983763,-0.179418,-0.004307,0.001598,-0.032753,0.999462,0,0.56000,0.07793,33.600,0.156,-1,400.000,-1,375.000,-1,325.000,300.000,300.000,300.000,575.000,-1,-1,-1,725.000,700.000,1000.000,-1,2,0,2,0,2,0,0,0,0,1,2,2,2,0,0,1,2
68,-8886.727,-7713.096,-393.577,-100.188,-0.176833,0.983658,0.033852,-0.984240,-0.176784,-0.004471,0.001586,-0.034109,0.999417,0,0.64000,0.07650,38.400,0.153,-1,375.000,-1,375.000,-1,325.000,300.000,300.000,300.000,600.000,-1,-1,-1,725.000,700.000,950.000,-1,2,0,2,0,2,0,0,0,0,1,2,2,2,0,0,1,2
69,-8894.257,-7755.635,-393.402,-100.039,-0.174263,0.984065,0.035328,-0.984698,-0.174209,-0.004645,0.001583,-0.035597,0.999365,0,0.72000,0.07473,43.200,0.149,975.000,375.000,-1,375.000,-1,325.000,300.000,300.000,300.000,600.000,-1,-1,-1,700.000,700.000,900.000,-1,1,0,2,0,2,0,0,0,0,1,2,2,2,0,0,1,2
70,-8902.503,-7802.921,-393.188,-99.894,-0.171766,0.984445,0.036927,-0.985136,-0.171706,-0.004827,0.001589,-0.037207,0.999306,0,0.80000,0.07256,48.000,0.145,925.000,375.000,-1,375.000,-1,300.000,300.000,300.000,300.000,625.000,-1,-1,-1,700.000,700.000,875.000,-1,1,0,2,0,2,0,0,0,0,1,2,2,2,0,0,1,2
71,-8910.908,-7851.816,-392.891,-99.754,-0.169333,0.984810,0.038419,-0.985556,-0.169293,-0.004326,0.002244,-0.038596,0.999252,0,0.82688,0.06993,49.613,0.140,875.000,375.000,-1,375.000,-1,300.000,300.000,325.000,300.000,625.000,-1,-1,-1,700.000,700.000,825.000,-1,1,0,2,0,2,0,0,0,0,1,2,2,2,1,0,1,2
72,-8919.177,-7900.605,-392.402,-99.620,-0.166974,0.985179,0.039270,-0.985955,-0.166986,-0.003007,0.003595,-0.039221,0.999224,0,0.82473,0.06699,49.484,0.134,825.000,375.000,-1,375.000,-1,300.000,300.000,325.000,300.000,650.000,-1,-1,-1,675.000,700.000,775.000,-1,1,0,2,0,2,0,0,0,0,1,2,2,2,1,0,1,2
73,-8927.320,-7949.303,-391.952,-99.492,-0.164714,0.985530,0.039991,-0.986328,-0.164787,-0.001495,0.005116,-0.039690,0.999199,0,0.82291,0.06383,49.375,0.128,775.000,375.000,-1,375.000,-1,325.000,300.000,325.000,300.000,650.000,-1,-1,-1,650.000,725.000,725.000,-1,1,0,2,0,2,0,0,0,0,1,2,2,2,1,1,1,2
74,-8935.345,-7997.930,-391.490,-99.371,-0.162570,0.985856,0.040729,-0.986675,-0.162703,-0.000034,0.006593,-0.040191,0.999170,0,0.82141,0.06047,49.285,0.121,725.000,375.000,-1,375.000,-1,325.000,325.000,325.000,300.000,675.000,-1,-1,-1,600.000,700.000,675.000,-1,1,0,2,0,2,0,0,0,0,1,2,2,2,1,1,1,2
75,-8943.263,-8046.504,-391.025,-99.258,-0.160548,0.986157,0.041450,-0.986996,-0.160741,0.001359,0.008003,-0.040692,0.999140,0,0.82024,0.05690,49.215,0.114,675.000,375.000,-1,375.000,-1,325.000,325.000,325.000,300.000,675.000,-1,-1,-1,575.000,700.000,625.000,-1,1,0,2,0,2,0,0,0,0,1,2,2,2,1,1,1,2
76,-8952.027,-8099.803,-390.500,-99.339,-0.161869,0.985908,0.042236,-0.986765,-0.162131,0.002830,0.009638,-0.041219,0.999104,0,0.90024,-0.04047,54.015,-0.081,625.000,375.000,-1,375.000,-1,325.000,325.000,325.000,300.000,700.000,-1,-1,-1,525.000,700.000,575.000,-1,1,0,2,0,2,0,0,0,0,1,2,2,2,1,1,1,2
77,-8961.500,-8156.933,-389.927,-99.414,-0.163098,0.985669,0.043073,-0.986545,-0.163431,0.004315,0.011292,-0.041790,0.999063,0,0.96517,-0.03790,57.910,-0.076,550.000,375.000,1000.000,400.000,-1,325.000,325.000,325.000,300.000,700.000,875.000,-1,-1,500.000,700.000,525.000,-1,1,0,1,0,2,0,0,0,0,1,0,2,2,1,1,1,2
78,-8971.110,-8214.460,-389.340,-99.484,-0.164226,0.985445,0.043908,-0.986339,-0.164629,0.005714,0.012859,-0.042370,0.999019,0,0.97207,-0.03494,58.324,-0.070,500.000,375.000,950.000,400.000,-1,325.000,325.000,325.000,300.000,725.000,800.000,-1,-1,450.000,725.000,475.000,-1,1,1,1,0,2,0,0,0,0,1,0,2,2,1,1,1,2
79,-8980.852,-8272.381,-388.739,-99.548,-0.165243,0.985238,0.044739,-0.986149,-0.165715,0.007024,0.014335,-0.042959,0.998974,0,0.97892,-0.03169,58.735,-0.063,450.000,325.000,925.000,375.000,-1,300.000,325.000,300.000,300.000,725.000,725.000,-1,-1,425.000,850.000,425.000,-1,1,1,1,1,2,1,1,0,0,1,0,2,2,1,0,1,2
80,-8990.719,-8330.695,-388.122,-99.604,-0.166140,0.985049,0.045566,-0.985977,-0.166678,0.008243,0.015715,-0.043557,0.998927,0,0.98571,-0.02813,59.143,-0.056,375.000,300.000,875.000,375.000,-1,275.000,300.000,300.000,300.000,750.000,650.000,-1,-1,375.000,875.000,350.000,-1,1,1,1,1,2,1,1,0,0,1,0,2,2,1,0,1,2
81,-9000.703,-8389.397,-387.490,-99.652,-0.166905,0.984881,0.046386,-0.985827,-0.167506,0.009368,0.016996,-0.044165,0.998880,0,0.99240,-0.02421,59.544,-0.048,325.000,275.000,825.000,350.000,-1,250.000,275.000,300.000,300.000,775.000,575.000,925.000,-1,350.000,900.000,300.000,-1,1,1,1,1,2,1,1,0,0,1,0,0,2,1,0,1,2
82,-9010.794,-8448.480,-386.844,-99.692,-0.167523,0.984738,0.047199,-0.985701,-0.168185,0.010396,0.018175,-0.044783,0.998831,0,0.99898,-0.01989,59.939,-0.040,250.000,250.000,775.000,325.000,-1,225.000,250.000,300.000,300.000,800.000,575.000,800.000,-1,300.000,900.000,250.000,-1,1,1,1,1,2,1,1,0,0,1,0,0,2,1,1,1,2
83,-9020.931,-8507.618,-384.055,-99.722,-0.167935,0.984974,0.040289,-0.985493,-0.168760,0.017994,0.024522,-0.036683,0.999026,0,1.00000,-0.01509,60.000,-0.030,200.000,225.000,825.000,325.000,-1,225.000,250.000,325.000,300.000,825.000,500.000,500.000,-1,275.000,875.000,200.000,-1,1,1,1,1,2,1,1,0,0,1,0,0,2,1,1,1,2
84,-9031.090,-8566.753,-376.994,-99.742,-0.168565,0.985519,0.018365,-0.984710,-0.169199,0.041435,0.043943,-0.011100,0.998972,0,1.00000,-0.00978,60.000,-0.020,200.000,225.000,-1,350.000,-1,225.000,250.000,375.000,275.000,875.000,350.000,250.000,-1,300.000,875.000,200.000,-1,1,1,2,1,2,1,1,0,0,1,0,0,2,1,1,1,2
85,-9041.248,-8625.890,-368.699,-99.750,-0.169621,0.985508,0.001526,-0.983235,-0.169334,0.067634,0.066912,0.009972,0.997709,0,1.00000,-0.00387,60.000,-0.008,200.000,225.000,-1,425.000,-1,225.000,275.000,450.000,275.000,925.000,275.000,150.000,875.000,300.000,875.000,200.000,-1,1,1,2,1,2,1,1,0,0,1,0,0,0,1,1,1,2
86,-9051.393,-8685.031,-360.380,-99.744,-0.171316,0.985098,-0.015244,-0.981103,-0.169168,0.093916,0.089937,0.031045,0.995463,0,1.00000,0.00272,60.000,0.005,200.000,250.000,-1,525.000,-1,250.000,300.000,525.000,275.000,975.000,225.000,100.000,575.000,325.000,900.000,175.000,-1,1,1,2,1,2,1,1,1,0,1,0,0,0,1,1,1,2
87,-9061.509,-8744.178,-352.286,-99.724,-0.173709,0.984244,-0.032996,-0.978382,-0.168663,0.119676,0.112225,0.053071,0.992265,0,1.00000,0.01013,60.000,0.020,200.000,250.000,-1,625.000,-1,250.000,325.000,525.000,275.000,-1,200.000,50.000,400.000,350.000,925.000,175.000,-1,1,1,2,1,2,1,1,1,0,2,0,0,0,1,1,1,2
88,-9071.579,-8803.333,-344.689,-99.687,-0.176600,0.982973,-0.050764,-0.975278,-0.167791,0.143803,0.132836,0.074904,0.988304,0,1.00000,0.01850,60.000,0.037,200.000,275.000,-1,625.000,-1,275.000,375.000,525.000,275.000,-1,175.000,50.000,325.000,375.000,975.000,175.000,-1,1,1,2,1,2,1,1,1,0,2,0,0,0,1,1,1,2
89,-5574.394,2953.422,-618.392,-29.569,0.807806,0.423486,0.410010,-0.567621,0.746407,0.347394,-0.158918,-0.513357,0.843332,1,0.00000,0.00000,60.000,-0.203,-1,375.000,575.000,250.000,350.000,275.000,225.000,450.000,-1,550.000,0.000,0.000,-1,550.000,325.000,800.000,275.000,2,1,1,1,1,1,1,1,2,1,1,1,2,1,1,1,1
90,7961.307,-8.153,265.576,-107.913,-0.299355,0.948825,-0.100588,-0.949413,-0.306694,-0.067476,-0.094872,0.075300,0.992637,1,0.08000,-0.12000,4.800,-0.240,150.000,275.000,-1,-1,-1,275.000,375.000,475.000,275.000,-1,-1,-1,-1,375.000,-1,150.000,-1,1,1,2,2,2,1,1,0,1,2,2,2,2,1,2,1,2
91,7958.281,-17.263,265.254,-108.393,-0.307155,0.945969,-0.103913,-0.947080,-0.314548,-0.064024,-0.093251,0.078749,0.992524,0,0.16000,-0.24000,9.600,-0.480,150.000,275.000,-1,-1,-1,275.000,375.000,475.000,250.000,-1,-1,-1,-1,375.000,-1,150.000,-1,1,1,2,2,2,1,1,0,1,2,2,2,2,1,2,1,2
92,7953.570,-30.870,264.696,-109.113,-0.318833,0.941564,-0.108639,-0.943426,-0.326279,-0.059068,-0.091063,0.083660,0.992325,0,0.24000,-0.36000,14.400,-0.720,150.000,275.000,-1,-1,-1,300.000,400.000,500.000,250.000,-1,-1,525.000,-1,400.000,-1,150.000,-1,1,1,2,2,2,1,1,0,1,2,2,0,2,1,2,1,2
93,7946.985,-48.906,263.807,-110.073,-0.334355,0.935471,-0.114463,-0.938273,-0.341828,-0.052893,-0.088607,0.089712,0.992018,0,0.32000,-0.48000,19.200,-0.960,150.000,300.000,-1,-1,-1,300.000,425.000,525.000,250.000,-1,-1,375.000,800.000,425.000,-1,150.000,-1,1,1,2,2,2,1,1,1,1,2,2,0,0,1,2,1,2
94,7938.285,-71.273,262.360,-111.273,-0.353656,0.927485,-0.121241,-0.931416,-0.361102,-0.045499,-0.085980,0.096835,0.991580,0,0.40000,-0.60000,24.000,-1.200,125.000,300.000,-1,-1,-1,325.000,475.000,525.000,250.000,-1,-1,275.000,675.000,450.000,-1,150.000,-1,1,1,2,2,2,1,1,1,1,2,2,0,0,1,2,1,2
95,7927.172,-97.843,260.196,-112.713,-0.376631,0.917408,-0.128498,-0.922573,-0.383999,-0.037462,-0.083711,0.104440,0.991002,0,0.48000,-0.72000,28.800,-1.440,125.000,325.000,-1,-1,-1,350.000,550.000,525.000,250.000,-1,-1,200.000,575.000,525.000,-1,150.000,-1,1,1,2,2,2,1,1,1,1,2,2,0,0,1,2,1,2
96,7913.303,-128.449,257.184,-114.393,-0.403107,0.905050,-0.135607,-0.911414,-0.410410,-0.029817,-0.082641,0.111574,0.990314,0,0.56000,-0.84000,33.600,-1.680,125.000,350.000,-1,-1,-1,400.000,675.000,475.000,250.000,-1,-1,175.000,500.000,825.000,-1,175.000,-1,1,1,2,2,2,1,1,1,1,2,2,0,0,1,2,1,2
97,7896.287,-162.875,252.771,-116.313,-0.432623,0.890063,-0.143618,-0.897611,-0.440142,-0.023859,-0.084449,0.118591,0.989346,0,0.64000,-0.96000,38.400,-1.920,125.000,400.000,-1,-1,-1,475.000,800.000,425.000,225.000,-1,-1,150.000,425.000,-1,-1,175.000,-1,1,1,2,2,2,1,1,1,1,2,2,1,0,2,2,1,2
98,7875.803,-200.914,246.637,-118.313,-0.462277,0.873389,-0.153270,-0.882149,-0.470521,-0.020554,-0.090069,0.125705,0.987971,0,0.72000,-1.00000,43.200,-2.000,125.000,450.000,-1,-1,-1,625.000,875.000,325.000,225.000,-1,-1,175.000,400.000,-1,-1,200.000,-1,1,1,2,2,2,1,1,1,1,2,2,1,0,2,2,1,2
99,7851.579,-242.358,238.736,-120.313,-0.490719,0.855740,-0.164027,-0.865604,-0.500308,-0.020516,-0.099620,0.131915,0.986242,0,0.80000,-1.00000,48.000,-2.000,125.000,575.000,-1,-1,-1,725.000,950.000,200.000,225.000,-1,-1,-1,350.000,-1,-1,-1,-1,1,1,2,2,2,1,1,1,1,2,2,2,0,2,2,2,2
100,-6231.359,-8855.088,-353.062,-134.189,-0.694478,0.716806,-0.062371,-0.716780,-0.696784,-0.026793,-0.062664,0.026100,0.997693,1,0.00000,0.00000,51.172,-2.000,-1,350.000,-1,350.000,950.000,300.000,300.000,300.000,325.000,-1,0.000,0.000,-1,625.000,575.000,-1,850.000,2,0,2,0,0,0,0,0,0,2,1,1,2,0,0,2,0
101,-6234.690,-8858.544,-353.879,-133.949,-0.691553,0.719696,-0.061578,-0.719788,-0.693755,-0.024700,-0.060496,0.027242,0.997797,0,0.08000,0.12000,4.800,0.240,-1,375.000,-1,350.000,950.000,300.000,300.000,300.000,325.000,-1,0.000,0.000,-1,625.000,600.000,-1,875.000,2,0,2,0,0,0,0,0,0,2,1,1,2,0,0,2,0
102,-6241.293,-8865.512,-355.484,-133.469,-0.685664,0.725437,-0.060042,-0.725742,-0.687658,-0.020609,-0.056239,0.029445,0.997983,0,0.16000,0.24000,9.600,0.480,-1,375.000,-1,350.000,950.000,300.000,300.000,300.000,300.000,-1,0.000,0.000,-1,625.000,600.000,-1,900.000,2,0,2,0,0,0,0,0,0,2,1,1,2,0,0,2,0
103,-6249.364,-8874.244,-357.431,-132.749,-0.676671,0.733949,-0.058613,-0.734512,-0.678421,-0.015402,-0.051068,0.032629,0.998162,0,0.19819,0.36000,11.892,0.720,-1,375.000,-1,350.000,975.000,300.000,300.000,300.000,300.000,-1,0.000,0.000,-1,650.000,600.000,-1,900.000,2,0,2,0,0,0,0,0,0,2,1,1,2,0,0,2,0
104,-6257.436,-8883.279,-359.376,-131.789,-0.664423,0.745106,-0.057960,-0.745947,-0.665934,-0.009776,-0.045882,0.036740,0.998271,0,0.20194,0.48000,12.116,0.960,-1,375.000,-1,350.000,950.000,300.000,300.000,300.000,300.000,1000.000,0.000,0.000,-1,675.000,600.000,-1,925.000,2,0,2,0,0,0,0,0,0,1,1,1,2,0,0,2,0
105,-6265.473,-8892.660,-360.284,-130.589,-0.648742,0.758857,-0.057189,-0.759752,-0.650156,-0.008603,-0.043711,0.037868,0.998326,0,0.20588,0.60000,12.353,1.200,-1,375.000,-1,350.000,950.000,300.000,300.000,300.000,300.000,925.000,0.000,0.000,-1,675.000,600.000,-1,925.000,2,0,2,0,0,0,0,0,0,1,1,1,2,0,0,2,0
106,-6273.430,-8902.436,-360.714,-129.149,-0.629487,0.774952,-0.056525,-0.775826,-0.630878,-0.009349,-0.042906,0.037969,0.998357,0,0.21009,0.72000,12.605,1.440,-1,375.000,-1,350.000,925.000,300.000,300.000,300.000,300.000,825.000,0.000,0.000,-1,675.000,600.000,-1,925.000,2,0,2,0,0,0,0,0,0,1,1,1,2,0,0,2,0
107,-6281.264,-8912.657,-361.074,-127.469,-0.606492,0.793101,-0.056201,-0.793966,-0.607877,-0.010207,-0.042258,0.038431,0.998367,0,0.21463,0.84000,12.878,1.680,-1,375.000,-1,350.000,925.000,300.000,300.000,300.000,300.000,750.000,0.000,0.000,875.000,675.000,600.000,-1,925.000,2,0,2,0,0,0,0,0,0,1,1,1,1,0,0,2,0
108,-6288.924,-8923.378,-361.380,-125.549,-0.579555,0.812998,-0.056123,-0.813865,-0.580946,-0.011203,-0.041712,0.039184,0.998361,0,0.21961,0.96000,13.177,1.920,-1,375.000,-1,350.000,900.000,300.000,300.000,300.000,300.000,675.000,0.000,25.000,800.000,675.000,600.000,-1,900.000,2,0,2,0,0,0,0,0,0,1,1,1,1,0,0,2,0
109,-6296.388,-8934.634,-361.709,-123.549,-0.550813,0.832757,-0.055868,-0.833619,-0.552205,-0.012244,-0.041046,0.039829,0.998363,0,0.22511,1.00000,13.507,2.000,-1,375.000,-1,350.000,875.000,300.000,300.000,300.000,300.000,625.000,0.000,50.000,750.000,675.000,600.000,-1,875.000,2,0,2,0,0,0,0,0,0,1,1,1,1,0,0,2,0
110,-6303.642,-8946.449,-362.095,-121.549,-0.521421,0.851508,-0.055260,-0.852354,-0.522798,-0.013250,-0.040172,0.040192,0.998384,0,0.23107,1.00000,13.864,2.000,-1,375.000,-1,350.000,850.000,300.000,300.000,300.000,300.000,575.000,0.000,75.000,725.000,675.000,600.000,-1,875.000,2,0,2,0,0,0,0,0,0,1,1,1,1,0,0,2,0
111,-6310.666,-8958.839,-362.535,-119.550,-0.491428,0.869223,-0.054315,-0.870040,-0.492776,-0.014190,-0.039099,0.040283,0.998423,0,0.23738,0.99948,14.243,1.999,-1,375.000,-1,350.000,850.000,300.000,300.000,300.000,300.000,525.000,25.000,100.000,700.000,675.000,600.000,-1,850.000,2,0,2,0,0,0,0,0,0,1,1,1,1,0,0,2,0
112,-6317.440,-8971.819,-362.985,-117.562,-0.461037,0.885789,-0.053132,-0.886580,-0.462338,-0.014817,-0.037689,0.040275,0.998478,0,0.24402,0.99363,14.641,1.987,-1,375.000,-1,350.000,850.000,300.000,300.000,300.000,300.000,475.000,25.000,150.000,700.000,675.000,600.000,-1,850.000,2,0,2,0,0,0,0,0,0,1,1,1,1,0,0,2,0
113,-6323.942,-8985.398,-363.409,-115.587,-0.430297,0.901198,-0.051836,-0.901974,-0.431530,-0.014974,-0.035863,0.040311,0.998543,0,0.25094,0.98768,15.056,1.975,-1,375.000,-1,350.000,850.000,300.000,300.000,300.000,300.000,450.000,50.000,175.000,700.000,675.000,600.000,-1,850.000,2,0,2,0,0,0,0,0,0,1,1,1,1,0,0,2,0
114,-6330.148,-8999.586,-363.872,-113.624,-0.399252,0.915459,-0.050325,-0.916215,-0.400406,-0.014991,-0.033874,0.040123,0.998620,0,0.25810,0.98161,15.486,1.963,-1,375.000,-1,350.000,825.000,300.000,300.000,300.000,300.000,450.000,75.000,225.000,700.000,675.000,600.000,-1,875.000,2,0,2,0,0,0,0,0,0,1,1,1,1,0,0,2,0
115,-6336.030,-9014.388,-364.367,-111.673,-0.367948,0.928573,-0.048641,-0.929304,-0.369016,-0.014856,-0.031744,0.039736,0.998706,0,0.26547,0.97542,15.928,1.951,-1,375.000,-1,350.000,850.000,300.000,300.000,300.000,300.000,425.000,100.000,275.000,725.000,675.000,600.000,-1,875.000,2,0,2,0,0,0,0,0,0,1,1,1,1,0,0,2,0
116,-6341.561,-9029.806,-364.886,-109.735,-0.336429,0.940544,-0.046829,-0.941247,-0.337405,-0.014563,-0.029497,0.039178,0.998797,0,0.27301,0.96914,16.381,1.938,-1,375.000,-1,350.000,850.000,300.000,300.000,300.000,300.000,425.000,125.000,325.000,750.000,675.000,625.000,-1,900.000,2,0,2,0,0,0,0,0,0,1,1,1,1,0,0,2,0
117,-6346.712,-9045.841,-365.422,-107.809,-0.304739,0.951376,-0.044933,-0.952049,-0.305621,-0.014109,-0.027155,0.038478,0.998890,0,0.28070,0.96275,16.842,1.925,-1,375.000,-1,350.000,850.000,300.000,300.000,275.000,300.000,425.000,150.000,400.000,750.000,675.000,625.000,-1,925.000,2,0,2,0,0,0,0,0,0,1,1,1,1,0,0,2,0
118,-6351.453,-9062.488,-365.966,-105.897,-0.272922,0.961075,-0.042997,-0.961718,-0.273708,-0.013500,-0.024743,0.037667,0.998984,0,0.28850,0.95625,17.310,1.913,-1,375.000,-1,375.000,875.000,300.000,300.000,275.000,300.000,425.000,175.000,475.000,775.000,700.000,625.000,-1,950.000,2,0,2,0,0,0,0,0,0,1,1,1,1,0,0,2,0
119,-6355.754,-9079.742,-366.511,-103.997,-0.241020,0.969651,-0.041066,-0.970264,-0.241713,-0.012745,-0.022284,0.036773,0.999075,0,0.29637,0.94967,17.782,1.899,-1,375.000,-1,375.000,875.000,300.000,300.000,275.000,300.000,425.000,200.000,575.000,825.000,700.000,625.000,-1,975.000,2,0,2,0,0,0,0,0,0,1,1,1,1,0,0,2,0
120,-6359.585,-9097.594,-367.050,-102.111,-0.209076,0.977114,-0.039182,-0.977699,-0.209677,-0.011857,-0.019802,0.035829,0.999162,0,0.30430,0.94299,18.258,1.886,-1,375.000,-1,375.000,900.000,300.000,300.000,275.000,300.000,425.000,250.000,-1,850.000,700.000,625.000,-1,1000.000,2,0,2,0,0,0,0,0,0,1,1,2,1,0,0,2,0
121,-6362.915,-9116.030,-367.573,-100.239,-0.177131,0.983477,-0.037382,-0.984035,-0.177644,-0.010856,-0.017317,0.034863,0.999242,0,0.31226,0.93623,18.735,1.872,-1,375.000,-1,375.000,925.000,325.000,300.000,275.000,300.000,425.000,300.000,-1,900.000,700.000,625.000,-1,-1,2,0,2,0,0,0,0,0,0,1,1,2,1,0,0,2,2
122,-6365.715,-9135.037,-367.983,-98.380,-0.145208,0.988742,-0.036114,-0.989285,-0.145653,-0.010001,-0.015148,0.034274,0.999298,0,0.32021,0.92939,19.213,1.859,-1,375.000,-1,375.000,950.000,325.000,300.000,275.000,300.000,425.000,375.000,-1,950.000,700.000,650.000,-1,-1,2,0,2,0,0,0,0,0,0,1,1,2,1,0,0,2,2
123,-6367.956,-9154.598,-368.158,-96.535,-0.113331,0.992909,-0.035881,-0.993463,-0.113744,-0.009669,-0.013681,0.034551,0.999309,0,0.32814,0.92248,19.688,1.845,-1,400.000,-1,375.000,950.000,325.000,300.000,275.000,300.000,425.000,525.000,-1,1000.000,700.000,650.000,-1,-1,2,0,2,0,0,0,0,0,0,1,1,2,1,0,0,2,2
124,-6369.609,-9174.691,-368.269,-94.704,-0.081582,0.996021,-0.035881,-0.996594,-0.081959,-0.009169,-0.012073,0.035010,0.999314,0,0.33602,0.91551,20.161,1.831,-1,400.000,-1,375.000,950.000,325.000,300.000,275.000,300.000,425.000,-1,850.000,-1,700.000,650.000,-1,-1,2,0,2,0,0,0,0,0,0,1,2,1,2,0,0,2,2
125,-6370.964,-9199.615,-368.392,-93.113,-0.053930,0.997893,-0.036059,-0.998489,-0.054272,-0.008580,-0.010519,0.035542,0.999313,0,0.41602,0.79551,24.961,1.591,-1,375.000,-1,375.000,950.000,325.000,300.000,275.000,300.000,450.000,-1,800.000,-1,700.000,650.000,-1,-1,2,0,2,0,0,0,0,0,0,1,2,1,2,0,0,2,2
126,-6371.879,-9229.363,-368.281,-91.762,-0.030459,0.998908,-0.035415,-0.999502,-0.030730,-0.007119,-0.008200,0.035181,0.999347,0,0.49602,0.67551,29.761,1.351,-1,400.000,-1,375.000,975.000,325.000,300.000,275.000,300.000,475.000,-1,800.000,-1,700.000,650.000,-1,-1,2,0,2,0,0,0,0,0,0,1,2,1,2,0,0,2,2
127,-6372.272,-9263.922,-368.141,-90.651,-0.011156,0.999332,-0.034808,-0.999920,-0.011355,-0.005539,-0.005930,0.034744,0.999379,0,0.57602,0.55551,34.561,1.111,-1,400.000,-1,375.000,1000.000,325.000,300.000,275.000,300.000,500.000,-1,825.000,-1,700.000,650.000,-1,-1,2,0,2,0,0,0,0,0,0,1,2,1,2,0,0,2,2
128,-6372.121,-9303.283,-367.972,-89.780,0.003967,0.999406,-0.034237,-0.999985,0.003837,-0.003847,-0.003713,0.034252,0.999406,0,0.65602,0.43551,39.361,0.871,-1,400.000,-1,375.000,-1,325.000,300.000,275.000,300.000,525.000,975.000,850.000,-1,700.000,650.000,-1,-1,2,0,2,0,2,0,0,0,0,1,1,1,2,0,0,2,2
129,-6371.525,-9343.369,-367.790,-89.149,0.014910,0.999320,-0.033737,-0.999887,0.014844,-0.002198,-0.001696,0.033766,0.999428,0,0.66818,0.31551,40.091,0.631,-1,400.000,-1,375.000,-1,325.000,325.000,275.000,300.000,550.000,950.000,875.000,-1,700.000,650.000,-1,-1,2,0,2,0,2,0,0,0,0,1,1,1,2,0,0,2,2
130,-6370.647,-9383.874,-367.600,-88.758,0.021672,0.999211,-0.033281,-0.999765,0.021664,-0.000605,0.000116,0.033286,0.999446,0,0.67523,0.19551,40.514,0.391,-1,400.000,-1,375.000,-1,325.000,325.000,275.000,300.000,575.000,975.000,925.000,-1,725.000,650.000,-1,-1,2,0,2,0,2,0,0,0,0,1,1,1,2,0,0,2,2
131,-6369.652,-9424.782,-367.408,-88.607,0.024254,0.999166,-0.032838,-0.999704,0.024298,0.000931,0.001728,0.032806,0.999460,0,0.68200,0.07551,40.920,0.151,-1,400.000,-1,375.000,-1,325.000,325.000,275.000,300.000,625.000,975.000,950.000,-1,725.000,675.000,-1,-1,2,0,2,0,2,0,0,0,0,1,1,1,2,0,0,2,2
