timestep,x_cm,y_cm,z_cm,yaw_deg,basis_xx,basis_xy,basis_xz,basis_yx,basis_yy,basis_yz,basis_zx,basis_zy,basis_zz,teleport_flag,throttle_cmd,steering_cmd,cmd_move_cm,cmd_turn_deg,lidar_cm_0,lidar_cm_1,lidar_cm_2,lidar_cm_3,lidar_cm_4,lidar_cm_5,lidar_cm_6,lidar_cm_7,lidar_cm_8,lidar_cm_9,lidar_cm_10,lidar_cm_11,lidar_cm_12,lidar_cm_13,lidar_cm_14,lidar_cm_15,lidar_cm_16,lidar_class_0,lidar_class_1,lidar_class_2,lidar_class_3,lidar_class_4,lidar_class_5,lidar_class_6,lidar_class_7,lidar_class_8,lidar_class_9,lidar_class_10,lidar_class_11,lidar_class_12,lidar_class_13,lidar_class_14,lidar_class_15,lidar_class_16
0,-5260.075,-245.259,229.132,-134.803,-0.704651,0.709470,-0.010949,-0.709502,-0.704703,-0.001334,-0.008662,0.006828,0.999939,0,0.27987,-0.20000,0.639,-0.026,-1,605.755,-1,759.334,-1,537.762,570.239,549.312,597.145,-1,-1,-1,-1,989.780,-1,-1,-1,2,0,2,0,2,0,0,0,0,2,2,2,2,0,2,2,2
1,-5260.842,-245.859,229.434,-134.858,-0.705345,0.708808,-0.008973,-0.708839,-0.705370,0.000506,-0.005970,0.006717,0.999960,0,0.27987,-0.20000,0.974,-0.055,-1,612.225,-1,768.471,-1,543.349,576.225,550.553,598.928,-1,-1,-1,-1,1002.945,-1,-1,-1,2,0,2,0,2,0,0,0,0,2,2,2,2,0,2,2,2
2,-5261.818,-246.689,228.684,-134.901,-0.705880,0.708293,-0.007466,-0.708323,-0.705885,0.002324,-0.003624,0.006928,0.999969,0,0.27987,-0.20000,1.281,-0.043,-1,615.570,-1,773.184,-1,546.029,579.109,549.086,596.162,-1,-1,-1,-1,-1,-1,-1,-1,2,0,2,0,2,0,0,0,0,2,2,2,2,2,2,2,2
3,-5262.925,-247.696,227.133,-134.931,-0.706247,0.707925,-0.007546,-0.707957,-0.706249,0.002838,-0.003320,0.007347,0.999968,0,0.27987,-0.20000,1.496,-0.030,-1,612.639,-1,769.123,-1,543.233,576.170,545.201,589.832,-1,-1,-1,-1,1007.431,-1,-1,-1,2,0,2,0,2,0,0,0,0,2,2,2,2,0,2,2,2
4,-5264.130,-248.808,225.021,-134.958,-0.706576,0.707570,-0.009743,-0.707610,-0.706603,0.001025,-0.006159,0.007619,0.999952,0,0.27987,-0.20000,1.640,-0.027,-1,601.540,-1,754.198,-1,533.555,566.019,538.651,581.562,-1,-1,-1,-1,987.045,-1,-1,-1,2,0,2,0,2,0,0,0,0,2,2,2,2,0,2,2,2
5,-5265.556,-250.105,222.905,-134.997,-0.707032,0.707074,-0.012331,-0.707110,-0.707101,-0.001922,-0.010078,0.007361,0.999922,0,0.27987,-0.20000,1.928,-0.039,-1,588.014,-1,736.913,-1,522.045,554.116,530.667,574.569,-1,-1,-1,-1,961.552,-1,-1,-1,2,0,2,0,2,0,0,0,0,2,2,2,2,0,2,2,2
6,-5267.280,-251.672,221.250,-135.048,-0.707633,0.706441,-0.014021,-0.706456,-0.707741,-0.004670,-0.013222,0.006600,0.999891,0,0.27987,-0.20000,2.330,-0.051,-1,577.094,-1,723.978,-1,512.893,544.953,523.193,570.619,-1,-1,-1,-1,940.910,-1,-1,-1,2,0,2,0,2,0,0,0,0,2,2,2,2,0,2,2,2
7,-5269.346,-253.511,220.291,-135.115,-0.708446,0.705618,-0.014403,-0.705608,-0.708571,-0.006659,-0.014905,0.005445,0.999874,0,0.27987,-0.20000,2.766,-0.067,-1,570.699,-1,717.707,-1,507.756,540.184,517.487,570.329,-1,-1,-1,-1,928.684,-1,-1,-1,2,0,2,0,2,0,0,0,0,2,2,2,2,0,2,2,2
8,-5271.763,-255.577,220.060,-135.202,-0.709513,0.704559,-0.013715,-0.704528,-0.709633,-0.007759,-0.015199,0.004158,0.999876,0,0.27987,-0.20000,3.180,-0.087,-1,568.826,-1,717.629,-1,506.746,539.639,514.121,573.140,-1,-1,-1,-1,924.753,-1,-1,-1,2,0,2,0,2,0,0,0,0,2,2,2,2,0,2,2,2
9,-5274.505,-257.808,220.435,-135.312,-0.710873,0.703208,-0.012589,-0.703167,-0.710978,-0.008162,-0.014690,0.003049,0.999887,0,0.27987,-0.20000,3.535,-0.110,-1,570.194,-1,721.486,-1,508.612,541.946,513.315,577.728,-1,-1,-1,-1,926.625,-1,-1,-1,2,0,2,0,2,0,0,0,0,2,2,2,2,0,2,2,2
10,-5277.520,-260.185,221.212,-135.434,-0.712369,0.701705,-0.011811,-0.701665,-0.712462,-0.007963,-0.014003,0.002615,0.999899,0,0.27987,-0.20000,3.839,-0.121,-1,573.333,-1,726.466,-1,511.705,545.398,515.437,581.956,-1,-1,-1,-1,931.601,-1,-1,-1,2,0,2,0,2,0,0,0,0,2,2,2,2,0,2,2,2
11,-5280.791,-262.635,222.163,-135.564,-0.713964,0.700085,-0.011711,-0.700052,-0.714054,-0.007360,-0.013515,0.002944,0.999904,0,0.27987,-0.20000,4.087,-0.130,-1,577.013,-1,730.753,-1,514.961,548.798,519.901,584.708,-1,-1,-1,-1,937.471,-1,-1,-1,2,0,2,0,2,0,0,0,0,2,2,2,2,0,2,2,2
12,-5284.303,-265.153,223.045,-135.702,-0.715653,0.698347,-0.012348,-0.698326,-0.715749,-0.006590,-0.013441,0.003907,0.999902,0,0.27987,-0.20000,4.321,-0.138,-1,580.126,-1,733.117,-1,517.495,551.224,525.620,585.446,-1,-1,-1,-1,942.292,-1,-1,-1,2,0,2,0,2,0,0,0,0,2,2,2,2,0,2,2,2
13,-5288.041,-267.759,223.668,-135.849,-0.717433,0.696496,-0.013541,-0.696490,-0.717542,-0.005918,-0.013838,0.005185,0.999891,0,0.27987,-0.20000,4.557,-0.147,-1,581.834,-1,733.125,-1,518.740,552.199,531.253,584.390,-1,-1,-1,-1,944.683,-1,-1,-1,2,0,2,0,2,0,0,0,0,2,2,2,2,0,2,2,2
14,-5291.981,-270.493,223.947,-136.005,-0.719323,0.694514,-0.015007,-0.694521,-0.719451,-0.005585,-0.014675,0.006405,0.999872,0,0.27987,-0.20000,4.796,-0.156,-1,581.792,-1,730.974,-1,518.504,551.575,535.641,582.277,-1,-1,-1,-1,943.926,-1,-1,-1,2,0,2,0,2,0,0,0,0,2,2,2,2,0,2,2,2
15,-5296.109,-273.365,223.901,-136.169,-0.721293,0.692436,-0.016409,-0.692449,-0.721444,-0.005825,-0.015872,0.007161,0.999848,0,0.27987,-0.20000,5.028,-0.164,-1,579.967,-1,727.333,-1,516.902,549.688,537.852,580.284,-1,-1,-1,-1,939.852,-1,-1,-1,2,0,2,0,2,0,0,0,0,2,2,2,2,0,2,2,2
16,-5300.406,-276.368,223.634,-136.340,-0.723339,0.690271,-0.017516,-0.690276,-0.723515,-0.006717,-0.017310,0.007233,0.999824,0,0.27987,-0.20000,5.242,-0.171,-1,576.721,-1,723.045,-1,514.284,547.039,537.674,579.356,-1,-1,-1,-1,933.075,-1,-1,-1,2,0,2,0,2,0,0,0,0,2,2,2,2,0,2,2,2
17,-5304.877,-279.533,223.240,-136.516,-0.725442,0.688041,-0.018291,-0.688029,-0.725640,-0.007914,-0.018718,0.006843,0.999801,0,0.27987,-0.20000,5.478,-0.176,-1,572.962,-1,718.929,-1,511.358,544.270,535.996,579.250,-1,-1,-1,-1,925.385,-1,-1,-1,2,0,2,0,2,0,0,0,0,2,2,2,2,0,2,2,2
18,-5309.524,-282.841,222.834,-136.697,-0.727587,0.685751,-0.019034,-0.685721,-0.727808,-0.009132,-0.020116,0.006408,0.999777,0,0.27987,-0.20000,5.704,-0.181,-1,569.184,-1,714.883,-1,508.431,541.522,534.195,579.241,-1,-1,-1,-1,917.680,-1,-1,-1,2,0,2,0,2,0,0,0,0,2,2,2,2,0,2,2,2
19,-5314.380,-286.279,222.489,-136.883,-0.729792,0.683385,-0.019708,-0.683336,-0.730033,-0.010162,-0.021332,0.006052,0.999754,0,0.27987,-0.20000,5.949,-0.186,-1,565.985,-1,711.479,-1,506.065,539.242,532.845,579.274,-1,-1,-1,-1,911.094,-1,-1,-1,2,0,2,0,2,0,0,0,0,2,2,2,2,0,2,2,2
20,-5319.462,-289.821,222.249,-137.079,-0.732115,0.680882,-0.020177,-0.680818,-0.732370,-0.010949,-0.022233,0.005721,0.999736,0,0.27987,-0.20000,6.195,-0.196,-1,563.710,-1,709.271,-1,504.496,537.788,531.973,579.666,-1,-1,-1,-1,906.263,-1,-1,-1,2,0,2,0,2,0,0,0,0,2,2,2,2,0,2,2,2
21,-5324.754,-293.476,222.121,-137.281,-0.734495,0.678302,-0.020599,-0.678229,-0.734762,-0.011414,-0.022878,0.005588,0.999723,0,0.27987,-0.20000,6.431,-0.202,-1,562.333,-1,707.930,-1,503.634,537.012,532.002,579.966,-1,-1,-1,-1,903.132,-1,-1,-1,2,0,2,0,2,0,0,0,0,2,2,2,2,0,2,2,2
22,-5330.233,-297.267,222.084,-137.480,-0.736846,0.675730,-0.021134,-0.675656,-0.737126,-0.011554,-0.023386,0.005766,0.999710,0,0.27987,-0.20000,6.663,-0.200,-1,561.613,-1,706.947,-1,503.223,536.687,533.110,579.782,-1,-1,-1,-1,901.235,-1,-1,-1,2,0,2,0,2,0,0,0,0,2,2,2,2,0,2,2,2
23,-5335.898,-301.186,222.101,-137.680,-0.739189,0.673146,-0.021757,-0.673072,-0.739485,-0.011695,-0.023962,0.005999,0.999695,0,0.27987,-0.20000,6.889,-0.200,-1,561.034,-1,705.892,-1,502.818,536.372,534.519,579.643,-1,-1,-1,-1,899.322,-1,-1,-1,2,0,2,0,2,0,0,0,0,2,2,2,2,0,2,2,2
24,-5341.722,-305.250,222.120,-137.876,-0.741465,0.670614,-0.022512,-0.670534,-0.741781,-0.012045,-0.024776,0.006164,0.999674,0,0.27987,-0.20000,7.101,-0.195,-1,559.949,-1,704.242,-1,501.985,535.629,535.755,579.680,-1,-1,-1,-1,896.326,-1,-1,-1,2,0,2,0,2,0,0,0,0,2,2,2,2,0,2,2,2
25,-5347.753,-309.484,222.100,-138.080,-0.743835,0.667965,-0.023077,-0.667875,-0.744168,-0.012524,-0.025539,0.006097,0.999655,0,0.35822,-0.76700,7.369,-0.204,-1,558.752,-1,702.890,-1,501.140,534.963,536.345,580.228,-1,-1,-1,-1,893.115,-1,-1,-1,2,0,2,0,2,0,0,0,0,2,2,2,2,0,2,2,2
26,-5354.075,-313.858,222.009,-138.307,-0.746464,0.665012,-0.023481,-0.664913,-0.746809,-0.012927,-0.026132,0.005963,0.999641,0,0.35822,-0.76700,7.687,-0.227,-1,557.752,-1,701.939,-1,500.497,534.546,536.619,580.754,-1,-1,-1,-1,890.365,-1,-1,-1,2,0,2,0,2,0,0,0,0,2,2,2,2,0,2,2,2
27,-5360.700,-318.333,221.823,-138.554,-0.749315,0.661783,-0.023903,-0.661680,-0.749672,-0.013116,-0.026599,0.005988,0.999628,0,0.35822,-0.76700,7.995,-0.247,-1,556.942,-1,700.998,-1,499.964,534.209,536.775,580.569,-1,-1,-1,-1,888.069,-1,-1,-1,2,0,2,0,2,0,0,0,0,2,2,2,2,0,2,2,2
28,-5367.630,-322.861,221.559,-138.825,-0.752425,0.658223,-0.024477,-0.658117,-0.752798,-0.013289,-0.027174,0.006110,0.999612,0,0.35822,-0.76700,8.278,-0.271,-1,555.905,-1,699.562,-1,499.212,533.619,536.592,579.875,-1,-1,-1,-1,885.345,-1,-1,-1,2,0,2,0,2,0,0,0,0,2,2,2,2,0,2,2,2
29,-5374.896,-327.296,221.260,-139.150,-0.756124,0.653946,-0.025126,-0.653826,-0.756518,-0.013871,-0.028079,0.005940,0.999588,0,0.35822,-0.76700,8.512,-0.325,-1,554.078,-1,697.526,-1,498.049,532.693,535.509,579.821,-1,-1,-1,-1,881.215,-1,-1,-1,2,0,2,0,2,0,0,0,0,2,2,2,2,0,2,2,2
30,-5382.484,-331.506,220.954,-139.532,-0.760444,0.648886,-0.025930,-0.648735,-0.760867,-0.014996,-0.029460,0.005418,0.999551,0,0.35822,-0.76700,8.678,-0.383,-1,551.326,-1,694.505,-1,496.338,531.298,533.432,580.649,-1,-1,-1,-1,875.244,-1,-1,-1,2,0,2,0,2,0,0,0,0,2,2,2,2,0,2,2,2
31,-5390.230,-335.681,220.620,-139.913,-0.764695,0.643814,-0.027305,-0.643628,-0.765165,-0.016303,-0.031389,0.005107,0.999494,0,0.35822,-0.76700,8.800,-0.381,-1,547.640,-1,689.857,-1,493.734,528.763,531.704,580.773,-1,-1,-1,-1,867.388,-1,-1,-1,2,0,2,0,2,0,0,0,0,2,2,2,2,0,2,2,2
32,-5398.102,-340.014,220.273,-140.282,-0.768770,0.638865,-0.029048,-0.638651,-0.769301,-0.017353,-0.033433,0.005211,0.999427,0,0.35822,-0.76700,8.985,-0.369,-1,543.909,-1,684.531,-1,490.765,525.732,530.959,579.728,-1,-1,-1,-1,859.522,-1,-1,-1,2,0,2,0,2,0,0,0,0,2,2,2,2,0,2,2,2
33,-5406.241,-344.341,219.962,-140.677,-0.773110,0.633545,-0.030358,-0.633297,-0.773690,-0.018420,-0.035157,0.004985,0.999369,0,0.35822,-0.76700,9.218,-0.395,-1,540.797,-1,680.499,-1,488.428,523.502,529.815,579.759,-1,-1,-1,-1,852.853,-1,-1,-1,2,0,2,0,2,0,0,0,0,2,2,2,2,0,2,2,2
34,-5414.611,-348.502,219.748,-141.103,-0.777762,0.627777,-0.031331,-0.627501,-0.778379,-0.019196,-0.036438,0.004731,0.999325,0,0.35822,-0.76700,9.347,-0.426,-1,538.875,-1,677.995,-1,487.283,522.390,529.131,580.295,-1,-1,-1,-1,848.525,-1,-1,-1,2,0,2,0,2,0,0,0,0,2,2,2,2,0,2,2,2
35,-5423.204,-352.283,219.622,-141.599,-0.783131,0.621028,-0.032094,-0.620720,-0.783777,-0.020003,-0.037577,0.004256,0.999285,0,0.35822,-0.76700,9.388,-0.496,-1,537.938,-1,676.507,-1,486.984,522.157,528.259,581.838,-1,-1,-1,-1,845.475,-1,-1,-1,2,0,2,0,2,0,0,0,0,2,2,2,2,0,2,2,2
36,-5431.918,-356.079,219.470,-142.080,-0.788278,0.614404,-0.033545,-0.614104,-0.788976,-0.019826,-0.038647,0.004971,0.999241,0,0.35822,-0.76700,9.505,-0.481,-1,537.709,-1,674.133,-1,486.863,521.835,530.016,580.074,-1,-1,-1,-1,843.995,-1,-1,-1,2,0,2,0,2,0,0,0,0,2,2,2,2,0,2,2,2
37,-5440.822,-359.942,219.244,-142.561,-0.793383,0.607709,-0.035109,-0.607433,-0.794137,-0.019286,-0.039601,0.006025,0.999197,0,0.35822,-0.76700,9.706,-0.482,-1,537.725,-1,671.637,-1,486.831,521.502,531.446,577.184,-1,-1,-1,-1,843.130,-1,-1,-1,2,0,2,0,2,0,0,0,0,2,2,2,2,0,2,2,2
38,-5449.933,-363.591,218.923,-143.087,-0.798885,0.600381,-0.036416,-0.600104,-0.799689,-0.019323,-0.040723,0.006417,0.999150,0,0.35822,-0.76700,9.814,-0.525,-1,536.961,-1,669.163,-1,486.483,521.036,530.913,575.748,-1,-1,-1,-1,840.910,-1,-1,-1,2,0,2,0,2,0,0,0,0,2,2,2,2,0,2,2,2
39,-5459.107,-366.785,218.559,-143.662,-0.804812,0.592333,-0.037677,-0.592021,-0.805670,-0.020157,-0.042295,0.006083,0.999087,0,0.35822,-0.76700,9.715,-0.575,-1,534.985,-1,666.242,-1,485.531,520.143,528.393,576.040,-1,-1,-1,-1,836.514,-1,-1,-1,2,0,2,0,2,0,0,0,0,2,2,2,2,0,2,2,2
40,-5468.212,-369.773,218.168,-144.216,-0.810449,0.584490,-0.039292,-0.584167,-0.811376,-0.020441,-0.043828,0.006387,0.999019,0,0.35822,-0.76700,9.583,-0.554,-1,533.362,-1,662.822,-1,484.649,519.110,526.936,574.545,-1,-1,-1,-1,833.120,-1,-1,-1,2,0,2,0,2,0,0,0,0,2,2,2,2,0,2,2,2
41,-5477.186,-372.645,217.778,-144.750,-0.815808,0.576860,-0.041117,-0.576558,-0.816810,-0.020060,-0.045157,0.007341,0.998953,0,0.35822,-0.76700,9.422,-0.534,-1,532.421,-1,659.359,-1,483.943,518.115,526.930,571.347,-1,-1,-1,-1,831.367,-1,-1,-1,2,0,2,0,2,0,0,0,0,2,2,2,2,0,2,2,2
42,-5486.081,-375.255,217.398,-145.304,-0.821305,0.568896,-0.042610,-0.568608,-0.822371,-0.019788,-0.046298,0.007976,0.998896,0,0.35822,-0.76700,9.270,-0.554,-1,532.124,-1,656.724,-1,483.668,517.213,526.242,569.051,-1,-1,-1,-1,830.358,-1,-1,-1,2,0,2,0,2,0,0,0,0,2,2,2,2,0,2,2,2
43,-5494.957,-377.778,217.046,-145.830,-0.826473,0.561294,-0.043488,-0.561029,-0.827573,-0.019219,-0.046777,0.008514,0.998869,0,0.35822,-0.76700,9.228,-0.526,-1,532.986,-1,655.708,-1,484.416,517.421,525.502,567.237,-1,-1,-1,-1,831.648,-1,-1,-1,2,0,2,0,2,0,0,0,0,2,2,2,2,0,2,2,2
44,-5503.588,-380.133,216.794,-146.320,-0.831206,0.554192,-0.044350,-0.553923,-0.832345,-0.019274,-0.047596,0.008546,0.998830,0,0.35822,-0.76700,8.947,-0.490,1006.784,533.089,-1,654.424,-1,484.667,517.277,523.571,567.058,-1,-1,-1,-1,831.215,-1,-1,-1,0,0,2,0,2,0,0,0,0,2,2,2,2,0,2,2,2
45,-5512.073,-382.714,216.555,-146.768,-0.835487,0.547646,-0.045225,-0.547384,-0.836664,-0.019095,-0.048296,0.008802,0.998794,0,0.35822,-0.76700,8.869,-0.448,1005.324,533.337,-1,653.172,-1,484.876,517.127,521.524,566.354,-1,-1,-1,-1,831.161,-1,-1,-1,0,0,2,0,2,0,0,0,0,2,2,2,2,0,2,2,2
46,-5520.611,-385.637,216.254,-147.192,-0.839488,0.541456,-0.045668,-0.541188,-0.840684,-0.019103,-0.048736,0.008678,0.998774,0,0.35822,-0.76700,9.024,-0.423,-1,533.382,-1,652.349,-1,485.140,517.180,518.451,566.473,-1,-1,-1,-1,831.066,-1,-1,-1,2,0,2,0,2,0,0,0,0,2,2,2,2,0,2,2,2
47,-5529.232,-388.605,215.890,-147.636,-0.843624,0.534986,-0.045693,-0.534646,-0.844830,-0.020401,-0.049517,0.007219,0.998747,0,0.23129,-0.55359,9.117,-0.444,-1,531.872,-1,651.131,-1,484.604,516.714,513.124,569.823,-1,-1,-1,-1,828.037,-1,-1,-1,2,0,2,0,2,0,0,0,0,2,2,2,2,0,2,2,2
48,-5537.847,-391.570,215.463,-148.083,-0.847718,0.528459,-0.045895,-0.528007,-0.848943,-0.022457,-0.050830,0.005196,0.998694,0,0.23129,-0.55359,9.111,-0.447,-1,529.017,-1,648.875,-1,483.022,515.076,506.442,574.307,-1,-1,-1,-1,822.210,-1,-1,-1,2,0,2,0,2,0,0,0,0,2,2,2,2,0,2,2,2
49,-5546.464,-394.520,215.001,-148.525,-0.851697,0.521982,-0.046335,-0.521417,-0.852950,-0.024499,-0.052309,0.003294,0.998626,0,0.23129,-0.55359,9.108,-0.442,1005.758,525.987,-1,646.027,-1,481.110,513.053,499.978,578.238,-1,-1,-1,-1,815.918,-1,-1,-1,0,0,2,0,2,0,0,0,0,2,2,2,2,0,2,2,2
50,-5555.003,-397.302,214.642,-148.968,-0.855653,0.515416,-0.046956,-0.514770,-0.856938,-0.025886,-0.053581,0.002022,0.998562,0,0.23129,-0.55359,8.981,-0.444,990.612,524.049,-1,643.480,-1,480.008,511.518,495.183,580.911,-1,-1,-1,-1,811.717,-1,-1,-1,0,0,2,0,2,0,0,0,0,2,2,2,2,0,2,2,2
51,-5563.558,-399.901,214.330,-149.425,-0.859675,0.508613,-0.047660,-0.507903,-0.860995,-0.026876,-0.054705,0.001103,0.998502,0,0.23129,-0.55359,8.941,-0.457,978.205,522.764,-1,641.151,-1,478.902,510.385,491.278,582.833,-1,-1,-1,-1,808.838,-1,-1,-1,0,0,2,0,2,0,0,0,0,2,2,2,2,0,2,2,2
52,-5572.102,-402.363,214.052,-149.891,-0.863730,0.501612,-0.048533,-0.500859,-0.865093,-0.027481,-0.055770,0.000572,0.998443,0,0.23129,-0.55359,8.892,-0.466,967.990,521.940,-1,638.759,-1,478.070,509.151,487.333,583.839,-1,-1,-1,-1,806.697,-1,-1,-1,0,0,2,0,2,0,0,0,0,2,2,2,2,0,2,2,2
53,-5582.305,-405.093,213.780,-150.460,-0.868593,0.493020,-0.049768,-0.492231,-0.870018,-0.027886,-0.057048,0.000276,0.998371,0,0.23129,-0.55359,10.562,-0.568,-1,521.363,-1,635.989,-1,477.317,507.673,483.462,584.333,-1,-1,-1,-1,804.870,-1,-1,-1,2,0,2,0,2,0,0,0,0,2,2,2,2,0,2,2,2
54,-5589.053,-406.662,213.636,-150.858,-0.871958,0.486966,-0.050527,-0.486164,-0.873421,-0.027949,-0.057741,0.000194,0.998332,0,0.23129,-0.55359,6.928,-0.398,-1,521.536,-1,634.544,-1,477.257,507.060,481.243,584.470,-1,-1,-1,-1,804.738,-1,-1,-1,2,0,2,0,2,0,0,0,0,2,2,2,2,0,2,2,2
55,-5597.447,-408.244,213.428,-151.414,-0.876607,0.478478,-0.051168,-0.477661,-0.878099,-0.027949,-0.058304,-0.000059,0.998299,0,0.23129,-0.55359,8.542,-0.556,-1,522.333,-1,633.509,-1,477.820,506.889,478.916,584.909,-1,-1,-1,-1,805.995,-1,-1,-1,2,0,2,0,2,0,0,0,0,2,2,2,2,0,2,2,2
56,-5605.971,-409.876,213.071,-151.964,-0.881166,0.470004,-0.051406,-0.469235,-0.882664,-0.026889,-0.058012,0.000428,0.998316,0,0.23129,-0.55359,8.679,-0.550,-1,524.430,-1,633.507,-1,479.476,507.669,477.647,583.016,-1,-1,-1,-1,810.717,-1,-1,-1,2,0,2,0,2,0,0,0,0,2,2,2,2,0,2,2,2
57,-5614.621,-411.647,212.537,-152.474,-0.885336,0.462084,-0.051565,-0.461390,-0.886835,-0.025360,-0.057448,0.001340,0.998348,0,0.23129,-0.55359,8.830,-0.510,-1,526.704,-1,633.276,-1,481.148,508.384,476.734,579.530,-1,-1,-1,-1,816.258,-1,-1,-1,2,0,2,0,2,0,0,0,0,2,2,2,2,0,2,2,2
58,-5623.376,-413.438,211.861,-152.970,-0.889308,0.454363,-0.051815,-0.453715,-0.890815,-0.024330,-0.057212,0.001873,0.998360,0,0.23129,-0.55359,8.937,-0.496,-1,527.882,-1,632.174,-1,481.967,508.327,474.721,576.578,-1,-1,-1,-1,819.405,-1,-1,-1,2,0,2,0,2,0,0,0,0,2,2,2,2,0,2,2,2
59,-5632.201,-415.304,211.096,-153.444,-0.893016,0.446960,-0.052437,-0.446337,-0.894551,-0.023693,-0.057497,0.002246,0.998343,0,0.23129,-0.55359,9.019,-0.474,966.403,527.798,-1,629.716,-1,481.695,507.230,472.002,573.724,-1,-1,-1,-1,819.915,-1,-1,-1,0,0,2,0,2,0,0,0,0,2,2,2,2,0,2,2,2
60,-5641.039,-417.279,210.326,-153.867,-0.896247,0.440322,-0.053454,-0.439703,-0.897836,-0.023482,-0.058332,0.002458,0.998294,0,0.23129,-0.55359,9.056,-0.424,965.395,526.464,-1,626.105,-1,480.185,505.155,468.735,571.288,-1,-1,-1,-1,817.791,-1,-1,-1,0,0,2,0,2,0,0,0,0,2,2,2,2,0,2,2,2
61,-5649.913,-419.284,209.613,-154.292,-0.899416,0.433675,-0.054561,-0.433024,-0.901067,-0.023851,-0.059507,0.002174,0.998226,0,0.23129,-0.55359,9.098,-0.424,961.790,524.414,-1,622.345,-1,478.148,502.728,464.682,570.269,-1,-1,-1,-1,814.131,-1,-1,-1,0,0,2,0,2,0,0,0,0,2,2,2,2,0,2,2,2
62,-5658.869,-421.347,208.983,-154.707,-0.902468,0.427162,-0.055535,-0.426468,-0.904173,-0.024408,-0.060640,0.001656,0.998158,0,0.23129,-0.55359,9.190,-0.415,957.891,522.438,-1,619.101,-1,476.283,500.574,460.449,570.152,-1,-1,-1,-1,810.568,-1,-1,-1,0,0,2,0,2,0,0,0,0,2,2,2,2,0,2,2,2
63,-5667.922,-423.440,208.445,-155.115,-0.905434,0.420739,-0.056279,-0.419999,-0.907181,-0.024952,-0.061554,0.001045,0.998103,0,0.23129,-0.55359,9.293,-0.408,954.942,520.984,-1,616.701,996.171,474.905,498.927,456.534,570.632,-1,-1,-1,-1,807.911,-1,-1,-1,0,0,2,0,1,0,0,0,0,2,2,2,2,0,2,2,2
64,-5677.027,-425.455,208.038,-155.526,-0.908390,0.414252,-0.056775,-0.413487,-0.910162,-0.025163,-0.062098,0.000618,0.998070,0,0.23129,-0.55359,9.325,-0.411,954.750,520.468,-1,615.385,983.659,474.399,498.100,453.907,571.122,-1,-1,-1,-1,807.180,-1,-1,-1,0,0,2,0,1,0,0,0,0,2,2,2,2,0,2,2,2
65,-5686.236,-427.273,207.735,-155.969,-0.911549,0.407233,-0.056916,-0.406446,-0.913324,-0.025315,-0.062292,0.000057,0.998058,0,0.33665,-0.53827,9.387,-0.443,957.536,520.830,-1,615.276,971.256,474.723,498.151,451.369,572.319,-1,-1,-1,-1,808.460,-1,-1,-1,0,0,2,0,1,0,0,0,0,2,2,2,2,0,2,2,2
66,-5695.601,-429.056,207.459,-156.418,-0.914719,0.400054,-0.056972,-0.399287,-0.916491,-0.024765,-0.062121,0.000095,0.998069,0,0.33665,-0.53827,9.534,-0.449,964.957,522.232,-1,615.657,958.775,475.752,498.776,449.936,572.117,-1,-1,-1,-1,812.028,-1,-1,-1,0,0,2,0,1,0,0,0,0,2,2,2,2,0,2,2,2
67,-5705.217,-431.038,207.071,-156.824,-0.917549,0.393520,-0.056982,-0.392814,-0.919316,-0.023565,-0.061657,0.000761,0.998097,0,0.33665,-0.53827,9.818,-0.406,975.331,524.031,-1,615.962,946.645,476.939,499.483,449.623,570.069,-1,-1,-1,-1,816.707,-1,-1,-1,0,0,2,0,1,0,0,0,0,2,2,2,2,0,2,2,2
68,-5715.080,-433.195,206.498,-157.188,-0.920056,0.387629,-0.056925,-0.386987,-0.921814,-0.022349,-0.061137,0.001466,0.998128,0,0.33665,-0.53827,10.096,-0.364,984.609,525.377,-1,615.737,934.892,477.713,499.818,449.111,567.435,-1,-1,-1,-1,820.687,-1,-1,-1,0,0,2,0,1,0,0,0,0,2,2,2,2,0,2,2,2
69,-5725.136,-435.536,205.802,-157.535,-0.922395,0.382009,-0.057063,-0.381408,-0.924156,-0.021519,-0.060955,0.001916,0.998139,0,0.33665,-0.53827,10.325,-0.347,990.708,525.644,-1,614.613,883.903,477.611,499.350,447.825,565.095,-1,-1,-1,-1,822.440,-1,-1,-1,0,0,2,0,1,0,0,0,0,2,2,2,2,0,2,2,2
70,-5735.330,-438.019,205.110,-157.879,-0.924626,0.376486,-0.057660,-0.375852,-0.926421,-0.021886,-0.061657,0.001435,0.998096,0,0.33665,-0.53827,10.492,-0.344,989.701,523.866,-1,612.071,868.271,475.993,497.594,444.940,565.086,-1,-1,-1,-1,819.449,-1,-1,-1,0,0,2,0,1,0,0,0,0,2,2,2,2,0,2,2,2
71,-5745.719,-440.492,204.443,-158.243,-0.926920,0.370677,-0.058466,-0.369928,-0.928762,-0.023564,-0.063036,-0.000214,0.998011,0,0.33665,-0.53827,10.679,-0.365,981.849,520.407,-1,608.893,852.569,473.313,495.042,440.188,568.067,-1,-1,-1,-1,812.770,-1,-1,-1,0,0,2,0,1,0,0,0,0,2,2,2,2,0,2,2,2
72,-5756.352,-442.874,203.771,-158.637,-0.929352,0.364408,-0.059267,-0.363520,-0.931237,-0.025509,-0.064487,-0.002162,0.997916,0,0.33665,-0.53827,10.897,-0.393,972.848,516.800,-1,605.753,836.329,470.590,492.486,435.283,571.813,-1,-1,-1,-1,805.805,-1,-1,-1,0,0,2,0,1,0,0,0,0,2,2,2,2,0,2,2,2
73,-5767.231,-445.204,203.115,-159.027,-0.931759,0.358100,-0.059913,-0.357159,-0.933678,-0.026120,-0.065293,-0.002939,0.997862,0,0.33665,-0.53827,11.126,-0.391,974.282,514.991,-1,603.321,819.998,469.007,490.825,432.629,572.612,-1,-1,-1,-1,802.974,-1,-1,-1,0,0,2,0,1,0,0,0,0,2,2,2,2,0,2,2,2
74,-5778.373,-447.270,202.483,-159.448,-0.934365,0.351238,-0.059955,-0.350320,-0.936282,-0.025535,-0.065104,-0.002855,0.997874,0,0.33665,-0.53827,11.331,-0.420,985.463,515.567,-1,602.595,803.605,469.208,490.716,431.524,571.397,-1,-1,-1,-1,805.398,-1,-1,-1,0,0,2,0,1,0,0,0,0,2,2,2,2,0,2,2,2
75,-5789.755,-449.220,201.808,-159.876,-0.937007,0.344154,-0.059800,-0.343339,-0.938912,-0.023731,-0.064314,-0.001705,0.997928,0,0.33665,-0.53827,11.548,-0.429,1004.420,517.713,-1,602.364,795.144,470.433,491.368,432.324,567.467,-1,-1,-1,-1,811.397,-1,-1,-1,0,0,2,0,1,0,0,0,0,2,2,2,2,0,2,2,2
76,-5801.444,-451.129,201.150,-160.316,-0.939686,0.336838,-0.059417,-0.336158,-0.941563,-0.021391,-0.063150,-0.000127,0.998004,0,0.52485,-0.66050,11.844,-0.440,-1,520.861,-1,602.739,786.498,472.384,492.628,433.888,562.651,-1,-1,-1,-1,819.391,-1,-1,-1,2,0,2,0,1,0,0,0,0,2,2,2,2,0,2,2,2
77,-5813.605,-453.099,200.412,-160.768,-0.942384,0.329330,-0.058769,-0.328755,-0.944214,-0.019487,-0.061908,0.000956,0.998081,0,0.52485,-0.66050,12.320,-0.452,-1,523.777,-1,603.557,777.445,474.280,493.970,434.568,558.903,-1,-1,-1,-1,827.048,-1,-1,-1,2,0,2,0,1,0,0,0,0,2,2,2,2,0,2,2,2
78,-5826.201,-455.147,199.588,-161.228,-0.945031,0.321759,-0.058198,-0.321203,-0.946821,-0.018934,-0.061196,0.000800,0.998125,0,0.52485,-0.66050,12.761,-0.459,-1,524.850,-1,604.026,767.952,475.072,494.204,433.151,557.919,-1,-1,-1,-1,831.222,-1,-1,-1,2,0,2,0,1,0,0,0,0,2,2,2,2,0,2,2,2
