timestep,x_cm,y_cm,z_cm,yaw_deg,basis_xx,basis_xy,basis_xz,basis_yx,basis_yy,basis_yz,basis_zx,basis_zy,basis_zz,teleport_flag,throttle_cmd,steering_cmd,cmd_move_cm,cmd_turn_deg,lidar_cm_0,lidar_cm_1,lidar_cm_2,lidar_cm_3,lidar_cm_4,lidar_cm_5,lidar_cm_6,lidar_cm_7,lidar_cm_8,lidar_cm_9,lidar_cm_10,lidar_cm_11,lidar_cm_12,lidar_cm_13,lidar_cm_14,lidar_cm_15,lidar_cm_16,lidar_class_0,lidar_class_1,lidar_class_2,lidar_class_3,lidar_class_4,lidar_class_5,lidar_class_6,lidar_class_7,lidar_class_8,lidar_class_9,lidar_class_10,lidar_class_11,lidar_class_12,lidar_class_13,lidar_class_14,lidar_class_15,lidar_class_16
0,-6885.650,-323.420,609.860,69.532,0.325558,-0.928805,-0.177015,0.932114,0.346683,-0.104757,0.158666,-0.130894,0.978617,1,0.08000,0.12000,4.800,0.240,400.000,475.000,-1,250.000,275.000,325.000,250.000,200.000,525.000,-1,100.000,125.000,-1,675.000,325.000,700.000,250.000,1,1,2,1,1,1,1,1,0,2,0,0,2,1,1,1,1
1,-6882.372,-314.396,611.785,70.012,0.316842,-0.931249,-0.179962,0.934768,0.338734,-0.107092,0.160689,-0.134291,0.977827,0,0.16000,0.24000,9.600,0.480,400.000,475.000,-1,250.000,250.000,325.000,250.000,200.000,525.000,-1,100.000,125.000,-1,675.000,325.000,700.000,250.000,1,1,2,1,1,1,1,1,0,2,0,0,2,1,1,1,1
2,-6877.626,-300.800,614.675,70.732,0.303697,-0.934770,-0.184318,0.938594,0.326774,-0.110730,0.163738,-0.139371,0.976609,0,0.24000,0.36000,14.400,0.720,400.000,475.000,-1,250.000,250.000,350.000,250.000,200.000,575.000,-1,75.000,125.000,-1,675.000,325.000,700.000,250.000,1,1,2,1,1,1,1,1,0,2,0,0,2,1,1,1,1
3,-6871.602,-282.569,618.526,71.692,0.286050,-0.939193,-0.189977,0.943404,0.310762,-0.115825,0.167820,-0.146093,0.974932,0,0.32000,0.48000,19.200,0.960,400.000,475.000,-1,275.000,250.000,350.000,275.000,200.000,600.000,-1,75.000,100.000,-1,675.000,350.000,700.000,225.000,1,1,2,1,1,1,1,1,0,2,0,0,2,1,1,1,1
4,-6864.552,-259.627,623.330,72.892,0.263818,-0.944295,-0.196743,0.948945,0.290655,-0.122572,0.172928,-0.154361,0.972763,0,0.40000,0.60000,24.000,1.200,375.000,500.000,-1,275.000,225.000,375.000,275.000,200.000,675.000,900.000,50.000,100.000,-1,675.000,350.000,700.000,225.000,1,1,2,1,1,1,1,1,0,0,0,0,2,1,1,1,1
5,-6856.787,-231.893,629.063,74.332,0.236928,-0.949805,-0.204293,0.954889,0.266413,-0.131188,0.179029,-0.163995,0.970079,0,0.48000,0.72000,28.800,1.440,375.000,500.000,-1,275.000,225.000,375.000,275.000,175.000,750.000,775.000,25.000,75.000,-1,675.000,350.000,725.000,225.000,1,1,2,1,1,1,1,1,0,0,0,0,2,1,1,1,1
6,983.799,-8199.249,325.343,138.647,-0.739533,-0.654986,0.155194,0.666947,-0.744164,0.037453,0.090958,0.131204,0.987174,1,0.00000,0.00000,33.600,1.680,450.000,400.000,-1,425.000,-1,325.000,325.000,300.000,300.000,-1,825.000,800.000,-1,650.000,900.000,575.000,-1,1,0,2,0,2,0,0,0,0,2,1,1,2,1,0,1,2
7,980.209,-8196.063,325.766,138.407,-0.736818,-0.658064,0.155086,0.670038,-0.741376,0.037548,0.090268,0.131580,0.987187,0,0.08000,-0.12000,4.800,-0.240,450.000,400.000,-1,425.000,-1,325.000,325.000,300.000,300.000,-1,825.000,800.000,-1,650.000,900.000,575.000,-1,1,0,2,0,2,0,0,0,0,2,1,1,2,1,0,1,2
8,973.081,-8189.630,326.599,137.927,-0.731351,-0.664185,0.154868,0.676186,-0.735764,0.037741,0.088879,0.132322,0.987214,0,0.16000,-0.24000,9.600,-0.480,450.000,400.000,-1,425.000,-1,325.000,325.000,300.000,300.000,-1,850.000,825.000,-1,675.000,900.000,600.000,-1,1,0,2,0,2,0,0,0,0,2,1,1,2,1,0,1,2
9,962.513,-8179.848,327.823,137.207,-0.723058,-0.673280,0.154534,0.685315,-0.727253,0.038037,0.086776,0.133407,0.987255,0,0.24000,-0.36000,14.400,-0.720,450.000,400.000,-1,425.000,-1,325.000,325.000,300.000,300.000,-1,875.000,825.000,-1,675.000,900.000,625.000,-1,1,0,2,0,2,0,0,0,0,2,1,1,2,1,0,1,2
10,948.642,-8166.570,329.405,136.247,-0.711834,-0.685239,0.154078,0.697314,-0.715734,0.038442,0.083937,0.134805,0.987311,0,0.32000,-0.48000,19.200,-0.960,425.000,400.000,-1,425.000,-1,325.000,325.000,300.000,300.000,-1,900.000,850.000,-1,725.000,900.000,-1,-1,1,1,2,0,2,0,0,0,0,2,1,1,2,1,0,2,2
11,931.654,-8149.613,331.316,135.047,-0.697539,-0.699912,0.153499,0.712033,-0.701060,0.039026,0.080297,0.136518,0.987378,0,0.40000,-0.60000,24.000,-1.200,425.000,400.000,-1,425.000,-1,325.000,325.000,300.000,300.000,-1,950.000,900.000,-1,-1,900.000,-1,-1,1,1,2,0,2,0,0,0,0,2,1,1,2,2,0,2,2
12,911.763,-8128.782,333.486,133.674,-0.680815,-0.716314,0.152926,0.728496,-0.683893,0.039816,0.076064,0.138513,0.987435,0,0.48000,-0.68668,28.800,-1.373,425.000,400.000,-1,425.000,-1,325.000,325.000,300.000,300.000,-1,1000.000,925.000,-1,-1,900.000,-1,-1,1,1,2,0,2,0,0,0,0,2,1,1,2,2,0,2,2
13,889.140,-8103.936,335.879,132.315,-0.663914,-0.732123,0.152357,0.744364,-0.666527,0.040787,0.071689,0.140488,0.987483,0,0.56000,-0.67939,33.600,-1.359,450.000,400.000,-1,425.000,-1,325.000,325.000,300.000,300.000,-1,-1,975.000,-1,-1,900.000,-1,-1,1,1,2,0,2,0,0,0,0,2,2,1,2,2,0,2,2
14,863.958,-8074.942,338.464,130.972,-0.646892,-0.747329,0.151757,0.759620,-0.649013,0.041947,0.067144,0.142412,0.987527,0,0.64000,-0.67116,38.400,-1.342,450.000,400.000,-1,425.000,-1,325.000,325.000,300.000,300.000,-1,-1,-1,-1,-1,900.000,-1,-1,1,1,2,0,2,0,0,0,0,2,2,2,2,2,0,2,2
15,836.390,-8041.678,341.199,129.649,-0.629797,-0.761914,0.151136,0.774247,-0.631400,0.043309,0.062430,0.144293,0.987564,0,0.72000,-0.66194,43.200,-1.324,-1,400.000,-1,425.000,-1,325.000,325.000,300.000,300.000,-1,-1,-1,-1,-1,900.000,-1,-1,2,1,2,0,2,0,0,0,0,2,2,2,2,2,0,2,2
16,806.608,-8004.032,344.041,128.345,-0.612681,-0.775866,0.150512,0.788233,-0.613738,0.044886,0.057549,0.146139,0.987589,0,0.80000,-0.65168,48.000,-1.303,-1,425.000,-1,425.000,-1,325.000,325.000,300.000,300.000,-1,-1,-1,-1,-1,875.000,-1,-1,2,1,2,0,2,0,0,0,0,2,2,2,2,2,0,2,2
17,774.781,-7961.898,346.945,127.065,-0.595596,-0.789174,0.149901,0.801567,-0.596080,0.046693,0.052504,0.147965,0.987598,0,0.88000,-0.64037,52.800,-1.281,-1,450.000,-1,425.000,-1,325.000,325.000,300.000,300.000,-1,-1,-1,-1,-1,875.000,-1,-1,2,0,2,0,2,0,0,1,0,2,2,2,2,2,0,2,2
18,741.077,-7915.185,349.806,125.809,-0.578616,-0.801800,0.149400,0.814238,-0.578457,0.049026,0.047112,0.150014,0.987561,0,0.96000,-0.62801,57.600,-1.256,-1,450.000,-1,425.000,-1,325.000,325.000,275.000,300.000,-1,-1,-1,-1,-1,850.000,-1,-1,2,0,2,0,2,0,0,1,0,2,2,2,2,2,0,2,2
19,707.017,-7865.786,353.078,124.579,-0.561417,-0.813465,0.151939,0.826396,-0.560736,0.051427,0.043364,0.154434,0.987051,0,1.00000,-0.61465,60.000,-1.229,-1,475.000,-1,425.000,-1,350.000,325.000,250.000,300.000,-1,-1,-1,-1,-1,850.000,-1,-1,2,0,2,0,2,0,0,1,0,2,2,2,2,2,0,2,2
20,674.282,-7816.071,355.503,123.361,-0.544498,-0.824923,0.151736,0.837910,-0.543124,0.054068,0.037809,0.156581,0.986941,0,0.99203,-0.60927,59.522,-1.219,-1,475.000,-1,425.000,-1,350.000,325.000,250.000,300.000,-1,-1,-1,-1,-1,825.000,-1,-1,2,0,2,0,2,0,0,1,0,2,2,2,2,2,0,2,2
21,642.938,-7766.185,356.877,122.147,-0.527758,-0.836367,0.148193,0.848845,-0.525604,0.056591,0.030560,0.155659,0.987338,0,0.98187,-0.60694,58.912,-1.214,-1,475.000,-1,400.000,-1,350.000,325.000,225.000,300.000,-1,-1,-1,-1,-1,800.000,-1,-1,2,0,2,0,2,0,0,1,0,2,2,2,2,2,0,2,2
22,612.994,-7716.202,357.149,120.936,-0.511048,-0.847848,0.141361,0.859268,-0.508152,0.058654,0.022103,0.151442,0.988219,0,0.97106,-0.60535,58.263,-1.211,-1,450.000,-1,400.000,-1,350.000,325.000,225.000,300.000,-1,-1,-1,-1,1000.000,775.000,-1,-1,2,0,2,0,2,0,0,1,0,2,2,2,2,1,0,2,2
23,584.445,-7666.182,357.261,119.727,-0.494067,-0.858958,0.134493,0.869317,-0.490481,0.060962,0.013602,0.147036,0.989038,0,0.95985,-0.60447,57.591,-1.209,-1,450.000,1000.000,400.000,-1,325.000,325.000,200.000,300.000,-1,-1,-1,-1,900.000,750.000,-1,-1,2,0,1,0,2,0,0,1,0,2,2,2,2,1,0,2,2
24,557.277,-7616.171,357.760,118.519,-0.476507,-0.869370,0.130909,0.879142,-0.472394,0.062884,0.007171,0.145052,0.989398,0,0.94852,-0.60431,56.911,-1.209,-1,450.000,950.000,375.000,-1,325.000,325.000,200.000,300.000,-1,-1,-1,-1,825.000,725.000,-1,-1,2,0,1,0,2,0,0,1,0,2,2,2,2,1,0,2,2
25,531.479,-7566.193,358.029,117.309,-0.458673,-0.879403,0.127551,0.888605,-0.454066,0.064853,0.000885,0.143089,0.989709,0,0.93735,-0.60484,56.241,-1.210,-1,425.000,900.000,375.000,-1,325.000,300.000,225.000,300.000,-1,-1,-1,-1,750.000,700.000,-1,-1,2,0,1,0,2,0,0,1,0,2,2,2,2,1,0,2,2
26,507.027,-7516.261,358.078,116.097,-0.440556,-0.889062,0.124415,0.897710,-0.435485,0.066855,-0.005258,0.141142,0.989975,0,0.92658,-0.60603,55.595,-1.212,-1,425.000,850.000,375.000,-1,325.000,300.000,225.000,300.000,-1,-1,-1,-1,675.000,700.000,925.000,-1,2,0,1,0,2,0,0,1,0,2,2,2,2,1,0,1,2
27,483.896,-7466.374,357.913,114.881,-0.422145,-0.898350,0.121496,0.906459,-0.416639,0.068880,-0.011258,0.139208,0.990199,0,0.91643,-0.60786,54.986,-1.216,-1,425.000,775.000,375.000,975.000,325.000,300.000,250.000,300.000,750.000,-1,-1,-1,600.000,675.000,775.000,975.000,2,0,1,0,1,0,0,1,0,1,2,2,2,1,0,1,1
28,462.059,-7416.520,357.542,113.661,-0.403430,-0.907267,0.118787,0.914851,-0.397517,0.070915,-0.017119,0.137282,0.990384,0,0.90707,-0.61028,54.424,-1.221,-1,425.000,725.000,375.000,925.000,325.000,300.000,300.000,300.000,500.000,-1,-1,-1,550.000,650.000,675.000,925.000,2,1,1,0,1,1,1,1,0,1,2,2,2,1,0,1,1
29,441.484,-7366.678,357.302,112.434,-0.384553,-0.915647,0.117086,0.922794,-0.378038,0.074419,-0.023878,0.136664,0.990330,0,0.89865,-0.61325,53.919,-1.227,-1,375.000,700.000,350.000,875.000,300.000,300.000,350.000,300.000,475.000,-1,-1,-1,475.000,650.000,600.000,875.000,2,1,1,0,1,1,1,1,0,1,2,2,2,1,0,1,1
30,422.149,-7316.820,356.763,111.201,-0.365323,-0.923677,0.115588,0.930392,-0.358280,0.077500,-0.030172,0.135854,0.990269,0,0.89123,-0.61674,53.474,-1.233,750.000,325.000,650.000,350.000,825.000,275.000,275.000,350.000,300.000,450.000,-1,-1,-1,425.000,625.000,525.000,800.000,1,1,1,0,1,1,1,0,0,1,2,2,2,1,0,1,1
31,404.031,-7266.912,355.490,109.959,-0.345459,-0.931614,0.112928,0.937809,-0.338328,0.077774,-0.034249,0.132773,0.990555,0,0.88487,-0.62069,53.092,-1.241,525.000,300.000,600.000,350.000,775.000,250.000,275.000,350.000,300.000,450.000,-1,-1,-1,400.000,625.000,450.000,750.000,1,1,1,0,1,1,1,0,0,1,2,2,2,1,0,1,1
32,387.111,-7216.920,353.755,108.709,-0.324882,-0.939529,0.108337,0.945077,-0.318177,0.074785,-0.035793,0.126683,0.991297,0,0.87959,-0.62508,52.775,-1.250,450.000,275.000,575.000,350.000,750.000,250.000,275.000,350.000,325.000,450.000,-1,-1,-1,350.000,625.000,375.000,725.000,1,1,1,0,1,1,1,0,0,1,2,2,2,1,0,1,1
33,371.372,-7166.808,351.339,107.449,-0.303727,-0.947250,0.102314,0.952093,-0.297744,0.069769,-0.035625,0.118603,0.992302,0,0.87538,-0.62988,52.523,-1.260,350.000,250.000,550.000,350.000,725.000,225.000,250.000,325.000,325.000,450.000,-1,-1,-1,300.000,625.000,300.000,675.000,1,1,1,0,1,1,1,0,0,1,2,2,2,1,1,1,1
34,355.608,-7111.694,350.367,105.963,-0.278678,-0.954801,0.103409,0.959797,-0.273122,0.064765,-0.033594,0.117300,0.992528,0,0.95538,-0.74299,57.323,-1.486,275.000,225.000,525.000,350.000,700.000,200.000,250.000,350.000,325.000,475.000,-1,-1,-1,275.000,600.000,250.000,650.000,1,1,1,0,1,1,1,0,0,1,2,2,2,1,1,1,1
35,340.557,-7053.612,354.181,104.495,-0.252406,-0.959136,0.127862,0.967487,-0.247955,0.049874,-0.016132,0.136293,0.990537,0,1.00000,-0.73426,60.000,-1.469,250.000,225.000,550.000,400.000,675.000,225.000,275.000,400.000,300.000,525.000,275.000,-1,-1,275.000,550.000,225.000,625.000,1,1,1,0,1,1,1,0,0,1,0,2,2,1,1,1,1
36,327.851,-6999.892,357.720,103.266,-0.229367,-0.961595,0.150749,0.973340,-0.226712,0.034803,0.000711,0.154713,0.987959,0,0.92000,-0.61426,55.200,-1.229,225.000,225.000,550.000,450.000,650.000,225.000,300.000,500.000,300.000,600.000,125.000,100.000,-1,275.000,525.000,200.000,575.000,1,1,1,0,1,1,1,0,0,1,0,0,2,1,1,1,1
37,317.164,-6950.634,360.971,102.191,-0.208314,-0.962837,0.171899,0.977922,-0.208017,0.019946,0.016553,0.172259,0.984913,0,0.84000,-0.53753,50.400,-1.075,200.000,225.000,550.000,450.000,625.000,225.000,325.000,625.000,275.000,650.000,100.000,50.000,-1,300.000,500.000,175.000,575.000,1,1,1,1,1,1,1,0,0,1,0,0,2,1,1,1,1
38,307.759,-6903.102,364.089,101.136,-0.186970,-0.963360,0.192302,0.981845,-0.189629,0.004649,0.031987,0.189680,0.981325,0,0.80749,-0.52766,48.449,-1.055,175.000,225.000,525.000,425.000,600.000,250.000,350.000,775.000,275.000,700.000,100.000,25.000,750.000,300.000,500.000,175.000,550.000,1,1,1,1,1,1,1,0,0,1,0,0,0,1,1,1,1
39,299.198,-6855.359,367.153,100.101,-0.165261,-0.963071,0.212564,0.985104,-0.171574,-0.011473,0.047519,0.207502,0.977080,0,0.80830,-0.51720,48.498,-1.034,150.000,250.000,525.000,400.000,600.000,250.000,350.000,950.000,250.000,750.000,100.000,0.000,525.000,300.000,475.000,150.000,525.000,1,1,1,1,1,1,1,0,0,1,0,0,0,1,1,1,1
40,291.475,-6807.482,370.130,99.090,-0.143249,-0.961991,0.232492,0.987680,-0.153910,-0.028282,0.062990,0.225576,0.972187,0,0.80814,-0.50583,48.489,-1.012,150.000,250.000,525.000,375.000,575.000,275.000,325.000,-1,250.000,825.000,100.000,0.000,375.000,325.000,450.000,150.000,500.000,1,1,1,1,1,1,1,2,0,1,0,0,0,1,1,1,1
41,6231.478,7543.157,216.205,-115.349,-0.435003,0.895287,0.096089,-0.898289,-0.424139,-0.114815,-0.062037,-0.136260,0.988729,1,0.00000,0.00000,48.412,-0.987,-1,350.000,600.000,225.000,275.000,250.000,225.000,275.000,400.000,-1,325.000,-1,-1,575.000,300.000,-1,250.000,2,1,1,1,1,1,1,0,0,2,0,2,2,1,1,2,1
42,6229.407,7538.826,215.996,-115.589,-0.438742,0.893334,0.097258,-0.896537,-0.427805,-0.114909,-0.061045,-0.137611,0.988603,0,0.08000,-0.12000,4.800,-0.240,-1,350.000,600.000,225.000,275.000,250.000,225.000,275.000,400.000,-1,300.000,-1,-1,575.000,300.000,-1,250.000,2,1,1,1,1,1,1,0,0,2,0,2,2,1,1,2,1
43,6225.192,7530.200,215.592,-116.069,-0.446189,0.889376,0.099630,-0.892989,-0.435106,-0.115122,-0.059037,-0.140334,0.988343,0,0.16000,-0.24000,9.600,-0.480,-1,350.000,575.000,225.000,275.000,250.000,225.000,275.000,425.000,-1,275.000,-1,-1,550.000,300.000,-1,250.000,2,1,1,1,1,1,1,0,0,2,0,2,2,1,1,2,1
44,6218.707,7517.341,215.019,-116.789,-0.457281,0.883306,0.103274,-0.887560,-0.445979,-0.115503,-0.055966,-0.144479,0.987924,0,0.24000,-0.36000,14.400,-0.720,-1,325.000,550.000,225.000,275.000,250.000,200.000,275.000,425.000,-1,250.000,-1,-1,525.000,300.000,-1,225.000,2,1,1,1,1,1,1,0,0,2,0,2,2,1,1,2,1
45,6209.801,7500.330,214.335,-117.663,-0.470603,0.875663,0.108384,-0.880821,-0.459016,-0.116008,-0.051834,-0.150061,0.987317,0,0.32000,-0.43705,19.200,-0.874,-1,325.000,525.000,225.000,250.000,250.000,200.000,275.000,450.000,-1,225.000,-1,-1,500.000,300.000,1000.000,225.000,2,1,1,1,1,1,1,0,0,2,0,2,2,1,1,1,1
46,6198.347,7479.238,213.630,-118.534,-0.483664,0.867626,0.115304,-0.874009,-0.471742,-0.116483,-0.046670,-0.157115,0.986477,0,0.40000,-0.43521,24.000,-0.870,-1,300.000,500.000,225.000,250.000,225.000,200.000,275.000,450.000,900.000,175.000,425.000,-1,475.000,275.000,900.000,225.000,2,1,1,1,1,1,1,0,0,0,0,0,2,1,1,1,1
47,6184.221,7454.138,212.961,-119.403,-0.496446,0.859128,0.124259,-0.867129,-0.484149,-0.116991,-0.040351,-0.165828,0.985329,0,0.48000,-0.43458,28.800,-0.869,-1,275.000,475.000,200.000,250.000,225.000,200.000,250.000,475.000,750.000,150.000,375.000,-1,450.000,275.000,800.000,225.000,2,1,1,1,1,1,1,0,0,0,0,0,2,1,1,1,1
48,-4263.617,-3607.605,321.521,70.111,0.342546,-0.936235,0.078267,0.939079,0.338705,-0.058391,0.028159,0.093501,0.995221,1,0.00000,0.00000,33.600,-0.870,-1,375.000,-1,375.000,-1,300.000,300.000,300.000,300.000,-1,725.000,650.000,-1,650.000,650.000,-1,-1,2,0,2,0,2,0,0,0,0,2,0,0,2,0,0,2,2
49,-4261.965,-3603.098,321.650,69.871,0.346466,-0.934804,0.078120,0.937644,0.342622,-0.058594,0.028008,0.093550,0.995221,0,0.08000,-0.12000,4.800,-0.240,-1,375.000,-1,375.000,-1,300.000,300.000,300.000,300.000,-1,725.000,650.000,-1,650.000,650.000,-1,-1,2,0,2,0,2,0,0,0,0,2,0,0,2,0,0,2,2
50,-4258.614,-3594.102,321.910,69.572,0.351352,-0.933004,0.077815,0.935824,0.347493,-0.059001,0.028008,0.093552,0.995220,0,0.16000,-0.14942,9.600,-0.299,-1,375.000,-1,375.000,-1,300.000,300.000,300.000,300.000,-1,675.000,625.000,-1,650.000,650.000,1000.000,-1,2,0,2,0,2,0,0,0,0,2,0,0,2,0,0,1,2
51,-4253.517,-3580.634,322.301,69.271,0.356291,-0.931168,0.077345,0.933948,0.352403,-0.059610,0.028250,0.093475,0.995221,0,0.24000,-0.15083,14.400,-0.302,-1,375.000,-1,375.000,-1,300.000,300.000,300.000,300.000,-1,650.000,600.000,-1,650.000,650.000,1000.000,-1,2,0,2,0,2,0,0,0,0,2,0,0,2,0,0,1,2
52,-4246.625,-3562.713,322.817,68.965,0.361306,-0.929287,0.076700,0.932004,0.357375,-0.060421,0.028737,0.093315,0.995222,0,0.32000,-0.15296,19.200,-0.306,1000.000,375.000,-1,375.000,-1,300.000,300.000,300.000,300.000,-1,600.000,575.000,-1,625.000,650.000,975.000,-1,1,0,2,0,2,0,0,0,0,2,0,0,2,0,0,1,2
53,-4237.889,-3540.359,323.454,68.653,0.366419,-0.927351,0.075872,0.929983,0.362433,-0.061431,0.029470,0.093069,0.995223,0,0.40000,-0.15581,24.000,-0.312,975.000,375.000,-1,375.000,-1,300.000,300.000,300.000,300.000,-1,550.000,550.000,-1,625.000,650.000,950.000,-1,1,0,2,0,2,0,0,0,0,2,0,0,2,0,0,1,2
54,-4227.228,-3513.604,324.201,68.275,0.372609,-0.924965,0.074846,0.927492,0.368558,-0.062637,0.030352,0.092759,0.995226,0,0.48000,-0.18915,28.800,-0.378,950.000,375.000,-1,375.000,-1,300.000,300.000,300.000,300.000,-1,500.000,500.000,-1,625.000,650.000,925.000,-1,1,0,2,0,2,0,0,0,0,2,0,0,2,0,0,1,2
55,-4214.586,-3482.472,325.056,67.900,0.378737,-0.922572,0.073611,0.924968,0.374611,-0.064040,0.031506,0.092342,0.995229,0,0.56000,-0.18725,33.600,-0.375,925.000,375.000,-1,375.000,-1,300.000,300.000,300.000,325.000,-1,475.000,475.000,-1,625.000,650.000,900.000,-1,1,0,2,0,2,0,0,0,0,2,0,0,2,0,0,1,2
56,-4199.910,-3446.987,326.015,67.530,0.384790,-0.920180,0.072152,0.922416,0.380579,-0.065641,0.032941,0.091812,0.995231,0,0.64000,-0.18498,38.400,-0.370,875.000,375.000,-1,375.000,-1,300.000,300.000,300.000,325.000,-1,425.000,450.000,-1,625.000,650.000,875.000,-1,1,0,2,0,2,0,0,0,0,2,0,0,2,0,0,1,2
57,-4183.308,-3407.104,327.163,67.400,0.387004,-0.919356,0.070799,0.921419,0.382682,-0.067387,0.034859,0.091315,0.995212,0,0.72000,-0.06498,43.200,-0.130,850.000,350.000,-1,375.000,-1,300.000,300.000,300.000,325.000,-1,400.000,425.000,-1,625.000,625.000,825.000,-1,1,0,2,0,2,0,0,0,0,2,0,0,2,0,0,1,2
58,-4165.889,-3365.028,328.631,67.510,0.385364,-0.920066,0.070524,0.922040,0.380906,-0.068946,0.036572,0.091595,0.995124,0,0.75899,0.05502,45.539,0.110,800.000,350.000,-1,375.000,-1,300.000,300.000,300.000,325.000,-1,400.000,425.000,-1,625.000,625.000,800.000,1000.000,1,0,2,0,2,0,0,0,0,2,0,0,2,0,0,1,0
59,-4148.625,-3322.588,330.448,67.861,0.379996,-0.922258,0.071017,0.924135,0.375230,-0.071945,0.039704,0.092969,0.994877,0,0.76363,0.17502,45.818,0.350,775.000,350.000,1000.000,375.000,1000.000,300.000,300.000,300.000,300.000,-1,400.000,425.000,-1,625.000,625.000,750.000,975.000,1,0,1,0,0,0,0,0,0,2,0,0,2,0,0,1,0
60,-4131.695,-3279.708,332.426,68.451,0.370804,-0.925929,0.071828,0.927687,0.365656,-0.075444,0.043592,0.094609,0.994560,0,0.76835,0.29502,46.101,0.590,725.000,350.000,950.000,350.000,975.000,300.000,300.000,300.000,300.000,-1,400.000,400.000,-1,625.000,625.000,725.000,975.000,1,0,1,0,0,0,0,0,0,2,0,0,2,0,0,1,0
61,-4115.285,-3236.316,334.549,69.281,0.357734,-0.930971,0.072929,0.932583,0.352145,-0.079265,0.048111,0.096368,0.994182,0,0.77319,0.41502,46.391,0.830,700.000,350.000,900.000,350.000,950.000,300.000,300.000,300.000,300.000,-1,375.000,400.000,-1,625.000,625.000,700.000,975.000,1,0,1,0,0,0,0,0,0,2,0,0,2,1,0,1,0
62,-4099.586,-3192.344,337.080,70.351,0.340570,-0.937349,0.073404,0.938775,0.334685,-0.081775,0.052085,0.096760,0.993944,0,0.77819,0.53502,46.691,1.070,675.000,350.000,850.000,350.000,925.000,300.000,300.000,300.000,300.000,-1,400.000,400.000,-1,600.000,600.000,650.000,925.000,1,0,1,0,0,0,0,0,0,2,0,0,2,1,0,1,1
63,-4084.796,-3147.729,340.266,71.661,0.319292,-0.944926,0.071884,0.945934,0.313223,-0.084256,0.057099,0.094900,0.993848,0,0.78339,0.65502,47.004,1.310,625.000,350.000,800.000,350.000,950.000,300.000,300.000,300.000,300.000,-1,400.000,425.000,-1,575.000,625.000,625.000,875.000,1,0,1,0,0,0,0,0,0,2,0,0,2,1,0,1,1
64,-4071.123,-3102.418,343.795,73.211,0.293845,-0.953317,0.069585,0.953773,0.287628,-0.087104,0.063023,0.091964,0.993766,0,0.78883,0.77502,47.330,1.550,600.000,375.000,775.000,350.000,950.000,300.000,300.000,300.000,300.000,-1,425.000,425.000,-1,550.000,625.000,575.000,800.000,1,0,1,0,1,0,0,0,0,2,0,0,2,1,0,1,1
65,-4058.892,-3058.262,347.315,74.521,0.272170,-0.959874,0.067569,0.959816,0.265822,-0.089954,0.068384,0.089336,0.993651,0,0.76365,0.65502,45.819,1.310,575.000,375.000,725.000,350.000,875.000,300.000,300.000,300.000,300.000,-1,425.000,425.000,-1,525.000,625.000,550.000,750.000,1,0,1,0,1,0,0,0,0,2,0,0,2,1,1,1,1
66,-4047.407,-3013.568,350.946,75.591,0.254374,-0.964869,0.065734,0.964321,0.247901,-0.092894,0.073335,0.087018,0.993504,0,0.76911,0.53502,46.147,1.070,525.000,375.000,675.000,375.000,825.000,300.000,300.000,300.000,300.000,-1,425.000,425.000,-1,500.000,575.000,525.000,700.000,1,0,1,0,1,0,0,0,0,2,0,0,2,1,1,1,1
67,-4036.496,-2968.399,354.671,76.421,0.240532,-0.968526,0.064046,0.967510,0.233938,-0.095901,0.077900,0.085033,0.993328,0,0.77447,0.41502,46.468,0.830,500.000,375.000,650.000,375.000,750.000,300.000,300.000,300.000,300.000,-1,450.000,425.000,-1,450.000,550.000,475.000,650.000,1,1,1,0,1,0,0,0,0,2,0,0,2,1,1,1,1
68,-4025.980,-2922.815,358.475,77.011,0.230696,-0.971018,0.062470,0.969556,0.223982,-0.098956,0.082096,0.083397,0.993129,0,0.77969,0.29502,46.781,0.590,450.000,350.000,600.000,375.000,700.000,300.000,300.000,300.000,300.000,-1,450.000,425.000,-1,425.000,500.000,450.000,600.000,1,1,1,0,1,0,0,0,0,2,0,0,2,1,1,1,1
69,-4015.739,-2876.859,362.345,77.438,0.223596,-0.972774,0.060962,0.970876,0.216764,-0.102046,0.086053,0.082004,0.992910,0,0.78471,0.21352,47.083,0.427,425.000,325.000,550.000,375.000,625.000,300.000,300.000,300.000,300.000,-1,450.000,450.000,-1,400.000,475.000,400.000,550.000,1,1,1,1,1,1,0,0,0,2,0,0,2,1,1,1,1
70,-4005.784,-2830.543,366.279,77.871,0.216364,-0.974498,0.059497,0.972153,0.209422,-0.105168,0.090026,0.080594,0.992673,0,0.78956,0.21675,47.374,0.433,375.000,300.000,500.000,350.000,575.000,275.000,300.000,300.000,300.000,-1,400.000,400.000,-1,375.000,425.000,350.000,500.000,1,1,1,1,1,1,1,0,0,2,0,0,2,1,1,1,1
71,-3996.128,-2783.870,370.277,78.312,0.208995,-0.976191,0.058076,0.973387,0.201950,-0.108321,0.094013,0.079169,0.992418,0,0.79434,0.22016,47.661,0.440,325.000,275.000,475.000,300.000,525.000,250.000,275.000,300.000,300.000,-1,350.000,350.000,-1,325.000,400.000,325.000,450.000,1,1,1,1,1,1,1,0,0,2,0,0,2,1,1,1,1
72,-3986.781,-2736.847,374.340,78.759,0.201481,-0.977850,0.056702,0.974576,0.194341,-0.111503,0.098014,0.077726,0.992145,0,0.79905,0.22379,47.943,0.448,275.000,250.000,425.000,275.000,450.000,225.000,250.000,300.000,300.000,-1,325.000,325.000,-1,300.000,350.000,275.000,400.000,1,1,1,1,1,1,1,0,0,2,0,0,2,1,1,1,1
73,-3977.757,-2689.479,378.466,79.215,0.193814,-0.979474,0.055378,0.975719,0.186585,-0.114714,0.102026,0.076267,0.991854,0,0.80365,0.22766,48.219,0.455,250.000,225.000,375.000,250.000,400.000,200.000,225.000,300.000,300.000,-1,275.000,300.000,-1,275.000,325.000,225.000,350.000,1,1,1,1,1,1,1,0,0,2,0,0,2,1,1,1,1
74,-3969.084,-2641.771,385.556,79.678,0.187649,-0.980123,0.064397,0.975771,0.178503,-0.126520,0.112510,0.086578,0.989872,0,0.80813,0.23179,48.488,0.464,225.000,200.000,350.000,225.000,325.000,175.000,200.000,325.000,300.000,-1,250.000,225.000,-1,250.000,275.000,200.000,300.000,1,1,1,1,1,1,1,0,0,2,0,0,2,1,1,1,1
75,-3960.782,-2593.730,395.474,80.151,0.183610,-0.979495,0.082926,0.974201,0.170056,-0.148370,0.131226,0.108029,0.985449,0,0.81247,0.23623,48.748,0.472,225.000,200.000,350.000,200.000,275.000,175.000,175.000,375.000,275.000,-1,225.000,175.000,850.000,250.000,275.000,200.000,250.000,1,1,1,1,1,1,1,0,0,2,0,0,0,1,1,1,1
76,-3952.822,-2545.374,410.009,80.633,0.178581,-0.980348,0.083827,0.970844,0.161720,-0.176940,0.159906,0.112981,0.980645,0,0.81662,0.24102,48.997,0.482,225.000,200.000,350.000,200.000,275.000,175.000,175.000,425.000,300.000,-1,200.000,150.000,700.000,250.000,275.000,200.000,250.000,1,1,1,1,1,1,1,0,0,2,0,0,0,1,1,1,1
77,-6887.253,-2295.767,521.397,-97.028,-0.122517,0.989727,-0.073686,-0.992464,-0.122017,0.011266,0.002159,0.074511,0.997218,1,0.00000,0.00000,49.233,0.492,-1,375.000,-1,375.000,-1,300.000,300.000,350.000,350.000,-1,425.000,400.000,-1,1000.000,775.000,-1,-1,2,0,2,0,2,0,0,0,0,2,0,0,2,0,0,2,2
78,-6887.861,-2300.529,521.416,-97.268,-0.126656,0.989211,-0.073621,-0.991945,-0.126162,0.011345,0.001934,0.074465,0.997222,0,0.08000,-0.12000,4.800,-0.240,-1,375.000,-1,375.000,-1,300.000,300.000,350.000,350.000,-1,425.000,400.000,-1,1000.000,775.000,-1,-1,2,0,2,0,2,0,0,0,0,2,0,0,2,0,0,2,2
79,-6889.155,-2310.041,521.448,-97.748,-0.134929,0.988125,-0.073502,-0.990854,-0.134445,0.011509,0.001490,0.074382,0.997229,0,0.16000,-0.24000,9.600,-0.480,-1,375.000,-1,375.000,-1,300.000,300.000,350.000,350.000,-1,425.000,400.000,-1,1000.000,775.000,-1,-1,2,0,2,0,2,0,0,0,0,2,0,0,2,0,0,2,2
80,-6891.276,-2324.285,521.484,-98.468,-0.147321,0.986366,-0.073342,-0.989088,-0.146853,0.011770,0.000839,0.074276,0.997237,0,0.24000,-0.36000,14.400,-0.720,-1,375.000,-1,375.000,-1,300.000,300.000,350.000,350.000,-1,450.000,425.000,-1,1000.000,775.000,-1,-1,2,0,2,0,2,0,0,0,0,2,0,0,2,1,0,2,2
81,-6894.421,-2343.226,521.514,-99.428,-0.163810,0.983775,-0.073165,-0.986492,-0.163359,0.012148,-0.000002,0.074166,0.997246,0,0.32000,-0.48000,19.200,-0.960,-1,375.000,-1,375.000,-1,300.000,300.000,350.000,350.000,-1,475.000,425.000,-1,975.000,800.000,-1,-1,2,0,2,0,2,0,0,0,0,2,0,0,2,1,0,2,2
82,-6898.848,-2366.815,521.523,-100.628,-0.184360,0.980144,-0.072998,-0.982858,-0.183927,0.012670,-0.001008,0.074083,0.997252,0,0.40000,-0.60000,24.000,-1.200,-1,400.000,-1,375.000,-1,300.000,300.000,350.000,350.000,-1,500.000,450.000,-1,950.000,800.000,-1,-1,2,0,2,0,2,0,0,0,0,2,0,0,2,1,0,2,2
83,-6904.870,-2394.979,521.493,-102.068,-0.208918,0.975214,-0.072877,-0.977931,-0.208501,0.013375,-0.002151,0.074063,0.997251,0,0.48000,-0.72000,28.800,-1.440,-1,400.000,-1,375.000,-1,300.000,300.000,350.000,350.000,-1,525.000,475.000,-1,925.000,800.000,-1,-1,2,0,2,0,2,0,0,0,0,2,0,0,2,1,0,2,2
84,-6912.856,-2427.617,521.408,-103.748,-0.237408,0.968675,-0.072838,-0.971404,-0.237000,0.014315,-0.003396,0.074154,0.997241,0,0.56000,-0.84000,33.600,-1.680,-1,400.000,-1,400.000,-1,300.000,325.000,350.000,350.000,-1,550.000,500.000,-1,900.000,800.000,-1,-1,2,0,2,0,2,0,0,0,0,2,0,0,2,1,0,2,2
85,-6923.226,-2464.592,521.248,-105.668,-0.269724,0.960172,-0.072925,-0.962926,-0.269316,0.015557,-0.004703,0.074418,0.997216,0,0.64000,-0.96000,38.400,-1.920,-1,400.000,-1,400.000,-1,325.000,325.000,350.000,350.000,-1,575.000,550.000,-1,850.000,800.000,975.000,-1,2,0,2,0,2,0,0,0,0,2,0,0,2,1,0,1,2
86,-6936.279,-2505.774,520.992,-107.586,-0.301728,0.950583,-0.073160,-0.953377,-0.301296,0.017142,-0.005748,0.074921,0.997173,0,0.72000,-0.95917,43.200,-1.918,-1,425.000,-1,400.000,-1,325.000,325.000,350.000,350.000,-1,625.000,500.000,-1,825.000,800.000,900.000,-1,2,0,2,0,2,0,0,0,0,2,0,0,2,1,0,1,2
87,-6952.289,-2551.026,520.690,-109.484,-0.333055,0.940012,-0.073834,-0.942884,-0.332577,0.019033,-0.006665,0.075956,0.997089,0,0.80000,-0.94867,48.000,-1.897,975.000,425.000,-1,400.000,-1,325.000,325.000,350.000,325.000,-1,625.000,450.000,-1,775.000,825.000,850.000,-1,1,0,2,0,2,0,0,0,0,2,0,0,2,1,0,1,2
88,-6971.518,-2600.201,519.661,-111.356,-0.363487,0.928724,-0.073139,-0.931551,-0.363143,0.018420,-0.009453,0.074828,0.997152,0,0.88000,-0.93618,52.800,-1.872,850.000,425.000,-1,400.000,-1,325.000,325.000,350.000,325.000,-1,675.000,525.000,-1,750.000,800.000,775.000,-1,1,0,2,0,2,0,0,0,0,2,0,0,2,1,0,1,2
89,-6994.210,-2653.144,518.443,-113.199,-0.393064,0.916636,-0.072664,-0.919430,-0.392852,0.017785,-0.012244,0.073801,0.997198,0,0.96000,-0.92143,57.600,-1.843,750.000,425.000,-1,400.000,-1,350.000,325.000,350.000,325.000,-1,775.000,625.000,-1,700.000,800.000,725.000,-1,1,0,2,0,2,0,0,0,0,2,0,0,2,1,0,1,2
90,-7019.577,-2707.520,516.790,-115.007,-0.421621,0.903942,-0.071582,-0.906626,-0.421654,0.015386,-0.016275,0.071385,0.997316,0,1.00000,-0.90411,60.000,-1.808,675.000,425.000,-1,400.000,-1,350.000,325.000,350.000,325.000,-1,900.000,825.000,-1,650.000,775.000,675.000,-1,1,0,2,0,2,0,0,0,0,2,0,0,2,1,0,1,2
91,-7046.611,-2761.085,514.993,-116.776,-0.449122,0.890691,-0.070421,-0.893223,-0.449455,0.011941,-0.021015,0.068265,0.997446,0,1.00000,-0.88445,60.000,-1.769,600.000,425.000,-1,400.000,-1,325.000,325.000,350.000,350.000,-1,-1,950.000,-1,625.000,775.000,625.000,-1,1,0,2,0,2,0,0,0,0,2,2,0,2,1,0,1,2
92,-7075.245,-2813.813,512.942,-118.502,-0.475479,0.876849,-0.071102,-0.879334,-0.476128,0.008601,-0.026312,0.066612,0.997432,0,1.00000,-0.86289,60.000,-1.726,525.000,425.000,-1,400.000,-1,325.000,325.000,350.000,325.000,-1,-1,-1,-1,600.000,750.000,575.000,-1,1,0,2,0,2,0,0,0,0,2,2,2,2,1,0,1,2
93,-7105.411,-2865.680,510.851,-120.181,-0.500683,0.862576,-0.072651,-0.865055,-0.501645,0.005662,-0.031561,0.065682,0.997341,0,1.00000,-0.83945,60.000,-1.679,475.000,400.000,-1,400.000,-1,325.000,325.000,350.000,325.000,-1,-1,-1,-1,575.000,700.000,525.000,-1,1,0,2,0,2,0,0,0,0,2,2,2,2,1,0,1,2
94,-7137.038,-2916.669,508.830,-121.809,-0.524717,0.848005,-0.074568,-0.850495,-0.525973,0.003237,-0.036476,0.065118,0.997211,0,1.00000,-0.81417,60.000,-1.628,425.000,400.000,-1,375.000,-1,325.000,325.000,350.000,325.000,-1,-1,-1,-1,550.000,700.000,475.000,-1,1,0,2,0,2,0,0,0,0,2,2,2,2,1,0,1,2
95,-7170.054,-2966.770,506.899,-123.383,-0.547547,0.833248,-0.076746,-0.835769,-0.549080,0.001340,-0.041023,0.064876,0.997050,0,1.00000,-0.78711,60.000,-1.574,375.000,375.000,-1,375.000,-1,325.000,300.000,350.000,325.000,-1,-1,-1,-1,550.000,675.000,425.000,-1,1,1,2,0,2,0,0,0,0,2,2,2,2,1,0,1,2
96,-7204.383,-3015.979,505.088,-124.900,-0.569154,0.818423,-0.079042,-0.820990,-0.570942,-0.000022,-0.045147,0.064881,0.996871,0,1.00000,-0.75836,60.000,-1.517,350.000,375.000,-1,375.000,-1,300.000,300.000,350.000,325.000,-1,-1,-1,-1,625.000,650.000,400.000,-1,1,1,2,0,2,0,0,0,0,2,2,2,2,1,0,1,2
97,-7239.953,-3064.300,503.169,-126.356,-0.589594,0.803672,-0.080558,-0.806253,-0.591571,-0.000832,-0.048324,0.064459,0.996750,0,1.00000,-0.72805,60.000,-1.456,300.000,350.000,-1,350.000,-1,300.000,300.000,375.000,325.000,-1,-1,-1,-1,800.000,625.000,375.000,-1,1,1,2,0,2,0,0,0,0,2,2,2,2,0,0,1,2
98,-7276.687,-3111.741,500.782,-127.749,-0.609020,0.789174,-0.079366,-0.791615,-0.611019,-0.001145,-0.049398,0.062130,0.996845,0,1.00000,-0.69634,60.000,-1.393,275.000,375.000,-1,350.000,-1,300.000,300.000,350.000,325.000,-1,-1,-1,-1,775.000,625.000,375.000,-1,1,1,2,0,2,0,0,0,0,2,2,2,2,0,0,1,2
99,-7314.509,-3158.319,498.249,-129.076,-0.627305,0.774953,-0.077047,-0.777207,-0.629244,-0.001158,-0.049379,0.059155,0.997027,0,1.00000,-0.66344,60.000,-1.327,250.000,400.000,-1,350.000,-1,300.000,300.000,350.000,325.000,-1,-1,-1,-1,750.000,625.000,925.000,-1,1,0,2,0,2,0,0,0,0,2,2,2,2,0,0,1,2
100,-7353.344,-3204.056,496.698,-130.335,-0.644598,0.760894,-0.074386,-0.763248,-0.646084,0.005201,-0.044102,0.060128,0.997216,0,1.00000,-0.62960,60.000,-1.259,275.000,400.000,-1,375.000,-1,325.000,300.000,350.000,325.000,-1,-1,-1,-1,775.000,650.000,900.000,-1,1,0,2,0,2,0,0,1,0,2,2,2,2,0,0,1,2
101,-7393.118,-3248.978,495.729,-131.525,-0.660726,0.747159,-0.072076,-0.749708,-0.661618,0.014120,-0.037137,0.063365,0.997299,0,1.00000,-0.59513,60.000,-1.190,750.000,425.000,-1,375.000,-1,325.000,325.000,300.000,325.000,-1,275.000,500.000,-1,800.000,675.000,875.000,-1,1,0,2,0,2,0,0,1,0,2,0,0,2,1,0,1,2
102,-7433.768,-3293.110,493.192,-132.646,-0.675463,0.734226,-0.068276,-0.736535,-0.676245,0.014432,-0.035575,0.060036,0.997562,0,1.00000,-0.56040,60.000,-1.121,750.000,425.000,-1,375.000,-1,325.000,325.000,250.000,325.000,-1,200.000,375.000,-1,775.000,675.000,850.000,-1,1,0,2,0,2,0,0,1,0,2,0,0,2,1,0,1,2
103,-7475.244,-3336.466,489.116,-133.724,-0.689223,0.721762,-0.063493,-0.723479,-0.690319,0.006194,-0.039360,0.050204,0.997963,0,1.00000,-0.53917,60.000,-1.078,700.000,400.000,-1,375.000,-1,325.000,300.000,225.000,325.000,-1,250.000,450.000,-1,725.000,650.000,800.000,-1,1,0,2,0,2,0,0,1,0,2,0,0,2,1,0,1,2
104,-7517.519,-3379.045,484.155,-134.789,-0.702565,0.709182,-0.058850,-0.710200,-0.703983,-0.004915,-0.044915,0.038342,0.998255,0,1.00000,-0.53241,60.000,-1.065,625.000,375.000,-1,350.000,-1,300.000,300.000,175.000,350.000,-1,300.000,-1,-1,675.000,625.000,725.000,-1,1,0,2,0,2,0,0,1,0,2,0,2,2,1,0,1,2
105,-7560.566,-3420.841,481.521,-135.844,-0.715712,0.696147,-0.055999,-0.697100,-0.716966,-0.003414,-0.042526,0.036593,0.998425,0,1.00000,-0.52743,60.000,-1.055,600.000,375.000,-1,350.000,-1,300.000,300.000,175.000,350.000,-1,300.000,375.000,-1,650.000,625.000,700.000,-1,1,0,2,0,2,0,0,1,0,2,0,0,2,1,0,1,2
106,-7604.371,-3461.843,479.092,-136.893,-0.728525,0.682946,-0.053266,-0.683847,-0.729623,-0.001754,-0.040062,0.035149,0.998579,0,1.00000,-0.52428,60.000,-1.049,575.000,375.000,-1,350.000,-1,300.000,300.000,150.000,350.000,-1,300.000,325.000,-1,650.000,625.000,700.000,-1,1,0,2,0,2,0,0,1,0,2,0,0,2,1,0,1,2
107,-7647.824,-3501.053,476.961,-137.939,-0.741041,0.669542,-0.050704,-0.670398,-0.742001,-0.000165,-0.037733,0.033870,0.998714,0,0.97548,-0.52299,58.529,-1.046,550.000,375.000,-1,350.000,-1,300.000,300.000,175.000,350.000,-1,325.000,350.000,-1,650.000,625.000,-1,-1,1,0,2,0,2,0,0,1,0,2,0,0,2,1,0,2,2
108,-7690.868,-3538.489,475.074,-138.986,-0.753306,0.655892,-0.048319,-0.656714,-0.754138,0.001517,-0.035444,0.032875,0.998831,0,0.95076,-0.52356,57.046,-1.047,525.000,375.000,-1,350.000,-1,300.000,300.000,200.000,350.000,-1,325.000,350.000,-1,675.000,625.000,-1,-1,1,0,2,0,2,0,0,1,0,2,0,0,2,0,0,2,2
109,-7733.495,-3574.210,473.407,-140.037,-0.765355,0.641955,-0.046103,-0.642752,-0.766067,0.003317,-0.033189,0.032172,0.998931,0,0.92693,-0.52584,55.616,-1.052,525.000,375.000,-1,350.000,-1,300.000,300.000,225.000,350.000,-1,350.000,350.000,-1,675.000,625.000,-1,-1,1,0,2,0,2,0,0,1,0,2,0,0,2,0,0,2,2
110,-7775.725,-3608.290,472.498,-141.097,-0.777054,0.627630,-0.047611,-0.628554,-0.777742,0.006020,-0.033251,0.034604,0.998848,0,0.90442,-0.52971,54.265,-1.059,550.000,375.000,-1,350.000,-1,300.000,300.000,250.000,350.000,475.000,425.000,425.000,-1,675.000,600.000,-1,-1,1,0,2,0,2,0,0,1,0,1,0,0,2,0,0,2,2
111,-7817.594,-3640.809,473.042,-142.167,-0.788332,0.612836,-0.054447,-0.614154,-0.789120,0.010223,-0.036700,0.041498,0.998464,0,0.88357,-0.53501,53.014,-1.070,-1,350.000,-1,350.000,-1,300.000,300.000,300.000,325.000,375.000,600.000,575.000,-1,675.000,600.000,-1,-1,2,0,2,0,2,0,0,1,0,1,0,0,2,0,0,2,2
112,-7859.159,-3671.848,472.498,-143.250,-0.799840,0.597777,-0.054019,-0.599162,-0.800523,0.012948,-0.035504,0.042723,0.998456,0,0.86459,-0.54161,51.876,-1.083,-1,350.000,-1,350.000,-1,300.000,300.000,350.000,325.000,325.000,650.000,625.000,-1,675.000,600.000,-1,-1,2,0,2,0,2,0,0,1,0,1,0,0,2,0,0,2,2
113,-7900.486,-3701.489,470.806,-144.349,-0.811520,0.582405,-0.047317,-0.583541,-0.811962,0.014032,-0.030247,0.038999,0.998781,0,0.84764,-0.54939,50.858,-1.099,-1,350.000,-1,350.000,-1,300.000,300.000,375.000,325.000,300.000,575.000,550.000,-1,675.000,600.000,-1,-1,2,0,2,0,2,0,0,0,0,1,0,0,2,0,0,2,2
114,-7941.648,-3729.813,468.016,-145.465,-0.823233,0.566641,-0.034721,-0.567311,-0.823398,0.013195,-0.021113,0.030560,0.999310,0,0.83277,-0.55822,49.966,-1.116,-1,375.000,-1,350.000,-1,300.000,300.000,350.000,350.000,275.000,375.000,375.000,-1,700.000,650.000,-1,-1,2,0,2,0,2,0,0,0,0,1,0,0,2,0,0,2,2
115,-7979.243,-3754.845,466.100,-146.342,-0.832068,0.554062,-0.026045,-0.554485,-0.832092,0.013008,-0.014465,0.025265,0.999576,0,0.75277,-0.43822,45.166,-0.876,-1,375.000,-1,375.000,-1,300.000,300.000,350.000,350.000,275.000,225.000,250.000,-1,725.000,675.000,-1,-1,2,0,2,0,2,0,0,1,0,1,0,0,2,0,0,2,2
116,-8013.089,-3776.843,465.538,-146.978,-0.838240,0.544787,-0.023681,-0.545171,-0.838199,0.014515,-0.011942,0.025078,0.999614,0,0.67277,-0.31822,40.366,-0.636,-1,375.000,-1,375.000,-1,300.000,300.000,325.000,350.000,300.000,200.000,250.000,-1,725.000,700.000,-1,-1,2,0,2,0,2,0,0,1,0,1,0,0,2,0,0,2,2
117,-8043.043,-3796.018,465.113,-147.375,-0.842042,0.538974,-0.021717,-0.539324,-0.841948,0.015924,-0.009702,0.025121,0.999637,0,0.59277,-0.19822,35.566,-0.396,-1,375.000,-1,375.000,-1,300.000,300.000,300.000,350.000,325.000,200.000,225.000,-1,725.000,700.000,-1,-1,2,0,2,0,2,0,0,1,0,1,0,0,2,0,0,2,2
118,-8076.056,-3817.025,464.718,-147.531,-0.843563,0.536670,-0.019692,-0.536983,-0.843411,0.017549,-0.007190,0.025378,0.999652,0,0.65217,-0.07822,39.130,-0.156,-1,375.000,-1,375.000,-1,300.000,300.000,300.000,350.000,350.000,200.000,225.000,-1,750.000,725.000,-1,-1,2,0,2,0,2,0,0,1,0,1,0,0,2,0,0,2,2
119,-8108.758,-3837.901,464.375,-147.447,-0.842823,0.537895,-0.017823,-0.538169,-0.842621,0.019083,-0.004754,0.025675,0.999659,0,0.64662,0.04178,38.797,0.084,-1,375.000,-1,375.000,-1,300.000,300.000,275.000,325.000,375.000,200.000,225.000,-1,750.000,725.000,-1,-1,2,0,2,0,2,0,0,1,0,1,0,0,2,0,0,2,2
120,-8141.133,-3858.827,464.104,-147.124,-0.839812,0.542639,-0.016086,-0.542873,-0.839562,0.020628,-0.002312,0.026056,0.999658,0,0.64249,0.16178,38.549,0.324,-1,375.000,-1,375.000,-1,300.000,300.000,275.000,325.000,400.000,200.000,200.000,-1,775.000,750.000,-1,-1,2,0,2,0,2,0,0,1,0,1,0,0,2,0,0,2,2
121,-8173.161,-3879.977,463.669,-146.560,-0.834458,0.550878,-0.014580,-0.551071,-0.834195,0.020950,-0.000621,0.025516,0.999674,0,0.63969,0.28178,38.381,0.564,-1,400.000,-1,375.000,-1,300.000,300.000,275.000,325.000,425.000,200.000,225.000,-1,775.000,750.000,-1,-1,2,0,2,0,2,0,0,1,0,1,0,0,2,0,0,2,2
122,-8204.854,-3901.459,463.284,-145.869,-0.827768,0.560916,-0.013149,-0.561070,-0.827499,0.021121,0.000966,0.024860,0.999690,0,0.63813,0.34578,38.288,0.692,-1,400.000,-1,375.000,-1,300.000,300.000,275.000,325.000,450.000,225.000,225.000,-1,800.000,750.000,-1,-1,2,0,2,0,2,0,0,1,0,1,0,0,2,0,0,2,2
123,-8236.248,-3923.287,462.972,-145.190,-0.821078,0.570695,-0.011757,-0.570811,-0.820808,0.021213,0.002456,0.024129,0.999706,0,0.63727,0.33955,38.236,0.679,-1,400.000,-1,375.000,-1,300.000,300.000,250.000,325.000,475.000,225.000,225.000,-1,800.000,750.000,-1,-1,2,0,2,0,2,0,0,1,0,1,0,0,2,0,0,2,2
124,-8267.349,-3945.452,462.734,-144.523,-0.814399,0.580212,-0.010406,-0.580293,-0.814131,0.021226,0.003844,0.023324,0.999721,0,0.63652,0.33314,38.191,0.666,-1,400.000,-1,375.000,-1,300.000,300.000,250.000,325.000,500.000,250.000,225.000,-1,825.000,775.000,-1,-1,2,0,2,0,2,0,0,1,0,1,0,0,2,0,0,2,2
125,-8298.164,-3967.947,462.571,-143.870,-0.807742,0.589466,-0.009093,-0.589514,-0.807481,0.021155,0.005128,0.022448,0.999735,0,0.63587,0.32654,38.152,0.653,-1,400.000,-1,375.000,-1,325.000,300.000,250.000,325.000,525.000,250.000,250.000,-1,825.000,775.000,-1,-1,2,0,2,0,2,0,0,1,0,1,0,0,2,0,0,2,2
126,-8328.700,-3990.765,462.631,-143.231,-0.801114,0.598461,-0.007841,-0.598484,-0.800878,0.020300,0.005869,0.020956,0.999763,0,0.63533,0.31975,38.120,0.640,-1,400.000,-1,375.000,-1,325.000,300.000,250.000,325.000,550.000,275.000,275.000,-1,850.000,800.000,-1,-1,2,0,2,0,2,0,0,1,0,1,0,0,2,0,0,2,2
127,-8358.965,-4013.899,462.770,-142.605,-0.794530,0.607188,-0.006613,-0.607190,-0.794321,0.019348,0.006495,0.019388,0.999791,0,0.63489,0.31278,38.093,0.626,-1,400.000,-1,375.000,-1,325.000,300.000,250.000,325.000,575.000,300.000,325.000,-1,875.000,800.000,-1,-1,2,0,2,0,2,0,0,1,0,1,0,0,2,0,0,2,2
128,-8388.965,-4037.342,462.939,-141.994,-0.788005,0.615645,-0.005406,-0.615627,-0.787820,0.018520,0.007143,0.017921,0.999814,0,0.63456,0.30563,38.074,0.611,-1,400.000,-1,375.000,-1,325.000,300.000,250.000,325.000,600.000,325.000,350.000,-1,925.000,825.000,-1,-1,2,0,2,0,2,0,0,1,0,1,0,0,2,0,0,2,2
129,-8418.710,-4061.089,463.165,-141.397,-0.781548,0.623830,-0.004226,-0.623797,-0.781386,0.017690,0.007733,0.016462,0.999835,0,0.63435,0.29830,38.061,0.597,-1,400.000,-1,400.000,-1,325.000,325.000,275.000,325.000,625.000,350.000,375.000,-1,950.000,850.000,-1,-1,2,0,2,0,2,0,0,1,0,1,0,0,2,0,0,2,2
130,-8448.207,-4085.132,463.450,-140.816,-0.775171,0.631744,-0.003078,-0.631697,-0.775032,0.016858,0.008264,0.015013,0.999853,0,0.63426,0.29079,38.055,0.582,-1,400.000,-1,400.000,-1,325.000,325.000,275.000,325.000,650.000,375.000,425.000,-1,975.000,875.000,-1,-1,2,0,2,0,2,0,0,1,0,1,0,0,2,0,0,2,2
