timestep,x_cm,y_cm,z_cm,yaw_deg,basis_xx,basis_xy,basis_xz,basis_yx,basis_yy,basis_yz,basis_zx,basis_zy,basis_zz,teleport_flag,throttle_cmd,steering_cmd,cmd_move_cm,cmd_turn_deg,lidar_cm_0,lidar_cm_1,lidar_cm_2,lidar_cm_3,lidar_cm_4,lidar_cm_5,lidar_cm_6,lidar_cm_7,lidar_cm_8,lidar_cm_9,lidar_cm_10,lidar_cm_11,lidar_cm_12,lidar_cm_13,lidar_cm_14,lidar_cm_15,lidar_cm_16,lidar_class_0,lidar_class_1,lidar_class_2,lidar_class_3,lidar_class_4,lidar_class_5,lidar_class_6,lidar_class_7,lidar_class_8,lidar_class_9,lidar_class_10,lidar_class_11,lidar_class_12,lidar_class_13,lidar_class_14,lidar_class_15,lidar_class_16
0,2293.703,6891.624,237.565,115.384,-0.428621,-0.903298,0.018381,0.903476,-0.428616,0.004408,0.003897,0.018496,0.999821,1,0.08000,-0.12000,4.800,-0.240,-1,375.000,-1,375.000,-1,300.000,300.000,300.000,300.000,-1,450.000,525.000,-1,725.000,700.000,-1,-1,2,0,2,0,2,0,0,0,0,2,0,0,2,0,0,2,2
1,2289.630,6900.317,237.618,115.102,-0.424159,-0.905397,0.018582,0.905578,-0.424161,0.003986,0.004273,0.018518,0.999819,0,0.16000,-0.14110,9.600,-0.282,-1,375.000,-1,375.000,-1,300.000,300.000,300.000,300.000,-1,450.000,525.000,-1,750.000,700.000,-1,-1,2,0,2,0,2,0,0,0,0,2,0,0,2,0,0,2,2
2,2283.586,6913.387,237.691,114.820,-0.419680,-0.907476,0.018871,0.907659,-0.419695,0.003340,0.004889,0.018530,0.999816,0,0.24000,-0.14117,14.400,-0.282,-1,375.000,-1,375.000,-1,300.000,300.000,300.000,300.000,-1,450.000,525.000,-1,750.000,700.000,-1,-1,2,0,2,0,2,0,0,0,0,2,0,0,2,0,0,2,2
3,2275.612,6930.853,237.781,114.537,-0.415181,-0.909535,0.019243,0.909721,-0.415214,0.002464,0.005749,0.018528,0.999812,0,0.32000,-0.14131,19.200,-0.283,-1,375.000,-1,375.000,-1,325.000,300.000,300.000,300.000,-1,475.000,525.000,-1,750.000,700.000,-1,-1,2,0,2,0,2,0,0,0,0,2,0,0,2,0,0,2,2
4,2265.753,6952.735,237.888,114.254,-0.410661,-0.911575,0.019691,0.911762,-0.410716,0.001351,0.006855,0.018508,0.999805,0,0.40000,-0.14150,24.000,-0.283,-1,375.000,-1,375.000,-1,325.000,300.000,300.000,300.000,-1,475.000,525.000,-1,750.000,700.000,-1,-1,2,0,2,0,2,0,0,0,0,2,0,0,2,0,0,2,2
5,2254.052,6979.051,238.010,113.971,-0.406118,-0.913597,0.020207,0.913784,-0.406201,-0.000005,0.008212,0.018463,0.999796,0,0.48000,-0.14175,28.800,-0.283,-1,375.000,-1,375.000,-1,325.000,300.000,325.000,300.000,-1,475.000,525.000,-1,775.000,725.000,-1,-1,2,0,2,0,2,0,0,0,0,2,0,0,2,0,0,2,2
6,2240.554,7009.820,238.147,113.687,-0.401550,-0.915601,0.020784,0.915784,-0.401667,-0.001612,0.009824,0.018386,0.999783,0,0.56000,-0.14204,33.600,-0.284,-1,400.000,-1,375.000,-1,325.000,325.000,325.000,300.000,-1,450.000,500.000,-1,775.000,725.000,-1,-1,2,0,2,0,2,0,0,0,0,2,0,0,2,0,0,2,2
7,2225.302,7045.061,238.298,113.402,-0.396955,-0.917588,0.021411,0.917764,-0.397112,-0.003480,0.011696,0.018269,0.999765,0,0.64000,-0.14238,38.400,-0.285,-1,400.000,-1,375.000,-1,325.000,325.000,325.000,300.000,-1,425.000,450.000,-1,800.000,725.000,-1,-1,2,0,2,0,2,0,0,0,0,2,0,0,2,0,0,2,2
8,2208.342,7084.793,238.460,113.116,-0.392332,-0.919559,0.022079,0.919720,-0.392536,-0.005617,0.013832,0.018103,0.999740,0,0.72000,-0.14276,43.200,-0.286,-1,400.000,-1,375.000,-1,325.000,325.000,325.000,300.000,-1,375.000,425.000,-1,825.000,750.000,-1,-1,2,0,2,0,2,0,0,0,0,2,0,0,2,0,0,2,2
9,2189.718,7129.033,238.988,112.830,-0.387724,-0.921533,0.021135,0.921652,-0.387945,-0.007502,0.015112,0.016571,0.999748,0,0.80000,-0.14317,48.000,-0.286,-1,400.000,-1,400.000,-1,325.000,325.000,325.000,300.000,-1,375.000,425.000,-1,850.000,750.000,-1,-1,2,0,2,0,2,0,0,0,0,2,0,0,2,0,0,2,2
10,2169.476,7177.799,239.513,112.543,-0.383095,-0.923489,0.020130,0.923564,-0.383330,-0.009328,0.016331,0.015018,0.999754,0,0.88000,-0.14362,52.800,-0.287,-1,400.000,-1,400.000,-1,325.000,325.000,300.000,300.000,-1,400.000,425.000,-1,850.000,750.000,-1,-1,2,0,2,0,2,0,0,0,0,2,0,0,2,0,1,2,2
11,2147.662,7231.108,240.050,112.255,-0.378447,-0.925428,0.019024,0.925456,-0.378689,-0.011202,0.017570,0.013367,0.999756,0,0.96000,-0.14411,57.600,-0.288,-1,400.000,-1,400.000,-1,325.000,325.000,300.000,300.000,-1,400.000,450.000,-1,875.000,750.000,-1,-1,2,0,2,0,2,0,0,0,0,2,0,0,2,0,1,2,2
12,2125.817,7285.272,240.585,111.965,-0.373776,-0.927347,0.017843,0.927329,-0.374020,-0.013069,0.018793,0.011662,0.999755,0,0.97338,-0.14462,58.403,-0.289,-1,400.000,-1,400.000,-1,325.000,325.000,300.000,300.000,-1,400.000,450.000,-1,875.000,725.000,-1,-1,2,0,2,0,2,0,0,0,0,2,0,0,2,1,1,2,2
13,2104.078,7339.970,241.605,111.675,-0.369077,-0.929227,0.017859,0.929217,-0.369316,-0.012703,0.018400,0.011906,0.999760,0,0.98101,-0.14512,58.860,-0.290,-1,400.000,-1,400.000,-1,325.000,325.000,300.000,300.000,-1,475.000,525.000,-1,850.000,700.000,-1,-1,2,0,2,0,2,0,0,0,0,2,0,0,2,1,1,2,2
14,2082.448,7395.208,242.510,111.384,-0.364368,-0.931095,0.017271,0.931089,-0.364590,-0.012131,0.017592,0.011661,0.999777,0,0.98870,-0.14559,59.322,-0.291,-1,400.000,-1,400.000,-1,325.000,325.000,300.000,300.000,-1,550.000,600.000,-1,825.000,675.000,-1,-1,2,0,2,0,2,0,0,0,0,2,0,0,2,1,1,2,2
15,2062.614,7445.995,243.330,111.333,-0.363554,-0.931424,0.016694,0.931421,-0.363760,-0.011564,0.016843,0.011345,0.999794,0,0.90870,-0.02559,54.522,-0.051,-1,400.000,-1,400.000,-1,325.000,325.000,300.000,300.000,-1,600.000,675.000,-1,800.000,650.000,-1,-1,2,0,2,0,2,0,0,0,0,2,0,0,2,1,1,2,2
16,2043.197,7495.235,244.118,111.522,-0.366639,-0.930224,0.016106,0.930224,-0.366829,-0.010979,0.016121,0.010957,0.999810,0,0.88217,0.09441,52.930,0.189,-1,400.000,-1,400.000,-1,325.000,325.000,300.000,300.000,-1,675.000,750.000,-1,775.000,625.000,-1,-1,2,0,2,1,2,0,0,0,0,2,0,0,2,1,1,2,2
17,2023.258,7544.709,244.907,111.950,-0.373609,-0.927457,0.015482,0.927458,-0.373783,-0.010356,0.015391,0.010490,0.999827,0,0.88902,0.21441,53.341,0.429,-1,400.000,-1,400.000,-1,325.000,325.000,300.000,300.000,-1,775.000,825.000,-1,750.000,600.000,-1,950.000,2,0,2,1,2,0,0,0,0,2,0,0,2,1,1,2,1
18,2002.721,7594.382,245.617,112.462,-0.381903,-0.924090,0.014400,0.924091,-0.382052,-0.009578,0.014352,0.009649,0.999850,0,0.89585,0.25580,53.751,0.512,-1,400.000,-1,375.000,-1,325.000,325.000,300.000,300.000,-1,875.000,925.000,-1,750.000,550.000,-1,850.000,2,0,2,1,2,0,0,0,0,2,0,0,2,1,1,2,1
19,1981.586,7644.248,246.231,112.969,-0.390102,-0.920683,0.012756,0.920681,-0.390220,-0.008630,0.012923,0.008377,0.999881,0,0.90267,0.25354,54.160,0.507,-1,400.000,-1,350.000,-1,325.000,300.000,300.000,300.000,-1,975.000,-1,-1,725.000,525.000,-1,750.000,2,0,2,1,2,0,1,0,0,2,0,2,2,1,1,2,1
20,1959.852,7694.302,246.829,113.471,-0.398187,-0.917239,0.010960,0.917234,-0.398276,-0.007639,0.011372,0.007011,0.999911,0,0.90948,0.25100,54.569,0.502,-1,400.000,-1,325.000,1000.000,325.000,300.000,300.000,300.000,-1,-1,-1,-1,725.000,500.000,-1,650.000,2,1,2,1,1,1,1,0,0,2,2,2,2,1,1,2,1
21,1937.521,7744.537,247.392,113.967,-0.406146,-0.913763,0.009095,0.913756,-0.406209,-0.006628,0.009751,0.005619,0.999937,0,0.91626,0.24814,54.976,0.496,-1,375.000,-1,325.000,900.000,300.000,275.000,300.000,300.000,-1,-1,-1,-1,700.000,450.000,-1,575.000,2,1,2,1,1,1,1,0,0,2,2,2,2,1,1,2,1
22,1914.593,7794.948,247.839,114.457,-0.413966,-0.910262,0.007513,0.910255,-0.414010,-0.005686,0.008286,0.004485,0.999956,0,0.92300,0.24494,55.380,0.490,-1,350.000,-1,300.000,800.000,275.000,250.000,300.000,300.000,-1,-1,-1,-1,725.000,425.000,-1,475.000,2,1,2,1,1,1,1,0,0,2,2,2,2,1,1,2,1
23,1891.072,7845.528,249.600,114.940,-0.421660,-0.906749,0.002972,0.906690,-0.421667,-0.010473,0.010750,-0.001722,0.999941,0,0.92968,0.24135,55.781,0.483,-1,350.000,-1,275.000,725.000,250.000,250.000,300.000,325.000,-1,-1,-1,-1,-1,400.000,-1,450.000,2,1,2,1,1,1,1,0,0,2,2,2,2,2,1,2,1
24,1866.963,7896.268,251.840,115.415,-0.429249,-0.903182,-0.002648,0.903067,-0.429143,-0.017489,0.014660,-0.009898,0.999844,0,0.93627,0.23731,56.176,0.475,-1,350.000,-1,250.000,675.000,250.000,225.000,300.000,325.000,-1,-1,-1,-1,-1,375.000,-1,400.000,2,1,2,1,1,1,1,0,0,2,2,2,2,2,1,2,1
25,1842.272,7947.159,254.379,115.880,-0.436746,-0.899541,-0.008929,0.899374,-0.436407,-0.025987,0.019479,-0.019380,0.999622,0,0.94274,0.23277,56.564,0.466,-1,350.000,-1,250.000,625.000,250.000,225.000,300.000,350.000,-1,-1,-1,-1,-1,350.000,-1,375.000,2,1,2,1,1,1,1,0,0,2,2,2,2,2,1,2,1
26,1817.008,7998.191,257.124,116.335,-0.444181,-0.895793,-0.016083,0.895573,-0.443417,-0.036485,0.025551,-0.030610,0.999205,0,0.94904,0.22765,56.942,0.455,-1,350.000,-1,225.000,600.000,250.000,200.000,300.000,400.000,-1,925.000,-1,-1,-1,325.000,-1,350.000,2,1,2,1,1,1,1,0,0,2,0,2,2,2,1,2,1
27,1791.186,8049.350,260.887,116.779,-0.451535,-0.892025,-0.020213,0.891569,-0.450185,-0.049374,0.034943,-0.040315,0.998576,0,0.95510,0.22185,57.306,0.444,-1,375.000,-1,225.000,675.000,250.000,200.000,300.000,425.000,-1,350.000,800.000,-1,-1,300.000,-1,325.000,2,1,2,1,1,1,1,0,0,2,0,0,2,2,1,2,1
28,1764.823,8100.623,265.906,117.210,-0.458759,-0.888333,-0.020100,0.887242,-0.456729,-0.064813,0.048395,-0.047567,0.997695,0,0.96087,0.21524,57.652,0.430,-1,425.000,-1,200.000,-1,275.000,200.000,300.000,475.000,950.000,175.000,425.000,-1,-1,300.000,-1,325.000,2,1,2,1,2,1,1,0,0,0,0,0,2,2,1,2,1
29,-328.025,8198.948,226.600,164.725,-0.965982,-0.258513,0.007117,0.254778,-0.946584,0.197652,-0.044359,0.192742,0.980246,1,0.00000,0.00000,57.973,0.415,-1,-1,-1,375.000,425.000,1000.000,350.000,150.000,225.000,-1,-1,-1,750.000,-1,675.000,-1,650.000,2,2,2,0,0,1,0,1,0,2,2,2,0,2,1,2,1
30,6888.165,979.170,135.310,-79.559,0.184679,0.982228,-0.033481,-0.979234,0.181003,-0.091320,-0.083637,0.049651,0.995259,1,0.08000,-0.12000,4.800,-0.240,-1,400.000,-1,400.000,-1,325.000,325.000,300.000,300.000,-1,-1,-1,-1,725.000,750.000,-1,-1,2,0,2,0,2,0,0,0,0,2,2,2,2,0,0,2,2
31,6889.848,969.719,134.498,-79.897,0.178874,0.983301,-0.033527,-0.980274,0.175204,-0.091464,-0.084063,0.049226,0.995244,0,0.16000,-0.16914,9.600,-0.338,-1,400.000,-1,400.000,-1,325.000,325.000,300.000,300.000,-1,-1,-1,-1,725.000,750.000,-1,-1,2,0,2,0,2,0,0,0,0,2,2,2,2,0,0,2,2
32,6892.291,955.527,133.274,-80.231,0.173136,0.984324,-0.033613,-0.981261,0.169466,-0.091692,-0.084558,0.048858,0.995220,0,0.24000,-0.16718,14.400,-0.334,-1,400.000,-1,400.000,-1,325.000,325.000,300.000,300.000,-1,-1,-1,-1,725.000,725.000,-1,-1,2,0,2,0,2,0,0,0,0,2,2,2,2,0,0,2,2
33,6895.440,936.587,131.637,-80.560,0.167501,0.985294,-0.033741,-0.982190,0.163823,-0.092004,-0.085123,0.048551,0.995187,0,0.32000,-0.16425,19.200,-0.328,-1,400.000,-1,400.000,-1,325.000,325.000,300.000,300.000,-1,-1,-1,-1,725.000,725.000,-1,-1,2,0,2,0,2,0,0,0,0,2,2,2,2,0,0,2,2
34,6899.244,912.890,129.585,-80.881,0.162003,0.986207,-0.033915,-0.983057,0.158308,-0.092401,-0.085757,0.048310,0.995144,0,0.40000,-0.16032,24.000,-0.321,-1,400.000,-1,400.000,-1,325.000,325.000,300.000,300.000,-1,-1,-1,-1,700.000,725.000,-1,-1,2,0,2,0,2,0,0,0,0,2,2,2,2,0,0,2,2
35,6903.654,884.430,127.115,-81.191,0.156678,0.987060,-0.034138,-0.983858,0.152958,-0.092885,-0.086461,0.048140,0.995091,0,0.48000,-0.15539,28.800,-0.311,-1,400.000,-1,400.000,-1,325.000,325.000,300.000,300.000,-1,-1,-1,-1,700.000,725.000,-1,-1,2,0,2,0,2,0,0,0,0,2,2,2,2,0,0,2,2
36,6908.626,851.200,124.225,-81.490,0.151564,0.987848,-0.034414,-0.984591,0.147809,-0.093457,-0.087234,0.048048,0.995028,0,0.56000,-0.14940,33.600,-0.299,-1,400.000,-1,400.000,-1,325.000,325.000,300.000,300.000,-1,-1,-1,-1,700.000,725.000,-1,-1,2,0,2,0,2,0,0,0,0,2,2,2,2,0,0,2,2
37,6914.119,813.194,120.915,-81.775,0.146700,0.988571,-0.034748,-0.985252,0.142899,-0.094119,-0.088078,0.048043,0.994954,0,0.64000,-0.14233,38.400,-0.285,-1,375.000,-1,400.000,-1,325.000,325.000,300.000,275.000,-1,-1,-1,-1,700.000,700.000,-1,-1,2,0,2,0,2,0,0,0,0,2,2,2,2,0,0,2,2
38,6920.100,770.410,117.182,-82.043,0.142126,0.989224,-0.035146,-0.985840,0.138269,-0.094875,-0.088993,0.048132,0.994869,0,0.72000,-0.13411,43.200,-0.268,-1,375.000,-1,400.000,-1,325.000,325.000,300.000,275.000,-1,-1,-1,-1,700.000,700.000,-1,-1,2,0,2,0,2,0,0,0,0,2,2,2,2,0,0,2,2
39,6926.537,722.843,113.025,-82.292,0.137886,0.989808,-0.035614,-0.986352,0.133961,-0.095726,-0.089979,0.048327,0.994770,0,0.80000,-0.12469,48.000,-0.249,-1,375.000,-1,375.000,-1,325.000,325.000,300.000,275.000,-1,-1,-1,-1,675.000,700.000,-1,-1,2,0,2,0,2,0,0,0,0,2,2,2,2,0,0,2,2
40,6933.405,670.492,108.461,-82.526,0.133910,0.990334,-0.036141,-0.986838,0.129923,-0.096287,-0.090661,0.048560,0.994697,0,0.88000,-0.11677,52.800,-0.234,-1,375.000,-1,375.000,-1,325.000,325.000,300.000,275.000,-1,-1,-1,-1,675.000,675.000,-1,-1,2,0,2,0,2,0,0,0,0,2,2,2,2,0,0,2,2
41,6940.457,614.981,103.790,-82.760,0.129806,0.990890,-0.035871,-0.987424,0.125890,-0.095629,-0.090242,0.047833,0.994771,0,0.93261,-0.11677,55.957,-0.234,-1,375.000,-1,375.000,-1,300.000,325.000,300.000,275.000,-1,-1,-1,-1,675.000,675.000,-1,-1,2,0,2,0,2,0,0,0,0,2,2,2,2,0,0,2,2
42,6947.284,559.443,99.273,-82.993,0.125714,0.991396,-0.036469,-0.988113,0.121850,-0.093731,-0.088481,0.047818,0.994929,0,0.93261,-0.11677,55.957,-0.234,-1,375.000,-1,375.000,-1,300.000,325.000,300.000,300.000,-1,-1,-1,-1,675.000,675.000,-1,-1,2,0,2,0,2,0,0,0,0,2,2,2,2,0,0,2,2
43,6953.883,503.877,94.742,-83.227,0.121620,0.991885,-0.037064,-0.988782,0.117808,-0.091826,-0.086715,0.047816,0.995085,0,0.93261,-0.11677,55.957,-0.234,-1,375.000,-1,375.000,-1,325.000,325.000,300.000,300.000,-1,-1,-1,-1,675.000,675.000,-1,-1,2,0,2,0,2,0,0,0,0,2,2,2,2,0,0,2,2
44,6960.257,448.284,90.198,-83.460,0.117522,0.992356,-0.037655,-0.989431,0.113764,-0.089915,-0.084944,0.047824,0.995237,0,0.93261,-0.11677,55.957,-0.234,-1,375.000,-1,375.000,-1,325.000,325.000,300.000,300.000,-1,-1,-1,-1,675.000,675.000,-1,-1,2,0,2,0,2,0,0,0,0,2,2,2,2,0,0,2,2
45,6966.403,392.666,85.641,-83.694,0.113421,0.992811,-0.038241,-0.990060,0.109718,-0.087996,-0.083168,0.047841,0.995387,0,0.93261,-0.11677,55.957,-0.234,-1,375.000,-1,400.000,-1,325.000,325.000,300.000,300.000,-1,-1,-1,-1,675.000,675.000,-1,-1,2,0,2,0,2,0,0,0,0,2,2,2,2,0,0,2,2
46,6972.323,337.024,81.071,-83.927,0.109318,0.993249,-0.038819,-0.990669,0.105670,-0.086070,-0.081387,0.047866,0.995532,0,0.93261,-0.11677,55.957,-0.234,-1,375.000,-1,400.000,-1,325.000,325.000,300.000,275.000,-1,-1,-1,-1,675.000,675.000,-1,-1,2,0,2,0,2,0,0,0,0,2,2,2,2,0,0,2,2
47,6978.016,281.358,76.489,-84.161,0.105211,0.993670,-0.039390,-0.991259,0.101620,-0.084137,-0.079601,0.047897,0.995675,0,0.93261,-0.11677,55.957,-0.234,-1,375.000,-1,400.000,-1,325.000,325.000,300.000,275.000,-1,-1,-1,-1,675.000,675.000,-1,-1,2,0,2,0,2,0,0,0,0,2,2,2,2,0,0,2,2
48,6983.482,225.669,71.895,-84.394,0.101100,0.994074,-0.039950,-0.991829,0.097569,-0.082195,-0.077810,0.047933,0.995815,0,0.93261,-0.11677,55.957,-0.234,-1,375.000,-1,375.000,-1,325.000,325.000,300.000,275.000,-1,-1,-1,-1,675.000,675.000,-1,-1,2,0,2,0,2,0,0,0,0,2,2,2,2,0,0,2,2
49,6988.721,169.958,67.290,-84.628,0.096987,0.994461,-0.040499,-0.992379,0.093516,-0.080246,-0.076014,0.047973,0.995952,0,0.93261,-0.11677,55.957,-0.234,-1,375.000,-1,375.000,-1,325.000,325.000,300.000,275.000,-1,-1,950.000,-1,675.000,675.000,-1,-1,2,0,2,0,2,0,0,0,0,2,2,0,2,0,0,2,2
50,6993.733,114.226,62.672,-84.861,0.092870,0.994832,-0.041035,-0.992909,0.089461,-0.078289,-0.074213,0.048015,0.996086,0,0.93261,-0.11677,55.957,-0.234,-1,375.000,-1,375.000,-1,325.000,325.000,300.000,275.000,-1,825.000,775.000,-1,675.000,675.000,-1,-1,2,0,2,0,2,0,0,0,0,2,0,0,2,0,0,2,2
51,6998.518,58.475,58.044,-85.095,0.088750,0.995187,-0.041557,-0.993419,0.085405,-0.076323,-0.072407,0.048057,0.996217,0,0.93261,-0.11677,55.957,-0.234,-1,375.000,-1,375.000,-1,300.000,325.000,300.000,275.000,-1,625.000,650.000,-1,675.000,675.000,-1,-1,2,0,2,0,2,0,0,0,0,2,0,0,2,0,0,2,2
52,7002.898,7.506,54.016,-85.089,0.088769,0.995196,-0.041294,-0.993528,0.085519,-0.074752,-0.070862,0.047662,0.996347,0,0.85261,0.00323,51.157,0.006,-1,375.000,-1,375.000,-1,300.000,300.000,300.000,275.000,-1,600.000,625.000,-1,675.000,675.000,-1,-1,2,0,2,0,2,0,0,0,0,2,0,0,2,0,0,2,2
53,7007.478,-43.230,50.722,-84.842,0.092910,0.994859,-0.040286,-0.993275,0.089802,-0.073080,-0.069086,0.046805,0.996512,0,0.84904,0.12323,50.943,0.246,-1,375.000,-1,375.000,-1,300.000,300.000,300.000,275.000,-1,600.000,625.000,-1,675.000,675.000,-1,-1,2,0,2,0,2,0,0,0,0,2,0,0,2,0,0,2,2
54,7012.489,-93.925,47.744,-84.356,0.101299,0.994028,-0.040582,-0.992604,0.098242,-0.071312,-0.066899,0.047506,0.996628,0,0.84904,0.24323,50.943,0.486,-1,375.000,-1,375.000,-1,300.000,300.000,300.000,275.000,-1,600.000,625.000,-1,675.000,675.000,-1,-1,2,0,2,0,2,0,0,0,0,2,0,0,2,0,0,2,2
55,7018.142,-144.553,44.777,-83.629,0.113848,0.992654,-0.040941,-0.991397,0.110832,-0.069625,-0.064576,0.048515,0.996733,0,0.84904,0.36323,50.943,0.726,-1,375.000,-1,375.000,-1,300.000,300.000,300.000,275.000,-1,600.000,625.000,-1,700.000,675.000,-1,-1,2,0,2,0,2,0,0,0,0,2,0,0,2,0,0,2,2
56,7024.649,-195.077,41.827,-82.663,0.130537,0.990579,-0.041401,-0.989496,0.127551,-0.068035,-0.062114,0.049847,0.996824,0,0.84904,0.48323,50.943,0.966,-1,375.000,-1,375.000,-1,300.000,300.000,300.000,275.000,-1,625.000,650.000,-1,700.000,700.000,-1,-1,2,0,2,0,2,0,0,0,0,2,0,0,2,0,0,2,2
57,7032.218,-245.454,38.899,-81.456,0.151335,0.987590,-0.042000,-0.986690,0.148367,-0.066564,-0.059506,0.051515,0.996898,0,0.84904,0.60323,50.943,1.206,-1,375.000,-1,375.000,-1,300.000,300.000,300.000,275.000,-1,650.000,650.000,-1,700.000,700.000,-1,-1,2,0,2,0,2,0,0,0,0,2,0,0,2,0,0,2,2
58,7041.057,-295.623,35.997,-80.010,0.176194,0.983426,-0.042773,-0.982718,0.173230,-0.065236,-0.056745,0.053528,0.996953,0,0.84904,0.72323,50.943,1.446,-1,375.000,-1,375.000,-1,300.000,300.000,300.000,275.000,-1,650.000,650.000,-1,700.000,700.000,-1,-1,2,0,2,0,2,0,0,0,0,2,0,0,2,0,0,2,2
59,7051.369,-345.511,33.129,-78.323,0.205044,0.977775,-0.043749,-0.977272,0.202071,-0.064083,-0.053818,0.055895,0.996985,0,0.84904,0.84323,50.943,1.686,-1,375.000,-1,375.000,-1,300.000,300.000,300.000,275.000,-1,675.000,650.000,-1,700.000,700.000,-1,-1,2,0,2,0,2,0,0,0,0,2,0,0,2,0,0,2,2
60,7063.352,-395.023,30.493,-76.397,0.237724,0.970318,-0.044390,-0.970038,0.234800,-0.062415,-0.050140,0.057897,0.997063,0,0.84904,0.96323,50.943,1.926,-1,375.000,-1,375.000,-1,300.000,300.000,300.000,275.000,-1,700.000,625.000,-1,725.000,700.000,-1,-1,2,0,2,0,2,0,0,0,0,2,0,0,2,0,0,2,2
61,7077.055,-444.087,28.069,-74.397,0.271321,0.961442,-0.044867,-0.961394,0.268495,-0.060271,-0.045901,0.059488,0.997173,0,0.84904,1.00000,50.943,2.000,-1,375.000,-1,375.000,-1,325.000,325.000,300.000,275.000,-1,700.000,625.000,-1,725.000,700.000,-1,-1,2,0,2,0,2,0,0,0,0,2,0,0,2,0,0,2,2
62,7092.463,-492.643,25.715,-72.397,0.304586,0.951392,-0.045624,-0.951577,0.301855,-0.058178,-0.041578,0.061135,0.997263,0,0.84904,1.00000,50.943,2.000,-1,375.000,-1,375.000,-1,325.000,325.000,300.000,275.000,-1,675.000,600.000,-1,725.000,725.000,-1,-1,2,0,2,0,2,0,0,0,0,2,0,0,2,0,0,2,2
63,7109.556,-540.631,23.433,-70.397,0.337474,0.940177,-0.046663,-0.940600,0.334839,-0.056161,-0.037177,0.062844,0.997331,0,0.84904,1.00000,50.943,2.000,-1,400.000,-1,375.000,-1,325.000,325.000,300.000,275.000,-1,650.000,575.000,-1,750.000,725.000,-1,-1,2,0,2,0,2,0,0,0,0,2,0,0,2,0,0,2,2
64,7128.312,-587.994,21.593,-68.397,0.369955,0.927894,-0.046322,-0.928435,0.367437,-0.054755,-0.033786,0.063263,0.997425,0,0.84904,1.00000,50.943,2.000,-1,400.000,-1,375.000,-1,325.000,325.000,300.000,275.000,-1,675.000,550.000,-1,750.000,725.000,-1,-1,2,0,2,0,2,0,0,0,0,2,0,0,2,0,0,2,2
65,7148.710,-634.674,19.894,-66.397,0.401985,0.914492,-0.045966,-0.915141,0.399590,-0.053333,-0.030405,0.063504,0.997518,0,0.84904,1.00000,50.943,2.000,-1,400.000,-1,400.000,-1,325.000,325.000,300.000,275.000,-1,675.000,550.000,-1,750.000,750.000,-1,-1,2,0,2,0,2,0,0,0,0,2,0,0,2,0,0,2,2
66,7170.724,-680.613,18.308,-64.397,0.433529,0.899962,-0.046060,-0.900740,0.431249,-0.051889,-0.026834,0.063984,0.997590,0,0.84904,1.00000,50.943,2.000,-1,400.000,-1,400.000,-1,325.000,325.000,300.000,275.000,-1,650.000,550.000,-1,750.000,775.000,-1,-1,2,0,2,0,2,0,0,0,0,2,0,0,2,0,0,2,2
67,7194.329,-725.756,16.859,-62.397,0.464545,0.884316,-0.046725,-0.885251,0.462370,-0.050453,-0.023012,0.064801,0.997633,0,0.84904,1.00000,50.943,2.000,-1,400.000,-1,400.000,-1,325.000,325.000,300.000,300.000,-1,625.000,525.000,-1,750.000,775.000,-1,-1,2,0,2,0,2,0,0,0,0,2,0,0,2,0,0,2,2
68,7219.495,-770.047,15.660,-60.397,0.495032,0.867549,-0.047974,-0.868651,0.492898,-0.049967,-0.019702,0.066407,0.997598,0,0.84904,1.00000,50.943,2.000,-1,400.000,-1,400.000,-1,325.000,325.000,300.000,300.000,-1,625.000,550.000,-1,775.000,800.000,-1,-1,2,0,2,0,2,0,0,0,0,2,0,0,2,0,0,2,2
69,7246.192,-813.433,14.597,-58.397,0.524924,0.849708,-0.049506,-0.850988,0.522807,-0.049923,-0.016538,0.068335,0.997525,0,0.84904,1.00000,50.943,2.000,-1,400.000,-1,400.000,-1,325.000,325.000,300.000,300.000,-1,625.000,550.000,-1,775.000,800.000,-1,-1,2,0,2,0,2,0,0,0,0,2,0,0,2,0,0,2,2
70,7274.386,-855.861,13.689,-56.397,0.554178,0.830847,-0.050799,-0.832288,0.552077,-0.050077,-0.013561,0.070031,0.997453,0,0.84904,1.00000,50.943,2.000,-1,400.000,-1,400.000,-1,325.000,325.000,300.000,300.000,-1,650.000,575.000,-1,775.000,825.000,-1,-1,2,0,2,0,2,0,0,0,0,2,0,0,2,0,0,2,2
71,7304.044,-897.279,13.117,-54.397,0.582783,0.811029,-0.050959,-0.812549,0.580705,-0.050449,-0.011323,0.070808,0.997426,0,0.84904,1.00000,50.943,2.000,-1,400.000,-1,400.000,-1,325.000,325.000,300.000,300.000,-1,675.000,600.000,-1,775.000,825.000,-1,-1,2,0,2,0,2,0,0,0,0,2,0,0,2,0,0,2,2
72,7335.128,-937.637,12.639,-52.397,0.610680,0.790225,-0.051129,-0.791826,0.608623,-0.050896,-0.009102,0.071566,0.997394,0,0.84904,1.00000,50.943,2.000,-1,400.000,-1,400.000,-1,325.000,325.000,300.000,300.000,-1,725.000,650.000,-1,775.000,825.000,-1,-1,2,0,2,0,2,0,0,0,0,2,0,0,2,0,0,2,2
73,7367.603,-976.886,12.254,-50.397,0.637835,0.768462,-0.051308,-0.770142,0.635796,-0.051417,-0.006891,0.072310,0.997358,0,0.84904,1.00000,50.943,2.000,-1,400.000,-1,400.000,-1,325.000,325.000,300.000,300.000,-1,750.000,675.000,-1,775.000,825.000,-1,-1,2,0,2,0,2,0,0,0,0,2,0,0,2,0,0,2,2
74,7401.427,-1014.977,11.964,-48.397,0.664216,0.745765,-0.051494,-0.747526,0.662193,-0.052012,-0.004690,0.073040,0.997318,0,0.84904,1.00000,50.943,2.000,-1,400.000,-1,400.000,-1,325.000,325.000,300.000,300.000,-1,800.000,725.000,-1,775.000,825.000,-1,-1,2,0,2,0,2,0,0,0,0,2,0,0,2,0,0,2,2
75,7436.560,-1051.865,11.770,-46.397,0.689790,0.722163,-0.051671,-0.724005,0.687780,-0.052678,-0.002504,0.073747,0.997274,0,0.84904,1.00000,50.943,2.000,-1,400.000,-1,400.000,-1,325.000,325.000,300.000,300.000,-1,825.000,750.000,-1,775.000,825.000,-1,-1,2,0,2,0,2,0,0,0,0,2,0,0,2,0,0,2,2
76,7472.959,-1087.504,11.690,-44.397,0.714530,0.697687,-0.051764,-0.699605,0.712531,-0.053405,-0.000377,0.074374,0.997230,0,0.84904,1.00000,50.943,2.000,-1,400.000,-1,400.000,-1,325.000,325.000,300.000,300.000,-1,875.000,800.000,-1,775.000,825.000,-1,-1,2,0,2,0,2,0,0,0,0,2,0,0,2,0,0,2,2
77,7510.579,-1121.852,11.837,-42.397,0.738381,0.672389,-0.051832,-0.674381,0.736439,-0.053551,0.002164,0.074496,0.997219,0,0.84904,1.00000,50.943,2.000,-1,400.000,-1,400.000,-1,325.000,325.000,300.000,300.000,-1,900.000,800.000,-1,775.000,850.000,-1,-1,2,0,2,0,2,0,0,0,0,2,0,0,2,0,0,2,2
78,7549.375,-1154.865,12.108,-40.397,0.761331,0.646278,-0.051954,-0.648345,0.759457,-0.053612,0.004808,0.074500,0.997209,0,0.84904,1.00000,50.943,2.000,-1,400.000,-1,400.000,-1,325.000,325.000,300.000,300.000,-1,925.000,800.000,-1,775.000,850.000,-1,-1,2,0,2,0,2,0,0,0,0,2,0,0,2,0,0,2,2
79,7586.640,-1184.653,12.431,-38.637,0.780765,0.622648,-0.052122,-0.624784,0.778947,-0.053722,0.007150,0.074509,0.997195,0,0.79513,0.88000,47.708,1.760,-1,400.000,-1,400.000,-1,325.000,325.000,300.000,300.000,-1,950.000,825.000,-1,775.000,850.000,-1,-1,2,0,2,0,2,0,0,0,0,2,0,0,2,0,0,2,2
80,7624.682,-1213.441,12.808,-37.117,0.796957,0.601765,-0.052330,-0.603966,0.795187,-0.053875,0.009192,0.074542,0.997176,0,0.79513,0.76000,47.708,1.520,-1,400.000,-1,400.000,-1,325.000,325.000,300.000,300.000,-1,975.000,825.000,-1,775.000,850.000,-1,-1,2,0,2,0,2,0,0,0,0,2,0,0,2,0,0,2,2
81,7663.358,-1241.372,13.293,-35.837,0.810169,0.583836,-0.052549,-0.586099,0.808410,-0.054416,0.010711,0.074885,0.997135,0,0.79513,0.64000,47.708,1.280,-1,400.000,-1,400.000,-1,325.000,325.000,300.000,300.000,-1,975.000,850.000,-1,775.000,850.000,-1,-1,2,0,2,0,2,0,0,0,0,2,0,0,2,0,0,2,2
82,7702.535,-1268.596,13.788,-34.797,0.820622,0.569033,-0.052737,-0.571354,0.818825,-0.055508,0.011597,0.075683,0.997065,0,0.79513,0.52000,47.708,1.040,-1,400.000,-1,400.000,-1,325.000,325.000,300.000,300.000,-1,-1,900.000,-1,775.000,850.000,-1,-1,2,0,2,0,2,0,0,0,0,2,2,0,2,0,0,2,2
83,7742.089,-1295.271,14.265,-33.997,0.828489,0.557502,-0.052894,-0.559876,0.826627,-0.056810,0.012052,0.076680,0.996983,0,0.79513,0.40000,47.708,0.800,-1,400.000,-1,400.000,-1,325.000,325.000,300.000,300.000,-1,-1,950.000,-1,775.000,825.000,-1,-1,2,0,2,0,2,0,0,0,0,2,2,0,2,0,0,2,2
84,7781.901,-1321.558,14.747,-33.437,0.833907,0.549351,-0.053036,-0.551771,0.831967,-0.058136,0.012187,0.077744,0.996899,0,0.79513,0.28000,47.708,0.560,-1,400.000,-1,400.000,-1,325.000,325.000,300.000,300.000,-1,-1,1000.000,-1,775.000,825.000,-1,-1,2,0,2,0,2,0,0,0,0,2,2,0,2,0,0,2,2
85,7821.860,-1347.622,15.229,-33.117,0.836976,0.544646,-0.053215,-0.547107,0.834945,-0.059498,0.012026,0.078913,0.996809,0,0.79513,0.16000,47.708,0.320,-1,400.000,-1,400.000,-1,325.000,325.000,300.000,300.000,-1,-1,-1,-1,775.000,825.000,-1,-1,2,0,2,0,2,0,0,0,0,2,2,2,2,0,0,2,2
86,7861.855,-1373.631,15.682,-33.037,0.837758,0.543426,-0.053384,-0.545920,0.835623,-0.060873,0.011529,0.080140,0.996717,0,0.79513,0.04000,47.708,0.080,-1,400.000,-1,400.000,-1,325.000,325.000,300.000,300.000,-1,-1,-1,-1,775.000,825.000,-1,-1,2,0,2,0,2,0,0,0,0,2,2,2,2,0,0,2,2
87,7901.777,-1399.751,16.088,-33.197,0.836267,0.545701,-0.053548,-0.548218,0.834017,-0.062238,0.010697,0.081403,0.996624,0,0.79513,-0.08000,47.708,-0.160,-1,400.000,-1,400.000,-1,325.000,325.000,300.000,300.000,-1,-1,-1,-1,775.000,825.000,-1,-1,2,0,2,0,2,0,0,0,0,2,2,2,2,0,0,2,2
88,7941.517,-1426.149,16.430,-33.597,0.832476,0.551452,-0.053712,-0.553980,0.830099,-0.063583,0.009523,0.082687,0.996530,0,0.79513,-0.20000,47.708,-0.400,-1,400.000,-1,400.000,-1,325.000,325.000,300.000,300.000,-1,-1,-1,-1,775.000,800.000,-1,-1,2,0,2,0,2,0,0,0,0,2,2,2,2,0,0,2,2
89,7980.958,-1452.990,16.810,-34.237,0.826333,0.560649,-0.053354,-0.563130,0.823827,-0.064755,0.007650,0.083554,0.996474,0,0.79513,-0.32000,47.708,-0.640,-1,400.000,-1,400.000,-1,325.000,325.000,300.000,300.000,-1,-1,-1,-1,775.000,800.000,-1,-1,2,0,2,0,2,0,0,0,0,2,2,2,2,0,0,2,2
90,8019.983,-1480.434,17.104,-35.117,0.817706,0.573196,-0.052956,-0.575612,0.815063,-0.065907,0.005385,0.084375,0.996420,0,0.79513,-0.44000,47.708,-0.880,-1,400.000,-1,400.000,-1,325.000,325.000,300.000,300.000,-1,-1,-1,-1,775.000,800.000,-1,-1,2,0,2,0,2,0,0,0,0,2,2,2,2,0,0,2,2
91,8058.550,-1508.519,17.296,-36.064,0.808209,0.586545,-0.052567,-0.588889,0.805428,-0.067049,0.003011,0.085146,0.996364,0,0.79513,-0.47334,47.708,-0.947,-1,400.000,-1,400.000,-1,325.000,325.000,300.000,300.000,-1,-1,-1,-1,775.000,800.000,-1,-1,2,0,2,0,2,0,0,0,0,2,2,2,2,0,0,2,2
92,8096.647,-1537.238,17.402,-37.010,0.798492,0.599739,-0.052185,-0.602005,0.795583,-0.068101,0.000675,0.085794,0.996313,0,0.79513,-0.47334,47.708,-0.947,-1,400.000,-1,400.000,-1,325.000,325.000,300.000,300.000,-1,-1,-1,-1,750.000,800.000,-1,-1,2,0,2,0,2,0,0,0,0,2,2,2,2,0,0,2,2
93,8134.264,-1566.582,17.449,-37.957,0.788554,0.612779,-0.051810,-0.614964,0.785536,-0.068936,-0.001544,0.086221,0.996275,0,0.79513,-0.47334,47.708,-0.947,-1,400.000,-1,400.000,-1,325.000,325.000,300.000,300.000,-1,-1,-1,-1,750.000,775.000,-1,-1,2,0,2,0,2,0,0,0,0,2,2,2,2,0,0,2,2
94,8171.391,-1596.544,17.400,-38.904,0.778402,0.625656,-0.051430,-0.627755,0.775282,-0.069718,-0.003747,0.086554,0.996240,0,0.79513,-0.47334,47.708,-0.947,-1,400.000,-1,400.000,-1,325.000,325.000,300.000,300.000,-1,-1,-1,-1,750.000,775.000,-1,-1,2,0,2,0,2,0,0,0,0,2,2,2,2,0,0,2,2
95,8208.018,-1627.115,17.257,-39.850,0.768038,0.638367,-0.051044,-0.640377,0.764823,-0.070445,-0.005930,0.086792,0.996209,0,0.79513,-0.47334,47.708,-0.947,-1,400.000,-1,400.000,-1,325.000,325.000,300.000,300.000,-1,-1,-1,-1,750.000,775.000,-1,-1,2,0,2,0,2,0,0,0,0,2,2,2,2,0,0,2,2
96,8244.134,-1658.288,17.001,-40.797,0.757467,0.650912,-0.050563,-0.652822,0.754167,-0.071103,-0.008149,0.086867,0.996187,0,0.79513,-0.47334,47.708,-0.947,-1,400.000,-1,400.000,-1,325.000,325.000,300.000,300.000,-1,-1,-1,-1,750.000,775.000,-1,-1,2,0,2,0,2,0,0,0,0,2,2,2,2,0,0,2,2
97,8279.731,-1690.052,16.581,-41.744,0.746681,0.663266,-0.050457,-0.665105,0.743289,-0.071805,-0.010122,0.087175,0.996142,0,0.79513,-0.47334,47.708,-0.947,-1,400.000,-1,400.000,-1,325.000,325.000,300.000,300.000,-1,-1,-1,-1,750.000,775.000,-1,-1,2,0,2,0,2,0,0,0,0,2,2,2,2,0,0,2,2
98,8311.392,-1719.014,16.134,-42.450,0.738498,0.672362,-0.050506,-0.674157,0.735029,-0.072421,-0.011570,0.087531,0.996095,0,0.71513,-0.35334,42.908,-0.707,-1,400.000,-1,400.000,-1,325.000,325.000,300.000,300.000,-1,-1,-1,-1,750.000,775.000,-1,-1,2,0,2,0,2,0,0,0,0,2,2,2,2,0,0,2,2
99,8339.301,-1744.963,15.701,-42.917,0.733035,0.678307,-0.050594,-0.680075,0.729507,-0.072916,-0.012551,0.087857,0.996054,0,0.63513,-0.23334,38.108,-0.467,-1,400.000,-1,400.000,-1,325.000,325.000,300.000,300.000,-1,-1,-1,-1,750.000,775.000,-1,-1,2,0,2,0,2,0,0,0,0,2,2,2,2,0,0,2,2
100,8363.604,-1767.740,15.305,-43.144,0.730368,0.681169,-0.050703,-0.682928,0.726798,-0.073304,-0.013081,0.088166,0.996020,0,0.55513,-0.11334,33.308,-0.227,-1,400.000,-1,400.000,-1,325.000,325.000,300.000,300.000,-1,-1,-1,-1,725.000,750.000,-1,-1,2,0,2,0,2,0,0,0,0,2,2,2,2,0,0,2,2
101,8384.409,-1787.230,14.963,-43.131,0.730535,0.680982,-0.050820,-0.682749,0.726937,-0.073599,-0.013177,0.088464,0.995992,0,0.47513,0.00666,28.508,0.013,-1,400.000,-1,400.000,-1,325.000,325.000,300.000,300.000,-1,-1,-1,-1,725.000,750.000,-1,-1,2,0,2,0,2,0,0,0,0,2,2,2,2,0,0,2,2
102,8401.783,-1803.361,14.684,-42.877,0.733532,0.677744,-0.050934,-0.679534,0.729922,-0.073814,-0.012850,0.088756,0.995971,0,0.39513,0.12666,23.708,0.253,-1,375.000,-1,400.000,-1,325.000,325.000,300.000,300.000,-1,-1,-1,-1,725.000,750.000,-1,-1,2,0,2,0,2,0,0,0,0,2,2,2,2,0,0,2,2
103,8415.749,-1816.106,14.474,-42.384,0.739320,0.671417,-0.051036,-0.673245,0.735711,-0.073959,-0.012109,0.089039,0.995955,0,0.31513,0.24666,18.908,0.493,-1,375.000,-1,400.000,-1,325.000,325.000,300.000,300.000,-1,-1,-1,-1,725.000,750.000,-1,-1,2,0,2,0,2,0,0,0,0,2,2,2,2,0,0,2,2
104,8426.291,-1825.482,14.333,-41.651,0.747820,0.661931,-0.051123,-0.663811,0.744226,-0.074042,-0.010963,0.089306,0.995944,0,0.23513,0.36666,14.108,0.733,-1,375.000,-1,400.000,-1,325.000,325.000,300.000,300.000,-1,-1,-1,-1,725.000,750.000,-1,-1,2,0,2,0,2,0,0,0,0,2,2,2,2,0,0,2,2
105,8433.350,-1831.548,14.254,-40.677,0.758911,0.649179,-0.051195,-0.651126,0.755346,-0.074070,-0.009415,0.089547,0.995938,0,0.15513,0.48666,9.308,0.973,-1,375.000,-1,400.000,-1,325.000,325.000,300.000,300.000,-1,-1,-1,-1,725.000,750.000,-1,-1,2,0,2,0,2,0,0,0,0,2,2,2,2,0,0,2,2
106,8436.830,-1834.412,14.226,-39.464,0.772430,0.633028,-0.051260,-0.635056,0.768909,-0.074050,-0.007462,0.089751,0.995936,0,0.07513,0.60666,4.508,1.213,-1,375.000,-1,400.000,-1,325.000,325.000,300.000,300.000,-1,-1,-1,-1,725.000,750.000,-1,-1,2,0,2,0,2,0,0,0,0,2,2,2,2,0,0,2,2
107,8436.599,-1834.231,14.227,-38.011,0.788171,0.613316,-0.051289,-0.615435,0.784708,-0.073979,-0.005126,0.089873,0.995940,0,-0.00487,0.72666,-0.292,1.453,-1,375.000,-1,400.000,-1,325.000,325.000,300.000,300.000,-1,-1,-1,-1,725.000,750.000,-1,-1,2,0,2,0,2,0,0,0,0,2,2,2,2,0,0,2,2
108,8440.208,-1836.930,14.219,-36.797,0.800927,0.596556,-0.051358,-0.598754,0.797510,-0.073968,-0.003168,0.089994,0.995937,0,0.07513,0.60666,4.508,1.213,-1,375.000,-1,400.000,-1,325.000,325.000,300.000,300.000,-1,-1,-1,-1,725.000,750.000,-1,-1,2,0,2,0,2,0,0,0,0,2,2,2,2,0,0,2,2
109,8447.755,-1842.377,14.217,-35.824,0.810901,0.582915,-0.051466,-0.585181,0.807518,-0.074016,-0.001585,0.090137,0.995928,0,0.15513,0.48666,9.308,0.973,-1,375.000,-1,400.000,-1,325.000,325.000,300.000,300.000,-1,-1,-1,-1,725.000,750.000,-1,-1,2,0,2,0,2,0,0,0,0,2,2,2,2,0,0,2,2
110,8459.299,-1850.486,14.229,-35.091,0.818262,0.572523,-0.051616,-0.574845,0.814899,-0.074120,-0.000374,0.090321,0.995913,0,0.23513,0.36666,14.108,0.733,-1,375.000,-1,400.000,-1,325.000,325.000,300.000,300.000,-1,-1,-1,-1,725.000,750.000,-1,-1,2,0,2,0,2,0,0,0,0,2,2,2,2,0,0,2,2
111,8474.863,-1861.222,14.258,-34.597,0.823138,0.565473,-0.051811,-0.567842,0.819780,-0.074274,0.000474,0.090559,0.995891,0,0.31513,0.24666,18.908,0.493,-1,375.000,-1,400.000,-1,325.000,325.000,300.000,300.000,-1,-1,-1,-1,725.000,750.000,-1,-1,2,0,2,0,2,0,0,0,0,2,2,2,2,0,0,2,2
112,8494.438,-1874.597,14.303,-34.344,0.825614,0.561828,-0.052060,-0.564234,0.822249,-0.074472,0.000966,0.090859,0.995863,0,0.39513,0.12666,23.708,0.253,-1,375.000,-1,400.000,-1,325.000,325.000,300.000,300.000,-1,-1,-1,-1,725.000,750.000,-1,-1,2,0,2,0,2,0,0,0,0,2,2,2,2,0,0,2,2
113,8517.980,-1890.674,14.355,-34.331,0.825737,0.561618,-0.052371,-0.564054,0.822352,-0.074704,0.001113,0.091226,0.995830,0,0.47513,0.00666,28.508,0.013,-1,375.000,-1,400.000,-1,325.000,325.000,300.000,300.000,-1,-1,-1,-1,725.000,750.000,-1,-1,2,0,2,0,2,0,0,0,0,2,2,2,2,0,0,2,2
114,8545.412,-1909.567,14.400,-34.557,0.823509,0.564845,-0.052758,-0.567303,0.820091,-0.074958,0.000927,0.091659,0.995790,0,0.55513,-0.11334,33.308,-0.227,-1,375.000,-1,400.000,-1,325.000,325.000,300.000,300.000,-1,-1,-1,-1,725.000,750.000,-1,-1,2,0,2,0,2,0,0,0,0,2,2,2,2,0,0,2,2
115,8576.619,-1931.438,14.419,-35.024,0.818888,0.571480,-0.053234,-0.573954,0.815426,-0.075224,0.000420,0.092154,0.995745,0,0.63513,-0.23334,38.108,-0.467,-1,375.000,-1,400.000,-1,325.000,325.000,300.000,300.000,-1,-1,-1,-1,725.000,750.000,-1,-1,2,0,2,0,2,0,0,0,0,2,2,2,2,0,0,2,2
116,8611.492,-1956.439,14.413,-35.638,0.812732,0.580154,-0.053735,-0.582637,0.809223,-0.075451,-0.000290,0.092630,0.995701,0,0.71513,-0.30681,42.908,-0.614,-1,375.000,-1,400.000,-1,325.000,325.000,300.000,300.000,-1,-1,-1,-1,725.000,725.000,-1,-1,2,0,2,0,2,0,0,0,0,2,2,2,2,0,0,2,2
117,8649.966,-1984.650,14.411,-36.251,0.806488,0.588771,-0.054087,-0.591249,0.802941,-0.075574,-0.001067,0.092928,0.995672,0,0.79513,-0.30681,47.708,-0.614,-1,375.000,-1,400.000,-1,325.000,325.000,300.000,300.000,-1,-1,-1,-1,725.000,725.000,-1,-1,2,0,2,0,2,0,0,0,0,2,2,2,2,0,0,2,2
118,8691.976,-2016.151,14.360,-36.864,0.800155,0.597312,-0.054496,-0.599790,0.796575,-0.075629,-0.001764,0.093201,0.995646,0,0.87513,-0.30650,52.508,-0.613,-1,375.000,-1,375.000,-1,325.000,325.000,300.000,300.000,-1,-1,-1,-1,725.000,725.000,-1,-1,2,0,2,0,2,0,0,0,0,2,2,2,2,0,0,2,2
119,8735.728,-2049.688,14.254,-37.471,0.793793,0.605701,-0.054948,-0.608184,0.790189,-0.075592,-0.002366,0.093423,0.995624,0,0.91877,-0.30337,55.126,-0.607,-1,375.000,-1,375.000,-1,325.000,325.000,300.000,300.000,-1,-1,-1,-1,725.000,725.000,-1,-1,2,0,2,0,2,0,0,0,0,2,2,2,2,0,0,2,2
120,8779.376,-2083.877,14.121,-38.071,0.787404,0.613941,-0.055426,-0.616432,0.783810,-0.075191,-0.002719,0.093372,0.995628,0,0.92406,-0.29983,55.443,-0.600,-1,375.000,-1,375.000,-1,325.000,325.000,300.000,300.000,-1,-1,-1,-1,725.000,725.000,-1,-1,2,0,2,0,2,0,0,0,0,2,2,2,2,0,0,2,2
121,8822.906,-2118.705,13.967,-38.663,0.781008,0.622012,-0.055919,-0.624514,0.777432,-0.074716,-0.003001,0.093275,0.995636,0,0.92913,-0.29601,55.748,-0.592,-1,375.000,-1,375.000,-1,325.000,325.000,300.000,300.000,-1,-1,-1,-1,725.000,750.000,-1,-1,2,0,2,0,2,0,0,0,0,2,2,2,2,0,0,2,2
122,8866.305,-2154.159,13.779,-39.247,0.774618,0.629907,-0.056423,-0.632420,0.771060,-0.074233,-0.003254,0.093185,0.995643,0,0.93397,-0.29190,56.038,-0.584,-1,375.000,-1,400.000,-1,325.000,325.000,300.000,300.000,-1,-1,-1,-1,750.000,750.000,-1,-1,2,0,2,0,2,0,0,0,0,2,2,2,2,0,0,2,2
123,8909.556,-2190.222,13.557,-39.822,0.768245,0.637618,-0.056940,-0.640146,0.764706,-0.073742,-0.003477,0.093102,0.995651,0,0.93855,-0.28750,56.313,-0.575,-1,375.000,-1,400.000,-1,325.000,325.000,300.000,300.000,-1,-1,-1,-1,750.000,750.000,-1,-1,2,0,2,0,2,0,0,0,0,2,2,2,2,0,0,2,2
124,8952.645,-2226.877,13.327,-40.387,0.761905,0.645134,-0.057473,-0.647678,0.758373,-0.073378,-0.003753,0.093131,0.995647,0,0.94284,-0.28279,56.571,-0.566,-1,400.000,-1,400.000,-1,325.000,325.000,300.000,300.000,-1,-1,-1,-1,750.000,750.000,-1,-1,2,0,2,0,2,0,0,0,0,2,2,2,2,0,0,2,2
125,8995.557,-2264.105,13.085,-40.943,0.755607,0.652450,-0.058024,-0.655012,0.752074,-0.073104,-0.004058,0.093244,0.995635,0,0.94681,-0.27778,56.809,-0.556,1000.000,400.000,-1,400.000,-1,325.000,325.000,300.000,300.000,-1,-1,-1,-1,750.000,775.000,-1,-1,1,0,2,0,2,0,0,0,0,2,2,2,2,0,0,2,2
126,9038.276,-2301.883,12.811,-41.488,0.749361,0.659566,-0.058574,-0.662147,0.745826,-0.072832,-0.004351,0.093362,0.995623,0,0.95044,-0.27247,57.026,-0.545,975.000,400.000,-1,400.000,-1,325.000,325.000,300.000,300.000,-1,-1,-1,-1,750.000,775.000,-1,-1,1,0,2,0,2,0,0,0,0,2,2,2,2,0,0,2,2
127,9080.785,-2340.187,12.504,-42.021,0.743178,0.666477,-0.059116,-0.669077,0.739642,-0.072562,-0.004636,0.093480,0.995610,0,0.95369,-0.26684,57.221,-0.534,925.000,400.000,-1,400.000,-1,325.000,325.000,300.000,300.000,-1,-1,-1,-1,750.000,775.000,-1,-1,1,0,2,0,2,0,0,0,0,2,2,2,2,0,0,2,2
128,9123.070,-2378.993,12.171,-42.543,0.737070,0.673177,-0.059672,-0.675798,0.733532,-0.072298,-0.004898,0.093615,0.995596,0,0.95653,-0.26090,57.392,-0.522,900.000,400.000,-1,400.000,-1,325.000,325.000,300.000,300.000,-1,-1,-1,-1,775.000,800.000,1000.000,-1,1,0,2,0,2,0,0,0,0,2,2,2,2,0,0,1,2
129,9165.113,-2418.271,11.803,-43.053,0.731051,0.679664,-0.060166,-0.682303,0.727513,-0.072029,-0.005184,0.093708,0.995586,0,0.95893,-0.25466,57.536,-0.509,850.000,400.000,-1,400.000,-1,325.000,325.000,300.000,300.000,-1,-1,-1,-1,775.000,800.000,950.000,-1,1,0,2,0,2,0,0,0,0,2,2,2,2,0,0,1,2
130,9206.899,-2457.991,11.399,-43.549,0.725134,0.685937,-0.060590,-0.688586,0.721596,-0.071756,-0.005499,0.093754,0.995580,0,0.96085,-0.24812,57.651,-0.496,825.000,400.000,-1,400.000,-1,325.000,325.000,300.000,300.000,-1,-1,-1,-1,775.000,800.000,925.000,-1,1,0,2,0,2,0,0,0,0,2,2,2,2,1,0,1,2
131,9248.409,-2498.122,10.962,-44.031,0.719330,0.691990,-0.060942,-0.694644,0.715793,-0.071482,-0.005843,0.093752,0.995578,0,0.96228,-0.24129,57.737,-0.483,775.000,400.000,-1,400.000,-1,325.000,325.000,300.000,300.000,-1,-1,-1,-1,750.000,825.000,875.000,-1,1,0,2,0,2,0,0,0,0,2,2,2,2,1,0,1,2
132,9289.629,-2538.628,10.539,-44.500,0.713658,0.697833,-0.061005,-0.700466,0.710127,-0.071182,-0.006352,0.093532,0.995596,0,0.96319,-0.23418,57.791,-0.468,750.000,400.000,-1,400.000,-1,325.000,325.000,300.000,300.000,-1,-1,-1,-1,725.000,825.000,825.000,-1,1,0,2,0,2,0,0,0,0,2,2,2,2,1,0,1,2
133,9330.542,-2579.475,9.984,-44.953,0.708145,0.703426,-0.061014,-0.706030,0.704573,-0.071402,-0.007237,0.093641,0.995580,0,0.96354,-0.22682,57.812,-0.454,700.000,400.000,-1,400.000,-1,325.000,325.000,300.000,300.000,-1,-1,-1,-1,700.000,825.000,800.000,-1,1,0,2,0,2,0,0,0,0,2,2,2,2,1,0,1,2
134,9367.918,-2617.069,9.418,-45.167,0.705549,0.706030,-0.061002,-0.708617,0.701927,-0.071842,-0.007903,0.093915,0.995549,0,0.88354,-0.10682,53.012,-0.214,650.000,400.000,-1,400.000,-1,325.000,325.000,300.000,300.000,-1,-1,-1,-1,700.000,850.000,775.000,-1,1,0,2,0,2,0,0,0,0,2,2,2,2,1,0,1,2
135,9401.918,-2651.251,8.898,-45.153,0.705747,0.705837,-0.060959,-0.708416,0.702081,-0.072312,-0.008242,0.094219,0.995517,0,0.80354,0.00707,48.212,0.014,625.000,400.000,-1,400.000,-1,325.000,325.000,300.000,300.000,-1,-1,-1,-1,675.000,850.000,725.000,-1,1,0,2,0,2,0,0,0,0,2,2,2,2,1,0,1,2
136,9432.501,-2682.062,8.420,-45.213,0.705035,0.706553,-0.060891,-0.709118,0.701321,-0.072799,-0.008733,0.094505,0.995486,0,0.72354,-0.03004,43.412,-0.060,600.000,400.000,-1,400.000,-1,325.000,325.000,300.000,300.000,-1,-1,-1,-1,650.000,850.000,700.000,-1,1,0,2,0,2,0,0,0,0,2,2,2,2,1,0,1,2
137,9459.679,-2709.490,7.981,-45.264,0.704438,0.707155,-0.060810,-0.709705,0.700674,-0.073309,-0.009232,0.094799,0.995454,0,0.64354,-0.02542,38.612,-0.051,575.000,400.000,-1,400.000,-1,325.000,325.000,300.000,300.000,-1,-1,-1,-1,650.000,850.000,700.000,-1,1,0,2,0,2,0,0,0,0,2,2,2,2,1,0,1,2
