timestep,x_cm,y_cm,z_cm,yaw_deg,basis_xx,basis_xy,basis_xz,basis_yx,basis_yy,basis_yz,basis_zx,basis_zy,basis_zz,teleport_flag,throttle_cmd,steering_cmd,cmd_move_cm,cmd_turn_deg,lidar_cm_0,lidar_cm_1,lidar_cm_2,lidar_cm_3,lidar_cm_4,lidar_cm_5,lidar_cm_6,lidar_cm_7,lidar_cm_8,lidar_cm_9,lidar_cm_10,lidar_cm_11,lidar_cm_12,lidar_cm_13,lidar_cm_14,lidar_cm_15,lidar_cm_16,lidar_class_0,lidar_class_1,lidar_class_2,lidar_class_3,lidar_class_4,lidar_class_5,lidar_class_6,lidar_class_7,lidar_class_8,lidar_class_9,lidar_class_10,lidar_class_11,lidar_class_12,lidar_class_13,lidar_class_14,lidar_class_15,lidar_class_16
0,-4916.837,-7539.219,220.540,56.442,0.551938,-0.833250,-0.032541,0.833026,0.552720,-0.023821,0.037835,-0.013959,0.999186,1,0.08000,0.12000,4.800,0.240,-1,400.000,-1,425.000,-1,325.000,325.000,300.000,300.000,-1,-1,-1,-1,925.000,950.000,-1,-1,2,0,2,0,2,0,0,0,0,2,2,2,2,0,0,2,2
1,-4911.598,-7531.175,220.872,56.922,0.544951,-0.837851,-0.032162,0.837631,0.545720,-0.023743,0.037445,-0.014001,0.999201,0,0.16000,0.24000,9.600,0.480,-1,400.000,-1,425.000,-1,325.000,325.000,300.000,300.000,-1,-1,-1,-1,925.000,950.000,-1,-1,2,0,2,0,2,0,0,0,0,2,2,2,2,0,0,2,2
2,-4903.891,-7519.011,221.367,57.642,0.534400,-0.844641,-0.031596,0.844428,0.535148,-0.023612,0.036852,-0.014062,0.999222,0,0.24000,0.36000,14.400,0.720,-1,400.000,-1,425.000,-1,325.000,325.000,300.000,300.000,-1,-1,-1,-1,925.000,950.000,-1,-1,2,0,2,0,2,0,0,0,0,2,2,2,2,0,0,2,2
3,-4893.888,-7502.622,222.020,58.602,0.520199,-0.853488,-0.030846,0.853284,0.520921,-0.023413,0.036051,-0.014141,0.999250,0,0.32000,0.48000,19.200,0.960,-1,400.000,-1,425.000,-1,325.000,325.000,300.000,300.000,-1,-1,-1,-1,925.000,950.000,-1,-1,2,0,2,0,2,0,0,0,0,2,2,2,2,0,0,2,2
4,-4881.817,-7481.879,222.825,59.802,0.502243,-0.864209,-0.029919,0.864017,0.502932,-0.023126,0.035033,-0.014236,0.999285,0,0.40000,0.60000,24.000,1.200,-1,400.000,-1,425.000,-1,325.000,325.000,300.000,300.000,-1,-1,-1,-1,925.000,950.000,-1,-1,2,0,2,0,2,0,0,0,0,2,2,2,2,0,0,2,2
5,-4867.961,-7456.631,223.776,61.242,0.480404,-0.876573,-0.028826,0.876396,0.481055,-0.022726,0.033788,-0.014345,0.999326,0,0.48000,0.72000,28.800,1.440,-1,425.000,-1,425.000,-1,325.000,325.000,300.000,300.000,-1,-1,-1,-1,925.000,950.000,-1,-1,2,0,2,0,2,0,0,0,0,2,2,2,2,0,0,2,2
6,-4852.590,-7426.754,224.870,62.775,0.456832,-0.889125,-0.027580,0.888964,0.457438,-0.022198,0.032353,-0.014377,0.999373,0,0.56000,0.76629,33.600,1.533,-1,425.000,-1,425.000,-1,325.000,325.000,300.000,300.000,-1,-1,-1,-1,925.000,950.000,-1,-1,2,0,2,0,2,0,0,0,0,2,2,2,2,0,0,2,2
7,-4835.942,-7392.150,226.101,64.308,0.432939,-0.901043,-0.026194,0.900899,0.433495,-0.021528,0.030753,-0.014278,0.999425,0,0.64000,0.76629,38.400,1.533,-1,425.000,-1,425.000,-1,325.000,325.000,300.000,300.000,-1,-1,-1,-1,925.000,950.000,-1,-1,2,0,2,0,2,0,0,0,0,2,2,2,2,0,0,2,2
8,-4818.261,-7352.734,227.437,65.840,0.408735,-0.912316,-0.024806,0.912190,0.409242,-0.020738,0.029071,-0.014152,0.999477,0,0.72000,0.76629,43.200,1.533,-1,425.000,-1,425.000,-1,325.000,325.000,325.000,300.000,-1,-1,-1,-1,950.000,975.000,-1,-1,2,0,2,0,2,0,0,0,0,2,2,2,2,0,0,2,2
9,-4799.794,-7308.429,228.820,67.373,0.384229,-0.922934,-0.023660,0.922829,0.384695,-0.019889,0.027459,-0.014192,0.999522,0,0.80000,0.76629,48.000,1.533,-1,425.000,-1,425.000,-1,350.000,350.000,325.000,300.000,-1,-1,-1,-1,950.000,975.000,-1,-1,2,0,2,0,2,0,0,0,0,2,2,2,2,0,0,2,2
10,-4781.470,-7260.927,230.049,68.905,0.359444,-0.932882,-0.023047,0.932828,0.359869,-0.018063,0.025145,-0.015007,0.999571,0,0.84856,0.76629,50.914,1.533,-1,425.000,-1,425.000,-1,350.000,350.000,300.000,300.000,-1,-1,-1,-1,950.000,975.000,-1,-1,2,0,2,0,2,0,0,0,0,2,2,2,2,0,0,2,2
11,-4764.423,-7212.952,231.101,70.438,0.334398,-0.942153,-0.022940,0.942166,0.334783,-0.015619,0.022396,-0.016390,0.999615,0,0.84856,0.76629,50.914,1.533,-1,425.000,-1,425.000,-1,350.000,350.000,300.000,300.000,-1,-1,-1,-1,950.000,975.000,-1,-1,2,0,2,0,2,0,0,0,0,2,2,2,2,0,0,2,2
12,-4748.665,-7164.539,232.115,71.970,0.309114,-0.950747,-0.022986,0.950821,0.309458,-0.013209,0.019672,-0.017773,0.999649,0,0.84856,0.76629,50.914,1.533,-1,425.000,-1,425.000,-1,350.000,350.000,300.000,300.000,-1,-1,-1,-1,950.000,975.000,-1,-1,2,0,2,0,2,0,0,0,0,2,2,2,2,0,0,2,2
13,-4734.208,-7115.721,232.794,73.503,0.283621,-0.958679,-0.022232,0.958779,0.283918,-0.011514,0.017350,-0.018050,0.999687,0,0.84856,0.76629,50.914,1.533,-1,425.000,-1,425.000,-1,350.000,350.000,300.000,300.000,-1,-1,-1,-1,950.000,975.000,-1,-1,2,0,2,0,2,0,0,0,0,2,2,2,2,0,0,2,2
14,-4721.837,-7070.202,233.123,74.796,0.261992,-0.964852,-0.020505,0.964961,0.262223,-0.009492,0.014536,-0.017300,0.999745,0,0.78618,0.64629,47.171,1.293,-1,425.000,-1,425.000,-1,325.000,350.000,300.000,300.000,-1,-1,-1,-1,950.000,975.000,-1,-1,2,0,2,0,2,0,0,0,0,2,2,2,2,0,0,2,2
15,-4710.304,-7024.463,233.420,75.848,0.244285,-0.969519,-0.018922,0.969631,0.244458,-0.007437,0.011835,-0.016530,0.999793,0,0.78618,0.52629,47.171,1.053,-1,425.000,-1,425.000,-1,325.000,350.000,300.000,300.000,-1,-1,-1,-1,950.000,950.000,-1,-1,2,0,2,0,2,0,0,0,0,2,2,2,2,0,0,2,2
16,-4699.421,-6978.565,233.687,76.661,0.230564,-0.972901,-0.017458,0.973013,0.230687,-0.005360,0.009242,-0.015751,0.999833,0,0.78618,0.40629,47.171,0.813,-1,400.000,-1,425.000,-1,325.000,325.000,300.000,300.000,-1,-1,-1,-1,925.000,950.000,-1,-1,2,0,2,0,2,0,0,0,0,2,2,2,2,0,0,2,2
17,-4688.997,-6932.561,233.929,77.233,0.220877,-0.975169,-0.016087,0.975278,0.220956,-0.003274,0.006747,-0.014966,0.999865,0,0.78618,0.28629,47.171,0.573,-1,400.000,-1,425.000,-1,325.000,325.000,300.000,300.000,-1,-1,-1,-1,925.000,950.000,-1,-1,2,0,2,0,2,0,0,0,0,2,2,2,2,0,0,2,2
18,-4678.841,-6886.497,234.150,77.566,0.215254,-0.976446,-0.014784,0.976549,0.215294,-0.001185,0.004340,-0.014182,0.999890,0,0.78618,0.16629,47.171,0.333,-1,400.000,-1,425.000,-1,325.000,325.000,300.000,300.000,-1,-1,-1,-1,925.000,950.000,-1,-1,2,0,2,0,2,0,0,0,0,2,2,2,2,0,0,2,2
19,-4668.758,-6840.416,234.353,77.659,0.213711,-0.976803,-0.013520,0.976895,0.213718,0.000899,0.002011,-0.013400,0.999908,0,0.78618,0.04629,47.171,0.093,-1,425.000,-1,400.000,-1,325.000,325.000,300.000,300.000,-1,-1,-1,-1,925.000,925.000,-1,-1,2,0,2,0,2,0,0,0,0,2,2,2,2,0,0,2,2
20,-4658.558,-6794.362,234.544,77.511,0.216254,-0.976260,-0.012268,0.976337,0.216233,0.002974,-0.000250,-0.012620,0.999920,0,0.78618,-0.07371,47.171,-0.147,-1,425.000,-1,425.000,-1,325.000,325.000,300.000,300.000,-1,-1,-1,-1,925.000,925.000,-1,-1,2,0,2,0,2,0,0,0,0,2,2,2,2,0,0,2,2
21,-4648.046,-6748.378,234.725,77.124,0.222875,-0.974785,-0.010999,0.974844,0.222832,0.005033,-0.002455,-0.011844,0.999927,0,0.78618,-0.19371,47.171,-0.387,-1,425.000,-1,425.000,-1,325.000,325.000,325.000,300.000,-1,-1,-1,-1,925.000,925.000,-1,-1,2,0,2,0,2,0,0,0,0,2,2,2,2,0,0,2,2
22,-4637.031,-6702.511,234.899,76.496,0.233556,-0.972295,-0.009687,0.972332,0.233495,0.007071,-0.004614,-0.011070,0.999928,0,0.78618,-0.31371,47.171,-0.627,-1,425.000,-1,425.000,-1,325.000,325.000,325.000,300.000,-1,-1,-1,-1,925.000,900.000,-1,-1,2,0,2,0,2,0,0,0,0,2,2,2,2,0,0,2,2
23,-4625.323,-6656.817,235.071,75.629,0.248264,-0.968657,-0.008302,0.968669,0.248189,0.009081,-0.006736,-0.010296,0.999924,0,0.78618,-0.43371,47.171,-0.867,-1,425.000,-1,425.000,-1,325.000,325.000,325.000,300.000,-1,-1,-1,-1,925.000,900.000,-1,-1,2,0,2,0,2,0,0,0,0,2,2,2,2,0,0,2,2
24,-4612.734,-6611.357,234.938,74.521,0.266954,-0.963674,-0.008209,0.963675,0.266863,0.010679,-0.008101,-0.010762,0.999909,0,0.78618,-0.55371,47.171,-1.107,-1,425.000,-1,425.000,-1,350.000,325.000,325.000,300.000,-1,-1,-1,-1,925.000,900.000,-1,-1,2,0,2,0,2,0,0,0,0,2,2,2,2,0,0,2,2
25,-4599.081,-6566.206,234.390,73.174,0.289578,-0.957108,-0.009426,0.957100,0.289442,0.013528,-0.010219,-0.012939,0.999864,0,0.78618,-0.67371,47.171,-1.347,-1,425.000,-1,425.000,-1,350.000,325.000,300.000,300.000,-1,-1,-1,-1,900.000,900.000,-1,-1,2,0,2,0,2,0,0,0,0,2,2,2,2,0,0,2,2
26,-4584.300,-6521.411,233.801,71.739,0.313506,-0.949531,-0.010211,0.949504,0.313319,0.016510,-0.012477,-0.014871,0.999812,0,0.78618,-0.71773,47.171,-1.435,-1,425.000,-1,425.000,-1,325.000,325.000,300.000,325.000,-1,-1,-1,-1,875.000,875.000,-1,-1,2,0,2,0,2,0,0,0,0,2,2,2,2,0,0,2,2
27,-4568.402,-6477.000,233.030,70.303,0.337226,-0.941368,-0.010232,0.941315,0.337002,0.018868,-0.014314,-0.015995,0.999770,0,0.78618,-0.71773,47.171,-1.435,-1,425.000,-1,425.000,-1,325.000,325.000,300.000,325.000,-1,-1,-1,-1,875.000,875.000,-1,-1,2,0,2,0,2,0,0,0,0,2,2,2,2,0,0,2,2
28,-4551.396,-6433.002,232.094,68.868,0.360724,-0.932624,-0.009497,0.932534,0.360476,0.020935,-0.016101,-0.016408,0.999736,0,0.78618,-0.71773,47.171,-1.435,-1,425.000,-1,425.000,-1,325.000,325.000,300.000,325.000,-1,-1,-1,-1,850.000,875.000,-1,-1,2,0,2,0,2,0,0,0,0,2,2,2,2,0,0,2,2
29,-4533.293,-6389.443,230.978,67.432,0.383990,-0.923300,-0.008322,0.923160,0.383725,0.023026,-0.018067,-0.016524,0.999700,0,0.78618,-0.71773,47.171,-1.435,-1,425.000,-1,400.000,-1,325.000,325.000,300.000,325.000,-1,-1,-1,-1,850.000,850.000,-1,-1,2,0,2,0,2,0,0,0,0,2,2,2,2,0,0,2,2
30,-4514.104,-6346.352,229.885,65.997,0.407012,-0.913396,-0.007067,0.913204,0.406733,0.025016,-0.019975,-0.016635,0.999662,0,0.78618,-0.71773,47.171,-1.435,-1,400.000,-1,400.000,-1,325.000,325.000,300.000,300.000,-1,-1,-1,-1,825.000,825.000,-1,-1,2,0,2,0,2,0,0,0,0,2,2,2,2,0,0,2,2
31,-4493.842,-6303.754,228.815,64.561,0.429774,-0.902918,-0.005741,0.902673,0.429486,0.026899,-0.021822,-0.016743,0.999622,0,0.78618,-0.71773,47.171,-1.435,-1,400.000,-1,400.000,-1,325.000,325.000,300.000,300.000,-1,-1,-1,-1,825.000,825.000,-1,-1,2,0,2,0,2,0,0,0,0,2,2,2,2,0,0,2,2
32,-4472.520,-6261.678,227.767,63.126,0.452262,-0.891874,-0.004353,0.891573,0.451969,0.028670,-0.023603,-0.016847,0.999579,0,0.78618,-0.71773,47.171,-1.435,-1,400.000,-1,400.000,-1,325.000,325.000,300.000,300.000,-1,-1,-1,-1,800.000,800.000,-1,-1,2,0,2,0,2,0,0,0,0,2,2,2,2,0,0,2,2
33,-4450.150,-6220.149,226.741,61.690,0.474463,-0.880271,-0.002910,0.879911,0.474169,0.030324,-0.025314,-0.016949,0.999536,0,0.78618,-0.71773,47.171,-1.435,-1,400.000,-1,400.000,-1,325.000,325.000,300.000,300.000,-1,-1,-1,-1,800.000,800.000,-1,-1,2,0,2,0,2,0,0,0,0,2,2,2,2,0,0,2,2
34,-4426.746,-6179.193,225.739,60.255,0.496362,-0.868115,-0.001423,0.867697,0.496071,0.031859,-0.026951,-0.017048,0.999491,0,0.78618,-0.71773,47.171,-1.435,-1,400.000,-1,400.000,-1,325.000,325.000,300.000,300.000,-1,-1,-1,-1,800.000,775.000,-1,-1,2,0,2,0,2,0,0,0,0,2,2,2,2,0,0,2,2
35,-4402.324,-6138.837,224.760,58.819,0.517945,-0.855414,0.000100,0.854938,0.517661,0.033271,-0.028513,-0.017147,0.999446,0,0.78618,-0.71773,47.171,-1.435,-1,400.000,-1,400.000,-1,325.000,325.000,325.000,300.000,-1,-1,-1,-1,775.000,775.000,-1,-1,2,0,2,0,2,0,0,0,0,2,2,2,2,0,0,2,2
36,-4376.899,-6099.105,223.740,57.384,0.539207,-0.842172,0.001328,0.841646,0.538924,0.034525,-0.029792,-0.017499,0.999403,0,0.78618,-0.71773,47.171,-1.435,-1,400.000,-1,400.000,-1,325.000,325.000,325.000,300.000,-1,-1,-1,-1,775.000,775.000,-1,-1,2,0,2,0,2,0,0,0,0,2,2,2,2,0,0,2,2
37,-4348.791,-6057.135,222.347,56.188,0.556687,-0.830722,0.000976,0.830174,0.556362,0.035669,-0.030174,-0.019047,0.999363,0,0.84188,-0.59773,50.513,-1.195,-1,400.000,-1,400.000,-1,325.000,325.000,325.000,300.000,-1,-1,-1,-1,775.000,775.000,-1,-1,2,0,2,0,2,0,0,0,0,2,2,2,2,0,0,2,2
38,-4319.987,-6015.640,220.985,55.233,0.570487,-0.821306,0.000685,0.820735,0.570121,0.036818,-0.030629,-0.020442,0.999322,0,0.84188,-0.47773,50.513,-0.955,-1,400.000,-1,400.000,-1,325.000,325.000,325.000,300.000,-1,-1,-1,-1,750.000,775.000,-1,-1,2,0,2,0,2,0,0,0,0,2,2,2,2,0,0,2,2
39,-4290.667,-5974.507,219.661,54.518,0.580721,-0.814103,0.000455,0.813508,0.580318,0.037895,-0.031114,-0.021636,0.999282,0,0.84188,-0.35773,50.513,-0.715,-1,400.000,-1,400.000,-1,325.000,325.000,325.000,300.000,-1,-1,-1,-1,750.000,775.000,-1,-1,2,0,2,0,2,0,0,0,0,2,2,2,2,0,0,2,2
40,-4261.007,-5933.620,218.317,54.042,0.587472,-0.809245,0.000331,0.808632,0.587043,0.038660,-0.031480,-0.022444,0.999252,0,0.84188,-0.23773,50.513,-0.475,-1,400.000,-1,400.000,-1,325.000,325.000,300.000,300.000,-1,-1,-1,-1,750.000,775.000,-1,-1,2,0,2,0,2,0,0,0,0,2,2,2,2,0,0,2,2
41,-4231.179,-5892.855,216.917,53.807,0.590802,-0.806816,0.000263,0.806190,0.590357,0.039206,-0.031788,-0.022951,0.999231,0,0.84188,-0.11773,50.513,-0.235,-1,400.000,-1,400.000,-1,325.000,325.000,300.000,300.000,-1,-1,-1,-1,750.000,750.000,-1,-1,2,0,2,0,2,0,0,0,0,2,2,2,2,0,0,2,2
42,-4201.354,-5852.087,215.478,53.811,0.590753,-0.806853,0.000123,0.806205,0.590285,0.039954,-0.032309,-0.023504,0.999202,0,0.84188,0.00227,50.513,0.005,-1,375.000,-1,400.000,-1,325.000,325.000,300.000,300.000,-1,-1,-1,-1,725.000,750.000,-1,-1,2,0,2,0,2,0,0,0,0,2,2,2,2,0,0,2,2
43,-4171.703,-5811.192,213.941,54.056,0.587306,-0.809365,0.000103,0.808710,0.586836,0.040152,-0.032558,-0.023499,0.999194,0,0.84188,0.12227,50.513,0.245,-1,375.000,-1,400.000,-1,325.000,325.000,300.000,325.000,-1,-1,-1,-1,725.000,750.000,-1,-1,2,0,2,0,2,0,0,0,0,2,2,2,2,0,0,2,2
44,-4142.399,-5770.049,212.268,54.540,0.580428,-0.814311,0.000245,0.813665,0.579980,0.039658,-0.032436,-0.022819,0.999213,0,0.84188,0.24227,50.513,0.485,-1,375.000,-1,400.000,-1,325.000,325.000,300.000,300.000,-1,-1,-1,-1,725.000,750.000,-1,-1,2,0,2,0,2,0,0,0,0,2,2,2,2,0,0,2,2
45,-4110.503,-5724.859,210.459,54.785,0.576936,-0.816789,0.000366,0.816155,0.576506,0.039139,-0.032179,-0.022282,0.999234,0,0.92188,0.12227,55.313,0.245,-1,375.000,-1,400.000,-1,325.000,325.000,300.000,300.000,-1,-1,-1,-1,700.000,750.000,-1,-1,2,0,2,0,2,0,0,0,0,2,2,2,2,0,0,2,2
46,-4078.149,-5679.012,208.673,54.789,0.576864,-0.816840,0.000361,0.816223,0.576445,0.038615,-0.031751,-0.021981,0.999254,0,0.93522,0.00227,56.113,0.005,-1,375.000,-1,400.000,-1,325.000,325.000,300.000,300.000,-1,-1,-1,-1,700.000,750.000,-1,-1,2,0,2,0,2,0,0,0,0,2,2,2,2,0,0,2,2
47,-4045.606,-5633.299,206.945,54.554,0.580212,-0.814466,0.000213,0.813870,0.579798,0.038084,-0.031142,-0.021923,0.999275,0,0.93522,-0.11773,56.113,-0.235,-1,375.000,-1,400.000,-1,325.000,325.000,300.000,300.000,-1,-1,-1,-1,700.000,750.000,-1,-1,2,0,2,0,2,0,0,0,0,2,2,2,2,0,0,2,2
48,-4012.836,-5587.748,205.253,54.268,0.584264,-0.811564,0.000034,0.810991,0.583853,0.037542,-0.030487,-0.021907,0.999295,0,0.93522,-0.14288,56.113,-0.286,-1,375.000,-1,400.000,-1,325.000,325.000,300.000,325.000,-1,-1,-1,-1,700.000,750.000,-1,-1,2,0,2,0,2,0,0,0,0,2,2,2,2,0,0,2,2
49,-3979.840,-5542.362,203.548,53.982,0.588297,-0.808645,0.000061,0.808090,0.587896,0.036998,-0.029954,-0.021716,0.999315,0,0.93522,-0.14288,56.113,-0.286,-1,375.000,-1,400.000,-1,325.000,325.000,300.000,325.000,-1,-1,-1,-1,700.000,750.000,-1,-1,2,0,2,0,2,0,0,0,0,2,2,2,2,0,0,2,2
50,-3946.617,-5497.141,201.831,53.697,0.592311,-0.805709,0.000288,0.805168,0.591926,0.036448,-0.029537,-0.021357,0.999335,0,0.93522,-0.14288,56.113,-0.286,-1,375.000,-1,400.000,-1,325.000,325.000,300.000,325.000,-1,-1,-1,-1,675.000,750.000,-1,-1,2,0,2,0,2,0,0,0,0,2,2,2,2,0,0,2,2
51,-3913.169,-5452.085,200.169,53.411,0.596310,-0.802754,0.000569,0.802225,0.595943,0.035885,-0.029146,-0.020943,0.999356,0,0.93522,-0.14288,56.113,-0.286,-1,375.000,-1,400.000,-1,325.000,325.000,300.000,325.000,-1,-1,-1,-1,675.000,750.000,-1,-1,2,0,2,0,2,0,0,0,0,2,2,2,2,0,0,2,2
52,-3879.497,-5407.198,198.558,53.125,0.600294,-0.799779,0.000888,0.799262,0.599945,0.035308,-0.028771,-0.020485,0.999376,0,0.93522,-0.14288,56.113,-0.286,-1,375.000,-1,400.000,-1,300.000,325.000,300.000,325.000,-1,-1,-1,-1,675.000,725.000,-1,-1,2,0,2,0,2,0,0,0,0,2,2,2,2,0,0,2,2
53,-3848.330,-5366.434,197.110,52.599,0.607598,-0.794244,0.001105,0.793742,0.607261,0.034752,-0.028272,-0.020238,0.999395,0,0.85522,-0.26288,51.313,-0.526,-1,375.000,-1,400.000,-1,300.000,325.000,300.000,325.000,-1,-1,-1,-1,675.000,725.000,-1,-1,2,0,2,0,2,0,0,0,0,2,2,2,2,0,0,2,2
54,-3819.587,-5329.864,195.860,51.834,0.618148,-0.786061,0.001164,0.785587,0.617825,0.033853,-0.027330,-0.020012,0.999426,0,0.77522,-0.38288,46.513,-0.766,-1,375.000,-1,400.000,-1,300.000,325.000,325.000,325.000,-1,-1,-1,-1,675.000,725.000,-1,-1,2,0,2,0,2,0,0,0,0,2,2,2,2,0,0,2,2
55,-3793.238,-5297.526,194.900,50.828,0.631832,-0.775105,0.001361,0.774671,0.631535,0.032374,-0.025953,-0.019400,0.999475,0,0.69522,-0.50288,41.713,-1.006,-1,375.000,-1,400.000,-1,300.000,325.000,325.000,325.000,-1,-1,-1,-1,675.000,725.000,-1,-1,2,0,2,0,2,0,0,0,0,2,2,2,2,0,0,2,2
56,-3769.304,-5269.423,194.076,49.582,0.648519,-0.761197,0.001504,0.760800,0.648242,0.031058,-0.024616,-0.018998,0.999516,0,0.61522,-0.62288,36.913,-1.246,-1,375.000,-1,400.000,-1,300.000,325.000,325.000,325.000,-1,-1,-1,-1,675.000,750.000,-1,-1,2,0,2,0,2,0,0,0,0,2,2,2,2,0,0,2,2
57,-3747.856,-5245.522,193.380,48.096,0.668026,-0.744136,0.001587,0.743772,0.667764,0.029902,-0.023311,-0.018795,0.999552,0,0.53522,-0.74288,32.113,-1.486,-1,375.000,-1,400.000,-1,300.000,325.000,325.000,325.000,-1,-1,-1,-1,675.000,750.000,-1,-1,2,0,2,0,2,0,0,0,0,2,2,2,2,0,0,2,2
58,-3729.089,-5225.677,192.806,46.597,0.687255,-0.726414,0.001618,0.726079,0.687002,0.028917,-0.022117,-0.018699,0.999581,0,0.45522,-0.74949,27.313,-1.499,-1,375.000,-1,400.000,-1,325.000,325.000,300.000,300.000,-1,-1,-1,-1,700.000,750.000,-1,-1,2,0,2,0,2,0,0,0,0,2,2,2,2,0,0,2,2
59,-3713.196,-5209.731,192.345,45.099,0.706012,-0.708198,0.001605,0.707888,0.705766,0.028101,-0.021034,-0.018703,0.999604,0,0.37522,-0.74933,22.513,-1.499,-1,375.000,-1,400.000,-1,325.000,325.000,300.000,300.000,-1,-1,-1,-1,700.000,750.000,-1,-1,2,0,2,0,2,0,0,0,0,2,2,2,2,0,0,2,2
60,-3700.369,-5197.515,191.990,43.601,0.724280,-0.689504,0.001557,0.689214,0.724037,0.027451,-0.020055,-0.018809,0.999622,0,0.29522,-0.74902,17.713,-1.498,-1,375.000,-1,400.000,-1,325.000,325.000,300.000,300.000,-1,-1,-1,-1,700.000,775.000,-1,-1,2,0,2,0,2,0,0,0,0,2,2,2,2,0,0,2,2
61,-3690.788,-5188.857,191.733,42.103,0.742045,-0.670349,0.001480,0.670076,0.741803,0.026966,-0.019175,-0.019018,0.999635,0,0.21522,-0.74860,12.913,-1.497,-1,375.000,-1,400.000,-1,325.000,325.000,300.000,300.000,-1,-1,-1,-1,700.000,775.000,-1,-1,2,0,2,0,2,0,0,0,0,2,2,2,2,0,0,2,2
62,-3684.628,-5183.576,191.569,40.607,0.759294,-0.650746,0.001379,0.650488,0.759049,0.026644,-0.018385,-0.019333,0.999644,0,0.13522,-0.74813,8.113,-1.496,-1,375.000,-1,400.000,-1,325.000,325.000,300.000,300.000,-1,-1,-1,-1,700.000,775.000,-1,-1,2,0,2,0,2,0,0,0,0,2,2,2,2,0,0,2,2
63,-3682.057,-5181.486,191.474,39.112,0.776017,-0.630711,0.001259,0.630463,0.775764,0.026585,-0.017744,-0.019837,0.999646,0,0.05522,-0.74766,3.313,-1.495,-1,375.000,-1,400.000,-1,325.000,325.000,300.000,300.000,-1,-1,-1,-1,700.000,775.000,-1,-1,2,0,2,0,2,0,0,0,0,2,2,2,2,0,0,2,2
64,-3683.235,-5182.393,191.454,37.617,0.792203,-0.610256,0.001130,0.610015,0.791939,0.026713,-0.017197,-0.020473,0.999642,0,-0.02478,-0.74724,-1.487,-1.494,-1,375.000,-1,400.000,-1,325.000,325.000,300.000,300.000,-1,-1,-1,-1,700.000,800.000,-1,-1,2,0,2,0,2,0,0,0,0,2,2,2,2,0,0,2,2
65,-3688.313,-5186.099,191.517,36.123,0.807845,-0.589395,0.000993,0.589159,0.807568,0.026938,-0.016679,-0.021176,0.999637,0,-0.10478,-0.74692,-6.287,-1.494,-1,375.000,-1,400.000,-1,325.000,325.000,300.000,300.000,-1,-1,-1,-1,700.000,800.000,-1,-1,2,0,2,0,2,0,0,0,0,2,2,2,2,0,0,2,2
66,-3697.435,-5192.399,191.659,34.630,0.822934,-0.568137,0.000848,0.567907,0.822641,0.027259,-0.016185,-0.021951,0.999628,0,-0.18478,-0.74676,-11.087,-1.494,-1,375.000,-1,400.000,-1,325.000,325.000,300.000,300.000,-1,-1,-1,-1,700.000,800.000,-1,-1,2,0,2,0,2,0,0,0,0,2,2,2,2,0,0,2,2
67,-3710.738,-5201.082,191.881,33.136,0.837465,-0.546491,0.000693,0.546265,0.837154,0.027695,-0.015716,-0.022815,0.999616,0,-0.26478,-0.74679,-15.887,-1.494,-1,375.000,-1,400.000,-1,325.000,325.000,300.000,300.000,-1,-1,-1,-1,700.000,800.000,-1,-1,2,0,2,0,2,0,0,0,0,2,2,2,2,0,0,2,2
68,-3728.349,-5211.934,192.178,31.642,0.851432,-0.524465,0.000526,0.524243,0.851100,0.028232,-0.015254,-0.023762,0.999601,0,-0.34478,-0.74706,-20.687,-1.494,-1,375.000,-1,400.000,-1,325.000,325.000,300.000,300.000,-1,-1,-1,-1,700.000,800.000,-1,-1,2,0,2,0,2,0,0,0,0,2,2,2,2,0,0,2,2
69,-3747.076,-5222.810,192.482,30.147,0.864829,-0.502066,0.000357,0.501849,0.864476,0.028796,-0.014766,-0.024724,0.999585,0,-0.36093,-0.74761,-21.656,-1.495,-1,375.000,-1,400.000,-1,325.000,325.000,300.000,300.000,-1,-1,-1,-1,700.000,800.000,-1,-1,2,0,2,0,2,0,0,0,0,2,2,2,2,0,0,2,2
70,-3766.218,-5233.268,192.772,28.650,0.877649,-0.479305,0.000197,0.479092,0.877272,0.029406,-0.014267,-0.025714,0.999568,0,-0.36355,-0.74831,-21.813,-1.497,-1,375.000,-1,400.000,-1,325.000,325.000,300.000,300.000,-1,-1,-1,-1,725.000,800.000,-1,-1,2,0,2,0,2,0,0,0,0,2,2,2,2,0,0,2,2
71,-3785.765,-5243.293,193.039,27.152,0.889882,-0.456190,0.000057,0.455982,0.889480,0.030109,-0.013786,-0.026768,0.999547,0,-0.36613,-0.74914,-21.968,-1.498,-1,375.000,-1,400.000,-1,325.000,325.000,300.000,300.000,-1,-1,-1,-1,725.000,800.000,-1,-1,2,0,2,0,2,0,0,0,0,2,2,2,2,0,0,2,2
72,-3805.621,-5252.828,193.296,25.653,0.901512,-0.432754,-0.000074,0.432550,0.901083,0.030825,-0.013273,-0.027821,0.999525,0,-0.36712,-0.74949,-22.027,-1.499,-1,375.000,-1,400.000,-1,325.000,325.000,300.000,300.000,-1,-1,-1,-1,725.000,800.000,-1,-1,2,0,2,0,2,0,0,0,0,2,2,2,2,0,0,2,2
73,-3825.719,-5261.841,193.540,24.154,0.912525,-0.409022,-0.000195,0.408824,0.912068,0.031551,-0.012727,-0.028871,0.999502,0,-0.36712,-0.74949,-22.027,-1.499,-1,375.000,-1,400.000,-1,325.000,325.000,300.000,300.000,-1,-1,-1,-1,725.000,825.000,-1,-1,2,0,2,0,2,0,0,0,0,2,2,2,2,0,0,2,2
74,-3846.047,-5270.325,193.773,22.655,0.922912,-0.385011,-0.000306,0.384819,0.922427,0.032287,-0.012149,-0.029916,0.999479,0,-0.36712,-0.74949,-22.027,-1.499,-1,375.000,-1,400.000,-1,325.000,325.000,300.000,300.000,-1,-1,-1,-1,725.000,825.000,-1,-1,2,0,2,0,2,0,0,0,0,2,2,2,2,0,0,2,2
75,-3866.589,-5278.275,193.992,21.156,0.932667,-0.360737,-0.000407,0.360553,0.932154,0.033032,-0.011537,-0.030954,0.999454,0,-0.36712,-0.74949,-22.027,-1.499,-1,400.000,-1,400.000,-1,325.000,325.000,300.000,300.000,-1,-1,-1,-1,725.000,825.000,-1,-1,2,0,2,0,2,0,0,0,0,2,2,2,2,0,0,2,2
76,-3887.332,-5285.684,194.189,19.657,0.941784,-0.336218,-0.000629,0.336046,0.941239,0.033780,-0.010765,-0.032025,0.999429,0,-0.36712,-0.74949,-22.027,-1.499,-1,400.000,-1,400.000,-1,325.000,325.000,300.000,300.000,-1,-1,-1,-1,725.000,825.000,-1,-1,2,0,2,0,2,0,0,0,0,2,2,2,2,0,0,2,2
77,-3908.262,-5292.548,194.425,18.158,0.950255,-0.311472,-0.000949,0.311320,0.949687,0.034275,-0.009774,-0.032865,0.999412,0,-0.36712,-0.74949,-22.027,-1.499,-1,400.000,-1,400.000,-1,325.000,325.000,300.000,300.000,-1,-1,-1,-1,725.000,825.000,-1,-1,2,0,2,0,2,0,0,0,0,2,2,2,2,0,0,2,2
78,-3929.365,-5298.862,194.647,16.659,0.958075,-0.286515,-0.001269,0.286384,0.957483,0.034792,-0.008753,-0.033697,0.999394,0,-0.36712,-0.74949,-22.027,-1.499,-1,400.000,-1,400.000,-1,325.000,325.000,300.000,300.000,-1,-1,-1,-1,725.000,825.000,-1,-1,2,0,2,0,2,0,0,0,0,2,2,2,2,0,0,2,2
79,-3950.625,-5304.623,194.853,15.160,0.965239,-0.261362,-0.001587,0.261254,0.964623,0.035333,-0.007704,-0.034520,0.999374,0,-0.36712,-0.74949,-22.027,-1.499,-1,400.000,-1,400.000,-1,325.000,325.000,300.000,300.000,-1,-1,-1,-1,725.000,825.000,-1,-1,2,0,2,0,2,0,0,0,0,2,2,2,2,0,0,2,2
80,-3972.028,-5309.825,195.044,13.661,0.971743,-0.236032,-0.001902,0.235947,0.971103,0.035896,-0.006626,-0.035331,0.999354,0,-0.36712,-0.74949,-22.027,-1.499,-1,400.000,-1,400.000,-1,325.000,325.000,300.000,300.000,-1,-1,-1,-1,750.000,825.000,-1,-1,2,0,2,0,2,0,0,0,0,2,2,2,2,0,0,2,2
81,-3993.561,-5314.465,195.169,12.162,0.977582,-0.210543,-0.002032,0.210477,0.976923,0.036333,-0.005665,-0.035946,0.999338,0,-0.36712,-0.74949,-22.027,-1.499,-1,400.000,-1,400.000,-1,325.000,325.000,300.000,300.000,-1,-1,-1,-1,750.000,825.000,-1,-1,2,0,2,0,2,0,0,0,0,2,2,2,2,0,0,2,2
82,-4015.207,-5318.541,195.195,10.663,0.982752,-0.184914,-0.002178,0.184869,0.982086,0.036471,-0.004605,-0.036244,0.999332,0,-0.36712,-0.74949,-22.027,-1.499,-1,400.000,-1,400.000,-1,325.000,325.000,300.000,300.000,-1,-1,-1,-1,750.000,825.000,-1,-1,2,0,2,0,2,0,0,0,0,2,2,2,2,0,0,2,2
83,-4032.203,-5321.355,195.185,9.404,0.986575,-0.163290,-0.002341,0.163266,0.985906,0.036507,-0.003653,-0.036399,0.999331,0,-0.28712,-0.62949,-17.227,-1.259,-1,400.000,-1,400.000,-1,325.000,325.000,300.000,300.000,-1,-1,-1,-1,750.000,825.000,-1,-1,2,0,2,0,2,0,0,0,0,2,2,2,2,0,0,2,2
84,-4044.496,-5323.168,195.169,8.385,0.989321,-0.145731,-0.002466,0.145723,0.988651,0.036531,-0.002886,-0.036500,0.999329,0,-0.20712,-0.50949,-12.427,-1.019,-1,400.000,-1,400.000,-1,325.000,325.000,300.000,300.000,-1,-1,-1,-1,750.000,825.000,-1,-1,2,0,2,0,2,0,0,0,0,2,2,2,2,0,0,2,2
85,-4052.056,-5324.177,195.153,7.606,0.991210,-0.132276,-0.002547,0.132280,0.990539,0.036538,-0.002310,-0.036554,0.999329,0,-0.12712,-0.38949,-7.627,-0.779,-1,400.000,-1,400.000,-1,325.000,325.000,300.000,300.000,-1,-1,-1,-1,750.000,825.000,-1,-1,2,0,2,0,2,0,0,0,0,2,2,2,2,0,0,2,2
86,-4054.862,-5324.525,195.143,7.067,0.992409,-0.122952,-0.002580,0.122964,0.991739,0.036524,-0.001932,-0.036564,0.999329,0,-0.04712,-0.26949,-2.827,-0.539,-1,400.000,-1,400.000,-1,325.000,325.000,300.000,300.000,-1,-1,-1,-1,750.000,825.000,-1,-1,2,0,2,0,2,0,0,0,0,2,2,2,2,0,0,2,2
87,-4052.902,-5324.293,195.139,6.768,0.993037,-0.117775,-0.002563,0.117790,0.992368,0.036487,-0.001754,-0.036534,0.999331,0,0.03288,-0.14949,1.973,-0.299,-1,400.000,-1,400.000,-1,325.000,325.000,300.000,300.000,-1,-1,-1,-1,775.000,825.000,-1,-1,2,0,2,0,2,0,0,0,0,2,2,2,2,0,0,2,2
88,-4046.176,-5323.501,195.145,6.709,0.993158,-0.116753,-0.002495,0.116767,0.992491,0.036425,-0.001776,-0.036467,0.999333,0,0.11288,-0.02949,6.773,-0.059,-1,400.000,-1,400.000,-1,325.000,325.000,300.000,300.000,-1,-1,-1,-1,775.000,825.000,-1,-1,2,0,2,0,2,0,0,0,0,2,2,2,2,0,0,2,2
89,-4034.686,-5322.113,195.157,6.890,0.992784,-0.119889,-0.002378,0.119896,0.992121,0.036341,-0.001997,-0.036364,0.999337,0,0.19288,0.09051,11.573,0.181,-1,400.000,-1,400.000,-1,325.000,325.000,300.000,300.000,-1,-1,-1,-1,750.000,825.000,-1,-1,2,0,2,0,2,0,0,0,0,2,2,2,2,0,0,2,2
90,-4018.442,-5320.060,195.172,7.204,0.992114,-0.125321,-0.002214,0.125319,0.991455,0.036226,-0.002345,-0.036218,0.999341,0,0.27288,0.15689,16.373,0.314,-1,400.000,-1,400.000,-1,325.000,325.000,300.000,300.000,-1,-1,-1,-1,750.000,825.000,-1,-1,2,0,2,0,2,0,0,0,0,2,2,2,2,0,0,2,2
91,-3997.451,-5317.290,195.188,7.518,0.991413,-0.130750,-0.002006,0.130737,0.990761,0.036074,-0.002729,-0.036026,0.999347,0,0.35288,0.15689,21.173,0.314,-1,400.000,-1,400.000,-1,325.000,325.000,300.000,300.000,-1,-1,-1,-1,750.000,825.000,-1,-1,2,0,2,0,2,0,0,0,0,2,2,2,2,0,0,2,2
92,-3971.720,-5313.752,195.182,7.829,0.990689,-0.136130,-0.001806,0.136107,0.990047,0.035799,-0.003086,-0.035712,0.999357,0,0.43288,0.15559,25.973,0.311,-1,400.000,-1,400.000,-1,325.000,325.000,300.000,300.000,-1,-1,-1,-1,750.000,850.000,-1,-1,2,0,2,0,2,0,0,0,0,2,2,2,2,0,0,2,2
93,-3941.257,-5309.395,195.046,8.140,0.989936,-0.141509,-0.001473,0.141474,0.989322,0.035024,-0.003499,-0.034880,0.999385,0,0.51288,0.15559,30.773,0.311,-1,400.000,-1,400.000,-1,325.000,325.000,300.000,300.000,-1,-1,-1,-1,750.000,850.000,-1,-1,2,0,2,0,2,0,0,0,0,2,2,2,2,0,0,2,2
94,-3906.071,-5304.167,194.855,8.451,0.989153,-0.146886,-0.000993,0.146834,0.988575,0.034042,-0.004019,-0.033819,0.999420,0,0.59288,0.15559,35.573,0.311,-1,400.000,-1,400.000,-1,325.000,325.000,300.000,300.000,-1,-1,-1,-1,750.000,850.000,-1,-1,2,0,2,0,2,0,0,0,0,2,2,2,2,0,0,2,2
95,-3866.169,-5298.017,194.528,8.763,0.988341,-0.152256,-0.000510,0.152188,0.987788,0.033374,-0.004578,-0.033063,0.999443,0,0.67288,0.15559,40.373,0.311,-1,400.000,-1,400.000,-1,325.000,325.000,300.000,300.000,-1,-1,-1,-1,750.000,850.000,-1,-1,2,0,2,0,2,0,0,0,0,2,2,2,2,0,0,2,2
96,-3821.561,-5290.893,194.113,9.074,0.987500,-0.157622,0.000149,0.157532,0.986967,0.032852,-0.005325,-0.032418,0.999460,0,0.75288,0.15559,45.173,0.311,-1,400.000,-1,400.000,-1,325.000,325.000,300.000,300.000,-1,-1,-1,-1,750.000,850.000,-1,-1,2,0,2,0,2,0,0,0,0,2,2,2,2,0,0,2,2
97,-3774.714,-5283.150,193.678,9.385,0.986628,-0.162983,0.000834,0.162872,0.986118,0.032310,-0.006088,-0.031742,0.999478,0,0.79138,0.15559,47.483,0.311,-1,400.000,-1,400.000,-1,325.000,325.000,300.000,300.000,-1,-1,-1,-1,750.000,850.000,-1,-1,2,0,2,0,2,0,0,0,0,2,2,2,2,0,0,2,2
98,-3727.909,-5275.154,193.248,9.696,0.985728,-0.168340,0.001520,0.168208,0.985239,0.031792,-0.006850,-0.031083,0.999493,0,0.79138,0.15559,47.483,0.311,-1,400.000,-1,400.000,-1,325.000,325.000,300.000,300.000,-1,-1,-1,-1,750.000,825.000,-1,-1,2,0,2,0,2,0,0,0,0,2,2,2,2,0,0,2,2
99,-3681.123,-5266.897,192.822,10.008,0.984795,-0.173707,0.002204,0.173555,0.984327,0.031289,-0.007604,-0.030430,0.999508,0,0.79182,0.15604,47.509,0.312,-1,400.000,-1,400.000,-1,325.000,325.000,300.000,300.000,-1,-1,-1,-1,750.000,825.000,-1,-1,2,0,2,0,2,0,0,0,0,2,2,2,2,0,0,2,2
100,-3633.885,-5258.281,192.394,10.338,0.983777,-0.179375,0.002887,0.179203,0.983330,0.030788,-0.008361,-0.029772,0.999522,0,0.80028,0.16493,48.017,0.330,-1,400.000,-1,400.000,-1,325.000,325.000,300.000,300.000,-1,-1,-1,-1,750.000,825.000,-1,-1,2,0,2,0,2,0,0,0,0,2,2,2,2,0,0,2,2
101,-3586.208,-5249.284,191.964,10.686,0.982666,-0.185351,0.003569,0.185160,0.982241,0.030293,-0.009120,-0.029107,0.999535,0,0.80865,0.17408,48.519,0.348,-1,400.000,-1,400.000,-1,325.000,325.000,300.000,300.000,-1,-1,-1,-1,750.000,825.000,-1,-1,2,0,2,0,2,0,0,0,0,2,2,2,2,0,0,2,2
102,-3538.102,-5239.887,191.566,11.053,0.981456,-0.191642,0.004171,0.191438,0.981057,0.029651,-0.009774,-0.028303,0.999552,0,0.81691,0.18348,49.015,0.367,-1,400.000,-1,400.000,-1,325.000,325.000,300.000,300.000,-1,-1,-1,-1,750.000,825.000,-1,-1,2,0,2,0,2,0,0,0,0,2,2,2,2,0,0,2,2
103,-3489.583,-5230.069,191.188,11.439,0.980139,-0.198257,0.004722,0.198043,0.979767,0.028919,-0.010360,-0.027410,0.999571,0,0.82505,0.19315,49.503,0.386,-1,400.000,-1,400.000,-1,325.000,325.000,300.000,300.000,-1,-1,-1,-1,750.000,825.000,-1,-1,2,0,2,0,2,0,0,0,0,2,2,2,2,0,0,2,2
104,-3440.664,-5219.809,190.809,11.846,0.978705,-0.205203,0.005274,0.204979,0.978360,0.028192,-0.010945,-0.026511,0.999589,0,0.83305,0.20309,49.983,0.406,-1,400.000,-1,400.000,-1,325.000,325.000,300.000,300.000,-1,-1,-1,-1,750.000,825.000,-1,-1,2,0,2,0,2,0,0,0,0,2,2,2,2,0,0,2,2
105,-3391.363,-5209.085,190.432,12.272,0.977147,-0.212487,0.005823,0.212254,0.976828,0.027470,-0.011526,-0.025607,0.999606,0,0.84090,0.21330,50.454,0.427,-1,400.000,-1,400.000,-1,325.000,325.000,300.000,300.000,-1,-1,-1,-1,750.000,825.000,-1,-1,2,0,2,0,2,0,0,0,0,2,2,2,2,0,0,2,2
106,-3341.697,-5197.875,190.032,12.720,0.975453,-0.220117,0.006324,0.219879,0.975163,0.026658,-0.012034,-0.024613,0.999625,0,0.84859,0.22380,50.916,0.448,-1,400.000,-1,400.000,-1,325.000,325.000,300.000,300.000,-1,-1,-1,-1,750.000,850.000,-1,-1,2,0,2,0,2,0,0,0,0,2,2,2,2,0,0,2,2
107,-3291.686,-5186.156,189.397,13.189,0.973612,-0.228105,0.006934,0.227870,0.973371,0.024981,-0.012447,-0.022742,0.999664,0,0.85610,0.23459,51.366,0.469,-1,400.000,-1,400.000,-1,325.000,325.000,300.000,300.000,-1,-1,-1,-1,750.000,850.000,-1,-1,2,0,2,0,2,0,0,0,0,2,2,2,2,0,0,2,2
108,-3241.352,-5173.904,188.702,13.680,0.971611,-0.236454,0.007786,0.236223,0.971423,0.023132,-0.013033,-0.020636,0.999702,0,0.86340,0.24567,51.804,0.491,-1,400.000,-1,400.000,-1,325.000,325.000,300.000,300.000,-1,-1,-1,-1,750.000,825.000,-1,-1,2,0,2,0,2,0,0,0,0,2,2,2,2,0,0,2,2
109,-3190.718,-5161.098,187.874,14.194,0.969445,-0.245169,0.008288,0.244944,0.969293,0.021755,-0.013368,-0.019061,0.999729,0,0.87047,0.25706,52.228,0.514,1000.000,400.000,-1,400.000,-1,325.000,325.000,300.000,300.000,-1,-1,-1,-1,750.000,825.000,-1,-1,1,0,2,0,2,0,0,0,0,2,2,2,2,0,0,2,2
110,-3139.810,-5147.712,186.917,14.732,0.967096,-0.254256,0.008940,0.254029,0.966969,0.020974,-0.013978,-0.018013,0.999740,0,0.87731,0.26876,52.639,0.538,950.000,400.000,-1,400.000,-1,325.000,325.000,300.000,300.000,-1,-1,-1,-1,750.000,825.000,-1,-1,1,0,2,0,2,0,0,0,0,2,2,2,2,0,0,2,2
111,-3088.655,-5133.724,185.963,15.293,0.964550,-0.263726,0.009591,0.263497,0.964449,0.020202,-0.014577,-0.016958,0.999750,0,0.88388,0.28077,53.033,0.562,925.000,400.000,-1,400.000,-1,325.000,325.000,300.000,300.000,-1,-1,-1,-1,750.000,825.000,-1,-1,1,0,2,0,2,0,0,0,0,2,2,2,2,0,0,2,2
112,-3037.284,-5119.111,185.012,15.880,0.961794,-0.273584,0.010238,0.273355,0.961717,0.019439,-0.015164,-0.015897,0.999759,0,0.89016,0.29311,53.409,0.586,900.000,400.000,-1,400.000,-1,325.000,325.000,300.000,300.000,-1,-1,-1,-1,750.000,825.000,-1,-1,1,0,2,0,2,0,0,0,0,2,2,2,2,0,0,2,2
113,-2985.728,-5103.848,184.067,16.491,0.958810,-0.283838,0.010882,0.283610,0.958757,0.018687,-0.015738,-0.014831,0.999766,0,0.89612,0.30578,53.767,0.612,875.000,400.000,-1,400.000,-1,325.000,325.000,300.000,300.000,-1,-1,-1,-1,750.000,825.000,-1,-1,1,0,2,0,2,0,0,0,0,2,2,2,2,0,0,2,2
114,-2934.024,-5087.913,183.128,17.129,0.955584,-0.294494,0.011522,0.294268,0.955554,0.017949,-0.016296,-0.013761,0.999773,0,0.90174,0.31879,54.104,0.638,850.000,400.000,-1,400.000,-1,325.000,325.000,300.000,300.000,-1,-1,-1,-1,750.000,825.000,-1,-1,1,0,2,0,2,0,0,0,0,2,2,2,2,0,0,2,2
115,-2882.208,-5071.284,182.233,17.793,0.952094,-0.305558,0.012312,0.305335,0.952091,0.017123,-0.016954,-0.012543,0.999778,0,0.90698,0.33215,54.419,0.664,800.000,375.000,-1,400.000,-1,325.000,325.000,300.000,300.000,-1,-1,-1,-1,750.000,825.000,-1,-1,1,0,2,0,2,0,0,0,0,2,2,2,2,0,0,2,2
116,-2830.320,-5053.938,181.371,18.485,0.948322,-0.317034,0.013196,0.316816,0.948348,0.016254,-0.017667,-0.011233,0.999781,0,0.91183,0.34585,54.710,0.692,775.000,375.000,-1,400.000,-1,325.000,325.000,300.000,300.000,-1,-1,-1,-1,750.000,825.000,-1,-1,1,0,2,0,2,0,0,0,0,2,2,2,2,0,0,2,2
117,-2778.405,-5035.855,180.520,19.205,0.944250,-0.328927,0.014077,0.328716,0.944303,0.015410,-0.018361,-0.009924,0.999782,0,0.91625,0.35991,54.975,0.720,750.000,375.000,-1,400.000,-1,325.000,325.000,300.000,300.000,-1,-1,-1,-1,750.000,825.000,1000.000,-1,1,0,2,0,2,0,0,0,0,2,2,2,2,0,0,1,2
118,-2726.507,-5017.014,179.657,19.953,0.939857,-0.341242,0.014914,0.341041,0.939937,0.014481,-0.018960,-0.008524,0.999784,0,0.92021,0.37433,55.212,0.749,700.000,375.000,-1,400.000,-1,325.000,325.000,300.000,300.000,-1,-1,-1,-1,750.000,825.000,950.000,-1,1,0,2,0,2,0,0,0,0,2,2,2,2,0,0,1,2
119,-2676.121,-4997.731,178.653,20.942,0.933816,-0.357415,0.015574,0.357241,0.933923,0.012870,-0.019144,-0.006454,0.999796,0,0.89915,0.49433,53.949,0.989,675.000,400.000,-1,400.000,-1,325.000,325.000,300.000,300.000,-1,-1,-1,-1,750.000,825.000,900.000,-1,1,0,2,0,2,0,0,0,0,2,2,2,2,0,0,1,2
120,-2625.957,-4977.290,177.571,22.171,0.925916,-0.377363,0.016607,0.377222,0.926057,0.011074,-0.019558,-0.003990,0.999801,0,0.90281,0.61433,54.169,1.229,625.000,400.000,-1,400.000,-1,325.000,325.000,300.000,300.000,-1,-1,-1,-1,750.000,825.000,850.000,-1,1,0,2,0,2,0,0,0,0,2,2,2,2,0,0,1,2
121,-2576.112,-4955.473,176.496,23.639,0.915918,-0.400977,0.017683,0.400871,0.916087,0.009320,-0.019936,-0.001448,0.999800,0,0.90684,0.73433,54.410,1.469,600.000,400.000,-1,400.000,-1,325.000,325.000,300.000,300.000,-1,-1,-1,-1,750.000,800.000,775.000,-1,1,0,2,0,2,0,0,0,0,2,2,2,2,1,0,1,2
122,-2526.696,-4932.063,175.371,25.348,0.903535,-0.428114,0.018540,0.428044,0.903724,0.007758,-0.020076,0.000926,0.999798,0,0.91135,0.85433,54.681,1.709,550.000,400.000,-1,400.000,-1,325.000,325.000,300.000,300.000,-1,-1,-1,-1,700.000,800.000,700.000,-1,1,0,2,0,2,0,0,0,0,2,2,2,2,1,0,1,2
123,-2477.831,-4906.846,174.185,27.297,0.888440,-0.458594,0.019111,0.458560,0.888640,0.006408,-0.019922,0.003070,0.999797,0,0.91646,0.97433,54.988,1.949,500.000,400.000,-1,400.000,-1,325.000,325.000,300.000,300.000,-1,-1,-1,-1,650.000,800.000,650.000,-1,1,0,2,0,2,0,0,0,0,2,2,2,2,1,0,1,2
124,-2429.566,-4879.779,172.975,29.284,0.871988,-0.489127,0.019783,0.489124,0.872198,0.005319,-0.019856,0.005038,0.999790,0,0.92228,0.99353,55.337,1.987,475.000,400.000,-1,400.000,-1,325.000,325.000,300.000,300.000,-1,-1,-1,-1,625.000,800.000,575.000,-1,1,0,2,0,2,0,0,0,0,2,2,2,2,1,0,1,2
125,-2381.978,-4850.864,171.838,31.284,0.854377,-0.519264,0.020124,0.519284,0.854589,0.004641,-0.019607,0.006485,0.999787,0,0.92806,1.00000,55.684,2.000,425.000,375.000,-1,400.000,-1,325.000,325.000,300.000,300.000,-1,-1,-1,-1,575.000,800.000,525.000,-1,1,0,2,0,2,0,0,0,0,2,2,2,2,1,0,1,2
126,-2335.147,-4820.121,170.779,33.284,0.835730,-0.548768,0.020255,0.548807,0.835939,0.004063,-0.019162,0.007721,0.999787,0,0.93368,1.00000,56.021,2.000,375.000,375.000,-1,400.000,-1,325.000,325.000,300.000,300.000,-1,-1,-1,-1,550.000,800.000,450.000,-1,1,0,2,0,2,0,0,0,0,2,2,2,2,1,0,1,2
127,-2289.156,-4787.577,169.754,35.284,0.816064,-0.577601,0.020398,0.577660,0.816270,0.003503,-0.018673,0.008925,0.999786,0,0.93901,1.00000,56.341,2.000,350.000,375.000,-1,400.000,-1,325.000,325.000,300.000,300.000,-1,-1,-1,-1,500.000,800.000,400.000,-1,1,1,2,0,2,0,0,0,0,2,2,2,2,1,0,1,2
128,-2244.091,-4753.267,168.764,37.284,0.795405,-0.605730,0.020551,0.605807,0.795606,0.002963,-0.018145,0.010093,0.999784,0,0.94399,1.00000,56.640,2.000,300.000,350.000,-1,400.000,-1,325.000,325.000,300.000,300.000,-1,-1,-1,-1,475.000,800.000,350.000,-1,1,1,2,0,2,0,0,0,0,2,2,2,2,1,0,1,2
129,-2200.039,-4717.231,167.808,39.284,0.773777,-0.633120,0.020714,0.633215,0.773972,0.002419,-0.017564,0.011245,0.999783,0,0.94856,1.00000,56.913,2.000,250.000,325.000,-1,400.000,-1,325.000,325.000,300.000,300.000,-1,-1,-1,-1,425.000,800.000,300.000,-1,1,1,2,0,2,0,0,0,0,2,2,2,2,1,0,1,2
130,-2157.088,-4679.520,166.890,41.284,0.751212,-0.659729,0.020941,0.659861,0.751387,0.000783,-0.016252,0.013230,0.999780,0,0.95262,1.00000,57.157,2.000,225.000,300.000,-1,400.000,-1,300.000,325.000,300.000,300.000,-1,-1,-1,-1,400.000,800.000,250.000,-1,1,1,2,0,2,1,0,1,0,2,2,2,2,1,1,1,2
131,-2115.332,-4640.187,169.264,43.284,0.727879,-0.685331,0.022654,0.685692,0.727672,-0.017870,-0.004238,0.028541,0.999584,0,0.95608,1.00000,57.365,2.000,200.000,300.000,-1,425.000,-1,275.000,350.000,300.000,300.000,-1,650.000,475.000,-1,375.000,850.000,225.000,-1,1,1,2,0,2,1,1,1,0,2,0,0,2,1,1,1,2
132,-2074.859,-4599.299,171.761,45.284,0.703828,-0.709906,0.025693,0.710325,0.702912,-0.036777,0.008048,0.044135,0.998993,0,0.95885,1.00000,57.531,2.000,200.000,275.000,-1,450.000,-1,275.000,325.000,300.000,300.000,-1,450.000,300.000,-1,375.000,975.000,225.000,-1,1,1,2,1,2,1,1,1,0,2,0,0,2,1,0,1,2
133,-2037.017,-4558.296,174.285,47.284,0.679115,-0.733417,0.030052,0.733755,0.677165,-0.055228,0.020155,0.059557,0.998021,0,0.92995,1.00000,55.797,2.000,200.000,275.000,-1,425.000,-1,275.000,325.000,325.000,275.000,-1,375.000,200.000,975.000,375.000,-1,225.000,-1,1,1,2,1,2,1,1,1,0,2,0,0,0,1,2,1,2
134,-2000.577,-4515.930,176.797,49.284,0.653822,-0.755775,0.036346,0.755969,0.650445,-0.073702,0.032061,0.075664,0.996618,0,0.93136,1.00000,55.881,2.000,200.000,275.000,-1,425.000,-1,250.000,300.000,325.000,275.000,-1,325.000,125.000,750.000,375.000,-1,225.000,-1,1,1,2,1,2,1,1,1,0,2,0,0,0,1,2,1,2
135,-1965.623,-4472.293,179.550,51.284,0.627996,-0.776979,0.043866,0.776988,0.622842,-0.091416,0.043706,0.091493,0.994846,0,0.93185,1.00000,55.911,2.000,200.000,250.000,-1,400.000,-1,250.000,300.000,325.000,275.000,-1,275.000,100.000,600.000,350.000,-1,225.000,-1,1,1,2,1,2,1,1,1,0,2,0,0,0,1,2,1,2
136,-1929.774,-4424.181,182.613,53.284,0.601826,-0.796857,0.053137,0.796643,0.594313,-0.110237,0.056264,0.108675,0.992484,0,1.00000,1.00000,60.000,2.000,200.000,250.000,-1,400.000,-1,225.000,275.000,325.000,250.000,-1,250.000,75.000,475.000,350.000,-1,200.000,-1,1,1,2,1,2,1,1,1,0,2,0,0,0,1,2,1,2
137,6231.355,1639.831,15.815,78.465,0.199694,-0.979702,-0.017502,0.979696,0.199954,-0.014609,0.017812,-0.014229,0.999740,1,0.00000,0.00000,60.000,2.000,-1,400.000,-1,400.000,-1,325.000,325.000,300.000,300.000,-1,-1,-1,-1,800.000,825.000,-1,-1,2,0,2,0,2,0,0,0,0,2,2,2,2,0,0,2,2
138,6230.376,1635.132,15.735,78.225,0.203794,-0.978856,-0.017547,0.978849,0.204056,-0.014692,0.017962,-0.014182,0.999738,0,-0.08000,-0.12000,-4.800,-0.240,-1,400.000,-1,400.000,-1,325.000,325.000,300.000,300.000,-1,-1,-1,-1,800.000,825.000,-1,-1,2,0,2,0,2,0,0,0,0,2,2,2,2,0,0,2,2
