timestep,x_cm,y_cm,z_cm,yaw_deg,basis_xx,basis_xy,basis_xz,basis_yx,basis_yy,basis_yz,basis_zx,basis_zy,basis_zz,teleport_flag,throttle_cmd,steering_cmd,cmd_move_cm,cmd_turn_deg,lidar_cm_0,lidar_cm_1,lidar_cm_2,lidar_cm_3,lidar_cm_4,lidar_cm_5,lidar_cm_6,lidar_cm_7,lidar_cm_8,lidar_cm_9,lidar_cm_10,lidar_cm_11,lidar_cm_12,lidar_cm_13,lidar_cm_14,lidar_cm_15,lidar_cm_16,lidar_class_0,lidar_class_1,lidar_class_2,lidar_class_3,lidar_class_4,lidar_class_5,lidar_class_6,lidar_class_7,lidar_class_8,lidar_class_9,lidar_class_10,lidar_class_11,lidar_class_12,lidar_class_13,lidar_class_14,lidar_class_15,lidar_class_16
0,-4259.611,8857.816,-107.341,33.874,0.831057,-0.554565,0.042447,0.555956,0.826089,-0.092142,0.016034,0.100174,0.994841,1,0.08000,-0.12000,4.800,-0.240,-1,400.000,-1,375.000,-1,325.000,325.000,375.000,225.000,-1,-1,-1,775.000,800.000,675.000,-1,-1,2,0,2,0,2,0,0,0,0,2,2,2,1,0,0,2,2
1,-4251.594,8863.097,-106.854,33.394,0.835592,-0.547748,0.041934,0.549166,0.830892,-0.089640,0.014257,0.097931,0.995091,0,0.16000,-0.24000,9.600,-0.480,-1,400.000,-1,375.000,-1,325.000,325.000,375.000,225.000,-1,-1,-1,800.000,775.000,675.000,-1,-1,2,0,2,0,2,0,0,0,0,2,2,2,1,0,0,2,2
2,-4239.469,8870.868,-106.149,32.674,0.842296,-0.537435,0.041245,0.538889,0.837976,-0.085991,0.011652,0.094656,0.995442,0,0.24000,-0.36000,14.400,-0.720,-1,400.000,-1,375.000,-1,325.000,300.000,350.000,225.000,-1,-1,-1,850.000,775.000,650.000,-1,-1,2,0,2,0,2,0,0,0,0,2,2,2,1,0,0,2,2
3,-4223.132,8880.956,-105.258,31.714,0.851049,-0.523525,0.040465,0.525021,0.847195,-0.081324,0.008293,0.090456,0.995866,0,0.32000,-0.48000,19.200,-0.960,-1,400.000,-1,375.000,-1,325.000,300.000,350.000,250.000,-1,-1,-1,900.000,750.000,650.000,-1,-1,2,0,2,0,2,0,0,0,0,2,2,2,1,0,0,2,2
4,-4202.452,8893.137,-104.223,30.514,0.861684,-0.505891,0.039698,0.507428,0.858352,-0.075822,0.004282,0.085479,0.996331,0,0.40000,-0.60000,24.000,-1.200,-1,400.000,-1,375.000,-1,325.000,300.000,350.000,250.000,-1,-1,-1,975.000,725.000,650.000,-1,-1,2,0,2,0,2,0,0,0,0,2,2,2,1,0,0,2,2
5,-4177.277,8907.127,-103.099,29.074,0.873983,-0.484385,0.039050,0.485956,0.871198,-0.069721,-0.000249,0.079912,0.996802,0,0.48000,-0.72000,28.800,-1.440,-1,375.000,-1,375.000,-1,300.000,300.000,350.000,275.000,-1,-1,-1,-1,700.000,650.000,-1,-1,2,0,2,0,2,0,0,0,0,2,2,2,2,0,0,2,2
6,-4150.148,8921.179,-102.116,27.394,0.887693,-0.458822,0.038510,0.460412,0.885384,-0.064151,-0.004662,0.074677,0.997197,0,0.50918,-0.84000,30.551,-1.680,-1,375.000,-1,375.000,-1,300.000,300.000,350.000,275.000,-1,-1,-1,-1,675.000,650.000,-1,-1,2,0,2,0,2,0,0,0,0,2,2,2,2,0,0,2,2
7,-4121.993,8934.587,-101.344,25.474,0.902480,-0.429045,0.038065,0.430641,0.900564,-0.059439,-0.008778,0.070035,0.997506,0,0.51972,-0.96000,31.183,-1.920,-1,375.000,-1,375.000,-1,300.000,300.000,350.000,275.000,-1,-1,-1,-1,650.000,650.000,-1,-1,2,0,2,0,2,0,0,0,0,2,2,2,2,0,0,2,2
8,-4092.780,8947.269,-100.729,23.474,0.916835,-0.397470,0.037837,0.399066,0.915254,-0.055281,-0.012658,0.065782,0.997754,0,0.53077,-1.00000,31.846,-2.000,-1,375.000,-1,375.000,-1,300.000,300.000,325.000,300.000,-1,-1,-1,-1,625.000,650.000,-1,-1,2,0,2,0,2,0,0,0,0,2,2,2,2,0,0,2,2
9,-4062.511,8959.173,-100.256,21.474,0.930090,-0.365378,0.037839,0.366970,0.928801,-0.051589,-0.016296,0.061868,0.997951,0,0.54208,-1.00000,32.525,-2.000,-1,350.000,-1,375.000,-1,300.000,300.000,325.000,300.000,-1,-1,-1,-1,625.000,650.000,-1,-1,2,0,2,0,2,0,0,0,0,2,2,2,2,0,0,2,2
10,-4031.201,8970.243,-100.571,19.474,0.942282,-0.332766,0.037036,0.334346,0.941058,-0.051203,-0.017815,0.060631,0.998001,0,0.55347,-1.00000,33.208,-2.000,-1,350.000,-1,375.000,-1,300.000,300.000,325.000,300.000,-1,-1,-1,-1,600.000,650.000,-1,-1,2,0,2,0,2,0,0,0,0,2,2,2,2,0,0,2,2
11,-3998.870,8980.421,-101.337,17.474,0.953361,-0.299717,0.035672,0.301282,0.952088,-0.052521,-0.018222,0.060819,0.997982,0,0.56492,-1.00000,33.895,-2.000,-1,350.000,-1,375.000,-1,300.000,300.000,325.000,300.000,-1,-1,-1,-1,600.000,675.000,-1,-1,2,0,2,0,2,0,0,0,0,2,2,2,2,0,0,2,2
12,-3965.539,8989.648,-102.004,15.474,0.963298,-0.266314,0.033672,0.267817,0.961993,-0.053328,-0.018190,0.060388,0.998009,0,0.57640,-1.00000,34.584,-2.000,-1,350.000,-1,375.000,-1,300.000,300.000,325.000,300.000,-1,450.000,-1,-1,600.000,675.000,-1,-1,2,0,2,0,2,0,0,0,0,2,0,2,2,0,0,2,2
13,-3931.236,8997.866,-102.677,13.474,0.972066,-0.232589,0.031464,0.234014,0.970742,-0.053835,-0.018022,0.059694,0.998054,0,0.58788,-1.00000,35.273,-2.000,-1,350.000,-1,375.000,-1,300.000,300.000,300.000,300.000,-1,450.000,-1,-1,600.000,675.000,-1,-1,2,0,2,0,2,0,0,0,0,2,0,2,2,0,0,2,2
14,-3895.994,9005.019,-103.418,11.474,0.979647,-0.198577,0.029308,0.199928,0.978310,-0.054200,-0.017910,0.058956,0.998100,0,0.59933,-1.00000,35.960,-2.000,-1,350.000,-1,375.000,-1,300.000,300.000,300.000,300.000,-1,450.000,-1,-1,600.000,700.000,-1,-1,2,0,2,0,2,0,0,0,0,2,0,2,2,0,0,2,2
15,-3859.849,9011.051,-103.890,9.474,0.986018,-0.164308,0.027787,0.165644,0.984610,-0.055731,-0.018202,0.059554,0.998059,0,0.61074,-1.00000,36.645,-2.000,-1,350.000,-1,375.000,-1,300.000,300.000,300.000,300.000,-1,475.000,-1,-1,625.000,700.000,-1,-1,2,0,2,0,2,0,0,0,0,2,0,2,2,0,0,2,2
16,-3822.840,9015.907,-104.310,7.474,0.991195,-0.129837,0.025976,0.131152,0.989680,-0.057728,-0.018213,0.060626,0.997994,0,0.62209,-1.00000,37.325,-2.000,-1,350.000,-1,375.000,-1,300.000,300.000,300.000,300.000,-1,500.000,400.000,-1,625.000,700.000,-1,-1,2,0,2,0,2,0,0,0,0,2,0,0,2,0,0,2,2
17,-3785.012,9019.533,-104.800,5.474,0.995164,-0.095212,0.024163,0.096506,0.993544,-0.059640,-0.018328,0.061683,0.997927,0,0.63334,-1.00000,38.000,-2.000,-1,350.000,-1,375.000,-1,300.000,300.000,300.000,300.000,-1,525.000,400.000,-1,625.000,725.000,-1,-1,2,0,2,0,2,0,0,0,0,2,0,0,2,0,0,2,2
18,-3746.414,9021.877,-105.366,3.474,0.997919,-0.060476,0.022352,0.061749,0.996198,-0.061457,-0.018550,0.062710,0.997859,0,0.64448,-1.00000,38.669,-2.000,-1,350.000,-1,400.000,-1,300.000,325.000,300.000,300.000,-1,550.000,425.000,-1,625.000,725.000,-1,-1,2,0,2,0,2,0,0,0,0,2,0,0,2,0,0,2,2
19,-3707.096,9022.889,-106.016,1.474,0.999459,-0.025671,0.020552,0.026923,0.997640,-0.063170,-0.018882,0.063690,0.997791,0,0.65550,-1.00000,39.330,-2.000,-1,375.000,-1,400.000,-1,300.000,325.000,300.000,300.000,-1,600.000,450.000,-1,650.000,725.000,-1,-1,2,0,2,0,2,0,0,0,0,2,0,0,2,0,0,2,2
20,-3667.114,9022.523,-106.757,-0.526,0.999782,0.009161,0.018770,-0.007928,0.997869,-0.064769,-0.019324,0.064606,0.997724,0,0.66638,-1.00000,39.983,-2.000,-1,375.000,-1,400.000,-1,300.000,325.000,300.000,300.000,-1,625.000,475.000,-1,650.000,725.000,-1,-1,2,0,2,0,2,0,0,0,0,2,0,0,2,0,0,2,2
21,-3626.526,9020.733,-107.597,-2.526,0.998888,0.043978,0.017016,-0.042762,0.996887,-0.066241,-0.019877,0.065440,0.997659,0,0.67710,-1.00000,40.626,-2.000,-1,375.000,-1,400.000,-1,300.000,325.000,300.000,300.000,-1,650.000,500.000,-1,650.000,750.000,-1,-1,2,0,2,0,2,0,0,0,0,2,0,0,2,0,0,2,2
22,-3585.394,9017.477,-108.544,-4.526,0.996778,0.078738,0.015299,-0.077537,0.994697,-0.067577,-0.020539,0.066173,0.997597,0,0.68765,-1.00000,41.259,-2.000,-1,375.000,-1,400.000,-1,325.000,325.000,300.000,300.000,-1,700.000,525.000,-1,675.000,750.000,-1,-1,2,0,2,0,2,0,0,0,0,2,0,0,2,0,0,2,2
23,-3543.784,9012.718,-109.605,-6.526,0.993456,0.113400,0.013630,-0.112211,0.991302,-0.068766,-0.021310,0.066786,0.997540,0,0.69802,-1.00000,41.881,-2.000,-1,375.000,-1,400.000,-1,325.000,325.000,300.000,300.000,-1,725.000,550.000,-1,675.000,750.000,-1,-1,2,0,2,0,2,0,0,0,0,2,0,0,2,0,0,2,2
24,-3501.761,9006.418,-110.789,-8.526,0.988926,0.147922,0.012021,-0.146742,0.986709,-0.069795,-0.022185,0.067258,0.997489,0,0.70819,-1.00000,42.491,-2.000,-1,375.000,-1,400.000,-1,325.000,325.000,300.000,300.000,-1,775.000,575.000,-1,675.000,750.000,-1,-1,2,0,2,0,2,0,0,0,0,2,0,0,2,0,0,2,2
25,-3464.674,8999.688,-111.929,-10.286,0.983945,0.178154,0.010666,-0.176979,0.981682,-0.070560,-0.023041,0.067539,0.997451,0,0.62819,-0.88000,37.691,-1.760,-1,375.000,-1,400.000,-1,325.000,325.000,300.000,300.000,-1,825.000,600.000,-1,700.000,750.000,-1,-1,2,0,2,0,2,0,0,0,0,2,0,0,2,0,0,2,2
26,-3429.364,8992.307,-113.093,-11.806,0.978899,0.204128,0.009444,-0.202961,0.976596,-0.071184,-0.023754,0.067765,0.997419,0,0.60122,-0.76000,36.073,-1.520,-1,375.000,-1,400.000,-1,325.000,325.000,300.000,300.000,-1,850.000,625.000,-1,700.000,750.000,-1,-1,2,0,2,0,2,0,0,0,0,2,0,0,2,0,0,2,2
27,-3392.019,8983.627,-114.395,-13.086,0.974119,0.225888,0.008222,-0.224738,0.971772,-0.071773,-0.024202,0.068067,0.997387,0,0.63900,-0.64000,38.340,-1.280,-1,375.000,-1,400.000,-1,325.000,325.000,300.000,300.000,-1,875.000,625.000,-1,700.000,750.000,-1,-1,2,0,2,0,2,0,0,0,0,2,0,0,2,0,0,2,2
28,-3354.562,8974.200,-115.721,-14.126,0.969880,0.243480,0.007145,-0.242343,0.967478,-0.072504,-0.024565,0.068589,0.997343,0,0.64374,-0.52000,38.625,-1.040,-1,375.000,-1,400.000,-1,325.000,325.000,300.000,300.000,-1,900.000,650.000,-1,700.000,750.000,-1,-1,2,0,2,0,2,0,0,0,0,2,0,0,2,0,0,2,2
29,-3316.993,8964.187,-116.893,-14.926,0.966407,0.256939,0.006286,-0.255786,0.963886,-0.074137,-0.025108,0.070039,0.997228,0,0.64800,-0.40000,38.880,-0.800,-1,375.000,-1,400.000,-1,325.000,325.000,300.000,300.000,-1,950.000,700.000,-1,725.000,750.000,-1,-1,2,0,2,0,2,0,0,0,0,2,0,0,2,0,0,2,2
30,-3279.302,8953.745,-118.067,-15.486,0.963872,0.266314,0.005207,-0.265169,0.961211,-0.075893,-0.025216,0.071770,0.997102,0,0.65184,-0.28000,39.110,-0.560,-1,375.000,-1,400.000,-1,325.000,325.000,300.000,300.000,-1,1000.000,725.000,-1,725.000,750.000,-1,-1,2,0,2,0,2,0,0,0,0,2,0,0,2,0,0,2,2
31,-3241.467,8943.037,-119.281,-15.806,0.962390,0.271642,0.004111,-0.270517,0.959579,-0.077641,-0.025035,0.073608,0.996973,0,0.65535,-0.16000,39.321,-0.320,-1,400.000,-1,400.000,-1,325.000,325.000,300.000,275.000,-1,1000.000,700.000,-1,725.000,750.000,-1,-1,2,0,2,0,2,0,0,0,0,2,0,0,2,0,0,2,2
32,-3203.458,8932.221,-120.292,-15.886,0.962018,0.272959,0.003896,-0.271818,0.959120,-0.078771,-0.025238,0.074720,0.996885,0,0.65863,-0.04000,39.518,-0.080,-1,400.000,-1,400.000,-1,325.000,325.000,300.000,275.000,-1,-1,750.000,-1,725.000,750.000,-1,-1,2,0,2,0,2,0,0,0,0,2,2,0,2,0,0,2,2
33,-3165.239,8921.459,-121.102,-15.726,0.962777,0.270271,0.003679,-0.269145,0.959846,-0.079096,-0.024908,0.075162,0.996860,0,0.66176,0.08000,39.706,0.160,-1,400.000,-1,400.000,-1,325.000,325.000,300.000,275.000,-1,-1,775.000,-1,725.000,750.000,-1,-1,2,0,2,0,2,0,0,0,0,2,2,0,2,0,0,2,2
34,-3126.766,8910.916,-121.878,-15.326,0.964639,0.263554,0.003390,-0.262467,0.961678,-0.079294,-0.024158,0.075600,0.996846,0,0.66485,0.20000,39.891,0.400,-1,400.000,-1,400.000,-1,325.000,325.000,300.000,300.000,-1,-1,775.000,-1,725.000,750.000,-1,-1,2,0,2,0,2,0,0,0,0,2,2,0,2,0,0,2,2
35,-3088.005,8900.721,-122.640,-14.738,0.967288,0.253660,0.003065,-0.252623,0.964293,-0.079502,-0.023122,0.076127,0.996830,0,0.66800,0.29402,40.080,0.588,-1,400.000,-1,400.000,-1,325.000,325.000,300.000,300.000,-1,-1,775.000,-1,725.000,775.000,-1,-1,2,0,2,0,2,0,0,0,0,2,2,0,2,0,0,2,2
36,-3048.941,8890.889,-123.394,-14.127,0.969933,0.243358,0.002692,-0.242376,0.966900,-0.079737,-0.022008,0.076687,0.996812,0,0.67138,0.30533,40.283,0.611,-1,400.000,-1,400.000,-1,325.000,325.000,300.000,300.000,-1,-1,775.000,-1,750.000,775.000,-1,-1,2,0,2,0,2,0,0,0,0,2,2,0,2,0,0,2,2
37,-3009.546,8881.437,-124.138,-13.493,0.972562,0.232633,0.002272,-0.231712,0.969489,-0.080001,-0.020814,0.077280,0.996792,0,0.67524,0.31701,40.514,0.634,-1,400.000,-1,400.000,-1,325.000,325.000,300.000,300.000,-1,-1,775.000,-1,750.000,775.000,-1,-1,2,0,2,0,2,0,0,0,0,2,2,0,2,0,0,2,2
38,-2969.790,8872.380,-124.871,-12.835,0.975165,0.221471,0.001804,-0.220615,0.972050,-0.080299,-0.019537,0.077906,0.996769,0,0.67958,0.32907,40.775,0.658,-1,400.000,-1,400.000,-1,325.000,325.000,300.000,300.000,-1,-1,775.000,-1,750.000,775.000,-1,-1,2,0,2,0,2,0,0,0,0,2,2,0,2,0,0,2,2
39,-2929.644,8863.736,-125.589,-12.152,0.977731,0.209857,0.001286,-0.209072,0.974570,-0.080633,-0.018175,0.078568,0.996743,0,0.68443,0.34151,41.066,0.683,-1,400.000,-1,400.000,-1,325.000,325.000,300.000,300.000,-1,-1,775.000,-1,750.000,775.000,-1,-1,2,0,2,0,2,0,0,0,0,2,2,0,2,0,0,2,2
40,-2889.079,8855.526,-126.292,-11.443,0.980247,0.197776,0.000719,-0.197069,0.977037,-0.081007,-0.016724,0.079265,0.996713,0,0.68979,0.35434,41.388,0.709,-1,400.000,-1,400.000,-1,325.000,325.000,300.000,300.000,-1,-1,775.000,-1,750.000,800.000,-1,-1,2,0,2,0,2,0,0,0,0,2,2,0,2,0,0,2,2
41,-2843.737,8846.734,-127.077,-10.975,0.981829,0.189766,0.000050,-0.189132,0.978567,-0.081456,-0.015507,0.079967,0.996677,0,0.76979,0.23434,46.188,0.469,-1,400.000,-1,400.000,-1,325.000,325.000,300.000,300.000,-1,975.000,775.000,-1,750.000,800.000,-1,-1,2,0,2,0,2,0,0,0,0,2,0,0,2,0,0,2,2
42,-2793.643,8837.228,-127.958,-10.746,0.982578,0.185849,-0.000714,-0.185281,0.979261,-0.081963,-0.014534,0.080668,0.996635,0,0.84979,0.11434,50.988,0.229,-1,400.000,-1,400.000,-1,325.000,325.000,300.000,300.000,-1,975.000,800.000,-1,750.000,800.000,-1,-1,2,0,2,0,2,0,0,0,0,2,0,0,2,0,0,2,2
43,-2741.247,8827.274,-128.910,-10.757,0.982542,0.186032,-0.001528,-0.185522,0.979172,-0.082482,-0.013848,0.081325,0.996591,0,0.88889,-0.00566,53.333,-0.011,-1,400.000,-1,400.000,-1,325.000,325.000,300.000,300.000,-1,975.000,825.000,-1,750.000,825.000,-1,-1,2,0,2,0,2,0,0,0,0,2,0,0,2,0,0,2,2
44,-2688.754,8817.118,-129.909,-10.951,0.981910,0.189332,-0.002348,-0.188871,0.978490,-0.082973,-0.013412,0.081916,0.996549,0,0.89112,-0.09684,53.467,-0.194,-1,400.000,-1,400.000,-1,325.000,325.000,300.000,300.000,-1,975.000,825.000,-1,775.000,825.000,-1,-1,2,0,2,0,2,0,0,0,0,2,0,0,2,0,0,2,2
45,-2636.145,8806.765,-130.851,-11.134,0.981306,0.192435,-0.002780,-0.191986,0.977803,-0.083921,-0.013431,0.082886,0.996469,0,0.89363,-0.09134,53.618,-0.183,-1,400.000,-1,400.000,-1,325.000,325.000,300.000,300.000,-1,-1,875.000,-1,775.000,825.000,-1,-1,2,0,2,0,2,0,0,0,0,2,2,0,2,0,0,2,2
46,-2583.407,8796.223,-131.820,-11.305,0.980729,0.195347,-0.003038,-0.194898,0.977158,-0.084720,-0.013581,0.083679,0.996400,0,0.89634,-0.08572,53.780,-0.171,-1,400.000,-1,400.000,-1,325.000,325.000,300.000,300.000,-1,-1,925.000,-1,775.000,850.000,-1,-1,2,0,2,0,2,0,0,0,0,2,2,0,2,0,0,2,2
47,-2530.530,8785.498,-132.687,-11.465,0.980185,0.198069,-0.002414,-0.197551,0.976584,-0.085192,-0.014516,0.083981,0.996362,0,0.89924,-0.07997,53.954,-0.160,-1,400.000,-1,400.000,-1,325.000,325.000,300.000,300.000,-1,-1,1000.000,-1,775.000,850.000,-1,-1,2,0,2,0,2,0,0,0,0,2,2,0,2,0,0,2,2
48,-2477.498,8774.600,-133.625,-11.613,0.979675,0.200587,-0.001707,-0.199990,0.976032,-0.085817,-0.015547,0.084414,0.996309,0,0.90233,-0.07409,54.140,-0.148,-1,400.000,-1,400.000,-1,325.000,325.000,300.000,300.000,-1,-1,-1,-1,775.000,850.000,-1,-1,2,0,2,0,2,0,0,0,0,2,2,2,2,0,0,2,2
49,-2424.300,8763.536,-134.599,-11.749,0.979199,0.202898,-0.000988,-0.202222,0.975516,-0.086459,-0.016579,0.084861,0.996255,0,0.90560,-0.06809,54.336,-0.136,-1,400.000,-1,400.000,-1,325.000,325.000,300.000,300.000,-1,-1,-1,-1,775.000,850.000,-1,-1,2,0,2,0,2,0,0,0,0,2,2,2,2,0,0,2,2
50,-2370.964,8752.320,-135.609,-11.876,0.978754,0.205040,-0.000258,-0.204282,0.975028,-0.087118,-0.017612,0.085320,0.996198,0,0.90838,-0.06314,54.503,-0.126,-1,400.000,-1,400.000,-1,325.000,325.000,300.000,300.000,-1,-1,-1,-1,775.000,850.000,-1,-1,2,0,2,0,2,0,0,0,0,2,2,2,2,0,0,2,2
51,-2317.652,8740.986,-136.654,-12.002,0.978303,0.207180,0.000483,-0.206339,0.974534,-0.087793,-0.018659,0.085788,0.996139,0,0.90838,-0.06314,54.503,-0.126,-1,400.000,-1,400.000,-1,325.000,325.000,300.000,300.000,-1,-1,-1,-1,775.000,875.000,-1,-1,2,0,2,0,2,0,0,0,0,2,2,2,2,0,0,2,2
52,-2264.366,8729.535,-137.732,-12.128,0.977847,0.209319,0.001233,-0.208391,0.974035,-0.088483,-0.019722,0.086266,0.996077,0,0.90838,-0.06314,54.503,-0.126,-1,400.000,-1,400.000,-1,325.000,325.000,300.000,300.000,-1,-1,-1,-1,775.000,875.000,-1,-1,2,0,2,0,2,0,0,0,0,2,2,2,2,0,0,2,2
53,-2211.104,8717.967,-138.845,-12.255,0.977385,0.211456,0.001992,-0.210440,0.973530,-0.089189,-0.020799,0.086752,0.996013,0,0.90838,-0.06314,54.503,-0.126,-1,400.000,-1,400.000,-1,325.000,325.000,300.000,300.000,-1,-1,-1,-1,775.000,875.000,-1,-1,2,0,2,0,2,0,0,0,0,2,2,2,2,0,0,2,2
54,-2157.869,8706.281,-139.993,-12.381,0.976919,0.213592,0.002761,-0.212485,0.973019,-0.089911,-0.021891,0.087249,0.995946,0,0.90838,-0.06314,54.503,-0.126,-1,400.000,-1,400.000,-1,325.000,325.000,300.000,300.000,-1,-1,-1,-1,800.000,875.000,-1,-1,2,0,2,0,2,0,0,0,0,2,2,2,2,0,0,2,2
55,-2104.659,8694.478,-141.176,-12.507,0.976447,0.215727,0.003539,-0.214527,0.972502,-0.090649,-0.022998,0.087755,0.995877,0,0.90838,-0.06314,54.503,-0.126,-1,400.000,-1,400.000,-1,325.000,325.000,300.000,300.000,-1,-1,-1,-1,800.000,875.000,-1,-1,2,0,2,0,2,0,0,0,0,2,2,2,2,0,0,2,2
56,-2051.475,8682.558,-142.394,-12.633,0.975970,0.217860,0.004327,-0.216564,0.971980,-0.091405,-0.024120,0.088271,0.995804,0,0.90838,-0.06314,54.503,-0.126,-1,400.000,-1,425.000,-1,325.000,325.000,300.000,300.000,-1,-1,-1,-1,800.000,875.000,-1,-1,2,0,2,0,2,0,0,0,0,2,2,2,2,0,0,2,2
57,-1998.318,8670.520,-143.732,-12.760,0.975486,0.219998,0.005219,-0.218603,0.971481,-0.091851,-0.025277,0.088459,0.995759,0,0.90838,-0.06314,54.503,-0.126,-1,400.000,-1,425.000,-1,325.000,325.000,300.000,300.000,-1,-1,-1,-1,800.000,900.000,-1,-1,2,0,2,0,2,0,0,0,0,2,2,2,2,0,0,2,2
58,-1945.188,8658.365,-145.178,-12.886,0.974994,0.222140,0.006362,-0.220630,0.971002,-0.092075,-0.026631,0.088369,0.995732,0,0.90838,-0.06314,54.503,-0.126,-1,400.000,-1,425.000,-1,325.000,325.000,275.000,300.000,-1,-1,-1,-1,800.000,900.000,-1,-1,2,0,2,0,2,0,0,0,0,2,2,2,2,0,0,2,2
59,-1896.233,8647.268,-146.595,-12.772,0.975427,0.220204,0.007156,-0.218616,0.971403,-0.092641,-0.027351,0.088801,0.995674,0,0.83661,0.05686,50.196,0.114,-1,400.000,-1,425.000,-1,325.000,325.000,275.000,300.000,-1,-1,-1,-1,825.000,900.000,-1,-1,2,0,2,0,2,0,0,0,0,2,2,2,2,0,0,2,2
60,-1847.211,8636.474,-148.240,-12.419,0.976760,0.214177,0.008246,-0.212475,0.972623,-0.094120,-0.028179,0.090181,0.995527,0,0.83661,0.17686,50.196,0.354,-1,400.000,-1,425.000,-1,325.000,325.000,275.000,300.000,-1,-1,-1,-1,825.000,875.000,-1,-1,2,0,2,0,2,0,0,0,0,2,2,2,2,0,0,2,2
61,-1798.080,8626.189,-149.872,-11.825,0.978914,0.204058,0.009353,-0.202257,0.974654,-0.095614,-0.028626,0.091706,0.995375,0,0.83661,0.29686,50.196,0.594,-1,400.000,-1,425.000,-1,325.000,325.000,275.000,275.000,-1,-1,-1,-1,825.000,875.000,-1,-1,2,0,2,0,2,0,0,0,0,2,2,2,2,0,0,2,2
62,-1748.805,8616.621,-151.465,-10.991,0.981762,0.189825,0.010468,-0.187940,0.977367,-0.097117,-0.028666,0.093378,0.995218,0,0.83661,0.41686,50.196,0.834,-1,400.000,-1,425.000,-1,325.000,325.000,275.000,275.000,-1,-1,-1,-1,825.000,875.000,-1,-1,2,0,2,0,2,0,0,0,0,2,2,2,2,0,0,2,2
63,-1699.359,8607.978,-152.994,-9.917,0.985125,0.171448,0.011584,-0.169498,0.980584,-0.098622,-0.028268,0.095191,0.995058,0,0.83661,0.53686,50.196,1.074,-1,400.000,-1,425.000,-1,325.000,325.000,275.000,275.000,-1,-1,-1,-1,825.000,875.000,-1,-1,2,0,2,0,2,0,0,0,0,2,2,2,2,0,0,2,2
64,-1649.728,8600.471,-154.429,-8.604,0.988772,0.148893,0.012692,-0.146900,0.984072,-0.100118,-0.027397,0.097129,0.994895,0,0.83661,0.65686,50.196,1.314,-1,400.000,-1,425.000,-1,325.000,325.000,300.000,275.000,-1,-1,-1,-1,825.000,875.000,-1,-1,2,0,2,0,2,0,0,0,0,2,2,2,2,0,0,2,2
65,-1599.930,8594.175,-155.756,-7.209,0.992077,0.124873,0.013788,-0.122848,0.987210,-0.101608,-0.026299,0.099109,0.994729,0,0.83661,0.69735,50.196,1.395,-1,400.000,-1,425.000,-1,325.000,325.000,300.000,275.000,-1,-1,-1,-1,825.000,875.000,-1,-1,2,0,2,0,2,0,0,0,0,2,2,2,2,0,0,2,2
66,-1549.993,8589.092,-156.967,-5.814,0.994797,0.100787,0.014869,-0.098736,0.989759,-0.103094,-0.025108,0.101090,0.994560,0,0.83661,0.69735,50.196,1.395,-1,400.000,-1,425.000,-1,325.000,325.000,300.000,275.000,-1,-1,-1,-1,825.000,875.000,-1,-1,2,0,2,0,2,0,0,0,0,2,2,2,2,0,0,2,2
67,-1499.947,8585.227,-158.055,-4.420,0.996931,0.076651,0.015932,-0.074579,0.991717,-0.104571,-0.023816,0.103062,0.994390,0,0.83661,0.69735,50.196,1.395,-1,400.000,-1,425.000,-1,325.000,325.000,300.000,275.000,-1,-1,-1,-1,825.000,850.000,-1,-1,2,0,2,0,2,0,0,0,0,2,2,2,2,0,0,2,2
68,-1449.822,8582.581,-159.014,-3.025,0.998478,0.052480,0.016973,-0.050394,0.993085,-0.106034,-0.022420,0.105017,0.994218,0,0.83661,0.69735,50.196,1.395,-1,400.000,-1,425.000,-1,325.000,325.000,300.000,275.000,-1,-1,-1,-1,825.000,850.000,-1,-1,2,0,2,0,2,0,0,0,0,2,2,2,2,0,0,2,2
69,-1394.856,8580.789,-159.944,-1.870,0.999309,0.032450,0.018107,-0.030317,0.993723,-0.107681,-0.021488,0.107058,0.994021,0,0.91661,0.57735,54.996,1.155,-1,400.000,-1,425.000,-1,325.000,325.000,300.000,300.000,-1,-1,-1,-1,825.000,850.000,-1,-1,2,0,2,0,2,0,0,0,0,2,2,2,2,0,0,2,2
70,-1336.908,8579.825,-160.820,-0.956,0.999676,0.016578,0.019300,-0.014369,0.993888,-0.109457,-0.020996,0.109144,0.993804,0,0.96594,0.45735,57.957,0.915,-1,400.000,-1,425.000,-1,325.000,325.000,300.000,300.000,-1,-1,-1,-1,825.000,825.000,-1,-1,2,0,2,0,2,0,0,0,0,2,2,2,2,0,0,2,2
71,-1278.953,8579.543,-162.143,-0.281,0.999777,0.004873,0.020523,-0.002570,0.993844,-0.110762,-0.020937,0.110684,0.993635,0,0.96594,0.33735,57.957,0.675,-1,400.000,-1,425.000,-1,325.000,325.000,300.000,300.000,-1,-1,-1,-1,800.000,800.000,-1,-1,2,0,2,0,2,0,0,0,0,2,2,2,2,0,0,2,2
72,-1220.997,8579.700,-163.769,0.154,0.999754,-0.002667,0.022041,0.005113,0.993732,-0.111675,-0.021605,0.111760,0.993500,0,0.96594,0.21735,57.957,0.435,-1,400.000,-1,425.000,-1,325.000,325.000,300.000,300.000,-1,-1,-1,-1,800.000,775.000,-1,-1,2,0,2,0,2,0,0,0,0,2,2,2,2,0,0,2,2
73,-1163.042,8580.053,-165.387,0.348,0.999704,-0.006043,0.023578,0.008661,0.993609,-0.112546,-0.022747,0.112716,0.993367,0,0.96594,0.09735,57.957,0.195,-1,400.000,-1,400.000,-1,325.000,325.000,300.000,300.000,-1,-1,-1,-1,775.000,775.000,-1,-1,2,0,2,0,2,0,0,0,0,2,2,2,2,0,0,2,2
74,-1104.808,8580.362,-167.028,0.303,0.999670,-0.005257,0.025149,0.008077,0.993517,-0.113396,-0.024390,0.113562,0.993231,0,0.97057,-0.02265,58.234,-0.045,-1,400.000,-1,400.000,-1,325.000,325.000,300.000,300.000,-1,-1,-1,-1,775.000,750.000,-1,-1,2,0,2,0,2,0,0,0,0,2,2,2,2,0,0,2,2
75,-1046.122,8580.381,-168.718,0.018,0.999642,-0.000310,0.026765,0.003367,0.993446,-0.114250,-0.026554,0.114299,0.993091,0,0.97810,-0.14265,58.686,-0.285,-1,400.000,-1,400.000,-1,325.000,325.000,300.000,300.000,-1,-1,-1,-1,750.000,725.000,-1,-1,2,0,2,0,2,0,0,0,0,2,2,2,2,0,0,2,2
76,-986.984,8579.857,-170.482,-0.507,0.999557,0.008798,0.028423,-0.005469,0.993336,-0.115128,-0.029246,0.114922,0.992944,0,0.98565,-0.26265,59.139,-0.525,-1,400.000,-1,400.000,-1,325.000,325.000,300.000,300.000,-1,-1,-1,-1,725.000,700.000,-1,-1,2,0,2,0,2,0,0,0,0,2,2,2,2,0,0,2,2
77,-927.405,8578.533,-172.343,-1.273,0.999303,0.022064,0.030119,-0.018428,0.993072,-0.116056,-0.032471,0.115420,0.992786,0,0.99322,-0.38265,59.593,-0.765,-1,400.000,-1,400.000,-1,325.000,325.000,300.000,300.000,-1,-1,-1,-1,725.000,675.000,-1,-1,2,0,2,0,2,0,0,0,0,2,2,2,2,0,0,2,2
78,-867.451,8576.147,-174.327,-2.278,0.998713,0.039482,0.031838,-0.035504,0.992491,-0.117054,-0.036220,0.115773,0.992615,0,1.00000,-0.50265,60.000,-1.005,-1,375.000,1000.000,375.000,-1,325.000,325.000,300.000,300.000,-1,-1,-1,-1,700.000,650.000,-1,-1,2,0,1,0,2,0,0,0,0,2,2,2,2,0,0,2,2
79,-807.562,8572.459,-176.449,-3.523,0.997572,0.061041,0.033538,-0.056691,0.991379,-0.118129,-0.040460,0.115941,0.992432,0,1.00000,-0.62265,60.000,-1.245,-1,375.000,950.000,375.000,-1,300.000,300.000,300.000,300.000,-1,-1,-1,-1,675.000,650.000,950.000,975.000,2,0,1,0,2,0,0,0,0,2,2,2,2,0,0,1,1
80,-750.048,8567.903,-178.600,-4.529,0.996302,0.078423,0.035109,-0.073737,0.990128,-0.119201,-0.044110,0.116171,0.992249,0,0.96155,-0.50265,57.693,-1.005,-1,375.000,875.000,375.000,-1,300.000,300.000,300.000,300.000,-1,-1,-1,-1,675.000,625.000,875.000,925.000,2,0,1,0,2,0,0,0,0,2,2,2,2,0,0,1,1
81,-692.190,8562.541,-180.855,-5.294,0.995119,0.091637,0.036621,-0.086642,0.988950,-0.120299,-0.047240,0.116539,0.992062,0,0.96840,-0.38265,58.104,-0.765,925.000,375.000,825.000,350.000,1000.000,300.000,300.000,300.000,300.000,-1,-1,-1,-1,650.000,600.000,825.000,875.000,1,0,1,0,1,0,0,0,0,2,2,2,2,0,0,1,1
82,-633.980,8556.609,-183.263,-5.819,0.994285,0.100696,0.035470,-0.095748,0.988029,-0.120961,-0.047226,0.116873,0.992023,0,0.97519,-0.26265,58.511,-0.525,850.000,350.000,775.000,350.000,925.000,300.000,300.000,325.000,300.000,-1,-1,-1,-1,650.000,600.000,750.000,825.000,1,0,1,0,1,0,0,0,0,2,2,2,2,0,0,1,1
83,-575.411,8550.210,-185.043,-6.234,0.993654,0.107858,0.031918,-0.103334,0.987412,-0.119748,-0.044432,0.115690,0.992291,0,0.98195,-0.20729,58.917,-0.415,775.000,375.000,725.000,350.000,875.000,300.000,300.000,325.000,300.000,-1,-1,-1,-1,625.000,600.000,700.000,775.000,1,0,1,0,1,0,0,0,0,2,2,2,2,1,0,1,1
84,-516.491,8543.349,-186.769,-6.641,0.992981,0.114898,0.028045,-0.110848,0.986800,-0.118065,-0.041240,0.114128,0.992610,0,0.98864,-0.20373,59.318,-0.407,700.000,375.000,675.000,350.000,825.000,300.000,300.000,325.000,300.000,-1,-1,-1,-1,575.000,600.000,625.000,725.000,1,0,1,0,1,0,0,0,0,2,2,2,2,1,0,1,1
85,-457.229,8536.028,-188.530,-7.041,0.992262,0.121799,0.024109,-0.118223,0.986152,-0.116312,-0.037941,0.112561,0.992920,0,0.99520,-0.19981,59.712,-0.400,650.000,375.000,625.000,350.000,775.000,300.000,300.000,325.000,300.000,-1,-1,-1,-1,525.000,575.000,575.000,675.000,1,0,1,0,1,0,0,0,0,2,2,2,2,1,1,1,1
86,-397.733,8528.266,-190.321,-7.432,0.991499,0.128549,0.020114,-0.125445,0.985472,-0.114491,-0.034539,0.110995,0.993221,0,1.00000,-0.19550,60.000,-0.391,575.000,375.000,550.000,350.000,725.000,300.000,300.000,325.000,325.000,-1,-1,-1,-1,475.000,525.000,525.000,600.000,1,0,1,0,1,0,0,0,0,2,2,2,2,1,1,1,1
87,-338.290,8520.108,-192.131,-7.813,0.990697,0.135132,0.016077,-0.132495,0.984766,-0.112612,-0.031049,0.109435,0.993509,0,1.00000,-0.19077,60.000,-0.382,500.000,375.000,500.000,350.000,675.000,300.000,300.000,325.000,325.000,-1,-1,-1,-1,425.000,475.000,450.000,550.000,1,1,1,0,1,0,0,0,0,2,2,2,2,1,1,1,1
88,-278.917,8511.454,-193.969,-8.292,0.989595,0.143383,0.011998,-0.141198,0.983776,-0.110675,-0.027672,0.107829,0.993784,0,1.00000,-0.23943,60.000,-0.479,425.000,325.000,450.000,350.000,600.000,300.000,300.000,325.000,325.000,-1,375.000,425.000,-1,375.000,425.000,400.000,500.000,1,1,1,0,1,0,0,0,0,2,0,0,2,1,1,1,1
89,-219.619,8502.303,-195.832,-8.772,0.988405,0.151637,0.007872,-0.149898,0.982712,-0.108666,-0.024214,0.106226,0.994047,0,1.00000,-0.23975,60.000,-0.480,375.000,300.000,400.000,325.000,550.000,275.000,300.000,325.000,325.000,-1,325.000,350.000,-1,325.000,375.000,350.000,450.000,1,1,1,1,1,1,1,0,0,2,0,0,2,1,1,1,1
90,-160.399,8492.655,-197.717,-9.252,0.987128,0.159892,0.003697,-0.158593,0.981574,-0.106584,-0.020671,0.104626,0.994297,0,1.00000,-0.24001,60.000,-0.480,300.000,250.000,350.000,275.000,475.000,225.000,250.000,300.000,325.000,-1,275.000,300.000,-1,275.000,325.000,275.000,400.000,1,1,1,1,1,1,1,0,0,2,0,0,2,1,1,1,1
91,-101.263,8482.511,-199.626,-9.732,0.985762,0.168144,-0.000525,-0.167279,0.980363,-0.104435,-0.017045,0.103036,0.994532,0,1.00000,-0.24020,60.000,-0.480,225.000,200.000,275.000,225.000,400.000,200.000,200.000,300.000,325.000,-1,250.000,275.000,-1,225.000,275.000,225.000,325.000,1,1,1,1,1,1,1,0,0,2,0,0,2,1,1,1,1
92,-42.213,8471.873,-201.407,-10.213,0.984313,0.176379,-0.004384,-0.175888,0.979010,-0.102974,-0.013871,0.102130,0.994674,0,1.00000,-0.24033,60.000,-0.481,175.000,150.000,225.000,200.000,325.000,150.000,175.000,300.000,300.000,-1,225.000,250.000,-1,175.000,225.000,150.000,275.000,1,1,1,1,1,1,1,0,0,2,0,0,2,1,1,1,1
93,16.761,8460.819,-192.008,-10.694,0.981729,0.183559,-0.050142,-0.188873,0.972043,-0.139500,0.023134,0.146421,0.988952,0,1.00000,-0.24040,60.000,-0.481,150.000,150.000,200.000,175.000,300.000,150.000,150.000,425.000,275.000,-1,175.000,125.000,750.000,175.000,200.000,150.000,250.000,1,1,1,1,1,1,1,0,0,2,0,0,0,1,1,1,1
94,75.647,8449.274,-177.914,-11.175,0.976122,0.190736,-0.103953,-0.205654,0.965541,-0.159488,0.069951,0.177058,0.981711,0,1.00000,-0.24041,60.000,-0.481,150.000,150.000,200.000,150.000,300.000,125.000,150.000,575.000,275.000,-1,150.000,75.000,475.000,175.000,175.000,150.000,225.000,1,1,1,1,1,1,1,0,0,2,0,0,0,1,1,1,1
95,8199.146,327.961,-25.339,124.530,-0.566511,-0.823338,0.034353,0.823988,-0.566500,0.010990,0.010413,0.034533,0.999349,1,0.00000,0.00000,60.000,-0.481,600.000,325.000,-1,350.000,-1,275.000,300.000,175.000,325.000,-1,75.000,25.000,450.000,550.000,600.000,625.000,-1,0,0,2,0,2,0,0,1,0,2,1,1,1,0,0,0,2
96,8196.429,331.919,-25.223,124.460,-0.565478,-0.823972,0.036121,0.824692,-0.565462,0.011664,0.010814,0.036385,0.999279,0,0.08000,-0.03484,4.800,-0.070,625.000,325.000,-1,350.000,-1,275.000,275.000,175.000,325.000,-1,75.000,25.000,450.000,550.000,600.000,650.000,-1,0,0,2,0,2,0,0,1,0,2,1,1,1,0,0,0,2
97,8191.005,339.840,-25.052,124.390,-0.564399,-0.824550,0.039642,0.825417,-0.564378,0.012775,0.011839,0.039931,0.999132,0,0.16000,-0.03499,9.600,-0.070,650.000,325.000,-1,350.000,-1,275.000,275.000,175.000,325.000,-1,75.000,25.000,475.000,550.000,600.000,650.000,-1,0,0,2,0,2,0,0,1,0,2,1,1,1,0,0,0,2
98,8182.883,351.731,-24.829,124.320,-0.563258,-0.825065,0.044805,0.826171,-0.563240,0.014226,0.013498,0.045029,0.998894,0,0.24000,-0.03529,14.400,-0.071,675.000,325.000,-1,350.000,-1,275.000,275.000,200.000,325.000,-1,100.000,50.000,475.000,550.000,600.000,700.000,-1,0,0,2,0,2,0,0,1,0,2,1,1,1,0,0,0,2
99,8172.075,367.600,-24.444,124.248,-0.562025,-0.825528,0.051292,0.826963,-0.562046,0.015387,0.016126,0.051065,0.998565,0,0.32000,-0.03577,19.200,-0.072,725.000,325.000,-1,350.000,-1,275.000,275.000,200.000,300.000,-1,125.000,50.000,475.000,550.000,600.000,725.000,-1,0,0,2,0,2,0,0,1,0,2,1,1,1,0,0,0,2
100,8158.588,387.452,-23.927,124.175,-0.560676,-0.825936,0.058922,0.827802,-0.560786,0.016209,0.019655,0.057864,0.998131,0,0.40000,-0.03647,24.000,-0.073,800.000,350.000,-1,350.000,-1,275.000,275.000,200.000,300.000,-1,125.000,75.000,500.000,575.000,600.000,800.000,-1,0,0,2,0,2,0,0,1,0,2,1,1,1,0,0,0,2
101,8142.436,411.297,-23.318,124.100,-0.559186,-0.826292,0.067478,0.828695,-0.559452,0.016666,0.023980,0.065238,0.997582,0,0.48000,-0.03744,28.800,-0.075,900.000,350.000,-1,350.000,-1,300.000,300.000,225.000,275.000,-1,150.000,75.000,500.000,600.000,600.000,900.000,-1,0,0,2,0,2,0,0,1,0,2,1,1,1,0,0,0,2
102,8123.629,439.141,-22.617,124.023,-0.557526,-0.826615,0.076629,0.829648,-0.558043,0.016503,0.029121,0.072776,0.996923,0,0.56000,-0.03872,33.600,-0.077,-1,350.000,-1,350.000,-1,300.000,300.000,250.000,275.000,-1,175.000,100.000,525.000,600.000,600.000,-1,-1,2,0,2,0,2,0,0,1,0,2,1,1,1,0,0,2,2
103,8102.184,470.995,-21.099,123.942,-0.555926,-0.827114,0.082632,0.830576,-0.556684,0.015703,0.033012,0.077362,0.996456,0,0.64000,-0.04039,38.400,-0.081,-1,350.000,-1,350.000,-1,300.000,300.000,250.000,275.000,450.000,200.000,125.000,550.000,625.000,600.000,-1,-1,2,0,2,0,2,0,0,1,0,1,1,1,1,0,0,2,2
104,8078.115,506.869,-18.601,123.857,-0.554493,-0.827908,0.084296,0.831442,-0.555434,0.014010,0.035222,0.077856,0.996342,0,0.72000,-0.04252,43.200,-0.085,-1,350.000,-1,350.000,-1,300.000,300.000,275.000,275.000,450.000,250.000,175.000,575.000,625.000,600.000,-1,-1,2,0,2,0,2,0,0,1,0,1,1,1,1,0,0,2,2
105,8051.436,546.772,-16.101,123.767,-0.552910,-0.828823,0.085685,0.832345,-0.554155,0.010681,0.038630,0.077225,0.996265,0,0.80000,-0.04517,48.000,-0.090,-1,375.000,-1,350.000,-1,300.000,300.000,300.000,275.000,425.000,300.000,225.000,625.000,625.000,625.000,-1,-1,2,0,2,0,2,0,0,1,0,1,1,1,1,0,0,2,2
106,8023.162,589.217,-13.763,123.670,-0.551166,-0.829886,0.086635,0.833270,-0.552838,0.005510,0.043322,0.075228,0.996225,0,0.84999,-0.04843,50.999,-0.097,-1,375.000,-1,350.000,-1,300.000,300.000,325.000,275.000,400.000,325.000,250.000,650.000,650.000,625.000,-1,-1,2,0,2,0,2,0,0,1,0,1,1,1,1,0,0,2,2
107,7995.128,631.470,-11.774,123.566,-0.549275,-0.831095,0.087056,0.834201,-0.551459,-0.001250,0.049046,0.071936,0.996203,0,0.84511,-0.05223,50.706,-0.104,-1,375.000,-1,375.000,-1,300.000,300.000,350.000,275.000,400.000,350.000,275.000,675.000,650.000,650.000,-1,-1,2,0,2,0,2,0,0,0,0,1,1,1,1,0,0,2,2
108,7967.313,673.576,-10.117,123.453,-0.547245,-0.832446,0.086925,0.835108,-0.550001,-0.009632,0.055827,0.067321,0.996168,0,0.84104,-0.05633,50.462,-0.113,-1,375.000,-1,375.000,-1,300.000,300.000,325.000,300.000,375.000,375.000,300.000,700.000,675.000,675.000,-1,-1,2,0,2,0,2,0,0,0,0,1,1,1,1,0,0,2,2
109,7938.155,717.891,-8.657,123.349,-0.545295,-0.833770,0.086492,0.835771,-0.548704,-0.020247,0.064340,0.061247,0.996047,0,0.88410,-0.05200,53.046,-0.104,-1,375.000,-1,375.000,-1,300.000,325.000,300.000,300.000,350.000,375.000,325.000,725.000,700.000,725.000,-1,-1,2,0,2,0,2,0,0,0,0,1,1,1,1,0,0,2,2
110,7909.168,762.130,-6.372,123.235,-0.543213,-0.834997,0.087749,0.836592,-0.547138,-0.027466,0.070945,0.058490,0.995764,0,0.88148,-0.05690,52.889,-0.114,-1,375.000,-1,400.000,-1,325.000,325.000,300.000,300.000,375.000,375.000,325.000,750.000,700.000,775.000,-1,-1,2,0,2,0,2,0,0,0,0,1,1,1,1,0,0,2,2
111,7880.335,806.337,-2.719,123.111,-0.541048,-0.836043,0.091096,0.837816,-0.545238,-0.027926,0.073016,0.061213,0.995450,0,0.87964,-0.06206,52.778,-0.124,-1,375.000,-1,400.000,-1,325.000,325.000,300.000,300.000,400.000,425.000,375.000,775.000,725.000,800.000,-1,-1,2,0,2,0,2,0,0,0,0,1,1,1,1,0,0,2,2
112,7851.642,850.555,0.928,122.976,-0.538721,-0.837185,0.094346,0.839139,-0.543176,-0.028374,0.075001,0.063884,0.995135,0,0.87852,-0.06747,52.711,-0.135,-1,375.000,-1,400.000,-1,325.000,325.000,300.000,300.000,425.000,475.000,400.000,825.000,750.000,825.000,-1,-1,2,0,2,0,2,0,0,0,0,1,1,1,1,0,0,2,2
113,7823.077,894.823,4.523,122.830,-0.536255,-0.838436,0.097242,0.840560,-0.540953,-0.028787,0.076740,0.066301,0.994844,0,0.87807,-0.07311,52.684,-0.146,-1,400.000,-1,400.000,-1,325.000,325.000,300.000,300.000,450.000,450.000,450.000,850.000,775.000,825.000,-1,-1,2,0,2,0,2,0,0,0,0,1,1,1,1,0,0,2,2
114,7794.631,939.180,8.474,122.672,-0.533826,-0.839872,0.098210,0.842058,-0.538607,-0.029003,0.077256,0.067216,0.994743,0,0.87824,-0.07896,52.694,-0.158,-1,400.000,-1,400.000,-1,325.000,325.000,300.000,300.000,500.000,475.000,475.000,875.000,775.000,850.000,-1,-1,2,0,2,0,2,0,0,0,0,1,1,1,1,0,0,2,2
115,7766.291,983.659,12.466,122.502,-0.531257,-0.841429,0.098808,0.843658,-0.536089,-0.029170,0.077514,0.067863,0.994679,0,0.87899,-0.08501,52.740,-0.170,-1,400.000,-1,400.000,-1,325.000,325.000,300.000,300.000,525.000,525.000,525.000,900.000,800.000,875.000,-1,-1,2,0,2,0,2,0,0,0,0,1,1,1,1,0,0,2,2
116,7738.053,1028.293,16.452,122.319,-0.528516,-0.843100,0.099261,0.845364,-0.533385,-0.029308,0.077654,0.068422,0.994630,0,0.88028,-0.09125,52.817,-0.182,-1,400.000,-1,400.000,-1,325.000,325.000,300.000,300.000,575.000,550.000,575.000,950.000,800.000,875.000,-1,-1,2,0,2,0,2,0,0,0,0,1,1,1,1,0,0,2,2
117,7709.910,1073.114,20.433,122.124,-0.525597,-0.844887,0.099571,0.847180,-0.530491,-0.029417,0.077676,0.068893,0.994596,0,0.88206,-0.09767,52.924,-0.195,-1,400.000,-1,400.000,-1,325.000,325.000,300.000,300.000,600.000,600.000,625.000,975.000,825.000,900.000,-1,-1,2,0,2,0,2,0,0,0,0,1,1,1,1,0,0,2,2
118,7681.860,1118.151,24.409,121.916,-0.522495,-0.846789,0.099737,0.849106,-0.527398,-0.029494,0.077577,0.069277,0.994577,0,0.88430,-0.10426,53.058,-0.209,-1,400.000,-1,425.000,-1,325.000,325.000,300.000,300.000,650.000,650.000,675.000,-1,875.000,900.000,-1,-1,2,0,2,0,2,0,0,0,0,1,1,1,2,0,0,2,2
119,7653.900,1163.433,28.367,121.694,-0.519195,-0.848805,0.099832,0.851144,-0.524100,-0.029547,0.077402,0.069631,0.994565,0,0.88697,-0.11101,53.218,-0.222,-1,400.000,-1,425.000,-1,325.000,325.000,275.000,300.000,700.000,700.000,750.000,-1,900.000,925.000,-1,-1,2,0,2,0,2,0,0,0,0,1,1,1,2,0,0,2,2
120,7626.031,1208.986,32.317,121.458,-0.515696,-0.850938,0.099811,0.853294,-0.520591,-0.029568,0.077122,0.069920,0.994567,0,0.89003,-0.11792,53.402,-0.236,-1,400.000,-1,425.000,-1,325.000,325.000,275.000,300.000,725.000,750.000,800.000,-1,925.000,925.000,-1,-1,2,0,2,0,2,0,0,0,0,1,1,1,2,0,0,2,2
121,7600.664,1250.442,35.840,121.462,-0.515777,-0.850870,0.099971,0.853292,-0.520635,-0.028851,0.076597,0.070424,0.994572,0,0.81003,0.00208,48.602,0.004,-1,400.000,-1,425.000,-1,325.000,350.000,275.000,300.000,775.000,800.000,850.000,-1,950.000,925.000,-1,-1,2,0,2,0,2,0,0,0,0,1,1,1,2,0,0,2,2
122,7577.643,1287.705,38.945,121.706,-0.519442,-0.848571,0.100537,0.851166,-0.524211,-0.026843,0.075480,0.071630,0.994571,0,0.73003,0.12208,43.802,0.244,-1,400.000,-1,425.000,-1,325.000,350.000,275.000,300.000,800.000,875.000,900.000,-1,950.000,900.000,-1,-1,2,0,2,0,2,0,0,0,0,1,1,1,2,0,0,2,2
123,7556.865,1320.711,41.693,122.190,-0.526642,-0.844067,0.100987,0.846793,-0.531335,-0.025007,0.074766,0.072345,0.994573,0,0.65003,0.24208,39.002,0.484,-1,400.000,-1,425.000,-1,325.000,350.000,300.000,300.000,850.000,950.000,950.000,-1,950.000,900.000,-1,-1,2,0,2,0,2,0,0,0,0,1,1,1,2,0,0,2,2
124,7538.281,1349.422,44.100,122.914,-0.537318,-0.837270,0.101329,0.840085,-0.541951,-0.023354,0.074469,0.072577,0.994579,0,0.57003,0.36208,34.202,0.724,-1,400.000,-1,425.000,-1,325.000,350.000,300.000,300.000,875.000,-1,1000.000,-1,975.000,900.000,-1,-1,2,0,2,0,2,0,0,0,0,1,2,1,2,0,0,2,2
125,7521.892,1373.831,46.176,123.878,-0.551380,-0.828048,0.101571,0.830912,-0.555973,-0.021897,0.074602,0.072323,0.994587,0,0.49003,0.48208,29.402,0.964,-1,400.000,-1,425.000,-1,325.000,350.000,300.000,300.000,900.000,-1,-1,-1,975.000,900.000,-1,-1,2,0,2,0,2,0,0,0,0,1,2,2,2,0,0,2,2
126,7507.753,1393.963,47.941,125.083,-0.568707,-0.816229,0.101699,0.819094,-0.573285,-0.020724,0.075219,0.071515,0.994599,0,0.41003,0.60208,24.602,1.204,-1,400.000,-1,425.000,-1,325.000,350.000,300.000,300.000,925.000,-1,-1,-1,975.000,875.000,-1,-1,2,0,2,0,2,0,0,0,0,1,2,2,2,0,0,2,2
127,7495.968,1409.875,49.379,126.527,-0.589142,-0.801600,0.101729,0.804417,-0.593733,-0.019870,0.076328,0.070126,0.994614,0,0.33003,0.72208,19.802,1.444,-1,400.000,-1,425.000,-1,325.000,325.000,300.000,300.000,925.000,-1,-1,-1,975.000,875.000,-1,-1,2,0,2,0,2,0,0,0,0,1,2,2,2,0,0,2,2
128,7486.717,1421.683,50.483,128.082,-0.610715,-0.785293,0.101698,0.788026,-0.615339,-0.019295,0.077731,0.068357,0.994628,0,0.25003,0.77737,15.002,1.555,-1,400.000,-1,425.000,-1,325.000,325.000,300.000,300.000,950.000,-1,-1,-1,1000.000,875.000,-1,-1,2,0,2,0,2,0,0,0,0,1,2,2,2,0,0,2,2
129,7480.212,1429.541,51.249,129.632,-0.631781,-0.768453,0.101645,0.771084,-0.636451,-0.018952,0.079256,0.066404,0.994640,0,0.17003,0.77542,10.202,1.551,-1,400.000,-1,425.000,-1,325.000,325.000,300.000,300.000,950.000,-1,-1,-1,1000.000,875.000,-1,-1,2,0,2,0,2,0,0,0,0,1,2,2,2,0,0,2,2
130,7476.657,1433.607,51.656,131.181,-0.652346,-0.751082,0.101590,0.753591,-0.657073,-0.018841,0.080903,0.064267,0.994648,0,0.09003,0.77411,5.402,1.548,-1,400.000,-1,425.000,-1,325.000,325.000,300.000,300.000,975.000,-1,1000.000,-1,1000.000,875.000,-1,-1,2,0,2,0,2,0,0,0,0,1,2,0,2,0,0,2,2
131,7476.251,1434.049,51.689,132.727,-0.672411,-0.733179,0.101548,0.735547,-0.677209,-0.018966,0.082675,0.061940,0.994650,0,0.01003,0.77343,0.602,1.547,-1,400.000,-1,425.000,-1,325.000,325.000,300.000,300.000,975.000,-1,975.000,-1,1000.000,875.000,-1,-1,2,0,2,0,2,0,0,0,0,1,2,0,2,0,0,2,2
132,7479.183,1431.044,51.327,134.274,-0.691979,-0.714743,0.101531,0.716948,-0.696859,-0.019329,0.084568,0.059417,0.994645,0,-0.06997,0.77336,-4.198,1.547,-1,400.000,-1,425.000,-1,325.000,325.000,300.000,300.000,975.000,-1,925.000,-1,1000.000,875.000,-1,-1,2,0,2,0,2,0,0,0,0,1,2,0,2,0,0,2,2
133,7485.639,1424.774,50.552,135.822,-0.711050,-0.695771,0.101545,0.697791,-0.716024,-0.019933,0.086578,0.056684,0.994631,0,-0.14997,0.77386,-8.998,1.548,-1,400.000,-1,425.000,-1,325.000,325.000,300.000,300.000,975.000,1000.000,850.000,-1,1000.000,875.000,-1,-1,2,0,2,0,2,0,0,0,0,1,0,0,2,0,0,2,2
134,7495.793,1415.430,49.374,137.372,-0.729625,-0.676257,0.101606,0.678083,-0.734696,-0.020639,0.088607,0.053839,0.994611,0,-0.22997,0.77491,-13.798,1.550,-1,400.000,-1,425.000,-1,325.000,325.000,300.000,300.000,975.000,925.000,800.000,-1,1000.000,900.000,-1,-1,2,0,2,0,2,0,0,0,0,1,0,0,2,0,0,2,2
