timestep,x_cm,y_cm,z_cm,yaw_deg,basis_xx,basis_xy,basis_xz,basis_yx,basis_yy,basis_yz,basis_zx,basis_zy,basis_zz,teleport_flag,throttle_cmd,steering_cmd,cmd_move_cm,cmd_turn_deg,lidar_cm_0,lidar_cm_1,lidar_cm_2,lidar_cm_3,lidar_cm_4,lidar_cm_5,lidar_cm_6,lidar_cm_7,lidar_cm_8,lidar_cm_9,lidar_cm_10,lidar_cm_11,lidar_cm_12,lidar_cm_13,lidar_cm_14,lidar_cm_15,lidar_cm_16,lidar_class_0,lidar_class_1,lidar_class_2,lidar_class_3,lidar_class_4,lidar_class_5,lidar_class_6,lidar_class_7,lidar_class_8,lidar_class_9,lidar_class_10,lidar_class_11,lidar_class_12,lidar_class_13,lidar_class_14,lidar_class_15,lidar_class_16
0,-5571.544,-4916.666,24.819,35.983,0.809213,-0.587214,-0.018821,0.587514,0.808735,0.027837,-0.001125,-0.033583,0.999435,1,0.08000,-0.12000,4.800,-0.240,-1,400.000,-1,400.000,-1,325.000,325.000,325.000,325.000,-1,-1,-1,-1,750.000,700.000,-1,-1,2,0,2,0,2,0,0,0,0,2,2,2,2,0,0,2,2
1,-5563.729,-4911.090,24.797,35.503,0.814100,-0.580412,-0.019055,0.580724,0.813617,0.028037,-0.000770,-0.033890,0.999425,0,0.16000,-0.24000,9.600,-0.480,-1,400.000,-1,400.000,-1,325.000,325.000,325.000,325.000,-1,-1,-1,-1,750.000,700.000,-1,-1,2,0,2,0,2,0,0,0,0,2,2,2,2,0,0,2,2
2,-5551.902,-4902.875,24.766,34.783,0.821323,-0.570134,-0.019366,0.570463,0.820835,0.028322,-0.000251,-0.034309,0.999411,0,0.24000,-0.36000,14.400,-0.720,-1,400.000,-1,400.000,-1,325.000,325.000,325.000,325.000,-1,-1,-1,-1,750.000,700.000,-1,-1,2,0,2,0,2,0,0,0,0,2,2,2,2,0,0,2,2
3,-5535.993,-4892.125,24.718,34.049,0.828553,-0.559567,-0.019616,0.559910,0.828058,0.028651,0.000211,-0.034722,0.999397,0,0.32000,-0.36692,19.200,-0.734,-1,400.000,-1,375.000,-1,325.000,325.000,325.000,325.000,-1,-1,-1,-1,750.000,700.000,-1,-1,2,0,2,0,2,0,0,0,0,2,2,2,2,0,0,2,2
4,-5515.938,-4878.943,24.677,33.316,0.835638,-0.548921,-0.019868,0.549280,0.835134,0.029033,0.000655,-0.035174,0.999381,0,0.40000,-0.36644,24.000,-0.733,-1,400.000,-1,375.000,-1,325.000,325.000,325.000,325.000,-1,-1,-1,-1,725.000,700.000,-1,-1,2,0,2,0,2,0,0,0,0,2,2,2,2,0,0,2,2
5,-5491.671,-4863.432,24.652,32.585,0.842575,-0.538203,-0.020122,0.538577,0.842061,0.029458,0.001090,-0.035658,0.999363,0,0.48000,-0.36583,28.800,-0.732,-1,400.000,-1,375.000,-1,325.000,325.000,325.000,325.000,-1,-1,-1,-1,725.000,700.000,-1,-1,2,0,2,0,2,0,0,0,0,2,2,2,2,0,0,2,2
6,-5463.131,-4845.699,24.654,31.855,0.849361,-0.527419,-0.020380,0.527810,0.848835,0.029914,0.001522,-0.036165,0.999345,0,0.56000,-0.36507,33.600,-0.730,-1,400.000,-1,375.000,-1,325.000,325.000,325.000,325.000,-1,-1,-1,-1,725.000,700.000,-1,-1,2,0,2,0,2,0,0,0,0,2,2,2,2,0,0,2,2
7,-5430.260,-4825.849,24.696,31.126,0.855992,-0.516577,-0.020646,0.516986,0.855454,0.030391,0.001962,-0.036688,0.999325,0,0.64000,-0.36415,38.400,-0.728,-1,400.000,-1,375.000,-1,325.000,325.000,325.000,325.000,-1,-1,-1,-1,700.000,675.000,-1,-1,2,0,2,0,2,0,0,0,0,2,2,2,2,0,0,2,2
8,-5396.708,-4806.164,24.777,30.400,0.862464,-0.505686,-0.020909,0.506113,0.861916,0.030826,0.002433,-0.037168,0.999306,0,0.64833,-0.36302,38.900,-0.726,-1,400.000,-1,375.000,-1,325.000,325.000,325.000,325.000,-1,-1,-1,-1,700.000,675.000,-1,-1,2,0,2,0,2,0,0,0,0,2,2,2,2,0,0,2,2
9,-5362.960,-4786.933,24.892,29.677,0.868776,-0.494753,-0.021171,0.495197,0.868220,0.031195,0.002947,-0.037585,0.999289,0,0.64738,-0.36181,38.843,-0.724,-1,375.000,-1,375.000,-1,325.000,300.000,325.000,325.000,-1,-1,-1,-1,675.000,675.000,-1,-1,2,0,2,0,2,0,0,0,0,2,2,2,2,0,0,2,2
10,-5329.020,-4768.154,25.042,28.956,0.874926,-0.483782,-0.021434,0.484244,0.874366,0.031500,0.003502,-0.037940,0.999274,0,0.64648,-0.36051,38.789,-0.721,-1,375.000,-1,375.000,-1,300.000,300.000,325.000,325.000,-1,-1,-1,-1,675.000,675.000,-1,-1,2,0,2,0,2,0,0,0,0,2,2,2,2,0,0,2,2
11,-5294.891,-4749.825,25.380,28.237,0.880903,-0.472767,-0.022382,0.473274,0.880332,0.032035,0.004558,-0.038812,0.999236,0,0.64564,-0.35915,38.739,-0.718,-1,375.000,-1,375.000,-1,300.000,300.000,325.000,325.000,-1,-1,-1,-1,675.000,675.000,-1,-1,2,0,2,0,2,0,0,0,0,2,2,2,2,0,0,2,2
12,-5260.578,-4731.946,25.791,27.522,0.886714,-0.461721,-0.023497,0.462282,0.886133,0.032602,0.005769,-0.039771,0.999192,0,0.64487,-0.35770,38.692,-0.715,-1,375.000,-1,375.000,-1,300.000,300.000,325.000,325.000,-1,-1,-1,-1,675.000,675.000,-1,-1,2,0,2,0,2,0,0,0,0,2,2,2,2,0,0,2,2
13,-5226.083,-4714.514,26.234,26.809,0.892361,-0.450651,-0.024615,0.451268,0.891773,0.033135,0.007019,-0.040676,0.999148,0,0.64416,-0.35619,38.649,-0.712,-1,375.000,-1,375.000,-1,300.000,300.000,325.000,325.000,-1,-1,-1,-1,650.000,675.000,-1,-1,2,0,2,0,2,0,0,0,0,2,2,2,2,0,0,2,2
14,-5191.410,-4697.527,26.710,26.100,0.897843,-0.439563,-0.025734,0.440237,0.897251,0.033634,0.008306,-0.041527,0.999103,0,0.64351,-0.35461,38.610,-0.709,-1,375.000,-1,375.000,-1,300.000,300.000,325.000,325.000,-1,-1,-1,-1,650.000,675.000,-1,-1,2,0,2,0,2,0,0,0,0,2,2,2,2,0,0,2,2
15,-5156.562,-4680.984,27.220,25.394,0.903161,-0.428461,-0.026850,0.429194,0.902569,0.034098,0.009624,-0.042320,0.999058,0,0.64292,-0.35295,38.575,-0.706,-1,375.000,-1,375.000,-1,300.000,300.000,325.000,325.000,-1,-1,-1,-1,650.000,675.000,-1,-1,2,0,2,0,2,0,0,0,0,2,2,2,2,0,0,2,2
16,-5121.542,-4664.882,27.767,24.692,0.908316,-0.417351,-0.027938,0.418141,0.907726,0.034517,0.010954,-0.043034,0.999014,0,0.64240,-0.35123,38.544,-0.702,-1,375.000,-1,375.000,-1,300.000,300.000,300.000,325.000,-1,-1,-1,-1,650.000,675.000,-1,-1,2,0,2,0,2,0,0,0,0,2,2,2,2,0,0,2,2
17,-5086.353,-4649.221,28.465,23.993,0.913299,-0.406245,-0.029157,0.407092,0.912743,0.034306,0.012677,-0.043201,0.998986,0,0.64194,-0.34945,38.517,-0.699,-1,375.000,-1,375.000,-1,300.000,300.000,300.000,325.000,-1,-1,-1,-1,650.000,675.000,-1,-1,2,0,2,0,2,0,0,0,0,2,2,2,2,0,0,2,2
18,-5050.998,-4633.996,29.327,23.298,0.918109,-0.395148,-0.030550,0.396049,0.917622,0.033404,0.014834,-0.042768,0.998975,0,0.64155,-0.34759,38.493,-0.695,-1,375.000,-1,375.000,-1,300.000,300.000,300.000,325.000,-1,775.000,-1,-1,650.000,675.000,-1,-1,2,0,2,0,2,0,0,0,0,2,0,2,2,0,0,2,2
19,-5015.480,-4619.208,30.241,22.606,0.922756,-0.384056,-0.031978,0.385007,0.922345,0.032381,0.017059,-0.042192,0.998964,0,0.64123,-0.34568,38.474,-0.691,-1,375.000,-1,375.000,-1,300.000,300.000,325.000,325.000,-1,600.000,1000.000,-1,650.000,675.000,-1,-1,2,0,2,0,2,0,0,0,0,2,0,0,2,0,0,2,2
20,-4979.802,-4604.852,31.187,21.919,0.927240,-0.372973,-0.033419,0.373970,0.926911,0.031334,0.019290,-0.041552,0.998950,0,0.64097,-0.34370,38.458,-0.687,-1,375.000,-1,375.000,-1,300.000,300.000,325.000,325.000,-1,575.000,700.000,-1,650.000,675.000,-1,-1,2,0,2,0,2,0,0,0,0,2,0,0,2,0,0,2,2
21,-4948.377,-4592.795,32.054,20.992,0.933103,-0.357932,-0.034680,0.358967,0.932854,0.030433,0.021458,-0.040846,0.998935,0,0.56097,-0.46370,33.658,-0.927,-1,375.000,-1,375.000,-1,300.000,300.000,325.000,325.000,-1,550.000,475.000,-1,650.000,675.000,-1,-1,2,0,2,0,2,0,0,0,0,2,0,0,2,0,0,2,2
22,-4921.228,-4583.008,32.835,19.824,0.940156,-0.338863,-0.035753,0.339929,0.939982,0.029699,0.023543,-0.040075,0.998919,0,0.48097,-0.58370,28.858,-1.167,-1,375.000,-1,375.000,-1,300.000,300.000,325.000,325.000,-1,550.000,450.000,-1,650.000,675.000,-1,-1,2,0,2,0,2,0,0,0,0,2,0,0,2,0,0,2,2
23,-4898.402,-4575.408,33.451,18.417,0.948152,-0.315687,-0.036740,0.316775,0.948062,0.028856,0.025722,-0.038998,0.998908,0,0.40097,-0.70370,24.058,-1.407,-1,375.000,-1,375.000,-1,300.000,300.000,325.000,325.000,-1,525.000,450.000,-1,650.000,675.000,-1,-1,2,0,2,0,2,0,0,0,0,2,0,0,2,0,0,2,2
24,-4879.962,-4569.852,33.953,16.769,0.956799,-0.288314,-0.037552,0.289417,0.956788,0.028184,0.027804,-0.037835,0.998897,0,0.32097,-0.82370,19.258,-1.647,-1,375.000,-1,375.000,-1,300.000,300.000,325.000,325.000,-1,525.000,450.000,-1,650.000,675.000,-1,-1,2,0,2,0,2,0,0,0,0,2,0,0,2,0,0,2,2
25,-4865.988,-4566.140,34.340,14.882,0.965749,-0.256657,-0.038163,0.257769,0.965808,0.027751,0.029736,-0.036638,0.998886,0,0.24097,-0.94370,14.458,-1.887,-1,375.000,-1,375.000,-1,300.000,300.000,325.000,325.000,-1,550.000,450.000,-1,650.000,675.000,-1,-1,2,0,2,0,2,0,0,0,0,2,0,0,2,0,0,2,2
26,-4856.572,-4563.987,34.599,12.882,0.974100,-0.222804,-0.038568,0.223921,0.974218,0.027539,0.031438,-0.035462,0.998876,0,0.16097,-1.00000,9.658,-2.000,-1,375.000,-1,375.000,-1,300.000,325.000,325.000,325.000,-1,550.000,450.000,-1,650.000,675.000,-1,-1,2,0,2,0,2,0,0,0,0,2,0,0,2,0,0,2,2
27,-4851.801,-4563.070,34.718,10.882,0.981274,-0.188675,-0.038766,0.189794,0.981438,0.027523,0.032853,-0.034365,0.998869,0,0.08097,-1.00000,4.858,-2.000,-1,375.000,-1,375.000,-1,300.000,325.000,300.000,325.000,-1,575.000,475.000,-1,650.000,675.000,-1,-1,2,0,2,0,2,0,0,0,0,2,0,0,2,0,0,2,2
28,-4851.743,-4563.062,34.685,8.882,0.987261,-0.154314,-0.038759,0.155432,0.987459,0.027684,0.034001,-0.033356,0.998865,0,0.00097,-1.00000,0.058,-2.000,-1,375.000,-1,375.000,-1,300.000,325.000,300.000,325.000,-1,600.000,500.000,-1,650.000,700.000,-1,-1,2,0,2,0,2,0,0,0,0,2,0,0,2,0,0,2,2
29,-4856.451,-4563.630,34.490,6.882,0.992054,-0.119762,-0.038553,0.120876,0.992273,0.028003,0.034901,-0.032441,0.998864,0,-0.07903,-1.00000,-4.742,-2.000,-1,375.000,-1,375.000,-1,300.000,325.000,300.000,325.000,-1,650.000,525.000,-1,650.000,700.000,-1,-1,2,0,2,0,2,0,0,0,0,2,0,0,2,0,0,2,2
30,-4865.957,-4564.443,34.133,4.882,0.995644,-0.085061,-0.038181,0.086171,0.995875,0.028417,0.035606,-0.031583,0.998867,0,-0.15903,-1.00000,-9.542,-2.000,-1,375.000,-1,375.000,-1,300.000,325.000,300.000,325.000,-1,700.000,550.000,-1,650.000,700.000,-1,-1,2,0,2,0,2,0,0,0,0,2,0,0,2,0,0,2,2
31,-4880.281,-4565.164,33.613,2.882,0.998025,-0.050255,-0.037680,0.051357,0.998263,0.028878,0.036163,-0.030756,0.998873,0,-0.23903,-1.00000,-14.342,-2.000,-1,375.000,-1,400.000,-1,300.000,325.000,300.000,325.000,-1,775.000,600.000,-1,650.000,700.000,-1,-1,2,0,2,0,2,0,0,0,0,2,0,0,2,0,0,2,2
32,-4899.420,-4565.459,32.903,0.882,0.999196,-0.015386,-0.037013,0.016480,0.999431,0.029440,0.036539,-0.030026,0.998881,0,-0.31903,-1.00000,-19.142,-2.000,-1,375.000,-1,400.000,-1,300.000,325.000,300.000,325.000,-1,875.000,675.000,-1,650.000,700.000,-1,-1,2,0,2,0,2,0,0,0,0,2,0,0,2,0,0,2,2
33,-4923.357,-4564.992,31.995,-1.118,0.999154,0.019503,-0.036193,-0.018418,0.999378,0.030083,0.036758,-0.029391,0.998892,0,-0.39903,-1.00000,-23.942,-2.000,-1,375.000,-1,400.000,-1,300.000,325.000,300.000,325.000,-1,1000.000,775.000,-1,650.000,725.000,-1,-1,2,0,2,0,2,0,0,0,0,2,0,0,2,0,0,2,2
34,-4951.097,-4563.481,30.915,-3.118,0.997898,0.054370,-0.035266,-0.053294,0.998105,0.030765,0.036871,-0.028821,0.998904,0,-0.46301,-1.00000,-27.781,-2.000,-1,375.000,-1,400.000,-1,300.000,325.000,300.000,325.000,-1,-1,900.000,-1,650.000,725.000,-1,-1,2,0,2,0,2,0,0,0,0,2,2,0,2,0,0,2,2
35,-4978.552,-4561.023,29.809,-5.118,0.995423,0.089172,-0.034377,-0.088106,0.995617,0.031375,0.037024,-0.028203,0.998916,0,-0.45942,-1.00000,-27.565,-2.000,-1,375.000,-1,400.000,-1,300.000,325.000,300.000,325.000,-1,-1,1000.000,-1,650.000,725.000,-1,-1,2,0,2,0,2,0,0,0,0,2,2,0,2,0,0,2,2
36,-5005.695,-4557.633,28.682,-7.118,0.991733,0.123866,-0.033521,-0.122811,0.991917,0.031898,0.037201,-0.027518,0.998929,0,-0.45591,-1.00000,-27.354,-2.000,-1,375.000,-1,400.000,-1,300.000,325.000,300.000,325.000,-1,-1,-1,-1,650.000,725.000,-1,-1,2,0,2,0,2,0,0,0,0,2,2,2,2,0,0,2,2
37,-5032.503,-4553.331,27.525,-9.118,0.986831,0.158412,-0.032719,-0.157367,0.987010,0.032363,0.037420,-0.026788,0.998941,0,-0.45251,-1.00000,-27.151,-2.000,-1,375.000,-1,400.000,-1,300.000,325.000,300.000,325.000,-1,-1,-1,-1,650.000,750.000,-1,-1,2,0,2,0,2,0,0,0,0,2,2,2,2,0,0,2,2
38,-5058.953,-4548.133,26.339,-11.118,0.980724,0.192765,-0.031972,-0.191731,0.980900,0.032771,0.037678,-0.026010,0.998951,0,-0.44927,-1.00000,-26.956,-2.000,-1,375.000,-1,400.000,-1,300.000,325.000,300.000,325.000,-1,-1,-1,-1,675.000,750.000,-1,-1,2,0,2,0,2,0,0,0,0,2,2,2,2,0,0,2,2
39,-5085.027,-4542.057,25.124,-13.118,0.973419,0.226885,-0.031282,-0.225862,0.973596,0.033125,0.037971,-0.025179,0.998962,0,-0.44621,-1.00000,-26.772,-2.000,-1,375.000,-1,400.000,-1,300.000,325.000,300.000,325.000,-1,-1,-1,-1,675.000,750.000,-1,-1,2,0,2,0,2,0,0,0,0,2,2,2,2,0,0,2,2
40,-5110.708,-4535.120,23.879,-15.118,0.964925,0.260731,-0.030649,-0.259718,0.965106,0.033425,0.038295,-0.024292,0.998971,0,-0.44336,-1.00000,-26.602,-2.000,-1,375.000,-1,400.000,-1,300.000,325.000,300.000,300.000,-1,-1,-1,-1,675.000,750.000,-1,-1,2,0,2,0,2,0,0,0,0,2,2,2,2,0,0,2,2
41,-5135.982,-4527.336,22.604,-17.118,0.955252,0.294260,-0.030076,-0.293258,0.955440,0.033674,0.038645,-0.023347,0.998980,0,-0.44076,-1.00000,-26.446,-2.000,-1,375.000,-1,400.000,-1,300.000,325.000,300.000,300.000,-1,-1,-1,-1,675.000,750.000,-1,-1,2,0,2,0,2,0,0,0,0,2,2,2,2,0,0,2,2
42,-5160.836,-4518.721,21.383,-19.118,0.944408,0.327431,-0.029694,-0.326422,0.944604,0.034249,0.039263,-0.022652,0.998972,0,-0.43842,-1.00000,-26.305,-2.000,-1,375.000,-1,400.000,-1,300.000,325.000,300.000,300.000,-1,-1,-1,-1,675.000,775.000,-1,-1,2,0,2,0,2,0,0,0,0,2,2,2,2,0,0,2,2
43,-5185.260,-4509.288,20.257,-21.118,0.932408,0.360200,-0.029526,-0.359157,0.932607,0.035355,0.040271,-0.022361,0.998939,0,-0.43636,-1.00000,-26.182,-2.000,-1,375.000,-1,400.000,-1,325.000,325.000,300.000,300.000,-1,-1,-1,-1,675.000,775.000,-1,-1,2,0,2,0,2,0,0,0,0,2,2,2,2,0,0,2,2
44,-5209.242,-4499.050,19.100,-23.118,0.919270,0.392531,-0.029347,-0.391456,0.919475,0.036432,0.041285,-0.022003,0.998905,0,-0.43460,-1.00000,-26.076,-2.000,-1,375.000,-1,400.000,-1,325.000,325.000,300.000,300.000,-1,-1,-1,-1,700.000,775.000,-1,-1,2,0,2,0,2,0,0,0,0,2,2,2,2,0,0,2,2
45,-5232.772,-4488.019,17.917,-25.118,0.905013,0.424385,-0.029139,-0.423277,0.905224,0.037488,0.042287,-0.021593,0.998872,0,-0.43314,-1.00000,-25.989,-2.000,-1,375.000,-1,400.000,-1,325.000,325.000,300.000,300.000,-1,-1,-1,-1,700.000,775.000,-1,-1,2,0,2,0,2,0,0,0,0,2,2,2,2,0,0,2,2
46,-5255.843,-4476.204,16.709,-27.118,0.889652,0.455723,-0.028899,-0.454584,0.889871,0.038517,0.043270,-0.021129,0.998840,0,-0.43200,-1.00000,-25.920,-2.000,-1,375.000,-1,400.000,-1,325.000,325.000,300.000,300.000,-1,-1,-1,-1,700.000,800.000,-1,-1,2,0,2,0,2,0,0,0,0,2,2,2,2,0,0,2,2
47,-5278.445,-4463.615,15.474,-29.118,0.873208,0.486507,-0.028627,-0.485337,0.873434,0.039515,0.044228,-0.020611,0.998809,0,-0.43118,-1.00000,-25.871,-2.000,-1,375.000,-1,400.000,-1,325.000,325.000,300.000,300.000,-1,-1,-1,-1,725.000,800.000,-1,-1,2,0,2,0,2,0,0,0,0,2,2,2,2,0,0,2,2
48,-5300.567,-4450.261,14.213,-31.118,0.855699,0.516699,-0.028322,-0.515500,0.855933,0.040476,0.045155,-0.020036,0.998779,0,-0.43069,-1.00000,-25.841,-2.000,-1,375.000,-1,400.000,-1,325.000,325.000,300.000,300.000,-1,-1,-1,-1,725.000,825.000,-1,-1,2,0,2,0,2,0,0,0,0,2,2,2,2,0,0,2,2
49,-5322.202,-4436.148,12.926,-33.118,0.837147,0.546262,-0.027985,-0.545037,0.837389,0.041396,0.046048,-0.019402,0.998751,0,-0.43051,-1.00000,-25.831,-2.000,-1,375.000,-1,400.000,-1,325.000,325.000,275.000,300.000,-1,-1,-1,-1,725.000,825.000,-1,-1,2,0,2,0,2,0,0,0,0,2,2,2,2,0,0,2,2
50,-5343.338,-4421.284,11.628,-35.118,0.817570,0.575162,-0.027694,-0.573912,0.817827,0.042247,0.046948,-0.018646,0.998723,0,-0.43066,-1.00000,-25.839,-2.000,-1,375.000,-1,400.000,-1,325.000,325.000,275.000,300.000,-1,-1,-1,-1,725.000,825.000,-1,-1,2,0,2,0,2,0,0,0,0,2,2,2,2,0,0,2,2
51,-5363.964,-4405.674,10.399,-37.118,0.796977,0.603367,-0.027861,-0.602090,0.797273,0.042927,0.048114,-0.017438,0.998690,0,-0.43111,-1.00000,-25.867,-2.000,-1,400.000,-1,425.000,-1,325.000,325.000,275.000,300.000,-1,-1,-1,-1,725.000,850.000,-1,-1,2,0,2,0,2,0,0,0,0,2,2,2,2,0,0,2,2
52,-5384.068,-4389.326,9.144,-39.118,0.775409,0.630837,-0.028011,-0.629537,0.775747,0.043589,0.049227,-0.016166,0.998657,0,-0.43188,-1.00000,-25.913,-2.000,-1,400.000,-1,425.000,-1,325.000,325.000,275.000,300.000,-1,-1,-1,-1,750.000,850.000,-1,-1,2,0,2,0,2,0,0,0,0,2,2,2,2,0,0,2,2
53,-5400.031,-4375.509,8.107,-40.878,0.755645,0.654377,-0.028113,-0.653061,0.756020,0.044099,0.050111,-0.014964,0.998632,0,-0.35188,-0.88000,-21.113,-1.760,-1,400.000,-1,400.000,-1,325.000,325.000,275.000,300.000,-1,-1,-1,-1,750.000,875.000,-1,-1,2,0,2,0,2,0,0,0,0,2,2,2,2,0,0,2,2
54,-5412.078,-4364.510,7.300,-42.398,0.738000,0.674212,-0.028175,-0.672887,0.738408,0.044462,0.050782,-0.013854,0.998614,0,-0.27188,-0.76000,-16.313,-1.520,-1,400.000,-1,400.000,-1,325.000,325.000,275.000,300.000,-1,-1,-1,-1,750.000,875.000,-1,-1,2,0,2,0,2,0,0,0,0,2,2,2,2,0,0,2,2
55,-5420.404,-4356.560,6.729,-43.678,0.722737,0.690548,-0.028205,-0.689220,0.723173,0.044685,0.051254,-0.012856,0.998603,0,-0.19188,-0.64000,-11.513,-1.280,-1,400.000,-1,400.000,-1,325.000,325.000,275.000,300.000,-1,-1,-1,-1,750.000,875.000,-1,-1,2,0,2,0,2,0,0,0,0,2,2,2,2,0,0,2,2
56,-5425.174,-4351.837,6.402,-44.718,0.710068,0.703568,-0.028206,-0.702244,0.710527,0.044777,0.051544,-0.011987,0.998599,0,-0.11188,-0.52000,-6.713,-1.040,-1,400.000,-1,400.000,-1,325.000,325.000,275.000,300.000,-1,-1,-1,-1,775.000,875.000,-1,-1,2,0,2,0,2,0,0,0,0,2,2,2,2,0,0,2,2
57,-5426.514,-4350.472,6.319,-45.518,0.700164,0.713425,-0.028179,-0.712110,0.700641,0.044745,0.051666,-0.011262,0.998601,0,-0.03188,-0.40000,-1.913,-0.800,-1,400.000,-1,400.000,-1,325.000,325.000,275.000,300.000,-1,-1,-1,-1,775.000,900.000,-1,-1,2,0,2,0,2,0,0,0,0,2,2,2,2,0,0,2,2
58,-5424.511,-4352.552,6.483,-46.078,0.693151,0.720244,-0.028126,-0.718941,0.693639,0.044597,0.051630,-0.010692,0.998609,0,0.04812,-0.28000,2.887,-0.560,-1,400.000,-1,400.000,-1,325.000,325.000,275.000,300.000,-1,-1,-1,-1,775.000,900.000,-1,-1,2,0,2,0,2,0,0,0,0,2,2,2,2,0,0,2,2
59,-5419.221,-4358.130,6.895,-46.517,0.687606,0.725542,-0.028036,-0.724259,0.688102,0.044326,0.051453,-0.010173,0.998624,0,0.12812,-0.21955,7.687,-0.439,-1,400.000,-1,400.000,-1,325.000,325.000,275.000,300.000,-1,-1,-1,-1,775.000,900.000,-1,-1,2,0,2,0,2,0,0,0,0,2,2,2,2,0,0,2,2
60,-5410.698,-4367.256,7.554,-46.957,0.682016,0.730805,-0.027902,-0.729546,0.682519,0.043927,0.051146,-0.009603,0.998645,0,0.20812,-0.21980,12.487,-0.440,-1,400.000,-1,400.000,-1,325.000,325.000,275.000,300.000,-1,-1,-1,-1,775.000,900.000,-1,-1,2,0,2,0,2,0,0,0,0,2,2,2,2,0,0,2,2
61,-5398.996,-4379.981,8.457,-47.397,0.676373,0.736037,-0.027719,-0.734811,0.676881,0.043409,0.050713,-0.008992,0.998673,0,0.28812,-0.22036,17.287,-0.441,-1,400.000,-1,425.000,-1,325.000,325.000,275.000,300.000,-1,-1,-1,-1,775.000,900.000,-1,-1,2,0,2,0,2,0,0,0,0,2,2,2,2,0,0,2,2
62,-5384.171,-4396.354,9.595,-47.840,0.670670,0.741246,-0.027481,-0.740058,0.671181,0.042785,0.050159,-0.008357,0.998706,0,0.36812,-0.22123,22.087,-0.442,-1,400.000,-1,425.000,-1,325.000,325.000,275.000,300.000,-1,-1,-1,-1,775.000,875.000,-1,-1,2,0,2,0,2,0,0,0,0,2,2,2,2,0,0,2,2
63,-5366.279,-4416.424,10.961,-48.285,0.664900,0.746438,-0.027177,-0.745292,0.665410,0.042071,0.049487,-0.007718,0.998745,0,0.44812,-0.22240,26.887,-0.445,-1,400.000,-1,425.000,-1,325.000,325.000,275.000,300.000,-1,-1,-1,-1,775.000,875.000,-1,-1,2,0,2,0,2,0,0,0,0,2,2,2,2,0,0,2,2
64,-5345.379,-4440.242,12.544,-48.732,0.659053,0.751619,-0.026799,-0.750518,0.659559,0.041284,0.048705,-0.007095,0.998788,0,0.52812,-0.22389,31.687,-0.448,-1,400.000,-1,425.000,-1,325.000,325.000,300.000,300.000,-1,-1,-1,-1,775.000,875.000,-1,-1,2,0,2,0,2,0,0,0,0,2,2,2,2,0,0,2,2
65,-5321.529,-4467.856,14.413,-49.184,0.653103,0.756797,-0.026755,-0.755741,0.653621,0.040427,0.048082,-0.006183,0.998824,0,0.60812,-0.22570,36.487,-0.451,-1,400.000,-1,425.000,-1,325.000,325.000,300.000,300.000,-1,-1,-1,-1,775.000,875.000,-1,-1,2,0,2,0,2,0,0,0,0,2,2,2,2,0,0,2,2
66,-5294.792,-4499.316,16.532,-49.640,0.647045,0.761976,-0.026931,-0.760967,0.647585,0.039534,0.047564,-0.005087,0.998855,0,0.68812,-0.22785,41.287,-0.456,-1,400.000,-1,425.000,-1,325.000,325.000,300.000,300.000,-1,-1,-1,-1,775.000,875.000,-1,-1,2,0,2,0,2,0,0,0,0,2,2,2,2,0,1,2,2
67,-5265.229,-4534.673,18.681,-50.100,0.640874,0.767164,-0.027206,-0.766235,0.641442,0.037907,0.046532,-0.003447,0.998911,0,0.76812,-0.23037,46.087,-0.461,-1,400.000,-1,425.000,-1,325.000,325.000,300.000,300.000,-1,-1,-1,-1,750.000,825.000,-1,-1,2,0,2,0,2,0,0,0,0,2,2,2,2,0,1,2,2
68,-5234.130,-4572.489,20.801,-50.567,0.634582,0.772366,-0.027520,-0.771535,0.635176,0.035853,0.045172,-0.001519,0.998978,0,0.81603,-0.23328,48.962,-0.467,-1,400.000,-1,425.000,-1,325.000,325.000,300.000,300.000,-1,-1,-1,-1,750.000,800.000,-1,-1,2,0,2,0,2,0,0,0,0,2,2,2,2,0,1,2,2
69,-5203.162,-4610.785,22.880,-51.040,0.628167,0.777583,-0.027748,-0.776840,0.628780,0.033984,0.043873,0.000208,0.999037,0,0.82084,-0.23647,49.250,-0.473,-1,400.000,-1,425.000,-1,325.000,325.000,300.000,300.000,-1,-1,-1,-1,750.000,775.000,-1,1000.000,2,0,2,0,2,0,0,0,0,2,2,2,2,0,1,2,1
70,-5172.338,-4649.563,24.919,-51.519,0.621627,0.782817,-0.027872,-0.782153,0.622249,0.032302,0.042630,0.001721,0.999089,0,0.82561,-0.23977,49.536,-0.480,-1,400.000,-1,425.000,975.000,325.000,325.000,300.000,300.000,-1,-1,-1,-1,750.000,750.000,-1,950.000,2,0,2,0,1,0,0,0,0,2,2,2,2,0,1,2,1
71,-5141.669,-4688.824,26.922,-52.006,0.614954,0.788069,-0.027921,-0.787474,0.615580,0.030758,0.041427,0.003072,0.999137,0,0.83034,-0.24318,49.820,-0.486,-1,400.000,-1,425.000,925.000,325.000,325.000,300.000,300.000,-1,-1,-1,-1,750.000,725.000,-1,875.000,2,0,2,0,1,0,0,0,0,2,2,2,2,0,1,2,1
72,-5108.232,-4732.013,29.112,-52.252,0.611559,0.790704,-0.027976,-0.790186,0.612182,0.028956,0.040022,0.004398,0.999189,0,0.91034,-0.12318,54.620,-0.246,-1,400.000,-1,400.000,850.000,325.000,325.000,300.000,300.000,-1,-1,-1,-1,725.000,675.000,-1,825.000,2,0,2,0,1,0,0,0,0,2,2,2,2,0,1,2,1
73,-5072.249,-4778.499,31.416,-52.258,0.611476,0.790768,-0.027980,-0.790322,0.612091,0.027128,0.038578,0.005525,0.999240,0,0.97976,-0.00318,58.786,-0.006,-1,375.000,-1,400.000,775.000,325.000,325.000,300.000,300.000,-1,-1,-1,-1,725.000,650.000,-1,775.000,2,0,2,0,1,0,0,0,0,2,2,2,2,0,1,2,1
74,-5036.008,-4825.140,33.676,-52.152,0.612953,0.789625,-0.027929,-0.789243,0.613555,0.025414,0.037203,0.006465,0.999287,0,0.98443,0.05321,59.066,0.106,-1,375.000,-1,400.000,700.000,325.000,325.000,300.000,300.000,-1,-1,-1,-1,700.000,625.000,-1,700.000,2,0,2,0,1,0,0,0,0,2,2,2,2,0,1,2,1
75,-4999.535,-4871.921,35.875,-52.058,0.614263,0.788612,-0.027774,-0.788286,0.614848,0.023825,0.035865,0.007259,0.999330,0,0.98866,0.04706,59.320,0.094,-1,375.000,-1,400.000,625.000,325.000,325.000,300.000,300.000,-1,-1,-1,-1,700.000,575.000,-1,650.000,2,0,2,0,1,0,0,0,0,2,2,2,2,0,1,2,1
76,-4962.853,-4918.833,38.061,-51.977,0.615385,0.787738,-0.027768,-0.787462,0.615957,0.022367,0.034724,0.008102,0.999364,0,0.99251,0.04046,59.551,0.081,-1,375.000,-1,400.000,575.000,325.000,325.000,300.000,300.000,-1,-1,-1,-1,700.000,550.000,-1,600.000,2,0,2,1,1,0,0,0,0,2,2,2,2,0,1,2,1
77,-4925.989,-4965.863,40.289,-51.910,0.616303,0.787012,-0.027976,-0.786789,0.616870,0.020841,0.033660,0.009167,0.999391,0,0.99593,0.03340,59.756,0.067,-1,375.000,-1,375.000,500.000,300.000,325.000,300.000,300.000,-1,-1,-1,-1,675.000,525.000,-1,525.000,2,0,2,1,1,0,0,0,0,2,2,2,2,0,1,2,1
78,-4888.976,-5012.998,42.927,-51.859,0.617008,0.786450,-0.028238,-0.786260,0.617575,0.019924,0.033109,0.009909,0.999403,0,0.99885,0.02583,59.931,0.052,-1,375.000,-1,350.000,450.000,300.000,325.000,300.000,300.000,-1,-1,-1,-1,675.000,500.000,-1,475.000,2,0,2,1,1,0,0,0,0,2,2,2,2,0,1,2,1
79,-4851.890,-5060.164,45.257,-51.823,0.617429,0.786052,-0.030061,-0.785905,0.618048,0.019220,0.033687,0.011758,0.999363,0,1.00000,0.01771,60.000,0.035,-1,375.000,-1,325.000,400.000,300.000,325.000,300.000,300.000,-1,-1,-1,-1,650.000,450.000,-1,425.000,2,0,2,1,1,0,1,0,0,2,2,2,2,1,1,2,1
80,-4814.789,-5107.319,47.553,-51.805,0.617597,0.785838,-0.032141,-0.785734,0.618281,0.018719,0.034582,0.013693,0.999308,0,1.00000,0.00903,60.000,0.018,-1,375.000,-1,325.000,350.000,300.000,300.000,300.000,300.000,-1,-1,-1,-1,650.000,425.000,-1,375.000,2,0,2,1,1,0,1,0,0,2,2,2,2,1,1,2,1
81,-4777.689,-5154.473,49.868,-51.806,0.617504,0.785822,-0.034230,-0.785760,0.618258,0.018421,0.035638,0.015521,0.999244,0,1.00000,-0.00024,60.000,-0.000,-1,375.000,-1,300.000,300.000,300.000,275.000,300.000,300.000,-1,-1,-1,-1,625.000,400.000,-1,325.000,2,0,2,1,1,1,1,0,0,2,2,2,2,1,1,2,1
82,-4740.606,-5201.643,54.327,-51.826,0.617161,0.786102,-0.034002,-0.785651,0.618027,0.028199,0.043182,0.009310,0.999024,0,1.00000,-0.01014,60.000,-0.020,-1,375.000,-1,275.000,300.000,300.000,275.000,300.000,325.000,-1,-1,-1,-1,625.000,400.000,-1,300.000,2,1,2,1,1,1,1,0,0,2,2,2,2,1,1,2,1
83,-4703.557,-5248.840,59.705,-51.867,0.616615,0.786582,-0.032781,-0.785441,0.617486,0.042357,0.053559,-0.000370,0.998565,0,1.00000,-0.02069,60.000,-0.041,-1,375.000,-1,275.000,300.000,300.000,250.000,300.000,325.000,-1,-1,-1,-1,675.000,400.000,-1,300.000,2,1,2,1,1,1,1,0,1,2,2,2,2,1,1,2,1
84,-4666.561,-5296.078,65.120,-51.931,0.615849,0.787229,-0.031624,-0.785249,0.616578,0.056713,0.064145,-0.010094,0.997890,0,1.00000,-0.03192,60.000,-0.064,-1,375.000,-1,275.000,300.000,275.000,250.000,275.000,325.000,-1,375.000,400.000,-1,775.000,400.000,-1,300.000,2,1,2,1,1,1,1,0,1,2,0,0,2,1,1,2,1
85,-4629.683,-5343.312,70.562,-52.019,0.614846,0.788057,-0.030514,-0.785079,0.615282,0.071268,0.074938,-0.019862,0.996990,0,0.99872,-0.04385,59.923,-0.088,-1,375.000,-1,275.000,300.000,275.000,250.000,275.000,325.000,-1,225.000,275.000,-1,-1,400.000,-1,300.000,2,1,2,1,1,1,1,0,1,2,0,0,2,2,1,2,1
86,-4593.045,-5390.427,75.957,-52.132,0.613613,0.789070,-0.029100,-0.784944,0.613574,0.085968,0.085689,-0.029909,0.995873,0,0.99470,-0.05646,59.682,-0.113,-1,375.000,-1,275.000,300.000,275.000,250.000,275.000,325.000,900.000,150.000,250.000,-1,-1,400.000,-1,300.000,2,1,2,1,1,1,1,0,1,0,0,0,2,2,1,2,1
87,-4556.715,-5437.383,81.339,-52.271,0.612133,0.790280,-0.027411,-0.784876,0.611436,0.100581,0.096247,-0.040055,0.994551,0,0.98945,-0.06968,59.367,-0.139,-1,400.000,-1,275.000,300.000,300.000,250.000,275.000,325.000,725.000,100.000,250.000,-1,-1,400.000,-1,300.000,2,1,2,1,1,1,1,0,1,0,0,0,2,2,1,2,1
88,-4519.912,-5484.774,86.888,-52.170,0.614094,0.788817,-0.025614,-0.781986,0.612522,0.115387,0.106708,-0.050829,0.992990,0,1.00000,0.05032,60.000,0.101,-1,425.000,-1,275.000,300.000,300.000,250.000,250.000,300.000,600.000,75.000,225.000,-1,-1,400.000,-1,300.000,2,1,2,1,1,1,1,0,1,0,0,0,2,2,1,2,1
89,2295.762,-1639.830,192.674,173.526,-0.993503,-0.112759,0.015390,0.112684,-0.993615,-0.005641,0.015928,-0.003870,0.999866,1,0.00000,0.00000,60.000,0.092,875.000,400.000,-1,400.000,-1,350.000,325.000,275.000,275.000,-1,-1,-1,-1,625.000,650.000,925.000,-1,0,0,2,0,2,0,0,0,0,2,2,2,2,0,0,0,2
90,2290.991,-1639.309,192.756,173.766,-0.993965,-0.108596,0.015486,0.108520,-0.994078,-0.005653,0.016008,-0.003938,0.999864,0,0.08000,0.12000,4.800,0.240,875.000,400.000,-1,400.000,-1,350.000,325.000,275.000,275.000,-1,-1,-1,-1,625.000,650.000,925.000,-1,0,0,2,0,2,0,0,0,0,2,2,2,2,0,0,0,2
91,2281.439,-1638.347,192.919,174.246,-0.994837,-0.100264,0.015680,0.100186,-0.994953,-0.005663,0.016169,-0.004063,0.999861,0,0.16000,0.24000,9.600,0.480,850.000,400.000,-1,400.000,-1,350.000,325.000,275.000,275.000,-1,-1,-1,-1,625.000,650.000,900.000,-1,0,0,2,0,2,0,0,0,0,2,2,2,2,0,0,0,2
92,2267.095,-1637.083,193.161,174.966,-0.996014,-0.087753,0.015978,0.087673,-0.996133,-0.005651,0.016412,-0.004228,0.999856,0,0.24000,0.36000,14.400,0.720,850.000,400.000,-1,400.000,-1,350.000,325.000,275.000,275.000,-1,-1,-1,-1,625.000,650.000,900.000,-1,0,0,2,0,2,0,0,0,0,2,2,2,2,0,0,0,2
93,2247.944,-1635.711,193.479,175.903,-0.997310,-0.071445,0.016383,0.071362,-0.997435,-0.005586,0.016740,-0.004402,0.999850,0,0.32000,0.46871,19.200,0.937,850.000,375.000,-1,375.000,-1,325.000,325.000,275.000,275.000,-1,-1,-1,-1,625.000,650.000,875.000,-1,0,0,2,0,2,0,0,0,0,2,2,2,2,0,0,0,2
94,2223.980,-1634.388,193.865,176.840,-0.998337,-0.055117,0.016899,0.055032,-0.998470,-0.005461,0.017174,-0.004522,0.999842,0,0.40000,0.46871,24.000,0.937,825.000,375.000,-1,375.000,-1,325.000,325.000,275.000,275.000,-1,-1,-1,-1,625.000,625.000,875.000,-1,0,0,2,0,2,0,0,0,0,2,2,2,2,0,0,0,2
95,2195.202,-1633.272,194.318,177.778,-0.999094,-0.038774,0.017529,0.038688,-0.999238,-0.005251,0.017719,-0.004568,0.999833,0,0.48000,0.46871,28.800,0.937,800.000,375.000,-1,375.000,-1,325.000,325.000,275.000,275.000,-1,-1,-1,-1,600.000,625.000,850.000,-1,0,0,2,0,2,0,0,0,0,2,2,2,2,0,0,0,2
96,2161.610,-1632.518,194.837,178.715,-0.999582,-0.022421,0.018273,0.022335,-0.999738,-0.004929,0.018379,-0.004519,0.999821,0,0.56000,0.46871,33.600,0.937,800.000,375.000,-1,375.000,-1,325.000,325.000,275.000,275.000,-1,-1,-1,-1,600.000,625.000,825.000,-1,0,0,2,0,2,0,0,0,0,2,2,2,2,0,0,0,2
97,2123.211,-1632.285,195.421,179.653,-0.999799,-0.006062,0.019131,0.005978,-0.999972,-0.004468,0.019158,-0.004352,0.999807,0,0.64000,0.46871,38.400,0.937,775.000,375.000,-1,375.000,-1,325.000,325.000,275.000,275.000,-1,-1,-1,-1,600.000,600.000,800.000,-1,0,0,2,0,2,0,0,0,0,2,2,2,2,0,0,0,2
98,2080.013,-1632.730,196.070,180.590,-0.999745,0.010298,0.020101,-0.010377,-0.999939,-0.003837,0.020060,-0.004045,0.999791,0,0.72000,0.46871,43.200,0.937,750.000,350.000,-1,375.000,-1,300.000,300.000,275.000,275.000,-1,-1,-1,-1,575.000,600.000,775.000,-1,0,0,2,0,2,0,0,0,0,2,2,2,2,0,0,0,2
99,2034.086,-1633.955,196.751,181.527,-0.999421,0.026656,0.021130,-0.026726,-0.999638,-0.003038,0.021042,-0.003601,0.999772,0,0.76572,0.46871,45.943,0.937,725.000,350.000,-1,350.000,-1,300.000,300.000,275.000,275.000,-1,-1,-1,-1,575.000,600.000,750.000,-1,0,0,2,0,2,0,0,0,0,2,2,2,2,0,0,0,2
100,1988.186,-1635.931,197.426,182.465,-0.998829,0.043007,0.022152,-0.043064,-0.999070,-0.002101,0.022041,-0.003052,0.999752,0,0.76572,0.46871,45.943,0.937,700.000,350.000,-1,350.000,-1,300.000,300.000,275.000,275.000,-1,-1,-1,-1,550.000,575.000,725.000,-1,0,0,2,0,2,0,0,0,0,2,2,2,2,0,0,0,2
101,1942.324,-1638.657,199.066,183.402,-0.997932,0.059346,0.024713,-0.059445,-0.998226,-0.003305,0.024473,-0.004768,0.999689,0,0.76572,0.46871,45.943,0.937,700.000,350.000,-1,350.000,-1,300.000,300.000,275.000,275.000,-1,-1,-1,-1,550.000,575.000,700.000,-1,0,0,2,0,2,0,0,0,0,2,2,2,2,0,0,0,2
102,1896.512,-1642.134,201.587,184.340,-0.996698,0.075669,0.029444,-0.075770,-0.997123,-0.002343,0.029182,-0.004566,0.999564,0,0.76572,0.46871,45.943,0.937,725.000,350.000,-1,350.000,-1,300.000,300.000,275.000,275.000,-1,-1,650.000,-1,550.000,600.000,750.000,-1,0,0,2,0,2,0,0,0,0,2,2,0,2,0,0,0,2
103,1850.764,-1646.359,204.105,185.277,-0.995176,0.091972,0.034159,-0.092065,-0.995752,-0.001153,0.033908,-0.004292,0.999416,0,0.76572,0.46871,45.943,0.937,750.000,350.000,-1,350.000,-1,300.000,300.000,275.000,300.000,-1,725.000,575.000,-1,575.000,600.000,850.000,-1,0,0,2,0,2,0,0,0,0,2,0,0,2,0,0,0,2
104,1805.090,-1651.333,206.621,186.215,-0.993364,0.108251,0.038850,-0.108322,-0.994116,0.000259,0.038650,-0.003951,0.999245,0,0.76572,0.46871,45.943,0.937,850.000,350.000,-1,350.000,-1,300.000,300.000,300.000,300.000,-1,650.000,525.000,-1,575.000,625.000,975.000,-1,0,0,2,0,2,0,0,0,0,2,0,0,2,0,0,0,2
105,1759.504,-1657.053,209.136,187.152,-0.991265,0.124500,0.043512,-0.124537,-0.992213,0.001885,0.043408,-0.003550,0.999051,0,0.76572,0.46871,45.943,0.937,975.000,350.000,-1,375.000,-1,300.000,300.000,300.000,300.000,-1,600.000,475.000,-1,600.000,650.000,-1,-1,0,0,2,0,2,0,0,0,0,2,0,0,2,0,0,2,2
106,1714.018,-1663.518,211.650,188.089,-0.988879,0.140717,0.048139,-0.140701,-0.990045,0.003719,0.048183,-0.003096,0.998834,0,0.76572,0.46871,45.943,0.937,-1,350.000,-1,375.000,-1,300.000,300.000,300.000,300.000,-1,550.000,450.000,-1,600.000,650.000,-1,-1,2,0,2,0,2,0,0,0,0,2,0,0,2,0,0,2,2
107,1668.643,-1670.726,214.165,189.027,-0.986207,0.156895,0.052725,-0.156811,-0.987612,0.005754,0.052975,-0.002593,0.998592,0,0.76572,0.46871,45.943,0.937,-1,350.000,-1,375.000,-1,300.000,300.000,300.000,300.000,-1,525.000,425.000,-1,625.000,675.000,-1,-1,2,0,2,0,2,0,0,0,0,2,0,0,2,0,0,2,2
108,1623.393,-1678.676,216.682,189.964,-0.983250,0.173032,0.057266,-0.172860,-0.984914,0.007983,0.057783,-0.002049,0.998327,0,0.76572,0.46871,45.943,0.937,-1,350.000,-1,375.000,-1,300.000,300.000,300.000,300.000,-1,500.000,400.000,-1,650.000,700.000,-1,-1,2,0,2,0,2,0,0,0,0,2,0,0,2,0,0,2,2
109,1578.278,-1687.365,219.202,190.902,-0.980010,0.189122,0.061756,-0.188842,-0.981952,0.010400,0.062608,-0.001470,0.998037,0,0.76572,0.46871,45.943,0.937,-1,350.000,-1,375.000,-1,300.000,300.000,300.000,300.000,-1,475.000,375.000,-1,675.000,725.000,-1,-1,2,0,2,0,2,0,0,0,0,2,0,0,2,0,0,2,2
110,1533.312,-1696.791,221.725,191.839,-0.976487,0.205162,0.066192,-0.204752,-0.978728,0.012998,0.067450,-0.000861,0.997722,0,0.76572,0.46871,45.943,0.937,-1,375.000,-1,400.000,-1,300.000,325.000,300.000,275.000,-1,450.000,325.000,975.000,700.000,725.000,-1,-1,2,0,2,0,2,0,0,0,0,2,0,0,0,0,0,2,2
111,1488.506,-1706.952,224.253,192.776,-0.972684,0.221147,0.070569,-0.220584,-0.975240,0.015769,0.072309,-0.000228,0.997382,0,0.76572,0.46871,45.943,0.937,-1,375.000,-1,400.000,-1,300.000,325.000,300.000,275.000,-1,425.000,300.000,925.000,725.000,750.000,-1,-1,2,0,2,0,2,0,0,0,0,2,0,0,0,0,0,2,2
112,1443.872,-1717.844,226.787,193.714,-0.968602,0.237073,0.074883,-0.236334,-0.971492,0.018707,0.077183,0.000423,0.997017,0,0.76572,0.46871,45.943,0.937,-1,375.000,-1,400.000,-1,325.000,325.000,300.000,275.000,-1,375.000,275.000,900.000,750.000,775.000,-1,-1,2,0,2,0,2,0,0,0,0,2,0,0,0,0,0,2,2
113,1399.422,-1729.465,229.328,194.651,-0.964242,0.252935,0.079132,-0.251995,-0.967483,0.021806,0.082074,0.001086,0.996626,0,0.76572,0.46871,45.943,0.937,-1,400.000,-1,400.000,-1,325.000,325.000,300.000,275.000,-1,350.000,275.000,850.000,775.000,825.000,-1,-1,2,0,2,0,2,0,0,0,0,2,0,0,0,0,0,2,2
114,1350.602,-1743.306,232.904,195.829,-0.958587,0.272761,0.081934,-0.271872,-0.962081,0.022032,0.084837,-0.001156,0.996394,0,0.84572,0.58871,50.743,1.177,-1,400.000,-1,400.000,-1,325.000,325.000,300.000,275.000,-1,375.000,275.000,875.000,775.000,950.000,-1,-1,2,0,2,0,2,0,0,0,0,2,0,0,0,0,0,2,2
115,1297.752,-1759.712,236.735,197.246,-0.951351,0.296474,0.083870,-0.295646,-0.955035,0.022418,0.086745,-0.003468,0.996225,0,0.92229,0.70871,55.337,1.417,-1,400.000,-1,400.000,-1,325.000,325.000,300.000,275.000,-1,375.000,300.000,900.000,800.000,-1,-1,-1,2,0,2,0,2,0,0,0,0,2,0,0,0,0,2,2,2
116,1245.399,-1777.640,240.776,198.903,-0.942157,0.323968,0.085939,-0.323228,-0.946047,0.022778,0.088681,-0.006317,0.996040,0,0.92229,0.82871,55.337,1.657,-1,400.000,-1,400.000,-1,325.000,325.000,300.000,275.000,-1,400.000,325.000,925.000,800.000,-1,-1,-1,2,0,2,0,2,0,0,0,0,2,0,0,0,0,2,2,2
117,1193.668,-1797.292,245.718,200.801,-0.930896,0.355112,0.085610,-0.354331,-0.934795,0.024669,0.088788,-0.007370,0.996023,0,0.92229,0.94871,55.337,1.897,-1,400.000,-1,400.000,-1,325.000,325.000,300.000,275.000,-1,425.000,375.000,975.000,825.000,-1,-1,-1,2,0,2,0,2,0,0,0,0,2,0,0,0,0,2,2,2
118,1142.655,-1818.737,250.398,202.801,-0.917957,0.387513,0.084788,-0.386792,-0.921816,0.025440,0.088017,-0.009442,0.996074,0,0.92229,1.00000,55.337,2.000,-1,400.000,-1,400.000,-1,325.000,325.000,300.000,275.000,-1,475.000,425.000,-1,875.000,-1,-1,-1,2,0,2,0,2,0,0,0,0,2,0,0,2,0,2,2,2
119,1092.422,-1841.949,255.024,204.801,-0.903905,0.419439,0.083831,-0.418779,-0.907711,0.026160,0.087067,-0.011461,0.996137,0,0.92229,1.00000,55.337,2.000,-1,400.000,-1,400.000,-1,325.000,325.000,300.000,300.000,-1,525.000,450.000,-1,900.000,-1,-1,-1,2,0,2,0,2,0,0,0,0,2,0,0,2,0,2,2,2
120,1043.029,-1866.900,259.606,206.801,-0.888755,0.450851,0.082750,-0.450250,-0.892499,0.026851,0.085961,-0.013394,0.996209,0,0.92229,1.00000,55.337,2.000,-1,400.000,-1,400.000,-1,325.000,325.000,300.000,300.000,-1,575.000,500.000,-1,925.000,-1,-1,-1,2,0,2,0,2,0,0,0,0,2,0,0,2,0,2,2,2
121,994.537,-1893.560,264.141,208.801,-0.872528,0.481711,0.081541,-0.481168,-0.876197,0.027483,0.084685,-0.015255,0.996291,0,0.92229,1.00000,55.337,2.000,-1,400.000,-1,425.000,-1,325.000,325.000,300.000,300.000,-1,600.000,550.000,-1,950.000,-1,-1,-1,2,0,2,0,2,0,0,0,0,2,0,0,2,0,2,2,2
122,947.005,-1921.896,268.661,210.801,-0.855241,0.511983,0.080228,-0.511486,-0.858829,0.028198,0.083339,-0.016919,0.996378,0,0.92229,1.00000,55.337,2.000,-1,400.000,-1,425.000,-1,325.000,325.000,300.000,300.000,-1,650.000,625.000,-1,950.000,-1,-1,-1,2,0,2,0,2,0,0,0,0,2,0,0,2,0,2,2,2
123,900.491,-1951.874,273.136,212.801,-0.836918,0.541628,0.078785,-0.541178,-0.840414,0.028826,0.081825,-0.018511,0.996475,0,0.92229,1.00000,55.337,2.000,-1,400.000,-1,450.000,-1,325.000,325.000,300.000,300.000,-1,700.000,675.000,-1,975.000,-1,-1,-1,2,0,2,0,2,0,0,0,0,2,0,0,2,0,2,2,2
124,855.052,-1983.457,277.518,214.801,-0.817581,0.570612,0.077221,-0.570204,-0.820976,0.029415,0.080181,-0.019983,0.996580,0,0.92229,1.00000,55.337,2.000,-1,400.000,-1,450.000,-1,325.000,325.000,300.000,300.000,-1,775.000,725.000,-1,-1,-1,-1,-1,2,0,2,0,2,0,0,0,0,2,0,0,2,2,2,2,2
125,810.742,-2016.606,281.561,216.801,-0.797242,0.598911,0.075573,-0.598453,-0.800555,0.031086,0.079118,-0.020444,0.996656,0,0.92229,1.00000,55.337,2.000,-1,400.000,-1,475.000,-1,325.000,350.000,300.000,300.000,-1,800.000,775.000,-1,-1,-1,-1,-1,2,0,2,0,2,0,0,0,0,2,0,0,2,2,2,2,2
126,767.617,-2051.281,285.761,218.801,-0.775951,0.626468,0.073740,-0.626054,-0.779144,0.031483,0.077177,-0.021736,0.996780,0,0.92229,1.00000,55.337,2.000,-1,400.000,-1,475.000,-1,325.000,350.000,300.000,300.000,-1,875.000,800.000,-1,-1,-1,-1,-1,2,0,2,0,2,0,0,0,0,2,0,0,2,2,2,2,2
127,725.728,-2087.441,289.789,220.801,-0.753803,0.653265,0.070893,-0.652905,-0.756791,0.031353,0.074133,-0.022652,0.996991,0,0.92229,1.00000,55.337,2.000,-1,400.000,-1,500.000,-1,325.000,350.000,300.000,300.000,-1,925.000,850.000,-1,-1,-1,-1,-1,2,0,2,0,2,0,0,0,0,2,0,0,2,2,2,2,2
128,685.127,-2125.040,292.977,222.801,-0.731010,0.679307,0.064549,-0.678888,-0.733562,0.031592,0.068812,-0.020727,0.997414,0,0.92229,1.00000,55.337,2.000,-1,400.000,-1,475.000,-1,325.000,350.000,300.000,300.000,-1,-1,975.000,-1,-1,-1,-1,-1,2,0,2,0,2,0,0,0,0,2,2,0,2,2,2,2,2
129,645.862,-2164.033,296.125,224.801,-0.707274,0.704519,0.058457,-0.704074,-0.709432,0.031391,0.063587,-0.018956,0.997796,0,0.92229,1.00000,55.337,2.000,-1,400.000,-1,475.000,-1,325.000,350.000,300.000,300.000,-1,-1,-1,-1,-1,-1,-1,-1,2,0,2,0,2,0,0,0,0,2,2,2,2,2,2,2,2
130,607.859,-2204.503,299.239,226.801,-0.682631,0.728866,0.052625,-0.728421,-0.684438,0.030785,0.058456,-0.017318,0.998140,0,0.92528,0.99983,55.517,2.000,-1,400.000,-1,475.000,-1,325.000,350.000,300.000,300.000,-1,-1,-1,-1,-1,-1,-1,-1,2,0,2,0,2,0,0,0,0,2,2,2,2,2,2,2,2
131,571.005,-2246.599,302.277,228.799,-0.657147,0.752307,0.046817,-0.751878,-0.658628,0.029817,0.053267,-0.015606,0.998458,0,0.93250,0.99903,55.950,1.998,-1,400.000,-1,475.000,-1,325.000,350.000,300.000,325.000,-1,-1,-1,-1,-1,-1,-1,-1,2,0,2,0,2,0,0,0,0,2,2,2,2,2,2,2,2
132,535.367,-2290.287,304.996,230.794,-0.630800,0.774793,0.042274,-0.774410,-0.632043,0.028486,0.048790,-0.014768,0.998700,0,0.93968,0.99766,56.381,1.995,-1,400.000,-1,475.000,-1,325.000,350.000,300.000,325.000,-1,-1,-1,-1,-1,-1,-1,-1,2,0,2,0,2,0,0,0,0,2,2,2,2,2,2,2,2
133,501.011,-2335.525,307.648,232.785,-0.603713,0.796297,0.037972,-0.795965,-0.604744,0.026907,0.044389,-0.013980,0.998916,0,0.94676,0.99569,56.806,1.991,-1,400.000,-1,475.000,-1,325.000,350.000,300.000,325.000,-1,-1,-1,-1,-1,-1,-1,-1,2,0,2,0,2,0,0,0,0,2,2,2,2,2,2,2,2
134,468.004,-2382.267,310.236,234.772,-0.575943,0.816787,0.033897,-0.816508,-0.576788,0.025110,0.040061,-0.013215,0.999110,0,0.95370,0.99311,57.222,1.986,-1,400.000,-1,450.000,-1,325.000,350.000,300.000,325.000,-1,-1,-1,-1,-1,950.000,-1,-1,2,0,2,0,2,0,0,0,0,2,2,2,2,2,1,2,2
135,436.410,-2430.459,312.781,236.751,-0.547554,0.836234,0.029948,-0.836006,-0.548233,0.023114,0.035748,-0.012381,0.999284,0,0.96043,0.98988,57.626,1.980,-1,400.000,-1,450.000,-1,325.000,350.000,300.000,325.000,-1,-1,-1,-1,-1,900.000,-1,-1,2,0,2,0,2,0,0,0,0,2,2,2,2,2,1,2,2
136,406.291,-2480.041,315.282,238.723,-0.518607,0.854613,0.026133,-0.854433,-0.519139,0.020939,0.031461,-0.011470,0.999439,0,0.96688,0.98597,58.013,1.972,-1,425.000,-1,450.000,-1,325.000,350.000,300.000,350.000,-1,-1,-1,-1,-1,875.000,-1,-1,2,0,2,0,2,0,0,0,0,2,2,2,2,2,1,2,2
137,380.052,-2526.334,317.412,240.455,-0.492661,0.869924,0.022753,-0.869773,-0.493078,0.019209,0.027929,-0.010327,0.999557,0,0.88688,0.86597,53.213,1.732,-1,425.000,-1,475.000,-1,350.000,350.000,300.000,350.000,-1,-1,-1,-1,-1,850.000,-1,-1,2,0,2,0,2,0,0,0,0,2,2,2,2,2,1,2,2
