timestep,x_cm,y_cm,z_cm,yaw_deg,basis_xx,basis_xy,basis_xz,basis_yx,basis_yy,basis_yz,basis_zx,basis_zy,basis_zz,teleport_flag,throttle_cmd,steering_cmd,cmd_move_cm,cmd_turn_deg,lidar_cm_0,lidar_cm_1,lidar_cm_2,lidar_cm_3,lidar_cm_4,lidar_cm_5,lidar_cm_6,lidar_cm_7,lidar_cm_8,lidar_cm_9,lidar_cm_10,lidar_cm_11,lidar_cm_12,lidar_cm_13,lidar_cm_14,lidar_cm_15,lidar_cm_16,lidar_class_0,lidar_class_1,lidar_class_2,lidar_class_3,lidar_class_4,lidar_class_5,lidar_class_6,lidar_class_7,lidar_class_8,lidar_class_9,lidar_class_10,lidar_class_11,lidar_class_12,lidar_class_13,lidar_class_14,lidar_class_15,lidar_class_16
0,-5578.815,-987.300,65.793,-134.996,-0.707101,0.706922,0.016448,-0.705429,-0.706830,0.052538,0.048766,0.025547,0.998483,1,0.08000,0.12000,4.800,0.240,-1,400.000,-1,400.000,-1,325.000,325.000,300.000,300.000,-1,625.000,725.000,-1,800.000,825.000,-1,-1,2,0,2,0,2,0,0,0,0,2,1,1,2,0,0,2,2
1,-5585.545,-994.145,66.271,-134.516,-0.701149,0.712826,0.016398,-0.711335,-0.700891,0.052485,0.048906,0.025135,0.998487,0,0.16000,0.24000,9.600,0.480,-1,400.000,-1,400.000,-1,325.000,325.000,300.000,300.000,-1,650.000,750.000,-1,800.000,825.000,-1,-1,2,0,2,0,2,0,0,0,0,2,1,1,2,0,0,2,2
2,-5595.512,-1004.539,66.995,-133.796,-0.692130,0.721588,0.016328,-0.720100,-0.691889,0.052403,0.049110,0.024512,0.998493,0,0.24000,0.36000,14.400,0.720,-1,400.000,-1,400.000,-1,325.000,325.000,300.000,300.000,-1,675.000,775.000,-1,800.000,825.000,-1,-1,2,0,2,0,2,0,0,0,0,2,1,1,2,0,0,2,2
3,-5608.568,-1018.616,67.970,-132.843,-0.680026,0.733008,0.016244,-0.731524,-0.679807,0.052288,0.049370,0.023674,0.998500,0,0.32000,0.47640,19.200,0.953,-1,400.000,-1,400.000,-1,325.000,325.000,300.000,300.000,-1,700.000,800.000,-1,825.000,825.000,-1,-1,2,0,2,0,2,0,0,0,0,2,1,1,2,0,0,2,2
4,-5624.593,-1036.482,69.148,-131.892,-0.667757,0.744205,0.016110,-0.742716,-0.667555,0.052371,0.049729,0.023006,0.998498,0,0.40000,0.47561,24.000,0.951,-1,400.000,-1,400.000,-1,325.000,325.000,300.000,300.000,-1,725.000,850.000,-1,825.000,825.000,-1,-1,2,0,2,0,2,0,0,0,0,2,1,1,2,0,0,2,2
5,-5643.466,-1058.236,70.560,-130.943,-0.655329,0.755175,0.015968,-0.753679,-0.655141,0.052514,0.050119,0.022379,0.998493,0,0.48000,0.47473,28.800,0.949,-1,400.000,-1,400.000,-1,325.000,325.000,300.000,300.000,-1,775.000,900.000,-1,825.000,825.000,-1,-1,2,0,2,0,2,0,0,0,0,2,1,1,2,0,0,2,2
6,-5665.062,-1083.977,72.224,-129.995,-0.642743,0.765918,0.015834,-0.764416,-0.642570,0.052651,0.050500,0.021737,0.998487,0,0.56000,0.47384,33.600,0.948,-1,400.000,-1,400.000,-1,325.000,325.000,300.000,300.000,-1,825.000,950.000,-1,825.000,825.000,-1,-1,2,0,2,0,2,0,0,0,0,2,1,1,2,0,0,2,2
7,-5689.254,-1113.798,74.151,-129.049,-0.630004,0.776433,0.015699,-0.774924,-0.629846,0.052778,0.050867,0.021085,0.998483,0,0.64000,0.47300,38.400,0.946,-1,400.000,-1,400.000,-1,325.000,325.000,300.000,300.000,-1,875.000,-1,-1,825.000,850.000,-1,-1,2,0,2,0,2,0,0,0,0,2,1,2,2,0,0,2,2
8,-5715.912,-1147.792,76.345,-128.105,-0.617111,0.786722,0.015571,-0.785207,-0.616970,0.052892,0.051218,0.020414,0.998479,0,0.72000,0.47229,43.200,0.945,-1,400.000,-1,400.000,-1,325.000,325.000,300.000,300.000,-1,950.000,-1,-1,850.000,850.000,-1,-1,2,0,2,0,2,0,0,0,0,2,1,2,2,0,0,2,2
9,-5742.790,-1183.252,78.634,-127.161,-0.604062,0.796787,0.015461,-0.795268,-0.603939,0.052988,0.051557,0.019713,0.998475,0,0.74159,0.47180,44.495,0.944,-1,400.000,-1,400.000,-1,325.000,325.000,300.000,300.000,-1,1000.000,-1,-1,850.000,875.000,-1,-1,2,0,2,0,2,0,0,0,0,2,1,2,2,0,0,2,2
10,-5768.910,-1218.916,80.931,-126.218,-0.590852,0.806633,0.015379,-0.805111,-0.590748,0.053040,0.051869,0.018957,0.998474,0,0.73678,0.47164,44.207,0.943,-1,400.000,-1,400.000,-1,325.000,325.000,300.000,300.000,-1,-1,-1,-1,850.000,875.000,-1,-1,2,0,2,0,2,0,0,0,0,2,2,2,2,0,0,2,2
11,-5794.273,-1254.772,83.043,-125.274,-0.577450,0.816277,0.015610,-0.814798,-0.577400,0.052080,0.051525,0.017355,0.998521,0,0.73199,0.47182,43.919,0.944,-1,400.000,-1,400.000,-1,325.000,325.000,300.000,300.000,-1,-1,-1,-1,850.000,900.000,-1,-1,2,0,2,0,2,0,0,0,1,2,2,2,2,0,0,2,2
12,-5818.882,-1290.807,85.162,-124.329,-0.563874,0.825708,0.015900,-0.824275,-0.563879,0.051098,0.051158,0.015707,0.998567,0,0.72727,0.47234,43.636,0.945,-1,400.000,-1,400.000,-1,325.000,325.000,300.000,325.000,-1,-1,-1,-1,875.000,900.000,-1,-1,2,0,2,0,2,0,0,0,0,2,2,2,2,0,0,2,2
13,-5842.741,-1327.014,87.288,-123.383,-0.550117,0.834929,0.016252,-0.833543,-0.550179,0.050097,0.050769,0.014012,0.998612,0,0.72269,0.47318,43.362,0.946,-1,400.000,-1,400.000,-1,325.000,325.000,300.000,325.000,-1,-1,-1,-1,875.000,900.000,-1,-1,2,0,2,0,2,0,0,0,0,2,2,2,2,0,0,2,2
14,-5865.857,-1363.388,89.305,-122.434,-0.536198,0.843939,0.016114,-0.842610,-0.536289,0.049020,0.050012,0.012707,0.998668,0,0.71830,0.47433,43.098,0.949,-1,400.000,-1,425.000,-1,325.000,325.000,300.000,325.000,-1,-1,-1,-1,875.000,900.000,-1,-1,2,0,2,0,2,0,0,0,0,2,2,2,2,0,0,2,2
15,-5888.234,-1399.929,91.276,-121.483,-0.522094,0.852741,0.015841,-0.851470,-0.522207,0.047955,0.049165,0.011549,0.998724,0,0.71414,0.47579,42.848,0.952,-1,400.000,-1,425.000,-1,325.000,325.000,300.000,325.000,-1,-1,-1,-1,875.000,900.000,-1,-1,2,0,2,0,2,0,0,0,0,2,2,2,2,0,0,2,2
16,-5909.881,-1436.637,93.233,-120.528,-0.507793,0.861338,0.015601,-0.860120,-0.507926,0.046951,0.048365,0.010423,0.998775,0,0.71025,0.47755,42.615,0.955,-1,400.000,-1,425.000,-1,325.000,325.000,300.000,325.000,-1,-1,-1,-1,875.000,925.000,-1,-1,2,0,2,0,2,0,0,0,0,2,2,2,2,0,0,2,2
17,-5930.804,-1473.515,95.198,-119.568,-0.493287,0.869730,0.015428,-0.868566,-0.493441,0.045918,0.047549,0.009251,0.998826,0,0.70668,0.47960,42.401,0.959,-1,400.000,-1,425.000,-1,325.000,325.000,300.000,325.000,-1,-1,-1,-1,875.000,925.000,-1,-1,2,0,2,0,2,0,0,0,0,2,2,2,2,0,0,2,2
18,-5951.011,-1510.570,96.889,-118.605,-0.478623,0.877909,0.014007,-0.876821,-0.478742,0.044627,0.045884,0.009078,0.998906,0,0.70344,0.48192,42.206,0.964,-1,400.000,-1,425.000,-1,325.000,325.000,300.000,325.000,-1,-1,-1,-1,850.000,900.000,-1,-1,2,0,2,0,2,0,0,0,0,2,2,2,2,0,0,2,2
19,-5972.643,-1552.302,98.732,-117.401,-0.460109,0.887775,0.012454,-0.886773,-0.460193,0.043086,0.043982,0.008780,0.998994,0,0.78344,0.60192,47.006,1.204,-1,400.000,-1,425.000,-1,325.000,325.000,300.000,325.000,-1,-1,-1,-1,850.000,900.000,-1,-1,2,0,2,0,2,0,0,0,0,2,2,2,2,0,0,2,2
20,-5995.378,-1598.853,100.756,-116.030,-0.438762,0.898535,0.011029,-0.897623,-0.438824,0.041308,0.041956,0.008224,0.999086,0,0.86344,0.68546,51.806,1.371,-1,400.000,-1,425.000,-1,325.000,325.000,300.000,325.000,-1,-1,-1,-1,850.000,900.000,-1,-1,2,0,2,0,2,0,0,0,0,2,2,2,2,0,0,2,2
21,-6018.472,-1649.177,102.947,-114.651,-0.417037,0.908839,0.009625,-0.908021,-0.417078,0.039291,0.039724,0.007646,0.999181,0,0.92283,0.68940,55.370,1.379,-1,400.000,-1,400.000,-1,325.000,325.000,300.000,325.000,-1,-1,-1,-1,825.000,875.000,-1,-1,2,0,2,0,2,0,0,0,0,2,2,2,2,0,0,2,2
22,-6040.294,-1699.936,105.161,-113.263,-0.394916,0.918679,0.008360,-0.917954,-0.394942,0.037168,0.037447,0.007004,0.999274,0,0.92085,0.69403,55.251,1.388,-1,400.000,-1,400.000,-1,325.000,325.000,300.000,300.000,-1,-1,-1,-1,825.000,875.000,-1,-1,2,0,2,0,2,0,0,0,0,2,2,2,2,0,0,2,2
23,-6060.842,-1751.143,107.397,-111.865,-0.372394,0.928046,0.007240,-0.927410,-0.372411,0.034943,0.035125,0.006299,0.999363,0,0.91961,0.69905,55.177,1.398,-1,400.000,-1,400.000,-1,325.000,325.000,300.000,300.000,-1,-1,-1,1000.000,825.000,875.000,-1,-1,2,0,2,0,2,0,0,0,0,2,2,2,1,0,0,2,2
24,-6080.116,-1802.813,109.656,-110.456,-0.349470,0.936927,0.006271,-0.936375,-0.349482,0.032626,0.032759,0.005530,0.999448,0,0.91913,0.70445,55.148,1.409,-1,400.000,-1,400.000,-1,325.000,325.000,300.000,300.000,-1,-1,-1,-1,800.000,850.000,-1,-1,2,0,2,0,2,0,0,0,0,2,2,2,2,0,0,2,2
25,-6098.107,-1854.958,111.935,-109.036,-0.326139,0.945306,0.005480,-0.944834,-0.326152,0.030229,0.030363,0.004682,0.999528,0,0.91937,0.71019,55.162,1.420,-1,400.000,-1,400.000,-1,325.000,325.000,325.000,325.000,-1,-1,-1,-1,800.000,850.000,-1,-1,2,0,2,0,2,0,0,0,0,2,2,2,2,0,0,2,2
26,-6114.807,-1907.592,113.826,-107.603,-0.302384,0.953169,0.005676,-0.952740,-0.302419,0.028790,0.029158,0.003298,0.999569,0,0.92033,0.71627,55.220,1.433,-1,400.000,-1,400.000,-1,325.000,325.000,300.000,325.000,-1,-1,-1,-1,800.000,850.000,-1,-1,2,0,2,0,2,0,0,0,0,2,2,2,2,0,0,2,2
27,-6129.052,-1955.958,115.432,-106.411,-0.282456,0.959261,0.006138,-0.958876,-0.282517,0.027226,0.027851,0.001805,0.999610,0,0.84033,0.59627,50.420,1.193,-1,400.000,-1,400.000,-1,325.000,325.000,300.000,325.000,-1,-1,-1,-1,775.000,850.000,-1,-1,2,0,2,0,2,0,0,0,0,2,2,2,2,0,0,2,2
28,-6141.211,-1999.927,116.890,-105.458,-0.266449,0.963826,0.006650,-0.963481,-0.266532,0.025805,0.026644,0.000468,0.999645,0,0.76033,0.47627,45.620,0.953,-1,400.000,-1,400.000,-1,325.000,325.000,300.000,325.000,-1,-1,-1,-1,775.000,850.000,-1,-1,2,0,2,0,2,0,0,0,0,2,2,2,2,0,0,2,2
29,-6151.452,-2039.441,117.992,-104.530,-0.250807,0.968015,0.006608,-0.967683,-0.250894,0.025323,0.026171,-0.000043,0.999657,0,0.68033,0.46378,40.820,0.928,-1,400.000,-1,400.000,-1,325.000,325.000,300.000,325.000,-1,-1,-1,-1,775.000,850.000,-1,-1,2,0,2,0,2,0,0,0,0,2,2,2,2,0,0,2,2
30,-6159.917,-2074.452,118.775,-103.593,-0.234940,0.971992,0.005916,-0.971670,-0.235015,0.025025,0.025714,0.000131,0.999669,0,0.60033,0.46896,36.020,0.938,-1,400.000,-1,400.000,-1,325.000,325.000,300.000,325.000,-1,-1,-1,-1,775.000,825.000,-1,-1,2,0,2,0,2,0,0,0,0,2,2,2,2,0,0,2,2
31,-6166.752,-2104.915,119.446,-102.645,-0.218849,0.975744,0.005315,-0.975431,-0.218913,0.024737,0.025301,0.000229,0.999680,0,0.52033,0.47364,31.220,0.947,-1,400.000,-1,400.000,-1,325.000,325.000,300.000,325.000,-1,-1,-1,-1,775.000,825.000,-1,-1,2,0,2,0,2,0,0,0,0,2,2,2,2,0,0,2,2
32,-6172.105,-2130.787,120.014,-101.690,-0.202553,0.979259,0.004834,-0.978953,-0.202611,0.024486,0.024958,0.000228,0.999688,0,0.44033,0.47778,26.420,0.956,-1,400.000,-1,400.000,-1,325.000,325.000,300.000,325.000,-1,-1,-1,-1,775.000,825.000,-1,-1,2,0,2,0,2,0,0,0,0,2,2,2,2,0,0,2,2
33,-6176.129,-2152.029,120.479,-100.727,-0.186076,0.982525,0.004462,-0.982225,-0.186130,0.024279,0.024686,0.000135,0.999695,0,0.36033,0.48133,21.620,0.963,-1,400.000,-1,400.000,-1,325.000,325.000,300.000,325.000,-1,-1,-1,-1,775.000,825.000,-1,-1,2,0,2,0,2,0,0,0,0,2,2,2,2,0,0,2,2
34,-6178.980,-2168.605,120.840,-99.758,-0.169443,0.985531,0.004187,-0.985236,-0.169494,0.024124,0.024484,-0.000038,0.999700,0,0.28033,0.48429,16.820,0.969,-1,400.000,-1,400.000,-1,325.000,325.000,300.000,325.000,-1,-1,-1,-1,775.000,825.000,-1,-1,2,0,2,0,2,0,0,0,0,2,2,2,2,0,0,2,2
35,-6180.815,-2180.484,121.096,-98.785,-0.152678,0.988268,0.003999,-0.987976,-0.152730,0.024025,0.024354,-0.000283,0.999703,0,0.20033,0.48662,12.020,0.973,-1,400.000,-1,400.000,-1,325.000,325.000,300.000,325.000,-1,-1,-1,-1,775.000,825.000,-1,-1,2,0,2,0,2,0,0,0,0,2,2,2,2,0,0,2,2
36,-6181.796,-2187.637,121.246,-97.809,-0.135809,0.990727,0.003885,-0.990437,-0.135863,0.023988,0.024293,-0.000590,0.999705,0,0.12033,0.48831,7.220,0.977,-1,400.000,-1,400.000,-1,325.000,325.000,300.000,325.000,-1,-1,-1,-1,775.000,825.000,-1,-1,2,0,2,0,2,0,0,0,0,2,2,2,2,0,0,2,2
37,-6182.084,-2190.039,121.289,-96.830,-0.118864,0.992903,0.003834,-0.992613,-0.118922,0.024016,0.024302,-0.000951,0.999704,0,0.04033,0.48933,2.420,0.979,-1,400.000,-1,400.000,-1,325.000,325.000,300.000,325.000,-1,-1,-1,-1,775.000,825.000,-1,-1,2,0,2,0,2,0,0,0,0,2,2,2,2,0,0,2,2
38,-6181.841,-2187.671,121.226,-95.851,-0.101870,0.994790,0.003833,-0.994499,-0.101934,0.024114,0.024380,-0.001355,0.999702,0,-0.03967,0.48968,-2.380,0.979,-1,400.000,-1,400.000,-1,325.000,325.000,300.000,325.000,-1,-1,-1,-1,775.000,825.000,-1,-1,2,0,2,0,2,0,0,0,0,2,2,2,2,0,0,2,2
39,-6181.202,-2180.520,121.057,-95.111,-0.089020,0.996022,0.003878,-0.995728,-0.089088,0.024269,0.024518,-0.001702,0.999698,0,-0.11967,0.36968,-7.180,0.739,-1,400.000,-1,400.000,-1,325.000,325.000,300.000,325.000,-1,-1,-1,-1,775.000,825.000,-1,-1,2,0,2,0,2,0,0,0,0,2,2,2,2,0,0,2,2
40,-6180.598,-2173.033,120.883,-94.612,-0.080332,0.996760,0.003928,-0.996463,-0.080404,0.024413,0.024650,-0.001953,0.999694,0,-0.12519,0.24968,-7.511,0.499,-1,400.000,-1,400.000,-1,325.000,325.000,300.000,325.000,-1,-1,-1,-1,775.000,825.000,-1,-1,2,0,2,0,2,0,0,0,0,2,2,2,2,0,0,2,2
41,-6180.025,-2165.490,120.709,-94.343,-0.075646,0.997127,0.003981,-0.996827,-0.075721,0.024544,0.024775,-0.002112,0.999691,0,-0.12608,0.13457,-7.565,0.269,-1,400.000,-1,400.000,-1,325.000,325.000,300.000,325.000,-1,-1,-1,-1,775.000,825.000,-1,-1,2,0,2,0,2,0,0,0,0,2,2,2,2,0,0,2,2
42,-6179.484,-2157.894,120.534,-94.076,-0.070996,0.997468,0.004032,-0.997166,-0.071075,0.024676,0.024900,-0.002268,0.999687,0,-0.12693,0.13347,-7.616,0.267,-1,400.000,-1,400.000,-1,325.000,325.000,300.000,325.000,-1,-1,-1,-1,775.000,825.000,-1,-1,2,0,2,0,2,0,0,0,0,2,2,2,2,0,0,2,2
43,-6178.974,-2150.244,120.358,-93.811,-0.066384,0.997786,0.004080,-0.997480,-0.066465,0.024809,0.025025,-0.002423,0.999684,0,-0.12778,0.13235,-7.667,0.265,-1,400.000,-1,400.000,-1,325.000,325.000,300.000,325.000,-1,-1,-1,-1,775.000,825.000,-1,-1,2,0,2,0,2,0,0,0,0,2,2,2,2,0,0,2,2
44,-6178.496,-2142.539,120.181,-93.549,-0.061810,0.998079,0.004126,-0.997771,-0.061894,0.024943,0.025150,-0.002575,0.999680,0,-0.12865,0.13123,-7.719,0.262,-1,400.000,-1,400.000,-1,325.000,325.000,300.000,325.000,-1,-1,-1,-1,775.000,825.000,-1,-1,2,0,2,0,2,0,0,0,0,2,2,2,2,0,0,2,2
45,-6178.051,-2134.781,120.002,-93.288,-0.057274,0.998350,0.004169,-0.998038,-0.057361,0.025078,0.025276,-0.002725,0.999677,0,-0.12952,0.13010,-7.771,0.260,-1,400.000,-1,400.000,-1,325.000,325.000,300.000,325.000,-1,-1,-1,-1,775.000,825.000,-1,-1,2,0,2,0,2,0,0,0,0,2,2,2,2,0,0,2,2
46,-6177.637,-2126.967,119.822,-93.030,-0.052776,0.998597,0.004210,-0.998283,-0.052866,0.025213,0.025401,-0.002872,0.999673,0,-0.13041,0.12896,-7.824,0.258,-1,400.000,-1,400.000,-1,325.000,325.000,300.000,325.000,-1,-1,-1,-1,775.000,825.000,-1,-1,2,0,2,0,2,0,0,0,0,2,2,2,2,0,0,2,2
47,-6177.256,-2119.099,119.642,-92.775,-0.048318,0.998823,0.004248,-0.998506,-0.048411,0.025350,0.025526,-0.003017,0.999670,0,-0.13130,0.12781,-7.878,0.256,-1,400.000,-1,400.000,-1,325.000,325.000,300.000,325.000,-1,-1,-1,-1,775.000,825.000,-1,-1,2,0,2,0,2,0,0,0,0,2,2,2,2,0,0,2,2
48,-6176.907,-2111.175,119.459,-92.522,-0.043899,0.999027,0.004284,-0.998707,-0.043994,0.025488,0.025651,-0.003160,0.999666,0,-0.13219,0.12665,-7.932,0.253,-1,400.000,-1,400.000,-1,325.000,325.000,300.000,325.000,-1,-1,-1,-1,775.000,825.000,-1,-1,2,0,2,0,2,0,0,0,0,2,2,2,2,0,0,2,2
49,-6176.796,-2108.045,119.386,-92.028,-0.035294,0.999368,0.004277,-0.999046,-0.035392,0.025568,0.025704,-0.003371,0.999664,0,-0.05219,0.24665,-3.132,0.493,-1,400.000,-1,400.000,-1,325.000,325.000,300.000,325.000,-1,-1,-1,-1,775.000,825.000,-1,-1,2,0,2,0,2,0,0,0,0,2,2,2,2,0,0,2,2
50,-6176.834,-2109.713,119.422,-91.295,-0.022498,0.999738,0.004235,-0.999417,-0.022599,0.025592,0.025681,-0.003657,0.999664,0,0.02781,0.36665,1.668,0.733,-1,400.000,-1,400.000,-1,325.000,325.000,300.000,325.000,-1,-1,-1,-1,775.000,825.000,-1,-1,2,0,2,0,2,0,0,0,0,2,2,2,2,0,0,2,2
51,-6176.870,-2116.181,119.569,-90.322,-0.005509,0.999976,0.004167,-0.999658,-0.005614,0.025556,0.025579,-0.004025,0.999665,0,0.10781,0.48665,6.468,0.973,-1,400.000,-1,400.000,-1,325.000,325.000,300.000,325.000,-1,-1,-1,-1,775.000,800.000,-1,-1,2,0,2,0,2,0,0,0,0,2,2,2,2,0,0,2,2
52,-6176.695,-2127.448,119.827,-89.108,0.015671,0.999869,0.004090,-0.999555,0.015562,0.025463,0.025396,-0.004487,0.999667,0,0.18781,0.60665,11.268,1.213,-1,400.000,-1,400.000,-1,325.000,325.000,300.000,325.000,-1,-1,-1,-1,775.000,800.000,-1,-1,2,0,2,0,2,0,0,0,0,2,2,2,2,0,0,2,2
53,-6176.037,-2143.503,120.198,-87.655,0.041030,0.999150,0.004025,-0.998842,0.040915,0.025311,0.025125,-0.005058,0.999672,0,0.26781,0.72665,16.068,1.453,-1,400.000,-1,400.000,-1,325.000,325.000,300.000,325.000,-1,-1,-1,-1,775.000,800.000,-1,-1,2,0,2,0,2,0,0,0,0,2,2,2,2,0,0,2,2
54,-6174.567,-2164.320,120.684,-85.962,0.070543,0.997501,0.003997,-0.997201,0.070421,0.025107,0.024763,-0.005757,0.999677,0,0.34781,0.84665,20.868,1.693,-1,400.000,-1,400.000,-1,325.000,325.000,300.000,325.000,-1,-1,-1,-1,775.000,800.000,-1,-1,2,0,2,0,2,0,0,0,0,2,2,2,2,0,0,2,2
55,-6171.900,-2189.849,121.287,-84.036,0.104030,0.994566,0.004036,-0.994277,0.103899,0.024857,0.024303,-0.006599,0.999683,0,0.42781,0.96280,25.668,1.926,-1,400.000,-1,400.000,-1,325.000,325.000,300.000,325.000,-1,-1,-1,-1,775.000,800.000,-1,-1,2,0,2,0,2,0,0,0,0,2,2,2,2,0,0,2,2
56,-6167.714,-2220.028,122.004,-82.103,0.137538,0.990488,0.004177,-0.990212,0.137397,0.024561,0.023754,-0.007514,0.999690,0,0.50781,0.96680,30.468,1.934,-1,400.000,-1,400.000,-1,325.000,325.000,300.000,325.000,-1,-1,-1,-1,775.000,800.000,-1,-1,2,0,2,0,2,0,0,0,0,2,2,2,2,0,0,2,2
57,-6161.686,-2254.778,122.834,-80.159,0.171057,0.985251,0.004439,-0.984990,0.170902,0.024235,0.023118,-0.008518,0.999696,0,0.58781,0.97160,35.268,1.943,-1,400.000,-1,400.000,-1,325.000,325.000,300.000,325.000,-1,-1,-1,-1,775.000,775.000,-1,-1,2,0,2,0,2,0,0,0,0,2,2,2,2,0,0,2,2
58,-6153.496,-2294.000,123.777,-78.205,0.204571,0.978840,0.004844,-0.978595,0.204402,0.023896,0.022400,-0.009629,0.999703,0,0.66781,0.97720,40.068,1.954,-1,400.000,-1,400.000,-1,325.000,325.000,300.000,325.000,-1,-1,-1,-1,775.000,775.000,-1,-1,2,0,2,0,2,0,0,0,0,2,2,2,2,0,0,2,2
59,-6142.822,-2337.580,124.831,-76.238,0.238066,0.971234,0.005410,-0.971009,0.237879,0.023568,0.021603,-0.010864,0.999708,0,0.74781,0.98360,44.868,1.967,-1,400.000,-1,400.000,-1,325.000,325.000,300.000,325.000,-1,-1,-1,-1,775.000,775.000,-1,-1,2,0,2,0,2,0,0,0,0,2,2,2,2,0,0,2,2
60,-6129.557,-2385.444,125.990,-74.511,0.267246,0.963609,0.006142,-0.963405,0.267041,0.023245,0.020759,-0.012129,0.999711,0,0.82781,0.86360,49.668,1.727,-1,400.000,-1,400.000,-1,325.000,325.000,300.000,325.000,-1,-1,-1,-1,775.000,775.000,-1,-1,2,0,2,0,2,0,0,0,0,2,2,2,2,0,0,2,2
61,-6114.206,-2435.729,127.208,-73.023,0.292179,0.956338,0.007003,-0.956157,0.291955,0.022951,0.019904,-0.013402,0.999712,0,0.87627,0.74360,52.576,1.487,-1,400.000,-1,400.000,-1,325.000,325.000,300.000,325.000,-1,-1,-1,-1,750.000,775.000,-1,-1,2,0,2,0,2,0,0,0,0,2,2,2,2,0,0,2,2
62,-6097.745,-2485.724,128.403,-71.776,0.312937,0.949741,0.007885,-0.949583,0.312697,0.022631,0.019028,-0.014569,0.999713,0,0.87724,0.62360,52.635,1.247,-1,400.000,-1,400.000,-1,325.000,325.000,300.000,325.000,-1,-1,-1,-1,750.000,775.000,-1,-1,2,0,2,0,2,0,0,0,0,2,2,2,2,0,0,2,2
63,-6080.408,-2535.421,129.388,-70.769,0.329577,0.944093,0.008202,-0.943959,0.329341,0.021816,0.017895,-0.014933,0.999728,0,0.87724,0.50360,52.635,1.007,-1,400.000,-1,400.000,-1,325.000,325.000,300.000,325.000,-1,-1,-1,-1,750.000,775.000,-1,-1,2,0,2,0,2,0,0,0,0,2,2,2,2,0,0,2,2
64,-6062.408,-2584.882,130.287,-70.002,0.342181,0.939598,0.008164,-0.939477,0.341953,0.021243,0.017168,-0.014939,0.999741,0,0.87724,0.38360,52.635,0.767,-1,400.000,-1,400.000,-1,325.000,325.000,300.000,325.000,-1,-1,-1,-1,750.000,750.000,-1,-1,2,0,2,0,2,0,0,0,0,2,2,2,2,0,0,2,2
65,-6043.953,-2634.175,131.213,-69.475,0.350807,0.936411,0.008237,-0.936301,0.350583,0.020766,0.016558,-0.014997,0.999750,0,0.87724,0.26360,52.635,0.527,-1,400.000,-1,400.000,-1,325.000,325.000,300.000,325.000,-1,-1,-1,-1,725.000,750.000,-1,-1,2,0,2,0,2,0,0,0,0,2,2,2,2,0,0,2,2
66,-6025.251,-2683.375,132.156,-69.187,0.355492,0.934642,0.008370,-0.934542,0.355272,0.020332,0.016030,-0.015050,0.999758,0,0.87724,0.14360,52.635,0.287,-1,400.000,-1,400.000,-1,325.000,325.000,300.000,325.000,-1,-1,-1,-1,725.000,750.000,-1,-1,2,0,2,0,2,0,0,0,0,2,2,2,2,0,0,2,2
67,-6006.509,-2732.559,133.030,-69.140,0.356266,0.934343,0.008774,-0.934250,0.356040,0.020323,0.015865,-0.015437,0.999755,0,0.87724,0.02360,52.635,0.047,-1,375.000,-1,400.000,-1,325.000,325.000,300.000,325.000,-1,-1,-1,-1,725.000,750.000,-1,-1,2,0,2,0,2,0,0,0,0,2,2,2,2,0,0,2,2
68,-5987.932,-2781.807,133.976,-69.333,0.353124,0.935534,0.008913,-0.935439,0.352893,0.020514,0.016046,-0.015581,0.999750,0,0.87724,-0.09640,52.635,-0.193,-1,375.000,-1,400.000,-1,325.000,325.000,300.000,325.000,-1,-1,-1,-1,725.000,750.000,-1,-1,2,0,2,0,2,0,0,0,0,2,2,2,2,0,0,2,2
69,-5969.728,-2831.193,134.969,-69.766,0.346051,0.938173,0.008940,-0.938073,0.345816,0.020763,0.016388,-0.015571,0.999744,0,0.87724,-0.21640,52.635,-0.433,-1,375.000,-1,400.000,-1,325.000,325.000,300.000,325.000,-1,-1,-1,-1,725.000,750.000,-1,-1,2,0,2,0,2,0,0,0,0,2,2,2,2,0,0,2,2
70,-5952.105,-2880.790,135.993,-70.439,0.335014,0.942171,0.008948,-0.942063,0.334776,0.021032,0.016820,-0.015475,0.999739,0,0.87724,-0.33640,52.635,-0.673,-1,375.000,-1,400.000,-1,325.000,325.000,300.000,325.000,-1,-1,-1,-1,700.000,750.000,-1,-1,2,0,2,0,2,0,0,0,0,2,2,2,2,0,0,2,2
71,-5935.275,-2930.661,137.046,-71.351,0.319966,0.947387,0.008932,-0.947271,0.319725,0.021313,0.017336,-0.015280,0.999733,0,0.87724,-0.45640,52.635,-0.913,-1,375.000,-1,400.000,-1,325.000,325.000,300.000,325.000,-1,-1,-1,-1,700.000,750.000,-1,-1,2,0,2,0,2,0,0,0,0,2,2,2,2,0,0,2,2
72,-5919.451,-2980.861,138.141,-72.504,0.300843,0.953633,0.008838,-0.953505,0.300602,0.021619,0.017959,-0.014931,0.999727,0,0.87724,-0.57640,52.635,-1.153,-1,375.000,-1,400.000,-1,325.000,325.000,300.000,325.000,-1,-1,-1,-1,700.000,750.000,-1,-1,2,0,2,0,2,0,0,0,0,2,2,2,2,0,0,2,2
73,-5904.814,-3031.419,139.246,-73.854,0.278298,0.960456,0.008654,-0.960313,0.278059,0.021951,0.018677,-0.014420,0.999722,0,0.87724,-0.67484,52.635,-1.350,-1,375.000,-1,400.000,-1,325.000,325.000,300.000,325.000,-1,-1,-1,-1,700.000,750.000,-1,-1,2,0,2,0,2,0,0,0,0,2,2,2,2,0,0,2,2
74,-5891.372,-3082.309,140.248,-75.204,0.255591,0.966753,0.007906,-0.966583,0.255362,0.022522,0.019754,-0.013399,0.999715,0,0.87724,-0.67484,52.635,-1.350,-1,375.000,-1,400.000,-1,325.000,325.000,300.000,325.000,-1,-1,-1,-1,700.000,750.000,-1,-1,2,0,2,0,2,0,0,0,0,2,2,2,2,0,0,2,2
75,-5879.133,-3133.500,141.276,-76.553,0.232741,0.972512,0.007178,-0.972316,0.232524,0.023103,0.020799,-0.012356,0.999707,0,0.87724,-0.67484,52.635,-1.350,-1,375.000,-1,400.000,-1,325.000,325.000,300.000,325.000,-1,-1,-1,-1,700.000,750.000,-1,-1,2,0,2,0,2,0,0,0,0,2,2,2,2,0,0,2,2
76,-5868.102,-3184.966,142.327,-77.903,0.209760,0.977732,0.006471,-0.977510,0.209555,0.023691,0.021807,-0.011295,0.999698,0,0.87724,-0.67484,52.635,-1.350,-1,375.000,-1,400.000,-1,325.000,325.000,300.000,325.000,-1,-1,-1,-1,700.000,750.000,-1,-1,2,0,2,0,2,0,0,0,0,2,2,2,2,0,0,2,2
77,-5858.287,-3236.677,143.409,-79.253,0.186660,0.982407,0.005828,-0.982161,0.186470,0.024260,0.022747,-0.010252,0.999689,0,0.87724,-0.67484,52.635,-1.350,-1,375.000,-1,400.000,-1,325.000,325.000,300.000,325.000,-1,-1,-1,-1,700.000,750.000,-1,-1,2,0,2,0,2,0,0,0,0,2,2,2,2,0,0,2,2
78,-5849.693,-3288.606,144.584,-80.602,0.163463,0.986534,0.005469,-0.986263,0.163279,0.024986,0.023756,-0.009478,0.999673,0,0.87724,-0.67484,52.635,-1.350,-1,375.000,-1,400.000,-1,325.000,325.000,300.000,325.000,-1,-1,-1,-1,700.000,750.000,-1,-1,2,0,2,0,2,0,0,0,0,2,2,2,2,0,0,2,2
79,-5842.324,-3340.722,145.879,-81.952,0.140165,0.990116,0.004820,-0.989821,0.139999,0.025576,0.024649,-0.008355,0.999661,0,0.87724,-0.67484,52.635,-1.350,-1,375.000,-1,400.000,-1,325.000,325.000,300.000,325.000,-1,-1,-1,-1,700.000,750.000,-1,-1,2,0,2,0,2,0,0,0,0,2,2,2,2,0,0,2,2
80,-5836.184,-3392.997,147.316,-83.302,0.116775,0.993152,0.003678,-0.992828,0.116640,0.026222,0.025613,-0.006713,0.999649,0,0.87724,-0.67484,52.635,-1.350,-1,375.000,-1,400.000,-1,325.000,325.000,300.000,325.000,-1,-1,-1,-1,700.000,750.000,-1,-1,2,0,2,0,2,0,0,0,0,2,2,2,2,0,0,2,2
81,-5831.278,-3445.403,148.768,-84.651,0.093318,0.995633,0.002564,-0.995284,0.093216,0.026853,0.026497,-0.005058,0.999636,0,0.87724,-0.67484,52.635,-1.350,-1,375.000,-1,400.000,-1,325.000,325.000,300.000,325.000,-1,-1,-1,-1,700.000,750.000,-1,-1,2,0,2,0,2,0,0,0,0,2,2,2,2,0,0,2,2
82,-5827.592,-3498.157,150.237,-86.003,0.069764,0.997562,0.001474,-0.997190,0.069697,0.027471,0.027302,-0.003386,0.999622,0,0.88137,-0.67604,52.882,-1.352,-1,375.000,-1,400.000,-1,325.000,325.000,300.000,325.000,-1,-1,-1,-1,700.000,775.000,-1,-1,2,0,2,0,2,0,0,0,0,2,2,2,2,0,0,2,2
83,-5825.137,-3551.373,151.729,-87.359,0.046109,0.998936,0.000385,-0.998544,0.046080,0.028057,0.028010,-0.001678,0.999606,0,0.88788,-0.67774,53.273,-1.355,-1,375.000,-1,400.000,-1,325.000,325.000,300.000,325.000,-1,-1,-1,-1,700.000,775.000,-1,-1,2,0,2,0,2,0,0,0,0,2,2,2,2,0,0,2,2
84,-5823.936,-3605.031,153.238,-88.717,0.022375,0.999749,-0.000700,-0.999340,0.022385,0.028613,0.028622,0.000059,0.999590,0,0.89452,-0.67922,53.671,-1.358,-1,375.000,-1,400.000,-1,325.000,325.000,300.000,325.000,-1,-1,-1,-1,700.000,775.000,-1,-1,2,0,2,0,2,0,0,0,0,2,2,2,2,0,0,2,2
85,-5824.009,-3659.108,154.755,-90.078,-0.001417,0.999997,-0.001762,-0.999574,-0.001365,0.029154,0.029151,0.001802,0.999573,0,0.90129,-0.68046,54.077,-1.361,-1,375.000,-1,400.000,-1,325.000,325.000,300.000,325.000,-1,-1,-1,-1,700.000,775.000,-1,-1,2,0,2,0,2,0,0,0,0,2,2,2,2,0,0,2,2
86,-5825.380,-3713.582,156.275,-91.441,-0.025244,0.999677,-0.002800,-0.999243,-0.025150,0.029676,0.029596,0.003547,0.999556,0,0.90819,-0.68147,54.491,-1.363,-1,375.000,-1,400.000,-1,325.000,325.000,300.000,300.000,-1,-1,-1,-1,700.000,775.000,-1,-1,2,0,2,0,2,0,0,0,0,2,2,2,2,0,0,2,2
87,-5828.067,-3768.429,157.795,-92.806,-0.049084,0.998787,-0.003815,-0.998345,-0.048947,0.030177,0.029954,0.005290,0.999537,0,0.91521,-0.68222,54.913,-1.364,-1,375.000,-1,400.000,-1,325.000,325.000,300.000,300.000,-1,-1,-1,-1,700.000,775.000,-1,-1,2,0,2,0,2,0,0,0,0,2,2,2,2,0,0,2,2
88,-5832.092,-3823.623,159.312,-94.171,-0.072913,0.997327,-0.004824,-0.996880,-0.072732,0.030670,0.030238,0.007045,0.999518,0,0.92235,-0.68270,55.341,-1.365,-1,375.000,-1,400.000,-1,325.000,325.000,300.000,300.000,-1,-1,-1,-1,700.000,775.000,-1,-1,2,0,2,0,2,0,0,0,0,2,2,2,2,0,0,2,2
89,-5837.474,-3879.139,160.818,-95.537,-0.096707,0.995296,-0.005806,-0.994848,-0.096482,0.031135,0.030429,0.008787,0.999498,0,0.92959,-0.68291,55.776,-1.366,-1,375.000,-1,400.000,-1,325.000,325.000,300.000,300.000,-1,-1,-1,-1,700.000,775.000,-1,-1,2,0,2,0,2,0,0,0,0,2,2,2,2,0,0,2,2
90,-5843.601,-3929.745,162.270,-96.904,-0.120483,0.992690,-0.007106,-0.992251,-0.120205,0.031439,0.030355,0.010839,0.999480,0,0.84959,-0.68376,50.976,-1.368,-1,375.000,-1,400.000,-1,325.000,325.000,300.000,300.000,-1,-1,-1,-1,700.000,775.000,-1,-1,2,0,2,0,2,0,0,0,0,2,2,2,2,1,1,2,2
91,-5850.888,-3979.876,163.810,-98.271,-0.144178,0.989514,-0.008623,-0.989092,-0.143840,0.031727,0.030154,0.013103,0.999459,0,0.84431,-0.68325,50.659,-1.367,-1,375.000,-1,400.000,-1,325.000,325.000,300.000,300.000,-1,-1,-1,-1,700.000,750.000,-1,-1,2,0,2,0,2,0,0,0,0,2,2,2,2,1,1,2,2
92,-5859.435,-4030.219,165.454,-99.636,-0.167749,0.985783,-0.009642,-0.985372,-0.167365,0.032101,0.030031,0.014886,0.999438,0,0.85105,-0.68243,51.063,-1.365,-1,375.000,-1,400.000,-1,325.000,325.000,300.000,300.000,-1,-1,-1,-1,675.000,750.000,-1,-1,2,0,2,0,2,0,0,0,0,2,2,2,2,1,1,2,2
93,-5869.254,-4080.745,167.073,-100.998,-0.191182,0.981497,-0.010634,-0.981101,-0.190753,0.032453,0.029824,0.016638,0.999417,0,0.85785,-0.68128,51.471,-1.363,-1,375.000,-1,400.000,-1,325.000,325.000,300.000,300.000,-1,-1,-1,-1,675.000,725.000,-1,-1,2,0,2,0,2,0,0,0,0,2,2,2,2,1,1,2,2
94,-5880.357,-4131.425,168.664,-102.358,-0.214453,0.976665,-0.011600,-0.976288,-0.213981,0.032784,0.029537,0.018355,0.999395,0,0.86470,-0.67979,51.882,-1.360,-1,375.000,-1,400.000,-1,325.000,325.000,300.000,300.000,-1,-1,-1,-1,650.000,700.000,-1,-1,2,0,2,0,2,0,0,0,0,2,2,2,2,1,1,2,2
95,-5892.754,-4182.229,170.221,-103.714,-0.237538,0.971297,-0.012539,-0.970940,-0.237023,0.033091,0.029169,0.020035,0.999374,0,0.87157,-0.67793,52.294,-1.356,-1,375.000,975.000,400.000,-1,325.000,325.000,300.000,300.000,-1,-1,-1,-1,625.000,675.000,-1,-1,2,0,1,0,2,0,0,0,0,2,2,2,2,1,1,2,2
96,-5907.593,-4237.361,171.866,-105.065,-0.260407,0.965404,-0.013523,-0.965071,-0.259850,0.033398,0.028728,0.021748,0.999351,0,0.95157,-0.67554,57.094,-1.351,-1,375.000,900.000,400.000,-1,325.000,325.000,300.000,300.000,-1,-1,-1,-1,600.000,650.000,-1,-1,2,1,1,0,2,0,0,0,0,2,2,2,2,1,1,2,2
97,-5924.535,-4294.920,173.504,-106.402,-0.282895,0.959039,-0.014629,-0.958738,-0.282293,0.033645,0.028137,0.023544,0.999327,0,1.00000,-0.66848,60.000,-1.337,-1,375.000,875.000,400.000,-1,325.000,325.000,300.000,300.000,-1,-1,-1,-1,550.000,625.000,875.000,-1,2,1,1,0,2,0,0,0,0,2,2,2,2,1,1,1,2
98,-5942.798,-4352.073,175.078,-107.722,-0.304946,0.952240,-0.015728,-0.951974,-0.304301,0.033858,0.027455,0.025297,0.999303,0,1.00000,-0.66011,60.000,-1.320,-1,350.000,875.000,400.000,-1,300.000,325.000,300.000,300.000,-1,-1,-1,-1,525.000,600.000,725.000,-1,2,1,1,1,2,1,0,0,0,2,2,2,2,1,1,1,2
99,-5962.354,-4408.796,176.580,-109.023,-0.326507,0.945046,-0.016766,-0.944817,-0.325824,0.034058,0.026724,0.026961,0.999279,0,1.00000,-0.65035,60.000,-1.301,975.000,325.000,875.000,375.000,-1,300.000,300.000,300.000,300.000,-1,-1,-1,-1,475.000,600.000,625.000,-1,1,1,1,1,2,1,1,0,0,2,2,2,2,1,1,1,2
100,-5983.171,-4465.070,178.006,-110.301,-0.347527,0.937502,-0.017740,-0.937311,-0.346808,0.034245,0.025952,0.028529,0.999256,0,1.00000,-0.63909,60.000,-1.278,850.000,300.000,925.000,350.000,-1,275.000,300.000,300.000,300.000,-1,-1,-1,-1,450.000,575.000,525.000,-1,1,1,1,1,2,1,1,0,0,2,2,2,2,1,1,1,2
101,-6005.212,-4520.875,179.525,-111.553,-0.367968,0.929638,-0.019305,-0.929498,-0.367193,0.034673,0.025144,0.030702,0.999212,0,1.00000,-0.62620,60.000,-1.252,675.000,275.000,-1,350.000,-1,250.000,275.000,300.000,300.000,-1,-1,-1,-1,400.000,575.000,425.000,-1,1,1,2,1,2,1,1,0,0,2,2,2,2,1,1,1,2
102,-6028.435,-4576.199,182.810,-112.776,-0.388086,0.921271,-0.025461,-0.921125,-0.386820,0.043581,0.030301,0.040366,0.998725,0,1.00000,-0.61155,60.000,-1.223,600.000,275.000,-1,325.000,-1,225.000,250.000,325.000,300.000,-1,-1,-1,-1,375.000,575.000,400.000,-1,1,1,2,1,2,1,1,0,0,2,2,2,2,1,1,1,2
103,-6052.800,-4631.030,186.350,-113.966,-0.407643,0.912581,-0.032005,-0.912411,-0.405664,0.054254,0.036528,0.051318,0.998014,0,1.00000,-0.59496,60.000,-1.190,575.000,250.000,-1,325.000,-1,225.000,250.000,350.000,300.000,-1,-1,950.000,-1,350.000,650.000,375.000,-1,1,1,2,1,2,1,1,0,0,2,2,0,2,1,1,1,2
104,-6078.261,-4685.361,190.212,-115.119,-0.426599,0.903611,-0.038739,-0.903386,-0.423642,0.066487,0.043667,0.063359,0.997035,0,1.00000,-0.57622,60.000,-1.152,525.000,250.000,-1,325.000,-1,200.000,250.000,375.000,275.000,-1,850.000,450.000,-1,325.000,900.000,350.000,-1,1,1,2,1,2,1,1,0,0,2,0,0,2,1,0,1,2
105,-6104.766,-4739.191,194.531,-116.229,-0.444920,0.894439,-0.044994,-0.894050,-0.440678,0.080479,0.052156,0.076034,0.995740,0,1.00000,-0.55505,60.000,-1.110,500.000,225.000,-1,350.000,-1,200.000,250.000,400.000,275.000,-1,525.000,275.000,1000.000,325.000,900.000,325.000,-1,1,1,2,1,2,1,1,0,0,2,0,0,0,1,1,1,2
106,-7543.224,2295.766,-91.369,146.505,-0.832838,-0.551808,-0.043455,0.550020,-0.833833,0.046898,-0.062113,0.015157,0.997954,1,0.00000,0.00000,60.000,-1.062,-1,375.000,-1,375.000,-1,300.000,300.000,300.000,325.000,-1,-1,-1,-1,700.000,700.000,-1,-1,2,0,2,0,2,0,0,0,0,2,2,2,2,0,0,2,2
107,-7547.238,2298.398,-91.673,146.745,-0.835152,-0.548308,-0.043345,0.546524,-0.836134,0.046800,-0.061903,0.015396,0.997963,0,0.08000,0.12000,4.800,0.240,-1,375.000,-1,375.000,-1,300.000,300.000,300.000,325.000,-1,-1,-1,-1,700.000,700.000,-1,-1,2,0,2,0,2,0,0,0,0,2,2,2,2,0,0,2,2
108,-7555.309,2303.595,-92.277,147.225,-0.839735,-0.541280,-0.043127,0.539504,-0.840692,0.046603,-0.061482,0.015867,0.997982,0,0.16000,0.24000,9.600,0.480,-1,375.000,-1,375.000,-1,300.000,300.000,300.000,325.000,-1,-1,-1,-1,700.000,700.000,-1,-1,2,0,2,0,2,0,0,0,0,2,2,2,2,0,0,2,2
109,-7567.514,2311.238,-93.177,147.945,-0.846498,-0.530668,-0.042806,0.528903,-0.847418,0.046307,-0.060848,0.016558,0.998010,0,0.24000,0.36000,14.400,0.720,-1,375.000,-1,375.000,-1,300.000,300.000,300.000,325.000,-1,-1,-1,-1,700.000,700.000,-1,-1,2,0,2,0,2,0,0,0,0,2,2,2,2,0,0,2,2
110,-7583.955,2321.154,-94.363,148.905,-0.855305,-0.516387,-0.042388,0.514638,-0.856177,0.045910,-0.059999,0.017452,0.998046,0,0.32000,0.48000,19.200,0.960,-1,375.000,-1,375.000,-1,325.000,300.000,300.000,325.000,-1,-1,-1,-1,700.000,700.000,-1,-1,2,0,2,0,2,0,0,0,0,2,2,2,2,0,0,2,2
111,-7604.761,2333.115,-95.825,150.105,-0.865973,-0.498334,-0.041883,0.496606,-0.866787,0.045411,-0.058934,0.018525,0.998090,0,0.40000,0.60000,24.000,1.200,-1,375.000,-1,375.000,-1,325.000,300.000,300.000,325.000,-1,-1,-1,-1,700.000,700.000,-1,-1,2,0,2,0,2,0,0,0,0,2,2,2,2,0,0,2,2
112,-7630.082,2346.838,-97.548,151.545,-0.878267,-0.476383,-0.041301,0.474682,-0.879016,0.044808,-0.057650,0.019749,0.998141,0,0.48000,0.72000,28.800,1.440,-1,375.000,-1,375.000,-1,325.000,300.000,300.000,325.000,-1,-1,-1,-1,700.000,700.000,-1,-1,2,0,2,0,2,0,0,0,0,2,2,2,2,0,0,2,2
113,-7660.079,2361.974,-99.514,153.225,-0.891903,-0.450396,-0.040654,0.448727,-0.892580,0.044099,-0.056149,0.021090,0.998200,0,0.56000,0.84000,33.600,1.680,-1,375.000,-1,375.000,-1,325.000,300.000,300.000,325.000,-1,-1,-1,-1,700.000,700.000,-1,-1,2,0,2,0,2,0,0,0,0,2,2,2,2,0,0,2,2
114,-7694.922,2378.114,-101.704,155.145,-0.906540,-0.420225,-0.039955,0.418595,-0.907141,0.043282,-0.054433,0.022512,0.998264,0,0.64000,0.96000,38.400,1.920,-1,375.000,-1,375.000,-1,325.000,300.000,300.000,325.000,-1,600.000,-1,-1,700.000,700.000,-1,-1,2,0,2,0,2,0,0,0,0,2,0,2,2,0,0,2,2
115,-7734.731,2394.893,-104.094,157.145,-0.920698,-0.388298,-0.039233,0.386715,-0.921226,0.042358,-0.052590,0.023827,0.998332,0,0.72000,1.00000,43.200,2.000,-1,375.000,-1,375.000,-1,325.000,300.000,300.000,325.000,-1,600.000,-1,-1,700.000,700.000,-1,-1,2,0,2,0,2,0,0,0,0,2,0,2,2,0,0,2,2
116,-7779.586,2411.981,-106.602,159.145,-0.933727,-0.355899,-0.038604,0.354353,-0.934185,0.041627,-0.050879,0.025188,0.998387,0,0.80000,1.00000,48.000,2.000,-1,375.000,-1,375.000,-1,300.000,300.000,300.000,300.000,-1,625.000,-1,-1,700.000,700.000,-1,-1,2,0,2,0,2,0,0,0,0,2,0,2,2,0,0,2,2
117,-7829.552,2429.044,-109.160,161.145,-0.945632,-0.323066,-0.037537,0.321560,-0.945997,0.041086,-0.048784,0.026782,0.998450,0,0.88000,1.00000,52.800,2.000,-1,375.000,-1,375.000,-1,300.000,300.000,300.000,300.000,-1,625.000,-1,-1,725.000,700.000,-1,-1,2,0,2,0,2,0,0,0,0,2,0,2,2,0,0,2,2
118,-7883.853,2445.495,-111.716,163.145,-0.956393,-0.289840,-0.036112,0.288378,-0.956648,0.040765,-0.046362,0.028574,0.998516,0,0.94565,1.00000,56.739,2.000,-1,375.000,-1,375.000,-1,325.000,300.000,300.000,300.000,-1,650.000,-1,-1,725.000,700.000,-1,-1,2,0,2,0,2,0,0,0,0,2,0,2,2,0,0,2,2
119,-7938.783,2460.065,-114.157,165.145,-0.965977,-0.256266,-0.034876,0.254849,-0.966136,0.040410,-0.044051,0.030147,0.998574,0,0.94715,1.00000,56.829,2.000,-1,375.000,-1,375.000,-1,325.000,325.000,300.000,300.000,-1,650.000,750.000,-1,725.000,725.000,-1,-1,2,0,2,0,2,0,0,0,0,2,0,0,2,0,0,2,2
120,-7994.269,2472.727,-116.439,167.145,-0.974375,-0.222383,-0.033757,0.221022,-0.974455,0.039838,-0.041754,0.031356,0.998636,0,0.94855,1.00000,56.913,2.000,-1,375.000,-1,375.000,-1,325.000,325.000,300.000,300.000,-1,675.000,775.000,-1,725.000,725.000,-1,-1,2,0,2,0,2,0,0,0,0,2,0,0,2,0,0,2,2
121,-8050.241,2483.460,-118.631,169.145,-0.981581,-0.188233,-0.032675,0.186926,-0.981587,0.039301,-0.039471,0.032470,0.998693,0,0.94987,1.00000,56.992,2.000,-1,375.000,-1,375.000,-1,325.000,325.000,300.000,300.000,-1,700.000,825.000,-1,750.000,750.000,-1,-1,2,0,2,0,2,0,0,0,0,2,0,0,2,0,0,2,2
122,-8106.581,2492.237,-120.736,171.145,-0.987587,-0.153856,-0.031634,0.152603,-0.987525,0.038825,-0.037213,0.033516,0.998745,0,0.95033,1.00000,57.020,2.000,-1,375.000,-1,375.000,-1,325.000,325.000,300.000,300.000,-1,725.000,850.000,-1,750.000,750.000,-1,-1,2,0,2,0,2,0,0,0,0,2,0,0,2,0,0,2,2
123,-8163.192,2499.042,-122.749,173.145,-0.992387,-0.119295,-0.030623,0.118094,-0.992259,0.038409,-0.034968,0.034500,0.998793,0,0.95033,1.00000,57.020,2.000,-1,375.000,-1,400.000,-1,325.000,325.000,300.000,300.000,-1,750.000,900.000,-1,750.000,775.000,-1,-1,2,0,2,0,2,0,0,0,0,2,0,0,2,0,0,2,2
124,-8220.007,2503.868,-124.670,175.145,-0.995975,-0.084590,-0.029632,0.083442,-0.995786,0.038052,-0.032726,0.035426,0.998836,0,0.95033,1.00000,57.020,2.000,-1,400.000,-1,400.000,-1,325.000,325.000,300.000,300.000,-1,775.000,950.000,-1,750.000,775.000,-1,-1,2,0,2,0,2,0,0,0,0,2,0,0,2,0,0,2,2
125,-8276.956,2506.708,-126.497,177.145,-0.998349,-0.049784,-0.028650,0.048688,-0.998100,0.037757,-0.030475,0.036300,0.998876,0,0.95033,1.00000,57.020,2.000,-1,400.000,-1,400.000,-1,325.000,325.000,300.000,300.000,-1,800.000,-1,-1,750.000,800.000,-1,-1,2,0,2,0,2,0,0,0,0,2,0,2,2,0,0,2,2
126,-8333.968,2507.559,-128.229,179.145,-0.999506,-0.014920,-0.027666,0.013877,-0.999199,0.037530,-0.028204,0.037127,0.998912,0,0.95033,1.00000,57.020,2.000,-1,400.000,-1,400.000,-1,325.000,325.000,300.000,300.000,-1,825.000,-1,-1,750.000,800.000,-1,-1,2,0,2,0,2,0,0,0,0,2,0,2,2,0,0,2,2
127,-8390.976,2506.419,-129.865,181.145,-0.999445,0.019960,-0.026671,-0.020950,-0.999082,0.037375,-0.025901,0.037913,0.998945,0,0.95033,1.00000,57.020,2.000,-1,400.000,-1,400.000,-1,325.000,325.000,300.000,300.000,-1,850.000,-1,-1,750.000,800.000,-1,-1,2,0,2,0,2,0,0,0,0,2,0,2,2,0,0,2,2
128,-8447.910,2503.291,-131.406,183.145,-0.998167,0.054813,-0.025656,-0.055749,-0.997748,0.037302,-0.023554,0.038664,0.998975,0,0.95033,1.00000,57.020,2.000,-1,400.000,-1,400.000,-1,325.000,325.000,300.000,300.000,-1,875.000,-1,-1,750.000,825.000,-1,-1,2,0,2,0,2,0,0,0,0,2,0,2,2,0,0,2,2
129,-8504.699,2498.178,-132.842,185.145,-0.995673,0.089598,-0.024631,-0.090478,-0.995200,0.037294,-0.021171,0.039361,0.999001,0,0.95033,1.00000,57.020,2.000,-1,400.000,-1,400.000,-1,325.000,325.000,300.000,300.000,-1,875.000,-1,-1,750.000,850.000,-1,-1,2,0,2,0,2,0,0,0,0,2,0,2,2,0,0,2,2
130,-8561.275,2491.085,-134.275,187.145,-0.991946,0.124269,-0.024484,-0.125140,-0.991411,0.038000,-0.019552,0.040758,0.998978,0,0.95033,1.00000,57.020,2.000,-1,400.000,-1,400.000,-1,325.000,325.000,300.000,300.000,-1,950.000,-1,-1,775.000,875.000,-1,-1,2,0,2,0,2,0,0,0,0,2,0,2,2,0,0,2,2
131,-8617.570,2482.022,-135.544,189.145,-0.986992,0.158782,-0.025214,-0.159682,-0.986400,0.038956,-0.018686,0.042475,0.998923,0,0.95033,1.00000,57.020,2.000,-1,400.000,-1,400.000,-1,325.000,325.000,300.000,300.000,-1,-1,-1,-1,775.000,900.000,-1,-1,2,0,2,0,2,0,0,0,0,2,2,2,2,0,0,2,2
132,-8668.846,2472.143,-136.627,190.905,-0.981638,0.188990,-0.025891,-0.189915,-0.980995,0.039760,-0.017884,0.043947,0.998874,0,0.87033,0.88000,52.220,1.760,-1,400.000,-1,400.000,-1,325.000,325.000,300.000,300.000,-1,-1,-1,-1,775.000,900.000,-1,-1,2,0,2,0,2,0,0,0,0,2,2,2,2,0,0,2,2
133,-8715.155,2461.940,-137.538,192.425,-0.976270,0.214933,-0.026489,-0.215879,-0.975581,0.040471,-0.017144,0.045229,0.998830,0,0.79033,0.76000,47.420,1.520,-1,400.000,-1,400.000,-1,325.000,325.000,300.000,300.000,-1,-1,-1,-1,775.000,925.000,-1,-1,2,0,2,0,2,0,0,0,0,2,2,2,2,0,0,2,2
134,-8760.220,2450.950,-138.366,193.705,-0.971216,0.236659,-0.027064,-0.237628,-0.970484,0.041145,-0.016528,0.046392,0.998787,0,0.77311,0.64000,46.387,1.280,-1,400.000,-1,400.000,-1,325.000,325.000,300.000,300.000,-1,-1,-1,-1,775.000,925.000,-1,-1,2,0,2,0,2,0,0,0,0,2,2,2,2,0,0,2,2
135,-8805.079,2439.143,-139.141,194.745,-0.966751,0.254222,-0.027631,-0.255215,-0.965980,0.041805,-0.016064,0.047467,0.998744,0,0.77311,0.52000,46.387,1.040,-1,400.000,-1,400.000,-1,325.000,325.000,300.000,300.000,-1,-1,-1,-1,775.000,925.000,-1,-1,2,0,2,0,2,0,0,0,0,2,2,2,2,0,0,2,2
136,-8849.769,2426.712,-139.871,195.545,-0.963098,0.267672,-0.028192,-0.268690,-0.962290,0.042460,-0.015764,0.048468,0.998700,0,0.77311,0.40000,46.387,0.800,-1,375.000,-1,400.000,-1,325.000,325.000,300.000,300.000,-1,-1,-1,-1,775.000,950.000,-1,-1,2,0,2,0,2,0,0,0,0,2,2,2,2,0,0,2,2
137,-8894.335,2413.844,-140.563,196.105,-0.960425,0.277051,-0.028748,-0.278100,-0.959584,0.043116,-0.015641,0.049405,0.998656,0,0.77311,0.28000,46.387,0.560,-1,375.000,-1,425.000,-1,325.000,325.000,300.000,300.000,-1,-1,-1,-1,800.000,950.000,-1,-1,2,0,2,0,2,0,0,0,0,2,2,2,2,0,0,2,2
138,-8938.829,2400.727,-141.229,196.425,-0.958851,0.282394,-0.029302,-0.283475,-0.957980,0.043781,-0.015707,0.050286,0.998611,0,0.77311,0.16000,46.387,0.320,-1,375.000,-1,425.000,-1,325.000,325.000,300.000,300.000,-1,-1,-1,-1,800.000,975.000,-1,-1,2,0,2,0,2,0,0,0,0,2,2,2,2,0,0,2,2
