timestep,x_cm,y_cm,z_cm,yaw_deg,basis_xx,basis_xy,basis_xz,basis_yx,basis_yy,basis_yz,basis_zx,basis_zy,basis_zz,teleport_flag,throttle_cmd,steering_cmd,cmd_move_cm,cmd_turn_deg,lidar_cm_0,lidar_cm_1,lidar_cm_2,lidar_cm_3,lidar_cm_4,lidar_cm_5,lidar_cm_6,lidar_cm_7,lidar_cm_8,lidar_cm_9,lidar_cm_10,lidar_cm_11,lidar_cm_12,lidar_cm_13,lidar_cm_14,lidar_cm_15,lidar_cm_16,lidar_class_0,lidar_class_1,lidar_class_2,lidar_class_3,lidar_class_4,lidar_class_5,lidar_class_6,lidar_class_7,lidar_class_8,lidar_class_9,lidar_class_10,lidar_class_11,lidar_class_12,lidar_class_13,lidar_class_14,lidar_class_15,lidar_class_16
0,-2954.657,9507.238,-514.921,-128.150,-0.616356,0.785866,0.050202,-0.786717,-0.617299,0.004307,0.034375,-0.036840,0.998730,1,0.08000,0.12000,4.800,0.240,-1,400.000,-1,375.000,-1,325.000,300.000,325.000,325.000,-1,-1,-1,-1,800.000,675.000,-1,-1,2,0,2,0,2,0,0,0,0,2,2,2,2,0,0,2,2
1,-2960.523,9499.639,-514.598,-127.670,-0.609760,0.790994,0.050209,-0.791867,-0.610681,0.003910,0.033755,-0.037374,0.998731,0,0.16000,0.24000,9.600,0.480,-1,400.000,-1,375.000,-1,325.000,300.000,325.000,325.000,-1,-1,-1,-1,800.000,675.000,-1,-1,2,0,2,0,2,0,0,0,0,2,2,2,2,0,0,2,2
2,-2969.179,9488.131,-514.107,-126.950,-0.599788,0.798580,0.050246,-0.799487,-0.600674,0.003261,0.032785,-0.038215,0.998732,0,0.24000,0.36000,14.400,0.720,-1,400.000,-1,375.000,-1,325.000,300.000,325.000,300.000,-1,-1,-1,-1,800.000,675.000,-1,-1,2,0,2,0,2,0,0,0,0,2,2,2,2,0,0,2,2
3,-2980.461,9472.595,-513.449,-125.990,-0.586345,0.808497,0.050320,-0.809449,-0.587185,0.002400,0.031488,-0.039325,0.998730,0,0.32000,0.48000,19.200,0.960,-1,400.000,-1,375.000,-1,325.000,300.000,325.000,300.000,-1,-1,-1,-1,800.000,675.000,-1,-1,2,0,2,0,2,0,0,0,0,2,2,2,2,0,0,2,2
4,-2994.154,9452.885,-512.620,-124.790,-0.569312,0.820572,0.050445,-0.821579,-0.570094,0.001359,0.029874,-0.040671,0.998726,0,0.40000,0.60000,24.000,1.200,-1,400.000,-1,375.000,-1,325.000,300.000,325.000,300.000,-1,-1,-1,-1,800.000,650.000,-1,-1,2,0,2,0,2,0,0,0,0,2,2,2,2,0,0,2,2
5,-3009.985,9428.827,-511.634,-123.350,-0.548547,0.834583,0.050669,-0.835655,-0.549255,0.000062,0.027882,-0.042308,0.998715,0,0.48000,0.72000,28.800,1.440,-1,400.000,-1,375.000,-1,325.000,300.000,325.000,300.000,-1,-1,-1,-1,800.000,650.000,-1,-1,2,0,2,0,2,0,0,0,0,2,2,2,2,0,0,2,2
6,-3027.625,9400.230,-510.499,-121.670,-0.523890,0.850256,0.051034,-0.851405,-0.524507,-0.001514,0.025480,-0.044244,0.998696,0,0.56000,0.84000,33.600,1.680,-1,400.000,-1,375.000,-1,325.000,300.000,325.000,300.000,-1,-1,-1,-1,800.000,650.000,-1,-1,2,0,2,0,2,0,0,0,0,2,2,2,2,0,0,2,2
7,-3046.821,9366.973,-509.220,-119.996,-0.498884,0.865129,0.051636,-0.866365,-0.499399,-0.003318,0.022916,-0.046391,0.998660,0,0.64000,0.83690,38.400,1.674,-1,400.000,-1,375.000,-1,325.000,300.000,325.000,300.000,-1,-1,-1,-1,800.000,650.000,-1,-1,2,0,2,0,2,0,0,0,0,2,2,2,2,0,0,2,2
8,-3067.320,9328.947,-508.088,-118.331,-0.473529,0.879124,0.053965,-0.880525,-0.473972,-0.005080,0.021112,-0.049923,0.998530,0,0.72000,0.83247,43.200,1.665,-1,400.000,-1,375.000,-1,325.000,300.000,325.000,300.000,-1,-1,-1,-1,800.000,650.000,-1,-1,2,0,2,0,2,0,0,0,0,2,2,2,2,0,0,2,2
9,-3087.981,9288.227,-506.905,-116.906,-0.451507,0.890470,0.056612,-0.892054,-0.451878,-0.006805,0.019522,-0.053573,0.998373,0,0.76105,0.71247,45.663,1.425,-1,400.000,-1,375.000,-1,325.000,300.000,325.000,300.000,-1,-1,-1,-1,800.000,675.000,-1,-1,2,0,2,0,2,0,0,0,0,2,2,2,2,0,0,2,2
10,-3107.763,9247.156,-505.756,-115.721,-0.432985,0.899439,0.059450,-0.901220,-0.433277,-0.008546,0.018072,-0.057278,0.998195,0,0.75978,0.59247,45.587,1.185,-1,400.000,-1,375.000,-1,325.000,300.000,325.000,300.000,-1,-1,-1,-1,775.000,675.000,-1,-1,2,0,2,0,2,0,0,0,0,2,2,2,2,0,0,2,2
11,-3126.829,9205.840,-504.641,-114.776,-0.418083,0.906258,0.062465,-0.908254,-0.418291,-0.010340,0.016758,-0.061057,0.997994,0,0.75838,0.47247,45.503,0.945,-1,400.000,-1,375.000,-1,325.000,300.000,325.000,300.000,-1,-1,-1,-1,775.000,675.000,-1,-1,2,0,2,0,2,0,0,0,0,2,2,2,2,0,0,2,2
12,-3145.201,9164.307,-503.528,-113.866,-0.403626,0.912571,0.065567,-0.914793,-0.403742,-0.012076,0.015451,-0.064854,0.997775,0,0.75692,0.45522,45.415,0.910,-1,400.000,-1,375.000,-1,325.000,300.000,300.000,300.000,-1,-1,-1,-1,775.000,675.000,-1,-1,2,0,2,0,2,0,0,0,0,2,2,2,2,0,0,2,2
13,-3163.271,9121.595,-502.396,-112.935,-0.388762,0.918764,0.068827,-0.921231,-0.388772,-0.013799,0.014080,-0.068770,0.997533,0,0.77297,0.46508,46.378,0.930,-1,400.000,-1,375.000,-1,325.000,300.000,300.000,325.000,-1,-1,-1,-1,750.000,675.000,-1,-1,2,0,2,0,2,0,0,0,0,2,2,2,2,0,0,2,2
14,-3180.655,9078.598,-501.768,-112.016,-0.373896,0.924746,0.071033,-0.927363,-0.373923,-0.013425,0.014146,-0.070894,0.997384,0,0.77298,0.45973,46.379,0.919,-1,400.000,-1,375.000,-1,325.000,300.000,300.000,325.000,-1,-1,-1,-1,750.000,675.000,-1,-1,2,0,2,0,2,0,0,0,0,2,2,2,2,0,0,2,2
15,-3197.348,9035.351,-501.267,-111.107,-0.359144,0.930445,0.072715,-0.933180,-0.359168,-0.013210,0.013826,-0.072601,0.997265,0,0.77261,0.45430,46.357,0.909,-1,400.000,-1,375.000,-1,325.000,300.000,300.000,300.000,-1,-1,-1,-1,750.000,675.000,-1,-1,2,0,2,0,2,0,0,0,0,2,2,2,2,0,0,2,2
16,-3213.345,8991.890,-500.819,-110.210,-0.344499,0.935849,0.074202,-0.938692,-0.344506,-0.013110,0.013294,-0.074170,0.997157,0,0.77187,0.44884,46.312,0.898,-1,400.000,-1,375.000,-1,325.000,300.000,300.000,300.000,-1,-1,-1,-1,750.000,675.000,-1,-1,2,0,2,0,2,0,0,0,0,2,2,2,2,0,0,2,2
17,-3228.645,8948.250,-500.378,-109.323,-0.329957,0.940955,0.075713,-0.943911,-0.329942,-0.013059,0.012693,-0.075775,0.997044,0,0.77075,0.44336,46.245,0.887,-1,400.000,-1,375.000,-1,325.000,325.000,300.000,300.000,-1,-1,-1,-1,750.000,675.000,-1,-1,2,0,2,0,2,0,0,0,0,2,2,2,2,0,0,2,2
18,-3243.249,8904.464,-499.946,-108.447,-0.315522,0.945769,0.077246,-0.948842,-0.315481,-0.013054,0.012024,-0.077413,0.996927,0,0.76929,0.43791,46.158,0.876,-1,400.000,-1,375.000,-1,325.000,325.000,300.000,300.000,-1,-1,-1,-1,750.000,675.000,-1,-1,2,0,2,0,2,0,0,0,0,2,2,2,2,0,0,2,2
19,-3257.158,8860.565,-499.526,-107.582,-0.301201,0.950299,0.078801,-0.953494,-0.301127,-0.013093,0.011287,-0.079080,0.996804,0,0.76750,0.43252,46.050,0.865,-1,400.000,-1,375.000,-1,325.000,325.000,300.000,300.000,-1,-1,-1,-1,750.000,700.000,-1,-1,2,0,2,0,2,0,0,0,0,2,2,2,2,0,0,2,2
20,-3270.370,8816.583,-499.121,-106.722,-0.286903,0.954582,0.080378,-0.957902,-0.286791,-0.013175,0.010475,-0.080774,0.996677,0,0.76541,0.42999,45.925,0.860,-1,400.000,-1,375.000,-1,325.000,325.000,300.000,300.000,-1,-1,-1,-1,750.000,700.000,-1,-1,2,0,2,0,2,0,0,0,0,2,2,2,2,0,0,2,2
21,-3282.885,8772.545,-498.732,-105.866,-0.272618,0.958624,0.081975,-0.962075,-0.272463,-0.013296,0.009589,-0.082491,0.996546,0,0.76304,0.42793,45.782,0.856,-1,400.000,-1,375.000,-1,325.000,325.000,300.000,300.000,-1,-1,-1,-1,750.000,700.000,-1,-1,2,0,2,0,2,0,0,0,0,2,2,2,2,0,0,2,2
22,-3294.702,8728.478,-498.346,-105.014,-0.258337,0.962426,0.083660,-0.966016,-0.258134,-0.013425,0.008675,-0.084285,0.996404,0,0.76041,0.42617,45.625,0.852,-1,400.000,-1,375.000,-1,325.000,325.000,300.000,300.000,-1,-1,-1,-1,750.000,700.000,-1,-1,2,0,2,0,2,0,0,0,0,2,2,2,2,0,0,2,2
23,-3305.823,8684.405,-497.926,-104.165,-0.244076,0.966018,0.085070,-0.969727,-0.243805,-0.013723,0.007484,-0.085844,0.996280,0,0.75758,0.42472,45.455,0.849,-1,400.000,-1,375.000,-1,325.000,300.000,300.000,300.000,-1,-1,-1,-1,725.000,700.000,-1,-1,2,0,2,0,2,0,0,0,0,2,2,2,2,0,0,2,2
24,-3316.250,8640.348,-497.529,-103.317,-0.229812,0.969386,0.086471,-0.973215,-0.229465,-0.014076,0.006197,-0.087389,0.996155,0,0.75458,0.42358,45.275,0.847,-1,400.000,-1,375.000,-1,325.000,300.000,300.000,300.000,-1,-1,-1,-1,725.000,700.000,-1,-1,2,0,2,0,2,0,0,0,0,2,2,2,2,0,0,2,2
25,-3325.985,8596.326,-497.169,-102.472,-0.215536,0.972531,0.087910,-0.976484,-0.215105,-0.014459,0.004848,-0.088959,0.996023,0,0.75144,0.42275,45.086,0.845,-1,375.000,-1,375.000,-1,325.000,300.000,300.000,300.000,-1,-1,-1,-1,725.000,700.000,-1,-1,2,0,2,0,2,0,0,0,0,2,2,2,2,0,0,2,2
26,-3335.031,8552.354,-496.811,-101.627,-0.201203,0.975468,0.089329,-0.979542,-0.200722,-0.014421,0.003863,-0.090403,0.995898,0,0.74822,0.42224,44.893,0.844,-1,375.000,-1,375.000,-1,325.000,300.000,300.000,300.000,-1,-1,-1,-1,725.000,700.000,-1,-1,2,0,2,0,2,0,0,0,0,2,2,2,2,0,0,2,2
27,-3343.392,8508.447,-496.401,-100.783,-0.186816,0.978222,0.090452,-0.982390,-0.186312,-0.014061,0.003098,-0.091486,0.995802,0,0.74495,0.42203,44.697,0.844,-1,375.000,-1,375.000,-1,325.000,300.000,300.000,300.000,-1,-1,-1,-1,725.000,700.000,-1,-1,2,0,2,0,2,0,0,0,0,2,2,2,2,0,0,2,2
28,-3351.393,8462.768,-496.124,-99.936,-0.172311,0.980802,0.091307,-0.985039,-0.171820,-0.013277,0.002666,-0.092228,0.995734,0,0.77293,0.42349,46.376,0.847,-1,375.000,-1,375.000,-1,325.000,300.000,300.000,300.000,-1,-1,-1,-1,725.000,700.000,-1,-1,2,0,2,0,2,0,0,0,0,2,2,2,2,0,0,2,2
29,-3358.705,8417.116,-495.909,-99.100,-0.157931,0.983143,0.092123,-0.987447,-0.157470,-0.012299,0.002415,-0.092909,0.995672,0,0.77057,0.41831,46.234,0.837,-1,375.000,-1,375.000,-1,325.000,300.000,300.000,300.000,-1,-1,-1,-1,725.000,700.000,-1,-1,2,0,2,0,2,0,0,0,0,2,2,2,2,0,0,2,2
30,-3365.329,8371.522,-495.743,-98.268,-0.143603,0.985265,0.092906,-0.989633,-0.143168,-0.011364,0.002105,-0.093575,0.995610,0,0.76789,0.41602,46.073,0.832,-1,375.000,-1,375.000,-1,325.000,325.000,300.000,300.000,-1,-1,-1,-1,725.000,700.000,-1,-1,2,0,2,0,2,0,0,0,0,2,2,2,2,0,0,2,2
31,-3371.270,8326.014,-495.628,-97.440,-0.129319,0.987170,0.093658,-0.991602,-0.128906,-0.010470,0.001737,-0.094226,0.995549,0,0.76492,0.41404,45.895,0.828,-1,400.000,-1,375.000,-1,325.000,325.000,300.000,300.000,-1,-1,-1,-1,700.000,700.000,-1,-1,2,0,2,0,2,0,0,0,0,2,2,2,2,0,0,2,2
32,-3376.534,8280.617,-495.563,-96.615,-0.115071,0.988863,0.094381,-0.993356,-0.114676,-0.009614,0.001317,-0.094860,0.995490,0,0.76169,0.41238,45.702,0.825,-1,400.000,-1,375.000,-1,325.000,325.000,300.000,300.000,-1,-1,-1,-1,700.000,700.000,-1,-1,2,0,2,0,2,0,0,0,0,2,2,2,2,0,0,2,2
33,-3381.125,8235.355,-495.549,-95.793,-0.100851,0.990348,0.095077,-0.994901,-0.100471,-0.008792,0.000846,-0.095479,0.995431,0,0.75826,0.41104,45.495,0.822,-1,400.000,-1,375.000,-1,325.000,325.000,300.000,300.000,-1,-1,-1,-1,700.000,700.000,-1,-1,2,0,2,0,2,0,0,0,0,2,2,2,2,0,0,2,2
34,-3385.049,8190.247,-495.588,-94.973,-0.086651,0.991627,0.095747,-0.996239,-0.086281,-0.008000,0.000328,-0.096080,0.995374,0,0.75465,0.41002,45.279,0.820,-1,400.000,-1,375.000,-1,325.000,325.000,300.000,300.000,-1,-1,-1,-1,700.000,700.000,-1,-1,2,0,2,0,2,0,0,0,0,2,2,2,2,0,0,2,2
35,-3388.884,8140.315,-495.662,-94.393,-0.076566,0.992384,0.096494,-0.997064,-0.076233,-0.007134,0.000276,-0.096757,0.995308,0,0.83465,0.29002,50.079,0.580,-1,375.000,-1,375.000,-1,325.000,325.000,300.000,300.000,-1,-1,-1,-1,700.000,700.000,-1,-1,2,0,2,0,2,0,0,0,0,2,2,2,2,0,0,2,2
36,-3392.467,8089.733,-495.749,-94.053,-0.070615,0.992749,0.097282,-0.997503,-0.070338,-0.006288,0.000601,-0.097483,0.995237,0,0.84515,0.17002,50.709,0.340,-1,375.000,-1,375.000,-1,325.000,325.000,300.000,300.000,-1,-1,-1,-1,700.000,700.000,-1,-1,2,0,2,0,2,0,0,0,0,2,2,2,2,0,0,2,2
37,-3395.948,8039.350,-495.840,-93.953,-0.068801,0.992799,0.098066,-0.997630,-0.068599,-0.005433,0.001333,-0.098207,0.995165,0,0.84173,0.05002,50.504,0.100,-1,375.000,-1,375.000,-1,325.000,325.000,300.000,300.000,-1,-1,-1,-1,700.000,700.000,-1,-1,2,0,2,0,2,0,0,0,0,2,2,2,2,0,0,2,2
38,-3399.538,7989.157,-495.917,-94.093,-0.071123,0.992557,0.098859,-0.997464,-0.071019,-0.004573,0.002482,-0.098933,0.995091,0,0.83868,-0.06998,50.321,-0.140,-1,375.000,-1,375.000,-1,300.000,325.000,300.000,300.000,-1,-1,-1,-1,675.000,700.000,-1,-1,2,0,2,0,2,0,0,0,0,2,2,2,2,0,0,2,2
39,-3403.450,7939.147,-495.961,-94.473,-0.077577,0.991991,0.099674,-0.996978,-0.077594,-0.003711,0.004053,-0.099661,0.995013,0,0.83604,-0.18998,50.163,-0.380,-1,375.000,-1,375.000,-1,300.000,300.000,300.000,300.000,-1,825.000,-1,-1,675.000,700.000,-1,-1,2,0,2,0,2,0,0,0,0,2,0,2,2,0,0,2,2
40,-3407.891,7889.314,-495.876,-95.093,-0.088176,0.991052,0.100203,-0.996088,-0.088319,-0.003013,0.005864,-0.100077,0.994962,0,0.83383,-0.30998,50.030,-0.620,-1,375.000,-1,375.000,-1,300.000,300.000,300.000,300.000,-1,700.000,-1,-1,675.000,700.000,-1,-1,2,0,2,0,2,0,0,0,0,2,0,2,2,0,0,2,2
41,-3413.070,7839.659,-495.230,-95.953,-0.102867,0.989753,0.099029,-0.994659,-0.103198,-0.001781,0.008457,-0.098683,0.995083,0,0.83204,-0.42998,49.923,-0.860,-1,375.000,-1,375.000,-1,300.000,300.000,300.000,300.000,-1,675.000,-1,-1,675.000,700.000,-1,-1,2,0,2,0,2,0,0,0,0,2,0,2,2,0,0,2,2
42,-3419.143,7790.189,-494.285,-96.996,-0.120644,0.987773,0.098743,-0.992626,-0.121219,-0.000178,0.011794,-0.098036,0.995113,0,0.83068,-0.52191,49.841,-1.044,-1,375.000,-1,375.000,-1,300.000,325.000,300.000,300.000,-1,650.000,750.000,-1,675.000,700.000,-1,-1,2,0,2,0,2,0,0,0,0,2,0,0,2,0,0,2,2
43,-3426.105,7740.898,-493.256,-98.038,-0.138352,0.985467,0.098552,-0.990268,-0.139167,0.001402,0.015096,-0.097399,0.995131,0,0.82964,-0.52088,49.779,-1.042,-1,375.000,-1,375.000,-1,300.000,325.000,300.000,300.000,-1,650.000,725.000,-1,675.000,700.000,-1,-1,2,0,2,0,2,0,0,0,0,2,0,0,2,0,0,2,2
44,-3433.951,7691.801,-492.146,-99.078,-0.155982,0.982841,0.098456,-0.987589,-0.157031,0.002951,0.018361,-0.096774,0.995137,0,0.82866,-0.51974,49.720,-1.039,-1,375.000,-1,375.000,1000.000,325.000,325.000,300.000,300.000,-1,650.000,700.000,-1,675.000,700.000,-1,-1,2,0,2,0,1,0,0,0,0,2,0,0,2,0,0,2,2
45,-3442.675,7642.907,-490.956,-100.115,-0.173523,0.979896,0.098457,-0.984593,-0.174803,0.004463,0.021584,-0.096165,0.995131,0,0.82774,-0.51850,49.664,-1.037,-1,375.000,-1,375.000,950.000,325.000,325.000,300.000,300.000,-1,625.000,675.000,-1,700.000,725.000,-1,-1,2,0,2,0,1,0,0,0,0,2,0,0,2,0,0,2,2
46,-3452.270,7594.230,-489.686,-101.149,-0.190966,0.976637,0.098554,-0.981284,-0.192474,0.005934,0.024764,-0.095576,0.995114,0,0.82688,-0.51716,49.613,-1.034,-1,375.000,-1,400.000,925.000,325.000,325.000,300.000,300.000,-1,625.000,650.000,-1,700.000,725.000,-1,-1,2,0,2,0,1,0,0,0,0,2,0,0,2,0,0,2,2
47,-3462.729,7545.780,-488.339,-102.180,-0.208303,0.973067,0.098746,-0.977666,-0.210034,0.007355,0.027897,-0.095008,0.995086,0,0.82608,-0.51571,49.565,-1.031,-1,375.000,-1,400.000,875.000,325.000,325.000,300.000,300.000,-1,625.000,650.000,-1,700.000,725.000,-1,-1,2,0,2,0,1,0,0,0,0,2,0,0,2,0,0,2,2
48,-3474.046,7497.568,-486.915,-103.209,-0.225525,0.969191,0.099033,-0.973745,-0.227476,0.008723,0.030982,-0.094466,0.995046,0,0.82535,-0.51417,49.521,-1.028,-1,375.000,-1,400.000,850.000,325.000,325.000,300.000,300.000,-1,625.000,625.000,-1,700.000,725.000,-1,-1,2,0,2,0,1,0,0,0,0,2,0,0,2,0,0,2,2
49,-3487.155,7445.762,-485.296,-104.199,-0.242030,0.965160,0.099432,-0.969671,-0.244205,0.010133,0.034062,-0.093964,0.994993,0,0.89062,-0.49517,53.437,-0.990,-1,375.000,-1,400.000,800.000,325.000,325.000,300.000,300.000,-1,650.000,625.000,-1,700.000,725.000,-1,-1,2,0,2,0,1,0,0,0,0,2,0,0,2,0,0,2,2
50,-3501.193,7394.095,-483.596,-105.199,-0.258628,0.960794,0.099934,-0.965264,-0.261024,0.011475,0.037111,-0.093495,0.994928,0,0.89233,-0.50002,53.540,-1.000,-1,375.000,-1,400.000,775.000,325.000,325.000,300.000,300.000,-1,650.000,625.000,-1,700.000,725.000,-1,-1,2,0,2,0,1,0,0,0,0,2,0,0,2,0,0,2,2
51,-3516.166,7342.593,-481.814,-106.209,-0.275313,0.956083,0.100538,-0.960517,-0.277930,0.012742,0.040125,-0.093060,0.994852,0,0.89388,-0.50497,53.633,-1.010,-1,375.000,-1,400.000,725.000,325.000,325.000,300.000,300.000,-1,650.000,625.000,-1,700.000,725.000,-1,975.000,2,0,2,0,1,0,0,0,0,2,0,0,2,0,0,2,1
52,-3532.078,7291.287,-479.801,-107.229,-0.292156,0.951072,0.100532,-0.955420,-0.294934,0.013646,0.042629,-0.092064,0.994840,0,0.89527,-0.51003,53.716,-1.020,-1,375.000,-1,375.000,700.000,325.000,325.000,300.000,300.000,-1,675.000,625.000,-1,700.000,725.000,-1,925.000,2,0,2,0,1,0,0,0,0,2,0,0,2,0,0,2,1
53,-3548.934,7240.207,-477.378,-108.259,-0.309141,0.945813,0.099346,-0.949948,-0.312054,0.014864,0.045060,-0.089778,0.994942,0,0.89647,-0.51519,53.788,-1.030,-1,375.000,-1,375.000,650.000,325.000,325.000,300.000,300.000,-1,700.000,650.000,-1,725.000,700.000,-1,875.000,2,0,2,0,1,0,0,0,0,2,0,0,2,0,0,2,1
54,-3566.735,7189.385,-474.833,-109.300,-0.326198,0.940190,0.098166,-0.944100,-0.329256,0.016289,0.047637,-0.087365,0.995037,0,0.89747,-0.52046,53.848,-1.041,-1,400.000,-1,375.000,625.000,325.000,325.000,300.000,300.000,-1,700.000,650.000,-1,725.000,700.000,-1,800.000,2,0,2,0,1,0,0,0,0,2,0,0,2,0,0,2,1
55,-3585.482,7138.854,-472.141,-110.352,-0.343338,0.934153,0.097350,-0.937883,-0.346518,0.017354,0.049945,-0.085344,0.995099,0,0.89826,-0.52584,53.896,-1.052,-1,400.000,-1,375.000,575.000,325.000,325.000,300.000,300.000,-1,725.000,675.000,-1,725.000,700.000,-1,750.000,2,0,2,0,1,0,0,0,0,2,0,0,2,0,0,2,1
56,-3605.174,7088.647,-469.210,-111.415,-0.360534,0.927667,0.097207,-0.931296,-0.363823,0.017930,0.051999,-0.084064,0.995103,0,0.89883,-0.53134,53.930,-1.063,-1,375.000,-1,375.000,550.000,325.000,325.000,300.000,300.000,-1,775.000,700.000,-1,725.000,700.000,-1,700.000,2,0,2,0,1,0,0,0,0,2,0,0,2,0,0,2,1
57,-3625.812,7038.799,-466.083,-112.489,-0.377722,0.920737,0.097820,-0.924319,-0.381167,0.018596,0.054407,-0.083393,0.995030,0,0.89916,-0.53696,53.950,-1.074,-1,375.000,-1,375.000,500.000,325.000,325.000,300.000,300.000,-1,800.000,725.000,-1,725.000,700.000,-1,650.000,2,0,2,0,1,0,0,0,0,2,0,0,2,0,1,2,1
58,-3647.391,6989.347,-462.897,-113.574,-0.394958,0.913394,0.098586,-0.916943,-0.398558,0.019138,0.056773,-0.082839,0.994944,0,0.89924,-0.54269,53.954,-1.085,-1,375.000,-1,375.000,475.000,325.000,325.000,300.000,300.000,-1,825.000,775.000,-1,725.000,650.000,-1,600.000,2,0,2,0,1,0,0,0,0,2,0,0,2,0,1,2,1
59,-3669.909,6940.328,-459.654,-114.671,-0.412233,0.905628,0.099506,-0.909160,-0.415988,0.019547,0.059095,-0.082409,0.994845,0,0.89905,-0.54854,53.943,-1.097,-1,375.000,-1,375.000,425.000,325.000,325.000,300.000,300.000,-1,850.000,800.000,-1,725.000,625.000,-1,550.000,2,0,2,0,1,0,0,0,0,2,0,0,2,0,1,2,1
60,-3693.358,6891.778,-456.357,-115.780,-0.429539,0.897430,0.100578,-0.900960,-0.433449,0.019809,0.061372,-0.082108,0.994732,0,0.89859,-0.55450,53.915,-1.109,-1,375.000,-1,375.000,400.000,325.000,300.000,300.000,300.000,-1,875.000,825.000,-1,700.000,575.000,-1,500.000,2,0,2,0,1,0,0,0,0,2,0,0,2,0,1,2,1
61,-3717.734,6843.737,-452.881,-116.901,-0.446854,0.888827,0.101525,-0.892313,-0.450951,0.020517,0.064019,-0.081424,0.994621,0,0.89784,-0.56056,53.870,-1.121,-1,375.000,-1,375.000,350.000,325.000,300.000,275.000,300.000,-1,875.000,825.000,-1,725.000,550.000,-1,450.000,2,0,2,0,1,0,0,0,0,2,0,0,2,0,1,2,1
62,-3743.026,6796.243,-449.208,-118.035,-0.464169,0.879815,0.102334,-0.883201,-0.468488,0.021782,0.067106,-0.080271,0.994512,0,0.89679,-0.56673,53.808,-1.133,-1,375.000,-1,375.000,325.000,325.000,325.000,275.000,300.000,-1,875.000,825.000,-1,725.000,500.000,-1,400.000,2,0,2,0,1,0,0,0,0,2,0,0,2,0,1,2,1
63,-3767.415,6752.976,-445.725,-119.408,-0.484948,0.868435,0.103181,-0.871701,-0.489500,0.022960,0.070446,-0.078808,0.994398,0,0.82777,-0.68673,49.666,-1.373,-1,375.000,-1,375.000,300.000,325.000,325.000,275.000,300.000,-1,850.000,800.000,-1,725.000,475.000,-1,350.000,2,0,2,0,1,0,0,0,0,2,0,0,2,0,1,2,1
64,-3792.989,6710.456,-441.977,-121.022,-0.509122,0.854470,0.103321,-0.857541,-0.513855,0.024016,0.073613,-0.076375,0.994358,0,0.82696,-0.80673,49.618,-1.613,-1,375.000,-1,350.000,250.000,325.000,325.000,300.000,300.000,-1,875.000,825.000,-1,750.000,425.000,-1,300.000,2,0,2,1,1,0,0,0,1,2,0,0,2,0,1,2,1
65,-3819.910,6668.809,-438.067,-122.875,-0.536432,0.837590,0.103359,-0.840428,-0.541344,0.025073,0.076954,-0.073415,0.994328,0,0.82648,-0.92673,49.589,-1.853,-1,375.000,-1,325.000,225.000,325.000,325.000,300.000,300.000,-1,900.000,850.000,-1,750.000,400.000,-1,250.000,2,0,2,1,1,0,0,0,1,2,0,0,2,0,1,2,1
66,-3848.263,6628.133,-434.007,-124.875,-0.565272,0.818383,0.103522,-0.820958,-0.570382,0.026329,0.080594,-0.070104,0.994279,0,0.82636,-1.00000,49.582,-2.000,-1,400.000,-1,300.000,175.000,325.000,325.000,300.000,275.000,-1,925.000,875.000,-1,750.000,350.000,-1,200.000,2,0,2,1,1,0,0,0,1,2,0,0,2,0,1,2,1
67,-3878.020,6588.466,-428.833,-126.875,-0.592845,0.797952,0.108662,-0.800587,-0.598576,0.027707,0.087151,-0.070567,0.993693,0,0.82643,-1.00000,49.586,-2.000,-1,400.000,-1,275.000,150.000,325.000,300.000,300.000,275.000,-1,700.000,750.000,-1,800.000,325.000,-1,175.000,2,0,2,1,1,0,1,0,1,2,0,0,2,0,1,2,1
68,-3909.133,6549.855,-418.091,-128.875,-0.616000,0.775244,0.139791,-0.780122,-0.624985,0.028333,0.109332,-0.091601,0.989776,0,0.82634,-1.00000,49.581,-2.000,-1,450.000,-1,250.000,150.000,375.000,275.000,275.000,275.000,-1,300.000,400.000,-1,975.000,300.000,-1,150.000,2,0,2,1,1,1,1,0,1,2,0,0,2,0,1,2,1
69,-3944.418,6509.058,-406.063,-130.875,-0.636668,0.751030,0.174950,-0.759483,-0.649990,0.026427,0.133563,-0.116046,0.984223,0,0.89884,-1.00000,53.930,-2.000,-1,500.000,-1,250.000,150.000,375.000,275.000,275.000,300.000,675.000,175.000,300.000,-1,-1,300.000,-1,150.000,2,0,2,1,1,1,1,0,1,0,0,0,2,2,1,2,1
70,-3981.330,6469.266,-393.499,-132.875,-0.655010,0.725365,0.211680,-0.738915,-0.673462,0.021300,0.158009,-0.142461,0.977107,0,0.90442,-1.00000,54.265,-2.000,-1,525.000,-1,250.000,150.000,375.000,275.000,250.000,300.000,450.000,100.000,250.000,-1,-1,325.000,-1,150.000,2,1,2,1,1,1,1,0,1,0,0,0,2,2,1,2,1
71,-4019.839,6430.541,-380.382,-134.875,-0.670950,0.698215,0.249642,-0.718729,-0.695176,0.012623,0.182359,-0.170955,0.968256,0,0.90998,-1.00000,54.599,-2.000,-1,625.000,-1,250.000,150.000,375.000,275.000,250.000,300.000,325.000,50.000,225.000,-1,-1,325.000,-1,150.000,2,1,2,1,1,1,1,0,1,0,0,0,2,2,1,2,1
72,-4059.914,6392.950,-366.560,-136.875,-0.684787,0.669759,0.287211,-0.699027,-0.715095,0.000892,0.205980,-0.200157,0.957867,0,0.91551,-1.00000,54.931,-2.000,-1,750.000,-1,250.000,125.000,400.000,275.000,225.000,325.000,250.000,25.000,200.000,-1,-1,375.000,-1,150.000,2,0,2,1,1,1,1,0,1,0,0,0,2,2,1,2,1
73,-4101.519,6356.555,-352.243,-138.875,-0.696334,0.639945,0.324945,-0.680151,-0.732937,-0.014072,0.229159,-0.230811,0.945628,0,0.92096,-1.00000,55.257,-2.000,-1,875.000,-1,275.000,125.000,450.000,300.000,200.000,350.000,175.000,25.000,200.000,-1,-1,425.000,-1,125.000,2,0,2,1,1,1,1,0,1,0,0,0,2,2,1,2,1
74,-7543.220,983.898,-490.366,-101.997,-0.207581,0.978104,-0.014936,-0.977956,-0.207855,-0.019965,-0.022632,0.010462,0.999689,1,0.00000,0.00000,55.577,-2.000,-1,375.000,-1,375.000,1000.000,325.000,300.000,300.000,325.000,-1,525.000,550.000,-1,650.000,600.000,-1,900.000,2,0,2,0,0,0,0,0,0,2,0,0,2,0,0,2,0
75,-7544.198,979.198,-490.466,-101.757,-0.203488,0.978966,-0.014777,-0.978822,-0.203756,-0.019761,-0.022356,0.010443,0.999696,0,0.08000,0.12000,4.800,0.240,-1,375.000,-1,375.000,1000.000,325.000,300.000,300.000,325.000,-1,525.000,550.000,-1,650.000,600.000,-1,900.000,2,0,2,0,0,0,0,0,0,2,0,0,2,0,0,2,0
76,-7546.076,969.784,-490.666,-101.277,-0.195289,0.980639,-0.014467,-0.980503,-0.195548,-0.019351,-0.021805,0.010406,0.999708,0,0.16000,0.24000,9.600,0.480,-1,375.000,-1,375.000,975.000,325.000,300.000,300.000,325.000,-1,525.000,550.000,-1,650.000,600.000,-1,900.000,2,0,2,0,0,0,0,0,0,2,0,0,2,0,0,2,0
77,-7548.714,955.628,-490.964,-100.557,-0.182966,0.983019,-0.014019,-0.982895,-0.183210,-0.018731,-0.020981,0.010352,0.999726,0,0.24000,0.36000,14.400,0.720,-1,375.000,-1,375.000,975.000,325.000,300.000,300.000,325.000,-1,525.000,550.000,-1,650.000,600.000,-1,875.000,2,0,2,0,0,0,0,0,0,2,0,0,2,0,0,2,0
78,-7551.915,936.696,-491.360,-99.597,-0.166488,0.985952,-0.013452,-0.985843,-0.166714,-0.017896,-0.019887,0.010282,0.999749,0,0.32000,0.48000,19.200,0.960,-1,375.000,-1,375.000,950.000,325.000,300.000,300.000,325.000,-1,525.000,550.000,-1,650.000,600.000,-1,875.000,2,0,2,0,0,0,0,0,0,2,0,0,2,0,0,2,0
79,-7555.420,912.954,-491.851,-98.397,-0.145825,0.989228,-0.012796,-0.989137,-0.146029,-0.016843,-0.018531,0.010201,0.999776,0,0.40000,0.60000,24.000,1.200,-1,375.000,-1,375.000,925.000,325.000,300.000,300.000,325.000,-1,525.000,550.000,-1,650.000,600.000,-1,850.000,2,0,2,0,0,0,0,0,0,2,0,0,2,0,0,2,0
80,-7559.009,884.378,-492.438,-97.160,-0.124447,0.992153,-0.012067,-0.992081,-0.124628,-0.015581,-0.016963,0.010032,0.999806,0,0.48000,0.61886,28.800,1.238,-1,375.000,-1,375.000,900.000,325.000,300.000,300.000,325.000,-1,500.000,550.000,-1,625.000,600.000,-1,850.000,2,0,2,0,0,0,0,0,0,2,0,0,2,0,0,2,0
81,-7562.477,850.958,-493.117,-95.923,-0.103038,0.994613,-0.011282,-0.994561,-0.103193,-0.014114,-0.015202,0.009766,0.999837,0,0.56000,0.61814,33.600,1.236,-1,375.000,-1,350.000,875.000,300.000,300.000,300.000,300.000,-1,500.000,550.000,-1,625.000,600.000,-1,825.000,2,0,2,0,0,0,0,0,0,2,0,0,2,0,0,2,0
82,-7565.615,812.686,-493.887,-94.687,-0.081589,0.996611,-0.010461,-0.996578,-0.081717,-0.012445,-0.013258,0.009409,0.999868,0,0.64000,0.61794,38.400,1.236,-1,375.000,-1,350.000,850.000,300.000,300.000,300.000,300.000,-1,475.000,550.000,-1,625.000,575.000,-1,800.000,2,0,2,0,0,0,0,0,0,2,0,0,2,0,0,2,0
83,-7568.215,769.565,-494.747,-93.450,-0.060082,0.998147,-0.009625,-0.998131,-0.060183,-0.010581,-0.011141,0.008971,0.999898,0,0.72000,0.61852,43.200,1.237,-1,375.000,-1,350.000,800.000,300.000,300.000,300.000,300.000,-1,450.000,525.000,-1,625.000,575.000,-1,800.000,2,0,2,0,0,0,0,0,0,2,0,0,2,0,0,2,0
84,-7570.015,722.912,-495.671,-92.210,-0.038488,0.999220,-0.008827,-0.999219,-0.038564,-0.008586,-0.008920,0.008489,0.999924,0,0.77813,0.62013,46.688,1.240,-1,350.000,-1,350.000,775.000,300.000,300.000,300.000,300.000,-1,425.000,500.000,-1,625.000,575.000,-1,775.000,2,0,2,0,0,0,0,0,0,2,0,0,2,0,0,2,0
85,-7570.786,677.130,-496.577,-90.964,-0.016773,0.999826,-0.008175,-0.999836,-0.016827,-0.006653,-0.006789,0.008062,0.999944,0,0.76314,0.62298,45.788,1.246,-1,350.000,-1,350.000,750.000,300.000,300.000,300.000,300.000,-1,400.000,475.000,-1,625.000,575.000,-1,750.000,2,0,2,0,0,0,0,0,0,2,0,0,2,0,0,2,0
86,-7570.559,632.192,-496.466,-89.711,0.005083,0.999962,-0.007125,-0.999978,0.005052,-0.004283,-0.004247,0.007147,0.999965,0,0.74897,0.62685,44.938,1.254,-1,350.000,-1,350.000,725.000,300.000,300.000,300.000,300.000,-1,400.000,475.000,-1,625.000,575.000,-1,750.000,2,0,2,0,0,0,0,0,0,2,0,0,2,0,0,2,0
87,-7569.363,588.063,-495.515,-88.447,0.027101,0.999618,-0.005453,-0.999633,0.027098,-0.000501,-0.000353,0.005465,0.999985,0,0.73576,0.63167,44.146,1.263,-1,350.000,-1,350.000,750.000,300.000,300.000,300.000,300.000,-1,400.000,450.000,-1,625.000,575.000,-1,750.000,2,0,2,0,0,0,0,0,0,2,0,0,2,0,0,2,0
88,-7567.221,544.698,-494.584,-87.172,0.049318,0.998775,-0.003996,-0.998777,0.049331,0.003185,0.003378,0.003834,0.999987,0,0.72363,0.63739,43.418,1.275,-1,375.000,-1,350.000,750.000,300.000,300.000,300.000,300.000,-1,400.000,450.000,-1,650.000,575.000,-1,750.000,2,0,2,0,0,0,0,0,0,2,0,0,2,0,0,2,0
89,-7564.620,506.168,-493.761,-86.138,0.067343,0.997726,-0.002886,-0.997708,0.067360,0.006434,0.006614,0.002446,0.999975,0,0.64363,0.51739,38.618,1.035,-1,375.000,-1,350.000,750.000,300.000,300.000,300.000,300.000,-1,400.000,450.000,-1,650.000,575.000,-1,775.000,2,0,2,0,0,0,0,0,0,2,0,0,2,0,0,2,0
90,-7561.598,469.074,-492.968,-85.343,0.081178,0.996698,-0.001983,-0.996653,0.081193,0.009540,0.009669,0.001202,0.999953,0,0.62028,0.39739,37.217,0.795,-1,375.000,-1,350.000,750.000,300.000,300.000,300.000,300.000,-1,400.000,450.000,-1,650.000,575.000,-1,775.000,2,0,2,0,0,0,0,0,0,2,0,0,2,0,0,2,0
91,-7558.252,432.396,-492.184,-84.788,0.090832,0.995865,-0.001217,-0.995786,0.090840,0.012595,0.012653,0.000068,0.999920,0,0.61384,0.27739,36.830,0.555,-1,375.000,-1,350.000,750.000,300.000,300.000,300.000,325.000,-1,400.000,450.000,-1,650.000,575.000,-1,775.000,2,0,2,0,0,0,0,0,0,2,0,0,2,0,0,2,0
92,-7554.732,396.019,-491.404,-84.473,0.096313,0.995351,-0.000543,-0.995229,0.096310,0.015617,0.015596,-0.000964,0.999878,0,0.60911,0.15739,36.547,0.315,-1,375.000,-1,350.000,750.000,300.000,300.000,325.000,325.000,-1,400.000,450.000,-1,650.000,575.000,-1,775.000,2,0,2,0,0,0,0,0,0,2,0,0,2,0,0,2,0
93,-7551.184,359.836,-490.628,-84.398,0.097627,0.995223,0.000087,-0.995051,0.097609,0.018624,0.018527,-0.001905,0.999827,0,0.60594,0.03739,36.356,0.075,-1,375.000,-1,350.000,750.000,300.000,300.000,325.000,300.000,-1,400.000,425.000,-1,650.000,575.000,-1,775.000,2,0,2,0,0,0,0,0,0,2,0,0,2,0,0,2,0
94,-7547.749,323.748,-489.852,-84.564,0.094776,0.995498,0.000717,-0.995267,0.094738,0.021635,0.021470,-0.002764,0.999766,0,0.60418,-0.08261,36.251,-0.165,-1,375.000,-1,375.000,775.000,300.000,300.000,325.000,300.000,-1,375.000,425.000,-1,650.000,575.000,-1,800.000,2,0,2,0,0,0,0,0,0,2,0,0,2,0,0,2,0
95,-7544.573,287.667,-489.073,-84.969,0.087756,0.996141,0.001394,-0.995842,0.087695,0.024668,0.024450,-0.003553,0.999695,0,0.60368,-0.20261,36.221,-0.405,-1,375.000,-1,350.000,775.000,325.000,300.000,325.000,300.000,-1,375.000,425.000,-1,650.000,575.000,-1,800.000,2,0,2,0,0,0,0,0,0,2,0,0,2,0,0,2,0
96,-7541.800,251.513,-488.291,-85.614,0.076561,0.997063,0.002164,-0.996686,0.076472,0.027736,0.027489,-0.004281,0.999613,0,0.60432,-0.32261,36.259,-0.645,-1,375.000,-1,350.000,775.000,325.000,300.000,325.000,300.000,-1,325.000,400.000,-1,650.000,575.000,-1,800.000,2,0,2,0,0,0,0,0,0,2,0,0,2,0,0,2,0
97,-7539.580,215.223,-487.502,-86.499,0.061182,0.998122,0.003076,-0.997657,0.061059,0.030852,0.030606,-0.004957,0.999519,0,0.60597,-0.44261,36.358,-0.885,-1,375.000,-1,350.000,775.000,300.000,300.000,325.000,300.000,-1,300.000,375.000,-1,650.000,575.000,-1,800.000,2,0,2,0,0,0,0,0,0,2,0,0,2,0,0,2,0
98,-7538.008,183.703,-486.824,-87.145,0.049974,0.998743,0.003927,-0.998194,0.049815,0.033566,0.033328,-0.005597,0.999429,0,0.52597,-0.32261,31.558,-0.645,-1,375.000,-1,350.000,775.000,300.000,300.000,300.000,300.000,-1,275.000,350.000,-1,650.000,575.000,-1,800.000,2,0,2,0,0,0,0,0,0,2,0,0,2,0,0,2,0
99,-7536.864,156.969,-486.256,-87.550,0.042944,0.999067,0.004661,-0.998442,0.042750,0.035868,0.035635,-0.006194,0.999346,0,0.44597,-0.20261,26.758,-0.405,-1,375.000,-1,350.000,800.000,300.000,300.000,300.000,300.000,-1,275.000,325.000,-1,650.000,575.000,-1,825.000,2,0,2,0,0,0,0,0,0,2,0,0,2,0,0,2,0
100,-7535.989,135.028,-485.795,-87.715,0.040094,0.999182,0.005235,-0.998492,0.039869,0.037750,0.037510,-0.006740,0.999274,0,0.36597,-0.08261,21.958,-0.165,-1,375.000,-1,350.000,800.000,300.000,300.000,300.000,300.000,-1,250.000,300.000,-1,650.000,575.000,-1,825.000,2,0,2,0,0,0,0,0,0,2,0,0,2,0,0,2,0
101,-7535.282,117.884,-485.442,-87.640,0.041424,0.999126,0.005618,-0.998382,0.041172,0.039209,0.038944,-0.007233,0.999215,0,0.28597,0.03739,17.158,0.075,-1,375.000,-1,350.000,800.000,300.000,300.000,300.000,300.000,-1,250.000,300.000,-1,650.000,575.000,-1,825.000,2,0,2,0,0,0,0,0,0,2,0,0,2,0,0,2,0
102,-7534.706,105.539,-485.196,-87.325,0.046931,0.998881,0.005792,-0.998100,0.046661,0.040242,0.039927,-0.007670,0.999173,0,0.20597,0.15739,12.358,0.315,-1,375.000,-1,350.000,800.000,300.000,300.000,300.000,300.000,-1,250.000,300.000,-1,650.000,575.000,-1,825.000,2,0,2,0,0,0,0,0,0,2,0,0,2,0,0,2,0
103,-7534.280,97.993,-485.058,-86.771,0.056611,0.998380,0.005753,-0.997576,0.056330,0.040848,0.040458,-0.008052,0.999149,0,0.12597,0.27739,7.558,0.555,-1,375.000,-1,350.000,800.000,300.000,300.000,300.000,300.000,-1,250.000,300.000,-1,650.000,575.000,-1,825.000,2,0,2,0,0,0,0,0,0,2,0,0,2,0,0,2,0
104,-7534.086,95.241,-485.027,-85.976,0.070457,0.997500,0.005510,-0.996691,0.070173,0.041026,0.040537,-0.008382,0.999143,0,0.04597,0.39739,2.758,0.795,-1,375.000,-1,350.000,800.000,300.000,300.000,300.000,300.000,-1,250.000,300.000,-1,650.000,575.000,-1,825.000,2,0,2,0,0,0,0,0,0,2,0,0,2,0,0,2,0
105,-7534.266,97.275,-485.105,-84.941,0.088455,0.996067,0.005083,-0.995270,0.088176,0.040780,0.040171,-0.008666,0.999155,0,-0.03403,0.51739,-2.042,1.035,-1,375.000,-1,350.000,775.000,300.000,300.000,300.000,300.000,-1,250.000,300.000,-1,650.000,575.000,-1,825.000,2,0,2,0,0,0,0,0,0,2,0,0,2,0,0,2,0
106,-7535.010,104.076,-485.287,-83.760,0.108958,0.994036,0.004543,-0.993266,0.108690,0.040121,0.039388,-0.008883,0.999185,0,-0.11403,0.59061,-6.842,1.181,-1,375.000,-1,350.000,775.000,300.000,300.000,300.000,300.000,-1,250.000,300.000,-1,650.000,575.000,-1,825.000,2,0,2,0,0,0,0,0,0,2,0,0,2,0,0,2,0
107,-7536.513,115.620,-485.569,-82.582,0.129346,0.991592,0.003977,-0.990862,0.129094,0.039075,0.038233,-0.008995,0.999228,0,-0.19403,0.58875,-11.642,1.177,-1,375.000,-1,350.000,775.000,300.000,300.000,300.000,300.000,-1,275.000,300.000,-1,650.000,575.000,-1,825.000,2,0,2,0,0,0,0,0,0,2,0,0,2,0,0,2,0
108,-7538.460,128.511,-485.880,-81.411,0.149569,0.988745,0.003454,-0.988059,0.149332,0.037927,0.036985,-0.009086,0.999275,0,-0.21728,0.58551,-13.037,1.171,-1,375.000,-1,350.000,775.000,300.000,300.000,300.000,300.000,-1,275.000,325.000,-1,650.000,575.000,-1,825.000,2,0,2,0,0,0,0,0,0,2,0,0,2,0,0,2,0
109,-7540.706,141.582,-486.199,-80.248,0.169603,0.985508,0.002990,-0.984864,0.169381,0.036777,0.035737,-0.009182,0.999319,0,-0.22105,0.58182,-13.263,1.164,-1,375.000,-1,350.000,775.000,300.000,300.000,300.000,300.000,-1,300.000,325.000,-1,650.000,600.000,-1,825.000,2,0,2,0,0,0,0,0,0,2,0,0,2,0,0,2,0
110,-7543.259,154.831,-486.525,-79.092,0.189439,0.981889,0.002585,-0.981287,0.189229,0.035625,0.034491,-0.009286,0.999362,0,-0.22488,0.57802,-13.493,1.156,-1,375.000,-1,350.000,775.000,300.000,300.000,300.000,300.000,-1,300.000,350.000,-1,675.000,600.000,-1,825.000,2,0,2,0,0,0,0,0,0,2,0,0,2,0,0,2,0
111,-7545.095,163.328,-486.768,-77.810,0.211347,0.977408,0.002218,-0.976834,0.211144,0.034842,0.033587,-0.009531,0.999390,0,-0.14488,0.64085,-8.693,1.282,-1,375.000,-1,350.000,750.000,300.000,300.000,300.000,300.000,-1,300.000,350.000,-1,675.000,600.000,-1,825.000,2,0,2,0,0,0,0,0,0,2,0,0,2,0,0,2,0
112,-7546.001,167.114,-486.922,-76.533,0.233067,0.972459,0.001893,-0.971900,0.232866,0.034423,0.033034,-0.009862,0.999406,0,-0.06488,0.63827,-3.893,1.277,-1,375.000,-1,350.000,750.000,325.000,300.000,325.000,300.000,-1,325.000,375.000,-1,675.000,600.000,-1,850.000,2,0,2,0,0,0,0,0,0,2,0,0,2,0,0,2,0
113,-7545.770,166.237,-486.990,-75.259,0.254634,0.967036,0.001574,-0.966481,0.254431,0.034346,0.032814,-0.010267,0.999409,0,0.01512,0.63709,0.907,1.274,-1,375.000,-1,350.000,750.000,325.000,300.000,325.000,300.000,-1,325.000,375.000,-1,675.000,600.000,-1,850.000,2,0,2,0,0,0,0,0,0,2,0,0,2,0,0,2,0
114,-7544.196,160.751,-486.973,-73.985,0.276086,0.961132,0.001227,-0.960569,0.275880,0.034591,0.032908,-0.010729,0.999401,0,0.09512,0.63737,5.707,1.275,-1,375.000,-1,350.000,750.000,325.000,300.000,325.000,275.000,-1,325.000,375.000,-1,675.000,600.000,-1,850.000,2,0,2,0,0,0,0,0,0,2,0,0,2,0,0,2,0
115,-7541.072,150.718,-486.877,-72.706,0.297464,0.954733,0.000818,-0.954152,0.297253,0.035132,0.033298,-0.011231,0.999382,0,0.17512,0.63917,10.507,1.278,-1,375.000,-1,350.000,750.000,325.000,300.000,325.000,275.000,-1,325.000,375.000,-1,675.000,600.000,-1,875.000,2,0,2,0,0,0,0,0,0,2,0,0,2,0,0,2,0
116,-7536.195,136.209,-486.708,-71.421,0.318805,0.947820,0.000312,-0.947211,0.318589,0.035941,0.033966,-0.011754,0.999354,0,0.25512,0.64257,15.307,1.285,-1,375.000,-1,350.000,750.000,325.000,300.000,300.000,275.000,-1,300.000,375.000,-1,700.000,600.000,-1,875.000,2,0,2,0,0,0,0,0,0,2,0,0,2,0,0,2,0
117,-7529.359,117.299,-486.473,-70.126,0.340151,0.940371,-0.000325,-0.939723,0.339930,0.036987,0.034892,-0.012276,0.999316,0,0.33512,0.64762,20.107,1.295,-1,375.000,-1,350.000,750.000,325.000,300.000,300.000,275.000,-1,300.000,350.000,-1,700.000,600.000,-1,900.000,2,0,2,0,0,0,0,0,0,2,0,0,2,0,0,2,0
118,-7520.359,94.075,-485.833,-68.817,0.361585,0.932339,0.000445,-0.931681,0.361312,0.037744,0.035029,-0.014062,0.999287,0,0.41512,0.65442,24.907,1.309,-1,375.000,-1,350.000,775.000,300.000,300.000,300.000,275.000,-1,325.000,375.000,-1,700.000,600.000,-1,900.000,2,0,2,0,0,0,0,0,0,2,0,0,2,0,0,2,0
119,-7512.745,75.465,-485.253,-67.748,0.378957,0.925413,0.001381,-0.924758,0.378631,0.038225,0.034850,-0.015763,0.999268,0,0.33512,0.53442,20.107,1.069,-1,375.000,-1,350.000,775.000,300.000,300.000,300.000,275.000,-1,325.000,400.000,-1,700.000,600.000,-1,900.000,2,0,2,0,0,0,0,0,0,2,0,0,2,0,0,2,0
120,-7506.744,61.383,-484.751,-66.919,0.392344,0.919816,0.002232,-0.919156,0.391968,0.038895,0.034901,-0.017311,0.999241,0,0.25512,0.41442,15.307,0.829,-1,375.000,-1,350.000,775.000,300.000,300.000,300.000,275.000,-1,350.000,400.000,-1,700.000,600.000,-1,925.000,2,0,2,0,0,0,0,0,0,2,0,0,2,0,0,2,0
121,-7502.525,51.760,-484.324,-66.330,0.401814,0.915716,0.002991,-0.915045,0.401390,0.039723,0.035174,-0.018698,0.999206,0,0.17512,0.29442,10.507,0.589,-1,375.000,-1,350.000,800.000,300.000,300.000,300.000,275.000,-1,350.000,425.000,-1,700.000,600.000,-1,925.000,2,0,2,0,0,0,0,0,0,2,0,0,2,0,0,2,0
122,-7500.202,46.546,-484.094,-65.982,0.407403,0.913242,0.003396,-0.912566,0.406952,0.040169,0.035302,-0.019464,0.999187,0,0.09512,0.17442,5.707,0.349,-1,375.000,-1,350.000,800.000,300.000,300.000,300.000,275.000,-1,350.000,425.000,-1,700.000,600.000,-1,950.000,2,0,2,0,0,0,0,0,0,2,0,0,2,0,0,2,0
123,-7499.831,45.718,-484.057,-65.873,0.409141,0.912465,0.003465,-0.911788,0.408685,0.040232,0.035295,-0.019620,0.999184,0,0.01512,0.05442,0.907,0.109,-1,375.000,-1,350.000,800.000,300.000,300.000,300.000,275.000,-1,350.000,425.000,-1,700.000,600.000,-1,950.000,2,0,2,0,0,0,0,0,0,2,0,0,2,0,0,2,0
124,-7501.414,49.275,-484.212,-66.004,0.407037,0.913406,0.003201,-0.912735,0.406599,0.039909,0.035152,-0.019167,0.999198,0,-0.06488,-0.06558,-3.893,-0.131,-1,375.000,-1,350.000,800.000,300.000,300.000,300.000,275.000,-1,350.000,425.000,-1,700.000,600.000,-1,950.000,2,0,2,0,0,0,0,0,0,2,0,0,2,0,0,2,0
125,-7504.898,57.239,-484.562,-66.375,0.401081,0.916039,0.002594,-0.915379,0.400681,0.039200,0.034869,-0.018097,0.999228,0,-0.14488,-0.18558,-8.693,-0.371,-1,375.000,-1,350.000,775.000,300.000,300.000,300.000,275.000,-1,350.000,425.000,-1,700.000,600.000,-1,925.000,2,0,2,0,0,0,0,0,0,2,0,0,2,0,0,2,0
126,-7510.173,69.658,-485.079,-66.986,0.391243,0.920286,0.001696,-0.919639,0.390898,0.038252,0.034540,-0.016525,0.999267,0,-0.22488,-0.30558,-13.493,-0.611,-1,375.000,-1,350.000,775.000,300.000,300.000,300.000,275.000,-1,350.000,400.000,-1,700.000,600.000,-1,900.000,2,0,2,0,0,0,0,0,0,2,0,0,2,0,0,2,0
127,-7517.074,86.599,-485.602,-67.837,0.377492,0.926012,0.000863,-0.925364,0.377193,0.037767,0.034647,-0.015055,0.999286,0,-0.30488,-0.42558,-18.293,-0.851,-1,375.000,-1,350.000,775.000,300.000,300.000,300.000,275.000,-1,325.000,400.000,-1,700.000,600.000,-1,900.000,2,0,2,0,0,0,0,0,0,2,0,0,2,0,0,2,0
128,-7523.947,104.438,-486.166,-68.929,0.359747,0.933050,-0.000072,-0.932399,0.359499,0.037310,0.034838,-0.013355,0.999304,0,-0.31863,-0.54558,-19.118,-1.091,-1,375.000,-1,350.000,775.000,300.000,300.000,300.000,275.000,-1,300.000,375.000,-1,700.000,600.000,-1,900.000,2,0,2,0,0,0,0,0,0,2,0,0,2,0,0,2,0
129,-7530.429,122.500,-486.562,-70.260,0.337949,0.941164,-0.000243,-0.940530,0.337731,0.036631,0.034558,-0.012151,0.999329,0,-0.31984,-0.66558,-19.190,-1.331,-1,375.000,-1,350.000,750.000,325.000,300.000,300.000,275.000,-1,300.000,350.000,-1,700.000,600.000,-1,875.000,2,0,2,0,0,0,0,0,0,2,0,0,2,0,0,2,0
130,-7536.421,140.756,-486.769,-71.831,0.312013,0.950078,0.000420,-0.949479,0.311801,0.035636,0.033726,-0.011518,0.999365,0,-0.32022,-0.78558,-19.213,-1.571,-1,375.000,-1,350.000,750.000,325.000,300.000,300.000,275.000,-1,300.000,375.000,-1,700.000,600.000,-1,875.000,2,0,2,0,0,0,0,0,0,2,0,0,2,0,0,2,0
131,-7541.822,159.159,-486.981,-73.642,0.281823,0.959466,0.001047,-0.958903,0.281620,0.034583,0.032887,-0.010750,0.999401,0,-0.31965,-0.90558,-19.179,-1.811,-1,375.000,-1,350.000,750.000,325.000,300.000,325.000,275.000,-1,325.000,375.000,-1,675.000,600.000,-1,850.000,2,0,2,0,0,0,0,0,0,2,0,0,2,0,0,2,0
132,-7546.553,177.641,-487.202,-75.642,0.248157,0.968719,0.001605,-0.968191,0.247966,0.033460,0.032015,-0.009857,0.999439,0,-0.31797,-1.00000,-19.078,-2.000,-1,375.000,-1,350.000,750.000,325.000,300.000,325.000,300.000,-1,325.000,375.000,-1,675.000,600.000,-1,850.000,2,0,2,0,0,0,0,0,0,2,0,0,2,0,0,2,0
