timestep,x_cm,y_cm,z_cm,yaw_deg,basis_xx,basis_xy,basis_xz,basis_yx,basis_yy,basis_yz,basis_zx,basis_zy,basis_zz,teleport_flag,throttle_cmd,steering_cmd,cmd_move_cm,cmd_turn_deg,lidar_cm_0,lidar_cm_1,lidar_cm_2,lidar_cm_3,lidar_cm_4,lidar_cm_5,lidar_cm_6,lidar_cm_7,lidar_cm_8,lidar_cm_9,lidar_cm_10,lidar_cm_11,lidar_cm_12,lidar_cm_13,lidar_cm_14,lidar_cm_15,lidar_cm_16,lidar_class_0,lidar_class_1,lidar_class_2,lidar_class_3,lidar_class_4,lidar_class_5,lidar_class_6,lidar_class_7,lidar_class_8,lidar_class_9,lidar_class_10,lidar_class_11,lidar_class_12,lidar_class_13,lidar_class_14,lidar_class_15,lidar_class_16
0,-2951.779,3607.437,137.663,157.234,-0.924756,-0.379742,-0.024954,0.376920,-0.904887,-0.197763,0.052519,-0.192288,0.979932,1,0.00000,0.00000,4.800,-0.100,-1,625.000,-1,-1,-1,550.000,650.000,200.000,100.000,325.000,725.000,-1,-1,-1,-1,-1,-1,2,0,2,2,2,0,0,0,1,0,0,2,2,2,2,2,2
1,-9072.030,1033.112,-23.387,38.250,0.785392,-0.618584,-0.022670,0.615998,0.784661,-0.069667,0.060883,0.040751,0.997313,1,0.00000,0.00000,4.800,0.240,425.000,275.000,-1,350.000,-1,250.000,275.000,525.000,300.000,-1,175.000,75.000,675.000,400.000,600.000,275.000,-1,1,1,2,1,2,1,1,1,0,2,0,0,0,1,1,1,2
2,-9068.248,1036.069,-23.024,38.010,0.787975,-0.615263,-0.023373,0.612551,0.787209,-0.071292,0.062263,0.041859,0.997182,0,0.08000,-0.12000,4.800,-0.240,425.000,275.000,-1,350.000,-1,250.000,275.000,525.000,300.000,-1,175.000,75.000,650.000,425.000,625.000,275.000,-1,1,1,2,1,2,1,1,1,0,2,0,0,0,1,1,1,2
3,-9060.636,1041.919,-22.285,37.530,0.793101,-0.608587,-0.024757,0.605612,0.792258,-0.074571,0.064996,0.044149,0.996908,0,0.16000,-0.24000,9.600,-0.480,425.000,275.000,-1,350.000,-1,250.000,275.000,525.000,275.000,-1,175.000,75.000,600.000,425.000,750.000,275.000,-1,1,1,2,1,2,1,1,1,0,2,0,0,0,1,1,1,2
4,-9049.134,1050.584,-21.109,36.980,0.798898,-0.600867,-0.026835,0.597485,0.797945,-0.079351,0.069092,0.047360,0.996486,0,0.24000,-0.27493,14.400,-0.550,-1,275.000,-1,375.000,-1,250.000,275.000,525.000,275.000,-1,175.000,75.000,550.000,450.000,-1,250.000,-1,2,1,2,1,2,1,1,1,0,2,0,0,0,1,2,1,2
5,-9033.693,1061.997,-19.438,36.460,0.804307,-0.593478,-0.029562,0.589519,0.803206,-0.085602,0.074547,0.051423,0.995891,0,0.32000,-0.26013,19.200,-0.520,-1,275.000,-1,375.000,-1,250.000,275.000,500.000,275.000,-1,175.000,75.000,500.000,500.000,-1,-1,-1,2,1,2,1,2,1,1,1,0,2,0,0,0,1,2,2,2
6,2295.798,-5575.432,-253.306,-102.588,-0.218336,0.973188,0.072355,-0.975858,-0.217314,-0.021799,-0.005491,-0.075368,0.997141,1,0.00000,0.00000,24.000,-0.483,-1,375.000,-1,375.000,1000.000,325.000,300.000,300.000,300.000,-1,675.000,800.000,675.000,625.000,650.000,-1,1000.000,2,0,2,0,0,0,0,0,0,2,0,0,1,0,0,2,0
7,2294.772,-5580.121,-253.333,-102.348,-0.214260,0.974085,0.072463,-0.976760,-0.213235,-0.021692,-0.005678,-0.075426,0.997135,0,0.08000,0.12000,4.800,0.240,-1,375.000,-1,375.000,1000.000,325.000,300.000,300.000,300.000,-1,675.000,800.000,675.000,625.000,650.000,-1,1000.000,2,0,2,0,0,0,0,0,0,2,0,0,1,0,0,2,0
8,2292.798,-5589.515,-253.391,-101.868,-0.206098,0.975829,0.072675,-0.978513,-0.205065,-0.021477,-0.006055,-0.075540,0.997124,0,0.16000,0.24000,9.600,0.480,-1,375.000,-1,375.000,975.000,325.000,300.000,300.000,300.000,-1,675.000,800.000,700.000,625.000,625.000,-1,1000.000,2,0,2,0,0,0,0,0,0,2,0,0,1,0,0,2,0
9,2290.014,-5603.643,-253.492,-101.148,-0.193828,0.978317,0.072987,-0.981013,-0.192784,-0.021154,-0.006625,-0.075702,0.997109,0,0.24000,0.36000,14.400,0.720,-1,375.000,-1,375.000,975.000,325.000,300.000,300.000,300.000,-1,700.000,825.000,700.000,625.000,625.000,-1,1000.000,2,0,2,0,0,0,0,0,0,2,0,0,1,0,0,2,0
10,2286.619,-5622.540,-253.650,-100.188,-0.177423,0.981394,0.073391,-0.984107,-0.176364,-0.020724,-0.007395,-0.075901,0.997088,0,0.32000,0.48000,19.200,0.960,-1,375.000,-1,375.000,950.000,325.000,325.000,300.000,300.000,-1,700.000,850.000,725.000,625.000,625.000,1000.000,975.000,2,0,2,0,0,0,0,0,0,2,0,0,1,0,0,1,0
11,2282.870,-5646.244,-253.886,-98.988,-0.156849,0.984856,0.073876,-0.987587,-0.155769,-0.020187,-0.008373,-0.076125,0.997063,0,0.40000,0.60000,24.000,1.200,-1,375.000,-1,375.000,950.000,325.000,325.000,300.000,300.000,-1,700.000,850.000,750.000,625.000,625.000,1000.000,975.000,2,0,2,0,0,0,0,0,0,2,0,0,1,0,0,1,0
12,2279.088,-5674.794,-254.225,-97.548,-0.132072,0.988442,0.074429,-0.991194,-0.130968,-0.019544,-0.009570,-0.076355,0.997035,0,0.48000,0.72000,28.800,1.440,-1,375.000,-1,375.000,925.000,300.000,300.000,300.000,300.000,-1,725.000,875.000,800.000,625.000,600.000,975.000,975.000,2,0,2,0,0,0,0,0,0,2,0,0,1,0,0,1,0
13,2275.653,-5708.217,-254.695,-95.868,-0.103066,0.991840,0.075035,-0.994614,-0.101932,-0.018799,-0.010997,-0.076569,0.997004,0,0.56000,0.84000,33.600,1.680,-1,375.000,-1,375.000,900.000,300.000,300.000,300.000,300.000,-1,725.000,925.000,850.000,625.000,600.000,950.000,925.000,2,0,2,0,0,0,0,0,0,2,0,0,1,0,0,1,0
14,2272.929,-5746.519,-255.326,-94.069,-0.071906,0.994536,0.075680,-0.997333,-0.070742,-0.017956,-0.012504,-0.076769,0.996970,0,0.64000,0.89953,38.400,1.799,-1,375.000,-1,350.000,900.000,300.000,300.000,300.000,300.000,-1,750.000,950.000,925.000,625.000,600.000,925.000,900.000,2,0,2,0,0,0,0,0,0,2,0,0,1,0,0,1,0
15,2271.230,-5789.615,-256.139,-92.259,-0.040482,0.996259,0.076351,-0.999083,-0.039292,-0.017022,-0.013959,-0.076970,0.996936,0,0.71884,0.90504,43.131,1.810,1000.000,350.000,-1,350.000,875.000,300.000,300.000,300.000,300.000,-1,750.000,700.000,1000.000,600.000,575.000,900.000,875.000,1,0,2,0,0,0,0,0,0,2,0,1,1,0,0,1,0
16,2270.901,-5832.936,-257.065,-90.436,-0.008802,0.996995,0.076968,-0.999842,-0.007585,-0.016101,-0.015469,-0.077098,0.996904,0,0.72206,0.91135,43.323,1.823,975.000,350.000,-1,350.000,850.000,300.000,300.000,300.000,300.000,-1,775.000,675.000,-1,600.000,575.000,875.000,825.000,1,0,2,0,0,0,0,0,0,2,0,1,2,0,0,1,0
17,2271.965,-5876.464,-258.109,-88.600,0.023107,0.996722,0.077532,-0.999588,0.024355,-0.015196,-0.017035,-0.077149,0.996874,0,0.72571,0.91782,43.543,1.836,950.000,350.000,-1,325.000,825.000,300.000,275.000,300.000,300.000,-1,775.000,700.000,-1,600.000,550.000,850.000,800.000,1,0,2,0,0,0,0,0,0,2,0,1,2,0,0,1,0
18,2274.449,-5920.179,-258.632,-86.751,0.055244,0.995252,0.080129,-0.998314,0.056490,-0.013366,-0.017829,-0.079256,0.996695,0,0.72977,0.92442,43.786,1.849,925.000,350.000,-1,325.000,825.000,275.000,275.000,300.000,300.000,-1,750.000,725.000,-1,600.000,550.000,825.000,775.000,1,0,2,0,0,0,0,0,0,2,1,1,2,0,0,1,0
19,2278.894,-5968.559,-258.223,-84.751,0.090172,0.992558,0.081843,-0.995797,0.091179,-0.008637,-0.016035,-0.080720,0.996608,0,0.80977,1.00000,48.586,2.000,925.000,350.000,-1,325.000,800.000,300.000,275.000,300.000,300.000,-1,625.000,725.000,-1,600.000,575.000,800.000,775.000,1,0,2,0,0,0,0,0,0,2,0,0,2,0,0,1,0
20,2285.318,-6019.055,-257.925,-82.751,0.125017,0.988670,0.083078,-0.992055,0.125750,-0.003631,-0.014037,-0.081964,0.996536,0,0.84841,1.00000,50.905,2.000,900.000,350.000,975.000,350.000,800.000,300.000,275.000,300.000,325.000,-1,550.000,625.000,-1,625.000,575.000,775.000,775.000,1,0,1,0,0,0,0,0,0,2,0,0,2,0,0,1,0
21,2293.564,-6069.691,-257.795,-80.751,0.159709,0.983588,0.083952,-0.987090,0.160163,0.001344,-0.012124,-0.083082,0.996469,0,0.85507,1.00000,51.304,2.000,875.000,350.000,925.000,350.000,800.000,300.000,300.000,300.000,325.000,-1,500.000,550.000,-1,625.000,575.000,750.000,775.000,1,0,1,0,0,0,0,0,0,2,0,0,2,1,0,1,0
22,2303.652,-6120.409,-257.841,-78.751,0.194204,0.977317,0.084475,-0.980907,0.194376,0.006265,-0.010297,-0.084079,0.996406,0,0.86188,1.00000,51.713,2.000,875.000,375.000,850.000,350.000,800.000,300.000,300.000,300.000,325.000,-1,450.000,500.000,-1,600.000,575.000,725.000,775.000,1,0,1,0,0,0,0,0,0,2,0,0,2,1,0,1,0
23,2315.599,-6171.150,-258.068,-76.751,0.228458,0.969866,0.084659,-0.973516,0.228348,0.011109,-0.008558,-0.084955,0.996348,0,0.86884,1.00000,52.130,2.000,850.000,375.000,800.000,350.000,800.000,300.000,300.000,325.000,325.000,-1,425.000,475.000,-1,575.000,575.000,700.000,775.000,1,0,1,0,0,0,0,0,0,2,0,0,2,1,0,1,0
24,2329.421,-6221.853,-258.482,-74.751,0.262428,0.961243,0.084518,-0.964927,0.262040,0.015854,-0.006907,-0.085714,0.996296,0,0.87592,1.00000,52.555,2.000,825.000,375.000,725.000,350.000,800.000,300.000,300.000,325.000,325.000,-1,400.000,450.000,-1,550.000,575.000,675.000,775.000,1,0,1,0,0,0,0,0,0,2,0,0,2,1,1,1,0
25,2345.133,-6272.455,-259.091,-72.751,0.296071,0.951459,0.084067,-0.955151,0.295411,0.020482,-0.005346,-0.086361,0.996250,0,0.88310,1.00000,52.986,2.000,825.000,375.000,675.000,350.000,800.000,300.000,300.000,325.000,300.000,-1,350.000,425.000,-1,525.000,525.000,650.000,800.000,1,0,1,1,0,0,0,0,0,2,0,0,2,1,1,1,0
26,2362.744,-6322.889,-259.900,-70.751,0.329346,0.940526,0.083321,-0.944201,0.328421,0.024974,-0.003875,-0.086897,0.996210,0,0.89038,1.00000,53.423,2.000,800.000,400.000,625.000,350.000,775.000,325.000,300.000,325.000,300.000,-1,325.000,375.000,-1,500.000,500.000,625.000,800.000,1,1,1,1,0,0,1,0,0,2,0,0,2,1,1,1,0
27,2382.264,-6373.088,-260.914,-68.751,0.362210,0.928456,0.082297,-0.932093,0.361031,0.029315,-0.002494,-0.087327,0.996177,0,0.89771,1.00000,53.863,2.000,775.000,375.000,575.000,325.000,775.000,300.000,275.000,325.000,300.000,-1,275.000,325.000,-1,475.000,450.000,600.000,675.000,1,1,1,1,0,1,1,0,0,2,0,0,2,1,1,1,1
28,2403.699,-6422.982,-262.161,-66.751,0.394619,0.915271,0.080966,-0.918844,0.393205,0.033401,-0.001265,-0.087576,0.996157,0,0.90508,1.00000,54.305,2.000,775.000,350.000,525.000,300.000,775.000,300.000,275.000,325.000,300.000,-1,250.000,300.000,-1,425.000,400.000,575.000,525.000,1,1,1,1,0,1,1,0,0,2,0,0,2,1,1,1,1
29,2427.055,-6472.496,-262.724,-64.751,0.426287,0.900714,0.083623,-0.904582,0.424778,0.035980,-0.003114,-0.090982,0.995848,0,0.91245,1.00000,54.747,2.000,725.000,325.000,475.000,275.000,775.000,275.000,250.000,325.000,300.000,-1,275.000,350.000,-1,400.000,350.000,550.000,425.000,1,1,1,1,0,1,1,0,0,2,0,0,2,1,1,1,1
30,2452.329,-6521.553,-262.261,-62.751,0.457684,0.884671,0.088788,-0.889113,0.455608,0.043583,-0.001896,-0.098890,0.995097,0,0.91978,1.00000,55.187,2.000,700.000,300.000,425.000,250.000,650.000,250.000,225.000,300.000,300.000,1000.000,275.000,375.000,-1,375.000,325.000,500.000,350.000,1,1,1,1,1,1,1,0,0,0,0,0,2,1,1,1,1
31,2481.433,-6574.004,-260.618,-60.991,0.485345,0.869003,0.096303,-0.874313,0.481867,0.058148,0.004126,-0.112421,0.993652,0,0.99978,0.88000,59.987,1.760,675.000,275.000,375.000,225.000,475.000,225.000,200.000,300.000,325.000,825.000,250.000,375.000,-1,325.000,300.000,475.000,300.000,1,1,1,1,1,1,1,0,0,0,0,0,2,1,1,1,1
32,2511.929,-6625.674,-258.241,-59.471,0.509410,0.854142,0.104610,-0.860422,0.503702,0.077187,0.013236,-0.129329,0.991513,0,1.00000,0.76000,60.000,1.520,625.000,250.000,325.000,200.000,375.000,200.000,200.000,275.000,350.000,675.000,225.000,350.000,-1,300.000,275.000,425.000,275.000,1,1,1,1,1,1,1,0,0,0,0,0,2,1,1,1,1
33,2543.577,-6676.646,-254.667,-58.191,0.529941,0.840506,0.112751,-0.847703,0.521310,0.098163,0.023728,-0.147600,0.988762,0,1.00000,0.64000,60.000,1.280,575.000,225.000,300.000,200.000,325.000,175.000,175.000,275.000,400.000,550.000,200.000,350.000,-1,275.000,250.000,400.000,250.000,1,1,1,1,1,1,1,0,0,0,0,0,2,1,1,1,1
34,2576.150,-6727.033,-250.176,-57.151,0.547202,0.828143,0.121444,-0.836232,0.534697,0.121722,0.035868,-0.168161,0.985107,0,1.00000,0.52000,60.000,1.040,500.000,200.000,275.000,175.000,275.000,175.000,150.000,250.000,450.000,475.000,150.000,350.000,-1,250.000,225.000,350.000,200.000,1,1,1,1,1,1,1,0,0,0,0,0,2,1,1,1,1
35,2295.545,9512.067,-350.296,13.547,0.973329,-0.217078,-0.074220,0.170497,0.900920,-0.399091,0.153500,0.375792,0.913903,1,0.00000,0.00000,60.000,0.800,-1,-1,-1,250.000,25.000,500.000,225.000,-1,500.000,-1,0.000,0.000,-1,-1,475.000,-1,25.000,2,2,2,1,1,0,0,2,1,2,1,1,2,2,0,2,1
36,5580.088,-3606.492,-341.630,13.606,0.971783,-0.235157,0.018406,0.234521,0.971606,0.031326,-0.025250,-0.026125,0.999340,1,0.08000,-0.12000,4.800,-0.240,775.000,325.000,-1,350.000,525.000,275.000,275.000,300.000,450.000,-1,350.000,125.000,375.000,550.000,525.000,725.000,525.000,0,0,2,1,1,0,0,0,0,2,1,1,1,0,1,0,1
37,5589.438,-3604.313,-342.037,13.126,0.973743,-0.227019,0.016959,0.226478,0.973585,0.028973,-0.023089,-0.024372,0.999436,0,0.16000,-0.24000,9.600,-0.480,775.000,325.000,-1,350.000,525.000,275.000,300.000,300.000,450.000,-1,350.000,125.000,375.000,550.000,525.000,725.000,525.000,0,0,2,1,1,0,0,0,0,2,1,1,1,0,1,0,1
38,5602.507,-3601.439,-342.583,12.406,0.976548,-0.214779,0.014965,0.214354,0.976415,0.025816,-0.020157,-0.022003,0.999555,0,0.22302,-0.36000,13.381,-0.720,825.000,325.000,-1,350.000,500.000,275.000,300.000,300.000,450.000,-1,375.000,125.000,375.000,550.000,525.000,750.000,525.000,0,0,2,1,1,0,0,0,0,2,1,1,1,0,1,0,1
39,5615.854,-3598.738,-343.094,11.446,0.980034,-0.198399,0.013120,0.198072,0.979923,0.022775,-0.017376,-0.019722,0.999655,0,0.22697,-0.48000,13.618,-0.960,850.000,350.000,-1,350.000,500.000,275.000,300.000,300.000,425.000,-1,425.000,150.000,375.000,550.000,525.000,750.000,500.000,0,0,2,1,1,0,0,0,0,2,1,1,1,0,1,0,1
40,5629.537,-3596.265,-343.574,10.246,0.983994,-0.177841,0.011377,0.177595,0.983903,0.019849,-0.014724,-0.017511,0.999738,0,0.23174,-0.60000,13.904,-1.200,875.000,350.000,-1,350.000,500.000,275.000,300.000,300.000,425.000,-1,450.000,150.000,375.000,550.000,500.000,775.000,500.000,0,0,2,1,1,0,0,0,0,2,1,1,1,0,1,0,1
41,5643.610,-3594.086,-344.033,8.806,0.988169,-0.153064,0.009686,0.152886,0.988097,0.017033,-0.012178,-0.015351,0.999808,0,0.23734,-0.72000,14.241,-1.440,900.000,350.000,-1,350.000,475.000,300.000,300.000,300.000,425.000,-1,525.000,175.000,375.000,550.000,500.000,775.000,475.000,0,0,2,1,1,0,0,0,0,2,1,1,1,0,1,0,1
42,5658.117,-3592.216,-344.499,7.345,0.991766,-0.127827,0.007824,0.127707,0.991709,0.014303,-0.009588,-0.013186,0.999867,0,0.24378,-0.73047,14.627,-1.461,925.000,350.000,-1,350.000,475.000,300.000,300.000,300.000,425.000,-1,600.000,200.000,375.000,550.000,475.000,800.000,475.000,0,0,2,1,1,0,0,0,0,2,1,1,1,0,1,0,1
43,5673.054,-3590.675,-344.972,5.894,0.994698,-0.102680,0.005775,0.102608,0.994653,0.011677,-0.006943,-0.011022,0.999915,0,0.25029,-0.72539,15.017,-1.451,950.000,350.000,-1,325.000,475.000,300.000,300.000,300.000,400.000,-1,675.000,225.000,375.000,550.000,475.000,800.000,450.000,0,0,2,1,1,0,0,0,0,2,1,1,1,0,1,0,1
44,5688.413,-3589.479,-345.449,4.453,0.996975,-0.077645,0.003552,0.077610,0.996942,0.009173,-0.004253,-0.008870,0.999952,0,0.25675,-0.72025,15.405,-1.440,1000.000,350.000,-1,325.000,450.000,300.000,300.000,300.000,400.000,-1,650.000,250.000,375.000,550.000,475.000,800.000,450.000,0,0,2,1,1,0,1,0,0,2,0,1,1,0,1,0,1
45,5704.180,-3588.647,-345.926,3.023,0.998608,-0.052741,0.001169,0.052732,0.998585,0.006810,-0.001527,-0.006739,0.999976,0,0.26315,-0.71503,15.789,-1.430,-1,350.000,-1,325.000,450.000,300.000,300.000,300.000,400.000,-1,625.000,275.000,375.000,550.000,450.000,825.000,450.000,2,0,2,1,1,0,1,0,0,2,0,1,1,0,1,0,1
46,5720.343,-3588.194,-346.402,1.604,0.999607,-0.027988,-0.001359,0.027994,0.999597,0.004603,0.001229,-0.004639,0.999988,0,0.26949,-0.70975,16.169,-1.419,-1,350.000,-1,325.000,450.000,300.000,275.000,300.000,400.000,-1,600.000,300.000,375.000,550.000,450.000,825.000,425.000,2,0,2,1,1,0,1,0,0,2,0,1,1,0,1,0,1
47,5736.888,-3588.138,-346.874,0.195,0.999986,-0.003404,-0.004016,0.003414,0.999991,0.002563,0.004008,-0.002577,0.999989,0,0.27575,-0.70440,16.545,-1.409,-1,350.000,-1,325.000,425.000,275.000,275.000,300.000,400.000,-1,550.000,350.000,375.000,550.000,450.000,850.000,425.000,2,0,2,1,1,0,1,0,0,2,0,1,1,0,1,0,1
48,5753.800,-3588.493,-347.340,-1.203,0.999757,0.020994,-0.006790,-0.020990,0.999779,0.000701,0.006803,-0.000559,0.999977,0,0.28193,-0.69900,16.916,-1.398,-1,350.000,-1,325.000,425.000,275.000,275.000,300.000,375.000,-1,525.000,425.000,375.000,550.000,425.000,850.000,400.000,2,0,2,1,1,0,1,0,0,2,0,1,1,0,1,0,1
49,5771.064,-3589.274,-347.798,-2.590,0.998932,0.045190,-0.009666,-0.045201,0.998977,-0.000975,0.009612,0.001411,0.999953,0,0.28803,-0.69354,17.282,-1.387,1000.000,350.000,-1,300.000,425.000,275.000,275.000,300.000,375.000,-1,450.000,500.000,375.000,575.000,425.000,875.000,400.000,1,0,2,1,1,0,1,0,0,2,0,0,1,0,1,0,1
50,5788.664,-3590.494,-348.247,-3.966,0.997525,0.069166,-0.012631,-0.069203,0.997600,-0.002461,0.012430,0.003329,0.999917,0,0.29403,-0.68803,17.642,-1.376,1000.000,350.000,-1,300.000,400.000,275.000,275.000,300.000,375.000,-1,400.000,425.000,375.000,575.000,400.000,875.000,375.000,1,0,2,1,1,0,1,0,0,2,0,0,1,0,1,0,1
51,5806.583,-3592.166,-348.686,-5.331,0.995551,0.092909,-0.015674,-0.092978,0.995661,-0.003754,0.015257,0.005194,0.999870,0,0.29994,-0.68247,17.997,-1.365,1000.000,350.000,-1,300.000,400.000,275.000,275.000,300.000,375.000,-1,350.000,375.000,375.000,575.000,400.000,900.000,375.000,1,0,2,1,1,0,1,0,0,2,0,0,1,0,1,0,1
52,5824.804,-3594.301,-349.116,-6.685,0.993024,0.116404,-0.018784,-0.116514,0.993177,-0.004852,0.018091,0.007007,0.999812,0,0.30575,-0.67687,18.345,-1.354,-1,350.000,1000.000,300.000,400.000,275.000,275.000,300.000,350.000,-1,300.000,325.000,375.000,575.000,400.000,900.000,375.000,2,0,1,1,1,0,1,0,0,2,0,0,1,0,1,0,1
53,5843.308,-3596.911,-349.536,-8.027,0.989959,0.139638,-0.021954,-0.139795,0.990164,-0.005759,0.020934,0.008770,0.999742,0,0.31146,-0.67122,18.688,-1.342,-1,350.000,900.000,275.000,375.000,275.000,250.000,300.000,350.000,-1,275.000,275.000,400.000,575.000,375.000,900.000,350.000,2,0,1,1,1,0,1,0,0,2,0,0,1,0,1,0,1
54,5862.079,-3600.004,-349.765,-9.358,0.986383,0.162597,-0.024717,-0.162821,0.986629,-0.007297,0.023200,0.011222,0.999668,0,0.31706,-0.66553,19.024,-1.331,-1,325.000,775.000,275.000,375.000,275.000,250.000,300.000,350.000,-1,250.000,250.000,400.000,575.000,375.000,900.000,350.000,2,0,1,1,1,1,1,0,0,2,0,0,1,0,1,0,1
55,5881.098,-3603.589,-349.591,-10.678,0.982283,0.185266,-0.028231,-0.185613,0.982570,-0.010188,0.025852,0.015248,0.999549,0,0.32256,-0.65981,19.354,-1.320,-1,350.000,700.000,275.000,375.000,275.000,250.000,300.000,350.000,-1,250.000,225.000,400.000,575.000,350.000,950.000,325.000,2,0,1,1,1,1,1,0,0,2,0,0,1,0,1,0,1
56,5900.347,-3607.674,-349.345,-11.986,0.977678,0.207633,-0.032145,-0.208135,0.978012,-0.013111,0.028716,0.019509,0.999397,0,0.32795,-0.65405,19.677,-1.308,-1,350.000,675.000,275.000,350.000,275.000,250.000,325.000,325.000,-1,225.000,200.000,400.000,575.000,350.000,1000.000,325.000,2,0,1,1,1,1,1,0,0,2,0,0,1,0,1,0,1
57,5919.806,-3612.266,-349.090,-13.283,0.972590,0.229688,-0.036212,-0.230369,0.972974,-0.015850,0.031593,0.023758,0.999218,0,0.33323,-0.64826,19.994,-1.297,-1,350.000,625.000,250.000,350.000,275.000,225.000,325.000,325.000,-1,225.000,175.000,400.000,600.000,325.000,-1,300.000,2,0,1,1,1,1,1,0,0,2,0,0,1,0,1,2,1
58,5943.829,-3618.405,-348.868,-14.341,0.967976,0.247586,-0.041528,-0.248524,0.968437,-0.019122,0.035483,0.028830,0.998954,0,0.41323,-0.52912,24.794,-1.058,-1,350.000,600.000,250.000,325.000,250.000,225.000,325.000,325.000,-1,200.000,175.000,400.000,600.000,325.000,-1,275.000,2,0,1,1,1,1,1,0,0,2,0,0,1,0,1,2,1
59,5972.362,-3626.258,-347.579,-15.389,0.963173,0.265248,-0.044051,-0.266300,0.963684,-0.019919,0.037167,0.030917,0.998831,0,0.49323,-0.52423,29.594,-1.048,-1,350.000,550.000,225.000,300.000,250.000,225.000,325.000,325.000,-1,225.000,175.000,425.000,600.000,300.000,-1,275.000,2,1,1,1,1,1,1,0,0,2,0,0,1,0,1,2,1
60,6005.099,-3635.910,-344.720,-16.427,0.957971,0.282681,-0.048816,-0.283682,0.958804,-0.014828,0.042613,0.028053,0.998698,0,0.56882,-0.51884,34.129,-1.038,-1,325.000,525.000,225.000,275.000,250.000,200.000,350.000,325.000,-1,250.000,200.000,450.000,575.000,300.000,-1,250.000,2,1,1,1,1,1,1,0,0,2,0,0,1,1,1,2,1
61,6038.052,-3646.273,-340.878,-17.453,0.952392,0.299851,-0.055120,-0.300582,0.953741,-0.005292,0.050983,0.021608,0.998466,0,0.57572,-0.51298,34.543,-1.026,-1,325.000,500.000,225.000,275.000,250.000,200.000,325.000,350.000,-1,225.000,200.000,475.000,550.000,275.000,-1,250.000,2,1,1,1,1,1,1,0,0,2,0,0,1,1,1,2,1
62,6071.216,-3657.351,-336.850,-18.467,0.946527,0.316724,-0.061420,-0.317016,0.948406,0.005196,0.059897,0.014553,0.998098,0,0.58273,-0.50704,34.964,-1.014,-1,325.000,475.000,225.000,275.000,225.000,200.000,325.000,375.000,-1,200.000,225.000,500.000,525.000,275.000,-1,225.000,2,1,1,1,1,1,1,0,0,2,0,0,1,1,1,2,1
63,6104.584,-3669.149,-332.623,-19.469,0.940392,0.333290,-0.067689,-0.332942,0.942800,0.016684,0.069378,0.006847,0.997567,0,0.58984,-0.50104,35.391,-1.002,-1,300.000,475.000,225.000,250.000,225.000,200.000,325.000,400.000,-1,150.000,200.000,525.000,500.000,275.000,-1,225.000,2,1,1,1,1,1,1,0,1,2,0,0,1,1,1,2,1
64,6138.149,-3681.673,-328.185,-20.459,0.934004,0.349536,-0.073897,-0.348316,0.936922,0.029219,0.079449,-0.001551,0.996838,0,0.59705,-0.49496,35.823,-0.990,-1,300.000,450.000,200.000,250.000,225.000,200.000,300.000,425.000,-1,125.000,175.000,575.000,475.000,275.000,-1,225.000,2,1,1,1,1,1,1,0,1,2,0,0,1,1,1,2,1
65,6175.898,-3696.688,-323.012,-21.689,0.925718,0.369542,-0.080533,-0.367051,0.929143,0.044351,0.091216,-0.011497,0.995765,0,0.67705,-0.61496,40.623,-1.230,-1,275.000,425.000,200.000,250.000,225.000,175.000,300.000,425.000,950.000,100.000,150.000,600.000,450.000,250.000,-1,225.000,2,1,1,1,1,1,1,0,1,0,0,0,1,1,1,2,1
66,6217.663,-3714.555,-317.034,-23.159,0.915306,0.393175,-0.087345,-0.388869,0.919170,0.062517,0.104865,-0.023256,0.994215,0,0.75705,-0.73496,45.423,-1.470,-1,275.000,400.000,200.000,250.000,200.000,175.000,275.000,450.000,725.000,75.000,150.000,625.000,425.000,250.000,-1,200.000,2,1,1,1,1,1,1,0,1,0,0,0,1,1,1,2,1
67,6261.707,-3734.971,-309.100,-24.869,0.901858,0.420339,-0.099833,-0.413788,0.906838,0.080151,0.124223,-0.030975,0.991771,0,0.80900,-0.85496,48.540,-1.710,-1,250.000,375.000,200.000,250.000,200.000,175.000,275.000,475.000,600.000,50.000,125.000,650.000,425.000,250.000,-1,200.000,2,1,1,1,1,1,1,0,1,0,0,0,1,1,1,2,1
68,5575.427,-8855.130,-448.484,-158.699,-0.929035,0.362513,0.074013,-0.355007,-0.929745,0.097697,0.104230,0.064489,0.992460,1,0.00000,0.00000,49.204,-1.950,-1,375.000,-1,375.000,950.000,300.000,300.000,325.000,325.000,-1,425.000,450.000,600.000,675.000,600.000,-1,850.000,2,0,2,0,0,0,0,0,0,2,0,0,1,0,0,2,0
69,5570.962,-8856.892,-447.983,-158.459,-0.927494,0.366414,0.074137,-0.358895,-0.928243,0.097776,0.104643,0.064079,0.992443,0,0.08000,0.12000,4.800,0.240,-1,375.000,-1,375.000,950.000,300.000,300.000,325.000,325.000,-1,425.000,475.000,600.000,675.000,600.000,-1,850.000,2,0,2,0,0,0,0,0,0,2,0,0,1,0,0,2,0
70,5562.062,-8860.491,-446.976,-157.979,-0.924361,0.374197,0.074382,-0.366652,-0.925189,0.097935,0.105465,0.063255,0.992409,0,0.16000,0.24000,9.600,0.480,-1,375.000,-1,375.000,925.000,325.000,325.000,325.000,325.000,-1,425.000,475.000,600.000,675.000,600.000,-1,850.000,2,0,2,0,0,0,0,0,0,2,0,0,1,0,0,2,0
71,5548.781,-8866.056,-445.455,-157.259,-0.919539,0.385824,0.074746,-0.378241,-0.920486,0.098178,0.106682,0.062007,0.992358,0,0.24000,0.36000,14.400,0.720,-1,375.000,-1,375.000,900.000,325.000,325.000,325.000,325.000,-1,450.000,500.000,625.000,675.000,600.000,-1,825.000,2,0,2,0,0,0,0,0,0,2,0,0,1,0,0,2,0
72,5531.170,-8873.703,-443.406,-156.526,-0.914472,0.397593,0.075234,-0.389958,-0.915549,0.098498,0.108043,0.060736,0.992289,0,0.32000,0.36631,19.200,0.733,-1,375.000,-1,375.000,875.000,325.000,325.000,325.000,300.000,-1,450.000,500.000,625.000,675.000,600.000,-1,800.000,2,0,2,0,0,0,0,0,0,2,0,0,1,0,0,2,0
73,5509.281,-8883.545,-440.822,-155.789,-0.909208,0.409375,0.075841,-0.401674,-0.910427,0.098899,0.109535,0.059456,0.992203,0,0.40000,0.36872,24.000,0.737,-1,375.000,-1,375.000,850.000,325.000,325.000,325.000,300.000,-1,475.000,525.000,650.000,675.000,575.000,-1,800.000,2,0,2,0,0,0,0,0,0,2,0,0,1,0,0,2,0
74,5483.169,-8895.695,-437.691,-155.045,-0.903736,0.421188,0.076561,-0.413407,-0.905106,0.099383,0.111155,0.058165,0.992099,0,0.48000,0.37179,28.800,0.744,-1,375.000,-1,350.000,825.000,325.000,300.000,325.000,300.000,-1,500.000,550.000,675.000,675.000,575.000,-1,775.000,2,0,2,0,0,0,0,0,0,2,0,0,1,0,0,2,0
75,5452.894,-8910.268,-434.004,-154.294,-0.898043,0.433049,0.077385,-0.425174,-0.899575,0.099955,0.112899,0.056861,0.991978,0,0.56000,0.37553,33.600,0.751,-1,375.000,-1,350.000,775.000,325.000,300.000,325.000,300.000,-1,525.000,575.000,700.000,675.000,575.000,-1,750.000,2,0,2,0,0,0,0,0,0,2,0,0,1,0,0,2,0
76,5418.518,-8927.381,-429.748,-153.534,-0.892113,0.444975,0.078304,-0.436994,-0.893819,0.100618,0.114762,0.055545,0.991839,0,0.64000,0.37998,38.400,0.760,-1,375.000,-1,350.000,750.000,325.000,300.000,325.000,300.000,-1,575.000,600.000,725.000,675.000,550.000,-1,725.000,2,0,2,0,0,0,0,0,0,2,0,0,1,0,0,2,0
77,5380.107,-8947.150,-424.805,-152.764,-0.885942,0.456994,0.079143,-0.448963,-0.887839,0.100866,0.116361,0.053829,0.991747,0,0.72000,0.38516,43.200,0.770,-1,375.000,-1,350.000,700.000,300.000,300.000,325.000,300.000,-1,575.000,600.000,775.000,675.000,550.000,-1,700.000,2,0,2,0,0,0,0,0,0,2,0,0,1,0,0,2,0
78,5337.815,-8969.653,-419.150,-151.982,-0.879498,0.469126,0.080023,-0.461100,-0.881621,0.100654,0.117769,0.051626,0.991698,0,0.79843,0.39108,47.906,0.782,-1,375.000,-1,325.000,650.000,300.000,300.000,325.000,300.000,-1,575.000,600.000,825.000,675.000,550.000,-1,650.000,2,0,2,0,0,0,0,0,0,2,0,0,1,0,0,2,0
79,5295.646,-8992.845,-412.775,-151.186,-0.872475,0.481431,0.083734,-0.473414,-0.875222,0.099331,0.121107,0.047023,0.991525,0,0.80208,0.39776,48.125,0.796,-1,375.000,-1,325.000,650.000,300.000,300.000,325.000,325.000,-1,525.000,575.000,900.000,700.000,550.000,-1,650.000,2,0,2,0,0,0,0,0,0,2,0,0,1,0,0,2,0
80,5249.670,-9019.062,-405.295,-150.302,-0.864240,0.495024,0.089667,-0.487045,-0.867938,0.097324,0.126003,0.040440,0.991205,0,0.88208,0.44215,52.925,0.884,-1,375.000,-1,325.000,675.000,300.000,300.000,325.000,325.000,-1,450.000,525.000,1000.000,700.000,550.000,-1,700.000,2,0,2,0,1,0,0,0,0,2,0,0,1,0,0,2,1
81,5202.152,-9047.126,-397.458,-149.429,-0.855825,0.508312,0.095826,-0.500400,-0.860510,0.095517,0.131012,0.033795,0.990805,0,0.91976,0.43636,55.185,0.873,-1,375.000,-1,325.000,625.000,300.000,275.000,325.000,325.000,-1,375.000,500.000,-1,725.000,550.000,-1,675.000,2,0,2,0,1,0,0,0,0,2,0,0,2,0,0,2,1
82,5154.903,-9075.997,-389.532,-148.569,-0.847292,0.521272,0.101848,-0.513450,-0.852951,0.094036,0.135890,0.027382,0.990345,0,0.92284,0.42996,55.370,0.860,-1,375.000,-1,325.000,600.000,300.000,275.000,325.000,325.000,-1,325.000,450.000,-1,750.000,550.000,-1,625.000,2,0,2,0,1,0,0,0,0,2,0,0,2,0,0,2,1
83,5107.955,-9105.646,-381.401,-147.723,-0.838743,0.533886,0.107122,-0.526157,-0.845277,0.093087,0.140246,0.021713,0.989879,0,0.92540,0.42312,55.524,0.846,-1,375.000,-1,325.000,575.000,300.000,275.000,325.000,325.000,-1,300.000,450.000,-1,775.000,575.000,-1,600.000,2,0,2,0,1,0,0,0,0,2,0,0,2,0,1,2,1
84,5061.343,-9136.037,-373.777,-146.891,-0.830139,0.546175,0.112079,-0.538970,-0.837555,0.089509,0.142760,0.013897,0.989660,0,0.92741,0.41584,55.644,0.832,-1,375.000,-1,325.000,550.000,300.000,275.000,325.000,325.000,-1,300.000,450.000,-1,800.000,550.000,-1,575.000,2,0,2,0,1,0,0,0,0,2,0,0,2,0,1,2,1
85,5015.099,-9167.138,-365.761,-146.075,-0.821469,0.558090,0.117155,-0.551171,-0.829745,0.087942,0.146288,0.007670,0.989212,0,0.92881,0.40814,55.728,0.816,-1,400.000,-1,325.000,500.000,300.000,275.000,325.000,325.000,-1,300.000,450.000,-1,825.000,550.000,-1,575.000,2,0,2,0,1,0,0,0,0,2,0,0,2,0,1,2,1
86,4969.257,-9198.908,-357.435,-145.275,-0.812758,0.569635,0.122232,-0.562803,-0.821893,0.088005,0.150592,0.002734,0.988592,0,0.92955,0.40001,55.773,0.800,-1,400.000,-1,325.000,475.000,300.000,275.000,325.000,300.000,-1,250.000,425.000,-1,850.000,550.000,-1,550.000,2,0,2,0,1,0,0,0,0,2,0,0,2,0,1,2,1
87,4923.851,-9231.303,-349.106,-144.492,-0.804041,0.580814,0.127177,-0.574090,-0.814034,0.088150,0.154725,-0.002135,0.987955,0,0.92959,0.39148,55.776,0.783,-1,400.000,-1,325.000,450.000,300.000,275.000,350.000,300.000,-1,225.000,375.000,-1,900.000,575.000,-1,575.000,2,0,2,0,1,0,0,0,0,2,0,0,2,0,1,2,1
88,4878.916,-9264.277,-340.796,-143.727,-0.795340,0.591620,0.131987,-0.585012,-0.806188,0.088440,0.158729,-0.006874,0.987298,0,0.92890,0.38256,55.734,0.765,-1,425.000,-1,325.000,450.000,325.000,275.000,350.000,300.000,-1,225.000,350.000,-1,975.000,600.000,-1,-1,2,0,2,0,1,0,0,0,0,2,0,0,2,0,0,2,2
89,4834.484,-9297.781,-332.487,-142.980,-0.786680,0.602048,0.136652,-0.595584,-0.798376,0.088739,0.162525,-0.011578,0.986636,0,0.92745,0.37329,55.647,0.747,-1,425.000,-1,350.000,425.000,325.000,300.000,350.000,300.000,-1,200.000,325.000,-1,-1,650.000,-1,-1,2,0,2,0,1,0,0,0,0,2,0,0,2,2,0,2,2
90,4790.588,-9331.764,-323.554,-142.253,-0.778105,0.612071,0.141147,-0.606266,-0.790585,0.086119,0.164300,-0.018563,0.986236,0,0.92521,0.36371,55.512,0.727,-1,425.000,-1,350.000,450.000,325.000,300.000,350.000,300.000,-1,225.000,350.000,-1,-1,675.000,-1,-1,2,0,2,0,1,0,0,0,0,2,0,0,2,2,0,2,2
91,4750.584,-9363.282,-314.850,-141.766,-0.772121,0.618669,0.145182,-0.613829,-0.785216,0.081541,0.164446,-0.026158,0.986039,0,0.84880,0.24371,50.928,0.487,-1,425.000,-1,350.000,500.000,325.000,300.000,350.000,300.000,-1,250.000,425.000,-1,-1,700.000,-1,-1,2,0,2,0,1,0,0,0,0,2,0,0,2,2,0,2,2
92,4710.865,-9394.855,-306.175,-141.518,-0.768746,0.621932,0.149099,-0.617997,-0.782384,0.077173,0.164649,-0.032816,0.985806,0,0.84565,0.12371,50.739,0.247,-1,425.000,-1,375.000,-1,325.000,300.000,350.000,300.000,975.000,300.000,475.000,-1,-1,725.000,-1,-1,2,0,2,0,2,0,0,0,0,0,0,0,2,2,0,2,2
93,4671.305,-9426.311,-297.522,-141.511,-0.768030,0.621906,0.152848,-0.618810,-0.782143,0.072980,0.164935,-0.038533,0.985551,0,0.84237,0.00371,50.542,0.007,-1,425.000,-1,375.000,-1,325.000,325.000,350.000,300.000,975.000,350.000,550.000,-1,-1,750.000,-1,-1,2,0,2,0,2,0,0,0,0,0,0,0,2,2,0,2,2
94,4631.773,-9457.483,-288.562,-141.743,-0.769710,0.618572,0.157845,-0.616369,-0.784466,0.068570,0.166240,-0.044511,0.985080,0,0.83904,-0.11629,50.342,-0.233,-1,450.000,-1,375.000,-1,350.000,325.000,350.000,325.000,975.000,375.000,575.000,-1,-1,775.000,-1,-1,2,0,2,0,2,0,0,0,1,0,0,0,2,2,0,2,2
95,4592.143,-9488.207,-280.015,-142.216,-0.774360,0.611981,0.160767,-0.610442,-0.789413,0.064713,0.166514,-0.048027,0.984869,0,0.83575,-0.23629,50.145,-0.473,-1,450.000,-1,400.000,-1,350.000,325.000,350.000,300.000,1000.000,400.000,625.000,-1,-1,825.000,-1,-1,2,0,2,0,2,0,0,0,1,0,0,0,2,2,0,2,2
96,4552.302,-9518.346,-272.435,-142.893,-0.780947,0.602494,0.164691,-0.601672,-0.796442,0.060584,0.167668,-0.051777,0.984483,0,0.83260,-0.33864,49.956,-0.677,-1,450.000,-1,400.000,-1,350.000,325.000,350.000,275.000,-1,400.000,650.000,-1,-1,850.000,-1,-1,2,0,2,0,2,0,0,0,1,2,0,0,2,2,0,2,2
97,4512.252,-9547.900,-265.038,-143.576,-0.787523,0.592852,0.168327,-0.592740,-0.803411,0.056480,0.168720,-0.055295,0.984112,0,0.82956,-0.34127,49.774,-0.683,-1,450.000,-1,400.000,-1,350.000,325.000,325.000,275.000,-1,400.000,650.000,-1,-1,900.000,-1,-1,2,0,2,0,2,0,0,0,1,2,0,0,2,2,0,2,2
98,4472.013,-9576.854,-257.105,-144.263,-0.794551,0.583131,0.169257,-0.583450,-0.810409,0.053135,0.168152,-0.056534,0.984139,0,0.82622,-0.34366,49.573,-0.687,-1,450.000,-1,400.000,-1,350.000,325.000,325.000,250.000,-1,425.000,700.000,-1,-1,900.000,-1,-1,2,0,2,0,2,0,0,0,1,2,0,0,2,2,0,2,2
99,4431.605,-9605.195,-248.999,-144.955,-0.801687,0.573292,0.169217,-0.573930,-0.817370,0.050112,0.167042,-0.056945,0.984304,0,0.82261,-0.34582,49.357,-0.692,-1,450.000,-1,400.000,-1,350.000,325.000,325.000,250.000,-1,475.000,750.000,-1,-1,925.000,-1,-1,2,0,2,0,2,0,0,0,1,2,0,0,2,2,0,2,2
100,4391.048,-9632.913,-240.905,-145.650,-0.808754,0.563319,0.169082,-0.564254,-0.824253,0.047164,0.165935,-0.057261,0.984473,0,0.81874,-0.34773,49.124,-0.695,-1,450.000,-1,400.000,-1,350.000,325.000,325.000,225.000,-1,550.000,825.000,-1,-1,950.000,-1,-1,2,0,2,0,2,0,0,0,1,2,0,0,2,2,0,2,2
101,4350.361,-9659.998,-232.911,-146.349,-0.815758,0.553206,0.168822,-0.554488,-0.831035,0.043864,0.164563,-0.057828,0.984670,0,0.81464,-0.34940,48.879,-0.699,-1,450.000,-1,400.000,-1,350.000,325.000,325.000,225.000,-1,600.000,900.000,-1,-1,950.000,-1,-1,2,0,2,0,2,0,0,0,1,2,0,0,2,2,0,2,2
102,4309.561,-9686.442,-224.972,-147.051,-0.822685,0.542969,0.168447,-0.544606,-0.837716,0.040457,0.163077,-0.058454,0.984880,0,0.81035,-0.35081,48.621,-0.702,-1,450.000,-1,400.000,-1,350.000,325.000,325.000,225.000,-1,675.000,975.000,-1,-1,950.000,-1,-1,2,0,2,0,2,0,0,0,1,2,0,0,2,2,0,2,2
103,4264.501,-9715.136,-216.263,-147.512,-0.827269,0.536157,0.167812,-0.538230,-0.841993,0.036825,0.161040,-0.059857,0.985131,0,0.89035,-0.23081,53.421,-0.462,-1,450.000,-1,400.000,-1,350.000,325.000,325.000,225.000,-1,775.000,-1,-1,-1,975.000,-1,-1,2,0,2,0,2,0,0,0,1,2,0,2,2,2,0,2,2
104,4219.137,-9743.777,-207.544,-147.734,-0.829576,0.532832,0.167011,-0.535376,-0.843959,0.033250,0.158667,-0.061831,0.985394,0,0.89417,-0.11081,53.650,-0.222,-1,450.000,-1,400.000,-1,325.000,325.000,325.000,225.000,-1,900.000,-1,-1,-1,975.000,-1,-1,2,0,2,0,2,0,0,0,1,2,0,2,2,2,0,2,2
105,4174.121,-9772.220,-199.007,-147.715,-0.829657,0.533007,0.166051,-0.536113,-0.843636,0.029352,0.155731,-0.064670,0.985680,0,0.88750,0.00919,53.250,0.018,-1,425.000,-1,425.000,-1,325.000,325.000,325.000,225.000,-1,-1,-1,-1,-1,975.000,-1,-1,2,0,2,0,2,0,0,0,1,2,2,2,2,2,0,2,2
106,4129.605,-9800.630,-190.826,-147.457,-0.827537,0.536649,0.164893,-0.540522,-0.840979,0.024311,0.151718,-0.069010,0.986012,0,0.88018,0.12919,52.811,0.258,-1,425.000,-1,425.000,-1,325.000,325.000,325.000,250.000,-1,-1,-1,-1,-1,1000.000,-1,-1,2,0,2,0,2,0,0,0,1,2,2,2,2,2,0,2,2
107,4085.734,-9829.171,-182.275,-146.959,-0.823216,0.543678,0.163494,-0.548667,-0.835869,0.016959,0.145880,-0.075743,0.986399,0,0.87233,0.24919,52.340,0.498,-1,425.000,-1,425.000,-1,325.000,325.000,325.000,250.000,-1,-1,-1,-1,-1,1000.000,-1,-1,2,0,2,0,2,0,0,0,1,2,2,2,2,2,0,2,2
108,4042.645,-9858.000,-174.306,-146.220,-0.816431,0.554153,0.162341,-0.559990,-0.828418,0.011566,0.140895,-0.081467,0.986667,0,0.86409,0.36919,51.845,0.738,-1,425.000,-1,425.000,-1,325.000,325.000,300.000,275.000,-1,-1,-1,-1,-1,-1,-1,-1,2,0,2,0,2,0,0,0,1,2,2,2,2,2,2,2,2
109,4000.472,-9887.271,-167.169,-145.242,-0.807148,0.568034,0.160777,-0.574341,-0.818570,0.008690,0.136544,-0.085327,0.986952,0,0.85561,0.48919,51.337,0.978,-1,425.000,-1,425.000,-1,325.000,325.000,300.000,300.000,-1,-1,-1,-1,1000.000,-1,-1,-1,2,0,2,0,2,0,0,0,1,2,2,2,2,0,2,2,2
110,3959.327,-9917.102,-160.748,-144.061,-0.795740,0.584664,0.158007,-0.591159,-0.806523,0.007187,0.131638,-0.087688,0.987412,0,0.84706,0.59049,50.824,1.181,-1,425.000,-1,425.000,-1,325.000,325.000,300.000,300.000,-1,-1,-1,-1,975.000,-1,-1,-1,2,0,2,0,2,0,0,0,0,2,2,2,2,0,2,2,2
111,3919.208,-9947.475,-154.459,-142.875,-0.783939,0.601094,0.155326,-0.607793,-0.794077,0.005422,0.126600,-0.090155,0.987848,0,0.83870,0.59280,50.322,1.186,-1,425.000,-1,425.000,-1,325.000,325.000,325.000,300.000,-1,-1,-1,-1,950.000,-1,-1,-1,2,0,2,0,2,0,0,0,0,2,2,2,2,0,2,2,2
112,3880.085,-9978.395,-148.338,-141.684,-0.771731,0.617333,0.152747,-0.624227,-0.781235,0.003583,0.121544,-0.092584,0.988259,0,0.83113,0.59558,49.868,1.191,-1,425.000,-1,425.000,-1,350.000,325.000,325.000,300.000,-1,-1,-1,-1,950.000,-1,-1,-1,2,0,2,0,2,0,0,0,0,2,2,2,2,0,2,2,2
113,3841.928,-10009.869,-142.386,-140.487,-0.759102,0.633382,0.150306,-0.640464,-0.767986,0.001666,0.116488,-0.095001,0.988638,0,0.82442,0.59880,49.465,1.198,-1,425.000,-1,425.000,-1,350.000,325.000,325.000,300.000,-1,-1,-1,-1,925.000,-1,-1,-1,2,0,2,0,2,0,0,0,0,2,2,2,2,0,2,2,2
114,3804.706,-10041.911,-136.674,-139.282,-0.745989,0.649219,0.148372,-0.656530,-0.754300,-0.000395,0.111660,-0.097705,0.988932,0,0.81859,0.60243,49.116,1.205,-1,425.000,-1,425.000,-1,350.000,350.000,325.000,300.000,-1,-1,-1,725.000,900.000,-1,-1,-1,2,0,2,0,2,0,0,0,0,2,2,2,1,0,2,2,2
115,3768.390,-10074.536,-131.121,-138.069,-0.732445,0.664861,0.146573,-0.672393,-0.740190,-0.002506,0.106826,-0.100391,0.989197,0,0.81368,0.60643,48.821,1.213,-1,425.000,-1,425.000,-1,350.000,350.000,325.000,300.000,-1,-1,-1,625.000,900.000,-1,-1,-1,2,0,2,0,2,0,0,0,0,2,2,2,1,0,2,2,2
116,3732.954,-10107.764,-125.722,-136.847,-0.718462,0.680304,0.144912,-0.688049,-0.725649,-0.004662,0.101983,-0.103056,0.989434,0,0.80967,0.61078,48.580,1.222,-1,425.000,-1,425.000,-1,350.000,350.000,325.000,325.000,-1,-1,-1,600.000,875.000,-1,-1,-1,2,0,2,0,2,0,0,0,0,2,2,2,1,0,2,2,2
117,3698.373,-10141.614,-120.721,-135.616,-0.704197,0.695608,0.142254,-0.703425,-0.710737,-0.006717,0.096433,-0.104795,0.989807,0,0.80654,0.61546,48.393,1.231,-1,425.000,-1,425.000,-1,350.000,350.000,325.000,325.000,-1,-1,-1,600.000,850.000,-1,-1,-1,2,0,2,0,2,0,0,0,0,2,2,2,1,0,2,2,2
118,3664.628,-10176.107,-116.013,-134.376,-0.689567,0.710746,0.139061,-0.718551,-0.695419,-0.008789,0.090459,-0.105983,0.990245,0,0.80428,0.62043,48.257,1.241,-1,425.000,-1,425.000,-1,350.000,350.000,325.000,325.000,-1,-1,-1,600.000,825.000,-1,-1,-1,2,0,2,0,2,0,0,0,0,2,2,2,1,0,2,2,2
119,3631.704,-10211.266,-111.458,-133.124,-0.674467,0.725669,0.136008,-0.733460,-0.679643,-0.011020,0.084440,-0.107189,0.990646,0,0.80283,0.62569,48.170,1.251,-1,425.000,-1,425.000,-1,325.000,325.000,325.000,325.000,-1,-1,-1,600.000,825.000,1000.000,-1,-1,2,0,2,0,2,0,0,0,0,2,2,2,1,0,0,2,2
120,3599.590,-10247.113,-107.478,-131.862,-0.658771,0.740230,0.134462,-0.748234,-0.663278,-0.014403,0.078524,-0.110098,0.990814,0,0.80217,0.63121,48.130,1.262,-1,400.000,-1,425.000,-1,325.000,325.000,325.000,325.000,-1,-1,-1,625.000,800.000,975.000,-1,-1,2,0,2,0,2,0,0,0,0,2,2,2,1,0,0,2,2
121,3568.278,-10283.668,-103.875,-130.588,-0.642533,0.754593,0.133195,-0.762739,-0.646485,-0.016909,0.073349,-0.112457,0.990946,0,0.80224,0.63697,48.135,1.274,-1,400.000,-1,425.000,-1,325.000,325.000,325.000,325.000,-1,-1,-1,675.000,775.000,950.000,-1,-1,2,0,2,0,2,0,0,0,0,2,2,2,1,0,0,2,2
122,3537.764,-10320.951,-100.647,-129.302,-0.625770,0.768786,0.131836,-0.776959,-0.629285,-0.018295,0.068897,-0.113880,0.991103,0,0.80301,0.64296,48.181,1.286,-1,400.000,-1,400.000,-1,325.000,325.000,325.000,300.000,-1,-1,-1,725.000,750.000,950.000,-1,-1,2,0,2,0,2,0,0,0,0,2,2,2,1,0,0,2,2
123,3508.050,-10358.983,-97.536,-128.004,-0.608523,0.782718,0.130583,-0.790918,-0.611604,-0.019745,0.064411,-0.115296,0.991241,0,0.80442,0.64917,48.265,1.298,-1,400.000,-1,400.000,-1,325.000,325.000,325.000,300.000,-1,-1,-1,775.000,750.000,925.000,-1,-1,2,0,2,0,2,0,0,0,0,2,2,2,1,0,0,2,2
124,3479.143,-10397.782,-94.544,-126.692,-0.590788,0.796376,0.129441,-0.804601,-0.593435,-0.021256,0.059887,-0.116706,0.991359,0,0.80644,0.65558,48.386,1.311,-1,400.000,-1,400.000,-1,325.000,325.000,325.000,300.000,-1,-1,-1,825.000,725.000,900.000,-1,-1,2,0,2,0,2,0,0,0,0,2,2,2,1,0,0,2,2
125,3451.049,-10437.364,-91.500,-125.368,-0.572520,0.809811,0.128171,-0.817984,-0.574822,-0.021961,0.055891,-0.117415,0.991509,0,0.80901,0.66218,48.541,1.324,-1,375.000,-1,400.000,-1,325.000,325.000,325.000,300.000,-1,-1,-1,875.000,725.000,875.000,-1,-1,2,0,2,0,2,0,0,0,0,2,2,2,1,0,0,2,2
126,3426.413,-10473.505,-88.838,-124.284,-0.557344,0.820498,0.127086,-0.828616,-0.559362,-0.022572,0.052567,-0.117886,0.991635,0,0.72901,0.54218,43.741,1.084,-1,375.000,-1,400.000,-1,325.000,325.000,325.000,300.000,-1,-1,-1,900.000,725.000,875.000,-1,-1,2,0,2,0,2,0,0,0,0,2,2,2,1,0,0,2,2
127,3402.437,-10509.814,-86.269,-123.439,-0.545420,0.828624,0.126096,-0.836685,-0.547192,-0.023219,0.049758,-0.118167,0.991746,0,0.72521,0.42218,43.513,0.844,-1,375.000,-1,400.000,-1,325.000,325.000,325.000,300.000,-1,-1,-1,950.000,700.000,875.000,-1,-1,2,0,2,0,2,0,0,0,0,2,2,2,1,0,0,2,2
128,3378.726,-10546.559,-83.744,-122.835,-0.536851,0.834339,0.125176,-0.842341,-0.538415,-0.023889,0.047465,-0.118266,0.991847,0,0.72887,0.30218,43.732,0.604,-1,375.000,-1,400.000,-1,325.000,325.000,325.000,300.000,-1,-1,-1,1000.000,700.000,850.000,-1,-1,2,0,2,0,2,0,0,0,0,2,2,2,1,0,0,2,2
129,3355.117,-10583.658,-81.385,-122.471,-0.531677,0.837806,0.124101,-0.845691,-0.533136,-0.023935,0.046110,-0.117677,0.991981,0,0.73291,0.18218,43.974,0.364,-1,375.000,-1,400.000,-1,300.000,325.000,325.000,325.000,-1,-1,-1,-1,700.000,850.000,-1,-1,2,0,2,0,2,0,0,0,0,2,2,2,2,0,0,2,2
