timestep,x_cm,y_cm,z_cm,yaw_deg,basis_xx,basis_xy,basis_xz,basis_yx,basis_yy,basis_yz,basis_zx,basis_zy,basis_zz,teleport_flag,throttle_cmd,steering_cmd,cmd_move_cm,cmd_turn_deg,lidar_cm_0,lidar_cm_1,lidar_cm_2,lidar_cm_3,lidar_cm_4,lidar_cm_5,lidar_cm_6,lidar_cm_7,lidar_cm_8,lidar_cm_9,lidar_cm_10,lidar_cm_11,lidar_cm_12,lidar_cm_13,lidar_cm_14,lidar_cm_15,lidar_cm_16,lidar_class_0,lidar_class_1,lidar_class_2,lidar_class_3,lidar_class_4,lidar_class_5,lidar_class_6,lidar_class_7,lidar_class_8,lidar_class_9,lidar_class_10,lidar_class_11,lidar_class_12,lidar_class_13,lidar_class_14,lidar_class_15,lidar_class_16
0,-4263.583,-2300.574,265.760,-91.895,-0.044169,0.990849,-0.127545,-0.995400,-0.032784,0.090019,0.085014,0.130935,0.987739,1,0.08000,0.12000,4.800,0.240,925.000,475.000,-1,400.000,-1,350.000,325.000,400.000,200.000,-1,0.000,0.000,-1,775.000,975.000,975.000,-1,1,1,2,0,2,0,0,0,0,2,0,1,2,1,0,1,2
1,-4263.824,-2310.170,266.514,-91.417,-0.035640,0.991343,-0.126366,-0.995783,-0.024530,0.088404,0.084539,0.128984,0.988037,0,0.16000,0.23878,9.600,0.478,900.000,450.000,-1,400.000,-1,350.000,325.000,400.000,200.000,-1,0.000,0.000,-1,750.000,975.000,950.000,-1,1,1,2,0,2,1,0,0,0,2,0,1,2,1,0,1,2
2,-4264.065,-2324.566,267.731,-90.934,-0.026825,0.991906,-0.124105,-0.996161,-0.016175,0.086038,0.083334,0.125936,0.988532,0,0.24000,0.24161,14.400,0.483,875.000,450.000,-1,400.000,-1,350.000,325.000,400.000,200.000,-1,0.000,0.000,-1,750.000,975.000,925.000,-1,1,1,2,0,2,1,0,0,0,2,0,1,2,1,0,1,2
3,-4264.221,-2343.764,269.433,-90.442,-0.017672,0.992534,-0.120683,-0.996528,-0.007664,0.082899,0.081355,0.121729,0.989224,0,0.32000,0.24593,19.200,0.492,850.000,450.000,-1,400.000,-1,350.000,325.000,400.000,200.000,-1,0.000,0.000,-1,725.000,950.000,875.000,-1,1,1,2,0,2,1,0,0,0,2,0,1,2,1,0,1,2
4,-4264.205,-2367.762,271.639,-89.939,-0.008134,0.993213,-0.116024,-0.996876,0.001061,0.078971,0.078558,0.116304,0.990102,0,0.40000,0.25181,24.000,0.504,800.000,425.000,-1,400.000,-1,350.000,325.000,375.000,225.000,-1,0.000,0.000,-1,700.000,950.000,825.000,-1,1,1,2,0,2,1,0,0,0,2,0,1,2,1,0,1,2
5,-4263.944,-2394.650,274.185,-89.420,0.001768,0.993877,-0.110478,-0.997167,0.010059,0.074538,0.075193,0.110033,0.991080,0,0.44817,0.25933,26.890,0.519,750.000,425.000,-1,400.000,-1,325.000,325.000,375.000,225.000,-1,0.000,0.000,-1,675.000,950.000,775.000,-1,1,1,2,0,2,1,0,0,0,2,0,1,2,1,0,1,2
6,-4263.433,-2421.423,276.785,-88.884,0.011957,0.994433,-0.104688,-0.997354,0.019369,0.070067,0.071705,0.103573,0.992034,0,0.44633,0.26795,26.780,0.536,700.000,400.000,-1,400.000,-1,325.000,325.000,375.000,250.000,-1,0.000,0.000,-1,625.000,950.000,725.000,-1,1,1,2,0,2,1,0,0,0,2,0,1,2,1,0,1,2
7,-4262.666,-2448.118,279.441,-88.331,0.022434,0.994869,-0.098648,-0.997427,0.028993,0.065572,0.068096,0.096923,0.992960,0,0.44514,0.27674,26.708,0.553,650.000,400.000,-1,400.000,-1,325.000,325.000,375.000,250.000,-1,0.000,0.000,-1,600.000,975.000,675.000,-1,1,1,2,0,2,1,0,0,0,2,0,1,2,1,0,1,2
8,-4261.633,-2474.771,282.154,-87.759,0.033197,0.995173,-0.092354,-0.997374,0.038938,0.061068,0.064369,0.090084,0.993852,0,0.44456,0.28568,26.674,0.571,625.000,375.000,-1,400.000,-1,325.000,325.000,350.000,250.000,-1,0.000,0.000,-1,575.000,975.000,625.000,-1,1,1,2,0,2,1,0,0,0,2,0,1,2,1,0,1,2
9,-4260.325,-2501.412,284.923,-87.170,0.044247,0.995329,-0.085802,-0.997185,0.049206,0.056571,0.060528,0.083057,0.994705,0,0.44457,0.29479,26.674,0.590,575.000,375.000,-1,400.000,-1,325.000,325.000,350.000,275.000,-1,0.000,650.000,-1,550.000,975.000,575.000,-1,1,1,2,0,2,1,0,0,0,2,0,1,2,1,0,1,2
10,-4258.733,-2528.072,287.749,-86.562,0.055582,0.995325,-0.078988,-0.996850,0.059801,0.052098,0.056578,0.075844,0.995513,0,0.44514,0.30406,26.709,0.608,525.000,350.000,-1,400.000,-1,300.000,325.000,350.000,300.000,-1,0.000,725.000,-1,525.000,975.000,525.000,-1,1,1,2,0,2,1,0,0,0,2,0,1,2,1,0,1,2
11,-4256.843,-2554.778,290.632,-85.935,0.067201,0.995144,-0.071914,-0.996356,0.070727,0.047671,0.052526,0.068448,0.996271,0,0.44624,0.31350,26.774,0.627,475.000,350.000,-1,425.000,-1,300.000,325.000,325.000,300.000,-1,200.000,825.000,-1,500.000,975.000,475.000,-1,1,1,2,0,2,1,0,0,0,2,0,1,2,1,0,1,2
12,-4254.643,-2581.558,293.570,-85.288,0.079102,0.994773,-0.064578,-0.995692,0.081987,0.043309,0.048377,0.060874,0.996972,0,0.44785,0.32311,26.871,0.646,450.000,325.000,-1,425.000,-1,300.000,325.000,325.000,325.000,-1,625.000,900.000,-1,475.000,1000.000,425.000,-1,1,1,2,0,2,1,0,0,0,2,1,1,2,1,0,1,2
13,-4252.117,-2608.436,295.534,-84.623,0.090947,0.993986,-0.060993,-0.994749,0.093562,0.041488,0.046945,0.056899,0.997276,0,0.44995,0.33289,26.997,0.666,400.000,325.000,-1,425.000,-1,275.000,325.000,325.000,325.000,-1,675.000,1000.000,-1,450.000,1000.000,400.000,-1,1,1,2,0,2,1,0,0,0,2,1,1,2,1,0,1,2
14,-4248.902,-2640.070,296.683,-84.197,0.098360,0.993268,-0.061181,-0.994058,0.100947,0.040735,0.046637,0.056811,0.997295,0,0.52995,0.21289,31.797,0.426,375.000,300.000,-1,425.000,-1,275.000,325.000,325.000,325.000,-1,725.000,-1,-1,450.000,1000.000,375.000,-1,1,1,2,0,2,1,1,0,0,2,1,2,2,1,0,1,2
15,-4245.081,-2676.468,298.857,-84.011,0.101315,0.992729,-0.065002,-0.993686,0.104145,0.041738,0.048204,0.060363,0.997012,0,0.60995,0.09289,36.597,0.186,350.000,300.000,-1,425.000,-1,275.000,325.000,325.000,325.000,-1,750.000,-1,-1,425.000,-1,350.000,-1,1,1,2,0,2,1,1,0,0,2,1,2,2,1,2,1,2
16,-4240.793,-2717.643,302.089,-84.065,0.099728,0.992356,-0.072692,-0.993645,0.103157,0.045039,0.052194,0.067739,0.996337,0,0.68995,-0.02711,41.397,-0.054,325.000,300.000,-1,425.000,-1,275.000,325.000,350.000,325.000,-1,775.000,-1,-1,425.000,-1,325.000,-1,1,1,2,0,2,1,1,0,0,2,1,2,2,1,2,1,2
17,-4236.242,-2763.616,305.768,-84.360,0.093798,0.992242,-0.081599,-0.993976,0.097998,0.049073,0.056688,0.076504,0.995456,0,0.76995,-0.14711,46.197,-0.294,325.000,300.000,-1,450.000,-1,275.000,350.000,375.000,300.000,-1,625.000,-1,-1,425.000,-1,325.000,-1,1,1,2,0,2,1,1,0,0,2,0,2,2,1,2,1,2
18,-4231.691,-2814.411,309.859,-84.894,0.083497,0.992290,-0.091592,-0.994601,0.088669,0.053919,0.061625,0.086596,0.994336,0,0.84995,-0.26711,50.997,-0.534,300.000,300.000,-1,475.000,-1,300.000,375.000,400.000,300.000,-1,475.000,-1,-1,425.000,-1,300.000,-1,1,1,2,0,2,1,1,1,0,2,0,2,2,1,2,1,2
19,-4227.489,-2869.662,314.276,-85.668,0.068816,0.992362,-0.102382,-0.995388,0.075174,0.059598,0.066839,0.097808,0.992958,0,0.92348,-0.38711,55.409,-0.774,275.000,300.000,-1,500.000,-1,300.000,375.000,425.000,275.000,-1,400.000,175.000,-1,425.000,-1,300.000,-1,1,1,2,0,2,1,1,1,0,2,0,0,2,1,2,1,2
20,-4224.235,-2925.481,318.633,-86.682,0.049859,0.992357,-0.112879,-0.996177,0.057529,0.065736,0.071727,0.109170,0.991432,0,0.93186,-0.50711,55.912,-1.014,250.000,325.000,-1,525.000,-1,300.000,400.000,425.000,275.000,-1,375.000,75.000,-1,-1,-1,275.000,-1,1,1,2,0,2,1,1,1,0,2,0,0,2,2,2,1,2
21,-4222.187,-2981.785,322.830,-87.936,0.026693,0.992088,-0.122673,-0.996749,0.035747,0.072209,0.076023,0.120347,0.989817,0,0.93897,-0.62711,56.338,-1.254,250.000,325.000,-1,550.000,-1,325.000,450.000,425.000,275.000,-1,350.000,25.000,-1,-1,-1,275.000,-1,1,1,2,0,2,1,0,1,0,2,0,0,2,2,2,1,2
22,-4221.394,-3038.441,326.799,-89.218,0.003076,0.991296,-0.131615,-0.996810,0.013536,0.078649,0.079746,0.130953,0.988176,0,0.94431,-0.64065,56.659,-1.281,225.000,375.000,-1,575.000,-1,375.000,475.000,375.000,275.000,-1,325.000,0.000,-1,-1,-1,250.000,-1,1,1,2,0,2,1,0,1,0,2,0,0,2,2,2,1,2
23,-4221.810,-3095.306,330.508,-90.440,-0.019435,0.990006,-0.139680,-0.996368,-0.007595,0.084808,0.082900,0.140821,0.986558,0,0.94772,-0.61092,56.863,-1.222,200.000,550.000,-1,600.000,-1,450.000,500.000,325.000,275.000,-1,300.000,0.000,-1,-1,-1,250.000,-1,1,1,2,0,2,1,0,1,0,2,0,0,2,2,2,1,2
24,-4223.380,-3152.230,333.932,-91.599,-0.040746,0.988324,-0.146820,-0.995512,-0.027594,0.090527,0.085419,0.149850,0.985012,0,0.94903,-0.57989,56.942,-1.160,200.000,925.000,-1,625.000,-1,525.000,525.000,275.000,275.000,-1,300.000,0.000,675.000,-1,-1,-1,-1,1,0,2,0,2,1,0,1,0,2,0,0,0,2,2,2,2
25,-4226.036,-3209.057,337.053,-92.695,-0.060770,0.986354,-0.153011,-0.994331,-0.046422,0.095662,0.087254,0.157957,0.983583,0,0.94808,-0.54764,56.885,-1.095,-1,975.000,-1,650.000,-1,575.000,550.000,250.000,250.000,-1,300.000,0.000,600.000,-1,-1,-1,-1,2,0,2,0,2,1,0,1,0,2,0,0,0,2,2,2,2
26,-4229.697,-3265.628,340.336,-93.723,-0.079346,0.983894,-0.160175,-0.993061,-0.064027,0.098643,0.086798,0.166890,0.982147,0,0.94477,-0.51434,56.686,-1.029,-1,-1,-1,675.000,-1,625.000,575.000,225.000,250.000,-1,325.000,0.000,550.000,-1,-1,-1,-1,2,2,2,0,2,1,0,1,0,2,0,0,0,2,2,2,2
27,4263.678,1639.876,204.955,-68.252,0.366250,0.920217,-0.138065,-0.929964,0.367092,-0.020248,0.032049,0.135811,0.990216,1,0.00000,0.00000,56.346,-0.960,-1,575.000,-1,325.000,250.000,375.000,300.000,575.000,450.000,-1,0.000,0.000,-1,-1,625.000,-1,325.000,2,0,2,0,1,0,0,0,1,2,1,1,2,2,0,2,1
28,-9515.736,-4264.439,391.549,-169.455,-0.982935,0.182989,0.018817,-0.183257,-0.982970,-0.013663,0.015996,-0.016878,0.999730,1,0.08000,-0.12000,4.800,-0.240,-1,400.000,-1,425.000,-1,325.000,325.000,300.000,300.000,-1,-1,-1,-1,850.000,-1,-1,-1,2,0,2,0,2,0,0,0,0,2,2,2,2,0,2,2,2
29,-9525.188,-4266.117,391.712,-169.935,-0.984449,0.174748,0.017994,-0.175003,-0.984472,-0.013737,0.015314,-0.016673,0.999744,0,0.16000,-0.24000,9.600,-0.480,-1,400.000,-1,425.000,-1,325.000,325.000,300.000,300.000,-1,-1,-1,-1,850.000,-1,-1,-1,2,0,2,0,2,0,0,0,0,2,2,2,2,0,2,2,2
30,-9539.397,-4268.455,391.958,-170.655,-0.986589,0.162364,0.016757,-0.162600,-0.986595,-0.013823,0.014288,-0.016362,0.999764,0,0.24000,-0.36000,14.400,-0.720,-1,400.000,-1,425.000,-1,325.000,325.000,300.000,300.000,-1,-1,-1,-1,850.000,-1,-1,-1,2,0,2,0,2,0,0,0,0,2,2,2,2,0,2,2,2
31,-9558.392,-4271.255,392.291,-171.615,-0.989197,0.145813,0.015102,-0.146023,-0.989184,-0.013890,0.012913,-0.015945,0.999789,0,0.32000,-0.48000,19.200,-0.960,-1,400.000,-1,425.000,-1,325.000,325.000,300.000,300.000,-1,-1,-1,-1,850.000,1000.000,-1,-1,2,0,2,0,2,0,0,0,0,2,2,2,2,0,1,2,2
32,-9582.203,-4274.257,392.714,-172.815,-0.992063,0.125066,0.013025,-0.125244,-0.992029,-0.013898,0.011183,-0.015419,0.999819,0,0.40000,-0.60000,24.000,-1.200,-1,400.000,-1,450.000,-1,325.000,325.000,300.000,300.000,-1,-1,-1,-1,825.000,975.000,-1,-1,2,0,2,0,2,0,0,0,0,2,2,2,2,0,1,2,2
33,-9610.859,-4277.140,393.228,-174.255,-0.994922,0.100097,0.010524,-0.100238,-0.994868,-0.013797,0.009089,-0.014782,0.999849,0,0.48000,-0.72000,28.800,-1.440,-1,400.000,-1,450.000,-1,325.000,350.000,300.000,300.000,-1,-1,-1,-1,825.000,950.000,-1,-1,2,0,2,0,2,0,0,0,0,2,2,2,2,0,1,2,2
34,-9644.374,-4279.522,393.838,-175.935,-0.997455,0.070888,0.007595,-0.070986,-0.997386,-0.013526,0.006616,-0.014031,0.999880,0,0.56000,-0.84000,33.600,-1.680,-1,400.000,-1,450.000,-1,325.000,350.000,300.000,300.000,-1,-1,-1,-1,825.000,925.000,-1,-1,2,0,2,0,2,0,0,0,0,2,2,2,2,0,1,2,2
35,-9682.747,-4280.960,394.546,-177.855,-0.999290,0.037433,0.004235,-0.037485,-0.999212,-0.013015,0.003744,-0.013164,0.999906,0,0.64000,-0.96000,38.400,-1.920,-1,400.000,-1,450.000,-1,325.000,350.000,300.000,300.000,-1,-1,-1,-1,825.000,900.000,-1,-1,2,0,2,0,2,0,0,0,0,2,2,2,2,0,1,2,2
36,-9725.947,-4281.069,395.358,-179.855,-0.999997,0.002538,0.000439,-0.002543,-0.999922,-0.012238,0.000408,-0.012239,0.999925,0,0.72000,-1.00000,43.200,-2.000,-1,400.000,-1,450.000,-1,325.000,350.000,300.000,300.000,-1,-1,-1,-1,825.000,875.000,-1,-1,2,0,2,0,2,0,0,0,0,2,2,2,2,0,1,2,2
37,-9773.922,-4279.516,396.275,-181.855,-0.999469,-0.032361,-0.003799,0.032402,-0.999413,-0.011164,-0.003436,-0.011281,0.999930,0,0.80000,-1.00000,48.000,-2.000,-1,425.000,975.000,450.000,-1,350.000,350.000,300.000,300.000,-1,-1,-1,-1,800.000,850.000,-1,975.000,2,0,1,0,2,0,0,0,0,2,2,2,2,1,1,2,1
38,-9826.603,-4275.969,397.125,-183.852,-0.997709,-0.067168,-0.008061,0.067251,-0.997681,-0.010461,-0.007339,-0.010979,0.999913,0,0.88000,-0.99849,52.800,-1.997,-1,425.000,925.000,450.000,-1,350.000,350.000,300.000,300.000,-1,-1,-1,-1,750.000,800.000,-1,925.000,2,0,1,0,2,0,0,0,0,2,2,2,2,1,1,2,1
39,-9883.904,-4270.106,396.398,-185.843,-0.994741,-0.101794,-0.011336,0.101918,-0.994732,-0.010977,-0.010159,-0.012075,0.999875,0,0.96000,-0.99567,57.600,-1.991,-1,425.000,850.000,450.000,-1,350.000,350.000,300.000,300.000,-1,-1,-1,-1,700.000,775.000,875.000,900.000,2,0,1,0,2,0,0,0,0,2,2,2,2,1,1,1,1
40,-9943.345,-4261.934,394.890,-187.827,-0.990577,-0.136179,-0.014582,0.136313,-0.990628,-0.008640,-0.013268,-0.010546,0.999856,0,1.00000,-0.99217,60.000,-1.984,-1,425.000,800.000,450.000,-1,350.000,350.000,300.000,300.000,-1,-1,-1,-1,650.000,725.000,775.000,850.000,2,0,1,0,2,0,0,0,0,2,2,2,2,1,1,1,1
41,-10002.469,-4251.718,393.348,-189.803,-0.985237,-0.170255,-0.017925,0.170388,-0.985358,-0.006156,-0.016614,-0.009119,0.999820,0,1.00000,-0.98790,60.000,-1.976,850.000,425.000,725.000,450.000,-1,350.000,350.000,300.000,300.000,-1,-1,-1,-1,600.000,675.000,675.000,800.000,1,0,1,0,2,0,0,0,0,2,2,2,2,1,1,1,1
42,-10061.208,-4239.480,391.761,-191.769,-0.978747,-0.203956,-0.021374,0.204075,-0.978949,-0.003534,-0.020203,-0.007821,0.999765,0,1.00000,-0.98285,60.000,-1.966,675.000,425.000,675.000,450.000,-1,350.000,350.000,300.000,300.000,-1,-1,-1,-1,525.000,625.000,600.000,750.000,1,0,1,0,2,0,0,0,0,2,2,2,2,1,1,1,1
43,-10119.495,-4225.247,390.116,-193.723,-0.971136,-0.237218,-0.024936,0.237311,-0.971433,-0.000782,-0.024038,-0.006677,0.999689,0,1.00000,-0.97699,60.000,-1.954,550.000,400.000,600.000,450.000,-1,350.000,350.000,300.000,300.000,-1,-1,-1,-1,475.000,575.000,525.000,700.000,1,1,1,0,2,0,0,0,0,2,2,2,2,1,1,1,1
44,-10177.267,-4209.048,388.403,-195.663,-0.962441,-0.269978,-0.028618,0.270030,-0.962849,0.002097,-0.028121,-0.005710,0.999588,0,1.00000,-0.97025,60.000,-1.941,475.000,375.000,550.000,450.000,-1,350.000,350.000,300.000,300.000,-1,-1,-1,-1,425.000,525.000,450.000,650.000,1,1,1,0,2,0,0,0,0,2,2,2,2,1,1,1,1
45,-10234.463,-4190.917,386.612,-197.588,-0.952701,-0.302173,-0.032428,0.302171,-0.953240,0.005100,-0.032453,-0.004940,0.999461,0,1.00000,-0.96258,60.000,-1.925,375.000,325.000,500.000,425.000,-1,325.000,350.000,300.000,275.000,-1,-1,-1,-1,375.000,500.000,375.000,625.000,1,1,1,1,2,1,1,0,0,2,2,2,2,1,1,1,1
46,-10291.023,-4170.892,384.733,-199.496,-0.941963,-0.333742,-0.036370,0.333669,-0.942654,0.008227,-0.037029,-0.004386,0.999305,0,1.00000,-0.95392,60.000,-1.908,300.000,275.000,425.000,375.000,-1,275.000,325.000,300.000,275.000,-1,-1,-1,-1,325.000,450.000,300.000,575.000,1,1,1,1,2,1,1,0,0,2,2,2,2,1,1,1,1
47,-10346.893,-4149.014,382.758,-201.385,-0.930276,-0.364625,-0.040448,0.364467,-0.931146,0.011478,-0.041848,-0.004064,0.999116,0,1.00000,-0.94421,60.000,-1.888,250.000,250.000,375.000,350.000,-1,250.000,275.000,300.000,275.000,-1,-1,-1,-1,275.000,400.000,225.000,525.000,1,1,1,1,2,1,1,0,0,2,2,2,2,1,1,1,1
48,-10402.020,-4125.328,380.411,-203.251,-0.917727,-0.394762,-0.044058,0.394566,-0.918770,0.013416,-0.045775,-0.005072,0.998939,0,1.00000,-0.93338,60.000,-1.867,175.000,200.000,325.000,300.000,-1,200.000,250.000,300.000,275.000,-1,-1,-1,-1,225.000,350.000,175.000,475.000,1,1,1,1,2,1,1,0,0,2,2,2,2,1,1,1,1
49,-10456.355,-4099.883,384.795,-205.094,-0.905538,-0.424006,-0.014817,0.423431,-0.905396,0.031049,-0.026580,0.021843,0.999408,0,1.00000,-0.92136,60.000,-1.843,150.000,175.000,300.000,275.000,-1,175.000,225.000,350.000,275.000,-1,-1,-1,-1,200.000,325.000,150.000,450.000,1,1,1,1,2,1,1,0,0,2,2,2,2,1,1,1,1
50,-10509.867,-4072.747,391.852,-206.910,-0.891667,-0.451775,0.028805,0.452689,-0.890101,0.052854,0.001762,0.060167,0.998187,0,1.00000,-0.90808,60.000,-1.816,125.000,175.000,275.000,250.000,-1,175.000,200.000,450.000,250.000,-1,-1,425.000,-1,200.000,300.000,125.000,450.000,1,1,1,1,2,1,1,1,0,2,2,0,2,1,1,1,1
51,-10562.522,-4043.976,399.082,-208.697,-0.875250,-0.477781,0.075252,0.482677,-0.872784,0.072606,0.030989,0.099871,0.994518,0,1.00000,-0.89348,60.000,-1.787,125.000,175.000,275.000,225.000,-1,150.000,200.000,475.000,225.000,-1,400.000,50.000,425.000,200.000,275.000,125.000,500.000,1,1,1,1,2,1,1,1,0,2,0,0,0,1,1,1,1
52,-10614.291,-4013.634,405.981,-210.452,-0.855776,-0.501616,0.126608,0.513577,-0.853198,0.091061,0.062344,0.142950,0.987764,0,1.00000,-0.87753,60.000,-1.755,125.000,150.000,250.000,225.000,-1,150.000,175.000,550.000,225.000,-1,225.000,25.000,225.000,175.000,275.000,100.000,-1,1,1,1,1,2,1,1,1,0,2,0,0,0,1,1,1,2
53,983.897,8855.079,354.865,-101.712,-0.202485,0.979180,0.014351,-0.976798,-0.202993,0.068256,0.069748,-0.000197,0.997565,1,0.00000,0.00000,60.000,-1.720,-1,125.000,-1,400.000,-1,100.000,200.000,575.000,375.000,-1,100.000,25.000,425.000,175.000,950.000,350.000,-1,2,1,2,1,2,1,1,0,0,2,0,0,0,1,1,1,2
54,-4266.882,1643.315,107.185,133.676,-0.688106,-0.723099,-0.060305,0.717328,-0.690420,0.093599,-0.109317,0.021148,0.993782,1,0.08000,0.12000,4.800,0.240,-1,425.000,-1,400.000,-1,350.000,325.000,300.000,275.000,500.000,750.000,625.000,-1,825.000,775.000,-1,-1,2,0,2,0,2,0,0,0,0,1,1,1,2,0,0,2,2
55,-4273.570,1650.203,106.029,134.156,-0.694171,-0.717275,-0.060360,0.711463,-0.696438,0.093774,-0.109299,0.022151,0.993762,0,0.16000,0.24000,9.600,0.480,-1,425.000,-1,400.000,-1,350.000,325.000,300.000,275.000,525.000,750.000,650.000,-1,825.000,800.000,-1,-1,2,0,2,0,2,0,0,0,0,1,1,1,2,0,0,2,2
56,-4283.727,1660.410,104.295,134.858,-0.702950,-0.708665,-0.060456,0.702793,-0.705149,0.094058,-0.109286,0.023630,0.993729,0,0.24000,0.35095,14.400,0.702,-1,425.000,-1,400.000,-1,350.000,325.000,300.000,275.000,525.000,750.000,650.000,-1,825.000,800.000,-1,-1,2,0,2,0,2,0,0,0,0,1,1,1,2,0,0,2,2
57,-4297.433,1673.855,102.009,135.551,-0.711507,-0.700058,-0.060635,0.694113,-0.713645,0.094439,-0.109385,0.025106,0.993682,0,0.32000,0.34657,19.200,0.693,-1,425.000,-1,400.000,-1,350.000,325.000,300.000,275.000,550.000,775.000,650.000,-1,800.000,800.000,-1,-1,2,0,2,0,2,0,0,0,0,1,1,1,2,0,0,2,2
58,-4314.765,1690.457,99.210,136.232,-0.719768,-0.691502,-0.061312,0.685485,-0.721902,0.094695,-0.109743,0.026130,0.993617,0,0.40000,0.34075,24.000,0.682,-1,425.000,-1,400.000,-1,350.000,325.000,300.000,275.000,550.000,775.000,675.000,-1,800.000,800.000,-1,-1,2,0,2,0,2,0,0,0,0,1,1,1,2,0,0,2,2
59,-4335.794,1710.136,96.033,136.899,-0.727629,-0.683052,-0.063207,0.676965,-0.729903,0.094656,-0.110790,0.026085,0.993501,0,0.48000,0.33348,28.800,0.667,-1,425.000,-1,400.000,-1,350.000,325.000,300.000,275.000,575.000,800.000,700.000,-1,800.000,800.000,-1,-1,2,0,2,0,2,0,0,0,0,1,1,1,2,0,0,2,2
60,-4359.304,1731.642,92.479,137.549,-0.735169,-0.674737,-0.065242,0.668574,-0.737602,0.094620,-0.111966,0.025943,0.993373,0,0.53105,0.32474,31.863,0.649,-1,425.000,-1,400.000,-1,350.000,325.000,300.000,275.000,600.000,825.000,725.000,-1,775.000,800.000,-1,-1,2,0,2,0,2,0,0,0,0,1,1,1,2,0,0,2,2
61,-4383.239,1753.058,88.857,138.179,-0.742387,-0.666587,-0.067248,0.660344,-0.744979,0.094611,-0.113165,0.025831,0.993240,0,0.53528,0.31503,32.117,0.630,-1,400.000,-1,400.000,-1,350.000,325.000,300.000,275.000,625.000,850.000,750.000,-1,775.000,800.000,-1,-1,2,0,2,0,2,0,0,0,0,1,1,1,2,0,0,2,2
62,-4407.596,1774.389,85.166,138.789,-0.749289,-0.658614,-0.069227,0.652289,-0.752040,0.094632,-0.114388,0.025751,0.993102,0,0.53961,0.30520,32.377,0.610,-1,400.000,-1,400.000,-1,350.000,325.000,300.000,275.000,650.000,875.000,775.000,-1,750.000,775.000,-1,-1,2,0,2,0,2,0,0,0,0,1,1,1,2,0,0,2,2
63,-4432.373,1795.641,81.404,139.380,-0.755879,-0.650830,-0.071182,0.644418,-0.758789,0.094685,-0.115636,0.025699,0.992959,0,0.54403,0.29525,32.642,0.590,-1,400.000,-1,400.000,-1,325.000,325.000,300.000,275.000,700.000,900.000,825.000,-1,750.000,750.000,-1,-1,2,0,2,0,2,0,0,0,0,1,1,1,2,0,0,2,2
64,-4457.568,1816.819,77.570,139.950,-0.762161,-0.643245,-0.073115,0.636743,-0.765230,0.094773,-0.116911,0.025677,0.992810,0,0.54856,0.28516,32.913,0.570,-1,400.000,-1,400.000,-1,325.000,325.000,300.000,275.000,725.000,925.000,850.000,-1,725.000,750.000,-1,-1,2,0,2,0,2,0,0,0,0,1,1,1,2,0,0,2,2
65,-4483.179,1837.932,73.664,140.500,-0.768140,-0.635871,-0.075026,0.629275,-0.771368,0.094896,-0.118214,0.025682,0.992656,0,0.55318,0.27494,33.191,0.550,-1,400.000,-1,400.000,-1,325.000,325.000,300.000,275.000,750.000,950.000,875.000,-1,725.000,725.000,-1,-1,2,0,2,0,2,0,0,0,0,1,1,1,2,0,0,2,2
66,-4509.204,1858.985,69.785,141.029,-0.773876,-0.628713,-0.076397,0.622016,-0.777198,0.095177,-0.119215,0.026134,0.992524,0,0.55790,0.26459,33.474,0.529,-1,375.000,-1,400.000,-1,325.000,325.000,300.000,275.000,775.000,1000.000,925.000,-1,700.000,725.000,-1,-1,2,0,2,0,2,0,0,0,0,1,1,1,2,0,0,2,2
67,-4535.643,1879.986,65.958,141.537,-0.779388,-0.621778,-0.077108,0.614975,-0.782723,0.095659,-0.119833,0.027136,0.992423,0,0.56274,0.25409,33.765,0.508,-1,375.000,-1,400.000,-1,325.000,325.000,300.000,275.000,800.000,-1,950.000,-1,700.000,700.000,-1,-1,2,0,2,0,2,0,0,0,0,1,2,1,2,0,0,2,2
68,-4562.493,1900.946,62.069,142.024,-0.784619,-0.615086,-0.077735,0.608168,-0.787955,0.096224,-0.120437,0.028223,0.992320,0,0.56770,0.24344,34.062,0.487,-1,375.000,-1,400.000,-1,325.000,325.000,300.000,275.000,825.000,-1,975.000,-1,700.000,700.000,-1,-1,2,0,2,0,2,0,0,0,0,1,2,1,2,0,0,2,2
69,-4589.754,1921.872,58.194,142.489,-0.789567,-0.608651,-0.078274,0.601657,-0.792904,0.096502,-0.120800,0.029101,0.992250,0,0.57277,0.23265,34.366,0.465,-1,375.000,-1,400.000,-1,325.000,325.000,300.000,275.000,875.000,-1,-1,-1,675.000,675.000,-1,-1,2,0,2,0,2,0,0,0,0,1,2,2,2,0,0,2,2
70,-4617.425,1942.774,54.278,142.933,-0.794241,-0.602482,-0.078723,0.595416,-0.797570,0.096756,-0.121081,0.029974,0.992190,0,0.57797,0.22170,34.678,0.443,-1,375.000,-1,400.000,-1,325.000,325.000,300.000,275.000,900.000,-1,-1,-1,675.000,675.000,-1,-1,2,0,2,0,2,0,0,0,0,1,2,2,2,0,0,2,2
71,-4649.010,1966.458,49.802,143.136,-0.796353,-0.599639,-0.079090,0.592519,-0.799693,0.097015,-0.121422,0.030396,0.992135,0,0.65797,0.10170,39.478,0.203,-1,375.000,-1,375.000,-1,325.000,325.000,300.000,275.000,925.000,-1,-1,-1,675.000,650.000,-1,-1,2,0,2,0,2,0,0,0,0,1,2,2,2,0,0,2,2
72,-4684.418,1993.043,44.645,143.100,-0.795997,-0.600142,-0.078850,0.592985,-0.799301,0.097401,-0.121479,0.030773,0.992117,0,0.73797,-0.01830,44.278,-0.037,1000.000,375.000,-1,375.000,-1,325.000,325.000,300.000,275.000,975.000,-1,-1,-1,650.000,650.000,1000.000,-1,0,0,2,0,2,0,0,0,0,1,2,2,2,0,0,0,2
73,-4723.331,2022.555,38.798,142.823,-0.793179,-0.603987,-0.077891,0.596813,-0.796385,0.097904,-0.121164,0.031169,0.992143,0,0.81396,-0.13830,48.838,-0.277,975.000,375.000,-1,375.000,-1,300.000,300.000,300.000,275.000,-1,-1,-1,-1,650.000,625.000,950.000,-1,0,0,2,0,2,0,0,0,0,2,2,2,2,0,0,0,2
74,-4762.318,2052.681,32.876,142.306,-0.787787,-0.611143,-0.076783,0.603972,-0.790907,0.098405,-0.120867,0.031148,0.992180,0,0.82117,-0.25830,49.270,-0.517,925.000,375.000,-1,375.000,-1,300.000,300.000,300.000,275.000,-1,-1,-1,-1,625.000,625.000,925.000,975.000,0,0,2,0,2,0,0,0,0,2,2,2,2,0,0,0,0
75,-4801.281,2083.577,26.978,141.587,-0.780148,-0.621018,-0.075539,0.613801,-0.783175,0.099426,-0.120906,0.031201,0.992174,0,0.82877,-0.35948,49.726,-0.719,900.000,375.000,-1,350.000,975.000,300.000,300.000,300.000,275.000,-1,-1,-1,-1,600.000,600.000,875.000,925.000,0,0,2,0,0,0,0,0,0,2,2,2,2,0,0,0,0
76,-4840.213,2115.292,21.272,140.834,-0.771991,-0.631289,-0.074192,0.624237,-0.774971,0.098731,-0.119825,0.029906,0.992345,0,0.83693,-0.37676,50.216,-0.754,875.000,375.000,-1,350.000,950.000,300.000,300.000,300.000,275.000,-1,-1,-1,-1,600.000,600.000,850.000,900.000,0,0,2,0,0,0,0,0,0,2,2,2,2,0,0,0,0
77,-4879.117,2147.884,15.725,140.045,-0.763283,-0.641949,-0.072805,0.635256,-0.766260,0.096411,-0.117679,0.027339,0.992675,0,0.84587,-0.39455,50.752,-0.789,850.000,350.000,-1,350.000,950.000,300.000,300.000,300.000,300.000,-1,-1,-1,-1,600.000,600.000,800.000,875.000,0,0,2,0,0,0,0,0,0,2,2,2,2,0,0,0,0
78,-4917.988,2181.414,10.053,139.219,-0.754010,-0.652972,-0.071387,0.646673,-0.756985,0.093744,-0.115251,0.024520,0.993034,0,0.85559,-0.41285,51.336,-0.826,825.000,350.000,-1,350.000,950.000,300.000,300.000,275.000,300.000,-1,-1,-1,-1,575.000,600.000,775.000,875.000,0,0,2,0,0,0,0,0,0,2,2,2,2,0,0,0,0
79,-4956.820,2215.945,4.248,138.356,-0.744139,-0.664352,-0.069954,0.658479,-0.747113,0.090710,-0.112527,0.021437,0.993417,0,0.86608,-0.43169,51.965,-0.863,800.000,350.000,-1,350.000,950.000,300.000,300.000,275.000,300.000,-1,-1,-1,-1,575.000,600.000,750.000,875.000,0,0,2,0,0,0,0,0,0,2,2,2,2,0,0,0,0
80,-4995.600,2251.539,-1.506,137.454,-0.733654,-0.676067,-0.068452,0.670546,-0.736599,0.088259,-0.110091,0.018852,0.993743,0,0.87732,-0.45105,52.639,-0.902,750.000,350.000,-1,350.000,950.000,300.000,300.000,275.000,300.000,-1,-1,-1,-1,550.000,600.000,725.000,875.000,0,0,2,0,0,0,0,0,0,2,2,2,2,0,0,0,0
81,-5034.312,2288.260,-6.935,136.512,-0.722654,-0.688097,-0.065526,0.682847,-0.725398,0.086707,-0.107195,0.017915,0.994077,0,0.88931,-0.47096,53.359,-0.942,725.000,350.000,-1,350.000,950.000,300.000,300.000,275.000,300.000,-1,800.000,-1,-1,550.000,575.000,700.000,850.000,0,0,2,0,0,0,0,0,0,2,0,2,2,0,0,0,0
82,-5072.933,2326.174,-12.136,135.529,-0.711124,-0.700433,-0.060786,0.695481,-0.713484,0.085125,-0.102994,0.018259,0.994514,0,0.90204,-0.49141,54.122,-0.983,725.000,350.000,-1,350.000,950.000,300.000,300.000,300.000,300.000,-1,650.000,650.000,-1,550.000,575.000,700.000,850.000,0,0,2,0,0,0,0,0,0,2,0,0,2,0,0,0,0
83,-5111.435,2365.349,-17.336,134.504,-0.698845,-0.713080,-0.055967,0.708449,-0.700839,0.083215,-0.098563,0.018504,0.994959,0,0.91548,-0.51243,54.929,-1.025,750.000,350.000,-1,350.000,950.000,300.000,300.000,300.000,300.000,-1,500.000,450.000,-1,550.000,575.000,700.000,875.000,0,0,2,0,0,0,0,0,0,2,0,0,2,0,0,0,0
84,-5149.710,2405.765,-22.472,133.442,-0.685827,-0.725951,-0.051349,0.721661,-0.687499,0.080935,-0.094057,0.018451,0.995396,0,0.92774,-0.53114,55.665,-1.062,750.000,350.000,-1,350.000,975.000,300.000,300.000,300.000,300.000,-1,425.000,375.000,-1,550.000,575.000,725.000,875.000,0,0,2,0,0,0,0,0,0,2,0,0,2,0,0,0,0
85,-5187.229,2446.883,-27.175,132.379,-0.672714,-0.738551,-0.044705,0.734640,-0.673903,0.078476,-0.088085,0.019950,0.995913,0,0.92774,-0.53114,55.665,-1.062,775.000,350.000,-1,350.000,1000.000,300.000,300.000,300.000,300.000,-1,400.000,350.000,-1,550.000,600.000,750.000,900.000,0,0,2,0,0,0,0,0,0,2,0,0,2,0,0,0,0
86,-5223.980,2488.690,-31.775,131.317,-0.659345,-0.750891,-0.037774,0.747385,-0.660072,0.075635,-0.081727,0.021638,0.996420,0,0.92774,-0.53114,55.665,-1.062,800.000,350.000,-1,350.000,-1,300.000,300.000,300.000,325.000,-1,350.000,300.000,-1,575.000,600.000,800.000,950.000,0,0,2,0,2,0,0,0,0,2,0,0,2,0,0,0,0
87,-5259.949,2531.171,-36.350,130.255,-0.645688,-0.762972,-0.030987,0.759885,-0.646015,0.072384,-0.075245,0.023191,0.996895,0,0.92774,-0.53114,55.665,-1.062,875.000,350.000,-1,350.000,-1,300.000,300.000,325.000,325.000,-1,350.000,300.000,-1,575.000,600.000,850.000,1000.000,0,0,2,0,2,0,0,0,0,2,0,0,2,0,0,0,0
88,-5295.125,2574.311,-40.637,129.193,-0.631714,-0.774810,-0.024631,0.772225,-0.631752,0.067514,-0.067871,0.023629,0.997414,0,0.92774,-0.53114,55.665,-1.062,950.000,350.000,-1,350.000,-1,300.000,300.000,325.000,325.000,-1,300.000,275.000,1000.000,600.000,600.000,950.000,-1,0,0,2,0,2,0,0,0,0,2,0,0,0,0,0,0,2
89,-5329.494,2618.096,-44.418,128.130,-0.617364,-0.786415,-0.020320,0.784303,-0.617300,0.061715,-0.061077,0.022164,0.997887,0,0.92774,-0.53114,55.665,-1.062,-1,350.000,-1,375.000,-1,300.000,300.000,325.000,325.000,-1,250.000,275.000,950.000,600.000,625.000,-1,-1,2,0,2,0,2,0,0,0,0,2,0,0,0,0,0,2,2
90,-5363.046,2662.511,-47.869,127.068,-0.602702,-0.797770,-0.017733,0.796061,-0.602649,0.055693,-0.055117,0.019450,0.998290,0,0.92774,-0.53114,55.665,-1.062,-1,350.000,-1,375.000,-1,300.000,300.000,300.000,325.000,-1,250.000,275.000,925.000,625.000,650.000,-1,-1,2,0,2,0,2,0,0,0,0,2,0,0,0,0,0,2,2
91,-5395.769,2707.541,-51.284,126.006,-0.587814,-0.808847,-0.015507,0.807502,-0.587786,0.049482,-0.049138,0.016565,0.998655,0,0.92774,-0.53114,55.665,-1.062,-1,350.000,-1,375.000,-1,300.000,300.000,300.000,325.000,-1,225.000,250.000,900.000,625.000,650.000,-1,-1,2,0,2,0,2,0,0,0,0,2,0,0,0,0,0,2,2
92,-5427.652,2753.170,-54.140,124.943,-0.572766,-0.819618,-0.012886,0.818493,-0.572698,0.045682,-0.044821,0.015618,0.998873,0,0.92774,-0.53114,55.665,-1.062,-1,350.000,-1,375.000,-1,300.000,300.000,300.000,325.000,-1,250.000,250.000,900.000,650.000,675.000,-1,-1,2,0,2,0,2,0,0,0,0,2,0,0,0,0,0,2,2
93,-5458.683,2799.382,-56.837,123.881,-0.557515,-0.830102,-0.010359,0.829159,-0.557410,0.042306,-0.040893,0.014997,0.999051,0,0.92774,-0.53114,55.665,-1.062,-1,350.000,-1,375.000,-1,300.000,300.000,300.000,325.000,-1,275.000,225.000,900.000,650.000,700.000,-1,-1,2,0,2,0,2,0,0,0,0,2,0,0,0,0,0,2,2
94,-5488.852,2846.162,-59.367,122.819,-0.542074,-0.840297,-0.007592,0.839522,-0.541926,0.038961,-0.036853,0.014746,0.999212,0,0.92774,-0.53114,55.665,-1.062,-1,375.000,-1,375.000,-1,300.000,300.000,300.000,325.000,-1,275.000,225.000,900.000,650.000,700.000,-1,-1,2,0,2,0,2,0,0,0,0,2,0,0,0,0,0,2,2
95,-5518.149,2893.492,-61.653,121.757,-0.526452,-0.850194,-0.004348,0.849573,-0.526251,0.035856,-0.032773,0.015182,0.999348,0,0.92774,-0.53114,55.665,-1.062,-1,375.000,-1,375.000,-1,300.000,300.000,300.000,325.000,-1,275.000,225.000,875.000,675.000,725.000,-1,-1,2,0,2,0,2,0,0,0,0,2,0,0,0,0,0,2,2
96,-5546.564,2941.358,-63.482,120.694,-0.510671,-0.859776,-0.000681,0.859245,-0.510383,0.034741,-0.030217,0.017156,0.999396,0,0.92774,-0.53114,55.665,-1.062,-1,375.000,-1,375.000,-1,300.000,325.000,300.000,300.000,-1,300.000,250.000,875.000,700.000,725.000,-1,-1,2,0,2,0,2,0,0,0,0,2,0,0,0,0,0,2,2
97,-5574.086,2989.743,-65.289,119.632,-0.494694,-0.869063,0.002699,0.868623,-0.494340,0.033512,-0.027790,0.018922,0.999435,0,0.92774,-0.53114,55.665,-1.062,-1,375.000,-1,375.000,-1,300.000,325.000,300.000,300.000,-1,325.000,250.000,900.000,725.000,750.000,-1,-1,2,0,2,0,2,0,0,0,0,2,0,0,0,0,0,2,2
98,-5600.707,3038.629,-67.073,118.570,-0.478532,-0.878051,0.005792,0.877700,-0.478128,0.032185,-0.025491,0.020485,0.999465,0,0.92774,-0.53114,55.665,-1.062,-1,375.000,-1,400.000,-1,325.000,325.000,300.000,300.000,-1,350.000,275.000,900.000,750.000,750.000,-1,-1,2,0,2,0,2,0,0,0,0,2,0,0,0,0,0,2,2
99,-5626.417,3088.000,-68.836,117.507,-0.462191,-0.886739,0.008603,0.886474,-0.461754,0.030776,-0.023318,0.021851,0.999489,0,0.92774,-0.53114,55.665,-1.062,-1,375.000,-1,400.000,-1,325.000,325.000,300.000,300.000,-1,375.000,300.000,900.000,775.000,775.000,-1,-1,2,0,2,0,2,0,0,0,0,2,0,0,0,0,0,2,2
100,-5649.259,3133.447,-70.375,116.685,-0.449423,-0.893255,0.010707,0.893060,-0.448972,0.029470,-0.021517,0.022806,0.999508,0,0.84774,-0.41114,50.865,-0.822,-1,400.000,-1,400.000,-1,325.000,325.000,300.000,300.000,-1,375.000,300.000,925.000,800.000,775.000,-1,-1,2,0,2,0,2,0,0,0,0,2,0,0,0,0,0,2,2
101,-5669.527,3174.813,-71.417,116.103,-0.440306,-0.897780,0.011019,0.897611,-0.439875,0.028372,-0.020625,0.022383,0.999537,0,0.76774,-0.29114,46.065,-0.582,-1,400.000,-1,400.000,-1,325.000,325.000,300.000,300.000,-1,425.000,350.000,950.000,825.000,800.000,-1,-1,2,0,2,0,2,0,0,0,0,2,0,0,0,0,0,2,2
102,-5687.461,3211.977,-72.353,115.761,-0.434921,-0.900399,0.011216,0.900249,-0.434507,0.027482,-0.019871,0.022050,0.999559,0,0.68774,-0.17114,41.265,-0.342,-1,400.000,-1,400.000,-1,325.000,325.000,300.000,300.000,-1,450.000,375.000,975.000,825.000,800.000,-1,-1,2,0,2,0,2,0,0,0,0,2,0,0,0,0,0,2,2
103,-5703.251,3244.846,-73.238,115.658,-0.433308,-0.901173,0.011452,0.901037,-0.432899,0.027013,-0.019386,0.022024,0.999569,0,0.60774,-0.05114,36.465,-0.102,-1,400.000,-1,400.000,-1,325.000,325.000,300.000,300.000,-1,475.000,400.000,1000.000,850.000,800.000,-1,-1,2,0,2,0,2,0,0,0,0,2,0,0,0,0,0,2,2
104,-5718.899,3277.221,-74.106,115.796,-0.435467,-0.900129,0.011641,0.900006,-0.435064,0.026620,-0.018897,0.022070,0.999578,0,0.59930,0.06886,35.958,0.138,-1,400.000,-1,400.000,-1,325.000,325.000,300.000,300.000,-1,500.000,425.000,1000.000,850.000,800.000,-1,-1,2,0,2,0,2,0,0,0,0,2,0,0,0,0,0,2,2
105,-5734.760,3309.492,-74.972,116.174,-0.441387,-0.897239,0.011799,0.897128,-0.440987,0.026303,-0.018397,0.022195,0.999584,0,0.59930,0.18886,35.958,0.378,-1,400.000,-1,400.000,-1,325.000,325.000,300.000,300.000,-1,500.000,450.000,-1,850.000,800.000,-1,-1,2,0,2,0,2,0,0,0,0,2,0,0,2,0,0,2,2
106,-5750.968,3341.590,-75.832,116.792,-0.451031,-0.892428,0.011936,0.892329,-0.450632,0.026068,-0.017885,0.022408,0.999589,0,0.59930,0.30886,35.958,0.618,-1,400.000,-1,400.000,-1,325.000,325.000,300.000,300.000,-1,525.000,475.000,-1,875.000,800.000,-1,-1,2,0,2,0,2,0,0,0,0,2,0,0,2,0,0,2,2
107,-5767.654,3373.442,-76.633,117.649,-0.464343,-0.885572,0.012176,0.885482,-0.463935,0.026186,-0.017541,0.022940,0.999583,0,0.59930,0.42886,35.958,0.858,-1,400.000,-1,400.000,-1,325.000,325.000,300.000,300.000,-1,550.000,500.000,-1,875.000,800.000,-1,-1,2,0,2,0,2,0,0,0,0,2,0,0,2,0,0,2,2
108,-5784.940,3404.972,-77.361,118.732,-0.481006,-0.876628,0.012534,0.876544,-0.480578,0.026730,-0.017409,0.023844,0.999564,0,0.59930,0.54144,35.958,1.083,-1,425.000,-1,400.000,-1,325.000,325.000,300.000,300.000,-1,575.000,525.000,-1,875.000,800.000,-1,-1,2,0,2,0,2,0,0,0,0,2,0,0,2,0,0,2,2
109,-5802.819,3436.171,-78.090,119.815,-0.497499,-0.867369,0.012859,0.867291,-0.497048,0.027359,-0.017339,0.024764,0.999543,0,0.59930,0.54144,35.958,1.083,-1,425.000,-1,400.000,-1,325.000,325.000,300.000,300.000,-1,625.000,550.000,-1,875.000,800.000,-1,-1,2,0,2,0,2,0,0,0,0,2,0,0,2,0,0,2,2
110,-5823.685,3471.183,-78.936,120.793,-0.512240,-0.858743,0.013090,0.858664,-0.511764,0.028184,-0.017504,0.025677,0.999517,0,0.67930,0.48882,40.758,0.978,-1,425.000,-1,400.000,-1,325.000,325.000,300.000,300.000,-1,650.000,600.000,-1,875.000,800.000,-1,-1,2,0,2,0,2,0,0,0,0,2,0,0,2,0,0,2,2
111,-5847.672,3509.915,-80.027,121.770,-0.526833,-0.849877,0.012543,0.849772,-0.526336,0.029295,-0.018295,0.026093,0.999492,0,0.75930,0.48882,45.558,0.978,-1,425.000,-1,425.000,-1,325.000,325.000,300.000,300.000,-1,725.000,675.000,-1,875.000,800.000,-1,-1,2,0,2,0,2,0,0,0,0,2,0,0,2,0,0,2,2
112,-5873.288,3549.743,-81.178,122.748,-0.541273,-0.840764,0.011826,0.840626,-0.540754,0.030535,-0.019278,0.026469,0.999464,0,0.78925,0.48882,47.355,0.978,-1,425.000,-1,425.000,-1,325.000,325.000,300.000,300.000,-1,775.000,725.000,-1,875.000,800.000,-1,-1,2,0,2,0,2,0,0,0,0,2,0,0,2,0,0,2,2
113,-5899.581,3589.129,-82.332,123.726,-0.555555,-0.831407,0.011021,0.831230,-0.555015,0.031850,-0.020363,0.026855,0.999432,0,0.78925,0.48882,47.355,0.978,-1,425.000,-1,425.000,-1,325.000,325.000,300.000,300.000,-1,850.000,800.000,-1,850.000,800.000,-1,-1,2,0,2,0,2,0,0,0,0,2,0,0,2,0,0,2,2
114,-5926.541,3628.060,-83.488,124.703,-0.569676,-0.821807,0.010121,0.821587,-0.569114,0.033234,-0.021552,0.027248,0.999396,0,0.78925,0.48882,47.355,0.978,-1,425.000,-1,400.000,-1,325.000,325.000,300.000,300.000,-1,925.000,875.000,-1,850.000,800.000,-1,-1,2,0,2,0,2,0,0,0,0,2,0,0,2,0,0,2,2
115,-5954.162,3666.526,-84.648,125.681,-0.583631,-0.811968,0.009120,0.811698,-0.583047,0.034684,-0.022845,0.027645,0.999357,0,0.78925,0.48882,47.355,0.978,-1,425.000,-1,400.000,-1,325.000,325.000,300.000,300.000,-1,1000.000,975.000,-1,825.000,775.000,-1,-1,2,0,2,0,2,0,0,0,0,2,0,0,2,0,0,2,2
116,-5982.435,3704.515,-85.756,126.658,-0.597412,-0.801897,0.007763,0.801563,-0.596813,0.036203,-0.024398,0.027850,0.999314,0,0.78925,0.48882,47.355,0.978,-1,400.000,-1,400.000,-1,325.000,325.000,300.000,300.000,-1,-1,-1,-1,825.000,775.000,-1,-1,2,0,2,0,2,0,0,0,0,2,2,2,2,0,0,2,2
117,-6011.352,3742.015,-86.936,127.636,-0.611020,-0.791587,0.006618,0.791193,-0.610400,0.037763,-0.025853,0.028310,0.999265,0,0.78925,0.48882,47.355,0.978,-1,400.000,-1,400.000,-1,325.000,325.000,300.000,300.000,-1,-1,-1,-1,800.000,750.000,-1,-1,2,0,2,0,2,0,0,0,0,2,2,2,2,0,0,2,2
118,-6040.905,3779.017,-88.182,128.614,-0.624453,-0.781042,0.005659,0.780587,-0.623805,0.039375,-0.027223,0.029006,0.999208,0,0.78925,0.48882,47.355,0.978,-1,400.000,-1,400.000,-1,325.000,325.000,300.000,300.000,-1,-1,-1,-1,775.000,750.000,-1,-1,2,0,2,0,2,0,0,0,0,2,2,2,2,0,0,2,2
119,-6071.085,3815.509,-89.467,129.591,-0.637706,-0.770265,0.004756,0.769750,-0.637025,0.041047,-0.028587,0.029837,0.999146,0,0.78925,0.48882,47.355,0.978,-1,400.000,-1,400.000,-1,325.000,325.000,300.000,300.000,-1,-1,-1,-1,775.000,725.000,-1,-1,2,0,2,0,2,0,0,0,0,2,2,2,2,0,0,2,2
120,-6101.884,3851.481,-90.791,130.569,-0.650773,-0.759262,0.003908,0.758681,-0.650056,0.042780,-0.029941,0.030805,0.999077,0,0.78925,0.48882,47.355,0.978,-1,400.000,-1,400.000,-1,325.000,325.000,300.000,300.000,-1,-1,-1,-1,750.000,725.000,-1,-1,2,0,2,0,2,0,0,0,0,2,2,2,2,0,0,2,2
121,-6133.291,3886.923,-91.973,131.547,-0.663636,-0.748050,0.002964,0.747424,-0.662907,0.043725,-0.030743,0.031233,0.999039,0,0.78925,0.48882,47.355,0.978,-1,400.000,-1,375.000,-1,325.000,325.000,300.000,300.000,-1,-1,-1,-1,750.000,725.000,-1,-1,2,0,2,0,2,0,0,0,0,2,2,2,2,0,0,2,2
122,-6165.299,3921.823,-93.156,132.524,-0.676303,-0.736621,0.002073,0.735953,-0.675565,0.044553,-0.031418,0.031657,0.999005,0,0.78925,0.48882,47.355,0.978,-1,400.000,-1,375.000,-1,325.000,325.000,300.000,300.000,-1,-1,-1,-1,725.000,700.000,-1,-1,2,0,2,0,2,0,0,0,0,2,2,2,2,0,0,2,2
123,-6197.897,3956.172,-94.334,133.502,-0.688771,-0.724978,0.001237,0.724274,-0.688026,0.045236,-0.031943,0.032053,0.998976,0,0.78925,0.48882,47.355,0.978,-1,400.000,-1,375.000,-1,325.000,325.000,300.000,300.000,-1,-1,-1,-1,700.000,700.000,-1,-1,2,0,2,0,2,0,0,0,0,2,2,2,2,0,0,2,2
124,-6231.077,3989.960,-95.440,134.480,-0.701032,-0.713130,0.000427,0.712406,-0.700293,0.045460,-0.032119,0.032173,0.998966,0,0.78925,0.48882,47.355,0.978,-1,400.000,-1,375.000,-1,325.000,325.000,300.000,300.000,-1,-1,-1,-1,700.000,700.000,-1,-1,2,0,2,0,2,0,0,0,0,2,2,2,2,0,0,2,2
125,-6264.099,4022.187,-96.521,135.697,-0.716019,-0.698081,-0.000265,0.697346,-0.715283,0.045601,-0.032023,0.032466,0.998960,0,0.76904,0.60882,46.142,1.218,-1,400.000,-1,375.000,975.000,325.000,325.000,300.000,300.000,-1,-1,-1,-1,700.000,700.000,-1,-1,2,0,2,0,0,0,0,0,0,2,2,2,2,0,0,2,2
126,-6297.930,4053.565,-97.755,137.155,-0.733524,-0.679663,-0.000904,0.678949,-0.732813,0.044874,-0.031161,0.032302,0.998992,0,0.76904,0.72882,46.142,1.458,-1,400.000,-1,375.000,950.000,325.000,325.000,300.000,300.000,-1,-1,-1,-1,675.000,700.000,-1,-1,2,0,2,0,0,0,0,0,0,2,2,2,2,0,0,2,2
127,-6332.759,4083.998,-98.997,138.853,-0.753317,-0.657656,-0.001365,0.656974,-0.752627,0.044016,-0.029975,0.032261,0.999030,0,0.77087,0.84882,46.252,1.698,-1,400.000,-1,375.000,950.000,325.000,325.000,300.000,300.000,-1,-1,-1,-1,675.000,675.000,-1,1000.000,2,0,2,0,0,0,0,0,0,2,2,2,2,0,0,2,0
128,-6368.702,4113.323,-100.224,140.790,-0.775106,-0.631829,-0.001609,0.631187,-0.774429,0.043157,-0.028514,0.032436,0.999067,0,0.77314,0.96882,46.388,1.938,-1,375.000,-1,375.000,925.000,325.000,325.000,300.000,300.000,-1,-1,-1,-1,650.000,675.000,-1,975.000,2,0,2,0,0,0,0,0,0,2,2,2,2,0,0,2,0
129,-6405.724,4141.453,-101.434,142.771,-0.796465,-0.604682,-0.001638,0.604086,-0.795794,0.042329,-0.026899,0.032724,0.999102,0,0.77495,0.99025,46.497,1.980,-1,375.000,-1,375.000,900.000,325.000,325.000,300.000,300.000,-1,-1,-1,-1,650.000,675.000,-1,925.000,2,0,2,0,0,0,0,0,0,2,2,2,2,0,0,2,0
130,-6443.757,4168.339,-102.628,144.743,-0.816797,-0.576923,-0.001455,0.576376,-0.816128,0.041555,-0.025161,0.033103,0.999135,0,0.77628,0.98634,46.577,1.973,-1,375.000,-1,375.000,900.000,300.000,325.000,300.000,300.000,-1,-1,-1,-1,650.000,650.000,-1,900.000,2,0,2,0,0,0,0,0,0,2,2,2,2,0,0,2,0
131,-6482.734,4193.934,-103.687,146.708,-0.836094,-0.548586,-0.000480,0.548107,-0.835400,0.041048,-0.022919,0.034057,0.999157,0,0.77716,0.98235,46.630,1.965,-1,375.000,-1,375.000,850.000,300.000,300.000,300.000,300.000,-1,-1,-1,-1,650.000,650.000,-1,875.000,2,0,2,0,0,0,0,0,0,2,2,2,2,0,0,2,0
132,-6522.584,4218.195,-104.548,148.665,-0.854341,-0.519710,0.001557,0.519328,-0.853591,0.040997,-0.019977,0.035834,0.999158,0,0.77758,0.97835,46.655,1.957,-1,375.000,-1,375.000,825.000,300.000,300.000,300.000,300.000,-1,-1,-1,-1,650.000,625.000,-1,850.000,2,0,2,0,0,0,0,0,0,2,2,2,2,0,0,2,0
