timestep,x_cm,y_cm,z_cm,yaw_deg,basis_xx,basis_xy,basis_xz,basis_yx,basis_yy,basis_yz,basis_zx,basis_zy,basis_zz,teleport_flag,throttle_cmd,steering_cmd,cmd_move_cm,cmd_turn_deg,lidar_cm_0,lidar_cm_1,lidar_cm_2,lidar_cm_3,lidar_cm_4,lidar_cm_5,lidar_cm_6,lidar_cm_7,lidar_cm_8,lidar_cm_9,lidar_cm_10,lidar_cm_11,lidar_cm_12,lidar_cm_13,lidar_cm_14,lidar_cm_15,lidar_cm_16,lidar_class_0,lidar_class_1,lidar_class_2,lidar_class_3,lidar_class_4,lidar_class_5,lidar_class_6,lidar_class_7,lidar_class_8,lidar_class_9,lidar_class_10,lidar_class_11,lidar_class_12,lidar_class_13,lidar_class_14,lidar_class_15,lidar_class_16
0,4915.015,-8200.884,264.444,-158.935,-0.933156,0.359221,0.013453,-0.359470,-0.932648,-0.030801,0.001482,-0.033578,0.999435,1,0.08000,-0.12000,4.800,-0.240,975.000,400.000,-1,400.000,-1,325.000,325.000,300.000,300.000,-1,-1,-1,-1,750.000,750.000,875.000,-1,1,0,2,0,2,0,0,0,0,2,2,2,2,1,0,1,2
1,4906.028,-8204.259,264.478,-159.415,-0.936130,0.351396,0.013449,-0.351649,-0.935628,-0.030708,0.001792,-0.033476,0.999438,0,0.16000,-0.24000,9.600,-0.480,950.000,400.000,-1,400.000,-1,325.000,325.000,300.000,300.000,-1,-1,-1,-1,750.000,750.000,875.000,-1,1,0,2,0,2,0,0,0,0,2,2,2,2,1,0,1,2
2,4892.484,-8209.153,264.532,-160.135,-0.940469,0.339613,0.013457,-0.339872,-0.939974,-0.030582,0.002264,-0.033335,0.999442,0,0.24000,-0.36000,14.400,-0.720,925.000,400.000,-1,400.000,-1,325.000,325.000,300.000,300.000,-1,-1,-1,-1,750.000,750.000,875.000,-1,1,0,2,0,2,0,0,0,0,2,2,2,2,1,0,1,2
3,4874.320,-8215.373,264.610,-161.095,-0.946023,0.323818,0.013494,-0.324086,-0.945538,-0.030437,0.002903,-0.033168,0.999446,0,0.32000,-0.48000,19.200,-0.960,875.000,400.000,-1,400.000,-1,325.000,325.000,300.000,275.000,-1,-1,-1,-1,775.000,750.000,850.000,-1,1,0,2,0,2,0,0,0,0,2,2,2,2,1,0,1,2
4,4851.456,-8222.672,264.719,-162.295,-0.952592,0.303947,0.013579,-0.304228,-0.952117,-0.030296,0.003720,-0.032991,0.999449,0,0.40000,-0.60000,24.000,-1.200,850.000,400.000,-1,400.000,-1,325.000,325.000,300.000,275.000,-1,-1,-1,-1,775.000,750.000,850.000,-1,1,0,2,0,2,0,0,0,0,2,2,2,2,1,0,1,2
5,4823.809,-8230.738,264.866,-163.735,-0.959923,0.279926,0.013734,-0.280223,-0.959460,-0.030183,0.004728,-0.032822,0.999450,0,0.48000,-0.72000,28.800,-1.440,800.000,400.000,-1,400.000,-1,325.000,325.000,300.000,275.000,-1,-1,-1,-1,775.000,750.000,825.000,-1,1,0,2,0,2,0,0,0,0,2,2,2,2,0,0,1,2
6,4791.291,-8239.199,265.060,-165.415,-0.967710,0.251678,0.013983,-0.251996,-0.967259,-0.030131,0.005942,-0.032681,0.999448,0,0.56000,-0.84000,33.600,-1.680,750.000,400.000,-1,400.000,-1,325.000,325.000,300.000,275.000,-1,-1,-1,-1,775.000,750.000,825.000,-1,1,0,2,0,2,0,0,0,0,2,2,2,2,0,0,1,2
7,4753.825,-8247.618,265.313,-167.335,-0.975590,0.219130,0.014351,-0.219476,-0.975151,-0.030177,0.007381,-0.032590,0.999442,0,0.64000,-0.96000,38.400,-1.920,725.000,400.000,-1,400.000,-1,325.000,325.000,300.000,275.000,-1,-1,-1,-1,775.000,725.000,850.000,-1,1,0,2,0,2,0,0,0,0,2,2,2,2,0,0,1,2
8,4711.383,-8255.672,265.627,-169.255,-0.982374,0.186338,0.014836,-0.186715,-0.981945,-0.030348,0.008913,-0.032583,0.999429,0,0.72000,-0.95993,43.200,-1.920,700.000,400.000,-1,400.000,-1,325.000,325.000,300.000,275.000,-1,-1,-1,-1,800.000,725.000,875.000,-1,1,0,2,0,2,0,0,0,0,2,2,2,2,0,0,1,2
9,4663.952,-8263.046,266.011,-171.163,-0.988020,0.153550,0.015445,-0.153965,-0.987600,-0.030672,0.010544,-0.032683,0.999410,0,0.80000,-0.95372,48.000,-1.907,675.000,400.000,-1,400.000,-1,325.000,325.000,300.000,275.000,-1,-1,-1,-1,800.000,725.000,900.000,-1,1,0,2,0,2,0,0,0,0,2,2,2,2,0,0,1,2
10,4611.539,-8269.430,266.535,-173.056,-0.992542,0.120837,0.016060,-0.121294,-0.992120,-0.031401,0.012139,-0.033115,0.999378,0,0.88000,-0.94663,52.800,-1.893,675.000,400.000,-1,400.000,-1,325.000,325.000,300.000,275.000,-1,-1,-1,-1,800.000,725.000,950.000,-1,1,0,2,0,2,0,0,0,0,2,2,2,2,0,0,1,2
11,4558.225,-8274.157,267.258,-174.933,-0.995959,0.088272,0.016550,-0.088773,-0.995521,-0.032510,0.013606,-0.033848,0.999334,0,0.89206,-0.93857,53.524,-1.877,675.000,400.000,-1,400.000,-1,325.000,325.000,300.000,275.000,-1,-1,-1,-1,800.000,725.000,-1,-1,1,0,2,0,2,0,0,0,0,2,2,2,2,0,0,2,2
12,4504.784,-8277.152,268.154,-176.793,-0.998293,0.055913,0.016871,-0.056451,-0.997849,-0.033312,0.014972,-0.034208,0.999303,0,0.89207,-0.92997,53.524,-1.860,700.000,400.000,-1,375.000,-1,325.000,325.000,300.000,275.000,-1,-1,-1,-1,800.000,725.000,-1,-1,1,0,2,0,2,0,0,0,0,2,2,2,2,0,0,2,2
13,4451.329,-8278.426,269.108,-178.635,-0.999568,0.023812,0.017239,-0.024392,-0.999116,-0.034244,0.016409,-0.034650,0.999265,0,0.89117,-0.92094,53.470,-1.842,725.000,400.000,-1,375.000,-1,325.000,325.000,300.000,300.000,-1,-1,-1,-1,800.000,725.000,-1,-1,1,0,2,0,2,0,0,0,0,2,2,2,2,0,0,2,2
14,4397.968,-8278.000,270.123,-180.458,-0.999812,-0.007986,0.017644,0.007359,-0.999350,-0.035295,0.017914,-0.035158,0.999221,0,0.88936,-0.91154,53.362,-1.823,775.000,400.000,-1,375.000,-1,325.000,325.000,300.000,300.000,-1,-1,-1,-1,800.000,725.000,-1,-1,1,0,2,0,2,0,0,0,0,2,2,2,2,0,0,2,2
15,4344.812,-8275.900,271.203,-182.262,-0.999059,-0.039436,0.018073,0.038758,-0.998584,-0.036451,0.019485,-0.035716,0.999172,0,0.88663,-0.90186,53.198,-1.804,850.000,400.000,-1,375.000,-1,325.000,325.000,300.000,300.000,-1,-1,-1,-1,800.000,725.000,-1,-1,1,0,2,0,2,0,0,0,0,2,2,2,2,0,0,2,2
16,4291.964,-8272.163,272.349,-184.046,-0.997340,-0.070502,0.018519,0.069768,-0.996851,-0.037700,0.021118,-0.036307,0.999118,0,0.88299,-0.89198,52.980,-1.784,925.000,400.000,-1,375.000,-1,325.000,325.000,300.000,300.000,-1,975.000,-1,-1,800.000,725.000,-1,-1,1,0,2,0,2,0,0,0,0,2,0,2,2,0,0,2,2
17,4239.524,-8266.827,273.562,-185.810,-0.994690,-0.101153,0.018972,0.100357,-0.994186,-0.039028,0.022809,-0.036917,0.999058,0,0.87850,-0.88200,52.710,-1.764,-1,400.000,-1,375.000,-1,325.000,325.000,300.000,300.000,-1,900.000,-1,-1,800.000,725.000,-1,-1,2,0,2,0,2,0,0,0,0,2,0,2,2,0,0,2,2
18,4187.585,-8259.940,274.845,-187.554,-0.991144,-0.131361,0.019426,0.130500,-0.990624,-0.040422,0.024554,-0.037529,0.998994,0,0.87322,-0.87205,52.393,-1.744,-1,400.000,-1,375.000,-1,325.000,325.000,300.000,300.000,-1,850.000,-1,-1,800.000,725.000,-1,-1,2,0,2,0,2,0,0,0,0,2,0,2,2,0,0,2,2
19,4136.232,-8251.542,276.197,-189.288,-0.986708,-0.161284,0.019878,0.160353,-0.986171,-0.041870,0.026356,-0.038126,0.998925,0,0.86726,-0.86731,52.035,-1.735,-1,400.000,-1,375.000,-1,325.000,325.000,300.000,300.000,-1,825.000,-1,-1,800.000,725.000,-1,-1,2,0,2,0,2,0,0,0,0,2,0,2,2,0,0,2,2
20,4085.542,-8241.671,277.621,-191.019,-0.981383,-0.190985,0.020323,0.189980,-0.980830,-0.043359,0.028214,-0.038691,0.998853,0,0.86070,-0.86520,51.642,-1.730,-1,400.000,-1,375.000,-1,325.000,325.000,300.000,300.000,-1,775.000,975.000,-1,800.000,725.000,-1,-1,2,0,2,0,2,0,0,0,0,2,0,0,2,0,0,2,2
21,4035.583,-8230.371,279.117,-192.746,-0.975175,-0.220458,0.020758,0.219375,-0.974608,-0.044879,0.030125,-0.039211,0.998777,0,0.85367,-0.86365,51.220,-1.727,-1,400.000,-1,375.000,-1,325.000,325.000,300.000,300.000,-1,750.000,925.000,-1,800.000,725.000,-1,-1,2,0,2,0,2,0,0,0,0,2,0,0,2,0,0,2,2
22,3986.416,-8217.681,280.700,-194.471,-0.968093,-0.249698,0.021123,0.248538,-0.967513,-0.046341,0.032008,-0.039612,0.998702,0,0.84631,-0.86267,50.779,-1.725,-1,400.000,-1,375.000,-1,325.000,325.000,300.000,300.000,-1,750.000,900.000,-1,800.000,725.000,-1,-1,2,0,2,0,2,0,0,0,0,2,0,0,2,0,0,2,2
23,3938.085,-8203.644,282.306,-196.196,-0.960146,-0.278695,0.021174,0.277462,-0.959540,-0.047941,0.033678,-0.040155,0.998626,0,0.83878,-0.86225,50.327,-1.724,-1,400.000,-1,375.000,-1,325.000,325.000,300.000,300.000,-1,725.000,875.000,-1,800.000,725.000,-1,-1,2,0,2,0,2,0,0,0,0,2,0,0,2,0,0,2,2
24,3890.630,-8188.298,283.985,-197.921,-0.951330,-0.307444,0.021200,0.306136,-0.950699,-0.049523,0.035380,-0.040623,0.998548,0,0.83124,-0.86238,49.875,-1.725,-1,400.000,-1,375.000,-1,325.000,325.000,300.000,300.000,-1,700.000,875.000,-1,800.000,725.000,-1,-1,2,0,2,0,2,0,0,0,0,2,0,0,2,0,0,2,2
25,3844.077,-8171.678,285.765,-199.647,-0.941649,-0.335934,0.021086,0.334553,-0.940988,-0.051150,0.037025,-0.041111,0.998468,0,0.82384,-0.86306,49.430,-1.726,-1,400.000,-1,375.000,-1,325.000,325.000,300.000,300.000,-1,675.000,850.000,-1,800.000,725.000,-1,-1,2,0,2,0,2,0,0,0,0,2,0,0,2,0,0,2,2
26,3798.445,-8153.818,287.591,-201.375,-0.931102,-0.364160,0.020879,0.362712,-0.930416,-0.052598,0.038580,-0.041401,0.998397,0,0.81671,-0.86425,49.002,-1.729,-1,400.000,-1,375.000,-1,325.000,325.000,300.000,300.000,-1,675.000,850.000,-1,800.000,725.000,-1,-1,2,0,2,0,2,0,0,0,0,2,0,0,2,0,0,2,2
27,3753.745,-8134.745,289.475,-203.107,-0.919686,-0.392112,0.020637,0.390601,-0.918980,-0.053916,0.040106,-0.041525,0.998332,0,0.80998,-0.86595,48.599,-1.732,-1,400.000,-1,375.000,-1,325.000,325.000,300.000,300.000,-1,675.000,850.000,-1,775.000,725.000,-1,-1,2,0,2,0,2,0,0,0,0,2,0,0,2,0,0,2,2
28,3714.000,-8116.343,291.254,-204.843,-0.907398,-0.419777,0.020418,0.418207,-0.906681,-0.055069,0.041630,-0.041431,0.998274,0,0.72998,-0.86812,43.799,-1.736,-1,400.000,-1,375.000,-1,325.000,325.000,300.000,300.000,725.000,675.000,825.000,-1,775.000,725.000,-1,-1,2,0,2,0,2,0,0,0,0,1,0,0,2,0,0,2,2
29,3679.124,-8098.890,292.920,-206.584,-0.894236,-0.447136,0.020283,0.445509,-0.893522,-0.056036,0.043180,-0.041073,0.998223,0,0.64998,-0.87050,38.999,-1.741,-1,400.000,-1,375.000,-1,325.000,325.000,300.000,300.000,650.000,650.000,800.000,-1,775.000,725.000,-1,-1,2,0,2,0,2,0,0,0,0,1,0,0,2,0,0,2,2
30,3649.021,-8082.660,294.511,-208.330,-0.880195,-0.474168,0.020508,0.472480,-0.879515,-0.056713,0.044928,-0.040229,0.998180,0,0.56998,-0.87296,34.199,-1.746,-1,400.000,-1,375.000,-1,325.000,325.000,300.000,300.000,625.000,650.000,775.000,-1,775.000,725.000,-1,-1,2,0,2,0,2,0,0,0,0,1,0,0,2,0,0,2,2
31,3623.582,-8067.924,295.930,-210.081,-0.865293,-0.500838,0.020722,0.499095,-0.864652,-0.057288,0.046609,-0.039228,0.998143,0,0.48998,-0.87539,29.399,-1.751,-1,400.000,-1,375.000,-1,325.000,325.000,300.000,300.000,600.000,625.000,750.000,-1,775.000,725.000,-1,-1,2,0,2,0,2,0,0,0,0,1,0,0,2,0,0,2,2
32,3602.684,-8054.948,297.158,-211.836,-0.849538,-0.527113,0.020928,0.525320,-0.848942,-0.057762,0.048214,-0.038077,0.998111,0,0.40998,-0.87769,24.599,-1.755,-1,400.000,-1,375.000,-1,325.000,325.000,300.000,300.000,600.000,625.000,725.000,-1,775.000,725.000,-1,-1,2,0,2,0,2,0,0,0,0,1,0,0,2,0,0,2,2
33,3586.193,-8043.992,298.179,-213.596,-0.832942,-0.552958,0.021127,0.551121,-0.832397,-0.058140,0.049735,-0.036784,0.998085,0,0.32998,-0.87977,19.799,-1.760,-1,400.000,-1,375.000,-1,325.000,325.000,300.000,300.000,600.000,600.000,725.000,-1,775.000,725.000,-1,-1,2,0,2,0,2,0,0,0,0,1,0,0,2,0,0,2,2
34,3573.961,-8035.312,298.977,-215.359,-0.815520,-0.578336,0.021319,0.576463,-0.815032,-0.058423,0.051164,-0.035356,0.998064,0,0.24998,-0.88156,14.999,-1.763,-1,400.000,-1,375.000,-1,325.000,325.000,300.000,300.000,600.000,600.000,700.000,-1,775.000,725.000,-1,-1,2,0,2,0,2,0,0,0,0,1,0,0,2,0,0,2,2
35,3565.830,-8029.156,299.539,-217.125,-0.797291,-0.603212,0.021507,0.601308,-0.796865,-0.058616,0.052496,-0.033802,0.998049,0,0.16998,-0.88300,10.199,-1.766,-1,400.000,-1,375.000,-1,325.000,325.000,300.000,300.000,600.000,575.000,675.000,-1,775.000,725.000,-1,-1,2,0,2,0,2,0,0,0,0,1,0,0,2,0,0,2,2
36,3561.628,-8025.765,299.850,-218.893,-0.778278,-0.627545,0.021690,0.625618,-0.777917,-0.058720,0.053722,-0.032131,0.998039,0,0.08998,-0.88403,5.399,-1.768,-1,400.000,-1,375.000,-1,325.000,325.000,325.000,300.000,575.000,575.000,650.000,-1,750.000,725.000,-1,-1,2,0,2,0,2,0,0,0,0,1,0,0,2,0,0,2,2
37,3561.174,-8025.375,299.900,-220.662,-0.758506,-0.651299,0.021871,0.649355,-0.758214,-0.058737,0.054838,-0.030350,0.998034,0,0.00998,-0.88460,0.599,-1.769,-1,400.000,-1,375.000,-1,325.000,325.000,325.000,300.000,575.000,550.000,625.000,-1,750.000,725.000,-1,-1,2,0,2,0,2,0,0,0,0,1,0,0,2,0,0,2,2
38,3564.276,-8028.209,299.677,-222.432,-0.738003,-0.674437,0.022051,0.672483,-0.737784,-0.058669,0.055837,-0.028469,0.998034,0,-0.07002,-0.88467,-4.201,-1.769,-1,400.000,-1,375.000,-1,325.000,325.000,325.000,300.000,575.000,525.000,600.000,-1,750.000,725.000,-1,-1,2,0,2,0,2,0,0,0,0,1,0,0,2,0,0,2,2
39,3570.729,-8034.484,299.175,-224.200,-0.716804,-0.696921,0.022231,0.694965,-0.716659,-0.058517,0.056714,-0.026495,0.998039,0,-0.15002,-0.88419,-9.001,-1.768,-1,400.000,-1,375.000,-1,325.000,325.000,325.000,300.000,575.000,525.000,575.000,-1,750.000,750.000,-1,-1,2,0,2,0,2,0,0,0,0,1,0,0,2,0,0,2,2
40,3580.322,-8044.406,298.385,-225.966,-0.694942,-0.718717,0.022416,0.716766,-0.694874,-0.058281,0.057464,-0.024435,0.998049,0,-0.23002,-0.88315,-13.801,-1.766,-1,400.000,-1,375.000,-1,325.000,325.000,325.000,300.000,550.000,500.000,550.000,-1,750.000,725.000,-1,-1,2,0,2,0,2,0,0,0,0,1,0,0,2,0,0,2,2
41,3592.835,-8058.170,297.304,-227.729,-0.672456,-0.739792,0.022607,0.737855,-0.672466,-0.057960,0.058081,-0.022295,0.998063,0,-0.31002,-0.88151,-18.601,-1.763,-1,400.000,-1,375.000,-1,325.000,325.000,325.000,300.000,550.000,475.000,525.000,-1,750.000,725.000,-1,-1,2,0,2,0,2,0,0,0,0,1,0,0,2,0,0,2,2
42,3608.037,-8075.961,295.928,-229.488,-0.649388,-0.760115,0.022809,0.758199,-0.649478,-0.057555,0.058562,-0.020081,0.998082,0,-0.39002,-0.87926,-23.401,-1.759,-1,400.000,-1,375.000,-1,325.000,325.000,325.000,300.000,525.000,450.000,500.000,-1,750.000,725.000,-1,-1,2,0,2,0,2,0,0,0,0,1,0,0,2,0,0,2,2
43,3625.692,-8097.951,294.247,-231.241,-0.625781,-0.779659,0.023036,0.777773,-0.625952,-0.057026,0.058880,-0.017769,0.998107,0,-0.47002,-0.87637,-28.201,-1.753,-1,400.000,-1,375.000,-1,325.000,325.000,325.000,300.000,500.000,450.000,450.000,-1,750.000,725.000,-1,-1,2,0,2,0,2,0,0,0,0,1,0,0,2,0,0,2,2
44,3643.439,-8121.489,292.649,-232.986,-0.601728,-0.798388,0.022361,0.796563,-0.601928,-0.056303,0.058411,-0.016067,0.998163,0,-0.49130,-0.87284,-29.478,-1.746,-1,375.000,-1,375.000,-1,325.000,325.000,325.000,300.000,475.000,450.000,450.000,-1,750.000,725.000,-1,-1,2,0,2,0,2,0,0,0,0,1,0,0,2,0,0,2,2
45,3660.585,-8145.727,291.071,-234.724,-0.577230,-0.816298,0.021516,0.814537,-0.577448,-0.055531,0.057754,-0.014528,0.998225,0,-0.49482,-0.86909,-29.689,-1.738,-1,375.000,-1,375.000,-1,325.000,300.000,325.000,300.000,475.000,450.000,450.000,-1,725.000,725.000,-1,-1,2,0,2,0,2,0,0,0,0,1,0,0,2,0,0,2,2
46,3677.110,-8170.652,289.480,-236.455,-0.552312,-0.833381,0.020664,0.831686,-0.552545,-0.054708,0.057011,-0.013030,0.998289,0,-0.49842,-0.86526,-29.905,-1.731,-1,375.000,-1,375.000,-1,325.000,300.000,325.000,300.000,450.000,450.000,475.000,-1,725.000,725.000,-1,-1,2,0,2,0,2,0,0,0,0,1,1,0,2,0,0,2,2
47,3692.995,-8196.250,287.877,-238.178,-0.527006,-0.849631,0.019809,0.848002,-0.527251,-0.053836,0.056185,-0.011574,0.998353,0,-0.50210,-0.86136,-30.126,-1.723,-1,375.000,-1,375.000,-1,300.000,300.000,325.000,300.000,425.000,425.000,475.000,-1,725.000,725.000,-1,-1,2,0,2,0,2,0,0,0,0,1,1,0,2,0,0,2,2
48,3708.221,-8222.507,286.261,-239.892,-0.501343,-0.865041,0.018957,0.863481,-0.501599,-0.052915,0.055282,-0.010160,0.998419,0,-0.50586,-0.85738,-30.352,-1.715,-1,375.000,-1,375.000,-1,300.000,300.000,325.000,325.000,400.000,375.000,450.000,-1,725.000,725.000,-1,-1,2,0,2,0,2,0,0,0,0,1,1,1,2,0,0,2,2
49,3722.767,-8249.408,284.634,-241.599,-0.475356,-0.879607,0.018113,0.878116,-0.475620,-0.051945,0.054306,-0.008787,0.998486,0,-0.50970,-0.85332,-30.582,-1.707,-1,375.000,-1,375.000,-1,300.000,300.000,325.000,325.000,375.000,350.000,425.000,-1,700.000,700.000,-1,-1,2,0,2,0,2,0,0,0,0,1,1,1,2,0,0,2,2
50,3736.615,-8276.938,282.995,-243.297,-0.449075,-0.893327,0.017283,0.891905,-0.449346,-0.050928,0.053262,-0.007455,0.998553,0,-0.51361,-0.84919,-30.817,-1.698,-1,375.000,-1,375.000,-1,300.000,300.000,325.000,325.000,375.000,325.000,375.000,-1,700.000,700.000,-1,-1,2,0,2,0,2,0,0,0,0,1,1,1,2,0,0,2,2
51,3749.746,-8305.081,281.345,-244.987,-0.422533,-0.906198,0.016472,0.904846,-0.422809,-0.049867,0.052154,-0.006165,0.998620,0,-0.51760,-0.84498,-31.056,-1.690,-1,375.000,-1,375.000,-1,300.000,300.000,325.000,325.000,350.000,275.000,350.000,-1,700.000,700.000,-1,-1,2,0,2,0,2,0,0,0,0,1,1,1,2,0,0,2,2
52,3762.142,-8333.821,279.683,-246.669,-0.395760,-0.918220,0.015685,0.916937,-0.396040,-0.048763,0.050987,-0.004916,0.998687,0,-0.52165,-0.84069,-31.299,-1.681,-1,375.000,-1,375.000,-1,300.000,300.000,325.000,325.000,325.000,250.000,300.000,-1,700.000,700.000,-1,-1,2,0,2,0,2,0,0,0,0,1,1,1,2,0,0,2,2
53,3773.785,-8363.141,278.010,-248.341,-0.368788,-0.929394,0.014927,0.928180,-0.369071,-0.047619,0.049766,-0.003707,0.998754,0,-0.52578,-0.83633,-31.547,-1.673,-1,375.000,-1,375.000,-1,300.000,300.000,300.000,325.000,300.000,200.000,275.000,-1,700.000,700.000,-1,-1,2,0,2,0,2,0,0,0,0,1,1,1,2,0,0,2,2
54,3784.658,-8393.023,276.326,-250.005,-0.341647,-0.939721,0.014202,0.938576,-0.341933,-0.046440,0.048497,-0.002537,0.998820,0,-0.52998,-0.83189,-31.799,-1.664,-1,375.000,-1,375.000,-1,300.000,300.000,300.000,325.000,275.000,175.000,225.000,-1,675.000,700.000,-1,-1,2,0,2,0,2,0,0,0,0,1,1,1,2,0,0,2,2
55,3794.744,-8423.450,274.633,-251.660,-0.314367,-0.949205,0.013528,0.948128,-0.314654,-0.045233,0.047192,-0.001394,0.998885,0,-0.53424,-0.82738,-32.055,-1.655,-1,375.000,-1,375.000,-1,300.000,300.000,300.000,325.000,250.000,150.000,175.000,-1,675.000,700.000,-1,-1,2,0,2,0,2,0,0,0,0,1,1,1,2,0,0,2,2
56,3804.027,-8454.402,273.000,-253.306,-0.286961,-0.957851,0.013239,0.956833,-0.287267,-0.044138,0.046081,0.000002,0.998938,0,-0.53857,-0.82279,-32.314,-1.646,-1,375.000,-1,375.000,-1,300.000,300.000,300.000,325.000,225.000,100.000,150.000,-1,675.000,700.000,-1,-1,2,0,2,0,2,0,0,0,0,1,1,1,2,0,0,2,2
57,3812.489,-8485.863,273.343,-254.942,-0.259255,-0.965620,0.019097,0.965039,-0.259787,-0.034788,0.038554,0.009411,0.999212,0,-0.54296,-0.81814,-32.578,-1.636,-1,375.000,-1,375.000,-1,300.000,300.000,325.000,300.000,225.000,75.000,125.000,-1,675.000,650.000,-1,-1,2,0,2,0,2,0,0,0,0,1,1,1,2,0,0,2,2
58,3820.112,-8517.812,277.070,-256.569,-0.231598,-0.972134,0.036299,0.972605,-0.232156,-0.011953,0.020047,0.032537,0.999269,0,-0.54741,-0.81340,-32.845,-1.627,-1,375.000,-1,350.000,975.000,300.000,300.000,375.000,300.000,225.000,75.000,125.000,-1,650.000,575.000,-1,975.000,2,0,2,0,0,0,0,0,0,1,1,1,2,0,0,2,0
59,3826.881,-8550.228,280.895,-258.186,-0.204671,-0.977276,0.055150,0.978830,-0.204415,0.010311,0.001196,0.056093,0.998425,0,-0.55192,-0.80860,-33.115,-1.617,-1,350.000,-1,325.000,575.000,300.000,275.000,450.000,275.000,225.000,50.000,100.000,-1,625.000,525.000,-1,600.000,2,0,2,0,0,0,0,0,0,1,1,1,2,0,0,2,0
60,3831.997,-8578.077,284.314,-259.563,-0.182240,-0.980604,0.072148,0.983144,-0.180628,0.028324,-0.014742,0.076094,0.996992,0,-0.47192,-0.68860,-28.315,-1.377,-1,350.000,-1,300.000,425.000,275.000,275.000,525.000,250.000,225.000,50.000,100.000,-1,600.000,475.000,-1,450.000,2,0,2,0,0,0,0,0,0,1,1,1,2,0,0,2,0
61,3835.788,-8601.283,288.362,-260.700,-0.164233,-0.982977,0.082364,0.985937,-0.160964,0.044921,-0.030898,0.088583,0.995589,0,-0.39192,-0.56860,-23.515,-1.137,-1,350.000,-1,300.000,325.000,275.000,250.000,575.000,250.000,225.000,50.000,100.000,-1,575.000,450.000,-1,350.000,2,0,2,0,0,0,0,0,0,1,1,1,2,0,0,2,0
62,3838.516,-8619.797,291.895,-261.597,-0.150309,-0.984541,0.089929,0.987632,-0.145429,0.058590,-0.044606,0.097624,0.994223,0,-0.31192,-0.44860,-18.715,-0.897,-1,350.000,-1,275.000,300.000,275.000,250.000,625.000,250.000,225.000,50.000,100.000,-1,575.000,425.000,950.000,325.000,2,0,2,0,0,0,0,0,0,1,1,1,2,0,0,0,0
63,2295.763,4263.560,146.918,60.538,0.491644,-0.870677,0.014436,0.870449,0.491848,0.020096,-0.024597,0.002686,0.999694,1,0.00000,0.00000,-13.915,-0.657,-1,400.000,925.000,400.000,-1,325.000,325.000,300.000,300.000,-1,-1,-1,-1,625.000,725.000,-1,-1,2,1,1,0,2,0,0,0,0,2,2,2,2,1,1,2,2
64,2298.107,4267.749,146.800,60.778,0.487988,-0.872729,0.014532,0.872501,0.488196,0.020168,-0.024695,0.002838,0.999691,0,0.08000,0.12000,4.800,0.240,-1,400.000,925.000,400.000,-1,325.000,325.000,300.000,300.000,-1,-1,-1,-1,625.000,725.000,-1,-1,2,1,1,0,2,0,0,0,0,2,2,2,2,1,1,2,2
65,2302.723,4276.166,146.564,61.258,0.480652,-0.876788,0.014724,0.876558,0.480868,0.020311,-0.024889,0.003143,0.999685,0,0.16000,0.24000,9.600,0.480,-1,400.000,900.000,400.000,-1,325.000,325.000,300.000,300.000,-1,-1,-1,-1,625.000,700.000,-1,-1,2,1,1,0,2,0,0,0,0,2,2,2,2,1,1,2,2
66,2309.491,4288.877,146.208,61.966,0.469765,-0.882664,0.015010,0.882433,0.469991,0.020525,-0.025171,0.003604,0.999677,0,0.24000,0.35417,14.400,0.708,-1,400.000,900.000,400.000,-1,325.000,325.000,300.000,300.000,-1,-1,-1,-1,625.000,700.000,-1,-1,2,1,1,0,2,0,0,0,0,2,2,2,2,1,1,2,2
67,2318.306,4305.933,145.731,62.668,0.458895,-0.888357,0.015397,0.888123,0.459135,0.020802,-0.025549,0.004129,0.999665,0,0.32000,0.35116,19.200,0.702,-1,375.000,875.000,400.000,-1,325.000,325.000,300.000,300.000,-1,-1,-1,-1,625.000,675.000,-1,-1,2,1,1,0,2,0,0,0,0,2,2,2,2,1,1,2,2
68,2329.066,4327.386,145.130,63.365,0.448050,-0.893867,0.015886,0.893630,0.448307,0.021140,-0.026018,0.004724,0.999650,0,0.40000,0.34806,24.000,0.696,-1,375.000,850.000,400.000,-1,325.000,325.000,300.000,300.000,-1,-1,-1,-1,600.000,625.000,-1,-1,2,1,1,0,2,0,0,0,0,2,2,2,2,1,1,2,2
69,2341.666,4353.284,144.402,64.054,0.437238,-0.899195,0.016476,0.898953,0.437515,0.021536,-0.026574,0.005395,0.999632,0,0.48000,0.34480,28.800,0.690,-1,375.000,825.000,400.000,-1,325.000,325.000,300.000,300.000,-1,-1,-1,-1,600.000,600.000,-1,-1,2,1,1,0,2,1,0,0,0,2,2,2,2,1,1,2,2
70,2356.006,4383.670,143.542,64.737,0.426470,-0.904339,0.017170,0.904092,0.426771,0.021989,-0.027213,0.006146,0.999611,0,0.56000,0.34127,33.600,0.683,-1,375.000,800.000,400.000,-1,325.000,325.000,300.000,300.000,-1,-1,-1,-1,575.000,575.000,-1,-1,2,1,1,0,2,1,0,0,0,2,2,2,2,1,1,2,2
71,2371.984,4418.588,142.545,65.411,0.415759,-0.909297,0.017969,0.909046,0.416088,0.022494,-0.027930,0.006982,0.999585,0,0.64000,0.33740,38.400,0.675,-1,350.000,750.000,400.000,-1,300.000,325.000,300.000,300.000,-1,-1,-1,-1,575.000,525.000,-1,875.000,2,1,1,1,2,1,1,0,0,2,2,2,2,1,1,2,1
72,2389.502,4458.077,141.384,66.078,0.405127,-0.914068,0.018769,0.913811,0.405486,0.023020,-0.028653,0.007825,0.999559,0,0.72000,0.33307,43.200,0.666,-1,350.000,725.000,375.000,-1,300.000,300.000,300.000,300.000,-1,-1,-1,-1,550.000,500.000,-1,750.000,2,1,1,1,2,1,1,0,0,2,2,2,2,1,1,2,1
73,2408.462,4502.174,140.024,66.734,0.394602,-0.918647,0.019423,0.918386,0.394987,0.023520,-0.029279,0.008557,0.999535,0,0.80000,0.32817,48.000,0.656,-1,325.000,675.000,350.000,-1,275.000,275.000,300.000,300.000,-1,-1,-1,-1,525.000,450.000,-1,625.000,2,1,1,1,2,1,1,0,0,2,2,2,2,1,1,2,1
74,2428.771,4550.912,138.434,67.379,0.384204,-0.923032,0.019987,0.922755,0.384616,0.024355,-0.030167,0.009086,0.999504,0,0.88000,0.32257,52.800,0.645,-1,325.000,625.000,300.000,-1,275.000,275.000,300.000,300.000,-1,-1,-1,-1,500.000,425.000,-1,525.000,2,1,1,1,2,1,1,0,0,2,2,2,2,1,1,2,1
75,2450.337,4604.322,136.838,68.011,0.373956,-0.927208,0.021045,0.926943,0.374404,0.024466,-0.030564,0.010358,0.999479,0,0.96000,0.31609,57.600,0.632,-1,300.000,575.000,275.000,-1,250.000,250.000,300.000,300.000,-1,-1,-1,-1,450.000,375.000,-1,450.000,2,1,1,1,2,1,1,0,0,2,2,2,2,1,1,2,1
76,2472.202,4660.196,135.380,68.628,0.363893,-0.931160,0.022865,0.930954,0.364387,0.023369,-0.030092,0.012782,0.999465,0,1.00000,0.30852,60.000,0.617,-1,275.000,525.000,250.000,-1,225.000,225.000,300.000,300.000,-1,-1,-1,-1,425.000,325.000,-1,350.000,2,1,1,1,2,1,1,0,0,2,2,2,2,1,1,2,1
77,2493.481,4716.296,135.145,69.228,0.354240,-0.934926,0.020683,0.934809,0.354624,0.019323,-0.025400,0.012490,0.999599,0,1.00000,0.29980,60.000,0.600,-1,275.000,475.000,225.000,500.000,225.000,200.000,325.000,300.000,-1,-1,-1,-1,400.000,300.000,-1,275.000,2,1,1,1,1,1,1,0,0,2,2,2,2,1,1,2,1
78,2514.191,4772.607,138.905,69.808,0.345165,-0.938540,0.002125,0.938502,0.345170,0.008424,-0.008640,-0.000914,0.999962,0,1.00000,0.28994,60.000,0.580,-1,275.000,475.000,225.000,-1,225.000,200.000,300.000,350.000,-1,875.000,875.000,-1,425.000,300.000,-1,275.000,2,1,1,1,2,1,1,0,0,2,0,0,2,1,1,2,1
79,2534.352,4829.119,143.196,70.365,0.335869,-0.941755,-0.017030,0.941857,0.335986,-0.004413,0.009878,-0.014558,0.999845,0,1.00000,0.27878,60.000,0.558,-1,275.000,475.000,225.000,-1,225.000,200.000,300.000,400.000,-1,225.000,300.000,-1,450.000,275.000,-1,300.000,2,1,1,1,2,1,1,0,0,2,0,0,2,1,1,2,1
80,983.762,5575.368,229.906,-169.399,-0.916032,0.181531,0.357676,-0.226795,-0.969906,-0.088584,0.330831,-0.162265,0.929635,1,0.00000,0.00000,60.000,0.532,-1,-1,-1,150.000,150.000,250.000,150.000,350.000,-1,150.000,25.000,100.000,1000.000,-1,175.000,-1,150.000,2,2,2,1,1,1,1,0,2,0,0,0,1,2,1,2,1
81,-3607.627,-6231.351,403.066,64.695,0.427136,-0.904013,-0.017766,0.902268,0.427426,-0.056736,0.058884,0.008204,0.998231,1,0.00000,0.00000,4.800,-0.240,-1,475.000,-1,450.000,-1,375.000,375.000,225.000,300.000,-1,-1,-1,-1,-1,975.000,-1,-1,2,0,2,0,2,0,0,1,0,2,2,2,2,2,0,2,2
82,-3609.672,-6235.694,402.930,64.786,0.425705,-0.904689,-0.017678,0.902918,0.425989,-0.057205,0.059283,0.008391,0.998206,0,-0.08000,0.04550,-4.800,0.091,-1,475.000,-1,450.000,-1,375.000,375.000,225.000,300.000,-1,-1,-1,-1,-1,975.000,-1,-1,2,0,2,0,2,0,0,1,0,2,2,2,2,2,0,2,2
83,-3613.748,-6244.385,402.625,64.874,0.424311,-0.905345,-0.017624,0.903528,0.424589,-0.057985,0.059979,0.008680,0.998162,0,-0.16000,0.04431,-9.600,0.089,-1,475.000,-1,450.000,-1,375.000,375.000,225.000,300.000,-1,-1,-1,-1,-1,975.000,-1,-1,2,0,2,0,2,0,0,1,0,2,2,2,2,2,0,2,2
84,-3619.845,-6257.431,402.135,64.950,0.423116,-0.905904,-0.017646,0.904025,0.423388,-0.058999,0.060918,0.009011,0.998102,0,-0.24000,0.03795,-14.400,0.076,-1,475.000,-1,450.000,-1,375.000,375.000,225.000,300.000,-1,-1,-1,-1,-1,975.000,-1,-1,2,0,2,0,2,0,0,1,0,2,2,2,2,2,0,2,2
85,-3627.957,-6274.833,401.441,65.008,0.422200,-0.906328,-0.017793,0.904378,0.422473,-0.060151,0.062034,0.009304,0.998031,0,-0.32000,0.02889,-19.200,0.058,-1,475.000,-1,450.000,-1,375.000,375.000,225.000,300.000,-1,-1,-1,-1,-1,975.000,-1,-1,2,0,2,0,2,0,0,1,0,2,2,2,2,2,0,2,2
86,-3636.572,-6293.344,400.659,65.042,0.421646,-0.906580,-0.018063,0.904564,0.421927,-0.061168,0.063075,0.009452,0.997964,0,-0.34030,0.01722,-20.418,0.034,-1,475.000,-1,450.000,-1,375.000,375.000,250.000,300.000,-1,-1,-1,-1,-1,975.000,-1,-1,2,0,2,0,2,0,0,1,0,2,2,2,2,2,0,2,2
87,-3645.030,-6311.525,399.851,65.053,0.421468,-0.906656,-0.018437,0.904585,0.421766,-0.061967,0.063959,0.009439,0.997908,0,-0.33419,0.00511,-20.051,0.010,-1,475.000,-1,450.000,-1,375.000,375.000,250.000,300.000,-1,-1,-1,-1,-1,1000.000,-1,-1,2,0,2,0,2,0,0,1,0,2,2,2,2,2,0,2,2
88,-3653.350,-6329.401,399.017,65.040,0.421650,-0.906561,-0.018907,0.904447,0.421972,-0.062569,0.064701,0.009282,0.997862,0,-0.32864,-0.00649,-19.718,-0.013,-1,475.000,-1,450.000,-1,375.000,375.000,250.000,300.000,-1,-1,-1,-1,-1,1000.000,-1,-1,2,0,2,0,2,0,0,1,0,2,2,2,2,2,0,2,2
89,-3661.555,-6346.999,398.160,65.004,0.422177,-0.906304,-0.019466,0.904158,0.422530,-0.062987,0.065310,0.008991,0.997824,0,-0.32361,-0.01761,-19.416,-0.035,-1,475.000,-1,450.000,-1,375.000,375.000,250.000,300.000,-1,-1,-1,-1,-1,1000.000,-1,-1,2,0,2,0,2,0,0,1,0,2,2,2,2,2,0,2,2
90,-3669.661,-6364.342,397.281,64.948,0.423035,-0.905890,-0.020109,0.903721,0.423426,-0.063235,0.065799,0.008577,0.997796,0,-0.31906,-0.02828,-19.144,-0.057,-1,475.000,-1,450.000,-1,375.000,375.000,275.000,300.000,-1,-1,-1,-1,-1,1000.000,-1,-1,2,0,2,0,2,0,0,1,0,2,2,2,2,2,0,2,2
91,-3677.686,-6381.451,396.382,64.871,0.424210,-0.905324,-0.020830,0.903143,0.424645,-0.063324,0.066174,0.008050,0.997776,0,-0.31497,-0.03851,-18.898,-0.077,-1,475.000,-1,450.000,-1,375.000,375.000,275.000,300.000,-1,-1,-1,-1,-1,1000.000,-1,-1,2,0,2,0,2,0,0,1,0,2,2,2,2,2,0,2,2
92,-3685.646,-6398.348,395.464,64.774,0.425690,-0.904611,-0.021623,0.902426,0.426174,-0.063265,0.066445,0.007418,0.997762,0,-0.31130,-0.04833,-18.678,-0.097,-1,475.000,-1,450.000,-1,375.000,375.000,275.000,300.000,-1,-1,-1,-1,-1,1000.000,-1,-1,2,0,2,0,2,0,0,1,0,2,2,2,2,2,0,2,2
93,-3693.556,-6415.051,394.523,64.659,0.427461,-0.903754,-0.022477,0.901575,0.427999,-0.063080,0.066629,0.006700,0.997755,0,-0.30803,-0.05776,-18.482,-0.116,-1,475.000,-1,450.000,-1,375.000,375.000,300.000,300.000,-1,-1,-1,-1,-1,1000.000,-1,-1,2,0,2,0,2,0,0,1,0,2,2,2,2,2,0,2,2
94,-3701.430,-6431.579,393.449,64.525,0.429543,-0.902756,-0.022906,0.900595,0.430107,-0.062734,0.066486,0.006318,0.997767,0,-0.30512,-0.06683,-18.307,-0.134,525.000,475.000,-1,450.000,-1,375.000,375.000,300.000,300.000,-1,-1,-1,-1,-1,975.000,-1,-1,1,0,2,0,2,0,0,1,0,2,2,2,2,2,0,2,2
95,-3709.281,-6447.947,392.317,64.374,0.431906,-0.901620,-0.023207,0.899491,0.432487,-0.062220,0.066136,0.005999,0.997793,0,-0.30256,-0.07556,-18.153,-0.151,525.000,475.000,-1,450.000,-1,375.000,375.000,300.000,300.000,-1,-1,-1,-1,-1,975.000,-1,-1,1,0,2,0,2,0,0,1,0,2,2,2,2,2,0,2,2
96,-3717.122,-6464.170,391.168,64.206,0.434526,-0.900351,-0.023566,0.898259,0.435129,-0.061588,0.065705,0.005593,0.997823,0,-0.30031,-0.08396,-18.019,-0.168,525.000,475.000,-1,450.000,-1,375.000,350.000,300.000,300.000,-1,-1,-1,-1,-1,975.000,-1,-1,1,0,2,0,2,0,0,1,0,2,2,2,2,2,0,2,2
97,-3724.964,-6480.264,390.003,64.022,0.437394,-0.898950,-0.023979,0.896904,0.438021,-0.060841,0.065196,0.005105,0.997859,0,-0.29837,-0.09206,-17.902,-0.184,500.000,475.000,-1,450.000,-1,375.000,350.000,325.000,300.000,-1,-1,-1,-1,-1,950.000,-1,-1,1,0,2,0,2,0,0,1,0,2,2,2,2,2,0,2,2
98,-3732.817,-6496.241,388.799,63.822,0.440502,-0.897420,-0.024398,0.895419,0.441153,-0.060076,0.064676,0.004617,0.997896,0,-0.29671,-0.09987,-17.803,-0.200,500.000,450.000,-1,450.000,-1,375.000,350.000,325.000,300.000,-1,-1,-1,-1,-1,950.000,-1,-1,1,1,2,0,2,0,0,1,0,2,2,2,2,2,0,2,2
99,-3740.694,-6512.113,387.518,63.607,0.443847,-0.895761,-0.024744,0.893795,0.444516,-0.059460,0.064261,0.004275,0.997924,0,-0.29531,-0.10741,-17.719,-0.215,500.000,450.000,-1,425.000,-1,350.000,350.000,325.000,300.000,-1,-1,-1,-1,-1,925.000,-1,-1,1,1,2,0,2,0,0,1,0,2,2,2,2,2,0,2,2
100,-3748.602,-6527.891,386.222,63.378,0.447410,-0.893975,-0.025139,0.892052,0.448099,-0.058733,0.063770,0.003853,0.997957,0,-0.29416,-0.11470,-17.650,-0.229,500.000,450.000,-1,425.000,-1,350.000,350.000,325.000,300.000,-1,-1,-1,-1,-1,925.000,-1,-1,1,1,2,0,2,0,0,0,0,2,2,2,2,2,0,2,2
101,-3756.553,-6543.587,384.911,63.134,0.451183,-0.892065,-0.025580,0.890190,0.451895,-0.057895,0.063206,0.003351,0.997995,0,-0.29324,-0.12175,-17.594,-0.244,500.000,425.000,-1,425.000,-1,350.000,350.000,325.000,300.000,-1,-1,-1,-1,-1,925.000,-1,-1,1,1,2,0,2,0,0,0,0,2,2,2,2,2,0,2,2
102,-3764.555,-6559.209,383.584,62.877,0.455158,-0.890029,-0.026064,0.888210,0.455896,-0.056948,0.062568,0.002770,0.998037,0,-0.29254,-0.12858,-17.552,-0.257,500.000,425.000,-1,425.000,-1,350.000,350.000,325.000,300.000,-1,-1,-1,-1,-1,900.000,-1,-1,1,1,2,0,2,0,0,0,0,2,2,2,2,2,0,2,2
103,-3772.617,-6574.767,382.241,62.607,0.459327,-0.887869,-0.026589,0.886111,0.460091,-0.055892,0.061858,0.002112,0.998083,0,-0.29204,-0.13520,-17.522,-0.270,500.000,425.000,-1,425.000,-1,350.000,350.000,325.000,300.000,-1,-1,-1,-1,1000.000,900.000,-1,-1,1,1,2,0,2,0,0,1,0,2,2,2,2,0,0,2,2
104,-3778.476,-6586.059,381.257,62.577,0.459775,-0.887626,-0.026973,0.885919,0.460563,-0.055043,0.061280,0.001411,0.998120,0,-0.21204,-0.01520,-12.722,-0.030,475.000,425.000,-1,425.000,-1,350.000,350.000,325.000,300.000,-1,-1,-1,-1,975.000,900.000,-1,-1,1,1,2,0,2,0,0,1,0,2,2,2,2,0,0,2,2
105,-3782.122,-6593.093,380.638,62.603,0.459343,-0.887841,-0.027224,0.886169,0.460149,-0.054472,0.060889,0.000896,0.998144,0,-0.13204,0.01338,-7.922,0.027,475.000,400.000,-1,425.000,-1,350.000,350.000,325.000,300.000,-1,-1,-1,-1,975.000,875.000,-1,-1,1,1,2,0,2,0,0,1,0,2,2,2,2,0,0,2,2
106,-3783.557,-6595.866,380.393,62.622,0.459040,-0.887995,-0.027326,0.886338,0.459852,-0.054237,0.060728,0.000677,0.998154,0,-0.05204,0.00957,-3.122,0.019,475.000,400.000,-1,425.000,-1,350.000,325.000,325.000,300.000,-1,-1,-1,-1,975.000,875.000,-1,-1,1,1,2,0,2,0,0,1,0,2,2,2,2,0,0,2,2
107,-3782.786,-6594.376,380.525,62.638,0.458795,-0.888124,-0.027268,0.886459,0.459604,-0.054361,0.060812,0.000769,0.998149,0,0.02796,0.00802,1.678,0.016,475.000,400.000,-1,425.000,-1,350.000,350.000,325.000,300.000,-1,-1,-1,-1,975.000,875.000,-1,-1,1,1,2,0,2,0,0,1,0,2,2,2,2,0,0,2,2
108,-3779.811,-6588.622,381.033,62.656,0.458538,-0.888263,-0.027055,0.886569,0.459334,-0.054833,0.061134,0.001157,0.998129,0,0.10796,0.00868,6.478,0.017,475.000,425.000,-1,425.000,-1,350.000,350.000,325.000,300.000,-1,-1,-1,-1,975.000,875.000,-1,-1,1,1,2,0,2,0,0,1,0,2,2,2,2,0,0,2,2
109,-3774.635,-6578.602,381.910,62.679,0.458202,-0.888447,-0.026704,0.886706,0.458976,-0.055610,0.061663,0.001802,0.998095,0,0.18796,0.01153,11.278,0.023,475.000,425.000,-1,425.000,-1,350.000,350.000,325.000,300.000,-1,-1,-1,-1,1000.000,900.000,-1,-1,1,1,2,0,2,0,0,1,0,2,2,2,2,0,0,2,2
110,-3767.264,-6564.314,383.141,62.712,0.457717,-0.888711,-0.026246,0.886909,0.458461,-0.056616,0.062348,0.002636,0.998051,0,0.26796,0.01658,16.078,0.033,500.000,425.000,-1,425.000,-1,350.000,350.000,325.000,300.000,-1,-1,-1,-1,-1,900.000,-1,-1,1,1,2,0,2,0,0,0,0,2,2,2,2,2,0,2,2
111,-3757.708,-6545.751,384.708,62.760,0.457009,-0.889090,-0.025727,0.887219,0.457719,-0.057748,0.063119,0.003566,0.998000,0,0.34796,0.02387,20.878,0.048,500.000,450.000,-1,425.000,-1,350.000,350.000,325.000,300.000,-1,-1,-1,-1,-1,925.000,-1,-1,1,1,2,0,2,0,0,0,0,2,2,2,2,2,0,2,2
112,-3745.981,-6522.908,386.587,62.827,0.456005,-0.889620,-0.025203,0.887681,0.456679,-0.058871,0.063883,0.004473,0.997947,0,0.42796,0.03345,25.678,0.067,525.000,450.000,-1,425.000,-1,350.000,350.000,325.000,300.000,-1,-1,-1,-1,-1,925.000,-1,-1,1,1,2,0,2,0,0,1,0,2,2,2,2,2,0,2,2
113,-3732.106,-6495.772,388.749,62.917,0.454624,-0.890340,-0.024744,0.888343,0.455267,-0.059825,0.064530,0.005217,0.997902,0,0.50796,0.04540,30.478,0.091,525.000,450.000,-1,425.000,-1,375.000,350.000,325.000,300.000,-1,-1,-1,-1,-1,950.000,-1,-1,1,0,2,0,2,0,0,1,0,2,2,2,2,2,0,2,2
114,-3716.111,-6464.328,391.022,63.037,0.452801,-0.891284,-0.024160,0.889214,0.453404,-0.061013,0.065335,0.006143,0.997845,0,0.58796,0.05984,35.278,0.120,550.000,475.000,-1,450.000,-1,375.000,350.000,300.000,300.000,-1,-1,-1,-1,-1,950.000,-1,-1,1,0,2,0,2,0,0,1,0,2,2,2,2,2,0,2,2
115,-3698.035,-6428.558,393.453,63.191,0.450436,-0.892494,-0.023710,0.890373,0.451009,-0.061864,0.065906,0.006755,0.997803,0,0.66796,0.07688,40.078,0.154,-1,475.000,-1,450.000,-1,375.000,375.000,275.000,300.000,-1,-1,-1,-1,-1,975.000,-1,-1,2,0,2,0,2,0,0,1,0,2,2,2,2,2,0,2,2
116,-3677.930,-6388.436,395.822,63.384,0.447483,-0.894006,-0.022631,0.891891,0.447992,-0.061922,0.065497,0.007525,0.997824,0,0.74796,0.09667,44.878,0.193,-1,475.000,-1,450.000,-1,375.000,375.000,275.000,300.000,-1,-1,-1,-1,-1,975.000,-1,-1,2,0,2,0,2,0,0,1,0,2,2,2,2,2,0,2,2
117,-3655.860,-6343.931,398.057,63.623,0.443843,-0.895858,-0.021012,0.893811,0.444262,-0.061098,0.064070,0.008337,0.997911,0,0.82796,0.11932,49.678,0.239,-1,475.000,-1,450.000,-1,375.000,375.000,250.000,300.000,-1,-1,-1,-1,-1,975.000,-1,-1,2,0,2,0,2,0,0,1,0,2,2,2,2,2,0,2,2
118,-3631.904,-6295.003,400.288,63.913,0.439360,-0.898095,-0.019705,0.896186,0.439723,-0.059111,0.061752,0.008312,0.998057,0,0.90796,0.14496,54.478,0.290,-1,475.000,-1,450.000,-1,375.000,375.000,225.000,300.000,-1,-1,-1,-1,-1,975.000,-1,-1,2,0,2,0,2,0,0,1,0,2,2,2,2,2,0,2,2
119,-3606.160,-6241.608,402.463,64.260,0.433926,-0.900752,-0.018842,0.899056,0.434274,-0.055708,0.058361,0.007233,0.998269,0,0.98796,0.17366,59.278,0.347,-1,475.000,-1,450.000,-1,375.000,350.000,225.000,300.000,-1,-1,-1,-1,-1,950.000,-1,-1,2,0,2,0,2,0,0,1,0,2,2,2,2,2,0,2,2
120,-3581.125,-6188.729,404.372,64.665,0.427527,-0.903813,-0.018531,0.902377,0.427897,-0.051187,0.054193,0.005162,0.998517,0,0.97511,0.20265,58.507,0.405,-1,475.000,-1,425.000,-1,375.000,350.000,200.000,300.000,-1,-1,-1,-1,-1,925.000,-1,-1,2,0,2,0,2,0,0,1,0,2,2,2,2,2,0,2,2
121,-3556.925,-6136.628,406.019,65.086,0.420837,-0.906942,-0.018794,0.905795,0.421251,-0.045640,0.049310,0.002183,0.998781,0,0.95746,0.21046,57.448,0.421,-1,450.000,-1,425.000,-1,350.000,350.000,200.000,300.000,-1,-1,-1,-1,-1,900.000,-1,-1,2,0,2,0,2,0,0,1,0,2,2,2,2,2,0,2,2
122,-3533.593,-6085.383,407.421,65.520,0.413912,-0.910106,-0.019608,0.909263,0.414373,-0.039191,0.043793,-0.001607,0.999039,0,0.93844,0.21689,56.307,0.434,-1,450.000,-1,425.000,-1,350.000,350.000,175.000,300.000,-1,-1,-1,-1,1000.000,875.000,-1,-1,2,0,2,0,2,0,0,1,0,2,2,2,2,0,0,2,2
123,-3511.148,-6035.058,408.971,65.964,0.406884,-0.913280,-0.019089,0.912749,0.407305,-0.031482,0.036527,-0.004613,0.999322,0,0.91840,0.22195,55.104,0.444,-1,425.000,-1,400.000,-1,350.000,325.000,175.000,300.000,-1,-1,-1,-1,925.000,850.000,-1,-1,2,0,2,0,2,0,0,1,0,2,2,2,2,0,0,2,2
124,-3489.598,-5985.696,411.053,66.415,0.399832,-0.916457,-0.015507,0.916200,0.400097,-0.022361,0.026697,-0.005267,0.999630,0,0.89770,0.22567,53.862,0.451,-1,400.000,-1,400.000,-1,325.000,325.000,175.000,300.000,-1,-1,-1,-1,850.000,800.000,-1,-1,2,0,2,0,2,0,0,1,0,2,2,2,2,0,0,2,2
125,-3468.936,-5937.319,413.837,66.872,0.392652,-0.919623,-0.010857,0.919445,0.392792,-0.018294,0.021088,-0.002799,0.999774,0,0.87675,0.22809,52.605,0.456,-1,400.000,-1,400.000,-1,325.000,325.000,175.000,300.000,-1,-1,-1,-1,850.000,775.000,-1,-1,2,0,2,0,2,0,0,1,0,2,2,2,2,0,0,2,2
126,-3449.143,-5889.934,416.312,67.330,0.385349,-0.922740,-0.007529,0.922628,0.385420,-0.014459,0.016244,-0.001375,0.999867,0,0.85589,0.22929,51.353,0.459,-1,400.000,-1,375.000,-1,325.000,325.000,175.000,300.000,-1,-1,-1,-1,825.000,750.000,-1,-1,2,0,2,0,2,0,0,1,0,2,2,2,2,0,0,2,2
127,-3430.194,-5843.526,418.515,67.789,0.377984,-0.925796,-0.005371,0.925732,0.378021,-0.010934,0.012154,-0.000839,0.999926,0,0.83545,0.22934,50.127,0.459,-1,400.000,-1,375.000,-1,325.000,325.000,175.000,300.000,-1,-1,-1,-1,825.000,725.000,-1,-1,2,0,2,0,2,0,0,1,0,2,2,2,2,0,0,2,2
128,-3412.054,-5798.068,420.099,68.245,0.370615,-0.928780,-0.003422,0.928734,0.370631,-0.009226,0.009837,0.000241,0.999952,0,0.81572,0.22832,48.943,0.457,-1,400.000,-1,375.000,-1,325.000,325.000,175.000,300.000,-1,-1,-1,-1,825.000,725.000,-1,-1,2,0,2,0,2,0,0,1,0,2,2,2,2,0,0,2,2
129,-3394.684,-5753.520,421.287,68.698,0.363280,-0.931679,-0.001659,0.931648,0.363282,-0.007595,0.007679,0.001214,0.999970,0,0.79692,0.22633,47.815,0.453,-1,400.000,-1,375.000,-1,325.000,325.000,175.000,300.000,-1,-1,-1,-1,825.000,725.000,-1,-1,2,0,2,0,2,0,0,1,0,2,2,2,2,0,0,2,2
130,-3378.040,-5709.831,422.217,69.145,0.356007,-0.934483,-0.000535,0.934464,0.356004,-0.006152,0.005940,0.001690,0.999981,0,0.77920,0.22344,46.752,0.447,-1,400.000,-1,375.000,-1,325.000,325.000,200.000,300.000,-1,-1,-1,-1,825.000,700.000,-1,-1,2,0,2,0,2,0,0,1,0,2,2,2,2,0,0,2,2
131,-3362.078,-5666.946,422.960,69.584,0.348829,-0.937186,-0.000213,0.937175,0.348826,-0.004966,0.004728,0.001533,0.999988,0,0.76267,0.21974,45.760,0.439,-1,400.000,-1,375.000,-1,325.000,325.000,200.000,300.000,-1,-1,-1,-1,825.000,700.000,-1,-1,2,0,2,0,2,0,0,1,0,2,2,2,2,0,0,2,2
132,-3346.751,-5624.802,423.533,70.015,0.341773,-0.939782,-0.000618,0.939774,0.341773,-0.004033,0.004002,0.000798,0.999992,0,0.74741,0.21530,44.844,0.431,-1,400.000,-1,375.000,-1,325.000,325.000,225.000,275.000,-1,-1,-1,-1,825.000,700.000,-1,-1,2,0,2,0,2,0,0,1,0,2,2,2,2,0,0,2,2
133,-3332.015,-5583.337,423.948,70.435,0.334864,-0.942265,-0.001688,0.942259,0.334868,-0.003349,0.003721,-0.000469,0.999993,0,0.73343,0.21020,44.006,0.420,-1,400.000,-1,375.000,-1,325.000,325.000,225.000,275.000,-1,-1,-1,-1,825.000,725.000,-1,-1,2,0,2,0,2,0,0,1,0,2,2,2,2,0,0,2,2
134,-3317.825,-5542.487,424.219,70.845,0.328122,-0.944629,-0.003365,0.944627,0.328132,-0.002908,0.003851,-0.002224,0.999990,0,0.72073,0.20450,43.244,0.409,-1,400.000,-1,375.000,-1,325.000,325.000,250.000,275.000,-1,-1,-1,-1,825.000,725.000,-1,-1,2,0,2,0,2,0,0,1,0,2,2,2,2,0,0,2,2
135,-3304.140,-5502.191,424.355,71.241,0.321567,-0.946870,-0.005599,0.946877,0.321585,-0.002706,0.004362,-0.004432,0.999981,0,0.70929,0.19825,42.557,0.397,-1,400.000,-1,375.000,-1,325.000,325.000,250.000,300.000,-1,-1,-1,-1,825.000,725.000,-1,-1,2,0,2,0,2,0,0,1,0,2,2,2,2,0,0,2,2
