timestep,x_cm,y_cm,z_cm,yaw_deg,basis_xx,basis_xy,basis_xz,basis_yx,basis_yy,basis_yz,basis_zx,basis_zy,basis_zz,teleport_flag,throttle_cmd,steering_cmd,cmd_move_cm,cmd_turn_deg,lidar_cm_0,lidar_cm_1,lidar_cm_2,lidar_cm_3,lidar_cm_4,lidar_cm_5,lidar_cm_6,lidar_cm_7,lidar_cm_8,lidar_cm_9,lidar_cm_10,lidar_cm_11,lidar_cm_12,lidar_cm_13,lidar_cm_14,lidar_cm_15,lidar_cm_16,lidar_class_0,lidar_class_1,lidar_class_2,lidar_class_3,lidar_class_4,lidar_class_5,lidar_class_6,lidar_class_7,lidar_class_8,lidar_class_9,lidar_class_10,lidar_class_11,lidar_class_12,lidar_class_13,lidar_class_14,lidar_class_15,lidar_class_16
0,8851.459,8851.939,-7.634,-139.516,-0.760951,0.647305,0.044158,-0.648764,-0.758320,-0.063694,-0.007743,-0.077116,0.996992,1,0.08000,-0.12000,4.800,-0.240,-1,400.000,-1,400.000,-1,325.000,325.000,300.000,300.000,-1,625.000,725.000,-1,775.000,825.000,-1,-1,2,0,2,0,2,0,0,0,0,2,0,0,2,0,0,2,2
1,8844.105,8845.767,-7.711,-139.996,-0.766332,0.640928,0.044108,-0.642405,-0.763714,-0.063698,-0.007140,-0.077149,0.996994,0,0.16000,-0.24000,9.600,-0.480,-1,400.000,-1,400.000,-1,325.000,325.000,300.000,300.000,-1,650.000,725.000,-1,775.000,825.000,-1,-1,2,0,2,0,2,0,0,0,0,2,0,0,2,0,0,2,2
2,8832.959,8836.650,-7.812,-140.716,-0.774305,0.631279,0.044035,-0.632782,-0.771705,-0.063707,-0.006235,-0.077194,0.996997,0,0.24000,-0.36000,14.400,-0.720,-1,400.000,-1,400.000,-1,325.000,325.000,300.000,300.000,-1,650.000,725.000,-1,775.000,825.000,-1,-1,2,0,2,0,2,0,0,0,0,2,0,0,2,0,0,2,2
3,8817.896,8824.743,-7.925,-141.676,-0.784746,0.618258,0.043945,-0.619798,-0.782170,-0.063726,-0.005027,-0.077246,0.996999,0,0.32000,-0.48000,19.200,-0.960,-1,400.000,-1,400.000,-1,325.000,325.000,300.000,300.000,-1,675.000,725.000,-1,775.000,850.000,-1,-1,2,0,2,0,2,0,0,0,0,2,0,0,2,0,0,2,2
4,8798.759,8810.258,-8.031,-142.876,-0.797488,0.601739,0.043842,-0.603324,-0.794943,-0.063761,-0.003516,-0.077299,0.997002,0,0.40000,-0.60000,24.000,-1.200,-1,400.000,-1,400.000,-1,325.000,325.000,300.000,300.000,-1,675.000,750.000,-1,775.000,850.000,-1,-1,2,0,2,0,2,0,0,0,0,2,0,0,2,0,0,2,2
5,8775.365,8793.458,-8.107,-144.316,-0.812320,0.581570,0.043731,-0.583210,-0.809811,-0.063819,-0.001701,-0.077346,0.997003,0,0.48000,-0.72000,28.800,-1.440,-1,400.000,-1,400.000,-1,325.000,325.000,300.000,300.000,-1,700.000,775.000,-1,800.000,850.000,-1,-1,2,0,2,0,2,0,0,0,0,2,0,0,2,0,0,2,2
6,8747.510,8774.667,-8.125,-145.996,-0.828978,0.557578,0.043619,-0.559281,-0.826511,-0.063910,0.000416,-0.077375,0.997002,0,0.56000,-0.84000,33.600,-1.680,-1,400.000,-1,400.000,-1,325.000,325.000,300.000,300.000,-1,725.000,775.000,-1,800.000,850.000,-1,-1,2,0,2,0,2,0,0,0,0,2,0,0,2,0,0,2,2
7,8714.994,8754.238,-8.057,-147.860,-0.846631,0.530399,0.043510,-0.532173,-0.844210,-0.064043,0.002763,-0.077376,0.996998,0,0.64000,-0.93199,38.400,-1.864,-1,400.000,-1,400.000,-1,325.000,325.000,300.000,300.000,-1,750.000,800.000,-1,800.000,850.000,-1,-1,2,0,2,0,2,0,0,0,0,2,0,0,2,0,0,2,2
8,8677.681,8732.463,-7.856,-149.732,-0.863472,0.502526,0.043390,-0.504371,-0.861086,-0.064345,0.005027,-0.077444,0.996984,0,0.72000,-0.93630,43.200,-1.873,-1,400.000,-1,400.000,975.000,325.000,325.000,300.000,300.000,-1,800.000,850.000,-1,825.000,850.000,-1,-1,2,0,2,0,1,0,0,0,0,2,0,0,2,0,1,2,2
9,8635.451,8709.644,-7.524,-151.615,-0.879479,0.473966,0.043266,-0.475881,-0.877125,-0.064716,0.007276,-0.077506,0.996965,0,0.80000,-0.94125,48.000,-1.882,-1,400.000,-1,400.000,950.000,325.000,325.000,300.000,300.000,-1,825.000,875.000,-1,825.000,825.000,-1,-1,2,0,2,0,1,0,0,0,0,2,0,0,2,0,1,2,2
10,8588.194,8686.091,-7.103,-153.508,-0.894638,0.444731,0.042860,-0.446694,-0.892320,-0.065037,0.009321,-0.077330,0.996962,0,0.88000,-0.94679,52.800,-1.894,-1,400.000,-1,425.000,900.000,325.000,325.000,300.000,300.000,-1,875.000,925.000,-1,825.000,800.000,-1,-1,2,0,2,0,1,0,0,0,0,2,0,0,2,0,1,2,2
11,8539.334,8663.738,-6.751,-155.414,-0.908943,0.414839,0.041607,-0.416781,-0.906683,-0.064962,0.010776,-0.076388,0.997020,0,0.89548,-0.95291,53.729,-1.906,-1,400.000,-1,425.000,850.000,325.000,325.000,300.000,300.000,-1,950.000,1000.000,-1,850.000,775.000,-1,950.000,2,0,2,0,1,0,0,0,0,2,0,0,2,0,1,2,1
12,8489.018,8642.724,-6.267,-157.332,-0.922326,0.384298,0.040372,-0.386219,-0.920125,-0.064850,0.012225,-0.075405,0.997078,0,0.90878,-0.95875,54.527,-1.917,-1,425.000,-1,425.000,800.000,325.000,325.000,300.000,300.000,-1,-1,-1,-1,850.000,725.000,-1,875.000,2,0,2,0,1,0,0,0,0,2,2,2,2,0,1,2,1
13,8437.248,8623.122,-5.638,-159.260,-0.934751,0.353144,0.039127,-0.355042,-0.932610,-0.064684,0.013648,-0.074355,0.997138,0,0.92259,-0.96426,55.355,-1.929,-1,425.000,-1,425.000,750.000,325.000,325.000,300.000,300.000,-1,-1,-1,-1,850.000,700.000,-1,800.000,2,0,2,0,1,0,0,0,0,2,2,2,2,0,1,2,1
14,8384.032,8605.005,-5.044,-161.199,-0.946200,0.321397,0.037533,-0.323260,-0.944049,-0.065375,0.014422,-0.073991,0.997155,0,0.93690,-0.96943,56.214,-1.939,-1,425.000,-1,400.000,700.000,325.000,325.000,300.000,300.000,-1,-1,-1,-1,850.000,650.000,-1,725.000,2,0,2,0,1,0,0,0,0,2,2,2,2,0,1,2,1
15,8329.380,8588.450,-4.463,-163.148,-0.956635,0.289107,0.035594,-0.290921,-0.954413,-0.066790,0.014662,-0.074248,0.997132,0,0.95173,-0.97425,57.104,-1.948,-1,425.000,-1,400.000,650.000,325.000,325.000,300.000,300.000,-1,-1,-1,-1,850.000,625.000,-1,675.000,2,0,2,0,1,0,0,0,0,2,2,2,2,0,1,2,1
16,8273.305,8573.535,-3.733,-165.105,-0.966005,0.256334,0.033565,-0.258093,-0.963714,-0.068139,0.014881,-0.074485,0.997111,0,0.96706,-0.97872,58.024,-1.957,-1,400.000,-1,400.000,600.000,325.000,325.000,300.000,300.000,-1,-1,-1,-1,825.000,575.000,-1,600.000,2,0,2,0,1,0,0,0,0,2,2,2,2,0,1,2,1
17,8215.825,8560.339,-2.846,-167.071,-0.974283,0.223123,0.031452,-0.224824,-0.971924,-0.069410,0.015082,-0.074697,0.997092,0,0.98290,-0.98285,58.974,-1.966,-1,400.000,-1,400.000,550.000,325.000,325.000,300.000,300.000,-1,-1,-1,-1,825.000,525.000,-1,550.000,2,0,2,1,1,0,0,0,0,2,2,2,2,0,1,2,1
18,8162.683,8549.813,-1.918,-168.796,-0.980608,0.193750,0.029483,-0.195392,-0.978191,-0.070464,0.015188,-0.074858,0.997079,0,0.90290,-0.86285,54.174,-1.726,-1,400.000,-1,375.000,500.000,325.000,325.000,300.000,300.000,-1,-1,-1,-1,825.000,500.000,-1,500.000,2,1,2,1,1,0,1,0,0,2,2,2,2,0,1,2,1
19,8112.334,8541.191,-0.975,-170.282,-0.985344,0.168323,0.027665,-0.169903,-0.982880,-0.071268,0.015195,-0.074924,0.997073,0,0.85135,-0.74285,51.081,-1.486,-1,400.000,-1,350.000,450.000,325.000,300.000,300.000,300.000,-1,-1,-1,-1,825.000,475.000,-1,450.000,2,1,2,1,1,1,1,0,0,2,2,2,2,0,1,2,1
20,8060.975,8533.540,0.063,-171.528,-0.988812,0.146914,0.025814,-0.148421,-0.986298,-0.072018,0.014880,-0.075044,0.997069,0,0.86541,-0.62285,51.925,-1.246,-1,400.000,-1,325.000,400.000,300.000,300.000,300.000,300.000,-1,-1,-1,-1,800.000,425.000,-1,400.000,2,1,2,1,1,1,1,0,0,2,2,2,2,0,1,2,1
21,8008.657,8526.769,1.187,-172.625,-0.991487,0.127991,0.023934,-0.129415,-0.988920,-0.072722,0.014361,-0.075200,0.997065,0,0.87923,-0.54885,52.754,-1.098,-1,400.000,-1,300.000,350.000,300.000,275.000,300.000,300.000,-1,-1,-1,-1,800.000,400.000,-1,350.000,2,1,2,1,1,1,1,0,0,2,2,2,2,0,1,2,1
22,7955.403,8520.923,2.401,-173.736,-0.993820,0.108801,0.022026,-0.110141,-0.991204,-0.073368,0.013849,-0.075340,0.997062,0,0.89290,-0.55522,53.574,-1.110,-1,375.000,-1,275.000,300.000,275.000,250.000,300.000,300.000,-1,-1,-1,-1,800.000,375.000,-1,300.000,2,1,2,1,1,1,1,0,0,2,2,2,2,0,1,2,1
23,7901.219,8516.049,3.703,-174.860,-0.995798,0.089338,0.020108,-0.090593,-0.993140,-0.073927,0.013366,-0.075438,0.997061,0,0.90670,-0.56192,54.402,-1.124,-1,375.000,-1,250.000,250.000,275.000,225.000,300.000,300.000,-1,-1,-1,-1,800.000,325.000,-1,250.000,2,1,2,1,1,1,1,0,0,2,2,2,2,1,1,2,1
24,7846.116,8512.184,8.077,-175.998,-0.997130,0.069529,0.029946,-0.071853,-0.993769,-0.085207,0.023835,-0.087114,0.995913,0,0.92061,-0.56904,55.237,-1.138,-1,375.000,-1,250.000,225.000,275.000,225.000,300.000,350.000,-1,-1,-1,-1,-1,325.000,-1,225.000,2,1,2,1,1,1,1,0,0,2,2,2,2,2,1,2,1
25,7790.108,8509.382,13.663,-177.151,-0.997790,0.049434,0.044395,-0.053724,-0.993404,-0.101307,0.039094,-0.103468,0.993864,0,0.93459,-0.57668,56.076,-1.153,-1,400.000,-1,250.000,225.000,275.000,225.000,275.000,375.000,-1,-1,-1,-1,-1,325.000,-1,225.000,2,1,2,1,1,1,1,0,0,2,2,2,2,2,1,2,1
26,7733.215,8507.698,19.593,-178.321,-0.997839,0.029086,0.058913,-0.035901,-0.992347,-0.118142,0.055026,-0.120002,0.991247,0,0.94859,-0.58497,56.915,-1.170,-1,425.000,-1,250.000,200.000,275.000,225.000,275.000,450.000,-1,225.000,675.000,-1,-1,325.000,-1,200.000,2,1,2,1,1,1,1,0,0,2,0,0,2,2,1,2,1
27,7675.462,8507.185,25.941,-179.509,-0.997248,0.008484,0.073656,-0.018448,-0.990581,-0.135679,0.071811,-0.136664,0.988011,0,0.96252,-0.59409,57.751,-1.188,-1,450.000,-1,250.000,200.000,275.000,225.000,275.000,500.000,725.000,125.000,325.000,-1,-1,325.000,-1,200.000,2,1,2,1,1,1,1,0,0,0,0,0,2,2,1,2,1
28,7616.882,8507.898,32.789,-180.718,-0.995974,-0.012379,0.088788,-0.001437,-0.988088,-0.153885,0.089635,-0.153393,0.984091,0,0.97631,-0.60423,58.578,-1.208,-1,450.000,-1,250.000,200.000,300.000,225.000,250.000,575.000,525.000,75.000,225.000,-1,-1,325.000,-1,200.000,2,1,2,1,1,1,1,0,0,0,0,0,2,2,1,2,1
29,1639.573,-327.676,-227.389,49.332,0.593989,-0.726328,0.345868,0.780796,0.624044,-0.030426,-0.193738,0.288125,0.937790,1,0.00000,0.00000,59.389,-1.231,0.000,850.000,-1,-1,-1,-1,-1,-1,150.000,-1,-1,0.000,0.000,-1,-1,0.000,-1,0,1,2,2,2,2,2,2,1,2,2,0,1,2,2,0,2
30,-331.458,324.673,-140.857,-136.693,-0.727723,0.685868,0.001910,-0.685826,-0.727641,-0.013456,-0.007840,-0.011102,0.999908,1,0.08000,-0.12000,4.800,-0.240,375.000,400.000,-1,400.000,-1,325.000,325.000,300.000,300.000,-1,775.000,625.000,450.000,500.000,875.000,425.000,-1,1,0,2,0,2,0,0,0,0,2,1,1,1,1,0,1,2
31,-338.499,318.147,-140.963,-137.173,-0.733444,0.679748,0.001804,-0.679704,-0.733360,-0.013632,-0.007943,-0.011224,0.999905,0,0.16000,-0.24000,9.600,-0.480,350.000,400.000,-1,400.000,-1,325.000,325.000,300.000,300.000,-1,800.000,650.000,450.000,500.000,875.000,400.000,-1,1,0,2,0,2,0,0,0,0,2,1,1,1,1,0,1,2
32,-349.142,308.447,-141.116,-137.655,-0.739143,0.673547,0.001612,-0.673499,-0.739057,-0.013882,-0.008159,-0.011347,0.999902,0,0.24000,-0.24125,14.400,-0.482,350.000,400.000,-1,400.000,-1,325.000,325.000,300.000,300.000,-1,825.000,675.000,450.000,500.000,875.000,400.000,-1,1,0,2,0,2,0,0,0,0,2,1,1,1,1,0,1,2
33,-363.440,295.633,-141.310,-138.132,-0.744718,0.667378,0.001289,-0.667325,-0.744631,-0.014203,-0.008519,-0.011438,0.999898,0,0.32000,-0.23819,19.200,-0.476,350.000,400.000,-1,400.000,-1,325.000,325.000,300.000,300.000,-1,850.000,700.000,475.000,475.000,875.000,375.000,-1,1,0,2,0,2,0,0,0,0,2,1,1,1,1,0,1,2
34,-381.443,279.761,-141.559,-138.600,-0.750154,0.661263,0.000873,-0.661202,-0.750066,-0.014607,-0.009005,-0.011535,0.999893,0,0.40000,-0.23439,24.000,-0.469,325.000,400.000,-1,400.000,-1,325.000,325.000,300.000,300.000,-1,900.000,725.000,475.000,475.000,875.000,375.000,-1,1,0,2,0,2,0,0,0,0,2,1,1,1,1,0,1,2
35,-403.198,260.890,-141.868,-139.060,-0.755435,0.655223,0.000355,-0.655153,-0.755346,-0.015101,-0.009626,-0.011640,0.999886,0,0.48000,-0.22983,28.800,-0.460,300.000,400.000,-1,400.000,-1,325.000,325.000,300.000,300.000,-1,950.000,775.000,500.000,450.000,875.000,350.000,-1,1,1,2,0,2,0,0,0,0,2,1,1,1,1,0,1,2
36,-428.751,239.072,-142.256,-139.509,-0.760545,0.649285,-0.000274,-0.649202,-0.760455,-0.015630,-0.010356,-0.011709,0.999878,0,0.56000,-0.22445,33.600,-0.449,275.000,375.000,-1,400.000,-1,325.000,325.000,300.000,300.000,-1,1000.000,825.000,525.000,450.000,875.000,325.000,-1,1,1,2,0,2,0,0,0,0,2,1,1,1,1,0,1,2
37,-458.144,214.361,-142.727,-139.945,-0.765468,0.643473,-0.001022,-0.643376,-0.765378,-0.016217,-0.011218,-0.011756,0.999868,0,0.64000,-0.21821,38.400,-0.436,250.000,375.000,-1,400.000,-1,325.000,325.000,300.000,300.000,-1,-1,875.000,550.000,425.000,875.000,300.000,-1,1,1,2,0,2,0,0,0,0,2,2,1,1,1,0,1,2
38,-491.414,186.805,-143.288,-140.367,-0.770186,0.637817,-0.001901,-0.637702,-0.770098,-0.016890,-0.012236,-0.011796,0.999856,0,0.72000,-0.21106,43.200,-0.422,225.000,350.000,-1,400.000,-1,325.000,325.000,300.000,300.000,-1,-1,925.000,575.000,400.000,850.000,275.000,-1,1,1,2,0,2,0,0,0,0,2,2,1,1,1,0,1,2
39,-528.598,156.451,-143.949,-140.773,-0.774681,0.632345,-0.002923,-0.632209,-0.774597,-0.017651,-0.013426,-0.011826,0.999840,0,0.80000,-0.20295,48.000,-0.406,200.000,325.000,-1,400.000,-1,325.000,325.000,300.000,300.000,-1,-1,1000.000,625.000,375.000,850.000,225.000,-1,1,1,2,0,2,0,0,0,0,2,2,1,1,1,0,1,2
40,-569.724,123.338,-144.723,-141.161,-0.778936,0.627090,-0.004103,-0.626928,-0.778857,-0.018507,-0.014801,-0.011843,0.999820,0,0.88000,-0.19383,52.800,-0.388,150.000,300.000,-1,400.000,-1,325.000,325.000,300.000,300.000,-1,-1,-1,650.000,350.000,850.000,175.000,-1,1,1,2,0,2,0,0,1,0,2,2,2,1,1,0,1,2
41,-614.615,87.666,-145.735,-141.528,-0.782926,0.622086,-0.005985,-0.621890,-0.782866,-0.019334,-0.016713,-0.011415,0.999795,0,0.95564,-0.18367,57.338,-0.367,125.000,275.000,-1,400.000,-1,300.000,325.000,275.000,300.000,-1,-1,-1,700.000,300.000,850.000,150.000,-1,1,1,2,0,2,1,0,1,0,2,2,2,1,1,0,1,2
42,-659.463,52.467,-140.012,-141.873,-0.786682,0.617311,-0.007684,-0.617348,-0.786534,0.015649,0.003616,0.017054,0.999848,0,0.95020,-0.17252,57.012,-0.345,125.000,275.000,-1,450.000,-1,300.000,375.000,250.000,275.000,-1,-1,-1,675.000,325.000,975.000,125.000,-1,1,1,2,0,2,1,0,1,0,2,2,2,1,1,0,1,2
43,-706.976,15.825,-133.823,-142.376,-0.792524,0.609777,-0.008850,-0.609299,-0.791125,0.053618,0.025693,0.047886,0.998522,0,1.00000,-0.25129,60.000,-0.503,125.000,275.000,-1,525.000,-1,325.000,425.000,250.000,250.000,-1,500.000,225.000,675.000,350.000,-1,125.000,-1,1,1,2,0,2,1,1,1,0,2,0,0,1,1,2,1,2
44,-754.788,-20.427,-127.896,-142.858,-0.798475,0.601956,-0.009351,-0.600182,-0.794715,0.090604,0.047108,0.077957,0.995843,0,1.00000,-0.24097,60.000,-0.482,100.000,300.000,-1,575.000,-1,325.000,425.000,225.000,250.000,-1,325.000,100.000,525.000,400.000,-1,125.000,-1,1,1,2,0,2,1,1,1,0,2,0,0,0,1,2,1,2
45,-802.883,-56.307,-122.322,-143.317,-0.804451,0.593954,-0.008800,-0.590100,-0.797356,0.126515,0.068127,0.106969,0.991926,0,1.00000,-0.22973,60.000,-0.459,100.000,325.000,-1,650.000,-1,375.000,475.000,225.000,225.000,-1,250.000,50.000,350.000,575.000,-1,125.000,-1,1,1,2,0,2,1,1,1,0,2,0,0,0,1,2,1,2
46,-851.242,-91.831,-116.994,-143.752,-0.810397,0.585830,-0.007810,-0.579178,-0.799042,0.161511,0.088377,0.135411,0.986840,0,1.00000,-0.21751,60.000,-0.435,100.000,375.000,-1,700.000,-1,450.000,600.000,225.000,225.000,-1,225.000,25.000,250.000,-1,-1,125.000,-1,1,1,2,0,2,1,1,1,0,2,0,0,0,2,2,1,2
47,-899.855,-127.007,-113.161,-144.161,-0.815898,0.578157,-0.006700,-0.568784,-0.800482,0.188978,0.103896,0.157997,0.981958,0,1.00000,-0.20424,60.000,-0.408,75.000,575.000,-1,750.000,-1,800.000,700.000,200.000,225.000,-1,200.000,25.000,200.000,-1,-1,125.000,-1,1,1,2,0,2,0,0,1,0,2,0,0,0,2,2,1,2
48,-948.712,-161.841,-112.007,-144.541,-0.820420,0.571731,-0.005870,-0.560860,-0.802741,0.202589,0.111114,0.169500,0.979246,0,1.00000,-0.18987,60.000,-0.380,75.000,-1,-1,775.000,-1,850.000,750.000,175.000,200.000,-1,200.000,0.000,175.000,-1,-1,125.000,-1,1,2,2,0,2,0,0,1,0,2,0,0,0,2,2,1,2
49,3607.610,5575.437,-69.254,51.316,0.624989,-0.779257,0.046325,0.780633,0.623939,-0.036231,-0.000671,0.058807,0.998269,1,0.00000,0.00000,60.000,-0.140,-1,375.000,-1,400.000,-1,325.000,325.000,325.000,325.000,-1,-1,-1,-1,750.000,-1,-1,-1,2,0,2,0,2,0,0,0,0,2,2,2,2,0,2,2,2
50,3610.626,5579.172,-69.234,51.076,0.628246,-0.776630,0.046398,0.778015,0.627192,-0.036382,-0.000846,0.058955,0.998260,0,0.08000,-0.12000,4.800,-0.240,-1,375.000,-1,400.000,-1,325.000,325.000,325.000,325.000,-1,-1,-1,-1,750.000,-1,-1,-1,2,0,2,0,2,0,0,0,0,2,2,2,2,0,2,2,2
51,3616.720,5586.590,-69.257,50.596,0.634716,-0.771346,0.046481,0.772744,0.633674,-0.036378,-0.001394,0.059007,0.998257,0,0.16000,-0.24000,9.600,-0.480,-1,375.000,-1,400.000,-1,325.000,325.000,325.000,325.000,-1,-1,-1,-1,750.000,-1,-1,-1,2,0,2,0,2,0,0,0,0,2,2,2,2,0,2,2,2
52,3626.000,5597.601,-69.337,49.876,0.644332,-0.763326,0.046578,0.764742,0.643320,-0.036181,-0.002347,0.058933,0.998259,0,0.24000,-0.36000,14.400,-0.720,-1,375.000,-1,400.000,-1,325.000,325.000,325.000,325.000,-1,-1,-1,-1,750.000,-1,-1,-1,2,0,2,0,2,0,0,0,0,2,2,2,2,0,2,2,2
53,3638.618,5612.073,-69.502,48.916,0.657001,-0.752437,0.046777,0.753881,0.656015,-0.036152,-0.003485,0.059016,0.998251,0,0.32000,-0.48000,19.200,-0.960,-1,375.000,-1,400.000,-1,325.000,325.000,325.000,325.000,-1,-1,-1,-1,750.000,-1,-1,-1,2,0,2,0,2,0,0,0,0,2,2,2,2,0,2,2,2
54,3654.766,5629.829,-69.735,47.716,0.672579,-0.738527,0.047070,0.740009,0.671623,-0.036177,-0.004896,0.059164,0.998236,0,0.40000,-0.60000,24.000,-1.200,-1,375.000,-1,400.000,-1,325.000,325.000,325.000,325.000,-1,-1,-1,-1,750.000,-1,-1,-1,2,0,2,0,2,0,0,0,0,2,2,2,2,0,2,2,2
55,3674.672,5650.642,-70.057,46.276,0.690885,-0.721409,0.047411,0.722935,0.689964,-0.036258,-0.006555,0.059325,0.998217,0,0.48000,-0.72000,28.800,-1.440,-1,375.000,-1,-1,-1,325.000,325.000,325.000,325.000,-1,-1,-1,-1,750.000,-1,-1,-1,2,0,2,2,2,0,0,0,0,2,2,2,2,0,2,2,2
56,3698.598,5674.234,-70.470,44.596,0.711689,-0.700861,0.047886,0.702443,0.710807,-0.036431,-0.008505,0.059565,0.998188,0,0.56000,-0.84000,33.600,-1.680,-1,375.000,-1,-1,-1,325.000,325.000,325.000,325.000,-1,-1,-1,-1,750.000,-1,-1,-1,2,0,2,2,2,0,0,0,0,2,2,2,2,0,2,2,2
57,3726.831,5700.264,-70.992,42.676,0.734715,-0.676638,0.048529,0.678291,0.733874,-0.036736,-0.010757,0.059908,0.998146,0,0.64000,-0.96000,38.400,-1.920,-1,375.000,-1,-1,-1,325.000,325.000,325.000,325.000,-1,-1,-1,-1,750.000,-1,-1,-1,2,0,2,2,2,0,0,0,0,2,2,2,2,0,2,2,2
58,3759.594,5728.421,-71.632,40.676,0.757820,-0.650594,0.049361,0.652331,0.757018,-0.037255,-0.013129,0.060433,0.998086,0,0.72000,-1.00000,43.200,-2.000,-1,375.000,-1,-1,-1,325.000,-1,325.000,325.000,-1,-1,-1,-1,-1,-1,-1,-1,2,0,2,2,2,0,2,0,0,2,2,2,2,2,2,2,2
59,3797.068,5758.418,-72.396,38.676,0.779999,-0.623749,0.050392,0.625588,0.779226,-0.038042,-0.015538,0.061197,0.998005,0,0.80000,-1.00000,48.000,-2.000,-1,375.000,-1,-1,-1,325.000,-1,300.000,325.000,-1,-1,-1,-1,-1,-1,-1,-1,2,0,2,2,2,0,2,0,0,2,2,2,2,2,2,2,2
60,3839.074,5789.702,-73.284,36.676,0.801222,-0.596136,0.051616,0.598096,0.800469,-0.039122,-0.017995,0.062217,0.997900,0,0.87291,-1.00000,52.374,-2.000,-1,375.000,-1,-1,-1,-1,-1,300.000,325.000,-1,-1,-1,-1,-1,-1,-1,-1,2,0,2,2,2,2,2,0,0,2,2,2,2,2,2,2,2
61,3882.971,5820.078,-76.204,34.676,0.821034,-0.567517,0.061873,0.570274,0.820323,-0.043100,-0.026296,0.070671,0.997153,0,0.88969,-1.00000,53.381,-2.000,-1,-1,-1,-1,-1,-1,-1,300.000,300.000,-1,-1,-1,-1,-1,-1,-1,-1,2,2,2,2,2,2,2,0,0,2,2,2,2,2,2,2,2
62,3931.808,5851.705,-81.451,32.916,0.836817,-0.541340,0.081788,0.545959,0.836262,-0.050937,-0.040822,0.087278,0.995347,0,0.96969,-0.88000,58.181,-1.760,-1,-1,-1,-1,-1,-1,-1,325.000,275.000,-1,-1,-1,-1,-1,-1,-1,-1,2,2,2,2,2,2,2,0,0,2,2,2,2,2,2,2,2
63,3983.016,5882.980,-87.664,31.396,0.848905,-0.517942,0.105337,0.525393,0.848648,-0.061308,-0.057640,0.107388,0.992545,0,1.00000,-0.76000,60.000,-1.520,-1,-1,-1,-1,-1,-1,-1,350.000,225.000,-1,-1,-1,-1,-1,-1,-1,-1,2,2,2,2,2,2,2,0,0,2,2,2,2,2,2,2,2
64,4034.908,5913.109,-94.839,30.116,0.857467,-0.497490,0.131351,0.508904,0.857653,-0.073806,-0.075936,0.130132,0.988585,0,1.00000,-0.64000,60.000,-1.280,-1,-1,-1,-1,-1,-1,-1,375.000,175.000,-1,-1,-1,-1,-1,-1,-1,-1,2,2,2,2,2,2,2,0,1,2,2,2,2,2,2,2,2
65,-8855.085,-8855.085,-91.977,20.148,0.938723,-0.344439,0.012709,0.344371,0.938805,0.007290,-0.014443,-0.002467,0.999893,1,0.00000,0.00000,60.000,-1.243,-1,400.000,-1,400.000,-1,325.000,325.000,300.000,300.000,-1,-1,-1,-1,800.000,775.000,-1,-1,2,0,2,0,2,0,0,0,0,2,2,2,2,0,0,2,2
66,-8850.571,-8853.450,-92.047,19.908,0.940157,-0.340503,0.012713,0.340434,0.940240,0.007365,-0.014462,-0.002596,0.999892,0,0.08000,-0.12000,4.800,-0.240,-1,400.000,-1,400.000,-1,325.000,325.000,300.000,300.000,-1,-1,-1,-1,800.000,775.000,-1,-1,2,0,2,0,2,0,0,0,0,2,2,2,2,0,0,2,2
67,-8841.518,-8850.257,-92.187,19.428,0.942977,-0.332614,0.012723,0.332542,0.943059,0.007512,-0.014498,-0.002853,0.999891,0,0.16000,-0.24000,9.600,-0.480,-1,400.000,-1,400.000,-1,325.000,325.000,300.000,300.000,-1,-1,-1,-1,800.000,775.000,-1,-1,2,0,2,0,2,0,0,0,0,2,2,2,2,0,0,2,2
68,-8827.879,-8845.638,-92.397,18.708,0.947082,-0.320737,0.012742,0.320660,0.947163,0.007729,-0.014548,-0.003235,0.999889,0,0.24000,-0.36000,14.400,-0.720,-1,400.000,-1,400.000,-1,325.000,325.000,300.000,300.000,-1,-1,-1,-1,800.000,775.000,-1,-1,2,0,2,0,2,0,0,0,0,2,2,2,2,0,0,2,2
69,-8809.593,-8839.786,-92.677,17.748,0.952323,-0.304823,0.012774,0.304740,0.952402,0.008011,-0.014608,-0.003736,0.999886,0,0.32000,-0.48000,19.200,-0.960,-1,400.000,-1,400.000,-1,325.000,325.000,300.000,300.000,-1,-1,-1,-1,800.000,775.000,-1,-1,2,0,2,0,2,0,0,0,0,2,2,2,2,0,0,2,2
70,-8786.587,-8832.950,-93.025,16.548,0.958498,-0.284809,0.012825,0.284720,0.958574,0.008349,-0.014672,-0.004351,0.999883,0,0.40000,-0.60000,24.000,-1.200,-1,400.000,-1,400.000,-1,325.000,325.000,300.000,300.000,-1,-1,-1,-1,800.000,750.000,-1,-1,2,0,2,0,2,0,0,0,0,2,2,2,2,0,0,2,2
71,-8758.782,-8825.444,-93.441,15.108,0.965353,-0.260630,0.012901,0.260532,0.965426,0.008736,-0.014732,-0.005072,0.999879,0,0.48000,-0.72000,28.800,-1.440,-1,400.000,-1,400.000,-1,325.000,325.000,300.000,300.000,-1,-1,-1,-1,800.000,750.000,-1,-1,2,0,2,0,2,0,0,0,0,2,2,2,2,0,0,2,2
72,-8726.100,-8817.641,-93.921,13.428,0.972578,-0.232213,0.013006,0.232107,0.972647,0.009159,-0.014777,-0.005889,0.999873,0,0.56000,-0.84000,33.600,-1.680,-1,400.000,-1,400.000,-1,325.000,325.000,300.000,300.000,-1,-1,-1,-1,800.000,750.000,-1,-1,2,0,2,0,2,0,0,0,0,2,2,2,2,0,0,2,2
73,-8688.498,-8809.856,-94.465,11.698,0.979144,-0.202744,0.013144,0.202629,0.979209,0.009605,-0.014818,-0.006741,0.999867,0,0.64000,-0.86494,38.400,-1.730,-1,400.000,-1,400.000,-1,325.000,325.000,300.000,300.000,-1,-1,-1,-1,800.000,750.000,-1,-1,2,0,2,0,2,0,0,0,0,2,2,2,2,0,0,2,2
74,-8645.950,-8802.378,-95.070,9.968,0.984815,-0.173094,0.013315,0.172968,0.984876,0.010060,-0.014855,-0.007604,0.999861,0,0.72000,-0.86486,43.200,-1.730,-1,400.000,-1,400.000,-1,325.000,325.000,300.000,300.000,-1,-1,-1,-1,800.000,750.000,-1,-1,2,0,2,0,2,0,0,0,0,2,2,2,2,0,0,2,2
75,-8598.445,-8795.499,-95.735,8.239,0.989588,-0.143292,0.013515,0.143157,0.989644,0.010517,-0.014882,-0.008473,0.999853,0,0.80000,-0.86467,48.000,-1.729,-1,400.000,-1,400.000,-1,325.000,325.000,300.000,300.000,-1,-1,-1,-1,800.000,750.000,-1,-1,2,0,2,0,2,0,0,0,0,2,2,2,2,0,1,2,2
76,-8545.986,-8789.513,-96.467,6.510,0.993458,-0.113373,0.013724,0.113228,0.993509,0.010925,-0.014873,-0.009299,0.999846,0,0.88000,-0.86431,52.800,-1.729,-1,400.000,-1,400.000,-1,325.000,325.000,300.000,300.000,-1,-1,-1,-1,775.000,-1,-1,-1,2,0,2,0,2,0,0,0,0,2,2,2,2,0,2,2,2
77,-8492.865,-8785.068,-97.241,4.783,0.996421,-0.083372,0.013937,0.083219,0.996468,0.011230,-0.014824,-0.010030,0.999840,0,0.88844,-0.86372,53.306,-1.727,-1,400.000,-1,400.000,-1,325.000,325.000,300.000,300.000,-1,-1,-1,-1,900.000,-1,-1,-1,2,0,2,0,2,0,0,0,0,2,2,2,2,1,2,2,2
78,-8439.206,-8782.202,-98.051,3.057,0.998477,-0.053329,0.014119,0.053166,0.998518,0.011665,-0.014720,-0.010897,0.999832,0,0.89559,-0.86275,53.735,-1.725,-1,400.000,-1,400.000,-1,325.000,325.000,300.000,300.000,-1,-1,-1,-1,1000.000,-1,-1,-1,2,0,2,0,2,0,0,0,0,2,2,2,2,1,2,2,2
79,-8385.052,-8780.941,-98.852,1.334,0.999627,-0.023287,0.014297,0.023115,0.999660,0.012066,-0.014573,-0.011731,0.999825,0,0.90281,-0.86136,54.169,-1.723,-1,400.000,-1,400.000,-1,325.000,325.000,300.000,300.000,-1,-1,-1,-1,-1,-1,-1,-1,2,0,2,0,2,0,0,0,0,2,2,2,2,2,2,2,2
80,-8330.448,-8781.307,-99.644,-0.385,0.999873,0.006712,0.014468,-0.006892,0.999899,0.012429,-0.014383,-0.012527,0.999818,0,0.91009,-0.85952,54.605,-1.719,-1,400.000,-1,400.000,-1,325.000,325.000,300.000,300.000,-1,-1,-1,-1,-1,-1,-1,-1,2,0,2,0,2,0,0,0,0,2,2,2,2,2,2,2,2
81,-8275.441,-8783.323,-100.423,-2.099,0.999222,0.036623,0.014629,-0.036811,0.999241,0.012752,-0.014151,-0.013281,0.999812,0,0.91740,-0.85721,55.044,-1.714,-1,400.000,-1,400.000,-1,325.000,325.000,300.000,300.000,-1,-1,-1,-1,-1,-1,-1,-1,2,0,2,0,2,0,0,0,0,2,2,2,2,2,2,2,2
82,-8220.081,-8787.007,-101.187,-3.808,0.997683,0.066403,0.014779,-0.066597,0.997695,0.013034,-0.013879,-0.013988,0.999806,0,0.92471,-0.85439,55.483,-1.709,-1,400.000,-1,400.000,-1,325.000,325.000,300.000,300.000,-1,-1,-1,-1,-1,-1,-1,-1,2,1,2,0,2,0,0,0,0,2,2,2,2,2,2,2,2
83,-8164.420,-8792.377,-101.932,-5.510,0.995269,0.096006,0.014912,-0.096205,0.995273,0.013274,-0.013568,-0.014646,0.999801,0,0.93199,-0.85101,55.920,-1.702,-1,825.000,-1,-1,-1,325.000,325.000,300.000,300.000,-1,-1,-1,-1,-1,-1,-1,-1,2,1,2,2,2,1,0,0,0,2,2,2,2,2,2,2,2
84,-8108.512,-8799.443,-102.657,-7.204,0.991994,0.125386,0.015028,-0.125590,0.991991,0.013469,-0.013219,-0.015249,0.999796,0,0.93921,-0.84704,56.353,-1.694,-1,-1,-1,-1,-1,-1,-1,300.000,300.000,-1,-1,-1,-1,-1,-1,-1,-1,2,2,2,2,2,2,2,0,0,2,2,2,2,2,2,2,2
85,-8052.415,-8808.216,-103.359,-8.889,0.987878,0.154497,0.015123,-0.154704,0.987867,0.013619,-0.012835,-0.015793,0.999793,0,0.94631,-0.84241,56.778,-1.685,-1,-1,-1,-1,-1,-1,-1,300.000,300.000,-1,-1,-1,-1,-1,-1,-1,-1,2,2,2,2,2,2,2,0,0,2,2,2,2,2,2,2,2
86,-7996.190,-8818.701,-104.035,-10.563,0.982942,0.183290,0.015193,-0.183499,0.982924,0.013722,-0.012418,-0.016276,0.999790,0,0.95323,-0.83706,57.194,-1.674,-1,-1,-1,-1,-1,-1,-1,300.000,300.000,-1,-1,-1,-1,-1,-1,-1,-1,2,2,2,2,2,2,2,0,0,2,2,2,2,2,2,2,2
87,-7939.901,-8830.896,-104.683,-12.225,0.977212,0.211716,0.015233,-0.211926,0.977188,0.013785,-0.011967,-0.016699,0.999789,0,0.95992,-0.83092,57.595,-1.662,-1,-1,-1,-1,-1,-1,-1,300.000,300.000,-1,-1,-1,-1,-1,-1,-1,-1,2,2,2,2,2,2,2,0,0,2,2,2,2,2,2,2,2
88,-7883.614,-8844.790,-109.247,-13.872,0.970351,0.239629,0.031581,-0.240476,0.970294,0.026478,-0.024298,-0.033287,0.999150,0,0.96627,-0.82389,57.976,-1.648,-1,-1,-1,-1,-1,-1,-1,275.000,325.000,-1,-1,-1,-1,-1,-1,-1,-1,2,2,2,2,2,2,2,0,0,2,2,2,2,2,2,2,2
89,-7827.398,-8860.363,-116.442,-15.504,0.961883,0.266815,0.059931,-0.269691,0.961829,0.046398,-0.045264,-0.060793,0.997124,0,0.97218,-0.81587,58.331,-1.632,-1,-1,-1,900.000,-1,-1,1000.000,225.000,350.000,-1,-1,-1,-1,-1,-1,-1,-1,2,2,2,1,2,2,1,0,0,2,2,2,2,2,2,2,2
90,-7771.331,-8877.596,-125.473,-17.118,0.951398,0.293231,0.094115,-0.299521,0.952114,0.061361,-0.071616,-0.086568,0.993669,0,0.97752,-0.80674,58.651,-1.613,-1,-1,-1,800.000,-1,975.000,825.000,150.000,350.000,-1,-1,-1,-1,-1,-1,-1,-1,2,2,2,1,2,1,1,0,0,2,2,2,2,2,2,2,2
91,-6231.351,1639.835,-177.860,-41.518,0.749174,0.662344,-0.006286,-0.661843,0.748161,-0.047111,-0.026501,0.039454,0.998870,1,0.00000,0.00000,58.927,-1.593,-1,400.000,-1,400.000,-1,325.000,325.000,300.000,300.000,-1,-1,-1,-1,725.000,725.000,-1,-1,2,0,2,0,2,0,0,0,0,2,2,2,2,0,0,2,2
92,-6227.743,1636.669,-177.964,-41.278,0.751940,0.659202,-0.006210,-0.658702,0.750926,-0.047127,-0.026403,0.039527,0.998870,0,0.08000,0.12000,4.800,0.240,-1,400.000,-1,400.000,-1,325.000,325.000,300.000,300.000,-1,-1,-1,-1,725.000,725.000,-1,-1,2,0,2,0,2,0,0,0,0,2,2,2,2,0,0,2,2
93,-6220.476,1630.396,-178.169,-40.798,0.757433,0.652884,-0.006060,-0.652386,0.756418,-0.047156,-0.026203,0.039671,0.998869,0,0.16000,0.24000,9.600,0.480,-1,400.000,-1,400.000,-1,325.000,325.000,300.000,300.000,-1,-1,-1,-1,725.000,725.000,-1,-1,2,0,2,0,2,0,0,0,0,2,2,2,2,0,0,2,2
94,-6209.458,1621.125,-178.470,-40.078,0.765573,0.643322,-0.005844,-0.642828,0.764556,-0.047189,-0.025890,0.039883,0.998869,0,0.24000,0.36000,14.400,0.720,-1,400.000,-1,400.000,-1,325.000,325.000,300.000,300.000,-1,-1,-1,-1,725.000,725.000,-1,-1,2,0,2,0,2,0,0,0,0,2,2,2,2,0,0,2,2
95,-6194.561,1609.012,-178.909,-39.118,0.776240,0.630411,-0.005794,-0.629929,0.775213,-0.047264,-0.025304,0.040338,0.998866,0,0.32000,0.48000,19.200,0.960,-1,400.000,-1,400.000,-1,325.000,325.000,300.000,300.000,-1,-1,-1,-1,725.000,725.000,-1,-1,2,0,2,0,2,0,0,0,0,2,2,2,2,0,0,2,2
96,-6175.628,1594.263,-179.436,-37.918,0.789267,0.614024,-0.005743,-0.613560,0.788228,-0.047341,-0.024542,0.040888,0.998862,0,0.40000,0.60000,24.000,1.200,-1,375.000,-1,400.000,-1,325.000,325.000,300.000,300.000,-1,-1,-1,-1,725.000,725.000,-1,-1,2,0,2,0,2,0,0,0,0,2,2,2,2,0,0,2,2
97,-6152.470,1577.142,-180.038,-36.478,0.804440,0.594006,-0.005699,-0.593565,0.803388,-0.047408,-0.023582,0.041519,0.998859,0,0.48000,0.72000,28.800,1.440,-1,375.000,-1,400.000,-1,325.000,325.000,300.000,300.000,-1,-1,-1,-1,725.000,725.000,-1,-1,2,0,2,0,2,0,0,0,0,2,2,2,2,0,0,2,2
98,-6124.879,1557.967,-180.700,-34.798,0.821500,0.570181,-0.005672,-0.569769,0.820434,-0.047454,-0.022404,0.042216,0.998857,0,0.56000,0.84000,33.600,1.680,-1,375.000,-1,375.000,-1,325.000,325.000,300.000,300.000,-1,-1,-1,-1,725.000,725.000,-1,-1,2,0,2,0,2,0,0,0,0,2,2,2,2,0,0,2,2
99,-6092.665,1537.067,-181.455,-32.975,0.839212,0.543774,-0.005704,-0.543402,0.838143,-0.047225,-0.020899,0.042732,0.998868,0,0.64000,0.91174,38.400,1.823,-1,375.000,-1,375.000,-1,325.000,325.000,300.000,300.000,-1,-1,-1,-1,725.000,700.000,-1,-1,2,0,2,0,2,0,0,0,0,2,2,2,2,0,0,2,2
100,-6057.245,1515.661,-182.220,-31.148,0.856105,0.516769,-0.005805,-0.516442,0.855035,-0.046928,-0.019288,0.043173,0.998881,0,0.68977,0.91339,41.386,1.827,-1,375.000,-1,375.000,-1,325.000,325.000,300.000,300.000,-1,-1,-1,-1,700.000,700.000,-1,-1,2,0,2,0,2,0,0,0,0,2,2,2,2,0,0,2,2
101,-6021.492,1495.584,-182.919,-29.316,0.872174,0.489159,-0.005966,-0.488878,0.871105,-0.046630,-0.017612,0.043587,0.998894,0,0.68342,0.91610,41.005,1.832,-1,375.000,-1,375.000,-1,325.000,325.000,300.000,300.000,-1,-1,-1,-1,700.000,700.000,-1,-1,2,0,2,0,2,0,0,0,0,2,2,2,2,0,0,2,2
102,-5985.440,1476.836,-183.549,-27.477,0.887406,0.460946,-0.006211,-0.460715,0.886337,-0.046351,-0.015860,0.043993,0.998906,0,0.67726,0.91943,40.636,1.839,-1,375.000,-1,375.000,-1,325.000,325.000,300.000,325.000,-1,-1,-1,-1,700.000,700.000,-1,-1,2,0,2,0,2,0,0,0,0,2,2,2,2,0,0,2,2
103,-5949.119,1459.411,-184.061,-25.630,0.901785,0.432133,-0.006774,-0.431963,0.900706,-0.046216,-0.013870,0.044603,0.998909,0,0.67143,0.92335,40.286,1.847,-1,375.000,-1,375.000,-1,300.000,300.000,325.000,300.000,-1,-1,-1,-1,725.000,675.000,-1,-1,2,0,2,0,2,0,0,0,0,2,2,2,2,0,0,2,2
104,-5912.550,1443.302,-184.512,-23.775,0.915290,0.402729,-0.007375,-0.402622,0.914204,-0.046121,-0.011832,0.045183,0.998909,0,0.66601,0.92784,39.960,1.856,-1,375.000,-1,375.000,-1,300.000,300.000,325.000,300.000,-1,-1,-1,-1,725.000,675.000,-1,-1,2,0,2,0,2,0,0,0,0,2,2,2,2,0,0,2,2
105,-5875.749,1428.502,-184.904,-21.909,0.927901,0.372741,-0.008006,-0.372700,0.926808,-0.046070,-0.009752,0.045733,0.998906,0,0.66110,0.93288,39.666,1.866,-1,375.000,-1,375.000,-1,300.000,300.000,325.000,300.000,-1,-1,-1,-1,725.000,675.000,-1,-1,2,0,2,0,2,0,0,0,0,2,2,2,2,0,0,2,2
106,-5838.726,1415.004,-185.227,-20.032,0.939595,0.342179,-0.008611,-0.342201,0.938498,-0.046040,-0.007673,0.046205,0.998902,0,0.65678,0.93845,39.407,1.877,-1,375.000,-1,375.000,-1,300.000,300.000,325.000,300.000,-1,-1,-1,-1,725.000,675.000,-1,-1,2,0,2,0,2,0,0,0,0,2,2,2,2,0,0,2,2
107,-5801.489,1402.802,-185.415,-18.143,0.950349,0.311054,-0.009036,-0.311134,0.949261,-0.045811,-0.005672,0.046348,0.998909,0,0.65310,0.94452,39.186,1.889,975.000,375.000,-1,375.000,-1,300.000,300.000,325.000,300.000,-1,-1,-1,-1,725.000,675.000,-1,-1,1,0,2,0,2,0,0,0,0,2,2,2,2,0,0,2,2
108,-5764.038,1391.893,-185.392,-16.241,0.960132,0.279380,-0.009681,-0.279529,0.959084,-0.044956,-0.003275,0.045869,0.998942,0,0.65013,0.95108,39.008,1.902,875.000,375.000,-1,375.000,-1,300.000,300.000,325.000,300.000,-1,-1,-1,-1,725.000,675.000,-1,-1,1,0,2,0,2,0,0,1,0,2,2,2,2,0,0,2,2
109,-5721.641,1380.866,-185.301,-14.579,0.967814,0.251451,-0.010417,-0.251664,0.966813,-0.044020,-0.000998,0.045225,0.998976,0,0.73013,0.83108,43.808,1.662,800.000,375.000,-1,375.000,-1,325.000,300.000,300.000,300.000,-1,-1,-1,-1,725.000,675.000,-1,-1,1,0,2,0,2,0,0,1,0,2,2,2,2,0,0,2,2
110,-5674.310,1369.802,-185.135,-13.156,0.973740,0.227386,-0.011246,-0.227661,0.972791,-0.042999,0.001163,0.044431,0.999012,0,0.81013,0.71108,48.608,1.422,775.000,375.000,-1,375.000,-1,325.000,300.000,300.000,300.000,-1,-1,-1,-1,725.000,675.000,-1,-1,1,0,2,0,2,0,0,1,0,2,2,2,2,0,0,2,2
111,-5622.064,1358.721,-184.890,-11.974,0.978207,0.207276,-0.012172,-0.207608,0.977315,-0.041889,0.003214,0.043503,0.999048,0,0.89013,0.59108,53.408,1.182,725.000,400.000,-1,375.000,-1,325.000,300.000,275.000,300.000,-1,-1,-1,-1,725.000,675.000,-1,-1,1,0,2,0,2,0,0,1,0,2,2,2,2,0,0,2,2
112,-5568.354,1348.249,-184.583,-11.032,0.981466,0.191186,-0.013135,-0.191569,0.980633,-0.040757,0.005089,0.042517,0.999083,0,0.91204,0.47108,54.722,0.942,725.000,400.000,-1,375.000,-1,325.000,300.000,275.000,300.000,-1,-1,-1,-1,725.000,675.000,-1,-1,1,0,2,0,2,0,0,1,0,2,2,2,2,0,0,2,2
113,-5514.587,1338.449,-184.232,-10.330,0.983718,0.179162,-0.014112,-0.179589,0.982943,-0.039625,0.006772,0.041514,0.999115,0,0.91088,0.35108,54.653,0.702,700.000,400.000,-1,375.000,-1,325.000,300.000,250.000,300.000,-1,-1,-1,-1,725.000,675.000,-1,-1,1,0,2,0,2,0,0,1,0,2,2,2,2,0,0,2,2
114,-5460.811,1329.094,-183.846,-9.868,0.985115,0.171234,-0.015102,-0.171700,0.984397,-0.038489,0.008276,0.040509,0.999145,0,0.90973,0.23108,54.584,0.462,700.000,375.000,-1,375.000,-1,325.000,300.000,250.000,300.000,-1,925.000,-1,-1,725.000,675.000,-1,-1,1,0,2,0,2,0,0,1,0,2,0,2,2,0,0,2,2
115,-5407.079,1319.962,-183.434,-9.646,0.985754,0.167423,-0.016109,-0.167921,0.985093,-0.037341,0.009617,0.039514,0.999173,0,0.90838,0.11108,54.503,0.222,725.000,375.000,-1,375.000,-1,325.000,300.000,250.000,300.000,-1,825.000,925.000,-1,725.000,675.000,-1,-1,1,0,2,0,2,0,0,1,0,2,0,0,2,0,0,2,2
116,-5353.453,1310.830,-183.015,-9.663,0.985683,0.167736,-0.017162,-0.168263,0.985080,-0.036121,0.010847,0.038492,0.999200,0,0.90663,-0.00892,54.398,-0.018,725.000,375.000,-1,375.000,-1,325.000,300.000,250.000,300.000,-1,750.000,850.000,-1,725.000,675.000,-1,-1,1,0,2,0,2,0,0,1,0,2,0,0,2,0,0,2,2
117,-5300.005,1301.481,-182.573,-9.921,0.984899,0.172173,-0.018198,-0.172723,0.984350,-0.034940,0.011897,0.037556,0.999224,0,0.90433,-0.12892,54.260,-0.258,775.000,375.000,-1,375.000,-1,300.000,300.000,225.000,300.000,-1,675.000,800.000,-1,725.000,675.000,-1,-1,1,0,2,0,2,0,0,1,0,2,0,0,2,0,0,2,2
118,-5246.779,1291.892,-181.874,-10.213,0.983980,0.177189,-0.019677,-0.177788,0.983457,-0.034693,0.013204,0.037636,0.999204,0,0.90138,-0.14605,54.083,-0.292,-1,375.000,-1,375.000,-1,300.000,300.000,225.000,300.000,-1,650.000,750.000,-1,725.000,675.000,-1,-1,2,0,2,0,2,0,0,1,0,2,0,0,2,0,0,2,2
119,-5193.788,1282.088,-181.036,-10.481,0.983111,0.181785,-0.021120,-0.182432,0.982618,-0.034367,0.014505,0.037639,0.999186,0,0.89816,-0.13395,53.889,-0.268,-1,375.000,-1,375.000,-1,300.000,300.000,225.000,300.000,-1,625.000,725.000,-1,725.000,675.000,-1,-1,2,0,2,0,2,0,0,1,0,2,0,0,2,0,0,2,2
120,-5141.572,1272.402,-179.979,-10.509,0.982993,0.182269,-0.022437,-0.182948,0.982561,-0.033221,0.015991,0.036761,0.999196,0,0.88511,-0.01395,53.107,-0.028,-1,375.000,-1,375.000,-1,325.000,300.000,225.000,300.000,-1,600.000,700.000,-1,725.000,700.000,-1,-1,2,0,2,0,2,0,0,1,0,2,0,0,2,0,0,2,2
121,-5089.505,1262.795,-178.910,-10.453,0.983138,0.181319,-0.023717,-0.182026,0.982770,-0.032089,0.017490,0.035865,0.999204,0,0.88244,0.02787,52.947,0.056,-1,375.000,-1,375.000,-1,325.000,300.000,250.000,300.000,-1,600.000,700.000,-1,750.000,700.000,-1,-1,2,0,2,0,2,0,0,1,0,2,0,0,2,0,0,2,2
122,-5037.559,1253.284,-177.826,-10.376,0.983351,0.179993,-0.024964,-0.180724,0.983046,-0.030970,0.018966,0.034966,0.999209,0,0.88016,0.03882,52.809,0.078,-1,375.000,-1,375.000,-1,325.000,300.000,250.000,300.000,-1,600.000,675.000,-1,750.000,700.000,-1,-1,2,0,2,0,2,0,0,1,0,2,0,0,2,0,0,2,2
123,-4985.711,1243.883,-176.725,-10.277,0.983628,0.178301,-0.026179,-0.179052,0.983386,-0.029867,0.020419,0.034065,0.999211,0,0.87821,0.04947,52.693,0.099,-1,400.000,-1,375.000,-1,325.000,325.000,250.000,300.000,-1,600.000,675.000,-1,750.000,725.000,-1,-1,2,0,2,0,2,0,0,1,0,2,0,0,2,0,0,2,2
124,-4933.933,1234.606,-175.607,-10.157,0.983965,0.176253,-0.027363,-0.177021,0.983786,-0.028779,0.021847,0.033161,0.999211,0,0.87671,0.05982,52.602,0.120,-1,400.000,-1,375.000,-1,325.000,325.000,250.000,300.000,-1,600.000,675.000,-1,775.000,725.000,-1,-1,2,0,2,0,2,0,0,1,0,2,0,0,2,0,0,2,2
125,-4882.192,1225.466,-174.470,-10.017,0.984358,0.173857,-0.028518,-0.174639,0.984243,-0.027706,0.023252,0.032253,0.999209,0,0.87571,0.06990,52.543,0.140,-1,400.000,-1,375.000,-1,325.000,325.000,250.000,300.000,-1,575.000,675.000,-1,775.000,750.000,-1,-1,2,0,2,0,2,0,0,1,0,2,0,0,2,0,0,2,2
126,-4830.449,1216.474,-173.314,-9.858,0.984804,0.171123,-0.029644,-0.171916,0.984751,-0.026648,0.024632,0.031339,0.999205,0,0.87530,0.07970,52.518,0.159,-1,400.000,-1,375.000,-1,325.000,325.000,250.000,300.000,-1,600.000,675.000,-1,775.000,750.000,-1,-1,2,0,2,0,2,0,0,1,0,2,0,0,2,0,0,2,2
127,-4779.014,1207.681,-172.146,-9.701,0.985235,0.168426,-0.030737,-0.169226,0.985244,-0.025609,0.025970,0.030433,0.999199,0,0.86970,0.07860,52.182,0.157,-1,400.000,-1,400.000,-1,325.000,325.000,250.000,300.000,-1,600.000,675.000,-1,800.000,750.000,-1,-1,2,0,2,0,2,0,0,1,0,2,0,0,2,0,0,2,2
128,-4727.884,1199.080,-170.966,-9.548,0.985646,0.165805,-0.031797,-0.166610,0.985716,-0.024589,0.027266,0.029534,0.999192,0,0.86413,0.07631,51.848,0.153,-1,400.000,-1,400.000,-1,325.000,325.000,250.000,300.000,-1,600.000,675.000,-1,800.000,775.000,-1,-1,2,0,2,0,2,0,0,1,0,2,0,0,2,0,0,2,2
129,-4677.032,1190.661,-169.775,-9.401,0.986035,0.163273,-0.032827,-0.164080,0.986165,-0.023586,0.028522,0.028643,0.999183,0,0.85907,0.07370,51.544,0.147,-1,400.000,-1,400.000,-1,325.000,325.000,275.000,300.000,-1,575.000,675.000,-1,800.000,775.000,-1,-1,2,0,2,0,2,0,0,1,0,2,0,0,2,0,0,2,2
130,-4626.427,1182.411,-168.491,-9.259,0.986408,0.160839,-0.033604,-0.161649,0.986581,-0.022966,0.029460,0.028086,0.999171,0,0.85455,0.07077,51.273,0.142,-1,400.000,-1,400.000,-1,325.000,325.000,275.000,300.000,700.000,575.000,675.000,-1,825.000,775.000,-1,-1,2,0,2,0,2,0,0,1,0,1,0,0,2,0,0,2,2
131,-4576.038,1174.318,-167.188,-9.124,0.986783,0.158514,-0.033641,-0.159311,0.986972,-0.022493,0.029638,0.027556,0.999181,0,0.85058,0.06756,51.035,0.135,-1,400.000,-1,400.000,-1,325.000,325.000,275.000,300.000,625.000,625.000,725.000,-1,850.000,800.000,-1,-1,2,0,2,0,2,0,0,1,0,1,0,0,2,0,0,2,2
132,-4521.405,1165.671,-165.738,-8.993,0.987161,0.156261,-0.033089,-0.157027,0.987350,-0.021974,0.029237,0.026888,0.999211,0,0.92188,0.06548,55.313,0.131,-1,400.000,-1,400.000,-1,325.000,325.000,275.000,300.000,575.000,700.000,800.000,-1,850.000,800.000,-1,-1,2,0,2,0,2,0,0,1,0,1,0,0,2,0,0,2,2
133,-4464.629,1157.062,-164.303,-8.622,0.988183,0.149867,-0.032159,-0.150603,0.988354,-0.021816,0.028515,0.026401,0.999245,0,0.95708,0.18548,57.425,0.371,-1,400.000,-1,400.000,-1,325.000,325.000,275.000,300.000,575.000,800.000,875.000,-1,875.000,825.000,-1,-1,2,0,2,0,2,0,0,1,0,1,0,0,2,0,0,2,2
134,-4408.114,1149.107,-162.860,-8.011,0.989755,0.139322,-0.031213,-0.140027,0.989911,-0.021670,0.027879,0.025819,0.999278,0,0.95121,0.30548,57.073,0.611,-1,400.000,-1,400.000,-1,325.000,325.000,275.000,300.000,575.000,900.000,1000.000,-1,875.000,825.000,-1,-1,2,0,2,0,2,0,0,1,0,1,0,0,2,0,0,2,2
135,-4351.802,1142.033,-161.402,-7.160,0.991745,0.124607,-0.030251,-0.125282,0.991888,-0.021525,0.027324,0.025138,0.999311,0,0.94590,0.42548,56.754,0.851,-1,400.000,-1,400.000,-1,325.000,325.000,275.000,300.000,575.000,1000.000,-1,-1,875.000,825.000,-1,-1,2,0,2,0,2,0,0,1,0,1,0,2,2,0,0,2,2
136,-4295.645,1136.062,-159.923,-6.069,0.993967,0.105701,-0.029273,-0.106345,0.994100,-0.021370,0.026841,0.024354,0.999343,0,0.94122,0.54548,56.473,1.091,-1,400.000,-1,400.000,-1,325.000,325.000,275.000,300.000,600.000,-1,-1,-1,900.000,850.000,-1,-1,2,0,2,0,2,0,0,1,0,1,2,2,2,0,0,2,2
137,-4239.605,1131.416,-158.417,-4.738,0.996183,0.082584,-0.028279,-0.083196,0.996308,-0.021190,0.026424,0.023462,0.999375,0,0.93721,0.66548,56.232,1.331,-1,400.000,-1,400.000,-1,325.000,325.000,300.000,300.000,625.000,-1,-1,-1,900.000,850.000,-1,-1,2,0,2,0,2,0,0,1,0,1,2,2,2,0,0,2,2
