timestep,x_cm,y_cm,z_cm,yaw_deg,basis_xx,basis_xy,basis_xz,basis_yx,basis_yy,basis_yz,basis_zx,basis_zy,basis_zz,teleport_flag,throttle_cmd,steering_cmd,cmd_move_cm,cmd_turn_deg,lidar_cm_0,lidar_cm_1,lidar_cm_2,lidar_cm_3,lidar_cm_4,lidar_cm_5,lidar_cm_6,lidar_cm_7,lidar_cm_8,lidar_cm_9,lidar_cm_10,lidar_cm_11,lidar_cm_12,lidar_cm_13,lidar_cm_14,lidar_cm_15,lidar_cm_16,lidar_class_0,lidar_class_1,lidar_class_2,lidar_class_3,lidar_class_4,lidar_class_5,lidar_class_6,lidar_class_7,lidar_class_8,lidar_class_9,lidar_class_10,lidar_class_11,lidar_class_12,lidar_class_13,lidar_class_14,lidar_class_15,lidar_class_16
0,6889.538,-1644.072,114.691,-62.101,0.467274,0.883616,-0.029610,-0.883689,0.467825,0.015284,0.027357,0.019024,0.999445,1,0.08000,0.12000,4.800,0.240,-1,400.000,-1,400.000,-1,325.000,325.000,300.000,300.000,-1,-1,-1,-1,825.000,800.000,-1,-1,2,0,2,0,2,0,0,0,0,2,2,2,2,0,0,2,2
1,6894.100,-1652.518,114.947,-61.621,0.474666,0.879670,-0.029533,-0.879740,0.475213,0.015191,0.027398,0.018770,0.999448,0,0.16000,0.24000,9.600,0.480,-1,400.000,-1,400.000,-1,325.000,325.000,300.000,300.000,-1,-1,-1,-1,825.000,800.000,-1,-1,2,0,2,0,2,0,0,0,0,2,2,2,2,0,0,2,2
2,6901.103,-1665.101,115.334,-60.901,0.485691,0.873636,-0.029413,-0.873699,0.486233,0.015052,0.027451,0.018388,0.999454,0,0.24000,0.36000,14.400,0.720,-1,400.000,-1,400.000,-1,325.000,325.000,300.000,300.000,-1,-1,-1,-1,825.000,800.000,-1,-1,2,0,2,0,2,0,0,0,0,2,2,2,2,0,0,2,2
3,6910.720,-1681.718,115.855,-59.941,0.500272,0.865375,-0.029245,-0.865431,0.500807,0.014865,0.027510,0.017873,0.999462,0,0.32000,0.48000,19.200,0.960,-1,400.000,-1,400.000,-1,325.000,325.000,300.000,300.000,-1,-1,-1,-1,825.000,800.000,-1,-1,2,0,2,0,2,0,0,0,0,2,2,2,2,0,0,2,2
4,6923.174,-1702.235,116.513,-58.741,0.518300,0.854706,-0.029024,-0.854755,0.518826,0.014632,0.027565,0.017225,0.999472,0,0.40000,0.60000,24.000,1.200,-1,400.000,-1,400.000,-1,325.000,325.000,300.000,300.000,-1,-1,-1,-1,825.000,800.000,-1,-1,2,0,2,0,2,0,0,0,0,2,2,2,2,0,0,2,2
5,6938.732,-1726.470,117.287,-57.301,0.539633,0.841408,-0.028779,-0.841450,0.540147,0.014238,0.027525,0.016533,0.999484,0,0.48000,0.72000,28.800,1.440,-1,400.000,-1,400.000,-1,325.000,325.000,300.000,300.000,-1,-1,-1,-1,825.000,800.000,-1,-1,2,0,2,0,2,0,0,0,0,2,2,2,2,0,0,2,2
6,6957.654,-1754.235,118.192,-55.724,0.562607,0.826234,-0.028469,-0.826271,0.563105,0.013729,0.027374,0.015799,0.999500,0,0.56000,0.78851,33.600,1.577,-1,400.000,-1,400.000,-1,325.000,325.000,300.000,300.000,-1,-1,-1,-1,825.000,800.000,-1,-1,2,0,2,0,2,0,0,0,0,2,2,2,2,0,0,2,2
7,6980.148,-1785.357,119.205,-54.142,0.585229,0.810378,-0.028185,-0.810413,0.585712,0.013133,0.027151,0.015156,0.999516,0,0.64000,0.79117,38.400,1.582,-1,400.000,-1,400.000,-1,325.000,325.000,300.000,300.000,-1,-1,-1,-1,825.000,825.000,-1,-1,2,0,2,0,2,0,0,0,0,2,2,2,2,0,0,2,2
8,7006.414,-1819.655,120.333,-52.553,0.607492,0.793836,-0.027878,-0.793873,0.607957,0.012435,0.026820,0.014578,0.999534,0,0.72000,0.79427,43.200,1.589,-1,400.000,-1,400.000,-1,325.000,325.000,300.000,300.000,-1,-1,-1,-1,850.000,825.000,-1,-1,2,0,2,0,2,0,0,0,0,2,2,2,2,0,0,2,2
9,7035.149,-1855.085,121.522,-50.958,0.629386,0.776606,-0.027519,-0.776645,0.629831,0.011662,0.026389,0.014033,0.999553,0,0.76030,0.79782,45.618,1.596,-1,400.000,-1,400.000,-1,325.000,325.000,300.000,300.000,-1,-1,-1,-1,850.000,825.000,-1,-1,2,0,2,0,2,0,0,0,0,2,2,2,2,0,0,2,2
10,7064.955,-1889.806,122.709,-49.355,0.650892,0.758685,-0.027128,-0.758728,0.651317,0.010851,0.025901,0.013520,0.999573,0,0.76267,0.80162,45.760,1.603,-1,400.000,-1,400.000,-1,325.000,325.000,300.000,300.000,-1,-1,-1,-1,850.000,825.000,-1,-1,2,0,2,0,2,0,0,0,0,2,2,2,2,0,0,2,2
11,7095.830,-1923.788,123.898,-47.744,0.671989,0.740080,-0.026699,-0.740127,0.672393,0.010019,0.025367,0.013028,0.999593,0,0.76522,0.80548,45.913,1.611,-1,400.000,-1,400.000,-1,325.000,325.000,300.000,300.000,-1,-1,-1,-1,850.000,850.000,-1,-1,2,0,2,0,2,0,0,0,0,2,2,2,2,0,0,2,2
12,7127.765,-1957.003,125.070,-46.125,0.692653,0.720794,-0.026236,-0.720847,0.693035,0.009090,0.024735,0.012616,0.999614,0,0.76794,0.80940,46.076,1.619,-1,400.000,-1,400.000,-1,325.000,325.000,300.000,300.000,-1,-1,-1,-1,825.000,850.000,-1,-1,2,0,2,0,2,0,0,0,0,2,2,2,2,0,0,2,2
13,7160.752,-1989.417,126.217,-44.498,0.712863,0.700832,-0.025694,-0.700893,0.713221,0.008073,0.023983,0.012254,0.999637,0,0.77080,0.81337,46.248,1.627,-1,400.000,-1,400.000,-1,325.000,325.000,300.000,300.000,-1,-1,-1,-1,825.000,850.000,-1,-1,2,0,2,0,2,0,0,0,0,2,2,2,2,0,0,2,2
14,7194.782,-2020.999,127.348,-42.863,0.732594,0.680202,-0.025109,-0.680272,0.732927,0.006969,0.023143,0.011975,0.999660,0,0.77379,0.81739,46.427,1.635,-1,400.000,-1,400.000,-1,325.000,325.000,300.000,300.000,-1,-1,-1,-1,825.000,850.000,-1,-1,2,0,2,0,2,0,0,0,0,2,2,2,2,0,0,2,2
15,7229.844,-2051.716,128.463,-41.220,0.751822,0.658911,-0.024473,-0.658991,0.752128,0.005783,0.022217,0.011780,0.999684,0,0.77689,0.82145,46.613,1.643,-1,400.000,-1,400.000,-1,325.000,325.000,300.000,300.000,-1,-1,-1,-1,825.000,875.000,-1,-1,2,0,2,0,2,0,0,0,0,2,2,2,2,0,0,2,2
16,7265.923,-2081.531,129.483,-39.569,0.770522,0.636970,-0.023775,-0.637052,0.770805,0.004924,0.021463,0.011352,0.999705,0,0.78008,0.82554,46.805,1.651,-1,400.000,-1,400.000,-1,325.000,325.000,300.000,300.000,-1,-1,-1,-1,825.000,875.000,-1,-1,2,0,2,0,2,0,0,0,0,2,2,2,2,0,0,2,2
17,7303.006,-2110.409,130.464,-37.910,0.788668,0.614385,-0.023108,-0.614470,0.788930,0.004027,0.020704,0.011023,0.999725,0,0.78335,0.82968,47.001,1.659,-1,400.000,-1,400.000,-1,325.000,325.000,300.000,300.000,-1,-1,-1,-1,825.000,875.000,-1,-1,2,0,2,0,2,0,0,0,0,2,2,2,2,0,0,2,2
18,7341.074,-2138.314,131.391,-36.242,0.806235,0.591166,-0.022556,-0.591258,0.806477,0.003040,0.019988,0.010885,0.999741,0,0.78668,0.83384,47.201,1.668,-1,400.000,-1,400.000,-1,325.000,325.000,300.000,300.000,-1,-1,-1,-1,825.000,875.000,-1,-1,2,0,2,0,2,0,0,0,0,2,2,2,2,0,0,2,2
19,7380.109,-2165.209,132.291,-34.566,0.823200,0.567325,-0.021993,-0.567425,0.823423,0.001995,0.019241,0.010838,0.999756,0,0.79005,0.83803,47.403,1.676,-1,400.000,-1,425.000,-1,325.000,325.000,300.000,300.000,-1,-1,-1,-1,800.000,875.000,-1,-1,2,0,2,0,2,0,0,0,0,2,2,2,2,0,0,2,2
20,7420.090,-2191.055,133.163,-32.882,0.839541,0.542874,-0.021416,-0.542983,0.839743,0.000882,0.018463,0.010888,0.999770,0,0.79347,0.84224,47.608,1.684,-1,400.000,-1,425.000,-1,325.000,325.000,300.000,300.000,-1,-1,-1,-1,800.000,900.000,-1,-1,2,0,2,0,2,0,0,0,0,2,2,2,2,0,0,2,2
21,7460.976,-2215.807,134.005,-31.190,0.855224,0.517840,-0.020819,-0.517958,0.855406,-0.000304,0.017651,0.011043,0.999783,0,0.79658,0.84607,47.795,1.692,-1,400.000,-1,425.000,-1,325.000,325.000,300.000,300.000,-1,-1,-1,-1,800.000,900.000,-1,-1,2,0,2,0,2,0,0,0,0,2,2,2,2,0,0,2,2
22,7502.576,-2239.340,134.821,-29.497,0.870161,0.492353,-0.020204,-0.492480,0.870322,-0.001519,0.016836,0.011272,0.999795,0,0.79658,0.84607,47.795,1.692,-1,400.000,-1,425.000,-1,325.000,325.000,300.000,300.000,-1,-1,-1,-1,800.000,900.000,-1,-1,2,0,2,0,2,0,0,0,0,2,2,2,2,0,0,2,2
23,7544.852,-2261.635,135.615,-27.805,0.884338,0.466437,-0.019567,-0.466573,0.884479,-0.002756,0.016021,0.011567,0.999805,0,0.79658,0.84607,47.795,1.692,-1,400.000,-1,425.000,-1,325.000,325.000,300.000,300.000,-1,-1,-1,-1,775.000,900.000,-1,-1,2,0,2,0,2,0,0,0,0,2,2,2,2,0,0,2,2
24,7587.768,-2282.671,136.372,-26.113,0.897741,0.440114,-0.018971,-0.440258,0.897862,-0.004037,0.015257,0.011976,0.999812,0,0.79658,0.84607,47.795,1.692,-1,400.000,-1,425.000,-1,325.000,325.000,300.000,300.000,-1,-1,-1,-1,775.000,900.000,-1,-1,2,0,2,0,2,0,0,0,0,2,2,2,2,0,0,2,2
25,7631.286,-2302.431,137.096,-24.421,0.910360,0.413406,-0.018415,-0.413560,0.910461,-0.005359,0.014550,0.012494,0.999816,0,0.79658,0.84607,47.795,1.692,-1,400.000,-1,425.000,-1,325.000,325.000,300.000,300.000,-1,-1,-1,-1,775.000,900.000,-1,-1,2,0,2,0,2,0,0,0,0,2,2,2,2,0,0,2,2
26,7670.872,-2319.209,137.720,-22.969,0.920556,0.390198,-0.017948,-0.390361,0.920638,-0.006583,0.013955,0.013066,0.999817,0,0.71658,0.72607,42.995,1.452,-1,400.000,-1,425.000,-1,325.000,325.000,300.000,300.000,-1,-1,-1,-1,775.000,900.000,-1,-1,2,0,2,0,2,0,0,0,0,2,2,2,2,0,0,2,2
27,7706.346,-2333.366,138.253,-21.757,0.928614,0.370632,-0.017559,-0.370804,0.928679,-0.007697,0.013454,0.013658,0.999816,0,0.63658,0.60607,38.195,1.212,-1,400.000,-1,425.000,-1,325.000,325.000,300.000,300.000,-1,-1,-1,-1,775.000,900.000,-1,-1,2,0,2,0,2,0,0,0,0,2,2,2,2,0,0,2,2
28,7737.567,-2345.216,138.704,-20.785,0.934776,0.354820,-0.017239,-0.354999,0.934826,-0.008692,0.013032,0.014245,0.999814,0,0.55658,0.48607,33.395,0.972,-1,400.000,-1,425.000,-1,325.000,325.000,300.000,300.000,-1,-1,-1,-1,750.000,875.000,-1,-1,2,0,2,0,2,0,0,0,0,2,2,2,2,0,0,2,2
29,7764.429,-2355.021,139.075,-20.052,0.939239,0.342843,-0.016989,-0.343029,0.939276,-0.009542,0.012686,0.014790,0.999810,0,0.47658,0.36607,28.595,0.732,-1,400.000,-1,425.000,-1,325.000,325.000,300.000,300.000,-1,-1,-1,-1,750.000,875.000,-1,-1,2,0,2,0,2,0,0,0,0,2,2,2,2,0,0,2,2
30,7786.856,-2362.971,139.373,-19.520,0.942392,0.334089,-0.016796,-0.334281,0.942418,-0.010250,0.012404,0.015274,0.999806,0,0.39658,0.26648,23.795,0.533,-1,400.000,-1,425.000,-1,325.000,325.000,300.000,300.000,-1,-1,-1,-1,750.000,875.000,-1,-1,2,0,2,0,2,0,0,0,0,2,2,2,2,0,0,2,2
31,7804.817,-2369.151,139.607,-18.987,0.945462,0.325307,-0.016637,-0.325503,0.945479,-0.010819,0.012210,0.015644,0.999803,0,0.31658,0.26648,18.995,0.533,-1,400.000,-1,425.000,-1,325.000,325.000,300.000,300.000,-1,-1,-1,-1,750.000,875.000,-1,-1,2,0,2,0,2,0,0,0,0,2,2,2,2,0,0,2,2
32,7818.282,-2373.644,139.781,-18.454,0.948450,0.316497,-0.016510,-0.316696,0.948460,-0.011243,0.012100,0.015892,0.999800,0,0.23658,0.26648,14.195,0.533,-1,400.000,-1,425.000,-1,325.000,325.000,300.000,300.000,-1,-1,-1,-1,750.000,875.000,-1,-1,2,0,2,0,2,0,0,0,0,2,2,2,2,0,0,2,2
33,7827.220,-2376.535,139.895,-17.921,0.951355,0.307661,-0.016411,-0.307861,0.951361,-0.011520,0.012069,0.016012,0.999799,0,0.15658,0.26648,9.395,0.533,-1,400.000,-1,425.000,-1,325.000,325.000,300.000,300.000,-1,-1,-1,-1,750.000,875.000,-1,-1,2,0,2,0,2,0,0,0,0,2,2,2,2,0,0,2,2
34,7831.605,-2377.908,139.953,-17.388,0.954176,0.298798,-0.016339,-0.298999,0.954182,-0.011646,0.012111,0.015998,0.999799,0,0.07658,0.26648,4.595,0.533,-1,400.000,-1,425.000,-1,325.000,325.000,300.000,300.000,-1,-1,-1,-1,750.000,875.000,-1,-1,2,0,2,0,2,0,0,0,0,2,2,2,2,0,0,2,2
35,7831.409,-2377.848,139.952,-16.855,0.956915,0.289910,-0.016293,-0.290111,0.956923,-0.011623,0.012222,0.015849,0.999800,0,-0.00342,0.26648,-0.205,0.533,-1,400.000,-1,425.000,-1,325.000,325.000,300.000,300.000,-1,-1,-1,-1,750.000,875.000,-1,-1,2,0,2,0,2,0,0,0,0,2,2,2,2,0,0,2,2
36,7826.605,-2376.442,139.894,-16.322,0.959570,0.280998,-0.016273,-0.281196,0.959582,-0.011451,0.012398,0.015564,0.999802,0,-0.08342,0.26648,-5.005,0.533,-1,400.000,-1,425.000,-1,325.000,325.000,300.000,300.000,-1,-1,-1,-1,750.000,875.000,-1,-1,2,0,2,0,2,0,0,0,0,2,2,2,2,0,0,2,2
37,7826.407,-2376.385,139.893,-16.029,0.960995,0.276089,-0.016249,-0.276286,0.961008,-0.011434,0.012459,0.015478,0.999803,0,-0.00342,0.14648,-0.205,0.293,-1,375.000,-1,400.000,-1,325.000,325.000,300.000,300.000,-1,-1,-1,-1,750.000,875.000,-1,-1,2,0,2,0,2,0,0,0,0,2,2,2,2,0,0,2,2
38,7830.826,-2377.643,139.950,-15.893,0.961646,0.273813,-0.016214,-0.274011,0.961657,-0.011571,0.012424,0.015570,0.999802,0,0.07658,0.06781,4.595,0.136,-1,375.000,-1,400.000,-1,325.000,325.000,300.000,300.000,-1,-1,-1,-1,750.000,875.000,-1,-1,2,0,2,0,2,0,0,0,0,2,2,2,2,0,0,2,2
39,7839.868,-2380.194,140.066,-15.758,0.962293,0.271535,-0.016155,-0.271735,0.962299,-0.011855,0.012327,0.015798,0.999799,0,0.15658,0.06781,9.395,0.136,-1,375.000,-1,400.000,-1,325.000,325.000,300.000,300.000,-1,-1,-1,-1,750.000,875.000,-1,-1,2,0,2,0,2,0,0,0,0,2,2,2,2,0,0,2,2
40,7853.538,-2384.017,140.238,-15.622,0.962935,0.269255,-0.016072,-0.269459,0.962933,-0.012290,0.012168,0.016165,0.999795,0,0.23658,0.06781,14.195,0.136,-1,375.000,-1,400.000,-1,325.000,325.000,300.000,300.000,-1,-1,-1,-1,750.000,875.000,-1,-1,2,0,2,0,2,0,0,0,0,2,2,2,2,0,0,2,2
41,7871.843,-2389.088,140.465,-15.486,0.963572,0.266972,-0.015970,-0.267182,0.963560,-0.012879,0.011949,0.016677,0.999790,0,0.31658,0.06781,18.995,0.136,-1,375.000,-1,400.000,-1,325.000,325.000,300.000,300.000,-1,-1,-1,-1,750.000,875.000,-1,-1,2,0,2,0,2,0,0,0,0,2,2,2,2,0,0,2,2
42,7894.789,-2395.387,140.745,-15.351,0.964204,0.264688,-0.015849,-0.264905,0.964178,-0.013628,0.011674,0.017338,0.999782,0,0.39658,0.06781,23.795,0.136,-1,375.000,-1,400.000,-1,325.000,325.000,300.000,300.000,-1,-1,-1,-1,750.000,875.000,-1,-1,2,0,2,0,2,0,0,0,0,2,2,2,2,0,0,2,2
43,7922.381,-2402.892,141.071,-15.215,0.964831,0.262401,-0.015718,-0.262626,0.964788,-0.014545,0.011348,0.018161,0.999771,0,0.47658,0.06781,28.595,0.136,-1,375.000,-1,400.000,-1,325.000,325.000,300.000,300.000,-1,-1,-1,-1,750.000,875.000,-1,-1,2,0,2,0,2,0,0,0,0,2,2,2,2,0,0,2,2
44,7954.626,-2411.579,141.439,-15.080,0.965452,0.260112,-0.015601,-0.260347,0.965388,-0.015634,0.010994,0.019156,0.999756,0,0.55658,0.06781,33.395,0.136,-1,375.000,-1,400.000,-1,325.000,325.000,300.000,300.000,-1,-1,-1,-1,750.000,875.000,-1,-1,2,0,2,0,2,0,0,0,0,2,2,2,2,0,0,2,2
45,7991.529,-2421.428,141.865,-14.944,0.966068,0.257820,-0.015515,-0.258067,0.965980,-0.016824,0.010650,0.020257,0.999738,0,0.63658,0.06781,38.195,0.136,-1,400.000,-1,400.000,-1,325.000,325.000,300.000,300.000,-1,-1,-1,-1,750.000,875.000,-1,-1,2,0,2,0,2,0,0,0,0,2,2,2,2,0,0,2,2
46,8033.096,-2432.417,142.327,-14.808,0.966679,0.255526,-0.015437,-0.255786,0.966562,-0.018191,0.010273,0.021533,0.999715,0,0.71658,0.06781,42.995,0.136,-1,400.000,-1,425.000,-1,325.000,325.000,300.000,300.000,-1,-1,-1,-1,750.000,850.000,-1,-1,2,0,2,0,2,0,0,0,0,2,2,2,2,0,0,2,2
47,8079.332,-2444.523,142.818,-14.673,0.967284,0.253230,-0.015371,-0.253504,0.967133,-0.019745,0.009866,0.022996,0.999687,0,0.79658,0.06781,47.795,0.136,-1,400.000,-1,425.000,-1,325.000,325.000,300.000,300.000,-1,-1,-1,-1,750.000,850.000,-1,-1,2,0,2,0,2,0,0,0,0,2,2,2,2,0,0,2,2
48,8129.224,-2457.460,143.323,-14.537,0.967884,0.250930,-0.015323,-0.251220,0.967692,-0.021461,0.009443,0.024621,0.999652,0,0.85903,0.06781,51.542,0.136,-1,400.000,-1,425.000,-1,325.000,325.000,300.000,300.000,-1,-1,-1,-1,750.000,850.000,-1,-1,2,0,2,0,2,0,0,0,0,2,2,2,2,0,0,2,2
49,8179.146,-2470.278,143.802,-14.401,0.968478,0.248628,-0.015298,-0.248934,0.968242,-0.023218,0.009040,0.026294,0.999613,0,0.85903,0.06781,51.542,0.136,-1,400.000,-1,425.000,-1,325.000,325.000,300.000,300.000,-1,-1,-1,-1,750.000,850.000,-1,-1,2,0,2,0,2,0,0,0,0,2,2,2,2,0,0,2,2
50,8229.099,-2482.979,144.220,-14.266,0.969069,0.246325,-0.015147,-0.246642,0.968787,-0.024902,0.008540,0.027868,0.999575,0,0.85903,0.06781,51.542,0.136,-1,400.000,-1,425.000,-1,325.000,325.000,325.000,300.000,-1,-1,-1,-1,750.000,850.000,-1,-1,2,0,2,0,2,0,0,0,0,2,2,2,2,0,0,2,2
51,8279.082,-2495.561,144.570,-14.130,0.969656,0.244021,-0.014838,-0.244344,0.969327,-0.026490,0.007919,0.029312,0.999539,0,0.85903,0.06781,51.542,0.136,-1,400.000,-1,425.000,-1,325.000,325.000,325.000,300.000,-1,-1,-1,-1,750.000,850.000,-1,-1,2,0,2,0,2,0,0,0,0,2,2,2,2,0,0,2,2
52,8329.094,-2508.025,144.890,-13.995,0.970238,0.241715,-0.014529,-0.242042,0.969859,-0.028098,0.007300,0.030778,0.999500,0,0.85903,0.06781,51.542,0.136,-1,400.000,-1,400.000,-1,325.000,325.000,325.000,300.000,-1,-1,-1,-1,750.000,850.000,-1,-1,2,0,2,0,2,0,0,0,0,2,2,2,2,0,0,2,2
53,8379.136,-2520.370,145.180,-13.859,0.970815,0.239408,-0.014220,-0.239737,0.970383,-0.029726,0.006682,0.032268,0.999457,0,0.85903,0.06781,51.542,0.136,-1,400.000,-1,400.000,-1,325.000,325.000,325.000,300.000,-1,-1,-1,-1,750.000,825.000,-1,-1,2,0,2,0,2,0,0,0,0,2,2,2,2,0,0,2,2
54,8429.206,-2532.597,145.441,-13.723,0.971386,0.237098,-0.013910,-0.237428,0.970898,-0.031375,0.006066,0.033780,0.999411,0,0.85903,0.06781,51.542,0.136,-1,400.000,-1,400.000,-1,325.000,325.000,325.000,300.000,-1,-1,-1,-1,750.000,825.000,-1,-1,2,0,2,0,2,0,0,0,0,2,2,2,2,0,0,2,2
55,8479.306,-2544.705,145.674,-13.588,0.971952,0.234787,-0.013606,-0.235118,0.971405,-0.033046,0.005458,0.035318,0.999361,0,0.85903,0.06781,51.542,0.136,-1,375.000,-1,400.000,-1,325.000,325.000,325.000,300.000,-1,-1,-1,-1,725.000,825.000,-1,-1,2,0,2,0,2,0,0,0,0,2,2,2,2,0,0,2,2
56,8529.434,-2556.695,145.900,-13.452,0.972511,0.232473,-0.013375,-0.232806,0.971900,-0.034808,0.004907,0.036965,0.999305,0,0.85903,0.06781,51.542,0.136,-1,375.000,-1,400.000,-1,325.000,325.000,325.000,300.000,-1,-1,-1,-1,725.000,825.000,-1,-1,2,0,2,0,2,0,0,0,0,2,2,2,2,0,0,2,2
57,8574.964,-2567.270,146.107,-13.076,0.974019,0.226084,-0.013155,-0.226420,0.973347,-0.036456,0.004562,0.038488,0.999249,0,0.77903,0.18781,46.742,0.376,-1,375.000,-1,400.000,-1,325.000,325.000,325.000,300.000,-1,-1,-1,-1,725.000,800.000,-1,-1,2,0,2,0,2,0,0,0,0,2,2,2,2,0,0,2,2
58,8615.918,-2576.319,146.394,-12.461,0.976394,0.215604,-0.013033,-0.215948,0.975680,-0.037625,0.004604,0.039552,0.999207,0,0.69903,0.30781,41.942,0.616,-1,375.000,-1,400.000,-1,325.000,325.000,325.000,300.000,-1,-1,-1,-1,725.000,800.000,-1,-1,2,0,2,0,2,0,0,0,0,2,2,2,2,0,0,2,2
59,8656.074,-2584.565,146.749,-11.605,0.979504,0.201003,-0.013043,-0.201363,0.978757,-0.038567,0.005013,0.040403,0.999171,0,0.68323,0.42781,40.994,0.856,-1,375.000,-1,400.000,-1,325.000,325.000,325.000,300.000,-1,-1,-1,-1,725.000,775.000,-1,-1,2,0,2,0,2,0,0,0,0,2,2,2,2,0,0,2,2
60,8696.436,-2592.053,147.133,-10.510,0.983166,0.182245,-0.013076,-0.182626,0.982387,-0.039534,0.005641,0.041257,0.999133,0,0.68419,0.54781,41.051,1.096,-1,375.000,-1,400.000,-1,325.000,325.000,325.000,300.000,-1,-1,-1,-1,725.000,775.000,-1,-1,2,0,2,0,2,0,0,0,0,2,2,2,2,0,0,2,2
61,8737.121,-2598.623,147.554,-9.174,0.987144,0.159292,-0.013134,-0.159700,0.986333,-0.040531,0.006498,0.042107,0.999092,0,0.68686,0.66781,41.212,1.336,-1,375.000,-1,400.000,-1,325.000,325.000,325.000,300.000,-1,-1,-1,-1,725.000,775.000,-1,-1,2,0,2,0,2,0,0,0,0,2,2,2,2,0,0,2,2
62,8778.133,-2604.093,148.019,-7.598,0.991148,0.132106,-0.013213,-0.132548,0.990305,-0.041562,0.007595,0.042945,0.999049,0,0.68960,0.78781,41.376,1.576,-1,375.000,-1,400.000,-1,325.000,325.000,325.000,300.000,-1,-1,-1,-1,725.000,750.000,-1,-1,2,0,2,0,2,0,0,0,0,2,2,2,2,0,0,2,2
63,8819.465,-2608.278,148.468,-5.783,0.994829,0.100661,-0.013508,-0.101149,0.993970,-0.042327,0.009166,0.043474,0.999012,0,0.69240,0.90781,41.544,1.816,-1,375.000,-1,400.000,-1,325.000,325.000,325.000,300.000,-1,-1,-1,-1,725.000,750.000,-1,-1,2,0,2,0,2,0,0,0,0,2,2,2,2,0,0,2,2
64,8861.091,-2611.030,148.960,-3.783,0.997729,0.065910,-0.013878,-0.066452,0.996859,-0.043087,0.010995,0.043912,0.998975,0,0.69528,1.00000,41.717,2.000,-1,375.000,-1,400.000,-1,325.000,325.000,325.000,325.000,-1,-1,-1,-1,725.000,725.000,-1,-1,2,0,2,0,2,0,0,0,0,2,2,2,2,0,0,2,2
65,8902.964,-2612.333,149.506,-1.783,0.999415,0.031079,-0.014287,-0.031679,0.998534,-0.043892,0.012902,0.044319,0.998934,0,0.69823,1.00000,41.894,2.000,-1,375.000,-1,400.000,-1,325.000,325.000,325.000,300.000,-1,-1,-1,-1,725.000,725.000,-1,-1,2,0,2,0,2,0,0,0,0,2,2,2,2,0,0,2,2
66,8945.038,-2612.173,150.108,0.217,0.999884,-0.003788,-0.014728,0.003126,0.998994,-0.044741,0.014883,0.044690,0.998890,0,0.70124,1.00000,42.075,2.000,-1,375.000,-1,400.000,-1,325.000,325.000,325.000,300.000,-1,-1,-1,-1,750.000,725.000,-1,-1,2,0,2,0,2,0,0,0,0,2,2,2,2,0,0,2,2
67,8987.264,-2610.537,150.770,2.217,0.999137,-0.038650,-0.015192,0.037921,0.998238,-0.045634,0.016929,0.045019,0.998843,0,0.70430,1.00000,42.258,2.000,-1,375.000,-1,400.000,-1,325.000,325.000,325.000,300.000,-1,-1,-1,-1,750.000,725.000,-1,-1,2,0,2,0,2,0,0,0,0,2,2,2,2,0,0,2,2
68,9029.593,-2607.416,151.496,4.217,0.997175,-0.073463,-0.015672,0.072664,0.996269,-0.046568,0.019034,0.045298,0.998792,0,0.70740,1.00000,42.444,2.000,-1,375.000,-1,375.000,-1,325.000,325.000,325.000,300.000,-1,-1,950.000,-1,775.000,700.000,-1,-1,2,0,2,0,2,0,0,0,0,2,2,0,2,0,0,2,2
69,9071.973,-2602.798,152.289,6.217,0.993999,-0.108187,-0.016159,0.107314,0.993088,-0.047541,0.021191,0.045521,0.998739,0,0.71053,1.00000,42.632,2.000,-1,375.000,-1,375.000,-1,325.000,325.000,325.000,300.000,-1,-1,850.000,-1,800.000,700.000,-1,-1,2,0,2,0,2,0,0,0,0,2,2,0,2,0,0,2,2
70,9114.354,-2596.678,153.023,8.217,0.989620,-0.142781,-0.016304,0.141862,0.988724,-0.047964,0.022968,0.045153,0.998716,0,0.71367,1.00000,42.820,2.000,-1,375.000,-1,375.000,-1,325.000,325.000,325.000,300.000,-1,-1,800.000,-1,800.000,700.000,-1,-1,2,0,2,0,2,0,0,0,0,2,2,0,2,0,0,2,2
71,9156.680,-2589.050,153.910,10.217,0.984038,-0.177209,-0.016317,0.176266,0.983188,-0.047670,0.024490,0.044033,0.998730,0,0.71681,1.00000,43.009,2.000,-1,400.000,-1,375.000,-1,325.000,325.000,325.000,300.000,-1,975.000,800.000,-1,825.000,700.000,-1,-1,2,0,2,0,2,0,0,0,0,2,0,0,2,0,1,2,2
72,9198.898,-2579.910,155.095,12.217,0.977248,-0.211428,-0.016871,0.210463,0.976495,-0.046499,0.026305,0.041891,0.998776,0,0.71993,0.99985,43.196,2.000,-1,400.000,1000.000,375.000,-1,325.000,325.000,325.000,325.000,-1,925.000,775.000,-1,825.000,700.000,-1,-1,2,0,1,0,2,0,0,0,0,2,0,0,2,1,1,2,2
73,9240.951,-2569.259,156.318,14.214,0.969280,-0.245346,-0.017390,0.244365,0.968621,-0.045376,0.027977,0.039733,0.998819,0,0.72302,0.99840,43.381,1.997,-1,400.000,1000.000,375.000,-1,325.000,325.000,325.000,325.000,-1,900.000,800.000,-1,825.000,675.000,-1,925.000,2,0,1,0,2,0,0,0,0,2,0,0,2,1,1,2,1
74,9282.782,-2557.102,157.576,16.207,0.960151,-0.278913,-0.017802,0.277927,0.959581,-0.044274,0.029431,0.037562,0.998861,0,0.72605,0.99667,43.563,1.993,-1,400.000,1000.000,375.000,-1,325.000,325.000,325.000,325.000,-1,900.000,800.000,-1,825.000,650.000,-1,825.000,2,0,1,0,2,0,0,0,0,2,0,0,2,1,1,2,1
75,9324.335,-2543.444,158.837,18.196,0.949882,-0.312082,-0.018120,0.311102,0.949401,-0.043061,0.030642,0.035266,0.998908,0,0.72900,0.99467,43.740,1.989,-1,400.000,-1,375.000,-1,325.000,325.000,325.000,325.000,-1,900.000,825.000,-1,825.000,600.000,-1,750.000,2,0,2,0,2,0,0,0,0,2,0,0,2,1,1,2,1
76,9365.550,-2528.296,160.124,20.181,0.938495,-0.344803,-0.018384,0.343837,0.938097,-0.041841,0.031673,0.032946,0.998955,0,0.73184,0.99238,43.911,1.985,-1,400.000,-1,375.000,925.000,325.000,325.000,325.000,325.000,-1,925.000,875.000,-1,825.000,575.000,-1,700.000,2,0,2,0,1,0,0,0,0,2,0,0,2,1,1,2,1
77,9406.368,-2511.672,161.435,22.161,0.926015,-0.377030,-0.018588,0.376085,0.925695,-0.040604,0.032516,0.030609,0.999002,0,0.73456,0.98978,44.073,1.980,-1,425.000,-1,375.000,750.000,325.000,325.000,325.000,325.000,-1,950.000,925.000,-1,850.000,550.000,-1,625.000,2,0,2,0,1,0,0,0,0,2,0,0,2,1,1,2,1
78,9446.728,-2493.590,162.767,24.134,0.912469,-0.408716,-0.018726,0.407799,0.912224,-0.039339,0.033160,0.028259,0.999050,0,0.73711,0.98686,44.226,1.974,-1,425.000,-1,375.000,650.000,325.000,325.000,325.000,300.000,-1,1000.000,975.000,-1,900.000,525.000,-1,575.000,2,0,2,0,1,0,0,0,0,2,0,0,2,1,1,2,1
79,9486.571,-2474.071,164.119,26.102,0.897890,-0.439818,-0.018792,0.438935,0.897714,-0.038034,0.033598,0.025902,0.999100,0,0.73946,0.98360,44.368,1.967,-1,425.000,-1,375.000,575.000,325.000,325.000,325.000,300.000,-1,-1,-1,-1,950.000,500.000,-1,525.000,2,0,2,0,1,0,0,0,0,2,2,2,2,0,1,2,1
80,9525.835,-2453.141,165.490,28.062,0.882312,-0.470291,-0.018787,0.469449,0.882198,-0.036677,0.033823,0.023541,0.999151,0,0.74158,0.97999,44.495,1.960,-1,425.000,-1,375.000,500.000,325.000,325.000,325.000,300.000,-1,-1,-1,-1,975.000,475.000,-1,475.000,2,0,2,1,1,0,0,0,0,2,2,2,2,0,1,2,1
81,9564.459,-2430.830,166.877,30.014,0.865769,-0.500094,-0.018709,0.499299,0.865712,-0.035256,0.033828,0.021182,0.999203,0,0.74342,0.97601,44.605,1.952,-1,425.000,-1,350.000,425.000,325.000,325.000,325.000,300.000,-1,-1,-1,-1,975.000,450.000,-1,425.000,2,0,2,1,1,0,0,0,0,2,2,2,2,0,1,2,1
82,9602.382,-2407.174,168.280,31.957,0.848301,-0.529188,-0.018561,0.528446,0.848295,-0.033759,0.033610,0.018829,0.999258,0,0.74493,0.97166,44.696,1.943,-1,425.000,-1,325.000,375.000,325.000,325.000,325.000,300.000,-1,-1,-1,-1,1000.000,425.000,-1,375.000,2,0,2,1,1,0,1,0,0,2,2,2,2,0,1,2,1
83,9639.541,-2382.213,169.697,33.891,0.829950,-0.557536,-0.018347,0.556851,0.829989,-0.032173,0.033166,0.016485,0.999314,0,0.74608,0.96691,44.765,1.934,-1,425.000,-1,325.000,325.000,350.000,325.000,325.000,300.000,-1,-1,-1,-1,1000.000,425.000,-1,325.000,2,0,2,1,1,0,1,0,0,2,2,2,2,0,1,2,1
84,9675.877,-2355.994,171.343,35.814,0.810755,-0.585108,-0.018026,0.584518,0.810845,-0.029470,0.031859,0.013357,0.999403,0,0.74681,0.96176,44.808,1.924,-1,425.000,-1,325.000,275.000,350.000,300.000,325.000,300.000,-1,-1,-1,-1,1000.000,425.000,-1,300.000,2,0,2,1,1,0,1,0,0,2,2,2,2,0,1,2,1
85,9711.330,-2328.567,172.970,37.727,0.790765,-0.611863,-0.017724,0.611364,0.790896,-0.026795,0.030413,0.010353,0.999484,0,0.74706,0.95620,44.823,1.912,-1,425.000,-1,300.000,250.000,350.000,300.000,300.000,300.000,-1,-1,-1,-1,1000.000,425.000,-1,250.000,2,0,2,1,1,1,1,0,0,2,2,2,2,0,1,2,1
86,9745.841,-2299.990,174.436,39.627,0.770045,-0.637768,-0.016799,0.637356,0.770187,-0.024299,0.028435,0.008004,0.999564,0,0.74677,0.95021,44.806,1.900,-1,425.000,-1,300.000,200.000,350.000,300.000,300.000,300.000,-1,-1,-1,-1,1000.000,425.000,-1,225.000,2,0,2,1,1,1,1,0,0,2,2,2,2,0,1,2,1
87,9783.116,-2267.259,177.738,41.288,0.750970,-0.659837,-0.025676,0.659544,0.751406,-0.019792,0.032353,-0.002071,0.999474,0,0.82677,0.83021,49.606,1.660,-1,450.000,-1,300.000,200.000,350.000,300.000,300.000,325.000,-1,-1,-1,-1,-1,475.000,-1,225.000,2,0,2,1,1,1,1,0,1,2,2,2,2,2,1,2,1
88,9823.095,-2230.356,182.287,42.708,0.733794,-0.678168,-0.040421,0.678215,0.734718,-0.014641,0.039627,-0.016670,0.999075,0,0.90677,0.71021,54.406,1.420,-1,475.000,-1,325.000,200.000,375.000,325.000,300.000,325.000,-1,-1,-1,-1,-1,625.000,-1,250.000,2,0,2,1,1,1,1,0,1,2,2,2,2,2,1,2,1
89,9863.519,-2191.469,186.214,43.888,0.719053,-0.692965,-0.052560,0.693493,0.720389,-0.010393,0.045066,-0.028976,0.998564,0,0.93485,0.59021,56.091,1.180,-1,500.000,-1,375.000,225.000,400.000,350.000,275.000,300.000,-1,-1,-1,-1,-1,825.000,-1,350.000,2,0,2,1,1,1,1,0,1,2,2,2,2,2,1,2,1
90,9903.196,-2152.025,189.414,44.829,0.707051,-0.704463,-0.061731,0.705492,0.708685,-0.006867,0.048585,-0.038696,0.998069,0,0.93245,0.47021,55.947,0.940,-1,500.000,-1,400.000,250.000,400.000,375.000,275.000,275.000,-1,-1,-1,-1,-1,875.000,-1,1000.000,2,0,2,1,1,0,1,0,1,2,2,2,2,2,1,2,1
91,9942.262,-2112.226,191.928,45.529,0.697989,-0.712849,-0.068252,0.714330,0.699799,-0.003757,0.050441,-0.046132,0.997661,0,0.92948,0.35021,55.769,0.700,-1,525.000,-1,475.000,275.000,425.000,425.000,275.000,250.000,-1,-1,-1,-1,-1,875.000,-1,-1,2,0,2,1,1,0,1,0,1,2,2,2,2,2,1,2,2
92,9980.861,-2072.266,193.792,45.990,0.691996,-0.718258,-0.072444,0.720107,0.693863,-0.000844,0.050873,-0.051583,0.997372,0,0.92597,0.23021,55.558,0.460,-1,525.000,-1,575.000,550.000,425.000,450.000,275.000,225.000,-1,850.000,-1,-1,-1,875.000,-1,-1,2,0,2,1,1,0,0,0,1,2,0,2,2,2,1,2,2
93,10019.077,-2032.270,194.998,46.302,0.688020,-0.721887,-0.074218,0.723992,0.689805,0.002156,0.049640,-0.055217,0.997240,0,0.92197,0.15608,55.318,0.312,-1,525.000,-1,600.000,600.000,425.000,450.000,275.000,175.000,-1,850.000,-1,-1,-1,850.000,-1,-1,2,0,2,0,1,0,0,0,1,2,0,2,2,2,1,2,2
94,10056.898,-1992.277,195.558,46.598,0.684428,-0.725375,-0.073409,0.727578,0.686007,0.004941,0.046775,-0.056793,0.997290,0,0.91741,0.14794,55.045,0.296,-1,525.000,-1,600.000,625.000,425.000,450.000,275.000,175.000,-1,175.000,-1,-1,-1,850.000,-1,-1,2,0,2,1,1,0,0,0,1,2,0,2,2,2,1,2,2
95,10094.307,-1952.332,195.508,46.877,0.681208,-0.728730,-0.070058,0.730862,0.682485,0.007445,0.042388,-0.056274,0.997515,0,0.91212,0.13957,54.727,0.279,-1,525.000,-1,575.000,600.000,425.000,450.000,275.000,150.000,-1,225.000,-1,-1,-1,825.000,-1,-1,2,0,2,1,1,0,0,0,1,2,0,2,2,2,1,2,2
96,10131.285,-1912.475,194.859,47.147,0.678232,-0.732037,-0.064208,0.733940,0.679145,0.009698,0.036507,-0.053702,0.997889,0,0.90616,0.13481,54.370,0.270,-1,500.000,-1,550.000,575.000,425.000,425.000,275.000,150.000,-1,-1,-1,-1,-1,800.000,-1,-1,2,0,2,1,1,0,0,0,1,2,2,2,2,2,1,2,2
97,10167.812,-1872.736,193.369,47.414,0.675344,-0.735389,-0.055791,0.736907,0.675905,0.010974,0.029639,-0.048524,0.998382,0,0.89961,0.13349,53.977,0.267,-1,500.000,-1,500.000,525.000,400.000,425.000,275.000,125.000,-1,-1,-1,-1,-1,750.000,-1,-1,2,0,2,1,1,0,0,0,1,2,2,2,2,2,1,2,2
98,10203.871,-1833.141,191.374,47.679,0.672492,-0.738731,-0.045067,0.739808,0.672699,0.012675,0.020954,-0.041865,0.998904,0,0.89257,0.13252,53.554,0.265,-1,475.000,-1,475.000,500.000,400.000,400.000,275.000,125.000,-1,-1,-1,-1,-1,725.000,-1,775.000,2,0,2,1,1,0,0,0,1,2,2,2,2,2,1,2,1
99,10239.447,-1793.705,192.036,47.942,0.669831,-0.741714,-0.034452,0.742513,0.669195,0.029205,0.001393,-0.045144,0.998980,0,0.88520,0.13190,53.112,0.264,-1,425.000,-1,450.000,450.000,350.000,375.000,275.000,125.000,-1,-1,-1,-1,875.000,650.000,-1,625.000,2,0,2,1,1,0,0,0,1,2,2,2,2,0,1,2,1
100,10274.541,-1754.444,191.619,48.206,0.666951,-0.744796,-0.021329,0.744885,0.665793,0.043198,-0.017973,-0.044698,0.998839,0,0.87766,0.13163,52.659,0.263,-1,400.000,-1,400.000,400.000,325.000,350.000,275.000,125.000,-1,-1,-1,-1,750.000,600.000,-1,500.000,2,0,2,1,1,0,0,0,1,2,2,2,2,0,1,2,1
101,10309.156,-1715.360,190.623,48.469,0.663736,-0.747925,-0.007963,0.747111,0.662430,0.054879,-0.035770,-0.042374,0.998461,0,0.87012,0.13170,52.207,0.263,-1,375.000,-1,375.000,325.000,300.000,325.000,275.000,125.000,-1,-1,-1,-1,675.000,525.000,-1,400.000,2,0,2,1,1,0,0,0,1,2,2,2,2,0,1,2,1
102,10343.295,-1676.446,192.007,48.733,0.660546,-0.750739,-0.008342,0.749539,0.658769,0.064914,-0.043238,-0.049132,0.997856,0,0.86277,0.13211,51.766,0.264,975.000,350.000,-1,350.000,300.000,300.000,325.000,275.000,150.000,-1,-1,-1,-1,650.000,525.000,-1,375.000,0,0,2,1,1,0,0,0,1,2,2,2,2,0,1,2,1
103,10376.978,-1637.693,192.831,48.999,0.657286,-0.753594,-0.008382,0.752031,0.655115,0.072614,-0.049230,-0.054032,0.997325,0,0.85574,0.13283,51.345,0.266,825.000,350.000,-1,350.000,300.000,300.000,325.000,250.000,175.000,-1,-1,-1,-1,625.000,550.000,-1,375.000,0,0,2,1,1,0,1,0,1,2,2,2,2,0,1,2,1
104,10410.223,-1599.083,193.109,49.267,0.653924,-0.756517,-0.008061,0.754646,0.651475,0.078042,-0.053789,-0.057117,0.996917,0,0.84918,0.13387,50.951,0.268,725.000,350.000,-1,325.000,275.000,300.000,300.000,250.000,175.000,-1,-1,-1,-1,600.000,575.000,-1,350.000,0,0,2,1,1,0,1,0,1,2,2,2,2,0,1,2,1
105,10443.049,-1560.589,194.433,49.537,0.650631,-0.759244,-0.015082,0.757606,0.647609,0.081466,-0.052086,-0.064430,0.996562,0,0.84316,0.13518,50.589,0.270,725.000,350.000,-1,350.000,275.000,300.000,300.000,250.000,200.000,-1,-1,-1,-1,625.000,850.000,-1,400.000,0,0,2,1,1,0,1,0,1,2,2,2,2,0,0,2,1
106,10474.913,-1523.180,196.099,49.567,0.650440,-0.759106,-0.026185,0.758179,0.646796,0.082579,-0.045750,-0.073565,0.996240,0,0.81903,0.01518,49.142,0.030,775.000,375.000,-1,375.000,300.000,325.000,325.000,250.000,225.000,-1,-1,-1,425.000,650.000,925.000,-1,-1,0,0,2,1,1,0,1,0,1,2,2,2,1,0,0,2,2
107,10506.748,-1486.085,196.855,49.358,0.653206,-0.756385,-0.034695,0.756162,0.649269,0.081659,-0.039239,-0.079576,0.996056,0,0.81472,-0.10482,48.883,-0.210,900.000,375.000,-1,400.000,350.000,325.000,350.000,250.000,250.000,-1,-1,-1,425.000,675.000,-1,-1,-1,0,0,2,1,1,0,1,0,1,2,2,2,1,0,2,2,2
108,10538.742,-1449.395,196.792,48.908,0.658958,-0.751066,-0.040918,0.751475,0.655010,0.079039,-0.032562,-0.082832,0.996031,0,0.81133,-0.22482,48.680,-0.450,-1,400.000,-1,450.000,475.000,350.000,375.000,250.000,250.000,-1,-1,-1,400.000,725.000,-1,-1,-1,2,0,2,1,1,0,1,0,1,2,2,2,1,0,2,2,2
109,10571.076,-1413.209,195.995,48.218,0.667680,-0.743076,-0.045176,0.744004,0.663956,0.074971,-0.025714,-0.083668,0.996162,0,0.80880,-0.34482,48.528,-0.690,-1,400.000,-1,500.000,-1,350.000,400.000,250.000,250.000,-1,-1,-1,400.000,775.000,-1,-1,-1,2,0,2,1,2,0,0,0,1,2,2,2,1,0,2,2,2
110,10603.923,-1377.631,194.537,47.289,0.679307,-0.732282,-0.048009,0.733623,0.675995,0.069483,-0.018428,-0.082421,0.996427,0,0.80702,-0.46482,48.421,-0.930,-1,425.000,-1,550.000,-1,375.000,400.000,250.000,250.000,-1,-1,-1,400.000,825.000,-1,-1,-1,2,0,2,0,2,0,0,0,1,2,2,2,1,0,2,2,2
111,10640.818,-1339.273,192.213,46.119,0.693707,-0.718539,-0.049722,0.720185,0.691002,0.062047,-0.010225,-0.078852,0.996834,0,0.88702,-0.58482,53.221,-1.170,-1,450.000,-1,550.000,-1,400.000,425.000,250.000,225.000,-1,-1,-1,375.000,900.000,-1,-1,-1,2,0,2,0,2,0,0,0,1,2,2,2,1,0,2,2,2
112,10678.997,-1301.490,189.190,44.710,0.710767,-0.701628,-0.050296,0.703426,0.708777,0.053165,-0.001654,-0.073167,0.997318,0,0.89521,-0.70482,53.712,-1.410,-1,475.000,-1,575.000,-1,400.000,425.000,250.000,200.000,-1,-1,-1,375.000,975.000,-1,-1,-1,2,0,2,0,2,0,0,0,1,2,2,2,1,0,2,2,2
113,10718.155,-1264.909,185.582,43.060,0.730291,-0.681286,-0.050241,0.683097,0.729060,0.043018,0.007322,-0.065735,0.997810,0,0.89309,-0.82482,53.586,-1.650,-1,500.000,-1,600.000,-1,425.000,450.000,250.000,175.000,-1,-1,-1,350.000,-1,-1,-1,-1,2,0,2,0,2,0,0,0,1,2,2,2,1,2,2,2,2
114,10758.401,-1229.718,182.760,41.170,0.752161,-0.657050,-0.050391,0.658850,0.751329,0.037712,0.013082,-0.061566,0.998017,0,0.89102,-0.94482,53.461,-1.890,-1,500.000,-1,600.000,-1,425.000,450.000,275.000,175.000,-1,250.000,350.000,375.000,-1,-1,-1,-1,2,0,2,0,2,0,0,0,1,2,0,1,1,2,2,2,2
115,10799.755,-1196.024,181.496,39.170,0.774685,-0.630336,-0.050404,0.632216,0.773687,0.041369,0.012920,-0.063915,0.997872,0,0.88903,-1.00000,53.342,-2.000,-1,525.000,-1,600.000,-1,425.000,450.000,275.000,150.000,-1,225.000,400.000,400.000,-1,-1,-1,-1,2,0,2,0,2,0,0,0,1,2,0,1,1,2,2,2,2
116,10838.312,-1166.532,180.109,37.410,0.793759,-0.606217,-0.049471,0.608109,0.792604,0.044522,0.012221,-0.065424,0.997783,0,0.80903,-0.88000,48.542,-1.760,-1,525.000,-1,600.000,-1,425.000,450.000,250.000,150.000,-1,225.000,450.000,425.000,-1,-1,-1,-1,2,0,2,0,2,0,0,0,1,2,0,1,1,2,2,2,2
117,10875.708,-1139.476,178.527,35.885,0.809724,-0.584882,-0.047546,0.586710,0.808426,0.047102,0.010889,-0.066035,0.997758,0,0.76927,-0.76260,46.156,-1.525,-1,525.000,-1,600.000,-1,425.000,450.000,250.000,125.000,1000.000,225.000,500.000,450.000,-1,-1,-1,-1,2,0,2,0,2,0,0,0,1,0,0,1,1,2,2,2,2
118,10913.680,-1113.517,176.798,34.358,0.825149,-0.563114,-0.045069,0.564839,0.823715,0.049504,0.009248,-0.066305,0.997757,0,0.76661,-0.76374,45.997,-1.527,-1,525.000,-1,575.000,-1,425.000,450.000,250.000,125.000,1000.000,250.000,550.000,475.000,-1,-1,-1,-1,2,0,2,0,2,0,0,0,1,0,0,1,1,2,2,2,2
119,10952.187,-1088.674,174.948,32.828,0.840012,-0.540927,-0.042150,0.542517,0.838451,0.051715,0.007366,-0.066308,0.997772,0,0.76375,-0.76475,45.825,-1.529,-1,500.000,-1,575.000,-1,425.000,450.000,250.000,125.000,-1,250.000,575.000,525.000,-1,-1,-1,-1,2,0,2,0,2,0,0,0,1,2,0,0,1,2,2,2,2
120,10991.184,-1064.958,174.923,31.297,0.854499,-0.518082,-0.037711,0.519453,0.852201,0.062630,-0.000310,-0.073106,0.997324,0,0.76069,-0.76563,45.642,-1.531,-1,500.000,-1,575.000,-1,425.000,425.000,250.000,125.000,-1,525.000,-1,575.000,-1,-1,-1,-1,2,0,2,0,2,0,0,0,1,2,0,2,1,2,2,2,2
121,11030.633,-1042.387,175.217,29.764,0.868411,-0.494797,-0.032214,0.495759,0.865221,0.074932,-0.009203,-0.081042,0.996668,0,0.75747,-0.76639,45.448,-1.533,-1,475.000,-1,550.000,-1,400.000,425.000,250.000,125.000,-1,-1,-1,650.000,975.000,-1,-1,-1,2,0,2,0,2,0,0,0,1,2,2,2,1,0,2,2,2
122,11070.494,-1020.976,175.242,28.230,0.881649,-0.471180,-0.026181,0.471584,0.877640,0.085766,-0.017433,-0.087962,0.995971,0,0.75411,-0.76701,45.247,-1.534,-1,450.000,-1,525.000,-1,400.000,400.000,250.000,125.000,-1,-1,-1,750.000,900.000,-1,-1,-1,2,0,2,0,2,0,0,0,1,2,2,2,1,0,2,2,2
123,11110.732,-1000.737,173.984,26.695,0.894196,-0.447409,-0.015474,0.446804,0.889763,0.093207,-0.027933,-0.090259,0.995526,0,0.75064,-0.76749,45.038,-1.535,-1,425.000,-1,500.000,-1,375.000,400.000,250.000,125.000,-1,-1,-1,875.000,825.000,-1,-1,-1,2,0,2,0,2,0,0,0,1,2,2,2,1,0,2,2,2
124,11151.305,-981.676,172.535,25.159,0.905959,-0.423336,-0.004961,0.421699,0.901292,0.099205,-0.037526,-0.091968,0.995055,0,0.74709,-0.76784,44.826,-1.536,-1,425.000,-1,475.000,-1,350.000,375.000,250.000,125.000,-1,-1,-1,-1,775.000,950.000,-1,-1,2,0,2,0,2,0,0,0,1,2,2,2,2,0,0,2,2
125,11192.178,-963.794,171.096,23.623,0.916960,-0.398955,0.004480,0.396357,0.912160,0.104240,-0.045674,-0.093808,0.994542,0,0.74351,-0.76805,44.610,-1.536,-1,400.000,-1,475.000,-1,350.000,350.000,250.000,125.000,-1,-1,-1,-1,725.000,900.000,-1,-1,2,0,2,0,2,0,0,0,1,2,2,2,2,0,0,2,2
126,11233.316,-947.096,169.642,22.087,0.927224,-0.374287,0.012845,0.370819,0.922354,0.108423,-0.052429,-0.095770,0.994022,0,0.73992,-0.76813,44.395,-1.536,-1,375.000,-1,450.000,-1,325.000,350.000,250.000,125.000,-1,-1,-1,-1,700.000,850.000,-1,-1,2,0,2,0,2,0,0,0,1,2,2,2,2,0,0,2,2
127,11274.687,-931.582,168.152,20.551,0.936775,-0.349356,0.020055,0.345132,0.931869,0.111822,-0.057754,-0.097831,0.993526,0,0.73636,-0.76807,44.182,-1.536,1000.000,375.000,-1,425.000,-1,325.000,350.000,250.000,100.000,-1,-1,-1,-1,675.000,800.000,-1,-1,0,0,2,0,2,0,0,0,1,2,2,2,2,0,0,2,2
128,11316.261,-917.251,166.781,19.015,0.945625,-0.324209,0.026126,0.319397,0.940762,0.113808,-0.061476,-0.099275,0.993159,0,0.73287,-0.76788,43.972,-1.536,900.000,375.000,-1,425.000,-1,325.000,325.000,250.000,100.000,-1,-1,-1,-1,650.000,775.000,-1,-1,0,0,2,0,2,0,0,0,1,2,2,2,2,0,0,2,2
129,11358.010,-904.101,165.379,17.480,0.953785,-0.298849,0.031344,0.293560,0.948981,0.115139,-0.064154,-0.100617,0.992855,0,0.72948,-0.76756,43.769,-1.535,825.000,350.000,-1,425.000,-1,300.000,325.000,250.000,125.000,-1,-1,-1,-1,625.000,750.000,950.000,-1,0,0,2,0,2,0,0,0,1,2,2,2,2,0,0,0,2
130,11399.908,-892.128,163.941,15.946,0.961263,-0.273300,0.035788,0.267640,0.956526,0.115873,-0.065900,-0.101807,0.992619,0,0.72621,-0.76712,43.573,-1.534,800.000,350.000,-1,425.000,-1,300.000,325.000,250.000,125.000,-1,-1,-1,-1,600.000,725.000,875.000,-1,0,0,2,0,2,0,0,0,1,2,2,2,2,0,0,0,2
131,11441.930,-881.327,162.459,14.413,0.968059,-0.247585,0.039538,0.241653,0.963397,0.116064,-0.066826,-0.102802,0.992455,0,0.72309,-0.76657,43.385,-1.533,750.000,350.000,-1,400.000,-1,300.000,325.000,250.000,150.000,-1,-1,-1,-1,600.000,725.000,825.000,-1,0,0,2,0,2,0,0,0,1,2,2,2,2,0,0,0,2
132,11484.053,-871.693,160.928,12.881,0.974175,-0.221726,0.042678,0.215612,0.969594,0.115755,-0.067046,-0.103564,0.992360,0,0.72014,-0.76590,43.208,-1.532,725.000,350.000,-1,400.000,-1,300.000,325.000,250.000,150.000,-1,-1,-1,-1,575.000,700.000,775.000,-1,0,0,2,0,2,0,0,0,1,2,2,2,2,0,0,0,2
133,11526.256,-863.221,159.345,11.351,0.979609,-0.195744,0.045291,0.189531,0.975118,0.114988,-0.066673,-0.104059,0.992334,0,0.71737,-0.76512,43.042,-1.530,675.000,350.000,-1,400.000,-1,300.000,325.000,250.000,175.000,-1,-1,-1,-1,575.000,700.000,750.000,-1,0,0,2,0,2,0,0,0,1,2,2,2,2,0,0,0,2
134,11568.517,-855.905,157.707,9.822,0.984359,-0.169661,0.047462,0.163418,0.979972,0.113793,-0.065818,-0.104257,0.992370,0,0.71480,-0.76424,42.888,-1.528,650.000,350.000,-1,400.000,-1,300.000,325.000,250.000,175.000,-1,-1,-1,-1,575.000,675.000,700.000,-1,0,0,2,0,2,0,0,0,1,2,2,2,2,0,0,0,2
135,11614.601,-848.990,155.955,8.534,0.987794,-0.147581,0.049829,0.141256,0.983531,0.112756,-0.065649,-0.104341,0.992372,0,0.77663,-0.64424,46.598,-1.288,625.000,350.000,-1,375.000,-1,300.000,300.000,250.000,200.000,-1,-1,-1,-1,550.000,675.000,675.000,-1,0,0,2,0,2,0,0,0,1,2,2,2,2,0,0,0,2
136,11660.627,-842.942,154.220,7.485,0.990204,-0.129560,0.052057,0.123141,0.986070,0.111811,-0.065818,-0.104305,0.992365,0,0.77367,-0.52424,46.420,-1.048,600.000,325.000,-1,375.000,-1,300.000,300.000,250.000,200.000,-1,-1,-1,-1,550.000,650.000,625.000,-1,0,0,2,0,2,0,0,0,1,2,2,2,2,0,0,0,2
137,11706.551,-837.566,152.531,6.677,0.991813,-0.115634,0.054177,0.109098,0.987804,0.111091,-0.066362,-0.104271,0.992332,0,0.77061,-0.40424,46.237,-0.808,575.000,325.000,-1,375.000,-1,275.000,300.000,250.000,225.000,-1,-1,-1,-1,525.000,650.000,600.000,-1,0,0,2,0,2,0,0,0,1,2,2,2,2,0,0,0,2
138,11752.342,-832.666,150.919,6.108,0.992795,-0.105827,0.056203,0.099141,0.988892,0.110741,-0.067298,-0.104371,0.992259,0,0.76752,-0.28424,46.051,-0.568,525.000,325.000,-1,375.000,-1,275.000,300.000,250.000,225.000,-1,-1,-1,-1,525.000,625.000,550.000,-1,0,0,2,0,2,0,0,0,1,2,2,2,2,0,0,0,2
