timestep,x_cm,y_cm,z_cm,yaw_deg,basis_xx,basis_xy,basis_xz,basis_yx,basis_yy,basis_yz,basis_zx,basis_zy,basis_zz,teleport_flag,throttle_cmd,steering_cmd,cmd_move_cm,cmd_turn_deg,lidar_cm_0,lidar_cm_1,lidar_cm_2,lidar_cm_3,lidar_cm_4,lidar_cm_5,lidar_cm_6,lidar_cm_7,lidar_cm_8,lidar_cm_9,lidar_cm_10,lidar_cm_11,lidar_cm_12,lidar_cm_13,lidar_cm_14,lidar_cm_15,lidar_cm_16,lidar_class_0,lidar_class_1,lidar_class_2,lidar_class_3,lidar_class_4,lidar_class_5,lidar_class_6,lidar_class_7,lidar_class_8,lidar_class_9,lidar_class_10,lidar_class_11,lidar_class_12,lidar_class_13,lidar_class_14,lidar_class_15,lidar_class_16
0,-6883.246,7540.632,34.986,-32.681,0.841541,0.539789,0.020886,-0.540124,0.841424,0.016489,-0.008673,-0.025157,0.999646,1,0.08000,-0.12000,4.800,-0.240,-1,400.000,-1,400.000,-1,325.000,325.000,300.000,325.000,-1,550.000,475.000,625.000,825.000,750.000,-1,-1,2,0,2,0,2,0,0,0,0,2,1,1,1,0,0,2,2
1,-6875.209,7535.381,34.878,-33.161,0.836990,0.546818,0.020903,-0.547152,0.836870,0.016525,-0.008457,-0.025269,0.999645,0,0.16000,-0.24000,9.600,-0.480,-1,400.000,-1,400.000,-1,325.000,325.000,300.000,325.000,-1,575.000,475.000,625.000,825.000,750.000,-1,-1,2,0,2,0,2,0,0,0,0,2,1,1,1,0,0,2,2
2,-6863.254,7527.354,34.719,-33.881,0.830055,0.557289,0.020938,-0.557622,0.829929,0.016576,-0.008139,-0.025434,0.999643,0,0.24000,-0.36000,14.400,-0.720,-1,400.000,-1,400.000,-1,325.000,325.000,300.000,325.000,-1,575.000,500.000,650.000,825.000,750.000,-1,-1,2,0,2,0,2,0,0,0,0,2,1,1,1,0,0,2,2
3,-6847.496,7516.385,34.515,-34.841,0.820603,0.571112,0.020997,-0.571446,0.820471,0.016637,-0.007726,-0.025651,0.999641,0,0.32000,-0.48000,19.200,-0.960,-1,400.000,-1,400.000,-1,325.000,325.000,300.000,325.000,-1,625.000,525.000,650.000,825.000,750.000,-1,-1,2,0,2,0,2,0,0,0,0,2,1,1,1,0,0,2,2
4,-6828.089,7502.264,34.281,-36.041,0.808466,0.588166,0.021047,-0.588499,0.808326,0.016688,-0.007198,-0.025878,0.999639,0,0.40000,-0.60000,24.000,-1.200,-1,400.000,-1,400.000,-1,325.000,325.000,300.000,325.000,-1,650.000,575.000,675.000,825.000,750.000,-1,-1,2,0,2,0,2,0,0,0,0,2,1,1,1,0,0,2,2
5,-6805.235,7484.739,34.035,-37.481,0.793435,0.608291,0.021062,-0.608620,0.793286,0.016710,-0.006543,-0.026077,0.999639,0,0.48000,-0.72000,28.800,-1.440,-1,400.000,-1,400.000,-1,325.000,325.000,300.000,325.000,-1,700.000,600.000,675.000,825.000,750.000,-1,-1,2,0,2,0,2,0,0,0,0,2,1,1,1,0,0,2,2
6,-6781.210,7465.172,33.867,-39.161,0.775263,0.631287,0.021069,-0.631610,0.775113,0.016387,-0.005986,-0.026011,0.999644,0,0.51641,-0.84000,30.985,-1.680,-1,400.000,-1,400.000,-1,325.000,325.000,300.000,325.000,-1,750.000,650.000,700.000,825.000,750.000,-1,-1,2,0,2,0,2,0,0,0,0,2,1,1,1,0,0,2,2
7,-6757.474,7444.479,33.748,-41.081,0.753680,0.656904,0.021050,-0.657220,0.753530,0.015983,-0.005362,-0.025881,0.999651,0,0.52483,-0.96000,31.490,-1.920,-1,400.000,-1,400.000,-1,325.000,325.000,300.000,325.000,-1,825.000,725.000,700.000,825.000,750.000,-1,-1,2,0,2,0,2,0,0,0,0,2,1,1,1,0,0,2,2
8,-6734.085,7422.607,33.655,-43.081,0.730300,0.682805,0.020982,-0.683111,0.730148,0.015603,-0.004666,-0.025728,0.999658,0,0.53369,-1.00000,32.022,-2.000,-1,400.000,-1,400.000,-1,325.000,325.000,300.000,325.000,-1,900.000,775.000,725.000,825.000,750.000,-1,-1,2,0,2,0,2,0,0,0,0,2,1,1,1,0,0,2,2
9,-6711.098,7399.555,33.588,-45.081,0.706031,0.707874,0.020862,-0.708170,0.705877,0.015258,-0.003925,-0.025546,0.999666,0,0.54259,-1.00000,32.555,-2.000,-1,400.000,-1,400.000,-1,325.000,325.000,300.000,325.000,-1,975.000,850.000,750.000,825.000,750.000,-1,-1,2,0,2,0,2,0,0,0,0,2,1,1,1,0,0,2,2
10,-6688.572,7375.330,33.547,-47.081,0.680903,0.732081,0.020695,-0.732367,0.680746,0.014958,-0.003138,-0.025342,0.999674,0,0.55131,-1.00000,33.079,-2.000,-1,400.000,-1,400.000,-1,325.000,325.000,300.000,325.000,-1,-1,925.000,750.000,825.000,750.000,-1,-1,2,0,2,0,2,0,0,0,0,2,2,1,1,0,0,2,2
11,-6666.571,7349.948,33.533,-49.081,0.654947,0.755397,0.020493,-0.755672,0.654786,0.014709,-0.002307,-0.025119,0.999682,0,0.55985,-1.00000,33.591,-2.000,-1,400.000,-1,400.000,-1,325.000,325.000,300.000,325.000,-1,-1,1000.000,775.000,825.000,750.000,-1,-1,2,0,2,0,2,0,0,0,0,2,2,1,1,0,0,2,2
12,-6645.154,7323.423,33.543,-51.081,0.628193,0.777793,0.020278,-0.778056,0.628027,0.014517,-0.001444,-0.024897,0.999689,0,0.56819,-1.00000,34.092,-2.000,-1,400.000,-1,400.000,-1,325.000,325.000,300.000,325.000,-1,-1,-1,800.000,825.000,750.000,-1,-1,2,0,2,0,2,0,0,0,0,2,2,2,1,0,0,2,2
13,-6624.382,7295.777,33.463,-53.081,0.600667,0.799232,0.020664,-0.799499,0.600496,0.014368,-0.000925,-0.025151,0.999683,0,0.57633,-1.00000,34.580,-2.000,-1,400.000,-1,400.000,-1,325.000,325.000,300.000,325.000,-1,-1,-1,825.000,825.000,750.000,-1,-1,2,0,2,0,2,0,0,0,0,2,2,2,1,0,0,2,2
14,-6604.315,7267.032,33.371,-55.081,0.572408,0.819701,0.020950,-0.819968,0.572237,0.014029,-0.000489,-0.025209,0.999682,0,0.58427,-1.00000,35.056,-2.000,-1,400.000,-1,400.000,-1,325.000,325.000,325.000,325.000,-1,-1,-1,850.000,800.000,750.000,-1,-1,2,0,2,0,2,0,0,0,0,2,2,2,1,0,0,2,2
15,-6585.012,7237.216,33.309,-57.081,0.543454,0.839172,0.021187,-0.839439,0.543281,0.013709,-0.000006,-0.025235,0.999682,0,0.59198,-1.00000,35.519,-2.000,-1,400.000,-1,400.000,-1,325.000,325.000,325.000,325.000,-1,-1,-1,875.000,800.000,750.000,-1,-1,2,0,2,0,2,0,0,0,0,2,2,2,1,0,0,2,2
16,-6566.531,7206.359,33.283,-59.081,0.513838,0.857621,0.021382,-0.857887,0.513663,0.013425,0.000531,-0.025242,0.999681,0,0.59947,-1.00000,35.968,-2.000,-1,400.000,-1,400.000,-1,325.000,325.000,325.000,325.000,-1,-1,-1,900.000,800.000,750.000,-1,-1,2,0,2,0,2,0,0,0,0,2,2,2,1,0,0,2,2
17,-6548.927,7174.495,33.292,-61.081,0.483598,0.875025,0.021541,-0.875290,0.483420,0.013180,0.001120,-0.025228,0.999681,0,0.60673,-1.00000,36.404,-2.000,-1,400.000,-1,400.000,-1,325.000,325.000,325.000,325.000,-1,-1,-1,925.000,800.000,750.000,-1,-1,2,0,2,0,2,0,0,0,0,2,2,2,1,0,0,2,2
18,-6532.255,7141.659,33.337,-63.081,0.452770,0.891364,0.021668,-0.891626,0.452588,0.012974,0.001758,-0.025194,0.999681,0,0.61376,-1.00000,36.825,-2.000,-1,400.000,-1,400.000,-1,325.000,325.000,325.000,325.000,-1,-1,-1,975.000,775.000,750.000,-1,-1,2,0,2,0,2,0,0,0,0,2,2,2,1,0,0,2,2
19,-6516.567,7107.893,33.412,-65.081,0.421392,0.906622,0.021593,-0.906875,0.421206,0.012740,0.002455,-0.024950,0.999686,0,0.62055,-1.00000,37.233,-2.000,-1,400.000,-1,400.000,-1,325.000,325.000,325.000,325.000,-1,-1,-1,1000.000,775.000,750.000,-1,-1,2,0,2,0,2,0,0,0,0,2,2,2,1,0,0,2,2
20,-6501.915,7073.237,33.524,-67.081,0.389500,0.920779,0.021359,-0.921021,0.389313,0.012485,0.003180,-0.024535,0.999694,0,0.62709,-1.00000,37.626,-2.000,-1,400.000,-1,400.000,-1,300.000,325.000,325.000,325.000,-1,-1,-1,-1,775.000,750.000,-1,-1,2,0,2,0,2,0,0,0,0,2,2,2,2,0,0,2,2
21,-6488.346,7037.738,33.682,-69.081,0.357133,0.933816,0.021064,-0.934045,0.356946,0.012206,0.003879,-0.024033,0.999704,0,0.63340,-1.00000,38.004,-2.000,-1,400.000,-1,400.000,-1,300.000,325.000,325.000,325.000,-1,-1,-1,-1,775.000,775.000,-1,-1,2,0,2,0,2,0,0,0,0,2,2,2,2,0,0,2,2
22,-6475.906,7001.443,33.893,-71.081,0.324330,0.945718,0.020669,-0.945933,0.324143,0.011918,0.004571,-0.023417,0.999715,0,0.63946,-1.00000,38.368,-2.000,-1,400.000,-1,400.000,-1,300.000,325.000,325.000,325.000,-1,-1,-1,-1,775.000,775.000,-1,-1,2,0,2,0,2,0,0,0,0,2,2,2,2,0,0,2,2
23,-6464.639,6964.402,34.155,-73.081,0.291130,0.956471,0.020176,-0.956669,0.290946,0.011629,0.005253,-0.022688,0.999729,0,0.64528,-1.00000,38.717,-2.000,-1,375.000,-1,400.000,-1,300.000,325.000,325.000,325.000,-1,-1,-1,-1,775.000,775.000,-1,-1,2,0,2,0,2,0,0,0,0,2,2,2,2,0,0,2,2
24,-6454.585,6926.668,34.467,-75.081,0.257575,0.966060,0.019586,-0.966240,0.257393,0.011345,0.005918,-0.021847,0.999744,0,0.65084,-1.00000,39.051,-2.000,-1,375.000,-1,400.000,-1,300.000,325.000,325.000,325.000,-1,-1,-1,-1,775.000,775.000,-1,-1,2,0,2,0,2,0,0,0,0,2,2,2,2,0,0,2,2
25,-6445.783,6888.294,34.827,-77.081,0.223703,0.974474,0.018901,-0.974635,0.223526,0.011072,0.006565,-0.020898,0.999760,0,0.65616,-1.00000,39.370,-2.000,-1,375.000,-1,400.000,-1,300.000,325.000,325.000,325.000,-1,-1,-1,-1,775.000,775.000,-1,-1,2,0,2,0,2,0,0,0,0,2,2,2,2,0,0,2,2
26,-6438.268,6849.338,35.234,-79.081,0.189557,0.981702,0.018122,-0.981843,0.189385,0.010817,0.007187,-0.019844,0.999777,0,0.66124,-1.00000,39.674,-2.000,-1,375.000,-1,400.000,-1,300.000,325.000,325.000,300.000,-1,-1,-1,-1,800.000,775.000,-1,-1,2,0,2,0,2,0,0,0,0,2,2,2,2,0,0,2,2
27,-6432.072,6809.857,35.569,-81.081,0.155188,0.987727,0.017656,-0.987851,0.155011,0.011026,0.008154,-0.019152,0.999783,0,0.66607,-1.00000,39.964,-2.000,-1,375.000,-1,400.000,-1,300.000,325.000,325.000,300.000,-1,-1,-1,-1,800.000,775.000,-1,-1,2,0,2,0,2,0,0,0,0,2,2,2,2,0,0,2,2
28,-6427.225,6769.911,35.936,-83.081,0.120629,0.992549,0.017165,-0.992656,0.120447,0.011271,0.009119,-0.018399,0.999789,0,0.67065,-1.00000,40.239,-2.000,-1,375.000,-1,400.000,-1,300.000,325.000,325.000,300.000,-1,-1,-1,-1,800.000,775.000,-1,-1,2,0,2,0,2,0,0,0,0,2,2,2,2,0,0,2,2
29,-6423.753,6729.560,36.351,-85.081,0.085919,0.996164,0.016591,-0.996252,0.085735,0.011489,0.010023,-0.017516,0.999796,0,0.67500,-1.00000,40.500,-2.000,-1,375.000,-1,400.000,-1,325.000,325.000,325.000,300.000,-1,-1,-1,-1,800.000,775.000,-1,-1,2,0,2,0,2,0,0,0,0,2,2,2,2,0,0,2,2
30,-6421.256,6684.329,36.865,-86.841,0.055282,0.998344,0.015903,-0.998413,0.055101,0.011615,0.010719,-0.016520,0.999806,0,0.75500,-0.88000,45.300,-1.760,-1,400.000,-1,400.000,-1,325.000,325.000,325.000,325.000,-1,-1,-1,-1,800.000,775.000,-1,-1,2,0,2,0,2,0,0,0,0,2,2,2,2,0,0,2,2
31,-6419.904,6637.077,37.442,-88.361,0.028775,0.999471,0.015130,-0.999523,0.028600,0.011664,0.011225,-0.015458,0.999818,0,0.78786,-0.76000,47.271,-1.520,-1,400.000,-1,400.000,-1,325.000,325.000,325.000,325.000,-1,-1,-1,-1,800.000,775.000,-1,-1,2,0,2,0,2,0,0,0,0,2,2,2,2,0,0,2,2
32,-6419.607,6589.593,38.053,-89.641,0.006432,0.999877,0.014299,-0.999913,0.006266,0.011650,0.011559,-0.014373,0.999830,0,0.79141,-0.64000,47.485,-1.280,-1,400.000,-1,400.000,-1,325.000,325.000,325.000,325.000,-1,-1,-1,-1,800.000,775.000,-1,-1,2,0,2,0,2,0,0,0,0,2,2,2,2,0,0,2,2
33,-6420.174,6541.914,38.586,-90.681,-0.011726,0.999838,0.013638,-0.999863,-0.011883,0.011528,0.011688,-0.013501,0.999841,0,0.79471,-0.52000,47.683,-1.040,-1,400.000,-1,400.000,-1,325.000,325.000,325.000,325.000,-1,-1,-1,-1,825.000,775.000,-1,-1,2,0,2,0,2,0,0,0,0,2,2,2,2,0,0,2,2
34,-6421.411,6494.058,39.006,-91.481,-0.025690,0.999578,0.013534,-0.999604,-0.025842,0.011156,0.011501,-0.013242,0.999846,0,0.79786,-0.40000,47.871,-0.800,-1,400.000,-1,400.000,-1,325.000,325.000,325.000,325.000,-1,-1,-1,-1,825.000,775.000,-1,-1,2,0,2,0,2,0,0,0,0,2,2,2,2,0,0,2,2
35,-6423.227,6446.036,39.452,-92.166,-0.037641,0.999202,0.013390,-0.999228,-0.037786,0.010765,0.011262,-0.012975,0.999852,0,0.80094,-0.34237,48.056,-0.685,-1,400.000,-1,400.000,-1,325.000,325.000,325.000,325.000,-1,-1,-1,-1,825.000,750.000,-1,-1,2,0,2,0,2,0,0,0,0,2,2,2,2,0,0,2,2
36,-6425.610,6397.848,39.919,-92.831,-0.049242,0.998700,0.013210,-0.998726,-0.049380,0.010373,0.011012,-0.012682,0.999859,0,0.80412,-0.33249,48.247,-0.665,-1,400.000,-1,400.000,-1,325.000,325.000,325.000,325.000,-1,-1,-1,-1,825.000,750.000,-1,-1,2,0,2,0,2,0,0,0,0,2,2,2,2,0,0,2,2
37,-6428.547,6349.489,40.407,-93.476,-0.060486,0.998084,0.012995,-0.998111,-0.060618,0.009985,0.010754,-0.012367,0.999866,0,0.80747,-0.32243,48.448,-0.645,-1,400.000,-1,400.000,-1,325.000,325.000,325.000,325.000,-1,-1,-1,-1,825.000,750.000,-1,-1,2,0,2,0,2,0,0,0,0,2,2,2,2,0,0,2,2
38,-6432.026,6300.954,40.915,-94.100,-0.071365,0.997369,0.012750,-0.997395,-0.071490,0.009605,0.010492,-0.012031,0.999873,0,0.81099,-0.31217,48.660,-0.624,-1,400.000,-1,400.000,-1,325.000,325.000,325.000,325.000,-1,-1,-1,-1,825.000,750.000,-1,-1,2,0,2,0,2,0,0,0,0,2,2,2,2,0,0,2,2
39,-6436.034,6252.237,41.442,-94.703,-0.081872,0.996565,0.012477,-0.996590,-0.081990,0.009238,0.010230,-0.011678,0.999879,0,0.81470,-0.30171,48.882,-0.603,-1,400.000,-1,400.000,-1,325.000,325.000,325.000,325.000,-1,-1,-1,-1,825.000,725.000,-1,-1,2,0,2,0,2,0,0,0,0,2,2,2,2,0,0,2,2
40,-6440.558,6203.330,41.986,-95.285,-0.091999,0.995685,0.012178,-0.995709,-0.092110,0.008888,0.009972,-0.011308,0.999886,0,0.81859,-0.29104,49.115,-0.582,-1,400.000,-1,400.000,-1,325.000,325.000,325.000,325.000,-1,-1,-1,-1,825.000,725.000,-1,-1,2,0,2,0,2,0,0,0,0,2,2,2,2,0,0,2,2
41,-6445.583,6154.332,42.548,-95.855,-0.101899,0.994724,0.011857,-0.994747,-0.102004,0.008561,0.009726,-0.010922,0.999893,0,0.82093,-0.28477,49.256,-0.570,-1,400.000,-1,400.000,-1,325.000,325.000,325.000,325.000,-1,-1,-1,-1,825.000,725.000,-1,-1,2,0,2,0,2,0,0,0,0,2,2,2,2,0,0,2,2
42,-6451.094,6105.385,43.123,-96.424,-0.111789,0.993665,0.011517,-0.993687,-0.111887,0.008264,0.009500,-0.010521,0.999900,0,0.82093,-0.28477,49.256,-0.570,-1,400.000,-1,375.000,-1,325.000,325.000,325.000,325.000,-1,-1,-1,-1,825.000,725.000,-1,-1,2,0,2,0,2,0,0,0,0,2,2,2,2,0,0,2,2
43,-6457.092,6056.496,43.712,-96.994,-0.121667,0.992508,0.011161,-0.992527,-0.121759,0.007999,0.009298,-0.010104,0.999906,0,0.82093,-0.28477,49.256,-0.570,-1,400.000,-1,375.000,-1,325.000,325.000,325.000,325.000,-1,-1,-1,-1,825.000,700.000,-1,-1,2,0,2,0,2,0,0,0,0,2,2,2,2,0,0,2,2
44,-6463.575,6007.669,44.275,-97.564,-0.131533,0.991251,0.010940,-0.991271,-0.131620,0.007615,0.008988,-0.009843,0.999911,0,0.82093,-0.28477,49.256,-0.570,-1,400.000,-1,375.000,-1,325.000,325.000,325.000,325.000,-1,-1,-1,-1,825.000,700.000,-1,-1,2,0,2,0,2,0,0,0,0,2,2,2,2,0,0,2,2
45,-6470.544,5958.909,44.837,-98.133,-0.141385,0.989896,0.010751,-0.989917,-0.141467,0.007219,0.008666,-0.009622,0.999916,0,0.82093,-0.28477,49.256,-0.570,-1,400.000,-1,375.000,-1,325.000,325.000,325.000,325.000,-1,-1,-1,-1,825.000,700.000,-1,-1,2,0,2,0,2,0,0,0,0,2,2,2,2,0,0,2,2
46,-6477.996,5910.220,45.171,-98.703,-0.151211,0.988434,0.011582,-0.988462,-0.151298,0.007120,0.008790,-0.010372,0.999908,0,0.82093,-0.28477,49.256,-0.570,-1,400.000,-1,375.000,-1,325.000,325.000,325.000,325.000,-1,-1,-1,-1,825.000,700.000,-1,-1,2,0,2,0,2,0,0,0,0,2,2,2,2,0,0,2,2
47,-6485.933,5861.608,45.473,-99.272,-0.161019,0.986869,0.012725,-0.986912,-0.161114,0.006864,0.008824,-0.011453,0.999895,0,0.82093,-0.28477,49.256,-0.570,-1,400.000,-1,375.000,-1,325.000,325.000,325.000,325.000,-1,-1,-1,-1,825.000,700.000,-1,-1,2,0,2,0,2,0,0,0,0,2,2,2,2,0,0,2,2
48,-6493.876,5816.930,45.860,-100.082,-0.174934,0.984479,0.014086,-0.984539,-0.175039,0.006625,0.008987,-0.012709,0.999879,0,0.75631,-0.40477,45.378,-0.810,-1,400.000,-1,375.000,-1,325.000,325.000,325.000,325.000,-1,-1,-1,-1,825.000,700.000,-1,-1,2,0,2,0,2,0,0,0,0,2,2,2,2,0,0,2,2
49,-6502.637,5772.405,46.293,-101.131,-0.192922,0.981092,0.015464,-0.981170,-0.193039,0.006452,0.009316,-0.013928,0.999860,0,0.75631,-0.52477,45.378,-1.050,-1,400.000,-1,375.000,-1,325.000,300.000,325.000,325.000,-1,-1,-1,-1,800.000,700.000,-1,-1,2,0,2,0,2,0,0,0,0,2,2,2,2,0,0,2,2
50,-6512.397,5728.089,46.776,-102.421,-0.214936,0.976483,0.016819,-0.976579,-0.215066,0.006345,0.009813,-0.015061,0.999838,0,0.75631,-0.64477,45.378,-1.290,-1,400.000,-1,375.000,-1,325.000,300.000,325.000,325.000,-1,-1,-1,-1,800.000,700.000,-1,-1,2,0,2,0,2,0,0,0,0,2,2,2,2,0,0,2,2
51,-6523.271,5684.033,47.320,-103.865,-0.239451,0.970739,0.018127,-0.970852,-0.239597,0.006312,0.010471,-0.016087,0.999816,0,0.75631,-0.72186,45.378,-1.444,-1,400.000,-1,375.000,-1,325.000,300.000,325.000,325.000,-1,-1,-1,-1,800.000,700.000,-1,-1,2,0,2,0,2,0,0,0,0,2,2,2,2,0,0,2,2
52,-6535.251,5640.264,47.933,-105.308,-0.263811,0.964380,0.019376,-0.964509,-0.263974,0.006365,0.011253,-0.017010,0.999792,0,0.75631,-0.72186,45.378,-1.444,-1,400.000,-1,375.000,-1,325.000,300.000,325.000,325.000,-1,-1,-1,-1,800.000,700.000,-1,-1,2,0,2,0,2,0,0,0,0,2,2,2,2,0,0,2,2
53,-6548.330,5596.812,48.616,-106.752,-0.288000,0.957409,0.020575,-0.957553,-0.288184,0.006512,0.012164,-0.017826,0.999767,0,0.75631,-0.72186,45.378,-1.444,-1,400.000,-1,375.000,-1,325.000,300.000,325.000,325.000,-1,-1,-1,-1,775.000,725.000,-1,-1,2,0,2,0,2,0,0,0,0,2,2,2,2,0,0,2,2
54,-6562.500,5553.702,49.298,-108.196,-0.312012,0.949837,0.021391,-0.949989,-0.312212,0.006635,0.012981,-0.018251,0.999749,0,0.75631,-0.72186,45.378,-1.444,-1,400.000,-1,375.000,-1,325.000,300.000,325.000,325.000,-1,-1,-1,-1,775.000,725.000,-1,-1,2,0,2,0,2,0,0,0,0,2,2,2,2,0,0,2,2
55,-6577.752,5510.964,49.957,-109.639,-0.335834,0.941670,0.021725,-0.941822,-0.336044,0.006735,0.013642,-0.018199,0.999741,0,0.75631,-0.72186,45.378,-1.444,-1,400.000,-1,375.000,-1,300.000,300.000,325.000,325.000,-1,-1,-1,-1,775.000,725.000,-1,-1,2,0,2,0,2,0,0,0,0,2,2,2,2,0,0,2,2
56,-6594.076,5468.623,50.680,-111.083,-0.359443,0.932909,0.021958,-0.933056,-0.359664,0.006970,0.014400,-0.017983,0.999735,0,0.75631,-0.72186,45.378,-1.444,-1,400.000,-1,375.000,-1,300.000,300.000,325.000,325.000,-1,-1,-1,-1,775.000,725.000,-1,-1,2,0,2,0,2,0,0,0,0,2,2,2,2,0,0,2,2
57,-6611.461,5426.707,51.424,-112.527,-0.382818,0.923554,0.022324,-0.923695,-0.383056,0.007417,0.015402,-0.017782,0.999723,0,0.75631,-0.72186,45.378,-1.444,-1,400.000,-1,375.000,-1,300.000,300.000,325.000,325.000,-1,-1,-1,-1,775.000,725.000,-1,-1,2,0,2,0,2,0,0,0,0,2,2,2,2,0,0,2,2
58,-6629.897,5385.242,52.193,-113.971,-0.405944,0.913613,0.022826,-0.913747,-0.406204,0.008065,0.016640,-0.017583,0.999707,0,0.75631,-0.72186,45.378,-1.444,-1,375.000,-1,375.000,-1,300.000,300.000,325.000,325.000,-1,-1,-1,-1,750.000,725.000,-1,-1,2,0,2,0,2,0,0,0,0,2,2,2,2,0,0,2,2
59,-6649.372,5344.255,52.941,-115.414,-0.428798,0.903089,0.023727,-0.903215,-0.429094,0.008963,0.018275,-0.017587,0.999678,0,0.75631,-0.72186,45.378,-1.444,-1,375.000,-1,375.000,-1,300.000,300.000,325.000,325.000,-1,-1,-1,-1,750.000,750.000,-1,-1,2,0,2,0,2,0,0,0,0,2,2,2,2,0,0,2,2
60,-6669.873,5303.771,53.712,-116.858,-0.451381,0.891991,0.024649,-0.892112,-0.451711,0.009684,0.019773,-0.017619,0.999649,0,0.75631,-0.72186,45.378,-1.444,-1,375.000,-1,375.000,-1,300.000,300.000,325.000,325.000,-1,-1,-1,-1,750.000,750.000,-1,-1,2,0,2,0,2,0,0,0,0,2,2,2,2,0,0,2,2
61,-6691.388,5263.817,54.521,-118.302,-0.473680,0.880327,0.025545,-0.880443,-0.474041,0.010286,0.021164,-0.017619,0.999621,0,0.75631,-0.72186,45.378,-1.444,-1,375.000,-1,375.000,-1,300.000,300.000,325.000,325.000,-1,-1,725.000,-1,750.000,750.000,-1,-1,2,0,2,0,2,0,0,0,0,2,2,0,2,0,0,2,2
62,-6713.902,5224.418,55.402,-119.745,-0.495679,0.868106,0.026340,-0.868213,-0.496071,0.010914,0.022541,-0.017459,0.999593,0,0.75631,-0.72186,45.378,-1.444,-1,375.000,-1,400.000,-1,300.000,325.000,325.000,325.000,-1,-1,700.000,-1,775.000,750.000,-1,-1,2,0,2,0,2,0,0,0,0,2,2,0,2,0,0,2,2
63,-6737.402,5185.598,56.357,-121.189,-0.517367,0.855337,0.027029,-0.855430,-0.517789,0.011575,0.023896,-0.017133,0.999568,0,0.75631,-0.72186,45.378,-1.444,-1,375.000,-1,400.000,-1,300.000,325.000,325.000,325.000,-1,850.000,675.000,-1,775.000,750.000,-1,-1,2,0,2,0,2,0,0,0,0,2,0,0,2,0,0,2,2
64,-6761.873,5147.383,57.419,-122.633,-0.538729,0.842025,0.027656,-0.842104,-0.539178,0.012131,0.025126,-0.016754,0.999544,0,0.75631,-0.72186,45.378,-1.444,-1,375.000,-1,400.000,-1,325.000,325.000,325.000,325.000,-1,750.000,675.000,-1,775.000,775.000,-1,-1,2,0,2,0,2,0,0,0,0,2,0,0,2,0,0,2,2
65,-6787.299,5109.797,58.578,-124.077,-0.559753,0.828180,0.028187,-0.828243,-0.560226,0.012643,0.026262,-0.016269,0.999523,0,0.75631,-0.72186,45.378,-1.444,-1,400.000,-1,400.000,-1,325.000,325.000,325.000,325.000,-1,725.000,650.000,-1,800.000,775.000,-1,-1,2,0,2,0,2,0,0,0,0,2,0,0,2,0,0,2,2
66,-6813.663,5072.863,59.823,-125.520,-0.580426,0.813811,0.028598,-0.813854,-0.580920,0.013168,0.027330,-0.015631,0.999504,0,0.75631,-0.72186,45.378,-1.444,-1,400.000,-1,400.000,-1,325.000,325.000,325.000,325.000,-1,700.000,650.000,-1,800.000,800.000,-1,-1,2,0,2,0,2,0,0,0,0,2,0,0,2,0,0,2,2
67,-6840.950,5036.605,61.157,-126.964,-0.600736,0.798926,0.028884,-0.798946,-0.601247,0.013711,0.028321,-0.014840,0.999489,0,0.75631,-0.72186,45.378,-1.444,-1,400.000,-1,400.000,-1,325.000,325.000,325.000,350.000,-1,725.000,675.000,-1,800.000,800.000,-1,-1,2,0,2,0,2,0,0,0,0,2,0,0,2,0,0,2,2
68,-6869.142,5001.046,62.479,-128.408,-0.620687,0.783538,0.028557,-0.783525,-0.621196,0.014276,0.028925,-0.013514,0.999490,0,0.75631,-0.72186,45.378,-1.444,-1,400.000,-1,400.000,-1,325.000,325.000,325.000,325.000,-1,825.000,700.000,-1,825.000,800.000,-1,-1,2,0,2,0,2,0,0,0,0,2,0,0,2,0,0,2,2
69,-6898.220,4966.209,63.775,-129.851,-0.640252,0.767650,0.028110,-0.767615,-0.640750,0.014387,0.029056,-0.012366,0.999501,0,0.75631,-0.72186,45.378,-1.444,-1,400.000,-1,400.000,-1,325.000,325.000,325.000,325.000,-1,-1,750.000,-1,825.000,825.000,-1,-1,2,0,2,0,2,0,0,0,0,2,2,0,2,0,0,2,2
70,-6928.167,4932.115,64.822,-131.295,-0.659416,0.751269,0.027644,-0.751231,-0.659893,0.013868,0.028661,-0.011623,0.999522,0,0.75631,-0.72186,45.378,-1.444,-1,400.000,-1,400.000,-1,325.000,325.000,325.000,325.000,-1,-1,800.000,-1,800.000,825.000,-1,-1,2,0,2,0,2,0,0,0,0,2,2,0,2,0,0,2,2
71,-6958.964,4898.787,65.904,-132.739,-0.678166,0.734414,0.026955,-0.734361,-0.678620,0.013701,0.028355,-0.010503,0.999543,0,0.75631,-0.72186,45.378,-1.444,-1,400.000,-1,400.000,-1,325.000,325.000,325.000,325.000,-1,-1,-1,-1,800.000,825.000,-1,-1,2,0,2,0,2,0,0,0,0,2,2,2,2,0,0,2,2
72,-6990.590,4866.245,67.041,-134.183,-0.696485,0.717092,0.026228,-0.717022,-0.696917,0.013663,0.028076,-0.009290,0.999563,0,0.75631,-0.72186,45.378,-1.444,-1,400.000,-1,400.000,-1,325.000,325.000,325.000,325.000,-1,-1,-1,-1,800.000,825.000,-1,-1,2,0,2,0,2,0,0,0,0,2,2,2,2,0,0,2,2
73,-7023.026,4834.510,68.181,-135.626,-0.714353,0.699312,0.025740,-0.699226,-0.714769,0.013719,0.027992,-0.008198,0.999575,0,0.75631,-0.72186,45.378,-1.444,-1,400.000,-1,400.000,-1,325.000,325.000,325.000,325.000,-1,-1,-1,-1,800.000,825.000,-1,-1,2,0,2,0,2,0,0,0,0,2,2,2,2,0,0,2,2
74,-7056.252,4803.603,69.384,-137.070,-0.731769,0.681088,0.025180,-0.680982,-0.732168,0.013893,0.027898,-0.006980,0.999586,0,0.75631,-0.72186,45.378,-1.444,-1,400.000,-1,400.000,-1,325.000,325.000,325.000,325.000,-1,-1,-1,-1,800.000,825.000,-1,-1,2,0,2,0,2,0,0,0,0,2,2,2,2,0,0,2,2
75,-7089.480,4773.970,70.621,-138.274,-0.745938,0.665562,0.024560,-0.665435,-0.746321,0.014215,0.027791,-0.005740,0.999597,0,0.74203,-0.60186,44.522,-1.204,-1,400.000,-1,400.000,-1,325.000,325.000,325.000,325.000,-1,-1,-1,-1,800.000,825.000,-1,-1,2,0,2,0,2,0,0,0,0,2,2,2,2,0,0,2,2
76,-7123.202,4744.900,71.914,-139.237,-0.757050,0.652919,0.023894,-0.652770,-0.757414,0.014668,0.027675,-0.004493,0.999607,0,0.74203,-0.48186,44.522,-0.964,-1,400.000,-1,400.000,-1,325.000,325.000,325.000,325.000,-1,-1,-1,-1,800.000,825.000,-1,-1,2,0,2,0,2,0,0,0,0,2,2,2,2,0,0,2,2
77,-7157.288,4716.259,73.101,-139.961,-0.765281,0.643305,0.022460,-0.643127,-0.765605,0.015376,0.027087,-0.002678,0.999629,0,0.74203,-0.36186,44.522,-0.724,-1,400.000,-1,400.000,-1,325.000,325.000,325.000,325.000,-1,-1,-1,-1,800.000,825.000,-1,-1,2,0,2,0,2,0,0,0,0,2,2,2,2,0,0,2,2
78,-7191.615,4687.907,74.234,-140.445,-0.770739,0.636821,0.020528,-0.636613,-0.771012,0.016278,0.026194,-0.000522,0.999657,0,0.74203,-0.24186,44.522,-0.484,-1,400.000,-1,400.000,-1,325.000,325.000,325.000,325.000,-1,-1,-1,-1,800.000,800.000,-1,-1,2,0,2,0,2,0,0,0,0,2,2,2,2,0,0,2,2
79,-7226.062,4659.700,75.294,-140.689,-0.773490,0.633535,0.018629,-0.633319,-0.773713,0.016554,0.024901,0.001006,0.999689,0,0.74203,-0.12186,44.522,-0.244,-1,400.000,-1,400.000,-1,325.000,325.000,325.000,325.000,-1,-1,-1,-1,800.000,800.000,-1,-1,2,0,2,0,2,0,0,0,0,2,2,2,2,0,0,2,2
80,-7260.511,4631.496,76.340,-140.692,-0.773574,0.633484,0.016774,-0.633273,-0.773753,0.016481,0.023419,0.002127,0.999723,0,0.74203,-0.00186,44.522,-0.004,-1,400.000,-1,400.000,-1,325.000,325.000,325.000,325.000,-1,-1,-1,-1,775.000,775.000,-1,-1,2,0,2,0,2,0,0,0,0,2,2,2,2,0,0,2,2
81,-7294.881,4603.195,77.439,-140.531,-0.771823,0.635660,0.014977,-0.635458,-0.771963,0.016358,0.021960,0.003108,0.999754,0,0.74203,0.08075,44.522,0.161,-1,400.000,-1,400.000,-1,325.000,325.000,325.000,325.000,-1,-1,-1,-1,775.000,775.000,-1,-1,2,0,2,0,2,0,0,0,0,2,2,2,2,0,0,2,2
82,-7329.170,4574.797,78.396,-140.369,-0.770043,0.637833,0.014243,-0.637641,-0.770168,0.015980,0.021163,0.003223,0.999771,0,0.74203,0.08075,44.522,0.161,-1,400.000,-1,400.000,-1,325.000,325.000,325.000,325.000,-1,-1,-1,-1,775.000,775.000,-1,-1,2,0,2,0,2,0,0,0,0,2,2,2,2,0,0,2,2
83,-7363.380,4546.303,79.318,-140.208,-0.768245,0.640002,0.014025,-0.639822,-0.768367,0.015471,0.020677,0.002912,0.999782,0,0.74203,0.08075,44.522,0.161,-1,400.000,-1,400.000,-1,325.000,325.000,325.000,325.000,-1,-1,-1,-1,775.000,750.000,-1,-1,2,0,2,0,2,0,0,0,0,2,2,2,2,0,0,2,2
84,-7397.590,4517.649,80.261,-140.051,-0.766493,0.642104,0.013835,-0.641931,-0.766613,0.015127,0.020319,0.002714,0.999790,0,0.74375,0.07843,44.625,0.157,-1,400.000,-1,400.000,-1,325.000,325.000,325.000,325.000,-1,-1,-1,-1,750.000,750.000,-1,-1,2,0,2,0,2,0,0,0,0,2,2,2,2,0,0,2,2
85,-7433.860,4487.359,81.221,-140.134,-0.767428,0.640990,0.013617,-0.640815,-0.767543,0.015283,0.020247,0.003002,0.999790,0,0.78758,-0.04157,47.255,-0.083,-1,400.000,-1,400.000,-1,325.000,325.000,325.000,325.000,-1,-1,-1,-1,750.000,750.000,-1,-1,2,0,2,0,2,0,0,0,0,2,2,2,2,0,0,2,2
86,-7470.409,4457.185,82.223,-140.457,-0.771036,0.636651,0.013373,-0.636475,-0.771145,0.015338,0.020077,0.003315,0.999793,0,0.78992,-0.16157,47.395,-0.323,-1,400.000,-1,400.000,-1,325.000,325.000,325.000,325.000,-1,-1,-1,-1,775.000,750.000,-1,-1,2,0,2,0,2,0,0,0,0,2,2,2,2,0,0,2,2
87,-7507.357,4427.286,83.126,-141.020,-0.777262,0.629041,0.013082,-0.628880,-0.777366,0.014593,0.019349,0.003116,0.999808,0,0.79217,-0.28157,47.530,-0.563,-1,400.000,-1,400.000,-1,325.000,325.000,325.000,325.000,-1,-1,-1,-1,750.000,750.000,-1,-1,2,0,2,0,2,0,0,0,0,2,2,2,2,0,0,2,2
88,-7544.826,4397.826,84.101,-141.823,-0.786010,0.618083,0.012691,-0.617933,-0.786106,0.013969,0.018611,0.003138,0.999822,0,0.79439,-0.40157,47.663,-0.803,-1,375.000,-1,400.000,-1,325.000,325.000,325.000,325.000,-1,-1,-1,-1,750.000,750.000,-1,-1,2,0,2,0,2,0,0,0,0,2,2,2,2,0,0,2,2
89,-7582.931,4368.972,85.147,-142.867,-0.797142,0.603669,0.012172,-0.603528,-0.797228,0.013497,0.017851,0.003413,0.999835,0,0.79662,-0.52157,47.797,-1.043,-1,375.000,-1,375.000,-1,325.000,325.000,325.000,325.000,-1,-1,-1,-1,750.000,725.000,-1,-1,2,0,2,0,2,0,0,0,0,2,2,2,2,0,0,2,2
90,-7621.784,4340.899,86.261,-144.150,-0.810472,0.585664,0.011498,-0.585529,-0.810544,0.013207,0.017054,0.003972,0.999847,0,0.79890,-0.64157,47.934,-1.283,-1,375.000,-1,375.000,-1,300.000,325.000,325.000,350.000,-1,-1,-1,-1,750.000,725.000,-1,-1,2,0,2,0,2,0,0,0,0,2,2,2,2,0,0,2,2
91,-7661.421,4313.690,87.447,-145.532,-0.824378,0.565939,0.010692,-0.565808,-0.824433,0.013100,0.016229,0.004750,0.999857,0,0.80129,-0.69113,48.077,-1.382,-1,375.000,-1,375.000,-1,300.000,300.000,325.000,350.000,-1,-1,-1,-1,750.000,725.000,-1,-1,2,0,2,0,2,0,0,0,0,2,2,2,2,0,0,2,2
92,-7701.831,4287.368,88.322,-146.921,-0.837856,0.545784,0.010827,-0.545640,-0.837907,0.013730,0.016566,0.005596,0.999847,0,0.80376,-0.69458,48.226,-1.389,-1,375.000,-1,375.000,-1,300.000,300.000,325.000,350.000,-1,-1,-1,-1,750.000,725.000,-1,-1,2,0,2,0,2,0,0,0,0,2,2,2,2,0,0,2,2
93,-7742.998,4261.960,89.151,-148.317,-0.850902,0.525205,0.011210,-0.525041,-0.850951,0.014645,0.017230,0.006576,0.999830,0,0.80628,-0.69803,48.377,-1.396,-1,375.000,-1,375.000,-1,300.000,300.000,325.000,350.000,-1,-1,-1,-1,750.000,725.000,-1,-1,2,0,2,0,2,0,0,0,0,2,2,2,2,0,0,2,2
94,-7784.907,4237.490,90.047,-149.720,-0.863505,0.504208,0.011526,-0.504024,-0.863547,0.015681,0.017860,0.007732,0.999811,0,0.80884,-0.70148,48.530,-1.403,-1,375.000,-1,375.000,-1,300.000,325.000,325.000,350.000,-1,-1,-1,-1,750.000,725.000,-1,-1,2,0,2,0,2,0,0,0,0,2,2,2,2,0,0,2,2
95,-7827.543,4213.983,91.088,-151.130,-0.875644,0.482805,0.012147,-0.482595,-0.875684,0.016686,0.018693,0.008749,0.999787,0,0.81144,-0.70494,48.686,-1.410,-1,375.000,-1,375.000,-1,300.000,325.000,325.000,350.000,-1,-1,-1,-1,750.000,725.000,-1,-1,2,0,2,0,2,0,0,0,0,2,2,2,2,0,0,2,2
96,-7870.887,4191.464,92.181,-152.547,-0.887310,0.461000,0.012666,-0.460764,-0.887344,0.017809,0.019450,0.009966,0.999761,0,0.81408,-0.70840,48.845,-1.417,-1,375.000,-1,375.000,-1,325.000,325.000,325.000,350.000,-1,-1,-1,-1,750.000,750.000,-1,-1,2,0,2,0,2,0,0,0,0,2,2,2,2,0,0,2,2
97,-7914.922,4169.958,93.277,-153.971,-0.898491,0.438803,0.012903,-0.438537,-0.898509,0.019140,0.019992,0.011539,0.999734,0,0.81676,-0.71188,49.006,-1.424,-1,375.000,-1,400.000,-1,325.000,325.000,325.000,350.000,-1,-1,-1,-1,775.000,750.000,-1,-1,2,0,2,0,2,0,0,0,0,2,2,2,2,0,0,2,2
98,-7959.628,4149.491,94.360,-155.401,-0.909163,0.416224,0.013396,-0.415926,-0.909169,0.020428,0.020682,0.013001,0.999702,0,0.81947,-0.71537,49.168,-1.431,-1,375.000,-1,400.000,-1,325.000,325.000,325.000,350.000,-1,-1,-1,-1,775.000,775.000,-1,-1,2,0,2,0,2,0,0,0,0,2,2,2,2,0,0,2,2
99,-8004.984,4130.088,95.324,-156.839,-0.919304,0.393277,0.014603,-0.392941,-0.919315,0.021398,0.021840,0.013933,0.999664,0,0.82221,-0.71887,49.333,-1.438,-1,375.000,-1,400.000,975.000,325.000,325.000,325.000,325.000,-1,-1,-1,-1,775.000,800.000,-1,-1,2,0,2,0,1,0,0,0,0,2,2,2,2,0,0,2,2
100,-8050.970,4111.773,96.222,-158.284,-0.928915,0.369969,0.015511,-0.369611,-0.928930,0.021837,0.022488,0.014552,0.999641,0,0.82497,-0.72239,49.498,-1.445,-1,375.000,-1,400.000,925.000,325.000,325.000,325.000,325.000,-1,-1,-1,-1,775.000,800.000,-1,-1,2,0,2,0,1,0,0,0,0,2,2,2,2,0,0,2,2
101,-8097.561,4094.571,97.155,-159.736,-0.937979,0.346310,0.016255,-0.345930,-0.937996,0.022283,0.022964,0.015277,0.999620,0,0.82776,-0.72593,49.665,-1.452,-1,375.000,-1,400.000,875.000,325.000,325.000,325.000,325.000,-1,-1,-1,-1,800.000,825.000,-1,-1,2,0,2,0,1,0,0,0,0,2,2,2,2,0,0,2,2
102,-8149.043,4076.792,98.215,-160.948,-0.945084,0.326391,0.016887,-0.325986,-0.945097,0.022895,0.023432,0.016133,0.999595,0,0.90776,-0.60593,54.465,-1.212,-1,375.000,-1,400.000,825.000,325.000,325.000,325.000,325.000,-1,-1,-1,-1,825.000,825.000,-1,-1,2,0,2,0,1,0,0,0,0,2,2,2,2,0,0,2,2
103,-8202.253,4059.419,99.344,-161.919,-0.950477,0.310309,0.017380,-0.309879,-0.950483,0.023621,0.023849,0.017066,0.999570,0,0.93290,-0.48593,55.974,-0.972,-1,375.000,-1,400.000,800.000,325.000,325.000,325.000,325.000,-1,-1,-1,-1,850.000,850.000,-1,-1,2,0,2,0,1,0,0,0,0,2,2,2,2,0,0,2,2
104,-8255.811,4042.688,100.514,-162.651,-0.954358,0.298138,0.017742,-0.297682,-0.954352,0.024431,0.024216,0.018034,0.999544,0,0.93518,-0.36593,56.111,-0.732,-1,375.000,-1,400.000,775.000,325.000,325.000,325.000,325.000,-1,-1,-1,-1,875.000,850.000,-1,-1,2,0,2,0,1,0,0,0,0,2,2,2,2,0,0,2,2
105,-8309.614,4026.385,101.724,-163.143,-0.956879,0.289929,0.017995,-0.289447,-0.956859,0.025317,0.024559,0.019017,0.999517,0,0.93697,-0.24593,56.218,-0.492,-1,400.000,-1,400.000,775.000,325.000,325.000,325.000,325.000,-1,-1,500.000,-1,900.000,875.000,-1,-1,2,0,2,0,1,0,0,0,0,2,2,0,2,0,0,2,2
106,-8363.556,4010.299,102.974,-163.395,-0.958143,0.285715,0.018153,-0.285206,-0.958106,0.026268,0.024897,0.019991,0.999490,0,0.93817,-0.12593,56.290,-0.252,-1,400.000,-1,425.000,775.000,325.000,325.000,325.000,325.000,-1,-1,500.000,-1,925.000,975.000,-1,-1,2,0,2,0,1,0,0,0,0,2,2,0,2,0,0,2,2
107,-8417.531,3994.215,104.265,-163.407,-0.958202,0.285511,0.018227,-0.284976,-0.958147,0.027270,0.025250,0.020935,0.999462,0,0.93868,-0.00593,56.321,-0.012,-1,400.000,-1,425.000,800.000,325.000,325.000,325.000,325.000,-1,-1,525.000,-1,950.000,-1,-1,-1,2,0,2,0,1,0,0,0,0,2,2,0,2,0,2,2,2
108,-8471.425,3977.921,105.710,-163.179,-0.957062,0.289321,0.018035,-0.288775,-0.956992,0.027829,0.025311,0.021426,0.999450,0,0.93838,0.11407,56.303,0.228,-1,425.000,-1,425.000,-1,325.000,350.000,325.000,325.000,-1,-1,600.000,-1,1000.000,-1,-1,-1,2,0,2,0,2,0,0,0,0,2,2,0,2,0,2,2,2
109,-8525.163,3961.363,106.897,-162.874,-0.955546,0.294389,0.016313,-0.293850,-0.955408,0.029121,0.024159,0.023033,0.999443,0,0.93718,0.15217,56.231,0.304,-1,425.000,-1,425.000,-1,350.000,350.000,350.000,325.000,-1,-1,725.000,-1,-1,-1,-1,-1,2,0,2,0,2,0,0,0,0,2,2,0,2,2,2,2,2
110,-8578.707,3944.569,107.886,-162.586,-0.954094,0.299180,0.014027,-0.298685,-0.953896,0.029490,0.022203,0.023947,0.999467,0,0.93526,0.14395,56.116,0.288,-1,425.000,-1,425.000,-1,350.000,350.000,350.000,325.000,-1,-1,-1,-1,-1,-1,-1,-1,2,0,2,0,2,0,0,0,0,2,2,2,2,2,2,2,2
111,-8632.027,3927.568,108.723,-162.315,-0.952696,0.303688,0.011998,-0.303239,-0.952455,0.029585,0.020412,0.024547,0.999490,0,0.93276,0.13562,55.966,0.271,-1,425.000,-1,425.000,-1,350.000,350.000,350.000,300.000,-1,-1,-1,-1,-1,-1,-1,-1,2,0,2,0,2,0,0,0,0,2,2,2,2,2,2,2,2
112,-8685.097,3910.387,109.012,-162.061,-0.951367,0.307922,0.009204,-0.307575,-0.951122,0.027653,0.017269,0.023477,0.999575,0,0.92970,0.12721,55.782,0.254,-1,425.000,-1,425.000,-1,325.000,350.000,350.000,300.000,-1,-1,-1,-1,-1,-1,-1,-1,2,0,2,0,2,0,0,0,1,2,2,2,2,2,2,2,2
113,-8738.197,3892.689,109.313,-161.566,-0.948696,0.316126,0.006348,-0.315872,-0.948453,0.025730,0.014155,0.022405,0.999649,0,0.93286,0.24721,55.972,0.494,-1,425.000,-1,425.000,-1,325.000,325.000,325.000,275.000,-1,-1,-1,-1,-1,-1,-1,-1,2,0,2,0,2,0,0,0,1,2,2,2,2,2,2,2,2
114,-8790.802,3874.404,109.623,-160.832,-0.944580,0.328264,0.003471,-0.328095,-0.944345,0.023797,0.011090,0.021340,0.999711,0,0.92819,0.36721,55.692,0.734,-1,425.000,-1,400.000,-1,325.000,325.000,325.000,275.000,-1,-1,-1,-1,-1,-1,-1,-1,2,0,2,0,2,0,0,0,1,2,2,2,2,2,2,2,2
115,-8842.770,3855.359,109.946,-159.873,-0.938960,0.344027,0.000596,-0.343933,-0.938741,0.021822,0.008067,0.020286,0.999762,0,0.92248,0.47937,55.349,0.959,-1,425.000,-1,425.000,-1,325.000,325.000,325.000,275.000,-1,-1,-1,-1,-1,-1,-1,-1,2,0,2,0,2,0,0,0,1,2,2,2,2,2,2,2,2
116,-8894.039,3835.596,110.283,-158.919,-0.933094,0.359627,-0.002273,-0.359599,-0.932897,0.019814,0.005005,0.019305,0.999801,0,0.91577,0.47733,54.946,0.955,-1,425.000,-1,450.000,-1,325.000,325.000,325.000,275.000,-1,-1,-1,-1,-1,-1,-1,-1,2,0,2,0,2,0,0,0,1,2,2,2,2,2,2,2,2
117,-8944.576,3815.144,110.633,-157.967,-0.926979,0.375077,-0.005137,-0.375108,-0.926811,0.017773,0.001905,0.018402,0.999829,0,0.90865,0.47581,54.519,0.952,-1,425.000,-1,450.000,-1,325.000,325.000,325.000,300.000,-1,-1,-1,-1,-1,-1,-1,-1,2,0,2,0,2,0,0,0,1,2,2,2,2,2,2,2,2
118,-8994.359,3794.030,110.997,-157.017,-0.920614,0.390393,-0.007996,-0.390473,-0.920481,0.015700,-0.001231,0.017576,0.999845,0,0.90125,0.47484,54.075,0.950,-1,425.000,-1,475.000,-1,325.000,350.000,325.000,300.000,-1,-1,-1,-1,-1,-1,-1,-1,2,0,2,0,2,0,0,0,0,2,2,2,2,2,2,2,2
119,-9043.371,3772.279,111.374,-156.069,-0.913992,0.405586,-0.010851,-0.405707,-0.913902,0.013596,-0.004402,0.016829,0.999849,0,0.89370,0.47439,53.622,0.949,-1,425.000,-1,475.000,-1,350.000,350.000,300.000,300.000,-1,-1,-1,-1,-1,-1,-1,-1,2,0,2,0,2,0,0,0,0,2,2,2,2,2,2,2,2
120,-9091.606,3749.910,111.437,-155.120,-0.907119,0.420662,-0.013339,-0.420821,-0.907051,0.012958,-0.006648,0.017368,0.999827,0,0.88615,0.47447,53.169,0.949,-1,450.000,-1,500.000,-1,350.000,375.000,325.000,300.000,-1,-1,-1,-1,-1,-1,-1,-1,2,0,2,0,2,0,0,0,0,2,2,2,2,2,2,2,2
121,-9139.061,3726.937,110.777,-154.169,-0.899936,0.435617,-0.018791,-0.435887,-0.899894,0.013928,-0.010843,0.020725,0.999726,0,0.87872,0.47506,52.723,0.950,-1,450.000,-1,500.000,-1,350.000,375.000,325.000,300.000,-1,-1,-1,-1,-1,-1,-1,-1,2,0,2,0,2,0,0,0,0,2,2,2,2,2,2,2,2
122,-9185.743,3703.373,109.585,-153.217,-0.892405,0.450456,-0.026514,-0.450933,-0.892417,0.015845,-0.016524,0.026096,0.999523,0,0.87154,0.47614,52.292,0.952,-1,450.000,-1,500.000,-1,350.000,375.000,325.000,275.000,-1,-1,-1,-1,1000.000,-1,-1,-1,2,0,2,0,2,0,0,0,0,2,2,2,2,0,2,2,2
123,-9231.663,3679.224,108.226,-152.262,-0.884571,0.465212,-0.033353,-0.465910,-0.884665,0.017194,-0.021507,0.030749,0.999296,0,0.86472,0.47770,51.883,0.955,-1,450.000,-1,475.000,-1,350.000,375.000,325.000,275.000,-1,-1,-1,-1,975.000,-1,-1,-1,2,0,2,0,2,0,0,0,0,2,2,2,2,0,2,2,2
124,-9276.838,3654.492,106.768,-151.302,-0.876432,0.479893,-0.039624,-0.480823,-0.876630,0.018164,-0.026019,0.034971,0.999050,0,0.85836,0.47972,51.501,0.959,-1,450.000,-1,475.000,-1,350.000,375.000,350.000,275.000,-1,-1,-1,-1,950.000,-1,-1,-1,2,0,2,0,2,0,0,0,0,2,2,2,2,0,2,2,2
125,-9321.287,3629.177,105.003,-150.338,-0.868032,0.494526,-0.044321,-0.495637,-0.868335,0.018387,-0.029392,0.037928,0.998848,0,0.85252,0.48216,51.151,0.964,-1,425.000,-1,475.000,-1,350.000,375.000,350.000,275.000,-1,-1,-1,-1,925.000,-1,-1,-1,2,0,2,0,2,0,0,0,0,2,2,2,2,0,2,2,2
126,-9366.273,3602.797,103.206,-149.614,-0.861490,0.505403,-0.049027,-0.506714,-0.861911,0.018704,-0.032804,0.040956,0.998622,0,0.86917,0.36216,52.150,0.724,-1,425.000,-1,475.000,-1,350.000,375.000,350.000,275.000,-1,-1,-1,625.000,900.000,-1,-1,-1,2,0,2,0,2,0,0,0,0,2,2,2,1,0,2,2,2
127,-9410.760,3576.074,100.631,-149.006,-0.855761,0.514518,-0.054259,-0.515917,-0.856508,0.014981,-0.038766,0.040813,0.998414,0,0.86494,0.30382,51.896,0.608,-1,425.000,-1,450.000,-1,350.000,350.000,350.000,300.000,-1,-1,-1,600.000,850.000,-1,-1,-1,2,0,2,0,2,0,0,0,0,2,2,2,1,0,2,2,2
128,-9454.784,3548.981,98.089,-148.391,-0.849843,0.523682,-0.059363,-0.525144,-0.850938,0.011273,-0.044611,0.040754,0.998173,0,0.86153,0.30746,51.692,0.615,-1,425.000,-1,450.000,-1,350.000,350.000,325.000,300.000,-1,-1,-1,600.000,825.000,-1,-1,-1,2,0,2,0,2,0,0,0,0,2,2,2,1,0,2,2,2
129,-9498.369,3521.502,95.629,-147.768,-0.843739,0.532902,-0.064189,-0.534402,-0.845196,0.007633,-0.050185,0.040743,0.997909,0,0.85873,0.31142,51.524,0.623,-1,400.000,-1,450.000,-1,325.000,350.000,325.000,300.000,-1,-1,-1,600.000,775.000,-1,-1,-1,2,0,2,0,2,0,0,0,0,2,2,2,1,0,2,2,2
130,-9541.538,3493.614,93.249,-147.137,-0.837444,0.542182,-0.068746,-0.543698,-0.839271,0.004066,-0.055492,0.040783,0.997626,0,0.85654,0.31569,51.392,0.631,-1,400.000,-1,450.000,-1,325.000,350.000,325.000,325.000,-1,-1,-1,625.000,750.000,-1,-1,-1,2,0,2,0,2,0,0,0,0,2,2,2,1,0,2,2,2
131,-9584.313,3465.299,90.949,-146.496,-0.830953,0.551527,-0.073040,-0.553040,-0.833155,0.000578,-0.060535,0.040874,0.997329,0,0.85495,0.32024,51.297,0.640,-1,375.000,-1,450.000,-1,325.000,325.000,300.000,325.000,-1,-1,-1,625.000,725.000,-1,-1,-1,2,0,2,0,2,0,0,0,0,2,2,2,1,0,2,2,2
132,-9626.714,3436.534,88.727,-145.846,-0.824259,0.560942,-0.077073,-0.562433,-0.826838,-0.002828,-0.065313,0.041018,0.997021,0,0.85394,0.32506,51.236,0.650,-1,375.000,-1,450.000,-1,325.000,325.000,300.000,325.000,-1,-1,-1,650.000,700.000,-1,-1,-1,2,0,2,0,2,0,0,0,0,2,2,2,1,0,2,2,2
133,-9668.757,3407.296,85.690,-145.186,-0.817442,0.570349,-0.080566,-0.572077,-0.820198,-0.001971,-0.067204,0.044479,0.996747,0,0.85351,0.33014,51.210,0.660,-1,375.000,-1,450.000,-1,325.000,325.000,300.000,325.000,-1,-1,-1,675.000,700.000,1000.000,-1,-1,2,0,2,0,2,0,0,0,0,2,2,2,1,0,1,2,2
134,-9710.461,3377.564,82.445,-144.515,-0.810442,0.579790,-0.083828,-0.581860,-0.813289,0.000326,-0.067987,0.049040,0.996480,0,0.85362,0.33546,51.217,0.671,-1,375.000,-1,450.000,-1,300.000,325.000,300.000,325.000,-1,-1,-1,675.000,700.000,975.000,-1,-1,2,0,2,0,2,0,0,0,0,2,2,2,1,0,1,2,2
135,-9751.839,3347.314,79.293,-143.833,-0.803227,0.589290,-0.086971,-0.591721,-0.806138,0.002724,-0.068505,0.053651,0.996207,0,0.85427,0.34102,51.256,0.682,-1,375.000,-1,425.000,-1,300.000,325.000,300.000,325.000,-1,-1,-1,700.000,700.000,975.000,-1,-1,2,0,2,0,2,0,0,0,0,2,2,2,1,0,0,2,2
136,-9792.903,3316.522,75.797,-143.139,-0.795601,0.598788,-0.092046,-0.601759,-0.798656,0.005809,-0.070035,0.060011,0.995738,0,0.85543,0.34679,51.326,0.694,-1,375.000,-1,425.000,-1,300.000,325.000,300.000,325.000,-1,-1,-1,725.000,675.000,925.000,-1,-1,2,0,2,0,2,0,0,0,0,2,2,2,1,0,0,2,2
137,-9833.662,3285.167,72.295,-142.434,-0.787687,0.608314,-0.097485,-0.611904,-0.790880,0.009076,-0.071578,0.066800,0.995196,0,0.85707,0.35278,51.424,0.706,-1,375.000,-1,425.000,-1,300.000,325.000,300.000,325.000,-1,-1,-1,750.000,675.000,900.000,-1,-1,2,0,2,0,2,0,0,0,0,2,2,2,1,0,0,2,2
138,-9874.124,3253.224,68.899,-141.716,-0.779526,0.617880,-0.102785,-0.622125,-0.782820,0.012392,-0.072805,0.073605,0.994626,0,0.85918,0.35897,51.551,0.718,-1,375.000,-1,425.000,-1,300.000,325.000,325.000,325.000,-1,-1,-1,775.000,675.000,850.000,-1,-1,2,0,2,0,2,0,0,0,0,2,2,2,1,0,0,2,2
