timestep,x_cm,y_cm,z_cm,yaw_deg,basis_xx,basis_xy,basis_xz,basis_yx,basis_yy,basis_yz,basis_zx,basis_zy,basis_zz,teleport_flag,throttle_cmd,steering_cmd,cmd_move_cm,cmd_turn_deg,lidar_cm_0,lidar_cm_1,lidar_cm_2,lidar_cm_3,lidar_cm_4,lidar_cm_5,lidar_cm_6,lidar_cm_7,lidar_cm_8,lidar_cm_9,lidar_cm_10,lidar_cm_11,lidar_cm_12,lidar_cm_13,lidar_cm_14,lidar_cm_15,lidar_cm_16,lidar_class_0,lidar_class_1,lidar_class_2,lidar_class_3,lidar_class_4,lidar_class_5,lidar_class_6,lidar_class_7,lidar_class_8,lidar_class_9,lidar_class_10,lidar_class_11,lidar_class_12,lidar_class_13,lidar_class_14,lidar_class_15,lidar_class_16
0,-2952.621,-7538.513,-11.088,-78.657,0.199308,0.978523,0.052625,-0.978869,0.196297,0.057292,0.045731,-0.062931,0.996970,1,-0.08000,-0.12000,-4.800,-0.240,-1,400.000,-1,375.000,-1,325.000,325.000,300.000,300.000,-1,650.000,750.000,-1,725.000,675.000,-1,-1,2,0,2,0,2,0,0,0,0,2,0,0,2,0,0,2,2
1,-2954.431,-7529.086,-11.528,-79.137,0.191095,0.980161,0.052600,-0.980492,0.188098,0.057052,0.046026,-0.062476,0.996985,0,-0.16000,-0.24000,-9.600,-0.480,-1,400.000,-1,375.000,-1,325.000,325.000,300.000,300.000,-1,650.000,750.000,-1,725.000,675.000,-1,-1,2,0,2,0,2,0,0,0,0,2,0,0,2,0,0,2,2
2,-2956.967,-7514.911,-12.201,-79.857,0.178750,0.982490,0.052551,-0.982797,0.175774,0.056686,0.046456,-0.061780,0.997008,0,-0.24000,-0.36000,-14.400,-0.720,-1,400.000,-1,375.000,-1,325.000,325.000,300.000,300.000,-1,650.000,750.000,-1,725.000,675.000,-1,-1,2,0,2,0,2,0,0,0,0,2,0,0,2,0,0,2,2
3,-2959.311,-7500.419,-12.900,-80.817,0.162252,0.985352,0.052488,-0.985623,0.159297,0.056312,0.047126,-0.060870,0.997033,0,-0.24468,-0.48000,-14.681,-0.960,-1,400.000,-1,375.000,-1,325.000,325.000,300.000,300.000,-1,650.000,725.000,-1,700.000,675.000,-1,-1,2,0,2,0,2,0,0,0,0,2,0,0,2,0,0,2,2
4,-2961.341,-7485.952,-13.611,-82.017,0.141570,0.988540,0.052407,-0.988762,0.138636,0.055938,0.048032,-0.059737,0.997058,0,-0.24349,-0.60000,-14.609,-1.200,-1,375.000,-1,375.000,-1,325.000,325.000,300.000,300.000,-1,625.000,725.000,-1,700.000,675.000,-1,-1,2,0,2,0,2,0,0,0,0,2,0,0,2,0,0,2,2
5,-2962.997,-7471.519,-14.337,-83.457,0.116671,0.991792,0.052304,-0.991953,0.113760,0.055561,0.049155,-0.058365,0.997084,0,-0.24214,-0.72000,-14.528,-1.440,-1,375.000,-1,375.000,-1,325.000,325.000,300.000,300.000,-1,625.000,700.000,-1,700.000,675.000,-1,-1,2,0,2,0,2,0,0,0,0,2,0,0,2,0,0,2,2
6,-2964.223,-7457.132,-15.083,-85.137,0.087528,0.994795,0.052175,-0.994882,0.084642,0.055180,0.050477,-0.056738,0.997112,0,-0.24066,-0.84000,-14.439,-1.680,-1,375.000,-1,375.000,-1,325.000,325.000,300.000,300.000,-1,600.000,675.000,-1,700.000,675.000,-1,-1,2,0,2,0,2,0,0,0,0,2,0,0,2,0,0,2,2
7,-2964.961,-7442.809,-15.850,-87.057,0.054128,0.997178,0.052018,-0.997181,0.051270,0.054793,0.051972,-0.054837,0.997142,0,-0.23905,-0.96000,-14.343,-1.920,-1,375.000,-1,375.000,-1,325.000,325.000,300.000,300.000,-1,575.000,650.000,-1,700.000,675.000,-1,-1,2,0,2,0,2,0,0,0,0,2,0,0,2,0,0,2,2
8,-2965.196,-7428.570,-16.642,-89.057,0.019265,0.998470,0.051832,-0.998384,0.016440,0.054397,0.053462,-0.052796,0.997173,0,-0.23735,-1.00000,-14.241,-2.000,-1,375.000,-1,375.000,-1,325.000,325.000,300.000,300.000,1000.000,575.000,650.000,-1,700.000,675.000,-1,-1,2,0,2,0,2,0,0,0,0,1,0,0,2,0,0,2,2
9,-2964.937,-7414.432,-17.457,-91.057,-0.015630,0.998545,0.051618,-0.998371,-0.018418,0.053993,0.054865,-0.050690,0.997206,0,-0.23569,-1.00000,-14.141,-2.000,-1,375.000,-1,375.000,975.000,325.000,300.000,300.000,300.000,1000.000,550.000,625.000,-1,700.000,675.000,-1,-1,2,0,2,0,1,0,0,0,0,1,0,0,2,0,0,2,2
10,-2964.189,-7400.404,-18.295,-93.057,-0.050515,0.997401,0.051376,-0.997142,-0.053262,0.053580,0.056177,-0.048523,0.997241,0,-0.23415,-1.00000,-14.049,-2.000,-1,375.000,-1,375.000,925.000,325.000,300.000,300.000,300.000,975.000,550.000,600.000,-1,700.000,675.000,-1,-1,2,0,2,0,1,0,0,0,0,1,0,0,2,0,0,2,2
11,-2962.960,-7386.495,-19.154,-95.057,-0.085346,0.995040,0.051106,-0.994697,-0.088047,0.053162,0.057398,-0.046298,0.997277,0,-0.23272,-1.00000,-13.963,-2.000,-1,375.000,-1,375.000,875.000,325.000,300.000,300.000,300.000,975.000,525.000,600.000,-1,700.000,675.000,-1,-1,2,0,2,0,1,0,0,0,0,1,0,0,2,0,0,2,2
12,-2961.255,-7372.715,-20.033,-97.057,-0.120081,0.991463,0.050809,-0.991037,-0.122733,0.052739,0.058525,-0.044021,0.997315,0,-0.23142,-1.00000,-13.885,-2.000,-1,375.000,-1,375.000,850.000,325.000,300.000,300.000,300.000,975.000,525.000,575.000,-1,700.000,675.000,-1,-1,2,0,2,0,1,0,0,0,0,1,0,0,2,0,0,2,2
13,-2959.082,-7359.073,-20.931,-99.057,-0.154678,0.986674,0.050484,-0.986168,-0.157275,0.052314,0.059557,-0.041694,0.997354,0,-0.23024,-1.00000,-13.814,-2.000,-1,375.000,-1,375.000,825.000,325.000,300.000,300.000,300.000,950.000,525.000,550.000,-1,700.000,675.000,-1,-1,2,0,2,0,1,0,0,0,0,1,0,0,2,0,0,2,2
14,-2956.446,-7345.577,-21.848,-101.057,-0.189092,0.980679,0.050131,-0.980094,-0.191632,0.051887,0.060492,-0.039322,0.997394,0,-0.22918,-1.00000,-13.751,-2.000,-1,375.000,-1,375.000,800.000,300.000,300.000,300.000,300.000,975.000,525.000,550.000,-1,700.000,675.000,-1,-1,2,0,2,0,1,0,0,0,0,1,0,0,2,0,0,2,2
15,-2953.353,-7332.236,-22.781,-103.057,-0.223283,0.973483,0.049751,-0.972822,-0.225761,0.051462,0.061329,-0.036908,0.997435,0,-0.22825,-1.00000,-13.695,-2.000,-1,375.000,-1,375.000,800.000,300.000,300.000,300.000,300.000,975.000,525.000,550.000,-1,700.000,675.000,-1,1000.000,2,0,2,0,1,0,0,0,0,1,0,0,2,0,0,2,1
16,-2949.809,-7319.058,-23.731,-105.057,-0.257207,0.965096,0.049343,-0.964361,-0.259621,0.051038,0.062067,-0.034457,0.997477,0,-0.22745,-1.00000,-13.647,-2.000,-1,375.000,-1,375.000,775.000,300.000,300.000,300.000,300.000,975.000,500.000,525.000,-1,700.000,675.000,-1,950.000,2,0,2,0,1,0,0,0,0,1,0,0,2,0,0,2,1
17,-2945.819,-7306.050,-24.696,-107.057,-0.290823,0.955526,0.048907,-0.954720,-0.293168,0.050619,0.062706,-0.031972,0.997520,0,-0.22676,-1.00000,-13.606,-2.000,-1,375.000,-1,375.000,775.000,300.000,300.000,300.000,300.000,1000.000,500.000,525.000,1000.000,700.000,675.000,-1,900.000,2,0,2,0,1,0,0,0,0,1,0,0,1,0,0,2,1
18,-2941.388,-7293.222,-25.569,-109.057,-0.324049,0.944775,0.048920,-0.943903,-0.326358,0.050374,0.063557,-0.029852,0.997532,0,-0.22620,-1.00000,-13.572,-2.000,-1,375.000,-1,375.000,775.000,300.000,300.000,300.000,300.000,-1,500.000,500.000,950.000,700.000,675.000,-1,875.000,2,0,2,0,1,0,0,0,0,2,0,0,1,0,0,2,1
19,-2936.522,-7280.581,-26.448,-111.057,-0.356881,0.932866,0.048953,-0.931932,-0.359154,0.050114,0.064331,-0.027736,0.997543,0,-0.22576,-1.00000,-13.546,-2.000,-1,375.000,-1,375.000,800.000,300.000,300.000,300.000,300.000,-1,500.000,500.000,925.000,700.000,675.000,-1,875.000,2,0,2,0,1,0,0,0,0,2,0,0,1,0,0,2,1
20,-2931.225,-7268.135,-27.299,-113.057,-0.389278,0.919813,0.049061,-0.918832,-0.391512,0.049658,0.064884,-0.025748,0.997561,0,-0.22544,-1.00000,-13.526,-2.000,-1,375.000,-1,375.000,800.000,300.000,300.000,300.000,300.000,-1,500.000,500.000,900.000,675.000,675.000,-1,850.000,2,0,2,0,1,0,0,0,0,2,0,0,1,0,0,2,1
21,-2925.502,-7255.893,-28.136,-115.057,-0.421202,0.905632,0.049192,-0.904615,-0.423395,0.049068,0.065266,-0.023832,0.997583,0,-0.22523,-1.00000,-13.514,-2.000,-1,375.000,-1,375.000,825.000,300.000,300.000,300.000,300.000,-1,500.000,500.000,875.000,675.000,675.000,-1,850.000,2,0,2,0,1,0,0,0,0,2,0,0,1,0,0,2,1
22,-2921.572,-7248.116,-28.678,-116.817,-0.448871,0.892237,0.049269,-0.891182,-0.451028,0.048670,0.065647,-0.022062,0.997599,0,-0.14523,-0.88000,-8.714,-1.760,-1,375.000,-1,375.000,850.000,300.000,300.000,300.000,300.000,-1,525.000,500.000,850.000,675.000,675.000,-1,850.000,2,0,2,0,1,0,0,0,0,2,0,0,1,0,1,2,1
23,-2919.714,-7244.671,-28.916,-118.337,-0.472426,0.879989,0.049318,-0.878891,-0.474553,0.048469,0.066056,-0.020447,0.997606,0,-0.06523,-0.76000,-3.914,-1.520,-1,375.000,-1,375.000,875.000,300.000,300.000,300.000,300.000,-1,525.000,500.000,850.000,675.000,675.000,-1,850.000,2,0,2,0,1,0,0,0,0,2,0,0,1,0,1,2,1
24,-2920.153,-7245.442,-28.845,-119.617,-0.492002,0.869194,0.049357,-0.868049,-0.494106,0.048469,0.066517,-0.018998,0.997604,0,0.01477,-0.64000,0.886,-1.280,-1,375.000,-1,375.000,875.000,300.000,300.000,300.000,300.000,-1,525.000,500.000,825.000,675.000,675.000,-1,850.000,2,0,2,0,1,0,0,0,0,2,0,0,1,0,1,2,1
25,-2923.052,-7250.333,-28.458,-120.657,-0.507723,0.860103,0.049404,-0.858907,-0.509813,0.048671,0.067049,-0.017722,0.997592,0,0.09477,-0.52000,5.686,-1.040,-1,375.000,-1,375.000,900.000,300.000,300.000,300.000,300.000,-1,525.000,500.000,825.000,675.000,650.000,-1,850.000,2,0,2,0,1,0,0,0,0,2,0,0,1,0,1,2,1
26,-2928.525,-7259.279,-27.751,-121.457,-0.519698,0.852917,0.049468,-0.851666,-0.521782,0.049075,0.067669,-0.016626,0.997569,0,0.17477,-0.40000,10.486,-0.800,-1,375.000,-1,375.000,900.000,300.000,300.000,300.000,300.000,-1,525.000,500.000,850.000,675.000,650.000,-1,825.000,2,0,2,0,1,0,0,0,0,2,0,0,1,0,1,2,1
27,-2936.629,-7272.240,-26.722,-122.017,-0.528013,0.847789,0.049558,-0.846478,-0.530101,0.049681,0.068389,-0.015717,0.997535,0,0.25477,-0.28000,15.286,-0.560,-1,375.000,-1,375.000,875.000,300.000,300.000,300.000,300.000,-1,525.000,500.000,850.000,675.000,650.000,-1,825.000,2,0,2,0,1,0,0,0,0,2,0,0,1,0,1,2,1
28,-2947.373,-7289.211,-25.363,-122.337,-0.532733,0.844824,0.049679,-0.843448,-0.534834,0.050477,0.069214,-0.015010,0.997489,0,0.33477,-0.16000,20.086,-0.320,-1,375.000,-1,375.000,875.000,300.000,300.000,300.000,300.000,-1,525.000,500.000,875.000,675.000,650.000,-1,800.000,2,0,2,0,1,0,0,0,0,2,0,0,1,0,1,2,1
29,-2960.714,-7310.220,-23.588,-122.417,-0.533887,0.844079,0.049960,-0.842662,-0.536014,0.051091,0.069904,-0.014823,0.997444,0,0.41477,-0.04000,24.886,-0.080,-1,375.000,-1,375.000,850.000,300.000,300.000,300.000,300.000,-1,525.000,500.000,875.000,675.000,625.000,-1,800.000,2,0,2,0,1,0,0,0,0,2,0,0,1,0,1,2,1
30,-2976.558,-7335.324,-21.461,-122.257,-0.531488,0.845571,0.050298,-0.844114,-0.533654,0.051817,0.070657,-0.014917,0.997389,0,0.49477,0.08000,29.686,0.160,-1,375.000,-1,375.000,800.000,300.000,300.000,300.000,300.000,-1,550.000,525.000,900.000,675.000,625.000,-1,775.000,2,0,2,0,1,0,0,0,0,2,0,0,1,0,1,2,1
31,-2994.760,-7364.616,-18.978,-121.857,-0.525517,0.849271,0.050693,-0.847776,-0.527735,0.052653,0.071470,-0.015307,0.997325,0,0.57477,0.20000,34.486,0.400,-1,375.000,-1,375.000,775.000,300.000,300.000,300.000,300.000,-1,550.000,525.000,950.000,675.000,625.000,-1,725.000,2,0,2,0,1,0,0,0,0,2,0,0,1,0,1,2,1
32,-3015.121,-7398.214,-16.107,-121.217,-0.515919,0.855102,0.051262,-0.853571,-0.518209,0.053622,0.072417,-0.016091,0.997245,0,0.65477,0.32000,39.286,0.640,-1,375.000,-1,375.000,725.000,300.000,300.000,300.000,300.000,-1,550.000,525.000,975.000,675.000,600.000,-1,700.000,2,0,2,0,1,0,0,0,0,2,0,0,1,0,1,2,1
33,-3037.037,-7435.664,-12.725,-120.337,-0.502571,0.862938,0.052539,-0.861365,-0.505002,0.054985,0.073981,-0.017621,0.997104,0,0.72317,0.44000,43.390,0.880,-1,375.000,-1,375.000,675.000,300.000,300.000,300.000,300.000,-1,550.000,525.000,-1,675.000,600.000,-1,675.000,2,0,2,0,1,0,0,0,0,2,0,0,2,0,1,2,1
34,-3058.269,-7473.628,-9.328,-119.217,-0.485438,0.872613,0.053818,-0.871012,-0.488021,0.056337,0.075425,-0.019528,0.996960,0,0.72496,0.56000,43.497,1.120,-1,375.000,-1,375.000,650.000,300.000,300.000,300.000,300.000,-1,550.000,525.000,-1,675.000,600.000,-1,650.000,2,0,2,0,1,0,0,0,0,2,0,0,2,0,1,2,1
35,-3078.737,-7512.109,-5.921,-118.009,-0.466753,0.882671,0.055079,-0.881049,-0.469495,0.057690,0.076781,-0.021600,0.996814,0,0.72643,0.60405,43.586,1.208,-1,375.000,-1,375.000,600.000,300.000,300.000,300.000,300.000,-1,550.000,525.000,-1,675.000,575.000,-1,625.000,2,0,2,0,1,0,0,0,0,2,0,0,2,0,1,2,1
36,-3098.426,-7551.074,-2.508,-116.808,-0.447970,0.892273,0.056316,-0.890633,-0.450873,0.059048,0.078079,-0.023705,0.996665,0,0.72761,0.60038,43.657,1.201,-1,375.000,-1,375.000,575.000,300.000,300.000,300.000,300.000,-1,525.000,525.000,-1,675.000,575.000,-1,600.000,2,0,2,0,1,0,0,0,0,2,0,0,2,0,1,2,1
37,-3117.323,-7590.489,0.905,-115.615,-0.429109,0.901419,0.057528,-0.899763,-0.432177,0.060411,0.079318,-0.025839,0.996514,0,0.72852,0.59646,43.711,1.193,-1,375.000,-1,375.000,550.000,300.000,300.000,300.000,300.000,-1,525.000,525.000,-1,675.000,575.000,-1,575.000,2,0,2,0,1,0,0,0,0,2,0,0,2,0,1,2,1
38,-3135.416,-7630.320,4.317,-114.430,-0.410191,0.910108,0.058715,-0.908440,-0.413425,0.061777,0.080498,-0.027998,0.996361,0,0.72912,0.59228,43.747,1.185,-1,375.000,-1,375.000,500.000,325.000,300.000,300.000,325.000,-1,525.000,525.000,-1,675.000,575.000,-1,550.000,2,0,2,0,1,0,0,0,0,2,0,0,2,0,1,2,1
39,-3152.694,-7670.529,7.724,-113.255,-0.391237,0.918340,0.059874,-0.916664,-0.394639,0.063146,0.081618,-0.030180,0.996207,0,0.72939,0.58784,43.764,1.176,-1,375.000,-1,375.000,475.000,300.000,325.000,300.000,325.000,-1,500.000,525.000,-1,675.000,575.000,-1,550.000,2,0,2,0,1,0,0,0,0,2,0,0,2,0,1,2,1
40,-3169.149,-7711.076,11.120,-112.088,-0.372266,0.926119,0.061007,-0.924436,-0.375840,0.064516,0.082678,-0.032379,0.996050,0,0.72931,0.58314,43.758,1.166,-1,375.000,-1,375.000,450.000,300.000,300.000,300.000,325.000,-1,475.000,525.000,-1,675.000,550.000,-1,525.000,2,0,2,0,1,0,0,0,0,2,0,0,2,0,1,2,1
41,-3184.772,-7751.921,14.535,-110.932,-0.353317,0.933450,0.061954,-0.931763,-0.357048,0.065838,0.083577,-0.034465,0.995905,0,0.72884,0.57819,43.730,1.156,-1,375.000,-1,375.000,425.000,300.000,300.000,300.000,300.000,-1,475.000,500.000,-1,675.000,550.000,-1,525.000,2,0,2,0,1,0,0,0,1,2,0,0,2,0,1,2,1
42,-3200.999,-7797.657,18.456,-109.536,-0.330335,0.941811,0.062222,-0.940124,-0.334172,0.067047,0.083938,-0.036349,0.995808,0,0.80884,0.69819,48.530,1.396,-1,375.000,-1,375.000,400.000,300.000,300.000,300.000,300.000,-1,475.000,525.000,-1,675.000,550.000,-1,500.000,2,0,2,0,1,0,0,0,1,2,0,0,2,0,1,2,1
43,-3216.873,-7846.809,22.834,-107.899,-0.303193,0.950925,0.061774,-0.949140,-0.307127,0.069327,0.084897,-0.037613,0.995680,0,0.86085,0.81819,51.651,1.636,-1,375.000,-1,375.000,400.000,300.000,300.000,300.000,300.000,-1,475.000,500.000,-1,675.000,550.000,-1,500.000,2,0,2,0,1,0,0,0,1,2,0,0,2,0,1,2,1
44,-3231.109,-7896.299,27.175,-106.048,-0.272206,0.960295,0.061135,-0.958419,-0.276233,0.071615,0.085659,-0.039099,0.995557,0,0.85828,0.92558,51.497,1.851,-1,375.000,-1,375.000,375.000,300.000,300.000,300.000,275.000,-1,475.000,500.000,-1,700.000,575.000,-1,500.000,2,0,2,0,1,0,0,0,1,2,0,0,2,0,1,2,1
45,-3243.699,-7946.011,31.597,-104.213,-0.241188,0.968573,0.060791,-0.966672,-0.245313,0.073264,0.085875,-0.041094,0.995458,0,0.85470,0.91778,51.282,1.836,-1,375.000,-1,375.000,375.000,300.000,300.000,300.000,275.000,-1,500.000,500.000,-1,700.000,575.000,-1,500.000,2,0,2,0,1,0,0,0,1,2,0,0,2,0,1,2,1
46,-3254.648,-7995.845,36.236,-102.393,-0.210094,0.975746,0.061476,-0.973869,-0.214408,0.074891,0.086256,-0.044136,0.995295,0,0.85037,0.90975,51.022,1.819,-1,375.000,-1,375.000,375.000,300.000,300.000,300.000,250.000,-1,500.000,525.000,-1,700.000,575.000,-1,525.000,2,0,2,0,1,0,0,0,1,2,0,0,2,0,1,2,1
47,-3263.968,-8045.700,40.785,-100.590,-0.179079,0.981877,0.062040,-0.980024,-0.183575,0.076503,0.086506,-0.047100,0.995137,0,0.84531,0.90156,50.719,1.803,-1,375.000,-1,375.000,400.000,300.000,325.000,300.000,250.000,-1,525.000,525.000,-1,725.000,600.000,-1,550.000,2,0,2,0,1,0,0,0,1,2,0,0,2,0,1,2,1
48,-3271.674,-8095.483,45.248,-98.801,-0.148153,0.986992,0.062433,-0.985166,-0.152817,0.078069,0.086594,-0.049941,0.994991,0,0.83961,0.89434,50.376,1.789,-1,375.000,-1,375.000,400.000,300.000,325.000,300.000,250.000,-1,525.000,550.000,-1,725.000,625.000,-1,575.000,2,0,2,0,1,0,0,0,1,2,0,0,2,0,1,2,1
49,-3277.779,-8145.110,49.640,-97.015,-0.117152,0.991140,0.062584,-0.989343,-0.121962,0.079532,0.086460,-0.052600,0.994866,0,0.83335,0.89309,50.001,1.786,-1,375.000,-1,375.000,425.000,325.000,325.000,300.000,225.000,-1,550.000,550.000,-1,725.000,650.000,-1,650.000,2,0,2,0,1,0,0,0,1,2,0,0,2,0,1,2,1
50,-3282.300,-8194.502,53.920,-95.231,-0.086078,0.994317,0.062651,-0.992551,-0.091027,0.080977,0.086220,-0.055214,0.994745,0,0.82665,0.89220,49.599,1.784,-1,375.000,-1,375.000,425.000,325.000,325.000,300.000,225.000,-1,550.000,575.000,-1,750.000,675.000,-1,775.000,2,0,2,0,1,0,0,0,1,2,0,0,2,0,1,2,1
51,-3285.255,-8243.591,58.086,-93.447,-0.054947,0.996523,0.062637,-0.994789,-0.060031,0.082407,0.085881,-0.057783,0.994628,0,0.81965,0.89167,49.179,1.783,-1,375.000,-1,400.000,450.000,325.000,325.000,300.000,225.000,-1,550.000,575.000,-1,750.000,725.000,-1,1000.000,2,0,2,0,1,0,0,0,1,2,0,0,2,0,1,2,1
52,-3286.669,-8292.321,62.134,-91.664,-0.023778,0.997759,0.062545,-0.996059,-0.028992,0.083825,0.085450,-0.060305,0.994516,0,0.81251,0.89149,48.751,1.783,-1,375.000,-1,400.000,525.000,325.000,325.000,300.000,225.000,-1,575.000,600.000,-1,750.000,750.000,-1,-1,2,0,2,0,1,0,0,0,1,2,0,0,2,0,1,2,2
53,-3286.567,-8340.645,66.063,-89.881,0.007412,0.998025,0.062375,-0.996359,0.002072,0.085233,0.084936,-0.062780,0.994407,0,0.80540,0.89167,48.324,1.783,-1,400.000,-1,400.000,600.000,325.000,325.000,300.000,225.000,-1,575.000,600.000,-1,750.000,800.000,-1,-1,2,0,2,0,1,0,0,0,1,2,0,0,2,0,1,2,2
54,-3284.974,-8388.526,69.870,-88.097,0.038603,0.997321,0.062130,-0.995689,0.033143,0.086636,0.084345,-0.065206,0.994301,0,0.79847,0.89219,47.908,1.784,-1,400.000,-1,400.000,700.000,325.000,325.000,300.000,225.000,-1,575.000,600.000,-1,775.000,825.000,-1,-1,2,0,2,0,1,0,0,0,1,2,0,0,2,0,0,2,2
55,-3281.915,-8435.939,73.556,-86.311,0.069779,0.995646,0.061808,-0.994046,0.064201,0.088038,0.083686,-0.067583,0.994198,0,0.79187,0.89304,47.512,1.786,-1,400.000,-1,400.000,850.000,325.000,325.000,300.000,225.000,-1,600.000,600.000,-1,775.000,875.000,-1,-1,2,0,2,0,1,0,0,0,1,2,0,0,2,0,0,2,2
56,-3277.413,-8482.866,77.121,-84.522,0.100918,0.992998,0.061408,-0.991429,0.095227,0.089440,0.082966,-0.069908,0.994097,0,0.78571,0.89420,47.143,1.788,-1,400.000,-1,400.000,-1,325.000,325.000,300.000,225.000,-1,550.000,575.000,-1,800.000,925.000,-1,-1,2,0,2,0,2,0,0,0,1,2,0,0,2,0,0,2,2
57,-3271.489,-8529.294,80.596,-82.731,0.131960,0.989367,0.061148,-0.987909,0.126200,0.090053,0.081379,-0.072292,0.994058,0,0.78010,0.89566,46.806,1.791,-1,400.000,-1,400.000,-1,325.000,325.000,300.000,225.000,-1,550.000,575.000,-1,800.000,950.000,-1,-1,2,0,2,0,2,0,0,0,1,2,0,0,2,0,0,2,2
58,-3263.670,-8578.294,84.213,-80.936,0.162814,0.984813,0.060297,-0.983496,0.157101,0.089745,0.078909,-0.073913,0.994138,0,0.82701,0.89726,49.620,1.795,-1,400.000,-1,400.000,-1,325.000,325.000,300.000,225.000,-1,600.000,625.000,600.000,825.000,975.000,-1,-1,2,0,2,0,2,0,0,0,1,2,0,0,1,0,0,2,2
59,-3254.394,-8626.646,87.694,-79.143,0.193441,0.979293,0.059710,-0.978197,0.187820,0.088626,0.075576,-0.075552,0.994274,0,0.82058,0.89666,49.235,1.793,-1,400.000,-1,400.000,-1,325.000,325.000,300.000,225.000,-1,700.000,725.000,500.000,825.000,1000.000,-1,-1,2,0,2,0,2,0,0,0,1,2,0,0,1,0,0,2,2
60,-3243.697,-8674.298,91.039,-77.350,0.223874,0.972814,0.059273,-0.971938,0.218338,0.087546,0.072225,-0.077209,0.994395,0,0.81399,0.89642,48.840,1.793,-1,400.000,-1,400.000,-1,325.000,325.000,300.000,250.000,-1,800.000,825.000,475.000,850.000,1000.000,-1,-1,2,0,2,0,2,0,0,0,1,2,0,0,1,0,0,2,2
61,-3231.613,-8721.209,94.250,-75.557,0.254095,0.965379,0.058988,-0.964725,0.248637,0.086517,0.068856,-0.078891,0.994502,0,0.80740,0.89651,48.444,1.793,-1,400.000,-1,400.000,-1,325.000,325.000,300.000,250.000,-1,900.000,925.000,450.000,850.000,-1,-1,-1,2,0,2,0,2,0,0,0,1,2,0,0,1,0,2,2,2
62,-3218.174,-8767.346,97.327,-73.763,0.284086,0.956991,0.058853,-0.956561,0.278697,0.085550,0.065468,-0.080600,0.994594,0,0.80093,0.89694,48.056,1.794,-1,400.000,-1,400.000,-1,325.000,325.000,300.000,250.000,-1,1000.000,-1,450.000,875.000,-1,-1,-1,2,0,2,0,2,0,0,0,1,2,0,2,1,0,2,2,2
63,-3203.412,-8812.685,100.272,-71.968,0.313825,0.947654,0.058868,-0.947450,0.308499,0.084655,0.062063,-0.082341,0.994670,0,0.79472,0.89769,47.683,1.795,-1,400.000,-1,400.000,-1,325.000,325.000,300.000,275.000,-1,-1,-1,450.000,875.000,-1,-1,-1,2,0,2,0,2,0,0,0,1,2,2,2,1,0,2,2,2
64,-3187.354,-8857.210,103.088,-70.170,0.343293,0.937372,0.059029,-0.937396,0.338022,0.083843,0.058639,-0.084116,0.994729,0,0.78889,0.89875,47.333,1.798,-1,400.000,-1,400.000,-1,325.000,325.000,300.000,275.000,-1,-1,-1,450.000,875.000,-1,-1,-1,2,0,2,0,2,0,0,0,1,2,2,2,1,0,2,2,2
65,-3170.023,-8900.908,105.777,-68.370,0.372468,0.926147,0.059333,-0.926402,0.367245,0.083124,0.055195,-0.085927,0.994771,0,0.78352,0.90010,47.011,1.800,-1,400.000,-1,400.000,-1,325.000,325.000,300.000,300.000,-1,-1,975.000,450.000,900.000,-1,-1,-1,2,0,2,0,2,0,0,0,1,2,2,1,1,0,2,2,2
66,-3151.441,-8943.774,108.341,-66.567,0.401327,0.913982,0.059774,-0.914473,0.396146,0.082509,0.051733,-0.087775,0.994796,0,0.77869,0.90173,46.722,1.803,-1,400.000,-1,425.000,-1,325.000,325.000,300.000,300.000,-1,-1,900.000,475.000,900.000,-1,-1,-1,2,0,2,0,2,0,0,0,1,2,2,1,1,0,2,2,2
67,-3129.668,-8990.467,111.058,-65.003,0.426014,0.902700,0.060363,-0.903414,0.420874,0.081908,0.048533,-0.089427,0.994810,0,0.85869,0.78173,51.522,1.563,-1,400.000,-1,425.000,-1,325.000,325.000,300.000,325.000,-1,-1,875.000,475.000,900.000,-1,-1,-1,2,0,2,0,2,0,0,0,1,2,2,1,1,0,2,2,2
68,-3105.804,-9038.705,113.778,-63.680,0.446657,0.892625,0.060974,-0.893536,0.441555,0.081379,0.045717,-0.090831,0.994816,0,0.89699,0.66173,53.819,1.323,-1,400.000,-1,425.000,-1,325.000,325.000,300.000,325.000,-1,-1,875.000,500.000,900.000,-1,-1,-1,2,0,2,0,2,0,0,0,0,2,2,1,1,0,2,2,2
69,-3081.106,-9086.343,116.199,-62.596,0.463382,0.884078,0.060681,-0.885071,0.458335,0.081113,0.043898,-0.091294,0.994856,0,0.89434,0.54173,53.660,1.083,-1,400.000,-1,425.000,-1,325.000,350.000,300.000,325.000,-1,-1,875.000,525.000,925.000,-1,-1,-1,2,0,2,0,2,0,0,0,0,2,2,1,1,0,2,2,2
70,-3055.622,-9133.443,118.166,-61.584,0.478744,0.875914,0.059818,-0.876997,0.473930,0.079163,0.040990,-0.090359,0.995065,0,0.89255,0.50638,53.553,1.013,-1,425.000,-1,450.000,-1,325.000,350.000,300.000,325.000,-1,-1,900.000,525.000,925.000,-1,-1,-1,2,0,2,0,2,0,0,0,0,2,2,1,1,0,2,2,2
71,-3029.339,-9180.022,119.713,-60.565,0.493955,0.867515,0.058533,-0.868701,0.489526,0.075650,0.036974,-0.088215,0.995415,0,0.89140,0.50947,53.484,1.019,-1,425.000,-1,450.000,-1,325.000,350.000,300.000,300.000,-1,-1,925.000,550.000,925.000,-1,-1,-1,2,0,2,0,2,0,0,0,0,2,2,1,1,0,2,2,2
72,-3002.246,-9226.091,121.183,-59.539,0.509139,0.858756,0.057590,-0.860051,0.505056,0.072330,0.033027,-0.086357,0.995717,0,0.89077,0.51273,53.446,1.025,-1,425.000,-1,450.000,-1,350.000,350.000,300.000,300.000,-1,-1,950.000,575.000,925.000,-1,-1,-1,2,0,2,0,2,0,0,0,0,2,2,1,1,0,2,2,2
73,-2973.498,-9273.024,122.624,-58.511,0.524224,0.849673,0.056956,-0.851084,0.520462,0.069104,0.029072,-0.084700,0.995982,0,0.91732,0.51423,55.039,1.028,-1,425.000,-1,450.000,-1,350.000,350.000,325.000,300.000,-1,-1,1000.000,625.000,925.000,-1,-1,-1,2,0,2,0,2,0,0,0,0,2,2,1,1,0,2,2,2
74,-2944.009,-9319.276,123.876,-57.479,0.539244,0.840229,0.056840,-0.841762,0.535720,0.066638,0.025540,-0.083780,0.996157,0,0.91424,0.51589,54.854,1.032,-1,425.000,-1,450.000,-1,350.000,350.000,325.000,325.000,-1,-1,-1,650.000,900.000,-1,-1,-1,2,0,2,0,2,0,0,0,0,2,2,2,1,0,2,2,2
75,-2913.777,-9364.854,124.960,-56.443,0.554132,0.830485,0.056851,-0.832146,0.550869,0.063849,0.021708,-0.082689,0.996339,0,0.91156,0.51781,54.693,1.036,-1,425.000,-1,450.000,-1,350.000,350.000,325.000,325.000,-1,-1,-1,675.000,900.000,-1,-1,-1,2,0,2,0,2,0,0,0,0,2,2,2,1,0,2,2,2
76,-2882.800,-9409.763,125.623,-55.403,0.568847,0.820419,0.057673,-0.822272,0.565898,0.060235,0.016781,-0.081687,0.996517,0,0.90929,0.51997,54.558,1.040,-1,425.000,-1,450.000,-1,350.000,350.000,325.000,325.000,-1,-1,-1,725.000,875.000,-1,-1,-1,2,0,2,0,2,0,0,0,0,2,2,2,1,0,2,2,2
77,-2853.978,-9450.322,125.923,-54.603,0.579975,0.812421,0.060009,-0.814551,0.577285,0.057002,0.011668,-0.081940,0.996569,0,0.82929,0.39997,49.758,0.800,-1,425.000,-1,425.000,-1,350.000,350.000,325.000,325.000,-1,-1,-1,750.000,850.000,-1,-1,-1,2,0,2,0,2,0,0,0,0,2,2,2,1,0,2,2,2
78,-2827.580,-9486.713,126.170,-54.043,0.587644,0.806721,0.062253,-0.809087,0.585182,0.054228,0.007317,-0.082235,0.996586,0,0.74929,0.27997,44.958,0.560,-1,400.000,-1,425.000,-1,325.000,350.000,300.000,325.000,-1,-1,-1,800.000,850.000,-1,-1,-1,2,0,2,0,2,0,0,0,0,2,2,2,1,0,2,2,2
79,-2803.818,-9519.085,126.378,-53.724,0.591926,0.803420,0.064344,-0.805984,0.589662,0.051852,0.003717,-0.082553,0.996580,0,0.66929,0.15997,40.158,0.320,-1,400.000,-1,425.000,-1,325.000,350.000,300.000,325.000,-1,-1,-1,825.000,825.000,1000.000,-1,-1,2,0,2,0,2,0,0,0,0,2,2,2,1,0,0,2,2
80,-2780.772,-9550.393,126.573,-53.644,0.592845,0.802573,0.066421,-0.805316,0.590765,0.049622,0.000586,-0.082908,0.996557,0,0.64793,0.03997,38.876,0.080,-1,400.000,-1,425.000,-1,325.000,325.000,300.000,325.000,-1,-1,-1,875.000,800.000,1000.000,-1,-1,2,0,2,0,2,0,0,0,0,2,2,2,1,0,0,2,2
81,-2757.810,-9581.770,126.773,-53.804,0.590405,0.804193,0.068520,-0.807104,0.588501,0.047429,-0.002182,-0.083305,0.996522,0,0.64802,-0.08003,38.881,-0.160,-1,400.000,-1,425.000,-1,325.000,325.000,300.000,325.000,-1,-1,-1,900.000,800.000,975.000,-1,-1,2,0,2,0,2,0,0,0,0,2,2,2,1,0,0,2,2
82,-2735.054,-9613.325,126.991,-54.204,0.584586,0.808254,0.070610,-0.811319,0.582851,0.045239,-0.004591,-0.083734,0.996478,0,0.64840,-0.20003,38.904,-0.400,-1,400.000,-1,425.000,-1,325.000,325.000,300.000,325.000,-1,-1,-1,950.000,775.000,975.000,-1,-1,2,0,2,0,2,0,0,0,0,2,2,2,1,0,1,2,2
83,-2712.630,-9645.163,127.019,-54.844,0.575386,0.814739,0.071636,-0.817860,0.573802,0.043082,-0.006004,-0.083378,0.996500,0,0.64903,-0.32003,38.942,-0.640,-1,400.000,-1,425.000,-1,325.000,325.000,300.000,325.000,-1,-1,-1,975.000,775.000,950.000,-1,-1,2,0,2,0,2,0,0,0,0,2,2,2,1,0,1,2,2
84,-2690.581,-9677.324,126.873,-55.564,0.565015,0.821970,0.071583,-0.825054,0.563565,0.040990,-0.006649,-0.082220,0.996592,0,0.64988,-0.36029,38.993,-0.721,-1,400.000,-1,425.000,-1,325.000,325.000,300.000,325.000,-1,-1,-1,-1,775.000,925.000,-1,-1,2,0,2,0,2,0,0,0,0,2,2,2,2,0,1,2,2
85,-2668.905,-9709.805,126.775,-56.281,0.554620,0.829029,0.071468,-0.832072,0.553301,0.038918,-0.007279,-0.081052,0.996683,0,0.65082,-0.35806,39.049,-0.716,-1,400.000,-1,425.000,-1,325.000,325.000,300.000,325.000,-1,-1,-1,-1,775.000,900.000,-1,-1,2,0,2,0,2,0,0,0,0,2,2,2,2,0,1,2,2
86,-2647.601,-9742.602,126.722,-56.992,0.544206,0.835916,0.071297,-0.838914,0.543013,0.036867,-0.007897,-0.079875,0.996774,0,0.65180,-0.35582,39.108,-0.712,-1,400.000,-1,425.000,-1,325.000,325.000,300.000,325.000,-1,-1,-1,-1,775.000,875.000,-1,-1,2,0,2,0,2,0,0,0,0,2,2,2,2,0,1,2,2
87,-2626.671,-9775.711,126.579,-57.699,0.533752,0.842667,0.070863,-0.845594,0.532727,0.034228,-0.008908,-0.078190,0.996899,0,0.65282,-0.35355,39.169,-0.707,-1,400.000,-1,425.000,-1,325.000,325.000,300.000,325.000,-1,-1,-1,-1,775.000,850.000,-1,-1,2,0,2,0,2,0,0,0,0,2,2,2,2,0,1,2,2
88,-2606.117,-9809.129,126.309,-58.402,0.523256,0.849289,0.070087,-0.852112,0.522449,0.030847,-0.010419,-0.075863,0.997064,0,0.65388,-0.35127,39.233,-0.703,-1,400.000,-1,425.000,-1,325.000,325.000,300.000,325.000,-1,-1,-1,-1,750.000,800.000,-1,-1,2,0,2,0,2,0,0,0,0,2,2,2,2,0,1,2,2
89,-2585.937,-9842.850,126.087,-59.100,0.512755,0.855739,0.069229,-0.858452,0.512155,0.027511,-0.011914,-0.073536,0.997221,0,0.65497,-0.34897,39.298,-0.698,-1,400.000,-1,425.000,-1,325.000,325.000,300.000,325.000,-1,-1,-1,-1,750.000,775.000,-1,-1,2,0,2,0,2,0,0,0,0,2,2,2,2,0,1,2,2
90,-2564.282,-9879.964,125.770,-59.734,0.503150,0.861547,0.067652,-0.864096,0.502753,0.024014,-0.013323,-0.070540,0.997420,0,0.71615,-0.31735,42.969,-0.635,-1,400.000,-1,425.000,1000.000,325.000,325.000,300.000,300.000,-1,-1,-1,-1,750.000,750.000,-1,-1,2,0,2,0,1,0,0,0,0,2,2,2,2,0,1,2,2
91,-2542.960,-9917.460,125.431,-60.371,0.493478,0.867276,0.065669,-0.869637,0.493260,0.020631,-0.014499,-0.067289,0.997628,0,0.71890,-0.31834,43.134,-0.637,-1,400.000,-1,425.000,950.000,325.000,325.000,325.000,300.000,-1,-1,-1,-1,750.000,725.000,-1,975.000,2,0,2,0,1,0,0,0,0,2,2,2,2,0,1,2,1
92,-2521.975,-9955.335,124.747,-61.010,0.483783,0.872816,0.064388,-0.875070,0.483616,0.019202,-0.014379,-0.065633,0.997740,0,0.72166,-0.31933,43.299,-0.639,-1,400.000,-1,425.000,900.000,325.000,325.000,325.000,300.000,-1,-1,-1,-1,750.000,700.000,-1,925.000,2,0,2,0,1,0,0,0,0,2,2,2,2,0,1,2,1
93,-2501.337,-9993.588,124.057,-61.650,0.474007,0.878251,0.063190,-0.880409,0.473871,0.018089,-0.014058,-0.064207,0.997838,0,0.72443,-0.32032,43.466,-0.641,-1,400.000,-1,425.000,850.000,325.000,325.000,325.000,300.000,-1,-1,-1,-1,750.000,675.000,-1,875.000,2,0,2,0,1,0,0,0,0,2,2,2,2,0,1,2,1
94,-2481.050,-10032.218,123.258,-62.293,0.464099,0.883554,0.062810,-0.885668,0.464013,0.016829,-0.014276,-0.063439,0.997884,0,0.72721,-0.32131,43.633,-0.643,-1,400.000,-1,425.000,800.000,325.000,325.000,325.000,300.000,-1,-1,-1,-1,750.000,650.000,-1,825.000,2,0,2,0,1,0,0,0,0,2,2,2,2,0,1,2,1
95,-2461.123,-10071.223,122.426,-62.938,0.454078,0.888742,0.062851,-0.890839,0.454055,0.015475,-0.014784,-0.063017,0.997903,0,0.73000,-0.32232,43.800,-0.645,-1,400.000,-1,400.000,750.000,325.000,325.000,325.000,300.000,-1,-1,-1,-1,725.000,625.000,-1,775.000,2,0,2,0,1,0,0,0,0,2,2,2,2,0,1,2,1
96,-2441.563,-10110.601,121.657,-63.584,0.443970,0.893836,0.062823,-0.895911,0.444009,0.014118,-0.015275,-0.062552,0.997925,0,0.73280,-0.32334,43.968,-0.647,-1,375.000,-1,400.000,700.000,325.000,325.000,300.000,300.000,-1,-1,-1,-1,700.000,600.000,975.000,725.000,2,0,2,0,1,0,0,0,0,2,2,2,2,1,1,1,1
97,-2422.376,-10150.349,120.949,-64.233,0.433775,0.898835,0.062728,-0.900883,0.433873,0.012758,-0.015749,-0.062044,0.997949,0,0.73561,-0.32438,44.137,-0.649,-1,375.000,-1,400.000,675.000,325.000,325.000,300.000,300.000,-1,-1,-1,-1,675.000,575.000,925.000,675.000,2,0,2,1,1,0,0,0,0,2,2,2,2,1,1,1,1
98,-2403.571,-10190.466,120.303,-64.884,0.423493,0.903736,0.062566,-0.905755,0.423649,0.011395,-0.016208,-0.061495,0.997976,0,0.73842,-0.32544,44.305,-0.651,-1,375.000,1000.000,375.000,625.000,325.000,325.000,300.000,325.000,-1,-1,-1,-1,625.000,550.000,850.000,625.000,2,0,1,1,1,0,0,0,0,2,2,2,2,1,1,1,1
99,-2385.154,-10230.948,119.721,-65.537,0.413122,0.908540,0.062332,-0.910523,0.413337,0.010019,-0.016662,-0.060894,0.998005,0,0.74124,-0.32652,44.474,-0.653,950.000,375.000,950.000,375.000,575.000,325.000,325.000,300.000,325.000,-1,-1,-1,-1,600.000,525.000,800.000,575.000,1,0,1,1,1,0,1,0,0,2,2,2,2,1,1,1,1
100,-2367.133,-10271.793,119.201,-66.192,0.402664,0.913243,0.062033,-0.915188,0.402935,0.008641,-0.017104,-0.060251,0.998037,0,0.74405,-0.32764,44.643,-0.655,875.000,375.000,900.000,350.000,525.000,325.000,300.000,300.000,325.000,-1,-1,-1,-1,575.000,500.000,750.000,525.000,1,0,1,1,1,0,1,0,0,2,2,2,2,1,1,1,1
101,-2349.516,-10312.997,118.742,-66.850,0.392118,0.917845,0.061669,-0.919748,0.392443,0.007261,-0.017537,-0.059567,0.998070,0,0.74687,-0.32880,44.812,-0.658,800.000,375.000,850.000,325.000,500.000,300.000,300.000,300.000,325.000,-1,-1,-1,-1,525.000,475.000,675.000,500.000,1,1,1,1,1,1,1,0,0,2,2,2,2,1,1,1,1
102,-2332.310,-10354.557,118.343,-67.510,0.381483,0.922345,0.061241,-0.924201,0.381861,0.005880,-0.017962,-0.058843,0.998106,0,0.74968,-0.33000,44.981,-0.660,725.000,350.000,800.000,325.000,450.000,300.000,275.000,300.000,325.000,-1,-1,-1,-1,500.000,450.000,625.000,450.000,1,1,1,1,1,1,1,0,0,2,2,2,2,1,1,1,1
103,-2315.524,-10396.470,117.779,-68.172,0.370812,0.926785,0.059738,-0.928539,0.371205,0.004804,-0.017723,-0.057250,0.998203,0,0.75248,-0.33126,45.149,-0.663,675.000,325.000,750.000,300.000,400.000,275.000,275.000,300.000,325.000,-1,-1,-1,-1,475.000,425.000,575.000,400.000,1,1,1,1,1,1,1,0,0,2,2,2,2,1,1,1,1
104,-2299.166,-10438.730,117.519,-68.838,0.360124,0.931070,0.058483,-0.932768,0.360435,0.005511,-0.015949,-0.056535,0.998273,0,0.75526,-0.33259,45.316,-0.665,625.000,325.000,725.000,275.000,375.000,275.000,250.000,300.000,325.000,-1,-1,-1,-1,450.000,400.000,525.000,375.000,1,1,1,1,1,1,1,0,0,2,2,2,2,1,1,1,1
105,-2283.239,-10481.331,119.058,-69.506,0.349575,0.934891,0.061456,-0.936865,0.349437,0.013324,-0.009018,-0.062234,0.998021,0,0.75802,-0.33400,45.481,-0.668,575.000,300.000,700.000,275.000,375.000,250.000,250.000,300.000,350.000,-1,-1,-1,-1,425.000,400.000,500.000,375.000,1,1,1,1,1,1,1,0,0,2,2,2,2,1,1,1,1
106,-2267.756,-10524.271,120.651,-70.177,0.338985,0.938572,0.064583,-0.940789,0.338340,0.021015,-0.002127,-0.067882,0.997691,0,0.76076,-0.33549,45.646,-0.671,525.000,300.000,-1,275.000,375.000,250.000,250.000,300.000,350.000,-1,-1,-1,-1,425.000,400.000,450.000,375.000,1,1,2,1,1,1,1,0,0,2,2,2,2,1,1,1,1
107,-2252.726,-10567.544,122.238,-70.851,0.328369,0.942097,0.068028,-0.944537,0.327137,0.028846,0.004921,-0.073727,0.997266,0,0.76347,-0.33710,45.808,-0.674,475.000,275.000,-1,275.000,375.000,250.000,250.000,300.000,375.000,-1,-1,-1,-1,400.000,400.000,425.000,375.000,1,1,2,1,1,1,1,0,0,2,2,2,2,1,1,1,1
108,-2236.888,-10615.610,124.660,-71.765,0.314077,0.946920,0.068543,-0.949258,0.311973,0.039787,0.016292,-0.077561,0.996854,0,0.84347,-0.45710,50.608,-0.914,425.000,275.000,-1,275.000,375.000,225.000,225.000,300.000,400.000,-1,500.000,550.000,-1,400.000,400.000,400.000,375.000,1,1,2,1,1,1,1,0,1,2,0,0,2,1,1,1,1
109,-2220.620,-10668.578,129.511,-72.919,0.296026,0.953342,0.059234,-0.954515,0.292937,0.055579,0.035634,-0.072993,0.996696,0,0.92347,-0.57710,55.408,-1.154,450.000,275.000,-1,275.000,425.000,250.000,250.000,325.000,375.000,-1,175.000,200.000,-1,400.000,425.000,400.000,425.000,1,1,2,1,1,1,1,0,1,2,0,0,2,1,1,1,1
110,-2205.451,-10722.620,134.621,-74.313,0.273592,0.960538,0.050136,-0.960239,0.269753,0.071929,0.055566,-0.067822,0.996149,0,0.93546,-0.69710,56.127,-1.394,450.000,300.000,-1,300.000,450.000,250.000,250.000,350.000,350.000,-1,150.000,150.000,-1,425.000,475.000,425.000,-1,1,1,2,1,1,1,1,0,1,2,0,0,2,1,1,1,2
111,9511.015,-8199.157,-78.710,-114.021,-0.404897,0.913104,0.047950,-0.912316,-0.406942,0.045587,0.061138,-0.025287,0.997809,1,0.00000,0.00000,56.331,-1.634,550.000,425.000,-1,400.000,-1,350.000,350.000,225.000,300.000,-1,325.000,275.000,950.000,825.000,775.000,-1,-1,1,0,2,0,2,0,0,1,0,2,0,0,0,0,0,2,2
112,9509.048,-8203.535,-78.589,-114.190,-0.407562,0.911895,0.048382,-0.911119,-0.409628,0.045472,0.061284,-0.025549,0.997793,0,0.08000,-0.08442,4.800,-0.169,550.000,425.000,-1,400.000,-1,350.000,350.000,225.000,300.000,-1,325.000,275.000,950.000,825.000,775.000,-1,-1,1,0,2,0,2,0,0,1,0,2,0,0,0,0,0,2,2
113,9505.089,-8212.281,-78.292,-114.357,-0.410176,0.910685,0.049081,-0.909926,-0.412280,0.045380,0.061562,-0.026046,0.997763,0,0.16000,-0.08354,9.600,-0.167,575.000,425.000,-1,400.000,-1,350.000,350.000,225.000,300.000,-1,325.000,275.000,950.000,825.000,775.000,-1,-1,1,0,2,0,2,0,0,1,0,2,0,0,0,0,0,2,2
114,9499.113,-8225.382,-77.834,-114.522,-0.412729,0.909476,0.050080,-0.908747,-0.414889,0.045241,0.061923,-0.026838,0.997720,0,0.24000,-0.08239,14.400,-0.165,625.000,425.000,-1,400.000,-1,350.000,350.000,225.000,300.000,-1,325.000,275.000,975.000,825.000,775.000,-1,-1,1,0,2,0,2,0,0,1,0,2,0,0,0,0,0,2,2
115,9491.094,-8242.828,-77.234,-114.686,-0.415242,0.908256,0.051427,-0.907575,-0.417476,0.044959,0.062304,-0.028005,0.997664,0,0.32000,-0.08197,19.200,-0.164,650.000,425.000,-1,400.000,-1,350.000,350.000,200.000,300.000,-1,325.000,275.000,975.000,800.000,775.000,-1,-1,1,0,2,0,2,0,0,1,0,2,0,0,0,0,0,2,2
116,9481.009,-8264.606,-76.519,-114.849,-0.417710,0.907023,0.053178,-0.906420,-0.420036,0.044411,0.062618,-0.029651,0.997597,0,0.40000,-0.08144,24.000,-0.163,700.000,425.000,-1,400.000,-1,350.000,325.000,200.000,300.000,-1,325.000,275.000,1000.000,800.000,775.000,-1,-1,1,0,2,0,2,0,0,1,0,2,0,0,0,0,0,2,2
117,9468.833,-8290.706,-75.721,-115.010,-0.420130,0.905771,0.055401,-0.905291,-0.422565,0.043447,0.062764,-0.031901,0.997518,0,0.48000,-0.08083,28.800,-0.162,725.000,425.000,-1,400.000,-1,325.000,325.000,200.000,300.000,-1,325.000,275.000,-1,800.000,750.000,-1,-1,1,0,2,0,2,0,0,1,0,2,0,0,2,0,0,2,2
118,9454.544,-8321.116,-74.878,-115.171,-0.422499,0.904494,0.058177,-0.904198,-0.425055,0.041891,0.062618,-0.034904,0.997427,0,0.56000,-0.08017,33.600,-0.160,775.000,400.000,-1,400.000,-1,325.000,325.000,175.000,300.000,-1,325.000,275.000,-1,775.000,750.000,-1,-1,1,0,2,0,2,0,0,1,0,2,0,0,2,0,0,2,2
119,9438.116,-8355.824,-74.036,-115.330,-0.424820,0.903180,0.061595,-0.903149,-0.427502,0.039536,0.062040,-0.038834,0.997318,0,0.64000,-0.07952,38.400,-0.159,800.000,400.000,-1,400.000,-1,325.000,325.000,175.000,300.000,-1,325.000,300.000,-1,750.000,750.000,-1,-1,1,0,2,0,2,0,0,1,0,2,0,0,2,0,0,2,2
120,9419.528,-8394.820,-72.279,-115.487,-0.427506,0.901958,0.060909,-0.902164,-0.429969,0.035025,0.057780,-0.039976,0.997529,0,0.72000,-0.07891,43.200,-0.158,825.000,375.000,-1,400.000,-1,325.000,325.000,175.000,325.000,-1,425.000,400.000,-1,725.000,725.000,-1,-1,1,0,2,0,2,0,0,1,0,2,0,0,2,0,0,2,2
121,9398.935,-8438.177,-69.250,-115.405,-0.426658,0.902676,0.056029,-0.902879,-0.428723,0.031722,0.052656,-0.037053,0.997925,0,0.80000,0.04109,48.000,0.082,900.000,375.000,-1,375.000,-1,300.000,300.000,175.000,300.000,-1,625.000,575.000,-1,700.000,675.000,-1,-1,1,0,2,0,2,0,0,1,0,2,0,0,2,0,0,2,2
122,9376.550,-8485.997,-65.235,-115.083,-0.421942,0.905257,0.049753,-0.905188,-0.423726,0.033042,0.050993,-0.031095,0.998215,0,0.88000,0.16109,52.800,0.322,-1,375.000,-1,375.000,-1,300.000,300.000,175.000,300.000,-1,775.000,725.000,-1,700.000,675.000,-1,-1,2,0,2,0,2,0,0,1,0,2,0,0,2,0,0,2,2
123,9352.644,-8538.402,-61.190,-114.521,-0.413323,0.909505,0.044331,-0.909207,-0.414885,0.034827,0.050067,-0.025911,0.998410,0,0.96000,0.28109,57.600,0.562,-1,375.000,-1,375.000,-1,300.000,300.000,175.000,300.000,-1,875.000,800.000,-1,700.000,650.000,-1,-1,2,0,2,0,2,0,0,1,0,2,0,0,2,0,0,2,2
124,9329.561,-8590.938,-57.521,-113.719,-0.400729,0.915307,0.040362,-0.914832,-0.402147,0.036875,0.049983,-0.022147,0.998504,0,0.95639,0.40109,57.383,0.802,-1,375.000,-1,350.000,-1,300.000,300.000,175.000,275.000,-1,950.000,850.000,-1,725.000,650.000,-1,-1,2,0,2,0,2,0,0,1,0,2,0,0,2,0,0,2,2
125,9307.379,-8643.544,-53.509,-112.863,-0.387089,0.921216,0.039030,-0.920754,-0.388438,0.036441,0.048731,-0.021831,0.998573,0,0.95152,0.42776,57.091,0.856,-1,375.000,-1,350.000,-1,300.000,300.000,175.000,275.000,-1,-1,950.000,-1,750.000,650.000,-1,-1,2,0,2,0,2,0,0,1,0,2,2,0,2,0,0,2,2
126,9286.087,-8696.220,-49.662,-112.009,-0.373278,0.926884,0.039366,-0.926447,-0.374652,0.036482,0.048563,-0.022853,0.998559,0,0.94694,0.42713,56.816,0.854,-1,375.000,-1,350.000,-1,300.000,300.000,200.000,275.000,-1,-1,1000.000,-1,750.000,650.000,-1,-1,2,0,2,0,2,0,0,1,0,2,2,0,2,0,0,2,2
127,9265.676,-8748.964,-46.070,-111.156,-0.359342,0.932312,0.040832,-0.931911,-0.360803,0.036911,0.049145,-0.024788,0.998484,0,0.94260,0.42625,56.556,0.853,-1,375.000,-1,350.000,-1,300.000,300.000,200.000,275.000,-1,-1,-1,-1,775.000,650.000,-1,-1,2,0,2,0,2,0,0,1,0,2,2,2,2,0,0,2,2
128,9246.133,-8801.779,-42.737,-110.306,-0.345292,0.937497,0.043277,-0.937142,-0.346903,0.037732,0.050386,-0.027528,0.998350,0,0.93857,0.42515,56.314,0.850,-1,375.000,-1,375.000,-1,300.000,300.000,200.000,300.000,-1,-1,-1,-1,775.000,675.000,-1,-1,2,0,2,0,2,0,0,1,0,2,2,2,2,0,0,2,2
129,9227.448,-8854.669,-39.651,-109.458,-0.331138,0.942430,0.046628,-0.942135,-0.332962,0.038969,0.052251,-0.031026,0.998152,0,0.93489,0.42383,56.093,0.848,-1,375.000,-1,375.000,-1,300.000,300.000,200.000,300.000,-1,-1,-1,-1,800.000,700.000,-1,-1,2,0,2,0,2,0,0,1,0,2,2,2,2,0,0,2,2
130,9209.608,-8907.640,-36.801,-108.614,-0.316881,0.947103,0.050814,-0.946886,-0.318990,0.040642,0.054701,-0.035236,0.997881,0,0.93157,0.42230,55.894,0.845,-1,400.000,-1,375.000,-1,325.000,300.000,200.000,300.000,-1,-1,1000.000,-1,825.000,725.000,-1,-1,2,0,2,0,2,0,0,1,0,2,2,0,2,0,0,2,2
131,9192.602,-8960.699,-34.175,-107.773,-0.302525,0.951509,0.055764,-0.951393,-0.304995,0.042766,0.057700,-0.040115,0.997528,0,0.92863,0.42059,55.718,0.841,-1,400.000,-1,375.000,-1,325.000,300.000,225.000,300.000,-1,950.000,925.000,-1,850.000,750.000,-1,-1,2,0,2,0,2,0,0,1,0,2,0,0,2,0,0,2,2
132,9176.418,-9013.855,-31.756,-106.935,-0.288067,0.955638,0.061432,-0.955651,-0.290987,0.045363,0.061227,-0.045640,0.997080,0,0.92608,0.41870,55.565,0.837,-1,400.000,-1,400.000,-1,325.000,325.000,225.000,300.000,425.000,850.000,800.000,-1,875.000,775.000,-1,-1,2,0,2,0,2,0,0,1,0,1,0,0,2,0,0,2,2
