timestep,x_cm,y_cm,z_cm,yaw_deg,basis_xx,basis_xy,basis_xz,basis_yx,basis_yy,basis_yz,basis_zx,basis_zy,basis_zz,teleport_flag,throttle_cmd,steering_cmd,cmd_move_cm,cmd_turn_deg,lidar_cm_0,lidar_cm_1,lidar_cm_2,lidar_cm_3,lidar_cm_4,lidar_cm_5,lidar_cm_6,lidar_cm_7,lidar_cm_8,lidar_cm_9,lidar_cm_10,lidar_cm_11,lidar_cm_12,lidar_cm_13,lidar_cm_14,lidar_cm_15,lidar_cm_16,lidar_class_0,lidar_class_1,lidar_class_2,lidar_class_3,lidar_class_4,lidar_class_5,lidar_class_6,lidar_class_7,lidar_class_8,lidar_class_9,lidar_class_10,lidar_class_11,lidar_class_12,lidar_class_13,lidar_class_14,lidar_class_15,lidar_class_16
0,4263.293,8203.952,205.267,92.983,-0.057030,-0.996313,0.064087,0.995536,-0.051915,0.078826,-0.075208,0.068297,0.994826,1,0.08000,0.12000,4.800,0.240,-1,375.000,-1,300.000,325.000,300.000,275.000,575.000,250.000,200.000,-1,-1,-1,675.000,475.000,-1,375.000,2,0,2,0,0,0,0,1,0,1,2,2,2,0,0,2,0
1,4262.715,8213.534,204.540,93.463,-0.065038,-0.996037,0.060667,0.995182,-0.060272,0.077333,-0.073370,0.065404,0.995158,0,0.16000,0.24000,9.600,0.480,-1,375.000,-1,300.000,325.000,300.000,275.000,575.000,250.000,200.000,-1,-1,-1,675.000,475.000,-1,400.000,2,0,2,0,0,0,0,1,0,1,2,2,2,0,0,2,0
2,4261.666,8227.896,203.473,94.183,-0.077078,-0.995468,0.055694,0.994515,-0.072803,0.075094,-0.070699,0.061177,0.995620,0,0.24000,0.36000,14.400,0.720,-1,375.000,-1,300.000,375.000,300.000,275.000,550.000,250.000,225.000,-1,-1,-1,675.000,475.000,-1,425.000,2,0,2,0,0,0,0,0,0,1,2,2,2,0,0,2,0
3,4259.948,8247.018,202.092,95.143,-0.093176,-0.994426,0.049344,0.993373,-0.089500,0.072104,-0.067286,0.055736,0.996176,0,0.32000,0.48000,19.200,0.960,-1,375.000,-1,300.000,400.000,300.000,275.000,525.000,250.000,225.000,-1,-1,-1,675.000,500.000,-1,450.000,2,0,2,0,0,0,0,0,0,1,2,2,2,0,0,2,0
4,4257.299,8270.870,200.426,96.343,-0.113354,-0.992674,0.041831,0.991540,-0.110343,0.068358,-0.063242,0.049225,0.996783,0,0.40000,0.60000,24.000,1.200,-1,375.000,-1,300.000,450.000,300.000,275.000,500.000,250.000,225.000,-1,-1,-1,675.000,500.000,-1,500.000,2,0,2,0,0,0,0,0,0,1,2,2,2,0,0,2,0
5,4253.401,8299.404,198.507,97.783,-0.137618,-0.989922,0.033393,0.988745,-0.135300,0.063851,-0.058689,0.041804,0.997401,0,0.48000,0.72000,28.800,1.440,-1,375.000,-1,325.000,500.000,300.000,275.000,475.000,250.000,225.000,-1,-1,-1,675.000,525.000,-1,575.000,2,0,2,0,0,0,0,0,0,1,2,2,2,0,0,2,0
6,4247.880,8332.547,196.366,99.463,-0.165954,-0.985835,0.024282,0.984668,-0.164315,0.058569,-0.053749,0.033630,0.997988,0,0.56000,0.84000,33.600,1.680,-1,375.000,-1,325.000,600.000,300.000,275.000,450.000,275.000,250.000,-1,-1,-1,675.000,550.000,-1,675.000,2,0,2,0,0,0,0,0,0,1,2,2,2,0,0,2,0
7,4240.303,8370.191,194.026,101.383,-0.198313,-0.980028,0.014745,0.978937,-0.197303,0.052483,-0.048526,0.024842,0.998513,0,0.64000,0.96000,38.400,1.920,-1,375.000,-1,325.000,725.000,300.000,275.000,425.000,275.000,250.000,-1,-1,-1,700.000,575.000,-1,800.000,2,0,2,0,0,0,0,0,0,1,2,2,2,0,0,2,0
8,4230.305,8412.217,191.508,103.383,-0.231893,-0.972728,0.005150,0.971788,-0.231429,0.045480,-0.043048,0.015551,0.998952,0,0.72000,1.00000,43.200,2.000,-1,375.000,-1,350.000,875.000,300.000,300.000,400.000,275.000,250.000,-1,-1,-1,700.000,600.000,-1,925.000,2,0,2,0,0,0,0,0,0,1,2,2,2,0,0,2,0
9,4217.572,8458.497,188.711,105.383,-0.265297,-0.964158,-0.004113,0.963456,-0.265263,0.037253,-0.037008,0.005920,0.999297,0,0.80000,1.00000,48.000,2.000,-1,375.000,-1,350.000,1000.000,300.000,300.000,375.000,275.000,275.000,-1,-1,-1,700.000,625.000,-1,-1,2,0,2,0,0,0,0,0,0,1,2,2,2,0,0,2,2
10,4202.333,8507.174,185.617,107.383,-0.298515,-0.954323,-0.012483,0.953937,-0.298753,0.027409,-0.029886,-0.003726,0.999546,0,0.85011,1.00000,51.007,2.000,-1,375.000,-1,350.000,-1,300.000,300.000,350.000,300.000,275.000,-1,-1,-1,700.000,650.000,-1,-1,2,0,2,0,2,0,0,0,0,1,2,2,2,0,0,2,2
11,4185.348,8555.447,182.487,109.383,-0.331505,-0.943235,-0.020325,0.943185,-0.331848,0.016734,-0.022529,-0.013623,0.999653,0,0.85292,1.00000,51.175,2.000,-1,375.000,-1,375.000,-1,300.000,300.000,325.000,300.000,300.000,-1,-1,-1,700.000,675.000,-1,-1,2,0,2,0,2,0,0,0,0,1,2,2,2,0,0,2,2
12,4166.624,8603.261,179.694,111.383,-0.364214,-0.930940,-0.026446,0.931172,-0.364510,0.007213,-0.016355,-0.021999,0.999624,0,0.85582,1.00000,51.349,2.000,-1,375.000,-1,375.000,-1,325.000,325.000,300.000,300.000,300.000,-1,-1,-1,725.000,700.000,-1,-1,2,0,2,0,2,0,0,0,0,1,2,2,2,0,0,2,2
13,4146.174,8650.557,178.869,113.383,-0.396476,-0.917652,-0.026864,0.917890,-0.396777,0.006748,-0.016851,-0.021983,0.999616,0,0.85880,1.00000,51.528,2.000,-1,375.000,-1,375.000,-1,325.000,325.000,300.000,300.000,350.000,-1,-1,-1,700.000,700.000,-1,-1,2,0,2,0,2,0,0,0,0,1,2,2,2,0,0,2,2
14,4124.007,8697.276,178.053,115.383,-0.428265,-0.903252,-0.026927,0.903490,-0.428564,0.006226,-0.017164,-0.021662,0.999618,0,0.86185,1.00000,51.711,2.000,-1,375.000,-1,375.000,-1,325.000,325.000,300.000,300.000,375.000,-1,-1,-1,700.000,700.000,-1,-1,2,0,2,0,2,0,0,0,0,1,2,2,2,0,0,2,2
15,4100.138,8743.358,177.251,117.383,-0.459540,-0.887754,-0.026771,0.887989,-0.459830,0.005603,-0.017284,-0.021198,0.999626,0,0.86495,1.00000,51.897,2.000,-1,375.000,-1,375.000,-1,325.000,325.000,300.000,300.000,400.000,-1,-1,-1,700.000,675.000,-1,-1,2,0,2,0,2,0,0,0,0,1,2,2,2,0,0,2,2
16,4074.583,8788.743,176.426,119.383,-0.490255,-0.871173,-0.026584,0.871406,-0.490537,0.004931,-0.017336,-0.020748,0.999634,0,0.86809,1.00000,52.085,2.000,-1,375.000,-1,375.000,-1,325.000,325.000,300.000,300.000,450.000,-1,-1,-1,700.000,675.000,-1,-1,2,0,2,0,2,0,0,0,0,1,2,2,2,0,0,2,2
17,4047.361,8833.370,175.578,121.383,-0.520375,-0.853531,-0.026357,0.853762,-0.520646,0.004211,-0.017317,-0.020311,0.999644,0,0.87125,1.00000,52.275,2.000,-1,375.000,-1,375.000,-1,325.000,325.000,300.000,300.000,475.000,-1,-1,-1,700.000,675.000,-1,-1,2,0,2,0,2,0,0,0,0,1,2,2,2,0,0,2,2
18,4018.493,8877.179,174.708,123.383,-0.549863,-0.834848,-0.026083,0.835077,-0.550122,0.003446,-0.017226,-0.019886,0.999654,0,0.87442,1.00000,52.465,2.000,-1,375.000,-1,375.000,-1,325.000,325.000,300.000,300.000,525.000,-1,-1,-1,700.000,675.000,-1,-1,2,0,2,0,2,0,0,0,0,1,2,2,2,0,0,2,2
19,3988.004,8920.110,173.904,125.383,-0.578694,-0.815152,-0.025290,0.815372,-0.578931,0.002613,-0.016772,-0.019109,0.999677,0,0.87760,1.00000,52.656,2.000,-1,375.000,-1,375.000,-1,325.000,325.000,300.000,300.000,550.000,-1,-1,-1,700.000,650.000,-1,-1,2,0,2,0,2,0,0,0,0,1,2,2,2,0,0,2,2
20,3955.919,8962.101,173.108,127.383,-0.606824,-0.794464,-0.024318,0.794672,-0.607037,0.001773,-0.016171,-0.018249,0.999703,0,0.88077,1.00000,52.846,2.000,-1,375.000,-1,375.000,-1,325.000,325.000,300.000,300.000,575.000,-1,-1,-1,700.000,650.000,-1,-1,2,0,2,0,2,0,0,0,0,1,2,2,2,0,0,2,2
21,3922.268,9003.094,172.403,129.383,-0.634203,-0.772802,-0.023768,0.773005,-0.634399,0.000935,-0.015801,-0.017779,0.999717,0,0.88393,1.00000,53.036,2.000,-1,375.000,-1,375.000,-1,325.000,325.000,300.000,300.000,625.000,-1,-1,-1,675.000,650.000,-1,-1,2,0,2,0,2,0,0,0,0,1,2,2,2,0,0,2,2
22,3887.083,9043.028,171.687,131.383,-0.660810,-0.750197,-0.023144,0.750396,-0.660988,0.000079,-0.015357,-0.017315,0.999732,0,0.88706,1.00000,53.224,2.000,-1,375.000,-1,375.000,-1,300.000,300.000,300.000,300.000,650.000,-1,-1,-1,675.000,650.000,-1,-1,2,0,2,0,2,0,0,0,0,1,2,2,2,0,0,2,2
23,3850.397,9081.846,170.932,133.383,-0.686615,-0.726678,-0.022322,0.726871,-0.686773,-0.000777,-0.014765,-0.016759,0.999751,0,0.89017,1.00000,53.410,2.000,-1,375.000,-1,375.000,-1,300.000,300.000,300.000,300.000,700.000,-1,-1,-1,675.000,625.000,-1,-1,2,0,2,0,2,0,0,0,0,1,2,2,2,0,0,2,2
24,3812.248,9119.489,170.242,135.383,-0.711590,-0.702271,-0.021351,0.702461,-0.711719,-0.002098,-0.013723,-0.016491,0.999770,0,0.89324,1.00000,53.595,2.000,-1,375.000,-1,375.000,-1,300.000,300.000,300.000,300.000,725.000,-1,-1,-1,675.000,625.000,-1,-1,2,0,2,0,2,0,0,0,0,1,2,2,2,0,0,2,2
25,3772.674,9155.900,169.764,137.383,-0.735702,-0.676998,-0.020392,0.677198,-0.735787,-0.004412,-0.012017,-0.017055,0.999782,0,0.89627,1.00000,53.776,2.000,-1,375.000,-1,375.000,-1,325.000,300.000,300.000,300.000,775.000,-1,-1,-1,675.000,625.000,-1,-1,2,0,2,0,2,0,0,0,0,1,2,2,2,0,0,2,2
26,3731.718,9191.025,169.270,139.383,-0.758917,-0.650901,-0.019304,0.651105,-0.758959,-0.006639,-0.010329,-0.017607,0.999792,0,0.89926,1.00000,53.955,2.000,-1,375.000,-1,375.000,-1,325.000,300.000,300.000,300.000,800.000,775.000,1000.000,-1,675.000,650.000,-1,-1,2,0,2,0,2,0,0,0,0,1,0,0,2,0,0,2,2
27,3689.423,9224.809,168.827,141.383,-0.781208,-0.624008,-0.018098,0.624213,-0.781201,-0.009084,-0.008470,-0.018394,0.999795,0,0.90219,1.00000,54.131,2.000,-1,375.000,-1,375.000,-1,325.000,300.000,300.000,300.000,825.000,625.000,775.000,-1,700.000,650.000,-1,-1,2,0,2,0,2,0,0,0,0,1,0,0,2,0,0,2,2
28,3645.837,9257.199,168.497,143.383,-0.802550,-0.596350,-0.016744,0.596552,-0.802484,-0.012030,-0.006263,-0.019644,0.999787,0,0.90507,1.00000,54.304,2.000,-1,375.000,-1,375.000,-1,325.000,300.000,300.000,300.000,875.000,525.000,650.000,-1,700.000,650.000,-1,-1,2,0,2,0,2,0,0,0,0,1,0,0,2,0,0,2,2
29,3601.007,9288.145,168.239,145.383,-0.822907,-0.567971,-0.015264,0.568159,-0.822793,-0.014391,-0.004386,-0.020514,0.999780,0,0.90788,1.00000,54.473,2.000,-1,400.000,-1,375.000,-1,325.000,300.000,300.000,300.000,900.000,500.000,600.000,-1,700.000,650.000,-1,-1,2,0,2,0,2,0,0,0,0,1,0,0,2,0,0,2,2
30,3554.986,9317.596,167.980,147.383,-0.842258,-0.538901,-0.013682,0.539068,-0.842100,-0.016524,-0.002617,-0.021293,0.999770,0,0.91063,1.00000,54.638,2.000,-1,400.000,-1,375.000,-1,325.000,300.000,300.000,300.000,925.000,475.000,550.000,-1,700.000,650.000,-1,-1,2,0,2,0,2,0,0,0,0,1,0,0,2,0,0,2,2
31,3512.203,9343.158,167.733,149.143,-0.858436,-0.512776,-0.012172,0.512919,-0.858241,-0.018347,-0.001038,-0.021993,0.999758,0,0.83063,0.88000,49.838,1.760,-1,400.000,-1,375.000,-1,325.000,300.000,300.000,300.000,975.000,450.000,500.000,-1,700.000,650.000,-1,-1,2,0,2,0,2,0,0,0,0,1,0,0,2,0,0,2,2
32,3472.941,9365.224,167.502,150.663,-0.871756,-0.489823,-0.010766,0.489941,-0.871529,-0.019900,0.000365,-0.022623,0.999744,0,0.75063,0.76000,45.038,1.520,-1,400.000,-1,375.000,-1,325.000,300.000,300.000,300.000,1000.000,425.000,475.000,-1,700.000,675.000,-1,-1,2,0,2,0,2,0,0,0,0,1,0,0,2,0,0,2,2
33,3436.656,9384.563,167.337,151.943,-0.882494,-0.470228,-0.009512,0.470322,-0.882245,-0.021002,0.001484,-0.023008,0.999734,0,0.68529,0.64000,41.117,1.280,-1,400.000,-1,375.000,-1,325.000,300.000,300.000,300.000,-1,425.000,475.000,-1,700.000,675.000,-1,-1,2,0,2,0,2,0,0,0,0,2,0,0,2,0,0,2,2
34,3399.932,9403.289,167.219,152.983,-0.890894,-0.454135,-0.008327,0.454204,-0.890629,-0.021862,0.002512,-0.023259,0.999726,0,0.68704,0.52000,41.223,1.040,-1,400.000,-1,375.000,-1,325.000,300.000,300.000,300.000,-1,425.000,475.000,-1,700.000,675.000,-1,-1,2,0,2,0,2,0,0,0,0,2,0,0,2,0,0,2,2
35,3362.864,9421.542,167.113,153.783,-0.897158,-0.441652,-0.007184,0.441696,-0.896878,-0.022696,0.003581,-0.023535,0.999717,0,0.68864,0.40000,41.318,0.800,-1,400.000,-1,375.000,-1,325.000,300.000,300.000,300.000,-1,425.000,475.000,-1,725.000,675.000,-1,-1,2,0,2,0,2,0,0,0,0,2,0,0,2,0,0,2,2
36,3322.043,9441.137,167.288,154.358,-0.901556,-0.432623,-0.005761,0.432633,-0.901264,-0.023496,0.004973,-0.023676,0.999707,0,0.75468,0.28766,45.281,0.575,-1,400.000,-1,375.000,-1,325.000,300.000,300.000,300.000,-1,425.000,475.000,-1,725.000,675.000,-1,-1,2,0,2,0,2,0,0,0,0,2,0,0,2,1,0,2,2
37,3280.703,9460.473,167.576,154.933,-0.905860,-0.423551,-0.004747,0.423535,-0.905550,-0.024458,0.006061,-0.024166,0.999690,0,0.76064,0.28751,45.638,0.575,-1,400.000,-1,375.000,-1,325.000,300.000,300.000,300.000,-1,425.000,475.000,-1,700.000,675.000,-1,-1,2,0,2,0,2,0,0,0,0,2,0,0,2,1,0,2,2
38,3238.843,9479.543,167.873,155.508,-0.910066,-0.414446,-0.003710,0.414401,-0.909741,-0.025377,0.007142,-0.024632,0.999671,0,0.76664,0.28724,45.999,0.574,-1,375.000,-1,375.000,-1,325.000,300.000,300.000,300.000,-1,450.000,500.000,-1,700.000,675.000,-1,-1,2,0,2,0,2,0,0,0,0,2,0,0,2,1,0,2,2
39,3196.463,9498.339,168.246,156.081,-0.914175,-0.405309,-0.002938,0.405240,-0.913829,-0.026401,0.008016,-0.025325,0.999647,0,0.77269,0.28686,46.362,0.574,-1,375.000,-1,375.000,-1,325.000,300.000,300.000,300.000,-1,450.000,525.000,-1,700.000,675.000,-1,-1,2,0,2,0,2,0,0,0,0,2,0,0,2,1,0,2,2
40,3153.561,9516.856,168.712,156.654,-0.918185,-0.396145,-0.002493,0.396059,-0.917811,-0.027573,0.008635,-0.026304,0.999617,0,0.77879,0.28634,46.727,0.573,-1,375.000,1000.000,375.000,-1,325.000,300.000,300.000,300.000,-1,475.000,550.000,-1,675.000,675.000,-1,-1,2,0,1,0,2,0,0,0,0,2,0,0,2,1,0,2,2
41,3110.137,9535.087,169.340,157.225,-0.922096,-0.386957,-0.001816,0.386839,-0.921678,-0.029422,0.009711,-0.027833,0.999565,0,0.78493,0.28569,47.096,0.571,-1,375.000,950.000,375.000,-1,325.000,300.000,300.000,300.000,-1,500.000,575.000,-1,675.000,675.000,-1,1000.000,2,0,1,0,2,0,0,0,0,2,0,0,2,1,0,2,1
42,3066.191,9553.025,169.975,157.795,-0.925905,-0.377756,-0.001096,0.377603,-0.925441,-0.031232,0.010784,-0.029332,0.999512,0,0.79111,0.28489,47.467,0.570,-1,375.000,925.000,375.000,-1,325.000,300.000,300.000,300.000,-1,525.000,600.000,-1,650.000,675.000,-1,950.000,2,0,1,0,2,0,0,0,0,2,0,0,2,1,0,2,1
43,3021.722,9570.664,170.614,158.363,-0.929608,-0.368549,-0.000336,0.368359,-0.929098,-0.032994,0.011848,-0.030795,0.999455,0,0.79733,0.28393,47.840,0.568,-1,375.000,875.000,375.000,-1,325.000,300.000,300.000,300.000,-1,525.000,600.000,-1,625.000,650.000,-1,900.000,2,0,1,0,2,0,0,0,0,2,0,0,2,1,1,2,1
44,2972.680,9589.793,171.315,158.691,-0.931708,-0.363209,0.000526,0.362971,-0.931148,-0.034869,0.013155,-0.032297,0.999392,0,0.87733,0.16393,52.640,0.328,-1,375.000,825.000,375.000,-1,325.000,300.000,300.000,300.000,-1,550.000,625.000,-1,625.000,600.000,-1,825.000,2,1,1,0,2,0,0,0,0,2,0,0,2,1,1,2,1
45,2919.135,9610.584,172.087,158.779,-0.932269,-0.361762,0.001470,0.361466,-0.931656,-0.036862,0.014705,-0.033834,0.999319,0,0.95733,0.04393,57.440,0.088,1000.000,375.000,775.000,375.000,-1,325.000,300.000,300.000,300.000,-1,575.000,650.000,-1,575.000,575.000,1000.000,775.000,1,1,1,0,2,0,0,0,0,2,0,0,2,1,1,1,1
46,2863.261,9632.451,172.913,158.627,-0.931311,-0.364216,0.002437,0.363853,-0.930644,-0.038905,0.016438,-0.035347,0.999240,0,1.00000,-0.07607,60.000,-0.152,950.000,350.000,725.000,375.000,-1,300.000,300.000,300.000,300.000,-1,575.000,650.000,-1,550.000,525.000,925.000,700.000,1,1,1,0,2,1,0,0,0,2,0,0,2,1,1,1,1
47,2807.539,9654.699,173.845,158.235,-0.928800,-0.370562,0.003724,0.370116,-0.928093,-0.040724,0.018547,-0.036446,0.999164,0,1.00000,-0.19607,60.000,-0.392,900.000,350.000,675.000,375.000,-1,300.000,300.000,300.000,300.000,-1,575.000,650.000,-1,525.000,475.000,875.000,650.000,1,1,1,1,2,1,1,0,0,2,0,0,2,1,1,1,1
48,2752.065,9677.561,174.913,157.602,-0.924655,-0.380770,0.005259,0.380230,-0.923927,-0.042227,0.020937,-0.037046,0.999094,0,1.00000,-0.31607,60.000,-0.632,825.000,325.000,600.000,350.000,-1,275.000,275.000,300.000,300.000,-1,550.000,650.000,-1,475.000,450.000,800.000,600.000,1,1,1,1,2,1,1,0,0,2,0,0,2,1,1,1,1
49,2696.896,9701.151,176.272,156.849,-0.919561,-0.392892,0.006624,0.392284,-0.918856,-0.042616,0.022830,-0.036590,0.999070,0,1.00000,-0.37670,60.000,-0.753,775.000,300.000,550.000,300.000,-1,250.000,275.000,300.000,300.000,-1,550.000,675.000,-1,425.000,400.000,675.000,550.000,1,1,1,1,2,1,1,0,0,2,0,0,2,1,1,1,1
50,2642.042,9725.462,178.446,156.099,-0.914269,-0.404942,0.011573,0.404190,-0.913748,-0.041161,0.027243,-0.032955,0.999085,0,1.00000,-0.37514,60.000,-0.750,725.000,275.000,500.000,275.000,-1,225.000,250.000,300.000,300.000,-1,525.000,625.000,-1,400.000,375.000,600.000,500.000,1,1,1,1,2,1,1,0,0,2,0,0,2,1,1,1,1
51,2587.509,9750.487,181.162,155.352,-0.908763,-0.416885,0.018889,0.415985,-0.908550,-0.038648,0.033273,-0.027265,0.999074,0,1.00000,-0.37330,60.000,-0.747,675.000,250.000,450.000,250.000,-1,225.000,225.000,325.000,300.000,-1,500.000,550.000,-1,350.000,325.000,525.000,450.000,1,1,1,1,2,1,1,0,0,2,0,0,2,1,1,1,1
52,2533.305,9776.216,184.515,154.610,-0.903005,-0.428696,0.028314,0.427697,-0.903232,-0.035311,0.040712,-0.019776,0.998975,0,1.00000,-0.37114,60.000,-0.742,600.000,250.000,400.000,225.000,-1,200.000,200.000,350.000,300.000,-1,450.000,475.000,-1,325.000,300.000,475.000,400.000,1,1,1,1,2,1,1,0,0,2,0,0,2,1,1,1,1
53,2479.435,9802.639,188.552,153.873,-0.896942,-0.440344,0.039909,0.439355,-0.897767,-0.031337,0.049628,-0.010573,0.998712,0,1.00000,-0.36862,60.000,-0.737,550.000,225.000,350.000,200.000,-1,175.000,175.000,375.000,275.000,-1,425.000,375.000,-1,300.000,275.000,425.000,375.000,1,1,1,1,2,1,1,0,0,2,0,0,2,1,1,1,1
54,2425.905,9829.749,198.211,153.141,-0.890210,-0.451720,0.058954,0.449308,-0.891978,-0.049973,0.075159,-0.017998,0.997009,0,1.00000,-0.36570,60.000,-0.731,500.000,225.000,350.000,200.000,-1,175.000,175.000,375.000,325.000,-1,275.000,225.000,-1,300.000,300.000,425.000,-1,1,1,1,1,2,1,1,0,0,2,0,0,2,1,1,1,2
55,6231.356,-3607.625,-2.114,43.288,0.727693,-0.685628,-0.019407,0.684914,0.727872,-0.033107,0.036825,0.010800,0.999263,1,0.00000,0.00000,60.000,-0.725,-1,375.000,-1,400.000,-1,325.000,325.000,175.000,350.000,550.000,0.000,0.000,-1,750.000,775.000,-1,-1,2,0,2,0,2,0,0,1,0,1,1,1,2,0,0,2,2
56,6227.848,-3610.902,-1.719,43.048,0.730567,-0.682581,-0.018858,0.681950,0.730745,-0.030920,0.034886,0.009729,0.999344,0,-0.08000,-0.12000,-4.800,-0.240,-1,375.000,-1,400.000,-1,325.000,325.000,175.000,350.000,550.000,0.000,0.000,-1,750.000,775.000,-1,-1,2,0,2,0,2,0,0,1,0,1,1,1,2,0,0,2,2
57,6220.778,-3617.396,-0.899,42.568,0.736278,-0.676448,-0.017702,0.675973,0.736452,-0.026442,0.030924,0.007503,0.999494,0,-0.16000,-0.24000,-9.600,-0.480,-1,375.000,-1,400.000,-1,300.000,325.000,175.000,375.000,550.000,0.000,0.000,-1,725.000,775.000,-1,-1,2,0,2,0,2,0,0,1,0,1,1,1,2,0,0,2,2
58,6210.052,-3627.004,0.398,41.848,0.744752,-0.667154,-0.015811,0.666881,0.744909,-0.019477,0.024772,0.003961,0.999685,0,-0.24000,-0.36000,-14.400,-0.720,-1,375.000,-1,375.000,-1,300.000,325.000,175.000,375.000,550.000,0.000,0.000,-1,700.000,750.000,-1,-1,2,0,2,0,2,0,0,1,0,1,1,1,2,0,0,2,2
59,6195.537,-3639.573,2.231,40.888,0.755879,-0.654584,-0.012874,0.654512,0.755988,-0.009767,0.016126,-0.001044,0.999869,0,-0.32000,-0.48000,-19.200,-0.960,-1,350.000,-1,375.000,-1,300.000,300.000,175.000,400.000,550.000,0.000,0.000,-1,650.000,725.000,-1,-1,2,0,2,0,2,0,0,1,0,1,1,1,2,0,0,2,2
60,5575.420,-8855.086,-271.074,163.202,-0.956587,-0.288863,0.038715,0.287194,-0.956886,-0.043469,0.049602,-0.030463,0.998304,1,0.00000,0.00000,-24.000,-1.200,-1,375.000,-1,400.000,-1,325.000,325.000,300.000,300.000,-1,500.000,450.000,-1,675.000,725.000,-1,-1,2,0,2,0,2,0,0,0,0,2,0,0,2,0,0,2,2
61,5570.831,-8853.679,-270.847,162.962,-0.955361,-0.292871,0.038892,0.291198,-0.955675,-0.043472,0.049900,-0.030207,0.998297,0,0.08000,-0.12000,4.800,-0.240,-1,375.000,-1,400.000,-1,325.000,325.000,300.000,300.000,-1,500.000,450.000,-1,675.000,750.000,-1,-1,2,0,2,0,2,0,0,0,0,2,0,0,2,0,0,2,2
62,5561.676,-8850.789,-270.391,162.482,-0.952857,-0.300872,0.039241,0.299190,-0.953202,-0.043485,0.050488,-0.029695,0.998283,0,0.16000,-0.24000,9.600,-0.480,-1,375.000,-1,400.000,-1,325.000,325.000,300.000,300.000,-1,500.000,450.000,-1,675.000,750.000,-1,-1,2,0,2,0,2,0,0,0,0,2,0,0,2,0,0,2,2
63,5547.999,-8846.282,-269.705,161.762,-0.948976,-0.312833,0.039755,0.311139,-0.949368,-0.043517,0.051356,-0.028928,0.998261,0,0.24000,-0.36000,14.400,-0.720,-1,375.000,-1,400.000,-1,325.000,325.000,300.000,300.000,-1,525.000,475.000,-1,675.000,750.000,-1,-1,2,0,2,0,2,0,0,0,0,2,0,0,2,0,0,2,2
64,5529.867,-8839.968,-268.784,160.802,-0.943567,-0.328705,0.040420,0.326995,-0.944020,-0.043584,0.052483,-0.027907,0.998232,0,0.32000,-0.48000,19.200,-0.960,-1,375.000,-1,400.000,-1,325.000,325.000,300.000,300.000,-1,550.000,475.000,-1,675.000,750.000,-1,-1,2,0,2,0,2,0,0,0,0,2,0,0,2,0,0,2,2
65,5507.372,-8831.603,-267.626,159.602,-0.936434,-0.348415,0.041218,0.346688,-0.936962,-0.043704,0.053847,-0.026636,0.998194,0,0.40000,-0.60000,24.000,-1.200,-1,375.000,-1,400.000,-1,325.000,325.000,300.000,300.000,-1,575.000,500.000,-1,675.000,750.000,-1,-1,2,0,2,0,2,0,0,0,0,2,0,0,2,0,0,2,2
66,5480.613,-8820.953,-266.223,158.299,-0.928215,-0.369652,0.042131,0.367904,-0.928828,-0.043887,0.055355,-0.025236,0.998148,0,0.48000,-0.65173,28.800,-1.303,-1,375.000,-1,400.000,-1,325.000,325.000,300.000,300.000,-1,600.000,525.000,-1,675.000,750.000,-1,-1,2,0,2,0,2,0,0,0,0,2,0,0,2,0,0,2,2
67,5449.685,-8807.822,-264.573,156.995,-0.919507,-0.390698,0.043140,0.388926,-0.920211,-0.044138,0.056943,-0.023806,0.998094,0,0.56000,-0.65173,33.600,-1.303,-1,375.000,-1,400.000,-1,325.000,325.000,300.000,300.000,-1,625.000,550.000,-1,675.000,775.000,-1,-1,2,0,2,0,2,0,0,0,0,2,0,0,2,0,0,2,2
68,5414.725,-8792.030,-262.677,155.692,-0.910316,-0.411543,0.044230,0.409745,-0.911116,-0.044462,0.058597,-0.022352,0.998031,0,0.63934,-0.65173,38.361,-1.303,-1,375.000,-1,400.000,-1,325.000,325.000,300.000,300.000,-1,650.000,575.000,-1,675.000,775.000,-1,-1,2,0,2,0,2,0,0,0,0,2,0,0,2,0,0,2,2
69,5380.134,-8775.447,-260.613,154.388,-0.900660,-0.432182,0.045054,0.430413,-0.901559,-0.043991,0.059631,-0.020229,0.998016,0,0.63934,-0.65173,38.361,-1.303,-1,375.000,-1,400.000,-1,325.000,325.000,300.000,300.000,-1,700.000,625.000,-1,700.000,775.000,-1,-1,2,0,2,0,2,0,0,0,0,2,0,0,2,0,0,2,2
70,5345.892,-8758.063,-258.406,153.084,-0.890533,-0.452617,0.045707,0.450926,-0.891532,-0.042850,0.060144,-0.017549,0.998035,0,0.64004,-0.65222,38.403,-1.304,-1,375.000,-1,400.000,-1,325.000,325.000,300.000,300.000,-1,750.000,675.000,-1,700.000,775.000,-1,-1,2,0,2,0,2,0,0,0,0,2,0,0,2,0,0,2,2
71,5311.867,-8739.799,-256.089,151.774,-0.879872,-0.472894,0.046867,0.471288,-0.881001,-0.041541,0.060934,-0.014463,0.998037,0,0.64360,-0.65468,38.616,-1.309,-1,375.000,-1,400.000,-1,325.000,325.000,300.000,300.000,-1,800.000,725.000,-1,700.000,775.000,-1,-1,2,0,2,0,2,0,0,0,0,2,0,0,2,0,0,2,2
72,5278.079,-8720.652,-253.706,150.460,-0.868688,-0.492995,0.048350,0.491481,-0.869961,-0.040176,0.061870,-0.011137,0.998022,0,0.64728,-0.65705,38.837,-1.314,-1,375.000,-1,400.000,-1,325.000,325.000,300.000,300.000,-1,850.000,750.000,-1,700.000,775.000,-1,-1,2,0,2,0,2,0,0,0,0,2,0,0,2,0,0,2,2
73,5244.545,-8700.615,-251.320,149.142,-0.856999,-0.512901,0.049848,0.511484,-0.858412,-0.038898,0.062741,-0.007839,0.997999,0,0.65106,-0.65934,39.064,-1.319,-1,375.000,-1,400.000,-1,325.000,325.000,300.000,300.000,-1,900.000,750.000,-1,700.000,800.000,-1,-1,2,0,2,0,2,0,0,0,0,2,0,0,2,0,0,2,2
74,5211.285,-8679.685,-248.934,147.819,-0.844810,-0.532596,0.051356,0.531279,-0.846357,-0.037708,0.063549,-0.004572,0.997968,0,0.65496,-0.66154,39.297,-1.323,-1,375.000,-1,400.000,-1,325.000,325.000,300.000,300.000,-1,950.000,750.000,-1,700.000,800.000,-1,-1,2,0,2,0,2,0,0,0,0,2,0,0,2,0,0,2,2
75,5178.318,-8657.858,-246.550,146.491,-0.832124,-0.552063,0.052872,0.550850,-0.833801,-0.036607,0.064294,-0.001338,0.997930,0,0.65897,-0.66365,39.538,-1.327,-1,375.000,-1,400.000,-1,325.000,325.000,300.000,300.000,-1,1000.000,775.000,-1,725.000,800.000,-1,-1,2,0,2,0,2,0,0,0,0,2,0,0,2,0,0,2,2
76,5145.664,-8635.129,-243.971,145.160,-0.819005,-0.571287,0.053497,0.570161,-0.820750,-0.035865,0.064397,0.001128,0.997924,0,0.66309,-0.66567,39.785,-1.331,-1,375.000,-1,400.000,-1,325.000,325.000,300.000,300.000,-1,-1,850.000,-1,725.000,800.000,-1,-1,2,0,2,0,2,0,0,0,0,2,2,0,2,0,0,2,2
77,5113.343,-8611.496,-241.363,143.825,-0.805413,-0.590253,0.053954,0.589212,-0.807211,-0.035216,0.064338,0.003427,0.997922,0,0.66732,-0.66759,40.039,-1.335,-1,375.000,-1,400.000,-1,325.000,325.000,300.000,300.000,-1,-1,925.000,-1,725.000,800.000,-1,-1,2,0,2,0,2,0,0,0,0,2,2,0,2,0,0,2,2
78,5081.377,-8586.955,-238.775,142.486,-0.791344,-0.608946,0.054403,0.607992,-0.793191,-0.034558,0.064196,0.005730,0.997921,0,0.67167,-0.66942,40.300,-1.339,-1,375.000,-1,400.000,-1,325.000,325.000,300.000,300.000,-1,-1,-1,-1,725.000,800.000,-1,-1,2,0,2,0,2,0,0,0,0,2,2,2,2,0,0,2,2
79,5049.785,-8561.505,-236.252,141.144,-0.776805,-0.627349,0.054849,0.626497,-0.778695,-0.033683,0.063842,0.008198,0.997926,0,0.67613,-0.67114,40.568,-1.342,-1,375.000,-1,400.000,-1,325.000,325.000,300.000,300.000,-1,-1,-1,-1,725.000,800.000,-1,-1,2,0,2,0,2,0,0,0,0,2,2,2,2,0,0,2,2
80,5018.591,-8535.142,-233.743,139.798,-0.761802,-0.645446,0.055301,0.644697,-0.763732,-0.032851,0.063439,0.010626,0.997929,0,0.68070,-0.67275,40.842,-1.345,-1,375.000,-1,400.000,-1,325.000,325.000,300.000,300.000,-1,-1,-1,-1,725.000,800.000,-1,1000.000,2,0,2,0,2,0,0,0,0,2,2,2,2,0,0,2,1
81,4987.815,-8507.867,-231.174,138.450,-0.746343,-0.663224,0.055737,0.662553,-0.748313,-0.032421,0.063211,0.012731,0.997919,0,0.68538,-0.67425,41.123,-1.348,-1,375.000,-1,400.000,1000.000,325.000,325.000,300.000,300.000,-1,-1,-1,-1,750.000,800.000,-1,950.000,2,0,2,0,1,0,0,0,0,2,2,2,2,0,0,2,1
82,4957.481,-8479.677,-228.572,137.098,-0.730437,-0.680669,0.056141,0.680060,-0.732446,-0.032274,0.063088,0.014605,0.997901,0,0.69017,-0.67563,41.410,-1.351,-1,375.000,-1,400.000,975.000,325.000,325.000,300.000,300.000,-1,-1,-1,-1,750.000,775.000,-1,925.000,2,0,2,0,1,0,0,0,0,2,2,2,2,0,1,2,1
83,4927.610,-8450.574,-225.995,135.745,-0.714095,-0.697763,0.056520,0.697217,-0.716139,-0.032147,0.062907,0.016451,0.997884,0,0.69508,-0.67690,41.705,-1.354,-1,375.000,-1,400.000,950.000,325.000,325.000,300.000,300.000,-1,-1,-1,-1,750.000,750.000,-1,875.000,2,0,2,0,1,0,0,0,0,2,2,2,2,0,1,2,1
84,4894.939,-8417.479,-223.145,134.631,-0.700345,-0.711532,0.056903,0.711042,-0.702421,-0.032000,0.062739,0.018050,0.997867,0,0.77508,-0.55690,46.505,-1.114,-1,400.000,-1,400.000,900.000,325.000,325.000,300.000,300.000,-1,-1,-1,-1,775.000,725.000,-1,850.000,2,0,2,0,1,0,0,0,0,2,2,2,2,0,1,2,1
85,4859.456,-8380.424,-219.883,133.757,-0.689367,-0.722134,0.057407,0.721745,-0.691463,-0.031044,0.062113,0.020032,0.997868,0,0.85508,-0.43690,51.305,-0.874,-1,400.000,-1,400.000,850.000,325.000,325.000,300.000,300.000,-1,-1,-1,-1,775.000,700.000,-1,800.000,2,0,2,0,1,0,0,0,0,2,2,2,2,0,1,2,1
86,4821.104,-8339.474,-216.332,133.123,-0.681294,-0.729709,0.057988,0.729430,-0.683405,-0.029844,0.061407,0.021966,0.997871,0,0.93508,-0.31690,56.105,-0.634,-1,400.000,-1,400.000,800.000,325.000,325.000,300.000,300.000,-1,-1,-1,-1,775.000,650.000,-1,725.000,2,0,2,0,1,0,0,0,0,2,2,2,2,0,1,2,1
87,4780.547,-8295.569,-212.610,132.729,-0.676224,-0.734360,0.058619,0.734186,-0.678346,-0.028591,0.060760,0.023703,0.997871,0,0.99617,-0.19690,59.770,-0.394,-1,400.000,-1,400.000,725.000,325.000,325.000,300.000,300.000,-1,-1,-1,-1,800.000,625.000,-1,675.000,2,0,2,0,1,0,0,0,0,2,2,2,2,0,1,2,1
88,4739.984,-8251.358,-208.948,132.536,-0.673706,-0.736625,0.059192,0.736548,-0.675833,-0.027337,0.060141,0.025180,0.997872,0,1.00000,-0.09694,60.000,-0.194,-1,400.000,-1,400.000,650.000,325.000,325.000,300.000,300.000,-1,-1,-1,-1,800.000,575.000,-1,625.000,2,0,2,0,1,0,0,0,0,2,2,2,2,0,1,2,1
89,4699.577,-8207.004,-205.483,132.333,-0.671124,-0.738986,0.059096,0.738988,-0.673213,-0.026102,0.059073,0.026153,0.997911,0,1.00000,-0.10106,60.000,-0.202,-1,400.000,-1,400.000,575.000,325.000,325.000,300.000,300.000,-1,-1,-1,-1,800.000,550.000,-1,550.000,2,0,2,0,1,0,0,0,0,2,2,2,2,0,1,2,1
90,4659.334,-8162.502,-202.080,132.122,-0.668419,-0.741439,0.059031,0.741521,-0.670470,-0.024834,0.057991,0.027173,0.997947,0,1.00000,-0.10546,60.000,-0.211,-1,400.000,-1,400.000,500.000,325.000,325.000,300.000,300.000,-1,-1,-1,-1,800.000,500.000,-1,500.000,2,0,2,1,1,0,0,0,0,2,2,2,2,0,1,2,1
91,4619.262,-8117.845,-198.760,131.902,-0.665577,-0.743988,0.059063,0.744154,-0.667594,-0.023530,0.056936,0.028291,0.997977,0,1.00000,-0.11015,60.000,-0.220,-1,400.000,-1,375.000,450.000,325.000,325.000,300.000,300.000,-1,-1,-1,-1,825.000,450.000,-1,450.000,2,0,2,1,1,0,0,0,0,2,2,2,2,1,1,2,1
92,4579.370,-8073.028,-195.598,131.672,-0.662569,-0.746635,0.059494,0.746898,-0.664569,-0.022175,0.056094,0.029743,0.997982,0,1.00000,-0.11517,60.000,-0.230,-1,400.000,-1,350.000,375.000,325.000,325.000,300.000,300.000,-1,-1,-1,-1,825.000,425.000,-1,375.000,2,0,2,1,1,0,0,0,0,2,2,2,2,0,1,2,1
93,4539.666,-8028.043,-192.501,131.431,-0.659412,-0.749392,0.059897,0.749753,-0.661391,-0.020797,0.055200,0.031194,0.997988,0,1.00000,-0.12058,60.000,-0.241,-1,400.000,-1,300.000,325.000,325.000,325.000,300.000,300.000,-1,-1,-1,-1,850.000,375.000,-1,325.000,2,0,2,1,1,0,1,0,0,2,2,2,2,0,1,2,1
94,4500.162,-7982.883,-189.323,131.178,-0.656142,-0.752281,0.059582,0.752715,-0.658060,-0.019428,0.053824,0.032101,0.998034,0,1.00000,-0.12640,60.000,-0.253,-1,400.000,-1,275.000,275.000,325.000,275.000,300.000,300.000,-1,-1,-1,-1,850.000,350.000,-1,275.000,2,0,2,1,1,0,1,0,0,2,2,2,2,0,1,2,1
95,4460.869,-7937.539,-185.010,130.912,-0.652701,-0.755403,0.057855,0.755584,-0.654639,-0.023253,0.055439,0.028537,0.998054,0,1.00000,-0.13270,60.000,-0.265,-1,400.000,-1,250.000,225.000,325.000,275.000,300.000,300.000,-1,-1,-1,-1,900.000,325.000,-1,225.000,2,0,2,1,1,1,1,0,0,2,2,2,2,0,1,2,1
96,4421.800,-7892.000,-177.140,130.633,-0.649127,-0.758842,0.052841,0.757651,-0.651174,-0.044028,0.067819,0.011455,0.997632,0,1.00000,-0.13955,60.000,-0.279,-1,425.000,-1,250.000,200.000,325.000,250.000,275.000,350.000,-1,-1,-1,-1,-1,325.000,-1,200.000,2,1,2,1,1,1,1,0,1,2,2,2,2,2,1,2,1
97,4383.142,-7846.110,-168.676,130.114,-0.642644,-0.764737,0.046763,0.761763,-0.644294,-0.067838,0.082007,-0.007973,0.996600,0,1.00000,-0.25955,60.000,-0.519,-1,450.000,-1,250.000,200.000,325.000,275.000,275.000,375.000,-1,400.000,625.000,-1,-1,350.000,-1,200.000,2,1,2,1,1,1,1,0,1,2,0,0,2,2,1,2,1
98,4345.093,-7799.713,-159.667,129.355,-0.633325,-0.772890,0.039249,0.767676,-0.633847,-0.094404,0.097842,-0.029658,0.994760,0,1.00000,-0.37955,60.000,-0.759,-1,500.000,-1,275.000,175.000,350.000,275.000,250.000,425.000,850.000,150.000,375.000,-1,-1,375.000,-1,175.000,2,1,2,1,1,1,1,0,1,0,0,0,2,2,1,2,1
99,4307.854,-7752.661,-150.263,128.356,-0.621271,-0.783031,0.029758,0.775052,-0.619646,-0.123829,0.115401,-0.053867,0.991857,0,1.00000,-0.49955,60.000,-0.999,-1,600.000,-1,300.000,175.000,375.000,300.000,250.000,500.000,525.000,75.000,275.000,-1,-1,450.000,-1,175.000,2,0,2,1,1,1,1,0,1,0,0,0,2,2,1,2,1
100,4271.635,-7704.819,-140.512,127.117,-0.606576,-0.794825,0.017821,0.783595,-0.601493,-0.155519,0.134330,-0.080369,0.987672,0,1.00000,-0.61955,60.000,-1.239,-1,675.000,-1,325.000,175.000,425.000,325.000,225.000,700.000,350.000,50.000,225.000,-1,-1,575.000,-1,150.000,2,0,2,1,1,1,1,0,0,0,0,0,2,2,1,2,1
101,4236.662,-7656.058,-132.439,125.638,-0.588389,-0.808558,0.005711,0.794848,-0.579680,-0.179408,0.148372,-0.101023,0.983758,0,1.00000,-0.73955,60.000,-1.479,-1,750.000,-1,350.000,150.000,525.000,375.000,225.000,800.000,275.000,25.000,200.000,-1,-1,600.000,-1,150.000,2,0,2,1,1,1,1,0,0,0,0,0,2,2,1,2,1
102,4919.492,983.755,64.342,-179.817,-0.999974,0.003164,-0.006406,-0.004103,-0.988331,0.152265,-0.005850,0.152287,0.988319,1,0.00000,0.00000,60.000,-1.719,-1,625.000,-1,425.000,650.000,450.000,375.000,75.000,225.000,-1,-1,-1,750.000,-1,700.000,-1,-1,2,0,2,0,0,0,0,1,0,2,2,2,0,2,0,2,2
103,-7538.740,-7544.943,-132.455,-21.036,0.933352,0.358945,0.003509,-0.358897,0.933324,-0.009935,-0.006841,0.008013,0.999944,1,0.08000,0.09129,4.800,0.183,425.000,375.000,575.000,400.000,950.000,325.000,325.000,300.000,300.000,-1,-1,-1,-1,400.000,575.000,400.000,725.000,1,1,1,0,1,0,0,0,0,2,2,2,2,1,1,1,1
104,-7529.769,-7548.360,-132.517,-20.854,0.934492,0.355968,0.003391,-0.355920,0.934462,-0.010098,-0.006763,0.008230,0.999943,0,0.16000,0.09129,9.600,0.183,400.000,350.000,550.000,400.000,925.000,325.000,325.000,300.000,300.000,-1,-1,-1,-1,400.000,575.000,400.000,725.000,1,1,1,0,1,0,0,0,0,2,2,2,2,1,1,1,1
105,-7516.296,-7553.443,-132.615,-20.669,0.935634,0.352956,0.003212,-0.352908,0.935601,-0.010345,-0.006657,0.008545,0.999941,0,0.24000,0.09226,14.400,0.185,400.000,350.000,525.000,400.000,900.000,325.000,325.000,300.000,300.000,-1,-1,-1,-1,400.000,550.000,375.000,700.000,1,1,1,0,1,0,0,0,0,2,2,2,2,1,1,1,1
106,-7498.309,-7560.161,-132.754,-20.481,0.936792,0.349875,0.002972,-0.349827,0.936753,-0.010675,-0.006518,0.008960,0.999939,0,0.32000,0.09423,19.200,0.188,375.000,325.000,525.000,400.000,875.000,325.000,325.000,300.000,300.000,-1,-1,-1,-1,375.000,525.000,350.000,675.000,1,1,1,0,1,0,0,0,0,2,2,2,2,1,1,1,1
107,-7475.798,-7568.482,-132.939,-20.286,0.937975,0.346693,0.002666,-0.346645,0.937931,-0.011088,-0.006345,0.009476,0.999935,0,0.40000,0.09721,24.000,0.194,350.000,325.000,500.000,400.000,825.000,325.000,325.000,300.000,300.000,-1,-1,-1,-1,350.000,500.000,350.000,650.000,1,1,1,0,1,1,0,0,0,2,2,2,2,1,1,1,1
108,-7448.749,-7578.372,-133.174,-20.084,0.939196,0.343373,0.002293,-0.343326,0.939145,-0.011583,-0.006131,0.010092,0.999930,0,0.48000,0.10126,28.800,0.203,325.000,300.000,450.000,400.000,775.000,300.000,325.000,300.000,300.000,-1,-1,-1,-1,325.000,475.000,325.000,600.000,1,1,1,1,1,1,0,0,0,2,2,2,2,1,1,1,1
109,-7417.150,-7589.792,-133.468,-19.871,0.940468,0.339878,0.001849,-0.339833,0.940407,-0.012160,-0.005872,0.010808,0.999924,0,0.56000,0.10646,33.600,0.213,300.000,275.000,425.000,375.000,725.000,275.000,325.000,300.000,300.000,-1,-1,-1,-1,300.000,450.000,275.000,575.000,1,1,1,1,1,1,1,0,0,2,2,2,2,1,1,1,1
110,-7380.985,-7602.702,-133.829,-19.645,0.941802,0.336166,0.001330,-0.336123,0.941731,-0.012817,-0.005561,0.011624,0.999917,0,0.64000,0.11292,38.400,0.226,250.000,250.000,400.000,350.000,650.000,250.000,275.000,300.000,300.000,-1,-1,-1,-1,275.000,400.000,250.000,525.000,1,1,1,1,1,1,1,0,0,2,2,2,2,1,1,1,1
111,-7340.238,-7617.053,-134.265,-19.403,0.943213,0.332189,0.000733,-0.332149,0.943129,-0.013554,-0.005194,0.012541,0.999908,0,0.72000,0.12078,43.200,0.242,225.000,225.000,350.000,300.000,600.000,225.000,250.000,300.000,300.000,-1,-1,-1,-1,250.000,375.000,200.000,475.000,1,1,1,1,1,1,1,0,0,2,2,2,2,1,1,1,1
112,-7294.892,-7632.793,-134.658,-19.143,0.944715,0.327891,0.000276,-0.327850,0.944611,-0.015003,-0.005180,0.014083,0.999887,0,0.80000,0.13024,48.000,0.260,175.000,175.000,300.000,275.000,525.000,175.000,225.000,300.000,300.000,-1,-1,-1,-1,200.000,325.000,150.000,400.000,1,1,1,1,1,1,1,0,0,2,2,2,2,1,1,1,1
113,-7244.923,-7649.849,-128.338,-18.860,0.945938,0.322943,-0.030162,-0.323907,0.945406,-0.035929,0.016913,0.043756,0.998899,0,0.88000,0.14154,52.800,0.283,150.000,175.000,275.000,250.000,450.000,175.000,200.000,350.000,275.000,-1,575.000,300.000,925.000,200.000,275.000,150.000,350.000,1,1,1,1,1,1,1,0,0,2,0,0,0,1,1,1,1
114,-7190.298,-7668.131,-118.660,-18.550,0.945439,0.316894,-0.075650,-0.321919,0.944375,-0.067255,0.050129,0.087939,0.994864,0,0.96000,0.15503,57.600,0.310,150.000,150.000,250.000,225.000,375.000,150.000,175.000,500.000,250.000,-1,300.000,125.000,500.000,175.000,250.000,125.000,325.000,1,1,1,1,1,1,1,0,0,2,0,0,0,1,1,1,1
115,983.683,8199.548,308.947,31.257,0.828177,-0.496300,0.260404,0.546713,0.817662,-0.180372,-0.123404,0.291746,0.948502,1,0.00000,0.00000,60.000,0.342,75.000,425.000,-1,450.000,450.000,375.000,400.000,150.000,175.000,-1,-1,-1,75.000,-1,600.000,125.000,575.000,1,1,2,0,1,1,1,1,1,2,2,2,1,2,0,1,0
116,4263.558,-8199.159,-178.141,-158.311,-0.927112,0.369232,0.064268,-0.371114,-0.928374,-0.019911,0.052313,-0.042310,0.997734,1,0.00000,0.00000,4.800,-0.240,-1,400.000,-1,400.000,-1,325.000,325.000,325.000,325.000,-1,650.000,650.000,-1,775.000,825.000,-1,-1,2,0,2,0,2,0,0,0,0,2,0,0,2,0,0,2,2
117,4259.091,-8200.914,-177.893,-158.551,-0.928649,0.365343,0.064311,-0.367221,-0.929921,-0.019883,0.052539,-0.042081,0.997732,0,0.08000,-0.12000,4.800,-0.240,-1,400.000,-1,400.000,-1,325.000,325.000,325.000,325.000,-1,650.000,650.000,-1,775.000,825.000,-1,-1,2,0,2,0,2,0,0,0,0,2,0,0,2,0,0,2,2
118,4250.126,-8204.349,-177.394,-159.031,-0.931673,0.357547,0.064393,-0.359414,-0.932967,-0.019827,0.052987,-0.041616,0.997728,0,0.16000,-0.24000,9.600,-0.480,-1,400.000,-1,400.000,-1,325.000,325.000,325.000,325.000,-1,650.000,675.000,-1,775.000,850.000,-1,-1,2,0,2,0,2,0,0,0,0,2,0,0,2,0,0,2,2
119,4236.616,-8209.333,-176.635,-159.751,-0.936086,0.345805,0.064509,-0.347656,-0.937414,-0.019740,0.053646,-0.040906,0.997722,0,0.24000,-0.36000,14.400,-0.720,-1,400.000,-1,400.000,-1,325.000,325.000,325.000,325.000,-1,650.000,675.000,-1,775.000,850.000,-1,-1,2,0,2,0,2,0,0,0,0,2,0,0,2,0,0,2,2
120,4218.493,-8215.675,-175.608,-160.711,-0.941742,0.330064,0.064654,-0.331892,-0.943114,-0.019619,0.054501,-0.039934,0.997715,0,0.32000,-0.48000,19.200,-0.960,-1,400.000,-1,400.000,-1,325.000,325.000,325.000,325.000,-1,675.000,675.000,-1,775.000,850.000,-1,-1,2,0,2,0,2,0,0,0,0,2,0,0,2,0,0,2,2
121,4195.679,-8223.127,-174.302,-161.909,-0.948431,0.310287,0.064819,-0.312083,-0.949856,-0.019459,0.055531,-0.038684,0.997707,0,0.40000,-0.59907,24.000,-1.198,-1,400.000,-1,400.000,-1,325.000,325.000,325.000,325.000,-1,700.000,700.000,-1,775.000,850.000,-1,-1,2,0,2,0,2,0,0,0,0,2,0,0,2,0,0,2,2
122,4168.122,-8231.498,-172.701,-163.100,-0.954667,0.290491,0.065008,-0.292253,-0.956147,-0.019259,0.056562,-0.037385,0.997699,0,0.48000,-0.59550,28.800,-1.191,-1,400.000,-1,400.000,-1,325.000,325.000,300.000,325.000,-1,725.000,725.000,-1,800.000,875.000,-1,-1,2,0,2,0,2,0,0,0,0,2,0,0,2,0,0,2,2
123,4135.778,-8240.599,-170.797,-164.283,-0.960449,0.270711,0.065216,-0.272435,-0.961986,-0.019019,0.057589,-0.036034,0.997690,0,0.56000,-0.59124,33.600,-1.182,-1,400.000,-1,400.000,-1,325.000,325.000,300.000,325.000,-1,750.000,725.000,-1,800.000,875.000,-1,-1,2,0,2,0,2,0,0,0,0,2,0,0,2,0,0,2,2
124,4098.961,-8250.151,-168.603,-165.456,-0.965778,0.250981,0.065436,-0.252665,-0.967372,-0.018739,0.058598,-0.034631,0.997681,0,0.63393,-0.58626,38.036,-1.173,-1,400.000,-1,400.000,-1,325.000,325.000,300.000,325.000,-1,775.000,750.000,-1,800.000,900.000,-1,-1,2,0,2,0,2,0,0,0,0,2,0,0,2,0,0,2,2
125,4059.148,-8259.791,-166.200,-166.388,-0.969723,0.235214,0.065671,-0.236861,-0.971369,-0.018434,0.059455,-0.033431,0.997671,0,0.68273,-0.46626,40.964,-0.933,-1,400.000,-1,425.000,-1,325.000,325.000,300.000,325.000,-1,800.000,800.000,-1,825.000,950.000,-1,-1,2,0,2,0,2,0,0,0,0,2,0,0,2,0,0,2,2
126,4019.276,-8268.937,-163.771,-167.081,-0.972482,0.223463,0.065905,-0.225080,-0.974172,-0.018132,0.060151,-0.032467,0.997661,0,0.68178,-0.34626,40.907,-0.693,-1,400.000,-1,425.000,-1,325.000,325.000,300.000,325.000,-1,825.000,825.000,-1,825.000,975.000,-1,-1,2,0,2,0,2,0,0,0,0,2,0,0,2,0,0,2,2
127,3979.410,-8277.666,-161.316,-167.649,-0.974637,0.213799,0.066120,-0.215390,-0.976365,-0.017859,0.060739,-0.031648,0.997652,0,0.68017,-0.28403,40.810,-0.568,-1,400.000,-1,425.000,-1,325.000,325.000,300.000,325.000,-1,875.000,850.000,-1,825.000,1000.000,-1,-1,2,0,2,0,2,0,0,0,0,2,0,0,2,0,0,2,2
128,3939.563,-8285.988,-159.148,-168.203,-0.976724,0.204353,0.065199,-0.205827,-0.978446,-0.016675,0.060386,-0.029706,0.997733,0,0.67845,-0.27723,40.707,-0.554,-1,400.000,-1,425.000,-1,325.000,325.000,300.000,325.000,-1,925.000,900.000,-1,825.000,-1,-1,-1,2,0,2,0,2,0,0,0,0,2,0,0,2,0,2,2,2
129,3899.723,-8293.917,-156.981,-168.743,-0.978673,0.195128,0.064222,-0.196481,-0.980386,-0.015419,0.059954,-0.027708,0.997817,0,0.67704,-0.27018,40.622,-0.540,-1,400.000,-1,425.000,-1,325.000,325.000,300.000,325.000,-1,1000.000,975.000,-1,850.000,-1,-1,-1,2,0,2,0,2,0,0,0,0,2,0,0,2,0,2,2,2
130,3859.876,-8301.468,-154.904,-169.269,-0.980507,0.186131,0.062938,-0.187388,-0.982177,-0.014641,0.059091,-0.026149,0.997910,0,0.67594,-0.26289,40.556,-0.526,-1,400.000,-1,425.000,-1,325.000,325.000,300.000,300.000,-1,-1,-1,-1,850.000,-1,-1,-1,2,0,2,0,2,0,0,0,0,2,2,2,2,0,2,2,2
131,3820.010,-8308.655,-152.988,-169.780,-0.982238,0.177373,0.061209,-0.178571,-0.983818,-0.014644,0.057621,-0.025314,0.998018,0,0.67515,-0.25536,40.509,-0.511,-1,400.000,-1,425.000,-1,325.000,325.000,300.000,300.000,-1,-1,-1,-1,850.000,-1,-1,-1,2,0,2,0,2,0,0,0,0,2,2,2,2,0,2,2,2
132,3780.112,-8315.493,-151.057,-170.275,-0.983843,0.168867,0.059465,-0.170006,-0.985335,-0.014605,0.056127,-0.024479,0.998124,0,0.67466,-0.24759,40.480,-0.495,-1,400.000,-1,425.000,-1,325.000,325.000,300.000,300.000,-1,-1,-1,-1,850.000,-1,-1,-1,2,0,2,0,2,0,0,0,0,2,2,2,2,0,2,2,2
