timestep,x_cm,y_cm,z_cm,yaw_deg,basis_xx,basis_xy,basis_xz,basis_yx,basis_yy,basis_yz,basis_zx,basis_zy,basis_zz,teleport_flag,throttle_cmd,steering_cmd,cmd_move_cm,cmd_turn_deg,lidar_cm_0,lidar_cm_1,lidar_cm_2,lidar_cm_3,lidar_cm_4,lidar_cm_5,lidar_cm_6,lidar_cm_7,lidar_cm_8,lidar_cm_9,lidar_cm_10,lidar_cm_11,lidar_cm_12,lidar_cm_13,lidar_cm_14,lidar_cm_15,lidar_cm_16,lidar_class_0,lidar_class_1,lidar_class_2,lidar_class_3,lidar_class_4,lidar_class_5,lidar_class_6,lidar_class_7,lidar_class_8,lidar_class_9,lidar_class_10,lidar_class_11,lidar_class_12,lidar_class_13,lidar_class_14,lidar_class_15,lidar_class_16
0,-3607.871,-8203.951,-65.363,-93.176,-0.058231,0.997292,-0.044928,-0.996467,-0.055337,0.063185,0.060528,0.048448,0.996990,1,0.08000,-0.12000,4.800,-0.240,1000.000,400.000,-1,425.000,-1,325.000,325.000,275.000,275.000,-1,-1,-1,-1,750.000,825.000,-1,-1,1,0,2,0,2,0,0,0,0,2,2,2,2,0,0,2,2
1,-3608.474,-8213.532,-64.794,-93.600,-0.065620,0.996819,-0.045241,-0.996044,-0.062712,0.062961,0.059924,0.049193,0.996990,0,0.16000,-0.21197,9.600,-0.424,-1,400.000,-1,425.000,-1,325.000,325.000,275.000,275.000,-1,-1,-1,-1,750.000,825.000,-1,-1,2,0,2,0,2,0,0,0,0,2,2,2,2,0,0,2,2
2,-3609.482,-8227.897,-63.940,-94.017,-0.072895,0.996292,-0.045710,-0.995581,-0.069970,0.062625,0.059195,0.050073,0.996990,0,0.24000,-0.20873,14.400,-0.417,-1,400.000,-1,425.000,-1,325.000,325.000,275.000,275.000,-1,-1,-1,-1,750.000,825.000,-1,-1,2,0,2,0,2,0,0,0,0,2,2,2,2,0,0,2,2
3,-3610.963,-8247.040,-62.807,-94.426,-0.080012,0.995716,-0.046333,-0.995085,-0.077068,0.062174,0.058337,0.051080,0.996989,0,0.32000,-0.20428,19.200,-0.409,-1,400.000,-1,425.000,-1,325.000,325.000,275.000,275.000,-1,-1,-1,-1,750.000,825.000,-1,-1,2,0,2,0,2,0,0,0,0,2,2,2,2,0,0,2,2
4,-3612.980,-8270.955,-61.399,-94.823,-0.086928,0.995100,-0.047106,-0.994563,-0.083965,0.061606,0.057349,0.052205,0.996988,0,0.40000,-0.19861,24.000,-0.397,-1,400.000,-1,400.000,-1,325.000,325.000,275.000,275.000,-1,-1,-1,-1,750.000,825.000,-1,-1,2,0,2,0,2,0,0,0,0,2,2,2,2,0,0,2,2
5,-3615.593,-8299.636,-59.721,-95.206,-0.093597,0.994451,-0.048024,-0.994021,-0.090614,0.060919,0.056230,0.053439,0.996987,0,0.48000,-0.19166,28.800,-0.383,-1,400.000,-1,400.000,-1,325.000,325.000,275.000,275.000,-1,-1,-1,-1,750.000,825.000,-1,-1,2,0,2,0,2,0,0,0,0,2,2,2,2,0,0,2,2
6,-3618.855,-8333.077,-57.779,-95.573,-0.099972,0.993779,-0.049084,-0.993470,-0.096972,0.060112,0.054979,0.054773,0.996984,0,0.56000,-0.18342,33.600,-0.367,-1,400.000,-1,400.000,-1,325.000,325.000,275.000,275.000,-1,-1,-1,-1,750.000,825.000,-1,-1,2,0,2,0,2,0,0,0,0,2,2,2,2,0,0,2,2
7,-3622.815,-8371.273,-55.580,-95.921,-0.106007,0.993093,-0.050279,-0.992920,-0.102992,0.059184,0.053597,0.056197,0.996980,0,0.64000,-0.17382,38.400,-0.348,-1,400.000,-1,400.000,-1,325.000,325.000,275.000,275.000,-1,-1,-1,-1,750.000,800.000,-1,-1,2,0,2,0,2,0,0,0,0,2,2,2,2,0,0,2,2
8,-3627.515,-8414.216,-53.132,-96.247,-0.111652,0.992407,-0.051605,-0.992381,-0.108626,0.058135,0.052088,0.057703,0.996974,0,0.72000,-0.16285,43.200,-0.326,-1,400.000,-1,400.000,-1,325.000,325.000,275.000,275.000,-1,-1,-1,-1,750.000,800.000,-1,-1,2,0,2,0,2,0,0,0,0,2,2,2,2,0,0,2,2
9,-3632.015,-8452.351,-50.991,-96.732,-0.120053,0.991364,-0.052777,-0.991481,-0.117023,0.057185,0.050515,0.059193,0.996968,0,0.64000,-0.24279,38.400,-0.486,-1,400.000,-1,400.000,-1,325.000,325.000,275.000,275.000,-1,-1,-1,-1,750.000,800.000,-1,-1,2,0,2,0,2,0,0,0,0,2,2,2,2,0,0,2,2
10,-3636.222,-8485.687,-49.155,-97.194,-0.128033,0.990313,-0.053743,-0.990553,-0.125005,0.056371,0.049107,0.060453,0.996962,0,0.56000,-0.23104,33.600,-0.462,-1,400.000,-1,400.000,-1,325.000,325.000,275.000,300.000,-1,-1,-1,-1,750.000,775.000,-1,-1,2,0,2,0,2,0,0,0,0,2,2,2,2,0,0,2,2
11,-3640.048,-8514.232,-47.737,-97.635,-0.135626,0.989288,-0.053997,-0.989592,-0.132619,0.055857,0.048098,0.061011,0.996978,0,0.48000,-0.22051,28.800,-0.441,-1,400.000,-1,400.000,-1,325.000,325.000,275.000,300.000,-1,-1,-1,-1,750.000,775.000,-1,-1,2,0,2,0,2,0,0,0,0,2,2,2,2,0,0,2,2
12,-3643.412,-8537.995,-46.588,-98.058,-0.142888,0.988257,-0.054149,-0.988616,-0.139907,0.055359,0.047133,0.061442,0.996997,0,0.40000,-0.21125,24.000,-0.423,-1,400.000,-1,400.000,-1,325.000,325.000,275.000,300.000,-1,-1,-1,-1,750.000,775.000,-1,-1,2,0,2,0,2,0,0,0,0,2,2,2,2,0,0,2,2
13,-3646.238,-8556.986,-45.697,-98.464,-0.149877,0.987212,-0.054315,-0.987619,-0.146913,0.055001,0.046319,0.061886,0.997008,0,0.32000,-0.20332,19.200,-0.407,-1,400.000,-1,400.000,-1,325.000,325.000,275.000,300.000,-1,-1,-1,-1,775.000,775.000,-1,-1,2,0,2,0,2,0,0,0,0,2,2,2,2,0,0,2,2
14,-3648.455,-8571.215,-45.064,-98.858,-0.156642,0.986150,-0.054516,-0.986599,-0.153684,0.054810,0.045673,0.062371,0.997007,0,0.24000,-0.19672,14.400,-0.393,-1,400.000,-1,400.000,-1,325.000,325.000,275.000,300.000,-1,-1,-1,-1,775.000,775.000,-1,-1,2,0,2,0,2,0,0,0,0,2,2,2,2,0,0,2,2
15,-3649.997,-8580.690,-44.641,-99.241,-0.163220,0.985078,-0.054604,-0.985557,-0.160267,0.054697,0.045130,0.062743,0.997009,0,0.16000,-0.19146,9.600,-0.383,-1,400.000,-1,400.000,-1,325.000,325.000,275.000,300.000,-1,-1,-1,-1,775.000,775.000,-1,-1,2,0,2,0,2,0,0,0,0,2,2,2,2,0,0,2,2
16,-3650.798,-8585.423,-44.440,-99.616,-0.169656,0.983987,-0.054650,-0.984492,-0.166710,0.054625,0.044639,0.063070,0.997010,0,0.08000,-0.18755,4.800,-0.375,-1,400.000,-1,400.000,-1,325.000,325.000,275.000,300.000,-1,-1,-1,-1,775.000,775.000,-1,-1,2,0,2,0,2,0,0,0,0,2,2,2,2,0,0,2,2
17,-3650.798,-8585.423,-44.456,-99.986,-0.175998,0.982872,-0.054662,-0.983398,-0.173056,0.054594,0.044199,0.063363,0.997011,0,-0.00000,-0.18498,-0.000,-0.370,-1,400.000,-1,400.000,-1,325.000,325.000,275.000,300.000,-1,-1,-1,-1,775.000,775.000,-1,-1,2,0,2,0,2,0,0,0,0,2,2,2,2,0,0,2,2
18,-3649.935,-8580.701,-44.686,-100.353,-0.182292,0.981725,-0.054643,-0.982268,-0.179353,0.054607,0.043809,0.063629,0.997012,0,-0.08000,-0.18372,-4.800,-0.367,-1,400.000,-1,400.000,-1,325.000,325.000,275.000,300.000,-1,-1,-1,-1,775.000,775.000,-1,-1,2,0,2,0,2,0,0,0,0,2,2,2,2,0,0,2,2
19,-3648.150,-8571.269,-45.112,-100.721,-0.188581,0.980542,-0.054534,-0.981093,-0.185645,0.054704,0.043515,0.063819,0.997012,0,-0.16000,-0.18378,-9.600,-0.368,-1,400.000,-1,400.000,-1,325.000,325.000,275.000,300.000,-1,-1,-1,-1,775.000,775.000,-1,-1,2,0,2,0,2,0,0,0,0,2,2,2,2,0,0,2,2
20,-3645.634,-8558.438,-45.686,-101.091,-0.194913,0.979311,-0.054394,-0.979864,-0.191975,0.054874,0.043297,0.063995,0.997011,0,-0.21792,-0.18513,-13.075,-0.370,-1,400.000,-1,400.000,-1,325.000,325.000,275.000,300.000,-1,-1,-1,-1,775.000,775.000,-1,-1,2,0,2,0,2,0,0,0,0,2,2,2,2,0,0,2,2
21,-3643.028,-8545.593,-46.292,-101.466,-0.201325,0.978015,-0.054360,-0.978573,-0.198373,0.055172,0.043175,0.064302,0.996996,0,-0.21846,-0.18739,-13.107,-0.375,-1,400.000,-1,400.000,-1,325.000,325.000,275.000,275.000,-1,-1,-1,-1,775.000,775.000,-1,-1,2,0,2,0,2,0,0,0,0,2,2,2,2,0,0,2,2
22,-3640.331,-8532.732,-46.897,-101.845,-0.207805,0.976660,-0.054329,-0.977222,-0.204839,0.055479,0.043055,0.064620,0.996981,0,-0.21901,-0.18965,-13.141,-0.379,-1,400.000,-1,400.000,-1,325.000,325.000,275.000,275.000,-1,-1,-1,-1,775.000,775.000,-1,-1,2,0,2,0,2,0,0,0,0,2,2,2,2,0,0,2,2
23,-3637.540,-8519.856,-47.500,-102.229,-0.214354,0.975245,-0.054302,-0.975812,-0.211372,0.055796,0.042937,0.064949,0.996964,0,-0.21958,-0.19189,-13.175,-0.384,-1,400.000,-1,400.000,-1,325.000,325.000,275.000,275.000,-1,-1,-1,-1,775.000,775.000,-1,-1,2,0,2,0,2,0,0,0,0,2,2,2,2,0,0,2,2
24,-3635.745,-8511.676,-47.878,-102.373,-0.216810,0.974703,-0.054284,-0.975267,-0.213817,0.056003,0.042979,0.065084,0.996954,0,-0.13958,-0.07189,-8.375,-0.144,-1,400.000,-1,400.000,-1,325.000,325.000,275.000,275.000,-1,-1,-1,-1,775.000,775.000,-1,-1,2,0,2,0,2,0,0,0,0,2,2,2,2,0,0,2,2
25,-3634.985,-8508.182,-48.032,-102.277,-0.215180,0.975065,-0.054276,-0.975619,-0.212180,0.056094,0.043178,0.065023,0.996949,0,-0.05958,0.04811,-3.575,0.096,-1,400.000,-1,400.000,-1,325.000,325.000,275.000,275.000,-1,-1,-1,-1,775.000,775.000,-1,-1,2,0,2,0,2,0,0,0,0,2,2,2,2,0,0,2,2
26,-3635.239,-8509.381,-47.960,-101.940,-0.209460,0.976309,-0.054280,-0.976848,-0.206459,0.056068,0.043533,0.064767,0.996950,0,0.02042,0.16811,1.225,0.336,-1,400.000,-1,400.000,-1,325.000,325.000,275.000,275.000,-1,-1,-1,-1,775.000,775.000,-1,-1,2,0,2,0,2,0,0,0,0,2,2,2,2,0,0,2,2
27,-3636.426,-8515.287,-47.658,-101.364,-0.199634,0.978365,-0.054298,-0.978880,-0.196635,0.055931,0.044044,0.064317,0.996957,0,0.10042,0.28811,6.025,0.576,-1,400.000,-1,400.000,-1,325.000,325.000,275.000,275.000,-1,-1,-1,-1,775.000,775.000,-1,-1,2,0,2,0,2,0,0,0,0,2,2,2,2,0,0,2,2
28,-3638.433,-8525.924,-47.126,-100.681,-0.187951,0.980674,-0.054337,-0.981167,-0.184960,0.055691,0.044565,0.063781,0.996968,0,0.18042,0.34166,10.825,0.683,-1,400.000,-1,400.000,-1,325.000,325.000,275.000,275.000,-1,-1,-1,-1,775.000,775.000,-1,-1,2,0,2,0,2,0,0,0,0,2,2,2,2,0,0,2,2
29,-3641.145,-8541.312,-46.364,-99.996,-0.176211,0.982848,-0.054403,-0.983324,-0.173233,0.055356,0.044982,0.063250,0.996984,0,0.26042,0.34238,15.625,0.685,-1,400.000,-1,400.000,-1,325.000,325.000,275.000,300.000,-1,-1,-1,-1,775.000,775.000,-1,-1,2,0,2,0,2,0,0,0,0,2,2,2,2,0,0,2,2
30,-3644.449,-8561.467,-45.385,-99.307,-0.164378,0.984887,-0.054560,-0.985354,-0.161409,0.055000,0.045362,0.062802,0.996995,0,0.34042,0.34440,20.425,0.689,-1,400.000,-1,400.000,-1,325.000,325.000,275.000,300.000,-1,-1,-1,-1,775.000,775.000,-1,-1,2,0,2,0,2,0,0,0,0,2,2,2,2,0,0,2,2
31,-3648.226,-8586.407,-44.198,-98.612,-0.152422,0.986793,-0.054838,-0.987249,-0.149446,0.054812,0.045893,0.062493,0.996990,0,0.42042,0.34772,25.225,0.695,-1,400.000,-1,400.000,-1,325.000,325.000,275.000,300.000,-1,-1,-1,-1,775.000,775.000,-1,-1,2,0,2,0,2,0,0,0,0,2,2,2,2,0,0,2,2
32,-3652.357,-8616.147,-42.753,-97.907,-0.140285,0.988577,-0.055105,-0.989020,-0.137301,0.054659,0.046469,0.062168,0.996983,0,0.50042,0.35236,30.025,0.705,-1,400.000,-1,400.000,-1,325.000,325.000,275.000,300.000,-1,-1,-1,-1,775.000,775.000,-1,-1,2,0,2,0,2,0,0,0,0,2,2,2,2,0,0,2,2
33,-3656.716,-8650.697,-41.063,-97.190,-0.127923,0.990233,-0.055447,-0.990667,-0.124927,0.054508,0.047049,0.061903,0.996973,0,0.58042,0.35833,34.825,0.717,-1,400.000,-1,400.000,-1,325.000,325.000,275.000,300.000,-1,-1,-1,-1,775.000,775.000,-1,-1,2,0,2,0,2,0,0,0,0,2,2,2,2,0,0,2,2
34,-3661.173,-8690.070,-39.122,-96.459,-0.115293,0.991759,-0.055874,-0.992188,-0.112280,0.054367,0.047646,0.061705,0.996957,0,0.66042,0.36564,39.625,0.731,-1,400.000,-1,400.000,-1,325.000,325.000,275.000,300.000,-1,-1,-1,-1,775.000,775.000,-1,-1,2,0,2,0,2,0,0,0,0,2,2,2,2,0,0,2,2
35,-3665.594,-8734.275,-36.924,-95.711,-0.102350,0.993149,-0.056394,-0.993577,-0.099314,0.054244,0.048272,0.061584,0.996934,0,0.74042,0.37430,44.425,0.749,-1,400.000,-1,400.000,-1,325.000,325.000,275.000,300.000,-1,-1,-1,-1,775.000,775.000,-1,-1,2,0,2,0,2,0,0,0,0,2,2,2,2,0,0,2,2
36,-3669.594,-8780.538,-34.600,-94.942,-0.089047,0.994396,-0.056984,-0.994824,-0.085982,0.054155,0.048951,0.061511,0.996905,0,0.77393,0.38433,46.436,0.769,-1,400.000,-1,400.000,-1,325.000,325.000,275.000,300.000,-1,-1,-1,-1,775.000,775.000,-1,-1,2,0,2,0,2,0,0,0,0,2,2,2,2,0,0,2,2
37,-3672.955,-8826.842,-32.247,-94.152,-0.075366,0.995490,-0.057619,-0.995917,-0.072266,0.054105,0.049697,0.061461,0.996871,0,0.77378,0.39492,46.427,0.790,-1,400.000,-1,400.000,-1,325.000,325.000,275.000,300.000,-1,-1,-1,-1,775.000,775.000,-1,-1,2,0,2,0,2,0,0,0,0,2,2,2,2,0,0,2,2
38,-3675.659,-8873.165,-29.865,-93.341,-0.061308,0.996415,-0.058302,-0.996840,-0.058169,0.054090,0.050504,0.061434,0.996833,0,0.77337,0.40548,46.402,0.811,-1,400.000,-1,400.000,-1,325.000,325.000,275.000,300.000,-1,-1,-1,-1,775.000,775.000,-1,-1,2,0,2,0,2,0,0,0,0,2,2,2,2,0,0,2,2
39,-3677.689,-8919.484,-27.450,-92.509,-0.046878,0.997155,-0.059034,-0.997579,-0.043695,0.054105,0.051372,0.061427,0.996789,0,0.77273,0.41599,46.364,0.832,-1,400.000,-1,400.000,-1,325.000,325.000,275.000,300.000,-1,-1,-1,-1,775.000,775.000,-1,-1,2,0,2,0,2,0,0,0,0,2,2,2,2,0,0,2,2
40,-3679.027,-8965.775,-25.003,-91.656,-0.032081,0.997694,-0.059817,-0.998116,-0.028848,0.054146,0.052295,0.061441,0.996740,0,0.77185,0.42643,46.311,0.853,-1,400.000,-1,400.000,-1,325.000,325.000,275.000,300.000,-1,-1,-1,-1,775.000,775.000,-1,-1,2,0,2,0,2,0,0,0,0,2,2,2,2,0,0,2,2
41,-3679.659,-9012.015,-22.522,-90.784,-0.016942,0.998015,-0.060651,-0.998436,-0.013655,0.054207,0.053271,0.061475,0.996686,0,0.77074,0.43618,46.245,0.872,-1,400.000,-1,400.000,-1,325.000,325.000,275.000,300.000,-1,-1,-1,-1,775.000,775.000,-1,-1,2,0,2,0,2,0,0,0,0,2,2,2,2,0,0,2,2
42,-3679.577,-9058.179,-20.006,-89.898,-0.001572,0.998104,-0.061538,-0.998524,0.001774,0.054281,0.054287,0.061532,0.996628,0,0.76941,0.44285,46.165,0.886,-1,400.000,-1,400.000,-1,325.000,325.000,275.000,300.000,-1,-1,-1,-1,775.000,775.000,-1,-1,2,0,2,0,2,0,0,0,0,2,2,2,2,0,0,2,2
43,-3678.772,-9104.242,-17.454,-89.000,0.014016,0.997948,-0.062475,-0.998369,0.017426,0.054362,0.055339,0.061611,0.996565,0,0.76783,0.44926,46.070,0.899,-1,400.000,-1,400.000,-1,325.000,325.000,275.000,300.000,-1,-1,-1,-1,775.000,775.000,-1,-1,2,0,2,0,2,0,0,0,0,2,2,2,2,0,0,2,2
44,-3677.239,-9150.178,-14.865,-88.089,0.029809,0.997539,-0.063464,-0.997962,0.033286,0.054445,0.056424,0.061712,0.996498,0,0.76603,0.45538,45.962,0.911,1000.000,400.000,-1,400.000,-1,325.000,325.000,275.000,300.000,-1,-1,-1,-1,775.000,775.000,-1,-1,1,0,2,0,2,0,0,0,0,2,2,2,2,0,0,2,2
45,-3674.973,-9195.961,-12.212,-87.166,0.045812,0.996878,-0.064311,-0.997300,0.049341,0.054395,0.057398,0.061646,0.996446,0,0.76399,0.46122,45.839,0.922,950.000,400.000,-1,400.000,-1,325.000,325.000,275.000,300.000,-1,-1,-1,-1,775.000,775.000,-1,-1,1,0,2,0,2,0,0,0,0,2,2,2,2,0,0,2,2
46,-3671.971,-9241.565,-9.654,-86.233,0.062046,0.995982,-0.064576,-0.996380,0.065579,0.054099,0.058116,0.060986,0.996445,0,0.76173,0.46677,45.704,0.934,925.000,400.000,-1,400.000,-1,325.000,325.000,275.000,300.000,-1,-1,-1,-1,800.000,775.000,-1,-1,1,0,2,0,2,0,0,0,0,2,2,2,2,0,0,2,2
47,-3668.230,-9286.967,-7.071,-85.289,0.078449,0.994807,-0.064840,-0.995183,0.081983,0.053761,0.058798,0.060310,0.996446,0,0.75927,0.47203,45.556,0.944,900.000,400.000,-1,400.000,-1,325.000,325.000,275.000,300.000,-1,-1,-1,-1,800.000,775.000,-1,-1,1,0,2,0,2,0,0,0,0,2,2,2,2,0,0,2,2
48,-3663.749,-9332.141,-4.456,-84.335,0.095002,0.993343,-0.065142,-0.993699,0.098539,0.053407,0.059470,0.059658,0.996446,0,0.75660,0.47700,45.396,0.954,850.000,400.000,-1,400.000,-1,325.000,325.000,275.000,300.000,-1,-1,-1,-1,800.000,800.000,-1,-1,1,0,2,0,2,0,0,0,0,2,2,2,2,0,0,2,2
49,-3658.529,-9377.063,-1.808,-83.372,0.111690,0.991584,-0.065479,-0.991922,0.115230,0.053030,0.060129,0.059028,0.996444,0,0.75375,0.48166,45.225,0.963,825.000,400.000,-1,400.000,-1,325.000,325.000,275.000,300.000,-1,-1,-1,-1,800.000,800.000,-1,-1,1,0,2,0,2,0,0,0,0,2,2,2,2,0,0,2,2
50,-3653.021,-9417.110,0.604,-82.168,0.132486,0.988996,-0.065832,-0.989302,0.136035,0.052697,0.061072,0.058146,0.996438,0,0.67375,0.60166,40.425,1.203,775.000,400.000,-1,400.000,-1,325.000,325.000,275.000,300.000,-1,-1,-1,-1,800.000,800.000,-1,-1,1,0,2,0,2,0,0,0,0,2,2,2,2,0,0,2,2
51,-3647.307,-9452.273,2.772,-80.770,0.156585,0.985444,-0.066195,-0.985702,0.160145,0.052399,0.062237,0.057043,0.996430,0,0.59375,0.69935,35.625,1.399,725.000,400.000,-1,400.000,-1,325.000,325.000,275.000,300.000,-1,-1,-1,-1,800.000,800.000,-1,-1,1,0,2,0,2,0,0,0,0,2,2,2,2,0,0,2,2
52,-3641.619,-9482.568,4.685,-79.364,0.180702,0.981284,-0.066549,-0.981491,0.184275,0.052126,0.063414,0.055898,0.996421,0,0.51375,0.70261,30.825,1.405,700.000,400.000,-1,400.000,-1,325.000,325.000,275.000,300.000,-1,-1,-1,-1,800.000,800.000,-1,-1,1,0,2,0,2,0,0,0,0,2,2,2,2,0,0,2,2
53,-3636.188,-9508.020,6.329,-77.953,0.204809,0.976514,-0.066884,-0.976668,0.208394,0.051882,0.064601,0.054698,0.996411,0,0.43375,0.70544,26.025,1.411,650.000,400.000,-1,400.000,-1,325.000,325.000,275.000,300.000,-1,-1,-1,-1,800.000,800.000,-1,-1,1,0,2,0,2,0,0,0,0,2,2,2,2,0,0,2,2
54,-3631.248,-9528.661,7.690,-76.538,0.228876,0.971134,-0.067188,-0.971229,0.232473,0.051674,0.065802,0.053428,0.996401,0,0.35375,0.70787,21.225,1.416,625.000,400.000,-1,400.000,-1,325.000,325.000,275.000,300.000,-1,-1,-1,-1,800.000,800.000,-1,-1,1,0,2,0,2,0,0,0,0,2,2,2,2,0,0,2,2
55,-3627.030,-9544.534,8.756,-75.118,0.252875,0.965145,-0.067451,-0.965175,0.256483,0.051511,0.067016,0.052076,0.996392,0,0.27375,0.70991,16.425,1.420,600.000,400.000,-1,400.000,-1,325.000,325.000,275.000,300.000,-1,-1,-1,-1,800.000,825.000,-1,-1,1,0,2,0,2,0,0,0,0,2,2,2,2,0,0,2,2
56,-3623.768,-9555.691,9.515,-73.695,0.276779,0.958548,-0.067664,-0.958507,0.280395,0.051403,0.068245,0.050629,0.996383,0,0.19375,0.71157,11.625,1.423,575.000,400.000,-1,400.000,-1,325.000,325.000,275.000,300.000,-1,-1,-1,-1,800.000,825.000,-1,-1,1,0,2,0,2,0,0,0,0,2,2,2,2,0,0,2,2
57,-3621.690,-9562.192,9.955,-72.269,0.300557,0.951350,-0.067816,-0.951229,0.304180,0.051360,0.069490,0.049072,0.996375,0,0.11375,0.71282,6.825,1.426,550.000,400.000,-1,400.000,-1,325.000,325.000,275.000,300.000,-1,-1,-1,-1,800.000,825.000,850.000,-1,1,0,2,0,2,0,0,0,0,2,2,2,2,0,0,1,2
58,-3621.027,-9564.105,10.064,-70.842,0.324181,0.943555,-0.067899,-0.943346,0.327808,0.051392,0.070749,0.047392,0.996368,0,0.03375,0.71360,2.025,1.427,525.000,400.000,-1,400.000,-1,325.000,325.000,275.000,300.000,-1,-1,1000.000,-1,800.000,825.000,750.000,-1,1,0,2,0,2,0,0,0,0,2,2,0,2,1,0,1,2
59,-3622.004,-9561.507,9.833,-69.414,0.347619,0.935174,-0.067905,-0.934866,0.351245,0.051510,0.072022,0.045576,0.996361,0,-0.04625,0.71385,-2.775,1.428,525.000,400.000,-1,400.000,-1,325.000,325.000,275.000,300.000,-1,-1,950.000,-1,775.000,825.000,700.000,-1,1,0,2,0,2,0,0,0,0,2,2,0,2,1,0,1,2
60,-3624.844,-9554.484,9.250,-67.987,0.370837,0.926218,-0.067823,-0.925800,0.374457,0.051726,0.073306,0.043608,0.996356,0,-0.12625,0.71348,-7.575,1.427,500.000,400.000,-1,400.000,-1,325.000,325.000,275.000,300.000,-1,-1,900.000,-1,750.000,825.000,675.000,-1,1,0,2,0,2,0,0,0,0,2,2,0,2,1,0,1,2
61,-3629.767,-9543.130,8.306,-66.564,0.393775,0.916715,-0.067643,-0.916175,0.397384,0.052049,0.074595,0.041477,0.996351,0,-0.20625,0.71165,-12.375,1.423,500.000,400.000,-1,400.000,-1,325.000,325.000,275.000,300.000,-1,1000.000,825.000,-1,750.000,825.000,650.000,-1,1,0,2,0,2,0,0,0,0,2,0,0,2,1,0,1,2
62,-3636.982,-9527.543,6.992,-65.165,0.416099,0.906821,-0.067354,-0.906149,0.419690,0.052491,0.075868,0.039192,0.996347,0,-0.28625,0.69964,-17.175,1.399,500.000,400.000,-1,400.000,-1,325.000,325.000,275.000,300.000,-1,925.000,775.000,-1,725.000,825.000,625.000,-1,1,0,2,0,2,0,0,0,0,2,0,0,2,1,0,1,2
63,-3645.894,-9509.440,5.436,-63.793,0.437758,0.896594,-0.066987,-0.895781,0.441322,0.053021,0.077101,0.036795,0.996344,0,-0.33629,0.68600,-20.177,1.372,500.000,400.000,-1,400.000,-1,325.000,325.000,275.000,300.000,-1,850.000,725.000,-1,725.000,825.000,625.000,-1,1,0,2,0,2,0,0,0,0,2,0,0,2,1,0,1,2
64,-3655.016,-9491.957,3.896,-62.450,0.458718,0.886081,-0.066618,-0.885129,0.462253,0.053563,0.078256,0.034396,0.996340,0,-0.32866,0.67144,-19.720,1.343,500.000,400.000,-1,400.000,-1,325.000,325.000,275.000,300.000,-1,775.000,675.000,-1,700.000,825.000,625.000,-1,1,0,2,0,2,0,0,0,0,2,0,0,2,1,0,1,2
65,-3664.335,-9475.054,2.371,-61.135,0.478997,0.875313,-0.066249,-0.874224,0.482497,0.054119,0.079336,0.031994,0.996334,0,-0.32169,0.65727,-19.301,1.315,500.000,400.000,-1,400.000,-1,325.000,325.000,300.000,300.000,-1,725.000,625.000,-1,700.000,825.000,600.000,-1,1,0,2,0,2,0,0,0,0,2,0,0,2,1,0,1,2
66,-3673.840,-9458.694,0.859,-59.848,0.498611,0.864319,-0.065879,-0.863095,0.502073,0.054688,0.080344,0.029592,0.996328,0,-0.31535,0.64351,-18.921,1.287,500.000,375.000,-1,400.000,-1,325.000,325.000,300.000,300.000,-1,675.000,600.000,-1,675.000,825.000,600.000,-1,1,0,2,0,2,0,0,0,0,2,0,0,2,1,0,1,2
67,-3683.524,-9442.839,-0.519,-58.588,0.517569,0.853114,-0.065722,-0.851809,0.520990,0.054686,0.080894,0.027679,0.996338,0,-0.30964,0.63015,-18.578,1.260,500.000,375.000,-1,400.000,-1,325.000,325.000,300.000,300.000,-1,650.000,575.000,-1,675.000,825.000,600.000,-1,1,0,2,0,2,0,0,0,0,2,0,0,2,1,0,1,2
68,-3693.381,-9427.455,-1.821,-57.353,0.535894,0.841729,-0.065648,-0.840375,0.539272,0.054371,0.081168,0.026032,0.996360,0,-0.30451,0.61720,-18.271,1.234,500.000,375.000,-1,400.000,-1,325.000,325.000,300.000,300.000,-1,625.000,550.000,-1,675.000,825.000,600.000,-1,1,0,2,0,2,0,0,0,0,2,0,0,2,1,0,1,2
69,-3703.408,-9412.509,-3.113,-56.144,0.553607,0.830195,-0.065538,-0.828792,0.556939,0.054054,0.081376,0.024393,0.996385,0,-0.29996,0.60466,-17.997,1.209,500.000,375.000,-1,400.000,-1,325.000,325.000,300.000,300.000,-1,625.000,550.000,-1,675.000,825.000,600.000,-1,1,0,2,0,2,0,0,0,0,2,0,0,2,1,0,1,2
70,-3713.603,-9397.971,-4.401,-54.959,0.570732,0.818531,-0.065360,-0.817082,0.574012,0.053734,0.081500,0.022737,0.996414,0,-0.29594,0.59251,-17.757,1.185,500.000,375.000,-1,400.000,-1,325.000,325.000,300.000,300.000,-1,600.000,550.000,-1,675.000,825.000,600.000,-1,1,0,2,0,2,0,0,0,0,2,0,0,2,1,0,1,2
71,-3723.968,-9383.812,-5.741,-53.798,0.587310,0.806761,-0.064840,-0.805261,0.590510,0.053404,0.081373,0.020848,0.996466,0,-0.29245,0.58075,-17.547,1.161,500.000,375.000,-1,400.000,-1,325.000,325.000,300.000,300.000,-1,600.000,550.000,-1,675.000,825.000,600.000,-1,1,0,2,0,2,0,0,0,0,2,0,0,2,1,0,1,2
72,-3735.008,-9369.230,-7.145,-52.873,0.600349,0.797153,-0.064249,-0.795611,0.603471,0.053151,0.081142,0.019208,0.996517,0,-0.30482,0.46229,-18.289,0.925,525.000,375.000,-1,400.000,-1,325.000,325.000,300.000,300.000,-1,600.000,550.000,-1,675.000,800.000,600.000,-1,1,0,2,0,2,0,0,0,0,2,0,0,2,1,0,1,2
73,-3746.207,-9354.912,-8.543,-51.969,0.612946,0.787557,-0.063642,-0.785975,0.615990,0.052913,0.080875,0.017589,0.996569,0,-0.30296,0.45196,-18.178,0.904,525.000,375.000,-1,400.000,-1,325.000,325.000,300.000,300.000,-1,575.000,550.000,-1,675.000,800.000,600.000,-1,1,0,2,0,2,0,0,0,0,2,0,0,2,1,0,1,2
74,-3757.572,-9340.836,-9.937,-51.085,0.625118,0.777982,-0.063021,-0.776360,0.628084,0.052689,0.080573,0.015990,0.996620,0,-0.30152,0.44197,-18.091,0.884,525.000,375.000,-1,400.000,-1,325.000,325.000,300.000,300.000,-1,575.000,550.000,-1,675.000,800.000,625.000,-1,1,0,2,0,2,0,0,0,0,2,0,0,2,1,0,1,2
75,-3769.107,-9326.982,-11.329,-50.221,0.636881,0.768434,-0.062385,-0.766775,0.639767,0.052479,0.080238,0.014412,0.996672,0,-0.30046,0.43230,-18.028,0.865,525.000,375.000,-1,400.000,-1,325.000,325.000,300.000,300.000,-1,575.000,550.000,-1,675.000,800.000,625.000,-1,1,0,2,0,2,0,0,0,0,2,0,0,2,1,0,1,2
76,-3780.819,-9313.331,-12.719,-49.375,0.648249,0.758921,-0.061734,-0.757227,0.651055,0.052284,0.079872,0.012853,0.996722,0,-0.29978,0.42295,-17.987,0.846,550.000,375.000,-1,400.000,-1,325.000,325.000,300.000,300.000,-1,575.000,550.000,-1,675.000,775.000,625.000,-1,1,0,2,0,2,0,0,0,0,2,0,0,2,1,0,1,2
77,-3792.714,-9299.864,-14.109,-48.547,0.659238,0.749450,-0.061068,-0.747722,0.661964,0.052104,0.079474,0.011313,0.996773,0,-0.29946,0.41389,-17.967,0.828,550.000,375.000,-1,400.000,-1,325.000,325.000,300.000,300.000,-1,575.000,550.000,-1,675.000,775.000,625.000,-1,1,0,2,0,2,0,0,0,0,2,0,0,2,1,0,1,2
78,-3804.799,-9286.567,-15.500,-47.737,0.669861,0.740026,-0.060388,-0.738266,0.672507,0.051937,0.079046,0.009791,0.996823,0,-0.29948,0.40513,-17.969,0.810,575.000,375.000,-1,400.000,-1,325.000,325.000,300.000,300.000,-1,575.000,550.000,-1,675.000,775.000,650.000,-1,1,0,2,0,2,0,0,0,0,2,0,0,2,1,0,1,2
79,-3817.081,-9273.422,-16.894,-46.943,0.680133,0.730654,-0.059692,-0.728864,0.682697,0.051786,0.078589,0.008287,0.996873,0,-0.29984,0.39665,-17.990,0.793,575.000,375.000,-1,400.000,-1,300.000,325.000,300.000,300.000,-1,575.000,550.000,-1,675.000,775.000,650.000,-1,1,0,2,0,2,0,0,0,0,2,0,0,2,1,0,1,2
80,-3829.569,-9260.416,-18.278,-46.166,0.690066,0.721338,-0.058991,-0.719524,0.692549,0.051584,0.078064,0.006849,0.996925,0,-0.30051,0.38844,-18.030,0.777,600.000,375.000,-1,400.000,-1,300.000,325.000,300.000,300.000,-1,550.000,550.000,-1,675.000,775.000,650.000,-1,1,0,2,0,2,0,0,0,0,2,0,0,2,0,0,1,2
81,-3842.270,-9247.534,-19.666,-45.405,0.699673,0.712083,-0.058275,-0.710247,0.702075,0.051386,0.077505,0.005436,0.996977,0,-0.30149,0.38051,-18.089,0.761,600.000,375.000,-1,400.000,-1,300.000,325.000,300.000,300.000,-1,550.000,575.000,-1,675.000,750.000,675.000,-1,1,0,2,0,2,0,0,0,0,2,0,0,2,0,0,1,2
82,-3855.191,-9234.766,-21.057,-44.660,0.708967,0.702890,-0.057543,-0.701035,0.711287,0.051193,0.076913,0.004045,0.997030,0,-0.30276,0.37283,-18.166,0.746,625.000,375.000,-1,400.000,-1,300.000,325.000,300.000,300.000,-1,550.000,575.000,-1,675.000,750.000,675.000,-1,1,0,2,0,2,0,0,0,0,2,0,0,2,0,0,1,2
83,-3868.342,-9222.098,-22.460,-43.929,0.717958,0.693764,-0.056821,-0.691892,0.720198,0.051001,0.076305,0.002697,0.997081,0,-0.30433,0.36541,-18.260,0.731,625.000,375.000,-1,400.000,-1,300.000,325.000,300.000,300.000,-1,550.000,575.000,-1,675.000,750.000,675.000,-1,1,0,2,0,2,0,0,0,0,2,0,0,2,0,0,1,2
84,-3881.730,-9209.520,-23.877,-43.213,0.726655,0.684706,-0.056125,-0.682820,0.728818,0.050807,0.075692,0.001404,0.997130,0,-0.30616,0.35823,-18.370,0.716,650.000,375.000,-1,400.000,-1,300.000,325.000,300.000,300.000,-1,550.000,575.000,-1,675.000,750.000,700.000,-1,1,0,2,0,2,0,0,0,0,2,0,0,2,0,0,1,2
85,-3895.365,-9197.022,-25.302,-42.510,0.735075,0.675718,-0.055410,-0.673820,0.737160,0.050615,0.075047,0.000131,0.997180,0,-0.30827,0.35129,-18.496,0.703,650.000,375.000,-1,400.000,-1,300.000,325.000,300.000,300.000,-1,550.000,575.000,-1,650.000,750.000,700.000,-1,1,0,2,0,2,0,0,0,0,2,0,0,2,0,0,1,2
86,-3909.255,-9184.594,-26.734,-41.821,0.743226,0.666802,-0.054677,-0.664894,0.745234,0.050425,0.074371,-0.001123,0.997230,0,-0.31063,0.34459,-18.638,0.689,675.000,375.000,-1,400.000,-1,300.000,325.000,300.000,300.000,-1,550.000,600.000,-1,650.000,750.000,725.000,-1,1,0,2,0,2,0,0,0,0,2,0,0,2,0,0,1,2
87,-3923.409,-9172.228,-28.176,-41.145,0.751120,0.657959,-0.053925,-0.656043,0.753050,0.050238,0.073663,-0.002358,0.997280,0,-0.31325,0.33811,-18.795,0.676,675.000,375.000,-1,400.000,-1,300.000,325.000,325.000,300.000,-1,550.000,600.000,-1,650.000,725.000,725.000,-1,1,0,2,0,2,0,0,0,0,2,0,0,2,0,0,1,2
88,-3937.835,-9159.915,-29.626,-40.481,0.758767,0.649190,-0.053152,-0.647267,0.760618,0.050054,0.072923,-0.003575,0.997331,0,-0.31611,0.33185,-18.967,0.664,700.000,375.000,-1,400.000,-1,300.000,325.000,325.000,300.000,-1,550.000,600.000,-1,650.000,725.000,750.000,-1,1,0,2,0,2,0,0,0,0,2,0,0,2,0,0,1,2
89,-3952.544,-9147.648,-31.088,-39.829,0.766176,0.640495,-0.052360,-0.638568,0.767948,0.049871,0.072152,-0.004775,0.997382,0,-0.31921,0.32580,-19.153,0.652,725.000,375.000,-1,400.000,-1,300.000,325.000,325.000,300.000,-1,575.000,600.000,-1,650.000,725.000,750.000,-1,1,0,2,0,2,0,0,0,0,2,0,0,2,0,0,1,2
90,-3967.544,-9135.419,-32.560,-39.189,0.773355,0.631874,-0.051546,-0.629945,0.775049,0.049691,0.071349,-0.005957,0.997434,0,-0.32255,0.31997,-19.353,0.640,725.000,375.000,-1,400.000,-1,300.000,325.000,325.000,300.000,-1,575.000,625.000,-1,650.000,725.000,775.000,-1,1,0,2,0,2,0,0,0,0,2,0,0,2,0,0,1,2
91,-3982.844,-9123.222,-34.045,-38.561,0.780315,0.623327,-0.050711,-0.621398,0.781929,0.049512,0.070515,-0.007123,0.997485,0,-0.32611,0.31434,-19.566,0.629,750.000,375.000,-1,400.000,-1,300.000,325.000,325.000,300.000,-1,575.000,625.000,-1,650.000,725.000,775.000,-1,1,0,2,0,2,0,0,0,0,2,0,0,2,0,0,1,2
92,-3998.453,-9111.051,-35.546,-37.943,0.787064,0.614853,-0.049854,-0.612928,0.788598,0.049318,0.069638,-0.008259,0.997538,0,-0.32989,0.30892,-19.794,0.618,775.000,375.000,-1,400.000,-1,300.000,325.000,325.000,300.000,-1,575.000,625.000,-1,650.000,725.000,800.000,-1,1,0,2,0,2,0,0,0,0,2,0,0,2,0,0,1,2
93,-4014.382,-9098.901,-37.064,-37.335,0.793610,0.606453,-0.048973,-0.604534,0.795064,0.049113,0.068721,-0.009370,0.997592,0,-0.33389,0.30370,-20.034,0.607,775.000,375.000,-1,400.000,-1,300.000,325.000,325.000,300.000,-1,575.000,650.000,-1,650.000,725.000,800.000,-1,1,0,2,0,2,0,0,0,0,2,0,0,2,0,0,1,2
94,-4030.640,-9086.767,-38.584,-36.738,0.799957,0.598125,-0.048120,-0.596214,0.801335,0.048902,0.067810,-0.010429,0.997644,0,-0.33811,0.29866,-20.287,0.597,800.000,375.000,-1,375.000,-1,300.000,325.000,325.000,300.000,-1,575.000,650.000,-1,650.000,725.000,825.000,-1,1,0,2,0,2,0,0,0,0,2,0,0,2,0,0,1,2
95,-4047.235,-9074.643,-39.965,-36.150,0.806068,0.589872,-0.048013,-0.587977,0.807424,0.048486,0.067368,-0.010852,0.997669,0,-0.34254,0.29382,-20.552,0.588,825.000,375.000,-1,375.000,-1,300.000,325.000,325.000,300.000,-1,575.000,650.000,-1,650.000,725.000,850.000,-1,1,0,2,0,2,0,0,0,0,2,0,0,2,0,0,1,2
96,-4067.227,-9060.310,-41.606,-35.638,0.811331,0.582623,-0.047886,-0.580750,0.812667,0.047980,0.066869,-0.011118,0.997700,0,-0.40999,0.25633,-24.599,0.513,850.000,375.000,-1,375.000,-1,300.000,325.000,325.000,300.000,-1,575.000,650.000,-1,650.000,725.000,850.000,-1,1,0,2,0,2,0,0,0,0,2,0,0,2,0,0,1,2
97,-4087.470,-9046.067,-43.245,-35.129,0.816492,0.575379,-0.047751,-0.573531,0.817808,0.047458,0.066357,-0.011363,0.997731,0,-0.41252,0.25448,-24.751,0.509,875.000,375.000,-1,375.000,-1,300.000,325.000,325.000,300.000,-1,550.000,650.000,-1,650.000,700.000,875.000,-1,1,0,2,0,2,0,0,0,0,2,0,0,2,0,0,1,2
98,-4107.967,-9031.915,-44.882,-34.623,0.821553,0.568142,-0.047608,-0.566319,0.822849,0.046920,0.065832,-0.011586,0.997763,0,-0.41513,0.25271,-24.908,0.505,900.000,375.000,-1,375.000,-1,325.000,325.000,325.000,300.000,-1,550.000,625.000,-1,650.000,700.000,900.000,-1,1,0,2,0,2,0,0,0,0,2,0,0,2,0,0,1,2
99,-4128.720,-9017.853,-46.517,-34.121,0.826516,0.560909,-0.047458,-0.559113,0.827794,0.046366,0.065292,-0.011787,0.997797,0,-0.41781,0.25102,-25.068,0.502,950.000,375.000,-1,375.000,-1,325.000,325.000,325.000,300.000,-1,550.000,800.000,-1,650.000,700.000,925.000,-1,1,0,2,0,2,0,0,0,0,2,0,0,2,0,0,1,2
100,-4145.645,-9006.702,-47.830,-33.379,0.833733,0.550138,-0.047314,-0.548358,0.834983,0.045899,0.064757,-0.012322,0.997825,0,-0.33781,0.37102,-20.268,0.742,975.000,375.000,-1,375.000,-1,325.000,325.000,325.000,300.000,-1,550.000,900.000,-1,650.000,700.000,950.000,-1,1,0,2,0,2,0,0,0,0,2,0,0,2,0,0,1,2
101,-4158.706,-8998.414,-48.829,-32.397,0.843064,0.535740,-0.047178,-0.533964,0.844280,0.045539,0.064228,-0.013201,0.997848,0,-0.25781,0.49102,-15.468,0.982,-1,375.000,-1,375.000,-1,325.000,325.000,325.000,300.000,-1,550.000,1000.000,-1,650.000,700.000,950.000,-1,2,0,2,0,2,0,0,0,0,2,0,0,2,0,0,1,2
102,-4167.833,-8992.891,-49.516,-31.175,0.854326,0.517604,-0.047049,-0.515821,0.855499,0.045279,0.063687,-0.014415,0.997866,0,-0.17781,0.61102,-10.668,1.222,-1,375.000,-1,375.000,-1,325.000,325.000,325.000,300.000,-1,550.000,-1,-1,650.000,700.000,975.000,-1,2,0,2,0,2,0,0,0,0,2,0,2,2,0,0,1,2
103,-4172.930,-8989.982,-49.897,-29.713,0.867285,0.495596,-0.046927,-0.493795,0.868406,0.045127,0.063116,-0.015966,0.997878,0,-0.09781,0.73102,-5.868,1.462,-1,375.000,-1,375.000,-1,325.000,325.000,325.000,300.000,-1,575.000,-1,-1,675.000,700.000,975.000,-1,2,0,2,0,2,0,0,0,0,2,0,2,2,0,0,1,2
104,-4173.872,-8989.478,-49.976,-28.132,0.880661,0.471427,-0.046821,-0.469601,0.881727,0.045090,0.062540,-0.017722,0.997885,0,-0.01781,0.79071,-1.068,1.581,-1,375.000,-1,375.000,-1,325.000,325.000,325.000,300.000,-1,875.000,-1,-1,675.000,700.000,975.000,-1,2,0,2,0,2,0,0,0,0,2,0,2,2,0,0,1,2
105,-4170.534,-8991.146,-49.759,-26.552,0.893348,0.446929,-0.046739,-0.445070,0.894356,0.045170,0.061989,-0.019551,0.997885,0,0.06219,0.78976,3.732,1.580,-1,375.000,-1,375.000,-1,325.000,325.000,325.000,300.000,-1,-1,-1,-1,650.000,700.000,975.000,-1,2,0,2,0,2,0,0,0,0,2,2,2,2,0,0,1,2
106,-4162.800,-8994.748,-49.250,-24.974,0.905339,0.422116,-0.046680,-0.420219,0.906288,0.045367,0.061456,-0.021456,0.997879,0,0.14219,0.78895,8.532,1.578,-1,375.000,-1,375.000,-1,325.000,325.000,300.000,300.000,-1,-1,-1,-1,650.000,700.000,1000.000,-1,2,0,2,0,2,0,0,0,0,2,2,2,2,0,0,1,2
107,-4150.565,-9000.041,-48.452,-23.398,0.916630,0.397006,-0.046643,-0.395066,0.917517,0.045676,0.060929,-0.023441,0.997867,0,0.22219,0.78823,13.332,1.576,-1,375.000,-1,375.000,-1,325.000,325.000,300.000,300.000,-1,-1,-1,-1,650.000,675.000,1000.000,-1,2,0,2,0,2,0,0,0,0,2,2,2,2,0,0,1,2
108,-4133.733,-9006.781,-47.370,-21.823,0.927215,0.371617,-0.046625,-0.369628,0.928036,0.046092,0.060398,-0.025504,0.997848,0,0.30219,0.78755,18.132,1.575,-1,375.000,-1,375.000,-1,300.000,325.000,300.000,300.000,-1,-1,-1,-1,650.000,675.000,1000.000,-1,2,0,2,0,2,0,0,0,0,2,2,2,2,0,0,1,2
109,-4112.218,-9014.717,-46.008,-20.249,0.937086,0.345971,-0.046621,-0.343929,0.937838,0.046610,0.059849,-0.027644,0.997825,0,0.38219,0.78685,22.932,1.574,-1,375.000,-1,375.000,-1,300.000,300.000,300.000,300.000,-1,-1,-1,-1,650.000,675.000,-1,-1,2,0,2,0,2,0,0,0,0,2,2,2,2,0,0,2,2
110,-4085.947,-9023.597,-44.369,-18.677,0.946239,0.320089,-0.046625,-0.317992,0.946917,0.047223,0.059266,-0.029858,0.997796,0,0.46219,0.78609,27.732,1.572,-1,375.000,1000.000,375.000,-1,300.000,300.000,300.000,300.000,-1,-1,-1,-1,650.000,675.000,-1,-1,2,0,1,0,2,0,0,0,0,2,2,2,2,0,0,2,2
111,-4054.854,-9033.166,-42.459,-17.107,0.954668,0.293998,-0.046632,-0.291841,0.955266,0.047922,0.058635,-0.032141,0.997762,0,0.54219,0.78519,32.532,1.570,-1,375.000,975.000,375.000,-1,300.000,300.000,300.000,300.000,-1,-1,-1,-1,650.000,650.000,-1,-1,2,0,1,0,2,0,0,0,0,2,2,2,2,0,0,2,2
112,-4018.887,-9043.165,-40.285,-15.538,0.962366,0.267724,-0.046636,-0.265505,0.962878,0.048712,0.057946,-0.034497,0.997724,0,0.62219,0.78412,37.332,1.568,-1,375.000,925.000,375.000,-1,300.000,300.000,300.000,300.000,-1,-1,-1,-1,625.000,650.000,-1,-1,2,0,1,0,2,0,0,0,0,2,2,2,2,0,0,2,2
113,-3978.002,-9053.338,-37.757,-13.973,0.969309,0.241300,-0.047064,-0.239020,0.969763,0.049282,0.057533,-0.036520,0.997675,0,0.70219,0.78279,42.132,1.566,-1,350.000,900.000,375.000,-1,300.000,300.000,300.000,300.000,-1,-1,-1,-1,625.000,650.000,-1,1000.000,2,0,1,0,2,0,0,0,0,2,2,2,2,0,0,2,1
114,-3933.797,-9063.065,-34.786,-12.410,0.975454,0.214764,-0.048632,-0.212434,0.975950,0.048925,0.057969,-0.037394,0.997618,0,0.75438,0.78114,45.263,1.562,-1,350.000,850.000,350.000,-1,300.000,300.000,325.000,300.000,-1,-1,-1,-1,625.000,625.000,-1,925.000,2,0,1,0,2,0,0,0,0,2,2,2,2,0,0,2,1
115,-3888.998,-9071.653,-31.841,-10.852,0.980859,0.188140,-0.050184,-0.185767,0.981400,0.048414,0.058359,-0.038165,0.997566,0,0.76024,0.77911,45.615,1.558,-1,350.000,825.000,350.000,-1,300.000,300.000,325.000,300.000,-1,-1,-1,-1,625.000,625.000,-1,875.000,2,0,1,0,2,0,0,0,0,2,2,2,2,1,0,2,1
116,-3843.638,-9079.079,-28.503,-9.299,0.985464,0.161453,-0.052861,-0.158893,0.986053,0.049527,0.060120,-0.040408,0.997373,0,0.76607,0.77668,45.964,1.553,-1,350.000,775.000,350.000,950.000,300.000,300.000,325.000,300.000,-1,-1,-1,-1,625.000,625.000,-1,800.000,2,0,1,0,1,0,0,0,0,2,2,2,2,1,0,2,1
117,-3797.751,-9085.324,-25.099,-7.751,0.989310,0.134748,-0.055764,-0.131971,0.989950,0.050813,0.062050,-0.042910,0.997150,0,0.77183,0.77384,46.310,1.548,-1,375.000,750.000,350.000,875.000,300.000,300.000,325.000,300.000,-1,-1,-1,-1,625.000,625.000,-1,750.000,2,0,1,0,1,0,0,0,0,2,2,2,2,1,1,2,1
118,-3751.375,-9090.370,-21.718,-6.210,0.992409,0.108064,-0.058702,-0.105069,0.993109,0.051921,0.063908,-0.045360,0.996924,0,0.77749,0.77055,46.649,1.541,-1,375.000,725.000,375.000,775.000,300.000,300.000,325.000,325.000,-1,-1,-1,-1,625.000,575.000,-1,675.000,2,0,1,0,1,0,0,0,0,2,2,2,2,1,1,2,1
119,-3704.551,-9094.199,-18.371,-4.677,0.994770,0.081438,-0.061642,-0.078223,0.995533,0.052878,0.065673,-0.047779,0.996697,0,0.78302,0.76679,46.981,1.534,-1,375.000,700.000,375.000,700.000,300.000,300.000,325.000,325.000,-1,725.000,850.000,-1,650.000,550.000,-1,625.000,2,0,1,0,1,0,0,0,0,2,0,0,2,1,1,2,1
120,-3652.860,-9097.254,-14.735,-3.383,0.996152,0.058936,-0.064874,-0.055489,0.997013,0.053716,0.067847,-0.049909,0.996447,0,0.86302,0.64679,51.781,1.294,-1,375.000,675.000,375.000,625.000,300.000,300.000,325.000,325.000,-1,575.000,675.000,-1,700.000,500.000,-1,550.000,2,0,1,0,1,0,0,0,0,2,0,0,2,0,1,2,1
121,-3598.411,-9099.468,-10.952,-2.329,0.996841,0.040590,-0.068267,-0.036904,0.997836,0.054422,0.070329,-0.051731,0.996182,0,0.90823,0.52679,54.494,1.054,-1,375.000,650.000,375.000,550.000,300.000,300.000,325.000,325.000,-1,475.000,550.000,-1,725.000,450.000,-1,500.000,2,1,1,0,1,0,0,0,0,2,0,0,2,0,1,2,1
122,-3543.579,-9100.919,-7.178,-1.516,0.997078,0.026416,-0.071671,-0.022492,0.998233,0.055007,0.072997,-0.053234,0.995910,0,0.91417,0.40679,54.850,0.814,-1,375.000,625.000,350.000,475.000,300.000,300.000,325.000,325.000,-1,400.000,450.000,-1,750.000,400.000,-1,425.000,2,1,1,1,1,1,1,0,0,2,0,0,2,0,1,2,1
123,-3488.385,-9101.826,-3.405,-0.942,0.997042,0.016420,-0.075089,-0.012262,0.998383,0.055513,0.075879,-0.054428,0.995630,0,0.92002,0.28679,55.201,0.574,-1,350.000,575.000,300.000,425.000,300.000,275.000,325.000,325.000,-1,350.000,400.000,-1,750.000,350.000,-1,375.000,2,1,1,1,1,1,1,0,0,2,0,0,2,0,1,2,1
124,-3432.840,-9102.416,0.381,-0.609,0.996855,0.010607,-0.078528,-0.006214,0.998413,0.055980,0.078997,-0.055316,0.995339,0,0.92579,0.16679,55.548,0.334,-1,350.000,550.000,275.000,350.000,275.000,250.000,325.000,325.000,-1,325.000,350.000,-1,775.000,325.000,-1,325.000,2,1,1,1,1,1,1,0,0,2,0,0,2,0,1,2,1
125,-3376.950,-9102.919,4.191,-0.515,0.996592,0.008976,-0.082000,-0.004348,0.998396,0.056447,0.082375,-0.055898,0.995033,0,0.93152,0.04679,55.891,0.094,-1,350.000,500.000,250.000,275.000,250.000,225.000,325.000,325.000,-1,300.000,300.000,-1,800.000,275.000,-1,275.000,2,1,1,1,1,1,1,0,0,2,0,0,2,0,1,2,1
126,-3320.719,-9103.569,8.040,-0.662,0.996270,0.011528,-0.085514,-0.006663,0.998355,0.056951,0.086029,-0.056169,0.994708,0,0.93724,-0.07321,56.234,-0.146,-1,325.000,450.000,200.000,225.000,225.000,200.000,325.000,300.000,-1,275.000,275.000,-1,850.000,250.000,-1,200.000,2,1,1,1,1,1,1,0,0,2,0,0,2,0,1,2,1
127,-3264.149,-9104.602,13.880,-1.048,0.995616,0.018255,-0.091738,-0.012508,0.997945,0.062837,0.092697,-0.061414,0.993799,0,0.94297,-0.19321,56.578,-0.386,-1,300.000,400.000,175.000,175.000,225.000,175.000,300.000,325.000,-1,250.000,275.000,-1,925.000,200.000,-1,150.000,2,1,1,1,1,1,1,0,0,2,0,0,2,0,1,2,1
128,-3207.238,-9106.243,29.127,-1.674,0.992356,0.029075,-0.119933,-0.016798,0.994629,0.102135,0.122258,-0.099340,0.987514,0,0.94877,-0.31321,56.926,-0.626,-1,350.000,425.000,175.000,175.000,225.000,175.000,275.000,425.000,750.000,150.000,225.000,-1,-1,200.000,-1,150.000,2,1,1,1,1,1,1,0,0,0,0,0,2,2,1,2,1
129,6231.345,-8199.126,205.944,120.663,-0.505970,-0.860102,-0.064956,0.849391,-0.509940,0.135999,-0.150097,0.013638,0.988577,1,0.00000,0.00000,57.279,-0.866,450.000,350.000,-1,400.000,-1,300.000,325.000,250.000,400.000,575.000,50.000,0.000,-1,600.000,650.000,525.000,-1,1,0,2,0,2,0,0,0,0,1,1,1,2,1,0,1,2
130,6233.775,-8203.265,207.099,120.423,-0.501937,-0.862259,-0.067599,0.851452,-0.506349,0.136529,-0.151952,0.010972,0.988327,0,-0.08000,-0.12000,-4.800,-0.240,450.000,350.000,-1,400.000,-1,300.000,325.000,250.000,400.000,550.000,50.000,0.000,-1,600.000,650.000,525.000,-1,1,0,2,0,2,0,0,0,0,1,1,1,2,1,0,1,2
131,-5575.484,-9511.019,-127.580,94.768,-0.078895,-0.992591,-0.092405,0.995795,-0.082800,0.039205,-0.046566,-0.088924,0.994949,1,0.00000,0.00000,-9.600,-0.480,900.000,375.000,-1,375.000,-1,300.000,300.000,325.000,300.000,-1,425.000,425.000,-1,625.000,675.000,950.000,-1,0,0,2,0,2,0,0,0,0,2,0,0,2,0,0,0,2
132,-5575.863,-9506.234,-127.803,94.528,-0.074783,-0.992918,-0.092312,0.996145,-0.078640,0.038871,-0.045855,-0.089049,0.994971,0,0.08000,-0.12000,4.800,-0.240,900.000,375.000,-1,375.000,-1,300.000,300.000,325.000,300.000,-1,425.000,425.000,-1,625.000,675.000,950.000,-1,0,0,2,0,2,0,0,0,0,2,0,0,2,0,0,0,2
133,-5576.540,-9496.658,-128.243,94.048,-0.066556,-0.993520,-0.092135,0.996793,-0.070318,0.038203,-0.044434,-0.089296,0.995013,0,0.16000,-0.24000,9.600,-0.480,900.000,375.000,-1,375.000,-1,300.000,300.000,325.000,300.000,-1,425.000,425.000,-1,625.000,675.000,950.000,-1,0,0,2,0,2,0,0,0,0,2,0,0,2,0,0,0,2
134,-5577.376,-9482.281,-128.889,93.328,-0.054206,-0.994293,-0.091889,0.997633,-0.057826,0.037201,-0.042302,-0.089655,0.995074,0,0.24000,-0.36000,14.400,-0.720,900.000,375.000,-1,375.000,-1,300.000,300.000,325.000,300.000,-1,425.000,400.000,-1,625.000,675.000,950.000,-1,0,0,2,0,2,0,0,0,0,2,0,0,2,0,0,0,2
