timestep,x_cm,y_cm,z_cm,yaw_deg,basis_xx,basis_xy,basis_xz,basis_yx,basis_yy,basis_yz,basis_zx,basis_zy,basis_zz,teleport_flag,throttle_cmd,steering_cmd,cmd_move_cm,cmd_turn_deg,lidar_cm_0,lidar_cm_1,lidar_cm_2,lidar_cm_3,lidar_cm_4,lidar_cm_5,lidar_cm_6,lidar_cm_7,lidar_cm_8,lidar_cm_9,lidar_cm_10,lidar_cm_11,lidar_cm_12,lidar_cm_13,lidar_cm_14,lidar_cm_15,lidar_cm_16,lidar_class_0,lidar_class_1,lidar_class_2,lidar_class_3,lidar_class_4,lidar_class_5,lidar_class_6,lidar_class_7,lidar_class_8,lidar_class_9,lidar_class_10,lidar_class_11,lidar_class_12,lidar_class_13,lidar_class_14,lidar_class_15,lidar_class_16
0,-2300.467,-1638.877,-354.586,168.536,-0.979955,-0.198756,0.013587,0.198807,-0.980036,0.002468,0.012825,0.005120,0.999905,1,0.08000,-0.12000,4.800,-0.240,-1,400.000,-1,375.000,-1,325.000,300.000,300.000,300.000,-1,-1,-1,-1,750.000,675.000,-1,-1,2,0,2,0,2,0,0,0,0,2,2,2,2,0,0,2,2
1,-2309.859,-1636.890,-354.453,168.056,-0.978253,-0.206960,0.013736,0.207008,-0.978337,0.002152,0.012993,0.004948,0.999903,0,0.16000,-0.24000,9.600,-0.480,-1,400.000,-1,375.000,-1,325.000,300.000,300.000,300.000,-1,-1,-1,-1,750.000,675.000,-1,-1,2,0,2,0,2,0,0,0,0,2,2,2,2,0,0,2,2
2,-2323.909,-1633.733,-354.252,167.336,-0.975572,-0.219237,0.013961,0.219281,-0.975660,0.001669,0.013255,0.004689,0.999901,0,0.24000,-0.36000,14.400,-0.720,-1,400.000,-1,375.000,-1,325.000,300.000,300.000,300.000,-1,-1,-1,-1,750.000,675.000,-1,-1,2,0,2,0,2,0,0,0,0,2,2,2,2,0,0,2,2
3,-2342.585,-1629.278,-353.981,166.584,-0.972608,-0.232011,0.014267,0.232049,-0.972704,0.001010,0.013644,0.004293,0.999898,0,0.32000,-0.37563,19.200,-0.751,-1,400.000,-1,375.000,-1,325.000,300.000,300.000,300.000,-1,-1,-1,-1,750.000,675.000,-1,-1,2,0,2,0,2,0,0,0,0,2,2,2,2,0,0,2,2
4,-2365.855,-1623.404,-353.639,165.833,-0.969476,-0.244746,0.014659,0.244775,-0.969580,0.000169,0.014171,0.003752,0.999893,0,0.40000,-0.37563,24.000,-0.751,-1,400.000,-1,375.000,-1,325.000,300.000,300.000,300.000,-1,-1,-1,-1,750.000,675.000,-1,-1,2,0,2,0,2,0,0,0,0,2,2,2,2,0,0,2,2
5,-2393.685,-1615.990,-353.221,165.082,-0.966176,-0.257438,0.015137,0.257455,-0.966290,-0.000862,0.014849,0.003064,0.999885,0,0.48000,-0.37563,28.800,-0.751,-1,400.000,-1,375.000,-1,325.000,300.000,300.000,300.000,-1,925.000,-1,-1,750.000,675.000,-1,-1,2,0,2,0,2,0,0,0,0,2,0,2,2,0,0,2,2
6,-2426.036,-1606.915,-352.721,164.331,-0.962708,-0.270086,0.015705,0.270088,-0.962834,-0.002094,0.015687,0.002226,0.999874,0,0.56000,-0.37563,33.600,-0.751,-1,400.000,-1,375.000,-1,325.000,300.000,300.000,300.000,-1,775.000,-1,-1,750.000,675.000,-1,-1,2,0,2,0,2,0,0,0,0,2,0,2,2,0,0,2,2
7,-2462.870,-1596.060,-352.133,163.579,-0.959072,-0.282688,0.016368,0.282669,-0.959211,-0.003535,0.016700,0.001237,0.999860,0,0.64000,-0.37563,38.400,-0.751,-1,400.000,-1,375.000,-1,325.000,300.000,300.000,300.000,-1,675.000,900.000,-1,750.000,675.000,-1,-1,2,0,2,0,2,0,0,0,0,2,0,0,2,0,0,2,2
8,-2504.144,-1583.305,-351.449,162.828,-0.955269,-0.295241,0.017129,0.295195,-0.955423,-0.005196,0.017900,0.000093,0.999840,0,0.72000,-0.37563,43.200,-0.751,-1,400.000,-1,375.000,-1,325.000,300.000,300.000,300.000,-1,600.000,800.000,-1,750.000,675.000,-1,-1,2,0,2,0,2,0,0,0,0,2,0,0,2,0,0,2,2
9,-2549.814,-1568.533,-350.622,162.077,-0.951301,-0.307743,0.017928,0.307667,-0.951469,-0.006917,0.019186,-0.001064,0.999815,0,0.80000,-0.37563,48.000,-0.751,-1,400.000,-1,375.000,-1,325.000,300.000,300.000,300.000,-1,575.000,750.000,-1,750.000,675.000,-1,-1,2,0,2,0,2,0,0,0,0,2,0,0,2,0,0,2,2
10,-2596.248,-1552.839,-349.670,161.325,-0.947164,-0.320191,0.018938,0.320085,-0.947351,-0.008469,0.020653,-0.001959,0.999785,0,0.81690,-0.37563,49.014,-0.751,-1,400.000,-1,375.000,-1,325.000,300.000,300.000,300.000,-1,550.000,675.000,-1,750.000,675.000,-1,-1,2,0,2,0,2,0,0,0,0,2,0,0,2,0,0,2,2
11,-2642.472,-1536.538,-348.666,160.574,-0.942861,-0.332584,0.020010,0.332445,-0.943069,-0.010022,0.022204,-0.002797,0.999750,0,0.81690,-0.37563,49.014,-0.751,-1,400.000,-1,375.000,-1,325.000,300.000,300.000,300.000,-1,525.000,650.000,-1,750.000,675.000,-1,-1,2,0,2,0,2,0,0,0,0,2,0,0,2,0,0,2,2
12,-2688.479,-1519.632,-347.594,159.823,-0.938397,-0.344920,0.020986,0.344742,-0.938625,-0.011674,0.023724,-0.003720,0.999712,0,0.81690,-0.37563,49.014,-0.751,-1,400.000,-1,375.000,-1,325.000,300.000,300.000,300.000,-1,500.000,625.000,-1,750.000,675.000,-1,-1,2,0,2,0,2,0,0,0,0,2,0,0,2,0,0,2,2
13,-2734.259,-1502.124,-346.351,159.072,-0.933782,-0.357195,0.021507,0.356971,-0.934016,-0.013628,0.024955,-0.005048,0.999676,0,0.81690,-0.37563,49.014,-0.751,-1,400.000,-1,375.000,-1,325.000,300.000,300.000,300.000,-1,500.000,625.000,-1,775.000,700.000,-1,-1,2,0,2,0,2,0,0,0,0,2,0,0,2,0,0,2,2
14,-2779.807,-1484.017,-345.036,158.320,-0.928999,-0.369410,0.022320,0.369147,-0.929249,-0.015083,0.026313,-0.005773,0.999637,0,0.81690,-0.37563,49.014,-0.751,-1,400.000,-1,375.000,-1,325.000,300.000,300.000,300.000,-1,500.000,625.000,-1,775.000,700.000,-1,-1,2,0,2,0,2,0,0,0,0,2,0,0,2,0,0,2,2
15,-2825.112,-1465.315,-343.689,157.569,-0.924056,-0.381560,0.023084,0.381257,-0.924321,-0.016533,0.027645,-0.006477,0.999597,0,0.81690,-0.37563,49.014,-0.751,-1,400.000,-1,375.000,-1,325.000,300.000,300.000,300.000,-1,500.000,625.000,-1,775.000,700.000,-1,-1,2,0,2,0,2,0,0,0,0,2,0,0,2,0,0,2,2
16,-2870.169,-1446.020,-342.307,156.818,-0.918954,-0.393645,0.023798,0.393299,-0.919235,-0.017985,0.028956,-0.007168,0.999555,0,0.81690,-0.37563,49.014,-0.751,-1,400.000,-1,375.000,-1,325.000,325.000,300.000,300.000,-1,525.000,625.000,-1,775.000,700.000,-1,-1,2,0,2,0,2,0,0,0,0,2,0,0,2,0,0,2,2
17,-2914.969,-1426.136,-340.888,156.067,-0.913696,-0.405662,0.024461,0.405272,-0.913990,-0.019436,0.030242,-0.007845,0.999512,0,0.81690,-0.37563,49.014,-0.751,-1,400.000,-1,375.000,-1,325.000,325.000,300.000,300.000,-1,525.000,625.000,-1,775.000,700.000,-1,-1,2,0,2,0,2,0,0,0,0,2,0,0,2,0,0,2,2
18,-2959.504,-1405.667,-339.431,155.315,-0.908281,-0.417609,0.025071,0.417173,-0.908587,-0.020881,0.031499,-0.008507,0.999468,0,0.81690,-0.37563,49.014,-0.751,-1,400.000,-1,375.000,-1,325.000,325.000,300.000,300.000,-1,525.000,625.000,-1,800.000,700.000,-1,-1,2,0,2,0,2,0,0,0,0,2,0,0,2,0,0,2,2
19,-3003.768,-1384.615,-337.935,154.564,-0.902711,-0.429483,0.025625,0.429001,-0.903028,-0.022319,0.032726,-0.009154,0.999422,0,0.81690,-0.37563,49.014,-0.751,-1,400.000,-1,375.000,-1,325.000,325.000,300.000,300.000,-1,525.000,625.000,-1,800.000,700.000,-1,-1,2,0,2,0,2,0,0,0,0,2,0,0,2,0,0,2,2
20,-3047.751,-1362.985,-336.399,153.813,-0.896987,-0.441284,0.026122,0.440753,-0.897314,-0.023745,0.033918,-0.009786,0.999377,0,0.81690,-0.37563,49.014,-0.751,-1,400.000,-1,375.000,-1,325.000,325.000,300.000,300.000,-1,550.000,650.000,-1,800.000,725.000,-1,-1,2,0,2,0,2,0,0,0,0,2,0,0,2,0,0,2,2
21,-3091.447,-1340.779,-334.812,153.062,-0.891110,-0.453008,0.026570,0.452427,-0.891445,-0.025201,0.035102,-0.010436,0.999329,0,0.81690,-0.37563,49.014,-0.751,-1,400.000,-1,375.000,-1,325.000,325.000,300.000,300.000,-1,550.000,650.000,-1,800.000,725.000,-1,-1,2,0,2,0,2,0,0,0,0,2,0,0,2,0,0,2,2
22,-3134.848,-1318.003,-333.127,152.310,-0.885082,-0.464655,0.026946,0.464025,-0.885423,-0.026585,0.036211,-0.011026,0.999283,0,0.81690,-0.37563,49.014,-0.751,-1,400.000,-1,375.000,-1,325.000,325.000,300.000,300.000,-1,550.000,675.000,-1,800.000,725.000,-1,-1,2,0,2,0,2,0,0,0,0,2,0,0,2,0,0,2,2
23,-3177.947,-1294.660,-331.361,151.559,-0.878903,-0.476222,0.027243,0.475546,-0.879250,-0.027848,0.037216,-0.011521,0.999241,0,0.81690,-0.37563,49.014,-0.751,-1,400.000,-1,375.000,-1,325.000,325.000,300.000,300.000,-1,550.000,675.000,-1,800.000,725.000,-1,-1,2,0,2,0,2,0,0,0,0,2,0,0,2,0,0,2,2
24,-3220.735,-1270.754,-329.641,150.808,-0.872591,-0.487704,0.027015,0.486980,-0.872920,-0.029335,0.037889,-0.012442,0.999204,0,0.81690,-0.37563,49.014,-0.751,-1,400.000,-1,375.000,-1,325.000,325.000,300.000,300.000,-1,575.000,700.000,-1,800.000,725.000,-1,-1,2,0,2,0,2,0,0,0,0,2,0,0,2,0,0,2,2
25,-3263.207,-1246.289,-327.921,150.056,-0.866140,-0.499100,0.026474,0.498326,-0.866438,-0.030937,0.038379,-0.013604,0.999171,0,0.81690,-0.37563,49.014,-0.751,-1,400.000,-1,375.000,-1,325.000,325.000,300.000,300.000,-1,600.000,725.000,-1,800.000,725.000,-1,-1,2,0,2,0,2,0,0,0,0,2,0,0,2,0,0,2,2
26,-3305.354,-1221.269,-326.051,149.305,-0.859543,-0.510412,0.025800,0.509608,-0.859809,-0.032053,0.038544,-0.014403,0.999153,0,0.81690,-0.37563,49.014,-0.751,-1,400.000,-1,375.000,-1,325.000,325.000,300.000,300.000,-1,625.000,750.000,-1,800.000,725.000,-1,-1,2,0,2,0,2,0,0,0,0,2,0,0,2,0,0,2,2
27,-3347.170,-1195.698,-324.132,148.554,-0.852800,-0.521635,0.025078,0.520801,-0.853032,-0.033200,0.038711,-0.015252,0.999134,0,0.81690,-0.37563,49.014,-0.751,-1,400.000,-1,375.000,-1,325.000,325.000,300.000,325.000,-1,675.000,800.000,-1,800.000,725.000,-1,-1,2,0,2,0,2,0,0,0,0,2,0,0,2,0,0,2,2
28,-3388.647,-1169.582,-322.226,147.803,-0.845904,-0.532769,0.024572,0.531903,-0.846111,-0.034287,0.039057,-0.015933,0.999110,0,0.81690,-0.37563,49.014,-0.751,-1,400.000,-1,375.000,-1,325.000,325.000,300.000,325.000,-1,700.000,825.000,-1,800.000,725.000,-1,-1,2,0,2,0,2,0,0,0,0,2,0,0,2,0,0,2,2
29,-3429.555,-1142.863,-320.293,146.850,-0.836947,-0.546753,0.024081,0.545856,-0.837132,-0.035369,0.039497,-0.016457,0.999084,0,0.81434,-0.47616,48.860,-0.952,-1,400.000,-1,375.000,-1,325.000,325.000,300.000,325.000,-1,725.000,850.000,-1,800.000,725.000,-1,-1,2,0,2,0,2,0,0,0,0,2,0,0,2,0,0,2,2
30,-3470.013,-1115.469,-318.320,145.898,-0.827760,-0.560586,0.023580,0.559657,-0.827922,-0.036468,0.039966,-0.016990,0.999057,0,0.81434,-0.47616,48.860,-0.952,-1,400.000,-1,375.000,-1,325.000,325.000,300.000,325.000,-1,750.000,875.000,-1,775.000,725.000,-1,-1,2,0,2,0,2,0,0,0,0,2,0,0,2,0,0,2,2
31,-3510.010,-1087.406,-316.435,144.946,-0.818343,-0.574268,0.023029,0.573331,-0.818489,-0.036971,0.040080,-0.017052,0.999051,0,0.81434,-0.47616,48.860,-0.952,-1,400.000,-1,375.000,-1,325.000,325.000,300.000,325.000,-1,775.000,900.000,-1,775.000,725.000,-1,-1,2,0,2,0,2,0,0,0,0,2,0,0,2,0,0,2,2
32,-3549.536,-1058.682,-314.539,143.993,-0.808699,-0.587793,0.022478,0.586852,-0.808832,-0.037350,0.040135,-0.017013,0.999049,0,0.81434,-0.47616,48.860,-0.952,-1,400.000,-1,375.000,-1,325.000,325.000,300.000,325.000,-1,825.000,950.000,-1,775.000,725.000,-1,-1,2,0,2,0,2,0,0,0,0,2,0,0,2,0,0,2,2
33,-3588.578,-1029.305,-312.605,143.041,-0.798831,-0.601155,0.021937,0.600210,-0.798952,-0.037733,0.040210,-0.016975,0.999047,0,0.81434,-0.47616,48.860,-0.952,-1,400.000,-1,375.000,-1,325.000,325.000,300.000,325.000,-1,875.000,975.000,-1,750.000,725.000,-1,-1,2,0,2,0,2,0,0,0,0,2,0,0,2,0,0,2,2
34,-3627.127,-999.284,-310.634,142.089,-0.788742,-0.614351,0.021403,0.613401,-0.788851,-0.038119,0.040303,-0.016938,0.999044,0,0.81434,-0.47616,48.860,-0.952,-1,400.000,-1,375.000,-1,325.000,325.000,300.000,325.000,-1,900.000,-1,-1,750.000,725.000,-1,-1,2,0,2,0,2,0,0,0,0,2,0,2,2,0,0,2,2
35,-3665.172,-968.625,-308.587,141.136,-0.778430,-0.627379,0.021015,0.626423,-0.778533,-0.038479,0.040502,-0.016789,0.999038,0,0.81434,-0.47616,48.860,-0.952,-1,400.000,-1,375.000,-1,325.000,300.000,300.000,300.000,-1,950.000,-1,-1,750.000,725.000,-1,-1,2,0,2,0,2,0,0,0,0,2,0,2,2,0,0,2,2
36,-3702.702,-937.339,-306.447,140.184,-0.767891,-0.640234,0.021067,0.639251,-0.768001,-0.039155,0.041248,-0.016600,0.999011,0,0.81434,-0.47616,48.860,-0.952,-1,400.000,-1,375.000,-1,325.000,300.000,300.000,300.000,-1,950.000,-1,-1,750.000,725.000,-1,-1,2,0,2,0,2,0,0,0,0,2,0,2,2,0,0,2,2
37,-3739.707,-905.433,-304.327,139.232,-0.757143,-0.652908,0.021104,0.651881,-0.757252,-0.040247,0.042259,-0.016716,0.998967,0,0.81434,-0.47616,48.860,-0.952,-1,400.000,-1,375.000,-1,325.000,300.000,300.000,300.000,-1,950.000,-1,-1,750.000,750.000,-1,-1,2,0,2,0,2,0,0,0,0,2,0,2,2,0,0,2,2
38,-3776.176,-872.917,-302.152,138.280,-0.746186,-0.665403,0.021127,0.664329,-0.746295,-0.041359,0.043287,-0.016826,0.998921,0,0.81434,-0.47616,48.860,-0.952,-1,400.000,-1,375.000,-1,325.000,300.000,300.000,300.000,-1,975.000,-1,-1,750.000,750.000,-1,-1,2,0,2,0,2,0,0,0,0,2,0,2,2,0,0,2,2
39,-3812.216,-839.692,-299.915,137.328,-0.735032,-0.677704,0.021132,0.676582,-0.735140,-0.042493,0.044332,-0.016936,0.998873,0,0.81697,-0.47578,49.018,-0.952,-1,400.000,-1,375.000,-1,325.000,300.000,300.000,300.000,-1,975.000,-1,-1,750.000,775.000,-1,-1,2,0,2,0,2,0,0,0,0,2,0,2,2,0,0,2,2
40,-3847.850,-805.732,-297.614,136.378,-0.723690,-0.689802,0.021116,0.688630,-0.723798,-0.043649,0.045393,-0.017048,0.998824,0,0.82041,-0.47517,49.225,-0.950,-1,375.000,-1,400.000,-1,325.000,300.000,325.000,300.000,-1,975.000,-1,-1,725.000,775.000,-1,-1,2,0,2,0,2,0,0,0,0,2,0,2,2,0,0,2,2
41,-3883.063,-771.042,-295.253,135.429,-0.712170,-0.701691,0.021052,0.700468,-0.712274,-0.044831,0.046452,-0.017181,0.998773,0,0.82383,-0.47440,49.430,-0.949,-1,375.000,-1,400.000,-1,325.000,325.000,325.000,300.000,-1,950.000,-1,-1,750.000,775.000,-1,-1,2,0,2,0,2,0,0,0,0,2,0,2,2,0,0,2,2
42,-3917.840,-735.630,-292.833,134.482,-0.700480,-0.713365,0.020937,0.712089,-0.700578,-0.046036,0.047509,-0.017338,0.998720,0,0.82722,-0.47348,49.633,-0.947,-1,375.000,-1,400.000,-1,325.000,325.000,325.000,300.000,-1,950.000,-1,-1,750.000,800.000,-1,-1,2,0,2,0,2,0,0,0,0,2,0,2,2,0,0,2,2
43,-3952.167,-699.503,-290.551,133.537,-0.688614,-0.724827,0.020899,0.723539,-0.688727,-0.046329,0.047974,-0.016782,0.998708,0,0.83057,-0.47240,49.834,-0.945,-1,375.000,-1,400.000,-1,325.000,325.000,325.000,300.000,-1,975.000,-1,-1,750.000,800.000,-1,-1,2,0,2,0,2,0,0,0,0,2,0,2,2,0,0,2,2
44,-3986.030,-662.672,-288.242,132.595,-0.676592,-0.736063,0.020859,0.734770,-0.676721,-0.046500,0.048342,-0.016135,0.998700,0,0.83387,-0.47115,50.032,-0.942,-1,375.000,-1,400.000,-1,325.000,325.000,325.000,300.000,-1,975.000,-1,-1,750.000,800.000,-1,-1,2,0,2,0,2,0,0,0,0,2,0,2,2,0,0,2,2
45,-4019.412,-625.144,-285.956,131.655,-0.664408,-0.747070,0.021156,0.745768,-0.664571,-0.046644,0.048906,-0.015213,0.998687,0,0.83711,-0.46973,50.227,-0.939,-1,375.000,-1,400.000,-1,325.000,325.000,325.000,300.000,-1,1000.000,-1,-1,750.000,825.000,-1,-1,2,0,2,0,2,0,0,0,0,2,0,2,2,1,0,2,2
46,-4052.302,-586.933,-283.708,130.719,-0.652070,-0.757843,0.021856,0.756527,-0.652287,-0.046776,0.049705,-0.013966,0.998666,0,0.84028,-0.46812,50.417,-0.936,-1,400.000,-1,400.000,-1,325.000,325.000,325.000,325.000,-1,950.000,-1,-1,750.000,850.000,975.000,-1,2,0,2,0,2,0,0,0,0,2,0,2,2,1,0,1,2
47,-4084.683,-548.049,-281.350,129.786,-0.639599,-0.768376,0.022618,0.767062,-0.639878,-0.046608,0.050286,-0.012461,0.998657,0,0.84336,-0.46633,50.602,-0.933,-1,400.000,-1,400.000,-1,325.000,325.000,325.000,325.000,-1,950.000,-1,-1,725.000,875.000,925.000,-1,2,0,2,0,2,0,0,0,0,2,0,2,2,1,0,1,2
48,-4116.542,-508.505,-278.859,128.858,-0.627004,-0.778662,0.023484,0.777373,-0.627354,-0.046020,0.050567,-0.010599,0.998664,0,0.84634,-0.46433,50.781,-0.929,975.000,400.000,-1,400.000,-1,325.000,325.000,325.000,325.000,-1,975.000,-1,-1,725.000,875.000,875.000,-1,1,0,2,0,2,0,0,0,0,2,0,2,2,1,0,1,2
49,-4147.865,-468.318,-276.312,127.933,-0.614301,-0.788695,0.024380,0.787435,-0.614723,-0.045398,0.050792,-0.008690,0.998671,0,0.84921,-0.46213,50.953,-0.924,900.000,400.000,-1,400.000,-1,325.000,325.000,325.000,325.000,-1,1000.000,-1,-1,700.000,900.000,825.000,-1,1,0,2,0,2,0,0,0,0,2,0,2,2,1,0,1,2
50,-4178.638,-427.502,-273.709,127.014,-0.601503,-0.798470,0.025309,0.797243,-0.601998,-0.044742,0.050961,-0.006735,0.998678,0,0.85195,-0.45971,51.117,-0.919,825.000,400.000,-1,400.000,-1,325.000,325.000,325.000,325.000,-1,-1,-1,-1,675.000,925.000,800.000,-1,1,0,2,0,2,0,0,0,0,2,2,2,2,1,0,1,2
51,-4208.847,-386.074,-271.352,126.100,-0.588698,-0.807976,0.024692,0.806800,-0.589185,-0.043986,0.050088,-0.005972,0.998727,0,0.85453,-0.45706,51.272,-0.914,750.000,400.000,-1,400.000,-1,325.000,325.000,325.000,325.000,-1,-1,-1,-1,675.000,925.000,750.000,-1,1,0,2,0,2,0,0,0,0,2,2,2,2,1,0,1,2
52,-4238.479,-344.055,-268.971,125.192,-0.575830,-0.817218,0.023971,0.816095,-0.576305,-0.043143,0.049072,-0.005281,0.998781,0,0.85694,-0.45417,51.417,-0.908,675.000,400.000,-1,400.000,-1,325.000,325.000,300.000,325.000,-1,-1,-1,-1,650.000,925.000,700.000,-1,1,0,2,0,2,0,0,0,0,2,2,2,2,1,0,1,2
53,-4267.521,-301.465,-266.554,124.290,-0.562910,-0.826192,0.023228,0.825124,-0.563370,-0.042240,0.047984,-0.004611,0.998837,0,0.85916,-0.45103,51.549,-0.902,625.000,400.000,-1,400.000,-1,325.000,325.000,300.000,325.000,-1,-1,-1,-1,625.000,950.000,650.000,-1,1,0,2,0,2,0,0,0,0,2,2,2,2,1,0,1,2
54,-4295.959,-258.327,-264.118,123.394,-0.549948,-0.834896,0.022492,0.833888,-0.550394,-0.041199,0.046776,-0.003901,0.998898,0,0.86115,-0.44763,51.669,-0.895,575.000,400.000,-1,425.000,-1,325.000,325.000,300.000,325.000,-1,-1,-1,-1,600.000,950.000,600.000,-1,1,0,2,0,2,0,0,0,0,2,2,2,2,1,0,1,2
55,-4320.975,-218.693,-261.929,122.259,-0.533306,-0.845640,0.021864,0.844697,-0.533746,-0.040033,0.045523,-0.002881,0.998959,0,0.78115,-0.56763,46.869,-1.135,525.000,400.000,-1,425.000,-1,325.000,325.000,300.000,325.000,-1,-1,-1,-1,600.000,950.000,550.000,-1,1,0,2,0,2,0,0,0,0,2,2,2,2,1,0,1,2
56,-4343.977,-180.235,-259.825,120.884,-0.512859,-0.858209,0.021283,0.857332,-0.513298,-0.038829,0.044248,-0.001667,0.999019,0,0.74687,-0.68763,44.812,-1.375,475.000,400.000,-1,425.000,-1,325.000,325.000,300.000,325.000,-1,-1,-1,-1,600.000,975.000,525.000,-1,1,0,2,0,2,0,0,0,0,2,2,2,2,1,0,1,2
57,-4365.916,-141.120,-257.876,119.288,-0.488723,-0.872173,0.021528,0.871360,-0.489197,-0.037652,0.043371,0.000357,0.999059,0,0.74745,-0.79800,44.847,-1.596,450.000,400.000,-1,425.000,-1,325.000,325.000,300.000,325.000,-1,-1,-1,-1,625.000,975.000,500.000,-1,1,0,2,0,2,0,0,0,0,2,2,2,2,1,0,1,2
58,-4386.765,-101.412,-255.923,117.702,-0.464355,-0.885379,0.021883,0.884632,-0.464864,-0.036435,0.042432,0.002439,0.999096,0,0.74749,-0.79313,44.849,-1.586,425.000,400.000,-1,425.000,-1,325.000,325.000,300.000,325.000,-1,-1,-1,-1,625.000,1000.000,475.000,-1,1,0,2,0,2,0,0,0,0,2,2,2,2,1,0,1,2
59,-4406.504,-61.166,-254.059,116.126,-0.439786,-0.897820,0.022515,0.897160,-0.440335,-0.034765,0.041127,0.004910,0.999142,0,0.74709,-0.78798,44.825,-1.576,400.000,400.000,-1,425.000,-1,325.000,350.000,300.000,325.000,-1,-1,-1,-1,675.000,1000.000,525.000,-1,1,0,2,0,2,0,0,1,0,2,2,2,2,1,0,1,2
60,-4425.115,-20.444,-252.445,114.560,-0.415041,-0.909491,0.023804,0.908967,-0.415639,-0.031985,0.038984,0.008362,0.999205,0,0.74623,-0.78255,44.774,-1.565,375.000,400.000,-1,425.000,-1,325.000,350.000,300.000,300.000,-1,-1,-1,-1,700.000,1000.000,-1,-1,1,0,2,0,2,0,0,1,0,2,2,2,2,1,0,2,2
61,-4442.583,20.693,-250.832,113.007,-0.390175,-0.920394,0.025261,0.920006,-0.390813,-0.029216,0.036762,0.011841,0.999254,0,0.74487,-0.77685,44.692,-1.554,350.000,425.000,-1,425.000,-1,325.000,350.000,300.000,300.000,-1,-1,-1,-1,750.000,1000.000,-1,-1,1,0,2,0,2,0,0,1,0,2,2,2,2,1,0,2,2
62,-4458.897,62.181,-249.222,111.465,-0.365223,-0.930532,0.026885,0.930282,-0.365889,-0.026469,0.034467,0.015343,0.999288,0,0.74301,-0.77090,44.581,-1.542,375.000,425.000,-1,425.000,-1,350.000,350.000,300.000,300.000,-1,-1,-1,-1,925.000,975.000,-1,-1,1,0,2,0,2,0,0,1,0,2,2,2,2,0,0,2,2
63,-4474.049,103.955,-247.879,109.935,-0.340225,-0.939928,0.027960,0.939766,-0.340908,-0.024918,0.032953,0.017799,0.999298,0,0.74062,-0.76474,44.437,-1.529,450.000,425.000,-1,425.000,-1,350.000,350.000,275.000,300.000,-1,-1,-1,-1,950.000,975.000,-1,-1,1,0,2,0,2,0,0,1,0,2,2,2,2,0,0,2,2
64,-4488.034,145.951,-246.955,108.419,-0.315277,-0.948609,0.027215,0.948513,-0.315904,-0.022951,0.030369,0.018578,0.999366,0,0.73772,-0.75840,44.263,-1.517,-1,425.000,-1,425.000,-1,350.000,350.000,275.000,300.000,-1,-1,-1,-1,975.000,975.000,-1,-1,2,0,2,0,2,0,0,1,0,2,2,2,2,0,0,2,2
65,-4500.853,188.103,-246.142,106.915,-0.290343,-0.956566,0.026115,0.956529,-0.290898,-0.020756,0.027451,0.018953,0.999443,0,0.73431,-0.75191,44.058,-1.504,-1,425.000,-1,425.000,-1,350.000,350.000,250.000,300.000,-1,-1,-1,-1,975.000,950.000,-1,-1,2,0,2,0,2,0,0,1,0,2,2,2,2,0,0,2,2
66,-4512.509,230.349,-245.348,105.424,-0.265427,-0.963804,0.025122,0.963819,-0.265914,-0.018499,0.024510,0.019303,0.999513,0,0.73041,-0.74534,43.825,-1.491,-1,425.000,-1,425.000,-1,325.000,325.000,250.000,300.000,-1,-1,-1,-1,975.000,950.000,-1,-1,2,0,2,0,2,0,0,1,0,2,2,2,2,0,0,2,2
67,-4523.008,272.629,-244.574,103.947,-0.240554,-0.970333,0.024241,0.970397,-0.240974,-0.016188,0.021549,0.019629,0.999575,0,0.72607,-0.73872,43.564,-1.477,-1,425.000,-1,425.000,-1,325.000,325.000,225.000,300.000,-1,-1,-1,-1,975.000,925.000,-1,-1,2,0,2,0,2,0,0,1,0,2,2,2,2,0,0,2,2
68,-4532.356,314.888,-243.821,102.474,-0.215592,-0.976201,0.023474,0.976307,-0.215948,-0.013832,0.018572,0.019936,0.999629,0,0.72133,-0.73655,43.280,-1.473,-1,400.000,-1,425.000,-1,325.000,325.000,225.000,300.000,-1,-1,-1,-1,975.000,925.000,-1,-1,2,0,2,0,2,0,0,1,0,2,2,2,2,0,0,2,2
69,-4540.558,357.073,-243.089,101.002,-0.190519,-0.981418,0.022824,0.981560,-0.190812,-0.011439,0.015582,0.020224,0.999674,0,0.71626,-0.73560,42.976,-1.471,-1,400.000,-1,425.000,-1,325.000,325.000,200.000,300.000,-1,-1,-1,-1,975.000,900.000,-1,-1,2,0,2,0,2,0,0,1,0,2,2,2,2,0,0,2,2
70,-4547.622,399.139,-242.380,99.533,-0.165342,-0.985984,0.022295,0.986156,-0.165575,-0.009019,0.012584,0.020495,0.999711,0,0.71092,-0.73490,42.655,-1.470,-1,400.000,-1,425.000,-1,325.000,325.000,200.000,300.000,-1,-1,-1,-1,975.000,900.000,-1,-1,2,0,2,0,2,0,0,1,0,2,2,2,2,0,0,2,2
71,-4554.475,446.097,-241.610,98.303,-0.144207,-0.989306,0.021844,0.989503,-0.144375,-0.006322,0.009408,0.020704,0.999741,0,0.79092,-0.61490,47.455,-1.230,-1,425.000,-1,425.000,-1,325.000,325.000,200.000,300.000,-1,-1,-1,-1,975.000,875.000,-1,-1,2,0,2,0,2,0,0,1,0,2,2,2,2,0,0,2,2
72,-4560.530,493.279,-240.874,97.313,-0.127156,-0.991648,0.021572,0.991862,-0.127263,-0.003662,0.006377,0.020930,0.999761,0,0.79282,-0.49490,47.569,-0.990,-1,425.000,-1,425.000,-1,325.000,325.000,200.000,300.000,-1,-1,-1,-1,975.000,875.000,-1,-1,2,0,2,0,2,0,0,1,0,2,2,2,2,0,0,2,2
73,-4565.930,540.216,-240.153,96.563,-0.114228,-0.993225,0.021344,0.993449,-0.114275,-0.001015,0.003447,0.021088,0.999772,0,0.78744,-0.37490,47.247,-0.750,-1,425.000,-1,425.000,-1,325.000,325.000,225.000,300.000,-1,-1,-1,-1,975.000,875.000,-1,-1,2,0,2,0,2,0,0,1,0,2,2,2,2,0,0,2,2
74,-4570.881,586.904,-239.442,96.053,-0.105444,-0.994201,0.021128,0.994425,-0.105433,0.001615,0.000622,0.021180,0.999775,0,0.78250,-0.25490,46.950,-0.510,-1,425.000,-1,425.000,-1,325.000,325.000,225.000,300.000,-1,-1,-1,-1,975.000,875.000,-1,-1,2,0,2,0,2,0,0,1,0,2,2,2,2,0,0,2,2
75,-4575.586,633.349,-238.846,95.784,-0.100811,-0.994677,0.021317,0.994904,-0.100750,0.003950,-0.001781,0.021607,0.999765,0,0.77804,-0.13490,46.682,-0.270,-1,425.000,-1,425.000,-1,350.000,325.000,225.000,325.000,-1,-1,-1,-1,975.000,875.000,-1,-1,2,0,2,0,2,0,0,1,0,2,2,2,2,0,0,2,2
76,-4580.243,679.561,-238.850,95.754,-0.100341,-0.994681,0.023274,0.994946,-0.100228,0.006005,-0.003640,0.023759,0.999711,0,0.77411,-0.01490,46.446,-0.030,-1,425.000,-1,425.000,-1,350.000,325.000,225.000,300.000,-1,-1,-1,-1,1000.000,875.000,-1,-1,2,0,2,0,2,0,0,1,0,2,2,2,2,0,0,2,2
77,-4585.047,725.554,-239.509,95.964,-0.104026,-0.994315,0.022732,0.994561,-0.103877,0.007638,-0.005234,0.023403,0.999712,0,0.77072,0.10510,46.243,0.210,-1,425.000,-1,425.000,-1,350.000,325.000,250.000,300.000,-1,-1,-1,-1,1000.000,875.000,-1,-1,2,0,2,0,2,0,0,1,0,2,2,2,2,0,0,2,2
78,-4590.174,771.341,-240.223,96.389,-0.111428,-0.993530,0.021949,0.993748,-0.111244,0.009449,-0.006946,0.022865,0.999714,0,0.76788,0.21230,46.073,0.425,-1,425.000,-1,400.000,-1,350.000,325.000,250.000,300.000,-1,-1,-1,-1,1000.000,900.000,-1,-1,2,0,2,0,2,0,0,1,0,2,2,2,2,0,0,2,2
79,-4595.621,816.949,-240.936,96.811,-0.118782,-0.992695,0.021142,0.992882,-0.118564,0.011270,-0.008681,0.022330,0.999713,0,0.76553,0.21112,45.932,0.422,-1,425.000,-1,400.000,-1,325.000,325.000,250.000,300.000,-1,-1,-1,-1,975.000,900.000,-1,-1,2,0,2,0,2,0,0,1,0,2,2,2,2,0,0,2,2
80,-4601.386,862.388,-241.650,97.231,-0.126082,-0.991812,0.020310,0.991965,-0.125833,0.013104,-0.010441,0.021799,0.999708,0,0.76339,0.20982,45.803,0.420,-1,425.000,-1,400.000,-1,325.000,325.000,250.000,300.000,-1,-1,-1,-1,975.000,900.000,-1,-1,2,0,2,0,2,0,0,1,0,2,2,2,2,0,0,2,2
81,-4607.465,907.669,-242.365,97.647,-0.133324,-0.990882,0.019454,0.990997,-0.133046,0.014952,-0.012228,0.021273,0.999699,0,0.76145,0.20840,45.687,0.417,-1,425.000,-1,400.000,-1,325.000,325.000,275.000,300.000,-1,-1,-1,-1,975.000,900.000,-1,-1,2,0,2,0,2,0,0,1,0,2,2,2,2,0,0,2,2
82,-4613.857,952.802,-243.102,98.061,-0.140504,-0.989908,0.018482,0.989980,-0.140200,0.016870,-0.014109,0.020667,0.999687,0,0.75973,0.20687,45.584,0.414,-1,425.000,-1,400.000,-1,325.000,325.000,275.000,300.000,-1,-1,-1,-1,975.000,900.000,-1,-1,2,0,2,0,2,0,0,1,0,2,2,2,2,0,0,2,2
83,-4620.559,997.799,-243.847,98.472,-0.147618,-0.988890,0.017460,0.988914,-0.147289,0.018817,-0.016036,0.020044,0.999670,0,0.75821,0.20523,45.493,0.410,-1,425.000,-1,400.000,-1,325.000,325.000,275.000,300.000,525.000,-1,-1,-1,950.000,900.000,-1,-1,2,0,2,0,2,0,0,1,0,1,2,2,2,0,0,2,2
84,-4627.568,1042.669,-244.597,98.879,-0.154661,-0.987831,0.016404,0.987804,-0.154311,0.020785,-0.018001,0.019419,0.999649,0,0.75691,0.20348,45.414,0.407,-1,425.000,-1,400.000,-1,325.000,325.000,300.000,300.000,525.000,-1,-1,-1,950.000,900.000,-1,-1,2,0,2,0,2,0,0,0,0,1,2,2,2,0,0,2,2
85,-4634.882,1087.424,-245.353,99.282,-0.161630,-0.986733,0.015313,0.986649,-0.161262,0.022776,-0.020005,0.018790,0.999623,0,0.75581,0.20164,45.348,0.403,-1,425.000,-1,400.000,-1,325.000,325.000,300.000,300.000,550.000,-1,-1,-1,950.000,900.000,-1,-1,2,0,2,0,2,0,0,0,0,1,2,2,2,0,0,2,2
86,-4642.499,1132.073,-246.116,99.681,-0.168520,-0.985596,0.014186,0.985452,-0.168139,0.024792,-0.022050,0.018157,0.999592,0,0.75491,0.19970,45.294,0.399,-1,425.000,-1,425.000,-1,325.000,325.000,300.000,300.000,550.000,-1,-1,-1,925.000,900.000,-1,-1,2,0,2,0,2,0,0,0,0,1,2,2,2,0,0,2,2
87,-4650.416,1176.628,-246.886,100.077,-0.175330,-0.984424,0.013021,0.984214,-0.174938,0.026834,-0.024138,0.017521,0.999555,0,0.75420,0.19768,45.252,0.395,-1,425.000,-1,425.000,-1,325.000,325.000,300.000,300.000,575.000,-1,-1,-1,925.000,900.000,-1,-1,2,0,2,0,2,0,0,0,0,1,2,2,2,0,0,2,2
88,-4658.632,1221.096,-247.664,100.468,-0.182055,-0.983217,0.011820,0.982937,-0.181656,0.028902,-0.026270,0.016880,0.999512,0,0.75369,0.19557,45.221,0.391,-1,425.000,-1,425.000,-1,350.000,350.000,300.000,300.000,600.000,-1,-1,-1,925.000,875.000,-1,-1,2,0,2,0,2,0,0,0,0,1,2,2,2,0,0,2,2
89,-4667.144,1265.489,-248.522,100.855,-0.188698,-0.981975,0.010873,0.981629,-0.188290,0.030846,-0.028243,0.016493,0.999465,0,0.75336,0.19339,45.201,0.387,-1,425.000,-1,425.000,-1,350.000,350.000,300.000,300.000,625.000,-1,-1,-1,900.000,875.000,-1,-1,2,0,2,0,2,0,0,0,0,1,2,2,2,0,0,2,2
90,-4675.950,1309.815,-249.885,101.237,-0.195313,-0.980672,0.011606,0.980260,-0.194833,0.033617,-0.030706,0.017942,0.999367,0,0.75320,0.19113,45.192,0.382,-1,425.000,-1,425.000,-1,350.000,350.000,300.000,300.000,650.000,-1,-1,-1,900.000,875.000,-1,-1,2,0,2,0,2,0,0,0,0,1,2,2,2,0,0,2,2
91,-4685.049,1354.082,-251.357,101.614,-0.201853,-0.979336,0.012477,0.978847,-0.201285,0.036641,-0.033373,0.019609,0.999251,0,0.75320,0.18880,45.192,0.378,-1,425.000,-1,425.000,-1,350.000,350.000,300.000,300.000,675.000,-1,-1,-1,875.000,850.000,-1,-1,2,0,2,0,2,0,0,0,0,1,2,2,2,0,0,2,2
92,-4694.437,1398.298,-253.260,101.987,-0.208240,-0.978007,0.011778,0.977437,-0.207653,0.038688,-0.035391,0.019569,0.999182,0,0.75336,0.18640,45.202,0.373,-1,425.000,-1,425.000,-1,350.000,350.000,300.000,300.000,700.000,-1,-1,-1,875.000,825.000,-1,-1,2,0,2,0,2,0,0,0,0,1,2,2,2,0,0,2,2
93,-4704.113,1442.471,-255.278,102.355,-0.214521,-0.976662,0.010565,0.975989,-0.213930,0.040970,-0.037753,0.019101,0.999105,0,0.75368,0.18394,45.221,0.368,-1,425.000,-1,425.000,-1,350.000,325.000,300.000,300.000,725.000,-1,-1,-1,850.000,825.000,-1,-1,2,0,2,0,2,0,0,0,0,1,2,2,2,0,0,2,2
94,-4714.074,1486.609,-257.298,102.718,-0.220704,-0.975296,0.009382,0.974517,-0.220112,0.043212,-0.040079,0.018679,0.999022,0,0.75413,0.18141,45.248,0.363,-1,425.000,-1,425.000,-1,350.000,325.000,300.000,275.000,750.000,-1,-1,-1,850.000,800.000,-1,-1,2,0,2,0,2,0,0,0,0,1,2,2,2,0,0,2,2
95,-4724.318,1530.719,-259.320,103.076,-0.226788,-0.973909,0.008230,0.973022,-0.226197,0.045413,-0.042367,0.018307,0.998934,0,0.75472,0.17883,45.283,0.358,-1,425.000,-1,400.000,-1,325.000,325.000,300.000,275.000,775.000,-1,-1,-1,825.000,800.000,-1,-1,2,0,2,0,2,0,0,0,0,1,2,2,2,0,0,2,2
96,-4734.844,1574.806,-261.355,103.428,-0.232769,-0.972506,0.007081,0.971510,-0.232184,0.047532,-0.044581,0.017943,0.998845,0,0.75544,0.17619,45.326,0.352,-1,400.000,-1,400.000,-1,325.000,325.000,300.000,300.000,800.000,-1,-1,-1,800.000,775.000,-1,-1,2,0,2,0,2,0,0,0,0,1,2,2,2,0,0,2,2
97,-4745.198,1616.271,-263.282,104.020,-0.242807,-0.970056,0.005987,0.968958,-0.242227,0.049463,-0.046532,0.017811,0.998758,0,0.71229,0.29619,42.737,0.592,-1,400.000,-1,400.000,-1,325.000,325.000,300.000,300.000,825.000,-1,-1,-1,800.000,775.000,-1,-1,2,0,2,0,2,0,0,0,0,1,2,2,2,0,0,2,2
98,-4756.169,1657.641,-265.205,104.853,-0.256872,-0.966433,0.004902,0.965233,-0.256293,0.051371,-0.048391,0.017928,0.998668,0,0.71334,0.41619,42.800,0.832,-1,400.000,-1,400.000,-1,325.000,325.000,300.000,300.000,875.000,-1,-1,-1,775.000,775.000,-1,-1,2,0,2,0,2,0,0,0,0,1,2,2,2,0,0,2,2
99,-4767.933,1698.871,-267.118,105.925,-0.274917,-0.961461,0.003812,0.960159,-0.274333,0.053251,-0.050153,0.018300,0.998574,0,0.71458,0.53619,42.875,1.072,-1,400.000,-1,400.000,-1,325.000,325.000,300.000,300.000,900.000,-1,-1,-1,775.000,750.000,-1,-1,2,0,2,0,2,0,0,0,0,1,2,2,2,0,0,2,2
100,-4780.497,1739.953,-269.025,107.005,-0.292993,-0.956111,0.002728,0.954707,-0.292405,0.055076,-0.051861,0.018741,0.998478,0,0.71600,0.54003,42.960,1.080,-1,400.000,-1,400.000,-1,325.000,325.000,300.000,300.000,950.000,-1,-1,-1,750.000,750.000,-1,-1,2,0,2,0,2,0,0,0,0,1,2,2,2,0,0,2,2
101,-4793.856,1780.874,-270.927,108.080,-0.310878,-0.950448,0.001658,0.948942,-0.310286,0.056844,-0.053513,0.019245,0.998382,0,0.71744,0.53742,43.046,1.075,-1,400.000,-1,400.000,-1,325.000,325.000,300.000,300.000,975.000,-1,-1,-1,750.000,750.000,-1,-1,2,0,2,0,2,0,0,0,0,1,2,2,2,0,0,2,2
102,-4808.396,1822.744,-272.880,109.151,-0.328586,-0.944474,0.000586,0.942863,-0.327989,0.058596,-0.055151,0.019806,0.998282,0,0.73870,0.53536,44.322,1.071,-1,400.000,-1,400.000,-1,325.000,325.000,300.000,300.000,1000.000,-1,-1,-1,725.000,725.000,-1,-1,2,0,2,0,2,0,0,0,0,1,2,2,2,0,0,2,2
103,-4823.712,1864.324,-274.904,110.220,-0.346172,-0.938171,-0.000095,0.936470,-0.345550,0.060164,-0.056477,0.020738,0.998188,0,0.73851,0.53463,44.311,1.069,-1,375.000,-1,400.000,-1,325.000,325.000,300.000,300.000,-1,-1,-1,-1,725.000,725.000,-1,-1,2,0,2,0,2,0,0,0,0,2,2,2,2,0,0,2,2
104,-4839.795,1905.602,-277.261,111.288,-0.363681,-0.931523,0.000805,0.929797,-0.362955,0.061163,-0.056683,0.022992,0.998127,0,0.73834,0.53388,44.301,1.068,-1,375.000,-1,400.000,-1,325.000,325.000,300.000,300.000,-1,-1,-1,-1,725.000,725.000,-1,-1,2,0,2,0,2,0,0,0,0,2,2,2,2,0,0,2,2
105,-4856.641,1946.565,-279.397,112.354,-0.380999,-0.924574,0.001267,0.922866,-0.380211,0.061307,-0.056202,0.024527,0.998118,0,0.73819,0.53309,44.292,1.066,-1,375.000,-1,400.000,-1,325.000,325.000,300.000,300.000,-1,-1,-1,-1,725.000,725.000,-1,-1,2,0,2,0,2,0,0,0,0,2,2,2,2,0,0,2,2
106,-4874.241,1987.201,-281.524,113.418,-0.398161,-0.917314,0.001816,0.915625,-0.397307,0.061460,-0.055656,0.026134,0.998108,0,0.73807,0.53228,44.284,1.065,-1,375.000,-1,375.000,-1,325.000,325.000,300.000,300.000,-1,-1,-1,-1,725.000,725.000,-1,-1,2,0,2,0,2,0,0,0,0,2,2,2,2,0,0,2,2
107,-4892.590,2027.497,-283.642,114.481,-0.415161,-0.909745,0.002456,0.908081,-0.414236,0.061623,-0.055043,0.027814,0.998097,0,0.73796,0.53144,44.278,1.063,-1,375.000,-1,375.000,-1,325.000,325.000,325.000,300.000,-1,-1,-1,-1,725.000,725.000,-1,-1,2,0,2,0,2,0,0,0,0,2,2,2,2,0,0,2,2
108,-4911.680,2067.442,-285.873,115.542,-0.431967,-0.901885,0.002918,0.900273,-0.430997,0.061242,-0.053976,0.029081,0.998119,0,0.73787,0.53057,44.272,1.061,-1,375.000,-1,375.000,-1,325.000,325.000,325.000,300.000,-1,-1,-1,-1,750.000,725.000,-1,-1,2,0,2,0,2,0,0,0,0,2,2,2,2,0,0,2,2
109,-4931.503,2107.024,-288.166,116.602,-0.448585,-0.893734,0.003345,0.892190,-0.447583,0.060544,-0.052613,0.030144,0.998160,0,0.73781,0.52968,44.268,1.059,-1,375.000,-1,375.000,-1,325.000,325.000,325.000,300.000,-1,-1,-1,-1,750.000,725.000,-1,-1,2,0,2,0,2,0,0,0,0,2,2,2,2,0,0,2,2
110,-4952.052,2146.231,-290.443,117.659,-0.465024,-0.885289,0.003892,0.883813,-0.463985,0.059941,-0.051259,0.031313,0.998194,0,0.73776,0.52876,44.266,1.058,-1,375.000,-1,375.000,-1,325.000,325.000,300.000,300.000,-1,-1,-1,-1,750.000,725.000,-1,-1,2,0,2,0,2,0,0,0,0,2,2,2,2,0,0,2,2
111,-4973.319,2185.051,-292.720,118.715,-0.481277,-0.876557,0.004467,0.875143,-0.480198,0.059458,-0.049974,0.032525,0.998221,0,0.73773,0.52782,44.264,1.056,-1,375.000,-1,375.000,-1,325.000,325.000,300.000,300.000,-1,-1,-1,-1,775.000,725.000,-1,-1,2,0,2,0,2,0,0,0,0,2,2,2,2,0,0,2,2
112,-4995.296,2223.473,-294.867,119.769,-0.497318,-0.867555,0.004890,0.866219,-0.496222,0.058548,-0.048367,0.033353,0.998273,0,0.73773,0.52685,44.264,1.054,-1,400.000,-1,400.000,-1,325.000,325.000,300.000,300.000,-1,-1,-1,-1,775.000,750.000,-1,-1,2,0,2,0,2,0,0,0,0,2,2,2,2,0,0,2,2
113,-5017.975,2261.486,-296.977,120.820,-0.513159,-0.858277,0.005349,0.857021,-0.512049,0.057629,-0.046723,0.034157,0.998324,0,0.73774,0.52585,44.265,1.052,-1,400.000,-1,400.000,-1,325.000,325.000,300.000,300.000,-1,-1,-1,-1,775.000,750.000,-1,-1,2,0,2,0,2,0,0,0,0,2,2,2,2,0,0,2,2
114,-5041.348,2299.079,-299.075,121.870,-0.528799,-0.848727,0.005885,0.847547,-0.527670,0.056819,-0.045118,0.035033,0.998367,0,0.73778,0.52484,44.267,1.050,-1,400.000,-1,400.000,-1,325.000,325.000,300.000,300.000,-1,-1,-1,-1,800.000,750.000,-1,-1,2,0,2,0,2,0,0,0,0,2,2,2,2,0,0,2,2
115,-5065.406,2336.241,-301.160,122.918,-0.544233,-0.838909,0.006495,0.837803,-0.543080,0.056122,-0.043554,0.035985,0.998403,0,0.73783,0.52380,44.270,1.048,-1,400.000,-1,400.000,-1,325.000,325.000,300.000,300.000,-1,-1,-1,-1,800.000,750.000,-1,-1,2,0,2,0,2,0,0,0,0,2,2,2,2,0,0,2,2
116,-5090.141,2372.962,-303.233,123.963,-0.559456,-0.828829,0.007175,0.827794,-0.558276,0.055545,-0.042031,0.037015,0.998430,0,0.73791,0.52274,44.275,1.045,-1,400.000,-1,400.000,-1,325.000,325.000,300.000,300.000,-1,-1,-1,-1,800.000,775.000,-1,-1,2,0,2,0,2,0,0,0,0,2,2,2,2,0,0,2,2
117,-5115.543,2409.231,-305.291,125.006,-0.574463,-0.818492,0.007922,0.817526,-0.573251,0.055094,-0.040553,0.038126,0.998450,0,0.73800,0.52166,44.280,1.043,-1,400.000,-1,400.000,-1,325.000,325.000,300.000,300.000,-1,-1,-1,-1,825.000,775.000,-1,-1,2,0,2,0,2,0,0,0,0,2,2,2,2,0,0,2,2
118,-5141.604,2445.038,-307.156,126.048,-0.589233,-0.807925,0.007894,0.806990,-0.588016,0.054813,-0.039643,0.038668,0.998465,0,0.73811,0.52056,44.287,1.041,-1,400.000,-1,400.000,-1,325.000,325.000,300.000,300.000,-1,-1,-1,-1,825.000,775.000,-1,-1,2,0,2,0,2,0,0,0,0,2,2,2,2,0,0,2,2
119,-5168.315,2480.373,-308.987,127.086,-0.603775,-0.797118,0.007637,0.796202,-0.602558,0.054646,-0.038957,0.039075,0.998477,0,0.73824,0.51943,44.295,1.039,-1,400.000,-1,400.000,-1,325.000,325.000,300.000,300.000,-1,-1,-1,-1,825.000,800.000,-1,-1,2,0,2,0,2,0,0,0,0,2,2,2,2,0,0,2,2
120,-5195.666,2515.226,-310.913,128.123,-0.618080,-0.786085,0.006873,0.785163,-0.616878,0.054585,-0.038669,0.039134,0.998485,0,0.73839,0.51829,44.304,1.037,-1,400.000,-1,400.000,-1,325.000,325.000,300.000,300.000,-1,-1,-1,-1,825.000,800.000,-1,-1,2,0,2,0,2,0,0,0,0,2,2,2,2,0,0,2,2
121,-5223.648,2549.587,-312.821,129.157,-0.632155,-0.774817,0.006188,0.773889,-0.630963,0.054603,-0.038403,0.039306,0.998489,0,0.73856,0.51713,44.314,1.034,-1,400.000,-1,400.000,-1,325.000,325.000,300.000,300.000,-1,-1,-1,-1,825.000,800.000,-1,-1,2,0,2,0,2,0,0,0,0,2,2,2,2,0,0,2,2
122,-5252.251,2583.447,-314.704,130.189,-0.645997,-0.763320,0.005576,0.762386,-0.644807,0.054689,-0.038149,0.039580,0.998488,0,0.73874,0.51595,44.325,1.032,-1,400.000,-1,400.000,-1,325.000,325.000,300.000,300.000,-1,-1,-1,-1,825.000,800.000,-1,-1,2,0,2,0,2,0,0,0,0,2,2,2,2,0,0,2,2
123,-5281.466,2616.797,-316.576,131.219,-0.659601,-0.751599,0.005045,0.750657,-0.658407,0.054906,-0.037945,0.040003,0.998479,0,0.73894,0.51475,44.336,1.030,-1,400.000,-1,400.000,-1,325.000,325.000,300.000,300.000,-1,-1,-1,-1,825.000,800.000,-1,-1,2,0,2,0,2,0,0,0,0,2,2,2,2,0,0,2,2
124,-5311.283,2649.627,-318.435,132.246,-0.672966,-0.739659,0.004588,0.738707,-0.671758,0.055259,-0.037791,0.040577,0.998461,0,0.73916,0.51354,44.349,1.027,-1,400.000,-1,400.000,-1,325.000,325.000,300.000,300.000,-1,-1,-1,-1,825.000,800.000,-1,-1,2,0,2,0,2,0,0,0,0,2,2,2,2,0,0,2,2
125,-5341.691,2681.929,-320.155,133.270,-0.686077,-0.727520,0.003611,0.726533,-0.684869,0.055708,-0.038056,0.040843,0.998441,0,0.73939,0.51231,44.363,1.025,-1,400.000,-1,400.000,-1,325.000,325.000,300.000,300.000,-1,-1,-1,-1,825.000,800.000,-1,-1,2,0,2,0,2,0,0,0,0,2,2,2,2,0,0,2,2
126,-5372.681,2713.694,-321.834,134.292,-0.698937,-0.715178,0.002567,0.714149,-0.697729,0.056267,-0.038450,0.041161,0.998412,0,0.73964,0.51106,44.378,1.022,-1,400.000,-1,400.000,-1,325.000,325.000,300.000,300.000,-1,-1,-1,-1,800.000,800.000,-1,-1,2,0,2,0,2,0,0,0,0,2,2,2,2,0,0,2,2
127,-5407.791,2748.130,-323.704,135.555,-0.714510,-0.699623,0.001432,0.698551,-0.713299,0.056833,-0.038740,0.041609,0.998383,0,0.81964,0.63106,49.178,1.262,-1,400.000,-1,400.000,-1,325.000,325.000,300.000,300.000,-1,-1,-1,-1,800.000,800.000,-1,-1,2,0,2,0,2,0,0,0,0,2,2,2,2,0,0,2,2
128,-5446.346,2784.012,-325.696,137.057,-0.732594,-0.680666,0.000251,0.679552,-0.731374,0.057461,-0.038929,0.042266,0.998348,0,0.87782,0.75106,52.669,1.502,-1,400.000,-1,400.000,-1,325.000,325.000,300.000,300.000,-1,-1,-1,-1,800.000,775.000,-1,-1,2,0,2,0,2,0,0,0,0,2,2,2,2,0,0,2,2
129,-5485.993,2818.721,-327.668,138.799,-0.752937,-0.658092,-0.000906,0.656941,-0.751700,0.058102,-0.038917,0.043152,0.998310,0,0.87823,0.87106,52.694,1.742,-1,400.000,-1,400.000,-1,325.000,325.000,300.000,300.000,-1,-1,-1,-1,800.000,775.000,-1,-1,2,0,2,0,2,0,0,0,0,2,2,2,2,0,0,2,2
130,-5526.823,2852.076,-329.628,140.753,-0.774928,-0.632046,-0.002041,0.630859,-0.773663,0.058839,-0.038768,0.044309,0.998265,0,0.87871,0.97700,52.722,1.954,-1,400.000,-1,400.000,-1,325.000,325.000,300.000,300.000,-1,-1,-1,-1,775.000,775.000,-1,-1,2,0,2,0,2,0,0,0,0,2,2,2,2,0,0,2,2
131,-5568.788,2884.040,-331.526,142.704,-0.795985,-0.605308,-0.003153,0.604091,-0.794693,0.059470,-0.038504,0.045433,0.998225,0,0.87921,0.97556,52.753,1.951,-1,400.000,-1,400.000,-1,325.000,325.000,300.000,300.000,-1,-1,-1,-1,775.000,775.000,-1,-1,2,0,2,0,2,0,0,0,0,2,2,2,2,0,0,2,2
132,-5611.840,2914.575,-333.354,144.652,-0.816088,-0.577912,-0.004232,0.576669,-0.814773,0.059981,-0.038112,0.046509,0.998191,0,0.87969,0.97416,52.781,1.948,-1,400.000,-1,400.000,-1,325.000,325.000,300.000,300.000,-1,-1,-1,-1,775.000,750.000,-1,-1,2,0,2,0,2,0,0,0,0,2,2,2,2,0,0,2,2
133,-5656.481,2944.077,-335.130,146.540,-0.834662,-0.550737,-0.005305,0.549473,-0.833327,0.060387,-0.037678,0.047488,0.998161,0,0.89182,0.94371,53.509,1.887,-1,400.000,-1,400.000,-1,325.000,325.000,300.000,300.000,-1,-1,-1,-1,775.000,750.000,-1,-1,2,0,2,0,2,0,0,0,0,2,2,2,2,0,0,2,2
134,-5702.086,2972.110,-336.840,148.421,-0.852276,-0.523055,-0.006313,0.521774,-0.850922,0.060692,-0.037117,0.048432,0.998137,0,0.89221,0.94081,53.533,1.882,-1,400.000,-1,400.000,-1,325.000,325.000,300.000,300.000,-1,-1,-1,-1,775.000,750.000,-1,-1,2,0,2,0,2,0,0,0,0,2,2,2,2,0,0,2,2
135,-5748.589,2998.637,-338.621,150.297,-0.868914,-0.494912,-0.007108,0.493653,-0.867569,0.060255,-0.035988,0.048848,0.998158,0,0.89228,0.93787,53.537,1.876,-1,400.000,-1,375.000,-1,325.000,325.000,300.000,300.000,-1,-1,-1,-1,775.000,750.000,-1,-1,2,0,2,0,2,0,0,0,0,2,2,2,2,0,0,2,2
136,-5795.919,3023.626,-340.359,152.167,-0.884576,-0.466332,-0.007731,0.465107,-0.883241,0.059677,-0.034657,0.049193,0.998188,0,0.89204,0.93493,53.522,1.870,-1,400.000,-1,375.000,-1,325.000,325.000,300.000,300.000,-1,-1,-1,-1,775.000,750.000,-1,-1,2,0,2,0,2,0,0,0,0,2,2,2,2,0,0,2,2
