timestep,x_cm,y_cm,z_cm,yaw_deg,basis_xx,basis_xy,basis_xz,basis_yx,basis_yy,basis_yz,basis_zx,basis_zy,basis_zz,teleport_flag,throttle_cmd,steering_cmd,cmd_move_cm,cmd_turn_deg,lidar_cm_0,lidar_cm_1,lidar_cm_2,lidar_cm_3,lidar_cm_4,lidar_cm_5,lidar_cm_6,lidar_cm_7,lidar_cm_8,lidar_cm_9,lidar_cm_10,lidar_cm_11,lidar_cm_12,lidar_cm_13,lidar_cm_14,lidar_cm_15,lidar_cm_16,lidar_class_0,lidar_class_1,lidar_class_2,lidar_class_3,lidar_class_4,lidar_class_5,lidar_class_6,lidar_class_7,lidar_class_8,lidar_class_9,lidar_class_10,lidar_class_11,lidar_class_12,lidar_class_13,lidar_class_14,lidar_class_15,lidar_class_16
0,-3606.235,-6226.761,-28.380,73.064,0.291890,-0.956268,0.018770,0.956098,0.291193,-0.032902,0.025997,0.027550,0.999282,1,0.08000,-0.11589,4.800,-0.232,-1,400.000,-1,375.000,-1,325.000,300.000,325.000,325.000,-1,550.000,700.000,-1,875.000,700.000,-1,-1,2,0,2,0,2,0,0,0,0,2,0,0,2,0,0,2,2
1,-3603.401,-6217.589,-28.115,72.831,0.295771,-0.955080,0.018475,0.954906,0.295080,-0.032905,0.025975,0.027374,0.999288,0,0.16000,-0.11649,9.600,-0.233,-1,400.000,-1,375.000,-1,325.000,300.000,325.000,325.000,-1,550.000,700.000,-1,875.000,700.000,-1,-1,2,0,2,0,2,0,0,0,0,2,0,0,2,0,0,2,2
2,-3599.094,-6203.848,-27.717,72.596,0.299684,-0.953868,0.018032,0.953684,0.299004,-0.032906,0.025996,0.027059,0.999296,0,0.24000,-0.11771,14.400,-0.235,-1,400.000,-1,375.000,-1,325.000,300.000,325.000,325.000,-1,550.000,700.000,-1,875.000,700.000,-1,-1,2,0,2,0,2,0,0,0,0,2,0,0,2,0,0,2,2
3,-3593.274,-6185.552,-27.183,72.356,0.303653,-0.952623,0.017450,0.952426,0.302987,-0.032909,0.026062,0.026613,0.999306,0,0.32000,-0.11959,19.200,-0.239,-1,400.000,-1,375.000,-1,325.000,300.000,325.000,325.000,-1,575.000,725.000,-1,875.000,700.000,-1,-1,2,0,2,0,2,0,0,0,0,2,0,0,2,0,0,2,2
4,-3585.902,-6162.712,-26.506,72.112,0.307701,-0.951336,0.016738,0.951123,0.307053,-0.032920,0.026178,0.026049,0.999318,0,0.40000,-0.12221,24.000,-0.244,-1,400.000,-1,375.000,-1,325.000,300.000,325.000,325.000,-1,575.000,725.000,-1,875.000,700.000,-1,-1,2,0,2,0,2,0,0,0,0,2,0,0,2,0,0,2,2
5,-3576.936,-6135.343,-25.678,71.861,0.311854,-0.949997,0.015907,0.949765,0.311226,-0.032946,0.026348,0.025382,0.999331,0,0.48000,-0.12561,28.800,-0.251,-1,400.000,-1,375.000,-1,325.000,300.000,325.000,325.000,-1,600.000,750.000,-1,875.000,700.000,-1,-1,2,0,2,0,2,0,0,0,0,2,0,0,2,0,0,2,2
6,-3566.330,-6103.461,-24.689,71.601,0.316142,-0.948594,0.014972,0.948340,0.315536,-0.032997,0.026577,0.024630,0.999343,0,0.56000,-0.12989,33.600,-0.260,-1,400.000,-1,375.000,-1,325.000,300.000,325.000,325.000,-1,625.000,775.000,-1,875.000,700.000,-1,-1,2,0,2,0,2,0,0,0,0,2,0,0,2,0,0,2,2
7,-3554.038,-6067.081,-23.526,71.331,0.320595,-0.947114,0.013947,0.946835,0.320014,-0.033082,0.026869,0.023812,0.999355,0,0.64000,-0.13514,38.400,-0.270,-1,400.000,-1,375.000,-1,325.000,300.000,325.000,325.000,-1,650.000,800.000,-1,875.000,700.000,-1,-1,2,0,2,0,2,0,0,0,0,2,0,0,2,0,0,2,2
8,-3540.007,-6026.223,-22.175,71.048,0.325249,-0.945541,0.012853,0.945236,0.324693,-0.033213,0.027231,0.022951,0.999366,0,0.72000,-0.14145,43.200,-0.283,-1,400.000,-1,375.000,-1,325.000,300.000,325.000,325.000,-1,675.000,825.000,-1,900.000,700.000,-1,-1,2,0,2,0,2,0,0,0,0,2,0,0,2,0,0,2,2
9,-3524.243,-5981.084,-20.719,70.750,0.330136,-0.943866,0.011259,0.943519,0.329614,-0.033564,0.027968,0.021704,0.999373,0,0.79688,-0.14895,47.813,-0.298,-1,425.000,-1,375.000,-1,325.000,325.000,325.000,325.000,-1,700.000,825.000,-1,900.000,700.000,-1,-1,2,0,2,0,2,0,0,0,0,2,0,0,2,0,0,2,2
10,-3508.197,-5935.938,-19.458,70.434,0.335269,-0.942080,0.008946,0.941703,0.334821,-0.033036,0.028127,0.019500,0.999414,0,0.79854,-0.15772,47.913,-0.315,-1,425.000,-1,375.000,-1,325.000,325.000,325.000,325.000,-1,725.000,875.000,-1,900.000,700.000,-1,-1,2,0,2,0,2,0,0,0,0,2,0,0,2,0,0,2,2
11,-3491.845,-5890.766,-18.217,70.101,0.340687,-0.940155,0.006451,0.939756,0.340322,-0.032248,0.028123,0.017048,0.999459,0,0.80068,-0.16698,48.041,-0.334,-1,425.000,-1,375.000,-1,325.000,325.000,325.000,325.000,-1,750.000,900.000,-1,900.000,675.000,-1,-1,2,0,2,0,2,0,0,0,0,2,0,0,2,0,0,2,2
12,-3475.159,-5845.547,-16.940,69.747,0.346414,-0.938073,0.003942,0.937659,0.346129,-0.031466,0.028153,0.014596,0.999497,0,0.80331,-0.17674,48.198,-0.353,-1,400.000,-1,375.000,-1,325.000,325.000,325.000,325.000,-1,775.000,950.000,-1,900.000,675.000,-1,-1,2,0,2,0,2,0,0,0,0,2,0,0,2,0,0,2,2
13,-3458.113,-5800.263,-15.748,69.373,0.352468,-0.935823,0.001547,0.935394,0.352255,-0.030905,0.028377,0.012340,0.999521,0,0.80644,-0.18700,48.386,-0.374,-1,400.000,-1,375.000,-1,325.000,325.000,325.000,325.000,-1,775.000,950.000,-1,900.000,675.000,-1,-1,2,0,2,0,2,0,0,0,0,2,0,0,2,0,0,2,2
14,-3440.676,-5754.893,-14.692,68.978,0.358873,-0.933386,-0.000041,0.932966,0.358713,-0.029978,0.027996,0.010720,0.999551,0,0.81010,-0.19775,48.606,-0.395,-1,400.000,-1,375.000,-1,325.000,325.000,325.000,325.000,-1,800.000,1000.000,-1,900.000,675.000,-1,-1,2,0,2,0,2,0,0,0,0,2,0,0,2,0,0,2,2
15,-3422.817,-5709.416,-13.576,68.560,0.365633,-0.930758,-0.001469,0.930350,0.365519,-0.029071,0.027595,0.009263,0.999576,0,0.81429,-0.20900,48.857,-0.418,-1,400.000,-1,375.000,-1,325.000,300.000,325.000,325.000,-1,825.000,-1,-1,900.000,675.000,-1,-1,2,0,2,0,2,0,0,0,0,2,0,2,2,0,0,2,2
16,-3404.570,-5663.956,-12.364,68.131,0.372550,-0.928008,-0.002902,0.927611,0.372479,-0.028247,0.027295,0.007832,0.999597,0,0.81642,-0.21440,48.985,-0.429,-1,400.000,-1,375.000,-1,325.000,300.000,325.000,325.000,-1,875.000,-1,-1,900.000,650.000,-1,-1,2,0,2,0,2,0,0,0,0,2,0,2,2,0,0,2,2
17,-3385.984,-5618.634,-11.054,67.702,0.379447,-0.925203,-0.004337,0.924817,0.379417,-0.027511,0.027099,0.006428,0.999612,0,0.81642,-0.21440,48.985,-0.429,-1,400.000,-1,375.000,-1,325.000,300.000,325.000,325.000,-1,900.000,-1,-1,900.000,675.000,-1,-1,2,0,2,0,2,0,0,0,0,2,0,2,2,0,0,2,2
18,-3367.059,-5573.452,-9.646,67.273,0.386324,-0.922345,-0.005778,0.921968,0.386334,-0.026863,0.027009,0.005051,0.999622,0,0.81642,-0.21440,48.985,-0.429,-1,400.000,-1,375.000,-1,325.000,300.000,325.000,325.000,-1,950.000,-1,-1,900.000,675.000,-1,-1,2,0,2,0,2,0,0,0,0,2,0,2,2,0,0,2,2
19,-3347.796,-5528.413,-8.138,66.844,0.393179,-0.919434,-0.007226,0.919065,0.393228,-0.026303,0.027026,0.003701,0.999628,0,0.81642,-0.21440,48.985,-0.429,-1,400.000,-1,350.000,-1,325.000,300.000,325.000,325.000,-1,975.000,-1,-1,900.000,675.000,-1,-1,2,0,2,0,2,0,0,0,0,2,0,2,2,0,0,2,2
20,-3328.197,-5483.520,-6.526,66.416,0.400012,-0.916469,-0.008684,0.916108,0.400100,-0.025832,0.027149,0.002378,0.999629,0,0.81642,-0.21440,48.985,-0.429,-1,400.000,-1,350.000,-1,325.000,300.000,325.000,325.000,-1,1000.000,-1,-1,900.000,675.000,-1,-1,2,0,2,0,2,0,0,0,0,2,0,2,2,0,0,2,2
21,-3308.262,-5438.774,-4.810,65.987,0.406823,-0.913451,-0.010155,0.913097,0.406948,-0.025451,0.027380,0.001082,0.999625,0,0.81642,-0.21440,48.985,-0.429,-1,400.000,-1,350.000,-1,325.000,300.000,325.000,325.000,-1,-1,-1,-1,900.000,675.000,-1,-1,2,0,2,0,2,0,0,0,0,2,2,2,2,0,0,2,2
22,-3287.993,-5394.179,-3.021,65.558,0.413611,-0.910380,-0.011582,0.910033,0.413773,-0.025143,0.027682,-0.000141,0.999617,0,0.81642,-0.21440,48.985,-0.429,-1,425.000,-1,350.000,-1,325.000,300.000,325.000,325.000,-1,-1,-1,-1,900.000,675.000,-1,-1,2,0,2,0,2,0,0,0,0,2,2,2,2,0,0,2,2
23,-3267.391,-5349.736,-1.420,65.129,0.420333,-0.907255,-0.014425,0.906907,0.420573,-0.025267,0.028990,-0.002462,0.999577,0,0.81642,-0.21440,48.985,-0.429,-1,425.000,-1,375.000,-1,325.000,300.000,325.000,325.000,-1,975.000,-1,-1,900.000,700.000,-1,-1,2,0,2,0,2,0,0,0,0,2,0,2,2,0,0,2,2
24,-3244.610,-5301.014,0.225,64.940,0.423211,-0.905851,-0.018089,0.905540,0.423554,-0.024457,0.029816,-0.006030,0.999537,0,0.89642,-0.09440,53.785,-0.189,-1,425.000,-1,375.000,-1,325.000,300.000,325.000,325.000,-1,925.000,-1,-1,900.000,700.000,-1,-1,2,0,2,0,2,0,0,0,0,2,0,2,2,0,0,2,2
25,-3221.338,-5251.126,1.804,64.992,0.422266,-0.906193,-0.022480,0.905969,0.422728,-0.022817,0.030179,-0.010731,0.999487,0,0.91748,0.02560,55.049,0.051,-1,425.000,-1,375.000,-1,325.000,325.000,325.000,325.000,-1,800.000,-1,-1,900.000,725.000,-1,-1,2,0,2,0,2,0,0,0,0,2,0,2,2,0,0,2,2
26,-3198.320,-5201.121,3.430,65.283,0.417502,-0.908267,-0.027244,0.908159,0.418088,-0.021181,0.030629,-0.015898,0.999404,0,0.91748,0.14560,55.049,0.291,-1,425.000,-1,375.000,-1,325.000,325.000,325.000,325.000,-1,775.000,-1,-1,900.000,725.000,-1,-1,2,0,2,0,2,0,0,0,0,2,0,2,2,0,0,2,2
27,-3175.767,-5150.904,4.998,65.814,0.408908,-0.912025,-0.031690,0.912035,0.409614,-0.020209,0.031412,-0.020639,0.999293,0,0.91748,0.26560,55.049,0.531,-1,425.000,-1,400.000,-1,325.000,325.000,325.000,325.000,-1,675.000,-1,-1,900.000,750.000,-1,-1,2,0,2,0,2,0,0,0,0,2,0,2,2,0,0,2,2
28,-3153.836,-5100.413,6.320,66.521,0.397512,-0.916937,-0.034790,0.917056,0.398294,-0.019252,0.031509,-0.024252,0.999209,0,0.91748,0.35361,55.049,0.707,-1,425.000,-1,400.000,-1,325.000,325.000,325.000,325.000,-1,625.000,-1,-1,900.000,750.000,-1,-1,2,0,2,0,2,0,0,0,0,2,0,2,2,0,0,2,2
29,-3132.530,-5049.655,7.277,67.228,0.386160,-0.921738,-0.035770,0.921944,0.386926,-0.017529,0.029997,-0.026209,0.999206,0,0.91748,0.35361,55.049,0.707,-1,425.000,-1,400.000,-1,325.000,325.000,325.000,325.000,-1,775.000,-1,-1,900.000,750.000,-1,-1,2,0,2,0,2,0,0,0,0,2,0,2,2,0,0,2,2
30,-3111.851,-4998.638,8.333,67.936,0.374758,-0.926392,-0.036805,0.926692,0.375499,-0.015602,0.028274,-0.028260,0.999201,0,0.91748,0.35361,55.049,0.707,-1,425.000,-1,400.000,-1,325.000,325.000,325.000,325.000,-1,-1,-1,-1,900.000,750.000,-1,-1,2,0,2,0,2,0,0,0,0,2,2,2,2,0,0,2,2
31,-3091.805,-4947.370,9.486,68.643,0.363308,-0.930898,-0.037901,0.931296,0.364013,-0.013477,0.026342,-0.030401,0.999191,0,0.91748,0.35361,55.049,0.707,-1,425.000,-1,375.000,-1,325.000,325.000,325.000,300.000,-1,-1,-1,-1,875.000,750.000,-1,-1,2,0,2,0,2,0,0,0,0,2,2,2,2,0,0,2,2
32,-3072.392,-4895.858,10.731,69.350,0.351815,-0.935254,-0.039066,0.935757,0.352470,-0.011159,0.024206,-0.032630,0.999174,0,0.91748,0.35361,55.049,0.707,-1,425.000,-1,375.000,-1,325.000,325.000,325.000,300.000,-1,-1,-1,-1,875.000,725.000,-1,-1,2,0,2,0,2,0,0,0,0,2,2,2,2,0,0,2,2
33,-3053.617,-4844.110,12.044,70.057,0.340280,-0.939462,-0.040257,0.940069,0.340873,-0.008728,0.021922,-0.034874,0.999151,0,0.91748,0.35361,55.049,0.707,-1,425.000,-1,375.000,-1,325.000,325.000,325.000,300.000,-1,-1,-1,-1,875.000,725.000,-1,-1,2,0,2,0,2,0,0,0,0,2,2,2,2,0,0,2,2
34,-3035.483,-4792.135,13.425,70.764,0.328706,-0.943521,-0.041489,0.944231,0.329225,-0.006174,0.019484,-0.037146,0.999120,0,0.91748,0.35361,55.049,0.707,-1,400.000,-1,375.000,-1,325.000,325.000,325.000,300.000,-1,-1,-1,-1,850.000,725.000,-1,-1,2,0,2,0,2,0,0,0,0,2,2,2,2,0,0,2,2
35,-3017.991,-4739.940,14.874,71.472,0.317096,-0.947429,-0.042773,0.948243,0.317526,-0.003487,0.016885,-0.039454,0.999079,0,0.91748,0.35361,55.049,0.707,-1,400.000,-1,375.000,-1,325.000,325.000,325.000,300.000,-1,-1,-1,-1,850.000,725.000,-1,-1,2,0,2,0,2,0,0,0,0,2,2,2,2,0,0,2,2
36,-3001.145,-4687.532,16.308,72.179,0.305437,-0.951172,-0.044488,0.952104,0.305774,-0.000812,0.014376,-0.042109,0.999010,0,0.91748,0.35361,55.049,0.707,-1,400.000,-1,375.000,-1,325.000,325.000,325.000,300.000,-1,-1,-1,-1,825.000,725.000,-1,-1,2,0,2,0,2,0,0,0,0,2,2,2,2,0,0,2,2
37,-2984.948,-4634.921,17.471,72.886,0.293690,-0.954704,-0.047809,0.955817,0.293958,0.001484,0.012637,-0.046132,0.998855,0,0.91748,0.35361,55.049,0.707,-1,400.000,-1,375.000,-1,325.000,325.000,325.000,300.000,-1,-1,-1,-1,800.000,725.000,-1,-1,2,0,2,0,2,0,0,0,0,2,2,2,2,0,0,2,2
38,-2969.402,-4582.113,18.627,73.593,0.281919,-0.958061,-0.051394,0.959379,0.282093,0.003990,0.010676,-0.050431,0.998671,0,0.91748,0.35361,55.049,0.707,-1,400.000,-1,375.000,-1,325.000,325.000,325.000,300.000,-1,-1,-1,-1,775.000,725.000,-1,-1,2,0,2,0,2,0,0,0,0,2,2,2,2,0,0,2,2
39,-2954.509,-4529.118,19.591,74.301,0.270097,-0.961287,-0.054549,0.962789,0.270195,0.005719,0.009241,-0.054063,0.998495,0,0.91748,0.35361,55.049,0.707,-1,400.000,-1,375.000,-1,325.000,325.000,325.000,325.000,-1,-1,-1,-1,775.000,725.000,-1,-1,2,0,2,0,2,0,0,0,0,2,2,2,2,0,0,2,2
40,-2940.269,-4475.943,19.884,75.008,0.258207,-0.964485,-0.055664,0.966050,0.258292,0.005797,0.008787,-0.055270,0.998433,0,0.91748,0.35361,55.049,0.707,-1,400.000,-1,400.000,-1,325.000,325.000,325.000,325.000,-1,-1,-1,-1,775.000,725.000,-1,-1,2,0,2,0,2,0,0,0,0,2,2,2,2,0,0,2,2
41,-2926.687,-4422.597,20.100,75.715,0.246300,-0.967547,-0.056475,0.969161,0.246354,0.006109,0.008003,-0.056238,0.998385,0,0.91748,0.35361,55.049,0.707,-1,400.000,-1,400.000,-1,325.000,325.000,325.000,300.000,-1,-1,-1,-1,750.000,725.000,-1,-1,2,0,2,0,2,0,0,0,0,2,2,2,2,0,0,2,2
42,-2913.765,-4369.087,20.315,76.422,0.234361,-0.970458,-0.057328,0.972123,0.234379,0.006504,0.007125,-0.057254,0.998334,0,0.91748,0.35361,55.049,0.707,-1,400.000,-1,400.000,-1,325.000,325.000,300.000,300.000,-1,-1,-1,-1,750.000,725.000,-1,-1,2,0,2,0,2,0,0,0,0,2,2,2,2,0,0,2,2
43,-2901.504,-4315.421,20.528,77.129,0.222394,-0.973217,-0.058224,0.974938,0.222369,0.006977,0.006157,-0.058316,0.998279,0,0.91748,0.35361,55.049,0.707,-1,400.000,-1,375.000,-1,325.000,325.000,300.000,300.000,-1,-1,-1,-1,725.000,725.000,-1,-1,2,0,2,0,2,0,0,0,0,2,2,2,2,0,0,2,2
44,-2889.906,-4261.609,20.735,77.837,0.210399,-0.975824,-0.059163,0.977602,0.210326,0.007524,0.005102,-0.059421,0.998220,0,0.91748,0.35361,55.049,0.707,-1,400.000,-1,375.000,-1,325.000,325.000,300.000,300.000,-1,-1,-1,-1,725.000,700.000,-1,-1,2,0,2,0,2,0,0,0,0,2,2,2,2,0,0,2,2
45,-2878.974,-4207.657,20.935,78.544,0.198379,-0.978278,-0.060146,0.980117,0.198252,0.008139,0.003962,-0.060565,0.998156,0,0.91748,0.35361,55.049,0.707,-1,400.000,-1,375.000,-1,325.000,325.000,300.000,300.000,-1,-1,-1,-1,700.000,700.000,-1,-1,2,0,2,0,2,0,0,0,0,2,2,2,2,0,0,2,2
46,-2868.708,-4153.574,21.126,79.251,0.186337,-0.980580,-0.061173,0.982482,0.186148,0.008817,0.002742,-0.061744,0.998088,0,0.91748,0.35361,55.049,0.707,-1,400.000,-1,375.000,-1,325.000,325.000,300.000,300.000,-1,-1,-1,-1,700.000,700.000,-1,-1,2,0,2,0,2,0,0,0,0,2,2,2,2,0,0,2,2
47,-2859.528,-4100.429,21.284,80.198,0.170164,-0.983450,-0.062214,0.985415,0.169900,0.009544,0.001184,-0.062930,0.998017,0,0.89888,0.47361,53.933,0.947,-1,375.000,-1,375.000,-1,325.000,325.000,300.000,300.000,-1,-1,-1,-1,700.000,700.000,-1,-1,2,0,2,0,2,0,0,0,0,2,2,2,2,0,0,2,2
48,-2851.427,-4046.950,21.400,81.386,0.149831,-0.986683,-0.063305,0.988711,0.149475,0.010336,-0.000736,-0.064139,0.997941,0,0.90149,0.59361,54.089,1.187,-1,375.000,-1,375.000,-1,300.000,300.000,300.000,300.000,-1,-1,-1,-1,675.000,675.000,-1,-1,2,0,2,0,2,0,0,0,0,2,2,2,2,0,0,2,2
49,-2844.619,-3992.947,21.459,82.813,0.125308,-0.990021,-0.064465,0.992113,0.124844,0.011193,-0.003034,-0.065359,0.997857,0,0.90720,0.71361,54.432,1.427,-1,375.000,-1,375.000,-1,300.000,300.000,300.000,300.000,-1,-1,-1,-1,675.000,675.000,-1,-1,2,0,2,0,2,0,0,0,0,2,2,2,2,0,0,2,2
50,-2839.255,-3938.454,21.568,84.377,0.098305,-0.993013,-0.065273,0.995144,0.097766,0.011407,-0.004946,-0.066077,0.997802,0,0.91261,0.78216,54.757,1.564,-1,375.000,-1,375.000,-1,300.000,300.000,300.000,300.000,-1,-1,-1,-1,650.000,675.000,-1,-1,2,0,2,0,2,0,0,0,0,2,2,2,2,0,0,2,2
51,-2835.350,-3883.534,21.822,85.934,0.071241,-0.995318,-0.065325,0.997447,0.070760,0.009658,-0.004990,-0.065846,0.997817,0,0.91766,0.77819,55.060,1.556,-1,375.000,-1,375.000,-1,300.000,300.000,300.000,300.000,-1,-1,-1,-1,650.000,675.000,-1,-1,2,0,2,0,2,0,0,0,0,2,2,2,2,0,0,2,2
52,-2832.918,-3828.250,22.097,87.481,0.044233,-0.996855,-0.065747,0.999012,0.043855,0.007192,-0.004286,-0.066000,0.997810,0,0.92230,0.77374,55.338,1.547,-1,375.000,-1,375.000,-1,300.000,300.000,300.000,300.000,-1,-1,-1,-1,675.000,675.000,-1,-1,2,0,2,0,2,0,0,0,0,2,2,2,2,0,0,2,2
53,-2831.966,-3772.670,22.283,89.019,0.017364,-0.997665,-0.066056,0.999843,0.017089,0.004721,-0.003581,-0.066128,0.997805,0,0.92648,0.76882,55.589,1.538,-1,375.000,-1,375.000,-1,300.000,300.000,325.000,300.000,-1,-1,-1,-1,675.000,675.000,-1,-1,2,0,2,0,2,0,0,0,0,2,2,2,2,0,0,2,2
54,-2832.497,-3716.864,22.379,90.546,-0.009331,-0.997759,-0.066253,0.999952,-0.009500,0.002245,-0.002869,-0.066229,0.997800,0,0.93016,0.76344,55.809,1.527,-1,375.000,-1,375.000,-1,300.000,300.000,325.000,300.000,-1,-1,-1,-1,675.000,700.000,-1,-1,2,0,2,0,2,0,0,0,0,2,2,2,2,0,0,2,2
55,-2834.511,-3660.905,22.386,92.061,-0.035817,-0.997154,-0.066337,0.999356,-0.035880,-0.000240,-0.002141,-0.066303,0.997797,0,0.93327,0.75761,55.996,1.515,-1,375.000,-1,375.000,-1,300.000,300.000,325.000,300.000,-1,-1,-1,-1,675.000,700.000,-1,-1,2,0,2,0,2,0,0,0,0,2,2,2,2,0,0,2,2
56,-2838.001,-3604.866,22.302,93.563,-0.062062,-0.995867,-0.066306,0.998071,-0.062017,-0.002735,-0.001389,-0.066348,0.997796,0,0.93579,0.75135,56.147,1.503,-1,375.000,-1,375.000,-1,300.000,300.000,325.000,300.000,-1,-1,-1,-1,675.000,700.000,-1,-1,2,0,2,0,2,0,0,0,0,2,2,2,2,0,0,2,2
57,-2842.955,-3548.826,22.128,95.053,-0.088034,-0.993918,-0.066159,0.996117,-0.087880,-0.005241,-0.000605,-0.066363,0.997795,0,0.93766,0.74468,56.259,1.489,-1,375.000,-1,375.000,-1,300.000,300.000,325.000,300.000,-1,-1,-1,-1,675.000,700.000,-1,-1,2,0,2,0,2,0,0,0,0,2,2,2,2,0,0,2,2
58,-2848.604,-3497.679,21.900,96.302,-0.109789,-0.991766,-0.065926,0.993955,-0.109530,-0.007546,0.000263,-0.066356,0.997796,0,0.85766,0.62468,51.459,1.249,-1,375.000,-1,375.000,-1,300.000,300.000,325.000,300.000,-1,600.000,-1,-1,675.000,700.000,-1,-1,2,0,2,0,2,0,0,0,0,2,0,2,2,0,0,2,2
59,-2854.542,-3451.399,21.644,97.312,-0.127344,-0.989684,-0.065645,0.991858,-0.126984,-0.009652,0.001217,-0.066340,0.997796,0,0.77766,0.50468,46.659,1.009,-1,375.000,-1,375.000,-1,300.000,300.000,325.000,300.000,-1,475.000,525.000,-1,675.000,700.000,-1,1000.000,2,0,2,0,2,0,0,0,0,2,0,0,2,0,0,2,1
60,-2860.883,-3406.736,21.359,98.081,-0.140729,-0.987890,-0.065329,0.990045,-0.140262,-0.011710,0.002405,-0.066326,0.997795,0,0.75185,0.38468,45.111,0.769,-1,375.000,-1,375.000,975.000,300.000,300.000,325.000,300.000,-1,425.000,475.000,-1,675.000,725.000,-1,950.000,2,0,2,0,1,0,0,0,0,2,0,0,2,0,0,2,1
61,-2867.635,-3362.140,21.048,98.610,-0.149968,-0.986553,-0.064990,0.988683,-0.149383,-0.013795,0.003901,-0.066324,0.997791,0,0.75175,0.26468,45.105,0.529,-1,375.000,-1,375.000,950.000,300.000,300.000,300.000,300.000,-1,400.000,425.000,-1,675.000,725.000,-1,925.000,2,0,2,0,1,0,0,0,0,2,0,0,2,0,0,2,1
62,-2874.668,-3317.600,20.794,98.973,-0.156327,-0.985568,-0.064939,0.987691,-0.155627,-0.015735,0.005402,-0.066600,0.997765,0,0.75153,0.18148,45.092,0.363,-1,375.000,-1,375.000,900.000,300.000,300.000,300.000,300.000,-1,375.000,400.000,-1,675.000,725.000,-1,875.000,2,0,2,0,1,0,0,0,0,2,0,0,2,0,1,2,1
63,-2881.972,-3273.126,20.834,99.325,-0.162479,-0.984500,-0.066038,0.986690,-0.161662,-0.017573,0.006625,-0.068014,0.997662,0,0.75116,0.17597,45.070,0.352,-1,375.000,-1,375.000,850.000,300.000,300.000,300.000,300.000,-1,375.000,400.000,-1,675.000,700.000,-1,850.000,2,0,2,0,1,0,0,0,0,2,0,0,2,0,1,2,1
64,-2889.533,-3228.737,21.038,99.666,-0.168405,-0.983462,-0.066654,0.985690,-0.167505,-0.018907,0.007430,-0.068884,0.997597,0,0.75048,0.17040,45.029,0.341,-1,375.000,-1,375.000,800.000,300.000,300.000,300.000,300.000,-1,375.000,400.000,-1,675.000,675.000,-1,800.000,2,0,2,0,1,0,0,0,0,2,0,0,2,0,1,2,1
65,-2897.338,-3184.451,21.607,99.996,-0.174111,-0.982524,-0.065818,0.984693,-0.173167,-0.019829,0.008085,-0.068263,0.997635,0,0.74948,0.16479,44.969,0.330,-1,375.000,-1,375.000,750.000,300.000,300.000,300.000,300.000,-1,425.000,425.000,-1,675.000,650.000,-1,775.000,2,0,2,0,1,0,0,0,0,2,0,0,2,0,1,2,1
66,-2905.375,-3140.285,22.179,100.314,-0.179620,-0.981590,-0.064951,0.983697,-0.178630,-0.020784,0.008799,-0.067625,0.997672,0,0.74818,0.15914,44.891,0.318,-1,375.000,-1,375.000,725.000,300.000,300.000,300.000,300.000,-1,450.000,450.000,-1,675.000,650.000,-1,725.000,2,0,2,0,1,0,0,0,0,2,0,0,2,0,1,2,1
67,-2913.630,-3096.257,22.746,100.621,-0.184930,-0.980660,-0.064087,0.982705,-0.183894,-0.021753,0.009547,-0.067001,0.997707,0,0.74659,0.15349,44.795,0.307,-1,375.000,-1,375.000,675.000,300.000,300.000,300.000,300.000,-1,475.000,475.000,-1,675.000,625.000,-1,700.000,2,0,2,0,1,0,0,0,0,2,0,0,2,0,1,2,1
68,-2922.092,-3052.383,23.310,100.917,-0.190044,-0.979738,-0.063228,0.981721,-0.188961,-0.022737,0.010328,-0.066393,0.997740,0,0.74471,0.14786,44.683,0.296,-1,375.000,-1,375.000,625.000,300.000,300.000,300.000,300.000,-1,500.000,500.000,-1,675.000,625.000,-1,675.000,2,0,2,0,1,0,0,0,0,2,0,0,2,0,1,2,1
69,-2930.747,-3008.678,23.870,101.202,-0.194983,-0.978821,-0.062375,0.980743,-0.193853,-0.023735,0.011141,-0.065802,0.997771,0,0.74257,0.14289,44.554,0.286,-1,375.000,-1,375.000,600.000,300.000,325.000,300.000,300.000,-1,525.000,525.000,-1,700.000,600.000,-1,625.000,2,0,2,0,1,0,0,0,0,2,0,0,2,0,1,2,1
70,-2939.587,-2965.157,24.428,101.484,-0.199840,-0.977895,-0.061529,0.979755,-0.198663,-0.024749,0.011978,-0.065229,0.997798,0,0.74017,0.14061,44.410,0.281,-1,375.000,-1,375.000,550.000,300.000,325.000,300.000,300.000,-1,550.000,550.000,-1,700.000,600.000,-1,600.000,2,0,2,1,1,0,0,0,0,2,0,0,2,0,1,2,1
71,-2948.606,-2921.834,24.983,101.761,-0.204622,-0.976958,-0.060690,0.978757,-0.203397,-0.025778,0.012839,-0.064676,0.997824,0,0.73753,0.13856,44.252,0.277,-1,375.000,-1,375.000,525.000,300.000,325.000,325.000,300.000,-1,550.000,550.000,-1,700.000,600.000,-1,575.000,2,0,2,1,1,0,0,0,0,2,0,0,2,0,1,2,1
72,-2958.564,-2875.543,25.573,102.140,-0.211143,-0.975624,-0.059802,0.977359,-0.209870,-0.026902,0.013695,-0.064128,0.997848,0,0.78917,0.18972,47.350,0.379,-1,375.000,-1,375.000,475.000,300.000,325.000,325.000,300.000,-1,575.000,575.000,-1,700.000,600.000,-1,550.000,2,0,2,1,1,0,0,0,0,2,0,0,2,0,1,2,1
73,-2968.842,-2829.207,26.162,102.507,-0.217446,-0.974293,-0.058915,0.975963,-0.216123,-0.028052,0.014598,-0.063598,0.997869,0,0.79104,0.18352,47.462,0.367,-1,375.000,-1,375.000,450.000,300.000,325.000,325.000,300.000,-1,600.000,600.000,-1,700.000,600.000,-1,525.000,2,0,2,1,1,0,0,0,0,2,0,0,2,0,1,2,1
74,-2979.425,-2782.849,26.750,102.861,-0.223520,-0.972970,-0.058030,0.974575,-0.222145,-0.029230,0.015548,-0.063088,0.997887,0,0.79251,0.17699,47.551,0.354,-1,375.000,-1,375.000,425.000,300.000,325.000,325.000,300.000,-1,625.000,600.000,-1,700.000,625.000,-1,500.000,2,0,2,1,1,0,0,0,0,2,0,0,2,0,1,2,1
75,-2990.298,-2736.494,27.339,103.201,-0.229354,-0.971664,-0.057150,0.973202,-0.227927,-0.030434,0.016546,-0.062598,0.997902,0,0.79355,0.17015,47.613,0.340,-1,375.000,-1,375.000,375.000,300.000,325.000,325.000,300.000,-1,625.000,625.000,-1,700.000,650.000,-1,475.000,2,0,2,1,1,0,0,0,0,2,0,0,2,0,1,2,1
76,-3001.443,-2690.168,27.950,103.527,-0.234936,-0.970375,-0.056360,0.971853,-0.233457,-0.031626,0.017532,-0.062204,0.997909,0,0.79414,0.16298,47.648,0.326,-1,375.000,-1,375.000,350.000,300.000,325.000,300.000,300.000,-1,650.000,600.000,-1,700.000,675.000,-1,475.000,2,0,2,0,1,0,0,0,0,2,0,0,2,0,1,2,1
77,-3012.843,-2643.897,29.382,103.838,-0.240419,-0.968929,-0.058092,0.970456,-0.238680,-0.035311,0.020349,-0.064866,0.997687,0,0.79424,0.15550,47.654,0.311,-1,375.000,-1,400.000,350.000,325.000,325.000,300.000,325.000,-1,600.000,550.000,-1,700.000,725.000,-1,500.000,2,0,2,0,1,0,0,0,0,2,0,0,2,0,1,2,1
78,-3024.476,-2597.711,31.134,104.134,-0.245727,-0.967436,-0.060716,0.969039,-0.243610,-0.040221,0.024120,-0.068720,0.997344,0,0.79381,0.14770,47.629,0.295,-1,400.000,-1,400.000,350.000,325.000,325.000,300.000,325.000,-1,500.000,475.000,-1,725.000,775.000,-1,550.000,2,0,2,0,1,0,0,0,0,2,0,0,2,0,0,2,1
79,-3036.318,-2551.638,32.641,104.413,-0.250655,-0.966084,-0.062077,0.967710,-0.248281,-0.043513,0.026624,-0.070979,0.997122,0,0.79284,0.13959,47.570,0.279,-1,400.000,-1,400.000,325.000,325.000,325.000,300.000,350.000,-1,450.000,450.000,-1,725.000,800.000,-1,650.000,2,0,2,0,1,0,0,0,0,2,0,0,2,0,0,2,1
80,-3047.091,-2509.838,33.919,104.452,-0.251438,-0.965877,-0.062138,0.967458,-0.248932,-0.045357,0.028341,-0.071521,0.997036,0,0.71943,0.01959,43.166,0.039,-1,400.000,-1,425.000,325.000,325.000,325.000,300.000,350.000,-1,450.000,450.000,-1,725.000,800.000,-1,775.000,2,0,2,0,1,0,0,0,0,2,0,0,2,0,0,2,1
81,-3057.695,-2468.087,35.077,104.251,-0.248136,-0.966757,-0.061722,0.968264,-0.245549,-0.046587,0.029883,-0.071323,0.997006,0,0.71793,-0.10041,43.076,-0.201,-1,400.000,-1,425.000,325.000,325.000,325.000,300.000,350.000,-1,450.000,450.000,-1,725.000,800.000,-1,850.000,2,0,2,0,1,0,0,0,1,2,0,0,2,0,0,2,1
82,-3068.000,-2426.352,36.155,103.871,-0.241761,-0.968415,-0.061026,0.969832,-0.239130,-0.047353,0.031265,-0.070633,0.997012,0,0.71647,-0.19038,42.988,-0.381,-1,400.000,-1,425.000,300.000,325.000,325.000,300.000,300.000,-1,450.000,475.000,-1,725.000,800.000,-1,875.000,2,0,2,0,1,0,0,0,1,2,0,0,2,0,0,2,1
83,-3077.996,-2384.633,37.128,103.476,-0.235101,-0.970120,-0.059951,0.971436,-0.232479,-0.047595,0.032236,-0.069428,0.997066,0,0.71499,-0.19718,42.899,-0.394,-1,400.000,-1,425.000,300.000,325.000,325.000,300.000,275.000,-1,475.000,475.000,-1,725.000,800.000,-1,850.000,2,0,2,0,1,0,0,0,1,2,0,0,2,0,0,2,1
84,-3087.669,-2342.953,38.010,103.068,-0.228156,-0.971864,-0.058526,0.973071,-0.225586,-0.047371,0.032836,-0.067758,0.997161,0,0.71313,-0.20413,42.788,-0.408,-1,400.000,-1,425.000,300.000,325.000,325.000,300.000,250.000,-1,500.000,500.000,-1,725.000,775.000,-1,825.000,2,0,2,0,1,0,0,0,1,2,0,0,2,0,0,2,1
85,-3097.005,-2301.332,38.814,102.645,-0.220923,-0.973637,-0.056785,0.974729,-0.218445,-0.046744,0.033107,-0.065677,0.997292,0,0.71091,-0.21123,42.654,-0.422,-1,400.000,-1,400.000,275.000,325.000,325.000,300.000,225.000,-1,525.000,525.000,-1,725.000,775.000,-1,800.000,2,0,2,0,1,0,0,0,1,2,0,0,2,0,0,2,1
86,-3105.991,-2259.795,39.554,102.209,-0.213404,-0.975428,-0.054764,0.976403,-0.211048,-0.045776,0.033093,-0.063240,0.997449,0,0.70831,-0.21845,42.498,-0.437,-1,400.000,-1,400.000,275.000,325.000,325.000,300.000,200.000,-1,575.000,550.000,-1,725.000,750.000,-1,750.000,2,0,2,0,1,0,0,0,1,2,0,0,2,0,0,2,1
87,-3114.612,-2218.362,40.245,101.757,-0.205600,-0.977227,-0.052501,0.978085,-0.203388,-0.044532,0.032840,-0.060507,0.997627,0,0.70533,-0.22578,42.320,-0.452,-1,400.000,-1,400.000,250.000,325.000,325.000,300.000,200.000,-1,625.000,600.000,-1,725.000,750.000,-1,700.000,2,0,2,0,1,0,0,0,1,2,0,0,2,0,0,2,1
88,-3122.857,-2177.057,40.903,101.291,-0.197514,-0.979022,-0.050040,0.979765,-0.195462,-0.043078,0.032393,-0.057535,0.997818,0,0.70200,-0.23319,42.120,-0.466,-1,375.000,-1,400.000,250.000,325.000,325.000,300.000,175.000,-1,700.000,650.000,-1,700.000,725.000,-1,650.000,2,0,2,0,1,0,0,0,1,2,0,0,2,0,0,2,1
89,-3130.713,-2135.901,41.541,100.809,-0.189148,-0.980803,-0.047423,0.981434,-0.187264,-0.041478,0.031801,-0.054389,0.998013,0,0.69831,-0.24066,41.898,-0.481,-1,375.000,-1,375.000,225.000,325.000,325.000,325.000,150.000,-1,750.000,700.000,-1,700.000,700.000,-1,600.000,2,0,2,0,1,0,0,0,1,2,0,0,2,0,0,2,1
90,-3138.170,-2094.917,42.700,100.314,-0.180646,-0.982456,-0.046331,0.983006,-0.178782,-0.041673,0.032658,-0.053072,0.998056,0,0.69428,-0.24790,41.657,-0.496,-1,375.000,-1,375.000,225.000,300.000,325.000,325.000,150.000,-1,775.000,725.000,-1,700.000,700.000,-1,600.000,2,0,2,0,1,0,0,0,1,2,0,0,2,0,0,2,1
91,-3145.225,-2054.127,43.976,99.813,-0.172077,-0.984030,-0.045549,0.984504,-0.170207,-0.042199,0.033772,-0.052105,0.998070,0,0.68993,-0.25012,41.396,-0.500,-1,375.000,-1,375.000,225.000,300.000,300.000,325.000,150.000,-1,800.000,725.000,-1,700.000,700.000,-1,575.000,2,0,2,0,1,0,0,0,1,2,0,0,2,0,0,2,1
92,-3151.875,-2013.552,45.433,99.309,-0.163422,-0.985509,-0.045435,0.985956,-0.161543,-0.042351,0.034397,-0.051718,0.998069,0,0.68527,-0.25212,41.116,-0.504,-1,375.000,-1,375.000,225.000,300.000,300.000,325.000,150.000,-1,850.000,775.000,-1,700.000,700.000,-1,550.000,2,0,2,0,1,0,0,0,1,2,0,0,2,0,0,2,1
93,-3158.123,-1973.213,47.798,98.801,-0.154724,-0.986751,-0.048814,0.987395,-0.152780,-0.041337,0.033331,-0.054594,0.997952,0,0.68032,-0.25389,40.819,-0.508,-1,375.000,-1,375.000,225.000,300.000,300.000,300.000,150.000,-1,1000.000,925.000,-1,675.000,700.000,-1,550.000,2,0,2,0,1,0,0,0,1,2,0,0,2,0,0,2,1
94,-3163.965,-1933.130,50.101,98.290,-0.145976,-0.987936,-0.051703,0.988739,-0.143955,-0.040884,0.032948,-0.057089,0.997825,0,0.67512,-0.25544,40.507,-0.511,-1,375.000,-1,375.000,225.000,300.000,300.000,300.000,150.000,-1,-1,-1,-1,675.000,700.000,-1,525.000,2,0,2,0,1,0,0,0,1,2,2,2,2,0,0,2,1
95,-3169.403,-1893.318,52.402,97.777,-0.137159,-0.989111,-0.053347,0.989997,-0.135085,-0.040726,0.033076,-0.058400,0.997745,0,0.66969,-0.25676,40.182,-0.514,-1,375.000,-1,375.000,225.000,300.000,300.000,300.000,150.000,-1,-1,-1,-1,675.000,700.000,-1,525.000,2,0,2,0,1,0,0,0,1,2,2,2,2,0,0,2,1
96,-3174.440,-1853.791,54.591,97.261,-0.128298,-0.990249,-0.054280,0.991163,-0.126172,-0.040934,0.033686,-0.059052,0.997686,0,0.66410,-0.25784,39.846,-0.516,-1,375.000,-1,375.000,225.000,300.000,300.000,300.000,125.000,-1,-1,-1,-1,675.000,700.000,-1,500.000,2,0,2,0,1,0,0,0,1,2,2,2,2,0,0,2,1
97,-3179.079,-1814.562,56.654,96.744,-0.119400,-0.991339,-0.054683,0.992241,-0.117224,-0.041423,0.034654,-0.059204,0.997644,0,0.65837,-0.25870,39.502,-0.517,-1,375.000,-1,375.000,225.000,300.000,300.000,300.000,125.000,-1,-1,-1,-1,675.000,700.000,-1,500.000,2,0,2,0,1,0,0,0,1,2,2,2,2,0,0,2,1
98,-3183.324,-1775.639,58.601,96.225,-0.110473,-0.992378,-0.054612,0.993229,-0.108247,-0.042177,0.035944,-0.058901,0.997616,0,0.65256,-0.25934,39.154,-0.519,-1,375.000,-1,375.000,225.000,300.000,300.000,300.000,125.000,-1,-1,-1,-1,675.000,700.000,-1,475.000,2,0,2,0,1,0,0,0,1,2,2,2,2,0,0,2,1
99,-3187.510,-1731.884,60.630,95.466,-0.097384,-0.993793,-0.053776,0.994519,-0.095104,-0.043444,0.038060,-0.057712,0.997608,0,0.73256,-0.37934,43.954,-0.759,-1,375.000,-1,375.000,225.000,300.000,300.000,325.000,125.000,-1,-1,-1,-1,675.000,700.000,-1,450.000,2,0,2,0,1,0,0,0,1,2,2,2,2,0,0,2,1
100,-3191.306,-1683.278,62.720,94.468,-0.080109,-0.995426,-0.052062,0.995939,-0.077778,-0.045352,0.041095,-0.055484,0.997614,0,0.81256,-0.49934,48.754,-0.999,-1,375.000,-1,375.000,200.000,300.000,300.000,325.000,125.000,-1,-1,-1,-1,700.000,700.000,-1,400.000,2,0,2,0,1,0,0,0,1,2,2,2,2,0,0,2,1
101,-3194.204,-1631.865,64.762,93.229,-0.058619,-0.997055,-0.049443,0.997263,-0.056252,-0.047972,0.045049,-0.052119,0.997624,0,0.85823,-0.61934,51.494,-1.239,-1,375.000,-1,375.000,175.000,300.000,325.000,325.000,125.000,-1,-1,-1,-1,700.000,675.000,-1,350.000,2,0,2,0,1,0,0,0,1,2,2,2,2,0,1,2,1
102,-3195.763,-1580.760,66.614,91.750,-0.032882,-0.998399,-0.046025,0.998217,-0.030511,-0.051303,0.049816,-0.047630,0.997622,0,0.85214,-0.73934,51.128,-1.479,-1,375.000,-1,375.000,175.000,325.000,325.000,325.000,125.000,-1,-1,950.000,-1,725.000,650.000,-1,300.000,2,0,2,0,1,0,0,0,1,2,2,0,2,0,1,2,1
103,-3195.800,-1529.944,68.450,90.045,-0.003161,-0.999091,-0.042518,0.998442,-0.000785,-0.055789,0.055704,-0.042628,0.997537,0,0.84692,-0.85271,50.815,-1.705,-1,375.000,-1,375.000,150.000,325.000,325.000,325.000,125.000,-1,775.000,675.000,-1,750.000,625.000,-1,250.000,2,0,2,0,1,0,0,0,1,2,0,0,2,0,1,2,1
104,-3194.338,-1479.410,73.488,88.341,0.025643,-0.998368,-0.051020,0.997503,0.028913,-0.064436,0.065806,-0.049241,0.996617,0,0.84256,-0.85193,50.554,-1.704,-1,400.000,-1,400.000,125.000,325.000,325.000,325.000,125.000,-1,500.000,500.000,-1,800.000,650.000,-1,225.000,2,0,2,0,1,0,0,0,1,2,0,0,2,0,1,2,1
105,-3191.392,-1429.190,79.097,86.639,0.054031,-0.996615,-0.061966,0.995602,0.058525,-0.073158,0.076537,-0.057741,0.995393,0,0.83840,-0.85096,50.304,-1.702,-1,425.000,-1,425.000,125.000,350.000,350.000,300.000,125.000,-1,325.000,375.000,-1,850.000,700.000,-1,200.000,2,0,2,1,1,0,0,0,1,2,0,0,2,1,1,2,1
106,-3186.979,-1379.315,85.149,84.940,0.081892,-0.993818,-0.074958,0.992722,0.088002,-0.082214,0.088302,-0.067680,0.993792,0,0.83445,-0.84978,50.067,-1.700,-1,450.000,-1,425.000,125.000,375.000,375.000,300.000,125.000,-1,225.000,300.000,-1,850.000,875.000,-1,200.000,2,0,2,1,1,0,0,0,1,2,0,0,2,1,1,2,1
107,-3181.119,-1329.812,91.712,83.243,0.109131,-0.989963,-0.089798,0.988890,0.117295,-0.091313,0.100929,-0.078836,0.991765,0,0.83075,-0.84841,49.845,-1.697,-1,475.000,1000.000,425.000,125.000,400.000,400.000,300.000,125.000,-1,150.000,250.000,-1,825.000,850.000,-1,200.000,2,0,1,1,1,0,0,0,1,2,0,0,2,1,1,2,1
108,-3173.830,-1280.708,98.886,81.549,0.135637,-0.985021,-0.106470,0.984142,0.146349,-0.100229,0.114309,-0.091187,0.989251,0,0.82729,-0.84687,49.638,-1.694,-1,500.000,975.000,450.000,100.000,425.000,425.000,275.000,125.000,950.000,125.000,225.000,-1,825.000,850.000,-1,275.000,2,0,1,1,1,0,0,0,1,0,0,0,2,1,1,2,1
109,-3164.283,-1227.110,106.073,79.894,0.161435,-0.979342,-0.121768,0.978911,0.174559,-0.106123,0.125187,-0.102068,0.986869,0,0.90729,-0.82772,54.438,-1.655,-1,525.000,925.000,500.000,100.000,450.000,450.000,275.000,125.000,775.000,100.000,225.000,-1,775.000,850.000,-1,-1,2,0,1,1,1,0,0,0,1,0,0,0,2,1,1,2,2
110,-3153.920,-1176.247,112.167,78.478,0.183570,-0.973957,-0.133081,0.973950,0.198539,-0.109562,0.133131,-0.109502,0.985031,0,0.86507,-0.70772,51.904,-1.415,-1,525.000,875.000,575.000,125.000,450.000,475.000,275.000,125.000,675.000,75.000,225.000,500.000,725.000,825.000,-1,-1,2,0,1,1,1,0,1,0,1,0,0,0,1,1,1,2,2
111,-3142.555,-1125.790,117.658,77.303,0.201950,-0.969100,-0.141637,0.969460,0.218347,-0.111679,0.139154,-0.114758,0.983599,0,0.86198,-0.58772,51.719,-1.175,-1,525.000,850.000,650.000,125.000,475.000,475.000,250.000,125.000,625.000,75.000,225.000,425.000,700.000,800.000,-1,1000.000,2,1,1,1,1,0,1,0,1,0,0,0,1,1,1,2,1
112,-3130.428,-1075.781,122.501,76.367,0.216734,-0.965069,-0.147203,0.965670,0.234057,-0.112685,0.143203,-0.117727,0.982666,0,0.85760,-0.46772,51.456,-0.935,-1,500.000,800.000,625.000,150.000,475.000,500.000,250.000,100.000,600.000,75.000,225.000,375.000,650.000,775.000,1000.000,950.000,2,1,1,1,1,1,1,0,1,0,0,0,1,1,1,1,1
113,5574.995,9511.189,-43.112,102.526,-0.119053,-0.961446,0.247888,0.891048,-0.213599,-0.400512,0.438019,0.173198,0.882124,1,0.00000,0.00000,51.112,-0.695,-1,275.000,450.000,250.000,-1,225.000,200.000,175.000,450.000,-1,200.000,150.000,225.000,-1,350.000,-1,-1,2,1,1,1,2,1,1,1,1,2,1,0,0,2,1,2,2
114,3888.793,-8554.096,268.358,-84.390,0.087932,0.988477,-0.123210,-0.992782,0.097091,0.070410,0.081561,0.116130,0.989880,1,0.08000,0.12000,4.800,0.240,-1,300.000,-1,500.000,-1,275.000,325.000,500.000,300.000,-1,275.000,75.000,550.000,450.000,-1,375.000,-1,2,1,2,1,2,1,1,1,0,2,0,0,0,1,2,1,2
115,3889.815,-8563.640,269.194,-83.910,0.095921,0.987413,-0.125754,-0.991930,0.105346,0.070555,0.082915,0.117972,0.989549,0,0.16000,0.24000,9.600,0.480,-1,300.000,-1,500.000,-1,275.000,325.000,500.000,300.000,-1,275.000,100.000,550.000,450.000,-1,425.000,-1,2,1,2,1,2,1,1,1,0,2,0,0,0,1,2,1,2
116,3891.528,-8577.937,270.515,-83.190,0.107845,0.985673,-0.129688,-0.990514,0.117705,0.070911,0.085160,0.120811,0.989016,0,0.24000,0.36000,14.400,0.720,-1,300.000,-1,500.000,-1,275.000,325.000,525.000,300.000,-1,275.000,100.000,525.000,450.000,-1,475.000,-1,2,1,2,1,2,1,1,1,0,2,0,0,0,1,2,1,2
117,3894.131,-8596.959,272.343,-82.230,0.123671,0.983112,-0.134897,-0.988381,0.134141,0.071476,0.088364,0.124490,0.988278,0,0.32000,0.48000,19.200,0.960,-1,300.000,-1,475.000,-1,275.000,325.000,550.000,300.000,-1,275.000,100.000,525.000,450.000,-1,575.000,-1,2,1,2,1,2,1,1,1,0,2,0,0,0,1,2,1,2
118,96.833,9197.132,-122.018,39.826,0.763747,-0.640093,0.083499,0.630923,0.767558,0.113096,-0.136482,-0.033695,0.990069,1,0.00000,0.00000,24.000,0.997,-1,550.000,-1,300.000,-1,325.000,250.000,275.000,300.000,-1,-1,-1,-1,875.000,525.000,-1,925.000,2,1,2,1,2,1,1,1,0,2,2,2,2,1,1,2,0
119,100.518,9200.209,-122.733,39.846,0.763545,-0.640329,0.083533,0.630862,0.767290,0.115234,-0.137881,-0.035289,0.989820,0,0.08000,0.01012,4.800,0.020,-1,525.000,-1,300.000,-1,325.000,250.000,275.000,300.000,-1,-1,-1,-1,850.000,500.000,-1,900.000,2,1,2,1,2,1,1,1,0,2,2,2,2,1,1,2,0
120,107.885,9206.366,-124.165,39.868,0.763357,-0.640544,0.083599,0.630475,0.766955,0.119507,-0.140666,-0.038519,0.989307,0,0.16000,0.01090,9.600,0.022,-1,525.000,-1,300.000,-1,325.000,250.000,300.000,300.000,-1,-1,-1,-1,850.000,500.000,-1,825.000,2,1,2,1,2,1,1,1,0,2,2,2,2,1,1,2,0
121,118.931,9215.606,-126.319,39.893,0.763177,-0.640752,0.083651,0.629755,0.766519,0.125924,-0.144806,-0.043422,0.988507,0,0.24000,0.01259,14.400,0.025,-1,500.000,-1,300.000,-1,325.000,250.000,300.000,300.000,-1,-1,-1,-1,825.000,500.000,-1,675.000,2,1,2,1,2,1,1,1,0,2,2,2,2,1,1,2,0
122,133.653,9227.934,-129.205,39.924,0.763003,-0.640963,0.083620,0.628688,0.765938,0.134498,-0.150256,-0.050052,0.987379,0,0.32000,0.01533,19.200,0.031,-1,475.000,-1,300.000,-1,300.000,250.000,300.000,300.000,-1,-1,-1,-1,775.000,475.000,1000.000,550.000,2,1,2,1,2,1,1,1,0,2,2,2,2,1,1,1,1
123,152.044,9243.358,-132.837,39.962,0.762839,-0.641186,0.083411,0.627250,0.765154,0.145246,-0.156952,-0.058480,0.985873,0,0.40000,0.01934,24.000,0.039,-1,450.000,1000.000,275.000,-1,300.000,225.000,300.000,325.000,-1,-1,-1,-1,725.000,450.000,950.000,500.000,2,1,0,1,2,1,1,1,0,2,2,2,2,1,1,1,1
124,174.096,9261.887,-137.393,40.012,0.762663,-0.641456,0.082938,0.625559,0.764122,0.157462,-0.164380,-0.068208,0.984036,0,0.48000,0.02500,28.800,0.050,-1,425.000,825.000,275.000,-1,275.000,225.000,300.000,325.000,-1,-1,-1,-1,675.000,425.000,875.000,450.000,2,1,0,1,2,1,1,1,1,2,2,2,2,1,1,1,1
125,199.797,9283.535,-142.854,40.078,0.762472,-0.641797,0.082051,0.623588,0.762744,0.171345,-0.172553,-0.079480,0.981788,0,0.56000,0.03296,33.600,0.066,925.000,400.000,700.000,250.000,-1,275.000,225.000,300.000,350.000,-1,-1,-1,-1,600.000,400.000,825.000,400.000,1,1,0,1,2,1,1,1,1,2,2,2,2,1,1,1,1
126,229.130,9308.323,-149.200,40.167,0.762253,-0.642247,0.080561,0.621317,0.760885,0.187135,-0.181485,-0.092590,0.979025,0,0.64000,0.04433,38.400,0.089,850.000,350.000,625.000,250.000,-1,250.000,200.000,325.000,375.000,-1,-1,-1,-1,550.000,375.000,750.000,350.000,1,1,1,1,2,1,1,1,1,2,2,2,2,1,1,1,1
127,262.070,9336.279,-155.942,40.289,0.761806,-0.643046,0.078374,0.619500,0.758541,0.202077,-0.189395,-0.105390,0.976229,0,0.72000,0.06116,43.200,0.122,775.000,325.000,575.000,225.000,900.000,250.000,200.000,325.000,400.000,-1,-1,-1,-1,475.000,350.000,675.000,300.000,1,1,1,1,0,1,1,1,1,2,2,2,2,1,1,1,1
128,328.469,-982.422,51.716,-14.836,0.892546,0.230649,-0.387508,-0.367080,0.870733,-0.327224,0.261942,0.434309,0.861836,1,0.00000,0.00000,48.000,0.171,-1,-1,-1,300.000,0.000,425.000,300.000,-1,250.000,350.000,0.000,0.000,-1,-1,475.000,-1,0.000,2,2,2,1,1,0,1,2,1,1,1,1,2,2,1,2,1
129,4279.831,-8366.242,280.797,-67.903,0.376930,0.926175,-0.011065,-0.920943,0.376023,0.102320,0.098927,-0.028378,0.994690,1,0.08000,0.04014,4.800,0.080,-1,450.000,-1,300.000,-1,325.000,275.000,300.000,500.000,850.000,100.000,175.000,-1,800.000,475.000,-1,575.000,2,1,2,1,2,1,1,0,1,0,0,0,2,1,1,2,1
130,4283.454,-8375.133,281.559,-67.830,0.378219,0.925658,-0.010378,-0.920260,0.377181,0.104192,0.100360,-0.029857,0.994503,0,0.16000,0.03633,9.600,0.073,-1,450.000,-1,300.000,-1,325.000,275.000,300.000,500.000,825.000,100.000,175.000,-1,825.000,475.000,-1,550.000,2,1,2,1,2,1,1,1,1,0,0,0,2,1,1,2,1
131,4288.902,-8388.463,282.698,-67.772,0.379347,0.925208,-0.009296,-0.919563,0.378107,0.106957,0.102472,-0.032025,0.994220,0,0.24000,0.02943,14.400,0.059,-1,450.000,-1,300.000,-1,325.000,275.000,300.000,525.000,800.000,100.000,175.000,-1,825.000,475.000,-1,550.000,2,1,2,1,2,1,1,1,1,0,0,0,2,1,1,2,1
132,4296.178,-8406.232,284.284,-67.733,0.380243,0.924857,-0.007452,-0.918901,0.378685,0.110542,0.105058,-0.035185,0.993843,0,0.32000,0.01915,19.200,0.038,-1,450.000,-1,300.000,-1,325.000,275.000,300.000,525.000,750.000,100.000,175.000,-1,825.000,500.000,-1,550.000,2,1,2,1,2,1,1,1,1,0,0,0,2,1,1,2,1
133,4305.277,-8428.441,286.595,-67.723,0.380906,0.924607,-0.003513,-0.918368,0.378771,0.114601,0.107291,-0.040425,0.993405,0,0.40000,0.00498,24.000,0.010,-1,450.000,-1,300.000,-1,325.000,275.000,300.000,575.000,725.000,100.000,200.000,-1,825.000,500.000,-1,525.000,2,1,2,1,2,1,1,1,0,0,0,0,2,1,1,2,1
134,-5575.603,7542.851,47.525,159.217,-0.907909,-0.345910,-0.236744,0.385049,-0.911446,-0.144926,-0.165648,-0.222738,0.960702,1,0.00000,0.00000,28.800,-0.028,375.000,350.000,475.000,225.000,125.000,275.000,225.000,200.000,300.000,225.000,100.000,100.000,-1,400.000,300.000,375.000,150.000,1,1,1,1,1,1,1,1,1,1,1,1,2,1,1,1,1
