timestep,x_cm,y_cm,z_cm,yaw_deg,basis_xx,basis_xy,basis_xz,basis_yx,basis_yy,basis_yz,basis_zx,basis_zy,basis_zz,teleport_flag,throttle_cmd,steering_cmd,cmd_move_cm,cmd_turn_deg,lidar_cm_0,lidar_cm_1,lidar_cm_2,lidar_cm_3,lidar_cm_4,lidar_cm_5,lidar_cm_6,lidar_cm_7,lidar_cm_8,lidar_cm_9,lidar_cm_10,lidar_cm_11,lidar_cm_12,lidar_cm_13,lidar_cm_14,lidar_cm_15,lidar_cm_16,lidar_class_0,lidar_class_1,lidar_class_2,lidar_class_3,lidar_class_4,lidar_class_5,lidar_class_6,lidar_class_7,lidar_class_8,lidar_class_9,lidar_class_10,lidar_class_11,lidar_class_12,lidar_class_13,lidar_class_14,lidar_class_15,lidar_class_16
0,-5580.223,8199.068,-107.576,-179.607,-0.999959,0.006835,0.005977,-0.006273,-0.995971,0.089454,0.006564,0.089413,0.995973,1,0.08000,0.12000,4.800,0.240,-1,400.000,-1,400.000,-1,325.000,325.000,300.000,300.000,-1,-1,-1,1000.000,875.000,775.000,-1,-1,2,0,2,0,2,0,0,0,0,2,2,2,1,0,0,2,2
1,-5589.822,8198.922,-107.503,-179.127,-0.999869,0.015179,0.005617,-0.014616,-0.995894,0.089342,0.006950,0.089248,0.995985,0,0.16000,0.24000,9.600,0.480,-1,400.000,-1,400.000,-1,325.000,325.000,300.000,300.000,-1,-1,-1,1000.000,875.000,775.000,-1,-1,2,0,2,0,2,0,0,0,0,2,2,2,1,0,0,2,2
2,-5604.216,8198.522,-107.379,-178.407,-0.999604,0.027693,0.005076,-0.027130,-0.995648,0.089157,0.007523,0.088984,0.996005,0,0.24000,0.36000,14.400,0.720,-1,400.000,-1,400.000,-1,325.000,325.000,300.000,300.000,-1,-1,-1,1000.000,875.000,775.000,-1,-1,2,0,2,0,2,0,0,0,0,2,2,2,1,0,0,2,2
3,-5623.396,8197.667,-107.184,-177.447,-0.999006,0.044372,0.004353,-0.043810,-0.995078,0.088881,0.008275,0.088602,0.996033,0,0.32000,0.48000,19.200,0.960,-1,400.000,-1,400.000,-1,325.000,325.000,300.000,300.000,-1,-1,-1,-1,875.000,750.000,-1,-1,2,0,2,0,2,0,0,0,0,2,2,2,2,0,0,2,2
4,-5647.343,8196.096,-106.897,-176.247,-0.997866,0.065204,0.003446,-0.064645,-0.993977,0.088487,0.009195,0.088075,0.996071,0,0.40000,0.60000,24.000,1.200,-1,400.000,-1,400.000,-1,325.000,325.000,300.000,300.000,-1,-1,-1,-1,875.000,750.000,-1,-1,2,0,2,0,2,0,0,0,0,2,2,2,2,0,0,2,2
5,-5676.024,8193.490,-106.490,-174.807,-0.995924,0.090168,0.002357,-0.089612,-0.992086,0.087945,0.010268,0.087375,0.996123,0,0.48000,0.72000,28.800,1.440,-1,400.000,-1,400.000,-1,325.000,325.000,300.000,300.000,-1,-1,-1,-1,875.000,750.000,-1,-1,2,0,2,0,2,0,0,0,0,2,2,2,2,0,0,2,2
6,-5709.381,8189.470,-105.931,-173.127,-0.992867,0.119224,0.001087,-0.118676,-0.989095,0.087217,0.011473,0.086465,0.996189,0,0.56000,0.84000,33.600,1.680,-1,400.000,-1,400.000,-1,325.000,325.000,300.000,300.000,-1,-1,-1,-1,875.000,750.000,-1,-1,2,0,2,0,2,0,0,0,0,2,2,2,2,0,0,2,2
7,-5747.342,8183.689,-105.191,-171.340,-0.988682,0.150029,-0.000370,-0.149501,-0.984991,0.086271,0.012579,0.085350,0.996272,0,0.64000,0.89362,38.400,1.787,-1,400.000,-1,400.000,-1,325.000,325.000,300.000,300.000,-1,-1,-1,-1,875.000,750.000,-1,-1,2,0,2,0,2,0,0,0,0,2,2,2,2,0,0,2,2
8,-5789.824,8175.856,-104.250,-169.552,-0.983536,0.180700,-0.002017,-0.180214,-0.979941,0.085083,0.013398,0.084046,0.996372,0,0.72000,0.89374,43.200,1.787,-1,400.000,-1,400.000,-1,325.000,325.000,300.000,300.000,-1,-1,-1,-1,875.000,750.000,-1,-1,2,0,2,0,2,0,0,0,0,2,2,2,2,0,0,2,2
9,-5834.911,8166.080,-103.131,-167.764,-0.977434,0.211209,-0.003775,-0.210778,-0.973946,0.083673,0.013996,0.082580,0.996486,0,0.76892,0.89387,46.135,1.788,-1,400.000,-1,375.000,-1,325.000,325.000,300.000,325.000,-1,-1,-1,-1,875.000,750.000,-1,-1,2,0,2,0,2,0,0,0,0,2,2,2,2,0,0,2,2
10,-5879.654,8154.905,-102.158,-165.976,-0.970387,0.241507,-0.004900,-0.241068,-0.966934,0.083218,0.015360,0.081935,0.996519,0,0.76866,0.89399,46.120,1.788,-1,400.000,-1,375.000,-1,325.000,325.000,300.000,300.000,-1,-1,-1,-1,875.000,750.000,-1,-1,2,0,2,0,2,0,0,0,0,2,2,2,2,1,0,2,2
11,-5924.012,8142.344,-101.072,-164.188,-0.962397,0.271580,-0.005996,-0.271133,-0.958987,0.082648,0.016695,0.081166,0.996561,0,0.76839,0.89410,46.104,1.788,-1,425.000,-1,400.000,-1,325.000,325.000,300.000,300.000,-1,-1,-1,-1,850.000,725.000,-1,-1,2,0,2,0,2,0,0,0,0,2,2,2,2,1,1,2,2
12,-5969.778,8127.845,-99.909,-162.420,-0.953578,0.301066,-0.006993,-0.300610,-0.950230,0.081829,0.017991,0.080132,0.996622,0,0.80015,0.88409,48.009,1.768,-1,425.000,-1,400.000,-1,325.000,325.000,300.000,300.000,-1,-1,-1,-1,850.000,700.000,-1,-1,2,0,2,0,2,0,0,0,0,2,2,2,2,1,1,2,2
13,-6015.118,8111.922,-98.908,-160.648,-0.943829,0.330361,-0.007002,-0.329833,-0.940619,0.080290,0.019938,0.078090,0.996747,0,0.80093,0.88606,48.056,1.772,-1,425.000,1000.000,400.000,-1,325.000,325.000,300.000,300.000,-1,-1,-1,-1,825.000,675.000,-1,-1,2,0,1,0,2,0,0,0,0,2,2,2,2,1,1,2,2
14,-6059.984,8094.586,-97.865,-158.872,-0.933150,0.359418,-0.007111,-0.358837,-0.930086,0.078584,0.021631,0.075883,0.996882,0,0.80167,0.88807,48.100,1.776,-1,425.000,950.000,400.000,-1,325.000,325.000,300.000,300.000,-1,-1,-1,-1,800.000,650.000,-1,-1,2,0,1,0,2,0,0,0,0,2,2,2,2,1,1,2,2
15,-6104.328,8075.849,-96.870,-157.091,-0.921546,0.388191,-0.007744,-0.387597,-0.918596,0.077137,0.022830,0.074087,0.996990,0,0.80235,0.89013,48.141,1.780,-1,425.000,875.000,400.000,-1,325.000,325.000,300.000,300.000,-1,-1,-1,-1,775.000,625.000,-1,925.000,2,0,1,0,2,0,0,0,0,2,2,2,2,1,1,2,1
16,-6148.101,8055.724,-95.843,-155.307,-0.909022,0.416660,-0.008573,-0.416069,-0.906174,0.075727,0.023784,0.072404,0.997092,0,0.80298,0.89224,48.179,1.784,-1,425.000,825.000,400.000,-1,325.000,325.000,300.000,300.000,-1,-1,-1,-1,775.000,600.000,-1,800.000,2,0,1,0,2,0,0,1,0,2,2,2,2,1,1,2,1
17,-6191.255,8034.227,-94.755,-153.518,-0.895581,0.444798,-0.009453,-0.444218,-0.892835,0.074271,0.024596,0.070715,0.997193,0,0.80355,0.89441,48.213,1.789,-1,425.000,775.000,400.000,-1,325.000,325.000,300.000,300.000,-1,-1,-1,-1,750.000,550.000,-1,700.000,2,1,1,1,2,0,0,1,0,2,2,2,2,1,1,2,1
18,-6233.741,8011.376,-93.609,-151.725,-0.881229,0.472576,-0.010381,-0.472014,-0.878583,0.072769,0.025268,0.069026,0.997295,0,0.80404,0.89663,48.242,1.793,-1,400.000,750.000,375.000,950.000,325.000,325.000,275.000,300.000,-1,-1,-1,-1,725.000,525.000,-1,600.000,2,1,1,1,1,0,0,1,0,2,2,2,2,1,1,2,1
19,-6275.511,7987.190,-92.409,-149.927,-0.865971,0.499965,-0.011353,-0.499427,-0.863423,0.071221,0.025805,0.067345,0.997396,0,0.80446,0.89893,48.267,1.798,1000.000,400.000,750.000,375.000,675.000,325.000,325.000,275.000,300.000,-1,-1,-1,-1,725.000,475.000,-1,525.000,1,1,1,1,1,0,0,1,0,2,2,2,2,1,1,2,1
20,-6316.516,7961.693,-91.160,-148.124,-0.849815,0.526935,-0.012364,-0.526428,-0.847364,0.069625,0.026211,0.065677,0.997497,0,0.80479,0.90129,48.287,1.803,425.000,400.000,775.000,350.000,550.000,325.000,325.000,275.000,300.000,-1,-1,-1,-1,700.000,450.000,-1,475.000,1,1,1,1,1,0,0,1,0,2,2,2,2,1,1,2,1
21,-6356.707,7934.904,-89.080,-146.317,-0.832852,0.553342,-0.013052,-0.552734,-0.830237,0.072057,0.029036,0.067227,0.997315,0,0.80502,0.90372,48.301,1.807,450.000,400.000,850.000,325.000,450.000,350.000,325.000,250.000,300.000,-1,-1,-1,-1,725.000,425.000,-1,400.000,1,1,1,1,1,1,1,1,0,2,2,2,2,1,1,2,1
22,-6396.034,7906.849,-85.991,-144.505,-0.815132,0.579111,-0.013770,-0.578238,-0.812022,0.079125,0.034641,0.072459,0.996770,0,0.80515,0.90623,48.309,1.812,825.000,425.000,-1,325.000,375.000,350.000,300.000,250.000,275.000,-1,-1,-1,-1,800.000,400.000,-1,375.000,1,1,2,1,1,1,1,1,0,2,2,2,2,1,1,2,1
23,-6434.453,7877.561,-83.051,-142.687,-0.796562,0.604369,-0.015091,-0.603262,-0.792973,0.085258,0.039561,0.077017,0.996245,0,0.80517,0.90881,48.310,1.818,800.000,450.000,-1,300.000,325.000,350.000,300.000,250.000,275.000,-1,-1,-1,-1,925.000,375.000,-1,325.000,1,1,2,1,1,1,1,1,0,2,2,2,2,1,1,2,1
24,-6475.787,7844.213,-80.104,-141.109,-0.779825,0.625769,-0.016897,-0.624485,-0.775783,0.090441,0.043486,0.081080,0.995758,0,0.88517,0.78881,53.110,1.578,750.000,475.000,-1,275.000,275.000,350.000,275.000,225.000,275.000,-1,-1,-1,-1,900.000,325.000,-1,275.000,1,1,2,1,1,1,1,1,0,2,2,2,2,1,1,2,1
25,-6517.627,7808.829,-74.161,-139.772,-0.764887,0.644153,-0.003816,-0.641746,-0.761489,0.091087,0.055768,0.072121,0.995836,0,0.91326,0.66881,54.796,1.338,750.000,475.000,-1,250.000,250.000,350.000,275.000,225.000,300.000,-1,-1,-1,-1,875.000,325.000,-1,250.000,1,1,2,1,1,1,1,1,1,2,2,2,2,1,1,2,1
26,-6558.678,7772.674,-67.735,-138.617,-0.751179,0.659951,0.013966,-0.656357,-0.749004,0.090488,0.070178,0.058806,0.995800,0,0.91168,0.57756,54.701,1.155,725.000,500.000,-1,250.000,225.000,350.000,275.000,200.000,325.000,-1,350.000,450.000,-1,875.000,325.000,-1,225.000,1,1,2,1,1,1,1,1,1,2,0,0,2,1,1,2,1
27,-6598.890,7735.779,-61.035,-137.452,-0.736447,0.675608,0.034631,-0.671073,-0.736055,0.088791,0.085479,0.042150,0.995448,0,0.90952,0.58234,54.571,1.165,700.000,550.000,-1,250.000,225.000,375.000,275.000,200.000,350.000,-1,225.000,250.000,-1,900.000,350.000,-1,200.000,1,1,2,1,1,1,1,1,1,2,0,0,2,1,1,2,1
28,-6638.234,7698.171,-54.052,-136.280,-0.720544,0.690961,0.058209,-0.685928,-0.722552,0.086146,0.101583,0.022144,0.994581,0,0.90705,0.58580,54.423,1.172,675.000,625.000,-1,275.000,200.000,400.000,300.000,175.000,375.000,-1,150.000,225.000,-1,900.000,400.000,-1,200.000,1,1,2,1,1,1,1,1,1,2,0,0,2,1,1,2,1
29,-6676.679,7659.880,-46.830,-135.106,-0.703304,0.705802,0.084894,-0.700936,-0.708408,0.082747,0.118542,-0.001309,0.992948,0,0.90428,0.58735,54.257,1.175,625.000,625.000,-1,325.000,175.000,450.000,325.000,150.000,400.000,625.000,100.000,200.000,-1,925.000,500.000,-1,175.000,1,1,2,1,1,1,1,1,1,0,0,0,2,1,1,2,1
30,-6716.534,7618.861,-39.102,-134.171,-0.687334,0.716941,0.116479,-0.713408,-0.696486,0.077178,0.136458,-0.030050,0.990190,0,0.95310,0.46735,57.186,0.935,600.000,625.000,-1,375.000,175.000,525.000,400.000,150.000,425.000,450.000,75.000,175.000,-1,950.000,750.000,-1,175.000,1,1,2,1,1,1,1,1,1,0,0,0,2,1,1,2,1
31,-6755.756,7577.333,-34.650,-133.367,-0.674185,0.726062,0.135308,-0.724265,-0.685817,0.071373,0.144618,-0.049880,0.988230,0,0.95199,0.40182,57.119,0.804,550.000,600.000,-1,425.000,125.000,625.000,475.000,125.000,400.000,350.000,50.000,175.000,-1,925.000,825.000,-1,250.000,1,1,2,1,1,1,1,1,1,0,0,0,2,1,1,2,1
32,-6794.322,7535.357,-32.544,-132.581,-0.662466,0.734820,0.145527,-0.734732,-0.675244,0.064922,0.145972,-0.063914,0.987222,0,0.95003,0.39329,57.002,0.787,500.000,575.000,-1,500.000,125.000,600.000,575.000,125.000,350.000,325.000,50.000,175.000,-1,875.000,850.000,775.000,975.000,1,1,2,1,1,1,1,1,1,0,0,0,2,1,1,1,1
33,-6829.269,7496.580,-31.631,-132.034,-0.654345,0.740581,0.152879,-0.742330,-0.667621,0.056829,0.144152,-0.076301,0.986610,0,0.87003,0.27329,52.202,0.547,450.000,550.000,-1,575.000,125.000,575.000,650.000,125.000,300.000,200.000,25.000,175.000,-1,825.000,850.000,650.000,950.000,1,1,2,1,1,1,1,1,1,1,0,0,2,1,1,1,1
34,-6860.813,7461.202,-30.149,-131.728,-0.651104,0.743822,0.150969,-0.746781,-0.663362,0.047634,0.135578,-0.081726,0.987390,0,0.79003,0.15329,47.402,0.307,400.000,500.000,-1,575.000,100.000,550.000,625.000,100.000,250.000,150.000,50.000,225.000,-1,775.000,825.000,550.000,875.000,1,1,2,1,1,1,1,1,1,1,0,0,2,1,1,1,1
35,-9510.477,-6887.934,190.070,-133.814,-0.727475,0.685412,-0.031457,-0.636973,-0.657601,0.402276,0.255038,0.312683,0.914978,1,0.00000,0.00000,42.602,0.067,75.000,-1,-1,-1,800.000,-1,-1,250.000,200.000,-1,175.000,0.000,75.000,-1,-1,-1,-1,1,2,2,2,1,2,2,1,0,2,0,0,0,2,2,2,2
36,-8853.659,-4924.075,100.038,-72.909,0.293453,0.954710,-0.049135,-0.955930,0.293540,-0.005589,0.009088,0.048610,0.998776,1,0.08000,-0.12000,4.800,-0.240,-1,425.000,-1,400.000,-1,325.000,325.000,275.000,300.000,-1,-1,-1,-1,-1,750.000,-1,-1,2,0,2,1,2,0,0,0,0,2,2,2,2,2,0,2,2
37,-8850.880,-4933.264,100.100,-73.172,0.289090,0.956050,-0.048952,-0.957264,0.289158,-0.005831,0.008580,0.048545,0.998784,0,0.16000,-0.13143,9.600,-0.263,-1,425.000,-1,400.000,-1,325.000,325.000,275.000,300.000,-1,-1,-1,-1,-1,750.000,-1,-1,2,0,2,1,2,0,0,0,0,2,2,2,2,2,0,2,2
38,-8846.774,-4947.066,100.186,-73.434,0.284741,0.957367,-0.048689,-0.958572,0.284785,-0.006191,0.007938,0.048434,0.998795,0,0.24000,-0.13101,14.400,-0.262,-1,425.000,-1,400.000,-1,325.000,325.000,275.000,300.000,-1,-1,-1,-1,-1,750.000,-1,-1,2,0,2,1,2,0,0,0,0,2,2,2,2,2,0,2,2
39,-8841.384,-4965.494,100.292,-73.695,0.280412,0.958662,-0.048342,-0.959853,0.280424,-0.006675,0.007158,0.048273,0.998809,0,0.32000,-0.13048,19.200,-0.261,-1,425.000,-1,400.000,-1,325.000,325.000,275.000,300.000,-1,-1,-1,-1,-1,750.000,-1,-1,2,1,2,1,2,0,1,0,0,2,2,2,2,2,0,2,2
40,-8834.751,-4988.559,100.414,-73.955,0.276105,0.959933,-0.047908,-0.961107,0.276079,-0.007288,0.006230,0.048057,0.998825,0,0.40000,-0.12984,24.000,-0.260,-1,450.000,-1,400.000,-1,325.000,325.000,275.000,300.000,-1,-1,-1,-1,-1,750.000,-1,-1,2,1,2,1,2,0,1,0,0,2,2,2,2,2,0,2,2
41,-8826.915,-5016.273,100.548,-74.213,0.271825,0.961180,-0.047379,-0.962333,0.271755,-0.008041,0.005147,0.047780,0.998845,0,0.48000,-0.12906,28.800,-0.258,-1,-1,-1,400.000,-1,350.000,350.000,275.000,300.000,-1,-1,-1,-1,-1,750.000,-1,-1,2,2,2,1,2,1,1,0,0,2,2,2,2,2,0,2,2
42,-8817.919,-5048.646,100.687,-74.469,0.267578,0.962401,-0.046751,-0.963528,0.267457,-0.008943,0.003897,0.047439,0.998867,0,0.56000,-0.12815,33.600,-0.256,-1,-1,-1,400.000,-1,375.000,350.000,275.000,300.000,-1,-1,-1,-1,-1,725.000,-1,-1,2,2,2,1,2,1,1,0,0,2,2,2,2,2,0,2,2
43,-8807.802,-5085.690,100.825,-74.723,0.263370,0.963597,-0.046015,-0.964692,0.263191,-0.010008,0.002467,0.047026,0.998891,0,0.64000,-0.12706,38.400,-0.254,-1,-1,-1,400.000,-1,400.000,350.000,275.000,300.000,-1,-1,-1,-1,-1,725.000,-1,-1,2,2,2,1,2,1,1,0,0,2,2,2,2,2,1,2,2
44,-8796.603,-5127.413,100.955,-74.975,0.259207,0.964765,-0.045163,-0.965821,0.258964,-0.011250,0.000842,0.046535,0.998916,0,0.72000,-0.12578,43.200,-0.252,-1,-1,-1,400.000,-1,475.000,375.000,275.000,300.000,-1,-1,-1,-1,-1,750.000,-1,-1,2,2,2,1,2,1,1,0,0,2,2,2,2,2,1,2,2
45,-8784.361,-5173.826,101.070,-75.223,0.255097,0.965905,-0.044189,-0.966915,0.254783,-0.012682,-0.000991,0.045963,0.998943,0,0.80000,-0.12427,48.000,-0.249,-1,-1,-1,425.000,-1,550.000,400.000,300.000,300.000,-1,-1,-1,-1,-1,750.000,-1,-1,2,2,2,1,2,1,1,0,0,2,2,2,2,2,1,2,2
46,-8771.113,-5224.937,101.230,-75.468,0.251037,0.967026,-0.042912,-0.967973,0.250662,-0.014006,-0.002788,0.045054,0.998981,0,0.88000,-0.12249,52.800,-0.245,-1,-1,-1,425.000,-1,-1,425.000,300.000,300.000,-1,-1,-1,-1,-1,775.000,-1,-1,2,2,2,1,2,2,1,0,0,2,2,2,2,2,1,2,2
47,-8757.884,-5276.872,101.417,-75.709,0.247032,0.968122,-0.041426,-0.968997,0.246609,-0.015098,-0.004401,0.043872,0.999027,0,0.89322,-0.12038,53.593,-0.241,-1,-1,-1,450.000,-1,-1,475.000,300.000,300.000,-1,-1,-1,-1,-1,775.000,-1,-1,2,2,2,1,2,2,1,0,0,2,2,2,2,2,1,2,2
48,-8744.824,-5329.049,101.126,-75.945,0.243097,0.969249,-0.038204,-0.969982,0.242648,-0.016042,-0.006278,0.040957,0.999141,0,0.89646,-0.11804,53.787,-0.236,-1,-1,-1,450.000,-1,-1,525.000,300.000,300.000,-1,-1,-1,-1,-1,800.000,-1,-1,2,2,2,1,2,2,1,0,0,2,2,2,2,2,1,2,2
49,-8731.934,-5381.464,96.761,-76.176,0.239322,0.970809,-0.015973,-0.970721,0.238885,-0.025208,-0.020656,0.021538,0.999555,0,0.89960,-0.11545,53.976,-0.231,-1,-1,-1,450.000,-1,-1,525.000,250.000,300.000,-1,-1,-1,-1,-1,775.000,-1,-1,2,2,2,1,2,2,1,0,0,2,2,2,2,2,1,2,2
50,-8719.202,-5434.105,92.101,-76.401,0.235009,0.971965,0.007383,-0.971334,0.235122,-0.035045,-0.035799,0.001064,0.999358,0,0.90262,-0.11259,54.157,-0.225,-1,-1,-1,425.000,950.000,-1,525.000,225.000,325.000,-1,-1,-1,-1,-1,750.000,-1,900.000,2,2,2,1,0,2,1,0,0,2,2,2,2,2,1,2,0
51,-8706.625,-5486.960,87.150,-76.620,0.230070,0.972653,0.031851,-0.971802,0.231360,-0.045544,-0.051667,-0.020475,0.998454,0,0.90549,-0.10941,54.329,-0.219,-1,-1,-1,425.000,825.000,-1,500.000,175.000,325.000,-1,-1,-1,-1,-1,725.000,-1,700.000,2,2,2,1,0,2,1,0,0,2,2,2,2,2,1,2,0
52,-8694.197,-5540.017,81.915,-76.832,0.224416,0.972800,0.057417,-0.972103,0.227601,-0.056686,-0.068213,-0.043094,0.996740,0,0.90817,-0.10586,54.490,-0.212,-1,-1,-1,400.000,700.000,-1,500.000,150.000,350.000,-1,-1,-1,-1,-1,700.000,-1,525.000,2,2,2,1,0,2,1,0,0,2,2,2,2,2,1,2,0
53,-8681.918,-5593.260,75.873,-77.035,0.217994,0.972461,0.082455,-0.972071,0.223877,-0.070412,-0.086932,-0.064803,0.994104,0,0.91062,-0.10188,54.637,-0.204,-1,-1,-1,400.000,525.000,-1,475.000,125.000,375.000,-1,-1,-1,-1,-1,675.000,-1,375.000,2,2,2,1,0,2,1,0,0,2,2,2,2,2,1,2,0
54,5575.425,6887.291,-10.931,74.684,0.263682,-0.964480,0.015815,0.963340,0.264141,0.046973,-0.049481,0.002849,0.998771,1,0.00000,0.00000,54.767,-0.195,-1,400.000,-1,375.000,-1,325.000,325.000,325.000,325.000,-1,-1,-1,-1,800.000,725.000,-1,-1,2,0,2,0,2,0,0,0,0,2,2,2,2,0,0,2,2
55,5576.712,6891.915,-11.160,74.444,0.267726,-0.963366,0.015794,0.962223,0.268179,0.046971,-0.049486,0.002622,0.998771,0,0.08000,-0.12000,4.800,-0.240,-1,400.000,-1,375.000,-1,325.000,325.000,325.000,325.000,-1,-1,-1,-1,800.000,725.000,-1,-1,2,0,2,0,2,0,0,0,0,2,2,2,2,0,0,2,2
56,5579.364,6901.142,-11.620,73.964,0.275799,-0.961086,0.015757,0.959941,0.276240,0.046964,-0.049489,0.002173,0.998772,0,0.16000,-0.24000,9.600,-0.480,-1,400.000,-1,375.000,-1,325.000,325.000,325.000,325.000,-1,-1,-1,-1,800.000,725.000,-1,-1,2,0,2,0,2,0,0,0,0,2,2,2,2,0,0,2,2
57,5583.506,6914.933,-12.308,73.283,0.287220,-0.957736,0.015707,0.956586,0.287645,0.046944,-0.049478,0.001542,0.998774,0,0.24000,-0.34053,14.400,-0.681,-1,400.000,-1,375.000,-1,325.000,325.000,325.000,325.000,-1,-1,-1,-1,775.000,725.000,-1,-1,2,0,2,0,2,0,0,0,0,2,2,2,2,0,0,2,2
58,5589.247,6933.255,-13.229,72.602,0.298601,-0.954250,0.015646,0.953097,0.299009,0.046897,-0.049430,0.000909,0.998777,0,0.32000,-0.34053,19.200,-0.681,-1,400.000,-1,375.000,-1,325.000,325.000,325.000,325.000,-1,-1,-1,-1,775.000,725.000,-1,-1,2,0,2,0,2,0,0,0,0,2,2,2,2,0,0,2,2
59,5596.695,6956.070,-14.379,71.921,0.309940,-0.950629,0.015574,0.949475,0.310331,0.046818,-0.049340,0.000277,0.998782,0,0.40000,-0.34053,24.000,-0.681,-1,400.000,-1,375.000,-1,325.000,325.000,325.000,325.000,-1,-1,-1,-1,775.000,725.000,-1,-1,2,0,2,0,2,0,0,0,0,2,2,2,2,0,0,2,2
60,5605.957,6983.340,-15.755,71.240,0.321235,-0.946873,0.015493,0.945720,0.321608,0.046700,-0.049201,-0.000350,0.998789,0,0.48000,-0.34053,28.800,-0.681,-1,400.000,-1,375.000,-1,325.000,325.000,325.000,325.000,-1,-1,-1,-1,775.000,725.000,-1,-1,2,0,2,0,2,0,0,0,0,2,2,2,2,0,0,2,2
61,5617.141,7015.024,-17.353,70.559,0.332485,-0.942983,0.015399,0.941834,0.332840,0.046537,-0.049009,-0.000970,0.998798,0,0.56000,-0.34053,33.600,-0.681,-1,400.000,-1,375.000,-1,325.000,325.000,325.000,325.000,-1,-1,-1,-1,775.000,725.000,-1,-1,2,0,2,0,2,0,0,0,0,2,2,2,2,0,0,2,2
62,5630.351,7051.080,-19.167,69.878,0.343689,-0.938959,0.015290,0.937817,0.344025,0.046322,-0.048755,-0.001581,0.998810,0,0.64000,-0.34053,38.400,-0.681,-1,400.000,-1,375.000,-1,325.000,325.000,325.000,325.000,-1,-1,-1,-1,775.000,725.000,-1,-1,2,0,2,0,2,0,0,0,0,2,2,2,2,0,0,2,2
63,5645.694,7091.464,-21.190,69.197,0.354845,-0.934802,0.015156,0.933670,0.355162,0.046048,-0.048429,-0.002189,0.998824,0,0.72000,-0.34053,43.200,-0.681,-1,400.000,-1,375.000,-1,325.000,325.000,325.000,325.000,-1,-1,-1,-1,775.000,725.000,-1,-1,2,0,2,0,2,0,0,0,0,2,2,2,2,0,0,2,2
64,5663.001,7135.435,-23.436,68.516,0.365964,-0.930513,0.014726,0.929398,0.366247,0.045630,-0.047853,-0.003013,0.998850,0,0.78757,-0.34053,47.254,-0.681,-1,400.000,-1,375.000,-1,325.000,325.000,325.000,325.000,-1,-1,-1,-1,800.000,725.000,-1,-1,2,0,2,0,2,0,0,0,0,2,2,2,2,0,0,2,2
65,5680.829,7179.197,-25.738,67.834,0.377041,-0.926090,0.014069,0.924977,0.377280,0.045581,-0.047520,-0.004172,0.998862,0,0.78757,-0.34053,47.254,-0.681,-1,400.000,-1,375.000,-1,325.000,325.000,325.000,325.000,-1,-1,-1,-1,800.000,725.000,-1,-1,2,0,2,0,2,0,0,0,0,2,2,2,2,0,0,2,2
66,5699.176,7222.744,-28.024,67.153,0.388066,-0.921534,0.013378,0.920422,0.388259,0.045581,-0.047198,-0.005375,0.998871,0,0.78757,-0.34053,47.254,-0.681,-1,400.000,-1,375.000,-1,325.000,325.000,325.000,325.000,-1,-1,-1,-1,800.000,725.000,-1,-1,2,0,2,0,2,0,0,0,0,2,2,2,2,0,0,2,2
67,5718.039,7266.070,-30.337,66.472,0.399043,-0.916846,0.012545,0.915725,0.399182,0.045834,-0.047030,-0.006802,0.998870,0,0.78757,-0.34053,47.254,-0.681,-1,400.000,-1,375.000,-1,325.000,325.000,325.000,325.000,-1,-1,-1,-1,800.000,725.000,-1,-1,2,0,2,0,2,0,0,0,0,2,2,2,2,0,0,2,2
68,5737.416,7309.169,-32.620,65.791,0.409960,-0.912028,0.011764,0.910904,0.410048,0.045988,-0.046766,-0.008137,0.998873,0,0.78757,-0.34053,47.254,-0.681,-1,400.000,-1,375.000,-1,325.000,325.000,325.000,325.000,-1,-1,-1,-1,800.000,725.000,-1,-1,2,0,2,0,2,0,0,0,0,2,2,2,2,0,0,2,2
69,5757.304,7352.034,-34.864,65.110,0.420816,-0.907079,0.011016,0.905957,0.420855,0.046080,-0.046434,-0.009411,0.998877,0,0.78757,-0.34053,47.254,-0.681,-1,400.000,-1,375.000,-1,325.000,325.000,325.000,325.000,-1,-1,-1,-1,800.000,725.000,-1,-1,2,0,2,0,2,0,0,0,0,2,2,2,2,0,0,2,2
70,5777.700,7394.660,-37.114,64.429,0.431601,-0.902003,0.010536,0.900880,0.431603,0.046186,-0.046207,-0.010442,0.998877,0,0.78757,-0.34053,47.254,-0.681,-1,400.000,-1,375.000,-1,325.000,325.000,325.000,325.000,-1,-1,-1,-1,800.000,700.000,-1,-1,2,0,2,0,2,0,0,0,0,2,2,2,2,0,0,2,2
71,5798.602,7437.041,-39.312,63.748,0.442323,-0.896799,0.010057,0.895680,0.442289,0.046239,-0.045915,-0.011445,0.998880,0,0.78757,-0.34053,47.254,-0.681,-1,400.000,-1,375.000,-1,325.000,325.000,325.000,325.000,-1,-1,-1,-1,800.000,700.000,-1,-1,2,0,2,0,2,0,0,0,0,2,2,2,2,0,0,2,2
72,5820.005,7479.170,-41.458,63.067,0.452982,-0.891468,0.009576,0.890355,0.452913,0.046239,-0.045557,-0.012419,0.998885,0,0.78757,-0.34053,47.254,-0.681,-1,400.000,-1,375.000,-1,325.000,325.000,325.000,325.000,-1,-1,-1,-1,800.000,700.000,-1,-1,2,0,2,0,2,0,0,0,0,2,2,2,2,0,0,2,2
73,5841.908,7521.042,-43.548,62.386,0.463575,-0.886011,0.009092,0.884907,0.463472,0.046184,-0.045134,-0.013365,0.998892,0,0.78757,-0.34053,47.254,-0.681,-1,400.000,-1,375.000,-1,325.000,300.000,325.000,325.000,-1,-1,-1,-1,800.000,700.000,-1,-1,2,0,2,0,2,0,0,0,0,2,2,2,2,0,0,2,2
74,5864.307,7562.650,-45.586,61.705,0.474101,-0.880428,0.008623,0.879337,0.473964,0.046081,-0.044658,-0.014265,0.998901,0,0.78757,-0.34053,47.254,-0.681,-1,400.000,-1,375.000,-1,325.000,300.000,325.000,325.000,-1,-1,-1,-1,775.000,700.000,-1,-1,2,0,2,0,2,0,0,0,0,2,2,2,2,0,0,2,2
75,5887.199,7603.990,-47.603,61.024,0.484552,-0.874723,0.008314,0.873644,0.484391,0.045952,-0.044222,-0.015002,0.998909,0,0.78757,-0.34053,47.254,-0.681,-1,400.000,-1,375.000,-1,325.000,300.000,325.000,325.000,-1,-1,-1,-1,775.000,700.000,-1,-1,2,0,2,0,2,0,0,0,0,2,2,2,2,0,0,2,2
76,5910.581,7645.054,-49.560,60.343,0.494934,-0.868894,0.007988,0.867830,0.494749,0.045764,-0.043716,-0.015718,0.998920,0,0.78757,-0.34053,47.254,-0.681,-1,400.000,-1,375.000,-1,325.000,300.000,325.000,325.000,-1,-1,-1,-1,775.000,700.000,-1,-1,2,0,2,0,2,0,0,0,0,2,2,2,2,0,0,2,2
77,5936.685,7690.090,-51.662,59.902,0.501627,-0.865051,0.007522,0.864008,0.501418,0.045496,-0.043128,-0.016323,0.998936,0,0.86757,-0.22053,52.054,-0.441,-1,400.000,-1,375.000,-1,325.000,300.000,325.000,325.000,-1,-1,-1,-1,775.000,700.000,-1,-1,2,0,2,0,2,0,0,0,0,2,2,2,2,0,0,2,2
78,5965.369,7739.178,-53.984,59.701,0.504695,-0.863274,0.006440,0.862267,0.504443,0.045091,-0.042175,-0.017204,0.998962,0,0.94757,-0.10053,56.854,-0.201,-1,400.000,-1,375.000,-1,325.000,300.000,325.000,325.000,-1,-1,-1,-1,775.000,700.000,-1,-1,2,0,2,0,2,0,0,0,0,2,2,2,2,0,0,2,2
79,5994.178,7788.557,-56.334,59.740,0.504156,-0.863599,0.004897,0.862634,0.503846,0.044745,-0.041109,-0.018334,0.998986,0,0.95281,0.01947,57.168,0.039,-1,400.000,-1,375.000,-1,325.000,300.000,325.000,325.000,-1,-1,-1,-1,775.000,700.000,-1,-1,2,0,2,0,2,0,0,0,0,2,2,2,2,0,0,2,2
80,6022.745,7838.076,-58.803,60.019,0.500016,-0.866011,0.002899,0.865060,0.499618,0.045300,-0.040679,-0.020143,0.998969,0,0.95281,0.13947,57.168,0.279,-1,400.000,-1,375.000,-1,325.000,300.000,325.000,325.000,-1,-1,-1,-1,775.000,700.000,-1,-1,2,0,2,0,2,0,0,0,0,2,2,2,2,0,0,2,2
81,6050.863,7887.851,-61.194,60.537,0.492220,-0.870470,0.000853,0.869536,0.491737,0.045838,-0.040320,-0.021820,0.998949,0,0.95281,0.25947,57.168,0.519,-1,400.000,-1,375.000,-1,325.000,325.000,325.000,325.000,-1,-1,-1,-1,775.000,700.000,-1,-1,2,0,2,0,2,0,0,0,0,2,2,2,2,0,0,2,2
82,6078.319,7937.995,-63.512,61.296,0.480715,-0.876876,-0.001262,0.875962,0.480147,0.046358,-0.040045,-0.023391,0.998924,0,0.95281,0.37947,57.168,0.759,-1,400.000,-1,375.000,-1,325.000,325.000,325.000,325.000,-1,-1,-1,-1,775.000,700.000,-1,-1,2,0,2,0,2,0,0,0,0,2,2,2,2,0,0,2,2
83,6104.897,7988.609,-65.833,62.295,0.465413,-0.885087,-0.003341,0.884204,0.464773,0.046573,-0.039669,-0.024630,0.998909,0,0.95281,0.49947,57.168,0.999,-1,400.000,-1,375.000,-1,325.000,325.000,325.000,325.000,-1,-1,-1,-1,775.000,700.000,-1,-1,2,0,2,0,2,0,0,0,0,2,2,2,2,0,0,2,2
84,6130.375,8039.787,-68.210,63.534,0.446213,-0.894913,-0.004995,0.894044,0.445518,0.046884,-0.039731,-0.025386,0.998888,0,0.95281,0.61947,57.168,1.239,-1,400.000,-1,375.000,-1,325.000,325.000,325.000,325.000,-1,1000.000,-1,-1,775.000,700.000,-1,-1,2,0,2,0,2,0,0,0,0,2,0,2,2,0,0,2,2
85,6154.523,8091.604,-70.747,65.013,0.422992,-0.906115,-0.005835,0.905230,0.422274,0.047368,-0.040456,-0.025318,0.998860,0,0.95281,0.73947,57.168,1.479,-1,400.000,-1,375.000,-1,325.000,325.000,325.000,325.000,-1,-1,-1,-1,775.000,700.000,-1,-1,2,0,2,0,2,0,0,0,0,2,2,2,2,0,0,2,2
86,6177.161,8144.100,-73.289,66.673,0.396590,-0.917971,-0.006680,0.917070,0.395853,0.047792,-0.041227,-0.025080,0.998835,0,0.95281,0.82992,57.168,1.660,-1,400.000,-1,375.000,-1,325.000,325.000,325.000,325.000,-1,-1,-1,-1,775.000,700.000,-1,-1,2,0,2,0,2,0,0,0,0,2,2,2,2,0,0,2,2
87,6198.268,8197.229,-75.789,68.333,0.369863,-0.929055,-0.007635,0.928132,0.369098,0.048352,-0.042104,-0.024970,0.998801,0,0.95281,0.82992,57.168,1.660,-1,400.000,-1,375.000,-1,325.000,325.000,325.000,325.000,-1,-1,-1,-1,775.000,700.000,-1,-1,2,0,2,0,2,0,0,0,0,2,2,2,2,0,0,2,2
88,6217.827,8250.947,-78.251,69.993,0.342833,-0.939356,-0.008703,0.938407,0.342033,0.049043,-0.043092,-0.024980,0.998759,0,0.95281,0.82992,57.168,1.660,-1,400.000,-1,375.000,-1,325.000,325.000,325.000,300.000,-1,-1,-1,-1,800.000,700.000,-1,-1,2,0,2,0,2,0,0,0,0,2,2,2,2,0,0,2,2
89,6235.822,8305.209,-80.680,71.653,0.315524,-0.948866,-0.009888,0.947888,0.314679,0.049858,-0.044197,-0.025104,0.998707,0,0.95281,0.82992,57.168,1.660,-1,400.000,-1,375.000,-1,325.000,325.000,325.000,300.000,-1,-1,-1,-1,800.000,700.000,-1,-1,2,0,2,0,2,0,0,0,0,2,2,2,2,0,0,2,2
90,6251.070,8355.309,-82.874,73.072,0.291964,-0.956365,-0.011069,0.955358,0.291069,0.050699,-0.045265,-0.025377,0.998653,0,0.87281,0.70992,52.368,1.420,-1,400.000,-1,375.000,-1,325.000,325.000,325.000,300.000,-1,-1,-1,-1,775.000,700.000,-1,-1,2,0,2,0,2,0,0,0,0,2,2,2,2,0,0,2,2
91,6263.980,8401.092,-84.841,74.252,0.272260,-0.962146,-0.012212,0.961111,0.271313,0.051530,-0.046267,-0.025767,0.998597,0,0.79281,0.58992,47.568,1.180,-1,400.000,-1,375.000,-1,325.000,325.000,325.000,300.000,-1,-1,-1,-1,775.000,700.000,-1,-1,2,0,2,0,2,0,0,0,0,2,2,2,2,0,0,2,2
92,6275.464,8444.536,-86.697,75.192,0.256499,-0.966451,-0.013443,0.965395,0.255491,0.052315,-0.047125,-0.026396,0.998540,0,0.74894,0.46992,44.937,0.940,-1,400.000,-1,375.000,-1,325.000,325.000,325.000,300.000,-1,-1,-1,-1,775.000,700.000,-1,-1,2,0,2,0,2,0,0,0,0,2,2,2,2,0,0,2,2
93,6286.417,8488.118,-88.677,75.892,0.244759,-0.969461,-0.015413,0.968423,0.243658,0.052794,-0.047426,-0.027848,0.998486,0,0.74894,0.34992,44.937,0.700,-1,400.000,-1,375.000,-1,325.000,325.000,325.000,300.000,-1,-1,-1,-1,775.000,700.000,-1,-1,2,0,2,0,2,0,0,0,0,2,2,2,2,0,0,2,2
94,6297.020,8531.785,-90.632,76.352,0.237060,-0.971339,-0.017407,0.970327,0.235858,0.053261,-0.047629,-0.029517,0.998429,0,0.74894,0.22992,44.937,0.460,-1,400.000,-1,375.000,-1,325.000,325.000,325.000,300.000,-1,-1,-1,-1,750.000,700.000,-1,-1,2,0,2,0,2,0,0,0,0,2,2,2,2,0,0,2,2
95,6307.454,8575.494,-92.601,76.572,0.233415,-0.972186,-0.019298,0.971212,0.232117,0.053569,-0.047600,-0.031246,0.998378,0,0.74894,0.10992,44.937,0.220,-1,400.000,-1,375.000,-1,325.000,325.000,325.000,300.000,-1,-1,-1,-1,750.000,700.000,-1,-1,2,0,2,0,2,0,0,0,0,2,2,2,2,0,0,2,2
96,6317.905,8619.198,-94.750,76.551,0.233798,-0.972068,-0.020530,0.971148,0.232451,0.053279,-0.047019,-0.032394,0.998369,0,0.74894,-0.01008,44.937,-0.020,-1,400.000,-1,375.000,-1,325.000,325.000,325.000,300.000,-1,-1,-1,-1,750.000,700.000,-1,-1,2,0,2,0,2,0,0,0,0,2,2,2,2,0,0,2,2
97,6328.554,8662.855,-96.889,76.291,0.238248,-0.970963,-0.021637,0.970096,0.236853,0.053046,-0.046381,-0.033629,0.998358,0,0.74894,-0.13008,44.937,-0.260,-1,400.000,-1,375.000,-1,325.000,325.000,325.000,300.000,-1,-1,-1,-1,725.000,700.000,-1,-1,2,0,2,0,2,0,0,0,0,2,2,2,2,0,0,2,2
98,6339.583,8706.417,-98.983,75.791,0.246753,-0.968812,-0.022741,0.968006,0.245308,0.052805,-0.045580,-0.035043,0.998346,0,0.74894,-0.25008,44.937,-0.500,-1,400.000,-1,375.000,-1,325.000,325.000,325.000,300.000,-1,-1,-1,-1,725.000,700.000,-1,-1,2,0,2,0,2,0,0,0,0,2,2,2,2,0,0,2,2
99,6351.174,8749.833,-101.022,75.051,0.259283,-0.965507,-0.023835,0.964772,0.257788,0.052547,-0.044590,-0.036620,0.998334,0,0.74894,-0.37008,44.937,-0.740,-1,400.000,-1,375.000,-1,325.000,325.000,325.000,300.000,-1,-1,-1,-1,725.000,700.000,-1,-1,2,0,2,0,2,0,0,0,0,2,2,2,2,0,0,2,2
100,6363.390,8793.077,-103.008,74.224,0.273215,-0.961630,-0.024912,0.960969,0.271673,0.052275,-0.043501,-0.038222,0.998322,0,0.74894,-0.41328,44.937,-0.827,-1,400.000,-1,375.000,-1,325.000,325.000,325.000,300.000,-1,-1,-1,-1,700.000,700.000,-1,-1,2,0,2,0,2,0,0,0,0,2,2,2,2,0,0,2,2
101,6376.229,8836.140,-104.938,73.398,0.287085,-0.957553,-0.025967,0.956968,0.285500,0.051991,-0.042370,-0.039775,0.998310,0,0.74894,-0.41328,44.937,-0.827,-1,400.000,-1,375.000,-1,325.000,325.000,325.000,300.000,-1,-1,-1,-1,700.000,700.000,-1,-1,2,0,2,0,2,0,0,0,0,2,2,2,2,0,0,2,2
102,6389.688,8879.014,-106.812,72.571,0.300889,-0.953277,-0.026998,0.952769,0.299265,0.051696,-0.041201,-0.041278,0.998298,0,0.74894,-0.41328,44.937,-0.827,-1,400.000,-1,375.000,-1,325.000,325.000,325.000,300.000,-1,-1,-1,-1,700.000,700.000,-1,-1,2,0,2,0,2,0,0,0,0,2,2,2,2,0,0,2,2
103,6405.465,8926.182,-108.836,71.505,0.318606,-0.947468,-0.028202,0.947050,0.316933,0.051481,-0.039839,-0.043111,0.998276,0,0.82894,-0.53328,49.737,-1.067,-1,375.000,-1,375.000,-1,325.000,325.000,325.000,300.000,-1,-1,-1,-1,675.000,700.000,-1,-1,2,0,2,0,2,0,0,0,0,2,2,2,2,0,0,2,2
104,6423.939,8977.495,-110.958,70.198,0.340146,-0.939910,-0.029502,0.939597,0.338424,0.051257,-0.038193,-0.045155,0.998250,0,0.90894,-0.65328,54.537,-1.307,-1,375.000,-1,375.000,-1,325.000,325.000,325.000,300.000,-1,-1,-1,-1,675.000,700.000,-1,-1,2,0,2,0,2,0,0,0,0,2,2,2,2,0,0,2,2
105,6444.562,9030.262,-113.039,68.652,0.365399,-0.930341,-0.030815,0.930145,0.363631,0.051021,-0.036262,-0.047305,0.998222,0,0.94423,-0.77328,56.654,-1.547,-1,375.000,-1,375.000,-1,300.000,300.000,325.000,300.000,-1,925.000,-1,-1,675.000,700.000,-1,-1,2,0,2,0,2,0,0,0,0,2,0,2,2,0,0,2,2
106,6466.821,9082.360,-114.975,66.865,0.394222,-0.918456,-0.032067,0.918384,0.392418,0.050781,-0.034057,-0.049469,0.998195,0,0.94423,-0.89328,56.654,-1.787,-1,375.000,-1,375.000,-1,300.000,300.000,325.000,325.000,-1,675.000,-1,-1,650.000,725.000,-1,-1,2,0,2,0,2,0,0,0,0,2,0,2,2,0,0,2,2
107,6490.884,9133.650,-116.488,64.865,0.425958,-0.904153,-0.032654,0.904221,0.424210,0.049288,-0.030712,-0.050521,0.998251,0,0.94423,-1.00000,56.654,-2.000,-1,375.000,-1,375.000,-1,300.000,300.000,325.000,325.000,-1,650.000,900.000,-1,650.000,725.000,-1,-1,2,0,2,0,2,0,0,0,0,2,0,0,2,0,0,2,2
108,6516.724,9184.068,-117.670,62.865,0.457133,-0.888789,-0.032909,0.888997,0.455502,0.046935,-0.026725,-0.050712,0.998356,0,0.94423,-1.00000,56.654,-2.000,-1,375.000,-1,375.000,-1,300.000,300.000,325.000,325.000,-1,625.000,700.000,-1,650.000,750.000,-1,-1,2,0,2,0,2,0,0,0,0,2,0,0,2,0,0,2,2
109,6544.308,9233.554,-118.951,60.865,0.487761,-0.872382,-0.032238,0.872662,0.486260,0.044863,-0.023462,-0.050015,0.998473,0,0.94423,-1.00000,56.654,-2.000,-1,375.000,-1,375.000,-1,300.000,300.000,325.000,325.000,-1,625.000,675.000,-1,650.000,750.000,-1,-1,2,0,2,0,2,0,0,0,0,2,0,0,2,0,0,2,2
110,6573.603,9282.047,-120.189,58.865,0.517801,-0.854926,-0.031354,0.855259,0.516437,0.042707,-0.020319,-0.048930,0.998596,0,0.94423,-1.00000,56.654,-2.000,-1,375.000,-1,400.000,-1,300.000,300.000,325.000,325.000,-1,625.000,650.000,-1,650.000,775.000,-1,-1,2,0,2,0,2,0,0,0,0,2,0,0,2,0,0,2,2
111,6604.572,9329.487,-121.342,56.865,0.547220,-0.836436,-0.030423,0.836811,0.545994,0.040459,-0.017231,-0.047598,0.998718,0,0.94423,-1.00000,56.654,-2.000,-1,375.000,-1,400.000,-1,300.000,300.000,325.000,300.000,-1,650.000,625.000,-1,650.000,775.000,-1,-1,2,0,2,0,2,0,0,0,0,2,0,0,2,0,0,2,2
112,6634.237,9372.018,-122.299,55.105,0.572568,-0.819325,-0.029555,0.819728,0.571463,0.038433,-0.014599,-0.046232,0.998824,0,0.86423,-0.88000,51.854,-1.760,-1,375.000,-1,400.000,-1,300.000,325.000,325.000,300.000,-1,650.000,600.000,-1,650.000,775.000,-1,-1,2,0,2,0,2,0,0,0,0,2,0,0,2,0,0,2,2
113,6662.170,9409.883,-123.027,53.585,0.594026,-0.803910,-0.029371,0.804357,0.593019,0.036598,-0.012004,-0.045365,0.998898,0,0.78423,-0.76000,47.054,-1.520,-1,375.000,-1,400.000,-1,300.000,325.000,300.000,300.000,-1,650.000,600.000,-1,675.000,800.000,-1,-1,2,0,2,0,2,0,0,0,0,2,0,0,2,0,0,2,2
114,6688.008,9443.318,-123.550,52.305,0.611771,-0.790483,-0.029547,0.790977,0.610845,0.034997,-0.009616,-0.044781,0.998951,0,0.70423,-0.64000,42.254,-1.280,-1,375.000,-1,400.000,-1,300.000,325.000,300.000,300.000,-1,650.000,575.000,-1,675.000,825.000,-1,-1,2,0,2,0,2,0,0,0,0,2,0,0,2,0,0,2,2
115,6711.444,9472.533,-123.966,51.265,0.625965,-0.779286,-0.029688,0.779813,0.625108,0.033635,-0.007653,-0.044205,0.998993,0,0.62423,-0.52000,37.454,-1.040,-1,375.000,-1,400.000,-1,300.000,325.000,300.000,300.000,-1,650.000,550.000,-1,675.000,825.000,-1,-1,2,0,2,0,2,0,0,0,0,2,0,0,2,0,0,2,2
116,6732.230,9497.717,-124.291,50.465,0.636743,-0.770500,-0.029794,0.771052,0.635943,0.032493,-0.006089,-0.043662,0.999028,0,0.54423,-0.40000,32.654,-0.800,-1,375.000,-1,400.000,-1,325.000,325.000,300.000,300.000,-1,650.000,550.000,-1,675.000,850.000,-1,-1,2,0,2,0,2,0,0,0,0,2,0,0,2,0,0,2,2
117,6750.170,9519.024,-124.541,49.905,0.644211,-0.764264,-0.029868,0.764832,0.643457,0.031557,-0.004899,-0.043173,0.999056,0,0.46423,-0.28000,27.854,-0.560,-1,375.000,-1,400.000,-1,325.000,325.000,300.000,300.000,-1,650.000,550.000,-1,675.000,850.000,-1,-1,2,0,2,0,2,0,0,0,0,2,0,0,2,0,0,2,2
118,6765.180,9536.522,-124.737,49.376,0.651212,-0.758306,-0.029920,0.758886,0.650495,0.030791,-0.003887,-0.042758,0.999078,0,0.38423,-0.26442,23.054,-0.529,-1,375.000,-1,400.000,-1,325.000,325.000,300.000,300.000,-1,650.000,550.000,-1,700.000,875.000,-1,-1,2,0,2,0,2,0,0,0,0,2,0,0,2,0,0,2,2
119,6777.193,9550.266,-124.888,48.847,0.658161,-0.752281,-0.029960,0.752871,0.657476,0.030183,-0.003008,-0.042422,0.999095,0,0.30423,-0.26442,18.254,-0.529,-1,375.000,-1,400.000,-1,325.000,325.000,300.000,325.000,-1,650.000,550.000,-1,700.000,875.000,-1,-1,2,0,2,0,2,0,0,0,0,2,0,0,2,0,0,2,2
120,6786.139,9560.314,-125.001,48.318,0.665059,-0.746188,-0.029995,0.746788,0.664398,0.029725,-0.002252,-0.042169,0.999108,0,0.22423,-0.26442,13.454,-0.529,-1,375.000,-1,400.000,-1,325.000,325.000,300.000,325.000,-1,675.000,550.000,-1,700.000,900.000,-1,-1,2,0,2,0,2,0,0,0,0,2,0,0,2,0,0,2,2
121,6798.347,9573.885,-125.073,48.030,0.668800,-0.742847,-0.029762,0.743441,0.668167,0.029147,-0.001766,-0.041620,0.999132,0,0.30423,-0.14442,18.254,-0.289,-1,375.000,-1,400.000,-1,325.000,325.000,300.000,325.000,-1,675.000,550.000,-1,700.000,900.000,-1,-1,2,0,2,0,2,0,0,0,0,2,0,0,2,0,0,2,2
122,6813.779,9591.012,-125.050,47.981,0.669431,-0.742309,-0.028980,0.742873,0.668829,0.028439,-0.001728,-0.040567,0.999175,0,0.38423,-0.02442,23.054,-0.049,-1,375.000,-1,400.000,-1,325.000,325.000,300.000,325.000,-1,700.000,575.000,-1,700.000,900.000,-1,-1,2,0,2,0,2,0,0,0,0,2,0,0,2,0,0,2,2
123,6832.355,9611.767,-125.023,48.172,0.666951,-0.744572,-0.028095,0.745100,0.666380,0.027645,-0.001862,-0.039371,0.999223,0,0.46423,0.09558,27.854,0.191,-1,375.000,-1,400.000,-1,325.000,325.000,300.000,325.000,-1,750.000,600.000,-1,700.000,900.000,-1,-1,2,0,2,0,2,0,0,0,0,2,0,0,2,0,0,2,2
124,6853.949,9636.262,-124.995,48.603,0.661331,-0.749604,-0.027103,0.750091,0.660792,0.026789,-0.002171,-0.038046,0.999274,0,0.54423,0.21558,32.654,0.431,-1,375.000,-1,400.000,-1,325.000,325.000,300.000,325.000,-1,775.000,625.000,-1,700.000,875.000,-1,-1,2,0,2,0,2,0,0,0,0,2,0,0,2,0,0,2,2
125,6878.385,9664.645,-124.972,49.274,0.652510,-0.757334,-0.026003,0.757775,0.652001,0.025897,-0.002659,-0.036603,0.999326,0,0.62423,0.33558,37.454,0.671,-1,375.000,-1,400.000,-1,325.000,325.000,300.000,325.000,-1,800.000,650.000,-1,700.000,875.000,-1,-1,2,0,2,0,2,0,0,0,0,2,0,0,2,0,0,2,2
126,6903.464,9694.730,-125.092,50.185,0.640403,-0.767631,-0.025029,0.768030,0.639896,0.025742,-0.003745,-0.035708,0.999355,0,0.65278,0.45558,39.167,0.911,-1,375.000,-1,400.000,-1,325.000,325.000,300.000,325.000,-1,850.000,700.000,-1,675.000,850.000,-1,-1,2,0,2,0,2,0,0,0,0,2,0,0,2,0,0,2,2
127,6927.934,9725.312,-125.463,51.337,0.624852,-0.780378,-0.023872,0.780732,0.624383,0.024580,-0.004276,-0.033997,0.999413,0,0.65278,0.57558,39.167,1.151,-1,375.000,-1,400.000,-1,325.000,325.000,300.000,325.000,-1,850.000,700.000,-1,675.000,850.000,-1,-1,2,0,2,0,2,0,0,0,0,2,0,0,2,0,0,2,2
128,6951.654,9756.479,-125.800,52.728,0.605714,-0.795361,-0.022609,0.795669,0.605294,0.023019,-0.004623,-0.031932,0.999479,0,0.65278,0.69558,39.167,1.391,-1,375.000,-1,400.000,-1,325.000,325.000,300.000,325.000,-1,825.000,675.000,-1,675.000,825.000,-1,-1,2,0,2,0,2,0,0,0,0,2,0,0,2,0,0,2,2
129,6974.477,9788.308,-126.056,54.359,0.582810,-0.812334,-0.021134,0.812595,0.582455,0.020867,-0.004642,-0.029335,0.999559,0,0.65278,0.81558,39.167,1.631,-1,375.000,-1,400.000,-1,325.000,325.000,325.000,325.000,-1,800.000,650.000,-1,675.000,825.000,-1,-1,2,0,2,0,2,0,0,0,0,2,0,0,2,0,0,2,2
130,6996.312,9820.824,-126.344,56.120,0.557555,-0.829910,-0.019549,0.830127,0.557260,0.018720,-0.004642,-0.026665,0.999634,0,0.65278,0.88042,39.167,1.761,-1,375.000,-1,400.000,-1,325.000,325.000,325.000,325.000,-1,750.000,600.000,-1,675.000,800.000,-1,-1,2,0,2,0,2,0,0,0,0,2,0,0,2,0,0,2,2
131,7017.137,9853.995,-126.665,57.881,0.531773,-0.846699,-0.017854,0.846875,0.531533,0.016616,-0.004579,-0.023956,0.999703,0,0.65278,0.88042,39.167,1.761,-1,375.000,-1,400.000,-1,325.000,325.000,325.000,325.000,-1,725.000,550.000,-1,675.000,800.000,-1,-1,2,0,2,0,2,0,0,0,0,2,0,0,2,0,0,2,2
132,7036.933,9887.791,-127.018,59.641,0.505486,-0.862685,-0.016050,0.862823,0.505296,0.014564,-0.004454,-0.021210,0.999765,0,0.65278,0.88042,39.167,1.761,-1,375.000,-1,400.000,-1,300.000,325.000,325.000,300.000,-1,700.000,500.000,-1,675.000,775.000,-1,-1,2,0,2,0,2,0,0,0,0,2,0,0,2,0,0,2,2
133,7055.681,9922.179,-127.321,61.402,0.478726,-0.877848,-0.014294,0.877953,0.478573,0.012933,-0.004512,-0.018740,0.999814,0,0.65278,0.88042,39.167,1.761,-1,375.000,-1,400.000,-1,300.000,325.000,325.000,300.000,-1,675.000,475.000,-1,675.000,775.000,-1,-1,2,0,2,0,2,0,0,0,0,2,0,0,2,0,0,2,2
134,7071.324,9952.779,-127.473,62.923,0.455255,-0.890267,-0.012956,0.890348,0.455119,0.012141,-0.004912,-0.017063,0.999842,0,0.57278,0.76042,34.367,1.521,-1,375.000,-1,375.000,-1,300.000,325.000,325.000,300.000,-1,675.000,450.000,-1,675.000,750.000,-1,-1,2,0,2,0,2,0,0,0,0,2,0,0,2,0,0,2,2
135,7084.191,9979.399,-127.617,64.204,0.435236,-0.900239,-0.011796,0.900301,0.435116,0.011506,-0.005225,-0.015628,0.999864,0,0.49278,0.64042,29.567,1.281,-1,375.000,-1,375.000,-1,300.000,300.000,325.000,300.000,-1,675.000,450.000,-1,675.000,750.000,-1,-1,2,0,2,0,2,0,0,0,0,2,0,0,2,0,0,2,2
136,7094.562,10001.890,-127.549,65.245,0.418804,-0.908001,-0.011742,0.908063,0.418694,0.010779,-0.004871,-0.015176,0.999873,0,0.41278,0.52042,24.767,1.041,-1,375.000,-1,375.000,-1,300.000,300.000,325.000,300.000,-1,650.000,450.000,-1,675.000,750.000,-1,-1,2,0,2,0,2,0,0,0,0,2,0,0,2,0,0,2,2
137,7102.669,10020.137,-127.491,66.046,0.406066,-0.913768,-0.011733,0.913832,0.405964,0.010178,-0.004537,-0.014855,0.999879,0,0.33278,0.40042,19.967,0.801,-1,375.000,-1,375.000,-1,300.000,300.000,325.000,325.000,-1,625.000,425.000,-1,675.000,750.000,-1,-1,2,0,2,0,2,0,0,0,0,2,0,0,2,0,0,2,2
