timestep,x_cm,y_cm,z_cm,yaw_deg,basis_xx,basis_xy,basis_xz,basis_yx,basis_yy,basis_yz,basis_zx,basis_zy,basis_zz,teleport_flag,throttle_cmd,steering_cmd,cmd_move_cm,cmd_turn_deg,lidar_cm_0,lidar_cm_1,lidar_cm_2,lidar_cm_3,lidar_cm_4,lidar_cm_5,lidar_cm_6,lidar_cm_7,lidar_cm_8,lidar_cm_9,lidar_cm_10,lidar_cm_11,lidar_cm_12,lidar_cm_13,lidar_cm_14,lidar_cm_15,lidar_cm_16,lidar_class_0,lidar_class_1,lidar_class_2,lidar_class_3,lidar_class_4,lidar_class_5,lidar_class_6,lidar_class_7,lidar_class_8,lidar_class_9,lidar_class_10,lidar_class_11,lidar_class_12,lidar_class_13,lidar_class_14,lidar_class_15,lidar_class_16
0,984.027,4924.318,-287.935,87.463,0.057083,-0.994912,-0.083015,0.987588,0.044083,0.150755,-0.146329,-0.090590,0.985079,1,0.08000,-0.05814,4.800,-0.116,-1,400.000,-1,400.000,-1,325.000,325.000,300.000,300.000,-1,-1,-1,-1,800.000,750.000,-1,-1,2,0,2,0,2,0,0,0,0,2,2,2,2,0,0,2,2
1,984.471,4933.908,-289.357,87.346,0.059151,-0.994795,-0.082975,0.987432,0.046105,0.151167,-0.146555,-0.090874,0.985020,0,0.16000,-0.05824,9.600,-0.116,-1,400.000,-1,400.000,-1,325.000,325.000,300.000,300.000,-1,-1,-1,-1,800.000,750.000,-1,-1,2,0,2,0,2,0,0,0,0,2,2,2,2,0,0,2,2
2,985.167,4948.291,-291.488,87.230,0.061242,-0.994673,-0.082911,0.987241,0.048133,0.151781,-0.146982,-0.091149,0.984931,0,0.24000,-0.05846,14.400,-0.117,-1,400.000,-1,400.000,-1,325.000,325.000,300.000,300.000,-1,-1,-1,-1,775.000,750.000,-1,-1,2,0,2,0,2,0,0,0,0,2,2,2,2,0,0,2,2
3,986.134,4967.467,-294.326,87.112,0.063363,-0.994548,-0.082823,0.987014,0.050175,0.152595,-0.147607,-0.091416,0.984812,0,0.32000,-0.05885,19.200,-0.118,-1,400.000,-1,400.000,-1,325.000,325.000,300.000,300.000,-1,-1,-1,-1,775.000,750.000,-1,-1,2,0,2,0,2,0,0,0,0,2,2,2,2,0,0,2,2
4,987.392,4991.435,-297.868,86.993,0.065521,-0.994417,-0.082711,0.986750,0.052239,0.153607,-0.148429,-0.091680,0.984664,0,0.40000,-0.05950,24.000,-0.119,-1,400.000,-1,400.000,-1,325.000,325.000,300.000,300.000,-1,-1,-1,-1,775.000,750.000,-1,-1,2,0,2,0,2,0,0,0,0,2,2,2,2,0,0,2,2
5,988.964,5020.192,-302.114,86.872,0.067729,-0.994281,-0.082576,0.986448,0.054338,0.154816,-0.149444,-0.091942,0.984486,0,0.48000,-0.06049,28.800,-0.121,-1,400.000,-1,400.000,-1,325.000,325.000,300.000,300.000,-1,-1,-1,-1,775.000,725.000,-1,-1,2,0,2,0,2,0,0,0,0,2,2,2,2,0,0,2,2
6,990.869,5053.739,-307.059,86.748,0.070003,-0.994136,-0.082418,0.986106,0.056487,0.156220,-0.150648,-0.092209,0.984278,0,0.56000,-0.06196,33.600,-0.124,-1,400.000,1000.000,400.000,-1,325.000,325.000,300.000,300.000,-1,-1,-1,-1,750.000,725.000,-1,-1,2,0,1,0,2,0,0,0,0,2,2,2,2,0,0,2,2
7,993.132,5092.073,-312.703,86.620,0.072365,-0.993982,-0.082239,0.985722,0.058707,0.157815,-0.152038,-0.092485,0.984038,0,0.64000,-0.06403,38.400,-0.128,-1,400.000,950.000,400.000,-1,325.000,325.000,300.000,300.000,-1,-1,-1,-1,750.000,725.000,-1,1000.000,2,0,1,0,2,0,0,0,0,2,2,2,2,0,0,2,1
8,995.779,5135.193,-319.043,86.486,0.074841,-0.993815,-0.082040,0.985294,0.061025,0.159599,-0.153605,-0.092778,0.983767,0,0.72000,-0.06686,43.200,-0.134,-1,400.000,900.000,375.000,-1,325.000,325.000,300.000,300.000,-1,-1,-1,-1,750.000,700.000,975.000,950.000,2,0,1,0,2,0,0,0,0,2,2,2,2,0,0,1,1
9,998.839,5183.096,-326.076,86.345,0.077465,-0.993632,-0.081825,0.984819,0.063473,0.161566,-0.155343,-0.093098,0.983464,0,0.80000,-0.07062,48.000,-0.141,-1,400.000,850.000,375.000,-1,325.000,325.000,300.000,300.000,-1,-1,-1,-1,725.000,700.000,925.000,900.000,2,0,1,0,2,0,0,0,0,2,2,2,2,0,0,1,1
10,1002.342,5235.780,-333.916,86.194,0.080312,-0.993384,-0.082088,0.984358,0.066087,0.163315,-0.156810,-0.093920,0.983153,0,0.88000,-0.07552,52.800,-0.151,-1,375.000,800.000,375.000,975.000,325.000,325.000,300.000,300.000,-1,-1,-1,-1,725.000,675.000,850.000,850.000,2,0,1,0,1,0,0,0,0,2,2,2,2,1,0,1,1
11,1006.107,5290.050,-342.225,86.030,0.083203,-0.993094,-0.082716,0.984270,0.068914,0.162679,-0.155855,-0.094950,0.983206,0,0.90668,-0.08173,54.401,-0.163,-1,375.000,750.000,375.000,900.000,325.000,325.000,300.000,300.000,-1,-1,-1,-1,675.000,675.000,800.000,800.000,2,0,1,0,1,0,0,0,0,2,2,2,2,1,0,1,1
12,1010.221,5346.898,-350.900,85.859,0.086187,-0.992773,-0.083504,0.984277,0.071878,0.161349,-0.154180,-0.096097,0.983358,0,0.94994,-0.08574,56.997,-0.171,-1,400.000,700.000,375.000,850.000,325.000,325.000,300.000,300.000,-1,-1,-1,-1,625.000,650.000,725.000,750.000,2,0,1,0,1,0,0,0,0,2,2,2,2,1,1,1,1
13,1014.474,5403.201,-359.472,85.679,0.089318,-0.992428,-0.084318,0.984259,0.074986,0.160033,-0.152499,-0.097285,0.983504,0,0.94106,-0.08997,56.464,-0.180,875.000,400.000,625.000,375.000,775.000,325.000,325.000,300.000,300.000,-1,-1,-1,-1,575.000,600.000,675.000,675.000,1,0,1,0,1,0,0,0,0,2,2,2,2,1,1,1,1
14,1018.874,5458.990,-367.945,85.489,0.092629,-0.992052,-0.085160,0.984214,0.078272,0.158733,-0.150806,-0.098519,0.983642,0,0.93271,-0.09512,55.963,-0.190,750.000,400.000,575.000,375.000,725.000,325.000,325.000,300.000,300.000,-1,-1,-1,-1,525.000,550.000,600.000,625.000,1,0,1,0,1,0,0,0,0,2,2,2,2,1,1,1,1
15,1023.433,5514.300,-376.324,85.286,0.096151,-0.991642,-0.086031,0.984137,0.081763,0.157448,-0.149098,-0.099805,0.983773,0,0.92496,-0.10115,55.497,-0.202,650.000,400.000,525.000,375.000,650.000,325.000,325.000,300.000,300.000,-1,-1,-1,-1,475.000,500.000,550.000,575.000,1,0,1,0,1,0,0,0,0,2,2,2,2,1,1,1,1
16,1028.164,5569.167,-384.612,85.070,0.099911,-0.991191,-0.086934,0.984022,0.085491,0.156177,-0.147369,-0.101149,0.983896,0,0.91785,-0.10803,55.071,-0.216,575.000,400.000,475.000,375.000,600.000,325.000,325.000,300.000,300.000,-1,-1,-1,-1,425.000,450.000,500.000,525.000,1,1,1,0,1,0,0,0,0,2,2,2,2,1,1,1,1
17,1033.780,5628.774,-393.569,84.614,0.107848,-0.990266,-0.087993,0.983524,0.093357,0.154809,-0.145087,-0.103239,0.984018,0,0.99785,-0.22803,59.871,-0.456,475.000,350.000,400.000,375.000,525.000,325.000,325.000,300.000,300.000,-1,-1,-1,-1,375.000,400.000,425.000,450.000,1,1,1,1,1,1,0,0,0,2,2,2,2,1,1,1,1
18,1039.917,5688.460,-402.486,84.127,0.116323,-0.989204,-0.089128,0.982903,0.101756,0.153449,-0.142723,-0.105454,0.984129,0,1.00000,-0.24377,60.000,-0.488,400.000,300.000,350.000,325.000,450.000,275.000,275.000,300.000,300.000,-1,-1,-1,-1,325.000,350.000,350.000,400.000,1,1,1,1,1,1,1,0,0,2,2,2,2,1,1,1,1
19,1046.573,5748.089,-411.342,83.628,0.124989,-0.988037,-0.090338,0.982186,0.110342,0.152104,-0.140316,-0.107740,0.984227,0,1.00000,-0.24954,60.000,-0.499,325.000,250.000,300.000,275.000,400.000,225.000,250.000,300.000,300.000,-1,-1,-1,-1,275.000,275.000,300.000,350.000,1,1,1,1,1,1,1,0,0,2,2,2,2,1,1,1,1
20,1053.761,5807.657,-420.134,83.117,0.133846,-0.986757,-0.091629,0.981366,0.119114,0.150775,-0.137864,-0.110103,0.984312,0,1.00000,-0.25538,60.000,-0.511,250.000,200.000,225.000,200.000,325.000,175.000,200.000,300.000,300.000,-1,-1,-1,-1,200.000,225.000,225.000,275.000,1,1,1,1,1,1,1,0,0,2,2,2,2,1,1,1,1
21,1061.491,5867.157,-428.824,82.595,0.142884,-0.985374,-0.092853,0.980423,0.128073,0.149561,-0.135481,-0.112405,0.984383,0,1.00000,-0.26121,60.000,-0.522,175.000,150.000,175.000,150.000,250.000,125.000,150.000,300.000,300.000,-1,600.000,-1,-1,150.000,175.000,150.000,225.000,1,1,1,1,1,1,1,0,0,2,0,2,2,1,1,1,1
22,1069.844,5926.564,-426.711,82.061,0.144584,-0.987889,-0.056314,0.984302,0.137771,0.110314,-0.101219,-0.071379,0.992300,0,1.00000,-0.26691,60.000,-0.534,175.000,125.000,150.000,125.000,200.000,100.000,125.000,400.000,275.000,-1,300.000,200.000,-1,125.000,150.000,150.000,175.000,1,1,1,1,1,1,1,0,0,2,0,0,2,1,1,1,1
23,327.966,983.895,-115.171,-96.030,-0.105099,0.994460,0.001953,-0.992983,-0.105050,0.054302,0.054206,0.003768,0.998523,1,0.00000,0.00000,60.000,-0.545,-1,475.000,-1,300.000,225.000,400.000,300.000,275.000,375.000,600.000,275.000,525.000,-1,-1,425.000,-1,250.000,2,0,2,1,1,0,1,0,0,0,0,0,2,2,1,2,1
24,327.442,979.123,-114.862,-96.270,-0.109209,0.994014,0.003114,-0.992512,-0.109215,0.054706,0.054718,0.002884,0.998498,0,0.08000,-0.12000,4.800,-0.240,-1,500.000,-1,300.000,225.000,400.000,300.000,275.000,375.000,575.000,275.000,525.000,-1,-1,400.000,-1,250.000,2,0,2,1,1,1,1,0,0,0,0,0,2,2,1,2,1
25,326.313,969.590,-114.240,-96.750,-0.117416,0.993068,0.005484,-0.991516,-0.117539,0.055509,0.055769,0.001081,0.998443,0,0.16000,-0.24000,9.600,-0.480,-1,500.000,-1,300.000,225.000,400.000,300.000,275.000,375.000,575.000,250.000,500.000,-1,-1,400.000,-1,250.000,2,0,2,1,1,1,1,0,0,0,0,0,2,2,1,2,1
26,324.441,955.312,-113.296,-97.470,-0.129697,0.991511,0.009155,-0.989890,-0.130008,0.056701,0.057410,-0.001708,0.998349,0,0.24000,-0.36000,14.400,-0.720,-1,500.000,-1,300.000,225.000,400.000,300.000,275.000,400.000,550.000,250.000,475.000,-1,-1,400.000,-1,250.000,2,0,2,1,1,1,1,0,0,0,0,0,2,2,1,2,1
27,321.625,936.319,-112.019,-98.430,-0.146011,0.989180,0.014266,-0.987479,-0.146600,0.058258,0.059719,-0.005581,0.998200,0,0.32000,-0.48000,19.200,-0.960,-1,500.000,-1,275.000,225.000,400.000,300.000,275.000,400.000,525.000,225.000,475.000,-1,-1,400.000,-1,225.000,2,0,2,1,1,1,1,0,0,0,0,0,2,2,1,2,1
28,317.610,912.657,-110.390,-99.630,-0.166296,0.985852,0.021003,-0.984074,-0.167277,0.060136,0.062798,-0.010668,0.997969,0,0.40000,-0.60000,24.000,-1.200,-1,525.000,-1,275.000,200.000,375.000,275.000,275.000,400.000,500.000,200.000,450.000,-1,-1,400.000,-1,225.000,2,0,2,1,1,1,1,0,1,0,0,0,2,2,1,2,1
29,312.080,884.392,-108.382,-101.070,-0.190458,0.981249,0.029598,-0.979421,-0.191981,0.062265,0.066780,-0.017130,0.997621,0,0.48000,-0.72000,28.800,-1.440,-1,525.000,-1,275.000,200.000,375.000,275.000,250.000,400.000,475.000,175.000,400.000,-1,-1,400.000,-1,225.000,2,0,2,1,1,1,1,0,1,0,0,0,2,2,1,2,1
30,304.796,851.590,-105.960,-102.520,-0.214444,0.975910,0.040158,-0.974083,-0.216709,0.064803,0.071944,-0.025220,0.997090,0,0.56000,-0.72489,33.600,-1.450,-1,550.000,-1,275.000,200.000,375.000,275.000,250.000,425.000,425.000,150.000,375.000,-1,-1,400.000,-1,200.000,2,0,2,1,1,1,1,0,1,0,0,0,2,2,1,2,1
31,295.524,814.325,-103.073,-103.974,-0.238059,0.969806,0.052946,-0.968077,-0.241332,0.067721,0.078454,-0.035134,0.996298,0,0.64000,-0.72705,38.400,-1.454,-1,550.000,-1,250.000,200.000,350.000,275.000,250.000,425.000,400.000,125.000,325.000,-1,-1,400.000,-1,200.000,2,0,2,1,1,1,1,0,1,0,0,0,2,2,1,2,1
32,284.029,772.681,-99.659,-105.435,-0.261211,0.962865,0.068264,-0.961400,-0.265845,0.070970,0.086482,-0.047091,0.995140,0,0.72000,-0.73037,43.200,-1.461,-1,550.000,-1,250.000,175.000,350.000,250.000,250.000,425.000,350.000,100.000,300.000,-1,-1,400.000,-1,200.000,2,1,2,1,1,1,1,0,1,0,0,0,2,2,1,2,1
33,270.075,726.751,-95.607,-106.905,-0.283793,0.954997,0.086274,-0.954057,-0.290236,0.074412,0.096103,-0.061192,0.993489,0,0.80000,-0.73502,48.000,-1.470,-1,550.000,-1,275.000,175.000,350.000,250.000,250.000,425.000,325.000,75.000,275.000,-1,-1,400.000,-1,175.000,2,1,2,1,1,1,1,0,1,0,0,0,2,2,1,2,1
34,253.427,676.641,-90.944,-108.387,-0.305633,0.946038,0.107704,-0.946103,-0.314471,0.077447,0.107138,-0.078229,0.991162,0,0.88000,-0.74124,52.800,-1.482,-1,525.000,-1,275.000,175.000,350.000,275.000,250.000,425.000,275.000,75.000,250.000,-1,-1,400.000,-1,175.000,2,1,2,1,1,1,1,0,1,0,0,0,2,2,1,2,1
35,-4263.141,-7543.295,467.695,-99.558,-0.150156,0.949437,0.275723,-0.987054,-0.159864,0.012945,0.056369,-0.270210,0.961150,1,0.00000,0.00000,57.600,-1.499,-1,800.000,-1,-1,100.000,725.000,650.000,175.000,50.000,125.000,300.000,-1,-1,-1,-1,-1,-1,2,0,2,2,1,1,1,0,1,0,0,2,2,2,2,2,2
36,2295.770,-4919.495,150.728,-12.899,0.972070,0.223165,0.072648,-0.220716,0.974507,-0.040252,-0.079779,0.023094,0.996545,1,0.00000,0.00000,4.800,0.221,325.000,450.000,-1,450.000,-1,400.000,375.000,275.000,300.000,-1,-1,175.000,-1,775.000,750.000,-1,-1,1,1,2,0,2,0,0,1,0,2,2,0,2,1,0,2,2
37,2300.445,-4920.586,150.217,-13.139,0.971130,0.227248,0.072566,-0.224828,0.973575,-0.040045,-0.079748,0.022574,0.996559,0,0.08000,-0.12000,4.800,-0.240,325.000,450.000,-1,450.000,-1,400.000,375.000,275.000,300.000,-1,-1,175.000,-1,775.000,750.000,-1,-1,1,1,2,0,2,0,0,1,0,2,2,0,2,1,0,2,2
38,2309.780,-4922.825,149.209,-13.491,0.969723,0.233234,0.072378,-0.230854,0.972175,-0.039776,-0.079641,0.021863,0.996584,0,0.16000,-0.17615,9.600,-0.352,325.000,450.000,-1,450.000,-1,400.000,375.000,275.000,300.000,-1,-1,175.000,-1,775.000,750.000,-1,-1,1,1,2,0,2,0,0,1,0,2,2,0,2,1,0,2,2
39,2323.762,-4926.269,147.716,-13.837,0.968316,0.239101,0.072075,-0.236760,0.970762,-0.039562,-0.079427,0.021244,0.996614,0,0.24000,-0.17293,14.400,-0.346,325.000,450.000,-1,450.000,-1,400.000,375.000,250.000,300.000,-1,400.000,175.000,-1,800.000,750.000,-1,-1,1,1,2,0,2,0,0,1,0,2,0,0,2,1,0,2,2
40,2342.377,-4930.971,145.721,-14.174,0.966913,0.244813,0.071733,-0.242512,0.969351,-0.039336,-0.079164,0.020639,0.996648,0,0.32000,-0.16860,19.200,-0.337,325.000,450.000,-1,450.000,-1,375.000,375.000,250.000,300.000,-1,400.000,175.000,-1,800.000,750.000,-1,-1,1,1,2,0,2,0,0,1,0,2,0,0,2,1,0,2,2
41,2365.613,-4936.980,143.205,-14.500,0.965520,0.250332,0.071445,-0.248076,0.967954,-0.039018,-0.078923,0.019949,0.996681,0,0.40000,-0.16313,24.000,-0.326,350.000,475.000,-1,425.000,-1,375.000,375.000,225.000,300.000,-1,400.000,175.000,-1,825.000,725.000,-1,-1,1,1,2,0,2,0,0,1,0,2,0,0,2,1,0,2,2
42,2393.455,-4944.343,140.145,-14.813,0.964143,0.255620,0.071326,-0.253420,0.966590,-0.038512,-0.078787,0.019055,0.996709,0,0.48000,-0.15647,28.800,-0.313,375.000,475.000,-1,425.000,-1,375.000,375.000,225.000,300.000,-1,400.000,175.000,-1,825.000,725.000,-1,-1,1,1,2,0,2,0,0,1,0,2,0,0,2,1,0,2,2
43,2425.894,-4953.102,136.514,-15.110,0.962785,0.260636,0.071510,-0.258508,0.965273,-0.037706,-0.078854,0.017817,0.996727,0,0.56000,-0.14858,33.600,-0.297,400.000,475.000,-1,425.000,-1,375.000,350.000,200.000,300.000,-1,400.000,175.000,-1,850.000,725.000,-1,-1,1,0,2,0,2,0,0,1,0,2,0,0,2,1,0,2,2
44,2462.917,-4963.292,132.283,-15.389,0.961452,0.265338,0.072151,-0.263310,0.964021,-0.036478,-0.079234,0.016074,0.996726,0,0.64000,-0.13943,38.400,-0.279,425.000,475.000,-1,425.000,-1,375.000,350.000,200.000,300.000,-1,400.000,175.000,-1,850.000,700.000,-1,-1,1,0,2,0,2,0,0,1,0,2,0,0,2,1,0,2,2
45,2504.515,-4974.946,127.417,-15.650,0.960131,0.269734,0.073427,-0.267842,0.962838,-0.034683,-0.080054,0.013633,0.996697,0,0.72000,-0.13041,43.200,-0.261,450.000,450.000,-1,400.000,-1,350.000,350.000,175.000,300.000,-1,400.000,200.000,-1,850.000,700.000,-1,-1,1,0,2,0,2,0,0,1,0,2,0,0,2,0,0,2,2
46,2550.678,-4988.102,122.565,-15.906,0.958635,0.274044,0.076929,-0.272057,0.961629,-0.035425,-0.083686,0.013030,0.996407,0,0.80000,-0.12827,48.000,-0.257,450.000,450.000,-1,400.000,975.000,350.000,325.000,175.000,300.000,-1,550.000,300.000,-1,800.000,650.000,-1,-1,1,0,2,0,0,0,0,1,0,2,0,0,2,0,0,2,2
47,2601.394,-5002.797,117.997,-16.159,0.956931,0.278272,0.082744,-0.275831,0.960380,-0.039836,-0.090551,0.015297,0.995774,0,0.88000,-0.12630,52.800,-0.253,475.000,425.000,-1,375.000,825.000,325.000,325.000,175.000,300.000,-1,-1,650.000,-1,750.000,625.000,-1,875.000,1,0,2,0,0,0,0,1,0,2,2,0,2,0,0,2,0
48,2651.707,-5017.613,113.325,-16.408,0.955234,0.282443,0.088060,-0.279604,0.959138,-0.043319,-0.096697,0.016758,0.995173,0,0.87413,-0.12467,52.448,-0.249,500.000,400.000,-1,350.000,725.000,325.000,300.000,175.000,275.000,-1,-1,-1,-1,700.000,575.000,1000.000,750.000,1,0,2,0,0,0,0,1,0,2,2,2,2,0,0,1,0
49,2701.253,-5032.437,108.550,-16.656,0.953549,0.286576,0.092841,-0.283418,0.957899,-0.045865,-0.102076,0.017422,0.994624,0,0.86193,-0.12362,51.716,-0.247,500.000,375.000,-1,350.000,625.000,300.000,300.000,175.000,275.000,-1,-1,-1,-1,675.000,550.000,950.000,650.000,1,0,2,0,0,0,0,1,0,2,2,2,2,0,0,1,0
50,2750.025,-5047.256,104.234,-16.902,0.951963,0.290701,0.096228,-0.287591,0.956693,-0.045061,-0.105160,0.015222,0.994339,0,0.84955,-0.12316,50.973,-0.246,525.000,375.000,-1,325.000,575.000,300.000,275.000,150.000,275.000,-1,-1,-1,-1,625.000,525.000,925.000,600.000,1,0,2,0,0,0,0,1,0,2,2,2,2,0,0,1,0
51,2798.028,-5062.068,99.969,-17.148,0.950401,0.294829,0.099070,-0.291947,0.955478,-0.042756,-0.107265,0.011712,0.994162,0,0.83725,-0.12325,50.235,-0.247,525.000,375.000,-1,325.000,550.000,300.000,275.000,150.000,300.000,-1,-1,-1,-1,600.000,525.000,900.000,575.000,1,0,2,0,0,0,0,1,0,2,2,2,2,0,0,1,0
52,2845.281,-5076.872,95.621,-17.396,0.948836,0.298970,0.101620,-0.296435,0.954234,-0.039551,-0.108794,0.007404,0.994037,0,0.82529,-0.12389,49.517,-0.248,525.000,350.000,-1,325.000,525.000,275.000,275.000,175.000,300.000,-1,-1,-1,-1,575.000,500.000,850.000,525.000,1,0,2,0,0,0,0,1,0,2,2,2,2,0,0,0,0
53,2891.813,-5091.675,92.305,-17.646,0.947786,0.303133,0.099055,-0.300730,0.952923,-0.038712,-0.106127,0.006902,0.994329,0,0.81385,-0.12503,48.831,-0.250,525.000,350.000,-1,325.000,525.000,275.000,275.000,175.000,300.000,-1,-1,-1,-1,575.000,500.000,850.000,525.000,1,0,2,0,0,0,0,1,0,2,2,2,2,0,0,0,0
54,2937.666,-5106.484,89.164,-17.900,0.946837,0.307343,0.095075,-0.305095,0.951575,-0.037704,-0.102059,0.006692,0.994756,0,0.80311,-0.12665,48.187,-0.253,575.000,350.000,-1,325.000,525.000,275.000,275.000,175.000,300.000,-1,-1,-1,-1,575.000,500.000,850.000,525.000,1,0,2,0,0,0,0,1,0,2,2,2,2,0,1,0,0
55,2982.887,-5121.315,85.938,-18.157,0.945858,0.311617,0.090813,-0.309610,0.950190,-0.035776,-0.097438,0.005723,0.995225,0,0.79319,-0.12872,47.591,-0.257,600.000,350.000,-1,325.000,525.000,300.000,275.000,200.000,300.000,-1,-1,-1,-1,575.000,500.000,850.000,550.000,1,0,2,0,0,0,0,1,0,2,2,2,2,0,1,0,0
56,3027.526,-5136.180,82.625,-18.419,0.944839,0.315968,0.086278,-0.314272,0.948761,-0.032937,-0.092265,0.004005,0.995726,0,0.78418,-0.13118,47.051,-0.262,625.000,350.000,-1,325.000,550.000,300.000,275.000,200.000,300.000,-1,-1,-1,-1,575.000,500.000,850.000,525.000,1,0,2,0,0,0,0,1,0,2,2,2,2,0,1,0,1
57,3071.637,-5151.100,79.224,-18.687,0.943770,0.320405,0.081482,-0.319077,0.947279,-0.029188,-0.086539,0.001548,0.996247,0,0.77611,-0.13403,46.567,-0.268,675.000,350.000,-1,325.000,575.000,300.000,275.000,200.000,300.000,400.000,-1,-1,-1,550.000,500.000,850.000,525.000,1,0,2,0,1,0,0,1,0,1,2,2,2,0,1,0,1
58,3115.273,-5166.092,75.730,-18.962,0.942641,0.324939,0.076434,-0.324016,0.945734,-0.024528,-0.080256,-0.001644,0.996773,0,0.76901,-0.13721,46.141,-0.274,725.000,350.000,-1,325.000,550.000,275.000,275.000,200.000,300.000,325.000,-1,925.000,-1,550.000,475.000,850.000,500.000,1,0,2,0,1,0,0,1,0,1,2,0,2,0,1,0,1
59,3158.486,-5181.176,72.141,-19.243,0.941445,0.329575,0.071140,-0.329077,0.944113,-0.018950,-0.073410,-0.005570,0.997286,0,0.76286,-0.14071,45.772,-0.281,775.000,350.000,-1,325.000,525.000,275.000,275.000,225.000,300.000,300.000,800.000,675.000,-1,550.000,475.000,850.000,475.000,1,0,2,0,1,0,0,1,0,1,0,0,2,0,1,0,1
60,3201.327,-5196.373,68.579,-19.532,0.940157,0.334322,0.065826,-0.334208,0.942409,-0.013065,-0.066403,-0.009716,0.997746,0,0.75763,-0.14449,45.458,-0.289,825.000,350.000,-1,325.000,500.000,275.000,275.000,225.000,300.000,275.000,500.000,575.000,-1,550.000,475.000,850.000,475.000,1,0,2,0,1,0,0,1,0,1,1,0,2,0,1,0,1
61,3243.843,-5211.704,65.531,-19.829,0.938887,0.339195,0.058631,-0.339307,0.940639,-0.008330,-0.057976,-0.012073,0.998245,0,0.75329,-0.14853,45.197,-0.297,925.000,350.000,-1,325.000,475.000,275.000,275.000,225.000,300.000,275.000,425.000,475.000,-1,575.000,475.000,900.000,450.000,1,0,2,1,1,0,0,1,0,1,1,0,2,0,1,0,1
62,3283.370,-5226.001,62.770,-19.886,0.938972,0.340123,0.051458,-0.340388,0.940277,-0.003794,-0.049675,-0.013953,0.998668,0,0.70057,-0.02853,42.034,-0.057,1000.000,350.000,-1,325.000,450.000,275.000,275.000,225.000,300.000,275.000,400.000,400.000,-1,575.000,450.000,950.000,425.000,1,0,2,1,1,0,0,1,0,1,1,0,2,0,1,0,1
63,3327.461,-5241.791,59.666,-19.703,0.940461,0.337108,0.043487,-0.337494,0.941326,0.001649,-0.040379,-0.016228,0.999053,0,0.78057,0.09147,46.834,0.183,-1,350.000,-1,325.000,425.000,300.000,275.000,225.000,300.000,275.000,375.000,325.000,-1,600.000,450.000,-1,400.000,2,0,2,1,1,0,0,1,0,1,0,0,2,0,1,2,1
64,3371.967,-5257.358,57.070,-19.281,0.943188,0.330123,0.037615,-0.330653,0.943712,0.008688,-0.032630,-0.020632,0.999255,0,0.78584,0.21147,47.151,0.423,-1,350.000,-1,325.000,400.000,300.000,275.000,250.000,300.000,275.000,325.000,300.000,-1,600.000,450.000,-1,400.000,2,0,2,1,1,0,0,1,0,1,0,0,2,0,1,2,1
65,3416.312,-5272.295,55.238,-18.618,0.947200,0.319126,0.031168,-0.319783,0.947302,0.018917,-0.023489,-0.027885,0.999335,0,0.77990,0.33147,46.794,0.663,-1,350.000,-1,325.000,375.000,300.000,300.000,250.000,300.000,275.000,275.000,275.000,-1,625.000,450.000,-1,375.000,2,0,2,1,1,0,0,1,0,1,0,0,2,0,1,2,1
66,3460.596,-5286.439,54.782,-17.715,0.952280,0.304119,0.025953,-0.304752,0.952093,0.025399,-0.016986,-0.032096,0.999340,0,0.77480,0.45147,46.488,0.903,-1,350.000,-1,325.000,350.000,300.000,300.000,250.000,325.000,275.000,275.000,275.000,-1,625.000,450.000,-1,350.000,2,0,2,1,1,0,0,1,0,1,0,0,2,0,1,2,1
67,3504.908,-5299.624,54.913,-16.572,0.958280,0.285040,0.021257,-0.285590,0.957877,0.030164,-0.011764,-0.034977,0.999319,0,0.77055,0.57147,46.233,1.143,-1,375.000,-1,325.000,325.000,300.000,300.000,250.000,325.000,300.000,300.000,300.000,-1,650.000,425.000,-1,350.000,2,0,2,1,1,0,0,1,0,1,0,0,2,0,1,2,1
68,3549.328,-5311.682,55.125,-15.189,0.964982,0.261809,0.016319,-0.262235,0.964366,0.035074,-0.006555,-0.038125,0.999251,0,0.76712,0.69147,46.027,1.383,-1,375.000,-1,325.000,300.000,300.000,300.000,250.000,325.000,325.000,250.000,300.000,-1,675.000,450.000,-1,325.000,2,0,2,1,1,0,0,1,0,1,0,0,2,0,1,2,1
69,3593.912,-5322.466,55.350,-13.599,0.971949,0.234924,0.011199,-0.235186,0.971135,0.039811,-0.001523,-0.041328,0.999144,0,0.76450,0.79487,45.870,1.590,-1,375.000,-1,325.000,275.000,325.000,325.000,250.000,350.000,325.000,225.000,300.000,-1,675.000,450.000,-1,325.000,2,0,2,1,1,0,0,1,0,1,0,0,2,0,1,2,1
70,3638.665,-5331.988,55.551,-12.012,0.978129,0.207914,0.005959,-0.207972,0.977133,0.044249,0.003377,-0.044520,0.999003,0,0.76258,0.79338,45.755,1.587,-1,400.000,-1,325.000,275.000,325.000,325.000,250.000,350.000,350.000,200.000,275.000,-1,700.000,475.000,-1,300.000,2,0,2,1,1,0,0,1,0,1,0,0,2,0,1,2,1
71,3683.559,-5340.249,55.687,-10.429,0.983518,0.180807,0.000697,-0.180629,0.982368,0.048225,0.008035,-0.047556,0.998836,0,0.76080,0.79178,45.648,1.584,-1,400.000,-1,350.000,250.000,325.000,325.000,250.000,350.000,350.000,175.000,250.000,-1,725.000,525.000,-1,300.000,2,0,2,1,1,0,0,1,1,1,0,0,2,0,1,2,1
72,3733.374,-5348.214,55.849,-9.085,0.987474,0.157695,-0.005212,-0.157208,0.986163,0.052606,0.013436,-0.051127,0.998602,0,0.84080,0.67178,50.448,1.344,-1,400.000,-1,350.000,250.000,325.000,350.000,250.000,325.000,375.000,175.000,225.000,-1,750.000,575.000,-1,300.000,2,0,2,1,1,0,0,1,1,1,0,0,2,0,1,2,1
73,3786.543,-5355.667,56.051,-7.982,0.990274,0.138643,-0.011615,-0.137765,0.988804,0.057332,0.019434,-0.055175,0.998288,0,0.89480,0.55178,53.688,1.104,-1,400.000,-1,375.000,225.000,350.000,350.000,250.000,275.000,375.000,150.000,200.000,-1,775.000,650.000,-1,300.000,2,0,2,1,1,0,0,1,1,1,0,0,2,0,1,2,1
74,3839.538,-5362.229,56.266,-7.060,0.992280,0.122699,-0.018060,-0.121372,0.990669,0.062000,0.025499,-0.059330,0.997913,0,0.89001,0.46057,53.400,0.921,-1,425.000,-1,400.000,225.000,350.000,350.000,250.000,250.000,375.000,125.000,200.000,-1,800.000,900.000,-1,-1,2,0,2,1,1,0,0,1,1,1,0,0,2,0,0,2,2
75,3897.379,-5368.693,56.626,-6.379,0.993514,0.110880,-0.025223,-0.108972,0.991755,0.067432,0.032492,-0.064246,0.997405,0,0.97001,0.34057,58.200,0.681,-1,425.000,-1,400.000,225.000,350.000,375.000,250.000,250.000,375.000,125.000,175.000,-1,825.000,975.000,-1,-1,2,0,2,1,1,0,0,1,1,1,0,0,2,0,0,2,2
76,3957.057,-5374.900,58.118,-5.938,0.994170,0.103225,-0.031152,-0.100846,0.992426,0.070150,0.038158,-0.066599,0.997050,0,1.00000,0.22057,60.000,0.441,-1,425.000,-1,425.000,-1,375.000,375.000,250.000,225.000,400.000,125.000,200.000,-1,850.000,-1,-1,-1,2,0,2,1,2,0,0,1,1,1,0,0,2,0,2,2,2
77,4016.757,-5380.897,59.338,-5.737,0.994516,0.099735,-0.031475,-0.097313,0.992728,0.070854,0.038312,-0.067402,0.996990,0,1.00000,0.10057,60.000,0.201,-1,425.000,-1,450.000,-1,375.000,375.000,250.000,200.000,425.000,175.000,250.000,-1,850.000,-1,-1,-1,2,0,2,1,2,0,0,1,1,1,0,0,2,0,2,2,2
78,4076.452,-5386.935,60.501,-5.776,0.994468,0.100405,-0.030848,-0.098008,0.992629,0.071291,0.037779,-0.067874,0.996978,0,1.00000,-0.01943,60.000,-0.039,-1,425.000,-1,450.000,-1,350.000,375.000,250.000,175.000,425.000,225.000,300.000,-1,850.000,-1,-1,-1,2,0,2,1,2,0,0,1,1,1,0,0,2,0,2,2,2
79,4136.118,-5393.263,61.771,-6.055,0.993999,0.105230,-0.029881,-0.102859,0.992079,0.072103,0.037231,-0.068597,0.996949,0,1.00000,-0.13943,60.000,-0.279,-1,425.000,-1,450.000,-1,350.000,375.000,275.000,175.000,450.000,275.000,350.000,-1,850.000,-1,-1,-1,2,0,2,1,2,0,0,1,1,1,0,0,2,0,2,2,2
80,4195.723,-5400.131,63.106,-6.574,0.993046,0.114203,-0.028588,-0.111867,0.991031,0.073100,0.036680,-0.069394,0.996915,0,1.00000,-0.25943,60.000,-0.519,-1,425.000,-1,475.000,-1,350.000,375.000,275.000,150.000,450.000,325.000,400.000,-1,825.000,-1,-1,-1,2,0,2,1,2,0,0,1,1,1,0,0,2,0,2,2,2
81,4255.233,-5407.788,64.469,-7.332,0.991497,0.127312,-0.026939,-0.125028,0.989383,0.074092,0.036086,-0.070094,0.996888,0,1.00000,-0.37943,60.000,-0.759,-1,425.000,-1,475.000,-1,350.000,375.000,275.000,150.000,450.000,400.000,450.000,-1,825.000,-1,-1,-1,2,0,2,0,2,0,0,1,1,1,0,0,2,0,2,2,2
82,4314.225,-5416.426,65.815,-8.331,0.989186,0.144536,-0.024890,-0.142330,0.986983,0.074883,0.035389,-0.070531,0.996882,0,0.99368,-0.49943,59.621,-0.999,-1,425.000,-1,475.000,-1,350.000,375.000,275.000,150.000,450.000,450.000,525.000,-1,825.000,-1,-1,-1,2,0,2,0,2,0,0,1,1,1,0,0,2,0,2,2,2
83,4372.469,-5426.060,67.104,-9.392,0.986413,0.162788,-0.022102,-0.160727,0.984131,0.075185,0.033991,-0.070611,0.996925,0,0.98392,-0.53056,59.035,-1.061,-1,425.000,-1,475.000,-1,350.000,375.000,275.000,150.000,450.000,525.000,600.000,-1,800.000,-1,-1,-1,2,0,2,0,2,0,0,1,1,1,0,0,2,0,2,2,2
84,4429.950,-5436.667,68.334,-10.455,0.983309,0.181010,-0.018391,-0.179177,0.980962,0.074898,0.031598,-0.070353,0.997022,0,0.97418,-0.53119,58.451,-1.062,-1,425.000,-1,475.000,-1,350.000,350.000,275.000,150.000,475.000,625.000,675.000,-1,800.000,-1,-1,-1,2,0,2,0,2,0,0,0,1,1,0,0,2,0,2,2,2
85,4486.651,-5448.220,69.510,-11.517,0.979868,0.199179,-0.013670,-0.197661,0.977476,0.073964,0.028094,-0.069773,0.997167,0,0.96444,-0.53130,57.866,-1.063,-1,400.000,-1,450.000,-1,350.000,350.000,275.000,150.000,475.000,725.000,800.000,-1,775.000,-1,-1,-1,2,0,2,0,2,0,0,0,1,1,0,0,2,0,2,2,2
86,4542.569,-5460.699,70.733,-12.579,0.976080,0.217278,-0.007645,-0.216186,0.973703,0.071881,0.023062,-0.068508,0.997384,0,0.95489,-0.53092,57.294,-1.062,-1,400.000,-1,450.000,-1,325.000,350.000,275.000,150.000,500.000,875.000,950.000,-1,750.000,1000.000,-1,-1,2,0,2,0,2,0,0,0,1,1,0,0,2,0,0,2,2
87,4597.711,-5474.079,71.986,-13.639,0.971926,0.235285,0.000050,-0.234735,0.969636,0.068597,0.016091,-0.066683,0.997644,0,0.94569,-0.53006,56.742,-1.060,-1,375.000,-1,425.000,-1,325.000,350.000,275.000,175.000,500.000,-1,-1,-1,700.000,925.000,-1,-1,2,0,2,0,2,0,0,0,1,1,2,2,2,0,0,2,2
88,4652.090,-5488.344,72.809,-14.697,0.967385,0.253195,0.007633,-0.253160,0.965336,0.063537,0.008719,-0.063397,0.997950,0,0.93698,-0.52875,56.219,-1.058,1000.000,375.000,-1,425.000,-1,325.000,325.000,275.000,175.000,525.000,-1,-1,-1,675.000,875.000,-1,-1,0,0,2,0,2,0,0,0,1,1,2,2,2,0,0,2,2
89,4705.729,-5503.474,73.822,-15.751,0.962532,0.270951,0.010807,-0.271101,0.960661,0.060285,0.005953,-0.060956,0.998123,0,0.92886,-0.52701,55.731,-1.054,950.000,375.000,-1,400.000,-1,300.000,325.000,275.000,175.000,550.000,-1,-1,-1,675.000,850.000,-1,-1,0,0,2,0,2,0,0,0,1,1,2,2,2,0,0,2,2
90,4758.654,-5519.454,75.259,-16.801,0.957388,0.288519,0.012880,-0.288767,0.955579,0.059012,0.004718,-0.060217,0.998174,0,0.92140,-0.52488,55.284,-1.050,925.000,375.000,-1,400.000,-1,300.000,325.000,275.000,200.000,575.000,-1,-1,-1,675.000,850.000,-1,-1,0,0,2,0,2,0,0,0,1,1,2,2,2,0,0,2,2
91,4810.894,-5536.272,76.600,-17.845,0.951946,0.305912,0.014741,-0.306246,0.950214,0.057512,0.003587,-0.059263,0.998236,0,0.91467,-0.52238,54.880,-1.045,900.000,375.000,-1,400.000,-1,300.000,325.000,275.000,225.000,625.000,-1,-1,-1,650.000,850.000,-1,-1,0,0,2,0,2,0,0,0,1,1,2,2,2,0,0,2,2
92,4862.479,-5553.919,77.825,-18.885,0.946219,0.323116,0.016310,-0.323517,0.944578,0.055751,0.002608,-0.058030,0.998311,0,0.90867,-0.51954,54.520,-1.039,900.000,375.000,-1,400.000,-1,300.000,325.000,275.000,225.000,650.000,-1,-1,325.000,650.000,850.000,-1,-1,0,0,2,0,2,0,0,0,1,1,2,2,1,0,0,2,2
93,4913.442,-5572.386,78.914,-19.917,0.940219,0.340120,0.017506,-0.340565,0.938686,0.053701,0.001832,-0.056452,0.998404,0,0.90342,-0.51638,54.205,-1.033,900.000,375.000,-1,400.000,-1,300.000,325.000,275.000,250.000,700.000,-1,-1,350.000,650.000,850.000,-1,-1,0,0,2,0,2,0,0,0,1,1,2,2,1,0,0,2,2
94,4963.814,-5591.666,79.850,-20.943,0.933960,0.356911,0.018246,-0.357375,0.932549,0.051337,0.001308,-0.054467,0.998515,0,0.89891,-0.51294,53.934,-1.026,925.000,375.000,-1,400.000,-1,300.000,325.000,275.000,275.000,750.000,-1,-1,375.000,650.000,850.000,-1,-1,0,0,2,0,2,0,0,0,1,1,2,2,1,0,0,2,2
95,5013.622,-5611.753,80.612,-21.962,0.927455,0.373480,0.018446,-0.373933,0.926179,0.048644,0.001083,-0.052012,0.998646,0,0.89510,-0.50924,53.706,-1.018,925.000,375.000,-1,400.000,-1,300.000,325.000,275.000,300.000,800.000,-1,-1,375.000,650.000,850.000,-1,-1,0,0,2,0,2,0,0,0,1,1,2,2,1,0,0,2,2
96,5062.895,-5632.642,81.182,-22.972,0.920717,0.389815,0.018022,-0.390230,0.919587,0.045609,0.001206,-0.049026,0.998797,0,0.89196,-0.50529,53.518,-1.011,925.000,375.000,-1,400.000,-1,300.000,325.000,275.000,325.000,850.000,-1,-1,400.000,675.000,850.000,-1,-1,0,0,2,0,2,0,0,0,1,1,2,2,1,0,0,2,2
97,5111.658,-5654.329,81.533,-23.974,0.913758,0.405909,0.016877,-0.406256,0.912781,0.042272,0.001753,-0.045483,0.998964,0,0.88946,-0.50112,53.368,-1.002,950.000,375.000,-1,400.000,-1,325.000,325.000,275.000,325.000,925.000,-1,-1,400.000,675.000,850.000,-1,-1,0,0,2,0,2,0,0,0,0,1,2,2,1,0,0,2,2
98,5159.934,-5676.810,81.602,-24.968,0.906591,0.421747,0.014871,-0.421999,0.905763,0.038857,0.002918,-0.041503,0.999134,0,0.88756,-0.49674,53.254,-0.993,950.000,375.000,-1,400.000,-1,325.000,325.000,275.000,325.000,1000.000,-1,-1,400.000,675.000,850.000,-1,-1,0,0,2,0,2,0,0,0,0,1,2,2,1,0,0,2,2
99,5207.743,-5700.082,81.553,-25.952,0.899228,0.437334,0.011274,-0.437450,0.898567,0.034862,0.005116,-0.036281,0.999329,0,0.88621,-0.49217,53.172,-0.984,1000.000,375.000,-1,400.000,-1,325.000,325.000,275.000,325.000,-1,-1,-1,425.000,700.000,875.000,-1,-1,0,0,2,0,2,0,0,0,0,2,2,2,1,0,0,2,2
100,5255.105,-5724.141,81.250,-26.927,0.891664,0.452650,0.006539,-0.452626,0.891176,0.030589,0.008019,-0.030235,0.999511,0,0.88537,-0.48743,53.122,-0.975,-1,375.000,-1,400.000,-1,325.000,325.000,275.000,300.000,-1,-1,-1,425.000,725.000,875.000,-1,-1,2,0,2,0,2,0,0,0,0,2,2,2,1,0,0,2,2
101,5302.035,-5748.983,80.649,-27.892,0.883897,0.467681,0.000709,-0.467538,0.883587,0.026119,0.011588,-0.023418,0.999659,0,0.88500,-0.48252,53.100,-0.965,-1,400.000,-1,400.000,-1,325.000,325.000,300.000,300.000,-1,-1,-1,425.000,725.000,900.000,-1,-1,2,0,2,0,2,0,0,0,1,2,2,2,1,0,0,2,2
102,5344.434,-5772.118,80.813,-28.617,0.877891,0.478858,-0.001321,-0.478697,0.877661,0.023690,0.012504,-0.020164,0.999718,0,0.80500,-0.36252,48.300,-0.725,-1,400.000,-1,425.000,-1,325.000,325.000,300.000,300.000,-1,-1,-1,425.000,725.000,900.000,-1,-1,2,0,2,0,2,0,0,0,1,2,2,2,1,0,0,2,2
103,5382.442,-5793.275,81.379,-29.102,0.873802,0.486281,-0.001123,-0.486137,0.873595,0.022430,0.011888,-0.019053,0.999748,0,0.72500,-0.24252,43.500,-0.485,-1,400.000,-1,425.000,-1,325.000,325.000,300.000,275.000,-1,-1,-1,450.000,725.000,900.000,-1,-1,2,0,2,0,2,0,0,0,1,2,2,2,1,0,0,2,2
104,5416.175,-5812.242,81.847,-29.347,0.871710,0.490021,-0.000933,-0.489892,0.871521,0.021371,0.011286,-0.018172,0.999771,0,0.64500,-0.12252,38.700,-0.245,-1,400.000,-1,425.000,-1,325.000,325.000,300.000,275.000,-1,-1,-1,475.000,725.000,900.000,-1,-1,2,0,2,0,2,0,0,0,1,2,2,2,1,0,0,2,2
105,5445.720,-5828.864,82.257,-29.363,0.871577,0.490259,-0.000782,-0.490140,0.871400,0.020622,0.010792,-0.017590,0.999787,0,0.56500,-0.00764,33.900,-0.015,-1,400.000,-1,425.000,-1,325.000,325.000,300.000,275.000,-1,-1,-1,475.000,725.000,875.000,-1,-1,2,0,2,0,2,0,0,0,1,2,2,2,1,0,0,2,2
106,5471.077,-5843.140,82.582,-29.379,0.871438,0.490506,-0.000645,-0.490397,0.871270,0.019988,0.010366,-0.017102,0.999800,0,0.48500,-0.00799,29.100,-0.016,-1,400.000,-1,425.000,-1,325.000,325.000,300.000,275.000,-1,-1,-1,500.000,725.000,875.000,-1,-1,2,0,2,0,2,0,0,0,1,2,2,2,1,0,0,2,2
107,5492.249,-5855.067,82.834,-29.395,0.871296,0.490758,-0.000524,-0.490656,0.871136,0.019465,0.010010,-0.016703,0.999810,0,0.40500,-0.00818,24.300,-0.016,-1,400.000,-1,425.000,-1,325.000,325.000,300.000,275.000,-1,-1,-1,525.000,725.000,875.000,-1,-1,2,0,2,0,2,0,0,0,1,2,2,2,1,0,0,2,2
108,5509.235,-5864.643,82.971,-29.411,0.871152,0.491013,-0.000383,-0.490920,0.871002,0.018800,0.009565,-0.016189,0.999823,0,0.32500,-0.00824,19.500,-0.016,-1,400.000,-1,425.000,-1,325.000,325.000,300.000,275.000,-1,-1,-1,525.000,725.000,875.000,-1,-1,2,0,2,0,2,0,0,0,1,2,2,2,1,0,0,2,2
109,5522.038,-5871.865,83.047,-29.428,0.871009,0.491267,-0.000261,-0.491181,0.870867,0.018211,0.009173,-0.015734,0.999834,0,0.24500,-0.00824,14.700,-0.016,-1,400.000,-1,425.000,-1,325.000,325.000,300.000,250.000,-1,-1,-1,525.000,700.000,875.000,-1,-1,2,0,2,0,2,0,0,0,1,2,2,2,1,0,0,2,2
110,5539.059,-5881.380,83.152,-29.204,0.872917,0.487870,-0.000104,-0.487793,0.872784,0.017479,0.008618,-0.015207,0.999847,0,0.32500,0.11176,19.500,0.224,-1,400.000,-1,425.000,-1,325.000,325.000,300.000,250.000,-1,-1,-1,550.000,700.000,875.000,-1,-1,2,0,2,0,2,0,0,0,1,2,2,2,1,0,0,2,2
111,5560.365,-5893.064,83.278,-28.741,0.876832,0.480797,0.000085,-0.480732,0.876710,0.016622,0.007917,-0.014615,0.999862,0,0.40500,0.23176,24.300,0.464,-1,400.000,-1,425.000,-1,325.000,325.000,300.000,250.000,-1,-1,-1,550.000,700.000,850.000,-1,-1,2,0,2,0,2,0,0,0,1,2,2,2,1,0,0,2,2
112,5586.016,-5906.805,83.414,-28.177,0.881514,0.472158,0.000303,-0.472104,0.881404,0.015643,0.007119,-0.013932,0.999878,0,0.48500,0.28170,29.100,0.563,-1,400.000,-1,425.000,-1,325.000,325.000,300.000,250.000,-1,-1,-1,575.000,700.000,850.000,-1,-1,2,0,2,0,2,0,0,0,1,2,2,2,1,0,0,2,2
113,5616.055,-5922.518,83.547,-27.613,0.886118,0.463459,0.000548,-0.463417,0.886021,0.014556,0.006261,-0.013152,0.999894,0,0.56500,0.28214,33.900,0.564,-1,400.000,-1,425.000,-1,325.000,325.000,300.000,275.000,-1,-1,-1,600.000,675.000,850.000,-1,-1,2,0,2,0,2,0,0,0,1,2,2,2,1,0,0,2,2
114,5650.522,-5940.116,83.668,-27.047,0.890647,0.454694,0.000813,-0.454663,0.890563,0.013387,0.005363,-0.012293,0.999910,0,0.64500,0.28284,38.700,0.566,1000.000,375.000,-1,425.000,-1,325.000,325.000,300.000,275.000,-1,-1,-1,625.000,675.000,825.000,-1,-1,0,0,2,0,2,0,0,0,1,2,2,2,1,0,0,2,2
115,5689.458,-5959.512,83.766,-26.480,0.895106,0.445851,0.001094,-0.445831,0.895035,0.012167,0.004446,-0.011378,0.999925,0,0.72500,0.28390,43.500,0.568,975.000,375.000,-1,425.000,-1,325.000,325.000,300.000,275.000,-1,-1,-1,650.000,675.000,825.000,-1,-1,0,0,2,0,2,0,0,0,1,2,2,2,1,0,0,2,2
116,5732.903,-5980.616,83.866,-25.909,0.899500,0.436918,0.001419,-0.436907,0.899442,0.010755,0.003423,-0.010294,0.999941,0,0.80500,0.28538,48.300,0.571,925.000,375.000,-1,400.000,-1,325.000,325.000,300.000,300.000,-1,-1,-1,675.000,650.000,800.000,-1,-1,0,0,2,0,2,0,0,0,1,2,2,2,1,0,0,2,2
117,5777.660,-6001.805,84.000,-25.334,0.903834,0.427879,0.001817,-0.427877,0.903792,0.009045,0.002228,-0.008953,0.999957,0,0.82531,0.28739,49.519,0.575,900.000,375.000,-1,400.000,-1,300.000,325.000,300.000,325.000,-1,-1,-1,675.000,650.000,800.000,-1,-1,0,0,2,0,2,0,0,0,0,2,2,2,1,0,0,2,2
118,5822.337,-6022.406,84.125,-24.754,0.908113,0.418719,0.002232,-0.418724,0.908084,0.007304,0.001032,-0.007568,0.999971,0,0.81997,0.28982,49.198,0.580,850.000,375.000,-1,400.000,-1,300.000,325.000,300.000,325.000,-1,-1,-1,675.000,650.000,775.000,-1,-1,0,0,2,0,2,0,0,0,0,2,2,2,1,0,0,2,2
119,5866.959,-6042.431,84.650,-24.169,0.912341,0.409430,0.000560,-0.409428,0.912331,0.004622,0.001382,-0.004446,0.999989,0,0.81516,0.29259,48.910,0.585,850.000,375.000,-1,400.000,-1,300.000,325.000,300.000,325.000,-1,-1,-1,675.000,650.000,775.000,1000.000,-1,0,0,2,0,2,0,0,0,0,2,2,2,1,0,0,0,2
120,5911.552,-6061.893,85.141,-23.578,0.916516,0.399996,-0.001135,-0.399993,0.916516,0.002001,0.001840,-0.001380,0.999997,0,0.81091,0.29569,48.655,0.591,850.000,375.000,-1,400.000,-1,300.000,325.000,300.000,325.000,-1,-1,-1,650.000,650.000,775.000,1000.000,-1,0,0,2,0,2,0,0,0,0,2,2,2,1,0,0,0,2
121,5956.143,-6080.802,85.592,-22.980,0.920639,0.390405,-0.002816,-0.390408,0.920642,-0.000546,0.002379,0.001603,0.999996,0,0.80723,0.29910,48.434,0.598,850.000,375.000,-1,400.000,-1,300.000,325.000,300.000,325.000,-1,-1,-1,600.000,650.000,775.000,1000.000,-1,0,0,2,0,2,0,0,0,0,2,2,2,1,0,0,0,2
122,6000.759,-6099.168,86.050,-22.374,0.924709,0.380649,-0.004296,-0.380663,0.924709,-0.002921,0.002861,0.004337,0.999987,0,0.80414,0.30280,48.248,0.606,825.000,350.000,-1,400.000,-1,300.000,325.000,300.000,300.000,-1,-1,-1,600.000,650.000,775.000,975.000,-1,0,0,2,0,2,0,0,0,0,2,2,2,1,0,0,0,2
123,6045.429,-6116.999,86.673,-21.761,0.928725,0.370722,-0.006008,-0.370749,0.928723,-0.004329,0.003975,0.006248,0.999973,0,0.80162,0.30677,48.097,0.614,825.000,375.000,-1,400.000,-1,300.000,325.000,300.000,300.000,-1,-1,-1,600.000,650.000,775.000,975.000,-1,0,0,2,0,2,0,0,0,0,2,2,2,1,0,1,0,2
124,6090.180,-6134.301,87.292,-21.139,0.932676,0.360613,-0.008532,-0.360663,0.932681,-0.005244,0.006067,0.007968,0.999950,0,0.79967,0.31101,47.980,0.622,850.000,375.000,-1,400.000,-1,300.000,325.000,300.000,325.000,-1,-1,-1,600.000,650.000,750.000,1000.000,-1,0,0,2,0,2,0,0,0,0,2,2,2,1,0,1,0,2
125,6135.042,-6151.081,87.838,-20.508,0.936565,0.350315,-0.011162,-0.350395,0.936581,-0.006262,0.008260,0.009775,0.999918,0,0.79829,0.31549,47.897,0.631,850.000,375.000,-1,400.000,-1,300.000,325.000,300.000,325.000,-1,-1,-1,600.000,650.000,700.000,-1,950.000,0,0,2,0,2,0,0,0,0,2,2,2,1,0,1,2,1
126,6180.041,-6167.341,88.360,-19.867,0.940391,0.339819,-0.013709,-0.339935,0.940421,-0.007272,0.010421,0.011499,0.999880,0,0.79745,0.32020,47.847,0.640,850.000,375.000,-1,400.000,-1,300.000,325.000,300.000,325.000,-1,-1,-1,625.000,650.000,675.000,-1,900.000,0,0,2,0,2,0,0,0,0,2,2,2,1,0,1,2,1
127,6225.205,-6183.083,88.861,-19.217,0.944151,0.329117,-0.016181,-0.329275,0.944198,-0.008276,0.012554,0.013141,0.999835,0,0.79713,0.32514,47.828,0.650,850.000,375.000,1000.000,400.000,-1,325.000,325.000,300.000,325.000,-1,-1,900.000,650.000,650.000,650.000,-1,825.000,0,0,1,0,2,0,0,0,0,2,2,0,1,0,1,2,1
128,6270.557,-6198.307,89.343,-18.556,0.947841,0.318203,-0.018583,-0.318407,0.947909,-0.009274,0.014664,0.014707,0.999784,0,0.79733,0.33029,47.840,0.661,850.000,375.000,975.000,400.000,975.000,325.000,325.000,300.000,325.000,-1,-1,625.000,675.000,650.000,600.000,-1,775.000,0,0,1,0,1,0,0,0,0,2,2,0,1,0,1,2,1
129,6320.706,-6214.309,89.860,-17.698,0.952447,0.303967,-0.021172,-0.304229,0.952542,-0.010389,0.017009,0.016336,0.999722,0,0.87733,0.42892,52.640,0.858,850.000,375.000,950.000,400.000,875.000,325.000,325.000,300.000,325.000,-1,875.000,500.000,700.000,650.000,575.000,-1,700.000,0,0,1,1,1,1,1,0,0,2,0,0,1,0,1,2,1
130,6375.680,-6230.957,90.403,-16.848,0.956794,0.289781,-0.023908,-0.290110,0.956923,-0.011586,0.019520,0.018021,0.999647,0,0.95733,0.42540,57.440,0.851,850.000,375.000,925.000,375.000,775.000,300.000,325.000,300.000,325.000,-1,675.000,375.000,750.000,625.000,525.000,1000.000,625.000,0,1,1,1,1,1,1,0,0,2,0,0,1,0,1,0,1
131,6431.691,-6247.022,90.933,-16.005,0.960884,0.275671,-0.026604,-0.276073,0.961052,-0.012786,0.022043,0.019631,0.999564,0,0.97116,0.42126,58.270,0.843,850.000,350.000,900.000,350.000,675.000,300.000,300.000,300.000,300.000,-1,550.000,325.000,775.000,625.000,500.000,975.000,575.000,0,1,1,1,1,1,1,0,0,2,0,0,1,0,1,0,1
132,6483.241,-6261.223,91.550,-15.403,0.963674,0.265538,-0.028668,-0.266022,0.963857,-0.014579,0.023761,0.021676,0.999483,0,0.89116,0.30126,53.470,0.603,825.000,350.000,875.000,325.000,600.000,275.000,275.000,300.000,300.000,-1,475.000,300.000,825.000,625.000,450.000,975.000,500.000,0,1,1,1,1,1,1,0,0,2,0,0,1,0,1,0,1
