timestep,x_cm,y_cm,z_cm,yaw_deg,basis_xx,basis_xy,basis_xz,basis_yx,basis_yy,basis_yz,basis_zx,basis_zy,basis_zz,teleport_flag,throttle_cmd,steering_cmd,cmd_move_cm,cmd_turn_deg,lidar_cm_0,lidar_cm_1,lidar_cm_2,lidar_cm_3,lidar_cm_4,lidar_cm_5,lidar_cm_6,lidar_cm_7,lidar_cm_8,lidar_cm_9,lidar_cm_10,lidar_cm_11,lidar_cm_12,lidar_cm_13,lidar_cm_14,lidar_cm_15,lidar_cm_16,lidar_class_0,lidar_class_1,lidar_class_2,lidar_class_3,lidar_class_4,lidar_class_5,lidar_class_6,lidar_class_7,lidar_class_8,lidar_class_9,lidar_class_10,lidar_class_11,lidar_class_12,lidar_class_13,lidar_class_14,lidar_class_15,lidar_class_16
0,-1374.537,4746.145,-449.592,-14.377,0.968374,0.245530,0.044349,-0.249391,0.957866,0.142468,-0.007500,-0.149022,0.988805,1,0.08000,0.12000,4.800,0.240,-1,850.000,-1,375.000,-1,450.000,350.000,275.000,350.000,450.000,75.000,75.000,-1,-1,575.000,-1,1000.000,2,1,2,1,2,1,1,1,0,1,1,1,2,2,1,2,0
1,-1365.219,4743.839,-449.934,-13.897,0.970453,0.237503,0.042584,-0.241190,0.959914,0.142804,-0.006961,-0.148855,0.988835,0,0.16000,0.24000,9.600,0.480,-1,850.000,-1,375.000,-1,450.000,350.000,275.000,325.000,450.000,75.000,75.000,-1,-1,575.000,-1,1000.000,2,1,2,1,2,1,1,1,0,1,1,1,2,2,1,2,0
2,-1351.199,4740.564,-451.375,-13.177,0.973303,0.225299,0.043831,-0.229337,0.962297,0.146250,-0.009228,-0.152398,0.988276,0,0.24000,0.36000,14.400,0.720,-1,850.000,-1,375.000,-1,450.000,350.000,275.000,325.000,450.000,75.000,100.000,-1,-1,575.000,-1,950.000,2,1,2,1,2,1,1,1,0,1,1,1,2,2,1,2,0
3,-1332.433,4736.513,-453.402,-12.217,0.976839,0.208969,0.046018,-0.213594,0.965126,0.151357,-0.012784,-0.157681,0.987407,0,0.32000,0.48000,19.200,0.960,-1,850.000,-1,375.000,-1,475.000,350.000,250.000,325.000,425.000,100.000,100.000,-1,-1,575.000,-1,875.000,2,1,2,1,2,1,1,1,0,1,1,1,2,2,1,2,0
4,-1308.876,4731.943,-455.916,-11.017,0.980860,0.188502,0.048784,-0.193928,0.968215,0.157958,-0.017458,-0.164395,0.986240,0,0.40000,0.60000,24.000,1.200,-1,825.000,-1,375.000,-1,475.000,375.000,250.000,325.000,425.000,100.000,125.000,-1,-1,575.000,-1,775.000,2,1,2,1,2,1,1,1,0,1,1,1,2,2,1,2,0
5,-1280.492,4727.086,-458.880,-9.753,0.984571,0.166845,0.052749,-0.173411,0.970666,0.166541,-0.023415,-0.173119,0.984623,0,0.48000,0.63200,28.800,1.264,-1,800.000,-1,375.000,-1,500.000,375.000,225.000,325.000,425.000,125.000,150.000,-1,1000.000,575.000,-1,675.000,2,1,2,1,2,1,1,1,0,1,1,1,2,1,1,2,0
6,7543.222,983.898,-248.690,-76.989,0.224806,0.974240,0.017829,-0.974173,0.225113,-0.017653,-0.021212,-0.013400,0.999685,1,0.00000,0.00000,33.600,1.283,-1,375.000,-1,375.000,-1,300.000,300.000,325.000,300.000,550.000,475.000,500.000,-1,625.000,625.000,-1,-1,2,0,2,0,2,0,0,0,0,1,0,0,2,0,0,2,2
7,7544.322,979.226,-248.792,-76.749,0.228890,0.973290,0.017760,-0.973225,0.229193,-0.017424,-0.021029,-0.013296,0.999690,0,0.08000,0.12000,4.800,0.240,-1,375.000,-1,375.000,-1,300.000,300.000,325.000,300.000,550.000,475.000,500.000,-1,625.000,625.000,-1,-1,2,0,2,0,2,0,0,0,0,1,0,0,2,0,0,2,2
8,7546.601,969.900,-248.997,-76.269,0.237046,0.971339,0.017615,-0.971279,0.237339,-0.016967,-0.020662,-0.013087,0.999701,0,0.16000,0.24000,9.600,0.480,-1,375.000,-1,375.000,-1,300.000,300.000,325.000,300.000,550.000,475.000,500.000,-1,625.000,625.000,-1,-1,2,0,2,0,2,0,0,0,0,1,0,0,2,0,0,2,2
9,7550.194,955.956,-249.305,-75.549,0.249248,0.968284,0.017382,-0.968231,0.249527,-0.016286,-0.020106,-0.012770,0.999716,0,0.24000,0.36000,14.400,0.720,-1,375.000,-1,375.000,-1,300.000,300.000,325.000,300.000,575.000,475.000,500.000,-1,625.000,625.000,-1,-1,2,0,2,0,2,0,0,0,0,1,0,0,2,0,0,2,2
10,7555.296,937.446,-249.720,-74.589,0.265457,0.963972,0.017040,-0.963928,0.265717,-0.015383,-0.019357,-0.012342,0.999736,0,0.32000,0.48000,19.200,0.960,-1,375.000,-1,375.000,-1,300.000,300.000,325.000,300.000,575.000,475.000,525.000,-1,625.000,625.000,-1,1000.000,2,0,2,0,2,0,0,0,0,1,0,0,2,0,0,2,0
11,7562.127,914.439,-250.242,-73.465,0.284348,0.958578,0.016564,-0.958545,0.284584,-0.014261,-0.018384,-0.011822,0.999761,0,0.40000,0.56222,24.000,1.124,-1,375.000,-1,375.000,-1,300.000,300.000,325.000,300.000,600.000,500.000,525.000,-1,625.000,600.000,-1,975.000,2,0,2,0,2,0,0,0,0,1,0,0,2,0,0,2,0
12,7570.856,886.994,-250.866,-72.356,0.302880,0.952896,0.015924,-0.952875,0.303089,-0.012914,-0.017132,-0.011263,0.999790,0,0.48000,0.55461,28.800,1.109,-1,375.000,-1,375.000,-1,300.000,300.000,325.000,300.000,600.000,500.000,525.000,-1,625.000,600.000,-1,950.000,2,0,2,0,2,0,0,0,0,1,0,0,2,0,0,2,0
13,7581.648,855.174,-251.592,-71.265,0.321003,0.946958,0.015105,-0.946950,0.321181,-0.011341,-0.015591,-0.010663,0.999822,0,0.56000,0.54553,33.600,1.091,-1,375.000,-1,350.000,1000.000,300.000,300.000,325.000,300.000,625.000,500.000,525.000,-1,625.000,600.000,-1,925.000,2,0,2,0,0,0,0,0,0,1,0,0,2,0,0,2,0
14,7594.501,819.484,-252.412,-70.195,0.338665,0.940801,0.014100,-0.940806,0.338810,-0.009564,-0.013775,-0.010027,0.999855,0,0.63224,0.53500,37.934,1.070,-1,375.000,-1,350.000,950.000,300.000,300.000,325.000,300.000,650.000,475.000,475.000,-1,625.000,600.000,-1,900.000,2,0,2,0,0,0,0,0,0,1,0,0,2,0,0,2,0
15,7608.145,783.664,-253.243,-69.148,0.355821,0.934463,0.013004,-0.934478,0.355935,-0.007772,-0.011891,-0.009386,0.999885,0,0.63884,0.52314,38.330,1.046,-1,375.000,-1,350.000,925.000,300.000,300.000,325.000,300.000,675.000,425.000,425.000,-1,625.000,600.000,-1,875.000,2,0,2,0,0,0,0,0,0,1,0,0,2,0,0,2,0
16,7622.573,747.727,-253.868,-68.126,0.372454,0.927963,0.012788,-0.927990,0.372551,-0.006258,-0.010572,-0.009537,0.999899,0,0.64543,0.51118,38.726,1.022,-1,375.000,-1,350.000,875.000,300.000,300.000,325.000,300.000,725.000,425.000,425.000,-1,625.000,575.000,-1,850.000,2,0,2,0,0,0,0,0,0,1,0,0,2,0,0,2,0
17,7637.778,711.682,-254.257,-67.128,0.388576,0.921321,0.013253,-0.921373,0.388657,-0.004138,-0.008963,-0.010603,0.999904,0,0.65201,0.49912,39.121,0.998,-1,350.000,-1,350.000,850.000,300.000,300.000,325.000,300.000,750.000,400.000,425.000,-1,625.000,575.000,-1,825.000,2,0,2,0,0,0,0,0,0,1,0,0,2,0,0,2,0
18,7655.384,671.445,-254.221,-66.369,0.400762,0.916064,0.014735,-0.916165,0.400801,0.000336,-0.005598,-0.013635,0.999891,0,0.73201,0.37912,43.921,0.758,-1,350.000,-1,350.000,875.000,300.000,300.000,325.000,300.000,775.000,375.000,400.000,-1,625.000,575.000,-1,825.000,2,0,2,0,0,0,0,0,0,1,0,0,2,0,0,2,0
19,7673.646,630.714,-254.180,-65.851,0.409076,0.912357,0.016155,-0.912498,0.409051,0.004980,-0.002064,-0.016778,0.999857,0,0.74396,0.25912,44.638,0.518,-1,350.000,-1,350.000,875.000,300.000,300.000,300.000,325.000,800.000,350.000,375.000,-1,625.000,600.000,-1,850.000,2,0,2,0,0,0,0,0,0,1,0,0,2,0,0,2,0
20,7692.271,589.707,-254.143,-65.573,0.413563,0.910307,0.017539,-0.910474,0.413452,0.009700,0.001579,-0.019980,0.999799,0,0.75063,0.13912,45.038,0.278,-1,350.000,-1,350.000,875.000,300.000,300.000,300.000,325.000,825.000,325.000,375.000,-1,625.000,600.000,-1,850.000,2,0,2,0,0,0,0,0,0,1,0,0,2,0,0,2,0
21,7711.088,548.351,-253.784,-65.535,0.414224,0.909993,0.018197,-0.910165,0.414042,0.012999,0.004295,-0.021947,0.999750,0,0.75726,0.01912,45.436,0.038,-1,350.000,-1,350.000,875.000,300.000,300.000,300.000,325.000,875.000,350.000,375.000,-1,625.000,600.000,-1,850.000,2,0,2,0,0,0,0,0,0,1,0,0,2,0,0,2,0
22,7729.925,506.563,-253.230,-65.736,0.411074,0.911420,0.018241,-0.911575,0.410824,0.015981,0.007072,-0.023198,0.999706,0,0.76396,-0.10088,45.838,-0.202,-1,350.000,-1,350.000,875.000,300.000,300.000,300.000,325.000,900.000,350.000,400.000,-1,625.000,600.000,-1,850.000,2,0,2,0,0,0,0,0,0,1,0,0,2,0,0,2,0
23,7748.626,464.260,-252.152,-66.150,0.404557,0.914376,0.015817,-0.914440,0.404246,0.019602,0.011530,-0.022393,0.999683,0,0.77087,-0.20665,46.252,-0.413,-1,350.000,-1,350.000,875.000,300.000,300.000,300.000,325.000,950.000,350.000,375.000,-1,650.000,600.000,-1,875.000,2,0,2,0,0,0,0,0,0,1,0,0,2,0,0,2,0
24,7767.172,421.414,-251.033,-66.594,0.397511,0.917499,0.013413,-0.917457,0.397153,0.023282,0.016034,-0.021561,0.999639,0,0.77812,-0.22209,46.687,-0.444,-1,350.000,-1,350.000,900.000,300.000,300.000,300.000,325.000,1000.000,350.000,375.000,-1,675.000,600.000,-1,875.000,2,0,2,0,0,0,0,0,0,1,0,0,2,0,0,2,0
25,7785.544,377.983,-249.869,-67.070,0.389919,0.920783,0.011037,-0.920619,0.389526,0.027028,0.020587,-0.020699,0.999574,0,0.78595,-0.23795,47.157,-0.476,-1,350.000,-1,350.000,900.000,300.000,300.000,325.000,325.000,-1,350.000,375.000,-1,675.000,600.000,-1,900.000,2,0,2,0,0,0,0,0,0,2,0,0,2,0,0,2,0
26,7803.723,333.924,-248.661,-67.578,0.381761,0.924220,0.008693,-0.923918,0.381346,0.030844,0.025191,-0.019806,0.999486,0,0.79437,-0.25424,47.662,-0.508,-1,375.000,-1,350.000,925.000,300.000,300.000,325.000,325.000,-1,350.000,350.000,-1,675.000,600.000,-1,925.000,2,0,2,0,0,0,0,0,0,2,0,0,2,0,0,2,0
27,7821.687,289.193,-247.406,-68.120,0.373017,0.927802,0.006387,-0.927344,0.372594,0.034736,0.029848,-0.018880,0.999376,0,0.80338,-0.27096,48.203,-0.542,-1,375.000,-1,350.000,925.000,300.000,300.000,325.000,300.000,-1,300.000,325.000,-1,700.000,600.000,-1,925.000,2,0,2,0,0,0,0,0,0,2,0,0,2,0,0,2,0
28,7839.408,243.747,-246.147,-68.696,0.363674,0.931516,0.004353,-0.930891,0.363249,0.038638,0.034411,-0.018104,0.999244,0,0.81298,-0.28813,48.779,-0.576,-1,375.000,-1,350.000,950.000,300.000,300.000,325.000,300.000,-1,275.000,300.000,-1,700.000,600.000,-1,950.000,2,0,2,0,0,0,0,0,0,2,0,0,2,0,0,2,0
29,7856.860,197.541,-244.876,-69.308,0.353712,0.935351,0.002556,-0.934545,0.353291,0.042563,0.038908,-0.017443,0.999091,0,0.82318,-0.30575,49.391,-0.612,-1,375.000,-1,350.000,950.000,300.000,300.000,325.000,300.000,-1,250.000,250.000,-1,700.000,600.000,-1,975.000,2,0,2,0,0,0,0,0,0,2,0,0,2,0,0,2,0
30,7874.010,150.534,-243.566,-69.956,0.343109,0.939295,0.000880,-0.938291,0.342699,0.046548,0.043421,-0.016797,0.998916,0,0.83397,-0.32385,50.038,-0.648,-1,375.000,-1,350.000,950.000,300.000,300.000,325.000,300.000,-1,225.000,250.000,-1,725.000,600.000,-1,975.000,2,0,2,0,0,0,0,0,0,2,0,0,2,0,0,2,0
31,7890.824,102.680,-242.122,-70.641,0.331860,0.943329,-0.000251,-0.942123,0.331449,0.050450,0.047674,-0.016506,0.998727,0,0.84536,-0.34242,50.721,-0.685,-1,375.000,-1,350.000,950.000,300.000,300.000,325.000,300.000,-1,200.000,225.000,-1,725.000,600.000,-1,975.000,2,0,2,0,0,0,0,0,0,2,0,0,2,0,0,2,0
32,7907.198,54.163,-239.985,-71.351,0.320253,0.947331,0.001566,-0.945997,0.319714,0.053603,0.050279,-0.018648,0.998561,0,0.85341,-0.35526,51.204,-0.711,-1,375.000,-1,350.000,950.000,300.000,300.000,325.000,300.000,-1,225.000,250.000,-1,725.000,600.000,-1,1000.000,2,0,2,0,0,0,0,0,0,2,0,0,2,0,0,2,0
33,7922.969,5.448,-237.334,-72.062,0.308711,0.951144,0.004796,-0.949606,0.307916,0.058622,0.054281,-0.022651,0.998269,0,0.85341,-0.35526,51.204,-0.711,-1,375.000,-1,350.000,1000.000,300.000,300.000,325.000,325.000,-1,225.000,250.000,-1,725.000,625.000,-1,-1,2,0,2,0,0,0,0,0,0,2,0,0,2,0,0,2,2
34,7938.135,-43.460,-234.669,-72.772,0.297154,0.954795,0.008173,-0.953054,0.296069,0.063499,0.058208,-0.026658,0.997948,0,0.85341,-0.35526,51.204,-0.711,-1,375.000,-1,350.000,-1,300.000,300.000,325.000,325.000,-1,225.000,275.000,-1,725.000,625.000,-1,-1,2,0,2,0,2,0,0,0,0,2,0,0,2,0,0,2,2
35,7952.693,-92.551,-231.499,-73.483,0.285451,0.958339,0.010247,-0.956482,0.284190,0.066170,0.060501,-0.028689,0.997756,0,0.85341,-0.35526,51.204,-0.711,-1,375.000,-1,350.000,-1,300.000,300.000,300.000,325.000,-1,275.000,300.000,-1,725.000,625.000,-1,-1,2,0,2,0,2,0,0,0,0,2,0,0,2,0,0,2,2
36,7966.641,-141.820,-227.734,-74.193,0.273578,0.961798,0.009949,-0.959758,0.272287,0.068733,0.063398,-0.028352,0.997586,0,0.85341,-0.35526,51.204,-0.711,-1,375.000,-1,350.000,-1,300.000,300.000,325.000,325.000,-1,300.000,325.000,-1,750.000,625.000,-1,-1,2,0,2,0,2,0,0,0,0,2,0,0,2,0,0,2,2
37,7979.976,-191.258,-223.945,-74.904,0.261662,0.965111,0.009695,-0.962883,0.260342,0.071259,0.066249,-0.027981,0.997411,0,0.85341,-0.35526,51.204,-0.711,-1,375.000,-1,350.000,-1,300.000,300.000,325.000,325.000,-1,325.000,375.000,-1,750.000,625.000,-1,-1,2,0,2,0,2,0,0,0,0,2,0,0,2,0,0,2,2
38,7992.698,-240.857,-220.137,-75.614,0.249704,0.968276,0.009505,-0.965858,0.248357,0.073744,0.069044,-0.027594,0.997232,0,0.85341,-0.35526,51.204,-0.711,-1,375.000,-1,350.000,-1,300.000,300.000,325.000,325.000,-1,350.000,400.000,-1,750.000,650.000,-1,-1,2,0,2,0,2,0,0,0,0,2,0,0,2,0,0,2,2
39,8004.804,-290.611,-216.309,-76.325,0.237707,0.971292,0.009372,-0.968680,0.236333,0.076190,0.071787,-0.027190,0.997049,0,0.85341,-0.35526,51.204,-0.711,-1,375.000,-1,375.000,-1,300.000,300.000,325.000,325.000,-1,375.000,425.000,-1,750.000,650.000,-1,-1,2,0,2,0,2,0,0,0,0,2,0,0,2,0,0,2,2
40,8016.291,-340.511,-212.503,-77.035,0.225686,0.974155,0.009423,-0.971339,0.224272,0.078760,0.074611,-0.026928,0.996849,0,0.85341,-0.35526,51.204,-0.711,-1,400.000,-1,375.000,-1,300.000,300.000,325.000,325.000,-1,400.000,450.000,-1,775.000,650.000,-1,-1,2,0,2,0,2,0,0,0,0,2,0,0,2,0,0,2,2
41,8027.159,-390.549,-208.722,-77.746,0.213646,0.976863,0.009678,-0.973829,0.212175,0.081476,0.077538,-0.026831,0.996628,0,0.85341,-0.35526,51.204,-0.711,-1,400.000,-1,375.000,-1,300.000,300.000,325.000,325.000,-1,425.000,475.000,-1,775.000,650.000,-1,-1,2,0,2,0,2,0,0,0,0,2,0,0,2,0,0,2,2
42,8037.406,-440.718,-204.935,-78.456,0.201579,0.979421,0.010031,-0.976161,0.200045,0.084207,0.080467,-0.026766,0.996398,0,0.85341,-0.35526,51.204,-0.711,-1,400.000,-1,375.000,-1,300.000,300.000,325.000,325.000,-1,425.000,475.000,-1,775.000,650.000,-1,-1,2,0,2,0,2,0,0,0,0,2,0,0,2,0,0,2,2
43,8047.032,-491.018,-201.140,-79.166,0.189498,0.981825,0.010477,-0.978333,0.187896,0.086950,0.083401,-0.026727,0.996158,0,0.85354,-0.35492,51.212,-0.710,-1,400.000,-1,375.000,-1,300.000,300.000,325.000,300.000,-1,375.000,425.000,-1,775.000,650.000,-1,-1,2,0,2,0,2,0,0,0,0,2,0,0,2,0,0,2,2
44,8056.051,-541.499,-197.332,-79.869,0.177507,0.984058,0.011012,-0.980325,0.175830,0.089707,0.086340,-0.026719,0.995907,0,0.85466,-0.35167,51.280,-0.703,-1,400.000,-1,375.000,-1,300.000,300.000,325.000,300.000,-1,325.000,375.000,-1,800.000,650.000,-1,-1,2,0,2,0,2,0,0,0,0,2,0,0,2,0,0,2,2
45,8064.465,-592.137,-193.512,-80.566,0.165607,0.986123,0.011631,-0.982142,0.163848,0.092474,0.089285,-0.026738,0.995647,0,0.85553,-0.34847,51.332,-0.697,-1,400.000,-1,375.000,-1,300.000,300.000,325.000,300.000,-1,275.000,350.000,-1,800.000,650.000,-1,-1,2,0,2,0,2,0,0,0,0,2,0,0,2,0,0,2,2
46,8072.273,-642.911,-189.182,-81.257,0.153949,0.987976,0.014280,-0.983857,0.151940,0.094546,0.091239,-0.028605,0.995418,0,0.85616,-0.34535,51.370,-0.691,-1,400.000,-1,375.000,-1,300.000,300.000,325.000,300.000,-1,275.000,350.000,-1,800.000,675.000,-1,-1,2,0,2,0,2,0,0,0,0,2,0,0,2,0,0,2,2
47,8079.477,-693.797,-184.493,-81.942,0.142428,0.989648,0.017651,-0.985429,0.140101,0.096440,0.092969,-0.031130,0.995182,0,0.85656,-0.34269,51.394,-0.685,-1,400.000,-1,375.000,-1,300.000,300.000,325.000,325.000,-1,300.000,375.000,-1,800.000,675.000,-1,-1,2,0,2,0,2,0,0,0,0,2,0,0,2,0,0,2,2
48,8086.077,-744.777,-179.315,-82.623,0.130787,0.991225,0.019162,-0.986919,0.128333,0.097581,0.094265,-0.031674,0.995043,0,0.85675,-0.34031,51.405,-0.681,-1,400.000,-1,375.000,-1,300.000,300.000,325.000,325.000,-1,325.000,400.000,-1,775.000,675.000,-1,-1,2,0,2,0,2,0,0,0,0,2,0,0,2,0,0,2,2
49,8092.085,-795.120,-174.183,-83.195,0.121012,0.992438,0.020570,-0.988040,0.118429,0.098754,0.095571,-0.032274,0.994899,0,0.84500,-0.28598,50.700,-0.572,-1,400.000,-1,375.000,-1,300.000,300.000,325.000,325.000,-1,350.000,450.000,-1,775.000,675.000,-1,-1,2,0,2,0,2,0,0,0,0,2,0,0,2,0,0,2,2
50,8097.591,-845.511,-169.047,-83.763,0.111290,0.993545,0.021972,-0.989053,0.108577,0.099929,0.096899,-0.032853,0.994752,0,0.84485,-0.28419,50.691,-0.568,-1,400.000,-1,375.000,-1,300.000,300.000,325.000,325.000,-1,400.000,475.000,-1,775.000,675.000,-1,-1,2,0,2,0,2,0,0,0,0,2,0,0,2,0,0,2,2
51,8102.599,-895.937,-163.906,-84.329,0.101611,0.994550,0.023370,-0.989961,0.098767,0.101109,0.098249,-0.033409,0.994601,0,0.84456,-0.28266,50.673,-0.565,-1,400.000,-1,375.000,-1,300.000,300.000,325.000,325.000,-1,425.000,500.000,-1,775.000,675.000,-1,-1,2,0,2,0,2,0,0,0,0,2,0,0,2,0,0,2,2
52,8107.109,-946.385,-158.760,-84.891,0.091969,0.995454,0.024763,-0.990766,0.088991,0.102292,0.099623,-0.033942,0.994446,0,0.84414,-0.28140,50.649,-0.563,-1,400.000,-1,375.000,-1,300.000,300.000,325.000,325.000,-1,450.000,525.000,-1,775.000,675.000,-1,-1,2,0,2,0,2,0,0,0,0,2,0,0,2,0,0,2,2
53,8111.122,-996.844,-153.607,-85.452,0.082353,0.996260,0.026149,-0.991470,0.079241,0.103479,0.101020,-0.034448,0.994288,0,0.84363,-0.28043,50.618,-0.561,-1,400.000,-1,375.000,-1,300.000,300.000,325.000,325.000,-1,450.000,550.000,-1,750.000,675.000,-1,-1,2,0,2,0,2,0,0,0,0,2,0,0,2,0,0,2,2
54,8114.640,-1047.305,-148.448,-86.012,0.072756,0.996970,0.027529,-0.992075,0.069509,0.104672,0.102441,-0.034926,0.994126,0,0.84305,-0.27973,50.583,-0.559,-1,400.000,-1,375.000,-1,300.000,300.000,325.000,325.000,-1,475.000,575.000,-1,750.000,675.000,-1,-1,2,0,2,0,2,0,0,0,0,2,0,0,2,0,0,2,2
55,8117.663,-1097.759,-143.281,-86.570,0.063168,0.997584,0.028902,-0.992581,0.059784,0.105870,0.103886,-0.035375,0.993960,0,0.84241,-0.27931,50.545,-0.559,-1,400.000,-1,375.000,-1,300.000,300.000,325.000,325.000,-1,500.000,600.000,-1,750.000,675.000,-1,-1,2,0,2,0,2,0,0,0,0,2,0,0,2,0,0,2,2
56,8120.193,-1148.201,-138.105,-87.129,0.053581,0.998105,0.030269,-0.992990,0.050059,0.107074,0.105356,-0.035794,0.993790,0,0.84175,-0.27918,50.505,-0.558,-1,375.000,-1,375.000,-1,300.000,300.000,325.000,325.000,-1,525.000,625.000,-1,750.000,675.000,-1,-1,2,0,2,0,2,0,0,0,0,2,0,0,2,0,0,2,2
57,8122.229,-1198.626,-132.919,-87.687,0.043985,0.998531,0.031629,-0.993302,0.040325,0.108285,0.106850,-0.036180,0.993617,0,0.84109,-0.27932,50.465,-0.559,-1,375.000,-1,375.000,-1,300.000,300.000,325.000,325.000,-1,425.000,625.000,-1,750.000,675.000,-1,-1,2,0,2,0,2,0,0,0,0,2,0,0,2,0,0,2,2
58,8123.772,-1249.030,-127.721,-88.247,0.034372,0.998865,0.032982,-0.993516,0.030572,0.109503,0.108370,-0.036532,0.993439,0,0.84045,-0.27975,50.427,-0.559,-1,375.000,-1,375.000,-1,300.000,300.000,325.000,325.000,-1,375.000,650.000,-1,725.000,675.000,-1,-1,2,0,2,0,2,0,0,0,0,2,0,0,2,0,0,2,2
59,8124.820,-1299.411,-122.506,-88.808,0.024733,0.999104,0.034340,-0.993634,0.020792,0.110721,0.109907,-0.036860,0.993258,0,0.83986,-0.28045,50.392,-0.561,-1,375.000,-1,375.000,-1,300.000,300.000,325.000,325.000,-1,325.000,650.000,-1,725.000,675.000,-1,-1,2,0,2,0,2,0,0,0,0,2,0,0,2,0,0,2,2
60,8125.373,-1349.769,-116.563,-89.371,0.015065,0.999248,0.035741,-0.993654,0.010976,0.111940,0.111463,-0.037201,0.993072,0,0.83935,-0.28142,50.361,-0.563,-1,375.000,-1,375.000,-1,300.000,300.000,325.000,325.000,-1,325.000,600.000,-1,725.000,675.000,-1,-1,2,0,2,0,2,0,0,0,0,2,0,0,2,0,0,2,2
61,8125.433,-1400.434,-110.362,-89.932,0.005382,0.999313,0.036659,-0.993527,0.001184,0.113589,0.113467,-0.037033,0.992851,0,0.84441,-0.28073,50.665,-0.561,-1,375.000,-1,375.000,-1,300.000,300.000,325.000,325.000,-1,325.000,575.000,-1,750.000,675.000,-1,-1,2,0,2,0,2,0,0,0,0,2,0,0,2,0,0,2,2
62,8124.998,-1451.067,-104.146,-90.491,-0.004265,0.999285,0.037559,-0.993300,-0.008572,0.115249,0.115489,-0.036816,0.992626,0,0.84390,-0.27967,50.634,-0.559,-1,375.000,-1,375.000,-1,300.000,300.000,325.000,325.000,-1,350.000,550.000,-1,750.000,700.000,-1,-1,2,0,2,0,2,0,0,0,0,2,0,0,2,0,0,2,2
63,8124.071,-1501.657,-97.915,-91.049,-0.013887,0.999164,0.038438,-0.992973,-0.018299,0.116922,0.117527,-0.036544,0.992397,0,0.84330,-0.27889,50.598,-0.558,-1,375.000,-1,375.000,-1,300.000,300.000,325.000,325.000,-1,350.000,525.000,-1,775.000,725.000,-1,-1,2,0,2,0,2,0,0,0,0,2,0,0,2,0,0,2,2
64,8122.654,-1552.197,-91.668,-91.606,-0.023493,0.998951,0.039295,-0.992546,-0.028008,0.118605,0.119581,-0.036216,0.992164,0,0.84265,-0.27838,50.559,-0.557,-1,375.000,-1,375.000,-1,300.000,300.000,350.000,325.000,-1,375.000,500.000,-1,800.000,750.000,-1,-1,2,0,2,0,2,0,0,0,0,2,0,0,2,0,0,2,2
65,8120.747,-1602.680,-85.404,-92.162,-0.033092,0.998646,0.040128,-0.992021,-0.037707,0.120300,0.121651,-0.035827,0.991926,0,0.84197,-0.27816,50.518,-0.556,-1,375.000,-1,375.000,-1,300.000,300.000,350.000,325.000,-1,375.000,500.000,-1,800.000,775.000,-1,-1,2,0,2,0,2,0,0,0,0,2,0,0,2,0,0,2,2
66,8118.352,-1653.100,-79.122,-92.719,-0.042694,0.998249,0.040936,-0.991396,-0.047404,0.122008,0.123735,-0.035375,0.991685,0,0.84127,-0.27822,50.476,-0.556,-1,375.000,-1,375.000,-1,300.000,300.000,350.000,325.000,-1,375.000,475.000,-1,825.000,775.000,-1,-1,2,0,2,0,2,0,0,0,0,2,0,0,2,0,0,2,2
67,8115.425,-1708.299,-72.231,-93.035,-0.048069,0.997968,0.041813,-0.990890,-0.052916,0.123845,0.125806,-0.035479,0.991420,0,0.92127,-0.15822,55.276,-0.316,-1,375.000,-1,375.000,-1,300.000,300.000,325.000,325.000,-1,375.000,475.000,-1,825.000,800.000,-1,-1,2,0,2,0,2,0,0,0,0,2,0,0,2,0,0,2,2
68,8112.102,-1766.324,-64.970,-93.278,-0.052140,0.997726,0.042716,-0.990413,-0.057142,0.125769,0.127923,-0.035749,0.991140,0,0.96866,-0.12134,58.120,-0.243,-1,400.000,-1,400.000,-1,300.000,325.000,325.000,325.000,-1,325.000,475.000,-1,850.000,825.000,-1,-1,2,0,2,0,2,0,0,0,0,2,0,0,2,0,0,2,2
69,8108.532,-1824.303,-57.696,-93.523,-0.056246,0.997465,0.043599,-0.989911,-0.061402,0.127693,0.130047,-0.035977,0.990855,0,0.96813,-0.12232,58.088,-0.245,-1,400.000,-1,400.000,-1,325.000,325.000,325.000,325.000,-1,300.000,425.000,-1,875.000,850.000,-1,-1,2,0,2,0,2,0,0,0,0,2,0,0,2,0,0,2,2
70,8104.715,-1882.240,-50.406,-93.770,-0.060398,0.997184,0.044459,-0.989384,-0.065704,0.129620,0.132177,-0.036159,0.990566,0,0.96770,-0.12361,58.062,-0.247,-1,400.000,-1,400.000,-1,325.000,325.000,325.000,325.000,-1,275.000,400.000,-1,950.000,900.000,-1,-1,2,0,2,0,2,0,0,0,0,2,0,0,2,0,0,2,2
71,8100.645,-1940.141,-43.098,-94.020,-0.064605,0.996882,0.045297,-0.988831,-0.070061,0.131550,0.134313,-0.036292,0.990274,0,0.96738,-0.12518,58.043,-0.250,-1,400.000,-1,425.000,-1,325.000,325.000,325.000,325.000,-1,275.000,375.000,-1,-1,1000.000,-1,-1,2,0,2,0,2,0,0,0,0,2,0,0,2,2,0,2,2
72,8096.320,-1998.011,-35.706,-94.274,-0.069008,0.996562,0.045853,-0.988585,-0.074481,0.130967,0.133932,-0.036292,0.990326,0,0.96720,-0.12705,58.032,-0.254,-1,400.000,-1,425.000,-1,325.000,325.000,325.000,325.000,-1,325.000,425.000,-1,-1,-1,-1,-1,2,0,2,0,2,0,0,0,0,2,0,0,2,2,2,2,2
73,8091.734,-2055.860,-28.649,-94.533,-0.073670,0.996242,0.045557,-0.988563,-0.078977,0.128474,0.131589,-0.035571,0.990666,0,0.96718,-0.12922,58.031,-0.258,-1,400.000,-1,425.000,-1,325.000,325.000,325.000,325.000,-1,425.000,525.000,-1,-1,-1,-1,-1,2,0,2,0,2,0,0,0,0,2,0,0,2,2,2,2,2
74,8086.881,-2113.696,-21.575,-94.796,-0.078422,0.995895,0.045196,-0.988508,-0.083557,0.125978,0.129237,-0.034797,0.991003,0,0.96733,-0.13166,58.040,-0.263,-1,400.000,-1,425.000,-1,325.000,325.000,325.000,300.000,-1,575.000,675.000,-1,-1,-1,-1,-1,2,0,2,0,2,0,0,0,0,2,0,0,2,2,2,2,2
75,8081.756,-2171.529,-14.484,-95.065,-0.083272,0.995521,0.044766,-0.988417,-0.088231,0.123480,0.126877,-0.033965,0.991337,0,0.96768,-0.13438,58.061,-0.269,-1,400.000,-1,425.000,-1,325.000,325.000,325.000,300.000,-1,750.000,850.000,-1,-1,-1,-1,-1,2,0,2,0,2,0,0,0,0,2,0,0,2,2,2,2,2
76,8076.350,-2229.370,-7.374,-95.340,-0.088230,0.995116,0.044266,-0.988288,-0.093006,0.120980,0.124506,-0.033073,0.991668,0,0.96824,-0.13738,58.094,-0.275,-1,400.000,-1,425.000,-1,325.000,325.000,325.000,300.000,-1,975.000,-1,-1,-1,-1,-1,-1,2,0,2,0,2,0,0,0,0,2,0,2,2,2,2,2,2
77,8070.655,-2287.231,-0.241,-95.621,-0.093305,0.994679,0.043690,-0.988120,-0.097894,0.118476,0.122122,-0.032116,0.991995,0,0.96901,-0.14065,58.141,-0.281,-1,400.000,-1,400.000,-1,325.000,325.000,325.000,300.000,-1,-1,-1,-1,-1,-1,-1,-1,2,0,2,0,2,0,0,0,0,2,2,2,2,2,2,2,2
78,8064.663,-2345.122,6.915,-95.909,-0.098506,0.994205,0.043035,-0.987908,-0.102902,0.115969,0.119725,-0.031090,0.992320,0,0.97002,-0.14418,58.201,-0.288,-1,400.000,-1,425.000,-1,325.000,325.000,325.000,300.000,-1,-1,-1,-1,-1,-1,-1,-1,2,0,2,0,2,0,0,0,0,2,2,2,2,2,2,2,2
79,8058.376,-2403.001,14.090,-96.199,-0.103743,0.993704,0.042298,-0.987662,-0.107942,0.113460,0.117311,-0.030005,0.992642,0,0.97033,-0.14516,58.220,-0.290,-1,425.000,-1,425.000,-1,325.000,325.000,350.000,300.000,-1,-1,-1,-1,-1,-1,-1,-1,2,0,2,0,2,0,0,0,0,2,2,2,2,2,2,2,2
80,8051.796,-2460.847,21.282,-96.490,-0.108982,0.993178,0.041478,-0.987384,-0.112979,0.110948,0.114877,-0.028863,0.992960,0,0.97033,-0.14516,58.220,-0.290,-1,425.000,-1,450.000,-1,350.000,350.000,350.000,300.000,-1,-1,-1,-1,-1,-1,-1,-1,2,0,2,0,2,0,0,0,0,2,2,2,2,2,2,2,2
81,8044.923,-2518.659,28.491,-96.780,-0.114221,0.992627,0.040572,-0.987074,-0.118014,0.108434,0.112422,-0.027662,0.993275,0,0.97033,-0.14516,58.220,-0.290,-1,450.000,-1,450.000,-1,350.000,350.000,350.000,300.000,-1,-1,-1,-1,-1,-1,-1,-1,2,0,2,0,2,0,0,0,0,2,2,2,2,2,2,2,2
82,8037.757,-2576.435,35.717,-97.070,-0.119461,0.992050,0.039578,-0.986733,-0.123046,0.105917,0.109945,-0.026400,0.993587,0,0.97033,-0.14516,58.220,-0.290,-1,450.000,-1,450.000,-1,350.000,350.000,350.000,325.000,-1,-1,-1,-1,-1,-1,-1,-1,2,0,2,0,2,0,0,0,0,2,2,2,2,2,2,2,2
83,8030.298,-2634.175,41.996,-97.361,-0.124313,0.991342,0.042284,-0.986492,-0.128062,0.102145,0.106676,-0.029014,0.993870,0,0.97033,-0.14516,58.220,-0.290,-1,450.000,-1,475.000,-1,350.000,375.000,350.000,325.000,-1,-1,-1,-1,-1,-1,-1,-1,2,0,2,0,2,0,0,0,0,2,2,2,2,2,2,2,2
84,8022.547,-2691.875,47.060,-97.651,-0.129440,0.990663,0.042796,-0.986297,-0.133081,0.097502,0.102287,-0.029589,0.994315,0,0.97033,-0.14516,58.220,-0.290,-1,450.000,-1,475.000,-1,350.000,375.000,325.000,325.000,-1,-1,-1,-1,-1,-1,-1,-1,2,0,2,0,2,0,0,0,0,2,2,2,2,2,2,2,2
85,8014.504,-2749.535,51.600,-97.941,-0.134803,0.990016,0.041186,-0.986126,-0.138105,0.092099,0.096867,-0.028199,0.994898,0,0.97033,-0.14516,58.220,-0.290,-1,450.000,-1,450.000,-1,350.000,350.000,325.000,325.000,-1,-1,-1,-1,-1,-1,-1,-1,2,0,2,0,2,0,0,0,0,2,2,2,2,2,2,2,2
86,8006.169,-2807.154,56.145,-98.232,-0.140149,0.989341,0.039519,-0.985902,-0.143124,0.086678,0.091410,-0.026814,0.995452,0,0.97033,-0.14516,58.220,-0.290,-1,450.000,-1,450.000,-1,350.000,350.000,325.000,300.000,-1,-1,-1,-1,-1,-1,-1,-1,2,0,2,0,2,0,0,0,0,2,2,2,2,2,2,2,2
87,7997.542,-2864.730,60.692,-98.522,-0.145479,0.988639,0.037796,-0.985624,-0.148141,0.081238,0.085914,-0.025434,0.995978,0,0.97033,-0.14516,58.220,-0.290,-1,450.000,-1,450.000,-1,350.000,350.000,325.000,300.000,-1,-1,-1,-1,-1,-1,-1,-1,2,0,2,0,2,0,0,0,0,2,2,2,2,2,2,2,2
88,7988.623,-2922.261,65.243,-98.812,-0.150790,0.987909,0.036017,-0.985293,-0.153153,0.075781,0.080381,-0.024060,0.996474,0,0.97033,-0.14516,58.220,-0.290,-1,450.000,-1,425.000,-1,350.000,350.000,325.000,300.000,-1,-1,-1,-1,-1,-1,-1,-1,2,0,2,0,2,0,0,0,0,2,2,2,2,2,2,2,2
89,7979.413,-2979.747,69.748,-99.103,-0.156073,0.987148,0.034359,-0.984921,-0.158161,0.070113,0.074647,-0.022898,0.996947,0,0.97033,-0.14516,58.220,-0.290,-1,450.000,-1,425.000,-1,350.000,350.000,325.000,300.000,-1,-1,-1,-1,-1,-1,-1,-1,2,0,2,0,2,0,0,0,0,2,2,2,2,2,2,2,2
90,7969.911,-3037.185,74.188,-99.393,-0.161327,0.986353,0.032875,-0.984510,-0.163164,0.064170,0.068658,-0.022014,0.997397,0,0.97033,-0.14516,58.220,-0.290,-1,450.000,-1,425.000,-1,350.000,350.000,325.000,300.000,-1,-1,-1,-1,-1,-1,-1,-1,2,0,2,0,2,0,0,0,0,2,2,2,2,2,2,2,2
91,7960.119,-3094.574,78.639,-99.683,-0.166566,0.985533,0.031306,-0.984038,-0.168163,0.058235,0.062657,-0.021106,0.997812,0,0.97033,-0.14516,58.220,-0.290,-1,450.000,-1,425.000,-1,350.000,350.000,325.000,300.000,-1,-1,-1,-1,-1,-1,-1,-1,2,0,2,0,2,0,0,0,0,2,2,2,2,2,2,2,2
92,7950.036,-3151.914,83.100,-99.974,-0.171789,0.984687,0.029650,-0.983504,-0.173158,0.052311,0.056644,-0.020175,0.998191,0,0.97033,-0.14516,58.220,-0.290,-1,450.000,-1,425.000,-1,350.000,350.000,350.000,300.000,-1,-1,-1,-1,-1,1000.000,-1,-1,2,0,2,0,2,0,0,0,0,2,2,2,2,2,0,2,2
93,7940.298,-3204.437,87.200,-100.504,-0.181104,0.983065,0.028011,-0.982129,-0.182268,0.046920,0.051231,-0.019013,0.998506,0,0.89033,-0.26516,53.420,-0.530,-1,450.000,-1,425.000,-1,350.000,350.000,350.000,300.000,-1,-1,-1,-1,-1,975.000,-1,-1,2,0,2,0,2,0,0,0,0,2,2,2,2,2,0,2,2
94,7930.793,-3252.119,90.192,-101.274,-0.194309,0.980493,0.029605,-0.979772,-0.195462,0.042910,0.047860,-0.020668,0.998640,0,0.81033,-0.38516,48.620,-0.770,-1,450.000,-1,425.000,-1,350.000,350.000,325.000,300.000,-1,-1,-1,-1,1000.000,975.000,-1,-1,2,0,2,0,2,0,0,0,0,2,2,2,2,0,0,2,2
95,7921.008,-3297.386,92.547,-102.198,-0.210041,0.977139,0.032901,-0.976687,-0.211232,0.038260,0.044335,-0.024098,0.998726,0,0.77189,-0.46201,46.314,-0.924,-1,450.000,-1,425.000,-1,350.000,350.000,325.000,325.000,-1,-1,-1,-1,975.000,975.000,-1,-1,2,0,2,0,2,0,0,0,0,2,2,2,2,0,0,2,2
96,7910.494,-3342.491,94.531,-103.122,-0.225764,0.973558,0.034877,-0.973279,-0.226951,0.034944,0.041936,-0.026055,0.998781,0,0.77189,-0.46201,46.314,-0.924,-1,425.000,-1,425.000,-1,350.000,350.000,325.000,325.000,-1,-1,-1,-1,950.000,950.000,-1,-1,2,0,2,0,2,0,0,0,0,2,2,2,2,0,0,2,2
97,7899.253,-3387.419,95.815,-104.046,-0.241553,0.969789,0.034073,-0.969594,-0.242626,0.031927,0.039229,-0.025325,0.998909,0,0.77189,-0.46201,46.314,-0.924,-1,425.000,-1,425.000,-1,350.000,350.000,300.000,325.000,-1,-1,-1,-1,950.000,950.000,-1,-1,2,0,2,0,2,0,0,0,0,2,2,2,2,0,0,2,2
98,7887.290,-3432.161,97.069,-104.970,-0.257289,0.965773,0.032948,-0.965650,-0.258240,0.028836,0.036357,-0.024397,0.999041,0,0.77189,-0.46201,46.314,-0.924,-1,425.000,-1,425.000,-1,350.000,350.000,300.000,325.000,-1,-1,-1,-1,925.000,925.000,-1,-1,2,0,2,0,2,0,0,0,0,2,2,2,2,0,0,2,2
99,7874.606,-3476.703,98.340,-105.894,-0.272953,0.961504,0.031715,-0.961445,-0.273787,0.025775,0.033466,-0.023457,0.999165,0,0.77189,-0.46201,46.314,-0.924,-1,425.000,-1,425.000,-1,350.000,350.000,300.000,325.000,-1,-1,-1,-1,900.000,900.000,-1,-1,2,0,2,0,2,0,0,0,0,2,2,2,2,0,0,2,2
100,7861.206,-3521.036,99.591,-106.818,-0.288550,0.956988,0.030223,-0.956981,-0.289264,0.022688,0.030454,-0.022376,0.999286,0,0.77189,-0.46201,46.314,-0.924,-1,425.000,-1,425.000,-1,350.000,350.000,300.000,300.000,-1,-1,-1,-1,900.000,875.000,-1,-1,2,0,2,0,2,0,0,0,0,2,2,2,2,0,0,2,2
101,7847.093,-3565.146,100.841,-107.742,-0.304067,0.952222,0.028563,-0.952257,-0.304667,0.019618,0.027383,-0.021234,0.999399,0,0.77189,-0.46201,46.314,-0.924,-1,425.000,-1,425.000,-1,325.000,325.000,300.000,300.000,-1,-1,-1,-1,875.000,850.000,-1,-1,2,0,2,0,2,0,0,0,0,2,2,2,2,0,0,2,2
102,7832.999,-3607.450,101.971,-108.426,-0.315505,0.948530,0.027351,-0.948603,-0.316017,0.016880,0.024655,-0.020619,0.999483,0,0.74316,-0.34201,44.590,-0.684,-1,425.000,-1,400.000,-1,325.000,325.000,300.000,300.000,-1,-1,-1,-1,875.000,825.000,-1,-1,2,0,2,0,2,0,0,0,0,2,2,2,2,0,0,2,2
103,7818.577,-3649.643,103.081,-108.870,-0.322927,0.946059,0.026278,-0.946169,-0.323360,0.014227,0.021957,-0.020269,0.999553,0,0.74316,-0.22201,44.590,-0.444,-1,425.000,-1,400.000,-1,325.000,325.000,300.000,300.000,-1,-1,-1,-1,850.000,825.000,-1,-1,2,0,2,0,2,0,0,0,0,2,2,2,2,0,0,2,2
104,7804.006,-3691.785,104.195,-109.074,-0.326369,0.944905,0.025239,-0.945047,-0.326728,0.011589,0.019197,-0.020070,0.999614,0,0.74316,-0.10201,44.590,-0.204,-1,400.000,-1,400.000,-1,325.000,325.000,300.000,300.000,-1,-1,-1,-1,850.000,800.000,-1,-1,2,0,2,0,2,0,0,0,0,2,2,2,2,0,0,2,2
105,7789.460,-3733.935,105.312,-109.039,-0.325855,0.945108,0.024264,-0.945278,-0.326144,0.008950,0.016373,-0.020020,0.999666,0,0.74316,0.01772,44.590,0.035,-1,400.000,-1,400.000,-1,325.000,325.000,300.000,300.000,-1,-1,-1,-1,825.000,800.000,-1,-1,2,0,2,0,2,0,0,0,0,2,2,2,2,0,0,2,2
106,7774.941,-3776.095,106.435,-109.003,-0.325338,0.945310,0.023333,-0.945501,-0.325559,0.006312,0.013563,-0.020008,0.999708,0,0.74316,0.01772,44.590,0.035,-1,400.000,-1,400.000,-1,325.000,325.000,300.000,300.000,-1,-1,-1,-1,825.000,775.000,-1,-1,2,0,2,0,2,0,0,0,0,2,2,2,2,0,0,2,2
107,7760.448,-3818.264,107.565,-108.968,-0.324817,0.945511,0.022445,-0.945716,-0.324974,0.003673,0.010767,-0.020034,0.999741,0,0.74316,0.01772,44.590,0.035,-1,400.000,-1,400.000,-1,325.000,325.000,325.000,300.000,-1,-1,-1,-1,800.000,775.000,-1,-1,2,0,2,0,2,0,0,0,0,2,2,2,2,0,0,2,2
108,7745.981,-3860.441,108.344,-108.933,-0.324255,0.945682,0.023345,-0.945926,-0.324379,0.001659,0.009141,-0.021545,0.999726,0,0.74316,0.01772,44.590,0.035,-1,400.000,-1,400.000,-1,325.000,325.000,300.000,300.000,-1,-1,-1,-1,800.000,775.000,-1,-1,2,0,2,0,2,0,0,0,0,2,2,2,2,0,0,2,2
109,7731.540,-3902.628,109.081,-108.897,-0.323692,0.945845,0.024515,-0.946132,-0.323782,-0.000311,0.007643,-0.023295,0.999699,0,0.74316,0.01772,44.590,0.035,-1,400.000,-1,400.000,-1,325.000,325.000,300.000,300.000,-1,-1,-1,-1,775.000,775.000,-1,-1,2,0,2,0,2,0,0,0,0,2,2,2,2,0,0,2,2
110,7717.125,-3944.824,109.820,-108.862,-0.323132,0.946004,0.025747,-0.946334,-0.323183,-0.002286,0.006159,-0.025104,0.999666,0,0.74316,0.01772,44.590,0.035,-1,400.000,-1,400.000,-1,325.000,325.000,300.000,300.000,-1,-1,-1,-1,775.000,750.000,-1,-1,2,0,2,0,2,0,0,0,0,2,2,2,2,0,0,2,2
111,7702.737,-3987.028,110.561,-108.826,-0.322576,0.946157,0.027036,-0.946532,-0.322582,-0.004258,0.004693,-0.026964,0.999625,0,0.74316,0.01772,44.590,0.035,-1,400.000,-1,400.000,-1,325.000,325.000,300.000,325.000,-1,-1,-1,-1,750.000,750.000,-1,-1,2,0,2,0,2,0,0,0,0,2,2,2,2,0,0,2,2
112,7688.374,-4029.242,110.845,-108.791,-0.321992,0.946351,0.027214,-0.946731,-0.321995,-0.004399,0.004600,-0.027181,0.999620,0,0.74316,0.01772,44.590,0.035,-1,400.000,-1,400.000,-1,325.000,325.000,300.000,325.000,-1,-1,-1,-1,750.000,750.000,-1,-1,2,0,2,0,2,0,0,0,0,2,2,2,2,0,0,2,2
113,7674.037,-4071.464,111.044,-108.755,-0.321411,0.946552,0.027113,-0.946929,-0.321410,-0.004503,0.004452,-0.027122,0.999622,0,0.74316,0.01772,44.590,0.035,-1,400.000,-1,400.000,-1,325.000,325.000,300.000,325.000,-1,-1,-1,-1,750.000,750.000,-1,-1,2,0,2,0,2,0,0,0,0,2,2,2,2,0,0,2,2
114,7659.651,-4113.337,111.191,-108.960,-0.324789,0.945404,0.026902,-0.945776,-0.324790,-0.004460,0.004521,-0.026892,0.999628,0,0.73792,-0.10228,44.275,-0.205,-1,400.000,-1,400.000,-1,325.000,325.000,300.000,300.000,-1,-1,-1,-1,750.000,750.000,-1,-1,2,0,2,0,2,0,0,0,0,2,2,2,2,0,0,2,2
115,7644.942,-4155.097,111.349,-109.405,-0.332114,0.942860,0.026742,-0.943228,-0.332117,-0.004450,0.004686,-0.026701,0.999632,0,0.73792,-0.22228,44.275,-0.445,-1,400.000,-1,400.000,-1,325.000,325.000,300.000,300.000,-1,-1,-1,-1,725.000,750.000,-1,-1,2,0,2,0,2,0,0,0,0,2,2,2,2,0,0,2,2
116,7629.850,-4196.721,111.522,-109.929,-0.340725,0.939786,0.026635,-0.940150,-0.340731,-0.004478,0.004867,-0.026567,0.999635,0,0.73792,-0.26211,44.275,-0.524,-1,400.000,-1,400.000,-1,325.000,325.000,300.000,300.000,-1,-1,-1,-1,725.000,750.000,-1,-1,2,0,2,0,2,0,0,0,0,2,2,2,2,0,0,2,2
117,7614.379,-4238.205,111.708,-110.453,-0.349309,0.936631,0.026577,-0.936994,-0.349315,-0.004539,0.005033,-0.026487,0.999636,0,0.73792,-0.26211,44.275,-0.524,-1,400.000,-1,400.000,-1,325.000,325.000,300.000,300.000,-1,-1,-1,-1,725.000,725.000,-1,-1,2,0,2,0,2,0,0,0,0,2,2,2,2,0,0,2,2
118,7598.529,-4279.545,111.907,-110.977,-0.357863,0.933396,0.026567,-0.933760,-0.357870,-0.004634,0.005182,-0.026466,0.999636,0,0.73792,-0.26211,44.275,-0.524,-1,400.000,-1,400.000,-1,325.000,325.000,300.000,300.000,-1,-1,-1,-1,725.000,725.000,-1,-1,2,0,2,0,2,0,0,0,0,2,2,2,2,0,0,2,2
119,7582.301,-4320.739,112.120,-111.501,-0.366387,0.930082,0.026607,-0.930447,-0.366395,-0.004767,0.005315,-0.026503,0.999635,0,0.73792,-0.26211,44.275,-0.524,-1,400.000,-1,400.000,-1,325.000,325.000,300.000,300.000,-1,-1,-1,-1,700.000,725.000,-1,-1,2,0,2,0,2,0,0,0,0,2,2,2,2,0,0,2,2
120,7565.697,-4361.783,112.347,-112.026,-0.374881,0.926688,0.026698,-0.927057,-0.374888,-0.004941,0.005430,-0.026602,0.999631,0,0.73792,-0.26211,44.275,-0.524,-1,400.000,-1,400.000,-1,325.000,325.000,300.000,300.000,-1,-1,-1,-1,700.000,725.000,-1,-1,2,0,2,0,2,0,0,0,0,2,2,2,2,0,0,2,2
121,7548.718,-4402.673,112.588,-112.550,-0.383344,0.923216,0.026838,-0.923589,-0.383349,-0.005157,0.005527,-0.026764,0.999626,0,0.73792,-0.26211,44.275,-0.524,-1,375.000,-1,400.000,-1,325.000,325.000,300.000,300.000,-1,-1,-1,-1,700.000,700.000,-1,-1,2,0,2,0,2,0,0,0,0,2,2,2,2,0,0,2,2
122,7531.366,-4443.406,112.842,-113.074,-0.391774,0.919664,0.027029,-0.920044,-0.391777,-0.005419,0.005605,-0.026991,0.999620,0,0.73792,-0.26211,44.275,-0.524,-1,375.000,-1,375.000,-1,325.000,325.000,300.000,300.000,-1,-1,-1,-1,700.000,700.000,-1,-1,2,0,2,0,2,0,0,0,0,2,2,2,2,0,0,2,2
123,7513.641,-4483.979,113.104,-113.598,-0.400171,0.916033,0.027308,-0.916423,-0.400171,-0.005720,0.005688,-0.027315,0.999611,0,0.73792,-0.26211,44.275,-0.524,-1,375.000,-1,375.000,-1,300.000,325.000,300.000,300.000,-1,-1,-1,-1,675.000,700.000,-1,-1,2,0,2,0,2,0,0,0,0,2,2,2,2,0,0,2,2
124,7495.547,-4524.388,113.449,-114.122,-0.408530,0.912331,0.027479,-0.912725,-0.408534,-0.005732,0.005997,-0.027422,0.999606,0,0.73792,-0.26211,44.275,-0.524,-1,375.000,-1,375.000,-1,300.000,300.000,300.000,300.000,-1,-1,-1,-1,675.000,700.000,-1,-1,2,0,2,0,2,0,0,0,0,2,2,2,2,0,0,2,2
125,7477.083,-4564.629,113.997,-114.647,-0.416842,0.908570,0.027264,-0.908953,-0.416871,-0.004897,0.006916,-0.026823,0.999616,0,0.73792,-0.26211,44.275,-0.524,-1,375.000,-1,375.000,-1,300.000,300.000,300.000,300.000,-1,-1,-1,-1,675.000,700.000,-1,-1,2,0,2,0,2,0,0,0,0,2,2,2,2,0,0,2,2
126,7458.252,-4604.700,114.575,-115.171,-0.425119,0.904732,0.027092,-0.905103,-0.425172,-0.004029,0.007873,-0.026234,0.999625,0,0.73792,-0.26211,44.275,-0.524,-1,375.000,-1,375.000,-1,300.000,300.000,300.000,300.000,-1,-1,-1,-1,675.000,700.000,-1,-1,2,0,2,0,2,0,0,0,0,2,2,2,2,0,0,2,2
127,7439.054,-4644.597,115.188,-115.695,-0.433359,0.900818,0.026953,-0.901178,-0.433439,-0.003107,0.008884,-0.025636,0.999632,0,0.73792,-0.26211,44.275,-0.524,-1,375.000,-1,375.000,-1,300.000,300.000,300.000,300.000,-1,-1,-1,-1,675.000,725.000,-1,-1,2,0,2,0,2,0,0,0,0,2,2,2,2,0,0,2,2
128,7417.557,-4688.713,115.895,-115.979,-0.437797,0.898679,0.026642,-0.899016,-0.437912,-0.001638,0.010195,-0.024669,0.999644,0,0.81792,-0.14211,49.075,-0.284,-1,375.000,-1,375.000,-1,300.000,300.000,300.000,300.000,-1,-1,-1,-1,675.000,725.000,-1,-1,2,0,2,0,2,0,0,0,0,2,2,2,2,0,0,2,2
129,7395.100,-4734.697,116.609,-116.029,-0.438558,0.898317,0.026343,-0.898629,-0.438709,-0.000062,0.011501,-0.023700,0.999653,0,0.85290,-0.02507,51.174,-0.050,-1,375.000,-1,375.000,-1,300.000,300.000,300.000,300.000,-1,-1,-1,-1,675.000,725.000,-1,-1,2,0,2,0,2,0,0,0,0,2,2,2,2,0,0,2,2
130,7372.603,-4780.660,117.587,-116.080,-0.439287,0.897931,0.027326,-0.898244,-0.439494,0.001769,0.013598,-0.023769,0.999625,0,0.85290,-0.02507,51.174,-0.050,-1,375.000,-1,375.000,-1,300.000,300.000,300.000,300.000,-1,-1,-1,-1,675.000,750.000,-1,-1,2,0,2,0,2,0,0,0,0,2,2,2,2,0,0,2,2
131,7350.065,-4826.605,118.565,-116.130,-0.440013,0.897544,0.028351,-0.897854,-0.440278,0.003575,0.015691,-0.023882,0.999592,0,0.85290,-0.02507,51.174,-0.050,-1,375.000,-1,375.000,-1,300.000,300.000,300.000,300.000,-1,-1,-1,-1,675.000,750.000,-1,-1,2,0,2,0,2,0,0,0,0,2,2,2,2,0,0,2,2
132,7327.487,-4872.529,119.539,-116.180,-0.440736,0.897155,0.029409,-0.897461,-0.441062,0.005356,0.017776,-0.024033,0.999553,0,0.85290,-0.02507,51.174,-0.050,-1,375.000,-1,375.000,-1,300.000,300.000,300.000,300.000,-1,-1,1000.000,-1,675.000,775.000,-1,-1,2,0,2,0,2,0,0,0,0,2,2,0,2,0,0,2,2
133,7304.870,-4918.434,120.510,-116.230,-0.441456,0.896764,0.030500,-0.897063,-0.441845,0.007110,0.019853,-0.024222,0.999509,0,0.85290,-0.02507,51.174,-0.050,-1,375.000,-1,400.000,-1,300.000,325.000,300.000,300.000,-1,825.000,800.000,-1,675.000,775.000,-1,-1,2,0,2,0,2,0,0,0,0,2,0,0,2,0,0,2,2
134,7282.212,-4964.319,121.478,-116.280,-0.442172,0.896372,0.031625,-0.896662,-0.442627,0.008838,0.021921,-0.024449,0.999461,0,0.85290,-0.02507,51.174,-0.050,-1,375.000,-1,400.000,-1,325.000,325.000,300.000,325.000,-1,700.000,675.000,-1,675.000,775.000,-1,-1,2,0,2,0,2,0,0,0,0,2,0,0,2,0,0,2,2
135,7259.514,-5010.184,122.442,-116.330,-0.442885,0.895979,0.032784,-0.896258,-0.443408,0.010540,0.023980,-0.024715,0.999407,0,0.85290,-0.02507,51.174,-0.050,-1,375.000,-1,400.000,-1,325.000,325.000,300.000,325.000,-1,600.000,600.000,-1,675.000,800.000,-1,-1,2,0,2,0,2,0,0,0,0,2,0,0,2,0,0,2,2
136,7236.775,-5056.029,123.307,-116.380,-0.443612,0.895592,0.033522,-0.895849,-0.444193,0.012117,0.025742,-0.024655,0.999365,0,0.85290,-0.02507,51.174,-0.050,-1,375.000,-1,400.000,-1,325.000,325.000,300.000,325.000,-1,550.000,550.000,-1,675.000,800.000,-1,-1,2,0,2,0,2,0,0,0,0,2,0,0,2,0,0,2,2
