timestep,x_cm,y_cm,z_cm,yaw_deg,basis_xx,basis_xy,basis_xz,basis_yx,basis_yy,basis_yz,basis_zx,basis_zy,basis_zz,teleport_flag,throttle_cmd,steering_cmd,cmd_move_cm,cmd_turn_deg,lidar_cm_0,lidar_cm_1,lidar_cm_2,lidar_cm_3,lidar_cm_4,lidar_cm_5,lidar_cm_6,lidar_cm_7,lidar_cm_8,lidar_cm_9,lidar_cm_10,lidar_cm_11,lidar_cm_12,lidar_cm_13,lidar_cm_14,lidar_cm_15,lidar_cm_16,lidar_class_0,lidar_class_1,lidar_class_2,lidar_class_3,lidar_class_4,lidar_class_5,lidar_class_6,lidar_class_7,lidar_class_8,lidar_class_9,lidar_class_10,lidar_class_11,lidar_class_12,lidar_class_13,lidar_class_14,lidar_class_15,lidar_class_16
0,6231.356,-983.896,27.080,67.109,0.388791,-0.921235,0.012918,0.920234,0.388974,0.043225,-0.044845,-0.004918,0.998982,1,0.00000,0.00000,4.800,-0.240,-1,375.000,-1,325.000,525.000,300.000,275.000,350.000,275.000,525.000,50.000,150.000,-1,650.000,525.000,-1,575.000,2,0,2,0,0,0,0,0,0,1,1,1,2,0,0,2,0
1,6233.205,-979.466,26.835,67.349,0.384970,-0.922853,0.011827,0.921873,0.385111,0.042891,-0.044137,-0.005609,0.999010,0,0.08000,0.12000,4.800,0.240,-1,375.000,-1,325.000,525.000,300.000,275.000,350.000,275.000,525.000,75.000,150.000,-1,650.000,525.000,-1,600.000,2,0,2,0,0,0,0,0,0,1,1,1,2,0,0,2,0
2,6236.827,-970.576,26.347,67.829,0.377303,-0.926039,0.009676,0.925103,0.377363,0.042205,-0.042734,-0.006973,0.999062,0,0.16000,0.24000,9.600,0.480,-1,375.000,-1,325.000,525.000,300.000,275.000,350.000,275.000,525.000,75.000,175.000,-1,650.000,525.000,-1,600.000,2,0,2,0,0,0,0,0,0,1,1,1,2,0,0,2,0
3,6242.093,-957.173,25.621,68.549,0.365743,-0.930693,0.006523,0.929827,0.365691,0.041131,-0.040665,-0.008978,0.999132,0,0.24000,0.36000,14.400,0.720,-1,375.000,-1,325.000,550.000,300.000,275.000,350.000,275.000,525.000,75.000,175.000,-1,650.000,550.000,-1,625.000,2,0,2,0,0,0,0,0,0,1,1,1,2,0,0,2,0
4,6248.813,-939.188,24.665,69.509,0.350219,-0.936664,0.002459,0.935898,0.350037,0.039620,-0.037971,-0.011575,0.999212,0,0.32000,0.48000,19.200,0.960,-1,375.000,-1,325.000,575.000,300.000,300.000,325.000,300.000,500.000,75.000,200.000,-1,650.000,550.000,-1,650.000,2,0,2,0,0,0,0,0,0,1,1,1,2,0,0,2,0
5,6256.741,-916.536,23.490,70.709,0.330648,-0.943751,-0.002395,0.943116,0.330330,0.037615,-0.034708,-0.014696,0.999289,0,0.40000,0.60000,24.000,1.200,-1,375.000,-1,325.000,575.000,300.000,300.000,325.000,300.000,500.000,100.000,225.000,-1,675.000,575.000,-1,700.000,2,0,2,0,0,0,0,0,0,1,1,1,2,0,0,2,0
6,6265.013,-890.849,22.210,72.149,0.306927,-0.951704,-0.007481,0.951220,0.306493,0.035257,-0.031261,-0.017938,0.999350,0,0.44977,0.72000,26.986,1.440,-1,375.000,-1,350.000,625.000,300.000,300.000,325.000,300.000,475.000,100.000,250.000,-1,675.000,575.000,-1,750.000,2,0,2,0,0,0,0,0,0,1,1,1,2,0,0,2,0
7,6272.730,-864.440,20.946,73.709,0.280970,-0.959638,-0.012259,0.959308,0.280456,0.032739,-0.027979,-0.020959,0.999389,0,0.45857,0.77996,27.514,1.560,-1,375.000,-1,350.000,650.000,300.000,300.000,300.000,300.000,475.000,125.000,275.000,-1,675.000,600.000,-1,825.000,2,0,2,0,0,0,0,0,0,1,1,1,2,0,0,2,0
8,6279.875,-837.304,19.669,75.248,0.255132,-0.966760,-0.016813,0.966590,0.254565,0.030017,-0.024739,-0.023910,0.999408,0,0.46769,0.76947,28.061,1.539,-1,400.000,-1,350.000,725.000,325.000,300.000,300.000,300.000,475.000,125.000,300.000,-1,700.000,600.000,-1,925.000,2,0,2,0,0,0,0,0,0,1,1,1,2,0,0,2,0
9,6286.423,-809.458,18.381,76.766,0.229445,-0.973092,-0.021121,0.973083,0.228854,0.027115,-0.021552,-0.026774,0.999409,0,0.47676,0.75885,28.606,1.518,-1,400.000,-1,350.000,775.000,325.000,300.000,300.000,300.000,475.000,150.000,350.000,-1,700.000,625.000,-1,-1,2,0,2,0,0,0,0,0,0,1,1,1,2,0,0,2,2
10,6292.351,-780.920,17.084,78.262,0.203940,-0.978660,-0.025167,0.978810,0.203352,0.024058,-0.018427,-0.029540,0.999394,0,0.48579,0.74810,29.147,1.496,-1,400.000,-1,350.000,875.000,325.000,300.000,300.000,300.000,475.000,175.000,375.000,-1,700.000,625.000,-1,-1,2,0,2,0,0,0,0,0,0,1,1,1,2,0,0,2,2
11,6297.640,-751.711,15.778,79.736,0.178647,-0.983488,-0.028937,0.983793,0.178088,0.020867,-0.015369,-0.032196,0.999363,0,0.49475,0.73723,29.685,1.474,-1,400.000,-1,375.000,975.000,325.000,300.000,275.000,300.000,475.000,175.000,400.000,-1,700.000,650.000,-1,-1,2,0,2,0,0,0,0,0,0,1,1,1,2,0,0,2,2
12,6302.268,-721.849,14.464,81.189,0.153595,-0.987602,-0.032422,0.988056,0.153089,0.017565,-0.012384,-0.034733,0.999320,0,0.50365,0.72624,30.219,1.452,-1,400.000,-1,375.000,-1,325.000,300.000,275.000,300.000,475.000,175.000,425.000,-1,700.000,675.000,-1,-1,2,0,2,0,2,0,0,0,0,1,1,0,2,0,0,2,2
13,6306.217,-691.355,13.448,82.619,0.128834,-0.991075,-0.034248,0.991611,0.128385,0.015004,-0.010473,-0.035894,0.999301,0,0.51247,0.71513,30.748,1.430,-1,400.000,-1,375.000,-1,325.000,325.000,275.000,300.000,475.000,200.000,400.000,-1,700.000,675.000,-1,-1,2,0,2,0,2,0,0,0,0,1,1,0,2,0,0,2,2
14,6309.472,-660.252,12.921,84.027,0.104393,-0.993965,-0.033710,0.994490,0.104001,0.013181,-0.009596,-0.034901,0.999345,0,0.52123,0.70390,31.274,1.408,-1,400.000,-1,375.000,-1,325.000,325.000,275.000,300.000,500.000,250.000,400.000,-1,700.000,700.000,-1,-1,2,0,2,0,2,0,0,0,0,1,1,0,2,0,0,2,2
15,6312.016,-628.560,12.569,85.412,0.080300,-0.996209,-0.033455,0.996729,0.079946,0.011799,-0.009079,-0.034293,0.999371,0,0.52990,0.69256,31.794,1.385,-1,400.000,-1,375.000,-1,325.000,325.000,275.000,275.000,525.000,275.000,400.000,-1,700.000,700.000,-1,-1,2,0,2,0,2,0,0,0,0,1,1,0,2,0,0,2,2
16,6313.834,-596.301,12.438,86.774,0.056581,-0.997821,-0.033951,0.998357,0.056240,0.010929,-0.008996,-0.034514,0.999364,0,0.53851,0.68110,32.310,1.362,-1,400.000,-1,375.000,-1,325.000,325.000,275.000,275.000,550.000,325.000,425.000,-1,700.000,700.000,-1,-1,2,0,2,0,2,0,0,0,0,1,1,0,2,0,0,2,2
17,6314.915,-563.497,12.288,88.113,0.033234,-0.998857,-0.034356,0.999408,0.032906,0.010058,-0.008916,-0.034670,0.999359,0,0.54703,0.66954,32.822,1.339,-1,400.000,-1,375.000,-1,325.000,325.000,275.000,275.000,575.000,375.000,450.000,-1,700.000,700.000,-1,-1,2,0,2,0,2,0,0,0,0,1,1,0,2,0,0,2,2
18,6315.247,-530.170,12.116,89.429,0.010275,-0.999346,-0.034669,0.999908,0.009962,0.009187,-0.008836,-0.034761,0.999357,0,0.55548,0.65786,33.329,1.316,-1,400.000,-1,375.000,-1,325.000,325.000,275.000,275.000,575.000,450.000,475.000,-1,700.000,725.000,-1,-1,2,0,2,0,2,0,0,0,0,1,1,0,2,0,0,2,2
19,6314.821,-496.341,11.924,90.721,-0.012278,-0.999316,-0.034892,0.999886,-0.012576,0.008319,-0.008752,-0.034786,0.999356,0,0.56386,0.64607,33.832,1.292,-1,400.000,-1,375.000,-1,325.000,325.000,275.000,275.000,600.000,475.000,500.000,-1,700.000,725.000,-1,-1,2,0,2,0,2,0,0,0,0,1,0,0,2,0,0,2,2
20,6313.630,-462.031,11.710,91.989,-0.034411,-0.998794,-0.035023,0.999370,-0.034693,0.007455,-0.008661,-0.034745,0.999359,0,0.57217,0.63417,34.330,1.268,-1,400.000,-1,375.000,-1,325.000,325.000,275.000,275.000,625.000,500.000,525.000,-1,700.000,725.000,-1,-1,2,0,2,0,2,0,0,0,0,1,0,0,2,0,0,2,2
21,6311.665,-427.263,11.474,93.234,-0.056110,-0.997809,-0.035064,0.998388,-0.056374,0.006598,-0.008560,-0.034637,0.999363,0,0.58041,0.62217,34.824,1.244,-1,400.000,-1,400.000,-1,325.000,325.000,275.000,275.000,650.000,525.000,550.000,-1,700.000,725.000,-1,-1,2,0,2,0,2,0,0,0,0,1,0,0,2,0,0,2,2
22,6308.923,-392.055,11.216,94.454,-0.077362,-0.996388,-0.035014,0.996967,-0.077609,0.005748,-0.008445,-0.034463,0.999370,0,0.58858,0.61005,35.315,1.220,-1,400.000,-1,400.000,-1,325.000,325.000,275.000,275.000,675.000,550.000,575.000,-1,700.000,725.000,-1,-1,2,0,2,0,2,0,0,0,0,1,0,0,2,0,0,2,2
23,6305.399,-356.427,10.935,95.649,-0.098155,-0.994560,-0.034873,0.995136,-0.098384,0.004907,-0.008311,-0.034222,0.999380,0,0.59669,0.59782,35.802,1.196,-1,375.000,-1,400.000,-1,325.000,325.000,275.000,275.000,700.000,575.000,600.000,-1,700.000,750.000,-1,-1,2,0,2,0,2,0,0,0,0,1,0,0,2,0,0,2,2
24,6300.729,-316.095,10.606,96.605,-0.114753,-0.992791,-0.034617,0.993362,-0.114959,0.004000,-0.007951,-0.033928,0.999393,0,0.67669,0.47782,40.602,0.956,-1,375.000,-1,400.000,-1,325.000,325.000,275.000,275.000,725.000,600.000,625.000,-1,700.000,750.000,-1,-1,2,0,2,0,2,0,0,0,0,1,0,0,2,0,0,2,2
25,6295.181,-272.912,10.244,97.321,-0.127173,-0.991289,-0.034265,0.991853,-0.127351,0.003059,-0.007396,-0.033597,0.999408,0,0.72564,0.35782,43.538,0.716,-1,375.000,-1,400.000,-1,325.000,325.000,275.000,275.000,775.000,625.000,650.000,-1,700.000,750.000,-1,-1,2,0,2,0,2,0,0,0,0,1,0,0,2,0,0,2,2
26,6289.208,-229.283,9.872,97.796,-0.135429,-0.990208,-0.033859,0.990764,-0.135577,0.002123,-0.006693,-0.033259,0.999424,0,0.73393,0.23782,44.036,0.476,-1,375.000,-1,400.000,-1,325.000,325.000,275.000,275.000,800.000,650.000,650.000,-1,700.000,750.000,-1,-1,2,0,2,0,2,0,0,0,0,1,0,0,2,0,0,2,2
27,6282.987,-185.199,9.492,98.032,-0.139533,-0.989653,-0.033421,0.990200,-0.139650,0.001183,-0.005838,-0.032928,0.999441,0,0.74202,0.11782,44.521,0.236,-1,375.000,-1,400.000,-1,325.000,325.000,275.000,275.000,825.000,675.000,675.000,-1,700.000,750.000,-1,-1,2,0,2,0,2,0,0,0,0,1,0,0,2,0,0,2,2
28,6276.703,-140.639,9.107,98.028,-0.139493,-0.989674,-0.032974,0.990211,-0.139577,0.000226,-0.004826,-0.032620,0.999456,0,0.75002,-0.00218,45.001,-0.004,-1,375.000,-1,400.000,-1,325.000,325.000,275.000,275.000,875.000,700.000,700.000,-1,700.000,750.000,-1,-1,2,0,2,0,2,0,0,0,0,1,0,0,2,0,0,2,2
29,6270.544,-95.575,8.723,97.783,-0.135308,-0.990269,-0.032545,0.990797,-0.135356,-0.000757,-0.003655,-0.032348,0.999470,0,0.75805,-0.12218,45.483,-0.244,-1,375.000,-1,400.000,-1,325.000,325.000,275.000,275.000,925.000,725.000,725.000,-1,700.000,750.000,-1,-1,2,0,2,0,2,0,0,0,0,1,0,0,2,0,0,2,2
30,6264.703,-49.973,8.340,97.299,-0.126972,-0.991385,-0.032162,0.991904,-0.126981,-0.001778,-0.002322,-0.032127,0.999481,0,0.76624,-0.24218,45.974,-0.484,-1,375.000,-1,400.000,-1,325.000,325.000,275.000,275.000,975.000,750.000,750.000,-1,700.000,750.000,-1,-1,2,0,2,0,2,0,0,0,0,1,0,0,2,0,0,2,2
31,6259.381,-3.796,8.039,96.575,-0.114464,-0.992907,-0.032151,0.993427,-0.114437,-0.002691,-0.001007,-0.032248,0.999479,0,0.77471,-0.36218,46.482,-0.724,-1,375.000,-1,400.000,-1,325.000,325.000,275.000,300.000,-1,775.000,750.000,-1,700.000,750.000,-1,-1,2,0,2,0,2,0,0,0,0,2,0,0,2,0,0,2,2
32,6254.785,42.993,7.949,95.610,-0.097763,-0.994704,-0.031723,0.995210,-0.097711,-0.003189,0.000072,-0.031883,0.999492,0,0.78356,-0.48218,47.014,-0.964,-1,375.000,-1,400.000,-1,325.000,325.000,275.000,300.000,-1,800.000,800.000,-1,700.000,750.000,-1,-1,2,0,2,0,2,0,0,0,0,2,0,0,2,0,0,2,2
33,6250.840,94.202,8.129,94.406,-0.076858,-0.996579,-0.030389,0.997041,-0.076785,-0.003547,0.001201,-0.030572,0.999532,0,0.85602,-0.60218,51.361,-1.204,-1,375.000,-1,400.000,-1,325.000,325.000,275.000,275.000,-1,850.000,850.000,-1,700.000,750.000,-1,-1,2,0,2,0,2,0,0,0,0,2,0,0,2,0,0,2,2
34,6248.153,146.145,8.346,92.962,-0.051736,-0.998235,-0.029165,0.998658,-0.051643,-0.003952,0.002439,-0.029330,0.999567,0,0.86688,-0.72218,52.013,-1.444,-1,375.000,-1,400.000,-1,325.000,325.000,275.000,275.000,-1,900.000,900.000,-1,700.000,750.000,-1,-1,2,0,2,0,2,0,0,0,0,2,1,0,2,0,0,2,2
35,6246.979,198.844,8.599,91.277,-0.022395,-0.999355,-0.028064,0.999742,-0.022280,-0.004400,0.003772,-0.028155,0.999596,0,0.87852,-0.84218,52.711,-1.684,-1,375.000,-1,400.000,-1,325.000,325.000,300.000,275.000,-1,925.000,950.000,-1,700.000,750.000,-1,-1,2,0,2,0,2,0,0,0,0,2,1,0,2,0,0,2,2
36,6247.462,252.303,8.889,89.483,0.008886,-0.999593,-0.027107,0.999947,0.009021,-0.004880,0.005123,-0.027062,0.999621,0,0.89102,-0.89711,53.461,-1.794,-1,375.000,-1,400.000,-1,325.000,325.000,300.000,275.000,-1,950.000,1000.000,-1,700.000,750.000,-1,-1,2,0,2,0,2,0,0,0,0,2,1,0,2,0,0,2,2
37,6249.691,306.524,9.214,87.646,0.040907,-0.998817,-0.026293,0.999142,0.041061,-0.005372,0.006445,-0.026050,0.999640,0,0.90445,-0.91852,54.267,-1.837,-1,375.000,-1,400.000,-1,325.000,325.000,300.000,275.000,-1,1000.000,-1,-1,700.000,775.000,-1,-1,2,0,2,0,2,0,0,0,0,2,1,2,2,0,0,2,2
38,6253.763,361.502,9.574,85.765,0.073655,-0.996955,-0.025607,0.997254,0.073827,-0.005858,0.007731,-0.025105,0.999655,0,0.91880,-0.94054,55.128,-1.881,-1,375.000,-1,400.000,-1,325.000,325.000,300.000,275.000,-1,975.000,-1,-1,700.000,775.000,-1,-1,2,0,2,0,2,0,0,0,0,2,0,2,2,0,0,2,2
39,6259.778,417.218,9.968,83.839,0.107111,-0.993932,-0.025030,0.994207,0.107300,-0.006321,0.008968,-0.024208,0.999667,0,0.93400,-0.96316,56.040,-1.926,-1,375.000,-1,400.000,-1,325.000,325.000,300.000,275.000,-1,950.000,-1,-1,700.000,775.000,-1,-1,2,0,2,0,2,0,0,0,0,2,0,2,2,0,0,2,2
40,6267.843,473.643,10.396,81.866,0.141251,-0.989670,-0.024541,0.989922,0.141455,-0.006744,0.010146,-0.023341,0.999676,0,0.94997,-0.98638,56.998,-1.973,-1,375.000,-1,400.000,-1,325.000,325.000,300.000,275.000,-1,950.000,-1,-1,700.000,775.000,-1,-1,2,0,2,0,2,0,0,0,0,2,0,2,2,0,0,2,2
41,6277.973,530.313,10.854,79.866,0.175695,-0.984149,-0.024116,0.984380,0.175911,-0.007111,0.011241,-0.022490,0.999684,0,0.95947,-1.00000,57.568,-2.000,-1,375.000,-1,400.000,-1,325.000,325.000,300.000,275.000,-1,950.000,-1,-1,700.000,775.000,-1,-1,2,0,2,0,2,0,0,0,0,2,0,2,2,0,0,2,2
42,6290.074,586.595,11.341,77.866,0.209929,-0.977429,-0.023701,0.977640,0.210154,-0.007396,0.012210,-0.021619,0.999692,0,0.95947,-1.00000,57.568,-2.000,-1,375.000,-1,400.000,-1,325.000,325.000,300.000,275.000,-1,975.000,-1,-1,700.000,775.000,-1,-1,2,0,2,0,2,0,0,0,0,2,0,2,2,0,0,2,2
43,6304.133,642.420,12.138,75.866,0.243928,-0.969541,-0.022133,0.969706,0.244148,-0.007815,0.012981,-0.019556,0.999724,0,0.95947,-1.00000,57.568,-2.000,-1,375.000,-1,400.000,-1,325.000,325.000,300.000,275.000,-1,1000.000,-1,-1,700.000,800.000,-1,-1,2,0,2,0,2,0,0,0,0,2,0,2,2,0,0,2,2
44,6320.131,697.721,13.010,73.866,0.277634,-0.960471,-0.020388,0.960587,0.277848,-0.008504,0.013833,-0.017224,0.999756,0,0.95947,-1.00000,57.568,-2.000,-1,375.000,-1,400.000,-1,325.000,325.000,300.000,275.000,-1,-1,-1,-1,675.000,800.000,-1,-1,2,0,2,0,2,0,0,0,0,2,2,2,2,0,0,2,2
45,6338.049,752.430,13.895,71.866,0.311006,-0.950223,-0.018761,0.950298,0.311210,-0.009098,0.014483,-0.014999,0.999783,0,0.95947,-1.00000,57.568,-2.000,-1,375.000,-1,400.000,-1,325.000,325.000,300.000,275.000,-1,-1,-1,-1,675.000,800.000,-1,-1,2,0,2,0,2,0,0,0,0,2,2,2,2,0,0,2,2
46,6357.866,806.480,14.971,69.866,0.343981,-0.938802,-0.018082,0.938847,0.344190,-0.009949,0.015564,-0.013554,0.999787,0,0.95947,-1.00000,57.568,-2.000,-1,375.000,-1,400.000,-1,325.000,325.000,300.000,275.000,-1,-1,-1,-1,675.000,800.000,-1,-1,2,0,2,0,2,0,0,0,0,2,2,2,2,0,0,2,2
47,6379.556,859.806,16.039,67.866,0.376542,-0.926236,-0.017418,0.926252,0.376751,-0.010749,0.016519,-0.012086,0.999791,0,0.95947,-1.00000,57.568,-2.000,-1,375.000,-1,400.000,-1,325.000,325.000,300.000,300.000,-1,-1,-1,-1,675.000,775.000,-1,-1,2,0,2,0,2,0,0,0,0,2,2,2,2,0,0,2,2
48,6403.095,912.342,17.074,65.866,0.408647,-0.912538,-0.016798,0.912529,0.408853,-0.011412,0.017282,-0.010666,0.999794,0,0.95947,-1.00000,57.568,-2.000,-1,375.000,-1,400.000,-1,325.000,325.000,300.000,300.000,-1,-1,-1,-1,675.000,775.000,-1,-1,2,0,2,0,2,0,0,0,0,2,2,2,2,0,0,2,2
49,6428.452,964.025,18.059,63.866,0.440257,-0.897725,-0.016223,0.897695,0.440457,-0.011884,0.017814,-0.009332,0.999798,0,0.95947,-1.00000,57.568,-2.000,-1,400.000,-1,400.000,-1,325.000,325.000,300.000,300.000,-1,-1,-1,-1,675.000,775.000,-1,-1,2,0,2,0,2,0,0,0,0,2,2,2,2,0,0,2,2
50,6455.598,1014.791,18.987,61.866,0.471333,-0.881816,-0.015663,0.881769,0.471524,-0.012170,0.018117,-0.008075,0.999803,0,0.95947,-1.00000,57.568,-2.000,-1,375.000,-1,400.000,-1,325.000,325.000,300.000,300.000,-1,-1,-1,-1,650.000,775.000,-1,-1,2,0,2,0,2,0,0,0,0,2,2,2,2,0,0,2,2
51,6484.499,1064.579,19.854,59.866,0.501837,-0.864831,-0.015089,0.864771,0.502016,-0.012277,0.018193,-0.006888,0.999811,0,0.95947,-1.00000,57.568,-2.000,1000.000,375.000,-1,400.000,-1,325.000,325.000,300.000,275.000,-1,-1,-1,-1,650.000,775.000,-1,-1,0,0,2,0,2,0,0,0,0,2,2,2,2,0,0,2,2
52,6515.120,1113.328,20.721,57.866,0.531725,-0.846789,-0.014717,0.846721,0.531896,-0.012245,0.018196,-0.005950,0.999817,0,0.95947,-1.00000,57.568,-2.000,1000.000,375.000,-1,400.000,-1,325.000,325.000,300.000,275.000,-1,-1,-1,-1,650.000,750.000,-1,-1,0,0,2,0,2,0,0,0,0,2,2,2,2,0,0,2,2
53,6547.424,1160.979,21.908,55.866,0.560969,-0.827714,-0.014233,0.827642,0.561127,-0.012038,0.017951,-0.005027,0.999826,0,0.95947,-1.00000,57.568,-2.000,975.000,375.000,-1,400.000,-1,325.000,325.000,300.000,275.000,-1,-1,-1,-1,650.000,750.000,-1,-1,0,0,2,0,2,0,0,0,0,2,2,2,2,0,0,2,2
54,6581.370,1207.473,22.996,53.866,0.589529,-0.807630,-0.013726,0.807557,0.589674,-0.011686,0.017532,-0.004195,0.999837,0,0.95947,-1.00000,57.568,-2.000,950.000,375.000,-1,400.000,-1,325.000,325.000,275.000,275.000,-1,-1,-1,-1,650.000,750.000,-1,-1,0,0,2,0,2,0,0,0,0,2,2,2,2,0,0,2,2
55,6616.919,1252.754,24.425,51.866,0.617378,-0.786565,-0.012650,0.786451,0.617506,-0.013473,0.018409,-0.001630,0.999829,0,0.95947,-1.00000,57.568,-2.000,1000.000,375.000,-1,400.000,-1,325.000,325.000,300.000,275.000,-1,-1,-1,-1,650.000,750.000,-1,-1,0,0,2,0,2,0,0,0,0,2,2,2,2,0,0,2,2
56,6654.026,1296.767,25.890,49.866,0.644479,-0.764535,-0.011515,0.764372,0.644580,-0.015878,0.019561,0.001431,0.999808,0,0.95947,-1.00000,57.568,-2.000,-1,375.000,-1,400.000,-1,325.000,325.000,300.000,275.000,-1,-1,-1,-1,650.000,750.000,-1,-1,2,0,2,0,2,0,0,0,0,2,2,2,2,0,0,2,2
57,6692.647,1339.459,27.253,47.866,0.670796,-0.741568,-0.010525,0.741356,0.670864,-0.018237,0.020585,0.004430,0.999778,0,0.95947,-1.00000,57.568,-2.000,-1,375.000,-1,400.000,-1,325.000,325.000,300.000,275.000,-1,-1,-1,-1,675.000,750.000,-1,-1,2,0,2,0,2,0,0,0,0,2,2,2,2,0,0,2,2
58,6732.734,1380.776,28.486,45.866,0.696292,-0.717691,-0.009815,0.717434,0.696324,-0.020538,0.021574,0.007259,0.999741,0,0.95947,-1.00000,57.568,-2.000,-1,375.000,-1,400.000,-1,325.000,325.000,275.000,275.000,-1,-1,-1,-1,675.000,725.000,-1,-1,2,0,2,0,2,0,0,0,0,2,2,2,2,0,0,2,2
59,6774.239,1420.670,29.782,43.866,0.720932,-0.692942,-0.009473,0.692658,0.720935,-0.021853,0.021972,0.009193,0.999716,0,0.95947,-1.00000,57.568,-2.000,-1,375.000,-1,400.000,-1,325.000,325.000,275.000,275.000,-1,-1,-1,-1,675.000,725.000,-1,-1,2,0,2,0,2,0,0,0,0,2,2,2,2,0,0,2,2
60,6817.425,1459.700,30.976,42.106,0.741887,-0.670461,-0.009252,0.670153,0.741865,-0.023051,0.022319,0.010901,0.999691,0,0.97017,-0.88000,58.210,-1.760,-1,375.000,-1,400.000,-1,325.000,325.000,275.000,275.000,-1,-1,-1,-1,675.000,725.000,-1,-1,2,0,2,0,2,0,0,0,0,2,2,2,2,0,0,2,2
61,6861.632,1497.571,32.180,40.586,0.759427,-0.650530,-0.009080,0.650181,0.759368,-0.024984,0.023148,0.013070,0.999647,0,0.97017,-0.76000,58.210,-1.520,-1,375.000,-1,400.000,-1,325.000,325.000,275.000,275.000,-1,-1,-1,-1,700.000,700.000,-1,-1,2,0,2,0,2,0,0,0,0,2,2,2,2,0,0,2,2
62,6906.673,1534.445,33.268,39.306,0.773785,-0.633385,-0.008968,0.632992,0.773687,-0.027001,0.024041,0.015216,0.999595,0,0.97017,-0.64000,58.210,-1.280,-1,375.000,-1,400.000,-1,325.000,325.000,275.000,275.000,-1,-1,-1,-1,700.000,700.000,-1,-1,2,0,2,0,2,0,0,0,0,2,2,2,2,0,0,2,2
63,6952.376,1570.496,34.209,38.266,0.785170,-0.619217,-0.008864,0.618780,0.785030,-0.028969,0.024897,0.017261,0.999541,0,0.97017,-0.52000,58.210,-1.040,-1,375.000,-1,400.000,-1,325.000,325.000,275.000,275.000,-1,-1,-1,-1,725.000,700.000,-1,-1,2,0,2,0,2,0,0,0,0,2,2,2,2,0,0,2,2
64,6998.578,1605.905,35.054,37.466,0.793754,-0.608176,-0.008699,0.607700,0.793573,-0.030704,0.025577,0.019085,0.999491,0,0.97017,-0.40000,58.210,-0.800,-1,375.000,-1,375.000,-1,325.000,325.000,275.000,250.000,-1,-1,-1,-1,725.000,675.000,-1,-1,2,0,2,0,2,0,0,0,0,2,2,2,2,0,0,2,2
65,7045.202,1640.756,36.349,36.778,0.801035,-0.598579,-0.006816,0.598121,0.800781,-0.031651,0.024404,0.021277,0.999476,0,0.97017,-0.34391,58.210,-0.688,-1,375.000,-1,375.000,-1,325.000,325.000,275.000,250.000,-1,-1,-1,-1,700.000,675.000,-1,-1,2,0,2,0,2,0,0,0,0,2,2,2,2,0,0,2,2
66,7092.241,1675.046,38.281,36.090,0.808169,-0.588913,-0.006699,0.588446,0.807895,-0.032208,0.024380,0.022088,0.999459,0,0.97017,-0.34391,58.210,-0.688,-1,375.000,-1,375.000,975.000,325.000,325.000,275.000,250.000,-1,-1,-1,-1,700.000,675.000,-1,-1,2,0,2,0,0,0,0,0,0,2,2,2,2,0,0,2,2
67,7139.689,1708.768,40.148,35.402,0.815183,-0.579164,-0.006832,0.578684,0.814894,-0.032745,0.024532,0.022739,0.999440,0,0.97017,-0.34391,58.210,-0.688,-1,375.000,-1,375.000,950.000,325.000,300.000,275.000,275.000,-1,-1,-1,-1,700.000,650.000,-1,-1,2,0,2,0,0,0,0,0,0,2,2,2,2,0,0,2,2
68,7187.538,1741.917,42.432,34.714,0.822037,-0.569356,-0.009416,0.568826,0.821812,-0.032593,0.026295,0.021437,0.999424,0,0.97017,-0.34391,58.210,-0.688,-1,375.000,-1,375.000,950.000,325.000,300.000,275.000,275.000,-1,-1,-1,-1,725.000,675.000,-1,-1,2,0,2,0,0,0,0,0,0,2,2,2,2,0,0,2,2
69,7235.781,1774.490,44.575,34.027,0.828770,-0.559463,-0.011883,0.558888,0.828608,-0.032460,0.028007,0.020261,0.999402,0,0.97017,-0.34391,58.210,-0.688,-1,375.000,-1,375.000,950.000,325.000,300.000,275.000,275.000,-1,-1,-1,-1,725.000,675.000,-1,-1,2,0,2,0,0,0,0,0,0,2,2,2,2,0,0,2,2
70,7284.412,1806.482,46.580,33.339,0.835381,-0.549487,-0.014240,0.548870,0.835281,-0.032351,0.029671,0.019210,0.999375,0,0.97017,-0.34391,58.210,-0.688,-1,400.000,-1,375.000,950.000,325.000,325.000,275.000,275.000,-1,-1,-1,-1,750.000,675.000,-1,-1,2,0,2,0,0,0,0,0,0,2,2,2,2,0,0,2,2
71,7333.424,1837.887,48.551,32.651,0.841881,-0.539426,-0.015989,0.538774,0.841826,-0.032438,0.030958,0.018695,0.999346,0,0.97017,-0.34391,58.210,-0.688,-1,400.000,-1,375.000,950.000,325.000,325.000,275.000,275.000,-1,-1,-1,-1,750.000,675.000,-1,-1,2,0,2,0,0,0,0,0,0,2,2,2,2,0,0,2,2
72,7382.809,1868.702,50.437,31.963,0.848267,-0.529283,-0.017397,0.528599,0.848243,-0.032653,0.032040,0.018502,0.999315,0,0.97017,-0.34391,58.210,-0.688,-1,400.000,-1,375.000,925.000,325.000,325.000,275.000,275.000,-1,-1,-1,-1,750.000,675.000,-1,-1,2,0,2,0,0,0,0,0,0,2,2,2,2,0,0,2,2
73,7432.560,1898.923,52.343,31.275,0.854531,-0.519057,-0.018898,0.518308,0.854527,-0.033765,0.033675,0.019058,0.999251,0,0.97017,-0.34391,58.210,-0.688,-1,400.000,-1,375.000,900.000,325.000,325.000,275.000,275.000,-1,925.000,875.000,-1,775.000,675.000,-1,-1,2,0,2,0,0,0,0,0,0,2,0,0,2,0,0,2,2
74,7482.670,1928.544,54.301,30.588,0.860671,-0.508747,-0.020547,0.507891,0.860672,-0.035916,0.035956,0.020477,0.999144,0,0.97017,-0.34391,58.210,-0.688,-1,400.000,-1,375.000,900.000,325.000,325.000,275.000,275.000,-1,825.000,775.000,-1,800.000,675.000,-1,-1,2,0,2,0,0,0,0,0,0,2,0,0,2,0,0,2,2
75,7533.133,1957.561,56.116,29.900,0.866683,-0.498363,-0.022229,0.497391,0.866691,-0.038076,0.038241,0.021943,0.999028,0,0.97017,-0.34391,58.210,-0.688,-1,400.000,-1,375.000,875.000,325.000,325.000,300.000,275.000,-1,775.000,725.000,-1,800.000,675.000,-1,-1,2,0,2,0,0,0,0,0,0,2,0,0,2,0,0,2,2
76,7583.940,1985.971,57.790,29.212,0.872568,-0.487906,-0.023948,0.486809,0.872581,-0.040242,0.040531,0.023456,0.998903,0,0.97017,-0.34391,58.210,-0.688,-1,425.000,-1,375.000,875.000,325.000,325.000,300.000,275.000,-1,750.000,700.000,-1,800.000,675.000,-1,-1,2,0,2,0,0,0,0,0,0,2,0,0,2,0,0,2,2
77,7635.084,2013.768,59.447,28.524,0.878322,-0.477383,-0.025609,0.476179,0.878352,-0.041853,0.042474,0.024565,0.998796,0,0.97017,-0.34391,58.210,-0.688,-1,425.000,-1,375.000,850.000,325.000,325.000,300.000,275.000,-1,725.000,675.000,-1,825.000,675.000,-1,-1,2,0,2,0,0,0,0,0,0,2,0,0,2,0,0,2,2
78,7686.559,2040.949,61.463,27.836,0.883948,-0.466812,-0.026871,0.465606,0.884033,-0.041185,0.042980,0.023894,0.998790,0,0.97017,-0.34391,58.210,-0.688,-1,425.000,-1,375.000,825.000,350.000,325.000,300.000,275.000,-1,750.000,700.000,-1,825.000,675.000,-1,-1,2,0,2,0,0,0,0,0,0,2,0,0,2,0,0,2,2
79,7738.356,2067.510,63.636,27.148,0.889450,-0.456184,-0.027846,0.455039,0.889608,-0.039202,0.042655,0.022197,0.998843,0,0.97017,-0.34391,58.210,-0.688,-1,425.000,-1,375.000,825.000,325.000,325.000,300.000,275.000,-1,800.000,750.000,-1,800.000,650.000,-1,-1,2,0,2,0,0,0,0,0,0,2,0,0,2,0,0,2,2
80,7790.469,2093.446,65.992,26.461,0.894830,-0.445498,-0.028468,0.444480,0.895073,-0.035806,0.041432,0.019387,0.998953,0,0.97017,-0.34391,58.210,-0.688,-1,400.000,-1,375.000,850.000,325.000,325.000,300.000,275.000,-1,875.000,850.000,-1,800.000,650.000,-1,-1,2,0,2,0,0,0,0,0,0,2,0,0,2,0,0,2,2
81,7842.889,2118.755,68.722,25.773,0.900007,-0.434756,-0.031227,0.433868,0.900428,-0.031432,0.041783,0.014740,0.999018,0,0.97017,-0.34391,58.210,-0.688,-1,400.000,-1,375.000,950.000,325.000,325.000,300.000,275.000,-1,875.000,900.000,-1,775.000,650.000,-1,-1,2,0,2,0,0,0,0,0,0,2,0,0,2,0,0,2,2
82,7895.609,2143.432,71.422,25.085,0.905038,-0.423941,-0.034350,0.423202,0.905637,-0.026860,0.042496,0.009772,0.999049,0,0.97017,-0.34391,58.210,-0.688,-1,400.000,-1,375.000,-1,325.000,325.000,275.000,275.000,-1,850.000,950.000,-1,775.000,675.000,-1,-1,2,0,2,0,2,0,0,0,0,2,0,0,2,0,0,2,2
83,7948.622,2167.476,74.009,24.397,0.909941,-0.413053,-0.037329,0.412479,0.910693,-0.022331,0.043219,0.004922,0.999053,0,0.97017,-0.34391,58.210,-0.688,-1,400.000,-1,375.000,-1,325.000,325.000,275.000,300.000,-1,775.000,1000.000,-1,775.000,675.000,-1,-1,2,0,2,0,2,0,0,0,0,2,0,0,2,0,0,2,2
84,8001.919,2190.881,76.809,23.709,0.914780,-0.402096,-0.038693,0.401667,0.915596,-0.018624,0.042915,0.001495,0.999078,0,0.97017,-0.34391,58.210,-0.688,-1,400.000,-1,375.000,-1,325.000,325.000,275.000,300.000,-1,800.000,-1,-1,775.000,675.000,-1,-1,2,0,2,0,2,0,0,0,0,2,0,2,2,0,0,2,2
85,8055.494,2213.646,80.001,23.021,0.919460,-0.391076,-0.040648,0.390683,0.920358,-0.017524,0.044263,0.000232,0.999020,0,0.97017,-0.34391,58.210,-0.688,-1,400.000,-1,375.000,-1,325.000,325.000,275.000,300.000,-1,725.000,-1,-1,775.000,700.000,-1,-1,2,0,2,0,2,0,0,0,0,2,0,2,2,0,0,2,2
86,8109.338,2235.766,83.154,22.334,0.923998,-0.379999,-0.042748,0.379626,0.924987,-0.016846,0.045943,-0.000663,0.998944,0,0.97017,-0.34391,58.210,-0.688,-1,400.000,-1,375.000,-1,325.000,325.000,300.000,275.000,-1,675.000,-1,-1,800.000,700.000,-1,-1,2,0,2,0,2,0,0,0,0,2,0,2,2,0,0,2,2
87,8163.443,2257.237,86.188,21.646,0.928397,-0.368868,-0.044888,0.368516,0.929481,-0.016166,0.047685,-0.001534,0.998861,0,0.97017,-0.34391,58.210,-0.688,-1,400.000,-1,375.000,-1,325.000,325.000,300.000,275.000,-1,650.000,1000.000,-1,800.000,725.000,-1,-1,2,0,2,0,2,0,0,0,0,2,0,0,2,0,0,2,2
88,8213.962,2276.345,88.928,20.718,0.934153,-0.353768,-0.046969,0.353435,0.935331,-0.015495,0.049413,-0.002126,0.998776,0,0.90018,-0.46391,54.011,-0.928,-1,400.000,-1,375.000,-1,325.000,325.000,300.000,275.000,-1,625.000,875.000,-1,825.000,725.000,-1,-1,2,0,2,0,2,0,0,0,0,2,0,0,2,0,0,2,2
89,8264.859,2294.418,91.599,19.550,0.941065,-0.334631,-0.049187,0.334317,0.942346,-0.014726,0.051279,-0.002586,0.998681,0,0.90018,-0.58391,54.011,-1.168,-1,400.000,-1,375.000,-1,325.000,325.000,300.000,275.000,-1,575.000,800.000,-1,825.000,725.000,-1,-1,2,0,2,0,2,0,0,0,0,2,0,0,2,0,0,2,2
90,8316.185,2311.236,94.209,18.142,0.948885,-0.311378,-0.051584,0.311086,0.950282,-0.013797,0.053315,-0.002956,0.998573,0,0.90018,-0.70391,54.011,-1.408,-1,400.000,-1,400.000,-1,325.000,325.000,300.000,275.000,-1,550.000,725.000,-1,850.000,750.000,-1,-1,2,0,2,0,2,0,0,0,0,2,0,0,2,0,0,2,2
91,8367.973,2326.571,96.767,16.495,0.957315,-0.283922,-0.054194,0.283660,0.958842,-0.012641,0.055552,-0.003271,0.998450,0,0.90018,-0.82391,54.011,-1.648,-1,400.000,-1,400.000,-1,325.000,325.000,300.000,275.000,-1,525.000,675.000,-1,850.000,750.000,-1,-1,2,0,2,0,2,0,0,0,0,2,0,0,2,0,0,2,2
92,8420.239,2340.192,99.282,14.607,0.965997,-0.252181,-0.057046,0.251958,0.967674,-0.011186,0.058023,-0.003567,0.998309,0,0.90018,-0.94391,54.011,-1.888,-1,425.000,-1,400.000,-1,325.000,325.000,300.000,275.000,-1,425.000,625.000,-1,875.000,750.000,-1,-1,2,0,2,0,2,0,0,0,0,2,0,0,2,0,0,2,2
93,8472.948,2351.980,101.934,12.607,0.974061,-0.218255,-0.059750,0.218132,0.975881,-0.008649,0.060197,-0.004609,0.998176,0,0.90018,-1.00000,54.011,-2.000,-1,425.000,-1,400.000,-1,325.000,325.000,300.000,275.000,-1,375.000,525.000,-1,875.000,775.000,-1,-1,2,0,2,0,2,0,0,0,0,2,0,0,2,0,0,2,2
94,8526.036,2361.921,104.739,10.607,0.980997,-0.184062,-0.061369,0.184113,0.982893,-0.004877,0.061217,-0.006514,0.998103,0,0.90018,-1.00000,54.011,-2.000,-1,425.000,-1,400.000,-1,325.000,325.000,300.000,275.000,-1,375.000,500.000,-1,875.000,775.000,-1,-1,2,0,2,0,2,0,0,0,0,2,0,0,2,0,0,2,2
95,8579.439,2370.004,107.705,8.607,0.986797,-0.149647,-0.061943,0.149821,0.988711,-0.001848,0.061520,-0.007456,0.998078,0,0.90018,-1.00000,54.011,-2.000,-1,425.000,-1,400.000,-1,325.000,325.000,300.000,275.000,-1,375.000,500.000,-1,875.000,775.000,-1,-1,2,0,2,0,2,0,0,0,0,2,0,0,2,0,0,2,2
96,8633.091,2376.218,110.987,6.607,0.991481,-0.115050,-0.061068,0.115273,0.993334,0.000115,0.060648,-0.007154,0.998134,0,0.90018,-1.00000,54.011,-2.000,-1,425.000,-1,400.000,-1,325.000,325.000,300.000,275.000,-1,425.000,575.000,-1,850.000,750.000,-1,-1,2,0,2,0,2,0,0,0,0,2,0,0,2,0,0,2,2
97,8686.927,2380.555,114.252,4.607,0.994943,-0.080314,-0.060317,0.080588,0.996745,0.002119,0.059950,-0.006969,0.998177,0,0.90018,-1.00000,54.011,-2.000,-1,425.000,-1,400.000,-1,325.000,325.000,300.000,275.000,-1,475.000,600.000,-1,825.000,750.000,-1,-1,2,0,2,0,2,0,0,0,0,2,0,0,2,0,0,2,2
98,8740.882,2383.012,117.506,2.607,0.997182,-0.045479,-0.059671,0.045808,0.998942,0.004166,0.059418,-0.006888,0.998209,0,0.90018,-1.00000,54.011,-2.000,-1,425.000,-1,400.000,-1,325.000,325.000,300.000,275.000,-1,500.000,650.000,-1,825.000,750.000,-1,-1,2,0,2,0,2,0,0,0,0,2,0,0,2,0,0,2,2
99,8794.890,2383.583,120.756,0.607,0.998195,-0.010589,-0.059111,0.010977,0.999920,0.006257,0.059040,-0.006895,0.998232,0,0.90018,-1.00000,54.011,-2.000,-1,400.000,-1,400.000,-1,325.000,325.000,300.000,275.000,-1,550.000,700.000,-1,825.000,750.000,-1,-1,2,0,2,0,2,0,0,0,0,2,0,0,2,0,0,2,2
100,8848.885,2382.270,124.009,-1.393,0.997984,0.024315,-0.058619,-0.023863,0.999680,0.008391,0.058805,-0.006975,0.998245,0,0.90018,-1.00000,54.011,-2.000,-1,400.000,-1,375.000,-1,325.000,325.000,300.000,275.000,-1,575.000,725.000,-1,800.000,750.000,-1,-1,2,0,2,0,2,0,0,0,0,2,0,0,2,0,0,2,2
101,8902.801,2379.073,127.272,-3.393,0.996550,0.059188,-0.058176,-0.058671,0.998221,0.010564,0.058698,-0.007115,0.998250,0,0.90018,-1.00000,54.011,-2.000,-1,400.000,-1,375.000,-1,325.000,325.000,300.000,275.000,-1,625.000,750.000,-1,800.000,750.000,-1,-1,2,0,2,0,2,0,0,0,0,2,0,0,2,0,0,2,2
102,8956.572,2373.996,130.553,-5.393,0.993896,0.093989,-0.057762,-0.093403,0.995546,0.012771,0.058705,-0.007298,0.998249,0,0.90018,-1.00000,54.011,-2.000,-1,400.000,-1,375.000,-1,325.000,325.000,300.000,275.000,-1,650.000,775.000,-1,800.000,750.000,-1,-1,2,0,2,0,2,0,0,0,0,2,0,0,2,0,0,2,2
103,9010.134,2367.046,133.860,-7.393,0.990026,0.128676,-0.057359,-0.128019,0.991658,0.015005,0.058811,-0.007512,0.998241,0,0.90018,-1.00000,54.011,-2.000,-1,400.000,-1,375.000,-1,325.000,325.000,300.000,275.000,-1,675.000,800.000,-1,800.000,750.000,-1,-1,2,0,2,0,2,0,0,0,0,2,0,0,2,0,0,2,2
104,9063.421,2358.231,137.198,-9.393,0.984947,0.163206,-0.056949,-0.162475,0.986562,0.017256,0.059000,-0.007743,0.998228,0,0.90018,-1.00000,54.011,-2.000,-1,400.000,-1,375.000,-1,325.000,325.000,300.000,275.000,-1,700.000,825.000,-1,800.000,750.000,-1,-1,2,0,2,0,2,0,0,0,0,2,0,0,2,0,0,2,2
105,9116.367,2347.561,140.576,-11.393,0.978665,0.197536,-0.056517,-0.196732,0.980263,0.019516,0.059256,-0.007981,0.998211,0,0.90018,-1.00000,54.011,-2.000,-1,400.000,-1,375.000,-1,325.000,325.000,300.000,275.000,-1,750.000,850.000,-1,800.000,750.000,-1,-1,2,0,2,0,2,0,0,0,0,2,0,0,2,0,0,2,2
106,9168.909,2335.050,143.978,-13.393,0.971177,0.231626,-0.056257,-0.230737,0.972770,0.021904,0.059799,-0.008292,0.998176,0,0.90018,-1.00000,54.011,-2.000,-1,400.000,-1,400.000,-1,325.000,325.000,300.000,300.000,-1,775.000,850.000,-1,800.000,750.000,-1,-1,2,0,2,0,2,0,0,0,0,2,0,0,2,0,0,2,2
107,9220.983,2320.713,147.416,-15.393,0.962509,0.265433,-0.055866,-0.264456,0.964090,0.024348,0.060322,-0.008661,0.998141,0,0.90018,-1.00000,54.011,-2.000,-1,400.000,-1,400.000,-1,325.000,325.000,300.000,300.000,-1,800.000,875.000,-1,800.000,750.000,-1,-1,2,0,2,0,2,0,0,0,0,2,0,0,2,0,0,2,2
108,9272.524,2304.567,150.705,-17.393,0.952644,0.298918,-0.055828,-0.297866,0.954240,0.026490,0.061192,-0.008607,0.998089,0,0.90018,-1.00000,54.011,-2.000,-1,400.000,-1,400.000,-1,325.000,325.000,300.000,300.000,-1,775.000,900.000,-1,800.000,750.000,-1,-1,2,0,2,0,2,0,0,0,0,2,0,0,2,0,0,2,2
109,9323.470,2286.633,153.830,-19.393,0.941635,0.332040,-0.055438,-0.330952,0.943231,0.028041,0.061601,-0.008057,0.998068,0,0.90018,-1.00000,54.011,-2.000,-1,400.000,-1,400.000,-1,325.000,325.000,300.000,300.000,-1,725.000,925.000,-1,800.000,750.000,-1,-1,2,0,2,0,2,0,0,0,0,2,0,0,2,0,0,2,2
110,9369.883,2268.674,156.705,-21.153,0.931007,0.360854,-0.054862,-0.359730,0.932591,0.029483,0.061803,-0.007714,0.998059,0,0.82944,-0.88000,49.767,-1.760,-1,400.000,-1,400.000,-1,325.000,325.000,300.000,300.000,-1,700.000,950.000,-1,800.000,750.000,-1,-1,2,0,2,0,2,0,0,0,0,2,0,0,2,0,0,2,2
111,9415.804,2249.490,159.584,-22.673,0.921136,0.385465,-0.054089,-0.384300,0.922691,0.030911,0.061822,-0.007687,0.998058,0,0.82944,-0.76000,49.767,-1.520,-1,400.000,-1,400.000,-1,325.000,325.000,300.000,300.000,-1,700.000,950.000,-1,800.000,750.000,-1,-1,2,0,2,0,2,0,0,0,0,2,0,0,2,0,0,2,2
112,9461.284,2229.285,162.468,-23.953,0.912336,0.405979,-0.053137,-0.404771,0.913848,0.032294,0.061670,-0.007955,0.998065,0,0.82944,-0.64000,49.767,-1.280,-1,400.000,-1,400.000,-1,325.000,325.000,300.000,300.000,-1,725.000,950.000,-1,775.000,725.000,-1,-1,2,0,2,0,2,0,0,0,0,2,0,0,2,0,0,2,2
113,9506.391,2208.258,165.359,-24.993,0.904870,0.422497,-0.052030,-0.421243,0.906324,0.033614,0.061358,-0.008499,0.998080,0,0.82944,-0.52000,49.767,-1.040,-1,400.000,-1,400.000,-1,325.000,325.000,300.000,300.000,-1,750.000,975.000,-1,775.000,725.000,-1,-1,2,0,2,0,2,0,0,0,0,2,0,0,2,0,0,2,2
114,9551.199,2186.603,168.316,-25.793,0.898929,0.435108,-0.051061,-0.433814,0.900333,0.034729,0.061083,-0.009068,0.998092,0,0.82944,-0.40000,49.767,-0.800,-1,400.000,-1,400.000,-1,325.000,325.000,300.000,300.000,-1,800.000,-1,-1,775.000,725.000,-1,-1,2,0,2,0,2,0,0,0,0,2,0,2,2,0,0,2,2
115,9595.794,2164.511,171.429,-26.353,0.894649,0.443886,-0.050684,-0.442566,0.896035,0.035441,0.061146,-0.009276,0.998086,0,0.82944,-0.28000,49.767,-0.560,-1,400.000,-1,400.000,-1,325.000,325.000,300.000,300.000,-1,825.000,-1,-1,775.000,725.000,-1,-1,2,0,2,0,2,0,0,0,0,2,0,2,2,0,0,2,2
116,9640.180,2142.004,174.555,-26.889,0.890481,0.452238,-0.050239,-0.450896,0.891847,0.036084,0.061124,-0.009480,0.998085,0,0.82944,-0.26770,49.767,-0.535,-1,400.000,-1,400.000,-1,325.000,325.000,300.000,300.000,-1,875.000,-1,-1,775.000,725.000,-1,-1,2,0,2,0,2,0,0,0,0,2,0,2,2,0,0,2,2
117,9684.354,2119.083,177.703,-27.424,0.886239,0.460552,-0.049723,-0.459194,0.887581,0.036618,0.060998,-0.009620,0.998092,0,0.82944,-0.26770,49.767,-0.535,-1,400.000,-1,400.000,-1,325.000,325.000,300.000,300.000,-1,900.000,-1,-1,775.000,725.000,-1,-1,2,0,2,0,2,0,0,0,0,2,0,2,2,0,0,2,2
118,9728.311,2095.750,180.867,-27.959,0.881923,0.468825,-0.049144,-0.467458,0.883238,0.037069,0.060785,-0.009719,0.998104,0,0.82944,-0.26770,49.767,-0.535,-1,400.000,-1,400.000,-1,325.000,325.000,300.000,300.000,-1,950.000,-1,-1,775.000,725.000,-1,-1,2,0,2,0,2,0,0,0,0,2,0,2,2,0,0,2,2
119,9772.049,2072.007,184.038,-28.495,0.877526,0.477057,-0.048627,-0.475679,0.878818,0.037533,0.060640,-0.009806,0.998112,0,0.82944,-0.26770,49.767,-0.535,-1,400.000,-1,375.000,-1,325.000,325.000,300.000,300.000,-1,1000.000,-1,-1,775.000,700.000,-1,-1,2,0,2,0,2,0,0,0,0,2,0,2,2,0,0,2,2
120,9815.563,2047.857,187.218,-29.030,0.873048,0.485248,-0.048180,-0.483858,0.874321,0.038012,0.060570,-0.009874,0.998115,0,0.82944,-0.26770,49.767,-0.535,-1,400.000,-1,375.000,-1,325.000,325.000,300.000,300.000,-1,-1,-1,-1,775.000,700.000,-1,-1,2,0,2,0,2,0,0,0,0,2,2,2,2,0,0,2,2
121,9858.850,2023.301,190.379,-29.566,0.868498,0.493396,-0.047666,-0.491989,0.869747,0.038561,0.060483,-0.010039,0.998119,0,0.82944,-0.26770,49.767,-0.535,-1,400.000,-1,375.000,-1,325.000,325.000,300.000,300.000,-1,-1,-1,-1,750.000,700.000,-1,-1,2,0,2,0,2,0,0,0,0,2,2,2,2,0,0,2,2
122,9901.905,1998.341,193.651,-30.101,0.863872,0.501498,-0.047172,-0.500032,0.865092,0.039796,0.060765,-0.010791,0.998094,0,0.82944,-0.26770,49.767,-0.535,-1,400.000,-1,375.000,-1,325.000,325.000,300.000,300.000,-1,-1,-1,-1,750.000,700.000,-1,-1,2,0,2,0,2,0,0,0,0,2,2,2,2,0,0,2,2
123,9944.725,1972.981,196.855,-30.636,0.859141,0.509555,-0.047224,-0.508010,0.860361,0.041281,0.061665,-0.011476,0.998031,0,0.82944,-0.26770,49.767,-0.535,-1,400.000,-1,375.000,-1,325.000,325.000,300.000,300.000,-1,-1,-1,-1,775.000,700.000,-1,-1,2,0,2,0,2,0,0,0,0,2,2,2,2,0,0,2,2
124,9987.307,1947.221,200.003,-31.172,0.854330,0.517569,-0.047370,-0.515938,0.855556,0.042811,0.062685,-0.012135,0.997960,0,0.82944,-0.26770,49.767,-0.535,-1,400.000,-1,375.000,-1,325.000,325.000,300.000,300.000,-1,-1,-1,-1,775.000,700.000,-1,-1,2,0,2,0,2,0,0,0,0,2,2,2,2,0,0,2,2
125,10031.799,1919.991,203.266,-31.467,0.851644,0.521966,-0.047477,-0.520233,0.852865,0.044493,0.063715,-0.013193,0.997881,0,0.86940,-0.14770,52.164,-0.295,-1,400.000,-1,375.000,-1,325.000,325.000,300.000,300.000,-1,-1,-1,-1,775.000,725.000,-1,-1,2,0,2,0,2,0,0,0,0,2,2,2,2,0,0,2,2
126,10076.266,1892.718,206.530,-31.523,0.851140,0.522781,-0.047538,-0.520952,0.852345,0.046003,0.064568,-0.014390,0.997810,0,0.86940,-0.02770,52.164,-0.055,-1,400.000,-1,375.000,-1,325.000,325.000,300.000,300.000,-1,-1,-1,-1,775.000,725.000,-1,-1,2,0,2,0,2,0,0,0,0,2,2,2,2,0,0,2,2
127,10120.820,1865.588,209.928,-31.338,0.852829,0.520026,-0.047498,-0.518151,0.854015,0.046665,0.064831,-0.015186,0.997781,0,0.86940,0.09230,52.164,0.185,-1,400.000,-1,375.000,-1,325.000,325.000,300.000,300.000,-1,-1,-1,-1,775.000,725.000,-1,-1,2,0,2,0,2,0,0,0,0,2,2,2,2,0,0,2,2
128,10165.573,1838.789,213.293,-30.913,0.856670,0.513675,-0.047477,-0.511750,0.857832,0.047296,0.065022,-0.016221,0.997752,0,0.86940,0.21230,52.164,0.425,-1,400.000,-1,375.000,-1,325.000,325.000,300.000,300.000,-1,-1,-1,-1,775.000,725.000,-1,-1,2,0,2,0,2,0,0,0,0,2,2,2,2,0,0,2,2
129,10210.635,1812.511,216.623,-30.249,0.862584,0.503679,-0.047490,-0.501703,0.863714,0.047883,0.065136,-0.017478,0.997723,0,0.86940,0.33230,52.164,0.665,-1,400.000,-1,375.000,-1,325.000,325.000,300.000,300.000,-1,-1,-1,-1,775.000,725.000,-1,-1,2,0,2,0,2,0,0,0,0,2,2,2,2,0,0,2,2
130,10256.106,1786.948,219.913,-29.344,0.870443,0.489967,-0.047553,-0.487937,0.871535,0.048411,0.065164,-0.018936,0.997695,0,0.86940,0.45230,52.164,0.905,-1,400.000,-1,375.000,-1,325.000,325.000,300.000,300.000,-1,-1,-1,-1,750.000,725.000,-1,-1,2,0,2,0,2,0,0,0,0,2,2,2,2,0,0,2,2
131,10302.035,1762.218,223.161,-28.301,0.879234,0.474000,-0.047660,-0.471918,0.880286,0.048884,0.065125,-0.020489,0.997667,0,0.86940,0.52173,52.164,1.043,-1,400.000,-1,375.000,-1,325.000,325.000,300.000,300.000,-1,-1,-1,-1,750.000,725.000,-1,-1,2,0,2,0,2,0,0,0,0,2,2,2,2,0,0,2,2
132,10348.406,1738.327,226.391,-27.257,0.887731,0.457877,-0.047769,-0.455751,0.888745,0.049216,0.064989,-0.021920,0.997645,0,0.86940,0.52173,52.164,1.043,-1,400.000,-1,375.000,-1,325.000,325.000,300.000,300.000,-1,-1,-1,-1,750.000,725.000,-1,-1,2,0,2,0,2,0,0,0,0,2,2,2,2,0,0,2,2
133,10395.205,1715.286,229.621,-26.214,0.895938,0.441602,-0.047778,-0.439441,0.896908,0.049481,0.064703,-0.023337,0.997632,0,0.86940,0.52173,52.164,1.043,-1,400.000,-1,375.000,-1,325.000,325.000,300.000,275.000,-1,-1,-1,-1,750.000,725.000,-1,-1,2,0,2,0,2,0,0,0,0,2,2,2,2,0,0,2,2
134,10442.416,1693.100,233.103,-25.170,0.903873,0.425176,-0.047316,-0.422978,0.904761,0.049976,0.064058,-0.025158,0.997629,0,0.86940,0.52173,52.164,1.043,-1,400.000,-1,375.000,-1,325.000,325.000,300.000,300.000,-1,-1,-1,-1,750.000,725.000,-1,-1,2,0,2,0,2,0,0,0,0,2,2,2,2,0,0,2,2
135,10490.023,1671.778,236.591,-24.127,0.911490,0.408613,-0.047142,-0.406380,0.912317,0.050341,0.063579,-0.026727,0.997619,0,0.86940,0.52173,52.164,1.043,-1,400.000,-1,375.000,-1,325.000,325.000,300.000,300.000,-1,-1,-1,-1,750.000,725.000,-1,-1,2,0,2,0,2,0,0,0,0,2,2,2,2,0,0,2,2
136,10538.011,1651.327,240.034,-23.083,0.918799,0.391914,-0.047019,-0.389648,0.919568,0.050684,0.063101,-0.028247,0.997607,0,0.86940,0.52173,52.164,1.043,-1,400.000,-1,375.000,-1,325.000,325.000,300.000,300.000,-1,-1,-1,-1,725.000,725.000,-1,-1,2,0,2,0,2,0,0,0,0,2,2,2,2,0,0,2,2
