timestep,x_cm,y_cm,z_cm,yaw_deg,basis_xx,basis_xy,basis_xz,basis_yx,basis_yy,basis_yz,basis_zx,basis_zy,basis_zz,teleport_flag,throttle_cmd,steering_cmd,cmd_move_cm,cmd_turn_deg,lidar_cm_0,lidar_cm_1,lidar_cm_2,lidar_cm_3,lidar_cm_4,lidar_cm_5,lidar_cm_6,lidar_cm_7,lidar_cm_8,lidar_cm_9,lidar_cm_10,lidar_cm_11,lidar_cm_12,lidar_cm_13,lidar_cm_14,lidar_cm_15,lidar_cm_16,lidar_class_0,lidar_class_1,lidar_class_2,lidar_class_3,lidar_class_4,lidar_class_5,lidar_class_6,lidar_class_7,lidar_class_8,lidar_class_9,lidar_class_10,lidar_class_11,lidar_class_12,lidar_class_13,lidar_class_14,lidar_class_15,lidar_class_16
0,-8851.726,8858.514,81.399,45.539,0.700553,-0.713521,-0.010658,0.713542,0.700226,0.023264,-0.009136,-0.023902,0.999673,1,0.08000,0.12000,4.800,0.240,350.000,375.000,-1,375.000,-1,300.000,300.000,300.000,300.000,550.000,550.000,600.000,-1,500.000,675.000,400.000,-1,1,0,2,0,2,0,0,0,0,1,1,0,2,1,0,1,2
1,-8845.047,8865.409,81.331,45.914,0.695861,-0.718093,-0.010954,0.718122,0.695537,0.022994,-0.008893,-0.023867,0.999676,0,0.16000,0.18769,9.600,0.375,350.000,375.000,-1,375.000,-1,300.000,300.000,300.000,325.000,575.000,575.000,575.000,-1,500.000,675.000,400.000,-1,1,0,2,0,2,0,0,0,0,1,1,0,2,1,0,1,2
2,-8835.096,8875.818,81.225,46.291,0.691122,-0.722648,-0.011395,0.722689,0.690805,0.022576,-0.008443,-0.023838,0.999680,0,0.24000,0.18823,14.400,0.376,350.000,375.000,-1,375.000,-1,300.000,300.000,300.000,325.000,575.000,575.000,575.000,-1,500.000,675.000,375.000,-1,1,0,2,0,2,0,0,0,0,1,1,0,2,1,0,1,2
3,-8821.921,8889.784,81.082,46.669,0.686320,-0.727201,-0.011982,0.727258,0.686012,0.022008,-0.007785,-0.023818,0.999686,0,0.32000,0.18943,19.200,0.379,325.000,375.000,-1,375.000,-1,300.000,300.000,300.000,325.000,575.000,575.000,550.000,-1,475.000,675.000,375.000,-1,1,0,2,0,2,0,0,0,0,1,0,0,2,1,0,1,2
4,-8805.569,8907.352,80.912,47.052,0.681438,-0.731766,-0.012680,0.731843,0.681141,0.021273,-0.006930,-0.023775,0.999693,0,0.40000,0.19131,24.000,0.383,300.000,375.000,-1,375.000,-1,300.000,300.000,300.000,325.000,600.000,550.000,525.000,-1,475.000,675.000,350.000,-1,1,1,2,0,2,0,0,0,0,1,0,0,2,1,0,1,2
5,-8786.090,8928.565,80.774,47.440,0.676456,-0.736364,-0.013223,0.736458,0.676177,0.020355,-0.006047,-0.023507,0.999705,0,0.48000,0.19390,28.800,0.388,300.000,350.000,-1,375.000,-1,300.000,300.000,300.000,325.000,625.000,550.000,525.000,-1,450.000,675.000,325.000,-1,1,1,2,0,2,0,0,0,0,1,0,0,2,1,0,1,2
6,-8763.535,8953.469,80.633,47.834,0.671354,-0.741007,-0.013848,0.741120,0.671096,0.019282,-0.004994,-0.023208,0.999718,0,0.56000,0.19723,33.600,0.394,275.000,350.000,-1,375.000,1000.000,300.000,300.000,300.000,325.000,650.000,550.000,525.000,-1,425.000,675.000,300.000,-1,1,1,2,0,1,0,0,0,0,1,0,0,2,1,0,1,2
7,-8737.958,8982.112,80.498,48.237,0.666110,-0.745711,-0.014555,0.745844,0.665876,0.018053,-0.003770,-0.022881,0.999731,0,0.64000,0.20136,38.400,0.403,250.000,325.000,-1,375.000,975.000,300.000,300.000,300.000,325.000,675.000,525.000,500.000,-1,425.000,675.000,275.000,-1,1,1,2,0,1,0,0,0,0,1,0,0,2,1,0,1,2
8,-8709.417,9014.541,80.379,48.650,0.660699,-0.750494,-0.015346,0.750647,0.660493,0.016669,-0.002374,-0.022532,0.999743,0,0.72000,0.20635,43.200,0.413,200.000,300.000,-1,375.000,950.000,300.000,300.000,300.000,325.000,725.000,525.000,500.000,-1,400.000,675.000,225.000,-1,1,1,2,0,1,1,0,0,0,1,0,0,2,1,0,1,2
9,-8677.974,9050.808,80.291,49.074,0.655093,-0.755374,-0.016220,0.755548,0.654919,0.015129,-0.000805,-0.022166,0.999754,0,0.80000,0.21227,48.000,0.425,175.000,300.000,-1,375.000,925.000,300.000,300.000,300.000,325.000,750.000,500.000,475.000,-1,400.000,675.000,200.000,1000.000,1,1,2,0,1,1,0,0,0,1,0,0,2,1,0,1,1
10,-8643.691,9090.965,80.641,49.513,0.649243,-0.760396,-0.016787,0.760578,0.649147,0.011394,0.002233,-0.020165,0.999794,0,0.88000,0.21923,52.800,0.438,150.000,275.000,-1,375.000,875.000,275.000,300.000,325.000,325.000,800.000,475.000,450.000,-1,375.000,675.000,150.000,975.000,1,1,2,0,1,1,0,0,0,1,0,0,2,1,0,1,1
11,-8608.658,9132.664,86.938,49.967,0.643142,-0.765664,-0.011243,0.765349,0.643212,-0.022809,0.024695,0.006064,0.999677,0,0.90770,0.22733,54.462,0.455,125.000,300.000,-1,425.000,850.000,325.000,350.000,325.000,300.000,875.000,325.000,225.000,-1,525.000,775.000,150.000,975.000,1,1,2,0,1,1,0,1,0,1,0,0,2,1,0,1,1
12,-8574.017,9174.609,92.451,50.440,0.637240,-0.770640,-0.006287,0.769388,0.636632,-0.052365,0.044358,0.028532,0.998608,0,0.90663,0.23610,54.398,0.472,125.000,350.000,-1,450.000,825.000,375.000,375.000,300.000,275.000,950.000,250.000,150.000,825.000,975.000,850.000,175.000,950.000,1,1,2,0,1,1,0,1,0,1,0,0,0,0,0,1,1
13,-8539.806,9216.771,97.172,50.930,0.631337,-0.775506,-0.001889,0.773092,0.629560,-0.077344,0.061170,0.047370,0.997003,0,0.90490,0.24527,54.294,0.491,125.000,450.000,-1,475.000,800.000,425.000,400.000,275.000,275.000,-1,225.000,100.000,600.000,-1,900.000,175.000,950.000,1,1,2,0,1,0,0,1,0,2,0,0,0,2,1,1,1
14,-8506.065,9259.123,101.098,51.440,0.625260,-0.780414,0.001991,0.776795,0.622110,-0.097818,0.075100,0.062708,0.995202,0,0.90246,0.25482,54.148,0.510,125.000,600.000,-1,500.000,775.000,450.000,425.000,250.000,250.000,-1,200.000,75.000,500.000,-1,875.000,200.000,925.000,1,0,2,0,1,0,0,1,0,2,0,0,0,2,1,1,1
15,-8472.832,9301.634,104.443,51.969,0.618809,-0.785525,0.005066,0.780854,0.614400,-0.113051,0.085692,0.073912,0.993576,0,0.89928,0.26473,53.957,0.529,125.000,650.000,-1,525.000,750.000,475.000,450.000,225.000,250.000,-1,200.000,50.000,425.000,-1,875.000,250.000,900.000,1,0,2,0,1,0,0,1,0,2,0,0,0,2,1,1,1
16,-8440.151,9344.273,107.040,52.519,0.611904,-0.790897,0.007484,0.785374,0.606457,-0.124087,0.093601,0.081807,0.992243,0,0.89535,0.27497,53.721,0.550,125.000,700.000,-1,550.000,725.000,500.000,475.000,200.000,250.000,-1,175.000,50.000,400.000,-1,850.000,-1,875.000,1,0,2,0,1,0,0,1,0,2,0,0,0,2,1,2,1
17,-8408.063,9387.007,108.941,53.090,0.604463,-0.796579,0.009289,0.790473,0.598302,-0.131100,0.098874,0.086589,0.991326,0,0.89065,0.28551,53.439,0.571,125.000,700.000,-1,550.000,675.000,525.000,475.000,175.000,250.000,-1,175.000,50.000,375.000,-1,825.000,-1,825.000,1,0,2,0,1,0,0,1,0,2,0,0,0,2,1,2,1
18,-8376.609,9429.803,110.406,53.683,0.596350,-0.802674,0.009045,0.796156,0.589994,-0.134322,0.102480,0.087304,0.990896,0,0.88520,0.29630,53.112,0.593,125.000,725.000,-1,550.000,650.000,525.000,475.000,150.000,250.000,-1,175.000,50.000,375.000,-1,800.000,-1,800.000,1,0,2,0,1,0,0,1,0,2,0,0,0,2,1,2,1
19,-5753.628,3715.218,149.768,51.836,0.620686,-0.783920,0.014741,0.780603,0.616078,-0.105393,0.073538,0.076923,0.994321,1,0.00000,0.00000,52.741,0.615,-1,250.000,-1,325.000,-1,225.000,250.000,450.000,375.000,-1,125.000,75.000,725.000,950.000,550.000,-1,-1,2,1,2,1,2,1,1,1,0,2,0,0,0,1,1,2,2
20,-4915.073,6229.481,123.707,-23.048,0.920211,0.391360,-0.006957,-0.391402,0.919840,-0.026453,-0.003953,0.027065,0.999626,1,0.08000,0.12000,4.800,0.240,475.000,400.000,-1,425.000,-1,350.000,350.000,250.000,300.000,-1,-1,-1,-1,600.000,825.000,600.000,-1,1,1,2,0,2,0,0,1,0,2,2,2,2,1,0,1,2
21,-4906.208,6225.797,123.633,-22.568,0.923458,0.383636,-0.006947,-0.383679,0.923076,-0.026849,-0.003888,0.027459,0.999615,0,0.16000,0.24000,9.600,0.480,475.000,400.000,-1,425.000,-1,350.000,350.000,250.000,300.000,-1,-1,-1,-1,600.000,825.000,600.000,-1,1,1,2,0,2,0,0,1,0,2,2,2,2,1,0,1,2
22,-4892.848,6220.424,123.517,-21.909,0.927811,0.372987,-0.006893,-0.373031,0.927414,-0.027409,-0.003830,0.028001,0.999601,0,0.24000,0.32953,14.400,0.659,450.000,400.000,-1,425.000,-1,350.000,350.000,250.000,300.000,-1,-1,-1,-1,575.000,825.000,575.000,-1,1,1,2,0,2,0,0,1,0,2,2,2,2,1,0,1,2
23,-4874.953,6213.467,123.326,-21.243,0.932087,0.362174,-0.006657,-0.362213,0.931674,-0.028001,-0.003939,0.028510,0.999586,0,0.32000,0.33310,19.200,0.666,450.000,400.000,-1,425.000,-1,350.000,350.000,250.000,300.000,-1,-1,-1,-1,575.000,825.000,550.000,-1,1,1,2,0,2,1,0,1,0,2,2,2,2,1,0,1,2
24,-4852.482,6205.037,123.057,-20.564,0.936317,0.351100,-0.006230,-0.351130,0.935890,-0.028609,-0.004214,0.028974,0.999571,0,0.40000,0.33958,24.000,0.679,425.000,375.000,-1,425.000,-1,350.000,350.000,225.000,300.000,-1,-1,-1,-1,550.000,825.000,525.000,-1,1,1,2,0,2,1,0,1,0,2,2,2,2,1,0,1,2
25,-4825.396,6195.251,122.707,-19.866,0.940528,0.339669,-0.005599,-0.339684,0.940086,-0.029209,-0.004658,0.029374,0.999558,0,0.48000,0.34899,28.800,0.698,400.000,375.000,-1,425.000,-1,325.000,350.000,225.000,300.000,-1,-1,-1,-1,550.000,825.000,500.000,-1,1,1,2,1,2,1,1,1,0,2,2,2,2,1,0,1,2
26,-4793.656,6184.226,122.266,-19.156,0.944669,0.327990,-0.004731,-0.327981,0.944215,-0.029762,-0.005294,0.029667,0.999546,0,0.56000,0.35505,33.600,0.710,375.000,350.000,-1,400.000,-1,325.000,325.000,225.000,300.000,-1,-1,-1,-1,525.000,825.000,450.000,-1,1,1,2,1,2,1,1,1,0,2,2,2,2,1,0,1,2
27,-4757.227,6172.082,121.726,-18.436,0.948716,0.316108,-0.003596,-0.316069,0.948255,-0.030222,-0.006144,0.029809,0.999537,0,0.64000,0.35966,38.400,0.719,350.000,350.000,-1,400.000,-1,300.000,325.000,225.000,300.000,-1,-1,-1,-1,500.000,825.000,425.000,-1,1,1,2,1,2,1,1,1,0,2,2,2,2,1,0,1,2
28,-4716.074,6158.942,121.074,-17.707,0.952664,0.304018,-0.002161,-0.303939,0.952202,-0.030543,-0.007228,0.029754,0.999531,0,0.72000,0.36453,43.200,0.729,300.000,325.000,-1,400.000,-1,300.000,325.000,225.000,300.000,-1,-1,-1,-1,475.000,800.000,375.000,-1,1,1,2,1,2,1,1,1,0,2,2,2,2,1,0,1,2
29,-4670.163,6144.934,120.619,-16.968,0.956508,0.291704,0.000212,-0.291547,0.956014,-0.032200,-0.009595,0.030738,0.999481,0,0.80000,0.36944,48.000,0.739,275.000,300.000,-1,375.000,-1,275.000,300.000,200.000,300.000,-1,-1,-1,-1,450.000,800.000,325.000,-1,1,1,2,1,2,1,1,1,0,2,2,2,2,1,0,1,2
30,-4619.464,6130.189,121.817,-16.220,0.960252,0.279117,-0.003053,-0.279017,0.959475,-0.039467,-0.008087,0.038750,0.999216,0,0.88000,0.37413,52.800,0.748,275.000,300.000,-1,375.000,-1,275.000,300.000,225.000,300.000,-1,-1,-1,-1,425.000,800.000,300.000,-1,1,1,2,1,2,1,1,1,0,2,2,2,2,1,0,1,2
31,-4563.947,6114.838,123.954,-15.463,0.963836,0.266278,-0.010740,-0.266479,0.962553,-0.049805,-0.002924,0.050866,0.998701,0,0.96000,0.37830,57.600,0.757,275.000,300.000,-1,375.000,-1,275.000,300.000,225.000,275.000,-1,-1,-1,-1,425.000,825.000,300.000,-1,1,1,2,1,2,1,1,1,0,2,2,2,2,1,0,1,2
32,-4505.909,6099.622,126.215,-14.700,0.967194,0.253258,-0.019881,-0.254005,0.965346,-0.059902,0.004021,0.062987,0.998006,0,1.00000,0.38160,60.000,0.763,275.000,300.000,-1,375.000,-1,275.000,300.000,250.000,275.000,-1,-1,-1,-1,425.000,850.000,300.000,-1,1,1,2,1,2,1,1,1,0,2,2,2,2,1,0,1,2
33,-4448.275,6085.333,129.266,-13.933,0.970230,0.240170,-0.031191,-0.241762,0.968086,-0.066039,0.014335,0.071614,0.997329,0,0.98965,0.38359,59.379,0.767,275.000,300.000,-1,400.000,-1,275.000,300.000,250.000,275.000,-1,-1,550.000,900.000,450.000,950.000,300.000,-1,1,1,2,1,2,1,1,1,0,2,2,0,1,1,0,1,2
34,-4391.884,6072.154,132.108,-13.165,0.972968,0.227021,-0.042367,-0.229618,0.970581,-0.072448,0.024673,0.080218,0.996472,0,0.96517,0.38407,57.910,0.768,300.000,300.000,-1,425.000,-1,275.000,325.000,275.000,275.000,-1,650.000,350.000,800.000,450.000,-1,325.000,-1,1,1,2,1,2,1,1,1,1,2,0,0,1,1,2,1,2
35,-4333.334,6059.040,134.890,-12.637,0.974475,0.217893,-0.054046,-0.221718,0.971866,-0.079489,0.035205,0.089443,0.995370,0,1.00000,0.26407,60.000,0.528,300.000,300.000,-1,450.000,-1,275.000,325.000,275.000,275.000,-1,475.000,250.000,700.000,-1,-1,325.000,-1,1,1,2,1,2,1,1,1,1,2,0,0,1,2,2,1,2
36,-4274.673,6046.433,137.528,-12.144,0.975625,0.209330,-0.065855,-0.214595,0.972831,-0.086881,0.045879,0.098896,0.994040,0,1.00000,0.24664,60.000,0.493,325.000,325.000,-1,500.000,-1,300.000,325.000,275.000,275.000,-1,375.000,225.000,625.000,-1,-1,325.000,-1,1,1,2,1,2,1,1,1,1,2,0,0,1,2,2,1,2
37,8855.105,2952.085,-79.964,14.186,0.902418,-0.233261,0.362258,0.322934,0.922765,-0.210283,-0.285228,0.306749,0.908048,1,0.00000,0.00000,60.000,0.506,375.000,225.000,350.000,200.000,100.000,200.000,200.000,-1,275.000,300.000,0.000,125.000,-1,275.000,250.000,325.000,100.000,1,1,1,1,0,1,1,2,0,1,1,1,2,1,1,1,0
38,-987.900,8857.739,221.446,146.104,-0.828304,-0.556650,-0.063661,0.559141,-0.828505,-0.030656,-0.035679,-0.060989,0.997501,1,0.08000,0.12000,4.800,0.240,500.000,375.000,-1,375.000,675.000,300.000,300.000,325.000,300.000,-1,25.000,50.000,-1,550.000,675.000,525.000,-1,1,1,2,0,1,0,0,0,0,2,1,1,2,1,1,1,2
39,-995.913,8863.025,221.014,146.584,-0.832957,-0.549671,-0.063605,0.552195,-0.833111,-0.031733,-0.035547,-0.061555,0.997471,0,0.16000,0.24000,9.600,0.480,500.000,375.000,-1,375.000,750.000,300.000,300.000,325.000,300.000,-1,25.000,75.000,-1,550.000,700.000,525.000,-1,1,1,2,0,1,0,0,0,0,2,1,1,2,1,1,1,2
40,-1008.020,8870.820,220.344,147.222,-0.839056,-0.540330,-0.063463,0.542904,-0.839131,-0.033393,-0.035210,-0.062473,0.997425,0,0.24000,0.31895,14.400,0.638,500.000,375.000,-1,375.000,-1,300.000,300.000,325.000,300.000,-1,50.000,75.000,-1,550.000,700.000,500.000,-1,1,1,2,0,2,0,0,0,0,2,1,1,2,1,0,1,2
41,-1024.277,8881.035,219.406,147.855,-0.845031,-0.530974,-0.063159,0.533610,-0.844976,-0.035733,-0.034394,-0.063897,0.997364,0,0.32000,0.31667,19.200,0.633,475.000,375.000,-1,375.000,-1,325.000,300.000,325.000,300.000,-1,50.000,100.000,-1,525.000,700.000,500.000,-1,1,1,2,0,2,0,0,0,0,2,1,1,2,1,0,1,2
42,-1044.737,8893.579,218.211,148.482,-0.850867,-0.521628,-0.062682,0.524334,-0.850635,-0.038665,-0.033150,-0.065765,0.997284,0,0.40000,0.31364,24.000,0.627,450.000,350.000,-1,375.000,-1,325.000,300.000,325.000,300.000,-1,50.000,100.000,-1,525.000,700.000,475.000,-1,1,1,2,0,2,0,0,0,0,2,1,1,2,1,0,1,2
43,-1069.451,8908.367,216.772,149.102,-0.856551,-0.512320,-0.062028,0.515097,-0.856098,-0.042081,-0.031544,-0.067995,0.997187,0,0.48000,0.30986,28.800,0.620,425.000,350.000,-1,375.000,-1,325.000,325.000,325.000,300.000,-1,75.000,125.000,-1,500.000,725.000,450.000,-1,1,1,2,0,2,0,0,0,0,2,1,1,2,1,0,1,2
44,-1098.465,8925.310,215.109,149.713,-0.862070,-0.503080,-0.061203,0.505921,-0.861360,-0.045848,-0.029652,-0.070488,0.997072,0,0.56000,0.30532,33.600,0.611,400.000,350.000,-1,375.000,-1,300.000,325.000,300.000,300.000,-1,75.000,125.000,-1,500.000,725.000,425.000,-1,1,1,2,0,2,1,0,0,0,2,1,1,2,1,0,1,2
45,-1131.825,8944.326,213.345,150.313,-0.867399,-0.493952,-0.060258,0.496834,-0.866442,-0.049333,-0.027842,-0.072729,0.996963,0,0.64000,0.30003,38.400,0.600,350.000,325.000,-1,400.000,-1,300.000,325.000,300.000,300.000,-1,100.000,150.000,-1,475.000,725.000,375.000,-1,1,1,2,0,2,1,0,0,0,2,1,1,2,1,0,1,2
46,-1169.572,8965.336,212.111,150.901,-0.872439,-0.485054,-0.059779,0.487910,-0.871501,-0.049296,-0.028187,-0.072175,0.996994,0,0.72000,0.29400,43.200,0.588,325.000,325.000,-1,400.000,-1,300.000,325.000,300.000,300.000,-1,150.000,200.000,-1,475.000,725.000,350.000,-1,1,1,2,1,2,1,1,0,0,2,1,1,2,1,0,1,2
47,-1211.676,8988.384,210.723,151.303,-0.875847,-0.478939,-0.059245,0.481762,-0.874917,-0.049253,-0.028245,-0.071680,0.997028,0,0.80000,0.20117,48.000,0.402,275.000,300.000,-1,375.000,-1,275.000,300.000,300.000,300.000,-1,175.000,250.000,-1,450.000,725.000,300.000,-1,1,1,2,1,2,1,1,0,0,2,1,1,2,1,0,1,2
48,-1258.168,9013.410,211.040,151.717,-0.879731,-0.472869,-0.049689,0.474954,-0.878838,-0.045414,-0.022193,-0.063552,0.997732,0,0.88000,0.20692,52.800,0.414,275.000,300.000,-1,400.000,-1,275.000,300.000,325.000,300.000,-1,225.000,275.000,-1,450.000,750.000,300.000,-1,1,1,2,0,2,1,1,0,0,2,1,1,2,1,0,1,2
49,-1309.088,9040.331,212.043,152.145,-0.883728,-0.466612,-0.036021,0.467812,-0.882937,-0.039678,-0.013290,-0.051915,0.998563,0,0.96000,0.21376,57.600,0.428,275.000,325.000,-1,400.000,-1,300.000,325.000,350.000,300.000,-1,250.000,275.000,-1,500.000,800.000,325.000,-1,1,1,2,0,2,1,1,0,1,2,1,1,2,1,0,1,2
50,-1362.348,9067.961,212.855,152.588,-0.887625,-0.460000,-0.022830,0.460543,-0.886988,-0.033944,-0.004636,-0.040644,0.999163,0,1.00000,0.22188,60.000,0.444,275.000,325.000,-1,425.000,-1,300.000,325.000,375.000,275.000,-1,275.000,275.000,-1,525.000,825.000,325.000,-1,1,1,2,0,2,1,1,1,1,2,1,1,2,1,0,1,2
51,-1415.830,9095.158,213.523,153.051,-0.891445,-0.452993,-0.011069,0.453118,-0.890991,-0.028630,0.003107,-0.030538,0.999529,0,1.00000,0.23110,60.000,0.462,275.000,325.000,-1,450.000,-1,300.000,350.000,375.000,275.000,-1,300.000,225.000,-1,550.000,875.000,350.000,-1,1,1,2,0,2,1,1,1,1,2,1,0,2,1,0,1,2
52,-1469.540,9121.902,214.119,153.533,-0.895242,-0.445581,-0.000431,0.445460,-0.894976,-0.024160,0.010380,-0.021821,0.999708,0,1.00000,0.24111,60.000,0.482,275.000,350.000,-1,450.000,-1,325.000,350.000,350.000,250.000,-1,300.000,175.000,-1,575.000,900.000,375.000,-1,1,1,2,0,2,1,1,1,1,2,1,0,2,1,1,1,2
53,-1523.484,9148.171,214.757,154.037,-0.899048,-0.437747,0.009485,0.437488,-0.898976,-0.021151,0.017785,-0.014866,0.999731,0,1.00000,0.25200,60.000,0.504,300.000,350.000,-1,475.000,-1,325.000,375.000,350.000,250.000,-1,275.000,150.000,825.000,575.000,900.000,425.000,-1,1,1,2,0,2,1,1,1,1,2,0,0,0,1,1,1,2
54,-1577.668,9173.942,215.086,154.564,-0.902890,-0.429480,0.018361,0.429186,-0.903038,-0.017925,0.024279,-0.008304,0.999671,0,1.00000,0.26388,60.000,0.528,300.000,375.000,-1,475.000,-1,350.000,400.000,325.000,250.000,-1,250.000,125.000,725.000,575.000,900.000,525.000,-1,1,1,2,0,2,1,0,1,1,2,0,0,0,1,1,1,2
55,-1632.099,9199.187,215.219,155.118,-0.906795,-0.420747,0.026352,0.420488,-0.907175,-0.014960,0.030200,-0.002485,0.999541,0,1.00000,0.27683,60.000,0.554,300.000,375.000,-1,500.000,-1,375.000,400.000,300.000,250.000,-1,250.000,100.000,650.000,575.000,900.000,575.000,-1,1,1,2,0,2,1,0,1,1,2,0,0,0,1,1,1,2
56,-1686.784,9223.878,215.164,155.700,-0.910788,-0.411513,0.033508,0.411339,-0.911400,-0.012244,0.035577,0.002632,0.999363,0,1.00000,0.29093,60.000,0.582,350.000,375.000,-1,500.000,-1,375.000,425.000,275.000,250.000,-1,225.000,100.000,600.000,550.000,925.000,575.000,-1,1,1,2,0,2,1,1,1,1,2,0,0,1,1,1,1,2
57,-1741.729,9247.982,214.941,156.313,-0.914887,-0.401737,0.039872,0.401683,-0.915727,-0.009705,0.040411,0.007137,0.999158,0,1.00000,0.30627,60.000,0.613,425.000,375.000,-1,500.000,-1,350.000,400.000,225.000,275.000,-1,225.000,75.000,525.000,525.000,975.000,550.000,-1,1,1,2,1,2,1,1,1,1,2,0,0,1,1,1,1,2
58,-1796.943,9271.465,214.561,156.958,-0.919104,-0.391377,0.045507,0.391466,-0.920164,-0.007327,0.044742,0.011080,0.998937,0,1.00000,0.32286,60.000,0.646,450.000,350.000,-1,475.000,-1,350.000,375.000,200.000,275.000,-1,200.000,75.000,475.000,525.000,-1,525.000,-1,1,1,2,1,2,1,1,1,1,2,0,0,1,1,2,1,2
59,-983.907,-7543.224,-396.968,139.827,-0.761716,-0.644881,0.062592,0.645113,-0.763847,-0.019137,0.060152,0.025802,0.997856,1,0.00000,0.00000,60.000,0.681,-1,400.000,-1,375.000,-1,325.000,325.000,325.000,300.000,875.000,625.000,600.000,-1,775.000,725.000,-1,-1,2,0,2,0,2,0,0,0,0,1,1,0,2,0,0,2,2
60,-987.562,-7540.112,-396.675,139.587,-0.758996,-0.648071,0.062683,0.648309,-0.761135,-0.019237,0.060177,0.026037,0.997848,0,0.08000,-0.12000,4.800,-0.240,-1,400.000,-1,375.000,-1,325.000,325.000,325.000,300.000,900.000,625.000,600.000,-1,775.000,725.000,-1,-1,2,0,2,0,2,0,0,0,0,1,1,0,2,0,0,2,2
61,-994.819,-7533.827,-396.090,139.107,-0.753516,-0.654417,0.062865,0.654665,-0.755669,-0.019438,0.060226,0.026508,0.997833,0,0.16000,-0.24000,9.600,-0.480,-1,400.000,-1,375.000,-1,325.000,325.000,325.000,300.000,950.000,625.000,600.000,-1,775.000,725.000,-1,-1,2,0,2,0,2,0,0,0,0,1,1,0,2,0,0,2,2
62,-1005.613,-7524.296,-395.220,138.556,-0.747152,-0.661648,0.063139,0.661906,-0.749327,-0.019737,0.060371,0.027046,0.997810,0,0.24000,-0.27565,14.400,-0.551,-1,400.000,-1,375.000,-1,325.000,325.000,325.000,300.000,-1,625.000,600.000,-1,775.000,725.000,-1,-1,2,0,2,0,2,0,0,0,0,2,1,0,2,0,0,2,2
63,-1019.880,-7511.447,-394.070,137.993,-0.740577,-0.668964,0.063505,0.669230,-0.742782,-0.020131,0.060637,0.027591,0.997778,0,0.32000,-0.28132,19.200,-0.563,-1,400.000,-1,375.000,-1,325.000,325.000,325.000,300.000,-1,625.000,625.000,-1,775.000,725.000,-1,-1,2,0,2,0,2,0,0,0,0,2,1,0,2,0,0,2,2
64,-1037.551,-7495.207,-392.569,137.415,-0.733766,-0.676416,0.063631,0.676675,-0.735992,-0.020681,0.060820,0.027882,0.997759,0,0.40000,-0.28894,24.000,-0.578,-1,400.000,-1,375.000,-1,325.000,325.000,325.000,300.000,-1,625.000,650.000,-1,775.000,725.000,-1,-1,2,0,2,0,2,0,0,0,0,2,0,0,2,0,0,2,2
65,-1058.552,-7475.499,-390.821,136.818,-0.726648,-0.684048,0.063728,0.684275,-0.728903,-0.021610,0.061234,0.027904,0.997733,0,0.48000,-0.29850,28.800,-0.597,-1,400.000,-1,375.000,-1,325.000,325.000,325.000,300.000,-1,600.000,650.000,-1,775.000,725.000,-1,-1,2,0,2,0,2,0,0,0,0,2,0,0,2,0,0,2,2
66,-1082.803,-7452.242,-388.774,136.198,-0.719170,-0.691896,0.063824,0.692088,-0.721458,-0.022631,0.061705,0.027896,0.997705,0,0.56000,-0.31005,33.600,-0.620,-1,400.000,-1,375.000,-1,325.000,325.000,325.000,300.000,-1,600.000,650.000,-1,775.000,725.000,-1,-1,2,0,2,0,2,0,0,0,0,2,0,0,2,0,0,2,2
67,-1110.215,-7425.351,-386.425,135.551,-0.711275,-0.700001,0.063923,0.700155,-0.713597,-0.023718,0.062218,0.027886,0.997673,0,0.64000,-0.32360,38.400,-0.647,-1,400.000,-1,375.000,-1,325.000,325.000,325.000,300.000,-1,600.000,650.000,-1,775.000,725.000,-1,-1,2,0,2,0,2,0,0,0,0,2,0,0,2,0,0,2,2
68,-1140.291,-7395.142,-383.804,134.873,-0.702901,-0.708400,0.064028,0.708515,-0.705259,-0.024830,0.062746,0.027912,0.997639,0,0.71046,-0.33917,42.628,-0.678,-1,400.000,-1,375.000,-1,325.000,325.000,325.000,300.000,-1,600.000,650.000,-1,800.000,750.000,-1,-1,2,0,2,0,2,0,0,0,0,2,0,0,2,0,0,2,2
69,-1170.449,-7364.085,-381.131,134.160,-0.693992,-0.717120,0.064140,0.717202,-0.696385,-0.025861,0.063212,0.028054,0.997606,0,0.72149,-0.35656,43.290,-0.713,-1,400.000,-1,375.000,-1,325.000,325.000,325.000,300.000,-1,600.000,650.000,-1,800.000,750.000,-1,-1,2,0,2,0,2,0,0,0,0,2,0,0,2,0,0,2,2
70,-1200.672,-7332.138,-378.403,133.411,-0.684524,-0.726152,0.064263,0.726209,-0.686951,-0.026808,0.063612,0.028318,0.997573,0,0.73296,-0.37431,43.977,-0.749,-1,400.000,-1,400.000,-1,325.000,325.000,325.000,300.000,-1,600.000,650.000,-1,800.000,750.000,-1,-1,2,0,2,0,2,0,0,0,0,2,0,0,2,0,0,2,2
71,-1230.937,-7299.255,-375.664,132.626,-0.674491,-0.735489,0.064174,0.735522,-0.676936,-0.027681,0.063800,0.028531,0.997555,0,0.74485,-0.39243,44.691,-0.785,-1,400.000,-1,400.000,-1,325.000,325.000,325.000,300.000,-1,600.000,650.000,-1,825.000,775.000,-1,-1,2,0,2,0,2,0,0,0,0,2,0,0,2,0,0,2,2
72,-1263.920,-7262.357,-372.655,131.793,-0.663736,-0.745261,0.063565,0.745240,-0.666174,-0.028800,0.063809,0.028255,0.997562,0,0.82485,-0.41661,49.491,-0.833,-1,400.000,-1,400.000,-1,325.000,325.000,300.000,300.000,-1,625.000,675.000,-1,825.000,775.000,-1,-1,2,0,2,0,2,0,0,0,0,2,0,0,2,0,0,2,2
73,-1297.375,-7223.798,-369.538,130.946,-0.652661,-0.755028,0.062979,0.754965,-0.655089,-0.029766,0.063731,0.028120,0.997571,0,0.85082,-0.42340,51.049,-0.847,-1,400.000,-1,400.000,-1,325.000,325.000,300.000,300.000,-1,650.000,700.000,-1,850.000,800.000,-1,-1,2,0,2,0,2,0,0,0,0,2,0,0,2,0,0,2,2
74,-1330.546,-7184.385,-366.396,130.085,-0.641256,-0.764781,0.062454,0.764694,-0.643672,-0.030477,0.063508,0.028215,0.997582,0,0.85857,-0.43034,51.514,-0.861,-1,400.000,-1,400.000,-1,325.000,325.000,300.000,300.000,-1,675.000,725.000,-1,850.000,800.000,-1,-1,2,0,2,0,2,0,0,0,0,2,0,0,2,0,0,2,2
75,-1363.395,-7144.124,-363.231,129.211,-0.629516,-0.774510,0.062004,0.774418,-0.631918,-0.030933,0.063139,0.028544,0.997596,0,0.86602,-0.43730,51.961,-0.875,-1,400.000,-1,400.000,-1,325.000,325.000,300.000,300.000,-1,700.000,775.000,-1,875.000,825.000,-1,-1,2,0,2,0,2,0,0,0,0,2,0,0,2,0,0,2,2
76,-1395.880,-7103.024,-360.018,128.322,-0.617441,-0.784204,0.061574,0.784127,-0.619821,-0.031085,0.062542,0.029089,0.997618,0,0.87314,-0.44429,52.388,-0.889,-1,400.000,-1,400.000,-1,325.000,325.000,300.000,300.000,-1,750.000,825.000,-1,875.000,850.000,-1,-1,2,0,2,0,2,0,0,0,0,2,0,0,2,0,0,2,2
77,-1427.961,-7061.094,-356.784,127.420,-0.605022,-0.793856,0.061169,0.793807,-0.607377,-0.031040,0.061794,0.029776,0.997645,0,0.87992,-0.45136,52.795,-0.903,-1,400.000,-1,400.000,-1,325.000,325.000,300.000,300.000,-1,800.000,875.000,-1,900.000,850.000,-1,-1,2,0,2,0,2,0,0,0,0,2,0,0,2,0,0,2,2
78,-1459.125,-7019.370,-353.623,126.757,-0.595816,-0.800815,0.060816,0.800793,-0.598145,-0.030880,0.061106,0.030303,0.997671,0,0.86796,-0.33136,52.078,-0.663,-1,425.000,-1,400.000,-1,325.000,325.000,325.000,300.000,-1,875.000,925.000,-1,900.000,875.000,-1,-1,2,0,2,0,2,0,0,0,0,2,0,0,2,0,0,2,2
79,-1490.205,-6977.113,-350.510,126.334,-0.589930,-0.805201,0.060272,0.805197,-0.592217,-0.030591,0.060326,0.030484,0.997713,0,0.87426,-0.21136,52.456,-0.423,-1,425.000,-1,400.000,-1,325.000,325.000,325.000,300.000,-1,950.000,-1,-1,900.000,875.000,-1,-1,2,0,2,0,2,0,0,0,0,2,0,2,2,0,0,2,2
80,-1521.211,-6934.437,-347.538,126.000,-0.585323,-0.808647,0.059052,0.808646,-0.587523,-0.030147,0.059073,0.030107,0.997800,0,0.87918,-0.16690,52.751,-0.334,-1,425.000,-1,400.000,-1,325.000,325.000,300.000,300.000,-1,-1,-1,-1,900.000,900.000,-1,-1,2,0,2,0,2,0,0,0,0,2,2,2,2,0,0,2,2
81,-1551.875,-6891.717,-344.616,125.671,-0.580759,-0.812024,0.057765,0.812030,-0.582867,-0.029569,0.057680,0.029735,0.997892,0,0.87644,-0.16485,52.586,-0.330,-1,425.000,-1,400.000,-1,325.000,325.000,300.000,300.000,-1,-1,-1,-1,925.000,900.000,-1,-1,2,0,2,0,2,0,0,0,0,2,2,2,2,0,0,2,2
82,-1582.192,-6848.968,-341.744,125.344,-0.576230,-0.815338,0.056415,0.815356,-0.578240,-0.028859,0.056151,0.029369,0.997990,0,0.87346,-0.16313,52.408,-0.326,-1,425.000,-1,400.000,-1,325.000,325.000,300.000,300.000,-1,-1,-1,-1,925.000,900.000,-1,-1,2,0,2,0,2,0,0,0,0,2,2,2,2,0,0,2,2
83,-1612.158,-6806.205,-338.968,125.021,-0.571726,-0.818603,0.054941,0.818624,-0.573636,-0.028234,0.054628,0.028834,0.998090,0,0.87029,-0.16174,52.217,-0.323,-1,425.000,-1,400.000,-1,325.000,325.000,300.000,300.000,-1,-1,-1,-1,925.000,925.000,-1,-1,2,0,2,0,2,0,0,0,0,2,2,2,2,0,0,2,2
84,-1641.769,-6763.438,-336.339,124.699,-0.567239,-0.821829,0.053260,0.821827,-0.569050,-0.027963,0.053288,0.027909,0.998189,0,0.86697,-0.16069,52.018,-0.321,-1,425.000,-1,425.000,-1,325.000,325.000,300.000,300.000,-1,-1,-1,-1,925.000,925.000,-1,-1,2,0,2,0,2,0,0,0,0,2,2,2,2,0,0,2,2
85,-1671.026,-6720.677,-333.727,124.380,-0.562782,-0.825017,0.051223,0.825003,-0.564468,-0.027305,0.051440,0.026892,0.998314,0,0.86354,-0.15997,51.812,-0.320,-1,425.000,-1,425.000,-1,325.000,325.000,300.000,300.000,-1,-1,-1,-1,925.000,950.000,-1,-1,2,0,2,0,2,0,0,0,0,2,2,2,2,0,0,2,2
86,-1699.926,-6677.927,-331.239,124.060,-0.558311,-0.828164,0.049325,0.828161,-0.559874,-0.026278,0.049378,0.026178,0.998437,0,0.86004,-0.15958,51.602,-0.319,-1,425.000,-1,425.000,-1,325.000,350.000,300.000,300.000,-1,-1,-1,-1,900.000,950.000,-1,-1,2,0,2,0,2,0,0,0,0,2,2,2,2,0,0,2,2
87,-1728.471,-6635.192,-328.831,123.741,-0.553818,-0.831281,0.047512,0.831297,-0.555262,-0.025077,0.047227,0.025609,0.998556,0,0.85653,-0.15953,51.392,-0.319,-1,425.000,-1,425.000,-1,350.000,350.000,300.000,300.000,-1,-1,-1,-1,900.000,950.000,-1,-1,2,0,2,0,2,0,0,0,0,2,2,2,2,0,0,2,2
88,-1756.661,-6592.473,-326.715,123.422,-0.549293,-0.834358,0.046098,0.834452,-0.550611,-0.022741,0.044356,0.025975,0.998678,0,0.85304,-0.15980,51.182,-0.320,-1,425.000,-1,425.000,-1,350.000,350.000,300.000,300.000,-1,-1,-1,-1,875.000,950.000,-1,-1,2,0,2,0,2,0,0,0,0,2,2,2,2,0,0,2,2
89,-1784.501,-6549.769,-324.666,123.101,-0.544728,-0.837417,0.044764,0.837589,-0.545924,-0.020297,0.041435,0.026438,0.998791,0,0.84962,-0.16040,50.977,-0.321,-1,425.000,-1,425.000,-1,350.000,350.000,300.000,300.000,-1,-1,-1,-1,875.000,925.000,-1,-1,2,0,2,0,2,0,0,0,0,2,2,2,2,0,0,2,2
90,-1811.992,-6507.076,-322.681,122.778,-0.540115,-0.840465,0.043512,0.840711,-0.541192,-0.017747,0.038464,0.026995,0.998895,0,0.84631,-0.16131,50.779,-0.323,-1,425.000,-1,425.000,-1,350.000,350.000,300.000,300.000,-1,-1,-1,-1,850.000,925.000,-1,-1,2,0,2,0,2,0,0,0,0,2,2,2,2,0,0,2,2
91,-1839.138,-6464.388,-320.790,122.453,-0.535446,-0.843510,0.042292,0.843821,-0.536408,-0.015242,0.035542,0.027525,0.998989,0,0.84316,-0.16253,50.589,-0.325,-1,425.000,-1,425.000,-1,350.000,350.000,300.000,300.000,-1,-1,-1,-1,850.000,925.000,-1,-1,2,0,2,0,2,0,0,0,0,2,2,2,2,0,0,2,2
92,-1865.945,-6421.695,-319.105,122.125,-0.530708,-0.846567,0.040907,0.846911,-0.531568,-0.013340,0.033038,0.027565,0.999074,0,0.84018,-0.16405,50.411,-0.328,-1,425.000,-1,425.000,-1,350.000,350.000,300.000,300.000,-1,-1,-1,-1,825.000,900.000,-1,-1,2,0,2,0,2,0,0,0,0,2,2,2,2,0,0,2,2
93,-1892.417,-6378.989,-317.502,121.793,-0.525894,-0.849630,0.039561,0.850001,-0.526657,-0.011440,0.030555,0.027611,0.999152,0,0.83743,-0.16587,50.246,-0.332,-1,425.000,-1,425.000,-1,350.000,350.000,300.000,300.000,-1,-1,-1,-1,825.000,900.000,-1,-1,2,0,2,0,2,0,0,0,0,2,2,2,2,0,0,2,2
94,-1918.560,-6336.256,-316.142,121.457,-0.521032,-0.852717,0.037407,0.853092,-0.521675,-0.009437,0.027562,0.026995,0.999256,0,0.83492,-0.16798,50.095,-0.336,-1,425.000,-1,425.000,-1,350.000,350.000,300.000,300.000,-1,-1,-1,-1,800.000,900.000,-1,-1,2,0,2,0,2,0,0,0,0,2,2,2,2,0,0,2,2
95,-1944.378,-6293.484,-314.902,121.117,-0.516079,-0.855822,0.035076,0.856192,-0.516605,-0.007399,0.024452,0.026213,0.999357,0,0.83267,-0.17036,49.960,-0.341,-1,400.000,-1,425.000,-1,350.000,350.000,300.000,300.000,-1,-1,-1,-1,775.000,875.000,-1,-1,2,0,2,0,2,0,0,0,0,2,2,2,2,0,0,2,2
96,-1969.877,-6250.658,-313.705,120.771,-0.511013,-0.858941,0.032959,0.859305,-0.511436,-0.005375,0.021473,0.025575,0.999442,0,0.83072,-0.17301,49.843,-0.346,-1,400.000,-1,425.000,-1,325.000,350.000,300.000,300.000,-1,-1,-1,-1,775.000,875.000,-1,-1,2,0,2,0,2,0,0,0,0,2,2,2,2,0,0,2,2
97,-1995.063,-6207.761,-312.551,120.419,-0.505826,-0.862076,0.031054,0.862434,-0.506158,-0.003367,0.018621,0.025079,0.999512,0,0.82906,-0.17592,49.744,-0.352,-1,400.000,-1,425.000,-1,325.000,350.000,300.000,300.000,-1,-1,-1,-1,750.000,875.000,-1,-1,2,0,2,0,2,0,0,0,0,2,2,2,2,0,0,2,2
98,-2019.940,-6164.778,-311.468,120.061,-0.500509,-0.865229,0.029495,0.865584,-0.500762,-0.001401,0.015983,0.024829,0.999564,0,0.82773,-0.17909,49.664,-0.358,-1,400.000,-1,425.000,-1,325.000,350.000,300.000,300.000,-1,-1,-1,-1,725.000,850.000,-1,-1,2,0,2,0,2,0,0,0,0,2,2,2,2,0,0,2,2
99,-2044.513,-6121.689,-310.494,119.696,-0.495050,-0.868398,0.028449,0.868757,-0.495239,0.000492,0.013662,0.024959,0.999595,0,0.82671,-0.18249,49.603,-0.365,-1,400.000,-1,425.000,-1,325.000,350.000,300.000,300.000,-1,-1,-1,-1,725.000,850.000,-1,-1,2,0,2,0,2,0,0,0,0,2,2,2,2,0,0,2,2
100,-2068.785,-6078.478,-309.555,119.323,-0.489455,-0.871592,0.027583,0.871953,-0.489583,0.002358,0.011449,0.025205,0.999617,0,0.82603,-0.18613,49.562,-0.372,-1,400.000,-1,425.000,-1,325.000,325.000,300.000,300.000,-1,-1,-1,-1,700.000,850.000,-1,-1,2,0,2,0,2,0,0,0,0,2,2,2,2,0,0,2,2
101,-2092.761,-6035.124,-308.851,118.943,-0.483693,-0.874796,0.027815,0.875181,-0.483778,0.004036,0.009926,0.026295,0.999605,0,0.82569,-0.19000,49.541,-0.380,-1,375.000,-1,425.000,-1,325.000,325.000,300.000,300.000,-1,-1,-1,-1,700.000,825.000,-1,-1,2,0,2,0,2,0,0,0,0,2,2,2,2,0,0,2,2
102,-2118.128,-5988.058,-308.172,118.323,-0.474225,-0.879945,0.028425,0.880363,-0.474265,0.005747,0.008424,0.027750,0.999579,0,0.89112,-0.31000,53.467,-0.620,-1,375.000,-1,425.000,-1,325.000,325.000,300.000,300.000,-1,-1,-1,-1,700.000,825.000,-1,-1,2,0,2,0,2,0,0,0,0,2,2,2,2,0,0,2,2
103,-2143.585,-5939.082,-307.547,117.463,-0.460992,-0.886920,0.029303,0.887378,-0.460982,0.007513,0.006844,0.029466,0.999542,0,0.91994,-0.43000,55.196,-0.860,-1,375.000,-1,425.000,-1,325.000,325.000,300.000,300.000,1000.000,-1,-1,-1,675.000,800.000,-1,-1,2,0,2,0,2,0,0,0,0,1,2,2,2,0,0,2,2
104,-2168.022,-5889.775,-306.980,116.363,-0.443908,-0.895557,0.030372,0.896057,-0.443846,0.009130,0.005304,0.031268,0.999497,0,0.91719,-0.55000,55.031,-1.100,-1,375.000,-1,425.000,975.000,325.000,325.000,300.000,300.000,1000.000,-1,-1,-1,675.000,775.000,-1,-1,2,0,2,0,1,0,0,0,0,1,2,2,2,0,0,2,2
105,-2192.613,-5837.097,-306.444,115.023,-0.422872,-0.905635,0.031682,0.906182,-0.422755,0.010622,0.003774,0.033201,0.999442,0,0.96891,-0.67000,58.134,-1.340,-1,375.000,-1,425.000,925.000,325.000,325.000,300.000,275.000,-1,-1,-1,-1,675.000,775.000,-1,-1,2,0,2,0,1,0,0,0,0,2,2,2,2,0,0,2,2
106,-2215.836,-5783.545,-306.207,113.443,-0.397746,-0.916917,0.032590,0.917491,-0.397611,0.010804,0.003052,0.034198,0.999410,0,0.97284,-0.79000,58.370,-1.580,-1,375.000,-1,425.000,875.000,325.000,325.000,300.000,275.000,-1,-1,-1,-1,675.000,775.000,-1,-1,2,0,2,0,1,0,0,0,0,2,2,2,2,0,0,2,2
107,-2237.438,-5729.052,-306.044,111.623,-0.368425,-0.929051,0.033572,0.929654,-0.368277,0.010716,0.002408,0.035158,0.999379,0,0.97698,-0.91000,58.619,-1.820,-1,375.000,-1,425.000,800.000,325.000,325.000,300.000,275.000,-1,-1,-1,-1,675.000,750.000,-1,-1,2,0,2,0,1,0,0,0,0,2,2,2,2,0,0,2,2
108,-2257.225,-5673.593,-305.912,109.636,-0.335986,-0.941227,0.034700,0.941865,-0.335823,0.010612,0.001665,0.036248,0.999341,0,0.98139,-0.99370,58.883,-1.987,1000.000,375.000,-1,425.000,750.000,325.000,325.000,300.000,275.000,-1,-1,-1,-1,675.000,750.000,-1,-1,0,0,2,0,1,0,0,0,0,2,2,2,2,0,1,2,2
109,-2275.156,-5617.212,-305.821,107.641,-0.303028,-0.952304,0.035944,0.952981,-0.302847,0.010511,0.000876,0.037439,0.999299,0,0.98605,-0.99728,59.163,-1.995,975.000,375.000,-1,425.000,700.000,325.000,325.000,300.000,275.000,-1,-1,-1,-1,650.000,725.000,-1,-1,0,0,2,1,1,0,0,0,0,2,2,2,2,0,1,2,2
110,-2291.185,-5559.965,-305.775,105.641,-0.269615,-0.962247,0.037272,0.962968,-0.269415,0.010397,0.000037,0.038695,0.999251,0,0.99080,-1.00000,59.448,-2.000,950.000,375.000,-1,400.000,650.000,325.000,325.000,300.000,275.000,-1,-1,-1,-1,650.000,700.000,-1,875.000,0,0,2,1,1,0,0,0,0,2,2,2,2,0,1,2,1
111,-2305.274,-5501.913,-305.781,103.641,-0.235878,-0.971014,0.038649,0.971782,-0.235657,0.010258,-0.000853,0.039978,0.999200,0,0.99563,-1.00000,59.738,-2.000,925.000,375.000,-1,400.000,600.000,325.000,325.000,300.000,275.000,-1,-1,-1,-1,650.000,675.000,-1,775.000,0,0,2,1,1,0,0,0,0,2,2,2,2,0,1,2,1
112,-2317.382,-5443.147,-305.843,101.641,-0.201859,-0.978596,0.040035,0.979413,-0.201615,0.010085,-0.001798,0.041246,0.999147,0,1.00000,-1.00000,60.000,-2.000,925.000,375.000,-1,400.000,550.000,325.000,325.000,300.000,275.000,-1,-1,-1,-1,625.000,650.000,-1,675.000,0,0,2,1,1,0,0,0,0,2,2,2,2,0,1,2,1
113,-2327.431,-5383.994,-305.967,99.641,-0.167599,-0.984986,0.041381,0.985851,-0.167331,0.009874,-0.002802,0.042450,0.999095,0,1.00000,-1.00000,60.000,-2.000,900.000,375.000,-1,375.000,500.000,325.000,325.000,300.000,275.000,-1,-1,-1,-1,625.000,600.000,-1,600.000,0,0,2,1,1,0,0,0,0,2,2,2,2,0,1,2,1
114,-2335.410,-5324.526,-306.156,97.641,-0.133140,-0.990180,0.042642,0.991090,-0.132847,0.009627,-0.003868,0.043544,0.999044,0,1.00000,-1.00000,60.000,-2.000,900.000,375.000,-1,375.000,450.000,300.000,325.000,300.000,275.000,-1,-1,-1,-1,625.000,575.000,-1,525.000,0,0,2,1,1,0,0,0,0,2,2,2,2,0,1,2,1
115,-2341.309,-5264.817,-306.371,95.641,-0.098513,-0.994179,0.043620,0.995124,-0.098206,0.009129,-0.004792,0.044307,0.999006,0,1.00000,-1.00000,60.000,-2.000,875.000,375.000,-1,350.000,400.000,300.000,325.000,300.000,275.000,-1,-1,-1,-1,625.000,550.000,-1,450.000,0,0,2,1,1,0,0,0,0,2,2,2,2,0,1,2,1
116,-2345.118,-5204.937,-305.140,93.641,-0.063558,-0.997164,0.040312,0.997978,-0.063461,0.003691,-0.001122,0.040465,0.999180,0,1.00000,-1.00000,60.000,-2.000,925.000,375.000,-1,350.000,375.000,325.000,325.000,275.000,275.000,-1,-1,-1,-1,650.000,525.000,-1,425.000,0,0,2,1,1,0,0,0,0,2,2,2,2,0,1,2,1
117,-2346.836,-5144.961,-303.534,91.641,-0.028499,-0.998888,0.037552,0.999586,-0.028625,-0.002821,0.003893,0.037456,0.999291,0,1.00000,-1.00000,60.000,-2.000,1000.000,375.000,-1,350.000,350.000,325.000,350.000,275.000,300.000,-1,-1,-1,-1,675.000,525.000,-1,425.000,0,0,2,1,1,0,1,0,0,2,2,2,2,0,1,2,1
118,-2346.459,-5084.962,-301.882,89.641,0.006568,-0.999412,0.033646,0.999936,0.006254,-0.009429,0.009213,0.033706,0.999389,0,1.00000,-1.00000,60.000,-2.000,-1,400.000,-1,350.000,325.000,325.000,325.000,275.000,300.000,-1,650.000,675.000,-1,700.000,500.000,-1,400.000,2,0,2,1,1,0,1,0,0,2,0,0,2,0,1,2,1
119,-2343.988,-5025.013,-300.164,87.641,0.041582,-0.998730,0.028444,0.999024,0.041135,-0.016111,0.014921,0.029086,0.999466,0,1.00000,-1.00000,60.000,-2.000,-1,400.000,-1,350.000,325.000,350.000,325.000,275.000,325.000,-1,475.000,550.000,-1,725.000,500.000,-1,375.000,2,0,2,1,1,0,1,0,0,2,0,0,2,0,1,2,1
120,-2339.427,-4965.186,-298.360,85.641,0.076475,-0.996833,0.021798,0.996848,0.075977,-0.022823,0.021095,0.023474,0.999502,0,1.00000,-1.00000,60.000,-2.000,-1,425.000,-1,325.000,300.000,375.000,325.000,275.000,325.000,-1,375.000,450.000,-1,750.000,475.000,-1,350.000,2,0,2,1,1,0,1,0,0,2,0,0,2,0,1,2,1
121,-2332.780,-4905.554,-296.452,83.641,0.111170,-0.993709,0.013560,0.993412,0.110734,-0.029497,0.027810,0.016750,0.999473,0,1.00000,-1.00000,60.000,-2.000,-1,450.000,-1,325.000,275.000,375.000,325.000,275.000,350.000,-1,275.000,400.000,-1,800.000,475.000,-1,325.000,2,0,2,1,1,0,1,0,0,2,0,0,2,0,1,2,1
122,-2324.056,-4846.191,-294.422,81.641,0.145583,-0.989339,0.003592,0.988722,0.145362,-0.036043,0.035137,0.008799,0.999344,0,1.00000,-1.00000,60.000,-2.000,-1,450.000,-1,325.000,275.000,400.000,325.000,275.000,350.000,950.000,225.000,350.000,-1,850.000,475.000,-1,300.000,2,0,2,1,1,0,1,0,1,0,0,0,2,0,1,2,1
123,-2313.266,-4787.169,-292.255,79.641,0.179619,-0.983702,-0.008238,0.982790,0.179807,-0.042348,0.043140,-0.000490,0.999069,0,1.00000,-1.00000,60.000,-2.000,-1,475.000,-1,300.000,250.000,400.000,300.000,250.000,350.000,725.000,175.000,300.000,-1,900.000,500.000,-1,275.000,2,0,2,1,1,1,1,0,1,0,0,0,2,0,1,2,1
124,-2300.424,-4728.558,-289.936,77.641,0.213172,-0.976766,-0.022051,0.975637,0.214015,-0.048278,0.051876,-0.011222,0.998590,0,1.00000,-1.00000,60.000,-2.000,-1,500.000,-1,300.000,225.000,375.000,300.000,250.000,350.000,600.000,150.000,275.000,-1,975.000,500.000,-1,250.000,2,0,2,1,1,1,1,0,1,0,0,0,2,0,1,2,1
125,-2285.544,-4670.431,-287.408,75.641,0.246139,-0.968499,-0.037744,0.967297,0.247922,-0.053583,0.061252,-0.023321,0.997850,0,1.00000,-1.00000,60.000,-2.000,-1,525.000,-1,325.000,225.000,375.000,300.000,250.000,350.000,500.000,125.000,250.000,-1,-1,500.000,-1,250.000,2,0,2,1,1,1,1,0,1,0,0,0,2,2,1,2,1
126,-2268.646,-4612.858,-284.136,73.641,0.278606,-0.958939,-0.053062,0.957831,0.281477,-0.057704,0.070270,-0.034748,0.996923,0,1.00000,-1.00000,60.000,-2.000,-1,525.000,-1,325.000,200.000,375.000,300.000,225.000,350.000,425.000,125.000,250.000,-1,-1,525.000,-1,225.000,2,1,2,1,1,1,1,0,1,0,0,0,2,2,1,2,1
127,-2249.751,-4555.909,-280.605,71.641,0.310306,-0.948028,-0.070377,0.947233,0.314605,-0.061421,0.080369,-0.047604,0.995628,0,1.00000,-1.00000,60.000,-2.000,-1,525.000,-1,325.000,200.000,375.000,300.000,225.000,350.000,375.000,125.000,250.000,-1,-1,550.000,-1,275.000,2,1,2,1,1,1,1,0,1,0,0,0,2,2,1,2,1
128,-2228.884,-4499.653,-275.863,69.641,0.341058,-0.935497,-0.092329,0.935881,0.347138,-0.060190,0.088359,-0.065880,0.993908,0,1.00000,-1.00000,60.000,-2.000,-1,500.000,-1,325.000,225.000,350.000,300.000,225.000,350.000,300.000,100.000,275.000,-1,-1,575.000,-1,450.000,2,1,2,1,1,1,1,0,1,0,0,0,2,2,1,2,1
129,-8854.992,9510.869,202.841,-64.598,0.453811,0.890916,0.017996,-0.814847,0.423068,-0.396280,-0.360666,0.165172,0.917953,1,0.00000,0.00000,60.000,-2.000,500.000,250.000,350.000,175.000,125.000,200.000,175.000,-1,375.000,-1,0.000,50.000,-1,325.000,225.000,400.000,125.000,0,0,0,0,0,0,0,2,0,2,1,1,2,0,0,0,0
130,-2951.695,2295.754,-83.852,-153.624,-0.892993,0.443716,0.075365,-0.446106,-0.894806,-0.017641,0.059609,-0.049375,0.997000,1,0.00000,0.00000,4.800,0.240,-1,375.000,-1,400.000,-1,325.000,325.000,275.000,300.000,-1,600.000,500.000,-1,700.000,800.000,-1,-1,2,0,2,0,2,0,0,0,0,2,0,0,2,0,0,2,2
131,-2956.005,2293.639,-83.556,-153.864,-0.894849,0.439975,0.075276,-0.442339,-0.896679,-0.017405,0.059841,-0.048873,0.997011,0,0.08000,-0.12000,4.800,-0.240,-1,375.000,-1,400.000,-1,325.000,325.000,275.000,300.000,-1,600.000,500.000,-1,700.000,800.000,-1,-1,2,0,2,0,2,0,0,0,0,2,0,0,2,0,0,2,2
132,-2964.648,2289.461,-82.969,-154.194,-0.897376,0.434825,0.075120,-0.437143,-0.899232,-0.016940,0.060185,-0.048040,0.997031,0,0.16000,-0.16486,9.600,-0.330,-1,375.000,-1,400.000,-1,325.000,325.000,275.000,300.000,-1,625.000,525.000,-1,725.000,800.000,-1,-1,2,0,2,0,2,0,0,0,0,2,0,0,2,0,0,2,2
