timestep,x_cm,y_cm,z_cm,yaw_deg,basis_xx,basis_xy,basis_xz,basis_yx,basis_yy,basis_yz,basis_zx,basis_zy,basis_zz,teleport_flag,throttle_cmd,steering_cmd,cmd_move_cm,cmd_turn_deg,lidar_cm_0,lidar_cm_1,lidar_cm_2,lidar_cm_3,lidar_cm_4,lidar_cm_5,lidar_cm_6,lidar_cm_7,lidar_cm_8,lidar_cm_9,lidar_cm_10,lidar_cm_11,lidar_cm_12,lidar_cm_13,lidar_cm_14,lidar_cm_15,lidar_cm_16,lidar_class_0,lidar_class_1,lidar_class_2,lidar_class_3,lidar_class_4,lidar_class_5,lidar_class_6,lidar_class_7,lidar_class_8,lidar_class_9,lidar_class_10,lidar_class_11,lidar_class_12,lidar_class_13,lidar_class_14,lidar_class_15,lidar_class_16
0,5571.642,-1636.874,140.420,141.978,-0.787761,-0.615951,-0.006140,0.615975,-0.787758,-0.003431,-0.002724,-0.006485,0.999975,1,0.08000,0.12000,4.800,0.240,-1,400.000,-1,400.000,-1,325.000,325.000,300.000,300.000,-1,-1,-1,-1,825.000,825.000,-1,-1,2,0,2,0,2,0,0,0,0,2,2,2,2,0,0,2,2
1,5564.037,-1631.016,140.395,142.397,-0.792243,-0.610173,-0.006279,0.610198,-0.792242,-0.003266,-0.002981,-0.006419,0.999975,0,0.16000,0.20953,9.600,0.419,-1,400.000,-1,400.000,-1,325.000,325.000,300.000,300.000,-1,-1,-1,-1,825.000,825.000,-1,-1,2,0,2,0,2,0,0,0,0,2,2,2,2,0,0,2,2
2,5552.564,-1622.313,140.356,142.816,-0.796683,-0.604363,-0.006479,0.604388,-0.796684,-0.003018,-0.003338,-0.006320,0.999974,0,0.24000,0.20953,14.400,0.419,-1,400.000,-1,400.000,-1,325.000,325.000,300.000,300.000,-1,-1,-1,-1,825.000,825.000,-1,-1,2,0,2,0,2,0,0,0,0,2,2,2,2,0,0,2,2
3,5537.183,-1610.822,140.291,143.235,-0.801079,-0.598520,-0.006774,0.598546,-0.801084,-0.002692,-0.003815,-0.006211,0.999973,0,0.32000,0.20953,19.200,0.419,-1,400.000,-1,400.000,-1,325.000,325.000,300.000,300.000,-1,-1,-1,-1,825.000,825.000,-1,-1,2,0,2,0,2,0,0,0,0,2,2,2,2,0,0,2,2
4,5517.852,-1596.598,140.198,143.654,-0.805432,-0.592645,-0.007145,0.592672,-0.805441,-0.002285,-0.004401,-0.006075,0.999972,0,0.40000,0.20953,24.000,0.419,-1,400.000,-1,400.000,-1,325.000,325.000,300.000,300.000,-1,-1,-1,-1,825.000,825.000,-1,-1,2,0,2,0,2,0,0,0,0,2,2,2,2,0,0,2,2
5,5494.531,-1579.699,140.072,144.073,-0.809740,-0.586739,-0.007584,0.586766,-0.809754,-0.001793,-0.005089,-0.005902,0.999970,0,0.48000,0.20953,28.800,0.419,-1,400.000,-1,400.000,-1,325.000,325.000,300.000,300.000,-1,-1,-1,-1,825.000,825.000,-1,-1,2,0,2,0,2,0,0,0,0,2,2,2,2,0,0,2,2
6,5467.179,-1560.184,139.901,144.492,-0.814005,-0.580802,-0.008086,0.580828,-0.814025,-0.001244,-0.005860,-0.005709,0.999967,0,0.56000,0.20953,33.600,0.419,-1,400.000,-1,400.000,-1,325.000,325.000,300.000,300.000,-1,-1,-1,-1,825.000,825.000,-1,-1,2,0,2,0,2,0,0,0,0,2,2,2,2,0,0,2,2
7,5435.758,-1538.110,139.652,144.911,-0.818225,-0.574833,-0.008640,0.574860,-0.818252,-0.000757,-0.006634,-0.005586,0.999962,0,0.64000,0.20953,38.400,0.419,-1,400.000,-1,400.000,-1,325.000,325.000,300.000,300.000,-1,-1,-1,-1,825.000,825.000,-1,-1,2,0,2,0,2,0,0,0,0,2,2,2,2,0,0,2,2
8,5400.228,-1513.536,139.341,145.331,-0.822401,-0.568833,-0.009248,0.568859,-0.822435,-0.000200,-0.007492,-0.005425,0.999957,0,0.72000,0.20953,43.200,0.419,-1,400.000,-1,400.000,-1,325.000,325.000,300.000,300.000,-1,-1,-1,-1,825.000,825.000,-1,-1,2,0,2,0,2,0,0,0,0,2,2,2,2,0,0,2,2
9,5362.442,-1487.808,138.977,145.750,-0.826532,-0.562804,-0.009875,0.562828,-0.826574,0.000402,-0.008388,-0.005226,0.999951,0,0.76189,0.20953,45.713,0.419,-1,400.000,-1,400.000,-1,325.000,325.000,300.000,300.000,-1,-1,-1,-1,825.000,800.000,-1,-1,2,0,2,0,2,0,0,0,0,2,2,2,2,0,0,2,2
10,5324.469,-1462.357,138.545,146.169,-0.830616,-0.556743,-0.010649,0.556766,-0.830669,0.000965,-0.009383,-0.005127,0.999943,0,0.76189,0.20953,45.713,0.419,-1,400.000,-1,400.000,-1,325.000,325.000,300.000,300.000,-1,-1,-1,-1,800.000,800.000,-1,-1,2,0,2,0,2,0,0,0,0,2,2,2,2,0,0,2,2
11,5286.310,-1437.185,138.035,146.588,-0.834653,-0.550653,-0.011629,0.550675,-0.834718,0.001468,-0.010515,-0.005179,0.999931,0,0.76189,0.20953,45.713,0.419,-1,400.000,-1,400.000,-1,325.000,325.000,300.000,300.000,-1,-1,-1,-1,800.000,800.000,-1,-1,2,0,2,0,2,0,0,0,0,2,2,2,2,0,0,2,2
12,5247.969,-1412.292,137.494,147.007,-0.838645,-0.544533,-0.012567,0.544554,-0.838723,0.001987,-0.011622,-0.005177,0.999919,0,0.76189,0.20953,45.713,0.419,-1,400.000,-1,400.000,-1,325.000,325.000,300.000,300.000,-1,-1,-1,-1,800.000,800.000,-1,-1,2,0,2,0,2,0,0,0,0,2,2,2,2,0,0,2,2
13,5209.447,-1387.680,136.924,147.426,-0.842592,-0.538384,-0.013464,0.538403,-0.842684,0.002522,-0.012704,-0.005124,0.999906,0,0.76189,0.20953,45.713,0.419,-1,400.000,-1,400.000,-1,325.000,325.000,300.000,300.000,-1,-1,-1,-1,800.000,800.000,-1,-1,2,0,2,0,2,0,0,0,0,2,2,2,2,0,0,2,2
14,5170.745,-1363.351,136.323,147.845,-0.846493,-0.532207,-0.014309,0.532222,-0.846600,0.003077,-0.013751,-0.005011,0.999893,0,0.76189,0.20953,45.713,0.419,-1,400.000,-1,400.000,-1,325.000,325.000,300.000,300.000,-1,-1,-1,-1,800.000,800.000,-1,-1,2,0,2,0,2,0,0,0,0,2,2,2,2,0,0,2,2
15,5131.867,-1339.305,135.680,148.264,-0.850352,-0.526001,-0.014994,0.526011,-0.850470,0.003632,-0.014662,-0.004799,0.999881,0,0.76189,0.20953,45.713,0.419,-1,400.000,-1,400.000,-1,325.000,325.000,300.000,300.000,-1,-1,-1,-1,800.000,800.000,-1,-1,2,0,2,0,2,0,0,0,0,2,2,2,2,0,0,2,2
16,5092.814,-1315.545,135.012,148.683,-0.854164,-0.519767,-0.015651,0.519770,-0.854296,0.004197,-0.015552,-0.004550,0.999869,0,0.76189,0.20953,45.713,0.419,-1,400.000,-1,400.000,-1,325.000,325.000,300.000,300.000,-1,-1,-1,-1,800.000,800.000,-1,-1,2,0,2,0,2,0,0,0,0,2,2,2,2,0,0,2,2
17,5053.588,-1292.071,134.313,149.102,-0.857931,-0.513506,-0.016285,0.513501,-0.858076,0.004804,-0.016441,-0.004241,0.999856,0,0.76189,0.20953,45.713,0.419,-1,400.000,-1,400.000,-1,325.000,325.000,300.000,300.000,-1,-1,-1,-1,800.000,775.000,-1,-1,2,0,2,0,2,0,0,0,0,2,2,2,2,0,0,2,2
18,5014.191,-1268.884,133.586,149.521,-0.861653,-0.507217,-0.016895,0.507203,-0.861810,0.005443,-0.017321,-0.003879,0.999842,0,0.76189,0.20953,45.713,0.419,-1,400.000,-1,400.000,-1,325.000,325.000,300.000,300.000,-1,-1,-1,-1,775.000,775.000,-1,-1,2,0,2,0,2,0,0,0,0,2,2,2,2,0,0,2,2
19,4974.626,-1245.986,132.841,149.940,-0.865328,-0.500901,-0.017476,0.500877,-0.865498,0.006067,-0.018164,-0.003503,0.999829,0,0.76189,0.20953,45.713,0.419,-1,400.000,-1,400.000,-1,325.000,325.000,300.000,300.000,-1,-1,-1,-1,775.000,775.000,-1,-1,2,0,2,0,2,0,0,0,0,2,2,2,2,0,0,2,2
20,4934.895,-1223.378,132.053,150.359,-0.868958,-0.494558,-0.018008,0.494525,-0.869139,0.006553,-0.018892,-0.003211,0.999816,0,0.76189,0.20953,45.713,0.419,-1,400.000,-1,400.000,-1,325.000,325.000,300.000,300.000,-1,-1,-1,-1,775.000,775.000,-1,-1,2,0,2,0,2,0,0,0,0,2,2,2,2,0,0,2,2
21,4890.707,-1198.902,131.158,151.018,-0.874579,-0.484528,-0.018558,0.484485,-0.874771,0.007057,-0.019653,-0.002820,0.999803,0,0.84189,0.32953,50.513,0.659,-1,400.000,-1,400.000,-1,325.000,325.000,300.000,300.000,-1,-1,-1,-1,775.000,775.000,-1,-1,2,0,2,0,2,0,0,0,0,2,2,2,2,0,0,2,2
22,4841.906,-1172.864,130.149,151.917,-0.882063,-0.470743,-0.019116,0.470688,-0.882267,0.007571,-0.020429,-0.002320,0.999789,0,0.92189,0.44953,55.313,0.899,-1,400.000,-1,400.000,-1,325.000,325.000,300.000,300.000,-1,-1,-1,-1,775.000,775.000,-1,-1,2,0,2,0,2,0,0,0,0,2,2,2,2,0,0,2,2
23,4788.924,-1145.934,129.030,153.056,-0.891237,-0.453112,-0.019661,0.453043,-0.891452,0.008085,-0.021190,-0.001701,0.999774,0,0.99054,0.56953,59.432,1.139,-1,400.000,-1,400.000,-1,325.000,325.000,300.000,300.000,-1,-1,-1,-1,775.000,775.000,-1,-1,2,0,2,0,2,0,0,0,0,2,2,2,2,0,0,2,2
24,4735.341,-1120.224,127.851,154.367,-0.901361,-0.432600,-0.020118,0.432520,-0.901585,0.008428,-0.021784,-0.001105,0.999762,0,0.99054,0.65544,59.432,1.311,-1,400.000,-1,400.000,-1,325.000,325.000,300.000,300.000,-1,-1,-1,-1,775.000,750.000,-1,-1,2,0,2,0,2,0,0,0,0,2,2,2,2,0,0,2,2
25,4681.184,-1095.746,126.575,155.678,-0.911017,-0.411862,-0.020427,0.411776,-0.911246,0.008420,-0.022082,-0.000741,0.999756,0,0.99054,0.65544,59.432,1.311,-1,400.000,-1,400.000,-1,325.000,325.000,300.000,300.000,-1,-1,-1,-1,775.000,750.000,-1,-1,2,0,2,0,2,0,0,0,0,2,2,2,2,0,0,2,2
26,4626.480,-1072.513,125.255,156.989,-0.920195,-0.390907,-0.020817,0.390818,-0.920430,0.008353,-0.022426,-0.000449,0.999748,0,0.99054,0.65544,59.432,1.311,-1,400.000,-1,400.000,-1,325.000,325.000,300.000,300.000,-1,-1,-1,-1,775.000,750.000,-1,-1,2,0,2,0,2,0,0,0,0,2,2,2,2,0,0,2,2
27,4571.260,-1050.538,123.922,158.300,-0.928890,-0.369748,-0.021211,0.369656,-0.929132,0.008264,-0.022763,-0.000164,0.999741,0,0.99054,0.65544,59.432,1.311,-1,400.000,-1,400.000,-1,325.000,325.000,300.000,300.000,-1,-1,-1,-1,775.000,750.000,-1,-1,2,0,2,0,2,0,0,0,0,2,2,2,2,0,0,2,2
28,4515.551,-1029.832,122.566,159.611,-0.937101,-0.348395,-0.021512,0.348299,-0.937348,0.008209,-0.023024,0.000200,0.999735,0,0.99054,0.65544,59.432,1.311,-1,400.000,-1,400.000,-1,325.000,325.000,300.000,300.000,-1,-1,-1,-1,775.000,750.000,-1,-1,2,0,2,0,2,0,0,0,0,2,2,2,2,0,0,2,2
29,4459.383,-1010.406,121.193,160.922,-0.944823,-0.326860,-0.021714,0.326759,-0.945072,0.008175,-0.023193,0.000629,0.999731,0,0.99054,0.65544,59.432,1.311,-1,400.000,-1,400.000,-1,325.000,325.000,300.000,300.000,-1,-1,-1,-1,775.000,750.000,-1,-1,2,0,2,0,2,0,0,0,0,2,2,2,2,0,0,2,2
30,4402.785,-992.270,119.823,162.233,-0.952051,-0.305154,-0.021886,0.305048,-0.952302,0.008111,-0.023317,0.001045,0.999728,0,0.99054,0.65544,59.432,1.311,-1,400.000,-1,400.000,-1,325.000,325.000,300.000,300.000,-1,-1,-1,-1,775.000,750.000,-1,-1,2,0,2,0,2,0,0,0,0,2,2,2,2,0,0,2,2
31,4345.788,-975.434,118.454,163.543,-0.958782,-0.283288,-0.022036,0.283178,-0.959034,0.008038,-0.023410,0.001466,0.999725,0,0.99054,0.65544,59.432,1.311,-1,400.000,-1,400.000,-1,325.000,325.000,300.000,300.000,-1,-1,-1,-1,775.000,750.000,-1,-1,2,0,2,0,2,0,0,0,0,2,2,2,2,0,0,2,2
32,4288.420,-959.905,117.084,164.854,-0.965010,-0.261274,-0.022165,0.261160,-0.965263,0.007958,-0.023475,0.001891,0.999723,0,0.99054,0.65544,59.432,1.311,-1,400.000,-1,400.000,-1,325.000,325.000,300.000,300.000,-1,-1,-1,-1,775.000,750.000,-1,-1,2,0,2,0,2,0,0,0,0,2,2,2,2,0,0,2,2
33,4230.712,-945.694,115.716,166.165,-0.970734,-0.239123,-0.022275,0.239005,-0.970987,0.007874,-0.023512,0.002320,0.999721,0,0.99054,0.65544,59.432,1.311,-1,400.000,-1,400.000,-1,325.000,325.000,300.000,300.000,-1,-1,-1,-1,775.000,750.000,-1,-1,2,0,2,0,2,0,0,0,0,2,2,2,2,0,0,2,2
34,4172.693,-932.806,114.350,167.476,-0.975949,-0.216847,-0.022367,0.216724,-0.976202,0.007788,-0.023524,0.002754,0.999719,0,0.99054,0.65544,59.432,1.311,-1,400.000,-1,400.000,-1,325.000,325.000,300.000,300.000,-1,-1,-1,-1,775.000,750.000,-1,-1,2,0,2,0,2,0,0,0,0,2,2,2,2,0,0,2,2
35,4114.396,-921.249,112.986,168.787,-0.980654,-0.194457,-0.022444,0.194331,-0.980906,0.007702,-0.023513,0.003192,0.999718,0,0.99054,0.65544,59.432,1.311,-1,400.000,-1,400.000,-1,325.000,325.000,300.000,300.000,-1,-1,-1,-1,775.000,750.000,-1,-1,2,0,2,0,2,0,0,0,0,2,2,2,2,0,0,2,2
36,4055.849,-911.029,111.624,170.098,-0.984846,-0.171966,-0.022507,0.171835,-0.985096,0.007617,-0.023481,0.003634,0.999718,0,0.99054,0.65544,59.432,1.311,-1,400.000,-1,400.000,-1,325.000,325.000,300.000,300.000,-1,-1,-1,-1,775.000,750.000,-1,-1,2,0,2,0,2,0,0,0,0,2,2,2,2,0,0,2,2
37,3997.083,-902.150,110.266,171.409,-0.988522,-0.149384,-0.022559,0.149250,-0.988771,0.007535,-0.023431,0.004082,0.999717,0,0.99054,0.65544,59.432,1.311,-1,400.000,-1,400.000,-1,325.000,325.000,300.000,300.000,-1,-1,-1,-1,775.000,750.000,-1,-1,2,0,2,0,2,0,0,0,0,2,2,2,2,0,0,2,2
38,3938.130,-894.619,108.879,172.720,-0.991682,-0.126725,-0.022546,0.126590,-0.991928,0.007316,-0.023291,0.004401,0.999719,0,0.99054,0.65544,59.432,1.311,-1,400.000,-1,400.000,-1,325.000,325.000,300.000,300.000,-1,-1,-1,-1,775.000,750.000,-1,-1,2,0,2,0,2,0,0,0,0,2,2,2,2,0,0,2,2
39,3879.020,-888.438,107.487,174.030,-0.994322,-0.103999,-0.022559,0.103864,-0.994566,0.007068,-0.023172,0.004684,0.999721,0,0.99054,0.65544,59.432,1.311,-1,400.000,-1,400.000,-1,325.000,325.000,300.000,300.000,-1,-1,-1,-1,775.000,750.000,-1,-1,2,0,2,0,2,0,0,0,0,2,2,2,2,0,0,2,2
40,3819.784,-883.611,106.099,175.341,-0.996440,-0.081219,-0.022605,0.081083,-0.996684,0.006848,-0.023086,0.004991,0.999721,0,0.99054,0.65544,59.432,1.311,-1,400.000,-1,400.000,-1,325.000,325.000,300.000,300.000,-1,-1,-1,-1,775.000,750.000,-1,-1,2,0,2,0,2,0,0,0,0,2,2,2,2,0,0,2,2
41,3760.453,-880.140,104.720,176.652,-0.998036,-0.058396,-0.022654,0.058260,-0.998279,0.006633,-0.023003,0.005300,0.999721,0,0.99054,0.65544,59.432,1.311,-1,400.000,-1,400.000,-1,325.000,325.000,300.000,300.000,-1,-1,-1,-1,775.000,750.000,-1,-1,2,0,2,0,2,0,0,0,0,2,2,2,2,0,0,2,2
42,3701.058,-878.027,103.351,177.963,-0.999110,-0.035543,-0.022707,0.035406,-0.999352,0.006423,-0.022921,0.005614,0.999722,0,0.99054,0.65544,59.432,1.311,-1,400.000,-1,400.000,-1,325.000,325.000,300.000,300.000,-1,-1,-1,-1,775.000,750.000,-1,-1,2,0,2,0,2,0,0,0,0,2,2,2,2,0,0,2,2
43,3641.631,-877.274,101.990,179.274,-0.999661,-0.012672,-0.022764,0.012533,-0.999902,0.006219,-0.022841,0.005931,0.999722,0,0.99054,0.65544,59.432,1.311,-1,400.000,-1,400.000,-1,325.000,325.000,300.000,300.000,-1,-1,-1,-1,775.000,775.000,-1,-1,2,0,2,0,2,0,0,0,0,2,2,2,2,0,0,2,2
44,3586.999,-877.603,100.747,180.345,-0.999721,0.006018,-0.022822,-0.006157,-0.999963,0.006034,-0.022785,0.006173,0.999721,0,0.91054,0.53544,54.632,1.071,-1,400.000,-1,400.000,-1,325.000,325.000,300.000,300.000,-1,-1,-1,-1,775.000,775.000,-1,-1,2,0,2,0,2,0,0,0,0,2,2,2,2,0,0,2,2
45,3537.177,-878.626,99.618,181.176,-0.999528,0.020518,-0.022878,-0.020657,-0.999769,0.005868,-0.022752,0.006338,0.999721,0,0.83054,0.41544,49.832,0.831,-1,400.000,-1,400.000,-1,325.000,325.000,300.000,300.000,-1,-1,-1,-1,775.000,775.000,-1,-1,2,0,2,0,2,0,0,0,0,2,2,2,2,0,0,2,2
46,3488.320,-880.133,98.514,181.767,-0.999262,0.030827,-0.022938,-0.030965,-0.999504,0.005707,-0.022750,0.006413,0.999721,0,0.81467,0.29544,48.880,0.591,-1,400.000,-1,400.000,-1,325.000,325.000,300.000,300.000,-1,-1,-1,-1,775.000,775.000,-1,-1,2,0,2,0,2,0,0,0,0,2,2,2,2,0,0,2,2
47,3439.473,-881.939,97.412,182.117,-0.999052,0.036947,-0.023001,-0.037084,-0.999297,0.005548,-0.022780,0.006395,0.999720,0,0.81467,0.17544,48.880,0.351,-1,400.000,-1,400.000,-1,325.000,325.000,300.000,300.000,-1,-1,-1,-1,775.000,775.000,-1,-1,2,0,2,0,2,0,0,0,0,2,2,2,2,0,0,2,2
48,3390.630,-883.839,96.310,182.228,-0.998978,0.038881,-0.023067,-0.039015,-0.999224,0.005388,-0.022839,0.006283,0.999719,0,0.81467,0.05544,48.880,0.111,-1,400.000,-1,400.000,-1,325.000,325.000,300.000,300.000,-1,-1,-1,-1,775.000,775.000,-1,-1,2,0,2,0,2,0,0,0,0,2,2,2,2,0,0,2,2
49,3341.782,-885.630,95.208,182.099,-0.999061,0.036629,-0.023135,-0.036759,-0.999310,0.005229,-0.022927,0.006075,0.999719,0,0.81467,-0.06456,48.880,-0.129,-1,400.000,-1,400.000,-1,325.000,325.000,300.000,300.000,-1,-1,-1,-1,775.000,775.000,-1,-1,2,0,2,0,2,0,0,0,0,2,2,2,2,0,0,2,2
50,3292.924,-887.105,94.104,181.730,-0.999275,0.030190,-0.023203,-0.030316,-0.999528,0.005072,-0.023039,0.005771,0.999718,0,0.81467,-0.18456,48.880,-0.369,-1,400.000,-1,400.000,-1,325.000,325.000,300.000,300.000,-1,-1,-1,-1,775.000,775.000,-1,-1,2,0,2,0,2,0,0,0,0,2,2,2,2,0,0,2,2
51,3244.053,-888.062,92.931,181.121,-0.999535,0.019563,-0.023369,-0.019685,-0.999794,0.005026,-0.023266,0.005483,0.999714,0,0.81467,-0.30456,48.880,-0.609,-1,400.000,-1,400.000,-1,325.000,325.000,300.000,300.000,-1,-1,-1,-1,775.000,775.000,-1,-1,2,0,2,0,2,0,0,0,0,2,2,2,2,0,0,2,2
52,3195.173,-888.293,91.734,180.272,-0.999711,0.004744,-0.023579,-0.004863,-0.999976,0.004965,-0.023555,0.005079,0.999710,0,0.81467,-0.42456,48.880,-0.849,-1,400.000,-1,400.000,-1,325.000,325.000,300.000,300.000,-1,-1,-1,-1,775.000,775.000,-1,-1,2,0,2,0,2,0,0,0,0,2,2,2,2,0,0,2,2
53,3146.298,-887.596,90.532,179.183,-0.999615,-0.014264,-0.023787,0.014151,-0.999888,0.004901,-0.023854,0.004562,0.999705,0,0.81467,-0.54456,48.880,-1.089,-1,400.000,-1,400.000,-1,325.000,325.000,300.000,300.000,-1,-1,-1,-1,775.000,775.000,-1,-1,2,0,2,0,2,0,0,0,0,2,2,2,2,0,0,2,2
54,3097.447,-885.893,89.324,178.003,-0.999105,-0.034842,-0.023995,0.034736,-0.999385,0.004835,-0.024148,0.003997,0.999700,0,0.81467,-0.58972,48.880,-1.179,-1,400.000,-1,400.000,-1,325.000,325.000,300.000,300.000,-1,-1,-1,-1,775.000,775.000,-1,-1,2,0,2,0,2,0,0,0,0,2,2,2,2,0,0,2,2
55,3048.641,-883.185,88.110,176.824,-0.998170,-0.055406,-0.024203,0.055307,-0.998458,0.004769,-0.024430,0.003422,0.999696,0,0.81467,-0.58972,48.880,-1.179,-1,400.000,-1,400.000,-1,325.000,325.000,300.000,300.000,-1,-1,-1,-1,775.000,775.000,-1,-1,2,0,2,0,2,0,0,0,0,2,2,2,2,0,0,2,2
56,2999.902,-879.472,86.892,175.644,-0.996813,-0.075947,-0.024414,0.075854,-0.997108,0.004704,-0.024700,0.002837,0.999691,0,0.81467,-0.58972,48.880,-1.179,-1,400.000,-1,400.000,-1,325.000,325.000,300.000,300.000,-1,-1,-1,-1,775.000,775.000,-1,-1,2,0,2,0,2,0,0,0,0,2,2,2,2,0,0,2,2
57,2951.250,-874.758,85.668,174.465,-0.995033,-0.096455,-0.024628,0.096370,-0.995335,0.004640,-0.024960,0.002243,0.999686,0,0.81467,-0.58972,48.880,-1.179,-1,400.000,-1,400.000,-1,325.000,325.000,300.000,300.000,-1,-1,-1,-1,775.000,775.000,-1,-1,2,0,2,0,2,0,0,0,0,2,2,2,2,0,0,2,2
58,2902.705,-869.042,84.441,173.285,-0.992830,-0.116923,-0.024846,0.116845,-0.993140,0.004576,-0.025211,0.001640,0.999681,0,0.81467,-0.58972,48.880,-1.179,-1,400.000,-1,400.000,-1,325.000,325.000,300.000,300.000,-1,-1,-1,-1,775.000,775.000,-1,-1,2,0,2,0,2,0,0,0,0,2,2,2,2,0,0,2,2
59,2854.287,-862.329,83.210,172.106,-0.990207,-0.137341,-0.025071,0.137270,-0.990523,0.004515,-0.025453,0.001029,0.999675,0,0.81467,-0.58972,48.880,-1.179,-1,400.000,-1,400.000,-1,325.000,325.000,300.000,300.000,-1,-1,-1,-1,775.000,800.000,-1,-1,2,0,2,0,2,0,0,0,0,2,2,2,2,0,0,2,2
60,2806.019,-854.621,81.977,170.927,-0.987163,-0.157700,-0.025303,0.157638,-0.987487,0.004455,-0.025689,0.000409,0.999670,0,0.81467,-0.58972,48.880,-1.179,-1,400.000,-1,400.000,-1,325.000,325.000,300.000,300.000,-1,-1,-1,-1,775.000,800.000,-1,-1,2,0,2,0,2,0,0,0,0,2,2,2,2,0,0,2,2
61,2757.919,-845.920,80.743,169.747,-0.983700,-0.177993,-0.025544,0.177939,-0.984032,0.004398,-0.025919,-0.000219,0.999664,0,0.81467,-0.58972,48.880,-1.179,-1,400.000,-1,400.000,-1,325.000,325.000,300.000,300.000,-1,-1,-1,-1,775.000,800.000,-1,-1,2,0,2,0,2,0,0,0,0,2,2,2,2,0,0,2,2
62,2710.008,-836.232,79.507,168.568,-0.979820,-0.198211,-0.025794,0.198165,-0.980159,0.004345,-0.026144,-0.000855,0.999658,0,0.81467,-0.58972,48.880,-1.179,-1,400.000,-1,400.000,-1,325.000,325.000,300.000,300.000,-1,-1,-1,-1,775.000,800.000,-1,-1,2,0,2,0,2,0,0,0,0,2,2,2,2,0,0,2,2
63,2662.307,-825.559,78.250,167.388,-0.975524,-0.218344,-0.026061,0.218309,-0.975871,0.004212,-0.026352,-0.001581,0.999651,0,0.81467,-0.58972,48.880,-1.179,-1,400.000,-1,400.000,-1,325.000,325.000,300.000,300.000,-1,-1,-1,-1,775.000,800.000,-1,-1,2,0,2,0,2,0,0,0,0,2,2,2,2,0,0,2,2
64,2614.836,-813.907,76.948,166.209,-0.970810,-0.238384,-0.026486,0.238365,-0.971168,0.003929,-0.026659,-0.002499,0.999641,0,0.81467,-0.58972,48.880,-1.179,-1,400.000,-1,400.000,-1,325.000,325.000,300.000,300.000,-1,-1,-1,-1,775.000,800.000,-1,-1,2,0,2,0,2,0,0,0,0,2,2,2,2,0,0,2,2
65,2567.614,-801.280,75.635,165.029,-0.965684,-0.258323,-0.026881,0.258319,-0.966053,0.003692,-0.026922,-0.003379,0.999632,0,0.81467,-0.58972,48.880,-1.179,-1,400.000,-1,400.000,-1,325.000,325.000,300.000,300.000,-1,-1,-1,-1,775.000,800.000,-1,-1,2,0,2,0,2,0,0,0,0,2,2,2,2,0,0,2,2
66,2520.663,-787.683,74.254,163.850,-0.960152,-0.278153,-0.027194,0.278156,-0.960529,0.003771,-0.027169,-0.003943,0.999623,0,0.81467,-0.58972,48.880,-1.179,-1,400.000,-1,400.000,-1,325.000,325.000,300.000,300.000,-1,-1,-1,-1,775.000,800.000,-1,-1,2,0,2,0,2,0,0,0,0,2,2,2,2,0,0,2,2
67,2474.001,-773.124,72.822,162.670,-0.954209,-0.297865,-0.027609,0.297869,-0.954598,0.004058,-0.027565,-0.004351,0.999611,0,0.81467,-0.58972,48.880,-1.179,-1,400.000,-1,400.000,-1,325.000,325.000,300.000,300.000,-1,-1,-1,-1,775.000,800.000,-1,-1,2,0,2,0,2,0,0,0,0,2,2,2,2,0,0,2,2
68,2427.649,-757.606,71.384,161.491,-0.947860,-0.317451,-0.028041,0.317457,-0.948263,0.004356,-0.027973,-0.004773,0.999597,0,0.81467,-0.58972,48.880,-1.179,-1,400.000,-1,400.000,-1,325.000,325.000,300.000,300.000,-1,-1,-1,-1,775.000,800.000,-1,-1,2,0,2,0,2,0,0,0,0,2,2,2,2,0,0,2,2
69,2381.626,-741.138,69.941,160.312,-0.941109,-0.336902,-0.028490,0.336910,-0.941525,0.004663,-0.028396,-0.005210,0.999583,0,0.81467,-0.58972,48.880,-1.179,-1,400.000,-1,400.000,-1,325.000,325.000,300.000,300.000,-1,-1,-1,-1,775.000,775.000,-1,-1,2,0,2,0,2,0,0,0,0,2,2,2,2,0,0,2,2
70,2335.952,-723.726,68.491,159.132,-0.933957,-0.356210,-0.028958,0.356220,-0.934389,0.004983,-0.028833,-0.005661,0.999568,0,0.81467,-0.58972,48.880,-1.179,-1,400.000,-1,400.000,-1,325.000,325.000,300.000,300.000,-1,-1,-1,-1,775.000,775.000,-1,-1,2,0,2,0,2,0,0,0,0,2,2,2,2,0,0,2,2
71,2291.553,-705.528,67.065,157.713,-0.924828,-0.379245,-0.029435,0.379260,-0.925275,0.005304,-0.029247,-0.006258,0.999553,0,0.79974,-0.70972,47.984,-1.419,-1,400.000,-1,400.000,-1,325.000,325.000,300.000,300.000,-1,-1,-1,-1,775.000,775.000,-1,-1,2,0,2,0,2,0,0,0,0,2,2,2,2,0,0,2,2
72,2247.699,-686.052,65.638,156.053,-0.913437,-0.405879,-0.029931,0.405900,-0.913900,0.005637,-0.029642,-0.007000,0.999536,0,0.79974,-0.82972,47.984,-1.659,-1,400.000,-1,400.000,-1,325.000,325.000,300.000,300.000,-1,-1,-1,-1,775.000,775.000,-1,-1,2,0,2,0,2,0,0,0,0,2,2,2,2,0,0,2,2
73,2204.515,-665.133,64.281,154.154,-0.899461,-0.435944,-0.030373,0.435983,-0.899937,0.005659,-0.029801,-0.008152,0.999523,0,0.79974,-0.94972,47.984,-1.899,-1,400.000,-1,400.000,-1,325.000,325.000,300.000,300.000,-1,-1,-1,-1,800.000,775.000,-1,-1,2,0,2,0,2,0,0,0,0,2,2,2,2,0,0,2,2
74,2162.087,-642.720,62.937,152.154,-0.883677,-0.467080,-0.030847,0.467141,-0.884165,0.005642,-0.029909,-0.009425,0.999508,0,0.79974,-1.00000,47.984,-2.000,-1,400.000,-1,400.000,-1,325.000,325.000,300.000,300.000,-1,-1,-1,-1,800.000,775.000,-1,-1,2,0,2,0,2,0,0,0,0,2,2,2,2,0,0,2,2
75,2120.467,-618.840,61.570,150.154,-0.866814,-0.497646,-0.031342,0.497734,-0.867313,0.005478,-0.029909,-0.010851,0.999494,0,0.79974,-1.00000,47.984,-2.000,-1,400.000,-1,400.000,-1,325.000,325.000,300.000,300.000,-1,-1,-1,-1,800.000,775.000,-1,-1,2,0,2,0,2,0,0,0,0,2,2,2,2,0,0,2,2
76,2079.706,-593.521,60.188,148.154,-0.848894,-0.527602,-0.031876,0.527722,-0.849401,0.005193,-0.029815,-0.012413,0.999478,0,0.79974,-1.00000,47.984,-2.000,-1,400.000,-1,400.000,-1,325.000,325.000,300.000,300.000,-1,-1,-1,-1,800.000,775.000,-1,-1,2,0,2,0,2,0,0,0,0,2,2,2,2,0,0,2,2
77,2039.853,-566.796,58.812,146.154,-0.829934,-0.556912,-0.032528,0.557067,-0.830453,0.004940,-0.029764,-0.014021,0.999459,0,0.79974,-1.00000,47.984,-2.000,-1,400.000,-1,400.000,-1,325.000,325.000,300.000,300.000,-1,-1,-1,-1,800.000,775.000,-1,-1,2,0,2,0,2,0,0,0,0,2,2,2,2,0,0,2,2
78,2000.957,-538.696,57.440,144.154,-0.809959,-0.585541,-0.033304,0.585732,-0.810491,0.004702,-0.029746,-0.015698,0.999434,0,0.79974,-1.00000,47.984,-2.000,-1,400.000,-1,400.000,-1,325.000,325.000,300.000,300.000,-1,-1,-1,-1,800.000,775.000,-1,-1,2,0,2,0,2,0,0,0,0,2,2,2,2,0,0,2,2
79,1963.066,-509.256,56.073,142.154,-0.788993,-0.613452,-0.034149,0.613683,-0.789540,0.004467,-0.029702,-0.017432,0.999407,0,0.79974,-1.00000,47.984,-2.000,-1,400.000,-1,400.000,-1,325.000,325.000,300.000,300.000,-1,-1,-1,-1,800.000,750.000,-1,-1,2,0,2,0,2,0,0,0,0,2,2,2,2,0,0,2,2
80,1926.225,-478.511,54.715,140.154,-0.767064,-0.640612,-0.035064,0.640886,-0.767624,0.004236,-0.029630,-0.019223,0.999376,0,0.79974,-1.00000,47.984,-2.000,-1,400.000,-1,400.000,-1,325.000,325.000,300.000,300.000,-1,-1,-1,-1,775.000,750.000,-1,-1,2,0,2,0,2,0,0,0,0,2,2,2,2,0,0,2,2
81,1890.479,-446.500,53.359,138.154,-0.744199,-0.666987,-0.036015,0.667307,-0.744772,0.004021,-0.029505,-0.021041,0.999343,0,0.79974,-1.00000,47.984,-2.000,-1,400.000,-1,400.000,-1,325.000,325.000,300.000,300.000,-1,-1,-1,-1,775.000,750.000,-1,-1,2,0,2,0,2,0,0,0,0,2,2,2,2,0,0,2,2
82,1855.872,-413.260,51.942,136.154,-0.720437,-0.692548,-0.036696,0.692908,-0.721016,0.003862,-0.029133,-0.022644,0.999319,0,0.79974,-1.00000,47.984,-2.000,-1,400.000,-1,400.000,-1,325.000,325.000,300.000,300.000,-1,-1,-1,-1,775.000,750.000,-1,-1,2,0,2,0,2,0,0,0,0,2,2,2,2,0,0,2,2
83,1822.447,-378.833,50.535,134.154,-0.695797,-0.717262,-0.037434,0.717664,-0.696380,0.003696,-0.028719,-0.024293,0.999292,0,0.79974,-1.00000,47.984,-2.000,-1,400.000,-1,400.000,-1,325.000,325.000,300.000,300.000,-1,-1,-1,-1,775.000,750.000,-1,-1,2,0,2,0,2,0,0,0,0,2,2,2,2,0,0,2,2
84,1790.243,-343.260,49.277,132.154,-0.670337,-0.741107,-0.037517,0.741535,-0.670905,0.003570,-0.027816,-0.025427,0.999290,0,0.79974,-1.00000,47.984,-2.000,-1,400.000,-1,400.000,-1,325.000,325.000,300.000,300.000,-1,-1,-1,-1,775.000,725.000,-1,-1,2,0,2,0,2,0,0,0,0,2,2,2,2,0,0,2,2
85,1762.358,-310.286,48.181,130.220,-0.644952,-0.763301,-0.037528,0.763752,-0.645501,0.003420,-0.026834,-0.026456,0.999290,0,0.71974,-0.96675,43.184,-1.933,-1,400.000,-1,400.000,-1,325.000,325.000,300.000,300.000,-1,-1,-1,-1,775.000,725.000,-1,-1,2,0,2,0,2,0,0,0,0,2,2,2,2,0,0,2,2
86,1737.982,-279.407,47.207,128.287,-0.618834,-0.784624,-0.037556,0.785098,-0.619363,0.003244,-0.025806,-0.027478,0.999289,0,0.65568,-0.96675,39.341,-1.933,-1,400.000,-1,400.000,-1,325.000,325.000,300.000,300.000,-1,-1,-1,-1,775.000,725.000,-1,-1,2,0,2,0,2,0,0,0,0,2,2,2,2,0,0,2,2
87,1714.662,-247.723,46.254,126.353,-0.592013,-0.805051,-0.037606,0.805549,-0.592521,0.003025,-0.024717,-0.028503,0.999288,0,0.65568,-0.96675,39.341,-1.933,-1,400.000,-1,400.000,-1,325.000,325.000,300.000,300.000,-1,-1,-1,-1,775.000,725.000,-1,-1,2,0,2,0,2,0,0,0,0,2,2,2,2,0,0,2,2
88,1692.424,-215.270,45.324,124.420,-0.564520,-0.824559,-0.037680,0.825083,-0.565005,0.002763,-0.023568,-0.029529,0.999286,0,0.65568,-0.96675,39.341,-1.933,-1,400.000,-1,375.000,-1,325.000,325.000,300.000,300.000,-1,-1,-1,-1,775.000,725.000,-1,-1,2,0,2,0,2,0,0,0,0,2,2,2,2,0,0,2,2
89,1671.293,-182.085,44.427,122.486,-0.536383,-0.843123,-0.037901,0.843678,-0.536844,0.002409,-0.022378,-0.030684,0.999279,0,0.65568,-0.96675,39.341,-1.933,-1,400.000,-1,375.000,-1,325.000,325.000,300.000,300.000,-1,-1,-1,-1,775.000,725.000,-1,-1,2,0,2,0,2,0,0,0,0,2,2,2,2,0,0,2,2
90,1651.295,-148.206,43.589,120.553,-0.507632,-0.860720,-0.038347,0.861313,-0.508071,0.002016,-0.021218,-0.032005,0.999262,0,0.65568,-0.96675,39.341,-1.933,-1,400.000,-1,375.000,-1,325.000,325.000,300.000,300.000,-1,-1,-1,-1,775.000,725.000,-1,-1,2,0,2,0,2,0,0,0,0,2,2,2,2,0,0,2,2
91,1632.450,-113.672,42.780,118.619,-0.478305,-0.877334,-0.038843,0.877966,-0.478721,0.001602,-0.020001,-0.033336,0.999244,0,0.65568,-0.96675,39.341,-1.933,-1,400.000,-1,375.000,-1,325.000,325.000,300.000,300.000,-1,-1,-1,-1,750.000,725.000,-1,-1,2,0,2,0,2,0,0,0,0,2,2,2,2,0,0,2,2
92,1614.782,-78.521,42.003,116.686,-0.448438,-0.892946,-0.039391,0.893618,-0.448827,0.001171,-0.018725,-0.034675,0.999223,0,0.65568,-0.96675,39.341,-1.933,-1,400.000,-1,375.000,-1,325.000,325.000,300.000,300.000,-1,-1,-1,-1,750.000,725.000,-1,-1,2,0,2,0,2,0,0,0,0,2,2,2,2,0,0,2,2
93,1598.309,-42.795,41.342,114.752,-0.418068,-0.907527,-0.040166,0.908254,-0.418419,0.000374,-0.017146,-0.036325,0.999193,0,0.65568,-0.96675,39.341,-1.933,-1,400.000,-1,375.000,-1,325.000,325.000,300.000,300.000,-1,-1,-1,-1,750.000,725.000,-1,-1,2,0,2,0,2,0,0,0,0,2,2,2,2,0,0,2,2
94,1583.051,-6.533,40.734,112.819,-0.387229,-0.921069,-0.041060,0.921854,-0.387537,-0.000499,-0.015452,-0.038045,0.999157,0,0.65568,-0.96675,39.341,-1.933,-1,400.000,-1,375.000,-1,325.000,325.000,300.000,300.000,-1,-1,-1,-1,750.000,725.000,-1,-1,2,0,2,0,2,0,0,0,0,2,2,2,2,0,0,2,2
95,1569.026,30.223,40.163,110.885,-0.355955,-0.933557,-0.042034,0.934403,-0.356216,-0.001364,-0.013700,-0.039762,0.999115,0,0.65568,-0.96675,39.341,-1.933,-1,400.000,-1,375.000,-1,325.000,325.000,300.000,300.000,-1,-1,-1,-1,750.000,725.000,-1,-1,2,0,2,0,2,0,0,0,0,2,2,2,2,0,0,2,2
96,1556.248,67.432,39.647,108.952,-0.324281,-0.944981,-0.043043,0.945885,-0.324494,-0.002144,-0.011941,-0.041409,0.999071,0,0.65568,-0.96675,39.341,-1.933,-1,400.000,-1,375.000,-1,325.000,325.000,300.000,300.000,-1,-1,-1,-1,750.000,725.000,-1,-1,2,0,2,0,2,0,0,0,0,2,2,2,2,0,0,2,2
97,1544.733,105.050,39.316,107.018,-0.292238,-0.955349,-0.043640,0.956289,-0.292413,-0.002459,-0.010412,-0.042451,0.999044,0,0.65568,-0.96675,39.341,-1.933,-1,400.000,-1,375.000,-1,325.000,325.000,300.000,300.000,-1,-1,-1,-1,750.000,725.000,-1,-1,2,0,2,0,2,0,0,0,0,2,2,2,2,0,0,2,2
98,1534.495,143.036,39.164,105.085,-0.259891,-0.964652,-0.043627,0.965601,-0.260009,-0.003042,-0.008409,-0.042917,0.999043,0,0.65568,-0.96675,39.341,-1.933,-1,400.000,-1,375.000,-1,325.000,325.000,300.000,300.000,-1,-1,-1,-1,750.000,725.000,-1,-1,2,0,2,0,2,0,0,0,0,2,2,2,2,0,0,2,2
99,1525.544,181.346,39.060,103.151,-0.227250,-0.972857,-0.043655,0.973816,-0.227310,-0.003656,-0.006366,-0.043343,0.999040,0,0.65568,-0.96675,39.341,-1.933,-1,400.000,-1,375.000,-1,325.000,325.000,300.000,300.000,-1,950.000,-1,-1,750.000,725.000,-1,-1,2,0,2,0,2,0,0,0,0,2,0,2,2,0,0,2,2
100,1517.890,219.935,39.004,101.218,-0.194354,-0.979957,-0.043725,0.980922,-0.194353,-0.004299,-0.004285,-0.043726,0.999034,0,0.65568,-0.96675,39.341,-1.933,-1,400.000,-1,375.000,-1,325.000,325.000,300.000,300.000,-1,900.000,-1,-1,750.000,725.000,-1,-1,2,0,2,0,2,0,0,0,0,2,0,2,2,0,0,2,2
101,1512.175,254.000,38.993,99.524,-0.165360,-0.985259,-0.043821,0.986230,-0.165306,-0.004884,-0.002432,-0.044026,0.999027,0,0.57568,-0.84675,34.541,-1.693,-1,400.000,-1,375.000,-1,325.000,325.000,300.000,300.000,-1,850.000,1000.000,-1,750.000,725.000,-1,-1,2,0,2,0,2,0,0,0,0,2,0,0,2,0,0,2,2
102,1507.999,283.447,39.013,98.071,-0.140361,-0.989125,-0.043932,0.990100,-0.140260,-0.005402,-0.000819,-0.044255,0.999020,0,0.49568,-0.72675,29.741,-1.453,-1,400.000,-1,375.000,-1,325.000,325.000,300.000,300.000,-1,825.000,950.000,-1,750.000,725.000,-1,-1,2,0,2,0,2,0,0,0,0,2,0,0,2,0,0,2,2
103,1505.021,308.210,39.049,96.857,-0.119422,-0.991866,-0.044044,0.992843,-0.119280,-0.005844,0.000543,-0.044427,0.999012,0,0.41568,-0.60675,24.941,-1.213,-1,400.000,-1,375.000,-1,325.000,325.000,300.000,300.000,-1,800.000,925.000,-1,750.000,725.000,-1,-1,2,0,2,0,2,0,0,0,0,2,0,0,2,0,0,2,2
104,1502.957,328.245,39.091,95.884,-0.102585,-0.993744,-0.044148,0.994723,-0.102410,-0.006206,0.001646,-0.044552,0.999006,0,0.33568,-0.48675,20.141,-0.973,-1,400.000,-1,375.000,-1,325.000,325.000,300.000,300.000,-1,775.000,875.000,-1,750.000,725.000,-1,-1,2,0,2,0,2,0,0,0,0,2,0,0,2,0,0,2,2
105,1501.580,343.524,39.131,95.150,-0.089880,-0.994970,-0.044235,0.995949,-0.089680,-0.006484,0.002484,-0.044639,0.999000,0,0.25568,-0.36675,15.341,-0.733,-1,400.000,-1,375.000,-1,325.000,325.000,300.000,300.000,-1,775.000,875.000,-1,750.000,725.000,-1,-1,2,0,2,0,2,0,0,0,0,2,0,0,2,0,0,2,2
106,1500.724,354.031,39.162,94.657,-0.081324,-0.995703,-0.044299,0.996683,-0.081107,-0.006676,0.003055,-0.044695,0.998996,0,0.17568,-0.24675,10.541,-0.493,-1,400.000,-1,375.000,-1,325.000,325.000,300.000,300.000,-1,750.000,850.000,-1,750.000,725.000,-1,-1,2,0,2,0,2,0,0,0,0,2,0,0,2,0,0,2,2
107,1500.283,359.755,39.179,94.403,-0.076927,-0.996051,-0.044335,0.997031,-0.076701,-0.006782,0.003354,-0.044725,0.998994,0,0.09568,-0.12675,5.741,-0.253,-1,400.000,-1,375.000,-1,325.000,325.000,300.000,300.000,-1,750.000,850.000,-1,750.000,725.000,-1,-1,2,0,2,0,2,0,0,0,0,2,0,0,2,0,0,2,2
108,1500.211,360.693,39.182,94.390,-0.076694,-0.996068,-0.044341,0.997049,-0.076466,-0.006799,0.003382,-0.044731,0.998993,0,0.01568,-0.00675,0.941,-0.013,-1,400.000,-1,375.000,-1,325.000,325.000,300.000,300.000,-1,750.000,850.000,-1,750.000,725.000,-1,-1,2,0,2,0,2,0,0,0,0,2,0,0,2,0,0,2,2
109,1500.522,356.846,39.171,94.616,-0.080624,-0.995759,-0.044316,0.996740,-0.080404,-0.006729,0.003138,-0.044714,0.998995,0,-0.06432,0.11325,-3.859,0.227,-1,400.000,-1,375.000,-1,325.000,325.000,300.000,300.000,-1,750.000,850.000,-1,750.000,725.000,-1,-1,2,0,2,0,2,0,0,0,0,2,0,0,2,0,0,2,2
110,1501.289,348.221,39.148,95.083,-0.088714,-0.995073,-0.044262,0.996054,-0.088509,-0.006572,0.002623,-0.044671,0.998998,0,-0.14432,0.23325,-8.659,0.467,-1,400.000,-1,375.000,-1,325.000,325.000,300.000,300.000,-1,775.000,875.000,-1,750.000,725.000,-1,-1,2,0,2,0,2,0,0,0,0,2,0,0,2,0,0,2,2
111,1502.501,335.790,39.120,95.568,-0.097115,-0.994292,-0.044189,0.995271,-0.096929,-0.006345,0.002026,-0.044596,0.999003,0,-0.20816,0.24250,-12.490,0.485,-1,400.000,-1,375.000,-1,325.000,325.000,300.000,300.000,-1,775.000,875.000,-1,750.000,725.000,-1,-1,2,0,2,0,2,0,0,0,0,2,0,0,2,0,0,2,2
112,1503.818,323.370,39.097,96.053,-0.105510,-0.993439,-0.044118,0.994417,-0.105342,-0.006119,0.001431,-0.044518,0.999008,0,-0.20816,0.24250,-12.490,0.485,-1,400.000,-1,375.000,-1,325.000,325.000,300.000,300.000,-1,775.000,900.000,-1,750.000,725.000,-1,-1,2,0,2,0,2,0,0,0,0,2,0,0,2,0,0,2,2
113,1505.240,310.961,39.077,96.538,-0.113897,-0.992515,-0.044051,0.993492,-0.113748,-0.005894,0.000839,-0.044436,0.999012,0,-0.20816,0.24250,-12.490,0.485,-1,400.000,-1,375.000,-1,325.000,325.000,300.000,300.000,-1,800.000,900.000,-1,750.000,725.000,-1,-1,2,0,2,0,2,0,0,0,0,2,0,0,2,0,0,2,2
114,1506.767,298.565,39.062,97.023,-0.122276,-0.991521,-0.043988,0.992496,-0.122145,-0.005670,0.000249,-0.044351,0.999016,0,-0.20816,0.24250,-12.490,0.485,-1,400.000,-1,375.000,-1,325.000,325.000,300.000,300.000,-1,800.000,925.000,-1,750.000,725.000,-1,-1,2,0,2,0,2,0,0,0,0,2,0,0,2,0,0,2,2
115,1508.399,286.182,39.051,97.508,-0.130647,-0.990455,-0.043928,0.991429,-0.130534,-0.005448,-0.000338,-0.044264,0.999020,0,-0.20816,0.24250,-12.490,0.485,-1,400.000,-1,375.000,-1,325.000,325.000,300.000,300.000,-1,800.000,950.000,-1,750.000,725.000,-1,-1,2,0,2,0,2,0,0,0,0,2,0,0,2,0,0,2,2
116,1510.135,273.814,39.044,97.993,-0.139009,-0.989319,-0.043872,0.990291,-0.138914,-0.005227,-0.000923,-0.044173,0.999023,0,-0.20816,0.24250,-12.490,0.485,-1,400.000,-1,375.000,-1,325.000,325.000,300.000,300.000,-1,825.000,950.000,-1,750.000,725.000,-1,-1,2,0,2,0,2,0,0,0,0,2,0,0,2,0,0,2,2
117,1511.977,261.461,39.041,98.478,-0.147361,-0.988112,-0.043819,0.989082,-0.147284,-0.005008,-0.001505,-0.044079,0.999027,0,-0.20816,0.24250,-12.490,0.485,-1,400.000,-1,375.000,-1,325.000,325.000,300.000,300.000,-1,825.000,975.000,-1,750.000,725.000,-1,-1,2,0,2,0,2,0,0,0,0,2,0,0,2,0,0,2,2
118,1513.922,249.123,39.041,98.963,-0.155703,-0.986834,-0.043770,0.987802,-0.155643,-0.004791,-0.002084,-0.043982,0.999030,0,-0.20816,0.24250,-12.490,0.485,-1,400.000,-1,375.000,-1,325.000,325.000,300.000,300.000,-1,850.000,1000.000,-1,750.000,725.000,-1,-1,2,0,2,0,2,0,0,0,0,2,0,0,2,0,0,2,2
119,1515.973,236.803,39.046,99.448,-0.164034,-0.985485,-0.043724,0.986451,-0.163991,-0.004576,-0.002661,-0.043882,0.999033,0,-0.20816,0.24250,-12.490,0.485,-1,400.000,-1,375.000,-1,325.000,325.000,300.000,300.000,-1,850.000,1000.000,-1,750.000,725.000,-1,-1,2,0,2,0,2,0,0,0,0,2,0,0,2,0,0,2,2
120,1518.127,224.500,39.055,99.933,-0.172353,-0.984066,-0.043682,0.985030,-0.172328,-0.004362,-0.003235,-0.043780,0.999036,0,-0.20816,0.24250,-12.490,0.485,-1,400.000,-1,375.000,-1,325.000,325.000,300.000,300.000,-1,875.000,-1,-1,750.000,725.000,-1,-1,2,0,2,0,2,0,0,0,0,2,0,2,2,0,0,2,2
121,1520.385,212.216,39.068,100.418,-0.180660,-0.982577,-0.043643,0.983538,-0.180652,-0.004150,-0.003806,-0.043674,0.999039,0,-0.20816,0.24250,-12.490,0.485,-1,400.000,-1,375.000,-1,325.000,325.000,300.000,300.000,-1,900.000,-1,-1,750.000,725.000,-1,-1,2,0,2,0,2,0,0,0,0,2,0,2,2,0,0,2,2
122,1522.748,199.952,39.084,100.903,-0.188954,-0.981017,-0.043607,0.981976,-0.188964,-0.003940,-0.004375,-0.043566,0.999041,0,-0.20816,0.24250,-12.490,0.485,-1,400.000,-1,375.000,-1,325.000,325.000,300.000,300.000,-1,900.000,-1,-1,750.000,725.000,-1,-1,2,0,2,0,2,0,0,0,0,2,0,2,2,0,0,2,2
123,1525.214,187.708,39.105,101.388,-0.197235,-0.979387,-0.043575,0.980344,-0.197262,-0.003733,-0.004940,-0.043455,0.999043,0,-0.20816,0.24250,-12.490,0.485,-1,400.000,-1,375.000,-1,325.000,325.000,300.000,300.000,-1,925.000,-1,-1,750.000,725.000,-1,-1,2,0,2,0,2,0,0,0,0,2,0,2,2,0,0,2,2
124,1527.784,175.485,39.129,101.873,-0.205503,-0.977687,-0.043547,0.978641,-0.205546,-0.003527,-0.005502,-0.043341,0.999045,0,-0.20816,0.24250,-12.490,0.485,-1,400.000,-1,375.000,-1,325.000,325.000,300.000,300.000,-1,925.000,-1,-1,750.000,725.000,-1,-1,2,0,2,0,2,0,0,0,0,2,0,2,2,0,0,2,2
125,1530.457,163.285,39.157,102.358,-0.213755,-0.975917,-0.043522,0.976868,-0.213816,-0.003324,-0.006062,-0.043225,0.999047,0,-0.20816,0.24250,-12.490,0.485,-1,400.000,-1,375.000,-1,325.000,325.000,300.000,300.000,-1,950.000,-1,-1,750.000,725.000,-1,-1,2,0,2,0,2,0,0,0,0,2,0,2,2,0,0,2,2
126,1533.233,151.107,39.189,102.843,-0.221993,-0.974077,-0.043500,0.975026,-0.222070,-0.003123,-0.006618,-0.043107,0.999049,0,-0.20816,0.24250,-12.490,0.485,-1,400.000,-1,375.000,-1,325.000,325.000,300.000,300.000,-1,950.000,-1,-1,750.000,725.000,-1,-1,2,0,2,0,2,0,0,0,0,2,0,2,2,0,0,2,2
127,1536.112,138.954,39.225,103.328,-0.230215,-0.972168,-0.043481,0.973113,-0.230308,-0.002924,-0.007172,-0.042985,0.999050,0,-0.20816,0.24250,-12.490,0.485,-1,400.000,-1,375.000,-1,325.000,325.000,300.000,300.000,-1,975.000,-1,-1,750.000,725.000,-1,-1,2,0,2,0,2,0,0,0,0,2,0,2,2,0,0,2,2
128,1539.094,126.825,39.265,103.813,-0.238421,-0.970189,-0.043466,0.971131,-0.238530,-0.002728,-0.007722,-0.042862,0.999051,0,-0.20816,0.24250,-12.490,0.485,-1,400.000,-1,375.000,-1,325.000,325.000,300.000,300.000,-1,1000.000,-1,-1,750.000,725.000,-1,-1,2,0,2,0,2,0,0,0,0,2,0,2,2,0,0,2,2
129,1542.178,114.722,39.308,104.298,-0.246610,-0.968140,-0.043454,0.969080,-0.246735,-0.002534,-0.008269,-0.042735,0.999052,0,-0.20816,0.24250,-12.490,0.485,-1,400.000,-1,375.000,-1,325.000,325.000,300.000,300.000,-1,-1,-1,-1,750.000,700.000,-1,-1,2,0,2,0,2,0,0,0,0,2,2,2,2,0,0,2,2
130,1545.365,102.646,39.355,104.783,-0.254781,-0.966022,-0.043446,0.966959,-0.254923,-0.002342,-0.008812,-0.042607,0.999053,0,-0.20816,0.24250,-12.490,0.485,-1,400.000,-1,375.000,-1,325.000,325.000,300.000,300.000,-1,-1,-1,-1,750.000,700.000,-1,-1,2,0,2,0,2,0,0,0,0,2,2,2,2,0,0,2,2
131,1548.654,90.597,39.405,105.268,-0.262935,-0.963835,-0.043440,0.964768,-0.263092,-0.002154,-0.009353,-0.042476,0.999054,0,-0.20816,0.24250,-12.490,0.485,-1,400.000,-1,375.000,-1,325.000,325.000,300.000,300.000,-1,-1,-1,-1,750.000,700.000,-1,-1,2,0,2,0,2,0,0,0,0,2,2,2,2,0,0,2,2
132,1550.711,83.187,39.450,105.513,-0.267048,-0.962707,-0.043375,0.963635,-0.267212,-0.002062,-0.009605,-0.042348,0.999057,0,-0.12816,0.12250,-7.690,0.245,-1,400.000,-1,375.000,-1,325.000,325.000,300.000,300.000,-1,-1,-1,-1,750.000,700.000,-1,-1,2,0,2,0,2,0,0,0,0,2,2,2,2,0,0,2,2
133,1552.212,77.857,39.495,105.724,-0.270586,-0.961723,-0.043271,0.962646,-0.270755,-0.002023,-0.009770,-0.042202,0.999061,0,-0.09229,0.10543,-5.537,0.211,-1,400.000,-1,375.000,-1,325.000,325.000,300.000,300.000,-1,-1,-1,-1,750.000,700.000,-1,-1,2,0,2,0,2,0,0,0,0,2,2,2,2,0,0,2,2
134,1553.732,72.533,39.541,105.934,-0.274121,-0.960726,-0.043168,0.961644,-0.274294,-0.001983,-0.009935,-0.042056,0.999066,0,-0.09229,0.10543,-5.537,0.211,-1,400.000,-1,375.000,-1,325.000,325.000,300.000,300.000,-1,-1,-1,-1,750.000,700.000,-1,-1,2,0,2,0,2,0,0,0,0,2,2,2,2,0,0,2,2
135,1555.272,67.214,39.588,106.145,-0.277653,-0.959716,-0.043065,0.960628,-0.277829,-0.001944,-0.010100,-0.041909,0.999070,0,-0.09229,0.10543,-5.537,0.211,-1,400.000,-1,375.000,-1,325.000,325.000,300.000,300.000,-1,-1,-1,-1,750.000,700.000,-1,-1,2,0,2,0,2,0,0,0,0,2,2,2,2,0,0,2,2
136,1556.831,61.901,39.635,106.356,-0.281180,-0.958693,-0.042963,0.959600,-0.281361,-0.001904,-0.010263,-0.041763,0.999075,0,-0.09229,0.10543,-5.537,0.211,-1,400.000,-1,375.000,-1,325.000,325.000,300.000,300.000,-1,-1,-1,-1,750.000,725.000,-1,-1,2,0,2,0,2,0,0,0,0,2,2,2,2,0,0,2,2
137,1558.410,56.594,39.683,106.567,-0.284704,-0.957657,-0.042861,0.958559,-0.284889,-0.001863,-0.010426,-0.041615,0.999079,0,-0.09229,0.10543,-5.537,0.211,-1,400.000,-1,375.000,-1,325.000,325.000,300.000,300.000,-1,-1,-1,-1,750.000,725.000,-1,-1,2,0,2,0,2,0,0,0,0,2,2,2,2,0,0,2,2
138,1560.008,51.292,39.747,106.778,-0.288223,-0.956610,-0.042714,0.957504,-0.288414,-0.001756,-0.010639,-0.041405,0.999086,0,-0.09229,0.10543,-5.537,0.211,-1,400.000,-1,375.000,-1,325.000,325.000,300.000,300.000,-1,-1,-1,-1,750.000,725.000,-1,-1,2,0,2,0,2,0,0,0,0,2,2,2,2,0,0,2,2
