timestep,x_cm,y_cm,z_cm,yaw_deg,basis_xx,basis_xy,basis_xz,basis_yx,basis_yy,basis_yz,basis_zx,basis_zy,basis_zz,teleport_flag,throttle_cmd,steering_cmd,cmd_move_cm,cmd_turn_deg,lidar_cm_0,lidar_cm_1,lidar_cm_2,lidar_cm_3,lidar_cm_4,lidar_cm_5,lidar_cm_6,lidar_cm_7,lidar_cm_8,lidar_cm_9,lidar_cm_10,lidar_cm_11,lidar_cm_12,lidar_cm_13,lidar_cm_14,lidar_cm_15,lidar_cm_16,lidar_class_0,lidar_class_1,lidar_class_2,lidar_class_3,lidar_class_4,lidar_class_5,lidar_class_6,lidar_class_7,lidar_class_8,lidar_class_9,lidar_class_10,lidar_class_11,lidar_class_12,lidar_class_13,lidar_class_14,lidar_class_15,lidar_class_16
0,7546.507,-1636.324,65.596,46.559,0.682364,-0.723908,-0.101672,0.728011,0.685548,0.004861,0.066182,-0.077335,0.994806,1,0.08000,-0.12000,4.800,-0.240,-1,375.000,-1,350.000,1000.000,300.000,300.000,300.000,300.000,900.000,325.000,450.000,-1,725.000,625.000,-1,-1,2,0,2,0,0,0,0,0,0,0,0,0,2,0,0,2,2
1,7553.167,-1629.410,66.308,46.079,0.688327,-0.718169,-0.102173,0.722251,0.691618,0.004362,0.067532,-0.076797,0.994757,0,0.16000,-0.24000,9.600,-0.480,-1,375.000,-1,350.000,-1,300.000,300.000,300.000,300.000,900.000,325.000,450.000,-1,725.000,625.000,-1,-1,2,0,2,0,2,0,0,0,0,0,0,0,2,0,0,2,2
2,7563.286,-1619.164,67.390,45.359,0.697180,-0.709466,-0.102947,0.713514,0.700632,0.003619,0.069560,-0.075977,0.994680,0,0.24000,-0.36000,14.400,-0.720,-1,375.000,-1,350.000,-1,300.000,300.000,300.000,300.000,900.000,300.000,425.000,-1,725.000,625.000,-1,-1,2,0,2,0,2,0,0,0,0,0,0,0,2,0,0,2,2
3,7576.989,-1605.714,68.842,44.471,0.707927,-0.698583,-0.104027,0.702588,0.711592,0.002640,0.072181,-0.074957,0.994571,0,0.32000,-0.44376,19.200,-0.888,-1,375.000,-1,350.000,-1,300.000,300.000,300.000,300.000,900.000,275.000,400.000,-1,725.000,625.000,-1,-1,2,0,2,0,2,0,0,0,0,0,0,0,2,0,0,2,2
4,7594.375,-1589.168,70.628,43.584,0.718449,-0.687528,-0.105529,0.691498,0.722377,0.001444,0.075238,-0.074010,0.994415,0,0.40000,-0.44367,24.000,-0.887,-1,400.000,-1,350.000,-1,300.000,300.000,300.000,300.000,900.000,275.000,375.000,-1,725.000,625.000,-1,-1,2,0,2,0,2,0,0,0,0,0,0,0,2,0,0,2,2
5,7615.544,-1569.639,72.842,42.697,0.728760,-0.676297,-0.107383,0.680255,0.732975,0.000313,0.078497,-0.073275,0.994218,0,0.48000,-0.44359,28.800,-0.887,-1,400.000,-1,375.000,-1,325.000,300.000,300.000,300.000,900.000,250.000,350.000,-1,725.000,625.000,-1,-1,2,0,2,0,2,0,0,0,0,0,0,0,2,0,0,2,2
6,7640.589,-1547.239,75.725,41.810,0.738882,-0.664854,-0.109646,0.668913,0.743341,0.000319,0.081292,-0.073579,0.993971,0,0.56000,-0.44351,33.600,-0.887,-1,400.000,-1,375.000,-1,325.000,300.000,300.000,300.000,925.000,250.000,350.000,-1,750.000,650.000,-1,-1,2,0,2,0,2,0,0,0,0,0,0,0,2,0,0,2,2
7,7669.604,-1522.084,79.072,40.923,0.748784,-0.653242,-0.112233,0.657436,0.753510,0.000473,0.084259,-0.074140,0.993682,0,0.64000,-0.44340,38.400,-0.887,-1,400.000,-1,375.000,-1,325.000,300.000,300.000,300.000,925.000,250.000,350.000,-1,750.000,650.000,-1,-1,2,0,2,0,2,0,0,0,0,0,0,0,2,0,0,2,2
8,7702.680,-1494.294,82.899,40.037,0.758461,-0.641468,-0.115139,0.645832,0.763479,0.000793,0.087397,-0.074962,0.993349,0,0.72000,-0.44322,43.200,-0.886,-1,400.000,-1,375.000,-1,325.000,300.000,325.000,300.000,925.000,275.000,350.000,-1,750.000,650.000,-1,-1,2,0,2,0,2,0,0,0,0,0,0,0,2,0,0,2,2
9,7739.351,-1464.439,87.156,39.151,0.767909,-0.629538,-0.118314,0.634109,0.773242,0.001288,0.090675,-0.076013,0.992975,0,0.78811,-0.44288,47.286,-0.886,-1,400.000,-1,375.000,-1,325.000,300.000,325.000,300.000,950.000,275.000,375.000,-1,725.000,650.000,-1,-1,2,0,2,0,2,0,0,0,0,0,0,0,2,0,0,2,2
10,7776.430,-1435.191,91.473,38.266,0.777154,-0.617474,-0.121483,0.622262,0.782807,0.001897,0.093927,-0.077068,0.992592,0,0.78709,-0.44234,47.225,-0.885,-1,400.000,-1,375.000,-1,325.000,300.000,325.000,300.000,950.000,275.000,375.000,-1,725.000,650.000,-1,-1,2,0,2,0,2,0,0,0,0,0,0,0,2,0,0,2,2
11,7813.909,-1406.554,95.959,37.383,0.786127,-0.605265,-0.125137,0.610332,0.792141,0.002745,0.097464,-0.078533,0.992136,0,0.78609,-0.44160,47.165,-0.883,-1,400.000,-1,375.000,-1,325.000,300.000,325.000,300.000,950.000,275.000,375.000,-1,725.000,675.000,-1,-1,2,0,2,0,2,0,0,0,0,0,0,0,2,0,0,2,2
12,7851.776,-1378.531,100.590,36.502,0.794835,-0.592926,-0.129134,0.598324,0.801245,0.003792,0.101219,-0.080278,0.991620,0,0.78512,-0.44067,47.107,-0.881,-1,400.000,-1,375.000,-1,325.000,300.000,325.000,300.000,950.000,300.000,375.000,-1,725.000,675.000,-1,-1,2,0,2,0,2,0,0,0,0,0,0,0,2,0,0,2,2
13,7890.022,-1351.126,105.281,35.623,0.803321,-0.580481,-0.133109,0.586226,0.810132,0.004966,0.104953,-0.082021,0.991089,0,0.78417,-0.43953,47.050,-0.879,-1,400.000,-1,375.000,-1,325.000,300.000,325.000,300.000,950.000,300.000,400.000,-1,725.000,675.000,-1,-1,2,0,2,0,2,0,0,0,0,0,0,0,2,0,0,2,2
14,7928.639,-1324.341,110.027,34.746,0.811580,-0.567938,-0.137057,0.574050,0.818796,0.006287,0.108651,-0.083780,0.990543,0,0.78326,-0.43821,46.995,-0.876,-1,400.000,-1,375.000,-1,325.000,300.000,300.000,300.000,950.000,300.000,400.000,-1,725.000,700.000,-1,-1,2,0,2,0,2,0,0,0,0,0,0,0,2,0,0,2,2
15,7967.615,-1298.176,114.960,33.873,0.819701,-0.555333,-0.140340,0.561753,0.827270,0.007549,0.111907,-0.085025,0.990075,0,0.78238,-0.43668,46.943,-0.873,-1,400.000,-1,375.000,-1,325.000,325.000,300.000,300.000,950.000,300.000,400.000,-1,725.000,725.000,-1,-1,2,0,2,0,2,0,0,0,0,0,0,0,2,0,0,2,2
16,8006.942,-1272.636,120.456,33.003,0.827949,-0.542745,-0.141169,0.549184,0.835662,0.008114,0.113566,-0.084246,0.989952,0,0.78154,-0.43497,46.892,-0.870,-1,375.000,-1,375.000,-1,325.000,325.000,300.000,300.000,1000.000,350.000,450.000,-1,725.000,725.000,-1,-1,2,0,2,0,2,0,0,0,0,0,0,0,2,0,0,2,2
17,8046.611,-1247.718,125.973,32.137,0.835967,-0.530090,-0.141999,0.536535,0.843835,0.008568,0.115282,-0.083350,0.989830,0,0.78074,-0.43307,46.845,-0.866,-1,375.000,-1,375.000,-1,325.000,300.000,300.000,300.000,-1,375.000,475.000,-1,725.000,750.000,-1,-1,2,0,2,0,2,0,0,0,0,2,0,0,2,0,0,2,2
18,8086.612,-1223.423,131.620,31.275,0.843728,-0.517398,-0.142903,0.523775,0.851816,0.008368,0.117397,-0.081909,0.989701,0,0.78000,-0.43097,46.800,-0.862,-1,375.000,-1,375.000,-1,325.000,300.000,300.000,300.000,-1,425.000,500.000,-1,725.000,775.000,-1,-1,2,0,2,0,2,0,0,0,0,2,0,0,2,0,0,2,2
19,8126.936,-1199.751,137.407,30.417,0.851239,-0.504669,-0.143879,0.510927,0.859589,0.007738,0.119771,-0.080099,0.989565,0,0.77930,-0.42869,46.758,-0.857,-1,375.000,-1,375.000,-1,325.000,325.000,300.000,300.000,-1,450.000,525.000,-1,725.000,775.000,-1,-1,2,0,2,0,2,0,0,0,0,2,0,0,2,0,0,2,2
20,8167.574,-1176.700,143.243,29.565,0.858516,-0.491895,-0.144874,0.498035,0.867128,0.007145,0.122110,-0.078286,0.989424,0,0.77866,-0.42623,46.719,-0.852,-1,375.000,-1,375.000,-1,325.000,325.000,300.000,300.000,-1,475.000,550.000,-1,750.000,800.000,-1,-1,2,0,2,0,2,0,0,0,0,2,0,0,2,0,0,2,2
21,8208.518,-1154.270,149.126,28.718,0.865558,-0.479089,-0.145888,0.485109,0.874429,0.006588,0.124412,-0.076473,0.989279,0,0.77807,-0.42357,46.684,-0.847,-1,400.000,-1,375.000,-1,325.000,325.000,300.000,300.000,-1,500.000,575.000,-1,750.000,800.000,-1,-1,2,0,2,0,2,0,0,0,0,2,0,0,2,0,0,2,2
22,8249.759,-1132.458,155.055,27.876,0.872363,-0.466260,-0.146918,0.472161,0.881492,0.006067,0.126678,-0.074661,0.989130,0,0.77755,-0.42073,46.653,-0.841,-1,400.000,-1,400.000,-1,325.000,325.000,300.000,300.000,-1,525.000,600.000,-1,775.000,825.000,-1,-1,2,0,2,0,2,0,0,0,0,2,0,0,2,0,0,2,2
23,8291.289,-1111.262,161.029,27.041,0.878930,-0.453418,-0.147964,0.459200,0.888316,0.005581,0.128908,-0.072851,0.988977,0,0.77709,-0.41771,46.625,-0.835,-1,400.000,-1,400.000,-1,325.000,325.000,300.000,300.000,-1,550.000,625.000,-1,800.000,850.000,-1,-1,2,0,2,0,2,0,0,0,0,2,0,0,2,0,0,2,2
24,8335.496,-1089.447,167.389,26.267,0.884826,-0.441427,-0.149083,0.447098,0.894471,0.005100,0.131099,-0.071167,0.988812,0,0.82161,-0.38715,49.297,-0.774,-1,400.000,-1,400.000,1000.000,325.000,325.000,300.000,300.000,-1,600.000,650.000,-1,800.000,875.000,-1,1000.000,2,0,2,0,1,0,0,0,0,2,0,0,2,0,0,2,1
25,8380.281,-1068.095,173.844,25.492,0.890563,-0.429350,-0.150190,0.434905,0.900464,0.004635,0.133251,-0.069446,0.988646,0,0.82689,-0.38718,49.614,-0.774,-1,400.000,-1,400.000,950.000,325.000,325.000,300.000,300.000,-1,625.000,675.000,-1,825.000,850.000,-1,975.000,2,0,2,0,1,0,0,0,0,2,0,0,2,0,1,2,1
26,8425.644,-1047.214,180.579,24.718,0.896177,-0.417175,-0.151103,0.422719,0.906247,0.005078,0.134818,-0.068425,0.988505,0,0.83228,-0.38704,49.937,-0.774,-1,400.000,-1,425.000,900.000,325.000,325.000,300.000,300.000,-1,650.000,700.000,-1,850.000,825.000,-1,925.000,2,0,2,0,1,0,0,0,0,2,0,0,2,0,1,2,1
27,8471.586,-1026.814,187.288,23.945,0.901705,-0.404943,-0.151489,0.410412,0.911885,0.005342,0.135978,-0.066990,0.988444,0,0.83779,-0.38674,50.267,-0.773,-1,400.000,-1,425.000,875.000,325.000,325.000,300.000,300.000,-1,700.000,750.000,-1,850.000,775.000,-1,875.000,2,0,2,0,1,0,0,0,0,2,0,0,2,0,1,2,1
28,8518.108,-1006.903,193.773,23.172,0.907259,-0.392678,-0.150613,0.397894,0.917418,0.004935,0.136237,-0.064405,0.988580,0,0.84340,-0.38627,50.604,-0.773,-1,400.000,-1,425.000,825.000,325.000,325.000,300.000,300.000,-1,750.000,800.000,-1,850.000,750.000,-1,825.000,2,0,2,0,1,0,0,0,0,2,0,0,2,0,1,2,1
29,8565.212,-987.489,200.343,22.401,0.912636,-0.380355,-0.149749,0.385320,0.922772,0.004511,0.136468,-0.061818,0.988714,0,0.84913,-0.38565,50.948,-0.771,-1,425.000,-1,425.000,775.000,325.000,350.000,300.000,300.000,-1,800.000,850.000,-1,875.000,700.000,-1,775.000,2,0,2,0,1,0,0,0,0,2,0,0,2,0,1,2,1
30,8616.948,-966.724,207.648,21.870,0.916360,-0.371837,-0.148393,0.376529,0.926397,0.003824,0.136049,-0.059378,0.988921,0,0.92913,-0.26565,55.748,-0.531,-1,425.000,-1,425.000,725.000,325.000,350.000,300.000,300.000,-1,850.000,900.000,-1,875.000,675.000,-1,725.000,2,0,2,0,1,0,0,0,0,2,0,0,2,0,1,2,1
31,8672.742,-944.659,215.508,21.578,0.918626,-0.367163,-0.146007,0.371623,0.928377,0.003541,0.134249,-0.057512,0.989277,0,1.00000,-0.14565,60.000,-0.291,-1,425.000,-1,425.000,650.000,325.000,350.000,300.000,300.000,-1,950.000,1000.000,-1,925.000,625.000,-1,650.000,2,0,2,0,1,0,0,0,0,2,0,0,2,0,1,2,1
32,8728.556,-922.643,223.076,21.527,0.919403,-0.366333,-0.143174,0.370777,0.928710,0.004724,0.131237,-0.057429,0.989686,0,1.00000,-0.02565,60.000,-0.051,-1,425.000,-1,425.000,600.000,325.000,325.000,300.000,300.000,-1,-1,-1,-1,950.000,575.000,-1,600.000,2,0,2,0,1,0,0,0,0,2,2,2,2,0,1,2,1
33,8784.297,-900.442,230.643,21.716,0.918617,-0.369380,-0.140363,0.373842,0.927474,0.005895,0.128005,-0.057888,0.990083,0,1.00000,0.09435,60.000,0.189,-1,400.000,-1,425.000,525.000,325.000,325.000,300.000,300.000,-1,-1,-1,-1,975.000,525.000,-1,525.000,2,0,2,0,1,0,0,0,0,2,2,2,2,0,1,2,1
34,8839.873,-877.834,238.194,22.136,0.916288,-0.376146,-0.137588,0.380659,0.924689,0.007086,0.124560,-0.058867,0.990464,0,1.00000,0.20996,60.000,0.420,-1,400.000,-1,400.000,475.000,325.000,325.000,300.000,300.000,-1,-1,-1,-1,1000.000,500.000,-1,475.000,2,0,2,1,1,0,0,0,0,2,2,2,2,0,1,2,1
35,8895.283,-854.820,245.707,22.554,0.913913,-0.382873,-0.134801,0.387426,0.921863,0.008290,0.121094,-0.059802,0.990838,0,1.00000,0.20938,60.000,0.419,-1,400.000,-1,375.000,400.000,325.000,325.000,300.000,300.000,-1,-1,-1,-1,1000.000,475.000,-1,425.000,2,0,2,1,1,0,0,0,0,2,2,2,2,0,1,2,1
36,8950.523,-831.402,253.193,22.972,0.911486,-0.389558,-0.132051,0.394149,0.918997,0.009533,0.117640,-0.060737,0.991197,0,1.00000,0.20874,60.000,0.417,-1,400.000,-1,325.000,350.000,325.000,325.000,300.000,300.000,-1,-1,-1,-1,-1,425.000,-1,350.000,2,0,2,1,1,0,1,0,0,2,2,2,2,2,1,2,1
37,9005.592,-807.585,260.652,23.388,0.909011,-0.396196,-0.129339,0.400821,0.916093,0.010814,0.114202,-0.061672,0.991542,0,1.00000,0.20795,60.000,0.416,-1,400.000,-1,300.000,300.000,325.000,300.000,300.000,300.000,-1,-1,-1,-1,-1,400.000,-1,300.000,2,1,2,1,1,1,1,0,0,2,2,2,2,2,1,2,1
38,9060.488,-783.370,267.971,23.802,0.906467,-0.402790,-0.126799,0.407397,0.913177,0.011620,0.111109,-0.062191,0.991860,0,1.00000,0.20696,60.000,0.414,-1,425.000,-1,275.000,250.000,300.000,275.000,300.000,325.000,-1,-1,-1,-1,-1,375.000,-1,250.000,2,0,2,1,1,1,1,0,0,2,2,2,2,2,1,2,1
39,9115.209,-758.762,274.952,24.213,0.903720,-0.409351,-0.125387,0.413819,0.910296,0.010728,0.109748,-0.061582,0.992050,0,1.00000,0.20567,60.000,0.411,-1,425.000,-1,250.000,175.000,300.000,250.000,300.000,300.000,-1,-1,-1,-1,-1,350.000,-1,200.000,2,0,2,1,1,1,1,0,0,2,2,2,2,2,1,2,1
40,9169.756,-733.757,288.518,24.617,0.897133,-0.415020,-0.151361,0.423057,0.905788,0.023902,0.127181,-0.085478,0.988189,0,1.00000,0.20183,60.000,0.404,-1,500.000,-1,275.000,175.000,375.000,300.000,275.000,375.000,-1,-1,-1,-1,-1,400.000,-1,200.000,2,0,2,1,1,1,1,0,0,2,2,2,2,2,1,2,1
41,9224.133,-708.385,301.124,24.999,0.890676,-0.420232,-0.173496,0.431974,0.901216,0.034752,0.141753,-0.105899,0.984221,0,1.00000,0.19135,60.000,0.383,-1,575.000,-1,325.000,175.000,475.000,325.000,275.000,400.000,-1,800.000,-1,-1,-1,500.000,-1,200.000,2,0,2,1,1,0,1,0,1,2,0,2,2,2,1,2,1
42,9278.349,-682.672,312.606,25.359,0.884492,-0.425015,-0.192447,0.440421,0.896723,0.043793,0.153959,-0.123492,0.980330,0,1.00000,0.17998,60.000,0.360,-1,625.000,-1,350.000,175.000,550.000,400.000,275.000,375.000,-1,125.000,475.000,-1,-1,-1,-1,225.000,2,0,2,1,1,0,1,0,1,2,0,0,2,2,2,2,1
43,9332.413,-656.641,322.834,25.695,0.878660,-0.429381,-0.208778,0.448304,0.892404,0.051370,0.164257,-0.138733,0.976613,0,1.00000,0.16764,60.000,0.335,-1,700.000,-1,400.000,175.000,600.000,675.000,250.000,325.000,775.000,100.000,275.000,-1,-1,-1,-1,250.000,2,0,2,1,1,0,0,0,1,0,0,0,2,2,2,2,1
44,9386.207,-630.066,330.941,26.270,0.872035,-0.437288,-0.219851,0.459707,0.885957,0.061234,0.168002,-0.154465,0.973610,0,1.00000,0.28764,60.000,0.575,-1,725.000,-1,500.000,175.000,625.000,725.000,250.000,275.000,600.000,75.000,250.000,-1,-1,-1,-1,325.000,2,0,2,1,1,0,0,0,1,0,0,0,2,2,2,2,1
45,9439.618,-602.731,337.741,27.085,0.864413,-0.448993,-0.226264,0.473851,0.877970,0.068065,0.168092,-0.166052,0.971685,0,1.00000,0.40764,60.000,0.815,-1,725.000,-1,-1,175.000,675.000,775.000,225.000,225.000,500.000,75.000,275.000,-1,-1,-1,-1,-1,2,0,2,2,1,0,0,0,1,0,0,0,2,2,2,2,2
46,-8854.234,328.128,529.888,-78.556,0.231332,0.905486,0.355781,-0.969323,0.183303,0.163747,0.083055,-0.382746,0.920113,1,0.00000,0.00000,60.000,0.908,-1,275.000,-1,150.000,150.000,200.000,150.000,325.000,275.000,150.000,125.000,225.000,-1,-1,175.000,-1,150.000,2,1,2,1,1,1,1,1,1,1,1,1,2,2,1,2,1
47,-6883.348,-6890.035,-15.563,-35.537,0.810231,0.579173,0.089914,-0.583945,0.810857,0.038974,-0.050335,-0.084083,0.995187,1,0.08000,-0.12000,4.800,-0.240,-1,375.000,-1,375.000,-1,325.000,300.000,275.000,275.000,-1,825.000,825.000,-1,725.000,675.000,-1,-1,2,0,2,0,2,0,0,0,0,2,0,0,2,0,0,2,2
48,-6875.582,-6895.680,-16.085,-36.017,0.805358,0.585905,0.090082,-0.590715,0.805920,0.039352,-0.049542,-0.084905,0.995157,0,0.16000,-0.24000,9.600,-0.480,-1,375.000,-1,375.000,-1,325.000,300.000,275.000,275.000,-1,825.000,825.000,-1,725.000,675.000,-1,-1,2,0,2,0,2,0,0,0,0,2,0,0,2,0,0,2,2
49,-6864.041,-6904.293,-16.857,-36.737,0.797942,0.595922,0.090362,-0.600791,0.798408,0.039928,-0.048352,-0.086149,0.995108,0,0.24000,-0.36000,14.400,-0.720,-1,375.000,-1,375.000,-1,325.000,300.000,275.000,275.000,-1,825.000,825.000,-1,725.000,675.000,-1,-1,2,0,2,0,2,0,0,0,0,2,0,0,2,0,0,2,2
50,-6848.848,-6916.033,-17.723,-37.697,0.787918,0.609156,0.090076,-0.614036,0.788236,0.040536,-0.046308,-0.087249,0.995110,0,0.32000,-0.48000,19.200,-0.960,-1,375.000,-1,375.000,-1,325.000,300.000,275.000,275.000,-1,825.000,825.000,-1,725.000,675.000,-1,-1,2,0,2,0,2,0,0,0,0,2,0,0,2,0,0,2,2
51,-6830.168,-6931.103,-18.708,-38.897,0.775105,0.625468,0.089455,-0.630331,0.775229,0.041272,-0.043533,-0.088376,0.995135,0,0.40000,-0.60000,24.000,-1.200,-1,375.000,-1,375.000,-1,325.000,325.000,275.000,275.000,-1,800.000,800.000,-1,725.000,675.000,-1,-1,2,0,2,0,2,0,0,0,0,2,0,0,2,0,0,2,2
52,-6808.214,-6949.745,-19.789,-40.337,0.759276,0.644684,0.088782,-0.649518,0.759186,0.041999,-0.040326,-0.089555,0.995165,0,0.48000,-0.72000,28.800,-1.440,-1,375.000,-1,375.000,-1,325.000,325.000,275.000,275.000,-1,800.000,775.000,-1,725.000,675.000,-1,-1,2,0,2,0,2,0,0,0,0,2,0,0,2,0,0,2,2
53,-6783.250,-6972.236,-20.856,-42.017,0.740187,0.666609,0.088063,-0.671386,0.739898,0.042332,-0.036939,-0.090458,0.995215,0,0.56000,-0.84000,33.600,-1.680,-1,400.000,-1,375.000,-1,325.000,325.000,275.000,275.000,-1,800.000,800.000,-1,725.000,650.000,-1,-1,2,0,2,0,2,0,0,0,0,2,0,0,2,0,0,2,2
54,-6755.597,-6998.882,-21.981,-43.937,0.717600,0.690958,0.087337,-0.695673,0.717079,0.042862,-0.033011,-0.091516,0.995256,0,0.64000,-0.96000,38.400,-1.920,-1,400.000,-1,375.000,-1,325.000,325.000,300.000,300.000,-1,750.000,800.000,-1,725.000,650.000,-1,-1,2,0,2,0,2,0,0,0,0,2,0,0,2,0,0,2,2
55,-6725.537,-7029.910,-23.141,-45.909,0.693575,0.715148,0.086700,-0.719806,0.692801,0.043655,-0.028846,-0.092685,0.995278,0,0.72000,-0.98607,43.200,-1.972,-1,400.000,-1,375.000,1000.000,325.000,325.000,300.000,300.000,-1,700.000,800.000,-1,750.000,650.000,-1,-1,2,0,2,0,0,0,0,0,0,2,0,0,2,0,0,2,2
56,-6693.343,-7065.516,-24.313,-47.881,0.668746,0.738476,0.086208,-0.743086,0.667699,0.044734,-0.024526,-0.093976,0.995272,0,0.80000,-0.98607,48.000,-1.972,-1,400.000,-1,375.000,975.000,325.000,325.000,300.000,300.000,-1,650.000,725.000,-1,725.000,650.000,-1,-1,2,0,2,0,0,0,0,0,0,2,0,0,2,0,0,2,2
57,-6659.299,-7105.877,-25.474,-49.854,0.643143,0.760912,0.085905,-0.765483,0.641801,0.046113,-0.020046,-0.095416,0.995236,0,0.88000,-0.98607,52.800,-1.972,-1,400.000,-1,375.000,950.000,325.000,300.000,300.000,300.000,-1,600.000,675.000,-1,725.000,625.000,-1,-1,2,0,2,0,0,0,0,0,0,2,0,0,2,0,0,2,2
58,-6624.809,-7149.744,-26.359,-51.826,0.616847,0.782394,0.085790,-0.786944,0.615114,0.048512,-0.014815,-0.097436,0.995131,0,0.92999,-0.98607,55.799,-1.972,-1,400.000,-1,350.000,950.000,325.000,300.000,300.000,300.000,-1,575.000,625.000,-1,725.000,625.000,-1,-1,2,0,2,0,0,0,0,0,0,2,0,0,2,0,0,2,2
59,-6591.849,-7194.770,-26.699,-53.798,0.589936,0.802822,0.086321,-0.807407,0.587623,0.052852,-0.008294,-0.100876,0.994864,0,0.92999,-0.98607,55.799,-1.972,-1,400.000,-1,350.000,1000.000,325.000,300.000,300.000,300.000,-1,500.000,575.000,-1,725.000,625.000,-1,-1,2,0,2,0,0,0,0,0,0,2,0,0,2,0,0,2,2
60,-6560.457,-7240.904,-26.897,-55.770,0.562368,0.822266,0.087294,-0.826885,0.559441,0.057329,-0.001696,-0.104422,0.994532,0,0.92999,-0.98607,55.799,-1.972,-1,400.000,-1,375.000,-1,325.000,300.000,300.000,300.000,-1,475.000,525.000,-1,700.000,650.000,-1,-1,2,0,2,0,2,0,0,0,0,2,0,0,2,0,0,2,2
61,-6530.672,-7288.092,-26.951,-57.742,0.534181,0.840702,0.088717,-0.845356,0.530604,0.061910,0.004974,-0.108068,0.994131,0,0.92999,-0.98607,55.799,-1.972,-1,375.000,-1,375.000,-1,325.000,300.000,300.000,300.000,-1,425.000,500.000,-1,700.000,650.000,-1,-1,2,0,2,0,2,0,0,0,0,2,0,0,2,0,0,2,2
62,-6503.169,-7334.730,-26.461,-59.474,0.508845,0.856129,0.090114,-0.860802,0.504816,0.064664,0.009870,-0.110475,0.993830,0,0.90234,-0.86607,54.141,-1.732,-1,375.000,-1,375.000,-1,300.000,300.000,300.000,300.000,-1,425.000,525.000,-1,700.000,650.000,-1,-1,2,0,2,0,2,0,0,0,0,2,0,0,2,0,0,2,2
63,-6476.891,-7382.067,-25.600,-60.966,0.486624,0.868759,0.091949,-0.873506,0.482226,0.066675,0.013584,-0.112764,0.993529,0,0.90234,-0.74607,54.141,-1.492,-1,375.000,-1,350.000,-1,300.000,300.000,300.000,300.000,-1,450.000,550.000,-1,700.000,650.000,-1,-1,2,0,2,0,2,0,0,0,0,2,0,0,2,0,0,2,2
64,-6451.656,-7429.970,-24.109,-62.219,0.467896,0.879076,0.091097,-0.883586,0.463120,0.069249,0.018687,-0.112893,0.993431,0,0.90234,-0.62607,54.141,-1.252,-1,375.000,-1,375.000,-1,300.000,300.000,300.000,300.000,-1,450.000,550.000,-1,700.000,650.000,-1,-1,2,0,2,0,2,0,0,0,0,2,0,0,2,0,0,2,2
65,-6427.272,-7478.310,-22.476,-63.231,0.452668,0.887132,0.089937,-0.891366,0.447526,0.072027,0.023648,-0.112771,0.993340,0,0.90234,-0.50607,54.141,-1.012,-1,375.000,-1,375.000,-1,300.000,300.000,300.000,300.000,-1,450.000,550.000,-1,725.000,650.000,-1,-1,2,0,2,0,2,0,0,0,0,2,0,0,2,0,0,2,2
66,-6403.541,-7526.974,-20.817,-64.003,0.441024,0.893082,0.088894,-0.897053,0.435530,0.074891,0.028168,-0.112771,0.993222,0,0.90234,-0.38607,54.141,-0.772,-1,375.000,-1,375.000,-1,325.000,300.000,300.000,300.000,-1,450.000,550.000,-1,725.000,650.000,-1,-1,2,0,2,0,2,0,0,0,0,2,0,0,2,0,0,2,2
67,-6380.263,-7575.856,-19.154,-64.535,0.433040,0.897076,0.087926,-0.900798,0.427211,0.077808,0.032237,-0.112897,0.993084,0,0.90234,-0.26607,54.141,-0.532,-1,400.000,-1,375.000,-1,325.000,300.000,300.000,300.000,-1,450.000,550.000,-1,725.000,675.000,-1,-1,2,0,2,0,2,0,0,0,0,2,0,0,2,0,0,2,2
68,-6357.235,-7624.856,-17.511,-64.827,0.428768,0.899216,0.086992,-0.902703,0.422619,0.080746,0.035843,-0.113149,0.992931,0,0.90234,-0.14607,54.141,-0.292,-1,400.000,-1,375.000,-1,325.000,325.000,300.000,300.000,-1,425.000,550.000,-1,750.000,675.000,-1,-1,2,0,2,0,2,0,0,0,0,2,0,0,2,0,0,2,2
69,-6334.441,-7673.965,-15.863,-65.101,0.424759,0.901207,0.086061,-0.904450,0.418300,0.083642,0.039379,-0.113365,0.992773,0,0.90234,-0.13712,54.141,-0.274,-1,400.000,-1,375.000,-1,325.000,325.000,300.000,300.000,-1,375.000,450.000,-1,750.000,675.000,-1,-1,2,0,2,0,2,0,0,0,0,2,0,0,2,0,0,2,2
70,-6311.883,-7723.183,-14.187,-65.376,0.420725,0.903190,0.085083,-0.906177,0.413978,0.086399,0.042812,-0.113451,0.992621,0,0.90234,-0.13712,54.141,-0.274,-1,400.000,-1,375.000,-1,325.000,325.000,325.000,300.000,-1,325.000,400.000,-1,775.000,700.000,-1,-1,2,0,2,0,2,0,0,0,0,2,0,0,2,0,0,2,2
71,-6289.558,-7772.508,-12.033,-65.650,0.416633,0.904967,0.086324,-0.907968,0.409563,0.088611,0.044835,-0.115297,0.992319,0,0.90234,-0.13712,54.141,-0.274,-1,400.000,-1,375.000,-1,325.000,325.000,325.000,300.000,-1,350.000,400.000,-1,775.000,700.000,-1,-1,2,0,2,0,2,0,0,0,0,2,0,0,2,0,0,2,2
72,-6267.469,-7821.938,-9.704,-65.924,0.412558,0.906647,0.088246,-0.909731,0.405106,0.090986,0.046743,-0.117817,0.991935,0,0.90234,-0.13712,54.141,-0.274,-1,400.000,-1,375.000,-1,325.000,325.000,300.000,300.000,-1,350.000,425.000,-1,775.000,700.000,-1,-1,2,0,2,0,2,0,0,0,0,2,0,0,2,0,0,2,2
73,-6245.616,-7871.473,-7.273,-66.198,0.408530,0.908253,0.090436,-0.911431,0.400620,0.093799,0.048963,-0.120746,0.991475,0,0.90234,-0.13712,54.141,-0.274,-1,400.000,-1,375.000,-1,325.000,325.000,300.000,300.000,-1,350.000,425.000,-1,775.000,725.000,-1,-1,2,0,2,0,2,0,0,0,0,2,0,0,2,0,0,2,2
74,-6224.000,-7921.112,-4.847,-66.473,0.404507,0.909828,0.092668,-0.913101,0.396123,0.096609,0.051189,-0.123694,0.990999,0,0.90234,-0.13712,54.141,-0.274,-1,400.000,-1,375.000,-1,325.000,325.000,300.000,300.000,-1,375.000,450.000,-1,775.000,725.000,-1,-1,2,0,2,0,2,0,0,0,0,2,0,0,2,0,0,2,2
75,-6202.624,-7970.854,-2.115,-66.747,0.400338,0.911511,0.094217,-0.914865,0.391677,0.098038,0.052460,-0.125444,0.990713,0,0.90234,-0.13712,54.141,-0.274,-1,400.000,-1,375.000,-1,325.000,325.000,300.000,300.000,-1,400.000,475.000,-1,775.000,750.000,-1,-1,2,0,2,0,2,0,0,0,0,2,0,0,2,0,0,2,2
76,-6181.487,-8020.699,0.929,-67.021,0.396039,0.913315,0.094918,-0.916698,0.387284,0.098362,0.053075,-0.125966,0.990614,0,0.90234,-0.13712,54.141,-0.274,-1,400.000,-1,375.000,-1,325.000,325.000,300.000,300.000,-1,450.000,525.000,-1,775.000,750.000,-1,-1,2,0,2,0,2,0,0,0,0,2,0,0,2,0,0,2,2
77,-6160.590,-8070.645,4.089,-67.295,0.391747,0.915149,0.095056,-0.918482,0.382905,0.098868,0.054081,-0.126039,0.990550,0,0.90234,-0.13712,54.141,-0.274,-1,400.000,-1,375.000,-1,325.000,325.000,300.000,300.000,-1,500.000,575.000,-1,775.000,775.000,-1,-1,2,0,2,0,2,0,0,0,0,2,0,0,2,0,0,2,2
78,-6139.931,-8120.690,7.246,-67.569,0.387449,0.916961,0.095216,-0.920243,0.378516,0.099391,0.055097,-0.126131,0.990482,0,0.90234,-0.13712,54.141,-0.274,-1,400.000,-1,375.000,-1,325.000,325.000,300.000,300.000,-1,550.000,625.000,-1,775.000,775.000,-1,-1,2,0,2,0,2,0,0,0,0,2,0,0,2,0,0,2,2
79,-6119.513,-8170.833,10.414,-67.844,0.383151,0.918744,0.095424,-0.921977,0.374115,0.099979,0.056156,-0.126286,0.990403,0,0.90234,-0.13712,54.141,-0.274,-1,400.000,-1,375.000,-1,325.000,325.000,300.000,300.000,-1,575.000,675.000,-1,800.000,800.000,-1,-1,2,0,2,0,2,0,0,0,0,2,0,0,2,0,0,2,2
80,-6099.335,-8221.074,13.598,-68.118,0.378854,0.920496,0.095692,-0.923683,0.369702,0.100652,0.057272,-0.126521,0.990309,0,0.90234,-0.13712,54.141,-0.274,-1,400.000,-1,400.000,-1,325.000,325.000,300.000,300.000,-1,625.000,700.000,-1,800.000,800.000,-1,-1,2,0,2,0,2,0,0,0,0,2,0,0,2,0,0,2,2
81,-6079.397,-8271.410,16.780,-68.392,0.374551,0.922225,0.095978,-0.925366,0.365280,0.101332,0.058392,-0.126769,0.990212,0,0.90234,-0.13712,54.141,-0.274,-1,400.000,-1,400.000,-1,325.000,325.000,300.000,300.000,-1,675.000,750.000,-1,825.000,825.000,-1,-1,2,0,2,0,2,0,0,0,0,2,0,0,2,0,0,2,2
82,-6059.701,-8321.842,19.960,-68.666,0.370242,0.923932,0.096282,-0.927027,0.360850,0.102021,0.059517,-0.127029,0.990112,0,0.90234,-0.13712,54.141,-0.274,-1,400.000,-1,400.000,-1,325.000,325.000,300.000,300.000,-1,700.000,775.000,-1,825.000,825.000,-1,-1,2,0,2,0,2,0,0,0,0,2,0,0,2,0,0,2,2
83,-6040.246,-8372.367,23.139,-68.941,0.365926,0.925616,0.096605,-0.928666,0.356411,0.102717,0.060645,-0.127300,0.990009,0,0.90234,-0.13712,54.141,-0.274,-1,400.000,-1,400.000,-1,325.000,325.000,300.000,300.000,-1,750.000,825.000,-1,850.000,850.000,-1,-1,2,0,2,0,2,0,0,0,0,2,0,0,2,0,0,2,2
84,-6021.033,-8422.984,26.359,-69.215,0.361601,0.927259,0.097131,-0.930292,0.351957,0.103359,0.061654,-0.127735,0.989890,0,0.90234,-0.13712,54.141,-0.274,-1,400.000,-1,400.000,-1,325.000,325.000,300.000,300.000,-1,775.000,850.000,-1,850.000,900.000,-1,-1,2,0,2,0,2,0,0,0,0,2,0,0,2,0,0,2,2
85,-6002.062,-8473.693,29.659,-69.489,0.357233,0.928845,0.098143,-0.931948,0.347482,0.103583,0.062110,-0.128468,0.989767,0,0.90234,-0.13712,54.141,-0.274,-1,425.000,-1,425.000,-1,325.000,325.000,300.000,300.000,-1,825.000,900.000,-1,875.000,950.000,-1,-1,2,0,2,0,2,0,0,0,0,2,0,0,2,0,0,2,2
86,-5983.335,-8524.492,32.702,-69.763,0.352729,0.930521,0.098555,-0.933681,0.343041,0.102778,0.061829,-0.128271,0.989810,0,0.90234,-0.13712,54.141,-0.274,-1,425.000,-1,425.000,-1,325.000,325.000,300.000,300.000,-1,900.000,975.000,-1,875.000,1000.000,-1,-1,2,0,2,0,2,0,0,0,0,2,0,0,2,0,0,2,2
87,-5966.685,-8570.939,35.506,-70.278,0.344345,0.933616,0.098930,-0.936781,0.334695,0.102083,0.062195,-0.127827,0.989844,0,0.82234,-0.25712,49.341,-0.514,-1,425.000,-1,425.000,-1,325.000,325.000,300.000,300.000,-1,950.000,-1,-1,875.000,-1,-1,-1,2,0,2,0,2,0,0,0,0,2,0,2,2,0,2,2,2
88,-5951.754,-8614.242,38.240,-70.974,0.332930,0.937733,0.099062,-0.940857,0.323356,0.101135,0.062805,-0.126874,0.989929,0,0.76339,-0.34842,45.803,-0.697,-1,425.000,-1,425.000,-1,350.000,325.000,300.000,300.000,-1,1000.000,-1,-1,925.000,-1,-1,-1,2,0,2,0,2,0,0,0,0,2,0,2,2,0,2,2,2
89,-5937.351,-8657.722,40.943,-71.671,0.321418,0.941671,0.099729,-0.944858,0.311952,0.099648,0.062725,-0.126258,0.990012,0,0.76339,-0.34842,45.803,-0.697,-1,425.000,-1,425.000,-1,350.000,325.000,300.000,300.000,-1,-1,-1,-1,950.000,-1,-1,-1,2,0,2,0,2,0,0,0,0,2,2,2,2,0,2,2,2
90,-5923.478,-8701.375,43.600,-72.368,0.309849,0.945423,0.100842,-0.948740,0.300485,0.097984,0.062335,-0.126033,0.990066,0,0.76339,-0.34842,45.803,-0.697,-1,425.000,-1,400.000,-1,325.000,325.000,300.000,300.000,-1,-1,-1,-1,975.000,-1,-1,-1,2,0,2,0,2,0,0,0,0,2,2,2,2,0,2,2,2
91,-5910.136,-8745.193,46.318,-73.065,0.298236,0.949039,0.101886,-0.952478,0.288974,0.096333,0.061981,-0.125774,0.990121,0,0.76339,-0.34842,45.803,-0.697,-1,425.000,-1,400.000,-1,325.000,325.000,300.000,300.000,-1,-1,-1,-1,1000.000,-1,-1,-1,2,0,2,0,2,0,0,0,0,2,2,2,2,0,2,2,2
92,-5897.328,-8789.169,49.101,-73.762,0.286576,0.952506,0.102985,-0.956076,0.277418,0.094645,0.061580,-0.125585,0.990170,0,0.76339,-0.34842,45.803,-0.697,-1,425.000,-1,400.000,-1,325.000,325.000,300.000,300.000,-1,-1,-1,-1,-1,-1,-1,-1,2,0,2,0,2,0,0,0,0,2,2,2,2,2,2,2,2
93,-5885.055,-8833.299,51.944,-74.459,0.274874,0.955827,0.104111,-0.959534,0.265818,0.092930,0.061150,-0.125442,0.990215,0,0.76339,-0.34842,45.803,-0.697,-1,425.000,-1,400.000,-1,325.000,325.000,275.000,300.000,-1,-1,-1,-1,-1,-1,-1,-1,2,0,2,0,2,0,0,0,0,2,2,2,2,2,2,2,2
94,-5873.321,-8877.574,54.837,-75.155,0.263130,0.959006,0.105215,-0.962847,0.254178,0.091207,0.060724,-0.125305,0.990258,0,0.76339,-0.34842,45.803,-0.697,-1,400.000,-1,425.000,-1,325.000,325.000,275.000,300.000,-1,-1,-1,-1,-1,-1,-1,-1,2,0,2,0,2,0,0,0,0,2,2,2,2,2,2,2,2
95,-5862.125,-8921.989,57.779,-75.852,0.251348,0.962042,0.106297,-0.966017,0.242500,0.089476,0.060303,-0.125175,0.990300,0,0.76339,-0.34842,45.803,-0.697,-1,425.000,-1,425.000,-1,325.000,325.000,275.000,300.000,-1,-1,-1,-1,-1,-1,-1,-1,2,0,2,0,2,0,0,0,0,2,2,2,2,2,2,2,2
96,-5852.755,-8961.908,60.475,-76.789,0.235525,0.965932,0.107257,-0.969978,0.226750,0.087909,0.060593,-0.124742,0.990337,0,0.68339,-0.46842,41.003,-0.937,-1,425.000,-1,425.000,-1,325.000,350.000,275.000,300.000,-1,-1,-1,-1,-1,-1,-1,-1,2,0,2,0,2,0,0,0,0,2,2,2,2,2,2,2,2
97,-5844.513,-9000.576,63.157,-77.966,0.215604,0.970472,0.108158,-0.974545,0.206882,0.086379,0.061452,-0.124028,0.990374,0,0.65891,-0.58842,39.535,-1.177,-1,425.000,-1,450.000,-1,350.000,350.000,275.000,300.000,-1,-1,-1,-1,-1,-1,-1,-1,2,0,2,0,2,0,0,0,0,2,2,2,2,2,2,2,2
98,-5837.231,-9039.436,65.944,-79.383,0.191530,0.975414,0.109017,-0.979475,0.182846,0.084829,0.062810,-0.123027,0.990414,0,0.65891,-0.70842,39.535,-1.417,-1,450.000,-1,450.000,-1,350.000,350.000,275.000,300.000,-1,-1,-1,-1,-1,-1,-1,-1,2,0,2,0,2,0,0,0,0,2,2,2,2,2,2,2,2
99,-5831.075,-9078.491,68.858,-81.040,0.163251,0.980453,0.109819,-0.984464,0.154593,0.083258,0.064654,-0.121705,0.990458,0,0.65891,-0.82842,39.535,-1.657,-1,450.000,-1,450.000,-1,350.000,350.000,300.000,300.000,-1,-1,-1,-1,-1,-1,-1,-1,2,0,2,0,2,0,0,0,0,2,2,2,2,2,2,2,2
100,-5826.216,-9117.729,71.919,-82.937,0.130724,0.985237,0.110545,-0.989155,0.122080,0.081669,0.066967,-0.120022,0.990510,0,0.65891,-0.94842,39.535,-1.897,-1,450.000,-1,450.000,-1,375.000,350.000,300.000,300.000,-1,-1,-1,-1,-1,-1,-1,-1,2,0,2,0,2,0,0,0,0,2,2,2,2,2,2,2,2
101,-5822.730,-9157.112,75.107,-84.937,0.096275,0.989138,0.111069,-0.992922,0.087643,0.080151,0.069546,-0.117999,0.990575,0,0.65891,-1.00000,39.535,-2.000,-1,475.000,-1,450.000,-1,375.000,375.000,300.000,300.000,-1,-1,-1,-1,-1,-1,-1,-1,2,0,2,0,2,0,0,0,0,2,2,2,2,2,2,2,2
102,-5820.623,-9196.593,77.878,-86.937,0.061486,0.992073,0.109597,-0.995546,0.053095,0.077906,0.071469,-0.113899,0.990918,0,0.65891,-1.00000,39.535,-2.000,-1,475.000,-1,450.000,-1,375.000,375.000,300.000,300.000,-1,-1,-1,-1,-1,-1,-1,-1,2,0,2,0,2,0,0,0,0,2,2,2,2,2,2,2,2
103,-5819.891,-9236.123,79.742,-88.937,0.026613,0.993440,0.111217,-0.997097,0.018442,0.073868,0.071333,-0.112860,0.991047,0,0.65891,-1.00000,39.535,-2.000,-1,475.000,-1,450.000,-1,375.000,375.000,300.000,300.000,-1,-1,-1,-1,-1,-1,-1,-1,2,0,2,0,2,0,0,0,0,2,2,2,2,2,2,2,2
104,-5820.538,-9275.655,81.696,-90.937,-0.008301,0.993574,0.112878,-0.997442,-0.016242,0.069612,0.070998,-0.112012,0.991167,0,0.65891,-1.00000,39.535,-2.000,-1,475.000,-1,450.000,-1,375.000,350.000,275.000,300.000,-1,-1,-1,-1,-1,-1,-1,-1,2,0,2,0,2,0,0,0,0,2,2,2,2,2,2,2,2
105,-5822.419,-9315.563,83.805,-92.697,-0.039074,0.992687,0.114217,-0.996767,-0.046753,0.065347,0.070209,-0.111294,0.991304,0,0.66586,-0.88000,39.951,-1.760,-1,450.000,-1,450.000,-1,350.000,350.000,275.000,300.000,-1,-1,-1,-1,-1,-1,-1,-1,2,0,2,0,2,0,0,0,0,2,2,2,2,2,2,2,2
106,-5825.357,-9355.408,86.046,-94.217,-0.065678,0.991168,0.115209,-0.995448,-0.073074,0.061187,0.069066,-0.110666,0.991455,0,0.66586,-0.76000,39.951,-1.520,-1,450.000,-1,425.000,-1,350.000,350.000,275.000,300.000,-1,-1,-1,-1,-1,-1,-1,-1,2,0,2,0,2,0,0,0,0,2,2,2,2,2,2,2,2
107,-5829.184,-9395.176,88.408,-95.497,-0.088108,0.989349,0.115873,-0.993814,-0.095203,0.057179,0.067601,-0.110118,0.991617,0,0.66586,-0.64000,39.951,-1.280,-1,450.000,-1,425.000,-1,350.000,350.000,275.000,275.000,-1,-1,-1,-1,-1,-1,-1,-1,2,0,2,0,2,0,0,0,0,2,2,2,2,2,2,2,2
108,-5833.732,-9434.869,90.847,-96.537,-0.106375,0.987495,0.116356,-0.992151,-0.113148,0.053230,0.065729,-0.109781,0.991780,0,0.66586,-0.52000,39.951,-1.040,-1,450.000,-1,425.000,-1,350.000,350.000,275.000,275.000,-1,-1,-1,-1,-1,1000.000,-1,-1,2,0,2,0,2,0,0,0,0,2,2,2,2,2,0,2,2
109,-5838.833,-9474.493,93.343,-97.337,-0.120493,0.985830,0.116709,-0.990685,-0.126926,0.049332,0.063446,-0.109677,0.991940,0,0.66586,-0.40000,39.951,-0.800,-1,450.000,-1,425.000,-1,350.000,350.000,275.000,275.000,-1,-1,-1,-1,-1,975.000,-1,-1,2,0,2,0,2,0,0,0,0,2,2,2,2,2,0,2,2
110,-5844.321,-9514.066,95.878,-97.897,-0.130479,0.984526,0.116977,-0.989588,-0.136553,0.045474,0.060744,-0.109826,0.992093,0,0.66586,-0.28000,39.951,-0.560,-1,450.000,-1,400.000,-1,350.000,325.000,275.000,275.000,-1,-1,-1,-1,-1,975.000,-1,-1,2,0,2,0,2,0,0,0,0,2,2,2,2,2,0,2,2
111,-5850.056,-9553.793,98.444,-98.217,-0.136351,0.983702,0.117209,-0.988985,-0.142043,0.041626,0.057597,-0.110243,0.992234,0,0.66898,-0.16000,40.139,-0.320,-1,450.000,-1,400.000,-1,350.000,325.000,275.000,275.000,-1,-1,-1,-1,-1,950.000,-1,-1,2,0,2,0,2,0,0,0,0,2,2,2,2,2,0,2,2
112,-5855.878,-9593.726,101.026,-98.297,-0.138119,0.983427,0.117453,-0.988943,-0.143405,0.037772,0.053989,-0.110937,0.992360,0,0.67258,-0.04000,40.355,-0.080,-1,450.000,-1,400.000,-1,350.000,325.000,275.000,275.000,-1,-1,-1,-1,-1,925.000,-1,-1,2,0,2,0,2,0,0,0,0,2,2,2,2,2,0,2,2
113,-5861.617,-9633.884,103.605,-98.137,-0.135790,0.983715,0.117753,-0.989480,-0.140643,0.033898,0.049907,-0.111911,0.992464,0,0.67612,0.08000,40.567,0.160,-1,450.000,-1,425.000,-1,350.000,325.000,300.000,275.000,-1,-1,-1,-1,-1,925.000,-1,-1,2,0,2,0,2,0,0,0,0,2,2,2,2,2,0,2,2
114,-5867.103,-9674.291,106.161,-97.737,-0.129361,0.984533,0.118158,-0.990561,-0.133753,0.029992,0.045332,-0.113162,0.992542,0,0.67963,0.20000,40.778,0.400,-1,450.000,-1,425.000,-1,350.000,325.000,300.000,275.000,-1,-1,-1,-1,-1,925.000,-1,-1,2,0,2,0,2,0,0,0,0,2,2,2,2,2,0,2,2
115,-5872.163,-9714.965,108.676,-97.097,-0.118829,0.985792,0.118714,-0.992099,-0.122726,0.026044,0.040243,-0.114681,0.992587,0,0.68316,0.32000,40.990,0.640,-1,450.000,-1,425.000,-1,350.000,350.000,300.000,300.000,-1,-1,-1,-1,-1,900.000,-1,-1,2,0,2,0,2,0,0,0,0,2,2,2,2,2,0,2,2
116,-5876.621,-9755.926,111.129,-96.217,-0.104185,0.987356,0.119471,-0.993955,-0.107549,0.022047,0.034618,-0.116452,0.992593,0,0.68674,0.44000,41.204,0.880,-1,450.000,-1,425.000,-1,350.000,350.000,300.000,300.000,-1,-1,-1,-1,-1,900.000,-1,-1,2,0,2,0,2,0,0,0,0,2,2,2,2,2,0,2,2
117,-5880.394,-9797.177,113.542,-95.231,-0.087746,0.988852,0.120303,-0.995731,-0.090539,0.017935,0.028627,-0.118216,0.992575,0,0.69041,0.49256,41.425,0.985,-1,450.000,-1,425.000,-1,350.000,350.000,300.000,300.000,-1,-1,-1,-1,-1,900.000,-1,-1,2,0,2,0,2,0,0,0,0,2,2,2,2,2,0,2,2
118,-5883.466,-9838.712,115.278,-94.241,-0.071052,0.989765,0.123765,-0.997198,-0.073397,0.014485,0.023421,-0.122389,0.992206,0,0.69417,0.49516,41.650,0.990,-1,450.000,-1,425.000,-1,350.000,350.000,300.000,300.000,-1,-1,-1,-1,-1,900.000,-1,-1,2,0,2,0,2,0,0,0,0,2,2,2,2,2,0,2,2
119,-5885.832,-9880.522,115.686,-93.246,-0.054243,0.990604,0.125541,-0.998350,-0.056175,0.011895,0.018835,-0.124689,0.992017,0,0.69798,0.49773,41.879,0.995,-1,450.000,-1,425.000,-1,350.000,350.000,300.000,300.000,-1,-1,-1,-1,1000.000,900.000,-1,-1,2,0,2,0,2,0,0,0,0,2,2,2,2,1,0,2,2
120,-5887.479,-9922.599,115.586,-92.245,-0.037410,0.991340,0.125875,-0.999203,-0.038864,0.009113,0.013926,-0.125434,0.992004,0,0.70185,0.50030,42.111,1.001,-1,450.000,-1,425.000,-1,350.000,350.000,300.000,300.000,-1,-1,-1,-1,975.000,900.000,-1,-1,2,0,2,0,2,0,0,0,0,2,2,2,2,1,0,2,2
121,-5888.392,-9964.934,115.396,-91.239,-0.020490,0.991779,0.126309,-0.999750,-0.021456,0.006291,0.008950,-0.126148,0.991971,0,0.70577,0.50284,42.346,1.006,-1,450.000,-1,425.000,-1,350.000,350.000,275.000,300.000,-1,-1,-1,-1,950.000,900.000,-1,-1,2,0,2,0,2,0,0,0,0,2,2,2,2,1,0,2,2
122,-5888.559,-10007.517,115.113,-90.229,-0.003490,0.991917,0.126843,-0.999986,-0.003957,0.003433,0.003907,-0.126829,0.991917,0,0.70975,0.50538,42.585,1.011,-1,425.000,-1,425.000,-1,350.000,350.000,275.000,300.000,-1,-1,-1,-1,900.000,875.000,-1,-1,2,0,2,0,2,0,0,0,0,2,2,2,2,1,0,2,2
123,-5887.968,-10050.338,114.732,-89.213,0.013585,0.991748,0.127479,-0.999907,0.013627,0.000541,-0.001200,-0.127474,0.991841,0,0.71378,0.50790,42.827,1.016,-1,425.000,-1,425.000,-1,350.000,350.000,275.000,300.000,-1,-1,-1,-1,875.000,875.000,-1,-1,2,0,2,0,2,0,0,0,0,2,2,2,2,1,0,2,2
124,-5886.606,-10093.386,114.252,-88.192,0.030728,0.991270,0.128218,-0.999507,0.031291,-0.002380,-0.006372,-0.128082,0.991743,0,0.71786,0.51041,43.072,1.021,975.000,425.000,-1,425.000,-1,350.000,325.000,275.000,275.000,-1,-1,-1,-1,850.000,850.000,-1,-1,1,0,2,0,2,0,0,0,0,2,2,2,2,1,0,2,2
125,-5884.597,-10137.774,113.680,-87.411,0.043722,0.990668,0.129095,-0.998982,0.044793,-0.005405,-0.011137,-0.128727,0.991617,0,0.74058,0.39041,44.435,0.781,900.000,425.000,-1,400.000,-1,350.000,325.000,275.000,275.000,-1,-1,-1,-1,825.000,850.000,-1,-1,1,0,2,0,2,0,0,0,0,2,2,2,2,1,0,2,2
126,-5882.155,-10182.386,113.048,-86.870,0.052582,0.990112,0.130052,-0.998498,0.054137,-0.008452,-0.015410,-0.129412,0.991471,0,0.74466,0.27041,44.680,0.541,850.000,425.000,-1,400.000,-1,325.000,325.000,275.000,300.000,-1,-1,-1,-1,800.000,825.000,1000.000,-1,1,0,2,0,2,0,0,0,0,2,2,2,2,1,0,1,2
127,-5879.465,-10227.217,112.380,-86.569,0.057314,0.989717,0.131052,-0.998172,0.059329,-0.011519,-0.019176,-0.130153,0.991309,0,0.74854,0.15041,44.913,0.301,800.000,425.000,-1,400.000,-1,325.000,325.000,275.000,300.000,-1,-1,-1,-1,775.000,825.000,950.000,-1,1,0,2,0,2,0,0,0,0,2,2,2,2,1,0,1,2
128,-5876.714,-10272.264,111.700,-86.509,0.057926,0.989548,0.132058,-0.998069,0.060373,-0.014604,-0.022424,-0.130957,0.991134,0,0.75217,0.03041,45.130,0.061,750.000,425.000,-1,400.000,-1,325.000,325.000,275.000,300.000,-1,-1,-1,-1,750.000,825.000,900.000,-1,1,0,2,0,2,0,0,0,0,2,2,2,2,1,0,1,2
129,-5873.944,-10317.507,111.011,-86.499,0.057657,0.989429,0.133065,-0.998009,0.060537,-0.017702,-0.025570,-0.131779,0.990949,0,0.75547,0.00494,45.328,0.010,725.000,425.000,-1,400.000,-1,325.000,325.000,275.000,300.000,-1,-1,-1,-1,750.000,800.000,850.000,-1,1,0,2,0,2,0,0,0,0,2,2,2,2,1,0,1,2
130,-5871.147,-10362.934,110.312,-86.480,0.057536,0.989299,0.134076,-0.997929,0.060858,-0.020811,-0.028748,-0.132601,0.990752,0,0.75854,0.00949,45.512,0.019,675.000,400.000,-1,400.000,-1,325.000,325.000,275.000,300.000,-1,-1,-1,-1,725.000,800.000,800.000,-1,1,0,2,0,2,0,0,0,0,2,2,2,2,1,0,1,2
131,-5868.316,-10408.531,109.603,-86.451,0.057571,0.989159,0.135095,-0.997830,0.061344,-0.023931,-0.031958,-0.133424,0.990544,0,0.76141,0.01426,45.685,0.029,625.000,400.000,-1,400.000,-1,325.000,325.000,275.000,300.000,-1,-1,-1,-1,725.000,775.000,750.000,-1,1,0,2,0,2,0,0,0,0,2,2,2,2,1,0,1,2
132,-5865.445,-10454.285,108.882,-86.413,0.057770,0.989007,0.136121,-0.997709,0.062002,-0.027059,-0.035201,-0.134246,0.990323,0,0.76407,0.01926,45.844,0.039,575.000,400.000,-1,400.000,-1,325.000,325.000,275.000,300.000,-1,-1,-1,-1,700.000,775.000,700.000,-1,1,0,2,0,2,0,0,0,0,2,2,2,2,1,0,1,2
133,-5862.529,-10500.182,107.791,-86.364,0.058321,0.989031,0.135703,-0.997591,0.062852,-0.029345,-0.037553,-0.133665,0.990315,0,0.76649,0.02449,45.989,0.049,550.000,400.000,-1,400.000,-1,325.000,325.000,300.000,300.000,-1,-1,-1,-1,675.000,750.000,675.000,-1,1,0,2,0,2,0,0,0,0,2,2,2,2,1,0,1,2
134,-5859.555,-10546.205,105.967,-86.304,0.059265,0.988915,0.136139,-0.997512,0.063884,-0.029807,-0.038174,-0.134034,0.990241,0,0.76865,0.02996,46.119,0.060,525.000,400.000,-1,400.000,-1,325.000,325.000,300.000,300.000,-1,-1,-1,-1,675.000,750.000,650.000,-1,1,0,2,0,2,0,0,0,0,2,2,2,2,1,0,1,2
135,-5856.516,-10592.336,104.110,-86.232,0.060425,0.988778,0.136624,-0.997424,0.065112,-0.030097,-0.038655,-0.134454,0.990166,0,0.77052,0.03569,46.231,0.071,475.000,400.000,-1,400.000,-1,325.000,325.000,300.000,300.000,-1,-1,-1,-1,675.000,750.000,600.000,-1,1,0,2,0,2,0,0,0,0,2,2,2,2,1,0,1,2
136,-5853.405,-10638.557,102.275,-86.149,0.061813,0.988648,0.136943,-0.997324,0.066549,-0.030271,-0.039040,-0.134706,0.990116,0,0.77209,0.04169,46.325,0.083,450.000,400.000,-1,400.000,-1,325.000,325.000,300.000,300.000,-1,-1,-1,-1,650.000,725.000,575.000,-1,1,0,2,0,2,0,0,0,0,2,2,2,2,1,0,1,2
