timestep,x_cm,y_cm,z_cm,yaw_deg,basis_xx,basis_xy,basis_xz,basis_yx,basis_yy,basis_yz,basis_zx,basis_zy,basis_zz,teleport_flag,throttle_cmd,steering_cmd,cmd_move_cm,cmd_turn_deg,lidar_cm_0,lidar_cm_1,lidar_cm_2,lidar_cm_3,lidar_cm_4,lidar_cm_5,lidar_cm_6,lidar_cm_7,lidar_cm_8,lidar_cm_9,lidar_cm_10,lidar_cm_11,lidar_cm_12,lidar_cm_13,lidar_cm_14,lidar_cm_15,lidar_cm_16,lidar_class_0,lidar_class_1,lidar_class_2,lidar_class_3,lidar_class_4,lidar_class_5,lidar_class_6,lidar_class_7,lidar_class_8,lidar_class_9,lidar_class_10,lidar_class_11,lidar_class_12,lidar_class_13,lidar_class_14,lidar_class_15,lidar_class_16
0,324.529,-1636.463,-299.570,135.581,-0.713567,-0.699320,-0.042122,0.693604,-0.713644,0.098107,-0.098669,0.040790,0.994284,1,0.08000,-0.12000,4.800,-0.240,-1,375.000,-1,400.000,-1,325.000,325.000,300.000,300.000,-1,-1,-1,-1,700.000,725.000,-1,-1,2,0,2,0,2,0,0,0,0,2,2,2,2,0,0,2,2
1,317.729,-1629.686,-300.496,135.101,-0.707659,-0.705295,-0.042162,0.699564,-0.707782,0.098258,-0.099143,0.040038,0.994267,0,0.16000,-0.24000,9.600,-0.480,-1,375.000,-1,400.000,-1,325.000,325.000,300.000,300.000,-1,-1,-1,-1,700.000,725.000,-1,-1,2,0,2,0,2,0,0,0,0,2,2,2,2,0,0,2,2
2,307.657,-1619.394,-301.891,134.381,-0.698703,-0.714166,-0.042211,0.708412,-0.698895,0.098483,-0.099834,0.038908,0.994243,0,0.24000,-0.36000,14.400,-0.720,-1,375.000,-1,400.000,-1,325.000,325.000,300.000,300.000,-1,-1,-1,-1,700.000,725.000,-1,-1,2,0,2,0,2,0,0,0,0,2,2,2,2,0,0,2,2
3,294.461,-1605.448,-303.786,133.421,-0.686585,-0.725820,-0.042275,0.720050,-0.686873,0.098655,-0.100643,0.037295,0.994223,0,0.32000,-0.48000,19.200,-0.960,-1,375.000,-1,400.000,-1,325.000,325.000,300.000,300.000,-1,-1,-1,-1,700.000,725.000,-1,-1,2,0,2,0,2,0,0,0,0,2,2,2,2,0,0,2,2
4,278.282,-1587.720,-306.191,132.385,-0.673287,-0.738166,-0.042373,0.732394,-0.673688,0.098706,-0.101408,0.035424,0.994214,0,0.40000,-0.51782,24.000,-1.036,-1,375.000,-1,400.000,-1,325.000,325.000,300.000,300.000,-1,-1,-1,-1,700.000,725.000,-1,-1,2,0,2,0,2,0,0,0,0,2,2,2,2,0,0,2,2
5,259.257,-1566.099,-309.079,131.346,-0.659723,-0.750307,-0.042483,0.744532,-0.660238,0.098777,-0.102162,0.033536,0.994202,0,0.48000,-0.51939,28.800,-1.039,-1,375.000,-1,400.000,-1,325.000,325.000,300.000,300.000,-1,-1,-1,-1,700.000,725.000,-1,-1,2,0,2,0,2,0,0,0,0,2,2,2,2,0,0,2,2
6,237.524,-1540.474,-312.512,130.303,-0.645903,-0.762247,-0.042297,0.756478,-0.646502,0.098878,-0.102715,0.031869,0.994200,0,0.56000,-0.52168,33.600,-1.043,-1,375.000,-1,400.000,-1,325.000,325.000,300.000,300.000,-1,-1,-1,-1,700.000,725.000,-1,-1,2,0,2,0,2,0,0,0,0,2,2,2,2,0,0,2,2
7,213.227,-1510.738,-316.466,129.253,-0.631798,-0.773999,-0.041914,0.768242,-0.632459,0.098993,-0.103129,0.030343,0.994205,0,0.64000,-0.52486,38.400,-1.050,-1,375.000,-1,375.000,-1,325.000,325.000,300.000,300.000,-1,-1,-1,-1,675.000,725.000,-1,-1,2,0,2,0,2,0,0,0,0,2,2,2,2,0,0,2,2
8,187.285,-1477.766,-320.791,128.195,-0.617369,-0.785582,-0.041429,0.779840,-0.618084,0.099108,-0.103464,0.028878,0.994214,0,0.69923,-0.52910,41.954,-1.058,-1,375.000,-1,375.000,-1,325.000,325.000,300.000,300.000,-1,-1,-1,-1,675.000,725.000,-1,-1,2,0,2,0,2,0,0,0,0,2,2,2,2,0,0,2,2
9,162.207,-1444.638,-325.077,127.126,-0.602584,-0.797007,-0.040885,0.791284,-0.603346,0.099213,-0.103741,0.027432,0.994226,0,0.69249,-0.53443,41.549,-1.069,-1,375.000,-1,375.000,-1,325.000,325.000,300.000,300.000,-1,-1,-1,-1,675.000,725.000,-1,-1,2,0,2,0,2,0,0,0,0,2,2,2,2,0,0,2,2
10,137.979,-1411.345,-329.328,126.045,-0.587422,-0.808277,-0.040284,0.802575,-0.588227,0.099305,-0.103962,0.026003,0.994241,0,0.68625,-0.54041,41.175,-1.081,-1,375.000,-1,375.000,-1,325.000,325.000,300.000,300.000,975.000,-1,-1,-1,675.000,725.000,-1,-1,2,0,2,0,2,0,0,1,0,1,2,2,2,0,0,2,2
11,114.586,-1377.876,-333.519,124.951,-0.571859,-0.819393,-0.039666,0.813727,-0.572710,0.099256,-0.104046,0.024483,0.994271,0,0.68058,-0.54701,40.835,-1.094,-1,375.000,-1,375.000,-1,300.000,325.000,300.000,300.000,975.000,-1,-1,-1,650.000,700.000,-1,-1,2,0,2,0,2,0,0,1,0,1,2,2,2,0,0,2,2
12,92.014,-1344.213,-337.634,123.843,-0.555870,-0.830351,-0.039066,0.824744,-0.556774,0.098990,-0.103947,0.022806,0.994321,0,0.67550,-0.55420,40.530,-1.108,-1,375.000,-1,375.000,-1,300.000,325.000,300.000,300.000,975.000,-1,-1,-1,650.000,725.000,-1,-1,2,0,2,0,2,0,0,0,0,1,2,2,2,0,0,2,2
13,72.568,-1314.238,-341.250,122.975,-0.543209,-0.838716,-0.038452,0.833165,-0.544140,0.098734,-0.103733,0.021596,0.994371,0,0.59550,-0.43420,35.730,-0.868,-1,375.000,-1,375.000,-1,300.000,300.000,300.000,300.000,975.000,-1,-1,-1,650.000,725.000,-1,-1,2,0,2,0,2,0,0,0,0,1,2,2,2,0,0,2,2
14,53.827,-1284.646,-344.735,122.346,-0.534012,-0.844643,-0.037541,0.839153,-0.534915,0.098430,-0.103219,0.021060,0.994436,0,0.58379,-0.31420,35.028,-0.628,-1,375.000,-1,375.000,-1,300.000,300.000,300.000,300.000,975.000,-1,-1,-1,650.000,700.000,-1,-1,2,0,2,0,2,0,0,0,0,1,2,2,2,0,0,2,2
15,35.347,-1255.023,-348.193,121.958,-0.528330,-0.848251,-0.036568,0.842822,-0.529178,0.098094,-0.102559,0.021006,0.994505,0,0.58191,-0.19420,34.914,-0.388,-1,375.000,-1,375.000,-1,300.000,325.000,300.000,300.000,1000.000,-1,-1,-1,650.000,700.000,-1,-1,2,0,2,0,2,0,0,0,0,1,2,2,2,0,0,2,2
16,16.970,-1225.395,-351.625,121.809,-0.526211,-0.849611,-0.035532,0.844244,-0.526974,0.097727,-0.101754,0.021428,0.994579,0,0.58108,-0.07420,34.865,-0.148,-1,375.000,-1,375.000,-1,300.000,325.000,300.000,300.000,-1,-1,-1,-1,650.000,700.000,-1,-1,2,0,2,0,2,0,0,0,0,2,2,2,2,0,0,2,2
17,-1.459,-1195.789,-355.100,121.901,-0.527656,-0.848756,-0.034539,0.843481,-0.528324,0.097023,-0.100596,0.022062,0.994683,0,0.58122,0.04580,34.873,0.092,-1,375.000,-1,375.000,-1,300.000,325.000,300.000,300.000,-1,-1,-1,-1,650.000,700.000,-1,-1,2,0,2,0,2,0,0,0,0,2,2,2,2,0,0,2,2
18,-20.091,-1166.239,-358.551,122.233,-0.532668,-0.845663,-0.033464,0.840480,-0.533214,0.096315,-0.099293,0.023179,0.994788,0,0.58224,0.16580,34.934,0.332,-1,375.000,-1,375.000,-1,300.000,325.000,300.000,300.000,-1,-1,-1,-1,650.000,675.000,-1,-1,2,0,2,0,2,0,0,0,0,2,2,2,2,0,0,2,2
19,-39.076,-1136.785,-361.979,122.804,-0.541207,-0.840269,-0.032297,0.835179,-0.541603,0.095609,-0.097830,0.024770,0.994895,0,0.58404,0.28580,35.042,0.572,-1,375.000,-1,375.000,-1,300.000,325.000,300.000,300.000,-1,-1,-1,-1,650.000,675.000,-1,-1,2,0,2,0,2,0,0,0,0,2,2,2,2,0,0,2,2
20,-58.559,-1107.479,-365.375,123.616,-0.553198,-0.832470,-0.031075,0.827475,-0.553422,0.094916,-0.096212,0.026793,0.995000,0,0.58653,0.40580,35.192,0.812,-1,375.000,-1,375.000,-1,300.000,325.000,300.000,300.000,-1,-1,-1,-1,650.000,675.000,-1,-1,2,0,2,0,2,0,0,0,0,2,2,2,2,0,0,2,2
21,-81.186,-1074.504,-369.123,124.457,-0.565520,-0.824206,-0.029524,0.819328,-0.565545,0.094132,-0.094281,0.029044,0.995122,0,0.66653,0.42046,39.992,0.841,-1,375.000,-1,375.000,-1,300.000,325.000,325.000,300.000,-1,-1,-1,-1,650.000,675.000,-1,-1,2,0,2,0,2,0,0,0,0,2,2,2,2,0,0,2,2
22,-107.056,-1037.939,-373.254,125.278,-0.577448,-0.815957,-0.027711,0.811216,-0.577260,0.093269,-0.092100,0.031378,0.995255,0,0.74653,0.41067,44.792,0.821,-1,375.000,-1,375.000,-1,300.000,325.000,325.000,300.000,-1,-1,-1,-1,650.000,650.000,-1,-1,2,0,2,0,2,0,0,0,0,2,2,2,2,0,0,2,2
23,-135.412,-999.022,-377.622,126.077,-0.588947,-0.807763,-0.025701,0.803175,-0.588540,0.092362,-0.089733,0.033754,0.995394,0,0.80253,0.39961,48.152,0.799,-1,375.000,-1,375.000,-1,300.000,300.000,325.000,300.000,-1,750.000,525.000,-1,650.000,650.000,-1,-1,2,0,2,0,2,0,0,0,0,2,0,0,2,0,0,2,2
24,-164.435,-960.301,-381.936,126.852,-0.599987,-0.799661,-0.023619,0.795231,-0.599365,0.091479,-0.087309,0.036104,0.995527,0,0.80652,0.38759,48.391,0.775,-1,375.000,-1,375.000,-1,300.000,300.000,325.000,300.000,-1,575.000,500.000,-1,625.000,625.000,-1,-1,2,0,2,0,2,0,0,0,0,2,0,0,2,0,0,2,2
25,-194.114,-921.768,-386.195,127.603,-0.610571,-0.791671,-0.021465,0.787405,-0.609738,0.090621,-0.084830,0.038429,0.995654,0,0.81066,0.37537,48.639,0.751,-1,375.000,-1,375.000,-1,300.000,300.000,325.000,300.000,-1,500.000,475.000,-1,625.000,625.000,-1,1000.000,2,0,2,0,2,0,0,0,0,2,0,0,2,0,0,2,1
26,-224.440,-883.410,-390.396,128.329,-0.620701,-0.783811,-0.019253,0.779715,-0.619663,0.089789,-0.082308,0.040720,0.995775,0,0.81496,0.36295,48.898,0.726,-1,375.000,-1,375.000,1000.000,300.000,300.000,325.000,300.000,-1,500.000,450.000,-1,625.000,625.000,-1,975.000,2,0,2,0,1,0,0,0,0,2,0,0,2,0,0,2,1
27,-255.402,-845.218,-394.447,129.030,-0.630354,-0.776113,-0.017406,0.772174,-0.629150,0.088980,-0.080009,0.042648,0.995881,0,0.81944,0.35032,49.166,0.701,-1,350.000,-1,375.000,950.000,300.000,300.000,325.000,300.000,-1,475.000,450.000,-1,625.000,600.000,-1,925.000,2,0,2,0,1,0,0,0,0,2,0,0,2,0,0,2,1
28,-286.990,-807.178,-398.442,129.705,-0.639562,-0.768584,-0.015476,0.764807,-0.638195,0.088187,-0.077656,0.044565,0.995984,0,0.82410,0.33747,49.446,0.675,-1,350.000,-1,350.000,900.000,300.000,300.000,325.000,300.000,-1,475.000,425.000,-1,625.000,600.000,-1,900.000,2,0,2,0,1,0,0,0,0,2,0,0,2,0,0,2,1
29,-319.195,-769.276,-402.251,130.353,-0.648306,-0.761259,-0.013582,0.757690,-0.646816,0.086807,-0.074868,0.045986,0.996133,0,0.82895,0.32440,49.737,0.649,-1,350.000,-1,350.000,850.000,300.000,300.000,325.000,300.000,-1,450.000,425.000,-1,625.000,600.000,1000.000,875.000,2,0,2,0,1,0,0,0,0,2,0,0,2,0,0,0,1
30,-352.008,-731.497,-405.697,130.976,-0.656584,-0.754162,-0.011734,0.750853,-0.655020,0.084668,-0.071540,0.046781,0.996340,0,0.83401,0.31110,50.041,0.622,-1,350.000,-1,350.000,825.000,300.000,300.000,325.000,300.000,-1,425.000,400.000,-1,625.000,575.000,1000.000,825.000,2,0,2,0,1,0,0,0,0,2,0,0,2,0,0,0,1
31,-385.323,-693.950,-408.550,131.581,-0.664500,-0.747220,-0.010119,0.744285,-0.662981,0.080602,-0.066936,0.046029,0.996695,0,0.83662,0.30291,50.197,0.606,-1,375.000,-1,350.000,800.000,300.000,300.000,325.000,325.000,-1,400.000,375.000,-1,625.000,600.000,-1,825.000,2,0,2,0,1,0,0,0,0,2,0,0,2,0,0,2,1
32,-419.047,-656.731,-411.317,132.180,-0.672250,-0.740277,-0.008344,0.737694,-0.670768,0.076660,-0.062346,0.045379,0.997022,0,0.83709,0.29921,50.226,0.598,-1,375.000,-1,350.000,775.000,300.000,300.000,325.000,325.000,-1,375.000,350.000,-1,625.000,600.000,-1,800.000,2,0,2,0,1,0,0,0,0,2,0,0,2,0,0,2,1
33,-453.179,-619.835,-413.997,132.771,-0.679832,-0.733340,-0.006415,0.731089,-0.678382,0.072846,-0.057773,0.044833,0.997323,0,0.83772,0.29539,50.263,0.591,-1,375.000,-1,350.000,750.000,300.000,300.000,325.000,300.000,-1,350.000,350.000,-1,625.000,600.000,-1,775.000,2,0,2,0,1,0,0,0,0,2,0,0,2,0,0,2,1
34,-490.839,-579.665,-416.841,133.153,-0.684693,-0.728820,-0.004156,0.726901,-0.683283,0.068841,-0.053013,0.044114,0.997619,0,0.91772,0.19117,55.063,0.382,-1,375.000,-1,350.000,725.000,300.000,300.000,325.000,300.000,-1,325.000,325.000,-1,625.000,600.000,-1,750.000,2,0,2,0,1,0,0,0,0,2,0,0,2,0,0,2,1
35,-529.416,-539.052,-419.588,133.527,-0.689418,-0.724362,-0.001680,0.722748,-0.688033,0.065151,-0.048349,0.043702,0.997874,0,0.93358,0.18682,56.015,0.374,-1,375.000,-1,350.000,700.000,300.000,300.000,325.000,300.000,-1,325.000,325.000,-1,625.000,625.000,-1,700.000,2,0,2,0,1,0,0,0,0,2,0,0,2,0,0,2,1
36,-568.465,-498.462,-422.207,133.891,-0.693996,-0.719978,0.001061,0.718651,-0.692627,0.061714,-0.043697,0.043592,0.998093,0,0.93874,0.18207,56.324,0.364,-1,375.000,-1,350.000,650.000,300.000,300.000,300.000,300.000,-1,325.000,300.000,-1,625.000,625.000,-1,675.000,2,0,2,0,1,0,0,0,0,2,0,0,2,0,1,2,1
37,-607.969,-457.903,-424.596,134.245,-0.698426,-0.715667,0.004702,0.714642,-0.697042,0.058481,-0.038575,0.044205,0.998277,0,0.94364,0.17695,56.619,0.354,-1,375.000,-1,350.000,625.000,300.000,300.000,300.000,300.000,-1,300.000,300.000,-1,625.000,600.000,-1,650.000,2,0,2,0,1,0,0,0,0,2,0,0,2,0,1,2,1
38,-647.910,-417.384,-426.904,134.588,-0.702676,-0.711460,0.008449,0.710722,-0.701290,0.055388,-0.033481,0.044924,0.998429,0,0.94827,0.17144,56.896,0.343,-1,375.000,-1,350.000,575.000,300.000,300.000,300.000,300.000,-1,300.000,275.000,-1,650.000,575.000,-1,600.000,2,0,2,0,1,0,0,0,0,2,0,0,2,0,1,2,1
39,-688.267,-376.914,-429.128,134.919,-0.706737,-0.707370,0.012296,0.706905,-0.705362,0.052437,-0.028420,0.045751,0.998549,0,0.95257,0.16551,57.154,0.331,-1,375.000,-1,375.000,550.000,300.000,300.000,300.000,300.000,-1,275.000,275.000,-1,650.000,550.000,-1,575.000,2,0,2,0,1,0,0,0,0,2,0,0,2,0,1,2,1
40,-729.016,-336.503,-431.041,135.237,-0.710601,-0.703383,0.017303,0.703228,-0.709221,0.049754,-0.022725,0.047523,0.998612,0,0.95649,0.15912,57.389,0.318,-1,375.000,-1,375.000,500.000,300.000,300.000,300.000,300.000,-1,250.000,275.000,-1,650.000,525.000,-1,525.000,2,0,2,0,1,0,0,0,0,2,0,0,2,0,1,2,1
41,-770.128,-296.162,-432.448,135.541,-0.714249,-0.699575,0.021065,0.699663,-0.712921,0.047067,-0.017910,0.048356,0.998670,0,0.95999,0.15226,57.599,0.305,-1,375.000,-1,375.000,475.000,300.000,300.000,325.000,300.000,-1,250.000,275.000,-1,675.000,525.000,-1,500.000,2,0,2,0,1,0,0,0,0,2,0,0,2,0,1,2,1
42,-807.856,-259.224,-433.371,135.606,-0.714958,-0.698783,0.023176,0.699015,-0.713720,0.044517,-0.014566,0.048028,0.998740,0,0.87999,0.03226,52.799,0.065,-1,375.000,-1,375.000,425.000,300.000,300.000,325.000,300.000,-1,250.000,275.000,-1,675.000,500.000,-1,450.000,2,0,2,1,1,0,0,0,0,2,0,0,2,0,1,2,1
43,-842.050,-225.539,-433.954,135.430,-0.712751,-0.701000,0.024175,0.701309,-0.711612,0.042119,-0.012323,0.046975,0.998820,0,0.79999,-0.08774,47.999,-0.175,-1,375.000,-1,350.000,400.000,300.000,300.000,325.000,300.000,-1,250.000,300.000,-1,675.000,475.000,-1,425.000,2,0,2,1,1,0,0,0,0,2,0,0,2,0,1,2,1
44,-872.605,-195.000,-434.452,135.015,-0.707593,-0.706172,0.025143,0.706542,-0.706541,0.039979,-0.010468,0.046053,0.998884,0,0.71999,-0.20774,43.199,-0.415,-1,375.000,-1,350.000,375.000,300.000,300.000,325.000,300.000,-1,275.000,300.000,-1,675.000,450.000,-1,400.000,2,0,2,1,1,0,0,0,0,2,0,0,2,0,1,2,1
45,-899.472,-167.566,-434.881,134.402,-0.699951,-0.713715,0.026046,0.714134,-0.698973,0.038077,-0.008971,0.045253,0.998935,0,0.63999,-0.30642,38.399,-0.613,-1,375.000,-1,325.000,350.000,300.000,300.000,325.000,300.000,-1,275.000,325.000,-1,700.000,450.000,-1,375.000,2,0,2,1,1,0,0,0,0,2,0,0,2,0,1,2,1
46,-922.720,-143.307,-435.246,133.781,-0.692132,-0.721272,0.026836,0.721730,-0.691216,0.036429,-0.007726,0.044582,0.998976,0,0.55999,-0.31055,33.599,-0.621,-1,375.000,-1,325.000,325.000,300.000,300.000,325.000,300.000,-1,300.000,325.000,-1,675.000,425.000,-1,350.000,2,0,2,1,1,0,1,0,0,2,0,0,2,1,1,2,1
47,-942.417,-122.297,-435.543,133.153,-0.684146,-0.728826,0.027506,0.729314,-0.683285,0.034973,-0.006695,0.043987,0.999010,0,0.47999,-0.31408,28.799,-0.628,-1,375.000,-1,300.000,300.000,300.000,300.000,325.000,300.000,-1,300.000,325.000,-1,675.000,400.000,-1,325.000,2,0,2,1,1,0,1,0,0,2,0,0,2,1,1,2,1
48,-958.636,-104.607,-435.738,132.519,-0.676006,-0.736363,0.028029,0.736874,-0.675199,0.033517,-0.005756,0.043311,0.999045,0,0.39999,-0.31697,23.999,-0.634,-1,375.000,-1,300.000,275.000,300.000,275.000,300.000,300.000,-1,300.000,325.000,-1,650.000,400.000,-1,300.000,2,0,2,1,1,0,1,0,0,2,0,0,2,1,1,2,1
49,-971.453,-90.313,-435.900,131.881,-0.667734,-0.743856,0.028451,0.744383,-0.666969,0.032357,-0.005094,0.042784,0.999071,0,0.31999,-0.31917,19.199,-0.638,-1,375.000,-1,300.000,275.000,300.000,275.000,300.000,300.000,-1,300.000,325.000,-1,625.000,400.000,-1,300.000,2,0,2,1,1,0,1,0,0,2,0,0,2,1,1,2,1
50,-980.945,-79.485,-436.031,131.239,-0.659348,-0.751287,0.028776,0.751823,-0.658613,0.031486,-0.004703,0.042395,0.999090,0,0.23999,-0.32062,14.399,-0.641,-1,375.000,925.000,275.000,250.000,300.000,275.000,300.000,300.000,-1,300.000,325.000,-1,600.000,375.000,-1,275.000,2,0,1,1,1,0,1,0,0,2,0,0,2,1,1,2,1
51,-987.192,-72.195,-435.716,130.597,-0.650831,-0.758682,0.028645,0.759216,-0.650194,0.028961,-0.003347,0.040596,0.999170,0,0.15999,-0.32130,9.599,-0.643,-1,375.000,900.000,275.000,250.000,300.000,275.000,300.000,300.000,-1,300.000,325.000,-1,600.000,375.000,-1,275.000,2,0,1,1,1,1,1,0,0,2,0,0,2,1,1,2,1
52,-990.273,-68.516,-435.479,129.954,-0.642260,-0.765955,0.028557,0.766482,-0.641674,0.027566,-0.002790,0.039593,0.999212,0,0.07999,-0.32118,4.799,-0.642,-1,375.000,850.000,275.000,250.000,300.000,275.000,300.000,300.000,-1,275.000,325.000,-1,600.000,375.000,-1,275.000,2,0,1,1,1,1,1,0,0,2,0,0,2,1,1,2,1
53,-996.323,-61.063,-435.015,129.072,-0.630337,-0.775806,0.028277,0.776320,-0.629851,0.024786,-0.001419,0.037576,0.999293,0,0.15999,-0.44118,9.599,-0.882,-1,375.000,800.000,275.000,250.000,300.000,275.000,300.000,300.000,-1,275.000,325.000,-1,575.000,375.000,-1,275.000,2,0,1,1,1,1,1,0,0,2,0,0,2,1,1,2,1
54,-1005.178,-49.707,-434.330,127.950,-0.614947,-0.788081,0.027704,0.788568,-0.614602,0.020620,0.000777,0.034527,0.999403,0,0.23999,-0.56118,14.399,-1.122,-1,375.000,775.000,275.000,275.000,300.000,250.000,300.000,325.000,-1,275.000,300.000,-1,575.000,375.000,-1,275.000,2,1,1,1,1,1,1,0,0,2,0,0,2,1,1,2,1
55,-1016.620,-34.290,-433.427,126.587,-0.595949,-0.802578,0.026699,0.803013,-0.595771,0.015077,0.003806,0.030425,0.999530,0,0.31999,-0.68118,19.199,-1.362,-1,375.000,725.000,275.000,275.000,300.000,250.000,300.000,325.000,-1,250.000,300.000,-1,550.000,375.000,-1,275.000,2,1,1,1,1,1,1,0,0,2,0,0,2,1,1,2,1
56,-1030.379,-14.626,-432.314,124.985,-0.573185,-0.819042,0.025089,0.819390,-0.573178,0.008181,0.007680,0.025247,0.999652,0,0.39999,-0.80118,23.999,-1.602,-1,350.000,725.000,275.000,275.000,275.000,250.000,300.000,350.000,-1,250.000,275.000,-1,525.000,375.000,-1,275.000,2,1,1,1,1,1,1,0,1,2,0,0,2,1,1,2,1
57,-1046.123,9.489,-430.998,123.143,-0.546485,-0.837162,0.022667,0.837377,-0.546626,-0.000016,0.012404,0.018972,0.999743,0,0.47999,-0.92118,28.799,-1.842,-1,350.000,700.000,275.000,275.000,275.000,250.000,300.000,350.000,-1,225.000,275.000,-1,500.000,375.000,-1,275.000,2,1,1,1,1,1,1,0,1,2,0,0,2,1,1,2,1
58,-1063.499,38.247,-429.484,121.143,-0.516906,-0.855826,0.019231,0.855852,-0.517134,-0.009463,0.018044,0.011568,0.999770,0,0.55999,-1.00000,33.599,-2.000,-1,325.000,700.000,275.000,275.000,275.000,250.000,300.000,350.000,-1,200.000,275.000,-1,475.000,350.000,-1,275.000,2,1,1,1,1,1,1,0,1,2,0,0,2,1,1,2,1
59,-1082.198,71.787,-427.762,119.143,-0.486771,-0.873407,0.014652,0.873180,-0.486982,-0.020149,0.024733,0.002986,0.999690,0,0.63999,-1.00000,38.399,-2.000,-1,300.000,675.000,250.000,275.000,250.000,225.000,275.000,375.000,1000.000,200.000,250.000,-1,450.000,350.000,-1,275.000,2,1,1,1,1,1,1,0,1,0,0,0,2,1,1,2,1
60,-1101.906,110.229,-425.604,117.143,-0.456142,-0.889859,0.009253,0.889340,-0.456198,-0.030938,0.031752,-0.005883,0.999478,0,0.71999,-1.00000,43.199,-2.000,-1,300.000,650.000,250.000,275.000,250.000,225.000,275.000,375.000,850.000,175.000,250.000,-1,425.000,350.000,-1,275.000,2,1,1,1,1,1,1,0,1,0,0,0,2,1,1,2,1
61,-1122.300,153.682,-422.790,115.143,-0.425042,-0.905163,0.004419,0.904266,-0.424829,-0.042703,0.040530,-0.014155,0.999078,0,0.79999,-1.00000,47.999,-2.000,-1,275.000,-1,250.000,300.000,225.000,225.000,275.000,400.000,725.000,175.000,250.000,-1,400.000,350.000,650.000,275.000,2,1,2,1,1,1,1,0,1,0,0,0,2,1,1,1,1
62,-1143.051,202.235,-416.171,113.143,-0.392769,-0.919494,0.016224,0.917551,-0.393005,-0.060392,0.061907,-0.008834,0.998043,0,0.87999,-1.00000,52.799,-2.000,-1,275.000,-1,250.000,325.000,250.000,225.000,300.000,400.000,700.000,125.000,200.000,-1,425.000,375.000,-1,300.000,2,1,2,1,1,1,1,0,1,0,0,0,2,1,1,2,1
63,-4919.491,4919.491,-591.959,-9.680,0.985719,0.168137,-0.009384,-0.168094,0.985757,0.005171,0.010119,-0.003520,0.999943,1,0.00000,0.00000,57.599,-2.000,700.000,350.000,-1,375.000,-1,300.000,300.000,275.000,325.000,-1,-1,-1,400.000,575.000,600.000,725.000,1000.000,0,0,2,0,2,0,0,0,1,2,2,2,1,0,0,0,0
64,-4914.763,4918.665,-591.921,-9.920,0.985000,0.172265,-0.009972,-0.172223,0.985046,0.004860,0.010660,-0.003070,0.999938,0,0.08000,-0.12000,4.800,-0.240,725.000,350.000,-1,375.000,-1,300.000,300.000,275.000,325.000,-1,-1,-1,400.000,575.000,625.000,725.000,1000.000,0,0,2,0,2,0,0,0,1,2,2,2,1,0,0,0,0
65,-4905.321,4916.932,-591.842,-10.400,0.983510,0.180511,-0.011140,-0.180474,0.983571,0.004270,0.011728,-0.002189,0.999929,0,0.16000,-0.24000,9.600,-0.480,725.000,350.000,-1,375.000,-1,300.000,300.000,275.000,325.000,-1,-1,-1,400.000,575.000,625.000,750.000,1000.000,0,0,2,0,2,0,0,0,1,2,2,2,1,0,0,0,0
66,-4891.191,4914.155,-591.720,-11.120,0.981142,0.192857,-0.012874,-0.192828,0.981226,0.003460,0.013300,-0.000912,0.999911,0,0.24000,-0.36000,14.400,-0.720,750.000,350.000,-1,375.000,-1,300.000,300.000,275.000,325.000,-1,-1,-1,400.000,575.000,625.000,750.000,1000.000,0,0,2,0,2,0,0,0,1,2,2,2,1,0,0,0,0
67,-4872.416,4910.137,-591.553,-12.080,0.977741,0.209270,-0.015154,-0.209256,0.977858,0.002511,0.015344,0.000716,0.999882,0,0.32000,-0.48000,19.200,-0.960,775.000,350.000,-1,375.000,-1,300.000,300.000,275.000,325.000,-1,-1,-1,400.000,575.000,625.000,775.000,-1,0,0,2,0,2,0,0,0,1,2,2,2,1,0,0,0,2
68,-4849.058,4904.624,-591.337,-13.280,0.973095,0.229702,-0.017954,-0.229712,0.973258,0.001527,0.017825,0.002638,0.999838,0,0.40000,-0.60000,24.000,-1.200,775.000,350.000,-1,375.000,-1,300.000,300.000,275.000,325.000,-1,-1,-1,425.000,575.000,625.000,800.000,-1,0,0,2,0,2,0,0,0,1,2,2,2,1,0,0,0,2
69,-4821.203,4897.306,-591.073,-14.720,0.966949,0.254085,-0.021244,-0.254130,0.967170,0.000627,0.020706,0.004793,0.999774,0,0.48000,-0.72000,28.800,-1.440,825.000,350.000,-1,375.000,-1,300.000,300.000,275.000,350.000,-1,-1,-1,425.000,575.000,625.000,800.000,-1,0,0,2,0,2,0,0,0,1,2,2,2,1,0,0,0,2
70,-4788.969,4887.820,-590.766,-16.400,0.958993,0.282327,-0.024990,-0.282416,0.959292,-0.000057,0.023957,0.007113,0.999688,0,0.56000,-0.84000,33.600,-1.680,850.000,350.000,-1,375.000,-1,300.000,300.000,275.000,350.000,-1,-1,-1,425.000,575.000,625.000,825.000,-1,0,0,2,0,2,0,0,0,0,2,2,2,1,0,0,0,2
71,-4754.219,4876.315,-590.457,-18.320,0.948881,0.314302,-0.028973,-0.314446,0.949275,-0.000411,0.027374,0.009501,0.999580,0,0.61008,-0.96000,36.605,-1.920,875.000,350.000,-1,375.000,-1,300.000,300.000,275.000,325.000,-1,775.000,800.000,450.000,575.000,625.000,850.000,-1,0,0,2,0,2,0,0,0,0,2,0,0,1,0,0,0,2
72,-4719.779,4863.562,-590.178,-20.320,0.937203,0.347232,-0.032862,-0.347430,0.937706,-0.000348,0.030694,0.011743,0.999460,0,0.61209,-1.00000,36.726,-2.000,875.000,350.000,1000.000,375.000,-1,300.000,300.000,275.000,325.000,-1,625.000,650.000,450.000,575.000,625.000,850.000,-1,0,0,1,0,2,0,0,0,0,2,0,0,1,0,0,0,2
73,-4685.681,4849.565,-589.527,-22.320,0.924395,0.379727,-0.036064,-0.380035,0.924970,-0.001849,0.032656,0.015415,0.999348,0,0.61430,-1.00000,36.858,-2.000,875.000,350.000,975.000,375.000,-1,300.000,300.000,275.000,325.000,-1,550.000,600.000,475.000,575.000,625.000,825.000,-1,0,0,1,0,2,0,0,0,0,2,0,0,1,0,0,1,2
74,-4651.971,4834.332,-588.670,-24.320,0.910421,0.411744,-0.040010,-0.412208,0.911082,-0.003763,0.034903,0.019918,0.999192,0,0.61653,-1.00000,36.992,-2.000,900.000,350.000,950.000,375.000,-1,300.000,300.000,275.000,325.000,-1,500.000,525.000,475.000,575.000,625.000,800.000,-1,0,0,1,0,2,0,0,0,0,2,0,0,1,0,0,1,2
75,-4618.693,4817.873,-587.647,-26.320,0.895273,0.443237,-0.045027,-0.443913,0.896051,-0.005787,0.037782,0.025169,0.998969,0,0.61877,-1.00000,37.126,-2.000,950.000,350.000,925.000,375.000,-1,300.000,300.000,275.000,300.000,-1,450.000,475.000,500.000,600.000,625.000,775.000,-1,0,0,1,0,2,0,0,0,0,2,0,0,1,0,0,1,2
76,-4585.890,4800.200,-586.441,-28.320,0.878945,0.474156,-0.051292,-0.475123,0.879884,-0.007886,0.041392,0.031302,0.998653,0,0.62101,-1.00000,37.260,-2.000,-1,350.000,925.000,375.000,-1,300.000,300.000,300.000,300.000,-1,400.000,425.000,500.000,600.000,625.000,750.000,-1,2,0,1,0,2,0,0,0,0,2,0,0,1,0,0,1,2
77,-4553.607,4781.324,-585.303,-30.320,0.861500,0.504470,-0.057684,-0.505762,0.862621,-0.009501,0.044966,0.037359,0.998290,0,0.62325,-1.00000,37.395,-2.000,875.000,350.000,925.000,375.000,-1,300.000,300.000,300.000,300.000,-1,375.000,375.000,500.000,625.000,650.000,725.000,-1,1,0,1,0,2,0,0,0,0,2,0,0,1,0,0,1,2
78,-4517.852,4758.918,-584.120,-32.080,0.845143,0.530590,-0.064861,-0.532272,0.846504,-0.010780,0.049186,0.043635,0.997836,0,0.70325,-0.88000,42.195,-1.760,775.000,375.000,925.000,375.000,-1,300.000,300.000,300.000,275.000,-1,350.000,350.000,475.000,625.000,650.000,675.000,-1,1,0,1,0,2,0,0,0,0,2,0,0,1,1,0,1,2
79,-4481.551,4734.801,-581.796,-33.600,0.830608,0.552813,-0.066997,-0.554589,0.832064,-0.010007,0.050214,0.045468,0.997703,0,0.72636,-0.76000,43.582,-1.520,675.000,375.000,900.000,375.000,-1,300.000,300.000,300.000,275.000,-1,375.000,375.000,500.000,625.000,650.000,650.000,-1,1,0,1,0,2,0,0,0,0,2,0,0,1,1,0,1,2
80,-4445.741,4709.841,-579.522,-34.880,0.817893,0.571221,-0.068979,-0.573080,0.819448,-0.009165,0.051290,0.047026,0.997576,0,0.72749,-0.64000,43.649,-1.280,625.000,375.000,875.000,375.000,-1,300.000,300.000,300.000,275.000,-1,400.000,400.000,525.000,600.000,650.000,600.000,-1,1,0,1,0,2,0,0,0,0,2,0,0,1,1,0,1,2
81,-4410.352,4684.206,-577.291,-35.920,0.807237,0.585963,-0.070830,-0.587895,0.808894,-0.008309,0.052425,0.048348,0.997454,0,0.72829,-0.52000,43.698,-1.040,575.000,375.000,850.000,375.000,-1,300.000,300.000,300.000,275.000,-1,425.000,425.000,550.000,575.000,650.000,575.000,-1,1,0,1,0,2,0,0,0,0,2,0,0,1,1,0,1,2
82,-4375.299,4658.061,-575.067,-36.720,0.798824,0.597170,-0.072580,-0.599161,0.800595,-0.007350,0.053718,0.049359,0.997335,0,0.72882,-0.40000,43.729,-0.800,525.000,375.000,825.000,375.000,-1,300.000,300.000,300.000,275.000,-1,450.000,450.000,550.000,550.000,650.000,525.000,-1,1,0,1,0,2,0,0,0,0,2,0,0,1,1,0,1,2
83,-4340.489,4631.562,-572.371,-37.280,0.792754,0.604997,-0.074303,-0.606910,0.794760,-0.004084,0.056582,0.048333,0.997227,0,0.72913,-0.28000,43.748,-0.560,500.000,375.000,800.000,375.000,-1,300.000,300.000,300.000,275.000,-1,450.000,450.000,575.000,525.000,675.000,500.000,-1,1,0,1,0,2,0,0,0,0,2,0,0,1,1,0,1,2
84,-4305.821,4604.864,-569.659,-37.600,0.789168,0.609464,-0.075944,-0.611275,0.791418,-0.000752,0.059645,0.047016,0.997112,0,0.72927,-0.16000,43.756,-0.320,450.000,375.000,775.000,375.000,-1,300.000,300.000,300.000,300.000,-1,425.000,475.000,600.000,500.000,675.000,450.000,-1,1,0,1,0,2,0,0,0,0,2,0,0,1,1,0,1,2
85,-4271.190,4578.116,-566.945,-37.680,0.788124,0.610611,-0.077556,-0.612300,0.790622,0.002512,0.062852,0.045507,0.996985,0,0.72929,-0.04000,43.758,-0.080,400.000,375.000,725.000,375.000,-1,300.000,300.000,300.000,300.000,-1,425.000,500.000,600.000,450.000,700.000,425.000,-1,1,0,1,0,2,0,0,0,0,2,0,0,1,1,0,1,2
86,-4236.485,4551.467,-564.223,-37.520,0.789633,0.608447,-0.079190,-0.609997,0.792384,0.005679,0.066205,0.043821,0.996843,0,0.72926,0.08000,43.756,0.160,375.000,375.000,700.000,375.000,-1,300.000,325.000,300.000,300.000,-1,400.000,500.000,625.000,425.000,700.000,375.000,-1,1,1,1,0,2,0,0,0,0,2,0,0,1,1,0,1,2
87,-4197.768,4522.163,-561.189,-37.120,0.793646,0.602952,-0.081087,-0.604333,0.796680,0.009047,0.070055,0.041824,0.996666,0,0.80926,0.20000,48.556,0.400,325.000,350.000,650.000,375.000,-1,325.000,325.000,300.000,300.000,-1,400.000,475.000,650.000,400.000,725.000,350.000,-1,1,1,1,0,2,0,0,0,0,2,0,0,1,1,1,1,2
88,-4154.866,4490.441,-557.524,-36.480,0.800115,0.594040,-0.083260,-0.595341,0.803399,0.010933,0.073386,0.040820,0.996468,0,0.88926,0.32000,53.356,0.640,300.000,325.000,575.000,400.000,-1,325.000,325.000,300.000,300.000,-1,425.000,500.000,675.000,350.000,675.000,300.000,950.000,1,1,1,0,2,0,0,0,0,2,0,0,1,1,1,1,1
89,-4110.218,4458.477,-553.391,-35.600,0.808944,0.581625,-0.085563,-0.582972,0.812419,0.010888,0.075846,0.041073,0.996273,0,0.91517,0.44000,54.910,0.880,250.000,275.000,525.000,400.000,-1,300.000,325.000,300.000,300.000,-1,450.000,475.000,700.000,325.000,600.000,250.000,850.000,1,1,1,0,2,1,0,0,0,2,0,0,1,1,1,1,1
90,-4064.676,4427.201,-549.227,-34.480,0.819948,0.565633,-0.088007,-0.567027,0.823630,0.010676,0.078525,0.041149,0.996063,0,0.92078,0.56000,55.247,1.120,200.000,250.000,450.000,400.000,-1,250.000,325.000,300.000,300.000,-1,475.000,450.000,725.000,275.000,525.000,200.000,750.000,1,1,1,0,2,1,1,0,0,2,0,0,1,1,1,1,1
91,-4018.110,4396.829,-543.645,-33.120,0.832241,0.545791,-0.097403,-0.547729,0.836618,0.007976,0.085842,0.046713,0.995213,0,0.92659,0.68000,55.595,1.360,175.000,200.000,400.000,375.000,-1,225.000,275.000,300.000,300.000,-1,450.000,350.000,725.000,250.000,450.000,175.000,650.000,1,1,1,1,2,1,1,0,0,2,0,0,1,1,1,1,1
92,-3970.385,4367.600,-532.194,-31.520,0.842623,0.521277,-0.135116,-0.526760,0.849995,-0.005754,0.111849,0.076022,0.990813,0,0.93264,0.80000,55.959,1.600,175.000,200.000,375.000,325.000,-1,200.000,250.000,375.000,275.000,-1,300.000,175.000,675.000,225.000,425.000,150.000,575.000,1,1,1,1,2,1,1,0,0,2,0,0,1,1,1,1,1
93,-3921.433,4339.695,-520.167,-29.739,0.852293,0.493185,-0.174258,-0.504230,0.863264,-0.022967,0.139104,0.107440,0.984432,0,0.93899,0.89006,56.339,1.780,175.000,175.000,350.000,300.000,825.000,175.000,225.000,475.000,250.000,-1,250.000,125.000,475.000,200.000,375.000,150.000,500.000,1,1,1,1,1,1,1,0,0,2,0,0,0,1,1,1,1
94,-3871.277,4313.161,-507.488,-27.956,0.859547,0.464117,-0.213947,-0.483049,0.874507,-0.043607,0.166860,0.140830,0.975871,0,0.94558,0.89186,56.735,1.784,175.000,175.000,325.000,250.000,600.000,175.000,200.000,625.000,250.000,-1,225.000,75.000,325.000,200.000,325.000,150.000,425.000,1,1,1,1,1,1,1,0,0,2,0,0,0,1,1,1,1
95,5575.412,3607.654,-239.587,34.250,0.826922,-0.561909,0.021420,0.558633,0.825261,0.082906,-0.064263,-0.056591,0.996327,1,0.00000,0.00000,57.132,1.788,-1,375.000,-1,375.000,-1,325.000,325.000,275.000,300.000,-1,-1,-1,-1,725.000,675.000,-1,-1,2,0,2,0,2,0,0,0,0,2,2,2,2,0,0,2,2
96,5579.368,3610.372,-239.907,34.490,0.824558,-0.565373,0.021378,0.562103,0.822918,0.082748,-0.064376,-0.056214,0.996341,0,0.08000,0.12000,4.800,0.240,-1,375.000,-1,375.000,-1,325.000,325.000,275.000,300.000,-1,-1,-1,-1,725.000,675.000,-1,-1,2,0,2,0,2,0,0,0,0,2,2,2,2,0,0,2,2
97,5587.235,3615.874,-240.552,34.970,0.819788,-0.572272,0.021299,0.569013,0.818187,0.082430,-0.064599,-0.055455,0.996369,0,0.16000,0.24000,9.600,0.480,-1,375.000,-1,375.000,-1,325.000,325.000,275.000,300.000,-1,-1,-1,-1,725.000,675.000,-1,-1,2,0,2,0,2,0,0,0,0,2,2,2,2,0,0,2,2
98,5598.930,3624.274,-241.502,35.690,0.812528,-0.582541,0.021072,0.579304,0.810978,0.081984,-0.064848,-0.054407,0.996411,0,0.24000,0.36000,14.400,0.720,-1,375.000,-1,375.000,-1,325.000,325.000,275.000,300.000,-1,-1,-1,-1,725.000,675.000,-1,-1,2,0,2,0,2,0,0,0,0,2,2,2,2,0,0,2,2
99,5614.371,3635.685,-242.750,36.469,0.804530,-0.593551,0.020704,0.590350,0.803031,0.081411,-0.064947,-0.053275,0.996466,0,0.32000,0.38953,19.200,0.779,-1,375.000,-1,375.000,-1,325.000,325.000,275.000,300.000,-1,-1,-1,-1,725.000,675.000,-1,-1,2,0,2,0,2,0,0,0,0,2,2,2,2,0,0,2,2
100,5633.478,3650.208,-244.323,37.239,0.796481,-0.604321,0.020332,0.601168,0.795040,0.080678,-0.064920,-0.052036,0.996533,0,0.40000,0.38475,24.000,0.770,-1,375.000,-1,375.000,-1,325.000,325.000,300.000,300.000,-1,-1,575.000,-1,725.000,675.000,-1,-1,2,0,2,0,2,0,0,0,0,2,2,0,2,0,0,2,2
101,5656.174,3667.936,-246.233,37.997,0.788412,-0.614824,0.019966,0.611728,0.787034,0.079792,-0.064772,-0.050695,0.996612,0,0.48000,0.37882,28.800,0.758,-1,400.000,-1,375.000,-1,325.000,325.000,300.000,300.000,-1,-1,575.000,-1,725.000,675.000,-1,-1,2,0,2,0,2,0,0,0,0,2,2,0,2,0,0,2,2
102,5682.382,3688.962,-248.450,38.740,0.780359,-0.625025,0.019616,0.621984,0.779040,0.078943,-0.064623,-0.049403,0.996686,0,0.56000,0.37173,33.600,0.743,-1,400.000,-1,375.000,-1,325.000,325.000,300.000,300.000,-1,-1,550.000,-1,725.000,675.000,-1,-1,2,0,2,0,2,0,0,0,0,2,2,0,2,0,0,2,2
103,5712.027,3713.370,-250.932,39.467,0.772362,-0.634890,0.019276,0.631886,0.771087,0.078393,-0.064634,-0.048368,0.996736,0,0.64000,0.36347,38.400,0.727,-1,400.000,-1,375.000,-1,325.000,325.000,300.000,300.000,-1,625.000,575.000,-1,725.000,675.000,-1,-1,2,0,2,0,2,0,0,0,0,2,0,0,2,0,0,2,2
104,5745.035,3741.238,-253.761,40.175,0.764452,-0.644402,0.018945,0.641435,0.763220,0.077818,-0.064605,-0.047336,0.996788,0,0.72000,0.35402,43.200,0.708,-1,400.000,-1,375.000,-1,325.000,325.000,300.000,300.000,-1,625.000,575.000,-1,725.000,650.000,-1,-1,2,0,2,0,2,0,0,0,0,2,0,0,2,0,0,2,2
105,5781.337,3772.641,-256.949,40.862,0.756666,-0.653537,0.018623,0.650608,0.755475,0.077243,-0.064550,-0.046331,0.996838,0,0.80000,0.34347,48.000,0.687,-1,400.000,-1,375.000,-1,325.000,325.000,300.000,300.000,-1,650.000,600.000,-1,725.000,650.000,-1,-1,2,0,2,0,2,0,0,0,0,2,0,0,2,0,0,2,2
106,5817.362,3804.567,-260.191,41.549,0.748770,-0.662576,0.018326,0.659679,0.747618,0.076747,-0.064551,-0.045377,0.996882,0,0.80226,0.34347,48.136,0.687,-1,400.000,-1,375.000,-1,325.000,325.000,300.000,300.000,-1,675.000,625.000,-1,725.000,650.000,-1,-1,2,0,2,0,2,0,0,0,0,2,0,0,2,0,0,2,2
107,5853.000,3836.923,-263.190,42.236,0.740828,-0.671487,0.016695,0.668662,0.739615,0.076551,-0.063750,-0.045548,0.996926,0,0.80226,0.34347,48.136,0.687,-1,400.000,-1,375.000,-1,325.000,325.000,300.000,300.000,-1,650.000,625.000,-1,725.000,650.000,-1,-1,2,0,2,0,2,0,0,0,0,2,0,0,2,0,0,2,2
108,5888.248,3869.703,-266.087,42.923,0.732791,-0.680296,0.014678,0.677573,0.731501,0.076170,-0.062555,-0.045872,0.996987,0,0.80226,0.34347,48.136,0.687,-1,400.000,-1,375.000,-1,325.000,325.000,300.000,300.000,-1,650.000,625.000,-1,725.000,675.000,-1,-1,2,0,2,0,2,0,0,0,0,2,0,0,2,0,0,2,2
109,5923.100,3902.904,-269.005,43.610,0.724643,-0.689008,0.012678,0.686389,0.723282,0.075723,-0.061343,-0.046170,0.997048,0,0.80226,0.34347,48.136,0.687,-1,400.000,-1,375.000,-1,325.000,325.000,300.000,300.000,-1,625.000,600.000,-1,725.000,675.000,-1,-1,2,0,2,0,2,0,0,0,0,2,0,0,2,0,0,2,2
110,5957.552,3936.521,-271.962,44.297,0.716390,-0.697618,0.010686,0.695100,0.714958,0.075305,-0.060174,-0.046520,0.997103,0,0.80226,0.34347,48.136,0.687,-1,400.000,-1,375.000,-1,325.000,325.000,300.000,300.000,-1,625.000,600.000,-1,725.000,675.000,-1,-1,2,0,2,0,2,0,0,0,0,2,0,0,2,0,0,2,2
111,5991.599,3970.548,-274.957,44.984,0.708032,-0.706127,0.008700,0.703707,0.706529,0.074918,-0.059049,-0.046922,0.997152,0,0.80226,0.34347,48.136,0.687,-1,400.000,-1,375.000,-1,325.000,325.000,300.000,300.000,-1,600.000,600.000,-1,725.000,675.000,-1,-1,2,0,2,0,2,0,0,0,0,2,0,0,2,0,0,2,2
112,6025.235,4004.981,-277.818,45.671,0.699538,-0.714555,0.007602,0.712195,0.698020,0.074474,-0.058522,-0.046683,0.997194,0,0.80226,0.34347,48.136,0.687,-1,400.000,-1,375.000,-1,325.000,325.000,300.000,300.000,-1,625.000,625.000,-1,725.000,675.000,-1,-1,2,0,2,0,2,0,0,0,0,2,0,0,2,0,0,2,2
113,6058.456,4039.815,-280.599,46.358,0.690959,-0.722865,0.006471,0.720532,0.689397,0.074598,-0.058385,-0.046881,0.997193,0,0.80226,0.34347,48.136,0.687,-1,400.000,-1,375.000,-1,325.000,300.000,300.000,300.000,-1,650.000,650.000,-1,725.000,675.000,-1,-1,2,0,2,0,2,0,0,0,0,2,0,0,2,0,0,2,2
114,6094.689,4078.406,-283.699,46.805,0.685345,-0.728200,0.005197,0.725903,0.683717,0.074800,-0.058023,-0.047491,0.997185,0,0.88226,0.22347,52.936,0.447,-1,400.000,-1,375.000,-1,325.000,300.000,300.000,300.000,-1,675.000,675.000,-1,725.000,675.000,-1,-1,2,0,2,0,2,0,0,0,0,2,0,0,2,0,0,2,2
115,6133.227,4119.751,-287.062,47.011,0.682763,-0.730630,0.003796,0.728381,0.681051,0.075045,-0.057415,-0.048473,0.997173,0,0.94201,0.10347,56.521,0.207,-1,375.000,-1,375.000,-1,325.000,300.000,300.000,300.000,-1,700.000,725.000,-1,700.000,675.000,-1,-1,2,0,2,0,2,0,0,0,0,2,0,0,2,0,0,2,2
116,6171.719,4161.138,-290.472,47.075,0.682009,-0.731340,0.002351,0.729144,0.680204,0.075308,-0.056674,-0.049646,0.997158,0,0.94201,0.03165,56.521,0.063,-1,375.000,-1,375.000,-1,300.000,300.000,275.000,300.000,-1,725.000,750.000,-1,700.000,675.000,-1,-1,2,0,2,0,2,0,0,0,0,2,0,0,2,0,0,2,2
117,6210.166,4202.568,-293.876,47.138,0.681255,-0.732046,0.000736,0.729922,0.679354,0.075448,-0.055731,-0.050862,0.997149,0,0.94201,0.03165,56.521,0.063,-1,375.000,-1,375.000,-1,300.000,300.000,275.000,300.000,-1,750.000,775.000,-1,675.000,675.000,-1,-1,2,0,2,0,2,0,0,0,0,2,0,0,2,0,0,2,2
118,6248.568,4244.039,-296.816,47.201,0.680443,-0.732800,-0.001054,0.730873,0.678548,0.073464,-0.053119,-0.050759,0.997297,0,0.94201,0.03165,56.521,0.063,-1,375.000,-1,375.000,-1,300.000,300.000,300.000,275.000,-1,725.000,750.000,-1,675.000,675.000,-1,-1,2,0,2,0,2,0,0,0,0,2,0,0,2,0,0,2,2
119,6286.923,4285.553,-299.596,47.265,0.679655,-0.733526,-0.003022,0.731755,0.677716,0.072351,-0.051024,-0.051385,0.997375,0,0.94201,0.03165,56.521,0.063,-1,375.000,-1,375.000,-1,325.000,300.000,300.000,300.000,-1,750.000,750.000,-1,675.000,700.000,-1,-1,2,0,2,0,2,0,0,0,0,2,0,0,2,0,0,2,2
120,6325.232,4327.110,-302.162,47.328,0.678891,-0.734222,-0.005057,0.732562,0.676858,0.072228,-0.049609,-0.052739,0.997375,0,0.94201,0.03165,56.521,0.063,-1,375.000,-1,375.000,-1,325.000,300.000,300.000,300.000,-1,750.000,775.000,-1,675.000,700.000,-1,-1,2,0,2,0,2,0,0,0,0,2,0,0,2,0,0,2,2
121,6363.495,4368.709,-304.690,47.391,0.678113,-0.734926,-0.006778,0.733363,0.676006,0.072066,-0.048381,-0.053839,0.997377,0,0.94201,0.03165,56.521,0.063,-1,375.000,-1,375.000,-1,325.000,300.000,300.000,300.000,-1,775.000,775.000,-1,675.000,700.000,-1,-1,2,0,2,0,2,0,0,0,0,2,0,0,2,0,0,2,2
122,6401.712,4410.351,-307.246,47.455,0.677332,-0.735628,-0.008530,0.734167,0.675153,0.071888,-0.047123,-0.054954,0.997376,0,0.94201,0.03165,56.521,0.063,-1,375.000,-1,375.000,-1,325.000,325.000,300.000,300.000,-1,700.000,800.000,-1,675.000,700.000,-1,-1,2,0,2,0,2,0,0,0,0,2,0,0,2,0,0,2,2
123,6439.883,4452.034,-309.832,47.518,0.676547,-0.736327,-0.010314,0.734971,0.674297,0.071694,-0.045836,-0.056085,0.997373,0,0.94201,0.03165,56.521,0.063,-1,375.000,-1,375.000,-1,325.000,325.000,300.000,300.000,-1,675.000,800.000,-1,675.000,700.000,-1,-1,2,0,2,0,2,0,0,0,0,2,0,0,2,0,0,2,2
124,6478.008,4493.760,-312.447,47.581,0.675758,-0.737024,-0.012129,0.735778,0.673440,0.071485,-0.044518,-0.057231,0.997368,0,0.94201,0.03165,56.521,0.063,-1,375.000,-1,375.000,-1,300.000,325.000,300.000,300.000,-1,625.000,775.000,-1,650.000,700.000,-1,-1,2,0,2,0,2,0,0,0,0,2,0,0,2,0,0,2,2
125,6516.088,4535.527,-314.847,47.644,0.674920,-0.737763,-0.013730,0.736673,0.672621,0.069958,-0.042377,-0.057330,0.997455,0,0.94201,0.03165,56.521,0.063,-1,375.000,-1,375.000,-1,300.000,325.000,300.000,300.000,-1,600.000,700.000,-1,650.000,700.000,-1,-1,2,0,2,0,2,0,0,0,0,2,0,0,2,0,0,2,2
126,6554.121,4577.337,-317.219,47.708,0.674071,-0.738506,-0.015387,0.737581,0.671806,0.068193,-0.040024,-0.057316,0.997553,0,0.94201,0.03165,56.521,0.063,-1,375.000,-1,375.000,-1,300.000,325.000,300.000,300.000,-1,550.000,650.000,-1,650.000,700.000,-1,-1,2,0,2,0,2,0,0,0,0,2,0,0,2,0,0,2,2
127,6592.109,4619.188,-319.581,47.771,0.673215,-0.739249,-0.017141,0.738495,0.670990,0.066313,-0.037521,-0.057302,0.997652,0,0.94201,0.03165,56.521,0.063,-1,375.000,-1,375.000,-1,300.000,325.000,300.000,300.000,-1,525.000,625.000,-1,650.000,700.000,-1,-1,2,0,2,0,2,0,0,0,0,2,0,0,2,0,0,2,2
128,6630.050,4661.081,-321.934,47.834,0.672350,-0.739990,-0.018992,0.739412,0.670174,0.064319,-0.034867,-0.057288,0.997749,0,0.94201,0.03165,56.521,0.063,-1,375.000,-1,375.000,-1,300.000,325.000,300.000,300.000,-1,500.000,575.000,-1,650.000,700.000,-1,-1,2,0,2,0,2,0,0,0,0,2,0,0,2,0,0,2,2
129,6667.945,4703.016,-323.905,47.898,0.671485,-0.740755,-0.019722,0.740272,0.669379,0.062679,-0.033229,-0.056688,0.997839,0,0.94201,0.03165,56.521,0.063,-1,375.000,-1,375.000,-1,300.000,300.000,300.000,300.000,-1,525.000,600.000,-1,650.000,675.000,-1,-1,2,0,2,0,2,0,0,0,0,2,0,0,2,0,0,2,2
130,6705.794,4744.992,-325.656,47.961,0.670613,-0.741550,-0.019559,0.741112,0.668610,0.060941,-0.032113,-0.055363,0.997950,0,0.94201,0.03165,56.521,0.063,-1,375.000,-1,375.000,-1,300.000,300.000,300.000,300.000,-1,550.000,625.000,-1,650.000,675.000,-1,-1,2,0,2,0,2,0,0,0,0,2,0,0,2,0,0,2,2
131,6743.613,4787.031,-327.390,48.026,0.669719,-0.742360,-0.019459,0.741972,0.667821,0.059101,-0.030879,-0.054019,0.998062,0,0.94245,0.03238,56.547,0.065,-1,375.000,-1,375.000,-1,300.000,300.000,300.000,300.000,-1,600.000,650.000,-1,625.000,675.000,-1,-1,2,0,2,0,2,0,0,0,0,2,0,0,2,0,0,2,2
132,6781.475,4829.224,-329.109,48.099,0.668715,-0.743266,-0.019421,0.742933,0.666922,0.057155,-0.029529,-0.052649,0.998176,0,0.94484,0.03656,56.690,0.073,-1,350.000,-1,375.000,-1,300.000,300.000,300.000,300.000,-1,625.000,675.000,-1,625.000,675.000,1000.000,-1,2,0,2,0,2,0,0,0,0,2,0,0,2,0,0,0,2
