timestep,x_cm,y_cm,z_cm,yaw_deg,basis_xx,basis_xy,basis_xz,basis_yx,basis_yy,basis_yz,basis_zx,basis_zy,basis_zz,teleport_flag,throttle_cmd,steering_cmd,cmd_move_cm,cmd_turn_deg,lidar_cm_0,lidar_cm_1,lidar_cm_2,lidar_cm_3,lidar_cm_4,lidar_cm_5,lidar_cm_6,lidar_cm_7,lidar_cm_8,lidar_cm_9,lidar_cm_10,lidar_cm_11,lidar_cm_12,lidar_cm_13,lidar_cm_14,lidar_cm_15,lidar_cm_16,lidar_class_0,lidar_class_1,lidar_class_2,lidar_class_3,lidar_class_4,lidar_class_5,lidar_class_6,lidar_class_7,lidar_class_8,lidar_class_9,lidar_class_10,lidar_class_11,lidar_class_12,lidar_class_13,lidar_class_14,lidar_class_15,lidar_class_16
0,6231.726,-7538.434,199.998,85.314,0.080785,-0.994682,-0.063891,0.996627,0.081538,-0.009267,0.014428,-0.062927,0.997914,1,0.08000,0.12000,4.800,0.240,325.000,275.000,-1,375.000,-1,250.000,275.000,250.000,625.000,-1,-1,-1,175.000,450.000,775.000,350.000,-1,0,0,2,0,2,0,0,0,1,2,2,2,1,0,0,0,2
1,6232.431,-7528.860,200.393,85.794,0.072329,-0.995390,-0.062990,0.997248,0.073207,-0.011732,0.016290,-0.061968,0.997945,0,0.16000,0.24000,9.600,0.480,350.000,275.000,-1,375.000,-1,250.000,275.000,250.000,700.000,-1,-1,-1,175.000,475.000,775.000,350.000,-1,0,0,2,0,2,0,0,0,1,2,2,2,1,0,0,0,2
2,6233.308,-7514.487,200.909,86.514,0.059635,-0.996336,-0.061298,0.998033,0.060699,-0.015652,0.019315,-0.060244,0.997997,0,0.24000,0.36000,14.400,0.720,375.000,275.000,-1,375.000,-1,250.000,275.000,250.000,725.000,-1,-1,-1,175.000,475.000,800.000,400.000,-1,0,0,2,0,2,0,0,0,0,2,2,2,1,0,0,0,2
3,6234.157,-7495.306,201.461,87.474,0.042700,-0.997378,-0.058422,0.998805,0.044005,-0.021241,0.023756,-0.057445,0.998066,0,0.32000,0.48000,19.200,0.960,475.000,275.000,-1,375.000,-1,250.000,275.000,250.000,700.000,-1,-1,-1,200.000,500.000,800.000,650.000,-1,0,0,2,0,2,0,0,0,0,2,2,2,1,0,0,0,2
4,6234.788,-7471.314,201.926,88.503,0.024526,-0.998265,-0.053537,0.999252,0.026081,-0.028539,0.029886,-0.052797,0.998158,0,0.40000,0.51486,24.000,1.030,850.000,300.000,-1,375.000,-1,250.000,275.000,275.000,675.000,-1,-1,-1,200.000,550.000,825.000,-1,-1,1,0,2,0,2,0,0,0,0,2,2,2,1,0,0,2,2
5,6235.024,-7442.515,202.246,89.539,0.006303,-0.998910,-0.046253,0.999264,0.008042,-0.037512,0.037843,-0.045982,0.998225,0,0.48000,0.51766,28.800,1.035,825.000,300.000,-1,375.000,-1,250.000,275.000,275.000,625.000,-1,-1,-1,225.000,575.000,850.000,-1,-1,1,0,2,0,2,0,0,0,0,2,2,2,1,0,0,2,2
6,6234.688,-7408.916,202.397,90.581,-0.011892,-0.999266,-0.036411,0.998791,-0.010133,-0.048104,0.047699,-0.036939,0.998178,0,0.56000,0.52113,33.600,1.042,825.000,325.000,-1,400.000,-1,275.000,275.000,275.000,575.000,-1,-1,-1,225.000,650.000,900.000,-1,-1,1,0,2,0,2,0,0,0,0,2,2,2,1,0,0,2,2
7,6233.598,-7370.530,202.371,91.632,-0.029949,-0.999265,-0.023918,0.997780,-0.028464,-0.060199,0.059474,-0.025668,0.997900,0,0.64000,0.52531,38.400,1.051,850.000,350.000,-1,400.000,-1,275.000,300.000,300.000,500.000,-1,-1,325.000,250.000,750.000,-1,-1,-1,1,0,2,0,2,0,0,0,0,2,2,1,1,0,2,2,2
8,6231.571,-7327.375,202.179,92.692,-0.047738,-0.998821,-0.008762,0.996180,-0.046966,-0.073623,0.073125,-0.012243,0.997248,0,0.72000,0.53025,43.200,1.061,850.000,375.000,-1,425.000,-1,300.000,300.000,300.000,450.000,-1,-1,200.000,275.000,925.000,-1,-1,-1,1,0,2,0,2,0,0,0,0,2,2,1,1,0,2,2,2
9,6228.417,-7279.475,201.853,93.764,-0.065110,-0.997838,0.008975,0.993943,-0.065648,-0.088134,0.088533,0.003182,0.996068,0,0.80000,0.53598,48.000,1.072,875.000,425.000,-1,425.000,-1,325.000,325.000,325.000,375.000,-1,-1,100.000,300.000,-1,-1,-1,-1,1,0,2,0,2,0,0,0,0,2,2,1,1,2,2,2,2
10,6224.180,-7229.578,202.946,94.849,-0.082714,-0.996324,0.022300,0.991525,-0.084524,-0.098657,0.100180,0.013951,0.994872,0,0.83457,0.54252,50.074,1.085,900.000,475.000,-1,450.000,-1,350.000,325.000,325.000,350.000,-1,750.000,50.000,350.000,-1,-1,-1,-1,1,0,2,0,2,0,0,0,0,2,1,1,1,2,2,2,2
11,6218.978,-7179.653,207.096,95.948,-0.101842,-0.994529,0.023258,0.989983,-0.103620,-0.095901,0.097786,0.013258,0.995119,0,0.83660,0.54952,50.196,1.099,850.000,475.000,-1,425.000,-1,350.000,325.000,350.000,350.000,-1,650.000,100.000,425.000,-1,-1,-1,-1,1,0,2,0,2,0,0,0,0,2,1,1,1,2,2,2,2
12,6212.789,-7129.678,210.728,97.062,-0.121466,-0.992364,0.021423,0.988198,-0.122929,-0.091391,0.093326,0.010070,0.995585,0,0.83930,0.55669,50.358,1.113,800.000,475.000,-1,425.000,-1,350.000,325.000,325.000,325.000,-1,575.000,175.000,500.000,-1,-1,-1,-1,1,0,2,0,2,0,0,0,0,2,1,1,1,2,2,2,2
13,6205.588,-7079.639,214.398,98.190,-0.141302,-0.989780,0.019208,0.985975,-0.142446,-0.086959,0.088806,0.006652,0.996027,0,0.84258,0.56403,50.555,1.128,725.000,475.000,-1,425.000,-1,350.000,325.000,325.000,325.000,-1,550.000,225.000,575.000,-1,-1,-1,-1,1,0,2,0,2,0,0,0,0,2,1,1,1,2,2,2,2
14,6196.398,-7025.053,218.453,99.558,-0.165253,-0.986116,0.016324,0.982681,-0.166040,-0.082276,0.083844,0.002445,0.996476,0,0.92258,0.68403,55.355,1.368,675.000,450.000,-1,400.000,-1,350.000,325.000,325.000,325.000,-1,550.000,300.000,700.000,-1,-1,-1,-1,1,0,2,0,2,0,0,0,0,2,1,1,1,2,2,2,2
15,6184.939,-6966.994,222.830,101.166,-0.193251,-0.981068,0.012649,0.978003,-0.193647,-0.077530,0.078511,-0.002612,0.996910,0,0.98634,0.80403,59.180,1.608,625.000,450.000,-1,400.000,-1,350.000,325.000,325.000,325.000,-1,550.000,375.000,850.000,-1,-1,-1,-1,1,0,2,0,2,0,0,0,0,2,1,1,1,2,2,2,2
16,6171.749,-6909.388,227.246,102.897,-0.223196,-0.974738,0.008324,0.972026,-0.223199,-0.073130,0.073141,-0.008231,0.997288,0,0.98497,0.86587,59.098,1.732,550.000,450.000,-1,400.000,-1,350.000,325.000,300.000,350.000,-1,575.000,450.000,-1,-1,-1,-1,-1,1,0,2,0,2,0,0,0,0,2,1,1,2,2,2,2,2
17,6156.837,-6852.283,231.689,104.634,-0.253001,-0.967460,0.003339,0.965094,-0.252621,-0.069109,0.067703,-0.014262,0.997604,0,0.98368,0.86837,59.021,1.737,500.000,450.000,-1,425.000,-1,350.000,325.000,300.000,350.000,-1,625.000,525.000,-1,-1,-1,-1,-1,1,0,2,0,2,0,0,0,0,2,1,1,2,2,2,2,2
18,6140.222,-6795.741,236.152,106.376,-0.282625,-0.959228,-0.002299,0.957212,-0.281873,-0.065524,0.062204,-0.020719,0.997848,0,0.98222,0.87074,58.933,1.741,450.000,475.000,-1,450.000,-1,350.000,350.000,300.000,375.000,-1,675.000,600.000,-1,-1,-1,-1,-1,1,0,2,0,2,0,0,0,0,2,1,1,2,2,2,2,2
19,6121.920,-6739.825,240.632,108.122,-0.312021,-0.950036,-0.008574,0.948385,-0.310915,-0.062437,0.056651,-0.027613,0.998012,0,0.98060,0.87295,58.836,1.746,400.000,475.000,-1,475.000,-1,375.000,375.000,300.000,375.000,-1,725.000,675.000,-1,-1,-1,-1,-1,1,0,2,0,2,0,0,0,0,2,1,1,2,2,2,2,2
20,6101.956,-6684.593,244.828,109.872,-0.341083,-0.939918,-0.014734,0.938693,-0.339718,-0.058714,0.050181,-0.033857,0.998166,0,0.97883,0.87500,58.730,1.750,350.000,500.000,-1,500.000,-1,375.000,375.000,300.000,400.000,-1,800.000,775.000,-1,-1,-1,550.000,-1,1,0,2,0,2,0,0,1,0,2,1,1,2,2,2,1,2
21,6080.354,-6630.106,247.422,111.625,-0.369593,-0.929056,-0.015977,0.928158,-0.368315,-0.053543,0.043860,-0.034618,0.998438,0,0.97691,0.87690,58.614,1.754,300.000,500.000,-1,525.000,-1,375.000,400.000,300.000,400.000,-1,850.000,0.000,-1,-1,-1,450.000,-1,1,0,2,0,2,0,0,1,0,2,1,0,2,2,2,1,2
22,6057.141,-6576.420,248.474,113.383,-0.397586,-0.917459,-0.013968,0.916920,-0.396689,-0.043541,0.034406,-0.030119,0.998954,0,0.97484,0.87863,58.491,1.757,275.000,475.000,-1,500.000,-1,375.000,375.000,275.000,350.000,-1,925.000,0.000,-1,-1,-1,350.000,-1,1,1,2,0,2,0,0,1,0,2,1,0,2,2,2,1,2
23,6033.609,-6525.723,249.343,114.900,-0.421482,-0.906747,-0.012734,0.906494,-0.420896,-0.033389,0.024916,-0.025617,0.999361,0,0.93155,0.75863,55.893,1.517,225.000,425.000,-1,500.000,-1,375.000,375.000,275.000,325.000,-1,1000.000,0.000,-1,-1,-1,300.000,-1,1,1,2,0,2,0,0,1,0,2,1,0,2,2,2,1,2
24,6007.141,-6471.877,250.175,116.177,-0.441393,-0.897223,-0.012725,0.897184,-0.441044,-0.023272,0.015268,-0.021688,0.999648,0,1.00000,0.63863,60.000,1.277,175.000,400.000,-1,475.000,-1,375.000,375.000,250.000,325.000,-1,-1,-1,-1,-1,-1,225.000,-1,1,1,2,0,2,0,0,1,0,2,2,2,2,2,2,1,2
25,5979.702,-6418.519,250.402,117.214,-0.457448,-0.889113,-0.014784,0.889203,-0.457224,-0.016235,0.007675,-0.020573,0.999759,0,1.00000,0.51863,60.000,1.037,150.000,375.000,-1,475.000,-1,375.000,375.000,225.000,325.000,-1,-1,-1,-1,-1,-1,175.000,-1,1,1,2,0,2,0,0,1,0,2,2,2,2,2,2,1,2
26,5951.524,-6365.547,253.134,118.012,-0.469705,-0.882813,-0.004426,0.882784,-0.469630,-0.011866,0.008397,-0.009481,0.999920,0,1.00000,0.39863,60.000,0.797,125.000,375.000,-1,500.000,-1,400.000,400.000,200.000,300.000,-1,-1,-1,-1,-1,-1,150.000,-1,1,1,2,0,2,1,0,1,0,2,2,2,2,2,2,1,2
27,5922.831,-6312.853,257.797,118.569,-0.478029,-0.878205,0.015625,0.878205,-0.478194,-0.009247,0.015593,0.009302,0.999835,0,1.00000,0.27863,60.000,0.557,125.000,400.000,-1,550.000,-1,400.000,425.000,200.000,300.000,-1,-1,-1,-1,-1,-1,150.000,-1,1,1,2,0,2,1,0,1,0,2,2,2,2,2,2,1,2
28,5893.887,-6260.398,261.381,118.886,-0.482581,-0.875341,0.029912,0.875636,-0.482938,-0.005670,0.019408,0.023456,0.999536,0,0.99850,0.15863,59.910,0.317,100.000,475.000,-1,575.000,-1,450.000,450.000,200.000,275.000,-1,-1,-1,-1,-1,-1,175.000,-1,1,1,2,0,2,1,0,1,0,2,2,2,2,2,2,1,2
29,5864.987,-6208.190,263.828,118.963,-0.483593,-0.874460,0.038174,0.875072,-0.483991,-0.001372,0.019675,0.032741,0.999270,0,0.99455,0.03863,59.673,0.077,100.000,725.000,-1,600.000,-1,500.000,475.000,175.000,275.000,-1,-1,-1,-1,-1,-1,200.000,-1,1,0,2,0,2,0,0,1,0,2,2,2,2,2,2,1,2
30,5836.265,-6156.274,264.406,118.949,-0.483269,-0.874332,0.044666,0.875266,-0.483633,0.002982,0.018995,0.040536,0.998998,0,0.98887,-0.00721,59.332,-0.014,125.000,750.000,-1,600.000,-1,525.000,500.000,150.000,275.000,-1,-1,-1,-1,-1,-1,-1,-1,1,0,2,0,2,0,0,1,0,2,2,2,2,2,2,2,2
31,5807.740,-6104.736,263.921,118.962,-0.483553,-0.874071,0.046651,0.875176,-0.483738,0.007991,0.015582,0.044692,0.998879,0,0.98175,0.00626,58.905,0.013,125.000,750.000,-1,600.000,-1,525.000,500.000,125.000,275.000,-1,-1,-1,-1,-1,-1,-1,-1,1,0,2,0,2,0,0,1,0,2,2,2,2,2,2,2,2
32,5779.419,-6053.648,262.088,119.001,-0.484381,-0.873664,0.045688,0.874795,-0.484309,0.013371,0.010445,0.046444,0.998866,0,0.97355,0.01998,58.413,0.040,-1,750.000,-1,600.000,-1,525.000,500.000,100.000,275.000,-1,-1,-1,-1,-1,-1,-1,-1,2,0,2,0,2,0,0,1,0,2,2,2,2,2,2,2,2
33,5751.321,-6003.067,258.508,119.053,-0.485406,-0.873192,0.043774,0.874275,-0.485069,0.018737,0.004873,0.047366,0.998866,0,0.96436,0.02562,57.862,0.051,-1,725.000,-1,575.000,-1,525.000,475.000,100.000,275.000,-1,-1,-1,-1,-1,-1,-1,-1,2,0,2,0,2,0,0,1,0,2,2,2,2,2,2,2,2
34,5575.492,-6887.042,361.449,24.119,0.815811,-0.394675,0.422710,0.465926,0.881542,-0.076139,-0.342587,0.259067,0.903061,1,0.00000,0.00000,57.257,0.056,850.000,250.000,325.000,150.000,75.000,200.000,150.000,475.000,325.000,275.000,25.000,150.000,-1,350.000,200.000,475.000,75.000,0,0,0,0,0,0,0,1,0,1,1,1,2,0,0,0,0
35,983.832,-2951.649,99.481,55.774,0.564421,-0.821892,-0.076958,0.825158,0.559106,0.080719,-0.023315,-0.109062,0.993761,1,0.00000,0.00000,-4.800,-0.240,-1,450.000,-1,350.000,-1,325.000,300.000,225.000,225.000,575.000,175.000,525.000,-1,-1,-1,-1,-1,2,1,2,1,2,1,1,0,1,0,0,0,2,2,2,2,2
36,3607.652,-984.207,-77.196,-174.799,-0.993832,0.088204,0.067217,-0.101223,-0.969103,-0.224930,0.045301,-0.230347,0.972054,1,0.00000,0.00000,4.800,0.240,575.000,575.000,-1,725.000,150.000,600.000,725.000,175.000,100.000,200.000,950.000,-1,-1,925.000,-1,-1,375.000,0,0,2,1,1,0,1,0,1,0,0,2,2,0,2,2,1
37,-3607.628,3607.638,394.579,31.320,0.851000,-0.519073,0.079761,0.521632,0.853057,-0.013918,-0.060816,0.053450,0.996717,1,0.00000,0.00000,4.800,-0.240,-1,375.000,-1,375.000,-1,300.000,325.000,325.000,300.000,-1,-1,-1,950.000,700.000,725.000,-1,-1,2,0,2,0,2,0,0,0,0,2,2,2,1,0,0,2,2
38,-3603.517,3610.116,394.284,31.080,0.853175,-0.515502,0.079693,0.518053,0.855234,-0.013991,-0.060944,0.053222,0.996721,0,0.08000,-0.12000,4.800,-0.240,-1,375.000,-1,375.000,-1,300.000,325.000,325.000,300.000,-1,-1,-1,975.000,700.000,725.000,-1,-1,2,0,2,0,2,0,0,0,0,2,2,2,1,0,0,2,2
39,-3595.254,3615.002,393.693,30.600,0.857478,-0.508331,0.079561,0.510867,0.859543,-0.014141,-0.061198,0.052771,0.996730,0,0.16000,-0.24000,9.600,-0.480,-1,375.000,-1,375.000,-1,300.000,325.000,325.000,300.000,-1,-1,-1,-1,700.000,725.000,-1,-1,2,0,2,0,2,0,0,0,0,2,2,2,2,0,0,2,2
40,-3582.768,3622.176,392.799,29.880,0.863821,-0.497508,0.079370,0.500022,0.865894,-0.014372,-0.061576,0.052101,0.996742,0,0.24000,-0.36000,14.400,-0.720,-1,375.000,-1,375.000,-1,300.000,325.000,325.000,300.000,-1,-1,-1,-1,700.000,725.000,-1,-1,2,0,2,0,2,0,0,0,0,2,2,2,2,0,0,2,2
41,-3565.963,3631.464,391.599,28.933,0.871955,-0.483149,0.079126,0.485636,0.874038,-0.014690,-0.062062,0.051236,0.996756,0,0.32000,-0.47353,19.200,-0.947,-1,375.000,-1,375.000,-1,300.000,325.000,325.000,300.000,-1,-1,-1,-1,700.000,725.000,-1,-1,2,0,2,0,2,0,0,0,0,2,2,2,2,0,0,2,2
42,-3544.770,3642.727,390.090,27.989,0.879828,-0.468704,0.078862,0.471168,0.881914,-0.015100,-0.062473,0.050442,0.996771,0,0.40000,-0.47197,24.000,-0.944,-1,375.000,-1,375.000,-1,300.000,325.000,325.000,300.000,-1,-1,-1,-1,700.000,725.000,-1,-1,2,0,2,0,2,0,0,0,0,2,2,2,2,0,0,2,2
43,-3519.120,3655.823,388.271,27.049,0.887433,-0.454188,0.078584,0.456637,0.889516,-0.015613,-0.062810,0.049740,0.996785,0,0.48000,-0.47001,28.800,-0.940,-1,375.000,-1,375.000,-1,300.000,325.000,325.000,300.000,-1,-1,-1,-1,700.000,725.000,-1,-1,2,0,2,0,2,0,0,0,0,2,2,2,2,0,0,2,2
44,-3488.949,3670.612,386.141,26.114,0.894765,-0.439620,0.078297,0.442061,0.896838,-0.016248,-0.063077,0.049150,0.996798,0,0.56000,-0.46767,33.600,-0.935,-1,375.000,-1,375.000,-1,300.000,325.000,325.000,300.000,-1,-1,-1,-1,700.000,725.000,-1,-1,2,0,2,0,2,0,0,0,0,2,2,2,2,0,0,2,2
45,-3454.199,3686.952,383.699,25.184,0.901817,-0.425018,0.078007,0.427459,0.903874,-0.017020,-0.063275,0.048694,0.996807,0,0.64000,-0.46492,38.400,-0.930,-1,375.000,-1,375.000,-1,300.000,325.000,325.000,300.000,-1,-1,-1,-1,700.000,725.000,-1,-1,2,0,2,0,2,0,0,0,0,2,2,2,2,0,0,2,2
46,-3414.814,3704.702,380.968,24.260,0.908595,-0.410402,0.077622,0.412848,0.910624,-0.017905,-0.063336,0.048315,0.996822,0,0.72000,-0.46174,43.200,-0.923,-1,375.000,-1,375.000,-1,300.000,325.000,325.000,300.000,-1,-1,-1,-1,700.000,725.000,-1,-1,2,0,2,0,2,0,0,0,0,2,2,2,2,0,0,2,2
47,-3370.743,3723.722,377.929,23.344,0.915095,-0.395793,0.077127,0.398252,0.917079,-0.019007,-0.063209,0.048109,0.996840,0,0.80000,-0.45811,48.000,-0.916,-1,375.000,-1,400.000,-1,300.000,325.000,325.000,300.000,-1,-1,-1,1000.000,700.000,725.000,-1,-1,2,0,2,0,2,0,0,0,0,2,2,2,1,0,0,2,2
48,-3321.940,3743.873,374.607,22.436,0.921314,-0.381211,0.076541,0.383690,0.923240,-0.020243,-0.062949,0.048018,0.996861,0,0.88000,-0.45401,52.800,-0.908,-1,375.000,-1,400.000,-1,300.000,325.000,325.000,300.000,-1,-1,-1,975.000,700.000,750.000,-1,-1,2,0,2,0,2,0,0,0,0,2,2,2,1,0,0,2,2
49,-3269.596,3764.531,371.091,21.537,0.927248,-0.366682,0.075865,0.369183,0.929106,-0.021585,-0.062572,0.048023,0.996884,0,0.93788,-0.44939,56.273,-0.899,-1,375.000,-1,400.000,-1,300.000,325.000,325.000,300.000,-1,-1,-1,950.000,700.000,750.000,-1,-1,2,0,2,0,2,0,0,0,0,2,2,2,1,0,0,2,2
50,-3216.877,3784.398,367.582,20.649,0.932890,-0.352226,0.075190,0.354753,0.934677,-0.022983,-0.062183,0.048115,0.996904,0,0.93896,-0.44436,56.337,-0.889,-1,375.000,-1,400.000,-1,300.000,325.000,325.000,300.000,-1,-1,-1,950.000,700.000,750.000,-1,-1,2,0,2,0,2,0,0,0,0,2,2,2,1,0,0,2,2
51,-3163.787,3803.480,364.081,19.770,0.938245,-0.337852,0.074519,0.340412,0.939959,-0.024452,-0.061784,0.048309,0.996920,0,0.94026,-0.43920,56.416,-0.878,-1,375.000,-1,400.000,-1,300.000,325.000,325.000,300.000,-1,-1,-1,950.000,700.000,750.000,-1,-1,2,0,2,0,2,0,0,0,0,2,2,2,1,0,0,2,2
52,-3110.327,3821.786,360.638,18.902,0.943325,-0.323569,0.073760,0.326176,0.944945,-0.026242,-0.061208,0.048813,0.996931,0,0.94179,-0.43393,56.507,-0.868,-1,375.000,-1,400.000,-1,300.000,325.000,325.000,300.000,-1,-1,875.000,950.000,700.000,775.000,-1,-1,2,0,2,0,2,0,0,0,0,2,2,0,1,0,0,2,2
53,-3056.500,3839.323,357.197,18.045,0.948130,-0.309388,0.072994,0.312047,0.949651,-0.028089,-0.060628,0.049410,0.996937,0,0.94352,-0.42855,56.611,-0.857,-1,375.000,-1,400.000,-1,300.000,325.000,325.000,300.000,-1,-1,825.000,950.000,700.000,775.000,-1,-1,2,0,2,0,2,0,0,0,0,2,2,0,1,0,0,2,2
54,-3002.310,3856.097,353.757,17.199,0.952665,-0.295321,0.072220,0.298035,0.954084,-0.029991,-0.060047,0.050096,0.996938,0,0.94544,-0.42305,56.727,-0.846,-1,375.000,-1,400.000,-1,300.000,325.000,325.000,300.000,-1,925.000,775.000,975.000,700.000,775.000,-1,-1,2,0,2,0,2,0,0,0,0,2,0,0,1,0,0,2,2
55,-2947.760,3872.115,350.314,16.364,0.956935,-0.281376,0.071438,0.284147,0.958248,-0.031944,-0.059467,0.050868,0.996933,0,0.94755,-0.41746,56.853,-0.835,-1,375.000,-1,400.000,-1,300.000,325.000,325.000,300.000,-1,900.000,750.000,975.000,700.000,800.000,-1,-1,2,0,2,0,2,0,0,0,0,2,0,0,1,0,0,2,2
56,-2892.854,3887.384,346.867,15.541,0.960947,-0.267563,0.070646,0.270394,0.962151,-0.033945,-0.058890,0.051722,0.996924,0,0.94983,-0.41176,56.990,-0.824,-1,375.000,-1,400.000,-1,300.000,325.000,325.000,300.000,-1,900.000,725.000,1000.000,700.000,800.000,-1,-1,2,0,2,0,2,0,0,0,0,2,0,0,1,0,0,2,2
57,-2837.595,3901.911,343.413,14.729,0.964708,-0.253890,0.069845,0.256783,0.965799,-0.035989,-0.058319,0.052654,0.996908,0,0.95228,-0.40596,57.137,-0.812,-1,375.000,-1,400.000,-1,300.000,325.000,325.000,300.000,-1,900.000,700.000,-1,725.000,800.000,-1,-1,2,0,2,0,2,0,0,0,0,2,0,0,2,0,0,2,2
58,-2781.986,3915.703,339.949,13.929,0.968225,-0.240365,0.069035,0.243322,0.969198,-0.038074,-0.057757,0.053662,0.996887,0,0.95488,-0.40007,57.293,-0.800,-1,375.000,-1,400.000,-1,325.000,325.000,325.000,300.000,-1,900.000,675.000,-1,725.000,825.000,-1,-1,2,0,2,0,2,0,0,0,0,2,0,0,2,0,0,2,2
59,-2726.033,3928.766,336.492,13.140,0.971496,-0.226999,0.068317,0.230014,0.972366,-0.039983,-0.057353,0.054557,0.996862,0,0.95764,-0.39409,57.458,-0.788,-1,375.000,-1,400.000,-1,325.000,325.000,325.000,300.000,-1,925.000,675.000,-1,725.000,850.000,-1,-1,2,0,2,0,2,0,0,0,0,2,0,0,2,0,0,2,2
60,-2674.558,3939.868,333.303,12.171,0.975237,-0.210507,0.067814,0.213565,0.976049,-0.041454,-0.057463,0.054910,0.996836,0,0.87764,-0.48484,52.658,-0.970,-1,375.000,-1,400.000,-1,325.000,325.000,325.000,300.000,-1,950.000,700.000,-1,725.000,850.000,-1,-1,2,0,2,0,2,0,0,0,0,2,0,0,2,0,0,2,2
61,-2622.781,3950.132,330.000,11.212,0.978629,-0.194142,0.067787,0.197290,0.979390,-0.043264,-0.057990,0.055713,0.996761,0,0.87973,-0.47924,52.784,-0.958,-1,375.000,-1,400.000,-1,325.000,325.000,325.000,300.000,-1,-1,750.000,-1,725.000,875.000,-1,-1,2,0,2,0,2,0,0,0,0,2,2,0,2,0,0,2,2
62,-2570.668,3959.570,326.668,10.265,0.981698,-0.177914,0.067930,0.181176,0.982408,-0.045277,-0.058680,0.056756,0.996662,0,0.88267,-0.47360,52.960,-0.947,-1,375.000,-1,400.000,-1,325.000,325.000,325.000,300.000,-1,-1,800.000,-1,725.000,900.000,-1,-1,2,0,2,0,2,0,0,0,0,2,2,0,2,0,0,2,2
63,-2518.230,3968.184,323.198,9.329,0.984429,-0.161840,0.068604,0.165217,0.985148,-0.046772,-0.060016,0.057379,0.996547,0,0.88567,-0.46792,53.140,-0.936,-1,375.000,-1,400.000,-1,325.000,325.000,325.000,300.000,-1,-1,900.000,-1,750.000,900.000,-1,-1,2,0,2,0,2,0,0,0,0,2,2,0,2,0,0,2,2
64,-2465.479,3975.979,319.694,8.405,0.986864,-0.145920,0.069325,0.149421,0.987593,-0.048300,-0.061417,0.058025,0.996424,0,0.88873,-0.46219,53.324,-0.924,-1,375.000,-1,400.000,-1,325.000,325.000,325.000,300.000,-1,-1,-1,-1,750.000,925.000,-1,-1,2,0,2,0,2,0,0,0,0,2,2,2,2,0,0,2,2
65,-2412.425,3982.956,316.163,7.492,0.989014,-0.130163,0.070069,0.133795,0.989752,-0.049899,-0.062856,0.058726,0.996293,0,0.89183,-0.45641,53.510,-0.913,-1,375.000,-1,400.000,-1,325.000,325.000,325.000,300.000,-1,-1,-1,-1,750.000,925.000,-1,-1,2,0,2,0,2,0,0,0,0,2,2,2,2,0,0,2,2
66,-2359.081,3989.120,312.601,6.591,0.990886,-0.114574,0.070835,0.118347,0.991633,-0.051564,-0.064335,0.059477,0.996154,0,0.89499,-0.45060,53.699,-0.901,-1,375.000,-1,400.000,-1,325.000,325.000,325.000,300.000,-1,-1,-1,-1,775.000,925.000,-1,-1,2,0,2,0,2,0,0,0,0,2,2,2,2,0,0,2,2
67,-2305.455,3994.473,309.003,5.701,0.992490,-0.099162,0.071622,0.103083,0.993244,-0.053292,-0.065854,0.060275,0.996007,0,0.89819,-0.44474,53.892,-0.889,-1,375.000,-1,400.000,-1,325.000,325.000,325.000,300.000,-1,-1,-1,-1,775.000,950.000,-1,-1,2,0,2,0,2,0,0,0,0,2,2,2,2,0,0,2,2
68,-2251.560,3999.022,305.365,4.824,0.993836,-0.083932,0.072430,0.088010,0.994596,-0.055079,-0.067416,0.061114,0.995852,0,0.90144,-0.43884,54.087,-0.878,-1,375.000,-1,425.000,-1,325.000,325.000,325.000,300.000,-1,-1,-1,-1,775.000,950.000,-1,-1,2,0,2,0,2,0,0,0,0,2,2,2,2,0,0,2,2
69,-2197.404,4002.769,301.685,3.958,0.994931,-0.068889,0.073257,0.073133,0.995697,-0.056920,-0.069021,0.061990,0.995687,0,0.90474,-0.43290,54.284,-0.866,-1,400.000,-1,425.000,-1,325.000,325.000,325.000,300.000,-1,-1,-1,-1,800.000,975.000,-1,-1,2,0,2,0,2,0,0,0,0,2,2,2,2,0,0,2,2
70,-2143.075,4005.711,297.962,3.099,0.995790,-0.053962,0.074103,0.058380,0.996561,-0.058812,-0.070674,0.062891,0.995515,0,0.90680,-0.42921,54.408,-0.858,-1,400.000,-1,425.000,-1,325.000,325.000,325.000,300.000,-1,-1,-1,-1,800.000,975.000,-1,-1,2,0,2,0,2,0,0,0,0,2,2,2,2,0,0,2,2
71,-2088.708,4007.838,294.190,2.241,0.996425,-0.039023,0.074926,0.043618,0.997202,-0.060704,-0.072348,0.063755,0.995340,0,0.90680,-0.42921,54.408,-0.858,-1,400.000,-1,425.000,-1,325.000,325.000,325.000,300.000,-1,-1,-1,-1,800.000,975.000,-1,-1,2,0,2,0,2,0,0,0,0,2,2,2,2,0,0,2,2
72,-2039.110,4008.827,290.660,1.143,0.996944,-0.019900,0.075541,0.024642,0.997749,-0.062372,-0.074130,0.064043,0.995190,0,0.82680,-0.54921,49.608,-1.098,-1,400.000,-1,425.000,-1,325.000,350.000,325.000,300.000,-1,-1,-1,-1,825.000,1000.000,-1,-1,2,0,2,0,2,0,0,0,0,2,2,2,2,0,0,2,2
73,-1991.558,4008.664,287.212,-0.196,0.997091,0.003411,0.076139,0.001479,0.997944,-0.064067,-0.076201,0.063994,0.995037,0,0.79252,-0.66921,47.551,-1.338,-1,400.000,-1,450.000,-1,325.000,350.000,325.000,300.000,-1,-1,-1,-1,825.000,1000.000,-1,-1,2,0,2,0,2,0,0,0,0,2,2,2,2,0,0,2,2
74,-1944.029,4007.191,283.181,-1.774,0.996536,0.030900,0.077204,-0.025883,0.997539,-0.065164,-0.079028,0.062940,0.994883,0,0.79252,-0.78921,47.551,-1.578,-1,400.000,-1,450.000,-1,350.000,350.000,325.000,300.000,-1,-1,-1,-1,850.000,1000.000,-1,-1,2,0,2,0,2,0,0,0,0,2,2,2,2,0,0,2,2
75,-1896.570,4004.209,278.526,-3.593,0.994876,0.062545,0.079429,-0.057339,0.996157,-0.066205,-0.083264,0.061311,0.994640,0,0.79252,-0.90921,47.551,-1.818,-1,400.000,-1,450.000,-1,350.000,350.000,300.000,300.000,-1,-1,-1,-1,825.000,975.000,-1,-1,2,0,2,0,2,0,0,0,0,2,2,2,2,0,0,2,2
76,-1849.244,3999.573,273.759,-5.593,0.991890,0.097284,0.081796,-0.091888,0.993490,-0.067331,-0.087814,0.059269,0.994372,0,0.79252,-1.00000,47.551,-2.000,-1,400.000,-1,425.000,-1,325.000,350.000,300.000,300.000,-1,-1,-1,-1,825.000,950.000,-1,-1,2,0,2,0,2,0,0,0,0,2,2,2,2,0,0,2,2
77,-1802.108,3993.288,268.904,-7.593,0.987675,0.131913,0.084244,-0.126314,0.989611,-0.068669,-0.092427,0.057182,0.994076,0,0.79252,-1.00000,47.551,-2.000,-1,400.000,-1,425.000,-1,325.000,350.000,300.000,300.000,-1,-1,-1,-1,825.000,925.000,-1,-1,2,0,2,0,2,0,0,0,0,2,2,2,2,0,0,2,2
78,-1755.221,3985.362,263.957,-9.593,0.982237,0.166390,0.086750,-0.160576,0.984523,-0.070214,-0.097090,0.055037,0.993753,0,0.79252,-1.00000,47.551,-2.000,-1,400.000,-1,425.000,-1,325.000,350.000,300.000,275.000,-1,-1,-1,-1,825.000,900.000,-1,-1,2,0,2,0,2,0,0,0,0,2,2,2,2,0,0,2,2
79,-1708.639,3975.804,258.917,-11.593,0.975581,0.200672,0.089291,-0.194631,0.978234,-0.071957,-0.101788,0.052821,0.993403,0,0.79252,-1.00000,47.551,-2.000,-1,400.000,-1,425.000,-1,325.000,350.000,300.000,275.000,-1,-1,-1,-1,825.000,875.000,-1,-1,2,0,2,0,2,0,0,0,0,2,2,2,2,0,0,2,2
80,-1662.418,3964.626,253.782,-13.593,0.967715,0.234717,0.091846,-0.228440,0.970750,-0.073890,-0.106503,0.050523,0.993028,0,0.79252,-1.00000,47.551,-2.000,-1,400.000,-1,425.000,-1,325.000,350.000,300.000,275.000,-1,-1,-1,-1,825.000,850.000,-1,-1,2,0,2,0,2,0,0,0,0,2,2,2,2,0,0,2,2
81,-1615.575,3951.763,248.450,-15.353,0.959765,0.264446,0.094448,-0.257900,0.963173,-0.076061,-0.111084,0.048642,0.992620,0,0.80960,-0.88000,48.576,-1.760,-1,400.000,-1,425.000,-1,325.000,350.000,300.000,275.000,-1,-1,-1,-1,825.000,825.000,-1,-1,2,0,2,0,2,0,0,0,0,2,2,2,2,0,0,2,2
82,-1569.089,3937.663,243.033,-16.873,0.952119,0.289922,0.097026,-0.283083,0.955888,-0.078376,-0.115469,0.047157,0.992191,0,0.80960,-0.76000,48.576,-1.520,-1,400.000,-1,400.000,-1,325.000,325.000,300.000,275.000,-1,-1,-1,-1,800.000,800.000,-1,-1,2,0,2,0,2,0,0,0,0,2,2,2,2,0,0,2,2
83,-1522.930,3922.527,237.740,-18.153,0.945138,0.311230,0.099244,-0.304195,0.949253,-0.079894,-0.119073,0.045322,0.991851,0,0.80960,-0.64000,48.576,-1.280,-1,400.000,-1,400.000,-1,325.000,325.000,300.000,275.000,-1,-1,-1,-1,800.000,775.000,-1,-1,2,0,2,0,2,0,0,0,0,2,2,2,2,0,0,2,2
84,-1477.053,3906.557,232.386,-19.193,0.939066,0.328429,0.101436,-0.321193,0.943510,-0.081382,-0.122435,0.043843,0.991508,0,0.80960,-0.52000,48.576,-1.040,-1,400.000,-1,400.000,-1,325.000,325.000,300.000,275.000,-1,-1,-1,-1,800.000,750.000,-1,-1,2,0,2,0,2,0,0,0,0,2,2,2,2,0,0,2,2
85,-1431.403,3889.947,226.914,-19.993,0.934128,0.341589,0.103545,-0.334167,0.938883,-0.082644,-0.125447,0.042599,0.991185,0,0.80960,-0.40000,48.576,-0.800,-1,400.000,-1,400.000,-1,325.000,325.000,300.000,275.000,-1,-1,-1,-1,800.000,750.000,-1,-1,2,0,2,0,2,0,0,0,0,2,2,2,2,0,0,2,2
86,-1385.919,3872.893,220.986,-20.553,0.930546,0.350784,0.105050,-0.343429,0.935592,-0.082000,-0.127048,0.040228,0.991080,0,0.80960,-0.28000,48.576,-0.560,-1,400.000,-1,400.000,-1,325.000,325.000,300.000,275.000,-1,-1,-1,-1,800.000,750.000,-1,-1,2,0,2,0,2,0,0,0,0,2,2,2,2,0,0,2,2
87,-1340.530,3855.585,214.998,-20.873,0.928370,0.356030,0.106637,-0.348725,0.933688,-0.081352,-0.128529,0.038338,0.990964,0,0.80960,-0.16000,48.576,-0.320,-1,400.000,-1,400.000,-1,325.000,325.000,300.000,275.000,-1,-1,-1,-1,775.000,725.000,-1,-1,2,0,2,0,2,0,0,0,0,2,2,2,2,0,0,2,2
88,-1295.166,3838.214,208.972,-20.953,0.927680,0.357351,0.108209,-0.350073,0.933236,-0.080742,-0.129838,0.037021,0.990844,0,0.80960,-0.04000,48.576,-0.080,-1,400.000,-1,400.000,-1,325.000,325.000,300.000,275.000,-1,-1,-1,-1,775.000,725.000,-1,-1,2,0,2,0,2,0,0,0,0,2,2,2,2,0,0,2,2
89,-1249.753,3820.969,202.883,-20.793,0.928512,0.354752,0.109623,-0.347471,0.934251,-0.080237,-0.130880,0.036410,0.990729,0,0.80960,0.08000,48.576,0.160,-1,400.000,-1,400.000,-1,325.000,325.000,300.000,275.000,-1,-1,-1,-1,750.000,725.000,-1,-1,2,0,2,0,2,0,0,0,0,2,2,2,2,0,0,2,2
90,-1204.221,3804.043,196.447,-20.393,0.930976,0.348205,0.109709,-0.340841,0.936664,-0.080544,-0.130806,0.037592,0.990695,0,0.80960,0.20000,48.576,0.400,-1,400.000,-1,400.000,-1,325.000,325.000,300.000,275.000,-1,-1,-1,-1,750.000,725.000,-1,-1,2,0,2,0,2,0,0,0,0,2,2,2,2,0,0,2,2
91,-1158.503,3787.627,190.062,-19.753,0.934848,0.337701,0.109625,-0.330269,0.940439,-0.080602,-0.130315,0.039145,0.990700,0,0.80960,0.32000,48.576,0.640,-1,400.000,-1,400.000,-1,325.000,325.000,300.000,275.000,-1,-1,-1,-1,725.000,725.000,-1,-1,2,0,2,0,2,0,0,0,0,2,2,2,2,0,0,2,2
92,-1112.538,3771.915,183.669,-18.873,0.939983,0.323189,0.109453,-0.315663,0.945431,-0.080726,-0.129570,0.041331,0.990708,0,0.80960,0.44000,48.576,0.880,-1,400.000,-1,400.000,-1,325.000,325.000,300.000,275.000,-1,-1,-1,-1,725.000,725.000,-1,-1,2,0,2,0,2,0,0,0,0,2,2,2,2,0,0,2,2
93,-1066.275,3757.105,177.276,-17.753,0.946197,0.304611,0.109192,-0.296961,0.951452,-0.080951,-0.128549,0.044170,0.990719,0,0.80960,0.56000,48.576,1.120,-1,400.000,-1,400.000,-1,325.000,325.000,300.000,275.000,-1,-1,-1,-1,725.000,700.000,-1,-1,2,0,2,0,2,0,0,0,0,2,2,2,2,0,0,2,2
94,-1019.674,3743.397,170.985,-16.393,0.953210,0.281902,0.109191,-0.274115,0.958275,-0.081059,-0.127486,0.047335,0.990710,0,0.80960,0.68000,48.576,1.360,-1,400.000,-1,400.000,-1,325.000,325.000,300.000,275.000,-1,-1,-1,-1,700.000,675.000,-1,-1,2,0,2,0,2,0,0,0,0,2,2,2,2,0,0,2,2
95,-972.707,3730.996,164.870,-14.793,0.960704,0.254994,0.109658,-0.247065,0.965617,-0.080890,-0.126514,0.050619,0.990672,0,0.80960,0.80000,48.576,1.600,-1,400.000,-1,400.000,-1,325.000,325.000,300.000,275.000,-1,-1,-1,-1,700.000,675.000,-1,-1,2,0,2,0,2,0,0,0,0,2,2,2,2,0,0,2,2
96,-925.367,3720.110,158.804,-12.953,0.968399,0.223812,0.110054,-0.215714,0.973105,-0.080830,-0.125185,0.054535,0.990633,0,0.80960,0.92000,48.576,1.840,-1,400.000,-1,400.000,1000.000,325.000,325.000,300.000,275.000,-1,-1,-1,-1,675.000,650.000,-1,-1,2,0,2,0,0,0,0,0,0,2,2,2,2,0,0,2,2
97,-877.695,3710.785,152.791,-11.071,0.975230,0.191697,0.110361,-0.183423,0.979701,-0.080882,-0.123626,0.058635,0.990595,0,0.80960,0.94077,48.576,1.882,-1,375.000,-1,375.000,975.000,325.000,325.000,300.000,275.000,-1,-1,-1,-1,675.000,650.000,-1,-1,2,0,2,0,0,0,0,0,0,2,2,2,2,0,0,2,2
98,-829.742,3703.030,146.837,-9.190,0.981003,0.159386,0.110586,-0.150933,0.985215,-0.081055,-0.121870,0.062824,0.990556,0,0.80960,0.94077,48.576,1.882,-1,375.000,-1,375.000,950.000,325.000,325.000,300.000,275.000,-1,-1,-1,-1,650.000,625.000,-1,-1,2,0,2,0,0,0,0,0,0,2,2,2,2,0,0,2,2
99,-781.561,3696.854,140.952,-7.308,0.985712,0.126917,0.110744,-0.118282,0.989641,-0.081360,-0.119922,0.067099,0.990513,0,0.80960,0.94077,48.576,1.882,-1,375.000,-1,375.000,925.000,325.000,325.000,300.000,275.000,-1,-1,-1,-1,650.000,625.000,-1,1000.000,2,0,2,0,0,0,0,0,0,2,2,2,2,0,0,2,0
100,-733.203,3692.264,135.144,-5.426,0.989351,0.094326,0.110849,-0.085506,0.992973,-0.081807,-0.117787,0.071458,0.990465,0,0.80960,0.94077,48.576,1.882,-1,375.000,-1,375.000,900.000,300.000,300.000,300.000,275.000,-1,-1,-1,-1,625.000,625.000,-1,925.000,2,0,2,0,0,0,0,0,0,2,2,2,2,0,0,2,0
101,-680.273,3688.766,128.877,-3.785,0.991652,0.065823,0.110877,-0.056830,0.994977,-0.082406,-0.115745,0.075417,0.990412,0,0.88411,0.82077,53.046,1.642,-1,350.000,-1,350.000,875.000,300.000,300.000,300.000,275.000,-1,-1,-1,-1,625.000,600.000,-1,875.000,2,0,2,0,0,0,0,0,0,2,2,2,2,0,0,2,0
102,-627.274,3686.564,123.293,-2.383,0.993162,0.041454,0.109135,-0.032396,0.995980,-0.083508,-0.112158,0.079401,0.990513,0,0.88411,0.70077,53.046,1.402,-1,350.000,-1,350.000,850.000,300.000,300.000,300.000,275.000,-1,-1,-1,-1,625.000,600.000,-1,850.000,2,0,2,0,0,0,0,0,0,2,2,2,2,0,0,2,0
103,-574.240,3685.485,118.559,-1.168,0.994220,0.020320,0.105420,-0.011599,0.996508,-0.082693,-0.106732,0.080992,0.990984,0,0.88411,0.60760,53.046,1.215,-1,350.000,-1,350.000,850.000,300.000,300.000,300.000,275.000,-1,-1,-1,-1,625.000,600.000,-1,825.000,2,0,2,0,0,0,0,0,0,2,2,2,2,0,0,2,0
104,-521.196,3685.531,113.892,0.047,0.994817,-0.000818,0.101679,0.009215,0.996578,-0.082138,-0.101264,0.082649,0.991421,0,0.88411,0.60760,53.046,1.215,-1,375.000,-1,350.000,825.000,300.000,300.000,300.000,300.000,-1,-1,-1,-1,625.000,600.000,-1,825.000,2,0,2,0,0,0,0,0,0,2,2,2,2,0,0,2,0
105,-468.164,3686.703,109.292,1.262,0.994951,-0.021950,0.097931,0.030033,0.996192,-0.081844,-0.095762,0.084372,0.991822,0,0.88411,0.60760,53.046,1.215,-1,375.000,-1,375.000,800.000,300.000,300.000,300.000,300.000,-1,850.000,825.000,-1,650.000,600.000,-1,825.000,2,0,2,0,0,0,0,0,0,2,0,0,2,0,0,2,0
106,-415.169,3688.998,104.761,2.477,0.994622,-0.043066,0.094197,0.050845,0.995350,-0.081813,-0.090235,0.086162,0.992186,0,0.88411,0.60760,53.046,1.215,-1,375.000,-1,375.000,800.000,300.000,300.000,300.000,300.000,-1,700.000,700.000,-1,650.000,600.000,-1,825.000,2,0,2,0,0,0,0,0,0,2,0,0,2,0,0,2,0
107,-362.235,3692.418,100.299,3.693,0.993828,-0.064155,0.090495,0.071640,0.994051,-0.082042,-0.084693,0.088019,0.992512,0,0.88411,0.60760,53.046,1.215,-1,375.000,-1,375.000,775.000,300.000,325.000,300.000,300.000,-1,625.000,600.000,-1,650.000,600.000,-1,800.000,2,0,2,0,0,0,0,0,0,2,0,0,2,0,0,2,0
108,-309.385,3696.959,95.908,4.908,0.992571,-0.085207,0.086847,0.092405,0.992295,-0.082530,-0.079145,0.089942,0.992797,0,0.88411,0.60760,53.046,1.215,-1,375.000,-1,375.000,775.000,300.000,325.000,300.000,300.000,-1,550.000,525.000,-1,650.000,600.000,-1,800.000,2,0,2,0,0,0,0,0,0,2,0,0,2,0,0,2,0
109,-256.643,3702.620,91.590,6.123,0.990851,-0.106213,0.083271,0.113129,0.990084,-0.083275,-0.073600,0.091933,0.993041,0,0.88411,0.60760,53.046,1.215,-1,375.000,-1,375.000,750.000,325.000,325.000,300.000,300.000,-1,500.000,475.000,-1,650.000,600.000,-1,800.000,2,0,2,0,0,0,0,0,0,2,0,0,2,0,0,2,0
110,-204.033,3709.399,87.344,7.338,0.988668,-0.127162,0.079787,0.133802,0.987419,-0.084271,-0.068067,0.093992,0.993243,0,0.88411,0.60760,53.046,1.215,-1,375.000,-1,375.000,725.000,300.000,300.000,300.000,275.000,-1,450.000,450.000,-1,675.000,600.000,-1,800.000,2,0,2,0,0,0,0,0,0,2,0,0,2,0,0,2,0
111,-151.579,3717.292,83.173,8.554,0.986024,-0.148044,0.076415,0.154412,0.984299,-0.085513,-0.062555,0.096118,0.993402,0,0.88411,0.60760,53.046,1.215,-1,375.000,-1,350.000,725.000,300.000,300.000,300.000,275.000,-1,400.000,400.000,-1,675.000,600.000,-1,800.000,2,0,2,0,0,0,0,0,0,2,0,0,2,0,0,2,0
112,-99.304,3726.296,79.077,9.769,0.982922,-0.168850,0.073173,0.174949,0.980727,-0.086996,-0.057073,0.098312,0.993518,0,0.88411,0.60760,53.046,1.215,-1,375.000,-1,350.000,700.000,300.000,300.000,300.000,275.000,-1,375.000,375.000,-1,675.000,600.000,-1,800.000,2,0,2,0,0,0,0,0,0,2,0,0,2,0,0,2,0
113,-47.232,3736.406,75.254,10.984,0.979330,-0.189581,0.070507,0.195415,0.976773,-0.087902,-0.052205,0.099863,0.993631,0,0.88411,0.60760,53.046,1.215,-1,375.000,-1,350.000,675.000,300.000,300.000,300.000,275.000,-1,375.000,350.000,-1,675.000,575.000,-1,800.000,2,0,2,0,0,0,0,0,0,2,0,0,2,0,0,2,0
114,4.615,3747.613,72.822,12.199,0.975334,-0.210320,0.066995,0.215574,0.972840,-0.084326,-0.047440,0.096689,0.994183,0,0.88411,0.60760,53.046,1.215,-1,375.000,-1,350.000,700.000,300.000,300.000,300.000,275.000,-1,375.000,375.000,-1,700.000,600.000,-1,825.000,2,0,2,0,0,0,0,0,0,2,0,0,2,0,0,2,0
115,56.214,3759.916,70.687,13.414,0.970894,-0.230974,0.063373,0.235679,0.968452,-0.080975,-0.042670,0.093554,0.994699,0,0.88411,0.60760,53.046,1.215,-1,375.000,-1,350.000,750.000,300.000,300.000,300.000,275.000,-1,375.000,400.000,-1,700.000,600.000,-1,900.000,2,0,2,0,0,0,0,0,0,2,0,0,2,0,0,2,0
116,107.539,3773.314,69.312,14.630,0.965979,-0.251487,0.060317,0.255803,0.963435,-0.079737,-0.038059,0.092454,0.994989,0,0.88411,0.60760,53.046,1.215,-1,375.000,-1,350.000,775.000,300.000,300.000,300.000,300.000,-1,425.000,425.000,-1,725.000,600.000,-1,950.000,2,0,2,0,0,0,0,0,0,2,0,0,2,0,0,2,0
117,158.568,3787.797,68.246,15.845,0.960664,-0.271884,0.056609,0.275780,0.957959,-0.079117,-0.032718,0.091617,0.995257,0,0.88411,0.60760,53.046,1.215,-1,375.000,-1,350.000,825.000,300.000,300.000,300.000,300.000,-1,450.000,450.000,-1,725.000,625.000,-1,-1,2,0,2,0,0,0,0,0,0,2,0,0,2,0,0,2,2
118,209.279,3803.360,67.201,17.060,0.954896,-0.292159,0.053082,0.295662,0.952043,-0.078721,-0.027537,0.090865,0.995482,0,0.88411,0.60760,53.046,1.215,-1,375.000,-1,350.000,875.000,300.000,300.000,300.000,300.000,-1,450.000,475.000,-1,750.000,625.000,-1,-1,2,0,2,0,0,0,0,0,0,2,0,0,2,0,0,2,2
119,259.649,3819.994,66.173,18.275,0.948679,-0.312303,0.049755,0.315438,0.945691,-0.078537,-0.022525,0.090201,0.995669,0,0.88411,0.60760,53.046,1.215,-1,400.000,-1,375.000,950.000,325.000,300.000,300.000,300.000,-1,475.000,500.000,-1,775.000,650.000,-1,-1,2,0,2,0,0,0,0,0,0,2,0,0,2,0,0,2,2
120,309.654,3837.693,65.159,19.490,0.942017,-0.332306,0.046645,0.335097,0.938903,-0.078552,-0.017692,0.089627,0.995818,0,0.88411,0.60760,53.046,1.215,-1,400.000,-1,375.000,-1,325.000,300.000,300.000,275.000,-1,500.000,525.000,-1,800.000,675.000,-1,-1,2,0,2,0,2,0,0,0,0,2,0,0,2,0,0,2,2
121,359.273,3856.448,64.154,20.706,0.934916,-0.352159,0.043768,0.354628,0.931685,-0.078751,-0.013045,0.089147,0.995933,0,0.88411,0.60760,53.046,1.215,-1,400.000,-1,375.000,-1,325.000,325.000,300.000,275.000,-1,525.000,525.000,-1,825.000,675.000,-1,-1,2,0,2,0,2,0,0,0,0,2,0,0,2,0,0,2,2
122,408.483,3876.252,63.153,21.921,0.927380,-0.371851,0.041139,0.374021,0.924039,-0.079121,-0.008592,0.088762,0.996016,0,0.88411,0.60760,53.046,1.215,-1,400.000,-1,375.000,-1,325.000,325.000,300.000,275.000,-1,550.000,550.000,-1,850.000,700.000,-1,-1,2,0,2,0,2,0,0,0,0,2,0,0,2,0,0,2,2
123,457.262,3897.095,62.177,23.136,0.919417,-0.391371,0.038739,0.393261,0.915961,-0.079758,-0.004268,0.088566,0.996061,0,0.88411,0.60760,53.046,1.215,-1,425.000,-1,375.000,-1,325.000,325.000,300.000,275.000,-1,550.000,575.000,-1,875.000,725.000,-1,-1,2,0,2,0,2,0,0,0,0,2,0,0,2,0,0,2,2
124,505.587,3918.968,61.243,24.351,0.911035,-0.410706,0.036560,0.412330,0.907448,-0.080761,-0.000007,0.088651,0.996063,0,0.88411,0.60760,53.046,1.215,-1,425.000,-1,375.000,-1,325.000,325.000,300.000,275.000,-1,575.000,550.000,-1,900.000,725.000,-1,-1,2,0,2,0,2,0,0,0,0,2,0,0,2,0,0,2,2
125,553.440,3941.859,60.923,25.566,0.902169,-0.429934,0.035313,0.431376,0.898692,-0.079175,0.002304,0.086662,0.996235,0,0.88411,0.60760,53.046,1.215,-1,425.000,-1,400.000,-1,350.000,325.000,300.000,275.000,-1,600.000,550.000,-1,900.000,750.000,-1,-1,2,0,2,0,2,0,0,0,0,2,0,0,2,0,0,2,2
126,600.796,3965.759,60.804,26.782,0.892875,-0.448996,0.034305,0.450286,0.889568,-0.076888,0.004005,0.084098,0.996449,0,0.88411,0.60760,53.046,1.215,-1,425.000,-1,400.000,-1,350.000,325.000,300.000,275.000,-1,650.000,600.000,-1,925.000,775.000,-1,-1,2,0,2,0,2,0,0,0,0,2,0,0,2,0,0,2,2
127,647.635,3990.657,60.903,27.997,0.883158,-0.467885,0.033404,0.469048,0.880080,-0.073842,0.005152,0.080882,0.996710,0,0.88411,0.60760,53.046,1.215,-1,425.000,-1,400.000,-1,350.000,325.000,300.000,275.000,-1,700.000,675.000,-1,925.000,800.000,-1,-1,2,0,2,0,2,0,0,0,0,2,0,0,2,0,0,2,2
128,689.844,4014.024,61.011,28.972,0.875060,-0.482909,0.032692,0.483980,0.872193,-0.071009,0.005777,0.077959,0.996940,0,0.80411,0.48760,48.246,0.975,-1,425.000,-1,400.000,-1,350.000,325.000,300.000,275.000,-1,750.000,725.000,-1,925.000,825.000,-1,-1,2,0,2,0,2,0,0,0,0,2,0,0,2,0,0,2,2
129,727.581,4035.552,61.071,29.707,0.868781,-0.494155,0.032101,0.495160,0.866091,-0.068584,0.006089,0.075479,0.997129,0,0.72411,0.36760,43.446,0.735,-1,425.000,-1,400.000,-1,350.000,325.000,275.000,275.000,-1,800.000,800.000,-1,925.000,825.000,-1,-1,2,0,2,0,2,0,0,0,0,2,0,0,2,0,0,2,2
130,760.982,4054.992,61.260,30.202,0.864447,-0.501675,0.032459,0.502693,0.861877,-0.066835,0.005554,0.074093,0.997236,0,0.64411,0.24760,38.646,0.495,-1,425.000,-1,400.000,-1,350.000,325.000,275.000,275.000,-1,875.000,875.000,-1,900.000,850.000,-1,-1,2,0,2,0,2,0,0,0,0,2,0,0,2,0,0,2,2
131,793.210,4073.957,61.494,30.477,0.861994,-0.505825,0.033292,0.506900,0.859524,-0.065360,0.004445,0.073216,0.997306,0,0.62323,0.13703,37.394,0.274,-1,425.000,-1,400.000,-1,350.000,325.000,275.000,275.000,-1,950.000,975.000,-1,900.000,850.000,-1,-1,2,0,2,0,2,0,0,0,0,2,0,0,2,0,0,2,2
132,825.346,4093.075,61.674,30.751,0.859520,-0.509961,0.034131,0.511091,0.857146,-0.063919,0.003341,0.072384,0.997371,0,0.62323,0.13703,37.394,0.274,-1,425.000,-1,400.000,-1,325.000,325.000,275.000,275.000,-1,-1,-1,-1,900.000,850.000,-1,-1,2,0,2,0,2,0,0,0,0,2,2,2,2,0,0,2,2
133,857.391,4112.347,61.815,31.025,0.857028,-0.514082,0.034967,0.515265,0.854742,-0.062592,0.002289,0.071661,0.997426,0,0.62323,0.13703,37.394,0.274,-1,425.000,-1,400.000,-1,325.000,325.000,275.000,275.000,-1,-1,-1,-1,875.000,850.000,-1,-1,2,0,2,0,2,0,0,0,0,2,2,2,2,0,0,2,2
134,889.343,4131.773,61.921,31.299,0.854518,-0.518187,0.035799,0.519421,0.852310,-0.061400,0.001305,0.071062,0.997471,0,0.62323,0.13703,37.394,0.274,-1,425.000,-1,400.000,-1,325.000,325.000,275.000,275.000,-1,-1,-1,-1,875.000,850.000,-1,-1,2,0,2,0,2,0,0,0,0,2,2,2,2,0,0,2,2
135,921.202,4151.351,61.970,31.573,0.851987,-0.522279,0.036640,0.523562,0.849855,-0.060235,0.000321,0.070503,0.997511,0,0.62323,0.13703,37.394,0.274,-1,425.000,-1,400.000,-1,325.000,325.000,275.000,275.000,-1,-1,-1,-1,875.000,850.000,-1,-1,2,0,2,0,2,0,0,0,0,2,2,2,2,0,0,2,2
136,952.967,4171.081,61.962,31.847,0.849436,-0.526357,0.037493,0.527690,0.847378,-0.059099,-0.000663,0.069985,0.997548,0,0.62323,0.13703,37.394,0.274,-1,425.000,-1,400.000,-1,325.000,325.000,275.000,275.000,-1,-1,-1,-1,875.000,850.000,-1,-1,2,0,2,0,2,0,0,0,0,2,2,2,2,0,0,2,2
137,984.637,4190.963,61.897,32.121,0.846865,-0.530422,0.038356,0.531805,0.844879,-0.057991,-0.001647,0.069508,0.997580,0,0.62323,0.13703,37.394,0.274,-1,425.000,-1,400.000,-1,325.000,325.000,275.000,275.000,-1,-1,-1,-1,850.000,850.000,-1,-1,2,0,2,0,2,0,0,0,0,2,2,2,2,0,0,2,2
