timestep,x_cm,y_cm,z_cm,yaw_deg,basis_xx,basis_xy,basis_xz,basis_yx,basis_yy,basis_yz,basis_zx,basis_zy,basis_zz,teleport_flag,throttle_cmd,steering_cmd,cmd_move_cm,cmd_turn_deg,lidar_cm_0,lidar_cm_1,lidar_cm_2,lidar_cm_3,lidar_cm_4,lidar_cm_5,lidar_cm_6,lidar_cm_7,lidar_cm_8,lidar_cm_9,lidar_cm_10,lidar_cm_11,lidar_cm_12,lidar_cm_13,lidar_cm_14,lidar_cm_15,lidar_cm_16,lidar_class_0,lidar_class_1,lidar_class_2,lidar_class_3,lidar_class_4,lidar_class_5,lidar_class_6,lidar_class_7,lidar_class_8,lidar_class_9,lidar_class_10,lidar_class_11,lidar_class_12,lidar_class_13,lidar_class_14,lidar_class_15,lidar_class_16
0,8202.713,6884.059,195.836,-42.767,0.728617,0.677200,0.102550,-0.681124,0.732154,0.004523,-0.072020,-0.073145,0.994718,1,0.08000,-0.10084,4.800,-0.202,975.000,375.000,-1,350.000,925.000,300.000,300.000,300.000,300.000,-1,475.000,525.000,-1,625.000,625.000,-1,975.000,0,0,2,0,0,0,0,0,0,2,0,0,2,0,0,2,0
1,8209.737,6877.515,195.174,-42.969,0.726302,0.679764,0.102007,-0.683695,0.729750,0.005011,-0.071033,-0.073382,0.994771,0,0.16000,-0.10096,9.600,-0.202,1000.000,375.000,-1,350.000,950.000,300.000,300.000,300.000,300.000,-1,450.000,500.000,-1,625.000,625.000,-1,975.000,0,0,2,0,0,0,0,0,0,2,0,0,2,0,0,2,0
2,8220.239,6867.663,194.180,-43.171,0.724010,0.682326,0.101199,-0.686262,0.727332,0.005759,-0.069675,-0.073619,0.994850,0,0.24000,-0.10119,14.400,-0.202,1000.000,375.000,-1,350.000,950.000,300.000,300.000,300.000,300.000,-1,425.000,475.000,-1,625.000,625.000,-1,975.000,0,0,2,0,0,0,0,0,0,2,0,0,2,0,0,2,0
3,8234.195,6854.477,192.858,-43.374,0.721737,0.684887,0.100122,-0.688825,0.724896,0.006775,-0.067938,-0.073856,0.994952,0,0.32000,-0.10154,19.200,-0.203,1000.000,375.000,-1,375.000,950.000,300.000,300.000,300.000,300.000,-1,400.000,450.000,-1,625.000,625.000,-1,975.000,0,0,2,0,0,0,0,0,0,2,0,0,2,0,0,2,0
4,8251.582,6837.933,191.296,-43.578,0.719454,0.687448,0.099006,-0.691392,0.722436,0.007950,-0.066060,-0.074172,0.995055,0,0.40000,-0.10199,24.000,-0.204,1000.000,375.000,-1,375.000,950.000,300.000,300.000,300.000,300.000,-1,375.000,425.000,-1,625.000,625.000,-1,1000.000,0,0,2,0,0,0,0,0,0,2,0,0,2,0,0,2,0
5,8272.374,6818.006,189.594,-43.783,0.717127,0.690007,0.098078,-0.693968,0.719948,0.009119,-0.064319,-0.074602,0.995137,0,0.48000,-0.10254,28.800,-0.205,1000.000,375.000,-1,375.000,-1,300.000,300.000,300.000,300.000,-1,375.000,425.000,-1,625.000,625.000,-1,1000.000,0,0,2,0,2,0,0,0,0,2,0,0,2,0,0,2,0
6,8296.548,6794.670,187.634,-43.990,0.714797,0.692569,0.097024,-0.696549,0.717432,0.010511,-0.062329,-0.075095,0.995227,0,0.56000,-0.10315,33.600,-0.206,1000.000,375.000,-1,375.000,-1,300.000,300.000,300.000,300.000,-1,375.000,400.000,-1,625.000,625.000,-1,-1,0,0,2,0,2,0,0,0,0,2,0,0,2,0,0,2,2
7,8324.079,6767.900,185.425,-44.197,0.712461,0.695135,0.095852,-0.699135,0.714887,0.012135,-0.060088,-0.075659,0.995322,0,0.64000,-0.10382,38.400,-0.208,1000.000,375.000,-1,375.000,-1,300.000,300.000,300.000,300.000,-1,375.000,400.000,-1,625.000,625.000,-1,-1,0,0,2,0,2,0,0,0,0,2,0,0,2,0,0,2,2
8,8354.940,6737.671,182.981,-44.406,0.710117,0.697704,0.094569,-0.701724,0.712311,0.014000,-0.057595,-0.076303,0.995420,0,0.72000,-0.10452,43.200,-0.209,1000.000,375.000,-1,350.000,-1,300.000,300.000,300.000,300.000,-1,375.000,400.000,-1,625.000,625.000,-1,-1,0,0,2,0,2,0,0,0,0,2,0,0,2,0,0,2,2
9,8389.108,6703.958,180.312,-44.617,0.707765,0.700275,0.093186,-0.704316,0.709704,0.016116,-0.054849,-0.077038,0.995518,0,0.80000,-0.10520,48.000,-0.210,1000.000,375.000,-1,350.000,-1,300.000,300.000,300.000,300.000,-1,375.000,400.000,-1,650.000,625.000,-1,-1,0,0,2,0,2,0,0,0,0,2,0,0,2,0,0,2,2
10,8425.736,6667.549,177.496,-44.829,0.705399,0.702848,0.091743,-0.706907,0.707066,0.018439,-0.051909,-0.077861,0.995612,0,0.86077,-0.10585,51.646,-0.212,-1,375.000,-1,350.000,-1,300.000,300.000,300.000,300.000,-1,375.000,400.000,-1,650.000,625.000,-1,-1,2,0,2,0,2,0,0,0,0,2,0,0,2,0,0,2,2
11,8462.151,6631.079,175.087,-45.041,0.703145,0.705483,0.088771,-0.709434,0.704465,0.020795,-0.047866,-0.077599,0.995835,0,0.85896,-0.10641,51.538,-0.213,-1,375.000,-1,350.000,-1,300.000,300.000,300.000,300.000,-1,375.000,400.000,-1,650.000,625.000,-1,-1,2,0,2,0,2,0,0,0,0,2,0,0,2,0,0,2,2
12,8498.352,6594.555,173.140,-45.255,0.700929,0.708060,0.085724,-0.711957,0.701786,0.024780,-0.042614,-0.078401,0.996011,0,0.85710,-0.10681,51.426,-0.214,-1,375.000,-1,375.000,-1,300.000,300.000,300.000,300.000,-1,350.000,375.000,-1,675.000,625.000,-1,-1,2,0,2,0,2,0,0,0,1,2,0,0,2,0,0,2,2
13,8534.337,6557.976,171.205,-45.469,0.698667,0.710623,0.082938,-0.714462,0.699081,0.028793,-0.037519,-0.079373,0.996139,0,0.85520,-0.10706,51.312,-0.214,-1,375.000,-1,375.000,-1,325.000,300.000,300.000,300.000,-1,350.000,375.000,-1,675.000,650.000,-1,-1,2,0,2,0,2,0,0,0,1,2,0,0,2,0,0,2,2
14,8570.104,6521.345,169.283,-45.683,0.696366,0.713168,0.080414,-0.716947,0.696354,0.032830,-0.032583,-0.080514,0.996221,0,0.85329,-0.10716,51.197,-0.214,-1,375.000,-1,375.000,-1,325.000,300.000,300.000,300.000,-1,350.000,375.000,-1,700.000,675.000,-1,-1,2,0,2,0,2,0,0,0,0,2,0,0,2,0,0,2,2
15,8605.655,6484.664,167.413,-45.898,0.694020,0.715681,0.078339,-0.719414,0.693600,0.036905,-0.027923,-0.081971,0.996243,0,0.85137,-0.10711,51.082,-0.214,-1,375.000,-1,375.000,-1,325.000,325.000,300.000,300.000,-1,325.000,350.000,-1,725.000,700.000,-1,-1,2,0,2,0,2,0,0,0,0,2,0,0,2,0,0,2,2
16,8640.990,6447.931,165.937,-46.111,0.691566,0.718195,0.077020,-0.721894,0.690857,0.039829,-0.024605,-0.083145,0.996234,0,0.84948,-0.10692,50.969,-0.214,-1,375.000,-1,375.000,-1,325.000,325.000,300.000,300.000,-1,325.000,375.000,-1,725.000,725.000,-1,-1,2,0,2,0,2,0,0,0,0,2,0,0,2,0,0,2,2
17,8676.111,6411.148,164.639,-46.325,0.689067,0.720722,0.075804,-0.724364,0.688144,0.041880,-0.021980,-0.083768,0.996243,0,0.84763,-0.10657,50.858,-0.213,-1,400.000,-1,375.000,-1,325.000,325.000,275.000,300.000,-1,350.000,400.000,-1,725.000,725.000,-1,-1,2,0,2,0,2,0,0,0,0,2,0,0,2,0,0,2,2
18,8711.021,6374.313,163.352,-46.537,0.686556,0.723220,0.074794,-0.726815,0.685428,0.043904,-0.019514,-0.084504,0.996232,0,0.84583,-0.10608,50.750,-0.212,-1,400.000,-1,375.000,-1,325.000,325.000,275.000,300.000,-1,375.000,425.000,-1,725.000,750.000,-1,-1,2,0,2,0,2,0,0,0,0,2,0,0,2,0,0,2,2
19,8745.725,6337.425,162.076,-46.748,0.684037,0.725685,0.073989,-0.729245,0.682712,0.045898,-0.017206,-0.085352,0.996202,0,0.84411,-0.10545,50.646,-0.211,-1,400.000,-1,375.000,-1,325.000,325.000,275.000,300.000,-1,400.000,425.000,-1,750.000,775.000,-1,-1,2,0,2,0,2,0,0,0,0,2,0,0,2,0,0,2,2
20,8780.227,6300.483,160.812,-46.957,0.681516,0.728115,0.073387,-0.731649,0.680000,0.047861,-0.015055,-0.086311,0.996154,0,0.84247,-0.10467,50.548,-0.209,-1,400.000,-1,400.000,-1,325.000,325.000,275.000,300.000,-1,400.000,400.000,-1,750.000,775.000,-1,-1,2,0,2,0,2,0,0,0,0,2,0,0,2,0,0,2,2
21,8814.532,6263.484,159.702,-47.165,0.679036,0.730542,0.072244,-0.733997,0.677329,0.049740,-0.012596,-0.086803,0.996146,0,0.84093,-0.10376,50.456,-0.208,-1,400.000,-1,400.000,-1,325.000,325.000,275.000,300.000,-1,375.000,400.000,-1,750.000,800.000,-1,-1,2,0,2,0,2,0,0,0,0,2,0,0,2,0,0,2,2
22,8848.645,6226.424,158.687,-47.370,0.676583,0.732952,0.070830,-0.736298,0.674692,0.051533,-0.010018,-0.087018,0.996156,0,0.83950,-0.10272,50.370,-0.205,-1,400.000,-1,400.000,-1,325.000,325.000,275.000,300.000,-1,350.000,375.000,-1,750.000,825.000,-1,-1,2,0,2,0,2,0,0,0,0,2,0,0,2,0,0,2,2
23,8882.574,6189.301,157.754,-47.573,0.674102,0.735356,0.069551,-0.738593,0.672106,0.052475,-0.008158,-0.086744,0.996197,0,0.83819,-0.10155,50.291,-0.203,-1,400.000,-1,400.000,-1,325.000,325.000,275.000,300.000,-1,350.000,375.000,-1,750.000,825.000,-1,-1,2,0,2,0,2,0,0,0,0,2,0,0,2,0,0,2,2
24,8916.325,6152.112,157.108,-47.774,0.671554,0.737770,0.068635,-0.740916,0.669588,0.051920,-0.007652,-0.085720,0.996290,0,0.83701,-0.10025,50.221,-0.201,-1,425.000,-1,400.000,-1,325.000,325.000,275.000,275.000,-1,400.000,400.000,-1,775.000,825.000,-1,-1,2,0,2,0,2,0,0,0,0,2,0,0,2,0,0,2,2
25,8946.591,6118.244,156.747,-48.214,0.665830,0.742881,0.069273,-0.746063,0.663883,0.051469,-0.007754,-0.085952,0.996269,0,0.75701,-0.22025,45.421,-0.441,-1,425.000,-1,400.000,-1,325.000,325.000,275.000,275.000,-1,475.000,475.000,-1,750.000,825.000,-1,-1,2,0,2,0,2,0,0,0,0,2,0,0,2,0,0,2,2
26,8973.298,6087.636,156.397,-48.895,0.656937,0.750690,0.069994,-0.753908,0.654992,0.051060,-0.007515,-0.086312,0.996240,0,0.67701,-0.34025,40.621,-0.681,-1,400.000,-1,400.000,-1,350.000,325.000,275.000,275.000,-1,525.000,525.000,-1,750.000,825.000,-1,-1,2,0,2,0,2,0,0,0,0,2,0,0,2,0,0,2,2
27,8996.667,6059.969,156.082,-49.815,0.644782,0.761084,0.070768,-0.764336,0.642821,0.050711,-0.006896,-0.086788,0.996203,0,0.60359,-0.46025,36.215,-0.921,-1,400.000,-1,400.000,-1,350.000,325.000,275.000,275.000,-1,575.000,575.000,-1,750.000,825.000,-1,-1,2,0,2,0,2,0,0,0,0,2,0,0,2,0,0,2,2
28,9019.473,6031.830,155.780,-50.976,0.629233,0.773904,0.071683,-0.777194,0.627240,0.050398,-0.005959,-0.087423,0.996153,0,0.60366,-0.58025,36.219,-1.161,-1,400.000,-1,400.000,-1,350.000,325.000,275.000,275.000,-1,650.000,650.000,-1,750.000,825.000,-1,-1,2,0,2,0,2,0,0,0,0,2,0,0,2,0,0,2,2
29,9041.689,6003.202,155.489,-52.190,0.612688,0.786969,0.072750,-0.790309,0.610654,0.050129,-0.004975,-0.088209,0.996090,0,0.60393,-0.60722,36.236,-1.214,-1,400.000,-1,400.000,-1,350.000,325.000,275.000,275.000,-1,700.000,700.000,-1,725.000,825.000,-1,-1,2,0,2,0,2,0,0,0,0,2,0,0,2,0,0,2,2
30,9063.305,5974.094,155.166,-53.402,0.595891,0.799656,0.073917,-0.803055,0.593830,0.049690,-0.004159,-0.088970,0.996026,0,0.60426,-0.60605,36.256,-1.212,-1,400.000,-1,400.000,-1,350.000,325.000,275.000,275.000,-1,775.000,775.000,-1,725.000,825.000,-1,-1,2,0,2,0,2,0,0,0,0,2,0,0,2,0,0,2,2
31,9084.314,5944.519,154.752,-54.612,0.578838,0.811978,0.075095,-0.815435,0.576787,0.048812,-0.003679,-0.089489,0.995981,0,0.60460,-0.60488,36.276,-1.210,-1,400.000,-1,400.000,-1,350.000,325.000,275.000,275.000,-1,825.000,850.000,-1,725.000,800.000,-1,-1,2,0,2,0,2,0,0,0,0,2,0,0,2,0,0,2,2
32,9104.707,5914.492,154.371,-55.819,0.561563,0.823898,0.076418,-0.827428,0.559513,0.048040,-0.003177,-0.090207,0.995918,0,0.60494,-0.60371,36.296,-1.207,-1,400.000,-1,400.000,-1,325.000,325.000,275.000,275.000,-1,875.000,925.000,-1,700.000,800.000,-1,-1,2,0,2,0,2,0,0,0,0,2,0,0,2,0,0,2,2
33,9124.474,5884.024,154.242,-57.024,0.544133,0.835482,0.076745,-0.838997,0.542061,0.047478,-0.001933,-0.090223,0.995920,0,0.60529,-0.60254,36.317,-1.205,-1,400.000,-1,400.000,-1,325.000,325.000,275.000,275.000,-1,900.000,950.000,-1,700.000,800.000,-1,-1,2,0,2,0,2,0,0,0,0,2,0,0,2,0,0,2,2
34,9143.609,5853.130,154.154,-58.227,0.526503,0.846662,0.077185,-0.850173,0.524397,0.047053,-0.000638,-0.090394,0.995906,0,0.60564,-0.60136,36.339,-1.203,-1,400.000,-1,400.000,-1,325.000,325.000,275.000,275.000,-1,950.000,1000.000,-1,700.000,800.000,-1,-1,2,0,2,0,2,0,0,0,0,2,0,0,2,0,0,2,2
35,9162.103,5821.824,154.103,-59.428,0.508681,0.857435,0.077769,-0.860955,0.506529,0.046750,0.000692,-0.090736,0.995875,0,0.60600,-0.60019,36.360,-1.200,-1,400.000,-1,400.000,-1,325.000,325.000,275.000,275.000,-1,1000.000,-1,-1,700.000,800.000,-1,-1,2,0,2,0,2,0,0,0,0,2,0,2,2,0,0,2,2
36,9179.949,5790.118,154.276,-60.626,0.490629,0.867857,0.078146,-0.871367,0.488502,0.045663,0.001455,-0.090497,0.995896,0,0.60637,-0.59901,36.382,-1.198,-1,375.000,-1,400.000,-1,325.000,325.000,275.000,275.000,-1,-1,-1,-1,675.000,800.000,-1,-1,2,0,2,0,2,0,0,0,0,2,2,2,2,0,0,2,2
37,9197.140,5758.028,154.501,-61.821,0.472398,0.877873,0.078606,-0.881383,0.470292,0.044616,0.002200,-0.090359,0.995907,0,0.60673,-0.59784,36.404,-1.196,-1,375.000,-1,400.000,-1,325.000,325.000,275.000,275.000,-1,-1,-1,-1,675.000,800.000,-1,-1,2,0,2,0,2,0,0,0,0,2,2,2,2,0,0,2,2
38,9213.669,5725.566,154.852,-63.015,0.454026,0.887504,0.078718,-0.890982,0.451921,0.043797,0.003296,-0.090022,0.995934,0,0.60710,-0.59666,36.426,-1.193,-1,375.000,-1,400.000,-1,325.000,325.000,275.000,275.000,-1,-1,-1,-1,675.000,800.000,-1,-1,2,0,2,0,2,0,0,0,0,2,2,2,2,0,0,2,2
39,9229.529,5692.748,155.381,-64.206,0.435530,0.896760,0.078330,-0.900161,0.433403,0.043261,0.004846,-0.089351,0.995988,0,0.60748,-0.59549,36.449,-1.191,-1,375.000,-1,400.000,-1,325.000,325.000,275.000,300.000,-1,-1,-1,-1,675.000,800.000,-1,-1,2,0,2,0,2,0,0,0,0,2,2,2,2,0,0,2,2
40,9244.714,5659.587,155.938,-65.394,0.416890,0.905604,0.078004,-0.908934,0.414728,0.042894,0.006494,-0.088783,0.996030,0,0.60785,-0.59432,36.471,-1.189,-1,375.000,-1,400.000,-1,325.000,325.000,275.000,300.000,-1,-1,-1,-1,675.000,825.000,-1,-1,2,0,2,0,2,0,0,0,0,2,2,2,2,0,0,2,2
41,9259.218,5626.098,156.517,-66.581,0.398118,0.914036,0.077722,-0.917297,0.395908,0.042695,0.008254,-0.088292,0.996060,0,0.60823,-0.59314,36.494,-1.186,-1,375.000,-1,400.000,-1,325.000,325.000,275.000,300.000,-1,-1,-1,-1,675.000,825.000,-1,-1,2,0,2,0,2,0,0,0,0,2,2,2,2,0,0,2,2
42,9273.036,5592.296,157.119,-67.764,0.379222,0.922055,0.077493,-0.925250,0.376951,0.042654,0.010119,-0.087876,0.996080,0,0.60861,-0.59197,36.517,-1.184,-1,375.000,-1,400.000,-1,325.000,325.000,275.000,300.000,-1,-1,-1,-1,675.000,825.000,-1,-1,2,0,2,0,2,0,0,0,0,2,2,2,2,0,0,2,2
43,9286.163,5558.195,157.744,-68.946,0.360211,0.929661,0.077324,-0.932793,0.357868,0.042763,0.012083,-0.087531,0.996089,0,0.60899,-0.59080,36.539,-1.182,-1,375.000,-1,400.000,-1,325.000,325.000,275.000,300.000,-1,-1,-1,-1,675.000,825.000,-1,-1,2,0,2,0,2,0,0,0,0,2,2,2,2,0,0,2,2
44,9298.592,5523.809,158.392,-70.125,0.341094,0.936852,0.077223,-0.939923,0.338667,0.043011,0.014142,-0.087254,0.996086,0,0.60937,-0.58964,36.562,-1.179,-1,375.000,-1,400.000,-1,325.000,325.000,275.000,300.000,-1,-1,-1,-1,675.000,850.000,-1,-1,2,0,2,0,2,0,0,0,0,2,2,2,2,0,0,2,2
45,9310.320,5489.153,159.065,-71.302,0.321881,0.943628,0.077197,-0.946640,0.319359,0.043386,0.016287,-0.087043,0.996071,0,0.60975,-0.58847,36.585,-1.177,-1,375.000,-1,400.000,-1,325.000,325.000,275.000,300.000,-1,-1,-1,-1,675.000,850.000,-1,-1,2,0,2,0,2,0,0,0,0,2,2,2,2,0,0,2,2
46,9321.342,5454.243,159.762,-72.477,0.302578,0.949989,0.077251,-0.952945,0.299952,0.043879,0.018513,-0.086892,0.996046,0,0.61013,-0.58731,36.608,-1.175,-1,375.000,-1,425.000,-1,325.000,325.000,275.000,300.000,-1,-1,-1,-1,675.000,875.000,-1,-1,2,0,2,0,2,0,0,0,0,2,2,2,2,0,1,2,2
47,9331.654,5419.093,160.485,-73.649,0.283196,0.955934,0.077390,-0.958836,0.280455,0.044476,0.020812,-0.086800,0.996008,0,0.61051,-0.58615,36.631,-1.172,-1,375.000,-1,425.000,-1,325.000,325.000,275.000,300.000,-1,-1,-1,-1,675.000,875.000,-1,-1,2,0,2,0,2,0,0,0,0,2,2,2,2,0,1,2,2
48,9341.252,5383.717,161.327,-74.819,0.263712,0.961496,0.077339,-0.964330,0.260887,0.044782,0.022881,-0.086390,0.995999,0,0.61089,-0.58499,36.653,-1.170,-1,375.000,-1,425.000,-1,325.000,325.000,275.000,300.000,-1,-1,-1,-1,700.000,875.000,-1,-1,2,0,2,0,2,0,0,0,0,2,2,2,2,0,1,2,2
49,9350.131,5348.132,162.333,-75.987,0.244116,0.966689,0.076941,-0.969435,0.241258,0.044622,0.024573,-0.085482,0.996037,0,0.61127,-0.58384,36.676,-1.168,-1,375.000,-1,425.000,-1,325.000,325.000,275.000,300.000,-1,-1,-1,-1,700.000,875.000,-1,-1,2,0,2,0,2,0,0,0,0,2,2,2,2,0,1,2,2
50,9358.774,5310.347,163.382,-77.115,0.225107,0.971335,0.076395,-0.973976,0.222206,0.044661,0.026405,-0.084461,0.996077,0,0.64598,-0.56383,38.759,-1.128,-1,375.000,-1,425.000,-1,325.000,350.000,275.000,300.000,-1,-1,-1,-1,700.000,850.000,-1,-1,2,0,2,0,2,0,0,0,0,2,2,2,2,0,1,2,2
51,9366.696,5272.267,164.211,-78.244,0.205954,0.975684,0.074996,-0.978152,0.203046,0.044614,0.028302,-0.082546,0.996185,0,0.64824,-0.56484,38.895,-1.130,-1,375.000,-1,425.000,-1,325.000,350.000,275.000,300.000,-1,-1,-1,-1,700.000,850.000,-1,-1,2,0,2,0,2,0,0,0,0,2,2,2,2,0,1,2,2
52,9373.898,5234.737,164.904,-79.134,0.190760,0.978900,0.073251,-0.981196,0.187906,0.044117,0.029422,-0.080289,0.996337,0,0.63691,-0.44484,38.214,-0.890,-1,375.000,-1,425.000,-1,325.000,350.000,275.000,300.000,-1,-1,-1,-1,700.000,825.000,-1,-1,2,0,2,0,2,0,0,0,0,2,2,2,2,0,1,2,2
53,9380.697,5196.997,165.711,-79.784,0.179591,0.981156,0.071279,-0.983285,0.176829,0.043383,0.029961,-0.077879,0.996513,0,0.63912,-0.32484,38.347,-0.650,-1,375.000,-1,425.000,-1,325.000,350.000,275.000,300.000,-1,-1,-1,-1,700.000,825.000,-1,-1,2,0,2,0,2,0,0,0,0,2,2,2,2,0,1,2,2
54,9387.249,5159.082,166.604,-80.193,0.172453,0.982583,0.069215,-0.984574,0.169841,0.042040,0.029553,-0.075397,0.996716,0,0.64128,-0.20484,38.477,-0.410,-1,375.000,-1,425.000,-1,325.000,350.000,275.000,300.000,-1,-1,-1,-1,700.000,800.000,-1,-1,2,0,2,0,2,0,0,0,0,2,2,2,2,0,1,2,2
55,9393.709,5121.026,167.507,-80.363,0.169423,0.983248,0.067220,-0.985121,0.166959,0.040752,0.028846,-0.073124,0.996906,0,0.64335,-0.08484,38.601,-0.170,-1,375.000,-1,425.000,-1,325.000,350.000,275.000,300.000,-1,-1,-1,-1,700.000,775.000,-1,-1,2,0,2,0,2,0,0,0,0,2,2,2,2,0,1,2,2
56,9400.236,5082.861,168.423,-80.293,0.170509,0.983193,0.065252,-0.984961,0.168192,0.039539,0.027900,-0.071013,0.997085,0,0.64531,0.03516,38.719,0.070,-1,375.000,-1,425.000,-1,325.000,325.000,275.000,275.000,-1,-1,-1,-1,700.000,775.000,-1,-1,2,0,2,0,2,0,0,0,0,2,2,2,2,0,1,2,2
57,9406.989,5044.625,169.348,-79.982,0.175714,0.982403,0.063320,-0.984078,0.173538,0.038401,0.026736,-0.069060,0.997254,0,0.64713,0.15516,38.828,0.310,-1,375.000,-1,425.000,1000.000,325.000,325.000,275.000,275.000,-1,-1,-1,-1,700.000,750.000,-1,-1,2,0,2,0,1,0,0,0,0,2,2,2,2,0,1,2,2
58,9414.127,5006.358,170.276,-79.432,0.185027,0.980811,0.061434,-0.982406,0.182989,0.037337,0.025379,-0.067261,0.997413,0,0.64878,0.27516,38.927,0.550,-1,375.000,-1,425.000,950.000,325.000,325.000,275.000,300.000,-1,-1,-1,-1,700.000,750.000,-1,-1,2,0,2,0,1,0,0,0,0,2,2,2,2,0,1,2,2
59,9421.747,4968.097,171.205,-78.735,0.196826,0.978626,0.059593,-0.980146,0.194919,0.036339,0.023946,-0.065563,0.997561,0,0.65022,0.34822,39.013,0.696,-1,375.000,-1,425.000,925.000,325.000,325.000,275.000,300.000,-1,-1,-1,-1,675.000,725.000,-1,-1,2,0,2,1,1,0,0,0,0,2,2,2,2,0,1,2,2
60,9429.842,4929.858,172.139,-78.044,0.208514,0.976311,0.057786,-0.977758,0.206729,0.035389,0.022604,-0.063880,0.997702,0,0.65144,0.34548,39.087,0.691,-1,375.000,-1,425.000,900.000,325.000,325.000,275.000,300.000,-1,-1,-1,-1,675.000,725.000,-1,-1,2,0,2,1,1,0,0,0,0,2,2,2,2,0,1,2,2
61,9438.409,4891.657,173.077,-77.359,0.220085,0.973871,0.056014,-0.975247,0.218412,0.034491,0.021356,-0.062219,0.997834,0,0.65251,0.34259,39.151,0.685,-1,375.000,-1,400.000,850.000,325.000,325.000,275.000,300.000,-1,-1,-1,-1,675.000,725.000,-1,-1,2,0,2,1,1,0,0,0,0,2,2,2,2,0,1,2,2
62,9447.440,4853.507,174.023,-76.680,0.231532,0.971312,0.054279,-0.972618,0.229962,0.033652,0.020204,-0.060585,0.997959,0,0.65340,0.33955,39.204,0.679,-1,375.000,-1,400.000,825.000,325.000,325.000,300.000,300.000,-1,-1,-1,-1,675.000,725.000,-1,-1,2,0,2,1,1,0,0,0,0,2,2,2,2,0,1,2,2
63,9456.929,4815.425,174.978,-76.008,0.242848,0.968638,0.052583,-0.969875,0.241374,0.032876,0.019153,-0.058983,0.998075,0,0.65411,0.33635,39.247,0.673,-1,375.000,-1,400.000,800.000,300.000,325.000,300.000,300.000,-1,-1,-1,-1,675.000,725.000,-1,-1,2,0,2,1,1,0,0,0,0,2,2,2,2,0,1,2,2
64,9466.867,4777.426,175.943,-75.342,0.254028,0.965855,0.050926,-0.967026,0.252639,0.032169,0.018205,-0.057419,0.998184,0,0.65462,0.33300,39.277,0.666,-1,375.000,-1,400.000,775.000,300.000,325.000,300.000,300.000,-1,-1,-1,-1,675.000,750.000,-1,-1,2,0,2,1,1,0,0,0,0,2,2,2,2,0,1,2,2
65,9477.247,4739.527,176.920,-74.683,0.265065,0.962969,0.049310,-0.964074,0.263754,0.031536,0.017362,-0.055897,0.998286,0,0.65492,0.32950,39.295,0.659,-1,375.000,-1,400.000,775.000,300.000,325.000,300.000,325.000,-1,-1,-1,-1,675.000,750.000,-1,-1,2,0,2,1,1,0,0,0,0,2,2,2,2,0,1,2,2
66,9488.058,4701.743,177.910,-74.031,0.275953,0.959985,0.047735,-0.961027,0.274712,0.030981,0.016628,-0.054424,0.998379,0,0.65500,0.32584,39.300,0.652,-1,375.000,-1,400.000,750.000,300.000,325.000,300.000,325.000,-1,-1,-1,-1,675.000,775.000,-1,-1,2,0,2,1,1,0,0,0,0,2,2,2,2,0,1,2,2
67,9499.290,4664.093,178.755,-73.387,0.286699,0.956940,0.045505,-0.957879,0.285516,0.030791,0.016472,-0.052416,0.998489,0,0.65484,0.32202,39.290,0.644,-1,375.000,-1,400.000,750.000,300.000,325.000,300.000,325.000,-1,-1,-1,-1,675.000,800.000,-1,-1,2,0,2,1,1,0,0,0,0,2,2,2,2,0,1,2,2
68,9510.932,4626.593,179.629,-72.751,0.297332,0.953804,0.043034,-0.954613,0.296151,0.031758,0.017546,-0.050524,0.998569,0,0.65443,0.31806,39.266,0.636,-1,375.000,-1,425.000,900.000,325.000,325.000,300.000,325.000,-1,-1,-1,-1,675.000,875.000,-1,-1,2,0,2,0,1,0,0,0,0,2,2,2,2,0,1,2,2
69,9522.973,4589.261,180.617,-72.123,0.307809,0.950571,0.040851,-0.951259,0.306609,0.033111,0.018950,-0.049052,0.998616,0,0.65376,0.31396,39.225,0.628,-1,375.000,-1,425.000,-1,325.000,325.000,300.000,325.000,-1,-1,-1,-1,675.000,925.000,-1,-1,2,0,2,0,2,0,0,0,0,2,2,2,2,0,0,2,2
70,9535.398,4552.115,181.499,-71.503,0.318082,0.947286,0.038378,-0.947852,0.316896,0.033976,0.020023,-0.047184,0.998686,0,0.65282,0.30971,39.169,0.619,-1,375.000,-1,425.000,-1,325.000,325.000,300.000,325.000,-1,-1,-1,-1,700.000,925.000,-1,-1,2,0,2,0,2,0,0,0,0,2,2,2,2,0,0,2,2
71,9548.195,4515.173,182.244,-70.893,0.328155,0.943949,0.035708,-0.944394,0.327007,0.034457,0.020849,-0.045030,0.998768,0,0.65160,0.30534,39.096,0.611,-1,375.000,-1,425.000,-1,325.000,325.000,300.000,325.000,-1,-1,825.000,-1,700.000,950.000,-1,-1,2,0,2,0,2,0,0,0,0,2,2,0,2,0,0,2,2
72,9561.348,4478.452,182.839,-70.291,0.338028,0.940561,0.032890,-0.940891,0.336937,0.034598,0.021460,-0.042641,0.998860,0,0.65010,0.30084,39.006,0.602,-1,375.000,-1,425.000,-1,325.000,325.000,300.000,325.000,-1,-1,750.000,-1,700.000,950.000,-1,-1,2,0,2,0,2,0,0,0,1,2,2,0,2,0,0,2,2
73,9574.843,4441.969,183.194,-69.699,0.347687,0.937115,0.030496,-0.937370,0.346677,0.033951,0.021244,-0.040390,0.998958,0,0.64831,0.29624,38.899,0.592,-1,375.000,-1,425.000,-1,325.000,325.000,300.000,300.000,-1,-1,700.000,-1,700.000,950.000,-1,-1,2,0,2,0,2,0,0,0,1,2,2,0,2,0,0,2,2
74,9590.256,4401.078,183.524,-69.346,0.353377,0.935072,0.027660,-0.935248,0.352476,0.032736,0.020861,-0.037437,0.999081,0,0.72831,0.17624,43.699,0.352,-1,375.000,-1,425.000,-1,325.000,325.000,300.000,300.000,-1,-1,675.000,-1,700.000,925.000,-1,-1,2,0,2,0,2,0,0,0,1,2,2,0,2,0,0,2,2
75,9607.450,4355.730,183.837,-69.234,0.355125,0.934502,0.024358,-0.934600,0.354358,0.030874,0.020220,-0.033729,0.999226,0,0.80831,0.05624,48.499,0.112,-1,375.000,-1,400.000,-1,325.000,325.000,300.000,275.000,-1,-1,700.000,-1,700.000,925.000,-1,-1,2,0,2,0,2,0,0,0,1,2,2,0,2,0,0,2,2
76,9626.235,4305.851,184.164,-69.361,0.352940,0.935419,0.020600,-0.935447,0.352326,0.028377,0.019286,-0.029285,0.999385,0,0.88831,-0.06376,53.299,-0.128,-1,375.000,-1,400.000,-1,300.000,325.000,300.000,250.000,-1,-1,775.000,-1,700.000,900.000,-1,-1,2,0,2,0,2,0,0,0,1,2,2,0,2,0,0,2,2
77,9644.715,4255.814,185.121,-69.729,0.346901,0.937724,0.018246,-0.937689,0.346342,0.028041,0.019975,-0.026836,0.999440,0,0.88902,-0.18376,53.341,-0.368,-1,375.000,-1,400.000,-1,300.000,325.000,300.000,250.000,-1,-1,800.000,-1,725.000,925.000,-1,-1,2,0,2,0,2,0,0,0,1,2,2,0,2,0,0,2,2
78,9662.805,4205.817,186.169,-70.108,0.340648,0.940055,0.015993,-0.939966,0.340145,0.027661,0.020563,-0.024455,0.999489,0,0.88616,-0.18974,53.169,-0.379,-1,375.000,-1,400.000,-1,300.000,325.000,300.000,250.000,-1,-1,850.000,-1,750.000,925.000,-1,-1,2,0,2,0,2,0,0,0,1,2,2,0,2,0,0,2,2
79,9680.498,4155.879,187.305,-70.491,0.334328,0.942355,0.013838,-0.942222,0.333881,0.027238,0.021048,-0.022145,0.999533,0,0.88299,-0.19121,52.979,-0.382,-1,375.000,-1,425.000,-1,300.000,325.000,300.000,225.000,-1,-1,900.000,-1,775.000,950.000,-1,-1,2,0,2,0,2,0,0,0,1,2,2,0,2,0,0,2,2
80,9697.787,4106.019,188.524,-70.875,0.327950,0.944622,0.011778,-0.944452,0.327558,0.026770,0.021430,-0.019903,0.999572,0,0.87954,-0.19247,52.772,-0.385,-1,375.000,-1,425.000,-1,325.000,325.000,300.000,225.000,-1,-1,975.000,-1,800.000,1000.000,-1,-1,2,0,2,0,2,0,0,0,1,2,2,0,2,0,0,2,2
81,9714.667,4056.253,189.825,-71.263,0.321522,0.946851,0.009810,-0.946653,0.321182,0.026258,0.021711,-0.017729,0.999607,0,0.87584,-0.19352,52.550,-0.387,-1,375.000,-1,425.000,-1,325.000,325.000,300.000,225.000,-1,-1,-1,-1,800.000,-1,-1,-1,2,0,2,0,2,0,0,0,1,2,2,2,2,0,2,2,2
82,9731.136,4006.598,191.427,-71.651,0.315061,0.949030,0.008917,-0.948834,0.314758,0.025336,0.021238,-0.016443,0.999639,0,0.87192,-0.19436,52.315,-0.389,-1,400.000,-1,425.000,-1,325.000,350.000,300.000,225.000,-1,-1,-1,-1,825.000,-1,-1,-1,2,0,2,0,2,0,0,0,1,2,2,2,2,0,2,2,2
83,9747.191,3957.064,192.750,-72.041,0.308534,0.951187,0.007138,-0.951008,0.308303,0.023072,0.019745,-0.013907,0.999708,0,0.86785,-0.19498,52.071,-0.390,-1,400.000,-1,425.000,-1,325.000,350.000,300.000,225.000,-1,-1,-1,-1,825.000,-1,-1,-1,2,0,2,0,2,0,0,0,1,2,2,2,2,0,2,2,2
84,9762.832,3907.661,193.840,-72.432,0.301967,0.953309,0.004310,-0.953143,0.301822,0.020527,0.018267,-0.010307,0.999780,0,0.86366,-0.19539,51.820,-0.391,-1,400.000,-1,425.000,-1,325.000,350.000,300.000,225.000,-1,-1,-1,-1,850.000,-1,-1,-1,2,0,2,0,2,0,0,0,1,2,2,2,2,0,2,2,2
85,9778.060,3858.396,194.739,-72.823,0.295386,0.955378,0.001033,-0.955219,0.295316,0.018568,0.017434,-0.006472,0.999827,0,0.85942,-0.19557,51.565,-0.391,-1,400.000,-1,425.000,-1,325.000,350.000,300.000,225.000,-1,-1,-1,-1,875.000,-1,-1,-1,2,0,2,0,2,0,0,0,1,2,2,2,2,0,2,2,2
86,9792.878,3809.271,195.026,-73.214,0.288822,0.957383,-0.000655,-0.957247,0.288792,0.016649,0.016129,-0.004181,0.999861,0,0.85519,-0.19553,51.312,-0.391,-1,400.000,-1,425.000,-1,325.000,350.000,300.000,225.000,-1,-1,-1,-1,875.000,-1,-1,-1,2,0,2,0,2,0,0,0,1,2,2,2,2,0,2,2,2
87,9807.291,3760.285,194.969,-73.605,0.282265,0.959335,-0.001772,-0.959229,0.282261,0.014439,0.014352,-0.002376,0.999894,0,0.85103,-0.19529,51.062,-0.391,-1,400.000,-1,425.000,-1,325.000,350.000,300.000,225.000,-1,-1,-1,-1,900.000,-1,-1,-1,2,0,2,0,2,0,0,0,1,2,2,2,2,0,2,2,2
88,9821.303,3711.437,194.805,-73.994,0.275710,0.961235,-0.003426,-0.961155,0.275731,0.012389,0.012853,-0.000123,0.999917,0,0.84697,-0.19483,50.818,-0.390,-1,400.000,-1,425.000,-1,325.000,350.000,300.000,225.000,-1,-1,-1,-1,900.000,-1,-1,-1,2,0,2,0,2,0,0,0,1,2,2,2,2,0,2,2,2
89,9834.921,3662.720,194.593,-74.383,0.269167,0.963079,-0.005239,-0.963026,0.269209,0.010350,0.011378,0.002259,0.999933,0,0.84308,-0.19417,50.585,-0.388,-1,400.000,-1,425.000,-1,325.000,350.000,300.000,225.000,-1,-1,-1,-1,925.000,-1,-1,-1,2,0,2,0,2,0,0,0,1,2,2,2,2,0,2,2,2
90,9848.152,3614.125,194.849,-74.769,0.262670,0.964872,-0.005144,-0.964848,0.262703,0.007437,0.008527,0.003010,0.999959,0,0.83939,-0.19332,50.364,-0.387,-1,400.000,-1,425.000,-1,325.000,325.000,300.000,225.000,-1,-1,-1,-1,900.000,-1,-1,-1,2,0,2,0,2,0,0,0,1,2,2,2,2,0,2,2,2
91,9861.003,3565.643,195.129,-75.154,0.256198,0.966611,-0.005071,-0.966608,0.256221,0.004453,0.005603,0.003761,0.999977,0,0.83594,-0.19228,50.157,-0.385,-1,400.000,-1,425.000,-1,325.000,325.000,300.000,250.000,-1,-1,-1,-1,900.000,-1,-1,-1,2,0,2,0,2,0,0,0,1,2,2,2,2,0,2,2,2
92,9873.483,3517.261,195.433,-75.536,0.249758,0.968295,-0.005021,-0.968305,0.249768,0.001399,0.002609,0.004512,0.999986,0,0.83276,-0.19106,49.965,-0.382,-1,400.000,-1,425.000,-1,325.000,325.000,275.000,250.000,-1,-1,-1,-1,900.000,1000.000,-1,-1,2,0,2,0,2,0,0,0,1,2,2,2,2,0,0,2,2
93,9885.600,3468.967,195.758,-75.915,0.243356,0.969924,-0.004996,-0.969937,0.243351,-0.001721,-0.000453,0.005264,0.999986,0,0.82985,-0.18967,49.791,-0.379,-1,400.000,-1,425.000,-1,325.000,325.000,300.000,250.000,-1,-1,-1,-1,900.000,1000.000,-1,-1,2,0,2,0,2,0,0,0,1,2,2,2,2,0,0,2,2
94,9897.363,3420.746,196.104,-76.292,0.236999,0.971497,-0.004998,-0.971503,0.236975,-0.004905,-0.003581,0.006018,0.999975,0,0.82724,-0.18812,49.635,-0.376,-1,400.000,-1,425.000,-1,325.000,350.000,300.000,250.000,-1,-1,-1,-1,900.000,975.000,-1,-1,2,0,2,0,2,0,0,0,1,2,2,2,2,0,0,2,2
95,9908.779,3372.584,196.471,-76.665,0.230692,0.973014,-0.005028,-0.973003,0.230647,-0.008152,-0.006772,0.006772,0.999954,0,0.82494,-0.18643,49.496,-0.373,-1,425.000,-1,425.000,-1,325.000,350.000,300.000,275.000,-1,-1,-1,-1,900.000,975.000,-1,-1,2,0,2,0,2,0,0,0,1,2,2,2,2,0,0,2,2
96,9919.858,3324.467,196.607,-77.034,0.224445,0.974467,-0.006147,-0.974442,0.224370,-0.010950,-0.009291,0.008447,0.999921,0,0.82293,-0.18459,49.376,-0.369,-1,425.000,-1,425.000,-1,325.000,350.000,300.000,275.000,-1,-1,-1,-1,900.000,975.000,-1,-1,2,0,2,0,2,0,0,0,1,2,2,2,2,0,0,2,2
97,9930.608,3276.380,196.163,-77.399,0.218295,0.975838,-0.009323,-0.975803,0.218145,-0.014895,-0.012502,0.012349,0.999846,0,0.82123,-0.18262,49.274,-0.365,-1,425.000,-1,425.000,-1,325.000,350.000,300.000,275.000,-1,-1,-1,-1,875.000,925.000,-1,-1,2,0,2,0,2,0,0,0,1,2,2,2,2,0,0,2,2
98,9941.599,3225.720,195.547,-77.760,0.212218,0.977145,-0.012303,-0.977100,0.211975,-0.018509,-0.015478,0.015949,0.999753,0,0.86398,-0.18069,51.839,-0.361,-1,425.000,-1,425.000,-1,350.000,350.000,325.000,275.000,-1,-1,-1,725.000,875.000,925.000,-1,-1,2,0,2,0,2,0,0,0,1,2,2,2,1,0,0,2,2
99,9951.473,3179.729,194.278,-77.882,0.210181,0.977585,-0.012337,-0.977504,0.209903,-0.020667,-0.017614,0.016403,0.999710,0,0.78398,-0.06069,47.039,-0.121,-1,425.000,-1,425.000,-1,325.000,350.000,325.000,275.000,-1,-1,-1,650.000,850.000,900.000,-1,-1,2,0,2,0,2,0,0,0,1,2,2,2,1,0,0,2,2
100,9961.127,3135.135,192.949,-77.785,0.211855,0.977228,-0.011912,-0.977097,0.211546,-0.023015,-0.019971,0.016515,0.999664,0,0.76045,0.04816,45.627,0.096,-1,425.000,-1,425.000,-1,325.000,350.000,300.000,275.000,-1,-1,-1,600.000,850.000,900.000,-1,-1,2,0,2,0,2,0,0,0,1,2,2,2,1,0,0,2,2
101,9970.813,3090.751,191.632,-77.689,0.213531,0.976869,-0.011497,-0.976681,0.213192,-0.025350,-0.022312,0.016642,0.999613,0,0.75715,0.04828,45.429,0.097,-1,425.000,-1,425.000,-1,325.000,325.000,300.000,275.000,-1,-1,-1,600.000,825.000,875.000,-1,-1,2,0,2,0,2,0,0,0,1,2,2,2,1,0,0,2,2
102,9980.533,3046.573,190.309,-77.592,0.215214,0.976505,-0.011027,-0.976258,0.214848,-0.027591,-0.024574,0.016703,0.999558,0,0.75390,0.04857,45.234,0.097,-1,400.000,-1,425.000,-1,325.000,325.000,300.000,275.000,-1,-1,-1,600.000,825.000,850.000,-1,-1,2,0,2,0,2,0,0,0,1,2,2,2,1,0,0,2,2
103,9990.287,3002.598,188.994,-77.494,0.216909,0.976135,-0.010557,-0.975824,0.216518,-0.029807,-0.026810,0.016767,0.999500,0,0.75074,0.04902,45.044,0.098,-1,400.000,-1,425.000,-1,325.000,325.000,300.000,300.000,-1,-1,-1,625.000,800.000,850.000,-1,-1,2,0,2,0,2,0,0,0,1,2,2,2,1,0,0,2,2
104,10000.078,2958.818,187.690,-77.394,0.218624,0.975757,-0.010091,-0.975377,0.218208,-0.032002,-0.029024,0.016839,0.999437,0,0.74769,0.04963,44.861,0.099,-1,400.000,-1,400.000,-1,325.000,325.000,300.000,300.000,-1,-1,-1,625.000,775.000,825.000,-1,-1,2,0,2,0,2,0,0,0,1,2,2,2,1,0,0,2,2
105,10009.907,2915.225,186.397,-77.294,0.220364,0.975370,-0.009629,-0.974918,0.219925,-0.034177,-0.031218,0.016919,0.999369,0,0.74478,0.05040,44.687,0.101,-1,400.000,-1,400.000,-1,325.000,325.000,300.000,300.000,-1,-1,-1,650.000,775.000,825.000,-1,-1,2,0,2,0,2,0,0,0,1,2,2,2,1,0,0,2,2
106,10019.777,2871.810,185.113,-77.191,0.222134,0.974973,-0.009171,-0.974444,0.221671,-0.036333,-0.033390,0.017007,0.999298,0,0.74204,0.05132,44.522,0.103,-1,400.000,-1,400.000,-1,325.000,325.000,300.000,300.000,-1,-1,-1,650.000,750.000,800.000,-1,-1,2,0,2,0,2,0,0,0,0,2,2,2,1,0,0,2,2
107,10029.693,2828.563,183.838,-77.086,0.223938,0.974564,-0.008716,-0.973955,0.223454,-0.038469,-0.035543,0.017104,0.999222,0,0.73948,0.05239,44.369,0.105,-1,400.000,-1,400.000,-1,325.000,325.000,300.000,300.000,-1,-1,-1,675.000,750.000,800.000,-1,-1,2,0,2,0,2,0,0,0,0,2,2,2,1,0,0,2,2
108,10039.658,2785.474,182.573,-76.979,0.225782,0.974143,-0.008264,-0.973449,0.225276,-0.040587,-0.037676,0.017209,0.999142,0,0.73711,0.05360,44.227,0.107,-1,400.000,-1,400.000,1000.000,325.000,325.000,300.000,300.000,-1,-1,-1,675.000,725.000,775.000,-1,-1,2,0,2,0,1,0,0,0,0,2,2,2,1,0,0,2,2
109,10049.676,2742.529,181.317,-76.869,0.227670,0.973707,-0.007815,-0.972925,0.227144,-0.042687,-0.039789,0.017322,0.999058,0,0.73496,0.05495,44.097,0.110,-1,375.000,-1,400.000,950.000,325.000,325.000,300.000,300.000,-1,-1,-1,700.000,725.000,775.000,-1,975.000,2,0,2,0,1,0,0,0,0,2,2,2,1,0,0,2,1
110,10060.676,2694.885,179.919,-76.999,0.225478,0.974220,-0.007377,-0.973335,0.224932,-0.045003,-0.042184,0.017328,0.998960,0,0.81496,-0.06505,48.897,-0.130,-1,375.000,-1,400.000,900.000,325.000,325.000,300.000,300.000,-1,-1,-1,725.000,700.000,750.000,-1,925.000,2,0,2,0,1,0,0,0,0,2,2,2,1,0,1,2,1
111,10072.338,2642.846,177.962,-77.369,0.219258,0.975627,-0.008803,-0.974698,0.218629,-0.046535,-0.043476,0.018784,0.998878,0,0.88882,-0.18505,53.329,-0.370,-1,375.000,-1,400.000,850.000,325.000,325.000,300.000,300.000,-1,-1,-1,725.000,700.000,725.000,-1,875.000,2,0,2,0,1,0,0,0,0,2,2,2,1,0,1,2,1
112,10083.429,2590.760,176.033,-77.979,0.208931,0.977877,-0.010203,-0.976905,0.208223,-0.047951,-0.044765,0.019985,0.998798,0,0.88756,-0.30505,53.253,-0.610,-1,375.000,-1,375.000,800.000,300.000,325.000,300.000,300.000,-1,-1,-1,750.000,700.000,700.000,-1,825.000,2,0,2,0,1,0,0,0,0,2,2,2,1,0,1,2,1
113,10093.736,2538.561,173.801,-78.829,0.194406,0.980862,-0.010767,-0.979904,0.193693,-0.047657,-0.044659,0.019815,0.998806,0,0.88679,-0.42505,53.207,-0.850,-1,375.000,-1,375.000,750.000,300.000,325.000,300.000,300.000,-1,-1,-1,750.000,700.000,675.000,-1,775.000,2,0,2,0,1,0,0,0,0,2,2,2,1,0,1,2,1
114,10103.046,2486.195,171.606,-79.920,0.175716,0.984372,-0.011657,-0.983455,0.174998,-0.046816,-0.044045,0.019690,0.998836,0,0.88646,-0.54505,53.187,-1.090,-1,375.000,-1,400.000,725.000,300.000,325.000,300.000,300.000,-1,-1,-1,775.000,700.000,650.000,-1,725.000,2,0,2,0,1,0,0,0,0,2,2,2,1,0,1,2,1
115,10111.138,2433.622,169.399,-81.250,0.152822,0.988174,-0.012576,-0.987296,0.152101,-0.045961,-0.043505,0.019440,0.998864,0,0.88652,-0.66505,53.191,-1.330,-1,375.000,-1,400.000,675.000,300.000,325.000,325.000,300.000,-1,-1,-1,800.000,700.000,625.000,-1,675.000,2,0,2,0,1,0,0,0,0,2,2,2,1,0,1,2,1
116,10117.789,2380.824,167.169,-82.820,0.125690,0.991977,-0.013514,-0.991135,0.124969,-0.045101,-0.043050,0.019063,0.998891,0,0.88693,-0.78505,53.216,-1.570,-1,375.000,-1,400.000,625.000,300.000,325.000,325.000,300.000,-1,-1,-1,825.000,725.000,600.000,-1,625.000,2,0,2,0,1,0,0,0,0,2,2,2,1,0,1,2,1
117,10122.774,2327.799,164.907,-84.630,0.094294,0.995439,-0.014457,-0.994629,0.093574,-0.044246,-0.042692,0.018552,0.998916,0,0.88764,-0.90505,53.259,-1.810,-1,375.000,-1,400.000,600.000,325.000,325.000,325.000,300.000,-1,-1,-1,850.000,750.000,575.000,-1,575.000,2,0,2,1,1,0,0,0,0,2,2,2,1,0,1,2,1
118,10125.908,2274.575,162.606,-86.630,0.059494,0.998110,-0.015392,-0.997327,0.058777,-0.043412,-0.042425,0.017933,0.998939,0,0.88861,-1.00000,53.317,-2.000,-1,375.000,-1,375.000,550.000,325.000,325.000,325.000,300.000,-1,-1,-1,900.000,750.000,525.000,-1,525.000,2,0,2,1,1,0,0,0,0,2,2,2,1,0,1,2,1
119,10127.295,2216.565,160.061,-88.630,0.024625,0.999562,-0.016390,-0.998808,0.023908,-0.042555,-0.042145,0.017419,0.998960,0,0.96711,-1.00000,58.027,-2.000,-1,400.000,-1,375.000,500.000,325.000,325.000,300.000,300.000,-1,-1,-1,925.000,775.000,500.000,-1,475.000,2,0,2,1,1,0,1,0,0,2,2,2,1,0,1,2,1
120,10126.655,2158.319,157.461,-90.630,-0.010273,0.999796,-0.017367,-0.999068,-0.010991,-0.041747,-0.041929,0.016922,0.998977,0,0.97082,-1.00000,58.249,-2.000,-1,400.000,-1,350.000,450.000,325.000,300.000,300.000,300.000,-1,-1,-1,975.000,800.000,450.000,-1,425.000,2,0,2,1,1,0,1,0,0,2,2,2,1,0,1,2,1
121,10123.972,2099.905,154.802,-92.630,-0.045157,0.998812,-0.018315,-0.998105,-0.045877,-0.040997,-0.041789,0.016429,0.998991,0,0.97460,-1.00000,58.476,-2.000,-1,400.000,-1,325.000,400.000,325.000,300.000,300.000,300.000,-1,-1,-1,-1,825.000,425.000,-1,375.000,2,0,2,1,1,0,1,0,0,2,2,2,2,0,1,2,1
122,10119.233,2041.389,152.079,-94.630,-0.079985,0.996611,-0.019232,-0.995922,-0.080707,-0.040317,-0.041733,0.015929,0.999002,0,0.97846,-1.00000,58.707,-2.000,-1,425.000,-1,300.000,350.000,325.000,275.000,300.000,300.000,-1,-1,-1,-1,850.000,375.000,-1,325.000,2,0,2,1,1,1,1,0,0,2,2,2,2,0,1,2,1
123,10112.427,1982.840,149.276,-96.630,-0.114704,0.993196,-0.020130,-0.992496,-0.115440,-0.040321,-0.042371,0.015354,0.998984,0,0.98238,-1.00000,58.943,-2.000,-1,425.000,-1,250.000,300.000,300.000,250.000,300.000,300.000,-1,-1,-1,-1,875.000,325.000,-1,275.000,2,0,2,1,1,1,1,0,0,2,2,2,2,0,1,2,1
124,10103.673,1923.482,146.224,-98.390,-0.145203,0.989219,-0.019008,-0.988395,-0.145896,-0.042315,-0.044632,0.012643,0.998923,0,1.00000,-0.88000,60.000,-1.760,-1,425.000,-1,225.000,250.000,300.000,225.000,300.000,300.000,-1,-1,-1,-1,875.000,300.000,-1,225.000,2,0,2,1,1,1,1,0,0,2,2,2,2,0,1,2,1
125,10093.348,1864.378,147.972,-99.910,-0.172267,0.985047,0.002363,-0.984507,-0.172092,-0.033608,-0.032699,-0.008116,0.999432,0,1.00000,-0.76000,60.000,-1.520,-1,475.000,-1,225.000,225.000,275.000,225.000,275.000,350.000,-1,700.000,700.000,-1,975.000,275.000,-1,200.000,2,0,2,1,1,1,1,0,0,2,0,0,2,0,1,2,1
126,10081.711,1805.518,150.281,-101.190,-0.194604,0.980514,0.026862,-0.980699,-0.193966,-0.024626,-0.018936,-0.031136,0.999336,0,1.00000,-0.64000,60.000,-1.280,-1,500.000,-1,200.000,200.000,275.000,200.000,250.000,425.000,-1,325.000,450.000,-1,-1,250.000,-1,175.000,2,1,2,1,1,1,1,0,0,2,0,0,2,2,1,2,1
127,10069.014,1746.878,153.165,-102.230,-0.212014,0.975744,0.054537,-0.977261,-0.211495,-0.015196,-0.003293,-0.056519,0.998396,0,1.00000,-0.52000,60.000,-1.040,-1,475.000,-1,200.000,175.000,275.000,200.000,250.000,500.000,1000.000,175.000,350.000,-1,-1,250.000,-1,175.000,2,1,2,1,1,1,1,0,0,0,0,0,2,2,1,2,1
128,10055.507,1688.417,156.633,-103.030,-0.224261,0.970780,0.085395,-0.974425,-0.224654,-0.005100,0.014233,-0.084355,0.996334,0,1.00000,-0.40000,60.000,-0.800,-1,500.000,-1,200.000,150.000,275.000,200.000,225.000,600.000,525.000,75.000,300.000,-1,-1,225.000,-1,150.000,2,1,2,1,1,1,1,0,0,0,0,0,2,2,1,2,1
129,4919.489,3607.613,214.492,-124.525,-0.565276,0.823754,-0.043494,-0.818566,-0.566677,-0.093950,-0.102038,-0.017505,0.994626,1,0.00000,0.00000,60.000,-0.560,-1,375.000,-1,425.000,-1,325.000,325.000,325.000,350.000,-1,-1,750.000,-1,675.000,850.000,-1,-1,2,0,2,0,2,0,0,0,0,2,2,0,2,0,0,2,2
130,4916.752,3603.670,213.982,-124.765,-0.568729,0.821371,-0.043560,-0.816212,-0.570120,-0.093603,-0.101717,-0.017681,0.994656,0,0.08000,-0.12000,4.800,-0.240,-1,375.000,-1,425.000,-1,325.000,325.000,325.000,350.000,-1,-1,725.000,-1,675.000,850.000,-1,-1,2,0,2,0,2,0,0,0,0,2,2,0,2,0,0,2,2
131,4911.213,3595.829,212.965,-125.245,-0.575603,0.816561,-0.043695,-0.811459,-0.576978,-0.092904,-0.101073,-0.018019,0.994716,0,0.16000,-0.24000,9.600,-0.480,-1,375.000,-1,425.000,-1,325.000,325.000,325.000,350.000,-1,-1,650.000,-1,675.000,850.000,-1,-1,2,0,2,0,2,0,0,0,0,2,2,0,2,0,0,2,2
132,4902.756,3584.174,211.444,-125.965,-0.585837,0.809239,-0.043905,-0.804223,-0.587188,-0.091845,-0.100105,-0.018497,0.994805,0,0.24000,-0.36000,14.400,-0.720,-1,375.000,-1,425.000,-1,325.000,325.000,325.000,350.000,-1,725.000,500.000,-1,700.000,875.000,-1,-1,2,0,2,0,2,0,0,0,0,2,0,0,2,0,0,2,2
133,4891.221,3568.825,209.315,-126.925,-0.599354,0.799272,-0.044042,-0.794317,-0.600652,-0.090985,-0.099176,-0.019549,0.994878,0,0.32000,-0.48000,19.200,-0.960,-1,375.000,-1,425.000,-1,325.000,325.000,325.000,350.000,-1,700.000,500.000,-1,700.000,875.000,-1,-1,2,0,2,0,2,0,0,0,0,2,0,0,2,0,0,2,2
134,4876.405,3549.945,206.466,-128.125,-0.616042,0.786483,-0.044000,-0.781508,-0.617232,-0.090934,-0.098676,-0.021633,0.994884,0,0.40000,-0.60000,24.000,-1.200,-1,375.000,-1,425.000,-1,325.000,325.000,325.000,325.000,-1,675.000,525.000,-1,700.000,875.000,-1,-1,2,0,2,0,2,0,0,0,0,2,0,0,2,0,0,2,2
135,4858.061,3527.742,203.121,-129.565,-0.635673,0.770685,-0.044319,-0.765680,-0.636770,-0.090877,-0.098258,-0.023834,0.994876,0,0.48000,-0.72000,28.800,-1.440,-1,375.000,-1,425.000,-1,325.000,325.000,300.000,325.000,-1,-1,550.000,-1,700.000,875.000,-1,-1,2,0,2,0,2,0,0,0,0,2,2,0,2,0,0,2,2
136,4835.910,3502.478,199.555,-131.245,-0.657915,0.751663,-0.046379,-0.746589,-0.659071,-0.090718,-0.098756,-0.025058,0.994796,0,0.56000,-0.84000,33.600,-1.680,-1,375.000,-1,425.000,-1,325.000,325.000,300.000,325.000,-1,-1,675.000,-1,700.000,875.000,-1,-1,2,0,2,0,2,0,0,0,0,2,2,0,2,0,0,2,2
