timestep,x_cm,y_cm,z_cm,yaw_deg,basis_xx,basis_xy,basis_xz,basis_yx,basis_yy,basis_yz,basis_zx,basis_zy,basis_zz,teleport_flag,throttle_cmd,steering_cmd,cmd_move_cm,cmd_turn_deg,lidar_cm_0,lidar_cm_1,lidar_cm_2,lidar_cm_3,lidar_cm_4,lidar_cm_5,lidar_cm_6,lidar_cm_7,lidar_cm_8,lidar_cm_9,lidar_cm_10,lidar_cm_11,lidar_cm_12,lidar_cm_13,lidar_cm_14,lidar_cm_15,lidar_cm_16,lidar_class_0,lidar_class_1,lidar_class_2,lidar_class_3,lidar_class_4,lidar_class_5,lidar_class_6,lidar_class_7,lidar_class_8,lidar_class_9,lidar_class_10,lidar_class_11,lidar_class_12,lidar_class_13,lidar_class_14,lidar_class_15,lidar_class_16
0,-2295.410,5580.214,259.483,85.243,0.086631,-0.993655,-0.071728,0.994985,0.082684,0.056294,-0.050006,-0.076245,0.995834,1,0.08000,-0.12000,4.800,-0.240,-1,400.000,-1,375.000,-1,325.000,325.000,300.000,325.000,-1,-1,-1,-1,775.000,725.000,-1,-1,2,0,2,0,2,0,0,0,0,2,2,2,2,0,0,2,2
1,-2294.534,5589.774,259.013,84.763,0.094940,-0.992886,-0.071865,0.994262,0.091001,0.056232,-0.049292,-0.076791,0.995828,0,0.16000,-0.24000,9.600,-0.480,-1,400.000,-1,375.000,-1,325.000,325.000,325.000,325.000,-1,-1,-1,-1,750.000,725.000,-1,-1,2,0,2,0,2,0,0,0,0,2,2,2,2,0,0,2,2
2,-2293.041,5604.097,258.322,84.043,0.107387,-0.991602,-0.072068,0.993048,0.103464,0.056137,-0.048209,-0.077595,0.995819,0,0.24000,-0.36000,14.400,-0.720,-1,400.000,-1,375.000,-1,325.000,325.000,325.000,325.000,-1,-1,-1,-1,750.000,725.000,-1,-1,2,0,2,0,2,0,0,0,0,2,2,2,2,0,0,2,2
3,-2290.729,5623.158,257.428,83.083,0.123954,-0.989648,-0.072333,0.991187,0.120053,0.056003,-0.046739,-0.078637,0.995807,0,0.32000,-0.48000,19.200,-0.960,-1,400.000,-1,375.000,-1,325.000,325.000,325.000,325.000,-1,-1,-1,-1,750.000,725.000,-1,-1,2,0,2,0,2,0,0,0,0,2,2,2,2,0,0,2,2
4,-2287.341,5646.919,256.352,81.883,0.144607,-0.986818,-0.072658,0.988472,0.140739,0.055825,-0.044863,-0.079893,0.995793,0,0.40000,-0.60000,24.000,-1.200,-1,400.000,-1,375.000,-1,325.000,325.000,325.000,325.000,-1,-1,-1,-1,750.000,725.000,-1,-1,2,0,2,0,2,0,0,0,0,2,2,2,2,0,0,2,2
5,-2282.561,5675.320,255.123,80.443,0.169297,-0.982855,-0.073038,0.984646,0.165474,0.055596,-0.042557,-0.081329,0.995778,0,0.48000,-0.72000,28.800,-1.440,-1,400.000,-1,375.000,-1,325.000,325.000,325.000,325.000,-1,-1,-1,-1,750.000,725.000,-1,-1,2,0,2,0,2,0,0,0,0,2,2,2,2,0,0,2,2
6,-2276.014,5708.277,253.777,78.763,0.197954,-0.977454,-0.073469,0.979403,0.194192,0.055307,-0.039793,-0.082904,0.995763,0,0.56000,-0.84000,33.600,-1.680,-1,400.000,-1,375.000,-1,325.000,325.000,325.000,325.000,-1,1000.000,-1,-1,750.000,725.000,-1,-1,2,0,2,0,2,0,0,0,0,2,0,2,2,0,0,2,2
7,-2267.275,5745.671,252.355,76.843,0.230482,-0.970263,-0.073946,0.972390,0.226800,0.054946,-0.036541,-0.084569,0.995747,0,0.64000,-0.96000,38.400,-1.920,-1,375.000,-1,375.000,-1,325.000,325.000,325.000,325.000,-1,975.000,-1,-1,750.000,725.000,-1,-1,2,0,2,0,2,0,0,0,0,2,0,2,2,0,0,2,2
8,-2255.980,5787.370,250.896,74.843,0.264072,-0.961624,-0.074465,0.963938,0.260487,0.054500,-0.033011,-0.086171,0.995733,0,0.72000,-1.00000,43.200,-2.000,-1,375.000,-1,375.000,-1,325.000,325.000,325.000,325.000,-1,950.000,1000.000,-1,750.000,725.000,-1,-1,2,0,2,0,2,0,0,0,0,2,0,0,2,0,0,2,2
9,-2241.821,5833.236,249.457,72.843,0.297325,-0.951832,-0.074919,0.954324,0.293853,0.053999,-0.029383,-0.087552,0.995727,0,0.80000,-1.00000,48.000,-2.000,-1,375.000,-1,375.000,-1,325.000,325.000,325.000,325.000,-1,925.000,975.000,-1,750.000,725.000,-1,-1,2,0,2,0,2,0,0,0,0,2,0,0,2,0,0,2,2
10,-2224.495,5883.114,248.137,70.843,0.330182,-0.940921,-0.075150,0.943574,0.326866,0.053169,-0.025463,-0.088465,0.995754,0,0.88000,-1.00000,52.800,-2.000,-1,375.000,-1,375.000,-1,325.000,325.000,325.000,325.000,-1,925.000,950.000,-1,725.000,725.000,-1,-1,2,0,2,0,2,0,0,0,0,2,0,0,2,0,0,2,2
11,-2203.808,5936.567,246.919,68.843,0.362619,-0.928883,-0.075390,0.931693,0.359483,0.052154,-0.021344,-0.089152,0.995789,0,0.95525,-1.00000,57.315,-2.000,-1,375.000,-1,375.000,-1,325.000,325.000,325.000,325.000,-1,900.000,925.000,-1,725.000,725.000,-1,-1,2,0,2,0,2,0,0,0,0,2,0,0,2,0,0,2,2
12,-2181.268,5989.266,245.941,66.843,0.394614,-0.915723,-0.075707,0.918686,0.391660,0.051173,-0.017209,-0.089745,0.995816,0,0.95525,-1.00000,57.315,-2.000,-1,375.000,-1,375.000,-1,325.000,325.000,325.000,325.000,-1,900.000,900.000,-1,725.000,725.000,-1,-1,2,0,2,0,2,0,0,0,0,2,0,0,2,0,0,2,2
13,-2156.903,6041.146,245.142,64.843,0.426152,-0.901432,-0.076258,0.904554,0.423350,0.050568,-0.013300,-0.090529,0.995805,0,0.95525,-1.00000,57.315,-2.000,-1,375.000,-1,375.000,-1,325.000,325.000,325.000,325.000,-1,900.000,900.000,-1,725.000,725.000,-1,-1,2,0,2,0,2,0,0,0,0,2,0,0,2,0,0,2,2
14,-2130.742,6092.144,244.583,62.843,0.457163,-0.886047,-0.076959,0.889334,0.454520,0.049958,-0.009286,-0.091282,0.995782,0,0.95525,-1.00000,57.315,-2.000,-1,375.000,-1,375.000,-1,325.000,325.000,325.000,325.000,-1,875.000,875.000,-1,725.000,725.000,-1,-1,2,0,2,0,2,0,0,0,0,2,0,0,2,0,0,2,2
15,-2102.817,6142.198,244.249,60.843,0.487614,-0.869600,-0.077638,0.873043,0.485141,0.049327,-0.005229,-0.091834,0.995761,0,0.95525,-1.00000,57.315,-2.000,-1,375.000,-1,375.000,-1,325.000,325.000,325.000,325.000,-1,875.000,875.000,-1,725.000,725.000,-1,-1,2,0,2,0,2,0,0,0,0,2,0,0,2,0,0,2,2
16,-2073.162,6191.247,244.143,58.843,0.517471,-0.852112,-0.078293,0.855700,0.515178,0.048675,-0.001141,-0.092183,0.995741,0,0.95525,-1.00000,57.315,-2.000,-1,375.000,-1,375.000,-1,325.000,325.000,325.000,325.000,-1,875.000,850.000,-1,725.000,725.000,-1,-1,2,0,2,0,2,0,0,0,0,2,0,0,2,0,0,2,2
17,-2041.813,6239.231,244.269,56.843,0.546698,-0.833602,-0.078922,0.837325,0.544595,0.048000,0.002967,-0.092325,0.995724,0,0.95525,-1.00000,57.315,-2.000,-1,375.000,-1,375.000,-1,325.000,325.000,325.000,325.000,-1,875.000,850.000,-1,725.000,725.000,-1,-1,2,0,2,0,2,0,0,0,0,2,0,0,2,0,0,2,2
18,-2008.808,6286.091,244.599,54.843,0.575271,-0.814101,-0.079394,0.817933,0.573364,0.047313,0.007004,-0.092157,0.995720,0,0.95525,-1.00000,57.315,-2.000,-1,375.000,-1,375.000,-1,325.000,325.000,300.000,325.000,-1,900.000,850.000,-1,725.000,725.000,-1,-1,2,0,2,0,2,0,0,0,0,2,0,0,2,0,0,2,2
19,-1974.188,6331.771,245.144,52.843,0.603160,-0.793634,-0.079644,0.797545,0.601456,0.046601,0.010918,-0.091628,0.995733,0,0.95525,-1.00000,57.315,-2.000,-1,375.000,-1,375.000,-1,325.000,325.000,300.000,325.000,-1,900.000,850.000,-1,725.000,725.000,-1,-1,2,0,2,0,2,0,0,0,0,2,0,0,2,0,0,2,2
20,-1937.994,6376.215,245.984,50.843,0.630343,-0.772230,-0.079550,0.776179,0.628844,0.045843,0.014623,-0.090642,0.995776,0,0.95525,-1.00000,57.315,-2.000,-1,375.000,-1,375.000,-1,325.000,325.000,300.000,325.000,-1,950.000,900.000,-1,725.000,725.000,-1,-1,2,0,2,0,2,0,0,0,0,2,0,0,2,0,0,2,2
21,-1900.271,6419.368,247.054,48.843,0.656771,-0.749894,-0.079443,0.753868,0.655482,0.045019,0.018314,-0.089457,0.995822,0,0.95525,-1.00000,57.315,-2.000,-1,375.000,-1,375.000,-1,325.000,325.000,300.000,325.000,-1,1000.000,925.000,-1,725.000,725.000,-1,-1,2,0,2,0,2,0,0,0,0,2,0,0,2,0,0,2,2
22,-1861.065,6461.178,248.314,46.843,0.682399,-0.726640,-0.079535,0.730646,0.681328,0.044148,0.022110,-0.088238,0.995854,0,0.95525,-1.00000,57.315,-2.000,-1,375.000,-1,375.000,-1,325.000,325.000,300.000,325.000,-1,-1,950.000,-1,725.000,750.000,-1,-1,2,0,2,0,2,0,0,0,0,2,2,0,2,0,0,2,2
23,-1820.424,6501.595,249.821,44.843,0.707184,-0.702512,-0.079793,0.706544,0.706366,0.042938,0.026199,-0.086743,0.995886,0,0.95525,-1.00000,57.315,-2.000,-1,375.000,-1,400.000,-1,325.000,325.000,300.000,325.000,-1,-1,950.000,-1,725.000,750.000,-1,-1,2,0,2,0,2,0,0,0,0,2,2,0,2,0,0,2,2
24,-1778.396,6540.568,251.545,42.843,0.731125,-0.677529,-0.080070,0.681575,0.730557,0.041748,0.030210,-0.085096,0.995915,0,0.95525,-1.00000,57.315,-2.000,-1,375.000,-1,400.000,-1,325.000,325.000,300.000,325.000,-1,-1,950.000,-1,725.000,775.000,-1,-1,2,0,2,0,2,0,0,0,0,2,2,0,2,0,0,2,2
25,-1735.035,6578.050,253.475,40.843,0.754193,-0.651718,-0.080359,0.655767,0.753870,0.040621,0.034106,-0.083333,0.995938,0,0.95525,-1.00000,57.315,-2.000,-1,375.000,-1,400.000,-1,325.000,325.000,300.000,325.000,-1,-1,950.000,-1,725.000,775.000,-1,-1,2,0,2,0,2,0,0,0,0,2,2,0,2,0,0,2,2
26,-1690.391,6613.997,255.564,38.843,0.776367,-0.625099,-0.080650,0.629150,0.776265,0.039788,0.037734,-0.081631,0.995948,0,0.95525,-1.00000,57.315,-2.000,-1,375.000,-1,400.000,-1,325.000,325.000,300.000,325.000,-1,-1,975.000,-1,750.000,800.000,-1,-1,2,0,2,0,2,0,0,0,0,2,2,0,2,0,0,2,2
27,-1644.521,6648.364,257.840,36.843,0.797623,-0.597705,-0.080907,0.601757,0.797711,0.039308,0.041046,-0.080040,0.995946,0,0.95525,-1.00000,57.315,-2.000,-1,375.000,-1,400.000,-1,325.000,325.000,300.000,325.000,-1,-1,-1,-1,750.000,800.000,-1,-1,2,0,2,0,2,0,0,0,0,2,2,2,2,0,0,2,2
28,-1597.264,6681.259,260.325,34.843,0.817926,-0.569577,-0.081110,0.573623,0.818195,0.038912,0.044201,-0.078354,0.995945,0,0.95961,-1.00000,57.577,-2.000,-1,400.000,-1,400.000,-1,325.000,325.000,300.000,325.000,-1,-1,-1,-1,750.000,800.000,-1,-1,2,0,2,0,2,0,0,0,0,2,2,2,2,0,0,2,2
29,-1548.519,6712.722,263.020,32.843,0.837249,-0.540752,-0.081250,0.544780,0.837692,0.038558,0.047212,-0.076546,0.995948,0,0.96694,-1.00000,58.016,-2.000,-1,400.000,-1,400.000,-1,325.000,325.000,300.000,325.000,-1,-1,-1,-1,750.000,825.000,-1,-1,2,0,2,0,2,0,0,0,0,2,2,2,2,0,0,2,2
30,-1498.319,6742.696,265.924,30.843,0.855569,-0.511263,-0.081319,0.515262,0.856179,0.038239,0.050073,-0.074616,0.995954,0,0.97444,-1.00000,58.466,-2.000,-1,400.000,-1,400.000,-1,325.000,325.000,300.000,325.000,-1,-1,-1,-1,775.000,825.000,-1,-1,2,0,2,0,2,0,0,0,0,2,2,2,2,0,0,2,2
31,-1446.702,6771.121,268.989,28.843,0.872856,-0.481150,-0.081348,0.485101,0.873644,0.037726,0.052917,-0.072391,0.995972,0,0.98208,-1.00000,58.925,-2.000,-1,400.000,-1,400.000,-1,325.000,325.000,300.000,325.000,-1,-1,-1,-1,775.000,850.000,-1,-1,2,0,2,0,2,0,0,0,0,2,2,2,2,0,1,2,2
32,-1398.510,6795.762,271.947,27.083,0.887202,-0.454160,-0.081304,0.458053,0.888146,0.037205,0.055312,-0.070250,0.995995,0,0.90208,-0.88000,54.125,-1.760,-1,400.000,-1,400.000,-1,325.000,325.000,300.000,325.000,-1,-1,-1,-1,800.000,850.000,-1,-1,2,0,2,0,2,0,0,0,0,2,2,2,2,0,1,2,2
33,-1354.012,6817.044,274.647,25.563,0.898998,-0.430523,-0.080327,0.434271,0.900051,0.036299,0.056671,-0.067517,0.996107,0,0.82208,-0.76000,49.325,-1.520,-1,400.000,-1,400.000,-1,325.000,325.000,300.000,300.000,-1,-1,-1,-1,800.000,850.000,-1,-1,2,0,2,0,2,0,0,0,0,2,2,2,2,0,1,2,2
34,-1310.898,6836.493,277.241,24.283,0.908473,-0.410385,-0.079125,0.413968,0.909608,0.035259,0.057503,-0.064787,0.996241,0,0.78828,-0.64000,47.297,-1.280,-1,400.000,-1,400.000,-1,325.000,325.000,300.000,300.000,-1,-1,-1,-1,800.000,850.000,-1,-1,2,0,2,0,2,0,0,0,0,2,2,2,2,0,1,2,2
35,-1267.095,6855.305,279.918,23.243,0.915855,-0.393870,-0.077952,0.397296,0.917053,0.034198,0.058017,-0.062290,0.996370,0,0.79452,-0.52000,47.671,-1.040,-1,400.000,-1,400.000,-1,325.000,325.000,300.000,300.000,-1,-1,-1,-1,825.000,850.000,-1,-1,2,0,2,0,2,0,0,0,0,2,2,2,2,0,1,2,2
36,-1222.687,6873.646,282.641,22.443,0.921338,-0.381078,-0.076910,0.384364,0.922585,0.033194,0.058307,-0.060144,0.996485,0,0.80079,-0.40000,48.047,-0.800,-1,400.000,-1,400.000,-1,325.000,325.000,300.000,300.000,-1,-1,-1,-1,825.000,850.000,-1,-1,2,0,2,0,2,0,0,0,0,2,2,2,2,0,1,2,2
37,-1177.750,6891.694,285.350,21.883,0.925086,-0.372077,-0.075994,0.375255,0.926352,0.032484,0.058311,-0.058567,0.996579,0,0.80709,-0.28000,48.425,-0.560,-1,400.000,-1,400.000,-1,325.000,325.000,300.000,300.000,-1,-1,-1,-1,800.000,825.000,-1,-1,2,0,2,0,2,0,0,0,0,2,2,2,2,1,1,2,2
38,-1132.361,6909.632,287.901,21.563,0.927248,-0.366908,-0.074766,0.370027,0.928440,0.032836,0.057368,-0.058113,0.996660,0,0.81342,-0.16000,48.805,-0.320,-1,400.000,-1,400.000,-1,325.000,325.000,300.000,300.000,-1,-1,-1,-1,775.000,800.000,-1,-1,2,0,2,0,2,0,0,0,0,2,2,2,2,1,1,2,2
39,-1086.589,6927.646,290.496,21.483,0.927856,-0.365615,-0.073547,0.368683,0.928962,0.033210,0.056180,-0.057930,0.996739,0,0.81981,-0.04000,49.189,-0.080,-1,400.000,975.000,400.000,-1,325.000,325.000,300.000,300.000,-1,-1,-1,-1,725.000,775.000,975.000,-1,2,0,1,0,2,0,0,0,0,2,2,2,2,1,1,1,2
40,-1040.510,6945.931,293.123,21.643,0.926925,-0.368206,-0.072347,0.371230,0.927932,0.033623,0.054753,-0.058024,0.996813,0,0.82626,0.08000,49.575,0.160,-1,400.000,925.000,400.000,-1,325.000,325.000,300.000,300.000,-1,-1,-1,-1,675.000,750.000,925.000,-1,2,0,1,0,2,0,0,0,0,2,2,2,2,1,1,1,2
41,-994.141,6964.546,295.774,21.872,0.925537,-0.371910,-0.071166,0.374895,0.926440,0.034094,0.053251,-0.058235,0.996882,0,0.83276,0.11460,49.966,0.229,-1,400.000,850.000,400.000,-1,325.000,325.000,300.000,300.000,-1,-1,-1,-1,625.000,700.000,875.000,-1,2,0,1,1,2,0,0,0,0,2,2,2,2,1,1,1,2
42,-947.482,6983.494,298.448,22.102,0.924133,-0.375605,-0.069999,0.378553,0.924932,0.034627,0.051738,-0.058498,0.996946,0,0.83933,0.11453,50.360,0.229,-1,400.000,800.000,400.000,-1,325.000,325.000,300.000,300.000,-1,-1,-1,-1,600.000,650.000,800.000,-1,2,0,1,1,2,0,0,0,0,2,2,2,2,1,1,1,2
43,-900.532,7002.779,301.109,22.330,0.922724,-0.379292,-0.068694,0.382192,0.923415,0.035138,0.050105,-0.058676,0.997019,0,0.84594,0.11441,50.757,0.229,1000.000,400.000,750.000,375.000,-1,325.000,325.000,300.000,325.000,-1,-1,-1,-1,550.000,625.000,750.000,-1,1,0,1,1,2,0,1,0,0,2,2,2,2,1,1,1,2
44,-853.290,7022.404,303.762,22.559,0.921309,-0.382968,-0.067273,0.385812,0.921889,0.035642,0.048368,-0.058792,0.997098,0,0.85261,0.11424,51.157,0.228,925.000,400.000,700.000,375.000,-1,325.000,300.000,300.000,325.000,-1,-1,-1,-1,500.000,575.000,675.000,-1,1,1,1,1,2,1,1,0,0,2,2,2,2,1,1,1,2
45,-801.655,7043.968,306.664,22.666,0.920707,-0.384684,-0.065708,0.387464,0.921172,0.036242,0.046587,-0.058828,0.997180,0,0.93261,0.05334,55.957,0.107,825.000,350.000,625.000,350.000,-1,300.000,300.000,300.000,325.000,-1,-1,-1,-1,475.000,525.000,625.000,-1,1,1,1,1,2,1,1,0,0,2,2,2,2,1,1,1,2
46,-746.332,7067.191,309.572,22.772,0.920082,-0.386415,-0.064289,0.389102,0.920491,0.036001,0.045267,-0.058139,0.997282,0,1.00000,0.05338,60.000,0.107,725.000,325.000,575.000,325.000,-1,275.000,275.000,300.000,325.000,-1,-1,-1,-1,425.000,475.000,550.000,-1,1,1,1,1,2,1,1,0,0,2,2,2,2,1,1,1,2
47,-691.052,7090.518,312.517,22.879,0.919404,-0.388142,-0.063571,0.390773,0.919796,0.035651,0.044635,-0.057619,0.997340,0,1.00000,0.05342,60.000,0.107,650.000,300.000,500.000,300.000,-1,250.000,250.000,300.000,325.000,-1,-1,-1,-1,375.000,425.000,475.000,-1,1,1,1,1,2,1,1,0,0,2,2,2,2,1,1,1,2
48,-635.816,7113.950,315.996,22.986,0.918588,-0.389824,-0.065061,0.392582,0.918991,0.036543,0.045545,-0.059110,0.997212,0,1.00000,0.05344,60.000,0.107,550.000,250.000,450.000,275.000,-1,225.000,225.000,300.000,325.000,-1,-1,-1,-1,325.000,400.000,400.000,650.000,1,1,1,1,2,1,1,0,0,2,2,2,2,1,1,1,1
49,-580.625,7137.485,320.008,23.093,0.917616,-0.391451,-0.068897,0.394548,0.918058,0.038737,0.048088,-0.062729,0.996871,0,1.00000,0.05346,60.000,0.107,450.000,225.000,400.000,250.000,-1,200.000,200.000,300.000,325.000,-1,-1,-1,-1,275.000,350.000,350.000,575.000,1,1,1,1,2,1,1,0,0,2,2,2,2,1,1,1,1
50,-525.478,7161.125,324.304,23.200,0.916379,-0.392987,-0.076231,0.396779,0.916914,0.042833,0.053064,-0.069498,0.996170,0,1.00000,0.05345,60.000,0.107,375.000,200.000,350.000,225.000,-1,175.000,175.000,300.000,350.000,-1,-1,-1,-1,250.000,325.000,275.000,500.000,1,1,1,1,2,1,1,0,0,2,2,2,2,1,1,1,1
51,-470.366,7184.855,334.283,23.307,0.913967,-0.395002,-0.092939,0.398525,0.916888,0.022233,0.076433,-0.057359,0.995424,0,1.00000,0.05344,60.000,0.107,400.000,200.000,350.000,225.000,-1,175.000,175.000,350.000,375.000,-1,375.000,300.000,-1,225.000,325.000,275.000,-1,1,1,1,1,2,1,1,0,0,2,0,0,2,1,1,1,2
52,-415.297,7208.692,345.295,23.414,0.910927,-0.396955,-0.112420,0.399539,0.916716,0.000494,0.102861,-0.045366,0.993661,0,1.00000,0.05341,60.000,0.107,450.000,175.000,325.000,225.000,-1,175.000,175.000,400.000,400.000,-1,175.000,150.000,-1,225.000,325.000,300.000,-1,1,1,1,1,2,1,1,0,0,2,0,0,2,1,1,1,2
53,-7543.221,9511.017,-111.726,-161.404,-0.947576,0.318885,-0.020301,-0.318769,-0.947791,-0.008805,-0.022049,-0.001872,0.999755,1,0.00000,0.00000,60.000,0.107,-1,400.000,-1,400.000,-1,325.000,325.000,300.000,300.000,-1,-1,-1,-1,775.000,850.000,-1,-1,2,0,2,0,2,0,0,0,0,2,2,2,2,0,0,2,2
54,-7547.777,9509.505,-111.833,-161.644,-0.948901,0.314912,-0.020437,-0.314794,-0.949119,-0.008841,-0.022181,-0.001956,0.999752,0,0.08000,-0.12000,4.800,-0.240,-1,400.000,-1,400.000,-1,325.000,325.000,300.000,300.000,-1,-1,-1,-1,775.000,850.000,-1,-1,2,0,2,0,2,0,0,0,0,2,2,2,2,0,0,2,2
55,-7556.913,9506.558,-112.046,-162.124,-0.951500,0.306950,-0.020709,-0.306828,-0.951723,-0.008911,-0.022445,-0.002125,0.999746,0,0.16000,-0.24000,9.600,-0.480,-1,400.000,-1,400.000,-1,325.000,325.000,300.000,300.000,-1,-1,-1,-1,775.000,850.000,-1,-1,2,0,2,0,2,0,0,0,0,2,2,2,2,0,0,2,2
56,-7570.673,9502.311,-112.365,-162.844,-0.955274,0.294966,-0.021119,-0.294838,-0.955505,-0.009009,-0.022836,-0.002379,0.999736,0,0.24000,-0.36000,14.400,-0.720,-1,400.000,-1,400.000,-1,325.000,325.000,300.000,300.000,-1,-1,-1,-1,775.000,850.000,-1,-1,2,0,2,0,2,0,0,0,0,2,2,2,2,0,0,2,2
57,-7589.111,9496.956,-112.787,-163.804,-0.960071,0.278916,-0.021668,-0.278780,-0.960312,-0.009126,-0.023353,-0.002721,0.999724,0,0.32000,-0.48000,19.200,-0.960,-1,400.000,-1,400.000,-1,325.000,325.000,300.000,300.000,-1,-1,-1,-1,775.000,850.000,-1,-1,2,0,2,0,2,0,0,0,0,2,2,2,2,0,0,2,2
58,-7612.293,9490.746,-113.313,-165.004,-0.965687,0.258743,-0.022358,-0.258597,-0.965941,-0.009253,-0.023991,-0.003154,0.999707,0,0.40000,-0.60000,24.000,-1.200,-1,400.000,-1,400.000,-1,325.000,325.000,300.000,300.000,-1,-1,-1,-1,775.000,850.000,-1,-1,2,0,2,0,2,0,0,0,0,2,2,2,2,0,0,2,2
59,-7640.291,9483.995,-113.939,-166.444,-0.971867,0.234387,-0.023191,-0.234228,-0.972136,-0.009376,-0.024743,-0.003680,0.999687,0,0.48000,-0.72000,28.800,-1.440,-1,400.000,-1,400.000,-1,325.000,325.000,300.000,300.000,-1,-1,-1,-1,775.000,825.000,-1,-1,2,0,2,0,2,0,0,0,0,2,2,2,2,0,0,2,2
60,-7673.168,9477.060,-114.662,-168.088,-0.978169,0.206399,-0.024169,-0.206225,-0.978459,-0.009482,-0.025605,-0.004291,0.999663,0,0.56000,-0.82203,33.600,-1.644,-1,400.000,-1,400.000,-1,325.000,325.000,300.000,300.000,-1,-1,-1,-1,775.000,825.000,-1,-1,2,0,2,0,2,0,0,0,0,2,2,2,2,0,0,2,2
61,-7710.953,9470.218,-115.479,-169.736,-0.983673,0.178180,-0.025300,-0.177991,-0.983986,-0.009562,-0.026599,-0.004903,0.999634,0,0.64000,-0.82380,38.400,-1.648,-1,400.000,-1,400.000,-1,325.000,325.000,300.000,300.000,-1,-1,-1,-1,775.000,825.000,-1,-1,2,0,2,0,2,0,0,0,0,2,2,2,2,0,0,2,2
62,-7753.666,9463.749,-116.389,-171.388,-0.988369,0.149734,-0.026583,-0.149527,-0.988711,-0.009608,-0.027721,-0.005521,0.999600,0,0.72000,-0.82613,43.200,-1.652,-1,400.000,-1,400.000,-1,325.000,325.000,300.000,300.000,-1,-1,-1,-1,775.000,800.000,-1,-1,2,0,2,0,2,0,0,0,0,2,2,2,2,0,0,2,2
63,-7801.313,9457.938,-117.389,-173.047,-0.992250,0.121061,-0.028012,-0.120835,-0.992626,-0.009613,-0.028970,-0.006153,0.999561,0,0.80000,-0.82909,48.000,-1.658,-1,400.000,-1,400.000,-1,325.000,325.000,300.000,300.000,-1,-1,-1,-1,775.000,800.000,-1,-1,2,0,2,0,2,0,0,0,0,2,2,2,2,0,0,2,2
64,-7853.029,9453.151,-118.532,-174.712,-0.995311,0.092159,-0.029368,-0.091923,-0.995723,-0.009279,-0.030097,-0.006536,0.999526,0,0.86561,-0.83276,51.937,-1.666,-1,400.000,-1,400.000,-1,325.000,325.000,300.000,300.000,-1,-1,-1,-1,775.000,800.000,-1,-1,2,0,2,0,2,0,0,0,0,2,2,2,2,0,0,2,2
65,-7904.727,9449.886,-120.041,-176.386,-0.997555,0.063027,-0.030187,-0.062797,-0.997990,-0.008498,-0.030662,-0.006582,0.999508,0,0.86335,-0.83715,51.801,-1.674,-1,400.000,-1,400.000,-1,325.000,325.000,300.000,300.000,-1,-1,-1,-1,775.000,775.000,-1,-1,2,0,2,0,2,0,0,0,0,2,2,2,2,0,0,2,2
66,-7956.408,9448.145,-121.761,-178.070,-0.998962,0.033674,-0.030660,-0.033424,-0.999404,-0.008624,-0.030932,-0.007590,0.999493,0,0.86184,-0.84192,51.711,-1.684,-1,400.000,-1,400.000,-1,325.000,325.000,300.000,300.000,-1,-1,-1,-1,775.000,775.000,-1,-1,2,0,2,0,2,0,0,0,0,2,2,2,2,0,0,2,2
67,-8008.073,9447.932,-123.462,-179.764,-0.999507,0.004114,-0.031133,-0.003842,-0.999954,-0.008768,-0.031168,-0.008644,0.999477,0,0.86110,-0.84705,51.666,-1.694,-1,400.000,-1,400.000,-1,325.000,325.000,300.000,300.000,-1,-1,-1,-1,775.000,775.000,-1,-1,2,0,2,0,2,0,0,0,0,2,2,2,2,0,0,2,2
68,-8059.722,9449.257,-125.147,-181.469,-0.999171,-0.025641,-0.031611,0.025936,-0.999624,-0.008941,-0.031370,-0.009754,0.999460,0,0.86110,-0.85253,51.666,-1.705,-1,400.000,-1,400.000,-1,325.000,325.000,300.000,300.000,-1,-1,-1,-1,775.000,775.000,-1,-1,2,0,2,0,2,0,0,0,0,2,2,2,2,0,0,2,2
69,-8111.352,9452.131,-126.814,-183.186,-0.997938,-0.055575,-0.032098,0.055895,-0.998395,-0.009156,-0.031537,-0.010931,0.999443,0,0.86182,-0.85833,51.709,-1.717,-1,400.000,-1,400.000,-1,325.000,325.000,300.000,300.000,-1,-1,-1,-1,775.000,775.000,-1,-1,2,0,2,0,2,0,0,0,0,2,2,2,2,0,0,2,2
70,-8162.957,9456.568,-128.464,-184.915,-0.995790,-0.085670,-0.032600,0.086018,-0.996249,-0.009423,-0.031671,-0.012188,0.999424,0,0.86325,-0.86444,51.795,-1.729,-1,400.000,-1,400.000,-1,325.000,325.000,300.000,300.000,-1,-1,-1,-1,775.000,750.000,-1,-1,2,0,2,0,2,0,0,0,0,2,2,2,2,0,0,2,2
71,-8214.528,9462.586,-130.095,-186.657,-0.992707,-0.115908,-0.033127,0.116287,-0.993168,-0.009753,-0.031770,-0.013534,0.999404,0,0.86535,-0.87083,51.921,-1.742,-1,400.000,-1,400.000,-1,325.000,325.000,300.000,300.000,-1,-1,-1,-1,775.000,750.000,-1,-1,2,0,2,0,2,0,0,0,0,2,2,2,2,0,0,2,2
72,-8266.053,9470.205,-131.709,-188.412,-0.988671,-0.146267,-0.033687,0.146681,-0.989132,-0.010155,-0.031835,-0.014982,0.999381,0,0.86809,-0.87750,52.085,-1.755,-1,400.000,-1,400.000,-1,325.000,325.000,300.000,300.000,-1,-1,-1,-1,800.000,750.000,-1,-1,2,0,2,0,2,0,0,0,0,2,2,2,2,0,0,2,2
73,-8317.516,9479.446,-133.304,-190.180,-0.983663,-0.176724,-0.034292,0.177177,-0.984121,-0.010640,-0.031867,-0.016542,0.999355,0,0.87143,-0.88442,52.286,-1.769,-1,400.000,-1,400.000,-1,325.000,325.000,300.000,300.000,-1,-1,-1,-1,800.000,750.000,-1,-1,2,0,2,0,2,0,0,0,0,2,2,2,2,0,0,2,2
74,-8368.895,9490.333,-134.880,-191.964,-0.977662,-0.207255,-0.034954,0.207753,-0.978117,-0.011217,-0.031864,-0.018228,0.999326,0,0.87532,-0.89158,52.519,-1.783,-1,400.000,-1,400.000,-1,325.000,325.000,300.000,300.000,-1,-1,-1,-1,800.000,725.000,-1,-1,2,0,2,0,2,0,0,0,0,2,2,2,2,0,0,2,2
75,-8420.164,9502.889,-136.436,-193.761,-0.970650,-0.237833,-0.035687,0.238380,-0.971099,-0.011892,-0.031827,-0.020050,0.999292,0,0.87974,-0.89897,52.784,-1.798,-1,400.000,-1,375.000,-1,325.000,325.000,300.000,300.000,-1,-1,-1,-1,800.000,725.000,-1,-1,2,0,2,0,2,0,0,0,0,2,2,2,2,0,0,2,2
76,-8471.294,9517.139,-138.029,-195.575,-0.962612,-0.268427,-0.036394,0.269036,-0.963043,-0.012949,-0.031573,-0.022256,0.999254,0,0.88464,-0.90657,53.078,-1.813,-1,400.000,-1,375.000,-1,325.000,325.000,300.000,300.000,-1,-1,-1,-1,800.000,725.000,-1,-1,2,0,2,0,2,0,0,0,0,2,2,2,2,0,0,2,2
77,-8522.248,9533.110,-139.663,-197.403,-0.953525,-0.299005,-0.037243,0.299693,-0.953927,-0.014388,-0.031225,-0.024881,0.999203,0,0.88998,-0.91437,53.399,-1.829,-1,400.000,-1,375.000,-1,325.000,325.000,300.000,300.000,-1,-1,-1,-1,800.000,725.000,-1,-1,2,0,2,0,2,0,0,0,0,2,2,2,2,0,0,2,2
78,-8572.987,9550.825,-141.274,-199.248,-0.943369,-0.329533,-0.038245,0.330309,-0.943738,-0.015950,-0.030837,-0.027679,0.999141,0,0.89571,-0.92237,53.743,-1.845,-1,400.000,-1,375.000,-1,325.000,325.000,300.000,300.000,-1,-1,-1,-1,800.000,700.000,-1,-1,2,0,2,0,2,0,0,0,0,2,2,2,2,0,0,2,2
79,-8623.465,9570.311,-142.933,-201.109,-0.932139,-0.359981,-0.039130,0.360839,-0.932464,-0.017467,-0.030200,-0.030401,0.999081,0,0.90181,-0.93055,54.108,-1.861,-1,400.000,-1,375.000,-1,325.000,325.000,275.000,300.000,-1,-1,-1,-1,775.000,700.000,-1,-1,2,0,2,0,2,0,0,0,0,2,2,2,2,0,0,2,2
80,-8673.548,9591.551,-144.599,-202.983,-0.919836,-0.390243,-0.040151,0.391190,-0.920114,-0.018997,-0.029530,-0.033181,0.999013,0,0.90667,-0.93690,54.400,-1.874,-1,400.000,-1,375.000,-1,325.000,325.000,275.000,300.000,-1,-1,-1,-1,775.000,675.000,-1,-1,2,0,2,0,2,0,0,0,0,2,2,2,2,0,0,2,2
81,-8722.909,9614.418,-146.242,-204.857,-0.906544,-0.420078,-0.041378,0.421123,-0.906770,-0.020585,-0.028873,-0.036087,0.998931,0,0.90667,-0.93690,54.400,-1.874,-1,400.000,-1,375.000,-1,325.000,300.000,275.000,300.000,-1,-1,-1,-1,750.000,675.000,-1,-1,2,0,2,0,2,0,0,0,0,2,2,2,2,0,0,2,2
82,-8771.497,9638.886,-147.477,-206.731,-0.892348,-0.449477,-0.041048,0.450541,-0.892497,-0.021480,-0.026980,-0.037662,0.998926,0,0.90667,-0.93690,54.400,-1.874,-1,400.000,-1,375.000,-1,325.000,300.000,275.000,300.000,-1,-1,-1,-1,750.000,675.000,-1,-1,2,0,2,0,2,0,0,0,0,2,2,2,2,0,0,2,2
83,-8819.257,9664.930,-148.576,-208.604,-0.877214,-0.478395,-0.040429,0.479462,-0.877277,-0.022404,-0.024749,-0.039037,0.998931,0,0.90667,-0.93690,54.400,-1.874,-1,400.000,-1,375.000,-1,325.000,300.000,300.000,300.000,-1,-1,-1,-1,750.000,650.000,-1,-1,2,0,2,0,2,0,0,0,0,2,2,2,2,0,0,2,2
84,-8864.004,9691.013,-149.558,-210.238,-0.863259,-0.503187,-0.039846,0.504256,-0.863236,-0.023457,-0.022593,-0.040342,0.998930,0,0.86321,-0.81690,51.793,-1.634,-1,400.000,-1,375.000,-1,325.000,300.000,300.000,300.000,-1,-1,-1,-1,750.000,650.000,-1,-1,2,0,2,0,2,0,0,0,0,2,2,2,2,0,0,2,2
85,-8908.102,9718.176,-150.486,-211.632,-0.850807,-0.524007,-0.039297,0.525079,-0.850695,-0.024687,-0.020493,-0.041638,0.998923,0,0.86321,-0.69690,51.793,-1.394,-1,400.000,-1,375.000,-1,325.000,300.000,300.000,300.000,-1,-1,-1,-1,750.000,650.000,-1,-1,2,0,2,0,2,0,0,0,0,2,2,2,2,0,0,2,2
86,-8951.645,9746.221,-151.367,-212.786,-0.840127,-0.541001,-0.038791,0.542075,-0.839925,-0.026085,-0.018470,-0.042942,0.998907,0,0.86321,-0.57690,51.793,-1.154,-1,400.000,-1,375.000,-1,325.000,300.000,300.000,300.000,-1,-1,-1,-1,750.000,650.000,-1,-1,2,0,2,0,2,0,0,0,0,2,2,2,2,0,0,2,2
87,-8994.735,9774.958,-152.218,-213.700,-0.831438,-0.554294,-0.038329,0.555373,-0.831141,-0.027687,-0.016510,-0.044307,0.998882,0,0.86321,-0.45690,51.793,-0.914,-1,400.000,-1,375.000,-1,325.000,300.000,300.000,300.000,-1,-1,-1,-1,750.000,650.000,-1,-1,2,0,2,0,2,0,0,0,0,2,2,2,2,0,0,2,2
88,-9037.484,9804.198,-152.858,-214.373,-0.824924,-0.563975,-0.037846,0.565068,-0.824485,-0.030371,-0.014075,-0.046440,0.998822,0,0.86321,-0.33690,51.793,-0.674,-1,400.000,-1,375.000,-1,325.000,300.000,300.000,300.000,-1,725.000,-1,-1,775.000,650.000,-1,-1,2,0,2,0,2,0,0,0,0,2,0,2,2,0,0,2,2
89,-9080.011,9833.761,-153.401,-214.807,-0.820699,-0.570135,-0.037398,0.571244,-0.820096,-0.033514,-0.011563,-0.048868,0.998738,0,0.86321,-0.21690,51.793,-0.434,-1,400.000,-1,375.000,-1,325.000,300.000,300.000,300.000,-1,650.000,900.000,-1,775.000,650.000,-1,-1,2,0,2,0,2,0,0,0,0,2,0,0,2,0,0,2,2
90,-9122.437,9863.468,-153.955,-215.001,-0.818831,-0.572830,-0.037174,0.573959,-0.818054,-0.036854,-0.009299,-0.051514,0.998629,0,0.86321,-0.09690,51.793,-0.194,-1,400.000,-1,375.000,-1,325.000,300.000,300.000,300.000,-1,575.000,775.000,-1,775.000,650.000,-1,-1,2,0,2,0,2,0,0,0,0,2,0,0,2,0,0,2,2
91,-9164.888,9893.141,-154.509,-214.955,-0.819357,-0.572086,-0.037043,0.573238,-0.818395,-0.040347,-0.007234,-0.054293,0.998499,0,0.86321,0.02310,51.793,0.046,-1,400.000,-1,375.000,-1,325.000,300.000,300.000,300.000,-1,550.000,725.000,-1,775.000,675.000,-1,-1,2,0,2,0,2,0,0,0,0,2,0,0,2,0,0,2,2
92,-9207.486,9922.600,-154.981,-214.669,-0.822261,-0.567910,-0.036947,0.569083,-0.821126,-0.043541,-0.005611,-0.056828,0.998368,0,0.86321,0.14310,51.793,0.286,-1,400.000,-1,375.000,-1,325.000,325.000,300.000,300.000,-1,525.000,700.000,-1,775.000,675.000,-1,-1,2,0,2,0,2,0,0,0,0,2,0,0,2,0,0,2,2
93,-9250.352,9951.668,-155.206,-214.142,-0.827470,-0.560294,-0.036931,0.561487,-0.826232,-0.045532,-0.005002,-0.058412,0.998280,0,0.86321,0.26310,51.793,0.526,-1,400.000,-1,375.000,-1,325.000,325.000,300.000,300.000,-1,550.000,725.000,-1,775.000,675.000,-1,-1,2,0,2,0,2,0,0,0,0,2,0,0,2,0,0,2,2
94,-9293.604,9980.160,-155.473,-213.376,-0.834918,-0.549147,-0.036739,0.550356,-0.833577,-0.047505,-0.004538,-0.059882,0.998195,0,0.86321,0.38310,51.793,0.766,-1,400.000,-1,375.000,-1,325.000,325.000,300.000,300.000,-1,575.000,750.000,-1,800.000,675.000,-1,-1,2,0,2,0,2,0,0,0,0,2,0,0,2,0,0,2,2
95,-9337.348,10007.888,-155.769,-212.370,-0.844459,-0.534378,-0.036465,0.535603,-0.843019,-0.049482,-0.004299,-0.061316,0.998109,0,0.86321,0.50310,51.793,1.006,-1,400.000,-1,375.000,-1,325.000,325.000,300.000,300.000,-1,600.000,800.000,-1,800.000,675.000,-1,-1,2,0,2,0,2,0,0,0,0,2,0,0,2,0,0,2,2
96,-9381.686,10034.658,-156.181,-211.124,-0.855896,-0.515881,-0.036167,0.517128,-0.854382,-0.051094,-0.004542,-0.062434,0.998039,0,0.86321,0.62310,51.793,1.246,-1,400.000,-1,375.000,-1,325.000,325.000,300.000,300.000,-1,650.000,825.000,-1,800.000,700.000,-1,-1,2,0,2,0,2,0,0,0,0,2,0,0,2,0,0,2,2
97,-9426.702,10060.270,-156.766,-209.638,-0.868988,-0.493529,-0.035889,0.494803,-0.867441,-0.052118,-0.005410,-0.063048,0.997996,0,0.86321,0.74310,51.793,1.486,-1,400.000,-1,375.000,-1,325.000,325.000,300.000,300.000,-1,700.000,900.000,-1,800.000,700.000,-1,-1,2,0,2,0,2,0,0,0,0,2,0,0,2,0,0,2,2
98,-9472.470,10084.513,-157.436,-207.911,-0.883456,-0.467161,-0.035580,0.468468,-0.881888,-0.053024,-0.006607,-0.063513,0.997959,0,0.86321,0.86310,51.793,1.726,-1,400.000,-1,375.000,-1,325.000,325.000,300.000,300.000,-1,750.000,925.000,-1,825.000,700.000,-1,-1,2,0,2,0,2,0,0,0,0,2,0,0,2,0,0,2,2
99,-9519.042,10107.172,-158.041,-205.945,-0.898935,-0.436604,-0.035950,0.437996,-0.897346,-0.054129,-0.008627,-0.064404,0.997887,0,0.86321,0.98310,51.793,1.966,-1,400.000,-1,375.000,-1,325.000,325.000,300.000,300.000,-1,825.000,-1,-1,825.000,700.000,-1,-1,2,0,2,0,2,0,0,0,0,2,0,2,2,0,0,2,2
100,-9566.377,10128.191,-158.613,-203.945,-0.913579,-0.404988,-0.036848,0.406508,-0.911962,-0.055461,-0.011143,-0.065647,0.997781,0,0.86321,1.00000,51.793,2.000,-1,400.000,-1,375.000,-1,325.000,325.000,300.000,300.000,-1,950.000,-1,-1,825.000,700.000,-1,-1,2,0,2,0,2,0,0,0,0,2,0,2,2,0,0,2,2
101,-9614.417,10147.546,-159.279,-201.945,-0.927109,-0.372886,-0.037739,0.374539,-0.925470,-0.056793,-0.013749,-0.066788,0.997672,0,0.86321,1.00000,51.793,2.000,-1,400.000,-1,375.000,-1,325.000,325.000,300.000,300.000,-1,-1,-1,-1,825.000,725.000,-1,-1,2,0,2,0,2,0,0,0,0,2,2,2,2,0,0,2,2
102,-9663.103,10165.212,-160.040,-199.945,-0.939510,-0.340337,-0.038623,0.342126,-0.937855,-0.058123,-0.016442,-0.067821,0.997562,0,0.86321,1.00000,51.793,2.000,-1,400.000,-1,375.000,-1,325.000,325.000,300.000,275.000,-1,-1,-1,-1,825.000,725.000,-1,-1,2,0,2,0,2,0,0,0,0,2,2,2,2,0,0,2,2
103,-9712.376,10181.168,-160.898,-197.945,-0.950767,-0.307379,-0.039498,0.309310,-0.949101,-0.059447,-0.019215,-0.068737,0.997450,0,0.86321,1.00000,51.793,2.000,-1,425.000,-1,375.000,-1,325.000,325.000,300.000,300.000,-1,-1,-1,-1,825.000,725.000,-1,-1,2,0,2,0,2,0,0,0,0,2,2,2,2,0,0,2,2
104,-9762.234,10195.412,-161.876,-195.946,-0.960866,-0.274064,-0.040318,0.276139,-0.959189,-0.060864,-0.021992,-0.069615,0.997331,0,0.86423,0.99965,51.854,1.999,-1,425.000,-1,375.000,-1,325.000,325.000,300.000,300.000,-1,-1,-1,-1,825.000,750.000,-1,-1,2,0,2,0,2,0,0,0,0,2,2,2,2,0,0,2,2
105,-9812.903,10207.998,-163.020,-193.951,-0.969776,-0.240497,-0.041188,0.242731,-0.968078,-0.062502,-0.024842,-0.070610,0.997195,0,0.87017,0.99727,52.210,1.995,-1,425.000,-1,400.000,-1,325.000,325.000,300.000,300.000,-1,-1,-1,-1,825.000,750.000,-1,-1,2,0,2,0,2,0,0,0,0,2,2,2,2,0,0,2,2
106,-9864.311,10218.889,-164.300,-191.963,-0.977489,-0.206743,-0.042096,0.209146,-0.975773,-0.064222,-0.027799,-0.071581,0.997047,0,0.87584,0.99435,52.550,1.989,-1,425.000,-1,400.000,-1,325.000,325.000,300.000,300.000,-1,-1,-1,-1,800.000,750.000,-1,-1,2,0,2,0,2,0,0,0,0,2,2,2,2,0,0,2,2
107,-9916.380,10228.052,-165.938,-189.981,-0.984025,-0.172877,-0.042527,0.175396,-0.982342,-0.065122,-0.030517,-0.071541,0.996971,0,0.88116,0.99087,52.870,1.982,-1,400.000,-1,400.000,-1,325.000,325.000,275.000,300.000,-1,-1,-1,-1,800.000,775.000,-1,-1,2,0,2,0,2,0,0,0,0,2,2,2,2,0,0,2,2
108,-9969.026,10235.458,-167.842,-188.007,-0.989365,-0.138949,-0.043014,0.141569,-0.987764,-0.065427,-0.033397,-0.070821,0.996930,0,0.88609,0.98684,53.165,1.974,-1,400.000,-1,400.000,-1,325.000,325.000,275.000,300.000,-1,-1,-1,-1,800.000,775.000,-1,-1,2,0,2,0,2,0,0,0,0,2,2,2,2,0,0,2,2
109,-10017.122,10240.549,-169.683,-186.043,-0.993522,-0.105013,-0.043429,0.107722,-0.992013,-0.065618,-0.036191,-0.069871,0.996899,0,0.80609,0.98226,48.365,1.965,-1,400.000,-1,400.000,-1,325.000,325.000,275.000,300.000,-1,-1,-1,-1,775.000,775.000,-1,-1,2,0,2,0,2,0,0,0,0,2,2,2,2,0,0,2,2
110,-10063.849,10243.889,-171.569,-184.088,-0.996505,-0.071115,-0.043815,0.073904,-0.995097,-0.065724,-0.038927,-0.068733,0.996875,0,0.78079,0.97753,46.847,1.955,-1,400.000,-1,400.000,-1,325.000,325.000,275.000,300.000,-1,-1,-1,-1,775.000,775.000,-1,-1,2,0,2,0,2,0,0,0,0,2,2,2,2,0,0,2,2
111,-10110.835,10245.648,-173.564,-182.143,-0.998326,-0.037304,-0.044199,0.040167,-0.997027,-0.065756,-0.041614,-0.067421,0.996856,0,0.78367,0.97248,47.020,1.945,-1,400.000,-1,400.000,-1,325.000,325.000,275.000,300.000,-1,-1,-1,-1,775.000,775.000,-1,-1,2,0,2,0,2,0,0,0,0,2,2,2,2,0,0,2,2
112,-10157.994,10245.821,-175.663,-180.209,-0.998999,-0.003635,-0.044583,0.006563,-0.997817,-0.065710,-0.044247,-0.065937,0.996842,0,0.78601,0.96700,47.161,1.934,-1,400.000,-1,400.000,-1,325.000,325.000,275.000,300.000,-1,-1,-1,-1,750.000,775.000,-1,-1,2,0,2,0,2,0,0,0,0,2,2,2,2,0,0,2,2
113,-10205.239,10244.408,-177.863,-178.286,-0.998542,0.029841,-0.044974,-0.026855,-0.997486,-0.065585,-0.046818,-0.064282,0.996833,0,0.78778,0.96113,47.267,1.922,-1,400.000,-1,400.000,-1,325.000,325.000,275.000,300.000,-1,-1,-1,-1,750.000,775.000,-1,-1,2,0,2,0,2,0,0,0,0,2,2,2,2,0,0,2,2
114,-10252.480,10241.418,-180.159,-176.377,-0.996977,0.063073,-0.045375,-0.060039,-0.996053,-0.065381,-0.049320,-0.062459,0.996828,0,0.78894,0.95489,47.336,1.910,-1,400.000,-1,400.000,-1,325.000,325.000,275.000,300.000,-1,-1,-1,-1,750.000,775.000,-1,-1,2,0,2,0,2,0,0,0,0,2,2,2,2,0,0,2,2
115,-10299.627,10236.863,-182.547,-174.480,-0.994326,0.096017,-0.045792,-0.092943,-0.993541,-0.065096,-0.051746,-0.060470,0.996828,0,0.78946,0.94833,47.367,1.897,-1,400.000,-1,400.000,-1,325.000,325.000,275.000,300.000,-1,-1,-1,-1,750.000,775.000,-1,-1,2,0,2,0,2,0,0,0,0,2,2,2,2,0,0,2,2
116,-10346.591,10230.762,-185.021,-172.597,-0.990615,0.128627,-0.046229,-0.125523,-0.989977,-0.064730,-0.054092,-0.058319,0.996831,0,0.78932,0.94147,47.359,1.883,-1,400.000,-1,400.000,-1,325.000,325.000,275.000,300.000,-1,-1,-1,-1,725.000,775.000,-1,-1,2,0,2,0,2,0,0,0,0,2,2,2,2,0,0,2,2
117,-10393.283,10223.141,-187.576,-170.728,-0.985872,0.160864,-0.046692,-0.157740,-0.985386,-0.064282,-0.056351,-0.056009,0.996839,0,0.78852,0.93439,47.311,1.869,-1,400.000,-1,400.000,-1,325.000,325.000,275.000,300.000,-1,-1,-1,-1,725.000,775.000,-1,-1,2,0,2,0,2,0,0,0,0,2,2,2,2,0,0,2,2
118,-10439.619,10214.031,-190.224,-168.874,-0.980126,0.192691,-0.047151,-0.189563,-0.979801,-0.063687,-0.058470,-0.053484,0.996855,0,0.78705,0.92713,47.223,1.854,-1,375.000,-1,400.000,-1,325.000,325.000,275.000,300.000,-1,-1,-1,-1,725.000,775.000,-1,-1,2,0,2,0,2,0,0,0,0,2,2,2,2,0,0,2,2
119,-10485.515,10203.466,-193.088,-167.034,-0.973416,0.224081,-0.047417,-0.221008,-0.973273,-0.062407,-0.060134,-0.050269,0.996924,0,0.78495,0.91977,47.097,1.840,-1,375.000,-1,400.000,-1,325.000,325.000,300.000,300.000,-1,-1,-1,-1,725.000,775.000,-1,-1,2,0,2,0,2,0,0,0,0,2,2,2,2,0,0,2,2
120,-10530.894,10191.487,-196.018,-165.210,-0.965760,0.255000,-0.047784,-0.251991,-0.965803,-0.061034,-0.061714,-0.046903,0.996991,0,0.78223,0.91236,46.934,1.825,-1,375.000,-1,400.000,-1,325.000,325.000,300.000,300.000,-1,-1,-1,-1,700.000,775.000,-1,-1,2,0,2,0,2,0,0,0,0,2,2,2,2,0,0,2,2
121,-10580.529,10176.904,-199.332,-163.625,-0.958308,0.281653,-0.048140,-0.278725,-0.958523,-0.059554,-0.062917,-0.043653,0.997064,0,0.86223,0.79236,51.734,1.585,-1,375.000,-1,400.000,-1,325.000,325.000,300.000,300.000,-1,-1,-1,-1,700.000,775.000,-1,-1,2,0,2,0,2,0,0,0,0,2,2,2,2,0,0,2,2
122,-10634.382,10159.699,-203.013,-162.280,-0.951400,0.304111,-0.048528,-0.301277,-0.951776,-0.057917,-0.063801,-0.040481,0.997141,0,0.94223,0.67236,56.534,1.345,-1,375.000,-1,400.000,-1,325.000,325.000,300.000,300.000,-1,-1,-1,-1,700.000,775.000,-1,-1,2,0,2,0,2,0,0,0,0,2,2,2,2,0,0,2,2
123,-10687.939,10141.443,-206.726,-161.176,-0.945321,0.322442,-0.048974,-0.319709,-0.945847,-0.056217,-0.064449,-0.037486,0.997217,0,0.94305,0.55236,56.583,1.105,1000.000,375.000,-1,400.000,-1,325.000,325.000,300.000,300.000,-1,-1,-1,-1,700.000,775.000,-1,-1,0,0,2,0,2,0,0,0,0,2,2,2,2,0,0,2,2
124,-10740.983,10122.464,-210.439,-160.311,-0.940307,0.336714,-0.049461,-0.334085,-0.940967,-0.054477,-0.064884,-0.034701,0.997289,0,0.93896,0.43236,56.338,0.865,1000.000,375.000,-1,400.000,-1,325.000,325.000,300.000,300.000,-1,-1,-1,-1,700.000,750.000,-1,-1,0,0,2,0,2,0,0,0,0,2,2,2,2,0,0,2,2
125,-10793.589,10102.991,-214.140,-159.686,-0.936539,0.346983,-0.049967,-0.344460,-0.937320,-0.052705,-0.065123,-0.032149,0.997359,0,0.93491,0.31236,56.094,0.625,975.000,375.000,-1,400.000,-1,325.000,325.000,300.000,300.000,-1,-1,-1,-1,700.000,750.000,-1,-1,0,0,2,0,2,0,0,0,0,2,2,2,2,0,0,2,2
126,-10845.843,10083.249,-217.821,-159.301,-0.934150,0.353294,-0.050471,-0.350879,-0.935036,-0.050911,-0.065179,-0.029850,0.997427,0,0.93099,0.19236,55.859,0.385,950.000,375.000,-1,400.000,-1,325.000,325.000,300.000,275.000,-1,-1,-1,-1,675.000,750.000,-1,-1,0,0,2,0,2,0,0,0,0,2,2,2,2,0,0,2,2
127,-10897.841,10063.453,-221.471,-159.157,-0.933219,0.355676,-0.050951,-0.353367,-0.934195,-0.049102,-0.065063,-0.027818,0.997493,0,0.92730,0.07236,55.638,0.145,950.000,375.000,-1,400.000,-1,300.000,325.000,300.000,275.000,-1,-1,-1,-1,675.000,725.000,-1,-1,0,0,2,0,2,0,0,0,0,2,2,2,2,0,0,2,2
128,-10949.680,10043.815,-224.985,-159.252,-0.933804,0.354135,-0.050982,-0.351926,-0.934820,-0.047525,-0.064489,-0.026437,0.997568,0,0.92391,-0.04764,55.435,-0.095,925.000,375.000,-1,400.000,-1,300.000,325.000,300.000,275.000,-1,-1,-1,-1,675.000,725.000,-1,-1,0,0,2,0,2,0,0,0,0,2,2,2,2,0,0,2,2
129,-11001.463,10024.545,-228.371,-159.587,-0.935880,0.348666,-0.050603,-0.346549,-0.936896,-0.046159,-0.063503,-0.025663,0.997652,0,0.92087,-0.16764,55.252,-0.335,925.000,375.000,-1,375.000,-1,300.000,325.000,300.000,275.000,-1,-1,-1,-1,675.000,725.000,-1,-1,0,0,2,0,2,0,0,0,0,2,2,2,2,0,0,2,2
130,-11048.921,10007.424,-231.452,-160.162,-0.939353,0.339246,-0.050273,-0.337209,-0.940361,-0.044855,-0.062492,-0.025182,0.997728,0,0.84087,-0.28764,50.452,-0.575,925.000,375.000,-1,375.000,-1,300.000,325.000,300.000,275.000,-1,-1,-1,-1,675.000,725.000,-1,-1,0,0,2,0,2,0,0,0,0,2,2,2,2,0,0,2,2
131,-11094.966,9991.550,-234.414,-160.978,-0.944108,0.325834,-0.049928,-0.323873,-0.945098,-0.043536,-0.061372,-0.024932,0.997803,0,0.81175,-0.40764,48.705,-0.815,950.000,375.000,-1,375.000,-1,300.000,325.000,300.000,275.000,-1,-1,-1,-1,675.000,725.000,-1,-1,0,0,2,0,2,0,0,0,0,2,2,2,2,0,0,2,2
132,-11141.211,9976.554,-237.275,-162.033,-0.949988,0.308371,-0.049306,-0.306478,-0.950933,-0.042394,-0.059960,-0.025163,0.997884,0,0.81025,-0.52764,48.615,-1.055,950.000,375.000,-1,375.000,-1,300.000,325.000,300.000,275.000,-1,-1,-1,-1,675.000,725.000,-1,-1,0,0,2,0,2,0,0,0,0,2,2,2,2,0,0,2,2
133,-11187.709,9962.590,-240.102,-163.285,-0.956535,0.287524,-0.048686,-0.285693,-0.957432,-0.041274,-0.058481,-0.025571,0.997961,0,0.80916,-0.62578,48.550,-1.252,975.000,375.000,-1,375.000,-1,300.000,325.000,300.000,275.000,-1,-1,-1,-1,675.000,725.000,-1,-1,0,0,2,0,2,0,0,0,0,2,2,2,2,0,0,2,2
134,-11234.456,9949.656,-242.885,-164.535,-0.962619,0.266563,-0.048061,-0.264789,-0.963467,-0.040221,-0.057027,-0.025991,0.998034,0,0.80839,-0.62511,48.504,-1.250,975.000,375.000,-1,375.000,-1,300.000,325.000,275.000,275.000,-1,-1,-1,-1,675.000,725.000,-1,-1,0,0,2,0,2,0,0,0,0,2,2,2,2,0,0,2,2
135,-11281.432,9937.756,-245.542,-165.784,-0.968243,0.245502,-0.047260,-0.243810,-0.969045,-0.038845,-0.055334,-0.026089,0.998127,0,0.80766,-0.62436,48.459,-1.249,1000.000,375.000,-1,375.000,-1,325.000,325.000,275.000,275.000,-1,-1,-1,-1,675.000,725.000,-1,-1,0,0,2,0,2,0,0,0,0,2,2,2,2,0,0,2,2
