timestep,x_cm,y_cm,z_cm,yaw_deg,basis_xx,basis_xy,basis_xz,basis_yx,basis_yy,basis_yz,basis_zx,basis_zy,basis_zz,teleport_flag,throttle_cmd,steering_cmd,cmd_move_cm,cmd_turn_deg,lidar_cm_0,lidar_cm_1,lidar_cm_2,lidar_cm_3,lidar_cm_4,lidar_cm_5,lidar_cm_6,lidar_cm_7,lidar_cm_8,lidar_cm_9,lidar_cm_10,lidar_cm_11,lidar_cm_12,lidar_cm_13,lidar_cm_14,lidar_cm_15,lidar_cm_16,lidar_class_0,lidar_class_1,lidar_class_2,lidar_class_3,lidar_class_4,lidar_class_5,lidar_class_6,lidar_class_7,lidar_class_8,lidar_class_9,lidar_class_10,lidar_class_11,lidar_class_12,lidar_class_13,lidar_class_14,lidar_class_15,lidar_class_16
0,-8194.611,-326.412,17.168,18.857,0.946279,-0.323140,-0.011720,0.323308,0.946128,0.017717,0.005363,-0.020554,0.999774,1,0.08000,0.12000,4.800,0.240,-1,400.000,-1,375.000,-1,325.000,325.000,300.000,300.000,-1,-1,-1,-1,800.000,750.000,-1,-1,2,0,2,0,2,0,0,0,0,2,2,2,2,0,0,2,2
1,-8185.553,-323.234,17.212,19.337,0.943538,-0.331053,-0.011789,0.331222,0.943383,0.017872,0.005205,-0.020768,0.999771,0,0.16000,0.24000,9.600,0.480,-1,400.000,-1,375.000,-1,325.000,325.000,300.000,300.000,-1,-1,-1,-1,800.000,750.000,-1,-1,2,0,2,0,2,0,0,0,0,2,2,2,2,0,0,2,2
2,-8172.026,-318.295,17.272,20.057,0.939304,-0.342880,-0.011887,0.343050,0.939143,0.018099,0.004958,-0.021078,0.999766,0,0.24000,0.36000,14.400,0.720,-1,400.000,-1,400.000,-1,325.000,325.000,300.000,300.000,-1,-1,-1,-1,800.000,750.000,-1,-1,2,0,2,0,2,0,0,0,0,2,2,2,2,0,0,2,2
3,-8154.103,-311.409,17.340,21.017,0.933428,-0.358563,-0.012006,0.358734,0.933258,0.018389,0.004611,-0.021472,0.999759,0,0.32000,0.48000,19.200,0.960,-1,400.000,-1,400.000,-1,325.000,325.000,300.000,300.000,-1,-1,-1,-1,800.000,750.000,-1,-1,2,0,2,0,2,0,0,0,0,2,2,2,2,0,0,2,2
4,-8131.885,-302.334,17.403,22.217,0.925716,-0.378025,-0.012136,0.378197,0.925535,0.018732,0.004151,-0.021930,0.999751,0,0.40000,0.60000,24.000,1.200,-1,400.000,-1,400.000,-1,325.000,325.000,300.000,300.000,-1,-1,-1,-1,800.000,750.000,-1,-1,2,0,2,0,2,0,0,0,0,2,2,2,2,0,0,2,2
5,-8105.506,-290.778,17.450,23.657,0.915926,-0.401160,-0.012262,0.401332,0.915733,0.019112,0.003562,-0.022426,0.999742,0,0.48000,0.72000,28.800,1.440,-1,400.000,-1,400.000,-1,325.000,325.000,300.000,300.000,-1,-1,-1,-1,800.000,750.000,-1,-1,2,0,2,0,2,0,0,0,0,2,2,2,2,0,0,2,2
6,-8075.138,-276.399,17.461,25.337,0.903775,-0.427830,-0.012367,0.427999,0.903568,0.019513,0.002826,-0.022929,0.999733,0,0.56000,0.84000,33.600,1.680,-1,400.000,-1,400.000,-1,325.000,325.000,300.000,300.000,-1,-1,-1,-1,800.000,750.000,-1,-1,2,0,2,0,2,0,0,0,0,2,2,2,2,0,0,2,2
7,-8041.002,-258.812,17.415,27.257,0.888938,-0.457858,-0.012430,0.458023,0.888717,0.019915,0.001928,-0.023396,0.999724,0,0.64000,0.96000,38.400,1.920,-1,400.000,-1,400.000,-1,325.000,325.000,300.000,300.000,-1,-1,-1,-1,775.000,775.000,-1,-1,2,0,2,0,2,0,0,0,0,2,2,2,2,0,0,2,2
8,-8005.946,-239.239,17.434,29.176,0.873120,-0.487345,-0.012518,0.487505,0.872873,0.020784,0.000798,-0.024250,0.999706,0,0.66918,0.95930,40.151,1.919,-1,400.000,-1,400.000,-1,325.000,325.000,300.000,300.000,-1,-1,-1,-1,775.000,775.000,-1,-1,2,0,2,0,2,0,0,0,0,2,2,2,2,0,0,2,2
9,-7970.944,-218.154,17.438,31.064,0.856600,-0.515826,-0.012603,0.515980,0.856323,0.021803,-0.000455,-0.025179,0.999683,0,0.68104,0.94400,40.862,1.888,-1,400.000,-1,400.000,-1,325.000,325.000,300.000,300.000,-1,-1,-1,-1,775.000,775.000,-1,-1,2,0,2,0,2,0,0,0,0,2,2,2,2,0,0,2,2
10,-7936.052,-195.563,17.373,32.921,0.839445,-0.543296,-0.012685,0.543442,0.839138,0.022762,-0.001722,-0.026001,0.999660,0,0.69277,0.92860,41.566,1.857,-1,400.000,-1,400.000,-1,325.000,325.000,300.000,300.000,-1,-1,-1,-1,775.000,775.000,-1,-1,2,0,2,0,2,0,0,0,0,2,2,2,2,0,0,2,2
11,-7905.767,-174.719,17.256,34.538,0.823789,-0.566753,-0.012735,0.566889,0.823458,0.023542,-0.002855,-0.026613,0.999642,0,0.61277,0.80860,36.766,1.617,-1,400.000,-1,400.000,-1,325.000,325.000,300.000,300.000,-1,-1,-1,-1,775.000,775.000,-1,-1,2,0,2,0,2,0,0,0,0,2,2,2,2,0,0,2,2
12,-7879.878,-155.968,17.119,35.915,0.809940,-0.586373,-0.012803,0.586500,0.809588,0.024179,-0.003813,-0.027093,0.999626,0,0.53277,0.68860,31.966,1.377,-1,400.000,-1,400.000,-1,325.000,325.000,300.000,300.000,-1,-1,-1,-1,775.000,775.000,-1,-1,2,0,2,0,2,0,0,0,0,2,2,2,2,0,0,2,2
13,-7858.198,-139.599,16.977,37.052,0.798151,-0.602319,-0.012876,0.602439,0.797783,0.024689,-0.004598,-0.027463,0.999612,0,0.45277,0.56860,27.166,1.137,-1,400.000,-1,400.000,-1,325.000,325.000,300.000,300.000,-1,-1,-1,-1,750.000,800.000,-1,-1,2,0,2,0,2,0,0,0,0,2,2,2,2,0,0,2,2
14,-7838.303,-124.083,16.823,37.950,0.788630,-0.614732,-0.012957,0.614846,0.788246,0.025129,-0.005234,-0.027785,0.999600,0,0.42049,0.44860,25.229,0.897,-1,400.000,-1,400.000,-1,325.000,325.000,300.000,300.000,-1,-1,-1,-1,750.000,800.000,-1,-1,2,0,2,0,2,0,0,0,0,2,2,2,2,0,0,2,2
15,-7818.295,-108.107,16.649,38.607,0.781533,-0.623727,-0.013050,0.623837,0.781137,0.025543,-0.005738,-0.028104,0.999589,0,0.42674,0.32860,25.605,0.657,-1,400.000,-1,400.000,-1,325.000,325.000,300.000,300.000,-1,-1,-1,-1,750.000,800.000,-1,-1,2,0,2,0,2,0,0,0,0,2,2,2,2,0,0,2,2
16,-7798.126,-91.760,16.456,39.024,0.776976,-0.629393,-0.013153,0.629501,0.776567,0.025934,-0.006108,-0.028430,0.999577,0,0.43270,0.20860,25.962,0.417,-1,400.000,-1,400.000,-1,325.000,325.000,300.000,300.000,-1,-1,-1,-1,750.000,800.000,-1,-1,2,0,2,0,2,0,0,0,0,2,2,2,2,0,0,2,2
17,-7777.742,-75.135,16.268,39.201,0.775029,-0.631787,-0.013220,0.631894,0.774611,0.026227,-0.006330,-0.028681,0.999569,0,0.43840,0.08860,26.304,0.177,-1,400.000,-1,400.000,-1,325.000,325.000,300.000,300.000,-1,-1,-1,-1,750.000,800.000,-1,-1,2,0,2,0,2,0,0,0,0,2,2,2,2,0,0,2,2
18,-7757.084,-58.323,16.130,39.139,0.775724,-0.630938,-0.013013,0.631038,0.775303,0.026402,-0.006569,-0.028692,0.999567,0,0.44390,-0.03140,26.634,-0.063,-1,400.000,-1,400.000,-1,325.000,325.000,300.000,300.000,-1,-1,-1,-1,750.000,800.000,-1,-1,2,0,2,0,2,0,0,0,0,2,2,2,2,0,0,2,2
19,-7736.086,-41.419,15.988,38.836,0.779050,-0.626831,-0.012807,0.626927,0.778626,0.026545,-0.006668,-0.028709,0.999566,0,0.44929,-0.15140,26.957,-0.303,-1,400.000,-1,400.000,-1,325.000,325.000,300.000,300.000,-1,-1,-1,-1,750.000,800.000,-1,-1,2,0,2,0,2,0,0,0,0,2,2,2,2,0,0,2,2
20,-7714.678,-24.516,15.842,38.293,0.784953,-0.619427,-0.012604,0.619519,0.784528,0.026659,-0.006625,-0.028734,0.999565,0,0.45461,-0.27140,27.277,-0.543,-1,400.000,-1,400.000,-1,325.000,325.000,300.000,300.000,-1,-1,-1,-1,750.000,800.000,-1,-1,2,0,2,0,2,0,0,0,0,2,2,2,2,0,0,2,2
21,-7692.786,-7.711,15.699,37.510,0.793342,-0.608650,-0.012407,0.608743,0.792917,0.026744,-0.006440,-0.028770,0.999565,0,0.45996,-0.39140,27.598,-0.783,-1,400.000,-1,400.000,-1,325.000,325.000,300.000,300.000,-1,-1,-1,-1,750.000,825.000,-1,-1,2,0,2,0,2,0,0,0,0,2,2,2,2,0,0,2,2
22,-7670.334,8.894,15.561,36.487,0.804078,-0.594399,-0.012221,0.594493,0.803654,0.026801,-0.006109,-0.028816,0.999566,0,0.46541,-0.51140,27.925,-1.023,-1,400.000,-1,400.000,-1,325.000,325.000,300.000,300.000,-1,-1,-1,-1,750.000,825.000,-1,-1,2,0,2,0,2,0,0,0,0,2,2,2,2,0,0,2,2
23,-7646.822,25.496,15.430,35.225,0.816978,-0.576542,-0.012047,0.576641,0.816557,0.026830,-0.005632,-0.028866,0.999567,0,0.47971,-0.63140,28.782,-1.263,-1,400.000,-1,400.000,-1,325.000,325.000,300.000,300.000,-1,-1,-1,-1,750.000,825.000,-1,-1,2,0,2,0,2,0,0,0,0,2,2,2,2,0,0,2,2
24,-7622.668,41.618,15.317,33.722,0.831813,-0.554929,-0.011895,0.555034,0.831395,0.026816,-0.004991,-0.028908,0.999570,0,0.48401,-0.75140,29.040,-1.503,-1,400.000,-1,400.000,-1,325.000,325.000,300.000,300.000,-1,-1,-1,-1,750.000,825.000,-1,-1,2,0,2,0,2,0,0,0,0,2,2,2,2,0,0,2,2
25,-7597.799,57.144,15.226,31.979,0.848299,-0.529386,-0.011770,0.529500,0.847886,0.026799,-0.004207,-0.028966,0.999572,0,0.48863,-0.87140,29.318,-1.743,-1,400.000,-1,400.000,-1,325.000,325.000,300.000,300.000,-1,-1,-1,-1,750.000,850.000,-1,-1,2,0,2,0,2,0,0,0,0,2,2,2,2,0,0,2,2
26,-7572.199,72.042,15.160,30.196,0.864354,-0.502748,-0.011668,0.502872,0.863945,0.026805,-0.003395,-0.029036,0.999573,0,0.49364,-0.89150,29.619,-1.783,-1,400.000,-1,400.000,-1,325.000,325.000,300.000,300.000,-1,-1,-1,-1,750.000,850.000,-1,-1,2,0,2,0,2,0,0,0,0,2,2,2,2,0,0,2,2
27,-7545.848,86.284,15.117,28.391,0.879758,-0.475281,-0.011593,0.475415,0.879353,0.026813,-0.002549,-0.029100,0.999573,0,0.49923,-0.90264,29.954,-1.805,-1,400.000,-1,400.000,-1,325.000,325.000,300.000,300.000,-1,-1,-1,-1,750.000,850.000,-1,-1,2,0,2,0,2,0,0,0,0,2,2,2,2,0,0,2,2
28,-7518.726,99.844,15.095,26.563,0.894468,-0.446984,-0.011544,0.447130,0.894067,0.026827,-0.001670,-0.029157,0.999573,0,0.50538,-0.91411,30.323,-1.828,-1,400.000,-1,400.000,-1,325.000,325.000,300.000,300.000,-1,-1,-1,-1,750.000,850.000,-1,-1,2,0,2,0,2,0,0,0,0,2,2,2,2,0,0,2,2
29,-7490.814,112.688,15.096,24.711,0.908439,-0.417858,-0.011521,0.418016,0.908043,0.026852,-0.000758,-0.029209,0.999573,0,0.51208,-0.92591,30.725,-1.852,-1,400.000,-1,400.000,-1,325.000,325.000,300.000,300.000,-1,-1,-1,-1,775.000,875.000,-1,-1,2,0,2,0,2,0,0,0,0,2,2,2,2,0,0,2,2
30,-7462.097,124.780,15.121,22.835,0.921627,-0.387906,-0.011525,0.388077,0.921235,0.026892,0.000185,-0.029257,0.999572,0,0.51931,-0.93805,31.159,-1.876,-1,400.000,-1,400.000,-1,325.000,325.000,300.000,300.000,-1,-1,-1,-1,775.000,875.000,-1,-1,2,0,2,0,2,0,0,0,0,2,2,2,2,0,0,2,2
31,-7428.571,137.782,15.173,21.198,0.932322,-0.361445,-0.011540,0.361628,0.931933,0.026943,0.001016,-0.029292,0.999570,0,0.59931,-0.81805,35.959,-1.636,-1,400.000,-1,400.000,-1,325.000,325.000,300.000,300.000,-1,-1,-1,-1,775.000,875.000,-1,-1,2,0,2,0,2,0,0,0,0,2,2,2,2,0,0,2,2
32,-7390.223,151.591,15.256,19.802,0.940848,-0.338632,-0.011570,0.338825,0.940462,0.026997,0.001739,-0.029320,0.999569,0,0.67931,-0.69805,40.759,-1.396,-1,400.000,-1,425.000,-1,325.000,325.000,300.000,300.000,-1,-1,-1,-1,800.000,900.000,-1,-1,2,0,2,0,2,0,0,0,0,2,2,2,2,0,0,2,2
33,-7347.056,166.157,15.367,18.646,0.947485,-0.319588,-0.011619,0.319790,0.947102,0.027048,0.002360,-0.029343,0.999567,0,0.75931,-0.57805,45.559,-1.156,-1,400.000,-1,425.000,-1,325.000,325.000,300.000,300.000,-1,-1,-1,-1,800.000,925.000,-1,-1,2,0,2,0,2,0,0,0,0,2,2,2,2,0,0,2,2
34,-7301.420,180.747,15.509,17.730,0.952472,-0.304405,-0.011634,0.304614,0.952093,0.027020,0.002852,-0.029280,0.999567,0,0.79851,-0.45805,47.911,-0.916,-1,400.000,-1,425.000,-1,325.000,350.000,300.000,300.000,-1,-1,-1,-1,800.000,950.000,-1,-1,2,0,2,0,2,0,0,0,0,2,2,2,2,0,0,2,2
35,-7255.408,194.862,15.551,17.054,0.956000,-0.293154,-0.011197,0.293354,0.955635,0.026575,0.002910,-0.028691,0.999584,0,0.80214,-0.33805,48.129,-0.676,-1,400.000,-1,425.000,-1,325.000,350.000,300.000,300.000,-1,-1,-1,-1,825.000,975.000,-1,-1,2,0,2,0,2,0,0,0,0,2,2,2,2,0,0,2,2
36,-7209.289,208.626,15.371,16.618,0.958214,-0.285884,-0.009846,0.286045,0.957878,0.025454,0.002155,-0.027207,0.999628,0,0.80214,-0.21805,48.129,-0.436,-1,400.000,-1,425.000,-1,325.000,350.000,300.000,300.000,-1,-1,-1,-1,825.000,975.000,-1,-1,2,0,2,0,2,0,0,0,0,2,2,2,2,0,0,2,2
37,-7162.932,222.288,15.192,16.422,0.959196,-0.282616,-0.008479,0.282740,0.958889,0.024274,0.001270,-0.025680,0.999669,0,0.80548,-0.09805,48.329,-0.196,-1,400.000,-1,425.000,-1,325.000,350.000,300.000,300.000,-1,-1,-1,-1,825.000,975.000,-1,-1,2,0,2,0,2,0,0,0,0,2,2,2,2,0,0,2,2
38,-7116.288,236.074,14.977,16.466,0.958988,-0.283360,-0.006978,0.283446,0.958707,0.023220,0.000110,-0.024246,0.999706,0,0.81065,0.02195,48.639,0.044,-1,400.000,-1,425.000,-1,325.000,350.000,300.000,300.000,-1,-1,-1,-1,825.000,1000.000,-1,-1,2,0,2,0,2,0,0,0,0,2,2,2,2,0,0,2,2
39,-7069.417,250.181,14.503,16.750,0.957584,-0.288111,-0.004942,0.288146,0.957302,0.023355,-0.001998,-0.023789,0.999715,0,0.81580,0.14195,48.948,0.284,-1,400.000,-1,425.000,-1,325.000,350.000,300.000,275.000,-1,-1,-1,-1,825.000,1000.000,-1,-1,2,0,2,0,2,0,0,0,0,2,2,2,2,0,0,2,2
40,-7022.381,264.807,14.023,17.274,0.954918,-0.296856,-0.002890,0.296840,0.954639,0.023444,-0.004201,-0.023245,0.999721,0,0.82095,0.26195,49.257,0.524,-1,400.000,-1,425.000,-1,325.000,350.000,300.000,300.000,-1,-1,-1,-1,825.000,975.000,-1,-1,2,0,2,0,2,0,0,0,0,2,2,2,2,0,0,2,2
41,-6975.206,280.026,13.534,17.880,0.951728,-0.306942,-0.000832,0.306875,0.951459,0.023525,-0.006429,-0.022645,0.999723,0,0.82615,0.30305,49.569,0.606,-1,400.000,-1,425.000,-1,325.000,325.000,300.000,300.000,-1,-1,-1,-1,825.000,975.000,-1,-1,2,0,2,0,2,0,0,0,0,2,2,2,2,0,0,2,2
42,-6927.898,295.847,13.034,18.491,0.948397,-0.317084,0.001227,0.316968,0.948142,0.023608,-0.008649,-0.022001,0.999721,0,0.83139,0.30576,49.884,0.612,-1,400.000,-1,425.000,-1,325.000,325.000,300.000,300.000,-1,-1,-1,-1,825.000,975.000,-1,-1,2,0,2,0,2,0,0,0,0,2,2,2,2,0,0,2,2
43,-6880.464,312.280,12.523,19.108,0.944921,-0.327281,0.003287,0.327117,0.944687,0.023692,-0.010860,-0.021312,0.999714,0,0.83666,0.30851,50.200,0.617,-1,400.000,-1,425.000,-1,325.000,325.000,300.000,300.000,-1,-1,-1,-1,825.000,975.000,-1,-1,2,0,2,0,2,0,0,0,0,2,2,2,2,1,0,2,2
44,-6832.913,329.334,12.001,19.731,0.941299,-0.337531,0.005351,0.337321,0.941089,0.023776,-0.013060,-0.020575,0.999703,0,0.84195,0.31129,50.517,0.623,-1,400.000,-1,425.000,-1,325.000,325.000,300.000,300.000,-1,-1,-1,-1,-1,975.000,-1,-1,2,0,2,0,2,0,0,0,0,2,2,2,2,2,1,2,2
45,-6785.253,347.020,11.468,20.359,0.937526,-0.347835,0.007416,0.347580,0.937347,0.023857,-0.015250,-0.019789,0.999688,0,0.84726,0.31412,50.836,0.628,-1,400.000,-1,425.000,-1,325.000,325.000,300.000,300.000,-1,-1,-1,-1,-1,975.000,-1,-1,2,0,2,0,2,0,0,0,0,2,2,2,2,2,1,2,2
46,-6737.493,365.347,10.924,20.993,0.933600,-0.358192,0.009485,0.357893,0.933456,0.023936,-0.017427,-0.018952,0.999669,0,0.85259,0.31699,51.155,0.634,-1,400.000,-1,425.000,-1,325.000,325.000,300.000,300.000,-1,-1,-1,-1,-1,975.000,-1,-1,2,0,2,0,2,0,0,0,0,2,2,2,2,2,1,2,2
47,-6689.643,384.324,10.370,21.633,0.929516,-0.368599,0.011557,0.368260,0.929413,0.024009,-0.019591,-0.018061,0.999645,0,0.85792,0.31992,51.475,0.640,-1,400.000,-1,425.000,-1,325.000,325.000,300.000,300.000,-1,-1,-1,-1,-1,1000.000,-1,-1,2,0,2,0,2,0,0,0,0,2,2,2,2,2,1,2,2
48,-6641.714,403.960,9.476,22.279,0.925276,-0.379066,0.013198,0.378726,0.925233,0.022592,-0.020776,-0.015905,0.999658,0,0.86326,0.32292,51.796,0.646,-1,400.000,-1,425.000,-1,325.000,325.000,300.000,300.000,-1,-1,-1,-1,-1,-1,-1,-1,2,0,2,0,2,0,0,0,0,2,2,2,2,2,2,2,2
49,-6593.716,424.264,8.212,22.931,0.920850,-0.389589,0.016000,0.389262,0.920906,0.020183,-0.022598,-0.012357,0.999668,0,0.86860,0.32599,52.116,0.652,-1,400.000,-1,425.000,-1,325.000,325.000,300.000,300.000,-1,-1,-1,-1,-1,-1,-1,-1,2,0,2,0,2,0,0,0,0,2,2,2,2,2,2,2,2
50,-6545.661,445.247,6.915,23.589,0.916249,-0.400159,0.018981,0.399859,0.916405,0.017741,-0.024494,-0.008666,0.999662,0,0.87394,0.32914,52.436,0.658,-1,400.000,-1,425.000,-1,325.000,325.000,300.000,300.000,-1,-1,-1,-1,-1,-1,-1,-1,2,0,2,0,2,0,0,0,0,2,2,2,2,2,2,2,2
51,-6497.561,466.918,5.631,24.254,0.911473,-0.410775,0.021952,0.410518,0.911723,0.015370,-0.026328,-0.004997,0.999641,0,0.87926,0.33239,52.755,0.665,-1,400.000,-1,425.000,-1,325.000,325.000,300.000,300.000,-1,-1,-1,-1,-1,-1,-1,-1,2,0,2,0,2,0,0,0,0,2,2,2,2,2,2,2,2
52,-6449.431,489.285,4.124,24.925,0.906542,-0.421436,0.023950,0.421224,0.906855,0.013549,-0.027430,-0.002194,0.999621,0,0.88455,0.33575,53.073,0.672,-1,400.000,-1,425.000,-1,325.000,325.000,300.000,300.000,-1,-1,-1,-1,-1,-1,-1,-1,2,0,2,0,2,0,0,0,0,2,2,2,2,2,2,2,2
53,-6401.285,512.356,2.476,25.604,0.901439,-0.432146,0.025654,0.431973,0.901804,0.012222,-0.028417,0.000064,0.999596,0,0.88981,0.33924,53.389,0.678,-1,400.000,-1,425.000,-1,325.000,325.000,300.000,300.000,-1,-1,-1,-1,-1,-1,-1,-1,2,1,2,0,2,0,0,0,0,2,2,2,2,2,2,2,2
54,-6353.138,536.141,0.510,26.290,0.896138,-0.442908,0.027736,0.442732,0.896566,0.012541,-0.030422,0.001041,0.999537,0,0.89503,0.34288,53.702,0.686,-1,450.000,-1,425.000,-1,325.000,325.000,300.000,300.000,-1,-1,-1,-1,-1,-1,-1,-1,2,1,2,0,2,0,0,0,0,2,2,2,2,2,2,2,2
55,-6305.007,560.647,-1.457,26.983,0.890644,-0.453724,0.029802,0.453546,0.891140,0.012888,-0.032405,0.002038,0.999473,0,0.90017,0.34668,54.010,0.693,-1,550.000,-1,425.000,-1,325.000,325.000,300.000,300.000,-1,-1,-1,-1,-1,-1,-1,-1,2,1,2,0,2,0,0,0,0,2,2,2,2,2,2,2,2
56,-6256.910,585.882,-3.425,27.684,0.884949,-0.464597,0.031851,0.464418,0.885517,0.013262,-0.034367,0.003056,0.999405,0,0.90524,0.35067,54.315,0.701,-1,-1,-1,425.000,-1,325.000,325.000,300.000,300.000,-1,-1,-1,-1,-1,-1,-1,-1,2,2,2,1,2,0,0,0,0,2,2,2,2,2,2,2,2
57,-6208.867,611.852,-5.842,28.394,0.879030,-0.475532,0.034301,0.475268,0.879696,0.016001,-0.037784,0.002237,0.999283,0,0.91021,0.35489,54.613,0.710,-1,-1,-1,450.000,-1,325.000,325.000,300.000,300.000,-1,-1,-1,-1,-1,-1,-1,-1,2,2,2,1,2,0,0,0,0,2,2,2,2,2,2,2,2
58,-6160.900,638.565,-8.753,29.113,0.872876,-0.486530,0.037100,0.486062,0.873664,0.021342,-0.042796,-0.000596,0.999084,0,0.91505,0.35935,54.903,0.719,-1,-1,-1,500.000,-1,325.000,325.000,275.000,300.000,-1,-1,-1,-1,-1,-1,-1,-1,2,2,2,1,2,1,0,0,0,2,2,2,2,2,2,2,2
59,-6113.032,666.025,-12.037,29.841,0.866488,-0.497588,0.040051,0.496785,0.867399,0.028680,-0.049011,-0.004954,0.998786,0,0.91974,0.36410,55.184,0.728,-1,-1,-1,525.000,-1,350.000,325.000,275.000,325.000,-1,-1,-1,-1,-1,-1,-1,-1,2,2,2,1,2,1,1,0,0,2,2,2,2,2,2,2,2
60,-6065.290,694.238,-15.840,30.579,0.859868,-0.508703,0.042991,0.507430,0.860880,0.037437,-0.056055,-0.010376,0.998374,0,0.92423,0.36917,55.454,0.738,-1,-1,-1,575.000,-1,-1,350.000,250.000,325.000,-1,-1,-1,-1,-1,-1,-1,-1,2,2,2,1,2,2,1,0,0,2,2,2,2,2,2,2,2
61,-6015.978,724.525,-20.441,31.556,0.850945,-0.523256,0.045783,0.521348,0.852012,0.047664,-0.063948,-0.016691,0.997814,0,0.96449,0.48826,57.869,0.977,-1,-1,-1,675.000,-1,-1,-1,225.000,325.000,-1,-1,-1,-1,-1,-1,-1,-1,2,2,2,1,2,2,2,0,0,2,2,2,2,2,2,2,2
62,-5966.971,755.802,-25.943,32.543,0.841542,-0.537797,0.050812,0.534976,0.842760,0.059634,-0.074893,-0.023001,0.996926,0,0.96893,0.49383,58.136,0.988,-1,-1,-1,875.000,-1,-1,-1,225.000,325.000,-1,-1,-1,-1,-1,-1,-1,-1,2,2,2,1,2,2,2,1,0,2,2,2,2,2,2,2,2
63,-5918.308,788.067,-33.405,33.543,0.831239,-0.552388,0.062519,0.548290,0.833200,0.071811,-0.091758,-0.025414,0.995457,0,0.97306,0.49988,58.384,1.000,-1,-1,-1,950.000,-1,-1,-1,225.000,325.000,-1,-1,-1,-1,-1,-1,-1,-1,2,2,2,1,2,2,2,1,0,2,2,2,2,2,2,2,2
64,-5870.039,821.316,-41.672,34.556,0.820252,-0.566988,0.075571,0.561113,0.823240,0.086186,-0.111080,-0.028291,0.993409,0,0.97680,0.50650,58.608,1.013,-1,-1,-1,975.000,-1,-1,-1,225.000,325.000,-1,-1,-1,-1,-1,-1,-1,-1,2,2,2,1,2,2,2,1,1,2,2,2,2,2,2,2,2
65,-5822.213,855.540,-50.752,35.584,0.808497,-0.581602,0.089838,0.573314,0.812858,0.102824,-0.132828,-0.031628,0.990634,0,0.98006,0.51378,58.804,1.028,-1,-1,-1,1000.000,-1,-1,-1,225.000,300.000,-1,-1,-1,-1,-1,-1,-1,-1,2,2,2,1,2,2,2,1,1,2,2,2,2,2,2,2,2
66,-4919.517,-9511.000,-16.277,61.207,0.478109,-0.873607,0.090677,0.877201,0.480123,0.000456,-0.043934,0.079324,0.995880,1,0.00000,0.00000,58.963,1.044,-1,375.000,-1,375.000,-1,300.000,300.000,325.000,300.000,-1,750.000,850.000,-1,725.000,675.000,-1,-1,2,0,2,0,2,0,0,0,0,2,0,0,2,0,0,2,2
67,-4921.823,-9515.210,-16.073,61.288,0.476861,-0.874275,0.090810,0.877878,0.478883,0.000551,-0.043969,0.079457,0.995868,0,-0.08000,0.04046,-4.800,0.081,-1,375.000,-1,375.000,-1,300.000,300.000,325.000,300.000,-1,750.000,875.000,-1,725.000,675.000,-1,-1,2,0,2,0,2,0,0,0,0,2,0,0,2,0,0,2,2
68,-4926.423,-9523.636,-15.666,61.369,0.475596,-0.874936,0.091080,0.878555,0.477640,0.000733,-0.044145,0.079670,0.995843,0,-0.16000,0.04046,-9.600,0.081,-1,375.000,-1,375.000,-1,300.000,300.000,325.000,300.000,-1,775.000,875.000,-1,725.000,675.000,-1,-1,2,0,2,0,2,0,0,0,0,2,0,0,2,0,0,2,2
69,-4931.832,-9533.577,-15.186,61.450,0.474325,-0.875592,0.091400,0.879231,0.476395,0.000943,-0.044368,0.079914,0.995814,0,-0.18862,0.04046,-11.317,0.081,-1,375.000,-1,375.000,-1,300.000,300.000,325.000,300.000,-1,800.000,900.000,-1,725.000,675.000,-1,-1,2,0,2,0,2,0,0,0,0,2,0,0,2,0,0,2,2
70,-4937.227,-9543.525,-14.704,61.531,0.473053,-0.876247,0.091720,0.879905,0.475148,0.001150,-0.044589,0.080161,0.995784,0,-0.18862,0.04046,-11.317,0.081,-1,375.000,-1,375.000,-1,300.000,300.000,325.000,300.000,-1,825.000,950.000,-1,725.000,675.000,-1,-1,2,0,2,0,2,0,0,0,0,2,0,0,2,0,0,2,2
71,-4942.608,-9553.481,-14.221,61.612,0.471780,-0.876899,0.092040,0.880577,0.473901,0.001354,-0.044805,0.080410,0.995754,0,-0.18862,0.04046,-11.317,0.081,-1,375.000,-1,375.000,-1,300.000,300.000,325.000,300.000,-1,850.000,975.000,-1,725.000,675.000,-1,-1,2,0,2,0,2,0,0,0,0,2,0,0,2,0,0,2,2
72,-4947.974,-9563.445,-13.737,61.693,0.470506,-0.877550,0.092361,0.881247,0.472653,0.001554,-0.045019,0.080662,0.995724,0,-0.18862,0.04046,-11.317,0.081,-1,375.000,-1,375.000,-1,300.000,300.000,325.000,300.000,-1,-1,1000.000,-1,725.000,675.000,-1,-1,2,0,2,0,2,0,0,0,0,2,2,0,2,0,0,2,2
73,-4953.327,-9573.416,-13.252,61.774,0.469232,-0.878198,0.092682,0.881916,0.471403,0.001751,-0.045229,0.080916,0.995694,0,-0.18862,0.04046,-11.317,0.081,-1,375.000,-1,375.000,-1,300.000,300.000,325.000,300.000,-1,-1,-1,-1,725.000,675.000,-1,-1,2,0,2,0,2,0,0,0,0,2,2,2,2,0,0,2,2
74,-4958.666,-9583.395,-12.766,61.855,0.467956,-0.878844,0.093003,0.882583,0.470153,0.001945,-0.045435,0.081172,0.995664,0,-0.18862,0.04046,-11.317,0.081,-1,375.000,-1,375.000,-1,300.000,300.000,325.000,300.000,-1,-1,-1,-1,725.000,675.000,-1,-1,2,0,2,0,2,0,0,0,0,2,2,2,2,0,0,2,2
75,-4963.990,-9593.381,-12.278,61.936,0.466680,-0.879489,0.093324,0.883248,0.468901,0.002136,-0.045638,0.081432,0.995633,0,-0.18862,0.04046,-11.317,0.081,-1,375.000,-1,375.000,-1,300.000,300.000,325.000,300.000,-1,-1,-1,-1,725.000,675.000,-1,-1,2,0,2,0,2,0,0,0,0,2,2,2,2,0,0,2,2
76,-4969.300,-9603.375,-11.790,62.017,0.465403,-0.880131,0.093646,0.883911,0.467649,0.002323,-0.045837,0.081694,0.995603,0,-0.18862,0.04046,-11.317,0.081,-1,375.000,-1,375.000,-1,300.000,300.000,325.000,300.000,-1,-1,-1,-1,725.000,675.000,-1,-1,2,0,2,0,2,0,0,0,0,2,2,2,2,0,0,2,2
77,-4974.596,-9613.376,-11.300,62.097,0.464125,-0.880771,0.093968,0.884573,0.466395,0.002506,-0.046034,0.081958,0.995572,0,-0.18862,0.04046,-11.317,0.081,-1,375.000,-1,375.000,-1,300.000,300.000,325.000,300.000,-1,-1,-1,-1,725.000,675.000,-1,-1,2,0,2,0,2,0,0,0,0,2,2,2,2,0,0,2,2
78,-4979.879,-9623.385,-10.809,62.178,0.462846,-0.881410,0.094290,0.885233,0.465141,0.002687,-0.046226,0.082225,0.995541,0,-0.18862,0.04046,-11.317,0.081,-1,375.000,-1,375.000,-1,300.000,300.000,325.000,300.000,-1,-1,-1,-1,725.000,675.000,-1,-1,2,0,2,0,2,0,0,0,0,2,2,2,2,0,0,2,2
79,-4985.147,-9633.401,-10.317,62.259,0.461566,-0.882046,0.094612,0.885891,0.463885,0.002864,-0.046416,0.082494,0.995510,0,-0.18862,0.04046,-11.317,0.081,-1,375.000,-1,375.000,-1,300.000,300.000,325.000,300.000,-1,-1,-1,-1,725.000,675.000,-1,-1,2,0,2,0,2,0,0,0,0,2,2,2,2,0,0,2,2
80,-4990.400,-9643.425,-9.817,62.340,0.460285,-0.882682,0.094923,0.886546,0.462630,0.003065,-0.046620,0.082743,0.995480,0,-0.18862,0.04046,-11.317,0.081,-1,375.000,-1,375.000,-1,300.000,300.000,325.000,300.000,-1,-1,-1,-1,725.000,675.000,-1,-1,2,0,2,0,2,0,0,0,0,2,2,2,2,0,0,2,2
81,-4995.640,-9653.456,-9.311,62.421,0.459002,-0.883317,0.095224,0.887200,0.461374,0.003288,-0.046838,0.082973,0.995450,0,-0.18862,0.04046,-11.317,0.081,-1,375.000,-1,375.000,-1,300.000,300.000,325.000,300.000,-1,-1,-1,-1,725.000,675.000,-1,-1,2,0,2,0,2,0,0,0,0,2,2,2,2,0,0,2,2
82,-5000.865,-9663.494,-8.803,62.502,0.457718,-0.883951,0.095524,0.887851,0.460117,0.003507,-0.047053,0.083206,0.995421,0,-0.18862,0.04046,-11.317,0.081,-1,375.000,-1,375.000,-1,300.000,300.000,325.000,300.000,-1,-1,-1,-1,725.000,675.000,-1,-1,2,0,2,0,2,0,0,0,0,2,2,2,2,0,0,2,2
83,-5006.077,-9673.540,-8.294,62.583,0.456434,-0.884582,0.095825,0.888501,0.458859,0.003724,-0.047264,0.083440,0.995391,0,-0.18862,0.04046,-11.317,0.081,-1,375.000,-1,375.000,-1,300.000,300.000,325.000,300.000,-1,-1,-1,-1,725.000,675.000,-1,-1,2,0,2,0,2,0,0,0,0,2,2,2,2,0,0,2,2
84,-5011.274,-9683.593,-7.784,62.664,0.455148,-0.885212,0.096125,0.889149,0.457601,0.003938,-0.047473,0.083677,0.995361,0,-0.18862,0.04046,-11.317,0.081,-1,375.000,-1,375.000,-1,300.000,300.000,325.000,300.000,-1,-1,-1,-1,725.000,675.000,-1,-1,2,0,2,0,2,0,0,0,0,2,2,2,2,0,0,2,2
85,-5014.282,-9689.374,-7.476,62.505,0.457580,-0.883942,0.096259,0.887879,0.460059,0.004049,-0.047864,0.083614,0.995348,0,-0.10862,-0.07954,-6.517,-0.159,-1,375.000,-1,375.000,-1,300.000,300.000,325.000,300.000,-1,-1,-1,-1,725.000,675.000,-1,-1,2,0,2,0,2,0,0,0,0,2,2,2,2,0,0,2,2
86,-5015.085,-9690.891,-7.383,62.106,0.463711,-0.880742,0.096263,0.884660,0.466218,0.004064,-0.048459,0.083275,0.995348,0,-0.02862,-0.19954,-1.717,-0.399,-1,375.000,-1,375.000,-1,300.000,300.000,325.000,300.000,-1,-1,-1,-1,725.000,675.000,-1,-1,2,0,2,0,2,0,0,0,0,2,2,2,2,0,0,2,2
87,-5013.611,-9688.183,-7.521,61.467,0.473494,-0.875529,0.096189,0.879417,0.476036,0.003995,-0.049287,0.082698,0.995355,0,0.05138,-0.31954,3.083,-0.639,-1,375.000,-1,375.000,-1,300.000,300.000,325.000,300.000,-1,-1,-1,-1,700.000,675.000,-1,-1,2,0,2,0,2,0,0,0,0,2,2,2,2,0,0,2,2
88,-5009.739,-9681.316,-7.903,60.587,0.486866,-0.868181,0.096037,0.872025,0.489446,0.003836,-0.050335,0.081879,0.995370,0,0.13138,-0.43954,7.883,-0.879,-1,375.000,-1,375.000,-1,300.000,300.000,325.000,300.000,-1,-1,-1,-1,700.000,675.000,-1,-1,2,0,2,0,2,0,0,0,0,2,2,2,2,0,0,2,2
89,-5003.294,-9670.391,-8.541,59.468,0.503731,-0.858531,0.095806,0.862319,0.506353,0.003579,-0.051584,0.080813,0.995394,0,0.21138,-0.55954,12.683,-1.119,-1,375.000,-1,375.000,-1,300.000,300.000,325.000,300.000,-1,-1,-1,-1,700.000,675.000,-1,-1,2,0,2,0,2,0,0,0,0,2,2,2,2,0,0,2,2
90,-4994.114,-9655.511,-9.440,58.332,0.520674,-0.848402,0.095455,0.852129,0.523323,0.003213,-0.052679,0.079667,0.995429,0,0.29138,-0.56800,17.483,-1.136,-1,375.000,-1,375.000,-1,300.000,300.000,325.000,300.000,-1,-1,-1,-1,700.000,675.000,-1,-1,2,0,2,0,2,0,0,0,0,2,2,2,2,0,0,2,2
91,-4982.041,-9636.782,-10.596,57.196,0.537440,-0.837944,0.094912,0.841601,0.540094,0.002725,-0.053545,0.078414,0.995482,0,0.37138,-0.56800,22.283,-1.136,-1,375.000,-1,375.000,-1,300.000,300.000,325.000,300.000,-1,-1,-1,-1,700.000,675.000,-1,-1,2,0,2,0,2,0,0,0,0,2,2,2,2,0,0,2,2
92,-4966.918,-9614.313,-12.027,56.060,0.554015,-0.827156,0.094239,0.830740,0.556657,0.002113,-0.054206,0.077118,0.995547,0,0.45138,-0.56800,27.083,-1.136,-1,375.000,-1,375.000,-1,300.000,300.000,325.000,300.000,-1,-1,-1,-1,700.000,675.000,-1,-1,2,0,2,0,2,0,0,0,0,2,2,2,2,0,0,2,2
93,-4948.595,-9588.221,-13.740,54.924,0.570394,-0.816040,0.093434,0.819551,0.573004,0.001367,-0.054653,0.075794,0.995625,0,0.53138,-0.56800,31.883,-1.136,-1,375.000,-1,375.000,-1,300.000,300.000,325.000,300.000,-1,-1,-1,-1,700.000,675.000,-1,-1,2,0,2,0,2,0,0,0,0,2,2,2,2,0,0,2,2
94,-4926.923,-9558.624,-15.734,53.788,0.586568,-0.804601,0.092489,0.808038,0.589130,0.000488,-0.054881,0.074448,0.995714,0,0.61138,-0.56800,36.683,-1.136,-1,375.000,-1,375.000,-1,300.000,300.000,325.000,300.000,-1,-1,800.000,-1,700.000,675.000,-1,-1,2,0,2,0,2,0,0,0,0,2,2,0,2,0,0,2,2
95,-4901.756,-9525.646,-17.975,52.652,0.602529,-0.792850,0.091363,0.796201,0.605032,-0.000376,-0.054979,0.072970,0.995818,0,0.69138,-0.56800,41.483,-1.136,-1,375.000,-1,375.000,-1,300.000,300.000,325.000,300.000,-1,625.000,700.000,-1,700.000,675.000,-1,-1,2,0,2,0,2,0,0,0,0,2,0,0,2,0,0,2,2
96,-4872.953,-9489.417,-20.485,51.516,0.618273,-0.780781,0.090102,0.784049,0.620697,-0.001420,-0.054817,0.071522,0.995932,0,0.77138,-0.56800,46.283,-1.136,-1,375.000,-1,375.000,-1,300.000,300.000,325.000,300.000,-1,575.000,625.000,-1,700.000,675.000,-1,-1,2,0,2,0,2,0,0,0,0,2,0,0,2,0,0,2,2
97,-4843.085,-9453.340,-23.049,50.380,0.633778,-0.768400,0.088804,0.771587,0.636119,-0.002490,-0.054577,0.070098,0.996046,0,0.78060,-0.56800,46.836,-1.136,-1,375.000,-1,375.000,-1,300.000,300.000,325.000,300.000,-1,575.000,575.000,-1,700.000,675.000,-1,-1,2,0,2,0,2,0,0,0,0,2,0,0,2,0,0,2,2
98,-4812.508,-9417.862,-25.619,49.244,0.649028,-0.755707,0.087575,0.758822,0.651288,-0.003576,-0.054334,0.068775,0.996151,0,0.78060,-0.56800,46.836,-1.136,-1,375.000,-1,375.000,-1,300.000,300.000,325.000,300.000,-1,550.000,575.000,-1,700.000,675.000,-1,-1,2,0,2,0,2,0,0,0,0,2,0,0,2,0,0,2,2
99,-4781.234,-9382.997,-28.189,48.108,0.664014,-0.742708,0.086432,0.745761,0.666198,-0.004684,-0.054102,0.067568,0.996247,0,0.78060,-0.56800,46.836,-1.136,-1,375.000,-1,375.000,-1,300.000,300.000,325.000,300.000,-1,550.000,550.000,-1,700.000,675.000,-1,-1,2,0,2,0,2,0,0,0,0,2,0,0,2,0,0,2,2
100,-4749.275,-9348.760,-30.766,46.972,0.678734,-0.729410,0.085333,0.732407,0.680843,-0.005815,-0.053857,0.066445,0.996336,0,0.78060,-0.56800,46.836,-1.136,-1,375.000,-1,375.000,-1,300.000,300.000,325.000,325.000,-1,525.000,525.000,-1,700.000,675.000,-1,-1,2,0,2,0,2,0,0,0,0,2,0,0,2,0,0,2,2
101,-4716.643,-9315.162,-33.350,45.836,0.693183,-0.715817,0.084278,0.718766,0.695217,-0.006971,-0.053601,0.065408,0.996418,0,0.78060,-0.56800,46.836,-1.136,-1,375.000,-1,375.000,-1,300.000,300.000,325.000,325.000,-1,525.000,525.000,-1,700.000,675.000,-1,-1,2,0,2,0,2,0,0,0,0,2,0,0,2,0,0,2,2
102,-4683.352,-9282.218,-35.940,44.700,0.707355,-0.701937,0.083268,0.704843,0.709316,-0.008156,-0.053338,0.064460,0.996494,0,0.78060,-0.56800,46.836,-1.136,-1,375.000,-1,375.000,-1,300.000,300.000,325.000,325.000,-1,525.000,525.000,-1,700.000,675.000,-1,-1,2,0,2,0,2,0,0,0,0,2,0,0,2,0,0,2,2
103,-4649.414,-9249.940,-38.454,43.564,0.721273,-0.687787,0.081943,0.690632,0.723146,-0.009331,-0.052839,0.063322,0.996593,0,0.78060,-0.56800,46.836,-1.136,-1,375.000,-1,375.000,-1,300.000,300.000,325.000,325.000,-1,525.000,500.000,-1,675.000,675.000,-1,-1,2,0,2,0,2,0,0,0,0,2,0,0,2,0,0,2,2
104,-4614.842,-9218.342,-40.900,42.428,0.734928,-0.673369,0.080347,0.676139,0.736699,-0.010495,-0.052124,0.062039,0.996712,0,0.78060,-0.56800,46.836,-1.136,-1,375.000,-1,375.000,-1,300.000,300.000,325.000,325.000,-1,500.000,500.000,-1,675.000,675.000,-1,-1,2,0,2,0,2,0,0,0,0,2,0,0,2,0,0,2,2
105,-4579.652,-9187.435,-43.344,41.292,0.748286,-0.658679,0.078802,0.661382,0.749958,-0.011689,-0.051399,0.060866,0.996822,0,0.78060,-0.56800,46.836,-1.136,-1,375.000,-1,375.000,-1,300.000,300.000,325.000,325.000,-1,500.000,500.000,-1,675.000,675.000,-1,-1,2,0,2,0,2,0,0,0,0,2,0,0,2,0,0,2,2
106,-4543.855,-9157.232,-45.788,40.156,0.761344,-0.643723,0.077309,0.646365,0.762919,-0.012915,-0.050667,0.059803,0.996924,0,0.78060,-0.56800,46.836,-1.136,-1,375.000,-1,375.000,-1,300.000,300.000,325.000,325.000,-1,500.000,475.000,-1,675.000,675.000,-1,-1,2,0,2,0,2,0,0,0,0,2,0,0,2,0,0,2,2
107,-4507.467,-9127.745,-48.229,39.020,0.774096,-0.628506,0.075865,0.631096,0.775575,-0.014174,-0.049931,0.058850,0.997017,0,0.78060,-0.56800,46.836,-1.136,-1,375.000,-1,375.000,-1,300.000,300.000,325.000,325.000,-1,500.000,475.000,-1,675.000,675.000,-1,-1,2,0,2,0,2,0,0,0,0,2,0,0,2,0,0,2,2
108,-4470.501,-9098.985,-50.582,37.884,0.786525,-0.613046,0.074512,0.615575,0.787934,-0.015105,-0.049450,0.057748,0.997106,0,0.78060,-0.56800,46.836,-1.136,-1,375.000,-1,375.000,-1,300.000,300.000,325.000,325.000,-1,500.000,475.000,-1,675.000,675.000,-1,-1,2,0,2,0,2,0,0,0,0,2,0,0,2,0,0,2,2
109,-4432.972,-9070.963,-52.906,36.748,0.798638,-0.597344,0.073193,0.599809,0.799985,-0.015907,-0.049051,0.056606,0.997191,0,0.78060,-0.56800,46.836,-1.136,-1,375.000,-1,375.000,-1,300.000,300.000,325.000,325.000,-1,500.000,500.000,-1,675.000,675.000,-1,-1,2,0,2,0,2,0,0,0,0,2,0,0,2,0,0,2,2
110,-4394.895,-9043.691,-55.232,35.612,0.810434,-0.581402,0.071896,0.583807,0.811720,-0.016716,-0.048641,0.055521,0.997272,0,0.78060,-0.56800,46.836,-1.136,-1,375.000,-1,375.000,-1,300.000,300.000,325.000,325.000,-1,525.000,500.000,-1,675.000,650.000,-1,-1,2,0,2,0,2,0,0,0,0,2,0,0,2,0,0,2,2
111,-4356.285,-9017.179,-57.497,34.476,0.821915,-0.565219,0.070599,0.567583,0.823122,-0.017860,-0.048016,0.054750,0.997345,0,0.78060,-0.56800,46.836,-1.136,-1,375.000,-1,375.000,-1,300.000,300.000,325.000,325.000,-1,525.000,500.000,-1,675.000,650.000,-1,-1,2,0,2,0,2,0,0,0,0,2,0,0,2,0,0,2,2
112,-4317.158,-8991.437,-59.698,33.340,0.833077,-0.548802,0.069277,0.551143,0.834186,-0.019359,-0.047166,0.054309,0.997410,0,0.78060,-0.56800,46.836,-1.136,-1,375.000,-1,375.000,-1,300.000,300.000,325.000,325.000,-1,525.000,500.000,-1,675.000,650.000,-1,-1,2,0,2,0,2,0,0,0,0,2,0,0,2,0,0,2,2
113,-4277.527,-8966.477,-61.906,32.204,0.843908,-0.532167,0.067953,0.534485,0.844921,-0.020845,-0.046322,0.053911,0.997471,0,0.78060,-0.56800,46.836,-1.136,-1,375.000,-1,375.000,-1,300.000,300.000,325.000,325.000,-1,500.000,500.000,-1,675.000,650.000,-1,-1,2,0,2,0,2,0,0,0,0,2,0,0,2,0,0,2,2
114,-4241.612,-8944.633,-63.886,31.308,0.852226,-0.518896,0.066766,0.521195,0.853150,-0.022168,-0.045459,0.053690,0.997522,0,0.70060,-0.44800,42.036,-0.896,-1,375.000,-1,375.000,-1,300.000,300.000,325.000,300.000,-1,500.000,475.000,-1,675.000,650.000,-1,-1,2,0,2,0,2,0,0,0,0,2,0,0,2,0,0,2,2
115,-4209.579,-8925.649,-65.637,30.652,0.858197,-0.509096,0.065720,0.511381,0.859037,-0.023334,-0.044577,0.053634,0.997565,0,0.62060,-0.32800,37.236,-0.656,-1,375.000,-1,375.000,-1,300.000,300.000,325.000,300.000,-1,500.000,475.000,-1,675.000,625.000,-1,-1,2,0,2,0,2,0,0,0,0,2,0,0,2,0,0,2,2
116,-4181.556,-8909.315,-67.153,30.236,0.861944,-0.502843,0.064826,0.505119,0.862706,-0.024354,-0.043680,0.053737,0.997599,0,0.54060,-0.20800,32.436,-0.416,-1,375.000,-1,375.000,-1,300.000,300.000,325.000,300.000,-1,500.000,450.000,-1,675.000,625.000,-1,-1,2,0,2,0,2,0,0,0,0,2,0,0,2,0,0,2,2
117,-4157.610,-8895.520,-68.436,29.944,0.864556,-0.498435,0.064076,0.500705,0.865250,-0.025226,-0.042868,0.053893,0.997626,0,0.46060,-0.14601,27.636,-0.292,-1,375.000,-1,375.000,-1,300.000,300.000,325.000,300.000,-1,475.000,450.000,-1,675.000,625.000,-1,-1,2,0,2,0,2,0,0,0,0,2,0,0,2,0,0,2,2
118,-4137.765,-8884.221,-69.489,29.657,0.867096,-0.494083,0.063460,0.496347,0.867736,-0.025945,-0.042248,0.053995,0.997647,0,0.38060,-0.14379,22.836,-0.288,-1,375.000,-1,375.000,-1,300.000,300.000,325.000,300.000,-1,475.000,450.000,-1,650.000,625.000,-1,-1,2,0,2,0,2,0,0,0,0,2,0,0,2,0,0,2,2
119,-4122.048,-8875.374,-70.316,29.373,0.869570,-0.489778,0.062973,0.492036,0.870171,-0.026509,-0.041814,0.054037,0.997663,0,0.30060,-0.14190,18.036,-0.284,-1,375.000,-1,375.000,-1,300.000,300.000,325.000,300.000,-1,475.000,450.000,-1,650.000,625.000,-1,1000.000,2,0,2,0,2,0,0,0,0,2,0,0,2,0,0,2,0
120,-4110.482,-8868.939,-70.922,29.092,0.871987,-0.485509,0.062613,0.487762,0.872562,-0.026919,-0.041565,0.054013,0.997675,0,0.22060,-0.14037,13.236,-0.281,-1,375.000,-1,375.000,-1,300.000,300.000,325.000,300.000,-1,475.000,450.000,-1,650.000,625.000,-1,1000.000,2,0,2,0,2,0,0,0,0,2,0,0,2,0,0,2,0
121,-4103.091,-8864.873,-71.306,28.814,0.874353,-0.481266,0.062378,0.483514,0.874915,-0.027173,-0.041498,0.053919,0.997683,0,0.14060,-0.13920,8.436,-0.278,-1,375.000,-1,375.000,-1,300.000,300.000,325.000,300.000,-1,475.000,425.000,-1,650.000,625.000,-1,1000.000,2,0,2,0,2,0,0,0,0,2,0,0,2,0,0,2,0
122,-4099.896,-8863.136,-71.470,28.537,0.876675,-0.477037,0.062265,0.479281,0.877238,-0.027271,-0.041612,0.053750,0.997687,0,0.06060,-0.13841,3.636,-0.277,-1,375.000,-1,375.000,-1,300.000,300.000,325.000,300.000,-1,475.000,425.000,-1,650.000,625.000,-1,1000.000,2,0,2,0,2,0,0,0,0,2,0,0,2,0,0,2,0
123,-4100.921,-8863.687,-71.412,28.261,0.878960,-0.472812,0.062276,0.475051,0.879538,-0.027214,-0.041907,0.053504,0.997688,0,-0.01940,-0.13801,-1.164,-0.276,-1,375.000,-1,375.000,-1,300.000,300.000,325.000,300.000,-1,475.000,450.000,-1,650.000,625.000,-1,1000.000,2,0,2,0,2,0,0,0,0,2,0,0,2,0,0,2,0
124,-4106.188,-8866.486,-71.128,27.985,0.881215,-0.468578,0.062410,0.470812,0.881820,-0.027002,-0.042382,0.053178,0.997685,0,-0.09940,-0.13800,-5.964,-0.276,-1,375.000,-1,375.000,-1,300.000,300.000,325.000,300.000,-1,475.000,450.000,-1,650.000,625.000,-1,1000.000,2,0,2,0,2,0,0,0,0,2,0,0,2,0,0,2,0
125,-4115.717,-8871.491,-70.616,27.708,0.883446,-0.464322,0.062669,0.466552,0.884093,-0.026636,-0.043038,0.052769,0.997679,0,-0.17940,-0.13839,-10.764,-0.277,-1,375.000,-1,375.000,-1,300.000,300.000,325.000,300.000,-1,475.000,450.000,-1,650.000,625.000,-1,1000.000,2,0,2,0,2,0,0,0,0,2,0,0,2,0,0,2,0
126,-4121.022,-8874.217,-70.323,27.192,0.887586,-0.456342,0.062790,0.458562,0.888270,-0.026409,-0.043723,0.052233,0.997677,0,-0.09940,-0.25839,-5.964,-0.517,-1,375.000,-1,375.000,-1,300.000,300.000,325.000,300.000,-1,500.000,450.000,-1,650.000,625.000,-1,-1,2,0,2,0,2,0,0,0,0,2,0,0,2,0,0,2,2
127,-4122.064,-8874.736,-70.257,26.435,0.893534,-0.444586,0.062774,0.446792,0.894251,-0.026321,-0.044434,0.051565,0.997681,0,-0.01940,-0.37839,-1.164,-0.757,-1,375.000,-1,375.000,-1,300.000,300.000,325.000,300.000,-1,500.000,450.000,-1,650.000,625.000,-1,-1,2,0,2,0,2,0,0,0,0,2,0,0,2,0,0,2,2
128,-4118.780,-8873.174,-70.424,25.438,0.901141,-0.428980,0.062620,0.431167,0.901887,-0.026369,-0.045165,0.050762,0.997689,0,0.06060,-0.49839,3.636,-0.997,-1,375.000,-1,375.000,-1,300.000,300.000,325.000,300.000,-1,500.000,450.000,-1,650.000,625.000,-1,-1,2,0,2,0,2,0,0,0,0,2,0,0,2,0,0,2,2
129,-4111.085,-8869.716,-70.834,24.201,0.910209,-0.409433,0.062331,0.411597,0.910979,-0.026551,-0.045911,0.049823,0.997702,0,0.14060,-0.61839,8.436,-1.237,-1,375.000,-1,375.000,-1,300.000,300.000,325.000,300.000,-1,500.000,450.000,-1,650.000,625.000,-1,-1,2,0,2,0,2,0,0,0,0,2,0,0,2,0,0,2,2
130,-4098.876,-8864.604,-71.499,22.724,0.920486,-0.385840,0.061909,0.387978,0.921277,-0.026862,-0.046671,0.048745,0.997720,0,0.22060,-0.73839,13.236,-1.477,-1,375.000,-1,375.000,-1,300.000,300.000,325.000,300.000,-1,525.000,450.000,-1,650.000,625.000,-1,-1,2,0,2,0,2,0,0,0,0,2,0,0,2,0,0,2,2
131,-4082.039,-8858.139,-72.431,21.008,0.931670,-0.358087,0.061357,0.360195,0.932478,-0.027293,-0.047441,0.047529,0.997743,0,0.30060,-0.85839,18.036,-1.717,-1,375.000,-1,375.000,-1,300.000,300.000,325.000,300.000,-1,525.000,450.000,-1,625.000,625.000,-1,-1,2,0,2,0,2,0,0,0,0,2,0,0,2,0,0,2,2
132,-4060.484,-8850.595,-73.640,19.291,0.942024,-0.330012,0.060694,0.332091,0.942836,-0.027859,-0.048030,0.046399,0.997768,0,0.38060,-0.85826,22.836,-1.717,-1,375.000,-1,375.000,-1,300.000,300.000,325.000,300.000,-1,525.000,450.000,-1,625.000,625.000,-1,-1,2,0,2,0,2,0,0,0,0,2,0,0,2,0,0,2,2
133,-4034.139,-8842.249,-75.135,17.580,0.951512,-0.301720,0.059921,0.303774,0.952316,-0.028553,-0.048449,0.045371,0.997795,0,0.46060,-0.85572,27.636,-1.711,-1,375.000,-1,350.000,-1,300.000,300.000,325.000,300.000,-1,550.000,450.000,-1,625.000,625.000,-1,1000.000,2,0,2,0,2,0,0,0,0,2,0,0,2,0,0,2,0
134,-4002.939,-8833.377,-76.839,15.874,0.960118,-0.273258,0.059195,0.275277,0.960927,-0.029014,-0.048954,0.044152,0.997825,0,0.54060,-0.85277,32.436,-1.706,-1,350.000,-1,350.000,-1,300.000,300.000,300.000,300.000,-1,550.000,475.000,-1,625.000,625.000,-1,1000.000,2,0,2,0,2,0,0,0,0,2,0,0,2,0,0,2,0
135,-3966.837,-8824.259,-78.623,14.175,0.967886,-0.244670,0.057725,0.246599,0.968686,-0.028941,-0.048837,0.042246,0.997913,0,0.62060,-0.84942,37.236,-1.699,-1,350.000,-1,350.000,-1,300.000,300.000,300.000,300.000,-1,575.000,475.000,-1,600.000,625.000,-1,1000.000,2,0,2,0,2,0,0,0,0,2,0,0,2,0,0,2,0
136,-3925.795,-8815.174,-80.448,12.484,0.974823,-0.215996,0.055365,0.217765,0.975595,-0.028138,-0.047936,0.039486,0.998070,0,0.70060,-0.84571,42.036,-1.691,-1,350.000,-1,350.000,-1,300.000,300.000,300.000,325.000,-1,550.000,475.000,-1,600.000,625.000,975.000,1000.000,2,0,2,0,2,0,0,0,0,2,0,0,2,0,0,0,0
137,-3881.018,-8806.633,-82.405,10.800,0.980872,-0.187263,0.053134,0.188885,0.981620,-0.027305,-0.047044,0.036819,0.998214,0,0.75973,-0.84168,45.584,-1.683,-1,350.000,-1,350.000,-1,300.000,300.000,300.000,325.000,-1,550.000,475.000,-1,600.000,625.000,950.000,1000.000,2,0,2,0,2,0,0,0,0,2,0,0,2,0,0,0,0
138,-3836.065,-8799.413,-83.790,9.124,0.986094,-0.158468,0.050073,0.160037,0.986684,-0.029038,-0.044805,0.036648,0.998323,0,0.75882,-0.83817,45.529,-1.676,-1,350.000,-1,350.000,-1,300.000,300.000,300.000,325.000,-1,525.000,450.000,-1,600.000,625.000,925.000,-1,2,0,2,0,2,0,0,0,0,2,0,0,2,0,0,0,2
139,-3790.994,-8793.518,-85.165,7.452,0.990457,-0.129609,0.046870,0.131123,0.990887,-0.030816,-0.042449,0.036668,0.998426,0,0.75759,-0.83607,45.455,-1.672,-1,350.000,-1,375.000,-1,300.000,300.000,300.000,325.000,-1,500.000,450.000,-1,625.000,625.000,925.000,-1,2,0,2,0,2,0,0,0,0,2,0,0,2,0,0,0,2
