timestep,x_cm,y_cm,z_cm,yaw_deg,basis_xx,basis_xy,basis_xz,basis_yx,basis_yy,basis_yz,basis_zx,basis_zy,basis_zz,teleport_flag,throttle_cmd,steering_cmd,cmd_move_cm,cmd_turn_deg,lidar_cm_0,lidar_cm_1,lidar_cm_2,lidar_cm_3,lidar_cm_4,lidar_cm_5,lidar_cm_6,lidar_cm_7,lidar_cm_8,lidar_cm_9,lidar_cm_10,lidar_cm_11,lidar_cm_12,lidar_cm_13,lidar_cm_14,lidar_cm_15,lidar_cm_16,lidar_class_0,lidar_class_1,lidar_class_2,lidar_class_3,lidar_class_4,lidar_class_5,lidar_class_6,lidar_class_7,lidar_class_8,lidar_class_9,lidar_class_10,lidar_class_11,lidar_class_12,lidar_class_13,lidar_class_14,lidar_class_15,lidar_class_16
0,2103.527,1977.606,375.355,-27.357,0.888263,0.458516,0.027422,-0.459322,0.886191,0.060736,0.003547,-0.066545,0.997777,1,0.08000,-0.12000,4.800,-0.240,-1,-1,-1,-1,-1,-1,-1,225.000,500.000,-1,-1,-1,-1,-1,-1,-1,-1,2,2,2,2,2,2,2,0,1,2,2,2,2,2,2,2,2
1,2112.017,1973.123,373.837,-27.832,0.884266,0.465901,0.031784,-0.466981,0.882460,0.056507,-0.001722,-0.064810,0.997896,0,0.16000,-0.23753,9.600,-0.475,-1,-1,-1,-1,-1,-1,-1,225.000,500.000,-1,-1,-1,-1,-1,-1,-1,-1,2,2,2,2,2,2,2,0,1,2,2,2,2,2,2,2,2
2,2124.694,1966.293,371.668,-28.311,0.880067,0.473327,0.038000,-0.474756,0.878661,0.050607,-0.009436,-0.062578,0.997995,0,0.24000,-0.23941,14.400,-0.479,-1,-1,-1,-1,-1,-1,-1,225.000,500.000,-1,-1,-1,-1,-1,-1,-1,-1,2,2,2,2,2,2,2,0,1,2,2,2,2,2,2,2,2
3,2141.518,1957.040,366.981,-28.798,0.875400,0.481039,0.047717,-0.482743,0.875084,0.034453,-0.025183,-0.053195,0.998267,0,0.32000,-0.24344,19.200,-0.487,-1,-1,-1,-1,-1,-1,-1,225.000,475.000,-1,-1,-1,-1,-1,-1,-1,-1,2,2,2,2,2,2,2,0,1,2,2,2,2,2,2,2,2
4,2162.447,1945.289,360.652,-29.298,0.870231,0.488950,0.060207,-0.490453,0.871379,0.012401,-0.046400,-0.040321,0.998109,0,0.40000,-0.24996,24.000,-0.500,-1,-1,-1,-1,-1,-1,-1,225.000,425.000,-1,-1,-1,-1,-1,-1,-1,-1,2,2,2,2,2,2,2,0,1,2,2,2,2,2,2,2,2
5,2187.435,1930.961,352.666,-29.817,0.864408,0.497081,0.075563,-0.497444,0.867362,-0.015279,-0.073135,-0.024381,0.997024,0,0.48000,-0.25953,28.800,-0.519,-1,-1,-1,-1,-1,-1,-1,225.000,375.000,-1,-1,-1,-1,-1,-1,-1,-1,2,2,2,2,2,2,2,0,1,2,2,2,2,2,2,2,2
6,2216.429,1913.967,342.813,-30.363,0.857708,0.505468,0.094013,-0.503101,0.862830,-0.049135,-0.105953,-0.005155,0.994358,0,0.56000,-0.27303,33.600,-0.546,-1,-1,-1,-1,-1,-1,-1,225.000,325.000,-1,-1,-1,-1,-1,-1,-1,-1,2,2,2,2,2,2,2,0,1,2,2,2,2,2,2,2,2
7,2951.680,6231.401,378.710,50.856,0.612015,-0.770547,0.178033,0.777801,0.627189,0.040738,-0.143051,0.113542,0.983181,1,0.00000,0.00000,38.400,-0.584,-1,350.000,950.000,275.000,250.000,275.000,250.000,425.000,225.000,-1,925.000,850.000,-1,550.000,425.000,825.000,275.000,2,0,0,0,0,0,0,1,0,2,1,1,2,0,0,0,0
8,2954.694,6235.137,378.152,51.096,0.608891,-0.773160,0.177412,0.780399,0.623950,0.040788,-0.142232,0.113617,0.983291,0,0.08000,0.12000,4.800,0.240,-1,350.000,950.000,275.000,250.000,275.000,250.000,425.000,225.000,-1,925.000,850.000,-1,550.000,425.000,825.000,275.000,2,0,0,0,0,0,0,1,0,2,1,1,2,0,0,0,0
9,2960.659,6242.657,377.094,51.576,0.602605,-0.778363,0.176117,0.785533,0.617454,0.041091,-0.140728,0.113584,0.983511,0,0.16000,0.24000,9.600,0.480,-1,350.000,950.000,275.000,250.000,275.000,250.000,425.000,225.000,-1,925.000,850.000,-1,550.000,425.000,825.000,275.000,2,0,0,0,0,0,0,1,0,2,1,1,2,0,0,0,0
10,2969.466,6254.049,375.934,52.296,0.593081,-0.786147,0.173864,0.793032,0.607690,0.042571,-0.139123,0.112632,0.983849,0,0.24000,0.36000,14.400,0.720,-1,350.000,950.000,275.000,275.000,275.000,250.000,425.000,225.000,-1,925.000,850.000,-1,550.000,425.000,825.000,275.000,2,0,0,0,0,0,0,1,0,2,1,1,2,0,0,0,0
11,2980.951,6269.433,374.411,53.256,0.580242,-0.796326,0.170835,0.802862,0.594515,0.044333,-0.136868,0.111433,0.984302,0,0.32000,0.48000,19.200,0.960,-1,350.000,950.000,275.000,275.000,275.000,250.000,425.000,225.000,-1,950.000,875.000,-1,550.000,425.000,825.000,300.000,2,0,0,0,0,0,0,1,0,2,1,1,2,0,0,0,0
12,2994.902,6288.960,372.508,54.456,0.563969,-0.808740,0.166968,0.814856,0.577806,0.046365,-0.133973,0.109906,0.984872,0,0.40000,0.60000,24.000,1.200,-1,350.000,950.000,275.000,275.000,275.000,250.000,425.000,250.000,-1,950.000,875.000,-1,550.000,425.000,800.000,300.000,2,0,0,0,0,0,0,1,0,2,1,1,2,0,0,0,0
13,3009.613,6310.684,370.385,55.896,0.544090,-0.823169,0.162355,0.828812,0.557410,0.048624,-0.130524,0.108106,0.985534,0,0.43732,0.72000,26.239,1.440,-1,350.000,950.000,275.000,275.000,275.000,250.000,425.000,250.000,-1,950.000,900.000,-1,550.000,425.000,800.000,300.000,2,0,0,0,0,0,0,1,0,2,1,1,2,0,0,0,0
14,3023.750,6332.938,368.173,57.576,0.520411,-0.839339,0.157108,0.844476,0.533154,0.051061,-0.126621,0.106101,0.986260,0,0.43945,0.84000,26.367,1.680,-1,350.000,975.000,275.000,300.000,275.000,250.000,425.000,250.000,-1,975.000,925.000,-1,550.000,425.000,800.000,325.000,2,0,0,0,0,0,0,1,0,2,1,1,2,0,0,0,0
15,3037.247,6355.848,365.874,59.496,0.492743,-0.856930,0.151247,0.861543,0.504850,0.053564,-0.122258,0.103913,0.987044,0,0.44321,0.96000,26.592,1.920,-1,350.000,975.000,275.000,300.000,275.000,250.000,400.000,250.000,-1,975.000,950.000,-1,550.000,450.000,800.000,350.000,2,0,0,0,0,0,0,1,0,2,1,1,2,0,0,0,0
16,3050.087,6379.491,363.543,61.496,0.463303,-0.874231,0.145157,0.878354,0.474747,0.055767,-0.117666,0.101663,0.987836,0,0.44846,1.00000,26.907,2.000,-1,350.000,1000.000,300.000,325.000,275.000,250.000,400.000,250.000,-1,975.000,950.000,-1,550.000,450.000,800.000,350.000,2,0,0,0,0,0,0,1,0,2,1,1,2,0,0,0,0
17,3062.248,6403.875,360.840,63.496,0.433588,-0.890603,0.137212,0.894146,0.444116,0.057139,-0.111826,0.097913,0.988892,0,0.45419,1.00000,27.251,2.000,1000.000,350.000,1000.000,300.000,325.000,275.000,250.000,375.000,275.000,-1,1000.000,975.000,-1,550.000,450.000,800.000,375.000,0,0,0,0,0,0,0,1,0,2,1,1,2,0,0,0,0
18,3073.694,6428.981,357.914,65.496,0.403469,-0.905966,0.128212,0.908927,0.412949,0.057668,-0.105191,0.093268,0.990069,0,0.45992,1.00000,27.595,2.000,1000.000,350.000,-1,300.000,350.000,275.000,275.000,375.000,275.000,425.000,1000.000,1000.000,-1,550.000,450.000,800.000,400.000,0,0,2,0,0,0,0,1,0,1,1,1,2,0,0,0,0
19,3084.388,6454.789,355.026,67.496,0.372752,-0.920204,0.119499,0.922681,0.381236,0.057610,-0.098570,0.088785,0.991161,0,0.46564,1.00000,27.938,2.000,975.000,350.000,-1,300.000,375.000,275.000,250.000,350.000,275.000,375.000,1000.000,-1,-1,550.000,450.000,800.000,425.000,0,0,2,0,0,0,0,1,0,1,1,2,2,0,0,0,0
20,3094.295,6481.276,352.182,69.496,0.341470,-0.933299,0.111140,0.935380,0.349020,0.057007,-0.091995,0.084492,0.992168,0,0.47136,1.00000,28.281,2.000,975.000,325.000,-1,300.000,400.000,275.000,250.000,350.000,275.000,325.000,-1,-1,-1,550.000,450.000,800.000,425.000,0,0,2,0,0,0,0,1,0,1,2,2,2,0,0,0,0
21,3103.379,6508.417,349.602,71.496,0.309663,-0.945165,0.103790,0.947058,0.316321,0.054976,-0.084792,0.081271,0.993079,0,0.47706,1.00000,28.623,2.000,975.000,350.000,-1,300.000,400.000,275.000,250.000,350.000,275.000,325.000,-1,-1,-1,550.000,450.000,825.000,425.000,0,0,2,0,0,0,0,1,0,1,2,2,2,0,0,0,0
22,3111.607,6536.185,347.205,73.496,0.277370,-0.955819,0.097341,0.957650,0.283199,0.052017,-0.077286,0.078791,0.993891,0,0.48274,1.00000,28.964,2.000,1000.000,350.000,-1,300.000,425.000,275.000,275.000,325.000,275.000,325.000,-1,-1,-1,550.000,450.000,825.000,450.000,0,0,2,0,0,0,0,1,0,1,2,2,2,0,0,0,0
23,3118.945,6564.553,344.879,75.496,0.244633,-0.965286,0.091532,0.967094,0.249711,0.048726,-0.069891,0.076600,0.994609,0,0.48839,1.00000,29.304,2.000,-1,350.000,-1,300.000,425.000,275.000,275.000,325.000,275.000,325.000,-1,-1,-1,575.000,475.000,850.000,450.000,2,0,2,0,0,0,0,1,0,1,2,2,2,0,0,0,0
24,3125.362,6593.489,342.631,77.496,0.211498,-0.973552,0.086397,0.975369,0.215902,0.045175,-0.062634,0.074714,0.995236,0,0.49402,1.00000,29.641,2.000,-1,350.000,-1,300.000,425.000,275.000,275.000,325.000,275.000,325.000,-1,-1,-1,575.000,475.000,875.000,450.000,2,0,2,0,0,0,0,1,0,1,2,2,2,0,0,0,0
25,3130.828,6622.962,340.913,79.496,0.178075,-0.980725,0.080416,0.982427,0.181837,0.042109,-0.055920,0.071504,0.995872,0,0.49962,1.00000,29.977,2.000,-1,350.000,-1,300.000,450.000,275.000,275.000,325.000,275.000,325.000,-1,-1,-1,575.000,475.000,875.000,475.000,2,0,2,0,0,0,0,1,0,1,2,2,2,0,0,0,0
26,3135.312,6652.938,339.782,81.496,0.144513,-0.986798,0.073116,0.988327,0.147548,0.037945,-0.048232,0.066779,0.996601,0,0.50518,1.00000,30.311,2.000,-1,350.000,-1,300.000,475.000,275.000,275.000,325.000,275.000,325.000,-1,-1,-1,600.000,500.000,900.000,525.000,2,0,2,0,0,0,0,1,0,1,2,2,2,0,0,0,0
27,3138.785,6683.381,338.765,83.496,0.110647,-0.991634,0.066481,0.993022,0.113052,0.033562,-0.040797,0.062304,0.997223,0,0.51071,1.00000,30.643,2.000,-1,350.000,-1,325.000,525.000,275.000,275.000,325.000,275.000,350.000,-1,-1,-1,600.000,500.000,925.000,550.000,2,0,2,0,0,0,0,1,0,1,2,2,2,0,0,0,0
28,3141.218,6714.256,337.863,85.496,0.076533,-0.995228,0.060528,0.996500,0.078396,0.029026,-0.033633,0.058094,0.997744,0,0.51619,1.00000,30.972,2.000,-1,350.000,-1,325.000,575.000,300.000,275.000,325.000,300.000,350.000,-1,-1,-1,600.000,525.000,975.000,600.000,2,0,2,0,0,0,0,1,0,1,2,2,2,0,0,0,0
29,3142.587,6745.523,337.074,87.496,0.042223,-0.997579,0.055262,0.998750,0.043625,0.024402,-0.026754,0.054163,0.998174,0,0.52163,1.00000,31.298,2.000,-1,375.000,-1,325.000,600.000,300.000,275.000,325.000,300.000,350.000,-1,850.000,-1,625.000,550.000,1000.000,650.000,2,0,2,0,0,0,0,1,0,1,2,0,2,0,0,0,0
30,3142.866,6777.142,336.397,89.496,0.007774,-0.998684,0.050684,0.999766,0.008785,0.019751,-0.020171,0.050519,0.998519,0,0.52703,1.00000,31.622,2.000,-1,375.000,-1,325.000,650.000,300.000,275.000,325.000,300.000,350.000,750.000,700.000,-1,625.000,550.000,-1,675.000,2,0,2,0,0,0,0,1,0,1,0,0,2,0,0,2,0
31,3142.034,6809.073,335.830,91.496,-0.026761,-0.998546,0.046784,0.999545,-0.026078,0.015133,-0.013891,0.047168,0.998790,0,0.53237,1.00000,31.942,2.000,-1,375.000,-1,350.000,675.000,300.000,300.000,325.000,300.000,350.000,625.000,625.000,-1,625.000,550.000,-1,675.000,2,0,2,0,0,0,0,1,0,1,0,0,2,0,0,2,0
32,3140.067,6841.272,335.368,93.496,-0.061326,-0.997167,0.043548,0.998086,-0.060920,0.010603,-0.007920,0.044115,0.998995,0,0.53766,1.00000,32.259,2.000,-1,375.000,-1,350.000,700.000,300.000,300.000,325.000,300.000,375.000,550.000,575.000,-1,625.000,550.000,-1,700.000,2,0,2,0,0,0,0,1,0,1,0,0,2,0,0,2,0
33,3136.949,6873.695,335.008,95.496,-0.095869,-0.994551,0.040952,0.995391,-0.095695,0.006209,-0.002256,0.041359,0.999142,0,0.54289,1.00000,32.573,2.000,-1,375.000,-1,350.000,700.000,300.000,300.000,325.000,300.000,375.000,500.000,525.000,-1,650.000,575.000,-1,725.000,2,0,2,0,0,0,0,1,0,1,0,0,2,0,0,2,0
34,3132.659,6906.297,334.743,97.496,-0.130337,-0.990704,0.038970,0.991465,-0.130359,0.001997,0.003102,0.038897,0.999238,0,0.54806,1.00000,32.884,2.000,-1,375.000,-1,350.000,725.000,325.000,300.000,325.000,300.000,400.000,450.000,500.000,-1,650.000,575.000,-1,750.000,2,0,2,0,0,0,0,1,0,1,0,0,2,0,0,2,0
35,3127.184,6939.033,334.566,99.496,-0.164678,-0.985632,0.037567,0.986314,-0.164868,-0.001996,0.008161,0.036724,0.999292,0,0.55318,1.00000,33.191,2.000,-1,375.000,-1,350.000,750.000,325.000,300.000,325.000,300.000,400.000,425.000,475.000,-1,650.000,575.000,-1,775.000,2,0,2,0,0,0,0,1,0,1,0,0,2,0,0,2,0
36,3120.509,6971.855,334.471,101.496,-0.198842,-0.979344,0.036708,0.979946,-0.199179,-0.005737,0.012930,0.034831,0.999310,0,0.55823,1.00000,33.494,2.000,-1,375.000,-1,350.000,750.000,325.000,300.000,325.000,300.000,425.000,400.000,475.000,-1,675.000,575.000,-1,800.000,2,0,2,0,0,0,0,0,0,1,0,0,2,0,0,2,0
37,3112.623,7004.714,334.449,103.496,-0.232780,-0.971850,0.036352,0.972373,-0.233249,-0.009203,0.017423,0.033206,0.999297,0,0.56321,1.00000,33.793,2.000,-1,375.000,-1,350.000,775.000,325.000,300.000,325.000,300.000,425.000,350.000,425.000,-1,675.000,600.000,-1,850.000,2,0,2,0,0,0,0,0,0,1,0,0,2,0,0,2,0
38,3103.516,7037.563,334.491,105.496,-0.266444,-0.963161,0.036456,0.963607,-0.267036,-0.012375,0.021654,0.031833,0.999259,0,0.56813,1.00000,34.088,2.000,-1,375.000,-1,350.000,775.000,325.000,300.000,300.000,300.000,450.000,325.000,375.000,-1,675.000,600.000,-1,875.000,2,0,2,0,0,0,0,0,0,1,0,0,2,0,0,2,0
39,3091.981,7074.700,334.694,107.256,-0.295787,-0.954534,0.037088,0.954909,-0.296501,-0.015375,0.025673,0.030868,0.999194,0,0.64813,0.88000,38.888,1.760,-1,375.000,-1,350.000,800.000,325.000,300.000,300.000,275.000,450.000,275.000,350.000,-1,675.000,600.000,-1,950.000,2,0,2,0,0,0,0,0,0,1,0,0,2,0,0,2,0
40,3079.177,7112.363,334.985,108.776,-0.320894,-0.946354,0.037961,0.946661,-0.321723,-0.018069,0.029313,0.030138,0.999116,0,0.66300,0.76000,39.780,1.520,-1,375.000,-1,350.000,800.000,325.000,300.000,300.000,275.000,475.000,275.000,325.000,-1,700.000,600.000,-1,-1,2,0,2,0,0,0,0,0,0,1,0,0,2,0,0,2,2
41,3065.495,7149.842,335.977,110.056,-0.341995,-0.939013,0.035984,0.939200,-0.342813,-0.019573,0.030715,0.027103,0.999161,0,0.66496,0.64000,39.897,1.280,-1,375.000,-1,350.000,850.000,300.000,300.000,300.000,275.000,475.000,300.000,350.000,-1,675.000,600.000,-1,-1,2,0,2,0,0,0,0,0,0,1,0,0,2,0,0,2,2
42,3051.113,7187.126,337.367,111.096,-0.359029,-0.932740,0.033089,0.932733,-0.359840,-0.022919,0.033284,0.022635,0.999190,0,0.66603,0.52000,39.962,1.040,-1,375.000,-1,350.000,950.000,300.000,300.000,300.000,275.000,500.000,300.000,375.000,-1,675.000,625.000,-1,-1,2,0,2,0,0,0,0,0,0,1,0,0,2,0,0,2,2
43,3036.206,7224.221,338.744,111.896,-0.372079,-0.927711,0.030145,0.927503,-0.372863,-0.026687,0.035998,0.018030,0.999189,0,0.66632,0.40000,39.979,0.800,-1,375.000,-1,350.000,-1,300.000,300.000,300.000,300.000,500.000,300.000,375.000,-1,700.000,625.000,-1,-1,2,0,2,0,2,0,0,0,0,1,0,0,2,0,0,2,2
44,3020.944,7261.149,340.031,112.456,-0.381207,-0.924091,0.027160,0.923675,-0.381940,-0.030772,0.038810,0.013357,0.999157,0,0.66594,0.28000,39.957,0.560,-1,375.000,-1,375.000,-1,300.000,300.000,275.000,300.000,500.000,300.000,375.000,-1,700.000,625.000,-1,-1,2,0,2,0,2,0,0,0,0,1,0,0,2,0,0,2,2
45,3005.498,7297.939,341.434,112.776,-0.386446,-0.921984,0.024599,0.921398,-0.387112,-0.034210,0.041064,0.009446,0.999112,0,0.66502,0.16000,39.901,0.320,-1,375.000,-1,375.000,-1,300.000,300.000,275.000,300.000,500.000,300.000,400.000,-1,700.000,650.000,-1,-1,2,0,2,0,2,0,0,0,0,1,0,0,2,0,0,2,2
46,2990.031,7334.633,343.299,112.856,-0.387784,-0.921457,0.023260,0.920809,-0.388405,-0.035393,0.041648,0.007693,0.999103,0,0.66367,0.04000,39.820,0.080,-1,375.000,-1,375.000,-1,300.000,300.000,275.000,300.000,500.000,350.000,425.000,-1,675.000,650.000,-1,-1,2,0,2,0,2,0,0,0,0,1,0,0,2,0,0,2,2
47,2974.705,7371.279,345.404,112.696,-0.385198,-0.922541,0.023255,0.921829,-0.385832,-0.036934,0.043046,0.007211,0.999047,0,0.66202,-0.08000,39.721,-0.160,-1,375.000,-1,375.000,-1,300.000,300.000,275.000,300.000,525.000,375.000,450.000,-1,700.000,650.000,-1,-1,2,0,2,0,2,0,0,0,0,1,0,0,2,0,0,2,2
48,2959.847,7406.666,347.545,112.776,-0.386443,-0.922002,0.023976,0.921218,-0.387120,-0.038672,0.044938,0.007143,0.998964,0,0.63965,0.04000,38.379,0.080,-1,375.000,-1,375.000,-1,300.000,300.000,275.000,300.000,525.000,400.000,475.000,-1,700.000,675.000,-1,-1,2,0,2,0,2,0,0,0,0,1,0,0,2,0,0,2,2
49,2944.810,7441.961,349.641,113.077,-0.391236,-0.919960,0.024675,0.919097,-0.391953,-0.040411,0.046848,0.006868,0.998878,0,0.63942,0.15031,38.365,0.301,-1,375.000,-1,375.000,-1,300.000,300.000,300.000,300.000,550.000,425.000,500.000,-1,700.000,675.000,-1,-1,2,0,2,0,2,0,0,0,0,1,0,0,2,0,0,2,2
50,2929.574,7477.241,351.718,113.357,-0.395694,-0.918031,0.025403,0.917087,-0.396453,-0.042137,0.048754,0.006623,0.998789,0,0.64048,0.14027,38.429,0.281,-1,375.000,-1,375.000,-1,300.000,300.000,300.000,300.000,575.000,425.000,500.000,-1,725.000,700.000,-1,-1,2,0,2,0,2,0,0,0,0,1,0,0,2,0,0,2,2
51,2914.144,7512.531,353.774,113.617,-0.399812,-0.916224,0.026158,0.915196,-0.400616,-0.043852,0.050657,0.006408,0.998696,0,0.64193,0.13000,38.516,0.260,-1,375.000,-1,375.000,-1,300.000,300.000,300.000,300.000,600.000,450.000,525.000,-1,725.000,700.000,-1,-1,2,0,2,0,2,0,0,0,0,1,0,0,2,0,0,2,2
52,2898.521,7547.858,355.811,113.856,-0.403584,-0.914546,0.026939,0.913432,-0.404434,-0.045560,0.052562,0.006220,0.998598,0,0.64378,0.11949,38.627,0.239,-1,375.000,-1,375.000,-1,325.000,300.000,300.000,300.000,625.000,475.000,550.000,-1,725.000,725.000,-1,-1,2,0,2,0,2,0,0,0,0,1,0,0,2,0,0,2,2
53,2882.711,7583.246,357.829,114.074,-0.407004,-0.913005,0.027743,0.911801,-0.407903,-0.047266,0.054471,0.006059,0.998497,0,0.64600,0.10875,38.760,0.217,-1,375.000,-1,375.000,-1,325.000,300.000,300.000,275.000,625.000,500.000,550.000,-1,750.000,725.000,-1,-1,2,0,2,0,2,0,0,0,0,1,0,0,2,0,0,2,2
54,2866.715,7618.723,359.829,114.269,-0.410066,-0.911608,0.028567,0.910311,-0.411017,-0.048972,0.056385,0.005923,0.998392,0,0.64859,0.09777,38.915,0.196,-1,400.000,-1,375.000,-1,325.000,300.000,300.000,275.000,650.000,500.000,575.000,-1,750.000,750.000,-1,-1,2,0,2,0,2,0,0,0,0,1,0,0,2,0,0,2,2
55,2850.539,7654.313,361.884,114.442,-0.412772,-0.910365,0.029252,0.908952,-0.413770,-0.050993,0.058526,0.005541,0.998271,0,0.65155,0.08655,39.093,0.173,-1,400.000,-1,375.000,-1,325.000,325.000,300.000,275.000,675.000,525.000,575.000,-1,750.000,750.000,-1,-1,2,0,2,0,2,0,0,0,0,1,0,0,2,0,0,2,2
56,2834.188,7690.041,363.947,114.592,-0.415111,-0.909279,0.029902,0.907740,-0.416155,-0.053127,0.060751,0.005089,0.998140,0,0.65487,0.07508,39.292,0.150,-1,400.000,-1,400.000,-1,325.000,325.000,300.000,275.000,700.000,500.000,550.000,-1,775.000,775.000,-1,-1,2,0,2,0,2,0,0,0,0,1,0,0,2,0,0,2,2
57,2817.664,7725.934,365.989,114.719,-0.417074,-0.908358,0.030574,0.906688,-0.418167,-0.055258,0.062979,0.004674,0.998004,0,0.65855,0.06337,39.513,0.127,-1,400.000,-1,400.000,-1,325.000,325.000,300.000,275.000,725.000,450.000,500.000,-1,775.000,775.000,-1,-1,2,0,2,0,2,0,0,0,0,1,0,0,2,0,0,2,2
58,2800.975,7762.017,368.391,114.822,-0.418769,-0.907613,0.029534,0.905827,-0.419799,-0.056969,0.064105,0.002896,0.997939,0,0.66259,0.05141,39.755,0.103,-1,400.000,-1,400.000,-1,325.000,325.000,300.000,275.000,750.000,450.000,500.000,-1,775.000,800.000,-1,-1,2,0,2,0,2,0,0,0,0,1,0,0,2,0,0,2,2
59,2784.126,7798.316,370.846,114.900,-0.420098,-0.907041,0.028181,0.905146,-0.421042,-0.058611,0.065028,0.000885,0.997883,0,0.66699,0.03919,40.019,0.078,-1,400.000,-1,400.000,-1,325.000,325.000,300.000,275.000,775.000,475.000,500.000,-1,775.000,825.000,-1,-1,2,0,2,0,2,0,0,0,0,1,0,0,2,0,0,2,2
60,2767.122,7834.858,373.099,114.954,-0.421009,-0.906648,0.027213,0.904696,-0.421887,-0.059459,0.065389,-0.000414,0.997860,0,0.67174,0.02671,40.304,0.053,-1,400.000,-1,400.000,-1,325.000,325.000,300.000,275.000,800.000,475.000,525.000,-1,775.000,850.000,-1,-1,2,0,2,0,2,0,0,0,0,1,0,0,2,0,0,2,2
61,2749.439,7873.186,375.407,114.767,-0.418112,-0.908016,0.026240,0.906012,-0.418932,-0.060316,0.065761,-0.001445,0.997834,0,0.70351,-0.09329,42.211,-0.187,-1,400.000,-1,400.000,-1,325.000,325.000,300.000,275.000,825.000,500.000,525.000,-1,800.000,875.000,-1,-1,2,0,2,0,2,0,0,0,0,1,0,0,2,0,0,2,2
62,2731.908,7911.938,377.697,114.341,-0.411392,-0.911109,0.025239,0.909052,-0.412160,-0.061225,0.066185,-0.002243,0.997805,0,0.70887,-0.21329,42.532,-0.427,-1,400.000,-1,400.000,-1,325.000,325.000,300.000,275.000,850.000,500.000,550.000,-1,800.000,900.000,-1,-1,2,0,2,0,2,0,0,0,0,1,0,0,2,0,0,2,2
63,2714.697,7951.196,380.044,113.674,-0.400800,-0.915842,0.024365,0.913754,-0.401532,-0.061847,0.066426,-0.002525,0.997788,0,0.71442,-0.33329,42.865,-0.667,-1,400.000,-1,400.000,-1,325.000,325.000,275.000,275.000,875.000,525.000,575.000,-1,800.000,925.000,-1,-1,2,0,2,0,2,0,0,0,0,1,0,0,2,0,0,2,2
64,2697.972,7991.045,382.782,112.767,-0.386221,-0.922082,0.024435,0.920084,-0.386992,-0.060687,0.065415,-0.000956,0.997858,0,0.72027,-0.45329,43.216,-0.907,-1,400.000,-1,400.000,-1,325.000,325.000,275.000,275.000,925.000,600.000,625.000,-1,800.000,925.000,-1,-1,2,0,2,0,2,0,0,0,0,1,0,0,2,0,0,2,2
65,2680.803,8034.364,385.564,111.621,-0.367695,-0.929642,0.023793,0.927750,-0.368464,-0.059284,0.063880,0.000275,0.997958,0,0.77664,-0.57329,46.598,-1.147,-1,400.000,-1,400.000,-1,325.000,325.000,275.000,275.000,975.000,675.000,725.000,-1,800.000,925.000,-1,-1,2,0,2,0,2,0,0,0,0,1,0,0,2,0,0,2,2
66,2664.566,8078.149,388.271,110.347,-0.346945,-0.937606,0.022902,0.935821,-0.347698,-0.057837,0.062192,0.001366,0.998063,0,0.77831,-0.63717,46.699,-1.274,-1,400.000,-1,400.000,-1,325.000,325.000,275.000,275.000,-1,750.000,800.000,-1,800.000,925.000,-1,-1,2,0,2,0,2,0,0,0,0,2,0,0,2,0,0,2,2
67,2649.285,8122.395,391.037,109.052,-0.325673,-0.945217,0.022398,0.943528,-0.326431,-0.056552,0.060766,0.002715,0.998148,0,0.78018,-0.64711,46.811,-1.294,-1,400.000,-1,400.000,-1,325.000,325.000,275.000,275.000,-1,825.000,900.000,-1,825.000,925.000,-1,-1,2,0,2,0,2,0,0,0,0,2,0,0,2,0,0,2,2
68,2634.982,8167.111,393.799,107.737,-0.303881,-0.952457,0.021953,0.950857,-0.304646,-0.055334,0.059391,0.004059,0.998227,0,0.78245,-0.65768,46.947,-1.315,-1,400.000,-1,400.000,-1,325.000,325.000,275.000,275.000,-1,900.000,1000.000,-1,825.000,925.000,-1,-1,2,0,2,0,2,0,0,0,0,2,0,0,2,0,0,2,2
69,2620.146,8216.685,396.860,106.662,-0.285966,-0.958003,0.021296,0.956494,-0.286716,-0.053969,0.057808,0.004936,0.998315,0,0.86245,-0.53768,51.747,-1.075,-1,400.000,-1,400.000,-1,325.000,325.000,275.000,275.000,-1,1000.000,-1,-1,850.000,925.000,-1,-1,2,0,2,0,2,0,0,0,0,2,0,2,2,0,0,2,2
70,2605.863,8267.072,400.011,105.826,-0.272013,-0.962080,0.020281,0.960662,-0.272718,-0.052474,0.056015,0.005210,0.998416,0,0.87286,-0.41768,52.372,-0.835,-1,400.000,-1,425.000,-1,325.000,325.000,275.000,300.000,-1,-1,-1,-1,850.000,925.000,-1,-1,2,0,2,0,2,0,0,0,0,2,2,2,2,0,0,2,2
71,2592.029,8317.878,403.148,105.231,-0.262049,-0.964862,0.019299,0.963527,-0.262707,-0.051005,0.054283,0.005229,0.998512,0,0.87761,-0.29768,52.656,-0.595,-1,400.000,-1,425.000,-1,325.000,325.000,275.000,300.000,-1,-1,-1,-1,850.000,-1,-1,-1,2,0,2,0,2,0,0,0,0,2,2,2,2,0,2,2,2
72,2578.428,8369.086,406.277,104.876,-0.256110,-0.966473,0.018349,0.965215,-0.256718,-0.049562,0.052611,0.005018,0.998602,0,0.88306,-0.17768,52.983,-0.355,-1,425.000,-1,425.000,-1,350.000,350.000,275.000,300.000,-1,-1,-1,-1,850.000,-1,-1,-1,2,0,2,0,2,0,0,0,0,2,2,2,2,0,2,2,2
73,2564.836,8420.674,409.405,104.760,-0.254217,-0.966990,0.017429,0.965802,-0.254772,-0.048144,0.050995,0.004594,0.998688,0,0.88914,-0.05768,53.349,-0.115,-1,425.000,-1,425.000,-1,350.000,350.000,275.000,300.000,-1,-1,-1,-1,850.000,-1,-1,-1,2,0,2,0,2,0,0,0,0,2,2,2,2,0,2,2,2
74,2549.976,8476.580,412.596,104.885,-0.256338,-0.966434,0.017230,0.965302,-0.256875,-0.046976,0.049825,0.004591,0.998747,0,0.96413,0.06232,57.848,0.125,-1,425.000,-1,425.000,-1,350.000,350.000,275.000,300.000,-1,-1,-1,-1,875.000,-1,-1,-1,2,0,2,0,2,0,0,0,0,2,2,2,2,0,2,2,2
75,2534.642,8532.824,415.129,105.250,-0.262409,-0.964767,0.019150,0.963781,-0.263017,-0.044145,0.047627,0.006872,0.998842,0,0.97160,0.18232,58.296,0.365,-1,425.000,-1,425.000,-1,350.000,350.000,275.000,300.000,-1,-1,-1,-1,875.000,-1,-1,-1,2,0,2,0,2,0,0,0,0,2,2,2,2,1,2,2,2
76,2518.594,8589.333,417.609,105.854,-0.272515,-0.961922,0.021033,0.961074,-0.273179,-0.041361,0.045532,0.008943,0.998923,0,0.97907,0.30232,58.744,0.605,-1,425.000,-1,425.000,-1,350.000,350.000,275.000,275.000,-1,-1,-1,-1,850.000,-1,-1,-1,2,0,2,0,2,0,0,0,0,2,2,2,2,1,2,2,2
77,2501.650,8646.046,419.727,106.634,-0.285600,-0.958108,0.021502,0.957364,-0.286251,-0.038918,0.043443,0.009470,0.999011,0,0.98650,0.39013,59.190,0.780,-1,425.000,-1,425.000,-1,350.000,350.000,275.000,275.000,-1,-1,-1,-1,825.000,-1,-1,-1,2,0,2,0,2,0,0,0,0,2,2,2,2,1,2,2,2
78,2483.808,8702.946,421.649,107.409,-0.298587,-0.954152,0.020991,0.953514,-0.299181,-0.036092,0.040717,0.009238,0.999128,0,0.99387,0.38737,59.632,0.775,-1,425.000,-1,425.000,-1,350.000,350.000,275.000,275.000,-1,-1,-1,-1,800.000,-1,-1,-1,2,0,2,0,2,0,0,0,0,2,2,2,2,1,2,2,2
79,2466.479,8754.967,423.421,108.424,-0.315487,-0.948706,0.020605,0.948157,-0.316032,-0.033494,0.038288,0.008969,0.999226,0,0.91387,0.50737,54.832,1.015,-1,400.000,-1,425.000,-1,350.000,350.000,275.000,275.000,-1,-1,-1,-1,750.000,-1,1000.000,-1,2,0,2,0,2,0,0,0,0,2,2,2,2,1,2,1,2
80,2448.045,8806.761,425.194,109.591,-0.334799,-0.942072,0.020233,0.941605,-0.335297,-0.030904,0.035898,0.008705,0.999318,0,0.91627,0.58374,54.976,1.167,-1,400.000,-1,-1,-1,350.000,350.000,275.000,275.000,-1,-1,-1,-1,725.000,-1,950.000,-1,2,0,2,2,2,0,0,0,0,2,2,2,2,1,2,1,2
81,2428.436,8858.519,427.029,110.750,-0.353815,-0.935102,0.019992,0.934723,-0.354271,-0.028038,0.033301,0.008767,0.999407,0,0.92248,0.57910,55.349,1.158,-1,400.000,-1,-1,-1,325.000,350.000,275.000,300.000,-1,-1,-1,-1,700.000,-1,875.000,-1,2,0,2,2,2,0,0,0,0,2,2,2,2,1,2,1,2
82,2407.660,8910.208,428.921,111.897,-0.372512,-0.927815,0.019867,0.927526,-0.372929,-0.024892,0.030504,0.009154,0.999493,0,0.92846,0.57388,55.708,1.148,-1,400.000,-1,-1,-1,325.000,350.000,275.000,300.000,-1,-1,-1,-1,650.000,-1,825.000,-1,2,0,2,2,2,0,1,0,0,2,2,2,2,1,2,1,2
83,2385.730,8961.788,430.813,113.033,-0.390871,-0.920234,0.019713,0.920029,-0.391249,-0.021704,0.027686,0.009653,0.999570,0,0.93415,0.56802,56.049,1.136,975.000,400.000,-1,-1,-1,325.000,375.000,275.000,300.000,-1,-1,-1,-1,625.000,-1,775.000,-1,1,0,2,2,2,0,1,0,0,2,2,2,2,1,2,1,2
84,2362.662,9013.221,432.701,114.156,-0.408869,-0.912384,0.019532,0.912255,-0.409207,-0.018478,0.024852,0.010263,0.999638,0,0.93948,0.56149,56.369,1.123,900.000,400.000,-1,-1,-1,325.000,400.000,275.000,300.000,-1,-1,-1,-1,600.000,-1,725.000,-1,1,1,2,2,2,1,1,0,0,2,2,2,2,1,2,1,2
85,2338.479,9064.463,434.353,115.265,-0.426449,-0.904282,0.020371,0.904227,-0.426772,-0.015465,0.022678,0.011825,0.999673,0,0.94437,0.55420,56.662,1.108,850.000,375.000,-1,825.000,-1,325.000,400.000,275.000,300.000,-1,-1,-1,-1,550.000,-1,650.000,-1,1,1,2,1,2,1,1,0,0,2,2,2,2,1,2,1,2
86,2313.206,9115.468,435.226,116.357,-0.443579,-0.895926,0.023529,0.896011,-0.443902,-0.010696,0.020027,0.016338,0.999666,0,0.94872,0.54609,56.923,1.092,800.000,375.000,-1,725.000,-1,325.000,400.000,275.000,300.000,-1,-1,-1,-1,525.000,-1,600.000,-1,1,1,2,1,2,1,1,0,0,2,2,2,2,1,2,1,2
87,2286.875,9166.185,431.685,117.431,-0.460537,-0.886945,0.035129,0.887631,-0.460359,0.013470,0.004225,0.037385,0.999292,0,0.95242,0.53708,57.145,1.074,700.000,325.000,825.000,575.000,-1,300.000,350.000,300.000,250.000,-1,-1,-1,-1,450.000,-1,525.000,-1,1,1,1,1,2,1,1,0,0,2,2,2,2,1,2,1,2
88,2259.530,9216.561,429.178,118.485,-0.477322,-0.877628,0.043953,0.878687,-0.476221,0.033501,-0.008470,0.054611,0.998472,0,0.95532,0.52708,57.319,1.054,625.000,300.000,700.000,475.000,-1,250.000,300.000,300.000,225.000,-1,-1,-1,-1,400.000,-1,450.000,-1,1,1,1,1,2,1,1,0,0,2,2,2,2,1,2,1,2
89,2231.225,9266.538,427.756,119.517,-0.493664,-0.868205,0.050154,0.869469,-0.491552,0.048997,-0.017886,0.067795,0.997539,0,0.95727,0.51601,57.436,1.032,550.000,275.000,600.000,400.000,-1,225.000,275.000,325.000,200.000,-1,-1,-1,-1,350.000,-1,375.000,-1,1,1,1,1,2,1,1,0,1,2,2,2,2,1,2,1,2
90,2202.023,9316.052,427.001,120.525,-0.509286,-0.858934,0.053476,0.860287,-0.506451,0.058424,-0.023100,0.075759,0.996859,0,0.95807,0.50375,57.484,1.008,475.000,225.000,525.000,350.000,-1,200.000,250.000,325.000,-1,-1,-1,-1,-1,325.000,550.000,325.000,-1,1,1,1,1,2,1,1,0,2,2,2,2,2,1,1,1,2
91,2171.998,9365.032,427.152,121.505,-0.524163,-0.849836,0.055058,0.851233,-0.520886,0.063880,-0.025609,0.080351,0.996438,0,0.95750,0.49022,57.450,0.980,400.000,225.000,450.000,300.000,-1,200.000,225.000,325.000,-1,-1,-1,-1,-1,275.000,475.000,275.000,-1,1,1,1,1,2,1,1,0,2,2,2,2,2,1,1,1,2
92,2141.231,9413.393,429.635,122.456,-0.538069,-0.840571,0.062626,0.842646,-0.534592,0.064497,-0.020735,0.087475,0.995951,0,0.95532,0.47531,57.319,0.951,375.000,200.000,400.000,275.000,-1,175.000,200.000,350.000,-1,-1,-1,-1,-1,250.000,425.000,250.000,-1,1,1,1,1,2,1,1,0,2,2,2,2,2,1,1,1,2
93,2109.826,9461.050,433.942,123.374,-0.550878,-0.831315,0.073817,0.834524,-0.547604,0.060825,-0.010142,0.095109,0.995415,0,0.95126,0.45895,57.076,0.918,375.000,175.000,375.000,275.000,-1,175.000,200.000,375.000,-1,-1,-1,-1,900.000,250.000,375.000,250.000,-1,1,1,1,1,2,1,1,0,2,2,2,2,0,1,1,1,2
94,2077.899,9507.910,439.664,124.256,-0.562474,-0.822245,0.086811,0.826801,-0.559970,0.053235,0.004839,0.101718,0.994801,0,0.94505,0.44109,56.703,0.882,425.000,175.000,350.000,250.000,-1,175.000,200.000,425.000,-1,-1,-1,-1,725.000,225.000,350.000,250.000,-1,1,1,1,1,2,1,1,0,2,2,2,2,0,1,1,1,2
95,2045.581,9553.873,446.693,125.099,-0.572728,-0.813451,0.101392,0.819398,-0.571690,0.041926,0.023860,0.107093,0.993963,0,0.93646,0.42174,56.188,0.843,550.000,175.000,325.000,250.000,-1,150.000,175.000,450.000,-1,-1,-1,-1,600.000,225.000,325.000,300.000,-1,1,1,1,1,2,1,1,0,2,2,2,2,0,1,1,1,2
96,2013.022,9598.843,453.718,125.901,-0.582163,-0.805453,0.111047,0.811952,-0.583080,0.027413,0.042670,0.106123,0.993437,0,0.92532,0.40100,55.519,0.802,675.000,150.000,300.000,225.000,-1,150.000,175.000,475.000,-1,-1,-1,300.000,550.000,225.000,350.000,325.000,950.000,1,1,1,1,2,1,1,0,2,2,2,0,0,1,1,1,1
97,1639.812,8855.089,460.117,76.046,0.240949,-0.968941,0.055643,0.970531,0.240758,-0.010219,-0.003495,0.056465,0.998398,1,0.00000,0.00000,54.695,0.758,600.000,375.000,-1,400.000,-1,325.000,325.000,300.000,300.000,-1,475.000,600.000,-1,525.000,-1,575.000,-1,1,1,2,0,2,0,0,0,0,2,1,1,2,1,2,1,2
98,1640.989,8859.743,460.107,75.806,0.244993,-0.967932,0.055556,0.969517,0.244816,-0.010072,-0.003852,0.056330,0.998405,0,0.08000,-0.12000,4.800,-0.240,600.000,375.000,-1,400.000,-1,325.000,325.000,300.000,300.000,-1,500.000,600.000,-1,525.000,-1,575.000,-1,1,1,2,0,2,0,0,0,0,2,1,1,2,1,2,1,2
99,1643.401,8869.035,460.082,75.451,0.250958,-0.966412,0.055382,0.967988,0.250807,-0.009772,-0.004446,0.056062,0.998417,0,0.16000,-0.17734,9.600,-0.355,575.000,375.000,-1,400.000,-1,325.000,325.000,300.000,300.000,-1,500.000,600.000,-1,500.000,-1,550.000,-1,1,1,2,0,2,0,0,0,0,2,1,1,2,1,2,1,2
100,1647.104,8882.951,460.037,75.099,0.256865,-0.964874,0.055123,0.966434,0.256748,-0.009315,-0.005165,0.055665,0.998436,0,0.24000,-0.17607,14.400,-0.352,575.000,375.000,-1,400.000,-1,325.000,325.000,300.000,300.000,-1,525.000,600.000,-1,500.000,-1,550.000,-1,1,1,2,0,2,0,0,0,0,2,1,1,2,1,2,1,2
101,1652.155,8901.475,459.971,74.750,0.262703,-0.963320,0.054786,0.964858,0.262628,-0.008701,-0.006006,0.055146,0.998460,0,0.32000,-0.17450,19.200,-0.349,550.000,350.000,-1,375.000,-1,325.000,325.000,300.000,300.000,-1,525.000,625.000,-1,500.000,-1,525.000,-1,1,1,2,0,2,1,0,0,0,2,1,1,2,1,2,1,2
102,1658.607,8924.591,459.886,74.405,0.268463,-0.961754,0.054380,0.963265,0.268436,-0.007935,-0.006966,0.054512,0.998489,0,0.40000,-0.17260,24.000,-0.345,525.000,350.000,-1,375.000,-1,325.000,325.000,300.000,300.000,-1,575.000,650.000,-1,475.000,-1,500.000,-1,1,1,2,0,2,1,0,0,0,2,1,1,2,1,2,1,2
103,1666.515,8952.285,459.783,74.064,0.274132,-0.960180,0.053915,0.961658,0.274160,-0.007019,-0.008041,0.053772,0.998521,0,0.48000,-0.17031,28.800,-0.341,475.000,350.000,-1,400.000,-1,300.000,325.000,300.000,300.000,-1,600.000,675.000,-1,450.000,-1,450.000,-1,1,1,2,1,2,1,1,0,0,2,1,1,2,1,2,1,2
104,1675.930,8984.539,459.666,73.729,0.279696,-0.958602,0.053404,0.960044,0.279785,-0.005957,-0.009231,0.052936,0.998555,0,0.56000,-0.16760,33.600,-0.335,450.000,325.000,-1,400.000,-1,300.000,325.000,325.000,300.000,-1,625.000,725.000,-1,450.000,-1,425.000,-1,1,1,2,1,2,1,1,0,0,2,1,1,2,1,2,1,2
105,1686.901,9021.338,459.538,73.400,0.285140,-0.957027,0.052860,0.958428,0.285295,-0.004752,-0.010532,0.052018,0.998591,0,0.64000,-0.16439,38.400,-0.329,400.000,325.000,-1,425.000,-1,300.000,325.000,325.000,300.000,-1,675.000,775.000,-1,425.000,-1,375.000,-1,1,1,2,1,2,1,1,0,0,2,1,1,2,1,2,1,2
106,1699.475,9062.668,459.407,73.079,0.290445,-0.955461,0.052299,0.956817,0.290671,-0.003408,-0.011945,0.051031,0.998626,0,0.72000,-0.16061,43.200,-0.321,350.000,300.000,-1,450.000,-1,275.000,325.000,325.000,300.000,-1,725.000,825.000,-1,425.000,-1,325.000,-1,1,1,2,1,2,1,1,0,0,2,1,1,2,1,2,1,2
107,1713.696,9108.513,459.108,72.767,0.295626,-0.953946,0.050918,0.955216,0.295900,-0.002251,-0.012920,0.049303,0.998700,0,0.80000,-0.15615,48.000,-0.312,300.000,275.000,-1,525.000,-1,275.000,325.000,325.000,300.000,-1,775.000,875.000,-1,400.000,-1,275.000,-1,1,1,2,1,2,1,1,0,0,2,1,1,2,1,2,1,2
108,1729.598,9158.861,461.273,72.465,0.301009,-0.951951,0.056420,0.953608,0.300786,-0.012593,-0.004982,0.057594,0.998328,0,0.88000,-0.15089,52.800,-0.302,275.000,300.000,-1,-1,-1,275.000,350.000,350.000,300.000,-1,800.000,850.000,-1,425.000,-1,275.000,-1,1,1,2,2,2,1,1,0,0,2,1,1,2,1,2,1,2
109,1746.910,9212.741,464.453,72.176,0.306509,-0.949668,0.064684,0.951847,0.305347,-0.027378,0.006249,0.069961,0.997530,0,0.94320,-0.14465,56.592,-0.289,275.000,300.000,-1,-1,-1,300.000,400.000,375.000,300.000,-1,800.000,800.000,-1,450.000,-1,275.000,-1,1,1,2,2,2,1,1,0,0,2,1,1,2,1,2,1,2
110,1764.560,9266.793,467.409,71.901,0.312043,-0.947226,0.073435,0.949896,0.309581,-0.043101,0.018092,0.083205,0.996368,0,0.94768,-0.13735,56.861,-0.275,275.000,325.000,-1,-1,-1,350.000,500.000,425.000,275.000,-1,525.000,475.000,-1,500.000,-1,250.000,-1,1,1,2,2,2,1,1,1,0,2,0,0,2,1,2,1,2
111,1782.518,9320.993,468.676,71.643,0.317365,-0.944085,0.089349,0.947953,0.313275,-0.056962,0.025786,0.102776,0.994370,0,0.95162,-0.12922,57.097,-0.258,275.000,350.000,-1,-1,-1,375.000,625.000,425.000,250.000,-1,400.000,175.000,-1,-1,-1,250.000,-1,1,1,2,2,2,1,1,1,0,2,0,0,2,2,2,1,2
112,1800.760,9375.307,468.638,71.402,0.322249,-0.940509,0.107700,0.946199,0.316473,-0.067467,0.029369,0.123647,0.991892,0,0.95491,-0.12014,57.295,-0.240,250.000,375.000,-1,-1,-1,425.000,-1,425.000,250.000,-1,375.000,125.000,950.000,-1,-1,250.000,-1,1,1,2,2,2,1,2,1,0,2,0,0,0,2,2,1,2
113,1819.257,9429.690,467.212,71.182,0.326309,-0.936876,0.125642,0.944833,0.319259,-0.073235,0.028500,0.142607,0.989369,0,0.95738,-0.10997,57.443,-0.220,200.000,400.000,-1,-1,-1,475.000,-1,400.000,225.000,-1,375.000,100.000,650.000,-1,-1,225.000,-1,1,1,2,2,2,1,2,1,0,2,0,0,0,2,2,1,2
114,1837.966,9484.092,464.861,70.985,0.329532,-0.933008,0.144586,0.943822,0.321528,-0.076294,0.024695,0.161604,0.986547,0,0.95881,-0.09855,57.529,-0.197,150.000,700.000,-1,-1,-1,-1,-1,400.000,200.000,-1,450.000,75.000,450.000,-1,-1,225.000,-1,1,1,2,2,2,2,2,1,0,2,0,0,0,2,2,1,2
115,1856.838,9538.447,461.587,70.814,0.331702,-0.928917,0.164584,0.943213,0.323229,-0.076632,0.017987,0.180657,0.983382,0,0.95896,-0.08568,57.538,-0.171,150.000,-1,-1,-1,-1,-1,-1,375.000,175.000,-1,625.000,50.000,350.000,-1,-1,225.000,-1,1,2,2,2,2,2,2,1,0,2,0,0,0,2,2,1,2
116,2067.475,2002.620,373.777,-121.989,-0.529395,0.848143,0.019845,-0.847724,-0.529760,0.026806,0.033249,-0.002632,0.999444,1,0.00000,0.00000,57.450,-0.142,-1,650.000,-1,375.000,-1,375.000,325.000,-1,350.000,-1,200.000,200.000,-1,-1,700.000,-1,-1,2,1,2,0,2,1,1,2,0,2,0,0,2,2,0,2,2
117,2064.915,1998.559,373.280,-122.229,-0.532920,0.845910,0.020793,-0.845577,-0.533305,0.024203,0.031562,-0.004684,0.999491,0,0.08000,-0.12000,4.800,-0.240,-1,650.000,-1,375.000,-1,375.000,325.000,-1,350.000,-1,0.000,225.000,-1,-1,675.000,-1,-1,2,1,2,0,2,1,1,2,0,2,1,0,2,2,0,2,2
118,2059.728,1990.482,372.341,-122.709,-0.539959,0.841391,0.022466,-0.841216,-0.540359,0.019169,0.028268,-0.008549,0.999564,0,0.16000,-0.24000,9.600,-0.480,-1,600.000,-1,375.000,-1,350.000,300.000,-1,350.000,-1,0.000,275.000,-1,-1,675.000,-1,-1,2,1,2,0,2,1,1,2,0,2,1,0,2,2,0,2,2
119,2051.828,1978.443,371.099,-123.273,-0.548213,0.835983,0.024390,-0.836008,-0.548583,0.012119,0.023511,-0.013746,0.999629,0,0.24000,-0.28202,14.400,-0.564,-1,550.000,-1,350.000,-1,325.000,300.000,-1,350.000,-1,0.000,375.000,-1,-1,650.000,-1,-1,2,1,2,0,2,1,1,2,0,2,1,0,2,2,0,2,2
120,2041.071,1962.539,369.659,-124.077,-0.559943,0.828120,0.026093,-0.828347,-0.560205,0.003447,0.017472,-0.019684,0.999654,0,0.32000,-0.40202,19.200,-0.804,-1,500.000,-1,350.000,-1,325.000,275.000,-1,350.000,-1,0.000,750.000,-1,-1,625.000,-1,-1,2,1,2,0,2,1,1,2,0,2,1,0,2,2,0,2,2
121,2027.265,1942.908,368.234,-125.122,-0.575064,0.817669,0.026812,-0.818042,-0.575126,-0.006111,0.010424,-0.025447,0.999622,0,0.40000,-0.52202,24.000,-1.044,-1,450.000,-1,325.000,-1,300.000,275.000,-1,350.000,-1,0.000,-1,-1,-1,575.000,-1,-1,2,1,2,0,2,1,0,2,0,2,1,2,2,2,0,2,2
122,2010.174,1919.727,367.385,-126.406,-0.593405,0.804451,0.027024,-0.804896,-0.593213,-0.015505,0.003558,-0.030952,0.999515,0,0.48000,-0.64202,28.800,-1.284,-1,400.000,-1,325.000,-1,275.000,250.000,125.000,350.000,-1,0.000,-1,-1,625.000,550.000,-1,-1,2,1,2,0,2,1,0,1,0,2,1,2,2,1,0,2,2
123,1989.571,1893.185,367.201,-127.824,-0.613325,0.789442,0.024768,-0.789823,-0.612878,-0.023681,-0.003515,-0.034087,0.999413,0,0.56000,-0.70907,33.600,-1.418,-1,350.000,-1,300.000,-1,250.000,250.000,-1,350.000,-1,0.000,-1,-1,525.000,525.000,-1,900.000,2,1,2,0,2,1,0,2,0,2,1,2,2,1,0,2,0
124,1965.281,1863.444,368.489,-129.241,-0.632870,0.774004,0.019820,-0.774164,-0.632187,-0.031784,-0.012071,-0.035460,0.999298,0,0.64000,-0.70868,38.400,-1.417,-1,300.000,-1,300.000,-1,225.000,225.000,-1,350.000,-1,0.000,-1,-1,450.000,500.000,-1,750.000,2,1,2,0,2,1,0,2,0,2,1,2,2,1,0,2,0
125,1937.132,1830.672,371.135,-130.659,-0.651916,0.758213,0.010905,-0.758013,-0.651221,-0.036438,-0.020527,-0.032021,0.999276,0,0.72000,-0.70893,43.200,-1.418,-1,275.000,-1,275.000,900.000,225.000,225.000,-1,350.000,-1,0.000,-1,-1,375.000,450.000,-1,625.000,2,1,2,0,0,1,0,2,0,2,1,2,2,1,0,2,0
126,1904.962,1795.048,375.489,-132.079,-0.670353,0.742038,-0.002705,-0.741493,-0.669992,-0.036039,-0.028554,-0.022153,0.999347,0,0.80000,-0.71010,48.000,-1.420,-1,250.000,-1,275.000,725.000,200.000,225.000,-1,350.000,-1,-1,-1,-1,350.000,425.000,-1,525.000,2,1,2,0,0,0,0,2,0,2,2,2,2,0,0,2,0
127,1872.188,1760.521,380.611,-133.504,-0.688242,0.725300,-0.016214,-0.724744,-0.688379,-0.029674,-0.032684,-0.008672,0.999428,0,0.79340,-0.71240,47.604,-1.425,-1,225.000,-1,250.000,600.000,200.000,225.000,-1,325.000,-1,-1,-1,-1,350.000,425.000,450.000,475.000,2,0,2,0,0,0,0,2,0,2,2,2,2,0,0,1,0
128,1839.646,1727.907,384.402,-134.935,-0.706054,0.707906,-0.018871,-0.707655,-0.706306,-0.018868,-0.026686,0.000032,0.999644,0,0.76788,-0.71563,46.073,-1.431,-1,250.000,-1,275.000,625.000,200.000,225.000,-1,325.000,-1,-1,-1,-1,375.000,450.000,400.000,500.000,2,0,2,0,0,0,0,2,0,2,2,2,2,0,0,1,0
129,1807.183,1696.964,388.886,-136.374,-0.723602,0.689895,-0.021093,-0.689992,-0.723809,-0.003430,-0.017634,0.012072,0.999772,0,0.74747,-0.71952,44.848,-1.439,-1,250.000,-1,275.000,675.000,225.000,225.000,-1,325.000,-1,-1,-1,-1,425.000,475.000,325.000,575.000,2,0,2,0,0,0,0,2,0,2,2,2,2,0,0,1,0
130,1774.654,1667.487,394.070,-137.822,-0.740951,0.671191,-0.022233,-0.671536,-0.740795,0.016214,-0.005588,0.026944,0.999621,0,0.73164,-0.72394,43.898,-1.448,-1,300.000,-1,300.000,750.000,250.000,250.000,-1,300.000,-1,-1,-1,-1,475.000,500.000,-1,675.000,2,0,2,0,0,0,0,2,0,2,2,2,2,1,0,2,0
131,1741.933,1639.310,399.911,-139.280,-0.758139,0.651722,-0.021987,-0.652028,-0.757154,0.039714,0.009235,0.044444,0.998969,0,0.71969,-0.72878,43.181,-1.458,-1,325.000,-1,325.000,875.000,275.000,275.000,-1,300.000,-1,-1,-1,-1,825.000,550.000,-1,875.000,2,0,2,0,0,0,0,2,0,2,2,2,2,1,0,2,0
132,1712.182,1614.999,400.238,-140.748,-0.774791,0.632212,0.002577,-0.631159,-0.773723,0.054685,0.036566,0.040743,0.998500,0,0.64032,-0.73395,38.419,-1.468,-1,375.000,-1,375.000,-1,300.000,300.000,-1,300.000,-1,25.000,275.000,-1,875.000,675.000,-1,-1,2,0,2,0,2,0,0,2,0,2,1,1,2,1,0,2,2
133,1682.088,1591.687,397.285,-142.225,-0.790113,0.612382,0.026633,-0.610730,-0.790198,0.050955,0.052249,0.023995,0.998346,0,0.63441,-0.73885,38.065,-1.478,-1,375.000,-1,400.000,-1,325.000,325.000,-1,325.000,-1,0.000,0.000,-1,825.000,775.000,-1,-1,2,0,2,0,2,0,0,2,0,2,1,1,2,1,0,2,2
134,1651.597,1569.305,394.986,-143.713,-0.804728,0.591797,0.046793,-0.590014,-0.806022,0.047028,0.065547,0.010236,0.997797,0,0.63036,-0.74393,37.822,-1.488,-1,375.000,-1,425.000,-1,325.000,325.000,-1,325.000,-1,0.000,0.000,-1,800.000,875.000,-1,-1,2,0,2,0,2,0,0,2,0,2,1,1,2,1,0,2,2
135,1620.656,1547.813,393.337,-145.211,-0.818834,0.570549,0.063125,-0.568913,-0.821264,0.043180,0.076479,-0.000555,0.997071,0,0.62785,-0.74917,37.671,-1.498,-1,375.000,-1,450.000,-1,325.000,350.000,-1,350.000,-1,0.000,0.000,-1,775.000,975.000,-1,-1,2,0,2,0,2,0,0,2,0,2,1,1,2,0,0,2,2
