timestep,x_cm,y_cm,z_cm,yaw_deg,basis_xx,basis_xy,basis_xz,basis_yx,basis_yy,basis_yz,basis_zx,basis_zy,basis_zz,teleport_flag,throttle_cmd,steering_cmd,cmd_move_cm,cmd_turn_deg,lidar_cm_0,lidar_cm_1,lidar_cm_2,lidar_cm_3,lidar_cm_4,lidar_cm_5,lidar_cm_6,lidar_cm_7,lidar_cm_8,lidar_cm_9,lidar_cm_10,lidar_cm_11,lidar_cm_12,lidar_cm_13,lidar_cm_14,lidar_cm_15,lidar_cm_16,lidar_class_0,lidar_class_1,lidar_class_2,lidar_class_3,lidar_class_4,lidar_class_5,lidar_class_6,lidar_class_7,lidar_class_8,lidar_class_9,lidar_class_10,lidar_class_11,lidar_class_12,lidar_class_13,lidar_class_14,lidar_class_15,lidar_class_16
0,4258.788,-6887.815,279.432,-173.753,-0.993913,0.108785,0.017410,-0.108353,-0.993821,0.024053,0.019919,0.022020,0.999559,1,0.08000,-0.12000,4.800,-0.240,-1,400.000,-1,400.000,-1,325.000,325.000,300.000,325.000,-1,-1,1000.000,-1,850.000,875.000,-1,-1,2,0,2,0,2,0,0,0,0,2,2,0,2,0,0,2,2
1,4249.236,-6888.779,279.609,-174.233,-0.994791,0.100454,0.017299,-0.100023,-0.994690,0.024231,0.019641,0.022374,0.999557,0,0.16000,-0.24000,9.600,-0.480,-1,400.000,-1,400.000,-1,325.000,325.000,300.000,325.000,-1,-1,-1,-1,850.000,875.000,-1,-1,2,0,2,0,2,0,0,0,0,2,2,2,2,0,0,2,2
2,4234.892,-6890.046,279.871,-174.953,-0.995978,0.087946,0.017130,-0.087514,-0.995862,0.024506,0.019214,0.022909,0.999553,0,0.24000,-0.36000,14.400,-0.720,-1,400.000,-1,400.000,-1,325.000,325.000,300.000,325.000,-1,-1,-1,-1,850.000,875.000,-1,-1,2,0,2,0,2,0,0,0,0,2,2,2,2,0,0,2,2
3,4215.741,-6891.415,280.214,-175.913,-0.997316,0.071247,0.016900,-0.070816,-0.997179,0.024890,0.018625,0.023626,0.999547,0,0.32000,-0.48000,19.200,-0.960,-1,400.000,-1,400.000,-1,325.000,325.000,300.000,325.000,-1,-1,-1,-1,850.000,875.000,-1,-1,2,0,2,0,2,0,0,0,0,2,2,2,2,0,0,2,2
4,4191.771,-6892.624,280.634,-177.113,-0.998594,0.050347,0.016607,-0.049917,-0.998430,0.025397,0.017860,0.024532,0.999539,0,0.40000,-0.60000,24.000,-1.200,-1,400.000,-1,400.000,-1,325.000,325.000,300.000,325.000,-1,-1,-1,-1,875.000,900.000,-1,-1,2,0,2,0,2,0,0,0,0,2,2,2,2,0,0,2,2
5,4162.980,-6893.351,281.123,-178.553,-0.999549,0.025240,0.016252,-0.024812,-0.999353,0.026048,0.016899,0.025633,0.999529,0,0.48000,-0.72000,28.800,-1.440,-1,400.000,-1,400.000,-1,325.000,325.000,300.000,325.000,-1,-1,-1,-1,875.000,900.000,-1,-1,2,0,2,0,2,0,0,0,0,2,2,2,2,0,0,2,2
6,4129.381,-6893.215,281.672,-180.233,-0.999866,-0.004069,0.015838,0.004494,-0.999629,0.026869,0.015723,0.026937,0.999513,0,0.56000,-0.84000,33.600,-1.680,-1,400.000,-1,400.000,-1,325.000,325.000,300.000,325.000,-1,-1,-1,-1,875.000,900.000,-1,-1,2,0,2,0,2,0,0,0,0,2,2,2,2,0,0,2,2
7,4091.008,-6891.772,282.270,-182.153,-0.999176,-0.037557,0.015373,0.037975,-0.998889,0.027894,0.014309,0.028454,0.999493,0,0.64000,-0.96000,38.400,-1.920,-1,400.000,-1,425.000,-1,325.000,325.000,300.000,325.000,-1,-1,-1,-1,875.000,900.000,-1,-1,2,0,2,0,2,0,0,0,0,2,2,2,2,0,0,2,2
8,4047.918,-6888.677,282.907,-184.109,-0.997321,-0.071626,0.014876,0.072036,-0.996977,0.029121,0.012745,0.030115,0.999465,0,0.72000,-0.97802,43.200,-1.956,-1,400.000,-1,425.000,-1,325.000,325.000,300.000,300.000,-1,-1,-1,-1,875.000,900.000,-1,-1,2,0,2,0,2,0,0,0,0,2,2,2,2,0,0,2,2
9,4000.187,-6883.606,283.570,-186.065,-0.994304,-0.105608,0.014359,0.106006,-0.993895,0.030575,0.011043,0.031923,0.999429,0,0.80000,-0.97802,48.000,-1.956,-1,400.000,-1,425.000,-1,325.000,325.000,325.000,300.000,-1,-1,-1,-1,875.000,900.000,-1,-1,2,0,2,0,2,0,0,0,0,2,2,2,2,0,0,2,2
10,3949.067,-6876.403,283.998,-188.021,-0.990135,-0.139466,0.013494,0.139830,-0.989679,0.031356,0.008981,0.032934,0.999417,0,0.86041,-0.97802,51.625,-1.956,-1,425.000,-1,425.000,-1,325.000,325.000,325.000,300.000,-1,-1,-1,-1,875.000,900.000,-1,-1,2,0,2,0,2,0,0,0,0,2,2,2,2,0,0,2,2
11,3898.223,-6867.458,283.961,-189.977,-0.984825,-0.173168,0.011507,0.173447,-0.984358,0.030908,0.005975,0.032435,0.999456,0,0.86041,-0.97802,51.625,-1.956,-1,400.000,-1,425.000,-1,325.000,325.000,300.000,325.000,-1,-1,-1,-1,875.000,900.000,-1,-1,2,0,2,0,2,0,0,0,0,2,2,2,2,0,0,2,2
12,3847.714,-6856.783,283.672,-191.933,-0.978368,-0.206664,0.009323,0.206858,-0.977863,0.031536,0.002600,0.032783,0.999459,0,0.86041,-0.97802,51.625,-1.956,-1,400.000,-1,425.000,-1,325.000,325.000,300.000,300.000,-1,-1,-1,-1,850.000,875.000,-1,-1,2,0,2,0,2,0,0,0,0,2,2,2,2,0,0,2,2
13,3797.599,-6844.390,283.271,-193.889,-0.970768,-0.239915,0.007089,0.240018,-0.970217,0.032718,-0.000972,0.033463,0.999439,0,0.86041,-0.97802,51.625,-1.956,-1,400.000,-1,425.000,-1,325.000,325.000,300.000,300.000,-1,-1,-1,-1,825.000,875.000,-1,-1,2,0,2,0,2,0,0,0,0,2,2,2,2,0,0,2,2
14,3747.936,-6830.294,282.833,-195.846,-0.962034,-0.272885,0.005003,0.272894,-0.961439,0.034130,-0.004504,0.034200,0.999405,0,0.86041,-0.97802,51.625,-1.956,-1,400.000,-1,425.000,-1,325.000,325.000,300.000,300.000,-1,-1,-1,-1,800.000,850.000,-1,-1,2,0,2,0,2,0,0,0,0,2,2,2,2,0,0,2,2
15,3698.719,-6814.491,282.357,-197.802,-0.952176,-0.305534,0.003089,0.305445,-0.951538,0.035770,-0.007989,0.035002,0.999355,0,0.86152,-0.97802,51.691,-1.956,-1,400.000,-1,425.000,-1,325.000,325.000,300.000,300.000,-1,-1,-1,-1,800.000,825.000,-1,-1,2,0,2,0,2,0,0,0,0,2,2,2,2,0,0,2,2
16,3649.687,-6796.880,281.839,-199.757,-0.941212,-0.337815,0.001361,0.337624,-0.940528,0.037638,-0.011435,0.035885,0.999291,0,0.86830,-0.97775,52.098,-1.955,-1,400.000,-1,425.000,-1,325.000,325.000,325.000,300.000,-1,-1,-1,-1,800.000,800.000,-1,-1,2,0,2,0,2,0,0,0,0,2,2,2,2,0,0,2,2
17,3600.906,-6777.457,281.277,-201.711,-0.929162,-0.369674,-0.000154,0.369376,-0.928430,0.039727,-0.014829,0.036856,0.999211,0,0.87509,-0.97698,52.506,-1.954,-1,400.000,-1,400.000,-1,325.000,325.000,325.000,300.000,-1,-1,-1,-1,775.000,800.000,-1,-1,2,0,2,0,2,0,0,0,0,2,2,2,2,0,0,2,2
18,3552.443,-6756.221,280.557,-203.662,-0.916048,-0.401065,-0.001959,0.400641,-0.915284,0.041746,-0.018536,0.037456,0.999126,0,0.88186,-0.97569,52.912,-1.951,-1,400.000,-1,400.000,-1,325.000,325.000,325.000,300.000,-1,-1,-1,-1,775.000,775.000,-1,-1,2,0,2,0,2,0,0,0,0,2,2,2,2,0,0,2,2
19,3504.366,-6733.176,279.610,-205.610,-0.901891,-0.431942,-0.004370,0.431364,-0.901125,0.043583,-0.022763,0.037422,0.999040,0,0.88856,-0.97386,53.314,-1.948,-1,400.000,-1,400.000,-1,325.000,325.000,325.000,300.000,-1,-1,-1,-1,750.000,750.000,-1,-1,2,0,2,0,2,0,0,0,0,2,2,2,2,0,0,2,2
20,3456.749,-6708.331,278.605,-207.553,-0.886728,-0.462245,-0.006587,0.461506,-0.885961,0.045667,-0.026945,0.037455,0.998935,0,0.89515,-0.97147,53.709,-1.943,-1,400.000,-1,400.000,-1,325.000,325.000,325.000,300.000,-1,-1,-1,-1,750.000,725.000,-1,-1,2,0,2,0,2,0,0,0,0,2,2,2,2,0,0,2,2
21,3409.663,-6681.701,277.097,-209.490,-0.870581,-0.491957,-0.008218,0.491132,-0.869884,0.045727,-0.029645,0.035773,0.998920,0,0.90157,-0.96849,54.094,-1.937,-1,400.000,-1,400.000,-1,325.000,325.000,325.000,300.000,-1,-1,-1,-1,725.000,725.000,-1,-1,2,0,2,0,2,0,0,0,0,2,2,2,2,0,0,2,2
22,3363.183,-6653.307,275.492,-211.420,-0.853501,-0.521003,-0.009589,0.520108,-0.852877,0.045713,-0.031994,0.034029,0.998909,0,0.90777,-0.96489,54.466,-1.930,-1,375.000,-1,400.000,-1,325.000,325.000,325.000,300.000,-1,-1,-1,-1,725.000,725.000,950.000,-1,2,0,2,0,2,0,0,0,0,2,2,2,2,0,0,1,2
23,3317.385,-6623.175,273.989,-213.341,-0.835550,-0.549322,-0.010071,0.548376,-0.834957,0.046164,-0.033768,0.033050,0.998883,0,0.91368,-0.96066,54.821,-1.921,975.000,375.000,-1,375.000,-1,325.000,325.000,325.000,300.000,-1,-1,-1,-1,700.000,700.000,900.000,-1,1,0,2,0,2,0,0,0,0,2,2,2,2,0,0,1,2
24,3272.346,-6591.341,272.551,-215.253,-0.816755,-0.576892,-0.010382,0.575915,-0.816203,0.046199,-0.035126,0.031754,0.998878,0,0.91923,-0.95577,55.154,-1.912,875.000,375.000,-1,375.000,-1,325.000,325.000,325.000,300.000,-1,-1,-1,-1,700.000,700.000,850.000,-1,1,0,2,0,2,0,0,0,0,2,2,2,2,0,0,1,2
25,3228.142,-6557.845,271.097,-217.153,-0.797167,-0.603666,-0.010565,0.602666,-0.796656,0.046192,-0.036301,0.030455,0.998877,0,0.92435,-0.95019,55.461,-1.900,800.000,375.000,-1,375.000,-1,325.000,325.000,300.000,300.000,-1,-1,-1,-1,700.000,700.000,800.000,-1,1,0,2,0,2,0,0,0,0,2,2,2,2,1,0,1,2
26,3182.312,-6520.979,269.389,-218.813,-0.779353,-0.626505,-0.010030,0.625495,-0.778841,0.046492,-0.036939,0.029959,0.998868,0,0.98028,-0.83019,58.817,-1.660,750.000,375.000,-1,375.000,-1,325.000,325.000,300.000,300.000,-1,-1,-1,-1,675.000,700.000,750.000,-1,1,0,2,0,2,0,0,0,0,2,2,2,2,1,0,1,2
27,3137.207,-6482.816,267.527,-220.234,-0.763614,-0.645613,-0.008809,0.644609,-0.763067,0.047001,-0.037066,0.030213,0.998856,0,0.98473,-0.71019,59.084,-1.420,675.000,375.000,-1,375.000,-1,325.000,300.000,300.000,300.000,-1,-1,-1,-1,650.000,700.000,700.000,-1,1,0,2,0,2,0,0,0,0,2,2,2,2,1,0,1,2
28,3092.718,-6443.574,265.412,-221.414,-0.750167,-0.661205,-0.007586,0.660251,-0.749616,0.046316,-0.036311,0.029736,0.998898,0,0.98871,-0.59019,59.322,-1.180,625.000,375.000,-1,375.000,-1,300.000,300.000,300.000,300.000,-1,-1,-1,-1,625.000,700.000,650.000,-1,1,0,2,0,2,0,0,0,0,2,2,2,2,1,0,1,2
29,3048.724,-6403.466,263.218,-222.355,-0.739224,-0.673429,-0.006375,0.672539,-0.738675,0.045294,-0.035211,0.029195,0.998953,0,0.99223,-0.47019,59.534,-0.940,575.000,375.000,-1,375.000,-1,300.000,300.000,300.000,300.000,-1,-1,-1,-1,600.000,700.000,600.000,-1,1,0,2,0,2,0,0,0,0,2,2,2,2,1,0,1,2
30,3005.088,-6362.696,261.097,-223.055,-0.730942,-0.682420,-0.005181,0.681604,-0.730401,0.043945,-0.033774,0.028590,0.999021,0,0.99531,-0.35019,59.719,-0.700,525.000,375.000,-1,375.000,-1,300.000,300.000,300.000,300.000,-1,-1,-1,-1,575.000,700.000,575.000,-1,1,0,2,0,2,0,0,0,0,2,2,2,2,1,0,1,2
31,2961.664,-6321.466,259.086,-223.515,-0.725432,-0.688282,-0.004017,0.687553,-0.724910,0.042149,-0.031922,0.027815,0.999103,0,0.99798,-0.23019,59.879,-0.460,475.000,375.000,-1,375.000,-1,300.000,300.000,300.000,300.000,-1,-1,-1,-1,550.000,725.000,525.000,-1,1,0,2,0,2,0,0,0,0,2,2,2,2,1,0,1,2
32,2918.312,-6279.987,257.094,-223.736,-0.722776,-0.691077,-0.002830,0.690433,-0.722268,0.040387,-0.029954,0.027237,0.999180,0,1.00000,-0.11019,60.000,-0.220,425.000,375.000,-1,375.000,-1,325.000,325.000,300.000,300.000,-1,-1,-1,-1,525.000,725.000,475.000,-1,1,0,2,0,2,0,0,0,0,2,2,2,2,1,0,1,2
33,2874.946,-6238.522,255.307,-223.716,-0.723023,-0.690823,-0.001290,0.690252,-0.722498,0.039349,-0.028115,0.027560,0.999225,0,1.00000,0.00981,60.000,0.020,400.000,375.000,-1,375.000,-1,325.000,325.000,300.000,300.000,-1,-1,575.000,-1,500.000,725.000,450.000,-1,1,1,2,0,2,0,0,0,0,2,2,0,2,1,0,1,2
34,2831.392,-6197.254,253.628,-223.456,-0.726159,-0.687527,0.000476,0.687028,-0.725605,0.038600,-0.026193,0.028357,0.999255,0,1.00000,0.12981,60.000,0.260,350.000,350.000,-1,375.000,-1,325.000,325.000,300.000,300.000,-1,575.000,550.000,-1,475.000,725.000,400.000,-1,1,1,2,0,2,0,0,0,0,2,0,0,2,1,0,1,2
35,2787.480,-6156.367,252.137,-222.957,-0.732126,-0.681167,0.001476,0.680722,-0.731566,0.037798,-0.024667,0.028678,0.999284,0,1.00000,0.24981,60.000,0.500,325.000,325.000,-1,375.000,-1,325.000,325.000,300.000,300.000,-1,575.000,550.000,-1,450.000,725.000,350.000,-1,1,1,2,0,2,1,0,0,0,2,0,0,2,1,1,1,2
36,2743.044,-6116.051,250.715,-222.217,-0.740855,-0.671661,0.002308,0.671266,-0.740291,0.037029,-0.023162,0.028983,0.999312,0,1.00000,0.36981,60.000,0.740,275.000,300.000,-1,375.000,-1,300.000,325.000,300.000,300.000,-1,575.000,575.000,-1,425.000,700.000,300.000,-1,1,1,2,0,2,1,0,0,0,2,0,0,2,1,1,1,2
37,2697.923,-6076.502,250.698,-221.238,-0.752267,-0.658779,0.010235,0.658637,-0.751521,0.037594,-0.017074,0.035022,0.999241,0,1.00000,0.48981,60.000,0.980,250.000,300.000,-1,400.000,-1,275.000,325.000,325.000,300.000,-1,525.000,475.000,-1,400.000,700.000,275.000,-1,1,1,2,0,2,1,1,1,0,2,0,0,2,1,1,1,2
38,2652.293,-6037.543,252.408,-220.498,-0.760590,-0.648673,0.026944,0.649209,-0.759552,0.040116,-0.005556,0.048004,0.998832,0,1.00000,0.36981,60.000,0.740,250.000,300.000,-1,400.000,-1,275.000,325.000,325.000,300.000,-1,425.000,350.000,-1,400.000,750.000,275.000,-1,1,1,2,1,2,1,1,1,0,2,0,0,2,1,1,1,2
39,2606.218,-5999.110,254.131,-219.843,-0.767562,-0.639495,0.043524,0.640948,-0.766376,0.043053,0.005824,0.060942,0.998124,0,1.00000,0.32753,60.000,0.655,250.000,300.000,-1,400.000,-1,275.000,300.000,325.000,275.000,-1,350.000,275.000,-1,400.000,825.000,275.000,-1,1,1,2,1,2,1,1,1,0,2,0,0,2,1,1,1,2
40,2559.692,-5961.224,255.866,-219.168,-0.774384,-0.629868,0.059963,0.632485,-0.773178,0.046456,0.017101,0.073901,0.997119,0,1.00000,0.33753,60.000,0.675,250.000,275.000,-1,400.000,-1,275.000,300.000,325.000,275.000,-1,325.000,225.000,900.000,400.000,-1,275.000,-1,1,1,2,1,2,1,1,1,0,2,0,0,0,1,2,1,2
41,2512.707,-5923.908,257.758,-218.472,-0.781116,-0.619803,0.075511,0.623769,-0.779990,0.050269,0.027740,0.086367,0.995877,0,1.00000,0.34811,60.000,0.696,250.000,275.000,-1,400.000,-1,250.000,300.000,325.000,275.000,-1,300.000,175.000,725.000,400.000,-1,275.000,-1,1,1,2,1,2,1,1,1,0,2,0,0,0,1,2,1,2
42,2465.257,-5887.187,259.707,-217.753,-0.787762,-0.609270,0.090676,0.614801,-0.786793,0.054561,0.038101,0.098728,0.994385,0,1.00000,0.35926,60.000,0.719,250.000,275.000,-1,400.000,-1,250.000,300.000,325.000,250.000,-1,275.000,125.000,600.000,400.000,-1,275.000,-1,1,1,2,1,2,1,1,1,0,2,0,0,0,1,2,1,2
43,2417.498,-5850.867,261.643,-217.271,-0.791583,-0.601846,0.105726,0.609162,-0.790854,0.058928,0.048148,0.111051,0.992648,0,1.00000,0.24087,60.000,0.482,250.000,275.000,-1,400.000,-1,250.000,300.000,300.000,250.000,-1,250.000,100.000,525.000,400.000,-1,275.000,-1,1,1,2,1,2,1,1,1,0,2,0,0,0,1,2,1,2
44,2369.433,-5814.950,265.667,-216.781,-0.794793,-0.594733,0.120812,0.603485,-0.795556,0.053817,0.064106,0.115682,0.991215,0,1.00000,0.24538,60.000,0.491,275.000,275.000,-1,475.000,-1,250.000,325.000,275.000,275.000,-1,225.000,75.000,475.000,450.000,-1,275.000,-1,1,1,2,1,2,1,1,1,0,2,0,0,0,1,2,1,2
45,5575.455,1639.924,63.314,81.564,0.121452,-0.986620,-0.108765,0.953865,0.146321,-0.262168,0.274575,-0.071906,0.958873,1,0.00000,0.00000,60.000,0.501,-1,275.000,-1,225.000,325.000,200.000,200.000,400.000,525.000,550.000,75.000,125.000,725.000,-1,325.000,-1,300.000,2,1,2,1,1,1,1,1,0,0,0,0,0,2,1,2,1
46,-2951.730,-8199.228,425.150,-108.332,-0.299873,0.949105,-0.096311,-0.919341,-0.314466,-0.236482,-0.254733,0.017628,0.966851,1,0.00000,0.00000,4.800,-0.240,200.000,200.000,400.000,225.000,375.000,175.000,200.000,475.000,875.000,600.000,0.000,0.000,-1,250.000,300.000,200.000,300.000,0,0,0,0,0,0,0,0,0,1,1,1,2,0,0,0,0
47,3611.252,-4922.635,225.749,139.072,-0.754886,-0.655104,-0.031401,0.654569,-0.755539,0.026472,-0.041067,-0.000571,0.999156,1,-0.08000,0.12000,-4.800,0.240,-1,400.000,-1,425.000,775.000,325.000,350.000,300.000,275.000,-1,-1,-1,-1,775.000,625.000,-1,700.000,2,0,2,0,1,0,0,0,0,2,2,2,2,0,1,2,1
48,3618.558,-4928.863,226.172,139.552,-0.760354,-0.648751,-0.031372,0.648219,-0.761000,0.026268,-0.040916,-0.000363,0.999163,0,-0.16000,0.24000,-9.600,0.480,-1,400.000,-1,425.000,775.000,325.000,325.000,300.000,275.000,-1,-1,-1,-1,775.000,625.000,-1,700.000,2,0,2,0,1,0,0,0,0,2,2,2,2,0,1,2,1
49,3629.633,-4938.066,226.747,140.272,-0.768442,-0.639137,-0.031623,0.638612,-0.769093,0.025901,-0.040875,-0.000292,0.999164,0,-0.24000,0.36000,-14.400,0.720,-1,400.000,-1,425.000,775.000,325.000,325.000,300.000,275.000,-1,-1,-1,-1,775.000,625.000,-1,700.000,2,0,2,0,1,0,0,0,0,2,2,2,2,0,1,2,1
50,3644.603,-4950.089,227.507,141.232,-0.779038,-0.626162,-0.031958,0.625647,-0.779693,0.025396,-0.040820,-0.000210,0.999167,0,-0.32000,0.48000,-19.200,0.960,-1,400.000,-1,425.000,775.000,325.000,325.000,300.000,275.000,-1,-1,-1,-1,750.000,650.000,-1,725.000,2,0,2,0,1,0,0,0,0,2,2,2,2,0,1,2,1
51,3663.196,-4964.452,228.422,142.315,-0.790720,-0.611323,-0.032349,0.610821,-0.791381,0.024763,-0.040738,-0.000179,0.999170,0,-0.39158,0.54114,-23.495,1.082,-1,400.000,-1,425.000,800.000,325.000,325.000,300.000,300.000,-1,-1,-1,-1,750.000,675.000,-1,750.000,2,0,2,0,1,0,0,0,0,2,2,2,2,0,1,2,1
52,3682.202,-4978.568,229.331,143.397,-0.802121,-0.596264,-0.032737,0.595777,-0.802788,0.024106,-0.040655,-0.000168,0.999173,0,-0.39459,0.54122,-23.675,1.082,-1,400.000,-1,425.000,825.000,325.000,325.000,300.000,300.000,-1,-1,-1,-1,750.000,675.000,-1,775.000,2,0,2,0,1,0,0,0,0,2,2,2,2,0,1,2,1
53,3701.618,-4992.428,230.235,144.480,-0.813238,-0.580987,-0.033125,0.580515,-0.813913,0.023426,-0.040571,-0.000178,0.999177,0,-0.39758,0.54139,-23.855,1.083,-1,400.000,-1,425.000,825.000,325.000,325.000,300.000,300.000,-1,-1,-1,-1,725.000,700.000,-1,800.000,2,0,2,0,1,0,0,0,0,2,2,2,2,0,1,2,1
54,3721.439,-5006.018,231.131,145.563,-0.824070,-0.565496,-0.033511,0.565039,-0.824751,0.022725,-0.040489,-0.000208,0.999180,0,-0.40055,0.54164,-24.033,1.083,-1,375.000,-1,425.000,850.000,325.000,325.000,300.000,300.000,-1,-1,-1,-1,725.000,725.000,-1,825.000,2,0,2,0,1,0,0,0,0,2,2,2,2,0,1,2,1
55,3741.662,-5019.329,232.021,146.647,-0.834613,-0.549793,-0.033896,0.549352,-0.835301,0.022005,-0.040412,-0.000256,0.999183,0,-0.40350,0.54196,-24.210,1.084,-1,375.000,-1,425.000,850.000,325.000,325.000,300.000,300.000,-1,-1,-1,-1,725.000,750.000,-1,850.000,2,0,2,0,1,0,0,0,0,2,2,2,2,0,1,2,1
56,3762.281,-5032.348,232.975,147.732,-0.844866,-0.533881,-0.034244,0.533471,-0.845559,0.020927,-0.040128,-0.000587,0.999194,0,-0.40643,0.54237,-24.386,1.085,-1,375.000,-1,425.000,875.000,325.000,325.000,300.000,300.000,-1,-1,-1,-1,725.000,750.000,-1,875.000,2,0,2,0,1,0,0,0,0,2,2,2,2,0,1,2,1
57,3783.294,-5045.065,233.942,148.818,-0.854825,-0.517764,-0.034565,0.517388,-0.855523,0.019736,-0.039790,-0.001013,0.999208,0,-0.40934,0.54285,-24.560,1.086,-1,375.000,-1,425.000,900.000,325.000,325.000,300.000,300.000,-1,-1,-1,-1,700.000,775.000,-1,900.000,2,0,2,0,1,0,0,0,0,2,2,2,2,0,1,2,1
58,3804.693,-5057.467,234.904,149.904,-0.864488,-0.501443,-0.034869,0.501103,-0.865189,0.018520,-0.039456,-0.001462,0.999220,0,-0.41223,0.54341,-24.734,1.087,-1,375.000,-1,400.000,925.000,325.000,325.000,300.000,300.000,-1,-1,-1,-1,700.000,800.000,-1,925.000,2,0,2,0,1,0,0,0,0,2,2,2,2,0,1,2,1
59,3826.474,-5069.544,235.861,150.993,-0.873850,-0.484923,-0.035156,0.484619,-0.874555,0.017282,-0.039126,-0.001936,0.999232,0,-0.41509,0.54404,-24.905,1.088,-1,375.000,-1,400.000,950.000,325.000,325.000,300.000,300.000,-1,-1,-1,-1,700.000,825.000,-1,975.000,2,0,2,0,1,0,0,0,0,2,2,2,2,0,1,2,1
60,3848.631,-5081.285,236.811,152.082,-0.882909,-0.468206,-0.035425,0.467938,-0.883616,0.016021,-0.038803,-0.002431,0.999244,0,-0.41792,0.54474,-25.075,1.089,-1,375.000,-1,400.000,950.000,325.000,325.000,300.000,300.000,-1,-1,-1,-1,700.000,850.000,-1,1000.000,2,0,2,0,1,0,0,0,0,2,2,2,2,0,1,2,1
61,3866.685,-5090.511,237.571,152.931,-0.889751,-0.455054,-0.035623,0.454816,-0.890459,0.014995,-0.038545,-0.002860,0.999253,0,-0.33792,0.42474,-20.275,0.849,-1,375.000,-1,400.000,975.000,325.000,325.000,300.000,300.000,-1,-1,-1,-1,700.000,875.000,-1,-1,2,0,2,0,1,0,0,0,0,2,2,2,2,0,1,2,2
62,3880.539,-5097.406,238.080,153.541,-0.894550,-0.445556,-0.035487,0.445336,-0.895249,0.014336,-0.038158,-0.002979,0.999267,0,-0.25792,0.30474,-15.475,0.609,-1,375.000,-1,400.000,1000.000,325.000,325.000,300.000,300.000,-1,-1,-1,-1,700.000,875.000,-1,-1,2,0,2,0,1,0,0,0,0,2,2,2,2,0,1,2,2
63,3890.126,-5102.101,238.427,153.910,-0.897411,-0.439774,-0.035377,0.439565,-0.898103,0.013889,-0.037880,-0.003087,0.999278,0,-0.17792,0.18474,-10.675,0.369,-1,375.000,-1,400.000,1000.000,325.000,325.000,300.000,300.000,-1,-1,-1,-1,700.000,875.000,-1,-1,2,0,2,0,1,0,0,0,0,2,2,2,2,0,0,2,2
64,3895.409,-5104.673,238.616,154.040,-0.898407,-0.437743,-0.035304,0.437542,-0.899094,0.013646,-0.037715,-0.003188,0.999283,0,-0.09792,0.06474,-5.875,0.129,-1,375.000,-1,400.000,1000.000,325.000,325.000,300.000,300.000,-1,-1,-1,-1,700.000,875.000,-1,-1,2,0,2,0,1,0,0,0,0,2,2,2,2,0,0,2,2
65,3896.374,-5105.146,238.648,153.929,-0.897561,-0.439477,-0.035271,0.439278,-0.898248,0.013606,-0.037662,-0.003282,0.999285,0,-0.01792,-0.05526,-1.075,-0.111,-1,375.000,-1,400.000,1000.000,325.000,325.000,300.000,300.000,-1,-1,-1,-1,700.000,875.000,-1,-1,2,0,2,0,1,0,0,0,0,2,2,2,2,0,0,2,2
66,3893.039,-5103.488,238.525,153.579,-0.894854,-0.444964,-0.035278,0.444763,-0.895542,0.013769,-0.037719,-0.003369,0.999283,0,0.06208,-0.17526,3.725,-0.351,-1,375.000,-1,400.000,1000.000,325.000,325.000,300.000,300.000,-1,-1,-1,-1,700.000,875.000,-1,-1,2,0,2,0,1,0,0,0,0,2,2,2,2,0,0,2,2
67,3885.439,-5099.626,238.246,153.062,-0.890796,-0.453028,-0.035335,0.452820,-0.891490,0.014132,-0.037903,-0.003412,0.999276,0,0.14208,-0.25856,8.525,-0.517,-1,375.000,-1,400.000,1000.000,325.000,325.000,300.000,300.000,-1,-1,-1,-1,700.000,875.000,-1,-1,2,0,2,0,1,0,0,0,0,2,2,2,2,0,1,2,2
68,3873.615,-5093.482,237.812,152.544,-0.886660,-0.461060,-0.035467,0.460838,-0.887363,0.014693,-0.038247,-0.003317,0.999263,0,0.22208,-0.25871,13.325,-0.517,-1,375.000,-1,400.000,1000.000,325.000,325.000,300.000,300.000,-1,-1,-1,-1,700.000,875.000,-1,-1,2,0,2,0,1,0,0,0,0,2,2,2,2,0,1,2,2
69,3857.608,-5084.980,237.175,152.026,-0.882447,-0.469072,-0.035489,0.468823,-0.883155,0.015534,-0.038629,-0.002930,0.999249,0,0.30208,-0.25923,18.125,-0.518,-1,375.000,-1,400.000,975.000,325.000,325.000,300.000,300.000,-1,-1,-1,-1,700.000,850.000,-1,1000.000,2,0,2,0,1,0,0,0,0,2,2,2,2,0,1,2,1
70,3837.460,-5074.043,236.315,151.506,-0.878154,-0.477071,-0.035332,0.476785,-0.878862,0.016685,-0.039012,-0.002194,0.999236,0,0.38208,-0.26010,22.925,-0.520,-1,375.000,-1,400.000,950.000,325.000,325.000,300.000,300.000,-1,-1,-1,-1,700.000,825.000,-1,975.000,2,0,2,0,1,0,0,0,0,2,2,2,2,0,1,2,1
71,3813.215,-5060.595,235.259,150.983,-0.873769,-0.485070,-0.035143,0.484734,-0.874475,0.018081,-0.039502,-0.001236,0.999219,0,0.46208,-0.26134,27.725,-0.523,-1,375.000,-1,400.000,925.000,325.000,325.000,300.000,300.000,-1,-1,-1,-1,700.000,825.000,-1,950.000,2,0,2,0,1,0,0,0,0,2,2,2,2,0,1,2,1
72,3784.919,-5044.557,233.996,150.457,-0.869285,-0.493076,-0.034914,0.492682,-0.869986,0.019730,-0.040103,-0.000051,0.999196,0,0.54208,-0.26296,32.525,-0.526,-1,375.000,-1,400.000,875.000,325.000,325.000,300.000,300.000,-1,-1,-1,-1,700.000,800.000,-1,900.000,2,0,2,0,1,0,0,0,0,2,2,2,2,0,1,2,1
73,3752.618,-5025.854,232.604,149.927,-0.864698,-0.501102,-0.034573,0.500653,-0.865388,0.021214,-0.040550,0.001034,0.999177,0,0.62208,-0.26497,37.325,-0.530,-1,375.000,-1,400.000,850.000,325.000,325.000,300.000,300.000,-1,-1,-1,-1,700.000,775.000,-1,875.000,2,0,2,0,1,0,0,0,0,2,2,2,2,0,1,2,1
74,3716.363,-5004.405,231.107,149.392,-0.859998,-0.509156,-0.034094,0.508669,-0.860672,0.022350,-0.040724,0.001879,0.999169,0,0.70208,-0.26739,42.125,-0.535,-1,375.000,-1,425.000,800.000,325.000,325.000,300.000,300.000,-1,-1,-1,-1,700.000,750.000,-1,825.000,2,0,2,0,1,0,0,0,0,2,2,2,2,0,1,2,1
75,3676.203,-4980.133,229.388,148.852,-0.855175,-0.517252,-0.033545,0.516720,-0.855828,0.023628,-0.040931,0.002873,0.999158,0,0.78208,-0.27026,46.925,-0.541,-1,375.000,-1,425.000,750.000,325.000,325.000,300.000,300.000,-1,-1,-1,-1,725.000,725.000,-1,800.000,2,0,2,0,1,0,0,0,0,2,2,2,2,0,1,2,1
76,3632.193,-4952.957,227.410,148.305,-0.850221,-0.525400,-0.032840,0.524817,-0.850845,0.025082,-0.041120,0.004090,0.999146,0,0.86208,-0.27362,51.725,-0.547,-1,375.000,-1,425.000,700.000,325.000,325.000,300.000,300.000,-1,-1,-1,-1,725.000,700.000,-1,750.000,2,0,2,0,1,0,0,0,0,2,2,2,2,0,1,2,1
77,3584.388,-4922.794,225.114,147.749,-0.845130,-0.533614,-0.031799,0.532972,-0.845709,0.026778,-0.041181,0.005683,0.999136,0,0.94208,-0.27752,56.525,-0.555,-1,400.000,-1,425.000,650.000,325.000,325.000,300.000,300.000,-1,-1,-1,-1,725.000,650.000,-1,675.000,2,0,2,0,1,0,0,0,0,2,2,2,2,0,1,2,1
78,3534.967,-4890.926,222.621,147.185,-0.839881,-0.541907,-0.030608,0.541203,-0.840406,0.028587,-0.041214,0.007445,0.999123,0,0.98009,-0.28202,58.805,-0.564,-1,400.000,-1,425.000,600.000,325.000,325.000,300.000,300.000,-1,-1,-1,-1,750.000,625.000,-1,625.000,2,0,2,0,1,0,0,0,0,2,2,2,2,0,1,2,1
79,3485.622,-4858.403,219.914,146.612,-0.834440,-0.550291,-0.029837,0.549526,-0.834925,0.030349,-0.041613,0.008928,0.999094,0,0.98497,-0.28696,59.098,-0.574,-1,400.000,-1,425.000,550.000,325.000,350.000,300.000,300.000,-1,-1,-1,-1,750.000,575.000,-1,575.000,2,0,2,0,1,0,0,0,0,2,2,2,2,0,1,2,1
80,3436.378,-4825.222,217.116,146.027,-0.828783,-0.558768,-0.029969,0.557893,-0.829256,0.033013,-0.043298,0.010641,0.999006,0,0.98966,-0.29217,59.380,-0.584,-1,400.000,-1,425.000,475.000,325.000,350.000,300.000,300.000,-1,-1,-1,-1,750.000,550.000,-1,525.000,2,0,2,1,1,0,0,0,0,2,2,2,2,0,1,2,1
81,3387.260,-4791.378,214.177,145.432,-0.822931,-0.567343,-0.030111,0.566349,-0.823388,0.035785,-0.045095,0.012396,0.998906,0,0.99414,-0.29769,59.648,-0.595,-1,400.000,-1,400.000,425.000,325.000,350.000,300.000,300.000,-1,-1,-1,-1,750.000,500.000,-1,450.000,2,0,2,1,1,0,0,0,0,2,2,2,2,0,1,2,1
82,3338.297,-4756.870,211.241,144.825,-0.816905,-0.576017,-0.029517,0.574893,-0.817304,0.038884,-0.046522,0.014795,0.998808,0,0.99836,-0.30356,59.901,-0.607,-1,400.000,-1,375.000,375.000,325.000,325.000,300.000,300.000,-1,-1,-1,-1,750.000,475.000,-1,400.000,2,0,2,1,1,0,0,0,0,2,2,2,2,0,1,2,1
83,3289.630,-4721.777,208.239,144.205,-0.810678,-0.584796,-0.028557,0.583536,-0.810991,0.042172,-0.047821,0.017524,0.998702,0,1.00000,-0.30981,60.000,-0.620,-1,400.000,1000.000,350.000,325.000,325.000,325.000,300.000,300.000,-1,-1,-1,-1,750.000,425.000,-1,350.000,2,0,1,1,1,0,0,0,0,2,2,2,2,0,1,2,1
84,3241.354,-4686.148,205.113,143.572,-0.804224,-0.593688,-0.027534,0.592287,-0.804439,0.045549,-0.049191,0.020323,0.998583,0,1.00000,-0.31648,60.000,-0.633,-1,400.000,850.000,325.000,250.000,325.000,325.000,300.000,300.000,-1,-1,-1,-1,750.000,400.000,-1,275.000,2,0,1,1,1,0,1,0,1,2,2,2,2,0,1,2,1
85,3193.483,-4649.977,202.417,142.925,-0.797500,-0.602726,-0.026730,0.601289,-0.797668,0.046648,-0.049438,0.021130,0.998554,0,1.00000,-0.32359,60.000,-0.647,-1,400.000,775.000,300.000,225.000,325.000,300.000,300.000,275.000,-1,-1,-1,-1,775.000,375.000,-1,225.000,2,0,1,1,1,0,1,0,1,2,2,2,2,0,1,2,1
86,3146.034,-4613.254,203.391,142.263,-0.790384,-0.612025,-0.026807,0.611306,-0.790799,0.030681,-0.039977,0.007863,0.999170,0,1.00000,-0.33121,60.000,-0.662,-1,425.000,750.000,275.000,200.000,350.000,300.000,275.000,300.000,-1,-1,-1,-1,775.000,350.000,-1,200.000,2,0,1,1,1,0,1,0,1,2,2,2,2,1,1,2,1
87,3099.023,-4575.974,204.960,141.584,-0.783058,-0.621350,-0.027275,0.621298,-0.783492,0.011374,-0.028437,-0.008040,0.999563,0,1.00000,-0.33939,60.000,-0.679,-1,450.000,-1,275.000,175.000,350.000,275.000,275.000,325.000,-1,-1,-1,-1,775.000,350.000,-1,200.000,2,0,2,1,1,1,1,0,1,2,2,2,2,1,1,2,1
88,3052.467,-4538.127,207.126,140.887,-0.775574,-0.630623,-0.028281,0.631083,-0.775633,-0.011299,-0.014810,-0.026610,0.999536,0,1.00000,-0.34819,60.000,-0.696,-1,475.000,-1,275.000,175.000,350.000,275.000,250.000,350.000,-1,325.000,475.000,-1,775.000,350.000,-1,200.000,2,1,2,1,1,1,1,0,1,2,0,0,2,1,1,2,1
89,3006.384,-4499.703,208.985,140.172,-0.767929,-0.639838,-0.029896,0.640534,-0.767195,-0.033588,-0.001445,-0.044942,0.998989,0,1.00000,-0.35768,60.000,-0.715,-1,450.000,-1,250.000,150.000,325.000,250.000,250.000,350.000,1000.000,150.000,350.000,-1,800.000,325.000,-1,175.000,2,1,2,1,1,1,1,0,1,0,0,0,2,1,1,2,1
90,2960.795,-4460.694,210.573,139.436,-0.760162,-0.648935,-0.032209,0.649605,-0.758093,-0.057518,0.012908,-0.064646,0.997825,0,1.00000,-0.36794,60.000,-0.736,-1,425.000,-1,250.000,150.000,300.000,250.000,250.000,375.000,650.000,100.000,275.000,-1,-1,325.000,-1,175.000,2,1,2,1,1,1,1,0,1,0,0,0,2,2,1,2,1
91,2915.724,-4421.088,212.148,138.678,-0.752282,-0.657895,-0.035287,0.658259,-0.748289,-0.082214,0.027683,-0.085076,0.995990,0,1.00000,-0.37903,60.000,-0.758,-1,400.000,-1,250.000,150.000,300.000,250.000,225.000,375.000,450.000,50.000,225.000,-1,-1,325.000,-1,150.000,2,1,2,1,1,1,1,0,1,0,0,0,2,2,1,2,1
92,2871.194,-4380.872,213.816,137.896,-0.744285,-0.666711,-0.039185,0.666507,-0.737760,-0.107140,0.042522,-0.105860,0.993471,0,1.00000,-0.39105,60.000,-0.782,-1,375.000,-1,225.000,150.000,275.000,225.000,225.000,375.000,325.000,50.000,200.000,-1,-1,300.000,-1,150.000,2,1,2,1,1,1,1,0,1,0,0,0,2,2,1,2,1
93,327.967,6887.287,8.609,-137.984,-0.742978,0.669315,-0.000978,-0.669246,-0.742921,-0.013375,-0.009679,-0.009283,0.999910,1,0.00000,0.00000,59.401,-0.542,-1,400.000,-1,400.000,-1,325.000,325.000,325.000,325.000,425.000,625.000,-1,-1,850.000,825.000,-1,-1,2,0,2,0,2,0,0,0,0,1,1,2,2,0,0,2,2
94,324.414,6884.060,8.548,-137.744,-0.740168,0.672421,-0.001124,-0.672349,-0.740111,-0.013491,-0.009903,-0.009230,0.999908,0,0.08000,0.12000,4.800,0.240,-1,400.000,-1,400.000,-1,325.000,325.000,325.000,325.000,450.000,650.000,-1,-1,825.000,825.000,-1,-1,2,0,2,0,2,0,0,0,0,1,1,2,2,0,0,2,2
95,317.363,6877.545,8.426,-137.264,-0.734508,0.678599,-0.001410,-0.678521,-0.734453,-0.013731,-0.010354,-0.009129,0.999905,0,0.16000,0.24000,9.600,0.480,-1,400.000,-1,400.000,-1,325.000,325.000,325.000,325.000,450.000,925.000,-1,-1,825.000,825.000,-1,-1,2,0,2,0,2,0,0,0,0,1,0,2,2,0,0,2,2
96,306.910,6867.641,8.246,-136.544,-0.725922,0.687775,-0.001832,-0.687689,-0.725868,-0.014112,-0.011035,-0.008985,0.999899,0,0.24000,0.36000,14.400,0.720,-1,400.000,-1,400.000,-1,325.000,325.000,325.000,325.000,450.000,1000.000,-1,-1,825.000,825.000,-1,-1,2,0,2,0,2,0,0,0,0,1,0,2,2,0,0,2,2
97,293.196,6854.203,7.994,-135.584,-0.714295,0.699841,-0.002287,-0.699743,-0.714244,-0.014667,-0.011898,-0.008876,0.999890,0,0.32000,0.48000,19.200,0.960,-1,400.000,-1,400.000,-1,325.000,325.000,325.000,325.000,475.000,-1,-1,-1,825.000,825.000,-1,-1,2,0,2,0,2,0,0,0,0,1,2,2,2,0,0,2,2
98,276.409,6837.051,7.629,-134.384,-0.699483,0.714645,-0.002558,-0.714534,-0.699430,-0.015423,-0.012812,-0.008960,0.999878,0,0.40000,0.60000,24.000,1.200,-1,400.000,-1,400.000,-1,325.000,325.000,325.000,325.000,500.000,-1,-1,-1,825.000,825.000,-1,-1,2,0,2,0,2,0,0,0,0,1,2,2,2,0,0,2,2
99,256.788,6815.969,7.156,-132.944,-0.681303,0.731996,-0.002832,-0.731871,-0.681250,-0.016203,-0.013790,-0.008966,0.999865,0,0.48000,0.72000,28.800,1.440,-1,400.000,-1,400.000,-1,325.000,325.000,325.000,325.000,500.000,-1,-1,-1,825.000,800.000,-1,-1,2,0,2,0,2,0,0,0,0,1,2,2,2,0,0,2,2
100,234.628,6790.712,6.604,-131.264,-0.659552,0.751653,-0.003054,-0.751511,-0.659497,-0.017167,-0.014917,-0.009027,0.999848,0,0.56000,0.84000,33.600,1.680,-1,400.000,-1,400.000,-1,325.000,325.000,325.000,300.000,525.000,-1,-1,-1,825.000,800.000,-1,-1,2,0,2,0,2,0,0,0,0,1,2,2,2,0,0,2,2
101,210.737,6761.568,5.987,-129.344,-0.634001,0.773326,-0.003182,-0.773163,-0.633943,-0.018309,-0.016176,-0.009148,0.999827,0,0.62808,0.96000,37.685,1.920,-1,400.000,-1,400.000,-1,325.000,325.000,325.000,300.000,550.000,-1,-1,-1,825.000,800.000,-1,-1,2,0,2,0,2,0,0,0,0,1,2,2,2,0,0,2,2
102,187.588,6731.228,5.365,-127.344,-0.606630,0.794978,-0.003182,-0.794793,-0.606567,-0.019524,-0.017451,-0.009315,0.999804,0,0.63605,1.00000,38.163,2.000,-1,400.000,-1,400.000,-1,325.000,325.000,325.000,300.000,600.000,-1,-1,-1,825.000,800.000,-1,-1,2,0,2,0,2,0,0,0,0,1,2,2,2,0,0,2,2
103,165.233,6699.705,4.736,-125.344,-0.578523,0.815661,-0.003027,-0.815451,-0.578452,-0.020802,-0.018718,-0.009566,0.999779,0,0.64408,1.00000,38.645,2.000,-1,400.000,-1,400.000,-1,325.000,325.000,325.000,300.000,625.000,-1,-1,-1,825.000,775.000,-1,-1,2,0,2,0,2,0,0,0,0,1,2,2,2,0,0,2,2
104,143.733,6667.029,4.101,-123.344,-0.549714,0.835349,-0.002713,-0.835114,-0.549631,-0.022132,-0.019979,-0.009901,0.999751,0,0.65191,1.00000,39.115,2.000,-1,400.000,-1,400.000,-1,325.000,325.000,325.000,300.000,650.000,-1,-1,-1,825.000,775.000,-1,-1,2,0,2,0,2,0,0,0,0,1,2,2,2,0,0,2,2
105,123.148,6633.231,3.408,-121.344,-0.520242,0.854016,-0.002141,-0.853750,-0.520140,-0.023766,-0.021411,-0.010536,0.999715,0,0.65955,1.00000,39.573,2.000,-1,400.000,-1,400.000,-1,325.000,325.000,325.000,300.000,675.000,-1,-1,-1,825.000,775.000,-1,-1,2,0,2,0,2,0,0,0,0,1,2,2,2,0,0,2,2
106,103.537,6598.346,2.654,-119.344,-0.490146,0.871640,-0.001281,-0.871337,-0.490013,-0.025686,-0.023017,-0.011474,0.999669,0,0.66699,1.00000,40.019,2.000,-1,400.000,-1,400.000,-1,325.000,325.000,325.000,300.000,700.000,-1,-1,-1,825.000,775.000,-1,-1,2,0,2,0,2,0,0,0,0,1,2,2,2,0,0,2,2
107,84.956,6562.412,1.892,-117.344,-0.459459,0.888199,-0.000215,-0.887857,-0.459289,-0.027619,-0.024630,-0.012499,0.999619,0,0.67423,1.00000,40.454,2.000,-1,400.000,-1,400.000,-1,325.000,325.000,300.000,325.000,750.000,-1,-1,-1,800.000,775.000,-1,-1,2,0,2,0,2,0,0,0,0,1,2,2,2,0,0,2,2
108,67.460,6525.471,1.121,-115.344,-0.428220,0.903674,0.001057,-0.903293,-0.428006,-0.029550,-0.026251,-0.013609,0.999563,0,0.68126,1.00000,40.875,2.000,-1,400.000,-1,400.000,-1,325.000,325.000,300.000,325.000,775.000,-1,-1,-1,800.000,750.000,-1,-1,2,0,2,0,2,0,0,0,0,1,2,2,2,0,0,2,2
109,50.444,6486.041,0.209,-113.344,-0.396461,0.918049,0.002376,-0.917635,-0.396202,-0.031131,-0.027639,-0.014522,0.999512,0,0.71575,1.00000,42.945,2.000,-1,400.000,-1,400.000,-1,325.000,325.000,300.000,325.000,825.000,-1,-1,-1,800.000,750.000,-1,-1,2,0,2,0,2,0,0,0,0,1,2,2,2,0,0,2,2
110,34.709,6445.773,-1.024,-111.344,-0.364192,0.931319,0.003132,-0.930899,-0.363922,-0.031415,-0.028118,-0.014357,0.999502,0,0.72055,1.00000,43.233,2.000,-1,400.000,-1,400.000,-1,325.000,325.000,300.000,325.000,850.000,-1,-1,-1,800.000,750.000,-1,-1,2,0,2,0,2,0,0,0,0,1,2,2,2,0,0,2,2
111,20.296,6404.719,-2.472,-109.344,-0.331462,0.943464,0.003042,-0.943016,-0.331202,-0.032036,-0.029217,-0.013488,0.999482,0,0.72518,1.00000,43.511,2.000,-1,400.000,-1,400.000,-1,325.000,325.000,300.000,325.000,900.000,-1,-1,-1,800.000,750.000,-1,-1,2,0,2,0,2,0,0,0,0,1,2,2,2,0,0,2,2
112,7.245,6362.929,-3.936,-107.344,-0.298330,0.954458,0.003031,-0.953980,-0.298077,-0.032739,-0.030345,-0.012659,0.999459,0,0.72967,1.00000,43.780,2.000,-1,400.000,-1,400.000,-1,325.000,325.000,300.000,325.000,950.000,-1,-1,-1,800.000,750.000,-1,-1,2,0,2,0,2,0,0,0,0,1,2,2,2,0,0,2,2
113,-4.408,6320.459,-5.412,-105.344,-0.264836,0.964288,0.003117,-0.963779,-0.264588,-0.033513,-0.031492,-0.011879,0.999433,0,0.73400,1.00000,44.040,2.000,975.000,400.000,-1,400.000,-1,325.000,325.000,300.000,325.000,1000.000,-1,-1,-1,800.000,725.000,-1,-1,1,0,2,0,2,0,0,0,0,1,2,2,2,0,0,2,2
114,-14.630,6277.364,-6.914,-103.344,-0.231022,0.972943,0.003360,-0.972402,-0.230775,-0.034323,-0.032619,-0.011197,0.999405,0,0.73818,1.00000,44.291,2.000,900.000,400.000,-1,400.000,-1,325.000,325.000,300.000,325.000,-1,-1,-1,-1,800.000,725.000,-1,-1,1,0,2,0,2,0,0,0,0,2,2,2,2,0,0,2,2
115,-23.389,6233.702,-8.451,-101.344,-0.196932,0.980410,0.003809,-0.979838,-0.196681,-0.035132,-0.033694,-0.010651,0.999375,0,0.74220,1.00000,44.532,2.000,825.000,400.000,-1,400.000,-1,325.000,325.000,300.000,325.000,-1,-1,-1,-1,800.000,725.000,-1,-1,1,0,2,0,2,0,0,0,0,2,2,2,2,0,0,2,2
116,-31.249,6185.931,-10.121,-99.344,-0.162606,0.986681,0.004373,-0.986075,-0.162346,-0.036062,-0.034871,-0.010176,0.999340,0,0.80689,1.00000,48.413,2.000,750.000,400.000,-1,400.000,-1,325.000,325.000,300.000,325.000,-1,-1,-1,-1,775.000,725.000,-1,-1,1,0,2,0,2,0,0,0,0,2,2,2,2,0,0,2,2
117,-37.488,6137.521,-11.805,-97.344,-0.128083,0.991751,0.005020,-0.991106,-0.127813,-0.037044,-0.036097,-0.009720,0.999301,0,0.81349,1.00000,48.809,2.000,700.000,400.000,-1,400.000,-1,325.000,325.000,300.000,325.000,-1,-1,-1,-1,775.000,725.000,-1,-1,1,0,2,0,2,0,0,0,0,2,2,2,2,0,0,2,2
118,-42.071,6088.529,-13.506,-95.344,-0.093408,0.995611,0.005752,-0.994926,-0.093124,-0.038074,-0.037371,-0.009279,0.999258,0,0.82010,1.00000,49.206,2.000,650.000,400.000,-1,400.000,-1,325.000,325.000,300.000,325.000,-1,-1,-1,-1,775.000,725.000,-1,-1,1,0,2,0,2,0,0,0,0,2,2,2,2,0,0,2,2
119,-45.027,6037.926,-15.263,-93.344,-0.058622,0.998259,0.006584,-0.997529,-0.058321,-0.039169,-0.038717,-0.008864,0.999211,0,0.84482,1.00000,50.689,2.000,600.000,400.000,-1,375.000,-1,325.000,325.000,300.000,325.000,-1,-1,-1,-1,775.000,725.000,925.000,-1,1,0,2,0,2,0,0,0,0,2,2,2,2,0,0,1,2
120,-46.225,5986.851,-17.041,-91.344,-0.023768,0.999689,0.007505,-0.998912,-0.023447,-0.040300,-0.040112,-0.008454,0.999159,0,0.85149,1.00000,51.089,2.000,550.000,400.000,-1,375.000,-1,325.000,325.000,300.000,300.000,-1,-1,-1,-1,775.000,725.000,800.000,-1,1,0,2,0,2,0,0,0,0,2,2,2,2,0,0,1,2
121,-45.635,5935.365,-18.842,-89.344,0.011113,0.999902,0.008513,-0.999074,0.011456,-0.041462,-0.041555,-0.008044,0.999104,0,0.85815,1.00000,51.489,2.000,500.000,400.000,-1,375.000,-1,325.000,325.000,300.000,300.000,-1,-1,-1,-1,775.000,725.000,675.000,-1,1,0,2,0,2,0,0,0,0,2,2,2,2,0,0,1,2
122,-43.230,5883.533,-20.854,-87.344,0.045996,0.998899,0.009251,-0.998044,0.046346,-0.041959,-0.042341,-0.007303,0.999077,0,0.86480,1.00000,51.888,2.000,450.000,400.000,-1,375.000,-1,325.000,325.000,300.000,300.000,-1,-1,-1,-1,750.000,725.000,600.000,-1,1,0,2,0,2,0,0,0,0,2,2,2,2,1,0,1,2
123,-38.986,5831.420,-22.990,-85.344,0.080836,0.996679,0.009861,-0.995827,0.081179,-0.041690,-0.042352,-0.006450,0.999082,0,0.87143,1.00000,52.286,2.000,400.000,400.000,-1,375.000,-1,325.000,325.000,300.000,300.000,-1,-1,-1,-1,700.000,725.000,525.000,-1,1,0,2,0,2,0,0,0,0,2,2,2,2,1,0,1,2
124,-32.879,5779.094,-25.156,-83.344,0.115576,0.993244,0.010456,-0.992395,0.115914,-0.041437,-0.042369,-0.005587,0.999086,0,0.87802,1.00000,52.681,2.000,350.000,400.000,-1,375.000,-1,325.000,325.000,300.000,300.000,-1,-1,-1,-1,650.000,725.000,450.000,-1,1,0,2,0,2,0,0,0,0,2,2,2,2,1,0,1,2
125,-24.891,5726.624,-27.350,-81.344,0.150176,0.988598,0.011034,-0.987750,0.150508,-0.041198,-0.042389,-0.004712,0.999090,0,0.88457,1.00000,53.074,2.000,325.000,400.000,-1,375.000,-1,325.000,325.000,300.000,300.000,-1,-1,-1,-1,575.000,700.000,400.000,-1,1,0,2,0,2,0,0,0,0,2,2,2,2,1,0,1,2
126,-15.004,5674.082,-29.575,-79.344,0.184594,0.982747,0.011592,-0.981899,0.184918,-0.040972,-0.042408,-0.003820,0.999093,0,0.89107,1.00000,53.464,2.000,275.000,400.000,-1,375.000,-1,325.000,325.000,300.000,300.000,-1,-1,-1,-1,525.000,700.000,350.000,-1,1,0,2,0,2,0,0,0,0,2,2,2,2,1,0,1,2
127,-3.206,5621.541,-31.615,-77.344,0.218831,0.975699,0.011119,-0.974870,0.219104,-0.040265,-0.041722,-0.002028,0.999127,0,0.89749,1.00000,53.849,2.000,250.000,400.000,-1,400.000,-1,325.000,325.000,300.000,300.000,-1,-1,-1,-1,475.000,700.000,275.000,-1,1,1,2,0,2,0,0,0,0,2,2,2,2,1,0,1,2
128,10.515,5569.076,-32.227,-75.344,0.253059,0.967444,0.003569,-0.966772,0.253018,-0.036526,-0.036240,0.005793,0.999326,0,0.90383,1.00000,54.230,2.000,225.000,375.000,-1,400.000,-1,325.000,325.000,325.000,300.000,-1,-1,-1,-1,450.000,725.000,250.000,-1,1,1,2,0,2,0,0,0,0,2,2,2,2,1,0,1,2
129,26.959,5513.264,-32.348,-73.584,0.282945,0.959107,-0.007468,-0.958712,0.282580,-0.031936,-0.028519,0.016196,0.999462,0,0.96975,0.88000,58.185,1.760,200.000,350.000,-1,400.000,-1,350.000,350.000,350.000,275.000,-1,-1,-1,-1,425.000,750.000,225.000,-1,1,1,2,0,2,0,0,0,0,2,2,2,2,1,0,1,2
130,44.988,5457.578,-31.859,-72.064,0.308425,0.950996,-0.021919,-0.951065,0.307831,-0.026726,-0.018669,0.029089,0.999402,0,0.97554,0.76000,58.533,1.520,175.000,325.000,-1,425.000,-1,375.000,350.000,375.000,275.000,-1,650.000,400.000,-1,400.000,800.000,200.000,-1,1,1,2,0,2,0,0,0,0,2,0,0,2,1,0,1,2
131,64.485,5402.064,-30.695,-70.656,0.331500,0.942599,-0.040171,-0.943433,0.330900,-0.020977,-0.006480,0.044852,0.998973,0,0.98065,0.70359,58.839,1.407,150.000,300.000,-1,450.000,-1,375.000,375.000,400.000,275.000,-1,375.000,225.000,-1,375.000,850.000,175.000,-1,1,1,2,0,2,1,0,0,0,2,0,0,2,1,0,1,2
132,85.443,5346.790,-28.779,-69.249,0.353804,0.933222,-0.062608,-0.935284,0.353585,-0.014912,0.008221,0.063832,0.997927,0,0.98523,0.70369,59.114,1.407,150.000,300.000,-1,475.000,-1,350.000,425.000,400.000,250.000,-1,300.000,150.000,900.000,350.000,925.000,150.000,-1,1,1,2,0,2,1,0,1,0,2,0,0,0,1,0,1,2
133,107.858,5291.819,-25.913,-67.841,0.375001,0.922737,-0.089056,-0.926664,0.375801,-0.008254,0.025851,0.085620,0.995992,0,0.98942,0.70423,59.365,1.408,125.000,275.000,-1,525.000,-1,325.000,450.000,400.000,250.000,-1,250.000,100.000,550.000,350.000,-1,150.000,-1,1,1,2,0,2,1,0,1,0,2,0,0,0,1,2,1,2
134,131.706,5237.265,-21.999,-66.424,0.394771,0.910952,-0.119674,-0.917586,0.397537,-0.000826,0.046822,0.110137,0.992813,0,0.99230,0.70844,59.538,1.417,125.000,275.000,-1,575.000,-1,325.000,450.000,425.000,250.000,-1,200.000,50.000,375.000,350.000,-1,125.000,-1,1,1,2,0,2,1,1,1,0,2,0,0,0,1,2,1,2
