timestep,x_cm,y_cm,z_cm,yaw_deg,basis_xx,basis_xy,basis_xz,basis_yx,basis_yy,basis_yz,basis_zx,basis_zy,basis_zz,teleport_flag,throttle_cmd,steering_cmd,cmd_move_cm,cmd_turn_deg,lidar_cm_0,lidar_cm_1,lidar_cm_2,lidar_cm_3,lidar_cm_4,lidar_cm_5,lidar_cm_6,lidar_cm_7,lidar_cm_8,lidar_cm_9,lidar_cm_10,lidar_cm_11,lidar_cm_12,lidar_cm_13,lidar_cm_14,lidar_cm_15,lidar_cm_16,lidar_class_0,lidar_class_1,lidar_class_2,lidar_class_3,lidar_class_4,lidar_class_5,lidar_class_6,lidar_class_7,lidar_class_8,lidar_class_9,lidar_class_10,lidar_class_11,lidar_class_12,lidar_class_13,lidar_class_14,lidar_class_15,lidar_class_16
0,4263.966,1635.045,443.277,-85.204,0.082610,0.996272,-0.024852,-0.995644,0.083588,0.041303,0.043227,0.021331,0.998838,1,0.08000,0.12000,4.800,0.240,-1,400.000,-1,400.000,-1,325.000,325.000,300.000,325.000,-1,-1,-1,-1,925.000,750.000,-1,-1,2,0,2,0,2,0,0,0,0,2,2,2,2,0,0,2,2
1,4264.812,1625.483,443.689,-84.942,0.087170,0.995886,-0.024729,-0.995257,0.088137,0.041167,0.043177,0.021024,0.998846,0,0.16000,0.13082,9.600,0.262,-1,400.000,-1,400.000,-1,325.000,325.000,300.000,300.000,-1,-1,-1,-1,925.000,750.000,-1,-1,2,0,2,0,2,0,0,0,0,2,2,2,2,0,0,2,2
2,4266.147,1611.145,444.308,-84.681,0.091734,0.995481,-0.024532,-0.994853,0.092685,0.040954,0.043043,0.020649,0.998860,0,0.24000,0.13082,14.400,0.262,-1,400.000,-1,400.000,-1,325.000,325.000,300.000,300.000,-1,-1,-1,-1,925.000,750.000,-1,-1,2,0,2,0,2,0,0,0,0,2,2,2,2,0,0,2,2
3,4268.014,1592.036,445.135,-84.419,0.096300,0.995057,-0.024259,-0.994431,0.097231,0.040664,0.042822,0.020208,0.998878,0,0.32000,0.13082,19.200,0.262,-1,400.000,-1,400.000,-1,325.000,325.000,300.000,300.000,-1,-1,-1,-1,925.000,750.000,-1,-1,2,0,2,0,2,0,0,0,0,2,2,2,2,0,0,2,2
4,4270.457,1568.161,446.169,-84.157,0.100869,0.994612,-0.023909,-0.993991,0.101775,0.040294,0.042510,0.019701,0.998902,0,0.40000,0.13082,24.000,0.262,-1,400.000,-1,400.000,-1,325.000,325.000,300.000,300.000,-1,-1,-1,-1,925.000,750.000,-1,-1,2,0,2,0,2,0,0,0,0,2,2,2,2,0,0,2,2
5,4273.519,1539.524,447.409,-83.896,0.105441,0.994148,-0.023481,-0.993534,0.106317,0.039840,0.042103,0.019128,0.998930,0,0.48000,0.13082,28.800,0.262,-1,400.000,-1,400.000,-1,325.000,325.000,300.000,300.000,-1,-1,-1,-1,925.000,750.000,-1,-1,2,0,2,0,2,0,0,0,0,2,2,2,2,0,0,2,2
6,4277.244,1506.131,448.856,-83.634,0.110015,0.993664,-0.022975,-0.993059,0.110857,0.039297,0.041595,0.018492,0.998963,0,0.56000,0.13082,33.600,0.262,-1,425.000,-1,400.000,-1,325.000,325.000,300.000,300.000,-1,-1,-1,-1,950.000,750.000,-1,-1,2,0,2,0,2,0,0,0,0,2,2,2,2,0,0,2,2
7,4281.676,1467.988,450.509,-83.373,0.114591,0.993160,-0.022392,-0.992567,0.115394,0.038659,0.040979,0.017796,0.999002,0,0.64000,0.13082,38.400,0.262,-1,425.000,-1,400.000,-1,325.000,325.000,300.000,300.000,-1,-1,-1,-1,950.000,750.000,-1,-1,2,0,2,0,2,0,0,0,0,2,2,2,2,0,0,2,2
8,4286.857,1425.100,452.365,-83.111,0.119169,0.992636,-0.021733,-0.992058,0.119930,0.037920,0.040247,0.017042,0.999044,0,0.72000,0.13082,43.200,0.262,-1,425.000,-1,400.000,-1,325.000,325.000,300.000,300.000,-1,-1,-1,-1,950.000,750.000,-1,-1,2,0,2,0,2,0,0,0,0,2,2,2,2,0,0,2,2
9,4292.395,1380.961,454.274,-82.849,0.123745,0.992091,-0.021053,-0.991529,0.124463,0.037134,0.039460,0.016280,0.999089,0,0.74142,0.13082,44.485,0.262,-1,425.000,-1,400.000,-1,325.000,325.000,300.000,300.000,-1,-1,-1,-1,975.000,750.000,-1,-1,2,0,2,0,2,0,0,0,0,2,2,2,2,0,0,2,2
10,4298.133,1336.847,456.168,-82.588,0.128316,0.991523,-0.020412,-0.990979,0.128994,0.036342,0.038667,0.015564,0.999131,0,0.74142,0.13082,44.485,0.262,-1,425.000,-1,400.000,-1,325.000,325.000,300.000,300.000,-1,-1,-1,-1,975.000,750.000,-1,-1,2,0,2,0,2,0,0,0,0,2,2,2,2,0,0,2,2
11,4304.074,1292.760,458.012,-82.326,0.132877,0.990932,-0.019938,-0.990411,0.133521,0.035463,0.037804,0.015035,0.999172,0,0.74142,0.13082,44.485,0.262,-1,425.000,-1,400.000,-1,325.000,325.000,300.000,300.000,-1,-1,-1,-1,1000.000,750.000,-1,-1,2,0,2,0,2,0,0,0,0,2,2,2,2,0,0,2,2
12,4310.215,1248.701,459.600,-82.064,0.137468,0.990333,-0.018539,-0.989812,0.138048,0.034857,0.037080,0.013559,0.999220,0,0.74142,0.13082,44.485,0.262,-1,425.000,-1,400.000,-1,325.000,325.000,300.000,300.000,-1,-1,-1,-1,1000.000,750.000,-1,-1,2,0,2,0,2,0,0,0,0,2,2,2,2,0,0,2,2
13,4316.557,1204.670,461.036,-81.803,0.142077,0.989717,-0.016570,-0.989199,0.142572,0.034027,0.036040,0.011556,0.999284,0,0.74142,0.13082,44.485,0.262,-1,425.000,-1,400.000,-1,325.000,325.000,300.000,300.000,-1,-1,-1,-1,1000.000,750.000,-1,-1,2,0,2,0,2,0,0,0,0,2,2,2,2,0,0,2,2
14,4323.100,1160.669,462.449,-81.541,0.146680,0.989076,-0.014597,-0.988566,0.147093,0.033165,0.034950,0.009565,0.999343,0,0.74142,0.13082,44.485,0.262,-1,425.000,-1,400.000,-1,325.000,325.000,300.000,300.000,-1,-1,-1,-1,1000.000,750.000,-1,-1,2,0,2,0,2,0,0,0,0,2,2,2,2,0,0,2,2
15,4329.845,1116.698,463.839,-81.279,0.151275,0.988411,-0.012620,-0.987913,0.151611,0.032271,0.033811,0.007586,0.999399,0,0.74142,0.13082,44.485,0.262,-1,425.000,-1,400.000,-1,325.000,325.000,300.000,300.000,-1,-1,-1,-1,1000.000,775.000,-1,-1,2,0,2,0,2,0,0,0,0,2,2,2,2,0,0,2,2
16,4336.790,1072.759,465.204,-81.018,0.155863,0.987721,-0.010639,-0.987240,0.156125,0.031343,0.032619,0.005618,0.999452,0,0.74142,0.13082,44.485,0.262,-1,425.000,-1,400.000,-1,325.000,325.000,300.000,300.000,-1,-1,-1,-1,1000.000,775.000,-1,-1,2,0,2,0,2,0,0,0,0,2,2,2,2,0,0,2,2
17,4343.935,1028.851,466.543,-80.756,0.160444,0.987007,-0.008655,-0.986546,0.160635,0.030380,0.031376,0.003664,0.999501,0,0.74142,0.13082,44.485,0.262,-1,425.000,-1,400.000,-1,325.000,325.000,300.000,300.000,-1,-1,-1,-1,975.000,775.000,-1,-1,2,0,2,0,2,0,0,0,0,2,2,2,2,0,0,2,2
18,4351.281,984.977,467.855,-80.495,0.165016,0.986268,-0.006666,-0.985832,0.165142,0.029381,0.030078,0.001724,0.999546,0,0.74142,0.13082,44.485,0.262,-1,425.000,-1,400.000,-1,325.000,325.000,300.000,300.000,-1,-1,-1,-1,975.000,775.000,-1,-1,2,0,2,0,2,0,0,0,0,2,2,2,2,0,0,2,2
19,4358.828,941.136,469.140,-80.233,0.169580,0.985505,-0.004674,-0.985098,0.169644,0.028343,0.028726,-0.000202,0.999587,0,0.74142,0.13082,44.485,0.262,-1,425.000,-1,400.000,-1,325.000,325.000,300.000,300.000,-1,-1,-1,-1,975.000,775.000,-1,-1,2,0,2,0,2,0,0,0,0,2,2,2,2,0,0,2,2
20,4366.575,897.331,470.395,-79.971,0.174134,0.984718,-0.002678,-0.984343,0.174142,0.027268,0.027317,-0.002112,0.999625,0,0.74142,0.13082,44.485,0.262,-1,425.000,-1,400.000,-1,325.000,325.000,300.000,300.000,-1,-1,-1,-1,975.000,775.000,-1,-1,2,0,2,0,2,0,0,0,0,2,2,2,2,0,0,2,2
21,4374.521,853.561,471.620,-79.710,0.178679,0.983907,-0.000678,-0.983568,0.178636,0.026152,0.025852,-0.004006,0.999658,0,0.74142,0.13082,44.485,0.262,-1,425.000,-1,400.000,-1,325.000,325.000,300.000,300.000,-1,-1,-1,-1,975.000,775.000,-1,-1,2,0,2,0,2,0,0,0,0,2,2,2,2,0,0,2,2
22,4382.668,809.828,472.814,-79.448,0.183215,0.983072,0.001327,-0.982772,0.183125,0.024995,0.024329,-0.005883,0.999687,0,0.74142,0.13082,44.485,0.262,-1,425.000,-1,400.000,-1,325.000,325.000,300.000,300.000,-1,-1,-1,-1,950.000,775.000,-1,-1,2,0,2,0,2,0,0,0,0,2,2,2,2,0,0,2,2
23,4391.014,766.133,473.976,-79.186,0.187740,0.982213,0.003336,-0.981955,0.187610,0.023795,0.022746,-0.007743,0.999711,0,0.74142,0.13082,44.485,0.262,-1,425.000,-1,400.000,-1,325.000,325.000,300.000,300.000,-1,-1,-1,-1,950.000,775.000,-1,-1,2,0,2,0,2,0,0,0,0,2,2,2,2,0,0,2,2
24,4399.560,722.477,475.105,-78.925,0.192255,0.981330,0.005349,-0.981118,0.192090,0.022552,0.021103,-0.009584,0.999731,0,0.74142,0.13082,44.485,0.262,-1,425.000,-1,400.000,-1,325.000,325.000,300.000,300.000,-1,-1,-1,-1,950.000,775.000,-1,-1,2,0,2,0,2,0,0,0,0,2,2,2,2,0,0,2,2
25,4408.305,678.859,476.120,-78.663,0.196752,0.980428,0.007095,-0.980263,0.196566,0.021133,0.019325,-0.011113,0.999751,0,0.74142,0.13082,44.485,0.262,-1,425.000,-1,400.000,-1,325.000,325.000,300.000,300.000,-1,-1,-1,-1,925.000,775.000,-1,-1,2,0,2,0,2,0,0,0,0,2,2,2,2,0,0,2,2
26,4418.416,630.623,477.087,-78.161,0.205333,0.978653,0.008713,-0.978545,0.205139,0.019182,0.016985,-0.012465,0.999778,0,0.82142,0.25082,49.285,0.502,-1,425.000,-1,400.000,-1,325.000,325.000,300.000,300.000,-1,-1,-1,-1,925.000,775.000,-1,-1,2,0,2,0,2,0,0,0,0,2,2,2,2,0,0,2,2
27,4430.115,578.202,477.911,-77.420,0.217996,0.975887,0.011092,-0.975837,0.217783,0.017708,0.014865,-0.014684,0.999782,0,0.89517,0.37082,53.710,0.742,-1,425.000,-1,400.000,-1,325.000,325.000,300.000,300.000,-1,-1,-1,-1,900.000,775.000,-1,-1,2,0,2,0,2,0,0,0,0,2,2,2,2,0,0,2,2
28,4442.710,525.990,478.540,-76.438,0.234688,0.971974,0.013700,-0.971988,0.234461,0.016365,0.012694,-0.017157,0.999772,0,0.89517,0.49082,53.710,0.982,-1,425.000,-1,400.000,-1,325.000,325.000,300.000,300.000,-1,-1,-1,-1,900.000,775.000,-1,-1,2,0,2,0,2,0,0,0,0,2,2,2,2,0,0,2,2
29,4456.416,474.058,479.081,-75.216,0.255350,0.966711,0.016303,-0.966793,0.255119,0.014995,0.010337,-0.019591,0.999755,0,0.89517,0.61082,53.710,1.222,-1,425.000,-1,400.000,-1,325.000,325.000,300.000,300.000,-1,-1,-1,-1,875.000,775.000,-1,-1,2,0,2,0,2,0,0,0,0,2,2,2,2,0,0,2,2
30,4471.442,422.492,479.529,-73.755,0.279903,0.959842,0.018919,-0.959997,0.279680,0.013614,0.007776,-0.021972,0.999728,0,0.89517,0.73082,53.710,1.462,-1,425.000,-1,400.000,-1,325.000,325.000,300.000,300.000,-1,-1,-1,-1,875.000,775.000,-1,-1,2,0,2,0,2,0,0,0,0,2,2,2,2,0,0,2,2
31,4487.873,371.357,479.878,-72.187,0.306023,0.951780,0.021551,-0.952011,0.305820,0.012229,0.005048,-0.024259,0.999693,0,0.89517,0.78389,53.710,1.568,-1,425.000,-1,400.000,-1,325.000,325.000,300.000,300.000,-1,-1,-1,-1,850.000,775.000,-1,-1,2,0,2,0,2,0,0,0,0,2,2,2,2,0,0,2,2
32,4505.697,320.691,480.123,-70.619,0.331898,0.943005,0.024194,-0.943313,0.331728,0.010853,0.002208,-0.026424,0.999648,0,0.89517,0.78389,53.710,1.568,-1,425.000,-1,400.000,-1,325.000,325.000,300.000,300.000,-1,-1,-1,-1,850.000,800.000,-1,-1,2,0,2,0,2,0,0,0,0,2,2,2,2,0,0,2,2
33,4524.901,270.531,480.255,-69.052,0.357509,0.933524,0.026836,-0.933909,0.357384,0.009492,-0.000729,-0.028456,0.999595,0,0.89517,0.78389,53.710,1.568,-1,425.000,-1,400.000,-1,325.000,325.000,300.000,300.000,-1,-1,-1,-1,825.000,800.000,-1,-1,2,0,2,0,2,0,0,0,0,2,2,2,2,0,0,2,2
34,4545.470,220.916,480.266,-67.484,0.382838,0.923346,0.029467,-0.923808,0.382769,0.008154,-0.003750,-0.030343,0.999533,0,0.89517,0.78389,53.710,1.568,-1,400.000,-1,400.000,-1,325.000,325.000,275.000,300.000,-1,-1,-1,-1,800.000,775.000,-1,-1,2,0,2,0,2,0,0,0,0,2,2,2,2,0,0,2,2
35,4567.388,171.881,480.342,-65.916,0.407891,0.912501,0.031084,-0.913009,0.407877,0.007101,-0.006199,-0.031277,0.999492,0,0.89517,0.78389,53.710,1.568,-1,400.000,-1,400.000,-1,325.000,325.000,275.000,300.000,-1,-1,-1,-1,800.000,800.000,-1,-1,2,0,2,0,2,0,0,0,0,2,2,2,2,0,0,2,2
36,4590.639,123.465,480.222,-64.348,0.432644,0.900988,0.032247,-0.901525,0.432683,0.006121,-0.008438,-0.031720,0.999461,0,0.89517,0.78389,53.710,1.568,-1,400.000,-1,400.000,-1,325.000,325.000,275.000,300.000,-1,-1,-1,-1,800.000,800.000,-1,-1,2,0,2,0,2,0,0,0,0,2,2,2,2,0,0,2,2
37,4615.207,75.703,479.868,-62.780,0.457086,0.888817,0.032810,-0.889362,0.457174,0.005208,-0.010371,-0.031560,0.999448,0,0.89517,0.78389,53.710,1.568,-1,400.000,-1,400.000,-1,325.000,325.000,275.000,300.000,-1,-1,-1,-1,800.000,800.000,-1,-1,2,0,2,0,2,0,0,0,0,2,2,2,2,0,0,2,2
38,4641.071,28.631,479.339,-61.213,0.481185,0.875991,0.033178,-0.876531,0.481329,0.004051,-0.012421,-0.031030,0.999441,0,0.89517,0.78389,53.710,1.568,-1,400.000,-1,400.000,-1,325.000,325.000,275.000,300.000,-1,-1,-1,-1,800.000,800.000,-1,-1,2,0,2,0,2,0,0,0,0,2,2,2,2,0,0,2,2
39,4668.214,-17.716,478.690,-59.645,0.504932,0.862512,0.033409,-0.863041,0.505126,0.002990,-0.014296,-0.030343,0.999437,0,0.89517,0.78389,53.710,1.568,-1,400.000,-1,400.000,-1,325.000,325.000,275.000,275.000,-1,-1,-1,-1,800.000,800.000,-1,-1,2,0,2,0,2,0,0,0,0,2,2,2,2,0,0,2,2
40,4696.614,-63.303,477.945,-58.077,0.528306,0.848388,0.033620,-0.848902,0.528546,0.002023,-0.016054,-0.029609,0.999433,0,0.89517,0.78389,53.710,1.568,-1,400.000,-1,400.000,-1,325.000,325.000,275.000,300.000,-1,-1,-1,-1,775.000,800.000,-1,-1,2,0,2,0,2,0,0,0,0,2,2,2,2,0,0,2,2
41,4726.252,-108.096,477.096,-56.509,0.551290,0.833628,0.033810,-0.834127,0.551572,0.001187,-0.017659,-0.028856,0.999428,0,0.89517,0.78389,53.710,1.568,-1,400.000,-1,400.000,-1,325.000,325.000,275.000,300.000,-1,-1,-1,-1,775.000,800.000,-1,-1,2,0,2,0,2,0,0,0,0,2,2,2,2,0,0,2,2
42,4757.103,-152.062,476.144,-54.942,0.573868,0.818244,0.033954,-0.818725,0.574186,0.000463,-0.019117,-0.028065,0.999423,0,0.89517,0.78389,53.710,1.568,-1,400.000,-1,400.000,-1,325.000,325.000,275.000,300.000,-1,-1,-1,-1,775.000,800.000,-1,-1,2,0,2,0,2,0,0,0,0,2,2,2,2,0,0,2,2
43,4786.118,-191.436,475.197,-53.614,0.592657,0.804735,0.034036,-0.805199,0.593004,-0.000126,-0.020284,-0.027331,0.999421,0,0.81517,0.66389,48.910,1.328,-1,400.000,-1,400.000,-1,325.000,325.000,275.000,300.000,-1,-1,-1,-1,775.000,800.000,-1,-1,2,0,2,0,2,0,0,0,0,2,2,2,2,0,0,2,2
44,4812.954,-226.443,474.277,-52.526,0.607816,0.793347,0.034066,-0.793795,0.608185,-0.000593,-0.021189,-0.026681,0.999419,0,0.73517,0.54389,44.110,1.088,-1,400.000,-1,400.000,-1,325.000,325.000,275.000,300.000,-1,-1,-1,-1,775.000,800.000,-1,-1,2,0,2,0,2,0,0,0,0,2,2,2,2,0,0,2,2
45,4839.882,-260.514,473.327,-51.678,0.619484,0.784274,0.033978,-0.784706,0.619867,-0.000973,-0.021825,-0.026059,0.999422,0,0.72378,0.42389,43.427,0.848,-1,400.000,-1,400.000,-1,325.000,325.000,275.000,300.000,-1,-1,-1,-1,775.000,800.000,-1,-1,2,0,2,0,2,0,0,0,0,2,2,2,2,0,0,2,2
46,4867.170,-294.296,472.322,-51.070,0.627767,0.777665,0.033856,-0.778083,0.628160,-0.001265,-0.022251,-0.025549,0.999426,0,0.72378,0.30389,43.427,0.608,-1,400.000,-1,400.000,-1,325.000,325.000,275.000,300.000,-1,-1,-1,-1,775.000,800.000,-1,-1,2,0,2,0,2,0,0,0,0,2,2,2,2,0,0,2,2
47,4894.674,-327.903,471.257,-50.703,0.632746,0.773623,0.033752,-0.774033,0.633144,-0.001455,-0.022495,-0.025204,0.999429,0,0.72378,0.18389,43.427,0.368,-1,400.000,-1,400.000,-1,325.000,325.000,275.000,300.000,-1,-1,-1,-1,775.000,825.000,-1,-1,2,0,2,0,2,0,0,0,0,2,2,2,2,0,0,2,2
48,4922.253,-361.449,470.269,-50.575,0.634471,0.772212,0.033694,-0.772618,0.634869,-0.001465,-0.022522,-0.025103,0.999431,0,0.72378,0.06389,43.427,0.128,-1,400.000,-1,400.000,-1,325.000,325.000,275.000,300.000,-1,-1,-1,-1,800.000,825.000,-1,-1,2,0,2,0,2,0,0,0,0,2,2,2,2,0,0,2,2
49,4949.767,-395.048,469.385,-50.687,0.632955,0.773462,0.033536,-0.773852,0.633363,-0.002058,-0.022832,-0.024649,0.999435,0,0.72378,-0.05611,43.427,-0.112,-1,400.000,-1,400.000,-1,325.000,325.000,275.000,300.000,-1,-1,-1,-1,800.000,825.000,-1,-1,2,0,2,0,2,0,0,0,0,2,2,2,2,0,0,2,2
50,4977.073,-428.816,468.436,-51.039,0.628184,0.777349,0.033370,-0.777722,0.628602,-0.002722,-0.023092,-0.024243,0.999439,0,0.72378,-0.17611,43.427,-0.352,-1,400.000,-1,400.000,-1,325.000,325.000,275.000,300.000,-1,-1,-1,-1,800.000,825.000,-1,-1,2,0,2,0,2,0,0,0,0,2,2,2,2,0,0,2,2
51,5004.029,-462.864,467.422,-51.632,0.620112,0.783811,0.033183,-0.784168,0.620539,-0.003434,-0.023283,-0.023892,0.999443,0,0.72378,-0.29611,43.427,-0.592,-1,400.000,-1,400.000,-1,325.000,325.000,275.000,300.000,-1,-1,-1,-1,800.000,825.000,-1,-1,2,0,2,0,2,0,0,0,0,2,2,2,2,0,0,2,2
52,5030.526,-497.270,466.374,-52.398,0.609556,0.792051,0.033115,-0.792395,0.609995,-0.004167,-0.023500,-0.023700,0.999443,0,0.72378,-0.38348,43.427,-0.767,-1,400.000,-1,400.000,-1,325.000,325.000,275.000,300.000,-1,-1,-1,-1,825.000,825.000,-1,-1,2,0,2,0,2,0,0,0,0,2,2,2,2,0,0,2,2
53,5056.561,-532.028,465.292,-53.165,0.598887,0.800147,0.033159,-0.800480,0.599339,-0.004889,-0.023786,-0.023615,0.999438,0,0.72378,-0.38348,43.427,-0.767,-1,400.000,-1,400.000,-1,325.000,325.000,275.000,300.000,-1,-1,-1,-1,825.000,825.000,-1,-1,2,0,2,0,2,0,0,0,0,2,2,2,2,0,0,2,2
54,5082.128,-567.131,464.177,-53.932,0.588106,0.808097,0.033316,-0.808424,0.588574,-0.005606,-0.024139,-0.023636,0.999429,0,0.72378,-0.38348,43.427,-0.767,-1,400.000,-1,400.000,-1,325.000,325.000,275.000,300.000,-1,-1,-1,-1,825.000,825.000,-1,-1,2,0,2,0,2,0,0,0,0,2,2,2,2,0,0,2,2
55,5104.581,-598.562,463.139,-54.459,0.580631,0.813477,0.033522,-0.813795,0.581118,-0.006304,-0.024608,-0.023620,0.999418,0,0.64378,-0.26348,38.627,-0.527,-1,400.000,-1,400.000,-1,325.000,325.000,275.000,300.000,-1,-1,-1,-1,825.000,825.000,-1,-1,2,0,2,0,2,0,0,0,0,2,2,2,2,0,0,2,2
56,5124.106,-626.185,462.201,-54.746,0.576530,0.816378,0.033760,-0.816689,0.577037,-0.006930,-0.025138,-0.023576,0.999406,0,0.56378,-0.14348,33.827,-0.287,-1,400.000,-1,400.000,-1,325.000,325.000,275.000,300.000,-1,-1,-1,-1,850.000,825.000,-1,-1,2,0,2,0,2,0,0,0,0,2,2,2,2,0,0,2,2
57,5140.841,-649.903,461.375,-54.793,0.575844,0.816852,0.034010,-0.817156,0.576368,-0.007457,-0.025694,-0.023498,0.999394,0,0.48378,-0.02348,29.027,-0.047,-1,400.000,-1,400.000,-1,325.000,325.000,275.000,300.000,-1,-1,-1,-1,850.000,825.000,-1,-1,2,0,2,0,2,0,0,0,0,2,2,2,2,0,0,2,2
58,5154.875,-669.651,460.670,-54.600,0.578577,0.814908,0.034251,-0.815205,0.579119,-0.007890,-0.026265,-0.023356,0.999382,0,0.40378,0.09652,24.227,0.193,-1,400.000,-1,400.000,-1,325.000,325.000,275.000,300.000,-1,-1,-1,-1,850.000,825.000,-1,-1,2,0,2,0,2,0,0,0,0,2,2,2,2,0,0,2,2
59,5166.248,-685.401,460.091,-54.167,0.584706,0.810513,0.034462,-0.810801,0.585264,-0.008230,-0.026840,-0.023130,0.999372,0,0.32378,0.21652,19.427,0.433,-1,400.000,-1,400.000,-1,325.000,325.000,275.000,300.000,-1,-1,-1,-1,850.000,825.000,-1,-1,2,0,2,0,2,0,0,0,0,2,2,2,2,0,0,2,2
60,5174.949,-697.158,459.677,-53.494,0.594184,0.803590,0.034462,-0.803866,0.594751,-0.008467,-0.027300,-0.022672,0.999370,0,0.24378,0.33652,14.627,0.673,-1,400.000,-1,400.000,-1,325.000,325.000,275.000,300.000,-1,-1,-1,-1,850.000,825.000,-1,-1,2,0,2,0,2,0,0,0,0,2,2,2,2,0,0,2,2
61,5180.920,-704.963,459.395,-52.581,0.606914,0.794021,0.034449,-0.794283,0.607487,-0.008608,-0.027762,-0.022138,0.999369,0,0.16378,0.45652,9.827,0.913,-1,400.000,-1,400.000,-1,325.000,325.000,275.000,300.000,-1,-1,-1,-1,850.000,825.000,-1,-1,2,0,2,0,2,0,0,0,0,2,2,2,2,0,0,2,2
62,5184.055,-708.893,459.249,-51.428,0.622772,0.781646,0.034423,-0.781895,0.623351,-0.008645,-0.028214,-0.021531,0.999370,0,0.08378,0.57652,5.027,1.153,-1,400.000,-1,400.000,-1,325.000,325.000,275.000,300.000,-1,-1,-1,-1,825.000,825.000,-1,-1,2,0,2,0,2,0,0,0,0,2,2,2,2,0,0,2,2
63,5184.200,-709.067,459.245,-50.035,0.641596,0.766272,0.034385,-0.766508,0.642178,-0.008566,-0.028645,-0.020861,0.999372,0,0.00378,0.69652,0.227,1.393,-1,400.000,-1,400.000,-1,325.000,325.000,275.000,300.000,-1,-1,-1,-1,825.000,825.000,-1,-1,2,0,2,0,2,0,0,0,0,2,2,2,2,0,0,2,2
64,5181.164,-705.647,459.386,-48.402,0.663181,0.747671,0.034345,-0.747895,0.663764,-0.008356,-0.029045,-0.020145,0.999375,0,-0.07622,0.81652,-4.573,1.633,-1,400.000,-1,400.000,-1,325.000,325.000,275.000,300.000,-1,-1,-1,-1,825.000,850.000,-1,-1,2,0,2,0,2,0,0,0,0,2,2,2,2,0,0,2,2
65,5174.715,-698.845,459.675,-46.529,0.687275,0.725587,0.034313,-0.725802,0.687857,-0.007995,-0.029403,-0.019410,0.999379,0,-0.15622,0.93652,-9.373,1.873,-1,400.000,-1,400.000,-1,325.000,325.000,275.000,300.000,-1,-1,-1,-1,825.000,850.000,-1,-1,2,0,2,0,2,0,0,0,0,2,2,2,2,0,0,2,2
66,5167.900,-692.141,459.970,-44.529,0.712190,0.701149,0.034280,-0.701356,0.712771,-0.007595,-0.029759,-0.018633,0.999383,0,-0.15933,1.00000,-9.560,2.000,-1,400.000,-1,425.000,-1,325.000,325.000,275.000,300.000,-1,-1,-1,-1,800.000,850.000,-1,-1,2,0,2,0,2,0,0,0,0,2,2,2,2,0,0,2,2
67,5160.854,-685.679,460.265,-42.529,0.736237,0.675856,0.034248,-0.676055,0.736817,-0.007170,-0.030080,-0.017875,0.999388,0,-0.15933,1.00000,-9.560,2.000,-1,400.000,-1,425.000,-1,325.000,325.000,275.000,300.000,-1,-1,-1,-1,800.000,850.000,-1,-1,2,0,2,0,2,0,0,0,0,2,2,2,2,0,0,2,2
68,5153.588,-679.466,460.558,-40.529,0.759387,0.649738,0.034216,-0.649930,0.759965,-0.006720,-0.030369,-0.017135,0.999392,0,-0.15933,1.00000,-9.560,2.000,-1,400.000,-1,425.000,-1,325.000,325.000,275.000,300.000,-1,-1,-1,-1,800.000,875.000,-1,-1,2,0,2,0,2,0,0,0,0,2,2,2,2,0,0,2,2
69,5146.109,-673.511,460.872,-38.529,0.781616,0.622829,0.034075,-0.623011,0.782188,-0.006269,-0.030557,-0.016329,0.999400,0,-0.15933,1.00000,-9.560,2.000,-1,400.000,-1,425.000,-1,325.000,325.000,275.000,300.000,-1,-1,-1,-1,775.000,875.000,-1,-1,2,0,2,0,2,0,0,0,0,2,2,2,2,0,0,2,2
70,5138.427,-667.821,461.188,-36.529,0.802892,0.595159,0.033914,-0.595333,0.803458,-0.005806,-0.030704,-0.015529,0.999408,0,-0.15933,1.00000,-9.560,2.000,-1,400.000,-1,425.000,-1,325.000,325.000,275.000,300.000,-1,-1,-1,-1,775.000,875.000,-1,-1,2,0,2,0,2,0,0,0,0,2,2,2,2,0,0,2,2
71,5130.551,-662.402,461.504,-34.529,0.823190,0.566763,0.033744,-0.566929,0.823749,-0.005329,-0.030817,-0.014743,0.999416,0,-0.15933,1.00000,-9.560,2.000,-1,400.000,-1,425.000,-1,325.000,325.000,275.000,300.000,-1,-1,-1,-1,775.000,875.000,-1,-1,2,0,2,0,2,0,0,0,0,2,2,2,2,0,0,2,2
72,5122.490,-657.262,461.818,-32.529,0.842484,0.537675,0.033565,-0.537835,0.843036,-0.004840,-0.030899,-0.013974,0.999425,0,-0.15933,1.00000,-9.560,2.000,-1,400.000,-1,425.000,-1,325.000,325.000,275.000,300.000,-1,-1,-1,-1,750.000,875.000,-1,-1,2,0,2,0,2,0,0,0,0,2,2,2,2,0,0,2,2
73,5114.255,-652.405,462.132,-30.529,0.860751,0.507931,0.033377,-0.508085,0.861296,-0.004341,-0.030952,-0.013222,0.999433,0,-0.15933,1.00000,-9.560,2.000,-1,400.000,-1,425.000,-1,325.000,325.000,275.000,300.000,-1,-1,-1,-1,750.000,875.000,-1,-1,2,0,2,0,2,0,0,0,0,2,2,2,2,0,0,2,2
74,5105.856,-647.840,462.443,-28.529,0.877968,0.477567,0.033179,-0.477715,0.878506,-0.003831,-0.030978,-0.012487,0.999442,0,-0.15933,1.00000,-9.560,2.000,-1,400.000,-1,425.000,-1,325.000,325.000,275.000,300.000,-1,-1,-1,-1,750.000,875.000,-1,-1,2,0,2,0,2,0,0,0,0,2,2,2,2,0,0,2,2
75,5097.302,-643.570,462.752,-26.529,0.894115,0.446621,0.032973,-0.446764,0.894646,-0.003312,-0.030978,-0.011770,0.999451,0,-0.15933,1.00000,-9.560,2.000,-1,400.000,-1,425.000,-1,325.000,325.000,275.000,300.000,-1,-1,-1,-1,725.000,875.000,-1,-1,2,0,2,0,2,0,0,0,0,2,2,2,2,0,0,2,2
76,5088.605,-639.601,463.139,-24.529,0.909168,0.415131,0.032858,-0.415258,0.909698,-0.003184,-0.031212,-0.010750,0.999455,0,-0.15933,1.00000,-9.560,2.000,-1,375.000,-1,425.000,-1,325.000,325.000,300.000,300.000,-1,-1,-1,-1,725.000,875.000,-1,-1,2,0,2,0,2,0,0,0,0,2,2,2,2,0,0,2,2
77,5079.774,-635.938,463.618,-22.529,0.923106,0.383135,0.032899,-0.383233,0.923645,-0.003522,-0.031737,-0.009357,0.999452,0,-0.15933,1.00000,-9.560,2.000,-1,375.000,-1,425.000,-1,325.000,325.000,300.000,300.000,-1,-1,-1,-1,725.000,875.000,-1,-1,2,0,2,0,2,0,0,0,0,2,2,2,2,0,0,2,2
78,5070.821,-632.586,464.093,-20.529,0.935917,0.350672,0.032994,-0.350741,0.936465,-0.003841,-0.032245,-0.007978,0.999448,0,-0.15933,1.00000,-9.560,2.000,-1,375.000,-1,425.000,-1,325.000,325.000,300.000,300.000,-1,-1,-1,-1,725.000,850.000,-1,-1,2,0,2,0,2,0,0,0,0,2,2,2,2,0,0,2,2
79,5061.757,-629.548,464.563,-18.529,0.947586,0.317779,0.033140,-0.317821,0.948142,-0.004132,-0.032734,-0.006617,0.999442,0,-0.15933,1.00000,-9.560,2.000,-1,375.000,-1,400.000,-1,325.000,325.000,300.000,300.000,-1,-1,-1,-1,700.000,850.000,-1,-1,2,0,2,0,2,0,0,0,0,2,2,2,2,0,0,2,2
80,5048.008,-625.405,465.216,-16.769,0.956893,0.288511,0.033440,-0.288532,0.957461,-0.004301,-0.033258,-0.005533,0.999431,0,-0.23933,0.88000,-14.360,1.760,-1,375.000,-1,400.000,-1,325.000,325.000,300.000,300.000,-1,-1,-1,-1,700.000,850.000,-1,-1,2,0,2,0,2,0,0,0,0,2,2,2,2,0,0,2,2
81,5029.522,-620.366,466.051,-15.249,0.964197,0.263013,0.033901,-0.263019,0.964781,-0.004340,-0.033848,-0.004732,0.999416,0,-0.31933,0.76000,-19.160,1.520,-1,375.000,-1,400.000,-1,325.000,325.000,300.000,300.000,-1,-1,-1,-1,700.000,825.000,-1,-1,2,0,2,0,2,0,0,0,0,2,2,2,2,0,0,2,2
82,5006.271,-614.582,467.062,-13.969,0.969812,0.241396,0.034525,-0.241395,0.970418,-0.004247,-0.034529,-0.004215,0.999395,0,-0.39933,0.64000,-23.960,1.280,-1,375.000,-1,400.000,-1,325.000,325.000,300.000,300.000,-1,-1,-1,-1,700.000,825.000,-1,-1,2,0,2,0,2,0,0,0,0,2,2,2,2,0,0,2,2
83,4981.307,-608.851,468.120,-12.929,0.974011,0.223743,0.035231,-0.223741,0.974640,-0.004061,-0.035246,-0.003927,0.999371,0,-0.42689,0.52000,-25.613,1.040,-1,375.000,-1,400.000,-1,325.000,325.000,300.000,300.000,-1,-1,-1,-1,675.000,825.000,-1,-1,2,0,2,0,2,0,0,0,0,2,2,2,2,0,0,2,2
84,4956.265,-603.469,469.162,-12.129,0.977015,0.210113,0.035964,-0.210114,0.977670,-0.003812,-0.035962,-0.003832,0.999346,0,-0.42689,0.40000,-25.613,0.800,-1,375.000,-1,400.000,-1,325.000,325.000,300.000,300.000,-1,-1,-1,-1,675.000,800.000,-1,-1,2,0,2,0,2,0,0,0,0,2,2,2,2,0,0,2,2
85,4931.172,-598.332,470.187,-11.569,0.978996,0.200548,0.036715,-0.200555,0.979676,-0.003512,-0.036673,-0.003925,0.999320,0,-0.42689,0.28000,-25.613,0.560,-1,375.000,-1,400.000,-1,325.000,325.000,300.000,300.000,-1,-1,-1,-1,675.000,800.000,-1,-1,2,0,2,0,2,0,0,0,0,2,2,2,2,0,0,2,2
86,4906.051,-593.336,471.198,-11.249,0.980073,0.195073,0.037474,-0.195092,0.980780,-0.003170,-0.037373,-0.004204,0.999293,0,-0.42689,0.16000,-25.613,0.320,-1,375.000,-1,400.000,-1,325.000,325.000,300.000,300.000,-1,-1,-1,-1,675.000,800.000,-1,-1,2,0,2,0,2,0,0,0,0,2,2,2,2,0,0,2,2
87,4880.903,-588.476,472.202,-10.937,0.981092,0.189724,0.038251,-0.189756,0.981827,-0.002813,-0.038089,-0.004498,0.999264,0,-0.42689,0.15616,-25.613,0.312,-1,375.000,-1,400.000,-1,325.000,325.000,300.000,300.000,-1,-1,-1,-1,675.000,800.000,-1,-1,2,0,2,0,2,0,0,0,0,2,2,2,2,0,0,2,2
88,4855.729,-583.754,473.198,-10.624,0.982081,0.184369,0.039044,-0.184415,0.982845,-0.002442,-0.038824,-0.004802,0.999235,0,-0.42689,0.15616,-25.613,0.312,-1,375.000,-1,400.000,-1,325.000,325.000,300.000,300.000,-1,-1,-1,-1,675.000,800.000,-1,-1,2,0,2,0,2,0,0,0,0,2,2,2,2,0,0,2,2
89,4830.529,-579.169,474.186,-10.312,0.983040,0.179008,0.039854,-0.179070,0.983834,-0.002055,-0.039577,-0.005116,0.999203,0,-0.42689,0.15616,-25.613,0.312,-1,375.000,-1,400.000,-1,325.000,325.000,300.000,300.000,-1,-1,-1,-1,675.000,775.000,-1,-1,2,0,2,0,2,0,0,0,0,2,2,2,2,0,0,2,2
90,4805.305,-574.721,475.168,-10.000,0.983968,0.173643,0.040679,-0.173720,0.984794,-0.001655,-0.040348,-0.005439,0.999171,0,-0.42689,0.15616,-25.613,0.312,-1,375.000,-1,400.000,-1,300.000,325.000,300.000,300.000,-1,-1,-1,-1,675.000,775.000,-1,-1,2,0,2,0,2,0,0,0,0,2,2,2,2,0,0,2,2
91,4780.057,-570.411,476.143,-9.688,0.984866,0.168272,0.041520,-0.168366,0.985724,-0.001240,-0.041136,-0.005769,0.999137,0,-0.42689,0.15616,-25.613,0.312,-1,375.000,-1,400.000,-1,300.000,325.000,325.000,300.000,-1,-1,-1,-1,675.000,775.000,-1,-1,2,0,2,0,2,0,0,0,0,2,2,2,2,0,0,2,2
92,4754.786,-566.238,477.112,-9.375,0.985733,0.162896,0.042375,-0.163009,0.986624,-0.000811,-0.041941,-0.006108,0.999101,0,-0.42689,0.15616,-25.613,0.312,-1,375.000,-1,400.000,-1,300.000,325.000,300.000,300.000,-1,-1,-1,-1,675.000,775.000,-1,-1,2,0,2,0,2,0,0,0,0,2,2,2,2,0,0,2,2
93,4729.492,-562.204,478.074,-9.063,0.986569,0.157515,0.043245,-0.157647,0.987495,-0.000369,-0.042762,-0.006454,0.999064,0,-0.42689,0.15616,-25.613,0.312,-1,375.000,-1,400.000,-1,300.000,325.000,300.000,300.000,-1,-1,-1,-1,675.000,775.000,-1,-1,2,0,2,0,2,0,0,0,0,2,2,2,2,0,0,2,2
94,4704.177,-558.307,479.030,-8.751,0.987375,0.152130,0.044128,-0.152282,0.988337,0.000087,-0.043600,-0.006806,0.999026,0,-0.42689,0.15616,-25.613,0.312,-1,375.000,-1,400.000,-1,300.000,325.000,300.000,300.000,-1,-1,-1,-1,675.000,775.000,-1,-1,2,0,2,0,2,0,0,0,0,2,2,2,2,0,0,2,2
95,4678.841,-554.548,479.981,-8.438,0.988150,0.146740,0.045024,-0.146914,0.989149,0.000557,-0.044453,-0.007165,0.998986,0,-0.42689,0.15616,-25.613,0.312,-1,375.000,-1,400.000,-1,300.000,325.000,300.000,300.000,-1,-1,-1,-1,675.000,750.000,-1,-1,2,0,2,0,2,0,0,0,0,2,2,2,2,0,0,2,2
96,4653.485,-550.928,480.927,-8.126,0.988894,0.141346,0.045932,-0.141543,0.989932,0.001040,-0.045322,-0.007529,0.998944,0,-0.42689,0.15616,-25.613,0.312,-1,375.000,-1,375.000,-1,300.000,300.000,300.000,300.000,-1,-1,-1,-1,650.000,750.000,-1,-1,2,0,2,0,2,0,0,0,0,2,2,2,2,0,0,2,2
97,4628.110,-547.446,481.883,-7.814,0.989610,0.135948,0.046803,-0.136168,0.990685,0.001542,-0.046158,-0.007899,0.998903,0,-0.42689,0.15616,-25.613,0.312,-1,375.000,-1,375.000,-1,300.000,300.000,300.000,300.000,-1,-1,-1,-1,650.000,750.000,-1,-1,2,0,2,0,2,0,0,0,0,2,2,2,2,0,0,2,2
98,4602.716,-544.102,482.837,-7.501,0.990314,0.130545,0.047278,-0.130789,0.991408,0.002095,-0.046598,-0.008258,0.998880,0,-0.42689,0.15616,-25.613,0.312,-1,375.000,-1,375.000,-1,300.000,300.000,300.000,300.000,-1,-1,-1,-1,650.000,750.000,-1,-1,2,0,2,0,2,0,0,0,0,2,2,2,2,0,0,2,2
99,4577.304,-540.896,483.694,-7.189,0.991005,0.125139,0.047432,-0.125391,0.992105,0.002350,-0.046764,-0.008276,0.998872,0,-0.42689,0.15616,-25.613,0.312,-1,375.000,-1,375.000,-1,300.000,300.000,300.000,300.000,-1,-1,-1,-1,650.000,750.000,-1,-1,2,0,2,0,2,0,0,0,0,2,2,2,2,0,0,2,2
100,4551.875,-537.830,484.652,-6.877,0.991683,0.119730,0.047213,-0.119969,0.992775,0.002244,-0.046603,-0.007889,0.998882,0,-0.42689,0.15616,-25.613,0.312,-1,375.000,-1,375.000,-1,300.000,300.000,300.000,300.000,-1,-1,-1,-1,650.000,750.000,-1,-1,2,0,2,0,2,0,0,0,0,2,2,2,2,0,0,2,2
101,4526.429,-534.902,485.637,-6.564,0.992363,0.114317,0.046348,-0.114537,0.993417,0.002103,-0.045803,-0.007396,0.998923,0,-0.42689,0.15616,-25.613,0.312,-1,375.000,-1,375.000,-1,300.000,325.000,300.000,300.000,-1,-1,-1,-1,675.000,750.000,-1,-1,2,0,2,0,2,0,0,0,0,2,2,2,2,0,0,2,2
102,4500.968,-532.112,486.610,-6.252,0.993012,0.108901,0.045465,-0.109104,0.994028,0.002009,-0.044975,-0.006955,0.998964,0,-0.42689,0.15616,-25.613,0.312,-1,375.000,-1,375.000,-1,300.000,325.000,300.000,300.000,-1,-1,-1,-1,675.000,750.000,-1,-1,2,0,2,0,2,0,0,0,0,2,2,2,2,0,0,2,2
103,4475.492,-529.462,487.582,-5.940,0.993631,0.103481,0.044593,-0.103669,0.994610,0.001913,-0.044154,-0.006524,0.999003,0,-0.42689,0.15616,-25.613,0.312,-1,375.000,-1,400.000,-1,325.000,325.000,300.000,300.000,-1,-1,-1,-1,675.000,750.000,-1,-1,2,0,2,0,2,0,0,0,0,2,2,2,2,0,0,2,2
104,4454.775,-527.460,488.376,-5.520,0.994394,0.096196,0.043897,-0.096369,0.995344,0.001825,-0.043517,-0.006045,0.999034,0,-0.34689,0.20977,-20.813,0.420,-1,375.000,-1,400.000,-1,325.000,325.000,300.000,300.000,-1,-1,-1,-1,675.000,750.000,-1,-1,2,0,2,0,2,0,0,0,0,2,2,2,2,0,0,2,2
105,4438.825,-526.036,488.989,-5.101,0.995095,0.088906,0.043372,-0.089065,0.996024,0.001746,-0.043044,-0.005600,0.999057,0,-0.26689,0.20977,-16.013,0.420,-1,375.000,-1,400.000,-1,325.000,325.000,300.000,300.000,-1,-1,-1,-1,700.000,750.000,-1,-1,2,0,2,0,2,0,0,0,0,2,2,2,2,0,0,2,2
106,4427.649,-525.121,489.421,-4.681,0.995736,0.081611,0.043015,-0.081758,0.996651,0.001678,-0.042734,-0.005187,0.999073,0,-0.18689,0.20977,-11.213,0.420,-1,375.000,-1,400.000,-1,325.000,325.000,300.000,300.000,-1,-1,-1,-1,700.000,750.000,-1,-1,2,0,2,0,2,0,0,0,0,2,2,2,2,0,0,2,2
107,4421.253,-524.644,489.672,-4.262,0.996315,0.074311,0.042823,-0.074448,0.997224,0.001624,-0.042583,-0.004806,0.999081,0,-0.10689,0.20977,-6.413,0.420,-1,375.000,-1,400.000,-1,325.000,325.000,300.000,300.000,-1,-1,-1,-1,700.000,750.000,-1,-1,2,0,2,0,2,0,0,0,0,2,2,2,2,0,0,2,2
108,4419.644,-524.536,489.742,-3.842,0.996834,0.067007,0.042794,-0.067136,0.997743,0.001587,-0.042591,-0.004455,0.999083,0,-0.02689,0.20977,-1.613,0.420,-1,375.000,-1,400.000,-1,325.000,325.000,300.000,300.000,-1,-1,-1,-1,700.000,750.000,-1,-1,2,0,2,0,2,0,0,0,0,2,2,2,2,0,0,2,2
109,4422.825,-524.727,489.632,-3.423,0.997293,0.059700,0.042926,-0.059822,0.998208,0.001573,-0.042755,-0.004137,0.999077,0,0.05311,0.20977,3.187,0.420,-1,375.000,-1,400.000,-1,325.000,325.000,300.000,300.000,-1,-1,-1,-1,700.000,750.000,-1,-1,2,0,2,0,2,0,0,0,0,2,2,2,2,0,0,2,2
110,4430.800,-525.145,489.340,-3.003,0.997691,0.052389,0.043217,-0.052507,0.998619,0.001588,-0.043074,-0.003854,0.999064,0,0.13311,0.20977,7.987,0.420,-1,375.000,-1,400.000,-1,325.000,325.000,300.000,300.000,-1,-1,-1,-1,700.000,750.000,-1,-1,2,0,2,0,2,0,0,0,0,2,2,2,2,0,0,2,2
111,4443.574,-525.721,488.867,-2.584,0.998029,0.045076,0.043667,-0.045190,0.998977,0.001637,-0.043548,-0.003607,0.999045,0,0.21311,0.20977,12.787,0.420,-1,375.000,-1,400.000,-1,325.000,325.000,300.000,300.000,-1,-1,-1,-1,675.000,750.000,-1,-1,2,0,2,0,2,0,0,0,0,2,2,2,2,0,0,2,2
112,4461.148,-526.385,488.213,-2.164,0.998306,0.037760,0.044272,-0.037873,0.999281,0.001726,-0.044175,-0.003399,0.999018,0,0.29311,0.20977,17.587,0.420,-1,375.000,-1,400.000,-1,325.000,325.000,300.000,300.000,-1,-1,-1,-1,675.000,750.000,-1,-1,2,0,2,0,2,0,0,0,0,2,2,2,2,0,0,2,2
113,4483.525,-527.067,487.377,-1.744,0.998522,0.030442,0.045032,-0.030557,0.999531,0.001861,-0.044954,-0.003234,0.998984,0,0.37311,0.20977,22.387,0.420,-1,375.000,-1,375.000,-1,325.000,325.000,300.000,300.000,-1,-1,-1,-1,675.000,750.000,-1,-1,2,0,2,0,2,0,0,0,0,2,2,2,2,0,0,2,2
114,4510.704,-527.696,486.360,-1.325,0.998676,0.023123,0.045943,-0.023241,0.999728,0.002047,-0.045883,-0.003112,0.998942,0,0.45311,0.20977,27.187,0.420,-1,375.000,-1,375.000,-1,300.000,325.000,300.000,300.000,-1,-1,-1,-1,675.000,725.000,-1,-1,2,0,2,0,2,0,0,0,0,2,2,2,2,0,0,2,2
115,4542.687,-528.201,485.161,-0.905,0.998770,0.015802,0.047003,-0.015927,0.999871,0.002290,-0.046961,-0.003036,0.998892,0,0.53311,0.20977,31.987,0.420,-1,375.000,-1,375.000,-1,300.000,300.000,300.000,300.000,-1,-1,-1,-1,650.000,725.000,-1,-1,2,0,2,0,2,0,0,0,0,2,2,2,2,0,0,2,2
116,4579.472,-528.513,483.781,-0.486,0.998801,0.008480,0.048209,-0.008615,0.999960,0.002593,-0.048185,-0.003005,0.998834,0,0.61311,0.20977,36.787,0.420,-1,375.000,-1,375.000,-1,300.000,300.000,300.000,300.000,-1,-1,-1,-1,650.000,725.000,-1,-1,2,0,2,0,2,0,0,0,0,2,2,2,2,0,0,2,2
117,4620.627,-528.561,482.153,-0.066,0.998876,0.001158,0.047391,-0.001258,0.999997,0.002084,-0.047389,-0.002142,0.998874,0,0.68591,0.20977,41.154,0.420,-1,375.000,-1,375.000,-1,300.000,300.000,300.000,300.000,-1,-1,-1,-1,650.000,725.000,-1,-1,2,0,2,0,2,0,0,0,0,2,2,2,2,0,0,2,2
118,4661.780,-528.307,480.642,0.353,0.998927,-0.006164,0.045898,0.006112,0.999981,0.001269,-0.045905,-0.000987,0.998945,0,0.68591,0.20977,41.154,0.420,-1,375.000,-1,375.000,-1,300.000,300.000,300.000,300.000,-1,-1,-1,-1,650.000,725.000,-1,-1,2,0,2,0,2,0,0,0,0,2,2,2,2,0,0,2,2
119,4702.930,-527.752,479.132,0.773,0.998923,-0.013486,0.044397,0.013479,0.999909,0.000443,-0.044399,0.000155,0.999014,0,0.68591,0.20977,41.154,0.420,-1,375.000,-1,375.000,-1,300.000,300.000,300.000,300.000,-1,-1,-1,-1,650.000,725.000,-1,-1,2,0,2,0,2,0,0,0,0,2,2,2,2,0,0,2,2
120,4744.076,-526.896,477.626,1.192,0.998863,-0.020807,0.042887,0.020843,0.999783,-0.000393,-0.042870,0.001286,0.999080,0,0.68591,0.20977,41.154,0.420,-1,375.000,-1,375.000,-1,300.000,300.000,300.000,300.000,-1,-1,-1,-1,650.000,725.000,-1,-1,2,0,2,0,2,0,0,0,0,2,2,2,2,0,0,2,2
121,4785.214,-525.739,476.123,1.612,0.998748,-0.028127,0.041367,0.028202,0.999601,-0.001241,-0.041316,0.002406,0.999143,0,0.68591,0.20977,41.154,0.420,-1,375.000,-1,375.000,-1,300.000,300.000,325.000,300.000,-1,-1,-1,-1,650.000,725.000,-1,-1,2,0,2,0,2,0,0,0,0,2,2,2,2,0,0,2,2
122,4826.342,-524.280,474.625,2.031,0.998577,-0.035445,0.039835,0.035557,0.999365,-0.002102,-0.039736,0.003515,0.999204,0,0.68591,0.20977,41.154,0.420,-1,375.000,-1,375.000,-1,300.000,300.000,325.000,300.000,-1,-1,-1,-1,650.000,725.000,-1,-1,2,0,2,0,2,0,0,0,0,2,2,2,2,0,0,2,2
123,4867.459,-522.520,473.133,2.451,0.998351,-0.042762,0.038292,0.042907,0.999075,-0.002975,-0.038129,0.004613,0.999262,0,0.68591,0.20977,41.154,0.420,-1,375.000,-1,400.000,-1,300.000,325.000,325.000,300.000,-1,-1,-1,-1,650.000,725.000,-1,-1,2,0,2,0,2,0,0,0,0,2,2,2,2,0,0,2,2
124,4908.561,-520.459,471.648,2.870,0.998070,-0.050076,0.036735,0.050251,0.998729,-0.003863,-0.036495,0.005702,0.999318,0,0.68591,0.20977,41.154,0.420,-1,375.000,-1,400.000,-1,300.000,325.000,325.000,300.000,-1,-1,-1,-1,650.000,750.000,-1,-1,2,0,2,0,2,0,0,0,0,2,2,2,2,0,0,2,2
125,4949.648,-518.098,470.170,3.290,0.997733,-0.057387,0.035165,0.057589,0.998329,-0.004766,-0.034832,0.006780,0.999370,0,0.68591,0.20977,41.154,0.420,-1,375.000,-1,400.000,-1,300.000,325.000,325.000,300.000,-1,-1,-1,-1,650.000,750.000,-1,-1,2,0,2,0,2,0,0,0,0,2,2,2,2,0,0,2,2
126,4990.716,-515.435,468.701,3.709,0.997340,-0.064695,0.033580,0.064921,0.997874,-0.005684,-0.033141,0.007849,0.999420,0,0.68591,0.20977,41.154,0.420,-1,375.000,-1,400.000,-1,300.000,325.000,325.000,300.000,-1,-1,-1,-1,650.000,750.000,-1,-1,2,0,2,0,2,0,0,0,0,2,2,2,2,0,0,2,2
127,5031.763,-512.472,467.241,4.129,0.996892,-0.071999,0.031979,0.072245,0.997365,-0.006619,-0.031418,0.008909,0.999467,0,0.68591,0.20977,41.154,0.420,-1,375.000,-1,400.000,-1,300.000,325.000,325.000,300.000,-1,-1,-1,-1,675.000,750.000,-1,-1,2,0,2,0,2,0,0,0,0,2,2,2,2,0,0,2,2
128,5076.547,-509.098,465.650,4.308,0.996717,-0.075123,0.030201,0.075385,0.997125,-0.007642,-0.029540,0.009894,0.999515,0,0.74852,0.08977,44.911,0.180,-1,375.000,-1,400.000,-1,300.000,325.000,300.000,300.000,-1,-1,500.000,-1,675.000,750.000,-1,-1,2,0,2,0,2,0,0,0,0,2,2,0,2,0,0,2,2
129,5121.335,-505.771,464.061,4.248,0.996849,-0.074070,0.028401,0.074342,0.997195,-0.008658,-0.027680,0.010742,0.999559,0,0.74852,-0.03023,44.911,-0.060,-1,375.000,-1,400.000,-1,300.000,325.000,300.000,300.000,-1,500.000,450.000,-1,675.000,750.000,-1,-1,2,0,2,0,2,0,0,0,0,2,0,0,2,0,0,2,2
130,5166.139,-502.679,462.468,3.948,0.997273,-0.068839,0.026587,0.069116,0.997562,-0.009653,-0.025857,0.011464,0.999600,0,0.74852,-0.15023,44.911,-0.300,-1,375.000,-1,400.000,-1,300.000,325.000,300.000,300.000,-1,475.000,425.000,-1,675.000,750.000,-1,-1,2,0,2,0,2,0,0,0,0,2,0,0,2,0,0,2,2
131,5210.970,-500.010,460.868,3.407,0.997925,-0.059426,0.024767,0.059703,0.998160,-0.010613,-0.024091,0.012070,0.999637,0,0.74852,-0.27023,44.911,-0.540,-1,375.000,-1,400.000,-1,300.000,325.000,300.000,300.000,-1,450.000,375.000,-1,675.000,775.000,-1,-1,2,0,2,0,2,0,0,0,0,2,0,0,2,0,0,2,2
132,5255.834,-497.952,459.458,2.627,0.998680,-0.045824,0.023202,0.046089,0.998877,-0.011024,-0.022671,0.012078,0.999670,0,0.74852,-0.39023,44.911,-0.780,-1,375.000,-1,400.000,-1,300.000,325.000,300.000,300.000,-1,425.000,375.000,-1,675.000,775.000,-1,-1,2,0,2,0,2,0,0,0,0,2,0,0,2,0,0,2,2
133,5300.727,-496.693,458.612,1.606,0.999354,-0.028026,0.022496,0.028315,0.999519,-0.012626,-0.022131,0.013254,0.999667,0,0.74852,-0.51023,44.911,-1.020,-1,375.000,-1,400.000,-1,300.000,325.000,300.000,300.000,-1,475.000,425.000,-1,675.000,775.000,-1,-1,2,0,2,0,2,0,0,0,0,2,0,0,2,0,0,2,2
134,5345.638,-496.422,457.768,0.346,0.999745,-0.006033,0.021762,0.006345,0.999878,-0.014304,-0.021673,0.014438,0.999661,0,0.74852,-0.63023,44.911,-1.260,-1,375.000,-1,400.000,-1,300.000,325.000,300.000,300.000,-1,525.000,450.000,-1,700.000,775.000,-1,-1,2,0,2,0,2,0,0,0,0,2,0,0,2,0,0,2,2
135,5390.540,-497.326,456.906,-1.155,0.999576,0.020151,0.021035,-0.019816,0.999676,-0.016001,-0.021351,0.015577,0.999651,0,0.74852,-0.75023,44.911,-1.500,-1,375.000,-1,400.000,-1,300.000,325.000,300.000,300.000,-1,575.000,475.000,-1,700.000,800.000,-1,-1,2,0,2,0,2,0,0,0,0,2,0,0,2,0,0,2,2
136,5435.393,-499.595,456.024,-2.895,0.998518,0.050503,0.020303,-0.050146,0.998585,-0.017721,-0.021170,0.016676,0.999637,0,0.74852,-0.87023,44.911,-1.740,-1,375.000,-1,400.000,-1,300.000,325.000,300.000,300.000,-1,625.000,525.000,-1,700.000,800.000,-1,-1,2,0,2,0,2,0,0,0,0,2,0,0,2,0,0,2,2
137,5480.142,-503.412,455.116,-4.876,0.996191,0.084981,0.019551,-0.084602,0.996225,-0.019467,-0.021131,0.017738,0.999619,0,0.74852,-0.99023,44.911,-1.980,-1,375.000,-1,400.000,-1,300.000,325.000,300.000,300.000,-1,675.000,575.000,-1,700.000,800.000,-1,-1,2,0,2,0,2,0,0,0,0,2,0,0,2,0,0,2,2
138,5524.730,-508.788,454.183,-6.876,0.992633,0.119695,0.018767,-0.119294,0.992632,-0.021210,-0.021167,0.018815,0.999599,0,0.74852,-1.00000,44.911,-2.000,-1,375.000,-1,400.000,-1,325.000,325.000,300.000,300.000,-1,750.000,625.000,-1,700.000,800.000,-1,-1,2,0,2,0,2,0,0,0,0,2,0,0,2,0,0,2,2
139,5569.103,-515.717,453.222,-8.876,0.987867,0.154261,0.017941,-0.153838,0.987829,-0.022952,-0.021263,0.019914,0.999576,0,0.74852,-1.00000,44.911,-2.000,-1,375.000,-1,400.000,-1,325.000,325.000,300.000,300.000,-1,825.000,675.000,-1,725.000,825.000,-1,-1,2,0,2,0,2,0,0,0,0,2,0,0,2,0,0,2,2
140,5613.208,-524.191,452.231,-10.876,0.981899,0.188638,0.017063,-0.188194,0.981821,-0.024693,-0.021411,0.021035,0.999549,0,0.74852,-1.00000,44.911,-2.000,-1,375.000,-1,400.000,-1,325.000,325.000,300.000,300.000,-1,925.000,725.000,-1,725.000,825.000,-1,-1,2,0,2,0,2,0,0,0,0,2,0,0,2,0,0,2,2
