timestep,x_cm,y_cm,z_cm,yaw_deg,basis_xx,basis_xy,basis_xz,basis_yx,basis_yy,basis_yz,basis_zx,basis_zy,basis_zz,teleport_flag,throttle_cmd,steering_cmd,cmd_move_cm,cmd_turn_deg,lidar_cm_0,lidar_cm_1,lidar_cm_2,lidar_cm_3,lidar_cm_4,lidar_cm_5,lidar_cm_6,lidar_cm_7,lidar_cm_8,lidar_cm_9,lidar_cm_10,lidar_cm_11,lidar_cm_12,lidar_cm_13,lidar_cm_14,lidar_cm_15,lidar_cm_16,lidar_class_0,lidar_class_1,lidar_class_2,lidar_class_3,lidar_class_4,lidar_class_5,lidar_class_6,lidar_class_7,lidar_class_8,lidar_class_9,lidar_class_10,lidar_class_11,lidar_class_12,lidar_class_13,lidar_class_14,lidar_class_15,lidar_class_16
0,5575.382,-4924.109,301.342,89.479,0.009094,-0.999959,-0.000344,0.999959,0.009094,0.000425,-0.000422,-0.000348,1.000000,1,-0.07696,0.12000,-4.618,0.240,-1,425.000,-1,400.000,-1,350.000,325.000,275.000,275.000,-1,-1,-1,-1,950.000,800.000,-1,-1,2,0,2,0,2,0,0,0,0,2,2,2,2,0,0,2,2
1,5575.378,-4928.737,301.335,89.959,0.000716,-1.000000,-0.000225,1.000000,0.000716,0.000121,-0.000121,-0.000225,1.000000,0,-0.07714,0.24000,-4.628,0.480,-1,425.000,-1,400.000,-1,350.000,325.000,275.000,275.000,-1,-1,-1,-1,950.000,800.000,-1,-1,2,0,2,0,2,0,0,0,0,2,2,2,2,0,0,2,2
2,5575.434,-4933.444,301.324,90.679,-0.011850,-0.999930,-0.000094,0.999930,-0.011850,-0.000196,0.000195,-0.000097,1.000000,0,-0.07845,0.36000,-4.707,0.720,-1,425.000,-1,400.000,-1,350.000,325.000,275.000,275.000,-1,-1,-1,-1,950.000,800.000,-1,-1,2,0,2,0,2,0,0,0,0,2,2,2,2,0,0,2,2
3,5575.563,-4938.294,301.312,91.525,-0.026619,-0.999646,0.000050,0.999645,-0.026620,-0.000527,0.000528,0.000036,1.000000,0,-0.08086,0.42321,-4.852,0.846,-1,425.000,-1,400.000,-1,350.000,350.000,275.000,275.000,-1,-1,-1,-1,950.000,800.000,-1,-1,2,0,2,0,2,0,0,0,0,2,2,2,2,0,0,2,2
4,5575.772,-4943.320,301.302,92.372,-0.041382,-0.999143,0.000207,0.999143,-0.041383,-0.000870,0.000878,0.000171,1.000000,0,-0.08384,0.42318,-5.031,0.846,-1,425.000,-1,400.000,-1,350.000,350.000,275.000,275.000,-1,-1,-1,-1,950.000,825.000,-1,-1,2,0,2,0,2,0,0,0,0,2,2,2,2,0,0,2,2
5,5576.064,-4948.519,301.293,93.218,-0.056134,-0.998423,0.000376,0.998422,-0.056135,-0.001226,0.001245,0.000307,0.999999,0,-0.08679,0.42313,-5.207,0.846,-1,425.000,-1,400.000,-1,350.000,350.000,275.000,275.000,-1,-1,-1,-1,950.000,825.000,-1,-1,2,0,2,0,2,0,0,0,0,2,2,2,2,0,0,2,2
6,5576.445,-4953.887,301.285,94.064,-0.070871,-0.997485,0.000558,0.997484,-0.070872,-0.001593,0.001629,0.000444,0.999999,0,-0.08970,0.42305,-5.382,0.846,-1,425.000,-1,400.000,-1,350.000,350.000,275.000,275.000,-1,-1,-1,-1,950.000,825.000,-1,-1,2,0,2,0,2,0,0,0,0,2,2,2,2,0,0,2,2
7,5576.921,-4959.421,301.278,94.910,-0.085588,-0.996330,0.000753,0.996329,-0.085590,-0.001972,0.002029,0.000581,0.999998,0,-0.09257,0.42294,-5.554,0.846,-1,425.000,-1,400.000,-1,350.000,350.000,275.000,275.000,-1,-1,-1,-1,950.000,825.000,-1,-1,2,0,2,0,2,0,0,0,0,2,2,2,2,0,0,2,2
8,5577.495,-4965.117,301.273,95.756,-0.100282,-0.994959,0.000960,0.994956,-0.100284,-0.002362,0.002446,0.000718,0.999997,0,-0.09541,0.42280,-5.724,0.846,-1,425.000,-1,425.000,-1,350.000,350.000,275.000,275.000,-1,-1,-1,-1,950.000,850.000,-1,-1,2,0,2,0,2,0,0,0,0,2,2,2,2,0,0,2,2
9,5578.172,-4970.970,301.268,96.601,-0.114949,-0.993371,0.001180,0.993367,-0.114952,-0.002763,0.002880,0.000855,0.999995,0,-0.09821,0.42264,-5.893,0.845,-1,425.000,-1,425.000,-1,350.000,350.000,275.000,275.000,-1,-1,-1,-1,975.000,850.000,-1,-1,2,0,2,0,2,0,0,0,0,2,2,2,2,0,0,2,2
10,5578.957,-4976.978,301.265,97.446,-0.129583,-0.991568,0.001413,0.991563,-0.129587,-0.003175,0.003331,0.000990,0.999994,0,-0.10098,0.42244,-6.059,0.845,-1,425.000,-1,425.000,-1,350.000,350.000,275.000,275.000,-1,-1,-1,-1,975.000,850.000,-1,-1,2,0,2,0,2,0,0,0,0,2,2,2,2,0,0,2,2
11,5579.855,-4983.136,301.262,98.290,-0.144181,-0.989550,0.001659,0.989544,-0.144186,-0.003597,0.003799,0.001123,0.999992,0,-0.10372,0.42222,-6.223,0.844,-1,425.000,-1,425.000,-1,350.000,350.000,275.000,275.000,-1,-1,-1,-1,975.000,850.000,-1,-1,2,0,2,0,2,0,0,0,0,2,2,2,2,0,0,2,2
12,5580.868,-4989.441,301.261,99.134,-0.158738,-0.987319,0.001918,0.987311,-0.158745,-0.004029,0.004282,0.001254,0.999990,0,-0.10643,0.42196,-6.386,0.844,-1,425.000,-1,425.000,-1,350.000,350.000,275.000,275.000,-1,-1,-1,-1,975.000,875.000,-1,-1,2,0,2,0,2,0,0,0,0,2,2,2,2,0,0,2,2
13,5582.002,-4995.888,301.261,99.977,-0.173251,-0.984875,0.002190,0.984866,-0.173260,-0.004471,0.004783,0.001382,0.999988,0,-0.10910,0.42167,-6.546,0.843,-1,425.000,-1,425.000,-1,350.000,350.000,275.000,275.000,-1,-1,-1,-1,975.000,875.000,-1,-1,2,0,2,0,2,0,0,0,0,2,2,2,2,0,0,2,2
14,5583.261,-5002.474,301.262,100.820,-0.187715,-0.982220,0.002475,0.982209,-0.187725,-0.004922,0.005299,0.001507,0.999985,0,-0.11175,0.42134,-6.705,0.843,-1,425.000,-1,425.000,-1,350.000,350.000,275.000,275.000,-1,-1,-1,-1,975.000,875.000,-1,-1,2,0,2,0,2,0,0,0,0,2,2,2,2,0,0,2,2
15,5584.648,-5009.194,301.263,101.662,-0.202126,-0.979356,0.002772,0.979342,-0.202138,-0.005382,0.005831,0.001627,0.999982,0,-0.11437,0.42098,-6.862,0.842,-1,425.000,-1,425.000,-1,350.000,350.000,275.000,275.000,-1,-1,-1,-1,975.000,900.000,-1,-1,2,0,2,0,2,0,0,0,0,2,2,2,2,0,0,2,2
16,5586.167,-5016.045,301.266,102.503,-0.216479,-0.976283,0.003083,0.976267,-0.216493,-0.005851,0.006380,0.001743,0.999978,0,-0.11695,0.42058,-7.017,0.841,-1,425.000,-1,425.000,-1,350.000,350.000,275.000,275.000,-1,-1,-1,-1,975.000,900.000,-1,-1,2,0,2,0,2,0,0,0,0,2,2,2,2,0,0,2,2
17,5586.670,-5018.204,301.267,103.104,-0.226709,-0.973957,0.003234,0.973940,-0.226725,-0.005999,0.006576,0.001790,0.999977,0,-0.03695,0.30058,-2.217,0.601,-1,425.000,-1,425.000,-1,350.000,350.000,275.000,275.000,-1,-1,-1,-1,975.000,900.000,-1,-1,2,0,2,0,2,0,0,0,0,2,2,2,2,0,0,2,2
18,5586.069,-5015.692,301.268,103.465,-0.232844,-0.972509,0.003220,0.972493,-0.232859,-0.005826,0.006415,0.001775,0.999978,0,0.04305,0.18058,2.583,0.361,-1,425.000,-1,425.000,-1,350.000,350.000,275.000,275.000,-1,-1,-1,-1,975.000,900.000,-1,-1,2,0,2,0,2,0,0,0,0,2,2,2,2,0,0,2,2
19,5584.334,-5008.516,301.267,103.587,-0.234902,-0.972014,0.003037,0.972001,-0.234915,-0.005332,0.005897,0.001699,0.999981,0,0.12305,0.06058,7.383,0.121,-1,425.000,-1,425.000,-1,350.000,350.000,275.000,275.000,-1,-1,-1,-1,975.000,900.000,-1,-1,2,0,2,0,2,0,0,0,0,2,2,2,2,0,0,2,2
20,5581.497,-4996.668,301.263,103.468,-0.232888,-0.972500,0.002687,0.972491,-0.232898,-0.004519,0.005020,0.001561,0.999986,0,0.20305,-0.05942,12.183,-0.119,-1,425.000,-1,425.000,-1,350.000,350.000,275.000,275.000,-1,-1,-1,-1,975.000,900.000,-1,-1,2,0,2,0,2,0,0,0,0,2,2,2,2,0,0,2,2
21,5577.645,-4980.128,301.254,103.109,-0.226797,-0.973940,0.002177,0.973935,-0.226803,-0.003383,0.003788,0.001353,0.999992,0,0.28305,-0.17942,16.983,-0.359,-1,425.000,-1,425.000,-1,350.000,350.000,275.000,275.000,-1,-1,-1,-1,975.000,900.000,-1,-1,2,0,2,0,2,0,0,0,0,2,2,2,2,0,0,2,2
22,5572.927,-4958.862,301.239,102.510,-0.216609,-0.976257,0.001518,0.976256,-0.216612,-0.001924,0.002207,0.001065,0.999997,0,0.36305,-0.29942,21.783,-0.599,-1,425.000,-1,425.000,-1,350.000,350.000,275.000,275.000,-1,-1,-1,-1,950.000,875.000,-1,-1,2,0,2,0,2,0,0,0,0,2,2,2,2,0,0,2,2
23,5567.549,-4932.829,301.217,101.671,-0.202296,-0.979324,0.000726,0.979324,-0.202296,-0.000141,0.000285,0.000682,1.000000,0,0.44305,-0.41942,26.583,-0.839,-1,425.000,-1,425.000,-1,350.000,350.000,275.000,275.000,-1,-1,-1,-1,950.000,875.000,-1,-1,2,0,2,0,2,0,0,0,0,2,2,2,2,0,0,2,2
24,5561.780,-4901.981,301.187,100.592,-0.183821,-0.982960,-0.000177,0.982958,-0.183821,0.001967,-0.001966,0.000187,0.999998,0,0.52305,-0.53942,31.383,-1.079,-1,425.000,-1,425.000,-1,350.000,350.000,275.000,275.000,-1,-1,-1,-1,925.000,850.000,-1,-1,2,0,2,0,2,0,0,0,0,2,2,2,2,0,0,2,2
25,5555.949,-4866.271,301.149,99.274,-0.161145,-0.986930,-0.001164,0.986920,-0.161148,0.004395,-0.004525,-0.000441,0.999990,0,0.60305,-0.65942,36.183,-1.319,-1,425.000,-1,425.000,-1,350.000,350.000,275.000,275.000,-1,-1,-1,-1,925.000,825.000,-1,-1,2,0,2,0,2,0,0,0,0,2,2,2,2,0,0,2,2
26,5550.448,-4825.658,301.107,97.715,-0.134228,-0.990948,-0.002201,0.990923,-0.134240,0.007139,-0.007369,-0.001223,0.999972,0,0.68305,-0.77942,40.983,-1.559,-1,425.000,-1,400.000,-1,350.000,350.000,275.000,275.000,-1,-1,-1,-1,900.000,825.000,-1,-1,2,0,2,0,2,0,0,0,0,2,2,2,2,0,0,2,2
27,5545.553,-4780.138,301.060,96.137,-0.106873,-0.994267,-0.003268,0.994217,-0.106902,0.010186,-0.010477,-0.002160,0.999943,0,0.76305,-0.78898,45.783,-1.578,-1,425.000,-1,400.000,-1,325.000,325.000,275.000,275.000,-1,-1,-1,-1,900.000,800.000,-1,-1,2,0,2,0,2,0,0,0,0,2,2,2,2,0,0,2,2
28,5541.692,-4731.792,301.014,94.566,-0.079561,-0.996821,-0.004298,0.996736,-0.079612,0.013388,-0.013688,-0.003219,0.999901,0,0.80832,-0.78524,48.499,-1.570,-1,425.000,-1,400.000,-1,325.000,325.000,275.000,275.000,-1,-1,-1,-1,875.000,775.000,-1,-1,2,0,2,0,2,0,0,0,0,2,2,2,2,0,0,2,2
29,5539.154,-4683.438,300.977,93.004,-0.052326,-0.998616,-0.005215,0.998489,-0.052405,0.016553,-0.016804,-0.004341,0.999849,0,0.80702,-0.78113,48.421,-1.562,-1,425.000,-1,400.000,-1,325.000,325.000,300.000,300.000,-1,-1,-1,-1,850.000,750.000,-1,-1,2,0,2,0,2,0,0,0,0,2,2,2,2,0,0,2,2
30,5537.931,-4635.103,300.954,91.450,-0.025195,-0.999664,-0.006020,0.999486,-0.025309,0.019673,-0.019818,-0.005522,0.999788,0,0.80584,-0.77688,48.350,-1.554,-1,425.000,-1,400.000,-1,325.000,325.000,300.000,300.000,-1,-1,-1,-1,825.000,750.000,-1,-1,2,0,2,0,2,0,0,0,0,2,2,2,2,0,0,2,2
31,5538.010,-4586.816,300.683,89.905,0.001804,-0.999975,-0.006841,0.999758,0.001653,0.021948,-0.021936,-0.006879,0.999736,0,0.80478,-0.77249,48.287,-1.545,-1,400.000,-1,400.000,-1,325.000,325.000,300.000,300.000,-1,-1,-1,-1,825.000,725.000,-1,-1,2,0,2,0,2,0,0,0,0,2,2,2,2,0,0,2,2
32,5539.382,-4538.604,299.528,88.369,0.028647,-0.999555,-0.008333,0.999345,0.028455,0.022344,-0.022097,-0.008967,0.999716,0,0.80385,-0.76796,48.231,-1.536,-1,400.000,-1,400.000,-1,325.000,325.000,300.000,300.000,-1,-1,-1,-1,800.000,725.000,-1,-1,2,0,2,0,2,0,0,0,0,2,2,2,2,0,0,2,2
33,5542.036,-4490.496,298.390,86.843,0.055308,-0.998421,-0.009861,0.998224,0.055073,0.022711,-0.022133,-0.011100,0.999693,0,0.80303,-0.76329,48.182,-1.527,-1,400.000,-1,375.000,-1,325.000,325.000,300.000,300.000,-1,-1,-1,-1,775.000,700.000,-1,-1,2,0,2,0,2,0,0,0,0,2,2,2,2,0,0,2,2
34,5545.958,-4442.516,297.275,85.326,0.081761,-0.996586,-0.011426,0.996408,0.081482,0.023057,-0.022047,-0.013270,0.999669,0,0.80232,-0.75849,48.139,-1.517,-1,400.000,-1,375.000,-1,325.000,325.000,300.000,300.000,-1,-1,-1,-1,775.000,700.000,-1,-1,2,0,2,0,2,0,0,0,0,2,2,2,2,0,0,2,2
35,5551.137,-4394.692,296.187,83.819,0.107986,-0.994067,-0.013027,0.993912,0.107662,0.023386,-0.021845,-0.015473,0.999642,0,0.80173,-0.75356,48.104,-1.507,-1,400.000,-1,375.000,-1,325.000,325.000,300.000,300.000,-1,-1,-1,-1,750.000,700.000,-1,-1,2,0,2,0,2,0,0,0,0,2,2,2,2,0,0,2,2
36,5557.560,-4347.048,295.133,82.322,0.133958,-0.990878,-0.014662,0.990753,0.133591,0.023707,-0.021532,-0.017702,0.999611,0,0.80125,-0.74851,48.075,-1.497,-1,400.000,-1,375.000,-1,325.000,325.000,300.000,300.000,-1,-1,-1,-1,750.000,675.000,-1,-1,2,0,2,0,2,0,0,0,0,2,2,2,2,0,0,2,2
37,5565.213,-4299.608,294.118,80.835,0.159659,-0.987037,-0.016328,0.986946,0.159247,0.024024,-0.021112,-0.019951,0.999578,0,0.80088,-0.74334,48.053,-1.487,-1,400.000,-1,375.000,-1,325.000,325.000,300.000,300.000,-1,-1,-1,-1,725.000,675.000,-1,-1,2,0,2,0,2,0,0,0,0,2,2,2,2,0,0,2,2
38,5574.083,-4252.398,293.146,79.359,0.185067,-0.982561,-0.018024,0.982510,0.184611,0.024343,-0.020591,-0.022214,0.999541,0,0.80061,-0.73805,48.036,-1.476,-1,400.000,-1,375.000,-1,325.000,325.000,300.000,300.000,-1,-1,-1,-1,725.000,675.000,-1,-1,2,0,2,0,2,0,0,0,0,2,2,2,2,0,0,2,2
39,5584.155,-4205.440,292.222,77.894,0.210164,-0.977467,-0.019747,0.977462,0.209665,0.024672,-0.019976,-0.024487,0.999501,0,0.80044,-0.73264,48.026,-1.465,-1,400.000,-1,375.000,-1,325.000,325.000,300.000,300.000,-1,-1,-1,-1,725.000,675.000,-1,-1,2,0,2,0,2,0,0,0,0,2,2,2,2,0,0,2,2
40,5594.473,-4163.463,291.445,76.188,0.239184,-0.970740,-0.021335,0.970785,0.238646,0.024977,-0.019155,-0.026686,0.999460,0,0.72044,-0.85264,43.226,-1.705,-1,400.000,-1,375.000,-1,325.000,325.000,300.000,300.000,-1,-1,-1,-1,700.000,650.000,-1,-1,2,0,2,0,2,0,0,0,0,2,2,2,2,0,0,2,2
41,5604.908,-4126.480,290.806,74.243,0.272015,-0.962023,-0.022776,0.962122,0.271445,0.025266,-0.018125,-0.028786,0.999421,0,0.64044,-0.97264,38.426,-1.945,-1,400.000,-1,375.000,-1,325.000,300.000,300.000,300.000,-1,-1,-1,-1,700.000,650.000,-1,-1,2,0,2,0,2,0,0,0,0,2,2,2,2,0,0,2,2
42,5615.173,-4094.421,290.293,72.243,0.305433,-0.951910,-0.024054,0.952062,0.304836,0.025545,-0.016984,-0.030704,0.999384,0,0.56105,-1.00000,33.663,-2.000,-1,375.000,-1,375.000,-1,325.000,300.000,300.000,300.000,-1,-1,-1,-1,700.000,650.000,-1,-1,2,0,2,0,2,0,0,0,0,2,2,2,2,0,0,2,2
43,5626.620,-4062.549,289.825,70.243,0.338473,-0.940635,-0.025348,0.940844,0.337851,0.025851,-0.015752,-0.032599,0.999344,0,0.56442,-1.00000,33.865,-2.000,-1,375.000,-1,375.000,-1,300.000,300.000,300.000,300.000,-1,-1,-1,-1,675.000,650.000,-1,-1,2,0,2,0,2,0,0,0,0,2,2,2,2,0,0,2,2
44,5639.245,-4030.913,289.362,68.243,0.371093,-0.928207,-0.026859,0.928486,0.370448,0.026126,-0.014301,-0.034633,0.999298,0,0.56769,-1.00000,34.062,-2.000,-1,375.000,-1,375.000,-1,300.000,300.000,300.000,300.000,-1,-1,-1,-1,675.000,650.000,-1,-1,2,0,2,0,2,0,0,0,0,2,2,2,2,0,0,2,2
45,5653.043,-3999.563,289.058,66.243,0.403237,-0.914663,-0.028147,0.915012,0.402594,0.025890,-0.012349,-0.036194,0.999268,0,0.57087,-1.00000,34.252,-2.000,-1,375.000,-1,375.000,-1,300.000,300.000,300.000,300.000,-1,675.000,-1,-1,650.000,650.000,-1,-1,2,0,2,0,2,0,0,0,0,2,0,2,2,0,0,2,2
46,5668.008,-3968.548,288.967,64.243,0.434861,-0.900027,-0.029118,0.900444,0.434256,0.024939,-0.009801,-0.037064,0.999265,0,0.57394,-1.00000,34.437,-2.000,-1,375.000,-1,375.000,-1,300.000,300.000,300.000,300.000,-1,625.000,-1,-1,650.000,650.000,-1,-1,2,0,2,0,2,0,0,0,0,2,0,2,2,0,0,2,2
47,5684.130,-3937.915,289.051,62.243,0.465937,-0.884312,-0.029936,0.884792,0.465396,0.023446,-0.006801,-0.037411,0.999277,0,0.57693,-1.00000,34.616,-2.000,-1,375.000,-1,375.000,-1,300.000,300.000,300.000,300.000,-1,575.000,725.000,-1,650.000,650.000,-1,-1,2,0,2,0,2,0,0,0,0,2,0,0,2,0,0,2,2
48,5701.397,-3907.712,289.243,60.243,0.496436,-0.867528,-0.030785,0.868066,0.495973,0.021727,-0.003580,-0.037510,0.999290,0,0.57984,-1.00000,34.790,-2.000,-1,375.000,-1,375.000,-1,300.000,300.000,325.000,300.000,-1,525.000,675.000,-1,675.000,675.000,-1,-1,2,0,2,0,2,0,0,0,0,2,0,0,2,0,0,2,2
49,5719.798,-3877.986,289.486,58.243,0.526328,-0.849687,-0.031796,0.850281,0.525945,0.020090,-0.000347,-0.037609,0.999292,0,0.58266,-1.00000,34.960,-2.000,-1,375.000,-1,375.000,-1,300.000,300.000,300.000,300.000,-1,500.000,600.000,-1,675.000,675.000,-1,-1,2,0,2,0,2,0,0,0,0,2,0,0,2,0,0,2,2
50,5739.316,-3848.783,289.751,56.243,0.555576,-0.830814,-0.032914,0.831461,0.555278,0.018419,0.002973,-0.037600,0.999288,0,0.58541,-1.00000,35.125,-2.000,-1,375.000,-1,375.000,-1,300.000,300.000,300.000,300.000,-1,450.000,550.000,-1,675.000,675.000,-1,-1,2,0,2,0,2,0,0,0,0,2,0,0,2,0,0,2,2
51,5759.935,-3820.149,290.034,54.243,0.584142,-0.810934,-0.034132,0.811626,0.583938,0.016694,0.006393,-0.037454,0.999278,0,0.58809,-1.00000,35.285,-2.000,-1,375.000,-1,375.000,-1,300.000,300.000,300.000,300.000,-1,425.000,500.000,-1,675.000,700.000,-1,-1,2,0,2,0,2,0,0,0,0,2,0,0,2,0,0,2,2
52,5781.637,-3792.128,290.371,52.243,0.611995,-0.790065,-0.035493,0.790801,0.611887,0.015089,0.009797,-0.037302,0.999256,0,0.59070,-1.00000,35.442,-2.000,-1,375.000,-1,375.000,-1,300.000,300.000,300.000,300.000,-1,400.000,475.000,-1,675.000,700.000,-1,-1,2,0,2,0,2,0,0,0,0,2,0,0,2,0,0,2,2
53,5804.402,-3764.764,290.764,50.243,0.639100,-0.768234,-0.036982,0.769010,0.639091,0.013616,0.013174,-0.037142,0.999223,0,0.59324,-1.00000,35.595,-2.000,-1,375.000,-1,375.000,-1,300.000,300.000,300.000,300.000,-1,375.000,450.000,-1,675.000,725.000,-1,-1,2,0,2,0,2,0,0,0,0,2,0,0,2,0,0,2,2
54,5828.206,-3738.100,291.213,48.243,0.665426,-0.745466,-0.038583,0.746281,0.665517,0.012288,0.016517,-0.036970,0.999180,0,0.59573,-1.00000,35.744,-2.000,-1,375.000,-1,375.000,-1,300.000,300.000,300.000,300.000,-1,375.000,400.000,-1,700.000,725.000,-1,-1,2,0,2,0,2,0,0,0,0,2,0,0,2,0,0,2,2
55,5853.029,-3712.177,291.688,46.243,0.690944,-0.721794,-0.040121,0.722640,0.691136,0.011100,0.019717,-0.036663,0.999133,0,0.59816,-1.00000,35.890,-2.000,-1,375.000,-1,375.000,-1,300.000,325.000,300.000,300.000,-1,375.000,400.000,-1,700.000,725.000,-1,-1,2,0,2,0,2,0,0,0,0,2,0,0,2,0,0,2,2
56,5878.843,-3687.037,292.213,44.243,0.715621,-0.697243,-0.041702,0.698116,0.715914,0.010060,0.022841,-0.036312,0.999079,0,0.60055,-1.00000,36.033,-2.000,-1,375.000,-1,400.000,-1,300.000,325.000,300.000,300.000,-1,350.000,375.000,-1,700.000,750.000,-1,-1,2,0,2,0,2,0,0,0,0,2,0,0,2,0,0,2,2
57,5908.469,-3659.906,292.864,42.483,0.736599,-0.674933,-0.043433,0.675834,0.736999,0.009060,0.025896,-0.036027,0.999015,0,0.66954,-0.88000,40.172,-1.760,-1,375.000,-1,400.000,-1,325.000,325.000,300.000,300.000,-1,350.000,375.000,-1,725.000,750.000,-1,-1,2,0,2,0,2,0,0,0,0,2,0,0,2,0,0,2,2
58,5938.855,-3633.527,293.584,40.963,0.754146,-0.655151,-0.045180,0.656079,0.754648,0.008207,0.028718,-0.035831,0.998945,0,0.67063,-0.76000,40.238,-1.520,-1,375.000,-1,400.000,-1,325.000,325.000,300.000,300.000,-1,350.000,375.000,-1,725.000,775.000,-1,-1,2,0,2,0,2,0,0,0,0,2,0,0,2,0,0,2,2
59,5969.836,-3607.822,294.430,39.683,0.768495,-0.638132,-0.046947,0.639089,0.769097,0.007486,0.031330,-0.035756,0.998869,0,0.67094,-0.64000,40.257,-1.280,-1,375.000,-1,400.000,-1,325.000,325.000,300.000,300.000,-1,350.000,375.000,-1,725.000,800.000,-1,-1,2,0,2,0,2,0,0,0,0,2,0,0,2,0,0,2,2
60,6001.259,-3582.699,295.608,38.643,0.779923,-0.624092,-0.047219,0.625017,0.780584,0.006537,0.032779,-0.034611,0.998863,0,0.67051,-0.52000,40.231,-1.040,-1,375.000,-1,400.000,-1,325.000,325.000,300.000,300.000,-1,375.000,400.000,-1,750.000,800.000,-1,-1,2,0,2,0,2,0,0,0,0,2,0,0,2,0,0,2,2
61,6032.974,-3558.061,296.961,37.843,0.788569,-0.613166,-0.046762,0.614030,0.789264,0.005461,0.033560,-0.033020,0.998891,0,0.66935,-0.40000,40.161,-0.800,-1,375.000,-1,400.000,-1,325.000,325.000,300.000,300.000,-1,425.000,425.000,-1,750.000,800.000,-1,-1,2,0,2,0,2,0,0,0,0,2,0,0,2,0,0,2,2
62,6064.839,-3533.802,298.323,37.283,0.794532,-0.605450,-0.046367,0.606259,0.795255,0.004433,0.034189,-0.031633,0.998915,0,0.66748,-0.28000,40.049,-0.560,-1,400.000,-1,400.000,-1,325.000,325.000,300.000,300.000,-1,450.000,450.000,-1,750.000,800.000,-1,-1,2,0,2,0,2,0,0,0,0,2,0,0,2,0,0,2,2
63,6096.718,-3509.812,299.691,36.963,0.797908,-0.601021,-0.046016,0.601782,0.798653,0.003460,0.034671,-0.030453,0.998935,0,0.66495,-0.16000,39.897,-0.320,-1,400.000,-1,400.000,-1,325.000,325.000,300.000,300.000,-1,500.000,500.000,-1,750.000,825.000,-1,-1,2,0,2,0,2,0,0,0,0,2,0,0,2,0,0,2,2
64,6128.479,-3485.980,301.056,36.883,0.798752,-0.599923,-0.045696,0.600641,0.799515,0.002547,0.035007,-0.029482,0.998952,0,0.66179,-0.04000,39.708,-0.080,-1,400.000,-1,400.000,-1,325.000,325.000,300.000,300.000,-1,525.000,525.000,-1,775.000,825.000,-1,-1,2,0,2,0,2,0,0,0,0,2,0,0,2,0,0,2,2
65,6159.994,-3462.195,302.370,37.043,0.797082,-0.602163,-0.045387,0.602853,0.797850,0.001936,0.035046,-0.028905,0.998968,0,0.65806,0.08000,39.484,0.160,-1,400.000,-1,400.000,-1,325.000,325.000,300.000,300.000,-1,575.000,550.000,-1,775.000,825.000,-1,-1,2,0,2,0,2,0,0,0,0,2,0,0,2,0,0,2,2
66,6190.174,-3439.484,303.621,36.963,0.797933,-0.601059,-0.045061,0.601722,0.798704,0.001462,0.035112,-0.028281,0.998983,0,0.62950,-0.04000,37.770,-0.080,-1,400.000,-1,400.000,-1,325.000,325.000,300.000,300.000,-1,600.000,600.000,-1,775.000,825.000,-1,-1,2,0,2,0,2,0,0,0,0,2,0,0,2,0,0,2,2
67,6220.326,-3417.056,304.874,36.643,0.801291,-0.596601,-0.044714,0.597236,0.802065,0.001051,0.035237,-0.027547,0.998999,0,0.62633,-0.16000,37.580,-0.320,-1,400.000,-1,400.000,-1,325.000,325.000,300.000,300.000,-1,650.000,625.000,-1,775.000,825.000,-1,-1,2,0,2,0,2,0,0,0,0,2,0,0,2,0,0,2,2
68,6250.586,-3395.004,306.132,36.083,0.807100,-0.588747,-0.044352,0.589352,0.807876,0.000699,0.035419,-0.026704,0.999016,0,0.62404,-0.28000,37.442,-0.560,-1,400.000,-1,400.000,-1,325.000,325.000,300.000,300.000,-1,675.000,675.000,-1,775.000,825.000,-1,-1,2,0,2,0,2,0,0,0,0,2,0,0,2,0,0,2,2
69,6281.080,-3373.427,307.402,35.283,0.815259,-0.577424,-0.043979,0.577998,0.816038,0.000402,0.035657,-0.025748,0.999032,0,0.62259,-0.40000,37.355,-0.800,-1,400.000,-1,400.000,-1,325.000,325.000,300.000,300.000,-1,725.000,700.000,-1,775.000,850.000,-1,-1,2,0,2,0,2,0,0,0,0,2,0,0,2,0,0,2,2
70,6311.927,-3352.430,308.691,34.243,0.825624,-0.562533,-0.043600,0.563074,0.826407,0.000139,0.035953,-0.024665,0.999049,0,0.62192,-0.52000,37.315,-1.040,-1,400.000,-1,400.000,-1,325.000,325.000,300.000,300.000,-1,775.000,750.000,-1,800.000,850.000,-1,-1,2,0,2,0,2,0,0,0,0,2,0,0,2,0,0,2,2
71,6343.238,-3332.125,310.005,32.963,0.838005,-0.543948,-0.043218,0.544453,0.838791,-0.000103,0.036307,-0.023444,0.999066,0,0.62198,-0.64000,37.319,-1.280,-1,400.000,-1,400.000,-1,325.000,325.000,300.000,300.000,-1,825.000,800.000,-1,800.000,850.000,-1,-1,2,0,2,0,2,0,0,0,0,2,0,0,2,0,0,2,2
72,6375.116,-3312.635,311.340,31.443,0.852161,-0.521523,-0.042832,0.521991,0.852951,-0.000291,0.036685,-0.022110,0.999082,0,0.62272,-0.76000,37.363,-1.520,-1,400.000,-1,400.000,-1,325.000,325.000,300.000,300.000,-1,875.000,825.000,-1,800.000,850.000,-1,-1,2,0,2,0,2,0,0,0,0,2,0,0,2,0,0,2,2
73,6410.054,-3292.667,312.773,29.749,0.867233,-0.496091,-0.042440,0.496517,0.868027,-0.000580,0.037127,-0.020569,0.999099,0,0.67069,-0.84719,40.241,-1.694,-1,400.000,-1,400.000,-1,325.000,325.000,300.000,300.000,-1,950.000,900.000,-1,825.000,850.000,-1,-1,2,0,2,0,2,0,0,0,0,2,0,0,2,0,0,2,2
74,6445.486,-3273.772,314.224,28.071,0.881407,-0.470481,-0.042062,0.470867,0.882204,-0.000834,0.037500,-0.019070,0.999115,0,0.66926,-0.83878,40.156,-1.678,-1,400.000,-1,400.000,-1,325.000,325.000,300.000,300.000,-1,1000.000,950.000,-1,825.000,850.000,-1,-1,2,0,2,0,2,0,0,0,0,2,0,0,2,0,0,2,2
75,6481.351,-3255.961,315.693,26.410,0.894697,-0.444724,-0.041693,0.445072,0.895494,-0.001046,0.037802,-0.017620,0.999130,0,0.66740,-0.83049,40.044,-1.661,-1,400.000,-1,400.000,-1,325.000,325.000,300.000,300.000,-1,-1,1000.000,-1,825.000,875.000,-1,-1,2,0,2,0,2,0,0,0,0,2,2,0,2,0,0,2,2
76,6517.591,-3239.247,317.076,24.759,0.907189,-0.418752,-0.040687,0.419049,0.907963,-0.001345,0.037506,-0.015829,0.999171,0,0.66514,-0.82550,39.909,-1.651,-1,400.000,-1,400.000,-1,325.000,325.000,300.000,300.000,-1,-1,-1,-1,825.000,875.000,-1,-1,2,0,2,0,2,0,0,0,0,2,2,2,2,0,0,2,2
77,6554.152,-3223.641,318.468,23.116,0.918880,-0.392552,-0.039538,0.392800,0.919623,-0.001602,0.036989,-0.014059,0.999217,0,0.66255,-0.82167,39.753,-1.643,-1,400.000,-1,400.000,-1,325.000,325.000,300.000,300.000,-1,-1,-1,-1,825.000,875.000,-1,-1,2,0,2,0,2,0,0,0,0,2,2,2,2,0,0,2,2
78,6590.983,-3209.148,319.865,21.479,0.929768,-0.366137,-0.038411,0.366338,0.930480,-0.001915,0.036442,-0.012291,0.999260,0,0.65967,-0.81825,39.580,-1.636,-1,400.000,-1,400.000,-1,325.000,325.000,300.000,300.000,-1,-1,-1,-1,850.000,875.000,-1,-1,2,0,2,0,2,0,0,0,0,2,2,2,2,0,0,2,2
79,6628.036,-3195.772,321.257,19.849,0.939857,-0.339520,-0.037344,0.339677,0.940539,-0.002266,0.035893,-0.010555,0.999300,0,0.65656,-0.81523,39.394,-1.630,-1,400.000,-1,400.000,-1,325.000,325.000,300.000,300.000,-1,-1,-1,-1,850.000,875.000,-1,-1,2,0,2,0,2,0,0,0,0,2,2,2,2,0,0,2,2
80,6665.267,-3183.515,322.573,18.224,0.949143,-0.312712,-0.036591,0.312836,0.949804,-0.002430,0.035514,-0.009141,0.999327,0,0.65328,-0.81263,39.197,-1.625,-1,400.000,-1,400.000,-1,325.000,325.000,300.000,300.000,-1,-1,-1,-1,850.000,875.000,-1,-1,2,0,2,0,2,0,0,0,0,2,2,2,2,0,0,2,2
81,6702.636,-3172.373,323.701,16.603,0.957655,-0.285723,-0.035498,0.285845,0.958274,-0.001710,0.034506,-0.008510,0.999368,0,0.64990,-0.81043,38.994,-1.621,-1,400.000,-1,400.000,-1,325.000,325.000,300.000,300.000,-1,-1,-1,-1,850.000,850.000,-1,-1,2,0,2,0,2,0,0,0,0,2,2,2,2,0,0,2,2
82,6740.105,-3162.343,324.830,14.985,0.965381,-0.258565,-0.034391,0.258683,0.965962,-0.001052,0.033492,-0.007881,0.999408,0,0.64648,-0.80864,38.789,-1.617,-1,400.000,-1,400.000,-1,325.000,325.000,300.000,300.000,-1,-1,-1,-1,850.000,850.000,-1,-1,2,0,2,0,2,0,0,0,0,2,2,2,2,0,0,2,2
83,6777.644,-3153.420,325.960,13.371,0.972326,-0.231248,-0.033272,0.231361,0.972868,-0.000456,0.032475,-0.007255,0.999446,0,0.64308,-0.80725,38.585,-1.615,-1,400.000,-1,400.000,-1,325.000,325.000,300.000,300.000,-1,-1,-1,-1,825.000,850.000,-1,-1,2,0,2,0,2,0,0,0,0,2,2,2,2,0,0,2,2
84,6815.223,-3145.598,327.092,11.758,0.978489,-0.203780,-0.032135,0.203888,0.978994,0.000070,0.031446,-0.006620,0.999484,0,0.63975,-0.80626,38.385,-1.613,-1,400.000,-1,400.000,-1,325.000,325.000,300.000,300.000,-1,-1,-1,-1,825.000,850.000,-1,-1,2,0,2,0,2,0,0,0,0,2,2,2,2,0,0,2,2
85,6852.820,-3138.869,328.228,10.147,0.983872,-0.176172,-0.030979,0.176273,0.984341,0.000521,0.030402,-0.005973,0.999520,0,0.63656,-0.80566,38.194,-1.611,-1,400.000,-1,400.000,-1,325.000,325.000,300.000,300.000,-1,-1,-1,-1,825.000,850.000,-1,-1,2,0,2,0,2,0,0,0,0,2,2,2,2,0,0,2,2
86,6890.412,-3133.227,329.361,8.536,0.988473,-0.148432,-0.029832,0.148525,0.988908,0.000921,0.029365,-0.005341,0.999554,0,0.63356,-0.80544,38.014,-1.611,-1,400.000,-1,400.000,-1,325.000,325.000,300.000,300.000,-1,-1,-1,-1,825.000,850.000,-1,-1,2,0,2,0,2,0,0,0,0,2,2,2,2,0,0,2,2
87,6927.984,-3128.664,330.491,6.925,0.992290,-0.120568,-0.028696,0.120654,0.992694,0.001269,0.028334,-0.004721,0.999587,0,0.63080,-0.80560,37.848,-1.611,-1,400.000,-1,400.000,-1,325.000,325.000,300.000,300.000,-1,-1,-1,-1,825.000,850.000,-1,-1,2,0,2,0,2,0,0,0,0,2,2,2,2,0,0,2,2
88,6965.521,-3125.173,331.619,5.313,0.995322,-0.092591,-0.027571,0.092669,0.995696,0.001566,0.027307,-0.004114,0.999619,0,0.62831,-0.80612,37.699,-1.612,-1,400.000,-1,400.000,-1,325.000,325.000,300.000,300.000,-1,-1,-1,-1,825.000,825.000,-1,-1,2,0,2,0,2,0,0,0,0,2,2,2,2,0,0,2,2
89,7003.011,-3122.749,332.745,3.699,0.997566,-0.064510,-0.026457,0.064580,0.997911,0.001812,0.026285,-0.003517,0.999648,0,0.62614,-0.80700,37.568,-1.614,-1,400.000,-1,400.000,-1,325.000,325.000,300.000,300.000,-1,-1,-1,-1,825.000,825.000,-1,-1,2,0,2,0,2,0,0,0,0,2,2,2,2,0,0,2,2
90,7040.444,-3121.388,333.870,2.082,0.999018,-0.036335,-0.025355,0.036397,0.999335,0.002008,0.025265,-0.002929,0.999677,0,0.62430,-0.80823,37.458,-1.616,-1,400.000,-1,400.000,-1,325.000,325.000,300.000,300.000,-1,-1,-1,-1,825.000,825.000,-1,-1,2,0,2,0,2,0,0,0,0,2,2,2,2,0,0,2,2
91,7077.813,-3121.087,334.994,0.463,0.999673,-0.008076,-0.024264,0.008130,0.999965,0.002152,0.024246,-0.002348,0.999703,0,0.62284,-0.80979,37.370,-1.620,-1,400.000,-1,400.000,-1,325.000,325.000,300.000,300.000,-1,-1,-1,-1,825.000,825.000,-1,-1,2,0,2,0,2,0,0,0,0,2,2,2,2,0,0,2,2
92,7115.111,-3121.842,336.118,-1.161,0.999526,0.020256,-0.023185,-0.020209,0.999793,0.002244,0.023226,-0.001775,0.999729,0,0.62176,-0.81168,37.306,-1.623,-1,400.000,-1,400.000,-1,325.000,325.000,300.000,300.000,-1,-1,-1,-1,825.000,825.000,-1,-1,2,0,2,0,2,0,0,0,0,2,2,2,2,0,0,2,2
93,7152.332,-3123.655,337.243,-2.788,0.998571,0.048648,-0.022119,-0.048609,0.998815,0.002285,0.022204,-0.001206,0.999753,0,0.62108,-0.81389,37.265,-1.628,-1,400.000,-1,400.000,-1,325.000,325.000,300.000,300.000,975.000,-1,-1,-1,825.000,825.000,-1,-1,2,0,2,0,2,0,0,0,0,1,2,2,2,0,0,2,2
94,7189.470,-3126.527,338.353,-4.421,0.996801,0.077089,-0.021114,-0.077056,0.997024,0.002344,0.021232,-0.000710,0.999774,0,0.62082,-0.81641,37.249,-1.633,-1,400.000,-1,400.000,-1,325.000,325.000,300.000,300.000,950.000,-1,-1,-1,825.000,825.000,-1,-1,2,0,2,0,2,0,0,0,0,1,2,2,2,0,0,2,2
95,7226.520,-3130.460,339.180,-6.060,0.994207,0.105565,-0.020212,-0.105515,0.994411,0.003530,0.020472,-0.001377,0.999789,0,0.62097,-0.81923,37.258,-1.638,-1,400.000,-1,400.000,-1,325.000,325.000,300.000,300.000,950.000,-1,-1,-1,825.000,825.000,-1,-1,2,0,2,0,2,0,0,0,0,1,2,2,2,0,0,2,2
96,7263.808,-3135.372,339.805,-7.505,0.991241,0.130618,-0.019482,-0.130561,0.991432,0.004140,0.019856,-0.001560,0.999802,0,0.62685,-0.72279,37.611,-1.446,-1,400.000,-1,400.000,-1,325.000,325.000,300.000,300.000,950.000,-1,-1,-1,825.000,825.000,-1,-1,2,0,2,0,2,0,0,0,0,1,2,2,2,0,0,2,2
97,7305.730,-3141.796,340.377,-8.711,0.988292,0.151448,-0.018494,-0.151395,0.988464,0.004249,0.018924,-0.001400,0.999820,0,0.70685,-0.60279,42.411,-1.206,-1,400.000,-1,400.000,-1,325.000,325.000,300.000,300.000,975.000,-1,-1,-1,800.000,825.000,-1,-1,2,0,2,0,2,0,0,0,0,1,2,2,2,0,0,2,2
98,7352.269,-3149.731,341.008,-9.676,0.985619,0.168084,-0.017388,-0.168034,0.985772,0.004300,0.017863,-0.001316,0.999840,0,0.78685,-0.48279,47.211,-0.966,-1,400.000,-1,400.000,-1,325.000,325.000,300.000,300.000,1000.000,-1,-1,-1,800.000,800.000,-1,-1,2,0,2,0,2,0,0,0,0,1,2,2,2,0,0,2,2
99,7403.425,-3159.122,341.698,-10.402,0.983432,0.180554,-0.016164,-0.180508,0.983564,0.004298,0.016674,-0.001309,0.999860,0,0.86685,-0.36279,52.011,-0.726,-1,400.000,-1,400.000,-1,325.000,325.000,300.000,300.000,-1,-1,-1,-1,800.000,800.000,-1,-1,2,0,2,0,2,0,0,0,0,2,2,2,2,0,0,2,2
100,7454.745,-3168.993,342.401,-10.888,0.981885,0.188883,-0.014982,-0.188841,0.981999,0.004215,0.015508,-0.001310,0.999879,0,0.87102,-0.24279,52.261,-0.486,-1,400.000,-1,400.000,-1,325.000,325.000,300.000,300.000,-1,-1,-1,-1,800.000,800.000,-1,-1,2,0,2,0,2,0,0,0,0,2,2,2,2,0,0,2,2
101,7505.961,-3179.176,343.104,-11.245,0.980704,0.195009,-0.013798,-0.194971,0.980800,0.004111,0.014335,-0.001341,0.999896,0,0.87031,-0.17883,52.219,-0.358,-1,400.000,-1,400.000,-1,325.000,325.000,300.000,300.000,-1,-1,-1,-1,775.000,800.000,-1,-1,2,0,2,0,2,0,0,0,0,2,2,2,2,0,0,2,2
102,7557.056,-3189.671,343.808,-11.607,0.979470,0.201195,-0.012612,-0.201160,0.979550,0.003995,0.013158,-0.001376,0.999912,0,0.86935,-0.18077,52.161,-0.362,-1,400.000,-1,400.000,-1,325.000,325.000,300.000,300.000,-1,-1,-1,-1,775.000,800.000,-1,-1,2,0,2,0,2,0,0,0,0,2,2,2,2,0,0,2,2
103,7608.018,-3200.477,344.513,-11.972,0.978183,0.207431,-0.011424,-0.207400,0.978249,0.003866,0.011977,-0.001412,0.999927,0,0.86826,-0.18253,52.096,-0.365,-1,400.000,-1,400.000,-1,325.000,325.000,300.000,300.000,-1,-1,-1,-1,775.000,800.000,-1,-1,2,0,2,0,2,0,0,0,0,2,2,2,2,0,0,2,2
104,7658.840,-3211.595,345.219,-12.340,0.976843,0.213713,-0.010233,-0.213686,0.976895,0.003725,0.010793,-0.001452,0.999941,0,0.86706,-0.18408,52.024,-0.368,-1,400.000,-1,400.000,-1,325.000,325.000,300.000,300.000,-1,-1,-1,-1,775.000,800.000,-1,-1,2,0,2,0,2,0,0,0,0,2,2,2,2,0,0,2,2
105,7709.512,-3223.025,345.926,-12.711,0.975451,0.220032,-0.009040,-0.220008,0.975491,0.003571,0.009605,-0.001494,0.999953,0,0.86576,-0.18545,51.946,-0.371,-1,400.000,-1,400.000,-1,325.000,325.000,300.000,300.000,-1,-1,-1,-1,750.000,775.000,-1,-1,2,0,2,0,2,0,0,0,0,2,2,2,2,0,0,2,2
106,7760.028,-3234.765,346.633,-13.084,0.974007,0.226382,-0.007845,-0.226361,0.974037,0.003405,0.008412,-0.001540,0.999963,0,0.86438,-0.18661,51.863,-0.373,-1,400.000,-1,400.000,-1,325.000,325.000,300.000,300.000,-1,-1,-1,-1,750.000,775.000,-1,-1,2,0,2,0,2,0,0,0,0,2,2,2,2,0,0,2,2
107,7810.382,-3246.816,347.281,-13.459,0.972512,0.232754,-0.006780,-0.232735,0.972534,0.003507,0.007410,-0.001833,0.999971,0,0.86292,-0.18758,51.775,-0.375,-1,400.000,-1,400.000,-1,325.000,325.000,300.000,300.000,-1,-1,-1,-1,750.000,775.000,-1,-1,2,0,2,0,2,0,0,0,0,2,2,2,2,0,0,2,2
108,7860.566,-3259.176,347.878,-13.836,0.970965,0.239143,-0.006185,-0.239122,0.970982,0.003931,0.006945,-0.002338,0.999973,0,0.86140,-0.18834,51.684,-0.377,-1,400.000,-1,400.000,-1,325.000,325.000,300.000,300.000,-1,-1,-1,-1,750.000,775.000,-1,-1,2,0,2,0,2,0,0,0,0,2,2,2,2,0,0,2,2
109,7910.577,-3271.844,348.480,-14.214,0.969370,0.245540,-0.005621,-0.245518,0.969382,0.004341,0.006515,-0.002828,0.999975,0,0.85984,-0.18891,51.591,-0.378,-1,400.000,-1,400.000,-1,325.000,325.000,300.000,300.000,-1,-1,-1,-1,750.000,775.000,-1,-1,2,0,2,0,2,0,0,0,0,2,2,2,2,0,0,2,2
110,7960.411,-3284.818,348.852,-14.592,0.967725,0.251940,-0.005809,-0.251919,0.967740,0.004150,0.006667,-0.002552,0.999975,0,0.85825,-0.18928,51.495,-0.379,-1,400.000,-1,400.000,-1,325.000,325.000,300.000,300.000,-1,-1,-1,-1,750.000,800.000,-1,-1,2,0,2,0,2,0,0,0,0,2,2,2,2,0,0,2,2
111,8010.065,-3298.096,349.182,-14.971,0.966037,0.258334,-0.005985,-0.258314,0.966053,0.003852,0.006777,-0.002175,0.999975,0,0.85665,-0.18944,51.399,-0.379,-1,400.000,-1,400.000,-1,325.000,325.000,300.000,300.000,-1,-1,-1,-1,750.000,800.000,-1,-1,2,0,2,0,2,0,0,0,0,2,2,2,2,0,0,2,2
112,8059.538,-3311.676,349.509,-15.350,0.964307,0.264716,-0.006115,-0.264698,0.964325,0.003524,0.006829,-0.001780,0.999975,0,0.85504,-0.18941,51.302,-0.379,-1,400.000,-1,400.000,-1,325.000,325.000,300.000,300.000,-1,-1,-1,-1,750.000,800.000,-1,-1,2,0,2,0,2,0,0,0,0,2,2,2,2,0,0,2,2
113,8108.827,-3325.557,349.824,-15.728,0.962537,0.271078,-0.006211,-0.271063,0.962556,0.003199,0.006846,-0.001396,0.999976,0,0.85345,-0.18918,51.207,-0.378,-1,400.000,-1,400.000,-1,325.000,325.000,300.000,300.000,-1,-1,-1,-1,775.000,800.000,-1,-1,2,0,2,0,2,0,0,0,0,2,2,2,2,0,0,2,2
114,8153.466,-3338.245,350.100,-15.867,0.961879,0.273402,-0.006268,-0.273389,0.961899,0.002894,0.006820,-0.001070,0.999976,0,0.77345,-0.06918,46.407,-0.138,-1,400.000,-1,400.000,-1,325.000,325.000,300.000,300.000,-1,-1,-1,-1,775.000,800.000,-1,-1,2,0,2,0,2,0,0,0,0,2,2,2,2,0,0,2,2
115,8193.508,-3349.550,350.341,-15.765,0.962363,0.271695,-0.006296,-0.271684,0.962383,0.002606,0.006767,-0.000797,0.999977,0,0.69345,0.05082,41.607,0.102,-1,400.000,-1,400.000,-1,325.000,325.000,300.000,300.000,-1,-1,-1,-1,775.000,825.000,-1,-1,2,0,2,0,2,0,0,0,0,2,2,2,2,0,0,2,2
116,8232.317,-3360.257,350.568,-15.424,0.963966,0.265952,-0.006304,-0.265943,0.963986,0.002310,0.006691,-0.000550,0.999977,0,0.67098,0.17082,40.259,0.342,-1,400.000,-1,400.000,-1,325.000,325.000,300.000,300.000,-1,-1,-1,-1,775.000,825.000,-1,-1,2,0,2,0,2,0,0,0,0,2,2,2,2,0,0,2,2
117,8271.128,-3370.541,350.792,-14.842,0.966616,0.256153,-0.006296,-0.256145,0.966636,0.001997,0.006597,-0.000317,0.999978,0,0.66917,0.29082,40.150,0.582,-1,400.000,-1,400.000,-1,325.000,325.000,300.000,300.000,-1,-1,-1,-1,775.000,825.000,-1,-1,2,0,2,0,2,0,0,0,0,2,2,2,2,0,0,2,2
118,8309.967,-3380.239,351.011,-14.020,0.970190,0.242265,-0.006273,-0.242260,0.970210,0.001665,0.006489,-0.000096,0.999979,0,0.66719,0.41082,40.032,0.822,-1,400.000,-1,400.000,-1,325.000,325.000,300.000,300.000,-1,-1,-1,-1,775.000,825.000,-1,-1,2,0,2,0,2,0,0,0,0,2,2,2,2,0,0,2,2
119,8348.856,-3389.188,351.229,-12.959,0.974512,0.224248,-0.006238,-0.224244,0.974532,0.001317,0.006374,0.000116,0.999980,0,0.66509,0.53082,39.905,1.062,-1,400.000,-1,400.000,-1,325.000,325.000,300.000,300.000,-1,-1,-1,-1,775.000,825.000,-1,-1,2,0,2,0,2,0,0,0,0,2,2,2,2,0,0,2,2
120,8387.787,-3397.331,351.445,-11.813,0.978800,0.204723,-0.006195,-0.204721,0.978820,0.000960,0.006260,0.000328,0.999980,0,0.66290,0.57268,39.774,1.145,-1,400.000,-1,400.000,-1,325.000,325.000,300.000,300.000,-1,-1,-1,-1,775.000,825.000,-1,-1,2,0,2,0,2,0,0,0,0,2,2,2,2,0,0,2,2
121,8426.754,-3404.668,351.658,-10.664,0.982709,0.185053,-0.006147,-0.185053,0.982728,0.000601,0.006152,0.000547,0.999981,0,0.66085,0.57452,39.651,1.149,-1,400.000,-1,400.000,-1,325.000,325.000,300.000,300.000,-1,-1,-1,-1,775.000,850.000,-1,-1,2,0,2,0,2,0,0,0,0,2,2,2,2,0,0,2,2
122,8465.753,-3411.202,351.871,-9.511,0.986235,0.165237,-0.006094,-0.165239,0.986254,0.000241,0.006050,0.000770,0.999981,0,0.65904,0.57660,39.543,1.153,-1,400.000,-1,400.000,-1,325.000,325.000,300.000,300.000,-1,-1,-1,-1,775.000,850.000,-1,-1,2,0,2,0,2,0,0,0,0,2,2,2,2,0,0,2,2
123,8504.784,-3416.933,352.111,-8.353,0.989374,0.145274,-0.005908,-0.145278,0.989391,-0.000250,0.005809,0.001106,0.999983,0,0.65750,0.57893,39.450,1.158,-1,400.000,-1,400.000,-1,325.000,325.000,300.000,300.000,-1,-1,-1,-1,775.000,850.000,-1,-1,2,0,2,0,2,0,0,0,0,2,2,2,2,0,0,2,2
124,8543.849,-3421.861,352.337,-7.190,0.992120,0.125163,-0.005621,-0.125169,0.992135,-0.000667,0.005494,0.001365,0.999984,0,0.65624,0.58149,39.374,1.163,-1,400.000,-1,400.000,-1,325.000,325.000,300.000,300.000,-1,-1,-1,-1,775.000,850.000,-1,-1,2,0,2,0,2,0,0,0,0,2,2,2,2,0,0,2,2
125,8582.949,-3425.986,352.485,-6.022,0.994468,0.104904,-0.005321,-0.104912,0.994481,-0.001357,0.005149,0.001908,0.999985,0,0.65528,0.58428,39.317,1.169,-1,400.000,-1,400.000,-1,325.000,325.000,300.000,300.000,-1,-1,-1,-1,775.000,850.000,-1,-1,2,0,2,0,2,0,0,0,0,2,2,2,2,0,0,2,2
126,8622.086,-3429.305,352.593,-4.847,0.996412,0.084496,-0.004943,-0.084507,0.996420,-0.002191,0.004740,0.002601,0.999985,0,0.65462,0.58729,39.277,1.175,-1,400.000,-1,400.000,-1,325.000,325.000,300.000,300.000,-1,-1,-1,-1,775.000,850.000,-1,-1,2,0,2,0,2,0,0,0,0,2,2,2,2,0,0,2,2
127,8661.263,-3431.815,352.700,-3.666,0.997943,0.063940,-0.004572,-0.063954,0.997948,-0.003012,0.004370,0.003298,0.999985,0,0.65429,0.59051,39.257,1.181,1000.000,400.000,-1,400.000,-1,325.000,325.000,300.000,300.000,-1,-1,-1,-1,775.000,875.000,-1,-1,1,0,2,0,2,0,0,0,0,2,2,2,2,0,0,2,2
128,8700.483,-3433.512,352.809,-2.478,0.999056,0.043238,-0.004209,-0.043254,0.999057,-0.003819,0.004040,0.003998,0.999984,0,0.65428,0.59395,39.257,1.188,975.000,400.000,-1,400.000,-1,325.000,325.000,300.000,300.000,-1,-1,-1,-1,800.000,875.000,-1,-1,1,0,2,0,2,0,0,0,0,2,2,2,2,0,0,2,2
129,8743.263,-3434.346,352.932,-1.117,0.999803,0.019488,-0.003826,-0.019506,0.999799,-0.004683,0.003734,0.004757,0.999982,0,0.71315,0.68073,42.789,1.361,925.000,400.000,-1,400.000,-1,325.000,325.000,300.000,300.000,-1,-1,-1,-1,800.000,875.000,-1,-1,1,0,2,0,2,0,0,0,0,2,2,2,2,0,0,2,2
130,8786.268,-3434.158,353.064,0.250,0.999984,-0.004364,-0.003458,0.004345,0.999975,-0.005531,0.003482,0.005516,0.999979,0,0.71675,0.68336,43.005,1.367,875.000,400.000,-1,400.000,-1,325.000,325.000,300.000,300.000,-1,-1,-1,-1,800.000,875.000,-1,-1,1,0,2,0,2,0,0,0,0,2,2,2,2,0,0,2,2
131,8829.477,-3432.935,353.205,1.622,0.999595,-0.028304,-0.003108,0.028283,0.999580,-0.006363,0.003287,0.006273,0.999975,0,0.72044,0.68595,43.226,1.372,850.000,375.000,-1,400.000,-1,325.000,325.000,300.000,300.000,-1,-1,-1,-1,800.000,875.000,-1,-1,1,0,2,0,2,0,0,0,0,2,2,2,2,0,0,2,2
132,8872.870,-3430.661,353.360,2.999,0.998627,-0.052316,-0.002779,0.052295,0.998606,-0.007178,0.003151,0.007022,0.999970,0,0.72421,0.68850,43.453,1.377,800.000,375.000,-1,400.000,-1,325.000,325.000,300.000,300.000,-1,-1,-1,-1,800.000,875.000,-1,-1,1,0,2,0,2,0,0,0,0,2,2,2,2,0,0,2,2
133,8916.426,-3427.324,353.530,4.381,0.997075,-0.076386,-0.002475,0.076364,0.997048,-0.007975,0.003077,0.007763,0.999965,0,0.72806,0.69102,43.684,1.382,775.000,400.000,-1,400.000,-1,325.000,325.000,300.000,300.000,-1,-1,-1,-1,800.000,900.000,1000.000,-1,1,0,2,0,2,0,0,0,0,2,2,2,2,0,0,1,2
134,8960.124,-3422.910,353.719,5.768,0.994935,-0.100497,-0.002199,0.100474,0.994901,-0.008755,0.003068,0.008489,0.999959,0,0.73200,0.69351,43.920,1.387,725.000,400.000,-1,400.000,-1,325.000,325.000,300.000,300.000,-1,-1,-1,-1,825.000,900.000,925.000,-1,1,0,2,0,2,0,0,0,0,2,2,2,2,0,0,1,2
135,9003.941,-3417.406,353.929,7.160,0.992201,-0.124634,-0.001956,0.124610,0.992160,-0.009518,0.003127,0.009200,0.999953,0,0.73602,0.69596,44.161,1.392,700.000,400.000,-1,425.000,-1,325.000,325.000,300.000,300.000,-1,-1,-1,-1,800.000,900.000,875.000,-1,1,0,2,0,2,0,0,0,0,2,2,2,2,1,0,1,2
136,9047.854,-3410.799,354.163,8.557,0.988869,-0.148780,-0.001750,0.148755,0.988821,-0.010261,0.003257,0.009887,0.999946,0,0.74012,0.69838,44.407,1.397,675.000,400.000,-1,425.000,-1,325.000,325.000,300.000,300.000,-1,-1,-1,-1,775.000,925.000,800.000,-1,1,0,2,0,2,0,0,0,0,2,2,2,2,1,0,1,2
137,9091.839,-3403.076,354.427,9.958,0.984934,-0.172921,-0.001592,0.172893,0.984879,-0.010981,0.003467,0.010540,0.999938,0,0.74430,0.70078,44.658,1.402,625.000,400.000,-1,425.000,-1,325.000,325.000,300.000,300.000,-1,-1,-1,-1,750.000,950.000,750.000,-1,1,0,2,0,2,0,0,0,0,2,2,2,2,1,0,1,2
138,9135.871,-3394.226,354.690,11.365,0.980395,-0.197038,-0.001534,0.197006,0.980331,-0.011811,0.003831,0.011277,0.999929,0,0.74855,0.70314,44.913,1.406,600.000,400.000,-1,425.000,-1,325.000,325.000,300.000,300.000,-1,-1,-1,-1,700.000,975.000,700.000,-1,1,0,2,0,2,0,0,0,0,2,2,2,2,1,0,1,2
