timestep,x_cm,y_cm,z_cm,yaw_deg,basis_xx,basis_xy,basis_xz,basis_yx,basis_yy,basis_yz,basis_zx,basis_zy,basis_zz,teleport_flag,throttle_cmd,steering_cmd,cmd_move_cm,cmd_turn_deg,lidar_cm_0,lidar_cm_1,lidar_cm_2,lidar_cm_3,lidar_cm_4,lidar_cm_5,lidar_cm_6,lidar_cm_7,lidar_cm_8,lidar_cm_9,lidar_cm_10,lidar_cm_11,lidar_cm_12,lidar_cm_13,lidar_cm_14,lidar_cm_15,lidar_cm_16,lidar_class_0,lidar_class_1,lidar_class_2,lidar_class_3,lidar_class_4,lidar_class_5,lidar_class_6,lidar_class_7,lidar_class_8,lidar_class_9,lidar_class_10,lidar_class_11,lidar_class_12,lidar_class_13,lidar_class_14,lidar_class_15,lidar_class_16
0,-5575.952,8850.313,-45.375,-96.320,-0.110201,0.993902,-0.003869,-0.993618,-0.110074,0.024627,0.024051,0.006558,0.999689,1,0.08000,-0.12000,4.800,-0.240,-1,400.000,-1,400.000,850.000,325.000,325.000,300.000,300.000,-1,-1,-1,-1,900.000,625.000,-1,775.000,2,0,2,1,1,0,0,0,0,2,2,2,2,0,1,2,1
1,-5577.088,8840.781,-45.139,-96.800,-0.118524,0.992944,-0.003861,-0.992667,-0.118396,0.024365,0.023736,0.006721,0.999696,0,0.16000,-0.24000,9.600,-0.480,-1,400.000,-1,400.000,850.000,325.000,325.000,300.000,300.000,-1,-1,-1,-1,900.000,625.000,-1,775.000,2,0,2,1,1,0,0,0,0,2,2,2,2,0,1,2,1
2,-5578.973,8826.505,-44.786,-97.520,-0.130993,0.991376,-0.003864,-0.991110,-0.130864,0.023975,0.023263,0.006970,0.999705,0,0.24000,-0.36000,14.400,-0.720,-1,400.000,-1,400.000,850.000,325.000,325.000,300.000,300.000,-1,-1,-1,-1,900.000,625.000,-1,750.000,2,0,2,1,1,0,0,0,0,2,2,2,2,0,1,2,1
3,-5581.804,8807.514,-44.319,-98.480,-0.147585,0.989042,-0.003892,-0.988790,-0.147455,0.023461,0.022630,0.007311,0.999717,0,0.32000,-0.48000,19.200,-0.960,-1,400.000,-1,400.000,850.000,325.000,325.000,300.000,300.000,-1,-1,-1,-1,900.000,600.000,-1,750.000,2,0,2,1,1,1,0,0,0,2,2,2,2,0,1,2,1
4,-5585.839,8783.856,-43.738,-99.680,-0.168267,0.985733,-0.003964,-0.985500,-0.168135,0.022826,0.021834,0.007748,0.999732,0,0.40000,-0.60000,24.000,-1.200,-1,400.000,-1,400.000,825.000,325.000,325.000,300.000,300.000,-1,-1,-1,-1,900.000,600.000,-1,725.000,2,0,2,1,1,1,1,0,0,2,2,2,2,0,1,2,1
5,-5591.393,8755.597,-43.046,-101.120,-0.192987,0.981193,-0.004105,-0.980979,-0.192853,0.022078,0.020871,0.008288,0.999748,0,0.48000,-0.72000,28.800,-1.440,-1,400.000,-1,375.000,825.000,325.000,325.000,300.000,300.000,-1,-1,-1,-1,900.000,575.000,-1,700.000,2,0,2,1,1,1,1,0,0,2,2,2,2,0,1,2,1
6,-5598.837,8722.832,-42.248,-102.800,-0.221673,0.975111,-0.004344,-0.974921,-0.221535,0.021225,0.019735,0.008940,0.999765,0,0.56000,-0.84000,33.600,-1.680,-1,400.000,-1,375.000,800.000,325.000,325.000,300.000,300.000,-1,-1,-1,-1,900.000,575.000,-1,650.000,2,0,2,1,1,1,1,0,0,2,2,2,2,0,1,2,1
7,-5608.594,8685.692,-41.345,-104.720,-0.254221,0.967135,-0.004711,-0.966971,-0.254079,0.020282,0.018418,0.009711,0.999783,0,0.64000,-0.96000,38.400,-1.920,-1,400.000,-1,375.000,800.000,325.000,300.000,300.000,300.000,-1,-1,-1,-1,875.000,550.000,-1,625.000,2,1,2,1,1,1,1,0,0,2,2,2,2,0,1,2,1
8,-5621.022,8644.318,-40.345,-106.720,-0.287820,0.957670,-0.005232,-0.957535,-0.287674,0.019256,0.016936,0.010552,0.999801,0,0.72000,-1.00000,43.200,-2.000,-1,400.000,-1,350.000,775.000,300.000,300.000,325.000,300.000,-1,-1,-1,-1,850.000,525.000,-1,600.000,2,1,2,1,1,1,1,0,0,2,2,2,2,1,1,2,1
9,-5636.427,8598.858,-39.383,-108.720,-0.321062,0.947044,-0.005280,-0.946928,-0.320920,0.018389,0.015721,0.010904,0.999817,0,0.80000,-1.00000,48.000,-2.000,-1,375.000,-1,350.000,750.000,300.000,300.000,325.000,300.000,-1,-1,-1,-1,750.000,500.000,-1,575.000,2,1,2,1,1,1,1,0,0,2,2,2,2,1,1,2,1
10,-5655.108,8549.473,-38.711,-110.720,-0.353888,0.935278,-0.004305,-0.935189,-0.353780,0.016165,0.013596,0.009746,0.999860,0,0.88000,-1.00000,52.800,-2.000,-1,375.000,925.000,325.000,725.000,300.000,275.000,300.000,300.000,-1,-1,-1,-1,650.000,475.000,-1,525.000,2,1,1,1,1,1,1,0,0,2,2,2,2,1,1,2,1
11,-5677.355,8496.342,-38.009,-112.720,-0.386286,0.922373,-0.003408,-0.922311,-0.386210,0.013607,0.011234,0.008400,0.999902,0,0.96000,-1.00000,57.600,-2.000,-1,350.000,800.000,300.000,675.000,275.000,250.000,300.000,300.000,-1,-1,-1,-1,575.000,425.000,-1,500.000,2,1,1,1,1,1,1,0,0,2,2,2,2,1,1,2,1
12,-5702.446,8441.840,-37.172,-114.720,-0.418235,0.908332,-0.003510,-0.908285,-0.418165,0.012533,0.009916,0.008430,0.999915,0,1.00000,-1.00000,60.000,-2.000,-1,325.000,675.000,275.000,650.000,250.000,250.000,300.000,300.000,-1,-1,-1,-1,500.000,400.000,-1,450.000,2,1,1,1,1,1,1,0,0,2,2,2,2,1,1,2,1
13,-5729.423,8388.247,-35.905,-116.720,-0.449716,0.893155,-0.005466,-0.893101,-0.449595,0.015307,0.011214,0.011766,0.999868,0,1.00000,-1.00000,60.000,-2.000,-1,300.000,600.000,275.000,600.000,250.000,225.000,325.000,300.000,-1,-1,-1,-1,450.000,375.000,-1,425.000,2,1,1,1,1,1,1,0,0,2,2,2,2,1,1,2,1
14,-5758.254,8335.628,-32.551,-118.720,-0.480624,0.876926,-0.000684,-0.876722,-0.480495,0.021973,0.018940,0.011160,0.999758,0,1.00000,-1.00000,60.000,-2.000,-1,275.000,575.000,250.000,625.000,225.000,225.000,325.000,325.000,-1,-1,-1,-1,425.000,350.000,850.000,425.000,2,1,1,1,1,1,1,0,0,2,2,2,2,1,1,1,1
15,-5788.689,8283.919,-28.011,-120.480,-0.507248,0.861770,0.007229,-0.861262,-0.507210,0.031074,0.030445,0.009537,0.999491,0,1.00000,-0.88000,60.000,-1.760,-1,275.000,550.000,250.000,700.000,225.000,225.000,350.000,350.000,-1,-1,-1,-1,400.000,375.000,775.000,450.000,2,1,1,1,1,1,1,0,0,2,2,2,2,1,1,1,1
16,-5820.484,8233.035,-22.727,-122.000,-0.529706,0.848021,0.016478,-0.847019,-0.529897,0.042055,0.044395,0.008320,0.998979,0,1.00000,-0.76000,60.000,-1.520,-1,275.000,-1,250.000,775.000,225.000,225.000,375.000,375.000,-1,300.000,275.000,-1,400.000,375.000,750.000,500.000,2,1,2,1,1,1,1,0,0,2,0,0,2,1,1,1,1
17,-5853.409,8182.873,-16.841,-123.280,-0.548121,0.835976,0.026594,-0.834220,-0.548710,0.054722,0.060339,0.007809,0.998147,0,1.00000,-0.64000,60.000,-1.280,-1,275.000,-1,250.000,-1,225.000,200.000,375.000,400.000,-1,200.000,200.000,-1,400.000,400.000,775.000,550.000,2,1,2,1,2,1,1,0,0,2,0,0,2,1,1,1,1
18,-7543.208,-4263.548,-132.445,-48.897,0.657689,0.752475,-0.035014,-0.753253,0.656487,-0.040439,-0.007443,0.052971,0.998568,1,0.00000,0.00000,60.000,-1.040,-1,375.000,-1,375.000,-1,300.000,300.000,325.000,300.000,-1,-1,550.000,-1,650.000,675.000,-1,-1,2,0,2,0,2,0,0,0,0,2,2,0,2,0,0,2,2
19,-7546.379,-4259.945,-132.412,-48.657,0.660839,0.749719,-0.034837,-0.750491,0.659633,-0.040588,-0.007450,0.052967,0.998568,0,-0.08000,0.12000,-4.800,0.240,-1,375.000,-1,375.000,-1,300.000,300.000,325.000,300.000,-1,-1,550.000,-1,650.000,675.000,-1,-1,2,0,2,0,2,0,0,0,0,2,2,0,2,0,0,2,2
20,-7552.780,-4252.791,-132.349,-48.177,0.667103,0.744167,-0.034481,-0.744928,0.665891,-0.040884,-0.007464,0.052959,0.998569,0,-0.16000,0.24000,-9.600,0.480,-1,375.000,-1,375.000,-1,300.000,300.000,325.000,300.000,-1,-1,550.000,-1,650.000,675.000,-1,-1,2,0,2,0,2,0,0,0,0,2,2,0,2,0,0,2,2
21,-7561.454,-4243.339,-132.267,-47.457,0.676410,0.735741,-0.033998,-0.736488,0.675190,-0.041272,-0.007411,0.052956,0.998569,0,-0.21381,0.36000,-12.829,0.720,-1,375.000,-1,375.000,-1,300.000,300.000,325.000,300.000,-1,-1,575.000,-1,650.000,675.000,-1,-1,2,0,2,0,2,0,0,0,0,2,2,0,2,0,0,2,2
22,-7570.286,-4234.033,-132.188,-46.497,0.688645,0.724325,-0.033495,-0.725064,0.687422,-0.041642,-0.007137,0.052962,0.998571,0,-0.21381,0.48000,-12.829,0.960,-1,375.000,-1,375.000,-1,300.000,300.000,325.000,300.000,-1,-1,-1,-1,650.000,675.000,-1,-1,2,0,2,0,2,0,0,0,0,2,2,2,2,0,0,2,2
23,-7579.310,-4224.914,-132.113,-45.297,0.703662,0.709769,-0.032971,-0.710504,0.702440,-0.041989,-0.006643,0.052972,0.998574,0,-0.21381,0.60000,-12.829,1.200,-1,375.000,-1,375.000,-1,300.000,300.000,325.000,300.000,-1,-1,-1,-1,650.000,675.000,-1,-1,2,0,2,0,2,0,0,0,0,2,2,2,2,0,0,2,2
24,-7588.561,-4216.025,-132.032,-43.857,0.721271,0.691890,-0.032513,-0.692629,0.720052,-0.042323,-0.005872,0.053045,0.998575,0,-0.21381,0.72000,-12.829,1.440,-1,375.000,-1,375.000,-1,300.000,300.000,325.000,300.000,-1,-1,-1,-1,650.000,675.000,-1,-1,2,0,2,0,2,0,0,0,0,2,2,2,2,0,0,2,2
25,-7598.068,-4207.411,-131.960,-42.177,0.741235,0.670480,-0.032054,-0.671228,0.740024,-0.042636,-0.004866,0.053119,0.998576,0,-0.21381,0.84000,-12.829,1.680,-1,375.000,-1,375.000,-1,300.000,300.000,325.000,300.000,-1,-1,-1,-1,650.000,650.000,-1,-1,2,0,2,0,2,0,0,0,0,2,2,2,2,0,0,2,2
26,-7607.859,-4199.121,-131.904,-40.257,0.763269,0.645308,-0.031585,-0.646070,0.762070,-0.042925,-0.003630,0.053169,0.998579,0,-0.21381,0.96000,-12.829,1.920,-1,375.000,-1,375.000,-1,300.000,300.000,325.000,300.000,-1,-1,-1,-1,650.000,650.000,-1,-1,2,0,2,0,2,0,0,0,0,2,2,2,2,0,0,2,2
27,-7614.135,-4194.114,-131.870,-38.577,0.781844,0.622689,-0.031271,-0.623469,0.780661,-0.043063,-0.002403,0.053165,0.998583,0,-0.13381,0.84000,-8.029,1.680,-1,375.000,-1,375.000,-1,300.000,300.000,325.000,300.000,-1,-1,-1,-1,675.000,650.000,-1,-1,2,0,2,0,2,0,0,0,0,2,2,2,2,0,0,2,2
28,-7616.710,-4192.164,-131.843,-37.137,0.797228,0.602876,-0.031113,-0.603677,0.796065,-0.043056,-0.001189,0.053107,0.998588,0,-0.05381,0.72000,-3.229,1.440,-1,375.000,-1,375.000,-1,300.000,300.000,325.000,300.000,-1,-1,-1,-1,675.000,650.000,-1,-1,2,0,2,0,2,0,0,0,0,2,2,2,2,0,0,2,2
29,-7615.438,-4193.086,-131.810,-35.937,0.809659,0.586076,-0.031112,-0.586901,0.808521,-0.042904,0.000010,0.052998,0.998595,0,0.02619,0.60000,1.571,1.200,-1,375.000,-1,375.000,-1,300.000,300.000,325.000,300.000,-1,-1,-1,-1,675.000,650.000,-1,-1,2,0,2,0,2,0,0,0,0,2,2,2,2,0,0,2,2
30,-7610.213,-4196.731,-131.760,-34.907,0.820047,0.571441,-0.031267,-0.572295,0.818941,-0.042605,0.001260,0.052832,0.998603,0,0.10619,0.51538,6.371,1.031,-1,375.000,-1,375.000,-1,300.000,300.000,325.000,300.000,-1,-1,-1,-1,675.000,650.000,-1,-1,2,0,2,0,2,0,0,0,0,2,2,2,2,0,0,2,2
31,-7600.938,-4202.958,-131.677,-33.876,0.830164,0.556624,-0.031575,-0.557512,0.829098,-0.042144,0.002720,0.052589,0.998613,0,0.18619,0.51538,11.171,1.031,-1,375.000,-1,375.000,-1,300.000,300.000,325.000,325.000,-1,-1,-1,-1,675.000,650.000,-1,-1,2,0,2,0,2,0,0,0,0,2,2,2,2,0,0,2,2
32,-7587.521,-4211.620,-131.549,-32.845,0.840007,0.541628,-0.032041,-0.542557,0.838992,-0.041521,0.004393,0.052262,0.998624,0,0.26619,0.51538,15.971,1.031,-1,375.000,-1,375.000,-1,300.000,300.000,325.000,325.000,-1,-1,-1,-1,675.000,650.000,-1,-1,2,0,2,0,2,0,0,0,0,2,2,2,2,0,0,2,2
33,-7569.870,-4222.570,-131.363,-31.814,0.849572,0.526460,-0.032672,-0.527435,0.848618,-0.040736,0.006280,0.051841,0.998636,0,0.34619,0.51538,20.771,1.031,-1,375.000,-1,375.000,-1,300.000,300.000,325.000,325.000,-1,-1,-1,-1,675.000,650.000,-1,-1,2,0,2,0,2,0,0,0,0,2,2,2,2,0,0,2,2
34,-7547.902,-4235.657,-131.098,-30.784,0.858856,0.511123,-0.033455,-0.512148,0.857975,-0.039782,0.008370,0.051300,0.998648,0,0.42619,0.51538,25.571,1.031,-1,375.000,-1,375.000,-1,300.000,300.000,325.000,325.000,-1,-1,-1,-1,675.000,650.000,-1,-1,2,0,2,0,2,0,0,0,0,2,2,2,2,0,0,2,2
35,-7521.535,-4250.729,-130.741,-29.753,0.867856,0.495623,-0.034404,-0.496701,0.867061,-0.038658,0.010670,0.050638,0.998660,0,0.50619,0.51538,30.371,1.031,-1,375.000,-1,375.000,-1,300.000,300.000,325.000,325.000,-1,575.000,675.000,-1,675.000,650.000,-1,-1,2,0,2,0,2,0,0,0,0,2,0,0,2,0,0,2,2
36,-7490.692,-4267.631,-130.273,-28.722,0.876569,0.479964,-0.035528,-0.481096,0.875871,-0.037365,0.013184,0.049845,0.998670,0,0.58619,0.51538,35.171,1.031,-1,375.000,-1,375.000,-1,300.000,300.000,325.000,325.000,-1,525.000,600.000,-1,675.000,650.000,-1,-1,2,0,2,0,2,0,0,0,0,2,0,0,2,0,0,2,2
37,-7455.299,-4286.206,-129.677,-27.691,0.884990,0.464151,-0.036832,-0.465339,0.884404,-0.035899,0.015912,0.048910,0.998676,0,0.66619,0.51538,39.971,1.031,-1,375.000,-1,375.000,-1,300.000,300.000,325.000,325.000,-1,500.000,525.000,-1,700.000,675.000,-1,-1,2,0,2,0,2,0,0,0,0,2,0,0,2,0,0,2,2
38,-7415.288,-4306.295,-128.932,-26.661,0.893116,0.448190,-0.038325,-0.449431,0.892658,-0.034260,0.018856,0.047823,0.998678,0,0.74619,0.51538,44.771,1.031,-1,375.000,-1,375.000,-1,300.000,300.000,325.000,325.000,-1,450.000,500.000,-1,700.000,675.000,-1,-1,2,0,2,0,2,0,0,0,0,2,0,0,2,0,0,2,2
39,-7370.594,-4327.738,-128.018,-25.630,0.900945,0.432085,-0.040010,-0.433375,0.900629,-0.032458,0.022010,0.046583,0.998672,0,0.82619,0.51538,49.571,1.031,-1,375.000,-1,375.000,-1,300.000,300.000,325.000,325.000,-1,425.000,475.000,-1,700.000,675.000,-1,-1,2,0,2,0,2,0,0,0,0,2,0,0,2,0,0,2,2
40,-7325.241,-4348.501,-126.901,-24.599,0.908490,0.415831,-0.041607,-0.417169,0.908293,-0.031194,0.024820,0.045696,0.998647,0,0.83134,0.51538,49.880,1.031,-1,375.000,-1,375.000,-1,300.000,300.000,325.000,325.000,-1,425.000,475.000,-1,700.000,675.000,-1,-1,2,0,2,0,2,0,0,0,0,2,0,0,2,0,0,2,2
41,-7279.522,-4368.446,-125.657,-23.568,0.915735,0.399438,-0.043347,-0.400828,0.915660,-0.030054,0.027687,0.044896,0.998608,0,0.83134,0.51538,49.880,1.031,-1,375.000,-1,375.000,-1,300.000,300.000,325.000,325.000,-1,425.000,450.000,-1,700.000,675.000,-1,-1,2,0,2,0,2,0,0,0,0,2,0,0,2,0,0,2,2
42,-7231.701,-4388.526,-124.199,-22.778,0.921054,0.386771,-0.045469,-0.388229,0.921103,-0.029110,0.030623,0.044464,0.998542,0,0.86443,0.39538,51.866,0.791,-1,375.000,-1,375.000,-1,300.000,300.000,325.000,325.000,-1,400.000,450.000,-1,725.000,675.000,-1,-1,2,0,2,0,2,0,0,0,0,2,0,0,2,0,0,2,2
43,-7183.689,-4408.145,-122.653,-22.227,0.924620,0.377904,-0.047603,-0.379427,0.924791,-0.028231,0.033354,0.044165,0.998467,0,0.86443,0.27538,51.866,0.551,-1,375.000,-1,375.000,-1,325.000,300.000,325.000,325.000,-1,400.000,450.000,-1,725.000,700.000,-1,-1,2,0,2,0,2,0,0,0,0,2,0,0,2,0,0,2,2
44,-7135.572,-4427.504,-120.936,-21.916,0.926565,0.372892,-0.049287,-0.374450,0.926850,-0.027134,0.035564,0.043597,0.998416,0,0.86443,0.15538,51.866,0.311,-1,375.000,-1,375.000,-1,325.000,300.000,325.000,300.000,-1,400.000,450.000,-1,750.000,700.000,-1,-1,2,0,2,0,2,0,0,0,0,2,0,0,2,0,0,2,2
45,-7087.431,-4446.804,-119.008,-21.845,0.926964,0.371763,-0.050302,-0.373312,0.927350,-0.025683,0.037100,0.042586,0.998404,0,0.86443,0.03538,51.866,0.071,-1,375.000,-1,375.000,-1,325.000,300.000,325.000,300.000,-1,425.000,450.000,-1,750.000,700.000,-1,-1,2,0,2,0,2,0,0,0,0,2,0,0,2,0,0,2,2
46,-7039.347,-4466.245,-117.048,-22.014,0.925803,0.374514,-0.051261,-0.376052,0.926280,-0.024289,0.038386,0.041764,0.998390,0,0.86443,-0.08462,51.866,-0.169,-1,400.000,-1,375.000,-1,325.000,300.000,325.000,300.000,-1,450.000,475.000,-1,750.000,725.000,-1,-1,2,0,2,0,2,0,0,0,0,2,0,0,2,0,0,2,2
47,-6991.402,-4486.030,-115.059,-22.424,0.923048,0.381131,-0.052175,-0.382656,0.923607,-0.022908,0.039458,0.041110,0.998375,0,0.86443,-0.20462,51.866,-0.409,-1,400.000,-1,375.000,-1,325.000,300.000,325.000,300.000,-1,450.000,500.000,-1,750.000,725.000,-1,-1,2,0,2,0,2,0,0,0,0,2,0,0,2,0,0,2,2
48,-6943.686,-4506.357,-113.050,-23.073,0.918614,0.391579,-0.053043,-0.393093,0.919247,-0.021535,0.040327,0.040633,0.998360,0,0.86443,-0.32462,51.866,-0.649,-1,400.000,-1,375.000,-1,325.000,325.000,325.000,300.000,-1,475.000,525.000,-1,775.000,750.000,-1,-1,2,0,2,0,2,0,0,0,0,2,0,0,2,0,0,2,2
49,-6896.290,-4527.421,-111.030,-23.962,0.912372,0.405803,-0.053863,-0.407305,0.913070,-0.020170,0.040996,0.040341,0.998345,0,0.86443,-0.44462,51.866,-0.889,-1,400.000,-1,375.000,-1,325.000,325.000,325.000,300.000,-1,500.000,525.000,-1,775.000,750.000,-1,-1,2,0,2,0,2,0,0,0,0,2,0,0,2,0,0,2,2
50,-6849.318,-4549.416,-109.009,-25.091,0.904144,0.423721,-0.054633,-0.425211,0.904899,-0.018811,0.041467,0.040239,0.998329,0,0.86443,-0.56462,51.866,-1.129,-1,400.000,-1,375.000,-1,325.000,325.000,325.000,300.000,-1,525.000,550.000,-1,775.000,775.000,-1,-1,2,0,2,0,2,0,0,0,0,2,0,0,2,0,0,2,2
51,-6802.886,-4572.526,-107.014,-26.461,0.893710,0.445220,-0.055330,-0.446705,0.894509,-0.017552,0.041679,0.040402,0.998314,0,0.86443,-0.68462,51.866,-1.369,-1,400.000,-1,375.000,-1,325.000,325.000,325.000,300.000,-1,525.000,575.000,-1,775.000,775.000,-1,-1,2,0,2,0,2,0,0,0,0,2,0,0,2,0,0,2,2
52,-6757.121,-4596.932,-105.059,-28.070,0.880808,0.470156,-0.055954,-0.471642,0.881637,-0.016422,0.041610,0.040854,0.998298,0,0.86443,-0.80462,51.866,-1.609,-1,400.000,-1,400.000,-1,325.000,325.000,300.000,300.000,-1,525.000,575.000,-1,775.000,800.000,-1,-1,2,0,2,0,2,0,0,0,0,2,0,0,2,0,0,2,2
53,-6712.065,-4622.624,-103.065,-29.694,0.867094,0.494935,-0.056462,-0.496438,0.867929,-0.015765,0.041202,0.041700,0.998280,0,0.86443,-0.81196,51.866,-1.624,-1,400.000,-1,400.000,-1,325.000,325.000,300.000,300.000,-1,525.000,600.000,-1,800.000,800.000,-1,-1,2,0,2,0,2,0,0,0,0,2,0,0,2,0,0,2,2
54,-6667.756,-4649.583,-101.047,-31.318,0.852691,0.519307,-0.056904,-0.520842,0.853512,-0.015510,0.040514,0.042863,0.998259,0,0.86443,-0.81196,51.866,-1.624,-1,400.000,-1,400.000,-1,325.000,325.000,300.000,300.000,-1,550.000,625.000,-1,800.000,825.000,-1,-1,2,0,2,0,2,0,0,0,0,2,0,0,2,0,0,2,2
55,-6624.228,-4677.786,-99.128,-32.942,0.837627,0.543263,-0.056983,-0.544815,0.838417,-0.015273,0.039479,0.043838,0.998258,0,0.86443,-0.81196,51.866,-1.624,-1,400.000,-1,400.000,-1,325.000,325.000,300.000,300.000,-1,600.000,650.000,-1,800.000,825.000,-1,-1,2,0,2,0,2,0,0,0,0,2,0,0,2,0,0,2,2
56,-6581.518,-4707.212,-97.301,-34.566,0.821907,0.566784,-0.056782,-0.568341,0.822655,-0.015067,0.038172,0.044655,0.998273,0,0.86443,-0.81196,51.866,-1.624,-1,400.000,-1,400.000,-1,325.000,325.000,300.000,300.000,-1,625.000,675.000,-1,825.000,825.000,-1,-1,2,0,2,0,2,0,0,0,0,2,0,0,2,0,0,2,2
57,-6539.658,-4737.836,-95.524,-36.190,0.805533,0.589848,-0.056536,-0.591409,0.806233,-0.014954,0.036761,0.045482,0.998289,0,0.86443,-0.81196,51.866,-1.624,-1,400.000,-1,400.000,-1,325.000,325.000,300.000,300.000,-1,675.000,725.000,-1,825.000,825.000,-1,-1,2,0,2,0,2,0,0,0,0,2,0,0,2,0,0,2,2
58,-6498.562,-4769.736,-93.792,-37.820,0.788453,0.612518,-0.056249,-0.614085,0.789098,-0.014938,0.035236,0.046319,0.998305,0,0.86705,-0.81497,52.023,-1.630,-1,400.000,-1,400.000,-1,325.000,325.000,300.000,300.000,-1,725.000,750.000,-1,850.000,825.000,-1,-1,2,0,2,0,2,0,0,0,0,2,0,0,2,0,0,2,2
59,-6458.234,-4802.929,-92.111,-39.457,0.770654,0.634792,-0.055958,-0.636366,0.771241,-0.015032,0.033615,0.047194,0.998320,0,0.87053,-0.81878,52.232,-1.638,-1,400.000,-1,400.000,-1,325.000,325.000,300.000,300.000,-1,800.000,825.000,-1,850.000,850.000,-1,-1,2,0,2,0,2,0,0,0,0,2,0,0,2,0,0,2,2
60,-6418.712,-4837.408,-90.486,-41.102,0.752144,0.656642,-0.055689,-0.658226,0.752666,-0.015241,0.031907,0.048119,0.998332,0,0.87413,-0.82254,52.448,-1.645,-1,400.000,-1,400.000,-1,325.000,325.000,300.000,300.000,-1,850.000,875.000,-1,875.000,850.000,-1,-1,2,0,2,0,2,0,0,0,0,2,0,0,2,0,0,2,2
61,-6379.727,-4873.416,-88.903,-42.727,0.733253,0.677693,-0.055432,-0.679289,0.733706,-0.015567,0.030121,0.049069,0.998341,0,0.88449,-0.81260,53.069,-1.625,-1,400.000,-1,400.000,-1,325.000,325.000,300.000,300.000,-1,925.000,925.000,-1,875.000,850.000,-1,-1,2,0,2,0,2,0,0,0,0,2,0,0,2,0,0,2,2
62,-6341.479,-4910.808,-87.487,-44.351,0.713820,0.698198,-0.054586,-0.699775,0.714186,-0.015936,0.027858,0.049573,0.998382,0,0.89147,-0.81205,53.488,-1.624,-1,425.000,-1,400.000,-1,325.000,325.000,300.000,300.000,-1,-1,-1,-1,875.000,850.000,-1,-1,2,0,2,0,2,0,0,0,0,2,2,2,2,0,0,2,2
63,-6304.013,-4949.570,-86.249,-45.974,0.693875,0.718135,-0.053096,-0.719659,0.694135,-0.016394,0.025083,0.049587,0.998455,0,0.89848,-0.81108,53.909,-1.622,-1,425.000,-1,400.000,-1,325.000,325.000,300.000,300.000,-1,-1,-1,-1,875.000,825.000,-1,-1,2,0,2,0,2,0,0,0,0,2,2,2,2,0,0,2,2
64,-6267.373,-4989.686,-85.096,-47.593,0.673418,0.737464,-0.051534,-0.738932,0.673564,-0.017087,0.022110,0.049587,0.998525,0,0.90550,-0.80966,54.330,-1.619,-1,425.000,-1,400.000,1000.000,325.000,325.000,300.000,300.000,-1,-1,-1,-1,875.000,825.000,-1,-1,2,0,2,0,1,0,0,0,0,2,2,2,2,1,0,2,2
65,-6231.605,-5031.136,-84.155,-49.208,0.652482,0.756143,-0.050151,-0.757572,0.652490,-0.018474,0.018754,0.050047,0.998571,0,0.91249,-0.80777,54.749,-1.616,-1,425.000,-1,400.000,950.000,325.000,325.000,300.000,300.000,-1,-1,-1,-1,825.000,825.000,-1,-1,2,0,2,0,1,0,0,0,0,2,2,2,2,1,0,2,2
66,-6196.753,-5073.899,-83.422,-50.819,0.631083,0.774185,-0.048699,-0.775557,0.630977,-0.019455,0.015666,0.050047,0.998624,0,0.91942,-0.80538,55.165,-1.611,-1,425.000,-1,400.000,900.000,325.000,325.000,300.000,300.000,-1,-1,-1,-1,775.000,800.000,-1,1000.000,2,0,2,0,1,0,0,0,0,2,2,2,2,1,0,2,1
67,-6162.863,-5117.946,-82.804,-52.424,0.609265,0.791557,-0.047259,-0.792867,0.609049,-0.020508,0.012549,0.049965,0.998672,0,0.92626,-0.80246,55.576,-1.605,-1,400.000,-1,400.000,850.000,325.000,325.000,300.000,300.000,-1,-1,-1,-1,725.000,800.000,-1,925.000,2,0,2,0,1,0,0,0,0,2,2,2,2,1,0,2,1
68,-6129.977,-5163.246,-82.288,-54.022,0.587068,0.808238,-0.045855,-0.809483,0.586742,-0.021697,0.009369,0.049856,0.998712,0,0.93296,-0.79899,55.978,-1.598,-1,400.000,-1,400.000,800.000,325.000,325.000,300.000,300.000,-1,-1,-1,-1,700.000,800.000,950.000,875.000,2,1,2,0,1,0,0,0,0,2,2,2,2,1,0,1,1
69,-6098.141,-5209.764,-81.851,-55.612,0.564529,0.824215,-0.044465,-0.825390,0.564098,-0.022902,0.006207,0.049630,0.998748,0,0.93948,-0.79493,56.369,-1.590,-1,400.000,-1,400.000,750.000,325.000,325.000,300.000,300.000,-1,-1,-1,-1,650.000,775.000,875.000,800.000,2,1,2,0,1,0,0,0,0,2,2,2,2,1,1,1,1
70,-6067.396,-5257.459,-81.507,-57.192,0.541690,0.839472,-0.043116,-0.840573,0.541158,-0.024190,0.003026,0.049346,0.998777,0,0.94575,-0.79024,56.745,-1.580,-1,400.000,-1,400.000,700.000,325.000,325.000,300.000,300.000,-1,-1,-1,-1,625.000,725.000,775.000,750.000,2,1,2,0,1,0,0,0,0,2,2,2,2,1,1,1,1
71,-6040.280,-5301.765,-81.273,-58.533,0.522000,0.851914,-0.041941,-0.852945,0.521379,-0.025445,0.000190,0.049055,0.998796,0,0.86575,-0.67024,51.945,-1.340,825.000,400.000,975.000,400.000,650.000,325.000,325.000,300.000,300.000,-1,-1,-1,-1,600.000,675.000,700.000,700.000,1,1,1,0,1,0,0,0,0,2,2,2,2,1,1,1,1
72,-6016.448,-5342.443,-81.171,-59.633,0.505619,0.861790,-0.040836,-0.862754,0.504933,-0.026407,-0.002138,0.048583,0.998817,0,0.78575,-0.55024,47.145,-1.100,725.000,375.000,925.000,400.000,625.000,325.000,325.000,300.000,300.000,-1,-1,-1,-1,575.000,625.000,650.000,650.000,1,1,1,0,1,0,0,0,0,2,2,2,2,1,1,1,1
73,-5994.787,-5380.720,-81.268,-60.494,0.492666,0.869318,-0.039567,-0.870210,0.491958,-0.026661,-0.003712,0.047567,0.998861,0,0.73302,-0.43024,43.981,-0.860,650.000,375.000,875.000,400.000,575.000,325.000,325.000,300.000,300.000,-1,-1,-1,-1,550.000,600.000,600.000,600.000,1,1,1,0,1,0,0,0,0,2,2,2,2,1,1,1,1
74,-5973.427,-5419.438,-81.416,-61.114,0.483262,0.874638,-0.038291,-0.875461,0.482539,-0.026906,-0.005057,0.046525,0.998904,0,0.73698,-0.31024,44.219,-0.620,575.000,375.000,825.000,400.000,550.000,325.000,325.000,300.000,300.000,-1,-1,-1,-1,525.000,575.000,550.000,575.000,1,1,1,0,1,0,0,0,0,2,2,2,2,1,1,1,1
75,-5952.213,-5458.502,-81.453,-61.495,0.477460,0.877840,-0.037799,-0.878635,0.476730,-0.026993,-0.005676,0.046100,0.998921,0,0.74087,-0.19024,44.452,-0.380,525.000,350.000,775.000,400.000,500.000,325.000,325.000,300.000,300.000,-1,-1,-1,-1,500.000,525.000,500.000,525.000,1,1,1,0,1,0,0,0,0,2,2,2,2,1,1,1,1
76,-5930.984,-5497.822,-81.307,-61.635,0.475295,0.878988,-0.038413,-0.879810,0.474566,-0.026851,-0.005372,0.046559,0.998901,0,0.74475,-0.07024,44.685,-0.140,475.000,350.000,750.000,400.000,475.000,325.000,325.000,300.000,300.000,-1,-1,-1,-1,475.000,500.000,450.000,500.000,1,1,1,0,1,1,0,0,0,2,2,2,2,1,1,1,1
77,-5909.574,-5537.310,-80.965,-61.536,0.476780,0.878105,-0.040150,-0.879013,0.476061,-0.026485,-0.004143,0.047920,0.998843,0,0.74864,0.04976,44.919,0.100,450.000,325.000,700.000,400.000,425.000,325.000,325.000,325.000,300.000,-1,-1,-1,-1,450.000,475.000,425.000,450.000,1,1,1,0,1,1,0,0,0,2,2,2,2,1,1,1,1
78,-5887.926,-5576.939,-80.415,-61.356,0.479460,0.876508,-0.043032,-0.877561,0.478764,-0.025907,-0.002106,0.050185,0.998738,0,0.75260,0.08999,45.156,0.180,400.000,325.000,650.000,375.000,400.000,300.000,325.000,325.000,300.000,-1,-1,-1,-1,450.000,450.000,400.000,425.000,1,1,1,1,1,1,0,0,0,2,2,2,2,1,1,1,1
79,-5866.035,-5616.699,-79.651,-61.167,0.482224,0.874782,-0.047087,-0.876048,0.481569,-0.025124,0.000698,0.053366,0.998575,0,0.75648,0.09437,45.389,0.189,375.000,325.000,625.000,350.000,350.000,300.000,325.000,325.000,300.000,-1,-1,-1,-1,425.000,425.000,350.000,375.000,1,1,1,1,1,1,0,0,0,2,2,2,2,1,1,1,1
80,-5843.898,-5656.578,-78.756,-60.969,0.485047,0.872896,-0.052749,-0.874476,0.484470,-0.024075,0.004540,0.057805,0.998318,0,0.76018,0.09903,45.611,0.198,350.000,300.000,575.000,325.000,325.000,300.000,350.000,350.000,300.000,-1,-1,-1,-1,400.000,400.000,325.000,350.000,1,1,1,1,1,1,1,0,0,2,2,2,2,1,1,1,1
81,-5821.512,-5696.559,-77.661,-60.761,0.487921,0.870841,-0.059732,-0.872839,0.487475,-0.022829,0.009238,0.063275,0.997953,0,0.76369,0.10402,45.821,0.208,325.000,300.000,550.000,325.000,275.000,275.000,325.000,350.000,300.000,-1,-1,-1,-1,400.000,375.000,325.000,300.000,1,1,1,1,1,1,1,0,0,2,2,2,2,1,1,1,1
82,-5798.876,-5736.624,-76.341,-60.542,0.490830,0.868600,-0.067972,-0.871131,0.490584,-0.021415,0.014745,0.069724,0.997457,0,0.76696,0.10936,46.018,0.219,300.000,300.000,525.000,300.000,250.000,275.000,300.000,375.000,275.000,-1,-1,600.000,-1,375.000,350.000,300.000,275.000,1,1,1,1,1,1,1,0,0,2,2,0,2,1,1,1,1
83,-5775.988,-5776.754,-74.774,-60.312,0.493753,0.866150,-0.077401,-0.869348,0.493801,-0.019866,0.021013,0.077098,0.996802,0,0.76996,0.11509,46.197,0.230,275.000,275.000,500.000,275.000,200.000,275.000,275.000,400.000,275.000,-1,500.000,350.000,-1,350.000,325.000,275.000,225.000,1,1,1,1,1,1,1,0,0,2,0,0,2,1,1,1,1
84,-5752.848,-5816.924,-72.971,-60.070,0.496661,0.863461,-0.088103,-0.867490,0.497122,-0.018193,0.028089,0.085464,0.995945,0,0.77263,0.12126,46.358,0.243,275.000,275.000,450.000,250.000,175.000,250.000,250.000,425.000,275.000,-1,400.000,250.000,-1,350.000,300.000,250.000,200.000,1,1,1,1,1,1,1,0,0,2,0,0,2,1,1,1,1
85,-5729.473,-5857.120,-65.972,-59.814,0.498805,0.861870,-0.091508,-0.865231,0.501343,0.005591,0.050696,0.076386,0.995789,0,0.77493,0.12790,46.496,0.256,275.000,275.000,475.000,250.000,175.000,250.000,250.000,450.000,300.000,-1,225.000,150.000,-1,350.000,300.000,275.000,175.000,1,1,1,1,1,1,1,0,0,2,0,0,2,1,1,1,1
86,-5705.855,-5897.305,-57.221,-59.544,0.501053,0.860320,-0.093787,-0.861841,0.505885,0.036194,0.078584,0.062694,0.994934,0,0.77680,0.13508,46.608,0.270,275.000,275.000,550.000,250.000,175.000,250.000,250.000,425.000,350.000,-1,150.000,125.000,-1,350.000,325.000,275.000,175.000,1,1,1,1,1,1,1,1,0,2,0,0,2,1,1,1,1
87,6887.286,-327.968,139.045,123.520,-0.552431,-0.833447,-0.013663,0.833474,-0.552068,-0.023273,0.011854,-0.024244,0.999636,1,0.00000,0.00000,46.689,0.286,-1,400.000,-1,425.000,-1,325.000,325.000,300.000,300.000,-1,825.000,700.000,-1,750.000,-1,-1,-1,2,0,2,0,2,0,0,0,0,2,0,0,2,0,2,2,2
88,6884.652,-323.955,139.075,123.280,-0.548932,-0.835755,-0.013680,0.835784,-0.548574,-0.023047,0.011757,-0.024085,0.999641,0,0.08000,-0.12000,4.800,-0.240,-1,400.000,-1,425.000,-1,325.000,325.000,300.000,300.000,-1,850.000,725.000,-1,750.000,-1,-1,-1,2,0,2,0,2,0,0,0,0,2,0,0,2,0,2,2,2
89,6879.451,-315.885,139.136,122.800,-0.541905,-0.840328,-0.013714,0.840360,-0.541558,-0.022591,0.011557,-0.023767,0.999651,0,0.16000,-0.24000,9.600,-0.480,-1,400.000,-1,425.000,-1,325.000,325.000,300.000,300.000,-1,875.000,750.000,-1,775.000,-1,-1,-1,2,0,2,0,2,0,0,0,0,2,0,0,2,0,2,2,2
90,6871.803,-303.684,139.234,122.080,-0.531293,-0.847076,-0.013763,0.847113,-0.530961,-0.021895,0.011240,-0.023291,0.999666,0,0.24000,-0.36000,14.400,-0.720,-1,400.000,-1,425.000,-1,325.000,325.000,300.000,300.000,-1,950.000,800.000,-1,775.000,-1,-1,-1,2,0,2,0,2,0,0,0,0,2,0,0,2,0,2,2,2
91,6861.880,-287.247,139.377,121.120,-0.517014,-0.855865,-0.013821,0.855909,-0.516702,-0.020948,0.010787,-0.022660,0.999685,0,0.32000,-0.48000,19.200,-0.960,-1,400.000,-1,425.000,-1,325.000,325.000,300.000,300.000,-1,-1,875.000,-1,775.000,-1,-1,-1,2,0,2,0,2,0,0,0,0,2,2,0,2,0,2,2,2
92,6849.909,-266.446,139.573,119.920,-0.498960,-0.866514,-0.013881,0.866565,-0.498673,-0.019732,0.010176,-0.021874,0.999709,0,0.40000,-0.60000,24.000,-1.200,-1,400.000,-1,425.000,-1,325.000,325.000,300.000,300.000,-1,-1,975.000,-1,800.000,-1,-1,-1,2,0,2,0,2,0,0,0,0,2,2,0,2,0,2,2,2
93,6836.176,-241.131,139.836,118.480,-0.477006,-0.878790,-0.013931,0.878850,-0.476750,-0.018225,0.009375,-0.020936,0.999737,0,0.48000,-0.72000,28.800,-1.440,-1,400.000,-1,425.000,-1,325.000,325.000,300.000,300.000,-1,-1,-1,-1,800.000,-1,-1,-1,2,0,2,0,2,0,0,0,0,2,2,2,2,0,2,2,2
94,6821.027,-211.140,140.180,116.800,-0.451012,-0.892409,-0.013951,0.892479,-0.450791,-0.016404,0.008350,-0.019850,0.999768,0,0.56000,-0.84000,33.600,-1.680,-1,400.000,-1,450.000,-1,325.000,325.000,275.000,300.000,-1,-1,-1,-1,825.000,-1,-1,-1,2,0,2,0,2,0,0,0,0,2,2,2,2,0,2,2,2
95,6804.760,-176.356,140.620,115.064,-0.423739,-0.905677,-0.013918,0.905757,-0.423558,-0.014249,0.007010,-0.018644,0.999802,0,0.64000,-0.86805,38.400,-1.736,-1,400.000,-1,450.000,-1,325.000,350.000,275.000,300.000,-1,-1,-1,-1,850.000,-1,-1,-1,2,0,2,0,2,0,0,0,0,2,2,2,2,0,2,2,2
96,6787.910,-137.283,141.178,113.328,-0.396074,-0.918114,-0.013859,0.918203,-0.395934,-0.011847,0.005389,-0.017417,0.999834,0,0.70919,-0.86805,42.551,-1.736,-1,400.000,-1,450.000,-1,325.000,350.000,275.000,300.000,-1,-1,-1,-1,850.000,-1,-1,-1,2,0,2,0,2,0,0,0,0,2,2,2,2,0,2,2,2
97,6772.251,-97.717,141.622,111.592,-0.368050,-0.929715,-0.012982,0.929797,-0.367948,-0.009601,0.004150,-0.015605,0.999870,0,0.70919,-0.86805,42.551,-1.736,-1,425.000,-1,450.000,-1,350.000,350.000,275.000,300.000,-1,-1,-1,-1,875.000,-1,-1,-1,2,0,2,0,2,0,0,0,0,2,2,2,2,0,2,2,2
98,6757.799,-57.695,142.007,109.856,-0.339688,-0.940466,-0.011652,0.940534,-0.339623,-0.007212,0.002826,-0.013409,0.999906,0,0.70919,-0.86805,42.551,-1.736,-1,425.000,-1,450.000,-1,350.000,350.000,275.000,300.000,-1,-1,-1,-1,900.000,-1,-1,-1,2,0,2,0,2,0,0,0,0,2,2,2,2,0,2,2,2
99,6744.566,-17.254,141.977,108.120,-0.311004,-0.950366,-0.008996,0.950409,-0.310989,-0.003052,0.000103,-0.009499,0.999955,0,0.70919,-0.86805,42.551,-1.736,-1,425.000,-1,450.000,-1,350.000,350.000,300.000,300.000,-1,-1,-1,-1,900.000,-1,-1,-1,2,0,2,0,2,0,0,0,0,2,2,2,2,0,2,2,2
100,6732.564,23.570,141.973,106.384,-0.282052,-0.959380,-0.006067,0.959395,-0.282063,0.001025,-0.002695,-0.005532,0.999981,0,0.70919,-0.86805,42.551,-1.736,-1,425.000,-1,450.000,-1,350.000,350.000,300.000,275.000,-1,-1,-1,-1,925.000,-1,-1,-1,2,0,2,0,2,0,0,0,0,2,2,2,2,0,2,2,2
101,6721.804,64.738,141.830,104.648,-0.252858,-0.967497,-0.003384,0.967490,-0.252871,0.004306,-0.005022,-0.002185,0.999985,0,0.70919,-0.86805,42.551,-1.736,-1,450.000,-1,450.000,-1,350.000,350.000,300.000,275.000,-1,-1,-1,-1,950.000,-1,-1,-1,2,0,2,0,2,0,0,0,0,2,2,2,2,0,2,2,2
102,6712.296,106.214,140.924,102.911,-0.223423,-0.974715,-0.003666,0.974692,-0.223444,0.006940,-0.007583,-0.002022,0.999969,0,0.70919,-0.86805,42.551,-1.736,-1,450.000,-1,450.000,-1,350.000,350.000,300.000,275.000,-1,-1,-1,-1,975.000,-1,-1,-1,2,0,2,0,2,0,0,0,0,2,2,2,2,0,2,2,2
103,6704.049,147.958,139.819,101.175,-0.193771,-0.981035,-0.004795,0.980987,-0.193811,0.010069,-0.010807,-0.002753,0.999938,0,0.70919,-0.86805,42.551,-1.736,-1,425.000,-1,425.000,-1,350.000,350.000,300.000,275.000,-1,-1,-1,-1,975.000,-1,-1,-1,2,0,2,0,2,0,0,0,0,2,2,2,2,0,2,2,2
104,6697.070,189.934,138.723,99.439,-0.163937,-0.986454,-0.005776,0.986371,-0.164001,0.013244,-0.014012,-0.003526,0.999896,0,0.70919,-0.86805,42.551,-1.736,-1,425.000,-1,425.000,-1,350.000,350.000,300.000,275.000,-1,-1,-1,-1,975.000,-1,-1,-1,2,0,2,0,2,0,0,0,0,2,2,2,2,0,2,2,2
105,6691.367,232.101,137.658,97.703,-0.133946,-0.990966,-0.006667,0.990841,-0.134039,0.016388,-0.017133,-0.004411,0.999843,0,0.70919,-0.86805,42.551,-1.736,-1,425.000,-1,425.000,-1,350.000,350.000,275.000,275.000,-1,-1,-1,-1,975.000,-1,-1,-1,2,0,2,0,2,0,0,0,0,2,2,2,2,0,2,2,2
106,6686.943,274.422,136.626,95.967,-0.103827,-0.994567,-0.007467,0.994391,-0.103955,0.019501,-0.020171,-0.005401,0.999782,0,0.70919,-0.86805,42.551,-1.736,-1,425.000,-1,425.000,-1,350.000,350.000,275.000,275.000,-1,-1,-1,-1,975.000,-1,-1,-1,2,0,2,0,2,0,0,0,0,2,2,2,2,0,2,2,2
107,6683.803,316.858,135.620,94.231,-0.073608,-0.997254,-0.008141,0.997018,-0.073776,0.022615,-0.023153,-0.006452,0.999711,0,0.70919,-0.86805,42.551,-1.736,-1,425.000,-1,425.000,-1,350.000,350.000,275.000,275.000,-1,-1,-1,-1,1000.000,-1,-1,-1,2,0,2,0,2,0,0,0,0,2,2,2,2,0,2,2,2
108,6681.951,359.369,134.640,92.495,-0.043318,-0.999024,-0.008688,0.998721,-0.043529,0.025721,-0.026074,-0.007562,0.999631,0,0.70919,-0.86805,42.551,-1.736,-1,425.000,-1,425.000,-1,325.000,325.000,275.000,275.000,-1,-1,-1,-1,1000.000,1000.000,-1,-1,2,0,2,0,2,0,0,0,0,2,2,2,2,0,0,2,2
109,6681.387,401.917,133.692,90.759,-0.012985,-0.999874,-0.009107,0.999497,-0.013242,0.028813,-0.028930,-0.008728,0.999543,0,0.70919,-0.86805,42.551,-1.736,-1,425.000,-1,425.000,-1,350.000,350.000,275.000,275.000,-1,-1,-1,-1,1000.000,975.000,-1,-1,2,0,2,0,2,0,0,0,0,2,2,2,2,0,0,2,2
110,6682.113,444.462,132.777,89.023,0.017363,-0.999805,-0.009401,0.999346,0.017056,0.031882,-0.031716,-0.009948,0.999447,0,0.70919,-0.86805,42.551,-1.736,-1,425.000,-1,425.000,-1,350.000,350.000,275.000,275.000,-1,-1,-1,-1,-1,975.000,-1,-1,2,0,2,0,2,0,0,0,0,2,2,2,2,2,0,2,2
111,6684.127,486.966,131.897,87.287,0.047698,-0.998816,-0.009568,0.998268,0.047337,0.034922,-0.034428,-0.011218,0.999344,0,0.70919,-0.86805,42.551,-1.736,-1,425.000,-1,425.000,-1,350.000,350.000,300.000,275.000,-1,-1,-1,-1,-1,950.000,-1,-1,2,0,2,0,2,0,0,0,0,2,2,2,2,2,0,2,2
112,6687.602,534.190,130.949,85.790,0.073820,-0.997224,-0.009704,0.996566,0.073398,0.038338,-0.037520,-0.012500,0.999218,0,0.78919,-0.74805,47.351,-1.496,-1,425.000,-1,425.000,-1,350.000,350.000,300.000,275.000,-1,-1,-1,-1,-1,925.000,-1,-1,2,0,2,0,2,0,0,0,0,2,2,2,2,2,0,2,2
113,6692.475,585.116,129.953,84.534,0.095730,-0.995359,-0.009815,0.994566,0.095239,0.042049,-0.040919,-0.013788,0.999067,0,0.85264,-0.62805,51.158,-1.256,-1,450.000,-1,425.000,-1,350.000,350.000,300.000,275.000,-1,-1,-1,-1,-1,925.000,-1,-1,2,0,2,0,2,0,0,0,0,2,2,2,2,2,0,2,2
114,6698.249,635.948,128.688,83.518,0.113482,-0.993477,-0.011171,0.992579,0.112871,0.045239,-0.043683,-0.016222,0.998914,0,0.85264,-0.50805,51.158,-1.016,-1,450.000,-1,425.000,-1,350.000,350.000,300.000,275.000,-1,-1,-1,-1,-1,925.000,-1,-1,2,0,2,0,2,0,0,0,0,2,2,2,2,2,0,2,2
115,6704.710,686.696,126.481,82.742,0.127180,-0.991760,-0.015441,0.990811,0.126305,0.048390,-0.046041,-0.021453,0.998709,0,0.85264,-0.38805,51.158,-0.776,-1,450.000,-1,425.000,-1,350.000,350.000,300.000,300.000,-1,-1,-1,-1,-1,925.000,-1,-1,2,0,2,0,2,0,0,0,0,2,2,2,2,2,0,2,2
116,6711.647,737.382,123.262,82.206,0.136541,-0.990508,-0.015848,0.989442,0.135575,0.051223,-0.048588,-0.022674,0.998562,0,0.85264,-0.26805,51.158,-0.536,-1,450.000,-1,425.000,-1,350.000,350.000,300.000,300.000,-1,-1,-1,-1,-1,925.000,-1,-1,2,0,2,0,2,0,0,0,0,2,2,2,2,2,0,2,2
117,6718.846,788.032,119.974,81.910,0.141733,-0.989778,-0.015869,0.988565,0.140689,0.054282,-0.051495,-0.023381,0.998400,0,0.85264,-0.14805,51.158,-0.296,-1,425.000,-1,425.000,-1,350.000,350.000,300.000,275.000,-1,-1,-1,-1,-1,925.000,-1,-1,2,0,2,0,2,0,0,0,0,2,2,2,2,2,0,2,2
118,6726.095,838.674,116.684,81.854,0.142773,-0.989629,-0.015823,0.988251,0.141657,0.057396,-0.054559,-0.023831,0.998226,0,0.85264,-0.02805,51.158,-0.056,-1,425.000,-1,425.000,-1,350.000,350.000,300.000,275.000,-1,-1,-1,-1,-1,900.000,-1,-1,2,0,2,0,2,0,0,0,0,2,2,2,2,2,0,2,2
119,6733.362,889.314,113.399,81.833,0.143211,-0.989566,-0.015790,0.988011,0.142020,0.060538,-0.057664,-0.024270,0.998041,0,0.85264,-0.01056,51.158,-0.021,-1,425.000,-1,425.000,-1,350.000,350.000,275.000,275.000,-1,-1,-1,-1,-1,900.000,-1,-1,2,0,2,0,2,0,0,0,0,2,2,2,2,2,0,2,2
120,6740.648,939.951,110.119,81.812,0.143652,-0.989502,-0.015781,0.987759,0.142383,0.063706,-0.060790,-0.024739,0.997844,0,0.85264,-0.01056,51.158,-0.021,-1,425.000,-1,425.000,-1,350.000,350.000,300.000,275.000,-1,-1,-1,-1,-1,900.000,-1,-1,2,0,2,0,2,0,0,0,0,2,2,2,2,2,0,2,2
121,6747.953,990.586,106.845,81.791,0.144096,-0.989438,-0.015796,0.987496,0.142746,0.066898,-0.063936,-0.025239,0.997635,0,0.85264,-0.01056,51.158,-0.021,-1,425.000,-1,400.000,-1,350.000,350.000,300.000,275.000,-1,-1,-1,-1,-1,875.000,-1,-1,2,0,2,0,2,0,0,0,0,2,2,2,2,2,0,2,2
122,6755.276,1041.218,103.576,81.770,0.144545,-0.989372,-0.015836,0.987220,0.143108,0.070114,-0.067103,-0.025768,0.997413,0,0.85264,-0.01056,51.158,-0.021,-1,425.000,-1,425.000,-1,350.000,350.000,300.000,275.000,-1,-1,-1,-1,-1,875.000,-1,-1,2,0,2,0,2,0,0,0,0,2,2,2,2,2,0,2,2
123,6762.618,1091.847,100.314,81.748,0.144997,-0.989304,-0.015900,0.986932,0.143471,0.073356,-0.070290,-0.026329,0.997179,0,0.85264,-0.01056,51.158,-0.021,-1,450.000,-1,425.000,-1,350.000,350.000,300.000,275.000,-1,-1,-1,-1,-1,875.000,-1,-1,2,0,2,0,2,0,0,0,0,2,2,2,2,2,0,2,2
124,6769.978,1142.473,97.057,81.727,0.145454,-0.989236,-0.015989,0.986631,0.143833,0.076622,-0.073498,-0.026920,0.996932,0,0.85264,-0.01056,51.158,-0.021,-1,450.000,-1,425.000,-1,350.000,350.000,300.000,275.000,-1,-1,-1,-1,-1,850.000,-1,-1,2,0,2,0,2,0,0,0,0,2,2,2,2,2,0,2,2
125,6777.357,1193.097,93.806,81.706,0.145916,-0.989166,-0.016102,0.986317,0.144195,0.079913,-0.076725,-0.027542,0.996672,0,0.85264,-0.01056,51.158,-0.021,-1,450.000,-1,425.000,-1,350.000,350.000,300.000,275.000,-1,-1,-1,-1,1000.000,850.000,-1,-1,2,0,2,0,2,0,0,0,0,2,2,2,2,0,0,2,2
126,6784.755,1243.718,90.560,81.685,0.146383,-0.989095,-0.016239,0.985990,0.144557,0.083228,-0.079973,-0.028195,0.996398,0,0.85264,-0.01056,51.158,-0.021,-1,450.000,-1,425.000,-1,350.000,350.000,300.000,275.000,-1,-1,-1,-1,1000.000,850.000,-1,-1,2,0,2,0,2,0,0,0,0,2,2,2,2,0,0,2,2
127,6792.170,1294.337,86.878,81.664,0.146996,-0.988969,-0.018228,0.985659,0.144911,0.086470,-0.082875,-0.030678,0.996088,0,0.85264,-0.01056,51.158,-0.021,-1,450.000,-1,425.000,-1,350.000,350.000,300.000,275.000,-1,-1,-1,-1,975.000,825.000,-1,-1,2,0,2,0,2,0,0,0,0,2,2,2,2,0,0,2,2
128,6799.603,1344.953,82.554,81.643,0.147786,-0.988776,-0.021928,0.985256,0.145255,0.090400,-0.086200,-0.034965,0.995664,0,0.85264,-0.01056,51.158,-0.021,-1,450.000,-1,425.000,-1,350.000,350.000,275.000,300.000,-1,-1,-1,-1,950.000,825.000,-1,-1,2,0,2,0,2,0,0,0,0,2,2,2,2,0,0,2,2
129,6807.056,1395.566,77.330,81.622,0.148298,-0.988688,-0.022433,0.984922,0.145614,0.093406,-0.089082,-0.035947,0.995375,0,0.85264,-0.01056,51.158,-0.021,-1,450.000,-1,425.000,-1,350.000,350.000,275.000,275.000,-1,-1,-1,-1,925.000,800.000,-1,-1,2,0,2,0,2,0,0,0,0,2,2,2,2,0,0,2,2
130,6814.528,1446.176,72.032,81.601,0.148796,-0.988608,-0.022656,0.984563,0.145974,0.096581,-0.092174,-0.036677,0.995067,0,0.85264,-0.01056,51.158,-0.021,-1,450.000,-1,425.000,-1,350.000,350.000,275.000,275.000,-1,-1,-1,-1,900.000,775.000,-1,-1,2,0,2,0,2,0,0,0,0,2,2,2,2,0,0,2,2
131,6822.019,1496.784,66.741,81.580,0.149302,-0.988526,-0.022928,0.984195,0.146334,0.099735,-0.095236,-0.037456,0.994750,0,0.85264,-0.01056,51.158,-0.021,-1,450.000,-1,400.000,-1,350.000,350.000,275.000,275.000,-1,-1,-1,-1,875.000,750.000,-1,-1,2,0,2,0,2,0,0,0,0,2,2,2,2,0,0,2,2
132,6829.528,1547.388,61.457,81.558,0.149814,-0.988441,-0.023249,0.983819,0.146694,0.102867,-0.098268,-0.038284,0.994423,0,0.85264,-0.01056,51.158,-0.021,-1,425.000,-1,400.000,-1,350.000,350.000,275.000,275.000,-1,-1,-1,-1,850.000,750.000,-1,-1,2,0,2,0,2,0,0,0,0,2,2,2,2,0,0,2,2
133,6837.056,1597.990,56.180,81.537,0.150334,-0.988353,-0.023619,0.983435,0.147053,0.105978,-0.101270,-0.039160,0.994088,0,0.85264,-0.01056,51.158,-0.021,-1,425.000,-1,400.000,-1,350.000,350.000,275.000,275.000,-1,-1,-1,-1,825.000,725.000,-1,-1,2,0,2,0,2,0,0,0,0,2,2,2,2,0,0,2,2
134,6844.603,1648.590,50.910,81.516,0.150861,-0.988263,-0.024039,0.983043,0.147412,0.109067,-0.104243,-0.040085,0.993744,0,0.85264,-0.01056,51.158,-0.021,-1,425.000,-1,400.000,-1,350.000,350.000,275.000,275.000,-1,-1,-1,-1,825.000,700.000,-1,-1,2,0,2,0,2,0,0,0,0,2,2,2,2,0,0,2,2
135,6852.168,1699.186,45.648,81.495,0.151398,-0.988169,-0.024508,0.982644,0.147770,0.112134,-0.107185,-0.041060,0.993391,0,0.85264,-0.01056,51.158,-0.021,-1,425.000,-1,400.000,-1,350.000,325.000,275.000,275.000,-1,-1,-1,-1,800.000,675.000,-1,-1,2,0,2,0,2,0,0,0,0,2,2,2,2,0,0,2,2
136,6859.752,1749.780,40.392,81.474,0.151942,-0.988072,-0.025027,0.982238,0.148128,0.115179,-0.110098,-0.042083,0.993029,0,0.85264,-0.01056,51.158,-0.021,-1,425.000,-1,375.000,-1,350.000,325.000,275.000,275.000,-1,-1,-1,-1,775.000,675.000,-1,-1,2,0,2,0,2,0,0,0,0,2,2,2,2,0,0,2,2
