timestep,x_cm,y_cm,z_cm,yaw_deg,basis_xx,basis_xy,basis_xz,basis_yx,basis_yy,basis_yz,basis_zx,basis_zy,basis_zz,teleport_flag,throttle_cmd,steering_cmd,cmd_move_cm,cmd_turn_deg,lidar_cm_0,lidar_cm_1,lidar_cm_2,lidar_cm_3,lidar_cm_4,lidar_cm_5,lidar_cm_6,lidar_cm_7,lidar_cm_8,lidar_cm_9,lidar_cm_10,lidar_cm_11,lidar_cm_12,lidar_cm_13,lidar_cm_14,lidar_cm_15,lidar_cm_16,lidar_class_0,lidar_class_1,lidar_class_2,lidar_class_3,lidar_class_4,lidar_class_5,lidar_class_6,lidar_class_7,lidar_class_8,lidar_class_9,lidar_class_10,lidar_class_11,lidar_class_12,lidar_class_13,lidar_class_14,lidar_class_15,lidar_class_16
0,4267.419,-330.823,709.537,-36.607,0.801185,0.596082,-0.052809,-0.596762,0.802410,0.003505,0.044464,0.028706,0.998599,1,0.08000,-0.12000,4.800,-0.240,-1,425.000,-1,400.000,-1,325.000,325.000,325.000,325.000,-1,-1,-1,-1,-1,-1,-1,-1,2,1,2,0,2,0,0,0,0,2,2,2,2,2,2,2,2
1,4275.078,-336.612,710.009,-37.087,0.796164,0.602773,-0.052797,-0.603476,0.797375,0.003221,0.044041,0.029297,0.998600,0,0.16000,-0.24000,9.600,-0.480,-1,500.000,-1,400.000,-1,325.000,325.000,325.000,325.000,-1,-1,-1,-1,-1,-1,-1,-1,2,1,2,0,2,0,0,0,0,2,2,2,2,2,2,2,2
2,4286.479,-345.408,710.689,-37.648,0.790230,0.610538,-0.052723,-0.611269,0.791418,0.002803,0.043437,0.030013,0.998605,0,0.24000,-0.28050,14.400,-0.561,-1,-1,-1,400.000,-1,325.000,325.000,325.000,325.000,-1,-1,-1,-1,-1,-1,-1,-1,2,2,2,0,2,0,0,0,0,2,2,2,2,2,2,2,2
3,4301.568,-357.281,711.496,-38.201,0.784333,0.618139,-0.052209,-0.618886,0.785477,0.002332,0.042451,0.030482,0.998633,0,0.32000,-0.27649,19.200,-0.553,-1,-1,-1,400.000,-1,325.000,325.000,325.000,325.000,-1,-1,-1,-1,-1,-1,-1,-1,2,2,2,0,2,0,0,0,0,2,2,2,2,2,2,2,2
4,4320.286,-372.302,712.500,-38.745,0.778471,0.625555,-0.051620,-0.626320,0.779564,0.001709,0.041310,0.031000,0.998665,0,0.40000,-0.27184,24.000,-0.544,-1,-1,-1,400.000,-1,325.000,325.000,325.000,325.000,-1,-1,-1,-1,-1,-1,-1,-1,2,2,2,0,2,0,0,0,0,2,2,2,2,2,2,2,2
5,4342.580,-390.534,713.688,-39.278,0.772663,0.632768,-0.050963,-0.633551,0.773700,0.001012,0.040071,0.031506,0.998700,0,0.48000,-0.26644,28.800,-0.533,-1,-1,-1,400.000,-1,325.000,325.000,325.000,325.000,-1,-1,-1,-1,-1,-1,-1,-1,2,2,2,0,2,0,0,0,0,2,2,2,2,2,2,2,2
6,4368.395,-412.041,714.874,-39.798,0.766920,0.639774,-0.050226,-0.640535,0.767928,0.001226,0.039355,0.031231,0.998737,0,0.56000,-0.26019,33.600,-0.520,-1,-1,-1,-1,-1,325.000,325.000,325.000,325.000,-1,-1,-1,-1,-1,-1,-1,-1,2,2,2,2,2,0,0,0,0,2,2,2,2,2,2,2,2
7,4397.679,-436.880,716.246,-40.304,0.761282,0.646536,-0.049418,-0.647273,0.762257,0.001399,0.038574,0.030922,0.998777,0,0.64000,-0.25294,38.400,-0.506,-1,-1,-1,-1,-1,325.000,325.000,325.000,325.000,-1,-1,-1,-1,-1,-1,-1,-1,2,2,2,2,2,0,0,0,0,2,2,2,2,2,2,2,2
8,4430.385,-465.105,717.810,-40.793,0.755778,0.653026,-0.048547,-0.653740,0.756718,0.001520,0.037729,0.030588,0.998820,0,0.72000,-0.24455,43.200,-0.489,-1,-1,-1,-1,-1,-1,325.000,325.000,325.000,-1,-1,-1,-1,-1,-1,-1,-1,2,2,2,2,2,2,0,0,0,2,2,2,2,2,2,2,2
9,4466.466,-496.761,719.578,-41.263,0.750447,0.659213,-0.047618,-0.659904,0.751348,0.001580,0.036820,0.030238,0.998864,0,0.80000,-0.23480,48.000,-0.470,-1,-1,-1,-1,-1,-1,325.000,325.000,325.000,-1,-1,-1,-1,-1,-1,-1,-1,2,2,2,2,2,2,0,0,0,2,2,2,2,2,2,2,2
10,4505.881,-531.893,721.023,-41.710,0.745463,0.665103,-0.043859,-0.665675,0.746239,0.002045,0.034089,0.027671,0.999036,0,0.88000,-0.22347,52.800,-0.447,-1,-1,-1,-1,-1,-1,-1,325.000,325.000,-1,-1,-1,-1,-1,-1,-1,-1,2,2,2,2,2,2,2,0,0,2,2,2,2,2,2,2,2
11,4548.595,-570.536,720.100,-42.130,0.741207,0.670749,-0.026593,-0.670889,0.741544,0.004588,0.022797,0.014440,0.999636,0,0.96000,-0.21026,57.600,-0.421,-1,-1,-1,-1,-1,-1,-1,275.000,325.000,-1,-1,-1,-1,-1,-1,-1,-1,2,2,2,2,2,2,2,0,0,2,2,2,2,2,2,2,2
12,4592.816,-611.087,714.686,-42.520,0.737060,0.675806,-0.005448,-0.675822,0.736998,-0.009878,-0.002660,0.010962,0.999936,0,1.00000,-0.19479,60.000,-0.390,-1,-1,-1,-1,-1,-1,-1,250.000,300.000,-1,-1,-1,-1,-1,-1,-1,-1,2,2,2,2,2,2,2,0,1,2,2,2,2,2,2,2,2
13,4636.788,-651.912,705.649,-42.874,0.732673,0.680320,0.018862,-0.679446,0.732769,-0.037453,-0.039302,0.014625,0.999120,0,1.00000,-0.17722,60.000,-0.354,-1,-1,-1,-1,-1,-1,-1,225.000,275.000,-1,-1,-1,-1,-1,-1,-1,-1,2,2,2,2,2,2,2,0,1,2,2,2,2,2,2,2,2
14,4919.454,7543.468,360.304,104.100,-0.281447,-0.959316,-0.022346,0.857414,-0.240958,-0.454731,0.430847,-0.147143,0.890348,1,0.00000,0.00000,60.000,-0.316,0.000,-1,-1,-1,-1,-1,-1,0.000,0.000,-1,950.000,0.000,675.000,-1,-1,0.000,-1,0,2,2,2,2,2,2,1,0,2,1,1,1,2,2,0,2
15,-8194.735,-7541.341,400.800,22.447,0.923433,-0.380188,0.052239,0.383333,0.920242,-0.078806,-0.018111,0.092797,0.995520,1,0.08000,-0.12000,4.800,-0.240,-1,375.000,-1,375.000,-1,300.000,300.000,300.000,300.000,-1,-1,-1,-1,675.000,650.000,-1,-1,2,0,2,0,2,0,0,0,0,2,2,2,2,0,0,2,2
16,-8185.831,-7537.750,400.648,21.967,0.926596,-0.372466,0.051845,0.375606,0.923397,-0.079112,-0.018407,0.092778,0.995517,0,0.16000,-0.24000,9.600,-0.480,-1,375.000,-1,375.000,-1,300.000,300.000,300.000,300.000,-1,-1,-1,-1,675.000,650.000,-1,-1,2,0,2,0,2,0,0,0,0,2,2,2,2,0,0,2,2
17,-8172.410,-7532.532,400.402,21.247,0.931221,-0.360835,0.051240,0.363967,0.928008,-0.079554,-0.018845,0.092732,0.995513,0,0.24000,-0.36000,14.400,-0.720,-1,375.000,-1,375.000,-1,300.000,300.000,300.000,300.000,-1,800.000,-1,-1,675.000,650.000,-1,-1,2,0,2,0,2,0,0,0,0,2,0,2,2,0,0,2,2
18,-8154.400,-7525.874,400.043,20.287,0.937160,-0.345239,0.050407,0.348359,0.933931,-0.080116,-0.019417,0.092642,0.995510,0,0.32000,-0.48000,19.200,-0.960,-1,375.000,-1,375.000,-1,300.000,300.000,300.000,300.000,-1,700.000,825.000,-1,675.000,650.000,-1,-1,2,0,2,0,2,0,0,0,0,2,0,0,2,0,0,2,2
19,-8131.718,-7518.026,399.543,19.087,0.944217,-0.325609,0.049327,0.328710,0.940971,-0.080772,-0.020115,0.092480,0.995511,0,0.40000,-0.60000,24.000,-1.200,-1,375.000,-1,375.000,-1,300.000,300.000,300.000,300.000,-1,625.000,675.000,-1,675.000,650.000,-1,-1,2,0,2,0,2,0,0,0,0,2,0,0,2,0,0,2,2
20,-8104.272,-7509.295,398.872,17.647,0.952142,-0.301867,0.047977,0.304939,0.948879,-0.081488,-0.020926,0.092218,0.995519,0,0.48000,-0.72000,28.800,-1.440,-1,375.000,-1,375.000,-1,300.000,300.000,300.000,300.000,-1,575.000,600.000,-1,675.000,650.000,-1,-1,2,0,2,0,2,0,0,0,0,2,0,0,2,0,0,2,2
21,-8071.967,-7500.052,397.991,15.967,0.960633,-0.273929,0.046335,0.276961,0.957357,-0.082220,-0.021836,0.091817,0.995536,0,0.56000,-0.84000,33.600,-1.680,-1,375.000,-1,375.000,-1,300.000,300.000,325.000,300.000,-1,525.000,525.000,-1,650.000,650.000,-1,-1,2,0,2,0,2,0,0,0,0,2,0,0,2,0,0,2,2
22,-8034.713,-7490.732,396.858,14.047,0.969332,-0.241713,0.044381,0.244691,0.966049,-0.082918,-0.022832,0.091235,0.995568,0,0.64000,-0.96000,38.400,-1.920,-1,375.000,-1,375.000,-1,300.000,300.000,300.000,300.000,-1,500.000,475.000,-1,650.000,650.000,-1,-1,2,0,2,0,2,0,0,0,0,2,0,0,2,0,0,2,2
23,-7992.464,-7481.711,395.432,12.054,0.977228,-0.207969,0.042117,0.210869,0.973938,-0.083540,-0.023646,0.090518,0.995614,0,0.72000,-0.99693,43.200,-1.994,-1,375.000,-1,375.000,-1,300.000,300.000,300.000,300.000,-1,475.000,450.000,-1,650.000,650.000,-1,-1,2,0,2,0,2,0,0,0,0,2,0,0,2,0,0,2,2
24,-7947.562,-7473.743,393.772,10.064,0.983939,-0.174044,0.039669,0.176848,0.980646,-0.084016,-0.024278,0.089681,0.995675,0,0.76003,-0.99480,45.602,-1.990,-1,375.000,-1,375.000,-1,300.000,300.000,300.000,300.000,-1,425.000,425.000,-1,650.000,650.000,-1,-1,2,0,2,0,2,0,0,0,0,2,0,0,2,0,0,2,2
25,-7902.077,-7467.288,392.058,8.080,0.989444,-0.140001,0.037417,0.142714,0.986206,-0.083852,-0.025161,0.088307,0.995775,0,0.76565,-0.99215,45.939,-1.984,-1,375.000,-1,375.000,-1,300.000,300.000,300.000,300.000,-1,400.000,400.000,-1,650.000,650.000,950.000,-1,2,0,2,0,2,0,0,0,0,2,0,0,2,0,0,1,2
26,-7856.070,-7462.373,390.685,6.102,0.993778,-0.105910,0.034464,0.108420,0.990741,-0.081721,-0.025490,0.084949,0.996059,0,0.77112,-0.98898,46.267,-1.978,-1,375.000,-1,375.000,-1,300.000,300.000,300.000,300.000,-1,375.000,400.000,-1,650.000,650.000,875.000,-1,2,0,2,0,2,0,0,0,0,2,0,0,2,0,0,1,2
27,-7809.606,-7459.018,389.911,4.131,0.996898,-0.071785,0.032257,0.074221,0.993859,-0.082065,-0.026168,0.084205,0.996105,0,0.77639,-0.98527,46.583,-1.971,950.000,375.000,-1,375.000,-1,300.000,300.000,300.000,300.000,-1,400.000,425.000,-1,650.000,650.000,800.000,-1,1,0,2,0,2,0,0,0,0,2,0,0,2,0,0,1,2
28,-7762.755,-7457.244,389.170,2.169,0.998846,-0.037717,0.029732,0.040067,0.995753,-0.082888,-0.026479,0.083984,0.996115,0,0.78140,-0.98100,46.884,-1.962,875.000,375.000,-1,375.000,-1,300.000,300.000,300.000,300.000,-1,400.000,425.000,-1,650.000,650.000,750.000,-1,1,0,2,0,2,0,0,0,0,2,0,0,2,1,0,1,2
29,-7715.588,-7457.066,388.291,0.217,0.999624,-0.003772,0.027173,0.006029,0.996492,-0.083472,-0.026763,0.083604,0.996140,0,0.78610,-0.97616,47.166,-1.952,775.000,375.000,-1,375.000,-1,300.000,300.000,300.000,300.000,-1,425.000,450.000,-1,600.000,650.000,700.000,-1,1,0,2,0,2,0,0,0,0,2,0,0,2,1,0,1,2
30,-7668.183,-7458.494,387.276,-1.725,0.999247,0.029991,0.024599,-0.027833,0.996092,-0.083820,-0.027016,0.083072,0.996177,0,0.79042,-0.97072,47.425,-1.941,700.000,375.000,-1,375.000,-1,300.000,300.000,300.000,300.000,-1,425.000,450.000,-1,575.000,650.000,650.000,-1,1,0,2,0,2,0,0,0,0,2,0,0,2,1,0,1,2
31,-7620.620,-7461.532,386.125,-3.654,0.997738,0.063513,0.022024,-0.061458,0.994574,-0.083936,-0.027236,0.082393,0.996228,0,0.79430,-0.96467,47.658,-1.929,625.000,375.000,-1,375.000,-1,300.000,300.000,325.000,300.000,-1,450.000,450.000,-1,550.000,650.000,625.000,-1,1,0,2,0,2,0,0,0,0,2,0,0,2,1,0,1,2
32,-7572.985,-7466.178,384.840,-5.570,0.995120,0.096736,0.019466,-0.094790,0.991962,-0.083827,-0.027419,0.081572,0.996290,0,0.79767,-0.95800,47.860,-1.916,575.000,375.000,-1,375.000,-1,300.000,300.000,300.000,300.000,-1,450.000,450.000,-1,550.000,650.000,575.000,-1,1,0,2,0,2,0,0,0,0,2,0,0,2,1,0,1,2
33,-7525.365,-7472.424,383.422,-7.471,0.991421,0.129606,0.016939,-0.127769,0.988283,-0.083499,-0.027562,0.080618,0.996364,0,0.80044,-0.95069,48.026,-1.901,525.000,375.000,-1,375.000,-1,325.000,325.000,300.000,325.000,-1,475.000,475.000,-1,525.000,675.000,525.000,-1,1,1,2,0,2,0,0,0,0,2,0,0,2,1,0,1,2
34,-7477.853,-7480.254,381.874,-9.357,0.986674,0.162066,0.014457,-0.160340,0.983569,-0.082961,-0.027664,0.079538,0.996448,0,0.80254,-0.94274,48.153,-1.885,475.000,350.000,-1,375.000,-1,325.000,325.000,300.000,325.000,-1,475.000,475.000,-1,525.000,675.000,500.000,-1,1,1,2,0,2,1,0,0,0,2,0,0,2,1,0,1,2
35,-7430.541,-7489.644,380.200,-11.225,0.980915,0.194065,0.012032,-0.192451,0.977856,-0.082224,-0.027723,0.078339,0.996541,0,0.80390,-0.93415,48.234,-1.868,450.000,350.000,-1,375.000,-1,300.000,325.000,300.000,300.000,-1,500.000,475.000,-1,525.000,675.000,475.000,-1,1,1,2,0,2,1,0,0,0,2,0,0,2,1,0,1,2
36,-7383.526,-7500.565,378.403,-13.075,0.974183,0.225552,0.009677,-0.224050,0.971181,-0.081298,-0.027735,0.077031,0.996643,0,0.80443,-0.92493,48.266,-1.850,400.000,350.000,-1,375.000,-1,300.000,300.000,300.000,300.000,-1,450.000,450.000,-1,550.000,675.000,450.000,-1,1,1,2,0,2,0,0,0,0,2,0,0,2,1,0,1,2
37,-7336.905,-7512.975,376.487,-14.905,0.966521,0.256482,0.007402,-0.255089,0.963586,-0.080195,-0.027702,0.075622,0.996752,0,0.80405,-0.91509,48.243,-1.830,375.000,350.000,-1,375.000,-1,300.000,300.000,300.000,300.000,-1,400.000,425.000,-1,575.000,675.000,425.000,-1,1,1,2,0,2,0,0,0,0,2,0,0,2,1,0,1,2
38,-7290.776,-7526.828,374.637,-16.714,0.957976,0.286795,0.005560,-0.285460,0.955064,-0.079776,-0.028190,0.074837,0.996797,0,0.80272,-0.90467,48.163,-1.809,350.000,375.000,-1,375.000,-1,300.000,300.000,300.000,300.000,-1,400.000,400.000,-1,625.000,675.000,425.000,-1,1,1,2,0,2,0,0,0,0,2,0,0,2,1,0,1,2
39,-7240.485,-7543.439,373.933,-18.284,0.949845,0.312719,-0.001109,-0.311706,0.946474,-0.083826,-0.025164,0.079967,0.996480,0,0.88272,-0.78467,52.963,-1.569,350.000,375.000,-1,375.000,-1,325.000,325.000,300.000,300.000,-1,375.000,350.000,-1,700.000,675.000,525.000,-1,1,0,2,0,2,0,0,0,0,2,0,0,2,1,0,1,2
40,-7186.071,-7562.822,373.037,-19.613,0.942380,0.334435,-0.008513,-0.333859,0.938523,-0.087828,-0.021383,0.085609,0.996099,0,0.96272,-0.66467,57.763,-1.329,375.000,400.000,-1,375.000,-1,325.000,325.000,325.000,300.000,-1,375.000,325.000,-1,675.000,700.000,675.000,-1,1,0,2,0,2,0,0,0,0,2,0,0,2,1,0,1,2
41,-7129.943,-7584.030,371.724,-20.702,0.935863,0.352130,-0.012863,-0.351820,0.931764,-0.089652,-0.019584,0.088428,0.995890,0,1.00000,-0.54467,60.000,-1.089,400.000,400.000,-1,375.000,-1,325.000,325.000,325.000,300.000,-1,375.000,325.000,-1,650.000,700.000,650.000,-1,1,0,2,0,2,0,0,0,0,2,0,0,2,1,0,1,2
42,-7074.138,-7606.072,370.277,-21.552,0.930535,0.365929,-0.014161,-0.365694,0.926508,-0.088609,-0.019304,0.087632,0.995966,0,1.00000,-0.42467,60.000,-0.849,425.000,400.000,-1,375.000,-1,325.000,325.000,300.000,300.000,-1,425.000,375.000,-1,600.000,700.000,625.000,-1,1,0,2,0,2,0,0,1,0,2,0,0,2,1,0,1,2
43,-7018.643,-7628.678,368.531,-22.161,0.926573,0.375870,-0.013553,-0.375603,0.922832,-0.085466,-0.019617,0.084281,0.996249,0,0.99870,-0.30467,59.922,-0.609,450.000,400.000,-1,375.000,-1,325.000,325.000,250.000,300.000,-1,450.000,400.000,-1,575.000,675.000,600.000,-1,1,0,2,0,2,0,0,1,0,2,0,0,2,1,0,1,2
44,-6963.706,-7651.651,366.302,-22.687,0.923065,0.384494,-0.010735,-0.384052,0.919739,-0.081140,-0.021325,0.079021,0.996645,0,0.99243,-0.26305,59.546,-0.526,425.000,375.000,-1,375.000,-1,325.000,300.000,225.000,300.000,-1,500.000,475.000,-1,525.000,675.000,525.000,-1,1,0,2,0,2,0,0,1,0,2,0,0,2,1,0,1,2
45,-6909.365,-7674.933,364.318,-23.188,0.919644,0.392648,-0.009044,-0.392128,0.916642,-0.077478,-0.022132,0.074799,0.996953,0,0.98531,-0.25045,59.119,-0.501,400.000,375.000,-1,375.000,-1,300.000,300.000,200.000,300.000,-1,550.000,525.000,-1,500.000,675.000,475.000,-1,1,1,2,0,2,0,0,1,0,2,0,0,2,1,0,1,2
46,-6855.662,-7698.481,363.168,-23.677,0.916237,0.400479,-0.011233,-0.400131,0.913312,-0.075877,-0.020128,0.074015,0.997054,0,0.97731,-0.24446,58.638,-0.489,375.000,350.000,-1,375.000,-1,300.000,300.000,200.000,300.000,-1,550.000,525.000,-1,475.000,675.000,425.000,-1,1,1,2,0,2,0,0,1,0,2,0,0,2,1,0,1,2
47,-6802.642,-7722.266,362.017,-24.161,0.912793,0.408201,-0.013442,-0.408022,0.909949,-0.074240,-0.018073,0.073250,0.997150,0,0.96851,-0.24193,58.111,-0.484,350.000,325.000,-1,375.000,-1,300.000,300.000,200.000,325.000,-1,550.000,550.000,-1,450.000,675.000,375.000,-1,1,1,2,0,2,1,0,1,0,2,0,0,2,1,0,1,2
48,-6750.338,-7746.258,360.865,-24.641,0.909306,0.415833,-0.015669,-0.415821,0.906546,-0.072569,-0.015971,0.072503,0.997240,0,0.95907,-0.24001,57.544,-0.480,300.000,325.000,-1,375.000,-1,300.000,300.000,175.000,325.000,-1,525.000,550.000,-1,425.000,675.000,325.000,-1,1,1,2,0,2,1,0,1,0,2,0,0,2,1,0,1,2
49,-6698.772,-7770.432,360.108,-25.118,0.905801,0.423345,-0.017436,-0.423435,0.902994,-0.072833,-0.015089,0.073355,0.997192,0,0.94917,-0.23869,56.950,-0.477,275.000,300.000,-1,375.000,1000.000,275.000,300.000,200.000,325.000,-1,550.000,575.000,-1,425.000,675.000,275.000,-1,1,1,2,0,1,1,1,1,0,2,0,0,2,1,0,1,2
50,-6647.958,-7794.768,360.305,-25.594,0.902323,0.430678,-0.018138,-0.430716,0.899125,-0.077837,-0.017215,0.078047,0.996801,0,0.93902,-0.23799,56.341,-0.476,225.000,275.000,-1,375.000,950.000,275.000,300.000,200.000,300.000,-1,725.000,700.000,-1,400.000,675.000,250.000,-1,1,1,2,0,1,1,1,1,0,2,0,0,2,1,0,1,2
51,-6597.890,-7819.241,363.511,-26.070,0.898522,0.437482,-0.035590,-0.438875,0.894195,-0.088338,-0.006822,0.094994,0.995455,0,0.92881,-0.23788,55.729,-0.476,225.000,300.000,-1,400.000,925.000,275.000,325.000,225.000,300.000,-1,575.000,525.000,-1,450.000,700.000,250.000,-1,1,1,2,0,1,1,1,1,0,2,0,0,2,1,0,1,2
52,-6548.566,-7843.858,366.402,-26.547,0.894304,0.444202,-0.053896,-0.447430,0.889113,-0.096353,0.005119,0.110284,0.993887,0,0.91877,-0.23835,55.126,-0.477,225.000,325.000,-1,400.000,900.000,300.000,350.000,250.000,275.000,-1,475.000,375.000,1000.000,500.000,750.000,275.000,-1,1,1,2,0,1,1,1,1,0,2,0,0,0,1,0,1,2
53,-6499.968,-7868.625,368.465,-27.026,0.889735,0.451017,-0.070399,-0.456165,0.884197,-0.100547,0.016898,0.121574,0.992439,0,0.90906,-0.23938,54.544,-0.479,250.000,350.000,-1,425.000,875.000,325.000,375.000,275.000,275.000,-1,400.000,275.000,875.000,600.000,800.000,300.000,-1,1,1,2,0,1,1,0,1,0,2,0,0,0,1,0,1,2
54,-6447.382,-7896.132,370.008,-27.628,0.883913,0.459880,-0.084896,-0.466794,0.878618,-0.100669,0.028295,0.128612,0.991291,0,0.98906,-0.30132,59.344,-0.603,250.000,375.000,-1,450.000,850.000,375.000,400.000,275.000,275.000,-1,350.000,225.000,775.000,-1,875.000,350.000,-1,1,1,2,0,1,1,0,1,0,2,0,0,0,2,0,1,2
55,-6394.500,-7924.482,370.514,-28.203,0.878119,0.468525,-0.096911,-0.476820,0.873668,-0.096683,0.039370,0.131108,0.990586,0,1.00000,-0.28765,60.000,-0.575,250.000,425.000,-1,475.000,825.000,450.000,425.000,275.000,275.000,-1,275.000,150.000,675.000,-1,950.000,-1,975.000,1,1,2,0,1,0,0,1,0,2,0,0,0,2,0,2,1
56,-6341.891,-7953.334,371.149,-28.749,0.872796,0.476614,-0.105200,-0.485921,0.868778,-0.095420,0.045917,0.134401,0.989863,0,1.00000,-0.27290,60.000,-0.546,275.000,500.000,-1,500.000,775.000,450.000,425.000,250.000,275.000,575.000,250.000,125.000,625.000,-1,950.000,-1,925.000,1,1,2,0,1,0,0,1,0,1,0,0,0,2,1,2,1
57,-6289.544,-7982.660,371.632,-29.264,0.867985,0.484218,-0.110160,-0.494157,0.864147,-0.095183,0.049105,0.137054,0.989346,0,1.00000,-0.25724,60.000,-0.514,300.000,600.000,-1,500.000,750.000,475.000,425.000,225.000,250.000,500.000,225.000,100.000,625.000,-1,900.000,-1,875.000,1,1,2,0,1,0,0,1,0,1,0,0,0,2,1,2,1
58,-6237.448,-8012.428,371.519,-29.745,0.863649,0.491443,-0.112224,-0.501567,0.860015,-0.093831,0.050401,0.137325,0.989243,0,1.00000,-0.24071,60.000,-0.481,-1,650.000,-1,500.000,700.000,475.000,425.000,200.000,250.000,475.000,225.000,100.000,625.000,-1,875.000,-1,825.000,2,0,2,0,1,0,0,1,0,1,0,0,0,2,1,2,1
59,-6185.588,-8042.606,370.817,-30.192,0.859832,0.498281,-0.111382,-0.508141,0.856405,-0.091450,0.049821,0.135230,0.989561,0,1.00000,-0.22344,60.000,-0.447,-1,650.000,-1,500.000,650.000,475.000,425.000,175.000,250.000,475.000,225.000,100.000,650.000,-1,825.000,-1,775.000,2,0,2,0,1,0,0,1,0,1,0,0,0,2,1,2,1
60,-6134.140,-8073.047,369.540,-30.603,0.856547,0.504716,-0.107651,-0.513889,0.853318,-0.088127,0.047381,0.130806,0.990275,0,0.99631,-0.20559,59.779,-0.411,-1,625.000,-1,500.000,600.000,450.000,425.000,150.000,250.000,475.000,225.000,125.000,675.000,-1,800.000,-1,725.000,2,0,2,0,1,0,0,1,0,1,0,0,0,2,1,2,1
61,-6083.597,-8103.431,368.712,-31.005,0.853785,0.510875,-0.100289,-0.519103,0.850066,-0.088992,0.039788,0.128040,0.990971,0,0.98288,-0.20096,58.973,-0.402,-1,600.000,-1,475.000,550.000,450.000,425.000,125.000,250.000,475.000,300.000,175.000,750.000,-1,750.000,-1,675.000,2,0,2,0,1,0,0,1,0,1,0,0,0,2,1,2,1
62,-6034.011,-8133.696,370.250,-31.403,0.851847,0.516315,-0.088178,-0.523369,0.845772,-0.103705,0.021034,0.134490,0.990692,0,0.96822,-0.19875,58.093,-0.398,-1,550.000,-1,450.000,500.000,425.000,375.000,125.000,250.000,550.000,675.000,475.000,900.000,-1,700.000,-1,600.000,2,0,2,0,1,0,0,1,0,1,0,0,0,2,1,2,1
63,-5985.427,-8163.821,370.452,-31.797,0.849805,0.522050,-0.072769,-0.527095,0.842068,-0.114420,0.001544,0.135591,0.990764,0,0.95275,-0.19734,57.165,-0.395,-1,525.000,-1,400.000,450.000,375.000,350.000,125.000,250.000,600.000,-1,975.000,-1,-1,625.000,-1,550.000,2,0,2,0,1,0,0,1,0,1,2,0,2,2,1,2,1
64,-5937.862,-8193.784,369.095,-32.191,0.847512,0.528235,-0.051878,-0.530392,0.839122,-0.120662,-0.020206,0.129778,0.991337,0,0.93691,-0.19672,56.214,-0.393,-1,450.000,-1,375.000,400.000,350.000,325.000,125.000,250.000,625.000,-1,-1,-1,900.000,575.000,-1,475.000,2,0,2,0,1,0,0,1,0,1,2,2,2,0,1,2,1
65,-5891.298,-8223.562,367.719,-32.585,0.844562,0.534383,-0.033905,-0.534058,0.836089,-0.125450,-0.038691,0.124058,0.991520,0,0.92116,-0.19687,55.270,-0.394,-1,400.000,-1,350.000,350.000,325.000,300.000,125.000,250.000,650.000,-1,-1,-1,775.000,525.000,-1,425.000,2,0,2,0,1,0,0,1,0,1,2,2,2,0,1,2,1
66,-5845.704,-8253.161,366.706,-32.980,0.841143,0.540422,-0.020566,-0.538233,0.832813,-0.129337,-0.052769,0.119860,0.991387,0,0.90595,-0.19774,54.357,-0.395,-1,375.000,-1,325.000,325.000,300.000,275.000,125.000,250.000,650.000,-1,-1,-1,700.000,500.000,-1,375.000,2,0,2,0,1,0,0,1,0,1,2,2,2,0,1,2,1
67,-5804.203,-8280.247,367.609,-33.135,0.839855,0.542438,-0.020106,-0.539911,0.830973,-0.134092,-0.056029,0.123473,0.990765,0,0.82595,-0.07774,49.557,-0.155,-1,375.000,-1,325.000,275.000,300.000,275.000,150.000,250.000,675.000,-1,-1,-1,675.000,475.000,-1,350.000,2,0,2,0,1,0,0,1,0,1,2,2,2,0,1,2,1
68,-5766.687,-8304.655,367.995,-33.051,0.840730,0.541100,-0.019610,-0.538402,0.831600,-0.136251,-0.057418,0.125108,0.990480,0,0.74595,0.04226,44.757,0.085,-1,375.000,-1,300.000,250.000,300.000,275.000,175.000,250.000,650.000,-1,-1,-1,675.000,450.000,-1,300.000,2,0,2,0,1,0,0,1,0,1,2,2,2,0,1,2,1
69,-5733.073,-8326.257,368.009,-32.726,0.843767,0.536376,-0.018930,-0.533636,0.834644,-0.136388,-0.057356,0.125181,0.990475,0,0.66595,0.16226,39.957,0.325,-1,375.000,-1,325.000,250.000,300.000,275.000,200.000,250.000,650.000,-1,-1,-1,675.000,425.000,-1,300.000,2,0,2,0,1,0,0,1,0,1,2,2,2,0,1,2,1
70,-5703.312,-8344.972,367.736,-32.162,0.848933,0.528193,-0.018033,-0.525502,0.839995,-0.135113,-0.056218,0.124179,0.990666,0,0.58595,0.28226,35.157,0.565,-1,375.000,-1,325.000,225.000,300.000,275.000,225.000,250.000,600.000,-1,-1,-1,675.000,425.000,-1,275.000,2,0,2,0,1,0,0,1,0,1,2,2,2,0,1,2,1
71,-5673.716,-8363.010,367.237,-31.357,0.856140,0.516466,-0.016923,-0.513892,0.847525,-0.132726,-0.054206,0.122329,0.991008,0,0.57769,0.40226,34.662,0.805,-1,375.000,-1,325.000,200.000,300.000,275.000,225.000,250.000,450.000,-1,-1,-1,675.000,425.000,-1,250.000,2,0,2,0,1,0,0,1,0,1,2,2,2,0,1,2,1
72,-5643.971,-8380.403,366.561,-30.313,0.865250,0.501096,-0.015674,-0.498707,0.857082,-0.129239,-0.051327,0.119640,0.991490,0,0.57431,0.52226,34.458,1.045,-1,375.000,-1,325.000,200.000,300.000,275.000,250.000,250.000,400.000,-1,-1,-1,675.000,425.000,-1,250.000,2,0,2,0,1,0,0,1,0,1,2,2,2,0,1,2,1
73,-5613.969,-8397.057,365.736,-29.028,0.876078,0.481956,-0.014372,-0.479811,0.868459,-0.124741,-0.047638,0.116179,0.992085,0,0.57195,0.64226,34.317,1.285,-1,375.000,-1,325.000,200.000,300.000,275.000,250.000,250.000,350.000,-1,-1,-1,675.000,425.000,-1,225.000,2,0,2,0,1,0,0,1,0,1,2,2,2,0,1,2,1
74,-5583.610,-8412.868,364.786,-27.504,0.888390,0.458902,-0.013125,-0.457054,0.881400,-0.119316,-0.043186,0.111998,0.992770,0,0.57053,0.76226,34.232,1.525,-1,375.000,-1,325.000,175.000,300.000,275.000,250.000,250.000,350.000,-1,-1,-1,675.000,450.000,-1,225.000,2,0,2,0,1,0,0,1,1,1,2,2,2,0,1,2,1
75,-5552.824,-8427.756,363.753,-25.801,0.901442,0.432731,-0.012100,-0.431217,0.895123,-0.113168,-0.038140,0.107232,0.993502,0,0.56999,0.85158,34.199,1.703,-1,375.000,-1,325.000,175.000,300.000,275.000,250.000,250.000,325.000,-1,-1,-1,675.000,525.000,-1,225.000,2,0,2,0,1,0,0,1,1,1,2,2,2,0,1,2,1
76,-5521.605,-8441.728,362.717,-24.102,0.913698,0.406230,-0.011509,-0.405058,0.908038,-0.106748,-0.032914,0.102197,0.994219,0,0.57009,0.84913,34.205,1.698,-1,375.000,-1,325.000,175.000,300.000,300.000,250.000,225.000,300.000,-1,-1,-1,675.000,550.000,-1,250.000,2,0,2,0,1,0,0,1,1,1,2,2,2,0,0,2,1
77,-5489.974,-8454.776,361.679,-22.409,0.925154,0.379422,-0.011372,-0.378594,0.920136,-0.100084,-0.027511,0.096898,0.994914,0,0.57030,0.84666,34.218,1.693,-1,375.000,-1,350.000,175.000,300.000,300.000,250.000,225.000,300.000,-1,-1,-1,675.000,575.000,-1,275.000,2,0,2,1,1,0,0,1,1,1,2,2,2,0,0,2,1
78,-5457.955,-8466.894,360.640,-20.721,0.935801,0.352333,-0.011707,-0.351845,0.931406,-0.093207,-0.021936,0.091342,0.995578,0,0.57063,0.84417,34.238,1.688,-1,375.000,-1,350.000,200.000,300.000,300.000,250.000,200.000,275.000,-1,-1,-1,675.000,575.000,-1,800.000,2,0,2,1,1,0,0,1,1,1,2,2,2,0,0,2,0
79,-5425.568,-8478.074,359.602,-19.037,0.945635,0.324989,-0.012529,-0.324827,0.941841,-0.086153,-0.016198,0.085539,0.996203,0,0.57106,0.84166,34.263,1.683,-1,375.000,-1,350.000,225.000,300.000,300.000,250.000,200.000,275.000,-1,-1,-1,675.000,600.000,-1,900.000,2,0,2,0,1,0,0,1,1,1,2,2,2,0,0,2,0
80,-5392.839,-8488.310,358.570,-17.359,0.954648,0.297416,-0.013849,-0.297559,0.951432,-0.078962,-0.010308,0.079502,0.996781,0,0.57157,0.83912,34.294,1.678,-1,375.000,-1,350.000,900.000,300.000,300.000,250.000,175.000,275.000,-1,-1,-1,675.000,600.000,-1,1000.000,2,0,2,0,0,0,0,1,1,1,2,2,2,0,0,2,0
81,-5359.789,-8497.596,357.547,-15.686,0.962834,0.269639,-0.015672,-0.270060,0.960172,-0.071678,-0.004279,0.073246,0.997305,0,0.57218,0.83657,34.331,1.673,-1,375.000,-1,350.000,1000.000,300.000,300.000,250.000,175.000,250.000,-1,-1,-1,675.000,625.000,-1,-1,2,0,2,0,1,0,0,1,1,1,2,2,2,0,0,2,2
82,-5326.443,-8505.926,356.494,-14.018,0.970185,0.241688,-0.018094,-0.242356,0.968065,-0.064143,0.002014,0.066615,0.997777,0,0.57286,0.83401,34.372,1.668,-1,375.000,-1,375.000,-1,300.000,300.000,250.000,175.000,250.000,-1,-1,-1,700.000,650.000,-1,-1,2,0,2,0,2,0,0,1,1,1,2,2,2,0,0,2,2
83,-5292.825,-8513.295,355.375,-12.355,0.976692,0.213591,-0.021266,-0.214470,0.975112,-0.056212,0.008730,0.059463,0.998192,0,0.57361,0.83143,34.417,1.663,-1,375.000,-1,375.000,-1,300.000,300.000,250.000,175.000,250.000,-1,-1,-1,700.000,675.000,-1,-1,2,0,2,0,2,0,0,1,1,1,2,2,2,0,0,2,2
84,-5258.960,-8519.696,354.585,-10.697,0.982358,0.185357,-0.024806,-0.186396,0.981220,-0.049637,0.015140,0.053385,0.998459,0,0.57443,0.82885,34.466,1.658,-1,375.000,-1,375.000,-1,300.000,300.000,250.000,175.000,250.000,-1,-1,-1,700.000,675.000,-1,-1,2,0,2,0,2,0,0,1,1,1,2,2,2,0,0,2,2
85,-5224.872,-8525.123,354.914,-9.045,0.987257,0.156999,-0.025992,-0.158105,0.986251,-0.048071,0.018088,0.051568,0.998506,0,0.57530,0.82625,34.518,1.652,-1,375.000,-1,375.000,-1,300.000,300.000,250.000,175.000,250.000,-1,-1,475.000,700.000,700.000,-1,-1,2,0,2,0,2,0,0,1,1,1,2,2,1,0,0,2,2
86,-5190.586,-8529.575,355.771,-7.398,0.991343,0.128586,-0.026539,-0.129750,0.990375,-0.048180,0.020089,0.051207,0.998486,0,0.57623,0.82364,34.574,1.647,-1,375.000,-1,375.000,-1,300.000,300.000,250.000,175.000,275.000,-1,-1,375.000,700.000,700.000,-1,-1,2,0,2,0,2,0,0,1,1,1,2,2,1,0,0,2,2
87,-5154.022,-8533.412,356.839,-5.990,0.994174,0.104228,-0.027460,-0.105456,0.993270,-0.047893,0.022283,0.050510,0.998475,0,0.61276,0.70364,36.765,1.407,-1,375.000,-1,375.000,-1,300.000,300.000,250.000,200.000,300.000,-1,-1,325.000,700.000,700.000,-1,-1,2,0,2,0,2,0,0,1,1,1,2,2,1,0,0,2,2
88,-5117.864,-8536.463,357.923,-4.823,0.996064,0.083974,-0.028384,-0.085261,0.995217,-0.047677,0.024245,0.049910,0.998459,0,0.60478,0.58364,36.287,1.167,-1,375.000,-1,375.000,-1,300.000,300.000,275.000,200.000,325.000,-1,-1,275.000,725.000,700.000,-1,-1,2,0,2,0,2,0,0,1,1,1,2,2,1,0,0,2,2
89,-5082.070,-8538.900,359.019,-3.896,0.997264,0.067859,-0.029308,-0.069201,0.996470,-0.047521,0.025980,0.049419,0.998440,0,0.59795,0.46364,35.877,0.927,-1,375.000,-1,375.000,-1,300.000,300.000,275.000,225.000,350.000,-1,-1,275.000,725.000,700.000,-1,-1,2,0,2,0,2,0,0,1,1,1,2,2,1,0,0,2,2
90,-5046.585,-8540.748,360.129,-2.981,0.998192,0.051949,-0.030231,-0.053345,0.997451,-0.047397,0.027692,0.048924,0.998419,0,0.59222,0.45722,35.533,0.914,-1,375.000,-1,375.000,-1,325.000,300.000,275.000,225.000,350.000,-1,-1,275.000,725.000,700.000,-1,-1,2,0,2,0,2,0,0,1,1,1,2,2,1,0,0,2,2
91,-5011.386,-8542.016,361.255,-2.062,0.998868,0.035940,-0.031151,-0.037391,0.998180,-0.047304,0.029394,0.048415,0.998395,0,0.58704,0.45962,35.222,0.919,-1,375.000,-1,375.000,-1,325.000,325.000,300.000,250.000,375.000,-1,-1,275.000,725.000,700.000,-1,-1,2,0,2,0,2,0,0,1,1,1,2,2,1,0,0,2,2
92,-4976.450,-8542.710,362.397,-1.138,0.999289,0.019831,-0.032068,-0.021335,0.998656,-0.047242,0.031088,0.047892,0.998369,0,0.58238,0.46224,34.943,0.924,-1,375.000,-1,375.000,-1,325.000,325.000,300.000,275.000,400.000,-1,-1,275.000,725.000,725.000,-1,-1,2,0,2,0,2,0,0,1,1,1,2,2,1,0,0,2,2
93,-4941.757,-8542.836,363.555,-0.208,0.999449,0.003618,-0.032981,-0.005174,0.998872,-0.047210,0.032773,0.047354,0.998340,0,0.57824,0.46505,34.694,0.930,-1,375.000,-1,375.000,-1,325.000,325.000,300.000,300.000,400.000,-1,-1,275.000,725.000,725.000,-1,-1,2,0,2,0,2,0,0,0,0,1,2,2,1,0,0,2,2
94,-4907.283,-8542.397,364.730,0.729,0.999345,-0.012701,-0.033888,0.011094,0.998823,-0.047209,0.034448,0.046802,0.998310,0,0.57461,0.46804,34.477,0.936,-1,375.000,-1,375.000,-1,325.000,325.000,300.000,300.000,425.000,-1,-1,275.000,750.000,725.000,-1,-1,2,0,2,0,2,0,0,0,0,1,2,2,1,0,0,2,2
95,-4877.616,-8541.660,365.756,1.425,0.999090,-0.024835,-0.034666,0.023184,0.998615,-0.047230,0.035791,0.046384,0.998282,0,0.49461,0.34804,29.677,0.696,-1,375.000,-1,375.000,-1,325.000,325.000,300.000,300.000,450.000,-1,-1,275.000,750.000,725.000,-1,-1,2,0,2,0,2,0,0,0,0,1,2,2,1,0,0,2,2
96,-4852.752,-8540.843,366.625,1.881,0.998838,-0.032784,-0.035315,0.031098,0.998398,-0.047259,0.036808,0.046106,0.998258,0,0.41461,0.22804,24.877,0.456,-1,400.000,-1,375.000,-1,325.000,325.000,300.000,300.000,450.000,-1,-1,275.000,750.000,725.000,-1,-1,2,0,2,0,2,0,0,0,0,1,2,2,1,0,0,2,2
97,-4832.689,-8540.109,367.329,2.097,0.998689,-0.036549,-0.035836,0.034837,0.998274,-0.047283,0.037503,0.045973,0.998238,0,0.33461,0.10804,20.077,0.216,-1,400.000,-1,375.000,-1,325.000,325.000,300.000,300.000,450.000,-1,-1,300.000,750.000,725.000,-1,-1,2,0,2,0,2,0,0,0,0,1,2,2,1,0,0,2,2
98,-4817.422,-8539.556,367.866,2.073,0.998690,-0.036132,-0.036231,0.034402,0.998288,-0.047294,0.037878,0.045986,0.998224,0,0.25461,-0.01196,15.277,-0.024,-1,400.000,-1,375.000,-1,325.000,325.000,300.000,300.000,475.000,-1,-1,300.000,750.000,725.000,-1,-1,2,0,2,0,2,0,0,0,0,1,2,2,1,0,0,2,2
99,-4806.951,-8539.225,368.233,1.809,0.998836,-0.031533,-0.036499,0.029793,0.998437,-0.047288,0.037933,0.046146,0.998214,0,0.17461,-0.13196,10.477,-0.264,-1,400.000,-1,375.000,-1,325.000,325.000,300.000,300.000,475.000,-1,-1,300.000,750.000,725.000,-1,-1,2,0,2,0,2,0,0,0,0,1,2,2,1,0,0,2,2
100,-4801.276,-8539.096,368.431,1.305,0.999070,-0.022750,-0.036640,0.021008,0.998662,-0.047263,0.037666,0.046449,0.998210,0,0.09461,-0.25196,5.677,-0.504,-1,400.000,-1,375.000,-1,325.000,325.000,300.000,300.000,475.000,-1,-1,300.000,750.000,725.000,-1,-1,2,0,2,0,2,0,0,0,0,1,2,2,1,0,0,2,2
101,-4800.399,-8539.087,368.464,0.561,0.999280,-0.009782,-0.036655,0.008046,0.998852,-0.047221,0.037075,0.046892,0.998212,0,0.01461,-0.37196,0.877,-0.744,-1,400.000,-1,375.000,-1,325.000,325.000,300.000,300.000,475.000,-1,-1,300.000,750.000,725.000,-1,-1,2,0,2,0,2,0,0,0,0,1,2,2,1,0,0,2,2
102,-4804.322,-8539.061,368.337,-0.378,0.999310,0.006591,-0.036542,-0.008313,0.998852,-0.047170,0.036189,0.047442,0.998218,0,-0.06539,-0.46958,-3.923,-0.939,-1,400.000,-1,375.000,-1,325.000,325.000,300.000,300.000,450.000,-1,-1,325.000,750.000,725.000,-1,-1,2,0,2,0,2,0,0,0,0,1,2,2,1,0,0,2,2
103,-4813.043,-8538.860,368.057,-1.318,0.999077,0.022975,-0.036303,-0.024676,0.998584,-0.047128,0.035169,0.047981,0.998229,0,-0.14539,-0.46997,-8.723,-0.940,-1,400.000,-1,375.000,-1,325.000,325.000,300.000,300.000,450.000,-1,-1,325.000,750.000,725.000,-1,-1,2,0,2,0,2,0,0,0,0,1,2,2,1,0,0,2,2
104,-4824.134,-8538.422,367.707,-2.260,0.998575,0.039381,-0.036003,-0.041058,0.998046,-0.047098,0.034078,0.048509,0.998241,0,-0.18500,-0.47082,-11.100,-0.942,-1,400.000,-1,375.000,-1,325.000,325.000,300.000,300.000,450.000,-1,-1,325.000,750.000,725.000,-1,-1,2,0,2,0,2,0,0,0,0,1,2,2,1,0,0,2,2
105,-4835.100,-8537.808,367.368,-3.203,0.997803,0.055813,-0.035705,-0.057466,0.997237,-0.047079,0.032979,0.049027,0.998253,0,-0.18306,-0.47186,-10.984,-0.944,-1,375.000,-1,375.000,-1,325.000,325.000,300.000,300.000,425.000,-1,-1,325.000,750.000,725.000,-1,-1,2,0,2,0,2,0,0,0,0,1,2,2,1,0,0,2,2
106,-4845.932,-8537.022,367.041,-4.149,0.996757,0.072263,-0.035411,-0.073891,0.996155,-0.047070,0.031873,0.049534,0.998264,0,-0.18101,-0.47286,-10.861,-0.946,-1,375.000,-1,375.000,-1,325.000,325.000,300.000,300.000,425.000,-1,-1,325.000,750.000,725.000,-1,-1,2,0,2,0,2,0,0,0,0,1,2,2,1,0,0,2,2
107,-4856.621,-8536.069,366.725,-5.097,0.995437,0.088725,-0.035120,-0.090329,0.994799,-0.047072,0.030761,0.050029,0.998274,0,-0.17886,-0.47381,-10.732,-0.948,-1,375.000,-1,375.000,-1,325.000,325.000,300.000,300.000,425.000,-1,-1,325.000,750.000,725.000,-1,-1,2,0,2,0,2,0,0,0,0,1,2,2,1,0,0,2,2
108,-4867.159,-8534.953,366.421,-6.046,0.993841,0.105195,-0.034835,-0.106774,0.993168,-0.047084,0.029644,0.050513,0.998283,0,-0.17661,-0.47472,-10.597,-0.949,-1,375.000,-1,375.000,-1,325.000,325.000,300.000,300.000,400.000,-1,-1,350.000,750.000,725.000,-1,-1,2,0,2,0,2,0,0,0,0,1,2,2,1,0,0,2,2
109,-4872.909,-8534.222,366.257,-7.236,0.991452,0.125785,-0.034671,-0.127341,0.990741,-0.047089,0.028427,0.051101,0.998289,0,-0.09661,-0.59472,-5.797,-1.189,-1,375.000,-1,375.000,-1,325.000,325.000,300.000,300.000,400.000,-1,-1,350.000,725.000,725.000,-1,-1,2,0,2,0,2,0,0,0,0,1,2,2,1,0,0,2,2
110,-4873.894,-8534.072,366.223,-8.665,0.988010,0.150455,-0.034627,-0.151991,0.987260,-0.047083,0.027102,0.051781,0.998291,0,-0.01661,-0.71472,-0.997,-1.429,-1,375.000,-1,375.000,-1,325.000,325.000,300.000,300.000,400.000,-1,-1,375.000,725.000,725.000,-1,-1,2,0,2,0,2,0,0,0,0,1,2,2,1,0,0,2,2
111,-4870.151,-8534.754,366.307,-10.334,0.983210,0.179146,-0.034703,-0.180663,0.982419,-0.047058,0.025662,0.052537,0.998289,0,0.06339,-0.83472,3.803,-1.669,-1,375.000,-1,375.000,-1,325.000,325.000,300.000,300.000,400.000,-1,-1,400.000,725.000,725.000,-1,-1,2,0,2,0,2,0,0,0,1,1,2,2,1,0,0,2,2
112,-4861.743,-8536.578,366.490,-12.244,0.976696,0.211771,-0.034894,-0.213270,0.975862,-0.047006,0.024098,0.053352,0.998285,0,0.14339,-0.95472,8.603,-1.909,-1,375.000,-1,375.000,-1,325.000,325.000,300.000,300.000,400.000,-1,-1,425.000,725.000,725.000,-1,-1,2,0,2,0,2,0,0,0,1,1,2,2,1,0,0,2,2
113,-4848.751,-8539.876,366.768,-14.244,0.968708,0.245690,-0.035225,-0.247173,0.967838,-0.046863,0.022578,0.054103,0.998280,0,0.22339,-1.00000,13.403,-2.000,-1,375.000,-1,375.000,-1,325.000,325.000,300.000,300.000,425.000,850.000,-1,475.000,725.000,700.000,-1,-1,2,0,2,0,2,0,0,0,1,1,1,2,1,0,0,2,2
114,-4831.273,-8544.968,367.250,-16.244,0.959542,0.279305,-0.035619,-0.280777,0.958633,-0.046776,0.021080,0.054884,0.998270,0,0.30339,-1.00000,18.203,-2.000,-1,375.000,-1,375.000,-1,325.000,325.000,300.000,300.000,450.000,700.000,-1,500.000,725.000,700.000,-1,-1,2,0,2,0,2,0,0,0,1,1,1,2,1,0,0,2,2
115,-4809.426,-8552.169,367.707,-18.244,0.949197,0.312584,-0.036283,-0.314049,0.948282,-0.046203,0.019964,0.055251,0.998273,0,0.38339,-1.00000,23.003,-2.000,-1,375.000,-1,375.000,975.000,325.000,325.000,300.000,300.000,475.000,625.000,-1,550.000,750.000,725.000,-1,-1,2,0,2,0,1,0,0,0,1,1,1,2,1,0,0,2,2
116,-4783.339,-8561.790,368.148,-20.244,0.937689,0.345487,-0.037126,-0.346949,0.936792,-0.045241,0.019149,0.055303,0.998286,0,0.46339,-1.00000,27.803,-2.000,-1,400.000,-1,375.000,925.000,325.000,325.000,300.000,300.000,525.000,550.000,900.000,600.000,750.000,725.000,-1,-1,2,0,2,0,1,0,0,0,1,1,1,1,1,0,0,2,2
117,-4753.161,-8574.133,368.642,-22.244,0.925039,0.377969,-0.037983,-0.379429,0.924160,-0.044303,0.018357,0.055394,0.998296,0,0.54339,-1.00000,32.603,-2.000,-1,400.000,-1,375.000,875.000,325.000,325.000,300.000,300.000,575.000,525.000,825.000,675.000,750.000,725.000,-1,-1,2,0,2,0,1,0,0,0,0,1,1,1,1,0,0,2,2
118,-4719.056,-8589.491,369.223,-24.244,0.911267,0.409984,-0.038799,-0.411446,0.910389,-0.043632,0.017433,0.055724,0.998294,0,0.62339,-1.00000,37.403,-2.000,-1,400.000,-1,375.000,825.000,325.000,325.000,300.000,300.000,650.000,500.000,750.000,775.000,750.000,725.000,-1,-1,2,0,2,0,1,0,0,0,0,1,1,1,1,0,0,2,2
119,-4681.202,-8608.154,369.890,-26.244,0.896393,0.441490,-0.039584,-0.442960,0.895494,-0.043328,0.016318,0.056373,0.998276,0,0.70339,-1.00000,42.203,-2.000,-1,400.000,-1,375.000,775.000,325.000,325.000,300.000,300.000,750.000,475.000,725.000,-1,750.000,725.000,-1,-1,2,0,2,0,1,0,0,0,0,1,1,1,2,0,0,2,2
120,-4639.794,-8630.397,370.536,-28.244,0.880424,0.472457,-0.040464,-0.473940,0.879510,-0.042937,0.015303,0.056980,0.998258,0,0.78339,-1.00000,47.003,-2.000,-1,400.000,-1,375.000,725.000,325.000,325.000,300.000,300.000,900.000,475.000,700.000,-1,750.000,725.000,-1,-1,2,0,2,0,1,0,0,0,0,1,1,1,2,0,0,2,2
121,-4598.504,-8654.470,371.100,-30.244,0.863385,0.502847,-0.041359,-0.504343,0.862458,-0.042484,0.014307,0.057540,0.998241,0,0.79658,-1.00000,47.795,-2.000,-1,400.000,-1,375.000,675.000,325.000,325.000,300.000,300.000,-1,500.000,675.000,-1,775.000,725.000,-1,925.000,2,0,2,0,1,0,0,0,0,2,1,1,2,0,0,2,1
122,-4558.014,-8680.011,371.573,-32.244,0.845296,0.532625,-0.042252,-0.534132,0.844358,-0.041976,0.013318,0.058051,0.998225,0,0.79786,-1.00000,47.872,-2.000,-1,400.000,-1,375.000,625.000,325.000,325.000,300.000,300.000,-1,500.000,675.000,-1,775.000,725.000,-1,825.000,2,0,2,0,1,0,0,0,0,2,1,1,2,0,0,2,1
123,-4518.372,-8706.996,371.954,-34.244,0.826180,0.561753,-0.043141,-0.563272,0.825233,-0.041414,0.012337,0.058515,0.998210,0,0.79924,-1.00000,47.954,-2.000,-1,400.000,-1,375.000,600.000,325.000,325.000,300.000,300.000,-1,500.000,675.000,-1,775.000,725.000,-1,750.000,2,0,2,0,1,0,0,0,0,2,1,1,2,0,1,2,1
124,-4479.625,-8735.400,372.426,-36.244,0.806087,0.590219,-0.043186,-0.591698,0.805138,-0.040573,0.010824,0.058259,0.998243,0,0.80070,-1.00000,48.042,-2.000,-1,400.000,-1,375.000,550.000,325.000,325.000,300.000,300.000,-1,525.000,675.000,-1,775.000,675.000,-1,675.000,2,0,2,0,1,0,0,0,0,2,1,1,2,0,1,2,1
125,-4441.822,-8765.196,372.813,-38.244,0.785015,0.617971,-0.043174,-0.619407,0.784064,-0.039730,0.009299,0.057931,0.998277,0,0.80223,-1.00000,48.134,-2.000,-1,400.000,-1,375.000,500.000,325.000,325.000,300.000,300.000,-1,550.000,675.000,-1,800.000,650.000,-1,625.000,2,0,2,0,1,0,0,0,0,2,1,1,2,0,1,2,1
126,-4405.008,-8796.356,373.107,-40.244,0.762988,0.644972,-0.043131,-0.646365,0.762036,-0.038896,0.007781,0.057555,0.998312,0,0.80383,-1.00000,48.230,-2.000,-1,400.000,-1,375.000,475.000,325.000,325.000,300.000,300.000,-1,575.000,675.000,-1,800.000,600.000,-1,550.000,2,0,2,0,1,0,0,0,0,2,1,1,2,0,1,2,1
127,-4369.230,-8828.847,373.308,-42.244,0.740034,0.671190,-0.043058,-0.672540,0.739081,-0.038072,0.006270,0.057133,0.998347,0,0.80548,-1.00000,48.329,-2.000,-1,400.000,-1,375.000,425.000,325.000,325.000,300.000,300.000,-1,625.000,700.000,-1,800.000,575.000,-1,500.000,2,0,2,0,1,0,0,0,0,2,1,1,2,0,1,2,1
128,-4331.169,-8865.917,373.553,-44.244,0.716157,0.696574,-0.043640,-0.697920,0.715205,-0.037275,0.005247,0.057152,0.998352,0,0.88548,-1.00000,53.129,-2.000,-1,400.000,-1,375.000,375.000,325.000,325.000,300.000,300.000,-1,650.000,725.000,-1,800.000,525.000,-1,450.000,2,0,2,0,1,0,0,0,0,2,1,1,2,0,1,2,1
129,-4292.668,-8906.128,373.716,-46.244,0.691404,0.721108,-0.044307,-0.722455,0.690458,-0.036416,0.004332,0.057188,0.998354,0,0.92783,-1.00000,55.670,-2.000,-1,400.000,-1,375.000,350.000,325.000,325.000,300.000,300.000,-1,700.000,725.000,-1,825.000,500.000,-1,400.000,2,0,2,1,1,0,0,0,0,2,1,1,2,0,1,2,1
130,-4255.391,-8947.884,373.861,-48.244,0.665825,0.744782,-0.044461,-0.746101,0.664886,-0.035494,0.003126,0.056805,0.998380,0,0.93290,-1.00000,55.974,-2.000,-1,400.000,-1,350.000,300.000,325.000,325.000,300.000,300.000,-1,750.000,750.000,-1,825.000,450.000,-1,350.000,2,0,2,1,1,0,0,0,0,2,0,1,2,0,1,2,1
131,-4219.398,-8991.153,373.952,-50.244,0.639445,0.767562,-0.044250,-0.768835,0.638513,-0.034562,0.001726,0.056122,0.998422,0,0.93803,-1.00000,56.282,-2.000,-1,400.000,-1,325.000,250.000,325.000,325.000,300.000,300.000,-1,750.000,800.000,-1,825.000,425.000,-1,275.000,2,0,2,1,1,0,1,0,0,2,0,1,2,0,1,2,1
132,-4184.746,-9035.898,373.933,-52.244,0.612288,0.789412,-0.043959,-0.790634,0.611362,-0.033664,0.000301,0.055368,0.998466,0,0.94320,-1.00000,56.592,-2.000,-1,400.000,-1,300.000,200.000,325.000,300.000,300.000,300.000,-1,775.000,850.000,-1,800.000,375.000,-1,225.000,2,0,2,1,1,0,1,0,0,2,0,1,2,0,1,2,1
133,-4151.496,-9082.076,373.801,-54.244,0.584387,0.810304,-0.043594,-0.811475,0.583466,-0.032805,-0.001146,0.054546,0.998511,0,0.94838,-1.00000,56.903,-2.000,-1,400.000,-1,250.000,175.000,325.000,275.000,300.000,300.000,-1,800.000,850.000,-1,800.000,325.000,-1,175.000,2,0,2,1,1,1,1,0,0,2,0,0,2,0,1,2,1
