timestep,x_cm,y_cm,z_cm,yaw_deg,basis_xx,basis_xy,basis_xz,basis_yx,basis_yy,basis_yz,basis_zx,basis_zy,basis_zz,teleport_flag,throttle_cmd,steering_cmd,cmd_move_cm,cmd_turn_deg,lidar_cm_0,lidar_cm_1,lidar_cm_2,lidar_cm_3,lidar_cm_4,lidar_cm_5,lidar_cm_6,lidar_cm_7,lidar_cm_8,lidar_cm_9,lidar_cm_10,lidar_cm_11,lidar_cm_12,lidar_cm_13,lidar_cm_14,lidar_cm_15,lidar_cm_16,lidar_class_0,lidar_class_1,lidar_class_2,lidar_class_3,lidar_class_4,lidar_class_5,lidar_class_6,lidar_class_7,lidar_class_8,lidar_class_9,lidar_class_10,lidar_class_11,lidar_class_12,lidar_class_13,lidar_class_14,lidar_class_15,lidar_class_16
0,9507.250,2948.722,354.391,38.313,0.783689,-0.619716,0.042223,0.620345,0.784326,-0.002322,-0.031678,0.028013,0.999105,1,-0.08000,-0.12000,-4.800,-0.240,-1,425.000,-1,425.000,400.000,325.000,325.000,325.000,100.000,-1,-1,-1,-1,825.000,525.000,-1,450.000,2,0,2,1,1,0,0,0,1,2,2,2,2,0,1,2,1
1,9499.668,2942.833,355.167,37.833,0.788955,-0.613155,0.039877,0.613707,0.789531,-0.002068,-0.030216,0.026105,0.999202,0,-0.16000,-0.24000,-9.600,-0.480,-1,425.000,-1,425.000,400.000,325.000,325.000,300.000,100.000,-1,-1,-1,-1,850.000,525.000,-1,450.000,2,0,2,1,1,0,0,0,1,2,2,2,2,0,1,2,1
2,9488.185,2934.143,357.589,37.113,0.796937,-0.603287,0.030580,0.603573,0.797308,-0.000135,-0.024300,0.018565,0.999532,0,-0.24000,-0.36000,-14.400,-0.720,-1,425.000,-1,425.000,425.000,350.000,350.000,300.000,100.000,-1,-1,-1,-1,875.000,550.000,-1,475.000,2,0,2,1,1,0,0,0,1,2,2,2,2,0,1,2,1
3,9475.787,2925.079,360.184,36.167,0.807057,-0.590112,0.020652,0.590198,0.807255,0.002296,-0.018027,0.010336,0.999784,0,-0.25597,-0.47300,-15.358,-0.946,-1,450.000,-1,450.000,425.000,375.000,375.000,300.000,100.000,-1,-1,-1,-1,925.000,550.000,-1,500.000,2,0,2,1,1,0,0,0,1,2,2,2,2,0,1,2,1
4,9463.499,2916.403,362.577,35.222,0.816840,-0.576746,0.011716,0.576732,0.816919,0.004808,-0.012344,0.002829,0.999920,0,-0.25070,-0.47252,-15.042,-0.945,-1,450.000,-1,475.000,425.000,375.000,375.000,300.000,125.000,-1,625.000,-1,-1,975.000,575.000,-1,525.000,2,0,2,1,1,0,0,0,1,2,0,2,2,0,1,2,1
5,9451.323,2908.104,364.771,34.278,0.826308,-0.563207,0.003725,0.563173,0.826306,0.007366,-0.007227,-0.003988,0.999966,0,-0.24559,-0.47198,-14.735,-0.944,-1,475.000,-1,475.000,425.000,400.000,400.000,300.000,125.000,-1,425.000,600.000,-1,-1,600.000,-1,550.000,2,0,2,1,1,0,0,0,1,2,0,0,2,2,1,2,1
6,9439.260,2900.170,366.774,33.335,0.835480,-0.549511,-0.003347,0.549515,0.835425,0.009930,-0.002661,-0.010135,0.999945,0,-0.24064,-0.47137,-14.438,-0.943,-1,475.000,-1,500.000,400.000,400.000,425.000,300.000,150.000,-1,325.000,500.000,-1,-1,600.000,-1,575.000,2,0,2,1,1,0,0,0,1,2,0,0,2,2,1,2,1
7,9427.310,2892.590,368.594,32.394,0.844372,-0.535673,-0.009524,0.535756,0.844281,0.012461,0.001366,-0.015625,0.999877,0,-0.23585,-0.47071,-14.151,-0.941,-1,500.000,-1,500.000,350.000,400.000,425.000,275.000,150.000,-1,275.000,450.000,-1,-1,600.000,-1,575.000,2,0,2,1,1,0,0,0,1,2,0,0,2,2,1,2,1
8,9415.474,2885.350,370.239,31.454,0.852997,-0.521705,-0.014841,0.521893,0.852880,0.014927,0.004871,-0.020478,0.999778,0,-0.23124,-0.46999,-13.875,-0.940,-1,500.000,-1,525.000,275.000,425.000,425.000,275.000,175.000,-1,225.000,400.000,-1,-1,625.000,-1,600.000,2,0,2,1,1,0,0,0,1,2,0,0,2,2,1,2,1
9,9403.750,2878.441,371.711,30.518,0.861344,-0.507655,-0.019328,0.507962,0.861206,0.017288,0.007869,-0.024709,0.999664,0,-0.22681,-0.46799,-13.609,-0.936,-1,525.000,-1,525.000,250.000,425.000,450.000,275.000,175.000,-1,200.000,375.000,-1,-1,625.000,-1,625.000,2,0,2,1,1,0,0,0,1,2,0,0,2,2,1,2,1
10,9392.138,2871.847,373.013,29.593,0.869360,-0.493643,-0.023003,0.494070,0.869203,0.019499,0.010369,-0.028316,0.999545,0,-0.22256,-0.46234,-13.354,-0.925,-1,525.000,-1,525.000,225.000,425.000,450.000,275.000,200.000,975.000,175.000,350.000,-1,-1,625.000,-1,600.000,2,0,2,1,1,0,0,0,1,0,0,0,2,2,1,2,1
11,9380.636,2865.556,374.152,28.680,0.877062,-0.479679,-0.025911,0.480218,0.876885,0.021530,0.012393,-0.031326,0.999432,0,-0.21851,-0.45679,-13.111,-0.914,-1,525.000,-1,550.000,200.000,450.000,450.000,275.000,225.000,925.000,175.000,325.000,-1,-1,650.000,-1,600.000,2,0,2,1,1,0,0,0,1,0,0,0,2,2,1,2,1
12,9369.240,2859.554,375.135,27.777,0.884461,-0.465767,-0.028094,0.466405,0.884263,0.023359,0.013962,-0.033763,0.999332,0,-0.21467,-0.45135,-12.880,-0.903,-1,525.000,-1,550.000,200.000,450.000,475.000,275.000,225.000,900.000,150.000,325.000,-1,-1,650.000,-1,600.000,2,0,2,1,1,0,0,0,1,0,0,0,2,2,1,2,1
13,9357.947,2853.829,375.967,26.885,0.891570,-0.451914,-0.029595,0.452630,0.891349,0.024964,0.015098,-0.035652,0.999250,0,-0.21102,-0.44603,-12.661,-0.892,-1,525.000,-1,550.000,175.000,450.000,475.000,275.000,250.000,875.000,150.000,300.000,-1,-1,650.000,-1,575.000,2,0,2,1,1,0,0,0,1,0,0,0,2,2,1,2,1
14,9346.754,2848.370,376.657,26.003,0.898399,-0.438124,-0.030454,0.438896,0.898152,0.026325,0.015818,-0.037016,0.999189,0,-0.20756,-0.44082,-12.454,-0.882,-1,550.000,-1,575.000,175.000,450.000,475.000,275.000,275.000,850.000,150.000,300.000,-1,-1,650.000,-1,550.000,2,0,2,1,1,0,0,0,1,0,0,0,2,2,1,2,1
15,9335.657,2843.164,377.210,25.132,0.904954,-0.424399,-0.030710,0.425203,0.904683,0.027426,0.016143,-0.037877,0.999152,0,-0.20429,-0.43572,-12.257,-0.871,-1,550.000,-1,575.000,175.000,450.000,475.000,275.000,275.000,850.000,150.000,300.000,-1,-1,675.000,-1,550.000,2,0,2,1,1,0,0,0,1,0,0,0,2,2,1,2,1
16,9324.652,2838.202,377.622,24.270,0.911244,-0.410743,-0.030406,0.411553,0.910946,0.028295,0.016076,-0.038297,0.999137,0,-0.20120,-0.43073,-12.072,-0.861,-1,550.000,-1,575.000,175.000,450.000,475.000,275.000,300.000,850.000,150.000,300.000,-1,-1,675.000,-1,300.000,2,0,2,1,1,0,0,0,1,0,0,0,2,2,1,2,1
17,9317.990,2835.285,377.835,23.649,0.915658,-0.400834,-0.030058,0.401644,0.915337,0.028974,0.015900,-0.038603,0.999128,0,-0.12120,-0.31073,-7.272,-0.621,-1,550.000,-1,550.000,175.000,450.000,475.000,275.000,325.000,850.000,150.000,300.000,-1,-1,650.000,-1,275.000,2,0,2,1,1,0,0,0,1,0,0,0,2,2,1,2,1
18,9315.719,2834.309,377.961,23.268,0.918307,-0.394725,-0.030074,0.395547,0.917972,0.029511,0.015958,-0.038996,0.999112,0,-0.04120,-0.19073,-2.472,-0.381,-1,550.000,-1,525.000,175.000,450.000,475.000,275.000,325.000,850.000,150.000,300.000,-1,-1,650.000,-1,250.000,2,0,2,1,1,0,0,0,1,0,0,0,2,2,1,2,1
19,9317.860,2835.224,378.039,23.126,0.919265,-0.392447,-0.030624,0.393300,0.918921,0.030002,0.016367,-0.039624,0.999081,0,0.03880,-0.07073,2.328,-0.141,-1,550.000,-1,525.000,175.000,450.000,475.000,275.000,325.000,825.000,150.000,300.000,-1,-1,650.000,-1,250.000,2,0,2,1,1,0,0,0,1,0,0,0,2,2,1,2,1
20,9324.410,2838.035,378.026,23.225,0.918561,-0.394011,-0.031635,0.394914,0.918208,0.030613,0.016985,-0.040613,0.999031,0,0.11880,0.04927,7.128,0.099,-1,550.000,-1,550.000,175.000,450.000,475.000,275.000,325.000,825.000,125.000,300.000,-1,-1,650.000,-1,275.000,2,0,2,1,1,0,0,0,1,0,0,0,2,2,1,2,1
21,9335.343,2842.803,377.885,23.563,0.916181,-0.399412,-0.032910,0.400374,0.915823,0.031131,0.017706,-0.041698,0.998973,0,0.19880,0.16927,11.928,0.339,-1,550.000,-1,550.000,175.000,450.000,475.000,275.000,300.000,800.000,125.000,300.000,-1,-1,650.000,-1,300.000,2,0,2,1,1,0,0,0,1,0,0,0,2,2,1,2,1
22,9350.607,2849.645,377.519,24.142,0.912068,-0.408625,-0.034032,0.409634,0.911713,0.031309,0.018234,-0.042496,0.998930,0,0.27880,0.28927,16.728,0.579,-1,550.000,-1,550.000,175.000,450.000,475.000,275.000,275.000,800.000,125.000,300.000,-1,-1,650.000,-1,400.000,2,0,2,1,1,0,0,0,1,0,0,0,2,2,1,2,1
23,9370.124,2858.729,376.782,24.960,0.906127,-0.421608,-0.034354,0.422617,0.905784,0.030823,0.018122,-0.042448,0.998934,0,0.35880,0.40927,21.528,0.819,-1,550.000,-1,550.000,175.000,450.000,475.000,275.000,250.000,800.000,125.000,300.000,-1,-1,650.000,-1,525.000,2,0,2,1,1,0,0,0,1,0,0,0,2,2,1,2,1
24,9393.784,2870.278,375.476,26.019,0.898224,-0.438300,-0.032978,0.439218,0.897902,0.029299,0.016769,-0.040802,0.999027,0,0.43880,0.52927,26.328,1.059,-1,550.000,-1,525.000,175.000,450.000,475.000,275.000,225.000,825.000,125.000,300.000,-1,-1,625.000,-1,550.000,2,0,2,1,1,0,0,0,1,0,0,0,2,2,1,2,1
25,9421.440,2884.561,373.352,27.317,0.888173,-0.458609,-0.028729,0.459313,0.887883,0.026366,0.013417,-0.036613,0.999239,0,0.51880,0.64927,31.128,1.299,-1,525.000,-1,500.000,200.000,450.000,475.000,275.000,200.000,875.000,150.000,325.000,-1,-1,600.000,-1,550.000,2,0,2,1,1,0,0,0,1,0,0,0,2,2,1,2,1
26,9452.908,2901.898,370.111,28.856,0.875716,-0.482407,-0.020130,0.482774,0.875475,0.021724,0.007143,-0.028742,0.999561,0,0.59880,0.76927,35.928,1.539,-1,525.000,-1,475.000,225.000,425.000,450.000,275.000,150.000,-1,200.000,375.000,-1,-1,575.000,-1,550.000,2,0,2,1,1,0,0,0,1,2,0,0,2,2,1,2,1
27,9488.019,2922.537,365.586,30.452,0.862072,-0.506748,-0.006213,0.506780,0.861932,0.015749,-0.002625,-0.016726,0.999857,0,0.67880,0.79820,40.728,1.596,-1,500.000,-1,450.000,300.000,400.000,425.000,275.000,125.000,-1,300.000,500.000,-1,-1,550.000,-1,500.000,2,0,2,1,1,0,0,0,1,2,0,0,2,2,1,2,1
28,9526.613,2946.689,359.546,32.040,0.847561,-0.530507,0.014220,0.530437,0.847680,0.008616,-0.016624,0.000240,0.999862,0,0.75880,0.79378,45.528,1.588,-1,450.000,-1,400.000,325.000,375.000,375.000,300.000,100.000,-1,775.000,-1,-1,975.000,500.000,-1,450.000,2,0,2,1,1,0,0,0,1,2,0,2,2,0,1,2,1
29,9567.817,2974.091,351.789,33.624,0.831713,-0.553590,0.042329,0.554069,0.832471,0.000497,-0.035513,0.023040,0.999104,0,0.82471,0.79201,49.483,1.584,-1,425.000,-1,350.000,300.000,325.000,325.000,300.000,75.000,-1,-1,-1,-1,825.000,450.000,-1,350.000,2,0,2,1,1,0,0,0,1,2,2,2,2,0,1,2,1
30,9607.593,3002.155,349.683,35.205,0.815965,-0.576327,0.045261,0.576865,0.816838,0.001423,-0.037791,0.024948,0.998974,0,0.81132,0.79071,48.679,1.581,-1,400.000,-1,350.000,300.000,325.000,325.000,300.000,75.000,-1,-1,-1,-1,825.000,425.000,-1,325.000,2,0,2,1,1,0,0,0,1,2,2,2,2,0,1,2,1
31,9645.921,3030.811,350.771,36.785,0.799541,-0.598748,0.047265,0.598723,0.800791,0.016259,-0.047585,0.015299,0.998750,0,0.79759,0.79007,47.855,1.580,-1,400.000,-1,325.000,250.000,325.000,325.000,300.000,100.000,-1,-1,-1,-1,750.000,400.000,-1,300.000,2,0,2,1,1,0,1,0,1,2,2,2,2,0,1,2,1
32,9682.797,3060.003,353.692,38.365,0.782569,-0.620675,0.048461,0.619416,0.784068,0.039513,-0.062521,-0.000904,0.998043,0,0.78383,0.79006,47.030,1.580,-1,375.000,-1,300.000,225.000,300.000,300.000,275.000,125.000,-1,-1,-1,-1,675.000,400.000,-1,275.000,2,0,2,1,1,0,1,0,1,2,2,2,2,0,1,2,1
33,9718.231,3089.684,355.554,39.947,0.765153,-0.642021,0.048473,0.639569,0.766576,0.057556,-0.074110,-0.013037,0.997165,0,0.77035,0.79066,46.221,1.581,850.000,350.000,-1,300.000,225.000,300.000,300.000,275.000,150.000,-1,-1,-1,-1,625.000,425.000,-1,250.000,0,0,2,1,1,0,1,0,1,2,2,2,2,0,1,2,1
34,9752.250,3119.819,356.361,41.530,0.747211,-0.662870,0.047735,0.659461,0.748437,0.070376,-0.082377,-0.021106,0.996378,0,0.75742,0.79183,45.445,1.584,650.000,350.000,-1,300.000,200.000,300.000,275.000,250.000,175.000,-1,-1,-1,300.000,575.000,450.000,800.000,225.000,0,0,2,1,1,0,1,0,1,2,2,2,1,0,1,0,1
35,9784.884,3150.388,359.104,43.117,0.729646,-0.683048,0.032600,0.679312,0.729474,0.080016,-0.078436,-0.036238,0.996260,0,0.74526,0.79354,44.716,1.587,600.000,350.000,-1,325.000,200.000,300.000,300.000,250.000,225.000,-1,-1,-1,250.000,600.000,850.000,775.000,250.000,0,0,2,1,1,0,1,0,1,2,2,2,1,0,1,0,1
36,9816.178,3181.376,361.052,44.709,0.711311,-0.702687,0.016326,0.699332,0.709862,0.083849,-0.070509,-0.048226,0.996345,0,0.73405,0.79574,44.043,1.591,625.000,375.000,-1,375.000,225.000,325.000,325.000,250.000,250.000,-1,-1,-1,250.000,625.000,850.000,875.000,300.000,0,0,2,1,1,0,1,0,1,2,2,2,1,0,1,0,1
37,9846.179,3212.780,361.034,46.306,0.691822,-0.722049,0.005292,0.719387,0.689866,0.081034,-0.062161,-0.052254,0.996697,0,0.72389,0.79839,43.433,1.597,700.000,375.000,-1,450.000,250.000,325.000,375.000,250.000,250.000,-1,-1,-1,225.000,650.000,850.000,950.000,900.000,0,0,2,1,1,0,0,0,1,2,2,2,1,0,1,0,1
38,9874.931,3244.605,359.067,47.909,0.671292,-0.741193,-0.000335,0.739267,0.669516,0.072338,-0.053392,-0.048808,0.997380,0,0.71486,0.80145,42.891,1.603,775.000,400.000,-1,525.000,325.000,350.000,375.000,250.000,275.000,-1,-1,-1,225.000,675.000,850.000,-1,900.000,0,0,2,0,1,0,0,0,1,2,2,2,1,0,1,2,1
39,9905.881,3280.887,354.623,49.546,0.649441,-0.760412,-0.000195,0.759216,0.648405,0.056220,-0.042624,-0.036660,0.998418,0,0.79486,0.81852,47.691,1.637,975.000,400.000,-1,525.000,750.000,350.000,400.000,250.000,225.000,-1,-1,-1,225.000,725.000,825.000,-1,875.000,0,0,2,0,1,0,0,0,1,2,2,2,1,0,1,2,1
40,9937.691,3320.370,347.314,51.153,0.627307,-0.778742,0.006894,0.778211,0.627166,0.032418,-0.029569,-0.014971,0.999451,0,0.84507,0.80391,50.704,1.608,-1,425.000,-1,525.000,750.000,375.000,400.000,275.000,200.000,-1,-1,-1,200.000,775.000,825.000,-1,850.000,2,0,2,0,1,0,0,0,1,2,2,2,1,0,1,2,1
41,9967.970,3360.188,338.446,52.752,0.604998,-0.795971,0.020192,0.796028,0.605219,0.006975,-0.017773,0.011854,0.999772,0,0.83373,0.79942,50.024,1.599,-1,450.000,-1,500.000,700.000,375.000,375.000,275.000,150.000,-1,-1,200.000,200.000,850.000,800.000,-1,825.000,2,0,2,0,1,0,0,0,1,2,2,1,1,0,1,2,1
42,9996.700,3400.243,333.934,54.347,0.582248,-0.812353,0.032713,0.812653,0.582714,0.006225,-0.024119,0.022960,0.999445,0,0.82154,0.79757,49.292,1.595,-1,425.000,-1,450.000,650.000,350.000,375.000,300.000,150.000,-1,-1,250.000,250.000,800.000,775.000,-1,775.000,2,0,2,0,1,0,0,0,1,2,2,1,1,0,1,2,1
43,10023.874,3440.447,328.635,55.940,0.558735,-0.827879,0.049312,0.828691,0.559669,0.006470,-0.032954,0.037249,0.998762,0,0.80877,0.79638,48.526,1.593,-1,400.000,-1,425.000,625.000,325.000,325.000,300.000,125.000,-1,-1,275.000,275.000,750.000,725.000,-1,725.000,2,0,2,0,1,0,0,0,1,2,2,1,1,0,1,2,1
44,10051.404,3483.325,323.929,57.293,0.538262,-0.840435,0.062792,0.841829,0.539695,0.007238,-0.039972,0.048964,0.998000,0,0.84924,0.67638,50.954,1.353,-1,375.000,-1,400.000,575.000,325.000,325.000,300.000,100.000,-1,-1,325.000,300.000,700.000,700.000,-1,675.000,2,0,2,0,1,0,0,0,1,2,2,1,1,0,1,2,1
45,10077.691,3526.066,322.191,58.406,0.521877,-0.850728,0.062502,0.852149,0.523254,0.006860,-0.038541,0.049681,0.998021,0,0.83630,0.55638,50.178,1.113,-1,375.000,-1,375.000,550.000,325.000,325.000,300.000,125.000,-1,-1,375.000,300.000,700.000,700.000,-1,650.000,2,0,2,0,1,0,0,0,1,2,2,1,1,0,1,2,1
46,10102.958,3568.584,320.507,59.278,0.508900,-0.858576,0.062189,0.860019,0.510221,0.006435,-0.037255,0.050209,0.998044,0,0.82433,0.43638,49.460,0.873,-1,375.000,-1,375.000,525.000,325.000,325.000,300.000,125.000,-1,-1,400.000,300.000,700.000,675.000,-1,625.000,2,0,2,0,1,0,0,0,1,2,2,1,1,0,1,2,1
47,10127.432,3610.817,320.407,59.911,0.499344,-0.864377,0.059231,0.865449,0.500835,0.012722,-0.040662,0.044909,0.998163,0,0.81351,0.31638,48.811,0.633,-1,375.000,-1,375.000,500.000,300.000,325.000,300.000,150.000,-1,-1,475.000,250.000,675.000,650.000,-1,600.000,2,0,2,0,1,0,0,0,1,2,2,1,1,0,1,2,1
48,10151.333,3652.718,321.666,60.304,0.493376,-0.868148,0.053851,0.868482,0.495102,0.024761,-0.048158,0.034552,0.998242,0,0.80398,0.19638,48.239,0.393,975.000,350.000,-1,375.000,475.000,300.000,300.000,300.000,175.000,-1,-1,550.000,250.000,625.000,625.000,-1,575.000,1,0,2,0,1,0,0,0,1,2,2,1,1,0,1,2,1
49,10174.878,3694.256,322.008,60.457,0.491116,-0.869656,0.050025,0.869474,0.492895,0.032707,-0.053101,0.027433,0.998212,0,0.79576,0.07638,47.746,0.153,875.000,350.000,-1,375.000,450.000,300.000,300.000,275.000,225.000,-1,-1,625.000,250.000,600.000,600.000,975.000,550.000,1,0,2,0,1,0,0,0,1,2,2,1,1,0,1,0,1
50,10198.280,3735.398,321.538,60.370,0.492510,-0.869000,0.047686,0.868514,0.494272,0.037135,-0.055840,0.023127,0.998172,0,0.78887,-0.04362,47.332,-0.087,775.000,350.000,-1,375.000,425.000,300.000,300.000,275.000,250.000,-1,-1,725.000,250.000,600.000,575.000,900.000,500.000,0,0,2,0,1,0,0,0,1,2,2,1,1,0,1,0,1
51,10221.748,3776.114,320.409,60.042,0.497491,-0.866194,0.047021,0.865602,0.499245,0.038572,-0.056886,0.021513,0.998149,0,0.78325,-0.16362,46.995,-0.327,750.000,350.000,-1,375.000,400.000,300.000,300.000,275.000,300.000,-1,-1,800.000,250.000,575.000,550.000,850.000,475.000,0,0,2,0,1,0,0,0,1,2,2,1,1,0,1,0,1
52,10245.411,3816.409,318.731,59.576,0.504506,-0.862092,0.047646,0.861563,0.506267,0.037454,-0.056410,0.022154,0.998162,0,0.77883,-0.23301,46.730,-0.466,750.000,350.000,-1,375.000,375.000,300.000,300.000,275.000,325.000,-1,-1,875.000,275.000,575.000,525.000,850.000,450.000,1,0,2,0,1,0,0,0,1,2,2,1,1,0,1,0,1
53,10269.288,3856.331,316.616,59.117,0.511380,-0.857946,0.049184,0.857647,0.513134,0.033698,-0.054150,0.024950,0.998221,0,0.77529,-0.22986,46.518,-0.460,775.000,350.000,1000.000,375.000,350.000,300.000,300.000,275.000,350.000,-1,-1,925.000,275.000,600.000,500.000,900.000,400.000,0,0,1,0,1,0,0,0,1,2,2,1,1,0,1,0,1
54,10293.384,3895.908,314.140,58.664,0.518128,-0.853737,0.051730,0.853851,0.519824,0.026857,-0.049819,0.030254,0.998300,0,0.77226,-0.22650,46.336,-0.453,850.000,350.000,950.000,375.000,300.000,300.000,300.000,275.000,375.000,-1,-1,925.000,275.000,625.000,475.000,-1,375.000,0,0,1,0,1,0,0,0,0,2,2,1,1,0,1,2,1
55,10317.705,3935.166,311.127,58.218,0.524786,-0.849461,0.054910,0.850098,0.526326,0.017736,-0.043967,0.037371,0.998334,0,0.76971,-0.22295,46.182,-0.446,1000.000,350.000,925.000,375.000,275.000,300.000,300.000,300.000,350.000,-1,-1,925.000,275.000,650.000,450.000,-1,325.000,0,0,1,1,1,0,0,0,1,2,2,1,1,0,1,2,1
56,10342.258,3974.132,307.570,57.779,0.531391,-0.845092,0.058684,0.846337,0.532611,0.006296,-0.036577,0.046321,0.998257,0,0.76762,-0.21922,46.057,-0.438,-1,375.000,875.000,350.000,250.000,300.000,325.000,300.000,325.000,-1,-1,925.000,275.000,675.000,425.000,-1,300.000,2,0,1,1,1,0,0,0,1,2,2,1,1,0,1,2,1
57,10367.048,4012.831,303.753,57.349,0.537960,-0.840644,0.062578,0.842489,0.538678,-0.006217,-0.028483,0.056066,0.998021,0,0.76598,-0.21532,45.959,-0.431,-1,375.000,825.000,325.000,200.000,325.000,325.000,300.000,300.000,-1,1000.000,875.000,275.000,725.000,400.000,-1,250.000,2,0,1,1,1,0,0,0,1,2,1,0,1,0,1,2,1
58,10394.659,4055.423,302.363,57.045,0.542450,-0.837765,0.062433,0.839630,0.543109,-0.007365,-0.027738,0.056415,0.998022,0,0.84598,-0.15163,50.759,-0.303,-1,375.000,775.000,300.000,175.000,325.000,325.000,300.000,275.000,-1,1000.000,800.000,300.000,725.000,375.000,-1,225.000,2,0,1,1,1,0,0,0,1,2,0,0,1,0,1,2,1
59,10425.140,4101.874,300.828,56.727,0.547152,-0.834722,0.062160,0.836600,0.547749,-0.008518,-0.026938,0.056664,0.998030,0,0.92598,-0.15920,55.559,-0.318,-1,375.000,725.000,275.000,150.000,325.000,325.000,300.000,250.000,-1,925.000,775.000,325.000,725.000,325.000,-1,175.000,2,0,1,1,1,0,1,0,1,2,0,0,1,0,1,2,1
60,10456.408,4148.908,302.799,56.391,0.552887,-0.832041,0.044982,0.833109,0.552998,-0.011059,-0.015674,0.043589,0.998927,0,0.94133,-0.16803,56.480,-0.336,-1,400.000,675.000,275.000,125.000,350.000,300.000,300.000,250.000,-1,475.000,475.000,375.000,800.000,325.000,-1,150.000,2,0,1,1,1,0,1,0,1,2,0,0,1,0,1,2,1
61,10487.942,4195.710,307.715,56.036,0.558740,-0.829232,0.013560,0.829331,0.558571,-0.014431,0.004392,0.019309,0.999804,0,0.94057,-0.17753,56.434,-0.355,-1,450.000,675.000,275.000,125.000,375.000,300.000,275.000,250.000,-1,200.000,300.000,425.000,925.000,325.000,-1,150.000,2,0,1,1,1,0,1,0,1,2,0,0,1,1,1,2,1
62,10519.726,4242.229,312.593,55.661,0.563822,-0.825700,-0.017999,0.825536,0.564086,-0.017252,0.024398,-0.005132,0.999689,0,0.93900,-0.18757,56.340,-0.375,-1,500.000,675.000,250.000,125.000,400.000,300.000,275.000,225.000,800.000,100.000,225.000,475.000,875.000,325.000,-1,125.000,2,0,1,1,1,1,1,0,1,0,0,0,1,1,1,2,1
63,10551.744,4288.412,317.430,55.264,0.568148,-0.821426,-0.049677,0.821735,0.569538,-0.019462,0.044280,-0.029764,0.998576,0,0.93657,-0.19814,56.194,-0.396,-1,550.000,650.000,250.000,100.000,400.000,275.000,250.000,225.000,525.000,75.000,200.000,525.000,850.000,325.000,-1,125.000,2,0,1,1,1,1,1,0,1,0,0,0,1,1,1,2,1
64,10583.978,4334.198,322.237,54.846,0.571740,-0.816389,-0.081386,0.817941,0.574920,-0.020995,0.063931,-0.054565,0.996462,0,0.93320,-0.20924,55.992,-0.418,-1,550.000,650.000,250.000,100.000,375.000,275.000,250.000,225.000,375.000,25.000,175.000,575.000,800.000,325.000,-1,125.000,2,1,1,1,1,1,1,0,1,0,0,0,1,1,1,2,1
65,10613.925,4375.721,326.827,54.187,0.577992,-0.808470,-0.110913,0.811945,0.583356,-0.020987,0.081669,-0.077925,0.993609,0,0.85320,-0.32924,51.192,-0.658,-1,525.000,625.000,250.000,100.000,375.000,275.000,225.000,225.000,300.000,25.000,175.000,625.000,750.000,325.000,-1,125.000,2,1,1,1,1,1,1,0,1,0,0,0,1,1,1,2,1
66,10644.183,4416.328,331.682,53.289,0.586776,-0.797534,-0.140122,0.803716,0.594702,-0.019226,0.098664,-0.101337,0.989948,0,0.84394,-0.44924,50.636,-0.898,-1,475.000,600.000,250.000,100.000,350.000,250.000,225.000,225.000,225.000,25.000,150.000,675.000,675.000,300.000,-1,125.000,2,1,1,1,1,1,1,0,1,0,0,0,1,1,1,2,1
67,10675.081,4456.129,336.628,52.150,0.597815,-0.783343,-0.170268,0.793246,0.608708,-0.015349,0.115667,-0.125889,0.985278,0,0.83969,-0.56924,50.381,-1.138,-1,450.000,575.000,250.000,100.000,325.000,250.000,200.000,200.000,175.000,0.000,150.000,725.000,625.000,300.000,-1,100.000,2,1,1,1,1,1,1,0,1,0,0,0,1,1,1,2,1
68,1639.836,-1639.830,182.877,6.783,0.990988,-0.118100,-0.063200,0.118134,0.992992,-0.003225,0.063138,-0.004270,0.997996,1,0.00000,0.00000,50.123,-1.378,-1,425.000,-1,400.000,-1,325.000,325.000,300.000,300.000,-1,-1,-1,-1,925.000,875.000,-1,-1,2,0,2,0,2,0,0,0,0,2,2,2,2,0,0,2,2
69,1644.604,-1639.284,183.189,6.543,0.991484,-0.113940,-0.063058,0.113978,0.993479,-0.003010,0.062990,-0.004202,0.998005,0,0.08000,-0.12000,4.800,-0.240,-1,425.000,-1,400.000,-1,325.000,325.000,300.000,300.000,-1,-1,-1,-1,925.000,875.000,-1,-1,2,0,2,0,2,0,0,0,0,2,2,2,2,0,0,2,2
70,1654.147,-1638.238,183.812,6.252,0.992070,-0.108895,-0.062768,0.108948,0.994044,-0.002587,0.062676,-0.004272,0.998025,0,0.16000,-0.14544,9.600,-0.291,-1,425.000,-1,400.000,-1,325.000,325.000,300.000,300.000,-1,-1,-1,-1,925.000,875.000,-1,-1,2,0,2,0,2,0,0,0,0,2,2,2,2,0,0,2,2
71,1668.469,-1636.743,184.744,5.961,0.992638,-0.103847,-0.062329,0.103927,0.994583,-0.001962,0.062195,-0.004530,0.998054,0,0.24000,-0.14544,14.400,-0.291,-1,425.000,-1,400.000,-1,325.000,325.000,300.000,300.000,-1,-1,-1,-1,925.000,875.000,-1,-1,2,0,2,0,2,0,0,0,0,2,2,2,2,0,0,2,2
72,1687.575,-1634.846,185.983,5.670,0.993190,-0.098796,-0.061743,0.098914,0.995095,-0.001140,0.061553,-0.004975,0.998091,0,0.32000,-0.14544,19.200,-0.291,-1,425.000,-1,400.000,-1,325.000,325.000,300.000,300.000,-1,-1,-1,-1,900.000,875.000,-1,-1,2,0,2,0,2,0,0,0,0,2,2,2,2,0,0,2,2
73,1711.469,-1632.596,187.527,5.379,0.993725,-0.093742,-0.061012,0.093909,0.995581,-0.000128,0.060754,-0.005602,0.998137,0,0.40000,-0.14544,24.000,-0.291,-1,425.000,-1,400.000,-1,325.000,325.000,300.000,300.000,-1,-1,-1,-1,900.000,875.000,-1,-1,2,0,2,0,2,0,0,0,0,2,2,2,2,0,0,2,2
74,1740.156,-1630.042,189.375,5.088,0.994242,-0.088686,-0.060139,0.088911,0.996039,0.001069,0.059806,-0.006410,0.998189,0,0.48000,-0.14544,28.800,-0.291,-1,425.000,-1,400.000,-1,325.000,325.000,300.000,300.000,-1,-1,-1,-1,900.000,875.000,-1,-1,2,0,2,0,2,0,0,0,0,2,2,2,2,0,0,2,2
75,1773.638,-1627.232,191.524,4.797,0.994741,-0.083627,-0.059128,0.083918,0.996470,0.002445,0.058714,-0.007394,0.998247,0,0.56000,-0.14544,33.600,-0.291,-1,425.000,-1,400.000,-1,325.000,325.000,300.000,300.000,-1,-1,-1,-1,900.000,875.000,-1,-1,2,0,2,0,2,0,0,0,0,2,2,2,2,0,0,2,2
76,1810.759,-1624.307,193.897,4.506,0.995219,-0.078567,-0.058016,0.078927,0.996873,0.003946,0.057524,-0.008506,0.998308,0,0.62061,-0.14544,37.237,-0.291,-1,425.000,-1,400.000,-1,325.000,325.000,300.000,300.000,-1,-1,-1,-1,900.000,875.000,-1,-1,2,0,2,0,2,0,0,0,0,2,2,2,2,0,0,2,2
77,1847.895,-1621.570,196.262,4.215,0.995670,-0.073504,-0.056913,0.073930,0.997249,0.005421,0.056358,-0.009605,0.998364,0,0.62061,-0.14544,37.237,-0.291,-1,425.000,-1,400.000,-1,325.000,325.000,300.000,300.000,-1,-1,-1,-1,900.000,875.000,-1,-1,2,0,2,0,2,0,0,0,0,2,2,2,2,0,0,2,2
78,1885.044,-1619.021,198.621,3.925,0.996092,-0.068439,-0.055820,0.068928,0.997598,0.006872,0.055216,-0.010692,0.998417,0,0.62061,-0.14544,37.237,-0.291,-1,425.000,-1,425.000,-1,325.000,325.000,300.000,300.000,-1,-1,-1,-1,875.000,875.000,-1,-1,2,0,2,0,2,0,0,0,0,2,2,2,2,0,0,2,2
79,1922.205,-1616.661,200.973,3.634,0.996488,-0.063373,-0.054736,0.063920,0.997921,0.008297,0.054096,-0.011767,0.998466,0,0.62061,-0.14544,37.237,-0.291,-1,425.000,-1,425.000,-1,325.000,325.000,300.000,300.000,-1,-1,-1,-1,875.000,875.000,-1,-1,2,0,2,0,2,0,0,0,0,2,2,2,2,0,0,2,2
80,1959.378,-1614.490,203.203,3.343,0.996846,-0.058305,-0.053847,0.058886,0.998222,0.009257,0.053211,-0.012399,0.998506,0,0.62061,-0.14544,37.237,-0.291,-1,425.000,-1,425.000,-1,350.000,325.000,300.000,300.000,-1,-1,-1,-1,850.000,875.000,-1,-1,2,0,2,0,2,0,0,0,0,2,2,2,2,0,0,2,2
81,1996.562,-1612.507,204.858,3.052,0.997205,-0.053237,-0.052430,0.053780,0.998512,0.008986,0.051873,-0.011780,0.998584,0,0.62061,-0.14544,37.237,-0.291,-1,425.000,-1,425.000,-1,350.000,325.000,325.000,300.000,-1,-1,-1,-1,850.000,850.000,-1,-1,2,0,2,0,2,0,0,0,0,2,2,2,2,0,0,2,2
82,2033.755,-1610.713,206.348,2.761,0.997546,-0.048167,-0.050813,0.048704,0.998769,0.009378,0.050299,-0.011830,0.998664,0,0.62061,-0.14544,37.237,-0.291,-1,425.000,-1,425.000,-1,325.000,325.000,300.000,300.000,-1,-1,-1,-1,825.000,850.000,-1,-1,2,0,2,0,2,0,0,0,0,2,2,2,2,0,0,2,2
83,2070.972,-1609.109,207.838,2.468,0.997860,-0.043064,-0.049204,0.043594,0.999002,0.009748,0.048735,-0.011872,0.998741,0,0.62086,-0.14635,37.252,-0.293,-1,425.000,-1,425.000,-1,325.000,325.000,300.000,300.000,-1,-1,-1,-1,825.000,825.000,-1,-1,2,0,2,0,2,0,0,0,0,2,2,2,2,0,0,2,2
84,2108.287,-1607.699,209.332,2.164,0.998153,-0.037759,-0.047598,0.038281,0.999216,0.010098,0.047180,-0.011901,0.998816,0,0.62237,-0.15211,37.342,-0.304,-1,425.000,-1,425.000,-1,325.000,325.000,300.000,300.000,-1,-1,-1,-1,800.000,825.000,-1,-1,2,0,2,0,2,0,0,0,0,2,2,2,2,0,0,2,2
85,2145.694,-1606.492,210.829,1.848,0.998421,-0.032253,-0.045996,0.032766,0.999409,0.010428,0.045633,-0.011919,0.998887,0,0.62377,-0.15783,37.426,-0.316,-1,425.000,-1,425.000,-1,325.000,325.000,300.000,300.000,-1,-1,-1,-1,775.000,800.000,-1,-1,2,0,2,0,2,0,0,0,0,2,2,2,2,0,0,2,2
86,2183.183,-1605.496,212.328,1.521,0.998661,-0.026549,-0.044397,0.027050,0.999576,0.010739,0.044093,-0.011925,0.998956,0,0.62505,-0.16351,37.503,-0.327,-1,400.000,-1,400.000,-1,325.000,325.000,300.000,300.000,-1,-1,-1,-1,775.000,800.000,-1,-1,2,0,2,0,2,0,0,0,0,2,2,2,2,0,0,2,2
87,2220.748,-1604.720,213.831,1.183,0.998870,-0.020653,-0.042800,0.021143,0.999716,0.011029,0.042560,-0.011922,0.999023,0,0.62621,-0.16896,37.573,-0.338,-1,400.000,-1,400.000,-1,325.000,325.000,300.000,300.000,-1,-1,-1,-1,750.000,775.000,-1,-1,2,0,2,0,2,0,0,0,0,2,2,2,2,0,0,2,2
88,2258.379,-1604.171,215.336,0.835,0.999044,-0.014572,-0.041205,0.015050,0.999823,0.011301,0.041033,-0.011910,0.999087,0,0.62726,-0.17424,37.636,-0.348,-1,400.000,-1,400.000,-1,325.000,325.000,300.000,300.000,-1,-1,-1,-1,750.000,775.000,-1,-1,2,0,2,0,2,0,0,0,0,2,2,2,2,0,0,2,2
89,2296.070,-1603.858,216.844,0.476,0.999181,-0.008312,-0.039612,0.008776,0.999895,0.011553,0.039511,-0.011891,0.999148,0,0.62820,-0.17937,37.692,-0.359,-1,400.000,-1,400.000,-1,325.000,325.000,300.000,300.000,-1,-1,-1,-1,725.000,750.000,-1,-1,2,0,2,0,2,0,0,0,0,2,2,2,2,0,0,2,2
90,2338.562,-1603.949,218.546,-0.122,0.999282,0.002137,-0.037824,-0.001691,0.999929,0.011819,0.037847,-0.011746,0.999215,0,0.70820,-0.29937,42.492,-0.599,-1,400.000,-1,400.000,-1,325.000,325.000,300.000,300.000,-1,-1,-1,-1,725.000,750.000,-1,-1,2,0,2,0,2,0,0,0,0,2,2,2,2,0,0,2,2
91,2385.782,-1604.741,220.442,-0.961,0.999217,0.016774,-0.035845,-0.016351,0.999793,0.012076,0.036040,-0.011481,0.999284,0,0.78712,-0.41937,47.227,-0.839,-1,400.000,-1,400.000,-1,325.000,325.000,300.000,300.000,-1,-1,-1,-1,700.000,750.000,-1,-1,2,0,2,0,2,0,0,0,0,2,2,2,2,0,0,2,2
92,2433.041,-1606.424,222.343,-2.040,0.998792,0.035594,-0.033866,-0.035196,0.999305,0.012285,0.034280,-0.011078,0.999351,0,0.78814,-0.53937,47.289,-1.079,-1,375.000,-1,400.000,-1,325.000,325.000,300.000,300.000,-1,-1,-1,-1,675.000,725.000,-1,-1,2,0,2,0,2,0,0,0,0,2,2,2,2,0,0,2,2
93,2480.314,-1609.199,224.251,-3.359,0.997773,0.058583,-0.031882,-0.058213,0.998227,0.012432,0.032553,-0.010548,0.999414,0,0.78925,-0.65937,47.355,-1.319,-1,375.000,-1,375.000,-1,325.000,325.000,300.000,300.000,-1,-1,-1,-1,675.000,725.000,-1,-1,2,0,2,0,2,0,0,0,0,2,2,2,2,0,0,2,2
94,2527.570,-1613.265,226.164,-4.917,0.995871,0.085716,-0.029881,-0.085375,0.996270,0.012503,0.030841,-0.009900,0.999475,0,0.79051,-0.77937,47.430,-1.559,-1,375.000,-1,375.000,-1,300.000,300.000,300.000,300.000,-1,-1,-1,-1,650.000,700.000,-1,-1,2,0,2,0,2,0,0,0,0,2,2,2,2,0,0,2,2
95,2574.763,-1618.822,228.085,-6.716,0.992748,0.116946,-0.027853,-0.116637,0.993096,0.012486,0.029121,-0.009146,0.999534,0,0.79199,-0.89937,47.519,-1.799,-1,375.000,-1,375.000,-1,300.000,300.000,300.000,300.000,-1,-1,-1,-1,650.000,700.000,-1,-1,2,0,2,0,2,0,0,0,0,2,2,2,2,0,0,2,2
96,2621.838,-1626.039,230.092,-8.716,0.988070,0.151535,-0.027468,-0.151247,0.988420,0.012276,0.029010,-0.007975,0.999547,0,0.79375,-1.00000,47.625,-2.000,-1,350.000,-1,375.000,-1,300.000,300.000,300.000,300.000,-1,-1,-1,-1,625.000,700.000,-1,-1,2,0,2,0,2,0,0,0,0,2,2,2,2,0,0,2,2
97,2668.756,-1634.918,232.155,-10.716,0.982152,0.185941,-0.028358,-0.185693,0.982545,0.011146,0.029936,-0.005681,0.999536,0,0.79584,-1.00000,47.751,-2.000,-1,350.000,-1,375.000,-1,300.000,300.000,300.000,300.000,-1,-1,-1,-1,650.000,700.000,-1,-1,2,0,2,0,2,0,0,0,0,2,2,2,2,0,0,2,2
98,2715.467,-1645.459,234.150,-12.716,0.974993,0.220120,-0.030605,-0.219907,0.975467,0.010192,0.032097,-0.003207,0.999480,0,0.79809,-1.00000,47.885,-2.000,-1,375.000,-1,375.000,-1,300.000,300.000,300.000,300.000,-1,-1,-1,-1,650.000,725.000,-1,-1,2,0,2,0,2,0,0,0,0,2,2,2,2,0,0,2,2
99,2761.921,-1657.660,236.187,-14.716,0.966635,0.254031,-0.032929,-0.253848,0.967196,0.009676,0.034307,-0.000994,0.999411,0,0.80050,-1.00000,48.030,-2.000,-1,375.000,-1,375.000,-1,300.000,300.000,325.000,300.000,-1,-1,-1,-1,650.000,725.000,-1,-1,2,0,2,0,2,0,0,0,0,2,2,2,2,0,0,2,2
100,2808.069,-1671.519,238.193,-16.716,0.957096,0.287630,-0.035169,-0.287482,0.957741,0.009319,0.036363,0.001191,0.999338,0,0.80307,-1.00000,48.184,-2.000,-1,375.000,-1,375.000,-1,300.000,325.000,300.000,300.000,-1,-1,-1,-1,650.000,725.000,-1,-1,2,0,2,0,2,0,0,0,0,2,2,2,2,0,0,2,2
101,2853.862,-1687.033,240.163,-18.716,0.946385,0.320878,-0.037310,-0.320766,0.947115,0.009125,0.038265,0.003332,0.999262,0,0.80581,-1.00000,48.349,-2.000,-1,375.000,-1,400.000,-1,300.000,325.000,300.000,300.000,-1,-1,-1,-1,650.000,750.000,-1,-1,2,0,2,0,2,0,0,0,0,2,2,2,2,0,0,2,2
102,2899.248,-1704.197,242.092,-20.716,0.934519,0.353733,-0.039336,-0.353658,0.935331,0.009097,0.040010,0.005411,0.999185,0,0.80872,-1.00000,48.523,-2.000,-1,375.000,-1,400.000,-1,300.000,325.000,300.000,300.000,-1,-1,-1,-1,650.000,750.000,-1,-1,2,0,2,0,2,0,0,0,0,2,2,2,2,0,0,2,2
103,2944.177,-1723.006,243.974,-22.716,0.921512,0.386156,-0.041233,-0.386116,0.922404,0.009234,0.041599,0.007412,0.999107,0,0.81179,-1.00000,48.708,-2.000,-1,375.000,-1,400.000,-1,325.000,325.000,300.000,300.000,-1,-1,-1,-1,650.000,750.000,-1,-1,2,0,2,0,2,0,0,0,0,2,2,2,2,0,0,2,2
104,2988.600,-1743.453,245.804,-24.716,0.907381,0.418105,-0.042984,-0.418100,0.908351,0.009536,0.043031,0.009319,0.999030,0,0.81504,-1.00000,48.902,-2.000,-1,375.000,-1,400.000,-1,325.000,325.000,300.000,300.000,-1,-1,-1,-1,675.000,750.000,-1,-1,2,0,2,0,2,0,0,0,0,2,2,2,2,0,0,2,2
105,3032.465,-1765.530,247.596,-26.716,0.892141,0.449543,-0.044667,-0.449572,0.893189,0.009958,0.044372,0.011197,0.998952,0,0.81845,-1.00000,49.107,-2.000,-1,375.000,-1,400.000,-1,325.000,325.000,300.000,300.000,-1,-1,-1,-1,675.000,775.000,-1,-1,2,0,2,0,2,0,0,0,0,2,2,2,2,0,0,2,2
106,3075.721,-1789.227,249.326,-28.716,0.875817,0.480431,-0.046166,-0.480489,0.876937,0.010549,0.045553,0.012943,0.998878,0,0.82203,-1.00000,49.322,-2.000,-1,375.000,-1,400.000,-1,325.000,325.000,300.000,300.000,-1,-1,-1,-1,675.000,775.000,-1,-1,2,0,2,0,2,0,0,0,0,2,2,2,2,0,0,2,2
107,3118.317,-1814.535,251.257,-30.716,0.858446,0.510723,-0.047249,-0.510866,0.859603,0.009915,0.045679,0.015627,0.998834,0,0.82578,-1.00000,49.547,-2.000,-1,375.000,-1,400.000,1000.000,325.000,325.000,300.000,300.000,-1,-1,-1,-1,675.000,775.000,-1,-1,2,0,2,0,1,0,0,0,0,2,2,2,2,0,0,2,2
108,3160.201,-1841.439,253.359,-32.716,0.840048,0.540379,-0.048057,-0.540656,0.841204,0.008155,0.044833,0.019132,0.998811,0,0.82968,-1.00000,49.781,-2.000,-1,375.000,-1,400.000,950.000,325.000,325.000,300.000,300.000,-1,-1,-1,-1,700.000,775.000,-1,-1,2,0,2,0,1,0,0,0,0,2,2,2,2,0,0,2,2
109,3205.197,-1872.334,255.689,-34.476,0.822975,0.565915,-0.049520,-0.566344,0.824145,0.006229,0.044337,0.022919,0.998754,0,0.90968,-0.88000,54.581,-1.760,-1,375.000,-1,400.000,900.000,325.000,325.000,300.000,300.000,-1,-1,-1,-1,700.000,775.000,-1,-1,2,0,2,0,1,0,0,0,0,2,2,2,2,0,0,2,2
110,3249.872,-1904.786,258.129,-35.996,0.807552,0.587516,-0.051810,-0.588124,0.808760,0.004215,0.044379,0.027067,0.998648,0,0.92029,-0.76000,55.217,-1.520,-1,375.000,-1,400.000,850.000,325.000,325.000,300.000,300.000,-1,-1,-1,-1,725.000,775.000,-1,-1,2,0,2,0,1,0,0,0,0,2,2,2,2,0,0,2,2
111,3293.959,-1938.341,260.585,-37.276,0.794108,0.605378,-0.053947,-0.606133,0.795358,0.002915,0.044672,0.030384,0.998540,0,0.92340,-0.64000,55.404,-1.280,-1,375.000,-1,400.000,800.000,325.000,325.000,300.000,300.000,-1,-1,-1,-1,725.000,775.000,-1,1000.000,2,0,2,0,1,0,0,0,0,2,2,2,2,0,0,2,1
112,3338.515,-1973.548,263.037,-38.316,0.782877,0.619658,-0.055926,-0.620546,0.784168,0.001876,0.045018,0.033236,0.998433,0,0.94645,-0.52000,56.787,-1.040,-1,400.000,-1,400.000,750.000,325.000,325.000,300.000,300.000,-1,-1,900.000,-1,750.000,775.000,-1,950.000,2,0,2,0,1,0,0,0,0,2,2,0,2,0,0,2,1
113,3382.798,-2009.555,265.632,-39.116,0.774098,0.630510,-0.056826,-0.631475,0.775395,0.001249,0.044850,0.034917,0.998383,0,0.95124,-0.40000,57.075,-0.800,-1,400.000,-1,400.000,700.000,325.000,325.000,300.000,300.000,-1,-1,975.000,-1,750.000,775.000,-1,875.000,2,0,2,0,1,0,0,0,0,2,2,0,2,0,0,2,1
114,3426.907,-2046.143,268.269,-39.676,0.767883,0.638037,-0.057137,-0.639043,0.769171,0.000863,0.044499,0.035851,0.998366,0,0.95514,-0.28000,57.309,-0.560,-1,400.000,-1,400.000,675.000,325.000,325.000,300.000,300.000,-1,-1,-1,-1,750.000,775.000,-1,850.000,2,0,2,0,1,0,0,0,0,2,2,2,2,0,1,2,1
115,3470.940,-2083.086,270.863,-39.996,0.764296,0.642306,-0.057404,-0.643347,0.765575,0.000459,0.044242,0.036579,0.998351,0,0.95796,-0.16000,57.478,-0.320,-1,400.000,-1,400.000,625.000,325.000,325.000,300.000,300.000,-1,-1,-1,-1,775.000,750.000,-1,800.000,2,0,2,0,1,0,0,0,0,2,2,2,2,0,1,2,1
116,3514.993,-2120.150,273.395,-40.076,0.763387,0.643364,-0.057645,-0.644429,0.764664,0.000148,0.044174,0.037036,0.998337,0,0.95952,-0.04000,57.571,-0.080,-1,400.000,-1,400.000,600.000,325.000,325.000,275.000,300.000,-1,-1,-1,-1,775.000,725.000,-1,775.000,2,0,2,0,1,0,0,0,0,2,2,2,2,0,1,2,1
117,3559.153,-2157.095,276.025,-39.916,0.765159,0.641235,-0.057868,-0.642281,0.766469,0.000692,0.044798,0.036638,0.998324,0,0.95961,0.08000,57.577,0.160,-1,400.000,-1,400.000,575.000,325.000,325.000,275.000,300.000,-1,-1,-1,-1,775.000,700.000,-1,750.000,2,0,2,0,1,0,0,0,0,2,2,2,2,0,1,2,1
118,3603.499,-2193.672,278.573,-39.516,0.769595,0.635881,-0.058128,-0.636904,0.770942,0.001195,0.045573,0.036103,0.998308,0,0.95806,0.20000,57.484,0.400,-1,400.000,-1,400.000,550.000,325.000,325.000,275.000,300.000,-1,-1,-1,-1,775.000,725.000,-1,-1,2,0,2,0,1,0,0,0,0,2,2,2,2,0,1,2,2
119,3648.093,-2229.625,281.040,-38.876,0.776626,0.627244,-0.058459,-0.628245,0.778014,0.001598,0.046484,0.035486,0.998289,0,0.95471,0.32000,57.283,0.640,-1,400.000,-1,400.000,525.000,325.000,325.000,275.000,300.000,-1,-1,-1,-1,800.000,825.000,-1,-1,2,0,2,0,1,0,0,0,0,2,2,2,2,0,0,2,2
120,3692.984,-2264.693,283.429,-37.996,0.786141,0.615235,-0.058893,-0.616217,0.787574,0.001875,0.047536,0.034816,0.998263,0,0.94940,0.44000,56.964,0.880,-1,400.000,-1,400.000,500.000,325.000,325.000,275.000,300.000,-1,-1,-1,-1,800.000,850.000,-1,-1,2,0,2,0,1,0,0,0,0,2,2,2,2,0,0,2,2
121,3738.199,-2298.612,286.011,-36.876,0.798008,0.599719,-0.059336,-0.600742,0.799443,0.000742,0.047881,0.035053,0.998238,0,0.94205,0.56000,56.523,1.120,1000.000,400.000,-1,400.000,500.000,325.000,325.000,275.000,300.000,-1,-1,-1,-1,800.000,850.000,-1,-1,1,0,2,0,1,0,0,0,0,2,2,2,2,0,0,2,2
122,3783.745,-2331.119,288.646,-35.516,0.812030,0.580578,-0.059461,-0.581627,0.813456,-0.000401,0.048136,0.034910,0.998231,0,0.93262,0.68000,55.957,1.360,975.000,400.000,-1,400.000,525.000,325.000,325.000,275.000,300.000,-1,-1,-1,-1,800.000,850.000,-1,-1,1,0,2,0,1,0,0,0,0,2,2,2,2,0,0,2,2
123,3829.491,-2362.130,291.297,-34.134,0.825800,0.560782,-0.059816,-0.561872,0.827222,-0.001710,0.048522,0.035021,0.998208,0,0.92111,0.69122,55.267,1.382,925.000,400.000,-1,400.000,-1,325.000,325.000,275.000,300.000,-1,-1,-1,-1,800.000,875.000,-1,-1,1,0,2,0,2,0,0,0,0,2,2,2,2,0,0,2,2
124,3875.325,-2391.639,293.871,-32.774,0.838890,0.540990,-0.059939,-0.542115,0.840299,-0.003041,0.048721,0.035045,0.998197,0,0.90854,0.68000,54.512,1.360,875.000,400.000,-1,400.000,-1,325.000,325.000,275.000,300.000,-1,-1,-1,-1,800.000,875.000,-1,-1,1,0,2,0,2,0,0,0,0,2,2,2,2,1,0,2,2
125,3921.160,-2419.654,296.381,-31.434,0.851329,0.521200,-0.059908,-0.522358,0.852715,-0.004397,0.048793,0.035037,0.998194,0,0.89532,0.66971,53.719,1.339,825.000,400.000,-1,400.000,-1,325.000,325.000,275.000,300.000,-1,-1,-1,-1,775.000,875.000,-1,-1,1,0,2,0,2,0,0,0,0,2,2,2,2,1,0,2,2
126,3966.929,-2446.183,298.840,-30.098,0.863276,0.501180,-0.059778,-0.502368,0.864634,-0.005777,0.048791,0.035018,0.998195,0,0.88170,0.66793,52.902,1.336,775.000,400.000,-1,400.000,-1,325.000,325.000,275.000,300.000,-1,-1,-1,-1,750.000,875.000,1000.000,-1,1,0,2,0,2,0,0,0,0,2,2,2,2,1,0,1,2
127,4012.577,-2471.239,301.274,-28.762,0.874770,0.480878,-0.059445,-0.482089,0.876093,-0.007123,0.048654,0.034889,0.998206,0,0.86787,0.66828,52.072,1.337,725.000,400.000,-1,425.000,-1,325.000,325.000,275.000,300.000,-1,-1,-1,-1,725.000,875.000,900.000,-1,1,0,2,0,2,0,0,0,1,2,2,2,2,1,0,1,2
128,4058.063,-2494.839,303.801,-27.422,0.885853,0.460272,-0.058435,-0.461470,0.887118,-0.008201,0.048064,0.034230,0.998258,0,0.85408,0.66992,51.245,1.340,700.000,400.000,-1,425.000,-1,325.000,325.000,275.000,275.000,-1,-1,-1,-1,700.000,875.000,825.000,-1,1,0,2,0,2,0,0,0,1,2,2,2,2,1,0,1,2
129,4103.362,-2517.009,306.253,-26.076,0.896487,0.439321,-0.057514,-0.440511,0.897699,-0.009299,0.047545,0.033672,0.998301,0,0.84055,0.67279,50.433,1.346,650.000,400.000,-1,425.000,-1,325.000,325.000,300.000,275.000,-1,-1,-1,-1,675.000,875.000,750.000,-1,1,0,2,0,2,0,0,0,1,2,2,2,2,1,0,1,2
130,4148.462,-2537.774,308.638,-24.723,0.906678,0.417998,-0.056680,-0.419185,0.907841,-0.010406,0.047107,0.033195,0.998338,0,0.82751,0.67684,49.651,1.354,600.000,400.000,-1,425.000,-1,325.000,325.000,300.000,250.000,-1,-1,-1,-1,650.000,875.000,700.000,-1,1,0,2,0,2,0,0,0,1,2,2,2,2,1,0,1,2
131,4193.362,-2557.166,310.962,-23.359,0.916427,0.396275,-0.055929,-0.397463,0.917546,-0.011530,0.046748,0.032796,0.998368,0,0.81515,0.68199,48.909,1.364,575.000,400.000,-1,425.000,-1,325.000,325.000,300.000,250.000,-1,-1,-1,-1,625.000,875.000,650.000,-1,1,0,2,0,2,0,0,0,1,2,2,2,2,1,0,1,2
132,4238.074,-2575.215,313.231,-21.982,0.925730,0.374125,-0.055256,-0.375318,0.926810,-0.012672,0.046471,0.032469,0.998392,0,0.80364,0.68818,48.218,1.376,525.000,400.000,-1,425.000,-1,325.000,325.000,300.000,250.000,-1,-1,-1,-1,600.000,875.000,600.000,-1,1,1,2,0,2,0,0,0,1,2,2,2,2,1,0,1,2
133,4282.621,-2591.952,315.454,-20.592,0.934582,0.351525,-0.054658,-0.352726,0.935624,-0.013833,0.046277,0.032207,0.998409,0,0.79313,0.69535,47.588,1.391,475.000,375.000,-1,425.000,-1,325.000,325.000,300.000,250.000,-1,-1,-1,975.000,575.000,875.000,550.000,-1,1,1,2,0,2,0,0,0,1,2,2,2,1,1,0,1,2
134,4327.310,-2607.725,317.647,-19.441,0.941491,0.332664,-0.054117,-0.333883,0.942494,-0.015045,0.046000,0.032234,0.998421,0,0.78984,0.57535,47.391,1.151,450.000,375.000,-1,425.000,-1,325.000,325.000,300.000,275.000,-1,-1,-1,775.000,550.000,875.000,500.000,-1,1,1,2,0,2,1,0,0,1,2,2,2,1,1,0,1,2
