timestep,x_cm,y_cm,z_cm,yaw_deg,basis_xx,basis_xy,basis_xz,basis_yx,basis_yy,basis_yz,basis_zx,basis_zy,basis_zz,teleport_flag,throttle_cmd,steering_cmd,cmd_move_cm,cmd_turn_deg,lidar_cm_0,lidar_cm_1,lidar_cm_2,lidar_cm_3,lidar_cm_4,lidar_cm_5,lidar_cm_6,lidar_cm_7,lidar_cm_8,lidar_cm_9,lidar_cm_10,lidar_cm_11,lidar_cm_12,lidar_cm_13,lidar_cm_14,lidar_cm_15,lidar_cm_16,lidar_class_0,lidar_class_1,lidar_class_2,lidar_class_3,lidar_class_4,lidar_class_5,lidar_class_6,lidar_class_7,lidar_class_8,lidar_class_9,lidar_class_10,lidar_class_11,lidar_class_12,lidar_class_13,lidar_class_14,lidar_class_15,lidar_class_16
0,-332.760,6231.596,539.419,177.130,-0.998725,-0.050069,-0.006503,0.050061,-0.998745,0.001329,-0.006561,0.001002,0.999978,1,0.08000,-0.05523,4.800,-0.110,-1,400.000,-1,425.000,-1,325.000,325.000,300.000,300.000,-1,425.000,400.000,850.000,850.000,875.000,-1,-1,2,0,2,0,2,0,0,0,0,2,1,1,1,0,0,2,2
1,-342.347,6232.095,539.362,177.020,-0.998623,-0.051980,-0.007140,0.051971,-0.998648,0.001437,-0.007205,0.001064,0.999973,0,0.16000,-0.05481,9.600,-0.110,-1,400.000,-1,425.000,-1,325.000,325.000,300.000,300.000,-1,450.000,425.000,875.000,850.000,875.000,-1,-1,2,0,2,0,2,0,0,0,0,2,1,1,1,0,0,2,2
2,-356.726,6232.871,539.276,176.913,-0.998516,-0.053860,-0.008094,0.053849,-0.998548,0.001602,-0.008168,0.001164,0.999966,0,0.24000,-0.05395,14.400,-0.108,-1,400.000,-1,425.000,-1,325.000,325.000,300.000,300.000,-1,450.000,425.000,900.000,825.000,850.000,-1,-1,2,0,2,0,2,0,0,0,0,2,1,1,1,0,0,2,2
3,-375.897,6233.940,539.161,176.807,-0.998404,-0.055696,-0.009365,0.055682,-0.998447,0.001826,-0.009452,0.001302,0.999954,0,0.32000,-0.05268,19.200,-0.105,-1,400.000,-1,425.000,-1,325.000,325.000,300.000,300.000,-1,475.000,450.000,975.000,825.000,850.000,-1,-1,2,0,2,0,2,0,0,0,0,2,1,1,1,0,0,2,2
4,-399.857,6235.320,539.018,176.705,-0.998287,-0.057473,-0.010952,0.057453,-0.998346,0.002112,-0.011055,0.001479,0.999938,0,0.40000,-0.05097,24.000,-0.102,-1,400.000,-1,400.000,-1,325.000,325.000,300.000,300.000,-1,525.000,475.000,-1,825.000,850.000,-1,-1,2,0,2,0,2,0,0,0,0,2,1,1,2,0,0,2,2
5,-428.606,6237.024,538.844,176.608,-0.998165,-0.059175,-0.012856,0.059148,-0.998246,0.002459,-0.012979,0.001694,0.999914,0,0.48000,-0.04884,28.800,-0.098,-1,400.000,-1,400.000,-1,325.000,325.000,300.000,300.000,-1,550.000,525.000,-1,800.000,825.000,-1,-1,2,0,2,0,2,0,0,0,0,2,1,1,2,0,0,2,2
6,-462.144,6239.066,538.641,176.515,-0.998037,-0.060788,-0.015076,0.060751,-0.998149,0.002869,-0.015222,0.001948,0.999882,0,0.56000,-0.04629,33.600,-0.093,-1,400.000,-1,400.000,-1,325.000,325.000,300.000,300.000,-1,600.000,550.000,-1,800.000,825.000,-1,-1,2,0,2,0,2,0,0,0,0,2,1,1,2,0,0,2,2
7,-500.470,6241.459,538.408,176.428,-0.997902,-0.062296,-0.017612,0.062247,-0.998055,0.003344,-0.017786,0.002241,0.999839,0,0.64000,-0.04330,38.400,-0.087,-1,400.000,-1,400.000,-1,325.000,325.000,300.000,300.000,-1,650.000,600.000,-1,800.000,825.000,-1,-1,2,0,2,0,2,0,0,0,0,2,1,1,2,0,0,2,2
8,-541.309,6244.065,538.157,176.349,-0.997763,-0.063686,-0.020313,0.063621,-0.997967,0.003855,-0.020517,0.002554,0.999786,0,0.68203,-0.03990,40.922,-0.080,-1,400.000,-1,400.000,-1,325.000,325.000,300.000,300.000,-1,700.000,650.000,-1,775.000,800.000,-1,-1,2,0,2,0,2,0,0,0,0,2,1,1,2,0,0,2,2
9,-582.321,6246.734,537.904,176.276,-0.997623,-0.064949,-0.023024,0.064865,-0.997884,0.004374,-0.023259,0.002870,0.999725,0,0.68497,-0.03626,41.098,-0.073,-1,400.000,-1,400.000,-1,325.000,325.000,300.000,300.000,-1,775.000,700.000,-1,775.000,775.000,-1,-1,2,0,2,0,2,0,0,0,0,2,1,1,2,1,0,2,2
10,-623.507,6249.462,537.649,176.211,-0.997482,-0.066085,-0.025746,0.065981,-0.997809,0.004899,-0.026013,0.003188,0.999657,0,0.68793,-0.03262,41.276,-0.065,-1,400.000,-1,400.000,-1,325.000,325.000,300.000,300.000,-1,825.000,775.000,-1,750.000,775.000,-1,-1,2,0,2,0,2,0,0,0,0,2,1,1,2,1,1,2,2
11,-664.868,6252.243,537.018,176.153,-0.997372,-0.067094,-0.027328,0.067011,-0.997744,0.003945,-0.027531,0.002104,0.999619,0,0.69090,-0.02895,41.454,-0.058,-1,375.000,-1,400.000,-1,325.000,325.000,300.000,300.000,-1,875.000,825.000,-1,725.000,750.000,-1,-1,2,0,2,0,2,0,0,0,0,2,1,1,2,1,1,2,2
12,-711.020,6255.303,535.773,176.207,-0.997438,-0.066153,-0.027236,0.066061,-0.997806,0.004275,-0.027459,0.002465,0.999620,0,0.77090,0.02702,46.254,0.054,-1,400.000,-1,400.000,-1,325.000,325.000,300.000,300.000,-1,925.000,850.000,-1,700.000,750.000,-1,-1,2,0,2,0,2,0,0,0,0,2,1,1,2,1,1,2,2
13,-757.596,6258.346,534.521,176.262,-0.997503,-0.065200,-0.027125,0.065099,-0.997868,0.004582,-0.027366,0.002805,0.999622,0,0.77791,0.02735,46.674,0.055,-1,400.000,-1,400.000,-1,325.000,325.000,300.000,300.000,-1,975.000,900.000,-1,675.000,725.000,-1,-1,2,0,2,0,2,0,0,0,0,2,1,1,2,1,1,2,2
14,-804.374,6261.357,533.262,176.317,-0.997569,-0.064235,-0.027012,0.064126,-0.997930,0.004888,-0.027270,0.003144,0.999623,0,0.78125,0.02770,46.875,0.055,-1,400.000,-1,400.000,-1,325.000,325.000,300.000,300.000,-1,-1,950.000,-1,650.000,700.000,-1,-1,2,0,2,0,2,0,0,0,0,2,2,1,2,1,1,2,2
15,-851.356,6264.335,531.997,176.373,-0.997635,-0.063258,-0.026899,0.063140,-0.997991,0.005194,-0.027173,0.003484,0.999625,0,0.78461,0.02806,47.076,0.056,-1,400.000,1000.000,400.000,-1,325.000,325.000,300.000,300.000,-1,-1,1000.000,-1,625.000,675.000,1000.000,-1,2,0,1,0,2,0,0,0,0,2,2,1,2,1,1,1,2
16,-898.542,6267.279,530.725,176.430,-0.997700,-0.062267,-0.026783,0.062141,-0.998052,0.005500,-0.027074,0.003823,0.999626,0,0.78797,0.02844,47.278,0.057,-1,400.000,975.000,400.000,-1,325.000,325.000,300.000,300.000,-1,-1,-1,-1,600.000,650.000,925.000,-1,2,0,1,0,2,0,0,0,0,2,2,2,2,1,1,1,2
17,-950.536,6270.253,529.324,176.727,-0.998013,-0.057094,-0.026656,0.056958,-0.998360,0.005831,-0.026946,0.004301,0.999628,0,0.86797,0.14844,52.078,0.297,-1,400.000,900.000,400.000,-1,325.000,325.000,300.000,300.000,-1,-1,-1,-1,550.000,625.000,875.000,-1,2,0,1,0,2,0,0,0,0,2,2,2,2,1,1,1,2
18,-1006.846,6272.944,527.808,177.264,-0.998508,-0.047737,-0.026519,0.047589,-0.998848,0.006176,-0.026783,0.004904,0.999629,0,0.93958,0.26844,56.375,0.537,-1,375.000,825.000,375.000,-1,325.000,325.000,300.000,300.000,-1,-1,-1,-1,525.000,600.000,800.000,-1,2,1,1,1,2,0,0,0,0,2,2,2,2,1,1,1,2
19,-1063.432,6274.880,526.288,178.041,-0.999067,-0.034189,-0.026381,0.034028,-0.999400,0.006504,-0.026587,0.005600,0.999631,0,0.94365,0.38844,56.619,0.777,-1,350.000,775.000,375.000,-1,300.000,300.000,300.000,300.000,-1,-1,-1,-1,500.000,550.000,750.000,-1,2,1,1,1,2,1,1,0,0,2,2,2,2,1,1,1,2
20,-1120.291,6275.815,524.766,179.058,-0.999520,-0.016447,-0.026241,0.016273,-0.999844,0.006810,-0.026349,0.006380,0.999632,0,0.94777,0.50844,56.866,1.017,-1,325.000,700.000,350.000,-1,275.000,300.000,300.000,300.000,-1,-1,-1,-1,475.000,525.000,725.000,-1,2,1,1,1,2,1,1,0,0,2,2,2,2,1,1,1,2
21,-1177.406,6275.501,523.246,180.314,-0.999644,0.005489,-0.026099,-0.005676,-0.999959,0.007089,-0.026059,0.007234,0.999634,0,0.95194,0.62844,57.116,1.257,-1,300.000,625.000,325.000,-1,250.000,275.000,300.000,300.000,-1,-1,-1,-1,450.000,475.000,700.000,-1,2,1,1,1,2,1,1,0,0,2,2,2,2,1,1,1,2
22,-1234.745,6273.688,521.731,181.811,-0.999163,0.031608,-0.025949,-0.031808,-0.999467,0.007334,-0.025704,0.008153,0.999636,0,0.95612,0.74844,57.367,1.497,-1,275.000,550.000,300.000,-1,250.000,250.000,300.000,300.000,-1,-1,-1,-1,425.000,425.000,775.000,725.000,2,1,1,1,2,1,1,0,0,2,2,2,2,1,1,1,1
23,-1292.263,6270.285,520.227,183.386,-0.997921,0.059054,-0.025794,-0.059266,-0.998214,0.007537,-0.025302,0.009050,0.999639,0,0.96031,0.78714,57.618,1.574,-1,275.000,475.000,250.000,-1,225.000,225.000,300.000,300.000,-1,-1,-1,-1,400.000,375.000,-1,500.000,2,1,1,1,2,1,1,0,0,2,2,2,2,1,1,2,1
24,-1349.913,6265.287,521.800,184.955,-0.996135,0.086374,-0.015956,-0.086394,-0.996261,0.000533,-0.015851,0.001910,0.999873,0,0.96445,0.78469,57.867,1.569,-1,250.000,475.000,250.000,-1,200.000,200.000,300.000,325.000,-1,-1,-1,-1,400.000,350.000,-1,500.000,2,1,1,1,2,1,1,0,0,2,2,2,2,1,1,2,1
25,-1407.649,6258.689,525.519,186.519,-0.993535,0.113528,0.000552,-0.113529,-0.993534,-0.001306,0.000400,-0.001361,0.999999,0,0.96853,0.78184,58.112,1.564,-1,275.000,525.000,250.000,-1,225.000,200.000,325.000,350.000,-1,300.000,375.000,-1,450.000,350.000,-1,525.000,2,1,1,1,2,1,1,0,0,2,0,0,2,1,1,2,1
26,-1465.420,6250.492,529.338,188.076,-0.989927,0.140480,0.017613,-0.140570,-0.990063,-0.003933,0.016885,-0.006369,0.999837,0,0.97250,0.77854,58.350,1.557,-1,275.000,-1,225.000,-1,225.000,200.000,325.000,375.000,-1,200.000,250.000,-1,525.000,350.000,-1,525.000,2,1,2,1,2,1,1,0,0,2,0,0,2,1,1,2,1
27,-8855.059,-1639.810,-108.029,-46.007,0.691568,0.717975,-0.079026,-0.720716,0.693166,-0.009465,0.047982,0.063501,0.996828,1,0.00000,0.00000,58.580,1.549,-1,400.000,-1,400.000,-1,325.000,325.000,300.000,300.000,-1,-1,-1,-1,800.000,825.000,-1,-1,2,0,2,0,2,0,0,0,0,2,2,2,2,0,0,2,2
28,-8851.740,-1643.277,-107.803,-46.247,0.688562,0.720864,-0.078979,-0.723610,0.690144,-0.009510,0.047652,0.063699,0.996831,0,0.08000,-0.12000,4.800,-0.240,-1,400.000,-1,400.000,-1,325.000,325.000,300.000,300.000,-1,-1,-1,-1,800.000,825.000,-1,-1,2,0,2,0,2,0,0,0,0,2,2,2,2,0,0,2,2
29,-8845.159,-1650.267,-107.358,-46.727,0.682515,0.726602,-0.078884,-0.729359,0.684063,-0.009597,0.046988,0.064085,0.996838,0,0.16000,-0.24000,9.600,-0.480,-1,400.000,-1,400.000,-1,325.000,325.000,300.000,300.000,-1,-1,-1,-1,800.000,825.000,-1,-1,2,0,2,0,2,0,0,0,0,2,2,2,2,0,0,2,2
30,-8835.420,-1660.874,-106.702,-47.447,0.673357,0.735113,-0.078737,-0.737887,0.674853,-0.009755,0.045965,0.064667,0.996848,0,0.24000,-0.36000,14.400,-0.720,-1,400.000,-1,400.000,-1,325.000,325.000,300.000,300.000,-1,-1,-1,-1,800.000,825.000,-1,-1,2,0,2,0,2,0,0,0,0,2,2,2,2,0,0,2,2
31,-8822.662,-1675.223,-105.803,-48.361,0.661591,0.745737,-0.078572,-0.748545,0.663005,-0.010211,0.044479,0.065570,0.996856,0,0.32000,-0.45687,19.200,-0.914,-1,400.000,-1,400.000,-1,325.000,325.000,300.000,300.000,-1,-1,-1,-1,800.000,825.000,-1,-1,2,0,2,0,2,0,0,0,0,2,2,2,2,0,0,2,2
32,-8807.003,-1693.412,-104.721,-49.275,0.649662,0.756175,-0.078353,-0.759013,0.650987,-0.010736,0.042889,0.066446,0.996868,0,0.40000,-0.45701,24.000,-0.914,-1,400.000,-1,400.000,-1,325.000,325.000,300.000,300.000,-1,-1,-1,-1,800.000,825.000,-1,-1,2,0,2,0,2,0,0,0,0,2,2,2,2,0,0,2,2
33,-8788.563,-1715.535,-103.474,-50.189,0.637571,0.766425,-0.078077,-0.769289,0.638800,-0.011322,0.041198,0.067282,0.996883,0,0.48000,-0.45724,28.800,-0.914,-1,400.000,-1,400.000,-1,325.000,325.000,300.000,300.000,-1,-1,-1,-1,800.000,825.000,-1,-1,2,0,2,0,2,0,0,0,0,2,2,2,2,0,0,2,2
34,-8767.465,-1741.686,-102.087,-51.105,0.625317,0.776489,-0.077738,-0.779375,0.626444,-0.011962,0.039410,0.068067,0.996902,0,0.56000,-0.45759,33.600,-0.915,-1,400.000,-1,400.000,-1,325.000,325.000,300.000,300.000,-1,-1,-1,-1,800.000,800.000,-1,-1,2,0,2,0,2,0,0,0,0,2,2,2,2,0,0,2,2
35,-8743.834,-1771.954,-100.581,-52.021,0.612900,0.786368,-0.077326,-0.789269,0.613918,-0.012650,0.037524,0.068784,0.996926,0,0.64000,-0.45809,38.400,-0.916,-1,400.000,-1,400.000,-1,325.000,325.000,300.000,300.000,-1,-1,-1,-1,800.000,800.000,-1,-1,2,0,2,0,2,0,0,0,0,2,2,2,2,0,0,2,2
36,-8717.799,-1806.427,-98.982,-52.938,0.600317,0.796063,-0.076837,-0.798972,0.601220,-0.013378,0.035546,0.069422,0.996954,0,0.72000,-0.45878,43.200,-0.918,-1,400.000,-1,400.000,-1,325.000,325.000,300.000,300.000,-1,-1,-1,-1,800.000,800.000,-1,-1,2,0,2,0,2,0,0,0,0,2,2,2,2,0,0,2,2
37,-8689.488,-1845.190,-97.319,-53.858,0.587563,0.805576,-0.076264,-0.808486,0.588346,-0.014141,0.033478,0.069967,0.996987,0,0.80000,-0.45970,48.000,-0.919,-1,400.000,-1,400.000,-1,325.000,325.000,300.000,300.000,-1,-1,-1,-1,800.000,800.000,-1,-1,2,0,2,0,2,0,0,0,0,2,2,2,2,0,0,2,2
38,-8659.051,-1888.335,-95.622,-54.798,0.574371,0.815096,-0.075602,-0.817996,0.575030,-0.014931,0.031304,0.070418,0.997026,0,0.88000,-0.47010,52.800,-0.940,-1,400.000,-1,400.000,-1,325.000,325.000,300.000,300.000,-1,-1,-1,-1,800.000,800.000,-1,-1,2,0,2,0,2,0,0,0,0,2,2,2,2,0,0,2,2
39,-8627.914,-1934.034,-94.050,-55.732,0.561124,0.824330,-0.074964,-0.827226,0.561641,-0.016000,0.028914,0.070990,0.997058,0,0.92163,-0.46711,55.298,-0.934,1000.000,400.000,-1,400.000,-1,325.000,325.000,300.000,300.000,-1,-1,-1,-1,800.000,800.000,-1,-1,1,0,2,0,2,0,0,0,0,2,2,2,2,0,0,2,2
40,-8597.476,-1980.301,-92.596,-56.660,0.547820,0.833288,-0.074329,-0.836173,0.548204,-0.016962,0.026613,0.071444,0.997089,0,0.92302,-0.46382,55.381,-0.928,1000.000,400.000,-1,400.000,-1,325.000,325.000,300.000,300.000,-1,-1,-1,-1,800.000,800.000,-1,-1,1,0,2,0,2,0,0,0,0,2,2,2,2,0,0,2,2
41,-8567.750,-2027.107,-91.231,-57.581,0.534460,0.841961,-0.073849,-0.844838,0.534725,-0.017796,0.024505,0.071901,0.997111,0,0.92412,-0.46036,55.447,-0.921,-1,400.000,-1,400.000,-1,325.000,325.000,300.000,300.000,-1,-1,-1,-1,800.000,775.000,-1,-1,2,0,2,0,2,0,0,0,0,2,2,2,2,0,0,2,2
42,-8538.749,-2074.421,-89.972,-58.494,0.521067,0.850355,-0.073382,-0.853220,0.521220,-0.018567,0.022460,0.072286,0.997131,0,0.92492,-0.45673,55.495,-0.913,-1,400.000,-1,400.000,-1,325.000,325.000,300.000,300.000,-1,-1,-1,-1,800.000,775.000,-1,-1,2,0,2,0,2,0,0,0,0,2,2,2,2,0,0,2,2
43,-8510.484,-2122.214,-88.814,-59.400,0.507653,0.858469,-0.072937,-0.861318,0.507699,-0.019297,0.020464,0.072619,0.997150,0,0.92541,-0.45294,55.525,-0.906,-1,400.000,-1,400.000,-1,325.000,325.000,300.000,300.000,-1,-1,-1,-1,800.000,775.000,-1,-1,2,0,2,0,2,0,0,0,0,2,2,2,2,0,0,2,2
44,-8482.967,-2170.453,-87.739,-60.298,0.494219,0.866299,-0.072626,-0.869137,0.494170,-0.019901,0.018649,0.072957,0.997161,0,0.92558,-0.44900,55.535,-0.898,-1,400.000,-1,400.000,-1,325.000,325.000,300.000,300.000,-1,-1,-1,-1,800.000,775.000,-1,-1,2,0,2,0,2,0,0,0,0,2,2,2,2,0,0,2,2
45,-8456.207,-2219.104,-86.634,-61.188,0.480798,0.873868,-0.072031,-0.876671,0.480656,-0.020445,0.016756,0.072977,0.997193,0,0.92541,-0.44493,55.524,-0.890,-1,400.000,-1,400.000,-1,325.000,325.000,300.000,300.000,-1,-1,-1,-1,800.000,775.000,-1,-1,2,0,2,0,2,0,0,0,0,2,2,2,2,0,0,2,2
46,-8430.214,-2268.135,-85.645,-62.069,0.467385,0.881164,-0.071432,-0.883927,0.467157,-0.020891,0.014962,0.072905,0.997227,0,0.92490,-0.44076,55.494,-0.882,-1,400.000,-1,400.000,-1,325.000,325.000,300.000,300.000,-1,-1,-1,-1,800.000,775.000,-1,-1,2,0,2,0,2,0,0,0,0,2,2,2,2,0,0,2,2
47,-8404.994,-2317.510,-84.769,-62.942,0.453986,0.888189,-0.070825,-0.890910,0.453683,-0.021243,0.013265,0.072743,0.997263,0,0.92405,-0.43650,55.443,-0.873,-1,400.000,-1,400.000,-1,325.000,325.000,300.000,300.000,-1,-1,-1,-1,800.000,775.000,-1,-1,2,0,2,0,2,0,0,0,0,2,2,2,2,0,0,2,2
48,-8382.223,-2363.334,-84.045,-63.575,0.444209,0.893165,-0.070250,-0.895843,0.443851,-0.021487,0.011989,0.072478,0.997298,0,0.85283,-0.31650,51.170,-0.633,-1,400.000,-1,400.000,-1,325.000,325.000,300.000,300.000,-1,-1,-1,-1,800.000,775.000,-1,-1,2,0,2,0,2,0,0,0,0,2,2,2,2,0,0,2,2
49,-8359.799,-2409.246,-83.388,-63.968,0.438122,0.896212,-0.069661,-0.898847,0.437727,-0.021660,0.011081,0.072104,0.997336,0,0.85158,-0.19650,51.095,-0.393,-1,400.000,-1,400.000,-1,325.000,325.000,300.000,300.000,-1,-1,-1,-1,800.000,775.000,-1,-1,2,0,2,0,2,0,0,0,0,2,2,2,2,0,0,2,2
50,-8337.532,-2455.148,-82.778,-64.121,0.435763,0.897408,-0.069062,-0.900000,0.435347,-0.021766,0.010533,0.071641,0.997375,0,0.85030,-0.07650,51.018,-0.153,-1,400.000,-1,400.000,-1,325.000,325.000,300.000,300.000,-1,-1,-1,-1,800.000,775.000,-1,-1,2,0,2,0,2,0,0,0,0,2,2,2,2,0,0,2,2
51,-8315.229,-2500.946,-82.240,-64.034,0.437138,0.896771,-0.068643,-0.899334,0.436721,-0.021769,0.010456,0.071249,0.997404,0,0.84901,0.04350,50.940,0.087,-1,400.000,-1,400.000,-1,325.000,325.000,300.000,300.000,-1,-1,-1,-1,800.000,775.000,-1,-1,2,0,2,0,2,0,0,0,0,2,2,2,2,0,0,2,2
52,-8292.698,-2546.549,-81.732,-63.707,0.442245,0.894284,-0.068377,-0.896829,0.441842,-0.021739,0.010771,0.070936,0.997423,0,0.84776,0.16350,50.866,0.327,-1,400.000,-1,400.000,-1,325.000,325.000,300.000,300.000,-1,-1,-1,-1,800.000,775.000,-1,-1,2,0,2,0,2,0,0,0,0,2,2,2,2,0,0,2,2
53,-8269.748,-2591.864,-81.242,-63.140,0.451074,0.889875,-0.068229,-0.892417,0.450674,-0.022019,0.011155,0.070821,0.997427,0,0.84659,0.28350,50.795,0.567,-1,400.000,-1,400.000,-1,325.000,325.000,300.000,300.000,-1,-1,-1,-1,775.000,775.000,-1,-1,2,0,2,0,2,0,0,0,0,2,2,2,2,0,0,2,2
54,-8246.192,-2636.795,-80.716,-62.333,0.463554,0.883452,-0.068042,-0.885990,0.463170,-0.022275,0.011836,0.070610,0.997434,0,0.84553,0.40350,50.732,0.807,-1,400.000,-1,400.000,-1,325.000,325.000,300.000,300.000,-1,-1,-1,-1,775.000,775.000,-1,-1,2,0,2,0,2,0,0,0,0,2,2,2,2,0,0,2,2
55,-8221.846,-2681.239,-80.131,-61.286,0.479602,0.874863,-0.067803,-0.877392,0.479247,-0.022471,0.012835,0.070267,0.997446,0,0.84460,0.52350,50.676,1.047,-1,400.000,-1,400.000,-1,325.000,325.000,300.000,300.000,-1,-1,-1,-1,775.000,775.000,-1,-1,2,0,2,0,2,0,0,0,0,2,2,2,2,0,0,2,2
56,-8196.531,-2725.084,-79.448,-59.999,0.499108,0.863902,-0.067557,-0.866425,0.498790,-0.022708,0.014079,0.069866,0.997457,0,0.84383,0.64350,50.630,1.287,-1,400.000,-1,400.000,-1,325.000,325.000,300.000,300.000,-1,-1,-1,-1,775.000,800.000,-1,-1,2,0,2,0,2,0,0,0,0,2,2,2,2,0,0,2,2
57,-8170.075,-2768.210,-78.642,-58.472,0.521927,0.850330,-0.067314,-0.852849,0.521651,-0.023022,0.015538,0.069425,0.997466,0,0.84324,0.76350,50.594,1.527,-1,400.000,-1,400.000,-1,325.000,325.000,300.000,300.000,-1,-1,-1,-1,775.000,800.000,-1,-1,2,0,2,0,2,0,0,0,0,2,2,2,2,0,0,2,2
58,-8142.315,-2810.479,-77.762,-56.705,0.547871,0.833870,-0.067065,-0.836385,0.547642,-0.023398,0.017216,0.068912,0.997474,0,0.84285,0.88350,50.571,1.767,-1,400.000,-1,400.000,-1,325.000,325.000,300.000,300.000,-1,-1,-1,-1,750.000,800.000,-1,-1,2,0,2,0,2,0,0,0,0,2,2,2,2,0,0,2,2
59,-8113.103,-2851.745,-76.791,-54.705,0.576610,0.814284,-0.066799,-0.816796,0.576435,-0.023820,0.019108,0.068296,0.997482,0,0.84267,1.00000,50.560,2.000,-1,400.000,-1,400.000,-1,325.000,325.000,300.000,300.000,-1,-1,-1,-1,750.000,800.000,-1,-1,2,0,2,0,2,0,0,0,0,2,2,2,2,0,0,2,2
60,-8082.467,-2891.968,-75.719,-52.705,0.604653,0.793707,-0.066508,-0.796213,0.604529,-0.024256,0.020954,0.067621,0.997491,0,0.84271,1.00000,50.563,2.000,-1,400.000,-1,400.000,-1,325.000,325.000,300.000,300.000,-1,-1,-1,-1,750.000,800.000,-1,-1,2,0,2,0,2,0,0,0,0,2,2,2,2,0,0,2,2
61,-8050.446,-2931.099,-74.546,-50.705,0.631965,0.772164,-0.066199,-0.774663,0.631892,-0.024701,0.022758,0.066892,0.997501,0,0.84273,1.00000,50.564,2.000,-1,400.000,-1,400.000,-1,325.000,325.000,300.000,300.000,-1,-1,-1,-1,725.000,800.000,-1,-1,2,0,2,0,2,0,0,0,0,2,2,2,2,0,0,2,2
62,-8017.078,-2969.088,-73.274,-48.705,0.658514,0.749680,-0.065872,-0.752169,0.658490,-0.025150,0.024521,0.066109,0.997511,0,0.84272,1.00000,50.563,2.000,-1,400.000,-1,400.000,-1,325.000,325.000,300.000,300.000,-1,-1,-1,-1,725.000,775.000,-1,-1,2,0,2,0,2,0,0,0,0,2,2,2,2,0,0,2,2
63,-7982.406,-3005.888,-71.905,-46.705,0.684266,0.726283,-0.065526,-0.728760,0.684290,-0.025601,0.026245,0.065271,0.997522,0,0.84270,1.00000,50.562,2.000,950.000,375.000,-1,400.000,-1,325.000,325.000,300.000,300.000,-1,-1,-1,-1,725.000,775.000,-1,-1,1,0,2,0,2,0,0,0,0,2,2,2,2,0,0,2,2
64,-7946.473,-3041.453,-70.393,-44.705,0.709146,0.701972,-0.065935,-0.704489,0.709233,-0.026139,0.028414,0.064986,0.997482,0,0.84264,1.00000,50.559,2.000,900.000,375.000,-1,400.000,-1,325.000,325.000,300.000,300.000,-1,-1,-1,-1,725.000,775.000,-1,-1,1,0,2,0,2,0,0,1,0,2,2,2,2,0,0,2,2
65,-7909.324,-3075.739,-68.671,-42.705,0.733131,0.676786,-0.066936,-0.679384,0.733293,-0.026817,0.030934,0.065136,0.997397,0,0.84256,1.00000,50.554,2.000,850.000,375.000,-1,400.000,-1,325.000,325.000,300.000,300.000,-1,-1,-1,-1,725.000,775.000,-1,-1,1,0,2,0,2,0,0,1,0,2,2,2,2,0,0,2,2
66,-7871.005,-3108.703,-66.839,-40.705,0.756228,0.650780,-0.067855,-0.653455,0.756463,-0.027573,0.033386,0.065192,0.997314,0,0.84245,1.00000,50.547,2.000,800.000,375.000,-1,400.000,-1,325.000,325.000,275.000,300.000,-1,-1,-1,-1,700.000,750.000,-1,-1,1,0,2,0,2,0,0,1,0,2,2,2,2,0,0,2,2
67,-7831.566,-3140.305,-64.897,-38.705,0.778412,0.623985,-0.068689,-0.626734,0.778716,-0.028395,0.035771,0.065153,0.997234,0,0.84232,1.00000,50.539,2.000,775.000,375.000,-1,400.000,-1,325.000,325.000,275.000,300.000,-1,-1,-1,-1,700.000,750.000,-1,-1,1,0,2,0,2,0,0,1,0,2,2,2,2,1,0,2,2
68,-7791.056,-3170.505,-62.852,-36.705,0.799653,0.596433,-0.069452,-0.599253,0.800024,-0.029278,0.038101,0.065032,0.997156,0,0.84216,1.00000,50.529,2.000,725.000,375.000,-1,400.000,-1,325.000,325.000,275.000,300.000,-1,-1,-1,-1,700.000,750.000,-1,-1,1,0,2,0,2,0,0,1,0,2,2,2,2,1,0,2,2
69,-7749.527,-3199.267,-60.745,-34.705,0.819915,0.568151,-0.070314,-0.571052,0.820356,-0.030265,0.040487,0.064968,0.997066,0,0.84196,1.00000,50.518,2.000,675.000,375.000,-1,400.000,-1,325.000,325.000,275.000,300.000,-1,-1,-1,-1,675.000,725.000,900.000,-1,1,0,2,0,2,0,0,1,0,2,2,2,2,1,0,1,2
70,-7706.928,-3226.873,-58.555,-32.945,0.836915,0.542685,-0.071182,-0.545672,0.837414,-0.031307,0.042619,0.065043,0.996972,0,0.84604,0.88000,50.762,1.760,650.000,375.000,-1,375.000,-1,300.000,325.000,275.000,300.000,-1,-1,-1,-1,650.000,725.000,800.000,-1,1,0,2,0,2,0,0,1,0,2,2,2,2,1,0,1,2
71,-7663.640,-3253.322,-56.114,-31.425,0.850930,0.520298,-0.072172,-0.523341,0.851542,-0.031467,0.045085,0.064547,0.996896,0,0.84548,0.76000,50.729,1.520,600.000,375.000,-1,375.000,-1,300.000,325.000,275.000,300.000,-1,-1,-1,-1,650.000,725.000,750.000,-1,1,0,2,0,2,0,0,1,0,2,2,2,2,1,0,1,2
72,-7619.818,-3278.771,-53.476,-30.145,0.862234,0.501175,-0.073322,-0.504252,0.863003,-0.030922,0.047780,0.063635,0.996829,0,0.84460,0.64000,50.676,1.280,575.000,375.000,-1,375.000,-1,325.000,325.000,275.000,300.000,-1,-1,-1,-1,625.000,725.000,700.000,-1,1,0,2,0,2,0,0,1,0,2,2,2,2,1,0,1,2
73,-7575.606,-3303.384,-50.810,-29.105,0.871080,0.485451,-0.074543,-0.488564,0.871998,-0.030397,0.050245,0.062897,0.996754,0,0.84337,0.52000,50.602,1.040,525.000,375.000,-1,400.000,-1,325.000,325.000,275.000,300.000,-1,-1,-1,-1,625.000,725.000,650.000,-1,1,0,2,0,2,0,0,1,0,2,2,2,2,1,0,1,2
74,-7531.138,-3327.334,-48.131,-28.305,0.877662,0.473246,-0.075817,-0.476398,0.878722,-0.029879,0.052482,0.062343,0.996674,0,0.84180,0.40000,50.508,0.800,500.000,375.000,-1,400.000,-1,325.000,325.000,275.000,300.000,-1,-1,-1,-1,625.000,725.000,625.000,-1,1,1,2,0,2,0,0,1,0,2,2,2,2,1,0,1,2
75,-7486.538,-3350.794,-45.452,-27.745,0.882132,0.464645,-0.077129,-0.467841,0.883325,-0.029355,0.054490,0.061979,0.996589,0,0.83989,0.28000,50.393,0.560,475.000,375.000,-1,400.000,-1,325.000,325.000,275.000,300.000,-1,-1,-1,-1,625.000,725.000,575.000,-1,1,1,2,0,2,0,0,1,0,2,2,2,2,1,0,1,2
76,-7441.928,-3373.942,-42.784,-27.425,0.884597,0.459709,-0.078459,-0.462951,0.885915,-0.028819,0.056260,0.061816,0.996501,0,0.83765,0.16000,50.259,0.320,450.000,375.000,-1,400.000,-1,325.000,325.000,275.000,300.000,-1,-1,1000.000,-1,625.000,725.000,550.000,-1,1,1,2,0,2,1,0,1,0,2,2,0,2,1,0,1,2
77,-7397.421,-3396.958,-40.141,-27.345,0.885120,0.458471,-0.079791,-0.461761,0.886554,-0.028253,0.057786,0.061852,0.996411,0,0.83509,0.04000,50.106,0.080,425.000,375.000,-1,400.000,-1,325.000,325.000,300.000,300.000,-1,1000.000,800.000,-1,625.000,725.000,550.000,-1,1,1,2,0,2,0,0,1,0,2,0,0,2,1,0,1,2
78,-7353.129,-3420.019,-37.357,-27.505,0.883745,0.460917,-0.080928,-0.464300,0.885218,-0.028550,0.058480,0.062806,0.996311,0,0.83225,-0.08000,49.935,-0.160,400.000,375.000,-1,400.000,1000.000,325.000,325.000,300.000,325.000,-1,925.000,750.000,-1,675.000,725.000,550.000,1000.000,1,1,2,0,1,0,0,1,0,2,0,0,2,1,0,1,1
79,-7306.421,-3444.754,-34.357,-27.905,0.880424,0.467039,-0.082023,-0.470545,0.881890,-0.029288,0.058657,0.064381,0.996200,0,0.88089,-0.20000,52.853,-0.400,375.000,375.000,-1,400.000,950.000,325.000,325.000,300.000,300.000,-1,925.000,750.000,-1,675.000,725.000,600.000,950.000,1,1,2,0,1,0,0,0,0,2,0,0,2,0,0,1,1
80,-7255.775,-3471.747,-29.706,-28.065,0.878454,0.469269,-0.090027,-0.473552,0.880149,-0.032956,0.063772,0.071583,0.995394,0,0.95650,-0.08000,57.390,-0.160,400.000,400.000,-1,400.000,900.000,325.000,325.000,300.000,300.000,-1,650.000,525.000,-1,725.000,750.000,-1,900.000,1,0,2,0,1,0,0,0,0,2,0,0,2,0,0,2,1
81,-7205.150,-3498.639,-25.207,-27.985,0.878444,0.467815,-0.097389,-0.472873,0.880382,-0.036314,0.068752,0.077953,0.994584,0,0.95538,0.04000,57.323,0.080,425.000,400.000,-1,400.000,850.000,325.000,325.000,325.000,300.000,-1,550.000,425.000,-1,775.000,750.000,-1,875.000,1,0,2,0,1,0,0,0,0,2,0,0,2,0,1,2,1
82,-7154.461,-3525.239,-21.001,-27.696,0.880217,0.463182,-0.103351,-0.468913,0.882377,-0.039127,0.073072,0.082903,0.993875,0,0.95407,0.14455,57.244,0.289,475.000,425.000,-1,400.000,775.000,325.000,325.000,325.000,300.000,-1,500.000,375.000,-1,800.000,750.000,-1,825.000,1,0,2,0,1,0,0,1,0,2,0,0,2,0,1,2,1
83,-7103.716,-3551.535,-16.795,-27.396,0.882283,0.458451,-0.106768,-0.464590,0.884583,-0.040850,0.075718,0.085645,0.993444,0,0.95256,0.14991,57.154,0.300,500.000,425.000,-1,400.000,725.000,350.000,325.000,300.000,300.000,-1,500.000,375.000,-1,825.000,725.000,-1,775.000,1,0,2,0,1,0,0,1,0,2,0,0,2,0,1,2,1
84,-7052.933,-3577.503,-12.747,-27.085,0.884557,0.453599,-0.108658,-0.459949,0.886969,-0.041621,0.077497,0.086794,0.993207,0,0.95063,0.15545,57.038,0.311,-1,425.000,-1,400.000,675.000,350.000,325.000,275.000,300.000,-1,500.000,400.000,-1,850.000,700.000,-1,750.000,2,0,2,0,1,0,0,1,0,2,0,0,2,0,1,2,1
85,-7002.132,-3603.124,-8.783,-26.763,0.886993,0.448628,-0.109435,-0.454981,0.889558,-0.040972,0.078968,0.086132,0.993149,0,0.94826,0.16116,56.896,0.322,-1,425.000,-1,400.000,625.000,350.000,350.000,250.000,300.000,-1,525.000,400.000,-1,850.000,675.000,-1,700.000,2,0,2,0,1,0,0,1,0,2,0,0,2,0,1,2,1
86,-6951.335,-3628.374,-5.083,-26.429,0.889624,0.443502,-0.108978,-0.449704,0.892292,-0.039770,0.079602,0.084388,0.993248,0,0.94546,0.16699,56.728,0.334,-1,425.000,-1,400.000,575.000,350.000,325.000,225.000,300.000,-1,550.000,450.000,-1,850.000,675.000,-1,650.000,2,0,2,0,1,0,0,1,0,2,0,0,2,0,1,2,1
87,-6900.559,-3653.234,-1.637,-26.083,0.892441,0.438210,-0.107340,-0.444118,0.895161,-0.038014,0.079429,0.081597,0.993495,0,0.94225,0.17292,56.535,0.346,-1,425.000,-1,400.000,550.000,325.000,325.000,225.000,300.000,-1,575.000,475.000,-1,850.000,650.000,-1,625.000,2,0,2,0,1,0,0,1,0,2,0,0,2,0,1,2,1
88,-6849.829,-3677.690,1.558,-25.733,0.895375,0.432862,-0.104565,-0.438347,0.898097,-0.035694,0.078459,0.077795,0.993877,0,0.93863,0.17510,56.318,0.350,-1,400.000,-1,400.000,500.000,325.000,325.000,200.000,300.000,-1,625.000,525.000,-1,825.000,625.000,-1,575.000,2,0,2,0,1,0,0,1,0,2,0,0,2,0,1,2,1
89,-6799.166,-3701.732,4.510,-25.380,0.898401,0.427476,-0.100699,-0.432424,0.901073,-0.032807,0.076713,0.073019,0.994376,0,0.93465,0.17651,56.079,0.353,-1,400.000,-1,400.000,450.000,325.000,325.000,175.000,300.000,950.000,675.000,600.000,-1,800.000,600.000,-1,525.000,2,0,2,0,1,0,0,1,0,1,0,0,2,0,1,2,1
90,-6748.587,-3725.347,7.925,-25.025,0.901186,0.421966,-0.099034,-0.426636,0.903893,-0.030965,0.076450,0.070157,0.994602,0,0.93033,0.17766,55.820,0.355,975.000,400.000,-1,400.000,425.000,325.000,325.000,175.000,300.000,850.000,725.000,650.000,-1,800.000,575.000,1000.000,500.000,1,0,2,0,1,0,0,1,0,1,0,0,2,0,1,1,1
91,-6698.111,-3748.527,12.334,-24.668,0.903737,0.416289,-0.099812,-0.421111,0.906428,-0.032446,0.076965,0.071355,0.994477,0,0.92575,0.17856,55.545,0.357,925.000,400.000,-1,400.000,375.000,325.000,325.000,175.000,300.000,850.000,775.000,700.000,-1,800.000,575.000,950.000,450.000,1,0,2,0,1,0,0,1,0,1,0,0,2,0,1,1,1
92,-6647.751,-3771.269,17.813,-24.309,0.906480,0.410442,-0.099155,-0.415722,0.908641,-0.039335,0.073951,0.076877,0.994294,0,0.92096,0.17920,55.258,0.358,875.000,400.000,-1,400.000,350.000,325.000,325.000,175.000,300.000,925.000,-1,925.000,-1,775.000,550.000,900.000,400.000,1,0,2,0,1,0,0,1,1,1,2,0,2,1,1,1,1
93,-6597.519,-3793.577,22.885,-23.950,0.909201,0.404612,-0.098192,-0.410187,0.910912,-0.044566,0.071413,0.080796,0.994169,0,0.91605,0.17957,54.963,0.359,825.000,400.000,-1,400.000,300.000,325.000,325.000,175.000,300.000,950.000,-1,-1,-1,750.000,525.000,850.000,375.000,1,0,2,0,1,0,0,1,1,1,2,2,2,1,1,1,1
94,-6547.421,-3815.451,27.644,-23.591,0.911857,0.398802,-0.097336,-0.404566,0.913228,-0.048381,0.069595,0.083495,0.994075,0,0.91110,0.17968,54.666,0.359,775.000,400.000,-1,400.000,275.000,325.000,325.000,175.000,275.000,1000.000,-1,-1,-1,700.000,500.000,800.000,350.000,1,0,2,1,1,0,0,1,1,1,2,2,2,1,1,1,1
95,-6497.458,-3836.896,32.126,-23.232,0.914430,0.393017,-0.096720,-0.398896,0.915583,-0.050889,0.068556,0.085115,0.994010,0,0.90619,0.17953,54.371,0.359,725.000,400.000,1000.000,375.000,250.000,325.000,325.000,200.000,275.000,1000.000,-1,-1,-1,675.000,475.000,750.000,300.000,1,0,1,1,1,0,0,1,1,1,2,2,2,1,1,1,1
96,-6447.629,-3857.918,36.562,-22.873,0.917002,0.387293,-0.095450,-0.393107,0.918042,-0.051638,0.067628,0.084875,0.994094,0,0.90139,0.17912,54.083,0.358,675.000,400.000,950.000,375.000,225.000,325.000,325.000,200.000,250.000,-1,-1,-1,-1,650.000,475.000,700.000,275.000,1,0,1,1,1,0,0,1,1,2,2,2,2,1,1,1,1
97,-6397.924,-3878.523,40.503,-22.516,0.919527,0.381579,-0.094167,-0.387317,0.920466,-0.052223,0.066750,0.084493,0.994186,0,0.89678,0.17847,53.807,0.357,625.000,400.000,900.000,350.000,200.000,325.000,325.000,200.000,250.000,-1,-1,-1,-1,600.000,450.000,650.000,250.000,1,0,1,1,1,0,0,1,1,2,2,2,2,1,1,1,1
98,-6348.336,-3898.722,44.107,-22.161,0.921973,0.375899,-0.093090,-0.381525,0.922895,-0.051992,0.066369,0.083451,0.994299,0,0.89242,0.17758,53.545,0.355,575.000,400.000,850.000,350.000,175.000,325.000,325.000,225.000,225.000,-1,-1,-1,-1,575.000,425.000,575.000,225.000,1,0,1,1,1,0,0,1,1,2,2,2,2,1,1,1,1
99,-6298.851,-3918.527,47.901,-21.808,0.924244,0.370316,-0.092945,-0.375696,0.925466,-0.048631,0.068009,0.079866,0.994483,0,0.88835,0.17646,53.301,0.353,525.000,400.000,800.000,325.000,150.000,325.000,325.000,225.000,225.000,-1,-1,-1,-1,525.000,425.000,550.000,200.000,1,0,1,1,1,0,0,1,1,2,2,2,2,1,1,1,1
100,-6249.456,-3937.956,53.515,-21.458,0.926046,0.364979,-0.096065,-0.369579,0.928546,-0.034842,0.076485,0.067769,0.994765,0,0.88462,0.17513,53.077,0.350,475.000,400.000,775.000,325.000,150.000,350.000,350.000,250.000,200.000,925.000,-1,-1,-1,500.000,425.000,500.000,200.000,1,1,1,1,1,0,0,1,1,1,2,2,2,1,1,1,1
101,-6196.620,-3958.619,59.394,-21.348,0.926225,0.363498,-0.099879,-0.367007,0.930030,-0.018697,0.086094,0.053974,0.994824,0,0.94551,0.05513,56.731,0.110,450.000,375.000,750.000,325.000,150.000,375.000,375.000,250.000,200.000,400.000,-1,-1,-1,475.000,450.000,450.000,200.000,1,1,1,1,1,1,1,1,1,1,2,2,2,1,1,1,1
102,-6144.048,-3979.271,65.299,-21.437,0.925150,0.365176,-0.103657,-0.367366,0.930074,-0.002200,0.095605,0.040116,0.994611,0,0.94135,-0.04436,56.481,-0.089,400.000,350.000,725.000,325.000,150.000,350.000,375.000,250.000,200.000,300.000,650.000,750.000,-1,450.000,450.000,400.000,225.000,1,1,1,1,1,1,1,1,1,1,0,0,2,1,1,1,1
103,-6091.750,-3999.908,72.138,-21.528,0.924271,0.366791,-0.105775,-0.367937,0.929805,0.009172,0.101715,0.030442,0.994348,0,0.93702,-0.04589,56.221,-0.092,350.000,325.000,700.000,325.000,150.000,325.000,350.000,250.000,175.000,275.000,475.000,650.000,-1,425.000,425.000,350.000,225.000,1,1,1,1,1,1,1,1,1,1,0,0,2,1,1,1,1
104,-6039.750,-4020.526,78.887,-21.623,0.923394,0.368411,-0.107778,-0.368431,0.929430,0.020460,0.107710,0.020816,0.993964,0,0.93229,-0.04715,55.937,-0.094,300.000,325.000,650.000,325.000,150.000,300.000,325.000,250.000,175.000,275.000,300.000,600.000,-1,400.000,400.000,300.000,200.000,1,1,1,1,1,1,1,1,1,1,0,0,2,1,1,1,1
105,-5988.065,-4041.119,85.406,-21.719,0.922501,0.370031,-0.109856,-0.368771,0.928958,0.032331,0.114015,0.010687,0.993422,0,0.92723,-0.04812,55.634,-0.096,250.000,300.000,625.000,300.000,150.000,275.000,300.000,250.000,175.000,275.000,200.000,475.000,-1,375.000,375.000,250.000,200.000,1,1,1,1,1,1,1,1,1,1,0,0,2,1,1,1,1
106,-5936.704,-4061.674,96.028,-21.816,0.919159,0.371575,-0.130689,-0.370523,0.928230,0.033190,0.133642,0.017917,0.990868,0,0.92193,-0.04881,55.316,-0.098,250.000,300.000,650.000,300.000,150.000,275.000,275.000,275.000,175.000,300.000,125.000,275.000,-1,375.000,375.000,250.000,225.000,1,1,1,1,1,1,1,1,1,1,0,0,2,1,1,1,1
107,-5885.678,-4082.192,107.579,-21.915,0.914627,0.373067,-0.155814,-0.372907,0.927338,0.031369,0.156195,0.029414,0.987288,0,0.91648,-0.04920,54.989,-0.098,250.000,300.000,700.000,275.000,175.000,300.000,275.000,325.000,150.000,325.000,100.000,175.000,-1,400.000,375.000,275.000,250.000,1,1,1,1,1,1,1,1,1,1,0,0,2,1,1,1,1
108,-4919.639,-9510.889,93.079,57.126,0.511056,-0.821711,-0.252214,0.847224,0.531064,-0.013489,0.145026,-0.206788,0.967577,1,0.00000,0.00000,58.517,-0.027,-1,800.000,-1,-1,0.000,750.000,850.000,225.000,100.000,125.000,0.000,125.000,600.000,-1,-1,-1,0.000,2,0,2,2,1,0,0,0,1,1,1,1,1,2,2,2,1
109,4919.496,-8855.110,164.302,-169.829,-0.984320,0.176227,0.007600,-0.176355,-0.982329,-0.062684,-0.003581,-0.063041,0.998004,1,0.00000,0.00000,4.800,0.240,-1,375.000,-1,375.000,-1,300.000,300.000,325.000,300.000,-1,475.000,525.000,-1,675.000,700.000,-1,-1,2,0,2,0,2,0,0,0,0,2,0,0,2,0,0,2,2
110,4914.768,-8855.938,164.295,-170.069,-0.985046,0.172111,0.007837,-0.172262,-0.983057,-0.062646,-0.003077,-0.063059,0.998005,0,0.08000,-0.12000,4.800,-0.240,-1,375.000,-1,375.000,-1,300.000,300.000,325.000,300.000,-1,475.000,525.000,-1,675.000,700.000,-1,-1,2,0,2,0,2,0,0,0,0,2,0,0,2,0,0,2,2
111,4905.298,-8857.514,164.285,-170.549,-0.986447,0.163869,0.008315,-0.164067,-0.984463,-0.062576,-0.002068,-0.063092,0.998006,0,0.16000,-0.24000,9.600,-0.480,-1,375.000,-1,375.000,-1,300.000,300.000,325.000,300.000,-1,475.000,500.000,-1,675.000,700.000,-1,-1,2,0,2,0,2,0,0,0,0,2,0,0,2,0,0,2,2
112,4891.064,-8859.699,164.280,-171.269,-0.988418,0.151485,0.009040,-0.151753,-0.986441,-0.062487,-0.000548,-0.063135,0.998005,0,0.24000,-0.36000,14.400,-0.720,-1,375.000,-1,375.000,-1,300.000,300.000,325.000,300.000,-1,475.000,500.000,-1,675.000,700.000,-1,-1,2,0,2,0,2,0,0,0,0,2,0,0,2,0,0,2,2
113,4872.040,-8862.295,164.289,-172.229,-0.990804,0.134936,0.010018,-0.135299,-0.988838,-0.062400,0.001486,-0.063182,0.998001,0,0.32000,-0.48000,19.200,-0.960,-1,375.000,-1,375.000,-1,300.000,300.000,325.000,300.000,-1,475.000,500.000,-1,675.000,700.000,-1,-1,2,0,2,0,2,0,0,0,0,2,0,0,2,0,0,2,2
114,4848.197,-8865.041,164.327,-173.429,-0.993394,0.114197,0.011257,-0.114680,-0.991444,-0.062343,0.004041,-0.063222,0.997991,0,0.40000,-0.60000,24.000,-1.200,-1,375.000,-1,375.000,-1,300.000,300.000,325.000,300.000,-1,475.000,500.000,-1,675.000,700.000,-1,-1,2,0,2,0,2,0,0,0,0,2,0,0,2,0,0,2,2
115,4819.518,-8867.677,164.405,-174.747,-0.995735,0.091368,0.012755,-0.091990,-0.993806,-0.062344,0.006980,-0.063251,0.997973,0,0.48000,-0.65883,28.800,-1.318,-1,375.000,-1,375.000,-1,300.000,300.000,325.000,300.000,-1,475.000,500.000,-1,700.000,725.000,-1,-1,2,0,2,0,2,0,0,0,0,2,0,0,2,0,0,2,2
116,4785.996,-8869.983,164.536,-176.065,-0.997546,0.068491,0.014507,-0.069268,-0.995643,-0.062419,0.010168,-0.063271,0.997945,0,0.56000,-0.65883,33.600,-1.318,-1,375.000,-1,375.000,-1,300.000,325.000,325.000,300.000,-1,450.000,500.000,-1,700.000,725.000,-1,-1,2,0,2,0,2,0,0,0,0,2,0,0,2,0,0,2,2
117,4747.636,-8871.736,164.730,-177.382,-0.998824,0.045577,0.016507,-0.046526,-0.996954,-0.062588,0.013605,-0.063282,0.997903,0,0.64000,-0.65883,38.400,-1.318,-1,375.000,-1,375.000,-1,325.000,325.000,325.000,300.000,-1,400.000,450.000,-1,700.000,725.000,-1,-1,2,0,2,0,2,0,0,0,0,2,0,0,2,0,0,2,2
118,4704.446,-8872.715,165.002,-178.700,-0.999568,0.022639,0.018752,-0.023777,-0.997739,-0.062866,0.017286,-0.063284,0.997846,0,0.72000,-0.65883,43.200,-1.318,-1,375.000,-1,375.000,-1,325.000,325.000,325.000,300.000,-1,375.000,400.000,-1,700.000,750.000,-1,-1,2,0,2,0,2,0,0,0,0,2,0,0,2,0,0,2,2
119,4656.445,-8872.700,165.364,-180.018,-0.999775,-0.000310,0.021230,-0.001034,-0.997996,-0.063270,0.021207,-0.063278,0.997771,0,0.80000,-0.65883,48.000,-1.318,-1,375.000,-1,400.000,-1,325.000,325.000,300.000,300.000,-1,350.000,350.000,-1,700.000,750.000,-1,-1,2,0,2,0,2,0,0,0,0,2,0,0,2,0,0,2,2
120,4608.346,-8871.578,165.786,-181.335,-0.999449,-0.023260,0.023695,0.021707,-0.997727,-0.063797,0.025125,-0.063247,0.997682,0,0.80186,-0.65883,48.112,-1.318,-1,375.000,-1,400.000,-1,325.000,325.000,300.000,300.000,-1,325.000,325.000,-1,700.000,775.000,-1,-1,2,0,2,0,2,0,0,0,0,2,0,0,2,0,0,2,2
121,4560.285,-8869.349,167.055,-182.653,-0.998634,-0.046202,0.024396,0.044592,-0.997026,-0.062850,0.027227,-0.061676,0.997725,0,0.80186,-0.65883,48.112,-1.318,-1,375.000,-1,400.000,-1,325.000,325.000,300.000,300.000,-1,350.000,350.000,-1,725.000,775.000,-1,-1,2,0,2,0,2,0,0,0,0,2,0,0,2,0,0,2,2
122,4512.288,-8866.016,168.568,-183.971,-0.997298,-0.069122,0.024890,0.067465,-0.995781,-0.062198,0.029085,-0.060351,0.997753,0,0.80186,-0.65883,48.112,-1.318,-1,375.000,-1,400.000,-1,325.000,325.000,300.000,300.000,-1,400.000,400.000,-1,725.000,775.000,-1,-1,2,0,2,0,2,0,0,0,0,2,0,0,2,0,0,2,2
123,4464.381,-8861.581,170.138,-185.288,-0.995435,-0.092010,0.025364,0.090309,-0.994008,-0.061580,0.030878,-0.059008,0.997780,0,0.80186,-0.65883,48.112,-1.318,-1,375.000,-1,400.000,-1,325.000,325.000,300.000,300.000,-1,450.000,425.000,-1,750.000,775.000,-1,-1,2,0,2,0,2,0,0,0,0,2,0,0,2,0,0,2,2
124,4416.588,-8856.044,171.763,-186.606,-0.993047,-0.114853,0.025814,0.113112,-0.991708,-0.060997,0.032606,-0.057653,0.997804,0,0.80186,-0.65883,48.112,-1.318,-1,375.000,-1,400.000,-1,325.000,325.000,300.000,300.000,-1,500.000,475.000,-1,750.000,800.000,-1,-1,2,0,2,0,2,0,0,0,0,2,0,0,2,0,0,2,2
125,4368.935,-8849.411,173.440,-187.924,-0.990135,-0.137638,0.026236,0.135862,-0.988882,-0.060452,0.034265,-0.056291,0.997826,0,0.80186,-0.65883,48.112,-1.318,-1,375.000,-1,400.000,-1,325.000,325.000,300.000,300.000,-1,550.000,525.000,-1,750.000,800.000,-1,-1,2,0,2,0,2,0,0,0,0,2,0,0,2,0,0,2,2
126,4321.448,-8841.683,175.166,-189.242,-0.986700,-0.160354,0.026624,0.158546,-0.985530,-0.059945,0.035851,-0.054926,0.997847,0,0.80186,-0.65883,48.112,-1.318,-1,400.000,-1,400.000,-1,325.000,325.000,300.000,300.000,-1,600.000,550.000,-1,775.000,800.000,-1,-1,2,0,2,0,2,0,0,0,0,2,0,0,2,0,0,2,2
127,4274.150,-8832.865,176.937,-190.559,-0.982745,-0.182988,0.026976,0.181152,-0.981655,-0.059477,0.037364,-0.053564,0.997865,0,0.80186,-0.65883,48.112,-1.318,-1,400.000,-1,400.000,-1,325.000,325.000,300.000,300.000,-1,650.000,600.000,-1,775.000,800.000,-1,-1,2,0,2,0,2,0,0,0,0,2,0,0,2,0,0,2,2
128,4227.068,-8822.962,178.752,-191.877,-0.978271,-0.205528,0.027285,0.203668,-0.977258,-0.059049,0.038801,-0.052209,0.997882,0,0.80186,-0.65883,48.112,-1.318,-1,400.000,-1,400.000,-1,325.000,325.000,300.000,300.000,-1,700.000,650.000,-1,800.000,825.000,-1,-1,2,0,2,0,2,0,0,0,0,2,0,0,2,0,0,2,2
129,4180.227,-8811.980,180.607,-193.195,-0.973280,-0.227962,0.027548,0.226082,-0.972340,-0.058662,0.040159,-0.050866,0.997898,0,0.80186,-0.65883,48.112,-1.318,-1,400.000,-1,400.000,-1,325.000,325.000,300.000,300.000,-1,750.000,700.000,-1,800.000,825.000,-1,-1,2,0,2,0,2,0,0,0,0,2,0,0,2,0,0,2,2
130,4133.650,-8799.922,182.500,-194.512,-0.967776,-0.250278,0.027761,0.248380,-0.966906,-0.058314,0.041437,-0.049540,0.997912,0,0.80186,-0.65883,48.112,-1.318,-1,400.000,-1,400.000,-1,325.000,325.000,300.000,300.000,-1,800.000,750.000,-1,800.000,825.000,-1,-1,2,0,2,0,2,0,0,0,0,2,0,0,2,0,0,2,2
131,4087.362,-8786.797,184.427,-195.830,-0.961761,-0.272464,0.027918,0.270552,-0.960956,-0.058006,0.042632,-0.048234,0.997926,0,0.80186,-0.65883,48.112,-1.318,-1,400.000,-1,400.000,-1,325.000,325.000,300.000,300.000,-1,850.000,800.000,-1,825.000,825.000,-1,-1,2,0,2,0,2,0,0,0,0,2,0,0,2,0,0,2,2
132,4041.389,-8772.612,186.386,-197.148,-0.955238,-0.294508,0.028016,0.292585,-0.954495,-0.057735,0.043744,-0.046954,0.997939,0,0.80186,-0.65883,48.112,-1.318,-1,400.000,-1,400.000,-1,325.000,325.000,300.000,300.000,-1,900.000,850.000,-1,825.000,825.000,-1,-1,2,0,2,0,2,0,0,0,0,2,0,0,2,0,0,2,2
133,3996.872,-8757.953,188.403,-198.225,-0.949534,-0.312428,0.027817,0.310532,-0.948850,-0.057050,0.044218,-0.045533,0.997984,0,0.78113,-0.53883,46.868,-1.078,-1,400.000,-1,400.000,-1,325.000,325.000,300.000,300.000,-1,975.000,925.000,-1,825.000,825.000,-1,-1,2,0,2,0,2,0,0,0,0,2,0,0,2,0,0,2,2
