timestep,x_cm,y_cm,z_cm,yaw_deg,basis_xx,basis_xy,basis_xz,basis_yx,basis_yy,basis_yz,basis_zx,basis_zy,basis_zz,teleport_flag,throttle_cmd,steering_cmd,cmd_move_cm,cmd_turn_deg,lidar_cm_0,lidar_cm_1,lidar_cm_2,lidar_cm_3,lidar_cm_4,lidar_cm_5,lidar_cm_6,lidar_cm_7,lidar_cm_8,lidar_cm_9,lidar_cm_10,lidar_cm_11,lidar_cm_12,lidar_cm_13,lidar_cm_14,lidar_cm_15,lidar_cm_16,lidar_class_0,lidar_class_1,lidar_class_2,lidar_class_3,lidar_class_4,lidar_class_5,lidar_class_6,lidar_class_7,lidar_class_8,lidar_class_9,lidar_class_10,lidar_class_11,lidar_class_12,lidar_class_13,lidar_class_14,lidar_class_15,lidar_class_16
0,-6226.613,6232.093,-292.015,8.836,0.988080,-0.153602,-0.010188,0.153596,0.988133,-0.001379,0.010279,-0.000202,0.999947,1,0.08000,0.12000,4.800,0.240,-1,375.000,-1,375.000,-1,300.000,300.000,325.000,325.000,-1,525.000,575.000,-1,675.000,700.000,-1,-1,2,0,2,0,2,0,0,0,0,2,0,0,2,0,0,2,2
1,-6217.139,6233.647,-291.909,9.316,0.986754,-0.161875,-0.010614,0.161869,0.986811,-0.001402,0.010701,-0.000335,0.999943,0,0.16000,0.24000,9.600,0.480,-1,375.000,-1,375.000,-1,300.000,300.000,325.000,325.000,-1,525.000,575.000,-1,675.000,700.000,-1,-1,2,0,2,0,2,0,0,0,0,2,0,0,2,0,0,2,2
2,-6202.960,6236.157,-291.748,10.036,0.984635,-0.174262,-0.011258,0.174257,0.984699,-0.001442,0.011337,-0.000542,0.999936,0,0.24000,0.36000,14.400,0.720,-1,375.000,-1,375.000,-1,300.000,300.000,325.000,325.000,-1,525.000,575.000,-1,675.000,700.000,-1,-1,2,0,2,0,2,0,0,0,0,2,0,0,2,0,0,2,2
3,-6184.112,6239.819,-291.529,10.996,0.981567,-0.190736,-0.012128,0.190731,0.981641,-0.001507,0.012192,-0.000833,0.999925,0,0.32000,0.48000,19.200,0.960,-1,375.000,-1,375.000,-1,300.000,300.000,325.000,325.000,-1,525.000,575.000,-1,675.000,700.000,-1,-1,2,0,2,0,2,0,0,0,0,2,0,0,2,0,0,2,2
4,-6160.654,6244.889,-291.251,12.196,0.977342,-0.211252,-0.013232,0.211249,0.977431,-0.001609,0.013274,-0.001223,0.999911,0,0.40000,0.60000,24.000,1.200,-1,375.000,-1,375.000,-1,300.000,300.000,325.000,325.000,-1,525.000,575.000,-1,675.000,700.000,-1,-1,2,0,2,0,2,0,0,0,0,2,0,0,2,0,0,2,2
5,-6132.665,6251.678,-290.909,13.636,0.971705,-0.235748,-0.014587,0.235747,0.971813,-0.001760,0.014591,-0.001728,0.999892,0,0.48000,0.72000,28.800,1.440,-1,375.000,-1,375.000,-1,300.000,300.000,325.000,325.000,-1,525.000,575.000,-1,700.000,700.000,-1,-1,2,0,2,0,2,0,0,0,0,2,0,0,2,0,0,2,2
6,-6100.259,6260.553,-290.499,15.316,0.964349,-0.264137,-0.016209,0.264140,0.964482,-0.001980,0.016156,-0.002372,0.999867,0,0.56000,0.84000,33.600,1.680,-1,375.000,-1,375.000,-1,300.000,300.000,325.000,325.000,-1,525.000,575.000,-1,700.000,675.000,-1,-1,2,0,2,0,2,0,0,0,0,2,0,0,2,0,0,2,2
7,-6063.583,6271.931,-290.017,17.236,0.954922,-0.296302,-0.018122,0.296310,0.955089,-0.002289,0.017987,-0.003184,0.999833,0,0.64000,0.96000,38.400,1.920,-1,375.000,-1,375.000,-1,300.000,300.000,325.000,325.000,-1,500.000,550.000,-1,700.000,700.000,-1,-1,2,0,2,0,2,0,0,0,0,2,0,0,2,0,0,2,2
8,-6023.564,6285.870,-289.469,19.203,0.944142,-0.328912,-0.020306,0.328926,0.944352,-0.002710,0.020068,-0.004121,0.999790,0,0.70629,0.98359,42.377,1.967,-1,375.000,-1,375.000,-1,300.000,300.000,325.000,325.000,-1,450.000,500.000,-1,700.000,700.000,-1,-1,2,0,2,0,2,0,0,0,0,2,0,0,2,0,0,2,2
9,-5984.053,6301.174,-288.713,21.173,0.932228,-0.361182,-0.022306,0.361222,0.932477,-0.002360,0.021652,-0.005857,0.999748,0,0.70617,0.98515,42.370,1.970,-1,375.000,-1,375.000,-1,300.000,300.000,325.000,325.000,-1,425.000,475.000,-1,725.000,700.000,-1,-1,2,0,2,0,2,0,0,0,0,2,0,0,2,0,0,2,2
10,-5945.088,6317.832,-287.807,23.147,0.919176,-0.393078,-0.024591,0.393160,0.919469,-0.001605,0.023242,-0.008193,0.999696,0,0.70627,0.98689,42.376,1.974,-1,375.000,-1,375.000,-1,325.000,300.000,325.000,325.000,-1,425.000,475.000,-1,725.000,700.000,-1,-1,2,0,2,0,2,0,0,0,0,2,0,0,2,0,0,2,2
11,-5906.704,6335.832,-286.958,25.125,0.905004,-0.424566,-0.026686,0.424691,0.905338,-0.001075,0.024616,-0.010361,0.999643,0,0.70659,0.98881,42.396,1.978,-1,375.000,-1,375.000,-1,325.000,300.000,325.000,325.000,-1,400.000,475.000,-1,725.000,700.000,-1,-1,2,0,2,0,2,0,0,0,0,2,0,0,2,0,0,2,2
12,-5868.936,6355.165,-286.169,27.106,0.889721,-0.455609,-0.028564,0.455776,0.890094,-0.000741,0.025762,-0.012359,0.999592,0,0.70714,0.99089,42.429,1.982,-1,375.000,-1,375.000,-1,325.000,325.000,300.000,325.000,-1,400.000,475.000,-1,750.000,725.000,-1,-1,2,0,2,0,2,0,0,0,0,2,0,0,2,0,0,2,2
13,-5831.659,6375.918,-285.371,29.106,0.873214,-0.486382,-0.030495,0.486596,0.873627,-0.000455,0.026863,-0.014442,0.999535,0,0.71107,1.00000,42.664,2.000,-1,375.000,-1,375.000,-1,325.000,325.000,300.000,325.000,-1,400.000,475.000,-1,750.000,725.000,-1,-1,2,0,2,0,2,0,0,0,0,2,0,0,2,0,0,2,2
14,-5795.124,6397.963,-284.371,31.106,0.855668,-0.516564,-0.031513,0.516806,0.856102,-0.000565,0.027270,-0.015803,0.999503,0,0.71117,1.00000,42.670,2.000,-1,375.000,-1,375.000,-1,325.000,325.000,300.000,325.000,-1,425.000,500.000,-1,750.000,725.000,-1,-1,2,0,2,0,2,0,0,0,0,2,0,0,2,0,0,2,2
15,-5759.377,6421.273,-283.267,33.106,0.837094,-0.546118,-0.032073,0.546377,0.837539,-0.000802,0.027301,-0.016853,0.999485,0,0.71127,1.00000,42.676,2.000,-1,400.000,-1,375.000,-1,325.000,325.000,300.000,325.000,-1,475.000,550.000,-1,775.000,725.000,-1,-1,2,0,2,0,2,0,0,0,0,2,0,0,2,0,0,2,2
16,-5724.459,6445.820,-282.157,35.106,0.817499,-0.575004,-0.032647,0.575284,0.817953,-0.000968,0.027260,-0.017990,0.999466,0,0.71137,1.00000,42.682,2.000,-1,400.000,-1,375.000,-1,325.000,325.000,300.000,325.000,-1,500.000,600.000,-1,775.000,725.000,-1,-1,2,0,2,0,2,0,0,0,0,2,0,0,2,0,0,2,2
17,-5690.414,6471.573,-281.039,37.106,0.796908,-0.603186,-0.033241,0.603491,0.797369,-0.001056,0.027142,-0.019218,0.999447,0,0.71147,1.00000,42.688,2.000,-1,400.000,-1,375.000,-1,325.000,325.000,300.000,325.000,-1,550.000,625.000,-1,775.000,725.000,-1,-1,2,0,2,0,2,0,0,0,0,2,0,0,2,0,0,2,2
18,-5657.285,6498.504,-279.997,39.106,0.775349,-0.630625,-0.033867,0.630970,0.775807,-0.000622,0.026666,-0.020887,0.999426,0,0.71158,1.00000,42.695,2.000,-1,400.000,-1,375.000,-1,325.000,300.000,300.000,325.000,-1,600.000,700.000,-1,775.000,725.000,-1,-1,2,0,2,0,2,0,0,0,0,2,0,0,2,0,0,2,2
19,-5621.367,6529.580,-278.770,40.866,0.755587,-0.654132,-0.034631,0.654518,0.756046,-0.000247,0.026344,-0.022480,0.999400,0,0.79158,0.88000,47.495,1.760,-1,400.000,-1,375.000,-1,325.000,300.000,300.000,300.000,-1,650.000,750.000,-1,800.000,725.000,-1,-1,2,0,2,0,2,0,0,0,0,2,0,0,2,0,0,2,2
20,-5582.742,6564.834,-277.393,42.386,0.737940,-0.673929,-0.035545,0.674364,0.738399,0.000329,0.026024,-0.024213,0.999368,0,0.87158,0.76000,52.295,1.520,-1,400.000,-1,375.000,-1,325.000,300.000,300.000,300.000,-1,700.000,825.000,-1,800.000,750.000,-1,-1,2,0,2,0,2,0,0,0,0,2,0,0,2,0,0,2,2
21,-5541.842,6603.874,-275.873,43.666,0.722670,-0.690223,-0.036613,0.690716,0.723126,0.001136,0.025692,-0.026110,0.999329,0,0.94236,0.64000,56.542,1.280,-1,400.000,-1,375.000,-1,325.000,325.000,300.000,300.000,-1,775.000,900.000,-1,800.000,750.000,-1,-1,2,0,2,0,2,0,0,0,0,2,0,0,2,0,0,2,2
22,-5501.657,6643.649,-274.353,44.706,0.709990,-0.703199,-0.037747,0.703752,0.710443,0.001976,0.025428,-0.027968,0.999285,0,0.94235,0.52000,56.541,1.040,-1,400.000,-1,375.000,-1,325.000,325.000,300.000,300.000,-1,850.000,975.000,-1,800.000,750.000,-1,-1,2,0,2,0,2,0,0,0,0,2,0,0,2,0,0,2,2
23,-5462.035,6683.979,-272.902,45.506,0.700066,-0.713018,-0.038893,0.713624,0.700524,0.002509,0.025456,-0.029511,0.999240,0,0.94229,0.40000,56.537,0.800,-1,400.000,-1,375.000,-1,325.000,325.000,300.000,300.000,-1,900.000,-1,-1,800.000,775.000,-1,-1,2,0,2,0,2,0,0,0,0,2,0,2,2,0,0,2,2
24,-5422.812,6724.690,-271.440,46.066,0.693026,-0.719798,-0.040069,0.720459,0.693491,0.003086,0.025566,-0.031007,0.999192,0,0.94219,0.28000,56.531,0.560,-1,400.000,-1,400.000,-1,325.000,325.000,300.000,300.000,-1,925.000,-1,-1,800.000,775.000,-1,-1,2,0,2,0,2,0,0,0,0,2,0,2,2,0,0,2,2
25,-5383.977,6765.758,-269.968,46.600,0.686252,-0.726191,-0.041295,0.726911,0.686721,0.003722,0.025655,-0.032572,0.999140,0,0.94204,0.26687,56.522,0.534,-1,400.000,-1,400.000,-1,325.000,325.000,300.000,325.000,-1,975.000,-1,-1,800.000,800.000,-1,-1,2,0,2,0,2,0,0,0,0,2,0,2,2,0,0,2,2
26,-5345.533,6807.179,-268.485,47.134,0.679415,-0.732518,-0.042572,0.733304,0.679887,0.004417,0.025708,-0.034219,0.999084,0,0.94188,0.26696,56.513,0.534,-1,400.000,-1,400.000,-1,325.000,325.000,300.000,325.000,-1,-1,-1,-1,800.000,800.000,-1,-1,2,0,2,0,2,0,0,0,0,2,2,2,2,0,0,2,2
27,-5307.482,6848.950,-267.267,47.668,0.672573,-0.738804,-0.042597,0.739611,0.673015,0.005084,0.024912,-0.034924,0.999079,0,0.94172,0.26696,56.503,0.534,-1,400.000,-1,400.000,-1,325.000,325.000,300.000,325.000,-1,-1,-1,-1,800.000,800.000,-1,-1,2,0,2,0,2,0,0,0,0,2,2,2,2,0,0,2,2
28,-5269.829,6891.066,-266.174,48.202,0.665701,-0.745034,-0.042034,0.745843,0.666097,0.005794,0.023682,-0.035208,0.999099,0,0.94157,0.26687,56.494,0.534,-1,400.000,-1,400.000,-1,325.000,325.000,300.000,300.000,-1,-1,-1,-1,775.000,800.000,-1,-1,2,0,2,0,2,0,0,0,0,2,2,2,2,0,0,2,2
29,-5232.575,6933.524,-265.079,48.735,0.658777,-0.751193,-0.041490,0.752005,0.659125,0.006594,0.022394,-0.035545,0.999117,0,0.94142,0.26669,56.485,0.533,-1,400.000,-1,400.000,-1,325.000,325.000,300.000,300.000,-1,-1,-1,-1,775.000,800.000,-1,-1,2,0,2,0,2,0,0,0,0,2,2,2,2,0,0,2,2
30,-5195.723,6976.320,-264.054,49.268,0.651790,-0.757272,-0.041337,0.758101,0.652094,0.007495,0.021280,-0.036223,0.999117,0,0.94128,0.26642,56.477,0.533,-1,400.000,-1,400.000,-1,325.000,325.000,300.000,300.000,-1,-1,-1,-1,775.000,775.000,-1,-1,2,0,2,0,2,0,0,0,0,2,2,2,2,0,0,2,2
31,-5159.275,7019.452,-263.078,49.800,0.644748,-0.763269,-0.041476,0.764126,0.645011,0.008484,0.020277,-0.037163,0.999103,0,0.94115,0.26606,56.469,0.532,-1,400.000,-1,400.000,-1,325.000,325.000,300.000,300.000,-1,-1,-1,-1,775.000,775.000,-1,-1,2,0,2,0,2,0,0,0,0,2,2,2,2,0,0,2,2
32,-5123.232,7062.914,-262.007,50.331,0.637683,-0.769199,-0.041155,0.770067,0.637892,0.009539,0.018916,-0.037775,0.999107,0,0.94105,0.26561,56.463,0.531,-1,400.000,-1,400.000,-1,325.000,325.000,300.000,300.000,-1,-1,-1,-1,750.000,775.000,-1,-1,2,0,2,0,2,0,0,0,0,2,2,2,2,0,0,2,2
33,-5087.597,7106.704,-260.943,50.861,0.630577,-0.775048,-0.040912,0.775929,0.630730,0.010677,0.017529,-0.038477,0.999106,0,0.94096,0.26508,56.458,0.530,-1,400.000,-1,400.000,-1,325.000,325.000,300.000,300.000,-1,-1,-1,-1,750.000,775.000,-1,-1,2,0,2,0,2,0,0,0,0,2,2,2,2,0,0,2,2
34,-5052.369,7150.818,-259.826,51.390,0.623430,-0.780821,-0.040675,0.781709,0.623536,0.011575,0.016324,-0.039012,0.999105,0,0.94091,0.26446,56.454,0.529,-1,400.000,-1,400.000,-1,325.000,325.000,300.000,300.000,-1,-1,-1,-1,750.000,775.000,-1,-1,2,0,2,0,2,0,0,0,0,2,2,2,2,0,0,2,2
35,-5017.550,7195.254,-258.685,51.918,0.616246,-0.786513,-0.040476,0.787407,0.616309,0.012398,0.015195,-0.039511,0.999104,0,0.94088,0.26375,56.453,0.527,-1,400.000,-1,400.000,-1,325.000,325.000,300.000,300.000,-1,-1,-1,-1,750.000,750.000,-1,-1,2,0,2,0,2,0,0,0,0,2,2,2,2,0,0,2,2
36,-4982.935,7240.224,-257.545,52.413,0.609459,-0.791790,-0.040349,0.792692,0.609477,0.013294,0.014066,-0.040087,0.999097,0,0.94582,0.24750,56.749,0.495,-1,375.000,-1,400.000,-1,325.000,325.000,300.000,300.000,-1,-1,-1,-1,725.000,750.000,-1,-1,2,0,2,0,2,0,0,0,0,2,2,2,2,0,0,2,2
37,-4948.682,7285.520,-256.409,52.903,0.602694,-0.796954,-0.040295,0.797867,0.602664,0.014259,0.012920,-0.040744,0.999086,0,0.94649,0.24510,56.790,0.490,-1,375.000,-1,400.000,-1,325.000,325.000,300.000,300.000,-1,-1,-1,-1,725.000,750.000,-1,-1,2,0,2,0,2,0,0,0,0,2,2,2,2,0,0,2,2
38,-4914.796,7331.129,-255.578,53.388,0.595928,-0.802043,-0.039955,0.802938,0.595900,0.013927,0.012639,-0.040381,0.999104,0,0.94699,0.24270,56.820,0.485,-1,375.000,-1,400.000,-1,325.000,325.000,300.000,300.000,-1,-1,-1,-1,725.000,750.000,-1,-1,2,0,2,0,2,0,0,0,0,2,2,2,2,0,0,2,2
39,-4883.951,7373.017,-254.928,53.634,0.592485,-0.804609,-0.039575,0.805480,0.592475,0.013250,0.012786,-0.039728,0.999129,0,0.86699,0.12270,52.020,0.245,-1,375.000,-1,400.000,-1,325.000,325.000,300.000,300.000,-1,-1,-1,-1,725.000,750.000,-1,-1,2,0,2,0,2,0,0,0,0,2,2,2,2,0,0,2,2
40,-4853.988,7413.716,-254.303,53.639,0.592405,-0.804683,-0.039262,0.805535,0.592413,0.012687,0.013050,-0.039143,0.999148,0,0.84232,0.00270,50.539,0.005,-1,375.000,-1,400.000,-1,325.000,325.000,300.000,300.000,-1,-1,-1,-1,700.000,750.000,-1,-1,2,0,2,0,2,0,0,0,0,2,2,2,2,0,0,2,2
41,-4823.853,7454.299,-253.610,53.405,0.595679,-0.802264,-0.039241,0.803107,0.595712,0.012129,0.013645,-0.038740,0.999156,0,0.84246,-0.11730,50.548,-0.235,-1,375.000,-1,400.000,-1,325.000,325.000,300.000,300.000,-1,-1,-1,-1,700.000,750.000,-1,-1,2,0,2,0,2,0,0,0,0,2,2,2,2,0,0,2,2
42,-4793.378,7494.637,-252.872,52.930,0.602282,-0.797312,-0.039368,0.798152,0.602345,0.011582,0.014478,-0.038397,0.999158,0,0.84259,-0.23730,50.555,-0.475,-1,375.000,-1,400.000,-1,325.000,325.000,300.000,300.000,-1,-1,-1,-1,700.000,750.000,-1,-1,2,0,2,0,2,0,0,0,0,2,2,2,2,0,0,2,2
43,-4762.399,7534.598,-252.109,52.215,0.612155,-0.789750,-0.039520,0.790586,0.612251,0.011052,0.015468,-0.038009,0.999158,0,0.84271,-0.35730,50.563,-0.715,-1,375.000,-1,400.000,-1,325.000,325.000,300.000,300.000,-1,-1,-1,-1,700.000,750.000,-1,-1,2,0,2,0,2,0,0,0,0,2,2,2,2,0,0,2,2
44,-4730.752,7574.044,-251.313,51.261,0.625202,-0.779453,-0.039699,0.780286,0.625334,0.010540,0.016610,-0.037566,0.999156,0,0.84286,-0.47730,50.571,-0.955,-1,375.000,-1,400.000,-1,325.000,325.000,300.000,300.000,-1,-1,-1,-1,700.000,750.000,-1,-1,2,0,2,0,2,0,0,0,0,2,2,2,2,0,0,2,2
45,-4698.282,7612.830,-250.477,50.066,0.641289,-0.766261,-0.039910,0.767091,0.641460,0.010048,0.017901,-0.037058,0.999153,0,0.84305,-0.59730,50.583,-1.195,-1,375.000,-1,400.000,-1,325.000,325.000,300.000,300.000,-1,-1,-1,-1,700.000,750.000,-1,-1,2,0,2,0,2,0,0,0,0,2,2,2,2,0,0,2,2
46,-4664.842,7650.802,-249.497,48.632,0.660262,-0.749988,-0.039654,0.750795,0.660467,0.009557,0.019023,-0.036082,0.999168,0,0.84330,-0.71730,50.598,-1.435,-1,375.000,-1,400.000,-1,325.000,325.000,300.000,300.000,-1,-1,-1,-1,700.000,750.000,-1,-1,2,0,2,0,2,0,0,0,0,2,2,2,2,0,0,2,2
47,-4630.293,7687.795,-248.459,46.957,0.681888,-0.730396,-0.039379,0.731176,0.682128,0.009059,0.020245,-0.034970,0.999183,0,0.84362,-0.83730,50.617,-1.675,-1,375.000,-1,400.000,-1,325.000,325.000,300.000,300.000,-1,-1,-1,-1,700.000,750.000,-1,-1,2,0,2,0,2,0,0,0,0,2,2,2,2,0,0,2,2
48,-4594.509,7723.631,-247.359,45.042,0.705902,-0.707228,-0.039128,0.707981,0.706180,0.008554,0.021582,-0.033740,0.999198,0,0.84405,-0.95730,50.643,-1.915,-1,375.000,-1,400.000,-1,325.000,325.000,300.000,300.000,-1,-1,-1,-1,700.000,750.000,-1,-1,2,0,2,0,2,0,0,0,0,2,2,2,2,0,0,2,2
49,-4557.472,7758.219,-246.197,43.042,0.730147,-0.682181,-0.038913,0.682905,0.730463,0.008038,0.022941,-0.032443,0.999210,0,0.84458,-1.00000,50.675,-2.000,-1,375.000,-1,400.000,-1,325.000,325.000,300.000,300.000,-1,-1,-1,-1,700.000,750.000,-1,-1,2,0,2,0,2,0,0,0,0,2,2,2,2,0,0,2,2
50,-4519.224,7791.516,-244.918,41.042,0.753501,-0.656305,-0.038728,0.656992,0.753863,0.007223,0.024455,-0.030887,0.999224,0,0.84518,-1.00000,50.711,-2.000,-1,375.000,-1,400.000,-1,325.000,325.000,300.000,300.000,-1,-1,-1,-1,700.000,750.000,-1,-1,2,0,2,0,2,0,0,0,0,2,2,2,2,0,0,2,2
51,-4479.809,7823.482,-243.479,39.042,0.775929,-0.629634,-0.038679,0.630269,0.776355,0.005813,0.026369,-0.028888,0.999235,0,0.84581,-1.00000,50.748,-2.000,-1,375.000,-1,400.000,-1,325.000,325.000,300.000,300.000,-1,-1,-1,-1,700.000,750.000,-1,-1,2,0,2,0,2,0,0,0,0,2,2,2,2,0,0,2,2
52,-4439.270,7854.076,-242.007,37.042,0.797412,-0.602188,-0.038786,0.602775,0.797899,0.004500,0.028237,-0.026968,0.999237,0,0.84645,-1.00000,50.787,-2.000,-1,375.000,-1,400.000,-1,325.000,325.000,300.000,300.000,-1,-1,-1,-1,700.000,750.000,-1,-1,2,0,2,0,2,0,0,0,0,2,2,2,2,0,0,2,2
53,-4397.656,7883.260,-240.490,35.042,0.817925,-0.574003,-0.038965,0.574541,0.818469,0.003278,0.030010,-0.025068,0.999235,0,0.84712,-1.00000,50.827,-2.000,-1,375.000,-1,400.000,-1,325.000,325.000,300.000,300.000,-1,-1,-1,-1,725.000,750.000,-1,-1,2,0,2,0,2,0,0,0,0,2,2,2,2,0,0,2,2
54,-4355.013,7910.997,-238.940,33.042,0.837445,-0.545114,-0.039199,0.545604,0.838040,0.002212,0.031644,-0.023240,0.999229,0,0.84782,-1.00000,50.869,-2.000,-1,375.000,-1,400.000,-1,325.000,325.000,300.000,300.000,-1,-1,-1,-1,725.000,750.000,-1,-1,2,0,2,0,2,0,0,0,0,2,2,2,2,0,0,2,2
55,-4311.392,7937.251,-237.322,31.042,0.855949,-0.515553,-0.039448,0.516004,0.856585,0.001491,0.033022,-0.021632,0.999221,0,0.84854,-1.00000,50.912,-2.000,-1,375.000,-1,400.000,-1,325.000,325.000,300.000,300.000,-1,-1,-1,-1,725.000,750.000,-1,-1,2,0,2,0,2,0,0,0,0,2,2,2,2,0,0,2,2
56,-4266.843,7961.987,-235.645,29.042,0.873413,-0.485360,-0.039696,0.485776,0.874083,0.000989,0.034218,-0.020147,0.999211,0,0.84927,-1.00000,50.956,-2.000,-1,375.000,-1,400.000,-1,325.000,325.000,300.000,300.000,-1,-1,-1,-1,725.000,750.000,-1,-1,2,0,2,0,2,0,0,0,0,2,2,2,2,0,0,2,2
57,-4221.417,7985.175,-233.938,27.042,0.889814,-0.454572,-0.039947,0.454955,0.890514,0.000582,0.035309,-0.018692,0.999202,0,0.85003,-1.00000,51.002,-2.000,-1,400.000,-1,400.000,-1,325.000,325.000,300.000,300.000,-1,-1,-1,-1,750.000,750.000,-1,-1,2,0,2,0,2,0,0,0,0,2,2,2,2,0,0,2,2
58,-4175.167,8006.784,-232.200,25.042,0.905132,-0.423227,-0.040191,0.423579,0.905859,0.000266,0.036294,-0.017265,0.999192,0,0.85081,-1.00000,51.049,-2.000,-1,400.000,-1,400.000,-1,325.000,325.000,300.000,300.000,-1,-1,-1,-1,750.000,750.000,-1,-1,2,0,2,0,2,0,0,0,0,2,2,2,2,0,0,2,2
59,-4128.147,8026.783,-230.435,23.042,0.919348,-0.391364,-0.040420,0.391686,0.920099,0.000035,0.037176,-0.015864,0.999183,0,0.85161,-1.00000,51.096,-2.000,-1,400.000,-1,400.000,-1,325.000,325.000,300.000,300.000,-1,-1,-1,-1,750.000,750.000,-1,-1,2,0,2,0,2,0,0,0,0,2,2,2,2,0,0,2,2
60,-4080.412,8045.147,-228.643,21.042,0.932444,-0.359022,-0.040627,0.359315,0.933216,-0.000118,0.037957,-0.014488,0.999174,0,0.85242,-1.00000,51.145,-2.000,-1,400.000,-1,400.000,-1,325.000,325.000,300.000,300.000,-1,-1,-1,-1,750.000,750.000,-1,-1,2,0,2,0,2,0,0,0,0,2,2,2,2,0,0,2,2
61,-4032.019,8061.850,-226.745,19.042,0.944420,-0.326242,-0.040456,0.326493,0.945199,-0.000428,0.038378,-0.012804,0.999181,0,0.85324,-1.00000,51.195,-2.000,-1,400.000,-1,400.000,-1,325.000,325.000,300.000,300.000,-1,-1,-1,-1,750.000,750.000,-1,-1,2,0,2,0,2,0,0,0,0,2,2,2,2,0,0,2,2
62,-3983.025,8076.869,-224.724,17.042,0.955258,-0.293064,-0.039961,0.293262,0.956032,-0.000926,0.038475,-0.010834,0.999201,0,0.85408,-1.00000,51.245,-2.000,-1,400.000,-1,400.000,-1,325.000,325.000,300.000,300.000,-1,-1,-1,-1,750.000,750.000,-1,-1,2,0,2,0,2,0,0,0,0,2,2,2,2,0,0,2,2
63,-3933.486,8090.182,-222.615,15.042,0.964915,-0.259524,-0.039837,0.259686,0.965692,-0.001139,0.038766,-0.009246,0.999206,0,0.85493,-1.00000,51.296,-2.000,-1,400.000,-1,400.000,-1,325.000,325.000,300.000,300.000,-1,-1,-1,-1,750.000,750.000,-1,-1,2,0,2,0,2,0,0,0,0,2,2,2,2,0,0,2,2
64,-3883.464,8101.769,-220.503,13.042,0.973393,-0.225667,-0.039762,0.225796,0.974174,-0.001268,0.039021,-0.007744,0.999208,0,0.85578,-1.00000,51.347,-2.000,-1,400.000,-1,400.000,-1,325.000,325.000,300.000,300.000,-1,-1,-1,-1,775.000,725.000,-1,-1,2,0,2,0,2,0,0,0,0,2,2,2,2,0,0,2,2
65,-3833.017,8111.614,-218.380,11.042,0.980676,-0.191533,-0.039860,0.191631,0.981466,-0.001377,0.039385,-0.006288,0.999204,0,0.85665,-1.00000,51.399,-2.000,-1,400.000,-1,400.000,-1,325.000,325.000,300.000,300.000,-1,-1,-1,-1,775.000,725.000,-1,-1,2,0,2,0,2,0,0,0,0,2,2,2,2,0,0,2,2
66,-3782.206,8119.700,-216.246,9.042,0.986760,-0.157165,-0.040042,0.157234,0.987560,-0.001443,0.039771,-0.004872,0.999197,0,0.85751,-1.00000,51.451,-2.000,-1,400.000,-1,400.000,-1,325.000,325.000,300.000,300.000,-1,-1,-1,-1,775.000,725.000,-1,-1,2,0,2,0,2,0,0,0,0,2,2,2,2,0,0,2,2
67,-3731.092,8126.015,-214.113,7.042,0.991638,-0.122605,-0.040274,0.122647,0.992449,-0.001413,0.040144,-0.003539,0.999188,0,0.85837,-1.00000,51.502,-2.000,-1,400.000,-1,400.000,-1,325.000,325.000,300.000,300.000,-1,-1,-1,-1,775.000,725.000,-1,-1,2,0,2,0,2,0,0,0,0,2,2,2,2,0,0,2,2
68,-3684.588,8130.315,-212.181,5.282,0.994928,-0.092066,-0.040527,0.092089,0.995750,-0.001309,0.040475,-0.002429,0.999178,0,0.77837,-0.88000,46.702,-1.760,-1,400.000,-1,375.000,-1,325.000,325.000,300.000,300.000,-1,-1,-1,-1,775.000,725.000,-1,-1,2,0,2,0,2,0,0,0,0,2,2,2,2,0,0,2,2
69,-3642.776,8133.064,-210.449,3.762,0.997011,-0.065621,-0.040784,0.065628,0.997843,-0.001161,0.040772,-0.001519,0.999167,0,0.69837,-0.76000,41.902,-1.520,-1,400.000,-1,375.000,-1,325.000,325.000,300.000,300.000,-1,-1,-1,-1,775.000,725.000,-1,-1,2,0,2,0,2,0,0,0,0,2,2,2,2,0,0,2,2
70,-3604.365,8134.730,-208.862,2.482,0.998218,-0.043314,-0.041046,0.043310,0.999061,-0.000980,0.041050,-0.000799,0.999157,0,0.64079,-0.64000,38.447,-1.280,-1,400.000,-1,375.000,975.000,325.000,325.000,300.000,300.000,-1,-1,-1,-1,775.000,700.000,-1,-1,2,0,2,0,1,0,0,0,0,2,2,2,2,0,0,2,2
71,-3565.906,8135.698,-207.277,1.442,0.998828,-0.025173,-0.041336,0.025164,0.999683,-0.000758,0.041342,-0.000283,0.999145,0,0.64119,-0.52000,38.472,-1.040,-1,400.000,-1,375.000,925.000,325.000,325.000,300.000,300.000,-1,-1,-1,-1,775.000,700.000,-1,-1,2,0,2,0,1,0,0,0,0,2,2,2,2,0,0,2,2
72,-3527.427,8136.129,-205.692,0.642,0.999069,-0.011213,-0.041648,0.011202,0.999937,-0.000504,0.041651,0.000036,0.999132,0,0.64135,-0.40000,38.481,-0.800,-1,400.000,-1,375.000,900.000,325.000,325.000,300.000,300.000,-1,-1,-1,-1,775.000,700.000,-1,-1,2,0,2,0,1,0,0,0,0,2,2,2,2,0,0,2,2
73,-3488.954,8136.185,-204.110,0.082,0.999118,-0.001440,-0.041977,0.001432,0.999999,-0.000223,0.041977,0.000163,0.999119,0,0.64122,-0.28000,38.473,-0.560,-1,400.000,-1,375.000,875.000,325.000,325.000,300.000,300.000,-1,-1,-1,-1,775.000,700.000,-1,-1,2,0,2,0,1,0,0,0,0,2,2,2,2,0,0,2,2
74,-3450.506,8136.025,-202.532,-0.238,0.999096,0.004145,-0.042320,-0.004146,0.999991,0.000074,0.042320,0.000102,0.999104,0,0.64080,-0.16000,38.448,-0.320,-1,400.000,-1,375.000,875.000,325.000,325.000,300.000,300.000,-1,-1,-1,-1,775.000,700.000,-1,-1,2,0,2,0,1,0,0,0,0,2,2,2,2,0,0,2,2
75,-3412.104,8135.813,-200.957,-0.318,0.999074,0.005542,-0.042673,-0.005530,0.999985,0.000381,0.042675,-0.000144,0.999089,0,0.64004,-0.04000,38.403,-0.080,-1,400.000,-1,375.000,875.000,325.000,325.000,300.000,300.000,-1,-1,-1,-1,775.000,700.000,-1,-1,2,0,2,0,1,0,0,0,0,2,2,2,2,0,0,2,2
76,-3373.768,8135.707,-199.388,-0.158,0.999070,0.002749,-0.043033,-0.002722,0.999996,0.000689,0.043035,-0.000572,0.999073,0,0.63894,0.08000,38.336,0.160,-1,400.000,-1,375.000,875.000,325.000,325.000,300.000,300.000,-1,-1,-1,-1,775.000,700.000,-1,-1,2,0,2,0,1,0,0,0,0,2,2,2,2,0,0,2,2
77,-3335.520,8135.869,-197.827,0.242,0.999049,-0.004232,-0.043398,0.004279,0.999990,0.000993,0.043393,-0.001177,0.999057,0,0.63746,0.20000,38.248,0.400,-1,400.000,-1,375.000,875.000,325.000,325.000,300.000,300.000,-1,-1,-1,-1,775.000,700.000,-1,-1,2,0,2,0,1,0,0,0,0,2,2,2,2,1,0,2,2
78,-3297.389,8136.456,-196.277,0.882,0.998923,-0.015402,-0.043763,0.015473,0.999879,0.001284,0.043738,-0.001960,0.999041,0,0.63560,0.32000,38.136,0.640,-1,400.000,-1,375.000,925.000,325.000,325.000,300.000,300.000,-1,-1,-1,-1,775.000,700.000,-1,-1,2,0,2,0,1,0,0,0,0,2,2,2,2,1,0,2,2
79,-3259.407,8137.625,-194.565,1.762,0.998555,-0.030756,-0.044073,0.030875,0.999521,0.002017,0.043989,-0.003375,0.999026,0,0.63333,0.44000,38.000,0.880,-1,400.000,-1,375.000,975.000,325.000,325.000,300.000,300.000,-1,-1,-1,-1,750.000,700.000,-1,-1,2,0,2,0,1,0,0,0,0,2,2,2,2,1,0,2,2
80,-3221.615,8139.528,-192.772,2.882,0.997742,-0.050287,-0.044526,0.050462,0.998722,0.002821,0.044327,-0.005062,0.999004,0,0.63066,0.56000,37.840,1.120,-1,400.000,-1,375.000,-1,325.000,325.000,300.000,300.000,-1,-1,-1,-1,750.000,700.000,-1,-1,2,0,2,0,2,0,0,0,0,2,2,2,2,1,0,2,2
81,-3179.092,8142.682,-190.767,4.242,0.996243,-0.073976,-0.045022,0.074217,0.997235,0.003702,0.044624,-0.007029,0.998979,0,0.71066,0.68000,42.640,1.360,-1,400.000,-1,375.000,-1,325.000,325.000,300.000,300.000,-1,-1,-1,-1,725.000,700.000,-1,-1,2,0,2,0,2,0,0,0,0,2,2,2,2,1,0,2,2
82,-3133.193,8147.379,-188.619,5.842,0.993763,-0.101790,-0.045538,0.102104,0.994763,0.004625,0.044829,-0.009245,0.998952,0,0.76897,0.80000,46.138,1.600,-1,400.000,-1,375.000,-1,325.000,325.000,300.000,300.000,-1,-1,-1,-1,725.000,700.000,-1,-1,2,0,2,0,2,0,0,0,0,2,2,2,2,1,0,2,2
83,-3087.703,8153.373,-186.512,7.507,0.990362,-0.130636,-0.046022,0.131024,0.991364,0.005509,0.044905,-0.011486,0.998925,0,0.76472,0.83217,45.883,1.664,-1,400.000,-1,375.000,-1,325.000,325.000,300.000,300.000,-1,-1,-1,-1,700.000,725.000,975.000,-1,2,0,2,0,2,0,0,0,0,2,2,2,2,1,0,1,2
84,-3042.665,8160.645,-184.447,9.171,0.986125,-0.159370,-0.046467,0.159831,0.987124,0.006355,0.044856,-0.013693,0.998900,0,0.76036,0.83219,45.622,1.664,-1,400.000,-1,375.000,-1,325.000,325.000,300.000,300.000,-1,-1,-1,-1,700.000,725.000,950.000,-1,2,0,2,0,2,0,0,0,0,2,2,2,2,1,0,1,2
85,-2998.110,8169.174,-182.431,10.836,0.981054,-0.187978,-0.046872,0.188510,0.982045,0.007169,0.044682,-0.015869,0.998875,0,0.75606,0.83248,45.364,1.665,-1,400.000,-1,375.000,-1,325.000,325.000,300.000,300.000,-1,-1,-1,-1,675.000,725.000,925.000,-1,2,0,2,0,2,0,0,0,0,2,2,2,2,1,0,1,2
86,-2954.067,8178.940,-180.466,12.502,0.975152,-0.216442,-0.047233,0.217045,0.976129,0.007959,0.044383,-0.018013,0.998852,0,0.75188,0.83302,45.113,1.666,-1,400.000,-1,375.000,-1,325.000,325.000,300.000,300.000,-1,-1,-1,-1,650.000,725.000,925.000,-1,2,0,2,0,2,0,0,0,0,2,2,2,2,1,0,1,2
87,-2910.560,8189.925,-178.555,14.170,0.968420,-0.244748,-0.047550,0.245418,0.969378,0.008731,0.043957,-0.020125,0.998831,0,0.74789,0.83382,44.873,1.668,-1,400.000,-1,375.000,-1,325.000,325.000,300.000,300.000,-1,-1,-1,-1,625.000,725.000,950.000,-1,2,0,2,0,2,0,1,0,0,2,2,2,2,1,0,1,2
88,-2867.607,8202.112,-176.702,15.840,0.960859,-0.272877,-0.047824,0.273615,0.961793,0.009492,0.043407,-0.022206,0.998811,0,0.74414,0.83485,44.649,1.670,-1,400.000,-1,375.000,-1,325.000,325.000,300.000,300.000,-1,-1,-1,-1,625.000,725.000,-1,-1,2,1,2,0,2,1,1,0,0,2,2,2,2,1,0,2,2
89,-2825.225,8215.485,-174.909,17.512,0.952471,-0.300814,-0.048055,0.301616,0.953375,0.010247,0.042732,-0.024254,0.998792,0,0.74070,0.83612,44.442,1.672,-1,400.000,-1,375.000,-1,325.000,325.000,300.000,300.000,-1,-1,-1,-1,600.000,725.000,-1,-1,2,1,2,1,2,1,1,0,0,2,2,2,2,1,1,2,2
90,-2783.428,8230.030,-173.178,19.187,0.943258,-0.328539,-0.048244,0.329404,0.944125,0.011004,0.041934,-0.026271,0.998775,0,0.73759,0.83760,44.255,1.675,-1,375.000,-1,375.000,-1,325.000,300.000,300.000,300.000,-1,-1,-1,-1,575.000,700.000,-1,-1,2,1,2,1,2,1,1,0,0,2,2,2,2,1,1,2,2
91,-2737.643,8247.640,-171.320,21.038,0.932145,-0.358836,-0.048393,0.359769,0.932965,0.011895,0.040880,-0.028498,0.998758,0,0.81759,0.92535,49.055,1.851,-1,375.000,-1,375.000,-1,300.000,300.000,300.000,300.000,-1,-1,-1,850.000,550.000,650.000,-1,950.000,2,1,2,1,2,1,1,0,0,2,2,2,1,1,1,2,1
92,-2691.786,8266.999,-169.366,22.886,0.920094,-0.388706,-0.048312,0.389726,0.920832,0.013483,0.039246,-0.031234,0.998741,0,0.82959,0.92407,49.776,1.848,-1,350.000,-1,350.000,950.000,300.000,300.000,300.000,300.000,-1,-1,-1,775.000,525.000,600.000,-1,875.000,2,1,2,1,1,1,1,0,0,2,2,2,1,1,1,2,1
93,-2646.370,8287.919,-167.486,24.731,0.907111,-0.418116,-0.048260,0.419219,0.907760,0.015103,0.037494,-0.033931,0.998721,0,0.83338,0.92255,50.003,1.845,-1,350.000,975.000,350.000,875.000,275.000,275.000,300.000,300.000,-1,-1,-1,725.000,500.000,575.000,-1,800.000,2,1,1,1,1,1,1,0,0,2,2,2,1,1,1,2,1
94,-2601.447,8310.389,-165.495,26.572,0.893179,-0.447017,-0.049068,0.448243,0.893747,0.017136,0.036195,-0.037300,0.998648,0,0.83717,0.92075,50.230,1.842,-1,325.000,875.000,325.000,825.000,275.000,275.000,300.000,300.000,-1,-1,-1,725.000,475.000,525.000,-1,750.000,2,1,1,1,1,1,1,0,0,2,2,2,1,1,1,2,1
95,-2557.069,8334.396,-163.304,28.410,0.878301,-0.475360,-0.051192,0.476779,0.878803,0.019675,0.035636,-0.041688,0.998495,0,0.84093,0.91867,50.456,1.837,-1,325.000,-1,325.000,775.000,275.000,275.000,300.000,300.000,-1,-1,-1,725.000,475.000,500.000,-1,675.000,2,1,2,1,1,1,1,0,0,2,2,2,1,1,1,2,1
96,-2517.533,8357.231,-161.136,30.007,0.864579,-0.499569,-0.054171,0.501225,0.865031,0.022262,0.035738,-0.046399,0.998283,0,0.76093,0.79867,45.656,1.597,-1,300.000,-1,300.000,700.000,250.000,250.000,275.000,300.000,-1,-1,-1,750.000,475.000,475.000,-1,625.000,2,1,2,1,1,1,1,0,0,2,2,2,1,1,1,2,1
97,-2482.649,8378.498,-159.058,31.364,0.852338,-0.519797,-0.057715,0.521726,0.852753,0.024760,0.036347,-0.051215,0.998026,0,0.68093,0.67867,40.856,1.357,-1,300.000,-1,300.000,675.000,250.000,250.000,275.000,325.000,-1,-1,-1,775.000,500.000,450.000,-1,575.000,2,1,2,1,1,1,1,0,0,2,2,2,1,1,1,2,1
98,-2448.428,8400.287,-156.905,32.482,0.841828,-0.536175,-0.061976,0.538441,0.842218,0.027398,0.037507,-0.056435,0.997702,0,0.67615,0.55867,40.569,1.117,-1,275.000,-1,275.000,625.000,250.000,250.000,275.000,325.000,-1,-1,-1,800.000,500.000,425.000,-1,525.000,2,1,2,1,1,1,1,0,0,2,2,2,1,1,1,2,1
99,-2414.402,8422.691,-154.444,33.359,0.833226,-0.548856,-0.067019,0.551488,0.833677,0.029040,0.039933,-0.061157,0.997329,0,0.67899,0.43867,40.739,0.877,-1,275.000,-1,275.000,600.000,225.000,225.000,275.000,350.000,-1,-1,-1,825.000,550.000,400.000,-1,500.000,2,1,2,1,1,1,1,0,0,2,2,2,1,1,1,2,1
100,-2380.485,8445.564,-150.558,33.996,0.826532,-0.558109,-0.073204,0.560900,0.827542,0.023805,0.047293,-0.060736,0.997033,0,0.68181,0.31867,40.909,0.637,-1,275.000,-1,275.000,575.000,225.000,225.000,300.000,350.000,-1,825.000,-1,825.000,700.000,400.000,-1,475.000,2,1,2,1,1,1,1,0,0,2,0,2,1,1,1,2,1
101,-2346.587,8468.767,-146.570,34.394,0.822017,-0.563842,-0.079814,0.566777,0.823661,0.018613,0.055244,-0.060537,0.996636,0,0.68463,0.19867,41.078,0.397,-1,300.000,-1,275.000,575.000,225.000,225.000,300.000,350.000,-1,500.000,675.000,825.000,-1,400.000,-1,475.000,2,1,2,1,1,1,1,0,0,2,0,0,1,2,1,2,1
102,-2312.613,8492.160,-142.564,34.551,0.819756,-0.566091,-0.086835,0.569180,0.822095,0.013922,0.063506,-0.060837,0.996125,0,0.68745,0.07867,41.247,0.157,-1,325.000,-1,275.000,575.000,225.000,225.000,300.000,375.000,-1,350.000,475.000,850.000,-1,400.000,-1,475.000,2,1,2,1,1,1,1,0,0,2,0,0,1,2,1,2,1
103,-2278.464,8515.601,-138.537,34.468,0.819770,-0.564880,-0.094278,0.568139,0.822875,0.009737,0.072079,-0.061546,0.995498,0,0.69031,-0.04133,41.419,-0.083,-1,350.000,-1,275.000,575.000,225.000,225.000,325.000,375.000,-1,250.000,325.000,850.000,-1,400.000,-1,500.000,2,1,2,1,1,1,1,0,0,2,0,0,1,2,1,2,1
104,-2244.040,8538.948,-134.500,34.146,0.822037,-0.560199,-0.102132,0.563655,0.825987,0.006146,0.080917,-0.062620,0.994752,0,0.69321,-0.16133,41.593,-0.323,-1,375.000,-1,275.000,600.000,250.000,225.000,325.000,375.000,-1,200.000,275.000,875.000,-1,425.000,-1,525.000,2,1,2,1,1,1,1,0,0,2,0,0,1,2,1,2,1
105,2951.478,7543.011,17.034,136.655,-0.740664,-0.666335,0.086104,0.663830,-0.705987,0.246805,-0.103667,0.239958,0.965232,1,0.00000,0.00000,41.770,-0.563,-1,375.000,-1,275.000,150.000,275.000,250.000,1000.000,200.000,275.000,-1,-1,875.000,725.000,400.000,-1,175.000,2,1,2,1,1,1,1,1,0,1,2,2,0,1,1,2,1
106,-1644.567,-4918.674,-54.159,170.161,-0.982502,-0.170870,-0.074115,0.171450,-0.985192,-0.001487,-0.072763,-0.014168,0.997249,1,0.08000,-0.12000,4.800,-0.240,-1,375.000,-1,375.000,-1,300.000,300.000,325.000,325.000,-1,900.000,550.000,-1,700.000,675.000,-1,-1,2,0,2,0,2,0,0,0,0,2,0,0,2,0,0,2,2
107,-1654.012,-4916.954,-54.847,169.681,-0.981058,-0.179116,-0.073774,0.179719,-0.983717,-0.001575,-0.072291,-0.014803,0.997274,0,0.16000,-0.24000,9.600,-0.480,-1,375.000,-1,375.000,-1,300.000,300.000,325.000,325.000,-1,900.000,550.000,-1,700.000,675.000,-1,-1,2,0,2,0,2,0,0,0,0,2,0,0,2,0,0,2,2
108,-1668.145,-4914.197,-55.874,168.961,-0.978763,-0.191460,-0.073256,0.192099,-0.981374,-0.001707,-0.071565,-0.015743,0.997312,0,0.24000,-0.36000,14.400,-0.720,-1,375.000,-1,375.000,-1,300.000,300.000,325.000,325.000,-1,875.000,550.000,-1,700.000,675.000,-1,-1,2,0,2,0,2,0,0,0,0,2,0,0,2,0,0,2,2
109,-1686.926,-4910.206,-57.237,168.001,-0.975462,-0.207871,-0.072554,0.208555,-0.978009,-0.001886,-0.070566,-0.016971,0.997363,0,0.32000,-0.48000,19.200,-0.960,-1,375.000,-1,375.000,-1,300.000,300.000,325.000,325.000,-1,850.000,550.000,-1,700.000,675.000,-1,-1,2,0,2,0,2,0,0,0,0,2,0,0,2,0,0,2,2
110,-1710.292,-4904.726,-58.928,166.801,-0.970950,-0.228302,-0.071654,0.229037,-0.973415,-0.002116,-0.069266,-0.018466,0.997427,0,0.40000,-0.60000,24.000,-1.200,-1,375.000,-1,375.000,-1,300.000,300.000,325.000,325.000,-1,800.000,525.000,-1,700.000,675.000,-1,-1,2,0,2,0,2,0,0,0,0,2,0,0,2,0,0,2,2
111,-1738.157,-4897.448,-60.936,165.361,-0.964974,-0.252683,-0.070543,0.253478,-0.967338,-0.002405,-0.067631,-0.020202,0.997506,0,0.48000,-0.72000,28.800,-1.440,-1,375.000,-1,375.000,-1,300.000,300.000,325.000,325.000,-1,750.000,525.000,-1,675.000,675.000,-1,-1,2,0,2,0,2,0,0,0,0,2,0,0,2,0,0,2,2
112,-1770.430,-4888.101,-63.254,163.848,-0.958052,-0.278115,-0.069193,0.278967,-0.960297,-0.002767,-0.065676,-0.021954,0.997599,0,0.56000,-0.75618,33.600,-1.512,1000.000,375.000,-1,375.000,-1,300.000,300.000,325.000,325.000,-1,675.000,500.000,-1,675.000,675.000,-1,-1,1,0,2,0,2,0,0,0,0,2,0,0,2,0,0,2,2
113,-1807.021,-4876.452,-65.870,162.340,-0.950498,-0.303291,-0.067583,0.304193,-0.952605,-0.003220,-0.063404,-0.023619,0.997708,0,0.64000,-0.75436,38.400,-1.509,975.000,375.000,-1,375.000,-1,300.000,300.000,325.000,325.000,-1,600.000,450.000,-1,675.000,675.000,-1,-1,1,0,2,0,2,0,0,0,0,2,0,0,2,0,0,2,2
114,-1847.826,-4862.271,-68.773,160.835,-0.942326,-0.328184,-0.065698,0.329128,-0.944278,-0.003789,-0.060794,-0.025193,0.997832,0,0.72000,-0.75221,43.200,-1.504,925.000,375.000,-1,375.000,-1,300.000,300.000,325.000,325.000,-1,525.000,400.000,-1,675.000,675.000,-1,-1,1,0,2,0,2,0,0,0,0,2,0,0,2,0,0,2,2
115,-1892.738,-4845.332,-71.761,159.336,-0.933530,-0.352773,-0.063816,0.353706,-0.935350,-0.003587,-0.058425,-0.025920,0.997955,0,0.80000,-0.74970,48.000,-1.499,900.000,375.000,-1,375.000,-1,300.000,300.000,325.000,325.000,-1,500.000,400.000,-1,675.000,700.000,-1,-1,1,0,2,0,2,0,0,0,0,2,0,0,2,0,0,2,2
116,-1938.200,-4826.818,-74.572,157.842,-0.924181,-0.377035,-0.061114,0.377904,-0.925840,-0.002912,-0.055484,-0.025787,0.998127,0,0.81813,-0.74680,49.088,-1.494,900.000,375.000,-1,375.000,-1,300.000,300.000,325.000,325.000,-1,475.000,375.000,-1,700.000,700.000,-1,-1,1,0,2,0,2,0,0,0,0,2,0,0,2,0,0,2,2
117,-1983.218,-4807.107,-77.295,156.355,-0.914252,-0.400942,-0.058210,0.401744,-0.915749,-0.002269,-0.052396,-0.025460,0.998302,0,0.81906,-0.74368,49.144,-1.487,925.000,375.000,-1,375.000,-1,300.000,300.000,325.000,325.000,-1,450.000,350.000,-1,700.000,700.000,-1,-1,1,0,2,0,2,0,0,0,0,2,0,0,2,0,0,2,2
118,-2027.746,-4786.224,-80.052,154.874,-0.903725,-0.424473,-0.055711,0.425232,-0.905082,-0.001966,-0.049589,-0.025467,0.998445,0,0.81970,-0.74040,49.182,-1.481,1000.000,375.000,-1,375.000,-1,300.000,300.000,325.000,325.000,-1,450.000,350.000,-1,700.000,700.000,-1,-1,1,0,2,0,2,0,0,0,0,2,0,0,2,0,0,2,2
119,-2071.739,-4764.194,-82.476,153.400,-0.892574,-0.447602,-0.054442,0.448380,-0.893840,-0.002333,-0.047618,-0.026494,0.998514,0,0.82002,-0.73699,49.201,-1.474,-1,375.000,-1,375.000,-1,300.000,300.000,325.000,325.000,-1,475.000,375.000,-1,700.000,725.000,-1,-1,2,0,2,0,2,0,0,0,0,2,0,0,2,0,0,2,2
120,-2115.155,-4741.045,-84.777,151.933,-0.880880,-0.470324,-0.053345,0.471124,-0.882063,-0.002792,-0.045740,-0.027591,0.998572,0,0.82003,-0.73345,49.202,-1.467,-1,375.000,-1,375.000,-1,300.000,300.000,325.000,325.000,-1,500.000,400.000,-1,700.000,725.000,-1,-1,2,0,2,0,2,0,0,0,0,2,0,0,2,0,0,2,2
121,-2157.951,-4716.806,-86.919,150.473,-0.868679,-0.492621,-0.052170,0.493454,-0.869764,-0.003613,-0.043596,-0.028882,0.998632,0,0.81972,-0.72982,49.183,-1.460,-1,375.000,-1,375.000,-1,300.000,300.000,325.000,325.000,-1,525.000,425.000,-1,700.000,725.000,-1,-1,2,0,2,0,2,0,0,0,0,2,0,0,2,0,0,2,2
122,-2200.086,-4691.510,-88.949,149.021,-0.855982,-0.514486,-0.050981,0.515350,-0.856968,-0.004549,-0.041349,-0.030167,0.998689,0,0.81909,-0.72611,49.146,-1.452,-1,375.000,-1,375.000,-1,300.000,300.000,325.000,325.000,-1,550.000,450.000,-1,700.000,725.000,-1,-1,2,0,2,0,2,0,0,0,0,2,0,0,2,0,0,2,2
123,-2241.523,-4665.190,-90.895,147.577,-0.842805,-0.535910,-0.049803,0.536797,-0.843694,-0.005456,-0.039095,-0.031333,0.998744,0,0.81816,-0.72236,49.089,-1.445,-1,375.000,-1,375.000,-1,300.000,300.000,325.000,325.000,-1,575.000,475.000,-1,700.000,750.000,-1,-1,2,0,2,0,2,0,0,0,0,2,0,0,2,0,0,2,2
124,-2282.226,-4637.880,-92.796,146.139,-0.829163,-0.556886,-0.048653,0.557783,-0.829964,-0.006124,-0.036970,-0.032216,0.998797,0,0.81692,-0.71859,49.015,-1.437,-1,375.000,-1,400.000,-1,300.000,300.000,325.000,325.000,-1,600.000,500.000,-1,700.000,750.000,-1,-1,2,0,2,0,2,0,0,0,0,2,0,0,2,0,0,2,2
125,-2322.160,-4609.615,-94.699,144.710,-0.815068,-0.577413,-0.047527,0.578300,-0.815800,-0.006310,-0.035129,-0.032628,0.998850,0,0.81541,-0.71485,48.925,-1.430,-1,375.000,-1,400.000,-1,300.000,325.000,325.000,325.000,-1,625.000,525.000,-1,700.000,750.000,-1,-1,2,0,2,0,2,0,0,0,0,2,0,0,2,0,0,2,2
126,-2357.639,-4583.381,-96.345,143.520,-0.802956,-0.594223,-0.046489,0.595094,-0.803631,-0.006414,-0.033549,-0.032815,0.998898,0,0.73541,-0.59485,44.125,-1.190,-1,375.000,-1,400.000,-1,300.000,325.000,325.000,325.000,-1,650.000,575.000,-1,700.000,775.000,-1,-1,2,0,2,0,2,0,0,0,0,2,0,0,2,0,0,2,2
127,-2388.867,-4559.480,-97.748,142.570,-0.793042,-0.607462,-0.045546,0.608312,-0.793672,-0.006401,-0.032260,-0.032782,0.998942,0,0.65541,-0.47485,39.325,-0.950,-1,375.000,-1,400.000,-1,300.000,325.000,325.000,325.000,-1,650.000,575.000,-1,725.000,775.000,-1,-1,2,0,2,0,2,0,0,0,0,2,0,0,2,0,0,2,2
128,-2416.595,-4537.706,-98.857,141.861,-0.785491,-0.617258,-0.044690,0.618069,-0.786102,-0.005810,-0.031544,-0.032185,0.998984,0,0.58759,-0.35485,35.256,-0.710,-1,375.000,-1,400.000,-1,300.000,325.000,325.000,325.000,-1,700.000,600.000,-1,725.000,775.000,-1,-1,2,0,2,0,2,0,0,0,0,2,0,0,2,0,0,2,2
129,-2444.079,-4515.758,-99.928,141.391,-0.780437,-0.623696,-0.043819,0.624466,-0.781035,-0.005200,-0.030981,-0.031422,0.999026,0,0.58620,-0.23485,35.172,-0.470,-1,375.000,-1,400.000,-1,300.000,325.000,300.000,325.000,-1,725.000,625.000,-1,725.000,775.000,-1,-1,2,0,2,0,2,0,0,0,0,2,0,0,2,0,0,2,2
130,-2471.416,-4493.748,-101.029,141.161,-0.777967,-0.626835,-0.042949,0.627571,-0.778544,-0.004897,-0.030368,-0.030764,0.999065,0,0.58494,-0.11485,35.096,-0.230,-1,375.000,-1,400.000,-1,300.000,325.000,325.000,325.000,-1,750.000,625.000,-1,725.000,775.000,-1,-1,2,0,2,0,2,0,0,0,0,2,0,0,2,0,0,2,2
131,-2498.704,-4471.785,-102.136,141.171,-0.778116,-0.626708,-0.042095,0.627413,-0.778672,-0.004754,-0.029799,-0.030110,0.999102,0,0.58382,0.00515,35.029,0.010,-1,375.000,-1,400.000,-1,325.000,325.000,325.000,325.000,-1,750.000,625.000,-1,725.000,775.000,-1,-1,2,0,2,0,2,0,0,0,0,2,0,0,2,0,0,2,2
132,-2526.043,-4449.977,-103.225,141.422,-0.780882,-0.623314,-0.041266,0.623988,-0.781420,-0.004617,-0.029368,-0.029355,0.999138,0,0.58286,0.12515,34.971,0.250,-1,375.000,-1,400.000,-1,325.000,325.000,325.000,325.000,-1,750.000,625.000,-1,750.000,800.000,-1,-1,2,0,2,0,2,0,0,0,0,2,0,0,2,0,0,2,2
133,-2553.475,-4428.364,-104.290,141.767,-0.784654,-0.618615,-0.040419,0.619257,-0.785176,-0.004465,-0.028974,-0.028533,0.999173,0,0.58206,0.17241,34.924,0.345,-1,375.000,-1,400.000,-1,325.000,325.000,325.000,325.000,-1,750.000,600.000,-1,750.000,800.000,-1,-1,2,0,2,0,2,0,0,0,0,2,0,0,2,0,0,2,2
134,-2581.003,-4406.943,-105.345,142.112,-0.788401,-0.613885,-0.039606,0.614496,-0.788908,-0.004305,-0.028603,-0.027732,0.999206,0,0.58133,0.17268,34.880,0.345,-1,375.000,-1,400.000,-1,325.000,325.000,325.000,325.000,-1,750.000,600.000,-1,750.000,800.000,-1,-1,2,0,2,0,2,0,0,0,0,2,0,0,2,0,0,2,2
135,-2608.623,-4385.716,-106.389,142.458,-0.792122,-0.609126,-0.038834,0.609708,-0.792616,-0.004138,-0.028260,-0.026955,0.999237,0,0.58058,0.17290,34.835,0.346,-1,375.000,-1,400.000,-1,325.000,325.000,325.000,325.000,-1,750.000,600.000,-1,750.000,800.000,-1,-1,2,0,2,0,2,0,0,0,0,2,0,0,2,0,0,2,2
136,-2636.336,-4364.684,-107.423,142.804,-0.795816,-0.604338,-0.038103,0.604893,-0.796297,-0.003965,-0.027945,-0.026203,0.999266,0,0.57983,0.17306,34.790,0.346,-1,400.000,-1,400.000,-1,325.000,325.000,325.000,325.000,-1,750.000,625.000,-1,750.000,825.000,-1,-1,2,0,2,0,2,0,0,0,0,2,0,0,2,0,0,2,2
