timestep,x_cm,y_cm,z_cm,yaw_deg,basis_xx,basis_xy,basis_xz,basis_yx,basis_yy,basis_yz,basis_zx,basis_zy,basis_zz,teleport_flag,throttle_cmd,steering_cmd,cmd_move_cm,cmd_turn_deg,lidar_cm_0,lidar_cm_1,lidar_cm_2,lidar_cm_3,lidar_cm_4,lidar_cm_5,lidar_cm_6,lidar_cm_7,lidar_cm_8,lidar_cm_9,lidar_cm_10,lidar_cm_11,lidar_cm_12,lidar_cm_13,lidar_cm_14,lidar_cm_15,lidar_cm_16,lidar_class_0,lidar_class_1,lidar_class_2,lidar_class_3,lidar_class_4,lidar_class_5,lidar_class_6,lidar_class_7,lidar_class_8,lidar_class_9,lidar_class_10,lidar_class_11,lidar_class_12,lidar_class_13,lidar_class_14,lidar_class_15,lidar_class_16
0,4268.225,-5576.564,-227.997,-13.947,0.968680,0.240790,-0.060658,-0.242881,0.969600,-0.029749,0.051651,0.043550,0.997715,1,0.08000,-0.04116,4.800,-0.082,-1,375.000,-1,400.000,-1,325.000,325.000,300.000,300.000,-1,600.000,575.000,-1,775.000,775.000,-1,-1,2,0,2,0,2,0,0,0,0,2,0,0,2,0,0,2,2
1,4277.539,-5578.891,-227.495,-14.029,0.968328,0.242180,-0.060736,-0.244282,0.969244,-0.029864,0.051636,0.043755,0.997707,0,0.16000,-0.04116,9.600,-0.082,-1,375.000,-1,400.000,-1,325.000,325.000,300.000,300.000,-1,600.000,575.000,-1,775.000,775.000,-1,-1,2,0,2,0,2,0,0,0,0,2,0,0,2,0,0,2,2
2,4291.505,-5582.402,-226.744,-14.111,0.967973,0.243570,-0.060850,-0.245687,0.968884,-0.030037,0.051640,0.044025,0.997695,0,0.24000,-0.04116,14.400,-0.082,-1,375.000,-1,400.000,-1,325.000,325.000,300.000,300.000,-1,625.000,600.000,-1,775.000,775.000,-1,-1,2,0,2,0,2,0,0,0,0,2,0,0,2,0,0,2,2
3,4310.118,-5587.110,-225.745,-14.194,0.967613,0.244957,-0.061004,-0.247096,0.968518,-0.030278,0.051666,0.044371,0.997678,0,0.32000,-0.04116,19.200,-0.082,-1,375.000,-1,400.000,-1,325.000,325.000,300.000,300.000,-1,625.000,600.000,-1,775.000,775.000,-1,-1,2,0,2,0,2,0,0,0,0,2,0,0,2,0,0,2,2
4,4333.377,-5593.028,-224.503,-14.276,0.967248,0.246344,-0.061205,-0.248509,0.968146,-0.030600,0.051717,0.044808,0.997656,0,0.40000,-0.04116,24.000,-0.082,-1,375.000,-1,400.000,-1,325.000,325.000,300.000,300.000,-1,650.000,625.000,-1,775.000,775.000,-1,-1,2,0,2,0,2,0,0,0,0,2,0,0,2,0,0,2,2
5,4361.278,-5600.169,-223.022,-14.358,0.966878,0.247728,-0.061462,-0.249928,0.967767,-0.031021,0.051796,0.045354,0.997627,0,0.48000,-0.04116,28.800,-0.082,-1,375.000,-1,400.000,-1,325.000,325.000,300.000,300.000,-1,675.000,650.000,-1,800.000,775.000,-1,-1,2,0,2,0,2,0,0,0,0,2,0,0,2,0,0,2,2
6,4393.817,-5608.548,-221.307,-14.441,0.966502,0.249111,-0.061786,-0.251355,0.967380,-0.031561,0.051908,0.046034,0.997590,0,0.56000,-0.04116,33.600,-0.082,-1,400.000,-1,400.000,-1,325.000,325.000,300.000,300.000,-1,725.000,675.000,-1,800.000,775.000,-1,-1,2,0,2,0,2,0,0,0,0,2,0,0,2,0,0,2,2
7,4430.990,-5618.177,-219.363,-14.523,0.966120,0.250491,-0.062190,-0.252790,0.966984,-0.032245,0.052060,0.046873,0.997543,0,0.64000,-0.04116,38.400,-0.082,-1,400.000,-1,400.000,-1,325.000,325.000,300.000,300.000,-1,750.000,725.000,-1,800.000,750.000,-1,-1,2,0,2,0,2,0,0,0,0,2,0,0,2,0,0,2,2
8,4469.515,-5628.215,-217.367,-14.605,0.965732,0.251868,-0.062649,-0.254232,0.966579,-0.033031,0.052236,0.047827,0.997489,0,0.66353,-0.04116,39.812,-0.082,-1,400.000,-1,400.000,-1,325.000,325.000,300.000,300.000,-1,800.000,750.000,-1,800.000,750.000,-1,-1,2,0,2,0,2,0,0,0,0,2,0,0,2,0,0,2,2
9,4508.027,-5638.308,-215.387,-14.687,0.965340,0.253244,-0.063143,-0.255679,0.966167,-0.033915,0.052418,0.048883,0.997428,0,0.66353,-0.04116,39.812,-0.082,-1,400.000,-1,400.000,-1,325.000,325.000,300.000,300.000,-1,825.000,800.000,-1,800.000,750.000,-1,-1,2,0,2,0,2,0,0,0,0,2,0,0,2,0,0,2,2
10,4546.523,-5648.457,-213.453,-14.770,0.964966,0.254618,-0.063330,-0.257113,0.965752,-0.034858,0.052286,0.049920,0.997384,0,0.66353,-0.04116,39.812,-0.082,-1,400.000,-1,400.000,-1,325.000,325.000,300.000,300.000,-1,875.000,825.000,-1,825.000,750.000,-1,-1,2,0,2,0,2,0,0,0,0,2,0,0,2,0,0,2,2
11,4585.005,-5658.661,-211.714,-14.852,0.964635,0.256000,-0.062797,-0.258495,0.965366,-0.035344,0.051574,0.050327,0.997400,0,0.66353,-0.04116,39.812,-0.082,-1,400.000,-1,400.000,-1,325.000,325.000,300.000,300.000,-1,900.000,875.000,-1,800.000,725.000,-1,-1,2,0,2,0,2,0,0,0,0,2,0,0,2,0,0,2,2
12,4623.472,-5668.921,-209.986,-14.934,0.964299,0.257380,-0.062315,-0.259882,0.964971,-0.035950,0.050880,0.050861,0.997409,0,0.66353,-0.04116,39.812,-0.082,-1,400.000,-1,400.000,-1,325.000,325.000,300.000,300.000,-1,950.000,925.000,-1,800.000,725.000,-1,-1,2,0,2,0,2,0,0,0,0,2,0,0,2,0,0,2,2
13,4661.924,-5679.236,-208.175,-15.017,0.963979,0.258762,-0.061532,-0.261249,0.964584,-0.036414,0.049931,0.051178,0.997441,0,0.66353,-0.04116,39.812,-0.082,-1,400.000,-1,375.000,-1,325.000,325.000,300.000,300.000,-1,-1,975.000,-1,800.000,700.000,-1,-1,2,0,2,0,2,0,0,0,0,2,2,0,2,0,0,2,2
14,4704.966,-5690.969,-205.935,-15.247,0.962972,0.262641,-0.060872,-0.265086,0.963546,-0.036190,0.049148,0.050986,0.997489,0,0.74353,-0.11521,44.612,-0.230,-1,400.000,-1,375.000,-1,325.000,325.000,300.000,300.000,-1,-1,-1,-1,800.000,700.000,-1,-1,2,0,2,0,2,0,0,0,0,2,2,2,2,0,0,2,2
15,4752.586,-5704.155,-203.401,-15.478,0.961940,0.266518,-0.060333,-0.268919,0.962497,-0.035805,0.048528,0.050667,0.997536,0,0.82353,-0.11521,49.412,-0.230,-1,400.000,-1,375.000,-1,325.000,325.000,300.000,300.000,-1,-1,-1,-1,800.000,700.000,-1,-1,2,0,2,0,2,0,0,0,0,2,2,2,2,0,0,2,2
16,4804.773,-5718.833,-200.601,-15.708,0.960886,0.270391,-0.059893,-0.272752,0.961432,-0.035416,0.048007,0.050367,0.997576,0,0.90353,-0.11521,54.212,-0.230,-1,400.000,-1,375.000,-1,325.000,325.000,300.000,300.000,-1,-1,-1,-1,800.000,675.000,-1,-1,2,0,2,0,2,0,0,0,0,2,2,2,2,0,0,2,2
17,4858.847,-5734.275,-197.674,-15.938,0.959807,0.274258,-0.059609,-0.276590,0.960348,-0.035054,0.047632,0.050132,0.997606,0,0.93727,-0.11521,56.236,-0.230,-1,400.000,-1,375.000,1000.000,325.000,300.000,325.000,300.000,-1,-1,-1,-1,800.000,675.000,-1,-1,2,0,2,0,0,0,0,0,0,2,2,2,2,0,0,2,2
18,4912.859,-5749.936,-194.751,-16.169,0.958708,0.278122,-0.059383,-0.280425,0.959250,-0.034649,0.047327,0.049871,0.997634,0,0.93727,-0.11521,56.236,-0.230,-1,400.000,-1,375.000,950.000,325.000,300.000,325.000,300.000,-1,-1,-1,-1,800.000,650.000,-1,-1,2,0,2,0,0,0,0,0,0,2,2,2,2,0,0,2,2
19,4966.807,-5765.813,-191.859,-16.399,0.957597,0.281983,-0.059108,-0.284250,0.958143,-0.034123,0.047012,0.049478,0.997668,0,0.93727,-0.11521,56.236,-0.230,-1,400.000,-1,375.000,925.000,325.000,300.000,325.000,300.000,-1,-1,-1,-1,775.000,650.000,-1,-1,2,0,2,0,0,0,0,0,0,2,2,2,2,0,0,2,2
20,5020.692,-5781.907,-188.937,-16.630,0.956458,0.285838,-0.059040,-0.288082,0.957014,-0.033656,0.046882,0.049199,0.997688,0,0.93727,-0.11521,56.236,-0.230,-1,400.000,-1,375.000,900.000,325.000,300.000,325.000,300.000,-1,-1,-1,-1,775.000,625.000,-1,1000.000,2,0,2,0,0,0,0,0,0,2,2,2,2,0,0,2,0
21,5074.511,-5798.218,-185.985,-16.860,0.955290,0.289686,-0.059184,-0.291920,0.955865,-0.033245,0.046941,0.049035,0.997693,0,0.93727,-0.11521,56.236,-0.230,-1,400.000,-1,375.000,850.000,325.000,300.000,325.000,300.000,-1,-1,-1,-1,775.000,625.000,-1,975.000,2,0,2,0,0,0,0,0,0,2,2,2,2,0,0,2,0
22,5128.264,-5814.745,-183.003,-17.090,0.954094,0.293529,-0.059543,-0.295766,0.954694,-0.032889,0.047191,0.048990,0.997684,0,0.93727,-0.11521,56.236,-0.230,-1,400.000,-1,375.000,825.000,325.000,300.000,325.000,300.000,-1,-1,-1,-1,775.000,625.000,-1,925.000,2,0,2,0,0,0,0,0,0,2,2,2,2,0,0,2,0
23,5181.950,-5831.488,-180.230,-17.321,0.952836,0.297378,-0.060572,-0.299598,0.953548,-0.031430,0.048412,0.048095,0.997669,0,0.93727,-0.11521,56.236,-0.230,-1,400.000,-1,350.000,825.000,325.000,300.000,325.000,300.000,-1,-1,-1,-1,775.000,600.000,-1,925.000,2,0,2,0,0,0,0,0,0,2,2,2,2,0,0,2,0
24,5235.568,-5848.448,-177.635,-17.551,0.951561,0.301234,-0.061567,-0.303395,0.952417,-0.029206,0.049839,0.046471,0.997676,0,0.93727,-0.11521,56.236,-0.230,-1,400.000,-1,350.000,825.000,300.000,300.000,325.000,300.000,-1,-1,-1,-1,775.000,600.000,-1,925.000,2,0,2,0,0,0,0,0,0,2,2,2,2,0,0,2,0
25,5289.118,-5865.623,-174.988,-17.782,0.950254,0.305082,-0.062795,-0.307196,0.951260,-0.027103,0.051466,0.045046,0.997658,0,0.93727,-0.11521,56.236,-0.230,-1,400.000,-1,350.000,825.000,300.000,300.000,325.000,300.000,-1,-1,-1,-1,750.000,600.000,-1,900.000,2,0,2,0,0,0,0,0,0,2,2,2,2,0,0,2,0
26,5342.598,-5883.013,-172.056,-18.012,0.948968,0.308932,-0.063404,-0.310944,0.950111,-0.024548,0.052657,0.043011,0.997686,0,0.93727,-0.11521,56.236,-0.230,-1,400.000,-1,350.000,825.000,300.000,300.000,325.000,300.000,-1,-1,-1,-1,750.000,600.000,-1,925.000,2,0,2,0,0,0,0,0,0,2,2,2,2,0,0,2,0
27,5396.007,-5900.619,-168.817,-18.243,0.947653,0.312786,-0.064173,-0.314656,0.948969,-0.021207,0.054265,0.040289,0.997713,0,0.93727,-0.11521,56.236,-0.230,-1,400.000,-1,350.000,825.000,300.000,300.000,325.000,300.000,-1,-1,-1,-1,750.000,600.000,-1,-1,2,0,2,0,0,0,0,0,0,2,2,2,2,0,0,2,2
28,5449.549,-5918.506,-165.300,-18.472,0.946303,0.316620,-0.065292,-0.318315,0.947829,-0.017168,0.056450,0.037029,0.997719,0,0.94083,-0.11461,56.450,-0.229,-1,400.000,-1,350.000,875.000,300.000,300.000,325.000,300.000,-1,-1,-1,-1,750.000,600.000,-1,-1,2,0,2,0,0,0,0,0,0,2,2,2,2,0,0,2,2
29,5503.427,-5936.743,-161.687,-18.698,0.944946,0.320402,-0.066485,-0.321915,0.946677,-0.013164,0.058722,0.033842,0.997701,0,0.94802,-0.11329,56.881,-0.227,-1,400.000,-1,350.000,950.000,300.000,300.000,325.000,300.000,-1,500.000,-1,-1,750.000,600.000,-1,-1,2,0,2,0,1,0,0,0,0,2,0,2,2,0,0,2,2
30,5557.643,-5955.331,-158.033,-18.922,0.943576,0.324130,-0.067853,-0.325440,0.945520,-0.008928,0.061262,0.030506,0.997655,0,0.95522,-0.11184,57.313,-0.224,-1,400.000,-1,350.000,975.000,300.000,300.000,325.000,300.000,-1,375.000,725.000,-1,750.000,625.000,-1,-1,2,0,2,0,1,0,0,0,0,2,0,0,2,0,0,2,2
31,5612.197,-5974.269,-154.256,-19.143,0.942206,0.327797,-0.069263,-0.328899,0.944353,-0.004831,0.063825,0.027332,0.997587,0,0.96245,-0.11024,57.747,-0.220,-1,400.000,-1,350.000,975.000,300.000,300.000,325.000,300.000,-1,350.000,575.000,-1,750.000,625.000,-1,-1,2,0,2,0,1,0,0,0,0,2,0,0,2,0,0,2,2
32,5667.088,-5993.557,-150.353,-19.359,0.940838,0.331396,-0.070718,-0.332287,0.943178,-0.000882,0.066407,0.024328,0.997496,0,0.96968,-0.10848,58.181,-0.217,-1,400.000,-1,350.000,975.000,300.000,300.000,325.000,300.000,-1,350.000,525.000,-1,750.000,650.000,-1,-1,2,0,2,0,1,0,0,0,0,2,0,0,2,0,0,2,2
33,5722.317,-6013.194,-146.321,-19.573,0.939473,0.334924,-0.072221,-0.335600,0.942000,0.002915,0.069008,0.021499,0.997384,0,0.97692,-0.10655,58.615,-0.213,-1,400.000,-1,350.000,950.000,300.000,300.000,325.000,300.000,-1,325.000,500.000,-1,775.000,675.000,-1,-1,2,0,2,0,1,0,0,0,0,2,0,0,2,0,0,2,2
34,5777.882,-6033.179,-142.156,-19.781,0.938115,0.338374,-0.073775,-0.338835,0.940823,0.006552,0.071626,0.018851,0.997253,0,0.98416,-0.10444,59.049,-0.209,-1,400.000,-1,350.000,925.000,325.000,300.000,325.000,300.000,-1,325.000,500.000,-1,775.000,675.000,-1,-1,2,0,2,0,1,0,0,0,0,2,0,0,2,0,0,2,2
35,5833.782,-6053.511,-137.955,-19.986,0.936752,0.341742,-0.075547,-0.341954,0.939658,0.010517,0.074583,0.015981,0.997087,0,0.99138,-0.10213,59.483,-0.204,-1,400.000,-1,375.000,925.000,325.000,300.000,325.000,300.000,-1,300.000,475.000,-1,-1,700.000,-1,-1,2,0,2,0,1,0,0,0,0,2,0,0,2,2,0,2,2
36,5890.018,-6074.186,-133.554,-20.185,0.935379,0.345020,-0.077633,-0.344995,0.938498,0.014149,0.077740,0.013548,0.996882,0,0.99859,-0.09960,59.915,-0.199,-1,400.000,-1,375.000,900.000,325.000,300.000,325.000,300.000,-1,275.000,450.000,-1,-1,725.000,-1,-1,2,0,2,0,1,0,0,0,0,2,0,0,2,2,0,2,2
37,5946.348,-6094.850,-129.084,-20.144,0.935467,0.344362,-0.079478,-0.344083,0.938774,0.017616,0.080678,0.010868,0.996681,0,1.00000,0.02040,60.000,0.041,-1,400.000,-1,375.000,875.000,325.000,325.000,350.000,300.000,-1,275.000,425.000,-1,-1,775.000,-1,-1,2,0,2,0,1,0,0,0,0,2,0,0,2,2,0,2,2
38,6002.779,-6115.238,-124.381,-19.863,0.937062,0.339768,-0.080448,-0.339180,0.940481,0.021295,0.082895,0.007331,0.996531,0,1.00000,0.14040,60.000,0.281,-1,400.000,-1,400.000,850.000,325.000,325.000,350.000,300.000,-1,275.000,425.000,-1,-1,800.000,-1,-1,2,0,2,0,1,0,0,0,0,2,0,0,2,2,0,2,2
39,6059.392,-6135.111,-119.779,-19.343,0.940184,0.331212,-0.079706,-0.330400,0.943547,0.023553,0.083008,0.004191,0.996540,0,1.00000,0.26040,60.000,0.521,-1,400.000,-1,400.000,825.000,325.000,325.000,325.000,300.000,-1,325.000,500.000,-1,-1,-1,-1,-1,2,0,2,0,1,0,0,0,0,2,0,0,2,2,2,2,2
40,6116.264,-6154.231,-115.192,-18.582,0.944595,0.318656,-0.078735,-0.317652,0.947870,0.025308,0.082695,0.001105,0.996574,0,1.00000,0.38040,60.000,0.761,-1,400.000,-1,400.000,800.000,325.000,325.000,325.000,300.000,-1,375.000,575.000,-1,-1,-1,-1,-1,2,0,2,0,1,0,0,0,0,2,0,0,2,2,2,2,2
41,6173.453,-6172.380,-110.576,-17.607,0.949990,0.302478,-0.077625,-0.301296,0.953154,0.026796,0.082094,-0.002068,0.996622,0,1.00000,0.48757,60.000,0.975,-1,400.000,-1,400.000,775.000,325.000,325.000,325.000,300.000,-1,450.000,675.000,-1,-1,-1,-1,-1,2,0,2,0,1,0,0,0,0,2,0,0,2,2,2,2,2
42,6230.943,-6189.551,-105.933,-16.629,0.955128,0.286163,-0.076434,-0.284827,0.958168,0.028074,0.081270,-0.005044,0.996679,0,1.00000,0.48899,60.000,0.978,-1,-1,-1,400.000,-1,325.000,325.000,325.000,300.000,-1,550.000,800.000,-1,-1,-1,-1,-1,2,2,2,0,2,0,0,0,0,2,0,0,2,2,2,2,2
43,6288.719,-6205.734,-101.264,-15.648,0.960002,0.269717,-0.075157,-0.268251,0.962908,0.029161,0.080234,-0.007834,0.996745,0,1.00000,0.49033,60.000,0.981,-1,-1,-1,400.000,-1,-1,325.000,325.000,300.000,-1,650.000,925.000,-1,-1,-1,-1,-1,2,2,2,0,2,2,0,0,0,2,0,0,2,2,2,2,2
44,6346.764,-6220.924,-96.573,-14.665,0.964609,0.253149,-0.073793,-0.251573,0.967371,0.030078,0.078999,-0.010449,0.996820,0,1.00000,0.49160,60.000,0.983,-1,-1,-1,-1,-1,-1,-1,325.000,300.000,-1,775.000,-1,-1,-1,-1,-1,-1,2,2,2,2,2,2,2,0,0,2,0,2,2,2,2,2,2
45,6405.062,-6235.113,-91.862,-13.679,0.968944,0.236464,-0.072341,-0.234798,0.971555,0.030845,0.077577,-0.012901,0.996903,0,1.00000,0.49283,60.000,0.986,-1,-1,-1,-1,-1,-1,-1,325.000,300.000,-1,950.000,-1,-1,-1,-1,-1,-1,2,2,2,2,2,2,2,0,0,2,0,2,2,2,2,2,2
46,6463.596,-6248.294,-87.135,-12.691,0.973002,0.219669,-0.070802,-0.217932,0.975456,0.031484,0.075980,-0.015204,0.996993,0,1.00000,0.49401,60.000,0.988,-1,-1,-1,-1,-1,-1,-1,300.000,300.000,-1,-1,-1,-1,-1,-1,-1,-1,2,2,2,2,2,2,2,0,0,2,2,2,2,2,2,2,2
47,6522.349,-6260.462,-83.128,-11.701,0.977003,0.202758,-0.065988,-0.200850,0.979016,0.034441,0.071586,-0.020396,0.997226,0,1.00000,0.49516,60.000,0.990,-1,-1,-1,-1,-1,-1,-1,300.000,300.000,-1,-1,-1,-1,-1,-1,-1,-1,2,2,2,2,2,2,2,0,0,2,2,2,2,2,2,2,2
48,6581.302,-6271.602,-83.721,-10.708,0.981685,0.185623,-0.042877,-0.183285,0.981617,0.053248,0.051973,-0.044415,0.997660,0,1.00000,0.49629,60.000,0.993,-1,-1,-1,-1,-1,-1,-1,250.000,325.000,-1,-1,-1,-1,-1,-1,-1,-1,2,2,2,2,2,2,2,0,0,2,2,2,2,2,2,2,2
49,6640.440,-6281.721,-91.396,-9.713,0.985671,0.168563,-0.006278,-0.168122,0.984756,0.044618,0.013704,-0.042924,0.998984,0,1.00000,0.49744,60.000,0.995,-1,-1,-1,-1,-1,-1,-1,225.000,275.000,-1,-1,-1,-1,-1,-1,-1,-1,2,2,2,2,2,2,2,0,0,2,2,2,2,2,2,2,2
50,1639.710,-6230.849,-9.707,39.095,0.611539,-0.588015,0.529395,0.690097,0.723686,0.006644,-0.387022,0.361271,0.848349,1,0.00000,0.00000,60.000,0.997,-1,325.000,450.000,175.000,25.000,250.000,175.000,-1,200.000,300.000,100.000,200.000,-1,475.000,225.000,750.000,50.000,2,0,0,0,0,0,0,2,0,1,1,1,2,0,0,0,0
51,-332.574,8856.429,75.151,163.708,-0.959653,-0.280500,0.019637,0.280742,-0.959722,0.010824,0.015810,0.015900,0.999749,1,0.08000,0.12000,4.800,0.240,-1,425.000,-1,375.000,-1,325.000,325.000,300.000,300.000,-1,-1,-1,-1,850.000,650.000,-1,-1,2,0,2,0,2,0,0,0,0,2,2,2,2,0,0,2,2
52,-341.811,8859.045,75.329,164.188,-0.961972,-0.272453,0.019460,0.272683,-0.962048,0.010326,0.015909,0.015239,0.999757,0,0.16000,0.24000,9.600,0.480,-1,425.000,-1,375.000,-1,325.000,325.000,300.000,300.000,-1,-1,-1,-1,850.000,650.000,-1,-1,2,0,2,0,2,0,0,0,0,2,2,2,2,0,0,2,2
53,-355.714,8862.795,75.599,164.908,-0.965324,-0.260346,0.019201,0.260560,-0.965410,0.009585,0.016042,0.014255,0.999770,0,0.24000,0.36000,14.400,0.720,-1,425.000,-1,375.000,-1,325.000,325.000,300.000,300.000,-1,-1,-1,-1,850.000,650.000,-1,-1,2,0,2,0,2,0,0,0,0,2,2,2,2,0,0,2,2
54,-374.333,8867.483,75.967,165.868,-0.969557,-0.244139,0.018866,0.244331,-0.969654,0.008608,0.016192,0.012956,0.999785,0,0.32000,0.48000,19.200,0.960,-1,425.000,-1,375.000,-1,325.000,325.000,300.000,300.000,-1,-1,-1,-1,850.000,650.000,-1,-1,2,0,2,0,2,0,0,0,0,2,2,2,2,0,0,2,2
55,-397.713,8872.904,76.437,166.945,-0.973984,-0.225864,0.018450,0.226030,-0.974092,0.007404,0.016300,0.011382,0.999802,0,0.40000,0.53880,24.000,1.078,-1,425.000,-1,375.000,-1,325.000,325.000,275.000,300.000,-1,-1,-1,-1,850.000,650.000,-1,-1,2,0,2,0,2,0,0,0,0,2,2,2,2,0,0,2,2
56,-425.886,8878.881,77.016,168.023,-0.978068,-0.207509,0.017950,0.207644,-0.978186,0.005981,0.016318,0.009577,0.999821,0,0.48000,0.53880,28.800,1.078,-1,425.000,-1,375.000,-1,325.000,325.000,275.000,300.000,-1,-1,-1,-1,850.000,675.000,-1,-1,2,0,2,0,2,0,0,0,0,2,2,2,2,0,0,2,2
57,-458.879,8885.235,77.707,169.101,-0.981808,-0.189079,0.017369,0.189180,-0.981933,0.004346,0.016233,0.007552,0.999840,0,0.56000,0.53880,33.600,1.078,-1,425.000,-1,375.000,-1,325.000,325.000,275.000,300.000,-1,-1,-1,-1,850.000,675.000,-1,-1,2,0,2,0,2,0,0,0,0,2,2,2,2,0,0,2,2
58,-496.717,8891.785,78.517,170.178,-0.985202,-0.170581,0.016707,0.170646,-0.985329,0.002505,0.016034,0.005319,0.999857,0,0.64000,0.53880,38.400,1.078,-1,425.000,-1,375.000,-1,325.000,325.000,275.000,300.000,-1,-1,-1,-1,850.000,675.000,-1,-1,2,0,2,0,2,0,0,0,0,2,2,2,2,0,0,2,2
59,-539.414,8898.353,79.448,171.256,-0.988248,-0.152022,0.015965,0.152049,-0.988373,0.000470,0.015708,0.002892,0.999872,0,0.72000,0.53880,43.200,1.078,-1,425.000,-1,375.000,-1,325.000,325.000,275.000,300.000,-1,-1,-1,-1,850.000,675.000,-1,-1,2,0,2,0,2,0,0,0,0,2,2,2,2,0,0,2,2
60,-586.985,8904.757,80.504,172.333,-0.990946,-0.133408,0.015143,0.133396,-0.991061,-0.001750,0.015242,0.000286,0.999884,0,0.80000,0.53880,48.000,1.078,-1,425.000,-1,375.000,-1,325.000,325.000,275.000,300.000,-1,-1,-1,-1,850.000,675.000,-1,-1,2,0,2,0,2,0,0,0,0,2,2,2,2,0,0,2,2
61,-635.910,8910.408,81.497,173.411,-0.993288,-0.114745,0.014580,0.114692,-0.993391,-0.004453,0.014994,-0.002751,0.999884,0,0.82084,0.53880,49.250,1.078,-1,425.000,-1,375.000,-1,325.000,325.000,275.000,300.000,-1,-1,-1,-1,850.000,700.000,-1,-1,2,0,2,0,2,0,0,0,0,2,2,2,2,0,0,2,2
62,-684.933,8915.138,82.327,174.489,-0.995274,-0.096041,0.014376,0.095941,-0.995359,-0.007501,0.015030,-0.006087,0.999869,0,0.82084,0.53880,49.250,1.078,-1,425.000,-1,375.000,-1,325.000,325.000,275.000,300.000,-1,-1,-1,-1,850.000,700.000,-1,-1,2,0,2,0,2,0,0,0,0,2,2,2,2,0,0,2,2
63,-734.036,8918.945,82.889,175.566,-0.996909,-0.077303,0.014041,0.077175,-0.996973,-0.009431,0.014728,-0.008318,0.999857,0,0.82084,0.53880,49.250,1.078,-1,425.000,-1,375.000,-1,325.000,325.000,275.000,275.000,-1,-1,-1,-1,850.000,700.000,-1,-1,2,0,2,0,2,0,0,0,0,2,2,2,2,0,0,2,2
64,-783.202,8921.828,83.462,176.644,-0.998192,-0.058539,0.013668,0.058386,-0.998230,-0.011311,0.014306,-0.010493,0.999843,0,0.82084,0.53880,49.250,1.078,-1,425.000,-1,375.000,-1,325.000,325.000,275.000,275.000,-1,-1,-1,-1,850.000,725.000,-1,-1,2,0,2,0,2,0,0,0,0,2,2,2,2,0,0,2,2
65,-827.619,8923.557,83.978,177.771,-0.999155,-0.038897,0.013308,0.038725,-0.999166,-0.012955,0.013800,-0.012429,0.999828,0,0.74084,0.56338,44.450,1.127,-1,425.000,-1,375.000,-1,325.000,325.000,275.000,275.000,-1,-1,-1,-1,850.000,725.000,-1,-1,2,0,2,0,2,0,0,0,0,2,2,2,2,0,0,2,2
66,-867.262,8924.320,84.433,178.897,-0.999731,-0.019241,0.012963,0.019054,-0.999715,-0.014385,0.013237,-0.014134,0.999812,0,0.66084,0.56338,39.650,1.127,-1,425.000,-1,375.000,-1,325.000,325.000,275.000,275.000,-1,-1,-1,-1,850.000,725.000,-1,-1,2,0,2,0,2,0,0,0,0,2,2,2,2,0,0,2,2
67,-902.112,8924.305,84.825,180.024,-0.999920,0.000422,0.012644,-0.000619,-0.999878,-0.015616,0.012636,-0.015622,0.999798,0,0.58084,0.56338,34.850,1.127,-1,425.000,-1,375.000,-1,325.000,325.000,275.000,275.000,-1,-1,-1,-1,850.000,725.000,-1,-1,2,0,2,0,2,0,0,0,0,2,2,2,2,0,0,2,2
68,-932.156,8923.701,85.152,181.151,-0.999722,0.020083,0.012358,-0.020288,-0.999655,-0.016659,0.012019,-0.016905,0.999785,0,0.50084,0.56338,30.050,1.127,-1,425.000,-1,375.000,-1,325.000,325.000,275.000,275.000,-1,-1,-1,-1,850.000,750.000,-1,-1,2,0,2,0,2,0,0,0,0,2,2,2,2,0,0,2,2
69,-957.387,8922.697,85.415,182.278,-0.999137,0.039736,0.012114,-0.039945,-0.999048,-0.017527,0.011406,-0.017995,0.999773,0,0.42084,0.56338,25.250,1.127,-1,400.000,-1,400.000,-1,325.000,325.000,275.000,275.000,-1,-1,-1,-1,850.000,750.000,-1,-1,2,0,2,0,2,0,0,0,0,2,2,2,2,0,0,2,2
70,-977.801,8921.483,85.615,183.404,-0.998165,0.059373,0.011920,-0.059585,-0.998057,-0.018228,0.010815,-0.018904,0.999763,0,0.34084,0.56338,20.450,1.127,-1,400.000,-1,400.000,-1,325.000,325.000,275.000,275.000,-1,-1,-1,-1,850.000,750.000,-1,-1,2,0,2,0,2,0,0,0,0,2,2,2,2,0,0,2,2
71,-993.402,8920.246,85.755,184.531,-0.996806,0.078987,0.011786,-0.079199,-0.996682,-0.018771,0.010264,-0.019644,0.999754,0,0.26084,0.56338,15.650,1.127,-1,400.000,-1,400.000,-1,325.000,325.000,275.000,275.000,-1,-1,-1,-1,850.000,750.000,-1,-1,2,0,2,0,2,0,0,0,0,2,2,2,2,0,0,2,2
72,-1004.200,8919.176,85.838,185.658,-0.995061,0.098570,0.011720,-0.098782,-0.994925,-0.019165,0.009771,-0.020228,0.999748,0,0.18084,0.56338,10.850,1.127,-1,400.000,-1,400.000,-1,325.000,325.000,275.000,275.000,-1,-1,-1,-1,850.000,750.000,-1,-1,2,0,2,0,2,0,0,0,0,2,2,2,2,0,0,2,2
73,-1010.208,8918.461,85.867,186.785,-0.992931,0.118114,0.011731,-0.118326,-0.992785,-0.019418,0.009353,-0.020668,0.999743,0,0.10084,0.56338,6.050,1.127,-1,400.000,-1,400.000,-1,325.000,325.000,275.000,275.000,-1,-1,-1,-1,850.000,750.000,-1,-1,2,0,2,0,2,0,0,0,0,2,2,2,2,0,0,2,2
74,-1011.446,8918.289,85.846,187.912,-0.990415,0.137613,0.011829,-0.137825,-0.990264,-0.019539,0.009025,-0.020982,0.999739,0,0.02084,0.56338,1.250,1.127,-1,400.000,-1,400.000,-1,325.000,325.000,275.000,275.000,-1,-1,-1,-1,850.000,775.000,-1,-1,2,0,2,0,2,0,0,0,0,2,2,2,2,0,0,2,2
75,-1007.941,8918.847,85.776,189.038,-0.987516,0.157059,0.012023,-0.157272,-0.987362,-0.019538,0.008803,-0.021185,0.999737,0,-0.05916,0.56338,-3.550,1.127,-1,400.000,-1,400.000,-1,325.000,325.000,275.000,275.000,-1,-1,-1,-1,875.000,775.000,-1,-1,2,0,2,0,2,0,0,0,0,2,2,2,2,0,0,2,2
76,-999.722,8920.320,85.660,190.165,-0.984234,0.176444,0.012326,-0.176660,-0.984080,-0.019425,0.008702,-0.021296,0.999735,0,-0.13916,0.56338,-8.350,1.127,-1,400.000,-1,400.000,-1,325.000,325.000,275.000,275.000,-1,-1,-1,-1,875.000,775.000,-1,-1,2,0,2,0,2,0,0,0,0,2,2,2,2,0,0,2,2
77,-989.458,8922.370,85.524,191.292,-0.980570,0.195761,0.012690,-0.195980,-0.980418,-0.019271,0.008669,-0.021384,0.999734,0,-0.17444,0.56338,-10.466,1.127,-1,400.000,-1,400.000,-1,325.000,325.000,275.000,275.000,-1,-1,-1,-1,875.000,775.000,-1,-1,2,0,2,0,2,0,0,0,0,2,2,2,2,0,0,2,2
78,-979.237,8924.620,85.388,192.419,-0.976526,0.215002,0.013076,-0.215225,-0.976377,-0.019125,0.008655,-0.021490,0.999732,0,-0.17444,0.56338,-10.466,1.127,-1,400.000,-1,400.000,-1,325.000,325.000,275.000,275.000,-1,-1,-1,-1,875.000,775.000,-1,-1,2,0,2,0,2,0,0,0,0,2,2,2,2,0,0,2,2
79,-969.062,8927.072,85.251,193.545,-0.972105,0.234160,0.013482,-0.234388,-0.971958,-0.018986,0.008659,-0.021616,0.999729,0,-0.17444,0.56338,-10.466,1.127,-1,400.000,-1,400.000,-1,325.000,325.000,275.000,275.000,-1,-1,-1,-1,875.000,775.000,-1,-1,2,0,2,0,2,0,0,0,0,2,2,2,2,0,0,2,2
80,-958.937,8929.723,85.114,194.672,-0.967307,0.253227,0.013910,-0.253460,-0.967162,-0.018854,0.008679,-0.021764,0.999725,0,-0.17444,0.56338,-10.466,1.127,-1,400.000,-1,400.000,-1,325.000,325.000,275.000,275.000,-1,-1,-1,-1,875.000,800.000,-1,-1,2,0,2,0,2,0,0,0,0,2,2,2,2,0,0,2,2
81,-948.866,8932.572,84.977,195.799,-0.962135,0.272195,0.014360,-0.272434,-0.961992,-0.018731,0.008716,-0.021934,0.999721,0,-0.17444,0.56338,-10.466,1.127,-1,400.000,-1,400.000,-1,325.000,325.000,275.000,275.000,-1,-1,-1,-1,875.000,800.000,-1,-1,2,0,2,0,2,0,0,0,0,2,2,2,2,0,0,2,2
82,-943.452,8934.244,84.874,197.166,-0.955365,0.295062,0.014738,-0.295305,-0.955220,-0.018687,0.008565,-0.022205,0.999717,0,-0.09444,0.68338,-5.666,1.367,-1,400.000,-1,400.000,-1,325.000,325.000,275.000,275.000,-1,-1,-1,-1,875.000,800.000,-1,-1,2,0,2,0,2,0,0,0,0,2,2,2,2,0,0,2,2
83,-942.632,8934.523,84.804,198.772,-0.946713,0.321727,0.015032,-0.321974,-0.946564,-0.018701,0.008212,-0.022545,0.999712,0,-0.01444,0.80338,-0.866,1.607,-1,400.000,-1,400.000,-1,325.000,325.000,275.000,275.000,-1,-1,-1,-1,875.000,800.000,-1,-1,2,0,2,0,2,0,0,0,0,2,2,2,2,0,0,2,2
84,-946.313,8933.138,84.764,200.619,-0.935853,0.352062,0.015224,-0.352308,-0.935696,-0.018751,0.007644,-0.022912,0.999708,0,0.06556,0.92338,3.934,1.847,-1,400.000,-1,400.000,-1,325.000,325.000,275.000,275.000,-1,-1,-1,-1,875.000,825.000,-1,-1,2,0,2,0,2,0,0,0,0,2,2,2,2,0,0,2,2
85,-954.375,8929.779,84.750,202.619,-0.922999,0.384500,0.015275,-0.384742,-0.922833,-0.018811,0.006864,-0.023239,0.999706,0,0.14556,1.00000,8.734,2.000,-1,400.000,-1,425.000,-1,325.000,325.000,275.000,275.000,-1,-1,-1,-1,850.000,825.000,-1,-1,2,0,2,0,2,0,0,0,0,2,2,2,2,0,0,2,2
86,-966.678,8924.141,84.763,204.619,-0.909024,0.416470,0.015132,-0.416703,-0.908847,-0.018859,0.005899,-0.023448,0.999708,0,0.22556,1.00000,13.534,2.000,-1,400.000,-1,425.000,-1,325.000,325.000,275.000,275.000,-1,-1,-1,-1,850.000,825.000,-1,-1,2,0,2,0,2,0,0,0,0,2,2,2,2,0,0,2,2
87,-983.069,8915.926,84.791,206.619,-0.893945,0.447934,0.014766,-0.448152,-0.893758,-0.018876,0.004742,-0.023491,0.999713,0,0.30556,1.00000,18.334,2.000,-1,400.000,-1,425.000,-1,325.000,325.000,275.000,275.000,-1,-1,-1,-1,825.000,825.000,-1,-1,2,0,2,0,2,0,0,0,0,2,2,2,2,0,0,2,2
88,-1003.376,8904.845,84.821,208.619,-0.877780,0.478855,0.014149,-0.479052,-0.877584,-0.018845,0.003393,-0.023320,0.999722,0,0.38556,1.00000,23.134,2.000,-1,400.000,-1,425.000,-1,325.000,325.000,275.000,275.000,-1,-1,-1,-1,800.000,825.000,-1,-1,2,0,2,0,2,0,0,0,0,2,2,2,2,0,0,2,2
89,-1027.415,8890.618,84.837,210.619,-0.860549,0.509195,0.013254,-0.509364,-0.860347,-0.018751,0.001855,-0.022888,0.999736,0,0.46556,1.00000,27.934,2.000,-1,400.000,-1,425.000,-1,325.000,325.000,275.000,275.000,-1,-1,-1,-1,800.000,850.000,-1,-1,2,0,2,0,2,0,0,0,0,2,2,2,2,0,0,2,2
90,-1054.985,8872.973,84.819,212.619,-0.842271,0.538920,0.012055,-0.539055,-0.842066,-0.018580,0.000137,-0.022148,0.999755,0,0.54556,1.00000,32.734,2.000,-1,400.000,-1,425.000,-1,325.000,325.000,275.000,275.000,-1,-1,-1,-1,775.000,850.000,-1,-1,2,0,2,0,2,0,0,0,0,2,2,2,2,0,0,2,2
91,-1083.072,8853.584,84.746,214.619,-0.822965,0.567991,0.010692,-0.568090,-0.822762,-0.018344,-0.001622,-0.021171,0.999775,0,0.56882,1.00000,34.129,2.000,-1,400.000,-1,400.000,-1,325.000,325.000,275.000,275.000,-1,-1,-1,-1,775.000,850.000,-1,-1,2,0,2,0,2,0,0,0,0,2,2,2,2,0,0,2,2
92,-1110.465,8833.226,84.723,216.619,-0.802648,0.596369,0.010020,-0.596447,-0.802451,-0.017977,-0.002681,-0.020406,0.999788,0,0.56882,1.00000,34.129,2.000,-1,400.000,-1,425.000,-1,325.000,325.000,275.000,275.000,-1,-1,-1,-1,750.000,850.000,-1,-1,2,0,2,0,2,0,0,0,0,2,2,2,2,0,0,2,2
93,-1137.130,8811.925,84.682,218.619,-0.781346,0.624021,0.009809,-0.624090,-0.781162,-0.017256,-0.003106,-0.019605,0.999803,0,0.56882,1.00000,34.129,2.000,-1,400.000,-1,425.000,-1,325.000,325.000,275.000,300.000,-1,-1,-1,-1,750.000,875.000,-1,-1,2,0,2,0,2,0,0,0,0,2,2,2,2,0,0,2,2
94,-1163.037,8789.706,84.580,220.619,-0.759093,0.650915,0.009368,-0.650973,-0.758923,-0.016462,-0.003606,-0.018595,0.999821,0,0.56882,1.00000,34.129,2.000,-1,400.000,-1,425.000,-1,325.000,325.000,275.000,300.000,-1,-1,-1,-1,725.000,900.000,-1,-1,2,0,2,0,2,0,0,0,0,2,2,2,2,0,0,2,2
95,-1188.151,8766.596,84.416,222.619,-0.735914,0.677019,0.008695,-0.677062,-0.735760,-0.015614,-0.004174,-0.017378,0.999840,0,0.56882,1.00000,34.129,2.000,-1,400.000,-1,425.000,-1,325.000,350.000,275.000,300.000,-1,-1,-1,-1,725.000,900.000,-1,-1,2,0,2,0,2,0,0,0,0,2,2,2,2,0,0,2,2
96,-1212.445,8742.624,84.193,224.619,-0.711837,0.702301,0.007793,-0.702328,-0.711701,-0.014731,-0.004799,-0.015959,0.999861,0,0.56882,1.00000,34.129,2.000,-1,400.000,-1,425.000,-1,325.000,350.000,275.000,300.000,-1,-1,-1,-1,725.000,925.000,-1,-1,2,0,2,0,2,0,0,0,0,2,2,2,2,0,0,2,2
97,-1235.886,8717.819,83.913,226.619,-0.686892,0.726729,0.006668,-0.726739,-0.686774,-0.013829,-0.005471,-0.014345,0.999882,0,0.56882,1.00000,34.129,2.000,-1,400.000,-1,425.000,-1,325.000,350.000,275.000,300.000,-1,-1,-1,-1,700.000,900.000,-1,-1,2,0,2,0,2,0,0,0,0,2,2,2,2,0,0,2,2
98,-1258.448,8692.211,83.576,228.619,-0.661107,0.750273,0.005313,-0.750266,-0.661009,-0.012926,-0.006186,-0.012532,0.999902,0,0.56882,1.00000,34.129,2.000,-1,400.000,-1,425.000,-1,325.000,350.000,275.000,300.000,-1,-1,-1,-1,700.000,875.000,-1,-1,2,0,2,0,2,0,0,0,0,2,2,2,2,0,0,2,2
99,-1280.102,8665.831,83.193,230.619,-0.634514,0.772902,0.003773,-0.772881,-0.634437,-0.012039,-0.006911,-0.010555,0.999920,0,0.56882,1.00000,34.129,2.000,-1,375.000,-1,425.000,-1,325.000,350.000,275.000,300.000,-1,-1,-1,-1,675.000,850.000,-1,-1,2,0,2,0,2,0,0,0,0,2,2,2,2,0,0,2,2
100,-1300.823,8638.712,82.767,232.619,-0.607144,0.794589,0.002058,-0.794555,-0.607089,-0.011177,-0.007632,-0.008421,0.999935,0,0.56882,1.00000,34.129,2.000,1000.000,375.000,-1,425.000,-1,325.000,350.000,275.000,300.000,-1,-1,-1,-1,675.000,850.000,-1,-1,0,0,2,0,2,0,0,0,0,2,2,2,2,0,0,2,2
101,-1319.858,8612.144,82.408,234.379,-0.582439,0.812874,0.000124,-0.812835,-0.582409,-0.009987,-0.008046,-0.005918,0.999950,0,0.54472,0.88000,32.683,1.760,975.000,375.000,-1,425.000,-1,325.000,325.000,275.000,300.000,-1,-1,-1,-1,675.000,825.000,-1,-1,0,0,2,0,2,0,0,0,0,2,2,2,2,0,0,2,2
102,-1338.183,8585.081,82.196,235.899,-0.560651,0.828049,-0.002261,-0.828015,-0.560650,-0.007986,-0.007880,-0.002605,0.999966,0,0.54472,0.76000,32.683,1.520,975.000,375.000,-1,425.000,-1,325.000,325.000,275.000,300.000,-1,-1,-1,-1,675.000,800.000,-1,-1,0,0,2,0,2,0,0,0,0,2,2,2,2,0,0,2,2
103,-1355.898,8557.614,81.957,237.179,-0.541993,0.840369,-0.004831,-0.840347,-0.542014,-0.006063,-0.007714,0.000773,0.999970,0,0.54472,0.64000,32.683,1.280,1000.000,375.000,-1,425.000,-1,325.000,325.000,275.000,300.000,-1,-1,925.000,-1,675.000,800.000,-1,-1,0,0,2,0,2,0,0,0,0,2,2,0,2,0,0,2,2
104,-1373.008,8529.767,81.693,238.432,-0.523464,0.852014,-0.007550,-0.852015,-0.523501,-0.004200,-0.007531,0.004234,0.999963,0,0.54472,0.62658,32.683,1.253,1000.000,375.000,-1,400.000,-1,325.000,325.000,275.000,275.000,-1,-1,600.000,-1,675.000,775.000,-1,-1,0,0,2,0,2,0,0,0,0,2,2,0,2,0,0,2,2
105,-1389.504,8501.553,81.394,239.685,-0.504685,0.863241,-0.010360,-0.863273,-0.504732,-0.002392,-0.007295,0.007736,0.999943,0,0.54472,0.62658,32.683,1.253,1000.000,375.000,-1,400.000,-1,325.000,325.000,300.000,275.000,-1,-1,550.000,-1,650.000,775.000,-1,-1,0,0,2,0,2,0,0,0,0,2,2,0,2,0,0,2,2
106,-1405.380,8472.984,81.061,240.939,-0.485666,0.874044,-0.013249,-0.874116,-0.485716,-0.000641,-0.006995,0.011270,0.999912,0,0.54472,0.62658,32.683,1.253,-1,375.000,-1,400.000,-1,300.000,325.000,300.000,275.000,-1,-1,550.000,-1,650.000,750.000,-1,-1,2,0,2,0,2,0,0,0,0,2,2,0,2,0,0,2,2
107,-1420.627,8444.075,80.830,242.192,-0.466413,0.884422,-0.015997,-0.884539,-0.466466,0.000488,-0.007031,0.014378,0.999872,0,0.54472,0.62658,32.683,1.253,-1,375.000,-1,400.000,-1,300.000,325.000,300.000,275.000,-1,-1,550.000,-1,650.000,725.000,-1,-1,2,0,2,0,2,0,0,0,0,2,2,0,2,0,0,2,2
108,-1435.294,8414.728,80.720,243.444,-0.446952,0.894366,-0.018541,-0.894527,-0.447014,0.000940,-0.007447,0.017006,0.999828,0,0.54680,0.62594,32.808,1.252,1000.000,375.000,-1,375.000,-1,300.000,325.000,300.000,275.000,-1,-1,575.000,-1,650.000,725.000,-1,-1,0,0,2,0,2,0,0,0,0,2,2,0,2,0,0,2,2
109,-1449.417,8384.859,80.622,244.693,-0.427325,0.903856,-0.020925,-0.904066,-0.427390,0.001488,-0.007598,0.019553,0.999780,0,0.55067,0.62457,33.040,1.249,1000.000,350.000,-1,375.000,-1,300.000,300.000,300.000,275.000,-1,-1,600.000,-1,650.000,700.000,-1,-1,0,0,2,0,2,0,0,0,0,2,2,0,2,0,0,2,2
110,-1462.981,8354.482,81.055,245.939,-0.407597,0.912926,-0.020761,-0.913142,-0.407631,0.002764,-0.005940,0.020084,0.999781,0,0.55446,0.62298,33.268,1.246,1000.000,350.000,-1,375.000,-1,300.000,300.000,300.000,275.000,-1,850.000,575.000,-1,650.000,700.000,-1,-1,0,0,2,0,2,0,0,0,0,2,0,0,2,0,0,2,2
111,-1475.968,8323.614,81.463,247.181,-0.387738,0.921538,-0.020662,-0.921760,-0.387738,0.004211,-0.004131,0.020678,0.999778,0,0.55815,0.62116,33.489,1.242,1000.000,375.000,-1,375.000,-1,300.000,300.000,300.000,300.000,-1,775.000,550.000,-1,650.000,725.000,-1,-1,0,0,2,0,2,0,0,0,0,2,0,0,2,0,0,2,2
112,-1488.364,8292.273,81.846,248.419,-0.367768,0.929689,-0.020639,-0.929915,-0.367728,0.005826,-0.002173,0.021335,0.999770,0,0.56173,0.61912,33.704,1.238,-1,375.000,-1,375.000,-1,300.000,325.000,300.000,300.000,-1,725.000,550.000,-1,650.000,700.000,-1,-1,2,0,2,0,2,0,0,0,0,2,0,0,2,0,0,2,2
113,-1500.155,8260.477,82.204,249.653,-0.347704,0.937376,-0.020701,-0.937604,-0.347621,0.007605,-0.000068,0.022054,0.999757,0,0.56519,0.61685,33.911,1.234,-1,375.000,-1,375.000,-1,300.000,325.000,300.000,300.000,-1,700.000,525.000,-1,650.000,700.000,-1,-1,2,0,2,0,2,0,0,0,0,2,0,0,2,0,0,2,2
114,-1511.327,8228.249,82.540,250.882,-0.327566,0.944598,-0.020857,-0.944826,-0.327435,0.009542,0.002184,0.022832,0.999737,0,0.56850,0.61435,34.110,1.229,-1,375.000,-1,375.000,-1,300.000,325.000,300.000,300.000,-1,675.000,500.000,-1,650.000,700.000,-1,-1,2,0,2,0,2,0,0,0,0,2,0,0,2,0,0,2,2
115,-1521.865,8195.609,82.852,252.105,-0.307375,0.951354,-0.021117,-0.951577,-0.307189,0.011633,0.004580,0.023670,0.999709,0,0.57165,0.61161,34.299,1.223,-1,375.000,-1,400.000,-1,300.000,325.000,300.000,325.000,-1,650.000,500.000,-1,650.000,700.000,-1,-1,2,0,2,0,2,0,0,0,0,2,0,0,2,0,0,2,2
116,-1531.759,8162.582,83.149,253.322,-0.287149,0.957645,-0.021477,-0.957860,-0.286903,0.013851,0.007102,0.024549,0.999673,0,0.57462,0.60865,34.477,1.217,-1,375.000,-1,400.000,-1,325.000,325.000,300.000,325.000,-1,625.000,475.000,-1,675.000,700.000,-1,-1,2,0,2,0,2,0,0,0,0,2,0,0,2,0,0,2,2
117,-1540.998,8129.194,83.431,254.533,-0.266908,0.963472,-0.021942,-0.963673,-0.266595,0.016189,0.009748,0.025466,0.999628,0,0.57739,0.60545,34.643,1.211,-1,375.000,-1,400.000,-1,325.000,325.000,300.000,325.000,-1,600.000,475.000,-1,675.000,700.000,-1,-1,2,0,2,0,2,0,0,0,0,2,0,0,2,0,0,2,2
118,-1549.570,8095.469,83.699,255.737,-0.246672,0.968837,-0.022521,-0.969018,-0.246285,0.018639,0.012512,0.026420,0.999573,0,0.57995,0.60203,34.797,1.204,-1,375.000,-1,400.000,-1,325.000,325.000,300.000,325.000,-1,575.000,425.000,-1,675.000,700.000,-1,-1,2,0,2,0,2,0,0,0,0,2,0,0,2,0,0,2,2
119,-1557.468,8061.436,83.956,256.934,-0.226459,0.973744,-0.023217,-0.973899,-0.225990,0.021193,0.015390,0.027410,0.999506,0,0.58229,0.59837,34.937,1.197,-1,375.000,-1,400.000,-1,325.000,325.000,300.000,325.000,-1,550.000,350.000,-1,675.000,700.000,-1,-1,2,0,2,0,2,0,0,0,0,2,0,0,2,0,0,2,2
120,-1564.684,8027.124,84.203,258.123,-0.206290,0.978196,-0.024038,-0.978318,-0.205730,0.023842,0.018377,0.028435,0.999427,0,0.58437,0.59450,35.062,1.189,-1,375.000,-1,400.000,-1,325.000,325.000,300.000,325.000,-1,475.000,300.000,-1,675.000,700.000,-1,-1,2,0,2,0,2,0,0,0,0,2,0,0,2,0,0,2,2
121,-1571.211,7992.564,84.441,259.304,-0.186183,0.982197,-0.024987,-0.982281,-0.185522,0.026577,0.021468,0.029492,0.999334,0,0.58619,0.59041,35.172,1.181,-1,375.000,-1,400.000,-1,325.000,325.000,300.000,325.000,-1,400.000,275.000,-1,700.000,725.000,-1,-1,2,0,2,0,2,0,0,0,0,2,0,0,2,0,0,2,2
122,-1577.045,7957.785,84.673,260.476,-0.166156,0.985755,-0.026068,-0.985791,-0.165385,0.029386,0.024656,0.030580,0.999228,0,0.58774,0.58610,35.264,1.172,-1,375.000,-1,400.000,-1,325.000,325.000,300.000,325.000,-1,325.000,250.000,-1,700.000,725.000,-1,-1,2,0,2,0,2,0,0,0,0,2,0,0,2,0,0,2,2
123,-1582.183,7922.821,84.900,261.639,-0.146228,0.988875,-0.027285,-0.988856,-0.145335,0.032259,0.027935,0.031698,0.999107,0,0.58899,0.58160,35.339,1.163,-1,375.000,-1,400.000,-1,325.000,325.000,300.000,300.000,-1,300.000,225.000,1000.000,700.000,725.000,-1,-1,2,0,2,0,2,0,0,0,0,2,0,0,0,0,0,2,2
124,-1586.622,7887.705,85.432,262.793,-0.126429,0.991523,-0.029975,-0.991508,-0.125383,0.034512,0.030461,0.034084,0.998955,0,0.58993,0.57690,35.396,1.154,-1,375.000,-1,400.000,-1,325.000,325.000,300.000,300.000,-1,300.000,225.000,975.000,700.000,725.000,-1,-1,2,0,2,0,2,0,0,0,0,2,0,0,0,0,0,2,2
125,-1590.364,7852.469,86.062,263.937,-0.106767,0.993741,-0.032854,-0.993736,-0.105553,0.036702,0.033005,0.036567,0.998786,0,0.59056,0.57202,35.433,1.144,-1,375.000,-1,400.000,-1,325.000,325.000,300.000,300.000,-1,275.000,225.000,950.000,725.000,725.000,-1,-1,2,0,2,0,2,0,0,0,0,2,0,0,0,0,0,2,2
126,-1593.410,7817.149,87.421,265.071,-0.087114,0.995640,-0.033362,-0.995613,-0.085867,0.037159,0.034132,0.036452,0.998752,0,0.59086,0.56697,35.451,1.134,-1,375.000,-1,400.000,-1,325.000,325.000,300.000,300.000,-1,300.000,250.000,1000.000,725.000,725.000,-1,-1,2,0,2,0,2,0,0,0,0,2,0,0,0,0,0,2,2
127,-1595.762,7781.778,88.843,266.194,-0.067609,0.997141,-0.033735,-0.997084,-0.066328,0.037743,0.035397,0.036189,0.998718,0,0.59082,0.56177,35.449,1.124,-1,375.000,-1,400.000,-1,325.000,325.000,300.000,300.000,-1,325.000,275.000,-1,725.000,725.000,-1,-1,2,0,2,0,2,0,0,0,0,2,0,0,2,0,0,2,2
128,-1597.427,7746.391,90.283,267.307,-0.048266,0.998250,-0.034161,-0.998161,-0.046950,0.038335,0.036664,0.035949,0.998681,0,0.59044,0.55643,35.426,1.113,-1,375.000,-1,400.000,-1,325.000,325.000,300.000,300.000,-1,350.000,300.000,-1,725.000,725.000,-1,-1,2,0,2,0,2,0,0,0,0,2,0,0,2,0,0,2,2
129,-1598.409,7711.022,91.738,268.409,-0.029097,0.998976,-0.034643,-0.998857,-0.027743,0.038931,0.037930,0.035737,0.998641,0,0.58972,0.55098,35.383,1.102,-1,375.000,-1,400.000,-1,325.000,325.000,300.000,300.000,-1,375.000,350.000,-1,725.000,750.000,-1,-1,2,0,2,0,2,0,0,0,0,2,0,0,2,0,0,2,2
130,-1598.717,7675.703,93.207,269.500,-0.010113,0.999330,-0.035186,-0.999181,-0.008720,0.039524,0.039191,0.035557,0.998599,0,0.58866,0.54543,35.320,1.091,-1,375.000,-1,400.000,-1,325.000,325.000,300.000,300.000,-1,400.000,375.000,-1,725.000,750.000,-1,-1,2,0,2,0,2,0,0,0,0,2,0,0,2,0,0,2,2
131,-1598.360,7640.469,94.689,270.580,0.008676,0.999322,-0.035792,-0.999144,0.010111,0.040111,0.040446,0.035413,0.998554,0,0.58727,0.53981,35.236,1.080,-1,375.000,-1,400.000,-1,325.000,325.000,300.000,300.000,-1,425.000,400.000,-1,725.000,750.000,-1,-1,2,0,2,0,2,0,0,0,0,2,0,0,2,0,0,2,2
132,-1597.369,7600.445,96.387,271.419,0.023268,0.999062,-0.036511,-0.998862,0.024753,0.040779,0.041644,0.035521,0.998501,0,0.66727,0.41981,40.036,0.840,-1,375.000,-1,400.000,-1,325.000,325.000,300.000,300.000,-1,450.000,425.000,-1,725.000,775.000,-1,-1,2,0,2,0,2,0,0,0,0,2,0,0,2,0,0,2,2
133,-1595.796,7555.850,98.291,272.019,0.033662,0.998736,-0.037337,-0.998517,0.035207,0.041526,0.042788,0.035883,0.998440,0,0.74371,0.29981,44.623,0.600,-1,375.000,-1,400.000,-1,325.000,325.000,300.000,300.000,-1,500.000,450.000,-1,750.000,775.000,-1,-1,2,0,2,0,2,0,0,0,0,2,0,0,2,0,0,2,2
134,-1593.949,7511.382,100.199,272.379,0.039867,0.998476,-0.038173,-0.998245,0.041474,0.042274,0.043793,0.036421,0.998377,0,0.74178,0.17981,44.507,0.360,-1,400.000,-1,400.000,-1,325.000,325.000,300.000,300.000,-1,525.000,500.000,-1,750.000,775.000,-1,-1,2,0,2,0,2,0,0,0,0,2,0,0,2,0,0,2,2
135,-1592.013,7467.032,102.107,272.498,0.041887,0.998361,-0.038997,-0.998124,0.043557,0.043028,0.044656,0.037122,0.998312,0,0.73987,0.05981,44.392,0.120,-1,400.000,-1,400.000,-1,325.000,325.000,300.000,300.000,-1,550.000,525.000,-1,750.000,800.000,-1,-1,2,0,2,0,2,0,0,0,0,2,0,0,2,0,0,2,2
136,-1590.176,7422.787,104.011,272.378,0.039723,0.998418,-0.039784,-0.998180,0.041458,0.043792,0.045372,0.037972,0.998248,0,0.73804,-0.06019,44.282,-0.120,-1,400.000,-1,400.000,-1,325.000,350.000,300.000,300.000,-1,600.000,550.000,-1,750.000,800.000,-1,-1,2,0,2,0,2,0,0,0,0,2,0,0,2,0,0,2,2
137,-1588.620,7378.634,105.906,272.017,0.033376,0.998622,-0.040507,-0.998387,0.035176,0.044571,0.045934,0.038954,0.998185,0,0.73635,-0.18019,44.181,-0.360,-1,400.000,-1,400.000,-1,325.000,350.000,300.000,300.000,-1,625.000,600.000,-1,775.000,800.000,-1,-1,2,0,2,0,2,0,0,0,0,2,0,0,2,0,0,2,2
