timestep,x_cm,y_cm,z_cm,yaw_deg,basis_xx,basis_xy,basis_xz,basis_yx,basis_yy,basis_yz,basis_zx,basis_zy,basis_zz,teleport_flag,throttle_cmd,steering_cmd,cmd_move_cm,cmd_turn_deg,lidar_cm_0,lidar_cm_1,lidar_cm_2,lidar_cm_3,lidar_cm_4,lidar_cm_5,lidar_cm_6,lidar_cm_7,lidar_cm_8,lidar_cm_9,lidar_cm_10,lidar_cm_11,lidar_cm_12,lidar_cm_13,lidar_cm_14,lidar_cm_15,lidar_cm_16,lidar_class_0,lidar_class_1,lidar_class_2,lidar_class_3,lidar_class_4,lidar_class_5,lidar_class_6,lidar_class_7,lidar_class_8,lidar_class_9,lidar_class_10,lidar_class_11,lidar_class_12,lidar_class_13,lidar_class_14,lidar_class_15,lidar_class_16
0,-3607.871,4258.764,-12.512,-92.903,-0.050285,0.998670,-0.011354,-0.998129,-0.050648,-0.034255,-0.034784,0.009610,0.999349,1,0.08000,-0.12000,4.800,-0.240,-1,400.000,-1,400.000,-1,325.000,325.000,300.000,300.000,-1,-1,-1,-1,775.000,775.000,-1,-1,2,0,2,0,2,0,0,0,0,2,2,2,2,0,0,2,2
1,-3608.437,4249.181,-12.849,-93.383,-0.058654,0.998214,-0.011380,-0.997670,-0.059012,-0.034243,-0.034853,0.009345,0.999349,0,0.16000,-0.24000,9.600,-0.480,-1,400.000,-1,400.000,-1,325.000,325.000,300.000,300.000,-1,-1,-1,-1,775.000,775.000,-1,-1,2,0,2,0,2,0,0,0,0,2,2,2,2,0,0,2,2
2,-3609.468,4234.818,-13.355,-94.103,-0.071199,0.997397,-0.011415,-0.996850,-0.071552,-0.034224,-0.034952,0.008942,0.999349,0,0.24000,-0.36000,14.400,-0.720,-1,400.000,-1,400.000,-1,325.000,325.000,300.000,300.000,-1,-1,-1,-1,775.000,775.000,-1,-1,2,0,2,0,2,0,0,0,0,2,2,2,2,0,0,2,2
3,-3611.162,4215.693,-14.032,-95.063,-0.087908,0.996063,-0.011455,-0.995511,-0.088253,-0.034198,-0.035074,0.008397,0.999349,0,0.32000,-0.48000,19.200,-0.960,-1,400.000,-1,400.000,-1,325.000,325.000,300.000,300.000,-1,-1,-1,-1,775.000,775.000,-1,-1,2,0,2,0,2,0,0,0,0,2,2,2,2,0,0,2,2
4,-3613.780,4191.836,-14.882,-96.263,-0.108760,0.994002,-0.011497,-0.993444,-0.109094,-0.034163,-0.035212,0.007706,0.999350,0,0.40000,-0.60000,24.000,-1.200,-1,400.000,-1,400.000,-1,325.000,325.000,300.000,300.000,-1,-1,-1,-1,775.000,775.000,-1,-1,2,0,2,0,2,0,0,0,0,2,2,2,2,0,0,2,2
5,-3617.549,4163.283,-15.905,-97.519,-0.130535,0.991377,-0.011527,-0.990814,-0.130857,-0.034122,-0.035336,0.006967,0.999351,0,0.48000,-0.62802,28.800,-1.256,-1,400.000,-1,400.000,-1,325.000,325.000,300.000,300.000,-1,-1,-1,-1,775.000,775.000,-1,-1,2,0,2,0,2,0,0,0,0,2,2,2,2,0,0,2,2
6,-3622.672,4130.076,-17.102,-98.770,-0.152151,0.988290,-0.011541,-0.987722,-0.152461,-0.034079,-0.035439,0.006215,0.999353,0,0.56000,-0.62523,33.600,-1.250,-1,400.000,-1,400.000,-1,325.000,325.000,300.000,300.000,-1,-1,-1,-1,775.000,775.000,-1,-1,2,0,2,0,2,0,0,0,0,2,2,2,2,0,0,2,2
7,-3629.349,4092.261,-18.472,-100.014,-0.173587,0.984751,-0.011545,-0.984178,-0.173885,-0.034032,-0.035521,0.005454,0.999354,0,0.64000,-0.62207,38.400,-1.244,-1,400.000,-1,400.000,-1,325.000,325.000,300.000,300.000,-1,-1,-1,-1,775.000,775.000,-1,-1,2,0,2,0,2,0,0,0,0,2,2,2,2,0,0,2,2
8,-3636.979,4053.909,-19.870,-101.251,-0.194820,0.980771,-0.011548,-0.980193,-0.195105,-0.033983,-0.035583,0.004699,0.999356,0,0.65174,-0.61854,39.104,-1.237,-1,400.000,-1,400.000,-1,325.000,325.000,300.000,300.000,-1,-1,-1,-1,775.000,775.000,-1,-1,2,0,2,0,2,0,0,0,0,2,2,2,2,0,0,2,2
9,-3645.438,4015.690,-21.272,-102.481,-0.215841,0.976360,-0.011556,-0.975778,-0.216114,-0.033929,-0.035624,0.003953,0.999357,0,0.65239,-0.61501,39.143,-1.230,-1,400.000,-1,400.000,-1,325.000,325.000,300.000,300.000,-1,-1,-1,-1,775.000,775.000,-1,-1,2,0,2,0,2,0,0,0,0,2,2,2,2,0,0,2,2
10,-3654.721,3977.625,-22.684,-103.704,-0.236646,0.971527,-0.011543,-0.970941,-0.236906,-0.033888,-0.035657,0.003188,0.999359,0,0.65301,-0.61153,39.181,-1.223,-1,400.000,-1,400.000,-1,325.000,325.000,300.000,300.000,-1,-1,-1,-1,775.000,775.000,-1,-1,2,0,2,0,2,0,0,0,0,2,2,2,2,0,0,2,2
11,-3664.818,3939.731,-24.116,-104.920,-0.257228,0.966282,-0.011483,-0.965690,-0.257474,-0.033919,-0.035731,0.002364,0.999359,0,0.65360,-0.60810,39.216,-1.216,-1,400.000,-1,400.000,-1,325.000,325.000,300.000,300.000,-1,-1,-1,-1,775.000,775.000,-1,-1,2,0,2,0,2,0,0,0,0,2,2,2,2,0,0,2,2
12,-3675.722,3902.026,-25.551,-106.130,-0.277581,0.960634,-0.011439,-0.960035,-0.277812,-0.033947,-0.035789,0.001558,0.999358,0,0.65418,-0.60472,39.251,-1.209,-1,400.000,-1,400.000,-1,325.000,325.000,300.000,300.000,-1,-1,-1,-1,775.000,775.000,-1,-1,2,0,2,0,2,0,0,0,0,2,2,2,2,0,0,2,2
13,-3687.425,3864.526,-26.980,-107.332,-0.297699,0.954592,-0.011400,-0.953987,-0.297916,-0.033992,-0.035845,0.000756,0.999357,0,0.65472,-0.60139,39.283,-1.203,-1,400.000,-1,400.000,-1,325.000,325.000,300.000,300.000,-1,-1,-1,-1,775.000,775.000,-1,-1,2,0,2,0,2,0,0,0,0,2,2,2,2,0,0,2,2
14,-3701.614,3822.789,-28.581,-108.775,-0.321656,0.946788,-0.011381,-0.946176,-0.321857,-0.034050,-0.035901,-0.000184,0.999355,0,0.73472,-0.72139,44.083,-1.443,-1,400.000,-1,400.000,-1,325.000,325.000,300.000,300.000,-1,-1,-1,-1,775.000,775.000,-1,-1,2,0,2,0,2,0,0,0,0,2,2,2,2,0,0,2,2
15,-3718.425,3777.724,-30.324,-110.458,-0.349337,0.936928,-0.011400,-0.936308,-0.349521,-0.034097,-0.035931,-0.001237,0.999354,0,0.80164,-0.84139,48.098,-1.683,-1,400.000,-1,400.000,-1,325.000,325.000,300.000,300.000,-1,-1,-1,-1,775.000,775.000,-1,-1,2,0,2,0,2,0,0,0,0,2,2,2,2,0,0,2,2
16,-3736.581,3733.146,-32.061,-112.161,-0.377043,0.926125,-0.011446,-0.925499,-0.377210,-0.034128,-0.035924,-0.002274,0.999352,0,0.80222,-0.85150,48.133,-1.703,-1,400.000,-1,400.000,-1,325.000,325.000,300.000,300.000,-1,-1,-1,-1,775.000,775.000,-1,-1,2,0,2,0,2,0,0,0,0,2,2,2,2,0,0,2,2
17,-3756.061,3689.097,-33.813,-113.857,-0.404303,0.914553,-0.011465,-0.913918,-0.404452,-0.034249,-0.035960,-0.003369,0.999348,0,0.80274,-0.84794,48.164,-1.696,-1,400.000,-1,400.000,-1,325.000,325.000,300.000,300.000,-1,-1,-1,-1,775.000,775.000,-1,-1,2,0,2,0,2,0,0,0,0,2,2,2,2,0,0,2,2
18,-3776.843,3645.617,-35.563,-115.546,-0.431101,0.902230,-0.011504,-0.901586,-0.431231,-0.034389,-0.035988,-0.004454,0.999342,0,0.80319,-0.84453,48.192,-1.689,-1,400.000,-1,400.000,-1,325.000,325.000,300.000,300.000,-1,-1,-1,-1,775.000,775.000,-1,-1,2,0,2,0,2,0,0,0,0,2,2,2,2,0,0,2,2
19,-3798.901,3602.756,-37.308,-117.232,-0.457474,0.889148,-0.011568,-0.888494,-0.457587,-0.034545,-0.036009,-0.005526,0.999336,0,0.80339,-0.84298,48.203,-1.686,-1,400.000,-1,400.000,-1,325.000,325.000,300.000,300.000,-1,-1,-1,-1,775.000,775.000,-1,-1,2,0,2,0,2,0,0,0,0,2,2,2,2,0,0,2,2
20,-3822.210,3560.563,-39.048,-118.918,-0.483450,0.875294,-0.011662,-0.874630,-0.483546,-0.034715,-0.036025,-0.006583,0.999329,0,0.80339,-0.84298,48.203,-1.686,-1,400.000,-1,400.000,-1,325.000,325.000,300.000,300.000,-1,-1,-1,-1,775.000,775.000,-1,-1,2,0,2,0,2,0,0,0,0,2,2,2,2,0,0,2,2
21,-3846.750,3519.074,-40.780,-120.604,-0.509006,0.860682,-0.011791,-0.860009,-0.509085,-0.034894,-0.036035,-0.007621,0.999321,0,0.80339,-0.84298,48.203,-1.686,-1,400.000,-1,400.000,-1,325.000,325.000,300.000,300.000,-1,-1,-1,-1,775.000,775.000,-1,-1,2,0,2,0,2,0,0,0,0,2,2,2,2,0,0,2,2
22,-3872.500,3478.325,-42.505,-122.290,-0.534119,0.845325,-0.011949,-0.844641,-0.534183,-0.035079,-0.036036,-0.008644,0.999313,0,0.80339,-0.84298,48.203,-1.686,-1,400.000,-1,400.000,-1,325.000,325.000,300.000,300.000,-1,-1,-1,-1,775.000,775.000,-1,-1,2,0,2,0,2,0,0,0,0,2,2,2,2,0,0,2,2
23,-3899.438,3438.351,-44.230,-123.976,-0.558775,0.829233,-0.011918,-0.828542,-0.558816,-0.035248,-0.035889,-0.009821,0.999308,0,0.80339,-0.84298,48.203,-1.686,-1,400.000,-1,400.000,-1,325.000,325.000,300.000,300.000,-1,-1,-1,-1,775.000,775.000,-1,-1,2,0,2,0,2,0,0,0,0,2,2,2,2,0,0,2,2
24,-3927.541,3399.187,-45.934,-125.662,-0.582947,0.812423,-0.011883,-0.811725,-0.582964,-0.035427,-0.035709,-0.011006,0.999302,0,0.80339,-0.84298,48.203,-1.686,-1,400.000,-1,400.000,-1,325.000,325.000,300.000,300.000,-1,-1,-1,-1,775.000,775.000,-1,-1,2,0,2,0,2,0,0,0,0,2,2,2,2,0,0,2,2
25,-3956.783,3360.866,-47.634,-127.348,-0.606613,0.794909,-0.011877,-0.794202,-0.606606,-0.035659,-0.035551,-0.012198,0.999293,0,0.80339,-0.84298,48.203,-1.686,-1,400.000,-1,400.000,-1,325.000,325.000,300.000,300.000,-1,-1,-1,-1,775.000,775.000,-1,-1,2,0,2,0,2,0,0,0,0,2,2,2,2,0,0,2,2
26,-3987.141,3323.423,-49.333,-129.034,-0.629752,0.776705,-0.011902,-0.775988,-0.629721,-0.035966,-0.035430,-0.013414,0.999282,0,0.80339,-0.84298,48.203,-1.686,-1,400.000,-1,400.000,-1,325.000,325.000,300.000,300.000,-1,-1,-1,-1,775.000,750.000,-1,-1,2,0,2,0,2,0,0,0,0,2,2,2,2,0,0,2,2
27,-4018.586,3286.889,-51.010,-130.720,-0.652343,0.757830,-0.011982,-0.757102,-0.652290,-0.036246,-0.035284,-0.014573,0.999271,0,0.80339,-0.84298,48.203,-1.686,-1,400.000,-1,400.000,-1,325.000,325.000,300.000,300.000,-1,-1,-1,-1,775.000,750.000,-1,-1,2,0,2,0,2,0,0,0,0,2,2,2,2,0,0,2,2
28,-4051.094,3251.296,-52.685,-132.406,-0.674369,0.738297,-0.012007,-0.737562,-0.674292,-0.036500,-0.035044,-0.015759,0.999262,0,0.80339,-0.84298,48.203,-1.686,-1,400.000,-1,400.000,-1,325.000,325.000,300.000,300.000,-1,-1,-1,-1,775.000,750.000,-1,-1,2,0,2,0,2,0,0,0,0,2,2,2,2,0,0,2,2
29,-4084.634,3216.674,-54.346,-134.092,-0.695810,0.718125,-0.012031,-0.717385,-0.695708,-0.036729,-0.034746,-0.016925,0.999253,0,0.80339,-0.84298,48.203,-1.686,-1,400.000,-1,400.000,-1,325.000,325.000,300.000,300.000,-1,-1,-1,-1,775.000,750.000,-1,-1,2,0,2,0,2,0,0,0,0,2,2,2,2,0,0,2,2
30,-4119.237,3183.003,-55.994,-135.782,-0.716704,0.697273,-0.012059,-0.696529,-0.716578,-0.036924,-0.034387,-0.018064,0.999245,0,0.80470,-0.84532,48.282,-1.691,-1,400.000,-1,400.000,-1,325.000,325.000,300.000,300.000,-1,-1,-1,-1,775.000,750.000,-1,-1,2,0,2,0,2,0,0,0,0,2,2,2,2,0,0,2,2
31,-4154.915,3150.287,-57.625,-137.480,-0.737056,0.675724,-0.012086,-0.674977,-0.736905,-0.037100,-0.033975,-0.019187,0.999238,0,0.80678,-0.84884,48.407,-1.698,-1,400.000,-1,400.000,-1,325.000,325.000,300.000,300.000,-1,-1,-1,-1,775.000,750.000,-1,-1,2,0,2,0,2,0,0,0,0,2,2,2,2,0,0,2,2
32,-4191.649,3118.561,-59.239,-139.185,-0.756839,0.653489,-0.012110,-0.652741,-0.756664,-0.037261,-0.033513,-0.020295,0.999232,0,0.80896,-0.85234,48.537,-1.705,-1,400.000,-1,400.000,-1,325.000,325.000,300.000,300.000,-1,-1,-1,-1,750.000,750.000,-1,-1,2,0,2,0,2,0,0,0,0,2,2,2,2,0,0,2,2
33,-4231.006,3086.837,-60.852,-141.129,-0.778586,0.627421,-0.012130,-0.626681,-0.778387,-0.037215,-0.032791,-0.021373,0.999234,0,0.84253,-0.97234,50.552,-1.945,-1,400.000,-1,400.000,-1,325.000,325.000,300.000,300.000,-1,-1,-1,-1,750.000,750.000,-1,-1,2,0,2,0,2,0,0,0,0,2,2,2,2,0,0,2,2
34,-4271.569,3056.413,-62.434,-143.129,-0.800013,0.599860,-0.012125,-0.599129,-0.799790,-0.037137,-0.031974,-0.022446,0.999237,0,0.84507,-1.00000,50.704,-2.000,-1,400.000,-1,400.000,-1,325.000,325.000,300.000,300.000,-1,-1,-1,-1,750.000,725.000,-1,-1,2,0,2,0,2,0,0,0,0,2,2,2,2,0,0,2,2
35,-4313.302,3027.331,-63.985,-145.129,-0.820466,0.571568,-0.012091,-0.570850,-0.820218,-0.037041,-0.031089,-0.023488,0.999241,0,0.84778,-1.00000,50.867,-2.000,-1,400.000,-1,400.000,-1,325.000,325.000,300.000,300.000,-1,-1,-1,-1,750.000,725.000,-1,-1,2,0,2,0,2,0,0,0,0,2,2,2,2,0,0,2,2
36,-4356.169,2999.630,-65.507,-147.129,-0.839917,0.542581,-0.012009,-0.541878,-0.839645,-0.036936,-0.030124,-0.024515,0.999245,0,0.85063,-1.00000,51.038,-2.000,-1,400.000,-1,400.000,-1,325.000,325.000,300.000,300.000,-1,-1,-1,-1,750.000,725.000,-1,-1,2,0,2,0,2,0,0,0,0,2,2,2,2,0,0,2,2
37,-4400.131,2973.350,-67.015,-149.129,-0.858347,0.512934,-0.011793,-0.512248,-0.858046,-0.036860,-0.029025,-0.025598,0.999251,0,0.85364,-1.00000,51.219,-2.000,-1,400.000,-1,400.000,-1,325.000,325.000,300.000,300.000,-1,-1,-1,-1,750.000,725.000,-1,-1,2,0,2,0,2,0,0,0,0,2,2,2,2,0,0,2,2
38,-4445.150,2948.527,-68.464,-151.129,-0.875730,0.482662,-0.011589,-0.481993,-0.875400,-0.036852,-0.027932,-0.026687,0.999254,0,0.85681,-1.00000,51.408,-2.000,-1,400.000,-1,375.000,-1,325.000,325.000,300.000,300.000,-1,-1,-1,-1,750.000,725.000,-1,-1,2,0,2,0,2,0,0,0,0,2,2,2,2,0,0,2,2
39,-4491.185,2925.202,-69.857,-153.129,-0.892045,0.451804,-0.011397,-0.451151,-0.891685,-0.036885,-0.026827,-0.027761,0.999255,0,0.86012,-1.00000,51.607,-2.000,-1,400.000,-1,375.000,-1,325.000,325.000,300.000,300.000,-1,-1,-1,-1,725.000,725.000,-1,-1,2,0,2,0,2,0,0,0,0,2,2,2,2,0,0,2,2
40,-4538.195,2903.410,-71.166,-155.129,-0.907274,0.420395,-0.011051,-0.419762,-0.906880,-0.036990,-0.025573,-0.028921,0.999255,0,0.86358,-1.00000,51.815,-2.000,-1,375.000,-1,375.000,-1,325.000,325.000,300.000,300.000,-1,-1,-1,-1,725.000,725.000,-1,-1,2,0,2,0,2,0,0,0,0,2,2,2,2,0,0,2,2
41,-4586.136,2883.187,-72.363,-157.129,-0.921400,0.388474,-0.010448,-0.387867,-0.920962,-0.037244,-0.024090,-0.030264,0.999252,0,0.86720,-1.00000,52.032,-2.000,-1,375.000,-1,375.000,-1,325.000,325.000,300.000,300.000,-1,-1,-1,-1,725.000,725.000,-1,-1,2,0,2,0,2,0,0,0,0,2,2,2,2,0,0,2,2
42,-4634.965,2864.569,-73.507,-159.129,-0.934403,0.356082,-0.009855,-0.355503,-0.933921,-0.037527,-0.022566,-0.031562,0.999247,0,0.87095,-1.00000,52.257,-2.000,-1,375.000,-1,375.000,-1,325.000,325.000,300.000,300.000,-1,-1,-1,-1,725.000,725.000,-1,-1,2,0,2,0,2,0,0,0,0,2,2,2,2,0,0,2,2
43,-4684.635,2847.591,-74.575,-161.129,-0.946264,0.323260,-0.009375,-0.322708,-0.945744,-0.037777,-0.021079,-0.032722,0.999242,0,0.87486,-1.00000,52.491,-2.000,-1,375.000,-1,375.000,-1,325.000,325.000,300.000,300.000,-1,-1,-1,-1,725.000,725.000,-1,-1,2,0,2,0,2,0,0,0,0,2,2,2,2,0,0,2,2
44,-4735.100,2832.287,-75.451,-163.129,-0.956971,0.290052,-0.008759,-0.289546,-0.956432,-0.037421,-0.019231,-0.033275,0.999261,0,0.87890,-1.00000,52.734,-2.000,-1,375.000,-1,375.000,-1,325.000,325.000,300.000,300.000,-1,-1,-1,-1,725.000,725.000,-1,-1,2,0,2,0,2,0,0,0,0,2,2,2,2,0,0,2,2
45,-4786.310,2818.689,-76.231,-165.129,-0.966513,0.256493,-0.008038,-0.256039,-0.965961,-0.036918,-0.017234,-0.033624,0.999286,0,0.88309,-1.00000,52.985,-2.000,-1,375.000,-1,375.000,-1,325.000,325.000,300.000,300.000,-1,-1,-1,-1,725.000,750.000,-1,-1,2,0,2,0,2,0,0,0,0,2,2,2,2,0,0,2,2
46,-4838.217,2806.829,-76.950,-167.129,-0.974877,0.222623,-0.007278,-0.222222,-0.974314,-0.036453,-0.015206,-0.033920,0.999309,0,0.88741,-1.00000,53.244,-2.000,-1,375.000,-1,375.000,-1,325.000,325.000,300.000,300.000,-1,-1,-1,-1,725.000,750.000,-1,-1,2,0,2,0,2,0,0,0,0,2,2,2,2,0,0,2,2
47,-4890.769,2796.737,-77.607,-169.129,-0.982055,0.188483,-0.006481,-0.188135,-0.981482,-0.036033,-0.013152,-0.034167,0.999330,0,0.89186,-1.00000,53.511,-2.000,-1,375.000,-1,400.000,-1,325.000,325.000,300.000,300.000,-1,-1,-1,-1,725.000,750.000,-1,-1,2,0,2,0,2,0,0,0,0,2,2,2,2,0,0,2,2
48,-4943.912,2788.443,-78.202,-171.129,-0.988037,0.154113,-0.005651,-0.153819,-0.987455,-0.035664,-0.011077,-0.034368,0.999348,0,0.89643,-1.00000,53.786,-2.000,-1,375.000,-1,400.000,-1,325.000,325.000,300.000,300.000,-1,-1,-1,-1,725.000,775.000,-1,-1,2,0,2,0,2,0,0,0,0,2,2,2,2,0,1,2,2
49,-4997.592,2781.975,-78.734,-173.129,-0.992816,0.119557,-0.004794,-0.119316,-0.992227,-0.035355,-0.008983,-0.034529,0.999363,0,0.90113,-1.00000,54.068,-2.000,-1,375.000,-1,400.000,-1,325.000,325.000,300.000,300.000,-1,-1,-1,-1,725.000,-1,-1,-1,2,0,2,0,2,0,0,0,0,2,2,2,2,0,2,2,2
50,-5051.752,2777.360,-79.202,-175.129,-0.996386,0.084856,-0.003914,-0.084667,-0.995790,-0.035113,-0.006877,-0.034655,0.999376,0,0.90594,-1.00000,54.357,-2.000,-1,400.000,-1,400.000,-1,325.000,325.000,300.000,300.000,-1,-1,-1,-1,750.000,-1,-1,-1,2,0,2,0,2,0,0,0,0,2,2,2,2,0,2,2,2
51,-5106.336,2774.623,-79.606,-177.129,-0.998742,0.050051,-0.003017,-0.049916,-0.998142,-0.034944,-0.004761,-0.034750,0.999385,0,0.91086,-1.00000,54.652,-2.000,-1,400.000,-1,400.000,-1,325.000,325.000,300.000,300.000,-1,-1,-1,-1,750.000,-1,-1,-1,2,0,2,0,2,0,0,0,0,2,2,2,2,0,2,2,2
52,-5156.182,2773.865,-79.913,-179.129,-0.999882,0.015186,-0.002186,-0.015101,-0.999278,-0.034877,-0.002714,-0.034840,0.999389,0,0.83086,-1.00000,49.852,-2.000,-1,400.000,-1,400.000,-1,325.000,325.000,300.000,300.000,-1,-1,-1,-1,750.000,-1,-1,-1,2,0,2,1,2,0,0,0,0,2,2,2,2,0,2,2,2
53,-5201.225,2774.754,-80.135,-181.129,-0.999805,-0.019697,-0.001428,0.019735,-0.999196,-0.034905,-0.000740,-0.034926,0.999390,0,0.75086,-1.00000,45.052,-2.000,-1,400.000,-1,425.000,-1,325.000,325.000,300.000,300.000,-1,-1,975.000,-1,750.000,-1,-1,-1,2,0,2,1,2,0,0,0,0,2,2,0,2,0,2,2,2
54,-5245.499,2777.174,-80.250,-183.129,-0.998510,-0.054557,-0.000857,0.054554,-0.997904,-0.034795,0.001043,-0.034790,0.999394,0,0.73900,-1.00000,44.340,-2.000,-1,400.000,-1,500.000,-1,325.000,325.000,300.000,300.000,-1,-1,975.000,-1,-1,-1,-1,-1,2,0,2,1,2,0,0,0,0,2,2,0,2,2,2,2,2
55,-5289.971,2781.167,-80.540,-185.129,-0.995998,-0.089355,-0.001745,0.089364,-0.995446,-0.033184,0.001228,-0.033207,0.999448,0,0.74417,-1.00000,44.650,-2.000,-1,400.000,-1,-1,-1,325.000,325.000,300.000,300.000,-1,-1,-1,-1,-1,-1,-1,-1,2,0,2,2,2,0,0,0,0,2,2,2,2,2,2,2,2
56,-5334.594,2786.750,-81.355,-187.129,-0.992267,-0.124056,-0.004082,0.124122,-0.991838,-0.029175,-0.000429,-0.029456,0.999566,0,0.74952,-1.00000,44.971,-2.000,-1,375.000,-1,-1,-1,325.000,325.000,300.000,300.000,-1,-1,-1,-1,-1,-1,-1,-1,2,0,2,2,2,0,0,0,0,2,2,2,2,2,2,2,2
57,-5379.324,2793.939,-82.371,-189.129,-0.987317,-0.158615,-0.006765,0.158733,-0.987030,-0.023980,-0.002874,-0.024750,0.999690,0,0.75505,-1.00000,45.303,-2.000,-1,375.000,-1,-1,-1,300.000,325.000,300.000,275.000,-1,-1,-1,-1,-1,-1,-1,-1,2,0,2,2,2,0,1,0,0,2,2,2,2,2,2,2,2
58,-5424.111,2802.751,-83.612,-191.129,-0.981153,-0.192990,-0.009734,0.193136,-0.981017,-0.017452,-0.006181,-0.019003,0.999800,0,0.76077,-1.00000,45.646,-2.000,-1,375.000,-1,-1,-1,300.000,325.000,325.000,275.000,-1,-1,-1,-1,-1,-1,-1,-1,2,0,2,2,2,0,1,0,0,2,2,2,2,2,2,2,2
59,-5468.908,2813.201,-85.103,-193.129,-0.973778,-0.227133,-0.012907,0.227261,-0.973788,-0.009448,-0.010423,-0.012134,0.999872,0,0.76666,-1.00000,46.000,-2.000,-1,350.000,-1,-1,-1,300.000,350.000,325.000,250.000,-1,-1,-1,-1,-1,-1,-1,-1,2,0,2,2,2,0,1,0,0,2,2,2,2,2,2,2,2
60,-5513.665,2825.303,-86.866,-195.129,-0.965204,-0.260997,-0.016185,0.261028,-0.965331,0.000171,-0.015669,-0.004060,0.999869,0,0.77273,-1.00000,46.364,-2.000,-1,350.000,-1,-1,-1,275.000,400.000,325.000,225.000,-1,-1,-1,-1,-1,-1,-1,-1,2,0,2,2,2,0,1,0,0,2,2,2,2,2,2,2,2
61,-5558.330,2839.069,-88.923,-197.129,-0.955446,-0.294526,-0.019449,0.294347,-0.955629,0.011534,-0.021983,0.005295,0.999744,0,0.77897,-1.00000,46.738,-2.000,-1,325.000,-1,-1,-1,275.000,-1,325.000,225.000,-1,-1,-1,-1,-1,-1,-1,-1,2,0,2,2,2,0,2,0,0,2,2,2,2,2,2,2,2
62,-5602.851,2854.511,-91.294,-199.129,-0.944526,-0.327660,-0.022559,0.327115,-0.944660,0.024759,-0.029423,0.016007,0.999439,0,0.78537,-1.00000,47.122,-2.000,-1,325.000,-1,-1,-1,275.000,-1,350.000,200.000,-1,-1,-1,-1,-1,-1,-1,-1,2,1,2,2,2,1,2,0,0,2,2,2,2,2,2,2,2
63,-5647.174,2871.638,-93.997,-201.129,-0.932480,-0.360332,-0.025358,0.359214,-0.932400,0.039952,-0.038040,0.028146,0.998880,0,0.79194,-1.00000,47.516,-2.000,-1,-1,-1,-1,-1,300.000,-1,350.000,175.000,-1,-1,-1,-1,-1,-1,-1,-1,2,2,2,2,2,1,2,0,0,2,2,2,2,2,2,2,2
64,-5691.244,2890.458,-97.051,-203.129,-0.919351,-0.392465,-0.027673,0.390516,-0.918817,0.057203,-0.047876,0.041783,0.997979,0,0.79865,-1.00000,47.919,-2.000,-1,-1,-1,-1,-1,-1,-1,375.000,150.000,-1,-1,-1,-1,-1,-1,-1,-1,2,2,2,2,2,2,2,0,1,2,2,2,2,2,2,2,2
65,-5735.003,2910.978,-100.471,-205.129,-0.905200,-0.423973,-0.029309,0.420875,-0.903880,0.076580,-0.058960,0.056985,0.996633,0,0.80550,-1.00000,48.330,-2.000,-1,-1,-1,-1,-1,-1,-1,375.000,150.000,-1,-1,-1,-1,-1,-1,-1,-1,2,2,2,2,2,2,2,0,1,2,2,2,2,2,2,2,2
66,-5778.394,2933.200,-104.277,-207.129,-0.890108,-0.454758,-0.030051,0.450141,-0.887553,0.098093,-0.071281,0.073786,0.994723,0,0.81247,-1.00000,48.748,-2.000,-1,-1,-1,-1,-1,-1,-1,400.000,150.000,-1,-1,-1,-1,-1,-1,-1,-1,2,2,2,2,2,2,2,0,1,2,2,2,2,2,2,2,2
67,-2951.727,-4263.574,-159.467,119.394,-0.487364,-0.869378,-0.081593,0.871788,-0.489758,0.011118,-0.049627,-0.065713,0.996604,1,0.00000,0.00000,49.172,-2.000,775.000,325.000,-1,350.000,-1,275.000,275.000,325.000,725.000,-1,-1,-1,-1,575.000,-1,775.000,-1,0,0,2,0,2,0,0,0,1,2,2,2,2,0,2,0,2
68,-2954.101,-4259.402,-159.408,119.634,-0.491032,-0.867288,-0.081849,0.869757,-0.493378,0.010042,-0.049091,-0.066258,0.996594,0,0.08000,0.12000,4.800,0.240,775.000,350.000,-1,350.000,-1,275.000,275.000,325.000,750.000,-1,-1,875.000,-1,575.000,-1,800.000,-1,0,0,2,0,2,0,0,0,1,2,2,0,2,0,2,0,2
69,-2958.918,-4251.099,-159.272,120.114,-0.498346,-0.863056,-0.082372,0.865652,-0.500586,0.007771,-0.047942,-0.067433,0.996571,0,0.16000,0.24000,9.600,0.480,800.000,350.000,-1,350.000,-1,275.000,300.000,300.000,775.000,-1,-1,775.000,-1,600.000,-1,800.000,-1,0,0,2,0,2,0,0,0,1,2,2,0,2,0,2,0,2
70,-2966.281,-4238.724,-159.063,120.747,-0.507951,-0.857370,-0.083076,0.860155,-0.510016,0.004280,-0.046040,-0.069284,0.996534,0,0.24000,0.31616,14.400,0.632,800.000,350.000,-1,-1,-1,300.000,300.000,300.000,800.000,-1,825.000,650.000,-1,600.000,-1,825.000,-1,0,0,2,2,2,0,0,0,1,2,0,0,2,0,2,0,2
71,-2976.279,-4222.334,-158.805,121.378,-0.517535,-0.851547,-0.083815,0.854569,-0.519338,-0.000345,-0.043234,-0.071804,0.996481,0,0.32000,0.31564,19.200,0.631,825.000,350.000,-1,-1,-1,300.000,300.000,300.000,825.000,-1,700.000,575.000,-1,600.000,-1,850.000,-1,0,0,2,2,2,0,0,0,1,2,0,0,2,0,2,0,2
72,-2989.002,-4201.984,-158.568,122.008,-0.527094,-0.845602,-0.084441,0.848879,-0.528556,-0.005816,-0.039714,-0.074745,0.996412,0,0.40000,0.31503,24.000,0.630,825.000,350.000,-1,-1,-1,300.000,300.000,300.000,875.000,-1,575.000,475.000,-1,600.000,-1,875.000,-1,0,0,2,2,2,0,0,0,1,2,0,0,2,0,2,0,2
73,-3004.533,-4177.732,-159.538,122.637,-0.536471,-0.839815,-0.083121,0.843016,-0.537845,-0.006779,-0.039013,-0.073709,0.996516,0,0.48000,0.31440,28.800,0.629,825.000,350.000,-1,-1,-1,300.000,300.000,300.000,1000.000,-1,575.000,475.000,-1,600.000,-1,875.000,-1,0,0,2,2,2,0,0,0,1,2,0,0,2,0,2,0,2
74,-3022.961,-4149.637,-160.677,123.264,-0.545794,-0.833945,-0.081508,0.837056,-0.547060,-0.007877,-0.038021,-0.072526,0.996642,0,0.56000,0.31382,33.600,0.628,825.000,350.000,-1,-1,-1,300.000,300.000,300.000,-1,-1,550.000,450.000,-1,600.000,-1,900.000,-1,0,0,2,2,2,0,0,0,2,2,0,0,2,0,2,0,2
75,-3044.369,-4117.759,-162.839,123.891,-0.555353,-0.828173,-0.075581,0.830910,-0.556327,-0.009443,-0.034227,-0.068045,0.997095,0,0.64000,0.31340,38.400,0.627,875.000,375.000,-1,-1,-1,300.000,375.000,300.000,-1,-1,450.000,325.000,-1,625.000,-1,950.000,-1,0,0,2,2,2,0,1,0,2,2,0,0,2,0,2,0,2
76,-3068.842,-4082.160,-166.094,124.518,-0.565092,-0.822467,-0.064949,0.824573,-0.565641,-0.011375,-0.027382,-0.059983,0.997824,0,0.72000,0.31323,43.200,0.626,1000.000,375.000,-1,975.000,-1,300.000,400.000,325.000,-1,-1,300.000,175.000,-1,650.000,-1,-1,-1,0,0,2,1,2,0,1,0,2,2,0,0,2,0,2,2,2
77,-3096.467,-4042.907,-169.257,125.145,-0.574616,-0.816569,-0.055060,0.818157,-0.574844,-0.013192,-0.020879,-0.052628,0.998396,0,0.80000,0.31342,48.000,0.627,-1,375.000,-1,900.000,-1,325.000,425.000,325.000,-1,-1,200.000,75.000,-1,650.000,-1,-1,-1,2,0,2,1,2,1,1,0,2,2,0,0,2,0,2,2,2
78,-3126.609,-4001.057,-174.658,125.773,-0.583735,-0.810781,-0.043437,0.811625,-0.584169,-0.003231,-0.022755,-0.037141,0.999051,0,0.85959,0.31411,51.576,0.628,-1,375.000,-1,775.000,-1,325.000,400.000,350.000,-1,-1,175.000,25.000,900.000,650.000,-1,-1,-1,2,0,2,1,2,1,1,1,2,2,0,1,1,0,2,2,2
79,-3156.820,-3960.069,-183.961,126.404,-0.592791,-0.804837,-0.028908,0.804392,-0.593456,0.027649,-0.039408,-0.006863,0.999200,0,0.84863,0.31539,50.918,0.631,-1,325.000,-1,600.000,-1,275.000,350.000,375.000,-1,-1,350.000,0.000,875.000,575.000,950.000,-1,-1,2,0,2,1,2,1,1,1,2,2,0,1,1,0,1,2,2
80,-3187.118,-3919.914,-191.501,127.038,-0.602205,-0.798120,-0.018821,0.796522,-0.602256,0.053288,-0.053865,0.017099,0.998402,0,0.83835,0.31719,50.301,0.634,-1,300.000,-1,500.000,-1,250.000,300.000,375.000,-1,-1,750.000,0.000,900.000,500.000,750.000,800.000,-1,2,0,2,1,2,1,1,1,2,2,0,0,1,0,1,0,2
81,-3217.518,-3880.553,-197.111,127.677,-0.611750,-0.790963,-0.011807,0.788335,-0.610817,0.073693,-0.065501,0.035774,0.997211,0,0.82888,0.31947,49.733,0.639,975.000,275.000,-1,400.000,-1,225.000,275.000,400.000,125.000,-1,-1,0.000,950.000,475.000,600.000,650.000,-1,0,0,2,1,2,1,1,0,0,2,2,0,1,0,1,0,2
82,-3248.041,-3841.939,-200.945,128.321,-0.621198,-0.783610,-0.008258,0.780073,-0.619331,0.088970,-0.074832,0.048826,0.996000,0,0.82031,0.32219,49.219,0.644,875.000,250.000,-1,350.000,-1,200.000,250.000,425.000,-1,-1,-1,0.000,1000.000,425.000,500.000,550.000,925.000,0,0,2,1,2,0,1,0,2,2,2,0,1,0,1,0,1
83,-3282.065,-3799.980,-203.191,129.036,-0.631284,-0.775505,-0.008560,0.771079,-0.628788,0.100314,-0.083177,0.056726,0.994919,0,0.90031,0.35711,54.019,0.714,750.000,250.000,-1,300.000,-1,200.000,200.000,425.000,-1,-1,-1,0.000,-1,400.000,425.000,475.000,750.000,0,0,2,1,2,0,1,0,2,2,2,0,2,0,1,0,1
84,-3318.468,-3755.836,-203.625,129.510,-0.637654,-0.770216,-0.012850,0.765030,-0.635137,0.106443,-0.090145,0.058043,0.994236,0,0.95361,0.23711,57.217,0.474,625.000,225.000,950.000,250.000,-1,175.000,200.000,425.000,-1,-1,-1,0.000,-1,375.000,350.000,400.000,625.000,0,0,1,1,2,0,1,0,2,2,2,0,2,0,1,0,1
85,-3354.735,-3712.217,-202.915,129.744,-0.640535,-0.767733,-0.017366,0.762249,-0.638380,0.106991,-0.093226,0.055295,0.994108,0,0.94543,0.11711,56.726,0.234,550.000,225.000,925.000,225.000,-1,175.000,175.000,425.000,-1,-1,-1,-1,-1,375.000,300.000,375.000,525.000,0,0,1,1,2,0,0,0,2,2,2,2,2,0,1,0,1
86,-3390.658,-3669.006,-202.818,129.738,-0.640464,-0.767840,-0.015105,0.762868,-0.638338,0.102748,-0.088537,0.054283,0.994593,0,0.93657,-0.00289,56.194,-0.006,600.000,225.000,1000.000,200.000,-1,175.000,175.000,425.000,-1,-1,-1,-1,-1,375.000,275.000,400.000,475.000,0,0,1,1,2,0,0,0,2,2,2,2,2,0,0,0,1
87,-2295.761,8855.113,175.326,1.414,0.998669,-0.024634,0.045317,0.021920,0.997992,0.059423,-0.046690,-0.058350,0.997204,1,0.00000,0.00000,55.635,-0.246,-1,-1,-1,250.000,-1,275.000,200.000,150.000,400.000,675.000,-1,-1,-1,-1,-1,-1,-1,2,2,2,0,2,1,0,1,0,1,2,2,2,2,2,2,2
88,-2290.963,8855.253,175.081,1.654,0.998518,-0.028811,0.046164,0.025954,0.997780,0.061332,-0.047829,-0.060043,0.997049,0,0.08000,0.12000,4.800,0.240,-1,-1,-1,250.000,-1,275.000,200.000,150.000,400.000,675.000,-1,-1,-1,-1,-1,-1,-1,2,2,2,0,2,1,0,1,0,1,2,2,2,2,2,2,2
89,-2281.369,8855.614,174.583,2.134,0.998163,-0.037161,0.047852,0.034001,0.997291,0.065234,-0.050146,-0.063487,0.996722,0,0.16000,0.24000,9.600,0.480,-1,-1,-1,250.000,-1,275.000,200.000,150.000,400.000,675.000,-1,-1,-1,-1,-1,-1,-1,2,2,2,0,2,1,0,1,0,1,2,2,2,2,2,2,2
90,-2266.988,8856.337,173.813,2.854,0.997495,-0.049672,0.050359,0.046018,0.996394,0.071290,-0.053718,-0.068794,0.996184,0,0.24000,0.36000,14.400,0.720,-1,-1,-1,225.000,-1,300.000,175.000,150.000,425.000,675.000,-1,-1,-1,-1,-1,-1,-1,2,2,2,0,2,1,0,1,0,1,2,2,2,2,2,2,2
91,-2247.831,8857.623,172.741,3.814,0.996355,-0.066324,0.053644,0.061933,0.994889,0.079749,-0.058659,-0.076136,0.995371,0,0.32000,0.48000,19.200,0.960,-1,-1,-1,225.000,-1,300.000,175.000,175.000,425.000,675.000,-1,-1,-1,-1,-1,-1,-1,2,2,2,0,2,1,0,1,0,1,2,2,2,2,2,2,2
92,-2223.924,8859.733,171.329,5.014,0.994533,-0.087076,0.057635,0.081628,0.992504,0.090953,-0.065123,-0.085751,0.994186,0,0.40000,0.60000,24.000,1.200,-1,-1,-1,225.000,-1,400.000,175.000,175.000,450.000,675.000,-1,-1,-1,-1,-1,-1,-1,2,2,2,0,2,1,0,1,0,1,2,2,2,2,2,2,2
93,-2195.308,8862.988,169.524,6.454,0.991774,-0.111864,0.062213,0.104930,0.988884,0.105347,-0.073306,-0.097953,0.992488,0,0.48000,0.72000,28.800,1.440,-1,-1,-1,200.000,-1,-1,150.000,175.000,475.000,700.000,0.000,-1,-1,-1,-1,-1,-1,2,2,2,0,2,2,0,1,0,1,0,2,2,2,2,2,2
94,-2162.050,8867.768,167.259,8.134,0.987787,-0.140579,0.067187,0.131582,0.983583,0.123491,-0.083445,-0.113142,0.990069,0,0.56000,0.84000,33.600,1.680,-1,-1,-1,175.000,-1,-1,150.000,175.000,500.000,700.000,0.000,-1,-1,-1,-1,-1,-1,2,2,2,0,2,2,1,1,0,1,0,2,2,2,2,2,2
95,-2124.247,8874.508,164.452,10.054,0.982258,-0.173052,0.072262,0.161214,0.976052,0.146055,-0.095807,-0.131814,0.986634,0,0.64000,0.96000,38.400,1.920,-1,-1,-1,150.000,-1,1000.000,150.000,175.000,550.000,700.000,0.000,-1,-1,-1,-1,-1,-1,2,2,2,0,2,1,1,1,0,1,0,2,2,2,2,2,2
96,984.030,983.670,120.314,-134.648,-0.709828,0.702282,-0.054262,-0.665232,-0.693713,-0.276095,-0.231539,-0.159883,0.959597,1,0.00000,0.00000,43.200,2.000,125.000,250.000,825.000,350.000,-1,225.000,275.000,225.000,-1,-1,225.000,75.000,275.000,350.000,575.000,125.000,-1,0,0,0,0,2,0,0,0,2,2,1,1,1,0,0,0,2
97,6883.951,-2955.147,295.698,-134.028,-0.694353,0.718969,0.030935,-0.718816,-0.694972,0.017804,0.034299,-0.009874,0.999363,1,0.08000,-0.12000,4.800,-0.240,-1,425.000,-1,425.000,-1,350.000,350.000,325.000,325.000,-1,-1,-1,-1,1000.000,-1,-1,-1,2,0,2,0,2,0,0,0,0,2,2,2,2,0,2,2,2
98,6877.221,-2961.993,295.960,-134.508,-0.700375,0.713123,0.030499,-0.712981,-0.700972,0.017232,0.033668,-0.009677,0.999386,0,0.16000,-0.24000,9.600,-0.480,-1,425.000,-1,425.000,-1,350.000,350.000,325.000,325.000,-1,-1,-1,-1,1000.000,-1,-1,-1,2,0,2,0,2,0,0,0,0,2,2,2,2,0,2,2,2
99,6867.041,-2972.178,296.369,-134.988,-0.706359,0.707226,0.029795,-0.707099,-0.706924,0.016410,0.032668,-0.009477,0.999421,0,0.24000,-0.24004,14.400,-0.480,-1,425.000,-1,425.000,-1,350.000,350.000,325.000,325.000,-1,-1,-1,-1,975.000,-1,-1,-1,2,0,2,0,2,0,0,0,0,2,2,2,2,0,2,2,2
100,6853.354,-2985.643,296.921,-135.468,-0.712304,0.701278,0.028828,-0.701172,-0.712827,0.015331,0.031300,-0.009293,0.999467,0,0.32000,-0.24007,19.200,-0.480,-1,425.000,-1,425.000,-1,350.000,350.000,325.000,325.000,-1,-1,-1,-1,975.000,-1,-1,-1,2,0,2,0,2,0,0,0,0,2,2,2,2,0,2,2,2
101,6836.105,-3002.330,297.578,-135.948,-0.718203,0.695278,0.027797,-0.695200,-0.718681,0.013962,0.029685,-0.009297,0.999516,0,0.40000,-0.24016,24.000,-0.480,-1,425.000,-1,425.000,-1,350.000,350.000,300.000,325.000,-1,-1,-1,-1,975.000,-1,-1,-1,2,0,2,0,2,0,0,0,0,2,2,2,2,0,2,2,2
102,6815.239,-3022.181,298.273,-136.429,-0.724062,0.689226,0.026475,-0.689166,-0.724490,0.012779,0.027989,-0.008993,0.999568,0,0.48000,-0.24035,28.800,-0.481,-1,425.000,-1,450.000,-1,325.000,350.000,300.000,325.000,-1,-1,-1,-1,975.000,-1,-1,-1,2,0,2,0,2,0,0,0,0,2,2,2,2,0,2,2,2
103,6790.702,-3045.134,298.971,-136.910,-0.729884,0.683120,0.024851,-0.683065,-0.730260,0.011947,0.026309,-0.008255,0.999620,0,0.56000,-0.24068,33.600,-0.481,-1,425.000,-1,450.000,-1,325.000,350.000,300.000,325.000,-1,-1,-1,-1,1000.000,-1,-1,-1,2,0,2,0,2,0,0,0,0,2,2,2,2,0,2,2,2
104,6762.439,-3071.130,299.757,-137.393,-0.735669,0.676951,0.022960,-0.676902,-0.735990,0.011038,0.024370,-0.007422,0.999675,0,0.64000,-0.24120,38.400,-0.482,-1,425.000,-1,450.000,-1,325.000,350.000,300.000,325.000,-1,-1,-1,-1,-1,-1,-1,-1,2,0,2,0,2,0,0,0,0,2,2,2,2,2,2,2,2
105,6730.398,-3100.105,300.629,-137.877,-0.741423,0.670715,0.020798,-0.670671,-0.741686,0.010051,0.022167,-0.006497,0.999733,0,0.72000,-0.24197,43.200,-0.484,-1,425.000,-1,450.000,-1,325.000,350.000,300.000,325.000,-1,-1,-1,-1,-1,-1,-1,-1,2,0,2,0,2,0,0,0,0,2,2,2,2,2,2,2,2
106,6696.593,-3130.157,301.528,-138.363,-0.747146,0.664403,0.018505,-0.664364,-0.747354,0.009037,0.019834,-0.005542,0.999788,0,0.75386,-0.24304,45.232,-0.486,-1,425.000,-1,450.000,-1,325.000,350.000,300.000,325.000,-1,-1,-1,-1,-1,-1,-1,-1,2,0,2,0,2,0,0,0,0,2,2,2,2,2,2,2,2
107,6662.585,-3159.875,302.410,-138.851,-0.752839,0.658006,0.016187,-0.657973,-0.752999,0.008038,0.017478,-0.004599,0.999837,0,0.75272,-0.24440,45.163,-0.489,-1,425.000,-1,450.000,-1,325.000,350.000,300.000,300.000,-1,-1,-1,-1,-1,-1,-1,-1,2,0,2,0,2,0,0,0,0,2,2,2,2,2,2,2,2
108,6628.369,-3189.261,303.128,-139.343,-0.758517,0.651520,0.013148,-0.651488,-0.758625,0.007185,0.014656,-0.003116,0.999888,0,0.75171,-0.24598,45.103,-0.492,-1,425.000,-1,475.000,-1,325.000,350.000,300.000,300.000,-1,-1,-1,-1,-1,-1,-1,-1,2,0,2,0,2,0,0,0,0,2,2,2,2,2,2,2,2
109,6593.940,-3218.316,303.259,-139.839,-0.764192,0.644937,0.008176,-0.644911,-0.764235,0.005907,0.010058,-0.000758,0.999949,0,0.75085,-0.24778,45.051,-0.496,-1,425.000,-1,450.000,-1,350.000,350.000,300.000,300.000,-1,-1,-1,-1,-1,-1,-1,-1,2,0,2,0,2,0,0,0,0,2,2,2,2,2,2,2,2
110,6559.291,-3247.043,303.358,-140.339,-0.769824,0.638249,0.003159,-0.638234,-0.769829,0.004625,0.005383,0.001544,0.999984,0,0.75015,-0.24980,45.009,-0.500,-1,425.000,-1,450.000,-1,350.000,350.000,300.000,300.000,-1,-1,-1,-1,-1,-1,-1,-1,2,0,2,0,2,0,0,0,0,2,2,2,2,2,2,2,2
111,6524.415,-3275.444,303.437,-140.843,-0.775416,0.631447,-0.001905,-0.631450,-0.775409,0.003394,0.000666,0.003835,0.999992,0,0.74962,-0.25204,44.977,-0.504,-1,425.000,-1,450.000,-1,350.000,350.000,300.000,300.000,-1,-1,-1,-1,-1,-1,-1,-1,2,0,2,0,2,0,0,0,0,2,2,2,2,2,2,2,2
112,6488.550,-3304.127,303.495,-141.348,-0.780934,0.624573,-0.007126,-0.624599,-0.780942,0.002192,-0.004196,0.006163,0.999972,0,0.76540,-0.25281,45.924,-0.506,-1,425.000,-1,450.000,-1,350.000,350.000,300.000,300.000,-1,-1,-1,-1,1000.000,-1,-1,-1,2,0,2,0,2,0,0,0,0,2,2,2,2,0,2,2,2
113,6456.315,-3329.664,303.376,-141.614,-0.783780,0.620940,-0.011067,-0.620986,-0.783821,0.000935,-0.008095,0.007605,0.999938,0,0.68540,-0.13281,41.124,-0.266,-1,425.000,-1,450.000,-1,350.000,350.000,300.000,300.000,-1,-1,-1,-1,1000.000,-1,-1,-1,2,0,2,0,2,0,0,0,0,2,2,2,2,0,2,2,2
114,6424.660,-3354.718,302.910,-141.640,-0.784018,0.620586,-0.013754,-0.620642,-0.784094,-0.000215,-0.010918,0.008368,0.999905,0,0.67283,-0.01281,40.370,-0.026,-1,425.000,-1,450.000,-1,350.000,350.000,325.000,300.000,-1,-1,-1,-1,975.000,-1,-1,-1,2,0,2,0,2,0,0,0,0,2,2,2,2,0,2,2,2
115,6393.135,-3379.861,302.328,-141.425,-0.781644,0.623509,-0.016419,-0.623580,-0.781759,-0.001028,-0.013476,0.009435,0.999865,0,0.67207,0.10719,40.324,0.214,-1,425.000,-1,450.000,-1,350.000,350.000,325.000,300.000,-1,-1,-1,-1,975.000,-1,-1,-1,2,0,2,0,2,0,0,0,0,2,2,2,2,0,2,2,2
116,6361.838,-3405.231,301.725,-140.971,-0.776619,0.629683,-0.019049,-0.629767,-0.776782,-0.001980,-0.016044,0.010459,0.999817,0,0.67146,0.22719,40.287,0.454,-1,425.000,-1,450.000,-1,350.000,350.000,325.000,300.000,-1,-1,-1,-1,975.000,-1,-1,-1,2,0,2,0,2,0,0,0,0,2,2,2,2,0,2,2,2
117,6330.874,-3430.960,301.103,-140.276,-0.768866,0.639044,-0.021628,-0.639138,-0.769085,-0.003103,-0.018617,0.011437,0.999761,0,0.67098,0.34719,40.259,0.694,-1,425.000,-1,450.000,-1,350.000,350.000,325.000,300.000,-1,-1,-1,-1,950.000,-1,-1,-1,2,0,2,0,2,0,0,0,0,2,2,2,2,0,2,2,2
118,6300.347,-3457.178,300.444,-139.342,-0.758270,0.651494,-0.024127,-0.651594,-0.758554,-0.004539,-0.021259,0.012280,0.999699,0,0.67066,0.46719,40.240,0.934,-1,425.000,-1,450.000,-1,350.000,350.000,325.000,300.000,-1,-1,-1,-1,950.000,-1,-1,-1,2,0,2,0,2,0,0,0,0,2,2,2,2,0,2,2,2
119,6270.372,-3484.009,299.518,-138.168,-0.744672,0.666906,-0.026441,-0.666972,-0.745045,-0.007528,-0.024720,0.012030,0.999622,0,0.67049,0.58719,40.229,1.174,-1,425.000,-1,450.000,-1,350.000,350.000,325.000,325.000,-1,-1,-1,-1,925.000,1000.000,-1,-1,2,0,2,0,2,0,0,0,0,2,2,2,2,0,0,2,2
120,6240.978,-3511.474,298.600,-136.943,-0.730164,0.682673,-0.028600,-0.682694,-0.730628,-0.010550,-0.028098,0.011822,0.999535,0,0.67047,0.61210,40.228,1.224,-1,425.000,-1,425.000,-1,350.000,350.000,325.000,325.000,-1,-1,-1,-1,900.000,1000.000,-1,-1,2,0,2,0,2,0,0,0,0,2,2,2,2,0,0,2,2
121,6212.177,-3539.561,297.686,-135.719,-0.715315,0.698131,-0.030609,-0.698096,-0.715875,-0.013598,-0.031406,0.011641,0.999439,0,0.67049,0.61220,40.229,1.224,-1,425.000,-1,425.000,-1,350.000,350.000,300.000,325.000,-1,-1,-1,-1,875.000,975.000,-1,-1,2,0,2,0,2,0,0,0,0,2,2,2,2,0,0,2,2
122,6183.982,-3568.258,296.667,-134.494,-0.700114,0.713269,-0.032985,-0.713175,-0.700789,-0.016614,-0.034965,0.011892,0.999318,0,0.67050,0.61230,40.230,1.225,-1,425.000,-1,425.000,-1,325.000,350.000,300.000,325.000,-1,-1,-1,-1,850.000,950.000,-1,-1,2,0,2,0,2,0,0,0,0,2,2,2,2,0,0,2,2
123,6156.406,-3597.552,295.009,-133.270,-0.684568,0.728060,-0.035977,-0.728006,-0.685359,-0.017029,-0.037055,0.014534,0.999208,0,0.67052,0.61241,40.231,1.225,-1,400.000,-1,425.000,-1,325.000,350.000,300.000,325.000,-1,-1,-1,-1,825.000,925.000,-1,-1,2,0,2,0,2,0,0,0,0,2,2,2,2,0,0,2,2
124,6129.463,-3627.430,293.337,-132.044,-0.668699,0.742514,-0.038921,-0.742511,-0.669608,-0.017392,-0.038976,0.017269,0.999091,0,0.67053,0.61252,40.232,1.225,-1,400.000,-1,425.000,-1,325.000,325.000,325.000,325.000,-1,-1,-1,-1,825.000,900.000,-1,-1,2,0,2,0,2,0,0,0,0,2,2,2,2,0,0,2,2
125,6103.164,-3657.877,291.685,-130.819,-0.652512,0.756625,-0.041793,-0.756677,-0.653544,-0.017863,-0.040830,0.019968,0.998967,0,0.67055,0.61263,40.233,1.225,-1,400.000,-1,425.000,-1,325.000,325.000,325.000,325.000,-1,-1,-1,-1,825.000,875.000,-1,-1,2,0,2,0,2,0,0,0,0,2,2,2,2,0,0,2,2
126,6077.521,-3688.881,290.013,-129.594,-0.636029,0.770388,-0.044376,-0.770495,-0.637179,-0.018441,-0.042483,0.022463,0.998845,0,0.67056,0.61275,40.234,1.225,-1,400.000,-1,425.000,-1,325.000,325.000,325.000,325.000,-1,-1,-1,-1,800.000,875.000,-1,-1,2,0,2,0,2,0,0,0,0,2,2,2,2,0,0,2,2
127,6049.421,-3724.072,288.043,-128.608,-0.622546,0.781199,-0.046531,-0.781341,-0.623807,-0.019275,-0.044084,0.024357,0.998731,0,0.75056,0.49275,45.034,0.985,-1,400.000,-1,425.000,-1,325.000,325.000,325.000,325.000,-1,-1,-1,-1,800.000,850.000,-1,-1,2,0,2,0,2,0,0,0,0,2,2,2,2,0,0,2,2
128,6020.696,-3761.021,285.995,-127.863,-0.612189,0.789217,-0.048600,-0.789385,-0.613565,-0.020235,-0.045789,0.025976,0.998613,0,0.78002,0.37275,46.801,0.745,-1,400.000,-1,400.000,-1,325.000,325.000,325.000,300.000,-1,-1,-1,-1,800.000,825.000,-1,-1,2,0,2,0,2,0,0,0,0,2,2,2,2,0,0,2,2
129,5992.313,-3798.202,283.943,-127.357,-0.605066,0.794571,-0.050520,-0.794756,-0.606557,-0.021245,-0.047523,0.027296,0.998497,0,0.77959,0.25275,46.775,0.505,-1,400.000,-1,400.000,-1,325.000,325.000,325.000,300.000,-1,-1,-1,-1,775.000,825.000,-1,-1,2,0,2,0,2,0,0,0,0,2,2,2,2,0,0,2,2
130,5964.140,-3835.497,281.874,-127.067,-0.600902,0.797606,-0.052351,-0.797801,-0.602510,-0.022271,-0.049305,0.028383,0.998380,0,0.77900,0.14498,46.740,0.290,-1,400.000,-1,400.000,-1,325.000,325.000,325.000,300.000,-1,-1,-1,-1,775.000,800.000,-1,-1,2,0,2,0,2,0,0,0,0,2,2,2,2,0,0,2,2
131,5936.182,-3872.900,279.743,-126.778,-0.596709,0.800608,-0.054445,-0.800824,-0.598449,-0.023228,-0.051179,0.029741,0.998247,0,0.77829,0.14473,46.697,0.289,-1,400.000,-1,400.000,-1,325.000,325.000,325.000,300.000,-1,-1,-1,-1,750.000,800.000,-1,-1,2,0,2,0,2,0,0,0,0,2,2,2,2,0,0,2,2
132,5908.438,-3910.410,277.617,-126.489,-0.592514,0.803581,-0.056439,-0.803819,-0.594384,-0.024141,-0.052945,0.031063,0.998114,0,0.77759,0.14433,46.655,0.289,-1,400.000,-1,400.000,-1,325.000,325.000,300.000,300.000,-1,-1,-1,-1,750.000,775.000,-1,-1,2,0,2,0,2,0,0,0,0,2,2,2,2,0,0,2,2
133,5880.905,-3948.026,275.494,-126.202,-0.588320,0.806521,-0.058333,-0.806782,-0.590320,-0.025018,-0.054613,0.032343,0.997984,0,0.77692,0.14379,46.615,0.288,-1,400.000,-1,400.000,-1,325.000,325.000,300.000,300.000,-1,-1,-1,-1,750.000,775.000,-1,-1,2,0,2,0,2,0,0,0,0,2,2,2,2,0,0,2,2
134,5853.584,-3985.748,273.373,-125.915,-0.584134,0.809427,-0.060128,-0.809711,-0.586259,-0.025860,-0.056182,0.033580,0.997856,0,0.77628,0.14311,46.577,0.286,-1,375.000,-1,400.000,-1,325.000,325.000,300.000,300.000,-1,-1,-1,-1,725.000,750.000,-1,-1,2,0,2,0,2,0,0,0,0,2,2,2,2,0,0,2,2
135,5826.472,-4023.576,271.183,-125.631,-0.579961,0.812288,-0.061917,-0.812617,-0.582203,-0.026339,-0.057443,0.035039,0.997734,0,0.77568,0.14228,46.541,0.285,-1,375.000,-1,400.000,-1,325.000,325.000,300.000,300.000,-1,-1,-1,-1,725.000,750.000,-1,-1,2,0,2,0,2,0,0,0,0,2,2,2,2,0,0,2,2
136,5799.565,-4061.509,268.532,-125.348,-0.575938,0.815134,-0.062061,-0.815493,-0.578178,-0.026100,-0.057157,0.035578,0.997731,0,0.77512,0.14131,46.507,0.283,-1,375.000,-1,400.000,-1,325.000,325.000,300.000,300.000,-1,-1,-1,-1,725.000,750.000,-1,-1,2,0,2,0,2,0,0,0,0,2,2,2,2,0,0,2,2
137,5772.862,-4099.550,265.895,-125.068,-0.571939,0.817940,-0.062122,-0.818326,-0.574172,-0.025852,-0.056814,0.036051,0.997734,0,0.77462,0.14020,46.477,0.280,-1,375.000,-1,400.000,-1,325.000,325.000,300.000,300.000,-1,-1,-1,-1,725.000,750.000,-1,-1,2,0,2,0,2,0,0,0,0,2,2,2,2,0,0,2,2
138,5746.359,-4137.698,263.286,-124.790,-0.567964,0.820702,-0.062161,-0.821115,-0.570189,-0.025596,-0.056450,0.036504,0.997738,0,0.77418,0.13896,46.451,0.278,-1,375.000,-1,400.000,-1,325.000,325.000,300.000,300.000,-1,-1,-1,-1,725.000,750.000,-1,-1,2,0,2,0,2,0,0,0,0,2,2,2,2,0,0,2,2
139,5720.052,-4175.954,260.739,-124.515,-0.564030,0.823422,-0.062018,-0.823855,-0.566234,-0.025321,-0.055967,0.036812,0.997754,0,0.77381,0.13758,46.428,0.275,-1,375.000,-1,400.000,-1,325.000,325.000,300.000,325.000,-1,-1,-1,-1,725.000,725.000,-1,-1,2,0,2,0,2,0,0,0,0,2,2,2,2,0,0,2,2
