timestep,x_cm,y_cm,z_cm,yaw_deg,basis_xx,basis_xy,basis_xz,basis_yx,basis_yy,basis_yz,basis_zx,basis_zy,basis_zz,teleport_flag,throttle_cmd,steering_cmd,cmd_move_cm,cmd_turn_deg,lidar_cm_0,lidar_cm_1,lidar_cm_2,lidar_cm_3,lidar_cm_4,lidar_cm_5,lidar_cm_6,lidar_cm_7,lidar_cm_8,lidar_cm_9,lidar_cm_10,lidar_cm_11,lidar_cm_12,lidar_cm_13,lidar_cm_14,lidar_cm_15,lidar_cm_16,lidar_class_0,lidar_class_1,lidar_class_2,lidar_class_3,lidar_class_4,lidar_class_5,lidar_class_6,lidar_class_7,lidar_class_8,lidar_class_9,lidar_class_10,lidar_class_11,lidar_class_12,lidar_class_13,lidar_class_14,lidar_class_15,lidar_class_16
0,-988.696,4263.373,-160.527,-177.780,-0.998741,0.038734,0.031888,-0.038542,-0.999235,0.006601,0.032119,0.005364,0.999470,1,0.08000,0.12000,4.800,0.240,925.000,400.000,-1,375.000,-1,325.000,325.000,300.000,300.000,925.000,600.000,625.000,-1,750.000,725.000,-1,-1,1,0,2,0,2,0,0,0,0,1,0,0,2,0,0,2,2
1,-998.285,4262.921,-160.221,-177.300,-0.998376,0.047104,0.032030,-0.046917,-0.998877,0.006543,0.032302,0.005030,0.999465,0,0.16000,0.24000,9.600,0.480,925.000,400.000,-1,375.000,-1,325.000,325.000,300.000,300.000,950.000,625.000,650.000,-1,750.000,725.000,-1,-1,1,0,2,0,2,0,0,0,0,1,0,0,2,0,0,2,2
2,-1012.660,4262.062,-159.763,-176.580,-0.997698,0.059652,0.032242,-0.059474,-0.998209,0.006463,0.032569,0.004531,0.999459,0,0.24000,0.36000,14.400,0.720,900.000,400.000,-1,375.000,-1,325.000,325.000,300.000,300.000,950.000,625.000,650.000,-1,750.000,725.000,-1,-1,1,0,2,0,2,0,0,0,0,1,0,0,2,0,0,2,2
3,-1031.804,4260.599,-159.152,-175.630,-0.996563,0.076189,0.032519,-0.076021,-0.997086,0.006370,0.032910,0.003875,0.999451,0,0.32000,0.47486,19.200,0.950,875.000,400.000,-1,375.000,-1,325.000,325.000,300.000,300.000,975.000,650.000,675.000,-1,750.000,725.000,-1,-1,1,0,2,0,2,0,0,0,0,1,0,0,2,0,0,2,2
4,-1055.700,4258.372,-158.387,-174.676,-0.995143,0.092790,0.032863,-0.092633,-0.995681,0.006266,0.033302,0.003192,0.999440,0,0.40000,0.47727,24.000,0.955,850.000,400.000,-1,375.000,-1,325.000,325.000,300.000,300.000,975.000,650.000,675.000,-1,750.000,725.000,-1,-1,1,0,2,0,2,0,0,0,0,1,0,0,2,0,0,2,2
5,-1084.327,4255.219,-157.467,-173.714,-0.993432,0.109485,0.033268,-0.109339,-0.993985,0.006159,0.033742,0.002481,0.999427,0,0.48000,0.48074,28.800,0.961,825.000,400.000,-1,375.000,-1,325.000,325.000,300.000,300.000,1000.000,675.000,700.000,-1,750.000,725.000,-1,-1,1,0,2,0,2,0,0,0,0,1,0,0,2,0,0,2,2
6,-1117.658,4250.975,-156.394,-172.744,-0.991418,0.126306,0.033733,-0.126173,-0.991990,0.006054,0.034227,0.001746,0.999413,0,0.56000,0.48528,33.600,0.971,800.000,400.000,-1,375.000,-1,325.000,325.000,300.000,300.000,-1,700.000,725.000,-1,750.000,725.000,-1,-1,1,0,2,0,2,0,0,0,0,2,0,0,2,0,0,2,2
7,-1155.662,4245.473,-155.170,-171.762,-0.989088,0.143285,0.034253,-0.143165,-0.989681,0.005957,0.034753,0.000989,0.999395,0,0.64000,0.49091,38.400,0.982,775.000,400.000,-1,375.000,-1,325.000,325.000,300.000,300.000,-1,725.000,750.000,-1,750.000,725.000,-1,-1,1,0,2,0,2,0,0,0,0,2,0,0,2,0,0,2,2
8,-1198.302,4238.541,-153.795,-170.767,-0.986429,0.160455,0.034825,-0.160348,-0.987043,0.005874,0.035316,0.000211,0.999376,0,0.72000,0.49765,43.200,0.995,725.000,400.000,-1,400.000,-1,325.000,325.000,300.000,300.000,-1,750.000,775.000,-1,750.000,725.000,975.000,-1,1,0,2,0,2,0,0,0,0,2,0,0,2,0,0,1,2
9,-1245.537,4230.005,-152.274,-169.756,-0.983419,0.177848,0.035443,-0.177754,-0.984058,0.005811,0.035912,-0.000585,0.999355,0,0.80000,0.50556,48.000,1.011,700.000,400.000,-1,400.000,-1,325.000,325.000,300.000,300.000,-1,775.000,800.000,-1,775.000,725.000,900.000,-1,1,0,2,0,2,0,0,0,0,2,0,0,2,0,0,1,2
10,-1297.318,4219.682,-150.459,-168.726,-0.980046,0.195498,0.035915,-0.195440,-0.980702,0.005173,0.036234,-0.001950,0.999341,0,0.88000,0.51471,52.800,1.029,650.000,400.000,-1,400.000,-1,325.000,325.000,300.000,300.000,-1,825.000,850.000,-1,775.000,750.000,850.000,-1,1,0,2,0,2,0,0,0,0,2,0,0,2,0,0,1,2
11,-1349.574,4208.266,-148.575,-167.676,-0.976276,0.213442,0.036451,-0.213426,-0.976949,0.004356,0.036541,-0.003527,0.999326,0,0.89146,0.52517,53.488,1.050,625.000,400.000,-1,400.000,-1,325.000,325.000,300.000,300.000,-1,850.000,900.000,-1,775.000,750.000,800.000,-1,1,0,2,0,2,0,0,0,0,2,0,0,2,0,0,1,2
12,-1402.133,4195.748,-146.564,-166.604,-0.972104,0.231679,0.036601,-0.231691,-0.972781,0.003977,0.036526,-0.004614,0.999322,0,0.90049,0.53594,54.029,1.072,575.000,400.000,-1,400.000,-1,325.000,325.000,300.000,300.000,-1,925.000,975.000,-1,775.000,750.000,725.000,-1,1,0,2,0,2,0,0,0,0,2,0,0,2,0,0,1,2
13,-1454.964,4182.095,-144.509,-165.510,-0.967494,0.250208,0.036760,-0.250241,-0.968176,0.003789,0.036539,-0.005534,0.999317,0,0.90946,0.54699,54.567,1.094,525.000,400.000,-1,400.000,-1,325.000,325.000,300.000,300.000,-1,975.000,-1,-1,775.000,750.000,675.000,-1,1,0,2,0,2,0,0,0,0,2,0,2,2,1,0,1,2
14,-1508.034,4167.271,-142.453,-164.393,-0.962425,0.269028,0.036905,-0.269081,-0.963111,0.003618,0.036516,-0.006449,0.999312,0,0.91835,0.55835,55.101,1.117,500.000,400.000,-1,400.000,-1,325.000,325.000,300.000,300.000,-1,-1,-1,-1,725.000,725.000,625.000,-1,1,0,2,0,2,0,0,0,0,2,2,2,2,1,0,1,2
15,-1562.716,4150.591,-140.344,-163.037,-0.955777,0.291753,0.037029,-0.291829,-0.956464,0.003459,0.036426,-0.007500,0.999308,0,0.95282,0.67835,57.169,1.357,450.000,400.000,-1,400.000,-1,325.000,325.000,300.000,300.000,-1,-1,-1,-1,675.000,725.000,550.000,-1,1,0,2,0,2,0,0,0,0,2,2,2,2,1,0,1,2
16,-1617.447,4132.214,-138.243,-161.440,-0.947266,0.318288,0.037138,-0.318389,-0.947954,0.003314,0.036260,-0.008685,0.999305,0,0.96224,0.79835,57.735,1.597,400.000,400.000,-1,400.000,-1,325.000,325.000,300.000,300.000,-1,-1,-1,-1,625.000,725.000,500.000,-1,1,0,2,0,2,0,0,0,0,2,2,2,2,1,0,1,2
17,-1672.125,4111.883,-136.117,-159.603,-0.936562,0.348503,0.037380,-0.348636,-0.937253,0.003094,0.036113,-0.010134,0.999296,0,0.97225,0.91835,58.335,1.837,375.000,400.000,-1,400.000,-1,325.000,325.000,300.000,300.000,-1,-1,-1,-1,575.000,725.000,425.000,-1,1,0,2,0,2,0,0,0,0,2,2,2,2,1,0,1,2
18,-1726.654,4089.411,-134.009,-157.603,-0.923813,0.380994,0.037598,-0.381160,-0.924504,0.002912,0.035869,-0.011641,0.999289,0,0.98297,1.00000,58.978,2.000,325.000,400.000,-1,400.000,-1,325.000,325.000,300.000,300.000,-1,-1,-1,-1,525.000,725.000,375.000,-1,1,0,2,0,2,0,0,0,0,2,2,2,2,1,0,1,2
19,-1780.982,4064.770,-131.924,-155.603,-0.909938,0.413019,0.037786,-0.413217,-0.910628,0.002774,0.035555,-0.013090,0.999282,0,0.99424,1.00000,59.655,2.000,275.000,400.000,-1,400.000,-1,325.000,325.000,300.000,300.000,-1,-1,-1,-1,475.000,725.000,325.000,-1,1,1,2,0,2,0,0,0,0,2,2,2,2,1,0,1,2
20,-1834.726,4038.095,-129.861,-153.603,-0.894956,0.444539,0.037923,-0.444769,-0.895642,0.002602,0.035122,-0.014538,0.999277,0,1.00000,1.00000,60.000,2.000,225.000,350.000,925.000,400.000,-1,325.000,325.000,300.000,300.000,-1,-1,-1,-1,425.000,725.000,250.000,-1,1,1,1,0,2,0,0,0,0,2,2,2,2,1,0,1,2
21,-1887.506,4009.560,-127.807,-151.603,-0.878887,0.475514,0.037987,-0.475781,-0.879561,0.002249,0.034481,-0.016097,0.999276,0,1.00000,1.00000,60.000,2.000,175.000,325.000,775.000,375.000,-1,325.000,325.000,300.000,300.000,-1,-1,-1,-1,375.000,725.000,200.000,-1,1,1,1,0,2,0,0,1,0,2,2,2,2,1,0,1,2
22,-1939.260,3979.201,-122.463,-149.603,-0.861575,0.505981,0.040884,-0.505655,-0.862533,0.018727,0.044740,-0.004538,0.998988,0,1.00000,1.00000,60.000,2.000,150.000,300.000,700.000,400.000,-1,325.000,350.000,300.000,300.000,-1,950.000,900.000,-1,350.000,800.000,175.000,-1,1,1,1,0,2,1,0,1,0,2,0,0,2,1,0,1,2
23,-1989.921,3947.049,-115.108,-147.603,-0.843262,0.535715,0.043788,-0.533947,-0.844255,0.046193,0.061715,0.015572,0.997972,0,1.00000,1.00000,60.000,2.000,150.000,275.000,625.000,450.000,-1,300.000,375.000,350.000,275.000,-1,475.000,325.000,-1,325.000,900.000,175.000,-1,1,1,1,0,2,1,0,1,0,2,0,0,2,1,0,1,2
24,-2039.425,3913.140,-106.905,-145.603,-0.824218,0.564478,0.045043,-0.560369,-0.824497,0.078687,0.081556,0.039615,0.995881,0,1.00000,1.00000,60.000,2.000,150.000,250.000,575.000,500.000,-1,275.000,400.000,400.000,275.000,-1,300.000,150.000,750.000,300.000,900.000,150.000,-1,1,1,1,0,2,1,1,1,0,2,0,0,0,1,1,1,2
25,-2087.707,3877.512,-97.843,-143.603,-0.804731,0.592011,0.043944,-0.584455,-0.803077,0.116102,0.104025,0.067748,0.992265,0,1.00000,1.00000,60.000,2.000,125.000,225.000,525.000,550.000,-1,250.000,350.000,500.000,250.000,-1,250.000,75.000,475.000,275.000,800.000,150.000,-1,1,1,1,1,2,1,1,1,0,2,0,0,0,1,1,1,2
26,-2134.705,3840.204,-87.913,-141.603,-0.785158,0.618003,0.039985,-0.605753,-0.779814,0.157965,0.128804,0.099806,0.986635,0,1.00000,1.00000,60.000,2.000,125.000,225.000,475.000,475.000,-1,225.000,325.000,725.000,225.000,-1,200.000,50.000,325.000,275.000,675.000,125.000,-1,1,1,1,1,2,1,1,0,0,2,0,0,0,1,1,1,2
27,-2180.355,3801.257,-77.206,-139.603,-0.765957,0.642061,0.032686,-0.623749,-0.754503,0.204114,0.155716,0.135954,0.978401,0,1.00000,1.00000,60.000,2.000,125.000,200.000,450.000,425.000,-1,225.000,300.000,975.000,225.000,-1,175.000,25.000,225.000,250.000,575.000,125.000,-1,1,1,1,1,2,1,1,0,0,2,0,0,0,1,1,1,2
28,-2224.596,3760.715,-65.763,-137.603,-0.747685,0.663706,0.021480,-0.637983,-0.726931,0.254065,0.184238,0.176257,0.966949,0,1.00000,1.00000,60.000,2.000,125.000,200.000,425.000,350.000,-1,200.000,275.000,-1,200.000,-1,175.000,0.000,150.000,250.000,475.000,125.000,-1,1,1,1,1,2,1,1,2,0,2,0,0,0,1,1,1,2
29,-8199.131,-8199.127,-173.309,42.863,0.714968,-0.678369,-0.169220,0.680030,0.730959,-0.057085,0.162418,-0.074261,0.983924,1,0.00000,0.00000,60.000,2.000,-1,400.000,-1,300.000,275.000,300.000,275.000,100.000,525.000,225.000,50.000,175.000,-1,725.000,700.000,-1,325.000,2,1,2,1,1,1,1,1,1,1,0,0,2,1,1,2,1
30,-8195.626,-8195.846,-172.702,43.103,0.711875,-0.681394,-0.170109,0.683034,0.728077,-0.058036,0.163398,-0.074876,0.983715,0,0.08000,0.12000,4.800,0.240,-1,400.000,-1,300.000,275.000,300.000,275.000,100.000,500.000,225.000,50.000,175.000,-1,725.000,725.000,-1,325.000,2,1,2,1,1,1,1,1,1,1,0,0,2,1,1,2,1
31,-8188.672,-8189.227,-171.499,43.583,0.705654,-0.687406,-0.171830,0.689002,0.722277,-0.059944,0.165314,-0.076092,0.983301,0,0.16000,0.24000,9.600,0.480,-1,400.000,-1,300.000,275.000,300.000,275.000,100.000,500.000,200.000,50.000,175.000,-1,750.000,775.000,-1,350.000,2,1,2,1,1,1,1,1,1,1,0,0,2,1,1,2,1
32,-8178.366,-8179.168,-169.720,44.303,0.696240,-0.696331,-0.174277,0.697851,0.713483,-0.062819,0.168087,-0.077882,0.982691,0,0.24000,0.36000,14.400,0.720,-1,400.000,-1,300.000,275.000,300.000,275.000,100.000,475.000,200.000,50.000,175.000,-1,775.000,850.000,-1,-1,2,1,2,1,1,1,1,1,1,1,0,0,2,1,1,2,2
33,-8164.798,-8165.581,-167.257,45.038,0.686325,-0.705323,-0.177417,0.706677,0.704395,-0.066597,0.171944,-0.079670,0.981880,0,0.32000,0.36737,19.200,0.735,-1,400.000,-1,300.000,275.000,325.000,275.000,100.000,450.000,175.000,50.000,175.000,-1,800.000,950.000,-1,-1,2,1,2,1,1,1,1,1,1,1,0,0,2,1,1,2,2
34,8988.160,88.304,182.437,22.080,0.919402,-0.375655,-0.116547,0.367458,0.926047,-0.086088,0.140267,0.036323,0.989447,1,0.00000,0.00000,24.000,0.717,-1,475.000,-1,525.000,-1,250.000,250.000,250.000,300.000,-1,150.000,125.000,375.000,-1,-1,-1,-1,2,1,2,1,2,1,1,1,1,2,0,0,1,2,2,2,2
35,8992.616,90.090,182.958,21.840,0.920890,-0.371766,-0.117270,0.363487,0.927596,-0.086275,0.140853,0.036824,0.989345,0,0.08000,-0.12000,4.800,-0.240,-1,525.000,-1,550.000,-1,250.000,250.000,250.000,300.000,-1,150.000,125.000,375.000,-1,-1,-1,-1,2,1,2,1,2,1,1,1,1,2,0,0,1,2,2,2,2
36,9001.555,93.592,183.997,21.385,0.923655,-0.364374,-0.118711,0.355938,0.930488,-0.086609,0.142017,0.037743,0.989144,0,0.16000,-0.22756,9.600,-0.455,-1,575.000,-1,575.000,-1,250.000,275.000,250.000,300.000,-1,150.000,125.000,375.000,-1,-1,-1,-1,2,1,2,1,2,1,1,1,1,2,0,0,1,2,2,2,2
37,9015.005,98.739,185.580,20.940,0.926194,-0.357133,-0.120916,0.348507,0.933264,-0.086958,0.143902,0.038400,0.988847,0,0.24000,-0.22232,14.400,-0.445,-1,650.000,-1,625.000,-1,225.000,275.000,250.000,300.000,-1,150.000,125.000,375.000,-1,-1,-1,-1,2,1,2,1,2,1,1,1,1,2,0,0,1,2,2,2,2
38,9032.989,105.466,187.695,20.507,0.928500,-0.350063,-0.123870,0.341230,0.935926,-0.087203,0.146460,0.038700,0.988459,0,0.32000,-0.21658,19.200,-0.433,-1,725.000,-1,675.000,-1,225.000,300.000,250.000,325.000,-1,150.000,125.000,375.000,-1,-1,-1,-1,2,1,2,1,2,1,1,1,1,2,0,0,1,2,2,2,2
39,9055.530,113.709,190.325,20.087,0.930564,-0.343191,-0.127558,0.334157,0.938476,-0.087188,0.149633,0.038510,0.987991,0,0.40000,-0.21015,24.000,-0.420,-1,800.000,-1,750.000,-1,250.000,350.000,250.000,325.000,-1,150.000,125.000,375.000,-1,-1,-1,-1,2,1,2,1,2,1,1,1,1,2,0,0,1,2,2,2,2
40,5575.373,-2951.701,-59.609,98.664,-0.147177,-0.985231,-0.087511,0.988268,-0.150124,0.028075,-0.040798,-0.082353,0.995768,1,0.00000,0.00000,28.800,-0.406,875.000,350.000,-1,375.000,-1,300.000,300.000,275.000,375.000,-1,-1,325.000,450.000,600.000,675.000,1000.000,-1,0,0,2,0,2,0,0,0,0,2,2,1,1,0,0,0,2
41,5574.671,-2946.952,-59.844,98.424,-0.143123,-0.985894,-0.086775,0.988894,-0.146002,0.027768,-0.040045,-0.081837,0.995841,0,0.08000,-0.12000,4.800,-0.240,900.000,350.000,-1,375.000,-1,300.000,300.000,275.000,375.000,-1,-1,350.000,450.000,600.000,675.000,-1,-1,0,0,2,0,2,0,0,0,0,2,2,1,1,0,0,2,2
42,5573.345,-2937.444,-60.307,97.944,-0.135002,-0.987164,-0.085334,0.990095,-0.137749,0.027147,-0.038553,-0.080824,0.995983,0,0.16000,-0.24000,9.600,-0.480,900.000,350.000,-1,375.000,-1,300.000,300.000,275.000,375.000,-1,-1,350.000,450.000,625.000,675.000,-1,-1,0,0,2,0,2,0,0,0,0,2,2,1,1,0,0,2,2
43,5571.537,-2923.157,-60.979,97.224,-0.122791,-0.988934,-0.083252,0.991767,-0.125348,0.026197,-0.036343,-0.079350,0.996184,0,0.24000,-0.36000,14.400,-0.720,950.000,350.000,-1,375.000,-1,300.000,300.000,275.000,375.000,-1,-1,375.000,450.000,625.000,675.000,-1,-1,0,0,2,0,2,0,0,0,0,2,2,1,1,0,0,2,2
44,5569.444,-2904.071,-61.837,96.264,-0.106461,-0.991043,-0.080620,0.993754,-0.108778,0.024901,-0.033448,-0.077465,0.996434,0,0.32000,-0.48000,19.200,-0.960,975.000,350.000,-1,375.000,-1,300.000,325.000,275.000,375.000,-1,-1,475.000,450.000,625.000,675.000,-1,-1,0,0,2,0,2,0,0,0,0,2,2,1,1,0,0,2,2
45,5567.329,-2880.164,-62.851,95.064,-0.085977,-0.993274,-0.077552,0.995848,-0.088014,0.023239,-0.029909,-0.075232,0.996717,0,0.40000,-0.60000,24.000,-1.200,-1,375.000,-1,375.000,-1,300.000,325.000,275.000,350.000,-1,-1,650.000,450.000,625.000,675.000,-1,-1,2,0,2,0,2,0,0,0,0,2,2,1,1,0,0,2,2
46,5565.512,-2851.421,-63.984,93.624,-0.061308,-0.995358,-0.074187,0.997786,-0.063037,0.021194,-0.025772,-0.072723,0.997019,0,0.48000,-0.72000,28.800,-1.440,-1,375.000,-1,375.000,-1,300.000,325.000,300.000,350.000,-1,-1,-1,475.000,650.000,675.000,-1,-1,2,0,2,0,2,0,0,0,0,2,2,2,1,0,0,2,2
47,5564.258,-2817.843,-65.206,92.144,-0.035916,-0.996852,-0.070689,0.999129,-0.037323,0.018683,-0.021263,-0.069956,0.997323,0,0.56000,-0.73979,33.600,-1.480,-1,375.000,-1,375.000,-1,300.000,325.000,300.000,350.000,-1,-1,-1,475.000,650.000,675.000,-1,-1,2,0,2,0,2,0,0,0,0,2,2,2,1,0,0,2,2
48,5563.811,-2779.445,-66.489,90.673,-0.010641,-0.997685,-0.067161,0.999808,-0.011721,0.015713,-0.016464,-0.066981,0.997618,0,0.64000,-0.73555,38.400,-1.471,-1,375.000,-1,375.000,-1,300.000,300.000,300.000,325.000,-1,-1,-1,475.000,650.000,700.000,-1,-1,2,0,2,0,2,0,0,0,0,2,2,2,1,0,0,2,2
49,5564.368,-2739.139,-67.718,89.212,0.014505,-0.997851,-0.063901,0.999827,0.013730,0.012557,-0.011653,-0.064072,0.997877,0,0.67183,-0.73071,40.310,-1.461,-1,375.000,-1,375.000,-1,300.000,300.000,300.000,325.000,-1,-1,-1,500.000,675.000,700.000,-1,-1,2,0,2,0,2,0,0,0,0,2,2,2,1,0,0,2,2
50,5565.955,-2698.654,-68.840,87.760,0.039506,-0.997354,-0.061028,0.999195,0.039005,0.009372,-0.006967,-0.061349,0.998092,0,0.67525,-0.72565,40.515,-1.451,-1,375.000,-1,375.000,-1,300.000,300.000,300.000,325.000,-1,-1,-1,500.000,675.000,700.000,-1,-1,2,0,2,0,2,0,0,0,0,2,2,2,1,0,0,2,2
51,5568.571,-2658.017,-69.862,86.319,0.064337,-0.996212,-0.058503,0.997925,0.064086,0.006156,-0.002383,-0.058778,0.998268,0,0.67869,-0.72057,40.721,-1.441,-1,375.000,-1,375.000,-1,325.000,300.000,300.000,300.000,-1,-1,-1,525.000,700.000,700.000,-1,-1,2,0,2,0,2,0,0,0,0,2,2,2,1,0,0,2,2
52,5572.221,-2617.250,-70.591,84.888,0.088977,-0.994487,-0.055477,0.996031,0.088960,0.002788,0.002163,-0.055505,0.998456,0,0.68215,-0.71547,40.929,-1.431,-1,375.000,-1,375.000,-1,325.000,300.000,300.000,300.000,-1,950.000,-1,525.000,700.000,700.000,-1,-1,2,0,2,0,2,0,0,0,0,2,0,2,1,0,0,2,2
53,5576.902,-2576.378,-70.352,83.468,0.113501,-0.992017,-0.054957,0.993526,0.113594,0.001433,0.004822,-0.054764,0.998488,0,0.68564,-0.71036,41.138,-1.421,-1,375.000,-1,375.000,-1,325.000,300.000,300.000,300.000,-1,850.000,1000.000,550.000,700.000,700.000,-1,-1,2,0,2,0,2,0,0,0,0,2,0,0,1,0,0,2,2
54,5582.616,-2535.427,-69.843,82.057,0.137790,-0.988918,-0.055275,0.990435,0.137978,0.000430,0.007201,-0.054805,0.998471,0,0.68913,-0.70523,41.348,-1.410,-1,375.000,-1,375.000,-1,325.000,325.000,300.000,300.000,-1,800.000,925.000,600.000,725.000,700.000,-1,-1,2,0,2,0,2,0,0,0,0,2,0,0,1,0,0,2,2
55,5589.363,-2494.420,-69.278,80.657,0.161819,-0.985249,-0.055663,0.986774,0.162101,-0.000558,0.009573,-0.054837,0.998449,0,0.69264,-0.70009,41.558,-1.400,-1,375.000,-1,375.000,-1,325.000,325.000,300.000,300.000,-1,750.000,850.000,625.000,725.000,700.000,-1,-1,2,0,2,0,2,0,0,0,0,2,0,0,1,0,0,2,2
56,5597.142,-2453.381,-68.658,79.267,0.185573,-0.981027,-0.056121,0.982558,0.185950,-0.001528,0.011935,-0.054858,0.998423,0,0.69614,-0.69494,41.769,-1.390,-1,375.000,-1,375.000,-1,325.000,325.000,300.000,300.000,-1,725.000,825.000,650.000,725.000,700.000,-1,-1,2,0,2,0,2,0,0,0,0,2,0,0,1,0,0,2,2
57,5605.951,-2412.336,-67.982,77.888,0.209042,-0.976265,-0.056646,0.977802,0.209515,-0.002474,0.014283,-0.054871,0.998391,0,0.69965,-0.68978,41.979,-1.380,-1,375.000,-1,375.000,-1,325.000,325.000,300.000,300.000,-1,700.000,775.000,675.000,725.000,725.000,-1,-1,2,0,2,0,2,0,0,0,0,2,0,0,1,0,0,2,2
58,5615.787,-2371.309,-67.249,76.518,0.232214,-0.970979,-0.057235,0.972523,0.232783,-0.003389,0.016614,-0.054876,0.998355,0,0.70316,-0.68460,42.189,-1.369,-1,400.000,-1,375.000,-1,325.000,325.000,300.000,300.000,-1,700.000,750.000,700.000,725.000,725.000,-1,-1,2,0,2,0,2,0,0,0,0,2,0,0,1,0,0,2,2
59,5626.648,-2330.323,-66.459,75.160,0.255078,-0.965186,-0.057887,0.966735,0.255743,-0.004269,0.018925,-0.054873,0.998314,0,0.70666,-0.67942,42.400,-1.359,-1,400.000,-1,375.000,-1,325.000,325.000,300.000,300.000,-1,675.000,725.000,725.000,725.000,725.000,-1,-1,2,0,2,0,2,0,0,0,0,2,0,0,1,0,0,2,2
60,5638.528,-2289.403,-65.612,73.811,0.277624,-0.958901,-0.058598,0.960456,0.278386,-0.005109,0.021212,-0.054863,0.998269,0,0.71015,-0.67423,42.609,-1.348,-1,400.000,-1,375.000,-1,325.000,325.000,300.000,300.000,-1,675.000,725.000,775.000,725.000,725.000,-1,-1,2,0,2,0,2,0,0,0,0,2,0,0,1,0,0,2,2
61,5651.423,-2248.573,-64.708,72.473,0.299842,-0.952140,-0.059366,0.953700,0.300702,-0.005903,0.023472,-0.054847,0.998219,0,0.71364,-0.66903,42.818,-1.338,-1,375.000,-1,375.000,-1,325.000,325.000,300.000,300.000,-1,675.000,700.000,800.000,725.000,725.000,-1,-1,2,0,2,0,2,0,0,0,0,2,0,0,1,0,0,2,2
62,5665.328,-2207.854,-63.746,71.145,0.321726,-0.944918,-0.060186,0.946484,0.322682,-0.006648,0.025702,-0.054826,0.998165,0,0.71711,-0.66382,43.027,-1.328,-1,375.000,-1,375.000,-1,325.000,325.000,300.000,300.000,-1,650.000,700.000,825.000,725.000,725.000,-1,-1,2,0,2,0,2,0,0,0,0,2,0,0,1,0,0,2,2
63,5680.238,-2167.272,-62.725,69.828,0.343265,-0.937252,-0.061054,0.938824,0.344319,-0.007338,0.027900,-0.054801,0.998107,0,0.72057,-0.65860,43.234,-1.317,-1,375.000,-1,375.000,-1,325.000,325.000,300.000,300.000,-1,650.000,700.000,850.000,725.000,725.000,-1,-1,2,0,2,0,2,0,0,0,0,2,0,0,1,0,0,2,2
64,5696.144,-2126.847,-61.646,68.521,0.364453,-0.929158,-0.061968,0.930736,0.365604,-0.007970,0.030061,-0.054771,0.998046,0,0.72401,-0.65338,43.441,-1.307,-1,375.000,-1,400.000,-1,325.000,325.000,300.000,300.000,-1,650.000,675.000,875.000,725.000,750.000,-1,-1,2,0,2,0,2,0,0,0,0,2,0,0,1,0,0,2,2
65,5713.041,-2086.604,-60.391,67.225,0.385305,-0.920674,-0.062442,0.922232,0.386542,-0.008623,0.032075,-0.054263,0.998011,0,0.72744,-0.64815,43.646,-1.296,-1,375.000,-1,400.000,-1,325.000,325.000,300.000,300.000,-1,675.000,675.000,900.000,725.000,750.000,-1,-1,2,0,2,0,2,0,0,0,0,2,0,0,1,0,0,2,2
66,5730.920,-2046.563,-58.922,65.939,0.405831,-0.911824,-0.062270,0.913324,0.407129,-0.009241,0.033778,-0.053123,0.998017,0,0.73085,-0.64292,43.851,-1.286,-1,375.000,-1,400.000,-1,325.000,325.000,300.000,300.000,-1,675.000,700.000,950.000,725.000,750.000,-1,-1,2,0,2,0,2,0,0,0,0,2,0,0,1,0,0,2,2
67,5749.773,-2006.746,-57.337,64.664,0.425986,-0.902602,-0.062015,0.904027,0.427354,-0.010129,0.035645,-0.051749,0.998024,0,0.73424,-0.63768,44.054,-1.275,-1,375.000,-1,400.000,-1,325.000,325.000,300.000,300.000,-1,675.000,725.000,975.000,725.000,750.000,-1,-1,2,0,2,0,2,0,0,0,0,2,0,0,1,0,0,2,2
68,5769.592,-1967.174,-55.698,63.399,0.445769,-0.893010,-0.061829,0.894363,0.447206,-0.011001,0.037474,-0.050393,0.998026,0,0.73761,-0.63244,44.257,-1.265,-1,400.000,-1,400.000,-1,325.000,325.000,300.000,300.000,-1,700.000,725.000,1000.000,750.000,750.000,-1,-1,2,0,2,0,2,0,0,0,0,2,0,0,1,0,0,2,2
69,5790.365,-1927.868,-54.006,62.145,0.465176,-0.883065,-0.061709,0.884347,0.466679,-0.011851,0.039263,-0.049060,0.998024,0,0.74096,-0.62720,44.458,-1.254,-1,400.000,-1,400.000,-1,325.000,325.000,300.000,300.000,-1,700.000,725.000,-1,750.000,750.000,-1,-1,2,0,2,0,2,0,0,0,0,2,0,0,2,0,0,2,2
70,5812.084,-1888.848,-52.236,60.901,0.484203,-0.872778,-0.061700,0.873998,0.485768,-0.012565,0.040938,-0.047842,0.998016,0,0.74429,-0.62195,44.657,-1.244,-1,400.000,-1,400.000,-1,325.000,325.000,300.000,300.000,-1,725.000,725.000,-1,750.000,750.000,-1,-1,2,0,2,0,2,0,0,0,0,2,0,0,2,0,0,2,2
71,5834.738,-1850.133,-50.326,59.667,0.502850,-0.862155,-0.061898,0.863338,0.504463,-0.012861,0.042313,-0.046972,0.998000,0,0.74759,-0.61670,44.855,-1.233,-1,400.000,-1,400.000,-1,325.000,325.000,300.000,300.000,-1,750.000,750.000,-1,750.000,775.000,-1,-1,2,0,2,0,2,0,0,0,0,2,0,0,2,0,0,2,2
72,5858.315,-1811.742,-48.377,58.444,0.521111,-0.851227,-0.062094,0.852373,0.522769,-0.013125,0.043633,-0.046088,0.997984,0,0.75087,-0.61144,45.052,-1.223,-1,400.000,-1,400.000,-1,325.000,325.000,300.000,300.000,-1,775.000,775.000,-1,750.000,775.000,-1,-1,2,0,2,0,2,0,0,0,0,2,0,0,2,0,0,2,2
73,5885.130,-1769.715,-46.209,57.462,0.535617,-0.842164,-0.062248,0.843277,0.537313,-0.013365,0.044702,-0.045334,0.997971,0,0.83087,-0.49144,49.852,-0.983,-1,400.000,-1,400.000,-1,325.000,325.000,300.000,300.000,-1,800.000,800.000,-1,750.000,775.000,-1,-1,2,0,2,0,2,0,0,0,0,2,0,0,2,0,0,2,2
74,5915.121,-1724.026,-43.789,56.719,0.546464,-0.835144,-0.062539,0.836238,0.548198,-0.013601,0.045643,-0.044865,0.997950,0,0.91087,-0.37144,54.652,-0.743,-1,400.000,-1,400.000,-1,325.000,325.000,300.000,300.000,-1,850.000,850.000,-1,750.000,775.000,-1,-1,2,0,2,0,2,0,0,0,0,2,0,0,2,0,0,2,2
75,5946.037,-1677.817,-41.311,56.216,0.553746,-0.830310,-0.062856,0.831393,0.555513,-0.013807,0.046382,-0.044612,0.997927,0,0.92662,-0.25144,55.597,-0.503,-1,400.000,-1,400.000,-1,325.000,325.000,300.000,300.000,-1,875.000,875.000,-1,750.000,775.000,-1,-1,2,0,2,0,2,0,0,0,0,2,0,0,2,0,0,2,2
76,5977.294,-1631.570,-38.818,55.946,0.557616,-0.827691,-0.063186,0.828772,0.559412,-0.013989,0.046925,-0.044566,0.997904,0,0.93032,-0.13469,55.819,-0.269,-1,400.000,-1,400.000,-1,325.000,325.000,300.000,300.000,-1,900.000,900.000,-1,750.000,775.000,-1,-1,2,0,2,0,2,0,0,0,0,2,0,0,2,0,0,2,2
77,6008.885,-1585.276,-36.223,55.690,0.561312,-0.825197,-0.063075,0.826259,0.563113,-0.014114,0.047165,-0.044194,0.997909,0,0.93410,-0.12798,56.046,-0.256,-1,400.000,-1,400.000,-1,325.000,325.000,300.000,300.000,-1,950.000,950.000,-1,750.000,775.000,-1,-1,2,0,2,0,2,0,0,0,0,2,0,0,2,0,0,2,2
78,6040.807,-1538.920,-33.611,55.448,0.564803,-0.822821,-0.062950,0.823865,0.566607,-0.014220,0.047369,-0.043831,0.997915,0,0.93807,-0.12116,56.284,-0.242,-1,400.000,-1,400.000,-1,325.000,325.000,300.000,300.000,-1,-1,1000.000,-1,750.000,775.000,-1,-1,2,0,2,0,2,0,0,0,0,2,2,0,2,0,0,2,2
79,6073.055,-1492.487,-30.931,55.220,0.568104,-0.820575,-0.062558,0.821592,0.569897,-0.014290,0.047377,-0.043279,0.997939,0,0.94220,-0.11422,56.532,-0.228,-1,400.000,-1,400.000,-1,325.000,325.000,300.000,300.000,-1,-1,-1,-1,750.000,775.000,-1,-1,2,0,2,0,2,0,0,0,0,2,2,2,2,0,0,2,2
80,6105.625,-1445.964,-28.227,55.005,0.571199,-0.818458,-0.062116,0.819446,0.572977,-0.014339,0.047327,-0.042710,0.997966,0,0.94651,-0.10718,56.791,-0.214,-1,400.000,-1,400.000,-1,325.000,325.000,300.000,300.000,-1,-1,-1,-1,750.000,775.000,-1,-1,2,0,2,0,2,0,0,0,0,2,2,2,2,0,0,2,2
81,6138.512,-1399.335,-25.511,54.805,0.574082,-0.816471,-0.061690,0.817433,0.575845,-0.014381,0.047266,-0.042171,0.997992,0,0.95099,-0.10002,57.059,-0.200,-1,400.000,-1,400.000,-1,325.000,325.000,300.000,300.000,-1,-1,-1,-1,750.000,775.000,-1,-1,2,0,2,0,2,0,0,0,0,2,2,2,2,0,0,2,2
82,6171.676,-1352.640,-22.774,54.616,0.576796,-0.814588,-0.061266,0.815522,0.578546,-0.014472,0.047234,-0.041617,0.998017,0,0.95456,-0.09442,57.274,-0.189,-1,400.000,-1,400.000,-1,325.000,325.000,300.000,300.000,-1,-1,-1,-1,750.000,775.000,-1,-1,2,0,2,0,2,0,0,0,0,2,2,2,2,0,0,2,2
83,6204.995,-1306.055,-20.039,54.428,0.579503,-0.812694,-0.060862,0.813602,0.581240,-0.014548,0.047198,-0.041087,0.998040,0,0.95456,-0.09442,57.274,-0.189,-1,400.000,-1,400.000,-1,325.000,325.000,300.000,300.000,-1,-1,-1,-1,750.000,775.000,-1,-1,2,0,2,0,2,0,0,0,0,2,2,2,2,0,0,2,2
84,6238.466,-1259.580,-17.333,54.239,0.582202,-0.810794,-0.060447,0.811671,0.583930,-0.014724,0.047235,-0.040490,0.998063,0,0.95456,-0.09442,57.274,-0.189,-1,400.000,-1,400.000,-1,325.000,325.000,300.000,300.000,-1,-1,-1,-1,750.000,775.000,-1,-1,2,0,2,0,2,0,0,0,0,2,2,2,2,0,0,2,2
85,6272.091,-1213.215,-14.633,54.050,0.584894,-0.808883,-0.060061,0.809732,0.586611,-0.014855,0.047248,-0.039945,0.998084,0,0.95456,-0.09442,57.274,-0.189,-1,400.000,-1,400.000,-1,325.000,325.000,300.000,300.000,-1,-1,-1,-1,750.000,775.000,-1,-1,2,0,2,0,2,0,0,0,0,2,2,2,2,0,0,2,2
86,6305.868,-1166.961,-11.928,53.861,0.587580,-0.806959,-0.059726,0.807789,0.589284,-0.014858,0.047185,-0.039516,0.998104,0,0.95456,-0.09442,57.274,-0.189,-1,400.000,-1,400.000,-1,325.000,325.000,300.000,300.000,-1,-1,-1,-1,750.000,775.000,-1,-1,2,0,2,0,2,0,0,0,0,2,2,2,2,0,0,2,2
87,6339.797,-1120.819,-9.224,53.672,0.590258,-0.805026,-0.059407,0.805837,0.591950,-0.014863,0.047131,-0.039099,0.998123,0,0.95456,-0.09442,57.274,-0.189,-1,400.000,-1,400.000,-1,325.000,325.000,300.000,300.000,-1,-1,-1,-1,750.000,775.000,-1,-1,2,0,2,0,2,0,0,0,0,2,2,2,2,0,0,2,2
88,6373.878,-1074.789,-6.511,53.483,0.592926,-0.803082,-0.059149,0.803878,0.594609,-0.014874,0.047115,-0.038729,0.998138,0,0.95456,-0.09442,57.274,-0.189,-1,400.000,-1,400.000,-1,325.000,325.000,300.000,300.000,-1,-1,-1,-1,750.000,775.000,-1,-1,2,0,2,0,2,0,0,0,0,2,2,2,2,0,0,2,2
89,6408.111,-1028.871,-3.792,53.295,0.595583,-0.801128,-0.058944,0.801910,0.597260,-0.014887,0.047132,-0.038401,0.998150,0,0.95456,-0.09442,57.274,-0.189,-1,400.000,-1,400.000,-1,325.000,325.000,300.000,300.000,-1,-1,-1,-1,750.000,775.000,-1,-1,2,0,2,0,2,0,0,0,0,2,2,2,2,0,0,2,2
90,6442.495,-983.067,-1.073,53.106,0.598234,-0.799165,-0.058756,0.799933,0.599904,-0.014903,0.047158,-0.038085,0.998161,0,0.95456,-0.09442,57.274,-0.189,-1,400.000,-1,400.000,-1,325.000,325.000,300.000,300.000,-1,-1,-1,-1,750.000,775.000,-1,-1,2,0,2,0,2,0,0,0,0,2,2,2,2,0,0,2,2
91,6477.030,-937.376,1.645,52.917,0.600876,-0.797193,-0.058583,0.797948,0.602542,-0.014921,0.047193,-0.037781,0.998171,0,0.95456,-0.09442,57.274,-0.189,-1,400.000,-1,400.000,-1,325.000,325.000,300.000,300.000,-1,-1,-1,-1,750.000,775.000,-1,-1,2,0,2,0,2,0,0,0,0,2,2,2,2,0,0,2,2
92,6511.715,-891.799,4.323,52.728,0.603523,-0.795215,-0.058244,0.795952,0.605176,-0.014935,0.047125,-0.037346,0.998191,0,0.95456,-0.09442,57.274,-0.189,-1,400.000,-1,400.000,-1,325.000,325.000,300.000,300.000,-1,-1,-1,-1,750.000,775.000,-1,-1,2,0,2,0,2,0,0,0,0,2,2,2,2,0,0,2,2
93,6546.550,-846.337,6.978,52.539,0.606179,-0.793235,-0.057669,0.793944,0.607807,-0.014948,0.046909,-0.036725,0.998224,0,0.95456,-0.09442,57.274,-0.189,-1,400.000,-1,400.000,-1,325.000,325.000,300.000,300.000,-1,-1,-1,-1,750.000,775.000,-1,-1,2,0,2,0,2,0,0,0,0,2,2,2,2,0,0,2,2
94,6581.535,-800.990,9.641,52.350,0.608824,-0.791244,-0.057153,0.791928,0.610431,-0.014966,0.046729,-0.036150,0.998253,0,0.95456,-0.09442,57.274,-0.189,-1,400.000,-1,400.000,-1,325.000,325.000,300.000,300.000,-1,-1,-1,-1,750.000,775.000,-1,-1,2,0,2,0,2,0,0,0,0,2,2,2,2,0,0,2,2
95,6616.669,-755.758,12.313,52.162,0.611458,-0.789243,-0.056697,0.789904,0.613047,-0.014987,0.046586,-0.035621,0.998279,0,0.95456,-0.09442,57.274,-0.189,-1,400.000,-1,400.000,-1,325.000,325.000,300.000,300.000,-1,-1,-1,-1,750.000,750.000,-1,-1,2,0,2,0,2,0,0,0,0,2,2,2,2,0,0,2,2
96,6651.952,-710.643,15.026,51.973,0.614079,-0.787235,-0.056280,0.787867,0.615658,-0.015202,0.046617,-0.035006,0.998299,0,0.95456,-0.09442,57.274,-0.189,-1,400.000,-1,400.000,-1,325.000,325.000,300.000,300.000,-1,-1,-1,-1,750.000,750.000,-1,-1,2,0,2,0,2,0,0,0,0,2,2,2,2,0,0,2,2
97,6687.383,-665.644,17.745,51.784,0.616686,-0.785217,-0.055964,0.785820,0.618262,-0.015454,0.046735,-0.034447,0.998313,0,0.95456,-0.09442,57.274,-0.189,-1,400.000,-1,400.000,-1,325.000,325.000,300.000,300.000,-1,-1,-1,-1,750.000,750.000,-1,-1,2,0,2,0,2,0,0,0,0,2,2,2,2,0,0,2,2
98,6722.987,-620.735,20.479,51.593,0.619318,-0.783162,-0.055693,0.783739,0.620892,-0.015717,0.046889,-0.033915,0.998324,0,0.95516,-0.09567,57.309,-0.191,-1,400.000,-1,400.000,-1,325.000,325.000,300.000,300.000,-1,-1,-1,-1,750.000,750.000,-1,-1,2,0,2,0,2,0,0,0,0,2,2,2,2,0,0,2,2
99,6755.676,-579.432,22.999,51.641,0.618660,-0.783696,-0.055494,0.784256,0.620232,-0.015957,0.046925,-0.033649,0.998332,0,0.87790,0.02433,52.674,0.049,-1,400.000,-1,400.000,-1,325.000,325.000,300.000,300.000,-1,-1,-1,-1,750.000,750.000,-1,-1,2,0,2,0,2,0,0,0,0,2,2,2,2,0,0,2,2
100,6788.418,-537.628,25.554,51.930,0.614707,-0.786810,-0.055356,0.787365,0.616276,-0.016126,0.046803,-0.033673,0.998336,0,0.88500,0.14433,53.100,0.289,-1,400.000,-1,400.000,-1,325.000,325.000,300.000,300.000,-1,-1,-1,-1,750.000,750.000,-1,-1,2,0,2,0,2,0,0,0,0,2,2,2,2,0,0,2,2
101,6821.027,-495.195,28.120,52.459,0.607420,-0.792456,-0.055266,0.793015,0.608985,-0.016294,0.046568,-0.033930,0.998339,0,0.89192,0.26433,53.515,0.529,-1,400.000,-1,400.000,-1,325.000,325.000,300.000,300.000,-1,-1,-1,-1,725.000,750.000,-1,-1,2,0,2,0,2,0,0,0,0,2,2,2,2,0,0,2,2
102,6853.313,-451.995,30.689,53.227,0.596728,-0.800541,-0.055223,0.801111,0.598289,-0.016463,0.046219,-0.034415,0.998338,0,0.89887,0.38433,53.932,0.769,-1,375.000,-1,400.000,-1,325.000,325.000,300.000,300.000,-1,-1,-1,-1,725.000,750.000,-1,-1,2,0,2,0,2,0,0,0,0,2,2,2,2,0,0,2,2
103,6885.077,-407.894,33.260,54.236,0.582523,-0.810928,-0.055342,0.811517,0.584089,-0.016752,0.045909,-0.035153,0.998327,0,0.90583,0.50433,54.350,1.009,-1,375.000,-1,400.000,-1,325.000,325.000,300.000,300.000,-1,-1,-1,-1,725.000,750.000,-1,-1,2,0,2,0,2,0,0,0,0,2,2,2,2,0,0,2,2
104,6916.109,-362.768,35.754,55.484,0.564685,-0.823442,-0.055442,0.824041,0.566264,-0.017362,0.045691,-0.035883,0.998311,0,0.91276,0.62433,54.766,1.249,-1,400.000,-1,400.000,-1,325.000,325.000,300.000,300.000,-1,-1,-1,-1,725.000,750.000,-1,-1,2,0,2,0,2,0,0,0,0,2,2,2,2,0,0,2,2
105,6946.304,-316.586,38.234,56.822,0.545284,-0.836407,-0.055576,0.837022,0.546876,-0.017923,0.045384,-0.036746,0.998294,0,0.91963,0.66864,55.178,1.337,-1,400.000,-1,400.000,-1,325.000,325.000,300.000,300.000,-1,-1,-1,-1,750.000,750.000,-1,-1,2,0,2,0,2,0,0,0,0,2,2,2,2,0,1,2,2
106,6975.632,-269.369,40.701,58.154,0.525663,-0.848865,-0.055741,0.849499,0.527267,-0.018446,0.045049,-0.037656,0.998275,0,0.92641,0.66600,55.584,1.332,-1,400.000,-1,400.000,-1,325.000,325.000,300.000,300.000,-1,-1,-1,-1,750.000,725.000,-1,-1,2,0,2,0,2,0,0,0,0,2,2,2,2,0,1,2,2
107,7004.063,-221.142,43.155,59.480,0.505851,-0.860806,-0.055935,0.861462,0.507468,-0.018945,0.044693,-0.038602,0.998255,0,0.93306,0.66288,55.984,1.326,-1,400.000,-1,400.000,-1,325.000,325.000,300.000,300.000,-1,-1,-1,-1,750.000,700.000,-1,-1,2,0,2,0,2,0,0,0,0,2,2,2,2,0,1,2,2
108,7031.566,-171.933,45.601,60.798,0.485880,-0.872222,-0.056117,0.872903,0.487508,-0.019417,0.044293,-0.039551,0.998235,0,0.93955,0.65925,56.373,1.319,-1,400.000,-1,400.000,-1,325.000,325.000,300.000,300.000,-1,-1,-1,-1,750.000,675.000,-1,975.000,2,0,2,0,2,0,0,0,0,2,2,2,2,0,1,2,1
109,7058.114,-121.776,48.061,62.108,0.465790,-0.883111,-0.056169,0.883812,0.467421,-0.019836,0.043772,-0.040403,0.998224,0,0.94584,0.65509,56.750,1.310,-1,400.000,-1,400.000,-1,325.000,325.000,300.000,300.000,-1,-1,-1,-1,750.000,650.000,-1,925.000,2,0,2,1,2,0,0,0,0,2,2,2,2,0,1,2,1
110,7083.678,-70.704,50.514,63.409,0.445603,-0.893464,-0.056215,0.894185,0.447239,-0.020284,0.043264,-0.041228,0.998213,0,0.95187,0.65037,57.112,1.301,-1,400.000,-1,400.000,950.000,325.000,325.000,300.000,300.000,-1,-1,-1,-1,750.000,650.000,-1,850.000,2,0,2,1,1,0,0,0,0,2,2,2,2,0,1,2,1
111,7108.232,-18.760,52.981,64.699,0.425354,-0.903281,-0.056201,0.904012,0.426997,-0.020866,0.042846,-0.041931,0.998201,0,0.95759,0.64506,57.455,1.290,-1,400.000,-1,375.000,850.000,325.000,325.000,300.000,300.000,-1,-1,-1,-1,750.000,625.000,-1,800.000,2,0,2,1,1,0,0,0,0,2,2,2,2,0,1,2,1
112,7131.752,34.011,55.422,65.977,0.405078,-0.912553,-0.056203,0.913298,0.406728,-0.021413,0.042400,-0.042656,0.998190,0,0.96294,0.63911,57.776,1.278,-1,400.000,-1,375.000,775.000,325.000,325.000,300.000,300.000,-1,-1,-1,-1,750.000,600.000,-1,750.000,2,0,2,1,1,0,0,0,0,2,2,2,2,0,1,2,1
113,7154.215,87.561,57.855,67.242,0.384815,-0.921277,-0.056266,0.922044,0.386469,-0.021844,0.041870,-0.043474,0.998177,0,0.96783,0.63250,58.070,1.265,-1,400.000,-1,375.000,700.000,325.000,325.000,300.000,300.000,-1,-1,-1,-1,750.000,600.000,-1,700.000,2,0,2,1,1,0,0,0,0,2,2,2,2,0,1,2,1
114,7175.600,141.831,60.292,68.493,0.364598,-0.929452,-0.056458,0.930249,0.366258,-0.022176,0.041290,-0.044435,0.998159,0,0.97220,0.62519,58.332,1.250,-1,400.000,-1,375.000,625.000,325.000,325.000,300.000,300.000,-1,-1,-1,-1,750.000,575.000,-1,650.000,2,0,2,1,1,0,0,0,0,2,2,2,2,0,1,2,1
115,7193.924,192.129,62.488,69.983,0.340279,-0.938613,-0.056712,0.939452,0.341942,-0.022489,0.040501,-0.045625,0.998137,0,0.89220,0.74519,53.532,1.490,-1,400.000,-1,375.000,575.000,325.000,325.000,300.000,300.000,-1,-1,-1,-1,750.000,575.000,-1,600.000,2,0,2,1,1,0,0,0,0,2,2,2,2,0,1,2,1
116,7210.485,242.247,64.609,71.713,0.311756,-0.948447,-0.057064,0.949339,0.313422,-0.022824,0.039533,-0.047057,0.998110,0,0.87973,0.86519,52.784,1.730,-1,400.000,-1,375.000,525.000,325.000,325.000,300.000,300.000,-1,-1,-1,-1,750.000,550.000,-1,575.000,2,0,2,1,1,0,0,0,0,2,2,2,2,0,1,2,1
117,7225.443,292.938,66.770,73.558,0.281004,-0.957958,-0.057913,0.958924,0.282699,-0.023359,0.038749,-0.048970,0.998048,0,0.88087,0.92246,52.852,1.845,-1,400.000,-1,375.000,500.000,325.000,325.000,300.000,300.000,-1,-1,-1,-1,750.000,575.000,-1,550.000,2,0,2,1,1,0,0,0,0,2,2,2,2,0,1,2,1
118,7238.780,344.074,68.885,75.381,0.250331,-0.966367,-0.058899,0.967413,0.252064,-0.023992,0.038031,-0.050973,0.997976,0,0.88078,0.91128,52.847,1.823,-1,400.000,-1,375.000,450.000,325.000,325.000,300.000,300.000,-1,-1,-1,-1,750.000,600.000,-1,525.000,2,0,2,1,1,0,0,0,0,2,2,2,2,0,1,2,1
119,7250.488,395.529,70.923,77.179,0.219815,-0.973702,-0.059885,0.974828,0.221587,-0.024675,0.037296,-0.052954,0.997900,0,0.87951,0.89927,52.770,1.799,-1,400.000,-1,375.000,425.000,325.000,325.000,300.000,300.000,-1,-1,-1,-1,775.000,625.000,-1,-1,2,0,2,1,1,0,0,0,0,2,2,2,2,0,1,2,2
120,7260.569,447.170,72.855,78.952,0.189533,-0.979994,-0.060741,0.981197,0.191337,-0.025341,0.036456,-0.054796,0.997832,0,0.87693,0.88648,52.616,1.773,-1,400.000,-1,375.000,425.000,325.000,325.000,300.000,300.000,-1,-1,-1,-1,775.000,650.000,-1,-1,2,0,2,1,1,0,0,0,1,2,2,2,2,0,1,2,2
121,7269.034,498.860,74.652,80.698,0.159556,-0.985280,-0.061360,0.986553,0.161376,-0.025920,0.035441,-0.056399,0.997779,0,0.87298,0.87294,52.379,1.746,-1,400.000,-1,400.000,450.000,325.000,325.000,300.000,275.000,-1,-1,-1,-1,775.000,700.000,-1,-1,2,0,2,1,1,0,0,0,1,2,2,2,2,0,1,2,2
122,7275.903,550.459,76.285,82.416,0.129949,-0.989602,-0.061650,0.990931,0.131764,-0.026331,0.034180,-0.057670,0.997750,0,0.86759,0.85874,52.056,1.717,-1,400.000,-1,400.000,-1,325.000,325.000,300.000,275.000,-1,-1,-1,-1,775.000,725.000,-1,-1,2,0,2,1,2,0,0,0,1,2,2,2,2,0,1,2,2
123,7281.208,601.831,77.729,84.104,0.100772,-0.993005,-0.061536,0.994375,0.102552,-0.026486,0.032612,-0.058521,0.997753,0,0.86076,0.84397,51.645,1.688,-1,400.000,-1,400.000,-1,325.000,325.000,300.000,250.000,-1,-1,-1,-1,775.000,750.000,-1,-1,2,0,2,1,2,0,0,0,1,2,2,2,2,0,1,2,2
124,7284.988,652.840,78.987,85.761,0.072081,-0.995541,-0.060846,0.996929,0.073785,-0.026231,0.030603,-0.058768,0.997802,0,0.85250,0.82878,51.150,1.658,-1,400.000,-1,400.000,-1,325.000,325.000,300.000,250.000,-1,-1,-1,-1,775.000,775.000,-1,-1,2,0,2,0,2,0,0,0,1,2,2,2,2,0,0,2,2
125,7287.458,706.977,80.141,87.388,0.043917,-0.997256,-0.059603,0.998642,0.045496,-0.025395,0.028037,-0.058407,0.997899,0,0.90322,0.81333,54.193,1.627,-1,400.000,-1,400.000,-1,325.000,325.000,300.000,225.000,-1,-1,-1,-1,775.000,775.000,-1,-1,2,0,2,0,2,0,0,0,1,2,2,2,2,0,0,2,2
126,7288.405,760.485,81.335,88.985,0.016196,-0.998129,-0.058951,0.999534,0.017687,-0.024862,0.025858,-0.058521,0.997951,0,0.89196,0.79843,53.518,1.597,-1,400.000,-1,400.000,-1,325.000,325.000,300.000,225.000,-1,-1,-1,-1,775.000,750.000,-1,-1,2,0,2,0,2,0,0,0,1,2,2,2,2,0,0,2,2
127,7287.873,813.258,82.619,90.577,-0.011503,-0.998189,-0.059050,0.999640,-0.010049,-0.024872,0.024233,-0.059315,0.997945,0,0.87961,0.79600,52.776,1.592,-1,400.000,-1,400.000,-1,325.000,325.000,300.000,225.000,-1,-1,-1,-1,775.000,775.000,-1,-1,2,0,2,0,2,0,0,0,1,2,2,2,2,0,0,2,2
128,7285.909,865.203,83.799,92.165,-0.039132,-0.997482,-0.059147,0.998979,-0.037715,-0.024879,0.022585,-0.060060,0.997939,0,0.86638,0.79428,51.983,1.589,-1,400.000,-1,400.000,-1,325.000,325.000,300.000,200.000,-1,-1,-1,-1,775.000,775.000,-1,-1,2,0,2,0,2,0,0,0,1,2,2,2,2,0,0,2,2
129,7282.560,916.249,84.989,93.752,-0.066681,-0.995988,-0.059684,0.997562,-0.065314,-0.024574,0.020577,-0.061177,0.997915,0,0.85261,0.79328,51.157,1.587,-1,400.000,-1,400.000,-1,325.000,325.000,300.000,200.000,-1,-1,-1,-1,775.000,775.000,-1,-1,2,0,2,0,2,0,0,0,1,2,2,2,2,0,0,2,2
130,7277.878,966.349,86.088,95.338,-0.094163,-0.993730,-0.060285,0.995385,-0.092848,-0.024260,0.018510,-0.062291,0.997886,0,0.83865,0.79298,50.319,1.586,-1,400.000,-1,400.000,-1,325.000,325.000,300.000,225.000,-1,-1,-1,-1,775.000,775.000,-1,-1,2,0,2,0,2,0,0,0,1,2,2,2,2,0,0,2,2
131,7271.910,1015.478,87.071,96.925,-0.121583,-0.990715,-0.060837,0.992445,-0.120321,-0.024012,0.016469,-0.063297,0.997859,0,0.82484,0.79336,49.490,1.587,-1,400.000,-1,400.000,-1,325.000,325.000,300.000,225.000,-1,-1,-1,-1,775.000,775.000,-1,-1,2,0,2,0,2,0,0,0,1,2,2,2,2,0,0,2,2
132,7264.701,1063.630,87.918,98.513,-0.148946,-0.986946,-0.061255,0.988739,-0.147735,-0.023874,0.014513,-0.064121,0.997837,0,0.81149,0.79439,48.690,1.589,-1,400.000,-1,400.000,-1,325.000,325.000,300.000,225.000,-1,-1,-1,-1,775.000,775.000,-1,-1,2,0,2,0,2,0,0,0,1,2,2,2,2,0,0,2,2
133,7256.290,1110.819,88.614,100.105,-0.176255,-0.982424,-0.061452,0.984263,-0.175091,-0.023876,0.012697,-0.064693,0.997824,0,0.79889,0.79601,47.933,1.592,-1,400.000,-1,400.000,-1,325.000,325.000,300.000,250.000,-1,-1,-1,-1,775.000,775.000,-1,-1,2,0,2,0,2,0,0,0,1,2,2,2,2,0,0,2,2
134,7246.710,1157.069,89.142,101.702,-0.203511,-0.977149,-0.061343,0.979010,-0.202389,-0.024040,0.011076,-0.064947,0.997827,0,0.78722,0.79820,47.233,1.596,-1,400.000,-1,400.000,-1,325.000,325.000,300.000,250.000,-1,-1,-1,-1,775.000,775.000,-1,-1,2,0,2,0,2,0,0,0,1,2,2,2,2,0,0,2,2
135,7235.987,1202.417,89.488,103.304,-0.230712,-0.971118,-0.060840,0.972974,-0.229626,-0.024374,0.009700,-0.064819,0.997850,0,0.77665,0.80089,46.599,1.602,-1,400.000,-1,400.000,-1,325.000,325.000,300.000,275.000,-1,-1,-1,-1,775.000,775.000,-1,-1,2,0,2,0,2,0,0,0,1,2,2,2,2,0,0,2,2
