timestep,x_cm,y_cm,z_cm,yaw_deg,basis_xx,basis_xy,basis_xz,basis_yx,basis_yy,basis_yz,basis_zx,basis_zy,basis_zz,teleport_flag,throttle_cmd,steering_cmd,cmd_move_cm,cmd_turn_deg,lidar_cm_0,lidar_cm_1,lidar_cm_2,lidar_cm_3,lidar_cm_4,lidar_cm_5,lidar_cm_6,lidar_cm_7,lidar_cm_8,lidar_cm_9,lidar_cm_10,lidar_cm_11,lidar_cm_12,lidar_cm_13,lidar_cm_14,lidar_cm_15,lidar_cm_16,lidar_class_0,lidar_class_1,lidar_class_2,lidar_class_3,lidar_class_4,lidar_class_5,lidar_class_6,lidar_class_7,lidar_class_8,lidar_class_9,lidar_class_10,lidar_class_11,lidar_class_12,lidar_class_13,lidar_class_14,lidar_class_15,lidar_class_16
0,8859.856,-6231.908,215.346,-6.591,0.992162,0.114778,-0.049413,-0.114008,0.993314,0.018137,0.051164,-0.012361,0.998614,1,0.08000,0.12000,4.800,0.240,-1,375.000,-1,400.000,-1,300.000,325.000,325.000,325.000,-1,-1,-1,-1,825.000,850.000,-1,-1,2,0,2,0,2,0,0,0,0,2,2,2,2,0,0,2,2
1,8869.402,-6232.930,215.832,-6.111,0.993093,0.106452,-0.049335,-0.105677,0.994237,0.018057,0.050973,-0.012719,0.998619,0,0.16000,0.24000,9.600,0.480,-1,375.000,-1,400.000,-1,300.000,325.000,325.000,325.000,-1,-1,-1,-1,825.000,850.000,-1,-1,2,0,2,0,2,0,0,0,0,2,2,2,2,0,0,2,2
2,8883.738,-6234.283,216.559,-5.391,0.994360,0.093949,-0.049215,-0.093167,0.995489,0.017955,0.050680,-0.013269,0.998627,0,0.24000,0.36000,14.400,0.720,-1,375.000,-1,400.000,-1,300.000,325.000,325.000,325.000,-1,-1,-1,-1,850.000,850.000,-1,-1,2,0,2,0,2,0,0,0,0,2,2,2,2,0,0,2,2
3,8902.880,-6235.766,217.526,-4.431,0.995804,0.077256,-0.049051,-0.076463,0.996913,0.017853,0.050278,-0.014028,0.998637,0,0.32000,0.48000,19.200,0.960,-1,400.000,-1,400.000,-1,300.000,325.000,325.000,325.000,-1,-1,-1,-1,850.000,850.000,-1,-1,2,0,2,0,2,0,0,0,0,2,2,2,2,0,0,2,2
4,8926.837,-6237.211,218.733,-3.451,0.996991,0.060190,-0.048839,-0.059386,0.998077,0.017754,0.049814,-0.014801,0.998649,0,0.40000,0.49009,24.000,0.980,-1,400.000,-1,400.000,-1,300.000,300.000,325.000,325.000,-1,-1,-1,-1,850.000,850.000,-1,-1,2,0,2,0,2,0,0,0,0,2,2,2,2,0,0,2,2
5,8955.610,-6238.453,220.177,-2.473,0.997887,0.043145,-0.048581,-0.042330,0.998947,0.017676,0.049292,-0.015582,0.998663,0,0.48000,0.48902,28.800,0.978,-1,400.000,-1,400.000,-1,300.000,325.000,325.000,325.000,-1,-1,-1,-1,850.000,850.000,-1,-1,2,0,2,0,2,0,0,0,0,2,2,2,2,0,0,2,2
6,8989.198,-6239.331,221.857,-1.498,0.998492,0.026133,-0.048275,-0.025308,0.999524,0.017635,0.048713,-0.016386,0.998678,0,0.56000,0.48769,33.600,0.975,-1,400.000,-1,400.000,-1,300.000,325.000,325.000,325.000,-1,-1,-1,-1,875.000,850.000,-1,-1,2,0,2,0,2,0,0,0,0,2,2,2,2,0,0,2,2
7,9027.597,-6239.684,223.767,-0.526,0.998809,0.009172,-0.047923,-0.008334,0.999809,0.017650,0.048076,-0.017230,0.998695,0,0.64000,0.48606,38.400,0.972,-1,400.000,-1,400.000,-1,325.000,325.000,325.000,325.000,-1,-1,-1,-1,875.000,850.000,-1,-1,2,0,2,0,2,0,0,0,0,2,2,2,2,0,0,2,2
8,9068.366,-6239.368,225.787,0.442,0.998839,-0.007721,-0.047551,0.008573,0.999806,0.017741,0.047405,-0.018128,0.998711,0,0.67950,0.48403,40.770,0.968,-1,400.000,-1,400.000,-1,325.000,325.000,325.000,325.000,-1,-1,-1,-1,875.000,850.000,-1,-1,2,0,2,0,2,0,0,0,0,2,2,2,2,0,0,2,2
9,9108.930,-6238.373,227.786,1.406,0.998585,-0.024529,-0.047187,0.025398,0.999517,0.017911,0.046725,-0.019085,0.998725,0,0.67627,0.48166,40.576,0.963,-1,400.000,-1,400.000,-1,325.000,325.000,325.000,325.000,-1,-1,-1,-1,900.000,850.000,-1,-1,2,0,2,0,2,0,0,0,0,2,2,2,2,0,0,2,2
10,9149.287,-6236.707,229.766,2.364,0.998051,-0.041239,-0.046833,0.042128,0.998947,0.018163,0.046034,-0.020100,0.998738,0,0.67319,0.47908,40.391,0.958,-1,400.000,-1,400.000,-1,325.000,325.000,325.000,325.000,-1,-1,-1,-1,900.000,875.000,-1,-1,2,0,2,0,2,0,0,0,0,2,2,2,2,0,0,2,2
11,9189.434,-6234.380,231.599,3.317,0.997251,-0.057840,-0.046312,0.058727,0.998111,0.018030,0.045182,-0.020701,0.998764,0,0.67025,0.47629,40.215,0.953,-1,425.000,-1,400.000,-1,325.000,325.000,325.000,325.000,-1,-1,-1,-1,925.000,875.000,-1,-1,2,0,2,0,2,0,0,0,0,2,2,2,2,0,0,2,2
12,9229.371,-6231.403,233.068,4.263,0.996208,-0.074320,-0.045237,0.075205,0.997002,0.018175,0.043750,-0.021508,0.998811,0,0.66746,0.47329,40.047,0.947,-1,425.000,-1,400.000,-1,325.000,325.000,325.000,325.000,-1,-1,-1,-1,925.000,875.000,-1,-1,2,0,2,0,2,0,0,0,0,2,2,2,2,0,0,2,2
13,9269.095,-6227.785,234.447,5.203,0.994910,-0.090667,-0.043972,0.091560,0.995624,0.018724,0.042082,-0.022655,0.998857,0,0.66481,0.47010,39.889,0.940,-1,425.000,-1,400.000,-1,325.000,325.000,325.000,325.000,-1,-1,-1,-1,925.000,875.000,-1,-1,2,0,2,0,2,0,0,0,0,2,2,2,2,0,0,2,2
14,9308.606,-6223.536,235.808,6.137,0.993354,-0.106872,-0.042729,0.107773,0.993987,0.019371,0.040401,-0.023847,0.998899,0,0.66232,0.46671,39.739,0.933,-1,425.000,-1,400.000,-1,325.000,325.000,325.000,325.000,-1,-1,-1,-1,925.000,875.000,-1,-1,2,0,2,0,2,0,0,0,0,2,2,2,2,0,0,2,2
15,9347.904,-6218.667,237.151,7.063,0.991548,-0.122923,-0.041509,0.123833,0.992099,0.020113,0.038708,-0.025084,0.998936,0,0.65998,0.46314,39.599,0.926,-1,425.000,-1,400.000,-1,325.000,325.000,325.000,325.000,-1,-1,-1,-1,925.000,875.000,-1,-1,2,0,2,0,2,0,0,0,0,2,2,2,2,0,0,2,2
16,9386.988,-6213.186,238.474,7.982,0.989498,-0.138811,-0.040315,0.139730,0.989968,0.020949,0.037003,-0.026363,0.998967,0,0.65779,0.45939,39.467,0.919,-1,425.000,-1,400.000,-1,325.000,325.000,325.000,325.000,-1,-1,-1,-1,925.000,875.000,-1,-1,2,0,2,0,2,0,0,0,0,2,2,2,2,0,0,2,2
17,9425.860,-6207.103,239.778,8.893,0.987213,-0.154526,-0.039150,0.155454,0.987601,0.021877,0.035284,-0.027683,0.998994,0,0.65575,0.45546,39.345,0.911,-1,425.000,-1,400.000,-1,325.000,325.000,325.000,325.000,-1,-1,-1,-1,925.000,875.000,-1,-1,2,0,2,0,2,0,0,0,0,2,2,2,2,0,0,2,2
18,9464.519,-6200.429,241.063,9.795,0.984700,-0.170059,-0.038015,0.170996,0.985006,0.022894,0.033552,-0.029045,0.999015,0,0.65386,0.45135,39.232,0.903,-1,425.000,-1,400.000,-1,325.000,325.000,325.000,325.000,-1,-1,-1,-1,925.000,850.000,-1,-1,2,0,2,0,2,0,0,0,0,2,2,2,2,0,0,2,2
19,9502.967,-6193.170,242.328,10.690,0.981969,-0.185402,-0.036913,0.186346,0.982191,0.023999,0.031806,-0.030445,0.999030,0,0.65212,0.44708,39.127,0.894,-1,400.000,-1,400.000,-1,325.000,325.000,325.000,325.000,-1,-1,-1,-1,925.000,850.000,-1,-1,2,0,2,0,2,0,0,0,0,2,2,2,2,0,0,2,2
20,9541.205,-6185.338,243.573,11.575,0.979028,-0.200546,-0.035846,0.201497,0.979165,0.025190,0.030047,-0.031884,0.999040,0,0.65053,0.44264,39.032,0.885,-1,400.000,-1,400.000,-1,325.000,325.000,325.000,325.000,-1,-1,-1,-1,925.000,850.000,-1,-1,2,0,2,0,2,0,0,0,0,2,2,2,2,0,0,2,2
21,9579.234,-6176.941,244.799,12.451,0.975887,-0.215483,-0.034815,0.216439,0.975937,0.026464,0.028274,-0.033361,0.999043,0,0.64909,0.43803,38.946,0.876,-1,425.000,-1,400.000,-1,325.000,325.000,300.000,325.000,-1,-1,-1,-1,925.000,850.000,-1,-1,2,0,2,0,2,0,0,0,0,2,2,2,2,0,0,2,2
22,9617.057,-6167.987,246.005,13.317,0.972554,-0.230207,-0.033821,0.231165,0.972517,0.027820,0.026488,-0.034875,0.999041,0,0.64780,0.43327,38.868,0.867,-1,425.000,-1,400.000,-1,325.000,325.000,300.000,325.000,-1,-1,-1,-1,925.000,850.000,-1,-1,2,0,2,0,2,0,0,0,0,2,2,2,2,0,0,2,2
23,9654.675,-6158.485,247.191,14.174,0.969040,-0.244708,-0.032868,0.245668,0.968912,0.029255,0.024687,-0.036424,0.999031,0,0.64666,0.42836,38.800,0.857,-1,425.000,-1,400.000,-1,325.000,325.000,300.000,325.000,-1,-1,-1,-1,925.000,850.000,-1,-1,2,0,2,0,2,0,0,0,0,2,2,2,2,0,0,2,2
24,9692.090,-6148.444,248.357,15.021,0.965353,-0.258982,-0.031955,0.259941,0.965134,0.030768,0.022873,-0.038008,0.999016,0,0.64566,0.42328,38.740,0.847,-1,425.000,-1,400.000,-1,325.000,325.000,300.000,325.000,-1,-1,-1,-1,925.000,875.000,-1,-1,2,0,2,0,2,0,0,0,0,2,2,2,2,0,0,2,2
25,9729.306,-6137.873,249.502,15.857,0.961506,-0.273021,-0.031085,0.273978,0.961192,0.032356,0.021044,-0.039627,0.998993,0,0.64480,0.41806,38.688,0.836,-1,425.000,-1,400.000,-1,325.000,325.000,300.000,325.000,-1,-1,-1,-1,900.000,900.000,-1,-1,2,0,2,0,2,0,0,0,0,2,2,2,2,0,0,2,2
26,9766.324,-6126.778,250.526,16.682,0.957500,-0.286824,-0.030437,0.287774,0.957110,0.033572,0.019503,-0.040905,0.998973,0,0.64409,0.41269,38.645,0.825,-1,425.000,-1,425.000,-1,325.000,325.000,300.000,325.000,-1,-1,-1,-1,900.000,900.000,-1,-1,2,0,2,0,2,0,0,0,0,2,2,2,2,0,0,2,2
27,9803.148,-6115.170,251.293,17.497,0.953357,-0.300392,-0.029579,0.301310,0.952919,0.034018,0.017967,-0.041343,0.998983,0,0.64351,0.40717,38.611,0.814,-1,425.000,-1,425.000,-1,350.000,325.000,300.000,325.000,-1,-1,-1,-1,900.000,925.000,-1,-1,2,0,2,0,2,0,0,0,0,2,2,2,2,0,0,2,2
28,9839.782,-6103.054,251.928,18.300,0.949095,-0.313717,-0.028296,0.314579,0.948614,0.034241,0.016100,-0.041400,0.999013,0,0.64308,0.40151,38.585,0.803,-1,425.000,-1,425.000,-1,350.000,325.000,300.000,325.000,-1,-1,-1,-1,900.000,925.000,-1,-1,2,0,2,0,2,0,0,0,0,2,2,2,2,0,0,2,2
29,9880.350,-6088.814,252.362,19.343,0.943294,-0.330943,-0.025930,0.331695,0.942775,0.033962,0.013207,-0.040637,0.999087,0,0.71658,0.52151,42.995,1.043,-1,425.000,-1,425.000,-1,350.000,325.000,325.000,325.000,-1,-1,-1,-1,900.000,925.000,-1,-1,2,0,2,0,2,0,0,0,0,2,2,2,2,0,0,2,2
30,9920.606,-6073.662,252.625,20.626,0.935707,-0.351977,-0.023768,0.352629,0.935148,0.033926,0.010286,-0.040126,0.999142,0,0.71690,0.64151,43.014,1.283,-1,425.000,-1,425.000,-1,350.000,325.000,325.000,325.000,-1,-1,-1,-1,900.000,925.000,-1,-1,2,0,2,0,2,0,0,0,0,2,2,2,2,0,0,2,2
31,9960.513,-6057.418,252.708,22.149,0.926069,-0.376708,-0.022102,0.377280,0.925463,0.034320,0.007526,-0.040121,0.999166,0,0.71810,0.76151,43.086,1.523,-1,425.000,-1,425.000,-1,325.000,325.000,325.000,325.000,-1,-1,-1,-1,900.000,925.000,-1,-1,2,0,2,0,2,0,0,0,0,2,2,2,2,0,0,2,2
32,10000.009,-6039.905,252.636,23.912,0.914094,-0.404995,-0.020280,0.405481,0.913421,0.035322,0.004219,-0.040510,0.999170,0,0.72008,0.88151,43.205,1.763,-1,425.000,-1,400.000,-1,325.000,325.000,325.000,325.000,-1,-1,-1,-1,875.000,900.000,-1,-1,2,0,2,0,2,0,0,0,0,2,2,2,2,0,0,2,2
33,10039.014,-6020.955,252.477,25.912,0.899458,-0.436618,-0.018453,0.437007,0.898713,0.036612,0.000598,-0.040995,0.999159,0,0.72276,1.00000,43.366,2.000,-1,425.000,-1,400.000,-1,325.000,325.000,325.000,325.000,-1,-1,-1,-1,875.000,900.000,-1,-1,2,0,2,0,2,0,0,0,0,2,2,2,2,0,0,2,2
34,10077.509,-6000.562,252.269,27.912,0.883725,-0.467707,-0.016728,0.467996,0.882909,0.038107,-0.003054,-0.041504,0.999134,0,0.72605,1.00000,43.563,2.000,-1,425.000,-1,400.000,-1,325.000,325.000,325.000,325.000,-1,-1,-1,-1,850.000,900.000,-1,-1,2,0,2,0,2,0,0,0,0,2,2,2,2,0,0,2,2
35,10115.433,-5978.743,252.012,29.912,0.866917,-0.498224,-0.015123,0.498408,0.866029,0.039795,-0.006729,-0.042036,0.999093,0,0.72922,1.00000,43.753,2.000,-1,400.000,-1,400.000,-1,325.000,325.000,300.000,325.000,-1,-1,-1,-1,850.000,875.000,-1,-1,2,0,2,0,2,0,0,0,0,2,2,2,2,0,0,2,2
36,10152.730,-5955.517,251.671,31.912,0.849055,-0.528129,-0.013638,0.528200,0.848089,0.041829,-0.010525,-0.042718,0.999032,0,0.73230,1.00000,43.938,2.000,-1,400.000,-1,400.000,-1,325.000,325.000,300.000,325.000,-1,-1,-1,-1,825.000,875.000,-1,-1,2,0,2,0,2,0,0,0,0,2,2,2,2,0,0,2,2
37,10189.341,-5930.904,251.267,33.912,0.830161,-0.557387,-0.012313,0.557338,0.829114,0.044089,-0.014366,-0.043463,0.998952,0,0.73526,1.00000,44.116,2.000,-1,400.000,-1,400.000,-1,325.000,325.000,300.000,325.000,-1,-1,-1,-1,825.000,875.000,-1,-1,2,0,2,0,2,0,0,0,0,2,2,2,2,0,0,2,2
38,10225.210,-5904.927,250.810,35.912,0.810260,-0.585964,-0.011173,0.585787,0.809130,0.046500,-0.018207,-0.044222,0.998856,0,0.73813,1.00000,44.288,2.000,-1,400.000,-1,400.000,-1,325.000,325.000,300.000,300.000,-1,-1,-1,-1,800.000,850.000,-1,-1,2,0,2,0,2,0,0,0,0,2,2,2,2,0,0,2,2
39,10260.280,-5877.612,250.299,37.912,0.789377,-0.613824,-0.010231,0.613513,0.788160,0.049044,-0.022041,-0.044991,0.998744,0,0.74089,1.00000,44.453,2.000,-1,400.000,-1,400.000,-1,325.000,325.000,300.000,300.000,-1,-1,-1,-1,775.000,850.000,-1,-1,2,0,2,0,2,0,0,0,0,2,2,2,2,0,0,2,2
40,10297.027,-5847.135,249.460,39.672,0.770196,-0.637738,-0.009404,0.637311,0.768932,0.050786,-0.025157,-0.045108,0.998665,0,0.79568,0.88000,47.741,1.760,-1,400.000,-1,400.000,-1,325.000,325.000,300.000,300.000,-1,-1,-1,-1,775.000,825.000,-1,-1,2,0,2,0,2,0,0,0,0,2,2,2,2,0,0,2,2
41,10333.035,-5815.622,248.259,41.192,0.753023,-0.657937,-0.008629,0.657433,0.751776,0.051142,-0.027161,-0.044185,0.998654,0,0.79751,0.76000,47.851,1.520,-1,400.000,-1,400.000,-1,325.000,325.000,300.000,300.000,-1,-1,-1,-1,775.000,825.000,-1,-1,2,0,2,0,2,0,0,0,0,2,2,2,2,0,0,2,2
42,10368.385,-5783.262,246.902,42.472,0.738139,-0.674602,-0.007852,0.674040,0.736930,0.051024,-0.028634,-0.042956,0.998667,0,0.79876,0.64000,47.926,1.280,-1,400.000,-1,400.000,-1,325.000,325.000,300.000,300.000,-1,-1,-1,-1,775.000,825.000,-1,-1,2,0,2,0,2,0,0,0,0,2,2,2,2,0,0,2,2
43,10403.176,-5750.234,245.513,43.512,0.725772,-0.687899,-0.007087,0.687285,0.724598,0.050959,-0.029920,-0.041855,0.998676,0,0.79951,0.52000,47.971,1.040,-1,400.000,-1,400.000,-1,325.000,325.000,300.000,300.000,-1,-1,-1,-1,750.000,825.000,-1,-1,2,0,2,0,2,0,0,0,0,2,2,2,2,0,0,2,2
44,10438.869,-5715.389,243.944,44.312,0.716086,-0.697988,-0.005826,0.697308,0.714963,0.050877,-0.031347,-0.040495,0.998688,0,0.83137,0.40000,49.882,0.800,-1,400.000,-1,400.000,-1,325.000,325.000,300.000,300.000,-1,-1,-1,-1,750.000,800.000,-1,-1,2,0,2,0,2,0,0,0,0,2,2,2,2,0,0,2,2
45,10474.194,-5680.223,242.293,44.872,0.709210,-0.704984,-0.004256,0.704234,0.708149,0.050796,-0.032796,-0.039022,0.998700,0,0.83075,0.28000,49.845,0.560,-1,400.000,-1,400.000,-1,325.000,325.000,300.000,300.000,-1,-1,-1,-1,750.000,800.000,-1,-1,2,0,2,0,2,0,0,0,0,2,2,2,2,0,0,2,2
46,10509.276,-5644.907,240.649,45.192,0.705240,-0.708963,-0.002754,0.708151,0.704235,0.050742,-0.034035,-0.037736,0.998708,0,0.82965,0.16000,49.779,0.320,-1,400.000,-1,400.000,-1,325.000,325.000,300.000,300.000,-1,-1,-1,-1,725.000,800.000,-1,-1,2,0,2,0,2,0,0,0,0,2,2,2,2,0,0,2,2
47,10544.243,-5609.607,238.993,45.272,0.704223,-0.709977,-0.001192,0.709108,0.703276,0.050680,-0.035143,-0.036535,0.998714,0,0.82811,0.04000,49.687,0.080,-1,400.000,-1,400.000,-1,325.000,325.000,300.000,300.000,-1,-1,-1,-1,725.000,775.000,-1,-1,2,0,2,0,2,0,0,0,0,2,2,2,2,0,0,2,2
48,10579.227,-5574.487,237.350,45.112,0.706174,-0.708038,0.000360,0.707118,0.705283,0.050594,-0.036076,-0.035473,0.998719,0,0.82618,-0.08000,49.571,-0.160,-1,400.000,-1,400.000,-1,325.000,325.000,300.000,300.000,-1,-1,-1,-1,725.000,775.000,-1,-1,2,0,2,0,2,0,0,0,0,2,2,2,2,0,0,2,2
49,10610.788,-5542.733,235.761,45.176,0.705371,-0.708838,0.001069,0.707892,0.704506,0.050594,-0.036616,-0.034931,0.998719,0,0.74618,0.03195,44.771,0.064,-1,400.000,-1,400.000,-1,325.000,325.000,300.000,300.000,-1,-1,-1,-1,725.000,775.000,-1,-1,2,0,2,0,2,0,0,0,0,2,2,2,2,0,0,2,2
50,10638.937,-5514.356,234.296,45.231,0.704680,-0.709524,0.001359,0.708567,0.703826,0.050626,-0.036877,-0.034712,0.998717,0,0.66618,0.02771,39.971,0.055,-1,400.000,-1,400.000,-1,325.000,325.000,300.000,325.000,-1,-1,-1,-1,700.000,775.000,-1,-1,2,0,2,0,2,0,0,0,0,2,2,2,2,0,0,2,2
51,10663.686,-5489.366,233.013,45.278,0.704092,-0.710107,0.001556,0.709141,0.703245,0.050654,-0.037064,-0.034562,0.998715,0,0.58618,0.02358,35.171,0.047,-1,375.000,-1,400.000,-1,325.000,325.000,300.000,325.000,-1,-1,-1,-1,700.000,750.000,-1,-1,2,0,2,0,2,0,0,0,0,2,2,2,2,0,0,2,2
52,10685.041,-5467.772,231.913,45.318,0.703601,-0.710593,0.001704,0.709620,0.702760,0.050677,-0.037208,-0.034448,0.998714,0,0.50618,0.01968,30.371,0.039,-1,375.000,-1,400.000,-1,325.000,325.000,300.000,325.000,-1,-1,-1,-1,700.000,750.000,-1,-1,2,0,2,0,2,0,0,0,0,2,2,2,2,0,0,2,2
53,10703.012,-5449.581,230.993,45.350,0.703199,-0.710990,0.001813,0.710013,0.702362,0.050695,-0.037317,-0.034362,0.998713,0,0.42618,0.01612,25.571,0.032,-1,375.000,-1,400.000,-1,325.000,325.000,300.000,325.000,-1,-1,-1,-1,700.000,750.000,-1,-1,2,0,2,0,2,0,0,0,0,2,2,2,2,0,0,2,2
54,10717.602,-5434.798,230.250,45.376,0.702876,-0.711310,0.001890,0.710329,0.702041,0.050709,-0.037397,-0.034299,0.998712,0,0.34618,0.01299,20.771,0.026,-1,375.000,-1,400.000,-1,325.000,325.000,300.000,325.000,-1,-1,-1,-1,700.000,750.000,-1,-1,2,0,2,0,2,0,0,0,0,2,2,2,2,0,0,2,2
55,10728.817,-5423.427,229.681,45.396,0.702618,-0.711565,0.001944,0.710581,0.701785,0.050719,-0.037454,-0.034255,0.998711,0,0.26618,0.01034,15.971,0.021,-1,375.000,-1,400.000,-1,325.000,325.000,300.000,325.000,-1,-1,-1,-1,700.000,750.000,-1,-1,2,0,2,0,2,0,0,0,0,2,2,2,2,0,0,2,2
56,10736.659,-5415.471,229.284,45.413,0.702412,-0.711768,0.001978,0.710782,0.701581,0.050726,-0.037493,-0.034225,0.998711,0,0.18618,0.00825,11.171,0.017,-1,375.000,-1,400.000,-1,325.000,325.000,300.000,325.000,-1,-1,-1,-1,700.000,750.000,-1,-1,2,0,2,0,2,0,0,0,0,2,2,2,2,0,0,2,2
57,10741.130,-5410.933,229.058,45.426,0.702244,-0.711934,0.001996,0.710947,0.701413,0.050731,-0.037517,-0.034206,0.998710,0,0.10618,0.00677,6.371,0.014,-1,375.000,-1,400.000,-1,325.000,325.000,300.000,325.000,-1,-1,-1,-1,700.000,750.000,-1,-1,2,0,2,0,2,0,0,0,0,2,2,2,2,0,0,2,2
58,10742.232,-5409.814,229.003,45.438,0.702097,-0.712079,0.002000,0.711092,0.701267,0.050733,-0.037528,-0.034197,0.998710,0,0.02618,0.00591,1.571,0.012,-1,375.000,-1,400.000,-1,325.000,325.000,300.000,325.000,-1,-1,-1,-1,700.000,750.000,-1,-1,2,0,2,0,2,0,0,0,0,2,2,2,2,0,0,2,2
59,10739.966,-5412.115,229.118,45.450,0.701956,-0.712218,0.001991,0.711231,0.701125,0.050732,-0.037528,-0.034196,0.998710,0,-0.05382,0.00569,-3.229,0.011,-1,375.000,-1,400.000,-1,325.000,325.000,300.000,325.000,-1,-1,-1,-1,700.000,750.000,-1,-1,2,0,2,0,2,0,0,0,0,2,2,2,2,0,0,2,2
60,10734.370,-5417.802,229.401,45.462,0.701804,-0.712368,0.001967,0.711382,0.700972,0.050730,-0.037517,-0.034203,0.998710,0,-0.13298,0.00613,-7.979,0.012,-1,375.000,-1,400.000,-1,325.000,325.000,300.000,325.000,-1,-1,-1,-1,700.000,750.000,-1,-1,2,0,2,0,2,0,0,0,0,2,2,2,2,0,0,2,2
61,10728.781,-5423.485,229.685,45.476,0.701625,-0.712544,0.001942,0.711559,0.700793,0.050728,-0.037507,-0.034210,0.998711,0,-0.13284,0.00720,-7.970,0.014,-1,375.000,-1,400.000,-1,325.000,325.000,300.000,325.000,-1,-1,-1,-1,700.000,750.000,-1,-1,2,0,2,0,2,0,0,0,0,2,2,2,2,0,0,2,2
62,10723.201,-5429.163,229.969,45.493,0.701420,-0.712745,0.001916,0.711761,0.700588,0.050725,-0.037496,-0.034216,0.998711,0,-0.13269,0.00826,-7.961,0.017,-1,375.000,-1,400.000,-1,325.000,325.000,300.000,325.000,-1,-1,-1,-1,700.000,750.000,-1,-1,2,0,2,0,2,0,0,0,0,2,2,2,2,0,0,2,2
63,10717.628,-5434.835,230.253,45.511,0.701189,-0.712973,0.001888,0.711989,0.700356,0.050723,-0.037486,-0.034222,0.998711,0,-0.13252,0.00930,-7.951,0.019,-1,375.000,-1,400.000,-1,325.000,325.000,300.000,325.000,-1,-1,-1,-1,700.000,750.000,-1,-1,2,0,2,0,2,0,0,0,0,2,2,2,2,0,0,2,2
64,10712.066,-5440.502,230.538,45.532,0.700933,-0.713225,0.001859,0.712242,0.700099,0.050721,-0.037477,-0.034228,0.998711,0,-0.13235,0.01033,-7.941,0.021,-1,375.000,-1,400.000,-1,325.000,325.000,300.000,325.000,-1,-1,-1,-1,700.000,750.000,-1,-1,2,0,2,0,2,0,0,0,0,2,2,2,2,0,0,2,2
65,10706.513,-5446.163,230.823,45.555,0.700651,-0.713502,0.001829,0.712520,0.699817,0.050719,-0.037468,-0.034233,0.998711,0,-0.13216,0.01134,-7.930,0.023,-1,375.000,-1,400.000,-1,325.000,325.000,300.000,325.000,-1,-1,-1,-1,700.000,750.000,-1,-1,2,0,2,0,2,0,0,0,0,2,2,2,2,0,0,2,2
66,10700.972,-5451.818,231.109,45.579,0.700344,-0.713803,0.001798,0.712822,0.699509,0.050716,-0.037459,-0.034237,0.998711,0,-0.13196,0.01233,-7.918,0.025,-1,375.000,-1,400.000,-1,325.000,325.000,300.000,325.000,-1,-1,-1,-1,700.000,750.000,-1,-1,2,0,2,0,2,0,0,0,0,2,2,2,2,0,0,2,2
67,10695.442,-5457.466,231.394,45.606,0.700013,-0.714128,0.001766,0.713147,0.699177,0.050714,-0.037451,-0.034241,0.998712,0,-0.13175,0.01332,-7.905,0.027,-1,375.000,-1,400.000,-1,325.000,325.000,300.000,325.000,-1,-1,-1,-1,700.000,750.000,-1,-1,2,0,2,0,2,0,0,0,0,2,2,2,2,0,0,2,2
68,10689.924,-5463.108,231.680,45.635,0.699657,-0.714476,0.001732,0.713497,0.698821,0.050712,-0.037443,-0.034245,0.998712,0,-0.13153,0.01428,-7.892,0.029,-1,375.000,-1,400.000,-1,325.000,325.000,300.000,325.000,-1,-1,-1,-1,700.000,750.000,-1,-1,2,0,2,0,2,0,0,0,0,2,2,2,2,0,0,2,2
69,10684.418,-5468.743,231.967,45.665,0.699278,-0.714848,0.001698,0.713869,0.698441,0.050710,-0.037435,-0.034248,0.998712,0,-0.13129,0.01523,-7.878,0.030,-1,375.000,-1,400.000,-1,325.000,325.000,300.000,325.000,-1,-1,-1,-1,700.000,750.000,-1,-1,2,0,2,0,2,0,0,0,0,2,2,2,2,0,0,2,2
70,10678.926,-5474.370,232.253,45.697,0.698875,-0.715242,0.001662,0.714264,0.698037,0.050707,-0.037428,-0.034251,0.998712,0,-0.13105,0.01617,-7.863,0.032,-1,375.000,-1,400.000,-1,325.000,325.000,300.000,325.000,-1,-1,-1,-1,700.000,750.000,-1,-1,2,0,2,0,2,0,0,0,0,2,2,2,2,0,0,2,2
71,10673.449,-5479.989,232.540,45.732,0.698449,-0.715658,0.001625,0.714681,0.697611,0.050705,-0.037421,-0.034253,0.998712,0,-0.13079,0.01708,-7.848,0.034,-1,375.000,-1,400.000,-1,325.000,325.000,300.000,325.000,-1,-1,-1,-1,700.000,750.000,-1,-1,2,0,2,0,2,0,0,0,0,2,2,2,2,0,0,2,2
72,10667.985,-5485.601,232.826,45.768,0.698001,-0.716095,0.001587,0.715119,0.697161,0.050702,-0.037414,-0.034255,0.998713,0,-0.13053,0.01798,-7.832,0.036,-1,375.000,-1,400.000,-1,325.000,325.000,300.000,325.000,-1,-1,-1,-1,700.000,750.000,-1,-1,2,0,2,0,2,0,0,0,0,2,2,2,2,0,0,2,2
73,10665.863,-5487.766,232.934,45.564,0.700546,-0.713605,0.001575,0.712633,0.699704,0.050680,-0.037268,-0.034381,0.998714,0,-0.05053,-0.10202,-3.032,-0.204,-1,375.000,-1,400.000,-1,325.000,325.000,300.000,325.000,-1,-1,-1,-1,700.000,750.000,-1,-1,2,0,2,0,2,0,0,0,0,2,2,2,2,0,0,2,2
74,10667.110,-5486.513,232.864,45.120,0.706055,-0.708155,0.001590,0.707191,0.705207,0.050638,-0.036981,-0.034628,0.998716,0,0.02947,-0.22202,1.768,-0.444,-1,375.000,-1,400.000,-1,325.000,325.000,300.000,325.000,-1,-1,-1,-1,700.000,750.000,-1,-1,2,0,2,0,2,0,0,0,0,2,2,2,2,0,0,2,2
75,10671.800,-5481.914,232.621,44.435,0.714457,-0.699677,0.001634,0.698724,0.713602,0.050573,-0.036551,-0.034991,0.998719,0,0.10947,-0.34202,6.568,-0.684,-1,375.000,-1,400.000,-1,325.000,325.000,300.000,325.000,-1,-1,-1,-1,700.000,775.000,-1,-1,2,0,2,0,2,0,0,0,0,2,2,2,2,0,0,2,2
76,10680.045,-5474.087,232.210,43.511,0.725646,-0.688067,0.001708,0.687128,0.724781,0.050482,-0.035973,-0.035458,0.998724,0,0.18947,-0.46202,11.368,-0.924,-1,375.000,-1,400.000,-1,325.000,325.000,300.000,325.000,-1,-1,-1,-1,700.000,775.000,-1,-1,2,0,2,0,2,0,0,0,0,2,2,2,2,0,0,2,2
77,10691.995,-5463.195,231.642,42.347,0.739470,-0.673187,0.001816,0.672267,0.738594,0.050358,-0.035242,-0.036017,0.998730,0,0.26947,-0.58202,16.168,-1.164,-1,375.000,-1,400.000,-1,325.000,325.000,300.000,325.000,-1,-1,-1,-1,700.000,775.000,-1,-1,2,0,2,0,2,0,0,0,0,2,2,2,2,0,0,2,2
78,10707.833,-5449.454,230.930,40.943,0.755737,-0.654873,0.001959,0.653974,0.754850,0.050194,-0.034349,-0.036652,0.998738,0,0.34947,-0.70202,20.968,-1.404,-1,375.000,-1,400.000,-1,325.000,325.000,300.000,325.000,-1,-1,-1,-1,700.000,775.000,-1,-1,2,0,2,0,2,0,0,0,0,2,2,2,2,0,0,2,2
79,10727.774,-5433.133,230.088,39.299,0.774206,-0.632930,0.002140,0.632058,0.773308,0.049978,-0.033288,-0.037341,0.998748,0,0.42947,-0.82202,25.768,-1.644,-1,375.000,-1,400.000,-1,325.000,325.000,300.000,325.000,-1,-1,-1,-1,700.000,775.000,-1,-1,2,0,2,0,2,0,0,0,0,2,2,2,2,0,0,2,2
80,10751.993,-5414.481,229.094,37.601,0.792622,-0.609708,0.002363,0.608856,0.791707,0.049943,-0.032321,-0.038147,0.998749,0,0.50947,-0.84942,30.568,-1.699,-1,375.000,-1,400.000,-1,325.000,325.000,300.000,325.000,-1,-1,-1,-1,700.000,775.000,-1,-1,2,0,2,0,2,0,0,0,0,2,2,2,2,0,0,2,2
81,10780.646,-5393.746,227.972,35.890,0.810458,-0.585790,0.002645,0.584952,0.809524,0.050029,-0.031448,-0.038999,0.998744,0,0.58947,-0.85507,35.368,-1.710,-1,375.000,-1,400.000,-1,325.000,325.000,300.000,325.000,-1,-1,-1,-1,700.000,775.000,-1,-1,2,0,2,0,2,0,0,0,0,2,2,2,2,0,0,2,2
82,10813.882,-5371.188,226.769,34.166,0.827710,-0.561148,0.002989,0.560323,0.826760,0.050067,-0.030566,-0.039767,0.998741,0,0.66947,-0.86220,40.168,-1.724,-1,375.000,-1,400.000,-1,325.000,325.000,300.000,325.000,-1,-1,-1,-1,700.000,775.000,-1,-1,2,0,2,0,2,0,0,0,0,2,2,2,2,0,0,2,2
83,10851.840,-5347.076,225.504,32.424,0.844375,-0.535742,0.003391,0.534931,0.843413,0.050040,-0.029669,-0.040438,0.998741,0,0.74947,-0.87098,44.968,-1.742,-1,375.000,-1,400.000,-1,325.000,325.000,300.000,325.000,-1,-1,-1,-1,700.000,775.000,-1,-1,2,0,2,0,2,0,0,0,0,2,2,2,2,0,0,2,2
84,10894.651,-5321.696,224.196,30.661,0.860446,-0.509527,0.003850,0.508730,0.859477,0.049928,-0.028748,-0.041002,0.998745,0,0.82947,-0.88157,49.768,-1.763,-1,375.000,-1,400.000,-1,325.000,325.000,300.000,325.000,-1,-1,-1,-1,700.000,775.000,-1,-1,2,0,2,0,2,0,0,0,0,2,2,2,2,0,0,2,2
85,10940.646,-5296.334,222.983,28.873,0.875911,-0.482454,0.004280,0.481686,0.874953,0.049351,-0.027554,-0.041165,0.998772,0,0.87540,-0.89414,52.524,-1.788,-1,375.000,-1,400.000,-1,325.000,325.000,300.000,325.000,-1,-1,-1,-1,700.000,775.000,-1,-1,2,0,2,0,2,0,0,0,0,2,2,2,2,0,0,2,2
86,10987.569,-5272.368,221.864,27.056,0.890747,-0.454475,0.004694,0.453738,0.889805,0.048665,-0.026294,-0.041218,0.998804,0,0.87815,-0.90830,52.689,-1.817,-1,375.000,-1,400.000,-1,325.000,325.000,300.000,325.000,-1,-1,-1,-1,700.000,800.000,-1,-1,2,0,2,0,2,0,0,0,0,2,2,2,2,0,0,2,2
87,11035.459,-5249.824,220.683,25.209,0.904911,-0.425573,0.004965,0.424888,0.904007,0.047349,-0.024639,-0.040737,0.998866,0,0.88217,-0.92335,52.930,-1.847,-1,375.000,-1,400.000,975.000,325.000,325.000,300.000,325.000,-1,-1,-1,-1,700.000,800.000,-1,-1,2,0,2,0,1,0,0,0,0,2,2,2,2,0,1,2,2
88,11088.265,-5227.182,219.432,23.209,0.919191,-0.393777,0.005246,0.393151,0.918338,0.045685,-0.022807,-0.039930,0.998942,0,0.95760,-1.00000,57.456,-2.000,-1,375.000,-1,400.000,925.000,325.000,325.000,300.000,325.000,-1,-1,-1,-1,700.000,775.000,-1,-1,2,0,2,0,1,0,0,0,0,2,2,2,2,0,1,2,2
89,11142.146,-5206.274,218.070,21.209,0.932348,-0.361510,0.006169,0.360925,0.931580,0.043498,-0.021472,-0.038329,0.999034,0,0.96324,-1.00000,57.794,-2.000,-1,375.000,-1,400.000,875.000,325.000,325.000,300.000,300.000,-1,-1,-1,-1,700.000,750.000,-1,975.000,2,0,2,0,1,0,0,0,0,2,2,2,2,0,1,2,1
90,11197.053,-5187.144,216.799,19.209,0.944374,-0.328799,0.007018,0.328253,0.943687,0.041284,-0.020197,-0.036684,0.999123,0,0.96907,-1.00000,58.144,-2.000,-1,375.000,-1,400.000,825.000,325.000,325.000,300.000,300.000,-1,-1,-1,-1,700.000,725.000,-1,900.000,2,0,2,0,1,0,0,0,0,2,2,2,2,0,1,2,1
91,11252.940,-5169.835,215.528,17.209,0.955259,-0.295678,0.007444,0.295178,0.954632,0.039335,-0.018737,-0.035378,0.999198,0,0.97508,-1.00000,58.505,-2.000,-1,375.000,-1,400.000,775.000,325.000,325.000,300.000,300.000,-1,-1,-1,-1,700.000,700.000,-1,825.000,2,0,2,0,1,0,0,0,0,2,2,2,2,0,1,2,1
92,11309.754,-5154.390,214.256,15.209,0.964984,-0.262191,0.007890,0.261724,0.964403,0.037787,-0.017516,-0.034398,0.999255,0,0.98127,-1.00000,58.876,-2.000,-1,375.000,-1,400.000,725.000,325.000,325.000,300.000,300.000,-1,-1,-1,-1,700.000,650.000,-1,750.000,2,0,2,0,1,0,0,0,0,2,2,2,2,0,1,2,1
93,11367.445,-5140.849,213.085,13.209,0.973535,-0.228382,0.008392,0.227945,0.973001,0.036184,-0.016429,-0.033314,0.999310,0,0.98764,-1.00000,59.258,-2.000,-1,375.000,-1,400.000,675.000,325.000,325.000,300.000,300.000,-1,-1,-1,-1,700.000,625.000,-1,700.000,2,0,2,0,1,0,0,0,0,2,2,2,2,0,1,2,1
94,11425.958,-5129.254,212.008,11.209,0.980903,-0.194294,0.008957,0.193882,0.980417,0.034525,-0.015489,-0.032129,0.999364,0,0.99417,-1.00000,59.650,-2.000,-1,375.000,-1,400.000,625.000,325.000,325.000,300.000,300.000,-1,-1,-1,-1,700.000,575.000,-1,625.000,2,0,2,0,1,0,0,0,0,2,2,2,2,0,1,2,1
95,11485.185,-5119.652,211.083,9.209,0.987073,-0.159967,0.009837,0.159573,0.986648,0.032581,-0.014917,-0.030590,0.999421,0,1.00000,-1.00000,60.000,-2.000,-1,375.000,-1,400.000,575.000,325.000,325.000,300.000,300.000,-1,-1,-1,-1,725.000,550.000,-1,575.000,2,0,2,1,1,0,0,0,0,2,2,2,2,0,1,2,1
96,11544.711,-5112.123,210.256,7.209,0.992042,-0.125442,0.010814,0.125064,0.991679,0.030522,-0.014552,-0.028927,0.999476,0,1.00000,-1.00000,60.000,-2.000,-1,375.000,-1,375.000,500.000,325.000,325.000,300.000,300.000,-1,-1,-1,-1,725.000,500.000,-1,500.000,2,0,2,1,1,1,1,0,0,2,2,2,2,0,1,2,1
97,11604.463,-5106.676,209.485,5.209,0.995803,-0.090761,0.011776,0.090397,0.995499,0.028453,-0.014305,-0.027269,0.999526,0,1.00000,-1.00000,60.000,-2.000,-1,375.000,-1,350.000,450.000,300.000,300.000,300.000,300.000,-1,-1,-1,-1,725.000,475.000,-1,450.000,2,0,2,1,1,1,1,0,0,2,2,2,2,0,1,2,1
98,11664.369,-5103.318,208.764,3.209,0.998351,-0.055966,0.012737,0.055615,0.998104,0.026370,-0.014189,-0.025618,0.999571,0,1.00000,-1.00000,60.000,-2.000,-1,375.000,-1,325.000,400.000,300.000,275.000,300.000,300.000,-1,-1,-1,-1,750.000,425.000,-1,400.000,2,0,2,1,1,1,1,0,0,2,2,2,2,0,1,2,1
99,11724.356,-5102.052,208.084,1.209,0.999683,-0.021099,0.013710,0.020762,0.999490,0.024267,-0.014215,-0.023975,0.999611,0,1.00000,-1.00000,60.000,-2.000,-1,400.000,-1,300.000,350.000,300.000,275.000,300.000,300.000,-1,-1,-1,-1,750.000,400.000,-1,350.000,2,0,2,1,1,1,1,0,0,2,2,2,2,0,1,2,1
100,11784.351,-5102.880,207.439,-0.791,0.999797,0.013796,0.014707,-0.014120,0.999655,0.022137,-0.014397,-0.022341,0.999647,0,1.00000,-1.00000,60.000,-2.000,-1,400.000,-1,275.000,300.000,275.000,250.000,300.000,300.000,-1,-1,-1,-1,750.000,350.000,-1,275.000,2,0,2,1,1,1,1,0,0,2,2,2,2,0,1,2,1
101,11844.280,-5105.800,208.284,-2.791,0.998759,0.048668,0.010570,-0.048943,0.998423,0.027512,-0.009215,-0.027995,0.999566,0,1.00000,-1.00000,60.000,-2.000,-1,375.000,-1,250.000,250.000,275.000,225.000,300.000,325.000,-1,-1,-1,-1,800.000,325.000,-1,250.000,2,1,2,1,1,1,1,0,0,2,2,2,2,0,1,2,1
102,11904.071,-5110.805,211.551,-4.791,0.996513,0.083438,0.000234,-0.083369,0.995574,0.043384,0.003387,-0.043252,0.999058,0,1.00000,-1.00000,60.000,-2.000,-1,375.000,-1,250.000,250.000,275.000,225.000,275.000,375.000,-1,-1,-1,-1,925.000,325.000,-1,225.000,2,1,2,1,1,1,1,0,0,2,2,2,2,0,1,2,1
103,11963.651,-5117.891,215.136,-6.791,0.992964,0.118032,-0.009536,-0.117237,0.991219,0.061163,0.016671,-0.059615,0.998082,0,1.00000,-1.00000,60.000,-2.000,-1,375.000,-1,225.000,225.000,250.000,225.000,275.000,425.000,-1,575.000,700.000,-1,-1,300.000,-1,225.000,2,1,2,1,1,1,1,0,0,2,0,0,2,2,1,2,1
104,12018.241,-5126.089,218.760,-8.551,0.988783,0.148256,-0.018115,-0.146389,0.986036,0.079393,0.029633,-0.075850,0.996679,0,0.92000,-0.88000,55.200,-1.760,-1,375.000,-1,225.000,225.000,250.000,200.000,250.000,475.000,-1,225.000,425.000,-1,-1,300.000,-1,200.000,2,1,2,1,1,1,1,0,0,2,0,0,2,2,1,2,1
105,12067.868,-5134.891,222.688,-10.071,0.984351,0.174147,-0.026932,-0.170835,0.980559,0.096534,0.043220,-0.090422,0.994965,0,0.84000,-0.76000,50.400,-1.520,-1,350.000,-1,225.000,200.000,250.000,200.000,250.000,525.000,800.000,150.000,300.000,-1,-1,275.000,-1,200.000,2,1,2,1,1,1,1,0,0,0,0,0,2,2,1,2,1
106,-327.960,-7543.221,-155.683,-44.387,0.715042,0.698928,-0.014674,-0.696496,0.714043,0.070965,0.060077,-0.040523,0.997371,1,0.00000,0.00000,45.600,-1.280,825.000,400.000,-1,400.000,-1,325.000,325.000,300.000,300.000,-1,850.000,900.000,500.000,575.000,800.000,675.000,-1,1,0,2,0,2,0,0,0,0,2,0,0,1,1,0,1,2
107,-331.404,-7539.877,-155.974,-44.147,0.717965,0.695924,-0.014702,-0.693493,0.716958,0.070984,0.059940,-0.040769,0.997369,0,-0.08000,0.12000,-4.800,0.240,850.000,400.000,-1,400.000,-1,325.000,325.000,300.000,300.000,-1,850.000,900.000,500.000,575.000,800.000,675.000,-1,1,0,2,0,2,0,0,0,0,2,0,0,1,1,0,1,2
108,-338.348,-7533.248,-156.554,-43.667,0.723774,0.689879,-0.014756,-0.687453,0.722748,0.071024,0.059663,-0.041261,0.997365,0,-0.16000,0.24000,-9.600,0.480,875.000,400.000,-1,400.000,-1,325.000,325.000,300.000,300.000,-1,850.000,875.000,500.000,600.000,800.000,700.000,-1,1,0,2,0,2,0,0,0,0,2,0,0,1,1,0,1,2
109,-348.889,-7523.437,-157.419,-42.947,0.732392,0.680721,-0.014835,-0.678301,0.731337,0.071088,0.059241,-0.042001,0.997360,0,-0.24000,0.36000,-14.400,0.720,925.000,400.000,-1,400.000,-1,325.000,325.000,300.000,300.000,-1,825.000,875.000,475.000,600.000,800.000,725.000,-1,1,0,2,0,2,0,0,0,0,2,0,0,1,1,0,1,2
110,-363.160,-7510.593,-158.519,-41.987,0.743692,0.668350,-0.015166,-0.665930,0.742614,0.071141,0.058809,-0.042807,0.997351,0,-0.32000,0.48000,-19.200,0.960,-1,400.000,-1,400.000,-1,325.000,325.000,300.000,300.000,-1,800.000,850.000,475.000,600.000,800.000,750.000,-1,2,0,2,0,2,0,0,0,0,2,0,0,1,1,0,1,2
111,-378.885,-7497.025,-159.685,-40.787,0.757522,0.652624,-0.015588,-0.650206,0.756416,0.071181,0.058245,-0.043785,0.997342,0,-0.34615,0.60000,-20.769,1.200,-1,400.000,-1,400.000,-1,325.000,325.000,300.000,300.000,-1,800.000,850.000,450.000,625.000,800.000,800.000,-1,2,0,2,0,2,0,0,0,0,2,0,0,1,1,0,1,2
112,-395.136,-7483.588,-160.857,-39.583,0.771063,0.636558,-0.015994,-0.634144,0.769928,0.071220,0.057650,-0.044773,0.997332,0,-0.35144,0.60197,-21.086,1.204,-1,400.000,-1,400.000,-1,325.000,325.000,300.000,300.000,-1,775.000,825.000,425.000,625.000,800.000,850.000,-1,2,0,2,0,2,0,0,0,0,2,0,0,1,1,0,1,2
113,-411.916,-7470.291,-162.036,-38.393,0.784119,0.620395,-0.016380,-0.617985,0.782954,0.071261,0.057034,-0.045754,0.997323,0,-0.35683,0.59532,-21.410,1.191,-1,400.000,-1,400.000,-1,325.000,325.000,300.000,300.000,-1,750.000,800.000,425.000,650.000,800.000,900.000,-1,2,0,2,0,2,0,0,0,0,2,0,0,1,1,0,1,2
114,-429.226,-7457.144,-163.219,-37.215,0.796692,0.604154,-0.016745,-0.601748,0.795497,0.071304,0.056399,-0.046731,0.997314,0,-0.36226,0.58851,-21.736,1.177,-1,400.000,-1,400.000,-1,325.000,325.000,300.000,300.000,-1,725.000,475.000,400.000,650.000,800.000,950.000,-1,2,0,2,0,2,0,0,0,0,2,0,1,1,1,0,1,2
115,-447.064,-7444.158,-164.408,-36.052,0.808786,0.587855,-0.017090,-0.585455,0.807559,0.071347,0.055743,-0.047699,0.997305,0,-0.36773,0.58155,-22.064,1.163,-1,400.000,-1,400.000,-1,325.000,325.000,300.000,300.000,-1,700.000,425.000,400.000,675.000,800.000,1000.000,-1,2,0,2,0,2,0,0,0,0,2,0,1,1,1,0,1,2
116,-465.429,-7431.344,-165.613,-34.904,0.820404,0.571520,-0.017410,-0.569130,0.819147,0.071338,0.055033,-0.048617,0.997300,0,-0.37323,0.57443,-22.394,1.149,-1,400.000,-1,400.000,-1,325.000,325.000,300.000,300.000,-1,700.000,375.000,375.000,700.000,800.000,-1,-1,2,0,2,0,2,0,0,0,0,2,0,1,1,1,0,2,2
117,-484.321,-7418.711,-166.823,-33.769,0.831550,0.555167,-0.017707,-0.552788,0.830263,0.071334,0.054304,-0.049530,0.997295,0,-0.37877,0.56715,-22.726,1.134,-1,400.000,-1,400.000,-1,325.000,325.000,300.000,300.000,-1,675.000,350.000,350.000,700.000,800.000,-1,-1,2,0,2,0,2,0,0,0,0,2,0,1,1,1,0,2,2
118,-503.736,-7406.270,-168.036,-32.650,0.842232,0.538816,-0.017979,-0.536449,0.840912,0.071337,0.053556,-0.050438,0.997290,0,-0.38432,0.55972,-23.059,1.119,-1,400.000,-1,400.000,-1,325.000,325.000,300.000,300.000,-1,650.000,300.000,350.000,725.000,800.000,-1,-1,2,0,2,0,2,0,0,0,0,2,0,1,1,1,0,2,2
119,-523.672,-7394.031,-169.252,-31.546,0.852453,0.522486,-0.018226,-0.520132,0.851101,0.071348,0.052791,-0.051340,0.997285,0,-0.38989,0.55213,-23.393,1.104,-1,400.000,-1,400.000,-1,325.000,325.000,300.000,300.000,-1,650.000,275.000,325.000,750.000,800.000,-1,-1,2,0,2,0,2,0,0,0,0,2,0,1,1,1,0,2,2
120,-544.126,-7382.003,-170.471,-30.457,0.862221,0.506195,-0.018450,-0.503855,0.860835,0.071368,0.052008,-0.052239,0.997279,0,-0.39546,0.54440,-23.728,1.089,-1,400.000,-1,400.000,-1,325.000,325.000,300.000,300.000,-1,625.000,225.000,300.000,750.000,800.000,-1,-1,2,0,2,0,2,0,0,0,0,2,0,1,1,1,0,2,2
121,-565.092,-7370.196,-171.691,-29.384,0.871544,0.489963,-0.018649,-0.487636,0.870123,0.071398,0.051210,-0.053132,0.997274,0,-0.40104,0.53651,-24.062,1.073,-1,400.000,-1,400.000,-1,325.000,325.000,300.000,300.000,-1,375.000,200.000,275.000,775.000,800.000,-1,-1,2,0,2,0,2,0,0,0,0,2,1,1,1,1,0,2,2
122,-586.567,-7358.619,-172.851,-28.327,0.880437,0.473801,-0.018563,-0.471497,0.878960,0.071551,0.050217,-0.054244,0.997264,0,-0.40660,0.52848,-24.396,1.057,-1,400.000,-1,400.000,-1,325.000,325.000,300.000,300.000,-1,325.000,175.000,275.000,800.000,800.000,-1,-1,2,0,2,0,2,0,0,0,0,2,1,1,1,1,0,2,2
123,-608.541,-7347.277,-172.031,-27.286,0.889136,0.457535,-0.009973,-0.455582,0.886985,0.075515,0.043397,-0.062600,0.997095,0,-0.41213,0.52031,-24.728,1.041,-1,400.000,-1,400.000,-1,325.000,325.000,300.000,325.000,-1,725.000,175.000,275.000,750.000,800.000,-1,-1,2,0,2,0,2,0,0,0,0,2,0,1,1,0,0,2,2
124,-631.011,-7336.182,-171.201,-26.262,0.897328,0.441362,-0.001462,-0.439849,0.894517,0.079823,0.036538,-0.070985,0.996808,0,-0.41764,0.51200,-25.058,1.024,-1,375.000,-1,400.000,-1,325.000,325.000,275.000,325.000,-1,875.000,175.000,275.000,725.000,775.000,-1,-1,2,0,2,0,2,0,0,0,0,2,1,1,1,0,0,2,2
125,-649.296,-7327.461,-170.533,-25.478,0.903353,0.428866,0.005282,-0.427773,0.900022,0.083497,0.031055,-0.077687,0.996494,0,-0.33764,0.39200,-20.258,0.784,-1,375.000,-1,400.000,-1,300.000,325.000,275.000,350.000,-1,875.000,175.000,275.000,675.000,775.000,-1,-1,2,0,2,0,2,0,0,0,0,2,1,1,1,0,0,2,2
126,-663.312,-7320.939,-170.025,-24.934,0.907405,0.420130,0.010358,-0.419394,0.903684,0.086392,0.026936,-0.082737,0.996207,0,-0.25764,0.27200,-15.458,0.544,-1,375.000,-1,400.000,-1,300.000,325.000,275.000,350.000,-1,875.000,175.000,275.000,675.000,775.000,-1,-1,2,0,2,0,2,0,0,0,0,2,1,1,1,0,0,2,2
127,-672.999,-7316.494,-169.675,-24.630,0.909621,0.415208,0.013844,-0.414735,0.905637,0.088406,0.024170,-0.086157,0.995988,0,-0.17764,0.15200,-10.658,0.304,-1,350.000,-1,400.000,-1,300.000,325.000,275.000,375.000,-1,875.000,175.000,275.000,650.000,750.000,-1,-1,2,0,2,0,2,0,0,0,0,2,1,1,1,0,0,2,2
128,-678.326,-7314.056,-169.481,-24.566,0.910080,0.414131,0.015794,-0.413807,0.905957,0.089475,0.022746,-0.087965,0.995864,0,-0.09764,0.03200,-5.858,0.064,-1,350.000,-1,400.000,-1,300.000,325.000,275.000,375.000,-1,875.000,175.000,275.000,650.000,750.000,-1,-1,2,0,2,0,2,0,0,0,0,2,1,1,1,0,0,2,2
129,-679.287,-7313.613,-169.437,-24.742,0.908806,0.416904,0.016243,-0.416605,0.904664,0.089579,0.022651,-0.088177,0.995847,0,-0.01764,-0.08800,-1.058,-0.176,-1,350.000,-1,400.000,-1,300.000,325.000,275.000,375.000,-1,875.000,175.000,275.000,650.000,750.000,-1,-1,2,0,2,0,2,0,0,0,0,2,1,1,1,0,0,2,2
130,-675.900,-7315.206,-169.537,-25.158,0.905763,0.423512,0.015204,-0.423112,0.901722,0.088737,0.023872,-0.086808,0.995939,0,0.06236,-0.20800,3.742,-0.416,-1,350.000,-1,400.000,-1,300.000,325.000,275.000,375.000,-1,875.000,175.000,275.000,650.000,750.000,-1,-1,2,0,2,0,2,0,0,0,0,2,1,1,1,0,0,2,2
131,-668.212,-7318.929,-169.771,-25.814,0.900864,0.433917,0.012670,-0.433300,0.897040,0.087007,0.026388,-0.083871,0.996127,0,0.14236,-0.32800,8.542,-0.656,-1,375.000,-1,400.000,-1,300.000,325.000,275.000,350.000,-1,875.000,200.000,275.000,650.000,750.000,-1,-1,2,0,2,0,2,0,0,0,0,2,1,1,1,0,0,2,2
132,-656.295,-7324.930,-170.128,-26.710,0.893963,0.448057,0.008615,-0.447122,0.890474,0.084485,0.030183,-0.079379,0.996387,0,0.22236,-0.44800,13.342,-0.896,-1,375.000,-1,400.000,-1,300.000,325.000,275.000,350.000,-1,875.000,200.000,275.000,675.000,775.000,-1,-1,2,0,2,0,2,0,0,0,0,2,1,1,1,0,0,2,2
133,-640.256,-7333.410,-170.597,-27.846,0.884864,0.465839,0.002993,-0.464514,0.881825,0.081307,0.035237,-0.073335,0.996685,0,0.30236,-0.56800,18.142,-1.136,-1,375.000,-1,400.000,-1,325.000,325.000,275.000,350.000,-1,875.000,200.000,275.000,700.000,775.000,-1,-1,2,0,2,0,2,0,0,0,0,2,1,1,1,0,0,2,2
134,-620.236,-7344.617,-171.169,-29.222,0.873314,0.487139,-0.004266,-0.485384,0.870847,0.077643,0.041538,-0.065736,0.996972,0,0.38236,-0.68800,22.942,-1.376,-1,375.000,-1,400.000,-1,325.000,325.000,300.000,325.000,-1,800.000,200.000,275.000,725.000,775.000,-1,-1,2,0,2,0,2,0,0,0,0,2,0,1,1,1,0,2,2
135,-596.419,-7358.845,-171.837,-30.838,0.859007,0.511792,-0.013249,-0.509605,0.857246,0.073704,0.049079,-0.056560,0.997192,0,0.46236,-0.80800,27.742,-1.616,-1,400.000,-1,400.000,-1,325.000,325.000,300.000,300.000,-1,650.000,200.000,275.000,750.000,800.000,-1,-1,2,0,2,0,2,0,0,0,0,2,0,1,1,1,0,2,2
136,-569.034,-7376.427,-171.319,-32.694,0.841808,0.539464,-0.018378,-0.537058,0.840495,0.071663,0.054106,-0.050456,0.997260,0,0.54236,-0.92800,32.542,-1.856,-1,400.000,-1,400.000,-1,325.000,325.000,300.000,300.000,-1,575.000,225.000,275.000,750.000,800.000,-1,-1,2,0,2,0,2,0,0,0,0,2,0,1,1,1,0,2,2
137,-538.331,-7397.683,-169.259,-34.694,0.822477,0.568516,-0.017957,-0.566086,0.821225,0.071674,0.055494,-0.048785,0.997266,0,0.62236,-1.00000,37.342,-2.000,-1,400.000,-1,400.000,-1,325.000,325.000,300.000,300.000,-1,600.000,275.000,300.000,725.000,800.000,-1,-1,2,0,2,0,2,0,0,0,0,2,0,1,1,1,0,2,2
