timestep,x_cm,y_cm,z_cm,yaw_deg,basis_xx,basis_xy,basis_xz,basis_yx,basis_yy,basis_yz,basis_zx,basis_zy,basis_zz,teleport_flag,throttle_cmd,steering_cmd,cmd_move_cm,cmd_turn_deg,lidar_cm_0,lidar_cm_1,lidar_cm_2,lidar_cm_3,lidar_cm_4,lidar_cm_5,lidar_cm_6,lidar_cm_7,lidar_cm_8,lidar_cm_9,lidar_cm_10,lidar_cm_11,lidar_cm_12,lidar_cm_13,lidar_cm_14,lidar_cm_15,lidar_cm_16,lidar_class_0,lidar_class_1,lidar_class_2,lidar_class_3,lidar_class_4,lidar_class_5,lidar_class_6,lidar_class_7,lidar_class_8,lidar_class_9,lidar_class_10,lidar_class_11,lidar_class_12,lidar_class_13,lidar_class_14,lidar_class_15,lidar_class_16
0,3611.457,2954.598,-172.206,37.048,0.794218,-0.601573,-0.085608,0.604063,0.796926,0.004071,0.065775,-0.054946,0.996321,1,0.08000,0.07016,4.800,0.140,-1,350.000,-1,300.000,-1,300.000,275.000,300.000,425.000,625.000,100.000,200.000,-1,-1,600.000,-1,-1,2,1,2,1,2,1,1,0,1,0,0,0,2,2,1,2,2
1,3619.106,2960.399,-171.624,37.179,0.792640,-0.603388,-0.087434,0.605899,0.795537,0.002771,0.067885,-0.055173,0.996166,0,0.16000,0.06560,9.600,0.131,-1,350.000,-1,300.000,-1,300.000,275.000,300.000,425.000,600.000,100.000,200.000,-1,-1,625.000,-1,-1,2,1,2,1,2,1,1,0,1,0,0,0,2,2,1,2,2
2,3630.562,2969.125,-170.729,37.295,0.791117,-0.604983,-0.090163,0.607515,0.794308,0.000811,0.071126,-0.055417,0.995927,0,0.24000,0.05776,14.400,0.116,-1,375.000,-1,300.000,-1,300.000,275.000,300.000,400.000,600.000,100.000,200.000,-1,-1,650.000,-1,-1,2,1,2,1,2,1,1,0,1,0,0,0,2,2,1,2,2
3,5575.421,-6887.289,-135.448,-143.667,-0.804297,0.592436,0.046117,-0.592270,-0.805524,0.018648,0.048196,-0.012315,0.998762,1,0.00000,0.00000,19.200,0.093,-1,400.000,-1,375.000,-1,325.000,325.000,300.000,300.000,525.000,475.000,575.000,-1,750.000,700.000,-1,-1,2,0,2,0,2,0,0,0,0,1,1,1,2,0,0,2,2
4,5579.276,-6884.429,-135.690,-143.427,-0.801805,0.595802,0.046130,-0.595648,-0.803032,0.018526,0.048082,-0.012623,0.998764,0,-0.08000,0.12000,-4.800,0.240,-1,400.000,-1,375.000,-1,325.000,325.000,300.000,300.000,525.000,475.000,575.000,-1,750.000,700.000,-1,-1,2,0,2,0,2,0,0,0,0,1,1,1,2,0,0,2,2
5,5586.938,-6878.645,-136.174,-142.947,-0.796780,0.602504,0.046164,-0.602372,-0.798006,0.018280,0.047853,-0.013243,0.998767,0,-0.16000,0.24000,-9.600,0.480,-1,375.000,-1,375.000,-1,325.000,325.000,300.000,300.000,500.000,475.000,575.000,-1,750.000,700.000,-1,-1,2,0,2,0,2,0,0,0,0,1,1,1,2,0,0,2,2
6,5598.320,-6869.824,-136.900,-142.227,-0.789136,0.612476,0.046233,-0.612379,-0.790362,0.017902,0.047505,-0.014185,0.998770,0,-0.24000,0.36000,-14.400,0.720,-1,375.000,-1,375.000,-1,325.000,325.000,300.000,300.000,500.000,475.000,575.000,-1,750.000,700.000,-1,-1,2,0,2,0,2,0,0,0,0,1,1,1,2,0,0,2,2
7,5613.297,-6857.811,-137.742,-141.267,-0.778783,0.625625,0.045720,-0.625559,-0.779980,0.017527,0.046626,-0.014951,0.998801,0,-0.32000,0.48000,-19.200,0.960,-1,375.000,-1,375.000,-1,325.000,325.000,300.000,300.000,475.000,450.000,600.000,-1,725.000,700.000,-1,-1,2,0,2,0,2,0,0,0,0,1,1,1,2,0,0,2,2
8,5631.701,-6842.406,-138.790,-140.067,-0.765533,0.641813,0.045103,-0.641785,-0.766696,0.017013,0.045499,-0.015923,0.998837,0,-0.40000,0.60000,-24.000,1.200,-1,375.000,-1,375.000,-1,325.000,325.000,300.000,300.000,450.000,450.000,600.000,-1,725.000,700.000,-1,-1,2,0,2,0,2,0,0,0,0,1,1,0,2,0,0,2,2
9,5651.467,-6824.996,-139.891,-138.627,-0.749187,0.660867,0.044426,-0.660874,-0.750313,0.016634,0.044326,-0.016898,0.998874,0,-0.43899,0.72000,-26.339,1.440,-1,375.000,-1,375.000,-1,325.000,325.000,300.000,300.000,425.000,450.000,600.000,-1,725.000,700.000,-1,-1,2,0,2,0,2,0,0,0,0,1,1,0,2,0,0,2,2
10,5670.645,-6807.080,-140.897,-136.948,-0.729530,0.682551,0.043704,-0.682576,-0.730625,0.016669,0.043308,-0.017671,0.998905,0,-0.43741,0.83920,-26.245,1.678,-1,375.000,-1,375.000,-1,325.000,325.000,300.000,300.000,425.000,450.000,575.000,-1,725.000,700.000,-1,-1,2,0,2,0,2,0,0,0,0,1,1,0,2,0,0,2,2
11,5689.185,-6788.710,-141.890,-135.264,-0.709175,0.703720,0.042994,-0.703766,-0.710237,0.016626,0.042236,-0.018467,0.998937,0,-0.43500,0.84213,-26.100,1.684,-1,375.000,-1,375.000,-1,325.000,325.000,300.000,300.000,400.000,500.000,550.000,-1,725.000,700.000,-1,-1,2,0,2,0,2,0,0,0,0,1,1,0,2,0,0,2,2
12,5707.056,-6769.928,-142.868,-133.574,-0.688137,0.724346,0.042302,-0.724415,-0.689166,0.016508,0.041111,-0.019285,0.998968,0,-0.43208,0.84490,-25.925,1.690,-1,375.000,-1,375.000,-1,325.000,325.000,300.000,300.000,400.000,550.000,525.000,-1,725.000,700.000,-1,-1,2,0,2,0,2,0,0,0,0,1,0,0,2,0,0,2,2
13,5724.225,-6750.778,-143.830,-131.879,-0.666432,0.744402,0.041635,-0.744495,-0.667428,0.016315,0.039933,-0.020125,0.999000,0,-0.42866,0.84750,-25.720,1.695,-1,375.000,-1,375.000,-1,325.000,325.000,300.000,300.000,400.000,525.000,525.000,-1,725.000,725.000,-1,-1,2,0,2,0,2,0,0,0,0,1,0,0,2,0,0,2,2
14,5740.668,-6731.308,-144.774,-130.179,-0.644079,0.763859,0.040998,-0.763979,-0.645041,0.016049,0.038704,-0.020985,0.999030,0,-0.42474,0.84993,-25.484,1.700,-1,375.000,-1,375.000,-1,325.000,325.000,300.000,300.000,400.000,500.000,500.000,-1,725.000,725.000,-1,-1,2,0,2,0,2,0,0,0,0,1,0,0,2,0,0,2,2
15,5756.359,-6711.564,-145.699,-128.475,-0.621098,0.782691,0.040395,-0.782839,-0.622026,0.015714,0.037426,-0.021863,0.999060,0,-0.42032,0.85217,-25.219,1.704,-1,375.000,-1,375.000,-1,325.000,325.000,300.000,300.000,425.000,500.000,475.000,-1,725.000,725.000,-1,-1,2,0,2,0,2,0,0,0,0,1,0,0,2,0,0,2,2
16,5771.279,-6691.597,-146.604,-126.767,-0.597509,0.800872,0.039834,-0.801049,-0.598403,0.015312,0.036100,-0.022759,0.999089,0,-0.41543,0.85422,-24.926,1.708,-1,375.000,-1,375.000,-1,325.000,325.000,300.000,300.000,450.000,475.000,450.000,-1,725.000,725.000,-1,-1,2,0,2,0,2,0,0,0,0,1,0,0,2,0,0,2,2
17,5785.411,-6671.454,-147.486,-125.055,-0.573336,0.818376,0.039317,-0.818584,-0.574195,0.014848,0.034727,-0.023671,0.999116,0,-0.41010,0.85607,-24.606,1.712,-1,375.000,-1,375.000,-1,325.000,325.000,300.000,300.000,475.000,450.000,425.000,-1,725.000,725.000,-1,-1,2,0,2,0,2,0,0,0,0,1,0,0,2,0,0,2,2
18,5798.745,-6651.186,-148.345,-123.339,-0.548603,0.835180,0.038849,-0.835419,-0.549427,0.014327,0.033310,-0.024596,0.999142,0,-0.40435,0.85772,-24.261,1.715,-1,375.000,-1,375.000,-1,325.000,325.000,300.000,300.000,550.000,450.000,400.000,-1,725.000,725.000,-1,-1,2,0,2,0,2,0,0,1,0,1,0,0,2,0,0,2,2
19,5811.273,-6630.840,-149.168,-121.621,-0.523336,0.851258,0.038456,-0.851533,-0.524123,0.013695,0.031814,-0.025579,0.999166,0,-0.39823,0.85917,-23.894,1.718,-1,375.000,-1,375.000,-1,325.000,325.000,300.000,300.000,800.000,425.000,400.000,-1,700.000,700.000,-1,-1,2,0,2,0,2,0,0,1,0,1,0,0,2,0,0,2,2
20,5822.992,-6610.462,-149.813,-119.900,-0.497563,0.866578,0.038385,-0.866915,-0.498303,0.012350,0.029830,-0.027132,0.999187,0,-0.39178,0.86041,-23.507,1.721,-1,375.000,-1,375.000,-1,325.000,325.000,275.000,300.000,875.000,425.000,375.000,-1,700.000,700.000,-1,-1,2,0,2,0,2,0,0,1,0,1,0,0,2,0,0,2,2
21,5833.902,-6590.096,-150.436,-118.177,-0.471311,0.881130,0.038411,-0.881528,-0.472003,0.010994,0.027818,-0.028679,0.999202,0,-0.38505,0.86145,-23.103,1.723,-1,375.000,-1,375.000,-1,325.000,325.000,275.000,300.000,900.000,425.000,375.000,-1,700.000,700.000,-1,-1,2,0,2,0,2,0,0,1,0,1,0,0,2,0,0,2,2
22,5844.008,-6569.785,-151.037,-116.452,-0.444609,0.894896,0.038534,-0.895354,-0.445251,0.009637,0.025781,-0.030217,0.999211,0,-0.37811,0.86230,-22.686,1.725,-1,375.000,-1,375.000,-1,325.000,325.000,250.000,300.000,925.000,425.000,375.000,-1,700.000,700.000,-1,-1,2,0,2,0,2,0,0,1,0,1,0,0,2,0,0,2,2
23,5853.320,-6549.567,-151.588,-114.727,-0.417492,0.907860,0.038613,-0.908373,-0.418079,0.008251,0.023634,-0.031630,0.999220,0,-0.37099,0.86294,-22.259,1.726,-1,375.000,-1,375.000,-1,300.000,325.000,250.000,300.000,925.000,400.000,375.000,-1,675.000,700.000,-1,-1,2,0,2,0,2,0,0,1,0,1,0,0,2,0,0,2,2
24,5861.848,-6529.476,-152.083,-113.000,-0.389991,0.920008,0.038621,-0.920571,-0.390516,0.006825,0.021361,-0.032891,0.999231,0,-0.36376,0.86339,-21.826,1.727,-1,375.000,-1,375.000,-1,300.000,325.000,250.000,300.000,950.000,400.000,375.000,-1,675.000,700.000,-1,-1,2,0,2,0,2,0,0,1,0,1,0,0,2,0,0,2,2
25,5869.609,-6509.544,-152.601,-111.272,-0.362121,0.931317,0.038947,-0.931933,-0.362590,0.005472,0.019218,-0.034314,0.999226,0,-0.35648,0.86366,-21.389,1.727,-1,375.000,-1,375.000,-1,300.000,325.000,250.000,300.000,975.000,400.000,375.000,-1,675.000,700.000,-1,-1,2,0,2,0,2,0,0,1,0,1,0,0,2,0,0,2,2
26,5876.619,-6489.799,-153.122,-109.545,-0.333917,0.941775,0.039495,-0.942446,-0.334332,0.004221,0.017180,-0.035813,0.999211,0,-0.34920,0.86375,-20.952,1.727,-1,375.000,-1,375.000,-1,300.000,325.000,225.000,300.000,1000.000,375.000,350.000,-1,675.000,700.000,-1,-1,2,0,2,0,2,0,0,1,0,1,0,0,2,0,0,2,2
27,5882.898,-6470.265,-153.484,-107.818,-0.305402,0.951393,0.039759,-0.952094,-0.305782,0.003714,0.015691,-0.036720,0.999202,0,-0.34197,0.86367,-20.518,1.727,-1,375.000,-1,375.000,-1,300.000,325.000,225.000,300.000,-1,375.000,350.000,-1,650.000,700.000,-1,-1,2,0,2,0,2,0,0,1,0,2,0,0,2,0,0,2,2
28,5888.467,-6450.962,-153.706,-106.091,-0.276640,0.960162,0.039493,-0.960874,-0.276969,0.003014,0.013833,-0.037114,0.999215,0,-0.33483,0.86342,-20.090,1.727,-1,375.000,-1,375.000,-1,300.000,300.000,225.000,300.000,-1,350.000,350.000,-1,650.000,675.000,-1,-1,2,0,2,0,2,0,0,1,0,2,0,0,2,0,0,2,2
29,5893.347,-6431.907,-153.758,-104.365,-0.247666,0.968077,0.038574,-0.968777,-0.247925,0.002010,0.011509,-0.036871,0.999254,0,-0.32784,0.86303,-19.670,1.726,-1,375.000,-1,375.000,-1,300.000,300.000,225.000,300.000,-1,375.000,350.000,-1,650.000,675.000,-1,-1,2,0,2,0,2,0,0,1,0,2,0,0,2,0,0,2,2
30,5897.562,-6413.112,-153.727,-102.640,-0.218471,0.975102,0.038045,-0.975798,-0.218671,0.001136,0.009427,-0.036876,0.999275,0,-0.32102,0.86249,-19.261,1.725,-1,375.000,-1,375.000,-1,300.000,300.000,225.000,300.000,-1,375.000,375.000,-1,650.000,675.000,-1,-1,2,0,2,0,2,0,0,1,0,2,0,0,2,0,0,2,2
31,5901.135,-6394.588,-153.660,-100.916,-0.189103,0.981242,0.037482,-0.981930,-0.189243,0.000210,0.007299,-0.036765,0.999297,0,-0.31441,0.86182,-18.865,1.724,-1,375.000,-1,375.000,-1,300.000,300.000,225.000,300.000,-1,400.000,400.000,-1,650.000,675.000,-1,-1,2,0,2,0,2,0,0,1,0,2,0,0,2,0,0,2,2
32,5904.088,-6376.343,-153.577,-99.194,-0.159589,0.986491,0.036981,-0.987170,-0.159672,-0.000723,0.005192,-0.036622,0.999316,0,-0.30805,0.86102,-18.483,1.722,-1,375.000,-1,375.000,-1,300.000,300.000,225.000,300.000,-1,400.000,400.000,-1,650.000,675.000,-1,-1,2,0,2,0,2,0,0,1,0,2,0,0,2,0,0,2,2
33,5905.924,-6362.784,-153.505,-97.712,-0.134067,0.990295,0.036620,-0.990966,-0.134105,-0.001428,0.003497,-0.036481,0.999328,0,-0.22805,0.74102,-13.683,1.482,-1,375.000,-1,375.000,-1,300.000,300.000,250.000,300.000,-1,425.000,425.000,-1,650.000,675.000,-1,-1,2,0,2,0,2,0,0,1,0,2,0,0,2,0,0,2,2
34,5906.925,-6353.957,-153.450,-96.470,-0.112602,0.992974,0.036371,-0.993638,-0.112608,-0.001893,0.002216,-0.036353,0.999337,0,-0.14805,0.62102,-8.883,1.242,650.000,375.000,-1,375.000,-1,300.000,300.000,250.000,300.000,-1,425.000,425.000,-1,650.000,675.000,-1,-1,1,0,2,0,2,0,0,1,0,2,0,0,2,0,0,2,2
35,5907.314,-6349.893,-153.419,-95.468,-0.095240,0.994795,0.036213,-0.995453,-0.095226,-0.002113,0.001346,-0.036250,0.999342,0,-0.06805,0.50102,-4.083,1.002,550.000,375.000,-1,375.000,-1,300.000,300.000,250.000,300.000,-1,425.000,425.000,-1,650.000,675.000,-1,-1,1,0,2,0,2,0,0,1,0,2,0,0,2,0,0,2,2
36,5907.255,-6350.608,-153.417,-94.706,-0.082009,0.995977,0.036129,-0.996631,-0.081987,-0.002083,0.000887,-0.036178,0.999345,0,0.01195,0.38102,0.717,0.762,525.000,375.000,-1,375.000,-1,300.000,300.000,250.000,300.000,-1,425.000,450.000,-1,650.000,675.000,-1,-1,1,0,2,0,2,0,0,1,0,2,0,0,2,0,0,2,2
37,5906.853,-6356.110,-153.447,-94.184,-0.072927,0.996683,0.036109,-0.997337,-0.072909,-0.001801,0.000837,-0.036144,0.999346,0,0.09195,0.26102,5.517,0.522,500.000,375.000,-1,375.000,-1,300.000,300.000,250.000,300.000,-1,425.000,425.000,-1,650.000,675.000,-1,-1,1,0,2,0,2,0,0,1,0,2,0,0,2,0,0,2,2
38,5906.151,-6366.404,-153.509,-93.902,-0.068003,0.997030,0.036150,-0.997684,-0.068002,-0.001266,0.001196,-0.036152,0.999346,0,0.17195,0.14102,10.317,0.282,500.000,375.000,-1,375.000,-1,300.000,300.000,250.000,300.000,-1,425.000,425.000,-1,650.000,675.000,-1,-1,1,0,2,0,2,0,0,1,0,2,0,0,2,0,0,2,2
39,5905.133,-6381.486,-153.603,-93.860,-0.067243,0.997078,0.036253,-0.997735,-0.067270,-0.000477,0.001963,-0.036203,0.999343,0,0.25195,0.02102,15.117,0.042,500.000,375.000,-1,375.000,-1,300.000,300.000,250.000,300.000,-1,400.000,425.000,-1,650.000,675.000,-1,-1,1,0,2,0,2,0,0,1,0,2,0,0,2,0,0,2,2
40,5903.750,-6401.356,-153.727,-93.983,-0.069354,0.996927,0.036418,-0.997587,-0.069421,0.000563,0.003089,-0.036291,0.999337,0,0.33195,-0.06180,19.917,-0.124,550.000,375.000,-1,375.000,-1,300.000,300.000,225.000,300.000,-1,375.000,400.000,-1,650.000,675.000,-1,-1,1,0,2,0,2,0,0,1,0,2,0,0,2,0,0,2,2
41,5901.983,-6426.010,-153.878,-94.099,-0.071318,0.996781,0.036620,-0.997444,-0.071434,0.001853,0.004463,-0.036395,0.999328,0,0.41195,-0.05786,24.717,-0.116,-1,375.000,-1,375.000,-1,300.000,300.000,225.000,300.000,-1,375.000,375.000,-1,650.000,675.000,-1,-1,2,0,2,0,2,0,0,1,0,2,0,0,2,0,0,2,2
42,5899.818,-6455.448,-154.055,-94.205,-0.073105,0.996643,0.036862,-0.997306,-0.073279,0.003391,0.006081,-0.036515,0.999315,0,0.49195,-0.05305,29.517,-0.106,-1,375.000,-1,375.000,-1,300.000,300.000,225.000,300.000,-1,350.000,350.000,-1,650.000,675.000,-1,-1,2,0,2,0,2,0,0,1,0,2,0,0,2,0,0,2,2
43,5897.243,-6489.668,-154.259,-94.303,-0.074736,0.996511,0.037144,-0.997172,-0.074979,0.005177,0.007944,-0.036652,0.999296,0,0.57195,-0.04887,34.317,-0.098,-1,375.000,-1,375.000,-1,300.000,300.000,225.000,300.000,-1,325.000,350.000,-1,650.000,675.000,-1,-1,2,0,2,0,2,0,0,1,0,2,0,0,2,0,0,2,2
44,5894.244,-6528.670,-154.487,-94.397,-0.076296,0.996381,0.037468,-0.997035,-0.076617,0.007211,0.010056,-0.036807,0.999272,0,0.65195,-0.04711,39.117,-0.094,-1,375.000,-1,375.000,-1,300.000,300.000,225.000,300.000,-1,325.000,325.000,-1,650.000,675.000,-1,-1,2,0,2,0,2,0,0,1,0,2,0,0,2,0,0,2,2
45,5890.919,-6571.017,-154.168,-94.488,-0.077830,0.996331,0.035594,-0.996896,-0.078199,0.009077,0.011828,-0.034777,0.999325,0,0.70795,-0.04532,42.477,-0.091,-1,375.000,-1,375.000,-1,300.000,300.000,225.000,300.000,-1,325.000,325.000,-1,675.000,675.000,-1,-1,2,0,2,0,2,0,0,1,0,2,0,0,2,0,0,2,2
46,5887.558,-6613.023,-153.229,-94.575,-0.079301,0.996229,0.035200,-0.996761,-0.079718,0.010597,0.013364,-0.034246,0.999324,0,0.70233,-0.04363,42.140,-0.087,-1,375.000,-1,375.000,-1,300.000,300.000,225.000,300.000,-1,350.000,350.000,-1,675.000,700.000,-1,-1,2,0,2,0,2,0,0,1,0,2,0,0,2,0,0,2,2
47,5884.163,-6654.671,-152.232,-94.659,-0.080714,0.996120,0.035070,-0.996623,-0.081187,0.012271,0.015070,-0.033961,0.999310,0,0.69644,-0.04223,41.786,-0.084,-1,375.000,-1,375.000,-1,300.000,300.000,225.000,300.000,-1,375.000,375.000,-1,675.000,700.000,-1,-1,2,0,2,0,2,0,0,1,0,2,0,0,2,0,0,2,2
48,5880.739,-6695.950,-151.244,-94.742,-0.082089,0.996012,0.034946,-0.996484,-0.082617,0.013922,0.016754,-0.033680,0.999292,0,0.69034,-0.04111,41.421,-0.082,-1,375.000,-1,375.000,-1,300.000,300.000,200.000,300.000,-1,400.000,400.000,-1,675.000,700.000,-1,-1,2,0,2,0,2,0,0,1,0,2,0,0,2,0,0,2,2
49,5877.288,-6736.850,-150.266,-94.822,-0.083437,0.995904,0.034826,-0.996343,-0.084017,0.015551,0.018414,-0.033402,0.999272,0,0.68410,-0.04027,41.046,-0.081,-1,375.000,-1,375.000,-1,300.000,300.000,200.000,300.000,-1,425.000,400.000,-1,675.000,700.000,-1,-1,2,0,2,0,2,0,0,1,0,2,0,0,2,0,0,2,2
50,5873.813,-6777.367,-149.296,-94.902,-0.084766,0.995796,0.034712,-0.996199,-0.085399,0.017158,0.020051,-0.033126,0.999250,0,0.67776,-0.03972,40.665,-0.079,-1,375.000,-1,375.000,-1,300.000,300.000,200.000,300.000,-1,425.000,425.000,-1,675.000,700.000,-1,-1,2,0,2,0,2,0,0,1,0,2,0,0,2,0,0,2,2
51,5870.316,-6817.499,-148.336,-94.981,-0.086087,0.995686,0.034603,-0.996052,-0.086770,0.018743,0.021665,-0.032853,0.999225,0,0.67139,-0.03944,40.283,-0.079,-1,375.000,-1,375.000,-1,300.000,300.000,200.000,300.000,-1,450.000,450.000,-1,675.000,725.000,-1,-1,2,0,2,0,2,0,0,1,0,2,0,0,2,0,0,2,2
52,5866.796,-6857.246,-147.385,-95.059,-0.087409,0.995575,0.034499,-0.995901,-0.088141,0.020306,0.023256,-0.032583,0.999198,0,0.66505,-0.03943,39.903,-0.079,-1,375.000,-1,375.000,-1,300.000,325.000,225.000,300.000,-1,475.000,450.000,-1,675.000,725.000,-1,-1,2,0,2,0,2,0,0,1,0,2,0,0,2,0,0,2,2
53,5863.256,-6896.615,-146.442,-95.139,-0.088741,0.995461,0.034399,-0.995745,-0.089521,0.021846,0.024826,-0.032314,0.999169,0,0.65879,-0.03968,39.528,-0.079,-1,375.000,-1,375.000,-1,300.000,325.000,225.000,300.000,-1,475.000,475.000,-1,700.000,725.000,-1,-1,2,0,2,0,2,0,0,1,0,2,0,0,2,0,0,2,2
54,5859.693,-6935.613,-145.509,-95.219,-0.090091,0.995343,0.034305,-0.995584,-0.090918,0.023365,0.026375,-0.032048,0.999138,0,0.65267,-0.04019,39.160,-0.080,-1,375.000,-1,400.000,-1,325.000,325.000,225.000,300.000,-1,500.000,475.000,-1,700.000,725.000,-1,-1,2,0,2,0,2,0,0,1,0,2,0,0,2,0,0,2,2
55,5856.108,-6974.251,-144.585,-95.301,-0.091469,0.995220,0.034214,-0.995417,-0.092342,0.024863,0.027904,-0.031783,0.999105,0,0.64673,-0.04094,38.804,-0.082,-1,375.000,-1,400.000,-1,325.000,325.000,225.000,300.000,-1,500.000,500.000,-1,700.000,725.000,-1,-1,2,0,2,0,2,0,0,1,0,2,0,0,2,0,0,2,2
56,5852.199,-7017.680,-143.548,-95.143,-0.088674,0.995477,0.034090,-0.995625,-0.089595,0.026534,0.029468,-0.031588,0.999066,0,0.72673,0.07906,43.604,0.158,-1,375.000,-1,400.000,-1,325.000,325.000,225.000,300.000,-1,525.000,500.000,-1,700.000,750.000,-1,-1,2,0,2,0,2,0,0,1,0,2,0,0,2,0,0,2,2
57,5848.350,-7064.051,-142.450,-94.745,-0.081705,0.996079,0.033916,-0.996174,-0.082677,0.028308,0.031001,-0.031473,0.999024,0,0.77550,0.19906,46.530,0.398,-1,375.000,-1,400.000,-1,325.000,325.000,250.000,300.000,-1,525.000,500.000,-1,700.000,750.000,-1,-1,2,0,2,0,2,0,0,1,0,2,0,0,2,0,0,2,2
58,5845.039,-7110.161,-141.371,-94.107,-0.070559,0.996939,0.033677,-0.996982,-0.071578,0.030066,0.032385,-0.031454,0.998980,0,0.77049,0.31906,46.229,0.638,-1,375.000,-1,400.000,-1,325.000,325.000,250.000,300.000,-1,500.000,475.000,-1,700.000,750.000,-1,-1,2,0,2,0,2,0,0,1,0,2,0,0,2,0,0,2,2
59,5842.449,-7156.074,-140.315,-93.229,-0.055228,0.997917,0.033353,-0.997907,-0.056291,0.031815,0.033626,-0.031526,0.998937,0,0.76642,0.43906,45.985,0.878,-1,375.000,-1,400.000,-1,325.000,325.000,250.000,300.000,-1,450.000,425.000,-1,700.000,750.000,-1,-1,2,0,2,0,2,0,0,1,0,2,0,0,2,0,0,2,2
60,5840.763,-7201.839,-139.253,-92.110,-0.035711,0.998824,0.032786,-0.998762,-0.036807,0.033457,0.034625,-0.031551,0.998902,0,0.76327,0.55906,45.796,1.118,-1,375.000,-1,400.000,-1,325.000,325.000,250.000,300.000,-1,425.000,400.000,-1,725.000,775.000,-1,-1,2,0,2,0,2,0,0,1,0,2,0,0,2,0,0,2,2
61,5840.010,-7247.490,-137.687,-90.945,-0.015412,0.999377,0.031740,-0.999287,-0.016489,0.033957,0.034459,-0.031194,0.998919,0,0.76097,0.58259,45.658,1.165,-1,375.000,-1,400.000,-1,325.000,325.000,250.000,300.000,-1,450.000,425.000,-1,725.000,775.000,-1,-1,2,0,2,0,2,0,0,1,0,2,0,0,2,0,0,2,2
62,5840.181,-7293.031,-136.039,-89.785,0.004819,0.999507,0.031016,-0.999404,0.003753,0.034321,0.034188,-0.031163,0.998929,0,0.75903,0.58021,45.542,1.160,-1,375.000,-1,400.000,-1,325.000,325.000,250.000,300.000,650.000,500.000,475.000,-1,725.000,775.000,-1,-1,2,0,2,0,2,0,0,1,0,1,0,0,2,0,0,2,2
63,5841.268,-7338.457,-134.419,-88.629,0.024961,0.999230,0.030280,-0.999112,0.023907,0.034699,0.033948,-0.031119,0.998939,0,0.75731,0.57771,45.439,1.155,-1,375.000,-1,400.000,-1,325.000,325.000,275.000,300.000,625.000,525.000,500.000,-1,725.000,775.000,-1,-1,2,0,2,0,2,0,0,1,0,1,0,0,2,0,0,2,2
64,5843.262,-7383.762,-132.828,-87.479,0.045003,0.998550,0.029533,-0.998417,0.043960,0.035091,0.033742,-0.031065,0.998948,0,0.75582,0.57509,45.349,1.150,-1,375.000,-1,400.000,-1,325.000,325.000,275.000,300.000,625.000,550.000,525.000,-1,725.000,775.000,-1,-1,2,0,2,0,2,0,0,1,0,1,0,0,2,0,0,2,2
65,5846.156,-7428.943,-131.262,-86.335,0.064934,0.997475,0.028775,-0.997325,0.063900,0.035499,0.033570,-0.031003,0.998955,0,0.75455,0.57236,45.273,1.145,-1,375.000,-1,400.000,-1,325.000,325.000,275.000,300.000,625.000,600.000,575.000,-1,725.000,775.000,-1,-1,2,0,2,0,2,0,0,1,0,1,0,0,2,0,0,2,2
66,5849.943,-7473.993,-129.720,-85.196,0.084740,0.996009,0.028006,-0.995842,0.083716,0.035922,0.033434,-0.030933,0.998962,0,0.75348,0.56952,45.209,1.139,-1,375.000,-1,400.000,-1,325.000,325.000,300.000,300.000,625.000,625.000,600.000,-1,725.000,775.000,-1,-1,2,0,2,0,2,0,0,1,0,1,0,0,2,0,0,2,2
67,5854.614,-7518.908,-128.200,-84.062,0.104412,0.994161,0.027226,-0.993975,0.103397,0.036363,0.033335,-0.030859,0.998968,0,0.75262,0.56659,45.157,1.133,-1,375.000,-1,400.000,-1,325.000,325.000,300.000,300.000,625.000,650.000,625.000,-1,725.000,775.000,-1,-1,2,0,2,0,2,0,0,1,0,1,0,0,2,0,0,2,2
68,5860.163,-7563.682,-126.699,-82.935,0.123940,0.991938,0.026435,-0.991732,0.122933,0.036821,0.033274,-0.030780,0.998972,0,0.75195,0.56356,45.117,1.127,-1,375.000,-1,400.000,-1,325.000,325.000,300.000,300.000,625.000,675.000,650.000,-1,750.000,775.000,-1,-1,2,0,2,0,2,0,0,1,0,1,0,0,2,0,0,2,2
69,5866.583,-7608.311,-125.215,-81.814,0.143313,0.989345,0.025633,-0.989119,0.142314,0.037298,0.033252,-0.030700,0.998975,0,0.75147,0.56043,45.088,1.121,-1,375.000,-1,400.000,-1,325.000,325.000,300.000,300.000,625.000,700.000,650.000,-1,750.000,775.000,-1,-1,2,0,2,0,2,0,0,0,0,1,0,0,2,0,0,2,2
70,5873.867,-7652.788,-123.748,-80.700,0.162522,0.986393,0.024820,-0.986144,0.161530,0.037794,0.033270,-0.030618,0.998977,0,0.75116,0.55723,45.070,1.114,-1,375.000,-1,400.000,-1,325.000,325.000,300.000,300.000,625.000,700.000,675.000,-1,750.000,775.000,-1,-1,2,0,2,0,2,0,0,0,0,1,0,0,2,0,0,2,2
71,5882.007,-7697.108,-122.295,-79.592,0.181557,0.983088,0.023994,-0.982815,0.180572,0.038310,0.033329,-0.030537,0.998978,0,0.75103,0.55394,45.062,1.108,-1,375.000,-1,400.000,-1,325.000,325.000,300.000,300.000,650.000,725.000,700.000,-1,750.000,775.000,-1,-1,2,0,2,0,2,0,0,0,0,1,0,0,2,0,0,2,2
72,5890.998,-7741.265,-120.854,-78.491,0.200410,0.979438,0.023156,-0.979142,0.199431,0.038846,0.033429,-0.030459,0.998977,0,0.75105,0.55057,45.063,1.101,-1,375.000,-1,400.000,-1,325.000,325.000,300.000,300.000,650.000,750.000,725.000,-1,775.000,775.000,-1,-1,2,0,2,0,2,0,0,0,0,1,0,0,2,0,0,2,2
73,5900.834,-7785.253,-119.437,-77.397,0.219074,0.975452,0.022365,-0.975132,0.218099,0.039375,0.033530,-0.030435,0.998974,0,0.75123,0.54712,45.074,1.094,-1,400.000,-1,400.000,-1,325.000,325.000,325.000,300.000,675.000,750.000,725.000,-1,775.000,800.000,-1,-1,2,0,2,0,2,0,0,0,0,1,0,0,2,0,0,2,2
74,5911.506,-7829.065,-118.043,-76.309,0.237543,0.971131,0.021882,-0.970801,0.236567,0.039761,0.033437,-0.030688,0.998970,0,0.75156,0.54361,45.093,1.087,-1,400.000,-1,400.000,-1,325.000,325.000,325.000,300.000,700.000,775.000,750.000,-1,775.000,800.000,-1,-1,2,0,2,0,2,0,0,0,0,1,0,0,2,0,0,2,2
75,5923.010,-7872.695,-116.694,-75.229,0.255801,0.966493,0.021387,-0.966160,0.254828,0.039968,0.033179,-0.030887,0.998972,0,0.75202,0.54002,45.121,1.080,-1,400.000,-1,400.000,-1,325.000,325.000,325.000,300.000,725.000,800.000,775.000,-1,800.000,800.000,-1,-1,2,0,2,0,2,0,0,0,0,1,0,0,2,0,0,2,2
76,5936.444,-7920.775,-115.220,-74.389,0.269937,0.962652,0.020848,-0.962310,0.268970,0.040190,0.033081,-0.030911,0.998975,0,0.83202,0.42002,49.921,0.840,-1,400.000,-1,400.000,-1,325.000,325.000,325.000,300.000,750.000,850.000,825.000,-1,800.000,800.000,-1,-1,2,0,2,0,2,0,0,0,0,1,0,0,2,0,0,2,2
77,5950.625,-7969.553,-113.676,-73.789,0.279983,0.959792,0.020198,-0.959445,0.279040,0.040027,0.032782,-0.030585,0.998994,0,0.84663,0.30002,50.798,0.600,-1,400.000,-1,400.000,-1,325.000,325.000,325.000,300.000,775.000,875.000,850.000,-1,800.000,800.000,-1,-1,2,0,2,0,2,0,0,0,0,1,0,0,2,0,0,2,2
78,5965.115,-8018.251,-112.245,-73.429,0.285995,0.958019,0.020137,-0.957691,0.285065,0.039564,0.032163,-0.030600,0.999014,0,0.84680,0.18002,50.808,0.360,-1,400.000,-1,400.000,-1,325.000,325.000,300.000,300.000,775.000,950.000,900.000,-1,800.000,800.000,-1,-1,2,0,2,0,2,0,0,0,0,1,0,0,2,0,0,2,2
79,5979.710,-8066.926,-110.805,-73.309,0.287987,0.957423,0.020099,-0.957112,0.287073,0.039062,0.031629,-0.030486,0.999035,0,0.84693,0.06002,50.816,0.120,-1,400.000,-1,400.000,-1,325.000,325.000,300.000,300.000,800.000,1000.000,975.000,-1,800.000,800.000,-1,-1,2,0,2,0,2,0,0,0,0,1,0,0,2,0,0,2,2
80,5994.205,-8115.639,-109.348,-73.429,0.285965,0.958030,0.020070,-0.957733,0.285070,0.038512,0.031175,-0.030235,0.999057,0,0.84707,-0.05998,50.824,-0.120,-1,400.000,-1,400.000,-1,325.000,325.000,300.000,300.000,825.000,-1,-1,-1,800.000,800.000,-1,-1,2,0,2,0,2,0,0,0,0,1,2,2,2,0,0,2,2
81,6008.397,-8164.456,-107.864,-73.789,0.279924,0.959813,0.020037,-0.959528,0.279049,0.037908,0.030793,-0.029838,0.999080,0,0.84730,-0.17998,50.838,-0.360,-1,400.000,-1,400.000,-1,325.000,325.000,300.000,300.000,825.000,-1,-1,-1,800.000,800.000,-1,-1,2,0,2,0,2,0,0,0,0,1,2,2,2,0,0,2,2
82,6022.084,-8213.440,-106.345,-74.389,0.269838,0.962698,0.019984,-0.962423,0.268988,0.037244,0.030479,-0.029283,0.999106,0,0.84767,-0.29998,50.860,-0.600,-1,400.000,-1,400.000,-1,325.000,325.000,300.000,300.000,850.000,-1,-1,-1,800.000,800.000,-1,-1,2,0,2,0,2,0,0,0,0,1,2,2,2,0,0,2,2
83,6035.060,-8262.653,-104.783,-75.229,0.255674,0.966558,0.019892,-0.966290,0.254852,0.036515,0.030224,-0.028557,0.999135,0,0.84825,-0.41998,50.895,-0.840,-1,400.000,-1,400.000,-1,325.000,325.000,300.000,300.000,875.000,-1,-1,-1,775.000,800.000,-1,-1,2,0,2,0,2,0,0,0,0,1,2,2,2,0,0,2,2
84,6046.344,-8307.345,-103.341,-75.829,0.245518,0.969190,0.019796,-0.968932,0.244721,0.035816,0.029868,-0.027974,0.999162,0,0.76825,-0.29998,46.095,-0.600,-1,400.000,-1,400.000,-1,325.000,325.000,300.000,300.000,900.000,-1,-1,-1,775.000,800.000,-1,-1,2,0,2,0,2,0,0,0,0,1,2,2,2,0,0,2,2
85,6057.038,-8350.847,-101.954,-76.189,0.239409,0.970717,0.019812,-0.970471,0.238629,0.035245,0.029485,-0.027665,0.999182,0,0.74663,-0.17998,44.798,-0.360,-1,400.000,-1,400.000,-1,325.000,325.000,300.000,300.000,950.000,-1,-1,-1,775.000,800.000,-1,-1,2,0,2,0,2,0,0,0,0,1,2,2,2,0,0,2,2
86,6067.667,-8394.479,-100.560,-76.309,0.237363,0.971218,0.019870,-0.970989,0.236598,0.034677,0.028977,-0.027524,0.999201,0,0.74846,-0.05998,44.907,-0.120,-1,400.000,-1,400.000,-1,325.000,325.000,300.000,300.000,975.000,-1,-1,-1,775.000,800.000,-1,-1,2,0,2,0,2,0,0,0,0,1,2,2,2,0,0,2,2
87,6078.421,-8438.221,-99.160,-76.189,0.239384,0.970720,0.019967,-0.970511,0.238632,0.034096,0.028333,-0.027540,0.999219,0,0.75074,0.06002,45.044,0.120,-1,400.000,-1,400.000,-1,325.000,325.000,300.000,300.000,1000.000,-1,-1,-1,775.000,800.000,-1,-1,2,0,2,0,2,0,0,0,0,1,2,2,2,0,0,2,2
88,6089.487,-8482.049,-97.797,-75.829,0.245465,0.969200,0.019958,-0.969011,0.244727,0.033554,0.027636,-0.027576,0.999238,0,0.75340,0.18002,45.204,0.360,-1,400.000,-1,400.000,-1,325.000,325.000,325.000,300.000,-1,-1,-1,-1,775.000,800.000,-1,-1,2,0,2,0,2,0,0,0,0,2,2,2,2,0,0,2,2
89,6101.058,-8525.932,-96.554,-75.229,0.255573,0.966590,0.019658,-0.966424,0.254865,0.032676,0.026574,-0.027349,0.999273,0,0.75637,0.30002,45.382,0.600,-1,400.000,-1,400.000,-1,325.000,325.000,325.000,300.000,-1,-1,-1,-1,775.000,775.000,-1,-1,2,0,2,0,2,0,0,0,0,2,2,2,2,0,0,2,2
90,6113.323,-8569.825,-95.321,-74.389,0.269690,0.962751,0.019430,-0.962612,0.269009,0.031814,0.025402,-0.027284,0.999305,0,0.75959,0.42002,45.575,0.840,-1,400.000,-1,400.000,-1,325.000,325.000,325.000,300.000,-1,-1,-1,-1,775.000,775.000,-1,-1,2,0,2,0,2,0,0,0,0,2,2,2,2,0,0,2,2
91,6126.472,-8613.676,-94.199,-73.309,0.287780,0.957496,0.019578,-0.957385,0.287105,0.031386,0.024431,-0.027776,0.999316,0,0.76299,0.54002,45.780,1.080,-1,400.000,-1,400.000,-1,325.000,325.000,325.000,300.000,-1,-1,-1,-1,750.000,775.000,-1,-1,2,0,2,0,2,0,0,0,0,2,2,2,2,0,0,2,2
92,6140.693,-8657.414,-93.124,-71.989,0.309758,0.950607,0.019890,-0.950526,0.309080,0.031139,0.023453,-0.028552,0.999317,0,0.76653,0.66002,45.992,1.320,-1,400.000,-1,400.000,-1,325.000,325.000,325.000,300.000,-1,-1,-1,-1,750.000,775.000,-1,-1,2,0,2,0,2,0,0,0,0,2,2,2,2,0,0,2,2
93,6156.172,-8700.953,-92.063,-70.429,0.335519,0.941815,0.020264,-0.941768,0.334836,0.030961,0.022374,-0.029472,0.999315,0,0.77015,0.78002,46.209,1.560,-1,400.000,-1,400.000,-1,325.000,325.000,325.000,300.000,-1,-1,-1,-1,750.000,775.000,-1,-1,2,0,2,0,2,0,0,0,0,2,2,2,2,0,0,2,2
94,6173.092,-8744.188,-91.021,-68.629,0.364934,0.930803,0.020705,-0.930792,0.364243,0.030872,0.021194,-0.030539,0.999309,0,0.77380,0.90002,46.428,1.800,-1,400.000,-1,375.000,-1,325.000,325.000,325.000,300.000,-1,-1,-1,-1,750.000,775.000,-1,-1,2,0,2,0,2,0,0,0,0,2,2,2,2,0,0,2,2
95,6192.567,-8789.702,-89.941,-66.835,0.393893,0.918911,0.021218,-0.918938,0.393191,0.030902,0.020054,-0.031670,0.999297,0,0.82510,0.89701,49.506,1.794,-1,400.000,-1,400.000,-1,325.000,325.000,325.000,300.000,-1,-1,-1,-1,750.000,775.000,-1,-1,2,0,2,0,2,0,0,0,0,2,2,2,2,1,0,2,2
96,6213.610,-8834.903,-88.883,-65.037,0.422517,0.906093,0.021772,-0.906157,0.421800,0.031061,0.018961,-0.032852,0.999280,0,0.83100,0.89862,49.860,1.797,-1,400.000,-1,400.000,-1,325.000,325.000,325.000,325.000,-1,-1,-1,-1,750.000,775.000,-1,-1,2,0,2,0,2,0,0,0,0,2,2,2,2,1,0,2,2
97,6236.226,-8879.747,-87.847,-63.237,0.450769,0.892361,0.022356,-0.892461,0.450034,0.031356,0.017920,-0.034086,0.999258,0,0.83707,0.89997,50.224,1.800,-1,400.000,-1,400.000,-1,325.000,325.000,325.000,325.000,-1,-1,-1,-1,725.000,800.000,-1,-1,2,0,2,0,2,0,0,0,0,2,2,2,2,1,0,2,2
98,6260.420,-8924.186,-86.834,-61.435,0.478610,0.877727,0.022960,-0.877864,0.477853,0.031795,0.016936,-0.035373,0.999231,0,0.84331,0.90107,50.599,1.802,-1,400.000,-1,400.000,-1,325.000,325.000,325.000,325.000,-1,-1,-1,-1,725.000,800.000,975.000,-1,2,0,2,0,2,0,0,0,0,2,2,2,2,1,0,1,2
99,6286.196,-8968.174,-85.881,-59.631,0.505998,0.862214,0.023510,-0.862388,0.505222,0.032225,0.015907,-0.036581,0.999204,0,0.84972,0.90188,50.983,1.804,-1,400.000,-1,400.000,-1,325.000,325.000,325.000,325.000,-1,-1,-1,-1,700.000,800.000,950.000,-1,2,0,2,0,2,0,0,0,0,2,2,2,2,1,0,1,2
100,6315.945,-9015.362,-85.081,-57.771,0.533705,0.845340,0.023646,-0.845545,0.532935,0.032169,0.014592,-0.037163,0.999203,0,0.92972,0.93017,55.783,1.860,-1,400.000,-1,400.000,-1,325.000,325.000,325.000,325.000,-1,-1,-1,-1,675.000,800.000,925.000,-1,2,0,2,0,2,0,0,0,0,2,2,2,2,1,0,1,2
101,6347.876,-9062.539,-84.385,-55.909,0.560878,0.827567,0.023435,-0.827787,0.560114,0.032255,0.013567,-0.037490,0.999205,0,0.94946,0.93103,56.968,1.862,-1,400.000,-1,400.000,-1,325.000,325.000,325.000,325.000,-1,-1,-1,-1,650.000,825.000,875.000,-1,2,0,2,0,2,0,0,0,0,2,2,2,2,1,0,1,2
102,6381.933,-9109.495,-83.725,-54.047,0.587459,0.808919,0.023282,-0.809158,0.586701,0.032343,0.012503,-0.037839,0.999206,0,0.96677,0.93102,58.006,1.862,-1,400.000,-1,400.000,-1,325.000,325.000,325.000,325.000,-1,-1,-1,-1,625.000,-1,850.000,-1,2,1,2,0,2,0,0,0,0,2,2,2,2,1,2,1,2
103,6418.151,-9156.164,-83.244,-52.187,0.613377,0.789454,0.023033,-0.789714,0.612652,0.031765,0.010966,-0.037674,0.999230,0,0.98458,0.93004,59.075,1.860,-1,375.000,-1,400.000,-1,325.000,325.000,325.000,325.000,-1,-1,-1,-1,600.000,-1,800.000,-1,2,1,2,0,2,0,0,0,0,2,2,2,2,1,2,1,2
104,6456.452,-9202.349,-82.804,-50.331,0.638596,0.769202,0.022897,-0.769485,0.637903,0.031176,0.009374,-0.037527,0.999252,0,1.00000,0.92802,60.000,1.856,-1,375.000,875.000,400.000,-1,325.000,325.000,325.000,300.000,-1,-1,-1,-1,575.000,-1,775.000,-1,2,1,1,0,2,1,0,0,0,2,2,2,2,1,2,1,2
105,6496.224,-9247.273,-82.503,-48.481,0.663058,0.748203,0.023355,-0.748531,0.662393,0.030615,0.007436,-0.037782,0.999258,0,1.00000,0.92486,60.000,1.850,-1,375.000,800.000,400.000,-1,300.000,325.000,325.000,300.000,-1,-1,-1,-1,550.000,-1,750.000,-1,2,1,1,0,2,1,0,0,0,2,2,2,2,1,2,1,2
106,6537.419,-9290.896,-82.310,-46.640,0.686713,0.726524,0.024264,-0.726910,0.686072,0.030116,0.005233,-0.038319,0.999252,0,1.00000,0.92042,60.000,1.841,-1,350.000,725.000,400.000,-1,300.000,325.000,325.000,300.000,-1,-1,-1,-1,525.000,650.000,700.000,-1,2,1,1,0,2,1,1,0,0,2,2,2,2,1,1,1,2
107,6579.985,-9333.181,-82.165,-44.811,0.709511,0.704238,0.025348,-0.704688,0.708898,0.029650,0.002911,-0.038900,0.999239,0,1.00000,0.91462,60.000,1.829,-1,325.000,675.000,375.000,-1,275.000,300.000,325.000,300.000,-1,-1,-1,-1,475.000,550.000,675.000,-1,2,1,1,1,2,1,1,0,0,2,2,2,2,1,1,1,2
108,6623.869,-9374.098,-82.068,-42.996,0.731410,0.681419,0.026607,-0.681938,0.730826,0.029235,0.000476,-0.039527,0.999218,0,1.00000,0.90737,60.000,1.815,-1,325.000,600.000,350.000,-1,275.000,275.000,325.000,300.000,-1,-1,-1,-1,450.000,500.000,625.000,-1,2,1,1,1,2,1,1,0,0,2,2,2,2,1,1,1,2
109,6669.014,-9413.618,-82.181,-41.199,0.752382,0.658162,0.027276,-0.658725,0.751834,0.028749,-0.001585,-0.039597,0.999214,0,1.00000,0.89858,60.000,1.797,-1,300.000,550.000,300.000,-1,250.000,250.000,325.000,300.000,-1,-1,-1,-1,425.000,425.000,600.000,-1,2,1,1,1,2,1,1,0,0,2,2,2,2,1,1,1,2
110,6715.363,-9451.720,-82.385,-39.423,0.772384,0.634542,0.027906,-0.635145,0.771876,0.028249,-0.003615,-0.039543,0.999211,0,1.00000,0.88814,60.000,1.776,-1,275.000,475.000,275.000,-1,225.000,225.000,325.000,300.000,-1,-1,-1,-1,375.000,375.000,575.000,450.000,2,1,1,1,2,1,1,0,0,2,2,2,2,1,1,1,1
111,6758.928,-9485.618,-82.611,-37.887,0.789082,0.613621,0.028601,-0.614263,0.788612,0.027800,-0.005497,-0.039505,0.999204,0,0.92000,0.76814,55.200,1.536,-1,250.000,425.000,225.000,-1,200.000,200.000,325.000,325.000,-1,-1,-1,-1,350.000,325.000,525.000,350.000,2,1,1,1,2,1,1,0,0,2,2,2,2,1,1,1,1
112,6799.397,-9515.658,-81.030,-36.590,0.802874,0.595452,0.028821,-0.596147,0.802059,0.036193,-0.001564,-0.046240,0.998929,0,0.84000,0.64814,50.400,1.296,-1,250.000,400.000,225.000,-1,200.000,200.000,300.000,325.000,-1,-1,-1,-1,325.000,275.000,525.000,300.000,2,1,1,1,2,1,1,0,0,2,2,2,2,1,1,1,1
113,6836.508,-9542.155,-78.018,-35.534,0.813998,0.580203,0.027782,-0.580821,0.812393,0.051627,0.007384,-0.058160,0.998280,0,0.76000,0.52814,45.600,1.056,-1,225.000,375.000,200.000,-1,200.000,175.000,300.000,375.000,-1,-1,-1,-1,325.000,275.000,525.000,275.000,2,1,1,1,2,1,1,0,0,2,2,2,2,1,1,1,1
114,6870.047,-9565.389,-74.019,-34.718,0.822545,0.568307,0.021150,-0.568359,0.820195,0.065171,0.019690,-0.065627,0.997650,0,0.68000,0.40814,40.800,0.816,-1,225.000,375.000,200.000,-1,200.000,175.000,300.000,400.000,-1,350.000,525.000,-1,325.000,250.000,575.000,250.000,2,1,1,1,2,1,1,0,0,2,0,0,2,1,1,1,1
115,6899.845,-9585.591,-70.098,-34.141,0.828524,0.559779,0.013985,-0.559046,0.825502,0.077546,0.031864,-0.072067,0.996891,0,0.60000,0.28814,36.000,0.576,-1,225.000,350.000,200.000,-1,200.000,175.000,300.000,425.000,-1,225.000,325.000,-1,325.000,250.000,625.000,250.000,2,1,1,1,2,1,1,0,0,2,0,0,2,1,1,1,1
116,9511.020,983.895,-75.349,-116.771,-0.450763,0.892639,-0.002957,-0.892037,-0.450332,0.038363,0.032912,0.019930,0.999260,1,0.00000,0.00000,31.200,0.336,-1,400.000,-1,375.000,-1,325.000,325.000,300.000,300.000,-1,850.000,825.000,-1,850.000,725.000,-1,-1,2,0,2,0,2,0,0,0,0,2,0,0,2,0,0,2,2
117,9508.876,979.601,-75.187,-116.531,-0.447015,0.894522,-0.002855,-0.893917,-0.446591,0.038327,0.033009,0.019685,0.999261,0,0.08000,0.12000,4.800,0.240,-1,400.000,-1,375.000,-1,325.000,325.000,300.000,300.000,-1,850.000,825.000,-1,850.000,725.000,-1,-1,2,0,2,0,2,0,0,0,0,2,0,0,2,0,0,2,2
118,9504.644,970.984,-74.865,-116.155,-0.441131,0.897439,-0.002647,-0.896830,-0.440719,0.038245,0.033156,0.019245,0.999265,0,0.16000,0.18786,9.600,0.376,-1,400.000,-1,375.000,-1,325.000,325.000,300.000,300.000,-1,850.000,825.000,-1,850.000,725.000,-1,-1,2,0,2,0,2,0,0,0,0,2,0,0,2,0,0,2,2
119,9498.382,958.017,-74.384,-115.776,-0.435176,0.900343,-0.002324,-0.899730,-0.434781,0.038104,0.033296,0.018673,0.999271,0,0.24000,0.18940,14.400,0.379,-1,400.000,-1,375.000,-1,325.000,325.000,300.000,300.000,-1,875.000,850.000,-1,850.000,725.000,-1,-1,2,0,2,0,2,0,0,0,0,2,0,0,2,0,0,2,2
120,9490.148,940.672,-73.743,-115.393,-0.429124,0.903244,-0.001883,-0.902627,-0.428752,0.037901,0.033427,0.017964,0.999280,0,0.32000,0.19171,19.200,0.383,-1,400.000,-1,375.000,-1,325.000,325.000,300.000,300.000,-1,875.000,875.000,-1,850.000,750.000,-1,-1,2,0,2,0,2,0,0,0,0,2,0,0,2,0,0,2,2
121,9480.004,918.921,-72.940,-115.003,-0.422951,0.906151,-0.001320,-0.905531,-0.422607,0.037634,0.033544,0.017113,0.999291,0,0.40000,0.19479,24.000,0.390,-1,400.000,-1,375.000,-1,325.000,325.000,275.000,300.000,-1,900.000,900.000,-1,850.000,750.000,-1,-1,2,0,2,0,2,0,0,0,0,2,0,0,2,0,0,2,2
122,9468.012,892.736,-71.975,-114.606,-0.416632,0.909075,-0.000629,-0.908452,-0.416321,0.037299,0.033646,0.016111,0.999304,0,0.48000,0.19864,28.800,0.397,-1,400.000,-1,375.000,-1,325.000,325.000,275.000,300.000,-1,925.000,925.000,-1,850.000,750.000,-1,-1,2,0,2,0,2,0,0,0,0,2,0,0,2,0,0,2,2
123,9454.239,862.089,-70.844,-114.199,-0.410140,0.912023,0.000200,-0.911399,-0.409867,0.036890,0.033727,0.014948,0.999319,0,0.56000,0.20327,33.600,0.407,-1,400.000,-1,375.000,-1,325.000,325.000,275.000,300.000,-1,950.000,950.000,-1,875.000,775.000,-1,-1,2,0,2,0,2,0,0,0,0,2,0,0,2,0,0,2,2
124,9438.752,826.951,-69.547,-113.785,-0.403489,0.914984,0.001174,-0.914361,-0.403261,0.036402,0.033780,0.013615,0.999337,0,0.64000,0.20742,38.400,0.415,-1,400.000,-1,375.000,-1,325.000,325.000,275.000,300.000,-1,1000.000,1000.000,-1,875.000,775.000,-1,-1,2,0,2,0,2,0,0,0,0,2,0,0,2,0,0,2,2
125,9422.746,789.758,-68.166,-113.284,-0.395438,0.918490,0.002212,-0.917869,-0.395257,0.035880,0.033829,0.012158,0.999354,0,0.67484,0.25035,40.490,0.501,-1,425.000,-1,375.000,-1,325.000,325.000,275.000,300.000,-1,-1,-1,-1,875.000,800.000,-1,-1,2,0,2,0,2,0,0,0,0,2,2,2,2,0,0,2,2
126,9407.067,752.427,-66.764,-112.783,-0.387357,0.921924,0.003220,-0.921309,-0.387222,0.035328,0.033817,0.010719,0.999371,0,0.67484,0.25035,40.490,0.501,-1,425.000,-1,400.000,-1,325.000,325.000,275.000,300.000,-1,-1,-1,-1,900.000,800.000,-1,-1,2,0,2,0,2,0,0,0,0,2,2,2,2,0,0,2,2
127,9391.713,714.960,-65.442,-112.282,-0.379236,0.925289,0.004480,-0.924694,-0.379158,0.034367,0.033498,0.008891,0.999399,0,0.67484,0.25035,40.490,0.501,-1,425.000,-1,400.000,-1,325.000,325.000,275.000,300.000,-1,-1,-1,-1,900.000,825.000,-1,-1,2,0,2,0,2,0,0,0,0,2,2,2,2,0,0,2,2
128,9376.688,677.361,-64.176,-111.782,-0.371078,0.928583,0.005945,-0.928017,-0.371064,0.033106,0.032948,0.006768,0.999434,0,0.67484,0.25035,40.490,0.501,-1,425.000,-1,400.000,-1,325.000,325.000,275.000,300.000,-1,-1,-1,-1,900.000,825.000,-1,-1,2,0,2,0,2,0,0,0,0,2,2,2,2,0,0,2,2
129,9361.992,639.632,-62.828,-111.281,-0.362900,0.931800,0.007255,-0.931257,-0.362939,0.032180,0.032619,0.004922,0.999456,0,0.67484,0.25035,40.490,0.501,-1,425.000,-1,400.000,-1,325.000,325.000,275.000,300.000,-1,-1,-1,-1,900.000,850.000,-1,-1,2,0,2,0,2,0,0,0,0,2,2,2,2,0,0,2,2
130,9347.627,601.776,-61.478,-110.780,-0.354693,0.934943,0.008617,-0.934426,-0.354785,0.031224,0.032250,0.003023,0.999475,0,0.67484,0.25035,40.490,0.501,-1,425.000,-1,400.000,-1,325.000,325.000,275.000,300.000,-1,-1,-1,-1,925.000,850.000,-1,-1,2,0,2,0,2,0,0,0,0,2,2,2,2,0,0,2,2
131,9333.592,563.795,-60.166,-110.280,-0.346462,0.938011,0.009937,-0.937520,-0.346603,0.030393,0.031953,0.001214,0.999489,0,0.67484,0.25035,40.490,0.501,-1,425.000,-1,400.000,-1,325.000,325.000,275.000,300.000,-1,-1,-1,-1,925.000,875.000,-1,-1,2,0,2,0,2,0,0,0,0,2,2,2,2,0,0,2,2
132,9319.891,525.694,-59.106,-109.779,-0.338240,0.941005,0.010185,-0.940552,-0.338393,0.029207,0.030931,0.000300,0.999521,0,0.67484,0.25035,40.490,0.501,-1,425.000,-1,425.000,-1,325.000,325.000,275.000,300.000,-1,-1,-1,-1,925.000,875.000,-1,-1,2,0,2,0,2,0,0,0,0,2,2,2,2,0,0,2,2
133,9306.522,487.474,-58.209,-109.278,-0.330013,0.943926,0.009754,-0.943518,-0.330157,0.027754,0.029418,-0.000044,0.999567,0,0.67484,0.25035,40.490,0.501,-1,425.000,-1,425.000,-1,325.000,325.000,275.000,300.000,-1,-1,-1,-1,925.000,900.000,-1,-1,2,0,2,0,2,0,0,0,0,2,2,2,2,0,0,2,2
134,9293.426,448.951,-57.321,-108.777,-0.321746,0.946780,0.009330,-0.946416,-0.321881,0.026254,0.027860,-0.000383,0.999612,0,0.67814,0.25077,40.688,0.502,-1,425.000,-1,425.000,-1,325.000,325.000,275.000,300.000,-1,-1,-1,-1,925.000,900.000,-1,-1,2,0,2,0,2,0,0,0,0,2,2,2,2,0,0,2,2
