timestep,x_cm,y_cm,z_cm,yaw_deg,basis_xx,basis_xy,basis_xz,basis_yx,basis_yy,basis_yz,basis_zx,basis_zy,basis_zz,teleport_flag,throttle_cmd,steering_cmd,cmd_move_cm,cmd_turn_deg,lidar_cm_0,lidar_cm_1,lidar_cm_2,lidar_cm_3,lidar_cm_4,lidar_cm_5,lidar_cm_6,lidar_cm_7,lidar_cm_8,lidar_cm_9,lidar_cm_10,lidar_cm_11,lidar_cm_12,lidar_cm_13,lidar_cm_14,lidar_cm_15,lidar_cm_16,lidar_class_0,lidar_class_1,lidar_class_2,lidar_class_3,lidar_class_4,lidar_class_5,lidar_class_6,lidar_class_7,lidar_class_8,lidar_class_9,lidar_class_10,lidar_class_11,lidar_class_12,lidar_class_13,lidar_class_14,lidar_class_15,lidar_class_16
0,-8195.565,-8851.896,-159.209,41.176,0.751855,-0.656212,0.064027,0.659175,0.750225,-0.051486,-0.014249,0.080915,0.996619,1,0.08000,0.12000,4.800,0.240,-1,375.000,900.000,375.000,700.000,325.000,325.000,300.000,300.000,-1,-1,-1,-1,725.000,525.000,-1,575.000,2,0,1,0,1,0,0,0,0,2,2,2,2,0,1,2,1
1,-8188.392,-8845.515,-159.318,41.656,0.746360,-0.662470,0.063880,0.665408,0.744696,-0.051575,-0.013404,0.080999,0.996624,0,0.16000,0.24000,9.600,0.480,-1,375.000,925.000,375.000,675.000,325.000,325.000,300.000,300.000,-1,-1,-1,-1,725.000,525.000,-1,575.000,2,0,1,0,1,0,0,0,0,2,2,2,2,0,1,2,1
2,-8177.755,-8835.810,-159.463,42.376,0.738019,-0.671768,0.063679,0.674670,0.736305,-0.051719,-0.012143,0.081132,0.996629,0,0.24000,0.36000,14.400,0.720,-1,375.000,950.000,375.000,650.000,325.000,325.000,300.000,300.000,-1,-1,-1,-1,725.000,525.000,-1,550.000,2,0,1,0,1,0,0,0,0,2,2,2,2,0,1,2,1
3,-8163.791,-8822.633,-159.628,43.336,0.726719,-0.684001,0.063428,0.686856,0.724936,-0.051929,-0.010462,0.081304,0.996634,0,0.32000,0.48000,19.200,0.960,-1,375.000,-1,375.000,600.000,325.000,325.000,300.000,300.000,-1,-1,-1,-1,725.000,500.000,-1,525.000,2,0,2,0,1,0,0,0,0,2,2,2,2,0,1,2,1
4,-8146.684,-8805.801,-159.793,44.536,0.712309,-0.699022,0.063123,0.701816,0.710442,-0.052215,-0.008346,0.081495,0.996639,0,0.40000,0.60000,24.000,1.200,-1,375.000,-1,375.000,550.000,325.000,325.000,300.000,300.000,-1,-1,-1,-1,725.000,500.000,-1,500.000,2,0,2,1,1,0,0,0,0,2,2,2,2,0,1,2,1
5,-8126.671,-8785.093,-159.887,45.976,0.694602,-0.716652,0.062748,0.719370,0.692649,-0.052392,-0.005915,0.081530,0.996653,0,0.48000,0.72000,28.800,1.440,-1,375.000,-1,375.000,500.000,325.000,325.000,300.000,300.000,-1,-1,-1,-1,725.000,475.000,-1,475.000,2,0,2,1,1,0,0,0,0,2,2,2,2,0,1,2,1
6,-8103.917,-8760.371,-159.929,47.373,0.677008,-0.733331,0.062342,0.735968,0.674967,-0.052643,-0.003474,0.081521,0.996666,0,0.56000,0.69868,33.600,1.397,-1,375.000,-1,375.000,450.000,325.000,325.000,300.000,300.000,-1,-1,-1,-1,725.000,475.000,-1,450.000,2,0,2,1,1,0,0,0,0,2,2,2,2,0,1,2,1
7,-8078.607,-8731.494,-159.904,48.765,0.659095,-0.749506,0.061917,0.752059,0.656961,-0.053009,-0.000947,0.081503,0.996673,0,0.64000,0.69575,38.400,1.391,-1,375.000,-1,350.000,400.000,325.000,325.000,300.000,300.000,-1,-1,850.000,-1,725.000,450.000,-1,400.000,2,0,2,1,1,0,0,0,0,2,2,0,2,0,1,2,1
8,-8053.106,-8700.942,-159.802,50.149,0.640889,-0.765165,0.061509,0.767632,0.638658,-0.053458,0.001621,0.081477,0.996674,0,0.66329,0.69238,39.798,1.385,-1,375.000,-1,350.000,375.000,325.000,325.000,300.000,300.000,-1,-1,850.000,-1,725.000,425.000,-1,375.000,2,0,2,1,1,0,0,0,0,2,2,0,2,0,1,2,1
9,-8028.301,-8669.727,-159.622,51.527,0.622413,-0.780298,0.061134,0.782678,0.620082,-0.053975,0.004208,0.081443,0.996669,0,0.66452,0.68869,39.871,1.377,-1,400.000,-1,325.000,325.000,325.000,325.000,300.000,300.000,-1,-1,850.000,-1,750.000,400.000,-1,350.000,2,0,2,1,1,0,0,0,0,2,2,0,2,0,1,2,1
10,-8004.214,-8637.882,-159.366,52.896,0.603690,-0.794898,0.060797,0.797190,0.601258,-0.054555,0.006811,0.081401,0.996658,0,0.66549,0.68474,39.929,1.369,-1,400.000,-1,325.000,300.000,325.000,325.000,300.000,300.000,-1,950.000,850.000,-1,750.000,400.000,-1,300.000,2,0,2,1,1,0,0,0,0,2,0,0,2,0,1,2,1
11,-7980.867,-8605.441,-159.063,54.257,0.584739,-0.808965,0.060463,0.811168,0.582216,-0.055050,0.009331,0.081235,0.996651,0,0.66616,0.68050,39.970,1.361,-1,400.000,-1,325.000,250.000,325.000,325.000,300.000,300.000,-1,950.000,850.000,-1,750.000,375.000,-1,275.000,2,0,2,1,1,0,0,0,0,2,0,0,2,0,1,2,1
12,-7958.279,-8572.441,-158.715,55.609,0.565583,-0.822497,0.060124,0.824607,0.562981,-0.055454,0.011762,0.080942,0.996649,0,0.66652,0.67599,39.991,1.352,-1,400.000,-1,300.000,225.000,325.000,325.000,300.000,300.000,-1,950.000,850.000,-1,750.000,375.000,-1,250.000,2,0,2,1,1,0,0,0,1,2,0,0,2,0,1,2,1
13,-7936.471,-8538.921,-158.291,56.952,0.546256,-0.835479,0.059827,0.837498,0.543571,-0.055930,0.014208,0.080657,0.996641,0,0.66652,0.67119,39.991,1.342,-1,400.000,-1,300.000,200.000,325.000,325.000,300.000,300.000,-1,950.000,875.000,-1,750.000,375.000,-1,225.000,2,0,2,1,1,0,1,0,1,2,0,0,2,0,1,2,1
14,-7917.850,-8509.061,-157.265,58.054,0.530235,-0.845946,0.056796,0.847659,0.527499,-0.056743,0.018041,0.078231,0.996772,0,0.58652,0.55119,35.191,1.102,-1,400.000,-1,300.000,175.000,325.000,325.000,300.000,300.000,-1,925.000,850.000,-1,750.000,375.000,-1,200.000,2,0,2,1,1,0,1,0,1,2,0,0,2,0,1,2,1
15,-7902.155,-8483.037,-155.205,58.916,0.517653,-0.854193,0.048874,0.855236,0.514950,-0.058287,0.024621,0.071972,0.997103,0,0.50652,0.43119,30.391,0.862,-1,400.000,-1,300.000,175.000,325.000,325.000,300.000,300.000,-1,600.000,650.000,-1,800.000,400.000,-1,200.000,2,0,2,1,1,0,1,0,1,2,0,0,2,0,1,2,1
16,-7889.178,-8460.980,-153.310,59.539,0.508462,-0.860079,0.041607,0.860546,0.505843,-0.059859,0.030436,0.066241,0.997339,0,0.42652,0.31119,25.591,0.622,-1,425.000,-1,300.000,175.000,350.000,325.000,300.000,275.000,-1,475.000,525.000,-1,825.000,400.000,-1,175.000,2,0,2,1,1,0,1,0,1,2,0,0,2,0,1,2,1
17,-7878.754,-8442.991,-151.585,59.921,0.502740,-0.863725,0.035099,0.863722,0.500259,-0.061031,0.035155,0.060998,0.997519,0,0.34652,0.19119,20.791,0.382,-1,425.000,-1,300.000,150.000,350.000,325.000,300.000,275.000,-1,400.000,475.000,-1,850.000,425.000,-1,175.000,2,0,2,1,1,0,1,0,1,2,0,0,2,0,1,2,1
18,-7870.771,-8429.135,-150.132,60.063,0.500569,-0.865190,0.029604,0.864827,0.498241,-0.061893,0.038799,0.056584,0.997644,0,0.26652,0.07119,15.991,0.142,-1,425.000,-1,300.000,150.000,350.000,325.000,300.000,275.000,-1,350.000,450.000,-1,850.000,450.000,-1,175.000,2,0,2,1,1,0,1,0,1,2,0,0,2,0,1,2,1
19,-7865.168,-8419.447,-149.023,59.966,0.501995,-0.864499,0.025327,0.863881,0.499807,-0.062469,0.041346,0.053238,0.997726,0,0.18652,-0.04881,11.191,-0.098,-1,450.000,-1,325.000,150.000,350.000,325.000,300.000,300.000,-1,325.000,425.000,-1,875.000,450.000,-1,175.000,2,0,2,1,1,0,1,0,1,2,0,0,2,0,1,2,1
20,-7861.935,-8413.934,-148.293,59.628,0.507031,-0.861636,0.022411,0.860870,0.504949,-0.062689,0.042698,0.051078,0.997781,0,0.10652,-0.16881,6.391,-0.338,-1,450.000,-1,325.000,150.000,375.000,325.000,300.000,300.000,-1,300.000,400.000,-1,875.000,450.000,-1,175.000,2,0,2,1,1,0,1,0,1,2,0,0,2,0,1,2,1
21,-7861.116,-8412.570,-147.966,59.051,0.515653,-0.856540,0.020993,0.855729,0.513633,-0.062519,0.042767,0.050203,0.997823,0,0.02652,-0.28881,1.591,-0.578,-1,450.000,-1,300.000,150.000,375.000,325.000,275.000,300.000,-1,300.000,400.000,-1,875.000,450.000,-1,175.000,2,0,2,1,1,0,1,0,1,2,0,0,2,0,1,2,1
22,-7862.620,-8414.998,-148.024,58.233,0.527800,-0.849107,0.021057,0.848351,0.525793,-0.061987,0.041562,0.050581,0.997855,0,-0.04761,-0.40881,-2.857,-0.818,-1,450.000,-1,300.000,150.000,375.000,325.000,300.000,300.000,-1,300.000,400.000,-1,875.000,450.000,-1,175.000,2,0,2,1,1,0,1,0,1,2,0,0,2,0,1,2,1
23,-7864.138,-8417.352,-148.032,57.175,0.543350,-0.839246,0.020916,0.838546,0.541369,-0.061326,0.040144,0.050860,0.997899,0,-0.04669,-0.52881,-2.801,-1.058,-1,450.000,-1,300.000,150.000,375.000,325.000,300.000,300.000,-1,300.000,400.000,-1,875.000,425.000,-1,175.000,2,0,2,1,1,0,1,0,1,2,0,0,2,0,1,2,1
24,-7865.671,-8419.613,-148.004,55.878,0.562174,-0.826761,0.020651,0.826124,0.560229,-0.060515,0.038462,0.051081,0.997954,0,-0.04553,-0.64881,-2.732,-1.298,-1,450.000,-1,300.000,150.000,375.000,300.000,300.000,325.000,-1,300.000,400.000,-1,875.000,400.000,-1,175.000,2,0,2,1,1,0,1,0,1,2,0,0,2,0,1,2,1
25,-7867.215,-8421.766,-147.958,54.340,0.584106,-0.811422,0.020359,0.810858,0.582206,-0.059541,0.036459,0.051287,0.998018,0,-0.04417,-0.76881,-2.650,-1.538,-1,450.000,-1,275.000,150.000,375.000,300.000,300.000,325.000,-1,300.000,400.000,-1,875.000,375.000,-1,175.000,2,0,2,1,1,1,1,0,1,2,0,0,2,0,1,2,1
26,-7868.764,-8423.799,-147.933,52.692,0.607154,-0.794326,0.020230,0.793847,0.605299,-0.058475,0.034203,0.051563,0.998084,0,-0.04261,-0.82424,-2.556,-1.648,-1,450.000,-1,275.000,175.000,375.000,300.000,300.000,325.000,-1,300.000,400.000,-1,875.000,375.000,-1,175.000,2,0,2,1,1,1,1,0,1,2,0,0,2,0,1,2,1
27,-7870.311,-8425.712,-147.951,51.049,0.629629,-0.776629,0.020362,0.776245,0.627812,-0.057407,0.031801,0.051951,0.998143,0,-0.04101,-0.82150,-2.460,-1.643,-1,450.000,-1,275.000,175.000,350.000,275.000,300.000,350.000,-1,300.000,400.000,-1,850.000,350.000,-1,175.000,2,0,2,1,1,1,1,0,1,2,0,0,2,0,1,2,1
28,-7871.852,-8427.511,-148.010,49.411,0.651516,-0.758351,0.020738,0.758070,0.649733,-0.056357,0.029264,0.052438,0.998195,0,-0.03948,-0.81879,-2.369,-1.638,-1,450.000,-1,250.000,175.000,350.000,275.000,300.000,350.000,-1,300.000,400.000,-1,850.000,325.000,-1,175.000,2,0,2,1,1,1,1,0,1,2,0,0,2,0,1,2,1
29,-7873.385,-8429.201,-148.105,47.779,0.672802,-0.739515,0.021340,0.739344,0.671050,-0.055342,0.026605,0.053012,0.998239,0,-0.03803,-0.81610,-2.282,-1.632,-1,450.000,-1,250.000,175.000,350.000,275.000,300.000,350.000,-1,300.000,400.000,-1,850.000,325.000,-1,175.000,2,0,2,1,1,1,1,0,1,2,0,0,2,0,1,2,1
30,-7874.908,-8430.786,-148.235,46.152,0.693475,-0.720140,0.022153,0.720086,0.691751,-0.054378,0.023836,0.053662,0.998275,0,-0.03666,-0.81344,-2.200,-1.627,-1,450.000,-1,250.000,175.000,325.000,250.000,300.000,350.000,-1,300.000,400.000,-1,850.000,300.000,-1,175.000,2,1,2,1,1,1,1,0,1,2,0,0,2,0,1,2,1
31,-7876.421,-8432.274,-148.397,44.530,0.713523,-0.700249,0.023156,0.700318,0.711825,-0.053480,0.020966,0.054376,0.998300,0,-0.03536,-0.81081,-2.122,-1.622,-1,425.000,-1,225.000,175.000,325.000,250.000,300.000,375.000,-1,300.000,400.000,-1,825.000,300.000,-1,175.000,2,1,2,1,1,1,1,0,1,2,0,0,2,0,1,2,1
32,-7877.920,-8433.668,-148.587,42.914,0.732936,-0.679862,0.024333,0.680059,0.731264,-0.052661,0.018008,0.055145,0.998316,0,-0.03414,-0.80820,-2.048,-1.616,-1,425.000,-1,225.000,200.000,325.000,250.000,300.000,375.000,-1,300.000,425.000,-1,825.000,275.000,-1,200.000,2,1,2,1,1,1,1,0,1,2,0,0,2,0,1,2,1
33,-7879.407,-8434.974,-148.805,41.303,0.751703,-0.659002,0.025665,0.659332,0.750057,-0.051930,0.014971,0.055958,0.998321,0,-0.03298,-0.80562,-1.979,-1.611,-1,400.000,-1,225.000,200.000,300.000,225.000,300.000,375.000,-1,325.000,425.000,-1,825.000,275.000,-1,200.000,2,1,2,1,1,1,1,0,0,2,0,0,2,0,1,2,1
34,-7880.879,-8436.196,-149.046,39.697,0.769815,-0.637690,0.027134,0.638156,0.768196,-0.051296,0.011867,0.056804,0.998315,0,-0.03190,-0.80306,-1.914,-1.606,-1,400.000,-1,225.000,200.000,300.000,225.000,300.000,375.000,-1,325.000,425.000,-1,800.000,250.000,-1,200.000,2,1,2,1,1,1,1,0,0,2,0,0,2,0,1,2,1
35,-7882.338,-8437.339,-149.309,38.095,0.787264,-0.615947,0.028721,0.616554,0.785674,-0.050767,0.008705,0.057675,0.998297,0,-0.03089,-0.80053,-1.854,-1.601,-1,375.000,-1,225.000,200.000,275.000,225.000,300.000,375.000,-1,350.000,450.000,-1,800.000,250.000,-1,200.000,2,1,2,1,1,1,1,0,0,2,0,0,2,0,1,2,1
36,-7879.973,-8435.581,-149.229,36.646,0.802556,-0.595901,0.028393,0.596535,0.801032,-0.049925,0.007006,0.057005,0.998349,0,0.04911,-0.72466,2.946,-1.449,-1,375.000,-1,225.000,200.000,275.000,200.000,300.000,375.000,-1,325.000,450.000,-1,800.000,250.000,-1,200.000,2,1,2,1,1,1,1,0,0,2,0,0,2,0,1,2,1
37,-7873.641,-8431.116,-148.840,35.201,0.817326,-0.575576,0.026276,0.576139,0.815907,-0.048574,0.006519,0.054839,0.998474,0,0.12911,-0.72267,7.746,-1.445,-1,350.000,-1,200.000,225.000,275.000,200.000,300.000,375.000,-1,325.000,425.000,-1,675.000,250.000,-1,200.000,2,1,2,1,1,1,1,0,0,2,0,0,2,1,1,2,1
38,-7863.209,-8424.146,-148.152,33.759,0.831568,-0.554972,0.022380,0.555375,0.830295,-0.046573,0.007265,0.051158,0.998664,0,0.20911,-0.72095,12.546,-1.442,-1,350.000,925.000,200.000,225.000,250.000,200.000,300.000,375.000,-1,275.000,400.000,-1,625.000,250.000,-1,200.000,2,1,1,1,1,1,1,0,0,2,0,0,2,1,1,2,1
39,-7848.548,-8414.874,-147.168,32.320,0.845268,-0.534083,0.016681,0.534262,0.844185,-0.043769,0.009295,0.045909,0.998902,0,0.28911,-0.71947,17.346,-1.439,-1,325.000,575.000,200.000,225.000,250.000,200.000,300.000,400.000,-1,250.000,375.000,-1,600.000,250.000,-1,200.000,2,1,1,1,1,1,1,0,0,2,0,0,2,1,1,2,1
40,-7829.539,-8403.509,-145.880,30.884,0.858397,-0.512904,0.009119,0.512829,0.857559,-0.039987,0.012690,0.039001,0.999159,0,0.36911,-0.71820,22.146,-1.436,-1,325.000,525.000,200.000,225.000,225.000,175.000,275.000,400.000,-1,200.000,350.000,-1,550.000,225.000,-1,200.000,2,1,1,1,1,1,1,0,0,2,0,0,2,1,1,2,1
41,-7806.072,-8390.264,-144.270,29.449,0.870918,-0.491428,-0.000388,0.491114,0.870390,-0.035030,0.017553,0.030318,0.999386,0,0.44911,-0.71711,26.946,-1.434,-1,300.000,475.000,175.000,225.000,225.000,175.000,275.000,425.000,-1,175.000,300.000,-1,525.000,225.000,-1,200.000,2,1,1,1,1,1,1,0,0,2,0,0,2,1,1,2,1
42,-7778.044,-8375.354,-142.306,28.017,0.882777,-0.469641,-0.011897,0.469179,0.882637,-0.028695,0.023977,0.019750,0.999517,0,0.52911,-0.71620,31.746,-1.432,-1,275.000,425.000,175.000,250.000,200.000,150.000,275.000,475.000,850.000,125.000,275.000,-1,500.000,200.000,-1,200.000,2,1,1,1,1,1,1,0,0,0,0,0,2,1,1,2,1
43,-7745.360,-8359.000,-139.953,26.586,0.893906,-0.447529,-0.025479,0.447105,0.894241,-0.020754,0.032072,0.007160,0.999460,0,0.60911,-0.71546,36.546,-1.431,-1,250.000,400.000,150.000,250.000,200.000,150.000,275.000,500.000,675.000,100.000,250.000,-1,475.000,200.000,-1,200.000,2,1,1,1,1,1,1,0,0,0,0,0,2,1,1,2,1
44,-7707.933,-8341.425,-135.917,25.156,0.904138,-0.425087,-0.042846,0.424735,0.905149,-0.017475,0.046210,-0.002398,0.998929,0,0.68911,-0.71487,41.346,-1.430,-1,250.000,375.000,150.000,250.000,175.000,125.000,275.000,550.000,550.000,75.000,200.000,-1,875.000,175.000,-1,200.000,2,1,1,1,1,1,1,0,0,0,0,0,2,1,1,2,1
45,4263.744,1639.655,-308.554,-120.382,-0.523668,0.851499,0.026861,-0.825276,-0.499212,-0.264020,-0.211403,-0.160427,0.964143,1,0.00000,0.00000,46.146,-1.429,-1,625.000,-1,350.000,0.000,450.000,350.000,100.000,300.000,0.000,0.000,-1,-1,1000.000,550.000,-1,0.000,2,1,2,1,1,1,1,1,0,0,0,2,2,1,1,2,1
46,3603.751,4922.324,-266.230,143.823,-0.807289,-0.590110,-0.007388,0.589548,-0.806962,0.035287,-0.026785,0.024131,0.999350,1,0.08000,0.12000,4.800,0.240,-1,375.000,-1,350.000,-1,300.000,300.000,350.000,300.000,-1,0.000,0.000,-1,700.000,625.000,-1,-1,2,0,2,0,2,0,0,0,0,2,1,1,2,0,0,2,2
47,3595.955,4927.925,-266.649,144.303,-0.812189,-0.583346,-0.007496,0.582830,-0.811902,0.033534,-0.025648,0.022867,0.999409,0,0.16000,0.24000,9.600,0.480,-1,375.000,-1,350.000,-1,300.000,300.000,350.000,300.000,-1,0.000,0.000,-1,700.000,625.000,-1,-1,2,0,2,0,2,0,0,0,0,2,1,1,2,0,0,2,2
48,3584.156,4936.180,-267.263,145.023,-0.819435,-0.573121,-0.007614,0.572670,-0.819202,0.030946,-0.023973,0.020998,0.999492,0,0.24000,0.36000,14.400,0.720,-1,375.000,-1,350.000,-1,300.000,300.000,350.000,300.000,-1,0.000,0.000,-1,700.000,625.000,-1,-1,2,0,2,0,2,0,0,0,0,2,1,1,2,0,0,2,2
49,3568.242,4946.922,-268.058,145.983,-0.828901,-0.559342,-0.007691,0.558970,-0.828729,0.027578,-0.021799,0.018561,0.999590,0,0.32000,0.48000,19.200,0.960,-1,375.000,-1,350.000,-1,300.000,300.000,350.000,300.000,-1,0.000,25.000,-1,700.000,650.000,-1,-1,2,0,2,0,2,0,0,0,0,2,1,1,2,0,0,2,2
50,3548.072,4959.929,-269.010,147.183,-0.840414,-0.541891,-0.007665,0.541606,-0.840304,0.023510,-0.019181,0.015607,0.999694,0,0.40000,0.60000,24.000,1.200,-1,375.000,-1,375.000,-1,300.000,300.000,325.000,300.000,-1,0.000,50.000,-1,700.000,650.000,-1,-1,2,0,2,0,2,0,0,0,0,2,1,1,2,0,0,2,2
51,3523.484,4974.924,-270.090,148.623,-0.853751,-0.520628,-0.007471,0.520430,-0.853696,0.018855,-0.016195,0.012209,0.999794,0,0.48000,0.72000,28.800,1.440,-1,375.000,-1,375.000,-1,300.000,300.000,325.000,300.000,975.000,0.000,75.000,-1,700.000,650.000,-1,-1,2,0,2,0,2,0,0,0,0,1,1,1,2,0,0,2,2
52,3494.298,4991.570,-271.261,150.303,-0.868639,-0.495395,-0.007044,0.495277,-0.868626,0.013757,-0.012934,0.008461,0.999881,0,0.56000,0.84000,33.600,1.680,-1,375.000,-1,375.000,-1,325.000,300.000,325.000,300.000,850.000,25.000,100.000,-1,700.000,675.000,-1,-1,2,0,2,0,2,0,0,0,0,1,1,1,2,0,0,2,2
53,3460.323,5009.466,-272.474,152.223,-0.884748,-0.466027,-0.006291,0.465972,-0.884759,0.008414,-0.009487,0.004513,0.999945,0,0.64000,0.96000,38.400,1.920,-1,375.000,-1,375.000,-1,325.000,300.000,300.000,300.000,775.000,50.000,125.000,-1,725.000,675.000,-1,-1,2,0,2,0,2,0,0,0,0,1,1,1,2,0,0,2,2
54,3421.421,5028.253,-273.152,154.223,-0.900475,-0.434868,-0.005819,0.434838,-0.900490,0.005711,-0.007724,0.002612,0.999967,0,0.72000,1.00000,43.200,2.000,-1,375.000,-1,375.000,-1,325.000,300.000,300.000,300.000,750.000,75.000,175.000,-1,725.000,675.000,-1,-1,2,0,2,0,2,0,0,0,0,1,1,1,2,0,0,2,2
55,3377.496,5047.605,-273.430,156.223,-0.915104,-0.403177,-0.005745,0.403153,-0.915120,0.004893,-0.007230,0.002161,0.999972,0,0.80000,1.00000,48.000,2.000,-1,375.000,-1,375.000,-1,300.000,300.000,300.000,300.000,775.000,125.000,250.000,-1,725.000,675.000,-1,-1,2,0,2,0,2,0,0,0,0,1,1,1,2,0,0,2,2
56,3331.211,5066.096,-273.623,158.223,-0.928620,-0.370994,-0.005378,0.370976,-0.928633,0.004128,-0.006526,0.001839,0.999977,0,0.83070,1.00000,49.842,2.000,-1,375.000,-1,375.000,-1,300.000,300.000,300.000,300.000,775.000,175.000,350.000,-1,725.000,675.000,-1,-1,2,0,2,0,2,0,0,0,0,1,1,1,2,0,0,2,2
57,3284.099,5083.036,-273.735,160.223,-0.941005,-0.338360,-0.004771,0.338346,-0.941015,0.003456,-0.005659,0.001638,0.999983,0,0.83440,1.00000,50.064,2.000,-1,375.000,-1,375.000,-1,300.000,300.000,300.000,300.000,800.000,225.000,450.000,-1,725.000,675.000,-1,-1,2,0,2,0,2,0,0,0,0,1,1,1,2,0,0,2,2
58,3236.216,5098.388,-273.826,162.223,-0.952243,-0.305313,-0.004189,0.305303,-0.952251,0.002742,-0.004826,0.001332,0.999987,0,0.83807,1.00000,50.284,2.000,-1,375.000,-1,375.000,-1,300.000,300.000,300.000,300.000,825.000,300.000,550.000,-1,725.000,675.000,-1,-1,2,0,2,0,2,0,0,0,0,1,1,1,2,0,0,2,2
59,3192.498,5110.938,-273.923,163.983,-0.961174,-0.275922,-0.003515,0.275916,-0.961179,0.002142,-0.003970,0.001089,0.999992,0,0.75807,0.88000,45.484,1.760,-1,375.000,-1,375.000,-1,300.000,300.000,300.000,300.000,825.000,350.000,675.000,-1,725.000,675.000,-1,-1,2,0,2,0,2,0,0,0,0,1,1,1,2,0,0,2,2
60,3149.341,5122.097,-273.910,165.503,-0.968157,-0.250329,-0.002666,0.250327,-0.968161,0.001141,-0.002867,0.000438,0.999996,0,0.74293,0.76000,44.576,1.520,-1,375.000,-1,375.000,-1,325.000,300.000,300.000,300.000,850.000,425.000,775.000,-1,725.000,675.000,-1,-1,2,0,2,0,2,0,0,0,0,1,1,1,2,0,0,2,2
61,3105.769,5132.330,-273.879,166.783,-0.973509,-0.228640,-0.001822,0.228640,-0.973511,0.000143,-0.001806,-0.000277,0.999998,0,0.74596,0.64000,44.758,1.280,-1,375.000,-1,375.000,-1,325.000,300.000,300.000,300.000,875.000,500.000,925.000,-1,725.000,675.000,-1,-1,2,0,2,0,2,0,0,0,0,1,1,1,2,0,0,2,2
62,3061.847,5141.808,-273.833,167.823,-0.977500,-0.210932,-0.000979,0.210933,-0.977500,-0.000856,-0.000776,-0.001043,0.999999,0,0.74888,0.52000,44.933,1.040,-1,400.000,-1,375.000,-1,325.000,300.000,300.000,300.000,925.000,550.000,-1,-1,700.000,675.000,-1,-1,2,0,2,0,2,0,0,0,0,1,1,2,2,0,0,2,2
63,3017.631,5150.705,-273.771,168.623,-0.980351,-0.197263,-0.000135,0.197263,-0.980349,-0.001858,0.000235,-0.001848,0.999998,0,0.75171,0.40000,45.102,0.800,-1,400.000,-1,375.000,-1,325.000,300.000,300.000,300.000,975.000,625.000,-1,-1,700.000,700.000,-1,-1,2,0,2,0,2,0,0,0,0,1,1,2,2,0,0,2,2
64,2973.168,5159.201,-273.694,169.183,-0.982232,-0.187672,0.000713,0.187669,-0.982228,-0.002868,0.001238,-0.002683,0.999996,0,0.75445,0.28000,45.267,0.560,-1,400.000,-1,375.000,-1,325.000,300.000,300.000,300.000,1000.000,675.000,-1,-1,700.000,700.000,-1,-1,2,0,2,0,2,0,0,0,0,1,1,2,2,0,0,2,2
65,2928.483,5167.378,-273.606,169.629,-0.983663,-0.180015,0.001563,0.180008,-0.983657,-0.003892,0.002238,-0.003547,0.999991,0,0.75713,0.22314,45.428,0.446,-1,375.000,-1,375.000,-1,325.000,325.000,300.000,300.000,-1,725.000,-1,-1,700.000,700.000,-1,-1,2,0,2,0,2,0,0,0,0,2,1,2,2,0,0,2,2
66,2883.578,5175.241,-273.509,170.068,-0.985011,-0.172474,0.002415,0.172461,-0.985004,-0.004936,0.003231,-0.004445,0.999985,0,0.75980,0.21945,45.588,0.439,-1,375.000,-1,375.000,-1,325.000,325.000,300.000,300.000,-1,775.000,-1,-1,700.000,700.000,-1,-1,2,0,2,0,2,0,0,0,0,2,1,2,2,0,0,2,2
67,2838.455,5182.792,-273.403,170.500,-0.986280,-0.165051,0.003271,0.165029,-0.986270,-0.005997,0.004216,-0.005375,0.999977,0,0.76250,0.21575,45.750,0.431,-1,375.000,-1,375.000,-1,325.000,325.000,300.000,300.000,-1,825.000,-1,-1,700.000,700.000,-1,-1,2,0,2,0,2,0,0,0,0,2,1,2,2,0,0,2,2
68,2793.117,5190.035,-273.289,170.924,-0.987471,-0.157746,0.004130,0.157715,-0.987459,-0.007076,0.005194,-0.006336,0.999966,0,0.76523,0.21202,45.914,0.424,-1,375.000,-1,375.000,-1,325.000,300.000,300.000,300.000,-1,850.000,-1,-1,700.000,700.000,-1,-1,2,0,2,0,2,0,0,0,0,2,0,2,2,0,0,2,2
69,2747.563,5196.973,-273.168,171.340,-0.988588,-0.150562,0.004992,0.150518,-0.988573,-0.008171,0.006165,-0.007326,0.999954,0,0.76798,0.20828,46.079,0.417,-1,375.000,-1,375.000,-1,300.000,300.000,300.000,300.000,-1,775.000,-1,-1,700.000,700.000,-1,-1,2,0,2,0,2,0,0,0,0,2,0,2,2,0,0,2,2
70,2701.797,5203.609,-273.040,171.749,-0.989633,-0.143500,0.005858,0.143442,-0.989615,-0.009280,0.007129,-0.008344,0.999940,0,0.77075,0.20451,46.245,0.409,-1,375.000,-1,375.000,-1,300.000,300.000,300.000,300.000,-1,700.000,1000.000,-1,700.000,700.000,-1,-1,2,0,2,0,2,0,0,0,0,2,0,0,2,0,0,2,2
71,2655.818,5209.948,-272.858,172.151,-0.990610,-0.136561,0.006604,0.136490,-0.990589,-0.010196,0.007934,-0.009198,0.999926,0,0.77355,0.20073,46.413,0.401,-1,375.000,-1,375.000,-1,300.000,300.000,300.000,300.000,-1,675.000,950.000,-1,700.000,700.000,-1,-1,2,0,2,0,2,0,0,0,0,2,0,0,2,0,0,2,2
72,2609.630,5215.992,-272.342,172.545,-0.991514,-0.129749,0.008046,0.129668,-0.991508,-0.009859,0.009257,-0.008732,0.999919,0,0.77637,0.19693,46.582,0.394,-1,375.000,-1,375.000,-1,300.000,300.000,300.000,300.000,-1,650.000,850.000,-1,700.000,700.000,-1,-1,2,0,2,0,2,0,0,0,0,2,0,0,2,0,0,2,2
73,2563.233,5221.746,-271.666,172.931,-0.992355,-0.123062,0.009357,0.122969,-0.992360,-0.010017,0.010518,-0.008789,0.999906,0,0.77921,0.19311,46.753,0.386,-1,375.000,-1,375.000,-1,300.000,300.000,300.000,300.000,-1,650.000,800.000,-1,700.000,725.000,-1,-1,2,0,2,0,2,0,0,0,0,2,0,0,2,0,0,2,2
74,2516.628,5227.213,-270.905,173.309,-0.993133,-0.116503,0.010719,0.116393,-0.993149,-0.010395,0.011857,-0.009076,0.999889,0,0.78208,0.18928,46.925,0.379,-1,375.000,-1,375.000,-1,300.000,300.000,300.000,300.000,-1,650.000,775.000,-1,700.000,725.000,-1,-1,2,0,2,0,2,0,0,0,0,2,0,0,2,0,0,2,2
75,2465.193,5232.684,-270.044,173.928,-0.994316,-0.105774,0.012116,0.105647,-0.994346,-0.010690,0.013178,-0.009349,0.999869,0,0.86208,0.30928,51.725,0.619,-1,375.000,-1,375.000,-1,300.000,325.000,300.000,300.000,-1,650.000,750.000,-1,725.000,750.000,-1,-1,2,0,2,0,2,0,0,0,0,2,0,0,2,0,0,2,2
76,2412.071,5237.531,-269.159,174.787,-0.995772,-0.090863,0.013518,0.090718,-0.995816,-0.010967,0.014458,-0.009694,0.999848,0,0.88905,0.42928,53.343,0.859,-1,375.000,-1,375.000,-1,325.000,325.000,300.000,300.000,-1,650.000,750.000,-1,725.000,750.000,-1,-1,2,0,2,0,2,0,0,0,0,2,0,0,2,0,0,2,2
77,2358.668,5241.373,-268.274,175.885,-0.997311,-0.071754,0.014892,0.071591,-0.997371,-0.011205,0.015657,-0.010109,0.999826,0,0.89235,0.54928,53.541,1.099,-1,375.000,-1,375.000,-1,325.000,325.000,300.000,300.000,-1,650.000,750.000,-1,725.000,775.000,-1,-1,2,0,2,0,2,0,0,0,0,2,0,0,2,0,0,2,2
78,2304.992,5243.976,-267.390,177.224,-0.998694,-0.048435,0.016242,0.048254,-0.998770,-0.011391,0.016774,-0.010593,0.999803,0,0.89565,0.66928,53.739,1.339,-1,375.000,-1,375.000,-1,325.000,325.000,300.000,300.000,-1,650.000,750.000,-1,725.000,775.000,-1,-1,2,0,2,0,2,0,0,0,0,2,0,0,2,0,0,2,2
79,2251.071,5245.175,-266.507,178.726,-0.999598,-0.022233,0.017580,0.022033,-0.999691,-0.011518,0.017831,-0.011126,0.999779,0,0.89891,0.75117,53.935,1.502,-1,375.000,-1,400.000,-1,325.000,325.000,300.000,300.000,-1,650.000,750.000,-1,725.000,800.000,-1,-1,2,0,2,0,2,0,0,0,0,2,0,0,2,0,0,2,2
80,2197.098,5244.962,-265.628,180.227,-0.999813,0.003954,0.018918,-0.004174,-0.999924,-0.011584,0.018870,-0.011661,0.999754,0,0.89955,0.75031,53.973,1.501,-1,375.000,-1,400.000,-1,325.000,325.000,300.000,300.000,-1,650.000,750.000,-1,750.000,800.000,-1,-1,2,0,2,0,2,0,0,0,0,2,0,0,2,0,0,2,2
81,2143.149,5243.335,-264.755,181.727,-0.999340,0.030138,0.020260,-0.030377,-0.999471,-0.011588,0.019900,-0.012196,0.999728,0,0.89955,0.75031,53.973,1.501,-1,400.000,-1,400.000,-1,325.000,325.000,300.000,300.000,-1,650.000,725.000,-1,750.000,800.000,-1,-1,2,0,2,0,2,0,0,0,0,2,0,0,2,0,0,2,2
82,2089.262,5240.296,-263.889,183.228,-0.998180,0.056301,0.021615,-0.056560,-0.998333,-0.011531,0.020929,-0.012732,0.999700,0,0.89955,0.75031,53.973,1.501,-1,400.000,-1,400.000,-1,325.000,325.000,300.000,300.000,-1,650.000,725.000,-1,750.000,825.000,-1,-1,2,0,2,0,2,0,0,0,0,2,0,0,2,0,0,2,2
83,2035.472,5235.847,-263.032,184.728,-0.996332,0.082426,0.022987,-0.082703,-0.996509,-0.011408,0.021967,-0.013268,0.999671,0,0.89955,0.75031,53.973,1.501,-1,400.000,-1,400.000,-1,325.000,325.000,300.000,300.000,-1,650.000,700.000,-1,750.000,825.000,-1,-1,2,0,2,0,2,0,0,0,0,2,0,0,2,0,0,2,2
84,1981.817,5229.991,-262.157,186.229,-0.993804,0.108493,0.024156,-0.108790,-0.994000,-0.011345,0.022780,-0.013903,0.999644,0,0.89955,0.75031,53.973,1.501,-1,400.000,-1,400.000,-1,325.000,325.000,300.000,300.000,-1,650.000,700.000,-1,750.000,850.000,-1,-1,2,0,2,0,2,0,0,0,0,2,0,0,2,0,0,2,2
85,1928.335,5222.731,-261.283,187.730,-0.990618,0.134486,0.024264,-0.134775,-0.990819,-0.010685,0.022604,-0.013855,0.999648,0,0.89955,0.75031,53.973,1.501,-1,400.000,-1,400.000,-1,325.000,325.000,300.000,300.000,-1,675.000,750.000,-1,750.000,850.000,-1,-1,2,0,2,0,2,0,0,0,0,2,0,0,2,0,0,2,2
86,1875.060,5214.074,-260.279,189.230,-0.986773,0.160388,0.023546,-0.160650,-0.986964,-0.009657,0.021690,-0.013311,0.999676,0,0.89955,0.75031,53.973,1.501,-1,400.000,-1,400.000,-1,325.000,325.000,300.000,300.000,-1,775.000,825.000,-1,750.000,850.000,-1,-1,2,0,2,0,2,0,0,0,0,2,0,0,2,0,0,2,2
87,1822.031,5204.024,-259.281,190.731,-0.982250,0.186181,0.022842,-0.186418,-0.982432,-0.008738,0.020814,-0.012841,0.999701,0,0.89955,0.75031,53.973,1.501,-1,400.000,-1,400.000,-1,325.000,325.000,300.000,300.000,-1,850.000,925.000,-1,750.000,850.000,-1,-1,2,0,2,0,2,0,0,0,0,2,0,0,2,0,0,2,2
88,1769.283,5192.589,-258.284,192.231,-0.977052,0.211846,0.022172,-0.212063,-0.977224,-0.007914,0.019991,-0.012434,0.999723,0,0.89955,0.75031,53.973,1.501,-1,400.000,-1,400.000,-1,325.000,325.000,300.000,300.000,-1,950.000,-1,-1,750.000,850.000,-1,-1,2,0,2,0,2,0,0,0,0,2,0,2,2,0,0,2,2
89,1716.853,5179.777,-257.285,193.732,-0.971182,0.237365,0.021543,-0.237565,-0.971345,-0.007188,0.019220,-0.012099,0.999742,0,0.89955,0.75031,53.973,1.501,-1,400.000,-1,400.000,-1,325.000,325.000,300.000,300.000,-1,-1,-1,-1,750.000,850.000,-1,-1,2,0,2,0,2,0,0,0,0,2,2,2,2,0,0,2,2
90,1664.776,5165.596,-256.282,195.233,-0.964644,0.262722,0.020964,-0.262907,-0.964799,-0.006561,0.018502,-0.011841,0.999759,0,0.89955,0.75031,53.973,1.501,-1,375.000,-1,400.000,-1,325.000,325.000,300.000,300.000,-1,-1,-1,-1,750.000,850.000,-1,-1,2,0,2,0,2,0,0,0,0,2,2,2,2,0,0,2,2
91,1613.088,5150.056,-255.273,196.733,-0.957443,0.287898,0.020443,-0.288071,-0.957590,-0.006036,0.017838,-0.011668,0.999773,0,0.89955,0.75031,53.973,1.501,-1,375.000,-1,400.000,-1,325.000,325.000,300.000,300.000,-1,-1,-1,-1,750.000,825.000,-1,-1,2,0,2,0,2,0,0,0,0,2,2,2,2,0,0,2,2
92,1561.825,5133.168,-254.256,198.234,-0.949583,0.312877,0.019988,-0.313041,-0.949723,-0.005612,0.017227,-0.011586,0.999784,0,0.89955,0.75031,53.973,1.501,-1,375.000,-1,400.000,-1,325.000,325.000,300.000,300.000,-1,-1,-1,-1,750.000,825.000,-1,-1,2,0,2,0,2,0,0,0,0,2,2,2,2,0,0,2,2
93,1511.022,5114.943,-253.230,199.735,-0.941071,0.337640,0.019607,-0.337798,-0.941204,-0.005290,0.016668,-0.011602,0.999794,0,0.89955,0.75031,53.973,1.501,-1,375.000,-1,400.000,-1,325.000,325.000,300.000,325.000,-1,-1,-1,-1,750.000,825.000,-1,-1,2,0,2,0,2,0,0,0,0,2,2,2,2,0,0,2,2
94,1460.714,5095.394,-252.192,201.235,-0.931911,0.362172,0.019309,-0.362326,-0.932038,-0.005068,0.016161,-0.011720,0.999801,0,0.89955,0.75031,53.973,1.501,-1,400.000,-1,400.000,-1,325.000,325.000,300.000,325.000,-1,-1,-1,-1,750.000,825.000,-1,-1,2,0,2,0,2,0,0,0,0,2,2,2,2,0,0,2,2
95,1410.934,5074.535,-251.242,202.736,-0.922107,0.386456,0.019232,-0.386604,-0.922235,-0.004492,0.016000,-0.011577,0.999805,0,0.89955,0.75031,53.973,1.501,-1,400.000,-1,400.000,-1,325.000,325.000,300.000,325.000,-1,-1,-1,-1,750.000,800.000,-1,-1,2,0,2,0,2,0,0,0,0,2,2,2,2,0,0,2,2
96,1361.718,5052.379,-250.462,204.236,-0.911673,0.410478,0.018991,-0.410608,-0.911806,-0.003366,0.015935,-0.010867,0.999814,0,0.89955,0.75031,53.973,1.501,-1,400.000,-1,400.000,-1,325.000,325.000,300.000,325.000,-1,-1,-1,-1,750.000,800.000,-1,-1,2,0,2,0,2,0,0,0,0,2,2,2,2,0,0,2,2
97,1313.099,5028.941,-249.792,205.737,-0.900623,0.434220,0.018205,-0.434326,-0.900753,-0.002102,0.015486,-0.009800,0.999832,0,0.89955,0.75031,53.973,1.501,-1,400.000,-1,400.000,-1,325.000,325.000,300.000,325.000,-1,-1,-1,-1,750.000,800.000,-1,-1,2,0,2,0,2,0,0,0,0,2,2,2,2,0,0,2,2
98,1265.003,5004.182,-249.071,207.239,-0.888946,0.457682,0.017414,-0.457766,-0.889072,-0.000995,0.015027,-0.008856,0.999848,0,0.90158,0.75087,54.095,1.502,-1,400.000,-1,400.000,-1,325.000,325.000,300.000,325.000,-1,-1,-1,-1,750.000,775.000,-1,-1,2,0,2,0,2,0,0,0,0,2,2,2,2,0,0,2,2
99,1217.380,4978.063,-248.324,208.742,-0.876640,0.480854,0.016769,-0.480924,-0.876762,-0.000109,0.014650,-0.008160,0.999859,0,0.90527,0.75176,54.316,1.504,-1,400.000,-1,400.000,-1,325.000,325.000,300.000,325.000,-1,-1,-1,-1,750.000,775.000,-1,-1,2,0,2,0,2,0,0,0,0,2,2,2,2,0,0,2,2
100,1170.263,4950.589,-247.587,210.247,-0.863711,0.503717,0.016479,-0.503779,-0.863833,0.000485,0.014479,-0.007883,0.999864,0,0.90903,0.75250,54.542,1.505,-1,400.000,-1,400.000,-1,325.000,325.000,300.000,325.000,-1,-1,-1,-1,750.000,775.000,-1,-1,2,0,2,0,2,0,0,0,0,2,2,2,2,0,0,2,2
101,1123.690,4921.765,-246.808,211.753,-0.850174,0.526249,0.016322,-0.526306,-0.850295,0.000896,0.014350,-0.007829,0.999866,0,0.91285,0.75308,54.771,1.506,-1,400.000,-1,400.000,-1,325.000,325.000,300.000,325.000,-1,-1,-1,-1,750.000,775.000,-1,-1,2,0,2,0,2,0,0,0,0,2,2,2,2,0,0,2,2
102,1077.697,4891.598,-246.042,213.260,-0.836040,0.548427,0.016265,-0.548488,-0.836158,0.000868,0.014076,-0.008196,0.999867,0,0.91674,0.75350,55.004,1.507,-1,400.000,-1,400.000,-1,325.000,325.000,300.000,325.000,-1,-1,-1,-1,750.000,750.000,-1,-1,2,0,2,0,2,0,0,0,0,2,2,2,2,0,0,2,2
103,1032.319,4860.097,-245.407,214.768,-0.821334,0.570235,0.015577,-0.570292,-0.821441,0.000916,0.013318,-0.008131,0.999878,0,0.92067,0.75375,55.240,1.507,-1,400.000,-1,400.000,-1,325.000,325.000,300.000,325.000,-1,-1,-1,-1,750.000,750.000,-1,-1,2,0,2,0,2,0,0,0,0,2,2,2,2,0,0,2,2
104,987.592,4827.272,-244.730,216.276,-0.806056,0.591649,0.014991,-0.591706,-0.806154,0.000839,0.012581,-0.008194,0.999887,0,0.92466,0.75381,55.480,1.508,-1,400.000,-1,400.000,-1,325.000,325.000,300.000,325.000,-1,-1,-1,-1,750.000,750.000,-1,-1,2,0,2,0,2,0,0,0,0,2,2,2,2,0,0,2,2
105,947.669,4796.054,-244.078,218.023,-0.787644,0.615958,0.014563,-0.616016,-0.787733,0.000657,0.011876,-0.008453,0.999894,0,0.84466,0.87381,50.680,1.748,-1,400.000,-1,400.000,-1,325.000,325.000,300.000,325.000,-1,-1,-1,-1,750.000,725.000,-1,-1,2,0,2,0,2,0,0,0,0,2,2,2,2,0,0,2,2
106,910.856,4765.153,-243.428,220.011,-0.765811,0.642907,0.014272,-0.642968,-0.765893,0.000368,0.011167,-0.008894,0.999898,0,0.80104,0.99381,48.063,1.988,-1,400.000,-1,400.000,-1,325.000,325.000,300.000,325.000,-1,-1,-1,-1,750.000,725.000,-1,-1,2,0,2,0,2,0,0,0,0,2,2,2,2,0,0,2,2
107,874.987,4732.844,-242.903,222.011,-0.742909,0.669244,0.014062,-0.669303,-0.742989,0.000694,0.010912,-0.008896,0.999901,0,0.80458,1.00000,48.275,2.000,-1,400.000,-1,400.000,-1,325.000,325.000,300.000,325.000,-1,-1,-1,-1,750.000,725.000,-1,-1,2,0,2,0,2,0,0,0,0,2,2,2,2,0,0,2,2
108,840.115,4699.156,-242.404,224.011,-0.719100,0.694767,0.013911,-0.694822,-0.719181,0.001175,0.010821,-0.008821,0.999903,0,0.80811,1.00000,48.487,2.000,-1,400.000,-1,375.000,-1,325.000,325.000,300.000,325.000,-1,-1,-1,-1,750.000,-1,-1,-1,2,0,2,0,2,0,0,0,0,2,2,2,2,0,2,2,2
109,806.293,4664.121,-241.860,226.009,-0.694432,0.719425,0.013836,-0.719478,-0.694513,0.001545,0.010721,-0.008882,0.999903,0,0.81161,0.99927,48.697,1.999,-1,400.000,-1,375.000,-1,325.000,325.000,300.000,325.000,-1,-1,-1,-1,750.000,-1,-1,-1,2,0,2,0,2,0,0,0,0,2,2,2,2,0,2,2,2
110,773.573,4627.775,-241.276,228.004,-0.668965,0.743165,0.013852,-0.743218,-0.669047,0.001783,0.010593,-0.009103,0.999902,0,0.81507,0.99749,48.904,1.995,-1,400.000,-1,375.000,-1,325.000,325.000,300.000,325.000,-1,-1,-1,-1,750.000,-1,-1,-1,2,0,2,0,2,0,1,0,0,2,2,2,2,0,2,2,2
111,742.005,4590.160,-240.659,229.995,-0.642742,0.765955,0.013978,-0.766012,-0.642824,0.001858,0.010409,-0.009513,0.999901,0,0.81844,0.99539,49.107,1.991,-1,400.000,-1,400.000,-1,325.000,325.000,300.000,300.000,-1,-1,-1,-1,750.000,-1,-1,-1,2,0,2,1,2,0,1,0,0,2,2,2,2,0,2,2,2
112,711.638,4551.319,-239.985,231.981,-0.615808,0.787766,0.014346,-0.787830,-0.615891,0.001782,0.010239,-0.010205,0.999896,0,0.82171,0.99294,49.303,1.986,-1,400.000,-1,475.000,-1,325.000,325.000,300.000,300.000,-1,-1,-1,-1,750.000,-1,-1,-1,2,0,2,1,2,0,1,0,0,2,2,2,2,0,2,2,2
113,682.521,4511.300,-239.263,233.961,-0.588209,0.808570,0.015006,-0.808645,-0.588295,0.001680,0.010186,-0.011147,0.999886,0,0.82485,0.99015,49.491,1.980,-1,400.000,-1,-1,-1,325.000,350.000,300.000,300.000,-1,-1,-1,-1,750.000,-1,-1,-1,2,0,2,2,2,0,1,0,0,2,2,2,2,0,2,2,2
114,654.700,4470.154,-238.682,235.935,-0.559997,0.828349,0.015544,-0.828428,-0.560092,0.002185,0.010517,-0.011654,0.999877,0,0.82781,0.98697,49.669,1.974,-1,400.000,-1,-1,-1,325.000,375.000,300.000,300.000,-1,-1,-1,-1,750.000,-1,-1,-1,2,0,2,2,2,0,1,0,0,2,2,2,2,0,2,2,2
115,628.221,4427.938,-238.099,237.902,-0.531226,0.847077,0.016119,-0.847161,-0.531329,0.002647,0.010807,-0.012249,0.999867,0,0.83055,0.98339,49.833,1.967,-1,400.000,-1,-1,-1,325.000,400.000,300.000,300.000,-1,-1,-1,-1,750.000,-1,-1,-1,2,0,2,2,2,0,1,0,0,2,2,2,2,0,2,2,2
116,603.125,4384.714,-238.360,239.861,-0.502013,0.864766,0.012751,-0.864818,-0.502079,0.002475,0.008542,-0.009785,0.999916,0,0.83303,0.97938,49.982,1.959,-1,400.000,-1,-1,-1,325.000,450.000,300.000,300.000,-1,-1,-1,-1,725.000,-1,-1,-1,2,0,2,2,2,0,1,0,0,2,2,2,2,0,2,2,2
117,581.621,4344.978,-239.338,241.579,-0.475915,0.879467,0.006517,-0.879480,-0.475933,0.001474,0.004398,-0.005030,0.999978,0,0.75303,0.85938,45.182,1.719,-1,375.000,-1,-1,-1,300.000,475.000,325.000,275.000,-1,-1,-1,-1,700.000,-1,-1,-1,2,0,2,2,2,0,1,0,0,2,2,2,2,0,2,2,2
118,563.324,4308.979,-240.510,243.058,-0.453084,0.891468,-0.000193,-0.891468,-0.453084,-0.000029,-0.000113,0.000159,1.000000,0,0.67303,0.73938,40.382,1.479,-1,375.000,-1,-1,-1,300.000,475.000,325.000,275.000,-1,-1,-1,-1,675.000,-1,-1,-1,2,0,2,2,2,0,1,0,0,2,2,2,2,0,2,2,2
119,547.892,4276.918,-241.734,244.297,-0.433678,0.901041,-0.006950,-0.901055,-0.433700,-0.001869,-0.004698,0.005452,0.999974,0,0.59303,0.61938,35.582,1.239,-1,350.000,-1,-1,-1,300.000,500.000,325.000,250.000,-1,-1,-1,-1,650.000,-1,-1,-1,2,0,2,2,2,0,1,0,0,2,2,2,2,0,2,2,2
120,535.028,4248.953,-242.923,245.296,-0.417830,0.908427,-0.013359,-0.908480,-0.417911,-0.003846,-0.009077,0.010530,0.999903,0,0.51303,0.49938,30.782,0.999,-1,350.000,-1,-1,-1,275.000,475.000,325.000,250.000,-1,-1,-1,-1,650.000,-1,-1,-1,2,0,2,2,2,0,1,0,0,2,2,2,2,0,2,2,2
121,524.483,4225.207,-244.014,246.055,-0.405652,0.913827,-0.019144,-0.913934,-0.405821,-0.005768,-0.013040,0.015156,0.999800,0,0.43303,0.37938,25.982,0.759,-1,350.000,-1,-1,-1,275.000,475.000,325.000,225.000,-1,-1,-1,-1,625.000,-1,-1,-1,2,0,2,2,2,0,1,0,0,2,2,2,2,0,2,2,2
122,516.062,4205.771,-244.960,246.573,-0.397234,0.917401,-0.024111,-0.917570,-0.397503,-0.007466,-0.016434,0.019158,0.999681,0,0.35303,0.25938,21.182,0.519,-1,325.000,-1,-1,-1,275.000,450.000,325.000,225.000,-1,-1,-1,-1,600.000,-1,-1,-1,2,0,2,2,2,0,1,0,0,2,2,2,2,0,2,2,2
123,509.623,4190.708,-245.725,246.852,-0.392641,0.919262,-0.028124,-0.919493,-0.393009,-0.008800,-0.019142,0.022404,0.999566,0,0.27303,0.13938,16.382,0.279,-1,325.000,-1,1000.000,-1,275.000,450.000,325.000,225.000,-1,-1,-1,-1,600.000,-1,-1,-1,2,0,2,1,2,0,1,0,0,2,2,2,2,0,2,2,2
124,505.077,4180.055,-246.284,246.891,-0.391917,0.919475,-0.031074,-0.919759,-0.392365,-0.009663,-0.021077,0.024793,0.999470,0,0.19303,0.01938,11.582,0.039,-1,325.000,-1,975.000,-1,250.000,450.000,350.000,225.000,-1,-1,-1,-1,575.000,-1,-1,-1,2,0,2,1,2,0,1,0,0,2,2,2,2,0,2,2,2
125,502.402,4173.823,-246.617,246.759,-0.393968,0.918537,-0.032862,-0.918856,-0.394464,-0.010045,-0.022190,0.026238,0.999409,0,0.11303,-0.06590,6.782,-0.132,-1,325.000,-1,975.000,-1,250.000,450.000,350.000,200.000,-1,-1,-1,-1,575.000,-1,-1,-1,2,0,2,1,2,0,1,0,0,2,2,2,2,0,2,2,2
126,501.615,4172.004,-246.713,246.626,-0.396073,0.917611,-0.033399,-0.917944,-0.396583,-0.010072,-0.022487,0.026669,0.999391,0,0.03303,-0.06625,1.982,-0.132,-1,325.000,-1,975.000,-1,250.000,450.000,350.000,200.000,-1,-1,-1,-1,575.000,-1,-1,-1,2,0,2,1,2,0,1,0,0,2,2,2,2,0,2,2,2
127,502.739,4174.588,-246.567,246.494,-0.398223,0.916707,-0.032656,-0.917026,-0.398709,-0.009745,-0.021954,0.026065,0.999419,0,-0.04697,-0.06621,-2.818,-0.132,-1,325.000,-1,1000.000,-1,250.000,450.000,350.000,200.000,-1,-1,-1,-1,575.000,-1,-1,-1,2,0,2,1,2,0,1,0,0,2,2,2,2,0,2,2,2
128,505.794,4181.568,-246.184,246.362,-0.400402,0.915827,-0.030654,-0.916108,-0.400829,-0.009083,-0.020605,0.024446,0.999489,0,-0.12697,-0.06578,-7.618,-0.132,-1,325.000,-1,1000.000,-1,250.000,450.000,350.000,225.000,-1,-1,-1,-1,575.000,-1,-1,-1,2,0,2,1,2,0,1,0,0,2,2,2,2,0,2,2,2
129,510.798,4192.933,-245.580,246.233,-0.402586,0.914970,-0.027468,-0.915195,-0.402929,-0.008115,-0.018493,0.021872,0.999590,0,-0.20697,-0.06497,-12.418,-0.130,-1,325.000,-1,-1,-1,275.000,450.000,325.000,225.000,-1,-1,-1,-1,600.000,-1,-1,-1,2,0,2,2,2,0,1,0,0,2,2,2,2,0,2,2,2
130,517.772,4208.676,-244.781,246.105,-0.404748,0.914133,-0.023225,-0.914294,-0.404994,-0.006887,-0.015701,0.018447,0.999707,0,-0.28697,-0.06380,-17.218,-0.128,-1,325.000,-1,-1,-1,275.000,450.000,325.000,225.000,-1,-1,-1,-1,600.000,-1,-1,-1,2,0,2,2,2,0,1,0,0,2,2,2,2,0,2,2,2
131,526.607,4228.503,-243.838,245.980,-0.406856,0.913312,-0.018175,-0.913408,-0.407008,-0.005474,-0.012397,0.014374,0.999820,0,-0.36177,-0.06230,-21.706,-0.125,-1,350.000,-1,-1,-1,275.000,475.000,325.000,225.000,-1,-1,-1,-1,625.000,-1,-1,-1,2,0,2,2,2,0,1,0,0,2,2,2,2,0,2,2,2
132,535.500,4248.346,-242.964,245.859,-0.408871,0.912493,-0.013454,-0.912545,-0.408956,-0.004178,-0.009314,0.010569,0.999901,0,-0.36241,-0.06052,-21.745,-0.121,-1,350.000,-1,-1,-1,275.000,475.000,325.000,250.000,-1,-1,-1,-1,650.000,-1,-1,-1,2,0,2,2,2,0,1,0,0,2,2,2,2,0,2,2,2
133,544.451,4268.209,-242.159,245.742,-0.410801,0.911680,-0.009067,-0.911702,-0.410841,-0.002997,-0.006457,0.007035,0.999954,0,-0.36311,-0.05880,-21.786,-0.118,-1,350.000,-1,-1,-1,300.000,450.000,325.000,250.000,-1,-1,-1,-1,650.000,-1,-1,-1,2,0,2,2,2,0,1,0,0,2,2,2,2,0,2,2,2
134,553.460,4288.095,-241.425,245.627,-0.412652,0.910875,-0.005017,-0.910881,-0.412666,-0.001929,-0.003828,0.003774,0.999986,0,-0.36385,-0.05715,-21.831,-0.114,-1,375.000,-1,-1,-1,300.000,425.000,325.000,250.000,-1,-1,-1,-1,675.000,-1,-1,-1,2,0,2,2,2,0,1,0,0,2,2,2,2,0,2,2,2
135,562.527,4308.006,-240.761,245.516,-0.414432,0.910079,-0.001310,-0.910079,-0.414434,-0.000973,-0.001429,0.000789,0.999999,0,-0.36465,-0.05555,-21.879,-0.111,-1,375.000,-1,-1,-1,300.000,425.000,325.000,275.000,-1,-1,-1,-1,675.000,-1,-1,-1,2,0,2,2,2,0,1,0,0,2,2,2,2,0,2,2,2
