timestep,x_cm,y_cm,z_cm,yaw_deg,basis_xx,basis_xy,basis_xz,basis_yx,basis_yy,basis_yz,basis_zx,basis_zy,basis_zz,teleport_flag,throttle_cmd,steering_cmd,cmd_move_cm,cmd_turn_deg,lidar_cm_0,lidar_cm_1,lidar_cm_2,lidar_cm_3,lidar_cm_4,lidar_cm_5,lidar_cm_6,lidar_cm_7,lidar_cm_8,lidar_cm_9,lidar_cm_10,lidar_cm_11,lidar_cm_12,lidar_cm_13,lidar_cm_14,lidar_cm_15,lidar_cm_16,lidar_class_0,lidar_class_1,lidar_class_2,lidar_class_3,lidar_class_4,lidar_class_5,lidar_class_6,lidar_class_7,lidar_class_8,lidar_class_9,lidar_class_10,lidar_class_11,lidar_class_12,lidar_class_13,lidar_class_14,lidar_class_15,lidar_class_16
0,-5579.611,-7540.873,1.422,150.505,-0.870093,-0.491656,0.034822,0.492786,-0.869173,0.041239,0.009991,0.053041,0.998542,1,0.08000,-0.12000,4.800,-0.240,-1,400.000,-1,400.000,-1,325.000,325.000,325.000,300.000,-1,-1,-1,-1,775.000,775.000,-1,-1,2,0,2,0,2,0,0,0,0,2,2,2,2,0,0,2,2
1,-5587.927,-7536.077,1.520,150.025,-0.865943,-0.498917,0.034980,0.500048,-0.865018,0.041185,0.009711,0.053156,0.998539,0,0.16000,-0.24000,9.600,-0.480,-1,400.000,-1,400.000,-1,325.000,325.000,325.000,300.000,-1,-1,-1,-1,775.000,775.000,-1,-1,2,0,2,0,2,0,0,0,0,2,2,2,2,0,0,2,2
2,-5600.310,-7528.726,1.660,149.305,-0.859605,-0.509743,0.035224,0.510874,-0.858672,0.041106,0.009292,0.053330,0.998534,0,0.24000,-0.36000,14.400,-0.720,-1,400.000,-1,400.000,-1,325.000,325.000,325.000,300.000,-1,-1,-1,-1,775.000,775.000,-1,-1,2,0,2,0,2,0,0,0,0,2,2,2,2,0,0,2,2
3,-5616.654,-7518.650,1.834,148.345,-0.850944,-0.524051,0.035560,0.525184,-0.850001,0.041004,0.008738,0.053568,0.998526,0,0.32000,-0.48000,19.200,-0.960,-1,400.000,-1,400.000,-1,325.000,325.000,325.000,300.000,-1,-1,-1,-1,775.000,800.000,-1,-1,2,0,2,0,2,0,0,0,0,2,2,2,2,0,0,2,2
4,-5636.815,-7505.629,2.030,147.145,-0.839782,-0.541728,0.036001,0.542864,-0.838825,0.040880,0.008052,0.053874,0.998515,0,0.40000,-0.60000,24.000,-1.200,-1,400.000,-1,400.000,-1,325.000,325.000,325.000,300.000,-1,-1,1000.000,-1,775.000,800.000,-1,-1,2,0,2,0,2,0,0,0,0,2,2,0,2,0,0,2,2
5,-5660.654,-7489.468,2.200,145.865,-0.827480,-0.560319,0.036335,0.561449,-0.826511,0.040677,0.007239,0.054059,0.998511,0,0.48000,-0.63976,28.800,-1.280,-1,400.000,-1,400.000,-1,325.000,325.000,325.000,300.000,-1,-1,1000.000,-1,775.000,800.000,-1,-1,2,0,2,0,2,0,0,0,0,2,2,0,2,0,0,2,2
6,-5688.033,-7469.990,2.320,144.571,-0.814622,-0.578844,0.036469,0.579958,-0.813643,0.040413,0.006280,0.054072,0.998517,0,0.56000,-0.64715,33.600,-1.294,-1,400.000,-1,400.000,-1,325.000,325.000,325.000,300.000,-1,-1,1000.000,-1,800.000,800.000,-1,-1,2,0,2,0,2,0,0,0,0,2,2,0,2,0,0,2,2
7,-5718.805,-7447.019,2.434,143.259,-0.801163,-0.597326,0.036594,0.598423,-0.800168,0.040253,0.005237,0.054148,0.998519,0,0.64000,-0.65623,38.400,-1.312,-1,400.000,-1,400.000,-1,325.000,325.000,325.000,300.000,-1,-1,-1,-1,800.000,825.000,-1,-1,2,0,2,0,2,0,0,0,0,2,2,2,2,0,0,2,2
8,-5749.214,-7423.196,2.504,141.924,-0.787052,-0.615793,0.036702,0.616872,-0.786039,0.040141,0.004130,0.054233,0.998520,0,0.64383,-0.66712,38.630,-1.334,-1,400.000,-1,400.000,-1,325.000,325.000,300.000,300.000,-1,-1,-1,-1,800.000,825.000,-1,-1,2,0,2,0,2,0,0,0,0,2,2,2,2,0,0,2,2
9,-5778.980,-7398.717,2.529,140.567,-0.772264,-0.634235,0.036794,0.635294,-0.771229,0.040081,0.002956,0.054328,0.998519,0,0.64231,-0.67860,38.539,-1.357,-1,400.000,-1,400.000,-1,325.000,325.000,300.000,300.000,-1,-1,-1,-1,800.000,825.000,-1,-1,2,0,2,0,2,0,0,0,0,2,2,2,2,0,0,2,2
10,-5808.131,-7373.542,2.508,139.186,-0.756775,-0.652635,0.036877,0.653674,-0.755715,0.040076,0.001713,0.054434,0.998516,0,0.64194,-0.69053,38.517,-1.381,-1,400.000,-1,400.000,-1,325.000,325.000,300.000,300.000,-1,-1,-1,-1,800.000,850.000,-1,-1,2,0,2,0,2,0,0,0,0,2,2,2,2,0,0,2,2
11,-5836.689,-7347.629,2.373,137.780,-0.740567,-0.670985,0.036604,0.671983,-0.739482,0.040074,0.000179,0.054274,0.998526,0,0.64269,-0.70291,38.561,-1.406,-1,400.000,-1,400.000,-1,325.000,325.000,300.000,300.000,-1,-1,-1,-1,800.000,850.000,-1,-1,2,0,2,0,2,0,0,0,0,2,2,2,2,0,0,2,2
12,-5864.670,-7320.935,2.193,136.349,-0.723608,-0.689254,0.036334,0.690210,-0.722495,0.040150,-0.001422,0.054131,0.998533,0,0.64451,-0.71573,38.671,-1.431,-1,400.000,-1,400.000,-1,325.000,325.000,300.000,300.000,-1,-1,-1,-1,800.000,850.000,-1,-1,2,0,2,0,2,0,0,0,0,2,2,2,2,0,0,2,2
13,-5892.083,-7293.417,1.968,134.891,-0.705873,-0.707418,0.036084,0.708331,-0.704728,0.040309,-0.003086,0.054012,0.998536,0,0.64737,-0.72899,38.842,-1.458,-1,400.000,-1,400.000,-1,325.000,325.000,300.000,300.000,-1,-1,-1,-1,825.000,850.000,-1,-1,2,0,2,0,2,0,0,0,0,2,2,2,2,0,0,2,2
14,-5918.933,-7265.028,1.631,133.405,-0.687346,-0.725442,0.035903,0.726313,-0.686148,0.040864,-0.005010,0.054165,0.998519,0,0.65124,-0.74268,39.074,-1.485,-1,400.000,-1,400.000,-1,325.000,325.000,300.000,300.000,-1,-1,-1,-1,825.000,850.000,-1,-1,2,0,2,0,2,0,0,0,0,2,2,2,2,0,0,2,2
15,-5945.218,-7235.725,1.233,131.892,-0.667996,-0.743304,0.035784,0.744131,-0.666739,0.041572,-0.007041,0.054398,0.998495,0,0.65607,-0.75680,39.364,-1.514,-1,400.000,-1,400.000,-1,325.000,325.000,300.000,300.000,-1,-1,-1,-1,850.000,850.000,-1,-1,2,0,2,0,2,0,0,0,0,2,2,2,2,0,0,2,2
16,-5970.928,-7205.461,0.782,130.349,-0.647800,-0.760973,0.035721,0.761756,-0.646476,0.042396,-0.009170,0.054675,0.998462,0,0.66183,-0.77136,39.710,-1.543,-1,400.000,-1,400.000,-1,325.000,325.000,300.000,300.000,-1,-1,-1,-1,850.000,850.000,-1,-1,2,0,2,0,2,0,0,0,0,2,2,2,2,0,0,2,2
17,-5996.556,-7173.865,0.324,129.046,-0.630392,-0.775465,0.035492,0.776195,-0.629001,0.043348,-0.011290,0.054875,0.998429,0,0.67804,-0.65136,40.683,-1.303,-1,400.000,-1,400.000,-1,325.000,325.000,300.000,300.000,-1,-1,-1,-1,875.000,850.000,-1,-1,2,0,2,0,2,0,0,0,0,2,2,2,2,0,0,2,2
18,-6021.886,-7141.425,-0.178,127.984,-0.615961,-0.786984,0.035329,0.787665,-0.614500,0.044425,-0.013252,0.055191,0.998388,0,0.68596,-0.53136,41.157,-1.063,-1,400.000,-1,400.000,-1,325.000,325.000,300.000,300.000,-1,-1,-1,-1,875.000,850.000,-1,-1,2,0,2,0,2,0,0,0,0,2,2,2,2,0,0,2,2
19,-6047.069,-7108.201,-0.774,127.161,-0.604649,-0.795716,0.035154,0.796353,-0.603129,0.045355,-0.014887,0.055419,0.998352,0,0.69482,-0.41136,41.689,-0.823,-1,400.000,-1,400.000,-1,325.000,325.000,300.000,300.000,-1,-1,-1,-1,875.000,850.000,-1,-1,2,0,2,0,2,0,0,0,0,2,2,2,2,0,0,2,2
20,-6072.259,-7074.257,-1.470,126.578,-0.596565,-0.801804,0.034936,0.802402,-0.595002,0.046088,-0.016166,0.055527,0.998326,0,0.70449,-0.29136,42.269,-0.583,-1,400.000,-1,400.000,-1,325.000,325.000,300.000,300.000,-1,-1,-1,-1,900.000,850.000,-1,-1,2,0,2,0,2,0,0,0,0,2,2,2,2,0,0,2,2
21,-6097.446,-7039.542,-2.215,125.963,-0.587964,-0.808141,0.034751,0.808698,-0.586354,0.046873,-0.017504,0.055663,0.998296,0,0.71483,-0.30762,42.890,-0.615,-1,425.000,-1,400.000,-1,325.000,325.000,300.000,300.000,-1,-1,-1,-1,900.000,850.000,-1,-1,2,0,2,0,2,0,0,0,0,2,2,2,2,0,0,2,2
22,-6122.613,-7004.016,-3.012,125.314,-0.578811,-0.814727,0.034601,0.815242,-0.577151,0.047710,-0.018901,0.055824,0.998262,0,0.72561,-0.32470,43.537,-0.649,-1,425.000,-1,400.000,-1,325.000,325.000,300.000,300.000,-1,-1,-1,-1,900.000,850.000,-1,-1,2,0,2,0,2,0,0,0,0,2,2,2,2,0,0,2,2
23,-6147.735,-6967.637,-4.037,124.629,-0.569095,-0.821586,0.033587,0.822006,-0.567396,0.048664,-0.020925,0.055303,0.998250,0,0.73682,-0.34216,44.209,-0.684,-1,425.000,-1,400.000,-1,325.000,325.000,300.000,300.000,-1,-1,-1,-1,900.000,850.000,-1,-1,2,0,2,0,2,0,0,0,0,2,2,2,2,0,0,2,2
24,-6172.788,-6930.366,-5.173,123.909,-0.558783,-0.828683,0.032344,0.828990,-0.557049,0.049715,-0.023181,0.054592,0.998240,0,0.74848,-0.36000,44.909,-0.720,-1,425.000,-1,400.000,-1,325.000,325.000,300.000,300.000,-1,-1,-1,-1,900.000,850.000,-1,-1,2,0,2,0,2,0,0,0,0,2,2,2,2,0,0,2,2
25,-6197.744,-6892.160,-6.428,123.153,-0.547842,-0.836007,0.031005,0.836196,-0.546087,0.050642,-0.025406,0.053670,0.998235,0,0.76056,-0.37823,45.634,-0.756,-1,425.000,-1,400.000,-1,325.000,325.000,300.000,300.000,-1,-1,-1,-1,900.000,850.000,-1,-1,2,0,2,0,2,0,0,0,0,2,2,2,2,0,0,2,2
26,-6222.570,-6852.978,-7.795,122.359,-0.536250,-0.843541,0.029584,0.843607,-0.534485,0.051511,-0.027640,0.052580,0.998234,0,0.77308,-0.39687,46.385,-0.794,-1,425.000,-1,400.000,-1,325.000,325.000,300.000,300.000,-1,-1,-1,-1,900.000,850.000,-1,-1,2,0,2,0,2,0,0,0,0,2,2,2,2,0,0,2,2
27,-6247.231,-6812.776,-9.244,121.527,-0.523987,-0.851261,0.028136,0.851198,-0.522213,0.052486,-0.029987,0.051452,0.998225,0,0.78604,-0.41591,47.162,-0.832,-1,425.000,-1,400.000,-1,325.000,325.000,300.000,300.000,-1,-1,-1,-1,900.000,850.000,-1,-1,2,0,2,0,2,0,0,0,0,2,2,2,2,0,0,2,2
28,-6271.687,-6771.513,-10.778,120.657,-0.511028,-0.859150,0.026665,0.858951,-0.509247,0.053573,-0.032448,0.050282,0.998208,0,0.79943,-0.43537,47.966,-0.871,-1,400.000,-1,400.000,-1,325.000,325.000,300.000,300.000,-1,-1,-1,-1,900.000,825.000,-1,-1,2,0,2,0,2,0,0,0,0,2,2,2,2,0,0,2,2
29,-6295.897,-6729.147,-12.422,119.746,-0.497350,-0.867183,0.025226,0.866841,-0.495559,0.054848,-0.035062,0.049146,0.998176,0,0.81324,-0.45525,48.795,-0.910,-1,400.000,-1,400.000,-1,325.000,325.000,300.000,300.000,-1,-1,-1,-1,875.000,825.000,-1,-1,2,0,2,0,2,0,0,0,0,2,2,2,2,0,0,2,2
30,-6319.455,-6686.352,-14.218,118.833,-0.483507,-0.875006,0.024203,0.874538,-0.481695,0.056162,-0.037484,0.048322,0.998128,0,0.81418,-0.45659,48.851,-0.913,-1,400.000,-1,400.000,-1,325.000,325.000,300.000,300.000,-1,-1,-1,-1,875.000,825.000,-1,-1,2,0,2,0,2,0,0,0,0,2,2,2,2,0,0,2,2
31,-6342.328,-6643.186,-16.082,117.920,-0.469539,-0.882606,0.023254,0.882010,-0.467706,0.057529,-0.039900,0.047522,0.998073,0,0.81418,-0.45659,48.851,-0.913,-1,400.000,-1,400.000,-1,325.000,325.000,300.000,300.000,-1,-1,-1,-1,875.000,800.000,-1,-1,2,0,2,0,2,0,0,0,0,2,2,2,2,0,0,2,2
32,-6364.511,-6599.661,-18.035,117.007,-0.455454,-0.889977,0.022422,0.889250,-0.453595,0.059037,-0.042371,0.046827,0.998004,0,0.81418,-0.45659,48.851,-0.913,-1,400.000,-1,400.000,-1,325.000,325.000,300.000,300.000,-1,-1,-1,-1,875.000,800.000,-1,-1,2,0,2,0,2,0,0,0,0,2,2,2,2,0,0,2,2
33,-6385.997,-6555.789,-20.062,116.093,-0.441255,-0.897120,0.021687,0.896260,-0.439367,0.060620,-0.044855,0.046186,0.997925,0,0.81418,-0.45659,48.851,-0.913,-1,400.000,-1,400.000,-1,325.000,325.000,300.000,300.000,-1,-1,-1,-1,875.000,800.000,-1,-1,2,0,2,0,2,0,0,0,0,2,2,2,2,0,0,2,2
34,-6406.781,-6511.579,-22.154,115.180,-0.426944,-0.904033,0.021039,0.903039,-0.425025,0.062247,-0.047331,0.045575,0.997839,0,0.81418,-0.45659,48.851,-0.913,-1,400.000,-1,400.000,-1,325.000,325.000,300.000,300.000,-1,-1,-1,-1,850.000,775.000,-1,-1,2,0,2,0,2,0,0,0,0,2,2,2,2,0,0,2,2
35,-6425.053,-6471.496,-24.157,114.507,-0.416315,-0.908992,0.020379,0.907887,-0.414387,0.063448,-0.049228,0.044916,0.997777,0,0.73418,-0.33659,44.051,-0.673,-1,400.000,-1,400.000,-1,325.000,325.000,300.000,300.000,-1,-1,-1,-1,850.000,775.000,-1,-1,2,0,2,0,2,0,0,0,0,2,2,2,2,0,0,2,2
36,-6440.960,-6435.613,-26.118,113.909,-0.406785,-0.913316,0.019514,0.912128,-0.404890,0.063918,-0.050476,0.043800,0.997764,0,0.65418,-0.29921,39.251,-0.598,-1,400.000,-1,400.000,-1,325.000,325.000,300.000,300.000,-1,-1,-1,-1,850.000,750.000,-1,-1,2,0,2,0,2,0,0,0,0,2,2,2,2,0,0,2,2
37,-6454.592,-6403.974,-27.897,113.310,-0.397206,-0.917540,0.018651,0.916274,-0.395349,0.064355,-0.051675,0.042652,0.997753,0,0.57418,-0.29921,34.451,-0.598,-1,400.000,-1,400.000,-1,325.000,325.000,300.000,300.000,-1,-1,-1,-1,850.000,750.000,-1,-1,2,0,2,0,2,0,0,0,0,2,2,2,2,0,0,2,2
38,-6466.040,-6376.621,-29.474,112.712,-0.387580,-0.921664,0.017825,0.920323,-0.385763,0.064754,-0.052805,0.041502,0.997742,0,0.49418,-0.29921,29.651,-0.598,-1,400.000,-1,400.000,-1,325.000,325.000,300.000,300.000,-1,-1,-1,-1,825.000,750.000,-1,-1,2,0,2,0,2,0,0,0,0,2,2,2,2,0,0,2,2
39,-6475.394,-6353.598,-30.816,112.113,-0.377911,-0.925683,0.017132,0.924277,-0.376133,0.065087,-0.053806,0.040432,0.997733,0,0.41418,-0.29921,24.851,-0.598,-1,400.000,-1,400.000,-1,325.000,325.000,300.000,300.000,-1,-1,-1,-1,825.000,750.000,-1,-1,2,0,2,0,2,0,0,0,0,2,2,2,2,0,0,2,2
40,-6482.747,-6334.944,-31.914,111.515,-0.368202,-0.929598,0.016569,0.928136,-0.366458,0.065355,-0.054682,0.039442,0.997725,0,0.33418,-0.29921,20.051,-0.598,-1,400.000,-1,400.000,-1,325.000,325.000,300.000,300.000,-1,-1,-1,-1,825.000,750.000,-1,-1,2,0,2,0,2,0,0,0,0,2,2,2,2,0,0,2,2
41,-6488.192,-6320.698,-32.758,110.917,-0.358454,-0.933408,0.016135,0.931900,-0.356742,0.065557,-0.055435,0.038536,0.997718,0,0.25418,-0.29921,15.251,-0.598,-1,400.000,-1,400.000,-1,325.000,325.000,300.000,300.000,-1,-1,-1,-1,825.000,725.000,-1,-1,2,0,2,0,2,0,0,0,0,2,2,2,2,0,0,2,2
42,-6491.820,-6310.897,-33.340,110.318,-0.348669,-0.937112,0.015829,0.935567,-0.346985,0.065694,-0.056071,0.037714,0.997714,0,0.17418,-0.29921,10.451,-0.598,-1,400.000,-1,400.000,-1,325.000,325.000,300.000,300.000,-1,-1,-1,-1,825.000,725.000,-1,-1,2,0,2,0,2,0,0,0,0,2,2,2,2,0,0,2,2
43,-6493.727,-6305.577,-33.654,109.720,-0.338848,-0.940711,0.015648,0.939137,-0.337188,0.065768,-0.056592,0.036981,0.997712,0,0.09418,-0.29921,5.651,-0.598,-1,400.000,-1,400.000,-1,325.000,325.000,300.000,300.000,-1,-1,-1,-1,800.000,725.000,-1,-1,2,0,2,0,2,0,0,0,0,2,2,2,2,0,0,2,2
44,-6494.005,-6304.773,-33.695,109.121,-0.328993,-0.944204,0.015591,0.942610,-0.327352,0.065779,-0.057004,0.036337,0.997712,0,0.01418,-0.29921,0.851,-0.598,-1,400.000,-1,400.000,-1,325.000,325.000,300.000,300.000,-1,-1,-1,-1,800.000,725.000,-1,-1,2,0,2,0,2,0,0,0,0,2,2,2,2,0,0,2,2
45,-6492.751,-6308.517,-33.459,108.523,-0.319105,-0.947590,0.015659,0.945985,-0.317479,0.065728,-0.057312,0.035787,0.997715,0,-0.06582,-0.29921,-3.949,-0.598,-1,400.000,-1,400.000,-1,325.000,325.000,300.000,300.000,-1,-1,-1,-1,800.000,725.000,-1,-1,2,0,2,0,2,0,0,0,0,2,2,2,2,0,0,2,2
46,-6490.058,-6316.841,-32.943,107.924,-0.309186,-0.950869,0.015849,0.949260,-0.307570,0.065618,-0.057519,0.035334,0.997719,0,-0.14582,-0.29921,-8.749,-0.598,-1,400.000,-1,400.000,-1,325.000,325.000,300.000,300.000,-1,-1,-1,-1,800.000,725.000,-1,-1,2,0,2,0,2,0,0,0,0,2,2,2,2,0,0,2,2
47,-6486.023,-6329.776,-32.146,107.326,-0.299238,-0.954042,0.016162,0.952437,-0.297625,0.065450,-0.057632,0.034979,0.997725,0,-0.22582,-0.29921,-13.549,-0.598,-1,400.000,-1,400.000,-1,325.000,325.000,300.000,300.000,-1,-1,-1,-1,800.000,725.000,-1,-1,2,0,2,0,2,0,0,0,0,2,2,2,2,0,0,2,2
48,-6480.942,-6346.680,-31.107,106.728,-0.289260,-0.957107,0.016580,0.955512,-0.287648,0.065235,-0.057668,0.034712,0.997732,0,-0.29419,-0.29921,-17.651,-0.598,-1,400.000,-1,400.000,-1,325.000,325.000,300.000,300.000,-1,-1,-1,-1,825.000,725.000,-1,-1,2,0,2,0,2,0,0,0,0,2,2,2,2,0,0,2,2
49,-6476.039,-6363.636,-30.065,106.129,-0.279250,-0.960068,0.016995,0.958483,-0.277638,0.065024,-0.057709,0.034447,0.997739,0,-0.29419,-0.29921,-17.651,-0.598,-1,400.000,-1,400.000,-1,325.000,325.000,300.000,300.000,-1,-1,-1,-1,825.000,725.000,-1,-1,2,0,2,0,2,0,0,0,0,2,2,2,2,0,0,2,2
50,-6471.312,-6380.643,-29.021,105.531,-0.269211,-0.962924,0.017409,0.961348,-0.267598,0.064817,-0.057755,0.034185,0.997745,0,-0.29419,-0.29921,-17.651,-0.598,-1,400.000,-1,400.000,-1,325.000,325.000,300.000,300.000,-1,-1,-1,-1,825.000,725.000,-1,-1,2,0,2,0,2,0,0,0,0,2,2,2,2,0,0,2,2
51,-6466.764,-6397.698,-27.974,104.932,-0.259142,-0.965675,0.017820,0.964108,-0.257529,0.064614,-0.057807,0.033925,0.997751,0,-0.29419,-0.29921,-17.651,-0.598,-1,400.000,-1,400.000,-1,325.000,325.000,300.000,300.000,-1,-1,-1,-1,825.000,725.000,-1,-1,2,0,2,0,2,0,0,0,0,2,2,2,2,0,0,2,2
52,-6462.394,-6414.800,-26.924,104.334,-0.249045,-0.968320,0.018230,0.966762,-0.247431,0.064416,-0.057864,0.033667,0.997757,0,-0.29419,-0.29921,-17.651,-0.598,-1,400.000,-1,400.000,-1,325.000,325.000,300.000,300.000,-1,-1,-1,-1,825.000,725.000,-1,-1,2,0,2,0,2,0,0,0,0,2,2,2,2,0,0,2,2
53,-6458.203,-6431.946,-25.871,103.735,-0.238921,-0.970860,0.018638,0.969310,-0.237306,0.064221,-0.057927,0.033409,0.997762,0,-0.29419,-0.29921,-17.651,-0.598,-1,400.000,-1,400.000,-1,325.000,325.000,300.000,300.000,-1,-1,-1,-1,825.000,725.000,-1,-1,2,0,2,0,2,0,0,0,0,2,2,2,2,0,0,2,2
54,-6454.191,-6449.135,-24.815,103.137,-0.228771,-0.973294,0.019043,0.971751,-0.227155,0.064032,-0.057996,0.033153,0.997766,0,-0.29419,-0.29921,-17.651,-0.598,-1,400.000,-1,400.000,-1,325.000,325.000,300.000,300.000,-1,-1,-1,-1,825.000,725.000,-1,-1,2,0,2,0,2,0,0,0,0,2,2,2,2,0,0,2,2
55,-6450.543,-6465.868,-23.781,102.299,-0.214501,-0.976531,0.019413,0.974987,-0.212893,0.063855,-0.058223,0.032624,0.997770,0,-0.28543,-0.41921,-17.126,-0.838,-1,400.000,-1,400.000,-1,325.000,325.000,300.000,300.000,-1,-1,-1,-1,825.000,725.000,-1,-1,2,0,2,0,2,0,0,0,0,2,2,2,2,0,0,2,2
56,-6447.210,-6482.666,-22.734,101.220,-0.196075,-0.980390,0.019758,0.978837,-0.194481,0.063689,-0.058597,0.031828,0.997774,0,-0.28543,-0.53921,-17.126,-1.078,-1,400.000,-1,400.000,-1,325.000,325.000,300.000,300.000,-1,-1,-1,-1,825.000,725.000,-1,-1,2,0,2,0,2,0,0,0,0,2,2,2,2,0,0,2,2
57,-6444.205,-6499.526,-21.677,100.106,-0.176959,-0.984013,0.020095,0.982449,-0.175380,0.063533,-0.058993,0.030985,0.997777,0,-0.28543,-0.55724,-17.126,-1.114,-1,400.000,-1,400.000,-1,325.000,325.000,300.000,300.000,-1,-1,-1,-1,825.000,750.000,-1,-1,2,0,2,0,2,0,0,0,0,2,2,2,2,0,0,2,2
58,-6441.528,-6516.441,-20.619,98.991,-0.157773,-0.987265,0.020394,0.985686,-0.156211,0.063406,-0.059412,0.030106,0.997779,0,-0.28543,-0.55724,-17.126,-1.114,-1,400.000,-1,400.000,-1,325.000,325.000,300.000,300.000,-1,-1,-1,-1,825.000,750.000,-1,-1,2,0,2,0,2,0,0,0,0,2,2,2,2,0,0,2,2
59,-6439.181,-6533.405,-19.557,97.877,-0.138527,-0.990143,0.020663,0.988549,-0.136983,0.063302,-0.059847,0.029196,0.997781,0,-0.28543,-0.55724,-17.126,-1.114,-1,400.000,-1,400.000,-1,325.000,325.000,300.000,300.000,-1,-1,-1,-1,825.000,750.000,-1,-1,2,0,2,0,2,0,0,0,0,2,2,2,2,0,0,2,2
60,-6437.164,-6550.411,-18.558,96.762,-0.119206,-0.992654,0.020669,0.991052,-0.117703,0.062950,-0.060055,0.027988,0.997803,0,-0.28543,-0.55724,-17.126,-1.114,-1,400.000,-1,400.000,-1,325.000,325.000,300.000,300.000,-1,-1,-1,-1,825.000,750.000,-1,-1,2,0,2,0,2,0,0,0,0,2,2,2,2,0,0,2,2
61,-6435.478,-6567.453,-17.558,95.648,-0.099841,-0.994788,0.020687,0.993175,-0.098376,0.062649,-0.060288,0.026801,0.997821,0,-0.28543,-0.55724,-17.126,-1.114,-1,400.000,-1,400.000,-1,325.000,325.000,300.000,300.000,-1,-1,-1,-1,825.000,750.000,-1,-1,2,0,2,0,2,0,0,0,0,2,2,2,2,0,0,2,2
62,-6434.124,-6584.525,-16.555,94.533,-0.080439,-0.996544,0.020714,0.994919,-0.079011,0.062394,-0.060542,0.025628,0.997837,0,-0.28543,-0.55724,-17.126,-1.114,-1,400.000,-1,400.000,-1,325.000,325.000,300.000,300.000,-1,-1,-1,-1,825.000,750.000,-1,-1,2,0,2,0,2,0,0,0,0,2,2,2,2,0,0,2,2
63,-6433.103,-6601.621,-15.624,93.419,-0.061020,-0.997915,0.021031,0.996295,-0.059614,0.061986,-0.060603,0.024735,0.997855,0,-0.28543,-0.55724,-17.126,-1.114,-1,400.000,-1,400.000,-1,325.000,325.000,300.000,300.000,-1,-1,-1,-1,825.000,750.000,-1,-1,2,0,2,0,2,0,0,0,0,2,2,2,2,0,0,2,2
64,-6432.414,-6618.732,-14.696,92.304,-0.041579,-0.998907,0.021376,0.997294,-0.040194,0.061554,-0.060628,0.023877,0.997875,0,-0.28543,-0.55724,-17.126,-1.114,-1,400.000,-1,400.000,-1,325.000,325.000,300.000,300.000,-1,-1,-1,-1,825.000,750.000,-1,-1,2,0,2,0,2,0,0,0,0,2,2,2,2,0,0,2,2
65,-6432.058,-6635.854,-13.760,91.190,-0.022121,-0.999520,0.021704,0.997914,-0.020758,0.061129,-0.060649,0.023011,0.997894,0,-0.28543,-0.55724,-17.126,-1.114,-1,400.000,-1,400.000,-1,325.000,325.000,300.000,300.000,-1,-1,-1,-1,825.000,750.000,-1,-1,2,0,2,0,2,0,0,0,0,2,2,2,2,0,0,2,2
66,-6432.036,-6652.980,-12.816,90.075,-0.002654,-0.999754,0.022015,0.998154,-0.001313,0.060712,-0.060668,0.022135,0.997913,0,-0.28543,-0.55724,-17.126,-1.114,-1,400.000,-1,400.000,-1,325.000,325.000,300.000,300.000,-1,-1,-1,-1,825.000,750.000,-1,-1,2,0,2,0,2,0,0,0,0,2,2,2,2,0,0,2,2
67,-6432.346,-6670.103,-11.866,88.961,0.016814,-0.999610,0.022308,0.998015,0.018133,0.060302,-0.060683,0.021250,0.997931,0,-0.28543,-0.55724,-17.126,-1.114,-1,400.000,-1,400.000,-1,325.000,325.000,300.000,300.000,-1,-1,-1,-1,825.000,750.000,-1,-1,2,0,2,0,2,0,0,0,0,2,2,2,2,0,0,2,2
68,-6432.989,-6687.216,-10.907,87.846,0.036276,-0.999087,0.022584,0.997497,0.037573,0.059900,-0.060694,0.020355,0.997949,0,-0.28543,-0.55724,-17.126,-1.114,-1,400.000,-1,400.000,-1,325.000,325.000,300.000,300.000,-1,-1,-1,-1,825.000,725.000,-1,-1,2,0,2,0,2,0,0,0,0,2,2,2,2,0,0,2,2
69,-6433.966,-6704.314,-9.942,86.732,0.055726,-0.998185,0.022844,0.996599,0.056999,0.059505,-0.060699,0.019450,0.997967,0,-0.28543,-0.55724,-17.126,-1.114,-1,400.000,-1,400.000,-1,325.000,325.000,300.000,300.000,-1,-1,-1,-1,825.000,725.000,-1,-1,2,0,2,0,2,0,0,0,0,2,2,2,2,0,0,2,2
70,-6435.274,-6721.389,-8.969,85.617,0.075155,-0.996905,0.023085,0.995323,0.076405,0.059119,-0.060700,0.018534,0.997984,0,-0.28543,-0.55724,-17.126,-1.114,-1,400.000,-1,400.000,-1,325.000,325.000,300.000,300.000,-1,-1,-1,-1,825.000,725.000,-1,-1,2,0,2,0,2,0,0,0,0,2,2,2,2,0,0,2,2
71,-6436.915,-6738.436,-7.989,84.503,0.094556,-0.995247,0.023310,0.993668,0.095782,0.058740,-0.060694,0.017608,0.998001,0,-0.28543,-0.55724,-17.126,-1.114,-1,400.000,-1,400.000,-1,325.000,325.000,300.000,300.000,-1,-1,-1,-1,825.000,725.000,-1,-1,2,0,2,0,2,0,0,0,0,2,2,2,2,0,0,2,2
72,-6438.886,-6755.448,-7.004,83.388,0.113922,-0.993211,0.023526,0.991635,0.115123,0.058361,-0.060673,0.016680,0.998018,0,-0.28543,-0.55724,-17.126,-1.114,-1,400.000,-1,400.000,-1,325.000,325.000,300.000,300.000,-1,-1,-1,-1,825.000,725.000,-1,-1,2,0,2,0,2,0,0,0,0,2,2,2,2,0,0,2,2
73,-6441.188,-6772.418,-6.034,82.274,0.133242,-0.990798,0.023792,0.989230,0.134422,0.057918,-0.060583,0.015819,0.998038,0,-0.28543,-0.55724,-17.126,-1.114,-1,400.000,-1,400.000,-1,325.000,325.000,300.000,300.000,-1,-1,-1,-1,825.000,725.000,-1,-1,2,0,2,0,2,0,0,0,0,2,2,2,2,0,0,2,2
74,-6443.820,-6789.341,-5.059,81.159,0.152512,-0.988009,0.024042,0.986449,0.153670,0.057476,-0.060481,0.014951,0.998057,0,-0.28543,-0.55724,-17.126,-1.114,-1,400.000,-1,400.000,-1,325.000,325.000,300.000,300.000,-1,-1,-1,-1,825.000,725.000,-1,-1,2,0,2,0,2,0,0,0,0,2,2,2,2,0,0,2,2
75,-6446.781,-6806.208,-4.078,80.045,0.171725,-0.984846,0.024275,0.983294,0.172860,0.057035,-0.060367,0.014075,0.998077,0,-0.28543,-0.55724,-17.126,-1.114,-1,400.000,-1,400.000,-1,325.000,325.000,300.000,300.000,-1,-1,-1,-1,825.000,725.000,-1,-1,2,0,2,0,2,0,0,0,0,2,2,2,2,0,0,2,2
76,-6450.069,-6823.015,-3.092,78.930,0.190873,-0.981309,0.024489,0.979765,0.191985,0.056596,-0.060239,0.013191,0.998097,0,-0.28543,-0.55724,-17.126,-1.114,-1,400.000,-1,400.000,-1,325.000,325.000,300.000,300.000,-1,-1,-1,-1,825.000,725.000,-1,-1,2,0,2,0,2,0,0,0,0,2,2,2,2,0,0,2,2
77,-6453.683,-6839.755,-2.101,77.816,0.209949,-0.977401,0.024686,0.975863,0.211038,0.056157,-0.060098,0.012300,0.998117,0,-0.28543,-0.55724,-17.126,-1.114,-1,400.000,-1,400.000,-1,325.000,325.000,300.000,300.000,-1,-1,-1,-1,825.000,750.000,-1,-1,2,0,2,0,2,0,0,0,0,2,2,2,2,0,0,2,2
78,-6457.628,-6856.445,-1.103,76.700,0.228970,-0.973116,0.024863,0.971586,0.230034,0.055720,-0.059941,0.011398,0.998137,0,-0.28583,-0.55793,-17.150,-1.116,-1,400.000,-1,400.000,-1,325.000,325.000,300.000,300.000,-1,-1,-1,-1,825.000,750.000,-1,-1,2,0,2,0,2,0,0,0,0,2,2,2,2,0,0,2,2
79,-6461.951,-6873.246,-0.089,75.573,0.248102,-0.968411,0.025023,0.966888,0.249140,0.055279,-0.059767,0.010479,0.998157,0,-0.28913,-0.56374,-17.348,-1.127,-1,400.000,-1,400.000,-1,325.000,325.000,300.000,300.000,-1,-1,-1,-1,825.000,750.000,-1,-1,2,0,2,0,2,0,0,0,0,2,2,2,2,0,0,2,2
80,-6466.657,-6890.139,0.942,74.434,0.267332,-0.963276,0.025163,0.961761,0.268344,0.054835,-0.059574,0.009541,0.998178,0,-0.29228,-0.56951,-17.537,-1.139,-1,400.000,-1,400.000,-1,325.000,325.000,300.000,300.000,-1,-1,-1,-1,825.000,750.000,-1,-1,2,0,2,0,2,0,0,0,0,2,2,2,2,0,0,2,2
81,-6471.753,-6907.107,1.988,73.283,0.286648,-0.957702,0.025282,0.956195,0.287633,0.054390,-0.059361,0.008584,0.998200,0,-0.29527,-0.57523,-17.716,-1.150,-1,400.000,-1,400.000,-1,325.000,325.000,300.000,300.000,-1,-1,-1,-1,825.000,750.000,-1,-1,2,0,2,0,2,0,0,0,0,2,2,2,2,0,0,2,2
82,-6477.243,-6924.128,3.048,72.121,0.306037,-0.951681,0.025379,0.950182,0.306994,0.053942,-0.059127,0.007607,0.998221,0,-0.29808,-0.58088,-17.885,-1.162,-1,400.000,-1,400.000,-1,325.000,325.000,300.000,300.000,-1,-1,-1,-1,825.000,750.000,-1,-1,2,0,2,0,2,0,0,0,0,2,2,2,2,0,0,2,2
83,-6483.133,-6941.182,4.124,70.948,0.325485,-0.945205,0.025453,0.943713,0.326412,0.053494,-0.058871,0.006609,0.998244,0,-0.30070,-0.58645,-18.042,-1.173,-1,400.000,-1,400.000,-1,325.000,325.000,300.000,300.000,-1,-1,-1,-1,825.000,750.000,-1,-1,2,0,2,0,2,0,0,0,0,2,2,2,2,0,0,2,2
84,-6487.762,-6953.589,4.924,69.536,0.348729,-0.936876,0.025535,0.935381,0.349621,0.053179,-0.058750,0.005340,0.998258,0,-0.22070,-0.70645,-13.242,-1.413,-1,400.000,-1,400.000,-1,325.000,325.000,325.000,300.000,-1,-1,-1,-1,825.000,750.000,-1,-1,2,0,2,0,2,0,0,0,0,2,2,2,2,0,0,2,2
85,-6490.941,-6961.410,5.447,67.883,0.375648,-0.926408,0.025636,0.924899,0.376502,0.052992,-0.058744,0.003804,0.998266,0,-0.14070,-0.82645,-8.442,-1.653,-1,400.000,-1,400.000,-1,325.000,325.000,325.000,300.000,-1,-1,-1,-1,800.000,750.000,-1,-1,2,0,2,0,2,0,0,0,0,2,2,2,2,0,0,2,2
86,-6492.423,-6964.737,5.692,65.990,0.406087,-0.913471,0.025770,0.911939,0.406899,0.052921,-0.058827,0.002010,0.998266,0,-0.06070,-0.94645,-3.642,-1.893,-1,400.000,-1,400.000,-1,325.000,325.000,325.000,300.000,-1,-1,-1,-1,800.000,750.000,-1,-1,2,0,2,0,2,0,0,0,0,2,2,2,2,0,0,2,2
87,-6491.917,-6963.696,5.657,64.059,0.436675,-0.899245,0.025937,0.897685,0.437444,0.052950,-0.058961,0.000162,0.998260,0,0.01930,-0.96534,1.158,-1.931,-1,400.000,-1,400.000,-1,325.000,325.000,325.000,300.000,-1,-1,-1,-1,800.000,750.000,-1,-1,2,0,2,0,2,0,0,0,0,2,2,2,2,0,0,2,2
88,-6489.132,-6958.429,5.340,62.129,0.466753,-0.884001,0.026149,0.882408,0.467482,0.053065,-0.059134,-0.001694,0.998249,0,0.09930,-0.96504,5.958,-1.930,-1,400.000,-1,400.000,-1,325.000,325.000,325.000,300.000,-1,-1,-1,-1,800.000,750.000,-1,-1,2,0,2,0,2,0,0,0,0,2,2,2,2,0,0,2,2
89,-6483.786,-6949.093,4.744,60.202,0.496252,-0.867776,0.026417,0.866148,0.496942,0.053248,-0.059335,-0.003544,0.998232,0,0.17930,-0.96354,10.758,-1.927,-1,400.000,-1,400.000,-1,325.000,325.000,325.000,300.000,-1,-1,-1,-1,775.000,750.000,-1,-1,2,0,2,0,2,0,0,0,0,2,2,2,2,0,0,2,2
90,-6475.606,-6935.859,3.872,58.280,0.525108,-0.850615,0.026749,0.848949,0.525761,0.053479,-0.059554,-0.005374,0.998211,0,0.25930,-0.96095,15.558,-1.922,-1,400.000,-1,400.000,-1,325.000,325.000,325.000,300.000,-1,-1,-1,-1,775.000,750.000,-1,-1,2,0,2,0,2,0,0,0,0,2,2,2,2,0,0,2,2
91,-6464.330,-6918.910,2.730,56.365,0.553263,-0.832564,0.027151,0.830859,0.553882,0.053737,-0.059779,-0.007172,0.998186,0,0.33930,-0.95736,20.358,-1.915,-1,400.000,-1,400.000,-1,325.000,325.000,325.000,300.000,-1,-1,-1,-1,775.000,725.000,-1,-1,2,0,2,0,2,0,0,0,0,2,2,2,2,0,0,2,2
92,-6449.707,-6898.438,1.325,54.460,0.580666,-0.813673,0.027625,0.811929,0.581254,0.053999,-0.059994,-0.008926,0.998159,0,0.41930,-0.95285,25.158,-1.906,-1,400.000,-1,400.000,-1,325.000,325.000,325.000,300.000,-1,-1,-1,-1,775.000,725.000,-1,-1,2,0,2,0,2,0,0,0,0,2,2,2,2,0,0,2,2
93,-6431.497,-6874.651,-0.335,52.565,0.607272,-0.793994,0.028167,0.792211,0.607833,0.054238,-0.060186,-0.010623,0.998131,0,0.49930,-0.94750,29.958,-1.895,-1,400.000,-1,375.000,-1,325.000,325.000,325.000,300.000,-1,-1,-1,-1,750.000,725.000,-1,-1,2,0,2,0,2,0,0,0,0,2,2,2,2,0,0,2,2
94,-6409.474,-6847.760,-2.240,50.682,0.633044,-0.773581,0.028771,0.771761,0.633578,0.054431,-0.060336,-0.012253,0.998103,0,0.57930,-0.94137,34.758,-1.883,-1,400.000,-1,375.000,-1,325.000,325.000,325.000,300.000,-1,-1,-1,-1,750.000,725.000,-1,-1,2,0,2,0,2,0,0,0,0,2,2,2,2,0,0,2,2
95,-6383.424,-6817.990,-4.418,48.813,0.657956,-0.752489,0.029221,0.750638,0.658457,0.054562,-0.060298,-0.013966,0.998083,0,0.65930,-0.93451,39.558,-1.869,-1,400.000,-1,375.000,-1,325.000,325.000,325.000,300.000,-1,-1,-1,-1,750.000,725.000,-1,-1,2,0,2,0,2,0,0,0,0,2,2,2,2,0,0,2,2
96,-6353.152,-6785.568,-7.058,46.963,0.681980,-0.730817,0.028458,0.728955,0.682372,0.054709,-0.059402,-0.016566,0.998097,0,0.73930,-0.92473,44.358,-1.849,-1,400.000,-1,375.000,-1,325.000,325.000,325.000,300.000,-1,-1,-1,-1,725.000,725.000,-1,-1,2,0,2,0,2,0,0,0,0,2,2,2,2,0,0,2,2
97,-6318.464,-6750.737,-9.905,45.117,0.705251,-0.708416,0.027713,0.706549,0.705537,0.054829,-0.058394,-0.019087,0.998111,0,0.81930,-0.92335,49.158,-1.847,-1,375.000,-1,375.000,-1,325.000,325.000,325.000,325.000,-1,-1,-1,-1,725.000,725.000,-1,-1,2,0,2,0,2,0,0,0,0,2,2,2,2,0,0,2,2
98,-6279.176,-6713.752,-12.941,43.270,0.727781,-0.685278,0.026993,0.683413,0.727964,0.054916,-0.057282,-0.021519,0.998126,0,0.89930,-0.92335,53.958,-1.847,-1,375.000,-1,375.000,-1,325.000,325.000,325.000,325.000,-1,-1,-1,-1,725.000,725.000,-1,-1,2,0,2,0,2,0,0,0,0,2,2,2,2,0,0,2,2
99,-6237.076,-6676.604,-16.054,41.423,0.749549,-0.661425,0.026319,0.659556,0.749626,0.055196,-0.056238,-0.024013,0.998129,0,0.93576,-0.92335,56.146,-1.847,-1,375.000,-1,375.000,-1,325.000,325.000,325.000,325.000,-1,-1,-1,-1,700.000,725.000,-1,-1,2,0,2,0,2,0,0,0,0,2,2,2,2,0,0,2,2
100,-6193.801,-6640.833,-19.059,39.577,0.770526,-0.636888,0.025744,0.635023,0.770507,0.055354,-0.055090,-0.026304,0.998135,0,0.93576,-0.92335,56.146,-1.847,-1,375.000,-1,375.000,-1,300.000,325.000,325.000,325.000,-1,-1,-1,-1,700.000,700.000,-1,-1,2,0,2,0,2,0,0,0,0,2,2,2,2,0,0,2,2
101,-6150.402,-6606.962,-21.908,37.970,0.788121,-0.615002,0.025265,0.613148,0.788022,0.055422,-0.053994,-0.028188,0.998143,0,0.91752,-0.80335,55.051,-1.607,-1,375.000,-1,375.000,-1,300.000,325.000,325.000,325.000,-1,-1,-1,-1,700.000,700.000,-1,-1,2,0,2,0,2,0,0,0,0,2,2,2,2,0,0,2,2
102,-6106.208,-6574.136,-24.692,36.603,0.802594,-0.596009,0.024840,0.594183,0.802435,0.055177,-0.052819,-0.029526,0.998168,0,0.91752,-0.68335,55.051,-1.367,-1,375.000,-1,375.000,-1,300.000,325.000,325.000,325.000,-1,-1,-1,-1,700.000,700.000,-1,-1,2,0,2,0,2,0,0,0,0,2,2,2,2,0,0,2,2
103,-6061.377,-6542.186,-27.438,35.476,0.814177,-0.580102,0.024429,0.578326,0.813981,0.054533,-0.051519,-0.030271,0.998213,0,0.91752,-0.56335,55.051,-1.127,-1,375.000,-1,375.000,-1,300.000,300.000,325.000,325.000,-1,-1,-1,-1,675.000,700.000,-1,-1,2,0,2,0,2,0,0,0,0,2,2,2,2,0,0,2,2
104,-6016.057,-6510.934,-30.101,34.590,0.823072,-0.567429,0.024015,0.565709,0.822851,0.053745,-0.050258,-0.030650,0.998266,0,0.91752,-0.44335,55.051,-0.887,-1,375.000,-1,375.000,-1,300.000,300.000,325.000,325.000,-1,-1,-1,-1,675.000,700.000,-1,-1,2,0,2,0,2,0,0,0,0,2,2,2,2,0,0,2,2
105,-5970.335,-6480.273,-32.748,33.846,0.830382,-0.556700,0.023458,0.555064,0.830152,0.052460,-0.048679,-0.030541,0.998347,0,0.91752,-0.37196,55.051,-0.744,-1,375.000,-1,375.000,-1,300.000,300.000,325.000,325.000,-1,-1,-1,-1,675.000,700.000,-1,-1,2,0,2,0,2,0,0,0,0,2,2,2,2,0,0,2,2
106,-5924.218,-6450.208,-35.260,33.102,0.837562,-0.545875,0.022587,0.544333,0.837310,0.051120,-0.046818,-0.030521,0.998437,0,0.91752,-0.37196,55.051,-0.744,-1,375.000,-1,375.000,-1,300.000,300.000,325.000,325.000,-1,-1,-1,-1,675.000,700.000,-1,-1,2,0,2,0,2,0,0,0,0,2,2,2,2,0,0,2,2
107,-5877.715,-6420.744,-37.678,32.358,0.844599,-0.534959,0.021707,0.533510,0.844329,0.049755,-0.044945,-0.030442,0.998526,0,0.91752,-0.37196,55.051,-0.744,-1,375.000,-1,375.000,-1,300.000,300.000,325.000,325.000,-1,-1,-1,-1,675.000,700.000,-1,-1,2,0,2,0,2,0,0,0,0,2,2,2,2,0,0,2,2
108,-5830.834,-6391.887,-40.001,31.614,0.851492,-0.523954,0.020818,0.522597,0.851207,0.048366,-0.043062,-0.030304,0.998613,0,0.91752,-0.37196,55.051,-0.744,-1,375.000,-1,375.000,-1,300.000,300.000,325.000,325.000,-1,-1,-1,-1,675.000,700.000,-1,-1,2,0,2,0,2,0,0,0,0,2,2,2,2,0,0,2,2
109,-5783.581,-6363.640,-42.270,30.870,0.858246,-0.512859,0.019729,0.511595,0.857939,0.047027,-0.041045,-0.030268,0.998699,0,0.91752,-0.37196,55.051,-0.744,-1,375.000,-1,375.000,-1,300.000,300.000,325.000,325.000,-1,825.000,875.000,-1,675.000,700.000,-1,-1,2,0,2,0,2,0,0,0,0,2,0,0,2,0,0,2,2
110,-5735.966,-6336.010,-44.458,30.126,0.864855,-0.501678,0.018581,0.500506,0.864527,0.045693,-0.038987,-0.030218,0.998783,0,0.91752,-0.37196,55.051,-0.744,-1,375.000,-1,375.000,-1,300.000,300.000,325.000,325.000,-1,775.000,675.000,-1,675.000,700.000,-1,-1,2,0,2,0,2,0,0,0,0,2,0,0,2,0,0,2,2
111,-5687.997,-6309.000,-46.511,29.382,0.871315,-0.490415,0.017419,0.489342,0.870975,0.044132,-0.036814,-0.029929,0.998874,0,0.91752,-0.37196,55.051,-0.744,-1,375.000,-1,375.000,-1,300.000,300.000,325.000,325.000,-1,750.000,625.000,-1,675.000,700.000,-1,-1,2,0,2,0,2,0,0,0,0,2,0,0,2,0,0,2,2
112,-5639.680,-6282.616,-48.465,28.638,0.877626,-0.479071,0.016219,0.478096,0.877279,0.042501,-0.034590,-0.029546,0.998965,0,0.91752,-0.37196,55.051,-0.744,-1,375.000,-1,375.000,-1,300.000,300.000,325.000,325.000,-1,725.000,600.000,-1,675.000,700.000,-1,-1,2,0,2,0,2,0,0,0,0,2,0,0,2,0,0,2,2
113,-5591.025,-6256.861,-50.325,27.895,0.883787,-0.467647,0.015057,0.466766,0.883437,0.040859,-0.032410,-0.029083,0.999051,0,0.91752,-0.37196,55.051,-0.744,-1,375.000,-1,375.000,-1,300.000,300.000,325.000,325.000,-1,675.000,550.000,-1,675.000,700.000,-1,-1,2,0,2,0,2,0,0,0,0,2,0,0,2,0,0,2,2
114,-5542.040,-6231.739,-52.091,27.151,0.889796,-0.456145,0.013932,0.455352,0.889448,0.039205,-0.030275,-0.028541,0.999134,0,0.91752,-0.37196,55.051,-0.744,-1,375.000,-1,375.000,-1,300.000,300.000,325.000,325.000,-1,650.000,525.000,-1,675.000,700.000,-1,-1,2,0,2,0,2,0,0,0,0,2,0,0,2,0,0,2,2
115,-5492.733,-6207.256,-53.765,26.407,0.895654,-0.444566,0.012843,0.443858,0.895311,0.037539,-0.028188,-0.027922,0.999213,0,0.91752,-0.37196,55.051,-0.744,-1,375.000,-1,375.000,-1,300.000,325.000,325.000,325.000,-1,625.000,500.000,-1,675.000,700.000,-1,-1,2,0,2,0,2,0,0,0,0,2,0,0,2,0,0,2,2
116,-5443.112,-6183.416,-55.350,25.663,0.901359,-0.432913,0.011789,0.432284,0.901024,0.035861,-0.026147,-0.027227,0.999287,0,0.91752,-0.37196,55.051,-0.744,-1,375.000,-1,375.000,-1,300.000,300.000,325.000,325.000,-1,600.000,500.000,-1,675.000,700.000,-1,-1,2,0,2,0,2,0,0,0,0,2,0,0,2,0,0,2,2
117,-5393.185,-6160.221,-56.847,24.919,0.906910,-0.421187,0.010770,0.420632,0.906588,0.034170,-0.024156,-0.026459,0.999358,0,0.91752,-0.37196,55.051,-0.744,-1,375.000,-1,375.000,-1,300.000,300.000,325.000,325.000,-1,600.000,500.000,-1,675.000,700.000,-1,-1,2,0,2,0,2,0,0,0,0,2,0,0,2,0,0,2,2
118,-5342.962,-6137.676,-58.176,24.175,0.912308,-0.409387,0.009859,0.408891,0.911993,0.032829,-0.022432,-0.025919,0.999412,0,0.91752,-0.37196,55.051,-0.744,-1,375.000,-1,375.000,-1,300.000,300.000,325.000,300.000,-1,600.000,500.000,-1,675.000,700.000,-1,-1,2,0,2,0,2,0,0,0,0,2,0,0,2,0,0,2,2
119,-5292.450,-6115.786,-59.302,23.431,0.917557,-0.397513,0.008529,0.397079,0.917235,0.031759,-0.020448,-0.025754,0.999459,0,0.91752,-0.37196,55.051,-0.744,-1,375.000,-1,375.000,-1,300.000,300.000,325.000,325.000,-1,600.000,525.000,-1,675.000,700.000,-1,-1,2,0,2,0,2,0,0,0,0,2,0,0,2,0,0,2,2
120,-5241.658,-6094.553,-60.239,22.687,0.922654,-0.385569,0.006787,0.385200,0.922315,0.030930,-0.018186,-0.025923,0.999499,0,0.91752,-0.37196,55.051,-0.744,-1,375.000,-1,375.000,-1,300.000,300.000,300.000,325.000,-1,600.000,525.000,-1,675.000,700.000,-1,-1,2,0,2,0,2,0,0,0,0,2,0,0,2,0,0,2,2
121,-5190.595,-6073.981,-61.102,21.943,0.927591,-0.373561,0.005120,0.373254,0.927241,0.030091,-0.015988,-0.026001,0.999534,0,0.91752,-0.37196,55.051,-0.744,-1,375.000,-1,375.000,-1,300.000,300.000,300.000,325.000,-1,600.000,525.000,-1,675.000,700.000,-1,-1,2,0,2,0,2,0,0,0,0,2,0,0,2,0,0,2,2
122,-5139.270,-6054.074,-61.852,21.199,0.932368,-0.361493,0.003714,0.361241,0.932017,0.029132,-0.013992,-0.025820,0.999569,0,0.91752,-0.37196,55.051,-0.744,-1,375.000,-1,375.000,-1,300.000,300.000,300.000,325.000,-1,600.000,525.000,-1,675.000,700.000,-1,-1,2,0,2,0,2,0,0,0,0,2,0,0,2,0,0,2,2
123,-5087.689,-6034.835,-62.454,20.455,0.936983,-0.349367,0.002311,0.349173,0.936646,0.027797,-0.011876,-0.025238,0.999611,0,0.91752,-0.37196,55.051,-0.744,-1,375.000,-1,375.000,-1,300.000,300.000,300.000,325.000,-1,600.000,525.000,-1,675.000,725.000,-1,-1,2,0,2,0,2,0,0,0,0,2,0,0,2,0,0,2,2
124,-5040.454,-6017.688,-62.937,19.951,0.940019,-0.341121,0.001033,0.340976,0.939698,0.026498,-0.010010,-0.024556,0.999648,0,0.83752,-0.25196,50.251,-0.504,-1,375.000,-1,375.000,-1,300.000,325.000,300.000,325.000,-1,600.000,525.000,-1,700.000,725.000,-1,-1,2,0,2,0,2,0,0,0,0,2,0,0,2,0,0,2,2
125,-4996.678,-6002.025,-63.349,19.688,0.941578,-0.336795,-0.000118,0.336690,0.941275,0.025314,-0.008414,-0.023875,0.999680,0,0.77489,-0.13196,46.493,-0.264,-1,375.000,-1,375.000,-1,300.000,325.000,300.000,325.000,-1,600.000,525.000,-1,700.000,725.000,-1,-1,2,0,2,0,2,0,0,0,0,2,0,0,2,0,0,2,2
126,-4952.896,-5986.381,-63.733,19.664,0.941716,-0.336408,-0.001241,0.336338,0.941432,0.024137,-0.006952,-0.023148,0.999708,0,0.77489,-0.01196,46.493,-0.024,-1,375.000,-1,375.000,-1,300.000,325.000,300.000,325.000,-1,600.000,525.000,-1,700.000,725.000,-1,-1,2,0,2,0,2,0,0,0,0,2,0,0,2,0,0,2,2
127,-4909.174,-5970.571,-64.096,19.880,0.940436,-0.339962,-0.002332,0.339924,0.940173,0.022959,-0.005613,-0.022384,0.999734,0,0.77489,0.10804,46.493,0.216,-1,375.000,-1,375.000,-1,325.000,325.000,300.000,300.000,-1,600.000,525.000,-1,700.000,725.000,-1,-1,2,0,2,0,2,0,0,0,0,2,0,0,2,0,0,2,2
128,-4865.541,-5954.513,-64.439,20.206,0.938483,-0.345308,-0.003391,0.345297,0.938241,0.021778,-0.004339,-0.021609,0.999757,0,0.77489,0.16289,46.493,0.326,-1,375.000,-1,375.000,-1,325.000,325.000,300.000,300.000,-1,575.000,525.000,-1,700.000,725.000,-1,-1,2,0,2,0,2,0,0,0,0,2,0,0,2,0,0,2,2
129,-4822.001,-5938.207,-64.755,20.531,0.936499,-0.350643,-0.004430,0.350658,0.936278,0.020549,-0.003058,-0.020797,0.999779,0,0.77489,0.16289,46.493,0.326,-1,375.000,-1,375.000,-1,325.000,325.000,300.000,300.000,-1,575.000,525.000,-1,700.000,725.000,-1,-1,2,0,2,0,2,0,0,0,0,2,0,0,2,0,0,2,2
130,-4778.554,-5921.654,-65.019,20.857,0.934482,-0.355968,-0.005483,0.356006,0.934287,0.019166,-0.001700,-0.019862,0.999801,0,0.77489,0.16289,46.493,0.326,-1,375.000,-1,375.000,-1,325.000,325.000,300.000,300.000,-1,575.000,500.000,-1,700.000,725.000,-1,-1,2,0,2,0,2,0,0,0,0,2,0,0,2,0,0,2,2
131,-4735.202,-5904.854,-65.265,21.183,0.932434,-0.361281,-0.006496,0.361339,0.932265,0.017790,-0.000371,-0.018935,0.999821,0,0.77489,0.16289,46.493,0.326,-1,375.000,-1,375.000,-1,325.000,325.000,300.000,300.000,-1,575.000,500.000,-1,725.000,725.000,-1,-1,2,0,2,0,2,0,0,0,0,2,0,0,2,0,0,2,2
132,-4691.947,-5887.808,-65.406,21.509,0.930358,-0.366580,-0.007349,0.366653,0.930206,0.016811,0.000674,-0.018334,0.999832,0,0.77489,0.16289,46.493,0.326,-1,375.000,-1,375.000,-1,325.000,325.000,300.000,300.000,-1,550.000,500.000,-1,725.000,725.000,-1,-1,2,0,2,0,2,0,0,0,0,2,0,0,2,0,0,2,2
133,-4648.789,-5870.516,-65.389,21.834,0.928253,-0.371863,-0.008050,0.371948,0.928108,0.016433,0.001361,-0.018248,0.999833,0,0.77489,0.16289,46.493,0.326,-1,375.000,-1,400.000,-1,325.000,325.000,300.000,300.000,-1,575.000,525.000,-1,725.000,750.000,-1,-1,2,0,2,0,2,0,0,0,0,2,0,0,2,0,0,2,2
134,-4605.730,-5852.979,-65.296,22.160,0.926115,-0.377133,-0.008969,0.377234,0.925977,0.016188,0.002200,-0.018375,0.999829,0,0.77489,0.16289,46.493,0.326,-1,375.000,-1,400.000,-1,325.000,325.000,300.000,300.000,-1,575.000,525.000,-1,725.000,750.000,-1,-1,2,0,2,0,2,0,0,0,0,2,0,0,2,0,0,2,2
135,-4562.771,-5835.197,-65.193,22.486,0.923948,-0.382392,-0.009847,0.382507,0.923816,0.015918,0.003010,-0.018474,0.999825,0,0.77489,0.16289,46.493,0.326,-1,375.000,-1,400.000,-1,325.000,325.000,300.000,300.000,-1,600.000,550.000,-1,725.000,750.000,-1,-1,2,0,2,0,2,0,0,0,0,2,0,0,2,0,0,2,2
136,-4519.914,-5817.172,-65.079,22.812,0.921750,-0.387638,-0.010684,0.387766,0.921625,0.015624,0.003790,-0.018545,0.999821,0,0.77489,0.16289,46.493,0.326,-1,375.000,-1,400.000,-1,325.000,325.000,300.000,300.000,-1,600.000,550.000,-1,725.000,750.000,-1,-1,2,0,2,0,2,0,0,0,0,2,0,0,2,0,0,2,2
137,-4477.161,-5798.903,-64.884,23.138,0.919525,-0.392873,-0.011161,0.393008,0.919410,0.015137,0.004315,-0.018305,0.999823,0,0.77489,0.16289,46.493,0.326,-1,375.000,-1,400.000,-1,325.000,325.000,300.000,300.000,-1,625.000,575.000,-1,725.000,750.000,-1,-1,2,0,2,0,2,0,0,0,0,2,0,0,2,0,0,2,2
138,-4434.511,-5780.391,-64.676,23.463,0.917270,-0.398096,-0.011629,0.398237,0.917166,0.014607,0.004850,-0.018029,0.999826,0,0.77489,0.16289,46.493,0.326,-1,375.000,-1,400.000,-1,325.000,325.000,300.000,300.000,-1,650.000,600.000,-1,725.000,750.000,-1,-1,2,0,2,0,2,0,0,0,0,2,0,0,2,0,0,2,2
