timestep,x_cm,y_cm,z_cm,yaw_deg,basis_xx,basis_xy,basis_xz,basis_yx,basis_yy,basis_yz,basis_zx,basis_zy,basis_zz,teleport_flag,throttle_cmd,steering_cmd,cmd_move_cm,cmd_turn_deg,lidar_cm_0,lidar_cm_1,lidar_cm_2,lidar_cm_3,lidar_cm_4,lidar_cm_5,lidar_cm_6,lidar_cm_7,lidar_cm_8,lidar_cm_9,lidar_cm_10,lidar_cm_11,lidar_cm_12,lidar_cm_13,lidar_cm_14,lidar_cm_15,lidar_cm_16,lidar_class_0,lidar_class_1,lidar_class_2,lidar_class_3,lidar_class_4,lidar_class_5,lidar_class_6,lidar_class_7,lidar_class_8,lidar_class_9,lidar_class_10,lidar_class_11,lidar_class_12,lidar_class_13,lidar_class_14,lidar_class_15,lidar_class_16
0,-7545.219,-4259.195,-152.517,114.312,-0.412356,-0.909394,0.054450,0.910952,-0.410841,0.037107,-0.011375,0.064903,0.997827,1,0.08000,-0.12000,4.800,-0.240,-1,400.000,650.000,375.000,475.000,325.000,325.000,300.000,300.000,600.000,-1,-1,-1,625.000,450.000,825.000,450.000,2,0,1,1,1,0,0,0,0,1,2,2,2,1,1,1,1
1,-7549.098,-4250.413,-152.640,113.832,-0.404736,-0.912808,0.054496,0.914357,-0.403210,0.037055,-0.011851,0.064826,0.997826,0,0.16000,-0.24000,9.600,-0.480,-1,400.000,650.000,375.000,450.000,325.000,325.000,300.000,300.000,600.000,-1,-1,-1,600.000,450.000,800.000,450.000,2,0,1,1,1,0,0,0,0,1,2,2,2,1,1,1,1
2,-7554.750,-4237.169,-152.836,113.112,-0.393252,-0.917811,0.054561,0.919345,-0.391711,0.036977,-0.012566,0.064702,0.997826,0,0.24000,-0.36000,14.400,-0.720,-1,400.000,625.000,350.000,450.000,325.000,325.000,300.000,300.000,600.000,-1,-1,-1,575.000,450.000,775.000,450.000,2,0,1,1,1,0,0,0,0,1,2,2,2,1,1,1,1
3,-7562.062,-4219.415,-153.113,112.385,-0.381585,-0.922717,0.054650,0.924239,-0.380031,0.036867,-0.013249,0.064577,0.997825,0,0.32000,-0.36368,19.200,-0.727,-1,400.000,600.000,350.000,425.000,325.000,325.000,300.000,300.000,625.000,-1,-1,-1,550.000,425.000,750.000,425.000,2,0,1,1,1,0,0,0,0,1,2,2,2,1,1,1,1
4,-7570.919,-4197.109,-153.477,111.657,-0.369845,-0.927478,0.054758,0.928989,-0.368280,0.036727,-0.013897,0.064453,0.997824,0,0.40000,-0.36401,24.000,-0.728,-1,400.000,575.000,325.000,425.000,325.000,325.000,300.000,300.000,625.000,-1,-1,-1,525.000,400.000,700.000,400.000,2,0,1,1,1,0,1,0,0,1,2,2,2,1,1,1,1
5,-7581.205,-4170.208,-153.935,110.926,-0.358000,-0.932107,0.054881,0.933609,-0.356424,0.036557,-0.014514,0.064325,0.997823,0,0.48000,-0.36536,28.800,-0.731,925.000,400.000,550.000,325.000,400.000,325.000,300.000,300.000,300.000,650.000,-1,-1,-1,500.000,400.000,650.000,375.000,1,0,1,1,1,0,1,0,0,1,2,2,2,1,1,1,1
6,-7592.802,-4138.672,-154.494,110.191,-0.346017,-0.936614,0.055013,0.938106,-0.344433,0.036362,-0.015109,0.064190,0.997823,0,0.56000,-0.36775,33.600,-0.736,825.000,375.000,500.000,300.000,350.000,325.000,275.000,300.000,300.000,675.000,-1,-1,-1,450.000,375.000,600.000,350.000,1,1,1,1,1,1,1,0,0,1,2,2,2,1,1,1,1
7,-7605.588,-4102.463,-155.159,109.448,-0.333862,-0.941007,0.055148,0.942492,-0.332270,0.036144,-0.015687,0.064044,0.997824,0,0.64000,-0.37124,38.400,-0.742,725.000,350.000,475.000,275.000,325.000,300.000,250.000,300.000,300.000,700.000,-1,-1,-1,425.000,350.000,525.000,325.000,1,1,1,1,1,1,1,0,0,1,2,2,2,1,1,1,1
8,-7619.435,-4061.542,-155.939,108.696,-0.321496,-0.945296,0.055280,0.946771,-0.319898,0.035906,-0.016258,0.063881,0.997825,0,0.72000,-0.37590,43.200,-0.752,625.000,300.000,425.000,250.000,275.000,275.000,250.000,300.000,300.000,750.000,-1,-1,-1,375.000,300.000,475.000,275.000,1,1,1,1,1,1,1,0,0,1,2,2,2,1,1,1,1
9,-7634.214,-4015.874,-156.810,107.933,-0.308879,-0.949494,0.055275,0.950951,-0.307275,0.035700,-0.016912,0.063591,0.997833,0,0.80000,-0.38186,48.000,-0.764,525.000,275.000,375.000,225.000,250.000,225.000,200.000,300.000,300.000,800.000,-1,-1,-1,325.000,275.000,400.000,225.000,1,1,1,1,1,1,1,0,0,1,2,2,2,1,1,1,1
10,-7649.781,-3965.421,-155.130,107.154,-0.295431,-0.954155,0.048046,0.955313,-0.294522,0.025176,-0.009871,0.053337,0.998528,0,0.88000,-0.38929,52.800,-0.779,450.000,250.000,325.000,200.000,225.000,200.000,200.000,300.000,325.000,825.000,850.000,825.000,-1,300.000,250.000,350.000,200.000,1,1,1,1,1,1,1,0,0,1,0,0,2,1,1,1,1
11,-7665.994,-3910.149,-150.559,106.357,-0.281431,-0.959040,0.032235,0.959562,-0.281482,0.003031,0.006167,0.031785,0.999476,0,0.96000,-0.39843,57.600,-0.797,350.000,225.000,300.000,200.000,225.000,175.000,175.000,275.000,400.000,850.000,300.000,425.000,-1,250.000,250.000,300.000,200.000,1,1,1,1,1,1,1,0,0,1,0,0,2,1,1,1,1
12,-7682.061,-3852.340,-145.767,105.538,-0.267604,-0.963414,0.014872,0.963251,-0.267866,-0.019868,0.023125,0.009009,0.999692,0,1.00000,-0.40962,60.000,-0.819,275.000,175.000,275.000,175.000,200.000,175.000,150.000,275.000,450.000,875.000,150.000,300.000,-1,225.000,225.000,225.000,200.000,1,1,1,1,1,1,1,0,0,1,0,0,2,1,1,1,1
13,-327.963,2951.690,-260.165,-88.402,0.030248,0.998927,0.035071,-0.997400,0.027868,0.066461,0.065412,-0.036990,0.997173,1,0.00000,0.00000,60.000,-0.845,-1,375.000,-1,375.000,-1,300.000,325.000,325.000,300.000,-1,475.000,450.000,-1,625.000,700.000,-1,-1,2,0,2,0,2,0,0,0,0,2,0,0,2,0,0,2,2
14,-327.850,2946.891,-259.853,-88.642,0.026061,0.999049,0.034949,-0.997487,0.023684,0.066776,0.065885,-0.036602,0.997156,0,0.08000,-0.12000,4.800,-0.240,-1,375.000,-1,375.000,-1,300.000,325.000,325.000,300.000,-1,475.000,450.000,-1,625.000,700.000,-1,-1,2,0,2,0,2,0,0,0,0,2,0,0,2,0,0,2,2
15,-327.703,2937.292,-259.228,-89.122,0.017685,0.999241,0.034720,-0.997608,0.015314,0.067405,0.066823,-0.035829,0.997121,0,0.16000,-0.24000,9.600,-0.480,-1,375.000,-1,400.000,-1,300.000,325.000,325.000,300.000,-1,475.000,475.000,-1,625.000,700.000,-1,-1,2,0,2,0,2,0,0,0,0,2,0,0,2,0,0,2,2
16,-327.664,2922.892,-258.285,-89.842,0.005119,0.999395,0.034407,-0.997658,0.002757,0.068347,0.068211,-0.034676,0.997068,0,0.24000,-0.36000,14.400,-0.720,-1,375.000,-1,400.000,-1,300.000,325.000,325.000,300.000,-1,475.000,475.000,-1,625.000,725.000,-1,-1,2,0,2,0,2,0,0,0,0,2,0,0,2,0,0,2,2
17,-327.933,2903.693,-257.024,-90.802,-0.011639,0.999352,0.034050,-0.997477,-0.013989,0.069595,0.070026,-0.033154,0.996994,0,0.32000,-0.48000,19.200,-0.960,-1,375.000,-1,400.000,-1,325.000,325.000,300.000,300.000,-1,475.000,475.000,-1,650.000,725.000,-1,-1,2,0,2,0,2,0,0,0,0,2,0,0,2,0,0,2,2
18,-328.739,2879.706,-255.439,-91.922,-0.031194,0.998945,0.033691,-0.996903,-0.033529,0.071132,0.072186,-0.031367,0.996898,0,0.40000,-0.56021,24.000,-1.120,-1,375.000,-1,400.000,-1,325.000,325.000,300.000,300.000,-1,475.000,475.000,-1,650.000,725.000,-1,-1,2,0,2,0,2,0,0,0,0,2,0,0,2,0,0,2,2
19,-330.270,2850.947,-253.525,-93.045,-0.050774,0.998153,0.033356,-0.995923,-0.053097,0.072927,0.074563,-0.029517,0.996779,0,0.48000,-0.56132,28.800,-1.123,-1,375.000,-1,400.000,-1,325.000,325.000,300.000,300.000,-1,475.000,500.000,-1,650.000,750.000,-1,-1,2,0,2,0,2,0,0,0,0,2,0,0,2,0,0,2,2
20,-332.714,2817.435,-251.281,-94.171,-0.070394,0.996971,0.033070,-0.994532,-0.072708,0.074962,0.077140,-0.027613,0.996638,0,0.56000,-0.56306,33.600,-1.126,-1,375.000,-1,400.000,975.000,325.000,325.000,300.000,300.000,-1,500.000,500.000,-1,650.000,750.000,-1,-1,2,0,2,0,1,0,0,0,0,2,0,0,2,0,0,2,2
21,-336.263,2779.199,-248.707,-95.302,-0.090068,0.995393,0.032859,-0.992726,-0.092376,0.077215,0.079895,-0.025665,0.996473,0,0.64000,-0.56545,38.400,-1.131,-1,375.000,-1,400.000,950.000,325.000,325.000,300.000,300.000,-1,450.000,475.000,-1,650.000,750.000,-1,-1,2,0,2,0,1,0,0,0,0,2,0,0,2,0,0,2,2
22,-341.109,2736.271,-245.803,-96.439,-0.109811,0.993413,0.032743,-0.990497,-0.112114,0.079656,0.082803,-0.023685,0.996284,0,0.72000,-0.56849,43.200,-1.137,-1,375.000,-1,400.000,925.000,325.000,325.000,300.000,300.000,-1,425.000,425.000,-1,675.000,775.000,-1,-1,2,0,2,0,1,0,0,0,0,2,0,0,2,0,0,2,2
23,-347.444,2688.690,-242.573,-97.583,-0.129638,0.991021,0.032743,-0.987839,-0.131939,0.082253,0.085835,-0.021682,0.996073,0,0.80000,-0.57221,48.000,-1.144,-1,375.000,-1,400.000,875.000,325.000,325.000,300.000,300.000,-1,400.000,400.000,-1,675.000,775.000,-1,-1,2,0,2,0,1,0,0,0,0,2,0,0,2,0,0,2,2
24,-355.464,2636.503,-238.475,-98.737,-0.149798,0.988246,0.030491,-0.984825,-0.151871,0.083993,0.087636,-0.017446,0.996000,0,0.88000,-0.57663,52.800,-1.153,-1,375.000,-1,400.000,850.000,325.000,325.000,275.000,300.000,-1,400.000,400.000,-1,675.000,800.000,-1,-1,2,0,2,0,1,0,0,0,0,2,0,0,2,0,0,2,2
25,-365.368,2579.760,-233.544,-99.900,-0.170209,0.985038,0.027007,-0.981409,-0.171921,0.085316,0.088682,-0.011984,0.995988,0,0.96000,-0.58177,57.600,-1.164,-1,375.000,-1,400.000,775.000,325.000,325.000,300.000,300.000,-1,450.000,450.000,-1,675.000,800.000,-1,-1,2,0,2,0,1,0,0,0,0,2,0,0,2,0,0,2,2
26,-376.842,2521.141,-227.917,-101.076,-0.190596,0.981340,0.025395,-0.977593,-0.192096,0.086086,0.089358,-0.008418,0.995964,0,0.99553,-0.58764,59.732,-1.175,-1,375.000,-1,400.000,750.000,325.000,325.000,300.000,300.000,-1,525.000,500.000,-1,675.000,775.000,-1,-1,2,0,2,0,1,0,0,0,0,2,0,0,2,0,0,2,2
27,-389.512,2462.850,-222.305,-102.263,-0.211103,0.977170,0.023972,-0.973313,-0.212402,0.086870,0.089979,-0.004994,0.995931,0,0.99419,-0.59388,59.652,-1.188,-1,375.000,-1,400.000,700.000,325.000,325.000,300.000,300.000,-1,600.000,550.000,-1,700.000,775.000,-1,-1,2,0,2,0,1,0,0,0,0,2,0,0,2,0,0,2,2
28,-403.377,2404.933,-216.749,-103.463,-0.231722,0.972519,0.022617,-0.968567,-0.232818,0.087605,0.090463,-0.001606,0.995898,0,0.99256,-0.59988,59.553,-1.200,-1,375.000,-1,400.000,650.000,325.000,325.000,300.000,300.000,-1,650.000,600.000,-1,700.000,775.000,-1,-1,2,0,2,0,1,0,0,0,0,2,0,0,2,0,0,2,2
29,-418.428,2347.433,-211.258,-104.669,-0.252346,0.967402,0.021326,-0.963366,-0.253240,0.088294,0.090816,0.001736,0.995866,0,0.99062,-0.60314,59.437,-1.206,-1,375.000,-1,400.000,625.000,325.000,325.000,300.000,300.000,-1,725.000,675.000,-1,700.000,775.000,-1,-1,2,0,2,0,1,0,0,0,0,2,0,0,2,0,1,2,2
30,-434.656,2290.394,-205.843,-105.882,-0.272956,0.961817,0.020097,-0.957709,-0.273648,0.088938,0.091042,0.005029,0.995834,0,0.98838,-0.60618,59.303,-1.212,-1,375.000,-1,400.000,575.000,325.000,325.000,300.000,300.000,-1,775.000,725.000,-1,700.000,750.000,-1,-1,2,0,2,0,1,0,0,0,0,2,0,0,2,0,1,2,2
31,-452.048,2233.857,-200.514,-107.100,-0.293531,0.955762,0.018927,-0.951594,-0.294024,0.089542,0.091146,0.008273,0.995803,0,0.98585,-0.60898,59.151,-1.218,-1,375.000,-1,400.000,525.000,325.000,325.000,275.000,300.000,-1,850.000,775.000,-1,700.000,725.000,-1,-1,2,0,2,0,1,0,0,0,0,2,0,0,2,0,1,2,2
32,-470.589,2177.866,-195.281,-108.323,-0.314052,0.949239,0.017814,-0.945022,-0.314348,0.090108,0.091134,0.011464,0.995773,0,0.98302,-0.61153,58.981,-1.223,-1,375.000,-1,400.000,500.000,325.000,325.000,275.000,300.000,-1,900.000,850.000,-1,675.000,700.000,-1,-1,2,0,2,0,1,0,0,0,0,2,0,0,2,0,1,2,2
33,-490.263,2122.459,-190.107,-109.550,-0.334512,0.942245,0.016629,-0.937972,-0.334599,0.090844,0.091162,0.014791,0.995726,0,0.97993,-0.61383,58.796,-1.228,-1,375.000,-1,400.000,450.000,325.000,325.000,275.000,300.000,-1,975.000,900.000,-1,700.000,675.000,-1,-1,2,0,2,0,1,0,0,0,1,2,0,0,2,0,1,2,2
34,-511.052,2067.675,-184.949,-110.782,-0.354914,0.934777,0.015071,-0.930469,-0.354754,0.091529,0.090905,0.018462,0.995688,0,0.97660,-0.61587,58.596,-1.232,-1,375.000,-1,400.000,400.000,325.000,325.000,275.000,275.000,-1,-1,950.000,-1,700.000,650.000,-1,-1,2,0,2,0,1,0,0,0,1,2,2,0,2,0,1,2,2
35,-532.937,2013.550,-179.690,-112.017,-0.375277,0.926826,0.012710,-0.922486,-0.374788,0.092479,0.090475,0.022980,0.995634,0,0.97304,-0.61764,58.383,-1.235,-1,375.000,-1,400.000,375.000,325.000,325.000,300.000,275.000,-1,-1,-1,-1,700.000,625.000,-1,600.000,2,0,2,0,1,0,0,0,1,2,2,2,2,0,1,2,1
36,-555.898,1960.116,-174.445,-113.256,-0.395537,0.918394,0.010119,-0.914003,-0.394680,0.093949,0.090276,0.027911,0.995526,0,0.96930,-0.61914,58.158,-1.238,-1,375.000,-1,400.000,325.000,325.000,325.000,300.000,250.000,-1,-1,-1,-1,700.000,600.000,-1,500.000,2,0,2,1,1,0,0,0,1,2,2,2,2,0,1,2,1
37,-580.682,1905.474,-169.146,-114.400,-0.414119,0.910192,0.007494,-0.905759,-0.412889,0.095513,0.090029,0.032766,0.995400,0,1.00000,-0.57238,60.000,-1.145,-1,375.000,-1,375.000,300.000,325.000,325.000,300.000,250.000,-1,-1,-1,-1,700.000,600.000,-1,450.000,2,0,2,1,1,0,0,0,1,2,2,2,2,0,1,2,1
38,-606.568,1851.345,-163.715,-115.560,-0.432699,0.901522,0.005406,-0.897138,-0.431171,0.096102,0.088969,0.036734,0.995357,0,1.00000,-0.58000,60.000,-1.160,-1,375.000,-1,350.000,250.000,325.000,325.000,300.000,225.000,-1,-1,-1,-1,700.000,575.000,-1,375.000,2,0,2,1,1,0,0,0,1,2,2,2,2,0,1,2,1
39,-633.563,1797.759,-156.831,-116.736,-0.450837,0.892543,0.010607,-0.887811,-0.449613,0.098185,0.092403,0.034849,0.995112,0,1.00000,-0.58800,60.000,-1.176,-1,375.000,-1,350.000,250.000,325.000,325.000,300.000,225.000,-1,-1,-1,-1,750.000,650.000,-1,400.000,2,0,2,1,1,0,0,0,1,2,2,2,2,0,1,2,1
40,-661.670,1744.747,-148.566,-117.929,-0.468445,0.883196,0.022894,-0.877792,-0.468206,0.101312,0.100197,0.027363,0.994591,0,1.00000,-0.59643,60.000,-1.193,-1,400.000,-1,375.000,275.000,350.000,325.000,275.000,225.000,-1,-1,-1,-1,800.000,900.000,-1,-1,2,0,2,1,1,0,1,0,1,2,2,2,2,0,0,2,2
41,-690.891,1692.341,-140.749,-119.140,-0.486117,0.873240,0.033803,-0.867324,-0.486835,0.103641,0.106960,0.021063,0.994040,0,1.00000,-0.60530,60.000,-1.211,-1,425.000,-1,375.000,300.000,350.000,350.000,275.000,225.000,-1,650.000,725.000,-1,850.000,1000.000,-1,-1,2,0,2,1,1,0,1,0,1,2,0,0,2,0,1,2,2
42,-720.994,1640.438,-133.471,-120.110,-0.500029,0.864950,0.042809,-0.858657,-0.501605,0.105362,0.112606,0.015926,0.993512,0,1.00000,-0.48530,60.000,-0.971,-1,450.000,-1,400.000,425.000,375.000,350.000,275.000,225.000,-1,500.000,600.000,-1,925.000,950.000,-1,-1,2,0,2,1,1,1,1,0,1,2,0,0,2,0,1,2,2
43,-751.721,1588.979,-126.682,-120.841,-0.510392,0.858527,0.049318,-0.851967,-0.512619,0.106649,0.116842,0.012415,0.993073,0,0.99888,-0.36530,59.933,-0.731,-1,450.000,-1,450.000,725.000,375.000,375.000,275.000,200.000,-1,400.000,525.000,-1,950.000,925.000,-1,975.000,2,0,2,1,1,0,1,0,1,2,0,0,2,0,1,2,1
44,-782.735,1538.036,-120.508,-121.332,-0.517296,0.854126,0.053606,-0.847366,-0.519964,0.107741,0.119897,0.010310,0.992733,0,0.99401,-0.24530,59.641,-0.491,-1,475.000,-1,500.000,725.000,400.000,400.000,275.000,200.000,-1,300.000,425.000,-1,-1,900.000,-1,925.000,2,0,2,1,1,0,1,0,1,2,0,0,2,2,1,2,1
45,-813.762,1487.569,-114.885,-121.582,-0.520884,0.851846,0.055123,-0.844940,-0.523696,0.108715,0.121476,0.010052,0.992543,0,0.98735,-0.12530,59.241,-0.251,-1,475.000,-1,525.000,700.000,400.000,400.000,275.000,175.000,-1,275.000,400.000,-1,-1,875.000,-1,900.000,2,0,2,0,1,0,0,0,1,2,0,0,2,2,1,2,1
46,-844.527,1437.545,-109.780,-121.593,-0.521236,0.851732,0.053540,-0.844733,-0.523843,0.109615,0.121409,0.011909,0.992531,0,0.97879,-0.00530,58.727,-0.011,-1,475.000,-1,525.000,675.000,400.000,400.000,275.000,175.000,-1,275.000,375.000,-1,-1,825.000,-1,850.000,2,0,2,0,1,0,0,0,1,2,0,0,2,2,1,2,1
47,-874.764,1387.934,-105.355,-121.363,-0.518272,0.853783,0.049484,-0.846762,-0.520404,0.110335,0.119954,0.015282,0.992662,0,0.96832,0.11470,58.099,0.229,-1,475.000,-1,525.000,650.000,400.000,400.000,275.000,150.000,-1,275.000,375.000,-1,-1,800.000,-1,800.000,2,0,2,0,1,0,0,0,1,2,0,0,2,2,1,2,1
48,-904.213,1338.711,-101.666,-120.894,-0.511930,0.857948,0.043059,-0.851033,-0.513350,0.110518,0.116923,0.019933,0.992941,0,0.95602,0.23470,57.361,0.469,-1,475.000,-1,525.000,600.000,400.000,400.000,275.000,150.000,-1,325.000,400.000,-1,-1,750.000,-1,750.000,2,0,2,0,1,0,0,0,1,2,0,0,2,2,1,2,1
49,-932.630,1289.850,-98.608,-120.185,-0.502139,0.864113,0.034145,-0.857421,-0.502616,0.110482,0.112631,0.026200,0.993291,0,0.94208,0.35470,56.525,0.709,-1,475.000,-1,500.000,575.000,375.000,400.000,275.000,150.000,-1,400.000,450.000,650.000,-1,725.000,-1,700.000,2,0,2,0,1,0,0,0,1,2,0,0,1,2,1,2,1
50,-959.791,1241.328,-92.846,-119.235,-0.487925,0.872413,0.028711,-0.867407,-0.488280,0.095853,0.097642,0.021865,0.994981,0,0.92684,0.47470,55.611,0.949,-1,425.000,-1,475.000,525.000,350.000,375.000,275.000,150.000,-1,-1,-1,625.000,-1,700.000,-1,650.000,2,0,2,0,1,0,0,0,1,2,2,2,1,2,1,2,1
51,-985.482,1193.106,-87.655,-118.046,-0.469981,0.882412,0.021616,-0.878900,-0.470093,0.080917,0.081564,0.019031,0.996486,0,0.91071,0.59470,54.643,1.189,-1,400.000,-1,425.000,500.000,325.000,350.000,275.000,150.000,-1,-1,-1,600.000,875.000,675.000,-1,600.000,2,0,2,0,1,0,0,0,1,2,2,2,1,0,1,2,1
52,-1009.519,1145.144,-82.461,-116.616,-0.447914,0.893917,0.016907,-0.891429,-0.447962,0.068440,0.068754,0.015583,0.997512,0,0.89418,0.71470,53.651,1.429,-1,375.000,-1,425.000,450.000,325.000,325.000,275.000,175.000,-1,-1,-1,525.000,775.000,650.000,-1,575.000,2,0,2,0,1,0,0,0,1,2,2,2,1,0,1,2,1
53,-1031.835,1097.443,-76.131,-115.069,-0.423290,0.905776,0.019889,-0.903809,-0.423691,0.060120,0.062882,0.007472,0.997993,0,0.87774,0.77394,52.664,1.548,-1,375.000,-1,425.000,450.000,300.000,325.000,275.000,200.000,-1,-1,-1,475.000,750.000,650.000,-1,550.000,2,0,2,0,1,0,0,0,1,2,2,2,1,0,1,2,1
54,-1052.478,1050.008,-70.464,-113.516,-0.398410,0.916945,0.021941,-0.915328,-0.399010,0.054462,0.058694,0.001615,0.998275,0,0.86221,0.77612,51.733,1.552,-1,350.000,-1,400.000,425.000,300.000,325.000,250.000,225.000,-1,-1,-1,375.000,725.000,625.000,-1,550.000,2,0,2,0,1,0,0,0,1,2,2,2,1,0,1,2,1
55,-1071.510,1002.805,-65.413,-111.958,-0.373233,0.927453,0.022954,-0.926040,-0.373933,0.051225,0.056092,-0.002137,0.998423,0,0.84826,0.77897,50.896,1.558,-1,350.000,-1,400.000,425.000,300.000,325.000,250.000,250.000,-1,-1,-1,350.000,725.000,650.000,-1,550.000,2,0,2,0,1,0,0,0,1,2,2,2,1,0,1,2,1
56,-1088.990,955.786,-60.928,-110.394,-0.347738,0.937314,0.022832,-0.935978,-0.348464,0.050171,0.054983,-0.003924,0.998480,0,0.83604,0.78241,50.163,1.565,-1,350.000,-1,400.000,425.000,300.000,325.000,250.000,275.000,-1,-1,-1,350.000,725.000,650.000,-1,525.000,2,0,2,0,1,0,0,0,1,2,2,2,1,0,1,2,1
57,-1104.970,908.898,-56.966,-108.821,-0.321913,0.946525,0.021496,-0.945154,-0.322607,0.051073,0.055277,-0.003875,0.998464,0,0.82561,0.78639,49.537,1.573,-1,375.000,-1,400.000,400.000,300.000,325.000,250.000,325.000,-1,-1,-1,325.000,750.000,675.000,-1,525.000,2,0,2,0,1,0,0,0,1,2,2,2,1,0,1,2,1
58,-1119.497,862.084,-53.483,-107.239,-0.295766,0.955074,0.018874,-0.953565,-0.296360,0.053709,0.056890,-0.002112,0.998378,0,0.81694,0.79082,49.016,1.582,-1,375.000,-1,425.000,400.000,300.000,325.000,275.000,325.000,-1,-1,-1,350.000,775.000,700.000,-1,575.000,2,0,2,0,1,0,0,0,1,2,2,2,1,0,1,2,1
59,-1132.604,815.286,-50.441,-105.648,-0.269314,0.962937,0.014911,-0.961198,-0.269723,0.057863,0.059741,0.001251,0.998213,0,0.80996,0.79568,48.598,1.591,-1,375.000,-1,425.000,400.000,325.000,325.000,275.000,325.000,-1,-1,-1,350.000,800.000,750.000,-1,650.000,2,0,2,0,1,0,0,0,1,2,2,2,1,0,1,2,1
60,-1144.319,768.455,-47.801,-104.046,-0.242585,0.970083,0.009561,-0.968033,-0.242696,0.063325,0.063751,0.006106,0.997947,0,0.80457,0.80090,48.274,1.602,-1,400.000,-1,425.000,400.000,325.000,350.000,275.000,300.000,-1,-1,-1,350.000,875.000,-1,-1,-1,2,0,2,0,1,0,0,0,1,2,2,2,1,0,2,2,2
61,-1154.660,721.542,-45.548,-102.433,-0.215613,0.976475,0.002895,-0.974044,-0.215283,0.069936,0.068914,0.012259,0.997547,0,0.80064,0.80645,48.038,1.613,-1,425.000,-1,450.000,425.000,350.000,350.000,275.000,300.000,-1,-1,-1,350.000,1000.000,-1,-1,-1,2,0,2,0,1,0,0,0,1,2,2,2,1,0,2,2,2
62,-1163.637,674.508,-44.041,-100.809,-0.188321,0.982101,-0.003689,-0.979296,-0.187497,0.076321,0.074264,0.017985,0.997076,0,0.79804,0.81229,47.882,1.625,-1,425.000,-1,450.000,450.000,350.000,350.000,275.000,275.000,-1,-1,-1,375.000,-1,-1,-1,-1,2,0,2,0,1,0,0,0,1,2,2,2,1,2,2,2,2
63,-1171.253,627.319,-43.013,-99.172,-0.160736,0.986942,-0.010471,-0.983790,-0.159350,0.082249,0.079507,0.023522,0.996557,0,0.79665,0.81840,47.799,1.637,-1,450.000,-1,450.000,525.000,350.000,350.000,275.000,275.000,-1,-1,225.000,375.000,-1,-1,-1,-1,2,0,2,0,1,0,0,0,1,2,2,1,1,2,2,2,2
64,-1177.509,579.950,-40.039,-97.522,-0.132199,0.991154,-0.011738,-0.988255,-0.130879,0.078888,0.076654,0.022029,0.996814,0,0.79635,0.82475,47.781,1.650,-1,450.000,-1,450.000,-1,350.000,350.000,275.000,250.000,-1,-1,275.000,425.000,-1,-1,-1,-1,2,0,2,0,2,0,0,0,1,2,2,1,1,2,2,2,2
65,-1182.879,527.645,-36.978,-95.862,-0.103411,0.994543,-0.013832,-0.991967,-0.102104,0.074671,0.072851,0.021443,0.997112,0,0.87635,0.83024,52.581,1.660,-1,425.000,-1,450.000,-1,350.000,350.000,275.000,250.000,-1,-1,325.000,450.000,-1,-1,-1,-1,2,0,2,0,2,0,0,0,1,2,2,1,1,2,2,2,2
66,-1187.075,470.610,-33.632,-94.207,-0.074634,0.997085,-0.015871,-0.994840,-0.073350,0.070097,0.068728,0.021020,0.997414,0,0.95317,0.82718,57.190,1.654,-1,425.000,-1,450.000,-1,350.000,350.000,275.000,250.000,-1,-1,375.000,475.000,-1,-1,-1,-1,2,0,2,0,2,0,0,0,1,2,2,1,1,2,2,2,2
67,-1189.599,414.098,-30.299,-92.557,-0.045858,0.998791,-0.017689,-0.996848,-0.044606,0.065613,0.064744,0.020642,0.997688,0,0.94281,0.82510,56.569,1.650,-1,425.000,-1,425.000,-1,350.000,350.000,275.000,250.000,-1,-1,450.000,475.000,-1,-1,-1,-1,2,0,2,0,2,0,0,0,1,2,2,1,1,2,2,2,2
68,-1190.487,358.195,-26.980,-90.910,-0.017082,0.999668,-0.019292,-0.997998,-0.015872,0.061220,0.060894,0.020299,0.997938,0,0.93186,0.82376,55.912,1.648,-1,425.000,-1,425.000,-1,350.000,350.000,275.000,250.000,-1,-1,500.000,475.000,-1,-1,-1,-1,2,0,2,0,2,0,0,0,1,2,2,1,1,2,2,2,2
69,-1189.777,302.964,-23.670,-89.263,0.011693,0.999718,-0.020684,-0.998296,0.012854,0.056921,0.057170,0.019983,0.998164,0,0.92059,0.82314,55.236,1.646,-1,425.000,-1,425.000,-1,325.000,350.000,275.000,250.000,-1,-1,575.000,450.000,-1,-1,-1,-1,2,0,2,0,2,0,0,0,1,2,2,1,1,2,2,2,2
70,-1187.508,248.455,-20.367,-87.617,0.040468,0.998941,-0.021869,-0.997744,0.041573,0.052713,0.053566,0.019687,0.998370,0,0.90929,0.82323,54.558,1.646,-1,425.000,-1,450.000,-1,350.000,350.000,275.000,250.000,-1,975.000,625.000,425.000,-1,-1,-1,-1,2,0,2,0,2,0,0,0,1,2,1,1,1,2,2,2,2
71,-1183.720,194.695,-17.068,-85.969,0.069241,0.997338,-0.022850,-0.996343,0.070285,0.048594,0.050071,0.019402,0.998557,0,0.89823,0.82402,53.894,1.648,-1,425.000,-1,450.000,-1,350.000,350.000,275.000,250.000,-1,950.000,700.000,400.000,-1,-1,-1,-1,2,0,2,0,2,0,0,0,1,2,1,1,1,2,2,2,2
72,-1178.860,145.843,-14.023,-84.318,0.098009,0.994907,-0.023550,-0.994075,0.098990,0.044897,0.047000,0.019010,0.998714,0,0.81823,0.82545,49.094,1.651,-1,425.000,-1,450.000,-1,350.000,350.000,275.000,275.000,-1,950.000,750.000,400.000,-1,-1,-1,-1,2,0,2,0,2,0,0,0,1,2,1,1,1,2,2,2,2
73,-1173.053,100.743,-11.166,-82.663,0.126762,0.991642,-0.024013,-0.990946,0.127678,0.041525,0.044244,0.018532,0.998849,0,0.75787,0.82734,45.472,1.655,-1,450.000,-1,450.000,-1,350.000,350.000,275.000,275.000,-1,950.000,800.000,375.000,-1,-1,-1,-1,2,0,2,0,2,0,0,0,1,2,1,1,1,2,2,2,2
74,-1166.022,56.328,-8.302,-81.004,0.155487,0.987539,-0.024306,-0.986964,0.156338,0.038228,0.041551,0.018045,0.998973,0,0.74947,0.82957,44.968,1.659,-1,450.000,-1,450.000,-1,350.000,350.000,300.000,300.000,-1,975.000,850.000,375.000,-1,-1,-1,-1,2,0,2,0,2,0,0,0,1,2,1,1,1,2,2,2,2
75,-1157.787,12.586,-6.291,-79.340,0.184035,0.982530,-0.027679,-0.982122,0.184946,0.035076,0.039582,0.020729,0.999001,0,0.74185,0.83223,44.511,1.664,-1,450.000,-1,450.000,-1,350.000,375.000,300.000,300.000,-1,1000.000,875.000,375.000,-1,-1,-1,-1,2,0,2,0,2,0,0,0,1,2,1,1,1,2,2,2,2
76,-1148.367,-30.500,-4.657,-77.669,0.212516,0.976629,-0.032147,-0.976461,0.213491,0.030752,0.036897,0.024855,0.999010,0,0.73507,0.83529,44.104,1.671,-1,450.000,-1,450.000,-1,350.000,375.000,300.000,300.000,-1,-1,925.000,350.000,-1,-1,-1,-1,2,0,2,0,2,0,0,0,1,2,2,1,1,2,2,2,2
77,-1137.776,-72.948,-3.372,-75.992,0.240967,0.969894,-0.035233,-0.969887,0.241972,0.027717,0.035408,0.027493,0.998995,0,0.72916,0.83872,43.750,1.677,-1,450.000,-1,450.000,-1,350.000,375.000,300.000,300.000,-1,-1,975.000,350.000,-1,-1,-1,-1,2,0,2,0,2,0,0,0,0,2,2,1,1,2,2,2,2
78,-1126.024,-114.777,-2.664,-74.307,0.269458,0.962354,-0.035599,-0.962444,0.270385,0.024367,0.033075,0.027696,0.999069,0,0.72415,0.84249,43.449,1.685,-1,450.000,-1,450.000,-1,350.000,375.000,300.000,275.000,-1,-1,-1,375.000,-1,-1,-1,-1,2,0,2,0,2,0,0,0,0,2,2,2,1,2,2,2,2
79,-1113.115,-156.004,-2.009,-72.614,0.297874,0.953947,-0.035440,-0.954119,0.298702,0.020855,0.030481,0.027601,0.999154,0,0.72003,0.84658,43.202,1.693,-1,450.000,-1,450.000,-1,350.000,350.000,300.000,275.000,-1,-1,-1,375.000,-1,-1,-1,-1,2,0,2,0,2,0,0,0,0,2,2,2,1,2,2,2,2
80,-1099.050,-196.647,-1.328,-70.912,0.326174,0.944657,-0.035137,-0.944899,0.326903,0.017353,0.027879,0.027541,0.999232,0,0.71679,0.85096,43.007,1.702,-1,425.000,-1,450.000,-1,350.000,350.000,300.000,275.000,-1,-1,-1,400.000,1000.000,-1,-1,-1,2,0,2,0,2,0,0,0,0,2,2,2,1,0,2,2,2
81,-1083.829,-236.717,-0.621,-69.200,0.354338,0.934474,-0.034688,-0.934776,0.354967,0.013858,0.025263,0.027516,0.999302,0,0.71440,0.85562,42.864,1.711,-1,425.000,-1,450.000,-1,350.000,350.000,300.000,300.000,-1,-1,-1,425.000,975.000,-1,-1,-1,2,0,2,0,2,0,0,0,0,2,2,2,1,0,2,2,2
82,-1067.448,-276.225,0.114,-67.479,0.382344,0.923391,-0.034091,-0.923743,0.382872,0.010367,0.022625,0.027528,0.999365,0,0.71283,0.86053,42.770,1.721,-1,425.000,-1,450.000,-1,350.000,350.000,300.000,300.000,-1,-1,-1,450.000,950.000,-1,-1,-1,2,0,2,0,2,0,0,0,0,2,2,2,1,0,2,2,2
83,-1049.900,-315.177,0.876,-65.748,0.410168,0.911400,-0.033343,-0.911792,0.410596,0.006880,0.019961,0.027580,0.999420,0,0.71204,0.86568,42.722,1.731,-1,425.000,-1,450.000,-1,350.000,350.000,300.000,300.000,-1,-1,-1,475.000,925.000,-1,-1,-1,2,0,2,0,2,0,0,0,0,2,2,2,1,0,2,2,2
84,-1031.178,-353.574,1.666,-64.006,0.437785,0.898495,-0.032439,-0.898914,0.438112,0.003396,0.017263,0.027674,0.999468,0,0.71198,0.87104,42.719,1.742,-1,425.000,-1,450.000,-1,350.000,350.000,300.000,300.000,-1,-1,-1,525.000,900.000,1000.000,-1,-1,2,0,2,0,2,0,0,0,0,2,2,2,1,0,0,2,2
85,-1011.271,-391.414,2.485,-62.253,0.465167,0.884667,-0.031376,-0.885104,0.465394,-0.000084,0.014528,0.027811,0.999508,0,0.71262,0.87661,42.757,1.753,-1,400.000,-1,450.000,-1,325.000,350.000,275.000,300.000,-1,-1,-1,575.000,875.000,1000.000,-1,-1,2,0,2,0,2,0,0,0,0,2,2,2,1,0,0,2,2
86,-990.171,-428.690,3.335,-60.488,0.492288,0.869910,-0.030150,-0.870353,0.492415,-0.003559,0.011750,0.027993,0.999539,0,0.71390,0.88238,42.834,1.765,-1,400.000,-1,425.000,-1,325.000,350.000,275.000,300.000,-1,-1,-1,650.000,850.000,975.000,-1,-1,2,0,2,0,2,0,0,0,0,2,2,2,1,0,0,2,2
87,-967.867,-465.390,4.215,-58.711,0.519116,0.854220,-0.028755,-0.854657,0.519145,-0.007026,0.008926,0.028223,0.999562,0,0.71578,0.88832,42.947,1.777,-1,400.000,-1,425.000,-1,325.000,350.000,275.000,300.000,-1,-1,1000.000,725.000,825.000,950.000,-1,-1,2,0,2,0,2,0,0,0,0,2,2,1,1,0,0,2,2
88,-944.347,-501.499,4.666,-56.922,0.545563,0.837550,-0.029529,-0.838034,0.545526,-0.009984,0.007747,0.030193,0.999514,0,0.71822,0.89444,43.093,1.789,-1,400.000,-1,425.000,-1,325.000,325.000,275.000,300.000,-1,-1,975.000,850.000,825.000,925.000,-1,-1,2,0,2,0,2,0,0,0,0,2,2,1,1,0,0,2,2
89,-919.603,-536.995,5.155,-55.121,0.571639,0.819936,-0.030564,-0.820473,0.571550,-0.012434,0.007274,0.032184,0.999455,0,0.72116,0.90071,43.270,1.801,-1,400.000,-1,425.000,-1,325.000,325.000,275.000,300.000,-1,-1,950.000,-1,800.000,925.000,-1,-1,2,0,2,0,2,0,0,0,0,2,2,1,2,0,0,2,2
90,-891.212,-575.445,5.716,-53.559,0.593798,0.803996,-0.031525,-0.804589,0.593635,-0.015319,0.006398,0.034461,0.999386,0,0.79660,0.78071,47.796,1.561,-1,400.000,-1,425.000,-1,325.000,325.000,275.000,300.000,-1,-1,950.000,-1,800.000,900.000,-1,-1,2,0,2,0,2,0,0,0,0,2,2,1,2,0,0,2,2
91,-861.780,-613.439,6.155,-52.238,0.612230,0.790010,-0.032530,-0.790665,0.611955,-0.019005,0.004893,0.037356,0.999290,0,0.80101,0.66071,48.061,1.321,-1,400.000,-1,425.000,-1,325.000,325.000,275.000,300.000,-1,-1,975.000,-1,800.000,900.000,-1,-1,2,0,2,0,2,0,0,0,0,2,2,1,2,0,0,2,2
92,-831.452,-651.098,6.593,-51.157,0.627092,0.778228,-0.033433,-0.778939,0.626682,-0.022889,0.003139,0.040395,0.999179,0,0.80588,0.54071,48.353,1.081,-1,400.000,-1,425.000,-1,325.000,325.000,275.000,300.000,-1,-1,975.000,-1,800.000,875.000,-1,-1,2,0,2,0,2,0,0,0,0,2,2,1,2,0,0,2,2
93,-800.375,-688.550,7.030,-50.315,0.638525,0.768838,-0.034260,-0.769600,0.637957,-0.026942,0.001142,0.043569,0.999050,0,0.81111,0.42071,48.667,0.841,-1,400.000,-1,425.000,-1,325.000,325.000,300.000,300.000,-1,-1,-1,-1,800.000,850.000,-1,-1,2,0,2,0,2,0,0,0,0,2,2,2,2,0,0,2,2
94,-768.691,-725.926,7.459,-49.714,0.646646,0.761985,-0.035048,-0.762790,0.645895,-0.031165,-0.001110,0.046887,0.998900,0,0.81664,0.30071,48.998,0.601,-1,400.000,-1,425.000,-1,325.000,325.000,300.000,300.000,-1,-1,-1,-1,775.000,825.000,-1,-1,2,0,2,0,2,0,0,0,0,2,2,2,2,0,0,2,2
95,-736.548,-763.363,7.594,-49.352,0.651505,0.757810,-0.035572,-0.758639,0.650615,-0.034149,-0.002735,0.049235,0.998783,0,0.82238,0.18071,49.343,0.361,-1,400.000,-1,425.000,-1,325.000,325.000,300.000,300.000,-1,-1,-1,-1,775.000,825.000,-1,-1,2,0,2,0,2,0,0,0,0,2,2,2,2,0,0,2,2
96,-704.093,-801.002,7.359,-49.231,0.653139,0.756388,-0.035877,-0.757230,0.652184,-0.035473,-0.003432,0.050336,0.998726,0,0.82831,0.06071,49.699,0.121,-1,400.000,-1,425.000,-1,325.000,325.000,300.000,300.000,-1,-1,-1,-1,775.000,800.000,-1,-1,2,0,2,0,2,0,0,0,0,2,2,2,2,0,0,2,2
97,-671.480,-838.984,7.094,-49.350,0.651604,0.757687,-0.036358,-0.758547,0.650576,-0.036842,-0.004261,0.051586,0.998659,0,0.83438,-0.05929,50.063,-0.119,-1,400.000,-1,425.000,-1,325.000,325.000,300.000,300.000,-1,-1,-1,-1,775.000,800.000,-1,-1,2,0,2,0,2,0,0,0,0,2,2,2,2,0,0,2,2
98,-638.865,-877.451,6.788,-49.708,0.646884,0.761688,-0.037029,-0.762570,0.645774,-0.038240,-0.005214,0.052974,0.998582,0,0.84055,-0.17929,50.433,-0.359,-1,400.000,-1,425.000,-1,325.000,325.000,300.000,300.000,-1,-1,-1,-1,775.000,775.000,-1,-1,2,0,2,0,2,0,0,0,0,2,2,2,2,0,0,2,2
99,-606.415,-916.546,6.381,-50.307,0.638935,0.768340,-0.037628,-0.769233,0.637737,-0.039642,-0.006462,0.054273,0.998505,0,0.84680,-0.29929,50.808,-0.599,-1,400.000,-1,425.000,-1,325.000,325.000,300.000,300.000,-1,-1,-1,-1,775.000,775.000,-1,-1,2,0,2,0,2,0,0,0,0,2,2,2,2,0,0,2,2
100,-574.286,-956.394,5.817,-51.121,0.628029,0.777309,-0.037024,-0.778142,0.626747,-0.041029,-0.008687,0.054577,0.998472,0,0.85310,-0.40699,51.186,-0.814,-1,400.000,-1,425.000,-1,325.000,325.000,300.000,300.000,-1,-1,-1,-1,775.000,750.000,-1,-1,2,0,2,0,2,0,0,0,0,2,2,2,2,0,0,2,2
101,-542.481,-996.983,5.257,-51.919,0.617220,0.785960,-0.036146,-0.786712,0.615859,-0.042450,-0.011103,0.054637,0.998445,0,0.85943,-0.39899,51.566,-0.798,-1,400.000,-1,400.000,-1,325.000,325.000,300.000,300.000,-1,-1,-1,-1,775.000,750.000,-1,-1,2,0,2,0,2,0,0,0,0,2,2,2,2,0,0,2,2
102,-511.003,-1038.305,4.626,-52.700,0.606514,0.794286,-0.035347,-0.794958,0.605073,-0.043907,-0.013487,0.054730,0.998410,0,0.86576,-0.39094,51.946,-0.782,-1,400.000,-1,400.000,-1,325.000,325.000,300.000,300.000,-1,-1,-1,-1,750.000,725.000,-1,-1,2,0,2,0,2,0,0,0,0,2,2,2,2,0,0,2,2
103,-480.080,-1080.068,3.927,-53.482,0.595706,0.802456,-0.034636,-0.803047,0.594185,-0.045385,-0.015839,0.054850,0.998369,0,0.86607,-0.39055,51.964,-0.781,-1,400.000,-1,400.000,-1,325.000,325.000,300.000,300.000,-1,-1,-1,-1,750.000,700.000,-1,-1,2,0,2,0,2,0,0,0,0,2,2,2,2,0,0,2,2
104,-449.729,-1122.247,3.075,-54.263,0.584781,0.810461,-0.034410,-0.810993,0.583176,-0.046859,-0.017911,0.055308,0.998309,0,0.86607,-0.39055,51.964,-0.781,-1,400.000,-1,400.000,-1,325.000,325.000,300.000,300.000,-1,-1,-1,-1,725.000,700.000,-1,-1,2,0,2,0,2,0,0,0,0,2,2,2,2,0,0,2,2
105,-419.956,-1164.837,2.091,-55.044,0.573747,0.818303,-0.034575,-0.818794,0.572050,-0.048315,-0.019758,0.056031,0.998234,0,0.86607,-0.39055,51.964,-0.781,-1,400.000,-1,375.000,-1,325.000,325.000,300.000,300.000,-1,-1,-1,-1,725.000,675.000,-1,-1,2,0,2,0,2,0,0,0,0,2,2,2,2,0,0,2,2
106,-390.766,-1207.828,1.034,-55.825,0.562608,0.825989,-0.034856,-0.826443,0.560817,-0.049758,-0.021552,0.056801,0.998153,0,0.86607,-0.39055,51.964,-0.781,-1,400.000,-1,375.000,-1,325.000,325.000,300.000,300.000,-1,-1,-1,-1,700.000,675.000,-1,-1,2,0,2,0,2,0,0,0,0,2,2,2,2,0,0,2,2
107,-362.165,-1251.213,0.102,-56.606,0.551331,0.833553,-0.034961,-0.833977,0.549502,-0.050293,-0.022710,0.056885,0.998122,0,0.86607,-0.39055,51.964,-0.781,-1,375.000,-1,375.000,-1,325.000,300.000,300.000,300.000,-1,-1,-1,-1,700.000,650.000,-1,-1,2,0,2,0,2,0,0,0,0,2,2,2,2,0,0,2,2
108,-334.159,-1294.985,-0.582,-57.387,0.539904,0.841010,-0.034731,-0.841413,0.538115,-0.049567,-0.022997,0.055985,0.998167,0,0.86607,-0.39055,51.964,-0.781,-1,375.000,-1,375.000,-1,300.000,300.000,300.000,300.000,-1,-1,-1,-1,700.000,650.000,-1,-1,2,0,2,0,2,0,0,0,0,2,2,2,2,0,0,2,2
109,-306.751,-1339.135,-1.291,-58.168,0.528386,0.848300,-0.034574,-0.848685,0.526633,-0.048895,-0.023270,0.055178,0.998205,0,0.86610,-0.39025,51.966,-0.781,-1,375.000,-1,375.000,-1,300.000,300.000,300.000,300.000,-1,-1,-1,-1,700.000,650.000,-1,-1,2,0,2,0,2,0,0,0,0,2,2,2,2,0,0,2,2
110,-279.939,-1383.659,-1.990,-58.943,0.516837,0.855391,-0.034436,-0.855763,0.515125,-0.048125,-0.023427,0.054342,0.998248,0,0.86622,-0.38782,51.973,-0.776,-1,375.000,-1,375.000,-1,300.000,300.000,300.000,300.000,-1,-1,-1,-1,700.000,650.000,-1,-1,2,0,2,0,2,0,0,0,0,2,2,2,2,0,0,2,2
111,-253.732,-1428.538,-2.803,-59.717,0.505183,0.862345,-0.033919,-0.862711,0.503579,-0.046239,-0.022793,0.052622,0.998354,0,0.86618,-0.38669,51.971,-0.773,-1,375.000,-1,375.000,-1,300.000,300.000,300.000,300.000,-1,-1,-1,-1,700.000,650.000,-1,-1,2,0,2,0,2,0,0,0,0,2,2,2,2,0,0,2,2
112,-228.136,-1473.762,-3.739,-60.489,0.493434,0.869145,-0.033301,-0.869507,0.491951,-0.044060,-0.021912,0.050696,0.998474,0,0.86607,-0.38639,51.964,-0.773,-1,375.000,-1,375.000,-1,300.000,300.000,300.000,300.000,-1,-1,-1,-1,700.000,650.000,-1,-1,2,0,2,0,2,0,0,0,0,2,2,2,2,0,0,2,2
113,-203.155,-1519.321,-4.455,-61.263,0.481572,0.875742,-0.034120,-0.876176,0.480187,-0.041674,-0.020112,0.049964,0.998548,0,0.86598,-0.38690,51.959,-0.774,-1,375.000,-1,375.000,-1,300.000,300.000,300.000,300.000,-1,-1,-1,-1,700.000,650.000,-1,-1,2,0,2,0,2,0,0,0,0,2,2,2,2,0,0,2,2
114,-178.794,-1565.213,-5.101,-62.040,0.469573,0.882176,-0.035577,-0.882712,0.468279,-0.039171,-0.017896,0.049798,0.998599,0,0.86595,-0.38823,51.957,-0.776,-1,375.000,-1,375.000,-1,300.000,300.000,300.000,300.000,-1,-1,-1,-1,725.000,650.000,-1,-1,2,0,2,0,2,0,0,0,0,2,2,2,2,0,0,2,2
115,-155.058,-1611.438,-5.809,-62.820,0.457419,0.888481,-0.036997,-0.889113,0.456218,-0.036657,-0.015690,0.049662,0.998643,0,0.86605,-0.39038,51.963,-0.781,-1,375.000,-1,375.000,-1,300.000,300.000,300.000,300.000,-1,-1,-1,-1,725.000,675.000,-1,-1,2,0,2,0,2,0,0,0,0,2,2,2,2,0,0,2,2
116,-131.954,-1657.984,-6.577,-63.602,0.445171,0.894623,-0.038380,-0.895344,0.444065,-0.034132,-0.013492,0.049558,0.998680,0,0.86607,-0.39055,51.964,-0.781,-1,375.000,-1,375.000,-1,325.000,300.000,300.000,300.000,-1,-1,-1,-1,750.000,675.000,-1,-1,2,0,2,0,2,0,0,0,0,2,2,2,2,0,0,2,2
117,-109.487,-1704.840,-7.404,-64.383,0.432837,0.900597,-0.039725,-0.901402,0.431830,-0.031594,-0.011299,0.049483,0.998711,0,0.86607,-0.39055,51.964,-0.781,-1,400.000,-1,375.000,-1,325.000,300.000,300.000,300.000,-1,675.000,625.000,-1,750.000,675.000,-1,-1,2,0,2,0,2,0,0,0,0,2,0,0,2,0,0,2,2
118,-87.660,-1751.998,-8.289,-65.164,0.420419,0.906402,-0.041032,-0.907284,0.419513,-0.029043,-0.009111,0.049438,0.998736,0,0.86607,-0.39055,51.964,-0.781,-1,400.000,-1,375.000,-1,325.000,325.000,300.000,300.000,-1,450.000,475.000,-1,775.000,675.000,-1,-1,2,0,2,0,2,0,0,0,0,2,0,0,2,0,0,2,2
119,-66.479,-1799.449,-9.230,-65.945,0.407920,0.912037,-0.042300,-0.912992,0.407118,-0.026476,-0.006926,0.049419,0.998754,0,0.86607,-0.39055,51.964,-0.781,-1,400.000,-1,375.000,-1,325.000,325.000,325.000,300.000,-1,400.000,425.000,-1,800.000,700.000,-1,-1,2,0,2,0,2,0,0,0,0,2,0,0,2,0,0,2,2
120,-45.946,-1847.185,-10.113,-66.726,0.395354,0.917521,-0.043006,-0.918515,0.394655,-0.024036,-0.005081,0.049005,0.998786,0,0.86607,-0.39055,51.964,-0.781,-1,400.000,-1,375.000,-1,325.000,325.000,300.000,300.000,-1,375.000,400.000,-1,825.000,700.000,-1,-1,2,0,2,0,2,0,0,0,0,2,0,0,2,0,0,2,2
121,-27.721,-1890.686,-10.605,-67.267,0.386623,0.921280,-0.042027,-0.922228,0.386003,-0.022304,-0.004326,0.047381,0.998868,0,0.78607,-0.27055,47.164,-0.541,-1,400.000,-1,375.000,-1,325.000,325.000,300.000,300.000,-1,375.000,425.000,-1,825.000,700.000,-1,-1,2,0,2,0,2,0,0,0,0,2,0,0,2,0,0,2,2
122,-11.549,-1929.863,-10.949,-67.568,0.381720,0.923377,-0.040811,-0.924272,0.381190,-0.020379,-0.003261,0.045499,0.998959,0,0.70639,-0.15055,42.383,-0.301,-1,400.000,-1,375.000,-1,325.000,325.000,300.000,300.000,-1,375.000,425.000,-1,850.000,700.000,-1,-1,2,0,2,0,2,0,0,0,0,2,0,0,2,0,0,2,2
123,4.582,-1969.057,-11.259,-67.629,0.380678,0.923866,-0.039444,-0.924705,0.380239,-0.018387,-0.001989,0.043474,0.999053,0,0.70639,-0.03055,42.383,-0.061,-1,400.000,-1,375.000,-1,325.000,325.000,300.000,300.000,-1,375.000,450.000,-1,850.000,725.000,-1,-1,2,0,2,0,2,0,0,0,0,2,0,0,2,0,0,2,2
124,20.834,-2008.200,-11.572,-67.450,0.383509,0.922753,-0.038059,-0.923537,0.383155,-0.016502,-0.000644,0.041478,0.999139,0,0.70639,0.08945,42.383,0.179,-1,400.000,-1,375.000,-1,325.000,325.000,300.000,300.000,-1,375.000,450.000,-1,875.000,725.000,-1,-1,2,0,2,0,2,0,0,0,0,2,0,0,2,0,0,2,2
125,37.252,-2047.274,-11.747,-67.208,0.387383,0.921197,-0.036462,-0.921919,0.387089,-0.015098,0.000206,0.039464,0.999221,0,0.70639,0.12127,42.383,0.243,-1,400.000,-1,375.000,-1,325.000,325.000,300.000,300.000,-1,400.000,475.000,-1,875.000,725.000,-1,-1,2,0,2,0,2,0,0,0,0,2,0,0,2,0,0,2,2
126,53.836,-2086.279,-11.693,-66.965,0.391283,0.919585,-0.035505,-0.920270,0.391000,-0.014886,0.000193,0.038498,0.999259,0,0.70639,0.12127,42.383,0.243,-1,400.000,-1,400.000,-1,325.000,325.000,300.000,300.000,-1,450.000,525.000,-1,875.000,725.000,-1,-1,2,0,2,0,2,0,0,0,0,2,0,0,2,0,0,2,2
127,70.585,-2125.213,-11.658,-66.723,0.395176,0.917954,-0.034597,-0.918605,0.394903,-0.014708,0.000161,0.037593,0.999293,0,0.70639,0.12127,42.383,0.243,-1,400.000,-1,400.000,-1,325.000,325.000,300.000,300.000,-1,500.000,575.000,-1,875.000,725.000,-1,-1,2,0,2,0,2,0,0,0,0,2,0,0,2,0,0,2,2
128,87.498,-2164.075,-11.649,-66.480,0.399064,0.916303,-0.033703,-0.916923,0.398798,-0.014575,0.000086,0.036719,0.999326,0,0.70639,0.12127,42.383,0.243,-1,400.000,-1,400.000,-1,325.000,325.000,300.000,300.000,-1,550.000,625.000,-1,875.000,725.000,-1,-1,2,0,2,0,2,0,0,0,0,2,0,0,2,0,0,2,2
129,104.576,-2202.866,-11.673,-66.238,0.402947,0.914636,-0.032786,-0.915223,0.402686,-0.014496,-0.000056,0.035847,0.999357,0,0.70639,0.12127,42.383,0.243,-1,425.000,-1,400.000,-1,325.000,325.000,300.000,300.000,-1,600.000,675.000,-1,875.000,725.000,-1,-1,2,0,2,0,2,0,0,0,0,2,0,0,2,0,0,2,2
130,121.818,-2241.583,-11.731,-65.995,0.406824,0.912951,-0.031845,-0.913506,0.406567,-0.014473,-0.000266,0.034979,0.999388,0,0.70639,0.12127,42.383,0.243,-1,425.000,-1,400.000,-1,325.000,325.000,300.000,300.000,-1,650.000,750.000,-1,875.000,725.000,-1,-1,2,0,2,0,2,0,0,0,0,2,0,0,2,0,0,2,2
131,139.224,-2280.228,-11.823,-65.752,0.410696,0.911249,-0.030880,-0.911772,0.410440,-0.014504,-0.000542,0.034112,0.999418,0,0.70639,0.12127,42.383,0.243,-1,425.000,-1,400.000,-1,325.000,325.000,300.000,300.000,-1,700.000,800.000,-1,875.000,725.000,-1,-1,2,0,2,0,2,0,0,0,0,2,0,0,2,0,0,2,2
132,156.793,-2318.799,-11.950,-65.510,0.414562,0.909530,-0.029890,-0.910021,0.414306,-0.014590,-0.000887,0.033249,0.999447,0,0.70639,0.12127,42.383,0.243,-1,425.000,-1,400.000,-1,325.000,325.000,300.000,300.000,-1,750.000,850.000,-1,850.000,725.000,-1,-1,2,0,2,0,2,0,0,0,0,2,0,0,2,0,0,2,2
133,176.353,-2361.736,-12.133,-65.507,0.414619,0.909541,-0.028727,-0.909994,0.414360,-0.014745,-0.001508,0.032254,0.999479,0,0.78639,0.00127,47.183,0.003,-1,425.000,-1,400.000,-1,325.000,325.000,300.000,300.000,-1,825.000,925.000,-1,850.000,725.000,-1,-1,2,0,2,0,2,0,0,0,0,2,0,0,2,0,0,2,2
134,195.953,-2405.237,-12.367,-65.745,0.410866,0.911281,-0.027484,-0.911693,0.410601,-0.014955,-0.002343,0.031201,0.999510,0,0.79520,-0.11873,47.712,-0.237,-1,425.000,-1,400.000,-1,325.000,325.000,300.000,300.000,-1,875.000,975.000,-1,850.000,725.000,-1,-1,2,0,2,0,2,0,0,0,0,2,0,0,2,0,0,2,2
135,215.189,-2448.899,-12.655,-66.222,0.403279,0.914703,-0.026171,-0.915071,0.403006,-0.015212,-0.003368,0.030083,0.999542,0,0.79520,-0.23873,47.712,-0.477,-1,425.000,-1,375.000,-1,325.000,325.000,300.000,300.000,-1,950.000,-1,-1,825.000,725.000,-1,-1,2,0,2,0,2,0,0,0,0,2,0,2,2,0,0,2,2
