timestep,x_cm,y_cm,z_cm,yaw_deg,basis_xx,basis_xy,basis_xz,basis_yx,basis_yy,basis_yz,basis_zx,basis_zy,basis_zz,teleport_flag,throttle_cmd,steering_cmd,cmd_move_cm,cmd_turn_deg,lidar_cm_0,lidar_cm_1,lidar_cm_2,lidar_cm_3,lidar_cm_4,lidar_cm_5,lidar_cm_6,lidar_cm_7,lidar_cm_8,lidar_cm_9,lidar_cm_10,lidar_cm_11,lidar_cm_12,lidar_cm_13,lidar_cm_14,lidar_cm_15,lidar_cm_16,lidar_class_0,lidar_class_1,lidar_class_2,lidar_class_3,lidar_class_4,lidar_class_5,lidar_class_6,lidar_class_7,lidar_class_8,lidar_class_9,lidar_class_10,lidar_class_11,lidar_class_12,lidar_class_13,lidar_class_14,lidar_class_15,lidar_class_16
0,6883.463,9508.112,-184.091,-143.161,-0.801194,0.598405,-0.000118,-0.596605,-0.798770,0.077649,0.046371,0.062282,0.996981,1,0.08000,0.12000,4.800,0.240,-1,425.000,-1,400.000,-1,325.000,325.000,300.000,325.000,-1,575.000,675.000,-1,850.000,675.000,-1,-1,2,0,2,0,2,0,0,0,0,2,0,0,2,1,0,2,2
1,6875.829,9502.292,-183.780,-142.681,-0.796159,0.605087,-0.000180,-0.603269,-0.793744,0.077697,0.046871,0.061968,0.996977,0,0.16000,0.24000,9.600,0.480,-1,425.000,-1,400.000,-1,325.000,325.000,300.000,325.000,-1,600.000,700.000,-1,850.000,675.000,-1,-1,2,0,2,0,2,0,0,0,0,2,0,0,2,1,0,2,2
2,6864.487,9493.420,-183.305,-141.961,-0.788502,0.615032,-0.000287,-0.613188,-0.786101,0.077749,0.047593,0.061482,0.996973,0,0.24000,0.36000,14.400,0.720,-1,425.000,-1,400.000,-1,325.000,325.000,300.000,325.000,-1,600.000,725.000,-1,850.000,675.000,-1,-1,2,0,2,0,2,0,0,0,0,2,0,1,2,1,0,2,2
3,6849.566,9481.337,-182.653,-141.001,-0.778098,0.628143,-0.000452,-0.626267,-0.775719,0.077779,0.048505,0.060803,0.996971,0,0.32000,0.48000,19.200,0.960,-1,425.000,-1,400.000,-1,325.000,325.000,300.000,325.000,-1,625.000,725.000,-1,850.000,675.000,-1,-1,2,0,2,0,2,0,0,0,0,2,0,1,2,1,0,2,2
4,6831.190,9465.901,-181.799,-139.967,-0.766644,0.642072,-0.000631,-0.640168,-0.764294,0.077711,0.049414,0.059981,0.996976,0,0.40000,0.51705,24.000,1.034,-1,425.000,-1,400.000,-1,325.000,325.000,300.000,325.000,-1,650.000,725.000,-1,850.000,675.000,-1,-1,2,0,2,0,2,0,0,0,0,2,0,1,2,1,0,2,2
5,6809.479,9446.979,-180.727,-138.926,-0.754854,0.655892,-0.000802,-0.653967,-0.752543,0.077495,0.050225,0.059022,0.996992,0,0.48000,0.52063,28.800,1.041,-1,425.000,-1,375.000,-1,325.000,325.000,300.000,300.000,-1,700.000,750.000,-1,850.000,675.000,-1,-1,2,0,2,0,2,0,0,0,0,2,0,1,2,1,0,2,2
6,6784.557,9424.443,-179.196,-137.876,-0.742677,0.669649,-0.000900,-0.667764,-0.740484,0.075998,0.050225,0.057043,0.997108,0,0.56000,0.52497,33.600,1.050,-1,425.000,-1,375.000,-1,325.000,325.000,300.000,300.000,-1,800.000,775.000,-1,850.000,675.000,-1,-1,2,0,2,0,2,0,0,0,0,2,0,1,2,1,0,2,2
7,6756.557,9398.166,-177.398,-136.816,-0.730115,0.683323,-0.000936,-0.681495,-0.728060,0.074111,0.049960,0.054748,0.997250,0,0.64000,0.53009,38.400,1.060,-1,425.000,-1,375.000,-1,325.000,325.000,300.000,300.000,-1,900.000,800.000,-1,825.000,675.000,-1,-1,2,0,2,0,2,0,0,0,0,2,1,1,2,1,0,2,2
8,6725.615,9368.020,-175.349,-135.744,-0.717148,0.696920,-0.000905,-0.695163,-0.715247,0.071900,0.049461,0.052193,0.997411,0,0.72000,0.53599,43.200,1.072,-1,425.000,-1,375.000,1000.000,325.000,325.000,300.000,300.000,-1,925.000,825.000,-1,800.000,650.000,-1,-1,2,0,2,0,0,0,0,0,0,2,1,1,2,1,0,2,2
9,6691.980,9333.776,-173.048,-134.483,-0.701582,0.712588,-0.000841,-0.710915,-0.699852,0.069331,0.048816,0.049240,0.997593,0,0.80000,0.63008,48.000,1.260,-1,425.000,-1,375.000,1000.000,325.000,325.000,300.000,300.000,-1,975.000,875.000,-1,800.000,650.000,-1,1000.000,2,0,2,0,0,0,0,0,0,2,1,1,2,1,0,2,1
10,6655.817,9295.305,-170.487,-133.226,-0.685703,0.727881,-0.000669,-0.726306,-0.684159,0.066377,0.047857,0.046001,0.997794,0,0.88000,0.62844,52.800,1.257,-1,425.000,975.000,375.000,975.000,325.000,325.000,300.000,300.000,-1,1000.000,925.000,-1,775.000,625.000,-1,900.000,2,0,1,0,0,0,0,0,0,2,1,1,2,1,1,2,1
11,6617.293,9252.485,-167.464,-131.974,-0.669512,0.742801,0.000477,-0.741303,-0.668202,0.063061,0.047160,0.041866,0.998010,0,0.96000,0.62645,57.600,1.253,-1,400.000,925.000,375.000,950.000,325.000,325.000,300.000,275.000,-1,-1,975.000,-1,725.000,600.000,-1,800.000,2,0,1,0,0,0,1,0,0,2,2,1,2,1,1,2,1
12,6578.957,9207.960,-164.010,-130.726,-0.653012,0.757341,0.003302,-0.755870,-0.652003,0.059602,0.047292,0.036425,0.998217,0,0.97925,0.62402,58.755,1.248,-1,400.000,875.000,375.000,975.000,325.000,300.000,300.000,275.000,-1,-1,-1,-1,700.000,550.000,-1,725.000,2,0,1,1,0,1,1,0,0,2,2,2,2,1,1,2,1
13,6541.307,9162.265,-160.482,-129.483,-0.636265,0.771444,0.006368,-0.770018,-0.635552,0.056091,0.047318,0.030785,0.998405,0,0.98679,0.62112,59.207,1.242,-1,400.000,800.000,350.000,875.000,325.000,300.000,300.000,275.000,-1,-1,-1,-1,675.000,525.000,-1,650.000,2,0,1,1,1,1,1,0,0,2,2,2,2,1,1,2,1
14,6504.375,9115.417,-156.880,-128.248,-0.619299,0.785095,0.009679,-0.783733,-0.618872,0.052537,0.047237,0.024950,0.998572,0,0.99427,0.61771,59.656,1.235,-1,400.000,750.000,325.000,750.000,325.000,300.000,300.000,300.000,-1,-1,-1,-1,650.000,475.000,-1,575.000,2,0,1,1,1,1,1,0,0,2,2,2,2,1,1,2,1
15,6468.248,9067.512,-153.774,-127.020,-0.602219,0.798238,0.012211,-0.796846,-0.601961,0.051762,0.048669,0.021442,0.998585,0,1.00000,0.61375,60.000,1.228,-1,400.000,725.000,325.000,625.000,300.000,275.000,300.000,300.000,-1,-1,-1,-1,625.000,450.000,-1,500.000,2,1,1,1,1,1,1,0,0,2,2,2,2,1,1,2,1
16,6435.776,9022.873,-150.897,-126.033,-0.588293,0.808530,0.013804,-0.807110,-0.588141,0.051619,0.049854,0.019226,0.998571,0,0.92000,0.49375,55.200,0.988,-1,400.000,675.000,300.000,525.000,300.000,275.000,300.000,300.000,-1,-1,-1,-1,600.000,400.000,-1,425.000,2,1,1,1,1,1,1,0,0,2,2,2,2,1,1,2,1
17,6403.734,8977.596,-147.983,-125.285,-0.577603,0.816167,0.015681,-0.814715,-0.577566,0.051548,0.051129,0.016999,0.998547,0,0.92448,0.37375,55.469,0.748,-1,375.000,625.000,275.000,425.000,275.000,250.000,300.000,300.000,-1,-1,-1,-1,575.000,375.000,-1,375.000,2,1,1,1,1,1,1,0,0,2,2,2,2,1,1,2,1
18,6371.872,8931.718,-143.429,-124.778,-0.569872,0.821338,0.025494,-0.819735,-0.570374,0.052031,0.057276,0.008753,0.998320,0,0.93092,0.25375,55.855,0.508,-1,350.000,625.000,275.000,400.000,275.000,250.000,275.000,300.000,-1,-1,-1,-1,575.000,350.000,-1,325.000,2,1,1,1,1,1,1,0,0,2,2,2,2,1,1,2,1
19,6340.006,8885.375,-138.515,-124.510,-0.565335,0.824023,0.037176,-0.822336,-0.566555,0.052706,0.064493,-0.000774,0.997918,0,0.93734,0.13375,56.241,0.268,-1,350.000,-1,250.000,350.000,275.000,225.000,275.000,325.000,-1,-1,-1,-1,575.000,350.000,-1,300.000,2,1,2,1,1,1,1,0,0,2,2,2,2,1,1,2,1
20,6307.945,8838.698,-133.253,-124.483,-0.563963,0.824240,0.050732,-0.822588,-0.566122,0.053435,0.072764,-0.011596,0.997282,0,0.94377,0.01375,56.626,0.028,-1,325.000,-1,250.000,325.000,250.000,225.000,275.000,350.000,-1,325.000,-1,-1,550.000,325.000,-1,275.000,2,1,2,1,1,1,1,0,0,2,0,2,2,1,1,2,1
21,6275.491,8791.820,-127.652,-124.695,-0.565689,0.821958,0.066181,-0.820524,-0.569053,0.054032,0.082072,-0.023738,0.996344,0,0.95023,-0.10625,57.014,-0.212,-1,300.000,-1,225.000,300.000,250.000,200.000,275.000,375.000,800.000,200.000,400.000,-1,575.000,300.000,-1,250.000,2,1,2,1,1,1,1,0,0,0,0,0,2,1,1,2,1
22,6242.443,8744.879,-121.647,-125.148,-0.570407,0.817095,0.083616,-0.816173,-0.575284,0.053946,0.092181,-0.037474,0.995037,0,0.95675,-0.22625,57.405,-0.452,-1,300.000,-1,225.000,275.000,225.000,200.000,250.000,400.000,625.000,150.000,325.000,-1,600.000,300.000,-1,250.000,2,1,2,1,1,1,1,0,0,0,0,0,2,1,1,2,1
23,6208.600,8698.017,-114.937,-125.840,-0.578006,0.809482,0.103193,-0.809617,-0.584684,0.051623,0.102123,-0.053709,0.993321,0,0.96337,-0.34625,57.802,-0.692,-1,275.000,-1,200.000,275.000,200.000,175.000,250.000,450.000,525.000,100.000,300.000,-1,650.000,275.000,-1,225.000,2,1,2,1,1,1,1,0,0,0,0,0,2,1,1,2,1
24,2951.687,983.921,-192.632,20.054,0.939141,-0.342216,0.030033,0.343418,0.937487,-0.056417,-0.008849,0.063298,0.997955,1,0.00000,0.00000,58.206,-0.932,950.000,375.000,725.000,400.000,-1,325.000,325.000,300.000,300.000,-1,-1,-1,-1,575.000,700.000,725.000,-1,1,0,1,1,2,0,0,0,0,2,2,2,2,1,1,1,2
25,2947.171,982.293,-192.595,19.814,0.940566,-0.338289,0.029940,0.339491,0.938918,-0.056380,-0.009038,0.063194,0.997960,0,-0.08000,-0.12000,-4.800,-0.240,950.000,375.000,725.000,400.000,-1,325.000,325.000,300.000,300.000,-1,-1,-1,-1,575.000,700.000,725.000,-1,1,0,1,1,2,0,0,0,0,2,2,2,2,1,1,1,2
26,2938.113,979.115,-192.518,19.334,0.943367,-0.330415,0.029750,0.331619,0.941732,-0.056305,-0.009413,0.062982,0.997970,0,-0.16000,-0.24000,-9.600,-0.480,950.000,375.000,750.000,400.000,-1,325.000,325.000,300.000,300.000,-1,-1,-1,-1,575.000,725.000,725.000,-1,1,0,1,1,2,0,0,0,0,2,2,2,2,1,1,1,2
27,2924.466,974.518,-192.388,18.614,0.947444,-0.318562,0.029461,0.319766,0.945829,-0.056188,-0.009965,0.062656,0.997985,0,-0.24000,-0.36000,-14.400,-0.720,950.000,375.000,775.000,400.000,-1,325.000,325.000,300.000,300.000,-1,-1,-1,-1,575.000,775.000,725.000,-1,1,0,1,1,2,0,0,0,0,2,2,2,2,1,1,1,2
28,2910.381,970.035,-192.245,17.654,0.952647,-0.302678,0.029131,0.303887,0.951058,-0.056052,-0.010740,0.062250,0.998003,0,-0.24638,-0.48000,-14.783,-0.960,925.000,375.000,800.000,400.000,-1,325.000,325.000,300.000,300.000,-1,-1,-1,-1,600.000,800.000,725.000,-1,1,0,1,0,2,0,0,0,0,2,2,2,2,1,0,1,2
29,2895.925,965.765,-192.083,16.454,0.958776,-0.282703,0.028763,0.283920,0.957218,-0.055886,-0.011733,0.061749,0.998023,0,-0.25122,-0.60000,-15.073,-1.200,925.000,400.000,825.000,400.000,-1,325.000,325.000,300.000,300.000,-1,-1,-1,-1,600.000,800.000,725.000,-1,1,0,1,0,2,0,0,0,0,2,2,2,2,1,0,1,2
30,2881.073,961.781,-191.897,15.014,0.965577,-0.258569,0.028354,0.259797,0.964057,-0.055681,-0.012938,0.061131,0.998046,0,-0.25630,-0.72000,-15.378,-1.440,900.000,400.000,875.000,400.000,-1,325.000,325.000,300.000,300.000,-1,-1,-1,-1,600.000,825.000,725.000,-1,1,0,1,0,2,0,0,0,0,2,2,2,2,1,0,1,2
31,2865.813,958.098,-191.681,13.567,0.971797,-0.234157,0.027933,0.235395,0.970317,-0.055446,-0.014121,0.060457,0.998071,0,-0.26165,-0.72332,-15.699,-1.447,900.000,400.000,900.000,400.000,-1,325.000,325.000,300.000,300.000,-1,-1,-1,-1,600.000,825.000,725.000,-1,1,0,1,0,2,0,0,0,0,2,2,2,2,1,0,1,2
32,2850.144,954.730,-191.433,12.129,0.977371,-0.209736,0.027500,0.210980,0.975932,-0.055180,-0.015264,0.059733,0.998098,0,-0.26712,-0.71919,-16.027,-1.438,875.000,400.000,975.000,400.000,-1,325.000,325.000,300.000,300.000,-1,-1,-1,-1,625.000,825.000,725.000,-1,1,0,1,0,2,0,0,0,0,2,2,2,2,1,0,1,2
33,2834.067,951.692,-191.152,10.698,0.982308,-0.185310,0.027056,0.186558,0.980910,-0.054883,-0.016369,0.058959,0.998126,0,-0.27271,-0.71541,-16.362,-1.431,875.000,400.000,-1,400.000,-1,325.000,325.000,300.000,300.000,-1,-1,-1,1000.000,625.000,825.000,725.000,-1,1,0,2,0,2,0,0,0,0,2,2,2,1,1,0,1,2
34,2817.582,948.999,-190.838,9.274,0.986615,-0.160885,0.026603,0.162135,0.985259,-0.054553,-0.017434,0.058137,0.998156,0,-0.27839,-0.71198,-16.703,-1.424,850.000,400.000,-1,400.000,-1,325.000,325.000,300.000,300.000,-1,-1,-1,975.000,625.000,825.000,725.000,-1,1,0,2,0,2,0,0,0,0,2,2,2,1,1,0,1,2
35,2800.694,946.668,-190.489,7.856,0.990300,-0.136464,0.026142,0.137714,0.988988,-0.054190,-0.018459,0.057265,0.998188,0,-0.28415,-0.70890,-17.049,-1.418,850.000,400.000,-1,400.000,-1,325.000,325.000,300.000,300.000,-1,-1,-1,950.000,650.000,825.000,750.000,-1,1,0,2,0,2,0,0,0,0,2,2,2,1,1,0,1,2
36,2783.406,944.715,-190.105,6.444,0.993370,-0.112053,0.025673,0.113301,0.992104,-0.053792,-0.019443,0.056344,0.998222,0,-0.28998,-0.70615,-17.399,-1.412,850.000,400.000,-1,400.000,-1,325.000,325.000,300.000,300.000,-1,-1,-1,950.000,650.000,850.000,750.000,-1,1,0,2,0,2,0,0,0,0,2,2,2,1,1,0,1,2
37,2765.723,943.156,-189.686,5.036,0.995832,-0.087656,0.025199,0.088898,0.994611,-0.053357,-0.020386,0.055375,0.998257,0,-0.29586,-0.70374,-17.752,-1.407,850.000,400.000,-1,400.000,-1,325.000,325.000,300.000,300.000,-1,-1,-1,925.000,650.000,850.000,750.000,-1,1,0,2,0,2,0,0,0,0,2,2,2,1,1,0,1,2
38,2747.653,942.008,-189.230,3.633,0.997690,-0.063275,0.024721,0.064511,0.996515,-0.052885,-0.021288,0.054358,0.998295,0,-0.30180,-0.70166,-18.108,-1.403,850.000,400.000,-1,400.000,-1,325.000,325.000,300.000,300.000,-1,-1,-1,925.000,675.000,850.000,775.000,-1,1,0,2,0,2,0,0,0,0,2,2,2,1,1,0,1,2
39,2729.201,941.287,-188.738,2.233,0.998948,-0.038914,0.024240,0.040141,0.997820,-0.052375,-0.022149,0.053293,0.998333,0,-0.30776,-0.69991,-18.466,-1.400,850.000,400.000,-1,425.000,-1,325.000,325.000,300.000,300.000,-1,-1,-1,925.000,675.000,850.000,775.000,-1,1,0,2,0,2,0,0,0,0,2,2,2,1,1,0,1,2
40,2705.937,941.037,-188.077,0.613,0.999663,-0.010687,0.023648,0.011899,0.998591,-0.051712,-0.023062,0.051976,0.998382,0,-0.38776,-0.81011,-23.266,-1.620,850.000,400.000,-1,425.000,-1,325.000,325.000,300.000,300.000,-1,-1,-1,925.000,700.000,850.000,800.000,-1,1,0,2,0,2,0,0,0,0,2,2,2,1,1,0,1,2
41,2680.334,941.488,-187.306,-1.011,0.999580,0.017617,0.023013,-0.016426,0.998566,-0.050960,-0.023878,0.050561,0.998436,0,-0.42679,-0.81194,-25.607,-1.624,850.000,400.000,-1,425.000,-1,325.000,325.000,300.000,300.000,-1,-1,-1,950.000,700.000,875.000,825.000,-1,1,0,2,0,2,0,0,0,0,2,2,2,1,1,0,1,2
42,2654.547,942.676,-186.487,-2.639,0.998691,0.045995,0.022390,-0.044827,0.997735,-0.050146,-0.024646,0.049077,0.998491,0,-0.43025,-0.81435,-25.815,-1.629,875.000,400.000,-1,425.000,-1,325.000,325.000,300.000,300.000,-1,-1,-1,975.000,725.000,875.000,825.000,-1,1,0,2,0,2,0,0,0,0,2,2,2,1,1,0,1,2
43,2628.618,944.613,-185.722,-4.273,0.996985,0.074427,0.021932,-0.073267,0.996076,-0.049651,-0.025541,0.047895,0.998526,0,-0.43335,-0.81688,-26.001,-1.634,875.000,400.000,-1,425.000,-1,325.000,325.000,300.000,300.000,-1,-1,-1,1000.000,750.000,875.000,850.000,-1,1,0,2,0,2,0,0,0,0,2,2,2,1,1,0,1,2
44,2607.521,946.706,-185.239,-5.667,0.994894,0.098635,0.021384,-0.097475,0.993991,-0.049802,-0.026168,0.047463,0.998530,0,-0.35335,-0.69688,-21.201,-1.394,900.000,400.000,-1,425.000,-1,325.000,325.000,300.000,300.000,-1,-1,-1,-1,750.000,875.000,875.000,-1,1,0,2,0,2,0,0,0,0,2,2,2,2,1,0,1,2
45,2591.236,948.653,-184.869,-6.821,0.992716,0.118632,0.021021,-0.117471,0.991826,-0.049815,-0.026758,0.046983,0.998537,0,-0.27335,-0.57688,-16.401,-1.154,900.000,400.000,-1,425.000,-1,325.000,325.000,300.000,300.000,-1,-1,-1,-1,775.000,875.000,900.000,-1,1,0,2,0,2,0,0,0,0,2,2,2,2,1,0,1,2
46,2579.742,950.226,-184.614,-7.794,0.990564,0.135462,0.020809,-0.134298,0.989691,-0.049749,-0.027334,0.046485,0.998545,0,-0.19335,-0.48654,-11.601,-0.973,900.000,400.000,-1,425.000,-1,325.000,325.000,300.000,300.000,-1,-1,-1,-1,775.000,875.000,925.000,-1,1,0,2,0,2,0,0,0,0,2,2,2,2,1,0,1,2
47,2573.020,951.263,-184.467,-8.769,0.988120,0.152284,0.020683,-0.151113,0.987268,-0.049670,-0.027984,0.045954,0.998552,0,-0.11335,-0.48742,-6.801,-0.975,900.000,400.000,-1,425.000,-1,325.000,325.000,300.000,300.000,-1,-1,-1,-1,775.000,875.000,925.000,-1,1,0,2,0,2,0,0,0,0,2,2,2,2,1,0,1,2
48,2571.048,951.601,-184.437,-9.743,0.985389,0.169061,0.020649,-0.167880,0.984560,-0.049585,-0.028713,0.045394,0.998556,0,-0.03335,-0.48736,-2.001,-0.975,900.000,400.000,-1,400.000,-1,325.000,325.000,300.000,300.000,-1,-1,-1,-1,775.000,875.000,950.000,-1,1,0,2,0,2,0,0,0,0,2,2,2,2,1,0,1,2
49,2573.798,951.080,-184.529,-10.716,0.982378,0.185757,0.020709,-0.184561,0.981574,-0.049504,-0.029523,0.044809,0.998559,0,0.04665,-0.48639,2.799,-0.973,900.000,400.000,-1,400.000,-1,325.000,325.000,300.000,300.000,-1,-1,-1,-1,775.000,875.000,950.000,-1,1,0,2,0,2,0,0,0,0,2,2,2,2,1,0,1,2
50,2581.240,949.540,-184.761,-11.685,0.979093,0.202335,0.020901,-0.201120,0.978320,-0.049405,-0.030444,0.044169,0.998560,0,0.12665,-0.48448,7.599,-0.969,875.000,400.000,-1,400.000,-1,325.000,325.000,300.000,300.000,-1,-1,-1,-1,800.000,875.000,950.000,-1,1,0,2,0,2,0,0,0,0,2,2,2,2,1,0,1,2
51,2593.337,946.825,-185.173,-12.648,0.975545,0.218760,0.021361,-0.217520,0.974816,-0.049189,-0.031583,0.043340,0.998561,0,0.20665,-0.48161,12.399,-0.963,875.000,400.000,-1,400.000,-1,325.000,325.000,300.000,300.000,-1,-1,-1,-1,800.000,850.000,975.000,-1,1,0,2,0,2,0,0,0,0,2,2,2,2,1,0,1,2
52,2610.054,942.779,-185.747,-13.604,0.971748,0.234995,0.021990,-0.233724,0.971070,-0.048949,-0.032857,0.042427,0.998559,0,0.28665,-0.47776,17.199,-0.956,850.000,400.000,-1,400.000,-1,325.000,325.000,300.000,300.000,-1,-1,-1,-1,800.000,850.000,975.000,-1,1,0,2,0,2,0,0,0,0,2,2,2,2,1,0,1,2
53,2631.347,937.252,-186.492,-14.550,0.967718,0.251002,0.022793,-0.249695,0.967100,-0.048689,-0.034264,0.041426,0.998554,0,0.36665,-0.47287,21.999,-0.946,825.000,400.000,-1,400.000,-1,325.000,325.000,300.000,300.000,-1,-1,-1,-1,800.000,850.000,1000.000,-1,1,0,2,0,2,0,0,0,0,2,2,2,2,1,0,1,2
54,2657.173,930.097,-187.417,-15.483,0.963475,0.266742,0.023776,-0.265395,0.962924,-0.048405,-0.035806,0.040327,0.998545,0,0.44665,-0.46690,26.799,-0.934,800.000,400.000,-1,400.000,-1,325.000,325.000,300.000,300.000,-1,-1,-1,-1,825.000,850.000,-1,-1,1,0,2,0,2,0,0,0,0,2,2,2,2,0,0,2,2
55,2687.486,921.173,-188.603,-16.403,0.959047,0.282172,0.024665,-0.280785,0.958555,-0.048289,-0.037269,0.039386,0.998529,0,0.52665,-0.45979,31.599,-0.920,775.000,400.000,-1,425.000,-1,325.000,325.000,300.000,300.000,-1,-1,-1,-1,825.000,850.000,-1,-1,1,0,2,0,2,0,0,0,0,2,2,2,2,0,0,2,2
56,2722.237,910.345,-190.109,-17.306,0.954459,0.297249,0.025502,-0.295814,0.954013,-0.048510,-0.038748,0.038757,0.998497,0,0.60665,-0.45145,36.399,-0.903,750.000,400.000,-1,425.000,-1,325.000,325.000,300.000,300.000,-1,-1,-1,-1,825.000,825.000,-1,-1,1,0,2,0,2,0,0,0,0,2,2,2,2,0,0,2,2
57,2761.377,897.484,-191.979,-18.189,0.949732,0.311928,0.026662,-0.310409,0.949323,-0.049313,-0.040693,0.038558,0.998427,0,0.68665,-0.44180,41.199,-0.884,750.000,400.000,-1,400.000,-1,325.000,325.000,300.000,300.000,-1,-1,-1,-1,825.000,825.000,-1,-1,1,0,2,0,2,0,0,0,0,2,2,2,2,0,0,2,2
58,2804.857,882.470,-194.118,-19.051,0.944898,0.326168,0.027963,-0.324556,0.944533,-0.050211,-0.042789,0.038369,0.998347,0,0.76665,-0.43074,45.999,-0.861,725.000,400.000,-1,400.000,-1,325.000,325.000,300.000,300.000,-1,-1,-1,-1,825.000,800.000,-1,-1,1,0,2,0,2,0,0,0,0,2,2,2,2,0,0,2,2
59,2852.691,865.368,-196.534,-19.672,0.941263,0.336394,0.029387,-0.334680,0.940939,-0.051210,-0.044878,0.038367,0.998255,0,0.84665,-0.31074,50.799,-0.621,700.000,400.000,-1,400.000,-1,325.000,325.000,300.000,300.000,-1,-1,-1,-1,825.000,800.000,-1,-1,1,0,2,0,2,0,0,0,0,2,2,2,2,0,0,2,2
60,2904.874,846.181,-199.233,-20.188,0.938148,0.344848,0.030967,-0.343022,0.937872,-0.052260,-0.047065,0.038405,0.998153,0,0.92665,-0.25783,55.599,-0.516,700.000,400.000,-1,400.000,-1,325.000,325.000,300.000,300.000,-1,-1,-1,-1,800.000,775.000,-1,-1,1,0,2,0,2,0,0,0,0,2,2,2,2,0,0,2,2
61,2961.013,825.004,-202.151,-20.667,0.935182,0.352675,0.032477,-0.350730,0.934949,-0.053464,-0.049220,0.038608,0.998042,0,1.00000,-0.23952,60.000,-0.479,700.000,400.000,-1,400.000,-1,325.000,325.000,300.000,300.000,-1,-1,-1,-1,800.000,775.000,-1,-1,1,0,2,0,2,0,0,0,0,2,2,2,2,0,0,2,2
62,3016.989,803.399,-205.108,-21.106,0.932405,0.359818,0.033956,-0.357756,0.932216,-0.054627,-0.051310,0.038787,0.997929,0,1.00000,-0.21926,60.000,-0.439,750.000,400.000,-1,400.000,-1,325.000,325.000,300.000,300.000,-1,-1,-1,-1,800.000,750.000,-1,-1,1,0,2,0,2,0,0,0,0,2,2,2,2,0,0,2,2
63,3072.813,781.406,-208.113,-21.502,0.929836,0.366263,0.035445,-0.364084,0.929698,-0.055724,-0.053363,0.038909,0.997817,0,1.00000,-0.19839,60.000,-0.397,800.000,400.000,-1,400.000,-1,325.000,325.000,300.000,300.000,-1,-1,-1,-1,800.000,750.000,975.000,-1,1,0,2,0,2,0,0,0,0,2,2,2,2,0,0,1,2
64,3128.500,759.069,-211.164,-21.856,0.927497,0.371999,0.036949,-0.369705,0.927415,-0.056748,-0.055377,0.038973,0.997705,0,1.00000,-0.17700,60.000,-0.354,850.000,400.000,-1,400.000,-1,325.000,325.000,300.000,300.000,-1,-1,-1,-1,800.000,750.000,925.000,-1,1,0,2,0,2,0,0,0,0,2,2,2,2,0,0,1,2
65,3184.066,736.430,-214.376,-22.167,0.925411,0.377024,0.038301,-0.374656,0.925403,-0.057113,-0.056977,0.038503,0.997633,0,1.00000,-0.15517,60.000,-0.310,825.000,400.000,-1,400.000,-1,325.000,325.000,300.000,275.000,-1,-1,-1,-1,775.000,725.000,875.000,-1,1,0,2,0,2,0,0,0,0,2,2,2,2,1,0,1,2
66,3239.525,713.534,-217.691,-22.433,0.923591,0.381327,0.039611,-0.378911,0.923670,-0.057105,-0.058363,0.037733,0.997582,0,1.00000,-0.13301,60.000,-0.266,775.000,400.000,-1,400.000,-1,325.000,325.000,300.000,275.000,-1,-1,-1,-1,750.000,725.000,825.000,-1,1,0,2,0,2,0,0,0,0,2,2,2,2,1,0,1,2
67,3294.896,690.423,-221.049,-22.654,0.922046,0.384904,0.040992,-0.382442,0.922219,-0.057016,-0.059749,0.036894,0.997531,0,1.00000,-0.11065,60.000,-0.221,725.000,400.000,-1,400.000,-1,325.000,325.000,300.000,275.000,-1,-1,-1,-1,700.000,725.000,775.000,-1,1,0,2,0,2,0,0,0,0,2,2,2,2,1,0,1,2
68,3350.196,667.142,-224.314,-22.830,0.920801,0.387762,0.042034,-0.385316,0.921076,-0.056125,-0.060479,0.035483,0.997539,0,1.00000,-0.08821,60.000,-0.176,675.000,400.000,-1,400.000,-1,325.000,325.000,300.000,275.000,-1,-1,-1,-1,675.000,725.000,725.000,-1,1,0,2,0,2,0,0,0,0,2,2,2,2,1,0,1,2
69,3405.441,643.735,-227.699,-22.962,0.919905,0.389894,0.041918,-0.387525,0.920221,-0.054940,-0.059995,0.034296,0.997609,0,1.00000,-0.06585,60.000,-0.132,625.000,400.000,-1,400.000,-1,325.000,325.000,275.000,275.000,-1,-1,-1,-1,650.000,725.000,675.000,-1,1,0,2,0,2,0,0,1,0,2,2,2,2,1,0,1,2
70,3460.641,620.220,-231.228,-23.073,0.919140,0.391692,0.041945,-0.389372,0.919490,-0.054111,-0.059763,0.033404,0.997654,0,1.00000,-0.05563,60.000,-0.111,575.000,400.000,-1,400.000,-1,325.000,325.000,275.000,275.000,-1,-1,-1,-1,625.000,725.000,625.000,-1,1,0,2,0,2,0,0,1,0,2,2,2,2,1,0,1,2
71,3515.802,596.612,-234.781,-23.170,0.918467,0.393257,0.042049,-0.390975,0.918850,-0.053411,-0.059641,0.032616,0.997687,0,1.00000,-0.04844,60.000,-0.097,525.000,400.000,-1,400.000,-1,325.000,325.000,275.000,275.000,-1,-1,-1,-1,600.000,725.000,575.000,-1,1,0,2,0,2,0,0,1,0,2,2,2,2,1,0,1,2
72,3570.927,572.922,-238.358,-23.255,0.917872,0.394624,0.042228,-0.392372,0.918288,-0.052842,-0.059630,0.031934,0.997710,0,1.00000,-0.04238,60.000,-0.085,475.000,400.000,-1,400.000,-1,325.000,325.000,275.000,275.000,-1,-1,-1,-1,600.000,725.000,525.000,-1,1,1,2,0,2,0,0,1,0,2,2,2,2,1,0,1,2
73,3626.021,549.160,-241.982,-23.330,0.917340,0.395834,0.042450,-0.393608,0.917790,-0.052292,-0.059659,0.031261,0.997729,0,1.00000,-0.03750,60.000,-0.075,425.000,400.000,-1,400.000,-1,350.000,325.000,275.000,275.000,-1,-1,-1,-1,600.000,725.000,475.000,-1,1,1,2,0,2,0,0,1,0,2,2,2,2,1,0,1,2
74,3680.836,525.442,-245.636,-23.398,0.916856,0.396926,0.042715,-0.394724,0.917341,-0.051762,-0.059729,0.030598,0.997746,0,0.99543,-0.03382,59.726,-0.068,375.000,375.000,-1,400.000,-1,350.000,325.000,275.000,275.000,-1,-1,-1,-1,600.000,725.000,450.000,-1,1,1,2,0,2,1,0,1,0,2,2,2,2,1,0,1,2
75,3734.880,501.987,-249.286,-23.460,0.916404,0.397937,0.043017,-0.395757,0.916924,-0.051256,-0.059840,0.029947,0.997759,0,0.98191,-0.03136,58.914,-0.063,350.000,375.000,-1,400.000,-1,350.000,325.000,300.000,275.000,-1,-1,-1,-1,600.000,725.000,400.000,-1,1,1,2,0,2,0,0,1,0,2,2,2,2,1,0,1,2
76,3787.891,479.175,-252.908,-23.283,0.917616,0.395102,0.043315,-0.392934,0.918159,-0.050867,-0.059867,0.029657,0.997766,0,0.96185,0.08864,57.711,0.177,300.000,375.000,-1,400.000,-1,325.000,325.000,300.000,275.000,-1,-1,-1,-1,625.000,725.000,350.000,-1,1,1,2,0,2,0,0,0,0,2,2,2,2,1,0,1,2
77,3843.176,455.861,-256.719,-22.866,0.920457,0.388404,0.043605,-0.386242,0.921010,-0.050563,-0.059800,0.029699,0.997768,0,1.00000,0.20864,60.000,0.417,250.000,375.000,-1,400.000,-1,325.000,325.000,300.000,275.000,-1,-1,-1,-1,650.000,725.000,300.000,-1,1,1,2,0,2,0,0,0,0,2,2,2,2,1,0,1,2
78,3898.673,433.057,-258.349,-22.341,0.924443,0.379828,0.033702,-0.377701,0.924234,-0.055979,-0.052412,0.039020,0.997863,0,1.00000,0.26245,60.000,0.525,250.000,400.000,-1,400.000,-1,350.000,325.000,300.000,275.000,-1,-1,-1,-1,750.000,775.000,300.000,-1,1,1,2,0,2,0,0,0,0,2,2,2,2,1,0,1,2
79,3954.383,410.779,-259.107,-21.801,0.928372,0.370941,0.022977,-0.368994,0.927351,-0.062151,-0.044362,0.049221,0.997802,0,1.00000,0.26978,60.000,0.540,250.000,425.000,-1,425.000,-1,375.000,350.000,325.000,250.000,-1,800.000,650.000,-1,875.000,825.000,325.000,-1,1,1,2,0,2,0,0,0,0,2,0,0,2,1,0,1,2
80,4010.305,389.041,-260.354,-21.248,0.932148,0.361794,0.014312,-0.360106,0.930469,-0.067454,-0.037721,0.057724,0.997620,0,1.00000,0.27694,60.000,0.554,225.000,475.000,-1,425.000,-1,375.000,375.000,350.000,250.000,-1,575.000,450.000,-1,950.000,875.000,375.000,-1,1,1,2,0,2,0,0,1,0,2,0,0,2,0,0,1,2
81,4066.441,367.858,-262.067,-20.680,0.935821,0.352404,0.007193,-0.351021,0.933614,-0.071763,-0.032005,0.064632,0.997396,0,1.00000,0.28396,60.000,0.568,225.000,500.000,-1,450.000,-1,400.000,375.000,325.000,250.000,-1,475.000,350.000,-1,1000.000,875.000,425.000,-1,1,0,2,0,2,0,0,1,0,2,0,0,2,0,0,1,2
82,4122.788,347.245,-264.092,-20.098,0.939410,0.342792,0.001689,-0.341717,0.936832,-0.074666,-0.027177,0.069565,0.997207,0,1.00000,0.29087,60.000,0.582,225.000,525.000,-1,450.000,-1,400.000,375.000,275.000,250.000,-1,425.000,325.000,-1,-1,900.000,-1,-1,1,0,2,0,2,0,0,1,0,2,0,0,2,2,0,2,2
83,4179.230,327.259,-266.525,-19.502,0.942941,0.332954,-0.002146,-0.332128,0.940105,-0.076772,-0.023544,0.073104,0.997046,0,0.99793,0.29769,59.876,0.595,225.000,525.000,-1,475.000,-1,425.000,400.000,250.000,250.000,-1,400.000,300.000,900.000,-1,900.000,-1,-1,1,0,2,0,2,0,0,1,0,2,0,0,0,2,0,2,2
84,4235.429,308.027,-269.317,-18.894,0.946425,0.322892,-0.004459,-0.322238,0.943431,-0.078113,-0.021016,0.075365,0.996935,0,0.98999,0.30442,59.400,0.609,200.000,525.000,-1,475.000,-1,425.000,400.000,200.000,250.000,-1,375.000,275.000,850.000,-1,900.000,-1,-1,1,0,2,0,2,0,0,1,0,2,0,0,0,2,0,2,2
85,4291.362,289.561,-272.426,-18.272,0.949868,0.312604,-0.005432,-0.312045,0.946799,-0.078739,-0.019471,0.076487,0.996880,0,0.98171,0.31100,58.903,0.622,200.000,525.000,-1,475.000,-1,425.000,400.000,175.000,250.000,-1,375.000,275.000,800.000,-1,900.000,-1,-1,1,0,2,0,2,0,0,1,0,2,0,0,0,2,0,2,2
86,4347.004,271.871,-275.811,-17.637,0.953264,0.302092,-0.005246,-0.301552,0.950195,-0.078708,-0.018792,0.076612,0.996884,0,0.97311,0.31742,58.386,0.635,175.000,525.000,-1,475.000,-1,400.000,400.000,150.000,250.000,-1,375.000,300.000,775.000,-1,900.000,-1,-1,1,0,2,0,2,0,0,1,0,2,0,0,0,2,0,2,2
87,4402.330,254.967,-279.433,-16.989,0.956607,0.291354,-0.004080,-0.290771,0.953601,-0.078084,-0.018860,0.075882,0.996938,0,0.96419,0.32366,57.852,0.647,175.000,525.000,-1,475.000,-1,400.000,400.000,150.000,250.000,875.000,400.000,300.000,775.000,-1,900.000,-1,-1,1,0,2,0,2,0,0,1,0,1,0,0,0,2,0,2,2
88,4457.316,238.845,-283.260,-16.340,0.959835,0.280558,-0.002068,-0.279880,0.956950,-0.076896,-0.019595,0.074386,0.997037,0,0.95501,0.32473,57.301,0.649,-1,500.000,-1,450.000,-1,400.000,375.000,125.000,275.000,775.000,400.000,325.000,775.000,1000.000,875.000,-1,-1,2,0,2,0,2,0,0,1,0,1,0,0,0,0,0,2,2
89,4511.934,223.496,-286.450,-15.697,0.962920,0.269777,0.002323,-0.268757,0.959961,-0.079027,-0.023549,0.075473,0.996870,0,0.94557,0.32156,56.734,0.643,-1,475.000,-1,450.000,-1,375.000,375.000,125.000,275.000,800.000,500.000,400.000,800.000,950.000,825.000,-1,-1,2,0,2,0,2,0,0,1,0,1,0,0,0,0,0,2,2
90,4566.161,208.906,-288.433,-15.062,0.965772,0.258997,0.014319,-0.256801,0.962448,-0.088012,-0.036576,0.081323,0.996016,0,0.93591,0.31763,56.154,0.635,-1,450.000,-1,400.000,-1,375.000,350.000,100.000,250.000,875.000,-1,850.000,925.000,875.000,750.000,-1,-1,2,0,2,0,2,0,0,1,0,1,2,0,0,0,0,2,2
91,4619.975,195.054,-291.013,-14.436,0.968298,0.248396,0.026425,-0.244962,0.964939,-0.094271,-0.048916,0.084809,0.995196,0,0.92612,0.31294,55.567,0.626,-1,425.000,-1,375.000,-1,350.000,325.000,100.000,250.000,950.000,-1,-1,-1,800.000,675.000,-1,-1,2,0,2,0,2,0,0,1,0,1,2,2,2,0,0,2,2
92,4673.363,181.920,-293.365,-13.821,0.970580,0.237972,0.036656,-0.233447,0.967339,-0.098784,-0.058966,0.087320,0.994434,0,0.91632,0.30752,54.979,0.615,-1,400.000,-1,350.000,-1,325.000,300.000,100.000,250.000,-1,-1,-1,-1,725.000,625.000,-1,-1,2,0,2,0,2,0,0,1,0,2,2,2,2,0,0,2,2
93,4726.322,169.480,-295.207,-13.218,0.972717,0.227773,0.044061,-0.222534,0.969750,-0.100319,-0.065579,0.087777,0.993979,0,0.90665,0.30140,54.399,0.603,950.000,400.000,-1,350.000,875.000,325.000,300.000,100.000,250.000,-1,-1,-1,-1,700.000,600.000,-1,900.000,1,0,2,0,0,0,0,1,0,2,2,2,2,0,0,2,0
94,4778.853,157.710,-297.079,-12.629,0.974737,0.217782,0.049579,-0.212024,0.972009,-0.101214,-0.070234,0.088145,0.993628,0,0.89723,0.29460,53.834,0.589,900.000,375.000,-1,350.000,775.000,300.000,300.000,100.000,275.000,-1,-1,-1,-1,650.000,575.000,-1,800.000,1,0,2,0,0,0,0,1,0,2,2,2,2,0,0,2,0
95,4830.971,146.580,-298.981,-12.054,0.976667,0.208023,0.053367,-0.201932,0.974121,-0.101552,-0.073111,0.088406,0.993398,0,0.88821,0.28716,53.293,0.574,850.000,375.000,-1,325.000,700.000,300.000,275.000,100.000,275.000,-1,-1,-1,-1,650.000,550.000,975.000,725.000,1,0,2,0,0,0,0,1,0,2,2,2,2,0,0,1,0
96,4878.533,137.128,-300.721,-11.240,0.979447,0.194152,0.054674,-0.188013,0.976949,-0.101108,-0.073044,0.088750,0.993372,0,0.80821,0.40716,48.493,0.814,800.000,375.000,-1,325.000,700.000,300.000,275.000,125.000,275.000,-1,-1,-1,-1,625.000,550.000,925.000,675.000,1,0,2,0,0,0,0,1,0,2,2,2,2,0,0,1,0
97,4924.277,128.910,-302.447,-10.186,0.982870,0.176140,0.054243,-0.170173,0.980338,-0.099893,-0.070771,0.088951,0.993519,0,0.77461,0.52716,46.477,1.054,775.000,375.000,-1,325.000,675.000,300.000,275.000,125.000,275.000,-1,-1,-1,-1,625.000,550.000,900.000,675.000,1,0,2,0,0,0,0,1,0,2,2,2,2,0,0,1,0
98,4969.952,121.765,-304.266,-8.891,0.986684,0.153953,0.052474,-0.148340,0.984079,-0.097899,-0.066711,0.088811,0.993812,0,0.77055,0.64716,46.233,1.294,750.000,375.000,-1,325.000,675.000,300.000,275.000,150.000,275.000,-1,-1,-1,-1,625.000,550.000,850.000,675.000,1,0,2,0,0,0,0,1,0,2,2,2,2,0,0,1,0
99,5015.625,115.705,-306.177,-7.559,0.990113,0.131041,0.050040,-0.125862,0.987442,-0.095483,-0.061924,0.088241,0.994172,0,0.76791,0.66602,46.074,1.332,725.000,375.000,-1,325.000,700.000,300.000,275.000,150.000,275.000,350.000,-1,-1,-1,625.000,550.000,825.000,700.000,1,0,2,0,0,0,0,1,0,1,2,2,2,0,0,1,0
100,5061.297,110.708,-308.175,-6.244,0.992992,0.108345,0.047213,-0.103638,0.990278,-0.092782,-0.056807,0.087239,0.994566,0,0.76578,0.65780,45.947,1.316,700.000,375.000,-1,325.000,725.000,300.000,275.000,150.000,275.000,250.000,-1,-1,-1,650.000,550.000,775.000,700.000,1,0,2,0,0,0,0,1,0,1,2,2,2,0,0,1,0
101,5106.961,106.757,-310.259,-4.945,0.995327,0.085882,0.044139,-0.081664,0.992605,-0.089813,-0.051526,0.085789,0.994980,0,0.76392,0.64941,45.835,1.299,650.000,375.000,-1,325.000,750.000,300.000,275.000,175.000,275.000,225.000,-1,-1,-1,650.000,550.000,750.000,725.000,1,0,2,0,0,0,0,1,0,1,2,2,2,0,0,1,0
102,5152.608,103.834,-312.427,-3.663,0.997130,0.063669,0.040963,-0.059940,0.994440,-0.086586,-0.046248,0.083882,0.995402,0,0.76237,0.64084,45.742,1.282,625.000,375.000,-1,325.000,775.000,300.000,275.000,175.000,275.000,200.000,-1,-1,-1,650.000,550.000,700.000,750.000,1,0,2,0,0,0,0,1,0,1,2,2,2,1,0,1,0
103,5198.233,101.921,-314.677,-2.399,0.998413,0.041722,0.037827,-0.038464,0.995799,-0.083098,-0.041135,0.081511,0.995823,0,0.76111,0.63210,45.667,1.264,600.000,375.000,-1,325.000,825.000,300.000,275.000,175.000,275.000,200.000,-1,-1,-1,625.000,550.000,675.000,775.000,1,0,2,0,0,0,0,1,0,1,2,2,2,1,0,1,0
104,5243.832,101.002,-317.182,-1.153,0.999210,0.020057,0.034323,-0.017307,0.996754,-0.078623,-0.035788,0.077966,0.996313,0,0.76016,0.62320,45.610,1.246,550.000,375.000,-1,325.000,875.000,300.000,275.000,200.000,275.000,175.000,-1,-1,-1,625.000,575.000,625.000,825.000,1,0,2,0,0,0,0,1,0,1,2,2,2,1,0,1,0
105,5289.402,101.059,-318.553,0.076,0.999599,-0.001315,0.028277,0.003361,0.997367,-0.072447,-0.028107,0.072513,0.996971,0,0.75952,0.61414,45.571,1.228,525.000,375.000,-1,350.000,-1,300.000,300.000,200.000,275.000,175.000,-1,-1,-1,600.000,575.000,600.000,925.000,1,0,2,0,2,0,0,1,0,1,2,2,2,1,0,1,0
106,5334.941,102.078,-319.446,1.285,0.999499,-0.022381,0.022374,0.023849,0.997423,-0.067669,-0.020802,0.068168,0.997457,0,0.75919,0.60494,45.551,1.210,500.000,375.000,-1,350.000,-1,300.000,300.000,200.000,300.000,200.000,-1,900.000,-1,600.000,600.000,550.000,-1,1,0,2,0,2,0,0,1,0,1,2,0,2,1,0,1,2
107,5380.447,104.045,-319.988,2.477,0.998927,-0.043119,0.016875,0.044122,0.996948,-0.064411,-0.014046,0.065087,0.997781,0,0.75915,0.59558,45.549,1.191,475.000,375.000,-1,350.000,-1,300.000,300.000,225.000,300.000,200.000,900.000,750.000,-1,600.000,625.000,525.000,-1,1,0,2,0,2,0,0,1,0,1,0,0,2,1,0,1,2
108,5425.918,106.944,-320.201,3.649,0.997912,-0.063512,0.011750,0.064126,0.995979,-0.062565,-0.007729,0.063188,0.997972,0,0.75941,0.58608,45.565,1.172,450.000,375.000,-1,375.000,-1,325.000,300.000,250.000,300.000,225.000,775.000,650.000,-1,575.000,650.000,500.000,-1,1,1,2,0,2,0,0,1,0,1,0,0,2,1,0,1,2
109,5471.356,110.761,-320.105,4.802,0.996480,-0.083543,0.006955,0.083814,0.994549,-0.062027,-0.001736,0.062392,0.998050,0,0.75997,0.57644,45.598,1.153,425.000,375.000,-1,375.000,-1,325.000,300.000,250.000,300.000,225.000,675.000,575.000,-1,575.000,650.000,475.000,-1,1,1,2,0,2,0,0,1,0,1,0,0,2,1,0,1,2
110,5516.759,115.482,-319.722,5.935,0.994658,-0.103196,0.002441,0.103145,0.992688,-0.062699,0.004047,0.062616,0.998029,0,0.76080,0.56666,45.648,1.133,400.000,375.000,-1,375.000,-1,325.000,325.000,275.000,300.000,250.000,600.000,525.000,-1,575.000,675.000,450.000,-1,1,1,2,0,2,0,0,1,0,1,0,0,2,1,0,1,2
111,5562.127,121.094,-319.072,7.048,0.992472,-0.122458,-0.001855,0.122084,0.990422,-0.064490,0.009734,0.063778,0.997917,0,0.76191,0.55674,45.715,1.113,375.000,375.000,-1,375.000,-1,325.000,325.000,325.000,300.000,250.000,575.000,500.000,-1,600.000,700.000,425.000,-1,1,1,2,0,2,0,0,1,0,1,0,0,2,1,0,1,2
112,5607.462,127.582,-318.178,8.142,0.989946,-0.141316,-0.006001,0.140598,0.987776,-0.067315,0.015440,0.065795,0.997714,0,0.76328,0.54668,45.797,1.093,350.000,375.000,-1,400.000,-1,350.000,325.000,350.000,300.000,275.000,525.000,500.000,-1,600.000,700.000,400.000,-1,1,1,2,0,2,0,0,1,0,1,0,0,2,1,0,1,2
113,5657.421,135.588,-316.885,9.100,0.987422,-0.157776,-0.010213,0.156656,0.985051,-0.071652,0.021365,0.069151,0.997377,0,0.84328,0.47901,50.597,0.958,350.000,375.000,-1,400.000,-1,350.000,325.000,375.000,300.000,300.000,525.000,475.000,-1,650.000,725.000,400.000,-1,1,1,2,0,2,0,0,1,0,1,0,0,2,1,0,1,2
114,5711.966,145.267,-315.255,10.056,0.984606,-0.174144,-0.014975,0.172501,0.981969,-0.077337,0.028173,0.073563,0.996893,0,0.92328,0.47829,55.397,0.957,325.000,375.000,-1,400.000,-1,350.000,350.000,350.000,275.000,325.000,500.000,400.000,-1,725.000,750.000,-1,-1,1,1,2,0,2,1,0,1,0,1,0,0,2,1,0,2,2
115,5767.929,156.165,-313.413,11.013,0.981490,-0.190435,-0.020321,0.188124,0.978545,-0.084024,0.035886,0.078646,0.996257,0,0.95023,0.47816,57.014,0.956,300.000,375.000,-1,425.000,-1,350.000,350.000,350.000,275.000,350.000,425.000,300.000,-1,-1,775.000,-1,-1,1,1,2,0,2,1,0,1,0,1,0,0,2,2,0,2,2
116,5823.871,168.033,-311.432,11.970,0.978059,-0.206661,-0.026299,0.203509,0.974786,-0.091524,0.044551,0.084163,0.995456,0,0.95312,0.47859,57.187,0.957,275.000,400.000,-1,425.000,-1,350.000,375.000,325.000,275.000,375.000,350.000,250.000,1000.000,-1,825.000,-1,-1,1,1,2,0,2,1,0,1,0,1,0,0,0,2,0,2,2
117,5879.735,180.865,-308.939,12.929,0.974302,-0.222864,-0.032653,0.218774,0.970816,-0.098253,0.053597,0.088584,0.994626,0,0.95530,0.47958,57.318,0.959,-1,425.000,-1,450.000,-1,375.000,375.000,325.000,275.000,425.000,300.000,200.000,925.000,-1,850.000,-1,-1,2,1,2,0,2,1,0,1,0,1,0,0,0,2,0,2,2
118,5935.456,194.653,-306.125,13.891,0.970168,-0.239055,-0.040323,0.233812,0.966598,-0.104974,0.064071,0.092414,0.993657,0,0.95669,0.48119,57.401,0.962,-1,450.000,-1,475.000,-1,375.000,400.000,300.000,275.000,450.000,250.000,150.000,850.000,-1,925.000,-1,-1,2,1,2,0,2,1,0,1,0,1,0,0,0,2,0,2,2
119,5986.353,207.935,-302.752,14.614,0.966932,-0.251060,-0.044852,0.244730,0.962887,-0.113827,0.071765,0.099086,0.992488,0,0.87669,0.36119,52.601,0.722,-1,500.000,-1,475.000,-1,400.000,400.000,300.000,275.000,475.000,250.000,150.000,775.000,-1,950.000,-1,-1,2,1,2,0,2,1,0,1,0,1,0,0,0,2,0,2,2
120,6032.504,220.385,-301.121,15.096,0.964857,-0.259154,-0.043472,0.252897,0.960725,-0.114239,0.071370,0.099230,0.992502,0,0.79669,0.24119,47.801,0.482,-1,525.000,-1,475.000,-1,400.000,400.000,275.000,275.000,500.000,275.000,175.000,825.000,-1,950.000,-1,-1,2,1,2,0,2,1,0,1,0,1,0,0,0,2,0,2,2
121,6073.973,231.759,-299.740,15.339,0.963834,-0.263220,-0.041695,0.257146,0.959636,-0.113910,0.069995,0.099068,0.992616,0,0.71669,0.12119,43.001,0.242,-1,550.000,-1,475.000,-1,400.000,400.000,250.000,275.000,550.000,300.000,200.000,850.000,-1,950.000,-1,-1,2,1,2,0,2,1,1,1,0,1,0,0,0,2,0,2,2
122,6111.140,241.954,-298.583,15.341,0.963909,-0.263270,-0.039600,0.257469,0.959661,-0.112966,0.067743,0.098694,0.992809,0,0.64234,0.00119,38.540,0.002,-1,575.000,-1,475.000,-1,400.000,400.000,225.000,275.000,575.000,350.000,225.000,900.000,-1,925.000,-1,-1,2,1,2,0,2,1,1,1,0,1,0,0,0,2,0,2,2
123,6147.955,251.888,-297.515,15.103,0.965088,-0.259302,-0.036972,0.253880,0.960796,-0.111425,0.064415,0.098148,0.993085,0,0.63554,-0.11881,38.132,-0.238,-1,600.000,-1,450.000,-1,400.000,400.000,200.000,275.000,600.000,400.000,275.000,950.000,-1,900.000,-1,-1,2,0,2,0,2,1,1,1,0,1,0,0,0,2,0,2,2
124,6184.333,261.540,-296.467,14.862,0.966279,-0.255266,-0.033836,0.250273,0.961930,-0.109794,0.060575,0.097623,0.993378,0,0.62728,-0.12065,37.637,-0.241,-1,575.000,-1,450.000,-1,400.000,400.000,200.000,275.000,625.000,450.000,325.000,-1,-1,875.000,-1,-1,2,0,2,0,2,1,1,1,0,1,0,0,2,2,0,2,2
125,-327.978,6231.334,-150.070,154.847,-0.903972,-0.424361,0.052455,0.426434,-0.903736,0.037620,0.031441,0.056376,0.997914,1,0.00000,0.00000,37.099,-0.226,175.000,625.000,-1,475.000,-1,450.000,400.000,150.000,250.000,550.000,250.000,175.000,750.000,-1,900.000,-1,-1,1,0,2,0,2,0,0,1,0,1,0,0,0,2,0,2,2
126,-332.331,6233.356,-150.039,155.087,-0.905731,-0.420566,0.052680,0.422662,-0.905493,0.037940,0.031745,0.056629,0.997890,0,0.08000,0.12000,4.800,0.240,175.000,625.000,-1,475.000,-1,450.000,425.000,150.000,250.000,550.000,250.000,175.000,750.000,-1,900.000,-1,-1,1,0,2,0,2,0,0,1,0,1,0,0,0,2,0,2,2
127,-341.071,6237.326,-149.971,155.567,-0.909200,-0.412953,0.053163,0.415100,-0.908956,0.038611,0.032378,0.057173,0.997839,0,0.16000,0.24000,9.600,0.480,175.000,625.000,-1,475.000,-1,450.000,425.000,125.000,250.000,550.000,250.000,175.000,725.000,-1,900.000,-1,-1,1,0,2,0,2,0,0,1,0,1,0,0,0,2,0,2,2
128,-354.256,6243.117,-149.853,156.287,-0.914278,-0.401477,0.053958,0.403709,-0.914026,0.039695,0.033382,0.058075,0.997754,0,0.24000,0.36000,14.400,0.720,175.000,625.000,-1,475.000,-1,450.000,425.000,125.000,250.000,550.000,250.000,175.000,725.000,-1,925.000,-1,-1,1,0,2,0,2,0,0,1,0,1,0,0,0,2,0,2,2
129,-371.962,6250.541,-149.664,157.247,-0.920817,-0.386076,0.055148,0.388437,-0.920550,0.041288,0.034826,0.059440,0.997624,0,0.32000,0.48000,19.200,0.960,150.000,650.000,-1,475.000,-1,450.000,425.000,125.000,250.000,575.000,275.000,175.000,700.000,-1,925.000,-1,-1,1,0,2,0,2,0,0,1,0,1,0,0,0,2,0,2,2
130,-4263.523,-4263.647,166.429,-145.658,-0.809166,0.557896,0.184398,-0.574897,-0.816556,-0.052247,0.121423,-0.148286,0.981462,1,0.00000,0.00000,24.000,1.098,-1,350.000,-1,275.000,250.000,275.000,250.000,300.000,325.000,350.000,25.000,125.000,-1,-1,-1,-1,250.000,2,1,2,1,1,1,1,0,1,0,0,0,2,2,2,2,1
131,8855.089,5575.416,-10.087,-68.462,0.368713,0.929533,-0.004285,-0.925925,0.366868,-0.089834,-0.081932,0.037091,0.995947,1,0.00000,0.00000,4.800,-0.234,-1,375.000,575.000,375.000,425.000,325.000,325.000,300.000,325.000,-1,-1,-1,-1,575.000,425.000,750.000,425.000,2,0,1,1,1,0,0,0,0,2,2,2,2,1,1,1,1
132,8856.870,5570.959,-10.483,-68.222,0.372624,0.927972,-0.004412,-0.924374,0.370752,-0.089868,-0.081759,0.037566,0.995944,0,0.08000,0.12000,4.800,0.240,-1,375.000,575.000,375.000,425.000,325.000,325.000,300.000,325.000,-1,-1,-1,-1,575.000,425.000,750.000,425.000,2,0,1,1,1,0,0,0,0,2,2,2,2,1,1,1,1
133,8860.475,5562.062,-11.276,-67.942,0.377191,0.926124,-0.004660,-0.922538,0.375278,-0.089939,-0.081546,0.038223,0.995936,0,0.16000,0.14016,9.600,0.280,-1,375.000,550.000,375.000,400.000,325.000,325.000,300.000,325.000,-1,-1,-1,-1,575.000,400.000,725.000,400.000,2,0,1,1,1,0,0,0,0,2,2,2,2,1,1,1,1
