timestep,x_cm,y_cm,z_cm,yaw_deg,basis_xx,basis_xy,basis_xz,basis_yx,basis_yy,basis_yz,basis_zx,basis_zy,basis_zz,teleport_flag,throttle_cmd,steering_cmd,cmd_move_cm,cmd_turn_deg,lidar_cm_0,lidar_cm_1,lidar_cm_2,lidar_cm_3,lidar_cm_4,lidar_cm_5,lidar_cm_6,lidar_cm_7,lidar_cm_8,lidar_cm_9,lidar_cm_10,lidar_cm_11,lidar_cm_12,lidar_cm_13,lidar_cm_14,lidar_cm_15,lidar_cm_16,lidar_class_0,lidar_class_1,lidar_class_2,lidar_class_3,lidar_class_4,lidar_class_5,lidar_class_6,lidar_class_7,lidar_class_8,lidar_class_9,lidar_class_10,lidar_class_11,lidar_class_12,lidar_class_13,lidar_class_14,lidar_class_15,lidar_class_16
0,-1644.619,-7543.586,388.969,-175.638,-0.996250,0.076061,0.041239,-0.076032,-0.997103,0.002258,0.041291,-0.000886,0.999147,1,0.08000,-0.03342,4.800,-0.067,-1,400.000,-1,375.000,-1,325.000,300.000,325.000,300.000,925.000,475.000,650.000,-1,825.000,725.000,-1,-1,2,0,2,0,2,0,0,0,0,0,0,0,2,0,0,2,2
1,-1654.192,-7544.304,389.383,-175.705,-0.996320,0.074897,0.041685,-0.074886,-0.997190,0.001823,0.041705,-0.001305,0.999129,0,0.16000,-0.03342,9.600,-0.067,-1,400.000,-1,375.000,-1,325.000,300.000,325.000,300.000,925.000,475.000,650.000,-1,825.000,725.000,-1,-1,2,0,2,0,2,0,0,0,0,0,0,0,2,0,0,2,2
2,-1668.553,-7545.366,390.000,-175.772,-0.996378,0.073734,0.042355,-0.073751,-0.997276,0.001166,0.042325,-0.001962,0.999102,0,0.24000,-0.03342,14.400,-0.067,-1,400.000,-1,375.000,-1,325.000,300.000,325.000,300.000,925.000,475.000,650.000,-1,825.000,725.000,-1,-1,2,0,2,0,2,0,0,0,0,0,0,0,2,0,0,2,2
3,-1687.702,-7546.759,390.820,-175.838,-0.996425,0.072570,0.043251,-0.072626,-0.997359,0.000285,0.043157,-0.002857,0.999064,0,0.32000,-0.03342,19.200,-0.067,-1,400.000,-1,375.000,-1,325.000,300.000,325.000,300.000,925.000,475.000,650.000,-1,850.000,725.000,-1,-1,2,0,2,0,2,0,0,0,0,0,0,0,2,0,0,2,2
4,-1711.641,-7548.473,391.840,-175.905,-0.996460,0.071406,0.044379,-0.071513,-0.997439,-0.000822,0.044206,-0.003993,0.999014,0,0.40000,-0.03342,24.000,-0.067,-1,400.000,-1,375.000,-1,325.000,300.000,325.000,300.000,925.000,475.000,650.000,-1,850.000,750.000,-1,-1,2,0,2,0,2,0,0,0,0,0,0,0,2,0,0,2,2
5,-1740.370,-7550.496,393.057,-175.972,-0.996481,0.070242,0.045743,-0.070414,-0.997516,-0.002157,0.045478,-0.005371,0.998951,0,0.48000,-0.03342,28.800,-0.067,-1,400.000,-1,375.000,-1,325.000,325.000,325.000,300.000,925.000,500.000,650.000,-1,850.000,750.000,-1,-1,2,0,2,0,2,0,0,0,0,0,0,0,2,0,0,2,2
6,-1773.890,-7552.817,394.469,-176.039,-0.996487,0.069077,0.047351,-0.069330,-0.997587,-0.003722,0.046979,-0.006992,0.998871,0,0.56000,-0.03342,33.600,-0.067,-1,400.000,-1,375.000,-1,325.000,325.000,325.000,300.000,925.000,500.000,650.000,-1,875.000,775.000,-1,-1,2,0,2,0,2,0,0,0,0,0,0,0,2,0,0,2,2
7,-1812.201,-7555.425,396.073,-176.106,-0.996477,0.067912,0.049208,-0.068265,-0.997652,-0.005519,0.048718,-0.008859,0.998773,0,0.64000,-0.03342,38.400,-0.067,-1,400.000,-1,400.000,-1,325.000,325.000,325.000,300.000,925.000,475.000,650.000,-1,875.000,800.000,-1,-1,2,0,2,0,2,0,0,0,0,0,0,0,2,0,0,2,2
8,-1855.305,-7558.309,397.864,-176.173,-0.996449,0.066747,0.051323,-0.067220,-0.997710,-0.007550,0.050702,-0.010974,0.998654,0,0.72000,-0.03342,43.200,-0.067,-1,425.000,-1,400.000,-1,325.000,325.000,325.000,300.000,900.000,425.000,625.000,-1,925.000,800.000,-1,-1,2,0,2,0,2,0,0,0,0,0,0,0,2,0,0,2,2
9,-1903.202,-7561.457,399.839,-176.239,-0.996401,0.065581,0.053704,-0.066200,-0.997758,-0.009818,0.052940,-0.013338,0.998509,0,0.80000,-0.03342,48.000,-0.067,-1,425.000,-1,400.000,-1,325.000,325.000,300.000,300.000,900.000,375.000,625.000,-1,975.000,875.000,-1,-1,2,0,2,0,2,0,0,0,0,0,0,0,2,0,0,2,2
10,-1955.893,-7564.858,402.041,-176.306,-0.996338,0.064414,0.056220,-0.065214,-0.997793,-0.012509,0.055290,-0.016130,0.998340,0,0.88000,-0.03342,52.800,-0.067,-1,425.000,-1,425.000,-1,350.000,325.000,300.000,300.000,900.000,350.000,575.000,-1,-1,950.000,-1,-1,2,0,2,0,2,0,0,0,0,0,0,0,2,2,0,2,2
11,-2012.883,-7568.471,404.401,-176.373,-0.996477,0.063249,0.055077,-0.064085,-0.997853,-0.013534,0.054103,-0.017016,0.998390,0,0.95174,-0.03342,57.104,-0.067,-1,425.000,-1,425.000,-1,350.000,325.000,300.000,300.000,925.000,400.000,650.000,-1,-1,1000.000,-1,-1,2,0,2,0,2,0,0,0,0,0,0,0,2,2,0,2,2
12,-2069.876,-7572.017,406.786,-176.440,-0.996692,0.062084,0.052442,-0.062926,-0.997912,-0.014562,0.051429,-0.017813,0.998518,0,0.95174,-0.03342,57.104,-0.067,-1,425.000,-1,425.000,-1,350.000,325.000,300.000,300.000,975.000,500.000,800.000,-1,-1,1000.000,-1,-1,2,0,2,0,2,0,0,0,0,0,0,0,2,2,0,2,2
13,-2126.901,-7575.498,409.167,-176.507,-0.996899,0.060918,0.049809,-0.061763,-0.997969,-0.015597,0.048758,-0.018625,0.998637,0,0.95218,-0.03346,57.131,-0.067,-1,425.000,-1,400.000,-1,325.000,325.000,300.000,300.000,-1,625.000,900.000,-1,-1,-1,-1,-1,2,0,2,0,2,0,0,0,0,2,0,0,2,2,2,2,2
14,-2184.175,-7578.926,411.554,-176.574,-0.997099,0.059740,0.047168,-0.060583,-0.998024,-0.016645,0.046080,-0.019455,0.998748,0,0.95628,-0.03377,57.377,-0.068,-1,425.000,-1,400.000,-1,325.000,325.000,300.000,300.000,-1,800.000,-1,-1,-1,-1,-1,-1,2,0,2,0,2,0,0,0,0,2,0,2,2,2,2,2,2
15,-2241.699,-7582.301,413.947,-176.643,-0.997291,0.058552,0.044518,-0.059388,-0.998078,-0.017705,0.043396,-0.020301,0.998852,0,0.96040,-0.03410,57.624,-0.068,-1,425.000,-1,400.000,-1,325.000,325.000,300.000,300.000,-1,975.000,-1,-1,-1,-1,-1,-1,2,0,2,0,2,0,0,0,0,2,0,2,2,2,2,2,2
16,-2299.476,-7585.621,416.346,-176.711,-0.997476,0.057351,0.041859,-0.058176,-0.998130,-0.018776,0.040704,-0.021163,0.998947,0,0.96454,-0.03443,57.872,-0.069,-1,425.000,-1,400.000,-1,325.000,325.000,300.000,300.000,-1,-1,-1,-1,-1,-1,-1,-1,2,0,2,0,2,0,0,0,0,2,2,2,2,2,2,2,2
17,-2357.505,-7588.885,418.751,-176.781,-0.997653,0.056138,0.039193,-0.056948,-0.998180,-0.019857,0.038006,-0.022043,0.999034,0,0.96869,-0.03478,58.121,-0.070,-1,425.000,-1,425.000,-1,325.000,325.000,300.000,300.000,-1,-1,-1,-1,-1,1000.000,-1,-1,2,0,2,0,2,0,0,0,0,2,2,2,2,2,1,2,2
18,-2410.758,-7591.592,420.959,-177.091,-0.998035,0.050744,0.036748,-0.051532,-0.998454,-0.020821,0.035634,-0.022674,0.999108,0,0.88869,-0.15478,53.321,-0.310,-1,425.000,-1,425.000,-1,350.000,325.000,300.000,300.000,-1,-1,-1,-1,1000.000,950.000,-1,-1,2,0,2,0,2,0,0,0,0,2,2,2,2,1,1,2,2
19,-2459.237,-7593.599,422.976,-177.630,-0.998548,0.041347,0.034525,-0.042109,-0.998879,-0.021641,0.033591,-0.023063,0.999170,0,0.80869,-0.26955,48.521,-0.539,-1,450.000,-1,425.000,-1,350.000,350.000,300.000,300.000,-1,-1,-1,-1,950.000,925.000,-1,-1,2,0,2,0,2,0,0,0,0,2,2,2,2,1,1,2,2
20,-2502.936,-7594.996,424.800,-178.169,-0.998960,0.031944,0.032525,-0.032680,-0.999216,-0.022341,0.031786,-0.023381,0.999221,0,0.72869,-0.26961,43.721,-0.539,-1,450.000,1000.000,450.000,-1,350.000,350.000,300.000,300.000,-1,-1,-1,-1,900.000,900.000,-1,-1,2,0,1,0,2,0,0,0,0,2,2,2,2,1,1,2,2
21,-2541.848,-7595.874,426.430,-178.708,-0.999273,0.022540,0.030749,-0.023250,-0.999467,-0.022924,0.030216,-0.023622,0.999264,0,0.64869,-0.26957,38.921,-0.539,-1,450.000,975.000,450.000,-1,350.000,350.000,300.000,300.000,-1,-1,-1,-1,850.000,850.000,975.000,-1,2,0,1,0,2,0,0,0,0,2,2,2,2,1,1,1,2
22,-2577.473,-7596.342,427.930,-179.247,-0.999489,0.013138,0.029127,-0.013823,-0.999630,-0.023420,0.028808,-0.023811,0.999301,0,0.59380,-0.26946,35.628,-0.539,-1,450.000,925.000,450.000,-1,350.000,350.000,300.000,300.000,-1,-1,-1,-1,825.000,825.000,950.000,-1,2,0,1,0,2,0,0,0,0,2,2,2,2,1,1,1,2
23,-2613.255,-7596.476,429.443,-179.786,-0.999615,0.003742,0.027502,-0.004399,-0.999705,-0.023890,0.027404,-0.024002,0.999336,0,0.59639,-0.26928,35.783,-0.539,-1,475.000,900.000,450.000,-1,375.000,350.000,300.000,300.000,-1,-1,-1,-1,775.000,800.000,900.000,-1,2,0,1,0,2,0,0,0,0,2,2,2,2,1,1,1,2
24,-2649.194,-7596.273,429.807,-180.324,-0.999664,-0.005647,0.025287,0.005031,-0.999691,-0.024354,0.025417,-0.024219,0.999384,0,0.59898,-0.26905,35.939,-0.538,1000.000,475.000,850.000,450.000,-1,375.000,350.000,300.000,300.000,-1,-1,-1,-1,750.000,775.000,850.000,-1,1,0,1,0,2,0,0,0,0,2,2,2,2,1,1,1,2
25,-2685.284,-7595.731,429.740,-180.861,-0.999647,-0.015026,0.021918,0.014480,-0.999586,-0.024844,0.022282,-0.024517,0.999451,0,0.60158,-0.26877,36.095,-0.538,925.000,450.000,800.000,450.000,-1,350.000,350.000,300.000,300.000,-1,-1,-1,-1,700.000,750.000,800.000,-1,1,0,1,0,2,0,0,0,0,2,2,2,2,1,1,1,2
26,-2721.525,-7594.847,429.681,-181.398,-0.999531,-0.024391,0.018536,0.023920,-0.999395,-0.025266,0.019141,-0.024811,0.999509,0,0.60420,-0.26844,36.252,-0.537,850.000,450.000,775.000,450.000,-1,350.000,350.000,300.000,300.000,-1,-1,-1,-1,675.000,725.000,750.000,-1,1,0,1,0,2,0,0,0,0,2,2,2,2,1,1,1,2
27,-2757.914,-7593.618,429.631,-181.934,-0.999316,-0.033741,0.015141,0.033346,-0.999115,-0.025620,0.015993,-0.025098,0.999557,0,0.60682,-0.26805,36.409,-0.536,775.000,450.000,725.000,450.000,-1,350.000,350.000,300.000,300.000,-1,-1,-1,-1,625.000,675.000,700.000,-1,1,0,1,0,2,0,0,0,0,2,2,2,2,1,1,1,2
28,-2794.447,-7592.043,429.588,-182.469,-0.999003,-0.043072,0.011736,0.042757,-0.998750,-0.025906,0.012837,-0.025378,0.999596,0,0.60945,-0.26760,36.567,-0.535,725.000,450.000,675.000,425.000,-1,350.000,350.000,300.000,300.000,-1,-1,-1,-1,600.000,650.000,675.000,-1,1,0,1,0,2,0,0,0,0,2,2,2,2,1,1,1,2
29,-2831.122,-7590.119,429.555,-183.004,-0.998593,-0.052381,0.008320,0.052148,-0.998298,-0.026121,0.009674,-0.025650,0.999624,0,0.61209,-0.26709,36.726,-0.534,675.000,450.000,650.000,425.000,-1,350.000,350.000,275.000,300.000,-1,-1,-1,-1,550.000,625.000,625.000,-1,1,0,1,0,2,0,0,0,0,2,2,2,2,1,1,1,2
30,-2867.936,-7587.844,429.531,-183.537,-0.998085,-0.061666,0.004894,0.061517,-0.997760,-0.026265,0.006503,-0.025914,0.999643,0,0.61474,-0.26652,36.884,-0.533,625.000,425.000,600.000,425.000,-1,350.000,350.000,275.000,275.000,-1,-1,-1,-1,525.000,575.000,575.000,-1,1,0,1,0,2,0,0,0,0,2,2,2,2,1,1,1,2
31,-2904.886,-7585.216,429.516,-184.068,-0.997481,-0.070922,0.001460,0.070860,-0.997139,-0.026337,0.003324,-0.026167,0.999652,0,0.61738,-0.26588,37.043,-0.532,575.000,425.000,575.000,425.000,-1,350.000,350.000,275.000,275.000,-1,-1,-1,-1,475.000,550.000,525.000,-1,1,1,1,0,2,0,0,0,0,2,2,2,2,1,1,1,2
32,-2941.968,-7582.233,429.511,-184.599,-0.996781,-0.080148,-0.001982,0.080173,-0.996433,-0.026336,0.000135,-0.026410,0.999651,0,0.62003,-0.26516,37.202,-0.530,525.000,400.000,525.000,425.000,-1,350.000,350.000,300.000,275.000,-1,-1,-1,-1,450.000,525.000,475.000,-1,1,1,1,1,2,0,0,0,0,2,2,2,2,1,1,1,2
33,-2979.180,-7578.895,429.517,-185.127,-0.995986,-0.089340,-0.005432,0.089452,-0.995645,-0.026261,-0.003062,-0.026641,0.999640,0,0.62268,-0.26437,37.361,-0.529,475.000,375.000,500.000,400.000,-1,325.000,325.000,300.000,275.000,-1,-1,-1,-1,400.000,500.000,450.000,-1,1,1,1,1,2,0,0,0,0,2,2,2,2,1,1,1,2
34,-3016.517,-7575.198,429.533,-185.654,-0.995098,-0.098493,-0.008887,0.098694,-0.994775,-0.026110,-0.006269,-0.026859,0.999620,0,0.62533,-0.26351,37.520,-0.527,425.000,325.000,450.000,375.000,-1,300.000,325.000,300.000,275.000,-1,-1,-1,-1,375.000,450.000,400.000,-1,1,1,1,1,2,1,1,0,0,2,2,2,2,1,1,1,2
35,-3053.977,-7571.143,429.559,-186.180,-0.994117,-0.107605,-0.012347,0.107895,-0.993825,-0.025884,-0.009486,-0.027064,0.999589,0,0.62798,-0.26255,37.679,-0.525,375.000,300.000,400.000,350.000,-1,275.000,300.000,300.000,275.000,-1,-1,-1,-1,325.000,425.000,350.000,650.000,1,1,1,1,2,1,1,0,0,2,2,2,2,1,1,1,1
36,-3091.556,-7566.727,429.597,-186.703,-0.993045,-0.116672,-0.015811,0.117050,-0.992797,-0.025580,-0.012713,-0.027253,0.999548,0,0.63062,-0.26151,37.837,-0.523,325.000,275.000,375.000,325.000,-1,250.000,275.000,300.000,275.000,-1,-1,-1,-1,300.000,400.000,300.000,575.000,1,1,1,1,2,1,1,0,0,2,2,2,2,1,1,1,1
37,-3129.249,-7561.950,429.647,-187.223,-0.991882,-0.125690,-0.019278,0.126155,-0.991690,-0.025199,-0.015951,-0.027427,0.999497,0,0.63325,-0.26037,37.995,-0.521,300.000,250.000,325.000,275.000,-1,225.000,250.000,300.000,300.000,-1,-1,-1,-1,275.000,350.000,275.000,525.000,1,1,1,1,2,1,1,0,0,2,2,2,2,1,1,1,1
38,-3167.053,-7556.811,429.708,-187.742,-0.990632,-0.134654,-0.022747,0.135205,-0.990509,-0.024740,-0.019200,-0.027584,0.999435,0,0.63586,-0.25912,38.152,-0.518,250.000,200.000,300.000,250.000,-1,200.000,225.000,300.000,300.000,-1,-1,-1,-1,225.000,325.000,225.000,475.000,1,1,1,1,2,1,1,0,0,2,2,2,2,1,1,1,1
39,-3204.964,-7551.309,429.782,-188.257,-0.989294,-0.143560,-0.026217,0.144195,-0.989253,-0.024201,-0.022461,-0.027723,0.999363,0,0.63846,-0.25776,38.308,-0.516,200.000,175.000,250.000,225.000,-1,175.000,200.000,300.000,300.000,-1,-1,-1,-1,200.000,300.000,175.000,400.000,1,1,1,1,2,1,1,0,0,2,2,2,2,1,1,1,1
40,-3242.977,-7545.446,429.645,-188.770,-0.987890,-0.152399,-0.029112,0.153126,-0.987901,-0.024585,-0.025012,-0.028745,0.999274,0,0.64103,-0.25628,38.462,-0.513,150.000,150.000,225.000,200.000,-1,150.000,175.000,325.000,300.000,-1,-1,-1,-1,175.000,250.000,150.000,375.000,1,1,1,1,2,1,1,0,0,2,2,2,2,1,1,1,1
41,-3285.685,-7538.554,438.078,-189.157,-0.987250,-0.159141,0.003415,0.159157,-0.987241,0.004960,0.002582,0.005441,0.999982,0,0.72103,-0.19376,43.262,-0.388,150.000,150.000,225.000,200.000,-1,125.000,175.000,425.000,275.000,-1,-1,-1,-1,150.000,250.000,125.000,425.000,1,1,1,1,2,1,1,0,0,2,2,2,2,1,1,1,1
42,-3333.087,-7530.604,448.131,-189.541,-0.985174,-0.165593,0.044837,0.167315,-0.985178,0.037826,0.037908,0.044767,0.998278,0,0.80103,-0.19208,48.062,-0.384,125.000,125.000,225.000,200.000,-1,125.000,175.000,550.000,275.000,-1,-1,175.000,-1,150.000,275.000,125.000,-1,1,1,1,1,2,1,1,0,0,2,2,0,2,1,1,1,2
43,7543.281,-6231.704,388.698,-169.880,-0.985184,0.170973,-0.013460,-0.169404,-0.957891,0.231835,0.026744,0.230681,0.972662,1,0.00000,0.00000,52.862,-0.380,875.000,475.000,-1,300.000,275.000,325.000,300.000,225.000,250.000,-1,100.000,175.000,-1,1000.000,475.000,-1,325.000,1,0,2,0,0,1,1,1,0,2,1,1,2,0,0,2,0
44,6231.340,-2295.767,69.983,-158.553,-0.924163,0.365631,0.110623,-0.364199,-0.930714,0.033620,0.115251,-0.009218,0.993294,1,0.00000,0.00000,4.800,-0.240,-1,450.000,-1,575.000,150.000,400.000,425.000,275.000,175.000,625.000,125.000,175.000,650.000,875.000,-1,-1,-1,2,0,2,0,1,0,0,0,1,0,0,0,1,0,2,2,2
45,6226.865,-2297.503,70.454,-158.793,-0.925605,0.361729,0.111387,-0.360310,-0.932237,0.033331,0.115896,-0.009282,0.993218,0,0.08000,-0.12000,4.800,-0.240,-1,450.000,-1,575.000,150.000,400.000,425.000,275.000,175.000,625.000,125.000,175.000,650.000,875.000,-1,-1,-1,2,0,2,0,1,0,0,0,1,0,0,0,1,0,2,2,2
46,6217.885,-2300.901,71.405,-159.273,-0.928436,0.353906,0.112947,-0.352518,-0.935233,0.032706,0.117207,-0.009451,0.993063,0,0.16000,-0.24000,9.600,-0.480,-1,450.000,-1,575.000,150.000,400.000,425.000,275.000,175.000,625.000,125.000,175.000,650.000,875.000,-1,-1,-1,2,0,2,0,1,0,0,0,1,0,0,0,1,0,2,2,2
47,6204.354,-2305.827,72.849,-159.993,-0.932546,0.342125,0.115359,-0.340799,-0.939603,0.031650,0.119220,-0.009799,0.992820,0,0.24000,-0.36000,14.400,-0.720,-1,475.000,-1,575.000,150.000,400.000,425.000,275.000,175.000,625.000,125.000,175.000,650.000,900.000,-1,-1,-1,2,0,2,0,1,0,0,0,1,0,0,0,1,0,2,2,2
48,6186.204,-2312.093,74.807,-160.953,-0.937772,0.326332,0.118704,-0.325117,-0.945197,0.030013,0.121993,-0.010447,0.992476,0,0.32000,-0.48000,19.200,-0.960,-1,475.000,-1,600.000,125.000,425.000,450.000,275.000,150.000,600.000,125.000,175.000,675.000,925.000,-1,-1,-1,2,0,2,0,1,0,0,0,1,0,0,0,1,0,2,2,2
49,6163.358,-2319.448,77.313,-162.153,-0.943890,0.306462,0.123099,-0.305438,-0.951812,0.027575,0.125618,-0.011572,0.992011,0,0.40000,-0.60000,24.000,-1.200,-1,475.000,-1,625.000,125.000,425.000,450.000,275.000,150.000,600.000,125.000,175.000,700.000,950.000,-1,-1,-1,2,0,2,0,1,0,0,0,1,0,0,0,1,0,2,2,2
50,7543.251,4263.538,-160.827,-114.250,-0.403640,0.907864,-0.113387,-0.912135,-0.408969,-0.027458,-0.071300,0.092341,0.993171,1,0.00000,0.00000,28.800,-1.440,-1,375.000,-1,400.000,-1,325.000,325.000,300.000,300.000,-1,-1,-1,-1,700.000,775.000,-1,-1,2,0,2,0,2,0,0,0,0,2,2,2,2,0,0,2,2
51,7541.261,4259.170,-161.163,-114.490,-0.407411,0.906151,-0.113607,-0.910421,-0.412771,-0.027443,-0.071762,0.092249,0.993147,0,0.08000,-0.12000,4.800,-0.240,-1,375.000,-1,400.000,-1,325.000,325.000,300.000,300.000,-1,-1,-1,-1,700.000,775.000,-1,-1,2,0,2,0,2,0,0,0,0,2,2,2,2,0,0,2,2
52,7537.208,4250.467,-161.843,-114.970,-0.414930,0.902677,-0.114047,-0.906945,-0.420355,-0.027410,-0.072683,0.092061,0.993097,0,0.16000,-0.24000,9.600,-0.480,-1,375.000,-1,400.000,-1,325.000,325.000,300.000,300.000,-1,-1,-1,-1,700.000,775.000,-1,-1,2,0,2,0,2,0,0,0,0,2,2,2,2,0,0,2,2
53,7530.965,4237.490,-162.884,-115.690,-0.426155,0.897348,-0.114706,-0.901613,-0.431677,-0.027352,-0.074060,0.091764,0.993023,0,0.24000,-0.36000,14.400,-0.720,-1,375.000,-1,400.000,-1,325.000,325.000,300.000,300.000,-1,-1,-1,-1,700.000,775.000,-1,-1,2,0,2,0,2,0,0,0,0,2,2,2,2,0,0,2,2
54,7522.351,4220.330,-164.305,-116.650,-0.441018,0.890025,-0.115580,-0.894284,-0.446669,-0.027257,-0.075885,0.091341,0.992924,0,0.32000,-0.48000,19.200,-0.960,-1,375.000,-1,400.000,-1,325.000,325.000,300.000,300.000,-1,-1,-1,-1,700.000,775.000,-1,-1,2,0,2,0,2,0,0,0,0,2,2,2,2,0,0,2,2
55,7511.138,4199.109,-166.135,-117.850,-0.459425,0.880522,-0.116664,-0.884772,-0.465234,-0.027109,-0.078146,0.090767,0.992801,0,0.40000,-0.60000,24.000,-1.200,-1,375.000,-1,400.000,-1,325.000,325.000,300.000,300.000,-1,-1,-1,-1,700.000,750.000,-1,-1,2,0,2,0,2,0,0,0,0,2,2,2,2,0,0,2,2
56,7497.046,4173.991,-168.409,-119.290,-0.481250,0.868612,-0.117947,-0.872849,-0.487249,-0.026887,-0.080824,0.090010,0.992656,0,0.48000,-0.72000,28.800,-1.440,-1,375.000,-1,400.000,-1,325.000,325.000,300.000,300.000,-1,-1,-1,-1,700.000,750.000,-1,-1,2,0,2,0,2,0,0,0,0,2,2,2,2,0,0,2,2
57,7479.753,4145.180,-171.168,-120.970,-0.506335,0.854029,-0.119411,-0.858246,-0.512550,-0.026568,-0.083894,0.089032,0.992489,0,0.56000,-0.84000,33.600,-1.680,-1,375.000,-1,400.000,-1,325.000,325.000,300.000,300.000,-1,-1,-1,-1,700.000,750.000,-1,-1,2,0,2,0,2,0,0,0,0,2,2,2,2,0,0,2,2
58,7458.897,4112.935,-174.659,-122.890,-0.534474,0.836530,-0.120639,-0.840605,-0.540975,-0.027023,-0.087868,0.086967,0.992329,0,0.64000,-0.96000,38.400,-1.920,-1,375.000,-1,400.000,-1,325.000,325.000,300.000,300.000,-1,-1,-1,-1,700.000,725.000,-1,-1,2,0,2,0,2,0,0,0,0,2,2,2,2,0,0,2,2
59,7434.183,4077.501,-178.750,-124.890,-0.563154,0.817300,-0.121981,-0.821221,-0.569950,-0.027433,-0.091944,0.084725,0.992153,0,0.72000,-1.00000,43.200,-2.000,-1,375.000,-1,400.000,-1,325.000,325.000,300.000,300.000,-1,-1,-1,-1,700.000,700.000,-1,-1,2,0,2,0,2,0,0,0,0,2,2,2,2,0,0,2,2
60,7405.366,4039.111,-183.457,-126.890,-0.591139,0.797060,-0.123492,-0.800838,-0.598238,-0.027733,-0.095983,0.082503,0.991958,0,0.80000,-1.00000,48.000,-2.000,-1,375.000,-1,400.000,1000.000,325.000,325.000,300.000,300.000,-1,-1,-1,-1,675.000,700.000,-1,-1,2,0,2,0,1,0,0,0,0,2,2,2,2,0,0,2,2
61,7372.213,3998.015,-188.640,-128.890,-0.618414,0.775790,-0.125354,-0.779544,-0.625767,-0.026985,-0.099377,0.081031,0.991745,0,0.88000,-1.00000,52.800,-2.000,-1,375.000,-1,400.000,950.000,325.000,325.000,300.000,300.000,-1,-1,-1,-1,675.000,675.000,-1,-1,2,0,2,0,1,0,0,0,0,2,2,2,2,0,0,2,2
62,7337.267,3957.660,-194.007,-130.890,-0.644956,0.753557,-0.127213,-0.757327,-0.652528,-0.025740,-0.102407,0.079741,0.991541,0,0.88970,-1.00000,53.382,-2.000,-1,375.000,-1,375.000,875.000,325.000,325.000,300.000,300.000,-1,-1,-1,-1,675.000,675.000,-1,1000.000,2,0,2,0,1,0,0,0,0,2,2,2,2,0,0,2,1
63,7300.880,3918.494,-199.555,-132.890,-0.670731,0.730403,-0.128963,-0.734198,-0.678501,-0.024265,-0.105224,0.078410,0.991352,0,0.89097,-1.00000,53.458,-2.000,-1,375.000,-1,375.000,825.000,325.000,325.000,300.000,300.000,-1,-1,-1,-1,675.000,650.000,-1,925.000,2,0,2,0,1,0,0,0,0,2,2,2,2,0,0,2,1
64,7262.706,3880.177,-205.007,-134.890,-0.695929,0.706420,-0.129053,-0.710115,-0.703719,-0.022721,-0.106868,0.075830,0.991377,0,0.90144,-1.00000,54.087,-2.000,-1,375.000,-1,375.000,775.000,325.000,325.000,300.000,300.000,-1,-1,-1,-1,675.000,650.000,-1,875.000,2,0,2,0,1,0,0,0,0,2,2,2,2,0,0,2,1
65,7223.091,3843.097,-210.398,-136.890,-0.720399,0.681609,-0.128200,-0.685094,-0.728136,-0.021549,-0.108035,0.072305,0.991514,0,0.90434,-1.00000,54.260,-2.000,-1,375.000,-1,375.000,750.000,325.000,300.000,300.000,300.000,-1,-1,-1,-1,675.000,650.000,-1,825.000,2,0,2,0,1,0,0,0,0,2,2,2,2,0,0,2,1
66,7182.070,3807.304,-215.891,-138.890,-0.744007,0.655961,-0.127157,-0.659198,-0.751685,-0.020672,-0.109141,0.068441,0.991667,0,0.90733,-1.00000,54.440,-2.000,-1,375.000,-1,375.000,700.000,300.000,300.000,300.000,300.000,-1,-1,-1,-1,650.000,650.000,-1,775.000,2,0,2,0,1,0,0,0,0,2,2,2,2,0,0,2,1
67,7139.683,3772.848,-221.532,-140.890,-0.766727,0.629497,-0.125950,-0.632473,-0.774327,-0.019865,-0.110032,0.064429,0.991838,0,0.91041,-1.00000,54.625,-2.000,-1,375.000,-1,375.000,650.000,300.000,300.000,300.000,300.000,-1,-1,-1,-1,650.000,650.000,-1,700.000,2,0,2,0,1,0,0,0,0,2,2,2,2,0,0,2,1
68,7095.967,3739.778,-227.480,-142.890,-0.788637,0.602270,-0.123783,-0.604903,-0.796063,-0.019359,-0.110198,0.059610,0.992120,0,0.91358,-1.00000,54.815,-2.000,-1,375.000,-1,375.000,600.000,300.000,300.000,300.000,300.000,-1,-1,-1,-1,650.000,625.000,-1,650.000,2,0,2,0,1,0,0,0,0,2,2,2,2,0,1,2,1
69,7050.964,3708.142,-233.647,-144.890,-0.809644,0.574295,-0.121090,-0.576541,-0.816844,-0.019134,-0.109900,0.054322,0.992457,0,0.91684,-1.00000,55.010,-2.000,-1,375.000,-1,375.000,575.000,300.000,300.000,300.000,300.000,-1,-1,-1,-1,650.000,600.000,-1,600.000,2,0,2,0,1,0,0,0,0,2,2,2,2,0,1,2,1
70,7004.717,3677.985,-239.866,-146.890,-0.829669,0.545582,-0.118280,-0.547477,-0.836611,-0.018726,-0.109171,0.049219,0.992804,0,0.92017,-1.00000,55.210,-2.000,-1,350.000,-1,375.000,525.000,300.000,300.000,300.000,300.000,-1,-1,-1,-1,625.000,550.000,-1,550.000,2,0,2,0,1,0,0,0,0,2,2,2,2,0,1,2,1
71,6957.271,3649.354,-245.530,-148.890,-0.848675,0.516113,-0.115662,-0.517996,-0.855243,-0.015491,-0.106914,0.046766,0.993168,0,0.92359,-1.00000,55.415,-2.000,-1,375.000,-1,375.000,500.000,300.000,300.000,300.000,300.000,-1,-1,-1,-1,650.000,525.000,-1,525.000,2,0,2,0,1,0,0,0,0,2,2,2,2,0,1,2,1
72,6913.067,3624.698,-250.670,-150.847,-0.866187,0.486661,-0.113495,-0.488540,-0.872452,-0.012520,-0.105111,0.044602,0.993460,0,0.84359,-0.97828,50.615,-1.957,-1,375.000,-1,375.000,450.000,300.000,300.000,300.000,300.000,-1,-1,450.000,-1,650.000,500.000,-1,475.000,2,0,2,0,1,0,0,0,0,2,2,0,2,0,1,2,1
73,6867.995,3601.540,-255.883,-152.805,-0.882699,0.456615,-0.111109,-0.458474,-0.888655,-0.009708,-0.103170,0.042372,0.993761,0,0.84457,-0.97890,50.674,-1.958,-1,375.000,-1,375.000,425.000,300.000,300.000,300.000,300.000,-1,425.000,400.000,-1,650.000,450.000,975.000,425.000,2,0,2,1,1,0,0,0,0,2,0,0,2,0,1,0,1
74,6821.974,3579.849,-261.181,-154.764,-0.898187,0.426013,-0.108506,-0.427836,-0.903829,-0.007065,-0.101080,0.040076,0.994071,0,0.84795,-0.97943,50.877,-1.959,-1,375.000,-1,350.000,375.000,300.000,300.000,300.000,300.000,-1,400.000,375.000,-1,625.000,425.000,950.000,375.000,2,0,2,1,1,0,0,0,0,2,0,0,2,0,1,0,1
75,6775.048,3559.663,-266.558,-156.723,-0.912628,0.394892,-0.105695,-0.396662,-0.917953,-0.004612,-0.098844,0.037716,0.994388,0,0.85140,-0.97987,51.084,-1.960,-1,375.000,-1,325.000,325.000,300.000,300.000,325.000,300.000,-1,375.000,350.000,-1,625.000,400.000,900.000,350.000,2,0,2,1,1,0,1,0,0,2,0,0,2,0,1,0,1
76,6727.262,3541.017,-272.009,-158.684,-0.926000,0.363290,-0.102688,-0.364992,-0.931008,-0.002366,-0.096463,0.035289,0.994711,0,0.85492,-0.98023,51.295,-1.960,975.000,375.000,-1,300.000,300.000,300.000,275.000,325.000,275.000,-1,350.000,325.000,-1,600.000,375.000,875.000,300.000,0,1,2,1,1,1,1,0,0,2,0,0,2,1,1,0,1
77,6678.664,3523.947,-277.531,-160.645,-0.938284,0.331247,-0.099495,-0.332866,-0.942974,-0.000346,-0.093936,0.032794,0.995038,0,0.85849,-0.98050,51.510,-1.961,925.000,350.000,925.000,250.000,250.000,275.000,250.000,325.000,275.000,-1,350.000,300.000,-1,575.000,325.000,850.000,250.000,0,1,1,1,1,1,1,0,0,2,0,0,2,1,1,0,1
78,6629.302,3508.484,-282.800,-162.606,-0.949403,0.298814,-0.096662,-0.300223,-0.953869,0.000044,-0.092190,0.029062,0.995317,0,0.86213,-0.98068,51.728,-1.961,875.000,325.000,700.000,225.000,225.000,250.000,225.000,300.000,275.000,-1,350.000,325.000,-1,525.000,300.000,800.000,225.000,0,1,1,1,1,1,1,0,0,2,0,0,2,1,1,0,1
79,6579.228,3494.661,-284.615,-164.568,-0.960520,0.266081,-0.081249,-0.266176,-0.963874,-0.009855,-0.080936,0.012160,0.996645,0,0.86582,-0.98078,51.949,-1.962,850.000,300.000,675.000,225.000,200.000,250.000,225.000,300.000,300.000,-1,275.000,300.000,-1,525.000,275.000,825.000,200.000,0,1,1,1,1,1,1,0,0,2,0,0,2,1,1,0,1
80,6528.494,3482.505,-284.851,-166.529,-0.970616,0.232935,-0.060388,-0.231773,-0.972431,-0.025680,-0.064705,-0.010929,0.997845,0,0.86956,-0.98080,52.174,-1.962,850.000,300.000,725.000,225.000,200.000,250.000,200.000,275.000,350.000,975.000,200.000,275.000,-1,525.000,275.000,900.000,200.000,0,1,1,1,1,1,1,0,0,0,0,0,2,1,1,0,1
81,6477.149,3472.044,-283.872,-168.491,-0.979082,0.199442,-0.040270,-0.197962,-0.979476,-0.037930,-0.047008,-0.029165,0.998469,0,0.87336,-0.98074,52.401,-1.961,925.000,300.000,900.000,225.000,200.000,250.000,200.000,275.000,400.000,725.000,175.000,250.000,-1,550.000,275.000,950.000,200.000,0,1,1,1,1,1,1,0,0,0,0,0,2,1,1,0,1
82,6425.249,3463.311,-280.865,-170.452,-0.986028,0.165749,-0.016642,-0.164925,-0.985391,-0.042473,-0.023439,-0.039135,0.998959,0,0.87719,-0.98059,52.632,-1.961,-1,325.000,-1,225.000,200.000,250.000,200.000,275.000,450.000,625.000,150.000,225.000,-1,675.000,275.000,-1,200.000,2,1,2,1,1,1,1,0,0,0,0,0,2,1,1,2,1
83,6372.848,3456.328,-277.826,-172.413,-0.991242,0.131879,0.006917,-0.132059,-0.990053,-0.048539,0.000447,-0.049027,0.998797,0,0.88107,-0.98038,52.864,-1.961,-1,325.000,-1,225.000,225.000,250.000,200.000,300.000,500.000,550.000,100.000,200.000,-1,800.000,275.000,-1,200.000,2,1,2,1,1,1,1,0,0,0,0,0,2,1,1,2,1
84,-5575.368,1639.839,108.646,-79.321,0.188806,0.977562,0.093411,-0.981356,0.184340,0.054405,0.035965,-0.101942,0.994140,1,0.00000,0.00000,53.099,-1.960,-1,300.000,-1,250.000,350.000,250.000,225.000,275.000,625.000,700.000,300.000,100.000,275.000,975.000,-1,-1,325.000,2,1,2,1,1,1,1,0,1,0,1,1,1,1,2,2,1
85,2950.906,1644.588,76.685,99.317,-0.169908,-0.984241,0.049006,0.976506,-0.161467,0.142701,-0.132539,0.072101,0.988552,1,0.08000,-0.12000,4.800,-0.240,-1,400.000,-1,400.000,-1,325.000,325.000,325.000,300.000,-1,-1,800.000,-1,775.000,825.000,-1,-1,2,0,2,0,2,0,0,0,0,2,2,1,2,0,0,2,2
86,2949.432,1654.074,75.401,98.837,-0.161623,-0.985645,0.048813,0.977743,-0.153229,0.143319,-0.133782,0.070890,0.988472,0,0.16000,-0.24000,9.600,-0.480,-1,400.000,-1,400.000,-1,325.000,325.000,325.000,300.000,-1,-1,850.000,-1,775.000,825.000,-1,-1,2,0,2,0,2,0,0,0,0,2,2,1,2,0,0,2,2
87,2947.400,1668.331,73.462,98.117,-0.149174,-0.987618,0.048558,0.979465,-0.140850,0.144254,-0.135628,0.069080,0.988349,0,0.24000,-0.36000,14.400,-0.720,-1,400.000,-1,400.000,-1,325.000,325.000,325.000,300.000,-1,-1,900.000,-1,750.000,825.000,-1,-1,2,0,2,0,2,0,0,0,0,2,2,1,2,0,0,2,2
88,2945.010,1687.383,70.852,97.157,-0.132535,-0.990002,0.048279,0.981517,-0.124303,0.145512,-0.138056,0.066673,0.988178,0,0.32000,-0.48000,19.200,-0.960,-1,400.000,-1,400.000,-1,325.000,325.000,325.000,300.000,-1,-1,-1,-1,750.000,825.000,-1,-1,2,0,2,0,2,0,0,0,0,2,2,2,2,0,0,2,2
89,2942.522,1711.255,67.554,95.957,-0.111682,-0.992583,0.048028,0.983685,-0.103563,0.147103,-0.141038,0.063673,0.987954,0,0.40000,-0.60000,24.000,-1.200,-1,400.000,-1,400.000,-1,325.000,325.000,325.000,300.000,-1,-1,-1,-1,750.000,800.000,-1,-1,2,0,2,0,2,0,0,0,0,2,2,2,2,0,0,2,2
90,2940.166,1739.959,63.557,94.696,-0.089733,-0.994816,0.047841,0.985447,-0.081721,0.149047,-0.144365,0.060520,0.987672,0,0.48000,-0.63022,28.800,-1.260,-1,400.000,-1,400.000,-1,325.000,325.000,325.000,300.000,-1,-1,-1,-1,725.000,800.000,-1,-1,2,0,2,0,2,0,0,0,0,2,2,2,2,0,0,2,2
91,2938.152,1773.500,58.851,93.440,-0.067838,-0.996553,0.047757,0.986663,-0.059912,0.151350,-0.147968,0.057387,0.987326,0,0.56000,-0.62782,33.600,-1.256,-1,375.000,-1,400.000,-1,325.000,325.000,325.000,300.000,-1,-1,-1,-1,725.000,800.000,-1,-1,2,0,2,0,2,0,0,0,0,2,2,2,2,0,0,2,2
92,2936.687,1811.874,53.421,92.190,-0.046026,-0.997795,0.047812,0.987332,-0.038163,0.154013,-0.151849,0.054295,0.986911,0,0.64000,-0.62505,38.400,-1.250,-1,375.000,-1,400.000,-1,325.000,325.000,325.000,325.000,-1,-1,-1,-1,700.000,775.000,-1,-1,2,0,2,0,2,0,0,0,0,2,2,2,2,0,0,2,2
93,2935.975,1855.069,47.254,90.947,-0.024324,-0.998549,0.048045,0.987455,-0.016498,0.157037,-0.156016,0.051262,0.986423,0,0.72000,-0.62189,43.200,-1.244,-1,375.000,-1,400.000,-1,300.000,325.000,325.000,325.000,-1,-1,-1,-1,700.000,775.000,-1,-1,2,0,2,0,2,0,0,0,0,2,2,2,2,0,0,2,2
94,2936.210,1901.065,40.625,89.710,-0.002753,-0.998821,0.048477,0.987058,0.005058,0.160282,-0.160339,0.048291,0.985880,0,0.76658,-0.61836,45.995,-1.237,-1,375.000,-1,400.000,-1,300.000,300.000,325.000,325.000,-1,-1,-1,-1,675.000,750.000,-1,-1,2,0,2,0,2,0,0,0,0,2,2,2,2,0,0,2,2
95,2937.436,1947.223,33.907,88.481,0.018678,-0.998619,0.049101,0.986177,0.026488,0.163565,-0.164640,0.045368,0.985310,0,0.76954,-0.61462,46.172,-1.229,-1,375.000,-1,375.000,-1,300.000,300.000,325.000,325.000,-1,-1,-1,-1,675.000,750.000,-1,-1,2,0,2,0,2,0,0,0,0,2,2,2,2,0,0,2,2
96,2939.654,1993.518,26.579,87.259,0.040056,-0.997943,0.050051,0.985280,0.047780,0.164133,-0.166187,0.042740,0.985168,0,0.77246,-0.61088,46.348,-1.222,-1,375.000,-1,375.000,-1,300.000,300.000,325.000,325.000,-1,-1,-1,-1,650.000,725.000,-1,-1,2,0,2,0,2,0,0,0,0,2,2,2,2,0,0,2,2
97,2942.864,2039.928,19.077,86.045,0.061281,-0.996792,0.051488,0.984232,0.068923,0.162903,-0.165930,0.040694,0.985298,0,0.77536,-0.60714,46.521,-1.214,-1,375.000,-1,375.000,-1,300.000,300.000,325.000,325.000,-1,-1,-1,-1,650.000,725.000,-1,-1,2,0,2,0,2,0,0,0,0,2,2,2,2,0,0,2,2
98,2947.066,2086.432,11.503,84.838,0.082342,-0.995198,0.052917,0.982738,0.089909,0.161687,-0.165668,0.038690,0.985422,0,0.77823,-0.60341,46.694,-1.207,1000.000,375.000,-1,400.000,-1,300.000,300.000,325.000,325.000,-1,-1,-1,-1,650.000,725.000,1000.000,-1,0,0,2,0,2,0,0,0,0,2,2,2,2,0,0,0,2
99,2952.259,2133.008,3.856,83.638,0.103235,-0.993172,0.054324,0.980809,0.110728,0.160480,-0.165400,0.036714,0.985543,0,0.78107,-0.59968,46.864,-1.199,1000.000,375.000,-1,400.000,-1,300.000,325.000,325.000,325.000,-1,-1,-1,-1,650.000,700.000,975.000,-1,0,0,2,0,2,0,0,0,0,2,2,2,2,0,0,0,2
100,2958.443,2179.632,-3.865,82.446,0.123953,-0.990724,0.055695,0.978453,0.131373,0.159282,-0.165121,0.034752,0.985661,0,0.78388,-0.59596,47.033,-1.192,975.000,375.000,-1,400.000,-1,300.000,325.000,325.000,325.000,-1,-1,-1,-1,625.000,700.000,950.000,-1,0,0,2,0,2,0,0,0,0,2,2,2,2,0,0,0,2
101,2965.614,2226.284,-11.659,81.262,0.144491,-0.987862,0.057017,0.975681,0.151834,0.158091,-0.164829,0.032788,0.985777,0,0.78667,-0.59224,47.200,-1.184,950.000,375.000,-1,400.000,-1,300.000,325.000,325.000,325.000,-1,-1,-1,-1,625.000,675.000,925.000,-1,0,0,2,0,2,0,0,0,0,2,2,2,2,0,0,0,2
102,2973.770,2272.941,-19.528,80.085,0.164844,-0.984597,0.058276,0.972502,0.172106,0.156907,-0.164520,0.030808,0.985892,0,0.78942,-0.58852,47.365,-1.177,925.000,375.000,-1,400.000,-1,325.000,325.000,300.000,325.000,-1,-1,-1,-1,625.000,675.000,900.000,-1,0,0,2,0,2,0,0,0,0,2,2,2,2,0,0,0,2
103,2982.908,2319.582,-27.471,78.915,0.185006,-0.980937,0.059458,0.968924,0.192179,0.155733,-0.164191,0.028799,0.986008,0,0.79214,-0.58482,47.528,-1.170,875.000,375.000,-1,400.000,-1,325.000,325.000,300.000,325.000,-1,-1,-1,-1,600.000,650.000,875.000,-1,0,0,2,0,2,0,0,0,0,2,2,2,2,0,0,0,2
104,2993.025,2366.187,-35.490,77.753,0.204972,-0.976893,0.060549,0.964958,0.212049,0.154569,-0.163837,0.026745,0.986125,0,0.79483,-0.58111,47.690,-1.162,850.000,375.000,-1,400.000,-1,325.000,325.000,300.000,325.000,-1,-1,-1,-1,600.000,650.000,850.000,-1,0,0,2,0,2,0,0,0,0,2,2,2,2,0,0,0,2
105,3004.116,2412.733,-43.585,76.598,0.224740,-0.972474,0.061536,0.960611,0.231707,0.153420,-0.163455,0.024633,0.986243,0,0.79749,-0.57742,47.850,-1.155,825.000,350.000,-1,375.000,-1,300.000,325.000,300.000,325.000,-1,-1,-1,-1,575.000,650.000,825.000,-1,0,0,2,0,2,0,0,0,0,2,2,2,2,0,0,0,2
106,3016.176,2459.201,-51.756,75.451,0.244304,-0.967688,0.062406,0.955894,0.251148,0.152288,-0.163041,0.022449,0.986364,0,0.80012,-0.57373,48.007,-1.147,800.000,350.000,-1,375.000,-1,300.000,300.000,300.000,325.000,-1,-1,-1,-1,575.000,625.000,775.000,-1,0,0,2,0,2,0,0,0,0,2,2,2,2,0,0,0,2
107,3029.190,2505.526,-59.996,74.309,0.263697,-0.962537,0.063145,0.950804,0.270400,0.151182,-0.162593,0.020172,0.986487,0,0.80199,-0.57109,48.119,-1.142,750.000,350.000,-1,375.000,-1,300.000,300.000,300.000,325.000,-1,-1,-1,-1,550.000,625.000,750.000,-1,0,0,2,0,2,0,0,0,0,2,2,2,2,0,0,0,2
108,3043.137,2551.618,-68.188,73.165,0.282939,-0.956985,0.064230,0.945284,0.289567,0.150299,-0.162432,0.018191,0.986552,0,0.80260,-0.57176,48.156,-1.144,725.000,325.000,-1,350.000,-1,300.000,300.000,300.000,325.000,-1,-1,-1,-1,550.000,600.000,725.000,1000.000,0,0,2,0,2,0,0,0,0,2,2,2,2,0,0,0,0
109,3058.039,2597.526,-75.641,72.018,0.301775,-0.950973,0.067689,0.939810,0.308665,0.146574,-0.160282,0.019383,0.986881,0,0.80443,-0.57370,48.266,-1.147,725.000,325.000,-1,350.000,-1,275.000,300.000,300.000,325.000,-1,-1,525.000,-1,550.000,600.000,725.000,975.000,0,0,2,0,2,0,0,0,0,2,2,0,2,0,0,0,0
110,3074.656,2646.087,-83.404,71.110,0.316402,-0.945908,0.071752,0.935519,0.323666,0.141575,-0.157141,0.022331,0.987324,0,0.85545,-0.45370,51.327,-0.907,725.000,325.000,-1,350.000,-1,275.000,300.000,325.000,300.000,-1,-1,350.000,-1,550.000,600.000,725.000,950.000,0,0,2,0,2,0,0,0,0,2,2,0,2,0,0,0,0
111,3091.877,2694.562,-91.119,70.443,0.327035,-0.942002,0.075370,0.932357,0.334637,0.136853,-0.154138,0.025516,0.987720,0,0.85740,-0.33370,51.444,-0.667,725.000,325.000,-1,350.000,-1,275.000,275.000,325.000,300.000,-1,-1,300.000,-1,550.000,575.000,700.000,925.000,0,0,2,0,2,0,0,0,0,2,2,0,2,0,0,0,0
112,3109.497,2743.015,-98.360,70.016,0.333955,-0.939429,0.077112,0.930452,0.341636,0.132450,-0.150772,0.027517,0.988186,0,0.85932,-0.21370,51.559,-0.427,725.000,325.000,-1,350.000,-1,275.000,275.000,325.000,300.000,-1,-1,300.000,-1,550.000,575.000,700.000,900.000,0,0,2,0,2,0,0,0,0,2,2,0,2,0,0,0,0
113,3127.314,2791.512,-104.881,69.828,0.337457,-0.938311,0.075464,0.930087,0.344709,0.126944,-0.145126,0.027350,0.989035,0,0.86115,-0.09370,51.669,-0.187,725.000,350.000,-1,350.000,-1,275.000,275.000,325.000,300.000,-1,500.000,300.000,-1,550.000,600.000,700.000,900.000,0,0,2,0,2,0,0,0,0,2,0,0,2,0,0,0,0
114,3145.121,2840.123,-111.394,69.881,0.337007,-0.938620,0.073613,0.931148,0.343844,0.121389,-0.139249,0.027636,0.989872,0,0.86286,0.02630,51.772,0.053,750.000,350.000,-1,350.000,-1,275.000,300.000,325.000,325.000,-1,400.000,275.000,-1,550.000,600.000,700.000,925.000,0,0,2,0,2,0,0,0,0,2,0,0,2,0,0,0,0
115,3162.711,2888.911,-117.894,70.173,0.332600,-0.940344,0.071619,0.933623,0.339040,0.115761,-0.133137,0.028363,0.990692,0,0.86441,0.14630,51.865,0.293,750.000,350.000,-1,350.000,-1,300.000,300.000,325.000,325.000,-1,350.000,250.000,-1,550.000,600.000,725.000,925.000,0,0,2,0,2,0,0,0,0,2,0,0,2,0,0,0,0
116,3180.000,2937.893,-124.388,70.558,0.326669,-0.942576,0.069553,0.936586,0.332713,0.110040,-0.126862,0.029195,0.991491,0,0.86576,0.19228,51.945,0.385,775.000,350.000,-1,350.000,-1,300.000,300.000,325.000,325.000,-1,275.000,225.000,-1,550.000,600.000,725.000,925.000,0,0,2,0,2,0,0,0,0,2,0,0,2,0,0,0,0
117,3196.987,2987.053,-130.881,70.937,0.320819,-0.944737,0.067438,0.939447,0.326462,0.104223,-0.120479,0.029918,0.992265,0,0.86691,0.18953,52.014,0.379,775.000,350.000,-1,375.000,-1,300.000,300.000,300.000,350.000,-1,225.000,200.000,-1,550.000,600.000,750.000,925.000,0,0,2,0,2,0,0,0,0,2,0,0,2,0,0,0,0
118,3213.672,3036.378,-137.372,71.310,0.315054,-0.946826,0.065278,0.942204,0.320293,0.098309,-0.113990,0.030532,0.993013,0,0.86788,0.18669,52.073,0.373,800.000,350.000,-1,375.000,-1,300.000,300.000,300.000,350.000,-1,200.000,200.000,-1,550.000,600.000,750.000,950.000,0,0,2,0,2,0,0,0,0,2,0,0,2,0,0,0,0
119,3230.055,3085.854,-143.859,71.678,0.309374,-0.948847,0.063074,0.944856,0.314208,0.092302,-0.107399,0.031040,0.993731,0,0.86866,0.18376,52.120,0.368,825.000,350.000,-1,375.000,-1,300.000,300.000,300.000,350.000,-1,200.000,175.000,-1,550.000,600.000,775.000,950.000,0,0,2,0,2,0,0,0,0,2,0,0,2,0,0,0,0
120,3246.137,3135.466,-150.342,72.039,0.303781,-0.950798,0.060828,0.947404,0.308211,0.086204,-0.100710,0.031442,0.994419,0,0.86925,0.18076,52.155,0.362,850.000,350.000,-1,375.000,1000.000,300.000,300.000,300.000,350.000,-1,175.000,150.000,-1,550.000,600.000,800.000,975.000,0,0,2,0,1,0,0,0,0,2,0,0,2,0,0,0,0
121,3261.917,3185.200,-156.625,72.395,0.298170,-0.952659,0.059463,0.949820,0.302298,0.080362,-0.094533,0.032517,0.994990,0,0.86964,0.17768,52.178,0.355,925.000,350.000,-1,350.000,1000.000,300.000,300.000,300.000,350.000,-1,175.000,150.000,-1,575.000,600.000,800.000,975.000,0,0,2,0,1,0,0,0,0,2,0,0,2,0,0,1,0
122,3277.397,3235.040,-161.932,72.744,0.292237,-0.954319,0.062232,0.952126,0.296437,0.074706,-0.089742,0.037421,0.995262,0,0.86983,0.17454,52.190,0.349,-1,350.000,975.000,350.000,975.000,300.000,300.000,300.000,325.000,-1,175.000,175.000,-1,575.000,600.000,775.000,950.000,2,0,1,0,1,0,0,0,0,2,0,0,2,0,0,1,0
123,3292.577,3284.970,-166.782,73.086,0.286382,-0.955815,0.066361,0.954467,0.290645,0.067215,-0.083533,0.044090,0.995529,0,0.86981,0.17135,52.189,0.343,-1,350.000,950.000,350.000,950.000,300.000,300.000,300.000,325.000,-1,200.000,175.000,-1,575.000,600.000,800.000,925.000,2,0,1,0,1,0,0,0,0,2,0,0,2,0,0,1,0
124,3307.460,3334.976,-171.436,73.423,0.280699,-0.957228,0.070165,0.956644,0.284949,0.060304,-0.077718,0.050196,0.995711,0,0.86958,0.16812,52.175,0.336,-1,350.000,900.000,350.000,925.000,300.000,300.000,325.000,300.000,-1,225.000,175.000,-1,600.000,575.000,800.000,900.000,2,0,1,0,1,0,0,0,0,2,0,0,2,0,0,1,1
125,3322.365,3386.462,-174.800,73.853,0.273700,-0.959271,0.069915,0.958997,0.277736,0.056450,-0.073569,0.051598,0.995954,0,0.89334,0.21501,53.600,0.430,-1,350.000,875.000,350.000,925.000,300.000,300.000,325.000,300.000,-1,250.000,225.000,-1,575.000,575.000,775.000,875.000,2,0,1,0,1,0,0,0,0,2,0,0,2,1,0,1,1
126,3336.946,3438.280,-177.640,74.283,0.266904,-0.961352,0.067566,0.961324,0.270528,0.051673,-0.067954,0.051161,0.996376,0,0.89719,0.21521,53.832,0.430,-1,350.000,825.000,350.000,925.000,300.000,300.000,325.000,325.000,-1,275.000,250.000,-1,575.000,600.000,775.000,850.000,2,0,1,0,1,0,0,0,0,2,0,0,2,1,0,1,1
127,3351.199,3490.430,-180.445,74.714,0.260074,-0.963381,0.065261,0.963577,0.263300,0.046834,-0.062302,0.050703,0.996769,0,0.90107,0.21538,54.064,0.431,-1,350.000,775.000,350.000,925.000,300.000,300.000,325.000,325.000,-1,325.000,275.000,-1,550.000,600.000,750.000,850.000,2,0,1,0,1,0,0,0,0,2,0,0,2,1,1,1,1
128,3365.119,3542.913,-183.216,75.145,0.253211,-0.965358,0.063001,0.965753,0.256051,0.041933,-0.056612,0.050226,0.997132,0,0.90496,0.21551,54.298,0.431,-1,350.000,750.000,350.000,925.000,300.000,300.000,325.000,325.000,-1,325.000,325.000,-1,525.000,575.000,725.000,825.000,2,0,1,0,1,0,0,0,0,2,0,0,2,1,1,1,1
129,3378.702,3595.726,-185.952,75.576,0.246316,-0.967281,0.060789,0.967853,0.248785,0.036973,-0.050886,0.049728,0.997466,0,0.90888,0.21560,54.533,0.431,-1,375.000,700.000,350.000,925.000,300.000,300.000,325.000,325.000,-1,325.000,325.000,-1,500.000,550.000,700.000,800.000,2,1,1,0,1,0,0,0,0,2,0,0,2,1,1,1,1
130,3391.944,3648.869,-188.654,76.007,0.239391,-0.969152,0.058627,0.969874,0.241502,0.031954,-0.045126,0.049211,0.997768,0,0.91281,0.21567,54.769,0.431,-1,350.000,650.000,375.000,950.000,300.000,300.000,325.000,325.000,-1,275.000,275.000,-1,475.000,525.000,675.000,775.000,2,1,1,0,1,0,0,0,0,2,0,0,2,1,1,1,1
131,3404.841,3702.340,-191.323,76.439,0.232437,-0.970968,0.056515,0.971816,0.234205,0.026878,-0.039333,0.048675,0.998040,0,0.91677,0.21569,55.006,0.431,-1,325.000,625.000,350.000,1000.000,300.000,300.000,325.000,325.000,-1,250.000,250.000,-1,450.000,500.000,650.000,750.000,2,1,1,1,1,1,1,0,0,2,0,0,2,1,1,1,1
132,3417.390,3756.140,-193.959,76.870,0.225457,-0.972730,0.054456,0.973677,0.226894,0.021746,-0.033509,0.048120,0.998279,0,0.92074,0.21568,55.244,0.431,-1,300.000,575.000,325.000,-1,275.000,275.000,300.000,325.000,-1,225.000,225.000,-1,425.000,475.000,600.000,725.000,2,1,1,1,2,1,1,0,0,2,0,0,2,1,1,1,1
