timestep,x_cm,y_cm,z_cm,yaw_deg,basis_xx,basis_xy,basis_xz,basis_yx,basis_yy,basis_yz,basis_zx,basis_zy,basis_zz,teleport_flag,throttle_cmd,steering_cmd,cmd_move_cm,cmd_turn_deg,lidar_cm_0,lidar_cm_1,lidar_cm_2,lidar_cm_3,lidar_cm_4,lidar_cm_5,lidar_cm_6,lidar_cm_7,lidar_cm_8,lidar_cm_9,lidar_cm_10,lidar_cm_11,lidar_cm_12,lidar_cm_13,lidar_cm_14,lidar_cm_15,lidar_cm_16,lidar_class_0,lidar_class_1,lidar_class_2,lidar_class_3,lidar_class_4,lidar_class_5,lidar_class_6,lidar_class_7,lidar_class_8,lidar_class_9,lidar_class_10,lidar_class_11,lidar_class_12,lidar_class_13,lidar_class_14,lidar_class_15,lidar_class_16
0,-6236.023,-6232.478,99.555,-166.609,-0.972856,0.231411,-0.000945,-0.231182,-0.972057,-0.040746,-0.010348,-0.039422,0.999169,1,0.08000,-0.04576,4.800,-0.092,-1,375.000,-1,400.000,-1,325.000,325.000,300.000,325.000,-1,-1,-1,-1,725.000,775.000,-1,-1,2,0,2,0,2,0,0,0,0,2,2,2,2,0,0,2,2
1,-6245.366,-6234.686,99.456,-166.701,-0.973224,0.229859,-0.000847,-0.229636,-0.972430,-0.040592,-0.010154,-0.039310,0.999175,0,0.16000,-0.04576,9.600,-0.092,-1,375.000,-1,400.000,-1,325.000,325.000,300.000,325.000,-1,-1,-1,-1,725.000,775.000,-1,-1,2,0,2,0,2,0,0,0,0,2,2,2,2,0,0,2,2
2,-6259.385,-6237.976,99.311,-166.792,-0.973589,0.228307,-0.000698,-0.228094,-0.972802,-0.040363,-0.009894,-0.039138,0.999185,0,0.24000,-0.04576,14.400,-0.092,-1,375.000,-1,400.000,-1,325.000,325.000,300.000,325.000,-1,-1,-1,-1,725.000,775.000,-1,-1,2,0,2,0,2,0,0,0,0,2,2,2,2,0,0,2,2
3,-6278.084,-6242.333,99.121,-166.884,-0.973952,0.226755,-0.000496,-0.226553,-0.973174,-0.040063,-0.009567,-0.038907,0.999197,0,0.32000,-0.04576,19.200,-0.092,-1,375.000,-1,400.000,-1,325.000,325.000,300.000,325.000,-1,-1,-1,-1,725.000,775.000,-1,-1,2,0,2,0,2,0,0,0,0,2,2,2,2,0,0,2,2
4,-6301.467,-6247.742,98.890,-166.975,-0.974312,0.225202,-0.000241,-0.225016,-0.973546,-0.039694,-0.009174,-0.038620,0.999212,0,0.40000,-0.04576,24.000,-0.092,-1,375.000,-1,400.000,-1,325.000,325.000,300.000,325.000,-1,-1,-1,-1,725.000,775.000,-1,-1,2,0,2,0,2,0,0,0,0,2,2,2,2,0,0,2,2
5,-6329.536,-6254.188,98.620,-167.067,-0.974670,0.223650,0.000068,-0.223480,-0.973918,-0.039258,-0.008714,-0.038278,0.999229,0,0.48000,-0.04576,28.800,-0.092,-1,375.000,-1,400.000,-1,325.000,325.000,300.000,325.000,-1,-1,-1,-1,725.000,775.000,-1,-1,2,0,2,0,2,0,0,0,0,2,2,2,2,0,0,2,2
6,-6362.296,-6261.655,98.317,-167.158,-0.975024,0.222097,0.000434,-0.221947,-0.974288,-0.038759,-0.008185,-0.037887,0.999249,0,0.56000,-0.04576,33.600,-0.092,-1,375.000,-1,400.000,-1,325.000,325.000,300.000,325.000,-1,-1,-1,-1,725.000,775.000,-1,-1,2,0,2,0,2,0,0,0,0,2,2,2,2,0,0,2,2
7,-6399.749,-6270.130,97.983,-167.250,-0.975377,0.220544,0.000859,-0.220415,-0.974658,-0.038201,-0.007588,-0.037450,0.999270,0,0.64000,-0.04576,38.400,-0.092,-1,375.000,-1,400.000,-1,325.000,325.000,300.000,325.000,-1,-1,-1,-1,725.000,775.000,-1,-1,2,0,2,0,2,0,0,0,0,2,2,2,2,0,0,2,2
8,-6441.899,-6279.596,97.625,-167.341,-0.975726,0.218991,0.001345,-0.218886,-0.975026,-0.037590,-0.006920,-0.036972,0.999292,0,0.72000,-0.04576,43.200,-0.092,-1,375.000,-1,400.000,-1,325.000,325.000,300.000,325.000,-1,-1,-1,-1,725.000,775.000,-1,-1,2,0,2,0,2,0,0,0,0,2,2,2,2,0,0,2,2
9,-6488.749,-6290.040,97.248,-167.433,-0.976072,0.217437,0.001896,-0.217358,-0.975393,-0.036930,-0.006181,-0.036459,0.999316,0,0.80000,-0.04576,48.000,-0.092,-1,375.000,-1,400.000,-1,325.000,325.000,300.000,325.000,-1,-1,-1,-1,750.000,800.000,-1,-1,2,0,2,0,2,0,0,0,0,2,2,2,2,0,0,2,2
10,-6539.720,-6301.317,96.857,-167.524,-0.976416,0.215883,0.002323,-0.215824,-0.975759,-0.036261,-0.005562,-0.035907,0.999340,0,0.87005,-0.04576,52.203,-0.092,-1,400.000,-1,400.000,-1,325.000,325.000,300.000,325.000,-1,-1,-1,-1,750.000,800.000,-1,-1,2,0,2,0,2,0,0,0,0,2,2,2,2,0,0,2,2
11,-6590.708,-6312.512,96.450,-167.616,-0.976758,0.214329,0.002587,-0.214285,-0.976126,-0.035499,-0.005083,-0.035228,0.999366,0,0.87005,-0.04576,52.203,-0.092,-1,400.000,-1,400.000,-1,325.000,325.000,300.000,325.000,-1,-1,-1,-1,750.000,800.000,-1,-1,2,0,2,0,2,0,0,0,0,2,2,2,2,0,0,2,2
12,-6641.715,-6323.626,96.094,-167.708,-0.977098,0.212775,0.002609,-0.212737,-0.976493,-0.034694,-0.004834,-0.034454,0.999395,0,0.87005,-0.04576,52.203,-0.092,-1,400.000,-1,400.000,-1,325.000,325.000,300.000,325.000,-1,-1,-1,-1,750.000,800.000,-1,-1,2,0,2,0,2,0,0,0,0,2,2,2,2,0,0,2,2
13,-6692.739,-6334.658,95.728,-167.799,-0.977435,0.211220,0.002460,-0.211180,-0.976853,-0.034085,-0.004797,-0.033835,0.999416,0,0.87005,-0.04576,52.203,-0.092,-1,400.000,-1,400.000,-1,325.000,325.000,300.000,325.000,-1,-1,-1,-1,750.000,800.000,-1,-1,2,0,2,0,2,0,0,0,0,2,2,2,2,0,0,2,2
14,-6743.780,-6345.609,95.384,-167.891,-0.977771,0.209663,0.002301,-0.209622,-0.977209,-0.033491,-0.004773,-0.033229,0.999436,0,0.87005,-0.04576,52.203,-0.092,-1,400.000,-1,400.000,-1,325.000,325.000,300.000,325.000,-1,-1,-1,-1,750.000,825.000,-1,-1,2,0,2,0,2,0,0,0,0,2,2,2,2,0,0,2,2
15,-6794.839,-6356.478,95.064,-167.982,-0.978104,0.208106,0.002132,-0.208063,-0.977562,-0.032913,-0.004765,-0.032636,0.999456,0,0.87005,-0.04576,52.203,-0.092,-1,400.000,-1,400.000,-1,325.000,325.000,300.000,325.000,-1,-1,-1,-1,750.000,825.000,-1,-1,2,0,2,0,2,0,0,0,0,2,2,2,2,0,0,2,2
16,-6845.916,-6367.266,94.767,-168.074,-0.978434,0.206548,0.001954,-0.206502,-0.977911,-0.032350,-0.004771,-0.032056,0.999475,0,0.87005,-0.04576,52.203,-0.092,-1,400.000,-1,400.000,-1,325.000,325.000,300.000,325.000,-1,-1,-1,-1,750.000,825.000,-1,-1,2,0,2,0,2,0,0,0,0,2,2,2,2,0,0,2,2
17,-6897.009,-6377.972,94.492,-168.165,-0.978763,0.204989,0.001766,-0.204941,-0.978258,-0.031802,-0.004792,-0.031488,0.999493,0,0.87005,-0.04576,52.203,-0.092,-1,400.000,-1,400.000,-1,325.000,325.000,300.000,325.000,-1,-1,-1,-1,750.000,825.000,-1,-1,2,0,2,0,2,0,0,0,0,2,2,2,2,0,0,2,2
18,-6948.120,-6388.597,94.240,-168.257,-0.979088,0.203430,0.001568,-0.203379,-0.978601,-0.031268,-0.004827,-0.030933,0.999510,0,0.87005,-0.04576,52.203,-0.092,-1,400.000,-1,400.000,-1,325.000,325.000,300.000,325.000,-1,-1,-1,-1,750.000,825.000,-1,-1,2,0,2,0,2,0,0,0,0,2,2,2,2,0,0,2,2
19,-6999.247,-6399.140,94.010,-168.348,-0.979411,0.201870,0.001360,-0.201816,-0.978941,-0.030749,-0.004876,-0.030390,0.999526,0,0.87005,-0.04576,52.203,-0.092,-1,400.000,-1,400.000,-1,325.000,325.000,300.000,325.000,-1,-1,-1,-1,750.000,825.000,-1,-1,2,0,2,0,2,0,0,0,0,2,2,2,2,0,0,2,2
20,-7050.392,-6409.601,93.790,-168.440,-0.979732,0.200309,0.001097,-0.200251,-0.979279,-0.030206,-0.004976,-0.029813,0.999543,0,0.87005,-0.04576,52.203,-0.092,-1,400.000,-1,400.000,-1,325.000,325.000,300.000,325.000,-1,-1,-1,-1,750.000,825.000,-1,-1,2,0,2,0,2,0,0,0,0,2,2,2,2,0,0,2,2
21,-7101.552,-6419.981,93.568,-168.531,-0.980050,0.198749,0.000740,-0.198683,-0.979617,-0.029606,-0.005159,-0.029163,0.999561,0,0.87005,-0.04576,52.203,-0.092,-1,400.000,-1,400.000,-1,325.000,325.000,300.000,325.000,-1,-1,-1,-1,750.000,825.000,-1,-1,2,0,2,0,2,0,0,0,0,2,2,2,2,0,0,2,2
22,-7147.985,-6429.526,93.381,-168.383,-0.979532,0.201290,0.000418,-0.201217,-0.979115,-0.029068,-0.005442,-0.028558,0.999577,0,0.79005,0.07424,47.403,0.148,-1,400.000,-1,400.000,-1,325.000,325.000,300.000,325.000,-1,-1,-1,-1,750.000,825.000,-1,-1,2,0,2,0,2,0,0,0,0,2,2,2,2,0,0,2,2
23,-7189.656,-6438.387,93.110,-167.994,-0.978144,0.207929,0.000086,-0.207849,-0.977754,-0.028197,-0.005779,-0.027598,0.999602,0,0.71005,0.19424,42.603,0.388,-1,400.000,-1,400.000,-1,325.000,325.000,300.000,325.000,-1,-1,-1,-1,750.000,825.000,-1,-1,2,0,2,0,2,0,0,0,0,2,2,2,2,0,0,2,2
24,-7229.571,-6447.334,92.757,-167.366,-0.975803,0.218649,-0.000525,-0.218555,-0.975449,-0.027086,-0.006434,-0.026316,0.999633,0,0.68176,0.31424,40.906,0.628,-1,400.000,-1,400.000,-1,325.000,325.000,300.000,325.000,-1,-1,-1,-1,750.000,825.000,-1,-1,2,0,2,0,2,0,0,0,0,2,2,2,2,0,0,2,2
25,-7269.346,-6456.885,92.388,-166.497,-0.972376,0.233417,-0.001092,-0.233310,-0.972054,-0.026025,-0.007136,-0.025052,0.999661,0,0.68176,0.43424,40.906,0.868,-1,400.000,-1,400.000,-1,325.000,325.000,300.000,325.000,-1,-1,-1,-1,750.000,825.000,-1,-1,2,0,2,0,2,0,0,0,0,2,2,2,2,0,0,2,2
26,-7308.929,-6467.203,91.948,-165.389,-0.967678,0.252184,-0.001565,-0.252066,-0.967381,-0.025239,-0.007879,-0.024029,0.999680,0,0.68176,0.55424,40.906,1.108,-1,400.000,-1,400.000,-1,325.000,325.000,300.000,325.000,-1,-1,-1,-1,725.000,825.000,-1,-1,2,0,2,0,2,0,0,0,0,2,2,2,2,0,0,2,2
27,-7348.257,-6478.450,91.459,-164.040,-0.961475,0.274885,-0.002114,-0.274752,-0.961198,-0.024695,-0.008821,-0.023163,0.999693,0,0.68176,0.67424,40.906,1.348,-1,400.000,-1,400.000,-1,325.000,325.000,300.000,325.000,-1,-1,-1,-1,725.000,825.000,-1,-1,2,0,2,0,2,0,0,0,0,2,2,2,2,0,0,2,2
28,-7387.308,-6490.629,90.971,-162.679,-0.954671,0.297651,-0.002630,-0.297504,-0.954414,-0.024204,-0.009714,-0.022325,0.999704,0,0.68176,0.68073,40.906,1.361,-1,400.000,-1,400.000,-1,325.000,325.000,300.000,300.000,-1,-1,-1,-1,725.000,800.000,-1,-1,2,0,2,0,2,0,0,0,0,2,2,2,2,0,0,2,2
29,-7426.058,-6503.731,90.484,-161.318,-0.947328,0.320249,-0.003108,-0.320090,-0.947089,-0.023768,-0.010555,-0.021522,0.999713,0,0.68176,0.68073,40.906,1.361,-1,375.000,-1,400.000,-1,325.000,325.000,300.000,300.000,-1,-1,-1,-1,725.000,800.000,-1,-1,2,0,2,0,2,0,0,0,0,2,2,2,2,0,0,2,2
30,-7464.486,-6517.751,90.001,-159.956,-0.939450,0.342667,-0.003544,-0.342497,-0.939228,-0.023384,-0.011342,-0.020754,0.999720,0,0.68176,0.68073,40.906,1.361,-1,375.000,-1,400.000,-1,325.000,325.000,300.000,325.000,-1,-1,-1,-1,725.000,800.000,-1,-1,2,0,2,0,2,0,0,0,0,2,2,2,2,0,0,2,2
31,-7502.570,-6532.680,89.577,-158.595,-0.931042,0.364893,-0.003855,-0.364719,-0.930839,-0.022786,-0.011903,-0.019809,0.999733,0,0.68176,0.68073,40.906,1.361,-1,375.000,-1,400.000,-1,325.000,325.000,300.000,325.000,-1,-1,-1,-1,700.000,800.000,-1,-1,2,0,2,0,2,0,0,0,0,2,2,2,2,0,0,2,2
32,-7540.288,-6548.510,89.177,-157.233,-0.922107,0.386914,-0.004108,-0.386738,-0.921924,-0.022150,-0.012358,-0.018836,0.999746,0,0.68176,0.68073,40.906,1.361,-1,375.000,-1,400.000,-1,325.000,325.000,300.000,325.000,-1,-1,-1,-1,700.000,800.000,-1,-1,2,0,2,0,2,0,0,0,0,2,2,2,2,0,0,2,2
33,-7577.620,-6565.231,88.787,-155.872,-0.912651,0.408716,-0.004327,-0.408540,-0.912486,-0.021553,-0.012758,-0.017903,0.999758,0,0.68176,0.68073,40.906,1.361,-1,375.000,-1,400.000,-1,325.000,325.000,300.000,325.000,-1,-1,-1,-1,700.000,800.000,-1,-1,2,0,2,0,2,0,0,0,0,2,2,2,2,0,0,2,2
34,-7614.544,-6582.834,88.408,-154.510,-0.902681,0.430288,-0.004511,-0.430112,-0.902532,-0.020994,-0.013104,-0.017011,0.999769,0,0.68176,0.68073,40.906,1.361,-1,375.000,-1,400.000,-1,325.000,325.000,300.000,325.000,-1,-1,-1,-1,700.000,775.000,-1,-1,2,0,2,0,2,0,0,0,0,2,2,2,2,0,0,2,2
35,-7651.039,-6601.310,88.016,-153.149,-0.892200,0.451617,-0.004632,-0.451444,-0.892067,-0.020355,-0.013325,-0.016070,0.999782,0,0.68176,0.68073,40.906,1.361,-1,375.000,-1,400.000,-1,325.000,325.000,300.000,325.000,-1,-1,-1,-1,700.000,775.000,-1,-1,2,0,2,0,2,0,0,0,0,2,2,2,2,0,0,2,2
36,-7687.085,-6620.648,87.609,-151.787,-0.881215,0.472692,-0.004695,-0.472525,-0.881099,-0.019611,-0.013406,-0.015063,0.999797,0,0.68176,0.68073,40.906,1.361,-1,375.000,-1,400.000,-1,325.000,325.000,300.000,325.000,-1,-1,-1,-1,700.000,775.000,-1,-1,2,0,2,0,2,0,0,0,0,2,2,2,2,0,0,2,2
37,-7722.662,-6640.836,87.144,-150.426,-0.869732,0.493502,-0.004675,-0.493347,-0.869635,-0.018559,-0.013225,-0.013835,0.999817,0,0.68176,0.68073,40.906,1.361,-1,375.000,-1,400.000,-1,325.000,325.000,300.000,325.000,-1,-1,-1,-1,700.000,775.000,-1,-1,2,0,2,0,2,0,0,0,0,2,2,2,2,0,0,2,2
38,-7757.748,-6661.865,86.625,-149.064,-0.857757,0.514034,-0.004597,-0.513896,-0.857680,-0.017206,-0.012788,-0.012396,0.999841,0,0.68176,0.68073,40.906,1.361,-1,375.000,-1,400.000,-1,325.000,325.000,300.000,325.000,-1,-1,-1,-1,700.000,775.000,-1,-1,2,0,2,0,2,0,0,0,0,2,2,2,2,0,0,2,2
39,-7792.325,-6683.720,86.125,-147.703,-0.845298,0.534276,-0.004521,-0.534154,-0.845238,-0.015883,-0.012307,-0.011011,0.999864,0,0.68176,0.68073,40.906,1.361,-1,375.000,-1,400.000,-1,325.000,325.000,300.000,325.000,-1,-1,-1,-1,700.000,775.000,-1,-1,2,0,2,0,2,0,0,0,0,2,2,2,2,0,0,2,2
40,-7826.373,-6706.392,85.597,-146.342,-0.832360,0.554216,-0.004660,-0.554108,-0.832318,-0.014521,-0.011926,-0.009505,0.999884,0,0.68176,0.68073,40.906,1.361,-1,375.000,-1,400.000,-1,325.000,325.000,300.000,325.000,-1,-1,-1,-1,700.000,775.000,-1,-1,2,0,2,0,2,0,0,0,0,2,2,2,2,0,0,2,2
41,-7859.873,-6729.866,85.089,-144.980,-0.818951,0.573843,-0.004811,-0.573748,-0.818926,-0.013199,-0.011515,-0.008049,0.999901,0,0.68176,0.68073,40.906,1.361,-1,375.000,-1,400.000,-1,325.000,325.000,300.000,325.000,-1,-1,-1,-1,700.000,750.000,-1,-1,2,0,2,0,2,0,0,0,0,2,2,2,2,0,0,2,2
42,-7892.806,-6754.129,84.602,-143.619,-0.805081,0.593144,-0.004967,-0.593062,-0.805069,-0.011921,-0.011069,-0.006652,0.999917,0,0.68176,0.68073,40.906,1.361,-1,375.000,-1,400.000,-1,325.000,325.000,300.000,300.000,-1,-1,-1,-1,700.000,750.000,-1,-1,2,0,2,0,2,0,0,0,0,2,2,2,2,0,0,2,2
43,-7925.152,-6779.168,84.138,-142.257,-0.790756,0.612110,-0.005124,-0.612040,-0.790755,-0.010686,-0.010593,-0.005314,0.999930,0,0.68176,0.68073,40.906,1.361,-1,375.000,-1,400.000,-1,300.000,325.000,300.000,300.000,-1,-1,-1,-1,700.000,750.000,-1,-1,2,0,2,0,2,0,0,0,0,2,2,2,2,0,0,2,2
44,-7956.895,-6804.968,83.698,-140.896,-0.775985,0.630729,-0.005281,-0.630670,-0.775993,-0.009498,-0.010089,-0.004039,0.999941,0,0.68176,0.68073,40.906,1.361,-1,375.000,-1,400.000,-1,300.000,325.000,300.000,300.000,-1,-1,-1,-1,700.000,750.000,-1,-1,2,0,2,0,2,0,0,0,0,2,2,2,2,0,0,2,2
45,-7988.016,-6831.516,83.224,-139.534,-0.760779,0.648990,-0.005141,-0.648943,-0.760790,-0.008413,-0.009371,-0.003064,0.999951,0,0.68176,0.68073,40.906,1.361,-1,375.000,-1,400.000,-1,300.000,325.000,300.000,300.000,-1,-1,-1,-1,700.000,750.000,-1,-1,2,0,2,0,2,0,0,0,0,2,2,2,2,0,0,2,2
46,-8018.592,-6858.876,82.779,-138.176,-0.745188,0.666837,-0.004879,-0.666800,-0.745200,-0.007377,-0.008555,-0.002244,0.999961,0,0.68384,0.67889,41.030,1.358,-1,375.000,-1,400.000,-1,300.000,325.000,300.000,300.000,-1,1000.000,900.000,-1,700.000,725.000,-1,-1,2,0,2,0,2,0,0,0,0,2,0,0,2,0,0,2,2
47,-8048.645,-6887.074,82.441,-136.825,-0.729253,0.684231,-0.004239,-0.684203,-0.729263,-0.006418,-0.007482,-0.001780,0.999970,0,0.68685,0.67585,41.211,1.352,-1,375.000,-1,400.000,-1,325.000,325.000,300.000,325.000,-1,825.000,750.000,-1,700.000,725.000,-1,-1,2,0,2,0,2,0,0,0,0,2,0,0,2,0,0,2,2
48,-8078.146,-6916.085,82.128,-135.480,-0.712992,0.701163,-0.003608,-0.701143,-0.713000,-0.005463,-0.006403,-0.001366,0.999979,0,0.68958,0.67258,41.375,1.345,-1,375.000,-1,400.000,-1,325.000,325.000,300.000,325.000,-1,725.000,600.000,-1,700.000,750.000,-1,-1,2,0,2,0,2,0,0,0,0,2,0,0,2,0,0,2,2
49,-8107.062,-6945.881,81.900,-134.141,-0.696423,0.717624,-0.003295,-0.717610,-0.696431,-0.004486,-0.005514,-0.000760,0.999985,0,0.69201,0.66912,41.521,1.338,-1,375.000,-1,400.000,-1,325.000,325.000,300.000,325.000,-1,675.000,550.000,-1,700.000,725.000,-1,-1,2,0,2,0,2,0,0,0,0,2,0,0,2,0,0,2,2
50,-8135.364,-6976.433,81.711,-132.810,-0.679568,0.733606,-0.003055,-0.733598,-0.679575,-0.003527,-0.004664,-0.000156,0.999989,0,0.69412,0.66546,41.647,1.331,-1,375.000,-1,400.000,-1,325.000,325.000,300.000,325.000,-1,650.000,575.000,-1,700.000,725.000,-1,-1,2,0,2,0,2,0,0,0,0,2,0,0,2,0,0,2,2
51,-8163.024,-7007.711,81.550,-131.487,-0.662447,0.749104,-0.002833,-0.749099,-0.662453,-0.002596,-0.003821,0.000402,0.999993,0,0.69590,0.66163,41.754,1.323,-1,375.000,-1,400.000,-1,325.000,325.000,300.000,325.000,-1,625.000,575.000,-1,700.000,725.000,-1,-1,2,0,2,0,2,0,0,0,0,2,0,0,2,0,0,2,2
52,-8193.199,-7043.161,81.406,-130.404,-0.648167,0.761493,-0.002629,-0.761492,-0.648172,-0.001580,-0.002907,0.000978,0.999995,0,0.77590,0.54163,46.554,1.083,-1,375.000,-1,400.000,-1,325.000,325.000,300.000,325.000,-1,600.000,575.000,-1,700.000,725.000,-1,-1,2,0,2,0,2,0,0,0,0,2,0,0,2,0,0,2,2
53,-8223.771,-7080.177,81.236,-129.554,-0.636802,0.771023,-0.002414,-0.771024,-0.636805,-0.000725,-0.002097,0.001399,0.999997,0,0.80015,0.42493,48.009,0.850,-1,375.000,-1,400.000,-1,325.000,325.000,300.000,325.000,-1,625.000,600.000,-1,725.000,725.000,-1,-1,2,0,2,0,2,0,0,0,0,2,0,0,2,0,0,2,2
54,-8253.840,-7117.692,81.063,-128.713,-0.625421,0.780284,-0.002245,-0.780286,-0.625422,0.000262,-0.001200,0.001916,0.999997,0,0.80131,0.42040,48.078,0.841,-1,375.000,-1,400.000,-1,325.000,325.000,300.000,325.000,-1,625.000,600.000,-1,725.000,725.000,-1,-1,2,0,2,0,2,0,0,0,0,2,0,0,2,0,0,2,2
55,-8283.392,-7155.678,81.003,-127.882,-0.614034,0.789277,-0.002184,-0.789280,-0.614031,0.001615,-0.000066,0.002716,0.999996,0,0.80212,0.41577,48.127,0.832,-1,375.000,-1,400.000,-1,325.000,325.000,325.000,325.000,-1,625.000,600.000,-1,725.000,725.000,-1,-1,2,0,2,0,2,0,0,0,0,2,0,0,2,0,0,2,2
56,-8312.413,-7194.107,80.982,-127.060,-0.602648,0.798004,-0.002151,-0.798007,-0.602642,0.002950,0.001058,0.003494,0.999993,0,0.80260,0.41108,48.156,0.822,-1,375.000,-1,400.000,-1,325.000,325.000,325.000,325.000,-1,625.000,600.000,-1,725.000,750.000,-1,-1,2,0,2,0,2,0,0,0,0,2,0,0,2,0,0,2,2
57,-8340.891,-7232.950,80.992,-126.247,-0.591272,0.806469,-0.002135,-0.806469,-0.591261,0.004229,0.002148,0.004222,0.999989,0,0.80273,0.40634,48.164,0.813,-1,375.000,-1,400.000,-1,325.000,325.000,325.000,300.000,-1,625.000,600.000,-1,725.000,750.000,-1,-1,2,0,2,0,2,0,0,0,0,2,0,0,2,0,0,2,2
58,-8368.814,-7272.178,81.034,-125.444,-0.579913,0.814676,-0.002134,-0.814672,-0.579896,0.005452,0.003205,0.004900,0.999983,0,0.80253,0.40160,48.152,0.803,-1,375.000,-1,400.000,-1,325.000,325.000,325.000,300.000,-1,650.000,600.000,-1,725.000,750.000,-1,-1,2,0,2,0,2,0,0,0,0,2,0,0,2,0,0,2,2
59,-8396.173,-7311.764,81.164,-124.650,-0.568574,0.822629,-0.002067,-0.822622,-0.568553,0.006359,0.004056,0.005316,0.999978,0,0.80201,0.39687,48.120,0.794,-1,375.000,-1,400.000,-1,325.000,325.000,325.000,300.000,-1,650.000,625.000,-1,725.000,750.000,-1,-1,2,0,2,0,2,0,0,0,0,2,0,0,2,0,0,2,2
60,-8422.960,-7351.680,81.369,-123.866,-0.557262,0.830335,-0.001942,-0.830323,-0.557238,0.007014,0.004742,0.005521,0.999974,0,0.80118,0.39219,48.071,0.784,-1,375.000,-1,400.000,-1,325.000,325.000,300.000,300.000,-1,675.000,625.000,-1,725.000,750.000,-1,-1,2,0,2,0,2,0,0,0,0,2,0,0,2,0,0,2,2
61,-8449.167,-7391.898,81.599,-123.088,-0.545951,0.837815,-0.001820,-0.837800,-0.545925,0.007634,0.005402,0.005692,0.999969,0,0.80006,0.38856,48.004,0.777,-1,375.000,-1,400.000,-1,325.000,325.000,300.000,300.000,-1,700.000,650.000,-1,725.000,750.000,-1,-1,2,0,2,0,2,0,0,0,0,2,0,0,2,0,0,2,2
62,-8474.785,-7432.397,81.882,-122.316,-0.534608,0.845099,-0.001575,-0.845078,-0.534580,0.008234,0.006117,0.005733,0.999965,0,0.79868,0.38623,47.921,0.772,-1,375.000,-1,400.000,-1,325.000,325.000,300.000,300.000,-1,700.000,675.000,-1,725.000,750.000,-1,-1,2,0,2,0,2,0,0,0,0,2,0,0,2,0,0,2,2
63,-8499.806,-7473.151,82.203,-121.548,-0.523228,0.852192,-0.001267,-0.852165,-0.523199,0.008813,0.006847,0.005691,0.999960,0,0.79705,0.38420,47.823,0.768,-1,400.000,-1,400.000,-1,325.000,325.000,300.000,300.000,-1,725.000,700.000,-1,725.000,750.000,-1,-1,2,0,2,0,2,0,0,0,0,2,0,0,2,0,0,2,2
64,-8524.224,-7514.142,82.539,-120.783,-0.511805,0.859101,-0.001004,-0.859069,-0.511775,0.009357,0.007525,0.005652,0.999956,0,0.79520,0.38247,47.712,0.765,-1,400.000,-1,400.000,-1,325.000,325.000,300.000,300.000,-1,750.000,700.000,-1,725.000,750.000,-1,-1,2,0,2,0,2,0,0,0,0,2,0,0,2,0,0,2,2
65,-8548.034,-7555.347,82.889,-120.021,-0.500334,0.865832,-0.000782,-0.865794,-0.500303,0.009868,0.008153,0.005614,0.999951,0,0.79317,0.38104,47.590,0.762,-1,400.000,-1,400.000,-1,325.000,325.000,300.000,300.000,-1,750.000,725.000,-1,725.000,750.000,-1,-1,2,0,2,0,2,0,0,0,0,2,0,0,2,0,0,2,2
66,-8571.232,-7596.751,83.254,-119.261,-0.488809,0.872391,-0.000598,-0.872347,-0.488777,0.010344,0.008731,0.005578,0.999946,0,0.79099,0.37992,47.459,0.760,-1,400.000,-1,400.000,-1,325.000,325.000,300.000,300.000,-1,775.000,750.000,-1,725.000,750.000,-1,-1,2,0,2,0,2,0,0,0,0,2,0,0,2,0,0,2,2
67,-8593.814,-7638.337,83.624,-118.503,-0.477222,0.878783,-0.000405,-0.878734,-0.477190,0.010792,0.009291,0.005506,0.999942,0,0.78870,0.37911,47.322,0.758,-1,400.000,-1,400.000,-1,325.000,325.000,300.000,300.000,-1,800.000,775.000,-1,725.000,750.000,-1,-1,2,0,2,0,2,0,0,0,0,2,0,0,2,0,0,2,2
68,-8615.778,-7680.092,83.969,-117.745,-0.465566,0.885013,-0.000049,-0.884958,-0.465536,0.011244,0.009929,0.005278,0.999937,0,0.78632,0.37861,47.179,0.757,-1,400.000,-1,400.000,-1,325.000,325.000,300.000,300.000,-1,800.000,775.000,-1,725.000,750.000,-1,-1,2,0,2,0,2,0,0,0,0,2,0,0,2,0,0,2,2
69,-8637.122,-7722.005,84.364,-116.988,-0.453835,0.891086,0.000087,-0.891025,-0.453805,0.011628,0.010401,0.005200,0.999932,0,0.78391,0.37842,47.035,0.757,-1,375.000,-1,400.000,-1,325.000,325.000,300.000,300.000,-1,825.000,800.000,-1,725.000,750.000,975.000,-1,2,0,2,0,2,0,0,0,0,2,0,0,2,0,0,1,2
70,-8657.848,-7764.066,84.816,-116.231,-0.442023,0.897004,-0.000034,-0.896940,-0.441992,0.011928,0.010685,0.005303,0.999929,0,0.78149,0.37853,46.890,0.757,-1,375.000,-1,400.000,-1,325.000,325.000,300.000,300.000,-1,850.000,825.000,-1,725.000,750.000,950.000,-1,2,0,2,0,2,0,0,0,0,2,0,0,2,0,0,1,2
71,-8677.953,-7806.268,85.293,-115.474,-0.430122,0.902771,-0.000196,-0.902704,-0.430088,0.012267,0.010990,0.005453,0.999925,0,0.77912,0.37895,46.747,0.758,-1,375.000,-1,400.000,-1,325.000,325.000,300.000,300.000,-1,900.000,875.000,-1,725.000,750.000,900.000,-1,2,0,2,0,2,0,0,0,0,2,0,0,2,0,0,1,2
72,-8698.957,-7852.304,85.847,-114.525,-0.415119,0.909767,-0.000443,-0.909696,-0.415080,0.012726,0.011394,0.005686,0.999919,0,0.84335,0.47436,50.601,0.949,-1,375.000,-1,400.000,-1,325.000,325.000,300.000,300.000,-1,925.000,900.000,-1,700.000,725.000,850.000,-1,2,0,2,0,2,0,0,0,0,2,0,0,2,1,0,1,2
73,-8719.339,-7899.017,86.421,-113.573,-0.399949,0.916537,-0.000713,-0.916462,-0.399906,0.013164,0.011781,0.005918,0.999913,0,0.84944,0.47604,50.966,0.952,975.000,375.000,-1,375.000,-1,325.000,325.000,300.000,300.000,-1,950.000,950.000,-1,675.000,725.000,825.000,-1,1,0,2,0,2,0,0,0,0,2,0,0,2,1,0,1,2
74,-8739.082,-7946.406,87.026,-112.617,-0.384616,0.923076,-0.000977,-0.922997,-0.384569,0.013534,0.012117,0.006107,0.999908,0,0.85560,0.47765,51.336,0.955,925.000,375.000,-1,375.000,-1,325.000,325.000,300.000,300.000,-1,975.000,975.000,-1,650.000,725.000,775.000,-1,1,0,2,0,2,0,0,0,0,2,0,0,2,1,0,1,2
75,-8758.167,-7994.465,87.702,-111.659,-0.369124,0.929380,-0.001096,-0.929297,-0.369075,0.013781,0.012404,0.006105,0.999904,0,0.86185,0.47921,51.711,0.958,900.000,375.000,-1,375.000,-1,325.000,325.000,300.000,300.000,-1,-1,-1,-1,625.000,725.000,725.000,-1,1,0,2,0,2,0,0,0,0,2,2,2,2,1,0,1,2
76,-8776.578,-8043.194,88.531,-110.698,-0.353474,0.935444,-0.000612,-0.935353,-0.353430,0.014231,0.013096,0.005602,0.999899,0,0.86817,0.48071,52.090,0.961,850.000,375.000,1000.000,375.000,-1,325.000,325.000,300.000,300.000,-1,-1,-1,-1,575.000,725.000,675.000,-1,1,0,1,0,2,0,0,0,0,2,2,2,2,1,1,1,2
77,-8794.295,-8092.586,89.374,-109.733,-0.337676,0.941262,-0.000144,-0.941161,-0.337637,0.014732,0.013819,0.005110,0.999891,0,0.87457,0.48216,52.474,0.964,800.000,375.000,925.000,375.000,-1,325.000,325.000,300.000,300.000,-1,-1,-1,-1,550.000,675.000,625.000,-1,1,0,1,0,2,0,0,0,0,2,2,2,2,1,1,1,2
78,-8811.301,-8142.638,90.231,-108.766,-0.321736,0.946829,0.000307,-0.946717,-0.321703,0.015284,0.014570,0.004627,0.999883,0,0.88104,0.48356,52.862,0.967,725.000,375.000,875.000,375.000,-1,325.000,325.000,300.000,300.000,-1,-1,-1,-1,525.000,650.000,600.000,925.000,1,0,1,0,2,0,0,0,0,2,2,2,2,1,1,1,1
79,-8827.578,-8193.345,91.103,-107.796,-0.305658,0.952141,0.000738,-0.952017,-0.305631,0.015884,0.015349,0.004153,0.999874,0,0.88758,0.48492,53.255,0.970,675.000,375.000,800.000,375.000,-1,325.000,325.000,300.000,300.000,-1,-1,-1,-1,475.000,600.000,550.000,850.000,1,1,1,0,2,0,0,0,0,2,2,2,2,1,1,1,1
80,-8843.106,-8244.700,91.987,-106.824,-0.289449,0.957193,0.001147,-0.957057,-0.289428,0.016528,0.016152,0.003686,0.999863,0,0.89420,0.48624,53.652,0.972,625.000,350.000,750.000,375.000,-1,325.000,325.000,300.000,300.000,-1,-1,-1,-1,450.000,550.000,500.000,750.000,1,1,1,0,2,1,0,0,0,2,2,2,2,1,1,1,1
81,-8857.868,-8296.698,92.883,-105.849,-0.273112,0.961981,0.001533,-0.961832,-0.273098,0.017213,0.016978,0.003227,0.999851,0,0.90088,0.48753,54.053,0.975,575.000,325.000,700.000,375.000,-1,300.000,325.000,300.000,300.000,-1,-1,-1,-1,400.000,525.000,450.000,675.000,1,1,1,1,2,1,1,0,0,2,2,2,2,1,1,1,1
82,-8871.845,-8349.332,93.791,-104.871,-0.256653,0.966502,0.001895,-0.966339,-0.256645,0.017938,0.017823,0.002773,0.999837,0,0.90763,0.48880,54.458,0.978,500.000,300.000,625.000,350.000,-1,275.000,300.000,300.000,300.000,-1,-1,-1,-1,375.000,475.000,400.000,600.000,1,1,1,1,2,1,1,0,0,2,2,2,2,1,1,1,1
83,-8885.229,-8402.484,94.711,-104.134,-0.244184,0.969726,0.002226,-0.969549,-0.244182,0.018701,0.018678,0.002408,0.999823,0,0.91352,0.36880,54.811,0.738,425.000,275.000,575.000,325.000,750.000,250.000,275.000,300.000,300.000,-1,-1,-1,-1,350.000,425.000,350.000,525.000,1,1,1,1,1,1,1,0,0,2,2,2,2,1,1,1,1
84,-8898.245,-8456.140,95.653,-103.636,-0.235749,0.971811,0.002492,-0.971618,-0.235752,0.019482,0.019521,0.002172,0.999807,0,0.92020,0.24880,55.212,0.498,350.000,250.000,525.000,300.000,625.000,225.000,250.000,300.000,300.000,-1,-1,-1,-1,300.000,400.000,300.000,450.000,1,1,1,1,1,1,1,0,0,2,2,2,2,1,1,1,1
85,-8911.109,-8510.236,98.918,-103.378,-0.231603,0.972799,-0.004808,-0.972416,-0.231365,0.029606,0.027689,0.011532,0.999550,0,0.92672,0.12880,55.603,0.258,350.000,225.000,475.000,275.000,525.000,200.000,225.000,325.000,300.000,-1,700.000,625.000,-1,275.000,375.000,275.000,400.000,1,1,1,1,1,1,1,0,0,2,0,0,2,1,1,1,1
86,-8924.040,-8564.703,103.733,-103.361,-0.231975,0.972571,-0.017109,-0.971863,-0.230996,0.046071,0.040855,0.027315,0.998792,0,0.93300,0.00880,55.980,0.018,375.000,225.000,475.000,250.000,475.000,200.000,225.000,375.000,300.000,-1,425.000,325.000,-1,275.000,350.000,275.000,375.000,1,1,1,1,1,1,1,0,0,2,0,0,2,1,1,1,1
87,-8937.265,-8619.467,110.753,-103.583,-0.236608,0.971350,-0.022253,-0.969770,-0.234692,0.066823,0.059686,0.037391,0.997517,0,0.93894,-0.11120,56.336,-0.222,425.000,225.000,500.000,250.000,500.000,200.000,200.000,425.000,300.000,-1,275.000,200.000,-1,275.000,350.000,275.000,375.000,1,1,1,1,1,1,1,0,0,2,0,0,2,1,1,1,1
88,-8951.013,-8674.444,120.367,-104.046,-0.245189,0.969301,-0.018376,-0.965644,-0.242493,0.093423,0.086099,0.040651,0.995457,0,0.94440,-0.23120,56.664,-0.462,-1,225.000,-1,275.000,-1,200.000,225.000,450.000,325.000,-1,200.000,125.000,850.000,300.000,400.000,300.000,450.000,2,1,2,1,2,1,1,1,0,2,0,0,0,1,1,1,1
89,-8965.506,-8729.528,130.224,-104.748,-0.257999,0.966018,-0.015657,-0.959505,-0.254295,0.121180,0.113080,0.046287,0.992507,0,0.94920,-0.35120,56.952,-0.702,-1,225.000,-1,275.000,-1,200.000,225.000,500.000,325.000,-1,150.000,100.000,675.000,325.000,450.000,300.000,-1,2,1,2,1,2,1,1,1,0,2,0,0,0,1,1,1,2
90,-6231.363,-4919.496,137.533,121.509,-0.522524,-0.852044,-0.031457,0.852617,-0.522321,-0.015001,-0.003649,-0.034659,0.999393,1,0.00000,0.00000,57.183,-0.942,-1,400.000,-1,400.000,-1,325.000,325.000,300.000,300.000,-1,-1,-1,-1,775.000,800.000,-1,-1,2,0,2,0,2,0,0,0,0,2,2,2,2,0,0,2,2
91,-6233.854,-4915.393,137.523,121.269,-0.518947,-0.854223,-0.031566,0.854799,-0.518747,-0.014864,-0.003677,-0.034697,0.999391,0,0.08000,-0.12000,4.800,-0.240,-1,400.000,-1,400.000,-1,325.000,325.000,300.000,300.000,-1,-1,-1,-1,775.000,800.000,-1,-1,2,0,2,0,2,0,0,0,0,2,2,2,2,0,0,2,2
92,-6238.768,-4907.146,137.506,120.789,-0.511766,-0.858537,-0.031782,0.859117,-0.511571,-0.014592,-0.003731,-0.034772,0.999388,0,0.16000,-0.24000,9.600,-0.480,-1,400.000,-1,400.000,-1,325.000,325.000,300.000,300.000,-1,-1,-1,-1,775.000,800.000,-1,-1,2,0,2,0,2,0,0,0,0,2,2,2,2,0,0,2,2
93,-6245.999,-4894.693,137.483,120.141,-0.502006,-0.864268,-0.032104,0.864855,-0.501820,-0.014188,-0.003849,-0.034888,0.999384,0,0.24000,-0.32421,14.400,-0.648,-1,400.000,-1,400.000,-1,325.000,325.000,300.000,300.000,-1,-1,-1,-1,775.000,800.000,-1,-1,2,0,2,0,2,0,0,0,0,2,2,2,2,0,0,2,2
94,-6255.451,-4877.981,137.459,119.492,-0.492177,-0.869887,-0.032539,0.870485,-0.492005,-0.013655,-0.004131,-0.035046,0.999377,0,0.32000,-0.32421,19.200,-0.648,-1,400.000,-1,400.000,-1,325.000,325.000,300.000,300.000,-1,-1,-1,-1,775.000,800.000,-1,-1,2,0,2,0,2,0,0,0,0,2,2,2,2,0,0,2,2
95,-6267.030,-4856.958,137.433,118.844,-0.482279,-0.875393,-0.033079,0.876006,-0.482125,-0.012999,-0.004569,-0.035247,0.999368,0,0.40000,-0.32421,24.000,-0.648,-1,400.000,-1,400.000,-1,325.000,325.000,300.000,300.000,-1,-1,-1,-1,775.000,800.000,-1,-1,2,0,2,0,2,0,0,0,0,2,2,2,2,0,0,2,2
96,-6280.637,-4831.576,137.403,118.195,-0.472314,-0.880785,-0.033716,0.881416,-0.472184,-0.012224,-0.005153,-0.035492,0.999357,0,0.48000,-0.32421,28.800,-0.648,-1,400.000,-1,400.000,-1,325.000,325.000,300.000,300.000,-1,-1,-1,-1,750.000,800.000,-1,-1,2,0,2,0,2,0,0,0,0,2,2,2,2,0,0,2,2
97,-6296.177,-4801.785,137.369,117.547,-0.462282,-0.886064,-0.034441,0.886713,-0.462181,-0.011338,-0.005872,-0.035781,0.999342,0,0.56000,-0.32421,33.600,-0.648,-1,400.000,-1,400.000,-1,325.000,325.000,300.000,300.000,-1,-1,-1,-1,750.000,800.000,-1,-1,2,0,2,0,2,0,0,0,0,2,2,2,2,0,0,2,2
98,-6313.550,-4767.539,137.334,116.899,-0.452187,-0.891226,-0.035260,0.891898,-0.452118,-0.010383,-0.006688,-0.036144,0.999324,0,0.64000,-0.32421,38.400,-0.648,-1,400.000,-1,400.000,-1,325.000,325.000,300.000,300.000,-1,-1,-1,-1,750.000,800.000,-1,-1,2,0,2,0,2,0,0,0,0,2,2,2,2,0,0,2,2
99,-6332.657,-4728.794,137.233,116.250,-0.442038,-0.896279,-0.035877,0.896966,-0.441999,-0.009433,-0.007403,-0.036350,0.999312,0,0.72000,-0.32421,43.200,-0.648,-1,400.000,-1,400.000,-1,325.000,325.000,300.000,300.000,-1,-1,-1,-1,750.000,775.000,-1,-1,2,0,2,0,2,0,0,0,0,2,2,2,2,0,0,2,2
100,-6352.079,-4688.261,137.002,115.602,-0.431848,-0.901230,-0.035928,0.901913,-0.431831,-0.008640,-0.007728,-0.036135,0.999317,0,0.74910,-0.32421,44.946,-0.648,-1,400.000,-1,400.000,-1,325.000,325.000,300.000,300.000,-1,-1,-1,-1,725.000,775.000,-1,-1,2,0,2,0,2,0,0,0,0,2,2,2,2,0,0,2,2
101,-6371.040,-4647.511,136.751,114.953,-0.421605,-0.906068,-0.035917,0.906744,-0.421608,-0.007853,-0.008028,-0.035878,0.999324,0,0.74910,-0.32421,44.946,-0.648,-1,400.000,-1,400.000,-1,325.000,325.000,300.000,300.000,-1,-1,-1,-1,725.000,775.000,-1,-1,2,0,2,0,2,0,0,0,0,2,2,2,2,0,0,2,2
102,-6389.540,-4606.548,136.467,114.305,-0.411308,-0.910793,-0.035818,0.911458,-0.411332,-0.007021,-0.008339,-0.035534,0.999334,0,0.74910,-0.32421,44.946,-0.648,-1,400.000,-1,400.000,-1,325.000,325.000,300.000,300.000,-1,-1,-1,-1,725.000,775.000,-1,-1,2,0,2,0,2,0,0,0,0,2,2,2,2,0,0,2,2
103,-6407.574,-4565.379,136.184,113.656,-0.400961,-0.915399,-0.035702,0.916055,-0.401003,-0.006282,-0.008566,-0.035223,0.999343,0,0.74910,-0.32421,44.946,-0.648,-1,400.000,-1,400.000,-1,325.000,325.000,300.000,300.000,-1,-1,-1,-1,725.000,775.000,-1,-1,2,0,2,0,2,0,0,0,0,2,2,2,2,0,0,2,2
104,-6425.142,-4524.009,135.902,113.008,-0.390565,-0.919888,-0.035571,0.920534,-0.390622,-0.005633,-0.008713,-0.034944,0.999351,0,0.74910,-0.32421,44.946,-0.648,-1,400.000,-1,400.000,-1,325.000,325.000,300.000,300.000,-1,-1,-1,-1,725.000,750.000,-1,-1,2,0,2,0,2,0,0,0,0,2,2,2,2,0,0,2,2
105,-6442.240,-4482.442,135.547,112.360,-0.380128,-0.924248,-0.035616,0.924894,-0.380185,-0.005412,-0.008538,-0.034998,0.999351,0,0.74910,-0.32421,44.946,-0.648,-1,400.000,-1,400.000,-1,325.000,325.000,300.000,300.000,-1,-1,-1,-1,725.000,750.000,-1,-1,2,0,2,0,2,0,0,0,0,2,2,2,2,0,0,2,2
106,-6458.867,-4440.685,135.210,111.711,-0.369647,-0.928491,-0.035586,0.929136,-0.369701,-0.005274,-0.008259,-0.035014,0.999353,0,0.74910,-0.32421,44.946,-0.648,-1,400.000,-1,400.000,-1,325.000,325.000,300.000,300.000,-1,-1,-1,-1,700.000,750.000,-1,-1,2,0,2,0,2,0,0,0,0,2,2,2,2,0,0,2,2
107,-6475.020,-4398.741,134.902,111.063,-0.359121,-0.932617,-0.035454,0.933258,-0.359171,-0.005178,-0.007905,-0.034947,0.999358,0,0.74910,-0.32421,44.946,-0.648,-1,375.000,-1,400.000,-1,325.000,325.000,300.000,300.000,-1,-1,-1,-1,700.000,750.000,-1,-1,2,0,2,0,2,0,0,0,0,2,2,2,2,0,0,2,2
108,-6490.697,-4356.618,134.613,110.414,-0.348551,-0.936626,-0.035271,0.937260,-0.348595,-0.005110,-0.007509,-0.034839,0.999365,0,0.74910,-0.32421,44.946,-0.648,-1,375.000,-1,400.000,-1,325.000,325.000,300.000,300.000,-1,-1,-1,-1,700.000,750.000,-1,-1,2,0,2,0,2,0,0,0,0,2,2,2,2,0,0,2,2
109,-6505.897,-4314.320,134.344,109.766,-0.337938,-0.940516,-0.035040,0.941142,-0.337974,-0.005071,-0.007073,-0.034691,0.999373,0,0.74910,-0.32421,44.946,-0.648,-1,375.000,-1,400.000,-1,325.000,325.000,300.000,300.000,-1,-1,-1,-1,700.000,750.000,-1,-1,2,0,2,0,2,0,0,0,0,2,2,2,2,0,0,2,2
110,-6520.617,-4271.853,134.093,109.117,-0.327283,-0.944287,-0.034763,0.944903,-0.327311,-0.005061,-0.006599,-0.034504,0.999383,0,0.74910,-0.32421,44.946,-0.648,-1,375.000,-1,400.000,-1,325.000,325.000,300.000,300.000,-1,-1,-1,-1,700.000,750.000,-1,-1,2,0,2,0,2,0,0,0,0,2,2,2,2,0,0,2,2
111,-6534.871,-4229.171,133.896,108.467,-0.316560,-0.947953,-0.034269,0.948554,-0.316575,-0.005143,-0.005974,-0.034134,0.999399,0,0.74998,-0.32519,44.999,-0.650,-1,375.000,-1,400.000,-1,325.000,325.000,300.000,300.000,-1,-1,-1,-1,700.000,750.000,-1,-1,2,0,2,0,2,0,0,0,0,2,2,2,2,0,0,2,2
112,-6548.689,-4186.158,133.739,107.810,-0.305690,-0.951537,-0.033623,0.952117,-0.305689,-0.005301,-0.005234,-0.033633,0.999421,0,0.75297,-0.32853,45.178,-0.657,-1,375.000,-1,400.000,-1,325.000,325.000,300.000,300.000,-1,-1,-1,-1,700.000,750.000,-1,-1,2,0,2,0,2,0,0,0,0,2,2,2,2,0,0,2,2
113,-6562.060,-4142.817,133.597,107.146,-0.294667,-0.955031,-0.032967,0.955590,-0.294650,-0.005483,-0.004478,-0.033119,0.999441,0,0.75594,-0.33189,45.357,-0.664,-1,375.000,-1,400.000,-1,325.000,325.000,300.000,300.000,-1,-1,-1,-1,700.000,750.000,-1,-1,2,0,2,0,2,0,0,0,0,2,2,2,2,0,0,2,2
114,-6574.973,-4099.153,133.482,106.476,-0.283489,-0.958429,-0.032358,0.958968,-0.283457,-0.005667,-0.003740,-0.032637,0.999460,0,0.75889,-0.33529,45.534,-0.671,-1,375.000,-1,400.000,-1,325.000,325.000,300.000,300.000,-1,-1,-1,-1,700.000,750.000,-1,-1,2,0,2,0,2,0,0,0,0,2,2,2,2,0,0,2,2
115,-6587.418,-4055.170,133.387,105.798,-0.272156,-0.961729,-0.031764,0.962248,-0.272110,-0.005864,-0.003004,-0.032161,0.999478,0,0.76182,-0.33872,45.709,-0.677,-1,375.000,-1,400.000,-1,325.000,325.000,300.000,300.000,-1,-1,-1,-1,700.000,750.000,-1,-1,2,0,2,0,2,0,0,0,0,2,2,2,2,0,0,2,2
116,-6600.797,-4006.465,133.293,105.361,-0.264826,-0.963797,-0.031030,0.964294,-0.264765,-0.006133,-0.002305,-0.031546,0.999500,0,0.84182,-0.21872,50.509,-0.437,-1,375.000,-1,400.000,-1,325.000,325.000,300.000,300.000,-1,-1,-1,-1,700.000,750.000,-1,-1,2,0,2,0,2,0,0,0,0,2,2,2,2,0,0,2,2
117,-6614.613,-3955.485,133.248,105.163,-0.261531,-0.964720,-0.030280,0.965194,-0.261446,-0.006798,-0.001358,-0.031004,0.999518,0,0.88033,-0.09872,52.820,-0.197,-1,375.000,-1,400.000,-1,325.000,325.000,300.000,300.000,-1,-1,-1,-1,700.000,725.000,-1,-1,2,0,2,0,2,0,0,0,0,2,2,2,2,0,0,2,2
118,-6628.513,-3904.345,133.272,105.206,-0.262278,-0.964536,-0.029666,0.964992,-0.262166,-0.007676,-0.000374,-0.030641,0.999530,0,0.88325,0.02128,52.995,0.043,-1,375.000,-1,400.000,-1,325.000,325.000,300.000,300.000,-1,-1,-1,-1,700.000,725.000,-1,-1,2,0,2,0,2,0,0,0,0,2,2,2,2,0,0,2,2
119,-6642.706,-3853.124,133.322,105.489,-0.267058,-0.963244,-0.028987,0.963680,-0.266923,-0.008508,0.000458,-0.030207,0.999544,0,0.88586,0.14128,53.151,0.283,-1,375.000,-1,400.000,-1,325.000,325.000,300.000,300.000,-1,-1,-1,-1,725.000,725.000,-1,-1,2,0,2,0,2,0,0,0,0,2,2,2,2,0,0,2,2
120,-6657.203,-3801.850,133.432,105.788,-0.272113,-0.961856,-0.028056,0.962264,-0.271955,-0.009382,0.001394,-0.029551,0.999562,0,0.88807,0.14961,53.284,0.299,-1,375.000,-1,400.000,-1,325.000,325.000,300.000,300.000,-1,-1,-1,-1,725.000,725.000,-1,-1,2,0,2,0,2,0,0,0,0,2,2,2,2,0,0,2,2
121,-6671.990,-3750.541,133.549,106.077,-0.276987,-0.960491,-0.027123,0.960871,-0.276808,-0.010238,0.002326,-0.028897,0.999580,0,0.88995,0.14448,53.397,0.289,-1,375.000,-1,400.000,-1,325.000,325.000,300.000,300.000,-1,-1,-1,-1,725.000,725.000,-1,-1,2,0,2,0,2,0,0,0,0,2,2,2,2,0,0,2,2
122,-6687.052,-3699.214,133.669,106.355,-0.281676,-0.959152,-0.026211,0.959504,-0.281477,-0.011065,0.003236,-0.028267,0.999595,0,0.89151,0.13920,53.491,0.278,-1,375.000,-1,400.000,-1,325.000,325.000,300.000,300.000,-1,-1,-1,-1,725.000,725.000,-1,-1,2,0,2,0,2,0,0,0,0,2,2,2,2,0,0,2,2
123,-6702.375,-3647.888,133.791,106.623,-0.286174,-0.957843,-0.025323,0.958169,-0.285958,-0.011864,0.004122,-0.027659,0.999609,0,0.89274,0.13379,53.564,0.268,-1,375.000,-1,400.000,-1,325.000,325.000,300.000,300.000,-1,-1,-1,-1,725.000,725.000,-1,-1,2,0,2,0,2,0,0,0,0,2,2,2,2,0,0,2,2
124,-6717.942,-3596.581,133.918,106.879,-0.290480,-0.956568,-0.024462,0.956868,-0.290248,-0.012633,0.004985,-0.027076,0.999621,0,0.89362,0.12826,53.617,0.257,-1,375.000,-1,400.000,-1,325.000,325.000,300.000,300.000,-1,-1,925.000,-1,725.000,700.000,-1,-1,2,0,2,0,2,0,0,0,0,2,2,0,2,0,0,2,2
125,-6733.739,-3545.311,134.101,107.124,-0.294585,-0.955337,-0.023472,0.955609,-0.294346,-0.013143,0.005647,-0.026302,0.999638,0,0.89414,0.12261,53.648,0.245,-1,400.000,-1,400.000,-1,325.000,325.000,300.000,300.000,-1,-1,875.000,-1,725.000,700.000,-1,-1,2,0,2,0,2,0,0,0,0,2,2,0,2,0,0,2,2
126,-6749.747,-3494.096,134.309,107.358,-0.298490,-0.954149,-0.022457,0.954393,-0.298247,-0.013538,0.006220,-0.025473,0.999656,0,0.89430,0.11688,53.658,0.234,-1,375.000,-1,375.000,-1,325.000,325.000,300.000,300.000,-1,975.000,850.000,-1,725.000,700.000,-1,-1,2,0,2,0,2,0,0,0,0,2,0,0,2,0,0,2,2
127,-6765.950,-3442.955,134.520,107.580,-0.302195,-0.953004,-0.021480,0.953222,-0.301951,-0.013906,0.006767,-0.024677,0.999673,0,0.89411,0.11108,53.647,0.222,-1,375.000,-1,375.000,-1,325.000,325.000,300.000,300.000,-1,950.000,825.000,-1,725.000,700.000,-1,-1,2,0,2,0,2,0,0,0,0,2,0,0,2,0,0,2,2
128,-6782.331,-3391.906,134.735,107.791,-0.305700,-0.951906,-0.020542,0.952100,-0.305455,-0.014248,0.007289,-0.023914,0.999687,0,0.89356,0.10523,53.613,0.210,-1,375.000,-1,375.000,-1,325.000,325.000,300.000,300.000,-1,925.000,800.000,-1,725.000,700.000,-1,-1,2,0,2,0,2,0,0,0,0,2,0,0,2,0,0,2,2
129,-6798.872,-3340.965,135.049,107.990,-0.309002,-0.950850,-0.020060,0.951032,-0.308758,-0.014409,0.007507,-0.023530,0.999695,0,0.89265,0.09936,53.559,0.199,-1,375.000,-1,375.000,-1,325.000,300.000,300.000,300.000,-1,950.000,825.000,-1,725.000,675.000,-1,-1,2,0,2,0,2,0,0,0,0,2,0,0,2,0,0,2,2
130,-6815.557,-3290.150,135.689,108.177,-0.312131,-0.949818,-0.020520,0.950001,-0.311853,-0.015656,0.008472,-0.024381,0.999667,0,0.89140,0.09350,53.484,0.187,-1,375.000,-1,375.000,-1,300.000,300.000,300.000,300.000,-1,925.000,800.000,-1,725.000,675.000,-1,-1,2,0,2,0,2,0,0,0,0,2,0,0,2,0,1,2,2
131,-6832.367,-3239.477,136.354,108.352,-0.315066,-0.948836,-0.021060,0.949022,-0.314751,-0.016987,0.009490,-0.025339,0.999634,0,0.88982,0.08768,53.389,0.175,-1,375.000,-1,375.000,-1,300.000,300.000,300.000,300.000,-1,875.000,775.000,-1,725.000,725.000,-1,-1,2,0,2,0,2,0,0,0,0,2,0,0,2,0,1,2,2
132,-6849.289,-3188.960,137.044,108.520,-0.317875,-0.947888,-0.021525,0.948076,-0.317526,-0.018162,0.010380,-0.026181,0.999603,0,0.88792,0.08403,53.275,0.168,-1,375.000,-1,375.000,-1,300.000,300.000,300.000,300.000,-1,875.000,800.000,-1,725.000,800.000,-1,-1,2,0,2,0,2,0,0,0,0,2,0,0,2,0,1,2,2
133,-6867.566,-3135.394,137.947,108.840,-0.323192,-0.946096,-0.021182,0.946261,-0.322809,-0.019615,0.011720,-0.026383,0.999583,0,0.94331,0.15986,56.598,0.320,-1,375.000,-1,375.000,-1,325.000,300.000,300.000,300.000,-1,825.000,775.000,-1,725.000,875.000,-1,-1,2,0,2,0,2,0,0,0,0,2,0,0,2,0,1,2,2
134,-6886.258,-3081.572,138.904,109.152,-0.328376,-0.944323,-0.020557,0.944454,-0.327961,-0.021174,0.013254,-0.026368,0.999564,0,0.94960,0.15616,56.976,0.312,-1,375.000,-1,375.000,-1,325.000,300.000,300.000,300.000,-1,800.000,750.000,-1,-1,-1,-1,-1,2,0,2,0,2,0,0,0,0,2,0,0,2,2,2,2,2
135,-6905.359,-3027.500,139.849,109.456,-0.333417,-0.942568,-0.019977,0.942664,-0.332970,-0.022720,0.014764,-0.026407,0.999542,0,0.95576,0.15211,57.346,0.304,-1,400.000,-1,375.000,-1,325.000,325.000,300.000,300.000,-1,775.000,725.000,-1,-1,-1,-1,-1,2,0,2,0,2,0,0,0,0,2,0,0,2,2,2,2,2
