timestep,x_cm,y_cm,z_cm,yaw_deg,basis_xx,basis_xy,basis_xz,basis_yx,basis_yy,basis_yz,basis_zx,basis_zy,basis_zz,teleport_flag,throttle_cmd,steering_cmd,cmd_move_cm,cmd_turn_deg,lidar_cm_0,lidar_cm_1,lidar_cm_2,lidar_cm_3,lidar_cm_4,lidar_cm_5,lidar_cm_6,lidar_cm_7,lidar_cm_8,lidar_cm_9,lidar_cm_10,lidar_cm_11,lidar_cm_12,lidar_cm_13,lidar_cm_14,lidar_cm_15,lidar_cm_16,lidar_class_0,lidar_class_1,lidar_class_2,lidar_class_3,lidar_class_4,lidar_class_5,lidar_class_6,lidar_class_7,lidar_class_8,lidar_class_9,lidar_class_10,lidar_class_11,lidar_class_12,lidar_class_13,lidar_class_14,lidar_class_15,lidar_class_16
0,-982.645,-8850.451,-454.485,-104.782,-0.255234,0.964647,0.065656,-0.966878,-0.254540,-0.018867,-0.001487,-0.068297,0.997664,1,-0.08000,-0.12000,-4.800,-0.240,950.000,350.000,-1,375.000,-1,300.000,300.000,275.000,300.000,-1,-1,-1,375.000,625.000,650.000,-1,-1,0,0,2,0,2,0,0,0,1,2,2,2,1,0,0,2,2
1,-980.156,-8841.180,-454.726,-105.030,-0.259425,0.963560,0.065194,-0.965762,-0.258724,-0.019121,-0.001557,-0.067922,0.997689,0,-0.16000,-0.12412,-9.600,-0.248,950.000,350.000,-1,375.000,-1,300.000,300.000,275.000,275.000,-1,-1,-1,350.000,625.000,650.000,-1,-1,0,0,2,0,2,0,0,0,1,2,2,2,1,0,0,2,2
2,-976.361,-8827.289,-455.074,-105.282,-0.263687,0.962443,0.064597,-0.964607,-0.262972,-0.019497,-0.001777,-0.067452,0.997721,0,-0.24000,-0.12612,-14.400,-0.252,950.000,350.000,-1,375.000,-1,300.000,300.000,275.000,275.000,-1,-1,-1,350.000,625.000,650.000,-1,-1,0,0,2,0,2,0,0,0,1,2,2,2,1,0,0,2,2
3,-971.218,-8808.791,-455.554,-105.540,-0.268048,0.961291,0.063799,-0.963403,-0.267316,-0.019906,-0.002081,-0.066800,0.997764,0,-0.32000,-0.12904,-19.200,-0.258,950.000,350.000,-1,375.000,-1,300.000,300.000,275.000,275.000,-1,-1,-1,350.000,625.000,650.000,-1,-1,0,0,2,0,2,0,0,0,1,2,2,2,1,0,0,2,2
4,-964.681,-8785.698,-456.192,-105.806,-0.272527,0.960102,0.062719,-0.962145,-0.271785,-0.020237,-0.002383,-0.065860,0.997826,0,-0.40000,-0.13278,-24.000,-0.266,975.000,350.000,-1,375.000,-1,300.000,300.000,275.000,250.000,-1,-1,-1,350.000,625.000,650.000,-1,-1,0,0,2,0,2,0,0,0,1,2,2,2,1,0,0,2,2
5,-957.289,-8760.051,-456.970,-106.080,-0.277139,0.958870,0.061341,-0.960826,-0.276404,-0.020327,-0.002536,-0.064571,0.997910,0,-0.44485,-0.13722,-26.691,-0.274,975.000,350.000,-1,375.000,-1,300.000,300.000,275.000,250.000,-1,-1,-1,-1,625.000,650.000,-1,-1,0,0,2,0,2,0,0,0,1,2,2,2,2,0,0,2,2
6,-949.945,-8735.035,-457.813,-106.364,-0.281883,0.957586,0.059756,-0.959446,-0.281177,-0.020085,-0.002431,-0.062994,0.998011,0,-0.43454,-0.14185,-26.073,-0.284,1000.000,350.000,-1,375.000,-1,300.000,300.000,275.000,225.000,-1,-1,-1,-1,625.000,650.000,-1,-1,0,0,2,0,2,0,0,0,1,2,2,2,2,0,0,2,2
7,-942.660,-8710.680,-458.719,-106.656,-0.286746,0.956251,0.057980,-0.958004,-0.286088,-0.019519,-0.002078,-0.061142,0.998127,0,-0.42368,-0.14604,-25.421,-0.292,-1,350.000,-1,375.000,-1,300.000,300.000,275.000,225.000,-1,-1,-1,-1,625.000,650.000,-1,-1,2,0,2,0,2,0,0,0,1,2,2,2,2,0,0,2,2
8,-935.447,-8687.014,-459.682,-106.956,-0.291714,0.954863,0.056029,-0.956505,-0.291122,-0.018637,-0.001485,-0.059028,0.998255,0,-0.41235,-0.14980,-24.741,-0.300,-1,350.000,-1,375.000,-1,300.000,300.000,275.000,200.000,-1,-1,-1,-1,625.000,650.000,-1,-1,2,0,2,0,2,0,0,0,1,2,2,2,2,0,0,2,2
9,-928.316,-8664.059,-460.699,-107.262,-0.296775,0.953424,0.053919,-0.954947,-0.296262,-0.017452,-0.000665,-0.056669,0.998393,0,-0.40062,-0.15314,-24.037,-0.306,-1,350.000,-1,375.000,-1,300.000,300.000,275.000,200.000,-1,-1,-1,-1,625.000,650.000,-1,-1,2,0,2,0,2,0,0,0,1,2,2,2,2,0,0,2,2
10,-921.278,-8641.831,-461.765,-107.574,-0.301918,0.951933,0.051668,-0.953334,-0.301495,-0.015976,0.000370,-0.054080,0.998537,0,-0.38860,-0.15606,-23.316,-0.312,-1,375.000,-1,375.000,-1,300.000,300.000,275.000,175.000,-1,-1,-1,-1,650.000,650.000,-1,-1,2,0,2,0,2,0,0,0,1,2,2,2,2,0,0,2,2
11,-914.342,-8620.341,-462.846,-107.891,-0.307126,0.950384,0.049428,-0.951667,-0.306804,-0.014172,0.001696,-0.051392,0.998677,0,-0.37637,-0.15859,-22.582,-0.317,-1,375.000,-1,375.000,-1,300.000,300.000,275.000,175.000,-1,-1,-1,-1,650.000,650.000,-1,-1,2,0,2,0,2,0,0,0,1,2,2,2,2,0,0,2,2
12,-907.516,-8599.594,-463.081,-108.213,-0.312252,0.948628,0.051024,-0.949981,-0.312125,-0.010637,0.005835,-0.051793,0.998641,0,-0.36401,-0.16075,-21.841,-0.321,-1,375.000,-1,375.000,-1,300.000,300.000,275.000,175.000,-1,-1,-1,-1,675.000,675.000,-1,-1,2,0,2,0,2,0,0,0,1,2,2,2,2,0,0,2,2
13,-900.809,-8579.591,-463.424,-108.538,-0.317423,0.946844,0.052246,-0.948232,-0.317503,-0.006973,0.009986,-0.051755,0.998610,0,-0.35162,-0.16255,-21.097,-0.325,-1,375.000,-1,375.000,-1,325.000,325.000,275.000,175.000,-1,-1,-1,-1,675.000,675.000,-1,-1,2,0,2,0,2,0,0,0,1,2,2,2,2,0,0,2,2
14,-894.228,-8560.328,-464.010,-108.866,-0.322617,0.945058,0.052759,-0.946418,-0.322935,-0.002613,0.014568,-0.050775,0.998604,0,-0.33927,-0.16401,-20.356,-0.328,-1,400.000,-1,400.000,-1,325.000,325.000,275.000,175.000,-1,-1,-1,-1,700.000,700.000,-1,-1,2,0,2,0,2,0,0,0,1,2,2,2,2,0,0,2,2
15,-887.778,-8541.797,-464.575,-109.196,-0.327857,0.943225,0.053247,-0.944540,-0.328394,0.001411,0.018817,-0.049831,0.998580,0,-0.32703,-0.16517,-19.622,-0.330,-1,400.000,-1,400.000,-1,325.000,325.000,300.000,150.000,-1,-1,-1,-1,725.000,725.000,-1,-1,2,0,2,0,2,0,0,0,1,2,2,2,2,0,0,2,2
16,-881.462,-8523.987,-465.117,-109.528,-0.333133,0.941349,0.053711,-0.942605,-0.333870,0.005118,0.022750,-0.048923,0.998543,0,-0.31496,-0.16603,-18.898,-0.332,-1,400.000,-1,400.000,-1,325.000,325.000,300.000,150.000,-1,-1,-1,-1,750.000,750.000,-1,-1,2,0,2,0,2,0,0,0,1,2,2,2,2,0,0,2,2
17,-875.284,-8506.882,-465.637,-109.861,-0.338434,0.939431,0.054149,-0.940620,-0.339354,0.008525,0.026385,-0.048049,0.998496,0,-0.30311,-0.16663,-18.187,-0.333,-1,400.000,-1,425.000,-1,350.000,350.000,300.000,150.000,-1,-1,-1,-1,775.000,775.000,-1,-1,2,0,2,0,2,0,0,0,1,2,2,2,2,0,0,2,2
18,-869.246,-8490.465,-466.137,-110.195,-0.343751,0.937474,0.054564,-0.938590,-0.344838,0.011651,0.029739,-0.047208,0.998442,0,-0.29153,-0.16700,-17.492,-0.334,-1,425.000,-1,425.000,-1,350.000,350.000,300.000,150.000,-1,550.000,700.000,-1,800.000,775.000,-1,-1,2,0,2,0,2,0,0,0,1,2,0,0,2,0,0,2,2
19,-863.349,-8474.718,-466.338,-110.530,-0.349090,0.935437,0.055621,-0.936542,-0.350299,0.013391,0.032010,-0.047417,0.998362,0,-0.28026,-0.16714,-16.815,-0.334,-1,425.000,-1,425.000,-1,350.000,350.000,300.000,150.000,-1,425.000,575.000,-1,800.000,800.000,-1,-1,2,0,2,0,2,0,0,0,1,2,0,0,2,0,0,2,2
20,-857.594,-8459.619,-466.155,-110.864,-0.354445,0.933307,0.057506,-0.934496,-0.355722,0.013400,0.032963,-0.048990,0.998255,0,-0.26931,-0.16709,-16.159,-0.334,-1,425.000,-1,425.000,-1,350.000,350.000,300.000,150.000,-1,425.000,550.000,-1,800.000,800.000,-1,-1,2,0,2,0,2,0,0,0,1,2,0,0,2,0,0,2,2
21,-851.980,-8445.146,-465.978,-111.198,-0.359785,0.931158,0.059160,-0.932419,-0.361128,0.013468,0.033905,-0.050316,0.998158,0,-0.25872,-0.16687,-15.523,-0.334,-1,425.000,-1,425.000,-1,350.000,350.000,275.000,150.000,-1,400.000,550.000,-1,825.000,825.000,-1,-1,2,0,2,0,2,0,0,0,1,2,0,0,2,0,0,2,2
22,-846.508,-8431.277,-465.819,-111.531,-0.365107,0.928989,0.060632,-0.930315,-0.366512,0.013536,0.034797,-0.051465,0.998068,0,-0.24850,-0.16649,-14.910,-0.333,-1,425.000,-1,450.000,-1,350.000,350.000,275.000,150.000,-1,400.000,550.000,-1,825.000,825.000,-1,-1,2,0,2,0,2,0,0,0,1,2,0,0,2,0,0,2,2
23,-841.176,-8417.988,-465.687,-111.863,-0.370407,0.926800,0.061964,-0.928187,-0.371868,0.013558,0.035608,-0.052492,0.997986,0,-0.23865,-0.16597,-14.319,-0.332,-1,425.000,-1,450.000,-1,350.000,350.000,275.000,150.000,-1,375.000,525.000,-1,825.000,850.000,-1,-1,2,0,2,0,2,0,0,0,1,2,0,0,2,0,0,2,2
24,-835.981,-8405.257,-465.580,-112.193,-0.375681,0.924594,0.063166,-0.926036,-0.377192,0.013540,0.036345,-0.053407,0.997911,0,-0.22918,-0.16533,-13.751,-0.331,-1,425.000,-1,450.000,-1,350.000,375.000,275.000,150.000,-1,375.000,525.000,-1,825.000,850.000,-1,-1,2,0,2,0,2,0,0,0,1,2,0,0,2,0,0,2,2
25,-830.923,-8393.059,-465.495,-112.522,-0.380924,0.922371,0.064247,-0.923865,-0.382480,0.013487,0.037014,-0.054218,0.997843,0,-0.22008,-0.16458,-13.205,-0.329,-1,425.000,-1,450.000,-1,375.000,375.000,275.000,150.000,-1,375.000,525.000,-1,825.000,850.000,-1,-1,2,0,2,0,2,0,0,0,1,2,0,0,2,0,0,2,2
26,-825.998,-8381.373,-465.439,-112.850,-0.386132,0.920133,0.065257,-0.921675,-0.387730,0.013414,0.037645,-0.054966,0.997778,0,-0.21136,-0.16374,-12.682,-0.327,-1,450.000,-1,450.000,-1,375.000,375.000,275.000,175.000,-1,350.000,525.000,-1,850.000,875.000,-1,-1,2,0,2,0,2,0,0,0,1,2,0,0,2,0,0,2,2
27,-821.204,-8370.176,-465.403,-113.175,-0.391302,0.917880,0.066173,-0.919468,-0.392939,0.013316,0.038224,-0.055634,0.997719,0,-0.20301,-0.16283,-12.181,-0.326,-1,450.000,-1,450.000,-1,375.000,375.000,275.000,175.000,-1,350.000,525.000,-1,850.000,875.000,-1,-1,2,0,2,0,2,0,0,0,1,2,0,0,2,0,0,2,2
28,-818.233,-8363.420,-465.271,-113.741,-0.400281,0.913919,0.067284,-0.915561,-0.401966,0.013120,0.039037,-0.056351,0.997648,0,-0.12301,-0.28283,-7.381,-0.566,-1,450.000,-1,450.000,-1,375.000,375.000,275.000,175.000,-1,350.000,525.000,-1,850.000,875.000,-1,-1,2,0,2,0,2,0,0,0,1,2,0,0,2,0,0,2,2
29,-817.160,-8361.073,-465.024,-114.547,-0.413011,0.908134,0.068660,-0.909842,-0.414757,0.012825,0.040124,-0.057173,0.997558,0,-0.04301,-0.40283,-2.581,-0.806,-1,450.000,-1,475.000,-1,375.000,375.000,275.000,175.000,-1,325.000,500.000,-1,850.000,900.000,-1,-1,2,0,2,0,2,0,0,0,1,2,0,0,2,0,0,2,2
30,-818.117,-8363.076,-464.663,-115.545,-0.428679,0.900719,0.070279,-0.902505,-0.430499,0.012433,0.041453,-0.058097,0.997450,0,0.03699,-0.49934,2.219,-0.999,-1,450.000,-1,475.000,-1,375.000,375.000,275.000,175.000,-1,325.000,500.000,-1,850.000,900.000,-1,-1,2,0,2,0,2,0,0,0,1,2,0,0,2,0,0,2,2
31,-821.254,-8369.356,-464.247,-116.545,-0.444221,0.893029,0.071877,-0.894894,-0.446117,0.012021,0.042801,-0.058982,0.997341,0,0.11699,-0.49957,7.019,-0.999,-1,450.000,-1,475.000,-1,375.000,375.000,275.000,175.000,-1,300.000,475.000,-1,850.000,900.000,-1,-1,2,0,2,0,2,0,0,0,1,2,0,0,2,0,0,2,2
32,-826.720,-8379.837,-463.783,-117.545,-0.459647,0.885055,0.073498,-0.887002,-0.461621,0.011599,0.044194,-0.059861,0.997228,0,0.19699,-0.50034,11.819,-1.001,-1,450.000,-1,475.000,-1,375.000,375.000,275.000,175.000,-1,300.000,475.000,-1,850.000,900.000,-1,-1,2,0,2,0,2,0,0,0,1,2,0,0,2,0,0,2,2
33,-834.663,-8394.436,-463.267,-118.549,-0.474973,0.876794,0.075051,-0.878819,-0.477025,0.011150,0.045577,-0.060660,0.997117,0,0.27699,-0.50168,16.619,-1.003,-1,450.000,-1,475.000,-1,375.000,375.000,275.000,175.000,-1,275.000,450.000,-1,850.000,925.000,-1,-1,2,0,2,0,2,0,0,0,1,2,0,0,2,0,0,2,2
34,-845.228,-8413.069,-462.711,-119.556,-0.490219,0.868239,0.076456,-0.870336,-0.492343,0.010669,0.046905,-0.061312,0.997016,0,0.35699,-0.50356,21.419,-1.007,-1,450.000,-1,475.000,-1,375.000,375.000,275.000,175.000,-1,250.000,425.000,-1,850.000,925.000,-1,-1,2,0,2,0,2,0,0,0,1,2,0,0,2,0,0,2,2
35,-858.563,-8435.645,-462.135,-120.568,-0.505403,0.859388,0.077590,-0.861541,-0.507586,0.010151,0.048108,-0.061716,0.996934,0,0.43699,-0.50594,26.219,-1.012,-1,450.000,-1,475.000,-1,375.000,375.000,275.000,175.000,-1,250.000,425.000,-1,850.000,925.000,-1,-1,2,0,2,0,2,0,0,0,1,2,0,0,2,0,0,2,2
36,-874.810,-8462.069,-461.498,-121.585,-0.520539,0.850254,0.078155,-0.852412,-0.522776,0.009964,0.049330,-0.061434,0.996891,0,0.51699,-0.50875,31.019,-1.017,-1,450.000,-1,475.000,-1,375.000,375.000,275.000,175.000,-1,225.000,400.000,-1,850.000,900.000,-1,-1,2,0,2,0,2,0,0,0,1,2,0,0,2,0,0,2,2
37,-894.114,-8492.243,-460.890,-122.609,-0.535649,0.840826,0.078046,-0.842942,-0.537914,0.009876,0.050286,-0.060499,0.996901,0,0.59699,-0.51186,35.819,-1.024,-1,450.000,-1,475.000,-1,375.000,375.000,275.000,150.000,-1,225.000,375.000,-1,825.000,900.000,-1,-1,2,0,2,0,2,0,0,0,1,2,0,0,2,0,0,2,2
38,-916.617,-8526.060,-460.363,-123.639,-0.550754,0.831107,0.077020,-0.833120,-0.553004,0.009894,0.050815,-0.058718,0.996980,0,0.67699,-0.51512,40.619,-1.030,-1,425.000,-1,475.000,-1,350.000,375.000,275.000,150.000,-1,225.000,375.000,-1,825.000,900.000,-1,-1,2,0,2,0,2,0,0,0,1,2,0,0,2,0,0,2,2
39,-942.459,-8563.411,-459.976,-124.676,-0.565863,0.821102,0.074773,-0.822936,-0.568045,0.010077,0.050748,-0.055831,0.997150,0,0.75699,-0.51834,45.419,-1.037,-1,425.000,-1,450.000,-1,350.000,375.000,275.000,150.000,-1,225.000,350.000,-1,800.000,875.000,-1,-1,2,0,2,0,2,0,0,0,1,2,0,0,2,0,0,2,2
40,-969.291,-8600.722,-459.762,-125.718,-0.580943,0.810796,0.071518,-0.812399,-0.583009,0.010404,0.050131,-0.052056,0.997385,0,0.76595,-0.52126,45.957,-1.043,-1,425.000,-1,450.000,-1,350.000,350.000,275.000,150.000,-1,225.000,350.000,-1,800.000,825.000,-1,-1,2,0,2,0,2,0,0,0,1,2,0,0,2,0,0,2,2
41,-996.188,-8636.725,-457.965,-126.765,-0.596058,0.799928,0.069500,-0.801740,-0.597666,0.002953,0.043900,-0.053961,0.997578,0,0.74903,-0.52346,44.942,-1.047,-1,400.000,-1,425.000,-1,350.000,350.000,275.000,150.000,-1,400.000,575.000,-1,750.000,800.000,-1,-1,2,0,2,0,2,0,0,0,1,2,0,0,2,0,0,2,2
42,-1023.124,-8671.435,-456.076,-127.815,-0.611049,0.788808,0.066345,-0.790700,-0.612192,-0.003845,0.037583,-0.054809,0.997789,0,0.73226,-0.52486,43.935,-1.050,-1,400.000,-1,425.000,-1,325.000,325.000,275.000,150.000,-1,725.000,-1,-1,700.000,750.000,-1,-1,2,0,2,0,2,0,0,0,1,2,0,2,2,0,0,2,2
43,-1050.074,-8704.876,-454.442,-128.866,-0.625851,0.777472,0.062031,-0.779302,-0.626578,-0.009358,0.031592,-0.054198,0.998030,0,0.71582,-0.52551,42.949,-1.051,-1,375.000,-1,400.000,-1,325.000,325.000,275.000,150.000,-1,-1,-1,-1,675.000,725.000,-1,-1,2,0,2,0,2,0,0,0,1,2,2,2,2,0,0,2,2
44,-1077.021,-8737.083,-453.105,-129.917,-0.640426,0.765920,0.056764,-0.767589,-0.640791,-0.013901,0.025727,-0.052474,0.998291,0,0.69989,-0.52545,41.993,-1.051,-1,350.000,-1,375.000,-1,300.000,300.000,275.000,150.000,-1,-1,-1,-1,625.000,675.000,-1,-1,2,0,2,0,2,0,0,0,1,2,2,2,2,0,0,2,2
45,-1103.951,-8768.098,-452.044,-130.966,-0.654733,0.754161,0.050658,-0.755596,-0.654805,-0.017473,0.019994,-0.049717,0.998563,0,0.68458,-0.52476,41.075,-1.050,-1,350.000,-1,375.000,-1,300.000,300.000,275.000,150.000,-1,-1,-1,-1,600.000,650.000,-1,-1,2,0,2,0,2,0,0,0,1,2,2,2,2,0,0,2,2
46,-1130.855,-8797.967,-449.584,-132.013,-0.668429,0.741979,0.051673,-0.743525,-0.668393,-0.020528,0.019307,-0.052142,0.998453,0,0.66999,-0.52347,40.200,-1.047,-1,350.000,-1,375.000,-1,300.000,300.000,275.000,150.000,-1,-1,-1,-1,600.000,625.000,-1,-1,2,0,2,0,2,0,0,0,1,2,2,2,2,0,0,2,2
47,-1157.734,-8826.737,-447.106,-133.057,-0.681809,0.729589,0.053263,-0.731270,-0.681701,-0.022994,0.019534,-0.054627,0.998316,0,0.65619,-0.52163,39.372,-1.043,975.000,350.000,-1,375.000,-1,300.000,300.000,275.000,150.000,-1,-1,-1,-1,600.000,650.000,-1,-1,0,0,2,0,2,0,0,0,1,2,2,2,2,0,0,2,2
48,-1184.589,-8854.455,-444.773,-134.095,-0.694891,0.717035,0.054656,-0.718833,-0.694739,-0.024863,0.020144,-0.056566,0.998196,0,0.64323,-0.51931,38.594,-1.039,925.000,350.000,-1,375.000,-1,300.000,300.000,275.000,175.000,-1,-1,-1,-1,575.000,650.000,975.000,-1,0,0,2,0,2,0,0,0,1,2,2,2,2,0,0,0,2
49,-1211.425,-8881.172,-442.578,-135.128,-0.707664,0.704335,0.055891,-0.706233,-0.707496,-0.026160,0.021117,-0.057985,0.998094,0,0.63112,-0.51654,37.867,-1.033,900.000,350.000,-1,375.000,-1,300.000,300.000,275.000,175.000,-1,-1,-1,-1,575.000,650.000,950.000,-1,0,0,2,0,2,0,0,0,1,2,2,2,2,0,0,0,2
50,-1238.248,-8906.936,-440.429,-136.155,-0.720133,0.691517,0.056680,-0.693480,-0.719975,-0.026866,0.022230,-0.058654,0.998031,0,0.61986,-0.51336,37.192,-1.027,875.000,350.000,-1,375.000,-1,300.000,300.000,275.000,175.000,-1,-1,-1,-1,575.000,650.000,950.000,-1,0,0,2,0,2,0,0,0,1,2,2,2,2,0,0,0,2
51,-1268.137,-8934.399,-438.071,-137.422,-0.735166,0.675423,0.057750,-0.677452,-0.735076,-0.026890,0.024288,-0.058892,0.997969,0,0.67649,-0.63336,40.590,-1.267,900.000,350.000,-1,375.000,-1,300.000,300.000,275.000,200.000,-1,-1,-1,-1,575.000,650.000,950.000,-1,0,0,2,0,2,0,0,0,1,2,2,2,2,0,0,0,2
52,-1298.300,-8960.684,-435.913,-138.928,-0.752583,0.655893,0.058501,-0.657944,-0.752618,-0.025989,0.026983,-0.058049,0.997949,0,0.66681,-0.75336,40.009,-1.507,925.000,350.000,-1,375.000,-1,300.000,300.000,275.000,200.000,-1,-1,-1,-1,575.000,650.000,975.000,-1,0,0,2,0,2,0,0,0,1,2,2,2,2,0,0,0,2
53,-1328.921,-8985.766,-433.920,-140.675,-0.772132,0.632714,0.059031,-0.634743,-0.772342,-0.024284,0.030227,-0.056219,0.997961,0,0.65968,-0.87336,39.581,-1.747,950.000,350.000,-1,375.000,-1,300.000,300.000,275.000,200.000,-1,-1,-1,-1,600.000,675.000,1000.000,-1,0,0,2,0,2,0,0,0,1,2,2,2,2,0,0,0,2
54,-1360.165,-9009.598,-432.065,-142.662,-0.793508,0.605650,0.059442,-0.607612,-0.793932,-0.021877,0.033943,-0.053477,0.997992,0,0.65492,-0.99336,39.295,-1.987,1000.000,350.000,-1,375.000,-1,300.000,300.000,275.000,200.000,-1,-1,-1,-1,600.000,675.000,-1,-1,0,0,2,0,2,0,0,0,1,2,2,2,2,0,0,2,2
55,-1392.095,-9032.235,-430.271,-144.662,-0.814065,0.577667,0.059990,-0.579541,-0.814719,-0.019129,0.037825,-0.050339,0.998016,0,0.65233,-1.00000,39.140,-2.000,-1,350.000,-1,375.000,-1,300.000,300.000,275.000,225.000,-1,-1,-1,-1,600.000,675.000,-1,-1,2,0,2,0,2,0,0,0,1,2,2,2,2,0,0,2,2
56,-1424.692,-9053.676,-428.367,-146.662,-0.833678,0.548994,0.059895,-0.550703,-0.834552,-0.015785,0.041319,-0.046144,0.998080,0,0.65026,-1.00000,39.016,-2.000,-1,350.000,-1,375.000,-1,300.000,300.000,275.000,225.000,-1,-1,-1,-1,625.000,675.000,-1,-1,2,0,2,0,2,0,0,0,1,2,2,2,2,0,0,2,2
57,-1457.933,-9073.914,-426.465,-148.662,-0.852292,0.519644,0.059733,-0.521146,-0.853384,-0.011947,0.044767,-0.041312,0.998143,0,0.64860,-1.00000,38.916,-2.000,-1,350.000,-1,375.000,-1,300.000,300.000,275.000,225.000,-1,-1,-1,-1,625.000,700.000,-1,-1,2,0,2,0,2,0,0,0,1,2,2,2,2,0,0,2,2
58,-1491.793,-9092.942,-424.624,-150.662,-0.869865,0.489644,0.059859,-0.490910,-0.871176,-0.007682,0.048386,-0.036068,0.998177,0,0.64732,-1.00000,38.839,-2.000,-1,350.000,-1,375.000,-1,300.000,300.000,275.000,225.000,-1,-1,-1,-1,625.000,700.000,-1,-1,2,0,2,0,2,0,0,0,1,2,2,2,2,0,0,2,2
59,-1526.246,-9110.751,-422.762,-152.662,-0.886363,0.459033,0.060405,-0.460010,-0.887910,-0.002574,0.052453,-0.030068,0.998171,0,0.64639,-1.00000,38.783,-2.000,-1,350.000,-1,375.000,-1,300.000,300.000,300.000,225.000,-1,-1,-1,-1,650.000,700.000,-1,-1,2,0,2,0,2,0,0,0,1,2,2,2,2,0,0,2,2
60,-1561.267,-9127.332,-420.976,-154.662,-0.901771,0.427839,0.061347,-0.428486,-0.903544,0.002863,0.056655,-0.023704,0.998112,0,0.64578,-1.00000,38.747,-2.000,-1,375.000,-1,375.000,-1,300.000,300.000,300.000,225.000,-1,975.000,-1,-1,675.000,725.000,-1,-1,2,0,2,0,2,0,0,0,1,2,0,2,2,0,0,2,2
61,-1596.827,-9142.673,-419.285,-156.662,-0.916065,0.396099,0.062698,-0.396375,-0.918049,0.008511,0.060931,-0.017055,0.997996,0,0.64546,-1.00000,38.728,-2.000,-1,375.000,-1,375.000,-1,300.000,300.000,300.000,225.000,-1,875.000,900.000,-1,675.000,725.000,-1,-1,2,0,2,0,2,0,0,0,1,2,0,0,2,0,0,2,2
62,-1632.898,-9156.764,-417.670,-158.662,-0.929220,0.363853,0.064512,-0.363705,-0.931402,0.014435,0.065339,-0.010050,0.997812,0,0.64542,-1.00000,38.725,-2.000,-1,375.000,-1,375.000,-1,300.000,300.000,300.000,225.000,-1,775.000,775.000,-1,700.000,750.000,-1,-1,2,0,2,0,2,0,0,0,1,2,0,0,2,0,0,2,2
63,-1669.451,-9169.593,-416.127,-160.662,-0.941212,0.331141,0.066824,-0.330511,-0.943577,0.020597,0.069874,-0.002699,0.997552,0,0.64564,-1.00000,38.738,-2.000,-1,375.000,-1,375.000,-1,325.000,325.000,300.000,225.000,-1,675.000,675.000,500.000,725.000,750.000,-1,-1,2,0,2,0,2,0,0,0,1,2,0,0,1,0,0,2,2
64,-1706.455,-9181.147,-414.657,-162.662,-0.952019,0.298007,0.069658,-0.296828,-0.954551,0.026946,0.074522,0.004977,0.997207,0,0.64608,-1.00000,38.765,-2.000,-1,400.000,-1,400.000,-1,325.000,325.000,300.000,225.000,-1,575.000,575.000,425.000,775.000,750.000,-1,-1,2,0,2,0,2,0,0,0,1,2,0,0,1,0,0,2,2
65,-1743.877,-9191.412,-412.052,-164.662,-0.961780,0.264505,0.070824,-0.263131,-0.964347,0.028242,0.075769,0.008527,0.997089,0,0.64674,-1.00000,38.804,-2.000,-1,400.000,-1,400.000,-1,325.000,325.000,325.000,225.000,-1,575.000,575.000,450.000,775.000,750.000,-1,-1,2,0,2,0,2,0,0,0,1,2,0,0,1,0,0,2,2
66,-1781.685,-9200.376,-409.210,-166.662,-0.970392,0.230683,0.071588,-0.229193,-0.972964,0.028484,0.076224,0.011233,0.997027,0,0.64759,-1.00000,38.856,-2.000,-1,400.000,-1,400.000,-1,325.000,325.000,325.000,225.000,-1,600.000,600.000,475.000,775.000,775.000,-1,-1,2,0,2,0,2,0,0,0,1,2,0,0,1,0,0,2,2
67,-1819.843,-9208.028,-406.369,-168.662,-0.977815,0.196580,0.072350,-0.194973,-0.980388,0.028703,0.076574,0.013959,0.996966,0,0.64863,-1.00000,38.918,-2.000,-1,400.000,-1,400.000,875.000,325.000,325.000,325.000,225.000,-1,625.000,625.000,500.000,800.000,775.000,-1,-1,2,0,2,0,1,0,0,0,1,2,0,0,1,0,0,2,2
68,-1858.316,-9214.355,-403.534,-170.662,-0.984039,0.162238,0.073113,-0.160515,-0.986610,0.028897,0.076822,0.016700,0.996905,0,0.64982,-1.00000,38.989,-2.000,-1,400.000,-1,400.000,775.000,325.000,325.000,325.000,225.000,-1,650.000,625.000,525.000,800.000,775.000,-1,-1,2,0,2,0,1,0,0,0,1,2,0,0,1,0,0,2,2
69,-1901.723,-9220.131,-400.373,-172.422,-0.988506,0.131854,0.073962,-0.130019,-0.991084,0.029115,0.077141,0.019164,0.996836,0,0.72982,-0.88000,43.789,-1.760,-1,400.000,-1,400.000,725.000,325.000,325.000,325.000,225.000,-1,675.000,650.000,525.000,800.000,775.000,-1,-1,2,0,2,0,1,0,0,0,1,2,0,0,1,0,0,2,2
70,-1950.041,-9225.260,-396.812,-173.942,-0.991610,0.105514,0.074677,-0.103602,-0.994195,0.029043,0.077308,0.021063,0.996785,0,0.80982,-0.76000,48.589,-1.520,-1,400.000,-1,400.000,675.000,325.000,325.000,300.000,225.000,-1,700.000,675.000,525.000,800.000,775.000,-1,-1,2,0,2,0,1,0,0,0,1,2,0,0,1,1,0,2,2
71,-1999.460,-9229.391,-393.109,-175.222,-0.993718,0.083276,0.074759,-0.081325,-0.996272,0.028779,0.076877,0.022518,0.996786,0,0.82653,-0.64000,49.592,-1.280,-1,400.000,-1,400.000,650.000,325.000,325.000,300.000,225.000,-1,750.000,725.000,525.000,800.000,775.000,-1,-1,2,0,2,0,1,0,0,0,1,2,0,0,1,1,0,2,2
72,-2053.736,-9232.937,-389.147,-176.262,-0.995122,0.065179,0.074054,-0.063248,-0.997602,0.028122,0.075709,0.023301,0.996858,0,0.90653,-0.52000,54.392,-1.040,-1,400.000,-1,400.000,625.000,325.000,325.000,300.000,225.000,-1,825.000,800.000,525.000,775.000,775.000,-1,-1,2,0,2,0,1,0,0,0,1,2,0,0,1,1,0,2,2
73,-2107.871,-9235.716,-385.216,-177.062,-0.995989,0.051243,0.073343,-0.049343,-0.998403,0.027496,0.074635,0.023767,0.996928,0,0.90345,-0.40000,54.207,-0.800,-1,400.000,-1,400.000,600.000,325.000,325.000,300.000,225.000,-1,900.000,875.000,525.000,775.000,750.000,-1,-1,2,0,2,0,1,0,0,0,1,2,0,0,1,1,0,2,2
74,-2161.533,-9237.944,-381.335,-177.622,-0.996496,0.041482,0.072634,-0.039620,-0.998853,0.026897,0.073667,0.023925,0.996996,0,0.89513,-0.28000,53.708,-0.560,-1,400.000,-1,400.000,575.000,325.000,325.000,300.000,225.000,-1,975.000,950.000,525.000,775.000,750.000,-1,-1,2,0,2,0,1,0,0,0,1,2,0,0,1,1,0,2,2
75,-2214.663,-9239.854,-377.501,-177.942,-0.996763,0.035903,0.071934,-0.034087,-0.999072,0.026320,0.072812,0.023783,0.997062,0,0.88608,-0.16000,53.165,-0.320,1000.000,400.000,-1,400.000,575.000,325.000,325.000,300.000,225.000,-1,-1,-1,500.000,750.000,750.000,-1,-1,1,0,2,0,1,0,0,0,1,2,2,2,1,1,0,2,2
76,-2267.217,-9241.668,-373.711,-178.022,-0.996862,0.034509,0.071246,-0.032746,-0.999132,0.025764,0.072073,0.023350,0.997126,0,0.87643,-0.04000,52.586,-0.080,950.000,400.000,-1,400.000,600.000,325.000,325.000,300.000,225.000,-1,-1,-1,500.000,750.000,750.000,-1,-1,1,0,2,0,1,0,0,0,1,2,2,2,1,1,0,2,2
77,-2319.161,-9243.607,-369.962,-177.862,-0.996809,0.037299,0.070574,-0.035597,-0.999048,0.025227,0.071448,0.022634,0.997188,0,0.86633,0.08000,51.980,0.160,900.000,400.000,-1,400.000,650.000,325.000,325.000,300.000,225.000,-1,-1,-1,500.000,750.000,750.000,-1,-1,1,0,2,0,1,0,0,0,1,2,2,2,1,1,0,2,2
78,-2370.475,-9245.740,-366.254,-177.620,-0.996688,0.041521,0.069915,-0.039880,-0.998899,0.024706,0.070864,0.021836,0.997247,0,0.85598,0.12105,51.359,0.242,850.000,400.000,-1,400.000,-1,325.000,325.000,300.000,225.000,-1,-1,-1,525.000,725.000,750.000,975.000,-1,1,0,2,0,2,0,0,0,1,2,2,2,1,1,0,1,2
79,-2421.199,-9248.078,-362.583,-177.360,-0.996535,0.046047,0.069266,-0.044465,-0.998718,0.024200,0.070292,0.021036,0.997305,0,0.84630,0.12978,50.778,0.260,800.000,400.000,-1,400.000,-1,325.000,325.000,300.000,225.000,-1,-1,-1,525.000,725.000,750.000,925.000,-1,1,0,2,0,2,0,0,0,1,2,2,2,1,1,0,1,2
80,-2471.395,-9250.637,-358.945,-177.082,-0.996343,0.050901,0.068627,-0.049378,-0.998499,0.023710,0.069731,0.020234,0.997361,0,0.83768,0.13923,50.261,0.278,750.000,400.000,-1,400.000,-1,325.000,325.000,300.000,250.000,-1,-1,-1,525.000,700.000,725.000,875.000,-1,1,0,2,0,2,0,0,0,1,2,2,2,1,1,0,1,2
81,-2521.124,-9253.432,-355.334,-176.783,-0.996107,0.056106,0.067996,-0.054640,-0.998236,0.023235,0.069179,0.019430,0.997415,0,0.83013,0.14935,49.808,0.299,725.000,400.000,-1,400.000,-1,325.000,325.000,300.000,250.000,-1,-1,-1,525.000,700.000,725.000,850.000,-1,1,0,2,0,2,0,0,0,1,2,2,2,1,1,0,1,2
82,-2570.450,-9256.480,-351.747,-176.463,-0.995819,0.061685,0.067372,-0.060274,-0.997922,0.022778,0.068637,0.018622,0.997468,0,0.82367,0.16010,49.420,0.320,675.000,400.000,-1,375.000,-1,325.000,325.000,300.000,250.000,-1,-1,-1,525.000,675.000,725.000,800.000,-1,1,0,2,0,2,0,0,0,1,2,2,2,1,1,0,1,2
83,-2619.436,-9259.802,-348.197,-176.120,-0.995468,0.067657,0.066824,-0.066294,-0.997548,0.022416,0.068177,0.017884,0.997513,0,0.81832,0.17146,49.099,0.343,625.000,400.000,-1,375.000,-1,325.000,325.000,300.000,250.000,-1,-1,-1,525.000,675.000,725.000,750.000,-1,1,0,2,0,2,0,0,0,1,2,2,2,1,1,0,1,2
84,-2663.629,-9262.879,-345.051,-176.017,-0.995340,0.069450,0.066900,-0.068115,-0.997434,0.022034,0.068259,0.017375,0.997516,0,0.73832,0.05146,44.299,0.103,600.000,400.000,-1,375.000,-1,325.000,325.000,300.000,250.000,-1,-1,-1,525.000,675.000,725.000,725.000,-1,1,1,2,0,2,0,0,0,1,2,2,2,1,1,0,1,2
85,-2706.995,-9265.795,-341.928,-176.154,-0.995470,0.067064,0.067392,-0.065727,-0.997598,0.021855,0.068696,0.017326,0.997487,0,0.72440,-0.06854,43.464,-0.137,575.000,400.000,-1,400.000,-1,325.000,325.000,300.000,250.000,-1,-1,-1,525.000,650.000,725.000,700.000,-1,1,1,2,0,2,0,0,0,1,2,2,2,1,1,0,1,2
86,-2750.246,-9268.416,-338.820,-176.531,-0.995856,0.060497,0.067901,-0.059150,-0.998014,0.021668,0.069077,0.017562,0.997457,0,0.72217,-0.18854,43.330,-0.377,550.000,400.000,-1,400.000,-1,325.000,325.000,300.000,250.000,-1,-1,-1,550.000,675.000,725.000,-1,-1,1,1,2,0,2,0,0,0,1,2,2,2,1,1,0,2,2
87,-2793.447,-9270.569,-335.742,-177.148,-0.996419,0.049744,0.068365,-0.048386,-0.998600,0.021390,0.069333,0.018005,0.997431,0,0.72091,-0.30854,43.255,-0.617,525.000,400.000,-1,400.000,-1,325.000,325.000,300.000,250.000,-1,-1,-1,550.000,675.000,725.000,-1,-1,1,0,2,0,2,0,0,0,1,2,2,2,1,1,0,2,2
88,-2836.656,-9272.074,-332.717,-178.005,-0.997029,0.034801,0.068711,-0.033436,-0.999222,0.020912,0.069385,0.018553,0.997417,0,0.72059,-0.42854,43.235,-0.857,500.000,400.000,-1,400.000,-1,325.000,325.000,300.000,250.000,-1,-1,-1,575.000,700.000,725.000,-1,-1,1,0,2,0,2,0,0,0,1,2,2,2,1,1,0,2,2
89,-2879.920,-9272.751,-329.770,-179.102,-0.997505,0.015663,0.068840,-0.014309,-0.999695,0.020115,0.069134,0.019080,0.997425,0,0.72115,-0.54854,43.269,-1.097,500.000,400.000,-1,400.000,-1,325.000,325.000,300.000,250.000,-1,-1,-1,575.000,725.000,725.000,-1,-1,1,0,2,0,2,0,0,0,1,2,2,2,1,1,0,2,2
90,-2923.271,-9272.419,-326.936,-180.439,-0.997613,-0.007668,0.068622,0.008983,-0.999782,0.018867,0.068462,0.019439,0.997464,0,0.72255,-0.66854,43.353,-1.337,475.000,400.000,-1,400.000,-1,325.000,325.000,300.000,250.000,-1,-1,-1,625.000,725.000,700.000,-1,-1,1,0,2,0,2,0,0,1,1,2,2,2,1,1,0,2,2
91,-2966.732,-9270.986,-324.228,-181.888,-0.997143,-0.032936,0.067972,0.034175,-0.999269,0.017142,0.067358,0.019416,0.997540,0,0.72474,-0.72418,43.484,-1.448,550.000,400.000,-1,375.000,-1,325.000,325.000,275.000,250.000,-1,-1,-1,650.000,750.000,700.000,-1,-1,1,0,2,0,2,0,0,1,1,2,2,2,1,1,0,2,2
92,-3010.292,-9268.459,-321.645,-183.320,-0.996081,-0.057895,0.066863,0.059020,-0.998144,0.014981,0.065871,0.018868,0.997650,0,0.72722,-0.71588,43.633,-1.432,-1,400.000,-1,375.000,-1,325.000,325.000,275.000,250.000,-1,-1,-1,675.000,750.000,700.000,-1,-1,2,0,2,0,2,0,0,1,1,2,2,2,1,1,0,2,2
93,-3053.915,-9264.846,-319.041,-184.735,-0.994414,-0.082526,0.065799,0.083550,-0.996419,0.012976,0.064492,0.018401,0.997749,0,0.72955,-0.70750,43.773,-1.415,-1,400.000,-1,375.000,-1,325.000,325.000,250.000,250.000,-1,-1,-1,725.000,750.000,675.000,-1,-1,2,0,2,0,2,0,0,1,1,2,2,2,1,0,0,2,2
94,-3101.734,-9259.896,-315.866,-185.910,-0.992506,-0.102940,0.065836,0.103947,-0.994510,0.012056,0.064233,0.018810,0.997758,0,0.80124,-0.58750,48.075,-1.175,-1,400.000,1000.000,375.000,-1,325.000,300.000,250.000,250.000,-1,-1,-1,750.000,725.000,675.000,975.000,-1,2,0,1,0,2,0,0,1,1,2,2,2,1,0,0,1,2
95,-3149.302,-9254.187,-312.715,-186.845,-0.990685,-0.119154,0.065915,0.120136,-0.992695,0.011118,0.064109,0.018933,0.997763,0,0.79848,-0.46750,47.909,-0.935,-1,375.000,950.000,375.000,-1,325.000,300.000,225.000,250.000,-1,-1,-1,750.000,725.000,675.000,900.000,-1,2,0,1,0,2,0,0,1,1,2,2,2,1,0,0,1,2
96,-3199.333,-9247.565,-309.406,-187.540,-0.989155,-0.131187,0.066043,0.132129,-0.991181,0.010090,0.064137,0.018706,0.997766,0,0.84113,-0.34750,50.468,-0.695,950.000,375.000,900.000,375.000,-1,325.000,300.000,225.000,250.000,-1,-1,-1,775.000,725.000,675.000,850.000,975.000,1,0,1,0,2,0,0,1,1,2,2,2,1,0,0,1,1
97,-3248.823,-9240.614,-306.083,-187.995,-0.988077,-0.139055,0.066090,0.139961,-0.990114,0.009257,0.064149,0.018396,0.997771,0,0.83294,-0.22750,49.976,-0.455,875.000,375.000,850.000,375.000,-1,300.000,300.000,225.000,250.000,-1,-1,-1,750.000,725.000,675.000,800.000,925.000,1,0,1,0,2,0,0,1,1,2,2,2,1,1,0,1,1
98,-3297.778,-9233.375,-302.509,-188.412,-0.986987,-0.146263,0.066817,0.147212,-0.989060,0.009468,0.064701,0.019181,0.997720,0,0.82478,-0.20875,49.487,-0.417,825.000,375.000,800.000,375.000,1000.000,300.000,300.000,225.000,250.000,-1,-1,-1,750.000,675.000,675.000,750.000,875.000,1,0,1,0,1,0,0,1,1,2,2,2,1,1,0,1,1
99,-3346.173,-9225.860,-298.936,-188.826,-0.985835,-0.153411,0.067789,0.154371,-0.987971,0.009122,0.065574,0.019457,0.997658,0,0.81625,-0.20717,48.975,-0.414,750.000,375.000,750.000,375.000,950.000,300.000,300.000,225.000,250.000,-1,-1,-1,725.000,625.000,675.000,700.000,825.000,1,0,1,0,1,0,0,1,1,2,2,2,1,1,0,1,1
100,-3393.989,-9218.083,-295.375,-189.238,-0.984616,-0.160514,0.069044,0.161454,-0.986846,0.008225,0.066815,0.019246,0.997580,0,0.80740,-0.20605,48.444,-0.412,700.000,375.000,725.000,375.000,900.000,300.000,300.000,225.000,250.000,-1,-1,-1,725.000,600.000,675.000,650.000,775.000,1,0,1,0,1,0,0,1,1,2,2,2,1,1,1,1,1
101,-3441.212,-9210.053,-291.904,-189.649,-0.983339,-0.167586,0.070416,0.168491,-0.985678,0.007071,0.068222,0.018818,0.997493,0,0.79835,-0.20539,47.901,-0.411,650.000,375.000,675.000,375.000,850.000,300.000,300.000,225.000,250.000,-1,-1,-1,725.000,550.000,625.000,600.000,750.000,1,0,1,0,1,0,0,1,1,2,2,2,1,1,1,1,1
102,-3483.666,-9202.607,-288.835,-189.949,-0.982349,-0.172738,0.071778,0.173590,-0.984801,0.005750,0.069694,0.018109,0.997404,0,0.71835,-0.14974,43.101,-0.299,600.000,375.000,625.000,375.000,825.000,325.000,300.000,225.000,275.000,-1,-1,-1,700.000,525.000,600.000,550.000,700.000,1,0,1,0,1,0,0,1,1,2,2,2,1,1,1,1,1
103,-3521.356,-9195.792,-286.140,-190.249,-0.981333,-0.177891,0.073073,0.178683,-0.983897,0.004390,0.071116,0.017365,0.997317,0,0.63835,-0.14990,38.301,-0.300,550.000,375.000,600.000,375.000,775.000,325.000,300.000,225.000,275.000,-1,850.000,-1,700.000,475.000,575.000,525.000,675.000,1,0,1,0,1,0,0,1,1,2,0,2,1,1,1,1,1
104,-3554.291,-9189.658,-283.809,-190.549,-0.980294,-0.183054,0.074268,0.183784,-0.982962,0.003056,0.072443,0.016645,0.997234,0,0.55835,-0.15034,33.501,-0.301,525.000,375.000,550.000,375.000,750.000,325.000,300.000,225.000,275.000,-1,750.000,950.000,675.000,450.000,525.000,475.000,625.000,1,0,1,0,1,0,0,1,1,2,0,0,1,1,1,1,1
105,-3582.479,-9184.255,-281.782,-190.851,-0.979240,-0.188233,0.075217,0.188917,-0.981991,0.002027,0.073481,0.016195,0.997165,0,0.47835,-0.15095,28.701,-0.302,475.000,375.000,525.000,375.000,725.000,325.000,300.000,225.000,275.000,-1,700.000,875.000,675.000,425.000,525.000,450.000,600.000,1,0,1,0,1,0,0,1,1,2,0,0,1,1,1,1,1
106,-3605.929,-9179.631,-280.021,-191.154,-0.978180,-0.193428,0.075831,0.194098,-0.980981,0.001493,0.074100,0.016179,0.997120,0,0.39835,-0.15164,23.901,-0.303,450.000,375.000,525.000,375.000,700.000,325.000,300.000,225.000,275.000,-1,675.000,825.000,675.000,425.000,500.000,425.000,575.000,1,1,1,0,1,0,0,1,1,2,0,0,1,1,1,1,1
107,-3624.650,-9175.836,-278.612,-191.459,-0.977096,-0.198641,0.076320,0.199302,-0.979938,0.001060,0.074579,0.016247,0.997083,0,0.31835,-0.15234,19.101,-0.305,425.000,350.000,500.000,375.000,675.000,325.000,325.000,250.000,300.000,-1,650.000,800.000,675.000,400.000,475.000,400.000,575.000,1,1,1,0,1,0,0,1,1,2,0,0,1,1,1,1,1
108,-3638.651,-9172.920,-277.557,-191.765,-0.975990,-0.203871,0.076687,0.204528,-0.978861,0.000730,0.074917,0.016397,0.997055,0,0.23835,-0.15297,14.301,-0.306,425.000,350.000,475.000,375.000,650.000,325.000,325.000,250.000,300.000,-1,625.000,775.000,675.000,375.000,475.000,400.000,550.000,1,1,1,0,1,0,0,1,1,2,0,0,1,1,1,1,1
109,-3647.942,-9170.933,-276.856,-192.072,-0.974861,-0.209112,0.076931,0.209771,-0.977750,0.000504,0.075114,0.016629,0.997036,0,0.15835,-0.15350,9.501,-0.307,400.000,350.000,475.000,375.000,650.000,325.000,325.000,250.000,300.000,-1,625.000,750.000,675.000,375.000,450.000,375.000,550.000,1,1,1,0,1,1,0,1,1,2,0,0,1,1,1,1,1
110,-3661.898,-9167.809,-275.803,-192.619,-0.972785,-0.218435,0.077299,0.219102,-0.975702,0.000155,0.075387,0.017087,0.997008,0,0.23835,-0.27350,14.301,-0.547,375.000,325.000,450.000,375.000,650.000,325.000,325.000,250.000,300.000,-1,600.000,725.000,675.000,375.000,450.000,375.000,550.000,1,1,1,0,1,1,0,1,1,2,0,0,1,1,1,1,1
111,-3680.479,-9163.380,-274.379,-193.406,-0.969642,-0.231813,0.077831,0.232487,-0.972599,-0.000414,0.075794,0.017693,0.996966,0,0.31835,-0.39350,19.101,-0.787,350.000,325.000,450.000,375.000,625.000,300.000,325.000,250.000,300.000,-1,575.000,700.000,700.000,350.000,450.000,350.000,525.000,1,1,1,1,1,1,1,1,1,2,0,0,1,1,1,1,1
112,-3703.626,-9157.423,-272.587,-194.433,-0.965263,-0.249205,0.078517,0.249884,-0.968275,-0.001211,0.076328,0.018451,0.996912,0,0.39835,-0.51350,23.901,-1.027,325.000,300.000,425.000,375.000,625.000,300.000,325.000,250.000,300.000,-1,550.000,650.000,725.000,325.000,425.000,325.000,525.000,1,1,1,1,1,1,1,1,0,2,0,0,1,1,1,1,1
113,-3731.257,-9149.657,-270.441,-195.700,-0.959432,-0.270549,0.079328,0.271235,-0.962511,-0.002209,0.076951,0.019397,0.996846,0,0.47835,-0.63350,28.701,-1.267,300.000,275.000,400.000,350.000,600.000,275.000,300.000,250.000,300.000,-1,525.000,625.000,750.000,300.000,400.000,300.000,500.000,1,1,1,1,1,1,1,1,0,2,0,0,1,1,1,1,1
114,-3763.259,-9139.747,-267.945,-197.207,-0.951885,-0.295762,0.080250,0.296454,-0.955041,-0.003426,0.077655,0.020530,0.996769,0,0.55835,-0.75350,33.501,-1.507,250.000,250.000,375.000,325.000,600.000,250.000,275.000,275.000,300.000,550.000,500.000,575.000,800.000,275.000,375.000,250.000,475.000,1,1,1,1,1,1,1,1,0,1,0,0,1,1,1,1,1
115,-3794.996,-9128.923,-265.457,-198.832,-0.943013,-0.322712,0.081140,0.323413,-0.946246,-0.004714,0.078300,0.021796,0.996692,0,0.55886,-0.81235,33.532,-1.625,225.000,225.000,350.000,300.000,575.000,225.000,275.000,275.000,300.000,475.000,475.000,525.000,825.000,250.000,375.000,225.000,450.000,1,1,1,1,1,1,1,1,0,1,0,0,1,1,1,1,1
116,-3826.039,-9117.341,-262.951,-200.462,-0.933357,-0.349483,0.081888,0.350212,-0.936653,-0.005756,0.078712,0.023306,0.996625,0,0.55222,-0.81492,33.133,-1.630,175.000,200.000,325.000,300.000,550.000,200.000,250.000,275.000,300.000,450.000,450.000,525.000,900.000,225.000,350.000,175.000,450.000,1,1,1,1,1,1,1,1,0,1,0,0,1,1,1,1,1
117,-3856.410,-9105.011,-260.361,-202.097,-0.922925,-0.376054,0.082419,0.376854,-0.926252,-0.006216,0.078678,0.025322,0.996578,0,0.54631,-0.81771,32.779,-1.635,150.000,175.000,300.000,275.000,550.000,200.000,225.000,300.000,300.000,425.000,475.000,525.000,950.000,200.000,325.000,150.000,425.000,1,1,1,1,1,1,1,1,0,1,0,0,1,1,1,1,1
118,-3886.145,-9091.959,-251.416,-203.738,-0.908725,-0.401982,0.112381,0.405444,-0.914077,0.008850,0.099167,0.053606,0.993626,0,0.54113,-0.82072,32.468,-1.641,150.000,175.000,300.000,275.000,550.000,175.000,225.000,350.000,300.000,450.000,300.000,225.000,750.000,200.000,325.000,150.000,425.000,1,1,1,1,1,1,1,1,0,1,0,0,1,1,1,1,1
119,-3919.776,-9075.883,-240.352,-205.620,-0.889725,-0.430665,0.151387,0.439095,-0.898070,0.025803,0.124843,0.089431,0.988138,0,0.62113,-0.94072,37.268,-1.881,125.000,200.000,325.000,275.000,575.000,200.000,225.000,450.000,275.000,525.000,225.000,125.000,600.000,225.000,350.000,125.000,450.000,1,1,1,1,1,1,1,1,0,1,0,0,1,1,1,1,1
120,-3957.119,-9056.485,-228.369,-207.548,-0.867158,-0.458707,0.193970,0.474376,-0.879358,0.041199,0.151671,0.127740,0.980142,0,0.70113,-0.96424,42.068,-1.928,125.000,200.000,350.000,275.000,600.000,200.000,225.000,450.000,250.000,600.000,200.000,75.000,450.000,225.000,350.000,125.000,450.000,1,1,1,1,1,1,1,1,0,1,0,0,1,1,1,1,1
121,-3997.883,-9033.577,-215.618,-209.460,-0.841245,-0.484826,0.239273,0.510191,-0.858329,0.054564,0.178921,0.167976,0.969418,0,0.77905,-0.95579,46.743,-1.912,125.000,200.000,375.000,300.000,650.000,200.000,225.000,425.000,225.000,725.000,200.000,50.000,300.000,225.000,375.000,125.000,475.000,1,1,1,1,1,1,1,1,0,1,0,0,0,1,1,1,1
122,-9511.021,6887.279,-340.368,-118.540,-0.476227,0.878474,-0.038617,-0.874713,-0.477764,-0.081359,-0.089921,-0.004967,0.995936,1,0.00000,0.00000,46.938,-1.892,-1,400.000,-1,375.000,525.000,325.000,325.000,300.000,300.000,-1,-1,-1,-1,750.000,725.000,-1,-1,2,0,2,0,1,0,0,0,0,2,2,2,2,0,0,2,2
123,-9513.332,6883.071,-340.798,-118.780,-0.479924,0.876463,-0.038542,-0.872690,-0.481438,-0.081422,-0.089919,-0.005441,0.995934,0,0.08000,-0.12000,4.800,-0.240,-1,400.000,-1,375.000,525.000,325.000,325.000,300.000,300.000,-1,-1,-1,-1,750.000,700.000,-1,-1,2,0,2,0,1,0,0,0,0,2,2,2,2,0,0,2,2
124,-9518.024,6874.696,-341.655,-119.260,-0.487293,0.872394,-0.038391,-0.868598,-0.488761,-0.081549,-0.089907,-0.006392,0.995930,0,0.16000,-0.24000,9.600,-0.480,-1,400.000,-1,375.000,500.000,325.000,325.000,300.000,300.000,-1,-1,-1,-1,750.000,700.000,-1,-1,2,0,2,0,1,0,0,0,0,2,2,2,2,0,0,2,2
125,-9525.219,6862.223,-342.941,-119.980,-0.498282,0.866175,-0.038160,-0.862344,-0.499680,-0.081744,-0.089872,-0.007825,0.995923,0,0.24000,-0.36000,14.400,-0.720,-1,400.000,-1,375.000,500.000,325.000,325.000,300.000,300.000,-1,-1,-1,-1,750.000,700.000,-1,-1,2,0,2,0,1,0,0,0,0,2,2,2,2,0,0,2,2
126,-9535.090,6845.755,-344.651,-120.940,-0.512811,0.857667,-0.037847,-0.853792,-0.514114,-0.082011,-0.089796,-0.009743,0.995913,0,0.32000,-0.48000,19.200,-0.960,-1,400.000,-1,375.000,475.000,325.000,325.000,300.000,300.000,-1,-1,-1,-1,750.000,700.000,-1,-1,2,0,2,0,1,0,0,0,0,2,2,2,2,0,0,2,2
127,-9547.857,6825.432,-346.783,-122.140,-0.530768,0.846690,-0.037446,-0.842762,-0.531948,-0.082355,-0.089649,-0.012153,0.995899,0,0.40000,-0.60000,24.000,-1.200,-1,400.000,-1,375.000,450.000,325.000,325.000,300.000,300.000,-1,-1,-1,-1,750.000,700.000,-1,-1,2,0,2,0,1,0,0,0,0,2,2,2,2,0,0,2,2
128,-9563.783,6801.436,-349.292,-123.574,-0.551912,0.833080,-0.037018,-0.829110,-0.552952,-0.082586,-0.089270,-0.014889,0.995896,0,0.48000,-0.71705,28.800,-1.434,-1,400.000,-1,375.000,425.000,325.000,325.000,300.000,300.000,-1,-1,-1,-1,750.000,700.000,-1,-1,2,0,2,0,1,0,0,0,0,2,2,2,2,0,0,2,2
129,-9583.062,6773.917,-352.107,-125.015,-0.572803,0.818877,-0.036570,-0.814911,-0.573707,-0.082340,-0.088407,-0.017363,0.995933,0,0.56000,-0.72061,33.600,-1.441,-1,400.000,-1,375.000,400.000,325.000,325.000,300.000,300.000,-1,-1,-1,-1,750.000,700.000,-1,-1,2,0,2,0,1,0,0,0,0,2,2,2,2,0,0,2,2
130,-9605.885,6743.036,-355.385,-126.468,-0.593522,0.804029,-0.035622,-0.800080,-0.594245,-0.082125,-0.087199,-0.020242,0.995985,0,0.64000,-0.72616,38.400,-1.452,-1,400.000,-1,375.000,375.000,325.000,325.000,300.000,300.000,-1,-1,-1,-1,750.000,700.000,-1,-1,2,0,2,0,1,0,0,0,0,2,2,2,2,0,0,2,2
