timestep,x_cm,y_cm,z_cm,yaw_deg,basis_xx,basis_xy,basis_xz,basis_yx,basis_yy,basis_yz,basis_zx,basis_zy,basis_zz,teleport_flag,throttle_cmd,steering_cmd,cmd_move_cm,cmd_turn_deg,lidar_cm_0,lidar_cm_1,lidar_cm_2,lidar_cm_3,lidar_cm_4,lidar_cm_5,lidar_cm_6,lidar_cm_7,lidar_cm_8,lidar_cm_9,lidar_cm_10,lidar_cm_11,lidar_cm_12,lidar_cm_13,lidar_cm_14,lidar_cm_15,lidar_cm_16,lidar_class_0,lidar_class_1,lidar_class_2,lidar_class_3,lidar_class_4,lidar_class_5,lidar_class_6,lidar_class_7,lidar_class_8,lidar_class_9,lidar_class_10,lidar_class_11,lidar_class_12,lidar_class_13,lidar_class_14,lidar_class_15,lidar_class_16
0,764.168,-1067.443,-18.278,-144.724,-0.815193,0.573219,-0.082952,-0.578986,-0.810300,0.090491,-0.015345,0.121795,0.992437,0,0.08000,-0.12000,4.800,-0.240,325.000,250.000,-1,325.000,-1,225.000,250.000,450.000,275.000,-1,275.000,275.000,-1,350.000,775.000,325.000,-1,1,1,2,1,2,1,1,1,0,2,0,0,2,1,1,1,2
1,4919.748,-1639.939,498.945,-73.529,0.218950,0.951354,-0.216764,-0.904312,0.281284,0.321091,0.366443,0.125719,0.921908,1,0.00000,0.00000,9.600,-0.480,-1,-1,-1,225.000,175.000,525.000,225.000,125.000,300.000,125.000,350.000,300.000,550.000,-1,275.000,-1,175.000,2,2,2,1,1,1,1,1,1,1,0,0,0,2,1,2,1
2,327.809,-9510.956,-82.753,75.362,0.267578,-0.957925,-0.103838,0.955746,0.250192,0.154770,-0.122279,-0.140655,0.982478,1,0.00000,0.00000,4.800,0.240,350.000,300.000,-1,350.000,-1,275.000,275.000,275.000,425.000,-1,-1,50.000,450.000,475.000,575.000,400.000,-1,0,0,2,0,2,0,0,0,1,2,2,1,1,0,0,0,2
3,9514.252,-6227.806,145.306,47.223,0.675176,-0.731230,0.097156,0.736022,0.676574,-0.022778,-0.049077,0.086888,0.995009,1,0.08000,-0.12000,4.800,-0.240,575.000,325.000,-1,350.000,1000.000,275.000,275.000,300.000,325.000,-1,300.000,225.000,800.000,500.000,550.000,575.000,800.000,0,0,2,0,0,0,0,0,0,2,0,0,0,0,0,0,0
4,9520.831,-6220.814,144.831,46.743,0.681404,-0.725552,0.096243,0.730313,0.682691,-0.023996,-0.048293,0.086638,0.995069,0,0.16000,-0.24000,9.600,-0.480,575.000,325.000,-1,350.000,-1,275.000,275.000,300.000,325.000,-1,300.000,225.000,800.000,500.000,575.000,575.000,800.000,0,0,2,0,2,0,0,0,0,2,0,0,0,0,0,0,0
5,9530.830,-6210.451,144.106,46.023,0.690654,-0.716940,0.094840,0.721650,0.691777,-0.025809,-0.047105,0.086266,0.995158,0,0.24000,-0.36000,14.400,-0.720,575.000,325.000,-1,350.000,-1,275.000,275.000,300.000,325.000,-1,300.000,200.000,800.000,500.000,575.000,575.000,825.000,0,0,2,0,2,0,0,0,0,2,0,0,0,0,0,0,0
6,9544.392,-6196.860,143.117,45.063,0.702816,-0.705279,0.092908,0.709916,0.703722,-0.028196,-0.045495,0.085774,0.995275,0,0.32000,-0.48000,19.200,-0.960,575.000,325.000,-1,350.000,-1,275.000,275.000,300.000,325.000,-1,275.000,200.000,775.000,525.000,575.000,575.000,850.000,0,0,2,0,2,0,0,0,0,2,0,0,0,0,0,0,0
7,9561.695,-6180.228,142.289,43.863,0.717552,-0.690317,0.092638,0.695059,0.718265,-0.031420,-0.044849,0.086934,0.995204,0,0.40000,-0.60000,24.000,-1.200,575.000,325.000,-1,350.000,-1,275.000,275.000,300.000,325.000,-1,275.000,200.000,775.000,525.000,575.000,575.000,850.000,0,0,2,0,2,0,0,0,0,2,0,0,0,0,0,0,0
8,9582.955,-6160.797,141.279,42.423,0.734812,-0.671957,0.092333,0.676834,0.735286,-0.035367,-0.044126,0.088482,0.995100,0,0.48000,-0.72000,28.800,-1.440,575.000,325.000,-1,350.000,-1,275.000,275.000,300.000,325.000,-1,300.000,200.000,775.000,525.000,575.000,575.000,875.000,0,0,2,0,2,0,0,0,0,2,0,0,0,0,0,0,0
9,9608.411,-6138.865,140.021,40.743,0.754370,-0.650000,0.091798,0.655027,0.754540,-0.040111,-0.043193,0.090389,0.994969,0,0.56000,-0.84000,33.600,-1.680,600.000,325.000,-1,350.000,-1,275.000,275.000,300.000,325.000,-1,325.000,225.000,750.000,525.000,575.000,600.000,875.000,0,0,2,0,2,0,0,0,0,2,0,0,0,0,0,0,0
10,9638.261,-6114.708,138.535,38.979,0.774239,-0.626339,0.090846,0.631509,0.774034,-0.045474,-0.041836,0.092578,0.994826,0,0.64000,-0.88196,38.400,-1.764,600.000,325.000,-1,350.000,-1,275.000,300.000,300.000,325.000,-1,325.000,225.000,725.000,525.000,575.000,600.000,900.000,0,0,2,0,2,0,0,0,0,2,0,0,0,0,0,0,0
11,9672.663,-6088.576,136.824,37.215,0.793421,-0.602076,0.089380,0.607363,0.792761,-0.051385,-0.039919,0.095056,0.994671,0,0.72000,-0.88196,43.200,-1.764,625.000,325.000,-1,350.000,-1,275.000,300.000,325.000,300.000,-1,350.000,250.000,725.000,525.000,575.000,625.000,925.000,0,0,2,0,2,0,0,0,0,2,0,0,0,0,0,0,0
12,9709.864,-6062.084,134.981,35.452,0.811871,-0.577241,0.087512,0.582615,0.810711,-0.057513,-0.037748,0.097679,0.994502,0,0.76114,-0.88196,45.669,-1.764,650.000,325.000,-1,350.000,-1,275.000,300.000,325.000,300.000,-1,350.000,250.000,700.000,525.000,575.000,650.000,950.000,0,0,2,0,2,0,0,0,0,2,0,0,0,0,0,0,0
13,9747.863,-6036.750,133.097,33.688,0.829548,-0.551869,0.085393,0.557298,0.827879,-0.063530,-0.035635,0.100290,0.994320,0,0.76114,-0.88196,45.669,-1.764,675.000,325.000,-1,350.000,-1,275.000,300.000,325.000,300.000,-1,375.000,250.000,700.000,525.000,600.000,650.000,950.000,0,0,2,0,2,0,0,0,0,2,0,0,0,0,0,0,0
14,9786.624,-6012.598,131.335,31.924,0.846482,-0.526017,0.082306,0.531387,0.844302,-0.069152,-0.033116,0.102272,0.994205,0,0.76114,-0.88196,45.669,-1.764,700.000,325.000,-1,350.000,-1,275.000,300.000,325.000,300.000,-1,375.000,275.000,700.000,550.000,600.000,675.000,1000.000,0,0,2,0,2,0,0,0,0,2,0,0,0,0,0,0,0
15,9826.110,-5989.650,129.612,30.160,0.862624,-0.499694,0.078645,0.504928,0.859947,-0.074424,-0.030441,0.103910,0.994121,0,0.76114,-0.88196,45.669,-1.764,725.000,325.000,-1,350.000,-1,275.000,300.000,300.000,300.000,-1,400.000,275.000,675.000,550.000,600.000,700.000,-1,0,0,2,0,2,0,0,0,0,2,0,0,0,0,0,0,2
16,9866.284,-5967.929,127.840,28.396,0.877931,-0.472907,0.074811,0.477976,0.874773,-0.079444,-0.027873,0.105504,0.994028,0,0.76114,-0.88196,45.669,-1.764,750.000,325.000,-1,350.000,-1,275.000,300.000,300.000,300.000,-1,400.000,300.000,675.000,550.000,625.000,725.000,-1,0,0,2,0,2,0,0,0,0,2,0,0,0,0,0,0,2
17,9911.491,-5945.488,125.898,26.396,0.894260,-0.441991,0.070308,0.446851,0.890544,-0.085175,-0.024966,0.107586,0.993882,0,0.84114,-1.00000,50.469,-2.000,775.000,350.000,-1,375.000,-1,275.000,300.000,300.000,300.000,-1,375.000,300.000,675.000,550.000,650.000,775.000,-1,0,0,2,0,2,0,0,0,0,2,0,0,0,0,0,0,2
18,9961.825,-5922.655,123.996,24.396,0.909425,-0.410491,0.066652,0.415244,0.905095,-0.091516,-0.022760,0.110904,0.993571,0,0.92114,-1.00000,55.269,-2.000,825.000,350.000,-1,375.000,-1,300.000,300.000,300.000,300.000,-1,350.000,325.000,650.000,575.000,650.000,825.000,-1,0,0,2,0,2,0,0,0,0,2,0,0,0,0,0,0,2
19,10013.583,-5901.318,122.278,22.396,0.923487,-0.378463,0.062755,0.383097,0.918405,-0.098836,-0.020229,0.115315,0.993123,0,0.93302,-1.00000,55.981,-2.000,-1,350.000,-1,375.000,-1,300.000,300.000,300.000,300.000,-1,325.000,300.000,625.000,575.000,650.000,900.000,-1,2,0,2,0,2,0,0,0,0,2,0,0,0,0,0,0,2
20,10066.222,-5881.740,120.800,20.396,0.936377,-0.346016,0.058921,0.350515,0.930612,-0.105354,-0.018379,0.119303,0.992688,0,0.93599,-1.00000,56.160,-2.000,-1,350.000,-1,375.000,-1,300.000,300.000,300.000,300.000,-1,325.000,275.000,625.000,600.000,650.000,-1,-1,2,0,2,0,2,0,0,0,0,2,0,0,0,0,0,2,2
21,10119.690,-5863.954,119.662,18.396,0.948032,-0.313241,0.055820,0.317651,0.941861,-0.109524,-0.018267,0.121563,0.992416,0,0.93909,-1.00000,56.345,-2.000,-1,350.000,-1,375.000,-1,300.000,300.000,300.000,300.000,-1,350.000,250.000,625.000,600.000,675.000,-1,-1,2,0,2,0,2,0,0,0,0,2,0,0,0,0,0,2,2
22,10173.931,-5847.991,118.371,16.396,0.958516,-0.280101,0.052822,0.284437,0.951951,-0.113510,-0.018489,0.123825,0.992132,0,0.94231,-1.00000,56.539,-2.000,-1,350.000,-1,375.000,-1,300.000,300.000,300.000,300.000,-1,375.000,250.000,625.000,625.000,675.000,-1,-1,2,0,2,0,2,0,0,0,0,2,0,0,0,0,0,2,2
23,10228.891,-5833.880,116.917,14.396,0.967821,-0.246636,0.049935,0.250919,0.960871,-0.117335,-0.019042,0.126089,0.991836,0,0.94565,-1.00000,56.739,-2.000,-1,350.000,-1,375.000,-1,300.000,300.000,300.000,300.000,-1,375.000,250.000,625.000,625.000,675.000,-1,-1,2,0,2,0,2,0,0,0,0,2,0,0,0,0,0,2,2
24,10284.513,-5821.652,115.286,12.396,0.975937,-0.212890,0.047165,0.217140,0.968609,-0.121022,-0.019920,0.128351,0.991529,0,0.94911,-1.00000,56.947,-2.000,-1,350.000,-1,375.000,-1,300.000,300.000,300.000,300.000,-1,400.000,250.000,650.000,650.000,700.000,-1,1000.000,2,0,2,0,2,0,0,0,0,2,0,0,0,0,0,2,1
25,10340.738,-5811.333,113.465,10.396,0.982859,-0.178903,0.044510,0.183144,0.975159,-0.124595,-0.021114,0.130611,0.991209,0,0.95268,-1.00000,57.161,-2.000,-1,350.000,-1,375.000,975.000,300.000,300.000,300.000,300.000,-1,400.000,250.000,650.000,650.000,700.000,-1,950.000,2,0,2,0,1,0,0,0,0,2,0,0,0,0,0,2,1
26,10397.508,-5802.951,111.440,8.396,0.988583,-0.144718,0.041968,0.148974,0.980512,-0.128076,-0.022615,0.132866,0.990876,0,0.95636,-1.00000,57.382,-2.000,-1,350.000,-1,375.000,950.000,300.000,300.000,300.000,300.000,-1,400.000,250.000,650.000,650.000,700.000,-1,900.000,2,0,2,0,1,0,0,0,0,2,0,0,0,0,0,2,1
27,10454.762,-5796.530,109.263,6.396,0.993094,-0.110373,0.039767,0.114706,0.984628,-0.131719,-0.024617,0.135371,0.990489,0,0.96016,-1.00000,57.609,-2.000,-1,350.000,-1,375.000,900.000,300.000,300.000,300.000,300.000,-1,425.000,275.000,675.000,650.000,700.000,-1,850.000,2,0,2,0,1,0,0,0,0,2,0,0,0,0,0,2,1
28,10512.439,-5792.096,107.505,4.396,0.996405,-0.075938,0.037554,0.080306,0.987824,-0.133247,-0.026979,0.135784,0.990371,0,0.96405,-1.00000,57.843,-2.000,-1,350.000,-1,375.000,850.000,300.000,300.000,300.000,300.000,-1,475.000,300.000,700.000,650.000,700.000,-1,800.000,2,0,2,0,1,0,0,0,0,2,0,0,0,0,1,2,1
29,10570.474,-5789.666,106.153,2.396,0.998504,-0.041409,0.035712,0.045898,0.989680,-0.135747,-0.029722,0.137183,0.990100,0,0.96804,-1.00000,58.083,-2.000,-1,350.000,-1,375.000,800.000,300.000,300.000,300.000,300.000,-1,550.000,350.000,725.000,675.000,650.000,-1,775.000,2,0,2,0,1,0,0,0,0,2,0,0,0,0,1,2,1
30,10628.805,-5789.262,104.556,0.396,0.999407,-0.006843,0.033759,0.011449,0.990340,-0.138187,-0.032488,0.138492,0.989831,0,0.97213,-1.00000,58.328,-2.000,-1,375.000,-1,375.000,775.000,300.000,300.000,300.000,300.000,-1,625.000,400.000,750.000,675.000,625.000,-1,725.000,2,0,2,0,1,0,0,0,0,2,0,0,0,0,1,2,1
31,10687.364,-5790.901,102.699,-1.604,0.999112,0.027719,0.031719,-0.022999,0.989809,-0.140533,-0.035291,0.139679,0.989568,0,0.97630,-1.00000,58.578,-2.000,-1,375.000,1000.000,375.000,725.000,300.000,300.000,300.000,300.000,-1,700.000,450.000,750.000,675.000,600.000,-1,675.000,2,0,1,0,1,0,0,0,0,2,0,0,0,0,1,2,1
32,10746.086,-5794.599,100.578,-3.604,0.997623,0.062236,0.029566,-0.057408,0.988084,-0.142806,-0.038102,0.140769,0.989309,0,0.98056,-1.00000,58.834,-2.000,-1,375.000,875.000,375.000,675.000,300.000,325.000,300.000,300.000,-1,775.000,500.000,775.000,700.000,550.000,-1,625.000,2,0,1,0,1,0,0,0,0,2,0,0,0,0,1,2,1
33,10804.901,-5800.369,98.191,-5.604,0.994943,0.096667,0.027275,-0.091742,0.985166,-0.145025,-0.040889,0.141789,0.989052,0,0.98489,-1.00000,59.093,-2.000,-1,375.000,800.000,400.000,625.000,300.000,325.000,325.000,300.000,-1,875.000,550.000,800.000,675.000,525.000,-1,575.000,2,0,1,0,1,0,0,0,0,2,0,0,0,1,1,2,1
34,10863.740,-5808.224,95.475,-7.604,0.991069,0.130976,0.025039,-0.125943,0.981087,-0.146990,-0.043818,0.142524,0.988821,0,0.98929,-1.00000,59.357,-2.000,-1,375.000,700.000,375.000,600.000,300.000,325.000,325.000,300.000,-1,975.000,575.000,825.000,600.000,475.000,-1,525.000,2,1,1,1,1,0,0,0,0,2,0,0,0,1,1,2,1
35,10922.533,-5818.173,92.365,-9.604,0.986001,0.165131,0.023093,-0.159958,0.975887,-0.148522,-0.047061,0.142749,0.988639,0,0.99374,-1.00000,59.624,-2.000,-1,350.000,625.000,350.000,550.000,300.000,300.000,325.000,300.000,-1,975.000,625.000,850.000,550.000,450.000,-1,475.000,2,1,1,1,1,1,1,0,0,2,0,0,0,1,1,2,1
36,10981.207,-5830.223,88.932,-11.604,0.979754,0.199087,0.021142,-0.193773,0.969523,-0.149922,-0.050345,0.142790,0.988472,0,0.99824,-1.00000,59.894,-2.000,-1,325.000,550.000,325.000,500.000,275.000,275.000,325.000,300.000,-1,975.000,675.000,875.000,475.000,400.000,-1,450.000,2,1,1,1,1,1,1,0,0,2,0,0,0,1,1,2,1
37,11039.527,-5844.338,85.181,-13.604,0.972334,0.232806,0.019183,-0.227350,0.962004,-0.151198,-0.053654,0.142653,0.988317,0,1.00000,-1.00000,60.000,-2.000,-1,300.000,475.000,300.000,450.000,250.000,250.000,325.000,275.000,-1,975.000,725.000,900.000,425.000,350.000,-1,400.000,2,1,1,1,1,1,1,0,0,2,0,0,0,1,1,2,1
38,11097.320,-5860.479,81.289,-15.604,0.963761,0.266223,0.017008,-0.260616,0.953240,-0.153012,-0.056948,0.143034,0.988078,0,1.00000,-1.00000,60.000,-2.000,-1,250.000,400.000,250.000,375.000,225.000,225.000,325.000,275.000,-1,1000.000,775.000,900.000,350.000,325.000,650.000,350.000,2,1,1,1,1,1,1,0,0,2,0,0,0,1,1,1,1
39,11154.517,-5878.614,78.848,-17.604,0.954222,0.299002,0.007607,-0.294005,0.942341,-0.159857,-0.054966,0.150302,0.987111,0,1.00000,-1.00000,60.000,-2.000,-1,225.000,350.000,225.000,325.000,200.000,200.000,350.000,275.000,-1,850.000,500.000,875.000,325.000,275.000,500.000,300.000,2,1,1,1,1,1,1,0,0,2,0,0,0,1,1,1,1
40,11211.049,-5898.728,77.188,-19.604,0.943539,0.331207,-0.005953,-0.327484,0.929927,-0.167300,-0.049875,0.159803,0.985888,0,1.00000,-1.00000,60.000,-2.000,-1,200.000,300.000,200.000,300.000,175.000,175.000,375.000,250.000,-1,550.000,300.000,800.000,275.000,250.000,400.000,250.000,2,1,1,1,1,1,1,0,0,2,0,0,0,1,1,1,1
41,11266.846,-5920.802,77.244,-21.604,0.931541,0.362917,-0.022862,-0.361257,0.916434,-0.172170,-0.041532,0.168643,0.984802,0,1.00000,-1.00000,60.000,-2.000,-1,200.000,275.000,175.000,250.000,150.000,150.000,425.000,250.000,-1,375.000,225.000,725.000,250.000,200.000,350.000,225.000,2,1,1,1,1,1,1,0,0,2,0,0,0,1,1,1,1
42,11321.828,-5944.829,84.079,-23.598,0.917119,0.395232,-0.051812,-0.398412,0.904743,-0.150694,-0.012683,0.158847,0.987222,0,1.00000,-0.99687,60.000,-1.994,-1,175.000,275.000,175.000,275.000,150.000,150.000,450.000,275.000,-1,200.000,150.000,675.000,250.000,225.000,325.000,225.000,2,1,1,1,1,1,1,0,0,2,0,0,0,1,1,1,1
43,-983.943,-327.911,30.251,120.878,-0.520786,-0.853155,0.030144,0.820904,-0.510166,-0.256608,0.234305,-0.108893,0.966045,1,0.00000,0.00000,58.677,-1.754,-1,350.000,-1,250.000,300.000,275.000,225.000,325.000,875.000,350.000,25.000,125.000,-1,-1,350.000,-1,200.000,2,1,2,1,1,1,1,0,0,0,0,0,2,2,1,2,1
44,7543.063,9515.817,77.421,91.754,-0.032671,-0.998321,0.047827,0.998559,-0.030565,0.044120,-0.042584,0.049200,0.997881,1,0.08000,-0.12000,4.800,-0.240,900.000,375.000,-1,350.000,750.000,300.000,300.000,325.000,325.000,-1,225.000,250.000,700.000,650.000,550.000,-1,750.000,1,0,2,0,0,0,0,0,0,2,0,0,1,0,0,2,0
45,7542.850,9525.414,77.006,91.274,-0.024235,-0.998572,0.047619,0.998838,-0.022201,0.042780,-0.041662,0.048600,0.997949,0,0.16000,-0.24000,9.600,-0.480,900.000,375.000,-1,350.000,750.000,300.000,300.000,325.000,325.000,-1,225.000,250.000,725.000,650.000,575.000,-1,750.000,1,0,2,0,0,0,0,0,0,2,0,0,1,0,0,2,0
46,7542.711,9539.814,76.374,90.554,-0.011577,-0.998815,0.047269,0.999122,-0.009652,0.040766,-0.040261,0.047700,0.998050,0,0.24000,-0.36000,14.400,-0.720,925.000,375.000,-1,350.000,775.000,300.000,300.000,325.000,325.000,-1,200.000,225.000,725.000,650.000,575.000,-1,750.000,1,0,2,0,0,0,0,0,0,2,0,0,1,0,0,2,0
47,7542.848,9559.013,75.515,89.594,0.005302,-0.998893,0.046736,0.999250,0.007085,0.038070,-0.038359,0.046499,0.998182,0,0.32000,-0.48000,19.200,-0.960,950.000,375.000,-1,350.000,775.000,300.000,300.000,325.000,325.000,-1,200.000,225.000,750.000,650.000,575.000,-1,775.000,1,0,2,0,0,0,0,0,0,2,0,0,1,0,0,2,0
48,7543.479,9583.005,74.419,88.495,0.024635,-0.998639,0.045976,0.999054,0.026242,0.034688,-0.035847,0.045078,0.998340,0,0.40000,-0.54945,24.000,-1.099,975.000,375.000,-1,350.000,800.000,300.000,300.000,325.000,325.000,-1,200.000,200.000,775.000,650.000,575.000,-1,800.000,1,0,2,0,0,0,0,0,0,2,0,0,1,0,0,2,0
49,7544.788,9611.775,73.075,87.396,0.043991,-0.998020,0.044964,0.998500,0.045391,0.030613,-0.032594,0.043550,0.998519,0,0.48000,-0.54941,28.800,-1.099,-1,375.000,-1,350.000,850.000,300.000,300.000,325.000,325.000,-1,175.000,200.000,800.000,675.000,575.000,-1,825.000,2,0,2,0,0,0,0,0,0,2,0,0,1,0,0,2,0
50,7546.958,9645.305,71.480,86.297,0.063358,-0.997035,0.043664,0.997581,0.064524,0.025843,-0.028583,0.041921,0.998712,0,0.56000,-0.54935,33.600,-1.099,-1,375.000,-1,350.000,900.000,300.000,300.000,325.000,325.000,-1,175.000,175.000,800.000,675.000,575.000,-1,850.000,2,0,2,0,0,0,0,0,0,2,0,0,1,0,0,2,0
51,7550.172,9683.570,69.631,85.199,0.082723,-0.995685,0.042040,0.996288,0.083634,0.020371,-0.023799,0.040199,0.998908,0,0.64000,-0.54928,38.400,-1.099,-1,375.000,-1,350.000,975.000,300.000,300.000,325.000,325.000,-1,150.000,175.000,825.000,675.000,600.000,-1,875.000,2,0,2,0,0,0,0,0,0,2,0,0,1,0,0,2,0
52,7554.613,9726.541,67.527,84.100,0.102073,-0.993970,0.040057,0.994610,0.102711,0.014195,-0.018224,0.038392,0.999097,0,0.72000,-0.54917,43.200,-1.098,-1,375.000,-1,350.000,-1,300.000,300.000,300.000,325.000,-1,150.000,175.000,825.000,700.000,600.000,-1,925.000,2,0,2,0,2,0,0,0,0,2,0,0,1,0,0,2,0
53,7560.461,9774.183,65.168,83.002,0.121391,-0.991889,0.037678,0.992534,0.121748,0.007309,-0.011837,0.036509,0.999263,0,0.80000,-0.54899,48.000,-1.098,-1,375.000,-1,350.000,-1,300.000,300.000,300.000,325.000,-1,125.000,150.000,850.000,700.000,600.000,-1,975.000,2,0,2,0,2,0,0,0,0,2,0,0,1,0,0,2,0
54,7567.543,9823.977,63.418,81.905,0.140554,-0.989335,0.038218,0.990048,0.140718,0.001622,-0.006982,0.037610,0.999268,0,0.83825,-0.54874,50.295,-1.097,-1,375.000,-1,350.000,-1,300.000,300.000,300.000,300.000,-1,150.000,150.000,850.000,700.000,625.000,-1,-1,2,0,2,0,2,0,0,0,0,2,0,0,1,0,0,2,2
55,7576.039,9876.746,62.426,80.852,0.158856,-0.986478,0.040312,0.987296,0.158864,-0.003025,-0.003420,0.040281,0.999183,0,0.89080,-0.52666,53.448,-1.053,-1,375.000,-1,350.000,-1,300.000,300.000,325.000,300.000,-1,175.000,175.000,875.000,725.000,600.000,-1,-1,2,0,2,0,2,0,0,0,0,2,0,0,1,0,0,2,2
56,7585.491,9929.272,62.733,79.799,0.177031,-0.983470,0.038048,0.984204,0.176969,-0.005025,-0.001792,0.038336,0.999263,0,0.88949,-0.52619,53.369,-1.052,-1,375.000,-1,350.000,-1,300.000,300.000,325.000,300.000,-1,225.000,225.000,900.000,725.000,625.000,-1,-1,2,0,2,0,2,0,0,0,0,2,0,0,1,0,0,2,2
57,7595.891,9981.540,63.124,78.748,0.195132,-0.980132,0.035556,0.980777,0.194997,-0.007258,0.000180,0.036289,0.999341,0,0.88822,-0.52562,53.293,-1.051,-1,375.000,-1,350.000,-1,300.000,300.000,325.000,300.000,-1,275.000,275.000,900.000,725.000,625.000,-1,-1,2,0,2,0,2,0,0,0,0,2,0,0,1,0,0,2,2
58,7607.231,10033.539,63.546,77.698,0.213141,-0.976461,0.033099,0.977019,0.212938,-0.009592,0.002318,0.034383,0.999406,0,0.88701,-0.52495,53.221,-1.050,-1,375.000,-1,350.000,-1,300.000,300.000,325.000,300.000,-1,300.000,325.000,925.000,725.000,625.000,-1,-1,2,0,2,0,2,0,0,0,0,2,0,0,1,0,0,2,2
59,7619.505,10085.255,64.005,76.650,0.231049,-0.972458,0.030684,0.972931,0.230782,-0.012035,0.004622,0.032634,0.999457,0,0.88587,-0.52419,53.152,-1.048,-1,375.000,-1,350.000,-1,300.000,300.000,325.000,325.000,-1,350.000,350.000,950.000,725.000,625.000,-1,-1,2,0,2,0,2,0,0,0,0,2,0,0,1,0,0,2,2
60,7632.705,10136.676,64.509,75.603,0.248846,-0.968129,0.028316,0.968517,0.248519,-0.014598,0.007096,0.031057,0.999492,0,0.88480,-0.52333,53.088,-1.047,-1,375.000,-1,350.000,-1,300.000,300.000,325.000,325.000,-1,375.000,375.000,975.000,725.000,625.000,-1,-1,2,0,2,0,2,0,0,0,0,2,0,0,1,0,0,2,2
61,7646.825,10187.789,65.063,74.558,0.266525,-0.963477,0.026002,0.963779,0.266141,-0.017292,0.009740,0.029669,0.999512,0,0.88380,-0.52238,53.028,-1.045,-1,375.000,-1,350.000,-1,300.000,300.000,325.000,325.000,-1,400.000,425.000,1000.000,750.000,625.000,-1,-1,2,0,2,0,2,0,0,0,0,2,0,0,1,0,0,2,2
62,7661.856,10238.585,65.674,73.516,0.284075,-0.958508,0.023747,0.958720,0.283640,-0.020126,0.012555,0.028484,0.999515,0,0.88288,-0.52134,52.973,-1.043,-1,375.000,-1,375.000,-1,300.000,300.000,325.000,325.000,-1,375.000,450.000,1000.000,750.000,650.000,-1,-1,2,0,2,0,2,0,0,0,1,2,0,0,1,0,0,2,2
63,7677.792,10289.051,66.348,72.475,0.301491,-0.953225,0.021553,0.953342,0.301005,-0.023111,0.015542,0.027515,0.999501,0,0.88204,-0.52021,52.923,-1.040,-1,375.000,-1,375.000,-1,300.000,300.000,325.000,325.000,-1,350.000,450.000,-1,750.000,650.000,-1,-1,2,0,2,0,2,0,0,0,1,2,0,0,2,0,0,2,2
64,7694.626,10339.178,67.092,71.437,0.318764,-0.947635,0.019425,0.947650,0.318231,-0.026258,0.018701,0.026778,0.999466,0,0.88129,-0.51900,52.878,-1.038,-1,400.000,-1,375.000,-1,300.000,300.000,350.000,325.000,-1,325.000,400.000,-1,775.000,650.000,-1,-1,2,0,2,0,2,0,0,0,0,2,0,0,2,0,0,2,2
65,7712.349,10388.955,67.770,70.402,0.335863,-0.941756,0.017065,0.941670,0.335312,-0.028702,0.021308,0.025709,0.999442,0,0.88063,-0.51771,52.838,-1.035,-1,400.000,-1,375.000,-1,325.000,300.000,350.000,325.000,-1,300.000,375.000,-1,775.000,675.000,-1,-1,2,0,2,0,2,0,0,0,0,2,0,0,2,0,0,2,2
66,7730.954,10438.372,68.608,69.369,0.352800,-0.935572,0.015402,0.935410,0.352236,-0.030619,0.023221,0.025210,0.999412,0,0.88005,-0.51634,52.803,-1.033,-1,400.000,-1,375.000,-1,325.000,300.000,350.000,325.000,-1,300.000,350.000,-1,775.000,675.000,-1,-1,2,0,2,0,2,0,0,0,0,2,0,0,2,0,0,2,2
67,7750.434,10487.420,69.389,68.339,0.369559,-0.929109,0.013518,0.928877,0.369001,-0.032037,0.024778,0.024396,0.999395,0,0.87957,-0.51490,52.774,-1.030,-1,400.000,-1,375.000,-1,325.000,300.000,350.000,325.000,-1,300.000,350.000,-1,750.000,675.000,-1,-1,2,0,2,0,2,0,0,0,0,2,0,0,2,0,0,2,2
68,7770.780,10536.088,70.259,67.312,0.386152,-0.922359,0.011803,0.922056,0.385596,-0.033588,0.026429,0.023853,0.999366,0,0.87917,-0.51339,52.750,-1.027,-1,400.000,-1,375.000,-1,325.000,300.000,350.000,325.000,-1,300.000,350.000,-1,750.000,700.000,-1,-1,2,0,2,0,2,0,0,0,0,2,0,0,2,0,0,2,2
69,7791.985,10584.368,71.419,66.289,0.402551,-0.915345,0.009836,0.914981,0.402021,-0.034470,0.027597,0.022876,0.999357,0,0.87886,-0.51180,52.732,-1.024,-1,400.000,-1,375.000,1000.000,300.000,300.000,350.000,325.000,-1,325.000,350.000,-1,725.000,700.000,-1,-1,2,0,2,0,1,0,0,0,0,2,0,0,2,0,0,2,2
70,7814.041,10632.251,72.839,65.269,0.418754,-0.908067,0.007733,0.907656,0.418268,-0.034823,0.028387,0.021601,0.999364,0,0.87864,-0.51015,52.718,-1.020,-1,375.000,-1,375.000,975.000,300.000,300.000,350.000,325.000,-1,350.000,375.000,-1,725.000,700.000,-1,-1,2,0,2,0,1,0,0,0,0,2,0,0,2,0,0,2,2
71,7836.940,10679.728,74.412,64.252,0.434773,-0.900522,0.005666,0.900062,0.434328,-0.035332,0.029357,0.020461,0.999360,0,0.87850,-0.50844,52.710,-1.017,-1,375.000,-1,375.000,925.000,300.000,300.000,350.000,350.000,-1,375.000,400.000,-1,700.000,700.000,-1,-1,2,0,2,0,1,0,0,0,0,2,0,0,2,0,0,2,2
72,7860.673,10726.789,75.802,63.238,0.450630,-0.892696,0.005220,0.892224,0.450183,-0.035667,0.029490,0.020730,0.999350,0,0.87845,-0.50666,52.707,-1.013,-1,375.000,-1,375.000,900.000,300.000,300.000,350.000,350.000,-1,425.000,450.000,-1,700.000,700.000,-1,-1,2,0,2,0,1,0,0,0,0,2,0,0,2,0,0,2,2
73,7885.232,10773.427,77.309,62.229,0.466298,-0.884613,0.005035,0.884130,0.465838,-0.036178,0.029658,0.021321,0.999333,0,0.87848,-0.50482,52.709,-1.010,-1,375.000,-1,375.000,850.000,300.000,300.000,350.000,350.000,950.000,450.000,475.000,-1,675.000,700.000,-1,1000.000,2,0,2,0,1,0,0,0,0,1,0,0,2,0,0,2,1
74,7910.609,10819.632,78.943,61.223,0.481771,-0.876282,0.005091,0.875788,0.481285,-0.036880,0.029867,0.022227,0.999307,0,0.87859,-0.50293,52.715,-1.006,-1,375.000,-1,375.000,800.000,300.000,300.000,350.000,350.000,925.000,500.000,525.000,-1,650.000,700.000,-1,950.000,2,0,2,0,1,0,0,0,0,1,0,0,2,0,0,2,1
75,7937.087,10866.351,80.744,60.457,0.493462,-0.869751,0.005276,0.869241,0.492944,-0.037762,0.030243,0.023220,0.999273,0,0.89501,-0.38293,53.701,-0.766,-1,375.000,-1,375.000,775.000,300.000,300.000,350.000,350.000,925.000,550.000,550.000,-1,650.000,675.000,-1,900.000,2,0,2,0,1,0,0,0,0,1,0,0,2,0,0,2,1
76,7963.997,10912.831,82.510,59.931,0.501433,-0.865184,0.004652,0.864629,0.500902,-0.038908,0.031333,0.023532,0.999232,0,0.89513,-0.26293,53.708,-0.526,-1,350.000,-1,375.000,725.000,300.000,300.000,350.000,350.000,925.000,575.000,575.000,-1,625.000,675.000,-1,850.000,2,0,2,0,1,0,0,0,0,1,0,0,2,0,0,2,1
77,7992.615,10961.698,84.507,59.645,0.505752,-0.862670,0.003930,0.862059,0.505210,-0.040217,0.032708,0.023728,0.999183,0,0.94383,-0.14293,56.630,-0.286,-1,350.000,-1,375.000,700.000,300.000,300.000,350.000,350.000,950.000,575.000,625.000,-1,625.000,675.000,-1,800.000,2,0,2,0,1,0,0,0,0,1,0,0,2,0,0,2,1
78,8021.330,11010.640,86.488,59.599,0.506430,-0.862278,0.002300,0.861578,0.505908,-0.041716,0.034808,0.023108,0.999127,0,0.94574,-0.02293,56.744,-0.046,-1,350.000,-1,375.000,650.000,300.000,300.000,350.000,350.000,975.000,550.000,625.000,-1,625.000,675.000,-1,775.000,2,0,2,0,1,0,0,0,0,1,0,0,2,0,0,2,1
79,8049.928,11059.764,88.644,59.794,0.503488,-0.864002,0.000690,0.863209,0.502992,-0.043240,0.037012,0.022367,0.999064,0,0.94736,0.09707,56.842,0.194,-1,350.000,-1,375.000,625.000,300.000,300.000,350.000,350.000,975.000,525.000,600.000,-1,625.000,675.000,-1,750.000,2,0,2,0,1,0,0,0,0,1,0,0,2,0,0,2,1
80,8078.191,11109.169,91.125,60.228,0.496924,-0.867794,-0.000619,0.866882,0.496434,-0.045476,0.039771,0.022061,0.998965,0,0.94863,0.21707,56.918,0.434,-1,350.000,-1,375.000,600.000,300.000,300.000,350.000,350.000,-1,525.000,575.000,-1,625.000,675.000,-1,700.000,2,0,2,0,1,0,0,0,0,2,0,0,2,0,0,2,1
81,8105.895,11158.947,93.792,60.902,0.486669,-0.873584,-0.001904,0.872547,0.486195,-0.047710,0.042604,0.021558,0.998859,0,0.94947,0.33707,56.968,0.674,-1,350.000,-1,375.000,550.000,300.000,300.000,350.000,350.000,-1,500.000,575.000,-1,650.000,675.000,-1,675.000,2,0,2,0,1,0,0,0,0,2,0,0,2,0,0,2,1
82,8132.811,11209.178,96.634,61.816,0.472649,-0.881245,-0.003192,0.880077,0.472204,-0.049872,0.045457,0.020763,0.998751,0,0.94980,0.45707,56.988,0.914,-1,350.000,-1,375.000,550.000,300.000,300.000,350.000,350.000,-1,500.000,550.000,-1,650.000,700.000,-1,650.000,2,0,2,0,1,0,0,0,0,2,0,0,2,0,1,2,1
83,8158.833,11259.861,99.322,62.822,0.457118,-0.889398,-0.003844,0.888043,0.456652,-0.053365,0.049218,0.020980,0.998568,0,0.94954,0.50316,56.972,1.006,-1,350.000,-1,375.000,525.000,300.000,300.000,350.000,350.000,-1,450.000,500.000,-1,675.000,675.000,-1,625.000,2,0,2,0,1,0,0,0,0,2,0,0,2,0,1,2,1
84,8183.950,11310.945,102.209,63.818,0.441602,-0.897200,-0.004555,0.895648,0.441126,-0.056766,0.052940,0.020988,0.998377,0,0.94874,0.49790,56.924,0.996,-1,350.000,-1,375.000,500.000,300.000,300.000,350.000,350.000,-1,400.000,425.000,-1,700.000,675.000,-1,625.000,2,0,2,0,1,0,0,0,0,2,0,0,2,0,1,2,1
85,8208.151,11362.384,105.321,64.803,0.426108,-0.904656,-0.005479,0.902894,0.425642,-0.060086,0.056689,0.020656,0.998178,0,0.94745,0.49244,56.847,0.985,-1,375.000,-1,375.000,475.000,300.000,300.000,375.000,350.000,-1,350.000,375.000,-1,725.000,650.000,-1,600.000,2,0,2,0,1,0,0,0,0,2,0,0,2,0,1,2,1
86,8231.432,11414.129,108.582,65.777,0.410663,-0.911766,-0.006310,0.909794,0.410212,-0.063255,0.060263,0.020235,0.997977,0,0.94568,0.48681,56.741,0.974,-1,375.000,-1,375.000,450.000,300.000,300.000,375.000,350.000,-1,325.000,325.000,-1,750.000,650.000,-1,575.000,2,0,2,0,1,0,0,0,0,2,0,0,2,0,1,2,1
87,8253.787,11466.133,111.983,66.739,0.395278,-0.918534,-0.007057,0.916353,0.394849,-0.066270,0.063658,0.019728,0.997777,0,0.94342,0.48106,56.605,0.962,-1,375.000,-1,375.000,450.000,300.000,300.000,375.000,350.000,-1,325.000,300.000,-1,775.000,650.000,-1,550.000,2,0,2,0,1,0,0,0,0,2,0,0,2,0,1,2,1
88,8275.214,11518.350,115.514,67.689,0.379966,-0.924968,-0.007731,0.922580,0.379562,-0.069127,0.066874,0.019134,0.997578,0,0.94069,0.47523,56.442,0.950,-1,375.000,-1,375.000,425.000,300.000,300.000,375.000,325.000,-1,300.000,250.000,-1,800.000,650.000,-1,550.000,2,0,2,0,1,0,0,0,0,2,0,0,2,0,1,2,1
89,8295.714,11570.734,119.164,68.628,0.364734,-0.931075,-0.008340,0.928484,0.364362,-0.071823,0.069911,0.018453,0.997383,0,0.93752,0.46936,56.251,0.939,-1,400.000,-1,375.000,400.000,325.000,325.000,375.000,325.000,-1,275.000,175.000,-1,850.000,650.000,-1,525.000,2,0,2,0,1,0,0,0,0,2,0,0,2,0,1,2,1
90,8315.282,11623.244,122.924,69.562,0.349469,-0.936906,-0.008895,0.934118,0.349135,-0.074355,0.072769,0.017675,0.997192,0,0.93395,0.46721,56.037,0.934,-1,400.000,-1,400.000,400.000,325.000,325.000,375.000,325.000,-1,250.000,150.000,-1,875.000,650.000,-1,525.000,2,0,2,0,1,0,0,0,0,2,0,0,2,0,1,2,1
91,8333.914,11675.843,126.783,70.494,0.334146,-0.942474,-0.009408,0.939497,0.333856,-0.076719,0.075446,0.016796,0.997008,0,0.93002,0.46593,55.801,0.932,-1,425.000,-1,400.000,375.000,325.000,325.000,375.000,325.000,-1,225.000,150.000,-1,900.000,650.000,-1,525.000,2,0,2,0,1,0,0,0,1,2,0,0,2,0,1,2,1
92,8351.610,11728.497,130.834,71.424,0.318794,-0.947777,-0.009388,0.944641,0.318519,-0.078726,0.077605,0.016229,0.996852,0,0.92580,0.46496,55.548,0.930,-1,425.000,-1,400.000,375.000,325.000,325.000,375.000,300.000,-1,225.000,175.000,-1,950.000,650.000,-1,550.000,2,0,2,0,1,0,0,0,1,2,0,0,2,0,1,2,1
93,8368.370,11781.178,134.471,72.353,0.303242,-0.952853,-0.010705,0.949742,0.303130,-0.078115,0.077677,0.013521,0.996887,0,0.92137,0.46429,55.282,0.929,-1,425.000,-1,400.000,350.000,325.000,325.000,375.000,300.000,-1,250.000,225.000,-1,950.000,675.000,-1,600.000,2,0,2,0,1,0,0,0,1,2,0,0,2,0,1,2,1
94,8384.196,11833.860,138.084,73.281,0.287590,-0.957674,-0.012375,0.954632,0.287671,-0.076959,0.077262,0.010319,0.996957,0,0.91680,0.46394,55.008,0.928,-1,425.000,-1,400.000,350.000,325.000,325.000,375.000,275.000,-1,250.000,275.000,-1,950.000,700.000,-1,-1,2,0,2,0,1,0,0,0,1,2,0,0,2,0,1,2,2
95,8399.720,11888.852,141.988,74.236,0.271372,-0.962368,-0.014317,0.959428,0.271665,-0.075471,0.076520,0.006744,0.997045,0,0.95237,0.47786,57.142,0.956,-1,425.000,-1,400.000,350.000,325.000,325.000,375.000,275.000,-1,275.000,350.000,-1,950.000,800.000,-1,-1,2,0,2,0,1,0,0,0,1,2,0,0,2,0,0,2,2
96,8413.310,11939.399,145.297,74.952,0.259254,-0.965697,-0.014706,0.962926,0.259626,-0.073263,0.074568,0.004833,0.997204,0,0.87237,0.35786,52.342,0.716,-1,425.000,-1,400.000,375.000,325.000,325.000,375.000,250.000,-1,375.000,450.000,-1,950.000,800.000,-1,-1,2,0,2,0,1,0,0,0,1,2,0,0,2,0,0,2,2
97,8425.272,11985.412,148.357,75.428,0.251163,-0.967826,-0.015181,0.965207,0.251600,-0.071218,0.072746,0.003234,0.997345,0,0.79237,0.23786,47.542,0.476,-1,425.000,-1,400.000,375.000,325.000,325.000,375.000,250.000,-1,450.000,575.000,-1,925.000,800.000,-1,-1,2,0,2,0,1,0,0,0,1,2,0,0,2,0,0,2,2
98,8436.919,12030.979,151.429,75.663,0.247122,-0.968856,-0.015767,0.966385,0.247617,-0.069173,0.070923,0.001857,0.997480,0,0.78387,0.11786,47.032,0.236,-1,425.000,-1,400.000,400.000,325.000,325.000,350.000,225.000,-1,575.000,700.000,-1,925.000,800.000,-1,-1,2,0,2,0,1,0,0,0,1,2,0,0,2,0,0,2,2
99,8448.525,12076.377,154.537,75.659,0.247146,-0.968839,-0.016426,0.966511,0.247690,-0.067135,0.069112,0.000716,0.997609,0,0.78098,-0.00214,46.859,-0.004,-1,425.000,-1,375.000,-1,325.000,325.000,350.000,225.000,-1,725.000,825.000,-1,925.000,825.000,-1,-1,2,0,2,0,2,0,0,0,1,2,0,0,2,0,0,2,2
100,8460.282,12121.561,157.684,75.415,0.251236,-0.967775,-0.017113,0.965581,0.251818,-0.065127,0.067337,-0.000162,0.997730,0,0.77813,-0.12214,46.688,-0.244,-1,425.000,-1,375.000,-1,325.000,325.000,350.000,225.000,-1,875.000,950.000,-1,900.000,825.000,-1,-1,2,0,2,0,2,0,0,0,1,2,0,0,2,0,0,2,2
101,8472.378,12166.484,160.873,74.931,0.259381,-0.965611,-0.017782,0.963543,0.259989,-0.063168,0.065619,-0.000749,0.997844,0,0.77539,-0.24214,46.523,-0.484,-1,425.000,-1,375.000,-1,325.000,325.000,350.000,200.000,-1,-1,-1,-1,900.000,825.000,-1,-1,2,0,2,0,2,0,0,0,1,2,2,2,2,0,0,2,2
102,8484.998,12211.101,164.112,74.206,0.271554,-0.962248,-0.018385,0.960295,0.272174,-0.061280,0.063970,-0.001014,0.997951,0,0.77280,-0.36214,46.368,-0.724,-1,425.000,-1,375.000,-1,325.000,325.000,350.000,200.000,-1,-1,-1,-1,900.000,825.000,-1,-1,2,0,2,0,2,0,0,0,1,2,2,2,2,0,0,2,2
103,8498.326,12255.362,167.410,73.242,0.287712,-0.957531,-0.018871,0.955682,0.288329,-0.059486,0.062401,-0.000920,0.998051,0,0.77040,-0.48214,46.224,-0.964,-1,425.000,-1,375.000,-1,325.000,325.000,350.000,200.000,-1,-1,-1,-1,900.000,825.000,-1,-1,2,0,2,0,2,0,0,0,1,2,2,2,2,0,0,2,2
104,8512.541,12299.209,170.777,72.038,0.307793,-0.951260,-0.019188,0.949502,0.308390,-0.057813,0.060912,-0.000425,0.998143,0,0.76823,-0.60214,46.094,-1.204,-1,425.000,-1,375.000,-1,325.000,325.000,350.000,200.000,-1,-1,-1,-1,900.000,825.000,-1,-1,2,0,2,0,2,0,0,0,1,2,2,2,2,0,0,2,2
105,8527.703,12342.616,174.863,70.746,0.329024,-0.944062,-0.022147,0.942325,0.329763,-0.057276,0.061375,-0.002024,0.998113,0,0.76633,-0.64608,45.980,-1.292,-1,425.000,-1,400.000,-1,325.000,325.000,350.000,200.000,-1,-1,-1,-1,925.000,850.000,-1,-1,2,0,2,0,2,0,0,0,1,2,2,2,2,0,0,2,2
106,8543.803,12385.567,178.887,69.452,0.349920,-0.936363,-0.027919,0.934601,0.350983,-0.057727,0.063853,-0.005894,0.997942,0,0.76448,-0.64670,45.869,-1.293,-1,425.000,-1,425.000,-1,350.000,325.000,350.000,175.000,-1,-1,-1,-1,950.000,900.000,-1,-1,2,0,2,0,2,0,0,0,1,2,2,2,2,0,0,2,2
107,8560.827,12428.036,182.396,68.158,0.370733,-0.928176,-0.032363,0.926466,0.372037,-0.057006,0.064951,-0.008850,0.997849,0,0.76256,-0.64722,45.754,-1.294,-1,425.000,-1,425.000,-1,350.000,350.000,350.000,175.000,-1,-1,-1,-1,975.000,925.000,-1,-1,2,0,2,0,2,0,0,0,1,2,2,2,2,0,0,2,2
108,8578.759,12470.002,185.388,66.862,0.391461,-0.919511,-0.035472,0.917895,0.392916,-0.055550,0.065017,-0.010814,0.997826,0,0.76060,-0.64764,45.636,-1.295,-1,450.000,-1,425.000,-1,350.000,350.000,325.000,175.000,-1,-1,-1,-1,975.000,950.000,-1,-1,2,0,2,0,2,0,0,0,1,2,2,2,2,0,0,2,2
109,8597.586,12511.441,187.824,65.567,0.412089,-0.910378,-0.037340,0.908878,0.413607,-0.053566,0.064209,-0.011863,0.997866,0,0.75860,-0.64797,45.516,-1.296,-1,450.000,-1,450.000,-1,350.000,350.000,325.000,175.000,-1,-1,-1,-1,975.000,950.000,-1,-1,2,0,2,0,2,0,0,0,1,2,2,2,2,0,0,2,2
110,8617.293,12552.334,189.685,64.270,0.432672,-0.900798,-0.036840,0.899383,0.434103,-0.051626,0.062497,-0.010796,0.997987,0,0.75657,-0.64821,45.394,-1.296,-1,450.000,-1,425.000,-1,350.000,350.000,325.000,175.000,-1,-1,-1,-1,975.000,925.000,-1,-1,2,0,2,0,2,0,0,0,1,2,2,2,2,0,0,2,2
111,8637.864,12592.662,191.021,62.973,0.453179,-0.890769,-0.034053,0.889419,0.454390,-0.049639,0.059690,-0.007792,0.998187,0,0.75453,-0.64835,45.272,-1.297,-1,425.000,-1,425.000,-1,350.000,350.000,325.000,175.000,-1,-1,-1,-1,950.000,900.000,-1,-1,2,0,2,0,2,0,0,0,1,2,2,2,2,0,0,2,2
112,8659.285,12632.406,192.350,61.677,0.473447,-0.880274,-0.031074,0.878999,0.474441,-0.047610,0.056653,-0.004773,0.998383,0,0.75249,-0.64839,45.150,-1.297,-1,425.000,-1,425.000,-1,350.000,350.000,300.000,150.000,-1,-1,-1,-1,950.000,875.000,-1,-1,2,0,2,0,2,0,0,0,1,2,2,2,2,0,0,2,2
113,8681.540,12671.550,194.254,60.380,0.493308,-0.869315,-0.030626,0.868108,0.494242,-0.045972,0.055101,-0.003909,0.998473,0,0.75046,-0.64835,45.028,-1.297,-1,425.000,-1,425.000,-1,350.000,350.000,300.000,150.000,-1,-1,-1,-1,925.000,850.000,-1,-1,2,0,2,0,2,0,0,0,1,2,2,2,2,0,0,2,2
114,8704.613,12710.076,196.178,59.084,0.512913,-0.857913,-0.030093,0.856780,0.513785,-0.044190,0.053373,-0.003118,0.998570,0,0.74846,-0.64821,44.908,-1.296,-1,425.000,-1,425.000,-1,350.000,325.000,300.000,150.000,-1,-1,-1,-1,925.000,850.000,-1,-1,2,0,2,0,2,0,0,0,1,2,2,2,2,0,0,2,2
115,8728.488,12747.972,198.122,57.788,0.532249,-0.846075,-0.029460,0.845022,0.533058,-0.042263,0.051462,-0.002400,0.998672,0,0.74649,-0.64798,44.790,-1.296,-1,425.000,-1,425.000,-1,350.000,325.000,300.000,150.000,-1,-1,-1,-1,900.000,825.000,-1,-1,2,0,2,0,2,0,0,0,1,2,2,2,2,0,0,2,2
116,8753.150,12785.222,200.089,56.492,0.551304,-0.833810,-0.028711,0.832843,0.552049,-0.040189,0.049360,-0.001755,0.998780,0,0.74457,-0.64766,44.674,-1.295,-1,425.000,-1,400.000,-1,325.000,325.000,300.000,175.000,-1,-1,-1,-1,900.000,825.000,-1,-1,2,0,2,0,2,0,0,0,1,2,2,2,2,0,0,2,2
117,8778.584,12821.813,202.079,55.198,0.570068,-0.821126,-0.027829,0.820249,0.570745,-0.037969,0.047061,-0.001182,0.998891,0,0.74271,-0.64726,44.563,-1.295,-1,425.000,-1,400.000,-1,325.000,325.000,300.000,175.000,-1,-1,-1,-1,875.000,800.000,-1,-1,2,0,2,0,2,0,0,0,1,2,2,2,2,0,0,2,2
118,8804.774,12857.734,204.093,53.904,0.588527,-0.808033,-0.026799,0.807248,0.589137,-0.035607,0.044560,-0.000678,0.999006,0,0.74092,-0.64677,44.455,-1.294,-1,425.000,-1,400.000,-1,325.000,325.000,300.000,175.000,-1,-1,-1,-1,875.000,775.000,-1,-1,2,0,2,0,2,0,0,0,1,2,2,2,2,0,0,2,2
119,8831.705,12892.973,206.094,52.612,0.606663,-0.794540,-0.025804,0.793850,0.607212,-0.033110,0.041976,-0.000398,0.999119,0,0.73920,-0.64619,44.352,-1.292,-1,400.000,-1,400.000,-1,325.000,325.000,300.000,175.000,-1,-1,-1,-1,850.000,775.000,-1,-1,2,0,2,0,2,0,0,0,1,2,2,2,2,0,0,2,2
120,8859.361,12927.519,207.985,51.321,0.624447,-0.780656,-0.025336,0.780062,0.624960,-0.030470,0.039620,-0.000737,0.999215,0,0.73755,-0.64554,44.253,-1.291,-1,400.000,-1,400.000,-1,325.000,325.000,300.000,200.000,-1,-1,-1,-1,825.000,750.000,-1,-1,2,0,2,0,2,0,0,0,1,2,2,2,2,0,0,2,2
121,8887.729,12961.363,210.845,50.031,0.641866,-0.766386,-0.025713,0.766027,0.642365,-0.023859,0.034802,-0.004382,0.999385,0,0.73600,-0.64481,44.160,-1.290,-1,400.000,-1,400.000,-1,325.000,325.000,300.000,225.000,-1,-1,-1,-1,800.000,750.000,-1,-1,2,0,2,0,2,0,0,0,1,2,2,2,2,0,0,2,2
122,8916.791,12994.494,213.694,48.743,0.658955,-0.751736,-0.025913,0.751577,0.659415,-0.017432,0.030192,-0.007989,0.999512,0,0.73454,-0.64401,44.072,-1.288,-1,400.000,-1,400.000,-1,325.000,325.000,300.000,225.000,-1,-1,-1,-1,775.000,725.000,-1,-1,2,0,2,0,2,0,0,0,1,2,2,2,2,0,0,2,2
123,8946.535,13026.905,216.191,47.457,0.675700,-0.736728,-0.025718,0.736692,0.676109,-0.012695,0.026741,-0.010369,0.999589,0,0.73317,-0.64313,43.990,-1.286,-1,375.000,-1,375.000,-1,325.000,325.000,300.000,250.000,-1,-1,-1,-1,750.000,725.000,-1,-1,2,0,2,0,2,0,0,0,1,2,2,2,2,0,0,2,2
124,8976.945,13058.586,218.303,46.172,0.692080,-0.721379,-0.025254,0.721408,0.692444,-0.009602,0.024413,-0.011573,0.999635,0,0.73191,-0.64219,43.914,-1.284,-1,375.000,-1,375.000,-1,325.000,325.000,300.000,275.000,-1,-1,-1,-1,725.000,700.000,-1,-1,2,0,2,0,2,0,0,0,1,2,2,2,2,0,0,2,2
125,9008.007,13089.529,220.026,44.890,0.708081,-0.705702,-0.024622,0.705748,0.708415,-0.008255,0.023268,-0.011531,0.999663,0,0.73074,-0.64118,43.844,-1.282,-1,375.000,-1,375.000,-1,300.000,325.000,300.000,275.000,-1,-1,-1,-1,725.000,700.000,-1,-1,2,0,2,0,2,0,0,0,1,2,2,2,2,0,0,2,2
126,9039.706,13119.726,221.351,43.610,0.723692,-0.689708,-0.023936,0.689729,0.724015,-0.008701,0.023331,-0.010213,0.999676,0,0.72967,-0.64011,43.780,-1.280,-1,375.000,-1,375.000,-1,325.000,300.000,300.000,300.000,-1,-1,-1,-1,725.000,700.000,-1,-1,2,0,2,0,2,0,0,0,1,2,2,2,2,0,0,2,2
127,9072.028,13149.170,222.270,42.332,0.738906,-0.673405,-0.023315,0.673358,0.739235,-0.010974,0.024625,-0.007591,0.999668,0,0.72870,-0.63897,43.722,-1.278,-1,375.000,-1,375.000,-1,325.000,300.000,300.000,325.000,-1,-1,-1,-1,725.000,700.000,-1,-1,2,0,2,0,2,0,0,0,1,2,2,2,2,0,0,2,2
128,9108.485,13181.191,222.822,41.294,0.750987,-0.659919,-0.022934,0.659743,0.751329,-0.015596,0.027523,-0.003418,0.999615,0,0.80870,-0.51897,48.522,-1.038,-1,400.000,-1,375.000,-1,325.000,300.000,300.000,325.000,-1,-1,-1,-1,725.000,700.000,-1,-1,2,0,2,0,2,0,0,0,0,2,2,2,2,0,0,2,2
129,9149.034,13215.818,224.288,40.496,0.760091,-0.649393,-0.023441,0.649181,0.760449,-0.016783,0.028724,-0.002460,0.999584,0,0.88870,-0.39897,53.322,-0.798,-1,400.000,-1,375.000,-1,325.000,300.000,300.000,325.000,-1,-1,-1,550.000,725.000,700.000,-1,-1,2,0,2,0,2,0,0,0,0,2,2,2,1,0,0,2,2
130,9191.401,13251.291,225.984,39.938,0.766354,-0.641957,-0.024339,0.641736,0.766736,-0.017040,0.029600,-0.002560,0.999559,0,0.92095,-0.27897,55.257,-0.558,-1,400.000,-1,375.000,-1,325.000,300.000,300.000,325.000,-1,-1,-1,475.000,725.000,700.000,-1,-1,2,0,2,0,2,0,0,0,0,2,2,2,1,0,0,2,2
131,9233.882,13286.459,227.684,39.620,0.769867,-0.637692,-0.025560,0.637469,0.770285,-0.017148,0.030624,-0.003092,0.999526,0,0.91914,-0.15897,55.148,-0.318,-1,400.000,-1,375.000,-1,325.000,300.000,300.000,325.000,-1,-1,-1,475.000,700.000,675.000,-1,-1,2,0,2,0,2,0,0,0,0,2,2,2,1,0,0,2,2
132,9276.327,13321.500,229.396,39.542,0.770685,-0.636641,-0.027079,0.636424,0.771150,-0.017113,0.031777,-0.004045,0.999487,0,0.91736,-0.03897,55.041,-0.078,-1,375.000,-1,375.000,-1,325.000,300.000,300.000,325.000,-1,-1,-1,450.000,700.000,700.000,-1,-1,2,0,2,0,2,0,0,0,0,2,2,2,1,0,0,2,2
