timestep,x_cm,y_cm,z_cm,yaw_deg,basis_xx,basis_xy,basis_xz,basis_yx,basis_yy,basis_yz,basis_zx,basis_zy,basis_zz,teleport_flag,throttle_cmd,steering_cmd,cmd_move_cm,cmd_turn_deg,lidar_cm_0,lidar_cm_1,lidar_cm_2,lidar_cm_3,lidar_cm_4,lidar_cm_5,lidar_cm_6,lidar_cm_7,lidar_cm_8,lidar_cm_9,lidar_cm_10,lidar_cm_11,lidar_cm_12,lidar_cm_13,lidar_cm_14,lidar_cm_15,lidar_cm_16,lidar_class_0,lidar_class_1,lidar_class_2,lidar_class_3,lidar_class_4,lidar_class_5,lidar_class_6,lidar_class_7,lidar_class_8,lidar_class_9,lidar_class_10,lidar_class_11,lidar_class_12,lidar_class_13,lidar_class_14,lidar_class_15,lidar_class_16
0,219.254,-3179.391,-108.007,-139.196,-0.756674,0.652252,0.044861,-0.653760,-0.755540,-0.041924,0.006550,-0.061052,0.998113,1,0.08000,-0.12000,4.800,-0.240,-1,300.000,-1,275.000,-1,225.000,225.000,350.000,375.000,-1,150.000,175.000,-1,-1,425.000,-1,625.000,2,1,2,1,2,1,1,0,0,2,0,0,2,2,1,2,1
1,211.934,-3185.603,-107.624,-139.676,-0.761963,0.645935,0.046684,-0.647540,-0.761020,-0.039247,0.010176,-0.060135,0.998138,0,0.16000,-0.24000,9.600,-0.480,-1,325.000,-1,275.000,-1,225.000,225.000,375.000,375.000,-1,125.000,150.000,-1,-1,425.000,-1,650.000,2,1,2,1,2,1,1,0,0,2,0,0,2,2,1,2,1
2,200.838,-3194.781,-107.084,-140.396,-0.769796,0.636366,0.049523,-0.638103,-0.769131,-0.035535,0.015477,-0.058955,0.998141,0,0.24000,-0.36000,14.400,-0.720,-1,325.000,-1,275.000,-1,225.000,225.000,375.000,375.000,-1,125.000,150.000,-1,-1,450.000,-1,700.000,2,1,2,1,2,1,1,0,0,2,0,0,2,2,1,2,1
3,185.841,-3206.771,-106.561,-141.356,-0.780060,0.623415,0.053481,-0.625323,-0.779715,-0.031857,0.021839,-0.058293,0.998061,0,0.32000,-0.48000,19.200,-0.960,-1,325.000,-1,275.000,-1,225.000,225.000,375.000,375.000,-1,125.000,150.000,-1,-1,450.000,-1,775.000,2,1,2,1,2,1,1,0,0,2,0,0,2,2,1,2,1
4,983.917,-3607.602,-153.090,-34.154,0.828577,0.559677,-0.014921,-0.558770,0.824972,-0.084834,-0.035170,0.078629,0.996283,1,0.00000,0.00000,24.000,-1.200,-1,425.000,-1,425.000,-1,325.000,325.000,300.000,300.000,-1,-1,-1,725.000,-1,875.000,-1,-1,2,0,2,0,2,0,0,0,0,2,2,2,1,2,0,2,2
5,987.878,-3610.313,-153.255,-34.394,0.826234,0.563131,-0.014860,-0.562200,0.822626,-0.084955,-0.035616,0.078547,0.996274,0,0.08000,-0.12000,4.800,-0.240,-1,425.000,-1,425.000,-1,325.000,325.000,300.000,300.000,-1,-1,-1,750.000,-1,875.000,-1,-1,2,0,2,0,2,0,0,0,0,2,2,2,1,2,0,2,2
6,995.754,-3615.803,-153.591,-34.874,0.821505,0.570010,-0.014743,-0.569031,0.817891,-0.085199,-0.036506,0.078380,0.996255,0,0.16000,-0.24000,9.600,-0.480,-1,425.000,-1,425.000,-1,325.000,325.000,300.000,300.000,-1,-1,-1,750.000,-1,875.000,-1,-1,2,0,2,0,2,0,0,0,0,2,2,2,1,2,0,2,2
7,1007.464,-3624.185,-154.111,-35.594,0.814305,0.580255,-0.014576,-0.579203,0.810680,-0.085570,-0.037836,0.078123,0.996226,0,0.24000,-0.36000,14.400,-0.720,-1,425.000,-1,425.000,-1,325.000,325.000,300.000,300.000,-1,-1,-1,750.000,-1,875.000,-1,-1,2,0,2,0,2,0,0,0,0,2,2,2,1,2,0,2,2
8,1022.888,-3635.621,-154.849,-36.554,0.804504,0.593776,-0.014269,-0.592622,0.800872,-0.086049,-0.039666,0.077683,0.996189,0,0.32000,-0.48000,19.200,-0.960,-1,425.000,-1,425.000,-1,325.000,325.000,300.000,300.000,-1,-1,-1,775.000,-1,875.000,-1,-1,2,0,2,0,2,0,0,0,0,2,2,2,1,2,0,2,2
9,1041.898,-3650.272,-155.890,-37.618,0.793377,0.608581,-0.013506,-0.607278,0.789758,-0.086579,-0.042024,0.076891,0.996153,0,0.40000,-0.53193,24.000,-1.064,-1,425.000,-1,425.000,-1,325.000,325.000,300.000,300.000,-1,-1,-1,775.000,-1,850.000,-1,-1,2,0,2,0,2,0,0,0,0,2,2,2,1,2,0,2,2
10,1064.385,-3668.266,-157.193,-38.665,0.782157,0.622955,-0.012581,-0.621486,0.778550,-0.087269,-0.044569,0.076077,0.996105,0,0.48000,-0.52371,28.800,-1.047,-1,425.000,-1,425.000,-1,325.000,325.000,300.000,300.000,-1,-1,-1,800.000,-1,850.000,-1,-1,2,0,2,0,2,0,0,0,0,2,2,2,1,2,0,2,2
11,1090.239,-3689.727,-158.889,-39.693,0.770877,0.636880,-0.011485,-0.635250,0.767324,-0.087584,-0.046968,0.074813,0.996091,0,0.56000,-0.51389,33.600,-1.028,-1,425.000,-1,425.000,-1,325.000,325.000,300.000,300.000,-1,-1,-1,850.000,-1,850.000,-1,-1,2,0,2,0,2,0,0,0,0,2,2,2,1,2,0,2,2
12,1119.447,-3714.658,-160.890,-40.481,0.762062,0.647423,-0.010219,-0.645626,0.758557,-0.088075,-0.049270,0.073716,0.996061,0,0.64000,-0.39389,38.400,-0.788,-1,425.000,-1,425.000,-1,325.000,325.000,300.000,300.000,-1,-1,-1,875.000,1000.000,850.000,-1,-1,2,0,2,0,2,0,0,0,0,2,2,2,1,0,0,2,2
13,1152.036,-3743.017,-163.202,-41.028,0.755848,0.654688,-0.008791,-0.652718,0.752382,-0.088771,-0.051503,0.072835,0.996013,0,0.72000,-0.27389,43.200,-0.548,-1,425.000,-1,400.000,1000.000,350.000,325.000,300.000,300.000,-1,-1,-1,925.000,1000.000,825.000,-1,-1,2,0,2,0,1,0,0,0,0,2,2,2,1,0,0,2,2
14,1187.994,-3774.814,-165.845,-41.485,0.750610,0.660706,-0.007197,-0.658546,0.747179,-0.089668,-0.053866,0.072045,0.995946,0,0.80000,-0.22849,48.000,-0.457,-1,425.000,-1,400.000,950.000,350.000,325.000,300.000,300.000,-1,-1,-1,1000.000,975.000,825.000,-1,-1,2,0,2,0,1,0,0,0,0,2,2,2,1,0,0,2,2
15,1224.241,-3807.360,-168.685,-41.918,0.745590,0.666385,-0.005163,-0.664001,0.742220,-0.090621,-0.056556,0.070995,0.995872,0,0.81190,-0.21653,48.714,-0.433,-1,425.000,-1,400.000,925.000,350.000,325.000,300.000,300.000,-1,-1,-1,-1,975.000,825.000,-1,-1,2,0,2,0,1,0,0,0,0,2,2,2,2,0,0,2,2
16,1260.283,-3840.191,-171.936,-42.328,0.740750,0.671779,-0.001414,-0.669063,0.737562,-0.091421,-0.060372,0.068666,0.995811,0,0.81254,-0.20463,48.753,-0.409,-1,425.000,-1,400.000,875.000,350.000,325.000,300.000,300.000,-1,-1,-1,-1,925.000,800.000,-1,-1,2,0,2,0,1,0,0,1,0,2,2,2,2,0,0,2,2
17,1296.131,-3873.289,-175.182,-42.714,0.736129,0.676837,0.002172,-0.673811,0.733134,-0.092163,-0.063972,0.066381,0.995742,0,0.81317,-0.19298,48.790,-0.386,-1,425.000,-1,400.000,825.000,350.000,325.000,275.000,300.000,-1,-1,-1,-1,900.000,800.000,-1,1000.000,2,0,2,0,1,0,0,1,0,2,2,2,2,0,0,2,1
18,1331.798,-3906.641,-178.362,-43.077,0.731722,0.681580,0.005620,-0.678285,0.728947,-0.092553,-0.067179,0.063911,0.995692,0,0.81383,-0.18157,48.830,-0.363,-1,425.000,-1,400.000,800.000,325.000,325.000,275.000,300.000,-1,-1,-1,-1,875.000,775.000,-1,950.000,2,0,2,0,1,0,0,1,0,2,2,2,2,0,0,2,1
19,1367.297,-3940.234,-181.583,-43.418,0.727546,0.686002,0.008894,-0.682447,0.724982,-0.093098,-0.070313,0.061663,0.995617,0,0.81457,-0.17041,48.874,-0.341,-1,425.000,-1,400.000,750.000,325.000,325.000,300.000,300.000,-1,-1,-1,-1,850.000,775.000,-1,900.000,2,0,2,0,1,0,0,1,0,2,2,2,2,0,0,2,1
20,1402.647,-3974.061,-184.913,-43.737,0.723617,0.690103,0.011690,-0.686311,0.721230,-0.093832,-0.073185,0.059875,0.995519,0,0.81544,-0.15950,48.926,-0.319,-1,425.000,-1,400.000,725.000,325.000,325.000,300.000,300.000,-1,-1,-1,-1,850.000,750.000,-1,850.000,2,0,2,0,1,0,0,1,0,2,2,2,2,0,0,2,1
21,1437.866,-4008.113,-188.347,-44.034,0.719939,0.693895,0.014014,-0.689885,0.717692,-0.094746,-0.075802,0.058543,0.995403,0,0.81648,-0.14884,48.989,-0.298,-1,425.000,-1,400.000,675.000,325.000,325.000,300.000,300.000,-1,-1,-1,-1,825.000,750.000,-1,800.000,2,0,2,0,1,0,0,0,0,2,2,2,2,0,1,2,1
22,1472.974,-4042.388,-191.905,-44.311,0.716487,0.697413,0.016194,-0.693215,0.714389,-0.095396,-0.078099,0.057124,0.995308,0,0.81774,-0.13844,49.064,-0.277,-1,400.000,-1,400.000,650.000,325.000,325.000,300.000,300.000,-1,-1,-1,-1,800.000,700.000,-1,775.000,2,0,2,0,1,0,0,0,0,2,2,2,2,0,1,2,1
23,1507.993,-4076.885,-195.593,-44.568,0.713257,0.700665,0.018239,-0.696316,0.711321,-0.095740,-0.080055,0.055587,0.995239,0,0.81927,-0.12827,49.156,-0.257,-1,400.000,-1,375.000,600.000,325.000,325.000,300.000,300.000,-1,-1,-1,-1,775.000,675.000,-1,725.000,2,0,2,0,1,0,0,0,0,2,2,2,2,0,1,2,1
24,1542.948,-4111.603,-199.347,-44.804,0.710260,0.703652,0.020116,-0.699161,0.708475,-0.096107,-0.081878,0.054196,0.995168,0,0.82111,-0.11834,49.266,-0.237,-1,400.000,-1,375.000,575.000,325.000,325.000,325.000,300.000,-1,-1,-1,-1,775.000,650.000,-1,675.000,2,0,2,0,1,0,0,0,0,2,2,2,2,0,1,2,1
25,1577.864,-4146.547,-203.169,-45.022,0.707496,0.706381,0.021827,-0.701759,0.705849,-0.096495,-0.083569,0.052952,0.995094,0,0.82330,-0.10864,49.398,-0.217,-1,400.000,-1,375.000,550.000,325.000,325.000,325.000,300.000,-1,-1,-1,-1,750.000,625.000,-1,650.000,2,0,2,0,1,0,0,0,0,2,2,2,2,0,1,2,1
26,1612.768,-4181.720,-207.129,-45.220,0.704972,0.708851,0.023331,-0.704083,0.703431,-0.097223,-0.085329,0.052112,0.994989,0,0.82587,-0.09916,49.552,-0.198,-1,400.000,-1,375.000,500.000,325.000,325.000,325.000,300.000,-1,-1,-1,-1,750.000,600.000,-1,600.000,2,0,2,0,1,0,0,0,0,2,2,2,2,0,1,2,1
27,1650.757,-4220.593,-211.513,-45.658,0.699449,0.714253,0.024755,-0.709334,0.698028,-0.097992,-0.087270,0.050981,0.994879,0,0.90587,-0.21916,54.352,-0.438,-1,400.000,-1,375.000,475.000,325.000,300.000,325.000,300.000,-1,-1,-1,-1,725.000,575.000,-1,550.000,2,0,2,0,1,0,0,0,0,2,2,2,2,0,1,2,1
28,1689.917,-4261.493,-216.256,-46.244,0.692028,0.721423,0.025439,-0.716517,0.690753,-0.097283,-0.087754,0.049095,0.994932,0,0.94374,-0.29297,56.624,-0.586,-1,400.000,-1,375.000,425.000,325.000,300.000,325.000,300.000,-1,-1,-1,-1,725.000,550.000,-1,500.000,2,0,2,0,1,0,0,0,0,2,2,2,2,0,1,2,1
29,1729.059,-4303.202,-221.294,-46.817,0.684671,0.728385,0.026112,-0.723601,0.683594,-0.095398,-0.087336,0.046422,0.995097,0,0.95331,-0.28638,57.199,-0.573,-1,400.000,-1,375.000,400.000,325.000,300.000,325.000,300.000,-1,-1,-1,-1,700.000,550.000,-1,475.000,2,0,2,0,1,0,0,0,0,2,2,2,2,0,1,2,1
30,1768.168,-4345.700,-226.322,-47.377,0.677402,0.735122,0.026884,-0.730455,0.676523,-0.093550,-0.086959,0.043733,0.995252,0,0.96259,-0.28005,57.755,-0.560,-1,375.000,-1,375.000,350.000,325.000,300.000,325.000,300.000,900.000,-1,-1,-1,700.000,525.000,-1,425.000,2,0,2,1,1,0,0,0,0,1,2,2,2,0,1,2,1
31,1807.083,-4388.825,-231.256,-47.937,0.670047,0.741789,0.028052,-0.737224,0.669393,-0.091728,-0.086820,0.040782,0.995389,0,0.96811,-0.27988,58.087,-0.560,-1,375.000,-1,350.000,325.000,325.000,325.000,325.000,300.000,800.000,-1,-1,-1,700.000,500.000,-1,375.000,2,0,2,1,1,0,0,0,0,1,2,2,2,0,1,2,1
32,1845.590,-4432.369,-236.193,-48.512,0.662438,0.748554,0.029026,-0.744097,0.661984,-0.089982,-0.086571,0.038009,0.995520,0,0.96880,-0.28763,58.128,-0.575,-1,375.000,-1,325.000,275.000,325.000,300.000,325.000,300.000,775.000,-1,-1,-1,675.000,500.000,-1,350.000,2,0,2,1,1,0,1,0,0,1,2,2,2,0,1,2,1
33,1883.143,-4475.337,-241.008,-48.847,0.657952,0.752473,0.029718,-0.748129,0.657643,-0.088363,-0.086035,0.035905,0.995645,0,0.95110,-0.16763,57.066,-0.335,-1,375.000,-1,325.000,250.000,325.000,300.000,325.000,300.000,775.000,-1,-1,-1,650.000,500.000,-1,300.000,2,0,2,1,1,0,1,0,0,1,2,2,2,0,1,2,1
34,1920.586,-4518.325,-245.255,-48.943,0.656625,0.753629,0.029794,-0.749568,0.656447,-0.085006,-0.083621,0.033484,0.995935,0,0.95015,-0.04763,57.009,-0.095,-1,375.000,-1,325.000,225.000,325.000,300.000,325.000,300.000,775.000,-1,-1,-1,650.000,550.000,-1,275.000,2,0,2,1,1,0,1,0,0,1,2,2,2,0,1,2,1
35,1958.049,-4561.117,-246.671,-48.798,0.658133,0.752221,0.032020,-0.749376,0.658569,-0.068712,-0.072774,0.021227,0.997123,0,0.94793,0.07237,56.876,0.145,-1,400.000,-1,350.000,250.000,325.000,325.000,300.000,300.000,750.000,450.000,-1,-1,675.000,625.000,-1,325.000,2,0,2,1,1,0,0,0,1,1,0,2,2,0,0,2,1
36,1995.655,-4603.493,-248.705,-48.413,0.662982,0.747896,0.033254,-0.745929,0.663707,-0.055526,-0.063599,0.012008,0.997903,0,0.94430,0.19237,56.658,0.385,-1,400.000,-1,375.000,275.000,325.000,325.000,300.000,300.000,775.000,250.000,575.000,-1,700.000,650.000,-1,-1,2,0,2,1,1,0,0,0,1,1,0,0,2,0,0,2,2
37,2033.512,-4645.225,-251.391,-47.788,0.671057,0.740655,0.033360,-0.739268,0.671859,-0.045696,-0.056258,0.006003,0.998398,0,0.93909,0.31237,56.346,0.625,-1,400.000,-1,400.000,300.000,325.000,325.000,300.000,275.000,775.000,225.000,400.000,-1,700.000,700.000,-1,-1,2,0,2,0,1,0,0,0,1,1,0,0,2,0,0,2,2
38,2071.594,-4686.190,-254.767,-47.089,0.680104,0.732411,0.032125,-0.731362,0.680855,-0.039325,-0.050674,0.003250,0.998710,0,0.93222,0.34957,55.933,0.699,-1,400.000,-1,400.000,475.000,325.000,325.000,300.000,250.000,800.000,225.000,325.000,-1,725.000,700.000,-1,-1,2,0,2,0,1,0,0,0,1,1,0,0,2,0,0,2,2
39,2109.817,-4726.352,-258.576,-46.417,0.688747,0.724373,0.030194,-0.723445,0.689400,-0.036805,-0.047476,0.003506,0.998866,0,0.92406,0.33609,55.444,0.672,-1,400.000,-1,400.000,-1,325.000,325.000,300.000,225.000,825.000,200.000,300.000,-1,725.000,700.000,-1,-1,2,0,2,0,2,0,0,0,1,1,0,0,2,0,0,2,2
40,2148.119,-4765.681,-262.921,-45.757,0.697157,0.716378,0.027827,-0.715427,0.697685,-0.037405,-0.046211,0.006169,0.998913,0,0.91498,0.32985,54.899,0.660,-1,400.000,-1,400.000,-1,325.000,325.000,300.000,200.000,875.000,200.000,300.000,-1,700.000,700.000,-1,-1,2,0,2,0,2,0,0,0,1,1,0,0,2,0,0,2,2
41,2186.450,-4804.149,-267.779,-45.102,0.705439,0.708324,0.025143,-0.707222,0.705799,-0.041046,-0.046820,0.011173,0.998841,0,0.90508,0.32752,54.305,0.655,-1,375.000,-1,375.000,-1,325.000,325.000,300.000,175.000,925.000,225.000,300.000,-1,675.000,675.000,-1,-1,2,0,2,0,2,0,0,0,1,1,0,0,2,0,0,2,2
42,2224.764,-4841.735,-273.127,-44.451,0.713622,0.700177,0.022259,-0.698799,0.713731,-0.047622,-0.049231,0.018429,0.998617,0,0.89453,0.32578,53.672,0.652,-1,375.000,-1,350.000,-1,300.000,300.000,300.000,175.000,950.000,250.000,325.000,-1,650.000,625.000,-1,-1,2,0,2,0,2,0,0,0,1,1,0,0,2,0,0,2,2
43,2263.026,-4878.428,-276.696,-43.801,0.721584,0.692030,0.020269,-0.690748,0.721606,-0.046403,-0.046739,0.019483,0.998717,0,0.88355,0.32465,53.013,0.649,-1,375.000,-1,350.000,-1,300.000,300.000,300.000,150.000,1000.000,250.000,325.000,-1,650.000,625.000,-1,-1,2,0,2,0,2,0,0,0,1,1,0,0,2,0,0,2,2
44,2301.210,-4914.226,-279.224,-43.153,0.729449,0.683824,0.017010,-0.682780,0.729391,-0.042432,-0.041423,0.019338,0.998955,0,0.87236,0.32411,52.341,0.648,-1,375.000,-1,350.000,-1,300.000,300.000,300.000,150.000,-1,225.000,300.000,-1,675.000,625.000,-1,-1,2,0,2,0,2,0,0,0,1,2,0,0,2,0,0,2,2
45,2339.303,-4949.137,-281.534,-42.505,0.737227,0.675521,0.012975,-0.674698,0.737074,-0.038789,-0.035767,0.019842,0.999163,0,0.86118,0.32415,51.671,0.648,-1,375.000,-1,350.000,-1,300.000,300.000,300.000,175.000,-1,200.000,275.000,-1,675.000,650.000,-1,-1,2,0,2,0,2,0,0,0,1,2,0,0,2,0,0,2,2
46,2377.299,-4983.178,-281.110,-41.855,0.744575,0.667211,0.020903,-0.666446,0.744783,-0.033898,-0.038186,0.011309,0.999207,0,0.85024,0.32474,51.014,0.649,-1,375.000,-1,350.000,-1,300.000,300.000,300.000,175.000,-1,325.000,425.000,-1,675.000,650.000,-1,-1,2,0,2,0,2,0,0,0,1,2,0,0,2,0,0,2,2
47,2415.207,-5016.367,-280.672,-41.204,0.751837,0.658735,0.028441,-0.658093,0.752368,-0.029269,-0.040679,0.003289,0.999167,0,0.83972,0.32586,50.383,0.652,-1,375.000,-1,375.000,-1,300.000,300.000,275.000,200.000,-1,475.000,600.000,-1,650.000,650.000,-1,-1,2,0,2,0,2,0,0,0,1,2,0,0,2,0,0,2,2
48,2453.038,-5048.734,-280.760,-40.549,0.759123,0.650093,0.033343,-0.649613,0.759850,-0.025106,-0.041657,-0.002602,0.999129,0,0.82980,0.32749,49.788,0.655,-1,350.000,-1,375.000,-1,300.000,300.000,275.000,225.000,-1,575.000,725.000,-1,625.000,650.000,-1,-1,2,0,2,0,2,0,0,0,1,2,0,0,2,0,0,2,2
49,2490.816,-5080.308,-281.357,-39.890,0.766461,0.641297,0.035711,-0.640970,0.767266,-0.021473,-0.041171,-0.006432,0.999131,0,0.82058,0.32959,49.235,0.659,-1,350.000,-1,375.000,-1,300.000,300.000,275.000,250.000,-1,650.000,850.000,500.000,625.000,675.000,-1,-1,2,0,2,0,2,0,0,0,1,2,0,0,1,0,0,2,2
50,2528.566,-5111.124,-282.448,-39.225,0.773862,0.632351,0.035636,-0.632136,0.774638,-0.018432,-0.039260,-0.008263,0.999195,0,0.81218,0.33212,48.731,0.664,-1,350.000,-1,375.000,-1,300.000,300.000,275.000,275.000,-1,700.000,875.000,450.000,625.000,675.000,-1,-1,2,0,2,0,2,0,0,0,1,2,0,0,1,0,0,2,2
51,2566.320,-5141.214,-283.929,-38.555,0.781337,0.623250,0.032732,-0.623089,0.781984,-0.016153,-0.035663,-0.007774,0.999334,0,0.80464,0.33506,48.279,0.670,-1,350.000,-1,375.000,-1,300.000,300.000,275.000,300.000,-1,675.000,825.000,400.000,650.000,675.000,-1,-1,2,0,2,0,2,0,0,0,1,2,0,0,1,0,0,2,2
52,2604.112,-5170.612,-285.879,-37.879,0.788841,0.613980,0.027536,-0.613830,0.789303,-0.014605,-0.030702,-0.005381,0.999514,0,0.79801,0.33837,47.880,0.677,-1,375.000,-1,375.000,-1,300.000,300.000,300.000,325.000,-1,625.000,775.000,375.000,650.000,700.000,-1,-1,2,0,2,0,2,0,0,0,0,2,0,0,1,0,0,2,2
53,2641.978,-5199.349,-288.329,-37.194,0.796334,0.604522,0.020127,-0.604360,0.796588,-0.014031,-0.024515,-0.000991,0.999699,0,0.79227,0.34202,47.536,0.684,-1,375.000,-1,375.000,-1,300.000,300.000,300.000,325.000,-1,550.000,675.000,350.000,675.000,700.000,-1,-1,2,0,2,0,2,0,0,0,0,2,0,0,1,0,0,2,2
54,2679.956,-5227.454,-291.241,-36.502,0.803768,0.594849,0.010567,-0.594700,0.803820,-0.014347,-0.017028,0.005248,0.999841,0,0.78743,0.34599,47.246,0.692,-1,375.000,-1,375.000,-1,325.000,325.000,300.000,300.000,-1,450.000,550.000,325.000,700.000,725.000,-1,-1,2,0,2,0,2,0,0,0,0,2,0,0,1,0,0,2,2
55,2718.081,-5254.952,-293.248,-35.802,0.811043,0.584965,0.004911,-0.584862,0.811016,-0.013785,-0.012047,0.008308,0.999893,0,0.78346,0.35026,47.008,0.701,-1,375.000,-1,375.000,-1,325.000,325.000,300.000,300.000,-1,425.000,525.000,325.000,725.000,725.000,-1,-1,2,0,2,0,2,0,0,0,0,2,0,0,1,0,0,2,2
56,2756.390,-5281.869,-294.046,-35.092,0.818224,0.574882,0.004512,-0.574804,0.818206,-0.011801,-0.010476,0.007062,0.999920,0,0.78033,0.35480,46.820,0.710,-1,375.000,-1,400.000,-1,325.000,325.000,300.000,300.000,-1,450.000,550.000,350.000,725.000,750.000,-1,-1,2,0,2,0,2,0,0,0,0,2,0,0,1,0,0,2,2
57,2794.918,-5308.223,-294.806,-34.373,0.825374,0.564571,0.004052,-0.564516,0.825364,-0.009810,-0.008883,0.005810,0.999944,0,0.77798,0.35959,46.679,0.719,-1,375.000,-1,400.000,-1,325.000,325.000,300.000,300.000,-1,475.000,575.000,375.000,725.000,750.000,-1,-1,2,0,2,0,2,0,0,0,0,2,0,0,1,0,0,2,2
58,2833.698,-5334.032,-295.326,-33.644,0.832494,0.554023,0.003604,-0.553980,0.832485,-0.008667,-0.007802,0.005219,0.999956,0,0.77639,0.36461,46.583,0.729,-1,375.000,-1,400.000,-1,325.000,325.000,300.000,300.000,-1,525.000,625.000,400.000,725.000,750.000,-1,-1,2,0,2,0,2,0,0,0,0,2,0,0,1,0,0,2,2
59,2872.764,-5359.308,-295.592,-32.904,0.839578,0.543229,0.003209,-0.543189,0.839567,-0.008486,-0.007304,0.005381,0.999959,0,0.77550,0.36985,46.530,0.740,-1,375.000,-1,400.000,-1,325.000,325.000,300.000,325.000,-1,575.000,675.000,450.000,725.000,750.000,-1,-1,2,0,2,0,2,0,0,0,0,2,0,0,1,0,0,2,2
60,2912.145,-5384.063,-295.864,-32.154,0.846624,0.532183,0.002797,-0.532147,0.846611,-0.008311,-0.006791,0.005548,0.999962,0,0.77526,0.37530,46.516,0.751,-1,400.000,-1,400.000,-1,325.000,325.000,300.000,325.000,-1,625.000,725.000,475.000,725.000,750.000,-1,-1,2,0,2,0,2,0,0,0,0,2,0,0,1,0,0,2,2
61,2951.871,-5408.305,-296.141,-31.392,0.853628,0.520878,0.002367,-0.520846,0.853612,-0.008144,-0.006263,0.005719,0.999964,0,0.77564,0.38094,46.538,0.762,-1,400.000,-1,400.000,-1,325.000,325.000,300.000,325.000,-1,675.000,575.000,500.000,725.000,775.000,-1,-1,2,0,2,0,2,0,0,0,0,2,0,1,1,0,0,2,2
62,2991.970,-5432.036,-296.424,-30.618,0.860583,0.509307,0.001919,-0.509278,0.860565,-0.007985,-0.005718,0.005895,0.999966,0,0.77658,0.38676,46.595,0.774,-1,400.000,-1,400.000,-1,325.000,325.000,300.000,325.000,-1,725.000,575.000,550.000,750.000,775.000,-1,-1,2,0,2,0,2,0,0,0,0,2,0,1,1,0,0,2,2
63,3032.467,-5455.260,-296.711,-29.833,0.867485,0.497461,0.001451,-0.497436,0.867465,-0.007835,-0.005156,0.006075,0.999968,0,0.77806,0.39275,46.683,0.786,-1,400.000,-1,400.000,-1,325.000,325.000,300.000,325.000,-1,750.000,600.000,600.000,750.000,775.000,-1,-1,2,0,2,0,2,0,0,0,0,2,0,1,1,0,0,2,2
64,3076.539,-5479.496,-297.022,-28.807,0.876251,0.481855,0.000921,-0.481834,0.876229,-0.007690,-0.004513,0.006295,0.999970,0,0.83828,0.51275,50.297,1.026,-1,400.000,-1,400.000,-1,325.000,325.000,300.000,300.000,-1,825.000,625.000,650.000,750.000,775.000,-1,-1,2,0,2,0,2,0,0,0,0,2,0,1,1,0,0,2,2
65,3121.214,-5502.923,-297.307,-27.672,0.885628,0.464395,0.000390,-0.464378,0.885603,-0.007713,-0.003927,0.006650,0.999970,0,0.84075,0.56776,50.445,1.136,-1,400.000,-1,400.000,-1,325.000,325.000,300.000,300.000,-1,875.000,650.000,700.000,750.000,775.000,-1,-1,2,0,2,0,2,0,0,0,0,2,0,1,1,0,0,2,2
66,3166.508,-5525.527,-297.589,-26.522,0.894768,0.446532,-0.000346,-0.446520,0.894736,-0.008202,-0.003353,0.007493,0.999966,0,0.84368,0.57475,50.621,1.149,-1,400.000,-1,400.000,-1,325.000,325.000,300.000,300.000,-1,925.000,675.000,775.000,750.000,800.000,-1,-1,2,0,2,0,2,0,0,0,0,2,0,1,1,0,0,2,2
67,3212.438,-5547.295,-297.826,-25.358,0.903653,0.428264,-0.001093,-0.428256,0.903615,-0.008732,-0.002751,0.008359,0.999961,0,0.84713,0.58192,50.828,1.164,-1,400.000,-1,400.000,-1,325.000,325.000,300.000,300.000,-1,850.000,725.000,825.000,750.000,800.000,-1,-1,2,0,2,0,2,0,0,0,0,2,1,1,1,0,0,2,2
68,3259.021,-5568.210,-297.979,-24.180,0.912270,0.409585,-0.001928,-0.409584,0.912224,-0.009344,-0.002068,0.009314,0.999954,0,0.85104,0.58925,51.062,1.178,-1,400.000,-1,400.000,-1,325.000,325.000,300.000,300.000,-1,850.000,750.000,900.000,750.000,800.000,-1,-1,2,0,2,0,2,0,0,0,0,2,1,1,1,0,0,2,2
69,3306.268,-5588.252,-298.097,-22.986,0.920602,0.390493,-0.002619,-0.390499,0.920550,-0.009922,-0.001463,0.010157,0.999947,0,0.85538,0.59674,51.323,1.193,-1,400.000,-1,400.000,-1,325.000,325.000,300.000,300.000,-1,875.000,800.000,950.000,750.000,800.000,-1,-1,2,0,2,0,2,0,0,0,0,2,1,1,1,0,0,2,2
70,3354.191,-5607.399,-298.164,-21.778,0.928634,0.370984,-0.003101,-0.370996,0.928576,-0.010419,-0.000986,0.010826,0.999941,0,0.86011,0.60438,51.607,1.209,-1,400.000,-1,400.000,-1,325.000,325.000,300.000,300.000,-1,900.000,825.000,-1,775.000,825.000,-1,-1,2,0,2,0,2,0,0,0,0,2,1,1,2,0,0,2,2
71,3402.799,-5625.624,-298.188,-20.553,0.936348,0.351056,-0.003334,-0.351071,0.936285,-0.010878,-0.000697,0.011356,0.999935,0,0.86520,0.61216,51.912,1.224,-1,400.000,-1,400.000,-1,325.000,325.000,300.000,300.000,-1,925.000,875.000,-1,775.000,825.000,-1,-1,2,0,2,0,2,0,0,0,0,2,1,1,2,0,0,2,2
72,3452.096,-5642.900,-298.262,-19.313,0.943727,0.330707,-0.003472,-0.330724,0.943656,-0.011599,-0.000560,0.012094,0.999927,0,0.87061,0.62009,52.237,1.240,-1,400.000,-1,400.000,-1,325.000,325.000,300.000,300.000,-1,975.000,925.000,-1,775.000,825.000,-1,-1,2,0,2,0,2,0,0,0,0,2,1,1,2,0,0,2,2
73,3502.086,-5659.197,-298.340,-18.057,0.950751,0.309935,-0.003574,-0.309955,0.950671,-0.012374,-0.000437,0.012872,0.999917,0,0.87633,0.62814,52.580,1.256,-1,400.000,-1,400.000,-1,325.000,325.000,300.000,300.000,-1,1000.000,950.000,-1,775.000,825.000,-1,-1,2,0,2,0,2,0,0,0,0,2,1,1,2,0,0,2,2
74,3549.091,-5673.605,-298.416,-17.041,0.956099,0.293022,-0.003645,-0.293044,0.956009,-0.013131,-0.000363,0.013622,0.999907,0,0.81939,0.50814,49.163,1.016,-1,400.000,-1,400.000,-1,325.000,325.000,300.000,300.000,-1,-1,1000.000,-1,775.000,850.000,-1,-1,2,0,2,0,2,0,0,0,0,2,2,1,2,0,0,2,2
75,3596.621,-5687.471,-298.496,-16.264,0.959981,0.280039,-0.003700,-0.280064,0.959881,-0.013917,-0.000346,0.014396,0.999896,0,0.82518,0.38814,49.511,0.776,-1,400.000,-1,400.000,-1,325.000,325.000,300.000,300.000,-1,-1,-1,-1,800.000,850.000,-1,-1,2,0,2,0,2,0,0,0,0,2,2,2,2,0,0,2,2
76,3644.624,-5700.989,-298.585,-15.728,0.962561,0.271040,-0.003744,-0.271065,0.962448,-0.014734,-0.000390,0.015197,0.999884,0,0.83118,0.26814,49.871,0.536,-1,400.000,-1,400.000,-1,325.000,325.000,300.000,300.000,-1,-1,-1,-1,800.000,850.000,-1,-1,2,0,2,0,2,0,0,0,0,2,2,2,2,0,0,2,2
77,3694.365,-5714.558,-298.685,-15.258,0.964752,0.263134,-0.003768,-0.263161,0.964626,-0.015609,-0.000472,0.016050,0.999871,0,0.85930,0.23494,51.558,0.470,-1,400.000,-1,400.000,-1,325.000,325.000,300.000,300.000,-1,-1,-1,-1,800.000,850.000,-1,-1,2,0,2,0,2,0,0,0,0,2,2,2,2,0,0,2,2
78,3744.160,-5727.701,-298.793,-14.786,0.966886,0.255181,-0.003766,-0.255208,0.966745,-0.016515,-0.000574,0.016929,0.999857,0,0.85835,0.23582,51.501,0.472,-1,400.000,-1,400.000,-1,325.000,325.000,300.000,300.000,-1,-1,-1,-1,800.000,850.000,-1,-1,2,0,2,0,2,0,0,0,0,2,2,2,2,0,0,2,2
79,3794.013,-5740.420,-298.908,-14.313,0.968965,0.247171,-0.003737,-0.247198,0.968808,-0.017448,-0.000692,0.017831,0.999841,0,0.85749,0.23699,51.450,0.474,-1,400.000,-1,425.000,-1,325.000,325.000,300.000,300.000,-1,-1,-1,-1,800.000,850.000,-1,-1,2,0,2,0,2,0,0,0,0,2,2,2,2,0,0,2,2
80,3843.927,-5752.713,-299.030,-13.836,0.970989,0.239095,-0.003683,-0.239122,0.970815,-0.018407,-0.000826,0.018754,0.999824,0,0.85675,0.23843,51.405,0.477,-1,400.000,-1,425.000,-1,325.000,325.000,300.000,300.000,-1,-1,-1,-1,800.000,850.000,-1,-1,2,0,2,0,2,0,0,0,0,2,2,2,2,0,0,2,2
81,3893.907,-5764.578,-299.137,-13.355,0.972961,0.230944,-0.003281,-0.230964,0.972766,-0.019544,-0.001322,0.019774,0.999804,0,0.85615,0.24015,51.369,0.480,-1,400.000,-1,425.000,-1,325.000,325.000,300.000,300.000,-1,-1,-1,-1,825.000,850.000,-1,-1,2,0,2,0,2,0,0,0,0,2,2,2,2,0,0,2,2
82,3943.960,-5776.015,-299.427,-12.871,0.974882,0.222713,-0.002018,-0.222708,0.974677,-0.020138,-0.002518,0.020081,0.999795,0,0.85571,0.24214,51.343,0.484,-1,400.000,-1,425.000,-1,325.000,325.000,300.000,300.000,-1,-1,-1,-1,800.000,850.000,-1,-1,2,0,2,0,2,0,0,0,0,2,2,2,2,0,0,2,2
83,3994.093,-5787.021,-299.743,-12.382,0.976748,0.214388,-0.000825,-0.214358,0.976534,-0.020798,-0.003654,0.020491,0.999783,0,0.85545,0.24439,51.327,0.489,-1,400.000,-1,425.000,-1,325.000,325.000,300.000,300.000,-1,-1,-1,-1,800.000,850.000,-1,-1,2,0,2,0,2,0,0,0,0,2,2,2,2,0,0,2,2
84,4044.315,-5797.594,-300.186,-11.888,0.978560,0.205960,0.000419,-0.205902,0.978327,-0.021936,-0.004928,0.021379,0.999759,0,0.85538,0.24690,51.323,0.494,-1,400.000,-1,425.000,-1,325.000,325.000,300.000,300.000,-1,-1,-1,-1,800.000,850.000,-1,-1,2,0,2,0,2,0,0,0,0,2,2,2,2,0,0,2,2
85,4094.636,-5807.730,-300.645,-11.389,0.980317,0.197422,0.001654,-0.197332,0.980064,-0.023117,-0.006185,0.022335,0.999731,0,0.85553,0.24967,51.332,0.499,-1,400.000,-1,400.000,-1,325.000,325.000,300.000,300.000,-1,-1,-1,-1,800.000,825.000,-1,-1,2,0,2,0,2,0,0,0,0,2,2,2,2,0,0,2,2
86,4145.066,-5817.427,-301.110,-10.884,0.982018,0.188766,0.002864,-0.188642,0.981745,-0.024305,-0.007400,0.023328,0.999700,0,0.85590,0.25268,51.354,0.505,-1,400.000,-1,400.000,-1,325.000,325.000,300.000,300.000,-1,-1,-1,-1,800.000,825.000,-1,-1,2,0,2,0,2,0,0,0,0,2,2,2,2,0,0,2,2
87,4195.616,-5826.679,-301.581,-10.372,0.983661,0.179983,0.004051,-0.179824,0.983368,-0.025501,-0.008574,0.024356,0.999667,0,0.85650,0.25594,51.390,0.512,-1,400.000,-1,400.000,-1,325.000,325.000,300.000,300.000,-1,-1,-1,-1,800.000,825.000,-1,-1,2,0,2,0,2,0,0,0,0,2,2,2,2,0,0,2,2
88,4246.299,-5835.481,-302.057,-9.853,0.985246,0.171065,0.005218,-0.170869,0.984932,-0.026702,-0.009707,0.025417,0.999630,0,0.85735,0.25944,51.441,0.519,-1,400.000,-1,400.000,-1,325.000,325.000,300.000,300.000,-1,-1,-1,-1,800.000,800.000,-1,-1,2,0,2,0,2,0,0,0,0,2,2,2,2,0,0,2,2
89,4297.125,-5843.828,-302.536,-9.327,0.986769,0.162005,0.006365,-0.161770,0.986434,-0.027909,-0.010800,0.026510,0.999590,0,0.85846,0.26318,51.507,0.526,-1,400.000,-1,400.000,-1,325.000,325.000,300.000,300.000,-1,-1,-1,-1,775.000,800.000,-1,-1,2,0,2,0,2,0,0,0,0,2,2,2,2,0,0,2,2
90,4343.252,-5851.167,-302.980,-9.040,0.987560,0.157069,0.007394,-0.156795,0.987205,-0.029009,-0.011856,0.027488,0.999552,0,0.77846,0.14318,46.707,0.286,-1,400.000,-1,400.000,-1,325.000,325.000,300.000,300.000,-1,-1,-1,-1,775.000,800.000,-1,-1,2,0,2,0,2,0,0,0,0,2,2,2,2,0,0,2,2
91,4384.644,-5857.718,-303.390,-8.994,0.987680,0.156267,0.008309,-0.155955,0.987308,-0.030006,-0.012892,0.028340,0.999515,0,0.69846,0.02318,41.907,0.046,-1,400.000,-1,400.000,-1,325.000,325.000,300.000,300.000,-1,-1,-1,-1,775.000,775.000,-1,-1,2,0,2,0,2,0,0,0,0,2,2,2,2,0,0,2,2
92,4421.276,-5863.643,-303.765,-9.188,0.987140,0.159599,0.009113,-0.159252,0.986754,-0.030905,-0.013924,0.029056,0.999481,0,0.61846,-0.09682,37.107,-0.194,-1,400.000,-1,400.000,-1,325.000,325.000,300.000,300.000,-1,-1,-1,-1,775.000,775.000,-1,-1,2,0,2,0,2,0,0,0,0,2,2,2,2,0,0,2,2
93,4453.135,-5869.004,-304.105,-9.553,0.986096,0.165887,0.009807,-0.165505,0.985699,-0.031706,-0.014926,0.029642,0.999449,0,0.53846,-0.18272,32.307,-0.365,-1,400.000,-1,400.000,-1,325.000,325.000,300.000,300.000,-1,-1,-1,-1,775.000,775.000,-1,-1,2,0,2,0,2,0,0,0,0,2,2,2,2,0,0,2,2
94,4480.231,-5873.742,-304.402,-9.918,0.985013,0.172168,0.010392,-0.171755,0.984607,-0.032402,-0.015811,0.030131,0.999421,0,0.45846,-0.18272,27.507,-0.365,-1,400.000,-1,400.000,-1,325.000,325.000,300.000,300.000,-1,-1,-1,-1,775.000,775.000,-1,-1,2,0,2,0,2,0,0,0,0,2,2,2,2,0,0,2,2
95,4502.574,-5877.796,-304.655,-10.284,0.983890,0.178442,0.010872,-0.178003,0.983477,-0.032988,-0.016579,0.030522,0.999397,0,0.37846,-0.18272,22.707,-0.365,-1,400.000,-1,400.000,-1,325.000,325.000,300.000,300.000,-1,-1,-1,-1,775.000,775.000,-1,-1,2,0,2,0,2,0,0,0,0,2,2,2,2,0,0,2,2
96,4520.173,-5881.105,-304.859,-10.649,0.982729,0.184710,0.011246,-0.184248,0.982310,-0.033461,-0.017228,0.030811,0.999377,0,0.29846,-0.18272,17.907,-0.365,-1,400.000,-1,400.000,-1,325.000,325.000,300.000,300.000,-1,-1,-1,-1,775.000,750.000,-1,-1,2,0,2,0,2,0,0,0,0,2,2,2,2,0,0,2,2
97,4533.039,-5883.610,-305.042,-11.015,0.981529,0.190971,0.011445,-0.190496,0.981110,-0.033681,-0.017661,0.030879,0.999367,0,0.21846,-0.18272,13.107,-0.365,-1,400.000,-1,400.000,-1,325.000,325.000,300.000,300.000,-1,-1,-1,-1,775.000,750.000,-1,-1,2,0,2,0,2,0,0,0,0,2,2,2,2,0,0,2,2
98,4541.183,-5885.249,-305.185,-11.380,0.980291,0.197225,0.011511,-0.196745,0.979875,-0.033715,-0.017928,0.030786,0.999365,0,0.13846,-0.18272,8.307,-0.365,-1,400.000,-1,400.000,-1,325.000,325.000,300.000,300.000,-1,-1,-1,-1,775.000,750.000,-1,-1,2,0,2,0,2,0,0,0,0,2,2,2,2,0,0,2,2
99,4544.616,-5885.963,-305.253,-11.746,0.979013,0.203471,0.011524,-0.202989,0.978600,-0.033719,-0.018138,0.030672,0.999365,0,0.05846,-0.18272,3.507,-0.365,-1,400.000,-1,400.000,-1,325.000,325.000,300.000,300.000,-1,-1,-1,-1,775.000,750.000,-1,-1,2,0,2,0,2,0,0,0,0,2,2,2,2,0,0,2,2
100,4543.353,-5885.692,-305.243,-12.111,0.977696,0.209710,0.011483,-0.209226,0.977287,-0.033689,-0.018287,0.030536,0.999366,0,-0.02154,-0.18272,-1.293,-0.365,-1,400.000,-1,400.000,-1,325.000,325.000,300.000,300.000,-1,-1,-1,-1,775.000,750.000,-1,-1,2,0,2,0,2,0,0,0,0,2,2,2,2,0,0,2,2
101,4537.404,-5884.376,-305.154,-12.477,0.976340,0.215940,0.011385,-0.215458,0.975934,-0.033627,-0.018373,0.030378,0.999370,0,-0.10154,-0.18272,-6.093,-0.365,-1,400.000,-1,400.000,-1,325.000,325.000,300.000,300.000,-1,-1,-1,-1,775.000,750.000,-1,-1,2,0,2,0,2,0,0,0,0,2,2,2,2,0,0,2,2
102,4526.784,-5881.955,-304.986,-12.842,0.974945,0.222161,0.011228,-0.221683,0.974542,-0.033528,-0.018391,0.030199,0.999375,0,-0.18154,-0.18272,-10.893,-0.365,-1,400.000,-1,400.000,-1,325.000,325.000,300.000,300.000,-1,-1,-1,-1,775.000,750.000,-1,-1,2,0,2,0,2,0,0,0,0,2,2,2,2,0,0,2,2
103,4511.506,-5878.369,-304.747,-13.207,0.973511,0.228374,0.010990,-0.227904,0.973112,-0.033356,-0.018312,0.029968,0.999383,0,-0.26154,-0.18272,-15.693,-0.365,-1,400.000,-1,400.000,-1,325.000,325.000,300.000,300.000,-1,-1,-1,-1,775.000,750.000,-1,-1,2,0,2,0,2,0,0,0,0,2,2,2,2,0,0,2,2
104,4491.586,-5873.560,-304.495,-13.573,0.972040,0.234580,0.010538,-0.234130,0.971651,-0.032835,-0.017942,0.029450,0.999405,0,-0.34154,-0.18272,-20.493,-0.365,-1,400.000,-1,400.000,-1,325.000,325.000,300.000,300.000,-1,-1,-1,-1,775.000,750.000,-1,-1,2,0,2,0,2,0,0,0,0,2,2,2,2,0,0,2,2
105,4467.038,-5867.468,-304.184,-13.938,0.970529,0.240776,0.009976,-0.240352,0.970152,-0.032187,-0.017429,0.028841,0.999432,0,-0.42154,-0.18272,-25.293,-0.365,-1,400.000,-1,400.000,-1,325.000,325.000,300.000,300.000,-1,-1,-1,-1,775.000,775.000,-1,-1,2,0,2,0,2,0,0,0,0,2,2,2,2,0,0,2,2
106,4441.558,-5860.971,-303.861,-14.304,0.968979,0.246964,0.009387,-0.246565,0.968614,-0.031514,-0.016875,0.028223,0.999459,0,-0.43825,-0.18272,-26.295,-0.365,-1,400.000,-1,400.000,-1,325.000,325.000,300.000,300.000,-1,-1,-1,-1,775.000,775.000,-1,-1,2,0,2,0,2,0,0,0,0,2,2,2,2,0,0,2,2
107,4416.120,-5854.313,-303.539,-14.669,0.967389,0.253141,0.008790,-0.252768,0.967035,-0.030843,-0.016308,0.027615,0.999486,0,-0.43825,-0.18272,-26.295,-0.365,-1,400.000,-1,400.000,-1,325.000,325.000,300.000,300.000,-1,-1,-1,-1,775.000,775.000,-1,-1,2,0,2,0,2,0,0,0,0,2,2,2,2,0,0,2,2
108,4390.725,-5847.492,-303.219,-15.035,0.965760,0.259308,0.008187,-0.258960,0.965417,-0.030172,-0.015727,0.027019,0.999511,0,-0.43825,-0.18272,-26.295,-0.365,-1,400.000,-1,400.000,-1,325.000,325.000,300.000,300.000,-1,-1,-1,-1,775.000,775.000,-1,-1,2,0,2,0,2,0,0,0,0,2,2,2,2,0,0,2,2
109,4365.374,-5840.509,-302.900,-15.400,0.964091,0.265464,0.007576,-0.265141,0.963758,-0.029503,-0.015133,0.026435,0.999536,0,-0.43825,-0.18272,-26.295,-0.365,-1,400.000,-1,400.000,-1,325.000,325.000,300.000,300.000,-1,-1,-1,-1,800.000,775.000,-1,-1,2,0,2,0,2,0,0,0,0,2,2,2,2,0,0,2,2
110,4340.068,-5833.365,-302.583,-15.765,0.962382,0.271610,0.006958,-0.271310,0.962060,-0.028835,-0.014526,0.025863,0.999560,0,-0.43825,-0.18272,-26.295,-0.365,-1,400.000,-1,400.000,-1,325.000,325.000,300.000,300.000,-1,-1,-1,-1,800.000,775.000,-1,-1,2,0,2,0,2,0,0,0,0,2,2,2,2,0,0,2,2
111,4314.808,-5826.059,-302.268,-16.131,0.960634,0.277744,0.006332,-0.277468,0.960322,-0.028169,-0.013904,0.025303,0.999583,0,-0.43825,-0.18272,-26.295,-0.365,-1,400.000,-1,400.000,-1,325.000,325.000,300.000,300.000,-1,-1,-1,-1,800.000,800.000,-1,-1,2,0,2,0,2,0,0,0,0,2,2,2,2,0,0,2,2
112,4289.574,-5818.585,-301.955,-16.499,0.958834,0.283909,0.005697,-0.283656,0.958532,-0.027503,-0.013269,0.024755,0.999605,0,-0.43863,-0.18395,-26.318,-0.368,-1,400.000,-1,400.000,-1,325.000,325.000,300.000,300.000,-1,-1,-1,-1,800.000,800.000,-1,-1,2,0,2,0,2,0,0,0,0,2,2,2,2,0,0,2,2
113,4264.363,-5810.940,-301.644,-16.870,0.956979,0.290114,0.005053,-0.289883,0.956686,-0.026839,-0.012621,0.024219,0.999627,0,-0.43908,-0.18551,-26.345,-0.371,-1,400.000,-1,400.000,-1,325.000,325.000,300.000,300.000,-1,-1,-1,-1,800.000,800.000,-1,-1,2,0,2,0,2,0,0,0,0,2,2,2,2,0,0,2,2
114,4239.180,-5803.124,-301.335,-17.244,0.955067,0.296356,0.004400,-0.296148,0.954783,-0.026175,-0.011958,0.023696,0.999648,0,-0.43946,-0.18701,-26.368,-0.374,-1,400.000,-1,400.000,-1,325.000,325.000,300.000,300.000,-1,-1,-1,-1,800.000,800.000,-1,-1,2,0,2,0,2,0,0,0,0,2,2,2,2,0,0,2,2
115,4214.032,-5795.136,-301.029,-17.621,0.953100,0.302634,0.003737,-0.302447,0.952825,-0.025513,-0.011282,0.023186,0.999668,0,-0.43978,-0.18844,-26.387,-0.377,-1,400.000,-1,400.000,-1,325.000,325.000,300.000,300.000,-1,-1,-1,-1,800.000,800.000,-1,-1,2,0,2,0,2,0,0,0,0,2,2,2,2,0,0,2,2
116,4188.921,-5786.977,-300.725,-18.000,0.951076,0.308943,0.003065,-0.308777,0.950810,-0.024852,-0.010592,0.022689,0.999686,0,-0.44005,-0.18980,-26.403,-0.380,-1,400.000,-1,400.000,-1,325.000,325.000,300.000,300.000,-1,-1,-1,-1,800.000,825.000,-1,-1,2,0,2,0,2,0,0,0,0,2,2,2,2,0,0,2,2
117,4163.854,-5778.647,-300.424,-18.383,0.948995,0.315282,0.002382,-0.315136,0.948738,-0.024191,-0.009887,0.022207,0.999705,0,-0.44025,-0.19108,-26.415,-0.382,-1,400.000,-1,400.000,-1,325.000,325.000,300.000,300.000,-1,-1,-1,-1,800.000,825.000,-1,-1,2,0,2,0,2,0,0,0,0,2,2,2,2,0,0,2,2
118,4138.834,-5770.146,-300.126,-18.767,0.946859,0.321646,0.001689,-0.321520,0.946610,-0.023532,-0.009168,0.021738,0.999722,0,-0.44041,-0.19229,-26.424,-0.385,-1,400.000,-1,400.000,-1,325.000,325.000,300.000,300.000,-1,-1,-1,-1,800.000,825.000,-1,-1,2,0,2,0,2,0,0,0,0,2,2,2,2,0,0,2,2
119,4113.867,-5761.474,-299.831,-19.154,0.944666,0.328033,0.000986,-0.327926,0.944426,-0.022874,-0.008435,0.021285,0.999738,0,-0.44051,-0.19342,-26.430,-0.387,-1,400.000,-1,425.000,-1,325.000,325.000,300.000,300.000,-1,-1,-1,-1,825.000,825.000,-1,-1,2,0,2,0,2,0,0,0,0,2,2,2,2,0,0,2,2
120,4088.956,-5752.632,-299.539,-19.543,0.942417,0.334440,0.000272,-0.334351,0.942187,-0.022218,-0.007687,0.020847,0.999753,0,-0.44056,-0.19448,-26.433,-0.389,-1,400.000,-1,425.000,-1,325.000,325.000,300.000,300.000,-1,-1,-1,-1,825.000,825.000,-1,-1,2,0,2,0,2,0,0,0,0,2,2,2,2,0,0,2,2
121,4068.619,-5745.255,-299.304,-19.936,0.940098,0.340904,-0.000318,-0.340831,0.939875,-0.021677,-0.007091,0.020487,0.999765,0,-0.36056,-0.19673,-21.633,-0.393,-1,400.000,-1,425.000,-1,325.000,325.000,300.000,300.000,-1,-1,-1,-1,825.000,850.000,-1,-1,2,0,2,0,2,0,0,0,0,2,2,2,2,0,0,2,2
122,4052.835,-5739.407,-299.125,-20.331,0.937725,0.347377,-0.000779,-0.347314,0.937508,-0.021252,-0.006652,0.020199,0.999774,0,-0.28056,-0.19747,-16.833,-0.395,-1,400.000,-1,425.000,-1,325.000,325.000,300.000,300.000,-1,-1,-1,-1,825.000,850.000,-1,-1,2,0,2,0,2,0,0,0,0,2,2,2,2,0,0,2,2
123,4041.580,-5735.148,-299.007,-20.727,0.935302,0.353849,-0.001095,-0.353793,0.935088,-0.020981,-0.006400,0.020010,0.999779,0,-0.20056,-0.19800,-12.033,-0.396,-1,400.000,-1,425.000,-1,325.000,325.000,300.000,300.000,-1,-1,-1,-1,825.000,850.000,-1,-1,2,0,2,0,2,0,0,0,0,2,2,2,2,0,0,2,2
124,4034.833,-5732.541,-298.952,-21.124,0.932830,0.360316,-0.001262,-0.360262,0.932618,-0.020862,-0.006339,0.019915,0.999782,0,-0.12056,-0.19835,-7.233,-0.397,-1,400.000,-1,425.000,-1,325.000,325.000,300.000,300.000,-1,-1,-1,-1,825.000,850.000,-1,-1,2,0,2,0,2,0,0,0,0,2,2,2,2,0,0,2,2
125,4032.569,-5731.649,-298.941,-21.521,0.930310,0.366771,-0.001305,-0.366717,0.930099,-0.020819,-0.006422,0.019846,0.999782,0,-0.04056,-0.19855,-2.433,-0.397,-1,400.000,-1,425.000,-1,325.000,325.000,300.000,300.000,-1,-1,-1,-1,825.000,850.000,-1,-1,2,0,2,0,2,0,0,0,0,2,2,2,2,0,0,2,2
126,4034.765,-5732.532,-298.976,-21.918,0.927746,0.373211,-0.001221,-0.373154,0.927535,-0.020852,-0.006650,0.019801,0.999782,0,0.03944,-0.19862,2.367,-0.397,-1,400.000,-1,425.000,-1,325.000,325.000,300.000,300.000,-1,-1,-1,-1,825.000,850.000,-1,-1,2,0,2,0,2,0,0,0,0,2,2,2,2,0,0,2,2
127,4041.395,-5735.253,-299.057,-22.315,0.925137,0.379631,-0.001008,-0.379567,0.924927,-0.020966,-0.007027,0.019779,0.999780,0,0.11944,-0.19856,7.167,-0.397,-1,400.000,-1,425.000,-1,325.000,325.000,300.000,300.000,-1,-1,-1,-1,825.000,850.000,-1,-1,2,0,2,0,2,0,0,0,0,2,2,2,2,0,0,2,2
128,4052.434,-5739.874,-299.188,-22.712,0.922487,0.386027,-0.000666,-0.385953,0.922275,-0.021164,-0.007555,0.019781,0.999776,0,0.19944,-0.19838,11.967,-0.397,-1,400.000,-1,425.000,-1,325.000,325.000,300.000,300.000,-1,-1,-1,-1,825.000,850.000,-1,-1,2,0,2,0,2,0,0,0,0,2,2,2,2,0,0,2,2
129,4067.855,-5746.454,-299.385,-23.108,0.919797,0.392394,-0.000181,-0.392307,0.919583,-0.021512,-0.008275,0.019858,0.999769,0,0.27944,-0.19810,16.767,-0.396,-1,400.000,-1,425.000,-1,325.000,325.000,300.000,300.000,-1,-1,-1,-1,825.000,850.000,-1,-1,2,0,2,0,2,0,0,0,0,2,2,2,2,0,0,2,2
130,4087.632,-5755.055,-299.656,-23.504,0.917069,0.398729,0.000452,-0.398623,0.916850,-0.022041,-0.009203,0.020033,0.999757,0,0.35944,-0.19770,21.567,-0.395,-1,400.000,-1,425.000,-1,325.000,325.000,300.000,300.000,-1,-1,-1,-1,825.000,825.000,-1,-1,2,0,2,0,2,0,0,0,0,2,2,2,2,0,0,2,2
131,4111.739,-5765.737,-299.995,-23.898,0.914303,0.405028,0.001212,-0.404899,0.914079,-0.022705,-0.010304,0.020268,0.999741,0,0.43944,-0.19717,26.367,-0.394,-1,400.000,-1,425.000,-1,325.000,325.000,300.000,300.000,-1,-1,-1,-1,825.000,825.000,-1,-1,2,0,2,0,2,0,0,0,0,2,2,2,2,0,0,2,2
132,4140.146,-5778.558,-300.408,-24.291,0.911504,0.411286,0.002093,-0.411129,0.911274,-0.023511,-0.011577,0.020570,0.999721,0,0.51944,-0.19651,31.167,-0.393,-1,400.000,-1,400.000,-1,325.000,325.000,300.000,300.000,-1,-1,-1,-1,825.000,825.000,-1,-1,2,0,2,0,2,0,0,0,0,2,2,2,2,0,0,2,2
133,4172.827,-5793.577,-300.901,-24.683,0.908672,0.417499,0.003087,-0.417307,0.908436,-0.024466,-0.013019,0.020943,0.999696,0,0.59944,-0.19570,35.967,-0.391,-1,400.000,-1,400.000,-1,325.000,325.000,300.000,300.000,-1,-1,-1,-1,825.000,800.000,-1,-1,2,0,2,0,2,0,0,0,0,2,2,2,2,0,0,2,2
134,4209.752,-5810.852,-301.480,-25.072,0.905812,0.423660,0.004184,-0.423428,0.905569,-0.025578,-0.014625,0.021397,0.999664,0,0.67944,-0.19472,40.767,-0.389,-1,400.000,-1,400.000,-1,325.000,325.000,300.000,300.000,-1,-1,-1,-1,800.000,800.000,-1,-1,2,0,2,0,2,0,0,0,0,2,2,2,2,0,0,2,2
135,4250.296,-5830.155,-302.144,-25.459,0.902926,0.429763,0.005356,-0.429484,0.902676,-0.026836,-0.016367,0.021931,0.999626,0,0.74839,-0.19353,44.903,-0.387,-1,400.000,-1,400.000,-1,325.000,325.000,300.000,300.000,-1,-1,-1,-1,800.000,800.000,-1,-1,2,0,2,0,2,0,0,0,0,2,2,2,2,0,0,2,2
136,4290.715,-5849.732,-302.836,-25.843,0.900019,0.435801,0.006489,-0.435474,0.899762,-0.028129,-0.018097,0.022491,0.999583,0,0.74852,-0.19213,44.911,-0.384,-1,400.000,-1,400.000,-1,325.000,325.000,300.000,300.000,-1,-1,-1,-1,800.000,775.000,-1,-1,2,0,2,0,2,0,0,0,0,2,2,2,2,0,0,2,2
