timestep,x_cm,y_cm,z_cm,yaw_deg,basis_xx,basis_xy,basis_xz,basis_yx,basis_yy,basis_yz,basis_zx,basis_zy,basis_zz,teleport_flag,throttle_cmd,steering_cmd,cmd_move_cm,cmd_turn_deg,lidar_cm_0,lidar_cm_1,lidar_cm_2,lidar_cm_3,lidar_cm_4,lidar_cm_5,lidar_cm_6,lidar_cm_7,lidar_cm_8,lidar_cm_9,lidar_cm_10,lidar_cm_11,lidar_cm_12,lidar_cm_13,lidar_cm_14,lidar_cm_15,lidar_cm_16,lidar_class_0,lidar_class_1,lidar_class_2,lidar_class_3,lidar_class_4,lidar_class_5,lidar_class_6,lidar_class_7,lidar_class_8,lidar_class_9,lidar_class_10,lidar_class_11,lidar_class_12,lidar_class_13,lidar_class_14,lidar_class_15,lidar_class_16
0,-6226.834,3609.240,-138.891,19.509,0.941901,-0.333593,-0.039209,0.334942,0.941585,0.035094,0.025212,-0.046188,0.998615,1,0.08000,-0.12000,4.800,-0.240,-1,375.000,-1,375.000,-1,300.000,300.000,300.000,300.000,-1,475.000,475.000,-1,675.000,725.000,-1,-1,2,0,2,0,2,0,0,0,0,2,0,0,2,0,0,2,2
1,-6217.768,3612.398,-138.626,19.206,0.943635,-0.328613,-0.039573,0.329971,0.943353,0.034709,0.025926,-0.045811,0.998614,0,0.16000,-0.15154,9.600,-0.303,-1,375.000,-1,375.000,-1,300.000,300.000,300.000,300.000,-1,500.000,475.000,-1,675.000,725.000,-1,-1,2,0,2,0,2,0,0,0,0,2,0,0,2,0,0,2,2
2,-6204.144,3617.062,-138.233,18.899,0.945354,-0.323567,-0.040132,0.324936,0.945119,0.034154,0.026879,-0.045328,0.998610,0,0.24000,-0.15333,14.400,-0.307,-1,375.000,-1,375.000,-1,300.000,300.000,300.000,300.000,-1,500.000,475.000,-1,675.000,725.000,-1,-1,2,0,2,0,2,0,0,0,0,2,0,0,2,0,0,2,2
3,-6185.946,3623.181,-137.710,18.587,0.947067,-0.318421,-0.040894,0.319807,0.946893,0.033435,0.028076,-0.044743,0.998604,0,0.32000,-0.15608,19.200,-0.312,-1,375.000,-1,375.000,-1,300.000,325.000,300.000,300.000,-1,500.000,500.000,-1,675.000,725.000,-1,-1,2,0,2,0,2,0,0,0,0,2,0,0,2,0,0,2,2
4,-6163.155,3630.704,-137.053,18.267,0.948783,-0.313143,-0.041867,0.314547,0.948683,0.032563,0.029522,-0.044064,0.998592,0,0.40000,-0.15983,24.000,-0.320,-1,375.000,-1,375.000,-1,300.000,325.000,300.000,300.000,-1,500.000,500.000,-1,700.000,725.000,-1,-1,2,0,2,0,2,0,0,0,0,2,0,0,2,0,0,2,2
5,-6135.754,3639.573,-136.261,17.938,0.950510,-0.307695,-0.043061,0.309121,0.950499,0.031547,0.031222,-0.043297,0.998574,0,0.48000,-0.16467,28.800,-0.329,-1,375.000,-1,375.000,-1,300.000,325.000,300.000,300.000,-1,525.000,500.000,-1,700.000,725.000,-1,-1,2,0,2,0,2,0,0,0,0,2,0,0,2,0,0,2,2
6,-6103.726,3649.730,-135.329,17.596,0.952257,-0.302038,-0.044485,0.303488,0.952350,0.030400,0.033184,-0.042450,0.998547,0,0.56000,-0.17067,33.600,-0.341,-1,375.000,-1,400.000,-1,300.000,325.000,300.000,300.000,-1,525.000,475.000,-1,700.000,750.000,-1,-1,2,0,2,0,2,0,0,0,0,2,0,0,2,0,0,2,2
7,-6067.051,3661.111,-134.254,17.241,0.954032,-0.296129,-0.046153,0.297605,0.954245,0.029136,0.035413,-0.041532,0.998509,0,0.64000,-0.17792,38.400,-0.356,-1,375.000,-1,400.000,-1,325.000,325.000,300.000,300.000,-1,525.000,475.000,-1,700.000,750.000,-1,-1,2,0,2,0,2,0,0,0,0,2,0,0,2,0,0,2,2
8,-6028.487,3672.803,-133.115,16.868,0.955849,-0.289922,-0.047946,0.291422,0.956189,0.027861,0.037768,-0.040603,0.998461,0,0.67161,-0.18651,40.297,-0.373,-1,375.000,-1,400.000,-1,325.000,325.000,300.000,300.000,-1,525.000,450.000,-1,725.000,750.000,-1,-1,2,0,2,0,2,0,0,0,0,2,0,0,2,0,0,2,2
9,-5989.722,3684.267,-131.925,16.476,0.957715,-0.283386,-0.049734,0.284914,0.958179,0.026783,0.040064,-0.039820,0.998403,0,0.67375,-0.19586,40.425,-0.392,-1,375.000,-1,400.000,-1,325.000,325.000,300.000,300.000,-1,500.000,425.000,-1,725.000,750.000,-1,-1,2,0,2,0,2,0,0,0,0,2,0,0,2,0,0,2,2
10,-5950.727,3695.496,-130.470,16.065,0.959655,-0.276501,-0.051089,0.278082,0.960182,0.026844,0.041632,-0.039968,0.998333,0,0.67632,-0.20559,40.579,-0.411,-1,375.000,-1,400.000,-1,325.000,325.000,300.000,300.000,-1,500.000,425.000,-1,725.000,775.000,-1,-1,2,0,2,0,2,0,0,0,0,2,0,0,2,0,0,2,2
11,-5907.083,3707.924,-128.880,15.893,0.960409,-0.273629,-0.052363,0.275259,0.960995,0.026843,0.042975,-0.040193,0.998267,0,0.75632,-0.08559,45.379,-0.171,-1,375.000,-1,400.000,-1,325.000,325.000,300.000,300.000,-1,525.000,450.000,-1,725.000,775.000,-1,-1,2,0,2,0,2,0,0,0,0,2,0,0,2,0,0,2,2
12,-5858.806,3721.610,-127.113,15.828,0.960644,-0.272530,-0.053765,0.274218,0.961291,0.026893,0.044355,-0.040578,0.998191,0,0.83632,-0.03263,50.179,-0.065,-1,375.000,-1,400.000,-1,325.000,325.000,300.000,300.000,-1,525.000,450.000,-1,725.000,775.000,-1,-1,2,0,2,0,2,0,0,0,0,2,0,0,2,0,0,2,2
13,-5808.063,3735.908,-124.889,15.737,0.961077,-0.271003,-0.053747,0.272648,0.961765,0.025930,0.044665,-0.039575,0.998218,0,0.87864,-0.04580,52.719,-0.092,-1,375.000,-1,400.000,-1,325.000,325.000,300.000,300.000,-1,575.000,500.000,-1,725.000,775.000,-1,-1,2,0,2,0,2,0,0,0,0,2,0,0,2,0,0,2,2
14,-5756.952,3750.194,-122.575,15.617,0.961659,-0.269001,-0.053381,0.270582,0.962376,0.024859,0.044686,-0.038350,0.998265,0,0.88450,-0.06000,53.070,-0.120,-1,375.000,-1,400.000,-1,325.000,325.000,300.000,300.000,-1,625.000,550.000,-1,725.000,775.000,-1,-1,2,0,2,0,2,0,0,0,0,2,0,0,2,0,0,2,2
15,-5705.433,3764.449,-120.176,15.467,0.962364,-0.266503,-0.053218,0.268034,0.963112,0.023942,0.044874,-0.037305,0.998296,0,0.89091,-0.07466,53.455,-0.149,-1,375.000,-1,400.000,-1,325.000,325.000,300.000,300.000,-1,675.000,600.000,-1,725.000,775.000,-1,-1,2,0,2,0,2,0,0,0,0,2,0,0,2,0,0,2,2
16,-5653.466,3778.653,-117.701,15.288,0.963193,-0.263492,-0.053210,0.264984,0.963975,0.023146,0.045194,-0.036394,0.998315,0,0.89789,-0.08979,53.873,-0.180,-1,375.000,-1,400.000,-1,325.000,325.000,300.000,300.000,-1,725.000,650.000,-1,750.000,775.000,-1,-1,2,0,2,0,2,0,0,0,0,2,0,0,2,0,0,2,2
17,-5601.101,3792.766,-115.192,15.083,0.964126,-0.260058,-0.053206,0.261512,0.964941,0.022366,0.045525,-0.035477,0.998333,0,0.90389,-0.10226,54.233,-0.205,-1,375.000,-1,400.000,-1,325.000,325.000,300.000,300.000,-1,775.000,700.000,-1,750.000,775.000,-1,-1,2,0,2,0,2,0,0,0,0,2,0,0,2,0,0,2,2
18,-5548.686,3806.691,-112.664,14.879,0.965047,-0.256620,-0.053209,0.258037,0.965893,0.021611,0.045848,-0.034585,0.998350,0,0.90389,-0.10226,54.233,-0.205,-1,375.000,-1,400.000,-1,325.000,325.000,300.000,300.000,-1,850.000,750.000,-1,750.000,775.000,-1,-1,2,0,2,0,2,0,0,0,0,2,0,0,2,0,0,2,2
19,-5496.222,3820.429,-110.117,14.674,0.965955,-0.253178,-0.053216,0.254559,0.966832,0.020881,0.046164,-0.033717,0.998365,0,0.90389,-0.10226,54.233,-0.205,-1,375.000,-1,400.000,-1,325.000,325.000,300.000,300.000,-1,900.000,800.000,-1,750.000,775.000,-1,-1,2,0,2,0,2,0,0,0,0,2,0,0,2,0,0,2,2
20,-5443.709,3833.980,-107.552,14.470,0.966851,-0.249733,-0.053228,0.251078,0.967757,0.020177,0.046473,-0.032872,0.998379,0,0.90389,-0.10226,54.233,-0.205,-1,400.000,-1,400.000,-1,325.000,325.000,300.000,300.000,-1,950.000,850.000,-1,775.000,775.000,-1,-1,2,0,2,0,2,0,0,0,0,2,0,0,2,0,0,2,2
21,-5391.148,3847.344,-104.968,14.265,0.967734,-0.246284,-0.053245,0.247594,0.968668,0.019497,0.046775,-0.032051,0.998391,0,0.90389,-0.10226,54.233,-0.205,-1,400.000,-1,400.000,-1,325.000,325.000,300.000,300.000,-1,1000.000,900.000,-1,775.000,800.000,-1,-1,2,0,2,0,2,0,0,0,0,2,0,0,2,0,0,2,2
22,-5338.540,3860.519,-102.367,14.061,0.968605,-0.242831,-0.053266,0.244107,0.969565,0.018841,0.047070,-0.031252,0.998403,0,0.90389,-0.10226,54.233,-0.205,-1,400.000,-1,400.000,-1,325.000,325.000,300.000,300.000,-1,-1,950.000,-1,775.000,800.000,-1,-1,2,0,2,0,2,0,0,0,0,2,2,0,2,0,0,2,2
23,-5285.884,3873.507,-99.811,13.856,0.969460,-0.239376,-0.053354,0.240610,0.970456,0.017954,0.047480,-0.030243,0.998414,0,0.90389,-0.10226,54.233,-0.205,-1,400.000,-1,400.000,-1,325.000,325.000,300.000,300.000,-1,-1,1000.000,-1,775.000,800.000,-1,-1,2,0,2,0,2,0,0,0,0,2,2,0,2,0,0,2,2
24,-5233.183,3886.307,-97.321,13.652,0.970312,-0.235919,-0.053252,0.237093,0.971341,0.016821,0.047758,-0.028948,0.998439,0,0.90389,-0.10226,54.233,-0.205,-1,400.000,-1,400.000,-1,325.000,325.000,300.000,300.000,-1,-1,-1,-1,800.000,800.000,-1,-1,2,0,2,0,2,0,0,0,0,2,2,2,2,0,0,2,2
25,-5180.437,3898.918,-94.828,13.447,0.971151,-0.232459,-0.053180,0.233574,0.972212,0.015724,0.048047,-0.027692,0.998461,0,0.90389,-0.10226,54.233,-0.205,-1,400.000,-1,400.000,-1,325.000,325.000,300.000,300.000,-1,-1,-1,-1,800.000,800.000,-1,-1,2,0,2,0,2,0,0,0,0,2,2,2,2,0,0,2,2
26,-5127.646,3911.342,-92.486,13.243,0.971995,-0.228991,-0.052816,0.230076,0.973051,0.015380,0.047871,-0.027101,0.998486,0,0.90389,-0.10226,54.233,-0.205,-1,400.000,-1,400.000,-1,325.000,325.000,300.000,300.000,-1,-1,-1,-1,800.000,775.000,-1,-1,2,0,2,0,2,0,0,0,0,2,2,2,2,0,0,2,2
27,-5074.811,3923.576,-90.125,13.038,0.972834,-0.225519,-0.052294,0.226582,0.973872,0.015309,0.047475,-0.026742,0.998514,0,0.90389,-0.10226,54.233,-0.205,-1,400.000,-1,400.000,-1,325.000,325.000,300.000,300.000,-1,-1,-1,-1,800.000,775.000,-1,-1,2,0,2,0,2,0,0,0,0,2,2,2,2,0,0,2,2
28,-5021.932,3935.623,-87.708,12.834,0.973670,-0.222042,-0.051621,0.223092,0.974674,0.015490,0.046875,-0.026598,0.998547,0,0.90389,-0.10226,54.233,-0.205,-1,400.000,-1,400.000,-1,325.000,325.000,300.000,300.000,-1,-1,-1,-1,800.000,775.000,-1,-1,2,0,2,0,2,0,0,0,0,2,2,2,2,0,0,2,2
29,-4969.011,3947.480,-85.283,12.629,0.974494,-0.218562,-0.050919,0.219599,0.975464,0.015668,0.046245,-0.026450,0.998580,0,0.90389,-0.10226,54.233,-0.205,-1,400.000,-1,400.000,-1,325.000,325.000,300.000,300.000,-1,-1,-1,-1,800.000,775.000,-1,-1,2,0,2,0,2,0,0,0,0,2,2,2,2,0,0,2,2
30,-4916.048,3959.149,-82.849,12.425,0.975306,-0.215080,-0.050192,0.216101,0.976243,0.015833,0.045594,-0.026288,0.998614,0,0.90389,-0.10226,54.233,-0.205,-1,400.000,-1,400.000,-1,325.000,325.000,300.000,300.000,-1,-1,-1,-1,800.000,775.000,-1,-1,2,0,2,0,2,0,0,0,0,2,2,2,2,0,0,2,2
31,-4863.044,3970.628,-80.405,12.220,0.976106,-0.211595,-0.049442,0.212600,0.977009,0.015983,0.044923,-0.026112,0.998649,0,0.90389,-0.10226,54.233,-0.205,-1,400.000,-1,400.000,-1,325.000,325.000,300.000,300.000,-1,-1,-1,-1,800.000,775.000,-1,-1,2,0,2,0,2,0,0,0,0,2,2,2,2,0,0,2,2
32,-4809.999,3981.918,-77.953,12.016,0.976894,-0.208107,-0.048669,0.209095,0.977762,0.016119,0.044232,-0.025923,0.998685,0,0.90389,-0.10226,54.233,-0.205,-1,400.000,-1,400.000,-1,325.000,325.000,300.000,300.000,-1,-1,-1,-1,800.000,775.000,-1,-1,2,0,2,0,2,0,0,0,0,2,2,2,2,0,0,2,2
33,-4756.914,3993.019,-75.491,11.811,0.977671,-0.204617,-0.047874,0.205587,0.978504,0.016242,0.043522,-0.025722,0.998721,0,0.90389,-0.10226,54.233,-0.205,-1,400.000,-1,400.000,-1,325.000,325.000,300.000,300.000,-1,-1,-1,-1,800.000,750.000,-1,-1,2,0,2,0,2,0,0,0,0,2,2,2,2,0,0,2,2
34,-4703.790,4003.930,-73.020,11.607,0.978435,-0.201124,-0.047058,0.202075,0.979234,0.016350,0.042792,-0.025507,0.998758,0,0.90389,-0.10226,54.233,-0.205,-1,400.000,-1,400.000,-1,325.000,325.000,300.000,300.000,-1,-1,-1,-1,800.000,750.000,-1,-1,2,0,2,0,2,0,0,0,0,2,2,2,2,0,0,2,2
35,-4650.627,4014.651,-70.545,11.402,0.979186,-0.197629,-0.046231,0.198559,0.979951,0.016425,0.042058,-0.025262,0.998796,0,0.90389,-0.10226,54.233,-0.205,-1,400.000,-1,400.000,-1,325.000,325.000,300.000,300.000,-1,-1,-1,-1,800.000,750.000,-1,-1,2,0,2,0,2,0,0,0,0,2,2,2,2,0,0,2,2
36,-4597.427,4025.183,-68.106,11.198,0.979914,-0.194132,-0.045619,0.195037,0.980661,0.016270,0.041578,-0.024841,0.998826,0,0.90389,-0.10226,54.233,-0.205,-1,400.000,-1,400.000,-1,325.000,325.000,300.000,300.000,-1,-1,-1,-1,800.000,750.000,-1,-1,2,0,2,0,2,0,0,0,0,2,2,2,2,0,0,2,2
37,-4544.189,4035.525,-65.683,10.993,0.980622,-0.190632,-0.045165,0.191521,0.981354,0.016225,0.041230,-0.024561,0.998848,0,0.90389,-0.10226,54.233,-0.205,-1,400.000,-1,400.000,-1,325.000,325.000,300.000,300.000,-1,-1,-1,-1,800.000,750.000,-1,-1,2,0,2,0,2,0,0,0,0,2,2,2,2,0,0,2,2
38,-4494.887,4044.705,-63.610,10.549,0.982073,-0.183012,-0.045159,0.183919,0.982798,0.016790,0.041310,-0.024795,0.998839,0,0.83581,-0.22226,50.149,-0.445,-1,400.000,-1,400.000,-1,325.000,325.000,300.000,300.000,-1,-1,-1,-1,800.000,750.000,-1,-1,2,0,2,0,2,0,0,0,0,2,2,2,2,0,0,2,2
39,-4445.480,4053.296,-61.545,9.864,0.984193,-0.171257,-0.045112,0.172181,0.984911,0.017432,0.041446,-0.024924,0.998830,0,0.83581,-0.34226,50.149,-0.685,-1,400.000,-1,400.000,-1,325.000,325.000,300.000,300.000,-1,-1,-1,-1,800.000,750.000,-1,-1,2,0,2,0,2,0,0,0,0,2,2,2,2,0,0,2,2
40,-4395.965,4061.246,-59.479,9.121,0.986335,-0.158468,-0.045078,0.159410,0.987047,0.018099,0.041625,-0.025038,0.998820,0,0.83581,-0.37156,50.149,-0.743,-1,400.000,-1,400.000,-1,325.000,325.000,300.000,300.000,-1,-1,-1,-1,800.000,750.000,-1,-1,2,0,2,0,2,0,0,0,0,2,2,2,2,0,0,2,2
41,-4346.351,4068.552,-57.400,8.378,0.988311,-0.145653,-0.045022,0.146611,0.989016,0.018757,0.041796,-0.025139,0.998810,0,0.83581,-0.37156,50.149,-0.743,-1,400.000,-1,400.000,-1,325.000,325.000,300.000,300.000,-1,-1,-1,-1,800.000,750.000,-1,-1,2,0,2,0,2,0,0,0,0,2,2,2,2,0,0,2,2
42,-4296.647,4075.215,-55.307,7.635,0.990121,-0.132813,-0.044948,0.133788,0.990820,0.019406,0.041958,-0.025228,0.998801,0,0.83581,-0.37156,50.149,-0.743,-1,400.000,-1,400.000,-1,325.000,325.000,300.000,300.000,-1,-1,-1,-1,800.000,725.000,-1,-1,2,0,2,0,2,0,0,0,0,2,2,2,2,0,0,2,2
43,-4246.861,4081.232,-53.202,6.892,0.991766,-0.119952,-0.044859,0.120942,0.992457,0.020046,0.042116,-0.025306,0.998792,0,0.83581,-0.37156,50.149,-0.743,-1,400.000,-1,400.000,-1,325.000,325.000,300.000,300.000,-1,-1,-1,-1,800.000,725.000,-1,-1,2,0,2,0,2,0,0,0,0,2,2,2,2,0,0,2,2
44,-4197.000,4086.603,-51.083,6.148,0.993244,-0.107070,-0.044757,0.108075,0.993928,0.020679,0.042271,-0.025376,0.998784,0,0.83581,-0.37156,50.149,-0.743,-1,400.000,-1,400.000,-1,325.000,325.000,300.000,300.000,-1,-1,-1,-1,800.000,725.000,-1,-1,2,0,2,0,2,0,0,0,0,2,2,2,2,0,0,2,2
45,-4147.075,4091.327,-48.949,5.405,0.994555,-0.094170,-0.044644,0.095190,0.995231,0.021305,0.042425,-0.025439,0.998776,0,0.83581,-0.37156,50.149,-0.743,-1,400.000,-1,375.000,-1,325.000,325.000,300.000,300.000,-1,-1,-1,-1,800.000,725.000,-1,-1,2,0,2,0,2,0,0,0,0,2,2,2,2,0,0,2,2
46,-4097.092,4095.403,-46.800,4.662,0.995698,-0.081254,-0.044523,0.082289,0.996367,0.021926,0.042580,-0.025495,0.998768,0,0.83581,-0.37156,50.149,-0.743,-1,400.000,-1,375.000,-1,325.000,325.000,300.000,300.000,-1,-1,-1,-1,800.000,725.000,-1,-1,2,0,2,0,2,0,0,0,0,2,2,2,2,0,0,2,2
47,-4047.060,4098.831,-44.636,3.919,0.996675,-0.068325,-0.044398,0.069374,0.997336,0.022542,0.042739,-0.025547,0.998760,0,0.83581,-0.37156,50.149,-0.743,-1,400.000,-1,375.000,-1,325.000,325.000,300.000,300.000,-1,-1,-1,-1,800.000,725.000,-1,-1,2,0,2,0,2,0,0,0,0,2,2,2,2,0,0,2,2
48,-3996.989,4101.609,-42.456,3.176,0.997483,-0.055384,-0.044269,0.056448,0.998137,0.023156,0.042904,-0.025597,0.998751,0,0.83581,-0.37156,50.149,-0.743,-1,400.000,-1,375.000,-1,325.000,325.000,300.000,300.000,-1,-1,-1,-1,800.000,725.000,-1,-1,2,0,2,0,2,0,0,0,0,2,2,2,2,0,0,2,2
49,-3946.885,4103.738,-40.255,2.433,0.998124,-0.042434,-0.044125,0.043513,0.998770,0.023790,0.043061,-0.025665,0.998743,0,0.83581,-0.37156,50.149,-0.743,-1,400.000,-1,375.000,-1,325.000,325.000,300.000,300.000,-1,-1,-1,-1,800.000,725.000,-1,-1,2,0,2,0,2,0,0,0,0,2,2,2,2,0,0,2,2
50,-3896.758,4105.217,-37.980,1.690,0.998586,-0.029476,-0.044243,0.030594,0.999224,0.024802,0.043477,-0.026120,0.998713,0,0.83581,-0.37156,50.149,-0.743,-1,400.000,-1,375.000,-1,325.000,325.000,300.000,300.000,-1,-1,-1,-1,800.000,725.000,-1,-1,2,0,2,0,2,0,0,0,0,2,2,2,2,0,0,2,2
51,-3846.616,4106.045,-35.685,0.947,0.998874,-0.016514,-0.044482,0.017675,0.999510,0.025830,0.044033,-0.026587,0.998676,0,0.83581,-0.37156,50.149,-0.743,-1,400.000,-1,375.000,-1,325.000,325.000,300.000,300.000,-1,-1,-1,-1,800.000,700.000,-1,-1,2,0,2,0,2,0,0,0,0,2,2,2,2,0,0,2,2
52,-3796.468,4106.223,-33.372,0.203,0.998993,-0.003550,-0.044731,0.004755,0.999628,0.026864,0.044619,-0.027049,0.998638,0,0.83581,-0.37156,50.149,-0.743,-1,400.000,-1,375.000,-1,325.000,325.000,300.000,300.000,-1,-1,-1,-1,775.000,700.000,-1,-1,2,0,2,0,2,0,0,0,0,2,2,2,2,0,0,2,2
53,-3746.321,4105.751,-31.041,-0.540,0.998943,0.009415,-0.044994,-0.008164,0.999577,0.027902,0.045238,-0.027506,0.998598,0,0.83581,-0.37156,50.149,-0.743,-1,400.000,-1,375.000,-1,325.000,325.000,300.000,300.000,-1,-1,-1,-1,775.000,700.000,-1,-1,2,0,2,0,2,0,0,0,0,2,2,2,2,0,0,2,2
54,-3698.407,4104.630,-28.792,-1.340,0.998702,0.023375,-0.045256,-0.022080,0.999338,0.028900,0.045902,-0.027863,0.998557,0,0.79878,-0.40014,47.927,-0.800,-1,400.000,-1,375.000,-1,325.000,325.000,300.000,300.000,-1,-1,-1,-1,775.000,700.000,-1,-1,2,0,2,0,2,0,0,0,0,2,2,2,2,0,0,2,2
55,-3650.514,4102.840,-26.521,-2.140,0.998265,0.037330,-0.045534,-0.035990,0.998905,0.029901,0.046601,-0.028210,0.998515,0,0.79878,-0.40014,47.927,-0.800,-1,400.000,-1,375.000,-1,325.000,325.000,300.000,300.000,-1,-1,-1,-1,775.000,700.000,-1,-1,2,0,2,0,2,0,0,0,0,2,2,2,2,0,0,2,2
56,-3602.650,4100.382,-24.226,-2.941,0.997632,0.051278,-0.045830,-0.049892,0.998276,0.030905,0.047336,-0.028545,0.998471,0,0.79878,-0.40014,47.927,-0.800,-1,400.000,-1,375.000,-1,325.000,325.000,300.000,300.000,-1,-1,-1,-1,775.000,700.000,-1,-1,2,0,2,0,2,0,0,0,0,2,2,2,2,0,0,2,2
57,-3554.826,4097.255,-21.906,-3.741,0.996804,0.065216,-0.046146,-0.063781,0.997454,0.031912,0.048110,-0.028867,0.998425,0,0.79878,-0.40014,47.927,-0.800,-1,400.000,-1,375.000,-1,325.000,325.000,300.000,300.000,-1,-1,-1,-1,775.000,700.000,-1,-1,2,0,2,0,2,0,0,0,0,2,2,2,2,0,0,2,2
58,-3507.050,4093.460,-19.558,-4.541,0.995779,0.079140,-0.046483,-0.077656,0.996436,0.032923,0.048923,-0.029174,0.998376,0,0.79878,-0.40014,47.927,-0.800,-1,400.000,-1,375.000,-1,325.000,325.000,300.000,300.000,-1,-1,-1,-1,775.000,700.000,-1,-1,2,0,2,0,2,0,0,0,0,2,2,2,2,0,0,2,2
59,-3459.331,4088.999,-17.182,-5.341,0.994559,0.093049,-0.046843,-0.091513,0.995225,0.033936,0.049777,-0.029465,0.998326,0,0.79878,-0.40014,47.927,-0.800,-1,400.000,-1,375.000,-1,325.000,325.000,300.000,300.000,-1,-1,-1,-1,775.000,700.000,-1,-1,2,0,2,0,2,0,0,0,0,2,2,2,2,0,0,2,2
60,-3411.679,4083.871,-14.777,-6.142,0.993143,0.106940,-0.047227,-0.105350,0.993821,0.034953,0.050673,-0.029738,0.998272,0,0.79878,-0.40014,47.927,-0.800,-1,400.000,-1,375.000,-1,325.000,325.000,300.000,300.000,-1,-1,-1,-1,750.000,700.000,-1,-1,2,0,2,0,2,0,0,0,0,2,2,2,2,0,0,2,2
61,-3364.104,4078.079,-12.339,-6.942,0.991532,0.120809,-0.047637,-0.119165,0.992223,0.035972,0.051612,-0.029991,0.998217,0,0.79878,-0.40014,47.927,-0.800,-1,400.000,-1,375.000,-1,325.000,325.000,300.000,300.000,-1,-1,-1,-1,750.000,700.000,-1,-1,2,0,2,0,2,0,0,0,0,2,2,2,2,0,0,2,2
62,-3316.614,4071.622,-9.863,-7.742,0.989726,0.134655,-0.048058,-0.132956,0.990432,0.036967,0.052576,-0.030198,0.998160,0,0.79878,-0.40014,47.927,-0.800,-1,400.000,-1,375.000,-1,325.000,325.000,300.000,300.000,-1,-1,-1,-1,750.000,700.000,-1,-1,2,0,2,0,2,0,0,0,0,2,2,2,2,0,0,2,2
63,-3269.219,4064.503,-7.258,-8.543,0.987716,0.148476,-0.048698,-0.146734,0.988461,0.037607,0.053720,-0.029999,0.998105,0,0.79878,-0.40014,47.927,-0.800,-1,400.000,-1,375.000,-1,325.000,325.000,300.000,300.000,-1,-1,-1,-1,750.000,700.000,-1,-1,2,0,2,0,2,0,0,0,0,2,2,2,2,0,0,2,2
64,-3221.928,4056.722,-4.560,-9.343,0.985514,0.162268,-0.049309,-0.160477,0.986294,0.038359,0.054858,-0.029890,0.998047,0,0.79878,-0.40014,47.927,-0.800,-1,400.000,-1,375.000,-1,325.000,325.000,300.000,300.000,-1,-1,-1,-1,750.000,700.000,-1,-1,2,0,2,0,2,0,0,0,0,2,2,2,2,0,0,2,2
65,-3174.750,4048.282,-1.782,-10.143,0.983118,0.176028,-0.049939,-0.174178,0.983930,0.039277,0.056050,-0.029916,0.997980,0,0.79878,-0.40014,47.927,-0.800,-1,400.000,-1,375.000,-1,325.000,325.000,300.000,300.000,-1,925.000,-1,-1,750.000,725.000,-1,-1,2,0,2,0,2,0,0,0,0,2,0,2,2,0,0,2,2
66,-3127.695,4039.183,1.026,-10.943,0.980529,0.189753,-0.050556,-0.187844,0.981375,0.040211,0.057245,-0.029932,0.997911,0,0.79878,-0.40014,47.927,-0.800,-1,400.000,-1,375.000,-1,325.000,325.000,300.000,300.000,-1,875.000,-1,-1,750.000,725.000,-1,-1,2,0,2,0,2,0,0,0,0,2,0,2,2,0,0,2,2
67,-3080.772,4029.428,3.868,-11.744,0.977749,0.203442,-0.051168,-0.201472,0.978630,0.041151,0.058446,-0.029926,0.997842,0,0.79878,-0.40014,47.927,-0.800,-1,400.000,-1,375.000,-1,325.000,325.000,325.000,325.000,-1,825.000,-1,-1,750.000,725.000,-1,-1,2,0,2,0,2,0,0,0,0,2,0,2,2,0,0,2,2
68,-3033.989,4019.019,6.744,-12.544,0.974777,0.217091,-0.051772,-0.215059,0.975693,0.042094,0.059652,-0.029898,0.997771,0,0.79878,-0.40014,47.927,-0.800,-1,400.000,-1,375.000,-1,325.000,325.000,325.000,325.000,-1,800.000,1000.000,-1,775.000,750.000,-1,-1,2,0,2,0,2,0,0,0,0,2,0,0,2,0,0,2,2
69,-2987.356,4007.957,9.657,-13.344,0.971615,0.230698,-0.052367,-0.228604,0.972568,0.043037,0.060859,-0.029845,0.997700,0,0.79878,-0.40014,47.927,-0.800,-1,400.000,-1,375.000,-1,325.000,325.000,325.000,325.000,-1,775.000,950.000,-1,775.000,750.000,-1,-1,2,0,2,0,2,0,0,0,0,2,0,0,2,0,0,2,2
70,-2940.882,3996.245,12.607,-14.145,0.968263,0.244260,-0.052950,-0.242105,0.969253,0.043979,0.062064,-0.029764,0.997628,0,0.79878,-0.40014,47.927,-0.800,-1,400.000,-1,375.000,-1,325.000,325.000,325.000,325.000,-1,775.000,925.000,-1,775.000,775.000,-1,-1,2,0,2,0,2,0,0,0,0,2,0,0,2,0,0,2,2
71,-2894.577,3983.886,15.595,-14.945,0.964722,0.257775,-0.053521,-0.255558,0.965750,0.044915,0.063266,-0.029653,0.997556,0,0.79878,-0.40014,47.927,-0.800,-1,400.000,-1,375.000,-1,325.000,325.000,325.000,325.000,-1,750.000,900.000,-1,775.000,775.000,-1,-1,2,0,2,0,2,0,0,0,0,2,0,0,2,0,0,2,2
72,-2848.448,3970.880,18.623,-15.745,0.960992,0.271239,-0.054078,-0.268961,0.962059,0.045844,0.064461,-0.029511,0.997484,0,0.79878,-0.40014,47.927,-0.800,-1,400.000,-1,375.000,-1,325.000,325.000,325.000,325.000,-1,750.000,875.000,-1,775.000,800.000,-1,-1,2,0,2,0,2,0,0,0,0,2,0,0,2,0,0,2,2
73,-2802.506,3957.232,21.691,-16.545,0.957074,0.284652,-0.054620,-0.282313,0.958182,0.046762,0.065647,-0.029334,0.997412,0,0.79878,-0.40014,47.927,-0.800,-1,400.000,-1,400.000,-1,325.000,325.000,325.000,325.000,-1,725.000,850.000,-1,775.000,825.000,-1,-1,2,0,2,0,2,0,0,0,0,2,0,0,2,0,0,2,2
74,-2756.759,3942.943,24.802,-17.346,0.952969,0.298009,-0.055147,-0.295610,0.954119,0.047666,0.066821,-0.029122,0.997340,0,0.79878,-0.40014,47.927,-0.800,-1,400.000,-1,400.000,-1,325.000,325.000,325.000,325.000,-1,725.000,850.000,-1,775.000,825.000,-1,-1,2,0,2,0,2,0,0,0,0,2,0,0,2,0,0,2,2
75,-2711.216,3928.016,27.848,-18.146,0.948692,0.311314,-0.055373,-0.308917,0.949888,0.047788,0.067475,-0.028230,0.997322,0,0.79878,-0.40014,47.927,-0.800,-1,400.000,-1,400.000,-1,325.000,325.000,325.000,325.000,-1,750.000,850.000,-1,775.000,850.000,-1,-1,2,0,2,0,2,0,0,0,0,2,0,0,2,0,0,2,2
76,-2665.886,3912.455,30.903,-18.946,0.944245,0.324562,-0.055325,-0.322206,0.945479,0.047454,0.067711,-0.026982,0.997340,0,0.79878,-0.40014,47.927,-0.800,-1,400.000,-1,400.000,-1,325.000,325.000,325.000,325.000,-1,775.000,900.000,-1,775.000,850.000,-1,-1,2,0,2,0,2,0,0,0,0,2,0,0,2,0,0,2,2
77,-2620.777,3896.262,33.964,-19.746,0.939618,0.337747,-0.055174,-0.335438,0.940885,0.047084,0.067814,-0.025733,0.997366,0,0.79878,-0.40014,47.927,-0.800,-1,400.000,-1,400.000,-1,325.000,325.000,325.000,325.000,-1,825.000,925.000,-1,775.000,850.000,-1,-1,2,0,2,0,2,0,0,0,0,2,0,0,2,0,0,2,2
78,-2575.900,3879.441,37.045,-20.547,0.934807,0.350867,-0.055019,-0.348609,0.936107,0.046648,0.067871,-0.024427,0.997395,0,0.79878,-0.40014,47.927,-0.800,-1,400.000,-1,400.000,-1,325.000,325.000,325.000,325.000,-1,875.000,975.000,-1,775.000,850.000,-1,-1,2,0,2,0,2,0,0,0,0,2,0,0,2,0,0,2,2
79,-2531.261,3861.995,40.173,-21.347,0.929820,0.363919,-0.054752,-0.361716,0.931143,0.046203,0.067797,-0.023156,0.997430,0,0.79878,-0.40014,47.927,-0.800,-1,400.000,-1,400.000,-1,325.000,325.000,325.000,325.000,-1,925.000,-1,-1,800.000,875.000,-1,-1,2,0,2,0,2,0,0,0,0,2,0,2,2,0,0,2,2
80,-2486.871,3843.927,43.302,-22.147,0.924654,0.376901,-0.054419,-0.374767,0.925999,0.045567,0.067567,-0.021739,0.997478,0,0.79878,-0.40014,47.927,-0.800,-1,400.000,-1,400.000,-1,325.000,325.000,325.000,325.000,-1,975.000,-1,-1,800.000,875.000,-1,-1,2,0,2,0,2,0,0,0,0,2,0,2,2,0,0,2,2
81,-2442.458,3825.118,46.434,-22.952,0.919276,0.389885,-0.054051,-0.387838,0.920644,0.044681,0.067182,-0.020111,0.997538,0,0.80386,-0.40246,48.232,-0.805,-1,375.000,-1,400.000,-1,300.000,325.000,325.000,325.000,-1,-1,-1,-1,800.000,900.000,-1,-1,2,0,2,0,2,0,0,0,0,2,2,2,2,0,0,2,2
82,-2398.021,3805.554,49.608,-23.762,0.913681,0.402869,-0.053697,-0.400914,0.915073,0.043700,0.066743,-0.018400,0.997601,0,0.80922,-0.40482,48.553,-0.810,-1,375.000,-1,400.000,-1,300.000,325.000,325.000,325.000,-1,-1,-1,-1,800.000,900.000,-1,-1,2,0,2,0,2,0,0,0,0,2,2,2,2,0,0,2,2
83,-2349.408,3783.572,53.123,-24.332,0.909643,0.411958,-0.053293,-0.410098,0.911047,0.042588,0.066097,-0.016885,0.997670,0,0.88922,-0.28482,53.353,-0.570,-1,375.000,-1,400.000,-1,300.000,325.000,325.000,325.000,-1,-1,-1,-1,800.000,925.000,-1,-1,2,0,2,0,2,0,0,0,0,2,2,2,2,0,1,2,2
84,-2300.450,3761.094,56.694,-24.661,0.907276,0.417201,-0.052853,-0.415433,0.908680,0.041431,0.065311,-0.015633,0.997742,0,0.89785,-0.16482,53.871,-0.330,-1,375.000,-1,400.000,-1,300.000,325.000,325.000,325.000,-1,-1,-1,-1,800.000,925.000,-1,-1,2,0,2,0,2,0,0,0,0,2,2,2,2,0,1,2,2
85,-2251.206,3738.391,60.308,-24.751,0.906647,0.418628,-0.052357,-0.416947,0.908039,0.040248,0.064391,-0.014661,0.997817,0,0.90377,-0.04482,54.226,-0.090,-1,375.000,-1,400.000,-1,300.000,325.000,325.000,325.000,-1,-1,-1,-1,825.000,900.000,-1,-1,2,0,2,0,2,0,0,0,0,2,2,2,2,0,1,2,2
86,-2201.618,3715.594,63.962,-24.690,0.907125,0.417661,-0.051804,-0.416063,0.908497,0.039036,0.063368,-0.013857,0.997894,0,0.90962,0.03067,54.577,0.061,-1,375.000,-1,400.000,-1,300.000,325.000,325.000,325.000,-1,-1,-1,-1,825.000,900.000,-1,-1,2,0,2,0,2,0,0,0,0,2,2,2,2,0,1,2,2
87,-2151.695,3692.701,67.609,-24.635,0.907545,0.416798,-0.051392,-0.415291,0.908908,0.037675,0.062414,-0.012849,0.997968,0,0.91535,0.02736,54.921,0.055,-1,400.000,-1,400.000,-1,325.000,325.000,325.000,325.000,-1,-1,-1,-1,850.000,875.000,-1,-1,2,0,2,0,2,0,0,0,0,2,2,2,2,0,1,2,2
88,-2101.446,3669.709,71.080,-24.587,0.907866,0.416050,-0.051787,-0.414647,0.909273,0.035910,0.062029,-0.011128,0.998012,0,0.92100,0.02384,55.260,0.048,-1,400.000,-1,425.000,-1,325.000,325.000,325.000,325.000,-1,-1,-1,-1,875.000,875.000,-1,-1,2,0,2,0,2,0,0,0,0,2,2,2,2,0,1,2,2
89,-2050.878,3646.614,74.537,-24.547,0.908128,0.415419,-0.052254,-0.414115,0.909581,0.034225,0.061747,-0.009442,0.998047,0,0.92654,0.02011,55.593,0.040,-1,400.000,-1,425.000,-1,325.000,325.000,325.000,325.000,-1,-1,-1,-1,900.000,850.000,-1,-1,2,0,2,0,2,0,0,0,0,2,2,2,2,0,1,2,2
90,-2000.001,3623.412,77.687,-24.515,0.908419,0.414908,-0.051240,-0.413673,0.909819,0.033226,0.060405,-0.008987,0.998133,0,0.93196,0.01614,55.918,0.032,-1,400.000,-1,425.000,-1,325.000,350.000,325.000,325.000,-1,-1,-1,-1,900.000,825.000,-1,-1,2,0,2,0,2,0,0,0,0,2,2,2,2,0,1,2,2
91,-1948.826,3600.101,80.809,-24.491,0.908658,0.414531,-0.050055,-0.413364,0.909995,0.032251,0.058919,-0.008614,0.998226,0,0.93724,0.01193,56.235,0.024,-1,425.000,-1,425.000,1000.000,325.000,350.000,325.000,325.000,-1,-1,-1,-1,925.000,800.000,-1,1000.000,2,0,2,0,1,0,0,0,0,2,2,2,2,0,1,2,1
92,-1897.365,3576.675,83.915,-24.476,0.908831,0.414296,-0.048836,-0.413198,0.910105,0.031227,0.057384,-0.008201,0.998319,0,0.94236,0.00745,56.542,0.015,-1,425.000,-1,450.000,950.000,350.000,350.000,325.000,325.000,-1,-1,-1,-1,925.000,775.000,-1,950.000,2,0,2,0,1,0,0,0,0,2,2,2,2,0,1,2,1
93,-1845.633,3553.132,86.938,-24.470,0.908921,0.414212,-0.047856,-0.413192,0.910149,0.030015,0.055988,-0.007507,0.998403,0,0.94729,0.00269,56.838,0.005,-1,425.000,-1,450.000,875.000,350.000,350.000,325.000,325.000,-1,-1,-1,-1,925.000,750.000,-1,900.000,2,0,2,0,1,0,0,0,0,2,2,2,2,0,1,2,1
94,-1793.646,3529.467,89.589,-24.475,0.908961,0.414293,-0.046386,-0.413442,0.910127,0.027095,0.053442,-0.005450,0.998556,0,0.95201,-0.00238,57.121,-0.005,-1,425.000,-1,450.000,800.000,350.000,350.000,325.000,325.000,-1,-1,-1,-1,950.000,725.000,-1,825.000,2,0,2,0,1,0,0,0,0,2,2,2,2,0,1,2,1
95,-1741.420,3505.677,92.124,-24.491,0.908929,0.414545,-0.044723,-0.413880,0.910024,0.023652,0.050504,-0.002988,0.998719,0,0.95648,-0.00778,57.389,-0.016,-1,425.000,-1,450.000,725.000,350.000,350.000,325.000,325.000,-1,-1,-1,-1,925.000,700.000,-1,775.000,2,0,2,0,1,0,0,0,0,2,2,2,2,0,1,2,1
96,-1688.977,3481.758,94.472,-24.518,0.908854,0.414976,-0.042181,-0.414468,0.909831,0.020568,0.046913,-0.001211,0.998898,0,0.96067,-0.01353,57.640,-0.027,-1,425.000,-1,425.000,650.000,350.000,350.000,325.000,300.000,-1,-1,-1,-1,925.000,650.000,-1,700.000,2,0,2,0,1,0,0,0,0,2,2,2,2,0,1,2,1
97,-1635.855,3457.229,96.730,-24.785,0.907049,0.419213,-0.039032,-0.418840,0.907888,0.017685,0.042850,0.000307,0.999081,0,0.97520,-0.13353,58.512,-0.267,-1,425.000,-1,425.000,600.000,350.000,350.000,325.000,300.000,-1,-1,-1,-1,900.000,625.000,-1,625.000,2,0,2,0,1,0,0,0,0,2,2,2,2,0,1,2,1
98,-1582.745,3432.133,98.978,-25.292,0.903433,0.427230,-0.035829,-0.426981,0.904141,0.014732,0.038689,0.001989,0.999249,0,0.97903,-0.25353,58.742,-0.507,-1,425.000,-1,425.000,525.000,325.000,350.000,325.000,300.000,-1,-1,-1,-1,900.000,600.000,-1,575.000,2,0,2,1,1,0,0,0,0,2,2,2,2,0,1,2,1
99,-1529.726,3406.321,101.215,-25.959,0.898514,0.437731,-0.032612,-0.437592,0.899098,0.011648,0.034421,0.003805,0.999400,0,0.98281,-0.33371,58.969,-0.667,-1,425.000,-1,400.000,450.000,325.000,325.000,325.000,300.000,-1,-1,-1,-1,875.000,550.000,-1,500.000,2,0,2,1,1,0,0,0,0,2,2,2,2,0,1,2,1
100,-1476.820,3379.783,103.442,-26.639,0.893368,0.448361,-0.029418,-0.448319,0.893834,0.008388,0.030055,0.005695,0.999532,0,0.98648,-0.33983,59.189,-0.680,-1,425.000,-1,375.000,400.000,325.000,325.000,325.000,300.000,-1,-1,-1,-1,875.000,525.000,-1,450.000,2,0,2,1,1,0,0,0,0,2,2,2,2,0,1,2,1
101,-1424.061,3352.515,105.278,-27.332,0.887968,0.459133,-0.026637,-0.459122,0.888347,0.006879,0.026822,0.006121,0.999621,0,0.98982,-0.34633,59.389,-0.693,-1,425.000,-1,350.000,350.000,325.000,325.000,325.000,300.000,-1,-1,-1,-1,850.000,500.000,-1,375.000,2,0,2,1,1,0,0,0,1,2,2,2,2,0,1,2,1
102,-1371.486,3324.515,106.994,-28.038,0.882324,0.470052,-0.023565,-0.470060,0.882617,0.005534,0.023400,0.006194,0.999707,0,0.99277,-0.35326,59.566,-0.707,-1,400.000,-1,325.000,300.000,325.000,325.000,325.000,300.000,-1,-1,-1,-1,850.000,450.000,-1,325.000,2,0,2,1,1,0,0,0,1,2,2,2,2,0,1,2,1
103,-1319.138,3295.783,110.329,-28.760,0.876380,0.481135,-0.021592,-0.480976,0.876646,0.012396,0.024892,-0.000478,0.999690,0,0.99525,-0.36067,59.715,-0.721,-1,425.000,-1,325.000,275.000,350.000,325.000,300.000,300.000,-1,-1,-1,-1,850.000,450.000,-1,300.000,2,0,2,1,1,0,1,0,1,2,2,2,2,0,1,2,1
104,-1267.060,3266.323,114.341,-29.497,0.870167,0.492351,-0.019987,-0.491930,0.870341,0.022606,0.028525,-0.009838,0.999545,0,0.99721,-0.36860,59.833,-0.737,-1,425.000,-1,325.000,250.000,350.000,325.000,300.000,325.000,-1,-1,-1,-1,875.000,450.000,-1,275.000,2,0,2,1,1,0,1,0,1,2,2,2,2,0,1,2,1
105,-1215.304,3236.140,118.596,-30.251,0.863668,0.503685,-0.019454,-0.502890,0.863649,0.034830,0.034344,-0.020298,0.999204,0,0.99856,-0.37711,59.914,-0.754,-1,450.000,-1,325.000,225.000,375.000,325.000,275.000,325.000,-1,-1,-1,-1,925.000,425.000,-1,250.000,2,0,2,1,1,0,1,0,1,2,2,2,2,0,1,2,1
106,-1163.926,3205.243,123.013,-31.024,0.856882,0.515124,-0.020012,-0.513746,0.856513,0.049496,0.042637,-0.032131,0.998574,0,0.99920,-0.38626,59.952,-0.773,-1,475.000,-1,300.000,200.000,375.000,300.000,275.000,325.000,-1,-1,-1,-1,975.000,450.000,-1,250.000,2,0,2,1,1,1,1,0,1,2,2,2,2,1,1,2,1
107,-1112.988,3173.645,127.154,-31.816,0.849840,0.526649,-0.020332,-0.524480,0.848879,0.065769,0.051897,-0.045229,0.997628,0,0.99902,-0.39609,59.941,-0.792,-1,500.000,-1,300.000,225.000,375.000,300.000,275.000,350.000,-1,200.000,-1,-1,-1,450.000,-1,275.000,2,0,2,1,1,1,1,0,1,2,0,2,2,2,1,2,1
108,-1062.559,3141.364,130.701,-32.629,0.842491,0.538343,-0.019895,-0.535414,0.840844,0.079455,0.059503,-0.056288,0.996640,0,0.99792,-0.40666,59.875,-0.813,-1,500.000,-1,300.000,225.000,350.000,300.000,250.000,350.000,-1,150.000,350.000,-1,-1,450.000,-1,250.000,2,1,2,1,1,1,1,0,1,2,0,0,2,2,1,2,1
109,-1012.713,3108.422,134.255,-33.465,0.834837,0.550168,-0.019048,-0.546376,0.832316,0.093400,0.067239,-0.067566,0.995446,0,0.99577,-0.41802,59.746,-0.836,-1,475.000,-1,300.000,200.000,350.000,300.000,250.000,325.000,-1,100.000,300.000,-1,-1,425.000,-1,250.000,2,1,2,1,1,1,1,0,1,2,0,0,2,2,1,2,1
110,-963.531,3074.849,137.813,-34.325,0.826860,0.562128,-0.017757,-0.557372,0.823263,0.107585,0.075095,-0.079061,0.994037,0,0.99245,-0.43019,59.547,-0.860,-1,475.000,-1,300.000,200.000,350.000,275.000,250.000,325.000,750.000,75.000,275.000,-1,-1,425.000,-1,250.000,2,1,2,1,1,1,1,0,1,0,0,0,2,2,1,2,1
111,-915.100,3040.679,141.371,-35.212,0.818544,0.574221,-0.015987,-0.568407,0.813654,0.121988,0.083056,-0.090766,0.992403,0,0.98784,-0.44320,59.270,-0.886,-1,475.000,-1,300.000,200.000,325.000,275.000,250.000,300.000,550.000,75.000,250.000,-1,-1,425.000,-1,250.000,2,1,2,1,1,1,1,0,1,0,0,0,2,2,1,2,1
112,9511.017,6887.288,-85.689,9.232,0.987048,-0.160427,-0.000030,0.160425,0.987034,0.005240,-0.000811,-0.005177,0.999986,1,0.00000,0.00000,58.911,-0.914,-1,400.000,-1,400.000,-1,325.000,325.000,300.000,300.000,-1,-1,-1,-1,750.000,700.000,-1,-1,2,0,2,0,2,0,0,0,0,2,2,2,2,0,0,2,2
113,9515.758,6888.039,-85.689,8.992,0.987711,-0.156291,-0.000062,0.156289,0.987697,0.005232,-0.000757,-0.005177,0.999986,0,0.08000,-0.12000,4.800,-0.240,-1,400.000,-1,400.000,-1,325.000,325.000,300.000,300.000,-1,-1,-1,-1,750.000,700.000,-1,-1,2,0,2,0,2,0,0,0,0,2,2,2,2,0,0,2,2
114,9525.252,6889.459,-85.690,8.512,0.988986,-0.148011,-0.000128,0.148010,0.988972,0.005221,-0.000646,-0.005182,0.999986,0,0.16000,-0.24000,9.600,-0.480,-1,400.000,-1,400.000,-1,325.000,325.000,300.000,300.000,-1,-1,-1,-1,725.000,700.000,-1,-1,2,0,2,0,2,0,0,0,0,2,2,2,2,0,0,2,2
115,9539.519,6891.412,-85.690,7.792,0.990767,-0.135572,-0.000234,0.135572,0.990754,0.005217,-0.000475,-0.005201,0.999986,0,0.24000,-0.36000,14.400,-0.720,-1,400.000,-1,400.000,-1,325.000,325.000,300.000,300.000,-1,-1,-1,-1,725.000,700.000,-1,-1,2,0,2,0,2,0,0,0,0,2,2,2,2,0,0,2,2
116,9558.580,6893.720,-85.692,6.906,0.992744,-0.120243,-0.000385,0.120243,0.992731,0.005234,-0.000247,-0.005242,0.999986,0,0.32000,-0.44280,19.200,-0.886,-1,400.000,-1,400.000,-1,325.000,325.000,300.000,300.000,-1,-1,-1,-1,725.000,700.000,-1,-1,2,0,2,0,2,0,0,0,0,2,2,2,2,0,0,2,2
117,9582.448,6896.238,-85.696,6.022,0.994482,-0.104901,-0.000583,0.104903,0.994468,0.005284,0.000026,-0.005316,0.999986,0,0.40000,-0.44233,24.000,-0.885,-1,400.000,-1,375.000,-1,325.000,325.000,300.000,300.000,-1,-1,-1,-1,725.000,700.000,-1,-1,2,0,2,0,2,0,0,0,0,2,2,2,2,0,0,2,2
118,9611.132,6898.817,-85.703,5.138,0.995982,-0.089550,-0.000832,0.089553,0.995968,0.005378,0.000347,-0.005431,0.999985,0,0.48000,-0.44187,28.800,-0.884,-1,400.000,-1,375.000,-1,325.000,325.000,300.000,300.000,-1,-1,-1,-1,725.000,700.000,-1,-1,2,0,2,0,2,0,0,0,0,2,2,2,2,0,0,2,2
119,9644.639,6901.310,-85.712,4.255,0.997243,-0.074196,-0.001134,0.074201,0.997228,0.005527,0.000721,-0.005596,0.999984,0,0.56000,-0.44136,33.600,-0.883,-1,400.000,-1,375.000,-1,325.000,325.000,300.000,300.000,-1,-1,-1,-1,725.000,675.000,-1,-1,2,0,2,0,2,0,0,0,0,2,2,2,2,0,0,2,2
120,9682.973,6903.570,-85.721,3.374,0.998266,-0.058847,-0.001489,0.058855,0.998250,0.005740,0.001149,-0.005818,0.999982,0,0.64000,-0.44070,38.400,-0.881,-1,400.000,-1,375.000,-1,325.000,325.000,300.000,300.000,-1,-1,-1,-1,725.000,675.000,-1,-1,2,0,2,0,2,0,0,0,0,2,2,2,2,0,0,2,2
121,9726.132,6905.450,-85.729,2.494,0.999051,-0.043514,-0.001899,0.043525,0.999034,0.006028,0.001635,-0.006105,0.999980,0,0.72000,-0.43983,43.200,-0.880,-1,375.000,-1,375.000,-1,325.000,325.000,300.000,300.000,-1,-1,-1,-1,725.000,675.000,-1,-1,2,0,2,0,2,0,0,0,0,2,2,2,2,0,0,2,2
122,9774.113,6906.804,-85.735,1.617,0.999599,-0.028212,-0.002365,0.028227,0.999581,0.006399,0.002183,-0.006463,0.999977,0,0.80000,-0.43867,48.000,-0.877,-1,375.000,1000.000,375.000,-1,325.000,325.000,300.000,300.000,-1,-1,-1,-1,725.000,675.000,950.000,1000.000,2,0,1,0,2,0,0,0,0,2,2,2,2,0,0,1,1
123,9826.908,6907.488,-85.737,0.742,0.999912,-0.012958,-0.002887,0.012977,0.999892,0.006863,0.002797,-0.006899,0.999972,0,0.88000,-0.43712,52.800,-0.874,1000.000,375.000,950.000,375.000,-1,325.000,300.000,300.000,300.000,-1,-1,-1,-1,725.000,675.000,900.000,975.000,1,0,1,0,2,0,0,0,0,2,2,2,2,0,0,1,1
124,9884.508,6907.360,-85.145,-0.128,0.999988,0.002229,-0.004254,-0.002197,0.999968,0.007643,0.004271,-0.007633,0.999962,0,0.96000,-0.43509,57.600,-0.870,925.000,375.000,875.000,375.000,-1,325.000,300.000,300.000,300.000,-1,-1,-1,-1,700.000,675.000,825.000,950.000,1,0,1,0,2,0,0,0,0,2,2,2,2,1,1,1,1
125,9944.034,6906.329,-84.362,-0.993,0.999831,0.017324,-0.006113,-0.017272,0.999815,0.008427,0.006258,-0.008320,0.999946,0,0.99225,-0.43248,59.535,-0.865,850.000,375.000,825.000,375.000,-1,325.000,300.000,300.000,300.000,-1,-1,-1,-1,650.000,650.000,775.000,925.000,1,0,1,0,2,0,0,0,0,2,2,2,2,1,1,1,1
126,10004.010,6904.635,-83.564,-1.618,0.999570,0.028228,-0.007986,-0.028153,0.999560,0.009324,0.008245,-0.009095,0.999925,0,1.00000,-0.31248,60.000,-0.625,775.000,375.000,775.000,375.000,-1,325.000,300.000,300.000,300.000,-1,-1,-1,-1,600.000,625.000,700.000,900.000,1,0,1,0,2,0,0,0,0,2,2,2,2,1,1,1,1
127,10063.974,6902.538,-82.759,-2.003,0.999341,0.034943,-0.009855,-0.034841,0.999340,0.010291,0.010208,-0.009941,0.999898,0,1.00000,-0.19248,60.000,-0.385,700.000,375.000,725.000,375.000,-1,325.000,300.000,300.000,300.000,-1,950.000,-1,-1,550.000,575.000,650.000,875.000,1,0,1,0,2,0,0,0,0,2,0,2,2,1,1,1,1
128,10123.932,6900.290,-81.948,-2.148,0.999229,0.037470,-0.011720,-0.037338,0.999239,0.011296,0.012134,-0.010850,0.999868,0,1.00000,-0.07248,60.000,-0.145,650.000,375.000,675.000,375.000,-1,325.000,300.000,300.000,300.000,-1,875.000,-1,-1,500.000,550.000,575.000,800.000,1,0,1,0,2,0,0,0,0,2,0,2,2,1,1,1,1
129,10183.893,6898.141,-81.135,-2.052,0.999266,0.035812,-0.013579,-0.035646,0.999289,0.012309,0.014010,-0.011816,0.999832,0,1.00000,0.04752,60.000,0.095,575.000,375.000,625.000,375.000,-1,325.000,325.000,300.000,300.000,-1,800.000,1000.000,-1,475.000,500.000,525.000,725.000,1,1,1,1,2,0,0,0,0,2,0,0,2,1,1,1,1
130,10243.866,6896.343,-80.326,-1.717,0.999432,0.029968,-0.015432,-0.029763,0.999468,0.013301,0.015823,-0.012834,0.999792,0,1.00000,0.16752,60.000,0.335,525.000,350.000,550.000,350.000,-1,300.000,300.000,300.000,300.000,-1,750.000,925.000,-1,425.000,475.000,450.000,650.000,1,1,1,1,2,1,1,0,0,2,0,0,2,1,1,1,1
131,10303.855,6895.147,-79.526,-1.142,0.999652,0.019935,-0.017278,-0.019690,0.999705,0.014248,0.017557,-0.013903,0.999749,0,1.00000,0.28752,60.000,0.575,450.000,300.000,500.000,325.000,-1,275.000,275.000,300.000,300.000,-1,725.000,850.000,-1,375.000,425.000,400.000,550.000,1,1,1,1,2,1,1,0,0,2,0,0,2,1,1,1,1
132,10363.854,6894.804,-78.741,-0.327,0.999801,0.005712,-0.019114,-0.005423,0.999871,0.015127,0.019198,-0.015021,0.999703,0,1.00000,0.40752,60.000,0.815,400.000,275.000,450.000,275.000,-1,250.000,250.000,300.000,300.000,-1,700.000,800.000,-1,350.000,375.000,350.000,475.000,1,1,1,1,2,1,1,0,0,2,0,0,2,1,1,1,1
133,10423.849,6895.566,-77.980,0.728,0.999700,-0.012699,-0.020937,0.013034,0.999788,0.015917,0.020730,-0.016186,0.999654,0,1.00000,0.52752,60.000,1.055,325.000,250.000,375.000,250.000,-1,200.000,225.000,300.000,300.000,-1,675.000,750.000,-1,300.000,325.000,300.000,375.000,1,1,1,1,2,1,1,0,0,2,0,0,2,1,1,1,1
134,10483.815,6897.588,-77.217,1.931,0.999175,-0.033690,-0.022658,0.034073,0.999279,0.016722,0.022078,-0.017480,0.999603,0,1.00000,0.60162,60.000,1.203,275.000,200.000,325.000,225.000,475.000,175.000,175.000,300.000,300.000,-1,675.000,725.000,-1,250.000,275.000,250.000,300.000,1,1,1,1,1,1,1,0,0,2,0,0,2,1,1,1,1
135,10543.728,6900.847,-68.271,3.114,0.997428,-0.054303,-0.046784,0.055298,0.998265,0.020243,0.045603,-0.022778,0.998700,0,1.00000,0.59135,60.000,1.183,250.000,200.000,325.000,200.000,-1,175.000,175.000,325.000,325.000,-1,325.000,350.000,-1,250.000,275.000,225.000,325.000,1,1,1,1,2,1,1,0,0,2,0,0,2,1,1,1,1
136,10603.567,6905.316,-56.193,4.273,0.994002,-0.074489,-0.080069,0.075874,0.997014,0.014385,0.078759,-0.020374,0.996685,0,1.00000,0.57955,60.000,1.159,275.000,200.000,350.000,200.000,-1,175.000,175.000,350.000,350.000,1000.000,200.000,225.000,-1,250.000,275.000,250.000,375.000,1,1,1,1,2,1,1,0,0,0,0,0,2,1,1,1,1
