timestep,x_cm,y_cm,z_cm,yaw_deg,basis_xx,basis_xy,basis_xz,basis_yx,basis_yy,basis_yz,basis_zx,basis_zy,basis_zz,teleport_flag,throttle_cmd,steering_cmd,cmd_move_cm,cmd_turn_deg,lidar_cm_0,lidar_cm_1,lidar_cm_2,lidar_cm_3,lidar_cm_4,lidar_cm_5,lidar_cm_6,lidar_cm_7,lidar_cm_8,lidar_cm_9,lidar_cm_10,lidar_cm_11,lidar_cm_12,lidar_cm_13,lidar_cm_14,lidar_cm_15,lidar_cm_16,lidar_class_0,lidar_class_1,lidar_class_2,lidar_class_3,lidar_class_4,lidar_class_5,lidar_class_6,lidar_class_7,lidar_class_8,lidar_class_9,lidar_class_10,lidar_class_11,lidar_class_12,lidar_class_13,lidar_class_14,lidar_class_15,lidar_class_16
0,-8194.901,6889.526,71.878,27.770,0.882780,-0.465901,-0.060294,0.465651,0.884765,-0.018990,0.062194,-0.011312,0.998000,1,0.08000,0.12000,4.800,0.240,-1,400.000,-1,400.000,-1,325.000,325.000,300.000,300.000,-1,-1,-1,-1,750.000,775.000,-1,-1,2,0,2,0,2,0,0,0,0,2,2,2,2,0,0,2,2
1,-8186.444,6894.070,72.489,28.250,0.878837,-0.473294,-0.060313,0.473061,0.880825,-0.018989,0.062113,-0.011844,0.997999,0,0.16000,0.24000,9.600,0.480,-1,400.000,-1,400.000,-1,325.000,325.000,300.000,300.000,-1,-1,-1,-1,775.000,775.000,-1,-1,2,0,2,0,2,0,0,0,0,2,2,2,2,0,0,2,2
2,-8173.846,6901.045,73.406,28.970,0.872807,-0.484320,-0.060347,0.484113,0.874799,-0.018986,0.061987,-0.012644,0.997997,0,0.24000,0.36000,14.400,0.720,-1,400.000,-1,400.000,-1,325.000,325.000,300.000,300.000,-1,-1,-1,-1,775.000,775.000,-1,-1,2,0,2,0,2,0,0,0,0,2,2,2,2,0,0,2,2
3,-8157.207,6910.625,74.627,29.930,0.864551,-0.498902,-0.060403,0.498729,0.866550,-0.018979,0.061811,-0.013716,0.997994,0,0.32000,0.48000,19.200,0.960,-1,400.000,-1,400.000,-1,325.000,325.000,300.000,300.000,-1,-1,-1,-1,775.000,775.000,-1,-1,2,0,2,0,2,0,0,0,0,2,2,2,2,0,0,2,2
4,-8136.630,6922.978,76.151,30.979,0.855251,-0.514673,-0.060477,0.514539,0.857257,-0.018974,0.061609,-0.014890,0.997989,0,0.40000,0.52447,24.000,1.049,-1,400.000,-1,400.000,-1,325.000,325.000,300.000,300.000,-1,-1,-1,-1,775.000,775.000,-1,-1,2,0,2,0,2,0,0,0,0,2,2,2,2,0,0,2,2
5,-8112.216,6938.255,77.956,32.036,0.845600,-0.530380,-0.060487,0.530281,0.847609,-0.019001,0.061347,-0.016008,0.997988,0,0.48000,0.52815,28.800,1.056,-1,400.000,-1,400.000,-1,325.000,325.000,300.000,300.000,-1,-1,-1,-1,775.000,775.000,-1,-1,2,0,2,0,2,0,0,0,0,2,2,2,2,0,0,2,2
6,-8084.070,6956.605,80.045,33.102,0.835572,-0.546044,-0.060458,0.545979,0.837582,-0.019048,0.061040,-0.017093,0.997989,0,0.56000,0.53290,33.600,1.066,-1,400.000,-1,400.000,-1,325.000,325.000,300.000,300.000,-1,-1,-1,-1,775.000,775.000,-1,-1,2,0,2,0,2,0,0,0,0,2,2,2,2,0,0,2,2
7,-8052.302,6978.178,82.392,34.179,0.825138,-0.561688,-0.060442,0.561649,0.827152,-0.019239,0.060801,-0.018072,0.997986,0,0.64000,0.53873,38.400,1.077,-1,400.000,-1,400.000,-1,325.000,325.000,300.000,300.000,-1,-1,-1,-1,775.000,775.000,-1,-1,2,0,2,0,2,0,0,0,0,2,2,2,2,0,0,2,2
8,-8017.032,7003.123,84.992,35.270,0.814271,-0.577330,-0.060438,0.577310,0.816291,-0.019574,0.060636,-0.018953,0.997980,0,0.72000,0.54566,43.200,1.091,-1,400.000,-1,400.000,-1,325.000,325.000,300.000,300.000,-1,-1,-1,-1,775.000,775.000,-1,-1,2,0,2,0,2,0,0,0,0,2,2,2,2,0,0,2,2
9,-7978.386,7031.592,87.873,36.378,0.802939,-0.592988,-0.060442,0.592987,0.804966,-0.019896,0.060452,-0.019866,0.997973,0,0.80000,0.55371,48.000,1.107,-1,400.000,-1,400.000,-1,325.000,325.000,300.000,300.000,-1,-1,-1,-1,800.000,775.000,-1,-1,2,0,2,0,2,0,0,0,0,2,2,2,2,0,0,2,2
10,-7936.499,7063.737,91.007,37.504,0.791118,-0.608679,-0.060350,0.608697,0.793145,-0.020220,0.060174,-0.020738,0.997972,0,0.88000,0.56291,52.800,1.126,975.000,400.000,-1,400.000,-1,325.000,325.000,300.000,300.000,-1,-1,-1,-1,800.000,775.000,-1,-1,1,0,2,0,2,0,0,0,0,2,2,2,2,0,0,2,2
11,-7891.515,7099.712,94.364,38.650,0.778778,-0.624419,-0.060047,0.624451,0.780794,-0.020551,0.059717,-0.021492,0.997984,0,0.96000,0.57330,57.600,1.147,925.000,400.000,-1,400.000,-1,325.000,325.000,300.000,300.000,-1,-1,-1,-1,800.000,775.000,-1,-1,1,0,2,0,2,0,0,0,0,2,2,2,2,0,0,2,2
12,-7846.921,7136.893,97.717,39.820,0.765863,-0.640215,-0.059819,0.640277,0.767866,-0.020652,0.059155,-0.022484,0.997996,0,0.96767,0.58491,58.060,1.170,900.000,400.000,-1,400.000,-1,325.000,325.000,300.000,300.000,-1,-1,-1,-1,800.000,775.000,-1,-1,1,0,2,0,2,0,0,0,0,2,2,2,2,0,0,2,2
13,-7802.128,7175.791,101.046,40.970,0.752848,-0.655482,-0.059694,0.655608,0.754831,-0.020185,0.058290,-0.023940,0.998013,0,0.98876,0.57526,59.326,1.151,850.000,400.000,-1,400.000,-1,325.000,325.000,300.000,300.000,-1,-1,-1,-1,800.000,775.000,950.000,-1,1,0,2,0,2,0,0,0,0,2,2,2,2,0,0,1,2
14,-7757.870,7215.845,104.392,42.145,0.739247,-0.670789,-0.059632,0.670988,0.741209,-0.019602,0.057348,-0.025522,0.998028,0,0.99486,0.58719,59.691,1.174,800.000,400.000,-1,400.000,-1,325.000,325.000,300.000,300.000,-1,-1,-1,-1,800.000,800.000,900.000,-1,1,0,2,0,2,0,0,0,0,2,2,2,2,0,0,1,2
15,-7714.235,7257.027,107.758,43.343,0.725046,-0.686116,-0.059608,0.686394,0.726984,-0.018907,0.056306,-0.027206,0.998043,0,1.00000,0.59928,60.000,1.199,750.000,400.000,-1,400.000,-1,325.000,325.000,300.000,300.000,-1,-1,-1,-1,775.000,800.000,825.000,-1,1,0,2,0,2,0,0,0,0,2,2,2,2,1,0,1,2
16,-7671.490,7299.132,111.101,44.566,0.710225,-0.701442,-0.059665,0.701805,0.712138,-0.018168,0.055234,-0.028970,0.998053,0,1.00000,0.61152,60.000,1.223,700.000,400.000,-1,400.000,-1,325.000,325.000,300.000,300.000,-1,-1,-1,-1,725.000,800.000,775.000,-1,1,0,2,0,2,0,0,0,0,2,2,2,2,1,0,1,2
17,-7629.671,7342.157,114.391,45.814,0.694768,-0.716744,-0.059790,0.717188,0.696659,-0.017520,0.054211,-0.030708,0.998057,0,1.00000,0.62384,60.000,1.248,650.000,400.000,-1,400.000,-1,325.000,325.000,300.000,300.000,-1,-1,-1,-1,700.000,825.000,725.000,-1,1,0,2,0,2,0,0,0,0,2,2,2,2,1,0,1,2
18,-7591.204,7383.152,117.454,46.822,0.682042,-0.728851,-0.059962,0.729367,0.683914,-0.016888,0.053318,-0.032216,0.998058,0,0.93694,0.50384,56.217,1.008,600.000,400.000,-1,400.000,-1,325.000,325.000,300.000,300.000,-1,-1,-1,-1,650.000,825.000,650.000,-1,1,0,2,0,2,0,0,0,0,2,2,2,2,1,0,1,2
19,-7553.119,7424.846,120.509,47.589,0.672205,-0.737916,-0.060177,0.738501,0.674058,-0.016191,0.052511,-0.033557,0.998056,0,0.94116,0.38384,56.470,0.768,550.000,400.000,-1,400.000,-1,325.000,325.000,300.000,325.000,-1,-1,-1,-1,625.000,850.000,600.000,-1,1,0,2,0,2,0,0,0,0,2,2,2,2,1,0,1,2
20,-7515.295,7467.027,123.539,48.117,0.665376,-0.744062,-0.060387,0.744714,0.667207,-0.015383,0.051737,-0.034735,0.998056,0,0.94427,0.26384,56.656,0.528,500.000,400.000,-1,400.000,-1,325.000,325.000,300.000,325.000,-1,-1,-1,-1,575.000,850.000,550.000,-1,1,0,2,0,2,0,0,0,0,2,2,2,2,1,0,1,2
21,-7477.612,7509.478,126.316,48.405,0.661689,-0.747402,-0.059643,0.748061,0.663462,-0.014905,0.050711,-0.034755,0.998108,0,0.94606,0.14384,56.763,0.288,450.000,400.000,-1,400.000,-1,325.000,325.000,300.000,300.000,-1,-1,-1,-1,550.000,850.000,500.000,-1,1,0,2,0,2,0,0,0,0,2,2,2,2,1,0,1,2
22,-7439.991,7552.004,129.099,48.502,0.660476,-0.748534,-0.058897,0.749196,0.662192,-0.014398,0.049779,-0.034616,0.998160,0,0.94632,0.04875,56.779,0.098,425.000,400.000,-1,400.000,-1,325.000,325.000,300.000,300.000,-1,-1,-1,-1,500.000,850.000,450.000,-1,1,0,2,0,2,0,0,0,0,2,2,2,2,1,0,1,2
23,-7402.513,7594.554,131.882,48.626,0.658922,-0.749961,-0.058148,0.750627,0.660581,-0.013854,0.048801,-0.034519,0.998212,0,0.94504,0.06168,56.702,0.123,375.000,375.000,-1,400.000,-1,325.000,325.000,300.000,300.000,-1,-1,-1,-1,475.000,850.000,400.000,-1,1,1,2,0,2,0,0,0,0,2,2,2,2,1,0,1,2
24,-7365.230,7637.102,134.572,48.774,0.657014,-0.751655,-0.057860,0.752345,0.658636,-0.013248,0.048067,-0.034826,0.998237,0,0.94287,0.07394,56.572,0.148,325.000,350.000,-1,400.000,-1,325.000,325.000,300.000,300.000,-1,-1,-1,-1,450.000,850.000,350.000,-1,1,1,2,0,2,0,0,0,0,2,2,2,2,1,1,1,2
25,-7328.196,7679.624,137.224,48.946,0.654773,-0.753617,-0.057741,0.754339,0.656365,-0.012599,0.047394,-0.035307,0.998252,0,0.93981,0.08604,56.388,0.172,275.000,325.000,-1,400.000,-1,325.000,325.000,300.000,300.000,-1,-1,-1,-1,400.000,850.000,300.000,-1,1,1,2,0,2,0,0,0,0,2,2,2,2,1,1,1,2
26,-7291.462,7722.094,139.862,49.142,0.652211,-0.755843,-0.057641,0.756598,0.653771,-0.011914,0.046689,-0.035841,0.998266,0,0.93587,0.09797,56.152,0.196,250.000,300.000,-1,400.000,-1,300.000,325.000,300.000,300.000,-1,-1,-1,-1,375.000,875.000,250.000,-1,1,1,2,0,2,1,0,0,0,2,2,2,2,1,1,1,2
27,-7255.078,7764.485,142.259,49.361,0.649397,-0.758348,-0.056495,0.759100,0.650878,-0.011231,0.045288,-0.035591,0.998340,0,0.93106,0.10971,55.864,0.219,200.000,275.000,-1,400.000,-1,275.000,325.000,300.000,300.000,-1,-1,-1,-1,350.000,925.000,225.000,-1,1,1,2,0,2,1,0,0,0,2,2,2,2,1,0,1,2
28,-7219.091,7806.769,147.846,49.604,0.646207,-0.761397,-0.051879,0.761220,0.647918,-0.027319,0.054414,-0.021837,0.998280,0,0.92541,0.12125,55.525,0.242,175.000,275.000,-1,425.000,-1,275.000,325.000,325.000,300.000,-1,-1,-1,-1,325.000,-1,200.000,-1,1,1,2,1,2,1,1,1,0,2,2,2,2,1,2,1,2
29,-7183.551,7848.926,154.695,49.869,0.642915,-0.764566,-0.045811,0.762938,0.644539,-0.049950,0.067717,-0.002837,0.997701,0,0.91895,0.13257,55.137,0.265,175.000,250.000,-1,450.000,-1,250.000,325.000,325.000,275.000,-1,800.000,475.000,-1,325.000,-1,200.000,-1,1,1,2,1,2,1,1,1,0,2,0,0,2,1,2,1,2
30,-7145.913,7893.743,161.937,49.970,0.642127,-0.765587,-0.039352,0.762219,0.643096,-0.073814,0.081818,0.017402,0.996495,0,0.97537,0.05047,58.522,0.101,175.000,250.000,-1,450.000,-1,250.000,325.000,325.000,275.000,-1,425.000,200.000,-1,325.000,-1,175.000,-1,1,1,2,1,2,1,1,1,0,2,0,0,2,1,2,1,2
31,-7108.376,7938.633,169.135,50.085,0.641451,-0.766459,-0.032877,0.761157,0.641195,-0.097514,0.095821,0.037526,0.994691,0,0.97522,0.05781,58.513,0.116,175.000,250.000,-1,475.000,-1,250.000,325.000,300.000,275.000,-1,300.000,100.000,775.000,350.000,-1,175.000,-1,1,1,2,1,2,1,1,1,0,2,0,0,0,1,2,1,2
32,-7070.970,7983.584,176.121,50.216,0.640929,-0.767155,-0.026148,0.759654,0.638815,-0.121827,0.110164,0.058219,0.992207,0,0.97459,0.06520,58.475,0.130,150.000,250.000,-1,525.000,-1,275.000,350.000,300.000,250.000,-1,250.000,75.000,525.000,375.000,-1,175.000,-1,1,1,2,1,2,1,1,1,0,2,0,0,0,1,2,1,2
33,-7033.726,8028.583,183.037,50.361,0.640557,-0.767670,-0.019199,0.757768,0.635950,-0.146134,0.124392,0.079059,0.989079,0,0.97347,0.07275,58.408,0.146,150.000,275.000,-1,675.000,-1,275.000,375.000,300.000,250.000,-1,225.000,50.000,375.000,425.000,-1,150.000,-1,1,1,2,0,2,1,1,1,0,2,0,0,0,1,2,1,2
34,-6996.678,8073.615,189.911,50.522,0.640327,-0.768008,-0.012033,0.755535,0.632595,-0.170268,0.138380,0.099936,0.985324,0,0.97181,0.08059,58.309,0.161,150.000,300.000,-1,750.000,-1,300.000,425.000,300.000,225.000,-1,225.000,25.000,300.000,-1,-1,150.000,-1,1,1,2,0,2,1,1,1,0,2,0,0,0,2,2,1,2
35,-3607.627,3607.633,-65.392,96.504,-0.113578,-0.993529,-0.000424,0.991135,-0.113274,-0.069435,0.068938,-0.008306,0.997586,1,0.00000,0.00000,58.171,0.178,-1,375.000,-1,375.000,650.000,325.000,325.000,300.000,300.000,-1,750.000,625.000,-1,725.000,625.000,-1,700.000,2,0,2,1,1,0,0,0,0,2,0,0,2,0,1,2,1
36,-3608.179,3612.401,-65.062,96.606,-0.115339,-0.993326,-0.000334,0.990925,-0.115036,-0.069535,0.069032,-0.008351,0.997579,0,0.08000,0.05082,4.800,0.102,-1,375.000,-1,375.000,650.000,325.000,325.000,300.000,300.000,-1,750.000,625.000,-1,725.000,625.000,-1,700.000,2,0,2,1,1,0,0,0,0,2,0,0,2,0,1,2,1
37,-3609.300,3621.936,-64.401,96.706,-0.117071,-0.993124,-0.000149,0.990707,-0.116775,-0.069732,0.069235,-0.008311,0.997566,0,0.16000,0.05016,9.600,0.100,-1,375.000,-1,375.000,650.000,325.000,325.000,300.000,300.000,-1,750.000,625.000,-1,725.000,625.000,-1,675.000,2,0,2,1,1,0,0,0,0,2,0,0,2,0,1,2,1
38,-3611.006,3636.234,-63.410,96.804,-0.118757,-0.992923,0.000131,0.990485,-0.118475,-0.070026,0.069546,-0.008187,0.997545,0,0.24000,0.04902,14.400,0.098,-1,375.000,-1,375.000,625.000,325.000,325.000,300.000,300.000,-1,750.000,625.000,-1,725.000,600.000,-1,675.000,2,0,2,1,1,0,0,0,0,2,0,0,2,0,1,2,1
39,-3613.313,3655.295,-62.087,96.899,-0.120380,-0.992728,0.000504,0.990259,-0.120116,-0.070419,0.069968,-0.007978,0.997517,0,0.32000,0.04736,19.200,0.095,-1,375.000,-1,375.000,600.000,325.000,325.000,300.000,300.000,-1,750.000,625.000,-1,725.000,600.000,-1,650.000,2,0,2,1,1,0,0,0,0,2,0,0,2,0,1,2,1
40,-3616.233,3679.117,-60.433,96.989,-0.121920,-0.992539,0.000970,0.990033,-0.121682,-0.070910,0.070499,-0.007685,0.997482,0,0.40000,0.04518,24.000,0.090,-1,375.000,-1,375.000,600.000,325.000,325.000,300.000,300.000,-1,750.000,650.000,-1,725.000,600.000,-1,650.000,2,0,2,1,1,0,0,0,0,2,0,0,2,0,1,2,1
41,-3619.780,3707.698,-58.445,97.074,-0.123359,-0.992361,0.001527,0.989809,-0.123152,-0.071498,0.071140,-0.007308,0.997440,0,0.48000,0.04243,28.800,0.085,-1,375.000,-1,375.000,575.000,325.000,325.000,300.000,300.000,-1,750.000,650.000,-1,725.000,600.000,-1,625.000,2,0,2,1,1,0,0,0,0,2,0,0,2,0,1,2,1
42,-3623.963,3741.037,-56.121,97.152,-0.124675,-0.992195,0.002173,0.989590,-0.124506,-0.072185,0.071892,-0.006849,0.997389,0,0.56000,0.03907,33.600,0.078,-1,375.000,-1,375.000,550.000,325.000,325.000,300.000,300.000,-1,750.000,650.000,-1,725.000,600.000,-1,600.000,2,0,2,1,1,0,0,0,0,2,0,0,2,0,1,2,1
43,-3628.791,3779.132,-53.460,97.222,-0.125844,-0.992046,0.002905,0.989379,-0.125720,-0.072970,0.072754,-0.006309,0.997330,0,0.64000,0.03505,38.400,0.070,-1,375.000,-1,375.000,500.000,325.000,325.000,300.000,300.000,-1,750.000,650.000,-1,725.000,600.000,-1,575.000,2,0,2,1,1,0,0,0,0,2,0,0,2,0,1,2,1
44,-3634.268,3821.984,-50.460,97.283,-0.126843,-0.991916,0.003719,0.989179,-0.126769,-0.073852,0.073726,-0.005689,0.997262,0,0.72000,0.03030,43.200,0.061,-1,375.000,-1,375.000,475.000,325.000,325.000,300.000,300.000,-1,750.000,650.000,-1,725.000,575.000,-1,550.000,2,0,2,1,1,0,0,0,0,2,0,0,2,0,1,2,1
45,-3640.394,3869.591,-47.117,97.333,-0.127641,-0.991810,0.004611,0.988995,-0.127627,-0.074832,0.074808,-0.004992,0.997185,0,0.80000,0.02475,48.000,0.049,-1,400.000,-1,375.000,450.000,325.000,325.000,300.000,300.000,-1,750.000,675.000,-1,750.000,575.000,-1,525.000,2,0,2,1,1,0,0,0,0,2,0,0,2,0,1,2,1
46,-3647.166,3921.956,-43.049,97.369,-0.128313,-0.991725,0.004252,0.988775,-0.128259,-0.076644,0.076555,-0.005630,0.997049,0,0.88000,0.01829,52.800,0.037,-1,400.000,-1,375.000,400.000,325.000,325.000,300.000,300.000,-1,750.000,675.000,-1,750.000,575.000,-1,500.000,2,0,2,1,1,0,0,0,0,2,0,0,2,0,1,2,1
47,-3654.575,3979.078,-37.509,97.391,-0.129015,-0.991642,0.000527,0.988344,-0.128630,-0.081428,0.080815,-0.009985,0.996679,0,0.96000,0.01082,57.600,0.022,-1,400.000,-1,375.000,400.000,325.000,325.000,300.000,325.000,-1,675.000,575.000,-1,775.000,600.000,-1,500.000,2,0,2,1,1,0,0,0,0,2,0,0,2,0,1,2,1
48,-3662.064,4036.779,-31.978,97.395,-0.129397,-0.991589,-0.002672,0.988010,-0.128700,-0.085277,0.084216,-0.013674,0.996354,0,0.96974,0.00219,58.184,0.004,-1,400.000,-1,375.000,375.000,325.000,350.000,300.000,325.000,-1,600.000,550.000,-1,800.000,625.000,-1,500.000,2,0,2,1,1,0,0,0,0,2,0,0,2,0,1,2,1
49,-3669.541,4094.499,-26.560,97.381,-0.129438,-0.991572,-0.005467,0.987743,-0.128449,-0.088685,0.087235,-0.016879,0.996045,0,0.97003,-0.00705,58.202,-0.014,-1,425.000,-1,400.000,375.000,350.000,350.000,300.000,350.000,-1,525.000,525.000,-1,825.000,675.000,-1,500.000,2,0,2,1,1,0,0,0,0,2,0,0,2,0,1,2,1
50,-3676.980,4152.195,-21.257,97.347,-0.129115,-0.991598,-0.007876,0.987548,-0.127859,-0.091660,0.089883,-0.019613,0.995759,0,0.96954,-0.01685,58.173,-0.034,-1,425.000,-1,400.000,350.000,350.000,350.000,300.000,350.000,-1,500.000,525.000,-1,850.000,700.000,-1,500.000,2,0,2,1,1,0,0,0,1,2,0,0,2,0,1,2,1
51,-3684.355,4209.817,-16.067,97.293,-0.128403,-0.991672,-0.009919,0.987429,-0.126911,-0.094218,0.092174,-0.021892,0.995502,0,0.96819,-0.02722,58.091,-0.054,-1,425.000,-1,425.000,325.000,350.000,375.000,300.000,325.000,-1,475.000,525.000,-1,850.000,750.000,-1,-1,2,0,2,1,1,0,0,0,1,2,0,0,2,0,1,2,2
52,-3691.635,4267.312,-10.988,97.217,-0.127280,-0.991799,-0.011619,0.987390,-0.125585,-0.096377,0.094128,-0.023739,0.995277,0,0.96590,-0.03815,57.954,-0.076,-1,425.000,-1,425.000,325.000,350.000,375.000,300.000,300.000,-1,475.000,525.000,-1,875.000,800.000,-1,-1,2,0,2,1,1,0,0,0,1,2,0,0,2,0,1,2,2
53,-3698.791,4324.625,-6.018,97.117,-0.125726,-0.991980,-0.013004,0.987432,-0.123863,-0.098164,0.095766,-0.025182,0.995085,0,0.96262,-0.04962,57.757,-0.099,-1,425.000,-1,450.000,300.000,375.000,375.000,275.000,275.000,-1,450.000,525.000,-1,900.000,825.000,-1,-1,2,0,2,1,1,0,0,0,1,2,0,0,2,0,1,2,2
54,-3705.793,4381.696,-1.151,96.994,-0.123724,-0.992216,-0.014105,0.987553,-0.121726,-0.099606,0.097114,-0.026253,0.994927,0,0.95830,-0.06161,57.498,-0.123,-1,450.000,-1,450.000,300.000,375.000,375.000,275.000,250.000,-1,450.000,525.000,-1,900.000,850.000,-1,-1,2,0,2,1,1,0,0,0,1,2,0,0,2,0,1,2,2
55,-3713.057,4439.923,3.605,97.111,-0.125805,-0.991950,-0.014402,0.987219,-0.123746,-0.100429,0.097839,-0.026853,0.994840,0,0.97797,0.05839,58.678,0.117,-1,450.000,-1,475.000,350.000,375.000,375.000,275.000,225.000,-1,425.000,550.000,-1,925.000,900.000,-1,-1,2,0,2,1,1,0,0,0,1,2,0,0,2,0,1,2,2
56,-3720.625,4497.663,8.050,97.468,-0.131934,-0.991165,-0.013649,0.986430,-0.129921,-0.100384,0.097724,-0.026707,0.994855,0,0.97057,0.17839,58.234,0.357,-1,450.000,-1,500.000,450.000,375.000,400.000,275.000,200.000,-1,425.000,550.000,-1,925.000,975.000,-1,-1,2,0,2,1,1,0,0,0,1,2,0,0,2,0,1,2,2
57,-3728.716,4554.765,12.316,98.065,-0.142143,-0.989767,-0.012487,0.985186,-0.140239,-0.098696,0.095935,-0.026331,0.995039,0,0.96121,0.29839,57.673,0.597,-1,450.000,-1,500.000,575.000,375.000,400.000,275.000,175.000,-1,500.000,600.000,-1,925.000,-1,-1,-1,2,0,2,1,1,0,0,0,1,2,0,0,2,0,2,2,2
58,-3737.535,4611.071,16.554,98.901,-0.156405,-0.987615,-0.012374,0.983848,-0.154679,-0.090101,0.087071,-0.026266,0.995856,0,0.94990,0.41839,56.994,0.837,-1,425.000,-1,475.000,625.000,350.000,375.000,275.000,175.000,-1,925.000,950.000,-1,850.000,-1,-1,-1,2,0,2,0,1,0,0,0,1,2,0,0,2,0,2,2,2
59,-3747.275,4666.425,20.213,99.978,-0.174690,-0.984555,-0.011581,0.981583,-0.173215,-0.080567,0.077316,-0.025442,0.996682,0,0.93678,0.53839,56.207,1.077,-1,425.000,-1,450.000,650.000,350.000,350.000,275.000,150.000,-1,-1,-1,-1,800.000,975.000,-1,-1,2,0,2,0,1,0,0,0,1,2,2,2,2,0,1,2,2
60,-3758.111,4720.676,23.430,101.295,-0.197016,-0.980342,-0.010691,0.978114,-0.195800,-0.070390,0.066913,-0.024325,0.997462,0,0.92208,0.65839,55.325,1.317,-1,400.000,-1,425.000,-1,325.000,350.000,275.000,150.000,-1,-1,-1,-1,750.000,925.000,-1,-1,2,0,2,0,2,0,0,0,1,2,2,2,2,0,0,2,2
61,-3770.204,4773.683,26.292,102.852,-0.223302,-0.974705,-0.009281,0.973130,-0.222372,-0.059740,0.056165,-0.022372,0.998171,0,0.90617,0.77839,54.370,1.557,-1,375.000,-1,400.000,-1,325.000,325.000,300.000,150.000,-1,-1,-1,-1,675.000,825.000,-1,-1,2,0,2,0,2,0,0,0,1,2,2,2,2,0,0,2,2
62,-3783.487,4825.375,30.621,104.409,-0.249814,-0.968212,-0.012578,0.966951,-0.248762,-0.055891,0.050985,-0.026125,0.998358,0,0.88953,0.77881,53.372,1.558,-1,375.000,-1,400.000,-1,300.000,325.000,275.000,150.000,-1,-1,-1,-1,650.000,800.000,-1,-1,2,0,2,0,2,0,0,0,1,2,2,2,2,0,0,2,2
63,-3798.587,4878.996,35.220,105.727,-0.272119,-0.962132,-0.015880,0.961082,-0.270931,-0.054015,0.047667,-0.029961,0.998414,0,0.92845,0.65881,55.707,1.318,-1,350.000,-1,400.000,-1,300.000,325.000,275.000,175.000,-1,-1,-1,-1,650.000,800.000,-1,-1,2,0,2,0,2,0,0,0,1,2,2,2,2,0,0,2,2
64,-3814.431,4931.453,39.430,106.805,-0.290213,-0.956798,-0.017741,0.955885,-0.288957,-0.052806,0.045399,-0.032283,0.998447,0,0.91331,0.53881,54.798,1.078,-1,350.000,-1,400.000,-1,300.000,325.000,275.000,175.000,-1,-1,-1,-1,650.000,800.000,-1,-1,2,0,2,0,2,0,0,0,1,2,2,2,2,0,0,2,2
65,-3830.799,4982.920,43.243,107.642,-0.304167,-0.952448,-0.018035,0.951591,-0.302906,-0.052171,0.044227,-0.033030,0.998475,0,0.90012,0.41881,54.007,0.838,-1,350.000,-1,400.000,-1,300.000,325.000,275.000,200.000,-1,-1,-1,-1,650.000,775.000,-1,-1,2,0,2,0,2,0,0,0,1,2,2,2,2,0,0,2,2
66,-3847.494,5033.580,46.665,108.240,-0.314039,-0.949263,-0.016701,0.948382,-0.312832,-0.052029,0.044165,-0.032179,0.998506,0,0.88900,0.29881,53.340,0.598,-1,350.000,-1,400.000,-1,300.000,325.000,275.000,200.000,-1,-1,-1,-1,650.000,775.000,-1,-1,2,0,2,0,2,0,0,0,1,2,2,2,2,0,0,2,2
67,-3864.330,5083.618,49.707,108.597,-0.319864,-0.947364,-0.013731,0.946385,-0.318775,-0.052330,0.045198,-0.029733,0.998535,0,0.87990,0.17881,52.794,0.358,-1,350.000,-1,400.000,-1,300.000,325.000,275.000,225.000,-1,-1,-1,350.000,650.000,775.000,-1,-1,2,0,2,0,2,0,0,0,1,2,2,2,1,0,0,2,2
68,-3881.156,5133.204,52.396,108.745,-0.322152,-0.946643,-0.009206,0.945508,-0.321249,-0.053050,0.047262,-0.025795,0.998549,0,0.87272,0.07378,52.363,0.148,-1,350.000,-1,400.000,-1,300.000,325.000,275.000,225.000,-1,-1,-1,300.000,675.000,800.000,-1,-1,2,0,2,0,2,0,0,0,1,2,2,2,1,0,0,2,2
69,-3898.011,5182.433,54.343,108.901,-0.324438,-0.945906,-0.001411,0.944503,-0.323876,-0.054937,0.051509,-0.019156,0.998489,0,0.86723,0.07805,52.034,0.156,-1,375.000,-1,400.000,-1,300.000,325.000,300.000,225.000,-1,-1,-1,275.000,700.000,800.000,-1,-1,2,0,2,0,2,0,0,0,1,2,2,2,1,0,0,2,2
70,-3914.921,5231.362,56.020,109.066,-0.326774,-0.945076,0.007120,0.943460,-0.326641,-0.056465,0.055690,-0.011734,0.998379,0,0.86280,0.08265,51.768,0.165,-1,375.000,-1,400.000,-1,325.000,325.000,300.000,225.000,-1,-1,-1,275.000,725.000,800.000,-1,-1,2,0,2,0,2,0,0,0,1,2,2,2,1,0,0,2,2
71,-3931.914,5280.043,57.708,109.241,-0.329212,-0.944129,0.015495,0.942367,-0.329547,-0.057822,0.059698,-0.004434,0.998207,0,0.85935,0.08755,51.561,0.175,-1,375.000,-1,400.000,-1,325.000,325.000,300.000,225.000,-1,-1,-1,275.000,750.000,825.000,-1,-1,2,0,2,0,2,0,0,0,1,2,2,2,1,0,0,2,2
72,-3950.654,5333.198,60.042,109.420,-0.331766,-0.943105,0.022020,0.941273,-0.332493,-0.058765,0.062743,0.001231,0.998029,0,0.93935,0.08937,56.361,0.179,-1,400.000,-1,400.000,-1,325.000,325.000,325.000,225.000,-1,-1,-1,275.000,775.000,825.000,-1,-1,2,0,2,0,2,0,0,0,1,2,2,2,1,0,0,2,2
73,-3969.527,5386.199,63.400,109.600,-0.334699,-0.942054,0.022588,0.940256,-0.335456,-0.058207,0.062411,0.001757,0.998049,0,0.93769,0.09004,56.261,0.180,-1,400.000,-1,400.000,-1,325.000,325.000,325.000,250.000,-1,-1,-1,300.000,775.000,825.000,-1,-1,2,0,2,0,2,0,0,0,1,2,2,2,1,0,0,2,2
74,-3988.395,5438.655,66.679,109.783,-0.337693,-0.940981,0.022773,0.939223,-0.338454,-0.057524,0.061837,0.001963,0.998084,0,0.92911,0.09123,55.746,0.182,-1,400.000,-1,400.000,-1,325.000,325.000,325.000,250.000,-1,-1,-1,325.000,775.000,825.000,-1,-1,2,0,2,0,2,0,0,0,1,2,2,2,1,0,0,2,2
75,-4007.267,5490.593,69.955,109.969,-0.340739,-0.939878,0.022944,0.938160,-0.341504,-0.056844,0.061262,0.002156,0.998119,0,0.92101,0.09292,55.260,0.186,-1,400.000,-1,400.000,-1,325.000,325.000,300.000,275.000,-1,-1,-1,350.000,775.000,825.000,-1,-1,2,0,2,0,2,0,0,0,1,2,2,2,1,0,0,2,2
76,-4026.155,5542.045,73.230,110.159,-0.343854,-0.938739,0.023103,0.937060,-0.344621,-0.056167,0.060688,0.002335,0.998154,0,0.91349,0.09506,54.809,0.190,-1,400.000,-1,400.000,-1,325.000,325.000,300.000,275.000,-1,-1,-1,375.000,775.000,825.000,-1,-1,2,0,2,0,2,0,0,0,1,2,2,2,1,0,0,2,2
77,-4045.076,5593.047,76.506,110.354,-0.347050,-0.937558,0.023248,0.935918,-0.347819,-0.055493,0.060114,0.002499,0.998188,0,0.90663,0.09765,54.398,0.195,-1,400.000,-1,400.000,-1,325.000,325.000,300.000,300.000,-1,-1,-1,400.000,775.000,825.000,-1,-1,2,0,2,0,2,0,0,0,1,2,2,2,1,0,0,2,2
78,-4064.046,5643.636,79.786,110.555,-0.350341,-0.936330,0.023380,0.934728,-0.351110,-0.054821,0.059539,0.002648,0.998222,0,0.90049,0.10065,54.029,0.201,-1,400.000,-1,400.000,-1,325.000,325.000,300.000,300.000,-1,-1,-1,425.000,775.000,825.000,-1,-1,2,0,2,0,2,0,0,0,1,2,2,2,1,0,0,2,2
79,-4083.085,5693.853,83.070,110.763,-0.353739,-0.935049,0.023498,0.933484,-0.354508,-0.054151,0.058964,0.002779,0.998256,0,0.89509,0.10403,53.705,0.208,-1,400.000,-1,400.000,-1,325.000,325.000,300.000,300.000,-1,-1,-1,450.000,800.000,825.000,-1,-1,2,0,2,0,2,0,0,0,1,2,2,2,1,0,0,2,2
80,-4102.213,5743.738,86.364,110.979,-0.357256,-0.933708,0.023602,0.932180,-0.358023,-0.053483,0.058388,0.002894,0.998290,0,0.89044,0.10777,53.427,0.216,-1,400.000,-1,400.000,-1,325.000,325.000,300.000,300.000,-1,-1,-1,475.000,800.000,825.000,-1,-1,2,0,2,0,2,0,0,0,0,2,2,2,1,0,0,2,2
81,-4121.452,5793.330,89.644,111.203,-0.360894,-0.932303,0.023796,0.930809,-0.361665,-0.052850,0.057878,0.003076,0.998319,0,0.88655,0.11184,53.193,0.224,-1,400.000,-1,400.000,-1,325.000,325.000,300.000,300.000,-1,-1,-1,500.000,800.000,850.000,-1,-1,2,0,2,0,2,0,0,0,0,2,2,2,1,0,0,2,2
82,-4140.822,5842.669,92.779,111.435,-0.364640,-0.930826,0.024494,0.929355,-0.365443,-0.052437,0.057761,0.003643,0.998324,0,0.88341,0.11622,53.004,0.232,-1,400.000,-1,400.000,-1,325.000,325.000,300.000,300.000,-1,-1,-1,500.000,800.000,850.000,-1,-1,2,0,2,0,2,0,0,0,0,2,2,2,1,0,0,2,2
83,-4160.347,5891.789,95.722,111.677,-0.368510,-0.929271,0.025606,0.927868,-0.369366,-0.051284,0.057114,0.004861,0.998356,0,0.88098,0.12089,52.859,0.242,-1,400.000,-1,400.000,-1,325.000,325.000,300.000,300.000,-1,-1,-1,525.000,800.000,850.000,-1,-1,2,0,2,0,2,0,0,0,0,2,2,2,1,0,0,2,2
84,-4180.048,5940.726,98.676,111.928,-0.372535,-0.927634,0.026718,0.926300,-0.373442,-0.050099,0.056451,0.006085,0.998387,0,0.87923,0.12584,52.754,0.252,-1,400.000,-1,400.000,-1,325.000,325.000,325.000,300.000,-1,-1,-1,550.000,800.000,850.000,-1,-1,2,0,2,0,2,0,0,0,0,2,2,2,1,0,0,2,2
85,-4198.337,5985.055,101.343,112.420,-0.380445,-0.924390,0.027631,0.923109,-0.381387,-0.049130,0.055953,0.006815,0.998410,0,0.79923,0.24584,47.954,0.492,-1,400.000,-1,400.000,-1,325.000,325.000,325.000,300.000,-1,-1,-1,575.000,825.000,850.000,-1,-1,2,0,2,0,2,0,0,0,0,2,2,2,1,0,0,2,2
86,-4215.304,6024.734,103.669,113.152,-0.392206,-0.919445,0.028211,0.918185,-0.393160,-0.048605,0.055781,0.006839,0.998420,0,0.71923,0.36584,43.154,0.732,-1,400.000,-1,400.000,-1,325.000,325.000,325.000,300.000,-1,-1,-1,625.000,825.000,850.000,-1,-1,2,0,2,0,2,0,0,0,0,2,2,2,1,0,0,2,2
87,-4232.366,6062.835,105.838,114.123,-0.407766,-0.912649,0.028261,0.911410,-0.408697,-0.047936,0.055299,0.006211,0.998451,0,0.69579,0.48584,41.747,0.972,-1,400.000,-1,400.000,-1,325.000,325.000,325.000,300.000,-1,-1,-1,650.000,825.000,875.000,-1,-1,2,0,2,0,2,0,0,0,0,2,2,2,1,0,0,2,2
88,-4250.219,6100.542,107.952,115.335,-0.427025,-0.903809,0.027925,0.902591,-0.427907,-0.047173,0.054585,0.005061,0.998496,0,0.69533,0.60584,41.720,1.212,-1,400.000,-1,400.000,-1,325.000,325.000,325.000,300.000,-1,-1,-1,675.000,825.000,875.000,-1,-1,2,0,2,0,2,0,0,0,0,2,2,2,1,0,0,2,2
89,-4269.014,6137.773,110.085,116.787,-0.449841,-0.892683,0.027563,0.891483,-0.450669,-0.046429,0.053868,0.003686,0.998541,0,0.69511,0.72584,41.707,1.452,-1,400.000,-1,400.000,-1,325.000,325.000,300.000,300.000,-1,-1,-1,725.000,825.000,875.000,-1,-1,2,0,2,0,2,0,0,0,0,2,2,2,1,0,0,2,2
90,-4288.764,6174.513,112.230,118.260,-0.472704,-0.880803,0.027145,0.879619,-0.473477,-0.045715,0.053119,0.002267,0.998586,0,0.69520,0.73675,41.712,1.474,-1,400.000,-1,400.000,-1,325.000,325.000,300.000,300.000,-1,-1,-1,775.000,825.000,875.000,-1,-1,2,0,2,0,2,0,0,0,0,2,2,2,1,0,0,2,2
91,-4309.478,6210.764,114.387,119.744,-0.495415,-0.868247,0.026670,0.867078,-0.496132,-0.045034,0.052333,0.000814,0.998629,0,0.69586,0.74205,41.752,1.484,-1,400.000,-1,400.000,-1,325.000,325.000,300.000,300.000,-1,-1,-1,850.000,825.000,875.000,-1,-1,2,0,2,0,2,0,0,0,0,2,2,2,1,0,0,2,2
92,-4331.169,6246.525,116.506,121.240,-0.517954,-0.855007,0.026224,0.853866,-0.518617,-0.044155,0.051353,-0.000478,0.998680,0,0.69708,0.74754,41.825,1.495,-1,400.000,-1,400.000,-1,325.000,325.000,300.000,300.000,-1,-1,-1,925.000,825.000,875.000,-1,-1,2,0,2,0,2,0,0,0,0,2,2,2,1,0,0,2,2
93,-4353.849,6281.790,118.629,122.746,-0.540304,-0.841076,0.025724,0.839965,-0.540913,-0.043258,0.050298,-0.001765,0.998733,0,0.69882,0.75319,41.929,1.506,-1,400.000,-1,400.000,-1,325.000,325.000,300.000,300.000,-1,-1,-1,1000.000,825.000,875.000,-1,-1,2,0,2,0,2,0,0,0,0,2,2,2,1,0,0,2,2
94,-4377.531,6316.553,120.766,124.264,-0.562449,-0.826449,0.025151,0.825367,-0.563003,-0.042395,0.049198,-0.003086,0.998784,0,0.70105,0.75900,42.063,1.518,-1,400.000,-1,400.000,-1,325.000,325.000,300.000,300.000,-1,-1,-1,-1,825.000,875.000,-1,-1,2,0,2,0,2,0,0,0,0,2,2,2,2,0,0,2,2
95,-4402.226,6350.802,122.905,125.794,-0.584365,-0.811119,0.024565,0.810065,-0.584865,-0.041573,0.048088,-0.004395,0.998833,0,0.70373,0.76497,42.224,1.530,-1,400.000,-1,400.000,-1,325.000,325.000,300.000,300.000,-1,-1,-1,-1,825.000,875.000,-1,-1,2,0,2,0,2,0,0,0,0,2,2,2,2,0,0,2,2
96,-4424.792,6380.657,124.656,127.084,-0.602490,-0.797745,0.024688,0.796711,-0.602975,-0.040897,0.047512,-0.004971,0.998858,0,0.62373,0.64497,37.424,1.290,-1,400.000,-1,400.000,-1,325.000,325.000,300.000,300.000,-1,-1,-1,-1,825.000,875.000,-1,-1,2,0,2,0,2,0,0,0,0,2,2,2,2,0,0,2,2
97,-4447.251,6409.265,126.358,128.134,-0.617017,-0.786560,0.024752,0.785548,-0.617490,-0.040244,0.046939,-0.005388,0.998883,0,0.60619,0.52497,36.371,1.050,-1,400.000,-1,400.000,-1,325.000,325.000,300.000,300.000,-1,-1,-1,-1,825.000,875.000,-1,-1,2,0,2,0,2,0,0,0,0,2,2,2,2,0,0,2,2
98,-4470.238,6437.708,128.071,128.944,-0.628083,-0.777752,0.024765,0.776764,-0.628546,-0.039593,0.046359,-0.005631,0.998909,0,0.60951,0.40497,36.571,0.810,-1,400.000,-1,400.000,-1,325.000,325.000,300.000,300.000,-1,-1,-1,-1,825.000,875.000,-1,-1,2,0,2,0,2,0,0,0,0,2,2,2,2,0,0,2,2
99,-4493.645,6466.090,129.795,129.514,-0.635796,-0.771461,0.024739,0.770499,-0.636251,-0.038939,0.045780,-0.005696,0.998935,0,0.61314,0.28497,36.788,0.570,-1,400.000,-1,400.000,-1,325.000,325.000,300.000,300.000,-1,-1,-1,-1,825.000,875.000,-1,-1,2,0,2,0,2,0,0,0,0,2,2,2,2,0,0,2,2
100,-4517.363,6494.513,131.419,129.844,-0.640238,-0.767785,0.024530,0.766866,-0.640684,-0.037955,0.044857,-0.005489,0.998978,0,0.61700,0.16497,37.020,0.330,-1,400.000,-1,400.000,-1,325.000,325.000,300.000,300.000,-1,-1,-1,-1,825.000,875.000,-1,-1,2,0,2,0,2,0,0,0,0,2,2,2,2,0,0,2,2
101,-4541.283,6523.087,132.950,129.934,-0.641453,-0.766781,0.024210,0.765922,-0.641890,-0.036600,0.043605,-0.004934,0.999037,0,0.62106,0.04497,37.264,0.090,-1,400.000,-1,400.000,-1,325.000,325.000,300.000,300.000,-1,-1,-1,-1,825.000,875.000,-1,-1,2,0,2,0,2,0,0,0,0,2,2,2,2,0,0,2,2
102,-4565.289,6551.917,134.496,129.783,-0.639449,-0.768462,0.023911,0.767666,-0.639882,-0.035205,0.042354,-0.004156,0.999094,0,0.62528,-0.07503,37.517,-0.150,-1,400.000,-1,400.000,-1,325.000,325.000,300.000,300.000,-1,-1,-1,-1,825.000,875.000,-1,-1,2,0,2,0,2,0,0,0,0,2,2,2,2,0,0,2,2
103,-4589.264,6581.111,136.060,129.393,-0.634205,-0.772803,0.023657,0.772072,-0.634638,-0.033758,0.041102,-0.003144,0.999150,0,0.62961,-0.19503,37.777,-0.390,-1,400.000,-1,400.000,-1,325.000,325.000,300.000,300.000,-1,-1,-1,-1,800.000,850.000,-1,-1,2,0,2,0,2,0,0,0,0,2,2,2,2,0,0,2,2
104,-4613.082,6610.774,137.645,128.763,-0.625667,-0.779737,0.023474,0.779072,-0.626104,-0.032250,0.039844,-0.001890,0.999204,0,0.63404,-0.31503,38.043,-0.630,-1,400.000,-1,400.000,-1,325.000,325.000,300.000,300.000,-1,-1,-1,-1,800.000,850.000,-1,-1,2,0,2,0,2,0,0,0,0,2,2,2,2,0,0,2,2
105,-4636.614,6641.009,139.253,127.893,-0.613747,-0.789156,0.023388,0.788560,-0.614193,-0.030674,0.038571,-0.000383,0.999256,0,0.63854,-0.43503,38.313,-0.870,-1,400.000,-1,400.000,-1,325.000,325.000,300.000,300.000,-1,-1,-1,-1,800.000,850.000,-1,-1,2,0,2,0,2,0,0,0,0,2,2,2,2,0,0,2,2
106,-4659.718,6671.911,140.743,126.783,-0.598334,-0.800906,0.023345,0.800358,-0.598789,-0.029655,0.037729,0.000941,0.999288,0,0.64308,-0.55503,38.585,-1.110,-1,400.000,-1,400.000,-1,325.000,325.000,325.000,300.000,-1,-1,-1,-1,800.000,850.000,-1,-1,2,0,2,0,2,0,0,0,0,2,2,2,2,0,0,2,2
107,-4682.330,6703.513,142.167,125.585,-0.581437,-0.813252,0.023486,0.812743,-0.581907,-0.028858,0.037135,0.002309,0.999308,0,0.64764,-0.59918,38.858,-1.198,-1,400.000,-1,400.000,-1,325.000,325.000,325.000,300.000,-1,-1,-1,-1,800.000,875.000,-1,-1,2,0,2,0,2,0,0,0,0,2,2,2,2,0,0,2,2
108,-4704.437,6735.801,143.604,124.398,-0.564452,-0.825126,0.023693,0.824657,-0.564937,-0.028046,0.036527,0.003708,0.999326,0,0.65217,-0.59333,39.130,-1.187,-1,400.000,-1,400.000,-1,325.000,325.000,325.000,300.000,-1,-1,-1,-1,800.000,875.000,-1,-1,2,0,2,0,2,0,0,0,0,2,2,2,2,0,0,2,2
109,-4726.024,6768.760,145.027,123.223,-0.547401,-0.836532,0.023820,0.836104,-0.547896,-0.027209,0.035812,0.005021,0.999346,0,0.65667,-0.58748,39.400,-1.175,-1,400.000,-1,400.000,-1,325.000,325.000,325.000,300.000,-1,-1,-1,-1,800.000,875.000,-1,-1,2,0,2,0,2,0,0,0,0,2,2,2,2,0,0,2,2
110,-4747.505,6803.049,146.299,122.067,-0.530427,-0.847418,0.023010,0.847031,-0.530897,-0.026226,0.034440,0.005580,0.999391,0,0.67436,-0.57831,40.462,-1.157,-1,400.000,-1,400.000,-1,325.000,325.000,325.000,300.000,-1,-1,-1,-1,800.000,875.000,-1,-1,2,0,2,0,2,0,0,0,0,2,2,2,2,0,0,2,2
111,-4768.369,6837.904,147.576,120.904,-0.513148,-0.858012,0.022263,0.857664,-0.513593,-0.025191,0.033048,0.006168,0.999435,0,0.67705,-0.58125,40.623,-1.162,-1,400.000,-1,400.000,-1,325.000,325.000,325.000,300.000,-1,-1,-1,-1,800.000,875.000,-1,-1,2,0,2,0,2,0,0,0,0,2,2,2,2,0,0,2,2
112,-4788.600,6873.321,148.859,119.736,-0.495567,-0.868302,0.021580,0.867994,-0.495990,-0.024108,0.031636,0.006784,0.999476,0,0.67979,-0.58417,40.788,-1.168,-1,400.000,-1,400.000,-1,325.000,325.000,300.000,300.000,-1,-1,-1,-1,800.000,875.000,-1,-1,2,0,2,0,2,0,0,0,0,2,2,2,2,0,0,2,2
113,-4808.181,6909.292,150.147,118.562,-0.477689,-0.878279,0.020963,0.878010,-0.478091,-0.022979,0.030204,0.007429,0.999516,0,0.68260,-0.58707,40.956,-1.174,-1,400.000,-1,400.000,-1,325.000,325.000,300.000,300.000,-1,-1,-1,-1,800.000,875.000,-1,-1,2,0,2,0,2,0,0,0,0,2,2,2,2,0,0,2,2
114,-4827.097,6945.813,151.437,117.382,-0.459520,-0.887933,0.020411,0.887702,-0.459901,-0.021811,0.028754,0.008096,0.999554,0,0.68548,-0.58996,41.129,-1.180,-1,400.000,-1,400.000,-1,325.000,325.000,300.000,300.000,-1,-1,-1,-1,800.000,875.000,-1,-1,2,0,2,0,2,0,0,0,0,2,2,2,2,0,0,2,2
115,-4845.331,6982.875,152.647,116.196,-0.441068,-0.897257,0.019740,0.897051,-0.441428,-0.020999,0.027556,0.008446,0.999585,0,0.68841,-0.59283,41.305,-1.186,-1,400.000,-1,400.000,-1,325.000,325.000,300.000,300.000,-1,-1,-1,-1,800.000,875.000,-1,-1,2,0,2,0,2,0,0,0,0,2,2,2,2,0,0,2,2
116,-4862.866,7020.472,153.866,115.005,-0.422335,-0.906238,0.019137,0.906058,-0.422676,-0.020113,0.026316,0.008844,0.999615,0,0.69141,-0.59568,41.485,-1.191,-1,400.000,-1,400.000,-1,325.000,325.000,300.000,300.000,-1,-1,-1,-1,800.000,875.000,-1,-1,2,0,2,0,2,0,0,0,0,2,2,2,2,0,0,2,2
117,-4879.686,7058.594,155.093,113.808,-0.403328,-0.914866,0.018603,0.914713,-0.403650,-0.019157,0.025035,0.009290,0.999643,0,0.69447,-0.59851,41.668,-1.197,-1,400.000,-1,400.000,-1,325.000,325.000,300.000,300.000,-1,-1,-1,-1,800.000,875.000,-1,-1,2,0,2,0,2,0,0,0,0,2,2,2,2,0,0,2,2
118,-4895.774,7097.234,156.282,112.605,-0.384048,-0.923131,0.018346,0.923005,-0.384357,-0.018191,0.023844,0.009948,0.999666,0,0.69759,-0.60133,41.856,-1.203,-1,400.000,-1,425.000,-1,325.000,325.000,300.000,300.000,-1,-1,-1,-1,800.000,875.000,-1,-1,2,0,2,0,2,0,0,0,0,2,2,2,2,0,0,2,2
119,-4911.114,7136.383,157.356,111.397,-0.364490,-0.931019,0.018709,0.930924,-0.364801,-0.017340,0.022969,0.011097,0.999675,0,0.70078,-0.60413,42.047,-1.208,-1,400.000,-1,425.000,-1,325.000,325.000,300.000,300.000,-1,-1,-1,-1,800.000,900.000,-1,-1,2,0,2,0,2,0,0,0,0,2,2,2,2,0,0,2,2
120,-4925.688,7176.030,158.314,110.183,-0.344677,-0.938520,0.019451,0.938470,-0.344990,-0.015990,0.021717,0.012743,0.999683,0,0.70402,-0.60692,42.241,-1.214,-1,400.000,-1,425.000,-1,325.000,325.000,300.000,300.000,-1,-1,-1,-1,800.000,900.000,-1,-1,2,0,2,0,2,0,0,0,0,2,2,2,2,0,0,2,2
121,-4939.480,7216.166,159.193,108.964,-0.324618,-0.945623,0.020504,0.945629,-0.324931,-0.014319,0.020202,0.014741,0.999687,0,0.70732,-0.60970,42.439,-1.219,-1,400.000,-1,425.000,975.000,325.000,325.000,300.000,300.000,-1,-1,-1,-1,800.000,900.000,-1,-1,2,0,2,0,1,0,0,0,0,2,2,2,2,0,0,2,2
122,-4952.472,7256.779,160.070,107.739,-0.304323,-0.952322,0.021681,0.952386,-0.304632,-0.012654,0.018656,0.016798,0.999685,0,0.71068,-0.61246,42.641,-1.225,-1,400.000,-1,425.000,925.000,325.000,325.000,300.000,300.000,-1,-1,-1,-1,800.000,900.000,-1,-1,2,0,2,0,1,0,0,0,0,2,2,2,2,0,0,2,2
123,-4964.647,7297.858,160.801,106.508,-0.283800,-0.958618,0.022559,0.958723,-0.284104,-0.011610,0.017539,0.018333,0.999678,0,0.71409,-0.61521,42.845,-1.230,-1,400.000,-1,425.000,875.000,325.000,325.000,300.000,300.000,-1,-1,-1,-1,825.000,900.000,-1,-1,2,0,2,0,1,0,0,0,0,2,2,2,2,0,0,2,2
124,-4977.394,7343.766,161.296,105.518,-0.267213,-0.963379,0.022332,0.963504,-0.267490,-0.010430,0.016022,0.018730,0.999696,0,0.79409,-0.49521,47.645,-0.990,-1,400.000,-1,400.000,825.000,325.000,325.000,300.000,300.000,-1,-1,-1,-1,825.000,900.000,-1,-1,2,0,2,0,1,0,0,0,0,2,2,2,2,0,0,2,2
125,-4990.762,7394.479,161.782,104.767,-0.254607,-0.966796,0.021939,0.966939,-0.254849,-0.008961,0.014255,0.018932,0.999719,0,0.87409,-0.37521,52.445,-0.750,-1,400.000,-1,400.000,800.000,325.000,325.000,300.000,300.000,-1,-1,-1,-1,825.000,900.000,-1,-1,2,0,2,0,1,0,0,0,0,2,2,2,2,0,0,2,2
126,-5004.860,7449.961,162.314,104.257,-0.246021,-0.969023,0.021626,0.969185,-0.246225,-0.007313,0.012412,0.019161,0.999739,0,0.95409,-0.25521,57.245,-0.510,-1,400.000,-1,400.000,750.000,325.000,325.000,300.000,300.000,-1,-1,-1,-1,825.000,900.000,-1,-1,2,0,2,0,1,0,0,0,0,2,2,2,2,0,0,2,2
127,-5018.812,7505.977,162.852,103.986,-0.241479,-0.970170,0.021397,0.970348,-0.241647,-0.005622,0.010625,0.019405,0.999755,0,0.96211,-0.13521,57.727,-0.270,-1,400.000,-1,400.000,700.000,325.000,325.000,300.000,300.000,-1,-1,-1,-1,825.000,900.000,-1,-1,2,0,2,0,1,0,0,0,0,2,2,2,2,0,0,2,2
128,-5032.777,7562.173,163.399,103.956,-0.240998,-0.970293,0.021231,0.970485,-0.241131,-0.003905,0.008908,0.019663,0.999767,0,0.96509,-0.01521,57.905,-0.030,-1,400.000,-1,400.000,675.000,325.000,325.000,300.000,300.000,-1,-1,-1,-1,825.000,900.000,-1,-1,2,0,2,0,1,0,0,0,0,2,2,2,2,0,0,2,2
129,-5046.983,7618.454,163.958,104.166,-0.244579,-0.969400,0.021105,0.969602,-0.244677,-0.002170,0.007267,0.019932,0.999775,0,0.96744,0.10479,58.046,0.210,-1,400.000,-1,400.000,650.000,325.000,325.000,300.000,300.000,-1,-1,-1,-1,825.000,900.000,-1,-1,2,0,2,0,1,0,0,0,0,2,2,2,2,0,0,2,2
130,-5061.653,7674.715,164.532,104.615,-0.252210,-0.967445,0.020997,0.967656,-0.252275,-0.000424,0.005708,0.020210,0.999779,0,0.96904,0.22479,58.142,0.450,-1,400.000,-1,425.000,625.000,325.000,325.000,300.000,300.000,-1,-1,-1,-1,825.000,875.000,-1,-1,2,0,2,0,1,0,0,0,0,2,2,2,2,0,0,2,2
131,-5076.778,7730.899,165.126,105.067,-0.259861,-0.965420,0.020880,0.965637,-0.259892,0.001293,0.004178,0.020498,0.999781,0,0.96973,0.22583,58.184,0.452,-1,400.000,-1,425.000,625.000,325.000,325.000,300.000,300.000,-1,-1,-1,-1,825.000,875.000,-1,-1,2,0,2,0,1,0,0,0,0,2,2,2,2,0,0,2,2
132,-5092.589,7788.778,165.759,105.279,-0.263458,-0.964447,0.020772,0.964667,-0.263455,0.002968,0.002610,0.020820,0.999780,0,1.00000,0.10583,60.000,0.212,-1,400.000,-1,425.000,625.000,325.000,325.000,300.000,300.000,-1,-1,-1,-1,825.000,875.000,-1,-1,2,0,2,0,1,0,0,0,0,2,2,2,2,0,0,2,2
133,-5108.480,7846.636,165.947,105.357,-0.264806,-0.964041,0.022430,0.964301,-0.264769,0.004651,0.001455,0.022861,0.999738,0,1.00000,0.03940,60.000,0.079,-1,400.000,-1,425.000,625.000,325.000,325.000,300.000,300.000,-1,-1,-1,-1,825.000,875.000,-1,-1,2,0,2,0,1,0,0,0,0,2,2,2,2,0,0,2,2
134,-5124.404,7904.484,165.959,105.390,-0.265399,-0.963824,0.024642,0.964139,-0.265305,0.007062,-0.000269,0.025633,0.999671,0,1.00000,0.01647,60.000,0.033,-1,400.000,-1,425.000,625.000,325.000,325.000,300.000,300.000,-1,-1,-1,-1,850.000,875.000,-1,-1,2,0,2,0,1,0,0,0,0,2,2,2,2,0,0,2,2
135,-5140.314,7962.336,165.756,105.376,-0.265193,-0.963841,0.026155,0.964194,-0.265053,0.008723,-0.001476,0.027532,0.999620,0,1.00000,-0.00710,60.000,-0.014,-1,400.000,-1,425.000,650.000,325.000,325.000,300.000,300.000,-1,-1,-1,-1,850.000,850.000,-1,-1,2,0,2,0,1,0,0,0,0,2,2,2,2,0,0,2,2
136,-5156.160,8020.206,165.147,105.314,-0.264193,-0.964122,0.025882,0.964464,-0.264001,0.010646,-0.003431,0.027775,0.999608,0,1.00000,-0.03122,60.000,-0.062,-1,400.000,-1,425.000,725.000,325.000,325.000,300.000,300.000,-1,-1,-1,-1,825.000,850.000,-1,-1,2,0,2,0,1,0,0,0,0,2,2,2,2,0,0,2,2
