timestep,x_cm,y_cm,z_cm,yaw_deg,basis_xx,basis_xy,basis_xz,basis_yx,basis_yy,basis_yz,basis_zx,basis_zy,basis_zz,teleport_flag,throttle_cmd,steering_cmd,cmd_move_cm,cmd_turn_deg,lidar_cm_0,lidar_cm_1,lidar_cm_2,lidar_cm_3,lidar_cm_4,lidar_cm_5,lidar_cm_6,lidar_cm_7,lidar_cm_8,lidar_cm_9,lidar_cm_10,lidar_cm_11,lidar_cm_12,lidar_cm_13,lidar_cm_14,lidar_cm_15,lidar_cm_16,lidar_class_0,lidar_class_1,lidar_class_2,lidar_class_3,lidar_class_4,lidar_class_5,lidar_class_6,lidar_class_7,lidar_class_8,lidar_class_9,lidar_class_10,lidar_class_11,lidar_class_12,lidar_class_13,lidar_class_14,lidar_class_15,lidar_class_16
0,6889.545,-3611.864,245.614,-62.059,0.469078,0.882724,0.027636,-0.883005,0.468187,0.033218,0.016383,-0.039984,0.999066,1,0.08000,-0.12000,4.800,-0.240,-1,400.000,-1,375.000,-1,325.000,325.000,325.000,325.000,500.000,425.000,525.000,-1,875.000,750.000,-1,-1,2,0,2,0,2,0,0,0,0,1,1,1,2,0,0,2,2
1,6893.972,-3620.382,245.758,-62.539,0.461682,0.886606,0.027911,-0.886884,0.460770,0.033574,0.016906,-0.040254,0.999046,0,0.16000,-0.24000,9.600,-0.480,-1,400.000,-1,375.000,-1,325.000,325.000,325.000,325.000,525.000,425.000,525.000,-1,875.000,750.000,-1,-1,2,0,2,0,2,0,0,0,0,1,1,1,2,0,0,2,2
2,6900.469,-3633.234,245.983,-63.181,0.451739,0.891700,0.028321,-0.891976,0.450796,0.034101,0.017641,-0.040666,0.999017,0,0.24000,-0.32113,14.400,-0.642,-1,400.000,-1,375.000,-1,325.000,325.000,325.000,325.000,525.000,450.000,525.000,-1,875.000,750.000,-1,-1,2,0,2,0,2,0,0,0,0,1,1,1,2,0,0,2,2
3,6908.938,-3650.465,246.297,-63.826,0.441710,0.896693,0.028860,-0.896967,0.440725,0.034799,0.018485,-0.041257,0.998978,0,0.32000,-0.32228,19.200,-0.645,-1,400.000,-1,375.000,-1,325.000,325.000,325.000,325.000,550.000,450.000,550.000,-1,875.000,750.000,-1,-1,2,0,2,0,2,0,0,0,0,1,1,1,2,0,0,2,2
4,6919.281,-3672.122,246.703,-64.474,0.431584,0.901589,0.029530,-0.901863,0.430548,0.035661,0.019437,-0.042023,0.998928,0,0.40000,-0.32382,24.000,-0.648,-1,400.000,-1,375.000,-1,325.000,325.000,325.000,325.000,575.000,475.000,550.000,-1,875.000,775.000,-1,-1,2,0,2,0,2,0,0,0,0,1,1,1,2,0,0,2,2
5,6931.396,-3698.250,247.206,-65.125,0.421350,0.906390,0.030335,-0.906666,0.420251,0.036679,0.020497,-0.042959,0.998867,0,0.48000,-0.32577,28.800,-0.652,-1,400.000,-1,375.000,-1,325.000,325.000,325.000,325.000,600.000,500.000,575.000,-1,875.000,775.000,-1,-1,2,0,2,0,2,0,0,0,0,1,1,1,2,0,0,2,2
6,6945.179,-3728.893,247.809,-65.781,0.410996,0.911100,0.031278,-0.911380,0.409823,0.037846,0.021662,-0.044061,0.998794,0,0.56000,-0.32812,33.600,-0.656,-1,400.000,-1,400.000,-1,325.000,325.000,325.000,325.000,650.000,525.000,600.000,-1,875.000,775.000,-1,-1,2,0,2,0,2,0,0,0,0,1,1,1,2,0,0,2,2
7,6960.527,-3764.093,248.516,-66.443,0.400509,0.915721,0.032363,-0.916006,0.399250,0.039152,0.022931,-0.045325,0.998709,0,0.64000,-0.33088,38.400,-0.662,-1,425.000,-1,400.000,-1,325.000,325.000,325.000,325.000,675.000,550.000,625.000,-1,900.000,800.000,-1,-1,2,0,2,0,2,0,0,0,0,1,1,1,2,0,0,2,2
8,6976.427,-3801.753,249.287,-67.111,0.389873,0.920258,0.033531,-0.920549,0.388521,0.040508,0.024250,-0.046660,0.998616,0,0.68132,-0.33407,40.879,-0.668,-1,425.000,-1,400.000,-1,325.000,325.000,325.000,325.000,725.000,575.000,650.000,-1,900.000,800.000,-1,-1,2,0,2,0,2,0,0,0,0,1,1,1,2,0,0,2,2
9,6991.934,-3839.723,250.206,-67.786,0.379073,0.924692,0.035320,-0.925025,0.377621,0.041603,0.025132,-0.048443,0.998510,0,0.68356,-0.33749,41.014,-0.675,-1,425.000,-1,400.000,-1,325.000,325.000,325.000,325.000,750.000,550.000,675.000,-1,900.000,825.000,-1,-1,2,0,2,0,2,0,0,0,0,1,0,1,2,0,0,2,2
10,7007.039,-3878.005,251.017,-68.468,0.368080,0.929062,0.036879,-0.929445,0.366566,0.041972,0.025476,-0.049726,0.998438,0,0.68590,-0.34094,41.154,-0.682,-1,425.000,-1,400.000,-1,325.000,325.000,325.000,325.000,800.000,500.000,725.000,-1,900.000,825.000,-1,-1,2,0,2,0,2,0,0,0,0,1,0,1,2,0,0,2,2
11,7021.734,-3916.601,251.768,-69.157,0.356906,0.933357,0.038240,-0.933790,0.355352,0.041959,0.025574,-0.050684,0.998387,0,0.68832,-0.34443,41.299,-0.689,-1,425.000,-1,400.000,-1,325.000,325.000,325.000,325.000,850.000,475.000,750.000,-1,900.000,825.000,-1,-1,2,0,2,0,2,0,0,0,0,1,0,1,2,0,0,2,2
12,7036.011,-3955.515,252.543,-69.853,0.345565,0.937559,0.039599,-0.938043,0.343973,0.041915,0.025677,-0.051630,0.998336,0,0.69083,-0.34796,41.450,-0.696,-1,425.000,-1,400.000,-1,325.000,325.000,325.000,325.000,900.000,475.000,800.000,-1,900.000,850.000,-1,-1,2,0,2,0,2,0,0,0,0,1,0,1,2,0,0,2,2
13,7049.862,-3994.746,253.344,-70.556,0.334057,0.941663,0.040953,-0.942200,0.332427,0.041842,0.025788,-0.052564,0.998285,0,0.69341,-0.35151,41.605,-0.703,-1,425.000,-1,400.000,-1,325.000,325.000,300.000,325.000,950.000,450.000,825.000,-1,900.000,850.000,-1,-1,2,0,2,0,2,0,0,0,0,1,0,1,2,0,0,2,2
14,7063.275,-4034.297,254.296,-71.266,0.322350,0.945690,0.041952,-0.946277,0.320723,0.041193,0.025501,-0.052976,0.998270,0,0.69606,-0.35510,41.764,-0.710,-1,425.000,-1,400.000,-1,325.000,325.000,300.000,325.000,1000.000,525.000,875.000,-1,900.000,850.000,-1,-1,2,0,2,0,2,0,0,0,0,1,0,1,2,0,0,2,2
15,7076.637,-4074.783,255.198,-71.736,0.314555,0.948253,0.043252,-0.948919,0.312939,0.040274,0.024655,-0.053711,0.998252,0,0.71055,-0.23510,42.633,-0.470,-1,425.000,-1,400.000,-1,325.000,325.000,300.000,325.000,-1,700.000,900.000,-1,900.000,875.000,-1,-1,2,0,2,0,2,0,0,0,0,2,0,1,2,0,0,2,2
16,7089.888,-4115.484,256.074,-71.966,0.310710,0.949459,0.044571,-0.950213,0.309113,0.039291,0.023527,-0.054560,0.998233,0,0.71340,-0.11510,42.804,-0.230,-1,425.000,-1,400.000,-1,325.000,325.000,300.000,325.000,-1,900.000,950.000,-1,900.000,875.000,-1,-1,2,0,2,0,2,0,0,0,0,2,1,1,2,0,0,2,2
17,7103.201,-4156.349,256.934,-71.957,0.310831,0.949360,0.045833,-0.950207,0.309260,0.038283,0.022170,-0.055450,0.998215,0,0.71631,0.00490,42.979,0.010,-1,400.000,-1,400.000,-1,325.000,325.000,300.000,325.000,-1,950.000,1000.000,-1,900.000,875.000,-1,-1,2,0,2,0,2,0,0,0,0,2,1,1,2,0,0,2,2
18,7116.747,-4197.323,257.771,-71.707,0.314915,0.947953,0.047057,-0.948897,0.313379,0.037259,0.020573,-0.056386,0.998197,0,0.71927,0.12490,43.156,0.250,-1,400.000,-1,400.000,-1,325.000,325.000,300.000,325.000,-1,1000.000,-1,-1,900.000,875.000,-1,-1,2,0,2,0,2,0,0,0,0,2,1,2,2,0,0,2,2
19,7130.702,-4238.350,258.574,-71.217,0.322946,0.945186,0.048265,-0.946232,0.321454,0.036224,0.018723,-0.057368,0.998178,0,0.72226,0.24490,43.335,0.490,-1,400.000,-1,400.000,-1,325.000,325.000,300.000,325.000,-1,-1,-1,-1,900.000,875.000,-1,-1,2,0,2,0,2,0,0,0,0,2,2,2,2,0,0,2,2
20,7145.238,-4279.367,259.335,-70.487,0.334886,0.940959,0.049477,-0.942112,0.333447,0.035182,0.016607,-0.058395,0.998155,0,0.72528,0.36490,43.517,0.730,-1,400.000,-1,400.000,-1,325.000,325.000,300.000,325.000,-1,-1,-1,-1,875.000,875.000,-1,-1,2,0,2,0,2,0,0,0,0,2,2,2,2,0,0,2,2
21,7160.436,-4320.337,260.055,-69.648,0.348548,0.935916,0.050744,-0.937181,0.347169,0.034140,0.014335,-0.059456,0.998128,0,0.72831,0.41954,43.698,0.839,-1,400.000,-1,400.000,-1,325.000,325.000,300.000,325.000,-1,-1,-1,-1,875.000,875.000,-1,-1,2,0,2,0,2,0,0,0,0,2,2,2,2,0,0,2,2
22,7176.294,-4361.251,260.734,-68.817,0.362006,0.930717,0.052130,-0.932099,0.360690,0.033091,0.011996,-0.060569,0.998092,0,0.73134,0.41575,43.880,0.832,-1,400.000,-1,400.000,-1,325.000,325.000,300.000,325.000,-1,-1,-1,-1,875.000,900.000,-1,-1,2,0,2,0,2,0,0,0,0,2,2,2,2,0,0,2,2
23,7192.806,-4402.102,261.332,-67.993,0.375251,0.925359,0.053834,-0.926875,0.374005,0.031981,0.009460,-0.061898,0.998038,0,0.73437,0.41196,44.062,0.824,-1,400.000,-1,400.000,-1,325.000,325.000,300.000,325.000,-1,-1,-1,-1,875.000,900.000,-1,-1,2,0,2,0,2,0,0,0,0,2,2,2,2,0,0,2,2
24,7209.969,-4442.880,261.894,-67.176,0.388287,0.919858,0.055625,-0.921513,0.387118,0.030888,0.006879,-0.063253,0.997974,0,0.73739,0.40816,44.243,0.816,-1,400.000,-1,425.000,-1,325.000,325.000,300.000,325.000,-1,-1,-1,-1,875.000,900.000,-1,-1,2,0,2,0,2,0,0,0,0,2,2,2,2,0,0,2,2
25,7227.778,-4483.578,262.350,-66.368,0.401124,0.914237,0.057184,-0.916013,0.400033,0.029902,0.004462,-0.064376,0.997916,0,0.74040,0.40435,44.424,0.809,-1,400.000,-1,425.000,-1,325.000,325.000,300.000,325.000,-1,-1,-1,-1,850.000,900.000,-1,-1,2,0,2,0,2,0,0,0,0,2,2,2,2,0,0,2,2
26,7246.205,-4524.131,262.646,-65.564,0.413808,0.908495,0.058305,-0.910361,0.412797,0.028996,0.002275,-0.065078,0.997878,0,0.74241,0.40179,44.545,0.804,-1,400.000,-1,425.000,-1,325.000,325.000,300.000,325.000,-1,-1,-1,-1,850.000,900.000,-1,-1,2,0,2,0,2,0,0,0,0,2,2,2,2,0,0,2,2
27,7265.198,-4564.423,262.423,-64.761,0.426385,0.902678,0.058038,-0.904542,0.425526,0.027047,-0.000282,-0.064030,0.997948,0,0.74241,0.40179,44.545,0.804,-1,400.000,-1,425.000,-1,325.000,325.000,300.000,325.000,-1,-1,-1,-1,850.000,900.000,-1,-1,2,0,2,0,2,0,0,0,0,2,2,2,2,0,0,2,2
28,7284.755,-4604.445,262.155,-63.957,0.438884,0.896681,0.057831,-0.898539,0.438174,0.025115,-0.002820,-0.062986,0.998010,0,0.74241,0.40179,44.545,0.804,-1,400.000,-1,425.000,-1,325.000,325.000,300.000,300.000,-1,-1,-1,-1,850.000,875.000,-1,-1,2,0,2,0,2,0,0,0,0,2,2,2,2,0,0,2,2
29,7304.871,-4644.188,261.841,-63.153,0.451301,0.890506,0.057682,-0.892356,0.450736,0.023202,-0.005338,-0.061944,0.998065,0,0.74241,0.40179,44.545,0.804,-1,400.000,-1,425.000,-1,325.000,325.000,300.000,300.000,-1,-1,-1,-1,850.000,875.000,-1,-1,2,0,2,0,2,0,0,0,0,2,2,2,2,0,0,2,2
30,7325.542,-4683.646,261.454,-62.350,0.463638,0.884148,0.057646,-0.885991,0.463207,0.021437,-0.007748,-0.061013,0.998107,0,0.74241,0.40179,44.545,0.804,-1,400.000,-1,425.000,-1,325.000,325.000,300.000,300.000,-1,-1,-1,-1,825.000,875.000,-1,-1,2,0,2,0,2,0,0,0,0,2,2,2,2,0,0,2,2
31,7346.765,-4722.809,260.960,-61.546,0.475897,0.877600,0.057787,-0.879445,0.475581,0.019997,-0.009933,-0.060337,0.998129,0,0.74241,0.40179,44.545,0.804,-1,400.000,-1,400.000,-1,325.000,325.000,300.000,300.000,-1,-1,-1,-1,825.000,850.000,-1,-1,2,0,2,0,2,0,0,0,0,2,2,2,2,0,0,2,2
32,7368.535,-4761.671,260.420,-60.743,0.488066,0.870880,0.057969,-0.872723,0.487862,0.018583,-0.012097,-0.059661,0.998145,0,0.74241,0.40179,44.545,0.804,-1,400.000,-1,400.000,-1,325.000,325.000,325.000,300.000,-1,-1,-1,-1,825.000,850.000,-1,-1,2,0,2,0,2,0,0,0,0,2,2,2,2,0,0,2,2
33,7390.849,-4800.224,259.697,-59.939,0.500107,0.863958,0.058903,-0.865839,0.500031,0.017091,-0.014687,-0.059547,0.998117,0,0.74241,0.40179,44.545,0.804,-1,400.000,-1,400.000,-1,325.000,325.000,300.000,300.000,-1,-1,-1,-1,800.000,850.000,-1,-1,2,0,2,0,2,0,0,0,0,2,2,2,2,0,0,2,2
34,7413.701,-4838.460,258.903,-59.136,0.512044,0.856861,0.060009,-0.858784,0.512099,0.015631,-0.017337,-0.059539,0.998075,0,0.74241,0.40179,44.545,0.804,-1,400.000,-1,400.000,-1,325.000,325.000,300.000,300.000,-1,-1,-1,-1,800.000,850.000,-1,-1,2,0,2,0,2,0,0,0,0,2,2,2,2,0,0,2,2
35,7437.087,-4876.371,258.071,-58.332,0.523881,0.849596,0.061118,-0.851558,0.524067,0.014232,-0.019939,-0.059501,0.998029,0,0.74241,0.40179,44.545,0.804,-1,400.000,-1,400.000,-1,325.000,325.000,300.000,300.000,-1,-1,-1,-1,775.000,825.000,-1,-1,2,0,2,0,2,0,0,0,0,2,2,2,2,0,0,2,2
36,7461.002,-4913.951,257.199,-57.528,0.535616,0.842166,0.062227,-0.844162,0.535933,0.012893,-0.022491,-0.059435,0.997979,0,0.74241,0.40179,44.545,0.804,-1,400.000,-1,400.000,-1,325.000,325.000,300.000,300.000,-1,-1,-1,-1,775.000,825.000,-1,-1,2,0,2,0,2,0,0,0,0,2,2,2,2,0,0,2,2
37,7485.442,-4951.192,256.290,-56.725,0.547247,0.834572,0.063332,-0.836598,0.547694,0.011616,-0.024992,-0.059340,0.997925,0,0.74241,0.40179,44.545,0.804,-1,400.000,-1,400.000,-1,325.000,325.000,300.000,300.000,-1,-1,-1,-1,750.000,825.000,-1,-1,2,0,2,0,2,0,0,0,0,2,2,2,2,0,0,2,2
38,7510.402,-4988.087,255.310,-55.921,0.558776,0.826808,0.064480,-0.828868,0.559345,0.010556,-0.027339,-0.059344,0.997863,0,0.74241,0.40179,44.545,0.804,-1,400.000,-1,400.000,-1,325.000,325.000,300.000,300.000,-1,-1,-1,-1,750.000,800.000,-1,-1,2,0,2,0,2,0,0,0,0,2,2,2,2,0,0,2,2
39,7535.877,-5024.628,254.270,-55.118,0.570199,0.818879,0.065646,-0.820974,0.570883,0.009661,-0.029565,-0.059402,0.997796,0,0.74241,0.40179,44.545,0.804,-1,400.000,-1,400.000,-1,325.000,325.000,300.000,325.000,-1,-1,-1,-1,750.000,800.000,-1,-1,2,0,2,0,2,0,0,0,0,2,2,2,2,0,0,2,2
40,7561.861,-5060.808,253.000,-54.314,0.581564,0.810825,0.065922,-0.812901,0.582335,0.008827,-0.031231,-0.058721,0.997786,0,0.74241,0.40179,44.545,0.804,-1,400.000,-1,400.000,-1,325.000,325.000,300.000,325.000,-1,-1,-1,-1,725.000,800.000,-1,-1,2,0,2,0,2,0,0,0,0,2,2,2,2,0,0,2,2
41,7588.350,-5096.620,251.551,-53.510,0.592853,0.802636,0.065577,-0.804653,0.593692,0.007962,-0.032542,-0.057487,0.997816,0,0.74241,0.40179,44.545,0.804,-1,400.000,-1,400.000,-1,325.000,325.000,300.000,325.000,-1,-1,-1,-1,725.000,775.000,-1,-1,2,0,2,0,2,0,0,0,0,2,2,2,2,0,0,2,2
42,7615.338,-5132.058,250.078,-52.707,0.604029,0.794286,0.065255,-0.796245,0.604933,0.007136,-0.033807,-0.056269,0.997843,0,0.74241,0.40179,44.545,0.804,-1,400.000,-1,400.000,-1,325.000,325.000,300.000,300.000,-1,-1,-1,-1,725.000,775.000,-1,-1,2,0,2,0,2,0,0,0,0,2,2,2,2,0,0,2,2
43,7642.821,-5167.113,248.582,-51.903,0.615090,0.785777,0.064953,-0.787678,0.616054,0.006349,-0.035026,-0.055067,0.997868,0,0.74241,0.40179,44.545,0.804,-1,400.000,-1,400.000,-1,325.000,325.000,300.000,300.000,-1,-1,-1,-1,700.000,775.000,-1,-1,2,0,2,0,2,0,0,0,0,2,2,2,2,0,0,2,2
44,7673.967,-5205.386,246.839,-50.860,0.629276,0.774493,0.064587,-0.776319,0.630318,0.005302,-0.036604,-0.053476,0.997898,0,0.82241,0.52179,49.345,1.044,-1,375.000,-1,400.000,-1,325.000,325.000,300.000,300.000,-1,-1,-1,-1,700.000,775.000,-1,-1,2,0,2,0,2,0,0,0,0,2,2,2,2,0,0,2,2
45,7706.015,-5243.011,245.052,-49.576,0.646447,0.760248,0.064257,-0.761996,0.647568,0.004323,-0.038324,-0.051758,0.997924,0,0.82374,0.64179,49.424,1.284,-1,375.000,-1,400.000,-1,325.000,325.000,300.000,300.000,-1,-1,-1,-1,700.000,750.000,-1,-1,2,0,2,0,2,0,0,0,0,2,2,2,2,0,0,2,2
46,7739.051,-5279.771,243.216,-48.053,0.666414,0.742831,0.063978,-0.744499,0.667615,0.003429,-0.040165,-0.049917,0.997945,0,0.82374,0.76179,49.424,1.524,-1,375.000,-1,400.000,-1,325.000,325.000,300.000,300.000,-1,-1,-1,-1,675.000,750.000,-1,-1,2,0,2,0,2,0,0,0,0,2,2,2,2,0,0,2,2
47,7773.083,-5315.612,241.331,-46.482,0.686511,0.724319,0.063757,-0.725908,0.687787,0.002624,-0.041951,-0.048082,0.997962,0,0.82374,0.78532,49.424,1.571,-1,375.000,-1,400.000,-1,325.000,325.000,300.000,300.000,-1,-1,-1,-1,675.000,725.000,-1,-1,2,0,2,0,2,0,0,0,0,2,2,2,2,0,0,2,2
48,7808.084,-5350.506,239.454,-44.911,0.706146,0.705262,0.062952,-0.706761,0.707449,0.002208,-0.042978,-0.046052,0.998014,0,0.82374,0.78532,49.424,1.571,-1,375.000,-1,400.000,-1,325.000,325.000,300.000,300.000,-1,-1,-1,-1,675.000,725.000,-1,-1,2,0,2,0,2,0,0,0,0,2,2,2,2,0,0,2,2
49,7844.028,-5384.428,237.459,-43.341,0.725275,0.685660,0.062031,-0.687088,0.726570,0.002379,-0.043438,-0.044346,0.998071,0,0.82374,0.78532,49.424,1.571,-1,375.000,-1,400.000,-1,300.000,325.000,300.000,300.000,-1,-1,-1,-1,675.000,725.000,-1,-1,2,0,2,0,2,0,0,0,0,2,2,2,2,0,0,2,2
50,7880.889,-5417.352,235.435,-41.770,0.743863,0.665537,0.061056,-0.666895,0.745147,0.002544,-0.043802,-0.042611,0.998131,0,0.82374,0.78532,49.424,1.571,-1,375.000,-1,375.000,-1,300.000,325.000,325.000,300.000,-1,-1,-1,-1,675.000,700.000,-1,-1,2,0,2,0,2,0,0,0,0,2,2,2,2,0,0,2,2
51,7918.638,-5449.253,233.383,-40.199,0.761897,0.644911,0.060030,-0.646197,0.763165,0.002698,-0.044073,-0.040846,0.998193,0,0.82374,0.78532,49.424,1.571,-1,375.000,-1,375.000,-1,300.000,300.000,325.000,300.000,-1,-1,-1,-1,675.000,700.000,-1,-1,2,0,2,0,2,0,0,0,0,2,2,2,2,0,0,2,2
52,7957.248,-5480.108,231.292,-38.629,0.779364,0.623796,0.058905,-0.625009,0.780613,0.002821,-0.044222,-0.039015,0.998260,0,0.82374,0.78532,49.424,1.571,-1,375.000,-1,375.000,-1,300.000,300.000,325.000,300.000,-1,-1,-1,-1,675.000,700.000,-1,-1,2,0,2,0,2,0,0,0,0,2,2,2,2,0,0,2,2
53,7996.689,-5509.893,229.152,-37.058,0.796254,0.602210,0.057635,-0.603344,0.797476,0.002891,-0.044222,-0.037076,0.998334,0,0.82374,0.78532,49.424,1.571,-1,375.000,-1,375.000,-1,300.000,300.000,325.000,300.000,-1,-1,-1,-1,675.000,675.000,-1,-1,2,0,2,0,2,0,0,0,0,2,2,2,2,0,0,2,2
54,8036.931,-5538.585,226.993,-35.487,0.812546,0.580166,0.056359,-0.581222,0.813740,0.002932,-0.044160,-0.035139,0.998406,0,0.82374,0.78532,49.424,1.571,-1,375.000,-1,375.000,-1,300.000,300.000,325.000,300.000,-1,-1,-1,-1,675.000,675.000,-1,-1,2,0,2,0,2,0,0,0,0,2,2,2,2,0,0,2,2
55,8077.945,-5566.164,224.870,-33.917,0.828237,0.557677,0.054955,-0.558668,0.829385,0.003275,-0.043753,-0.033414,0.998483,0,0.82374,0.78532,49.424,1.571,-1,375.000,-1,375.000,-1,300.000,300.000,325.000,300.000,-1,-1,-1,-1,675.000,675.000,-1,-1,2,0,2,0,2,0,0,0,0,2,2,2,2,0,0,2,2
56,8119.699,-5592.608,222.969,-32.346,0.843329,0.534749,0.053280,-0.535720,0.844382,0.004801,-0.042421,-0.032592,0.998568,0,0.82374,0.78532,49.424,1.571,-1,375.000,-1,375.000,-1,300.000,300.000,325.000,300.000,-1,-1,-1,-1,675.000,675.000,-1,-1,2,0,2,0,2,0,0,0,0,2,2,2,2,0,0,2,2
57,8162.163,-5617.897,221.065,-30.776,0.857785,0.511417,0.051548,-0.512368,0.858743,0.006321,-0.041034,-0.031834,0.998651,0,0.82374,0.78532,49.424,1.571,-1,375.000,-1,375.000,-1,300.000,300.000,325.000,325.000,-1,800.000,825.000,-1,700.000,675.000,-1,-1,2,0,2,0,2,0,0,0,0,2,0,0,2,0,0,2,2
58,8205.303,-5642.013,219.157,-29.205,0.871593,0.487698,0.049762,-0.488628,0.872457,0.007829,-0.039597,-0.031139,0.998730,0,0.82374,0.78532,49.424,1.571,-1,375.000,-1,375.000,-1,300.000,300.000,325.000,325.000,-1,650.000,675.000,-1,700.000,675.000,-1,-1,2,0,2,0,2,0,0,0,0,2,0,0,2,0,0,2,2
59,8249.089,-5664.937,217.243,-27.634,0.884742,0.463610,0.047927,-0.464519,0.885514,0.009319,-0.038120,-0.030508,0.998807,0,0.82374,0.78532,49.424,1.571,-1,375.000,-1,375.000,-1,300.000,300.000,325.000,325.000,-1,550.000,575.000,-1,700.000,675.000,-1,-1,2,0,2,0,2,0,0,0,0,2,0,0,2,0,0,2,2
60,8293.487,-5686.653,215.316,-26.064,0.897221,0.439172,0.046072,-0.440060,0.897903,0.010796,-0.036627,-0.029960,0.998880,0,0.82374,0.78532,49.424,1.571,-1,375.000,-1,375.000,-1,300.000,300.000,325.000,325.000,-1,500.000,500.000,-1,725.000,700.000,-1,-1,2,0,2,0,2,0,0,0,0,2,0,0,2,0,0,2,2
61,8338.463,-5707.143,213.382,-24.493,0.909022,0.414402,0.044167,-0.415268,0.909617,0.012239,-0.035103,-0.029467,0.998949,0,0.82374,0.78532,49.424,1.571,-1,375.000,-1,375.000,-1,300.000,300.000,325.000,325.000,-1,450.000,475.000,-1,725.000,700.000,-1,-1,2,0,2,0,2,0,0,0,0,2,0,0,2,0,0,2,2
62,8383.983,-5726.393,211.439,-22.922,0.920135,0.389319,0.042218,-0.390161,0.920645,0.013642,-0.033556,-0.029024,0.999015,0,0.82374,0.78532,49.424,1.571,-1,375.000,-1,375.000,-1,325.000,300.000,300.000,325.000,-1,425.000,425.000,-1,750.000,700.000,-1,-1,2,0,2,0,2,0,0,0,0,2,0,0,2,0,0,2,2
63,8430.015,-5744.389,209.623,-21.352,0.930541,0.363948,0.040437,-0.364749,0.930996,0.014321,-0.032435,-0.028076,0.999079,0,0.82374,0.78532,49.424,1.571,-1,400.000,-1,375.000,-1,325.000,300.000,325.000,325.000,-1,400.000,425.000,-1,750.000,700.000,-1,-1,2,0,2,0,2,0,0,0,0,2,0,0,2,0,0,2,2
64,8476.522,-5761.115,207.806,-19.781,0.940238,0.338303,0.038786,-0.339063,0.940646,0.014862,-0.031456,-0.027125,0.999137,0,0.82374,0.78532,49.424,1.571,-1,400.000,-1,375.000,-1,325.000,325.000,325.000,325.000,-1,400.000,425.000,-1,775.000,700.000,-1,-1,2,0,2,0,2,0,0,0,0,2,0,0,2,0,0,2,2
65,8523.471,-5776.561,205.961,-18.210,0.949219,0.312400,0.037263,-0.313125,0.949587,0.015387,-0.030578,-0.026273,0.999187,0,0.82374,0.78532,49.424,1.571,-1,400.000,-1,375.000,-1,325.000,325.000,325.000,325.000,-1,400.000,425.000,-1,800.000,725.000,-1,-1,2,0,2,0,2,0,0,0,0,2,0,0,2,0,0,2,2
66,8570.825,-5790.714,204.107,-16.640,0.957484,0.286261,0.035773,-0.286952,0.957814,0.015835,-0.029731,-0.025427,0.999234,0,0.82374,0.78532,49.424,1.571,-1,400.000,-1,375.000,-1,325.000,325.000,325.000,300.000,-1,400.000,425.000,-1,825.000,725.000,-1,-1,2,0,2,0,2,0,0,0,0,2,0,0,2,0,0,2,2
67,8618.549,-5803.563,202.530,-15.069,0.964982,0.259899,0.035533,-0.260609,0.965295,0.016968,-0.029890,-0.025634,0.999224,0,0.82374,0.78532,49.424,1.571,-1,400.000,-1,375.000,-1,325.000,325.000,325.000,300.000,-1,425.000,475.000,-1,850.000,725.000,-1,-1,2,0,2,0,2,0,0,0,0,2,0,0,2,0,0,2,2
68,8666.608,-5815.100,200.913,-13.499,0.971743,0.233343,0.035597,-0.234074,0.972054,0.017910,-0.030423,-0.025736,0.999206,0,0.82374,0.78532,49.424,1.571,-1,400.000,-1,375.000,-1,325.000,325.000,300.000,300.000,-1,475.000,525.000,-1,850.000,725.000,-1,-1,2,0,2,0,2,0,0,0,0,2,0,0,2,0,0,2,2
69,8714.965,-5825.315,199.288,-11.928,0.977771,0.206611,0.035711,-0.207366,0.978081,0.018878,-0.031028,-0.025864,0.999184,0,0.82374,0.78532,49.424,1.571,-1,400.000,-1,375.000,-1,325.000,325.000,300.000,300.000,-1,525.000,575.000,-1,875.000,750.000,-1,-1,2,0,2,0,2,0,0,0,0,2,0,0,2,0,0,2,2
70,8763.583,-5834.200,197.653,-10.357,0.983063,0.179724,0.035873,-0.180506,0.983373,0.019872,-0.031705,-0.026011,0.999159,0,0.82374,0.78532,49.424,1.571,-1,400.000,-1,375.000,-1,325.000,325.000,300.000,300.000,-1,575.000,625.000,-1,900.000,775.000,-1,-1,2,0,2,0,2,0,0,0,0,2,0,0,2,0,0,2,2
71,8812.427,-5841.750,196.004,-8.787,0.987613,0.152702,0.036081,-0.153514,0.987926,0.020895,-0.032454,-0.026175,0.999130,0,0.82374,0.78532,49.424,1.571,-1,400.000,-1,375.000,-1,325.000,325.000,300.000,300.000,-1,625.000,700.000,-1,900.000,800.000,-1,-1,2,0,2,0,2,0,0,0,0,2,0,0,2,0,0,2,2
72,8862.279,-5848.274,194.319,-7.456,0.990885,0.129718,0.036327,-0.130565,0.991196,0.021968,-0.033157,-0.026511,0.999098,0,0.83795,0.66532,50.277,1.331,-1,400.000,-1,375.000,-1,325.000,325.000,300.000,300.000,-1,675.000,775.000,-1,925.000,825.000,-1,-1,2,0,2,0,2,0,0,0,0,2,0,0,2,0,0,2,2
73,8912.246,-5853.848,192.629,-6.365,0.993166,0.110827,0.036600,-0.111711,0.993473,0.023069,-0.033805,-0.027000,0.999064,0,0.83795,0.54532,50.277,1.091,-1,400.000,-1,375.000,-1,325.000,325.000,300.000,300.000,-1,750.000,850.000,-1,925.000,850.000,-1,-1,2,0,2,0,2,0,0,0,0,2,0,0,2,0,0,2,2
74,8962.290,-5858.679,190.935,-5.515,0.994691,0.096064,0.036893,-0.096990,0.994991,0.024189,-0.034384,-0.027639,0.999026,0,0.83795,0.42532,50.277,0.851,-1,425.000,-1,400.000,-1,325.000,325.000,300.000,300.000,-1,825.000,925.000,-1,950.000,850.000,-1,-1,2,0,2,0,2,0,0,0,0,2,0,0,2,0,0,2,2
75,9012.383,-5862.977,189.241,-4.904,0.995648,0.085453,0.037198,-0.086424,0.995937,0.025324,-0.034883,-0.028429,0.998987,0,0.83795,0.30532,50.277,0.611,-1,425.000,-1,400.000,-1,325.000,325.000,300.000,300.000,-1,875.000,-1,-1,950.000,875.000,-1,-1,2,0,2,0,2,0,0,0,0,2,0,2,2,0,0,2,2
76,9062.502,-5866.950,187.551,-4.533,0.996168,0.079006,0.037510,-0.080024,0.996441,0.026467,-0.035286,-0.029368,0.998946,0,0.83795,0.18532,50.277,0.371,-1,425.000,-1,400.000,-1,325.000,325.000,300.000,300.000,-1,950.000,-1,-1,975.000,900.000,-1,-1,2,0,2,0,2,0,0,0,0,2,0,2,2,0,0,2,2
77,9112.631,-5870.809,185.869,-4.403,0.996334,0.076731,0.037820,-0.077799,0.996586,0.027617,-0.035572,-0.030458,0.998903,0,0.83795,0.06532,50.277,0.131,-1,425.000,-1,425.000,-1,350.000,350.000,300.000,300.000,-1,-1,-1,-1,1000.000,925.000,-1,-1,2,0,2,0,2,0,0,0,0,2,2,2,2,0,0,2,2
78,9162.752,-5874.764,184.191,-4.512,0.996176,0.078630,0.038097,-0.079750,0.996399,0.028807,-0.035694,-0.031735,0.998859,0,0.83795,-0.05468,50.277,-0.109,-1,450.000,-1,425.000,-1,350.000,350.000,300.000,300.000,-1,-1,-1,-1,-1,950.000,-1,-1,2,0,2,0,2,0,0,0,0,2,2,2,2,2,0,2,2
79,9212.848,-5879.023,182.012,-4.861,0.995614,0.084696,0.039750,-0.085964,0.995805,0.031338,-0.036929,-0.034617,0.998718,0,0.83795,-0.17468,50.277,-0.349,-1,450.000,-1,425.000,-1,350.000,350.000,300.000,300.000,-1,-1,-1,-1,-1,975.000,-1,-1,2,0,2,0,2,0,0,0,0,2,2,2,2,2,0,2,2
80,9262.899,-5883.792,179.271,-5.443,0.994579,0.094803,0.042712,-0.096195,0.994855,0.031786,-0.039478,-0.035723,0.998582,0,0.83795,-0.29100,50.277,-0.582,-1,425.000,-1,425.000,-1,350.000,350.000,300.000,300.000,-1,-1,-1,-1,1000.000,950.000,-1,-1,2,0,2,0,2,0,0,0,0,2,2,2,2,0,0,2,2
81,9312.898,-5889.069,176.552,-6.025,0.993434,0.104900,0.045672,-0.106418,0.993801,0.032173,-0.042014,-0.036822,0.998438,0,0.83795,-0.29100,50.277,-0.582,-1,425.000,-1,425.000,-1,350.000,350.000,300.000,300.000,-1,-1,-1,-1,975.000,950.000,-1,-1,2,0,2,0,2,0,0,0,0,2,2,2,2,0,0,2,2
82,9362.842,-5894.853,173.855,-6.607,0.992176,0.114984,0.048632,-0.116631,0.992643,0.032497,-0.044537,-0.037915,0.998288,0,0.83795,-0.29100,50.277,-0.582,-1,425.000,-1,425.000,-1,350.000,350.000,300.000,300.000,-1,-1,-1,-1,975.000,950.000,-1,-1,2,0,2,0,2,0,0,0,0,2,2,2,2,0,0,2,2
83,9412.724,-5901.144,171.181,-7.189,0.990807,0.125056,0.051593,-0.126835,0.991383,0.032758,-0.047051,-0.039001,0.998131,0,0.83795,-0.29100,50.277,-0.582,-1,425.000,-1,425.000,-1,350.000,325.000,300.000,300.000,-1,-1,-1,-1,950.000,925.000,-1,-1,2,0,2,0,2,0,0,0,0,2,2,2,2,0,0,2,2
84,9462.540,-5907.942,168.532,-7.772,0.989327,0.135114,0.054556,-0.137026,0.990019,0.032955,-0.049559,-0.040079,0.997967,0,0.83795,-0.29100,50.277,-0.582,-1,425.000,-1,400.000,-1,325.000,325.000,300.000,300.000,-1,-1,-1,-1,950.000,925.000,-1,-1,2,0,2,0,2,0,0,0,0,2,2,2,2,0,0,2,2
85,9512.284,-5915.246,165.908,-8.354,0.987735,0.145157,0.057522,-0.147204,0.988553,0.033088,-0.052061,-0.041150,0.997796,0,0.83795,-0.29100,50.277,-0.582,-1,425.000,-1,400.000,-1,325.000,325.000,300.000,300.000,-1,-1,-1,-1,925.000,925.000,-1,-1,2,0,2,0,2,0,0,0,0,2,2,2,2,0,0,2,2
86,9561.951,-5923.054,163.311,-8.936,0.986032,0.155184,0.060493,-0.157368,0.986983,0.033156,-0.054560,-0.042213,0.997618,0,0.83795,-0.29100,50.277,-0.582,-1,425.000,-1,400.000,-1,325.000,325.000,300.000,300.000,-1,-1,-1,-1,925.000,900.000,-1,-1,2,0,2,0,2,0,0,0,0,2,2,2,2,0,0,2,2
87,9611.536,-5931.366,160.742,-9.518,0.984217,0.165194,0.063469,-0.167516,0.985312,0.033158,-0.057060,-0.043266,0.997433,0,0.83795,-0.29100,50.277,-0.582,-1,425.000,-1,400.000,-1,325.000,325.000,300.000,300.000,-1,-1,-1,-1,925.000,900.000,-1,-1,2,0,2,0,2,0,0,0,0,2,2,2,2,0,0,2,2
88,9661.035,-5940.182,158.181,-10.100,0.982287,0.175187,0.066497,-0.177645,0.983541,0.033008,-0.059620,-0.044237,0.997240,0,0.83795,-0.29100,50.277,-0.582,-1,425.000,-1,400.000,-1,325.000,325.000,300.000,300.000,-1,-1,-1,-1,900.000,900.000,-1,-1,2,0,2,0,2,0,0,0,0,2,2,2,2,0,0,2,2
89,9710.441,-5949.500,155.638,-10.682,0.980243,0.185161,0.069559,-0.187753,0.981671,0.032736,-0.062223,-0.045150,0.997041,0,0.83795,-0.29100,50.277,-0.582,-1,425.000,-1,400.000,-1,325.000,325.000,300.000,300.000,-1,-1,-1,-1,900.000,875.000,-1,-1,2,0,2,0,2,0,0,0,0,2,2,2,2,0,0,2,2
90,9759.751,-5959.319,153.126,-11.264,0.978088,0.195114,0.072624,-0.197841,0.979699,0.032397,-0.064829,-0.046055,0.996833,0,0.83795,-0.29100,50.277,-0.582,-1,425.000,-1,400.000,-1,325.000,325.000,300.000,300.000,-1,-1,-1,-1,875.000,875.000,-1,-1,2,0,2,0,2,0,0,0,0,2,2,2,2,0,0,2,2
91,9808.958,-5969.638,150.234,-11.846,0.975860,0.205031,0.075232,-0.207991,0.977547,0.033796,-0.066614,-0.048628,0.996593,0,0.83795,-0.29100,50.277,-0.582,-1,425.000,-1,425.000,-1,325.000,325.000,300.000,300.000,-1,-1,-1,-1,875.000,875.000,-1,-1,2,0,2,0,2,0,0,0,0,2,2,2,2,0,0,2,2
92,9858.900,-5980.860,147.023,-12.668,0.972570,0.218989,0.078434,-0.222302,0.974304,0.036246,-0.068481,-0.052688,0.996260,0,0.85311,-0.41100,51.186,-0.822,-1,425.000,-1,425.000,-1,325.000,325.000,300.000,300.000,-1,-1,-1,-1,850.000,875.000,-1,-1,2,0,2,0,2,0,0,0,0,2,2,2,2,0,0,2,2
93,9908.653,-5992.889,143.498,-13.596,0.968733,0.234704,0.080441,-0.238249,0.970476,0.037605,-0.069240,-0.055594,0.996050,0,0.85311,-0.46404,51.186,-0.928,-1,425.000,-1,425.000,-1,325.000,325.000,300.000,325.000,-1,-1,-1,-1,850.000,875.000,-1,-1,2,0,2,0,2,0,0,0,0,2,2,2,2,0,0,2,2
94,9958.204,-6005.725,139.481,-14.524,0.964642,0.250379,0.082312,-0.254012,0.966496,0.036935,-0.070306,-0.056537,0.995922,0,0.85311,-0.46404,51.186,-0.928,-1,425.000,-1,425.000,-1,325.000,325.000,300.000,325.000,-1,-1,-1,-1,825.000,850.000,-1,-1,2,0,2,0,2,0,0,0,0,2,2,2,2,0,0,2,2
95,10007.542,-6019.362,135.509,-15.452,0.960295,0.265986,0.084175,-0.269707,0.962260,0.036236,-0.071360,-0.057499,0.995792,0,0.85311,-0.46404,51.186,-0.928,-1,400.000,-1,400.000,-1,325.000,325.000,300.000,300.000,-1,-1,-1,-1,825.000,850.000,-1,-1,2,0,2,0,2,0,0,0,0,2,2,2,2,0,0,2,2
96,10056.651,-6033.796,131.583,-16.380,0.955691,0.281521,0.086030,-0.285331,0.957771,0.035509,-0.072401,-0.058482,0.995660,0,0.85311,-0.46404,51.186,-0.928,-1,400.000,-1,400.000,-1,325.000,325.000,300.000,300.000,-1,-1,-1,-1,825.000,825.000,-1,-1,2,0,2,0,2,0,0,0,0,2,2,2,2,0,0,2,2
97,10105.521,-6049.024,127.703,-17.308,0.950831,0.296980,0.087879,-0.300879,0.953029,0.034756,-0.073429,-0.059488,0.995525,0,0.85311,-0.46404,51.186,-0.928,-1,400.000,-1,400.000,-1,325.000,325.000,300.000,300.000,-1,-1,-1,-1,800.000,825.000,-1,-1,2,0,2,0,2,0,0,0,0,2,2,2,2,0,0,2,2
98,10154.138,-6065.041,123.871,-18.236,0.945718,0.312358,0.089722,-0.316347,0.948035,0.033979,-0.074446,-0.060518,0.995387,0,0.85311,-0.46404,51.186,-0.928,-1,400.000,-1,400.000,-1,325.000,325.000,300.000,300.000,-1,-1,-1,-1,800.000,800.000,-1,-1,2,0,2,0,2,0,0,0,0,2,2,2,2,0,0,2,2
99,10202.489,-6081.843,120.088,-19.164,0.940352,0.327652,0.091560,-0.331732,0.942790,0.033179,-0.075450,-0.061573,0.995247,0,0.85311,-0.46404,51.186,-0.928,-1,400.000,-1,400.000,-1,325.000,325.000,300.000,300.000,-1,-1,-1,-1,775.000,800.000,-1,-1,2,0,2,0,2,0,0,0,0,2,2,2,2,0,0,2,2
100,10250.561,-6099.427,116.353,-20.092,0.934734,0.342856,0.093393,-0.347029,0.937296,0.032357,-0.076443,-0.062655,0.995103,0,0.85311,-0.46404,51.186,-0.928,-1,400.000,-1,400.000,-1,325.000,325.000,300.000,300.000,-1,-1,-1,-1,775.000,775.000,-1,-1,2,0,2,0,2,0,0,0,0,2,2,2,2,0,0,2,2
101,10298.342,-6117.786,112.668,-21.020,0.928866,0.357968,0.095220,-0.362234,0.931554,0.031512,-0.077422,-0.063762,0.994957,0,0.85311,-0.46404,51.186,-0.928,-1,400.000,-1,400.000,-1,325.000,325.000,300.000,300.000,-1,-1,-1,-1,775.000,775.000,-1,-1,2,0,2,0,2,0,0,0,0,2,2,2,2,0,0,2,2
102,10345.820,-6136.918,108.999,-21.948,0.922763,0.372985,0.096901,-0.377331,0.925574,0.030567,-0.078288,-0.064770,0.994825,0,0.85311,-0.46404,51.186,-0.928,-1,400.000,-1,400.000,-1,325.000,325.000,300.000,300.000,-1,-1,-1,-1,750.000,750.000,-1,-1,2,0,2,0,2,0,0,0,0,2,2,2,2,0,0,2,2
103,10392.982,-6156.815,105.193,-22.876,0.916450,0.387882,0.098315,-0.392366,0.919302,0.030542,-0.078535,-0.066565,0.994687,0,0.85311,-0.46404,51.186,-0.928,-1,400.000,-1,400.000,-1,325.000,325.000,300.000,300.000,-1,-1,-1,-1,750.000,750.000,-1,-1,2,0,2,0,2,0,0,0,0,2,2,2,2,0,0,2,2
104,10439.815,-6177.473,101.402,-23.804,0.909934,0.402668,0.099391,-0.407294,0.912776,0.030842,-0.078303,-0.068545,0.994570,0,0.85311,-0.46404,51.186,-0.928,-1,400.000,-1,400.000,-1,325.000,325.000,300.000,300.000,-1,-1,-1,-1,750.000,750.000,-1,-1,2,0,2,0,2,0,0,0,0,2,2,2,2,0,0,2,2
105,10486.307,-6198.887,97.717,-24.733,0.903202,0.417347,0.100236,-0.422094,0.906021,0.031037,-0.077863,-0.070342,0.994479,0,0.85311,-0.46404,51.186,-0.928,-1,400.000,-1,400.000,-1,325.000,325.000,300.000,300.000,-1,-1,-1,-1,750.000,750.000,-1,-1,2,0,2,0,2,0,0,0,0,2,2,2,2,0,0,2,2
106,10532.447,-6221.052,94.082,-25.661,0.896230,0.431910,0.101121,-0.436784,0.899022,0.031276,-0.077402,-0.072199,0.994382,0,0.85311,-0.46404,51.186,-0.928,-1,400.000,-1,400.000,-1,325.000,325.000,300.000,300.000,-1,-1,-1,-1,725.000,750.000,-1,-1,2,0,2,0,2,0,0,0,0,2,2,2,2,0,0,2,2
107,10578.221,-6243.961,90.385,-26.589,0.889066,0.446365,0.101582,-0.451324,0.891810,0.031342,-0.076602,-0.073712,0.994333,0,0.85311,-0.46404,51.186,-0.928,-1,375.000,-1,400.000,-1,325.000,325.000,300.000,300.000,-1,-1,-1,-1,725.000,750.000,-1,-1,2,0,2,0,2,0,0,0,0,2,2,2,2,0,0,2,2
108,10623.618,-6267.609,86.531,-27.517,0.881754,0.460724,0.101207,-0.465678,0.884409,0.031079,-0.075189,-0.074534,0.994380,0,0.85311,-0.46404,51.186,-0.928,-1,375.000,-1,400.000,-1,325.000,325.000,300.000,300.000,-1,-1,-1,-1,725.000,750.000,-1,-1,2,0,2,0,2,0,0,0,0,2,2,2,2,0,0,2,2
109,10668.625,-6291.990,82.752,-28.445,0.874212,0.474953,0.100858,-0.479918,0.876765,0.031006,-0.073702,-0.075509,0.994418,0,0.85311,-0.46404,51.186,-0.928,-1,375.000,-1,400.000,-1,325.000,325.000,300.000,300.000,-1,-1,-1,-1,725.000,750.000,-1,-1,2,0,2,0,2,0,0,0,0,2,2,2,2,0,0,2,2
110,10713.232,-6317.096,79.074,-29.373,0.866452,0.489052,0.100450,-0.494034,0.868885,0.031129,-0.072055,-0.076598,0.994455,0,0.85311,-0.46404,51.186,-0.928,-1,375.000,-1,400.000,-1,325.000,325.000,300.000,300.000,-1,-1,-1,-1,700.000,750.000,-1,-1,2,0,2,0,2,0,0,0,0,2,2,2,2,0,0,2,2
111,10757.427,-6342.921,75.493,-30.301,0.858482,0.503024,0.099879,-0.508008,0.860786,0.031233,-0.070263,-0.077552,0.994509,0,0.85311,-0.46404,51.186,-0.928,-1,400.000,-1,400.000,-1,325.000,325.000,300.000,300.000,-1,-1,-1,-1,700.000,750.000,-1,-1,2,0,2,0,2,0,0,0,0,2,2,2,2,0,0,2,2
112,10801.197,-6369.459,71.971,-31.229,0.850287,0.516861,0.099331,-0.521849,0.852460,0.031395,-0.068449,-0.078531,0.994559,0,0.85311,-0.46404,51.186,-0.928,-1,400.000,-1,400.000,-1,325.000,325.000,300.000,300.000,-1,-1,-1,-1,700.000,750.000,-1,-1,2,0,2,0,2,0,0,0,0,2,2,2,2,0,0,2,2
113,10844.532,-6396.702,68.508,-32.157,0.841870,0.530558,0.098810,-0.535554,0.843909,0.031617,-0.066612,-0.079535,0.994604,0,0.85311,-0.46404,51.186,-0.928,-1,400.000,-1,400.000,-1,325.000,325.000,300.000,300.000,-1,-1,-1,-1,700.000,750.000,-1,-1,2,0,2,0,2,0,0,0,0,2,2,2,2,0,0,2,2
114,10887.420,-6424.644,65.105,-33.085,0.833232,0.544112,0.098318,-0.549119,0.835135,0.031898,-0.064753,-0.080567,0.994644,0,0.85311,-0.46404,51.186,-0.928,-1,375.000,-1,400.000,-1,325.000,325.000,300.000,300.000,-1,-1,-1,-1,700.000,750.000,-1,-1,2,0,2,0,2,0,0,0,0,2,2,2,2,0,0,2,2
115,10929.849,-6453.277,61.762,-34.013,0.824376,0.557520,0.097859,-0.562540,0.826141,0.032239,-0.062871,-0.081627,0.994678,0,0.85311,-0.46404,51.186,-0.928,-1,375.000,-1,400.000,-1,325.000,325.000,300.000,300.000,-1,-1,-1,-1,700.000,750.000,-1,-1,2,0,2,0,2,0,0,0,0,2,2,2,2,0,0,2,2
116,10971.810,-6482.593,58.578,-34.941,0.815287,0.570795,0.097469,-0.575805,0.816955,0.032144,-0.061280,-0.082330,0.994719,0,0.85311,-0.46404,51.186,-0.928,-1,375.000,-1,400.000,-1,325.000,325.000,300.000,300.000,-1,-1,-1,-1,700.000,750.000,-1,-1,2,0,2,0,2,0,0,0,0,2,2,2,2,0,0,2,2
117,11009.513,-6509.615,55.753,-35.630,0.808416,0.580541,0.097135,-0.585539,0.810010,0.032068,-0.060063,-0.082801,0.994754,0,0.77311,-0.34404,46.386,-0.688,-1,375.000,-1,400.000,-1,325.000,325.000,300.000,300.000,-1,-1,-1,-1,700.000,750.000,-1,-1,2,0,2,0,2,0,0,0,0,2,2,2,2,0,0,2,2
118,11043.124,-6534.105,53.253,-36.078,0.803888,0.586842,0.096847,-0.591830,0.805423,0.032103,-0.059163,-0.083124,0.994781,0,0.69311,-0.22404,41.586,-0.448,-1,375.000,-1,400.000,-1,325.000,325.000,300.000,300.000,-1,-1,-1,-1,700.000,750.000,-1,-1,2,0,2,0,2,0,0,0,0,2,2,2,2,0,0,2,2
119,11076.607,-6558.688,50.867,-36.286,0.801831,0.589777,0.096071,-0.594704,0.803305,0.032064,-0.058263,-0.082844,0.994858,0,0.69230,-0.10404,41.538,-0.208,-1,375.000,-1,400.000,-1,325.000,325.000,300.000,300.000,-1,-1,-1,-1,700.000,750.000,-1,-1,2,0,2,0,2,0,0,0,0,2,2,2,2,0,0,2,2
120,11110.103,-6583.253,48.547,-36.254,0.802264,0.589366,0.094972,-0.594196,0.803684,0.031991,-0.057473,-0.082097,0.994966,0,0.69230,0.01596,41.538,0.032,-1,375.000,-1,400.000,-1,325.000,325.000,300.000,300.000,-1,-1,-1,-1,725.000,750.000,-1,-1,2,0,2,0,2,0,0,0,0,2,2,2,2,0,0,2,2
121,11143.715,-6607.658,46.206,-35.982,0.805149,0.585590,0.093917,-0.590325,0.806533,0.031966,-0.057028,-0.081179,0.995067,0,0.69230,0.13596,41.538,0.272,-1,375.000,-1,400.000,-1,325.000,325.000,300.000,300.000,-1,-1,-1,-1,725.000,750.000,-1,-1,2,0,2,0,2,0,0,0,0,2,2,2,2,0,0,2,2
122,11177.543,-6631.763,43.832,-35.470,0.810438,0.578412,0.092899,-0.583053,0.811805,0.031973,-0.056922,-0.080078,0.995162,0,0.69230,0.25596,41.538,0.512,-1,375.000,-1,400.000,-1,325.000,325.000,300.000,300.000,-1,-1,-1,-1,725.000,750.000,-1,-1,2,0,2,0,2,0,0,0,0,2,2,2,2,0,0,2,2
123,11211.602,-6655.541,41.459,-34.919,0.816042,0.570635,0.091930,-0.575177,0.817410,0.031822,-0.056986,-0.078845,0.995257,0,0.69230,0.27547,41.538,0.551,-1,375.000,-1,400.000,-1,325.000,325.000,300.000,300.000,-1,-1,-1,-1,725.000,750.000,-1,-1,2,0,2,0,2,0,0,0,0,2,2,2,2,0,0,2,2
124,11245.888,-6678.990,39.093,-34.368,0.821555,0.562799,0.091123,-0.567256,0.822932,0.031673,-0.057163,-0.077712,0.995336,0,0.69230,0.27547,41.538,0.551,-1,375.000,-1,400.000,-1,325.000,325.000,300.000,300.000,-1,-1,-1,-1,725.000,750.000,-1,-1,2,0,2,0,2,0,0,0,0,2,2,2,2,0,0,2,2
125,11280.398,-6702.109,36.711,-33.817,0.826985,0.554905,0.090419,-0.559287,0.828373,0.031559,-0.057389,-0.076669,0.995404,0,0.69230,0.27547,41.538,0.551,-1,375.000,-1,400.000,-1,325.000,325.000,300.000,300.000,-1,-1,-1,-1,725.000,750.000,-1,-1,2,0,2,0,2,0,0,0,0,2,2,2,2,0,0,2,2
126,11315.128,-6724.894,34.295,-33.266,0.832338,0.546957,0.089732,-0.551267,0.833736,0.031454,-0.057609,-0.075647,0.995469,0,0.69230,0.27547,41.538,0.551,-1,375.000,-1,400.000,-1,325.000,325.000,300.000,300.000,-1,-1,-1,-1,725.000,775.000,-1,-1,2,0,2,0,2,0,0,0,0,2,2,2,2,0,0,2,2
127,11350.076,-6747.345,31.874,-32.715,0.837617,0.538951,0.089046,-0.543198,0.839013,0.031499,-0.057734,-0.074754,0.995529,0,0.69230,0.27547,41.538,0.551,-1,375.000,-1,400.000,-1,325.000,325.000,300.000,300.000,-1,-1,1000.000,-1,725.000,775.000,-1,-1,2,0,2,0,2,0,0,0,0,2,2,0,2,0,0,2,2
128,11385.239,-6769.458,29.476,-32.164,0.842827,0.530885,0.088341,-0.535085,0.844199,0.031818,-0.057686,-0.074087,0.995582,0,0.69230,0.27547,41.538,0.551,-1,400.000,-1,400.000,-1,325.000,325.000,300.000,300.000,-1,-1,950.000,-1,725.000,775.000,-1,-1,2,0,2,0,2,0,0,0,0,2,2,0,2,0,0,2,2
129,11420.612,-6791.232,27.033,-31.613,0.847956,0.522770,0.087650,-0.526921,0.849308,0.032092,-0.057665,-0.073397,0.995634,0,0.69230,0.27547,41.538,0.551,-1,400.000,-1,400.000,-1,325.000,325.000,300.000,300.000,-1,1000.000,900.000,-1,700.000,775.000,-1,-1,2,0,2,0,2,0,0,0,0,2,0,0,2,0,0,2,2
130,11456.193,-6812.665,24.545,-31.062,0.853004,0.514606,0.086972,-0.518708,0.854341,0.032322,-0.057671,-0.072683,0.995686,0,0.69230,0.27547,41.538,0.551,-1,400.000,-1,400.000,-1,325.000,325.000,300.000,300.000,-1,950.000,875.000,-1,700.000,775.000,-1,-1,2,0,2,0,2,0,0,0,0,2,0,0,2,0,0,2,2
131,11491.979,-6833.754,22.014,-30.511,0.857972,0.506394,0.086309,-0.510446,0.859295,0.032508,-0.057703,-0.071946,0.995738,0,0.69230,0.27547,41.538,0.551,-1,400.000,-1,400.000,-1,325.000,325.000,300.000,300.000,-1,925.000,850.000,-1,700.000,775.000,-1,-1,2,0,2,0,2,0,0,0,0,2,0,0,2,0,0,2,2
132,11527.966,-6854.499,19.450,-29.960,0.862854,0.498134,0.085707,-0.502139,0.864170,0.032670,-0.057791,-0.071226,0.995785,0,0.69230,0.27547,41.538,0.551,-1,400.000,-1,400.000,-1,325.000,325.000,300.000,300.000,-1,900.000,850.000,-1,700.000,775.000,-1,-1,2,0,2,0,2,0,0,0,0,2,0,0,2,0,0,2,2
133,11564.150,-6874.897,16.850,-29.410,0.867652,0.489826,0.085149,-0.493787,0.868964,0.032804,-0.057924,-0.070508,0.995828,0,0.69230,0.27547,41.538,0.551,-1,375.000,-1,400.000,-1,325.000,325.000,300.000,300.000,-1,900.000,825.000,-1,700.000,775.000,-1,-1,2,0,2,0,2,0,0,0,0,2,0,0,2,0,0,2,2
134,11600.529,-6894.946,14.213,-28.859,0.872366,0.481473,0.084626,-0.485389,0.873679,0.032907,-0.058092,-0.069783,0.995869,0,0.69230,0.27547,41.538,0.551,-1,375.000,-1,400.000,-1,325.000,325.000,300.000,300.000,-1,875.000,825.000,-1,700.000,775.000,-1,-1,2,0,2,0,2,0,0,0,0,2,0,0,2,0,0,2,2
135,11637.099,-6914.644,11.562,-28.308,0.876992,0.473077,0.084158,-0.476945,0.878319,0.032858,-0.058373,-0.068955,0.995911,0,0.69230,0.27547,41.538,0.551,-1,375.000,-1,400.000,-1,325.000,325.000,300.000,300.000,-1,875.000,825.000,-1,700.000,775.000,-1,-1,2,0,2,0,2,0,0,0,0,2,0,0,2,0,0,2,2
136,11673.857,-6933.990,9.021,-27.757,0.881511,0.464655,0.083870,-0.468442,0.882913,0.032037,-0.059164,-0.067530,0.995962,0,0.69230,0.27547,41.538,0.551,-1,375.000,-1,400.000,-1,325.000,325.000,300.000,300.000,-1,925.000,875.000,-1,700.000,775.000,-1,-1,2,0,2,0,2,0,0,0,0,2,0,0,2,0,0,2,2
137,11710.799,-6952.981,6.440,-27.206,0.885946,0.456187,0.083627,-0.459895,0.887425,0.031214,-0.059973,-0.066114,0.996008,0,0.69230,0.27547,41.538,0.551,-1,375.000,-1,400.000,-1,325.000,325.000,300.000,300.000,-1,975.000,900.000,-1,700.000,775.000,-1,-1,2,0,2,0,2,0,0,0,0,2,0,0,2,0,0,2,2
138,11747.922,-6971.618,3.958,-26.655,0.890349,0.447690,0.082778,-0.451260,0.891885,0.030090,-0.060357,-0.064145,0.996114,0,0.69230,0.27547,41.538,0.551,-1,375.000,-1,400.000,-1,325.000,325.000,300.000,300.000,-1,1000.000,925.000,-1,700.000,775.000,-1,-1,2,0,2,0,2,0,0,0,0,2,0,0,2,0,0,2,2
