timestep,x_cm,y_cm,z_cm,yaw_deg,basis_xx,basis_xy,basis_xz,basis_yx,basis_yy,basis_yz,basis_zx,basis_zy,basis_zz,teleport_flag,throttle_cmd,steering_cmd,cmd_move_cm,cmd_turn_deg,lidar_cm_0,lidar_cm_1,lidar_cm_2,lidar_cm_3,lidar_cm_4,lidar_cm_5,lidar_cm_6,lidar_cm_7,lidar_cm_8,lidar_cm_9,lidar_cm_10,lidar_cm_11,lidar_cm_12,lidar_cm_13,lidar_cm_14,lidar_cm_15,lidar_cm_16,lidar_class_0,lidar_class_1,lidar_class_2,lidar_class_3,lidar_class_4,lidar_class_5,lidar_class_6,lidar_class_7,lidar_class_8,lidar_class_9,lidar_class_10,lidar_class_11,lidar_class_12,lidar_class_13,lidar_class_14,lidar_class_15,lidar_class_16
0,2952.292,-7547.983,180.700,-82.951,0.123014,0.991750,0.036056,-0.992372,0.122631,0.012658,0.008132,-0.037338,0.999270,1,0.08000,0.12000,4.800,0.240,-1,400.000,-1,400.000,-1,325.000,325.000,300.000,300.000,-1,-1,-1,-1,800.000,775.000,-1,-1,2,0,2,0,2,0,0,0,0,2,2,2,2,0,0,2,2
1,2953.550,-7557.500,180.774,-82.471,0.131307,0.990686,0.036055,-0.991312,0.130935,0.012517,0.007679,-0.037385,0.999271,0,0.16000,0.24000,9.600,0.480,-1,400.000,-1,400.000,-1,325.000,325.000,300.000,300.000,-1,-1,-1,-1,800.000,775.000,-1,-1,2,0,2,0,2,0,0,0,0,2,2,2,2,0,0,2,2
2,2955.616,-7571.751,180.878,-81.751,0.143730,0.988960,0.036051,-0.989592,0.143373,0.012304,0.007000,-0.037444,0.999274,0,0.24000,0.36000,14.400,0.720,-1,400.000,-1,400.000,-1,325.000,325.000,300.000,300.000,-1,-1,-1,-1,775.000,775.000,-1,-1,2,0,2,0,2,0,0,0,0,2,2,2,2,0,0,2,2
3,2958.689,-7590.704,181.004,-80.791,0.160257,0.986417,0.036040,-0.987056,0.159922,0.012018,0.006091,-0.037500,0.999278,0,0.32000,0.48000,19.200,0.960,-1,400.000,-1,400.000,-1,325.000,325.000,300.000,300.000,-1,-1,-1,-1,775.000,775.000,-1,-1,2,0,2,0,2,0,0,0,0,2,2,2,2,0,0,2,2
4,2963.025,-7614.308,181.141,-79.591,0.180853,0.982850,0.036021,-0.983498,0.180545,0.011654,0.004951,-0.037534,0.999283,0,0.40000,0.60000,24.000,1.200,-1,400.000,-1,400.000,-1,325.000,325.000,300.000,300.000,-1,-1,-1,-1,775.000,775.000,-1,-1,2,0,2,0,2,0,0,0,0,2,2,2,2,0,0,2,2
5,2968.938,-7642.495,181.277,-78.151,0.205462,0.978003,0.035989,-0.978659,0.205187,0.011210,0.003579,-0.037524,0.999289,0,0.48000,0.72000,28.800,1.440,-1,400.000,-1,400.000,-1,325.000,325.000,300.000,300.000,-1,-1,-1,-1,775.000,775.000,-1,-1,2,0,2,0,2,0,0,0,0,2,2,2,2,0,0,2,2
6,2976.717,-7675.181,181.399,-76.614,0.231589,0.972150,0.035937,-0.972812,0.231352,0.010680,0.002069,-0.037433,0.999297,0,0.56000,0.76865,33.600,1.537,-1,400.000,-1,400.000,-1,325.000,325.000,300.000,300.000,-1,-1,-1,-1,775.000,775.000,-1,-1,2,0,2,0,2,0,0,0,0,2,2,2,2,0,0,2,2
7,2986.609,-7712.285,181.498,-75.073,0.257605,0.965585,0.035860,-0.966250,0.257409,0.010060,0.000483,-0.037241,0.999306,0,0.64000,0.77036,38.400,1.541,-1,400.000,-1,400.000,-1,325.000,325.000,300.000,300.000,-1,-1,-1,-1,775.000,775.000,-1,-1,2,0,2,0,2,0,0,0,0,2,2,2,2,0,0,2,2
8,2998.858,-7753.712,181.563,-73.528,0.283508,0.958303,0.035759,-0.958969,0.283356,0.009345,-0.001177,-0.036941,0.999317,0,0.72000,0.77262,43.200,1.545,-1,400.000,-1,400.000,-1,325.000,325.000,300.000,300.000,-1,-1,-1,-1,775.000,775.000,-1,-1,2,0,2,0,2,0,0,0,0,2,2,2,2,0,0,2,2
9,3012.587,-7795.907,181.521,-71.977,0.309308,0.950303,0.035390,-0.950958,0.309198,0.008691,-0.002683,-0.036343,0.999336,0,0.73953,0.77551,44.372,1.551,-1,400.000,-1,400.000,-1,325.000,325.000,300.000,300.000,-1,-1,-1,-1,775.000,775.000,-1,-1,2,0,2,0,2,0,0,0,0,2,2,2,2,0,0,2,2
10,3027.375,-7837.483,181.347,-70.419,0.334999,0.941580,0.034692,-0.942210,0.334927,0.008041,-0.004048,-0.035381,0.999366,0,0.73547,0.77884,44.128,1.558,-1,400.000,-1,400.000,-1,325.000,325.000,300.000,300.000,-1,-1,-1,-1,775.000,775.000,-1,-1,2,0,2,0,2,0,0,0,0,2,2,2,2,0,0,2,2
11,3043.220,-7878.449,181.112,-68.854,0.360563,0.932116,0.033968,-0.932719,0.360531,0.007286,-0.005455,-0.034310,0.999396,0,0.73207,0.78249,43.924,1.565,-1,400.000,-1,400.000,-1,325.000,325.000,300.000,300.000,-1,-1,-1,-1,775.000,775.000,-1,-1,2,0,2,0,2,0,0,0,0,2,2,2,2,0,0,2,2
12,3061.094,-7921.143,180.853,-67.282,0.385974,0.921909,0.033302,-0.922485,0.385977,0.006596,-0.006773,-0.033266,0.999424,0,0.77141,0.78591,46.285,1.572,-1,400.000,-1,400.000,-1,325.000,325.000,300.000,300.000,-1,-1,-1,-1,750.000,775.000,-1,-1,2,0,2,0,2,0,0,0,0,2,2,2,2,0,0,2,2
13,3079.998,-7963.025,180.597,-65.708,0.411150,0.910973,0.032925,-0.911535,0.411172,0.006398,-0.007709,-0.032643,0.999437,0,0.76584,0.78730,45.951,1.575,-1,400.000,-1,400.000,-1,325.000,325.000,300.000,300.000,-1,-1,-1,-1,750.000,775.000,-1,-1,2,0,2,0,2,0,0,0,0,2,2,2,2,0,0,2,2
14,3099.911,-8004.089,180.243,-64.130,0.436076,0.899318,0.032621,-0.899869,0.436113,0.006349,-0.008516,-0.032124,0.999448,0,0.76064,0.78911,45.638,1.578,-1,400.000,-1,400.000,-1,325.000,325.000,300.000,300.000,-1,-1,-1,-1,750.000,775.000,-1,-1,2,0,2,0,2,0,0,0,0,2,2,2,2,0,0,2,2
15,3120.819,-8044.334,179.820,-62.547,0.460739,0.886945,0.032370,-0.887486,0.460793,0.006225,-0.009394,-0.031596,0.999457,0,0.75587,0.79132,45.352,1.583,-1,400.000,-1,400.000,-1,325.000,325.000,300.000,300.000,-1,-1,-1,-1,750.000,800.000,-1,-1,2,0,2,0,2,0,0,0,0,2,2,2,2,0,0,2,2
16,3142.710,-8083.759,179.305,-60.959,0.485124,0.873849,0.032285,-0.874383,0.485199,0.006012,-0.010411,-0.031146,0.999461,0,0.75159,0.79391,45.095,1.588,-1,400.000,-1,400.000,-1,325.000,325.000,300.000,300.000,-1,-1,-1,-1,750.000,800.000,-1,-1,2,0,2,0,2,0,0,0,0,2,2,2,2,0,0,2,2
17,3165.574,-8122.367,178.737,-59.365,0.509226,0.860031,0.032185,-0.860556,0.509323,0.005749,-0.011448,-0.030625,0.999465,0,0.74784,0.79685,44.870,1.594,-1,400.000,-1,400.000,-1,325.000,325.000,300.000,300.000,-1,-1,-1,-1,750.000,800.000,-1,-1,2,0,2,0,2,0,0,0,0,2,2,2,2,0,0,2,2
18,3189.406,-8160.160,178.114,-57.765,0.533033,0.845487,0.032076,-0.846002,0.533151,0.005436,-0.012505,-0.030034,0.999471,0,0.74467,0.80015,44.680,1.600,-1,400.000,-1,400.000,-1,325.000,325.000,300.000,300.000,-1,-1,-1,-1,725.000,800.000,-1,-1,2,0,2,0,2,0,0,0,0,2,2,2,2,0,0,2,2
19,3214.202,-8197.142,177.506,-56.158,0.556539,0.830220,0.031601,-0.830714,0.556676,0.005102,-0.013356,-0.029091,0.999488,0,0.74209,0.80377,44.525,1.608,-1,400.000,-1,400.000,-1,325.000,325.000,300.000,300.000,-1,-1,-1,-1,725.000,800.000,-1,-1,2,0,2,0,2,0,0,0,0,2,2,2,2,0,0,2,2
20,3239.962,-8233.313,176.946,-54.542,0.579735,0.814231,0.030591,-0.814687,0.579882,0.004725,-0.013892,-0.027661,0.999521,0,0.74011,0.80769,44.407,1.615,-1,400.000,-1,400.000,-1,325.000,325.000,300.000,300.000,-1,-1,-1,-1,725.000,800.000,-1,-1,2,0,2,0,2,0,0,0,0,2,2,2,2,0,0,2,2
21,3266.687,-8268.675,176.337,-52.918,0.602589,0.797504,0.029550,-0.797921,0.602747,0.004245,-0.014426,-0.026137,0.999554,0,0.73875,0.81192,44.325,1.624,-1,400.000,-1,400.000,-1,325.000,325.000,300.000,300.000,-1,-1,-1,-1,725.000,800.000,-1,-1,2,0,2,0,2,0,0,0,0,2,2,2,2,0,0,2,2
22,3294.381,-8303.226,175.676,-51.285,0.625085,0.780038,0.028463,-0.780414,0.625253,0.003660,-0.014942,-0.024501,0.999588,0,0.73800,0.81642,44.280,1.633,-1,400.000,-1,400.000,-1,325.000,325.000,300.000,300.000,-1,-1,-1,950.000,725.000,800.000,-1,-1,2,0,2,0,2,0,0,0,0,2,2,2,1,0,0,2,2
23,3323.048,-8336.962,174.942,-49.643,0.647204,0.761830,0.027242,-0.762162,0.647380,0.002961,-0.015380,-0.022680,0.999624,0,0.73785,0.82118,44.271,1.642,-1,375.000,-1,400.000,-1,325.000,325.000,300.000,300.000,-1,-1,-1,875.000,725.000,800.000,-1,-1,2,0,2,0,2,0,0,0,0,2,2,2,1,0,0,2,2
24,3352.694,-8369.876,174.179,-47.991,0.668921,0.742875,0.026104,-0.743164,0.669105,0.002150,-0.015869,-0.020838,0.999657,0,0.73829,0.82620,44.297,1.652,-1,375.000,-1,400.000,-1,325.000,325.000,300.000,300.000,-1,-1,-1,900.000,725.000,800.000,-1,-1,2,0,2,0,2,0,0,0,0,2,2,2,1,0,0,2,2
25,3383.324,-8401.960,173.475,-46.328,0.690203,0.723168,0.025461,-0.723424,0.690403,0.001268,-0.016662,-0.019294,0.999675,0,0.73929,0.83145,44.357,1.663,-1,375.000,-1,400.000,-1,325.000,325.000,300.000,300.000,-1,-1,-1,950.000,725.000,800.000,-1,-1,2,0,2,0,2,0,0,0,0,2,2,2,1,0,0,2,2
26,3414.944,-8433.201,172.718,-44.654,0.711040,0.702714,0.024799,-0.702936,0.711253,0.000295,-0.017431,-0.017642,0.999692,0,0.74084,0.83693,44.450,1.674,-1,375.000,-1,400.000,-1,325.000,325.000,300.000,300.000,-1,-1,-1,1000.000,725.000,800.000,-1,-1,2,0,2,0,2,0,0,0,0,2,2,2,1,0,0,2,2
27,3447.560,-8463.584,171.902,-42.969,0.731408,0.681514,0.024119,-0.681698,0.731634,-0.000799,-0.018191,-0.015858,0.999709,0,0.74291,0.84262,44.575,1.685,-1,375.000,-1,400.000,-1,325.000,325.000,300.000,300.000,-1,-1,-1,-1,725.000,775.000,-1,-1,2,0,2,0,2,0,0,0,0,2,2,2,2,0,0,2,2
28,3481.177,-8493.088,171.020,-41.272,0.751281,0.659567,0.023427,-0.659710,0.751517,-0.002050,-0.018958,-0.013915,0.999723,0,0.74548,0.84852,44.729,1.697,-1,375.000,-1,400.000,-1,325.000,325.000,300.000,300.000,-1,-1,-1,-1,725.000,775.000,-1,-1,2,0,2,0,2,0,0,0,0,2,2,2,2,0,0,2,2
29,3515.800,-8521.693,170.103,-39.562,0.770633,0.636874,0.022736,-0.636977,0.770876,-0.003311,-0.019636,-0.011931,0.999736,0,0.74852,0.85461,44.911,1.709,-1,375.000,-1,400.000,-1,325.000,325.000,300.000,300.000,-1,-1,-1,-1,725.000,775.000,-1,-1,2,0,2,0,2,0,0,0,0,2,2,2,2,0,0,2,2
30,3553.404,-8551.172,169.407,-38.093,0.786731,0.616905,0.021974,-0.616997,0.786959,-0.003114,-0.019214,-0.011108,0.999754,0,0.79635,0.73461,47.781,1.469,-1,375.000,-1,400.000,-1,325.000,325.000,300.000,300.000,-1,-1,-1,-1,725.000,775.000,-1,-1,2,0,2,0,2,0,0,0,0,2,2,2,2,0,0,2,2
31,3591.833,-8579.988,168.653,-36.864,0.799806,0.599887,0.021125,-0.599967,0.800019,-0.002989,-0.018694,-0.010284,0.999772,0,0.80055,0.61461,48.033,1.229,-1,375.000,-1,400.000,-1,325.000,325.000,300.000,300.000,-1,-1,-1,-1,725.000,775.000,-1,-1,2,0,2,0,2,0,0,0,0,2,2,2,2,0,0,2,2
32,3630.979,-8608.298,167.841,-35.875,0.810066,0.585990,0.020204,-0.586060,0.810263,-0.002901,-0.018070,-0.009490,0.999792,0,0.80517,0.49461,48.310,0.989,-1,375.000,-1,400.000,-1,325.000,325.000,300.000,300.000,-1,-1,1000.000,-1,725.000,800.000,-1,-1,2,0,2,0,2,0,0,0,0,2,2,0,2,0,0,2,2
33,3670.734,-8636.265,166.925,-35.126,0.817683,0.575348,0.019206,-0.575411,0.817860,-0.002597,-0.017202,-0.008928,0.999812,0,0.81011,0.37461,48.606,0.749,-1,375.000,-1,400.000,-1,325.000,325.000,300.000,300.000,-1,-1,950.000,-1,725.000,800.000,-1,-1,2,0,2,0,2,0,0,0,0,2,2,0,2,0,0,2,2
34,3710.992,-8664.055,165.958,-34.616,0.822787,0.568059,0.018157,-0.568117,0.822945,-0.002320,-0.016260,-0.008406,0.999832,0,0.81531,0.25461,48.919,0.509,-1,375.000,-1,400.000,-1,325.000,325.000,300.000,300.000,-1,-1,900.000,-1,725.000,800.000,-1,-1,2,0,2,0,2,0,0,0,0,2,2,0,2,0,0,2,2
35,3751.649,-8691.838,165.130,-34.347,0.825466,0.564191,0.017142,-0.564229,0.825613,-0.003031,-0.015863,-0.007170,0.999848,0,0.82072,0.13461,49.243,0.269,-1,375.000,-1,400.000,-1,325.000,325.000,300.000,300.000,-1,-1,900.000,-1,750.000,800.000,-1,-1,2,0,2,0,2,0,0,0,0,2,2,0,2,0,0,2,2
36,3792.778,-8719.913,164.303,-34.318,0.825771,0.563775,0.016122,-0.563791,0.825908,-0.004018,-0.015581,-0.005771,0.999862,0,0.82996,0.01461,49.798,0.029,-1,375.000,-1,400.000,-1,325.000,325.000,300.000,300.000,-1,-1,925.000,-1,750.000,800.000,-1,-1,2,0,2,0,2,0,0,0,0,2,2,0,2,0,0,2,2
37,3833.796,-8748.135,163.449,-34.529,0.823708,0.566814,0.015093,-0.566808,0.823834,-0.005054,-0.015299,-0.004392,0.999873,0,0.82982,-0.10539,49.789,-0.211,-1,400.000,-1,400.000,-1,325.000,325.000,300.000,300.000,-1,-1,950.000,-1,750.000,800.000,-1,-1,2,0,2,0,2,0,0,0,0,2,2,0,2,0,0,2,2
38,3874.585,-8776.674,162.578,-34.980,0.819239,0.573281,0.014009,-0.573256,0.819353,-0.006133,-0.014994,-0.003006,0.999883,0,0.82968,-0.22539,49.781,-0.451,-1,400.000,-1,400.000,-1,325.000,325.000,300.000,300.000,-1,-1,1000.000,-1,750.000,800.000,-1,-1,2,0,2,0,2,0,0,0,0,2,2,0,2,0,0,2,2
39,3915.020,-8805.698,161.687,-35.670,0.812284,0.583119,0.012886,-0.583077,0.812385,-0.007230,-0.014684,-0.001641,0.999891,0,0.82956,-0.34539,49.774,-0.691,-1,400.000,-1,400.000,-1,325.000,325.000,300.000,300.000,-1,-1,-1,-1,750.000,800.000,-1,-1,2,0,2,0,2,0,0,0,0,2,2,2,2,0,0,2,2
40,3951.349,-8832.210,160.863,-36.121,0.807686,0.589494,0.011846,-0.589436,0.807773,-0.008207,-0.014407,-0.000354,0.999896,0,0.74956,-0.22539,44.974,-0.451,-1,400.000,-1,400.000,-1,325.000,325.000,300.000,300.000,-1,-1,-1,-1,775.000,800.000,-1,-1,2,0,2,0,2,0,0,0,0,2,2,2,2,0,0,2,2
41,3983.713,-8856.011,160.104,-36.332,0.805526,0.592461,0.010875,-0.592392,0.805599,-0.009086,-0.014144,0.000877,0.999900,0,0.66956,-0.10539,40.174,-0.211,-1,400.000,-1,400.000,-1,325.000,325.000,300.000,300.000,-1,-1,-1,-1,775.000,800.000,-1,-1,2,0,2,0,2,0,0,0,0,2,2,2,2,0,0,2,2
42,4015.857,-8879.809,159.358,-36.514,0.803653,0.595014,0.010029,-0.594934,0.803713,-0.009933,-0.013970,0.002016,0.999900,0,0.66658,-0.09093,39.995,-0.182,-1,400.000,-1,400.000,-1,325.000,325.000,300.000,300.000,-1,-1,-1,-1,775.000,800.000,-1,-1,2,0,2,0,2,0,0,0,0,2,2,2,2,0,0,2,2
43,4047.933,-8903.716,158.750,-36.698,0.801730,0.597598,0.010288,-0.597510,0.801793,-0.010494,-0.014520,0.002266,0.999892,0,0.66674,-0.09223,40.005,-0.184,-1,400.000,-1,400.000,-1,325.000,325.000,300.000,300.000,-1,-1,-1,-1,775.000,800.000,-1,-1,2,0,2,0,2,0,0,0,0,2,2,2,2,0,0,2,2
44,4079.941,-8927.735,158.124,-36.885,0.799769,0.600216,0.010533,-0.600119,0.799834,-0.011072,-0.015071,0.002534,0.999883,0,0.66698,-0.09366,40.019,-0.187,-1,400.000,-1,400.000,-1,325.000,325.000,300.000,300.000,-1,-1,-1,-1,775.000,800.000,-1,-1,2,0,2,0,2,0,0,0,0,2,2,2,2,0,0,2,2
45,4111.875,-8951.864,157.479,-37.074,0.797788,0.602842,0.010764,-0.602735,0.797856,-0.011667,-0.015621,0.002820,0.999874,0,0.66708,-0.09419,40.025,-0.188,-1,400.000,-1,400.000,-1,325.000,325.000,300.000,300.000,-1,-1,-1,-1,800.000,800.000,-1,-1,2,0,2,0,2,0,0,0,0,2,2,2,2,0,0,2,2
46,4143.729,-8976.098,156.816,-37.262,0.795799,0.605461,0.010980,-0.605345,0.795869,-0.012277,-0.016171,0.003123,0.999864,0,0.66708,-0.09419,40.025,-0.188,-1,400.000,-1,400.000,-1,325.000,325.000,300.000,300.000,-1,-1,-1,-1,800.000,800.000,-1,-1,2,0,2,0,2,0,0,0,0,2,2,2,2,0,0,2,2
47,4175.504,-9000.436,156.168,-37.451,0.793802,0.608074,0.011177,-0.607950,0.793873,-0.012746,-0.016624,0.003323,0.999856,0,0.66708,-0.09419,40.025,-0.188,-1,400.000,-1,400.000,-1,325.000,325.000,300.000,300.000,-1,-1,-1,-1,800.000,800.000,-1,-1,2,0,2,0,2,0,0,0,0,2,2,2,2,0,0,2,2
48,4207.199,-9024.878,155.520,-37.639,0.791796,0.610681,0.011359,-0.610549,0.791869,-0.013148,-0.017024,0.003475,0.999849,0,0.66708,-0.09419,40.025,-0.188,-1,400.000,-1,400.000,-1,325.000,325.000,300.000,300.000,-1,-1,-1,-1,800.000,800.000,-1,-1,2,0,2,0,2,0,0,0,0,2,2,2,2,0,0,2,2
49,4238.813,-9049.425,154.856,-37.827,0.789781,0.613280,0.011526,-0.613142,0.789857,-0.013550,-0.017414,0.003634,0.999842,0,0.66708,-0.09419,40.025,-0.188,-1,400.000,-1,400.000,-1,325.000,325.000,300.000,300.000,-1,-1,-1,-1,800.000,800.000,-1,-1,2,0,2,0,2,0,0,0,0,2,2,2,2,0,0,2,2
50,4270.346,-9074.075,154.176,-38.016,0.787758,0.615874,0.011680,-0.615727,0.787836,-0.013953,-0.017795,0.003800,0.999834,0,0.66708,-0.09419,40.025,-0.188,-1,400.000,-1,400.000,-1,325.000,325.000,300.000,300.000,-1,-1,-1,-1,800.000,800.000,-1,-1,2,0,2,0,2,0,0,0,0,2,2,2,2,0,0,2,2
51,4301.797,-9098.829,153.482,-38.204,0.785727,0.618460,0.011819,-0.618306,0.785806,-0.014357,-0.018167,0.003973,0.999827,0,0.66708,-0.09419,40.025,-0.188,-1,400.000,-1,400.000,-1,325.000,325.000,300.000,300.000,-1,-1,-1,-1,800.000,800.000,-1,-1,2,0,2,0,2,0,0,0,0,2,2,2,2,0,0,2,2
52,4333.168,-9123.686,152.770,-38.393,0.783688,0.621040,0.011944,-0.620878,0.783768,-0.014773,-0.018535,0.004162,0.999820,0,0.66708,-0.09419,40.025,-0.188,-1,400.000,-1,400.000,-1,325.000,325.000,300.000,300.000,-1,-1,-1,-1,800.000,800.000,-1,-1,2,0,2,0,2,0,0,0,0,2,2,2,2,0,0,2,2
53,4364.456,-9148.646,152.038,-38.581,0.781640,0.623613,0.012054,-0.623442,0.781721,-0.015262,-0.018940,0.004415,0.999811,0,0.66708,-0.09419,40.025,-0.188,-1,400.000,-1,400.000,-1,325.000,325.000,300.000,300.000,-1,-1,-1,-1,800.000,800.000,-1,-1,2,0,2,0,2,0,0,0,0,2,2,2,2,0,0,2,2
54,4395.662,-9173.709,151.290,-38.769,0.779585,0.626179,0.012149,-0.625997,0.779665,-0.015802,-0.019367,0.004713,0.999801,0,0.66708,-0.09419,40.025,-0.188,-1,400.000,-1,400.000,-1,325.000,325.000,300.000,300.000,-1,-1,-1,-1,800.000,800.000,-1,-1,2,0,2,0,2,0,0,0,0,2,2,2,2,0,0,2,2
55,4426.786,-9198.874,150.524,-38.958,0.777521,0.628738,0.012229,-0.628545,0.777601,-0.016374,-0.019804,0.005045,0.999791,0,0.66708,-0.09419,40.025,-0.188,-1,400.000,-1,400.000,-1,325.000,325.000,300.000,300.000,-1,-1,-1,-1,800.000,800.000,-1,-1,2,0,2,0,2,0,0,0,0,2,2,2,2,0,0,2,2
56,4457.827,-9224.142,149.739,-39.146,0.775450,0.631290,0.012293,-0.631085,0.775528,-0.016979,-0.020252,0.005409,0.999780,0,0.66708,-0.09419,40.025,-0.188,-1,400.000,-1,400.000,-1,325.000,325.000,300.000,300.000,-1,-1,-1,-1,800.000,800.000,-1,-1,2,0,2,0,2,0,0,0,0,2,2,2,2,0,0,2,2
57,4488.784,-9249.511,148.935,-39.334,0.773370,0.633835,0.012340,-0.633616,0.773447,-0.017616,-0.020710,0.005805,0.999769,0,0.66708,-0.09419,40.025,-0.188,-1,400.000,-1,400.000,-1,325.000,325.000,300.000,300.000,-1,-1,-1,-1,800.000,800.000,-1,-1,2,0,2,0,2,0,0,0,0,2,2,2,2,0,0,2,2
58,4519.658,-9274.982,148.033,-39.523,0.771276,0.636374,0.012707,-0.636143,0.771358,-0.018140,-0.021346,0.005907,0.999755,0,0.66708,-0.09419,40.025,-0.188,-1,400.000,-1,400.000,-1,325.000,325.000,300.000,300.000,-1,-1,-1,-1,800.000,800.000,-1,-1,2,0,2,0,2,0,0,0,0,2,2,2,2,0,0,2,2
59,4554.260,-9303.477,146.944,-39.471,0.771841,0.635679,0.013215,-0.635435,0.771931,-0.018551,-0.021994,0.005921,0.999741,0,0.74708,0.02581,44.825,0.052,-1,400.000,-1,400.000,-1,325.000,325.000,300.000,300.000,-1,-1,-1,-1,800.000,800.000,-1,-1,2,0,2,0,2,0,0,0,0,2,2,2,2,0,0,2,2
60,4592.657,-9334.914,145.716,-39.309,0.773632,0.633487,0.013720,-0.633229,0.773730,-0.019053,-0.022685,0.006052,0.999724,0,0.82708,0.08123,49.625,0.162,-1,400.000,-1,400.000,-1,325.000,325.000,300.000,300.000,-1,-1,-1,-1,775.000,800.000,-1,-1,2,0,2,0,2,0,0,0,0,2,2,2,2,0,0,2,2
61,4634.865,-9369.272,144.344,-39.146,0.775417,0.631289,0.014200,-0.631014,0.775522,-0.019663,-0.023425,0.006286,0.999706,0,0.90708,0.08123,54.425,0.162,-1,400.000,-1,400.000,-1,325.000,325.000,300.000,300.000,-1,-1,-1,-1,775.000,775.000,-1,-1,2,0,2,0,2,0,0,0,0,2,2,2,2,0,0,2,2
62,4679.954,-9405.764,142.873,-38.984,0.777196,0.629087,0.014728,-0.628791,0.777308,-0.020359,-0.024256,0.006562,0.999684,0,0.96676,0.08123,58.005,0.162,-1,400.000,-1,400.000,-1,325.000,325.000,300.000,300.000,-1,-1,-1,-1,775.000,775.000,-1,-1,2,0,2,0,2,0,0,0,0,2,2,2,2,0,0,2,2
63,4725.147,-9442.127,141.427,-38.821,0.778964,0.626879,0.015424,-0.626561,0.779087,-0.021069,-0.025225,0.006748,0.999659,0,0.96676,0.08123,58.005,0.162,-1,400.000,-1,400.000,-1,325.000,325.000,300.000,300.000,-1,-1,-1,-1,775.000,775.000,-1,-1,2,0,2,0,2,0,0,0,0,2,2,2,2,0,0,2,2
64,4770.442,-9478.362,139.958,-38.659,0.780726,0.624666,0.016070,-0.624324,0.780860,-0.021842,-0.026193,0.007019,0.999632,0,0.96676,0.08123,58.005,0.162,-1,400.000,-1,400.000,-1,325.000,325.000,300.000,300.000,-1,-1,-1,-1,750.000,750.000,-1,-1,2,0,2,0,2,0,0,0,0,2,2,2,2,0,0,2,2
65,4815.840,-9514.468,138.465,-38.496,0.782484,0.622448,0.016667,-0.622079,0.782626,-0.022676,-0.027159,0.007375,0.999604,0,0.96676,0.08123,58.005,0.162,-1,400.000,-1,400.000,-1,325.000,325.000,300.000,300.000,-1,-1,-1,-1,750.000,750.000,-1,-1,2,0,2,0,2,0,0,0,0,2,2,2,2,0,0,2,2
66,4861.434,-9550.511,136.977,-38.327,0.784306,0.620133,0.017302,-0.619744,0.784461,-0.023201,-0.027961,0.007473,0.999581,0,0.96867,0.08462,58.120,0.169,-1,400.000,-1,400.000,-1,325.000,325.000,300.000,300.000,-1,-1,-1,-1,750.000,750.000,-1,-1,2,0,2,0,2,0,0,0,0,2,2,2,2,0,0,2,2
67,4907.244,-9586.495,135.482,-38.149,0.786216,0.617695,0.017829,-0.617289,0.786381,-0.023644,-0.028625,0.007584,0.999561,0,0.97088,0.08892,58.253,0.178,-1,400.000,-1,400.000,-1,325.000,325.000,300.000,300.000,-1,-1,-1,-1,725.000,750.000,-1,-1,2,0,2,0,2,0,0,0,0,2,2,2,2,0,0,2,2
68,4953.266,-9622.403,133.988,-37.963,0.788215,0.615131,0.018218,-0.614710,0.788387,-0.024024,-0.029141,0.007737,0.999545,0,0.97289,0.09326,58.373,0.187,-1,400.000,-1,400.000,-1,325.000,325.000,300.000,300.000,-1,-1,-1,-1,725.000,725.000,-1,-1,2,0,2,0,2,0,0,0,0,2,2,2,2,0,0,2,2
69,4999.496,-9658.221,132.494,-37.767,0.790302,0.612439,0.018469,-0.612006,0.790478,-0.024342,-0.029508,0.007934,0.999533,0,0.97468,0.09765,58.481,0.195,-1,375.000,-1,375.000,-1,325.000,325.000,300.000,300.000,-1,-1,-1,-1,725.000,725.000,-1,-1,2,0,2,0,2,0,0,0,0,2,2,2,2,0,0,2,2
70,5045.928,-9693.931,130.894,-37.563,0.792477,0.609619,0.018572,-0.609194,0.792657,-0.024042,-0.029378,0.007739,0.999538,0,0.97626,0.10208,58.576,0.204,-1,375.000,-1,375.000,-1,325.000,325.000,300.000,300.000,-1,-1,-1,-1,725.000,725.000,-1,-1,2,0,2,0,2,0,0,0,0,2,2,2,2,0,0,2,2
71,5092.557,-9729.517,129.281,-37.350,0.794739,0.606668,0.018530,-0.606255,0.794919,-0.023618,-0.029059,0.007536,0.999549,0,0.97762,0.10653,58.657,0.213,-1,375.000,-1,375.000,-1,325.000,325.000,300.000,300.000,-1,-1,-1,-1,725.000,725.000,-1,-1,2,0,2,0,2,0,0,0,0,2,2,2,2,0,0,2,2
72,5139.378,-9764.964,127.681,-37.128,0.797088,0.603585,0.018345,-0.603185,0.797265,-0.023189,-0.028622,0.007418,0.999563,0,0.97876,0.11100,58.725,0.222,-1,375.000,-1,375.000,-1,325.000,325.000,300.000,300.000,-1,-1,-1,-1,700.000,725.000,-1,-1,2,0,2,0,2,0,0,0,0,2,2,2,2,0,0,2,2
73,5186.385,-9800.254,126.166,-36.897,0.799529,0.600366,0.017733,-0.599982,0.799690,-0.022740,-0.027833,0.007542,0.999584,0,0.97967,0.11547,58.780,0.231,-1,375.000,-1,375.000,-1,325.000,325.000,300.000,300.000,-1,-1,-1,-1,700.000,700.000,-1,-1,2,0,2,0,2,0,0,0,0,2,2,2,2,0,0,2,2
74,5233.572,-9835.372,124.693,-36.657,0.802056,0.597011,0.016850,-0.596646,0.802195,-0.022302,-0.026832,0.007834,0.999609,0,0.98035,0.11993,58.821,0.240,-1,375.000,-1,375.000,-1,325.000,325.000,300.000,300.000,-1,-1,-1,-1,700.000,700.000,-1,-1,2,0,2,0,2,0,0,0,0,2,2,2,2,0,0,2,2
75,5280.934,-9870.301,123.231,-36.409,0.804663,0.593521,0.015815,-0.593174,0.804776,-0.021890,-0.025720,0.008233,0.999635,0,0.98081,0.12437,58.849,0.249,-1,375.000,-1,375.000,-1,325.000,325.000,300.000,300.000,-1,-1,-1,-1,700.000,700.000,-1,-1,2,0,2,0,2,0,0,0,0,2,2,2,2,0,0,2,2
76,5328.464,-9905.026,121.788,-36.151,0.807347,0.589895,0.014668,-0.589568,0.807433,-0.021495,-0.024524,0.008706,0.999661,0,0.98105,0.12877,58.863,0.258,-1,375.000,-1,375.000,-1,325.000,325.000,325.000,300.000,-1,-1,-1,-1,700.000,700.000,-1,-1,2,0,2,0,2,0,0,0,0,2,2,2,2,0,0,2,2
77,5376.156,-9939.530,120.408,-35.885,0.810095,0.586138,0.013711,-0.585833,0.810162,-0.020913,-0.023366,0.008909,0.999687,0,0.98108,0.13304,58.865,0.266,-1,375.000,-1,375.000,-1,300.000,300.000,325.000,300.000,-1,-1,-1,-1,700.000,700.000,-1,-1,2,0,2,0,2,0,0,0,0,2,2,2,2,0,0,2,2
78,5424.002,-9973.800,119.065,-35.613,0.812889,0.582279,0.012748,-0.581997,0.812938,-0.020277,-0.022170,0.009064,0.999713,0,0.98089,0.13618,58.853,0.272,-1,375.000,-1,375.000,-1,300.000,300.000,325.000,300.000,-1,-1,-1,-1,700.000,700.000,-1,-1,2,0,2,0,2,0,0,0,0,2,2,2,2,0,0,2,2
79,5471.994,-10007.824,117.816,-35.334,0.815721,0.578325,0.011770,-0.578069,0.815756,-0.019452,-0.020852,0.009064,0.999741,0,0.98049,0.13910,58.830,0.278,-1,375.000,-1,375.000,-1,300.000,300.000,300.000,300.000,-1,-1,-1,-1,700.000,700.000,-1,-1,2,0,2,0,2,0,0,0,0,2,2,2,2,0,0,2,2
80,5520.126,-10041.590,116.687,-35.051,0.818587,0.574282,0.010769,-0.574057,0.818610,-0.018323,-0.019338,0.008817,0.999774,0,0.97991,0.14178,58.794,0.284,-1,375.000,-1,375.000,-1,325.000,300.000,300.000,300.000,-1,-1,-1,-1,700.000,700.000,-1,-1,2,0,2,0,2,0,0,0,0,2,2,2,2,0,0,2,2
81,5568.389,-10075.086,115.612,-34.762,0.821479,0.570155,0.009759,-0.569960,0.821493,-0.017202,-0.017825,0.008569,0.999804,0,0.97913,0.14423,58.748,0.288,-1,375.000,-1,375.000,-1,325.000,300.000,300.000,300.000,-1,-1,-1,-1,725.000,725.000,-1,-1,2,0,2,0,2,0,0,0,0,2,2,2,2,0,0,2,2
82,5616.775,-10108.304,114.590,-34.470,0.824393,0.565950,0.008743,-0.565782,0.824398,-0.016091,-0.016314,0.008318,0.999832,0,0.97819,0.14642,58.692,0.293,-1,375.000,-1,375.000,-1,325.000,325.000,300.000,300.000,-1,900.000,900.000,-1,725.000,725.000,-1,-1,2,0,2,0,2,0,0,0,0,2,0,0,2,0,0,2,2
83,5665.279,-10141.233,113.621,-34.173,0.827323,0.561674,0.007720,-0.561532,0.827320,-0.014989,-0.014806,0.008065,0.999858,0,0.97709,0.14837,58.626,0.297,-1,375.000,-1,375.000,-1,325.000,325.000,300.000,300.000,-1,675.000,750.000,-1,725.000,725.000,-1,-1,2,0,2,0,2,0,0,0,0,2,0,0,2,0,0,2,2
84,5713.893,-10173.867,112.770,-33.873,0.830261,0.557333,0.006818,-0.557211,0.830252,-0.014065,-0.013499,0.007879,0.999878,0,0.97585,0.15006,58.551,0.300,-1,375.000,-1,375.000,-1,325.000,325.000,300.000,300.000,-1,675.000,700.000,-1,725.000,725.000,-1,-1,2,0,2,0,2,0,0,0,0,2,0,0,2,0,0,2,2
85,5762.610,-10206.198,112.009,-33.570,0.833203,0.552935,0.005922,-0.552829,0.833187,-0.013362,-0.012322,0.007859,0.999893,0,0.97449,0.15150,58.470,0.303,-1,375.000,-1,375.000,-1,325.000,325.000,300.000,300.000,-1,675.000,700.000,-1,725.000,725.000,-1,-1,2,0,2,0,2,0,0,0,0,2,0,0,2,0,0,2,2
86,5811.426,-10238.220,111.298,-33.264,0.836144,0.548487,0.005012,-0.548396,0.836122,-0.012679,-0.011145,0.007853,0.999907,0,0.97303,0.15267,58.382,0.305,-1,375.000,-1,375.000,-1,325.000,325.000,300.000,325.000,-1,675.000,700.000,-1,725.000,725.000,-1,-1,2,0,2,0,2,0,0,0,0,2,0,0,2,0,0,2,2
87,5860.335,-10269.930,110.698,-32.957,0.839080,0.543995,0.003771,-0.543921,0.839049,-0.012124,-0.009759,0.008122,0.999919,0,0.97148,0.15359,58.289,0.307,-1,375.000,-1,375.000,-1,325.000,325.000,300.000,300.000,-1,675.000,675.000,-1,725.000,725.000,-1,-1,2,0,2,0,2,0,0,0,0,2,0,0,2,0,0,2,2
88,5909.333,-10301.324,110.137,-32.649,0.842002,0.539469,0.002561,-0.539409,0.841964,-0.011580,-0.008403,0.008369,0.999930,0,0.96988,0.15424,58.193,0.308,-1,375.000,-1,375.000,-1,325.000,325.000,325.000,300.000,-1,650.000,675.000,-1,725.000,750.000,-1,-1,2,0,2,0,2,0,0,0,0,2,0,0,2,0,0,2,2
89,5954.563,-10329.697,109.657,-32.100,0.847130,0.531383,0.001477,-0.531337,0.847088,-0.011093,-0.007146,0.008612,0.999937,0,0.88988,0.27424,53.393,0.548,-1,375.000,-1,375.000,-1,325.000,325.000,300.000,300.000,-1,650.000,675.000,-1,725.000,750.000,-1,-1,2,0,2,0,2,0,0,0,0,2,0,0,2,0,0,2,2
90,5996.078,-10354.951,109.295,-31.312,0.854363,0.519675,0.000709,-0.519640,0.854320,-0.010598,-0.006113,0.008686,0.999944,0,0.80988,0.39424,48.593,0.788,-1,400.000,-1,375.000,-1,325.000,325.000,300.000,300.000,-1,650.000,675.000,-1,725.000,750.000,-1,-1,2,0,2,0,2,0,0,0,0,2,0,0,2,0,0,2,2
91,6033.895,-10377.034,109.043,-30.283,0.863553,0.504258,0.000240,-0.504230,0.863511,-0.010091,-0.005296,0.008593,0.999949,0,0.72988,0.51424,43.793,1.028,-1,400.000,-1,400.000,-1,325.000,325.000,300.000,300.000,-1,675.000,700.000,-1,725.000,750.000,-1,-1,2,0,2,0,2,0,0,0,0,2,0,0,2,0,0,2,2
92,6067.994,-10395.947,108.844,-29.015,0.874504,0.485018,-0.000158,-0.484997,0.874462,-0.009655,-0.004544,0.008520,0.999953,0,0.64988,0.63424,38.993,1.268,-1,400.000,-1,400.000,-1,325.000,325.000,300.000,300.000,-1,700.000,725.000,-1,725.000,750.000,-1,-1,2,0,2,0,2,0,0,0,0,2,0,0,2,0,0,2,2
93,6100.868,-10413.103,108.667,-27.559,0.886542,0.462647,-0.000512,-0.462632,0.886502,-0.009296,-0.003847,0.008478,0.999957,0,0.61803,0.72785,37.082,1.456,-1,400.000,-1,400.000,-1,325.000,325.000,300.000,300.000,-1,700.000,725.000,-1,725.000,750.000,-1,-1,2,0,2,0,2,0,0,0,0,2,0,0,2,0,0,2,2
94,6134.181,-10429.426,108.510,-26.103,0.898008,0.439978,-0.000844,-0.439967,0.897969,-0.008954,-0.003182,0.008412,0.999960,0,0.61827,0.72783,37.096,1.456,-1,400.000,-1,400.000,-1,325.000,325.000,300.000,300.000,-1,725.000,750.000,-1,725.000,750.000,-1,950.000,2,0,2,0,2,0,0,0,0,2,0,0,2,0,1,2,1
95,6167.911,-10444.903,108.373,-24.648,0.908894,0.417025,-0.001153,-0.417019,0.908857,-0.008629,-0.002551,0.008323,0.999962,0,0.61852,0.72784,37.111,1.456,-1,400.000,-1,400.000,-1,325.000,325.000,300.000,300.000,-1,750.000,775.000,-1,725.000,700.000,-1,875.000,2,0,2,0,2,0,0,0,0,2,0,0,2,0,1,2,1
96,6206.372,-10461.555,108.239,-23.411,0.917686,0.397303,-0.001476,-0.397302,0.917651,-0.008260,-0.001927,0.008167,0.999965,0,0.69852,0.61863,41.911,1.237,-1,400.000,-1,400.000,-1,325.000,325.000,300.000,300.000,-1,750.000,800.000,-1,725.000,650.000,-1,825.000,2,0,2,0,2,0,0,0,0,2,0,0,2,0,1,2,1
97,6249.267,-10479.051,108.102,-22.189,0.925945,0.377655,-0.001786,-0.377657,0.925912,-0.007924,-0.001339,0.008011,0.999967,0,0.77211,0.61065,46.327,1.221,-1,400.000,-1,400.000,925.000,325.000,325.000,300.000,300.000,-1,800.000,850.000,-1,725.000,625.000,-1,750.000,2,0,2,0,1,0,0,0,0,2,0,0,2,0,1,2,1
98,6293.188,-10495.898,107.974,-20.987,0.933666,0.358140,-0.002046,-0.358145,0.933635,-0.007658,-0.000832,0.007883,0.999969,0,0.78401,0.60127,47.041,1.203,-1,400.000,1000.000,400.000,825.000,325.000,325.000,300.000,300.000,-1,825.000,875.000,-1,725.000,575.000,-1,700.000,2,0,1,0,1,0,0,0,0,2,0,0,2,0,1,2,1
99,6338.101,-10512.073,107.871,-19.805,0.940851,0.338812,-0.002280,-0.338819,0.940822,-0.007383,-0.000357,0.007719,0.999970,0,0.79562,0.59080,47.737,1.182,-1,400.000,1000.000,400.000,725.000,325.000,325.000,300.000,300.000,-1,850.000,925.000,-1,725.000,550.000,-1,625.000,2,0,1,1,1,0,0,0,0,2,0,0,2,0,1,2,1
100,6383.970,-10527.551,107.794,-18.647,0.947508,0.319724,-0.002487,-0.319733,0.947481,-0.007099,0.000087,0.007521,0.999972,0,0.80684,0.57918,48.411,1.158,-1,375.000,975.000,375.000,650.000,325.000,325.000,300.000,300.000,-1,900.000,950.000,-1,725.000,525.000,-1,575.000,2,0,1,1,1,0,0,0,0,2,0,0,2,0,1,2,1
101,6430.752,-10542.314,107.742,-17.514,0.953642,0.300932,-0.002670,-0.300943,0.953618,-0.006801,0.000499,0.007289,0.999973,0,0.81759,0.56636,49.056,1.133,-1,375.000,925.000,350.000,575.000,325.000,325.000,300.000,300.000,-1,925.000,1000.000,-1,725.000,500.000,975.000,500.000,2,0,1,1,1,0,0,0,0,2,0,0,2,0,1,1,1
102,6478.395,-10556.345,107.735,-16.409,0.959265,0.282493,-0.002786,-0.282506,0.959243,-0.006596,0.000809,0.007114,0.999974,0,0.82777,0.55228,49.666,1.105,-1,375.000,900.000,350.000,500.000,325.000,325.000,300.000,300.000,-1,975.000,-1,-1,725.000,475.000,950.000,450.000,2,0,1,1,1,0,0,0,0,2,0,2,2,0,1,1,1
103,6526.842,-10569.631,107.841,-15.336,0.964390,0.264467,-0.003051,-0.264482,0.964367,-0.006704,0.001169,0.007273,0.999973,0,0.83726,0.53689,50.235,1.074,-1,375.000,875.000,325.000,425.000,325.000,325.000,300.000,300.000,-1,-1,-1,-1,725.000,450.000,925.000,400.000,2,0,1,1,1,0,0,0,0,2,2,2,2,1,1,1,1
104,6576.026,-10582.163,108.016,-14.295,0.969031,0.246915,-0.003496,-0.246934,0.969007,-0.006948,0.001672,0.007596,0.999970,0,0.84593,0.52013,50.756,1.040,-1,375.000,825.000,325.000,375.000,325.000,325.000,300.000,300.000,-1,-1,-1,-1,675.000,425.000,875.000,350.000,2,0,1,1,1,0,0,0,0,2,2,2,2,1,1,1,1
105,6625.873,-10593.939,108.206,-13.292,0.973206,0.229899,-0.003931,-0.229923,0.973182,-0.007193,0.002172,0.007905,0.999966,0,0.85365,0.50194,51.219,1.004,-1,375.000,800.000,300.000,300.000,325.000,325.000,300.000,300.000,-1,-1,-1,-1,650.000,400.000,850.000,300.000,2,0,1,1,1,0,0,0,0,2,2,2,2,1,1,1,1
106,6680.558,-10606.090,110.341,-12.528,0.976155,0.216911,-0.008451,-0.216913,0.976191,0.000741,0.008411,0.001110,0.999964,0,0.93365,0.38194,56.019,0.764,-1,400.000,775.000,300.000,275.000,325.000,325.000,300.000,325.000,-1,850.000,925.000,-1,625.000,400.000,825.000,275.000,2,0,1,1,1,0,0,0,0,2,0,0,2,1,1,1,1
107,6739.246,-10618.569,113.038,-12.004,0.978030,0.207971,-0.014311,-0.207828,0.978105,0.010863,0.016257,-0.007650,0.999839,0,1.00000,0.26194,60.000,0.524,-1,400.000,725.000,300.000,250.000,350.000,350.000,300.000,350.000,-1,525.000,650.000,-1,600.000,375.000,800.000,250.000,2,0,1,1,1,0,1,0,0,2,0,0,2,1,1,1,1
108,6797.996,-10630.756,116.155,-11.720,0.978931,0.203095,-0.021138,-0.202618,0.978995,0.022702,0.025304,-0.017940,0.999519,0,1.00000,0.14194,60.000,0.284,-1,425.000,700.000,300.000,200.000,350.000,350.000,300.000,375.000,-1,350.000,475.000,-1,575.000,375.000,750.000,225.000,2,0,1,1,1,0,1,0,0,2,0,0,2,1,1,1,1
109,6856.756,-10642.897,119.744,-11.676,0.978899,0.202287,-0.028924,-0.201200,0.978868,0.036563,0.035709,-0.029972,0.998913,0,1.00000,0.02194,60.000,0.044,-1,425.000,650.000,300.000,175.000,375.000,350.000,275.000,425.000,-1,225.000,375.000,-1,550.000,375.000,700.000,200.000,2,1,1,1,1,0,1,0,0,2,0,0,2,1,1,1,1
110,6915.474,-10655.237,123.862,-11.872,0.977925,0.205530,-0.037699,-0.203439,0.977663,0.052804,0.047710,-0.043969,0.997893,0,1.00000,-0.09806,60.000,-0.196,-1,400.000,600.000,300.000,175.000,375.000,350.000,275.000,450.000,900.000,150.000,300.000,-1,500.000,350.000,650.000,175.000,2,1,1,1,1,1,1,0,0,0,0,0,2,1,1,1,1
111,6974.126,-10667.895,128.551,-12.185,0.976402,0.210684,-0.047449,-0.207052,0.975703,0.071639,0.061389,-0.060124,0.996301,0,1.00000,-0.15634,60.000,-0.313,-1,375.000,575.000,300.000,150.000,350.000,325.000,275.000,525.000,675.000,100.000,250.000,-1,475.000,350.000,600.000,175.000,2,1,1,1,1,1,1,0,0,0,0,0,2,1,1,1,1
112,7032.698,-10680.921,133.844,-12.548,0.974531,0.216588,-0.058127,-0.210709,0.973094,0.093219,0.076753,-0.078597,0.993947,0,1.00000,-0.18167,60.000,-0.363,-1,350.000,525.000,275.000,125.000,325.000,300.000,250.000,500.000,500.000,75.000,225.000,-1,450.000,325.000,550.000,150.000,2,1,1,1,1,1,1,0,1,0,0,0,2,1,1,1,1
113,7091.175,-10694.369,139.777,-12.966,0.972268,0.223252,-0.069671,-0.214216,0.969662,0.117755,0.093846,-0.099565,0.990596,0,1.00000,-0.20875,60.000,-0.417,-1,325.000,500.000,275.000,125.000,300.000,275.000,250.000,400.000,375.000,50.000,200.000,-1,425.000,300.000,500.000,150.000,2,1,1,1,1,1,1,0,1,0,0,0,2,1,1,1,1
114,7149.542,-10708.297,146.424,-13.441,0.969576,0.230677,-0.081917,-0.217359,0.965211,0.145338,0.112593,-0.123111,0.985985,0,1.00000,-0.23771,60.000,-0.475,-1,300.000,475.000,250.000,125.000,275.000,250.000,225.000,350.000,300.000,25.000,175.000,-1,375.000,300.000,450.000,125.000,2,1,1,1,1,1,1,0,1,0,0,0,2,1,1,1,1
115,7207.777,-10722.791,157.798,-13.978,0.964596,0.239422,-0.110599,-0.220067,0.961809,0.162767,0.145345,-0.132665,0.980446,0,1.00000,-0.26868,60.000,-0.537,-1,300.000,475.000,225.000,100.000,275.000,250.000,250.000,300.000,250.000,25.000,150.000,-1,375.000,275.000,450.000,125.000,2,1,1,1,1,1,1,0,1,0,0,0,2,1,1,1,1
116,4919.494,-8855.087,149.170,-134.801,-0.704622,0.709361,0.017731,-0.709582,-0.704446,-0.015823,0.001266,-0.023730,0.999718,1,0.00000,0.00000,60.000,-0.604,-1,400.000,-1,400.000,-1,325.000,325.000,300.000,325.000,-1,-1,-1,-1,775.000,775.000,-1,-1,2,0,2,0,2,0,0,0,0,2,2,2,2,0,0,2,2
117,4916.097,-8858.479,149.176,-135.041,-0.707589,0.706404,0.017640,-0.706624,-0.707411,-0.015904,0.001244,-0.023718,0.999718,0,0.08000,-0.12000,4.800,-0.240,-1,400.000,-1,400.000,-1,325.000,325.000,300.000,325.000,-1,-1,-1,-1,775.000,775.000,-1,-1,2,0,2,0,2,0,0,0,0,2,2,2,2,0,0,2,2
118,4909.248,-8865.205,149.190,-135.521,-0.713484,0.700454,0.017456,-0.700670,-0.713304,-0.016064,0.001199,-0.023693,0.999719,0,0.16000,-0.24000,9.600,-0.480,-1,400.000,-1,400.000,-1,325.000,325.000,300.000,325.000,-1,-1,-1,-1,775.000,775.000,-1,-1,2,0,2,0,2,0,0,0,0,2,2,2,2,0,0,2,2
119,4898.847,-8875.165,149.216,-136.241,-0.722234,0.691436,0.017174,-0.691648,-0.722051,-0.016297,0.001132,-0.023649,0.999720,0,0.24000,-0.36000,14.400,-0.720,-1,400.000,-1,400.000,-1,325.000,325.000,300.000,325.000,-1,-1,-1,-1,775.000,775.000,-1,-1,2,0,2,0,2,0,0,0,0,2,2,2,2,0,0,2,2
120,4884.759,-8888.210,149.241,-137.201,-0.733721,0.679241,0.016882,-0.679450,-0.733534,-0.016609,0.001102,-0.023657,0.999720,0,0.32000,-0.48000,19.200,-0.960,-1,400.000,-1,400.000,-1,325.000,325.000,300.000,325.000,-1,-1,-1,-1,775.000,775.000,-1,-1,2,0,2,0,2,0,0,0,0,2,2,2,2,0,0,2,2
121,4866.812,-8904.144,149.277,-138.401,-0.747789,0.663729,0.016558,-0.663935,-0.747597,-0.016992,0.001101,-0.023700,0.999719,0,0.40000,-0.60000,24.000,-1.200,-1,400.000,-1,400.000,-1,325.000,325.000,300.000,325.000,-1,-1,-1,-1,775.000,775.000,-1,-1,2,0,2,0,2,0,0,0,0,2,2,2,2,0,0,2,2
122,4844.801,-8922.717,149.339,-139.841,-0.764238,0.644732,0.016150,-0.644933,-0.764040,-0.017428,0.001103,-0.023735,0.999718,0,0.48000,-0.72000,28.800,-1.440,-1,400.000,-1,400.000,-1,325.000,325.000,300.000,325.000,-1,-1,-1,-1,775.000,775.000,-1,-1,2,0,2,0,2,0,0,0,0,2,2,2,2,0,0,2,2
123,4818.551,-8943.691,149.421,-141.376,-0.781239,0.624036,0.015652,-0.624231,-0.781037,-0.017823,0.001102,-0.023694,0.999719,0,0.56000,-0.76746,33.600,-1.535,-1,400.000,-1,400.000,-1,325.000,325.000,300.000,325.000,-1,-1,-1,-1,750.000,750.000,-1,-1,2,0,2,0,2,0,0,0,0,2,2,2,2,0,0,2,2
124,4787.922,-8966.852,149.471,-142.903,-0.797603,0.602995,0.015076,-0.603182,-0.797403,-0.017884,0.001238,-0.023358,0.999726,0,0.64000,-0.76389,38.400,-1.528,-1,400.000,-1,400.000,-1,325.000,325.000,300.000,325.000,-1,-1,-1,-1,750.000,750.000,-1,-1,2,0,2,0,2,0,0,0,0,2,2,2,2,0,0,2,2
125,4752.786,-8991.986,149.554,-144.423,-0.813318,0.581640,0.014442,-0.581818,-0.813123,-0.017879,0.001344,-0.022944,0.999736,0,0.72000,-0.75988,43.200,-1.520,-1,400.000,-1,400.000,-1,325.000,325.000,300.000,325.000,-1,-1,-1,-1,750.000,750.000,-1,-1,2,0,2,0,2,0,0,0,0,2,2,2,2,0,0,2,2
126,4716.270,-9016.677,149.666,-145.934,-0.828374,0.560004,0.013810,-0.560173,-0.828184,-0.017818,0.001459,-0.022496,0.999746,0,0.73467,-0.75542,44.080,-1.511,-1,400.000,-1,400.000,-1,325.000,325.000,300.000,300.000,-1,-1,-1,-1,725.000,750.000,-1,-1,2,0,2,0,2,0,0,0,0,2,2,2,2,0,0,2,2
127,4678.998,-9040.480,149.807,-147.436,-0.842770,0.538111,0.013195,-0.538271,-0.842586,-0.017706,0.001590,-0.022024,0.999756,0,0.73708,-0.75093,44.225,-1.502,-1,400.000,-1,400.000,-1,325.000,325.000,300.000,300.000,-1,-1,-1,-1,725.000,750.000,-1,-1,2,0,2,0,2,0,0,0,0,2,2,2,2,0,0,2,2
128,4640.998,-9063.377,149.997,-148.929,-0.856506,0.515981,0.012694,-0.516133,-0.856328,-0.017579,0.001800,-0.021609,0.999765,0,0.73941,-0.74649,44.365,-1.493,-1,400.000,-1,400.000,-1,325.000,325.000,300.000,300.000,-1,-1,-1,-1,725.000,750.000,-1,-1,2,0,2,0,2,0,0,0,0,2,2,2,2,0,0,2,2
129,4602.300,-9085.349,150.224,-150.413,-0.869584,0.493632,0.012254,-0.493780,-0.869412,-0.017429,0.002050,-0.021206,0.999773,0,0.74167,-0.74208,44.500,-1.484,-1,375.000,-1,400.000,-1,325.000,325.000,300.000,300.000,-1,-1,-1,-1,725.000,725.000,-1,-1,2,0,2,0,2,0,0,0,0,2,2,2,2,0,0,2,2
130,4563.020,-9106.326,150.479,-151.895,-0.882063,0.470983,0.011842,-0.471126,-0.881897,-0.017246,0.002321,-0.020791,0.999781,0,0.74217,-0.74108,44.530,-1.482,-1,375.000,-1,400.000,-1,325.000,325.000,300.000,300.000,-1,-1,-1,-1,725.000,725.000,-1,-1,2,0,2,0,2,0,0,0,0,2,2,2,2,0,0,2,2
131,4523.211,-9126.281,150.762,-153.377,-0.893951,0.448019,0.011459,-0.448157,-0.893792,-0.017034,0.002611,-0.020363,0.999789,0,0.74217,-0.74108,44.530,-1.482,-1,375.000,-1,375.000,-1,325.000,325.000,300.000,300.000,-1,-1,-1,-1,700.000,725.000,-1,-1,2,0,2,0,2,0,0,0,0,2,2,2,2,0,0,2,2
132,4482.899,-9145.199,150.977,-154.860,-0.905237,0.424750,0.011551,-0.424895,-0.905083,-0.017006,0.003231,-0.020303,0.999789,0,0.74217,-0.74108,44.530,-1.482,-1,375.000,-1,375.000,-1,325.000,325.000,300.000,300.000,-1,-1,-1,-1,700.000,725.000,-1,-1,2,0,2,0,2,0,0,0,0,2,2,2,2,0,0,2,2
133,4442.111,-9163.068,151.213,-156.342,-0.915915,0.401198,0.011813,-0.401352,-0.915768,-0.016928,0.004027,-0.020246,0.999787,0,0.74217,-0.74108,44.530,-1.482,-1,375.000,-1,375.000,-1,325.000,325.000,300.000,300.000,-1,-1,-1,-1,700.000,700.000,-1,-1,2,0,2,0,2,0,0,0,0,2,2,2,2,0,0,2,2
134,4400.875,-9179.876,151.553,-157.824,-0.925979,0.377380,0.012173,-0.377542,-0.925846,-0.016475,0.005053,-0.019852,0.999790,0,0.74217,-0.74108,44.530,-1.482,-1,375.000,-1,400.000,-1,325.000,325.000,300.000,300.000,-1,-1,-1,-1,700.000,700.000,-1,-1,2,0,2,0,2,0,0,0,0,2,2,2,2,0,0,2,2
135,4359.217,-9195.612,151.928,-159.306,-0.935423,0.353309,0.012549,-0.353479,-0.935306,-0.015994,0.006086,-0.019397,0.999793,0,0.74217,-0.74108,44.530,-1.482,-1,375.000,-1,400.000,-1,325.000,325.000,300.000,300.000,-1,-1,-1,-1,700.000,700.000,-1,-1,2,0,2,0,2,0,0,0,0,2,2,2,2,0,0,2,2
136,4317.167,-9210.265,152.296,-160.788,-0.944240,0.329002,0.013001,-0.329180,-0.944143,-0.015319,0.007235,-0.018745,0.999798,0,0.74217,-0.74108,44.530,-1.482,-1,375.000,-1,400.000,-1,325.000,325.000,300.000,300.000,-1,-1,-1,-1,700.000,700.000,-1,-1,2,0,2,0,2,0,0,0,0,2,2,2,2,0,0,2,2
137,4274.751,-9223.825,152.694,-162.270,-0.952425,0.304475,0.013478,-0.304658,-0.952349,-0.014627,0.008382,-0.018038,0.999802,0,0.74217,-0.74108,44.530,-1.482,-1,375.000,-1,400.000,-1,325.000,325.000,300.000,300.000,-1,-1,-1,-1,675.000,700.000,-1,-1,2,0,2,0,2,0,0,0,0,2,2,2,2,0,0,2,2
