timestep,x_cm,y_cm,z_cm,yaw_deg,basis_xx,basis_xy,basis_xz,basis_yx,basis_yy,basis_yz,basis_zx,basis_zy,basis_zz,teleport_flag,throttle_cmd,steering_cmd,cmd_move_cm,cmd_turn_deg,lidar_cm_0,lidar_cm_1,lidar_cm_2,lidar_cm_3,lidar_cm_4,lidar_cm_5,lidar_cm_6,lidar_cm_7,lidar_cm_8,lidar_cm_9,lidar_cm_10,lidar_cm_11,lidar_cm_12,lidar_cm_13,lidar_cm_14,lidar_cm_15,lidar_cm_16,lidar_class_0,lidar_class_1,lidar_class_2,lidar_class_3,lidar_class_4,lidar_class_5,lidar_class_6,lidar_class_7,lidar_class_8,lidar_class_9,lidar_class_10,lidar_class_11,lidar_class_12,lidar_class_13,lidar_class_14,lidar_class_15,lidar_class_16
0,9514.803,-6890.243,-77.389,-38.123,0.787435,0.616395,0.001790,-0.614695,0.785473,-0.071980,-0.045774,0.055580,0.997404,1,0.08000,0.12000,4.800,0.240,-1,400.000,-1,425.000,-1,325.000,325.000,300.000,300.000,500.000,700.000,650.000,-1,800.000,825.000,-1,-1,2,0,2,0,2,0,0,0,0,1,1,1,2,0,0,2,2
1,9522.391,-6896.124,-77.779,-37.779,0.791128,0.611647,0.002101,-0.609916,0.789140,-0.072532,-0.046022,0.056100,0.997364,0,0.16000,0.17212,9.600,0.344,-1,400.000,-1,425.000,-1,325.000,325.000,300.000,300.000,525.000,700.000,650.000,-1,775.000,825.000,-1,-1,2,0,2,0,2,0,0,0,0,1,1,1,2,0,0,2,2
2,9533.825,-6904.877,-78.379,-37.439,0.794745,0.606939,0.002480,-0.605159,0.792714,-0.073399,-0.046515,0.056833,0.997300,0,0.24000,0.16961,14.400,0.339,-1,400.000,-1,425.000,-1,325.000,325.000,325.000,300.000,525.000,725.000,675.000,-1,775.000,825.000,-1,-1,2,0,2,0,2,0,0,0,0,1,1,1,2,0,0,2,2
3,9549.137,-6916.461,-79.235,-37.108,0.798251,0.602317,0.003261,-0.600453,0.796183,-0.074489,-0.047463,0.057503,0.997216,0,0.32000,0.16583,19.200,0.332,-1,400.000,-1,425.000,-1,325.000,325.000,325.000,300.000,550.000,750.000,700.000,-1,775.000,800.000,-1,-1,2,0,2,0,2,0,0,0,0,1,1,1,2,0,0,2,2
4,9568.358,-6930.833,-80.311,-36.786,0.801625,0.597812,0.004213,-0.595839,0.799515,-0.075843,-0.048709,0.058288,0.997111,0,0.40000,0.16077,24.000,0.322,-1,400.000,-1,425.000,-1,325.000,325.000,325.000,300.000,575.000,775.000,725.000,-1,775.000,800.000,-1,-1,2,0,2,0,2,0,0,0,0,1,1,1,2,0,0,2,2
5,9591.516,-6947.954,-81.614,-36.477,0.804844,0.593463,0.005313,-0.591357,0.802682,-0.077451,-0.050229,0.059194,0.996982,0,0.48000,0.15439,28.800,0.309,-1,400.000,-1,425.000,-1,325.000,325.000,325.000,300.000,575.000,825.000,750.000,-1,750.000,775.000,-1,-1,2,0,2,0,2,0,0,0,0,1,1,1,2,0,0,2,2
6,9618.636,-6967.791,-83.223,-36.184,0.807874,0.589320,0.006514,-0.587078,0.805673,-0.078937,-0.051767,0.059947,0.996858,0,0.56000,0.14664,33.600,0.293,-1,400.000,-1,400.000,-1,325.000,325.000,325.000,300.000,600.000,850.000,800.000,-1,750.000,750.000,-1,-1,2,0,2,0,2,0,0,0,0,1,1,1,2,0,0,2,2
7,9649.738,-6990.313,-85.240,-35.909,0.810680,0.585438,0.007754,-0.583085,0.808479,-0.079830,-0.053004,0.060195,0.996778,0,0.64000,0.13746,38.400,0.275,-1,400.000,-1,400.000,-1,325.000,325.000,325.000,300.000,625.000,900.000,825.000,-1,725.000,750.000,-1,-1,2,0,2,0,2,0,0,0,0,1,1,1,2,0,0,2,2
8,9684.840,-7015.494,-87.538,-35.656,0.813251,0.581843,0.009016,-0.579370,0.811047,-0.080829,-0.054343,0.060511,0.996687,0,0.72000,0.12679,43.200,0.254,-1,400.000,-1,400.000,-1,325.000,325.000,300.000,300.000,675.000,950.000,875.000,-1,725.000,725.000,-1,-1,2,0,2,0,2,0,0,0,0,1,1,1,2,0,0,2,2
9,9720.981,-7041.204,-89.930,-35.426,0.815561,0.578582,0.010167,-0.575991,0.813347,-0.081858,-0.055631,0.060904,0.996592,0,0.73921,0.11455,44.353,0.229,-1,375.000,-1,400.000,975.000,325.000,325.000,300.000,300.000,700.000,1000.000,925.000,-1,700.000,725.000,-1,-1,2,0,2,0,1,0,0,0,0,1,1,1,2,0,0,2,2
10,9757.375,-7066.899,-92.325,-35.223,0.817611,0.575667,0.010969,-0.572973,0.815365,-0.082957,-0.056700,0.061542,0.996493,0,0.74251,0.10173,44.551,0.203,-1,375.000,-1,400.000,950.000,325.000,325.000,300.000,300.000,750.000,-1,975.000,-1,700.000,700.000,-1,-1,2,0,2,0,1,0,0,0,0,1,2,1,2,0,0,2,2
11,9794.035,-7092.611,-94.670,-35.046,0.819408,0.573103,0.011141,-0.570333,0.817085,-0.084215,-0.057367,0.062653,0.996385,0,0.74630,0.08861,44.778,0.177,-1,375.000,-1,400.000,925.000,325.000,325.000,300.000,300.000,775.000,-1,-1,-1,700.000,675.000,-1,-1,2,0,2,0,1,0,0,0,0,1,2,2,2,0,0,2,2
12,9830.972,-7118.373,-97.050,-34.895,0.820937,0.570911,0.011089,-0.568076,0.818521,-0.085519,-0.057900,0.063906,0.996275,0,0.75056,0.07517,45.034,0.150,-1,375.000,-1,375.000,900.000,325.000,325.000,300.000,300.000,825.000,-1,-1,-1,675.000,675.000,-1,-1,2,0,2,0,1,0,0,0,0,1,2,2,2,0,0,2,2
13,9868.197,-7144.218,-99.466,-34.773,0.822195,0.569104,0.010809,-0.566213,0.819668,-0.086871,-0.058298,0.065304,0.996161,0,0.75529,0.06142,45.318,0.123,-1,375.000,-1,375.000,850.000,300.000,325.000,300.000,300.000,875.000,-1,-1,-1,675.000,650.000,-1,1000.000,2,0,2,0,1,0,0,0,0,1,2,2,2,0,0,2,1
14,9905.722,-7170.179,-101.810,-34.678,0.823168,0.567706,0.010260,-0.564804,0.820547,-0.087745,-0.058233,0.066434,0.996090,0,0.76050,0.04734,45.630,0.095,-1,375.000,-1,375.000,825.000,300.000,300.000,325.000,300.000,925.000,-1,-1,-1,675.000,650.000,-1,950.000,2,0,2,0,1,0,0,0,0,1,2,2,2,0,0,2,1
15,9943.556,-7196.290,-104.115,-34.612,0.823855,0.566724,0.009327,-0.563862,0.821145,-0.088206,-0.057647,0.067410,0.996059,0,0.76616,0.03295,45.970,0.066,-1,375.000,-1,375.000,800.000,300.000,300.000,325.000,300.000,975.000,-1,-1,-1,675.000,650.000,-1,925.000,2,0,2,0,1,0,0,0,0,1,2,2,2,0,0,2,1
16,9985.253,-7225.254,-106.664,-34.786,0.822171,0.569183,0.008144,-0.566366,0.819370,-0.088671,-0.057143,0.068290,0.996028,0,0.84616,-0.08705,50.770,-0.174,-1,375.000,-1,375.000,750.000,300.000,300.000,325.000,300.000,-1,-1,-1,-1,650.000,625.000,-1,875.000,2,0,2,0,1,0,0,0,0,2,2,2,2,0,0,2,1
17,10028.313,-7255.477,-109.307,-35.065,0.819432,0.573136,0.006799,-0.570372,0.816538,-0.089115,-0.056626,0.069145,0.995998,0,0.87681,-0.13963,52.608,-0.279,-1,375.000,-1,375.000,725.000,300.000,300.000,325.000,300.000,-1,-1,-1,-1,650.000,625.000,-1,825.000,2,0,2,0,1,0,0,0,0,2,2,2,2,0,0,2,1
18,10071.510,-7286.150,-111.718,-35.377,0.816322,0.577573,0.005254,-0.574943,0.813410,-0.088347,-0.055301,0.069099,0.996076,0,0.88298,-0.15589,52.979,-0.312,-1,375.000,-1,350.000,700.000,300.000,300.000,300.000,300.000,-1,-1,-1,-1,650.000,625.000,-1,800.000,2,0,2,0,1,0,0,0,0,2,2,2,2,0,0,2,1
19,10113.589,-7316.643,-114.152,-35.929,0.810712,0.585434,0.003555,-0.583016,0.807886,-0.086091,-0.053273,0.067722,0.996281,0,0.86612,-0.27589,51.967,-0.552,-1,375.000,-1,350.000,650.000,300.000,300.000,300.000,300.000,-1,-1,-1,-1,650.000,625.000,-1,750.000,2,0,2,0,1,0,0,0,0,2,2,2,2,0,0,2,1
20,10155.554,-7347.948,-116.676,-36.721,0.802527,0.596613,0.001765,-0.594412,0.799814,-0.083505,-0.051231,0.065966,0.996506,0,0.87258,-0.39589,52.355,-0.792,-1,375.000,-1,350.000,625.000,300.000,300.000,300.000,300.000,-1,-1,-1,-1,625.000,625.000,-1,725.000,2,0,2,0,1,0,0,0,0,2,2,2,2,0,0,2,1
21,10197.383,-7380.115,-119.238,-37.560,0.793678,0.608338,-0.000093,-0.606354,0.791077,-0.080816,-0.049090,0.064199,0.996729,0,0.87945,-0.41977,52.767,-0.840,-1,375.000,-1,375.000,600.000,300.000,300.000,300.000,300.000,-1,-1,-1,-1,625.000,650.000,-1,675.000,2,0,2,0,1,0,0,0,0,2,2,2,2,0,0,2,1
22,10239.054,-7413.185,-121.841,-38.434,0.784286,0.620396,-0.002015,-0.618629,0.781800,-0.078017,-0.046826,0.062434,0.996950,0,0.88664,-0.43671,53.199,-0.873,-1,375.000,-1,375.000,550.000,300.000,300.000,300.000,300.000,-1,-1,500.000,-1,625.000,650.000,-1,625.000,2,0,2,0,1,0,0,0,0,2,2,0,2,0,1,2,1
23,10280.543,-7447.194,-124.355,-39.342,0.774340,0.632758,-0.004005,-0.631178,0.771927,-0.075781,-0.044860,0.061208,0.997116,0,0.89411,-0.45409,53.647,-0.908,-1,375.000,-1,375.000,525.000,300.000,300.000,300.000,300.000,-1,425.000,450.000,-1,625.000,600.000,-1,575.000,2,0,2,0,1,0,0,0,0,2,0,0,2,0,1,2,1
24,10321.820,-7482.182,-126.851,-40.286,0.763800,0.645425,-0.006081,-0.644022,0.761445,-0.073740,-0.042963,0.060239,0.997259,0,0.90184,-0.47190,54.110,-0.944,-1,375.000,-1,375.000,475.000,300.000,300.000,300.000,300.000,-1,400.000,400.000,-1,625.000,575.000,1000.000,550.000,2,0,2,0,1,0,0,0,0,2,0,0,2,0,1,0,1
25,10362.850,-7518.186,-129.367,-41.266,0.752630,0.658392,-0.008247,-0.657164,0.750329,-0.071706,-0.041022,0.059388,0.997392,0,0.90978,-0.49016,54.587,-0.980,-1,350.000,-1,375.000,450.000,300.000,300.000,300.000,300.000,-1,375.000,375.000,-1,600.000,550.000,975.000,500.000,2,0,2,0,1,0,0,0,0,2,0,0,2,0,1,0,1
26,10403.596,-7555.240,-131.720,-42.284,0.740813,0.671614,-0.011452,-0.670611,0.738515,-0.069826,-0.038439,0.059408,0.997493,0,0.91791,-0.50886,55.075,-1.018,1000.000,350.000,-1,375.000,400.000,300.000,300.000,300.000,300.000,-1,350.000,350.000,-1,600.000,500.000,975.000,450.000,0,0,2,0,1,0,0,0,0,2,0,0,2,0,1,0,1
27,10444.014,-7593.379,-133.648,-43.340,0.728310,0.685053,-0.016341,-0.684363,0.725951,-0.068130,-0.034810,0.060803,0.997543,0,0.92620,-0.52801,55.572,-1.056,-1,350.000,-1,375.000,350.000,300.000,300.000,325.000,300.000,-1,325.000,325.000,-1,625.000,475.000,1000.000,400.000,2,0,2,0,1,0,0,0,0,2,0,0,2,0,1,0,1
28,10483.906,-7632.474,-135.401,-44.423,0.715205,0.698618,-0.020380,-0.698194,0.712839,-0.066225,-0.031738,0.061594,0.997597,0,0.93091,-0.54150,55.854,-1.083,-1,350.000,-1,350.000,325.000,300.000,300.000,325.000,300.000,-1,325.000,325.000,-1,625.000,425.000,1000.000,350.000,2,0,2,1,1,0,0,0,0,2,0,0,2,0,1,0,1
29,10523.042,-7672.322,-137.157,-45.518,0.701674,0.712080,-0.024411,-0.711920,0.699314,-0.064256,-0.028685,0.062466,0.997635,0,0.93087,-0.54772,55.852,-1.095,-1,350.000,-1,325.000,275.000,300.000,300.000,325.000,300.000,-1,325.000,325.000,-1,625.000,400.000,-1,300.000,2,0,2,1,1,0,0,0,0,2,0,0,2,0,1,2,1
30,10563.554,-7714.997,-138.998,-46.490,0.689423,0.723793,-0.028621,-0.723916,0.687083,-0.062147,-0.025316,0.063565,0.997657,0,0.98070,-0.48613,58.842,-0.972,-1,375.000,-1,300.000,225.000,300.000,300.000,325.000,300.000,-1,325.000,325.000,-1,625.000,375.000,-1,250.000,2,0,2,1,1,0,0,0,0,2,0,0,2,0,1,2,1
31,10603.542,-7758.593,-140.470,-47.472,0.676850,0.735462,-0.031130,-0.735761,0.674591,-0.059865,-0.023029,0.063424,0.997721,0,0.98596,-0.49073,59.157,-0.981,-1,375.000,-1,275.000,200.000,300.000,275.000,325.000,300.000,-1,325.000,325.000,-1,625.000,325.000,-1,225.000,2,0,2,1,1,0,1,0,0,2,0,0,2,1,1,2,1
32,10642.970,-7803.105,-140.506,-48.463,0.663732,0.747268,-0.032410,-0.747785,0.661982,-0.050958,-0.016625,0.058058,0.998175,0,0.99105,-0.49565,59.463,-0.991,-1,375.000,-1,250.000,150.000,300.000,250.000,300.000,325.000,-1,300.000,325.000,-1,650.000,300.000,-1,175.000,2,0,2,1,1,1,1,0,0,2,0,0,2,1,1,2,1
33,10681.797,-7848.527,-135.251,-49.465,0.649764,0.759593,-0.028721,-0.760116,0.649555,-0.017371,0.005461,0.033119,0.999437,0,0.99594,-0.50093,59.756,-1.002,-1,400.000,-1,250.000,150.000,300.000,250.000,300.000,325.000,-1,175.000,250.000,-1,725.000,325.000,-1,175.000,2,1,2,1,1,1,1,0,1,2,0,0,2,0,1,2,1
34,10719.975,-7894.815,-129.877,-50.478,0.635954,0.771361,-0.023757,-0.771222,0.636350,0.016587,0.027913,0.007773,0.999580,0,1.00000,-0.50665,60.000,-1.013,-1,425.000,-1,250.000,150.000,325.000,250.000,275.000,325.000,775.000,125.000,225.000,-1,825.000,325.000,-1,175.000,2,1,2,1,1,1,1,0,1,0,0,0,2,0,1,2,1
35,10757.323,-7941.777,-124.409,-51.504,0.622371,0.782528,-0.017476,-0.781088,0.622358,0.050705,0.050554,-0.017907,0.998561,0,1.00000,-0.51287,60.000,-1.026,-1,450.000,-1,250.000,150.000,325.000,275.000,250.000,325.000,525.000,75.000,175.000,-1,950.000,350.000,-1,150.000,2,1,2,1,1,1,1,0,1,0,0,0,2,0,1,2,1
36,10793.818,-7989.406,-118.701,-52.543,0.609050,0.793068,-0.010009,-0.789781,0.607588,0.084164,0.072829,-0.043355,0.996402,0,1.00000,-0.51966,60.000,-1.039,-1,550.000,-1,275.000,150.000,350.000,275.000,250.000,325.000,375.000,50.000,150.000,-1,-1,400.000,-1,150.000,2,0,2,1,1,1,1,0,1,0,0,0,2,2,1,2,1
37,10829.435,-8037.697,-112.618,-53.598,0.595917,0.803044,-0.001770,-0.797564,0.592105,0.115336,0.093668,-0.067319,0.993325,0,1.00000,-0.52711,60.000,-1.054,-1,600.000,-1,300.000,125.000,400.000,300.000,225.000,325.000,300.000,25.000,150.000,-1,-1,475.000,-1,150.000,2,0,2,1,1,1,1,0,1,0,0,0,2,2,1,2,1
38,-8199.183,6231.355,-356.147,100.438,-0.177540,-0.981751,-0.068150,0.982435,-0.180855,0.045970,-0.057456,-0.058791,0.996615,1,0.00000,0.00000,60.000,-1.071,-1,375.000,-1,350.000,-1,300.000,300.000,325.000,325.000,925.000,375.000,400.000,-1,625.000,600.000,925.000,-1,2,0,2,0,2,0,0,0,0,0,0,0,2,0,0,0,2
39,-8200.033,6236.079,-356.408,100.198,-0.173459,-0.982487,-0.068051,0.983205,-0.176739,0.045518,-0.056749,-0.059013,0.996643,0,0.08000,-0.12000,4.800,-0.240,-1,375.000,-1,350.000,-1,300.000,300.000,325.000,325.000,925.000,375.000,400.000,-1,600.000,600.000,925.000,-1,2,0,2,0,2,0,0,0,0,0,0,0,2,0,0,0,2
40,-8201.653,6245.541,-356.926,99.718,-0.165288,-0.983907,-0.067868,0.984692,-0.168497,0.044608,-0.055326,-0.059456,0.996697,0,0.16000,-0.24000,9.600,-0.480,-1,375.000,-1,350.000,-1,300.000,300.000,325.000,325.000,925.000,400.000,400.000,-1,600.000,600.000,925.000,-1,2,0,2,0,2,0,0,0,0,0,0,0,2,0,0,0,2
41,-8203.906,6259.764,-357.696,98.998,-0.153011,-0.985908,-0.067630,0.986793,-0.156114,0.043223,-0.053172,-0.060124,0.996774,0,0.24000,-0.36000,14.400,-0.720,-1,375.000,-1,350.000,-1,300.000,300.000,350.000,325.000,950.000,400.000,400.000,-1,600.000,600.000,925.000,-1,2,0,2,0,2,0,0,0,0,0,0,0,2,0,0,0,2
42,-8206.591,6278.775,-358.711,98.038,-0.136606,-0.988331,-0.067381,0.989349,-0.139566,0.041345,-0.050267,-0.061016,0.996870,0,0.32000,-0.48000,19.200,-0.960,1000.000,375.000,-1,350.000,-1,300.000,300.000,350.000,325.000,950.000,400.000,400.000,-1,600.000,600.000,925.000,-1,0,0,2,0,2,0,0,0,0,0,0,0,2,0,0,0,2
43,-8209.449,6302.605,-359.961,96.838,-0.116050,-0.990969,-0.067180,0.992150,-0.118829,0.038954,-0.046585,-0.062132,0.996980,0,0.40000,-0.60000,24.000,-1.200,975.000,375.000,-1,350.000,-1,300.000,300.000,350.000,325.000,950.000,350.000,350.000,-1,600.000,600.000,900.000,-1,0,0,2,0,2,0,0,0,0,0,0,0,2,0,0,0,2
44,-8212.158,6331.277,-361.433,95.398,-0.091321,-0.993558,-0.067100,0.994931,-0.093881,0.036031,-0.042098,-0.063469,0.997095,0,0.48000,-0.72000,28.800,-1.440,950.000,375.000,-1,350.000,-1,300.000,300.000,325.000,325.000,975.000,300.000,325.000,-1,600.000,625.000,900.000,-1,0,0,2,0,2,0,0,0,0,0,0,0,2,0,0,0,2
45,-8214.337,6364.807,-363.108,93.718,-0.062407,-0.995784,-0.067227,0.997373,-0.064705,0.032565,-0.036777,-0.065018,0.997206,0,0.56000,-0.84000,33.600,-1.680,925.000,350.000,-1,350.000,-1,300.000,300.000,325.000,325.000,975.000,275.000,300.000,-1,600.000,625.000,875.000,-1,0,0,2,0,2,0,0,0,0,0,0,0,2,0,0,0,2
46,-8215.543,6403.189,-364.965,91.798,-0.029311,-0.997278,-0.067658,0.999102,-0.031302,0.028558,-0.030598,-0.066760,0.997300,0,0.64000,-0.96000,38.400,-1.920,900.000,350.000,-1,350.000,-1,300.000,300.000,325.000,325.000,1000.000,225.000,250.000,-1,600.000,650.000,875.000,-1,0,0,2,0,2,0,0,0,0,0,0,0,2,0,0,0,2
47,-8215.391,6446.389,-366.982,89.798,0.005160,-0.997641,-0.068454,0.999705,0.003521,0.024043,-0.023745,-0.068558,0.997365,0,0.72000,-1.00000,43.200,-2.000,875.000,350.000,-1,375.000,-1,300.000,300.000,325.000,325.000,-1,200.000,225.000,-1,600.000,650.000,875.000,-1,0,0,2,0,2,0,0,0,0,2,0,0,2,0,0,0,2
48,-8213.549,6494.355,-369.134,87.801,0.039512,-0.996789,-0.069641,0.999086,0.038271,0.019064,-0.016337,-0.070331,0.997390,0,0.80000,-0.99828,48.000,-1.997,875.000,350.000,-1,375.000,-1,300.000,300.000,325.000,325.000,-1,175.000,200.000,-1,600.000,675.000,875.000,-1,0,0,2,0,2,0,0,0,0,2,0,0,2,0,0,0,2
49,-8209.692,6547.014,-371.058,85.812,0.073682,-0.994834,-0.069833,0.997239,0.072851,0.014374,-0.009212,-0.070700,0.997455,0,0.88000,-0.99475,52.800,-1.990,850.000,350.000,-1,375.000,-1,300.000,300.000,300.000,300.000,-1,175.000,175.000,-1,600.000,700.000,875.000,-1,0,0,2,0,2,0,0,0,0,2,0,0,2,0,0,0,2
50,-8203.647,6602.894,-370.898,83.831,0.107680,-0.992019,-0.065598,0.994180,0.107230,0.010366,-0.003250,-0.066332,0.997792,0,0.93675,-0.99051,56.205,-1.981,875.000,350.000,-1,375.000,-1,300.000,300.000,325.000,300.000,-1,225.000,200.000,-1,600.000,700.000,925.000,-1,0,0,2,0,2,0,0,0,0,2,0,0,2,0,0,0,2
51,-8195.659,6658.723,-370.058,81.859,0.141449,-0.987885,-0.063844,0.989943,0.141311,0.006704,0.002399,-0.064150,0.997937,0,0.93994,-0.98565,56.396,-1.971,875.000,350.000,-1,375.000,-1,300.000,300.000,325.000,300.000,-1,275.000,250.000,-1,625.000,725.000,975.000,-1,0,0,2,0,2,0,0,0,0,2,0,0,2,0,0,0,2
52,-8185.649,6714.670,-369.141,79.859,0.175578,-0.982488,-0.062362,0.984434,0.175726,0.003144,0.007869,-0.061943,0.998049,0,0.94724,-1.00000,56.834,-2.000,900.000,350.000,-1,375.000,-1,300.000,300.000,325.000,300.000,-1,325.000,275.000,-1,625.000,750.000,-1,-1,0,0,2,0,2,0,0,0,0,2,0,0,2,0,0,2,2
53,-8173.621,6770.571,-368.158,77.859,0.209527,-0.975889,-0.061152,0.977715,0.209935,-0.000261,0.013093,-0.059735,0.998128,0,0.95299,-1.00000,57.180,-2.000,950.000,375.000,-1,400.000,-1,300.000,325.000,325.000,300.000,-1,375.000,325.000,-1,650.000,775.000,-1,-1,0,0,2,0,2,0,0,0,0,2,0,0,2,0,0,2,2
54,-8159.562,6826.367,-367.115,75.859,0.243253,-0.968093,-0.060199,0.969795,0.243897,-0.003473,0.018044,-0.057536,0.998180,0,0.95898,-1.00000,57.539,-2.000,975.000,375.000,-1,400.000,-1,300.000,325.000,325.000,300.000,-1,425.000,350.000,-1,650.000,800.000,-1,-1,0,0,2,0,2,0,0,0,0,2,0,0,2,0,0,2,2
55,-8143.461,6881.995,-366.020,73.859,0.276714,-0.959110,-0.059479,0.960684,0.277569,-0.006452,0.022698,-0.055355,0.998209,0,0.96518,-1.00000,57.911,-2.000,-1,375.000,-1,400.000,-1,300.000,325.000,300.000,300.000,-1,450.000,400.000,-1,675.000,800.000,-1,-1,2,0,2,0,2,0,0,0,0,2,0,0,2,0,1,2,2
56,-8125.308,6937.394,-364.881,71.859,0.309867,-0.948950,-0.058968,0.950396,0.310908,-0.009166,0.027031,-0.053203,0.998218,0,0.97160,-1.00000,58.296,-2.000,-1,375.000,-1,400.000,1000.000,325.000,325.000,300.000,300.000,-1,500.000,450.000,-1,700.000,775.000,-1,975.000,2,0,2,0,1,0,0,0,0,2,0,0,2,0,1,2,1
57,-8105.097,6992.499,-363.705,69.859,0.342668,-0.937625,-0.058636,0.938944,0.343875,-0.011581,0.031022,-0.051087,0.998212,0,0.97824,-1.00000,58.695,-2.000,-1,375.000,-1,425.000,950.000,325.000,325.000,300.000,325.000,-1,550.000,475.000,-1,700.000,750.000,-1,900.000,2,0,2,0,1,0,0,0,0,2,0,0,2,0,1,2,1
58,-8082.819,7047.247,-362.500,67.859,0.375078,-0.925149,-0.058449,0.926345,0.376427,-0.013672,0.034650,-0.049016,0.998197,0,0.98509,-1.00000,59.106,-2.000,-1,375.000,-1,425.000,925.000,325.000,325.000,300.000,325.000,-1,600.000,425.000,-1,725.000,725.000,-1,850.000,2,0,2,0,1,0,0,0,0,2,0,0,2,0,1,2,1
59,-8058.471,7101.569,-360.924,65.859,0.407181,-0.911596,-0.056541,0.912616,0.408551,-0.014749,0.036545,-0.045595,0.998291,0,0.99215,-1.00000,59.529,-2.000,-1,400.000,-1,425.000,875.000,325.000,325.000,275.000,300.000,-1,675.000,475.000,-1,750.000,675.000,-1,800.000,2,0,2,0,1,0,0,0,0,2,0,0,2,0,1,2,1
60,-8032.050,7155.400,-358.910,63.859,0.438926,-0.896978,-0.052664,0.897762,0.440213,-0.015385,0.036983,-0.040527,0.998494,0,0.99941,-1.00000,59.965,-2.000,-1,400.000,-1,425.000,825.000,325.000,325.000,275.000,300.000,-1,775.000,600.000,-1,775.000,625.000,-1,725.000,2,0,2,1,1,0,0,0,0,2,0,0,2,0,1,2,1
61,-8003.750,7208.307,-356.877,61.859,0.470136,-0.881239,-0.048889,0.881801,0.471340,-0.016284,0.037393,-0.035455,0.998671,0,1.00000,-1.00000,60.000,-2.000,-1,400.000,-1,400.000,775.000,325.000,325.000,300.000,300.000,-1,900.000,775.000,-1,775.000,600.000,-1,675.000,2,0,2,1,1,0,0,0,0,2,0,0,2,0,1,2,1
62,-7973.621,7260.194,-354.909,59.859,0.500771,-0.864388,-0.045400,0.864765,0.501886,-0.017084,0.037553,-0.030705,0.998823,0,1.00000,-1.00000,60.000,-2.000,-1,400.000,-1,400.000,725.000,325.000,350.000,300.000,300.000,-1,1000.000,875.000,-1,800.000,550.000,-1,625.000,2,0,2,1,1,0,0,0,0,2,0,0,2,0,1,2,1
63,-7941.700,7310.998,-352.834,57.859,0.530791,-0.846437,-0.042489,0.846698,0.531805,-0.016948,0.036941,-0.026980,0.998953,0,1.00000,-1.00000,60.000,-2.000,-1,400.000,975.000,375.000,675.000,325.000,350.000,275.000,300.000,-1,-1,1000.000,-1,825.000,500.000,-1,575.000,2,0,1,1,1,0,1,0,0,2,2,0,2,0,1,2,1
64,-7910.830,7356.760,-350.898,55.998,0.558164,-0.828772,-0.039868,0.828977,0.559061,-0.015776,0.035363,-0.024244,0.999080,0,0.92000,-0.93083,55.200,-1.862,-1,400.000,825.000,350.000,625.000,325.000,325.000,275.000,300.000,-1,-1,-1,-1,825.000,475.000,-1,525.000,2,0,1,1,1,0,1,0,0,2,2,2,2,0,1,2,1
65,-7881.303,7397.604,-349.302,54.137,0.584936,-0.810228,-0.037156,0.810384,0.585718,-0.014591,0.033585,-0.021576,0.999203,0,0.84000,-0.93056,50.400,-1.861,-1,400.000,725.000,325.000,575.000,325.000,300.000,275.000,300.000,-1,-1,-1,-1,825.000,425.000,-1,475.000,2,0,1,1,1,0,1,0,0,2,2,2,2,1,1,2,1
66,-7853.403,7433.673,-347.930,52.277,0.611042,-0.790834,-0.034780,0.790955,0.611727,-0.013458,0.031918,-0.019286,0.999304,0,0.76000,-0.92968,45.600,-1.859,-1,400.000,625.000,300.000,550.000,325.000,275.000,275.000,300.000,-1,-1,-1,-1,700.000,400.000,-1,425.000,2,0,1,1,1,1,1,0,0,2,2,2,2,1,1,2,1
67,-7827.407,7465.119,-346.343,50.421,0.636363,-0.770609,-0.034715,0.770741,0.637029,-0.012356,0.031636,-0.018893,0.999321,0,0.68000,-0.92818,40.800,-1.856,-1,425.000,575.000,275.000,525.000,300.000,250.000,275.000,300.000,-1,-1,-1,-1,625.000,375.000,-1,400.000,2,0,1,1,1,1,1,0,0,2,2,2,2,1,1,2,1
68,-7803.585,7492.110,-344.804,48.569,0.660921,-0.749611,-0.035599,0.749776,0.661598,-0.011177,0.031930,-0.019304,0.999304,0,0.60000,-0.92609,36.000,-1.852,-1,375.000,525.000,275.000,500.000,275.000,250.000,275.000,300.000,-1,-1,-1,-1,550.000,350.000,950.000,375.000,2,1,1,1,1,1,1,0,0,2,2,2,2,1,1,1,1
69,-7782.196,7514.825,-343.449,46.722,0.684711,-0.727890,-0.036689,0.728095,0.685404,-0.009930,0.032375,-0.019913,0.999277,0,0.52000,-0.92344,31.200,-1.847,-1,350.000,475.000,250.000,500.000,275.000,225.000,275.000,300.000,-1,-1,-1,-1,475.000,350.000,825.000,375.000,2,1,1,1,1,1,1,0,0,2,2,2,2,1,1,1,1
70,-7763.490,7533.454,-342.371,44.881,0.707715,-0.705494,-0.037657,0.705736,0.708421,-0.008674,0.032796,-0.020437,0.999253,0,0.44000,-0.92026,26.400,-1.841,-1,325.000,450.000,250.000,525.000,250.000,225.000,275.000,300.000,-1,-1,-1,-1,425.000,325.000,700.000,375.000,2,1,1,1,1,1,1,0,0,2,2,2,2,1,1,1,1
71,-7747.705,7548.198,-341.591,43.048,0.729924,-0.682470,-0.038016,0.682735,0.730627,-0.007528,0.032913,-0.020460,0.999249,0,0.36000,-0.91660,21.600,-1.833,-1,300.000,425.000,250.000,575.000,225.000,200.000,275.000,300.000,-1,-1,-1,-1,375.000,325.000,600.000,375.000,2,1,1,1,1,1,1,0,0,2,2,2,2,1,1,1,1
72,-7735.069,7559.269,-341.128,41.223,0.751327,-0.658864,-0.037482,0.659126,0.752003,-0.006634,0.032558,-0.019721,0.999275,0,0.28000,-0.91254,16.800,-1.825,925.000,275.000,400.000,225.000,800.000,225.000,200.000,275.000,300.000,-1,-1,-1,-1,350.000,300.000,525.000,375.000,1,1,1,1,1,1,1,0,0,2,2,2,2,1,1,1,1
73,-7725.797,7566.887,-340.988,39.407,0.771908,-0.634719,-0.035933,0.634946,0.772532,-0.006137,0.031655,-0.018078,0.999335,0,0.20000,-0.90814,12.000,-1.816,775.000,250.000,375.000,225.000,-1,200.000,200.000,275.000,300.000,-1,-1,-1,-1,325.000,300.000,475.000,375.000,1,1,1,1,2,1,1,0,0,2,2,2,2,1,1,1,1
74,-7720.092,7571.280,-341.197,37.600,0.791638,-0.610068,-0.033559,0.610237,0.792195,-0.006117,0.030317,-0.015636,0.999418,0,0.12000,-0.90351,7.200,-1.807,675.000,250.000,375.000,225.000,-1,200.000,200.000,275.000,300.000,-1,-1,-1,-1,300.000,300.000,425.000,400.000,1,1,1,1,2,1,1,0,0,2,2,2,2,1,1,1,1
75,-7718.146,7572.683,-341.730,35.802,0.810500,-0.584945,-0.030485,0.585040,0.810977,-0.006647,0.028611,-0.012448,0.999513,0,0.04000,-0.89873,2.400,-1.797,575.000,225.000,375.000,225.000,-1,200.000,200.000,275.000,300.000,-1,-1,-1,-1,300.000,300.000,375.000,425.000,1,1,1,1,2,1,1,0,0,2,2,2,2,1,1,1,1
76,-7718.415,7572.502,-342.424,34.014,0.828467,-0.559380,-0.027142,0.559400,0.828863,-0.007588,0.026742,-0.008897,0.999603,0,-0.00541,-0.89392,-0.324,-1.788,500.000,225.000,375.000,225.000,-1,200.000,200.000,275.000,300.000,-1,-1,-1,-1,275.000,325.000,350.000,450.000,1,1,1,1,2,1,1,0,0,2,2,2,2,1,1,1,1
77,-7718.700,7572.321,-342.846,32.236,0.845491,-0.533400,-0.025077,0.533373,0.845839,-0.008319,0.025648,-0.006342,0.999651,0,-0.00562,-0.88913,-0.337,-1.778,450.000,225.000,375.000,250.000,-1,175.000,200.000,275.000,275.000,1000.000,-1,-1,-1,275.000,325.000,325.000,500.000,1,1,1,1,2,1,1,0,0,1,2,2,2,1,1,1,1
78,-7719.010,7572.139,-342.829,30.467,0.861559,-0.507041,-0.025004,0.507000,0.861905,-0.008436,0.025829,-0.005409,0.999652,0,-0.00599,-0.88438,-0.359,-1.769,400.000,200.000,375.000,250.000,-1,175.000,200.000,300.000,275.000,975.000,-1,-1,-1,275.000,350.000,300.000,600.000,1,1,1,1,2,1,1,0,0,1,2,2,2,1,1,1,1
79,-7719.352,7571.952,-342.809,28.708,0.876726,-0.480343,-0.024946,0.480288,0.877069,-0.008560,0.025992,-0.004476,0.999652,0,-0.00650,-0.87966,-0.390,-1.759,375.000,200.000,375.000,250.000,-1,175.000,200.000,300.000,275.000,975.000,-1,-1,-1,275.000,375.000,275.000,800.000,1,1,1,1,2,1,1,0,0,1,2,2,2,1,1,1,1
80,-7719.734,7571.758,-342.786,26.958,0.890991,-0.453337,-0.024905,0.453268,0.891332,-0.008690,0.026138,-0.003546,0.999652,0,-0.00715,-0.87497,-0.429,-1.750,325.000,200.000,400.000,275.000,-1,175.000,200.000,300.000,275.000,950.000,-1,-1,-1,250.000,400.000,275.000,-1,1,1,1,1,2,1,1,0,0,1,2,2,2,1,1,1,2
81,-7720.165,7571.555,-342.583,25.218,0.904349,-0.426056,-0.025095,0.425949,0.904695,-0.009728,0.026849,-0.001892,0.999638,0,-0.00794,-0.87032,-0.477,-1.741,300.000,200.000,400.000,275.000,-1,175.000,200.000,300.000,275.000,950.000,-1,-1,-1,250.000,425.000,250.000,-1,1,1,1,1,2,1,1,0,0,1,2,2,2,1,1,1,2
82,-7720.653,7571.343,-341.622,23.486,0.916777,-0.398526,-0.026393,0.398269,0.917152,-0.014595,0.030023,0.002869,0.999545,0,-0.00887,-0.86569,-0.532,-1.731,300.000,200.000,425.000,300.000,-1,200.000,225.000,300.000,275.000,950.000,-1,-1,-1,275.000,450.000,250.000,-1,1,1,1,1,2,1,1,0,0,1,2,2,2,1,1,1,2
83,-7721.207,7571.122,-340.714,21.764,0.928304,-0.370774,-0.027907,0.370355,0.928694,-0.019104,0.033000,0.007399,0.999428,0,-0.00994,-0.86110,-0.596,-1.722,275.000,225.000,450.000,325.000,-1,200.000,225.000,300.000,275.000,975.000,-1,-1,-1,275.000,525.000,250.000,-1,1,1,1,1,2,1,1,0,0,1,2,2,2,1,1,1,2
84,-7721.835,7570.894,-339.861,20.051,0.938930,-0.342831,-0.029603,0.342242,0.939324,-0.023240,0.035775,0.011689,0.999292,0,-0.01114,-0.85654,-0.668,-1.713,275.000,225.000,475.000,350.000,-1,200.000,250.000,325.000,275.000,975.000,-1,-1,-1,275.000,650.000,250.000,-1,1,1,1,1,2,1,1,0,0,1,2,2,2,1,1,1,2
85,-7722.546,7570.660,-339.065,18.347,0.948660,-0.314730,-0.031447,0.313965,0.949051,-0.026991,0.038340,0.015732,0.999141,0,-0.01247,-0.85202,-0.748,-1.704,275.000,225.000,525.000,375.000,-1,200.000,250.000,325.000,275.000,975.000,-1,-1,-1,275.000,800.000,250.000,-1,1,1,1,1,2,1,1,0,0,1,2,2,2,1,1,1,2
86,-7718.668,7571.838,-337.925,16.883,0.956325,-0.290354,-0.033716,0.289353,0.956700,-0.031622,0.041438,0.020485,0.998931,0,0.06753,-0.73202,4.052,-1.464,275.000,225.000,550.000,400.000,-1,225.000,275.000,350.000,275.000,1000.000,-1,-1,-1,300.000,975.000,225.000,-1,1,1,1,1,2,1,1,0,0,1,2,2,2,1,0,1,2
87,-7710.145,7574.230,-336.427,15.659,0.962221,-0.269816,-0.036473,0.268501,0.962561,-0.037207,0.045147,0.026009,0.998642,0,0.14753,-0.61202,8.852,-1.224,250.000,225.000,725.000,425.000,-1,225.000,275.000,350.000,275.000,-1,-1,-1,-1,300.000,1000.000,225.000,-1,1,1,1,1,2,1,1,0,0,2,2,2,2,1,0,1,2
88,-7696.939,7577.691,-334.552,14.675,0.966597,-0.253198,-0.039770,0.251466,0.966872,-0.043855,0.049556,0.032389,0.998246,0,0.22753,-0.49202,13.652,-0.984,250.000,225.000,-1,450.000,-1,225.000,275.000,375.000,275.000,-1,-1,-1,-1,300.000,-1,225.000,-1,1,1,2,1,2,1,1,0,0,2,2,2,2,1,2,1,2
89,-7679.030,7582.138,-332.277,13.931,0.969653,-0.240557,-0.043643,0.238271,0.969821,-0.051709,0.054765,0.039741,0.997708,0,0.30753,-0.37202,18.452,-0.744,225.000,225.000,-1,475.000,-1,225.000,300.000,400.000,275.000,-1,-1,-1,-1,300.000,-1,225.000,-1,1,1,2,0,2,1,1,0,0,2,2,2,2,1,2,1,2
90,-7656.415,7587.544,-329.571,13.427,0.971542,-0.231929,-0.048119,0.228909,0.971537,-0.060962,0.060888,0.048212,0.996980,0,0.38753,-0.25202,23.252,-0.504,225.000,225.000,-1,475.000,-1,225.000,300.000,425.000,250.000,-1,-1,-1,-1,300.000,-1,200.000,-1,1,1,2,0,2,1,1,0,0,2,2,2,2,1,2,1,2
91,-7629.101,7593.941,-326.397,13.163,0.972363,-0.227331,-0.053205,0.223335,0.972089,-0.071860,0.068056,0.057991,0.995995,0,0.46753,-0.13202,28.052,-0.264,225.000,225.000,-1,500.000,-1,225.000,300.000,450.000,250.000,-1,550.000,300.000,-1,300.000,-1,200.000,-1,1,1,2,0,2,1,1,0,0,2,0,0,2,1,2,1,2
92,-7597.110,7601.421,-322.708,13.139,0.972169,-0.226759,-0.058893,0.221467,0.971481,-0.084715,0.076423,0.069315,0.994663,0,0.54753,-0.01202,32.852,-0.024,200.000,225.000,-1,525.000,-1,225.000,300.000,500.000,250.000,-1,400.000,200.000,875.000,300.000,-1,200.000,-1,1,1,2,1,2,1,1,0,0,2,0,0,0,1,2,1,2
93,-7560.479,7610.135,-318.446,13.354,0.970963,-0.230188,-0.065143,0.223171,0.969645,-0.099918,0.086166,0.082478,0.992861,0,0.62753,0.10798,37.652,0.216,200.000,225.000,-1,550.000,-1,225.000,300.000,550.000,250.000,-1,325.000,150.000,675.000,300.000,-1,175.000,-1,1,1,2,1,2,1,1,0,0,2,0,0,0,1,2,1,2
94,983.884,5575.419,-484.757,116.712,-0.447669,-0.892513,-0.054891,0.893306,-0.449122,0.017165,-0.039973,-0.041350,0.998345,1,0.00000,0.00000,42.452,0.456,-1,400.000,-1,400.000,775.000,325.000,325.000,300.000,300.000,-1,-1,-1,-1,775.000,825.000,-1,-1,2,0,2,0,1,0,0,0,0,2,2,2,2,0,0,2,2
95,981.744,5579.716,-484.950,116.472,-0.443914,-0.894379,-0.055009,0.895176,-0.445375,0.017323,-0.039993,-0.041553,0.998336,0,0.08000,-0.12000,4.800,-0.240,-1,400.000,-1,400.000,775.000,325.000,325.000,300.000,300.000,-1,-1,-1,-1,775.000,825.000,-1,-1,2,0,2,0,1,0,0,0,0,2,2,2,2,0,0,2,2
96,977.537,5588.345,-485.334,115.992,-0.436383,-0.898064,-0.055242,0.898870,-0.437860,0.017640,-0.040030,-0.041957,0.998317,0,0.16000,-0.24000,9.600,-0.480,-1,400.000,-1,400.000,750.000,325.000,325.000,300.000,300.000,-1,-1,-1,-1,775.000,825.000,-1,-1,2,0,2,0,1,0,0,0,0,2,2,2,2,0,0,2,2
97,971.389,5601.366,-485.903,115.272,-0.425029,-0.903472,-0.055581,0.904292,-0.426529,0.018120,-0.040078,-0.042560,0.998290,0,0.24000,-0.36000,14.400,-0.720,-1,400.000,-1,400.000,725.000,325.000,325.000,300.000,300.000,-1,-1,-1,-1,750.000,825.000,-1,-1,2,0,2,0,1,0,0,0,0,2,2,2,2,0,0,2,2
98,963.484,5618.864,-486.649,114.312,-0.409786,-0.910460,-0.056015,0.911299,-0.411318,0.018768,-0.040128,-0.043356,0.998253,0,0.32000,-0.48000,19.200,-0.960,-1,400.000,-1,400.000,675.000,325.000,325.000,300.000,300.000,-1,-1,-1,-1,750.000,825.000,-1,-1,2,0,2,0,1,0,0,0,0,2,2,2,2,0,0,2,2
99,954.062,5640.938,-487.562,113.112,-0.390573,-0.918835,-0.056529,0.919695,-0.392144,0.019587,-0.040165,-0.044339,0.998209,0,0.40000,-0.60000,24.000,-1.200,-1,400.000,-1,400.000,650.000,325.000,325.000,300.000,300.000,-1,-1,-1,-1,750.000,825.000,-1,-1,2,0,2,0,1,0,0,0,0,2,2,2,2,0,0,2,2
100,943.426,5667.702,-488.628,111.672,-0.367293,-0.928351,-0.057101,0.929237,-0.368910,0.020585,-0.040175,-0.045500,0.998156,0,0.48000,-0.72000,28.800,-1.440,-1,400.000,-1,400.000,600.000,325.000,325.000,300.000,300.000,-1,-1,-1,-1,750.000,825.000,-1,-1,2,0,2,0,1,0,0,0,0,2,2,2,2,0,0,2,2
101,931.937,5699.277,-489.832,109.992,-0.339845,-0.938709,-0.057709,0.939625,-0.341514,0.021764,-0.040139,-0.046829,0.998096,0,0.56000,-0.84000,33.600,-1.680,-1,400.000,-1,400.000,550.000,325.000,325.000,300.000,300.000,-1,-1,-1,-1,750.000,825.000,-1,-1,2,0,2,0,1,0,0,0,0,2,2,2,2,0,0,2,2
102,920.024,5735.783,-491.153,108.072,-0.308122,-0.949557,-0.058326,0.950504,-0.309850,0.023132,-0.040037,-0.048311,0.998030,0,0.64000,-0.96000,38.400,-1.920,-1,400.000,-1,400.000,500.000,325.000,325.000,300.000,300.000,-1,-1,-1,-1,725.000,825.000,-1,-1,2,0,2,0,1,0,0,0,0,2,2,2,2,0,0,2,2
103,908.063,5777.295,-492.570,106.072,-0.274706,-0.959720,-0.058942,0.960697,-0.276501,0.024679,-0.039982,-0.049846,0.997956,0,0.72000,-1.00000,43.200,-2.000,-1,400.000,-1,400.000,475.000,325.000,325.000,300.000,300.000,-1,-1,-1,-1,725.000,825.000,-1,-1,2,0,2,0,1,0,0,0,0,2,2,2,2,0,0,2,2
104,896.391,5823.855,-494.063,104.072,-0.240948,-0.968710,-0.059547,0.969712,-0.242820,0.026401,-0.040034,-0.051383,0.997876,0,0.80000,-1.00000,48.000,-2.000,-1,400.000,-1,400.000,425.000,325.000,325.000,300.000,325.000,-1,-1,-1,-1,725.000,825.000,-1,725.000,2,0,2,0,1,0,0,0,0,2,2,2,2,0,0,2,1
105,885.348,5875.488,-495.683,102.072,-0.206983,-0.976527,-0.059608,0.977576,-0.208850,0.026947,-0.038764,-0.052694,0.997858,0,0.88000,-1.00000,52.800,-2.000,-1,375.000,-1,400.000,375.000,325.000,325.000,300.000,325.000,-1,-1,-1,-1,700.000,775.000,-1,575.000,2,0,2,0,1,0,0,0,0,2,2,2,2,0,1,2,1
106,876.753,5922.713,-496.596,100.312,-0.176918,-0.982324,-0.061160,0.983567,-0.178731,0.025528,-0.036008,-0.055639,0.997801,0,0.80000,-0.88000,48.000,-1.760,-1,400.000,-1,425.000,350.000,325.000,325.000,300.000,325.000,-1,-1,-1,-1,700.000,725.000,-1,500.000,2,0,2,0,1,0,0,0,0,2,2,2,2,0,1,2,1
107,870.148,5965.405,-497.420,98.792,-0.150857,-0.986534,-0.063194,0.988014,-0.152582,0.023398,-0.032725,-0.058907,0.997727,0,0.72000,-0.76000,43.200,-1.520,-1,400.000,-1,425.000,325.000,325.000,325.000,300.000,325.000,-1,-1,-1,-1,725.000,700.000,-1,475.000,2,0,2,0,1,0,0,0,0,2,2,2,2,0,1,2,1
108,865.126,6003.476,-498.032,97.512,-0.128885,-0.989519,-0.065123,0.991230,-0.130484,0.020902,-0.029181,-0.061858,0.997658,0,0.64000,-0.64000,38.400,-1.280,-1,400.000,-1,425.000,300.000,325.000,350.000,300.000,325.000,-1,-1,-1,-1,725.000,700.000,-1,425.000,2,0,2,1,1,0,0,0,0,2,2,2,2,0,1,2,1
109,861.337,6036.862,-498.490,96.472,-0.111008,-0.991556,-0.067037,0.993479,-0.112483,0.018626,-0.026009,-0.064533,0.997577,0,0.56000,-0.52000,33.600,-1.040,-1,400.000,-1,425.000,300.000,325.000,350.000,300.000,350.000,-1,-1,-1,-1,750.000,675.000,-1,400.000,2,0,2,1,1,0,0,0,0,2,2,2,2,0,1,2,1
110,858.489,6065.521,-498.837,95.672,-0.097254,-0.992878,-0.068813,0.994987,-0.098612,0.016626,-0.023293,-0.066851,0.997491,0,0.48000,-0.40000,28.800,-0.800,-1,400.000,-1,425.000,275.000,350.000,350.000,300.000,350.000,-1,-1,-1,-1,750.000,700.000,-1,375.000,2,0,2,1,1,0,0,0,0,2,2,2,2,0,1,2,1
111,856.349,6089.425,-499.111,95.112,-0.087634,-0.993667,-0.070323,0.995929,-0.088892,0.014960,-0.021116,-0.068726,0.997412,0,0.40000,-0.28000,24.000,-0.560,-1,400.000,-1,425.000,275.000,350.000,350.000,300.000,350.000,-1,-1,-1,-1,750.000,700.000,-1,375.000,2,0,2,1,1,0,0,0,0,2,2,2,2,0,1,2,1
112,854.744,6108.558,-499.343,94.792,-0.082154,-0.994055,-0.071451,0.996428,-0.083333,0.013677,-0.019550,-0.070072,0.997350,0,0.32000,-0.16000,19.200,-0.320,-1,400.000,-1,425.000,250.000,350.000,350.000,300.000,350.000,-1,-1,-1,-1,750.000,700.000,-1,375.000,2,0,2,1,1,0,0,0,0,2,2,2,2,0,1,2,1
113,853.561,6122.910,-499.560,94.712,-0.080813,-0.994118,-0.072108,0.996555,-0.081941,0.012817,-0.018651,-0.070824,0.997314,0,0.24000,-0.04000,14.400,-0.080,-1,425.000,-1,425.000,250.000,350.000,375.000,300.000,350.000,-1,-1,-1,-1,775.000,725.000,-1,350.000,2,0,2,1,1,0,0,0,0,2,2,2,2,0,1,2,1
114,852.745,6132.475,-499.775,94.872,-0.083608,-0.993877,-0.072240,0.996328,-0.084716,0.012409,-0.018453,-0.070937,0.997310,0,0.16000,0.08000,9.600,0.160,-1,425.000,-1,425.000,250.000,350.000,375.000,300.000,350.000,-1,-1,-1,-1,775.000,750.000,-1,375.000,2,0,2,1,1,0,0,0,0,2,2,2,2,0,1,2,1
115,852.305,6137.254,-499.991,95.272,-0.090534,-0.993299,-0.071835,0.995713,-0.091656,0.012467,-0.018967,-0.070398,0.997339,0,0.08000,0.20000,4.800,0.400,-1,425.000,-1,450.000,250.000,350.000,375.000,300.000,350.000,-1,-1,-1,-1,750.000,775.000,-1,375.000,2,0,2,1,1,0,0,0,0,2,2,2,2,0,1,2,1
116,852.306,6137.254,-500.200,95.912,-0.101587,-0.992295,-0.070927,0.994622,-0.102754,0.012986,-0.020174,-0.069226,0.997397,0,-0.00000,0.32000,-0.000,0.640,-1,400.000,-1,450.000,250.000,350.000,350.000,300.000,350.000,-1,-1,-1,-1,750.000,800.000,-1,375.000,2,0,2,1,1,0,0,0,1,2,2,2,2,0,1,2,1
117,852.875,6132.487,-500.380,96.792,-0.116757,-0.990719,-0.069595,0.992916,-0.117996,0.013946,-0.022028,-0.067474,0.997478,0,-0.08000,0.44000,-4.800,0.880,-1,400.000,-1,450.000,275.000,350.000,350.000,300.000,350.000,-1,-1,-1,-1,750.000,800.000,-1,400.000,2,0,2,1,1,0,0,0,1,2,2,2,2,0,1,2,1
118,854.198,6122.979,-500.500,97.912,-0.136027,-0.988372,-0.067956,0.990403,-0.137359,0.015300,-0.024457,-0.065223,0.997571,0,-0.16000,0.56000,-9.600,1.120,-1,400.000,-1,450.000,275.000,350.000,350.000,300.000,325.000,-1,-1,-1,-1,750.000,825.000,-1,425.000,2,0,2,0,1,0,0,0,1,2,2,2,2,0,1,2,1
119,856.512,6108.765,-500.505,99.242,-0.158853,-0.985081,-0.066194,0.986924,-0.160290,0.016951,-0.027308,-0.062636,0.997663,0,-0.24000,0.66501,-14.400,1.330,-1,400.000,-1,450.000,275.000,325.000,350.000,300.000,325.000,-1,-1,-1,-1,725.000,850.000,-1,475.000,2,0,2,0,1,0,0,0,1,2,2,2,2,0,1,2,1
120,860.036,6089.891,-500.286,100.570,-0.181566,-0.981248,-0.064694,0.982918,-0.183101,0.018592,-0.030089,-0.060213,0.997732,0,-0.32000,0.66392,-19.200,1.328,-1,400.000,-1,450.000,300.000,325.000,350.000,300.000,325.000,-1,-1,-1,-1,725.000,850.000,-1,-1,2,0,2,0,1,0,0,0,0,2,2,2,2,0,1,2,2
121,864.598,6068.243,-499.884,101.897,-0.204181,-0.976873,-0.063473,0.978386,-0.205805,0.020130,-0.032727,-0.057991,0.997781,0,-0.36871,0.66354,-22.123,1.327,-1,400.000,-1,425.000,300.000,325.000,350.000,300.000,325.000,-1,-1,-1,-1,725.000,875.000,-1,-1,2,0,2,0,1,0,0,0,0,2,2,2,2,0,1,2,2
122,868.562,6051.380,-499.596,103.224,-0.226702,-0.971963,-0.062407,0.973329,-0.228402,0.021516,-0.035166,-0.055865,0.997819,0,-0.28871,0.66355,-17.323,1.327,-1,400.000,-1,425.000,325.000,325.000,325.000,300.000,325.000,-1,-1,-1,-1,700.000,875.000,-1,-1,2,0,2,0,1,0,0,0,0,2,2,2,2,0,0,2,2
123,871.709,6039.258,-499.453,104.550,-0.249089,-0.966530,-0.061437,0.967756,-0.250855,0.022813,-0.037461,-0.053773,0.997850,0,-0.20871,0.66281,-12.523,1.326,-1,400.000,-1,425.000,350.000,325.000,325.000,300.000,325.000,-1,-1,-1,-1,700.000,850.000,-1,-1,2,0,2,0,1,0,0,0,0,2,2,2,2,0,0,2,2
124,873.823,6031.830,-499.488,105.872,-0.271305,-0.960590,-0.060496,0.961675,-0.273129,0.024105,-0.039678,-0.051638,0.997877,0,-0.12871,0.66133,-7.723,1.323,-1,400.000,-1,425.000,350.000,325.000,325.000,300.000,325.000,-1,-1,-1,-1,700.000,825.000,-1,-1,2,0,2,0,1,0,0,0,0,2,2,2,2,0,0,2,2
125,874.688,6029.038,-499.741,107.191,-0.293314,-0.954162,-0.059511,0.955098,-0.295192,0.025502,-0.041901,-0.049359,0.997902,0,-0.04871,0.65917,-2.923,1.318,-1,375.000,-1,400.000,375.000,325.000,325.000,300.000,325.000,-1,-1,-1,-1,700.000,825.000,-1,-1,2,0,2,0,1,0,0,0,0,2,2,2,2,0,0,2,2
126,874.094,6030.819,-500.257,108.503,-0.315083,-0.947266,-0.058398,0.948033,-0.317012,0.027156,-0.044237,-0.046807,0.997924,0,0.03129,0.65636,1.877,1.313,-1,375.000,-1,400.000,400.000,325.000,325.000,300.000,300.000,-1,-1,-1,-1,675.000,800.000,-1,-1,2,0,2,0,1,0,0,0,1,2,2,2,2,0,0,2,2
127,871.833,6037.101,-501.093,109.809,-0.336585,-0.939923,-0.057059,0.940488,-0.338564,0.029260,-0.046820,-0.043815,0.997942,0,0.11129,0.65294,6.677,1.306,-1,375.000,-1,400.000,425.000,325.000,325.000,300.000,300.000,-1,-1,-1,-1,675.000,775.000,-1,-1,2,0,2,0,1,0,0,0,1,2,2,2,2,0,0,2,2
128,867.701,6047.809,-502.066,111.107,-0.357796,-0.932121,-0.055979,0.932509,-0.359809,0.031045,-0.049080,-0.041093,0.997949,0,0.19129,0.64896,11.477,1.298,-1,375.000,-1,400.000,475.000,300.000,325.000,300.000,275.000,-1,-1,-1,-1,650.000,750.000,-1,-1,2,0,2,0,1,0,0,0,1,2,2,2,2,0,0,2,2
129,861.500,6062.858,-502.857,112.396,-0.378685,-0.923837,-0.055887,0.924172,-0.380706,0.031129,-0.050035,-0.039861,0.997952,0,0.27129,0.64450,16.277,1.289,-1,375.000,-1,400.000,-1,300.000,325.000,300.000,250.000,-1,-1,-1,-1,650.000,750.000,-1,-1,2,0,2,0,2,0,0,0,1,2,2,2,2,0,0,2,2
130,853.037,6082.161,-503.880,113.675,-0.399234,-0.915153,-0.055750,0.915435,-0.401256,0.031172,-0.050897,-0.038591,0.997958,0,0.35129,0.63963,21.077,1.279,1000.000,375.000,-1,375.000,-1,300.000,300.000,300.000,250.000,-1,-1,-1,-1,650.000,725.000,-1,-1,0,0,2,0,2,0,0,0,1,2,2,2,2,0,0,2,2
131,842.124,6105.625,-505.137,114.944,-0.419426,-0.906087,-0.055566,0.906319,-0.421444,0.031150,-0.051642,-0.037295,0.997969,0,0.43129,0.63444,25.877,1.269,1000.000,375.000,-1,375.000,-1,300.000,300.000,300.000,225.000,-1,-1,-1,-1,650.000,725.000,-1,-1,0,0,2,0,2,0,0,0,1,2,2,2,2,0,0,2,2
