timestep,x_cm,y_cm,z_cm,yaw_deg,basis_xx,basis_xy,basis_xz,basis_yx,basis_yy,basis_yz,basis_zx,basis_zy,basis_zz,teleport_flag,throttle_cmd,steering_cmd,cmd_move_cm,cmd_turn_deg,lidar_cm_0,lidar_cm_1,lidar_cm_2,lidar_cm_3,lidar_cm_4,lidar_cm_5,lidar_cm_6,lidar_cm_7,lidar_cm_8,lidar_cm_9,lidar_cm_10,lidar_cm_11,lidar_cm_12,lidar_cm_13,lidar_cm_14,lidar_cm_15,lidar_cm_16,lidar_class_0,lidar_class_1,lidar_class_2,lidar_class_3,lidar_class_4,lidar_class_5,lidar_class_6,lidar_class_7,lidar_class_8,lidar_class_9,lidar_class_10,lidar_class_11,lidar_class_12,lidar_class_13,lidar_class_14,lidar_class_15,lidar_class_16
0,7543.294,4263.401,193.078,-119.208,-0.493702,0.868119,-0.051260,-0.822679,-0.485341,-0.296045,-0.281880,-0.103988,0.953798,1,0.00000,0.00000,4.800,-0.240,-1,750.000,-1,600.000,0.000,625.000,600.000,150.000,0.000,0.000,0.000,-1,-1,-1,800.000,-1,0.000,2,1,2,1,1,1,1,1,1,1,1,2,2,2,1,2,1
1,-9506.825,3605.255,-354.558,-29.479,0.866883,0.491747,0.081844,-0.485037,0.869920,-0.089317,-0.115119,0.037730,0.992635,1,0.08000,0.12000,4.800,0.240,-1,400.000,-1,350.000,925.000,300.000,300.000,325.000,300.000,-1,-1,-1,-1,725.000,600.000,-1,925.000,2,0,2,0,0,0,0,0,0,2,2,2,2,0,0,2,0
2,-9498.428,3600.601,-355.574,-28.999,0.870944,0.484437,0.082327,-0.477745,0.874001,-0.088780,-0.114962,0.037991,0.992643,0,0.16000,0.24000,9.600,0.480,-1,400.000,-1,350.000,925.000,300.000,300.000,325.000,300.000,-1,-1,-1,-1,725.000,600.000,-1,900.000,2,0,2,0,0,0,0,0,0,2,2,2,2,0,0,2,0
3,-9485.747,3593.780,-357.089,-28.279,0.876921,0.473409,0.083030,-0.466746,0.880006,-0.087961,-0.114709,0.038381,0.992657,0,0.24000,0.36000,14.400,0.720,-1,400.000,-1,350.000,925.000,300.000,300.000,325.000,300.000,-1,-1,-1,-1,725.000,600.000,-1,900.000,2,0,2,0,0,0,0,0,0,2,2,2,2,0,0,2,0
4,-9468.688,3584.968,-359.093,-27.319,0.884676,0.458589,0.083926,-0.451968,0.887797,-0.086846,-0.114336,0.038899,0.992680,0,0.32000,0.48000,19.200,0.960,-1,400.000,-1,350.000,900.000,300.000,300.000,325.000,300.000,-1,-1,-1,-1,725.000,600.000,-1,900.000,2,0,2,0,0,0,0,0,0,2,2,2,2,0,0,2,0
5,-9447.139,3574.403,-361.575,-26.119,0.894024,0.439885,0.084980,-0.433319,0.897183,-0.085421,-0.113818,0.039545,0.992714,0,0.40000,0.60000,24.000,1.200,-1,400.000,-1,350.000,900.000,300.000,300.000,325.000,300.000,-1,-1,-1,-1,725.000,600.000,-1,875.000,2,0,2,0,0,0,0,0,0,2,2,2,2,0,0,2,0
6,-9420.969,3562.379,-364.518,-24.679,0.904728,0.417187,0.086153,-0.410694,0.907926,-0.083672,-0.113127,0.040318,0.992762,0,0.48000,0.72000,28.800,1.440,-1,400.000,-1,350.000,875.000,300.000,300.000,325.000,300.000,-1,-1,-1,-1,725.000,600.000,-1,875.000,2,0,2,0,0,0,0,0,0,2,2,2,2,0,0,2,0
7,-9390.040,3549.252,-367.904,-22.999,0.916498,0.390375,0.087399,-0.383972,0.919733,-0.081591,-0.112235,0.041219,0.992826,0,0.56000,0.84000,33.600,1.680,-1,400.000,-1,350.000,850.000,300.000,300.000,325.000,300.000,-1,-1,-1,-1,725.000,575.000,-1,850.000,2,0,2,0,0,0,0,0,0,2,2,2,2,0,0,2,0
8,-9354.209,3535.443,-371.714,-21.079,0.928990,0.359326,0.088676,-0.353031,0.932255,-0.079179,-0.111120,0.042251,0.992908,0,0.64000,0.96000,38.400,1.920,-1,400.000,-1,350.000,825.000,300.000,300.000,325.000,300.000,-1,-1,-1,-1,725.000,575.000,-1,825.000,2,0,2,0,0,0,0,0,0,2,2,2,2,0,0,2,0
9,-9316.366,3522.338,-375.623,-19.102,0.940760,0.326952,0.089854,-0.320773,0.944049,-0.076658,-0.109891,0.043294,0.993000,0,0.66746,0.98801,40.048,1.976,-1,400.000,-1,350.000,800.000,300.000,300.000,325.000,300.000,-1,-1,-1,-1,750.000,575.000,-1,825.000,2,0,2,0,0,0,0,0,0,2,2,2,2,0,0,2,0
10,-9277.823,3510.471,-379.590,-17.114,0.951492,0.293991,0.090733,-0.287986,0.954796,-0.073678,-0.108293,0.043974,0.993146,0,0.67216,0.99420,40.329,1.988,-1,400.000,-1,350.000,800.000,300.000,300.000,325.000,300.000,-1,-1,-1,-1,750.000,575.000,-1,825.000,2,0,2,0,0,0,0,0,0,2,2,2,2,0,0,2,0
11,-9238.628,3499.886,-383.786,-15.114,0.961184,0.260494,0.090935,-0.254818,0.964490,-0.069471,-0.105803,0.043602,0.993431,0,0.67667,1.00000,40.600,2.000,-1,400.000,-1,350.000,800.000,300.000,300.000,325.000,300.000,-1,-1,-1,-1,750.000,575.000,-1,825.000,2,0,2,0,0,0,0,0,0,2,2,2,2,0,0,2,0
12,-9199.087,3490.675,-387.823,-13.114,0.969749,0.226674,0.090585,-0.221297,0.972992,-0.065687,-0.103028,0.043654,0.993720,0,0.67667,1.00000,40.600,2.000,-1,400.000,-1,350.000,800.000,300.000,300.000,325.000,300.000,-1,-1,-1,-1,775.000,600.000,-1,850.000,2,0,2,0,0,0,0,0,0,2,2,2,2,0,0,2,0
13,-9159.190,3482.838,-391.799,-11.114,0.977136,0.192579,0.090101,-0.187479,0.980305,-0.062078,-0.100281,0.043767,0.993996,0,0.67766,1.00000,40.660,2.000,-1,400.000,-1,350.000,800.000,325.000,300.000,325.000,300.000,-1,-1,-1,-1,775.000,600.000,-1,875.000,2,0,2,0,0,0,0,0,0,2,2,2,2,0,0,2,0
14,-9118.926,3476.379,-395.772,-9.114,0.983360,0.158246,0.089229,-0.153403,0.986413,-0.058797,-0.097321,0.044131,0.994274,0,0.67967,1.00000,40.780,2.000,-1,400.000,-1,350.000,825.000,325.000,300.000,325.000,300.000,-1,-1,-1,-1,775.000,600.000,-1,900.000,2,0,2,0,0,0,0,0,0,2,2,2,2,0,0,2,0
15,-9078.332,3471.314,-399.642,-7.114,0.988382,0.123723,0.088277,-0.119132,0.991324,-0.055528,-0.094381,0.044366,0.994547,0,0.68183,1.00000,40.910,2.000,-1,400.000,-1,350.000,825.000,325.000,300.000,325.000,300.000,-1,-1,-1,-1,800.000,600.000,-1,950.000,2,0,2,0,0,0,0,0,0,2,2,2,2,0,0,2,0
16,-9037.446,3467.655,-403.425,-5.114,0.992185,0.089051,0.087402,-0.084695,0.995031,-0.052343,-0.091629,0.044531,0.994797,0,0.68416,1.00000,41.050,2.000,-1,400.000,-1,350.000,850.000,325.000,300.000,300.000,300.000,-1,-1,-1,-1,800.000,625.000,-1,1000.000,2,0,2,0,0,0,0,0,0,2,2,2,2,0,0,2,0
17,-8991.747,3465.035,-407.525,-3.282,0.994607,0.057192,0.086526,-0.053096,0.997391,-0.048918,-0.089098,0.044060,0.995048,0,0.76292,0.91614,45.775,1.832,-1,400.000,-1,350.000,900.000,325.000,300.000,300.000,300.000,-1,-1,-1,-1,800.000,625.000,-1,-1,2,0,2,0,0,0,0,0,0,2,2,2,2,0,0,2,2
18,-8945.815,3463.879,-411.549,-1.443,0.996000,0.025161,0.085743,-0.021306,0.998733,-0.045583,-0.086781,0.043573,0.995274,0,0.76577,0.91932,45.946,1.839,-1,425.000,-1,350.000,925.000,325.000,300.000,300.000,300.000,-1,-1,-1,-1,825.000,625.000,-1,-1,2,0,2,0,0,0,0,0,0,2,2,2,2,0,0,2,2
19,-8899.690,3464.203,-415.508,0.402,0.996351,-0.007005,0.085058,0.010638,0.999047,-0.042338,-0.084680,0.043088,0.995476,0,0.76878,0.92245,46.127,1.845,-1,425.000,-1,375.000,950.000,325.000,300.000,300.000,300.000,-1,-1,-1,-1,825.000,650.000,-1,-1,2,0,2,0,0,0,0,0,0,2,2,2,2,0,0,2,2
20,-8853.411,3466.023,-419.409,2.253,0.995651,-0.039273,0.084474,0.042703,0.998319,-0.039185,-0.082793,0.042622,0.995655,0,0.77193,0.92553,46.316,1.851,-1,425.000,-1,375.000,1000.000,325.000,325.000,300.000,300.000,-1,-1,-1,-1,825.000,650.000,-1,-1,2,0,2,0,0,0,0,0,0,2,2,2,2,0,0,2,2
21,-8807.017,3469.357,-423.265,4.110,0.993890,-0.071605,0.083995,0.074849,0.996540,-0.036124,-0.081118,0.042191,0.995811,0,0.77523,0.92853,46.514,1.857,-1,425.000,-1,375.000,-1,325.000,325.000,300.000,300.000,-1,-1,-1,-1,825.000,650.000,-1,-1,2,0,2,0,2,0,0,0,0,2,2,2,2,0,0,2,2
22,-8760.550,3474.219,-427.085,5.973,0.991059,-0.103965,0.083624,0.107040,0.993702,-0.033157,-0.079651,0.041812,0.995946,0,0.77868,0.93147,46.721,1.863,-1,425.000,-1,375.000,-1,325.000,325.000,300.000,300.000,-1,-1,-1,-1,825.000,675.000,-1,-1,2,0,2,0,2,0,0,0,0,2,2,2,2,0,0,2,2
23,-8714.052,3480.623,-430.880,7.841,0.987152,-0.136315,0.083365,0.139238,0.989796,-0.030285,-0.078386,0.041503,0.996059,0,0.78229,0.93434,46.937,1.869,-1,425.000,-1,375.000,-1,325.000,325.000,300.000,300.000,-1,-1,-1,-1,825.000,675.000,-1,-1,2,0,2,0,2,0,0,0,0,2,2,2,2,0,0,2,2
24,-8667.566,3488.583,-434.661,9.716,0.982163,-0.168616,0.083219,0.171403,0.984817,-0.027509,-0.077317,0.041283,0.996152,0,0.78605,0.93713,47.163,1.874,-1,425.000,-1,375.000,-1,325.000,325.000,300.000,300.000,-1,-1,-1,-1,825.000,675.000,-1,-1,2,0,2,0,2,0,0,0,0,2,2,2,2,0,0,2,2
25,-8621.136,3498.110,-438.439,11.595,0.976088,-0.200829,0.083188,0.203496,0.978761,-0.024832,-0.076434,0.041166,0.996224,0,0.78996,0.93984,47.398,1.880,-1,400.000,-1,375.000,-1,325.000,325.000,300.000,275.000,-1,-1,-1,-1,825.000,700.000,-1,-1,2,0,2,0,2,0,0,0,0,2,2,2,2,0,0,2,2
26,-8574.807,3509.216,-442.195,13.480,0.968920,-0.232916,0.083332,0.235471,0.971629,-0.022133,-0.075812,0.041067,0.996276,0,0.79403,0.94248,47.642,1.885,-1,400.000,-1,375.000,-1,325.000,325.000,300.000,275.000,-1,-1,-1,-1,825.000,700.000,-1,-1,2,0,2,0,2,0,0,0,0,2,2,2,2,0,0,2,2
27,-8528.626,3521.911,-445.840,15.370,0.960689,-0.264840,0.083285,0.267254,0.963436,-0.019118,-0.075176,0.040625,0.996342,0,0.79825,0.94502,47.895,1.890,1000.000,400.000,-1,375.000,-1,325.000,325.000,300.000,275.000,-1,-1,-1,-1,825.000,700.000,-1,-1,1,0,2,0,2,0,0,0,0,2,2,2,2,0,0,2,2
28,-8482.639,3536.204,-449.487,17.265,0.951381,-0.296558,0.083232,0.298839,0.954167,-0.016150,-0.074628,0.040237,0.996399,0,0.80262,0.94748,48.157,1.895,950.000,400.000,-1,375.000,-1,325.000,325.000,275.000,275.000,-1,-1,-1,-1,825.000,700.000,-1,-1,1,0,2,0,2,0,0,0,0,2,2,2,2,0,0,2,2
29,-8436.894,3552.103,-453.066,19.165,0.940968,-0.328025,0.083536,0.330212,0.943811,-0.013469,-0.074424,0.040259,0.996414,0,0.80714,0.94985,48.429,1.900,900.000,400.000,-1,375.000,-1,325.000,325.000,275.000,275.000,-1,-1,-1,-1,800.000,725.000,975.000,-1,1,0,2,0,2,0,0,0,0,2,2,2,2,0,0,1,2
30,-8391.442,3569.614,-456.541,21.069,0.929482,-0.359197,0.083903,0.361338,0.932366,-0.011367,-0.074145,0.040883,0.996409,0,0.81181,0.95213,48.709,1.904,850.000,400.000,-1,375.000,-1,325.000,325.000,275.000,275.000,-1,-1,-1,-1,800.000,700.000,925.000,-1,1,0,2,0,2,0,0,0,0,2,2,2,2,1,1,1,2
31,-8346.332,3588.742,-459.918,22.978,0.916949,-0.390031,0.084148,0.392173,0.919838,-0.009949,-0.073522,0.042123,0.996404,0,0.81664,0.95431,48.998,1.909,800.000,400.000,1000.000,375.000,-1,325.000,325.000,275.000,275.000,-1,-1,-1,-1,750.000,675.000,875.000,-1,1,0,1,0,2,0,0,0,0,2,2,2,2,1,1,1,2
32,-8301.615,3609.491,-463.316,24.891,0.903356,-0.420491,0.084472,0.422649,0.906252,-0.008659,-0.072912,0.043524,0.996388,0,0.82161,0.95640,49.296,1.913,750.000,400.000,950.000,375.000,-1,325.000,325.000,275.000,275.000,-1,-1,-1,-1,725.000,650.000,825.000,-1,1,0,1,0,2,0,0,0,0,2,2,2,2,1,1,1,2
33,-8257.344,3631.863,-466.741,26.808,0.888714,-0.450537,0.084880,0.452726,0.891618,-0.007506,-0.072299,0.045098,0.996363,0,0.82672,0.95839,49.603,1.917,700.000,400.000,900.000,375.000,-1,325.000,325.000,275.000,275.000,-1,-1,-1,-1,675.000,600.000,750.000,925.000,1,0,1,0,2,0,0,0,0,2,2,2,2,1,1,1,1
34,-8213.571,3655.857,-470.197,28.728,0.873035,-0.480126,0.085377,0.482364,0.875947,-0.006499,-0.071665,0.046857,0.996328,0,0.83197,0.96028,49.918,1.921,650.000,400.000,850.000,375.000,-1,325.000,325.000,275.000,275.000,-1,-1,-1,-1,650.000,575.000,700.000,800.000,1,0,1,0,2,0,0,0,0,2,2,2,2,1,1,1,1
35,-8170.349,3681.473,-473.548,30.652,0.856388,-0.509232,0.085338,0.511487,0.859274,-0.005407,-0.070575,0.048280,0.996337,0,0.83737,0.96208,50.242,1.924,600.000,400.000,800.000,375.000,-1,325.000,325.000,275.000,275.000,-1,-1,-1,-1,625.000,550.000,650.000,700.000,1,0,1,1,2,0,0,0,0,2,2,2,2,1,1,1,1
36,-8127.734,3708.706,-476.874,32.580,0.838761,-0.537810,0.085095,0.540080,0.841602,-0.004421,-0.069238,0.049667,0.996363,0,0.84290,0.96378,50.574,1.928,575.000,400.000,750.000,375.000,925.000,325.000,325.000,300.000,275.000,-1,-1,-1,-1,575.000,500.000,600.000,600.000,1,0,1,1,1,0,0,0,0,2,2,2,2,1,1,1,1
37,-8085.781,3737.552,-480.230,34.511,0.820152,-0.565816,0.084877,0.568117,0.822940,-0.003650,-0.067784,0.051213,0.996385,0,0.84856,0.96538,50.914,1.931,525.000,400.000,700.000,350.000,675.000,325.000,325.000,300.000,275.000,-1,-1,-1,-1,550.000,475.000,550.000,525.000,1,1,1,1,1,0,1,0,0,2,2,2,2,1,1,1,1
38,-8044.546,3768.004,-483.531,36.444,0.800571,-0.593220,0.084711,0.595542,0.803320,-0.002694,-0.066452,0.052606,0.996402,0,0.85435,0.96690,51.261,1.934,475.000,375.000,650.000,325.000,550.000,325.000,300.000,300.000,275.000,-1,-1,-1,-1,525.000,450.000,500.000,450.000,1,1,1,1,1,0,1,0,0,2,2,2,2,1,1,1,1
39,-8004.085,3800.053,-486.825,38.381,0.780045,-0.619982,0.084566,0.622328,0.782754,-0.001775,-0.065094,0.054012,0.996416,0,0.86027,0.96832,51.616,1.937,425.000,350.000,600.000,300.000,450.000,325.000,300.000,300.000,275.000,-1,-1,-1,-1,475.000,400.000,450.000,400.000,1,1,1,1,1,0,1,0,0,2,2,2,2,1,1,1,1
40,-7963.794,3834.000,-490.186,40.114,0.760918,-0.643329,0.084453,0.645700,0.763590,-0.001009,-0.063838,0.055299,0.996427,0,0.87810,0.86663,52.686,1.733,400.000,325.000,550.000,300.000,350.000,325.000,275.000,300.000,300.000,-1,-1,-1,-1,450.000,375.000,400.000,325.000,1,1,1,1,1,1,1,0,0,2,2,2,2,1,1,1,1
41,-7924.335,3869.321,-491.426,41.832,0.741863,-0.665917,0.078705,0.668217,0.743956,-0.003967,-0.055912,0.055535,0.996890,0,0.88267,0.85874,52.960,1.717,375.000,325.000,525.000,275.000,325.000,300.000,275.000,300.000,300.000,-1,-1,-1,-1,425.000,350.000,375.000,300.000,1,1,1,1,1,1,1,0,0,2,2,2,2,1,1,1,1
42,-7885.770,3905.960,-490.838,43.532,0.722762,-0.687737,0.068073,0.689807,0.723921,-0.010267,-0.042218,0.054378,0.997628,0,0.88661,0.84995,53.197,1.700,375.000,325.000,525.000,275.000,300.000,275.000,250.000,300.000,325.000,-1,-1,-1,-1,400.000,350.000,375.000,275.000,1,1,1,1,1,1,1,0,0,2,2,2,2,1,1,1,1
43,-7848.161,3943.850,-489.535,45.212,0.703271,-0.708750,0.055526,0.710440,0.703523,-0.018193,-0.026169,0.052242,0.998291,0,0.88980,0.84019,53.388,1.680,375.000,300.000,525.000,275.000,275.000,275.000,250.000,300.000,325.000,-1,425.000,450.000,-1,400.000,325.000,375.000,275.000,1,1,1,1,1,1,1,0,0,2,0,0,2,1,1,1,1
44,-7814.810,3979.183,-487.753,46.652,0.686042,-0.726315,0.042584,0.727498,0.685583,-0.026878,-0.009673,0.049420,0.998731,0,0.80980,0.72019,48.588,1.440,375.000,300.000,525.000,250.000,250.000,275.000,250.000,325.000,350.000,-1,275.000,300.000,-1,400.000,325.000,375.000,250.000,1,1,1,1,1,1,1,0,1,2,0,0,2,1,1,1,1
45,-7785.427,4011.649,-485.665,47.853,0.671250,-0.740634,0.029752,0.741201,0.670323,-0.035892,0.006639,0.046145,0.998913,0,0.72980,0.60019,43.788,1.200,400.000,300.000,525.000,250.000,250.000,250.000,250.000,325.000,350.000,900.000,200.000,225.000,-1,400.000,325.000,375.000,250.000,1,1,1,1,1,1,1,1,1,0,0,0,2,1,1,1,1
46,-7759.752,4040.990,-483.137,48.813,0.659056,-0.751874,0.018182,0.751791,0.657910,-0.044324,0.021364,0.042881,0.998852,0,0.64980,0.48019,38.988,0.960,400.000,300.000,550.000,250.000,225.000,250.000,225.000,325.000,350.000,800.000,150.000,175.000,-1,400.000,325.000,375.000,225.000,1,1,1,1,1,1,1,1,1,0,0,0,2,1,1,1,1
47,-7737.563,4067.000,-480.622,49.534,0.649661,-0.760188,0.007390,0.759415,0.648492,-0.052413,0.035051,0.039663,0.998598,0,0.56980,0.36019,34.188,0.720,425.000,300.000,575.000,250.000,225.000,250.000,225.000,325.000,350.000,725.000,125.000,150.000,-1,400.000,325.000,400.000,225.000,1,1,1,1,1,1,1,1,1,0,0,0,2,1,1,1,1
48,-7718.677,4089.518,-478.238,50.014,0.643209,-0.765687,-0.002426,0.764224,0.642170,-0.059830,0.047369,0.036629,0.998206,0,0.48980,0.24019,29.388,0.480,425.000,300.000,600.000,250.000,225.000,250.000,225.000,325.000,350.000,650.000,100.000,150.000,-1,400.000,325.000,400.000,225.000,1,1,1,1,1,1,1,1,1,0,0,0,2,1,1,1,1
49,-7702.954,4108.424,-476.082,50.254,0.639817,-0.768448,-0.011083,0.766334,0.639013,-0.066290,0.058022,0.033920,0.997739,0,0.40980,0.12019,24.588,0.240,450.000,300.000,650.000,250.000,225.000,250.000,225.000,325.000,350.000,600.000,100.000,125.000,-1,400.000,325.000,400.000,225.000,1,1,1,1,1,1,1,1,1,0,0,0,2,1,1,1,1
50,-7690.301,4123.640,-474.233,50.255,0.639574,-0.768509,-0.018423,0.765825,0.639056,-0.071551,0.066761,0.031653,0.997267,0,0.32980,0.00019,19.788,0.000,-1,300.000,700.000,250.000,225.000,250.000,225.000,325.000,350.000,575.000,75.000,125.000,1000.000,400.000,325.000,425.000,225.000,2,1,1,1,1,1,1,1,1,0,0,0,0,1,1,1,1
51,-6231.951,-2952.569,-35.274,158.891,-0.917361,-0.315614,-0.242563,0.133140,-0.817557,0.560245,-0.375130,0.481652,0.792016,1,0.00000,0.00000,14.988,-0.240,-1,600.000,-1,975.000,-1,550.000,625.000,175.000,75.000,-1,-1,-1,-1,-1,-1,-1,-1,2,1,2,1,2,1,1,1,1,2,2,2,2,2,2,2,2
52,4924.249,8198.473,111.417,-8.185,0.987936,0.142235,-0.061258,-0.139096,0.988871,0.052790,0.068084,-0.043633,0.996725,1,0.08000,-0.12000,4.800,-0.240,475.000,350.000,-1,350.000,-1,300.000,300.000,325.000,325.000,-1,250.000,225.000,-1,500.000,675.000,475.000,-1,1,1,2,0,2,0,0,0,0,2,0,0,2,1,0,1,2
53,4933.740,8197.026,112.047,-8.665,0.986619,0.150518,-0.062661,-0.147317,0.987672,0.052938,0.069857,-0.042999,0.996630,0,0.16000,-0.24000,9.600,-0.480,475.000,350.000,-1,350.000,-1,300.000,300.000,325.000,325.000,-1,225.000,225.000,-1,500.000,700.000,475.000,-1,1,1,2,0,2,0,0,0,0,2,0,0,2,1,0,1,2
54,4947.951,8194.697,112.999,-9.305,0.984739,0.161543,-0.064757,-0.158247,0.985966,0.053193,0.072441,-0.042134,0.996482,0,0.24000,-0.31989,14.400,-0.640,450.000,350.000,-1,350.000,-1,300.000,300.000,325.000,325.000,-1,225.000,225.000,-1,500.000,700.000,450.000,-1,1,1,2,0,2,0,0,0,0,2,0,0,2,1,0,1,2
55,4966.863,8191.385,114.285,-9.931,0.982725,0.172309,-0.067532,-0.168882,0.984179,0.053577,0.075696,-0.041247,0.996278,0,0.32000,-0.31291,19.200,-0.626,450.000,350.000,-1,375.000,-1,300.000,300.000,325.000,325.000,-1,225.000,200.000,-1,525.000,725.000,450.000,-1,1,1,2,0,2,0,0,0,0,2,0,0,2,1,0,1,2
56,4990.459,8186.994,115.907,-10.539,0.980591,0.182764,-0.070981,-0.179172,0.982329,0.054104,0.079615,-0.040336,0.996009,0,0.40000,-0.30443,24.000,-0.609,425.000,350.000,-1,375.000,-1,300.000,300.000,325.000,325.000,-1,200.000,200.000,-1,525.000,750.000,425.000,-1,1,1,2,0,2,0,0,0,0,2,0,0,2,1,0,1,2
57,5018.719,8181.435,117.870,-11.128,0.978349,0.192854,-0.075100,-0.189060,0.980436,0.054784,0.084196,-0.039400,0.995670,0,0.48000,-0.29434,28.800,-0.589,400.000,350.000,-1,375.000,-1,300.000,300.000,325.000,325.000,-1,200.000,200.000,-1,525.000,775.000,425.000,-1,1,1,2,0,2,0,0,0,0,2,0,0,2,1,0,1,2
58,5051.622,8174.624,120.178,-11.693,0.976014,0.202521,-0.079884,-0.198489,0.978523,0.055625,0.089433,-0.038435,0.995251,0,0.56000,-0.28251,33.600,-0.565,375.000,350.000,-1,375.000,-1,300.000,300.000,300.000,325.000,-1,200.000,175.000,-1,550.000,825.000,400.000,-1,1,1,2,0,2,0,0,0,0,2,0,0,2,1,0,1,2
59,5089.152,8166.488,122.832,-12.231,0.973602,0.211701,-0.085328,-0.207393,0.976617,0.056631,0.095322,-0.037440,0.994742,0,0.64000,-0.26879,38.400,-0.538,350.000,375.000,-1,400.000,-1,300.000,325.000,300.000,325.000,-1,175.000,175.000,-1,575.000,875.000,375.000,-1,1,1,2,0,2,0,0,0,0,2,0,0,2,1,0,1,2
60,5131.290,8156.962,125.835,-12.737,0.971132,0.220327,-0.091429,-0.215705,0.974746,0.057801,0.101856,-0.036411,0.994133,0,0.72000,-0.25303,43.200,-0.506,325.000,375.000,-1,400.000,-1,325.000,325.000,300.000,325.000,-1,175.000,150.000,-1,625.000,925.000,375.000,-1,1,1,2,0,2,0,0,0,0,2,0,0,2,1,1,1,2
61,5178.022,8145.994,129.380,-13.207,0.968662,0.228332,-0.097768,-0.223468,0.972970,0.058242,0.108424,-0.034569,0.993503,0,0.80000,-0.23504,48.000,-0.470,300.000,400.000,-1,425.000,-1,325.000,325.000,300.000,325.000,-1,175.000,150.000,1000.000,675.000,925.000,350.000,-1,1,0,2,0,2,0,0,0,0,2,0,0,0,1,1,1,2
62,5229.335,8133.544,135.267,-13.636,0.965960,0.235683,-0.106650,-0.231410,0.971519,0.050991,0.115630,-0.024575,0.992988,0,0.88000,-0.21460,52.800,-0.429,275.000,425.000,-1,450.000,-1,350.000,350.000,325.000,300.000,-1,200.000,175.000,875.000,825.000,925.000,375.000,-1,1,0,2,0,2,0,0,0,0,2,0,0,0,1,1,1,2
63,5285.222,8119.591,141.855,-14.019,0.963140,0.242225,-0.116995,-0.238806,0.970132,0.042615,0.123823,-0.013106,0.992218,0,0.96000,-0.19151,57.600,-0.383,275.000,450.000,-1,450.000,-1,375.000,375.000,325.000,300.000,-1,225.000,175.000,775.000,-1,900.000,425.000,-1,1,0,2,0,2,0,0,0,0,2,0,0,0,2,1,1,2
64,5343.351,8104.720,149.251,-14.350,0.961355,0.247839,-0.119884,-0.244925,0.968769,0.038703,0.125732,-0.007845,0.992033,0,1.00000,-0.16552,60.000,-0.331,275.000,475.000,-1,475.000,975.000,375.000,375.000,350.000,300.000,-1,275.000,225.000,775.000,-1,900.000,475.000,-1,1,0,2,0,1,0,0,0,0,2,0,0,0,2,1,1,2
65,5401.406,8089.572,155.793,-14.625,0.960224,0.252491,-0.119238,-0.250036,0.967590,0.035375,0.124305,-0.004155,0.992235,0,1.00000,-0.13749,60.000,-0.275,250.000,475.000,-1,475.000,925.000,375.000,375.000,325.000,275.000,-1,325.000,275.000,825.000,-1,850.000,-1,-1,1,0,2,0,1,0,0,1,0,2,0,0,0,2,1,2,2
66,5459.404,8074.203,161.720,-14.842,0.959638,0.256154,-0.116102,-0.253948,0.966632,0.033667,0.120852,-0.002824,0.992667,0,1.00000,-0.10847,60.000,-0.217,250.000,475.000,-1,475.000,850.000,375.000,375.000,275.000,275.000,-1,400.000,350.000,875.000,-1,825.000,-1,-1,1,1,2,0,1,0,0,1,0,2,0,0,0,2,1,2,2
67,5517.358,8058.675,167.051,-14.999,0.959585,0.258804,-0.110529,-0.256656,0.965922,0.033491,0.115430,-0.003769,0.993308,0,1.00000,-0.07859,60.000,-0.157,225.000,475.000,-1,475.000,800.000,375.000,375.000,225.000,275.000,-1,475.000,450.000,950.000,-1,775.000,-1,-1,1,1,2,0,1,0,0,1,0,2,0,0,0,2,1,2,2
68,5575.285,8043.049,171.808,-15.095,0.960029,0.260418,-0.102602,-0.258179,0.965471,0.034766,0.108113,-0.006887,0.994115,0,1.00000,-0.04801,60.000,-0.096,225.000,450.000,-1,450.000,725.000,350.000,350.000,175.000,275.000,-1,600.000,550.000,-1,-1,725.000,-1,-1,1,1,2,0,1,0,0,1,0,2,0,0,2,2,1,2,2
69,5633.203,8027.390,176.018,-15.129,0.960910,0.260976,-0.092431,-0.258561,0.965270,0.037416,0.098986,-0.012054,0.995016,0,1.00000,-0.01691,60.000,-0.034,200.000,425.000,-1,425.000,675.000,350.000,350.000,150.000,275.000,-1,725.000,675.000,-1,-1,675.000,-1,975.000,1,1,2,1,1,1,1,1,0,2,0,0,2,2,1,2,1
70,5686.540,8013.175,180.854,-14.923,0.962339,0.257498,-0.087173,-0.255214,0.966192,0.036590,0.093647,-0.012964,0.995521,0,0.92000,0.10309,55.200,0.206,200.000,425.000,-1,425.000,625.000,325.000,325.000,150.000,275.000,-1,850.000,800.000,-1,-1,650.000,-1,825.000,1,1,2,1,1,1,1,1,1,2,0,0,2,2,1,2,1
71,5737.359,8000.055,185.901,-14.477,0.964594,0.249968,-0.084112,-0.247915,0.968178,0.034200,0.089984,-0.012136,0.995869,0,0.87476,0.22309,52.486,0.446,225.000,425.000,-1,400.000,575.000,325.000,325.000,125.000,275.000,-1,975.000,900.000,-1,-1,625.000,-1,750.000,1,1,2,1,1,1,1,1,1,2,0,0,2,2,1,2,1
72,5787.540,7987.738,190.842,-13.791,0.967791,0.238357,-0.081030,-0.236514,0.971108,0.031770,0.086262,-0.011582,0.996205,0,0.86119,0.34309,51.671,0.686,300.000,425.000,-1,375.000,550.000,325.000,325.000,125.000,275.000,-1,-1,-1,-1,-1,575.000,-1,675.000,1,1,2,1,1,1,1,1,1,2,2,2,2,2,1,2,1
73,5837.156,7976.407,195.953,-12.864,0.971830,0.222633,-0.077334,-0.221088,0.974849,0.028097,0.081644,-0.010208,0.996609,0,0.84824,0.46309,50.894,0.926,325.000,425.000,-1,375.000,500.000,325.000,300.000,125.000,275.000,-1,-1,-1,-1,-1,550.000,-1,625.000,1,1,2,1,1,1,1,1,1,2,2,2,2,2,1,2,1
74,5886.283,7966.236,201.016,-11.698,0.976743,0.202748,-0.069753,-0.201573,0.979190,0.023568,0.073080,-0.008959,0.997286,0,0.83618,0.58309,50.171,1.166,325.000,425.000,-1,350.000,450.000,325.000,300.000,125.000,275.000,-1,-1,-1,-1,-1,525.000,-1,525.000,1,1,2,1,1,1,1,1,1,2,2,2,2,2,1,2,1
75,5934.998,7957.390,205.218,-10.292,0.981967,0.178654,-0.061827,-0.177582,0.983849,0.022466,0.064842,-0.011081,0.997834,0,0.82521,0.70309,49.513,1.406,300.000,425.000,-1,325.000,400.000,300.000,275.000,125.000,275.000,-1,-1,-1,-1,-1,475.000,-1,475.000,1,1,2,1,1,1,1,1,1,2,2,2,2,2,1,2,1
76,5983.372,7950.035,209.411,-8.646,0.986870,0.150305,-0.059130,-0.148994,0.988496,0.026024,0.062361,-0.016872,0.997911,0,0.81551,0.82309,48.931,1.646,275.000,425.000,-1,325.000,400.000,300.000,275.000,100.000,275.000,-1,-1,-1,-1,-1,475.000,-1,425.000,1,1,2,1,1,1,1,1,1,2,2,2,2,2,1,2,1
77,6031.467,7944.335,213.662,-6.760,0.991295,0.117664,-0.059074,-0.115824,0.992699,0.033661,0.062603,-0.026526,0.997686,0,0.80719,0.94309,48.432,1.886,250.000,425.000,-1,300.000,400.000,300.000,275.000,100.000,275.000,-1,-1,-1,-1,-1,475.000,-1,425.000,1,1,2,1,1,1,1,1,1,2,2,2,2,2,1,2,1
78,6079.323,7940.354,217.406,-4.760,0.994737,0.082918,-0.060189,-0.080442,0.995854,0.042472,0.063461,-0.037407,0.997283,0,0.80035,1.00000,48.021,2.000,200.000,450.000,-1,325.000,400.000,325.000,275.000,100.000,275.000,-1,-1,-1,-1,-1,475.000,-1,400.000,1,1,2,1,1,1,1,1,1,2,2,2,2,2,1,2,1
79,6132.080,7937.741,221.100,-2.840,0.996851,0.049483,-0.061970,-0.046258,0.997552,0.052438,0.064413,-0.049406,0.996700,0,0.88035,0.95994,52.821,1.920,175.000,475.000,-1,325.000,400.000,325.000,275.000,100.000,275.000,-1,-1,-1,-1,-1,475.000,475.000,400.000,1,1,2,1,1,1,1,1,1,2,2,2,2,2,1,1,1
80,6188.248,7936.822,225.057,-0.943,0.997681,0.016427,-0.066048,-0.012374,0.998042,0.061315,0.066926,-0.060355,0.995931,0,0.93626,0.94840,56.176,1.897,150.000,550.000,-1,325.000,400.000,350.000,300.000,75.000,300.000,-1,-1,-1,-1,-1,-1,350.000,400.000,1,1,2,1,1,1,1,1,1,2,2,2,2,2,2,1,1
81,6244.877,7937.529,230.474,0.714,0.997052,-0.012433,-0.075716,0.017194,0.997893,0.062561,0.074779,-0.063678,0.995165,0,0.94386,0.82840,56.632,1.657,150.000,600.000,-1,325.000,375.000,375.000,325.000,75.000,300.000,-1,-1,-1,-1,-1,-1,325.000,-1,1,1,2,1,1,1,1,1,1,2,2,2,2,2,2,1,2
82,6300.991,7939.616,235.868,2.131,0.995768,-0.037099,-0.084087,0.042383,0.997179,0.061953,0.081551,-0.065255,0.994531,0,0.93587,0.70840,56.152,1.417,150.000,625.000,-1,500.000,375.000,475.000,375.000,100.000,275.000,275.000,-1,-1,-1,-1,-1,300.000,-1,1,1,2,1,1,1,1,1,1,1,2,2,2,2,2,1,2
83,6356.423,7942.819,241.424,3.307,0.994252,-0.057574,-0.090270,0.063059,0.996256,0.059141,0.086527,-0.064493,0.994160,0,0.92539,0.58840,55.524,1.177,150.000,650.000,-1,-1,-1,575.000,525.000,100.000,275.000,200.000,-1,-1,-1,-1,-1,275.000,-1,1,1,2,2,2,1,1,1,1,1,2,2,2,2,2,1,2
84,6411.017,7946.869,246.700,4.244,0.992680,-0.073860,-0.095561,0.079459,0.995254,0.056174,0.090959,-0.063356,0.993837,0,0.91238,0.46840,54.743,0.937,150.000,675.000,-1,-1,-1,650.000,625.000,100.000,250.000,175.000,375.000,475.000,-1,-1,-1,275.000,-1,1,1,2,2,2,1,1,1,1,1,0,0,2,2,2,1,2
85,6464.628,7951.503,251.682,4.941,0.991274,-0.085965,-0.099931,0.091620,0.994359,0.053443,0.094773,-0.062132,0.993558,0,0.89683,0.34840,53.810,0.697,125.000,825.000,-1,-1,-1,725.000,750.000,100.000,250.000,150.000,300.000,425.000,-1,-1,-1,-1,-1,1,1,2,2,2,1,1,1,1,1,0,0,2,2,2,2,2
86,6517.122,7956.462,256.357,5.398,0.990201,-0.093895,-0.103371,0.099587,0.993703,0.051344,0.097899,-0.061135,0.993317,0,0.87879,0.22840,52.727,0.457,125.000,925.000,-1,-1,-1,775.000,800.000,100.000,250.000,150.000,275.000,375.000,-1,-1,-1,-1,-1,1,0,2,2,2,0,0,1,1,1,0,0,2,2,2,2,2
87,6887.314,4919.507,294.583,-49.564,0.644736,0.759855,0.083287,-0.762017,0.647501,-0.008493,-0.060382,-0.057990,0.996489,1,0.00000,0.00000,51.502,0.217,600.000,325.000,-1,300.000,-1,250.000,250.000,-1,475.000,-1,-1,-1,-1,475.000,-1,550.000,-1,1,1,2,1,2,1,1,2,0,2,2,2,2,1,2,1,2
88,6887.339,2295.738,42.934,-54.789,0.584091,0.811427,-0.020574,-0.787482,0.572635,0.227951,0.196747,-0.116943,0.973455,1,0.00000,0.00000,4.800,0.240,0.000,675.000,-1,-1,-1,725.000,-1,525.000,700.000,950.000,75.000,0.000,300.000,-1,-1,0.000,-1,0,0,2,2,2,0,2,1,0,1,1,1,1,2,2,0,2
89,-7543.255,6231.377,-445.640,70.249,0.341810,-0.939150,0.034099,0.936299,0.337208,-0.098160,0.080689,0.065479,0.994586,1,0.00000,0.00000,4.800,0.106,-1,400.000,-1,375.000,-1,325.000,300.000,300.000,300.000,775.000,300.000,375.000,575.000,800.000,750.000,-1,-1,2,0,2,0,2,0,0,0,0,0,0,1,1,0,0,2,2
90,-7541.614,6235.888,-445.281,70.009,0.345735,-0.937724,0.033770,0.934857,0.341137,-0.098323,0.080680,0.065564,0.994581,0,0.08000,-0.12000,4.800,-0.240,-1,400.000,-1,375.000,-1,325.000,300.000,300.000,300.000,775.000,300.000,375.000,575.000,825.000,750.000,-1,-1,2,0,2,0,2,0,0,0,0,0,0,1,1,0,0,2,2
91,-7538.263,6244.885,-444.566,69.572,0.352869,-0.935087,0.033115,0.932186,0.348281,-0.098638,0.080701,0.065676,0.994572,0,0.16000,-0.21865,9.600,-0.437,-1,400.000,-1,375.000,-1,325.000,300.000,300.000,300.000,775.000,300.000,400.000,575.000,825.000,750.000,-1,-1,2,0,2,0,2,0,0,0,0,0,0,1,1,0,0,2,2
92,-7533.135,6258.341,-443.491,69.137,0.359926,-0.932426,0.032174,0.929462,0.355363,-0.099079,0.080950,0.065566,0.994559,0,0.24000,-0.21719,14.400,-0.434,-1,400.000,-1,375.000,-1,325.000,325.000,300.000,300.000,775.000,300.000,400.000,600.000,825.000,775.000,-1,-1,2,0,2,0,2,0,0,0,0,0,0,1,1,0,0,2,2
93,-7526.162,6276.230,-442.058,68.707,0.366881,-0.929753,0.030949,0.926698,0.362359,-0.099633,0.081420,0.065233,0.994543,0,0.32000,-0.21502,19.200,-0.430,-1,400.000,-1,375.000,-1,325.000,325.000,300.000,300.000,775.000,300.000,400.000,600.000,825.000,775.000,-1,-1,2,0,2,0,2,0,0,0,0,0,0,0,1,0,0,2,2
94,-7517.281,6298.527,-440.267,68.283,0.373710,-0.927078,0.029442,0.923905,0.369247,-0.100280,0.082096,0.064677,0.994524,0,0.40000,-0.21211,24.000,-0.424,-1,400.000,-1,375.000,-1,325.000,325.000,300.000,300.000,800.000,300.000,400.000,625.000,850.000,800.000,-1,-1,2,0,2,0,2,0,0,0,0,0,0,0,1,0,0,2,2
95,-7506.429,6325.205,-438.117,67.866,0.380389,-0.924413,0.027663,0.921098,0.376003,-0.100998,0.082962,0.063898,0.994502,0,0.48000,-0.20849,28.800,-0.417,-1,400.000,-1,375.000,-1,325.000,325.000,300.000,300.000,800.000,300.000,400.000,650.000,850.000,825.000,-1,-1,2,0,2,0,2,0,0,0,0,0,0,0,1,0,0,2,2
96,-7493.547,6356.238,-435.606,67.458,0.386893,-0.921769,0.025622,0.918291,0.382604,-0.101760,0.083996,0.062898,0.994479,0,0.56000,-0.20414,33.600,-0.408,-1,400.000,-1,375.000,-1,325.000,325.000,300.000,300.000,800.000,300.000,400.000,675.000,875.000,850.000,-1,-1,2,0,2,0,2,0,0,0,0,0,0,0,1,0,0,2,2
97,-7478.579,6391.601,-432.728,67.060,0.393197,-0.919158,0.023334,0.915501,0.389030,-0.102538,0.085170,0.061680,0.994455,0,0.64000,-0.19906,38.400,-0.398,-1,425.000,-1,400.000,-1,325.000,325.000,300.000,300.000,800.000,300.000,400.000,725.000,900.000,900.000,-1,-1,2,0,2,0,2,0,0,0,0,0,0,0,1,0,0,2,2
98,-7462.748,6428.310,-429.634,66.673,0.399310,-0.916565,0.021448,0.912770,0.395244,-0.103120,0.086039,0.060754,0.994438,0,0.66628,-0.19326,39.977,-0.387,-1,425.000,-1,400.000,-1,325.000,325.000,275.000,300.000,825.000,300.000,400.000,750.000,925.000,925.000,-1,-1,2,0,2,0,2,0,0,0,0,0,0,0,1,0,0,2,2
99,-7446.570,6465.164,-426.251,66.299,0.405274,-0.913957,0.020879,0.910141,0.401222,-0.103264,0.086002,0.060853,0.994435,0,0.67080,-0.18721,40.248,-0.374,-1,425.000,-1,400.000,-1,325.000,325.000,275.000,300.000,850.000,325.000,425.000,775.000,950.000,950.000,-1,-1,2,0,2,0,2,0,0,0,0,0,0,0,1,0,0,2,2
100,-7430.046,6502.165,-422.985,65.937,0.410968,-0.911431,0.019965,0.907633,0.407005,-0.102707,0.085485,0.060331,0.994511,0,0.67537,-0.18111,40.522,-0.362,-1,425.000,-1,400.000,-1,350.000,325.000,275.000,300.000,875.000,375.000,475.000,825.000,975.000,975.000,-1,-1,2,0,2,0,2,0,0,0,0,0,0,0,1,0,0,2,2
101,-7413.182,6539.316,-419.680,65.587,0.416454,-0.908957,0.019087,0.905177,0.412577,-0.102154,0.084979,0.059820,0.994585,0,0.67999,-0.17496,40.799,-0.350,-1,425.000,-1,425.000,-1,350.000,350.000,275.000,300.000,900.000,400.000,500.000,850.000,1000.000,1000.000,-1,-1,2,0,2,0,2,0,0,0,0,0,0,0,1,0,0,2,2
102,-7395.983,6576.621,-416.373,65.249,0.421717,-0.906546,0.018154,0.902795,0.417941,-0.101425,0.084359,0.059162,0.994678,0,0.68465,-0.16877,41.079,-0.338,-1,425.000,-1,425.000,-1,350.000,350.000,275.000,300.000,925.000,450.000,550.000,900.000,-1,-1,-1,-1,2,0,2,0,2,0,0,0,0,0,0,0,1,2,2,2,2
103,-7378.452,6614.084,-413.069,64.924,0.426755,-0.904205,0.017152,0.900495,0.423098,-0.100484,0.083601,0.058328,0.994791,0,0.68936,-0.16253,41.362,-0.325,-1,425.000,-1,425.000,-1,350.000,350.000,275.000,300.000,950.000,475.000,575.000,925.000,-1,-1,-1,-1,2,0,2,0,2,0,0,0,0,0,0,0,1,2,2,2,2
104,-7360.595,6651.708,-409.720,64.612,0.431553,-0.901946,0.015985,0.898301,0.428052,-0.099125,0.082563,0.057137,0.994947,0,0.69412,-0.15624,41.647,-0.312,-1,450.000,-1,450.000,-1,350.000,350.000,275.000,300.000,975.000,525.000,625.000,975.000,-1,-1,-1,-1,2,0,2,0,2,0,0,0,0,0,0,0,1,2,2,2,2
105,-7342.416,6689.498,-406.372,64.312,0.436127,-0.899764,0.014751,0.896199,0.432800,-0.097533,0.081372,0.055757,0.995123,0,0.69892,-0.14990,41.935,-0.300,-1,450.000,-1,450.000,-1,350.000,350.000,275.000,300.000,1000.000,575.000,700.000,-1,-1,-1,-1,-1,2,0,2,0,2,0,0,0,0,0,0,0,2,2,2,2,2
106,-7323.921,6727.458,-403.441,64.025,0.440572,-0.897586,0.015320,0.894241,0.437302,-0.095395,0.078925,0.055728,0.995322,0,0.70377,-0.14350,42.226,-0.287,-1,450.000,-1,450.000,-1,350.000,350.000,275.000,300.000,-1,650.000,775.000,-1,-1,-1,-1,-1,2,0,2,0,2,0,0,0,0,2,0,0,2,2,2,2,2
107,-7307.502,6761.089,-401.058,63.978,0.441286,-0.897212,0.016658,0.894112,0.438031,-0.093238,0.076358,0.056039,0.995504,0,0.62377,-0.02350,37.426,-0.047,-1,450.000,-1,450.000,-1,350.000,350.000,275.000,300.000,-1,725.000,850.000,-1,-1,-1,-1,-1,2,0,2,0,2,0,0,0,0,2,0,0,2,2,2,2,2
108,-7293.287,6790.455,-399.025,64.171,0.438237,-0.898680,0.017937,0.895789,0.435005,-0.091285,0.074233,0.056072,0.995663,0,0.54377,0.09650,32.626,0.193,-1,450.000,-1,450.000,-1,350.000,350.000,275.000,300.000,-1,825.000,950.000,-1,-1,-1,-1,-1,2,0,2,0,2,0,0,0,0,2,0,0,2,2,2,2,2
109,-7281.353,6815.592,-397.320,64.604,0.431408,-0.901954,0.019118,0.899231,0.428207,-0.089566,0.072598,0.055831,0.995797,0,0.46377,0.21650,27.826,0.433,-1,450.000,-1,450.000,-1,350.000,350.000,275.000,300.000,-1,900.000,-1,-1,-1,-1,-1,-1,2,0,2,0,2,0,0,0,0,2,0,2,2,2,2,2,2
110,-7271.722,6836.506,-395.928,65.277,0.420760,-0.906948,0.020168,0.904351,0.417596,-0.088109,0.071488,0.055312,0.995907,0,0.38377,0.33650,23.026,0.673,-1,450.000,-1,450.000,-1,350.000,350.000,275.000,275.000,-1,975.000,-1,-1,-1,-1,-1,-1,2,0,2,0,2,0,0,0,0,2,0,2,2,2,2,2,2
111,-7264.364,6853.180,-394.840,66.190,0.406231,-0.913528,0.021053,0.911013,0.403109,-0.086933,0.070929,0.054495,0.995992,0,0.30377,0.45650,18.226,0.913,-1,425.000,-1,450.000,-1,350.000,350.000,275.000,275.000,-1,-1,-1,-1,-1,-1,-1,-1,2,0,2,0,2,0,0,0,0,2,2,2,2,2,2,2,2
112,-7259.191,6865.570,-394.053,67.343,0.387742,-0.921511,0.021745,0.919034,0.384669,-0.086054,0.070935,0.053352,0.996053,0,0.22377,0.57650,13.426,1.153,-1,425.000,-1,450.000,-1,350.000,350.000,275.000,275.000,-1,-1,-1,-1,-1,-1,-1,-1,2,0,2,0,2,0,0,0,0,2,2,2,2,2,2,2,2
113,-7256.062,6873.607,-393.570,68.736,0.365199,-0.930664,0.022219,0.928179,0.362183,-0.085484,0.071510,0.051842,0.996092,0,0.14377,0.69650,8.626,1.393,-1,425.000,-1,450.000,-1,350.000,350.000,275.000,275.000,-1,-1,-1,-1,-1,-1,-1,-1,2,0,2,0,2,0,0,0,0,2,2,2,2,2,2,2,2
114,-7254.776,6877.210,-393.400,70.369,0.338496,-0.940700,0.022453,0.938160,0.335547,-0.085230,0.072642,0.049915,0.996108,0,0.06377,0.81650,3.826,1.633,-1,425.000,-1,450.000,-1,350.000,350.000,275.000,275.000,-1,-1,-1,-1,1000.000,-1,-1,-1,2,0,2,0,2,0,0,0,0,2,2,2,2,0,2,2,2
115,-7255.071,6876.282,-393.558,72.242,0.307523,-0.951276,0.022432,0.948635,0.304658,-0.085297,0.074307,0.047510,0.996103,0,-0.01623,0.93650,-0.974,1.873,-1,425.000,-1,450.000,-1,350.000,350.000,275.000,275.000,-1,-1,-1,-1,975.000,-1,-1,-1,2,0,2,0,2,0,0,0,0,2,2,2,2,0,2,2,2
116,-7256.645,6870.726,-394.056,74.170,0.275282,-0.961108,0.022146,0.958329,0.272512,-0.085686,0.076318,0.044811,0.996076,0,-0.09623,0.96410,-5.774,1.928,-1,425.000,-1,450.000,-1,350.000,350.000,275.000,275.000,-1,-1,-1,-1,950.000,-1,-1,-1,2,0,2,0,2,0,0,0,0,2,2,2,2,0,2,2,2
117,-7259.184,6860.461,-394.912,76.096,0.242744,-0.969850,0.021604,0.966901,0.240081,-0.086398,0.078606,0.041861,0.996026,0,-0.17623,0.96318,-10.574,1.926,-1,425.000,-1,450.000,-1,350.000,350.000,275.000,275.000,-1,-1,-1,-1,925.000,-1,-1,-1,2,0,2,0,2,0,0,0,0,2,2,2,2,0,2,2,2
118,-7262.374,6845.422,-396.149,78.019,0.209967,-0.977487,0.020815,0.974335,0.207429,-0.087430,0.081144,0.038638,0.995953,0,-0.25623,0.96148,-15.374,1.923,-1,425.000,-1,450.000,-1,350.000,350.000,275.000,275.000,-1,-1,-1,-1,900.000,-1,-1,-1,2,0,2,0,2,0,0,0,0,2,2,2,2,0,2,2,2
119,-7265.897,6825.558,-397.786,79.937,0.177014,-0.984009,0.019791,0.980626,0.174620,-0.088778,0.083903,0.035122,0.995855,0,-0.33623,0.95900,-20.174,1.918,-1,425.000,-1,450.000,-1,350.000,350.000,275.000,275.000,-1,-1,1000.000,-1,875.000,-1,-1,-1,2,0,2,0,2,0,0,0,0,2,2,1,2,0,2,2,2
120,-7268.779,6805.425,-399.479,81.849,0.143952,-0.989407,0.018755,0.985794,0.141718,-0.090144,0.086531,0.031465,0.995752,0,-0.33897,0.95574,-20.338,1.911,-1,400.000,-1,450.000,-1,350.000,350.000,275.000,275.000,-1,1000.000,975.000,-1,875.000,-1,-1,-1,2,0,2,0,2,0,0,0,0,2,1,1,2,0,2,2,2
121,-7270.974,6785.044,-401.229,83.849,0.109167,-0.993866,0.017703,0.990024,0.107114,-0.091538,0.089080,0.027519,0.995644,0,-0.34165,1.00000,-20.499,2.000,-1,400.000,-1,450.000,-1,350.000,350.000,275.000,275.000,-1,975.000,950.000,-1,850.000,-1,-1,-1,2,0,2,0,2,0,0,0,0,2,1,1,2,0,2,2,2
122,-7272.468,6764.439,-403.031,85.849,0.074225,-0.997103,0.016642,0.993036,0.072371,-0.092965,0.091491,0.023426,0.995530,0,-0.34431,1.00000,-20.659,2.000,-1,400.000,-1,450.000,-1,350.000,350.000,275.000,275.000,-1,925.000,925.000,-1,825.000,-1,-1,-1,2,0,2,0,2,0,0,0,0,2,1,1,2,0,2,2,2
123,-7273.247,6743.638,-404.882,87.849,0.039172,-0.999111,0.015575,0.994824,0.037532,-0.094433,0.093764,0.019194,0.995409,0,-0.34693,1.00000,-20.816,2.000,-1,400.000,-1,450.000,-1,350.000,350.000,275.000,300.000,-1,900.000,900.000,-1,825.000,-1,-1,-1,2,0,2,0,2,0,0,0,0,2,1,1,2,0,2,2,2
124,-7273.301,6722.670,-406.779,89.849,0.004052,-0.999887,0.014510,0.995383,0.002641,-0.095949,0.095900,0.014832,0.995280,0,-0.34949,1.00000,-20.969,2.000,-1,400.000,-1,450.000,-1,325.000,350.000,275.000,300.000,-1,875.000,875.000,-1,800.000,-1,-1,-1,2,0,2,0,2,0,0,0,0,2,1,1,2,0,2,2,2
125,-7272.834,6706.507,-408.116,91.654,-0.027607,-0.999516,0.014329,0.994864,-0.028869,-0.097017,0.097384,0.011577,0.995180,0,-0.26949,0.90288,-16.169,1.806,-1,400.000,-1,450.000,-1,325.000,350.000,275.000,300.000,-1,850.000,875.000,-1,800.000,-1,-1,-1,2,0,2,0,2,0,0,0,0,2,1,1,2,0,2,2,2
126,-7272.146,6695.159,-409.030,93.465,-0.059311,-0.998135,0.014442,0.993376,-0.060443,-0.097731,0.098422,0.008550,0.995108,0,-0.18949,0.90545,-11.369,1.811,-1,400.000,-1,450.000,-1,325.000,350.000,275.000,300.000,-1,850.000,850.000,-1,775.000,-1,-1,-1,2,0,2,0,2,0,0,0,0,2,1,1,2,0,2,2,2
127,-7271.541,6688.618,-409.525,95.280,-0.091006,-0.995741,0.014761,0.990911,-0.092019,-0.098118,0.099059,0.005698,0.995065,0,-0.10949,0.90725,-6.569,1.815,-1,400.000,-1,450.000,-1,325.000,350.000,275.000,300.000,-1,825.000,850.000,-1,775.000,-1,-1,-1,2,0,2,0,2,0,0,0,0,2,1,1,2,0,2,2,2
128,-7271.322,6686.862,-409.597,97.096,-0.122630,-0.992335,0.015260,0.987470,-0.123539,-0.098192,0.099325,0.003028,0.995050,0,-0.02949,0.90828,-1.769,1.817,-1,400.000,-1,450.000,-1,325.000,350.000,275.000,300.000,-1,850.000,850.000,-1,775.000,-1,-1,-1,2,0,2,0,2,0,0,0,0,2,1,1,2,0,2,2,2
129,-7271.791,6689.857,-409.239,98.914,-0.154125,-0.987923,0.015911,0.983054,-0.154943,-0.097970,0.099252,0.000541,0.995062,0,0.05051,0.90856,3.031,1.817,-1,400.000,-1,450.000,-1,325.000,350.000,275.000,300.000,-1,850.000,875.000,-1,750.000,-1,-1,-1,2,0,2,0,2,0,0,0,0,2,1,1,2,0,2,2,2
130,-7273.249,6697.550,-408.447,100.730,-0.185435,-0.982515,0.016685,0.977670,-0.186176,-0.097471,0.098873,-0.001762,0.995098,0,0.13051,0.90809,7.831,1.816,-1,400.000,-1,450.000,-1,325.000,350.000,275.000,300.000,-1,850.000,875.000,-1,750.000,-1,-1,-1,2,0,2,0,2,0,0,0,0,2,1,1,2,0,2,2,2
131,-7275.992,6709.880,-407.215,102.543,-0.216503,-0.976124,0.017557,0.971328,-0.217179,-0.096722,0.098226,-0.003887,0.995157,0,0.21051,0.90690,12.631,1.814,-1,400.000,-1,450.000,-1,325.000,350.000,275.000,275.000,-1,875.000,900.000,-1,725.000,-1,-1,-1,2,0,2,0,2,0,0,0,0,2,1,1,2,0,2,2,2
132,-7280.313,6726.766,-405.539,104.353,-0.247277,-0.968768,0.018500,0.964042,-0.247899,-0.095753,0.097349,-0.005842,0.995233,0,0.29051,0.90499,17.431,1.810,-1,400.000,-1,425.000,-1,325.000,350.000,275.000,275.000,-1,900.000,950.000,-1,725.000,-1,-1,-1,2,0,2,0,2,0,0,0,0,2,1,1,2,0,2,2,2
133,-7286.500,6748.119,-403.413,106.158,-0.277705,-0.960469,0.019492,0.955829,-0.278283,-0.094600,0.096285,-0.007640,0.995325,0,0.37051,0.90239,22.231,1.805,-1,375.000,-1,425.000,-1,325.000,325.000,300.000,300.000,-1,950.000,975.000,-1,700.000,-1,-1,-1,2,0,2,0,2,0,0,0,0,2,1,1,2,0,2,2,2
134,-7294.833,6773.832,-400.831,107.956,-0.307739,-0.951250,0.020511,0.946708,-0.308281,-0.093305,0.095080,-0.009296,0.995426,0,0.45051,0.89912,27.031,1.798,-1,375.000,-1,425.000,-1,325.000,325.000,300.000,300.000,-1,975.000,-1,-1,700.000,1000.000,-1,-1,2,0,2,0,2,0,0,0,0,2,1,2,2,0,0,2,2
