timestep,x_cm,y_cm,z_cm,yaw_deg,basis_xx,basis_xy,basis_xz,basis_yx,basis_yy,basis_yz,basis_zx,basis_zy,basis_zz,teleport_flag,throttle_cmd,steering_cmd,cmd_move_cm,cmd_turn_deg,lidar_cm_0,lidar_cm_1,lidar_cm_2,lidar_cm_3,lidar_cm_4,lidar_cm_5,lidar_cm_6,lidar_cm_7,lidar_cm_8,lidar_cm_9,lidar_cm_10,lidar_cm_11,lidar_cm_12,lidar_cm_13,lidar_cm_14,lidar_cm_15,lidar_cm_16,lidar_class_0,lidar_class_1,lidar_class_2,lidar_class_3,lidar_class_4,lidar_class_5,lidar_class_6,lidar_class_7,lidar_class_8,lidar_class_9,lidar_class_10,lidar_class_11,lidar_class_12,lidar_class_13,lidar_class_14,lidar_class_15,lidar_class_16
0,-4918.609,979.180,-238.197,-79.503,0.182917,0.982499,-0.035169,-0.982932,0.182048,-0.026536,-0.019669,0.039423,0.999029,1,0.08000,-0.12000,4.800,-0.240,-1,400.000,-1,375.000,-1,325.000,325.000,300.000,300.000,-1,700.000,725.000,-1,725.000,675.000,-1,-1,2,0,2,0,2,0,0,0,0,2,0,0,2,0,0,2,2
1,-4916.939,969.726,-238.377,-79.983,0.174677,0.983998,-0.035157,-0.984427,0.173812,-0.026327,-0.019795,0.039208,0.999035,0,0.16000,-0.24000,9.600,-0.480,-1,400.000,-1,375.000,-1,325.000,325.000,300.000,300.000,-1,700.000,725.000,-1,725.000,675.000,-1,-1,2,0,2,0,2,0,0,0,0,2,0,0,2,0,0,2,2
2,-4914.613,955.515,-238.655,-80.703,0.162292,0.986118,-0.035121,-0.986541,0.161436,-0.026004,-0.019973,0.038868,0.999045,0,0.24000,-0.36000,14.400,-0.720,-1,400.000,-1,375.000,-1,325.000,325.000,300.000,300.000,-1,725.000,725.000,-1,725.000,675.000,-1,-1,2,0,2,0,2,0,0,0,0,2,0,0,2,0,0,2,2
3,-4911.829,936.518,-239.041,-81.663,0.145739,0.988703,-0.035038,-0.989117,0.144894,-0.025556,-0.020191,0.038381,0.999059,0,0.32000,-0.48000,19.200,-0.960,-1,400.000,-1,375.000,-1,325.000,325.000,300.000,300.000,-1,725.000,725.000,-1,725.000,675.000,-1,-1,2,0,2,0,2,0,0,0,0,2,0,0,2,0,0,2,2
4,-4908.826,912.706,-239.547,-82.811,0.125876,0.991432,-0.034882,-0.991836,0.125049,-0.024975,-0.020399,0.037741,0.999079,0,0.40000,-0.57430,24.000,-1.149,-1,400.000,-1,375.000,-1,325.000,325.000,300.000,300.000,-1,725.000,725.000,-1,725.000,675.000,-1,-1,2,0,2,0,2,0,0,0,0,2,0,0,2,0,0,2,2
5,-4905.796,884.066,-240.185,-83.960,0.105956,0.993767,-0.034638,-0.994160,0.105153,-0.024256,-0.020463,0.037006,0.999106,0,0.48000,-0.57430,28.800,-1.149,-1,400.000,-1,375.000,-1,325.000,325.000,300.000,300.000,-1,725.000,725.000,-1,725.000,675.000,-1,-1,2,0,2,0,2,0,0,0,0,2,0,0,2,0,0,2,2
6,-4902.931,850.588,-240.963,-85.108,0.085986,0.995706,-0.034283,-0.996088,0.085214,-0.023397,-0.020375,0.036161,0.999138,0,0.56000,-0.57430,33.600,-1.149,-1,400.000,-1,375.000,-1,325.000,325.000,300.000,300.000,-1,725.000,750.000,-1,700.000,675.000,-1,-1,2,0,2,0,2,0,0,0,0,2,0,0,2,0,0,2,2
7,-4900.506,813.505,-241.857,-86.257,0.065975,0.997248,-0.033813,-0.997618,0.065239,-0.022425,-0.020157,0.035212,0.999177,0,0.61936,-0.57430,37.162,-1.149,-1,375.000,-1,375.000,-1,325.000,325.000,300.000,300.000,-1,725.000,750.000,-1,700.000,650.000,-1,-1,2,0,2,0,2,0,0,0,0,2,0,0,2,0,0,2,2
8,-4898.824,776.382,-242.779,-87.406,0.045935,0.998391,-0.033257,-0.998746,0.045238,-0.021430,-0.019891,0.034199,0.999217,0,0.61936,-0.57430,37.162,-1.149,-1,375.000,-1,375.000,-1,325.000,325.000,300.000,300.000,-1,700.000,750.000,-1,700.000,650.000,-1,-1,2,0,2,0,2,0,0,0,0,2,0,0,2,0,0,2,2
9,-4897.887,739.232,-243.728,-88.554,0.025874,0.999133,-0.032615,-0.999474,0.025216,-0.020416,-0.019576,0.033126,0.999259,0,0.61936,-0.57430,37.162,-1.149,-1,375.000,-1,375.000,-1,325.000,325.000,300.000,300.000,-1,700.000,750.000,-1,700.000,650.000,-1,-1,2,0,2,0,2,0,0,0,0,2,0,0,2,0,0,2,2
10,-4897.695,702.070,-244.702,-89.703,0.005800,0.999475,-0.031889,-0.999799,0.005183,-0.019387,-0.019211,0.031995,0.999303,0,0.61936,-0.57430,37.162,-1.149,-1,375.000,-1,375.000,-1,325.000,300.000,300.000,300.000,-1,675.000,750.000,-1,700.000,650.000,-1,-1,2,0,2,0,2,0,0,0,0,2,0,0,2,0,0,2,2
11,-4898.247,664.913,-245.687,-90.851,-0.014277,0.999413,-0.031126,-0.999721,-0.014854,-0.018383,-0.018835,0.030855,0.999346,0,0.61936,-0.57430,37.162,-1.149,-1,375.000,-1,375.000,-1,300.000,300.000,300.000,300.000,-1,675.000,750.000,-1,700.000,650.000,-1,-1,2,0,2,0,2,0,0,0,0,2,0,0,2,0,0,2,2
12,-4899.544,627.774,-246.109,-92.000,-0.034340,0.998933,-0.030876,-0.999242,-0.034885,-0.017285,-0.018344,0.030259,0.999374,0,0.61936,-0.57430,37.162,-1.149,-1,375.000,-1,375.000,-1,300.000,300.000,300.000,300.000,-1,650.000,775.000,-1,700.000,650.000,-1,-1,2,0,2,0,2,0,0,0,0,2,0,0,2,0,0,2,2
13,-4901.586,590.668,-246.392,-93.149,-0.054407,0.998059,-0.030291,-0.998366,-0.054904,-0.015817,-0.017450,0.029381,0.999416,0,0.61936,-0.57430,37.162,-1.149,-1,375.000,-1,375.000,-1,325.000,300.000,300.000,300.000,-1,600.000,750.000,-1,700.000,650.000,-1,-1,2,0,2,0,2,0,0,0,0,2,0,0,2,0,0,2,2
14,-4904.371,553.611,-246.696,-94.297,-0.074452,0.996785,-0.029615,-0.997088,-0.074901,-0.014344,-0.016516,0.028461,0.999458,0,0.61936,-0.57430,37.162,-1.149,-1,375.000,-1,375.000,-1,325.000,300.000,300.000,300.000,-1,575.000,725.000,-1,700.000,650.000,-1,-1,2,0,2,0,2,0,0,0,0,2,0,0,2,0,0,2,2
15,-4907.898,516.617,-247.020,-95.446,-0.094468,0.995110,-0.028851,-0.995407,-0.094870,-0.012869,-0.015543,0.027503,0.999501,0,0.61936,-0.57430,37.162,-1.149,-1,375.000,-1,375.000,-1,325.000,300.000,300.000,300.000,-1,575.000,700.000,-1,700.000,650.000,-1,-1,2,0,2,0,2,0,0,0,0,2,0,0,2,0,0,2,2
16,-4912.166,479.701,-247.361,-96.594,-0.114447,0.993035,-0.028001,-0.993323,-0.114801,-0.011398,-0.014533,0.026509,0.999543,0,0.61936,-0.57430,37.162,-1.149,-1,375.000,-1,375.000,-1,325.000,300.000,300.000,300.000,-1,550.000,675.000,-1,700.000,650.000,-1,-1,2,0,2,0,2,0,0,0,0,2,0,0,2,0,0,2,2
17,-4917.173,442.878,-247.718,-97.743,-0.134378,0.990560,-0.027068,-0.990838,-0.134688,-0.009934,-0.013485,0.025485,0.999584,0,0.61936,-0.57430,37.162,-1.149,-1,375.000,-1,375.000,-1,325.000,300.000,300.000,300.000,-1,525.000,650.000,-1,700.000,650.000,-1,-1,2,0,2,0,2,0,0,0,0,2,0,0,2,0,0,2,2
18,-4922.917,406.163,-248.090,-98.892,-0.154256,0.987687,-0.026056,-0.987953,-0.154521,-0.008481,-0.012403,0.024434,0.999625,0,0.61936,-0.57430,37.162,-1.149,-1,375.000,-1,375.000,-1,325.000,300.000,300.000,300.000,-1,525.000,625.000,-1,700.000,650.000,-1,-1,2,0,2,0,2,0,0,0,0,2,0,0,2,0,0,2,2
19,-4929.396,369.570,-248.475,-100.040,-0.174070,0.984417,-0.024969,-0.984669,-0.174293,-0.007043,-0.011285,0.023360,0.999663,0,0.61936,-0.57430,37.162,-1.149,-1,375.000,-1,375.000,-1,325.000,300.000,300.000,300.000,-1,500.000,600.000,-1,675.000,650.000,-1,-1,2,0,2,0,2,0,0,0,0,2,0,0,2,0,0,2,2
20,-4936.607,333.115,-248.871,-101.189,-0.193813,0.980750,-0.023809,-0.980986,-0.193996,-0.005624,-0.010135,0.022266,0.999701,0,0.61936,-0.57430,37.162,-1.149,-1,375.000,-1,375.000,-1,325.000,300.000,300.000,300.000,-1,500.000,575.000,-1,675.000,675.000,-1,-1,2,0,2,0,2,0,0,0,0,2,0,0,2,0,0,2,2
21,-4944.548,296.811,-249.278,-102.337,-0.213476,0.976687,-0.022581,-0.976907,-0.213622,-0.004227,-0.008952,0.021157,0.999736,0,0.61936,-0.57430,37.162,-1.149,-1,375.000,-1,375.000,-1,325.000,300.000,300.000,300.000,-1,500.000,575.000,-1,675.000,675.000,-1,-1,2,0,2,0,2,0,0,0,0,2,0,0,2,0,0,2,2
22,-4953.214,260.674,-249.693,-103.486,-0.233052,0.972231,-0.021288,-0.972434,-0.233163,-0.002855,-0.007740,0.020036,0.999769,0,0.61936,-0.57430,37.162,-1.149,-1,375.000,-1,375.000,-1,325.000,300.000,300.000,300.000,-1,500.000,550.000,-1,675.000,675.000,-1,-1,2,0,2,0,2,0,0,0,0,2,0,0,2,0,0,2,2
23,-4962.604,224.718,-250.115,-104.635,-0.252531,0.967383,-0.019934,-0.967567,-0.252610,-0.001512,-0.006498,0.018906,0.999800,0,0.61936,-0.57430,37.162,-1.149,-1,375.000,-1,375.000,-1,325.000,300.000,300.000,300.000,-1,475.000,550.000,-1,675.000,675.000,-1,-1,2,0,2,0,2,0,0,0,0,2,0,0,2,0,0,2,2
24,-4972.712,188.958,-250.543,-105.783,-0.271907,0.962145,-0.018523,-0.962309,-0.271957,-0.000198,-0.005229,0.017771,0.999828,0,0.61936,-0.57430,37.162,-1.149,-1,375.000,-1,375.000,-1,300.000,300.000,300.000,300.000,-1,450.000,550.000,-1,675.000,675.000,-1,-1,2,0,2,0,2,0,0,0,0,2,0,0,2,0,0,2,2
25,-4985.101,148.866,-251.036,-107.172,-0.295178,0.955294,-0.016854,-0.955435,-0.295199,0.001242,-0.003789,0.016469,0.999857,0,0.69936,-0.69430,41.962,-1.389,-1,375.000,-1,375.000,-1,300.000,300.000,300.000,300.000,-1,425.000,525.000,-1,675.000,675.000,-1,-1,2,0,2,0,2,0,0,0,0,2,0,0,2,0,0,2,2
26,-5000.171,104.600,-251.550,-108.800,-0.322240,0.946537,-0.015115,-0.946655,-0.322237,0.002708,-0.002308,0.015181,0.999882,0,0.77936,-0.81430,46.762,-1.629,-1,375.000,-1,375.000,-1,300.000,300.000,300.000,300.000,-1,400.000,500.000,-1,675.000,675.000,-1,-1,2,0,2,0,2,0,0,0,0,2,0,0,2,0,0,2,2
27,-5017.695,57.881,-251.731,-110.561,-0.351182,0.936189,-0.014840,-0.936306,-0.351161,0.004077,-0.001395,0.015326,0.999882,0,0.83161,-0.88020,49.897,-1.760,-1,375.000,-1,375.000,-1,300.000,300.000,300.000,300.000,-1,400.000,500.000,-1,675.000,675.000,-1,-1,2,0,2,0,2,0,0,0,0,2,0,0,2,0,0,2,2
28,-5036.646,11.723,-251.700,-112.321,-0.379804,0.924945,-0.015037,-0.925067,-0.379749,0.006465,0.000269,0.016366,0.999866,0,0.83161,-0.88020,49.897,-1.760,-1,375.000,-1,375.000,-1,300.000,300.000,300.000,300.000,-1,400.000,475.000,-1,675.000,675.000,-1,-1,2,0,2,0,2,0,0,0,0,2,0,0,2,0,0,2,2
29,-5057.005,-33.831,-251.599,-114.082,-0.408073,0.912821,-0.015268,-0.912947,-0.407975,0.009232,0.002198,0.017706,0.999841,0,0.83161,-0.88020,49.897,-1.760,-1,375.000,-1,375.000,-1,300.000,300.000,300.000,300.000,-1,400.000,450.000,-1,675.000,700.000,-1,-1,2,0,2,0,2,0,0,0,0,2,0,0,2,0,0,2,2
30,-5078.754,-78.738,-251.419,-115.842,-0.435956,0.899839,-0.015217,-0.899959,-0.435815,0.011779,0.003967,0.018830,0.999815,0,0.83161,-0.88020,49.897,-1.760,-1,375.000,-1,375.000,-1,300.000,300.000,300.000,300.000,-1,425.000,450.000,-1,675.000,700.000,-1,-1,2,0,2,0,2,0,0,0,0,2,0,0,2,0,0,2,2
31,-5101.873,-122.956,-251.082,-117.602,-0.463416,0.886020,-0.014643,-0.886126,-0.463249,0.013468,0.005150,0.019216,0.999802,0,0.83161,-0.88020,49.897,-1.760,-1,375.000,-1,375.000,-1,300.000,300.000,300.000,300.000,-1,450.000,475.000,-1,700.000,700.000,-1,-1,2,0,2,0,2,0,0,0,0,2,0,0,2,0,0,2,2
32,-5126.340,-166.443,-250.763,-119.363,-0.490437,0.871366,-0.013918,-0.871454,-0.490246,0.015055,0.006295,0.019512,0.999790,0,0.83161,-0.88020,49.897,-1.760,-1,375.000,-1,375.000,-1,300.000,300.000,300.000,300.000,-1,450.000,475.000,-1,700.000,700.000,-1,-1,2,0,2,0,2,0,0,0,0,2,0,0,2,0,0,2,2
33,-5152.130,-209.158,-250.338,-121.123,-0.516994,0.855898,-0.012477,-0.855954,-0.516785,0.016603,0.007762,0.019263,0.999784,0,0.83161,-0.88020,49.897,-1.760,-1,375.000,-1,375.000,-1,300.000,325.000,300.000,300.000,-1,475.000,500.000,-1,700.000,725.000,-1,-1,2,0,2,0,2,0,0,0,0,2,0,0,2,0,0,2,2
34,-5179.221,-251.060,-249.947,-122.884,-0.543058,0.839623,-0.010998,-0.839645,-0.542837,0.017980,0.009127,0.018999,0.999778,0,0.83161,-0.88020,49.897,-1.760,-1,375.000,-1,375.000,-1,325.000,325.000,300.000,300.000,-1,500.000,500.000,-1,700.000,725.000,-1,-1,2,0,2,0,2,0,0,0,0,2,0,0,2,0,0,2,2
35,-5207.587,-292.110,-249.564,-124.644,-0.568606,0.822556,-0.009389,-0.822543,-0.568378,0.019194,0.010451,0.018637,0.999772,0,0.83161,-0.88020,49.897,-1.760,-1,375.000,-1,375.000,-1,325.000,325.000,300.000,300.000,-1,525.000,525.000,-1,700.000,750.000,-1,-1,2,0,2,0,2,0,0,0,0,2,0,0,2,0,0,2,2
36,-5237.199,-332.269,-249.196,-126.404,-0.593613,0.804714,-0.007698,-0.804666,-0.593384,0.020232,0.011713,0.018204,0.999766,0,0.83161,-0.88020,49.897,-1.760,-1,375.000,-1,400.000,-1,325.000,325.000,300.000,300.000,-1,500.000,525.000,-1,725.000,750.000,-1,-1,2,0,2,0,2,0,0,0,0,2,0,0,2,0,0,2,2
37,-5267.982,-371.101,-248.873,-128.404,-0.621337,0.783521,-0.006020,-0.783440,-0.621111,0.021071,0.012771,0.017809,0.999760,0,0.82587,-1.00000,49.552,-2.000,-1,375.000,-1,400.000,-1,325.000,325.000,300.000,300.000,-1,500.000,550.000,-1,725.000,775.000,-1,-1,2,0,2,0,2,0,0,0,0,2,0,0,2,0,0,2,2
38,-5300.101,-408.834,-248.513,-130.404,-0.648302,0.761368,-0.004744,-0.761264,-0.648078,0.021727,0.013467,0.017697,0.999753,0,0.82587,-1.00000,49.552,-2.000,-1,400.000,-1,400.000,-1,325.000,325.000,300.000,300.000,-1,500.000,550.000,-1,725.000,775.000,-1,-1,2,0,2,0,2,0,0,0,0,2,0,0,2,0,0,2,2
39,-5333.517,-445.424,-247.957,-132.404,-0.674482,0.738276,-0.004706,-0.738171,-0.674245,0.022298,0.013289,0.018513,0.999740,0,0.82587,-1.00000,49.552,-2.000,-1,400.000,-1,400.000,-1,325.000,325.000,300.000,300.000,-1,525.000,575.000,-1,725.000,775.000,-1,-1,2,0,2,0,2,0,0,0,0,2,0,0,2,0,0,2,2
40,-5368.189,-480.825,-247.339,-134.404,-0.699842,0.714279,-0.005218,-0.714186,-0.699583,0.022847,0.012668,0.019716,0.999725,0,0.82587,-1.00000,49.552,-2.000,-1,400.000,-1,400.000,-1,325.000,325.000,300.000,300.000,-1,575.000,600.000,-1,725.000,775.000,-1,-1,2,0,2,0,2,0,0,0,0,2,0,0,2,0,0,2,2
41,-5404.076,-514.995,-246.776,-136.404,-0.724346,0.689413,-0.005673,-0.689332,-0.724069,0.023351,0.011991,0.020824,0.999711,0,0.82587,-1.00000,49.552,-2.000,-1,400.000,-1,400.000,-1,325.000,325.000,300.000,300.000,-1,625.000,650.000,-1,750.000,775.000,-1,-1,2,0,2,0,2,0,0,0,0,2,0,0,2,0,0,2,2
42,-5441.134,-547.891,-246.273,-138.404,-0.747966,0.663710,-0.006051,-0.663641,-0.747672,0.023803,0.011274,0.021820,0.999698,0,0.82587,-1.00000,49.552,-2.000,-1,400.000,-1,400.000,-1,325.000,325.000,300.000,300.000,-1,675.000,675.000,-1,750.000,750.000,-1,-1,2,0,2,0,2,0,0,0,0,2,0,0,2,0,0,2,2
43,-5479.317,-579.475,-245.803,-140.404,-0.770674,0.637198,-0.006361,-0.637141,-0.770363,0.024341,0.010610,0.022812,0.999683,0,0.82587,-1.00000,49.552,-2.000,-1,400.000,-1,400.000,-1,325.000,325.000,300.000,300.000,-1,725.000,725.000,-1,750.000,750.000,-1,-1,2,0,2,0,2,0,0,0,0,2,0,0,2,0,0,2,2
44,-5518.579,-609.706,-245.327,-142.404,-0.792445,0.609908,-0.006586,-0.609859,-0.792110,0.025162,0.010129,0.023956,0.999662,0,0.82587,-1.00000,49.552,-2.000,-1,400.000,-1,400.000,-1,325.000,325.000,300.000,300.000,-1,775.000,750.000,-1,750.000,750.000,-1,-1,2,0,2,0,2,0,0,0,0,2,0,0,2,0,0,2,2
45,-5558.872,-638.549,-244.904,-144.404,-0.813249,0.581877,-0.006712,-0.581836,-0.812892,0.025950,0.009644,0.025009,0.999641,0,0.82587,-1.00000,49.552,-2.000,-1,400.000,-1,400.000,-1,325.000,325.000,300.000,300.000,-1,825.000,800.000,-1,750.000,750.000,-1,-1,2,0,2,0,2,0,0,0,0,2,0,0,2,0,0,2,2
46,-5602.154,-667.563,-244.519,-146.164,-0.830737,0.556623,-0.006753,-0.556588,-0.830360,0.026683,0.009245,0.025925,0.999621,0,0.86846,-0.88000,52.107,-1.760,-1,400.000,-1,400.000,-1,325.000,325.000,300.000,300.000,-1,850.000,825.000,-1,750.000,750.000,-1,-1,2,0,2,0,2,0,0,0,0,2,0,0,2,0,0,2,2
47,-5646.191,-695.419,-244.188,-147.684,-0.845211,0.534391,-0.006728,-0.534359,-0.844816,0.027323,0.008917,0.026688,0.999604,0,0.86846,-0.76000,52.107,-1.520,-1,400.000,-1,400.000,-1,325.000,325.000,300.000,300.000,-1,900.000,875.000,-1,750.000,750.000,-1,-1,2,0,2,0,2,0,0,0,0,2,0,0,2,0,0,2,2
48,-5690.840,-722.284,-243.817,-148.964,-0.856935,0.515381,-0.006712,-0.515356,-0.856535,0.027476,0.008411,0.027004,0.999600,0,0.86846,-0.64000,52.107,-1.280,-1,400.000,-1,400.000,-1,325.000,325.000,300.000,300.000,-1,975.000,925.000,-1,750.000,725.000,-1,-1,2,0,2,0,2,0,0,0,0,2,0,0,2,0,0,2,2
49,-5735.983,-748.308,-243.444,-150.037,-0.866430,0.499254,-0.006717,-0.499238,-0.866033,0.027352,0.007839,0.027052,0.999603,0,0.86846,-0.53638,52.107,-1.073,-1,400.000,-1,400.000,-1,325.000,325.000,300.000,300.000,-1,-1,975.000,-1,725.000,725.000,-1,-1,2,0,2,0,2,0,0,0,0,2,2,0,2,0,0,2,2
50,-5781.606,-773.483,-243.081,-151.110,-0.875619,0.482955,-0.006739,-0.482949,-0.875232,0.027006,0.007144,0.026902,0.999613,0,0.86846,-0.53638,52.107,-1.073,-1,400.000,-1,400.000,-1,325.000,325.000,300.000,300.000,-1,-1,-1,-1,725.000,725.000,-1,-1,2,0,2,0,2,0,0,0,0,2,2,2,2,0,0,2,2
51,-5827.692,-797.799,-242.771,-152.183,-0.884503,0.466486,-0.006753,-0.466490,-0.884125,0.026641,0.006458,0.026714,0.999622,0,0.86846,-0.53638,52.107,-1.073,-1,400.000,-1,375.000,-1,325.000,325.000,300.000,300.000,-1,-1,-1,-1,725.000,725.000,-1,-1,2,0,2,0,2,0,0,0,0,2,2,2,2,0,0,2,2
52,-5874.225,-821.248,-242.411,-153.256,-0.893077,0.449859,-0.006314,-0.449862,-0.892718,0.026055,0.006084,0.026110,0.999641,0,0.86846,-0.53638,52.107,-1.073,-1,375.000,-1,375.000,-1,325.000,325.000,300.000,300.000,-1,-1,-1,-1,700.000,725.000,-1,-1,2,0,2,0,2,0,0,0,0,2,2,2,2,0,0,2,2
53,-5921.189,-843.821,-242.086,-154.328,-0.901340,0.433074,-0.005808,-0.433075,-0.901000,0.025401,0.005767,0.025411,0.999660,0,0.86846,-0.53638,52.107,-1.073,-1,375.000,-1,375.000,-1,325.000,325.000,300.000,300.000,-1,-1,-1,-1,700.000,725.000,-1,-1,2,0,2,0,2,0,0,0,0,2,2,2,2,0,0,2,2
54,-5968.568,-865.512,-241.801,-155.401,-0.909286,0.416138,-0.005258,-0.416135,-0.908968,0.024688,0.005494,0.024636,0.999681,0,0.86846,-0.53638,52.107,-1.073,-1,375.000,-1,375.000,-1,325.000,325.000,300.000,300.000,-1,-1,-1,-1,700.000,725.000,-1,-1,2,0,2,0,2,0,0,0,0,2,2,2,2,0,0,2,2
55,-6016.344,-886.311,-241.471,-156.474,-0.916914,0.399052,-0.005052,-0.399053,-0.916611,0.024116,0.004992,0.024129,0.999696,0,0.86846,-0.53638,52.107,-1.073,-1,375.000,-1,375.000,-1,300.000,325.000,300.000,300.000,-1,-1,-1,-1,700.000,700.000,-1,-1,2,0,2,0,2,0,0,0,0,2,2,2,2,0,0,2,2
56,-6064.501,-906.213,-240.987,-157.547,-0.924225,0.381819,-0.004643,-0.381814,-0.923916,0.024423,0.005035,0.024345,0.999691,0,0.86846,-0.53638,52.107,-1.073,-1,375.000,-1,375.000,-1,300.000,325.000,300.000,300.000,-1,-1,-1,-1,675.000,700.000,-1,-1,2,0,2,0,2,0,0,0,0,2,2,2,2,0,0,2,2
57,-6113.023,-925.209,-240.393,-158.619,-0.931216,0.364448,-0.003917,-0.364425,-0.930885,0.025430,0.005622,0.025109,0.999669,0,0.86846,-0.53638,52.107,-1.073,-1,375.000,-1,375.000,-1,300.000,325.000,300.000,300.000,-1,-1,-1,-1,675.000,700.000,-1,-1,2,0,2,0,2,0,0,0,0,2,2,2,2,0,0,2,2
58,-6161.891,-943.294,-239.829,-159.692,-0.937879,0.346949,-0.003067,-0.346906,-0.937528,0.026426,0.006293,0.025849,0.999646,0,0.86846,-0.53638,52.107,-1.073,-1,375.000,-1,375.000,-1,300.000,325.000,300.000,300.000,-1,-1,-1,-1,675.000,700.000,-1,-1,2,0,2,0,2,0,0,0,0,2,2,2,2,0,0,2,2
59,-6211.090,-960.461,-239.294,-160.765,-0.944213,0.329330,-0.002100,-0.329261,-0.943841,0.027401,0.007042,0.026564,0.999622,0,0.86846,-0.53638,52.107,-1.073,-1,375.000,-1,375.000,-1,300.000,325.000,300.000,300.000,-1,-1,-1,-1,675.000,700.000,-1,-1,2,0,2,0,2,0,0,0,0,2,2,2,2,0,0,2,2
60,-6260.601,-976.704,-238.790,-161.838,-0.950214,0.311595,-0.001020,-0.311498,-0.949824,0.028348,0.007864,0.027254,0.999598,0,0.86846,-0.53638,52.107,-1.073,-1,375.000,-1,375.000,-1,300.000,325.000,300.000,300.000,-1,-1,-1,-1,675.000,700.000,-1,-1,2,0,2,0,2,0,0,0,0,2,2,2,2,0,0,2,2
61,-6310.408,-992.017,-238.318,-162.910,-0.955881,0.293753,0.000166,-0.293622,-0.955474,0.029258,0.008753,0.027919,0.999572,0,0.86846,-0.53638,52.107,-1.073,-1,375.000,-1,375.000,-1,325.000,325.000,325.000,300.000,-1,-1,-1,-1,675.000,700.000,-1,-1,2,0,2,0,2,0,0,0,0,2,2,2,2,0,0,2,2
62,-6360.493,-1006.395,-237.878,-163.983,-0.961212,0.275808,0.001452,-0.275641,-0.960789,0.030124,0.009703,0.028556,0.999545,0,0.86846,-0.53638,52.107,-1.073,-1,375.000,-1,375.000,-1,300.000,325.000,325.000,300.000,-1,-1,-1,-1,675.000,700.000,-1,-1,2,0,2,0,2,0,0,0,0,2,2,2,2,0,0,2,2
63,-6410.838,-1019.833,-237.471,-165.056,-0.966203,0.257767,0.002830,-0.257560,-0.965767,0.030939,0.010708,0.029165,0.999517,0,0.86846,-0.53638,52.107,-1.073,-1,375.000,-1,375.000,-1,300.000,325.000,325.000,300.000,-1,925.000,950.000,-1,650.000,700.000,-1,-1,2,0,2,0,2,0,0,0,0,2,0,0,2,0,0,2,2
64,-6461.426,-1032.325,-237.097,-166.129,-0.970853,0.239637,0.004293,-0.239386,-0.970407,0.031697,0.011761,0.029746,0.999488,0,0.86846,-0.53638,52.107,-1.073,-1,375.000,-1,375.000,-1,300.000,300.000,300.000,300.000,-1,825.000,825.000,-1,650.000,725.000,-1,-1,2,0,2,0,2,0,0,0,0,2,0,0,2,0,0,2,2
65,-6512.239,-1043.869,-236.706,-167.201,-0.975161,0.221424,0.005725,-0.221134,-0.974713,0.032169,0.012703,0.030104,0.999466,0,0.86846,-0.53638,52.107,-1.073,-1,375.000,-1,375.000,-1,300.000,300.000,300.000,300.000,-1,775.000,750.000,-1,650.000,725.000,-1,-1,2,0,2,0,2,0,0,0,0,2,0,0,2,0,0,2,2
66,-6563.259,-1054.458,-236.156,-168.274,-0.979121,0.203139,0.007584,-0.202804,-0.978699,0.031921,0.013907,0.029717,0.999462,0,0.86846,-0.53638,52.107,-1.073,-1,375.000,-1,375.000,-1,300.000,300.000,300.000,300.000,-1,700.000,700.000,-1,650.000,725.000,-1,-1,2,0,2,0,2,0,0,0,0,2,0,0,2,0,0,2,2
67,-6614.468,-1064.091,-235.511,-169.347,-0.982738,0.184780,0.009074,-0.184410,-0.982333,0.031865,0.014801,0.029642,0.999451,0,0.86846,-0.53638,52.107,-1.073,-1,375.000,-1,375.000,-1,300.000,300.000,300.000,300.000,-1,675.000,650.000,-1,650.000,725.000,-1,-1,2,0,2,0,2,0,0,0,0,2,0,0,2,0,0,2,2
68,-6665.849,-1072.764,-234.413,-170.420,-0.986012,0.166348,0.010400,-0.165917,-0.985566,0.033643,0.015846,0.031447,0.999380,0,0.86846,-0.53638,52.107,-1.073,-1,375.000,-1,375.000,-1,300.000,300.000,300.000,300.000,-1,675.000,650.000,-1,650.000,725.000,-1,-1,2,0,2,0,2,0,0,0,0,2,0,0,2,0,0,2,2
69,-6717.452,-1080.484,-233.310,-171.493,-0.988940,0.147849,0.011796,-0.147353,-0.988449,0.035436,0.016899,0.033306,0.999302,0,0.86961,-0.53663,52.177,-1.073,-1,375.000,-1,400.000,-1,300.000,325.000,300.000,300.000,-1,650.000,625.000,-1,650.000,725.000,-1,-1,2,0,2,0,2,0,0,0,0,2,0,0,2,0,0,2,2
70,-6766.469,-1087.089,-232.276,-172.326,-0.990968,0.133451,0.013130,-0.132889,-0.990438,0.037064,0.017951,0.034984,0.999227,0,0.82434,-0.41663,49.461,-0.833,-1,375.000,-1,400.000,-1,300.000,325.000,300.000,300.000,-1,650.000,625.000,-1,650.000,750.000,-1,-1,2,0,2,0,2,0,0,0,0,2,0,0,2,0,0,2,2
71,-6815.928,-1093.233,-231.238,-172.919,-0.992279,0.123182,0.014474,-0.122548,-0.991710,0.038642,0.019114,0.036570,0.999148,0,0.83064,-0.29663,49.838,-0.593,-1,375.000,-1,400.000,-1,300.000,325.000,300.000,300.000,-1,650.000,625.000,-1,675.000,750.000,-1,-1,2,0,2,0,2,0,0,0,0,2,0,0,2,0,0,2,2
72,-6865.802,-1099.117,-230.190,-173.273,-0.992999,0.117059,0.015825,-0.116347,-0.992395,0.040191,0.020410,0.038068,0.999067,0,0.83700,-0.17663,50.220,-0.353,-1,375.000,-1,400.000,-1,300.000,325.000,325.000,300.000,-1,650.000,625.000,-1,675.000,750.000,-1,-1,2,0,2,0,2,0,0,0,0,2,0,0,2,0,0,2,2
73,-6916.069,-1104.947,-229.121,-173.386,-0.993206,0.115091,0.017183,-0.114295,-0.992570,0.041728,0.021858,0.039481,0.998981,0,0.84340,-0.05663,50.604,-0.113,-1,375.000,-1,400.000,-1,300.000,325.000,325.000,300.000,-1,650.000,625.000,-1,675.000,750.000,-1,-1,2,0,2,0,2,0,0,0,0,2,0,0,2,0,0,2,2
74,-6966.716,-1110.857,-228.026,-173.345,-0.993099,0.115798,0.018554,-0.114912,-0.992433,0.043272,0.023425,0.040842,0.998891,0,0.84983,0.02059,50.990,0.041,-1,375.000,-1,400.000,-1,300.000,325.000,325.000,300.000,-1,650.000,600.000,-1,675.000,750.000,-1,-1,2,0,2,0,2,0,0,0,0,2,0,0,2,0,0,2,2
75,-7017.742,-1116.847,-226.906,-173.306,-0.992995,0.116456,0.019953,-0.115473,-0.992298,0.044831,0.025020,0.042213,0.998795,0,0.85627,0.01919,51.376,0.038,-1,375.000,-1,400.000,-1,300.000,325.000,300.000,300.000,-1,650.000,600.000,-1,675.000,750.000,-1,-1,2,0,2,0,2,0,0,0,0,2,0,0,2,0,0,2,2
76,-7069.150,-1122.913,-225.761,-173.271,-0.992894,0.117062,0.021380,-0.115977,-0.992167,0.046404,0.026645,0.043595,0.998694,0,0.86274,0.01769,51.765,0.035,-1,375.000,-1,400.000,-1,300.000,325.000,300.000,300.000,-1,650.000,600.000,-1,675.000,750.000,-1,-1,2,0,2,0,2,0,0,0,0,2,0,0,2,0,0,2,2
77,-7120.941,-1129.054,-224.589,-173.239,-0.992797,0.117612,0.022836,-0.116418,-0.992040,0.047991,0.028298,0.044987,0.998587,0,0.86923,0.01609,52.154,0.032,-1,375.000,-1,400.000,-1,300.000,325.000,300.000,300.000,-1,650.000,600.000,-1,675.000,750.000,-1,1000.000,2,0,2,0,2,0,0,0,0,2,0,0,2,0,0,2,1
78,-7173.117,-1135.268,-223.392,-173.210,-0.992704,0.118102,0.024321,-0.116793,-0.991917,0.049592,0.029981,0.046390,0.998473,0,0.87574,0.01438,52.545,0.029,-1,375.000,-1,400.000,-1,300.000,325.000,300.000,300.000,-1,650.000,575.000,-1,675.000,750.000,1000.000,925.000,2,0,2,0,2,0,0,0,0,2,0,0,2,0,1,1,1
79,-7225.680,-1141.550,-221.935,-173.185,-0.992616,0.118534,0.025753,-0.117135,-0.991840,0.050335,0.031509,0.046947,0.998400,0,0.88227,0.01255,52.936,0.025,-1,375.000,975.000,400.000,-1,300.000,325.000,300.000,300.000,-1,650.000,550.000,-1,700.000,700.000,950.000,875.000,2,0,1,0,2,0,0,0,0,2,0,0,2,0,1,1,1
80,-7278.629,-1147.898,-220.185,-173.164,-0.992550,0.118894,0.026612,-0.117411,-0.991739,0.051656,0.032534,0.048146,0.998310,0,0.88881,0.01060,53.329,0.021,-1,375.000,925.000,400.000,-1,325.000,325.000,300.000,300.000,-1,675.000,550.000,-1,700.000,675.000,900.000,825.000,2,0,1,0,2,0,0,0,0,2,0,0,2,1,1,1,1
81,-7331.966,-1154.310,-218.339,-173.147,-0.992498,0.119179,0.027283,-0.117612,-0.991632,0.053222,0.033398,0.049613,0.998210,0,0.89535,0.00850,53.721,0.017,-1,375.000,875.000,400.000,-1,325.000,325.000,300.000,300.000,-1,675.000,575.000,-1,675.000,625.000,850.000,775.000,2,0,1,0,2,0,0,0,0,2,0,0,2,1,1,1,1
82,-7385.692,-1160.780,-216.461,-173.134,-0.992455,0.119386,0.027944,-0.117733,-0.991533,0.054793,0.034249,0.051089,0.998107,0,0.90190,0.00624,54.114,0.012,-1,375.000,825.000,400.000,925.000,325.000,325.000,300.000,300.000,-1,700.000,600.000,-1,625.000,600.000,800.000,700.000,2,0,1,0,1,0,0,0,0,2,0,0,2,1,1,1,1
83,-7439.806,-1167.304,-214.550,-173.127,-0.992421,0.119509,0.028595,-0.117767,-0.991440,0.056369,0.035086,0.052574,0.998000,0,0.90843,0.00382,54.506,0.008,-1,375.000,750.000,400.000,800.000,325.000,325.000,300.000,300.000,-1,725.000,625.000,-1,575.000,550.000,725.000,650.000,2,0,1,0,1,0,0,0,0,2,0,0,2,1,1,1,1
84,-7494.309,-1173.878,-212.605,-173.124,-0.992399,0.119541,0.029234,-0.117709,-0.991356,0.057950,0.035909,0.054068,0.997891,0,0.91495,0.00120,54.897,0.002,-1,375.000,700.000,400.000,725.000,325.000,325.000,300.000,300.000,-1,750.000,650.000,-1,550.000,500.000,675.000,575.000,2,0,1,0,1,0,0,0,0,2,0,0,2,1,1,1,1
85,-7549.198,-1180.494,-210.628,-173.128,-0.992388,0.119475,0.029862,-0.117550,-0.991281,0.059535,0.036714,0.055572,0.997779,0,0.92145,-0.00163,55.287,-0.003,875.000,375.000,650.000,375.000,625.000,325.000,325.000,300.000,300.000,-1,775.000,650.000,-1,500.000,475.000,625.000,525.000,1,0,1,1,1,0,0,0,0,2,0,0,2,1,1,1,1
86,-7602.911,-1186.738,-208.690,-173.371,-0.992869,0.115255,0.030467,-0.113244,-0.991688,0.061074,0.037253,0.057188,0.997668,0,0.90124,-0.12163,54.074,-0.243,750.000,375.000,600.000,350.000,550.000,325.000,325.000,300.000,300.000,-1,800.000,675.000,-1,475.000,425.000,550.000,475.000,1,1,1,1,1,1,1,0,0,2,0,0,2,1,1,1,1
87,-7657.054,-1192.570,-206.747,-173.854,-0.993787,0.106875,0.031065,-0.104782,-0.992523,0.062603,0.037524,0.058959,0.997555,0,0.90760,-0.24163,54.456,-0.483,650.000,325.000,550.000,325.000,500.000,300.000,275.000,300.000,300.000,-1,825.000,700.000,-1,425.000,400.000,500.000,425.000,1,1,1,1,1,1,1,0,0,2,0,0,2,1,1,1,1
88,-7711.655,-1197.755,-204.809,-174.577,-0.995038,0.094327,0.031658,-0.092159,-0.993678,0.064111,0.037505,0.060875,0.997440,0,0.91411,-0.36163,54.846,-0.723,550.000,300.000,500.000,275.000,425.000,275.000,250.000,300.000,300.000,-1,875.000,725.000,-1,375.000,350.000,425.000,375.000,1,1,1,1,1,1,1,0,0,2,0,0,2,1,1,1,1
89,-7766.735,-1202.052,-202.898,-175.541,-0.996464,0.077599,0.032228,-0.075363,-0.994996,0.065606,0.037158,0.062945,0.997325,0,0.92078,-0.48163,55.247,-0.963,450.000,275.000,425.000,250.000,375.000,225.000,225.000,300.000,300.000,-1,900.000,775.000,-1,350.000,325.000,350.000,300.000,1,1,1,1,1,1,1,0,0,2,0,0,2,1,1,1,1
90,-7822.305,-1205.215,-201.026,-176.744,-0.997854,0.056680,0.032788,-0.054386,-0.996265,0.067064,0.036467,0.065137,0.997210,0,0.92765,-0.60163,55.659,-1.203,350.000,225.000,375.000,225.000,300.000,200.000,200.000,300.000,300.000,-1,950.000,800.000,-1,300.000,275.000,300.000,250.000,1,1,1,1,1,1,1,0,0,2,0,0,2,1,1,1,1
91,-7878.363,-1206.988,-197.791,-178.187,-0.998802,0.031575,0.037393,-0.029164,-0.997566,0.063340,0.039302,0.062173,0.997291,0,0.93476,-0.72163,56.086,-1.443,275.000,200.000,325.000,200.000,275.000,175.000,175.000,300.000,300.000,-1,875.000,750.000,-1,250.000,250.000,225.000,225.000,1,1,1,1,1,1,1,0,0,2,0,0,2,1,1,1,1
92,-7934.896,-1207.124,-184.817,-179.870,-0.997408,0.002258,0.071919,0.002478,-0.997837,0.065694,0.071912,0.065702,0.995245,0,0.94212,-0.84163,56.527,-1.683,275.000,200.000,350.000,200.000,350.000,175.000,175.000,350.000,350.000,-1,275.000,250.000,-1,275.000,250.000,250.000,250.000,1,1,1,1,1,1,1,0,0,2,0,0,2,1,1,1,1
93,1639.834,-3607.625,38.309,-31.434,0.853237,0.521243,-0.017092,-0.519994,0.852785,0.048619,0.039918,-0.032596,0.998671,1,0.00000,0.00000,56.985,-1.890,-1,400.000,-1,375.000,-1,325.000,300.000,300.000,300.000,-1,575.000,650.000,-1,750.000,725.000,-1,-1,2,0,2,0,2,0,0,0,0,2,0,0,2,0,0,2,2
94,1643.930,-3610.127,38.493,-31.413,0.853435,0.520918,-0.017106,-0.519661,0.852978,0.048792,0.040008,-0.032752,0.998662,0,0.08000,0.01084,4.800,0.022,-1,400.000,-1,375.000,-1,325.000,300.000,300.000,300.000,-1,575.000,650.000,-1,750.000,725.000,-1,-1,2,0,2,0,2,0,0,0,0,2,0,0,2,0,0,2,2
95,1652.125,-3615.127,38.861,-31.391,0.853634,0.520592,-0.017132,-0.519320,0.853166,0.049142,0.040199,-0.033052,0.998645,0,0.16000,0.01078,9.600,0.022,-1,400.000,-1,375.000,-1,325.000,300.000,300.000,300.000,-1,575.000,650.000,-1,750.000,725.000,-1,-1,2,0,2,0,2,0,0,0,0,2,0,0,2,0,0,2,2
96,1664.421,-3622.623,39.413,-31.370,0.853831,0.520267,-0.017165,-0.518973,0.853347,0.049666,0.040488,-0.033498,0.998618,0,0.24000,0.01066,14.400,0.021,-1,400.000,-1,375.000,-1,325.000,300.000,300.000,300.000,-1,575.000,650.000,-1,750.000,725.000,-1,-1,2,0,2,0,2,0,0,0,0,2,0,0,2,0,0,2,2
97,1680.818,-3632.612,40.150,-31.349,0.854027,0.519944,-0.017201,-0.518620,0.853520,0.050366,0.040869,-0.034093,0.998583,0,0.32000,0.01050,19.200,0.021,-1,400.000,-1,375.000,-1,325.000,300.000,300.000,300.000,-1,575.000,650.000,-1,750.000,725.000,-1,-1,2,0,2,0,2,0,0,0,0,2,0,0,2,0,0,2,2
98,1701.319,-3645.090,41.072,-31.328,0.854222,0.519623,-0.017233,-0.518263,0.853685,0.051240,0.041337,-0.034839,0.998538,0,0.40000,0.01032,24.000,0.021,-1,400.000,-1,375.000,-1,325.000,300.000,300.000,300.000,-1,550.000,650.000,-1,750.000,725.000,-1,-1,2,0,2,0,2,0,0,0,0,2,0,0,2,0,0,2,2
99,1725.925,-3660.056,42.182,-31.308,0.854416,0.519304,-0.017251,-0.517899,0.853842,0.052289,0.041884,-0.035743,0.998483,0,0.48000,0.01015,28.800,0.020,-1,400.000,-1,375.000,-1,325.000,300.000,300.000,300.000,-1,550.000,650.000,-1,750.000,725.000,-1,-1,2,0,2,0,2,0,0,0,0,2,0,0,2,0,0,2,2
100,1754.639,-3677.505,43.541,-31.288,0.854601,0.518989,-0.017540,-0.517527,0.853999,0.053406,0.042696,-0.036563,0.998419,0,0.56000,0.01004,33.600,0.020,-1,400.000,-1,375.000,-1,325.000,325.000,300.000,300.000,-1,550.000,650.000,-1,750.000,750.000,-1,-1,2,0,2,0,2,0,0,0,0,2,0,0,2,0,0,2,2
101,1787.462,-3697.436,45.240,-31.268,0.854773,0.518682,-0.018196,-0.517161,0.854168,0.054230,0.043671,-0.036943,0.998363,0,0.64000,0.01003,38.400,0.020,-1,400.000,-1,375.000,-1,325.000,325.000,300.000,300.000,-1,550.000,625.000,-1,750.000,750.000,-1,-1,2,0,2,0,2,0,0,0,0,2,0,0,2,0,0,2,2
102,1824.395,-3719.846,47.243,-31.247,0.854945,0.518377,-0.018840,-0.516810,0.854349,0.054728,0.044466,-0.037052,0.998324,0,0.72000,0.01017,43.200,0.020,-1,400.000,-1,375.000,-1,325.000,325.000,300.000,300.000,-1,575.000,650.000,-1,775.000,775.000,-1,-1,2,0,2,0,2,0,0,0,0,2,0,0,2,0,0,2,2
103,1865.441,-3744.730,49.473,-31.226,0.855122,0.518060,-0.019508,-0.516442,0.854534,0.055305,0.045322,-0.037218,0.998279,0,0.80000,0.01053,48.000,0.021,-1,400.000,-1,375.000,-1,325.000,325.000,300.000,300.000,-1,575.000,650.000,-1,775.000,775.000,-1,-1,2,0,2,0,2,0,0,0,0,2,0,0,2,0,0,2,2
104,1910.346,-3771.929,51.881,-31.204,0.855317,0.517719,-0.019997,-0.516050,0.854724,0.056034,0.046102,-0.037608,0.998229,0,0.87501,0.01117,52.500,0.022,-1,400.000,-1,375.000,-1,325.000,325.000,300.000,300.000,-1,600.000,675.000,-1,775.000,800.000,-1,-1,2,0,2,0,2,0,0,0,0,2,0,0,2,0,0,2,2
105,1955.093,-3799.007,54.266,-31.180,0.855535,0.517346,-0.020328,-0.515628,0.854926,0.056828,0.046778,-0.038137,0.998177,0,0.87170,0.01216,52.302,0.024,-1,400.000,-1,400.000,-1,325.000,325.000,300.000,300.000,-1,625.000,700.000,-1,800.000,800.000,-1,-1,2,0,2,0,2,0,0,0,0,2,0,0,2,0,0,2,2
106,1999.691,-3825.966,56.642,-31.153,0.855779,0.516932,-0.020568,-0.515166,0.855149,0.057661,0.047395,-0.038749,0.998124,0,0.86854,0.01344,52.113,0.027,-1,400.000,-1,400.000,-1,325.000,325.000,300.000,300.000,-1,650.000,725.000,-1,825.000,825.000,-1,-1,2,0,2,0,2,0,0,0,0,2,0,0,2,0,0,2,2
107,2044.150,-3852.809,59.016,-31.123,0.856056,0.516470,-0.020685,-0.514657,0.855395,0.058545,0.047930,-0.039472,0.998070,0,0.86558,0.01501,51.935,0.030,-1,400.000,-1,400.000,-1,325.000,325.000,300.000,300.000,-1,675.000,750.000,-1,825.000,825.000,-1,-1,2,0,2,0,2,0,0,0,0,2,0,0,2,0,0,2,2
108,2085.423,-3877.856,61.300,-31.252,0.854902,0.518388,-0.020415,-0.516538,0.854195,0.059503,0.048284,-0.040324,0.998019,0,0.80463,-0.06487,48.278,-0.130,-1,400.000,-1,400.000,-1,325.000,325.000,300.000,300.000,-1,700.000,800.000,-1,850.000,850.000,-1,-1,2,0,2,0,2,0,0,0,0,2,0,0,2,0,0,2,2
109,2126.531,-3902.927,63.492,-31.378,0.853778,0.520250,-0.020068,-0.518383,0.853033,0.060111,0.048392,-0.040918,0.997990,0,0.80251,-0.06292,48.150,-0.126,-1,400.000,-1,400.000,-1,325.000,325.000,300.000,300.000,-1,750.000,825.000,-1,850.000,850.000,-1,-1,2,0,2,0,2,0,0,0,0,2,0,0,2,0,0,2,2
110,2167.488,-3928.025,65.573,-31.500,0.852688,0.522052,-0.019637,-0.520193,0.851919,0.060283,0.048200,-0.041188,0.997988,0,0.80059,-0.06076,48.035,-0.122,-1,400.000,-1,400.000,-1,325.000,325.000,300.000,300.000,-1,800.000,875.000,-1,875.000,850.000,-1,-1,2,0,2,0,2,0,0,0,0,2,0,0,2,0,0,2,2
111,2208.306,-3953.153,67.581,-31.617,0.851635,0.523786,-0.019144,-0.521950,0.850850,0.060185,0.047812,-0.041263,0.998004,0,0.79888,-0.05840,47.933,-0.117,-1,400.000,-1,400.000,-1,325.000,325.000,300.000,300.000,-1,850.000,950.000,-1,875.000,850.000,-1,-1,2,0,2,0,2,0,0,0,0,2,0,0,2,0,0,2,2
112,2248.999,-3978.313,69.571,-31.728,0.850626,0.525442,-0.018622,-0.523631,0.849824,0.060080,0.047394,-0.041354,0.998020,0,0.79738,-0.05584,47.843,-0.112,-1,400.000,-1,400.000,-1,325.000,325.000,300.000,300.000,-1,900.000,1000.000,-1,875.000,875.000,-1,-1,2,0,2,0,2,0,0,0,0,2,0,0,2,0,0,2,2
113,2289.581,-4003.509,71.545,-31.834,0.849665,0.527013,-0.018072,-0.525229,0.848845,0.059968,0.046945,-0.041461,0.998037,0,0.79612,-0.05310,47.767,-0.106,-1,400.000,-1,400.000,-1,325.000,325.000,300.000,300.000,-1,975.000,-1,-1,900.000,875.000,-1,-1,2,0,2,0,2,0,0,0,0,2,0,2,2,0,0,2,2
114,2330.066,-4028.742,73.675,-31.935,0.848748,0.528512,-0.017390,-0.526801,0.847941,0.058957,0.045905,-0.040879,0.998109,0,0.79509,-0.05017,47.705,-0.100,-1,400.000,-1,400.000,-1,325.000,325.000,300.000,300.000,-1,-1,-1,-1,900.000,900.000,-1,-1,2,0,2,0,2,0,0,0,0,2,2,2,2,0,0,2,2
115,2370.468,-4054.017,75.809,-32.029,0.847885,0.529918,-0.016671,-0.528286,0.847094,0.057839,0.044772,-0.040234,0.998187,0,0.79429,-0.04705,47.657,-0.094,-1,400.000,-1,400.000,-1,325.000,325.000,300.000,300.000,-1,-1,-1,-1,925.000,925.000,-1,-1,2,0,2,0,2,0,0,0,0,2,2,2,2,0,0,2,2
116,2410.804,-4079.336,77.929,-32.116,0.847081,0.531225,-0.015925,-0.529672,0.846305,0.056702,0.043598,-0.039596,0.998264,0,0.79373,-0.04377,47.624,-0.088,-1,400.000,-1,400.000,-1,325.000,325.000,300.000,300.000,-1,-1,-1,-1,925.000,950.000,-1,-1,2,0,2,0,2,0,0,0,0,2,2,2,2,0,0,2,2
117,2451.087,-4104.701,80.003,-32.197,0.846341,0.532426,-0.015170,-0.530944,0.845573,0.055715,0.042492,-0.039100,0.998331,0,0.79340,-0.04032,47.604,-0.081,-1,425.000,-1,400.000,-1,325.000,325.000,300.000,300.000,-1,-1,-1,-1,950.000,975.000,-1,-1,2,0,2,0,2,0,0,0,0,2,2,2,2,0,0,2,2
118,2491.334,-4130.115,82.045,-32.270,0.845667,0.533517,-0.014398,-0.532103,0.844904,0.054808,0.041406,-0.038688,0.998393,0,0.79332,-0.03670,47.599,-0.073,-1,425.000,-1,400.000,-1,325.000,325.000,300.000,300.000,-1,-1,-1,-1,975.000,1000.000,-1,-1,2,0,2,0,2,0,0,0,0,2,2,2,2,0,0,2,2
119,2533.326,-4156.707,84.152,-32.344,0.844990,0.534611,-0.013540,-0.533266,0.844230,0.053878,0.040234,-0.038306,0.998456,0,0.82839,-0.03682,49.704,-0.074,-1,425.000,-1,425.000,-1,325.000,325.000,300.000,300.000,-1,-1,-1,-1,1000.000,-1,-1,-1,2,0,2,0,2,0,0,0,0,2,2,2,2,0,2,2,2
120,2575.185,-4183.289,85.921,-32.418,0.844348,0.535680,-0.011095,-0.534445,0.843509,0.053495,0.038015,-0.039239,0.998506,0,0.82645,-0.03696,49.587,-0.074,-1,425.000,-1,425.000,-1,325.000,325.000,300.000,300.000,-1,-1,-1,-1,1000.000,-1,-1,-1,2,0,2,0,2,0,0,0,0,2,2,2,2,0,2,2,2
121,2616.912,-4209.863,87.661,-32.492,0.843701,0.536744,-0.008604,-0.535621,0.842786,0.053125,0.035766,-0.040213,0.998551,0,0.82451,-0.03687,49.470,-0.074,-1,425.000,-1,425.000,-1,350.000,325.000,300.000,300.000,-1,-1,-1,-1,1000.000,-1,-1,-1,2,0,2,0,2,0,0,0,0,2,2,2,2,0,2,2,2
122,2658.508,-4236.428,89.341,-32.565,0.843050,0.537800,-0.006208,-0.536786,0.842069,0.052721,0.033581,-0.041114,0.998590,0,0.82259,-0.03656,49.355,-0.073,-1,425.000,-1,425.000,-1,350.000,350.000,300.000,300.000,-1,-1,-1,-1,1000.000,-1,-1,-1,2,0,2,0,2,0,0,0,0,2,2,2,2,0,2,2,2
123,2699.976,-4262.985,90.899,-32.637,0.842395,0.538845,-0.004182,-0.537931,0.841372,0.052190,0.031641,-0.041715,0.998628,0,0.82071,-0.03602,49.243,-0.072,-1,425.000,-1,425.000,-1,350.000,350.000,300.000,300.000,-1,-1,-1,-1,1000.000,-1,-1,-1,2,0,2,0,2,0,0,0,0,2,2,2,2,0,2,2,2
124,2741.319,-4289.534,92.310,-32.708,0.841741,0.539876,-0.002640,-0.539047,0.840700,0.051495,0.030021,-0.041922,0.998670,0,0.81890,-0.03527,49.134,-0.071,-1,425.000,-1,425.000,-1,350.000,350.000,300.000,300.000,-1,-1,-1,-1,-1,-1,-1,-1,2,0,2,0,2,0,0,0,0,2,2,2,2,2,2,2,2
125,2782.542,-4316.076,93.683,-32.776,0.841102,0.540876,-0.001053,-0.540132,0.840045,0.050816,0.028370,-0.042172,0.998707,0,0.81716,-0.03429,49.029,-0.069,-1,425.000,-1,425.000,-1,350.000,350.000,300.000,300.000,-1,-1,-1,-1,-1,-1,-1,-1,2,0,2,0,2,0,0,0,0,2,2,2,2,2,2,2,2
126,2823.653,-4342.613,94.824,-32.842,0.840480,0.541841,0.001048,-0.541214,0.839411,0.049770,0.026088,-0.042398,0.998760,0,0.81552,-0.03310,48.931,-0.066,-1,425.000,-1,425.000,-1,350.000,350.000,300.000,300.000,-1,-1,-1,-1,-1,-1,-1,-1,2,0,2,0,2,0,0,0,0,2,2,2,2,2,2,2,2
127,2864.656,-4369.145,95.675,-32.906,0.839864,0.542786,0.003274,-0.542307,0.838837,0.047496,0.023034,-0.041666,0.998866,0,0.81398,-0.03170,48.839,-0.063,-1,425.000,-1,425.000,-1,350.000,350.000,300.000,300.000,-1,-1,-1,-1,-1,-1,-1,-1,2,0,2,0,2,0,0,0,0,2,2,2,2,2,2,2,2
128,2906.447,-4396.004,96.494,-32.729,0.841510,0.540214,0.005516,-0.539881,0.840530,0.045151,0.019755,-0.040973,0.998965,0,0.82798,0.08830,49.679,0.177,-1,425.000,-1,425.000,-1,350.000,350.000,300.000,300.000,-1,-1,-1,-1,1000.000,-1,-1,-1,2,0,2,0,2,0,0,0,0,2,2,2,2,0,2,2,2
129,2948.355,-4422.510,97.256,-32.313,0.845384,0.534102,0.007755,-0.533909,0.844458,0.042802,0.016312,-0.040324,0.999053,0,0.82645,0.20830,49.587,0.417,-1,425.000,-1,425.000,-1,350.000,325.000,300.000,300.000,-1,-1,-1,-1,1000.000,-1,-1,-1,2,0,2,0,2,0,0,0,0,2,2,2,2,0,2,2,2
130,2990.476,-4448.497,97.955,-31.673,0.851254,0.524658,0.010015,-0.524599,0.850387,0.040471,0.012716,-0.039705,0.999131,0,0.82487,0.31972,49.492,0.639,-1,425.000,-1,425.000,-1,325.000,325.000,300.000,300.000,-1,-1,-1,-1,1000.000,-1,-1,-1,2,0,2,0,2,0,0,0,0,2,2,2,2,0,2,2,2
131,3032.806,-4473.960,98.601,-31.029,0.857056,0.515075,0.012325,-0.515142,0.856254,0.038180,0.009112,-0.039071,0.999195,0,0.82332,0.32215,49.399,0.644,-1,425.000,-1,425.000,-1,325.000,325.000,300.000,300.000,-1,-1,-1,-1,975.000,-1,-1,-1,2,0,2,0,2,0,0,0,0,2,2,2,2,0,2,2,2
132,3077.803,-4500.325,99.228,-30.367,0.862893,0.505170,0.014819,-0.505359,0.862166,0.035800,0.005309,-0.038381,0.999249,0,0.86920,0.33072,52.152,0.661,-1,425.000,-1,425.000,-1,325.000,325.000,300.000,300.000,-1,-1,-1,-1,975.000,-1,-1,-1,2,0,2,0,2,0,0,0,0,2,2,2,2,0,2,2,2
133,3123.065,-4526.160,99.588,-29.717,0.868521,0.495353,0.017197,-0.495647,0.867837,0.034544,0.002187,-0.038525,0.999255,0,0.86861,0.32501,52.116,0.650,-1,425.000,-1,425.000,-1,325.000,325.000,300.000,300.000,-1,-1,-1,-1,975.000,-1,-1,-1,2,0,2,0,2,0,0,0,0,2,2,2,2,0,2,2,2
134,3168.561,-4551.460,99.734,-29.079,0.873939,0.485642,0.019542,-0.486035,0.873291,0.033667,-0.000716,-0.038921,0.999242,0,0.86763,0.31930,52.058,0.639,-1,425.000,-1,425.000,-1,350.000,325.000,300.000,300.000,-1,-1,-1,-1,975.000,-1,-1,-1,2,0,2,0,2,0,0,0,0,2,2,2,2,0,2,2,2
