timestep,x_cm,y_cm,z_cm,yaw_deg,basis_xx,basis_xy,basis_xz,basis_yx,basis_yy,basis_yz,basis_zx,basis_zy,basis_zz,teleport_flag,throttle_cmd,steering_cmd,cmd_move_cm,cmd_turn_deg,lidar_cm_0,lidar_cm_1,lidar_cm_2,lidar_cm_3,lidar_cm_4,lidar_cm_5,lidar_cm_6,lidar_cm_7,lidar_cm_8,lidar_cm_9,lidar_cm_10,lidar_cm_11,lidar_cm_12,lidar_cm_13,lidar_cm_14,lidar_cm_15,lidar_cm_16,lidar_class_0,lidar_class_1,lidar_class_2,lidar_class_3,lidar_class_4,lidar_class_5,lidar_class_6,lidar_class_7,lidar_class_8,lidar_class_9,lidar_class_10,lidar_class_11,lidar_class_12,lidar_class_13,lidar_class_14,lidar_class_15,lidar_class_16
0,-5579.746,4265.647,99.802,154.212,-0.900427,-0.434989,-0.003979,0.434848,-0.900307,0.018822,-0.011770,0.015218,0.999815,1,0.08000,-0.12000,4.800,-0.240,-1,400.000,-1,400.000,-1,325.000,325.000,300.000,300.000,-1,-1,-1,-1,725.000,800.000,-1,-1,2,0,2,0,2,0,0,0,0,2,2,2,2,0,0,2,2
1,-5588.355,4269.895,99.687,153.732,-0.896752,-0.442516,-0.003968,0.442373,-0.896631,0.018923,-0.011932,0.015214,0.999813,0,0.16000,-0.24000,9.600,-0.480,-1,400.000,-1,400.000,-1,325.000,325.000,300.000,300.000,-1,-1,-1,-1,725.000,800.000,-1,-1,2,0,2,0,2,0,0,0,0,2,2,2,2,0,0,2,2
2,-5601.187,4276.430,99.510,153.012,-0.891121,-0.453749,-0.003950,0.453603,-0.891000,0.019076,-0.012175,0.015208,0.999810,0,0.24000,-0.36000,14.400,-0.720,-1,400.000,-1,400.000,-1,325.000,325.000,300.000,300.000,-1,-1,-1,-1,725.000,825.000,-1,-1,2,0,2,0,2,0,0,0,0,2,2,2,2,0,0,2,2
3,-5618.148,4285.429,99.269,152.052,-0.883395,-0.468613,-0.003922,0.468463,-0.883273,0.019282,-0.012500,0.015196,0.999806,0,0.32000,-0.48000,19.200,-0.960,-1,400.000,-1,400.000,-1,325.000,325.000,300.000,300.000,-1,-1,-1,-1,725.000,825.000,-1,-1,2,0,2,0,2,0,0,0,0,2,2,2,2,0,0,2,2
4,-5639.108,4297.118,98.958,150.852,-0.873389,-0.487008,-0.003882,0.486853,-0.873265,0.019542,-0.012907,0.015178,0.999802,0,0.40000,-0.60000,24.000,-1.200,-1,400.000,-1,400.000,-1,325.000,325.000,300.000,300.000,-1,-1,-1,-1,750.000,825.000,-1,-1,2,0,2,0,2,0,0,0,0,2,2,2,2,0,0,2,2
5,-5663.916,4311.748,98.571,149.470,-0.861391,-0.507929,-0.003827,0.507767,-0.861266,0.019857,-0.013382,0.015162,0.999796,0,0.48000,-0.69100,28.800,-1.382,-1,400.000,-1,400.000,-1,325.000,325.000,300.000,300.000,-1,-1,-1,-1,750.000,825.000,-1,-1,2,0,2,0,2,0,0,0,0,2,2,2,2,0,0,2,2
6,-5692.435,4329.514,98.084,148.079,-0.848808,-0.528687,-0.003847,0.528517,-0.848682,0.020200,-0.013944,0.015113,0.999789,0,0.56000,-0.69552,33.600,-1.391,-1,400.000,-1,400.000,-1,325.000,325.000,300.000,300.000,-1,-1,-1,-1,750.000,825.000,-1,-1,2,0,2,0,2,0,0,0,0,2,2,2,2,0,0,2,2
7,-5724.014,4350.276,97.475,146.677,-0.835621,-0.549291,-0.004098,0.549109,-0.835498,0.020553,-0.014713,0.014924,0.999780,0,0.62988,-0.70083,37.793,-1.402,-1,400.000,-1,400.000,-1,325.000,325.000,300.000,300.000,-1,-1,-1,-1,750.000,850.000,-1,-1,2,0,2,0,2,0,0,0,0,2,2,2,2,0,0,2,2
8,-5755.300,4371.969,96.840,145.264,-0.821815,-0.569737,-0.004363,0.569543,-0.821695,0.020935,-0.015512,0.014720,0.999771,0,0.63452,-0.70684,38.071,-1.414,-1,400.000,-1,400.000,-1,325.000,325.000,300.000,300.000,-1,-1,-1,-1,750.000,850.000,-1,-1,2,0,2,0,2,0,0,0,0,2,2,2,2,0,0,2,2
9,-5786.268,4394.603,96.174,143.838,-0.807383,-0.590009,-0.004638,0.589801,-0.807266,0.021335,-0.016332,0.014490,0.999762,0,0.63929,-0.71292,38.358,-1.426,-1,400.000,-1,400.000,-1,325.000,325.000,300.000,300.000,-1,-1,-1,-1,750.000,850.000,-1,-1,2,0,2,0,2,0,0,0,0,2,2,2,2,0,0,2,2
10,-5816.891,4418.185,95.504,142.400,-0.792321,-0.610085,-0.004788,0.609865,-0.792206,0.021788,-0.017085,0.014343,0.999751,0,0.64418,-0.71906,38.651,-1.438,-1,400.000,-1,400.000,-1,325.000,325.000,300.000,300.000,-1,-1,-1,-1,750.000,850.000,-1,-1,2,0,2,0,2,0,0,0,0,2,2,2,2,0,0,2,2
11,-5847.139,4442.724,94.880,140.949,-0.776628,-0.629942,-0.004553,0.629713,-0.776507,0.022338,-0.017607,0.014481,0.999740,0,0.64916,-0.72528,38.950,-1.451,-1,400.000,-1,400.000,-1,325.000,325.000,300.000,300.000,-1,-1,-1,-1,750.000,850.000,-1,-1,2,0,2,0,2,0,0,0,0,2,2,2,2,0,0,2,2
12,-5876.981,4468.224,94.218,139.486,-0.760295,-0.649563,-0.004353,0.649324,-0.760168,0.022875,-0.018168,0.014566,0.999729,0,0.65423,-0.73156,39.254,-1.463,-1,400.000,-1,400.000,-1,325.000,325.000,300.000,300.000,-1,-1,-1,-1,750.000,875.000,-1,-1,2,0,2,0,2,0,0,0,0,2,2,2,2,0,0,2,2
13,-5906.305,4494.614,93.520,138.015,-0.743372,-0.668865,-0.004188,0.668615,-0.743240,0.023401,-0.018765,0.014596,0.999717,0,0.65749,-0.73559,39.450,-1.471,-1,400.000,-1,425.000,-1,325.000,325.000,300.000,300.000,-1,-1,-1,-1,750.000,875.000,-1,-1,2,0,2,0,2,0,0,0,0,2,2,2,2,0,0,2,2
14,-5934.942,4521.747,92.774,136.544,-0.725959,-0.687726,-0.004052,0.687463,-0.725823,0.023994,-0.019442,0.014633,0.999704,0,0.65749,-0.73559,39.450,-1.471,-1,400.000,-1,425.000,-1,325.000,325.000,300.000,300.000,-1,-1,-1,-1,775.000,875.000,-1,-1,2,0,2,0,2,0,0,0,0,2,2,2,2,0,0,2,2
15,-5962.872,4549.607,91.875,135.073,-0.708072,-0.706130,-0.003883,0.705843,-0.707922,0.025149,-0.020507,0.015067,0.999676,0,0.65749,-0.73559,39.450,-1.471,-1,400.000,-1,425.000,-1,325.000,325.000,300.000,300.000,-1,-1,-1,-1,775.000,875.000,-1,-1,2,0,2,0,2,0,0,0,0,2,2,2,2,0,0,2,2
16,-5990.078,4578.175,90.940,133.601,-0.689719,-0.724068,-0.003713,0.723754,-0.689555,0.026328,-0.021623,0.015472,0.999646,0,0.65749,-0.73559,39.450,-1.471,-1,400.000,-1,425.000,-1,325.000,325.000,300.000,300.000,-1,-1,-1,-1,775.000,875.000,-1,-1,2,0,2,0,2,0,0,0,0,2,2,2,2,0,0,2,2
17,-6016.542,4607.432,89.968,132.130,-0.670912,-0.741528,-0.003534,0.741187,-0.670734,0.027530,-0.022785,0.015851,0.999615,0,0.65749,-0.73559,39.450,-1.471,-1,400.000,-1,425.000,-1,325.000,325.000,300.000,300.000,-1,-1,-1,-1,775.000,875.000,-1,-1,2,0,2,0,2,0,0,0,0,2,2,2,2,0,0,2,2
18,-6042.245,4637.358,88.959,130.659,-0.651664,-0.758500,-0.003340,0.758128,-0.651471,0.028755,-0.023987,0.016207,0.999581,0,0.65749,-0.73559,39.450,-1.471,-1,400.000,-1,425.000,-1,325.000,325.000,300.000,300.000,-1,-1,-1,-1,800.000,850.000,-1,-1,2,0,2,0,2,0,0,0,0,2,2,2,2,0,0,2,2
19,-6067.172,4667.935,87.916,129.188,-0.631988,-0.774972,-0.003126,0.774567,-0.631779,0.030000,-0.025224,0.016539,0.999545,0,0.65749,-0.73559,39.450,-1.471,-1,400.000,-1,425.000,-1,325.000,325.000,300.000,300.000,-1,-1,-1,-1,800.000,850.000,-1,-1,2,0,2,0,2,0,0,0,0,2,2,2,2,0,0,2,2
20,-6091.306,4699.141,86.802,127.717,-0.611894,-0.790935,-0.002933,0.790500,-0.611673,0.031079,-0.026375,0.016698,0.999513,0,0.65749,-0.73559,39.450,-1.471,-1,400.000,-1,425.000,-1,325.000,325.000,300.000,300.000,-1,-1,-1,-1,800.000,850.000,-1,-1,2,0,2,0,2,0,0,0,0,2,2,2,2,0,0,2,2
21,-6114.631,4730.957,85.621,126.246,-0.591394,-0.806378,-0.002770,0.805916,-0.591165,0.032001,-0.027442,0.016693,0.999484,0,0.65749,-0.73559,39.450,-1.471,-1,400.000,-1,425.000,-1,325.000,325.000,300.000,300.000,-1,-1,-1,-1,800.000,850.000,-1,-1,2,0,2,0,2,0,0,0,0,2,2,2,2,0,0,2,2
22,-6137.130,4763.361,84.405,124.774,-0.570504,-0.821290,-0.002603,0.820799,-0.570268,0.032915,-0.028517,0.016642,0.999455,0,0.65749,-0.73559,39.450,-1.471,-1,400.000,-1,425.000,-1,325.000,325.000,300.000,300.000,-1,-1,-1,-1,800.000,850.000,-1,-1,2,0,2,0,2,0,0,0,0,2,2,2,2,0,0,2,2
23,-6158.791,4796.333,83.154,123.303,-0.549238,-0.835662,-0.002435,0.835141,-0.548995,0.033820,-0.029599,0.016542,0.999425,0,0.65749,-0.73559,39.450,-1.471,-1,400.000,-1,425.000,-1,325.000,325.000,300.000,300.000,-1,-1,-1,-1,800.000,850.000,-1,-1,2,0,2,0,2,0,0,0,0,2,2,2,2,0,0,2,2
24,-6179.598,4829.849,81.700,121.832,-0.527589,-0.849493,-0.003263,0.848917,-0.527366,0.034988,-0.031443,0.015689,0.999382,0,0.65749,-0.73559,39.450,-1.471,-1,400.000,-1,425.000,-1,325.000,325.000,300.000,300.000,-1,-1,-1,-1,800.000,825.000,-1,-1,2,0,2,0,2,0,0,0,0,2,2,2,2,0,0,2,2
25,-6199.537,4863.889,80.289,120.361,-0.505597,-0.862761,-0.003931,0.862119,-0.505387,0.036545,-0.033516,0.015088,0.999324,0,0.65749,-0.73559,39.450,-1.471,-1,400.000,-1,425.000,-1,325.000,325.000,300.000,300.000,-1,-1,-1,-1,800.000,825.000,-1,-1,2,0,2,0,2,0,0,0,0,2,2,2,2,0,0,2,2
26,-6218.597,4898.429,78.844,118.890,-0.483268,-0.875460,-0.004566,0.874750,-0.483075,0.038093,-0.035555,0.014415,0.999264,0,0.65749,-0.73559,39.450,-1.471,-1,400.000,-1,400.000,-1,325.000,325.000,300.000,300.000,-1,-1,-1,-1,800.000,800.000,-1,-1,2,0,2,0,2,0,0,0,0,2,2,2,2,0,0,2,2
27,-6236.762,4933.448,77.366,117.419,-0.460618,-0.887584,-0.005170,0.886804,-0.460444,0.039631,-0.037556,0.013670,0.999201,0,0.65749,-0.73559,39.450,-1.471,-1,400.000,-1,400.000,-1,325.000,325.000,300.000,300.000,-1,-1,-1,-1,775.000,800.000,-1,-1,2,0,2,0,2,0,0,0,0,2,2,2,2,0,0,2,2
28,-6254.023,4968.921,75.858,115.947,-0.437660,-0.899122,-0.005744,0.898272,-0.437509,0.041155,-0.039516,0.012852,0.999136,0,0.65749,-0.73559,39.450,-1.471,-1,400.000,-1,400.000,-1,325.000,325.000,300.000,300.000,-1,-1,-1,-1,775.000,775.000,-1,-1,2,0,2,0,2,0,0,0,0,2,2,2,2,0,0,2,2
29,-6270.368,5004.826,74.322,114.476,-0.414410,-0.910069,-0.006288,0.909147,-0.414285,0.042663,-0.041431,0.011964,0.999070,0,0.65749,-0.73559,39.450,-1.471,-1,400.000,-1,400.000,-1,325.000,325.000,300.000,300.000,-1,-1,-1,-1,775.000,775.000,-1,-1,2,0,2,0,2,0,0,0,0,2,2,2,2,0,0,2,2
30,-6287.832,5045.484,72.567,113.245,-0.394738,-0.918768,-0.006870,0.917765,-0.394639,0.044358,-0.043466,0.011205,0.998992,0,0.73749,-0.61559,44.250,-1.231,-1,400.000,-1,400.000,-1,325.000,325.000,300.000,300.000,-1,-1,-1,-1,750.000,775.000,-1,-1,2,0,2,0,2,0,0,0,0,2,2,2,2,0,0,2,2
31,-6306.407,5090.880,70.584,112.254,-0.378763,-0.925463,-0.007495,0.924368,-0.378689,0.046245,-0.045636,0.010588,0.998902,0,0.81749,-0.49559,49.050,-0.991,-1,400.000,-1,400.000,-1,325.000,325.000,300.000,300.000,-1,-1,-1,-1,750.000,750.000,-1,-1,2,0,2,0,2,0,0,0,0,2,2,2,2,0,0,2,2
32,-6326.145,5140.982,68.306,111.503,-0.366586,-0.930351,-0.007892,0.929157,-0.366525,0.048249,-0.047781,0.010355,0.998804,0,0.89749,-0.37559,53.850,-0.751,-1,400.000,-1,400.000,-1,325.000,325.000,300.000,300.000,-1,-1,-1,-1,750.000,750.000,-1,-1,2,0,2,0,2,0,0,0,0,2,2,2,2,0,0,2,2
33,-6345.908,5192.488,65.804,110.991,-0.358288,-0.933580,-0.007645,0.932305,-0.358208,0.049948,-0.049369,0.010768,0.998723,0,0.91946,-0.25559,55.168,-0.511,-1,400.000,-1,375.000,-1,325.000,325.000,300.000,300.000,-1,-1,-1,-1,725.000,725.000,-1,-1,2,0,2,0,2,0,0,0,0,2,2,2,2,0,0,2,2
34,-6365.427,5244.088,63.453,110.720,-0.353860,-0.935266,-0.007833,0.933946,-0.353786,0.050787,-0.050271,0.010656,0.998679,0,0.91946,-0.13559,55.168,-0.271,-1,400.000,-1,375.000,-1,325.000,325.000,300.000,300.000,-1,-1,-1,-1,725.000,725.000,-1,-1,2,0,2,0,2,0,0,0,0,2,2,2,2,0,0,2,2
35,-6384.917,5295.698,61.070,110.689,-0.353349,-0.935457,-0.008017,0.934098,-0.353277,0.051546,-0.051051,0.010725,0.998638,0,0.91946,-0.01559,55.168,-0.031,-1,375.000,-1,375.000,-1,325.000,325.000,300.000,300.000,-1,-1,-1,-1,725.000,700.000,-1,-1,2,0,2,0,2,0,0,0,0,2,2,2,2,0,0,2,2
36,-6404.435,5347.298,58.498,110.719,-0.353809,-0.935278,-0.008596,0.933912,-0.353766,0.051551,-0.051256,0.010211,0.998633,0,0.91946,0.01491,55.168,0.030,-1,375.000,-1,375.000,-1,325.000,325.000,300.000,300.000,-1,-1,-1,-1,700.000,700.000,-1,-1,2,0,2,0,2,0,0,0,0,2,2,2,2,0,0,2,2
37,-6423.979,5398.887,55.913,110.749,-0.354279,-0.935098,-0.008847,0.933760,-0.354254,0.050960,-0.050786,0.009793,0.998662,0,0.91946,0.01491,55.168,0.030,-1,375.000,-1,375.000,-1,325.000,325.000,300.000,300.000,-1,-1,-1,-1,700.000,675.000,-1,-1,2,0,2,0,2,0,0,0,0,2,2,2,2,0,0,2,2
38,-6443.550,5450.466,53.367,110.779,-0.354766,-0.934914,-0.008719,0.933614,-0.354741,0.050227,-0.050051,0.009679,0.998700,0,0.91946,0.01491,55.168,0.030,-1,375.000,-1,375.000,-1,325.000,325.000,300.000,300.000,-1,-1,-1,-1,700.000,675.000,-1,-1,2,0,2,0,2,0,0,0,0,2,2,2,2,0,0,2,2
39,-6463.148,5502.035,50.796,110.808,-0.355256,-0.934730,-0.008533,0.933470,-0.355228,0.049457,-0.049260,0.009604,0.998740,0,0.91946,0.01491,55.168,0.030,-1,400.000,-1,375.000,-1,325.000,325.000,300.000,300.000,-1,-1,-1,-1,700.000,650.000,-1,-1,2,0,2,0,2,0,0,0,0,2,2,2,2,0,0,2,2
40,-6482.773,5553.594,48.199,110.838,-0.355747,-0.934546,-0.008291,0.933327,-0.355715,0.048650,-0.048415,0.009569,0.998781,0,0.91946,0.01491,55.168,0.030,-1,400.000,-1,375.000,-1,325.000,325.000,300.000,300.000,-1,-1,-1,-1,675.000,650.000,-1,-1,2,0,2,0,2,0,0,0,0,2,2,2,2,0,0,2,2
41,-6502.425,5605.143,45.577,110.868,-0.356240,-0.934360,-0.007991,0.933185,-0.356201,0.047806,-0.047514,0.009574,0.998825,0,0.91946,0.01491,55.168,0.030,-1,375.000,-1,375.000,-1,325.000,325.000,300.000,300.000,-1,-1,-1,-1,675.000,625.000,-1,-1,2,0,2,0,2,0,0,0,0,2,2,2,2,0,0,2,2
42,-6522.103,5656.681,42.947,110.898,-0.356739,-0.934174,-0.007545,0.933046,-0.356687,0.046896,-0.046501,0.009690,0.998871,0,0.91946,0.01491,55.168,0.030,-1,375.000,-1,375.000,-1,325.000,325.000,300.000,300.000,-1,-1,-1,-1,650.000,625.000,-1,-1,2,0,2,0,2,0,0,0,0,2,2,2,2,0,0,2,2
43,-6541.808,5708.209,40.394,110.928,-0.357259,-0.933982,-0.006529,0.932916,-0.357172,0.045787,-0.045096,0.010267,0.998930,0,0.91946,0.01491,55.168,0.030,-1,375.000,-1,375.000,1000.000,325.000,300.000,300.000,300.000,-1,-1,-1,-1,650.000,625.000,-1,975.000,2,0,2,0,0,0,0,0,0,2,2,2,2,0,0,2,0
44,-6561.540,5759.727,37.822,110.958,-0.357781,-0.933790,-0.005423,0.932787,-0.357655,0.044630,-0.043615,0.010910,0.998989,0,0.91946,0.01491,55.168,0.030,-1,375.000,-1,350.000,950.000,325.000,300.000,300.000,300.000,-1,-1,-1,-1,625.000,600.000,-1,925.000,2,0,2,0,0,0,0,0,0,2,2,2,2,0,0,2,0
45,-6581.299,5811.235,35.335,110.987,-0.358285,-0.933600,-0.004698,0.932650,-0.358140,0.043577,-0.042366,0.011231,0.999039,0,0.91946,0.01491,55.168,0.030,-1,375.000,-1,350.000,900.000,300.000,300.000,300.000,300.000,-1,-1,-1,-1,625.000,600.000,-1,900.000,2,0,2,0,0,0,0,0,0,2,2,2,2,0,0,2,0
46,-6601.085,5862.732,33.315,111.017,-0.358725,-0.933428,-0.005392,0.932562,-0.358632,0.041373,-0.040552,0.009813,0.999129,0,0.91946,0.01491,55.168,0.030,-1,375.000,-1,350.000,900.000,300.000,300.000,300.000,300.000,-1,-1,-1,-1,625.000,600.000,-1,875.000,2,0,2,0,0,0,0,0,0,2,2,2,2,0,0,2,0
47,-6620.898,5914.219,31.711,111.047,-0.359122,-0.933264,-0.007075,0.932539,-0.359126,0.037414,-0.037458,0.006839,0.999275,0,0.91946,0.01491,55.168,0.030,-1,350.000,-1,350.000,900.000,300.000,300.000,300.000,300.000,-1,-1,-1,-1,600.000,600.000,-1,875.000,2,0,2,0,0,0,0,0,0,2,2,2,2,0,0,2,0
48,-6640.737,5965.695,30.109,111.077,-0.359532,-0.933092,-0.008750,0.932502,-0.359618,0.033397,-0.034309,0.003848,0.999404,0,0.91946,0.01491,55.168,0.030,-1,350.000,-1,350.000,900.000,300.000,300.000,300.000,300.000,-1,650.000,750.000,-1,600.000,600.000,-1,875.000,2,0,2,0,0,0,0,0,0,2,0,0,2,0,0,2,0
49,-6660.603,6017.162,28.665,111.107,-0.359970,-0.932910,-0.010011,0.932429,-0.360106,0.030013,-0.031605,0.001469,0.999499,0,0.91946,0.01491,55.168,0.030,-1,350.000,-1,350.000,900.000,300.000,300.000,275.000,325.000,-1,550.000,675.000,-1,600.000,600.000,1000.000,875.000,2,0,2,0,0,0,0,0,0,2,0,0,2,0,0,0,0
50,-6680.496,6068.617,27.840,111.137,-0.360501,-0.932722,-0.008225,0.932369,-0.360591,0.025732,-0.026967,0.001608,0.999635,0,0.91946,0.01491,55.168,0.030,-1,350.000,-1,350.000,925.000,300.000,300.000,300.000,325.000,-1,475.000,550.000,-1,600.000,600.000,1000.000,875.000,2,0,2,0,0,0,0,0,0,2,0,0,2,0,0,0,0
51,-6700.416,6120.063,27.129,111.166,-0.361035,-0.932534,-0.005877,0.932294,-0.361077,0.021241,-0.021930,0.002189,0.999757,0,0.91946,0.01491,55.168,0.030,-1,350.000,-1,350.000,950.000,300.000,300.000,300.000,325.000,-1,400.000,475.000,-1,625.000,600.000,-1,900.000,2,0,2,0,0,0,0,0,0,2,0,0,2,0,0,2,0
52,-6720.362,6171.498,26.419,111.196,-0.361555,-0.932344,-0.003541,0.932198,-0.361561,0.016722,-0.016871,0.002745,0.999854,0,0.91946,0.01491,55.168,0.030,-1,375.000,-1,375.000,950.000,300.000,300.000,300.000,300.000,-1,375.000,400.000,-1,625.000,600.000,-1,925.000,2,0,2,0,0,0,0,0,0,2,0,0,2,0,0,2,0
53,-6740.336,6222.923,25.708,111.226,-0.362059,-0.932154,-0.001217,0.932081,-0.362046,0.012174,-0.011789,0.003273,0.999925,0,0.91946,0.01491,55.168,0.030,-1,375.000,-1,375.000,975.000,300.000,300.000,300.000,300.000,-1,325.000,350.000,-1,625.000,600.000,-1,925.000,2,0,2,0,0,0,0,0,0,2,0,0,2,0,0,2,0
54,-6760.336,6274.337,25.051,111.256,-0.362550,-0.931963,0.001231,0.931939,-0.362531,0.007832,-0.006853,0.003987,0.999969,0,0.91946,0.01491,55.168,0.030,-1,375.000,-1,375.000,1000.000,300.000,300.000,300.000,300.000,-1,300.000,300.000,-1,650.000,600.000,-1,950.000,2,0,2,0,0,0,0,0,0,2,0,0,2,0,0,2,0
55,-6778.423,6321.345,24.530,111.046,-0.359123,-0.933283,0.003588,0.933287,-0.359108,0.004131,-0.002567,0.004832,0.999985,0,0.83946,-0.10509,50.368,-0.210,-1,375.000,-1,375.000,1000.000,300.000,300.000,300.000,300.000,-1,275.000,275.000,-1,650.000,600.000,-1,975.000,2,0,2,0,0,0,0,0,0,2,0,0,2,0,0,2,0
56,-6796.120,6368.436,24.028,110.596,-0.351759,-0.936072,0.005857,0.936089,-0.351763,0.000398,0.001688,0.005623,0.999983,0,0.83844,-0.22509,50.306,-0.450,-1,375.000,-1,350.000,1000.000,300.000,300.000,325.000,300.000,-1,250.000,250.000,-1,650.000,600.000,-1,975.000,2,0,2,0,0,0,0,0,0,2,0,0,2,0,0,2,0
57,-6813.248,6415.737,23.541,109.905,-0.340426,-0.940237,0.007992,0.940253,-0.340460,-0.003402,0.005919,0.006356,0.999962,0,0.83844,-0.34509,50.306,-0.690,-1,375.000,-1,350.000,-1,300.000,300.000,325.000,300.000,-1,250.000,250.000,-1,650.000,600.000,-1,975.000,2,0,2,0,2,0,0,0,0,2,0,0,2,0,0,2,0
58,-6829.605,6463.310,23.195,108.975,-0.325083,-0.945639,0.009356,0.945635,-0.325152,-0.007088,0.009745,0.006543,0.999931,0,0.83844,-0.46509,50.306,-0.930,-1,375.000,-1,350.000,-1,300.000,300.000,300.000,300.000,-1,225.000,225.000,-1,650.000,600.000,-1,1000.000,2,0,2,0,2,0,0,0,0,2,0,0,2,0,0,2,0
59,-6845.128,6511.162,23.431,107.973,-0.308495,-0.951191,0.008156,0.951144,-0.308570,-0.010444,0.012450,0.004535,0.999912,0,0.83844,-0.50096,50.306,-1.002,-1,375.000,-1,350.000,-1,300.000,300.000,300.000,300.000,-1,250.000,250.000,-1,650.000,600.000,-1,-1,2,0,2,0,2,0,0,0,0,2,0,0,2,0,0,2,2
60,-6859.812,6559.277,24.101,106.971,-0.291840,-0.956451,0.005607,0.956326,-0.291893,-0.015460,0.016424,0.000850,0.999865,0,0.83844,-0.50096,50.306,-1.002,-1,375.000,-1,350.000,-1,300.000,300.000,300.000,300.000,-1,250.000,250.000,-1,625.000,625.000,-1,-1,2,0,2,0,2,0,0,0,0,2,0,0,2,0,0,2,2
61,-6873.653,6607.643,24.777,105.969,-0.275124,-0.961405,0.002810,0.961193,-0.275123,-0.020404,0.020389,-0.002913,0.999788,0,0.83844,-0.50096,50.306,-1.002,-1,350.000,-1,350.000,-1,300.000,300.000,300.000,300.000,-1,250.000,275.000,-1,625.000,625.000,-1,-1,2,0,2,0,2,0,0,0,0,2,0,0,2,0,0,2,2
62,-6886.645,6656.242,26.236,104.967,-0.258283,-0.966066,0.002397,0.965802,-0.258269,-0.022868,0.022711,-0.003591,0.999736,0,0.83844,-0.50096,50.306,-1.002,-1,350.000,-1,350.000,-1,300.000,300.000,300.000,325.000,-1,300.000,300.000,-1,625.000,625.000,-1,-1,2,0,2,0,2,0,0,0,0,2,0,0,2,0,0,2,2
63,-6898.786,6705.062,28.200,103.966,-0.241314,-0.970438,0.004106,0.970094,-0.241338,-0.025943,0.026167,-0.002277,0.999655,0,0.83844,-0.50096,50.306,-1.002,-1,350.000,-1,350.000,-1,300.000,300.000,300.000,325.000,-1,325.000,325.000,-1,650.000,625.000,-1,-1,2,0,2,0,2,0,0,0,0,2,0,0,2,0,0,2,2
64,-6910.072,6754.087,30.166,102.964,-0.224264,-0.974512,0.005635,0.974078,-0.224332,-0.029092,0.029614,-0.001035,0.999561,0,0.83844,-0.50096,50.306,-1.002,-1,375.000,-1,375.000,-1,300.000,300.000,300.000,325.000,-1,350.000,350.000,-1,650.000,650.000,-1,-1,2,0,2,0,2,0,0,0,0,2,0,0,2,0,0,2,2
65,-6920.498,6803.301,32.133,101.962,-0.207140,-0.978286,0.006986,0.977753,-0.207258,-0.032307,0.033053,0.000138,0.999454,0,0.83844,-0.50096,50.306,-1.002,-1,375.000,-1,375.000,-1,300.000,300.000,300.000,325.000,-1,375.000,375.000,-1,675.000,650.000,-1,-1,2,0,2,0,2,0,0,0,0,2,0,0,2,0,0,2,2
66,-6930.063,6852.690,34.098,100.960,-0.189949,-0.981760,0.008162,0.981116,-0.190120,-0.035580,0.036482,0.001249,0.999334,0,0.83844,-0.50096,50.306,-1.002,-1,375.000,-1,375.000,-1,300.000,300.000,300.000,300.000,-1,400.000,400.000,-1,675.000,650.000,-1,-1,2,0,2,0,2,0,0,0,0,2,0,0,2,0,0,2,2
67,-6938.762,6902.239,36.062,99.958,-0.172696,-0.984933,0.009165,0.984167,-0.172923,-0.038902,0.039901,0.002302,0.999201,0,0.83844,-0.50096,50.306,-1.002,-1,375.000,-1,375.000,-1,300.000,300.000,325.000,300.000,-1,425.000,425.000,-1,675.000,650.000,-1,-1,2,0,2,0,2,0,0,0,0,2,0,0,2,0,0,2,2
68,-6946.594,6951.933,38.024,98.956,-0.155388,-0.987803,0.010000,0.986904,-0.155674,-0.042266,0.043307,0.003301,0.999056,0,0.83844,-0.50096,50.306,-1.002,-1,375.000,-1,375.000,-1,300.000,300.000,325.000,300.000,-1,450.000,450.000,-1,675.000,675.000,-1,-1,2,0,2,0,2,0,0,0,0,2,0,0,2,0,0,2,2
69,-6953.555,7001.755,39.983,97.954,-0.138031,-0.990371,0.010669,0.989326,-0.138377,-0.045664,0.046701,0.004252,0.998900,0,0.83844,-0.50096,50.306,-1.002,-1,375.000,-1,375.000,-1,300.000,300.000,325.000,300.000,-1,450.000,425.000,-1,700.000,675.000,-1,-1,2,0,2,0,2,0,0,0,0,2,0,0,2,0,0,2,2
70,-6959.644,7051.692,41.937,96.952,-0.120631,-0.992635,0.011177,0.991433,-0.121038,-0.049089,0.050080,0.005160,0.998732,0,0.83844,-0.50096,50.306,-1.002,-1,375.000,-1,375.000,-1,300.000,300.000,300.000,300.000,-1,400.000,400.000,-1,700.000,675.000,-1,-1,2,0,2,0,2,0,0,0,0,2,0,0,2,0,0,2,2
71,-6964.860,7101.728,43.887,95.950,-0.103195,-0.994594,0.011529,0.993224,-0.103661,-0.052533,0.053444,0.006029,0.998553,0,0.83844,-0.50096,50.306,-1.002,-1,375.000,-1,375.000,-1,300.000,300.000,300.000,300.000,-1,350.000,350.000,-1,700.000,700.000,-1,-1,2,0,2,0,2,0,0,0,0,2,0,0,2,0,0,2,2
72,-6969.199,7151.848,45.830,94.948,-0.085728,-0.996250,0.011728,0.994699,-0.086254,-0.055991,0.056793,0.006866,0.998362,0,0.83844,-0.50096,50.306,-1.002,-1,375.000,-1,375.000,-1,300.000,300.000,300.000,300.000,-1,300.000,325.000,-1,725.000,700.000,-1,-1,2,0,2,0,2,0,0,0,0,2,0,0,2,0,0,2,2
73,-6972.661,7202.035,47.912,93.946,-0.068274,-0.997604,0.011220,0.995879,-0.068820,-0.059070,0.059701,0.007141,0.998191,0,0.83844,-0.50096,50.306,-1.002,-1,375.000,-1,375.000,-1,300.000,300.000,300.000,300.000,-1,300.000,325.000,-1,725.000,725.000,-1,-1,2,0,2,0,2,0,0,0,0,2,0,0,2,0,0,2,2
74,-6975.245,7252.275,50.893,92.944,-0.050843,-0.998655,0.010149,0.996844,-0.051365,-0.060525,0.060965,0.007040,0.998115,0,0.83844,-0.50096,50.306,-1.002,-1,375.000,-1,375.000,-1,300.000,300.000,300.000,300.000,-1,325.000,350.000,-1,725.000,725.000,-1,-1,2,0,2,0,2,0,0,0,0,2,0,0,2,0,0,2,2
75,-6976.951,7302.553,54.213,91.942,-0.033318,-0.999391,0.010382,0.997534,-0.033895,-0.061454,0.061769,0.008309,0.998056,0,0.83844,-0.50096,50.306,-1.002,-1,375.000,-1,375.000,-1,325.000,300.000,300.000,300.000,-1,350.000,375.000,-1,725.000,725.000,-1,-1,2,0,2,0,2,0,0,0,0,2,0,0,2,0,0,2,2
76,-6977.777,7352.853,57.526,90.941,-0.015785,-0.999820,0.010558,0.997917,-0.016414,-0.062383,0.062545,0.009551,0.997996,0,0.83844,-0.50096,50.306,-1.002,-1,375.000,-1,375.000,-1,325.000,300.000,300.000,300.000,-1,400.000,425.000,-1,725.000,725.000,-1,-1,2,0,2,0,2,0,0,0,0,2,0,0,2,0,0,2,2
77,-6977.723,7403.160,60.829,89.939,0.001751,-0.999941,0.010683,0.997993,0.001071,-0.063307,0.063292,0.010772,0.997937,0,0.83844,-0.50096,50.306,-1.002,-1,375.000,-1,375.000,-1,325.000,300.000,300.000,300.000,-1,425.000,450.000,-1,725.000,750.000,-1,-1,2,0,2,0,2,0,0,0,0,2,0,0,2,0,0,2,2
78,-6976.790,7453.457,64.123,88.937,0.019286,-0.999756,0.010764,0.997763,0.018556,-0.064226,0.064010,0.011979,0.997877,0,0.83844,-0.50096,50.306,-1.002,-1,375.000,-1,375.000,-1,325.000,325.000,300.000,300.000,-1,475.000,500.000,-1,725.000,750.000,-1,-1,2,0,2,0,2,0,0,0,0,2,0,0,2,0,0,2,2
79,-6974.977,7503.731,67.404,87.935,0.036814,-0.999264,0.010809,0.997226,0.036034,-0.065135,0.064698,0.013177,0.997818,0,0.83844,-0.50096,50.306,-1.002,-1,375.000,-1,375.000,-1,325.000,325.000,300.000,300.000,-1,500.000,525.000,-1,725.000,750.000,-1,-1,2,0,2,0,2,0,0,0,0,2,0,0,2,0,0,2,2
80,-6971.876,7557.414,70.892,86.693,0.058522,-0.998227,0.010838,0.996144,0.057682,-0.066101,0.065359,0.014665,0.997754,0,0.89620,-0.62096,53.772,-1.242,-1,375.000,-1,375.000,-1,325.000,325.000,300.000,300.000,-1,550.000,550.000,-1,750.000,750.000,-1,-1,2,0,2,0,2,0,0,0,0,2,0,0,2,0,0,2,2
81,-6967.611,7611.017,74.361,85.450,0.080215,-0.996719,0.010836,0.994592,0.079315,-0.067054,0.065975,0.016156,0.997690,0,0.89620,-0.62131,53.772,-1.243,-1,375.000,-1,400.000,-1,325.000,325.000,300.000,300.000,-1,575.000,600.000,-1,750.000,775.000,-1,-1,2,0,2,0,2,0,0,0,0,2,0,0,2,0,0,2,2
82,-6962.184,7664.515,77.808,84.208,0.101870,-0.994739,0.010812,0.992570,0.100909,-0.067993,0.066545,0.017658,0.997627,0,0.89620,-0.62131,53.772,-1.243,-1,400.000,-1,400.000,-1,325.000,325.000,300.000,300.000,-1,625.000,625.000,-1,750.000,775.000,-1,-1,2,0,2,0,2,0,0,0,0,2,0,0,2,0,0,2,2
83,-6955.599,7717.882,81.231,82.965,0.123477,-0.992289,0.010777,0.990078,0.122454,-0.068918,0.067067,0.019180,0.997564,0,0.89620,-0.62131,53.772,-1.243,-1,400.000,-1,400.000,-1,325.000,325.000,300.000,300.000,-1,650.000,650.000,-1,750.000,775.000,-1,-1,2,0,2,0,2,0,0,0,0,2,0,0,2,0,0,2,2
84,-6947.858,7771.094,84.628,81.722,0.145027,-0.989369,0.010739,0.987120,0.143939,-0.069830,0.067542,0.020728,0.997501,0,0.89620,-0.62131,53.772,-1.243,-1,400.000,-1,400.000,-1,325.000,325.000,300.000,300.000,-1,700.000,675.000,-1,750.000,800.000,-1,-1,2,0,2,0,2,0,0,0,0,2,0,0,2,0,0,2,2
85,-6938.965,7824.126,88.027,80.480,0.166517,-0.985979,0.010843,0.983700,0.165355,-0.070657,0.067873,0.022432,0.997442,0,0.89620,-0.62131,53.772,-1.243,-1,400.000,-1,400.000,-1,325.000,325.000,300.000,300.000,-1,725.000,725.000,-1,750.000,800.000,-1,-1,2,0,2,0,2,0,0,0,0,2,0,0,2,0,0,2,2
86,-6928.924,7876.952,91.519,79.237,0.187957,-0.982109,0.011557,0.979849,0.186688,-0.071022,0.067594,0.024673,0.997408,0,0.89620,-0.62131,53.772,-1.243,-1,400.000,-1,400.000,-1,325.000,325.000,300.000,300.000,-1,775.000,775.000,-1,775.000,800.000,-1,-1,2,0,2,0,2,0,0,0,0,2,0,0,2,0,0,2,2
87,-6917.740,7929.549,95.029,77.994,0.209288,-0.977779,0.012087,0.975553,0.207932,-0.071142,0.067048,0.026680,0.997393,0,0.89620,-0.62131,53.772,-1.243,-1,400.000,-1,400.000,-1,325.000,325.000,300.000,300.000,-1,825.000,825.000,-1,775.000,800.000,-1,-1,2,0,2,0,2,0,0,0,0,2,0,0,2,0,0,2,2
88,-6905.418,7981.890,98.537,76.752,0.230506,-0.972990,0.012585,0.970822,0.229075,-0.070913,0.066115,0.028563,0.997403,0,0.89620,-0.62131,53.772,-1.243,-1,400.000,-1,400.000,-1,325.000,325.000,300.000,300.000,-1,900.000,875.000,-1,775.000,800.000,-1,-1,2,0,2,0,2,0,0,0,0,2,0,0,2,0,0,2,2
89,-6891.963,8033.951,102.001,75.509,0.251614,-0.967739,0.013131,0.965635,0.250108,-0.070682,0.065118,0.030465,0.997412,0,0.89620,-0.62131,53.772,-1.243,-1,400.000,-1,400.000,-1,325.000,325.000,300.000,300.000,-1,975.000,950.000,-1,775.000,825.000,-1,-1,2,0,2,0,2,0,0,0,0,2,0,0,2,0,0,2,2
90,-6877.383,8085.709,105.422,74.267,0.272601,-0.962029,0.013721,0.959992,0.271019,-0.070456,0.064062,0.032378,0.997421,0,0.89620,-0.62131,53.772,-1.243,-1,400.000,-1,400.000,-1,325.000,325.000,300.000,300.000,-1,-1,1000.000,-1,775.000,825.000,-1,-1,2,0,2,0,2,0,0,0,0,2,2,0,2,0,0,2,2
91,-6861.684,8137.139,108.796,73.024,0.293458,-0.955864,0.014357,0.953897,0.291800,-0.070237,0.062948,0.034307,0.997427,0,0.89620,-0.62131,53.772,-1.243,-1,400.000,-1,400.000,-1,325.000,325.000,300.000,300.000,-1,-1,-1,-1,800.000,825.000,-1,-1,2,0,2,0,2,0,0,0,0,2,2,2,2,0,0,2,2
92,-6844.874,8188.215,112.121,71.781,0.314175,-0.949246,0.015043,0.947353,0.312438,-0.070029,0.061775,0.036252,0.997432,0,0.89620,-0.62131,53.772,-1.243,-1,400.000,-1,400.000,-1,325.000,325.000,300.000,300.000,-1,-1,-1,-1,800.000,825.000,-1,-1,2,0,2,0,2,0,0,0,0,2,2,2,2,0,0,2,2
93,-6826.959,8238.916,115.395,70.539,0.334741,-0.942178,0.015781,0.940363,0.332926,-0.069836,0.060543,0.038217,0.997434,0,0.89620,-0.62131,53.772,-1.243,-1,400.000,-1,400.000,-1,325.000,325.000,300.000,300.000,-1,-1,-1,-1,800.000,850.000,-1,-1,2,0,2,0,2,0,0,0,0,2,2,2,2,0,0,2,2
94,-6809.839,8284.798,118.336,69.536,0.351221,-0.936147,0.016498,0.934403,0.349339,-0.069667,0.059455,0.039885,0.997434,0,0.81620,-0.50131,48.972,-1.003,-1,400.000,-1,400.000,-1,325.000,325.000,300.000,300.000,-1,-1,-1,-1,800.000,850.000,-1,-1,2,0,2,0,2,0,0,0,0,2,2,2,2,0,0,2,2
95,-6793.266,8327.468,121.053,68.773,0.363688,-0.931362,0.017207,0.929681,0.361747,-0.069512,0.058516,0.041278,0.997433,0,0.76292,-0.38131,45.775,-0.763,-1,400.000,-1,400.000,-1,325.000,325.000,300.000,300.000,-1,-1,-1,-1,825.000,850.000,-1,-1,2,0,2,0,2,0,0,0,0,2,2,2,2,0,0,2,2
96,-6776.305,8369.985,123.743,68.251,0.372202,-0.927978,0.017951,0.926356,0.370210,-0.069354,0.057713,0.042443,0.997431,0,0.76292,-0.26131,45.775,-0.523,-1,400.000,-1,400.000,-1,325.000,325.000,300.000,300.000,-1,-1,-1,-1,825.000,850.000,-1,-1,2,0,2,0,2,0,0,0,0,2,2,2,2,0,0,2,2
97,-6759.064,8412.390,126.398,67.874,0.378324,-0.925485,0.018676,0.923915,0.376286,-0.069205,0.057020,0.043437,0.997428,0,0.76292,-0.18834,45.775,-0.377,-1,400.000,-1,400.000,-1,325.000,325.000,300.000,300.000,-1,-1,-1,-1,825.000,850.000,-1,-1,2,0,2,0,2,0,0,0,0,2,2,2,2,0,0,2,2
98,-6741.545,8454.680,128.936,67.498,0.384406,-0.922965,0.019150,0.921457,0.382352,-0.068734,0.056117,0.044067,0.997451,0,0.76292,-0.18834,45.775,-0.377,-1,400.000,-1,400.000,-1,325.000,325.000,300.000,300.000,-1,-1,-1,-1,850.000,875.000,-1,-1,2,0,2,0,2,0,0,0,0,2,2,2,2,0,0,2,2
99,-6723.748,8496.854,131.315,67.121,0.390435,-0.920428,0.019312,0.918999,0.388410,-0.067670,0.054785,0.044168,0.997521,0,0.76292,-0.18834,45.775,-0.377,-1,400.000,-1,400.000,-1,325.000,325.000,300.000,300.000,-1,-1,-1,-1,850.000,850.000,-1,-1,2,0,2,0,2,0,0,0,0,2,2,2,2,0,0,2,2
100,-6705.674,8538.911,133.668,66.744,0.396449,-0.917850,0.019502,0.916499,0.394450,-0.066623,0.053457,0.044286,0.997588,0,0.76292,-0.18834,45.775,-0.377,-1,400.000,-1,400.000,-1,325.000,325.000,300.000,300.000,-1,-1,-1,-1,850.000,850.000,-1,-1,2,0,2,0,2,0,0,0,0,2,2,2,2,0,0,2,2
101,-6687.324,8580.847,135.994,66.367,0.402447,-0.915231,0.019722,0.913958,0.400473,-0.065592,0.052134,0.044423,0.997652,0,0.76292,-0.18834,45.775,-0.377,-1,400.000,-1,400.000,-1,325.000,325.000,300.000,300.000,-1,-1,-1,-1,850.000,850.000,-1,-1,2,0,2,0,2,0,0,0,0,2,2,2,2,0,0,2,2
102,-6668.699,8622.662,138.270,65.991,0.408433,-0.912569,0.020023,0.911369,0.406477,-0.064681,0.050887,0.044666,0.997705,0,0.76292,-0.18834,45.775,-0.377,-1,400.000,-1,400.000,-1,325.000,325.000,300.000,300.000,-1,-1,-1,-1,875.000,850.000,-1,-1,2,0,2,0,2,0,0,0,0,2,2,2,2,0,0,2,2
103,-6649.799,8664.354,140.502,65.614,0.414406,-0.909863,0.020418,0.908739,0.412462,-0.063794,0.049622,0.044992,0.997754,0,0.76292,-0.18834,45.775,-0.377,-1,400.000,-1,400.000,-1,325.000,325.000,300.000,300.000,-1,-1,-1,-1,875.000,875.000,-1,-1,2,0,2,0,2,0,0,0,0,2,2,2,2,0,0,2,2
104,-6630.626,8705.920,142.605,65.237,0.420370,-0.907102,0.021316,0.906080,0.418421,-0.062797,0.048044,0.045712,0.997799,0,0.76292,-0.18834,45.775,-0.377,-1,400.000,-1,400.000,-1,325.000,325.000,300.000,300.000,-1,-1,-1,-1,875.000,875.000,-1,-1,2,0,2,0,2,0,0,0,0,2,2,2,2,0,0,2,2
105,-6611.180,8747.360,144.686,64.861,0.426315,-0.904302,0.022225,0.903381,0.424361,-0.061817,0.046470,0.046431,0.997840,0,0.76292,-0.18834,45.775,-0.377,-1,400.000,-1,400.000,-1,325.000,325.000,300.000,300.000,-1,-1,-1,-1,875.000,875.000,-1,-1,2,0,2,0,2,0,0,0,0,2,2,2,2,0,0,2,2
106,-6591.462,8788.671,146.740,64.484,0.432239,-0.901461,0.023167,0.900641,0.430282,-0.060850,0.044885,0.047167,0.997878,0,0.76292,-0.18834,45.775,-0.377,-1,400.000,-1,400.000,-1,325.000,325.000,300.000,300.000,-1,-1,-1,-1,875.000,875.000,-1,-1,2,0,2,0,2,0,0,0,0,2,2,2,2,0,0,2,2
107,-6571.473,8829.851,148.678,64.107,0.438149,-0.898567,0.024553,0.897872,0.436177,-0.059803,0.043028,0.048248,0.997908,0,0.76292,-0.18834,45.775,-0.377,-1,400.000,-1,400.000,-1,325.000,325.000,300.000,300.000,-1,-1,-1,-1,875.000,875.000,-1,-1,2,0,2,0,2,0,0,0,0,2,2,2,2,0,0,2,2
108,-6551.214,8870.899,150.594,63.731,0.444037,-0.895633,0.025947,0.895062,0.442051,-0.058781,0.041176,0.049325,0.997934,0,0.76292,-0.18834,45.775,-0.377,-1,400.000,-1,400.000,-1,325.000,325.000,300.000,300.000,-1,-1,-1,-1,875.000,875.000,-1,-1,2,0,2,0,2,0,0,0,0,2,2,2,2,0,0,2,2
109,-6530.685,8911.813,152.487,63.354,0.449902,-0.892659,0.027348,0.892212,0.447906,-0.057784,0.039332,0.050398,0.997954,0,0.76292,-0.18834,45.775,-0.377,-1,400.000,-1,400.000,-1,325.000,325.000,300.000,300.000,-1,-1,-1,-1,875.000,900.000,-1,-1,2,0,2,0,2,0,0,0,0,2,2,2,2,0,0,2,2
110,-6509.888,8952.592,154.357,62.977,0.455743,-0.889647,0.028758,0.889321,0.453740,-0.056813,0.037495,0.051467,0.997971,0,0.76292,-0.18834,45.775,-0.377,-1,400.000,-1,400.000,-1,325.000,325.000,300.000,300.000,-1,-1,-1,-1,875.000,900.000,-1,-1,2,0,2,0,2,0,0,0,0,2,2,2,2,0,0,2,2
111,-6488.823,8993.232,156.164,62.601,0.461559,-0.886603,0.029969,0.886387,0.459557,-0.055909,0.035797,0.052369,0.997986,0,0.76292,-0.18834,45.775,-0.377,-1,400.000,-1,400.000,-1,325.000,325.000,300.000,300.000,-1,-1,-1,-1,900.000,900.000,-1,-1,2,0,2,0,2,0,0,0,0,2,2,2,2,0,0,2,2
112,-6467.491,9033.734,157.846,62.224,0.467351,-0.883540,0.030664,0.883401,0.465364,-0.055128,0.034438,0.052853,0.998008,0,0.76292,-0.18834,45.775,-0.377,-1,400.000,-1,400.000,-1,325.000,325.000,300.000,300.000,-1,-1,-1,-1,900.000,900.000,-1,-1,2,0,2,0,2,0,0,0,0,2,2,2,2,0,0,2,2
113,-6445.893,9074.094,159.431,61.847,0.473120,-0.880453,0.030996,0.880368,0.471158,-0.054432,0.033321,0.053041,0.998036,0,0.76292,-0.18834,45.775,-0.377,-1,425.000,-1,400.000,-1,325.000,325.000,300.000,300.000,-1,-1,-1,-1,900.000,925.000,-1,-1,2,0,2,0,2,0,0,0,0,2,2,2,2,0,0,2,2
114,-6424.030,9114.311,160.867,61.471,0.478840,-0.877352,0.031077,0.877326,0.476944,-0.053135,0.031796,0.052708,0.998104,0,0.76292,-0.18834,45.775,-0.377,-1,425.000,-1,400.000,-1,325.000,325.000,300.000,300.000,-1,-1,-1,-1,925.000,925.000,-1,-1,2,0,2,0,2,0,0,0,0,2,2,2,2,0,0,2,2
115,-6401.903,9154.383,162.119,61.094,0.484507,-0.874243,0.030850,0.874281,0.482727,-0.051060,0.029747,0.051711,0.998219,0,0.76292,-0.18834,45.775,-0.377,-1,425.000,-1,425.000,-1,325.000,325.000,300.000,300.000,-1,-1,-1,-1,925.000,925.000,-1,-1,2,0,2,0,2,0,0,0,0,2,2,2,2,0,0,2,2
116,-6379.512,9194.308,163.350,60.717,0.490157,-0.871095,0.030653,0.871193,0.488489,-0.049000,0.027710,0.050722,0.998328,0,0.76292,-0.18834,45.775,-0.377,-1,425.000,-1,425.000,-1,325.000,325.000,300.000,325.000,-1,-1,-1,-1,925.000,950.000,-1,-1,2,0,2,0,2,0,0,0,0,2,2,2,2,0,0,2,2
117,-6354.669,9238.361,164.705,60.581,0.492145,-0.869982,0.030422,0.870133,0.490596,-0.046735,0.025733,0.049472,0.998444,0,0.84292,-0.06834,50.575,-0.137,-1,425.000,-1,425.000,-1,325.000,325.000,300.000,325.000,-1,-1,-1,-1,925.000,950.000,-1,-1,2,0,2,0,2,0,0,0,0,2,2,2,2,0,0,2,2
118,-6329.218,9283.682,166.012,60.684,0.490504,-0.870912,0.030300,0.871103,0.489053,-0.044809,0.024206,0.048374,0.998536,0,0.86631,0.05166,51.978,0.103,-1,425.000,-1,425.000,-1,325.000,325.000,300.000,325.000,-1,-1,-1,-1,950.000,975.000,-1,-1,2,0,2,0,2,0,0,0,0,2,2,2,2,0,0,2,2
119,-6304.039,9329.155,167.288,61.027,0.485218,-0.873872,0.030191,0.874089,0.483850,-0.043100,0.023056,0.047303,0.998614,0,0.86631,0.17166,51.978,0.343,-1,425.000,-1,425.000,-1,325.000,350.000,300.000,325.000,-1,-1,-1,-1,950.000,975.000,-1,-1,2,0,2,0,2,0,0,0,0,2,2,2,2,0,0,2,2
120,-6279.326,9374.882,168.199,61.611,0.476247,-0.878743,0.031618,0.879051,0.474923,-0.041445,0.021403,0.047532,0.998640,0,0.86631,0.29166,51.978,0.583,-1,425.000,-1,425.000,-1,325.000,350.000,300.000,325.000,-1,-1,-1,-1,950.000,1000.000,-1,-1,2,0,2,0,2,0,0,0,0,2,2,2,2,0,0,2,2
121,-6255.100,9420.870,168.904,62.220,0.466833,-0.883696,0.033894,0.884132,0.465534,-0.039866,0.019451,0.048578,0.998630,0,0.86631,0.30447,51.978,0.609,-1,425.000,-1,425.000,-1,325.000,350.000,300.000,300.000,-1,-1,-1,-1,950.000,1000.000,-1,-1,2,0,2,0,2,0,0,0,0,2,2,2,2,0,0,2,2
122,-6231.364,9467.112,169.621,62.829,0.457357,-0.888547,0.036177,0.889112,0.456092,-0.038209,0.017451,0.049640,0.998615,0,0.86631,0.30447,51.978,0.609,-1,425.000,-1,425.000,-1,325.000,350.000,300.000,300.000,-1,-1,-1,-1,950.000,1000.000,-1,-1,2,0,2,0,2,0,0,0,0,2,2,2,2,0,0,2,2
123,-6208.121,9513.604,170.352,63.437,0.447821,-0.893296,0.038463,0.893991,0.446599,-0.036472,0.015403,0.050719,0.998594,0,0.86631,0.30447,51.978,0.609,-1,425.000,-1,425.000,-1,325.000,325.000,300.000,300.000,-1,-1,-1,-1,950.000,1000.000,-1,-1,2,0,2,0,2,0,0,0,0,2,2,2,2,0,0,2,2
124,-6185.374,9560.340,171.097,64.046,0.438225,-0.897941,0.040750,0.898767,0.437055,-0.034656,0.013309,0.051812,0.998568,0,0.86631,0.30447,51.978,0.609,-1,425.000,-1,425.000,-1,325.000,325.000,325.000,300.000,-1,-1,-1,-1,950.000,-1,-1,-1,2,0,2,0,2,0,0,0,0,2,2,2,2,0,2,2,2
125,-6163.125,9607.315,171.856,64.655,0.428571,-0.902483,0.043032,0.903439,0.427463,-0.032761,0.011172,0.052917,0.998536,0,0.86631,0.30447,51.978,0.609,-1,425.000,-1,425.000,-1,325.000,325.000,325.000,300.000,-1,-1,-1,-1,950.000,-1,-1,-1,2,0,2,0,2,0,0,0,0,2,2,2,2,0,2,2,2
126,-6141.376,9654.525,172.630,65.264,0.418858,-0.906921,0.045307,0.908007,0.417822,-0.030787,0.008991,0.054035,0.998499,0,0.86631,0.30447,51.978,0.609,-1,425.000,-1,425.000,-1,325.000,325.000,325.000,300.000,-1,-1,-1,-1,950.000,-1,-1,-1,2,0,2,0,2,0,0,0,0,2,2,2,2,0,2,2,2
127,-6120.129,9701.962,173.351,65.873,0.409098,-0.911267,0.047235,0.912464,0.408141,-0.028822,0.006986,0.054891,0.998468,0,0.86631,0.30447,51.978,0.609,-1,425.000,-1,425.000,-1,350.000,350.000,325.000,275.000,-1,-1,-1,-1,950.000,-1,-1,-1,2,0,2,0,2,0,0,0,0,2,2,2,2,0,2,2,2
128,-6099.388,9749.623,173.741,66.482,0.399300,-0.915580,0.047671,0.916804,0.398445,-0.026673,0.005426,0.054355,0.998507,0,0.86631,0.30447,51.978,0.609,-1,425.000,-1,425.000,-1,350.000,350.000,325.000,300.000,-1,-1,-1,-1,950.000,-1,-1,-1,2,0,2,0,2,0,0,0,0,2,2,2,2,0,2,2,2
129,-6079.153,9797.500,173.935,67.091,0.389419,-0.919832,0.047559,0.921055,0.388721,-0.023510,0.003138,0.052960,0.998592,0,0.86631,0.30447,51.978,0.609,-1,425.000,-1,425.000,-1,350.000,350.000,325.000,300.000,-1,-1,-1,-1,950.000,-1,-1,-1,2,0,2,0,2,0,0,0,0,2,2,2,2,0,2,2,2
130,-6059.428,9845.591,174.074,67.700,0.379483,-0.923993,0.047220,0.925198,0.378957,-0.019994,0.000580,0.051275,0.998684,0,0.86631,0.30447,51.978,0.609,-1,425.000,-1,425.000,-1,350.000,350.000,300.000,300.000,-1,-1,-1,-1,925.000,-1,-1,-1,2,0,2,0,2,0,0,0,0,2,2,2,2,0,2,2,2
131,-6040.216,9893.888,174.220,68.309,0.369507,-0.928048,0.046806,0.929226,0.369147,-0.016421,-0.002039,0.049561,0.998769,0,0.86631,0.30447,51.978,0.609,-1,425.000,-1,425.000,-1,350.000,350.000,300.000,300.000,-1,-1,-1,-1,900.000,-1,-1,-1,2,0,2,0,2,0,0,0,0,2,2,2,2,0,2,2,2
132,-6021.519,9942.387,173.940,68.918,0.359545,-0.931926,0.047342,0.933122,0.359266,-0.014562,-0.003438,0.049412,0.998773,0,0.86631,0.30447,51.978,0.609,-1,425.000,-1,425.000,-1,350.000,350.000,300.000,300.000,-1,-1,-1,-1,900.000,-1,-1,-1,2,0,2,0,2,0,0,0,0,2,2,2,2,0,2,2,2
133,-6003.339,9991.082,173.282,69.527,0.349494,-0.935633,0.049453,0.936921,0.349320,-0.012411,-0.005662,0.050671,0.998699,0,0.86631,0.30447,51.978,0.609,-1,425.000,-1,425.000,-1,350.000,350.000,300.000,300.000,-1,-1,-1,-1,900.000,-1,-1,-1,2,0,2,0,2,0,0,0,0,2,2,2,2,0,2,2,2
134,-5985.678,10039.968,172.544,70.136,0.339382,-0.939216,0.051895,0.940614,0.339329,-0.010105,-0.008119,0.052243,0.998601,0,0.86631,0.30447,51.978,0.609,-1,425.000,-1,425.000,-1,350.000,350.000,300.000,300.000,-1,-1,-1,-1,900.000,1000.000,-1,-1,2,0,2,0,2,0,0,0,0,2,2,2,2,0,0,2,2
135,-5968.537,10089.039,171.797,70.745,0.329220,-0.942688,0.054344,0.944194,0.329299,-0.007746,-0.010593,0.053861,0.998492,0,0.86631,0.30447,51.978,0.609,-1,425.000,-1,425.000,-1,350.000,350.000,300.000,300.000,-1,-1,-1,-1,875.000,975.000,-1,-1,2,0,2,0,2,0,0,0,0,2,2,2,2,0,0,2,2
136,-5951.919,10138.289,171.044,71.354,0.319009,-0.946048,0.056795,0.947661,0.319233,-0.005336,-0.013083,0.055524,0.998372,0,0.86631,0.30447,51.978,0.609,-1,400.000,-1,425.000,-1,325.000,350.000,300.000,300.000,-1,-1,-1,-1,875.000,975.000,-1,-1,2,0,2,0,2,0,0,0,0,2,2,2,2,0,0,2,2
137,-5935.825,10187.713,170.285,71.963,0.308751,-0.949296,0.059244,0.951015,0.309131,-0.002875,-0.015585,0.057230,0.998239,0,0.86631,0.30447,51.978,0.609,-1,400.000,-1,425.000,-1,325.000,350.000,325.000,300.000,-1,-1,-1,-1,850.000,950.000,-1,-1,2,0,2,0,2,0,0,0,0,2,2,2,2,0,0,2,2
138,-5920.258,10237.305,169.524,72.572,0.298446,-0.952431,0.061689,0.954255,0.298994,-0.000366,-0.018096,0.058976,0.998095,0,0.86631,0.30447,51.978,0.609,-1,400.000,-1,425.000,-1,325.000,325.000,325.000,300.000,-1,-1,-1,-1,850.000,925.000,-1,-1,2,0,2,0,2,0,0,0,0,2,2,2,2,0,0,2,2
