timestep,x_cm,y_cm,z_cm,yaw_deg,basis_xx,basis_xy,basis_xz,basis_yx,basis_yy,basis_yz,basis_zx,basis_zy,basis_zz,teleport_flag,throttle_cmd,steering_cmd,cmd_move_cm,cmd_turn_deg,lidar_cm_0,lidar_cm_1,lidar_cm_2,lidar_cm_3,lidar_cm_4,lidar_cm_5,lidar_cm_6,lidar_cm_7,lidar_cm_8,lidar_cm_9,lidar_cm_10,lidar_cm_11,lidar_cm_12,lidar_cm_13,lidar_cm_14,lidar_cm_15,lidar_cm_16,lidar_class_0,lidar_class_1,lidar_class_2,lidar_class_3,lidar_class_4,lidar_class_5,lidar_class_6,lidar_class_7,lidar_class_8,lidar_class_9,lidar_class_10,lidar_class_11,lidar_class_12,lidar_class_13,lidar_class_14,lidar_class_15,lidar_class_16
0,-2300.563,6887.437,-247.785,178.122,-0.998404,-0.032756,0.046013,0.033999,-0.999070,0.026505,0.045102,0.028027,0.998589,1,0.08000,0.12000,4.800,0.240,-1,375.000,-1,375.000,-1,325.000,325.000,325.000,325.000,-1,675.000,750.000,-1,675.000,675.000,-1,-1,2,0,2,0,2,0,0,0,0,2,0,0,2,0,0,2,2
1,-2310.160,6887.672,-247.355,178.602,-0.998630,-0.024385,0.046301,0.025628,-0.999322,0.026442,0.045625,0.027592,0.998578,0,0.16000,0.24000,9.600,0.480,-1,375.000,-1,375.000,-1,325.000,325.000,325.000,325.000,-1,675.000,750.000,-1,675.000,675.000,-1,-1,2,0,2,0,2,0,0,0,0,2,0,0,2,0,0,2,2
2,-2324.559,6887.842,-246.705,179.322,-0.998838,-0.011826,0.046729,0.013068,-0.999567,0.026351,0.046397,0.026931,0.998560,0,0.24000,0.36000,14.400,0.720,-1,375.000,-1,375.000,-1,325.000,325.000,325.000,300.000,-1,650.000,750.000,-1,675.000,675.000,-1,-1,2,0,2,0,2,0,0,0,0,2,0,0,2,0,0,2,2
3,-2343.759,6887.748,-245.828,180.282,-0.998869,0.004923,0.047292,-0.003684,-0.999649,0.026241,0.047405,0.026037,0.998536,0,0.32000,0.48000,19.200,0.960,1000.000,375.000,-1,375.000,-1,325.000,325.000,325.000,300.000,-1,625.000,750.000,-1,675.000,675.000,-1,-1,1,0,2,0,2,0,0,0,0,2,0,0,2,0,0,2,2
4,-2367.751,6887.128,-244.717,181.482,-0.998513,0.025857,0.047986,-0.024624,-0.999355,0.026120,0.048630,0.024900,0.998506,0,0.40000,0.60000,24.000,1.200,975.000,375.000,-1,375.000,-1,325.000,325.000,325.000,300.000,-1,600.000,775.000,-1,675.000,675.000,-1,-1,1,0,2,0,2,0,0,0,0,2,0,0,2,0,0,2,2
5,-2396.513,6885.660,-243.365,182.922,-0.997507,0.050965,0.048804,-0.049740,-0.998424,0.026002,0.050052,0.023510,0.998470,0,0.48000,0.72000,28.800,1.440,925.000,375.000,-1,375.000,-1,325.000,325.000,325.000,300.000,-1,575.000,775.000,-1,675.000,675.000,-1,-1,1,0,2,0,2,0,0,0,0,2,0,0,2,0,0,2,2
6,-2430.005,6882.964,-241.764,184.602,-0.995536,0.080217,0.049738,-0.079004,-0.996538,0.025903,0.051644,0.021858,0.998426,0,0.56000,0.84000,33.600,1.680,900.000,375.000,-1,375.000,-1,325.000,300.000,325.000,300.000,-1,550.000,775.000,-1,675.000,675.000,-1,-1,1,0,2,0,2,0,0,0,0,2,0,0,2,0,0,2,2
7,-2468.157,6878.603,-239.907,186.522,-0.992232,0.113565,0.050780,-0.112368,-0.993330,0.025847,0.053376,0.019940,0.998375,0,0.64000,0.96000,38.400,1.920,850.000,375.000,-1,375.000,-1,300.000,300.000,325.000,300.000,-1,525.000,775.000,-1,675.000,675.000,-1,-1,1,0,2,0,2,0,0,0,0,2,0,0,2,0,0,2,2
8,-2510.880,6872.202,-237.790,188.522,-0.987598,0.148168,0.051932,-0.146990,-0.988800,0.025840,0.055179,0.017886,0.998316,0,0.72000,1.00000,43.200,2.000,825.000,375.000,-1,375.000,-1,300.000,300.000,325.000,300.000,-1,525.000,775.000,-1,675.000,675.000,-1,-1,1,0,2,0,2,0,0,0,0,2,0,0,2,0,0,2,2
9,-2558.073,6863.437,-235.414,190.522,-0.981748,0.182593,0.053197,-0.181434,-0.983062,0.025900,0.057025,0.015775,0.998248,0,0.80000,1.00000,48.000,2.000,775.000,375.000,-1,375.000,-1,300.000,300.000,325.000,300.000,-1,525.000,750.000,-1,675.000,675.000,950.000,-1,1,0,2,0,2,0,0,0,0,2,0,0,2,0,0,1,2
10,-2607.574,6852.444,-232.515,192.522,-0.974684,0.216801,0.054668,-0.215739,-0.976139,0.024700,0.058718,0.012281,0.998199,0,0.84511,1.00000,50.707,2.000,725.000,375.000,-1,375.000,-1,300.000,300.000,300.000,300.000,-1,525.000,775.000,-1,675.000,675.000,875.000,-1,1,0,2,0,2,0,0,0,0,2,0,0,2,0,0,1,2
11,-2657.292,6839.566,-229.354,194.522,-0.966382,0.250746,0.056853,-0.249820,-0.968020,0.022964,0.060793,0.007989,0.998118,0,0.85598,1.00000,51.359,2.000,675.000,375.000,-1,375.000,-1,300.000,300.000,300.000,300.000,-1,525.000,775.000,-1,675.000,675.000,800.000,-1,1,0,2,0,2,0,0,0,0,2,0,0,2,0,0,1,2
12,-2707.178,6824.769,-225.978,196.522,-0.956923,0.284383,0.058512,-0.283575,-0.958701,0.021851,0.062309,0.004317,0.998048,0,0.86725,1.00000,52.035,2.000,650.000,375.000,-1,375.000,-1,300.000,300.000,300.000,300.000,-1,550.000,800.000,-1,675.000,675.000,725.000,-1,1,0,2,0,2,0,0,0,0,2,0,0,2,0,0,1,2
13,-2757.181,6808.017,-222.286,198.522,-0.946290,0.317671,0.060173,-0.316916,-0.948200,0.021954,0.064030,0.001705,0.997947,0,0.87890,1.00000,52.734,2.000,600.000,375.000,-1,375.000,-1,300.000,300.000,300.000,300.000,-1,575.000,825.000,-1,675.000,675.000,675.000,-1,1,0,2,0,2,0,0,0,0,2,0,0,2,1,0,1,2
14,-2807.246,6789.277,-218.484,200.522,-0.934486,0.350569,0.061940,-0.349848,-0.936537,0.022480,0.065890,-0.000662,0.997827,0,0.89095,1.00000,53.457,2.000,575.000,375.000,-1,375.000,-1,300.000,300.000,300.000,300.000,-1,575.000,800.000,-1,650.000,675.000,625.000,-1,1,0,2,0,2,0,0,0,0,2,0,0,2,1,0,1,2
15,-2857.315,6768.515,-214.614,202.522,-0.921529,0.383039,0.063763,-0.382353,-0.923727,0.023111,0.067752,-0.003082,0.997697,0,0.90337,1.00000,54.202,2.000,525.000,375.000,-1,375.000,-1,300.000,300.000,300.000,300.000,-1,600.000,775.000,-1,600.000,675.000,575.000,-1,1,0,2,0,2,0,0,0,0,2,0,0,2,1,0,1,2
16,-2911.097,6744.252,-210.379,204.282,-0.909156,0.411225,0.065798,-0.410561,-0.911519,0.023936,0.069819,-0.005253,0.997546,0,0.98337,0.88000,59.002,1.760,475.000,375.000,-1,375.000,-1,300.000,300.000,300.000,300.000,-1,575.000,725.000,-1,575.000,675.000,525.000,-1,1,0,2,0,2,0,0,0,0,2,0,0,2,1,0,1,2
17,-2965.116,6718.136,-206.070,205.802,-0.897748,0.435254,0.067842,-0.434597,-0.900280,0.024937,0.071931,-0.007097,0.997384,0,1.00000,0.76000,60.000,1.520,450.000,375.000,-1,375.000,-1,300.000,300.000,300.000,300.000,-1,575.000,700.000,-1,525.000,675.000,475.000,-1,1,0,2,0,2,0,0,0,0,2,0,0,2,1,0,1,2
18,-3018.538,6690.819,-201.760,207.082,-0.887618,0.455251,0.069862,-0.454584,-0.890322,0.026083,0.074074,-0.008607,0.997216,0,1.00000,0.64000,60.000,1.280,400.000,375.000,-1,375.000,-1,300.000,300.000,300.000,300.000,-1,575.000,650.000,-1,500.000,675.000,425.000,-1,1,1,2,0,2,0,0,0,0,2,0,0,2,1,0,1,2
19,-3071.455,6662.538,-197.447,208.122,-0.879024,0.471330,0.071861,-0.470637,-0.881903,0.027357,0.076269,-0.009773,0.997039,0,1.00000,0.52000,60.000,1.040,350.000,350.000,-1,375.000,-1,325.000,300.000,300.000,300.000,-1,550.000,625.000,-1,475.000,675.000,375.000,-1,1,1,2,0,2,0,0,0,0,2,0,0,2,1,0,1,2
20,-3123.972,6633.521,-193.063,208.922,-0.872177,0.483592,0.073797,-0.482877,-0.875226,0.028435,0.078340,-0.010835,0.996868,0,1.00000,0.40000,60.000,0.800,300.000,325.000,-1,375.000,-1,325.000,300.000,300.000,300.000,-1,500.000,575.000,-1,450.000,675.000,325.000,-1,1,1,2,0,2,0,0,0,0,2,0,0,2,1,0,1,2
21,-3176.203,6603.991,-187.189,209.482,-0.867150,0.492138,0.076498,-0.490991,-0.870483,0.034440,0.083539,-0.007695,0.996475,0,1.00000,0.28000,60.000,0.560,275.000,325.000,-1,375.000,-1,325.000,325.000,325.000,300.000,-1,425.000,450.000,-1,425.000,700.000,300.000,-1,1,1,2,0,2,0,0,0,0,2,0,0,2,1,0,1,2
22,-3228.269,6574.169,-180.379,209.802,-0.864021,0.497006,0.080329,-0.495020,-0.867746,0.044409,0.091777,-0.001394,0.995779,0,1.00000,0.16000,60.000,0.320,250.000,325.000,-1,400.000,-1,325.000,325.000,325.000,300.000,-1,375.000,350.000,-1,425.000,750.000,275.000,-1,1,1,2,0,2,1,0,1,0,2,0,0,2,1,0,1,2
23,-3280.293,6544.272,-173.036,209.882,-0.862879,0.498207,0.085025,-0.495069,-0.867034,0.056198,0.101717,0.006399,0.994793,0,1.00000,0.04000,60.000,0.080,250.000,300.000,-1,425.000,-1,325.000,350.000,325.000,300.000,-1,325.000,275.000,-1,425.000,825.000,250.000,-1,1,1,2,0,2,1,0,1,0,2,0,0,2,1,0,1,2
24,-3332.400,6514.519,-165.307,209.722,-0.863794,0.495729,0.090066,-0.491035,-0.868326,0.069965,0.112890,0.016210,0.993475,0,1.00000,-0.08000,60.000,-0.160,225.000,325.000,-1,450.000,-1,325.000,375.000,325.000,300.000,-1,275.000,225.000,-1,425.000,950.000,225.000,-1,1,1,2,0,2,1,0,1,0,2,0,0,2,1,0,1,2
25,-3384.712,6485.128,-157.036,209.322,-0.866803,0.489522,0.094976,-0.482800,-0.871528,0.085697,0.124725,0.028428,0.991784,0,1.00000,-0.20000,60.000,-0.400,200.000,325.000,-1,475.000,-1,325.000,400.000,325.000,275.000,-1,250.000,175.000,1000.000,450.000,-1,225.000,-1,1,1,2,0,2,1,1,1,0,2,0,0,0,1,2,1,2
26,-3437.348,6456.318,-148.205,208.682,-0.871860,0.479500,0.099704,-0.470205,-0.876472,0.103458,0.136996,0.043320,0.989624,0,1.00000,-0.32000,60.000,-0.640,200.000,325.000,-1,500.000,-1,325.000,400.000,325.000,275.000,-1,250.000,125.000,750.000,475.000,-1,250.000,-1,1,1,2,0,2,1,1,1,0,2,0,0,0,1,2,1,2
27,-3490.314,6428.121,-140.299,208.018,-0.877040,0.469050,0.103892,-0.457656,-0.881493,0.116282,0.146122,0.054438,0.987768,0,1.00000,-0.33216,60.000,-0.664,200.000,350.000,-1,525.000,-1,325.000,400.000,300.000,275.000,-1,250.000,100.000,625.000,500.000,-1,275.000,-1,1,1,2,0,2,1,1,1,0,2,0,0,0,1,2,1,2
28,-3543.563,6400.464,-132.892,207.437,-0.881451,0.459846,0.107635,-0.446639,-0.885734,0.126449,0.153483,0.063385,0.986116,0,1.00000,-0.29042,60.000,-0.581,225.000,350.000,-1,550.000,-1,325.000,400.000,275.000,250.000,-1,225.000,100.000,550.000,525.000,-1,300.000,-1,1,1,2,0,2,1,1,1,0,2,0,0,0,1,2,1,2
29,-3597.047,6373.265,-125.591,206.944,-0.885084,0.451951,0.111206,-0.436938,-0.889149,0.136009,0.160349,0.071789,0.984446,0,1.00000,-0.24647,60.000,-0.493,225.000,350.000,-1,575.000,-1,325.000,400.000,250.000,250.000,-1,225.000,75.000,500.000,550.000,-1,325.000,-1,1,1,2,1,2,1,1,1,0,2,0,0,0,1,2,1,2
30,-3650.721,6346.441,-118.386,206.543,-0.887950,0.445446,0.114551,-0.428642,-0.891755,0.145049,0.166763,0.079695,0.982771,0,1.00000,-0.20058,60.000,-0.401,225.000,350.000,-1,575.000,-1,350.000,400.000,225.000,250.000,-1,225.000,75.000,450.000,575.000,-1,375.000,-1,1,1,2,1,2,1,1,1,0,2,0,0,0,1,2,1,2
31,1639.829,1639.818,-237.520,-140.744,-0.772660,0.632603,-0.053016,-0.628705,-0.774108,-0.074080,-0.087903,-0.023908,0.995842,1,0.00000,0.00000,60.000,-0.306,-1,375.000,-1,400.000,-1,300.000,325.000,275.000,400.000,-1,0.000,0.000,-1,700.000,775.000,-1,-1,2,0,2,0,2,0,0,0,0,2,1,1,2,0,0,2,2
32,1636.099,1636.796,-238.152,-140.984,-0.775280,0.629367,-0.053279,-0.625572,-0.776766,-0.072767,-0.087182,-0.023084,0.995925,0,0.08000,-0.12000,4.800,-0.240,-1,375.000,-1,400.000,-1,300.000,325.000,275.000,400.000,-1,0.000,0.000,-1,700.000,775.000,-1,-1,2,0,2,0,2,0,0,0,0,2,1,1,2,0,0,2,2
33,1628.589,1630.816,-239.410,-141.464,-0.780483,0.622860,-0.053775,-0.619267,-0.782039,-0.070170,-0.085760,-0.021466,0.996085,0,0.16000,-0.24000,9.600,-0.480,-1,375.000,-1,400.000,-1,300.000,325.000,275.000,400.000,-1,0.000,0.000,1000.000,700.000,775.000,-1,-1,2,0,2,0,2,0,0,0,0,2,1,1,1,0,0,2,2
34,1617.234,1621.962,-241.369,-142.047,-0.786718,0.614914,-0.054371,-0.611654,-0.788375,-0.065911,-0.083394,-0.018597,0.996343,0,0.24000,-0.29119,14.400,-0.582,-1,375.000,-1,400.000,-1,325.000,325.000,275.000,400.000,-1,0.000,0.000,925.000,725.000,775.000,-1,-1,2,0,2,0,2,0,0,0,0,2,1,1,1,0,0,2,2
35,1601.976,1610.308,-244.059,-142.624,-0.792818,0.606976,-0.054955,-0.604188,-0.794592,-0.059835,-0.079986,-0.014236,0.996694,0,0.32000,-0.28888,19.200,-0.578,-1,375.000,-1,400.000,-1,325.000,325.000,300.000,375.000,-1,0.000,0.000,900.000,750.000,775.000,-1,-1,2,0,2,0,2,0,0,0,0,2,1,1,1,0,0,2,2
36,1582.758,1595.933,-247.417,-143.196,-0.798781,0.599057,-0.055488,-0.596837,-0.800660,-0.052252,-0.075729,-0.008621,0.997091,0,0.40000,-0.28580,24.000,-0.572,-1,400.000,-1,400.000,-1,325.000,325.000,300.000,350.000,-1,0.000,0.000,850.000,775.000,775.000,-1,-1,2,0,2,0,2,0,0,0,0,2,1,1,1,0,0,2,2
37,1559.530,1578.909,-251.358,-143.760,-0.804605,0.591169,-0.055948,-0.589566,-0.806545,-0.043559,-0.070876,-0.002063,0.997483,0,0.48000,-0.28196,28.800,-0.564,-1,400.000,-1,400.000,-1,325.000,325.000,300.000,325.000,-1,0.000,0.000,850.000,825.000,800.000,-1,-1,2,0,2,0,2,0,0,0,0,2,1,1,1,0,0,2,2
38,1532.239,1559.310,-255.784,-144.315,-0.810281,0.583327,-0.056339,-0.582342,-0.812222,-0.034245,-0.065736,0.005060,0.997824,0,0.56000,-0.27735,33.600,-0.555,-1,400.000,-1,400.000,-1,325.000,325.000,300.000,325.000,-1,25.000,0.000,850.000,875.000,800.000,-1,-1,2,0,2,0,2,0,0,0,0,2,1,1,1,0,0,2,2
39,1502.440,1538.335,-259.023,-144.859,-0.815753,0.575582,-0.057028,-0.574764,-0.817713,-0.031486,-0.064756,0.007093,0.997876,0,0.60734,-0.27198,36.441,-0.544,-1,400.000,-1,400.000,-1,325.000,325.000,300.000,300.000,-1,50.000,0.000,900.000,875.000,800.000,-1,-1,2,0,2,0,2,0,0,0,0,2,1,1,1,0,0,2,2
40,1472.212,1517.475,-261.502,-145.391,-0.821011,0.567963,-0.057949,-0.567072,-0.823030,-0.032417,-0.066105,0.006247,0.997793,0,0.61212,-0.26616,36.727,-0.532,-1,400.000,-1,400.000,-1,325.000,325.000,300.000,300.000,-1,100.000,25.000,975.000,875.000,775.000,-1,-1,2,0,2,0,2,0,0,0,0,2,1,1,1,0,0,2,2
41,1441.556,1496.729,-264.014,-145.911,-0.826080,0.560465,-0.058918,-0.559500,-0.828160,-0.033323,-0.067470,0.005437,0.997706,0,0.61692,-0.26030,37.015,-0.521,-1,400.000,-1,400.000,-1,325.000,325.000,300.000,300.000,-1,150.000,50.000,-1,875.000,775.000,-1,-1,2,0,2,0,2,0,0,0,0,2,1,1,2,0,0,2,2
42,1410.477,1476.096,-266.560,-146.420,-0.830962,0.553091,-0.059935,-0.552052,-0.833108,-0.034205,-0.068851,0.004664,0.997616,0,0.62174,-0.25439,37.305,-0.509,-1,400.000,-1,400.000,-1,325.000,325.000,300.000,300.000,-1,175.000,100.000,-1,850.000,775.000,-1,-1,2,0,2,0,2,0,0,0,0,2,1,1,2,0,0,2,2
43,1376.536,1454.080,-269.284,-147.031,-0.836758,0.544182,-0.060848,-0.543053,-0.838960,-0.035213,-0.070212,0.003579,0.997526,0,0.67427,-0.30536,40.456,-0.611,-1,400.000,-1,400.000,-1,325.000,325.000,300.000,300.000,-1,250.000,150.000,-1,850.000,775.000,-1,-1,2,0,2,0,2,0,0,0,0,2,1,1,2,0,0,2,2
44,1342.100,1432.250,-271.969,-147.629,-0.842358,0.535401,-0.061478,-0.534173,-0.844595,-0.036310,-0.071365,0.002254,0.997448,0,0.67954,-0.29891,40.772,-0.598,-1,400.000,-1,400.000,-1,325.000,325.000,300.000,300.000,-1,300.000,200.000,-1,850.000,750.000,-1,-1,2,0,2,0,2,0,0,0,0,2,1,1,2,0,0,2,2
45,1307.172,1410.606,-274.694,-148.214,-0.847741,0.526753,-0.062181,-0.525426,-0.850018,-0.037378,-0.072544,0.000984,0.997365,0,0.68484,-0.29242,41.090,-0.585,-1,400.000,-1,400.000,-1,325.000,325.000,300.000,300.000,-1,350.000,250.000,-1,850.000,750.000,-1,-1,2,0,2,0,2,0,0,0,0,2,1,1,2,0,0,2,2
46,1271.757,1389.145,-277.459,-148.785,-0.852912,0.518245,-0.062954,-0.516819,-0.855232,-0.038416,-0.073749,-0.000230,0.997277,0,0.69016,-0.28589,41.410,-0.572,-1,400.000,-1,400.000,-1,325.000,325.000,300.000,300.000,-1,400.000,300.000,-1,850.000,750.000,-1,-1,2,0,2,0,2,0,0,0,0,2,1,1,2,0,0,2,2
47,1235.858,1367.867,-280.310,-149.344,-0.857874,0.509881,-0.063829,-0.508339,-0.860243,-0.039658,-0.075130,-0.001575,0.997173,0,0.69551,-0.27931,41.731,-0.559,-1,400.000,-1,400.000,-1,325.000,325.000,300.000,300.000,-1,475.000,350.000,-1,825.000,725.000,-1,-1,2,0,2,0,2,0,0,0,0,2,1,1,2,0,0,2,2
48,1199.480,1346.770,-283.386,-149.889,-0.862690,0.501668,-0.063995,-0.499980,-0.865053,-0.041273,-0.076065,-0.003610,0.997096,0,0.70089,-0.27268,42.053,-0.545,-1,400.000,-1,400.000,-1,325.000,325.000,300.000,300.000,-1,525.000,400.000,-1,825.000,725.000,-1,-1,2,0,2,0,2,0,0,0,0,2,1,1,2,0,0,2,2
49,1162.625,1325.851,-286.562,-150.421,-0.867330,0.493609,-0.063942,-0.491768,-0.869665,-0.042981,-0.076824,-0.005834,0.997028,0,0.70629,-0.26601,42.377,-0.532,-1,400.000,-1,400.000,-1,325.000,325.000,300.000,300.000,-1,575.000,450.000,-1,825.000,700.000,-1,-1,2,0,2,0,2,0,0,0,0,2,1,1,2,0,0,2,2
50,1125.298,1305.109,-289.768,-150.940,-0.871781,0.485710,-0.063903,-0.483726,-0.874084,-0.044576,-0.077507,-0.007949,0.996960,0,0.71172,-0.25929,42.703,-0.519,-1,400.000,-1,400.000,-1,325.000,325.000,300.000,300.000,-1,650.000,500.000,-1,825.000,700.000,-1,-1,2,0,2,0,2,0,0,0,0,2,1,1,2,0,0,2,2
51,1087.502,1284.539,-292.967,-151.445,-0.876048,0.477979,-0.063843,-0.475873,-0.878317,-0.045880,-0.078004,-0.009812,0.996905,0,0.71718,-0.25252,43.031,-0.505,-1,400.000,-1,400.000,-1,325.000,325.000,300.000,300.000,-1,700.000,550.000,-1,825.000,700.000,-1,-1,2,0,2,0,2,0,0,0,0,2,1,1,2,0,0,2,2
52,1049.240,1264.140,-296.268,-151.936,-0.880136,0.470420,-0.063756,-0.468216,-0.882369,-0.046904,-0.078321,-0.011430,0.996863,0,0.72266,-0.24570,43.360,-0.491,-1,400.000,-1,400.000,-1,325.000,325.000,300.000,300.000,-1,750.000,600.000,-1,800.000,675.000,-1,-1,2,0,2,0,2,0,0,0,0,2,1,1,2,0,0,2,2
53,1008.594,1243.132,-299.845,-152.668,-0.886100,0.459109,-0.063604,-0.456826,-0.888283,-0.047567,-0.078337,-0.013094,0.996841,0,0.76258,-0.36570,45.755,-0.731,-1,400.000,-1,400.000,-1,325.000,325.000,300.000,300.000,-1,825.000,650.000,-1,775.000,675.000,-1,-1,2,0,2,0,2,0,0,0,0,2,1,1,2,0,0,2,2
54,967.283,1222.659,-303.455,-153.639,-0.893792,0.443971,-0.063448,-0.441603,-0.895914,-0.048213,-0.078249,-0.015074,0.996820,0,0.76843,-0.48570,46.106,-0.971,-1,400.000,-1,375.000,-1,325.000,325.000,300.000,300.000,-1,900.000,725.000,-1,775.000,675.000,-1,-1,2,0,2,0,2,0,0,0,0,2,1,1,2,0,0,2,2
55,925.296,1202.766,-307.103,-154.649,-0.901513,0.428099,-0.063284,-0.425647,-0.903570,-0.048846,-0.078092,-0.017099,0.996799,0,0.77436,-0.50489,46.461,-1.010,-1,400.000,-1,375.000,-1,325.000,325.000,300.000,300.000,-1,1000.000,800.000,-1,750.000,650.000,-1,-1,2,0,2,0,2,0,0,0,0,2,1,1,2,0,0,2,2
56,882.645,1183.457,-310.787,-155.644,-0.908848,0.412327,-0.063109,-0.409794,-0.910836,-0.049468,-0.077879,-0.019097,0.996780,0,0.78030,-0.49758,46.818,-0.995,-1,400.000,-1,375.000,975.000,325.000,325.000,300.000,300.000,-1,-1,850.000,-1,750.000,650.000,-1,-1,2,0,2,0,0,0,0,0,0,2,2,1,2,0,0,2,2
57,839.342,1164.740,-314.507,-156.625,-0.915805,0.396665,-0.062921,-0.394054,-0.917722,-0.050079,-0.077609,-0.021068,0.996761,0,0.78624,-0.49024,47.174,-0.980,-1,400.000,-1,375.000,950.000,325.000,325.000,300.000,300.000,-1,-1,950.000,-1,725.000,650.000,-1,-1,2,0,2,0,0,0,0,0,0,2,2,1,2,0,0,2,2
58,795.401,1146.619,-318.261,-157.590,-0.922394,0.381124,-0.062720,-0.378440,-0.924237,-0.050680,-0.077284,-0.023011,0.996744,0,0.79218,-0.48287,47.531,-0.966,-1,400.000,-1,375.000,925.000,325.000,300.000,300.000,300.000,-1,-1,-1,-1,700.000,625.000,-1,975.000,2,0,2,0,0,0,0,0,0,2,2,2,2,0,0,2,0
59,750.834,1129.100,-321.953,-158.541,-0.928618,0.365713,-0.062633,-0.362922,-0.930384,-0.051698,-0.077179,-0.025277,0.996697,0,0.79812,-0.47545,47.887,-0.951,-1,375.000,-1,350.000,875.000,325.000,300.000,300.000,300.000,-1,-1,-1,-1,700.000,625.000,-1,925.000,2,0,2,0,0,0,0,0,0,2,2,2,2,0,0,2,0
60,705.653,1112.185,-325.514,-159.477,-0.934544,0.350436,-0.061819,-0.347508,-0.936155,-0.053409,-0.076588,-0.028430,0.996657,0,0.80405,-0.46801,48.243,-0.936,-1,375.000,-1,350.000,850.000,300.000,300.000,300.000,300.000,-1,-1,-1,-1,675.000,625.000,-1,900.000,2,0,2,0,0,0,0,0,0,2,2,2,2,0,0,2,0
61,659.872,1095.879,-328.765,-160.398,-0.940242,0.335295,-0.059351,-0.332210,-0.941532,-0.056154,-0.074709,-0.033082,0.996657,0,0.80998,-0.46052,48.599,-0.921,-1,375.000,-1,350.000,850.000,300.000,300.000,300.000,300.000,-1,-1,-1,-1,675.000,625.000,-1,875.000,2,0,2,0,0,0,0,0,0,2,2,2,2,0,0,2,0
62,613.501,1080.185,-332.035,-161.304,-0.945601,0.320313,-0.056904,-0.317089,-0.946561,-0.058962,-0.072750,-0.037711,0.996637,0,0.81590,-0.45301,48.954,-0.906,-1,375.000,-1,350.000,850.000,300.000,300.000,300.000,300.000,-1,-1,-1,-1,675.000,625.000,-1,875.000,2,0,2,0,0,0,0,0,0,2,2,2,2,0,0,2,0
63,566.555,1065.105,-335.268,-162.195,-0.950618,0.305503,-0.054719,-0.302159,-0.951260,-0.061672,-0.070893,-0.042093,0.996595,0,0.82182,-0.44546,49.309,-0.891,-1,375.000,-1,350.000,850.000,300.000,300.000,300.000,300.000,-1,-1,-1,-1,650.000,625.000,-1,850.000,2,0,2,0,0,0,0,0,0,2,2,2,2,0,0,2,0
64,519.043,1050.642,-337.981,-163.071,-0.955352,0.290901,-0.051768,-0.287661,-0.955729,-0.061912,-0.067487,-0.044256,0.996738,0,0.82774,-0.43787,49.664,-0.876,-1,375.000,-1,350.000,850.000,300.000,300.000,300.000,325.000,-1,-1,-1,-1,650.000,600.000,-1,850.000,2,0,2,0,0,0,0,0,0,2,2,2,2,0,0,2,0
65,470.979,1036.797,-340.556,-163.932,-0.959791,0.276496,-0.048483,-0.273428,-0.959925,-0.061501,-0.063545,-0.045771,0.996929,0,0.83365,-0.43025,50.019,-0.860,-1,375.000,-1,350.000,850.000,300.000,300.000,300.000,325.000,-1,675.000,-1,-1,675.000,600.000,-1,850.000,2,0,2,0,0,0,0,0,0,2,0,2,2,0,0,2,0
66,422.494,1023.608,-343.126,-164.782,-0.963959,0.262196,-0.045131,-0.259307,-0.963858,-0.061128,-0.059528,-0.047222,0.997109,0,0.83745,-0.42533,50.247,-0.851,-1,375.000,-1,375.000,850.000,300.000,300.000,325.000,300.000,-1,550.000,750.000,-1,650.000,600.000,-1,850.000,2,0,2,0,0,0,0,0,0,2,0,0,2,0,0,2,0
67,373.819,1011.139,-345.675,-165.633,-0.967902,0.247841,-0.041727,-0.245138,-0.967580,-0.060799,-0.055443,-0.048619,0.997277,0,0.83745,-0.42533,50.247,-0.851,-1,375.000,-1,375.000,850.000,300.000,300.000,325.000,300.000,-1,475.000,625.000,-1,650.000,600.000,-1,875.000,2,0,2,0,0,0,0,0,0,2,0,0,2,0,0,2,0
68,324.964,999.395,-348.203,-166.484,-0.971619,0.233433,-0.038271,-0.230922,-0.971088,-0.060519,-0.051292,-0.049964,0.997433,0,0.83745,-0.42533,50.247,-0.851,-1,375.000,-1,375.000,850.000,300.000,300.000,325.000,300.000,-1,400.000,525.000,-1,650.000,600.000,-1,875.000,2,0,2,0,0,0,0,0,0,2,0,0,2,0,0,2,0
69,275.941,988.377,-350.708,-167.334,-0.975111,0.218976,-0.034765,-0.216663,-0.974383,-0.060296,-0.047077,-0.051263,0.997575,0,0.83745,-0.42533,50.247,-0.851,-1,375.000,-1,375.000,850.000,300.000,300.000,325.000,300.000,-1,350.000,475.000,-1,625.000,600.000,-1,875.000,2,0,2,0,0,0,0,0,0,2,0,0,2,0,0,2,0
70,226.758,978.089,-353.189,-168.185,-0.978375,0.204473,-0.031209,-0.202364,-0.977462,-0.060134,-0.042801,-0.052518,0.997702,0,0.83745,-0.42533,50.247,-0.851,-1,375.000,-1,350.000,850.000,300.000,300.000,325.000,300.000,-1,300.000,400.000,-1,625.000,600.000,-1,875.000,2,0,2,0,0,0,0,0,0,2,0,0,2,0,0,2,0
71,177.429,968.531,-355.643,-169.035,-0.981410,0.189926,-0.027605,-0.188028,-0.980327,-0.060041,-0.038465,-0.053734,0.997814,0,0.83745,-0.42533,50.247,-0.851,-1,375.000,-1,350.000,875.000,300.000,300.000,325.000,300.000,-1,275.000,350.000,-1,625.000,600.000,-1,875.000,2,0,2,0,0,0,0,0,0,2,0,0,2,0,0,2,0
72,127.963,959.708,-358.069,-169.886,-0.984216,0.175340,-0.023956,-0.173658,-0.982975,-0.060022,-0.034072,-0.054915,0.997910,0,0.83745,-0.42533,50.247,-0.851,-1,375.000,-1,350.000,875.000,300.000,300.000,325.000,300.000,-1,250.000,300.000,-1,625.000,600.000,-1,875.000,2,0,2,0,0,0,0,0,0,2,0,0,2,0,0,2,0
73,78.371,951.619,-360.465,-170.737,-0.986793,0.160717,-0.020264,-0.159257,-0.985407,-0.060084,-0.029625,-0.056064,0.997988,0,0.83745,-0.42533,50.247,-0.851,-1,350.000,-1,350.000,875.000,300.000,300.000,325.000,300.000,-1,225.000,275.000,-1,600.000,575.000,1000.000,850.000,2,0,2,0,0,0,0,0,0,2,0,0,2,0,0,0,0
74,28.567,944.256,-362.596,-171.592,-0.989141,0.145983,-0.017018,-0.144700,-0.987582,-0.061189,-0.025739,-0.058062,0.997981,0,0.83910,-0.42735,50.346,-0.855,1000.000,350.000,-1,350.000,850.000,300.000,300.000,300.000,300.000,-1,225.000,250.000,-1,600.000,575.000,950.000,850.000,0,0,2,0,0,0,0,0,0,2,0,0,2,0,0,0,0
75,-21.524,937.616,-363.703,-172.454,-0.991299,0.131059,-0.012250,-0.129984,-0.989324,-0.065902,-0.020756,-0.063736,0.997751,0,0.84215,-0.43112,50.529,-0.862,950.000,350.000,-1,350.000,900.000,300.000,300.000,300.000,300.000,-1,225.000,275.000,-1,600.000,600.000,925.000,875.000,0,0,2,0,0,0,0,0,0,2,0,0,2,0,0,0,0
76,-71.892,931.720,-363.658,-173.324,-0.993211,0.116017,-0.008473,-0.115207,-0.991124,-0.066338,-0.016094,-0.064912,0.997761,0,0.84519,-0.43492,50.711,-0.870,950.000,350.000,-1,350.000,925.000,300.000,300.000,300.000,300.000,-1,250.000,300.000,-1,600.000,600.000,925.000,875.000,0,0,2,0,0,0,0,0,0,2,0,0,2,0,0,0,0
77,-122.524,926.579,-363.250,-174.201,-0.994896,0.100825,-0.004031,-0.100347,-0.992793,-0.065516,-0.010608,-0.064777,0.997843,0,0.84821,-0.43874,50.893,-0.877,975.000,350.000,-1,350.000,950.000,300.000,300.000,300.000,300.000,-1,275.000,300.000,-1,600.000,600.000,950.000,900.000,0,0,2,0,0,0,0,0,0,2,0,0,2,0,0,0,0
78,-173.410,922.206,-362.792,-175.086,-0.996340,0.085477,0.000466,-0.085327,-0.994242,-0.064821,-0.005077,-0.064624,0.997897,0,0.85122,-0.44260,51.073,-0.885,975.000,350.000,-1,350.000,975.000,300.000,300.000,325.000,325.000,-1,300.000,325.000,-1,625.000,600.000,975.000,925.000,0,0,2,0,0,0,0,0,0,2,0,0,2,0,0,0,0
79,-224.536,918.613,-362.285,-175.979,-0.997536,0.069972,0.005013,-0.070150,-0.995464,-0.064263,0.000494,-0.064456,0.997920,0,0.85420,-0.44649,51.252,-0.893,1000.000,350.000,-1,350.000,1000.000,300.000,300.000,325.000,325.000,-1,325.000,325.000,-1,625.000,600.000,975.000,950.000,0,0,2,0,0,0,0,0,0,2,0,0,2,0,0,0,0
80,-275.889,915.815,-361.727,-176.880,-0.998478,0.054313,0.009604,-0.054817,-0.996453,-0.063848,0.006102,-0.064277,0.997913,0,0.85715,-0.45042,51.429,-0.901,-1,375.000,-1,375.000,-1,300.000,300.000,325.000,325.000,-1,350.000,350.000,-1,625.000,625.000,-1,975.000,2,0,2,0,2,0,0,0,0,2,0,0,2,0,0,2,0
81,-327.456,913.825,-361.119,-177.789,-0.999157,0.038503,0.014233,-0.039333,-0.997201,-0.063585,0.011745,-0.064091,0.997875,0,0.86007,-0.45439,51.604,-0.909,-1,375.000,-1,375.000,-1,300.000,300.000,325.000,325.000,-1,350.000,350.000,-1,625.000,625.000,-1,-1,2,0,2,0,2,0,0,0,0,2,0,0,2,0,0,2,2
82,-379.220,912.656,-360.458,-178.706,-0.999567,0.022542,0.018891,-0.023700,-0.997702,-0.063480,0.017417,-0.063900,0.997804,0,0.86295,-0.45840,51.777,-0.917,-1,375.000,-1,375.000,-1,300.000,300.000,325.000,300.000,-1,325.000,325.000,-1,625.000,625.000,-1,-1,2,0,2,0,2,0,0,0,0,2,0,0,2,0,0,2,2
83,-431.167,912.322,-359.744,-179.631,-0.999701,0.006434,0.023571,-0.007921,-0.997948,-0.063542,0.023114,-0.063710,0.997701,0,0.86579,-0.46247,51.947,-0.925,-1,375.000,-1,375.000,-1,300.000,300.000,325.000,300.000,-1,275.000,300.000,-1,625.000,625.000,-1,-1,2,0,2,0,2,0,0,0,0,2,0,0,2,0,0,2,2
84,-479.566,912.590,-359.046,-180.316,-0.999595,-0.005496,0.027916,0.003708,-0.997962,-0.063696,0.028209,-0.063567,0.997579,0,0.80666,-0.34247,48.399,-0.685,-1,375.000,-1,375.000,-1,300.000,300.000,300.000,300.000,-1,250.000,275.000,-1,625.000,625.000,-1,-1,2,0,2,0,2,0,0,0,0,2,0,0,2,0,0,2,2
85,-528.106,913.235,-358.322,-180.760,-0.999392,-0.013246,0.032250,0.011165,-0.997895,-0.063877,0.033029,-0.063478,0.997437,0,0.80905,-0.22247,48.543,-0.445,-1,375.000,-1,375.000,-1,300.000,300.000,300.000,300.000,-1,250.000,250.000,-1,625.000,625.000,-1,-1,2,0,2,0,2,0,0,0,0,2,0,0,2,0,0,2,2
86,-576.769,914.056,-357.586,-180.965,-0.999190,-0.016815,0.036572,0.014449,-0.997844,-0.064026,0.037570,-0.063445,0.997278,0,0.81116,-0.10247,48.669,-0.205,-1,350.000,-1,375.000,-1,300.000,300.000,300.000,300.000,-1,225.000,225.000,-1,625.000,625.000,-1,-1,2,0,2,0,2,0,0,0,0,2,0,0,2,0,0,2,2
87,-625.537,914.848,-356.849,-180.930,-0.999033,-0.016204,0.040881,0.013563,-0.997852,-0.064083,0.041832,-0.063467,0.997107,0,0.81289,0.01753,48.774,0.035,-1,350.000,-1,375.000,-1,300.000,300.000,300.000,300.000,-1,200.000,225.000,-1,625.000,625.000,-1,-1,2,0,2,0,2,0,0,0,0,2,0,0,2,0,0,2,2
88,-674.385,915.408,-355.064,-180.655,-0.998977,-0.011414,0.043748,0.008628,-0.997954,-0.063355,0.044381,-0.062913,0.997032,0,0.81419,0.13753,48.851,0.275,1000.000,350.000,-1,350.000,-1,300.000,300.000,300.000,300.000,-1,225.000,225.000,-1,625.000,625.000,-1,-1,1,0,2,0,2,0,0,0,0,2,0,0,2,0,0,2,2
89,-723.283,915.528,-352.021,-180.140,-0.998910,-0.002442,0.046624,-0.000519,-0.997989,-0.063391,0.046685,-0.063346,0.996899,0,0.81496,0.25753,48.898,0.515,975.000,350.000,-1,375.000,-1,300.000,300.000,300.000,300.000,-1,275.000,275.000,-1,650.000,650.000,-1,-1,1,0,2,0,2,0,0,0,0,2,0,0,2,0,0,2,2
90,-772.188,915.003,-349.022,-179.385,-0.998717,0.010709,0.049488,-0.013842,-0.997892,-0.063404,0.048705,-0.064008,0.996760,0,0.81513,0.37753,48.908,0.755,950.000,375.000,-1,375.000,-1,300.000,300.000,300.000,300.000,-1,300.000,300.000,-1,650.000,650.000,-1,-1,1,0,2,0,2,0,0,0,0,2,0,0,2,0,0,2,2
91,-821.051,913.843,-346.069,-178.641,-0.998348,0.023672,0.052353,-0.026975,-0.997628,-0.063326,0.050730,-0.064633,0.996619,0,0.81462,0.37220,48.877,0.744,925.000,375.000,-1,375.000,-1,300.000,300.000,300.000,300.000,-1,325.000,325.000,-1,650.000,650.000,-1,-1,1,0,2,0,2,0,0,0,0,2,0,0,2,0,0,2,2
92,-869.839,912.062,-343.163,-177.909,-0.997811,0.036407,0.055215,-0.039880,-0.997206,-0.063159,0.052761,-0.065222,0.996475,0,0.81367,0.36582,48.820,0.732,925.000,375.000,-1,375.000,-1,300.000,300.000,300.000,300.000,-1,350.000,375.000,-1,675.000,675.000,-1,-1,1,0,2,0,2,0,0,0,0,2,0,0,2,0,0,2,2
93,-918.518,909.673,-340.304,-177.190,-0.997114,0.048912,0.058069,-0.052552,-0.996635,-0.062906,0.054797,-0.065776,0.996329,0,0.81229,0.35938,48.737,0.719,900.000,375.000,-1,375.000,-1,300.000,300.000,300.000,300.000,-1,375.000,400.000,-1,675.000,675.000,-1,-1,1,0,2,0,2,0,0,0,0,2,0,0,2,0,0,2,2
94,-967.056,906.691,-337.495,-176.485,-0.996266,0.061184,0.060914,-0.064988,-0.995922,-0.062571,0.056837,-0.066296,0.996180,0,0.81049,0.35292,48.629,0.706,875.000,375.000,-1,375.000,-1,300.000,300.000,325.000,300.000,-1,400.000,400.000,-1,675.000,675.000,-1,-1,1,0,2,0,2,0,0,0,0,2,0,0,2,0,0,2,2
95,-1015.422,903.132,-334.734,-175.792,-0.995277,0.073221,0.063745,-0.077187,-0.995077,-0.062158,0.058880,-0.066785,0.996029,0,0.80829,0.34646,48.497,0.693,850.000,375.000,-1,375.000,-1,300.000,300.000,325.000,300.000,-1,425.000,425.000,-1,675.000,675.000,-1,-1,1,0,2,0,2,0,0,0,0,2,0,0,2,0,0,2,2
96,-1063.589,899.012,-332.022,-175.111,-0.994153,0.085028,0.066559,-0.089153,-0.994107,-0.061669,0.060923,-0.067243,0.995875,0,0.80571,0.34015,48.342,0.680,825.000,375.000,-1,375.000,-1,300.000,300.000,300.000,300.000,-1,450.000,450.000,-1,700.000,700.000,-1,-1,1,0,2,0,2,0,0,0,0,2,0,0,2,0,0,2,2
97,-1111.529,894.342,-329.360,-174.436,-0.992891,0.096737,0.069354,-0.101016,-0.993006,-0.061108,0.062958,-0.067680,0.995719,0,0.80279,0.33768,48.167,0.675,800.000,375.000,-1,375.000,-1,325.000,325.000,300.000,300.000,-1,450.000,450.000,-1,700.000,700.000,-1,-1,1,0,2,0,2,0,0,0,0,2,0,0,2,0,0,2,2
98,-1159.218,889.131,-326.749,-173.765,-0.991492,0.108357,0.072127,-0.112788,-0.991777,-0.060476,0.064981,-0.068097,0.995560,0,0.79954,0.33554,47.973,0.671,775.000,375.000,-1,375.000,-1,325.000,325.000,300.000,300.000,-1,400.000,400.000,-1,725.000,700.000,975.000,-1,1,0,2,0,2,0,0,0,0,2,0,0,2,0,0,1,2
99,-1206.633,883.391,-324.189,-173.097,-0.989958,0.119900,0.074875,-0.124477,-0.990420,-0.059776,0.066991,-0.068496,0.995400,0,0.79602,0.33373,47.761,0.667,750.000,375.000,-1,375.000,-1,325.000,325.000,300.000,300.000,-1,375.000,375.000,-1,725.000,700.000,950.000,-1,1,0,2,0,2,0,0,0,0,2,0,0,2,0,0,1,2
100,-1253.755,877.132,-321.681,-172.433,-0.988291,0.131375,0.077597,-0.136094,-0.988937,-0.059010,0.068986,-0.068880,0.995237,0,0.79225,0.33225,47.535,0.664,725.000,375.000,-1,375.000,-1,325.000,325.000,300.000,300.000,-1,350.000,350.000,-1,725.000,725.000,925.000,-1,1,0,2,0,2,0,0,0,0,2,0,0,2,0,0,1,2
101,-1300.565,870.360,-318.822,-171.771,-0.986554,0.142777,0.079538,-0.147694,-0.987225,-0.059773,0.069988,-0.070717,0.995038,0,0.78830,0.33110,47.298,0.662,675.000,375.000,-1,375.000,-1,325.000,325.000,300.000,300.000,-1,350.000,350.000,-1,725.000,725.000,875.000,-1,1,0,2,0,2,0,0,0,0,2,0,0,2,0,0,1,2
102,-1347.052,863.087,-315.747,-171.110,-0.984712,0.154122,0.081166,-0.159262,-0.985340,-0.061166,0.070549,-0.073158,0.994822,0,0.78421,0.33029,47.052,0.661,650.000,375.000,-1,375.000,-1,325.000,325.000,300.000,300.000,-1,350.000,375.000,-1,750.000,750.000,825.000,-1,1,0,2,0,2,0,0,0,0,2,0,0,2,0,0,1,2
103,-1393.205,855.322,-312.332,-170.450,-0.982835,0.165446,0.081633,-0.170625,-0.983438,-0.061135,0.070166,-0.074014,0.994786,0,0.78003,0.32982,46.802,0.660,625.000,375.000,-1,375.000,-1,325.000,325.000,300.000,300.000,-1,400.000,425.000,-1,750.000,750.000,775.000,-1,1,0,2,0,2,0,0,0,0,2,0,0,2,0,0,1,2
104,-1439.016,847.071,-308.951,-169.791,-0.980822,0.176741,0.082163,-0.181959,-0.981411,-0.061015,0.069852,-0.074795,0.994749,0,0.77581,0.32968,46.549,0.659,575.000,400.000,-1,375.000,-1,325.000,325.000,300.000,300.000,-1,450.000,450.000,-1,750.000,750.000,750.000,-1,1,0,2,0,2,0,0,0,0,2,0,0,2,0,0,1,2
105,-1489.484,837.600,-305.247,-169.372,-0.979452,0.183913,0.082766,-0.189170,-0.980056,-0.060871,0.069920,-0.075277,0.994708,0,0.85581,0.20968,51.349,0.419,550.000,400.000,-1,375.000,-1,325.000,325.000,300.000,300.000,-1,475.000,500.000,-1,750.000,775.000,725.000,-1,1,0,2,0,2,0,0,0,0,2,0,0,2,1,0,1,2
106,-1544.637,827.072,-301.205,-169.192,-0.978814,0.186977,0.083444,-0.192277,-0.979460,-0.060725,0.070376,-0.075483,0.994661,0,0.93581,0.08968,56.149,0.179,525.000,400.000,-1,375.000,-1,325.000,325.000,300.000,300.000,-1,525.000,550.000,-1,750.000,775.000,700.000,-1,1,0,2,0,2,0,0,0,0,2,0,0,2,1,0,1,2
107,-1603.584,815.884,-296.875,-169.253,-0.978948,0.185941,0.084187,-0.191288,-0.979661,-0.060603,0.071206,-0.075432,0.994605,0,1.00000,-0.03032,60.000,-0.061,500.000,400.000,-1,375.000,-1,325.000,325.000,300.000,300.000,-1,575.000,600.000,-1,750.000,800.000,675.000,-1,1,0,2,0,2,0,0,0,0,2,0,0,2,1,0,1,2
108,-1662.590,805.005,-292.517,-169.554,-0.979844,0.180802,0.084947,-0.186197,-0.980646,-0.060530,0.072359,-0.075127,0.994545,0,1.00000,-0.15032,60.000,-0.301,475.000,400.000,-1,400.000,-1,325.000,325.000,300.000,300.000,-1,625.000,625.000,-1,725.000,825.000,675.000,-1,1,0,2,0,2,0,0,0,0,2,0,0,2,1,0,1,2
109,-1721.696,794.684,-288.113,-170.094,-0.981440,0.171548,0.085714,-0.176992,-0.982351,-0.060509,0.073821,-0.074557,0.994481,0,1.00000,-0.27032,60.000,-0.541,450.000,400.000,-1,400.000,-1,325.000,325.000,300.000,300.000,-1,650.000,675.000,-1,750.000,825.000,675.000,-1,1,0,2,0,2,0,0,1,0,2,0,0,2,1,0,1,2
110,-1780.936,785.155,-283.650,-170.860,-0.983580,0.158408,0.086474,-0.163898,-0.984618,-0.060538,0.075554,-0.073717,0.994413,0,1.00000,-0.38305,60.000,-0.766,425.000,400.000,-1,400.000,-1,325.000,325.000,300.000,300.000,-1,700.000,725.000,-1,750.000,850.000,675.000,-1,1,0,2,0,2,0,0,1,0,2,0,0,2,1,0,1,2
111,-1840.293,776.395,-279.129,-171.604,-0.985488,0.145617,0.087224,-0.151155,-0.986649,-0.060631,0.077231,-0.072936,0.994342,0,1.00000,-0.37202,60.000,-0.744,425.000,400.000,-1,400.000,-1,325.000,325.000,275.000,300.000,-1,725.000,775.000,-1,750.000,825.000,700.000,-1,1,0,2,0,2,0,0,1,0,2,0,0,2,1,1,1,2
112,-1899.757,768.383,-274.552,-172.326,-0.987179,0.133194,0.087964,-0.138783,-0.988456,-0.060782,0.078852,-0.072211,0.994268,0,1.00000,-0.36058,60.000,-0.721,425.000,400.000,-1,425.000,-1,325.000,325.000,275.000,300.000,-1,775.000,800.000,-1,775.000,800.000,700.000,1000.000,1,0,2,0,2,0,0,1,0,2,0,0,2,1,1,1,1
113,-1959.313,761.096,-269.981,-173.023,-0.988715,0.121157,0.088114,-0.126745,-0.990068,-0.060838,0.079868,-0.071320,0.994251,0,1.00000,-0.34881,60.000,-0.698,425.000,425.000,-1,425.000,-1,325.000,325.000,250.000,300.000,-1,825.000,850.000,-1,775.000,750.000,725.000,950.000,1,0,2,0,2,0,0,1,0,2,0,0,2,1,1,1,1
114,-2018.950,754.510,-265.654,-173.697,-0.990199,0.109523,0.086662,-0.114942,-0.991545,-0.060222,0.079333,-0.069593,0.994416,0,1.00000,-0.33679,60.000,-0.674,450.000,425.000,-1,425.000,-1,325.000,325.000,250.000,300.000,-1,900.000,925.000,-1,775.000,700.000,725.000,875.000,1,0,2,0,2,0,0,1,0,2,0,0,2,1,1,1,1
115,-2078.658,748.599,-261.440,-174.346,-0.991570,0.098287,0.084428,-0.103549,-0.992790,-0.060376,0.077885,-0.068610,0.994599,0,1.00000,-0.32462,60.000,-0.649,425.000,400.000,-1,425.000,-1,325.000,325.000,250.000,300.000,-1,-1,-1,-1,800.000,675.000,800.000,825.000,1,0,2,0,2,0,0,1,0,2,2,2,2,1,1,1,1
116,-2138.429,743.356,-257.174,-174.986,-0.992795,0.087200,0.082189,-0.092306,-0.993890,-0.060514,0.076410,-0.067665,0.994778,0,1.00000,-0.31992,60.000,-0.640,425.000,400.000,-1,425.000,-1,325.000,325.000,225.000,300.000,-1,-1,-1,-1,800.000,625.000,-1,750.000,1,0,2,0,2,0,0,1,0,2,2,2,2,1,1,2,1
117,-2198.253,738.775,-252.859,-175.621,-0.993884,0.076187,0.079943,-0.081139,-0.994857,-0.060634,0.074912,-0.066750,0.994954,0,1.00000,-0.31743,60.000,-0.635,425.000,400.000,-1,400.000,-1,325.000,325.000,225.000,300.000,-1,-1,-1,-1,800.000,575.000,-1,675.000,1,0,2,0,2,0,0,1,0,2,2,2,2,1,1,2,1
118,-2257.819,734.873,-248.518,-176.252,-0.994841,0.065228,0.077701,-0.070028,-0.995695,-0.060733,0.073405,-0.065861,0.995125,0,0.99490,-0.31555,59.694,-0.631,425.000,400.000,-1,400.000,-1,325.000,325.000,225.000,300.000,-1,-1,-1,-1,800.000,525.000,-1,625.000,1,0,2,0,2,0,0,1,0,2,2,2,2,1,1,2,1
119,-2316.846,731.657,-244.174,-176.881,-0.995668,0.054303,0.075472,-0.058953,-0.996407,-0.060807,0.071899,-0.064993,0.995292,0,0.98523,-0.31431,59.114,-0.629,425.000,400.000,1000.000,375.000,750.000,325.000,325.000,225.000,300.000,-1,-1,-1,-1,800.000,475.000,-1,550.000,1,1,1,1,1,0,0,1,0,2,2,2,2,1,1,2,1
120,-2375.311,729.112,-239.830,-177.508,-0.996369,0.043391,0.073255,-0.047893,-0.996997,-0.060854,0.070395,-0.064141,0.995455,0,0.97534,-0.31372,58.521,-0.627,450.000,375.000,900.000,350.000,650.000,325.000,300.000,225.000,300.000,-1,-1,-1,-1,750.000,450.000,-1,500.000,1,1,1,1,1,1,1,1,0,2,2,2,2,1,1,2,1
121,-2433.206,727.228,-235.489,-178.135,-0.996944,0.032471,0.071054,-0.036827,-0.997466,-0.060867,0.068897,-0.063298,0.995614,0,0.96544,-0.31375,57.926,-0.628,525.000,350.000,800.000,325.000,550.000,300.000,275.000,225.000,300.000,-1,-1,-1,-1,675.000,400.000,-1,425.000,1,1,1,1,1,1,1,1,0,2,2,2,2,1,1,2,1
122,-2490.537,725.992,-231.156,-178.764,-0.997393,0.021524,0.068876,-0.025734,-0.997816,-0.060830,0.067417,-0.062444,0.995769,0,0.95573,-0.31441,57.344,-0.629,-1,350.000,700.000,275.000,475.000,275.000,250.000,225.000,300.000,-1,-1,-1,-1,625.000,375.000,-1,375.000,2,1,1,1,1,1,1,1,0,2,2,2,2,1,1,2,1
123,-2547.317,725.393,-226.831,-179.396,-0.997716,0.010529,0.066718,-0.014595,-0.998047,-0.060745,0.065948,-0.061580,0.995921,0,0.94640,-0.31565,56.784,-0.631,-1,325.000,625.000,250.000,375.000,250.000,225.000,225.000,300.000,-1,-1,-1,-1,575.000,325.000,-1,300.000,2,1,1,1,1,1,1,1,0,2,2,2,2,1,1,2,1
124,-2603.574,725.423,-222.511,-180.030,-0.997913,-0.000531,0.064575,-0.003391,-0.998156,-0.060614,0.064489,-0.060706,0.996070,0,0.93761,-0.31746,56.256,-0.635,-1,300.000,550.000,225.000,300.000,225.000,200.000,225.000,325.000,-1,-1,-1,-1,525.000,275.000,950.000,250.000,2,1,1,1,1,1,1,1,0,2,2,2,2,1,1,1,1
125,-2663.569,726.368,-213.833,-180.905,-0.996848,-0.015763,0.077754,0.010237,-0.997427,-0.070958,0.078672,-0.069939,0.994444,0,1.00000,-0.43746,60.000,-0.875,-1,300.000,525.000,225.000,300.000,225.000,200.000,225.000,350.000,-1,-1,-1,-1,525.000,275.000,900.000,225.000,2,1,1,1,1,1,1,1,0,2,2,2,2,1,1,1,1
126,-2723.539,728.437,-201.958,-181.982,-0.994347,-0.034462,0.100433,0.025496,-0.995685,-0.089228,0.103074,-0.086163,0.990935,0,1.00000,-0.53846,60.000,-1.077,-1,300.000,575.000,225.000,400.000,225.000,200.000,225.000,425.000,400.000,450.000,750.000,-1,625.000,275.000,900.000,250.000,2,1,1,1,1,1,1,1,0,1,0,0,2,1,1,1,1
127,-2783.461,731.635,-190.150,-183.062,-0.991108,-0.053144,0.121989,0.040211,-0.993539,-0.106128,0.126841,-0.100279,0.986841,0,1.00000,-0.53974,60.000,-1.079,-1,325.000,-1,225.000,-1,250.000,200.000,225.000,475.000,325.000,150.000,250.000,-1,600.000,275.000,875.000,250.000,2,1,2,1,2,1,1,1,0,1,0,0,2,1,1,1,1
128,4263.552,-4263.781,-213.266,-177.073,-0.992348,0.050361,0.112738,-0.030740,-0.985058,0.169458,0.119588,0.164695,0.979068,1,0.00000,0.00000,60.000,-1.222,150.000,300.000,650.000,475.000,-1,350.000,425.000,800.000,250.000,975.000,225.000,25.000,375.000,375.000,600.000,150.000,-1,1,1,1,1,2,1,1,1,0,1,0,0,0,1,1,1,2
129,4268.346,-4263.547,-213.882,-177.269,-0.992616,0.047010,0.111821,-0.027835,-0.985525,0.167230,0.118064,0.162883,0.979556,0,-0.08000,-0.09788,-4.800,-0.196,150.000,300.000,650.000,475.000,-1,350.000,425.000,775.000,250.000,975.000,225.000,25.000,375.000,375.000,600.000,150.000,-1,1,1,1,1,2,1,1,1,0,1,0,0,0,1,1,1,2
130,4277.937,-4263.113,-215.087,-177.466,-0.993011,0.043656,0.109648,-0.025343,-0.986273,0.163164,0.115266,0.159245,0.980487,0,-0.16000,-0.09823,-9.600,-0.196,150.000,300.000,675.000,475.000,-1,350.000,425.000,775.000,250.000,950.000,225.000,50.000,400.000,375.000,600.000,150.000,-1,1,1,1,1,2,1,1,1,0,1,0,0,0,1,1,1,2
