timestep,x_cm,y_cm,z_cm,yaw_deg,basis_xx,basis_xy,basis_xz,basis_yx,basis_yy,basis_yz,basis_zx,basis_zy,basis_zz,teleport_flag,throttle_cmd,steering_cmd,cmd_move_cm,cmd_turn_deg,lidar_cm_0,lidar_cm_1,lidar_cm_2,lidar_cm_3,lidar_cm_4,lidar_cm_5,lidar_cm_6,lidar_cm_7,lidar_cm_8,lidar_cm_9,lidar_cm_10,lidar_cm_11,lidar_cm_12,lidar_cm_13,lidar_cm_14,lidar_cm_15,lidar_cm_16,lidar_class_0,lidar_class_1,lidar_class_2,lidar_class_3,lidar_class_4,lidar_class_5,lidar_class_6,lidar_class_7,lidar_class_8,lidar_class_9,lidar_class_10,lidar_class_11,lidar_class_12,lidar_class_13,lidar_class_14,lidar_class_15,lidar_class_16
0,-325.182,9507.107,-32.595,-54.565,0.579676,0.814717,0.014550,-0.814795,0.579748,-0.000946,-0.009206,-0.011307,0.999894,1,0.08000,0.12000,4.800,0.240,-1,400.000,-1,400.000,-1,325.000,325.000,300.000,300.000,-1,-1,-1,-1,750.000,750.000,-1,-1,2,0,2,0,2,0,0,0,0,2,2,2,2,0,0,2,2
1,-319.551,9499.332,-32.702,-54.085,0.586482,0.809834,0.014458,-0.809910,0.586554,-0.000971,-0.009267,-0.011140,0.999895,0,0.16000,0.24000,9.600,0.480,-1,400.000,-1,400.000,-1,325.000,325.000,300.000,300.000,-1,-1,-1,-1,750.000,750.000,-1,-1,2,0,2,0,2,0,0,0,0,2,2,2,2,0,0,2,2
2,-310.958,9487.776,-32.834,-53.365,0.596614,0.802400,0.014357,-0.802475,0.596685,-0.000879,-0.009272,-0.010997,0.999897,0,0.24000,0.36000,14.400,0.720,-1,400.000,-1,400.000,-1,325.000,325.000,300.000,300.000,-1,-1,-1,-1,750.000,750.000,-1,-1,2,0,2,0,2,0,0,0,0,2,2,2,2,0,0,2,2
3,-299.245,9472.564,-33.014,-52.405,0.609976,0.792292,0.014217,-0.792365,0.610046,-0.000762,-0.009277,-0.010800,0.999899,0,0.32000,0.48000,19.200,0.960,-1,400.000,-1,400.000,-1,325.000,325.000,300.000,300.000,-1,-1,-1,-1,750.000,750.000,-1,-1,2,0,2,0,2,0,0,0,0,2,2,2,2,0,0,2,2
4,-284.259,9453.817,-33.244,-51.362,0.624288,0.781068,0.014036,-0.781139,0.624356,-0.000633,-0.009258,-0.010569,0.999901,0,0.40000,0.52105,24.000,1.042,-1,400.000,-1,400.000,-1,325.000,325.000,300.000,300.000,-1,-1,-1,-1,750.000,750.000,-1,-1,2,0,2,0,2,0,0,0,0,2,2,2,2,0,0,2,2
5,-265.869,9431.653,-33.524,-50.317,0.638440,0.769547,0.013814,-0.769616,0.638507,-0.000497,-0.009203,-0.010314,0.999904,0,0.48000,0.52278,28.800,1.046,-1,400.000,-1,400.000,-1,325.000,325.000,300.000,300.000,-1,-1,-1,-1,750.000,750.000,-1,-1,2,0,2,0,2,0,0,0,0,2,2,2,2,0,0,2,2
6,-243.944,9406.192,-33.814,-49.267,0.652433,0.757722,0.013755,-0.757790,0.652498,-0.000353,-0.009243,-0.010194,0.999905,0,0.56000,0.52485,33.600,1.050,-1,400.000,-1,400.000,-1,325.000,325.000,300.000,300.000,-1,-1,-1,-1,725.000,750.000,-1,-1,2,0,2,0,2,0,0,0,0,2,2,2,2,0,0,2,2
7,-218.356,9377.560,-34.135,-48.213,0.666267,0.745586,0.013766,-0.745655,0.666332,-0.000199,-0.009321,-0.010133,0.999905,0,0.64000,0.52723,38.400,1.054,-1,400.000,-1,400.000,-1,325.000,325.000,300.000,300.000,-1,-1,-1,-1,725.000,750.000,-1,-1,2,0,2,0,2,0,0,0,0,2,2,2,2,0,0,2,2
8,-188.978,9345.887,-34.512,-47.153,0.679943,0.733136,0.013739,-0.733205,0.680008,-0.000042,-0.009373,-0.010045,0.999906,0,0.72000,0.52985,43.200,1.060,-1,400.000,-1,400.000,-1,325.000,325.000,300.000,300.000,-1,-1,-1,-1,725.000,750.000,-1,-1,2,0,2,0,2,0,0,0,0,2,2,2,2,0,0,2,2
9,-155.687,9311.307,-34.949,-46.088,0.693457,0.720368,0.013665,-0.720436,0.693521,0.000111,-0.009397,-0.009922,0.999907,0,0.80000,0.53262,48.000,1.065,-1,400.000,-1,400.000,-1,325.000,325.000,300.000,300.000,-1,-1,-1,-1,725.000,750.000,-1,-1,2,0,2,0,2,0,0,0,0,2,2,2,2,0,0,2,2
10,-121.492,9277.091,-35.408,-45.017,0.706802,0.707282,0.013550,-0.707349,0.706864,0.000245,-0.009405,-0.009758,0.999908,0,0.80624,0.53545,48.374,1.071,-1,375.000,-1,400.000,-1,325.000,325.000,300.000,300.000,-1,-1,-1,-1,725.000,750.000,-1,-1,2,0,2,0,2,0,0,0,0,2,2,2,2,0,0,2,2
11,-86.803,9243.662,-35.853,-43.941,0.719962,0.693885,0.013338,-0.693951,0.720022,0.000424,-0.009309,-0.009561,0.999911,0,0.80292,0.53799,48.175,1.076,-1,375.000,-1,400.000,-1,325.000,325.000,300.000,300.000,-1,-1,-1,-1,725.000,750.000,-1,-1,2,0,2,0,2,0,0,0,0,2,2,2,2,0,0,2,2
12,-51.639,9211.031,-36.233,-42.861,0.732927,0.680187,0.012791,-0.680249,0.732981,0.000636,-0.008943,-0.009167,0.999918,0,0.79953,0.54022,47.972,1.080,-1,375.000,-1,400.000,-1,325.000,325.000,300.000,300.000,-1,-1,-1,-1,725.000,750.000,-1,-1,2,0,2,0,2,0,0,1,0,2,2,2,2,0,0,2,2
13,-16.019,9179.209,-36.626,-41.776,0.745675,0.666198,0.012184,-0.666255,0.745724,0.000802,-0.008552,-0.008716,0.999925,0,0.79608,0.54213,47.765,1.084,-1,375.000,-1,400.000,-1,325.000,325.000,300.000,300.000,-1,-1,-1,-1,725.000,725.000,-1,-1,2,0,2,0,2,0,0,1,0,2,2,2,2,0,0,2,2
14,20.041,9148.205,-37.031,-40.689,0.758193,0.651928,0.011522,-0.651979,0.758236,0.000919,-0.008137,-0.008209,0.999933,0,0.79259,0.54374,47.555,1.087,-1,375.000,-1,400.000,-1,325.000,325.000,300.000,300.000,-1,-1,-1,-1,725.000,725.000,-1,-1,2,0,2,0,2,0,0,1,0,2,2,2,2,0,0,2,2
15,56.521,9118.028,-37.447,-39.599,0.770467,0.637388,0.010807,-0.637433,0.770505,0.000984,-0.007699,-0.007647,0.999941,0,0.78907,0.54504,47.344,1.090,-1,375.000,-1,400.000,-1,325.000,325.000,300.000,300.000,-1,-1,-1,-1,725.000,725.000,-1,-1,2,0,2,0,2,0,0,1,0,2,2,2,2,0,0,2,2
16,93.403,9088.683,-37.822,-38.507,0.782482,0.622589,0.010241,-0.622630,0.782516,0.000989,-0.007398,-0.007150,0.999947,0,0.78554,0.54603,47.132,1.092,-1,375.000,-1,400.000,-1,325.000,325.000,300.000,300.000,-1,-1,-1,-1,725.000,725.000,-1,-1,2,0,2,0,2,0,0,0,0,2,2,2,2,0,0,2,2
17,130.671,9060.176,-38.147,-37.413,0.794224,0.607545,0.009848,-0.607581,0.794257,0.000925,-0.007260,-0.006718,0.999951,0,0.78201,0.54674,46.920,1.093,-1,375.000,-1,375.000,-1,325.000,325.000,300.000,300.000,-1,-1,-1,-1,725.000,725.000,-1,-1,2,0,2,0,2,0,0,0,0,2,2,2,2,0,0,2,2
18,168.306,9032.511,-38.479,-36.319,0.805686,0.592267,0.009439,-0.592300,0.805717,0.000836,-0.007110,-0.006264,0.999955,0,0.77849,0.54715,46.710,1.094,-1,375.000,-1,375.000,-1,325.000,325.000,300.000,300.000,-1,-1,-1,-1,725.000,725.000,-1,-1,2,0,2,0,2,0,0,0,0,2,2,2,2,0,0,2,2
19,206.292,9005.690,-38.810,-35.224,0.816857,0.576770,0.009013,-0.576799,0.816886,0.000759,-0.006925,-0.005819,0.999959,0,0.77501,0.54727,46.500,1.095,-1,375.000,-1,375.000,-1,325.000,325.000,300.000,300.000,-1,-1,-1,-1,725.000,725.000,-1,-1,2,0,2,0,2,0,0,0,0,2,2,2,2,0,0,2,2
20,244.612,8979.716,-39.006,-34.130,0.827728,0.561065,0.008519,-0.561094,0.827751,0.001335,-0.006303,-0.005885,0.999963,0,0.77156,0.54711,46.294,1.094,-1,375.000,-1,375.000,-1,325.000,325.000,300.000,300.000,-1,-1,-1,-1,725.000,725.000,-1,-1,2,0,2,0,2,0,0,0,0,2,2,2,2,0,0,2,2
21,283.251,8954.589,-39.204,-33.037,0.838289,0.545168,0.007985,-0.545197,0.838306,0.001904,-0.005655,-0.005950,0.999966,0,0.76817,0.54667,46.090,1.093,-1,375.000,-1,375.000,-1,325.000,325.000,300.000,300.000,-1,-1,-1,-1,725.000,725.000,-1,-1,2,0,2,0,2,0,0,0,0,2,2,2,2,0,0,2,2
22,322.191,8930.308,-39.405,-31.945,0.848531,0.529093,0.007410,-0.529122,0.848542,0.002465,-0.004984,-0.006012,0.999970,0,0.76484,0.54597,45.890,1.092,-1,375.000,-1,375.000,-1,325.000,325.000,300.000,300.000,-1,-1,-1,-1,750.000,725.000,-1,-1,2,0,2,0,2,0,0,0,0,2,2,2,2,0,0,2,2
23,361.419,8906.873,-39.609,-30.855,0.858448,0.512856,0.006797,-0.512883,0.858453,0.003013,-0.004290,-0.006073,0.999972,0,0.76158,0.54499,45.695,1.090,-1,375.000,-1,375.000,-1,325.000,325.000,300.000,300.000,-1,-1,-1,-1,750.000,725.000,-1,-1,2,0,2,0,2,0,0,0,0,2,2,2,2,0,0,2,2
24,400.919,8884.281,-39.784,-29.767,0.868031,0.496469,0.006279,-0.496496,0.868032,0.003601,-0.003663,-0.006243,0.999974,0,0.75841,0.54377,45.505,1.088,-1,400.000,-1,375.000,-1,325.000,325.000,300.000,300.000,-1,-1,-1,-1,750.000,725.000,-1,-1,2,0,2,0,2,0,0,0,0,2,2,2,2,0,0,2,2
25,440.678,8862.529,-39.957,-28.683,0.877277,0.479950,0.005750,-0.479975,0.877272,0.004188,-0.003034,-0.006434,0.999975,0,0.75533,0.54228,45.320,1.085,-1,400.000,-1,375.000,-1,325.000,325.000,300.000,300.000,-1,-1,-1,-1,750.000,725.000,-1,-1,2,0,2,0,2,0,0,0,0,2,2,2,2,0,0,2,2
26,480.681,8841.615,-40.133,-27.602,0.886180,0.463311,0.005180,-0.463334,0.886171,0.004762,-0.002384,-0.006620,0.999975,0,0.75234,0.54056,45.141,1.081,-1,400.000,-1,375.000,-1,325.000,325.000,300.000,300.000,-1,-1,1000.000,-1,750.000,725.000,-1,-1,2,0,2,0,2,0,0,0,0,2,2,0,2,0,0,2,2
27,518.894,8822.520,-40.253,-26.551,0.894528,0.446987,0.004657,-0.447007,0.894516,0.005037,-0.001914,-0.006588,0.999976,0,0.71197,0.52525,42.718,1.051,-1,400.000,-1,375.000,-1,325.000,325.000,300.000,300.000,-1,-1,975.000,-1,750.000,725.000,-1,-1,2,0,2,0,2,0,0,0,0,2,2,0,2,0,0,2,2
28,557.312,8804.191,-40.363,-25.505,0.902544,0.430578,0.004126,-0.430595,0.902530,0.005227,-0.001473,-0.006494,0.999978,0,0.70945,0.52316,42.567,1.046,-1,400.000,-1,375.000,-1,325.000,325.000,300.000,300.000,-1,1000.000,950.000,-1,750.000,725.000,-1,-1,2,0,2,0,2,0,0,0,0,2,0,0,2,0,0,2,2
29,595.926,8786.624,-40.490,-24.463,0.910225,0.414098,0.003658,-0.414113,0.910209,0.005428,-0.001082,-0.006455,0.999979,0,0.70703,0.52088,42.422,1.042,-1,400.000,-1,375.000,-1,325.000,325.000,300.000,300.000,-1,975.000,950.000,-1,750.000,725.000,-1,-1,2,0,2,0,2,0,0,0,0,2,0,0,2,0,0,2,2
30,634.723,8769.814,-40.634,-23.426,0.917570,0.397561,0.003241,-0.397573,0.917553,0.005636,-0.000733,-0.006460,0.999979,0,0.70471,0.51840,42.282,1.037,-1,400.000,-1,375.000,-1,325.000,325.000,300.000,300.000,-1,975.000,925.000,-1,775.000,725.000,-1,-1,2,0,2,0,2,0,0,0,0,2,0,0,2,0,0,2,2
31,673.694,8753.755,-40.778,-22.395,0.924579,0.380979,0.002804,-0.380989,0.924561,0.005817,-0.000377,-0.006447,0.999979,0,0.70250,0.51572,42.150,1.031,-1,400.000,-1,375.000,-1,325.000,325.000,300.000,300.000,-1,950.000,925.000,-1,775.000,725.000,-1,-1,2,0,2,0,2,0,0,0,0,2,0,0,2,0,0,2,2
32,712.828,8738.443,-40.924,-21.369,0.931252,0.364367,0.002351,-0.364375,0.931233,0.005969,-0.000014,-0.006415,0.999979,0,0.70039,0.51287,42.024,1.026,-1,400.000,-1,375.000,-1,325.000,325.000,300.000,300.000,-1,950.000,925.000,-1,775.000,725.000,-1,-1,2,0,2,0,2,0,0,0,0,2,0,0,2,0,0,2,2
33,752.117,8723.871,-40.941,-20.349,0.937589,0.347737,0.002404,-0.347745,0.937567,0.006406,-0.000026,-0.006842,0.999977,0,0.69840,0.50983,41.904,1.020,-1,400.000,-1,375.000,-1,325.000,325.000,300.000,300.000,-1,975.000,950.000,-1,775.000,725.000,-1,-1,2,0,2,0,2,0,0,0,0,2,0,0,2,0,0,2,2
34,791.551,8710.033,-40.961,-19.336,0.943592,0.331102,0.002501,-0.331111,0.943567,0.006806,-0.000107,-0.007250,0.999974,0,0.69652,0.50662,41.791,1.013,-1,400.000,-1,375.000,-1,325.000,325.000,300.000,300.000,-1,1000.000,1000.000,-1,800.000,725.000,-1,-1,2,0,2,0,2,0,0,0,0,2,0,0,2,0,0,2,2
35,831.122,8696.924,-40.976,-18.330,0.949262,0.314476,0.002575,-0.314486,0.949235,0.007173,-0.000189,-0.007619,0.999971,0,0.69476,0.50323,41.686,1.006,-1,400.000,-1,375.000,-1,325.000,325.000,300.000,300.000,-1,-1,-1,-1,800.000,725.000,-1,-1,2,0,2,0,2,0,0,0,0,2,2,2,2,0,0,2,2
36,870.821,8684.536,-40.987,-17.330,0.954602,0.297872,0.002635,-0.297883,0.954573,0.007538,-0.000270,-0.007981,0.999968,0,0.69311,0.49967,41.587,0.999,-1,400.000,-1,375.000,-1,325.000,325.000,300.000,300.000,-1,-1,-1,-1,800.000,725.000,-1,-1,2,0,2,0,2,0,0,0,0,2,2,2,2,0,0,2,2
37,910.640,8672.863,-40.997,-16.338,0.959616,0.281302,0.002693,-0.281314,0.959583,0.007907,-0.000360,-0.008346,0.999965,0,0.69158,0.49595,41.495,0.992,-1,400.000,-1,375.000,-1,325.000,325.000,300.000,300.000,-1,-1,-1,-1,800.000,750.000,-1,-1,2,0,2,0,2,0,0,0,0,2,2,2,2,0,0,2,2
38,950.571,8661.899,-41.006,-15.354,0.964305,0.264778,0.002751,-0.264792,0.964270,0.008281,-0.000460,-0.008714,0.999962,0,0.69016,0.49206,41.410,0.984,-1,400.000,-1,375.000,-1,325.000,325.000,300.000,300.000,-1,-1,-1,-1,800.000,750.000,-1,-1,2,0,2,0,2,0,0,0,0,2,2,2,2,0,0,2,2
39,990.608,8651.635,-41.016,-14.378,0.968676,0.248313,0.002808,-0.248328,0.968637,0.008657,-0.000570,-0.009084,0.999959,0,0.68886,0.48802,41.331,0.976,-1,400.000,-1,375.000,-1,325.000,325.000,300.000,300.000,-1,-1,-1,-1,800.000,750.000,-1,-1,2,0,2,0,2,0,0,0,0,2,2,2,2,0,0,2,2
40,1030.743,8642.066,-41.026,-13.411,0.972731,0.231919,0.002866,-0.231936,0.972689,0.009037,-0.000692,-0.009455,0.999955,0,0.68767,0.48381,41.260,0.968,-1,400.000,-1,375.000,-1,325.000,325.000,300.000,300.000,-1,-1,-1,-1,825.000,750.000,-1,-1,2,0,2,0,2,0,0,0,0,2,2,2,2,0,0,2,2
41,1070.970,8633.183,-41.037,-12.452,0.976476,0.215608,0.002924,-0.215626,0.976431,0.009419,-0.000824,-0.009827,0.999951,0,0.68660,0.47945,41.196,0.959,-1,400.000,-1,400.000,-1,325.000,325.000,300.000,300.000,-1,-1,-1,-1,825.000,750.000,-1,-1,2,0,2,0,2,0,0,0,0,2,2,2,2,0,0,2,2
42,1111.283,8624.980,-41.050,-11.502,0.979916,0.199390,0.002983,-0.199410,0.979867,0.009802,-0.000969,-0.010200,0.999948,0,0.68565,0.47494,41.139,0.950,-1,400.000,-1,400.000,-1,325.000,325.000,300.000,300.000,-1,-1,-1,-1,825.000,750.000,-1,-1,2,0,2,0,2,0,0,0,0,2,2,2,2,0,0,2,2
43,1151.676,8617.449,-41.065,-10.561,0.983056,0.183278,0.003044,-0.183300,0.983004,0.010187,-0.001125,-0.010573,0.999943,0,0.68481,0.47028,41.089,0.941,-1,400.000,-1,400.000,-1,325.000,325.000,300.000,300.000,-1,-1,-1,-1,825.000,750.000,-1,-1,2,0,2,0,2,0,0,0,0,2,2,2,2,0,0,2,2
44,1192.143,8610.582,-41.083,-9.630,0.985904,0.167282,0.003107,-0.167306,0.985848,0.010574,-0.001295,-0.010944,0.999939,0,0.68409,0.46547,41.046,0.931,-1,400.000,-1,400.000,-1,325.000,325.000,300.000,300.000,-1,-1,-1,-1,825.000,775.000,-1,-1,2,0,2,0,2,0,0,0,0,2,2,2,2,0,0,2,2
45,1237.183,8603.884,-41.111,-8.459,0.989117,0.147100,0.003181,-0.147126,0.989056,0.011011,-0.001526,-0.011359,0.999934,0,0.75893,0.58547,45.536,1.171,-1,400.000,-1,400.000,-1,325.000,325.000,300.000,300.000,-1,-1,-1,-1,850.000,775.000,-1,-1,2,0,2,0,2,0,0,0,0,2,2,2,2,0,0,2,2
46,1282.364,8598.250,-41.163,-7.108,0.992311,0.123724,0.003224,-0.123753,0.992246,0.011517,-0.001774,-0.011827,0.999928,0,0.75884,0.67595,45.530,1.352,-1,400.000,-1,400.000,-1,325.000,325.000,300.000,300.000,-1,-1,-1,-1,850.000,775.000,-1,-1,2,0,2,0,2,0,0,0,0,2,2,2,2,0,0,2,2
47,1327.698,8593.672,-41.387,-5.767,0.994933,0.100475,0.003733,-0.100515,0.994855,0.012646,-0.002444,-0.012957,0.999913,0,0.75941,0.67027,45.565,1.341,-1,400.000,-1,400.000,-1,325.000,325.000,300.000,300.000,-1,-1,-1,-1,850.000,775.000,-1,-1,2,0,2,0,2,0,0,0,0,2,2,2,2,0,0,2,2
48,1375.047,8589.999,-41.791,-4.436,0.996995,0.077337,0.004566,-0.077391,0.996913,0.013267,-0.003526,-0.013581,0.999902,0,0.79152,0.66556,47.491,1.331,-1,400.000,-1,400.000,-1,325.000,325.000,300.000,300.000,-1,-1,-1,-1,850.000,775.000,-1,-1,2,0,2,0,2,0,0,0,0,2,2,2,2,0,0,2,2
49,1422.462,8587.422,-42.251,-3.111,0.998512,0.054260,0.005533,-0.054332,0.998428,0.013752,-0.004778,-0.014032,0.999890,0,0.79141,0.66259,47.485,1.325,-1,400.000,-1,400.000,-1,325.000,325.000,300.000,300.000,-1,-1,-1,-1,850.000,775.000,-1,-1,2,0,2,0,2,0,0,0,0,2,2,2,2,0,0,2,2
50,1469.918,8585.938,-42.722,-1.792,0.999490,0.031262,0.006516,-0.031353,0.999406,0.014277,-0.006066,-0.014474,0.999877,0,0.79132,0.65952,47.479,1.319,-1,400.000,-1,400.000,-1,325.000,325.000,300.000,300.000,-1,-1,-1,-1,850.000,775.000,-1,-1,2,0,2,0,2,0,0,0,0,2,2,2,2,0,0,2,2
51,1517.392,8585.541,-43.208,-0.479,0.999937,0.008359,0.007517,-0.008470,0.999854,0.014843,-0.007392,-0.014906,0.999862,0,0.79126,0.65634,47.475,1.313,-1,400.000,-1,400.000,-1,325.000,325.000,300.000,300.000,-1,-1,-1,-1,850.000,775.000,-1,-1,2,0,2,0,2,0,0,0,0,2,2,2,2,0,0,2,2
52,1564.859,8586.227,-43.696,0.827,0.999860,-0.014433,0.008523,0.014301,0.999779,0.015393,-0.008744,-0.015269,0.999845,0,0.79121,0.65305,47.473,1.306,-1,400.000,-1,400.000,-1,325.000,325.000,300.000,300.000,-1,-1,-1,-1,850.000,775.000,-1,-1,2,0,2,0,2,0,0,0,0,2,2,2,2,0,0,2,2
53,1612.297,8587.988,-44.193,2.126,0.999266,-0.037100,0.009544,0.036945,0.999190,0.015950,-0.010128,-0.015586,0.999827,0,0.79118,0.64967,47.471,1.299,-1,400.000,-1,400.000,-1,325.000,325.000,300.000,300.000,-1,-1,-1,-1,850.000,775.000,-1,-1,2,0,2,0,2,0,0,0,0,2,2,2,2,0,0,2,2
54,1659.683,8590.819,-44.710,3.419,0.998165,-0.059626,0.010575,0.059447,0.998094,0.016544,-0.011542,-0.015885,0.999807,0,0.79117,0.64618,47.470,1.292,-1,400.000,-1,400.000,-1,325.000,325.000,300.000,300.000,-1,-1,-1,-1,850.000,775.000,-1,-1,2,0,2,0,2,0,0,0,0,2,2,2,2,0,0,2,2
55,1706.994,8594.712,-45.246,4.704,0.996565,-0.081997,0.011618,0.081792,0.996501,0.017174,-0.012985,-0.016165,0.999785,0,0.79118,0.64259,47.471,1.285,-1,400.000,-1,400.000,-1,325.000,325.000,300.000,300.000,-1,-1,-1,-1,825.000,775.000,-1,-1,2,0,2,0,2,0,0,0,0,2,2,2,2,0,0,2,2
56,1754.208,8599.659,-45.804,5.982,0.994476,-0.104198,0.012671,0.103965,0.994421,0.017839,-0.014459,-0.016423,0.999761,0,0.79120,0.63890,47.472,1.278,-1,400.000,-1,400.000,-1,325.000,325.000,300.000,300.000,-1,-1,-1,-1,825.000,775.000,-1,-1,2,0,2,0,2,0,0,0,0,2,2,2,2,0,0,2,2
57,1801.303,8605.652,-46.386,7.252,0.991908,-0.126216,0.013734,0.125953,0.991863,0.018539,-0.015962,-0.016659,0.999734,0,0.79124,0.63510,47.475,1.270,-1,400.000,-1,400.000,-1,325.000,325.000,300.000,300.000,-1,-1,-1,-1,825.000,775.000,-1,-1,2,0,2,0,2,0,0,0,0,2,2,2,2,0,0,2,2
58,1848.257,8612.682,-46.992,8.514,0.988871,-0.148037,0.014808,0.147743,0.988838,0.019272,-0.017495,-0.016870,0.999705,0,0.79130,0.63121,47.478,1.262,-1,400.000,-1,400.000,-1,325.000,325.000,300.000,300.000,-1,-1,-1,-1,825.000,775.000,-1,-1,2,0,2,0,2,0,0,0,0,2,2,2,2,0,0,2,2
59,1895.051,8620.739,-47.624,9.769,0.985377,-0.169648,0.015891,0.169322,0.985357,0.020039,-0.019058,-0.017055,0.999673,0,0.79137,0.62721,47.482,1.254,-1,400.000,-1,400.000,-1,325.000,325.000,300.000,300.000,-1,-1,-1,-1,825.000,775.000,-1,-1,2,0,2,0,2,0,0,0,0,2,2,2,2,0,0,2,2
60,1941.664,8629.812,-48.422,11.015,0.981438,-0.191040,0.016804,0.190693,0.981440,0.020285,-0.020367,-0.016704,0.999653,0,0.79146,0.62311,47.487,1.246,-1,400.000,-1,400.000,-1,325.000,325.000,300.000,300.000,-1,-1,-1,-1,825.000,775.000,-1,-1,2,0,2,0,2,0,0,0,0,2,2,2,2,0,0,2,2
61,1988.075,8639.891,-49.381,12.253,0.977063,-0.212199,0.017872,0.211839,0.977098,0.020083,-0.021725,-0.015836,0.999639,0,0.79156,0.61890,47.493,1.238,-1,400.000,-1,400.000,-1,325.000,325.000,300.000,300.000,-1,-1,-1,-1,825.000,775.000,-1,-1,2,0,2,0,2,0,0,0,0,2,2,2,2,0,0,2,2
62,2036.292,8651.444,-50.496,13.474,0.972303,-0.232976,0.018696,0.232603,0.972363,0.020174,-0.022879,-0.015267,0.999622,0,0.82636,0.61057,49.582,1.221,-1,400.000,-1,400.000,-1,325.000,325.000,300.000,300.000,-1,-1,-1,-1,825.000,775.000,-1,-1,2,0,2,0,2,0,0,0,0,2,2,2,2,0,0,2,2
63,2079.561,8662.985,-51.657,14.935,0.966034,-0.257695,0.019275,0.257302,0.966109,0.020701,-0.023957,-0.015038,0.999600,0,0.74636,0.73057,44.782,1.461,-1,400.000,-1,400.000,-1,325.000,325.000,300.000,300.000,-1,-1,-1,-1,825.000,775.000,-1,-1,2,0,2,0,2,0,0,0,0,2,2,2,2,0,0,2,2
64,2122.101,8675.528,-52.848,16.428,0.958978,-0.282782,0.019886,0.282368,0.959070,0.021272,-0.025087,-0.014784,0.999576,0,0.73918,0.74653,44.351,1.493,-1,400.000,-1,400.000,-1,325.000,325.000,300.000,300.000,-1,-1,-1,-1,825.000,775.000,-1,-1,2,0,2,0,2,0,0,0,0,2,2,2,2,0,0,2,2
65,2164.415,8689.210,-54.075,17.919,0.951283,-0.307637,0.020512,0.307202,0.951394,0.021850,-0.026236,-0.014484,0.999551,0,0.74118,0.74534,44.471,1.491,-1,400.000,-1,400.000,-1,325.000,325.000,300.000,300.000,-1,-1,-1,-1,825.000,800.000,-1,-1,2,0,2,0,2,0,0,0,0,2,2,2,2,0,0,2,2
66,2206.469,8704.026,-55.339,19.407,0.942955,-0.332248,0.021152,0.331791,0.943086,0.022434,-0.027402,-0.014136,0.999525,0,0.74312,0.74422,44.587,1.488,-1,400.000,-1,400.000,-1,325.000,325.000,300.000,300.000,-1,-1,-1,-1,825.000,800.000,-1,-1,2,0,2,0,2,0,0,0,0,2,2,2,2,0,0,2,2
67,2248.229,8719.967,-56.637,20.894,0.934002,-0.356601,0.021826,0.356122,0.934156,0.023011,-0.028595,-0.013720,0.999497,0,0.74499,0.74318,44.700,1.486,1000.000,400.000,-1,400.000,-1,325.000,325.000,300.000,300.000,-1,-1,-1,-1,800.000,800.000,-1,-1,1,0,2,0,2,0,0,0,0,2,2,2,2,0,0,2,2
68,2289.662,8737.026,-57.968,22.378,0.924431,-0.380683,0.022540,0.380183,0.924611,0.023579,-0.029817,-0.013228,0.999468,0,0.74679,0.74223,44.807,1.484,925.000,400.000,-1,400.000,-1,325.000,325.000,300.000,300.000,-1,-1,-1,-1,800.000,800.000,-1,-1,1,0,2,0,2,0,0,0,0,2,2,2,2,0,0,2,2
69,2330.734,8755.193,-59.338,23.861,0.914249,-0.404484,0.023276,0.403961,0.914457,0.024148,-0.031053,-0.012675,0.999437,0,0.74850,0.74136,44.910,1.483,850.000,400.000,-1,400.000,-1,325.000,325.000,300.000,300.000,-1,-1,-1,-1,800.000,800.000,-1,-1,1,0,2,0,2,0,0,0,0,2,2,2,2,0,0,2,2
70,2371.410,8774.457,-60.747,25.342,0.903465,-0.427989,0.024035,0.427444,0.903704,0.024718,-0.032299,-0.012058,0.999406,0,0.75012,0.74057,45.007,1.481,800.000,400.000,-1,400.000,-1,325.000,325.000,300.000,300.000,-1,-1,-1,-1,800.000,800.000,-1,-1,1,0,2,0,2,0,0,0,0,2,2,2,2,1,0,2,2
71,2411.657,8794.806,-62.197,26.822,0.892085,-0.451187,0.024815,0.450621,0.892357,0.025288,-0.033553,-0.011377,0.999372,0,0.75166,0.73988,45.099,1.480,775.000,400.000,-1,400.000,-1,325.000,325.000,300.000,300.000,-1,-1,-1,-1,775.000,800.000,-1,-1,1,0,2,0,2,0,0,0,0,2,2,2,2,1,0,2,2
72,2451.442,8816.228,-63.686,28.300,0.880117,-0.474066,0.025616,0.473479,0.880425,0.025858,-0.034811,-0.010629,0.999337,0,0.75309,0.73928,45.185,1.479,725.000,400.000,-1,400.000,-1,325.000,325.000,300.000,300.000,-1,-1,-1,-1,750.000,775.000,-1,-1,1,0,2,0,2,0,0,0,0,2,2,2,2,1,0,2,2
73,2490.730,8838.708,-65.287,29.778,0.867570,-0.496615,0.026389,0.496021,0.867918,0.026101,-0.035865,-0.009555,0.999311,0,0.75442,0.73877,45.265,1.478,675.000,400.000,-1,400.000,-1,325.000,325.000,300.000,300.000,-1,-1,-1,-1,725.000,775.000,-1,-1,1,0,2,0,2,0,0,0,0,2,2,2,2,1,0,2,2
74,2529.489,8862.231,-66.945,31.255,0.854450,-0.518822,0.027190,0.518225,0.854841,0.026261,-0.036867,-0.008348,0.999285,0,0.75563,0.73835,45.338,1.477,625.000,400.000,-1,400.000,-1,325.000,325.000,300.000,300.000,-1,-1,-1,-1,700.000,775.000,-1,-1,1,0,2,0,2,0,0,0,0,2,2,2,2,1,0,2,2
75,2567.684,8886.781,-68.644,32.731,0.840764,-0.540676,0.028034,0.540076,0.841201,0.026421,-0.037868,-0.007073,0.999258,0,0.75674,0.73803,45.404,1.476,600.000,400.000,-1,400.000,-1,325.000,325.000,300.000,300.000,-1,-1,-1,-1,675.000,775.000,-1,-1,1,0,2,0,2,0,0,0,0,2,2,2,2,1,0,2,2
76,2605.283,8912.339,-70.311,34.206,0.826532,-0.562163,0.028597,0.561561,0.827005,0.026684,-0.038650,-0.005996,0.999235,0,0.75772,0.73781,45.463,1.476,550.000,400.000,-1,400.000,-1,325.000,325.000,300.000,300.000,-1,-1,-1,-1,650.000,775.000,825.000,-1,1,0,2,0,2,0,0,0,0,2,2,2,2,1,0,1,2
77,2642.253,8938.886,-72.009,35.682,0.811753,-0.583273,0.029153,0.582671,0.812261,0.026945,-0.039396,-0.004886,0.999212,0,0.75857,0.73769,45.514,1.475,525.000,400.000,-1,400.000,-1,325.000,325.000,300.000,300.000,-1,-1,-1,-1,625.000,775.000,700.000,-1,1,0,2,0,2,0,0,0,0,2,2,2,2,1,0,1,2
78,2681.127,8968.213,-73.855,37.031,0.797757,-0.602244,0.029752,0.601641,0.798303,0.027217,-0.040142,-0.003813,0.999187,0,0.81160,0.67477,48.696,1.350,475.000,400.000,-1,400.000,-1,325.000,325.000,300.000,300.000,-1,-1,-1,-1,600.000,775.000,625.000,-1,1,1,2,0,2,0,0,0,0,2,2,2,2,1,0,1,2
79,2719.509,8998.613,-75.752,38.380,0.783322,-0.620878,0.030300,0.620275,0.783903,0.027495,-0.040824,-0.002743,0.999163,0,0.81604,0.67466,48.962,1.349,425.000,375.000,-1,400.000,-1,325.000,325.000,300.000,300.000,-1,-1,-1,-1,600.000,775.000,575.000,-1,1,1,2,0,2,0,0,0,0,2,2,2,2,1,0,1,2
80,2757.366,9030.075,-77.742,39.730,0.768460,-0.639167,0.030577,0.638564,0.769066,0.027818,-0.041296,-0.001852,0.999145,0,0.82039,0.67470,49.224,1.349,400.000,375.000,-1,400.000,-1,325.000,325.000,300.000,300.000,-1,-1,-1,-1,575.000,775.000,500.000,-1,1,1,2,0,2,0,0,0,0,2,2,2,2,1,0,1,2
81,2794.663,9062.588,-79.773,41.080,0.753166,-0.657107,0.030845,0.656506,0.753796,0.028116,-0.041726,-0.000926,0.999129,0,0.82465,0.67491,49.479,1.350,350.000,350.000,-1,400.000,-1,325.000,325.000,300.000,300.000,-1,-1,-1,-1,550.000,775.000,450.000,-1,1,1,2,0,2,1,0,0,0,2,2,2,2,1,0,1,2
82,2833.619,9097.899,-81.717,42.189,0.740270,-0.671584,0.031217,0.671038,0.740928,0.027103,-0.041332,0.000884,0.999145,0,0.87630,0.55491,52.578,1.110,325.000,350.000,-1,400.000,-1,300.000,325.000,300.000,300.000,-1,-1,-1,-1,550.000,775.000,400.000,-1,1,1,2,0,2,1,0,1,0,2,2,2,2,1,0,1,2
83,2872.192,9133.943,-82.168,43.059,0.729960,-0.682728,0.032260,0.682548,0.730619,0.018016,-0.035870,0.008868,0.999317,0,0.87987,0.43491,52.792,0.870,325.000,350.000,-1,400.000,-1,300.000,325.000,300.000,300.000,-1,-1,-1,-1,575.000,775.000,450.000,-1,1,1,2,0,2,1,0,1,0,2,2,2,2,1,0,1,2
84,2910.487,9170.526,-82.646,43.689,0.722414,-0.690648,0.033504,0.690795,0.722997,0.008840,-0.030329,0.016759,0.999399,0,0.88269,0.31491,52.961,0.630,350.000,350.000,-1,425.000,-1,325.000,350.000,300.000,300.000,-1,-1,-1,-1,625.000,800.000,575.000,-1,1,1,2,0,2,1,1,1,0,2,2,2,2,1,0,1,2
85,2948.616,9207.450,-83.376,44.079,0.717730,-0.695455,0.034714,0.695855,0.718182,0.000769,-0.025466,0.023604,0.999397,0,0.88462,0.19491,53.077,0.390,375.000,350.000,-1,425.000,-1,325.000,350.000,300.000,275.000,-1,-1,-1,-1,675.000,825.000,-1,-1,1,1,2,1,2,1,1,1,0,2,2,2,2,1,0,2,2
86,2986.686,9244.512,-84.322,44.229,0.715963,-0.697221,0.035776,0.697817,0.716248,-0.006382,-0.021175,0.029534,0.999339,0,0.88554,0.07491,53.132,0.150,425.000,375.000,-1,425.000,-1,325.000,350.000,300.000,275.000,-1,950.000,500.000,-1,750.000,825.000,-1,-1,1,1,2,0,2,1,1,1,0,2,0,0,2,1,0,2,2
87,3024.790,9281.490,-85.448,44.139,0.717123,-0.695988,0.036549,0.696723,0.717236,-0.012254,-0.017686,0.034252,0.999257,0,0.88495,-0.04509,53.097,-0.090,500.000,375.000,-1,450.000,-1,325.000,350.000,275.000,275.000,-1,625.000,400.000,-1,850.000,850.000,-1,-1,1,1,2,0,2,1,1,1,0,2,0,0,2,1,0,2,2
88,3062.974,9318.129,-86.800,43.816,0.721093,-0.691852,0.036968,0.692677,0.721050,-0.016891,-0.014969,0.037787,0.999174,0,0.88199,-0.16125,52.920,-0.322,-1,400.000,-1,450.000,-1,350.000,350.000,275.000,275.000,-1,550.000,350.000,-1,925.000,850.000,-1,-1,2,1,2,0,2,1,1,1,0,2,0,0,2,0,0,2,2
89,3101.139,9354.375,-88.359,43.520,0.724711,-0.688046,0.037232,0.688932,0.724536,-0.020495,-0.012874,0.040503,0.999096,0,0.87723,-0.14793,52.634,-0.296,-1,400.000,-1,450.000,-1,350.000,375.000,250.000,275.000,-1,500.000,300.000,-1,925.000,850.000,-1,-1,2,1,2,0,2,1,0,1,0,2,0,0,2,0,0,2,2
90,3139.208,9390.191,-90.115,43.252,0.727964,-0.684597,0.037366,0.685521,0.727687,-0.023090,-0.011384,0.042424,0.999035,0,0.87115,-0.13393,52.269,-0.268,-1,425.000,-1,450.000,-1,375.000,375.000,250.000,275.000,-1,475.000,275.000,-1,925.000,850.000,-1,-1,2,1,2,0,2,1,0,1,0,2,0,0,2,0,0,2,2
91,3177.100,9425.544,-92.059,43.014,0.730838,-0.681526,0.037393,0.682471,0.730495,-0.024705,-0.010478,0.043575,0.998995,0,0.86372,-0.11931,51.823,-0.239,-1,450.000,-1,450.000,-1,375.000,375.000,225.000,275.000,-1,450.000,275.000,-1,925.000,850.000,-1,-1,2,1,2,0,2,0,0,1,0,2,0,0,2,0,0,2,2
92,3214.736,9460.401,-94.162,42.805,0.733327,-0.678855,0.037254,0.679802,0.732957,-0.025367,-0.010085,0.043928,0.998984,0,0.85497,-0.10417,51.298,-0.208,-1,475.000,-1,450.000,-1,375.000,375.000,200.000,275.000,-1,425.000,250.000,-1,925.000,850.000,-1,-1,2,1,2,0,2,0,0,1,0,2,0,0,2,0,0,2,2
93,3252.037,9494.735,-96.199,42.628,0.735455,-0.676619,0.035960,0.677506,0.735093,-0.024959,-0.009546,0.042719,0.999042,0,0.84495,-0.08867,50.697,-0.177,-1,475.000,-1,450.000,-1,375.000,375.000,200.000,275.000,-1,425.000,250.000,-1,925.000,850.000,-1,-1,2,0,2,0,2,0,0,1,0,2,0,0,2,0,0,2,2
94,3288.938,9528.514,-98.284,42.472,0.737313,-0.674677,0.034366,0.675487,0.736993,-0.023642,-0.009377,0.040645,0.999130,0,0.83379,-0.07785,50.027,-0.156,-1,475.000,-1,425.000,-1,375.000,350.000,200.000,275.000,-1,400.000,250.000,-1,900.000,850.000,-1,-1,2,0,2,0,2,0,0,1,0,2,0,0,2,0,0,2,2
95,3325.388,9561.708,-98.868,42.321,0.738847,-0.672620,0.041093,0.673706,0.738647,-0.022803,-0.015015,0.044532,0.998895,0,0.82165,-0.07555,49.299,-0.151,-1,450.000,-1,425.000,-1,375.000,350.000,200.000,275.000,-1,650.000,425.000,-1,875.000,800.000,-1,-1,2,0,2,0,2,0,0,1,0,2,0,0,2,0,0,2,2
96,3361.348,9594.285,-99.579,42.174,0.740267,-0.670612,0.047795,0.671980,0.740265,-0.021210,-0.021157,0.047818,0.998632,0,0.80869,-0.07382,48.521,-0.148,-1,450.000,-1,400.000,-1,350.000,350.000,200.000,275.000,-1,-1,725.000,-1,850.000,775.000,-1,-1,2,0,2,0,2,0,0,1,0,2,2,0,2,0,0,2,2
97,3393.703,9623.692,-100.483,42.266,0.738896,-0.671740,0.052907,0.673310,0.739111,-0.019193,-0.026211,0.049805,0.998415,0,0.72869,0.04618,43.721,0.092,-1,425.000,-1,400.000,-1,350.000,325.000,200.000,275.000,-1,-1,-1,-1,800.000,750.000,-1,-1,2,0,2,0,2,0,0,1,0,2,2,2,2,0,0,2,2
98,3422.353,9650.036,-101.509,42.598,0.734748,-0.675983,0.056502,0.677674,0.735166,-0.016984,-0.030058,0.050769,0.998258,0,0.64869,0.16618,38.921,0.332,-1,425.000,-1,400.000,-1,350.000,325.000,200.000,275.000,-1,-1,-1,-1,775.000,725.000,-1,-1,2,0,2,0,2,0,0,1,0,2,2,2,2,0,0,2,2
99,3449.621,9675.615,-102.634,43.171,0.727749,-0.683277,0.059274,0.685039,0.728360,-0.014596,-0.033200,0.051227,0.998135,0,0.62312,0.28618,37.387,0.572,-1,425.000,-1,375.000,-1,325.000,325.000,200.000,275.000,-1,-1,-1,-1,750.000,700.000,-1,-1,2,0,2,0,2,0,0,1,0,2,2,2,2,0,0,2,2
100,3476.153,9701.222,-103.846,43.983,0.717806,-0.693531,0.061392,0.695324,0.718595,-0.012059,-0.035752,0.051344,0.998041,0,0.61456,0.40618,36.874,0.812,-1,400.000,-1,375.000,-1,325.000,325.000,200.000,275.000,-1,-1,-1,-1,750.000,675.000,-1,-1,2,0,2,0,2,0,0,1,0,2,2,2,2,0,0,2,2
101,3501.891,9726.992,-105.116,45.036,0.704795,-0.706615,0.062916,0.708408,0.705740,-0.009474,-0.037708,0.051247,0.997974,0,0.60702,0.52618,36.421,1.052,-1,400.000,-1,375.000,-1,325.000,325.000,200.000,275.000,-1,-1,-1,-1,725.000,675.000,-1,-1,2,0,2,0,2,0,0,1,0,2,2,2,2,0,0,2,2
102,3526.773,9753.054,-106.404,46.328,0.688559,-0.722359,0.063913,0.724130,0.689628,-0.006993,-0.039024,0.051096,0.997931,0,0.60055,0.64618,36.033,1.292,-1,400.000,-1,375.000,-1,325.000,300.000,200.000,275.000,-1,-1,-1,-1,700.000,650.000,-1,-1,2,0,2,0,2,0,0,1,0,2,2,2,2,0,0,2,2
103,3550.803,9779.467,-107.657,47.704,0.670912,-0.738718,0.064602,0.740465,0.672078,-0.004811,-0.039863,0.051063,0.997900,0,0.59514,0.68825,35.709,1.376,-1,375.000,-1,375.000,-1,325.000,300.000,200.000,275.000,-1,-1,-1,-1,700.000,650.000,-1,-1,2,0,2,0,2,0,0,1,0,2,2,2,2,0,0,2,2
104,3574.002,9806.228,-108.882,49.079,0.652915,-0.754630,0.065080,0.756352,0.654159,-0.002852,-0.040421,0.051085,0.997876,0,0.59027,0.68744,35.416,1.375,-1,375.000,-1,350.000,-1,300.000,300.000,200.000,275.000,-1,-1,-1,-1,675.000,625.000,-1,-1,2,0,2,0,2,0,0,1,0,2,2,2,2,0,0,2,2
105,3596.375,9833.324,-110.082,50.452,0.634584,-0.770085,0.065362,0.771782,0.635887,-0.001118,-0.040702,0.051155,0.997861,0,0.58565,0.68651,35.139,1.373,-1,375.000,-1,350.000,-1,300.000,300.000,200.000,275.000,-1,-1,-1,-1,675.000,625.000,-1,-1,2,0,2,0,2,0,0,1,0,2,2,2,2,0,0,2,2
106,3617.933,9860.741,-111.251,51.823,0.615933,-0.785074,0.065456,0.786745,0.617278,0.000417,-0.040731,0.051240,0.997855,0,0.58130,0.68544,34.878,1.371,-1,375.000,-1,350.000,-1,300.000,300.000,200.000,275.000,-1,-1,-1,-1,650.000,600.000,-1,-1,2,0,2,0,2,0,0,1,0,2,2,2,2,0,0,2,2
107,3638.682,9888.471,-111.953,53.192,0.597012,-0.799523,0.065875,0.801272,0.598301,-0.000203,-0.039250,0.052905,0.997828,0,0.57722,0.68425,34.633,1.369,-1,375.000,-1,350.000,-1,300.000,300.000,200.000,275.000,-1,-1,-1,-1,650.000,600.000,-1,-1,2,0,2,0,2,0,0,1,0,2,2,2,2,0,0,2,2
108,3658.631,9916.501,-112.602,54.558,0.577803,-0.813486,0.066212,0.815312,0.579021,-0.000962,-0.037556,0.054540,0.997805,0,0.57342,0.68295,34.405,1.366,-1,375.000,-1,350.000,-1,300.000,300.000,200.000,275.000,-1,-1,-1,-1,675.000,600.000,-1,-1,2,0,2,0,2,0,0,1,0,2,2,2,2,0,0,2,2
109,3677.791,9944.822,-113.050,55.921,0.558302,-0.826998,0.066138,0.828841,0.559484,-0.000769,-0.036367,0.055247,0.997810,0,0.56989,0.68155,34.193,1.363,-1,375.000,-1,350.000,-1,300.000,300.000,225.000,275.000,-1,-1,-1,-1,675.000,600.000,-1,-1,2,0,2,0,2,0,0,1,0,2,2,2,2,0,0,2,2
110,3696.166,9973.425,-113.507,57.281,0.538540,-0.840018,0.065905,0.841870,0.539681,-0.000595,-0.035068,0.055804,0.997826,0,0.56663,0.68004,33.998,1.360,-1,375.000,-1,350.000,-1,300.000,300.000,225.000,275.000,-1,-1,-1,-1,675.000,600.000,-1,-1,2,0,2,0,2,0,0,1,0,2,2,2,2,0,0,2,2
111,3713.767,10002.302,-113.975,58.638,0.518535,-0.852543,0.065518,0.854394,0.519626,-0.000453,-0.033659,0.056213,0.997851,0,0.56364,0.67844,33.819,1.357,-1,375.000,-1,350.000,-1,300.000,300.000,225.000,275.000,-1,-1,-1,-1,675.000,600.000,-1,-1,2,0,2,0,2,0,0,1,0,2,2,2,2,0,0,2,2
112,3730.598,10031.445,-114.321,59.991,0.498339,-0.864590,0.064368,0.866401,0.499349,-0.000445,-0.031758,0.055990,0.997926,0,0.56091,0.67675,33.655,1.354,-1,375.000,-1,350.000,-1,300.000,300.000,225.000,275.000,-1,-1,-1,-1,675.000,600.000,-1,-1,2,0,2,0,2,0,0,1,0,2,2,2,2,0,0,2,2
113,3746.667,10060.846,-114.593,61.341,0.477950,-0.876147,0.062691,0.877891,0.478860,-0.000586,-0.029507,0.055316,0.998033,0,0.55844,0.67498,33.506,1.350,-1,375.000,-1,350.000,-1,300.000,300.000,225.000,275.000,-1,-1,-1,-1,675.000,600.000,-1,-1,2,0,2,0,2,0,0,1,0,2,2,2,2,0,0,2,2
114,3761.980,10090.498,-114.873,62.687,0.457359,-0.887196,0.060881,0.888868,0.458163,-0.000836,-0.027152,0.054497,0.998145,0,0.55621,0.67314,33.372,1.346,-1,375.000,-1,350.000,-1,300.000,300.000,225.000,275.000,-1,-1,-1,-1,675.000,625.000,-1,-1,2,0,2,0,2,0,0,1,0,2,2,2,2,0,0,2,2
115,3776.541,10120.392,-115.161,64.030,0.436579,-0.897733,0.058947,0.899327,0.437275,-0.001203,-0.024696,0.053538,0.998260,0,0.55421,0.67122,33.252,1.342,-1,375.000,-1,350.000,-1,300.000,300.000,225.000,275.000,-1,-1,-1,-1,675.000,625.000,-1,-1,2,0,2,0,2,0,0,1,0,2,2,2,2,0,0,2,2
116,3790.356,10150.521,-115.456,65.368,0.415625,-0.907755,0.056900,0.909267,0.416210,-0.001696,-0.022143,0.052442,0.998378,0,0.55243,0.66924,33.146,1.338,-1,375.000,-1,350.000,-1,300.000,300.000,225.000,300.000,-1,-1,-1,-1,675.000,625.000,-1,-1,2,0,2,0,2,0,0,1,0,2,2,2,2,0,0,2,2
117,3803.428,10180.877,-115.757,66.703,0.394509,-0.917259,0.054751,0.918685,0.394984,-0.002321,-0.019497,0.051214,0.998497,0,0.55086,0.66719,33.052,1.334,-1,375.000,-1,350.000,-1,300.000,300.000,250.000,300.000,-1,-1,-1,-1,675.000,625.000,-1,-1,2,0,2,0,2,0,0,1,0,2,2,2,2,0,0,2,2
118,3817.632,10215.962,-116.071,67.960,0.374430,-0.925771,0.052434,0.927106,0.374785,-0.003268,-0.016626,0.049835,0.998619,0,0.63086,0.62875,37.852,1.257,-1,375.000,-1,350.000,-1,300.000,300.000,250.000,300.000,-1,-1,-1,-1,675.000,625.000,-1,-1,2,0,2,0,2,0,0,1,0,2,2,2,2,0,0,2,2
119,3832.770,10255.837,-116.421,69.213,0.354264,-0.933818,0.049806,0.935049,0.354488,-0.004556,-0.013401,0.048186,0.998748,0,0.71086,0.62625,42.652,1.252,-1,375.000,-1,350.000,-1,300.000,300.000,250.000,300.000,-1,-1,-1,-1,700.000,650.000,-1,-1,2,0,2,0,2,0,0,1,0,2,2,2,2,0,0,2,2
120,3847.411,10297.088,-116.799,70.459,0.334026,-0.941394,0.046952,0.942511,0.334119,-0.006091,-0.009953,0.046287,0.998879,0,0.72955,0.62330,43.773,1.247,-1,375.000,-1,350.000,-1,300.000,300.000,250.000,300.000,-1,-1,-1,-1,700.000,650.000,-1,-1,2,0,2,0,2,0,0,1,0,2,2,2,2,0,0,2,2
121,3861.116,10338.523,-117.200,71.700,0.313728,-0.948496,0.043932,0.949492,0.313694,-0.007838,-0.006347,0.044172,0.999004,0,0.72738,0.62014,43.643,1.240,-1,375.000,-1,375.000,-1,300.000,300.000,250.000,300.000,-1,-1,-1,-1,700.000,675.000,-1,-1,2,0,2,0,2,0,0,1,0,2,2,2,2,0,0,2,2
122,3873.893,10380.141,-117.620,72.933,0.293381,-0.955126,0.040776,0.955992,0.293229,-0.009799,-0.002597,0.041856,0.999120,0,0.72560,0.61685,43.536,1.234,-1,375.000,-1,375.000,-1,300.000,300.000,250.000,300.000,-1,-1,950.000,-1,700.000,675.000,-1,-1,2,0,2,0,2,0,0,1,0,2,2,0,2,0,0,2,2
123,3885.754,10421.942,-118.059,74.160,0.272999,-0.961283,0.037497,0.962013,0.272739,-0.011984,0.001293,0.039345,0.999225,0,0.72419,0.61345,43.451,1.227,-1,375.000,-1,375.000,-1,300.000,300.000,250.000,300.000,-1,925.000,875.000,-1,725.000,675.000,-1,-1,2,0,2,0,2,0,0,1,0,2,0,0,2,0,0,2,2
124,3896.706,10463.924,-118.410,75.380,0.252591,-0.966956,0.034559,0.967559,0.252234,-0.014396,0.005203,0.037074,0.999299,0,0.72313,0.60994,43.388,1.220,-1,375.000,-1,375.000,-1,325.000,300.000,250.000,300.000,-1,850.000,800.000,-1,725.000,700.000,-1,-1,2,0,2,0,2,0,0,1,0,2,0,0,2,0,0,2,2
125,3906.757,10506.086,-118.668,76.593,0.232172,-0.972148,0.032011,0.972633,0.231730,-0.016918,0.009029,0.035063,0.999344,0,0.72238,0.60633,43.343,1.213,-1,375.000,-1,375.000,-1,325.000,300.000,250.000,300.000,-1,800.000,750.000,-1,725.000,725.000,-1,-1,2,0,2,0,2,0,0,1,0,2,0,0,2,0,0,2,2
126,3916.931,10553.141,-118.725,77.800,0.211707,-0.976894,0.029293,0.977252,0.211208,-0.019229,0.012598,0.032698,0.999386,0,0.80238,0.60380,48.143,1.208,-1,375.000,-1,375.000,-1,325.000,325.000,250.000,300.000,650.000,750.000,700.000,-1,725.000,725.000,-1,-1,2,0,2,0,2,0,0,1,0,1,0,0,2,0,0,2,2
127,3926.267,10601.206,-118.470,79.009,0.191087,-0.981226,0.026106,0.981447,0.190569,-0.021097,0.015726,0.029653,0.999437,0,0.81606,0.60444,48.964,1.209,-1,400.000,-1,375.000,-1,325.000,325.000,250.000,300.000,575.000,650.000,625.000,-1,750.000,750.000,-1,-1,2,0,2,0,2,0,0,1,0,1,0,0,2,0,0,2,2
128,3934.542,10649.201,-117.857,80.219,0.170347,-0.985080,0.024462,0.985223,0.169818,-0.022280,0.017793,0.027896,0.999452,0,0.81171,0.60489,48.703,1.210,-1,400.000,-1,400.000,-1,325.000,325.000,250.000,300.000,550.000,600.000,600.000,-1,750.000,750.000,-1,-1,2,0,2,0,2,0,0,1,0,1,0,0,2,0,0,2,2
129,3941.761,10697.101,-116.901,81.429,0.149516,-0.988461,0.024297,0.988580,0.148977,-0.022694,0.018813,0.027413,0.999447,0,0.80736,0.60511,48.441,1.210,-1,400.000,-1,400.000,-1,325.000,325.000,250.000,300.000,550.000,650.000,625.000,-1,750.000,750.000,-1,-1,2,0,2,0,2,0,0,1,0,1,0,0,2,0,0,2,2
130,3947.934,10744.886,-115.920,82.639,0.128618,-0.991400,0.024149,0.991496,0.128068,-0.023105,0.019814,0.026916,0.999441,0,0.80303,0.60512,48.182,1.210,-1,400.000,-1,400.000,-1,325.000,325.000,250.000,300.000,575.000,675.000,675.000,-1,750.000,750.000,-1,-1,2,0,2,0,2,0,0,1,0,1,0,0,2,0,0,2,2
131,3953.069,10792.536,-114.916,83.849,0.107669,-0.993897,0.024019,0.993969,0.107108,-0.023513,0.020797,0.026406,0.999435,0,0.79876,0.60492,47.926,1.210,-1,400.000,-1,400.000,-1,325.000,325.000,250.000,300.000,600.000,700.000,700.000,-1,750.000,750.000,-1,-1,2,0,2,0,2,0,0,1,0,1,0,0,2,0,0,2,2
132,3957.176,10840.033,-113.889,85.058,0.086684,-0.995949,0.023905,0.995998,0.086115,-0.023917,0.021761,0.025883,0.999428,0,0.79458,0.60451,47.675,1.209,-1,400.000,-1,400.000,-1,325.000,325.000,250.000,300.000,625.000,725.000,725.000,-1,750.000,750.000,-1,-1,2,0,2,0,2,0,0,1,0,1,0,0,2,0,0,2,2
133,3960.265,10887.364,-112.841,86.266,0.065682,-0.997557,0.023808,0.997582,0.065103,-0.024318,0.022708,0.025348,0.999421,0,0.79052,0.60389,47.431,1.208,-1,400.000,-1,400.000,-1,325.000,325.000,250.000,300.000,650.000,750.000,750.000,-1,750.000,750.000,-1,-1,2,0,2,0,2,0,0,1,0,1,0,0,2,0,0,2,2
134,3962.347,10934.514,-111.772,87.472,0.044678,-0.998720,0.023727,0.998722,0.044091,-0.024715,0.023637,0.024801,0.999413,0,0.78660,0.60309,47.196,1.206,-1,400.000,-1,400.000,-1,325.000,325.000,225.000,300.000,675.000,775.000,800.000,-1,750.000,750.000,-1,-1,2,0,2,0,2,0,0,1,0,1,0,0,2,0,0,2,2
135,3963.432,10981.472,-110.684,88.676,0.023688,-0.999439,0.023663,0.999418,0.023093,-0.025109,0.024548,0.024244,0.999405,0,0.78284,0.60209,46.971,1.204,-1,400.000,-1,400.000,-1,325.000,325.000,225.000,300.000,700.000,800.000,825.000,-1,750.000,750.000,-1,-1,2,0,2,0,2,0,0,1,0,1,0,0,2,0,0,2,2
136,3963.532,11028.228,-109.576,89.878,0.002728,-0.999717,0.023614,0.999673,0.002126,-0.025500,0.025443,0.023676,0.999396,0,0.77927,0.60091,46.756,1.202,-1,400.000,-1,400.000,-1,325.000,325.000,225.000,300.000,725.000,850.000,850.000,-1,750.000,750.000,-1,-1,2,0,2,0,2,0,0,1,0,1,0,0,2,0,0,2,2
137,3962.657,11074.773,-108.449,91.077,-0.018187,-0.999556,0.023582,0.999488,-0.018796,-0.025888,0.026320,0.023099,0.999387,0,0.77588,0.59956,46.553,1.199,-1,400.000,-1,400.000,-1,325.000,325.000,225.000,300.000,750.000,875.000,875.000,-1,750.000,750.000,-1,-1,2,0,2,0,2,0,0,1,0,1,0,0,2,0,0,2,2
138,3960.818,11121.099,-107.305,92.273,-0.039041,-0.998960,0.023565,0.998868,-0.039657,-0.026273,0.027180,0.022513,0.999377,0,0.77271,0.59804,46.363,1.196,-1,400.000,-1,400.000,-1,325.000,325.000,225.000,300.000,775.000,900.000,900.000,-1,750.000,750.000,-1,-1,2,0,2,0,2,0,0,1,0,1,0,0,2,1,0,2,2
139,3958.026,11167.199,-106.083,93.466,-0.059828,-0.997934,0.023432,0.997821,-0.060443,-0.026472,0.027834,0.021797,0.999375,0,0.76975,0.59636,46.185,1.193,-1,400.000,-1,400.000,-1,325.000,325.000,225.000,300.000,775.000,925.000,950.000,-1,750.000,750.000,-1,-1,2,0,2,0,2,0,0,1,0,1,0,0,2,1,0,2,2
