timestep,x_cm,y_cm,z_cm,yaw_deg,basis_xx,basis_xy,basis_xz,basis_yx,basis_yy,basis_yz,basis_zx,basis_zy,basis_zz,teleport_flag,throttle_cmd,steering_cmd,cmd_move_cm,cmd_turn_deg,lidar_cm_0,lidar_cm_1,lidar_cm_2,lidar_cm_3,lidar_cm_4,lidar_cm_5,lidar_cm_6,lidar_cm_7,lidar_cm_8,lidar_cm_9,lidar_cm_10,lidar_cm_11,lidar_cm_12,lidar_cm_13,lidar_cm_14,lidar_cm_15,lidar_cm_16,lidar_class_0,lidar_class_1,lidar_class_2,lidar_class_3,lidar_class_4,lidar_class_5,lidar_class_6,lidar_class_7,lidar_class_8,lidar_class_9,lidar_class_10,lidar_class_11,lidar_class_12,lidar_class_13,lidar_class_14,lidar_class_15,lidar_class_16
0,-9300.784,-4114.383,-18.801,56.278,0.542961,-0.821931,-0.172114,0.835903,0.548611,0.017101,0.080368,-0.153156,0.984929,1,0.00000,0.00000,4.800,-0.240,-1,425.000,-1,650.000,-1,375.000,425.000,-1,450.000,-1,0.000,0.000,-1,1000.000,-1,-1,-1,2,1,2,0,2,1,0,2,0,2,1,0,2,0,2,2,2
1,-9298.134,-4110.382,-18.399,56.518,0.539843,-0.824446,-0.169878,0.838066,0.545312,0.016740,0.078835,-0.151406,0.985323,0,0.08000,0.12000,4.800,0.240,-1,425.000,-1,625.000,-1,375.000,425.000,-1,450.000,-1,0.000,0.000,-1,1000.000,-1,-1,-1,2,1,2,0,2,1,0,2,0,2,1,0,2,0,2,2,2
2,-9292.902,-4102.334,-17.604,56.998,0.533557,-0.829428,-0.165428,0.842362,0.538673,0.016070,0.075783,-0.147924,0.986091,0,0.16000,0.24000,9.600,0.480,-1,425.000,-1,625.000,-1,375.000,425.000,-1,425.000,-1,0.000,0.000,-1,975.000,-1,-1,-1,2,1,2,0,2,1,0,2,0,2,1,0,2,0,2,2,2
3,-9285.207,-4090.166,-16.428,57.718,0.524014,-0.836776,-0.158794,0.848726,0.528615,0.015191,0.071229,-0.142733,0.987195,0,0.24000,0.36000,14.400,0.720,-1,425.000,-1,600.000,-1,375.000,400.000,-1,425.000,-1,0.000,0.000,-1,975.000,-1,-1,-1,2,1,2,0,2,1,1,2,0,2,1,0,2,0,2,2,2
4,-9275.220,-4073.771,-14.890,58.678,0.511079,-0.846340,-0.150021,0.857058,0.515023,0.014257,0.065198,-0.135863,0.988580,0,0.32000,0.48000,19.200,0.960,-1,425.000,-1,600.000,-1,350.000,400.000,-1,425.000,-1,0.000,0.000,-1,950.000,-1,-1,-1,2,1,2,0,2,1,0,2,0,2,0,0,2,0,2,2,2
5,-9263.169,-4053.019,-13.015,59.878,0.494578,-0.857918,-0.139175,0.867214,0.497753,0.013461,0.057726,-0.127352,0.990176,0,0.40000,0.60000,24.000,1.200,-1,400.000,-1,575.000,-1,350.000,400.000,-1,400.000,-1,0.000,0.000,-1,925.000,-1,-1,-1,2,1,2,0,2,1,0,2,0,2,0,0,2,0,2,2,2
6,-9249.338,-4027.761,-10.833,61.318,0.474302,-0.871248,-0.126348,0.879005,0.476634,0.013042,0.048859,-0.117246,0.991900,0,0.48000,0.72000,28.800,1.440,-1,400.000,-1,550.000,-1,350.000,375.000,-1,400.000,-1,0.000,0.000,-1,900.000,-1,-1,-1,2,1,2,0,2,1,1,2,0,2,0,0,2,0,2,2,2
7,-9234.073,-3997.833,-8.299,62.998,0.449998,-0.886042,-0.111499,0.892181,0.451495,0.012879,0.038930,-0.105272,0.993681,0,0.56000,0.84000,33.600,1.680,-1,400.000,-1,525.000,-1,350.000,375.000,-1,375.000,-1,0.000,0.000,-1,875.000,-1,-1,-1,2,1,2,0,2,1,1,2,0,2,1,0,2,0,2,2,2
8,-9217.785,-3963.062,-5.506,64.918,0.421422,-0.901889,-0.094868,0.906437,0.422125,0.013515,0.027857,-0.091687,0.995398,0,0.64000,0.96000,38.400,1.920,-1,400.000,-1,500.000,-1,350.000,375.000,-1,350.000,-1,0.000,0.000,-1,850.000,-1,-1,-1,2,1,2,0,2,1,1,2,0,2,1,0,2,0,2,2,2
9,-9200.838,-3923.327,-2.603,66.918,0.390860,-0.917220,-0.077040,0.920311,0.390882,0.015419,0.015971,-0.076928,0.996909,0,0.72000,1.00000,43.200,2.000,-1,400.000,-1,475.000,-1,350.000,350.000,-1,350.000,-1,0.000,0.000,-1,850.000,-1,-1,-1,2,1,2,0,2,1,1,2,0,2,1,1,2,0,2,2,2
10,-9183.563,-3878.545,0.327,68.918,0.359495,-0.931317,-0.058419,0.933140,0.359025,0.018723,0.003537,-0.061244,0.998117,0,0.80000,1.00000,48.000,2.000,-1,400.000,-1,450.000,-1,325.000,350.000,-1,325.000,-1,0.000,0.000,-1,825.000,-1,-1,-1,2,1,2,0,2,1,1,2,0,2,1,1,2,0,2,2,2
11,-9166.293,-3828.650,3.244,70.918,0.327302,-0.944107,-0.039171,0.944873,0.326590,0.023558,-0.009448,-0.044722,0.998955,0,0.88000,1.00000,52.800,2.000,-1,400.000,-1,425.000,-1,325.000,325.000,-1,325.000,-1,-1,-1,-1,800.000,925.000,-1,-1,2,1,2,0,2,1,1,2,0,2,2,2,2,0,0,2,2
12,-9150.331,-3777.488,4.472,72.678,0.298270,-0.954118,-0.026349,0.954306,0.297572,0.027400,-0.018302,-0.033317,0.999277,0,0.89324,0.88000,53.595,1.760,-1,400.000,-1,400.000,-1,325.000,325.000,-1,300.000,-1,-1,-1,-1,800.000,850.000,-1,-1,2,1,2,0,2,1,1,2,0,2,2,2,2,0,0,2,2
13,-9136.107,-3727.231,3.280,74.198,0.272848,-0.961723,-0.025344,0.961865,0.272172,0.027179,-0.019241,-0.031793,0.999309,0,0.87051,0.76000,52.231,1.520,-1,400.000,-1,400.000,-1,325.000,325.000,-1,300.000,-1,-1,-1,-1,800.000,850.000,-1,-1,2,1,2,0,2,1,1,2,0,2,2,2,2,0,0,2,2
14,-9123.538,-3678.061,2.090,75.661,0.248202,-0.968402,-0.024367,0.968498,0.247546,0.027061,-0.020174,-0.030316,0.999337,0,0.84585,0.73135,50.751,1.463,-1,400.000,-1,400.000,-1,325.000,325.000,-1,300.000,-1,-1,-1,-1,800.000,850.000,-1,-1,2,1,2,0,2,1,1,2,0,2,2,2,2,0,0,2,2
15,-9111.956,-3628.359,0.865,76.884,0.227471,-0.973503,-0.023418,0.973559,0.226834,0.027015,-0.020987,-0.028944,0.999361,0,0.85056,0.61135,51.034,1.223,-1,400.000,-1,400.000,-1,325.000,325.000,-1,300.000,-1,-1,-1,-1,800.000,875.000,-1,-1,2,0,2,0,2,1,1,2,0,2,2,2,2,0,0,2,2
16,-9101.544,-3579.929,-0.347,77.866,0.210731,-0.977284,-0.022528,0.977303,0.210112,0.027030,-0.021683,-0.027712,0.999381,0,0.82562,0.49135,49.537,0.983,-1,400.000,-1,425.000,-1,325.000,325.000,-1,300.000,-1,-1,-1,-1,800.000,875.000,-1,-1,2,0,2,0,2,1,1,2,0,2,2,2,2,0,0,2,2
17,-9092.034,-3532.729,-1.544,78.609,0.198035,-0.979955,-0.021698,0.979942,0.197433,0.027094,-0.022267,-0.026628,0.999397,0,0.80247,0.37135,48.148,0.743,-1,400.000,-1,425.000,-1,325.000,325.000,-1,300.000,-1,-1,-1,-1,800.000,875.000,-1,-1,2,0,2,0,2,0,0,2,0,2,2,2,2,0,0,2,2
18,-9083.173,-3486.668,-2.728,79.112,0.189420,-0.981673,-0.020928,0.981633,0.188832,0.027196,-0.022746,-0.025695,0.999411,0,0.78176,0.25135,46.906,0.503,-1,400.000,-1,425.000,-1,325.000,325.000,-1,300.000,-1,-1,-1,-1,825.000,875.000,-1,-1,2,0,2,0,2,0,0,2,0,2,2,2,2,0,0,2,2
19,-9074.723,-3441.627,-3.900,79.374,0.184908,-0.982548,-0.020220,0.982484,0.184333,0.027332,-0.023128,-0.024920,0.999422,0,0.76378,0.13135,45.827,0.263,-1,400.000,-1,425.000,-1,325.000,325.000,-1,300.000,-1,-1,-1,-1,825.000,875.000,-1,-1,2,0,2,0,2,0,0,2,0,2,2,2,2,0,0,2,2
20,-9066.459,-3397.484,-5.063,79.397,0.184510,-0.982636,-0.019575,0.982551,0.183947,0.027502,-0.023424,-0.024308,0.999430,0,0.74849,0.01135,44.909,0.023,-1,400.000,-1,425.000,-1,325.000,325.000,-1,300.000,-1,-1,-1,-1,825.000,875.000,-1,-1,2,0,2,0,2,0,0,2,0,2,2,2,2,0,0,2,2
21,-9058.215,-3354.118,-6.218,79.236,0.187268,-0.982125,-0.018987,0.982024,0.186713,0.027713,-0.023672,-0.023836,0.999436,0,0.73571,-0.08061,44.143,-0.161,-1,400.000,-1,425.000,-1,325.000,350.000,-1,300.000,-1,-1,-1,-1,825.000,875.000,-1,-1,2,0,2,0,2,0,0,2,0,2,2,2,2,0,0,2,2
22,-9049.960,-3311.388,-7.280,79.066,0.190182,-0.981584,-0.017967,0.981439,0.189630,0.028611,-0.024677,-0.023075,0.999429,0,0.72534,-0.08501,43.521,-0.170,-1,400.000,-1,425.000,-1,325.000,350.000,-1,300.000,-1,-1,-1,-1,825.000,875.000,-1,-1,2,0,2,0,2,0,0,2,0,2,2,2,2,0,0,2,2
23,-9041.662,-3269.145,-8.497,78.886,0.193285,-0.980987,-0.017481,0.980785,0.192703,0.030449,-0.026502,-0.023030,0.999383,0,0.71751,-0.08971,43.050,-0.179,-1,400.000,-1,425.000,-1,325.000,350.000,-1,300.000,-1,-1,-1,-1,800.000,875.000,-1,-1,2,0,2,0,2,0,0,2,0,2,2,2,2,0,0,2,2
24,-9033.291,-3227.266,-9.778,78.697,0.196546,-0.980350,-0.016814,0.980092,0.195945,0.032026,-0.028102,-0.022774,0.999346,0,0.71178,-0.09466,42.707,-0.189,-1,400.000,-1,425.000,-1,325.000,325.000,-1,300.000,-1,-1,-1,-1,800.000,875.000,-1,-1,2,0,2,0,2,0,0,2,0,2,2,2,2,0,0,2,2
25,-9024.823,-3185.652,-11.223,78.497,0.199960,-0.979680,-0.015597,0.979358,0.199363,0.033342,-0.029555,-0.021942,0.999322,0,0.70778,-0.09983,42.467,-0.200,-1,400.000,-1,425.000,-1,325.000,325.000,-1,300.000,-1,-1,-1,-1,800.000,850.000,-1,-1,2,0,2,0,2,0,0,2,0,2,2,2,2,0,0,2,2
26,-9016.232,-3144.220,-12.682,78.287,0.203551,-0.978959,-0.014358,0.978574,0.202963,0.034638,-0.030995,-0.021101,0.999297,0,0.70522,-0.10518,42.313,-0.210,-1,400.000,-1,425.000,-1,325.000,325.000,-1,300.000,-1,-1,-1,-1,800.000,850.000,-1,-1,2,0,2,0,2,0,0,2,0,2,2,2,2,0,0,2,2
27,-9007.499,-3102.901,-14.146,78.066,0.207325,-0.978184,-0.013136,0.977735,0.206748,0.035905,-0.032406,-0.020288,0.999269,0,0.70386,-0.11070,42.231,-0.221,-1,400.000,-1,400.000,-1,325.000,325.000,-1,300.000,-1,-1,-1,-1,775.000,850.000,-1,-1,2,0,2,0,2,0,0,2,0,2,2,2,2,0,0,2,2
28,-8998.603,-3061.640,-15.618,77.833,0.211286,-0.977351,-0.011931,0.976840,0.210722,0.037145,-0.033789,-0.019502,0.999239,0,0.70348,-0.11636,42.209,-0.233,-1,400.000,-1,400.000,-1,325.000,325.000,275.000,300.000,-1,-1,-1,-1,775.000,825.000,-1,-1,2,0,2,0,2,0,0,0,0,2,2,2,2,0,0,2,2
29,-8989.525,-3020.391,-17.100,77.589,0.215439,-0.976458,-0.010740,0.975885,0.214891,0.038357,-0.035146,-0.018744,0.999206,0,0.70394,-0.12215,42.236,-0.244,-1,400.000,-1,400.000,-1,325.000,325.000,275.000,300.000,-1,-1,-1,-1,775.000,825.000,-1,-1,2,0,2,0,2,0,0,0,0,2,2,2,2,0,0,2,2
30,-8980.247,-2979.115,-18.592,77.333,0.219788,-0.975501,-0.009563,0.974866,0.219257,0.039541,-0.036476,-0.018013,0.999172,0,0.70509,-0.12807,42.306,-0.256,-1,400.000,-1,400.000,-1,325.000,325.000,275.000,300.000,-1,-1,-1,-1,775.000,825.000,-1,-1,2,0,2,0,2,0,0,0,0,2,2,2,2,0,0,2,2
31,-8970.753,-2937.780,-20.097,77.064,0.224335,-0.974476,-0.008400,0.973780,0.223823,0.040699,-0.037780,-0.017310,0.999136,0,0.70685,-0.13409,42.411,-0.268,-1,400.000,-1,400.000,-1,325.000,325.000,300.000,300.000,-1,-1,-1,-1,750.000,800.000,-1,-1,2,0,2,0,2,0,0,0,0,2,2,2,2,0,0,2,2
32,-8961.026,-2896.361,-21.615,76.784,0.229083,-0.973380,-0.007250,0.972623,0.228593,0.041829,-0.039059,-0.016634,0.999098,0,0.70911,-0.14022,42.546,-0.280,-1,400.000,-1,400.000,-1,325.000,325.000,300.000,300.000,-1,-1,-1,-1,750.000,800.000,-1,-1,2,0,2,0,2,0,0,0,0,2,2,2,2,0,0,2,2
33,-8951.049,-2854.834,-23.149,76.491,0.234035,-0.972209,-0.006113,0.971392,0.233568,0.042932,-0.040311,-0.015986,0.999059,0,0.71181,-0.14645,42.708,-0.293,-1,400.000,-1,400.000,-1,325.000,325.000,300.000,300.000,-1,-1,-1,-1,750.000,800.000,-1,-1,2,0,2,0,2,0,0,0,0,2,2,2,2,0,0,2,2
34,-8940.807,-2813.181,-24.699,76.185,0.239194,-0.970959,-0.004991,0.970083,0.238752,0.044005,-0.041536,-0.015367,0.999019,0,0.71489,-0.15277,42.893,-0.306,-1,400.000,-1,400.000,-1,325.000,325.000,300.000,300.000,-1,-1,-1,-1,750.000,800.000,-1,-1,2,0,2,0,2,0,0,0,0,2,2,2,2,0,0,2,2
35,-8930.283,-2771.387,-26.266,75.867,0.244562,-0.969626,-0.003883,0.968692,0.244146,0.045049,-0.042733,-0.014779,0.998977,0,0.71831,-0.15918,43.099,-0.318,-1,400.000,-1,400.000,-1,325.000,325.000,300.000,300.000,-1,-1,-1,-1,725.000,775.000,-1,-1,2,0,2,0,2,0,0,0,0,2,2,2,2,0,0,2,2
36,-8919.462,-2729.438,-27.852,75.536,0.250140,-0.968206,-0.002791,0.967214,0.249751,0.046062,-0.043901,-0.014222,0.998935,0,0.72202,-0.16568,43.321,-0.331,-1,400.000,-1,400.000,-1,325.000,325.000,300.000,300.000,-1,-1,-1,-1,725.000,775.000,-1,-1,2,0,2,0,2,0,0,0,0,2,2,2,2,0,0,2,2
37,-8908.328,-2687.325,-29.612,75.191,0.255958,-0.966685,-0.002451,0.965661,0.255568,0.046720,-0.044537,-0.014325,0.998905,0,0.72600,-0.17227,43.560,-0.345,-1,375.000,-1,400.000,-1,325.000,325.000,300.000,300.000,-1,-1,-1,-1,725.000,775.000,-1,-1,2,0,2,0,2,0,0,0,0,2,2,2,2,0,0,2,2
38,-8896.866,-2645.038,-31.417,74.833,0.261994,-0.965067,-0.002413,0.964047,0.261600,0.046680,-0.044419,-0.014556,0.998907,0,0.73021,-0.17893,43.813,-0.358,-1,375.000,-1,400.000,-1,325.000,325.000,300.000,300.000,-1,-1,-1,-1,725.000,775.000,-1,-1,2,0,2,0,2,0,0,0,0,2,2,2,2,0,0,2,2
39,-8885.058,-2602.570,-33.211,74.462,0.268242,-0.963349,-0.002293,0.962336,0.267849,0.046543,-0.044223,-0.014692,0.998914,0,0.73464,-0.18568,44.078,-0.371,-1,375.000,-1,400.000,-1,325.000,325.000,300.000,300.000,-1,-1,-1,-1,725.000,800.000,-1,-1,2,0,2,0,2,0,0,0,0,2,2,2,2,0,0,2,2
40,-8874.133,-2564.842,-34.831,73.851,0.278505,-0.960433,-0.002124,0.959431,0.278112,0.046322,-0.043899,-0.014939,0.998924,0,0.65464,-0.30568,39.278,-0.611,-1,375.000,-1,400.000,-1,325.000,325.000,300.000,300.000,-1,-1,-1,-1,750.000,800.000,-1,-1,2,0,2,0,2,0,0,0,0,2,2,2,2,0,0,2,2
41,-8864.052,-2531.870,-36.286,72.999,0.292742,-0.956190,-0.001890,0.955206,0.292350,0.045960,-0.043394,-0.015260,0.998941,0,0.57464,-0.42568,34.478,-0.851,-1,375.000,-1,400.000,-1,325.000,325.000,300.000,300.000,-1,-1,-1,-1,750.000,800.000,-1,-1,2,0,2,0,2,0,0,0,0,2,2,2,2,0,0,2,2
42,-8854.179,-2501.565,-37.613,71.954,0.310133,-0.950692,-0.001747,0.949729,0.309735,0.045592,-0.042802,-0.015799,0.998959,0,0.53122,-0.52244,31.873,-1.045,-1,375.000,-1,400.000,-1,325.000,325.000,300.000,300.000,-1,-1,-1,-1,750.000,800.000,-1,-1,2,0,2,0,2,0,0,0,0,2,2,2,2,0,0,2,2
43,-8843.684,-2471.259,-38.947,70.899,0.327587,-0.944820,-0.001603,0.943877,0.327183,0.045241,-0.042220,-0.016334,0.998975,0,0.53452,-0.52746,32.071,-1.055,-1,375.000,-1,400.000,-1,325.000,325.000,300.000,300.000,-1,-1,-1,-1,775.000,800.000,-1,-1,2,0,2,0,2,0,0,0,0,2,2,2,2,0,0,2,2
44,-8832.557,-2440.958,-40.288,69.834,0.345095,-0.938567,-0.001457,0.937643,0.344686,0.044909,-0.041648,-0.016864,0.998990,0,0.53799,-0.53254,32.279,-1.065,-1,400.000,-1,400.000,-1,325.000,325.000,300.000,300.000,-1,-1,-1,-1,775.000,825.000,-1,-1,2,0,2,0,2,0,0,0,0,2,2,2,2,0,0,2,2
45,-8820.783,-2410.669,-41.636,68.759,0.362651,-0.931924,-0.001307,0.931019,0.362236,0.044595,-0.041086,-0.017389,0.999004,0,0.54161,-0.53767,32.497,-1.075,-1,400.000,-1,400.000,-1,325.000,325.000,300.000,300.000,-1,-1,-1,-1,775.000,825.000,-1,-1,2,0,2,0,2,0,0,0,0,2,2,2,2,0,0,2,2
46,-8808.353,-2380.400,-42.992,67.673,0.380246,-0.924885,-0.001149,0.923997,0.379826,0.044299,-0.040535,-0.017907,0.999018,0,0.54537,-0.54286,32.722,-1.086,-1,400.000,-1,400.000,-1,325.000,325.000,300.000,300.000,-1,-1,-1,-1,800.000,825.000,-1,-1,2,0,2,0,2,0,0,0,0,2,2,2,2,0,0,2,2
47,-8795.253,-2350.160,-44.354,66.577,0.397873,-0.917440,-0.000983,0.916568,0.397447,0.044021,-0.039996,-0.018416,0.999030,0,0.54926,-0.54811,32.956,-1.096,-1,400.000,-1,400.000,-1,325.000,325.000,300.000,300.000,-1,-1,-1,-1,800.000,825.000,-1,-1,2,0,2,0,2,0,0,0,0,2,2,2,2,0,0,2,2
48,-8781.471,-2319.960,-45.724,65.470,0.415521,-0.909583,-0.000806,0.908727,0.415091,0.043761,-0.039470,-0.018917,0.999042,0,0.55327,-0.55340,33.196,-1.107,-1,400.000,-1,400.000,-1,325.000,325.000,300.000,300.000,-1,-1,-1,-1,800.000,825.000,-1,-1,2,0,2,0,2,0,0,0,0,2,2,2,2,0,0,2,2
49,-8766.996,-2289.812,-47.102,64.353,0.433181,-0.901307,-0.000616,0.900464,0.432747,0.043519,-0.038957,-0.019406,0.999052,0,0.55739,-0.55875,33.443,-1.117,-1,400.000,-1,400.000,-1,325.000,325.000,300.000,300.000,-1,-1,-1,-1,825.000,825.000,-1,-1,2,0,2,0,2,0,0,0,0,2,2,2,2,0,0,2,2
50,-8751.816,-2259.728,-48.498,63.225,0.450847,-0.892601,-0.000437,0.891771,0.450406,0.043349,-0.038497,-0.019933,0.999060,0,0.56161,-0.56414,33.696,-1.128,-1,400.000,-1,400.000,-1,325.000,325.000,300.000,300.000,-1,-1,-1,-1,825.000,825.000,-1,-1,2,0,2,0,2,0,0,0,0,2,2,2,2,0,0,2,2
51,-8735.920,-2229.724,-49.929,62.085,0.468508,-0.883459,-0.000297,0.882636,0.468056,0.043331,-0.038143,-0.020563,0.999061,0,0.56592,-0.56958,33.955,-1.139,-1,400.000,-1,400.000,-1,325.000,325.000,300.000,300.000,-1,-1,-1,-1,825.000,825.000,-1,-1,2,0,2,0,2,0,0,0,0,2,2,2,2,0,0,2,2
52,-8719.296,-2199.814,-51.379,60.935,0.486152,-0.873874,-0.000152,0.873055,0.485688,0.043387,-0.037841,-0.021226,0.999058,0,0.57031,-0.57506,34.219,-1.150,-1,400.000,-1,400.000,-1,325.000,325.000,300.000,300.000,-1,-1,-1,-1,850.000,825.000,-1,-1,2,0,2,0,2,0,0,0,0,2,2,2,2,0,0,2,2
53,-8701.935,-2170.015,-52.846,59.774,0.503768,-0.863839,0.000001,0.863021,0.503290,0.043519,-0.037594,-0.021923,0.999053,0,0.57478,-0.58059,34.487,-1.161,-1,400.000,-1,400.000,-1,325.000,325.000,300.000,300.000,-1,-1,-1,-1,850.000,800.000,-1,-1,2,0,2,0,2,0,0,0,0,2,2,2,2,0,0,2,2
54,-8683.708,-2140.419,-54.264,58.373,0.524740,-0.851262,0.000501,0.850434,0.524256,0.043783,-0.037534,-0.022549,0.999041,0,0.57932,-0.70059,34.759,-1.401,-1,400.000,-1,400.000,-1,325.000,325.000,300.000,300.000,-1,-1,-1,-1,850.000,800.000,-1,-1,2,0,2,0,2,0,0,0,0,2,2,2,2,0,0,2,2
55,-8664.553,-2111.084,-55.655,56.856,0.547087,-0.837075,0.001227,0.836230,0.546599,0.044143,-0.037621,-0.023124,0.999024,0,0.58392,-0.75845,35.035,-1.517,-1,400.000,-1,400.000,-1,325.000,325.000,300.000,300.000,-1,-1,-1,-1,850.000,800.000,-1,-1,2,0,2,0,2,0,0,0,0,2,2,2,2,0,0,2,2
56,-8644.474,-2082.031,-57.062,55.350,0.568888,-0.822413,0.001964,0.821547,0.568396,0.044562,-0.037765,-0.023737,0.999005,0,0.58859,-0.75280,35.315,-1.506,-1,425.000,-1,400.000,-1,325.000,325.000,300.000,300.000,-1,-1,-1,-1,850.000,800.000,-1,-1,2,0,2,0,2,0,0,0,0,2,2,2,2,0,0,2,2
57,-8623.403,-2052.939,-58.537,54.085,0.586913,-0.809645,0.002681,0.808749,0.586413,0.045228,-0.038191,-0.024377,0.998973,0,0.59869,-0.63280,35.921,-1.266,-1,425.000,-1,400.000,-1,325.000,325.000,300.000,300.000,-1,-1,-1,-1,850.000,775.000,-1,-1,2,0,2,0,2,0,0,0,0,2,2,2,2,0,0,2,2
58,-8604.700,-2028.065,-59.898,53.059,0.601319,-0.799003,0.003227,0.798063,0.600798,0.046228,-0.038875,-0.025222,0.998926,0,0.51869,-0.51280,31.121,-1.026,-1,425.000,-1,400.000,-1,325.000,325.000,300.000,300.000,-1,-1,-1,-1,850.000,775.000,-1,-1,2,0,2,0,2,0,0,0,0,2,2,2,2,0,0,2,2
59,-8588.594,-2007.246,-61.028,52.274,0.612224,-0.790676,0.003640,0.789700,0.611686,0.047055,-0.039432,-0.025934,0.998886,0,0.43869,-0.39280,26.321,-0.786,-1,425.000,-1,400.000,-1,325.000,325.000,300.000,300.000,-1,-1,-1,-1,850.000,775.000,-1,-1,2,0,2,0,2,0,0,0,0,2,2,2,2,0,0,2,2
60,-8575.263,-1990.350,-61.880,51.725,0.619779,-0.784768,0.003668,0.783770,0.619215,0.047720,-0.039720,-0.026701,0.998854,0,0.35869,-0.27428,21.521,-0.549,-1,425.000,-1,400.000,-1,325.000,325.000,300.000,300.000,-1,-1,-1,-1,850.000,775.000,-1,-1,2,0,2,0,2,0,0,0,0,2,2,2,2,0,0,2,2
61,-8564.779,-1977.324,-62.538,51.170,0.627364,-0.778717,0.003689,0.777705,0.626776,0.048239,-0.039877,-0.027394,0.998829,0,0.27869,-0.27753,16.721,-0.555,-1,425.000,-1,400.000,-1,325.000,325.000,300.000,300.000,-1,-1,-1,-1,825.000,775.000,-1,-1,2,0,2,0,2,0,0,0,0,2,2,2,2,0,0,2,2
62,-8557.214,-1968.110,-63.003,50.610,0.634956,-0.772540,0.003704,0.771517,0.634348,0.048614,-0.039905,-0.028010,0.998811,0,0.19869,-0.28007,11.921,-0.560,-1,425.000,-1,400.000,-1,325.000,325.000,300.000,300.000,-1,-1,-1,-1,825.000,775.000,-1,-1,2,0,2,0,2,0,0,0,0,2,2,2,2,0,0,2,2
63,-8552.641,-1962.651,-63.277,50.046,0.642533,-0.766249,0.003709,0.765223,0.641909,0.048843,-0.039807,-0.028545,0.998800,0,0.11869,-0.28189,7.121,-0.564,-1,425.000,-1,400.000,-1,325.000,325.000,300.000,300.000,-1,-1,-1,-1,825.000,750.000,-1,-1,2,0,2,0,2,0,0,0,0,2,2,2,2,0,0,2,2
64,-8551.133,-1960.886,-63.363,49.480,0.650075,-0.759861,0.003705,0.758838,0.649439,0.048927,-0.039584,-0.028994,0.998795,0,0.03869,-0.28298,2.321,-0.566,-1,425.000,-1,400.000,-1,325.000,325.000,300.000,300.000,-1,-1,-1,-1,825.000,750.000,-1,-1,2,0,2,0,2,0,0,0,0,2,2,2,2,0,0,2,2
65,-8552.762,-1962.754,-63.264,48.914,0.657555,-0.753398,0.003692,0.752384,0.656910,0.048864,-0.039239,-0.029353,0.998799,0,-0.04131,-0.28313,-2.479,-0.566,-1,425.000,-1,400.000,-1,325.000,325.000,300.000,300.000,-1,-1,-1,-1,825.000,750.000,-1,-1,2,0,2,0,2,0,0,0,0,2,2,2,2,0,0,2,2
66,-8557.599,-1968.192,-62.984,48.348,0.664963,-0.746867,0.003669,0.745869,0.664314,0.048651,-0.038774,-0.029615,0.998809,0,-0.12131,-0.28295,-7.279,-0.566,-1,425.000,-1,400.000,-1,325.000,325.000,300.000,300.000,-1,-1,-1,-1,825.000,750.000,-1,-1,2,0,2,0,2,0,0,0,0,2,2,2,2,0,0,2,2
67,-8565.715,-1977.138,-62.526,47.784,0.672275,-0.740292,0.003637,0.739315,0.671626,0.048288,-0.038190,-0.029773,0.998827,0,-0.20131,-0.28183,-12.079,-0.564,-1,425.000,-1,400.000,-1,325.000,325.000,300.000,300.000,-1,-1,-1,-1,825.000,750.000,-1,-1,2,0,2,0,2,0,0,0,0,2,2,2,2,0,0,2,2
68,-8577.178,-1989.527,-61.896,47.224,0.679472,-0.733693,0.003597,0.732743,0.678827,0.047770,-0.037490,-0.029823,0.998852,0,-0.28131,-0.27996,-16.879,-0.560,-1,425.000,-1,400.000,-1,325.000,325.000,300.000,300.000,-1,-1,-1,-1,850.000,750.000,-1,-1,2,0,2,0,2,0,0,0,0,2,2,2,2,0,0,2,2
69,-8591.212,-2004.404,-61.144,46.670,0.686535,-0.727088,0.003551,0.726169,0.685898,0.047133,-0.036706,-0.029780,0.998882,0,-0.34086,-0.27733,-20.452,-0.555,-1,425.000,-1,400.000,-1,325.000,325.000,300.000,300.000,-1,-1,-1,-1,850.000,750.000,-1,-1,2,0,2,0,2,0,0,0,0,2,2,2,2,0,0,2,2
70,-8605.494,-2019.257,-60.372,46.121,0.693457,-0.720490,0.003388,0.719606,0.692824,0.046495,-0.035846,-0.029804,0.998913,0,-0.34343,-0.27415,-20.606,-0.548,-1,425.000,-1,400.000,-1,325.000,325.000,300.000,300.000,-1,-1,-1,-1,850.000,750.000,-1,-1,2,0,2,0,2,0,0,0,0,2,2,2,2,0,0,2,2
71,-8620.026,-2034.086,-59.555,45.580,0.700239,-0.713902,0.002988,0.713058,0.699603,0.045870,-0.034837,-0.029989,0.998943,0,-0.34604,-0.27093,-20.762,-0.542,-1,425.000,-1,400.000,-1,325.000,325.000,300.000,300.000,-1,-1,-1,-1,850.000,750.000,-1,-1,2,0,2,0,2,0,0,0,0,2,2,2,2,0,0,2,2
72,-8634.807,-2048.890,-58.745,45.044,0.706878,-0.707330,0.002596,0.706525,0.706240,0.045238,-0.033831,-0.030143,0.998973,0,-0.34867,-0.26769,-20.920,-0.535,-1,425.000,-1,400.000,-1,325.000,325.000,300.000,300.000,-1,-1,-1,-1,850.000,750.000,-1,-1,2,0,2,0,2,0,0,0,0,2,2,2,2,0,0,2,2
73,-8649.839,-2063.669,-57.956,44.515,0.713376,-0.700778,0.002206,0.700010,0.712735,0.044674,-0.032879,-0.030325,0.998999,0,-0.35133,-0.26442,-21.080,-0.529,-1,425.000,-1,400.000,-1,325.000,325.000,300.000,300.000,-1,-1,-1,-1,850.000,750.000,-1,-1,2,0,2,0,2,0,0,0,0,2,2,2,2,0,0,2,2
74,-8665.120,-2078.423,-57.225,43.993,0.719737,-0.694245,0.001802,0.693505,0.719084,0.044367,-0.032098,-0.030683,0.999014,0,-0.35402,-0.26111,-21.241,-0.522,-1,425.000,-1,400.000,-1,325.000,325.000,300.000,300.000,-1,-1,-1,-1,850.000,750.000,-1,-1,2,0,2,0,2,0,0,0,0,2,2,2,2,0,0,2,2
75,-8680.652,-2093.151,-56.505,43.478,0.725956,-0.687739,0.001414,0.687027,0.725295,0.044066,-0.031331,-0.031019,0.999028,0,-0.35674,-0.25778,-21.404,-0.516,-1,425.000,-1,400.000,-1,325.000,325.000,300.000,300.000,-1,-1,-1,-1,850.000,750.000,-1,-1,2,0,2,0,2,0,0,0,0,2,2,2,2,0,0,2,2
76,-8696.435,-2107.852,-55.795,42.969,0.732037,-0.681265,0.001041,0.680579,0.731366,0.043770,-0.030580,-0.031333,0.999041,0,-0.35949,-0.25441,-21.569,-0.509,-1,425.000,-1,400.000,-1,325.000,325.000,300.000,300.000,-1,-1,-1,-1,850.000,750.000,-1,-1,2,0,2,0,2,0,0,0,0,2,2,2,2,0,0,2,2
77,-8712.469,-2122.527,-55.095,42.467,0.737978,-0.674824,0.000684,0.674164,0.737301,0.043479,-0.029846,-0.031625,0.999054,0,-0.36226,-0.25102,-21.736,-0.502,-1,425.000,-1,400.000,-1,325.000,325.000,300.000,300.000,-1,-1,-1,-1,875.000,750.000,-1,-1,2,0,2,0,2,0,0,0,0,2,2,2,2,0,0,2,2
78,-8728.754,-2137.175,-54.407,41.972,0.743783,-0.668421,0.000345,0.667786,0.743099,0.043193,-0.029127,-0.031896,0.999067,0,-0.36506,-0.24759,-21.904,-0.495,-1,425.000,-1,400.000,-1,325.000,325.000,300.000,300.000,-1,-1,-1,-1,875.000,775.000,-1,-1,2,0,2,0,2,0,0,0,0,2,2,2,2,0,0,2,2
79,-8745.290,-2151.797,-53.729,41.483,0.749452,-0.662059,0.000023,0.661448,0.748762,0.042911,-0.028427,-0.032145,0.999079,0,-0.36790,-0.24413,-22.074,-0.488,-1,400.000,-1,400.000,-1,325.000,325.000,300.000,300.000,-1,-1,-1,-1,875.000,775.000,-1,-1,2,0,2,0,2,0,0,0,0,2,2,2,2,0,0,2,2
80,-8762.079,-2166.392,-53.063,41.002,0.754986,-0.655741,-0.000281,0.655154,0.754291,0.042634,-0.027745,-0.032372,0.999091,0,-0.37076,-0.24064,-22.245,-0.481,-1,400.000,-1,400.000,-1,325.000,325.000,300.000,300.000,-1,-1,-1,-1,875.000,775.000,-1,-1,2,0,2,0,2,0,0,0,0,2,2,2,2,0,0,2,2
81,-8779.119,-2180.960,-52.388,40.528,0.760387,-0.649470,-0.000569,0.648903,0.759686,0.042453,-0.027140,-0.032650,0.999098,0,-0.37364,-0.23712,-22.419,-0.474,-1,400.000,-1,400.000,-1,325.000,325.000,300.000,300.000,-1,-1,-1,-1,875.000,775.000,-1,-1,2,0,2,0,2,0,0,0,0,2,2,2,2,0,0,2,2
82,-8796.411,-2195.501,-51.694,40.061,0.765659,-0.643246,-0.000840,0.642695,0.764947,0.042424,-0.026646,-0.033022,0.999099,0,-0.37656,-0.23357,-22.593,-0.467,-1,400.000,-1,400.000,-1,325.000,325.000,300.000,300.000,-1,-1,-1,-1,875.000,775.000,-1,-1,2,0,2,0,2,0,0,0,0,2,2,2,2,0,0,2,2
83,-8810.075,-2206.898,-51.158,39.833,0.768204,-0.640204,-0.001036,0.639663,0.767486,0.042396,-0.026347,-0.033231,0.999100,0,-0.29656,-0.11357,-17.793,-0.227,-1,400.000,-1,400.000,-1,325.000,325.000,300.000,300.000,-1,-1,-1,-1,875.000,775.000,-1,-1,2,0,2,0,2,0,0,0,0,2,2,2,2,0,0,2,2
84,-8820.051,-2215.223,-50.772,39.846,0.768061,-0.640375,-0.001169,0.639839,0.767340,0.042362,-0.026230,-0.033284,0.999102,0,-0.21656,0.00643,-12.993,0.013,-1,400.000,-1,400.000,-1,325.000,325.000,300.000,300.000,-1,-1,-1,-1,875.000,775.000,-1,-1,2,0,2,0,2,0,0,0,0,2,2,2,2,0,0,2,2
85,-8826.318,-2220.501,-50.532,40.099,0.765228,-0.643758,-0.001249,0.643222,0.764509,0.042315,-0.026286,-0.033184,0.999104,0,-0.13656,0.12643,-8.193,0.253,-1,400.000,-1,400.000,-1,325.000,325.000,300.000,300.000,-1,-1,-1,-1,875.000,775.000,-1,-1,2,0,2,0,2,0,0,0,0,2,2,2,2,0,0,2,2
86,-8828.895,-2222.709,-50.437,40.592,0.759663,-0.650316,-0.001279,0.649777,0.758950,0.042252,-0.026506,-0.032928,0.999106,0,-0.05656,0.24643,-3.393,0.493,-1,400.000,-1,400.000,-1,325.000,325.000,300.000,300.000,-1,-1,-1,-1,875.000,775.000,-1,-1,2,0,2,0,2,0,0,0,0,2,2,2,2,0,0,2,2
87,-8827.838,-2221.780,-50.488,41.325,0.751283,-0.659979,-0.001256,0.659432,0.750580,0.042168,-0.026887,-0.032508,0.999110,0,0.02344,0.36643,1.407,0.733,-1,400.000,-1,400.000,-1,325.000,325.000,300.000,300.000,-1,-1,-1,-1,875.000,775.000,-1,-1,2,0,2,0,2,0,0,0,0,2,2,2,2,0,0,2,2
88,-8823.247,-2217.604,-50.690,42.298,0.739968,-0.672641,-0.001172,0.672082,0.739281,0.042060,-0.027425,-0.031911,0.999114,0,0.10344,0.48643,6.207,0.973,-1,400.000,-1,400.000,-1,325.000,325.000,300.000,300.000,-1,-1,-1,-1,875.000,775.000,-1,-1,2,0,2,0,2,0,0,0,0,2,2,2,2,0,0,2,2
89,-8815.265,-2210.026,-51.052,43.511,0.725563,-0.688155,-0.001014,0.687581,0.724896,0.041929,-0.028118,-0.031119,0.999120,0,0.18344,0.60643,11.007,1.213,-1,400.000,-1,400.000,-1,325.000,325.000,300.000,300.000,-1,-1,-1,-1,875.000,775.000,-1,-1,2,0,2,0,2,0,0,0,0,2,2,2,2,0,0,2,2
90,-8804.052,-2198.885,-51.582,44.815,0.709701,-0.704502,-0.000769,0.703910,0.709059,0.041793,-0.028898,-0.030201,0.999126,0,0.26344,0.65236,15.807,1.305,-1,400.000,-1,400.000,-1,325.000,325.000,300.000,300.000,-1,-1,-1,-1,875.000,775.000,-1,-1,2,0,2,0,2,0,0,0,0,2,2,2,2,0,0,2,2
91,-8789.767,-2184.034,-52.237,46.115,0.693535,-0.720423,-0.000454,0.719803,0.692912,0.041901,-0.029872,-0.029387,0.999122,0,0.34344,0.64990,20.607,1.300,-1,400.000,-1,400.000,-1,325.000,325.000,300.000,300.000,-1,-1,-1,-1,875.000,775.000,-1,-1,2,0,2,0,2,0,0,0,0,2,2,2,2,0,0,2,2
92,-8772.572,-2165.330,-53.066,47.409,0.677092,-0.735899,-0.000045,0.735248,0.676490,0.042093,-0.030946,-0.028534,0.999114,0,0.42344,0.64672,25.407,1.293,-1,400.000,-1,400.000,-1,325.000,325.000,300.000,300.000,-1,-1,-1,-1,875.000,775.000,-1,-1,2,0,2,0,2,0,0,0,0,2,2,2,2,0,0,2,2
93,-8752.633,-2142.639,-54.090,48.694,0.660403,-0.750911,0.000477,0.750225,0.659826,0.042336,-0.032105,-0.027601,0.999103,0,0.50344,0.64282,30.207,1.286,-1,400.000,-1,400.000,-1,325.000,325.000,300.000,300.000,-1,-1,-1,-1,875.000,775.000,-1,-1,2,0,2,0,2,0,0,0,0,2,2,2,2,0,0,2,2
94,-8730.118,-2115.834,-55.321,49.971,0.643501,-0.765444,0.001130,0.764718,0.642953,0.042637,-0.033362,-0.026573,0.999090,0,0.58344,0.63820,35.007,1.276,-1,425.000,-1,400.000,-1,325.000,325.000,300.000,300.000,-1,-1,-1,-1,875.000,800.000,-1,-1,2,0,2,0,2,0,0,0,0,2,2,2,2,0,0,2,2
95,-8705.194,-2084.795,-56.776,51.236,0.626420,-0.779483,0.001928,0.778712,0.625906,0.043008,-0.034731,-0.025440,0.999073,0,0.66344,0.63289,39.807,1.266,-1,425.000,-1,400.000,-1,325.000,325.000,300.000,300.000,-1,-1,-1,-1,875.000,800.000,-1,-1,2,0,2,0,2,0,0,0,0,2,2,2,2,0,0,2,2
96,-8678.033,-2049.411,-58.530,52.490,0.609200,-0.793012,0.002812,0.792179,0.608716,0.043776,-0.036426,-0.024441,0.999037,0,0.74344,0.62687,44.607,1.254,-1,425.000,-1,400.000,-1,325.000,325.000,300.000,300.000,-1,-1,-1,-1,875.000,800.000,-1,-1,2,0,2,0,2,0,0,0,0,2,2,2,2,0,0,2,2
97,-8651.354,-2013.351,-60.458,53.504,0.595069,-0.803666,0.003606,0.802756,0.594598,0.045129,-0.038412,-0.023960,0.998975,0,0.74761,0.50687,44.856,1.014,-1,425.000,-1,400.000,-1,325.000,325.000,300.000,300.000,-1,-1,-1,-1,850.000,775.000,-1,-1,2,0,2,0,2,0,0,0,0,2,2,2,2,0,0,2,2
98,-8624.980,-1976.678,-62.447,54.278,0.584154,-0.811630,0.004450,0.810640,0.583696,0.046494,-0.040333,-0.023553,0.998909,0,0.75286,0.38687,45.172,0.774,-1,400.000,-1,400.000,-1,325.000,325.000,300.000,300.000,-1,-1,-1,-1,850.000,775.000,-1,-1,2,0,2,0,2,0,0,0,0,2,2,2,2,0,0,2,2
99,-8598.770,-1939.508,-64.489,54.811,0.576558,-0.817039,0.005353,0.815966,0.576115,0.047870,-0.042196,-0.023232,0.998839,0,0.75803,0.26687,45.482,0.534,-1,400.000,-1,400.000,-1,325.000,325.000,300.000,300.000,-1,-1,-1,-1,825.000,775.000,-1,-1,2,0,2,0,2,0,0,0,0,2,2,2,2,0,0,2,2
100,-8570.510,-1898.990,-66.644,55.105,0.572364,-0.819979,0.005914,0.818828,0.571916,0.049330,-0.043832,-0.023392,0.998765,0,0.82331,0.14687,49.399,0.294,-1,400.000,-1,400.000,-1,325.000,325.000,300.000,300.000,-1,-1,-1,-1,825.000,775.000,-1,-1,2,0,2,0,2,0,0,0,0,2,2,2,2,0,0,2,2
101,-8542.277,-1858.431,-68.716,55.159,0.571613,-0.820501,0.006078,0.819278,0.571137,0.050850,-0.045194,-0.024086,0.998688,0,0.82364,0.02687,49.418,0.054,-1,400.000,-1,400.000,-1,325.000,325.000,300.000,300.000,-1,-1,-1,-1,800.000,775.000,-1,-1,2,0,2,0,2,0,0,0,0,2,2,2,2,0,0,2,2
102,-8513.915,-1817.966,-70.808,54.973,0.574296,-0.818623,0.006266,0.817330,0.573790,0.052311,-0.046418,-0.024921,0.998611,0,0.82358,-0.09313,49.415,-0.186,-1,400.000,-1,400.000,-1,325.000,325.000,300.000,300.000,-1,-1,-1,-1,800.000,775.000,-1,-1,2,0,2,0,2,0,0,0,0,2,2,2,2,0,0,2,2
103,-8485.270,-1777.736,-72.914,54.546,0.580391,-0.814312,0.006489,0.812952,0.579850,0.053699,-0.047490,-0.025891,0.998536,0,0.82309,-0.21313,49.386,-0.426,-1,400.000,-1,400.000,-1,325.000,325.000,300.000,300.000,-1,-1,-1,-1,800.000,775.000,-1,-1,2,0,2,0,2,0,0,0,0,2,2,2,2,0,0,2,2
104,-8456.192,-1737.888,-75.060,53.881,0.589826,-0.807501,0.006909,0.806072,0.589254,0.055027,-0.048506,-0.026887,0.998461,0,0.82215,-0.33277,49.329,-0.666,-1,400.000,-1,400.000,-1,325.000,325.000,300.000,300.000,-1,-1,-1,-1,775.000,750.000,-1,-1,2,0,2,0,2,0,0,0,0,2,2,2,2,0,0,2,2
105,-8426.709,-1698.447,-77.277,53.220,0.599113,-0.800631,0.007310,0.799137,0.598509,0.056275,-0.049431,-0.027873,0.998389,0,0.82071,-0.33033,49.243,-0.661,-1,400.000,-1,400.000,-1,325.000,325.000,300.000,300.000,-1,-1,-1,-1,775.000,750.000,-1,-1,2,0,2,0,2,0,0,0,0,2,2,2,2,0,0,2,2
106,-8396.837,-1659.427,-79.535,52.564,0.608263,-0.793699,0.007613,0.792145,0.607623,0.057442,-0.050218,-0.028910,0.998320,0,0.81902,-0.32818,49.141,-0.656,-1,400.000,-1,400.000,-1,325.000,325.000,300.000,300.000,-1,-1,-1,-1,775.000,750.000,-1,-1,2,0,2,0,2,0,0,0,0,2,2,2,2,0,0,2,2
107,-8366.594,-1620.840,-81.820,51.911,0.617283,-0.786702,0.007873,0.785093,0.616606,0.058531,-0.050901,-0.029950,0.998255,0,0.81711,-0.32633,49.026,-0.653,-1,400.000,-1,400.000,-1,325.000,325.000,300.000,300.000,-1,-1,-1,-1,750.000,750.000,-1,-1,2,0,2,0,2,0,0,0,0,2,2,2,2,0,0,2,2
108,-8335.604,-1581.882,-84.190,51.498,0.622949,-0.782221,0.008086,0.780558,0.622240,0.059545,-0.051609,-0.030782,0.998193,0,0.82966,-0.20633,49.780,-0.413,-1,400.000,-1,375.000,-1,325.000,325.000,300.000,300.000,-1,-1,-1,-1,750.000,750.000,-1,-1,2,0,2,0,2,0,0,0,0,2,2,2,2,0,0,2,2
109,-8304.525,-1543.359,-86.677,51.104,0.628349,-0.777893,0.007809,0.776196,0.627585,0.060474,-0.051943,-0.031937,0.998139,0,0.82496,-0.19711,49.497,-0.394,-1,400.000,-1,375.000,-1,325.000,325.000,300.000,300.000,-1,-1,-1,-1,750.000,725.000,-1,-1,2,0,2,0,2,0,0,0,0,2,2,2,2,0,0,2,2
110,-8273.373,-1505.276,-89.300,50.715,0.633668,-0.773574,0.006927,0.771867,0.632819,0.061329,-0.051826,-0.033516,0.998094,0,0.82002,-0.19451,49.201,-0.389,-1,400.000,-1,375.000,-1,325.000,325.000,300.000,300.000,-1,-1,-1,-1,725.000,725.000,-1,-1,2,0,2,0,2,0,0,0,0,2,2,2,2,0,0,2,2
111,-8242.161,-1467.639,-91.928,50.330,0.638905,-0.769262,0.006107,0.767548,0.637975,0.062112,-0.051677,-0.034996,0.998050,0,0.81491,-0.19265,48.895,-0.385,-1,400.000,-1,375.000,-1,325.000,325.000,300.000,300.000,-1,-1,-1,-1,725.000,725.000,-1,-1,2,0,2,0,2,0,0,0,0,2,2,2,2,0,0,2,2
112,-8210.899,-1430.453,-94.562,49.947,0.644078,-0.764941,0.005348,0.763225,0.643072,0.062822,-0.051495,-0.036381,0.998010,0,0.80969,-0.19153,48.581,-0.383,-1,400.000,-1,375.000,-1,325.000,325.000,300.000,300.000,-1,-1,-1,-1,725.000,725.000,-1,-1,2,0,2,0,2,0,0,0,0,2,2,2,2,0,0,2,2
113,-8179.595,-1393.716,-97.024,49.565,0.649182,-0.760618,0.004823,0.758941,0.648148,0.062559,-0.050709,-0.036952,0.998030,0,0.80442,-0.19115,48.265,-0.382,-1,375.000,-1,400.000,-1,325.000,325.000,300.000,300.000,-1,-1,-1,-1,725.000,725.000,-1,-1,2,0,2,0,2,0,0,0,0,2,2,2,2,0,0,2,2
114,-8148.252,-1357.428,-99.153,49.182,0.654265,-0.756253,0.004325,0.754615,0.653204,0.062299,-0.049939,-0.037496,0.998048,0,0.79918,-0.19149,47.951,-0.383,-1,375.000,-1,400.000,-1,325.000,325.000,300.000,300.000,-1,-1,-1,-1,725.000,725.000,-1,-1,2,0,2,0,2,0,0,0,0,2,2,2,2,0,0,2,2
115,-8116.869,-1321.583,-101.271,48.797,0.659347,-0.751829,0.003842,0.750225,0.658257,0.062123,-0.049235,-0.038079,0.998061,0,0.79402,-0.19254,47.641,-0.385,-1,375.000,-1,400.000,-1,325.000,325.000,300.000,300.000,-1,-1,-1,-1,725.000,725.000,-1,-1,2,0,2,0,2,0,0,0,0,2,2,2,2,0,0,2,2
116,-8085.443,-1286.177,-103.389,48.408,0.664443,-0.747331,0.003380,0.745759,0.663326,0.061984,-0.048564,-0.038664,0.998071,0,0.78902,-0.19427,47.341,-0.389,-1,375.000,-1,400.000,-1,325.000,325.000,300.000,300.000,-1,-1,-1,-1,725.000,725.000,-1,-1,2,0,2,0,2,0,0,0,0,2,2,2,2,0,0,2,2
117,-8053.967,-1251.201,-105.505,48.015,0.669571,-0.742742,0.002939,0.741200,0.668426,0.061880,-0.047925,-0.039254,0.998079,0,0.78423,-0.19669,47.054,-0.393,-1,375.000,-1,400.000,-1,325.000,325.000,300.000,300.000,-1,-1,-1,-1,725.000,725.000,-1,-1,2,0,2,0,2,0,0,0,0,2,2,2,2,0,0,2,2
118,-8022.431,-1216.646,-107.657,47.615,0.674741,-0.738050,0.002547,0.736543,0.673576,0.061643,-0.047212,-0.039717,0.998095,0,0.77971,-0.19976,46.782,-0.400,-1,375.000,-1,400.000,-1,325.000,325.000,300.000,300.000,-1,-1,-1,-1,725.000,750.000,-1,-1,2,0,2,0,2,0,0,0,0,2,2,2,2,0,0,2,2
119,-7990.821,-1182.501,-109.834,47.208,0.679971,-0.733236,0.002191,0.731766,0.678791,0.061326,-0.046454,-0.040097,0.998115,0,0.77549,-0.20347,46.529,-0.407,-1,375.000,-1,400.000,-1,325.000,325.000,300.000,300.000,-1,-1,-1,-1,725.000,750.000,-1,-1,2,0,2,0,2,0,0,0,0,2,2,2,2,0,0,2,2
120,-7959.124,-1148.756,-112.014,46.793,0.685275,-0.728282,0.001854,0.726848,0.684081,0.061026,-0.045712,-0.040472,0.998134,0,0.77163,-0.20781,46.298,-0.416,-1,375.000,-1,400.000,-1,325.000,325.000,300.000,300.000,-1,-1,-1,-1,725.000,750.000,-1,-1,2,0,2,0,2,0,0,0,0,2,2,2,2,0,0,2,2
121,-7927.321,-1115.397,-114.144,46.367,0.690675,-0.723164,0.001279,0.721775,0.689455,0.060764,-0.044824,-0.041045,0.998151,0,0.76817,-0.21277,46.090,-0.426,-1,375.000,-1,400.000,-1,325.000,325.000,300.000,300.000,-1,-1,-1,-1,725.000,750.000,-1,-1,2,0,2,0,2,0,0,0,0,2,2,2,2,0,0,2,2
122,-7895.390,-1082.412,-116.231,45.930,0.696180,-0.717867,0.000495,0.716529,0.694925,0.060544,-0.043806,-0.041795,0.998165,0,0.76514,-0.21831,45.908,-0.437,-1,400.000,-1,400.000,-1,325.000,325.000,300.000,300.000,-1,-1,-1,-1,725.000,750.000,-1,-1,2,0,2,0,2,0,0,0,0,2,2,2,2,0,0,2,2
123,-7863.310,-1049.788,-118.320,45.481,0.701796,-0.712378,-0.000288,0.711092,0.700505,0.060349,-0.042790,-0.042557,0.998177,0,0.76257,-0.22444,45.754,-0.449,-1,400.000,-1,400.000,-1,325.000,325.000,300.000,300.000,-1,-1,-1,-1,725.000,750.000,-1,-1,2,0,2,0,2,0,0,0,0,2,2,2,2,0,0,2,2
124,-7827.601,-1014.003,-120.504,45.060,0.707050,-0.707161,-0.001779,0.705954,0.705692,0.060232,-0.041338,-0.043843,0.998183,0,0.84257,-0.21095,50.554,-0.422,-1,400.000,-1,400.000,-1,325.000,325.000,300.000,300.000,-1,-1,-1,-1,725.000,775.000,-1,-1,2,0,2,0,2,0,0,0,0,2,2,2,2,0,0,2,2
125,-7791.478,-978.353,-122.694,44.622,0.712461,-0.701703,-0.003351,0.700580,0.711034,0.060159,-0.039831,-0.045208,0.998183,0,0.84586,-0.21899,50.752,-0.438,-1,400.000,-1,400.000,-1,325.000,325.000,300.000,300.000,-1,-1,-1,-1,725.000,775.000,-1,-1,2,0,2,0,2,0,0,0,0,2,2,2,2,0,0,2,2
126,-7755.112,-943.030,-124.728,44.166,0.718021,-0.696010,-0.003924,0.694930,0.716570,0.059998,-0.038947,-0.045807,0.998191,0,0.84497,-0.22773,50.698,-0.455,-1,400.000,-1,400.000,-1,325.000,325.000,300.000,300.000,-1,-1,-1,-1,725.000,775.000,-1,-1,2,0,2,0,2,0,0,0,0,2,2,2,2,0,0,2,2
127,-7718.464,-908.018,-126.614,43.692,0.723744,-0.690060,-0.003541,0.688985,0.722310,0.059733,-0.038661,-0.045671,0.998208,0,0.84473,-0.23710,50.684,-0.474,-1,400.000,-1,400.000,-1,325.000,325.000,300.000,300.000,-1,-1,-1,-1,725.000,775.000,-1,-1,2,0,2,0,2,0,0,0,0,2,2,2,2,0,0,2,2
128,-7681.496,-873.306,-128.534,43.198,0.729655,-0.683809,-0.003132,0.682738,0.728239,0.059473,-0.038388,-0.045533,0.998225,0,0.84518,-0.24709,50.711,-0.494,-1,400.000,-1,400.000,-1,325.000,325.000,300.000,300.000,-1,-1,-1,-1,725.000,750.000,-1,-1,2,0,2,0,2,0,0,0,0,2,2,2,2,0,0,2,2
129,-7641.423,-836.479,-130.627,42.583,0.736933,-0.675961,-0.002661,0.674894,0.735536,0.059205,-0.038063,-0.045426,0.998242,0,0.90708,-0.30732,54.425,-0.615,1000.000,400.000,-1,400.000,-1,325.000,325.000,300.000,300.000,-1,-1,-1,-1,725.000,750.000,-1,-1,1,0,2,0,2,0,0,0,0,2,2,2,2,0,0,2,2
130,-7600.579,-799.762,-132.770,41.954,0.744300,-0.667842,-0.002165,0.666777,0.742923,0.058933,-0.037750,-0.045307,0.998260,0,0.91535,-0.31478,54.921,-0.630,950.000,400.000,-1,400.000,-1,325.000,325.000,300.000,300.000,-1,-1,-1,-1,725.000,750.000,-1,-1,1,0,2,0,2,0,0,0,0,2,2,2,2,0,0,2,2
131,-7558.925,-763.158,-134.955,41.308,0.751756,-0.659439,-0.001639,0.658379,0.750402,0.058604,-0.037415,-0.045135,0.998280,0,0.92419,-0.32258,55.452,-0.645,925.000,375.000,-1,400.000,-1,325.000,325.000,300.000,300.000,-1,-1,-1,-1,725.000,750.000,1000.000,-1,1,0,2,0,2,0,0,0,0,2,2,2,2,0,0,1,2
132,-7516.421,-726.669,-137.048,40.647,0.759286,-0.650756,-0.001063,0.649726,0.757990,0.057508,-0.036618,-0.044356,0.998344,0,0.93364,-0.33070,56.018,-0.661,875.000,375.000,-1,400.000,-1,325.000,325.000,300.000,300.000,-1,-1,-1,-1,725.000,750.000,975.000,-1,1,0,2,0,2,0,0,0,0,2,2,2,2,0,1,1,2
133,-7473.026,-690.297,-139.050,39.969,0.766891,-0.641777,-0.000464,0.640802,0.765687,0.055645,-0.035356,-0.042971,0.998451,0,0.94369,-0.33911,56.621,-0.678,850.000,400.000,-1,400.000,-1,325.000,325.000,300.000,300.000,-1,-1,-1,-1,725.000,775.000,925.000,-1,1,0,2,0,2,0,0,0,0,2,2,2,2,0,1,1,2
134,-7428.697,-654.050,-141.054,39.273,0.774591,-0.632463,0.000115,0.631529,0.773457,0.054171,-0.034350,-0.041887,0.998532,0,0.95436,-0.34781,57.262,-0.696,800.000,400.000,-1,400.000,-1,325.000,325.000,300.000,300.000,-1,-1,-1,-1,875.000,825.000,900.000,-1,1,0,2,0,2,0,0,0,0,2,2,2,2,1,1,1,2
135,-7383.391,-617.935,-143.070,38.560,0.782378,-0.622803,0.000686,0.621898,0.781299,0.053054,-0.033578,-0.041082,0.998591,0,0.96565,-0.35675,57.939,-0.713,775.000,400.000,-1,400.000,-1,325.000,325.000,300.000,275.000,-1,-1,-1,-1,875.000,-1,900.000,-1,1,0,2,0,2,0,1,0,0,2,2,2,2,1,2,1,2
136,-7337.062,-581.963,-145.090,37.828,0.790248,-0.612785,0.001260,0.611894,0.789206,0.052341,-0.033068,-0.040591,0.998628,0,0.97757,-0.36592,58.654,-0.732,725.000,400.000,-1,400.000,-1,325.000,325.000,300.000,275.000,-1,-1,-1,-1,900.000,-1,900.000,-1,1,0,2,0,2,0,1,0,0,2,2,2,2,1,2,1,2
137,-7289.666,-546.147,-147.015,37.077,0.798200,-0.602390,0.001665,0.601495,0.797159,0.052347,-0.032861,-0.040781,0.998628,0,0.99011,-0.37528,59.407,-0.751,675.000,400.000,-1,400.000,-1,325.000,325.000,275.000,275.000,-1,-1,-1,-1,900.000,-1,900.000,-1,1,1,2,1,2,1,1,0,0,2,2,2,2,1,2,1,2
138,-7241.363,-510.633,-148.613,36.325,0.806068,-0.591823,0.000220,0.590985,0.804947,0.052889,-0.031478,-0.042502,0.998600,0,0.99922,-0.37638,59.953,-0.753,650.000,450.000,-1,400.000,-1,350.000,350.000,275.000,300.000,-1,-1,-1,-1,900.000,-1,900.000,-1,1,1,2,1,2,1,1,0,0,2,2,2,2,1,2,1,2
139,-7192.563,-475.725,-150.249,35.576,0.813751,-0.581213,-0.001293,0.580436,0.812544,0.053538,-0.030067,-0.044317,0.998565,0,1.00000,-0.37419,60.000,-0.748,600.000,500.000,-1,425.000,-1,375.000,375.000,275.000,300.000,-1,-1,-1,-1,900.000,-1,875.000,-1,1,1,2,1,2,1,1,0,0,2,2,2,2,1,2,1,2
