timestep,x_cm,y_cm,z_cm,yaw_deg,basis_xx,basis_xy,basis_xz,basis_yx,basis_yy,basis_yz,basis_zx,basis_zy,basis_zz,teleport_flag,throttle_cmd,steering_cmd,cmd_move_cm,cmd_turn_deg,lidar_cm_0,lidar_cm_1,lidar_cm_2,lidar_cm_3,lidar_cm_4,lidar_cm_5,lidar_cm_6,lidar_cm_7,lidar_cm_8,lidar_cm_9,lidar_cm_10,lidar_cm_11,lidar_cm_12,lidar_cm_13,lidar_cm_14,lidar_cm_15,lidar_cm_16,lidar_class_0,lidar_class_1,lidar_class_2,lidar_class_3,lidar_class_4,lidar_class_5,lidar_class_6,lidar_class_7,lidar_class_8,lidar_class_9,lidar_class_10,lidar_class_11,lidar_class_12,lidar_class_13,lidar_class_14,lidar_class_15,lidar_class_16
0,-171.896,-454.392,-35.843,12.468,0.972217,-0.215731,-0.090848,0.218354,0.975667,0.019875,0.084350,-0.039160,0.995666,1,0.08000,-0.12000,4.800,-0.240,-1,325.000,-1,300.000,-1,200.000,225.000,375.000,400.000,775.000,100.000,100.000,800.000,750.000,650.000,-1,-1,2,1,2,1,2,1,1,1,0,0,0,0,0,1,1,2,2
1,-162.504,-452.398,-35.387,11.988,0.973779,-0.207559,-0.093133,0.210164,0.977482,0.018990,0.087095,-0.038066,0.995473,0,0.16000,-0.24000,9.600,-0.480,-1,325.000,-1,325.000,-1,200.000,225.000,375.000,400.000,775.000,100.000,100.000,775.000,775.000,675.000,-1,-1,2,1,2,1,2,1,1,1,0,0,0,0,0,1,1,2,2
2,-148.389,-449.545,-34.702,11.432,0.975413,-0.198069,-0.096637,0.200668,0.979496,0.017864,0.091117,-0.036816,0.995159,0,0.24000,-0.27811,14.400,-0.556,-1,325.000,-1,325.000,-1,200.000,225.000,375.000,400.000,750.000,100.000,100.000,750.000,775.000,700.000,-1,-1,2,1,2,1,2,1,1,1,0,0,0,0,0,1,1,2,2
3,-813.901,-1793.518,41.896,-60.098,0.507226,0.860063,0.054898,-0.855335,0.494595,0.154199,0.105468,-0.125170,0.986514,1,0.00000,0.00000,19.200,-0.543,-1,575.000,-1,525.000,-1,475.000,425.000,275.000,400.000,600.000,100.000,225.000,-1,-1,-1,-1,-1,2,0,2,1,2,1,1,0,1,0,0,0,2,2,2,2,2
4,-811.525,-1797.689,42.229,-60.338,0.503705,0.862076,0.055729,-0.857362,0.490959,0.154562,0.105884,-0.125634,0.986410,0,0.08000,-0.12000,4.800,-0.240,-1,575.000,-1,525.000,-1,475.000,425.000,275.000,400.000,600.000,100.000,225.000,-1,-1,-1,-1,-1,2,0,2,1,2,1,1,0,1,0,0,0,2,2,2,2,2
5,-806.843,-1806.071,43.004,-60.818,0.496659,0.866013,0.057894,-0.861400,0.483638,0.155192,0.106398,-0.126947,0.986187,0,0.16000,-0.24000,9.600,-0.480,-1,575.000,-1,525.000,-1,475.000,425.000,275.000,400.000,600.000,100.000,225.000,-1,-1,-1,-1,-1,2,0,2,1,2,1,1,0,1,0,0,0,2,2,2,2,2
6,-799.931,-1818.704,44.152,-61.328,0.489199,0.870030,0.061089,-0.865636,0.475781,0.155905,0.106577,-0.129149,0.985881,0,0.24000,-0.25478,14.400,-0.510,-1,575.000,-1,525.000,-1,475.000,425.000,275.000,400.000,575.000,100.000,250.000,-1,-1,-1,-1,-1,2,0,2,1,2,1,1,0,1,0,0,0,2,2,2,2,2
7,-790.867,-1835.631,45.674,-61.845,0.481650,0.873919,0.065407,-0.869896,0.467711,0.156613,0.106275,-0.132330,0.985492,0,0.32000,-0.25857,19.200,-0.517,-1,575.000,-1,550.000,-1,475.000,450.000,250.000,425.000,575.000,100.000,275.000,-1,-1,-1,-1,-1,2,0,2,1,2,1,1,0,1,0,0,0,2,2,2,2,2
8,-779.733,-1856.892,47.574,-62.374,0.473941,0.877690,0.070993,-0.874229,0.459355,0.157217,0.105377,-0.136575,0.985009,0,0.40000,-0.26452,24.000,-0.529,-1,575.000,-1,550.000,-1,475.000,450.000,250.000,425.000,575.000,125.000,300.000,-1,-1,-1,-1,-1,2,0,2,1,2,1,1,0,1,0,0,0,2,2,2,2,2
9,-766.614,-1882.531,49.854,-62.920,0.465982,0.881348,0.078011,-0.878692,0.450629,0.157590,0.103738,-0.141982,0.984418,0,0.48000,-0.27285,28.800,-0.546,-1,575.000,-1,550.000,-1,475.000,450.000,250.000,425.000,550.000,150.000,350.000,-1,-1,-1,-1,-1,2,0,2,1,2,1,1,0,1,0,0,0,2,2,2,2,2
10,-1639.829,2295.772,0.983,0.022,0.999267,-0.000386,0.038291,-0.000818,0.999506,0.031432,-0.038284,-0.031440,0.998772,1,0.00000,0.00000,33.600,-0.568,700.000,325.000,-1,400.000,-1,300.000,300.000,275.000,425.000,-1,-1,-1,300.000,575.000,750.000,825.000,-1,0,0,2,0,2,0,0,0,0,2,2,2,1,0,0,0,2
11,-1635.029,2295.782,0.799,0.127,0.999287,-0.002217,0.037687,0.001058,0.999526,0.030760,-0.037737,-0.030698,0.998816,0,0.08000,0.05248,4.800,0.105,700.000,325.000,-1,400.000,-1,300.000,300.000,275.000,425.000,-1,-1,-1,300.000,575.000,750.000,850.000,-1,0,0,2,0,2,0,0,0,0,2,2,2,1,0,0,0,2
12,-1625.429,2295.821,0.417,0.235,0.999324,-0.004099,0.036526,0.003029,0.999567,0.029284,-0.036630,-0.029154,0.998904,0,0.16000,0.05392,9.600,0.108,725.000,325.000,-1,400.000,-1,300.000,300.000,275.000,425.000,-1,-1,-1,300.000,575.000,750.000,875.000,-1,0,0,2,0,2,0,0,0,0,2,2,2,1,0,0,0,2
13,-1611.029,2295.907,-0.167,0.349,0.999376,-0.006082,0.034804,0.005144,0.999622,0.026996,-0.034955,-0.026800,0.999029,0,0.24000,0.05684,14.400,0.114,775.000,350.000,-1,400.000,-1,300.000,300.000,275.000,425.000,-1,-1,-1,325.000,600.000,750.000,925.000,-1,1,0,2,0,2,0,0,0,0,2,2,2,1,0,0,0,2
14,-1591.830,2296.064,-0.953,0.471,0.999437,-0.008220,0.032518,0.007445,0.999687,0.023887,-0.032704,-0.023632,0.999186,0,0.32000,0.06125,19.200,0.123,775.000,350.000,-1,400.000,-1,300.000,300.000,275.000,425.000,-1,-1,-1,325.000,600.000,750.000,-1,-1,1,0,2,0,2,0,0,0,0,2,2,2,1,0,0,2,2
15,-1567.832,2296.316,-1.942,0.606,0.999504,-0.010567,0.029667,0.009977,0.999751,0.019947,-0.029870,-0.019641,0.999361,0,0.40000,0.06722,24.000,0.134,800.000,350.000,-1,400.000,-1,300.000,300.000,275.000,400.000,-1,-1,-1,325.000,600.000,750.000,-1,-1,1,0,2,0,2,0,0,0,0,2,2,2,1,0,0,2,2
16,-1539.035,2296.694,-3.137,0.755,0.999569,-0.013178,0.026249,0.012783,0.999803,0.015167,-0.026444,-0.014825,0.999540,0,0.48000,0.07479,28.800,0.150,800.000,350.000,-1,400.000,-1,300.000,300.000,275.000,400.000,-1,-1,-1,350.000,625.000,775.000,-1,-1,1,0,2,0,2,0,0,0,0,2,2,2,1,0,0,2,2
