timestep,x_cm,y_cm,z_cm,yaw_deg,basis_xx,basis_xy,basis_xz,basis_yx,basis_yy,basis_yz,basis_zx,basis_zy,basis_zz,teleport_flag,throttle_cmd,steering_cmd,cmd_move_cm,cmd_turn_deg,lidar_cm_0,lidar_cm_1,lidar_cm_2,lidar_cm_3,lidar_cm_4,lidar_cm_5,lidar_cm_6,lidar_cm_7,lidar_cm_8,lidar_cm_9,lidar_cm_10,lidar_cm_11,lidar_cm_12,lidar_cm_13,lidar_cm_14,lidar_cm_15,lidar_cm_16,lidar_class_0,lidar_class_1,lidar_class_2,lidar_class_3,lidar_class_4,lidar_class_5,lidar_class_6,lidar_class_7,lidar_class_8,lidar_class_9,lidar_class_10,lidar_class_11,lidar_class_12,lidar_class_13,lidar_class_14,lidar_class_15,lidar_class_16
0,7538.426,2295.994,-238.611,177.211,-0.998727,-0.048652,0.013338,0.048314,-0.998530,-0.024548,0.014512,-0.023872,0.999610,1,0.08000,-0.12000,4.800,-0.240,-1,400.000,-1,350.000,850.000,325.000,300.000,325.000,325.000,-1,525.000,750.000,725.000,825.000,625.000,-1,950.000,2,0,2,0,0,0,0,0,0,2,0,0,1,0,0,2,0
1,7528.841,2296.541,-238.448,176.731,-0.998278,-0.057015,0.013766,0.056657,-0.998078,-0.025105,0.015171,-0.024282,0.999590,0,0.16000,-0.24000,9.600,-0.480,-1,400.000,-1,350.000,850.000,325.000,300.000,325.000,325.000,-1,500.000,725.000,725.000,825.000,625.000,-1,950.000,2,0,2,0,0,0,0,0,0,2,0,0,1,0,0,2,0
2,7514.476,2297.543,-238.196,176.011,-0.997474,-0.069551,0.014420,0.069161,-0.997268,-0.025953,0.016185,-0.024891,0.999559,0,0.24000,-0.36000,14.400,-0.720,-1,400.000,-1,350.000,850.000,325.000,300.000,325.000,325.000,-1,450.000,675.000,725.000,800.000,625.000,-1,950.000,2,0,2,0,0,0,0,0,0,2,0,0,1,0,0,2,0
3,7495.347,2299.199,-237.849,175.051,-0.996156,-0.086248,0.015311,0.085813,-0.995942,-0.027106,0.017587,-0.025688,0.999515,0,0.32000,-0.48000,19.200,-0.960,-1,400.000,-1,350.000,875.000,325.000,300.000,325.000,325.000,-1,425.000,650.000,750.000,800.000,625.000,-1,950.000,2,0,2,0,0,0,0,0,0,2,0,0,1,0,0,2,0
4,7471.485,2301.770,-237.393,173.851,-0.994114,-0.107084,0.016456,0.106587,-0.993893,-0.028581,0.019416,-0.026659,0.999456,0,0.40000,-0.60000,24.000,-1.200,-1,400.000,-1,350.000,875.000,325.000,300.000,325.000,325.000,-1,400.000,600.000,750.000,800.000,625.000,-1,950.000,2,0,2,0,0,0,0,0,0,2,0,0,1,0,0,2,0
5,7442.928,2305.501,-236.821,172.556,-0.991417,-0.129510,0.017873,0.128932,-0.991187,-0.030398,0.021652,-0.027832,0.999378,0,0.48000,-0.64736,28.800,-1.295,-1,400.000,-1,350.000,900.000,325.000,300.000,325.000,325.000,-1,350.000,550.000,775.000,800.000,625.000,-1,950.000,2,0,2,0,0,0,0,0,0,2,0,0,1,0,0,2,0
6,7409.718,2310.607,-236.119,171.260,-0.988203,-0.151894,0.019581,0.151212,-0.987965,-0.032569,0.024292,-0.029224,0.999278,0,0.56000,-0.64814,33.600,-1.296,-1,400.000,-1,350.000,925.000,325.000,300.000,325.000,325.000,-1,325.000,500.000,800.000,800.000,625.000,-1,950.000,2,0,2,0,0,0,0,0,0,2,0,0,1,0,0,2,0
7,7371.905,2317.300,-235.267,169.961,-0.984469,-0.174227,0.021594,0.173414,-0.984223,-0.035107,0.027370,-0.030817,0.999150,0,0.64000,-0.64904,38.400,-1.298,-1,400.000,-1,350.000,950.000,325.000,300.000,325.000,325.000,-1,300.000,450.000,825.000,800.000,625.000,-1,975.000,2,0,2,0,0,0,0,0,0,2,0,0,1,0,0,2,0
8,7329.786,2325.746,-234.247,168.662,-0.980212,-0.196500,0.023920,0.195523,-0.979962,-0.038007,0.030909,-0.032578,0.998991,0,0.71596,-0.64998,42.958,-1.300,-1,400.000,-1,350.000,975.000,325.000,300.000,325.000,325.000,800.000,275.000,400.000,850.000,800.000,625.000,-1,1000.000,2,0,2,0,0,0,0,0,0,1,0,0,1,0,0,2,0
9,7288.031,2335.109,-233.142,167.360,-0.975438,-0.218700,0.026286,0.217543,-0.975193,-0.040921,0.034583,-0.034198,0.998817,0,0.71318,-0.65088,42.791,-1.302,-1,400.000,-1,350.000,-1,325.000,300.000,325.000,325.000,700.000,250.000,350.000,875.000,800.000,625.000,-1,-1,2,0,2,0,2,0,0,0,0,1,0,0,1,0,0,2,2
10,7246.662,2345.381,-231.748,166.057,-0.970161,-0.240817,0.028194,0.239516,-0.969944,-0.042899,0.037678,-0.034866,0.998682,0,0.71041,-0.65159,42.625,-1.303,-1,400.000,-1,350.000,-1,325.000,300.000,325.000,325.000,675.000,250.000,350.000,925.000,825.000,625.000,-1,-1,2,0,2,0,2,0,0,0,0,1,0,0,1,0,0,2,2
11,7205.698,2356.547,-230.289,164.752,-0.964373,-0.262826,0.030117,0.261372,-0.964190,-0.044964,0.040856,-0.035491,0.998535,0,0.70765,-0.65212,42.459,-1.304,-1,400.000,-1,350.000,-1,325.000,300.000,325.000,325.000,650.000,250.000,325.000,950.000,825.000,625.000,-1,-1,2,0,2,0,2,0,0,0,0,1,0,0,1,0,0,2,2
12,7165.155,2368.597,-228.734,163.447,-0.958078,-0.284709,0.032041,0.283091,-0.957935,-0.047114,0.044107,-0.036068,0.998376,0,0.70492,-0.65246,42.295,-1.305,-1,400.000,-1,350.000,-1,325.000,300.000,325.000,325.000,625.000,250.000,325.000,975.000,825.000,625.000,-1,-1,2,0,2,0,2,0,0,0,0,1,0,0,1,0,0,2,2
13,7125.051,2381.517,-226.768,162.142,-0.951328,-0.306437,0.032738,0.304652,-0.951143,-0.050145,0.046505,-0.037731,0.998205,0,0.70221,-0.65262,42.133,-1.305,-1,400.000,-1,350.000,-1,325.000,300.000,325.000,325.000,625.000,250.000,325.000,1000.000,825.000,625.000,-1,-1,2,0,2,0,2,0,0,0,0,1,0,0,1,0,0,2,2
14,7085.404,2395.295,-224.758,160.837,-0.944086,-0.328006,0.033367,0.326058,-0.943866,-0.052946,0.048860,-0.039106,0.998040,0,0.69954,-0.65261,41.973,-1.305,-1,400.000,-1,350.000,-1,325.000,300.000,325.000,325.000,625.000,275.000,350.000,-1,825.000,625.000,-1,-1,2,0,2,0,2,0,0,0,0,1,0,0,2,0,0,2,2
15,7046.229,2409.917,-222.658,159.532,-0.936358,-0.349397,0.034000,0.347281,-0.936106,-0.055693,0.051287,-0.040341,0.997869,0,0.69691,-0.65242,41.815,-1.305,-1,400.000,-1,350.000,-1,300.000,300.000,325.000,325.000,625.000,300.000,375.000,-1,825.000,625.000,-1,-1,2,0,2,0,2,0,0,0,0,1,0,0,2,0,0,2,2
16,7006.886,2425.440,-220.440,158.467,-0.929689,-0.366713,0.034648,0.364421,-0.929399,-0.058438,0.053632,-0.041703,0.997690,0,0.70491,-0.53242,42.294,-1.065,-1,400.000,-1,350.000,-1,300.000,300.000,325.000,325.000,650.000,300.000,375.000,-1,825.000,625.000,-1,-1,2,0,2,0,2,0,0,0,1,1,0,0,2,0,0,2,2
17,6967.981,2441.441,-218.112,157.642,-0.924295,-0.380032,0.035422,0.377559,-0.923970,-0.061065,0.055936,-0.043068,0.997505,0,0.70110,-0.41242,42.066,-0.825,-1,400.000,-1,350.000,-1,300.000,300.000,325.000,325.000,650.000,325.000,400.000,-1,825.000,625.000,-1,-1,2,0,2,0,2,0,0,0,1,1,0,0,2,0,0,2,2
18,6929.510,2457.725,-215.704,157.058,-0.920349,-0.389418,0.036220,0.386759,-0.919983,-0.063630,0.058100,-0.044553,0.997316,0,0.69625,-0.29242,41.775,-0.585,-1,400.000,-1,350.000,-1,300.000,300.000,325.000,325.000,675.000,325.000,400.000,-1,825.000,625.000,-1,-1,2,0,2,0,2,0,0,0,1,1,0,0,2,0,1,2,2
19,6891.460,2474.102,-213.229,156.713,-0.917970,-0.394919,0.037016,0.392072,-0.917554,-0.066143,0.060086,-0.046204,0.997123,0,0.69041,-0.17242,41.425,-0.345,-1,400.000,-1,350.000,-1,300.000,300.000,325.000,300.000,700.000,325.000,425.000,-1,825.000,675.000,-1,-1,2,0,2,0,2,0,0,0,1,1,0,0,2,0,1,2,2
20,6853.812,2490.387,-210.700,156.608,-0.917229,-0.396562,0.037799,0.393527,-0.916749,-0.068609,0.061860,-0.048055,0.996927,0,0.68365,-0.05242,41.019,-0.105,-1,400.000,-1,350.000,-1,300.000,300.000,325.000,300.000,700.000,325.000,450.000,-1,850.000,725.000,-1,-1,2,0,2,0,2,0,0,0,1,1,0,0,2,0,1,2,2
21,6816.545,2506.403,-208.129,156.743,-0.918148,-0.394358,0.038556,0.391135,-0.917588,-0.071031,0.063390,-0.050137,0.996729,0,0.67604,0.06758,40.563,0.135,-1,400.000,-1,350.000,-1,300.000,300.000,325.000,300.000,725.000,325.000,475.000,-1,850.000,800.000,-1,-1,2,0,2,0,2,0,0,0,1,1,0,0,2,0,1,2,2
22,6779.666,2522.053,-205.524,157.004,-0.919922,-0.390129,0.039283,0.386718,-0.919271,-0.073414,0.064753,-0.052343,0.996528,0,0.66770,0.13052,40.062,0.261,-1,400.000,-1,350.000,-1,300.000,300.000,325.000,300.000,750.000,325.000,500.000,-1,875.000,-1,-1,-1,2,0,2,0,2,0,0,0,1,1,0,0,2,0,2,2,2
23,6743.183,2537.334,-202.885,157.272,-0.921722,-0.385785,0.039983,0.382186,-0.920975,-0.075758,0.066050,-0.054547,0.996324,0,0.65923,0.13385,39.554,0.268,-1,400.000,-1,350.000,-1,325.000,300.000,325.000,325.000,750.000,350.000,500.000,-1,875.000,-1,-1,-1,2,0,2,0,2,0,0,0,1,1,0,0,2,0,2,2,2
24,6707.070,2552.256,-200.214,157.547,-0.923554,-0.381307,0.040657,0.377520,-0.922705,-0.078066,0.067281,-0.056750,0.996119,0,0.65124,0.13768,39.075,0.275,-1,400.000,-1,350.000,-1,325.000,300.000,325.000,325.000,775.000,350.000,525.000,-1,900.000,-1,-1,-1,2,0,2,1,2,0,0,0,0,1,0,0,2,0,2,2,2
25,6671.299,2566.830,-197.530,157.831,-0.925422,-0.376679,0.041328,0.372696,-0.924462,-0.080424,0.068500,-0.059023,0.995904,0,0.64377,0.14201,38.626,0.284,-1,425.000,-1,375.000,-1,325.000,300.000,325.000,325.000,800.000,350.000,525.000,-1,900.000,-1,-1,-1,2,0,2,1,2,0,0,0,0,1,0,0,2,0,2,2,2
26,6635.840,2581.065,-194.831,158.125,-0.927329,-0.371884,0.041995,0.367700,-0.926249,-0.082822,0.069698,-0.061361,0.995679,0,0.63682,0.14680,38.209,0.294,-1,425.000,-1,375.000,-1,325.000,300.000,325.000,325.000,800.000,375.000,525.000,-1,900.000,-1,-1,-1,2,0,2,1,2,0,0,0,0,1,0,0,2,0,2,2,2
27,6600.663,2594.970,-192.362,158.429,-0.929340,-0.366884,0.041506,0.362523,-0.928010,-0.085877,0.070025,-0.064762,0.995441,0,0.63043,0.15204,37.826,0.304,-1,425.000,-1,400.000,-1,325.000,325.000,325.000,325.000,825.000,375.000,550.000,-1,900.000,-1,-1,-1,2,0,2,1,2,0,0,0,0,1,0,0,2,0,2,2,2
28,6565.736,2608.554,-189.916,158.744,-0.931403,-0.361687,0.040877,0.357162,-0.929801,-0.088911,0.070165,-0.068213,0.995200,0,0.62459,0.15769,37.476,0.315,-1,425.000,-1,400.000,-1,325.000,325.000,325.000,325.000,850.000,400.000,600.000,-1,900.000,-1,-1,-1,2,0,2,1,2,0,0,0,0,1,0,0,2,0,2,2,2
29,6531.027,2621.825,-187.523,159.072,-0.933516,-0.356285,0.040122,0.351629,-0.931640,-0.091670,0.070040,-0.071467,0.994981,0,0.61933,0.16375,37.160,0.328,-1,425.000,-1,425.000,-1,325.000,325.000,325.000,325.000,850.000,400.000,625.000,-1,900.000,-1,-1,-1,2,0,2,1,2,0,0,0,0,1,0,0,2,0,2,2,2
30,6491.706,2636.468,-184.809,159.571,-0.936652,-0.348051,0.039298,0.343254,-0.934447,-0.094795,0.069715,-0.075300,0.994721,0,0.69933,0.24974,41.960,0.499,-1,425.000,-1,425.000,-1,325.000,325.000,325.000,325.000,875.000,425.000,675.000,-1,900.000,-1,-1,-1,2,0,2,1,2,0,0,0,0,1,0,0,2,0,2,2,2
31,6449.003,2651.948,-181.969,160.071,-0.939715,-0.339790,0.038438,0.334874,-0.937179,-0.097751,0.069238,-0.078987,0.994468,0,0.75704,0.24987,45.422,0.500,-1,425.000,-1,450.000,-1,325.000,325.000,300.000,325.000,900.000,450.000,725.000,850.000,900.000,-1,-1,-1,2,0,2,1,2,0,0,0,0,1,0,0,1,0,2,2,2
32,6406.113,2667.074,-179.828,160.571,-0.942731,-0.331571,0.036329,0.326872,-0.940040,-0.097360,0.066432,-0.079909,0.994586,0,0.75800,0.25012,45.480,0.500,-1,425.000,-1,475.000,-1,325.000,325.000,300.000,325.000,925.000,550.000,850.000,825.000,875.000,-1,-1,-1,2,0,2,1,2,0,0,0,0,1,0,0,1,0,2,2,2
33,6363.025,2681.849,-177.735,161.072,-0.945679,-0.323328,0.033920,0.318899,-0.942856,-0.096567,0.063205,-0.080504,0.994748,0,0.75919,0.25035,45.551,0.501,-1,425.000,-1,475.000,-1,325.000,325.000,300.000,325.000,950.000,675.000,950.000,825.000,850.000,-1,-1,-1,2,0,2,1,2,0,0,0,0,1,0,0,1,0,2,2,2
34,6319.731,2696.272,-175.693,161.573,-0.948557,-0.315062,0.031222,0.310946,-0.945624,-0.095433,0.059591,-0.080815,0.994946,0,0.76057,0.25053,45.634,0.501,-1,425.000,-1,475.000,-1,325.000,325.000,325.000,300.000,975.000,850.000,-1,825.000,850.000,-1,-1,-1,2,0,2,1,2,0,1,0,0,1,0,2,1,0,2,2,2
35,6276.226,2710.345,-173.702,162.074,-0.951363,-0.306777,0.028230,0.303014,-0.948341,-0.093980,0.055603,-0.080855,0.995174,0,0.76208,0.25061,45.725,0.501,-1,400.000,-1,500.000,-1,325.000,325.000,325.000,300.000,-1,-1,-1,825.000,825.000,-1,-1,-1,2,0,2,1,2,0,1,0,0,2,2,2,1,0,2,2,2
36,6232.509,2724.065,-171.758,162.575,-0.954091,-0.298476,0.024943,0.295100,-0.951005,-0.092231,0.051249,-0.080636,0.995425,0,0.76368,0.25055,45.821,0.501,-1,400.000,-1,500.000,-1,325.000,300.000,325.000,300.000,-1,-1,-1,825.000,800.000,-1,-1,-1,2,0,2,1,2,0,1,0,0,2,2,2,1,0,2,2,2
37,6188.581,2737.431,-169.862,163.076,-0.956738,-0.290167,0.021360,0.287205,-0.953612,-0.090208,0.046544,-0.080171,0.995694,0,0.76528,0.25030,45.917,0.501,-1,400.000,-1,-1,-1,300.000,300.000,325.000,275.000,-1,-1,-1,850.000,775.000,-1,-1,-1,2,0,2,2,2,0,1,0,0,2,2,2,1,0,2,2,2
38,6144.450,2750.439,-168.010,163.576,-0.959297,-0.281856,0.017481,0.279332,-0.956160,-0.087934,0.041500,-0.079472,0.995973,0,0.76683,0.24981,46.010,0.500,-1,375.000,-1,-1,-1,300.000,300.000,325.000,275.000,-1,-1,-1,850.000,750.000,-1,-1,-1,2,0,2,2,2,0,1,0,0,2,2,2,1,0,2,2,2
39,6100.127,2763.087,-166.201,164.074,-0.961765,-0.273554,0.013309,0.271484,-0.958644,-0.085432,0.036129,-0.078553,0.996255,0,0.76822,0.24904,46.093,0.498,-1,375.000,-1,-1,-1,300.000,300.000,325.000,275.000,-1,-1,-1,900.000,725.000,-1,-1,-1,2,0,2,2,2,0,1,0,1,2,2,2,1,0,2,2,2
40,6055.630,2775.369,-164.435,164.569,-0.964133,-0.265271,0.008848,0.263666,-0.961060,-0.082726,0.030449,-0.077426,0.996533,0,0.76936,0.24793,46.162,0.496,-1,375.000,-1,-1,-1,300.000,300.000,325.000,300.000,-1,-1,-1,925.000,700.000,-1,-1,-1,2,0,2,2,2,0,1,0,1,2,2,2,1,0,2,2,2
41,6010.983,2787.280,-162.710,165.062,-0.966398,-0.257019,0.004104,0.255884,-0.963405,-0.079839,0.024474,-0.076106,0.996799,0,0.77016,0.24645,46.209,0.493,-1,350.000,-1,-1,-1,275.000,325.000,325.000,300.000,-1,-1,-1,950.000,675.000,-1,-1,-1,2,0,2,2,2,0,1,0,1,2,2,2,1,0,2,2,2
42,5966.215,2798.814,-161.236,165.552,-0.968554,-0.248803,-0.000417,0.248085,-0.965630,-0.077538,0.018889,-0.075203,0.996989,0,0.77050,0.24457,46.230,0.489,-1,350.000,-1,-1,-1,275.000,325.000,350.000,325.000,-1,-1,-1,1000.000,650.000,-1,-1,-1,2,0,2,2,2,0,1,0,1,2,2,2,1,0,2,2,2
43,5921.365,2809.967,-159.910,166.036,-0.970603,-0.240651,-0.004001,0.240264,-0.967790,-0.075208,0.014227,-0.073959,0.997160,0,0.77028,0.24224,46.217,0.484,-1,350.000,-1,-1,-1,275.000,350.000,350.000,325.000,-1,-1,-1,-1,625.000,-1,-1,-1,2,0,2,2,2,0,1,0,1,2,2,2,2,0,2,2,2
44,5871.804,2822.067,-158.520,166.280,-0.971586,-0.236555,-0.007941,0.236504,-0.968954,-0.072065,0.009353,-0.071895,0.997368,0,0.85028,0.12224,51.017,0.244,-1,325.000,-1,-1,-1,275.000,350.000,350.000,350.000,-1,-1,-1,-1,600.000,-1,-1,-1,2,0,2,2,2,0,1,0,1,2,2,2,2,0,2,2,2
45,5817.580,2835.307,-158.484,166.285,-0.971546,-0.236607,-0.010715,0.236805,-0.969495,-0.063266,0.004581,-0.064003,0.997939,0,0.93028,0.00224,55.817,0.004,-1,325.000,-1,-1,-1,250.000,400.000,350.000,350.000,-1,-1,-1,-1,575.000,-1,-1,-1,2,0,2,2,2,0,1,0,1,2,2,2,2,0,2,2,2
46,5761.960,2849.134,-160.460,166.049,-0.970441,-0.240804,-0.016057,0.241296,-0.969376,-0.045686,-0.004563,-0.048210,0.998827,0,0.95522,-0.11776,57.313,-0.236,-1,300.000,-1,-1,-1,225.000,425.000,375.000,325.000,-1,-1,-1,-1,550.000,-1,-1,-1,2,0,2,2,2,0,1,0,1,2,2,2,2,0,2,2,2
47,5706.560,2863.393,-162.914,165.574,-0.968259,-0.249016,-0.021591,0.249530,-0.968025,-0.025725,-0.014495,-0.030297,0.999436,0,0.95341,-0.23776,57.205,-0.476,-1,275.000,-1,-1,-1,225.000,475.000,400.000,300.000,-1,-1,-1,-1,500.000,-1,975.000,-1,2,0,2,2,2,0,1,0,1,2,2,2,2,0,2,0,2
48,5651.478,2878.304,-165.867,164.858,-0.964905,-0.261192,-0.027163,0.261368,-0.965234,-0.003084,-0.025413,-0.010076,0.999626,0,0.95107,-0.35776,57.064,-0.716,-1,250.000,-1,-1,-1,200.000,525.000,425.000,275.000,-1,-1,0.000,-1,450.000,-1,750.000,-1,2,0,2,2,2,0,1,0,1,2,2,0,2,0,2,0,2
49,5596.815,2894.080,-169.343,163.903,-0.960249,-0.277244,-0.032529,0.276615,-0.960716,0.022561,-0.037506,0.012666,0.999216,0,0.94822,-0.47776,56.893,-0.956,-1,225.000,-1,-1,-1,175.000,550.000,450.000,250.000,-1,-1,0.000,-1,400.000,-1,575.000,-1,2,0,2,2,2,1,1,0,1,2,2,0,2,0,2,0,2
50,5542.680,2910.929,-173.367,162.707,-0.954136,-0.297036,-0.037338,0.295009,-0.954104,0.051538,-0.050933,0.038159,0.997973,0,0.94492,-0.59776,56.695,-1.196,-1,200.000,-1,-1,-1,200.000,575.000,475.000,225.000,-1,-1,0.000,-1,350.000,-1,425.000,-1,2,0,2,2,2,1,1,0,1,2,2,0,2,0,2,0,2
51,5489.187,2929.052,-177.960,161.272,-0.946402,-0.320365,-0.041111,0.316218,-0.944948,0.084142,-0.065804,0.066633,0.995605,0,0.94127,-0.71776,56.476,-1.436,975.000,200.000,-1,-1,-1,250.000,600.000,525.000,175.000,-1,-1,0.000,-1,325.000,-1,300.000,-1,0,1,2,2,2,1,1,0,1,2,2,0,2,1,2,0,2
52,5436.461,2948.640,-183.134,159.596,-0.936890,-0.346944,-0.043221,0.339836,-0.932720,0.120600,-0.082154,0.098301,0.991760,0,0.93740,-0.83776,56.244,-1.676,775.000,225.000,-1,-1,-1,300.000,625.000,625.000,175.000,-1,-1,0.000,450.000,400.000,-1,200.000,-1,0,1,2,2,2,1,1,0,1,2,2,0,1,1,2,0,2
53,1639.833,-6231.355,-281.510,16.113,0.959869,-0.277528,0.040371,0.277088,0.960707,0.016244,-0.043292,-0.004406,0.999053,1,0.00000,0.00000,55.945,-1.916,-1,400.000,-1,400.000,-1,325.000,325.000,275.000,300.000,-1,850.000,700.000,-1,875.000,850.000,-1,-1,2,0,2,0,2,0,0,0,0,2,0,0,2,0,0,2,2
54,1644.438,-6230.003,-281.740,16.353,0.958696,-0.281551,0.040399,0.281117,0.959538,0.016151,-0.043311,-0.004127,0.999053,0,0.08000,0.12000,4.800,0.240,-1,400.000,-1,400.000,-1,325.000,325.000,275.000,300.000,-1,850.000,700.000,-1,875.000,850.000,-1,-1,2,0,2,0,2,0,0,0,0,2,0,0,2,0,0,2,2
55,1653.627,-6227.223,-282.203,16.833,0.956298,-0.289580,0.040461,0.289162,0.957147,0.015961,-0.043349,-0.003564,0.999054,0,0.16000,0.24000,9.600,0.480,-1,400.000,-1,400.000,-1,325.000,325.000,275.000,300.000,-1,850.000,700.000,-1,875.000,850.000,-1,-1,2,0,2,0,2,0,0,0,0,2,0,0,2,0,0,2,2
56,1667.357,-6222.881,-282.899,17.553,0.952576,-0.301585,0.040568,0.301190,0.953435,0.015667,-0.043404,-0.002706,0.999054,0,0.24000,0.36000,14.400,0.720,-1,400.000,-1,400.000,-1,325.000,325.000,275.000,300.000,-1,850.000,700.000,-1,875.000,850.000,-1,-1,2,0,2,0,2,0,0,0,0,2,0,0,2,0,0,2,2
57,1685.563,-6216.784,-283.832,18.513,0.947377,-0.317518,0.040740,0.317155,0.948251,0.015263,-0.043478,-0.001539,0.999053,0,0.32000,0.48000,19.200,0.960,-1,400.000,-1,400.000,-1,325.000,325.000,275.000,300.000,-1,850.000,675.000,-1,875.000,850.000,-1,-1,2,0,2,0,2,0,0,0,0,2,0,0,2,0,0,2,2
58,1708.157,-6208.689,-285.005,19.713,0.940501,-0.337307,0.041001,0.336985,0.941395,0.014740,-0.043571,-0.000047,0.999050,0,0.40000,0.60000,24.000,1.200,-1,400.000,-1,400.000,-1,325.000,325.000,275.000,275.000,-1,825.000,675.000,-1,900.000,850.000,-1,-1,2,0,2,0,2,0,0,0,0,2,0,0,2,0,0,2,2
59,1735.016,-6198.297,-286.421,21.153,0.931702,-0.360858,0.041385,0.360587,0.932619,0.014097,-0.043683,0.001788,0.999044,0,0.48000,0.72000,28.800,1.440,-1,400.000,-1,425.000,-1,325.000,325.000,275.000,275.000,-1,825.000,700.000,-1,900.000,875.000,-1,-1,2,0,2,0,2,0,0,0,0,2,0,0,2,0,0,2,2
60,1765.983,-6185.258,-288.084,22.833,0.920687,-0.388042,0.041932,0.387833,0.921633,0.013335,-0.043820,0.003985,0.999031,0,0.56000,0.84000,33.600,1.680,-1,400.000,-1,425.000,-1,325.000,325.000,275.000,275.000,-1,825.000,700.000,-1,925.000,875.000,-1,-1,2,0,2,0,2,0,0,0,0,2,0,0,2,0,0,2,2
61,1800.855,-6169.180,-289.994,24.753,0.907122,-0.418697,0.042692,0.418563,0.908102,0.012464,-0.043987,0.006563,0.999011,0,0.64000,0.96000,38.400,1.920,-1,400.000,-1,425.000,-1,325.000,325.000,275.000,275.000,-1,825.000,700.000,-1,925.000,875.000,-1,-1,2,0,2,0,2,0,0,0,0,2,0,0,2,0,0,2,2
62,1837.255,-6150.871,-291.919,26.702,0.892310,-0.449325,0.043476,0.449255,0.893324,0.011926,-0.044197,0.008890,0.998983,0,0.67908,0.97431,40.745,1.949,-1,400.000,-1,425.000,-1,325.000,325.000,275.000,275.000,-1,850.000,725.000,-1,950.000,875.000,-1,-1,2,0,2,0,2,0,0,0,0,2,0,0,2,0,0,2,2
63,1873.059,-6131.309,-293.635,28.651,0.876476,-0.479453,0.043758,0.479417,0.877505,0.011994,-0.044148,0.010466,0.998970,0,0.67999,0.97493,40.799,1.950,-1,425.000,-1,425.000,-1,325.000,350.000,275.000,275.000,-1,850.000,750.000,-1,950.000,900.000,-1,-1,2,0,2,0,2,0,0,0,0,2,0,0,2,0,0,2,2
64,1908.377,-6110.416,-295.515,30.606,0.859545,-0.509095,0.044778,0.509116,0.860617,0.011787,-0.044537,0.012665,0.998927,0,0.68392,0.97743,41.035,1.955,-1,425.000,-1,425.000,-1,325.000,350.000,275.000,275.000,-1,900.000,775.000,-1,975.000,900.000,-1,-1,2,0,2,0,2,0,0,0,0,2,0,0,2,0,0,2,2
65,1943.169,-6088.195,-297.556,32.566,0.841529,-0.538203,0.046554,0.538305,0.842673,0.011385,-0.045357,0.015479,0.998851,0,0.68805,0.97976,41.283,1.960,-1,425.000,-1,425.000,-1,325.000,350.000,275.000,275.000,-1,925.000,825.000,-1,975.000,900.000,-1,-1,2,0,2,0,2,0,0,0,0,2,0,0,2,0,0,2,2
66,1977.393,-6064.647,-299.616,34.530,0.822472,-0.566735,0.048480,0.566926,0.823694,0.011055,-0.046198,0.018392,0.998763,0,0.69237,0.98189,41.542,1.964,-1,425.000,-1,425.000,-1,325.000,350.000,275.000,275.000,-1,975.000,875.000,-1,975.000,900.000,-1,-1,2,0,2,0,2,0,0,0,0,2,0,0,2,0,0,2,2
67,2011.006,-6039.776,-301.693,36.497,0.802396,-0.594647,0.050555,0.594934,0.803702,0.010811,-0.047059,0.021402,0.998663,0,0.69689,0.98382,41.813,1.968,-1,425.000,-1,425.000,-1,325.000,350.000,275.000,275.000,-1,-1,925.000,-1,975.000,900.000,-1,-1,2,0,2,0,2,0,0,0,0,2,2,0,2,0,0,2,2
68,2043.965,-6013.589,-303.783,38.468,0.781321,-0.621895,0.052776,0.622286,0.782717,0.010663,-0.047940,0.024511,0.998549,0,0.70159,0.98554,42.095,1.971,-1,425.000,-1,425.000,-1,350.000,350.000,275.000,275.000,-1,-1,975.000,-1,975.000,900.000,-1,-1,2,0,2,0,2,0,0,0,0,2,2,0,2,0,0,2,2
69,2076.225,-5986.092,-305.965,40.442,0.759287,-0.648440,0.054858,0.648928,0.760773,0.010814,-0.048747,0.027388,0.998436,0,0.70647,0.98704,42.388,1.974,-1,425.000,-1,425.000,-1,350.000,350.000,275.000,275.000,-1,-1,-1,-1,-1,900.000,-1,-1,2,0,2,0,2,0,0,0,0,2,2,2,2,2,0,2,2
70,2107.741,-5957.294,-308.327,42.419,0.736320,-0.674250,0.056740,0.674800,0.737908,0.011722,-0.049772,0.029657,0.998320,0,0.71154,0.98829,42.692,1.977,-1,425.000,-1,425.000,-1,350.000,350.000,275.000,300.000,-1,-1,-1,-1,-1,875.000,-1,-1,2,0,2,0,2,0,0,0,0,2,2,2,2,2,0,2,2
71,2138.469,-5927.205,-310.712,44.398,0.712445,-0.699276,0.058614,0.699889,0.714138,0.012743,-0.050770,0.031944,0.998199,0,0.71677,0.98929,43.006,1.979,-1,425.000,-1,425.000,-1,350.000,350.000,275.000,300.000,-1,-1,-1,-1,-1,875.000,-1,-1,2,0,2,0,2,0,0,0,0,2,2,2,2,2,0,2,2
72,2168.362,-5895.837,-313.116,46.378,0.687695,-0.723478,0.060465,0.724155,0.689498,0.013877,-0.051730,0.034243,0.998074,0,0.72217,0.99003,43.330,1.980,-1,425.000,-1,425.000,-1,350.000,350.000,275.000,300.000,-1,-1,-1,-1,-1,875.000,-1,-1,2,0,2,0,2,0,0,0,0,2,2,2,2,2,0,2,2
73,2200.493,-5860.003,-315.806,48.118,0.665221,-0.744023,0.062537,0.744759,0.667160,0.015230,-0.053053,0.036444,0.997926,0,0.80217,0.87003,48.130,1.740,-1,425.000,-1,425.000,-1,350.000,350.000,275.000,300.000,-1,-1,-1,-1,-1,875.000,-1,-1,2,0,2,0,2,0,0,0,0,2,2,2,2,2,0,2,2
74,2234.786,-5819.683,-318.733,49.618,0.645301,-0.761182,0.064718,0.761948,0.647411,0.017172,-0.054970,0.038231,0.997756,0,0.88217,0.75003,52.930,1.500,-1,425.000,-1,425.000,-1,350.000,350.000,275.000,300.000,-1,-1,-1,-1,-1,875.000,-1,-1,2,0,2,0,2,0,0,0,0,2,2,2,2,2,0,2,2
75,2271.092,-5775.044,-321.755,50.878,0.628161,-0.775213,0.066770,0.775921,0.630498,0.020459,-0.057958,0.038956,0.997559,0,0.95898,0.63003,57.539,1.260,-1,425.000,-1,425.000,-1,350.000,350.000,275.000,300.000,-1,-1,-1,-1,-1,850.000,-1,-1,2,0,2,0,2,0,0,0,0,2,2,2,2,2,0,2,2
76,2306.867,-5729.422,-324.971,51.898,0.614017,-0.786292,0.068765,0.786942,0.616579,0.023499,-0.060876,0.039685,0.997356,0,0.96627,0.51003,57.976,1.020,-1,425.000,-1,425.000,-1,350.000,350.000,275.000,300.000,-1,-1,-1,-1,-1,825.000,-1,-1,2,0,2,0,2,0,0,0,0,2,2,2,2,2,0,2,2
77,2342.284,-5682.967,-328.535,52.678,0.603012,-0.794566,0.071003,0.795226,0.605782,0.025391,-0.063187,0.041152,0.997153,0,0.97359,0.39003,58.415,0.780,-1,425.000,-1,425.000,-1,350.000,350.000,275.000,300.000,-1,-1,-1,-1,-1,825.000,-1,-1,2,0,2,0,2,0,0,0,0,2,2,2,2,2,0,2,2
78,2377.524,-5635.829,-332.412,53.218,0.595166,-0.800175,0.074144,0.800868,0.598216,0.027347,-0.066236,0.043103,0.996873,0,0.98090,0.27003,58.854,0.540,-1,425.000,-1,425.000,-1,325.000,325.000,275.000,300.000,-1,-1,-1,-1,-1,800.000,-1,-1,2,0,2,0,2,0,0,0,0,2,2,2,2,2,0,2,2
79,2412.777,-5588.156,-336.403,53.518,0.590636,-0.803240,0.077168,0.803948,0.593975,0.029335,-0.069399,0.044713,0.996586,0,0.98819,0.15003,59.291,0.300,-1,425.000,-1,425.000,-1,325.000,325.000,275.000,300.000,-1,-1,-1,-1,-1,775.000,-1,-1,2,1,2,0,2,0,0,0,0,2,2,2,2,2,0,2,2
80,2448.237,-5540.098,-340.520,53.578,0.589463,-0.803817,0.080076,0.804519,0.593099,0.031332,-0.072678,0.045954,0.996296,0,0.99540,0.03003,59.724,0.060,-1,-1,-1,400.000,-1,325.000,325.000,300.000,300.000,-1,-1,-1,-1,-1,-1,-1,-1,2,2,2,0,2,0,0,0,0,2,2,2,2,2,2,2,2
81,2484.012,-5491.929,-344.769,53.398,0.591659,-0.801919,0.082862,0.802592,0.595598,0.033309,-0.076063,0.046797,0.996004,0,1.00000,-0.08997,60.000,-0.180,-1,-1,-1,400.000,-1,325.000,325.000,300.000,300.000,-1,-1,-1,-1,-1,-1,-1,-1,2,2,2,0,2,0,0,0,0,2,2,2,2,2,2,2,2
82,2520.140,-5444.025,-349.324,52.978,0.597301,-0.797544,0.084589,0.798120,0.601468,0.035217,-0.078964,0.046477,0.995793,0,1.00000,-0.20997,60.000,-0.420,-1,-1,-1,400.000,-1,-1,325.000,300.000,300.000,-1,-1,-1,-1,-1,-1,-1,-1,2,2,2,0,2,2,0,0,0,2,2,2,2,2,2,2,2
83,2556.817,-5396.540,-354.079,52.318,0.606282,-0.790601,0.085859,0.791037,0.610643,0.037082,-0.081746,0.045436,0.995617,0,1.00000,-0.32997,60.000,-0.660,-1,-1,-1,375.000,-1,-1,325.000,300.000,300.000,-1,-1,-1,-1,-1,-1,-1,-1,2,2,2,0,2,2,0,0,0,2,2,2,2,2,2,2,2
84,2594.236,-5349.637,-358.687,51.418,0.618637,-0.781005,0.085549,0.781206,0.623059,0.038922,-0.083701,0.042752,0.995573,0,1.00000,-0.44997,60.000,-0.900,-1,-1,-1,375.000,-1,-1,325.000,300.000,300.000,-1,-1,-1,-1,-1,-1,-1,-1,2,2,2,0,2,2,1,0,0,2,2,2,2,2,2,2,2
85,2632.530,-5303.443,-366.369,50.346,0.633252,-0.769631,0.081603,0.768070,0.637909,0.056037,-0.095183,0.027191,0.995088,0,1.00000,-0.53599,60.000,-1.072,-1,-1,-1,350.000,-1,-1,525.000,275.000,300.000,-1,-1,-1,-1,-1,-1,-1,-1,2,2,2,0,2,2,1,0,0,2,2,2,2,2,2,2,2
86,2671.666,-5257.958,-375.673,49.291,0.647739,-0.758023,0.076393,0.753699,0.652208,0.081007,-0.111230,0.005106,0.993782,0,1.00000,-0.52765,60.000,-1.055,-1,-1,-1,350.000,975.000,925.000,525.000,225.000,325.000,-1,-1,-1,-1,-1,975.000,-1,-1,2,2,2,1,1,1,1,1,0,2,2,2,2,2,1,2,2
87,2711.611,-5213.180,-386.083,48.254,0.662247,-0.745936,0.070766,0.737909,0.665672,0.111224,-0.130073,-0.021439,0.991273,0,1.00000,-0.51836,60.000,-1.037,-1,-1,-1,375.000,825.000,800.000,475.000,200.000,350.000,-1,-1,-1,-1,-1,875.000,-1,-1,2,2,2,1,0,1,1,1,0,2,2,2,2,2,1,2,2
88,2752.334,-5169.105,-397.554,47.238,0.676893,-0.733184,0.065246,0.720289,0.678026,0.146506,-0.151655,-0.052173,0.987056,0,1.00000,-0.50801,60.000,-1.016,-1,-1,-1,375.000,700.000,700.000,425.000,175.000,375.000,-1,-1,-1,-1,-1,800.000,-1,900.000,2,2,2,1,0,1,1,1,0,2,2,2,2,2,1,2,1
89,2793.801,-5125.725,-410.239,46.245,0.691808,-0.719585,0.059987,0.700491,0.688966,0.186113,-0.175253,-0.086735,0.980695,0,1.00000,-0.49649,60.000,-0.993,-1,-1,-1,375.000,550.000,600.000,400.000,150.000,400.000,-1,-1,-1,-1,-1,725.000,-1,350.000,2,2,2,1,0,1,1,1,0,2,2,2,2,2,1,2,0
90,2835.976,-5083.029,-423.946,45.278,0.707199,-0.704876,0.054953,0.677851,0.698070,0.230687,-0.200967,-0.125891,0.971475,0,1.00000,-0.48367,60.000,-0.967,-1,975.000,-1,350.000,425.000,500.000,350.000,125.000,475.000,550.000,0.000,-1,-1,-1,650.000,-1,225.000,2,1,2,1,0,1,1,1,0,0,0,2,2,2,1,2,0
91,1639.849,2295.802,-1.131,-19.420,0.943276,0.330939,0.026652,-0.326195,0.938721,-0.111355,-0.061871,0.096344,0.993423,1,0.00000,0.00000,55.200,-1.207,-1,400.000,-1,400.000,-1,325.000,325.000,325.000,300.000,-1,450.000,450.000,-1,-1,825.000,-1,-1,2,0,2,0,2,0,0,0,0,2,1,1,2,2,0,2,2
92,1644.383,2294.225,-1.432,-19.180,0.944642,0.326997,0.026920,-0.322242,0.940078,-0.111417,-0.061740,0.096574,0.993409,0,0.08000,0.12000,4.800,0.240,-1,425.000,-1,400.000,-1,325.000,325.000,325.000,300.000,-1,450.000,450.000,-1,-1,825.000,-1,-1,2,0,2,0,2,0,0,0,0,2,1,1,2,2,0,2,2
93,1653.476,2291.148,-2.027,-18.700,0.947324,0.319096,0.027461,-0.314319,0.942743,-0.111533,-0.061478,0.097026,0.993381,0,0.16000,0.24000,9.600,0.480,-1,425.000,-1,400.000,-1,325.000,325.000,325.000,300.000,-1,475.000,450.000,-1,-1,825.000,-1,-1,2,0,2,0,2,0,0,0,0,2,1,1,2,2,0,2,2
94,1667.172,2286.704,-2.900,-17.980,0.951223,0.307204,0.028281,-0.302396,0.946616,-0.111687,-0.061082,0.097687,0.993341,0,0.24000,0.36000,14.400,0.720,-1,425.000,-1,400.000,-1,325.000,325.000,325.000,300.000,-1,475.000,475.000,-1,-1,825.000,-1,-1,2,0,2,0,2,0,0,0,0,2,1,1,2,2,0,2,2
95,1685.531,2281.086,-4.031,-17.020,0.956187,0.291277,0.029391,-0.286426,0.951551,-0.111855,-0.060548,0.098536,0.993290,0,0.32000,0.48000,19.200,0.960,-1,425.000,-1,400.000,-1,325.000,325.000,325.000,300.000,-1,500.000,500.000,-1,-1,825.000,-1,-1,2,0,2,0,2,0,0,0,0,2,1,1,2,2,0,2,2
96,1708.621,2274.544,-5.393,-15.820,0.962014,0.271258,0.030802,-0.266355,0.957345,-0.112005,-0.059870,0.099546,0.993230,0,0.40000,0.60000,24.000,1.200,-1,425.000,-1,400.000,-1,325.000,325.000,325.000,300.000,-1,525.000,525.000,-1,-1,825.000,-1,-1,2,0,2,0,2,0,0,0,0,2,1,1,2,2,0,2,2
97,1735.561,2267.540,-6.900,-14.578,0.967595,0.250414,0.032456,-0.245440,0.962905,-0.112128,-0.059330,0.100528,0.993164,0,0.46393,0.62112,27.836,1.242,-1,425.000,-1,400.000,-1,325.000,325.000,325.000,300.000,-1,550.000,575.000,-1,-1,825.000,-1,-1,2,0,2,0,2,0,0,0,0,2,1,1,2,2,0,2,2
98,1763.156,2260.988,-8.369,-13.358,0.972626,0.229850,0.034163,-0.224799,0.967926,-0.112183,-0.058853,0.101432,0.993100,0,0.47272,0.60954,28.363,1.219,-1,425.000,-1,400.000,-1,325.000,325.000,325.000,300.000,-1,575.000,625.000,-1,-1,800.000,-1,-1,2,0,2,0,2,0,0,0,0,2,1,1,2,2,0,2,2
99,1791.403,2254.901,-9.800,-12.163,0.977130,0.209586,0.035923,-0.204454,0.972428,-0.112169,-0.058442,0.102259,0.993040,0,0.48161,0.59779,28.897,1.196,-1,425.000,-1,400.000,-1,325.000,325.000,325.000,300.000,-1,625.000,700.000,-1,-1,800.000,-1,-1,2,0,2,0,2,0,0,0,0,2,1,1,2,2,0,2,2
100,1820.297,2249.291,-11.190,-10.991,0.981128,0.189642,0.037736,-0.184424,0.976435,-0.112085,-0.058103,0.103010,0.992982,0,0.49058,0.58587,29.435,1.172,-1,425.000,-1,400.000,-1,325.000,325.000,325.000,300.000,-1,650.000,775.000,-1,-1,800.000,-1,-1,2,0,2,0,2,0,0,0,0,2,1,1,2,2,0,2,2
101,1849.832,2244.167,-12.540,-9.844,0.984642,0.170037,0.039600,-0.164729,0.979967,-0.111929,-0.057839,0.103687,0.992927,0,0.49962,0.57377,29.977,1.148,-1,425.000,-1,400.000,-1,325.000,325.000,325.000,300.000,-1,700.000,850.000,-1,-1,800.000,-1,-1,2,0,2,0,2,0,0,0,0,2,1,1,2,2,0,2,2
102,1880.002,2239.540,-13.849,-8.721,0.987694,0.150789,0.041515,-0.145385,0.983049,-0.111701,-0.057654,0.104291,0.992874,0,0.50873,0.56150,30.524,1.123,-1,425.000,-1,400.000,-1,325.000,325.000,325.000,300.000,-1,750.000,975.000,-1,-1,800.000,-1,-1,2,0,2,0,2,0,0,0,0,2,1,1,2,2,0,2,2
103,1910.801,2235.419,-15.116,-7.622,0.990307,0.131914,0.043479,-0.126410,0.985703,-0.111398,-0.057553,0.104822,0.992824,0,0.51790,0.54905,31.074,1.098,-1,425.000,-1,400.000,-1,325.000,325.000,325.000,300.000,-1,800.000,-1,-1,-1,800.000,-1,-1,2,0,2,0,2,0,0,0,0,2,1,2,2,2,0,2,2
104,1942.220,2231.812,-16.521,-6.550,0.992525,0.113438,0.045013,-0.107924,0.988028,-0.110243,-0.056979,0.104561,0.992885,0,0.52711,0.53644,31.627,1.073,-1,450.000,-1,400.000,-1,350.000,325.000,325.000,300.000,-1,875.000,-1,-1,-1,800.000,-1,-1,2,0,2,0,2,0,0,0,0,2,1,2,2,2,0,2,2
105,1974.252,2228.724,-18.293,-5.502,0.994321,0.095380,0.047214,-0.089877,0.990141,-0.107437,-0.056996,0.102583,0.993090,0,0.53637,0.52365,32.182,1.047,-1,450.000,-1,400.000,-1,350.000,325.000,325.000,325.000,-1,950.000,-1,-1,-1,800.000,-1,-1,2,0,2,0,2,0,0,0,0,2,1,2,2,2,0,2,2
106,2006.891,2226.166,-20.443,-4.481,0.995781,0.077720,0.048779,-0.072216,0.991748,-0.105924,-0.056609,0.101955,0.993177,0,0.54567,0.51070,32.740,1.021,-1,450.000,-1,400.000,-1,350.000,325.000,325.000,325.000,-1,-1,-1,-1,-1,825.000,-1,-1,2,0,2,0,2,0,0,0,0,2,2,2,2,2,0,2,2
107,2040.129,2224.141,-22.810,-3.486,0.996888,0.060483,0.050565,-0.054907,0.992935,-0.105194,-0.056570,0.102090,0.993165,0,0.55500,0.49757,33.300,0.995,-1,425.000,-1,400.000,-1,350.000,325.000,325.000,325.000,-1,-1,-1,-1,-1,825.000,-1,-1,2,0,2,0,2,0,0,0,0,2,2,2,2,2,0,2,2
108,2073.957,2222.654,-25.155,-2.517,0.997670,0.043690,0.052403,-0.038040,0.993812,-0.104360,-0.056638,0.102124,0.993158,0,0.56437,0.48427,33.862,0.969,-1,425.000,-1,400.000,-1,325.000,325.000,325.000,300.000,-1,-1,-1,-1,1000.000,800.000,-1,-1,2,0,2,0,2,0,0,0,0,2,2,2,2,0,0,2,2
109,2112.600,2221.447,-27.777,-1.789,0.998030,0.031052,0.054522,-0.025296,0.994333,-0.103260,-0.057419,0.101677,0.993159,0,0.64437,0.36427,38.662,0.729,-1,425.000,-1,400.000,-1,325.000,325.000,300.000,300.000,-1,-1,-1,-1,1000.000,800.000,-1,-1,2,0,2,0,2,0,0,0,0,2,2,2,2,0,0,2,2
110,2156.051,2220.459,-30.681,-1.300,0.998124,0.022574,0.056916,-0.016685,0.994654,-0.101908,-0.058912,0.100768,0.993164,0,0.72437,0.24427,43.462,0.489,-1,425.000,-1,400.000,-1,325.000,325.000,300.000,300.000,-1,-1,-1,-1,975.000,800.000,-1,-1,2,0,2,0,2,0,0,0,0,2,2,2,2,0,0,2,2
111,2202.245,2219.609,-33.742,-1.052,0.998063,0.018262,0.059466,-0.012222,0.994872,-0.100398,-0.060994,0.099477,0.993169,0,0.77003,0.12427,46.202,0.249,-1,425.000,-1,400.000,-1,325.000,325.000,300.000,300.000,-1,-1,-1,-1,950.000,800.000,-1,-1,2,0,2,0,2,0,0,0,0,2,2,2,2,0,0,2,2
112,2251.796,2218.705,-37.018,-1.043,0.997899,0.018117,0.062199,-0.011911,0.995042,-0.098741,-0.063679,0.097792,0.993167,0,0.82598,0.00427,49.559,0.009,-1,425.000,-1,400.000,-1,325.000,325.000,300.000,300.000,-1,-1,-1,-1,950.000,775.000,-1,-1,2,0,2,0,2,0,0,0,0,2,2,2,2,0,0,2,2
113,2301.951,2217.586,-40.343,-1.275,0.997643,0.022141,0.064954,-0.015766,0.995153,-0.097066,-0.066788,0.095814,0.993156,0,0.83611,-0.11573,50.167,-0.231,-1,425.000,-1,400.000,-1,325.000,325.000,300.000,300.000,-1,-1,-1,-1,925.000,775.000,-1,-1,2,0,2,0,2,0,0,0,0,2,2,2,2,0,0,2,2
114,2352.694,2216.036,-43.735,-1.746,0.997243,0.030335,0.067720,-0.023792,0.995153,-0.095415,-0.070286,0.093541,0.993131,0,0.84608,-0.23573,50.765,-0.471,-1,425.000,-1,400.000,-1,325.000,325.000,300.000,300.000,-1,-1,-1,-1,900.000,775.000,-1,-1,2,0,2,0,2,0,0,0,0,2,2,2,2,0,0,2,2
115,2403.999,2213.831,-47.205,-2.457,0.996599,0.042700,0.070484,-0.035993,0.994938,-0.093828,-0.074133,0.090972,0.993090,0,0.85585,-0.35573,51.351,-0.711,-1,425.000,-1,400.000,-1,325.000,325.000,300.000,300.000,-1,-1,-1,-1,875.000,750.000,-1,-1,2,0,2,0,2,0,0,0,0,2,2,2,2,0,0,2,2
116,2455.798,2210.741,-50.763,-3.409,0.995555,0.059231,0.073225,-0.052367,0.994349,-0.092349,-0.078281,0.088104,0.993031,0,0.86483,-0.47573,51.890,-0.951,-1,425.000,-1,375.000,-1,325.000,325.000,325.000,300.000,-1,-1,-1,-1,850.000,750.000,-1,-1,2,0,2,0,2,0,0,0,0,2,2,2,2,0,0,2,2
117,2507.590,2206.746,-54.380,-4.407,0.994172,0.076558,0.075907,-0.069552,0.993420,-0.090994,-0.082374,0.085184,0.992954,0,0.86575,-0.49892,51.945,-0.998,-1,400.000,-1,375.000,-1,325.000,325.000,325.000,300.000,-1,-1,-1,-1,850.000,725.000,-1,-1,2,0,2,0,2,0,0,0,0,2,2,2,2,0,0,2,2
118,2559.331,2201.859,-58.048,-5.393,0.992503,0.093664,0.078521,-0.086534,0.992197,-0.089756,-0.086315,0.082289,0.992864,0,0.86616,-0.49298,51.970,-0.986,-1,400.000,-1,375.000,-1,325.000,325.000,325.000,300.000,-1,-1,-1,-1,825.000,725.000,-1,-1,2,0,2,0,2,0,0,0,0,2,2,2,2,0,0,2,2
119,2610.977,2196.092,-62.025,-6.367,0.990625,0.110548,0.080262,-0.103477,0.990777,-0.087482,-0.089193,0.078356,0.992927,0,0.86609,-0.48691,51.965,-0.974,-1,400.000,-1,375.000,-1,325.000,325.000,325.000,325.000,-1,-1,-1,-1,800.000,725.000,-1,-1,2,0,2,0,2,0,0,0,0,2,2,2,2,0,0,2,2
120,2662.485,2189.465,-66.456,-7.328,0.988600,0.127202,0.080564,-0.120374,0.989117,-0.084600,-0.090449,0.073938,0.993153,0,0.86554,-0.48075,51.932,-0.962,-1,400.000,-1,375.000,-1,325.000,325.000,325.000,325.000,-1,-1,-1,-1,775.000,725.000,-1,-1,2,0,2,0,2,0,0,0,0,2,2,2,2,0,0,2,2
121,2713.816,2181.995,-71.348,-8.277,0.986355,0.143598,0.080525,-0.136911,0.987083,-0.083207,-0.091434,0.071047,0.993273,0,0.86452,-0.47454,51.871,-0.949,-1,400.000,-1,375.000,-1,325.000,325.000,325.000,325.000,-1,-1,-1,-1,775.000,725.000,-1,-1,2,0,2,0,2,0,0,0,0,2,2,2,2,0,0,2,2
122,2764.931,2173.701,-76.282,-9.214,0.983869,0.159747,0.080513,-0.153203,0.984802,-0.081815,-0.092359,0.068160,0.993390,0,0.86305,-0.46833,51.783,-0.937,-1,400.000,-1,375.000,-1,325.000,325.000,325.000,300.000,-1,-1,-1,-1,750.000,725.000,-1,-1,2,0,2,0,2,0,0,0,0,2,2,2,2,0,0,2,2
123,2815.793,2164.604,-81.248,-10.138,0.981153,0.175647,0.080536,-0.169248,0.982287,-0.080421,-0.093236,0.065275,0.993502,0,0.86114,-0.46216,51.669,-0.924,-1,400.000,-1,375.000,-1,325.000,325.000,325.000,300.000,-1,-1,-1,-1,750.000,725.000,-1,-1,2,0,2,0,2,0,0,0,0,2,2,2,2,0,0,2,2
124,2866.367,2154.722,-86.239,-11.054,0.978205,0.191358,0.080604,-0.185107,0.979536,-0.079023,-0.094076,0.062381,0.993609,0,0.85885,-0.45786,51.531,-0.916,-1,400.000,-1,375.000,-1,325.000,325.000,325.000,300.000,-1,-1,-1,-1,750.000,725.000,-1,-1,2,0,2,0,2,0,0,0,0,2,2,2,2,0,0,2,2
125,2916.622,2144.070,-91.249,-11.965,0.975017,0.206943,0.080724,-0.200841,0.976544,-0.077620,-0.094893,0.059468,0.993710,0,0.85619,-0.45544,51.371,-0.911,-1,400.000,-1,375.000,-1,325.000,325.000,325.000,300.000,-1,-1,-1,-1,725.000,725.000,-1,-1,2,0,2,0,2,0,0,0,0,2,2,2,2,0,0,2,2
126,2966.528,2132.665,-96.270,-12.872,0.971591,0.222410,0.080905,-0.216458,0.973313,-0.076211,-0.095696,0.056533,0.993804,0,0.85320,-0.45341,51.192,-0.907,-1,400.000,-1,375.000,-1,325.000,325.000,325.000,300.000,-1,-1,-1,-1,725.000,725.000,-1,-1,2,0,2,0,2,0,0,0,0,2,2,2,2,0,0,2,2
127,3016.058,2120.520,-101.296,-13.775,0.967925,0.237769,0.081156,-0.231969,0.969843,-0.074796,-0.096493,0.053571,0.993891,0,0.84994,-0.45176,50.997,-0.904,-1,400.000,-1,375.000,-1,325.000,325.000,325.000,300.000,-1,-1,-1,-1,725.000,725.000,-1,-1,2,0,2,0,2,0,0,0,0,2,2,2,2,0,0,2,2
128,3065.189,2107.652,-106.322,-14.676,0.964021,0.253029,0.081481,-0.247382,0.966135,-0.073378,-0.097289,0.050581,0.993970,0,0.84647,-0.45049,50.788,-0.901,-1,375.000,-1,375.000,-1,325.000,325.000,325.000,300.000,-1,-1,-1,-1,700.000,725.000,-1,-1,2,0,2,0,2,0,0,0,0,2,2,2,2,0,0,2,2
129,3113.901,2094.072,-111.331,-15.575,0.959881,0.268200,0.081839,-0.262706,0.962186,-0.071995,-0.098053,0.047607,0.994042,0,0.84283,-0.44962,50.570,-0.899,-1,375.000,-1,375.000,-1,325.000,325.000,325.000,300.000,-1,-1,-1,-1,700.000,725.000,-1,-1,2,0,2,0,2,0,0,0,0,2,2,2,2,0,0,2,2
130,3162.180,2079.794,-116.314,-16.474,0.955504,0.283290,0.082218,-0.277948,0.957994,-0.070658,-0.098781,0.044661,0.994106,0,0.83909,-0.44913,50.346,-0.898,-1,375.000,-1,375.000,-1,325.000,325.000,300.000,300.000,-1,-1,-1,-1,700.000,700.000,-1,-1,2,0,2,0,2,0,0,0,0,2,2,2,2,0,0,2,2
131,3210.013,2064.829,-121.234,-17.372,0.950882,0.298306,0.082679,-0.293099,0.953551,-0.069518,-0.099577,0.041870,0.994149,0,0.83532,-0.44904,50.119,-0.898,-1,375.000,-1,375.000,-1,300.000,300.000,300.000,300.000,-1,-1,-1,-1,675.000,700.000,-1,-1,2,0,2,0,2,0,0,0,0,2,2,2,2,0,0,2,2
132,3257.392,2049.187,-125.785,-18.270,0.946149,0.313243,0.081736,-0.308128,0.948810,-0.069406,-0.099293,0.040483,0.994234,0,0.83156,-0.44932,49.894,-0.899,-1,375.000,-1,375.000,-1,300.000,325.000,300.000,300.000,-1,-1,-1,-1,700.000,700.000,-1,-1,2,0,2,0,2,0,0,0,0,2,2,2,2,0,0,2,2
133,3304.310,2032.875,-130.292,-19.170,0.941184,0.328124,0.080672,-0.323106,0.943823,-0.069285,-0.098874,0.039144,0.994330,0,0.82789,-0.44998,49.674,-0.900,-1,375.000,-1,375.000,-1,300.000,325.000,325.000,300.000,-1,-1,-1,-1,700.000,725.000,-1,-1,2,0,2,0,2,0,0,0,0,2,2,2,2,0,0,2,2
134,3350.768,2015.899,-134.869,-20.072,0.935980,0.342959,0.079496,-0.338043,0.938588,-0.069140,-0.098326,0.037840,0.994435,0,0.82436,-0.45102,49.462,-0.902,-1,375.000,-1,375.000,-1,325.000,325.000,325.000,300.000,-1,800.000,-1,-1,700.000,725.000,-1,-1,2,0,2,0,2,0,0,0,0,2,0,2,2,0,0,2,2
135,3396.764,1998.263,-139.583,-20.977,0.930559,0.357752,0.077932,-0.352937,0.933091,-0.069116,-0.097444,0.036812,0.994560,0,0.82102,-0.45241,49.261,-0.905,-1,375.000,-1,375.000,-1,325.000,325.000,325.000,300.000,-1,750.000,800.000,-1,700.000,725.000,-1,-1,2,0,2,0,2,0,0,0,0,2,0,0,2,0,0,2,2
136,3442.302,1979.970,-144.301,-21.885,0.924871,0.372516,0.076454,-0.367820,0.927344,-0.068856,-0.096549,0.035561,0.994693,0,0.81792,-0.45415,49.075,-0.908,-1,375.000,-1,400.000,-1,325.000,325.000,325.000,300.000,-1,725.000,725.000,-1,700.000,725.000,-1,-1,2,0,2,0,2,0,0,0,0,2,0,0,2,0,0,2,2
137,3487.387,1961.019,-149.021,-22.798,0.918910,0.387257,0.075073,-0.382698,0.921342,-0.068346,-0.095635,0.034074,0.994833,0,0.81510,-0.45624,48.906,-0.912,-1,375.000,-1,400.000,-1,325.000,325.000,300.000,300.000,-1,700.000,675.000,-1,700.000,725.000,-1,-1,2,0,2,0,2,0,0,0,0,2,0,0,2,0,0,2,2
