timestep,x_cm,y_cm,z_cm,yaw_deg,basis_xx,basis_xy,basis_xz,basis_yx,basis_yy,basis_yz,basis_zx,basis_zy,basis_zz,teleport_flag,throttle_cmd,steering_cmd,cmd_move_cm,cmd_turn_deg,lidar_cm_0,lidar_cm_1,lidar_cm_2,lidar_cm_3,lidar_cm_4,lidar_cm_5,lidar_cm_6,lidar_cm_7,lidar_cm_8,lidar_cm_9,lidar_cm_10,lidar_cm_11,lidar_cm_12,lidar_cm_13,lidar_cm_14,lidar_cm_15,lidar_cm_16,lidar_class_0,lidar_class_1,lidar_class_2,lidar_class_3,lidar_class_4,lidar_class_5,lidar_class_6,lidar_class_7,lidar_class_8,lidar_class_9,lidar_class_10,lidar_class_11,lidar_class_12,lidar_class_13,lidar_class_14,lidar_class_15,lidar_class_16
0,-983.899,8199.131,40.292,-172.093,-0.989443,0.137408,0.046057,-0.134803,-0.989313,0.055571,0.053200,0.048775,0.997392,1,0.00000,0.00000,-4.800,-0.084,300.000,325.000,-1,475.000,-1,300.000,375.000,400.000,275.000,-1,425.000,275.000,-1,450.000,1000.000,325.000,-1,1,1,2,0,2,1,1,0,0,2,0,0,2,1,0,1,2
1,-988.650,8198.450,40.569,-171.853,-0.988847,0.141546,0.046321,-0.138881,-0.988699,0.056443,0.053787,0.049380,0.997331,0,0.08000,0.12000,4.800,0.240,300.000,300.000,-1,475.000,-1,300.000,375.000,400.000,275.000,-1,425.000,275.000,-1,450.000,1000.000,300.000,-1,1,1,2,0,2,1,1,0,0,2,0,0,2,1,0,1,2
2,-998.142,8197.009,41.129,-171.373,-0.987604,0.149815,0.046841,-0.147025,-0.987418,0.058220,0.054974,0.050612,0.997204,0,0.16000,0.24000,9.600,0.480,300.000,300.000,-1,475.000,-1,300.000,375.000,400.000,275.000,-1,425.000,275.000,1000.000,450.000,1000.000,300.000,-1,1,1,2,0,2,1,1,0,0,2,0,0,0,1,0,1,2
3,-1012.350,8194.668,41.983,-170.653,-0.985610,0.162195,0.047599,-0.159209,-0.985360,0.060968,0.056791,0.052512,0.997004,0,0.24000,0.36000,14.400,0.720,275.000,300.000,-1,475.000,-1,300.000,375.000,425.000,275.000,-1,400.000,250.000,975.000,450.000,-1,300.000,-1,1,1,2,0,2,1,1,1,0,2,0,0,0,1,2,1,2
4,-1031.240,8191.230,43.147,-169.693,-0.982712,0.178656,0.048562,-0.175391,-0.982365,0.064784,0.059279,0.055146,0.996717,0,0.32000,0.48000,19.200,0.960,275.000,300.000,-1,475.000,-1,300.000,375.000,425.000,275.000,-1,400.000,225.000,950.000,450.000,-1,300.000,-1,1,1,2,0,2,1,1,1,0,2,0,0,0,1,2,1,2
5,-1054.770,8186.505,44.649,-168.653,-0.979253,0.196415,0.049848,-0.192767,-0.978763,0.069740,0.062487,0.058684,0.996319,0,0.40000,0.51994,24.000,1.040,275.000,300.000,-1,500.000,-1,275.000,350.000,450.000,275.000,-1,375.000,200.000,875.000,450.000,-1,275.000,-1,1,1,2,0,2,1,1,1,0,2,0,0,0,1,2,1,2
6,-1082.898,8180.321,46.517,-167.610,-0.975446,0.214128,0.051522,-0.209964,-0.974754,0.075959,0.066487,0.063276,0.995779,0,0.48000,0.52120,28.800,1.042,275.000,300.000,-1,500.000,-1,275.000,350.000,450.000,275.000,-1,350.000,175.000,825.000,425.000,-1,275.000,-1,1,1,2,0,2,1,1,1,0,2,0,0,0,1,2,1,2
7,-1115.577,8172.507,48.782,-166.564,-0.971284,0.231812,0.053577,-0.226967,-0.970307,0.083610,0.071368,0.069049,0.995057,0,0.56000,0.52342,33.600,1.047,250.000,275.000,-1,525.000,-1,275.000,350.000,475.000,275.000,-1,325.000,150.000,725.000,425.000,-1,275.000,-1,1,1,2,0,2,1,1,1,0,2,0,0,0,1,2,1,2
8,-1152.754,8162.890,51.480,-165.510,-0.966759,0.249482,0.056000,-0.243746,-0.965380,0.092893,0.077237,0.076156,0.994100,0,0.64000,0.52671,38.400,1.053,250.000,275.000,-1,525.000,-1,275.000,350.000,475.000,250.000,-1,300.000,125.000,650.000,425.000,-1,250.000,-1,1,1,2,0,2,1,1,1,0,2,0,0,0,1,2,1,2
9,-1194.369,8151.295,54.654,-164.448,-0.961860,0.267153,0.058776,-0.260256,-0.959918,0.104041,0.084215,0.084776,0.992835,0,0.72000,0.53121,43.200,1.062,250.000,275.000,-1,525.000,-1,275.000,350.000,475.000,250.000,-1,275.000,100.000,575.000,450.000,-1,250.000,-1,1,1,2,1,2,1,1,1,0,2,0,0,0,1,2,1,2
10,-1240.358,8137.545,58.352,-163.373,-0.956577,0.284835,0.061879,-0.276432,-0.953845,0.117323,0.092441,0.095124,0.991164,0,0.80000,0.53712,48.000,1.074,225.000,275.000,-1,525.000,-1,275.000,350.000,500.000,250.000,-1,250.000,75.000,500.000,450.000,-1,225.000,-1,1,1,2,1,2,1,1,1,0,2,0,0,0,1,2,1,2
11,-1290.649,8121.457,62.485,-162.284,-0.950945,0.302518,0.064705,-0.292185,-0.947005,0.133453,0.101648,0.108000,0.988941,0,0.88000,0.54471,52.800,1.089,225.000,300.000,-1,500.000,-1,275.000,350.000,525.000,250.000,-1,250.000,75.000,425.000,450.000,-1,200.000,-1,1,1,2,1,2,1,1,1,0,2,0,0,0,1,2,1,2
12,-7439.738,6560.419,133.889,42.295,0.736612,-0.672604,-0.070755,0.673032,0.739310,-0.021187,0.066561,-0.032014,0.997269,1,0.00000,0.00000,57.600,1.109,-1,325.000,-1,275.000,-1,250.000,250.000,325.000,400.000,-1,175.000,225.000,-1,525.000,500.000,-1,-1,2,1,2,1,2,1,1,0,0,2,0,0,2,1,1,2,2
13,-7436.201,6563.664,134.264,42.535,0.733694,-0.675682,-0.071736,0.676120,0.736472,-0.021687,0.067485,-0.032591,0.997188,0,0.08000,0.12000,4.800,0.240,-1,325.000,-1,275.000,-1,250.000,250.000,325.000,400.000,-1,175.000,225.000,-1,525.000,500.000,-1,-1,2,1,2,1,2,1,1,0,0,2,0,0,2,1,1,2,2
14,-7429.182,6570.214,135.016,43.015,0.727813,-0.681801,-0.073718,0.682260,0.730757,-0.022704,0.069350,-0.033771,0.997021,0,0.16000,0.24000,9.600,0.480,-1,325.000,-1,275.000,-1,250.000,250.000,325.000,400.000,-1,175.000,225.000,-1,525.000,525.000,-1,-1,2,1,2,1,2,1,1,0,0,2,0,0,2,1,1,2,2
15,-7418.775,6580.167,136.152,43.723,0.719022,-0.690738,-0.076730,0.691228,0.722229,-0.024285,0.072191,-0.035576,0.996756,0,0.24000,0.35411,14.400,0.708,-1,325.000,-1,275.000,-1,250.000,250.000,325.000,400.000,-1,175.000,200.000,-1,525.000,525.000,-1,-1,2,1,2,1,2,1,1,0,0,2,0,0,2,1,1,2,2
16,-3607.626,4263.559,138.693,-90.639,-0.010760,0.999798,0.017003,-0.999680,-0.011144,0.022688,0.022872,-0.016753,0.999598,1,0.00000,0.00000,19.200,0.686,-1,400.000,700.000,400.000,725.000,325.000,325.000,300.000,300.000,-1,-1,-1,-1,550.000,525.000,900.000,625.000,2,1,1,1,1,0,0,0,0,2,2,2,2,1,1,1,1
17,-3607.700,4258.759,138.800,-90.879,-0.014950,0.999745,0.016933,-0.999626,-0.015332,0.022660,0.022913,-0.016588,0.999600,0,0.08000,-0.12000,4.800,-0.240,-1,375.000,700.000,400.000,725.000,325.000,325.000,300.000,300.000,-1,-1,-1,-1,525.000,525.000,875.000,625.000,2,1,1,1,1,0,0,0,0,2,2,2,2,1,1,1,1
18,-3607.928,4249.162,139.016,-91.359,-0.023330,0.999587,0.016794,-0.999463,-0.023707,0.022603,0.022992,-0.016258,0.999603,0,0.16000,-0.24000,9.600,-0.480,-1,375.000,700.000,400.000,700.000,325.000,325.000,300.000,300.000,-1,-1,-1,-1,525.000,525.000,800.000,600.000,2,1,1,1,1,0,0,0,0,2,2,2,2,1,1,1,1
19,-3608.450,4234.771,139.342,-92.079,-0.035897,0.999218,0.016584,-0.999089,-0.036266,0.022515,0.023099,-0.015761,0.999609,0,0.24000,-0.36000,14.400,-0.720,-1,375.000,675.000,375.000,700.000,325.000,325.000,300.000,300.000,-1,-1,-1,-1,525.000,500.000,750.000,600.000,2,1,1,1,1,0,0,0,0,2,2,2,2,1,1,1,1
20,-3609.467,4215.598,139.782,-93.037,-0.052609,0.998482,0.016303,-0.998345,-0.052968,0.022394,0.023224,-0.015098,0.999616,0,0.32000,-0.47899,19.200,-0.958,-1,350.000,675.000,375.000,700.000,325.000,325.000,300.000,300.000,-1,-1,-1,-1,500.000,500.000,675.000,600.000,2,1,1,1,1,1,1,0,0,2,2,2,2,1,1,1,1
21,-3611.137,4191.656,140.339,-93.990,-0.069230,0.997473,0.015952,-0.997329,-0.069576,0.022238,0.023291,-0.014370,0.999625,0,0.40000,-0.47673,24.000,-0.953,-1,350.000,650.000,375.000,675.000,300.000,325.000,300.000,300.000,-1,-1,-1,-1,475.000,475.000,625.000,575.000,2,1,1,1,1,1,1,0,0,2,2,2,2,1,1,1,1
22,-3613.617,4162.963,141.014,-94.939,-0.085749,0.996196,0.015531,-0.996044,-0.086080,0.022042,0.023296,-0.013580,0.999636,0,0.48000,-0.47427,28.800,-0.949,-1,325.000,625.000,350.000,650.000,300.000,300.000,300.000,300.000,-1,-1,-1,-1,450.000,475.000,575.000,550.000,2,1,1,1,1,1,1,0,0,2,2,2,2,1,1,1,1
23,-3617.060,4129.540,141.809,-95.882,-0.102153,0.994655,0.015039,-0.994497,-0.102466,0.021807,0.023231,-0.012729,0.999649,0,0.56000,-0.47155,33.600,-0.943,-1,325.000,600.000,325.000,625.000,275.000,300.000,300.000,300.000,-1,-1,-1,-1,425.000,450.000,500.000,525.000,2,1,1,1,1,1,1,0,0,2,2,2,2,1,1,1,1
24,-3621.619,4091.412,142.721,-96.819,-0.118425,0.992857,0.014474,-0.992694,-0.118720,0.021528,0.023092,-0.011818,0.999663,0,0.64000,-0.46851,38.400,-0.937,-1,300.000,550.000,325.000,575.000,250.000,275.000,300.000,300.000,-1,-1,-1,-1,400.000,425.000,450.000,475.000,2,1,1,1,1,1,1,0,0,2,2,2,2,1,1,1,1
25,-3627.444,4048.606,143.751,-97.749,-0.134549,0.990810,0.013833,-0.990643,-0.134823,0.021204,0.022874,-0.010851,0.999679,0,0.72000,-0.46506,43.200,-0.930,550.000,275.000,525.000,300.000,525.000,250.000,250.000,300.000,300.000,-1,-1,-1,-1,350.000,400.000,400.000,450.000,1,1,1,1,1,1,1,0,0,2,2,2,2,1,1,1,1
26,-3634.681,4001.155,144.896,-98.671,-0.150503,0.988523,0.013115,-0.988352,-0.150754,0.020832,0.022570,-0.009827,0.999697,0,0.80000,-0.46110,48.000,-0.922,425.000,250.000,475.000,275.000,475.000,225.000,225.000,300.000,300.000,-1,-1,-1,-1,325.000,375.000,325.000,400.000,1,1,1,1,1,1,1,0,0,2,2,2,2,1,1,1,1
27,-3643.472,3949.092,147.627,-99.584,-0.166361,0.986039,0.007179,-0.985689,-0.166494,0.026405,0.027232,-0.002684,0.999626,0,0.88000,-0.45652,52.800,-0.913,375.000,225.000,425.000,250.000,425.000,200.000,225.000,325.000,300.000,-1,-1,-1,-1,275.000,325.000,275.000,350.000,1,1,1,1,1,1,1,0,0,2,2,2,2,1,1,1,1
28,-3653.952,3892.452,152.877,-100.486,-0.182428,0.983194,-0.007037,-0.982410,-0.181983,0.041869,0.039885,0.014552,0.999098,0,0.96000,-0.45116,57.600,-0.902,400.000,200.000,425.000,225.000,375.000,175.000,200.000,350.000,300.000,-1,-1,-1,-1,275.000,325.000,275.000,325.000,1,1,1,1,1,1,1,0,0,2,2,2,2,1,1,1,1
29,-3665.785,3833.627,162.288,-101.376,-0.198084,0.980164,-0.006409,-0.978023,-0.197209,0.067671,0.065065,0.019673,0.997687,0,1.00000,-0.44482,60.000,-0.890,500.000,200.000,475.000,250.000,425.000,200.000,200.000,400.000,300.000,-1,350.000,225.000,-1,275.000,325.000,300.000,350.000,1,1,1,1,1,1,1,0,0,2,0,0,2,1,1,1,1
30,-3678.515,3774.987,172.741,-102.251,-0.213368,0.976968,-0.002619,-0.972510,-0.212137,0.096035,0.093267,0.023038,0.995375,0,1.00000,-0.43744,60.000,-0.875,-1,225.000,525.000,250.000,-1,200.000,225.000,425.000,325.000,-1,200.000,125.000,875.000,275.000,375.000,325.000,400.000,2,1,1,1,2,1,1,1,0,2,0,0,0,1,1,1,1
31,-4919.492,-6887.288,254.596,-172.360,-0.991080,0.132944,-0.009330,-0.132891,-0.991112,-0.006081,-0.010056,-0.004787,0.999938,1,0.00000,0.00000,60.000,-0.858,-1,375.000,-1,375.000,-1,325.000,325.000,300.000,300.000,750.000,375.000,375.000,-1,725.000,725.000,-1,-1,2,0,2,0,2,0,0,0,0,1,1,1,2,0,0,2,2
32,-4924.252,-6887.907,254.548,-172.600,-0.991629,0.128791,-0.009225,-0.128739,-0.991660,-0.006041,-0.009927,-0.004803,0.999939,0,0.08000,-0.12000,4.800,-0.240,-1,375.000,-1,375.000,-1,325.000,325.000,300.000,300.000,750.000,375.000,400.000,-1,725.000,725.000,-1,-1,2,0,2,0,2,0,0,0,0,1,1,1,2,0,0,2,2
33,-4933.782,-6889.063,254.452,-173.080,-0.992675,0.120479,-0.009016,-0.120428,-0.992704,-0.005963,-0.009669,-0.004834,0.999942,0,0.16000,-0.24000,9.600,-0.480,-1,375.000,-1,375.000,-1,325.000,325.000,300.000,300.000,775.000,375.000,400.000,-1,725.000,725.000,-1,-1,2,0,2,0,2,0,0,0,0,1,1,1,2,0,0,2,2
34,-4948.097,-6890.618,254.308,-173.800,-0.994113,0.107995,-0.008703,-0.107947,-0.994139,-0.005851,-0.009284,-0.004877,0.999945,0,0.24000,-0.36000,14.400,-0.720,-1,375.000,-1,375.000,-1,325.000,325.000,300.000,300.000,800.000,400.000,400.000,-1,725.000,725.000,-1,-1,2,0,2,0,2,0,0,0,0,1,1,1,2,0,0,2,2
35,-4967.217,-6892.372,254.117,-174.760,-0.995787,0.091324,-0.008285,-0.091278,-0.995809,-0.005712,-0.008772,-0.004931,0.999949,0,0.32000,-0.48000,19.200,-0.960,-1,375.000,-1,375.000,-1,325.000,325.000,300.000,300.000,875.000,425.000,425.000,-1,725.000,750.000,-1,-1,2,0,2,0,2,0,0,0,0,1,1,1,2,0,0,2,2
36,-4991.158,-6894.063,253.881,-175.960,-0.997485,0.070449,-0.007765,-0.070407,-0.997503,-0.005552,-0.008137,-0.004991,0.999954,0,0.40000,-0.60000,24.000,-1.200,-1,375.000,-1,400.000,-1,325.000,325.000,300.000,300.000,975.000,450.000,450.000,-1,725.000,750.000,-1,-1,2,0,2,0,2,0,0,0,0,1,1,1,2,0,0,2,2
37,-5019.925,-6895.436,253.599,-177.267,-0.998837,0.047674,-0.007145,-0.047636,-0.998850,-0.005380,-0.007393,-0.005033,0.999960,0,0.48000,-0.65363,28.800,-1.307,-1,375.000,-1,400.000,-1,325.000,325.000,300.000,300.000,-1,475.000,475.000,-1,725.000,750.000,-1,-1,2,0,2,0,2,0,0,0,0,2,1,1,2,0,0,2,2
38,-5052.120,-6896.223,253.288,-178.599,-0.999680,0.024448,-0.006456,-0.024414,-0.999688,-0.005209,-0.006581,-0.005050,0.999966,0,0.53675,-0.66583,32.205,-1.332,-1,375.000,-1,400.000,-1,325.000,325.000,300.000,300.000,-1,500.000,500.000,-1,725.000,750.000,-1,-1,2,0,2,0,2,0,0,0,0,2,1,1,2,0,0,2,2
39,-5084.900,-6896.247,252.973,-179.958,-0.999983,0.000732,-0.005761,-0.000702,-0.999987,-0.005062,-0.005764,-0.005058,0.999971,0,0.54633,-0.67949,32.780,-1.359,-1,375.000,-1,400.000,-1,325.000,325.000,300.000,300.000,-1,525.000,525.000,-1,725.000,750.000,-1,-1,2,0,2,0,2,0,0,0,0,2,1,1,2,0,0,2,2
40,-5118.262,-6895.340,252.654,-181.557,-0.999618,-0.027172,-0.005059,0.027197,-0.999618,-0.004952,-0.004923,-0.005088,0.999975,0,0.55623,-0.79949,33.374,-1.599,-1,375.000,-1,400.000,-1,325.000,325.000,300.000,300.000,-1,575.000,550.000,-1,725.000,750.000,-1,-1,2,0,2,0,2,0,0,0,0,2,1,1,2,0,0,2,2
41,-5152.189,-6893.327,252.330,-183.396,-0.998234,-0.059237,-0.004355,0.059258,-0.998231,-0.004888,-0.004058,-0.005137,0.999979,0,0.56645,-0.91949,33.987,-1.839,-1,375.000,-1,400.000,-1,325.000,325.000,300.000,300.000,-1,600.000,600.000,-1,725.000,750.000,-1,-1,2,0,2,0,2,0,0,0,0,2,1,1,2,0,0,2,2
42,-5186.656,-6890.071,252.000,-185.396,-0.995562,-0.094039,-0.003653,0.094056,-0.995555,-0.004872,-0.003178,-0.005194,0.999981,0,0.57701,-1.00000,34.621,-2.000,-1,375.000,-1,400.000,-1,325.000,325.000,300.000,300.000,-1,625.000,625.000,-1,725.000,775.000,-1,-1,2,0,2,0,2,0,0,0,0,2,1,1,2,0,0,2,2
43,-5221.638,-6885.530,251.736,-187.396,-0.991675,-0.128726,-0.003128,0.128739,-0.991668,-0.004592,-0.002511,-0.004957,0.999985,0,0.58792,-1.00000,35.275,-2.000,-1,375.000,-1,400.000,-1,325.000,325.000,300.000,300.000,-1,675.000,650.000,-1,750.000,775.000,-1,-1,2,0,2,0,2,0,0,0,0,2,1,1,2,0,0,2,2
44,-5257.102,-6879.661,251.583,-189.396,-0.986580,-0.163257,-0.002725,0.163266,-0.986575,-0.003841,-0.002061,-0.004234,0.999989,0,0.59911,-1.00000,35.947,-2.000,-1,375.000,-1,400.000,-1,325.000,325.000,300.000,300.000,-1,725.000,700.000,-1,750.000,775.000,-1,-1,2,0,2,0,2,0,0,0,0,2,1,1,2,0,0,2,2
45,-5293.011,-6872.423,251.470,-191.396,-0.980282,-0.197589,-0.002413,0.197596,-0.980278,-0.003208,-0.001732,-0.003622,0.999992,0,0.61052,-1.00000,36.631,-2.000,-1,375.000,-1,400.000,-1,325.000,325.000,300.000,300.000,-1,775.000,750.000,-1,750.000,775.000,-1,-1,2,0,2,0,2,0,0,0,0,2,1,1,2,0,0,2,2
46,-5329.322,-6863.776,251.438,-193.396,-0.972789,-0.231680,-0.002269,0.231686,-0.972787,-0.002827,-0.001553,-0.003276,0.999993,0,0.62211,-1.00000,37.327,-2.000,-1,375.000,-1,400.000,-1,325.000,325.000,300.000,300.000,-1,825.000,775.000,-1,750.000,775.000,-1,-1,2,0,2,0,2,0,0,0,0,2,1,1,2,0,0,2,2
47,-5365.987,-6853.679,251.426,-195.396,-0.964112,-0.265489,-0.002082,0.265493,-0.964109,-0.002502,-0.001343,-0.002965,0.999995,0,0.63383,-1.00000,38.030,-2.000,-1,375.000,-1,400.000,-1,325.000,325.000,300.000,300.000,-1,875.000,825.000,-1,750.000,775.000,-1,-1,2,0,2,0,2,0,0,0,0,2,1,1,2,0,0,2,2
48,-5402.954,-6842.097,251.417,-197.396,-0.954259,-0.298974,-0.001880,0.298978,-0.954258,-0.002172,-0.001145,-0.002635,0.999996,0,0.64564,-1.00000,38.738,-2.000,-1,400.000,-1,400.000,-1,325.000,325.000,300.000,300.000,-1,925.000,875.000,-1,750.000,775.000,-1,-1,2,0,2,0,2,0,0,0,0,2,1,1,2,0,0,2,2
49,-5444.021,-6827.638,251.410,-199.396,-0.943244,-0.332095,-0.001645,0.332098,-0.943243,-0.001809,-0.000951,-0.002253,0.999997,0,0.72564,-1.00000,43.538,-2.000,-1,400.000,-1,400.000,-1,325.000,325.000,300.000,300.000,-1,975.000,925.000,-1,750.000,775.000,-1,-1,2,0,2,0,2,0,0,0,0,2,1,1,2,0,0,2,2
50,-5487.189,-6810.725,251.405,-201.396,-0.931080,-0.364812,-0.001379,0.364814,-0.931079,-0.001424,-0.000765,-0.001829,0.999998,0,0.77271,-1.00000,46.363,-2.000,-1,400.000,-1,400.000,-1,325.000,325.000,300.000,300.000,-1,-1,1000.000,-1,750.000,775.000,-1,-1,2,0,2,0,2,0,0,0,0,2,2,1,2,0,0,2,2
51,-5530.480,-6791.994,251.400,-203.396,-0.917781,-0.397084,-0.001085,0.397085,-0.917781,-0.001033,-0.000586,-0.001379,0.999999,0,0.78616,-1.00000,47.170,-2.000,-1,400.000,-1,400.000,-1,325.000,325.000,300.000,300.000,-1,-1,-1,-1,750.000,800.000,-1,-1,2,0,2,0,2,0,0,0,0,2,2,2,2,0,0,2,2
52,-5573.816,-6771.420,251.375,-205.396,-0.903365,-0.428873,-0.000854,0.428873,-0.903364,-0.000682,-0.000479,-0.000982,0.999999,0,0.79953,-1.00000,47.972,-2.000,-1,400.000,-1,400.000,-1,325.000,325.000,300.000,300.000,-1,-1,-1,-1,775.000,800.000,-1,-1,2,0,2,0,2,0,0,0,0,2,2,2,2,0,0,2,2
53,-5617.113,-6748.981,251.296,-207.396,-0.887847,-0.460139,-0.000833,0.460139,-0.887847,-0.000430,-0.000542,-0.000765,1.000000,0,0.81277,-1.00000,48.766,-2.000,-1,400.000,-1,400.000,-1,325.000,325.000,300.000,300.000,-1,-1,-1,-1,775.000,800.000,-1,-1,2,0,2,0,2,0,0,0,0,2,2,2,2,0,0,2,2
54,-5660.285,-6724.659,251.202,-209.396,-0.871247,-0.490844,-0.000840,0.490844,-0.871247,-0.000178,-0.000645,-0.000568,1.000000,0,0.82586,-1.00000,49.551,-2.000,-1,400.000,-1,400.000,-1,325.000,325.000,300.000,300.000,-1,-1,-1,-1,775.000,800.000,-1,-1,2,0,2,0,2,0,0,0,0,2,2,2,2,0,0,2,2
55,-5703.242,-6698.442,251.092,-211.396,-0.853586,-0.520951,-0.000875,0.520951,-0.853587,0.000077,-0.000787,-0.000390,1.000000,0,0.83875,-1.00000,50.325,-2.000,-1,400.000,-1,400.000,-1,325.000,325.000,300.000,300.000,-1,-1,-1,-1,775.000,800.000,-1,-1,2,0,2,0,2,0,0,0,0,2,2,2,2,0,0,2,2
56,-5745.893,-6670.323,250.997,-213.396,-0.834885,-0.550423,-0.000952,0.550423,-0.834886,0.000514,-0.001078,-0.000095,0.999999,0,0.85143,-1.00000,51.086,-2.000,-1,400.000,-1,400.000,-1,325.000,325.000,300.000,300.000,-1,-1,-1,-1,775.000,800.000,-1,-1,2,0,2,0,2,0,0,0,0,2,2,2,2,0,0,2,2
57,-5789.081,-6639.635,250.889,-215.396,-0.815167,-0.579225,-0.001045,0.579224,-0.815168,0.001009,-0.001436,0.000217,0.999999,0,0.88301,-1.00000,52.981,-2.000,-1,400.000,-1,400.000,-1,325.000,325.000,300.000,300.000,-1,-1,-1,-1,750.000,800.000,-1,-1,2,0,2,0,2,0,0,0,0,2,2,2,2,0,0,2,2
58,-5831.800,-6606.979,250.733,-217.396,-0.794456,-0.607321,-0.001186,0.607319,-0.794456,0.001641,-0.001939,0.000584,0.999998,0,0.89619,-1.00000,53.771,-2.000,-1,400.000,-1,400.000,-1,325.000,325.000,300.000,300.000,-1,-1,-1,-1,750.000,800.000,-1,-1,2,0,2,0,2,0,0,0,0,2,2,2,2,0,0,2,2
59,-5873.681,-6572.582,250.532,-219.396,-0.772776,-0.634677,-0.001292,0.634673,-0.772777,0.002482,-0.002574,0.001098,0.999996,0,0.90326,-1.00000,54.196,-2.000,-1,400.000,-1,400.000,-1,325.000,325.000,300.000,300.000,-1,-1,-1,-1,750.000,800.000,-1,-1,2,0,2,0,2,0,0,0,0,2,2,2,2,0,0,2,2
60,-5914.634,-6536.482,250.323,-221.396,-0.750156,-0.661259,-0.001290,0.661253,-0.750155,0.003411,-0.003223,0.001706,0.999993,0,0.90987,-1.00000,54.592,-2.000,-1,400.000,-1,400.000,-1,325.000,325.000,300.000,300.000,-1,-1,-1,-1,775.000,800.000,-1,-1,2,0,2,0,2,0,0,0,0,2,2,2,2,0,1,2,2
61,-5954.599,-6498.695,250.107,-223.396,-0.726623,-0.687036,-0.001169,0.687026,-0.726620,0.004419,-0.003885,0.002407,0.999990,0,0.91668,-1.00000,55.001,-2.000,-1,400.000,-1,400.000,-1,325.000,325.000,300.000,300.000,-1,-1,-1,-1,775.000,-1,-1,-1,2,0,2,0,2,0,0,0,0,2,2,2,2,0,2,2,2
62,-5993.515,-6459.237,249.888,-225.396,-0.702205,-0.711974,-0.001042,0.711961,-0.702199,0.005387,-0.004567,0.003041,0.999985,0,0.92368,-1.00000,55.421,-2.000,-1,400.000,-1,400.000,-1,325.000,325.000,300.000,300.000,-1,-1,-1,-1,775.000,-1,-1,-1,2,0,2,0,2,0,0,0,0,2,2,2,2,0,2,2,2
63,-6031.322,-6418.127,249.630,-227.396,-0.676931,-0.736046,-0.000960,0.736029,-0.676923,0.006112,-0.005149,0.003431,0.999981,0,0.93085,-1.00000,55.851,-2.000,-1,400.000,-1,400.000,-1,325.000,325.000,300.000,300.000,-1,-1,-1,-1,775.000,-1,-1,-1,2,0,2,0,2,0,0,0,0,2,2,2,2,0,2,2,2
64,-6067.958,-6375.389,249.351,-229.396,-0.650833,-0.759221,-0.000777,0.759200,-0.650822,0.006831,-0.005692,0.003856,0.999976,0,0.93819,-1.00000,56.292,-2.000,-1,400.000,-1,400.000,-1,325.000,325.000,300.000,300.000,-1,-1,-1,-1,775.000,-1,-1,-1,2,0,2,0,2,0,0,0,0,2,2,2,2,0,2,2,2
65,-6103.361,-6331.048,249.050,-231.396,-0.623942,-0.781470,-0.000497,0.781446,-0.623928,0.007530,-0.006195,0.004310,0.999972,0,0.94568,-1.00000,56.741,-2.000,-1,400.000,-1,400.000,-1,325.000,325.000,300.000,300.000,-1,-1,-1,-1,800.000,-1,-1,-1,2,0,2,0,2,0,0,0,0,2,2,2,2,0,2,2,2
66,-6137.466,-6285.131,248.581,-233.396,-0.596289,-0.802769,-0.000886,0.802738,-0.596275,0.008225,-0.007131,0.004193,0.999966,0,0.95329,-1.00000,57.198,-2.000,-1,400.000,-1,400.000,-1,325.000,325.000,300.000,300.000,-1,-1,-1,-1,800.000,-1,-1,-1,2,0,2,0,2,0,0,0,0,2,2,2,2,0,2,2,2
67,-6170.212,-6237.670,248.030,-235.396,-0.567907,-0.823091,-0.001503,0.823052,-0.567896,0.008952,-0.008222,0.003846,0.999959,0,0.96102,-1.00000,57.661,-2.000,-1,400.000,-1,400.000,-1,325.000,325.000,300.000,300.000,-1,-1,-1,-1,-1,-1,-1,-1,2,0,2,1,2,0,0,0,0,2,2,2,2,2,2,2,2
68,-6201.534,-6188.701,247.433,-237.396,-0.538832,-0.842410,-0.002129,0.842362,-0.538826,0.009677,-0.009299,0.003420,0.999951,0,0.96882,-1.00000,58.129,-2.000,-1,400.000,-1,425.000,-1,325.000,325.000,300.000,300.000,-1,-1,-1,-1,-1,-1,-1,-1,2,0,2,1,2,0,0,0,0,2,2,2,2,2,2,2,2
69,-6231.368,-6138.263,246.809,-239.396,-0.509100,-0.860703,-0.002736,0.860645,-0.509098,0.010474,-0.010408,0.002978,0.999941,0,0.97668,-1.00000,58.601,-2.000,-1,400.000,-1,475.000,-1,325.000,325.000,300.000,300.000,-1,-1,-1,-1,-1,-1,-1,-1,2,0,2,1,2,0,1,0,0,2,2,2,2,2,2,2,2
70,-6259.649,-6086.400,246.168,-241.396,-0.478746,-0.877947,-0.003296,0.877877,-0.478751,0.011383,-0.011571,0.002556,0.999930,0,0.98455,-1.00000,59.073,-2.000,-1,400.000,-1,500.000,-1,325.000,375.000,300.000,300.000,-1,-1,-1,-1,-1,-1,-1,-1,2,0,2,1,2,0,1,0,0,2,2,2,2,2,2,2,2
71,-6286.314,-6033.160,245.482,-243.396,-0.447810,-0.894121,-0.003660,0.894038,-0.447819,0.012365,-0.012695,0.002265,0.999917,0,0.99239,-1.00000,59.544,-2.000,-1,-1,-1,550.000,-1,425.000,425.000,300.000,300.000,-1,-1,-1,-1,-1,-1,-1,-1,2,2,2,1,2,1,1,0,0,2,2,2,2,2,2,2,2
72,-6311.302,-5978.611,244.752,-245.389,-0.416450,-0.909151,-0.003808,0.909054,-0.416462,0.013394,-0.013763,0.002116,0.999903,0,1.00000,-0.99623,60.000,-1.992,-1,-1,-1,575.000,-1,-1,525.000,300.000,300.000,-1,-1,-1,-1,-1,-1,-1,-1,2,2,2,1,2,2,1,0,0,2,2,2,2,2,2,2,2
73,-6334.388,-5923.230,244.047,-247.370,-0.384755,-0.923010,-0.003932,0.922901,-0.384770,0.014307,-0.014719,0.001876,0.999890,0,1.00000,-0.99098,60.000,-1.982,-1,-1,-1,600.000,-1,-1,825.000,300.000,300.000,-1,-1,-1,-1,-1,-1,-1,-1,2,2,2,1,2,2,1,0,0,2,2,2,2,2,2,2,2
74,-6355.557,-5867.089,243.210,-249.340,-0.352805,-0.935690,-0.003654,0.935560,-0.352817,0.015756,-0.016032,0.002140,0.999869,0,1.00000,-0.98487,60.000,-1.970,-1,-1,-1,600.000,-1,-1,825.000,300.000,300.000,-1,-1,-1,-1,-1,-1,-1,-1,2,2,2,1,2,2,1,0,0,2,2,2,2,2,2,2,2
75,-6374.798,-5810.257,242.160,-251.296,-0.320675,-0.947184,-0.003234,0.947031,-0.320681,0.017209,-0.017337,0.002455,0.999847,0,1.00000,-0.97779,60.000,-1.956,-1,-1,-1,600.000,-1,-1,825.000,300.000,300.000,-1,-1,-1,-1,-1,-1,-1,-1,2,2,2,1,2,2,1,0,0,2,2,2,2,2,2,2,2
76,-6392.108,-5752.808,236.004,-253.235,-0.287684,-0.957346,-0.026946,0.957099,-0.288400,0.028059,-0.034634,-0.017718,0.999243,0,1.00000,-0.96966,60.000,-1.939,-1,-1,-1,550.000,-1,-1,700.000,250.000,300.000,-1,-1,-1,-1,-1,-1,-1,-1,2,2,2,1,2,2,1,0,0,2,2,2,2,2,2,2,2
77,-6407.494,-5694.811,228.447,-255.156,-0.253410,-0.965708,-0.056494,0.965719,-0.255948,0.043338,-0.056311,-0.043575,0.997462,0,1.00000,-0.96035,60.000,-1.921,-1,-1,-1,500.000,-1,850.000,575.000,200.000,325.000,-1,-1,-1,-1,-1,850.000,-1,925.000,2,2,2,1,2,1,1,0,0,2,2,2,2,2,1,2,1
78,-6420.962,-5636.338,220.805,-257.055,-0.217981,-0.972186,-0.085664,0.972831,-0.223460,0.060541,-0.078000,-0.070140,0.994483,0,1.00000,-0.94971,60.000,-1.899,-1,-1,-1,450.000,850.000,700.000,500.000,150.000,350.000,-1,-1,-1,-1,-1,700.000,-1,600.000,2,2,2,1,0,1,1,0,0,2,2,2,2,2,1,2,0
79,4263.572,-5575.420,202.208,-66.070,0.404115,0.913341,0.049983,-0.914043,0.405302,-0.016012,-0.034883,-0.039216,0.998622,1,0.00000,0.00000,60.000,-1.875,-1,-1,-1,-1,-1,-1,-1,200.000,350.000,-1,-1,-1,-1,-1,-1,-1,-1,2,2,2,2,2,2,2,0,0,2,2,2,2,2,2,2,2
80,4265.502,-5579.815,201.803,-66.310,0.400150,0.914967,0.052104,-0.915728,0.401444,-0.016881,-0.036363,-0.040958,0.998499,0,0.08000,-0.12000,4.800,-0.240,-1,-1,-1,-1,-1,-1,-1,200.000,350.000,-1,-1,-1,-1,-1,-1,-1,-1,2,2,2,2,2,2,2,0,0,2,2,2,2,2,2,2,2
81,4269.287,-5588.638,200.989,-66.790,0.392181,0.918160,0.056353,-0.919047,0.393706,-0.018681,-0.039339,-0.044464,0.998236,0,0.16000,-0.24000,9.600,-0.480,-1,-1,-1,-1,-1,-1,-1,200.000,350.000,-1,-1,-1,-1,-1,-1,-1,-1,2,2,2,2,2,2,2,0,0,2,2,2,2,2,2,2,2
82,4274.800,-5601.941,199.754,-67.510,0.380128,0.922804,0.062735,-0.923894,0.382042,-0.021535,-0.043840,-0.049774,0.997798,0,0.24000,-0.36000,14.400,-0.720,-1,-1,-1,-1,-1,-1,-1,175.000,350.000,-1,-1,-1,-1,-1,-1,-1,-1,2,2,2,2,2,2,2,0,0,2,2,2,2,2,2,2,2
83,4281.852,-5619.800,198.088,-68.470,0.363876,0.928719,0.071235,-0.930110,0.366387,-0.025621,-0.049894,-0.056934,0.997130,0,0.32000,-0.48000,19.200,-0.960,-1,-1,-1,-1,-1,-1,-1,175.000,375.000,-1,-1,-1,-1,-1,-1,-1,-1,2,2,2,2,2,2,2,0,0,2,2,2,2,2,2,2,2
84,4290.199,-5642.304,195.981,-69.670,0.343276,0.935666,0.081794,-0.937472,0.346663,-0.031171,-0.057520,-0.065980,0.996162,0,0.40000,-0.60000,24.000,-1.200,-1,-1,-1,-1,-1,-1,-1,150.000,375.000,-1,-1,-1,-1,-1,-1,-1,-1,2,2,2,2,2,2,2,0,0,2,2,2,2,2,2,2,2
85,4299.536,-5669.551,193.432,-71.110,0.318152,0.943341,0.094271,-0.945690,0.322787,-0.038452,-0.066703,-0.076918,0.994804,0,0.48000,-0.72000,28.800,-1.440,-1,-1,-1,-1,-1,-1,-1,150.000,400.000,-1,-1,-1,-1,-1,-1,-1,-1,2,2,2,2,2,2,2,1,0,2,2,2,2,2,2,2,2
86,4309.496,-5701.644,190.455,-72.790,0.288318,0.951379,0.108405,-0.954404,0.294676,-0.047748,-0.077370,-0.089695,0.992960,0,0.56000,-0.84000,33.600,-1.680,-1,-1,-1,-1,-1,-1,-1,150.000,425.000,-1,-1,-1,-1,-1,-1,-1,-1,2,2,2,2,2,2,2,1,0,2,2,2,2,2,2,2,2
87,4319.726,-5738.661,187.099,-74.586,0.255707,0.958789,0.123843,-0.962621,0.264350,-0.059000,-0.089306,-0.104127,0.990546,0,0.64000,-0.89772,38.400,-1.795,-1,-1,-1,-1,-1,-1,-1,175.000,425.000,-1,-1,-1,-1,-1,-1,-1,-1,2,2,2,2,2,2,2,1,0,2,2,2,2,2,2,2,2
88,4919.872,-8854.292,61.995,-20.740,0.942871,0.322148,-0.084946,-0.248964,0.850734,0.462891,0.221386,-0.415298,0.882335,1,0.00000,0.00000,43.200,-1.769,75.000,375.000,-1,-1,-1,375.000,475.000,300.000,-1,-1,0.000,0.000,-1,-1,-1,75.000,-1,1,0,2,2,2,1,1,1,2,2,1,1,2,2,2,1,2
89,-4915.669,8852.177,127.714,-37.256,0.795526,0.605335,0.026620,-0.604392,0.795871,-0.036045,-0.043006,0.012586,0.998996,1,0.08000,0.12000,4.800,0.240,-1,400.000,-1,400.000,-1,325.000,325.000,300.000,300.000,-1,-1,-1,-1,800.000,725.000,-1,-1,2,0,2,0,2,0,0,0,0,2,2,2,2,0,0,2,2
90,-4907.980,8846.430,127.302,-36.776,0.800565,0.598644,0.026837,-0.597694,0.800912,-0.036084,-0.043096,0.012848,0.998988,0,0.16000,0.24000,9.600,0.480,-1,400.000,-1,400.000,-1,325.000,325.000,300.000,300.000,-1,-1,-1,-1,800.000,725.000,-1,-1,2,0,2,0,2,0,0,0,0,2,2,2,2,0,0,2,2
91,-4896.338,8837.954,126.687,-36.056,0.808019,0.588530,0.027164,-0.587568,0.808367,-0.036139,-0.043227,0.013241,0.998978,0,0.24000,0.36000,14.400,0.720,-1,400.000,-1,400.000,-1,325.000,325.000,300.000,300.000,-1,-1,-1,-1,800.000,725.000,-1,-1,2,0,2,0,2,0,0,0,0,2,2,2,2,0,0,2,2
92,-4880.629,8826.915,125.872,-35.096,0.817758,0.574899,0.027603,-0.573923,0.818108,-0.036204,-0.043396,0.013764,0.998963,0,0.32000,0.48000,19.200,0.960,-1,400.000,-1,400.000,-1,325.000,325.000,300.000,300.000,-1,-1,-1,-1,800.000,725.000,-1,-1,2,0,2,0,2,0,0,0,0,2,2,2,2,0,0,2,2
93,-4860.708,8813.531,124.861,-33.896,0.829609,0.557635,0.028157,-0.556641,0.829961,-0.036272,-0.043596,0.014418,0.998945,0,0.40000,0.60000,24.000,1.200,-1,400.000,-1,400.000,-1,325.000,325.000,300.000,300.000,-1,-1,-1,-1,800.000,725.000,-1,-1,2,0,2,0,2,0,0,0,0,2,2,2,2,0,0,2,2
94,-4836.406,8798.075,123.667,-32.456,0.843348,0.536595,0.028796,-0.535580,0.843702,-0.036345,-0.043798,0.015228,0.998924,0,0.48000,0.72000,28.800,1.440,-1,400.000,-1,400.000,-1,325.000,325.000,300.000,300.000,-1,-1,-1,-1,800.000,725.000,-1,-1,2,0,2,0,2,0,0,0,0,2,2,2,2,0,0,2,2
95,-4807.538,8780.882,122.293,-30.776,0.858702,0.511622,0.029544,-0.510582,0.859058,-0.036405,-0.044006,0.016176,0.998900,0,0.56000,0.84000,33.600,1.680,-1,400.000,-1,400.000,-1,325.000,325.000,300.000,300.000,-1,-1,-1,-1,800.000,725.000,-1,-1,2,0,2,0,2,0,0,0,0,2,2,2,2,0,0,2,2
96,-4773.967,8762.241,120.749,-29.042,0.873772,0.485385,0.030404,-0.484317,0.874133,-0.036455,-0.044271,0.017128,0.998873,0,0.64000,0.86702,38.400,1.734,-1,400.000,-1,400.000,-1,325.000,325.000,300.000,300.000,-1,-1,-1,-1,800.000,725.000,-1,-1,2,0,2,0,2,0,0,0,0,2,2,2,2,0,0,2,2
97,-4735.577,8742.429,118.939,-27.297,0.888129,0.458530,0.031268,-0.457458,0.888504,-0.035956,-0.044268,0.017629,0.998864,0,0.72000,0.87273,43.200,1.745,-1,400.000,-1,400.000,-1,325.000,325.000,300.000,300.000,-1,-1,-1,-1,800.000,725.000,-1,-1,2,0,2,0,2,0,0,0,0,2,2,2,2,0,0,2,2
98,-4695.904,8723.475,117.106,-25.537,0.901770,0.431022,0.032113,-0.429951,0.902161,-0.035324,-0.044196,0.018047,0.998860,0,0.73281,0.88000,43.969,1.760,-1,400.000,-1,400.000,-1,325.000,325.000,300.000,300.000,-1,-1,-1,-1,800.000,725.000,-1,-1,2,0,2,0,2,0,0,0,0,2,2,2,2,0,0,2,2
99,-4655.732,8705.791,115.285,-23.760,0.914673,0.402844,0.033020,-0.401776,0.915084,-0.034601,-0.044155,0.018382,0.998856,0,0.73153,0.88828,43.892,1.777,-1,400.000,-1,400.000,-1,325.000,325.000,300.000,300.000,-1,-1,-1,-1,775.000,725.000,-1,-1,2,0,2,0,2,0,0,0,0,2,2,2,2,0,0,2,2
100,-4615.045,8689.380,113.464,-21.966,0.926810,0.373985,0.034034,-0.372923,0.927248,-0.033750,-0.044180,0.018588,0.998851,0,0.73120,0.89738,43.872,1.795,-1,400.000,-1,400.000,-1,325.000,325.000,300.000,300.000,-1,-1,-1,-1,775.000,725.000,-1,-1,2,0,2,0,2,0,0,0,0,2,2,2,2,0,0,2,2
101,-4573.820,8674.253,111.671,-20.151,0.938157,0.344435,0.035015,-0.343381,0.938622,-0.032838,-0.044177,0.018784,0.998847,0,0.73188,0.90728,43.913,1.815,-1,400.000,-1,400.000,-1,325.000,325.000,300.000,300.000,-1,-1,-1,-1,775.000,725.000,-1,-1,2,0,2,0,2,0,0,0,0,2,2,2,2,0,0,2,2
102,-4529.572,8659.647,109.763,-18.268,0.948944,0.313401,0.035855,-0.312355,0.949429,-0.031914,-0.044043,0.019085,0.998847,0,0.77661,0.94165,46.597,1.883,-1,400.000,-1,400.000,-1,325.000,325.000,300.000,300.000,-1,-1,-1,-1,775.000,725.000,-1,-1,2,0,2,0,2,0,0,0,0,2,2,2,2,0,0,2,2
103,-4484.463,8646.392,107.679,-16.375,0.958776,0.281870,0.036033,-0.280823,0.959243,-0.031494,-0.043442,0.020076,0.998854,0,0.78360,0.94626,47.016,1.893,-1,400.000,-1,400.000,-1,325.000,325.000,300.000,300.000,-1,-1,-1,-1,775.000,750.000,-1,-1,2,0,2,0,2,0,0,0,0,2,2,2,2,0,1,2,2
104,-4438.506,8634.530,105.579,-14.473,0.967598,0.249875,0.036271,-0.248821,0.968046,-0.031213,-0.042912,0.021177,0.998854,0,0.79105,0.95089,47.463,1.902,-1,400.000,-1,400.000,-1,325.000,325.000,300.000,300.000,-1,-1,-1,-1,750.000,725.000,-1,975.000,2,0,2,0,2,0,0,0,0,2,2,2,2,0,1,2,1
105,-4391.720,8624.104,103.498,-12.562,0.975389,0.217448,0.036514,-0.216386,0.975818,-0.030921,-0.042355,0.022259,0.998855,0,0.79891,0.95554,47.934,1.911,-1,400.000,-1,400.000,975.000,325.000,325.000,300.000,300.000,-1,-1,-1,-1,750.000,700.000,-1,950.000,2,0,2,0,1,0,0,0,0,2,2,2,2,0,1,2,1
106,-4344.125,8615.161,101.437,-10.642,0.982122,0.184623,0.036762,-0.183554,0.982533,-0.030617,-0.041772,0.023322,0.998855,0,0.80712,0.96014,48.427,1.920,-1,400.000,-1,400.000,900.000,325.000,325.000,300.000,300.000,-1,-1,-1,-1,750.000,700.000,-1,900.000,2,0,2,0,1,0,0,0,0,2,2,2,2,0,1,2,1
107,-4295.754,8607.749,99.398,-8.713,0.987774,0.151435,0.037016,-0.150360,0.988167,-0.030303,-0.041167,0.024367,0.998855,0,0.81560,0.96468,48.936,1.929,-1,400.000,-1,400.000,850.000,325.000,325.000,300.000,300.000,-1,-1,-1,-1,750.000,700.000,-1,875.000,2,0,2,0,1,0,0,0,0,2,2,2,2,0,1,2,1
108,-4246.717,8601.920,97.386,-6.779,0.992313,0.118006,0.037279,-0.116924,0.992688,-0.029980,-0.040544,0.025390,0.998855,0,0.82304,0.96675,49.382,1.933,-1,400.000,-1,400.000,775.000,325.000,325.000,300.000,300.000,-1,-1,-1,-1,750.000,700.000,-1,850.000,2,0,2,0,1,0,0,0,0,2,2,2,2,0,1,2,1
109,-4197.332,8597.722,95.414,-4.858,0.995702,0.084663,0.037550,-0.083575,0.996060,-0.029648,-0.039912,0.026383,0.998855,0,0.82606,0.96045,49.563,1.921,-1,400.000,-1,400.000,750.000,325.000,325.000,300.000,300.000,-1,-1,-1,-1,750.000,725.000,-1,850.000,2,0,2,0,1,0,0,0,0,2,2,2,2,0,1,2,1
110,-4144.970,8594.816,93.376,-3.177,0.997746,0.055408,0.037853,-0.054315,0.998094,-0.029310,-0.039405,0.027188,0.998853,0,0.87404,0.84045,52.442,1.681,-1,400.000,-1,375.000,700.000,325.000,325.000,300.000,300.000,-1,-1,-1,-1,750.000,725.000,-1,875.000,2,0,2,0,1,0,0,0,0,2,2,2,2,0,0,2,1
111,-4092.427,8593.223,91.375,-1.737,0.998812,0.030292,0.038173,-0.029194,0.999154,-0.028979,-0.039019,0.027830,0.998851,0,0.87612,0.72045,52.567,1.441,-1,400.000,-1,375.000,675.000,325.000,325.000,300.000,300.000,-1,-1,-1,-1,750.000,700.000,-1,875.000,2,0,2,0,1,0,0,0,0,2,2,2,2,0,0,2,1
112,-4039.766,8592.731,89.416,-0.536,0.999216,0.009344,0.038483,-0.008243,0.999554,-0.028690,-0.038734,0.028350,0.998847,0,0.87772,0.60045,52.663,1.201,-1,400.000,-1,375.000,650.000,325.000,325.000,300.000,300.000,-1,-1,-1,-1,750.000,700.000,-1,900.000,2,0,2,0,1,0,0,0,0,2,2,2,2,0,0,2,1
113,-3987.035,8593.123,87.485,0.425,0.999219,-0.007419,0.038805,0.008526,0.999560,-0.028422,-0.038577,0.028731,0.998843,0,0.87887,0.48045,52.732,0.961,-1,375.000,-1,375.000,650.000,325.000,325.000,300.000,300.000,-1,-1,-1,-1,725.000,700.000,-1,950.000,2,0,2,0,1,0,0,0,0,2,2,2,2,0,0,2,1
114,-3934.268,8594.179,85.567,1.146,0.999037,-0.019995,0.039054,0.021102,0.999381,-0.028153,-0.038467,0.028950,0.998840,0,0.87962,0.36045,52.777,0.721,-1,375.000,-1,375.000,625.000,325.000,300.000,300.000,300.000,-1,-1,-1,-1,725.000,700.000,-1,975.000,2,0,2,0,1,0,0,0,0,2,2,2,2,0,0,2,1
115,-3881.488,8595.678,83.849,1.627,0.998871,-0.028382,0.038095,0.029442,0.999186,-0.027561,-0.037282,0.028651,0.998894,0,0.88004,0.24045,52.802,0.481,-1,375.000,-1,375.000,625.000,325.000,300.000,300.000,300.000,-1,-1,-1,-1,725.000,700.000,-1,1000.000,2,0,2,0,1,0,0,0,0,2,2,2,2,0,0,2,1
116,-3828.706,8597.399,82.152,1.868,0.998780,-0.032583,0.037103,0.033599,0.999069,-0.027076,-0.036186,0.028289,0.998945,0,0.88016,0.12045,52.810,0.241,-1,375.000,-1,375.000,625.000,325.000,325.000,300.000,300.000,-1,-1,-1,-1,725.000,700.000,-1,-1,2,0,2,0,1,0,0,0,0,2,2,2,2,0,0,2,2
117,-3775.930,8599.121,80.456,1.869,0.998815,-0.032600,0.036132,0.033571,0.999082,-0.026610,-0.035231,0.027792,0.998993,0,0.88007,0.00045,52.804,0.001,-1,400.000,-1,375.000,600.000,325.000,325.000,300.000,300.000,-1,-1,-1,-1,725.000,700.000,-1,-1,2,0,2,0,1,0,0,0,0,2,2,2,2,0,0,2,2
118,-3723.162,8600.622,78.752,1.630,0.998977,-0.028430,0.035178,0.029358,0.999227,-0.026149,-0.034407,0.027155,0.999039,0,0.87983,-0.11955,52.790,-0.239,-1,400.000,-1,375.000,600.000,325.000,325.000,300.000,300.000,-1,-1,-1,-1,725.000,700.000,-1,-1,2,0,2,0,1,0,0,0,0,2,2,2,2,0,0,2,2
119,-3670.403,8601.682,77.036,1.151,0.999212,-0.020075,0.034238,0.020959,0.999451,-0.025677,-0.033704,0.026374,0.999084,0,0.87949,-0.23955,52.769,-0.479,-1,400.000,-1,375.000,575.000,325.000,325.000,300.000,300.000,-1,-1,-1,-1,725.000,700.000,-1,975.000,2,0,2,0,1,0,0,0,0,2,2,2,2,0,0,2,1
120,-3617.657,8602.079,75.304,0.432,0.999417,-0.007530,0.033308,0.008371,0.999648,-0.025179,-0.033107,0.025443,0.999128,0,0.87913,-0.35955,52.748,-0.719,-1,400.000,-1,375.000,550.000,325.000,325.000,300.000,300.000,-1,-1,-1,-1,725.000,700.000,-1,950.000,2,0,2,0,1,0,0,0,1,2,2,2,2,0,0,2,1
121,-3564.931,8601.593,73.549,-0.528,0.999433,0.009204,0.032387,-0.008408,0.999661,-0.024640,-0.032603,0.024354,0.999172,0,0.87880,-0.47955,52.728,-0.959,-1,400.000,-1,375.000,525.000,325.000,325.000,300.000,300.000,-1,-1,-1,-1,725.000,675.000,-1,875.000,2,0,2,0,1,0,0,0,1,2,2,2,2,0,0,2,1
122,-3512.242,8600.005,71.769,-1.727,0.999051,0.030123,0.031471,-0.029372,0.999279,-0.024048,-0.032172,0.023101,0.999215,0,0.87856,-0.59955,52.714,-1.199,-1,400.000,-1,375.000,500.000,325.000,325.000,300.000,275.000,-1,-1,-1,-1,725.000,675.000,-1,825.000,2,0,2,0,1,0,0,0,1,2,2,2,2,0,0,2,1
123,-3459.613,8597.094,69.971,-3.166,0.998008,0.055211,0.030519,-0.054508,0.998238,-0.023432,-0.031759,0.021722,0.999259,0,0.87848,-0.71955,52.709,-1.439,-1,375.000,-1,375.000,475.000,325.000,325.000,300.000,275.000,-1,-1,-1,-1,725.000,675.000,-1,750.000,2,0,2,0,1,0,0,0,1,2,2,2,2,0,0,2,1
124,-3407.085,8592.641,68.156,-4.845,0.995991,0.084440,0.029519,-0.083785,0.996223,-0.022788,-0.031332,0.020223,0.999304,0,0.87861,-0.83955,52.716,-1.679,-1,375.000,-1,375.000,425.000,325.000,300.000,300.000,275.000,-1,-1,-1,-1,725.000,675.000,-1,650.000,2,0,2,0,1,0,0,0,1,2,2,2,2,0,0,2,1
125,-3354.713,8586.429,66.313,-6.764,0.992633,0.117759,0.028497,-0.117153,0.992869,-0.022067,-0.030893,0.018566,0.999350,0,0.87899,-0.95955,52.739,-1.919,-1,375.000,-1,375.000,400.000,300.000,300.000,300.000,275.000,-1,950.000,-1,-1,725.000,650.000,-1,575.000,2,0,2,0,1,0,0,0,1,2,0,2,2,0,1,2,1
126,-3302.549,8578.387,64.552,-8.764,0.987946,0.152341,0.027490,-0.151772,0.988177,-0.021722,-0.030474,0.017288,0.999386,0,0.87967,-1.00000,52.780,-2.000,-1,375.000,-1,375.000,350.000,300.000,300.000,300.000,250.000,-1,800.000,925.000,-1,725.000,625.000,-1,500.000,2,0,2,0,1,0,0,0,1,2,0,0,2,0,1,2,1
127,-3250.658,8568.522,63.005,-10.764,0.982066,0.186736,0.025985,-0.186186,0.982264,-0.022206,-0.029671,0.016969,0.999416,0,0.88033,-1.00000,52.820,-2.000,-1,375.000,-1,375.000,325.000,300.000,300.000,300.000,250.000,-1,700.000,775.000,-1,725.000,575.000,-1,450.000,2,0,2,0,1,0,0,0,1,2,0,0,2,0,1,2,1
128,-3199.118,8556.847,61.667,-12.764,0.974980,0.220907,0.024768,-0.220395,0.975166,-0.021828,-0.028974,0.015823,0.999455,0,0.88077,-1.00000,52.846,-2.000,-1,375.000,-1,375.000,275.000,300.000,300.000,300.000,250.000,-1,700.000,725.000,-1,725.000,550.000,-1,375.000,2,0,2,0,1,0,0,0,1,2,0,0,2,0,1,2,1
129,-3148.005,8543.376,60.449,-14.764,0.966710,0.254812,0.023299,-0.254356,0.966886,-0.020827,-0.027834,0.014207,0.999512,0,0.88096,-1.00000,52.858,-2.000,-1,375.000,-1,375.000,250.000,300.000,300.000,300.000,225.000,-1,650.000,700.000,-1,725.000,500.000,-1,325.000,2,0,2,1,1,0,0,0,1,2,0,0,2,0,1,2,1
130,-3097.398,8528.132,59.228,-16.764,0.957260,0.288406,0.021806,-0.288007,0.957425,-0.019736,-0.026569,0.012612,0.999567,0,0.88089,-1.00000,52.853,-2.000,-1,375.000,-1,350.000,200.000,300.000,300.000,300.000,225.000,-1,625.000,650.000,-1,725.000,475.000,-1,275.000,2,0,2,1,1,0,0,0,1,2,0,0,2,0,1,2,1
131,-3047.375,8511.137,60.468,-18.764,0.946712,0.321669,0.016313,-0.321587,0.946850,-0.007513,-0.017863,0.001866,0.999839,0,0.88052,-1.00000,52.831,-2.000,-1,400.000,-1,350.000,200.000,325.000,325.000,300.000,225.000,-1,450.000,500.000,-1,750.000,450.000,-1,275.000,2,0,2,1,1,0,0,0,1,2,0,0,2,0,1,2,1
132,-2998.013,8492.423,61.922,-20.764,0.934987,0.354502,0.011280,-0.354582,0.935006,0.006002,-0.008419,-0.009612,0.999918,0,0.87984,-1.00000,52.791,-2.000,-1,425.000,-1,325.000,200.000,350.000,350.000,300.000,225.000,-1,325.000,400.000,-1,800.000,450.000,-1,250.000,2,0,2,1,1,0,1,0,1,2,0,0,2,0,1,2,1
133,-2949.390,8472.022,63.542,-22.764,0.922118,0.386846,0.006944,-0.386906,0.921894,0.020386,0.001485,-0.021485,0.999768,0,0.87882,-1.00000,52.729,-2.000,-1,425.000,-1,325.000,200.000,350.000,325.000,300.000,225.000,-1,225.000,350.000,-1,850.000,425.000,-1,250.000,2,0,2,1,1,0,1,0,1,2,0,0,2,0,1,2,1
134,-2901.583,8449.972,65.321,-24.764,0.908145,0.418642,0.003375,-0.418488,0.907523,0.035630,0.011853,-0.033769,0.999359,0,0.87745,-1.00000,52.647,-2.000,-1,450.000,-1,325.000,200.000,375.000,325.000,275.000,225.000,925.000,150.000,275.000,-1,900.000,425.000,-1,250.000,2,0,2,1,1,0,1,0,1,0,0,0,2,0,1,2,1
135,-2854.668,8426.316,67.252,-26.764,0.893114,0.449829,0.000654,-0.449258,0.891905,0.051700,0.022673,-0.046468,0.998662,0,0.87569,-1.00000,52.541,-2.000,-1,475.000,-1,300.000,200.000,400.000,300.000,275.000,225.000,750.000,125.000,250.000,-1,950.000,425.000,-1,225.000,2,0,2,1,1,1,1,0,1,0,0,0,2,0,1,2,1
136,-2808.719,8401.100,69.334,-28.764,0.877077,0.480348,-0.001136,-0.479151,0.875053,0.068528,0.033912,-0.059560,0.997649,0,0.87354,-1.00000,52.412,-2.000,-1,500.000,-1,300.000,200.000,375.000,300.000,275.000,225.000,625.000,100.000,225.000,-1,975.000,400.000,-1,225.000,2,0,2,1,1,1,1,0,1,0,0,0,2,1,1,2,1
