timestep,x_cm,y_cm,z_cm,yaw_deg,basis_xx,basis_xy,basis_xz,basis_yx,basis_yy,basis_yz,basis_zx,basis_zy,basis_zz,teleport_flag,throttle_cmd,steering_cmd,cmd_move_cm,cmd_turn_deg,lidar_cm_0,lidar_cm_1,lidar_cm_2,lidar_cm_3,lidar_cm_4,lidar_cm_5,lidar_cm_6,lidar_cm_7,lidar_cm_8,lidar_cm_9,lidar_cm_10,lidar_cm_11,lidar_cm_12,lidar_cm_13,lidar_cm_14,lidar_cm_15,lidar_cm_16,lidar_class_0,lidar_class_1,lidar_class_2,lidar_class_3,lidar_class_4,lidar_class_5,lidar_class_6,lidar_class_7,lidar_class_8,lidar_class_9,lidar_class_10,lidar_class_11,lidar_class_12,lidar_class_13,lidar_class_14,lidar_class_15,lidar_class_16
0,6324.238,7409.912,97.041,49.364,0.648879,-0.758640,0.058490,0.758397,0.651058,0.030959,-0.061567,0.024270,0.997808,1,0.08000,-0.12000,4.800,-0.240,-1,950.000,-1,-1,-1,-1,-1,250.000,275.000,-1,-1,-1,-1,-1,-1,-1,-1,2,1,2,2,2,2,2,0,1,2,2,2,2,2,2,2,2
1,6330.552,7417.144,95.648,48.884,0.655093,-0.753213,0.059358,0.752652,0.657437,0.035944,-0.066098,0.021129,0.997589,0,0.16000,-0.24000,9.600,-0.480,-1,950.000,-1,-1,-1,-1,-1,250.000,275.000,-1,-1,-1,-1,-1,-1,-1,-1,2,1,2,2,2,2,2,0,1,2,2,2,2,2,2,2,2
2,-8855.086,-983.899,-0.769,-145.892,-0.827182,0.560705,0.037160,-0.560763,-0.827918,0.009805,0.036263,-0.012728,0.999261,1,0.00000,0.00000,14.400,-0.720,-1,400.000,-1,400.000,-1,325.000,325.000,300.000,300.000,-1,-1,-1,-1,775.000,800.000,-1,-1,2,0,2,0,2,0,0,0,0,2,2,2,2,1,0,2,2
3,-8859.072,-986.574,-0.600,-146.132,-0.829524,0.557233,0.037162,-0.557289,-0.830261,0.009777,0.036302,-0.012600,0.999261,0,0.08000,-0.12000,4.800,-0.240,-1,400.000,-1,400.000,-1,325.000,325.000,300.000,300.000,-1,-1,-1,-1,775.000,800.000,-1,-1,2,0,2,0,2,0,0,0,0,2,2,2,2,1,0,2,2
4,-8867.087,-991.857,-0.261,-146.612,-0.834166,0.550259,0.037163,-0.550312,-0.834903,0.009722,0.036378,-0.012342,0.999262,0,0.16000,-0.24000,9.600,-0.480,-1,400.000,-1,400.000,-1,325.000,325.000,300.000,300.000,-1,-1,-1,-1,775.000,800.000,-1,-1,2,0,2,0,2,0,0,0,0,2,2,2,2,1,0,2,2
5,-8879.210,-999.629,0.252,-147.332,-0.841020,0.539727,0.037159,-0.539773,-0.841755,0.009643,0.036483,-0.011948,0.999263,0,0.24000,-0.36000,14.400,-0.720,-1,400.000,-1,400.000,-1,325.000,325.000,300.000,300.000,-1,-1,-1,-1,750.000,825.000,-1,-1,2,0,2,0,2,0,0,0,0,2,2,2,2,1,0,2,2
6,-8895.544,-1009.721,0.940,-148.292,-0.849951,0.525551,0.037143,-0.525589,-0.850685,0.009541,0.036611,-0.011413,0.999264,0,0.32000,-0.48000,19.200,-0.960,-1,400.000,-1,400.000,-1,325.000,325.000,300.000,300.000,-1,-1,-1,-1,750.000,825.000,-1,-1,2,0,2,0,2,0,0,0,0,2,2,2,2,1,0,2,2
7,-8916.221,-1021.904,1.809,-149.492,-0.860779,0.507625,0.037105,-0.507651,-0.861512,0.009421,0.036749,-0.010727,0.999267,0,0.40000,-0.60000,24.000,-1.200,-1,400.000,-1,400.000,-1,325.000,325.000,300.000,300.000,-1,-1,-1,-1,725.000,825.000,-1,-1,2,0,2,0,2,0,0,0,0,2,2,2,2,1,0,2,2
8,-8941.394,-1035.897,2.864,-150.932,-0.873275,0.485819,0.037034,-0.485830,-0.874004,0.009289,0.036881,-0.009880,0.999271,0,0.48000,-0.72000,28.800,-1.440,-1,400.000,-1,400.000,-1,325.000,325.000,300.000,325.000,-1,-1,-1,-1,725.000,825.000,-1,-1,2,0,2,0,2,0,0,0,0,2,2,2,2,1,0,2,2
9,-8971.228,-1051.353,4.109,-152.612,-0.887156,0.459991,0.036917,-0.459985,-0.887879,0.009153,0.036989,-0.008861,0.999276,0,0.56000,-0.84000,33.600,-1.680,-1,400.000,-1,400.000,-1,325.000,325.000,300.000,325.000,-1,-1,-1,-1,725.000,825.000,975.000,-1,2,0,2,0,2,0,0,0,0,2,2,2,2,1,0,1,2
10,-9005.863,-1067.935,5.543,-154.416,-0.901214,0.431816,0.036714,-0.431790,-0.901929,0.009038,0.037016,-0.007707,0.999285,0,0.64000,-0.90200,38.400,-1.804,-1,400.000,-1,400.000,-1,325.000,325.000,300.000,325.000,-1,-1,-1,-1,700.000,825.000,925.000,-1,2,0,2,0,2,0,0,0,0,2,2,2,2,1,0,1,2
11,-9045.440,-1085.253,7.176,-156.367,-0.915409,0.400871,0.036442,-0.400823,-0.916112,0.008943,0.036970,-0.006420,0.999296,0,0.72000,-0.97525,43.200,-1.950,950.000,400.000,-1,400.000,-1,325.000,325.000,300.000,325.000,-1,-1,-1,-1,700.000,825.000,875.000,-1,1,0,2,0,2,0,0,0,0,2,2,2,2,1,0,1,2
12,-9090.040,-1102.995,8.965,-158.307,-0.928476,0.369628,0.036161,-0.369550,-0.929167,0.009084,0.036958,-0.004929,0.999305,0,0.80000,-0.97010,48.000,-1.940,875.000,400.000,-1,400.000,-1,325.000,325.000,300.000,325.000,-1,-1,-1,-1,700.000,850.000,850.000,-1,1,0,2,0,2,0,0,0,0,2,2,2,2,1,0,1,2
13,-9139.717,-1120.845,10.868,-160.235,-0.940418,0.338158,0.035547,-0.338038,-0.941084,0.009519,0.036672,-0.003064,0.999323,0,0.87977,-0.96409,52.786,-1.928,800.000,400.000,-1,400.000,-1,325.000,325.000,300.000,300.000,-1,-1,-1,-1,700.000,850.000,800.000,-1,1,0,2,0,2,0,0,0,0,2,2,2,2,1,0,1,2
14,-9190.164,-1137.091,12.671,-162.149,-0.951235,0.306536,0.034447,-0.306363,-0.951859,0.010343,0.035959,-0.000715,0.999353,0,0.88330,-0.95709,52.998,-1.914,725.000,400.000,-1,400.000,-1,325.000,325.000,300.000,300.000,-1,-1,-1,-1,700.000,850.000,775.000,-1,1,0,2,0,2,0,0,0,0,2,2,2,2,1,0,1,2
15,-9241.284,-1151.704,14.485,-164.048,-0.960913,0.274829,0.033396,-0.274603,-0.961492,0.011246,0.035200,0.001636,0.999379,0,0.88614,-0.94940,53.168,-1.899,675.000,400.000,-1,400.000,-1,325.000,325.000,300.000,300.000,-1,-1,-1,-1,700.000,850.000,750.000,-1,1,0,2,0,2,0,0,0,0,2,2,2,2,1,0,1,2
16,-9292.978,-1164.659,16.097,-165.930,-0.969458,0.243102,0.032452,-0.242857,-0.969996,0.011366,0.034241,0.003138,0.999409,0,0.88820,-0.94102,53.292,-1.882,625.000,400.000,-1,400.000,-1,325.000,325.000,300.000,300.000,-1,-1,-1,-1,700.000,850.000,725.000,-1,1,0,2,0,2,0,0,0,0,2,2,2,2,1,0,1,2
17,-9345.135,-1175.942,17.588,-167.794,-0.976897,0.211423,0.031193,-0.211178,-0.977386,0.010972,0.032807,0.004131,0.999453,0,0.88940,-0.93197,53.364,-1.864,600.000,400.000,-1,400.000,-1,325.000,325.000,300.000,300.000,-1,-1,-1,-1,725.000,850.000,725.000,-1,1,0,2,0,2,0,0,0,0,2,2,2,2,1,0,1,2
18,-9397.644,-1185.542,19.080,-169.639,-0.983239,0.179853,0.029885,-0.179609,-0.983680,0.010677,0.031317,0.005131,0.999496,0,0.88966,-0.92226,53.379,-1.845,575.000,400.000,-1,400.000,-1,325.000,325.000,300.000,300.000,-1,-1,-1,-1,725.000,850.000,750.000,-1,1,0,2,0,2,0,0,0,0,2,2,2,2,1,0,1,2
19,-9450.386,-1193.460,20.568,-171.463,-0.988508,0.148454,0.028536,-0.148210,-0.988900,0.010483,0.029775,0.006134,0.999538,0,0.88889,-0.91192,53.333,-1.824,550.000,400.000,-1,400.000,-1,325.000,325.000,300.000,300.000,-1,-1,-1,-1,750.000,850.000,825.000,-1,1,0,2,0,2,0,0,0,0,2,2,2,2,1,0,1,2
20,-9503.242,-1199.702,22.048,-173.265,-0.992727,0.117283,0.027156,-0.117039,-0.993073,0.010390,0.028186,0.007137,0.999577,0,0.88705,-0.90100,53.223,-1.802,525.000,400.000,-1,400.000,-1,325.000,325.000,300.000,300.000,-1,-1,-1,-1,775.000,825.000,925.000,-1,1,0,2,0,2,0,0,0,0,2,2,2,2,1,0,1,2
21,-9556.088,-1204.285,23.515,-175.044,-0.995928,0.086394,0.025754,-0.086151,-0.996228,0.010398,0.026556,0.008137,0.999614,0,0.88408,-0.88956,53.045,-1.779,550.000,400.000,-1,400.000,-1,325.000,325.000,300.000,300.000,-1,-1,-1,-1,800.000,825.000,-1,-1,1,0,2,0,2,0,0,1,0,2,2,2,2,0,0,2,2
22,-9608.803,-1207.234,24.958,-176.799,-0.998144,0.055836,0.024321,-0.055594,-0.998398,0.010528,0.024870,0.009156,0.999649,0,0.87997,-0.87769,52.798,-1.755,600.000,400.000,-1,400.000,-1,325.000,325.000,275.000,300.000,-1,-1,-1,-1,800.000,825.000,-1,-1,1,0,2,0,2,0,0,1,0,2,2,2,2,0,0,2,2
23,-9661.269,-1208.580,26.369,-178.530,-0.999410,0.025652,0.022852,-0.025411,-0.999619,0.010796,0.023120,0.010209,0.999681,0,0.87472,-0.86548,52.483,-1.731,650.000,400.000,-1,400.000,-1,325.000,325.000,275.000,300.000,-1,-1,-1,-1,800.000,825.000,-1,-1,1,0,2,0,2,0,0,1,0,2,2,2,2,0,0,2,2
24,-9713.372,-1208.366,27.751,-180.236,-0.999763,-0.004120,0.021388,0.004360,-0.999928,0.011168,0.021340,0.011259,0.999709,0,0.86839,-0.85305,52.104,-1.706,700.000,400.000,-1,400.000,-1,325.000,325.000,275.000,300.000,-1,-1,-1,-1,800.000,825.000,-1,-1,1,0,2,0,2,0,0,1,0,2,2,2,2,0,0,2,2
25,-9760.655,-1206.961,28.992,-181.702,-0.999357,-0.029702,0.020065,0.029939,-0.999485,0.011586,0.019711,0.012179,0.999732,0,0.78839,-0.73305,47.304,-1.466,775.000,400.000,-1,400.000,-1,325.000,325.000,275.000,300.000,-1,-1,-1,-1,800.000,825.000,-1,-1,1,0,2,0,2,0,0,1,0,2,2,2,2,1,1,2,2
26,-9803.103,-1204.789,30.094,-182.928,-0.998516,-0.051082,0.018888,0.051314,-0.998610,0.012017,0.018248,0.012968,0.999749,0,0.70839,-0.61305,42.504,-1.226,825.000,400.000,-1,400.000,-1,325.000,325.000,275.000,300.000,-1,-1,-1,-1,775.000,800.000,-1,-1,1,0,2,0,2,0,0,1,0,2,2,2,2,1,1,2,2
27,-9842.834,-1202.071,30.940,-183.914,-0.997505,-0.068260,0.018000,0.068477,-0.997584,0.011722,0.017156,0.012925,0.999769,0,0.66373,-0.49305,39.824,-0.986,-1,400.000,-1,400.000,-1,325.000,325.000,275.000,300.000,-1,-1,-1,-1,750.000,775.000,-1,-1,2,0,2,0,2,0,0,1,0,2,2,2,2,1,1,2,2
28,-9882.134,-1198.867,31.464,-184.661,-0.996543,-0.081245,0.017347,0.081453,-0.996609,0.011648,0.016342,0.013021,0.999782,0,0.65717,-0.37305,39.430,-0.746,-1,400.000,1000.000,400.000,-1,325.000,325.000,275.000,300.000,-1,-1,-1,-1,725.000,750.000,-1,-1,2,0,1,0,2,0,0,1,0,2,2,2,2,1,1,2,2
29,-9921.031,-1195.350,31.913,-185.167,-0.995798,-0.090044,0.016656,0.090247,-0.995849,0.011849,0.015520,0.013302,0.999791,0,0.65092,-0.25305,39.055,-0.506,-1,400.000,950.000,400.000,-1,325.000,325.000,275.000,300.000,-1,-1,-1,-1,700.000,725.000,-1,-1,2,0,1,0,2,0,0,1,0,2,2,2,2,1,1,2,2
30,-9959.560,-1191.686,32.355,-185.433,-0.995380,-0.094668,0.015991,0.094865,-0.995417,0.012073,0.014775,0.013534,0.999799,0,0.64506,-0.13305,38.704,-0.266,-1,400.000,925.000,400.000,-1,325.000,325.000,275.000,300.000,-1,-1,-1,-1,675.000,700.000,-1,-1,2,0,1,0,2,0,0,1,0,2,2,2,2,1,1,2,2
31,-9997.767,-1188.035,32.792,-185.459,-0.995347,-0.095121,0.015351,0.095313,-0.995371,0.012311,0.014109,0.013717,0.999806,0,0.63967,-0.01305,38.380,-0.026,-1,400.000,875.000,400.000,-1,325.000,325.000,250.000,300.000,-1,-1,-1,-1,675.000,675.000,-1,-1,2,0,1,0,2,0,0,1,0,2,2,2,2,1,1,2,2
32,-10035.697,-1184.553,33.226,-185.245,-0.995705,-0.091405,0.014733,0.091591,-0.995718,0.012552,0.013523,0.013848,0.999813,0,0.63482,0.10695,38.089,0.214,-1,400.000,825.000,400.000,-1,325.000,325.000,250.000,300.000,-1,-1,-1,-1,650.000,625.000,-1,950.000,2,0,1,0,2,0,0,1,0,2,2,2,2,1,1,2,1
33,-10073.397,-1181.393,33.661,-184.791,-0.996406,-0.083514,0.014134,0.083695,-0.996409,0.012789,0.013016,0.013926,0.999818,0,0.63054,0.22695,37.833,0.454,-1,400.000,800.000,400.000,-1,325.000,325.000,250.000,300.000,-1,-1,-1,-1,625.000,600.000,-1,850.000,2,0,1,0,2,0,0,1,0,2,2,2,2,1,1,2,1
34,-10110.913,-1178.706,34.100,-184.097,-0.997353,-0.071440,0.013552,0.071617,-0.997347,0.013013,0.012586,0.013949,0.999823,0,0.62687,0.34695,37.612,0.694,-1,400.000,775.000,400.000,-1,325.000,325.000,275.000,300.000,-1,-1,-1,-1,600.000,575.000,-1,775.000,2,0,1,0,2,0,0,1,0,2,2,2,2,1,1,2,1
35,-10148.284,-1176.640,34.546,-183.163,-0.998392,-0.055175,0.012982,0.055347,-0.998380,0.013216,0.012232,0.013913,0.999828,0,0.62381,0.46695,37.429,0.934,-1,400.000,750.000,400.000,-1,325.000,325.000,275.000,300.000,-1,-1,-1,-1,575.000,525.000,-1,700.000,2,1,1,0,2,0,0,1,0,2,2,2,2,1,1,2,1
36,-10185.541,-1175.243,35.001,-182.147,-0.999221,-0.037460,0.012416,0.037626,-0.999202,0.013391,0.011905,0.013848,0.999833,0,0.62138,0.50812,37.283,1.016,-1,375.000,700.000,375.000,-1,325.000,325.000,275.000,300.000,-1,-1,-1,-1,575.000,500.000,-1,625.000,2,1,1,1,2,0,0,1,0,2,2,2,2,1,1,2,1
37,-10222.685,-1174.510,35.466,-181.131,-0.999735,-0.019740,0.011849,0.019900,-0.999710,0.013538,0.011579,0.013770,0.999838,0,0.61919,0.50789,37.151,1.016,-1,375.000,675.000,350.000,-1,325.000,325.000,275.000,300.000,-1,-1,-1,-1,550.000,450.000,-1,575.000,2,1,1,1,2,1,1,1,0,2,2,2,2,1,1,2,1
38,-10259.707,-1174.435,35.940,-180.116,-0.999934,-0.002026,0.011281,0.002180,-0.999904,0.013656,0.011253,0.013680,0.999843,0,0.61704,0.50757,37.022,1.015,-1,350.000,650.000,325.000,-1,300.000,300.000,275.000,300.000,-1,-1,-1,-1,550.000,425.000,-1,500.000,2,1,1,1,2,1,1,1,0,2,2,2,2,1,1,2,1
39,-10296.598,-1175.013,36.423,-179.102,-0.999820,0.015675,0.010714,-0.015528,-0.999785,0.013746,0.010927,0.013578,0.999848,0,0.61493,0.50717,36.896,1.014,-1,350.000,650.000,300.000,600.000,300.000,275.000,275.000,300.000,-1,-1,-1,-1,550.000,375.000,-1,450.000,2,1,1,1,1,1,1,1,0,2,2,2,2,1,1,2,1
40,-10333.350,-1176.240,36.916,-178.088,-0.999392,0.033354,0.010147,-0.033213,-0.999353,0.013810,0.010602,0.013465,0.999853,0,0.61287,0.50667,36.772,1.013,-1,325.000,625.000,300.000,500.000,275.000,275.000,275.000,300.000,-1,-1,-1,-1,525.000,350.000,-1,400.000,2,1,1,1,1,1,1,1,0,2,2,2,2,1,1,2,1
41,-10369.954,-1178.109,37.417,-177.076,-0.998653,0.051003,0.009583,-0.050868,-0.998609,0.013847,0.010275,0.013341,0.999858,0,0.61087,0.50609,36.652,1.012,-1,325.000,600.000,275.000,425.000,275.000,250.000,275.000,300.000,-1,-1,-1,-1,525.000,325.000,-1,350.000,2,1,1,1,1,1,1,1,0,2,2,2,2,1,1,2,1
42,-10411.319,-1180.781,37.993,-176.304,-0.997881,0.064456,0.008926,-0.064329,-0.997832,0.013879,0.009801,0.013276,0.999864,0,0.69087,0.38609,41.452,0.772,-1,300.000,575.000,250.000,350.000,250.000,225.000,250.000,300.000,-1,-1,-1,-1,525.000,300.000,-1,300.000,2,1,1,1,1,1,1,1,0,2,2,2,2,1,1,2,1
43,-10457.316,-1184.232,38.642,-175.710,-0.997165,0.074799,0.008182,-0.074681,-0.997110,0.013909,0.009198,0.013258,0.999870,0,0.76876,0.29705,46.126,0.594,-1,300.000,525.000,225.000,275.000,225.000,200.000,250.000,300.000,-1,-1,-1,-1,525.000,275.000,-1,250.000,2,1,1,1,1,1,1,1,0,2,2,2,2,1,1,2,1
44,-10503.564,-1188.175,42.118,-175.125,-0.996233,0.084975,0.017308,-0.084915,-0.996379,0.004216,0.017603,0.002731,0.999841,0,0.77359,0.29228,46.415,0.585,-1,300.000,550.000,200.000,250.000,225.000,200.000,250.000,325.000,-1,-1,-1,-1,575.000,275.000,1000.000,200.000,2,1,1,1,1,1,1,1,0,2,2,2,2,1,1,1,1
45,-10550.047,-1192.609,48.866,-174.551,-0.994755,0.094942,0.038066,-0.095478,-0.995353,-0.012510,0.036702,-0.016079,0.999197,0,0.77822,0.28703,46.693,0.574,-1,325.000,650.000,225.000,275.000,250.000,200.000,250.000,400.000,-1,425.000,625.000,-1,750.000,275.000,-1,200.000,2,1,1,1,1,1,1,1,0,2,0,0,2,1,1,2,1
46,-10596.748,-1197.529,55.953,-173.989,-0.992688,0.104664,0.060138,-0.106447,-0.993945,-0.027232,0.056924,-0.033434,0.997819,0,0.78261,0.28126,46.957,0.563,-1,350.000,825.000,225.000,275.000,250.000,200.000,250.000,450.000,675.000,150.000,325.000,-1,775.000,275.000,-1,200.000,2,1,1,1,1,1,1,1,0,1,0,0,2,1,1,2,1
47,-10643.644,-1202.926,62.675,-173.439,-0.990140,0.114116,0.081240,-0.117730,-0.992192,-0.041158,0.075909,-0.050317,0.995844,0,0.78670,0.27489,47.202,0.550,-1,400.000,975.000,225.000,275.000,275.000,225.000,250.000,525.000,500.000,100.000,225.000,-1,775.000,300.000,-1,200.000,2,1,1,1,1,1,1,1,0,1,0,0,2,1,1,2,1
48,-10690.708,-1208.792,69.126,-172.903,-0.987152,0.123266,0.101665,-0.129269,-0.990098,-0.054724,0.093913,-0.067163,0.993312,0,0.79042,0.26786,47.425,0.536,-1,475.000,-1,225.000,275.000,300.000,225.000,250.000,600.000,425.000,75.000,175.000,-1,800.000,300.000,-1,175.000,2,1,2,1,1,1,1,1,1,1,0,0,2,1,1,2,1
49,-10737.912,-1215.113,75.283,-172.383,-0.983786,0.132080,0.121323,-0.140984,-0.987676,-0.067965,0.110851,-0.083968,0.990284,0,0.79368,0.26008,47.621,0.520,-1,550.000,-1,250.000,250.000,300.000,250.000,225.000,675.000,375.000,50.000,175.000,-1,800.000,325.000,-1,175.000,2,1,2,1,1,1,1,1,1,1,0,0,2,1,1,2,1
50,-1639.838,-2295.759,-292.670,66.675,0.395859,-0.917627,0.035454,0.918308,0.395661,-0.012738,-0.002339,0.037600,0.999290,1,0.00000,0.00000,47.782,0.503,-1,400.000,-1,375.000,-1,325.000,325.000,300.000,300.000,-1,-1,-1,-1,800.000,-1,-1,-1,2,1,2,0,2,0,0,0,0,2,2,2,2,1,2,2,2
51,-1637.919,-2291.360,-292.682,66.435,0.399700,-0.915962,0.035397,0.916643,0.399502,-0.012813,-0.002405,0.037568,0.999291,0,0.08000,-0.12000,4.800,-0.240,-1,400.000,-1,375.000,-1,325.000,325.000,300.000,300.000,-1,-1,-1,-1,825.000,-1,-1,-1,2,1,2,0,2,0,0,0,0,2,2,2,2,1,2,2,2
52,-1634.032,-2282.582,-292.707,66.112,0.404859,-0.913698,0.035278,0.914376,0.404659,-0.012957,-0.002437,0.037503,0.999294,0,0.16000,-0.16146,9.600,-0.323,-1,400.000,-1,375.000,-1,325.000,325.000,300.000,300.000,-1,1000.000,1000.000,-1,825.000,-1,-1,-1,2,1,2,0,2,0,0,0,0,2,0,0,2,1,2,2,2
53,-1628.127,-2269.448,-292.743,65.792,0.409970,-0.911424,0.035095,0.912096,0.409765,-0.013170,-0.002377,0.037410,0.999297,0,0.24000,-0.16026,14.400,-0.321,-1,400.000,-1,375.000,-1,325.000,325.000,300.000,300.000,-1,1000.000,1000.000,-1,850.000,-1,-1,-1,2,1,2,0,2,0,0,0,0,2,0,0,2,1,2,2,2
54,-1620.157,-2251.980,-292.794,65.474,0.415035,-0.909138,0.034848,0.909803,0.414823,-0.013452,-0.002226,0.037288,0.999302,0,0.32000,-0.15912,19.200,-0.318,-1,400.000,-1,375.000,-1,325.000,325.000,300.000,300.000,-1,975.000,975.000,-1,875.000,-1,-1,-1,2,1,2,0,2,0,0,0,0,2,0,0,2,1,2,2,2
55,-1610.074,-2230.201,-292.859,65.158,0.420056,-0.906841,0.034536,0.907496,0.419834,-0.013806,-0.001979,0.037140,0.999308,0,0.40000,-0.15803,24.000,-0.316,-1,400.000,-1,375.000,-1,325.000,325.000,300.000,300.000,-1,950.000,950.000,-1,925.000,-1,-1,-1,2,1,2,0,2,1,0,0,0,2,0,0,2,1,2,2,2
56,-1597.831,-2204.133,-292.938,64.844,0.425034,-0.904533,0.034159,0.905176,0.424798,-0.014234,-0.001636,0.036970,0.999315,0,0.48000,-0.15695,28.800,-0.314,-1,400.000,-1,375.000,-1,325.000,325.000,300.000,300.000,-1,925.000,925.000,-1,-1,-1,-1,-1,2,1,2,0,2,1,0,0,0,2,0,0,2,2,2,2,2
57,-1583.383,-2173.798,-293.033,64.532,0.429967,-0.902215,0.033719,0.902844,0.429716,-0.014739,-0.001192,0.036781,0.999323,0,0.56000,-0.15584,33.600,-0.312,-1,400.000,-1,375.000,-1,325.000,325.000,300.000,300.000,-1,900.000,900.000,-1,-1,-1,-1,-1,2,1,2,0,2,1,0,0,0,2,0,0,2,2,2,2,2
58,-1566.684,-2139.219,-293.142,64.223,0.434854,-0.899888,0.033216,0.900501,0.434584,-0.015326,-0.000643,0.036575,0.999331,0,0.64000,-0.15468,38.400,-0.309,-1,425.000,-1,400.000,-1,325.000,325.000,300.000,300.000,-1,875.000,875.000,-1,-1,-1,-1,-1,2,1,2,1,2,1,1,0,0,2,0,0,2,2,2,2,2
59,-1547.689,-2100.419,-293.212,63.916,0.439687,-0.897548,0.032920,0.898151,0.439398,-0.015940,-0.000158,0.036575,0.999331,0,0.72000,-0.15344,43.200,-0.307,-1,425.000,-1,425.000,-1,350.000,325.000,300.000,300.000,-1,875.000,875.000,-1,-1,-1,-1,-1,2,1,2,1,2,1,1,0,0,2,0,0,2,2,2,2,2
60,-1526.355,-2057.420,-293.255,63.612,0.444464,-0.895198,0.032765,0.895797,0.444153,-0.016614,0.000320,0.036735,0.999325,0,0.80000,-0.15207,48.000,-0.304,-1,450.000,-1,475.000,-1,375.000,350.000,300.000,300.000,-1,875.000,875.000,-1,-1,-1,-1,-1,2,1,2,1,2,1,1,0,0,2,0,0,2,2,2,2,2
61,-1502.640,-2010.246,-293.387,63.311,0.449173,-0.892857,0.032414,0.893445,0.448853,-0.016953,0.000587,0.036575,0.999331,0,0.88000,-0.15053,52.800,-0.301,-1,475.000,-1,575.000,-1,375.000,375.000,300.000,300.000,-1,875.000,875.000,-1,-1,-1,-1,-1,2,1,2,1,2,1,1,0,0,2,0,0,2,2,2,2,2
62,-1476.501,-1958.918,-293.744,63.013,0.453794,-0.890547,0.031586,0.891106,0.453501,-0.016305,0.000196,0.035546,0.999368,0,0.96000,-0.14878,57.600,-0.298,-1,500.000,-1,-1,-1,400.000,425.000,300.000,300.000,-1,925.000,925.000,-1,-1,-1,-1,-1,2,1,2,2,2,1,1,0,0,2,0,0,2,2,2,2,2
63,-1449.000,-1905.592,-294.349,62.719,0.458318,-0.888273,0.030246,0.888788,0.458090,-0.014499,-0.000977,0.033528,0.999437,0,1.00000,-0.14677,60.000,-0.294,-1,550.000,-1,-1,-1,450.000,475.000,300.000,300.000,-1,-1,-1,-1,-1,-1,-1,-1,2,1,2,2,2,1,1,0,0,2,2,2,2,2,2,2,2
64,-1421.229,-1852.406,-295.047,62.431,0.462730,-0.886052,0.028154,0.886493,0.462614,-0.010886,-0.003379,0.029996,0.999544,0,1.00000,-0.14443,60.000,-0.289,-1,575.000,-1,-1,-1,475.000,525.000,300.000,300.000,-1,-1,-1,-1,-1,-1,-1,-1,2,1,2,2,2,1,1,0,0,2,2,2,2,2,2,2,2
65,-1393.196,-1799.357,-296.635,62.147,0.466971,-0.883806,0.028718,0.884230,0.467020,-0.005374,-0.008662,0.027903,0.999573,0,1.00000,-0.14173,60.000,-0.283,-1,-1,-1,-1,-1,525.000,-1,275.000,300.000,-1,-1,-1,-1,-1,-1,-1,-1,2,2,2,2,2,1,2,0,0,2,2,2,2,2,2,2,2
66,-1364.908,-1746.444,-300.524,61.870,0.470773,-0.881414,0.038509,0.882007,0.471226,0.003120,-0.020896,0.032496,0.999253,0,1.00000,-0.13863,60.000,-0.277,-1,-1,-1,-1,-1,525.000,-1,275.000,275.000,-1,-1,-1,-1,-1,-1,-1,-1,2,2,2,2,2,1,2,0,0,2,2,2,2,2,2,2,2
67,-1338.851,-1697.780,-304.693,61.833,0.470653,-0.880947,0.049172,0.881669,0.471714,0.012107,-0.033861,0.037655,0.998717,0,0.92000,-0.01863,55.200,-0.037,-1,-1,-1,-1,-1,-1,-1,275.000,275.000,-1,-1,-1,-1,-1,-1,-1,-1,2,2,2,2,2,2,2,0,0,2,2,2,2,2,2,2,2
68,-1315.217,-1653.263,-309.149,62.035,0.466545,-0.882382,0.061139,0.883218,0.468472,0.021426,-0.047548,0.044003,0.997899,0,0.84000,0.10137,50.400,0.203,-1,-1,-1,-1,-1,-1,-1,250.000,250.000,-1,-1,-1,-1,-1,-1,-1,-1,2,2,2,2,2,2,2,0,0,2,2,2,2,2,2,2,2
69,-1294.147,-1612.821,-313.644,62.478,0.458440,-0.885673,0.073595,0.886616,0.461483,0.030750,-0.061197,0.051153,0.996814,0,0.76000,0.22137,45.600,0.443,-1,-1,-1,-1,-1,-1,-1,250.000,225.000,-1,-1,-1,-1,-1,-1,-1,-1,2,2,2,2,2,2,2,0,0,2,2,2,2,2,2,2,2
70,-1275.727,-1576.413,-318.002,63.161,0.446327,-0.890728,0.085998,0.891784,0.450704,0.039849,-0.074254,0.058906,0.995498,0,0.68000,0.34137,40.800,0.683,-1,-1,-1,-1,-1,-1,-1,250.000,200.000,-1,-1,-1,-1,-1,-1,-1,-1,2,2,2,2,2,2,2,0,0,2,2,2,2,2,2,2,2
71,2295.611,4918.233,-90.853,174.535,-0.977094,-0.086817,-0.194294,0.158073,-0.907357,-0.389507,-0.142478,-0.411297,0.900297,1,0.00000,0.00000,36.000,0.923,-1,500.000,-1,375.000,375.000,425.000,350.000,550.000,200.000,350.000,0.000,0.000,-1,700.000,550.000,-1,500.000,2,1,2,1,1,1,1,1,1,1,1,1,2,1,1,2,1
72,3993.103,-9372.233,-175.142,-5.367,0.994631,0.093534,0.044277,-0.093393,0.995616,-0.005243,-0.044573,0.001080,0.999006,1,0.00000,0.00000,4.800,0.240,450.000,650.000,-1,950.000,-1,775.000,875.000,250.000,225.000,-1,-1,-1,-1,850.000,-1,825.000,-1,1,1,2,1,2,1,1,1,1,2,2,2,2,1,2,1,2
73,8199.154,3607.622,-9.396,-162.303,-0.952624,0.303837,0.013798,-0.304114,-0.952228,-0.027853,0.004676,-0.030729,0.999517,1,0.00000,0.00000,4.800,-0.240,325.000,275.000,-1,450.000,-1,250.000,300.000,400.000,275.000,-1,475.000,350.000,-1,400.000,875.000,300.000,-1,1,1,2,1,2,1,1,0,0,2,0,0,2,1,0,1,2
74,8196.010,3606.633,-9.299,-162.543,-0.953879,0.299850,0.014292,-0.300141,-0.953509,-0.027135,0.005492,-0.030173,0.999530,0,0.05494,-0.12000,3.296,-0.240,325.000,275.000,-1,450.000,-1,250.000,300.000,400.000,275.000,-1,475.000,350.000,-1,400.000,875.000,300.000,-1,1,1,2,1,2,1,1,0,0,2,0,0,2,1,0,1,2
75,8192.863,3605.673,-9.169,-163.023,-0.956344,0.291857,0.015028,-0.292167,-0.956004,-0.026349,0.006677,-0.029589,0.999540,0,0.05483,-0.24000,3.290,-0.480,325.000,275.000,-1,450.000,-1,275.000,300.000,400.000,275.000,-1,450.000,325.000,-1,400.000,875.000,300.000,-1,1,1,2,1,2,1,1,0,0,2,0,0,2,1,0,1,2
76,8189.731,3604.760,-9.010,-163.743,-0.959917,0.279826,0.016009,-0.280163,-0.959613,-0.025531,0.008218,-0.028992,0.999546,0,0.05438,-0.36000,3.263,-0.720,325.000,275.000,-1,450.000,-1,275.000,325.000,400.000,275.000,-1,450.000,325.000,-1,400.000,900.000,300.000,-1,1,1,2,0,2,1,1,0,0,2,0,0,2,1,0,1,2
77,8186.631,3603.912,-8.829,-164.703,-0.964447,0.263713,0.017234,-0.264083,-0.964183,-0.024730,0.010095,-0.028402,0.999546,0,0.05356,-0.48000,3.213,-0.960,325.000,300.000,-1,450.000,-1,275.000,325.000,400.000,275.000,-1,425.000,300.000,-1,400.000,900.000,300.000,-1,1,1,2,0,2,1,1,0,0,2,0,0,2,1,0,1,2
78,8183.585,3603.148,-8.632,-165.903,-0.969729,0.243467,0.018696,-0.243874,-0.969510,-0.024009,0.012281,-0.027842,0.999537,0,0.05234,-0.60000,3.140,-1.200,300.000,300.000,-1,450.000,-1,275.000,325.000,400.000,275.000,-1,425.000,275.000,-1,400.000,900.000,300.000,-1,1,1,2,0,2,1,1,0,0,2,0,0,2,1,0,1,2
79,8180.618,3602.482,-8.431,-167.343,-0.975505,0.219029,0.020380,-0.219481,-0.975335,-0.023445,0.014742,-0.027344,0.999517,0,0.05068,-0.72000,3.041,-1.440,300.000,300.000,-1,450.000,-1,275.000,325.000,400.000,275.000,-1,400.000,275.000,-1,425.000,900.000,300.000,-1,1,1,2,0,2,1,1,0,0,2,0,0,2,1,0,1,2
80,8177.759,3601.925,-8.241,-168.978,-0.981317,0.191113,0.022213,-0.191613,-0.981198,-0.023116,0.017377,-0.026940,0.999486,0,0.04854,-0.81750,2.912,-1.635,300.000,300.000,-1,450.000,-1,275.000,350.000,425.000,275.000,-1,400.000,250.000,-1,425.000,900.000,300.000,-1,1,1,2,0,2,1,1,0,0,2,0,0,2,1,0,1,2
81,8175.040,3601.476,-8.085,-170.602,-0.986298,0.163226,0.023969,-0.163774,-0.986229,-0.023036,0.019879,-0.026646,0.999447,0,0.04594,-0.81214,2.756,-1.624,300.000,300.000,-1,450.000,-1,300.000,350.000,425.000,275.000,-1,375.000,250.000,-1,450.000,900.000,325.000,-1,1,1,2,0,2,1,1,0,0,2,0,0,2,1,0,1,2
82,8172.472,3601.125,-7.962,-172.216,-0.990461,0.135390,0.025631,-0.135988,-0.990439,-0.023198,0.022246,-0.026462,0.999402,0,0.04320,-0.80680,2.592,-1.614,300.000,325.000,-1,450.000,-1,300.000,375.000,425.000,275.000,-1,375.000,250.000,-1,500.000,900.000,325.000,-1,1,1,2,0,2,1,1,0,0,2,0,0,2,1,0,1,2
83,8170.066,3600.864,-7.874,-173.819,-0.993819,0.107631,0.027182,-0.108279,-0.993841,-0.023591,0.024475,-0.026388,0.999352,0,0.04033,-0.80150,2.420,-1.603,300.000,325.000,-1,450.000,-1,300.000,375.000,425.000,275.000,-1,350.000,225.000,-1,525.000,900.000,325.000,-1,1,1,2,0,2,1,1,0,0,2,0,0,2,1,0,1,2
84,8167.832,3600.685,-7.820,-175.412,-0.996387,0.079970,0.028605,-0.080670,-0.996447,-0.024204,0.026567,-0.026424,0.999298,0,0.03734,-0.79624,2.240,-1.592,300.000,325.000,-1,450.000,-1,325.000,375.000,400.000,275.000,-1,350.000,225.000,-1,550.000,900.000,325.000,-1,1,1,2,0,2,1,0,1,0,2,0,0,2,1,0,1,2
85,8165.781,3600.578,-7.800,-176.994,-0.998177,0.052429,0.029886,-0.053183,-0.998271,-0.025023,0.028522,-0.026567,0.999240,0,0.03424,-0.79102,2.054,-1.582,300.000,325.000,-1,450.000,-1,325.000,375.000,375.000,275.000,-1,350.000,225.000,-1,575.000,900.000,325.000,-1,1,1,2,0,2,1,0,1,0,2,0,0,2,1,0,1,2
86,8163.919,3600.531,-7.815,-178.565,-0.999206,0.025029,0.031014,-0.025840,-0.999327,-0.026033,0.030341,-0.026813,0.999180,0,0.03103,-0.78586,1.862,-1.572,300.000,350.000,-1,450.000,-1,325.000,375.000,375.000,275.000,-1,350.000,225.000,-1,600.000,900.000,350.000,-1,1,1,2,0,2,1,0,1,0,2,0,0,2,1,0,1,2
87,8162.256,3600.535,-7.864,-180.127,-0.999486,-0.002212,0.031978,0.001342,-0.999629,-0.027217,0.032027,-0.027160,0.999118,0,0.02772,-0.78075,1.663,-1.562,300.000,350.000,-1,450.000,-1,350.000,375.000,350.000,275.000,-1,350.000,225.000,-1,625.000,900.000,350.000,-1,1,1,2,0,2,1,0,1,0,2,0,0,2,1,0,1,2
88,8160.796,3600.578,-7.947,-181.678,-0.999034,-0.029275,0.032772,0.028343,-0.999190,-0.028559,0.033581,-0.027602,0.999055,0,0.02433,-0.77570,1.460,-1.551,300.000,375.000,-1,450.000,-1,350.000,375.000,350.000,275.000,-1,350.000,225.000,-1,675.000,900.000,375.000,-1,1,1,2,0,2,1,0,1,0,2,0,0,2,1,0,1,2
89,8159.546,3600.648,-8.062,-183.220,-0.997864,-0.056142,0.033387,0.055146,-0.998026,-0.030040,0.035008,-0.028134,0.998991,0,0.02086,-0.77072,1.252,-1.541,300.000,375.000,-1,450.000,-1,375.000,375.000,325.000,275.000,-1,350.000,225.000,-1,700.000,875.000,-1,-1,1,1,2,0,2,1,0,1,0,2,0,0,2,1,0,2,2
90,8158.511,3600.734,-8.209,-184.751,-0.995992,-0.082796,0.033821,0.081734,-0.996152,-0.031641,0.036311,-0.028750,0.998927,0,0.01732,-0.76580,1.039,-1.532,300.000,375.000,-1,450.000,-1,375.000,375.000,325.000,275.000,-1,350.000,225.000,-1,725.000,875.000,-1,-1,1,1,2,0,2,1,0,1,0,2,0,0,2,1,0,2,2
91,8157.692,3600.824,-8.386,-186.273,-0.993433,-0.109221,0.034072,0.108094,-0.993581,-0.033345,0.037496,-0.029443,0.998863,0,0.01372,-0.76095,0.823,-1.522,300.000,400.000,-1,450.000,-1,400.000,375.000,300.000,275.000,-1,350.000,225.000,-1,750.000,875.000,-1,-1,1,1,2,0,2,1,0,1,0,2,0,0,2,1,0,2,2
92,8157.094,3600.906,-8.594,-187.786,-0.990202,-0.135403,0.034140,0.134209,-0.990330,-0.035133,0.038567,-0.030206,0.998799,0,0.01007,-0.75618,0.604,-1.512,325.000,400.000,-1,450.000,-1,400.000,375.000,300.000,275.000,-1,350.000,225.000,-1,800.000,875.000,-1,-1,1,1,2,0,2,0,0,1,0,2,0,0,2,1,0,2,2
93,8156.716,3600.967,-8.830,-189.288,-0.986314,-0.161327,0.034026,0.160068,-0.986413,-0.036984,0.039530,-0.031032,0.998736,0,0.00637,-0.75148,0.382,-1.503,325.000,425.000,-1,450.000,-1,400.000,375.000,275.000,275.000,-1,375.000,225.000,-1,825.000,875.000,-1,-1,1,1,2,0,2,0,0,1,0,2,0,0,2,1,0,2,2
94,8156.560,3600.997,-9.093,-190.782,-0.981784,-0.186980,0.033733,0.185656,-0.981845,-0.038883,0.040391,-0.031912,0.998674,0,0.00265,-0.74685,0.159,-1.494,325.000,425.000,-1,450.000,-1,400.000,375.000,275.000,275.000,-1,375.000,250.000,-1,850.000,850.000,-1,-1,1,1,2,0,2,0,0,1,0,2,0,0,2,1,0,2,2
95,8156.624,3600.983,-9.381,-192.267,-0.976627,-0.212349,0.033268,0.210962,-0.976642,-0.040810,0.041157,-0.032838,0.998613,0,-0.00111,-0.74231,-0.066,-1.485,350.000,450.000,-1,450.000,-1,375.000,375.000,275.000,275.000,-1,375.000,250.000,-1,875.000,850.000,-1,-1,1,1,2,0,2,0,0,1,0,2,0,0,2,1,0,2,2
96,8156.908,3600.913,-9.694,-193.742,-0.970858,-0.237423,0.032636,0.235976,-0.970818,-0.042750,0.041834,-0.033803,0.998553,0,-0.00488,-0.73785,-0.293,-1.476,-1,450.000,-1,450.000,-1,375.000,375.000,275.000,275.000,-1,375.000,250.000,-1,900.000,850.000,-1,-1,2,1,2,0,2,0,0,1,0,2,0,0,2,1,0,2,2
97,8157.409,3600.777,-10.030,-195.209,-0.964491,-0.262189,0.031846,0.260686,-0.964389,-0.044685,0.042428,-0.034797,0.998493,0,-0.00866,-0.73346,-0.519,-1.467,-1,475.000,-1,450.000,-1,375.000,375.000,250.000,300.000,-1,400.000,275.000,-1,925.000,850.000,-1,-1,2,1,2,0,2,0,0,1,0,2,0,0,2,1,0,2,2
98,8158.124,3600.562,-10.386,-196.668,-0.957541,-0.286637,0.030907,0.285082,-0.957370,-0.046601,0.042947,-0.035812,0.998435,0,-0.01244,-0.72916,-0.746,-1.458,-1,475.000,-1,450.000,-1,375.000,375.000,250.000,300.000,-1,400.000,275.000,-1,975.000,850.000,-1,-1,2,1,2,0,2,0,0,1,0,2,0,0,2,1,0,2,2
99,8159.049,3600.260,-10.762,-198.118,-0.950021,-0.310758,0.029828,0.309155,-0.949775,-0.048485,0.043397,-0.036840,0.998378,0,-0.01622,-0.72494,-0.973,-1.450,-1,475.000,-1,425.000,-1,375.000,375.000,250.000,300.000,-1,425.000,300.000,-1,1000.000,825.000,-1,-1,2,0,2,0,2,0,0,1,0,2,0,0,2,1,0,2,2
100,8160.179,3599.858,-11.156,-199.559,-0.941947,-0.334541,0.028622,0.332896,-0.941620,-0.050322,0.043786,-0.037872,0.998323,0,-0.01999,-0.72080,-1.199,-1.442,-1,475.000,-1,425.000,-1,375.000,350.000,225.000,300.000,-1,425.000,325.000,-1,975.000,825.000,-1,-1,2,0,2,0,2,0,0,1,0,2,0,0,2,0,0,2,2
101,8156.811,3601.134,-11.399,-200.761,-0.934765,-0.354201,0.027516,0.352521,-0.934364,-0.051890,0.044089,-0.038805,0.998274,0,0.06001,-0.60080,3.601,-1.202,-1,475.000,-1,425.000,-1,375.000,350.000,225.000,300.000,-1,450.000,325.000,-1,975.000,825.000,-1,-1,2,0,2,0,2,0,0,1,0,2,0,0,2,0,0,2,2
102,8149.007,3604.243,-11.496,-201.722,-0.928727,-0.369818,0.026470,0.368113,-0.928255,-0.053254,0.044265,-0.039714,0.998230,0,0.14001,-0.48080,8.401,-0.962,-1,475.000,-1,425.000,-1,375.000,350.000,225.000,300.000,-1,450.000,350.000,-1,950.000,825.000,-1,-1,2,0,2,0,2,0,0,1,0,2,0,0,2,0,0,2,2
103,8136.806,3609.282,-11.453,-202.444,-0.924033,-0.381465,0.025440,0.379740,-0.923488,-0.054470,0.044272,-0.040672,0.998191,0,0.22001,-0.36080,13.201,-0.722,-1,450.000,-1,425.000,-1,375.000,350.000,225.000,300.000,-1,475.000,350.000,-1,925.000,825.000,-1,-1,2,0,2,0,2,0,0,1,0,2,0,0,2,0,0,2,2
104,8120.227,3616.294,-11.279,-202.926,-0.920832,-0.389196,0.024382,0.387461,-0.920209,-0.055590,0.044072,-0.041741,0.998156,0,0.30001,-0.24080,18.001,-0.482,-1,450.000,-1,425.000,-1,350.000,350.000,200.000,300.000,-1,475.000,375.000,-1,925.000,825.000,-1,-1,2,0,2,0,2,0,0,1,0,2,0,0,2,0,0,2,2
105,8099.265,3625.264,-10.985,-203.167,-0.919222,-0.393053,0.023253,0.391315,-0.918511,-0.056657,0.043627,-0.042981,0.998123,0,0.38001,-0.12080,22.801,-0.242,-1,450.000,-1,425.000,-1,350.000,350.000,200.000,300.000,-1,500.000,400.000,-1,900.000,800.000,-1,-1,2,0,2,0,2,0,0,1,0,2,0,0,2,0,0,2,2
106,8073.890,3636.122,-10.582,-203.169,-0.919252,-0.393053,0.022017,0.391324,-0.918441,-0.057712,0.042905,-0.044437,0.998090,0,0.46001,-0.00080,27.601,-0.002,-1,450.000,-1,425.000,-1,350.000,350.000,200.000,300.000,-1,500.000,400.000,-1,900.000,800.000,-1,-1,2,0,2,0,2,0,0,1,0,2,0,0,2,0,0,2,2
107,8044.049,3648.745,-10.082,-202.930,-0.920923,-0.389198,0.020649,0.387489,-0.919998,-0.058795,0.041880,-0.046144,0.998057,0,0.54001,0.11920,32.401,0.238,-1,450.000,-1,425.000,-1,350.000,350.000,200.000,300.000,-1,525.000,425.000,-1,875.000,800.000,-1,-1,2,0,2,0,2,0,0,1,0,2,0,0,2,0,0,2,2
108,8009.668,3662.951,-9.497,-202.452,-0.924184,-0.381468,0.019145,0.379791,-0.923129,-0.059934,0.040536,-0.048119,0.998019,0,0.62001,0.23920,37.201,0.478,-1,425.000,-1,425.000,-1,350.000,350.000,175.000,300.000,-1,550.000,450.000,-1,875.000,800.000,-1,-1,2,0,2,0,2,0,0,1,0,2,0,0,2,0,0,2,2
109,7970.653,3678.504,-7.859,-201.734,-0.928935,-0.369893,0.016058,0.368514,-0.927915,-0.056318,0.035733,-0.046398,0.998284,0,0.70001,0.35920,42.001,0.718,-1,425.000,-1,400.000,-1,350.000,325.000,175.000,300.000,-1,800.000,675.000,-1,850.000,750.000,-1,-1,2,0,2,0,2,0,0,1,0,2,0,0,2,0,0,2,2
110,7926.896,3695.104,-6.166,-200.775,-0.935034,-0.354344,0.012332,0.353270,-0.934034,-0.052737,0.030206,-0.044955,0.998532,0,0.78001,0.47920,46.801,0.958,-1,425.000,-1,400.000,-1,325.000,325.000,175.000,300.000,-1,-1,-1,-1,825.000,725.000,-1,-1,2,0,2,0,2,0,0,1,0,2,2,2,2,0,0,2,2
111,7878.279,3712.394,-4.551,-199.577,-0.942273,-0.334743,0.008264,0.333949,-0.941270,-0.049883,0.024477,-0.044243,0.998721,0,0.86001,0.59920,51.601,1.198,-1,425.000,-1,375.000,-1,325.000,325.000,175.000,300.000,-1,-1,-1,-1,800.000,700.000,-1,-1,2,0,2,0,2,0,0,1,0,2,2,2,2,0,0,2,2
112,7824.991,3730.346,-3.023,-198.618,-0.947763,-0.318954,0.003665,0.318426,-0.946743,-0.047779,0.018709,-0.044116,0.998851,0,0.93719,0.47920,56.231,0.958,-1,400.000,-1,375.000,-1,325.000,325.000,175.000,300.000,-1,-1,-1,-1,775.000,675.000,-1,-1,2,0,2,0,2,0,0,1,0,2,2,2,2,0,0,2,2
113,7771.998,3747.445,-1.657,-197.885,-0.951775,-0.306794,-0.000865,0.306497,-0.950722,-0.046757,0.013522,-0.044767,0.998906,0,0.92805,0.36688,55.683,0.734,-1,400.000,-1,375.000,-1,325.000,300.000,175.000,300.000,-1,-1,-1,-1,750.000,650.000,-1,-1,2,0,2,0,2,0,0,1,0,2,2,2,2,0,0,2,2
114,7719.354,3763.690,-0.329,-197.151,-0.955618,-0.294573,-0.004601,0.294458,-0.954508,-0.047000,0.009453,-0.046269,0.998884,0,0.91824,0.36690,55.095,0.734,-1,375.000,-1,350.000,-1,300.000,300.000,175.000,300.000,-1,-1,-1,-1,725.000,625.000,-1,-1,2,0,2,0,2,0,0,1,0,2,2,2,2,0,0,2,2
115,7667.058,3779.099,1.123,-196.418,-0.959295,-0.282330,-0.006576,0.282319,-0.958161,-0.047150,0.007011,-0.047087,0.998866,0,0.90865,0.36643,54.519,0.733,-1,375.000,-1,350.000,-1,300.000,300.000,175.000,300.000,-1,-1,-1,-1,700.000,625.000,-1,-1,2,0,2,0,2,0,0,1,0,2,2,2,2,0,0,2,2
116,7615.103,3793.690,2.748,-195.687,-0.962814,-0.270084,-0.006658,0.270093,-0.961689,-0.046956,0.006280,-0.047008,0.998875,0,0.89942,0.36550,53.965,0.731,-1,375.000,-1,350.000,-1,300.000,300.000,175.000,300.000,-1,-1,-1,-1,700.000,625.000,-1,-1,2,0,2,0,2,0,0,1,0,2,2,2,2,0,0,2,2
117,7563.473,3807.484,4.184,-194.959,-0.966168,-0.257832,-0.006469,0.257844,-0.965021,-0.047456,0.005993,-0.047518,0.998852,0,0.89068,0.36414,53.441,0.728,-1,375.000,-1,350.000,-1,300.000,300.000,200.000,300.000,-1,-1,-1,-1,700.000,625.000,-1,-1,2,0,2,0,2,0,0,1,0,2,2,2,2,0,0,2,2
118,7512.147,3820.504,5.445,-194.234,-0.969354,-0.245593,-0.006009,0.245590,-0.968156,-0.048581,0.006114,-0.048568,0.998801,0,0.88254,0.36236,52.952,0.725,-1,375.000,-1,350.000,-1,300.000,300.000,200.000,300.000,-1,-1,-1,-1,700.000,625.000,-1,-1,2,0,2,0,2,0,0,1,0,2,2,2,2,0,0,2,2
119,7461.097,3832.771,6.541,-193.514,-0.972371,-0.233383,-0.005277,0.233349,-0.971093,-0.050267,0.006607,-0.050110,0.998722,0,0.87505,0.36021,52.503,0.720,-1,375.000,-1,350.000,-1,300.000,300.000,200.000,300.000,-1,-1,-1,-1,700.000,625.000,-1,-1,2,0,2,0,2,0,0,1,0,2,2,2,2,0,0,2,2
120,7410.294,3844.311,7.483,-192.798,-0.975215,-0.221217,-0.004277,0.221133,-0.973832,-0.052453,0.007439,-0.052099,0.998614,0,0.86828,0.35770,52.097,0.715,-1,375.000,-1,350.000,-1,300.000,300.000,200.000,300.000,-1,-1,-1,-1,725.000,625.000,-1,-1,2,0,2,0,2,0,0,1,0,2,2,2,2,0,0,2,2
121,7359.707,3855.144,8.283,-192.088,-0.977887,-0.209111,-0.003012,0.208957,-0.976372,-0.055083,0.008578,-0.054495,0.998477,0,0.86224,0.35486,51.734,0.710,-1,375.000,-1,350.000,-1,300.000,300.000,200.000,300.000,-1,-1,-1,-1,725.000,625.000,-1,-1,2,0,2,0,2,0,0,1,0,2,2,2,2,0,0,2,2
122,7309.303,3865.291,8.949,-191.385,-0.980387,-0.197078,-0.001489,0.196830,-0.978714,-0.058103,0.009994,-0.057256,0.998309,0,0.85693,0.35172,51.416,0.703,-1,375.000,-1,350.000,-1,300.000,300.000,200.000,300.000,-1,-1,-1,-1,725.000,650.000,-1,-1,2,0,2,0,2,0,0,1,0,2,2,2,2,0,0,2,2
123,7259.049,3874.774,9.382,-190.688,-0.982715,-0.185126,0.000550,0.184737,-0.980833,-0.061957,0.012009,-0.060784,0.998079,0,0.85235,0.34830,51.141,0.697,-1,375.000,-1,350.000,-1,300.000,300.000,200.000,300.000,550.000,-1,-1,-1,725.000,650.000,-1,-1,2,0,2,0,2,0,0,1,0,1,2,2,2,0,0,2,2
124,7208.914,3883.611,9.726,-189.999,-0.984868,-0.173273,0.003233,0.172685,-0.982760,-0.066054,0.014623,-0.064497,0.997811,0,0.84846,0.34462,50.908,0.689,-1,375.000,-1,375.000,-1,300.000,300.000,225.000,300.000,400.000,-1,-1,-1,725.000,650.000,-1,-1,2,0,2,0,2,0,0,1,0,1,2,2,2,0,0,2,2
125,7153.941,3892.627,10.255,-189.316,-0.986854,-0.161507,0.005877,0.160701,-0.984491,-0.070376,0.017152,-0.068507,0.997503,0,0.92846,0.34138,55.708,0.683,-1,375.000,-1,375.000,-1,300.000,300.000,225.000,300.000,350.000,-1,-1,-1,750.000,675.000,-1,-1,2,0,2,0,2,0,0,1,0,1,2,2,2,0,0,2,2
126,7098.048,3901.108,10.956,-188.631,-0.988699,-0.149675,0.008487,0.148632,-0.986053,-0.074886,0.019577,-0.072778,0.997156,0,0.94222,0.34265,56.533,0.685,-1,400.000,-1,375.000,-1,325.000,300.000,225.000,300.000,350.000,-1,-1,-1,750.000,700.000,-1,-1,2,0,2,0,2,0,0,1,0,1,2,2,2,0,0,2,2
127,7042.488,3908.858,11.674,-187.944,-0.990399,-0.137799,0.010988,0.136516,-0.987481,-0.079022,0.021740,-0.076763,0.996812,0,0.93496,0.34353,56.098,0.687,-1,400.000,-1,375.000,-1,325.000,300.000,225.000,325.000,350.000,-1,-1,-1,750.000,700.000,-1,-1,2,0,2,0,2,0,0,1,0,1,2,2,2,0,0,2,2
128,6987.277,3915.884,12.408,-187.256,-0.991953,-0.125895,0.013369,0.124376,-0.988775,-0.082791,0.023642,-0.080462,0.996477,0,0.92761,0.34400,55.657,0.688,-1,400.000,-1,375.000,-1,325.000,325.000,225.000,325.000,375.000,875.000,1000.000,-1,750.000,725.000,-1,-1,2,0,2,0,2,0,0,1,0,1,0,0,2,0,0,2,2
129,6932.423,3922.199,13.735,-186.568,-0.993381,-0.114001,0.014039,0.112445,-0.990127,-0.083689,0.023441,-0.081556,0.996393,0,0.92028,0.34404,55.217,0.688,-1,400.000,-1,375.000,-1,325.000,325.000,225.000,325.000,375.000,875.000,1000.000,-1,750.000,725.000,-1,-1,2,0,2,0,2,0,0,1,0,1,0,0,2,0,0,2,2
130,6877.929,3927.811,15.008,-185.881,-0.994665,-0.102106,0.014697,0.100515,-0.991335,-0.084567,0.023204,-0.082639,0.996309,0,0.91306,0.34369,54.783,0.687,-1,400.000,-1,375.000,-1,325.000,325.000,225.000,325.000,400.000,875.000,-1,-1,775.000,725.000,-1,-1,2,0,2,0,2,0,0,1,0,1,0,2,2,0,0,2,2
131,6823.790,3932.732,16.225,-185.195,-0.995803,-0.090223,0.015342,0.088599,-0.992397,-0.085426,0.022933,-0.083708,0.996226,0,0.90605,0.34295,54.363,0.686,-1,400.000,-1,375.000,-1,325.000,325.000,225.000,325.000,425.000,900.000,-1,-1,775.000,725.000,-1,-1,2,0,2,0,2,0,0,1,0,1,0,2,2,0,0,2,2
132,6769.997,3936.975,17.386,-184.511,-0.996796,-0.078369,0.015976,0.076713,-0.993314,-0.086265,0.022630,-0.084763,0.996144,0,0.89933,0.34183,53.960,0.684,-1,400.000,-1,375.000,-1,325.000,325.000,250.000,325.000,425.000,900.000,-1,-1,775.000,725.000,-1,-1,2,0,2,0,2,0,0,1,0,1,0,2,2,0,0,2,2
133,6720.935,3940.049,18.378,-183.587,-0.997918,-0.062341,0.016543,0.060676,-0.994358,-0.087009,0.021874,-0.085824,0.996070,0,0.81933,0.46183,49.160,0.924,-1,400.000,-1,375.000,-1,325.000,325.000,250.000,325.000,450.000,900.000,-1,-1,775.000,725.000,-1,-1,2,0,2,0,2,0,0,1,0,1,0,2,2,0,0,2,2
134,6676.623,3942.081,19.211,-182.627,-0.998811,-0.045663,0.017046,0.044001,-0.995178,-0.087660,0.020966,-0.086806,0.996005,0,0.73933,0.48015,44.360,0.960,-1,400.000,-1,375.000,-1,325.000,325.000,250.000,325.000,475.000,925.000,-1,-1,775.000,725.000,-1,-1,2,0,2,0,2,0,0,1,0,1,0,2,2,0,0,2,2
135,6633.758,3943.330,19.955,-181.670,-0.999425,-0.029033,0.017520,0.027378,-0.995720,-0.088274,0.020008,-0.087743,0.995942,0,0.71472,0.47849,42.883,0.957,-1,400.000,-1,375.000,-1,325.000,325.000,250.000,325.000,475.000,925.000,-1,-1,775.000,725.000,-1,-1,2,0,2,0,2,0,0,1,0,1,0,2,2,0,0,2,2
136,6591.072,3943.863,20.634,-180.717,-0.999761,-0.012460,0.017982,0.010814,-0.995985,-0.088870,0.019017,-0.088654,0.995881,0,0.71151,0.47671,42.690,0.953,-1,400.000,-1,375.000,-1,325.000,325.000,250.000,325.000,500.000,950.000,-1,-1,775.000,725.000,-1,-1,2,0,2,0,2,0,0,1,0,1,0,2,2,0,0,2,2
