timestep,x_cm,y_cm,z_cm,yaw_deg,basis_xx,basis_xy,basis_xz,basis_yx,basis_yy,basis_yz,basis_zx,basis_zy,basis_zz,teleport_flag,throttle_cmd,steering_cmd,cmd_move_cm,cmd_turn_deg,lidar_cm_0,lidar_cm_1,lidar_cm_2,lidar_cm_3,lidar_cm_4,lidar_cm_5,lidar_cm_6,lidar_cm_7,lidar_cm_8,lidar_cm_9,lidar_cm_10,lidar_cm_11,lidar_cm_12,lidar_cm_13,lidar_cm_14,lidar_cm_15,lidar_cm_16,lidar_class_0,lidar_class_1,lidar_class_2,lidar_class_3,lidar_class_4,lidar_class_5,lidar_class_6,lidar_class_7,lidar_class_8,lidar_class_9,lidar_class_10,lidar_class_11,lidar_class_12,lidar_class_13,lidar_class_14,lidar_class_15,lidar_class_16
0,-1641.957,-3611.930,113.082,-116.346,-0.443883,0.895893,-0.018571,-0.896072,-0.443668,0.014633,0.004871,0.023136,0.999720,1,0.08000,0.12000,4.800,0.240,-1,400.000,-1,375.000,-1,325.000,325.000,325.000,300.000,-1,775.000,875.000,-1,775.000,725.000,-1,-1,2,0,2,0,2,0,0,0,0,2,0,0,2,0,0,2,2
1,-1646.146,-3620.568,113.127,-115.866,-0.436364,0.899582,-0.018420,-0.899755,-0.436149,0.014636,0.005132,0.022960,0.999723,0,0.16000,0.24000,9.600,0.480,-1,400.000,-1,375.000,-1,325.000,325.000,325.000,300.000,-1,775.000,900.000,-1,775.000,725.000,-1,-1,2,0,2,0,2,0,0,0,0,2,0,0,2,0,0,2,2
2,-1652.265,-3633.604,113.201,-115.146,-0.425029,0.904997,-0.018193,-0.905163,-0.424813,0.014637,0.005518,0.022689,0.999727,0,0.24000,0.36000,14.400,0.720,-1,400.000,-1,375.000,-1,325.000,325.000,325.000,300.000,-1,800.000,900.000,-1,775.000,725.000,-1,-1,2,0,2,0,2,0,0,0,0,2,0,0,2,0,0,2,2
3,-1660.131,-3651.118,113.311,-114.186,-0.409811,0.911995,-0.017890,-0.912150,-0.409594,0.014634,0.006019,0.022315,0.999733,0,0.32000,0.48000,19.200,0.960,-1,400.000,-1,375.000,-1,325.000,325.000,325.000,300.000,-1,825.000,950.000,-1,775.000,725.000,-1,-1,2,0,2,0,2,0,0,0,0,2,0,0,2,0,0,2,2
4,-1669.503,-3673.213,113.464,-112.986,-0.390627,0.920383,-0.017509,-0.920525,-0.390409,0.014625,0.006625,0.021830,0.999740,0,0.40000,0.60000,24.000,1.200,-1,400.000,-1,375.000,-1,325.000,325.000,325.000,300.000,-1,850.000,975.000,-1,775.000,725.000,-1,-1,2,0,2,0,2,0,0,0,0,2,0,0,2,0,0,2,2
5,-1680.138,-3699.977,113.670,-111.671,-0.369414,0.929109,-0.017051,-0.929237,-0.369196,0.014611,0.007280,0.021242,0.999748,0,0.48000,0.65728,28.800,1.315,-1,400.000,-1,375.000,-1,325.000,325.000,325.000,300.000,-1,900.000,-1,-1,775.000,725.000,-1,-1,2,0,2,0,2,0,0,0,0,2,0,2,2,0,0,2,2
6,-1691.827,-3731.478,113.940,-110.357,-0.348005,0.937347,-0.016519,-0.937459,-0.347789,0.014594,0.007935,0.020565,0.999757,0,0.56000,0.65728,33.600,1.315,-1,400.000,-1,375.000,-1,325.000,325.000,325.000,300.000,-1,950.000,-1,-1,775.000,750.000,-1,-1,2,0,2,0,2,0,0,0,0,2,0,2,2,0,0,2,2
7,-1704.355,-3767.777,114.283,-109.042,-0.326411,0.945094,-0.015916,-0.945189,-0.326199,0.014572,0.008580,0.019800,0.999767,0,0.64000,0.65728,38.400,1.315,-1,400.000,-1,375.000,-1,325.000,325.000,300.000,300.000,-1,1000.000,-1,-1,775.000,750.000,-1,-1,2,0,2,0,2,0,0,0,0,2,0,2,2,0,0,2,2
8,-1717.509,-3808.925,114.705,-107.728,-0.304644,0.952344,-0.015246,-0.952422,-0.304436,0.014539,0.009205,0.018950,0.999778,0,0.72000,0.65728,43.200,1.315,-1,400.000,-1,375.000,-1,325.000,325.000,300.000,300.000,-1,-1,-1,-1,775.000,750.000,-1,-1,2,0,2,0,2,0,0,0,0,2,2,2,2,0,0,2,2
9,-1731.072,-3854.969,115.204,-106.413,-0.282715,0.959095,-0.014448,-0.959154,-0.282513,0.014516,0.009841,0.017962,0.999790,0,0.80000,0.65728,48.000,1.315,-1,400.000,-1,400.000,-1,325.000,325.000,300.000,300.000,-1,-1,-1,-1,775.000,750.000,-1,-1,2,0,2,0,2,0,0,0,0,2,2,2,2,0,0,2,2
10,-1744.826,-3905.947,115.757,-105.098,-0.260632,0.965345,-0.013422,-0.965382,-0.260442,0.014420,0.010425,0.016716,0.999806,0,0.88000,0.65728,52.800,1.315,-1,400.000,-1,400.000,-1,325.000,325.000,300.000,300.000,-1,-1,-1,-1,775.000,750.000,-1,-1,2,0,2,0,2,0,0,0,0,2,2,2,2,0,0,2,2
11,-1758.287,-3960.815,116.375,-103.784,-0.238408,0.971088,-0.012266,-0.971104,-0.238233,0.014221,0.010888,0.015302,0.999824,0,0.94159,0.65728,56.495,1.315,-1,400.000,-1,400.000,-1,325.000,325.000,300.000,300.000,-1,-1,-1,-1,775.000,750.000,-1,-1,2,0,2,0,2,0,0,0,0,2,2,2,2,0,0,2,2
12,-1770.485,-4015.978,116.956,-102.469,-0.216060,0.976314,-0.011387,-0.976315,-0.215896,0.014099,0.011307,0.014163,0.999836,0,0.94159,0.65728,56.495,1.315,-1,400.000,-1,400.000,-1,325.000,325.000,300.000,300.000,-1,-1,-1,-1,800.000,750.000,-1,-1,2,0,2,0,2,0,0,0,0,2,2,2,2,0,0,2,2
13,-1781.415,-4071.406,117.464,-101.155,-0.193598,0.981020,-0.010956,-0.981014,-0.193443,0.013814,0.011433,0.013422,0.999845,0,0.94159,0.65728,56.495,1.315,-1,400.000,-1,400.000,-1,325.000,325.000,300.000,300.000,-1,-1,-1,-1,800.000,775.000,-1,-1,2,0,2,0,2,0,0,0,0,2,2,2,2,0,0,2,2
14,-1791.170,-4127.684,118.011,-99.834,-0.170924,0.985228,-0.010523,-0.985217,-0.170778,0.013484,0.011488,0.012672,0.999854,0,0.95196,0.66047,57.118,1.321,-1,400.000,-1,400.000,-1,325.000,325.000,300.000,300.000,-1,-1,-1,-1,800.000,775.000,-1,-1,2,0,2,0,2,0,0,0,0,2,2,2,2,0,0,2,2
15,-1799.762,-4185.145,118.600,-98.504,-0.148003,0.988936,-0.010078,-0.988920,-0.147867,0.013107,0.011472,0.011906,0.999863,0,0.96832,0.66496,58.099,1.330,-1,400.000,-1,400.000,-1,325.000,325.000,300.000,300.000,-1,-1,-1,-1,800.000,775.000,-1,-1,2,0,2,0,2,0,0,0,0,2,2,2,2,0,0,2,2
16,-1807.136,-4243.793,119.228,-97.166,-0.124865,0.992127,-0.009616,-0.992108,-0.124740,0.012684,0.011385,0.011124,0.999873,0,0.98516,0.66888,59.110,1.338,-1,400.000,-1,400.000,-1,325.000,325.000,300.000,300.000,-1,-1,-1,-1,800.000,775.000,-1,-1,2,0,2,0,2,0,0,0,0,2,2,2,2,0,0,2,2
17,-1813.222,-4303.483,119.893,-95.822,-0.101544,0.994789,-0.009132,-0.994768,-0.101429,0.012217,0.011227,0.010325,0.999884,0,1.00000,0.67219,60.000,1.344,-1,400.000,-1,400.000,-1,325.000,325.000,300.000,300.000,-1,-1,-1,-1,800.000,775.000,-1,-1,2,0,2,0,2,0,0,0,0,2,2,2,2,0,0,2,2
18,-1817.901,-4363.300,120.583,-94.472,-0.078074,0.996910,-0.008626,-0.996887,-0.077971,0.011714,0.011005,0.009514,0.999894,0,1.00000,0.67484,60.000,1.350,-1,400.000,-1,400.000,-1,325.000,325.000,300.000,300.000,-1,-1,-1,-1,800.000,800.000,-1,-1,2,0,2,0,2,0,0,0,0,2,2,2,2,0,0,2,2
19,-1821.165,-4423.211,121.293,-93.119,-0.054495,0.998481,-0.008092,-0.998457,-0.054403,0.011179,0.010722,0.008689,0.999905,0,1.00000,0.67672,60.000,1.353,-1,400.000,-1,400.000,-1,325.000,325.000,300.000,300.000,-1,-1,-1,-1,800.000,800.000,-1,-1,2,0,2,0,2,0,0,0,0,2,2,2,2,0,0,2,2
20,-1823.011,-4483.183,122.022,-91.763,-0.030847,0.999496,-0.007524,-0.999470,-0.030766,0.010618,0.010381,0.007848,0.999915,0,1.00000,0.67780,60.000,1.356,-1,400.000,975.000,400.000,-1,325.000,325.000,300.000,300.000,-1,-1,-1,-1,775.000,800.000,1000.000,975.000,2,0,1,0,2,0,0,0,0,2,2,2,2,0,0,1,1
21,-1823.438,-4543.182,122.766,-90.407,-0.007173,0.999950,-0.006918,-0.999924,-0.007104,0.010035,0.009986,0.006989,0.999926,0,1.00000,0.67803,60.000,1.356,-1,400.000,900.000,400.000,-1,325.000,325.000,300.000,300.000,-1,-1,-1,-1,775.000,775.000,950.000,900.000,2,0,1,0,2,0,0,0,0,2,2,2,2,1,1,1,1
22,-1822.445,-4603.173,123.424,-89.052,0.016479,0.999843,-0.006500,-0.999818,0.016540,0.009509,0.009615,0.006342,0.999934,0,1.00000,0.67739,60.000,1.355,-1,400.000,850.000,400.000,925.000,325.000,325.000,300.000,300.000,-1,-1,-1,-1,725.000,725.000,925.000,825.000,2,0,1,0,1,0,0,0,0,2,2,2,2,1,1,1,1
23,-1820.038,-4663.125,123.801,-87.701,0.040064,0.999176,-0.006557,-0.999156,0.040121,0.008788,0.009043,0.006199,0.999940,0,1.00000,0.67583,60.000,1.352,-1,400.000,775.000,400.000,850.000,325.000,325.000,300.000,300.000,-1,-1,-1,-1,700.000,675.000,875.000,775.000,2,0,1,0,1,0,0,0,0,2,2,2,2,1,1,1,1
24,-1816.223,-4723.003,124.192,-86.354,0.063539,0.997958,-0.006569,-0.997943,0.063591,0.008073,0.008474,0.006043,0.999946,0,1.00000,0.67330,60.000,1.347,-1,400.000,725.000,400.000,750.000,325.000,325.000,300.000,300.000,-1,-1,-1,-1,650.000,600.000,825.000,700.000,2,0,1,0,1,0,0,0,0,2,2,2,2,1,1,1,1
25,-1811.228,-4777.977,124.564,-84.809,0.090428,0.995882,-0.006537,-0.995871,0.090476,0.007409,0.007970,0.005840,0.999951,0,0.92000,0.77253,55.200,1.545,-1,400.000,650.000,400.000,675.000,325.000,325.000,300.000,300.000,-1,-1,-1,-1,600.000,550.000,800.000,625.000,2,0,1,0,1,0,0,0,0,2,2,2,2,1,1,1,1
26,-1805.326,-4828.030,124.917,-83.275,0.117056,0.993104,-0.006463,-0.993097,0.117100,0.006815,0.007524,0.005621,0.999956,0,0.84000,0.76689,50.400,1.534,-1,400.000,600.000,400.000,600.000,325.000,325.000,300.000,300.000,-1,-1,-1,-1,575.000,500.000,775.000,550.000,2,0,1,0,1,0,0,0,0,2,2,2,2,1,1,1,1
27,-1798.787,-4873.159,125.249,-81.755,0.143364,0.989650,-0.006356,-0.989644,0.143403,0.006291,0.007138,0.005388,0.999960,0,0.76000,0.76005,45.600,1.520,-1,400.000,575.000,400.000,550.000,325.000,325.000,300.000,300.000,-1,-1,-1,-1,550.000,475.000,750.000,500.000,2,0,1,0,1,0,0,0,0,2,2,2,2,1,1,1,1
28,-1791.878,-4913.370,125.557,-80.251,0.169297,0.985545,-0.006223,-0.985542,0.169334,0.005839,0.006808,0.005145,0.999964,0,0.68000,0.75212,40.800,1.504,-1,400.000,525.000,375.000,500.000,325.000,325.000,300.000,300.000,-1,-1,-1,-1,525.000,425.000,775.000,450.000,2,0,1,1,1,0,0,0,0,2,2,2,2,1,1,1,1
29,-1784.864,-4948.680,125.839,-78.764,0.194811,0.980822,-0.006073,-0.980819,0.194844,0.005455,0.006534,0.004893,0.999967,0,0.60000,0.74327,36.000,1.487,-1,400.000,500.000,350.000,450.000,325.000,325.000,300.000,300.000,-1,-1,-1,-1,500.000,400.000,-1,425.000,2,0,1,1,1,0,0,0,0,2,2,2,2,1,1,2,1
30,-1778.003,-4979.116,126.092,-77.297,0.219866,0.975512,-0.005911,-0.975510,0.219897,0.005136,0.006310,0.004637,0.999969,0,0.52000,0.73368,31.200,1.467,-1,400.000,475.000,325.000,400.000,325.000,325.000,300.000,300.000,-1,-1,-1,-1,500.000,375.000,-1,375.000,2,1,1,1,1,0,1,0,0,2,2,2,2,1,1,2,1
31,-1771.549,-5004.715,126.314,-75.850,0.244434,0.969649,-0.005744,-0.969647,0.244462,0.004878,0.006134,0.004377,0.999972,0,0.44000,0.72354,26.400,1.447,-1,375.000,475.000,300.000,375.000,325.000,300.000,300.000,300.000,-1,-1,-1,-1,475.000,350.000,-1,350.000,2,1,1,1,1,1,1,0,0,2,2,2,2,1,1,2,1
32,-1765.749,-5025.522,126.503,-74.424,0.268493,0.963266,-0.005578,-0.963263,0.268519,0.004674,0.006000,0.004118,0.999974,0,0.36000,0.71307,21.600,1.426,-1,375.000,450.000,300.000,325.000,300.000,275.000,300.000,300.000,-1,-1,-1,-1,475.000,325.000,-1,325.000,2,1,1,1,1,1,1,0,0,2,2,2,2,1,1,2,1
33,-1760.842,-5041.589,126.658,-73.019,0.292033,0.956393,-0.005417,-0.956390,0.292057,0.004519,0.005904,0.003861,0.999975,0,0.28000,0.70249,16.800,1.405,-1,375.000,450.000,275.000,325.000,300.000,275.000,300.000,300.000,-1,-1,-1,-1,475.000,325.000,-1,300.000,2,1,1,1,1,1,1,0,0,2,2,2,2,1,1,2,1
34,-1757.062,-5052.978,126.776,-71.635,0.315050,0.949060,-0.005268,-0.949057,0.315074,0.004407,0.005842,0.003611,0.999976,0,0.20000,0.69204,12.000,1.384,-1,350.000,450.000,275.000,300.000,300.000,275.000,300.000,300.000,-1,-1,-1,-1,475.000,300.000,-1,300.000,2,1,1,1,1,1,1,0,0,2,2,2,2,1,1,2,1
35,-1754.631,-5059.755,126.856,-70.271,0.337552,0.941293,-0.005132,-0.941289,0.337575,0.004332,0.005811,0.003369,0.999977,0,0.12000,0.68195,7.200,1.364,-1,375.000,450.000,275.000,275.000,300.000,275.000,300.000,300.000,-1,-1,-1,-1,500.000,300.000,-1,275.000,2,1,1,1,1,1,1,0,0,2,2,2,2,1,1,2,1
36,-1753.768,-5061.995,126.896,-68.926,0.359553,0.933111,-0.005016,-0.933107,0.359574,0.004290,0.005807,0.003138,0.999978,0,0.04000,0.67244,2.400,1.345,-1,375.000,475.000,275.000,275.000,300.000,275.000,300.000,300.000,-1,-1,-1,-1,525.000,300.000,-1,275.000,2,1,1,1,1,1,1,0,0,2,2,2,2,1,1,2,1
37,-1754.683,-5059.776,126.897,-67.598,0.381073,0.924532,-0.004922,-0.924527,0.381093,0.004277,0.005830,0.002921,0.999979,0,-0.04000,0.66369,-2.400,1.327,-1,375.000,500.000,275.000,275.000,300.000,275.000,300.000,300.000,-1,-1,-1,-1,525.000,300.000,-1,275.000,2,1,1,1,1,1,1,0,0,2,2,2,2,1,1,2,1
38,-1757.578,-5053.184,126.855,-66.287,0.402139,0.915566,-0.004856,-0.915560,0.402159,0.004289,0.005880,0.002721,0.999979,0,-0.12000,0.65589,-7.200,1.312,-1,400.000,525.000,275.000,275.000,325.000,275.000,300.000,300.000,-1,-1,-1,-1,575.000,300.000,-1,275.000,2,1,1,1,1,1,1,0,0,2,2,2,2,1,1,2,1
39,-1762.579,-5042.466,126.749,-64.988,0.422781,0.906219,-0.004763,-0.906212,0.422801,0.004437,0.006035,0.002440,0.999979,0,-0.19712,0.64917,-11.827,1.298,-1,400.000,575.000,275.000,275.000,325.000,275.000,300.000,300.000,-1,-1,-1,-1,600.000,325.000,-1,275.000,2,0,1,1,1,0,1,0,0,2,2,2,2,1,1,2,1
40,-1767.954,-5031.589,126.638,-63.701,0.443033,0.896493,-0.004678,-0.896484,0.443053,0.004597,0.006194,0.002157,0.999978,0,-0.20222,0.64363,-12.133,1.287,-1,400.000,625.000,300.000,300.000,325.000,300.000,300.000,300.000,-1,-1,-1,-1,625.000,325.000,-1,300.000,2,0,1,1,1,0,1,0,0,2,2,2,2,1,1,2,1
41,-1773.715,-5020.558,126.524,-62.424,0.462900,0.886398,-0.004606,-0.886388,0.462919,0.004762,0.006353,0.001878,0.999978,0,-0.20740,0.63840,-12.444,1.277,-1,400.000,675.000,300.000,300.000,325.000,300.000,300.000,300.000,-1,-1,-1,-1,650.000,350.000,-1,300.000,2,0,1,1,1,0,1,0,0,2,2,2,2,1,1,2,1
42,-1779.870,-5009.383,126.407,-61.157,0.482387,0.875946,-0.004547,-0.875934,0.482406,0.004932,0.006513,0.001604,0.999978,0,-0.21264,0.63350,-12.759,1.267,-1,400.000,-1,325.000,300.000,325.000,325.000,300.000,300.000,-1,-1,-1,-1,700.000,350.000,-1,325.000,2,0,2,1,1,0,1,0,0,2,2,2,2,1,1,2,1
43,-1786.428,-4998.069,126.287,-59.899,0.501500,0.865146,-0.004502,-0.865132,0.501518,0.005105,0.006675,0.001335,0.999977,0,-0.21795,0.62891,-13.077,1.258,-1,400.000,-1,325.000,325.000,325.000,325.000,300.000,300.000,-1,-1,-1,-1,725.000,375.000,-1,325.000,2,0,2,1,1,0,0,0,0,2,2,2,2,1,1,2,1
44,-1793.399,-4986.626,126.164,-58.650,0.520243,0.854007,-0.004472,-0.853991,0.520261,0.005283,0.006838,0.001071,0.999976,0,-0.22332,0.62463,-13.399,1.249,-1,400.000,-1,325.000,325.000,325.000,325.000,300.000,300.000,-1,-1,-1,-1,750.000,375.000,-1,350.000,2,0,2,1,1,0,0,0,0,2,2,2,2,0,1,2,1
45,-1800.791,-4975.064,126.039,-57.409,0.538622,0.842536,-0.004458,-0.842519,0.538640,0.005463,0.007004,0.000813,0.999975,0,-0.22872,0.62065,-13.723,1.241,-1,400.000,-1,350.000,350.000,325.000,325.000,300.000,300.000,-1,-1,-1,-1,750.000,400.000,-1,350.000,2,0,2,1,1,0,0,0,0,2,2,2,2,0,1,2,1
46,-1808.612,-4963.392,125.911,-56.175,0.556641,0.830741,-0.004460,-0.830722,0.556659,0.005645,0.007172,0.000562,0.999974,0,-0.23416,0.61697,-14.049,1.234,-1,400.000,-1,350.000,350.000,325.000,325.000,300.000,300.000,-1,-1,-1,-1,750.000,425.000,-1,375.000,2,0,2,1,1,0,0,0,0,2,2,2,2,0,1,2,1
47,-1816.869,-4951.623,125.781,-54.948,0.574305,0.818629,-0.004479,-0.818608,0.574322,0.005829,0.007344,0.000319,0.999973,0,-0.23962,0.61358,-14.377,1.227,-1,400.000,-1,375.000,350.000,325.000,325.000,300.000,300.000,-1,-1,-1,-1,750.000,425.000,-1,375.000,2,0,2,1,1,0,0,0,0,2,2,2,2,0,1,2,1
48,-1825.570,-4939.766,125.649,-53.727,0.591618,0.806206,-0.004516,-0.806183,0.591635,0.006014,0.007520,0.000082,0.999972,0,-0.24511,0.61048,-14.707,1.221,-1,400.000,-1,375.000,375.000,325.000,325.000,300.000,300.000,-1,-1,-1,-1,750.000,450.000,-1,400.000,2,0,2,1,1,0,0,0,0,2,2,2,2,0,1,2,1
49,-1831.567,-4931.881,125.562,-52.746,0.605334,0.795959,-0.004537,-0.795935,0.605351,0.006148,0.007640,-0.000111,0.999971,0,-0.16511,0.49048,-9.907,0.981,-1,400.000,-1,400.000,375.000,325.000,325.000,300.000,300.000,-1,-1,-1,-1,750.000,450.000,-1,400.000,2,0,2,1,1,0,0,0,0,2,2,2,2,0,1,2,1
50,-1834.711,-4927.857,125.519,-52.005,0.615577,0.788064,-0.004534,-0.788039,0.615594,0.006234,0.007704,-0.000265,0.999970,0,-0.08511,0.37048,-5.107,0.741,-1,400.000,-1,400.000,375.000,325.000,325.000,300.000,300.000,-1,-1,-1,-1,750.000,475.000,-1,400.000,2,0,2,1,1,0,0,0,0,2,2,2,2,0,1,2,1
51,-1834.902,-4927.617,125.521,-51.375,0.624200,0.781252,-0.004493,-0.781227,0.624216,0.006281,0.007712,-0.000411,0.999970,0,-0.00511,0.31479,-0.307,0.630,-1,400.000,-1,400.000,375.000,325.000,325.000,300.000,300.000,-1,-1,-1,-1,750.000,475.000,-1,400.000,2,0,2,1,1,0,0,0,0,2,2,2,2,0,1,2,1
52,-1832.059,-4931.097,125.568,-50.752,0.632659,0.774418,-0.004403,-0.774393,0.632674,0.006300,0.007664,-0.000577,0.999970,0,0.07489,0.31151,4.493,0.623,-1,400.000,-1,400.000,375.000,325.000,325.000,300.000,300.000,-1,-1,-1,-1,775.000,475.000,-1,400.000,2,0,2,1,1,0,0,0,0,2,2,2,2,0,1,2,1
53,-1826.103,-4938.230,125.662,-50.138,0.640921,0.767595,-0.004264,-0.767570,0.640934,0.006293,0.007563,-0.000761,0.999971,0,0.15489,0.30693,9.293,0.614,-1,400.000,-1,400.000,375.000,325.000,325.000,300.000,300.000,-1,-1,-1,-1,775.000,475.000,-1,400.000,2,0,2,1,1,0,0,0,0,2,2,2,2,0,1,2,1
54,-1816.956,-4948.953,125.801,-49.537,0.648951,0.760819,-0.004076,-0.760794,0.648963,0.006264,0.007411,-0.000964,0.999972,0,0.23489,0.30097,14.093,0.602,-1,400.000,-1,400.000,375.000,325.000,325.000,300.000,300.000,-1,-1,-1,-1,775.000,450.000,-1,400.000,2,0,2,1,1,0,0,0,0,2,2,2,2,0,1,2,1
55,-1804.549,-4963.201,125.987,-48.949,0.656715,0.754129,-0.003842,-0.754105,0.656725,0.006218,0.007212,-0.001186,0.999973,0,0.31489,0.29356,18.893,0.587,-1,400.000,-1,375.000,350.000,325.000,325.000,300.000,300.000,-1,-1,-1,-1,775.000,450.000,-1,375.000,2,0,2,1,1,0,0,0,0,2,2,2,2,0,1,2,1
56,-1788.812,-4980.914,126.220,-48.380,0.664175,0.747568,-0.003566,-0.747544,0.664183,0.006158,0.006972,-0.001424,0.999975,0,0.39489,0.28458,23.693,0.569,-1,400.000,-1,375.000,325.000,325.000,325.000,300.000,300.000,-1,-1,-1,-1,775.000,450.000,-1,350.000,2,0,2,1,1,0,0,0,0,2,2,2,2,0,1,2,1
57,-1769.684,-5002.033,126.473,-47.832,0.671293,0.741184,-0.003385,-0.741161,0.671300,0.006082,0.006780,-0.001573,0.999976,0,0.47489,0.27389,28.493,0.548,-1,400.000,-1,350.000,300.000,325.000,325.000,300.000,300.000,-1,-1,-1,-1,775.000,425.000,-1,325.000,2,0,2,1,1,0,0,0,0,2,2,2,2,0,1,2,1
58,-1747.110,-5026.504,126.725,-47.310,0.678027,0.735029,-0.003409,-0.735007,0.678034,0.005983,0.006709,-0.001551,0.999976,0,0.55489,0.26135,33.293,0.523,-1,400.000,-1,350.000,275.000,325.000,325.000,300.000,300.000,-1,-1,-1,-1,775.000,425.000,-1,300.000,2,0,2,1,1,0,0,0,0,2,2,2,2,0,1,2,1
59,-1721.041,-5054.281,127.022,-46.816,0.684332,0.729162,-0.003433,-0.729140,0.684339,0.005879,0.006637,-0.001520,0.999977,0,0.63489,0.24675,38.093,0.493,-1,400.000,-1,325.000,250.000,325.000,325.000,300.000,300.000,-1,-1,-1,-1,775.000,400.000,-1,275.000,2,0,2,1,1,0,0,0,0,2,2,2,2,0,1,2,1
60,-1691.438,-5085.320,127.367,-46.357,0.690161,0.723648,-0.003460,-0.723626,0.690168,0.005776,0.006568,-0.001483,0.999977,0,0.71489,0.22986,42.893,0.460,-1,400.000,-1,300.000,225.000,325.000,325.000,300.000,300.000,-1,-1,-1,-1,775.000,400.000,-1,250.000,2,0,2,1,1,0,1,0,0,2,2,2,2,0,1,2,1
61,-1658.268,-5119.591,127.717,-45.936,0.695457,0.718559,-0.003522,-0.718540,0.695465,0.005459,0.006373,-0.001266,0.999979,0,0.79489,0.21042,47.693,0.421,-1,400.000,-1,300.000,200.000,325.000,300.000,300.000,300.000,-1,-1,-1,-1,775.000,375.000,-1,225.000,2,0,2,1,1,0,1,0,0,2,2,2,2,0,1,2,1
62,-1621.878,-5156.699,128.112,-45.559,0.700160,0.713977,-0.003596,-0.713959,0.700169,0.005127,0.006178,-0.001023,0.999980,0,0.86622,0.18813,51.973,0.376,-1,400.000,-1,275.000,150.000,325.000,275.000,300.000,300.000,-1,-1,-1,-1,750.000,350.000,-1,175.000,2,0,2,1,1,0,1,0,0,2,2,2,2,0,1,2,1
63,-1585.331,-5193.545,132.098,-45.234,0.704289,0.709911,-0.001655,-0.709711,0.704143,0.022216,0.016936,-0.014472,0.999752,0,0.86495,0.16286,51.897,0.326,-1,425.000,-1,275.000,150.000,325.000,275.000,300.000,300.000,-1,-1,-1,-1,825.000,400.000,-1,175.000,2,0,2,1,1,1,1,0,1,2,2,2,2,0,1,2,1
64,-1548.734,-5230.086,137.900,-44.961,0.708017,0.706194,0.001108,-0.705411,0.707157,0.048218,0.033268,-0.034920,0.998836,0,0.86193,0.13637,51.716,0.273,-1,450.000,-1,300.000,150.000,375.000,300.000,300.000,300.000,-1,325.000,525.000,-1,925.000,500.000,-1,175.000,2,0,2,1,1,1,1,0,1,2,0,0,2,0,1,2,1
65,-1512.204,-5266.282,142.823,-44.744,0.711204,0.702978,0.003239,-0.701414,0.709300,0.070085,0.046971,-0.052117,0.997536,0,0.85707,0.10873,51.424,0.217,-1,475.000,-1,350.000,150.000,400.000,350.000,275.000,275.000,-1,150.000,350.000,-1,1000.000,950.000,-1,175.000,2,0,2,1,1,0,1,0,1,2,0,0,2,0,1,2,1
66,-1475.861,-5302.090,146.892,-44.583,0.713724,0.700410,0.004861,-0.698011,0.710669,0.087927,0.058130,-0.066148,0.996115,0,0.85030,0.08003,51.018,0.160,-1,525.000,-1,400.000,150.000,425.000,400.000,275.000,250.000,750.000,100.000,275.000,-1,-1,1000.000,-1,200.000,2,0,2,1,1,0,1,0,1,0,0,0,2,2,1,2,1
67,-1439.829,-5337.468,150.140,-44.483,0.715481,0.698606,0.006073,-0.695425,0.711338,0.101889,0.066860,-0.077123,0.994777,0,0.84160,0.05043,50.496,0.101,-1,525.000,-1,500.000,150.000,450.000,475.000,275.000,225.000,625.000,75.000,250.000,-1,-1,-1,-1,275.000,2,0,2,1,1,0,0,0,1,0,0,0,2,2,2,2,1
68,-1404.227,-5372.376,152.594,-44.442,0.716409,0.697646,0.006966,-0.693818,0.711358,0.112186,0.073311,-0.085204,0.993663,0,0.83098,0.02009,49.859,0.040,-1,550.000,-1,700.000,150.000,475.000,500.000,250.000,200.000,550.000,50.000,225.000,-1,-1,-1,-1,-1,2,0,2,1,1,0,0,0,1,0,0,0,2,2,2,2,2
69,-1365.333,-5410.781,154.498,-44.642,0.714374,0.699712,0.008593,-0.695408,0.708505,0.120116,0.077958,-0.091783,0.992723,0,0.91098,-0.09991,54.659,-0.200,-1,550.000,-1,675.000,175.000,475.000,525.000,250.000,175.000,500.000,50.000,225.000,-1,-1,-1,-1,-1,2,0,2,1,1,0,0,0,1,0,0,0,2,2,2,2,2
70,-1323.346,-5452.883,155.810,-45.082,0.709270,0.704860,0.010381,-0.700301,0.702844,0.124853,0.080707,-0.095824,0.992121,0,0.99098,-0.21991,59.459,-0.440,-1,575.000,-1,675.000,200.000,475.000,525.000,250.000,150.000,475.000,50.000,225.000,-1,-1,1000.000,-1,-1,2,0,2,1,1,0,0,0,1,0,0,0,2,2,1,2,2
71,5279.815,7603.424,110.862,119.872,-0.498691,-0.866725,-0.009710,0.866101,-0.497826,-0.045154,0.034302,-0.030928,0.998933,1,0.00000,0.00000,60.000,-0.680,-1,550.000,-1,475.000,-1,450.000,425.000,250.000,200.000,775.000,125.000,350.000,-1,-1,-1,-1,-1,2,0,2,1,2,0,1,0,1,0,0,0,2,2,2,2,2
72,5277.407,7607.576,110.754,120.112,-0.502313,-0.864634,-0.009497,0.864007,-0.501453,-0.045119,0.034249,-0.030869,0.998936,0,0.08000,0.12000,4.800,0.240,-1,550.000,-1,475.000,-1,450.000,450.000,250.000,200.000,775.000,125.000,350.000,-1,-1,-1,-1,-1,2,0,2,1,2,0,1,0,1,0,0,0,2,2,2,2,2
73,5272.521,7615.840,110.525,120.592,-0.509527,-0.860407,-0.009045,0.859779,-0.508682,-0.044973,0.034095,-0.030691,0.998947,0,0.16000,0.24000,9.600,0.480,-1,550.000,-1,475.000,-1,450.000,450.000,250.000,200.000,775.000,125.000,350.000,-1,-1,-1,-1,-1,2,0,2,1,2,0,1,0,1,0,0,0,2,2,2,2,2
74,4919.579,-327.787,163.506,-6.358,0.963627,0.109764,-0.243670,-0.138276,0.985011,-0.103120,0.228698,0.133063,0.964361,1,0.00000,0.00000,14.400,0.579,175.000,200.000,-1,-1,-1,175.000,275.000,675.000,350.000,-1,100.000,25.000,250.000,275.000,-1,150.000,-1,1,1,2,2,2,1,1,1,0,2,0,0,0,1,2,1,2
75,1642.809,-6891.053,157.825,-51.681,0.620265,0.784378,0.004774,-0.784129,0.619888,0.029681,0.020322,-0.022154,0.999548,1,0.08000,0.12000,4.800,0.240,-1,400.000,-1,400.000,-1,325.000,325.000,300.000,300.000,-1,-1,-1,-1,775.000,850.000,-1,-1,2,0,2,0,2,0,0,0,0,2,2,2,2,0,0,2,2
76,1648.810,-6898.546,158.036,-51.306,0.625378,0.780307,0.004893,-0.780066,0.625000,0.029509,0.019968,-0.022271,0.999553,0,0.16000,0.18727,9.600,0.375,-1,400.000,-1,400.000,-1,325.000,325.000,300.000,300.000,-1,-1,-1,-1,775.000,850.000,-1,-1,2,0,2,0,2,0,0,0,0,2,2,2,2,0,0,2,2
77,1657.887,-6909.725,158.345,-50.927,0.630532,0.776146,0.005072,-0.775918,0.630156,0.029250,0.019506,-0.022379,0.999559,0,0.24000,0.18983,14.400,0.380,-1,400.000,-1,400.000,-1,325.000,325.000,300.000,300.000,-1,-1,-1,-1,775.000,850.000,-1,-1,2,0,2,0,2,0,0,0,0,2,2,2,2,0,0,2,2
78,1670.089,-6924.549,158.750,-50.539,0.635763,0.771866,0.005313,-0.771652,0.635388,0.028907,0.018936,-0.022478,0.999568,0,0.32000,0.19372,19.200,0.387,-1,400.000,-1,400.000,-1,325.000,325.000,300.000,300.000,-1,-1,-1,-1,775.000,850.000,-1,-1,2,0,2,0,2,0,0,0,0,2,2,2,2,0,0,2,2
79,1685.471,-6942.972,159.251,-50.141,0.641105,0.767432,0.005618,-0.767236,0.640733,0.028484,0.018260,-0.022572,0.999578,0,0.40000,0.19899,24.000,0.398,-1,400.000,-1,400.000,-1,325.000,325.000,300.000,300.000,-1,-1,-1,-1,750.000,850.000,-1,-1,2,0,2,0,2,0,0,0,0,2,2,2,2,0,0,2,2
80,1704.121,-6964.918,159.849,-49.642,0.647769,0.761813,0.005991,-0.761637,0.647399,0.027992,0.017446,-0.022695,0.999590,0,0.48000,0.24983,28.800,0.500,-1,400.000,-1,400.000,-1,325.000,325.000,300.000,300.000,-1,-1,-1,-1,750.000,850.000,-1,-1,2,0,2,0,2,0,0,0,0,2,2,2,2,0,0,2,2
81,1726.107,-6990.325,160.420,-49.128,0.654561,0.755987,0.005874,-0.755821,0.654204,0.027409,0.016878,-0.022380,0.999607,0,0.56000,0.25672,33.600,0.513,-1,400.000,-1,400.000,-1,325.000,325.000,300.000,300.000,-1,-1,-1,-1,750.000,850.000,-1,-1,2,0,2,0,2,0,0,0,0,2,2,2,2,0,0,2,2
82,1751.502,-7019.129,161.022,-48.598,0.661513,0.749913,0.005540,-0.749755,0.661175,0.026740,0.016390,-0.021842,0.999627,0,0.64000,0.26493,38.400,0.530,-1,400.000,-1,400.000,-1,325.000,325.000,300.000,300.000,-1,-1,-1,-1,750.000,850.000,-1,-1,2,0,2,0,2,0,0,0,0,2,2,2,2,0,0,2,2
83,1780.381,-7051.257,161.694,-48.049,0.668657,0.743553,0.005190,-0.743402,0.668340,0.025995,0.015860,-0.021240,0.999649,0,0.72000,0.27452,43.200,0.549,-1,400.000,-1,400.000,-1,325.000,325.000,300.000,300.000,-1,-1,-1,-1,750.000,825.000,-1,-1,2,0,2,0,2,0,0,0,0,2,2,2,2,0,0,2,2
84,1812.823,-7086.634,162.437,-47.478,0.676023,0.736865,0.004830,-0.736722,0.675727,0.025177,0.015289,-0.020579,0.999671,0,0.80000,0.28554,48.000,0.571,-1,400.000,-1,400.000,-1,325.000,325.000,300.000,300.000,-1,-1,-1,-1,750.000,825.000,-1,-1,2,0,2,0,2,0,0,0,0,2,2,2,2,0,0,2,2
85,1848.673,-7124.921,163.243,-46.882,0.683641,0.729805,0.004465,-0.729671,0.683367,0.024299,0.014682,-0.019870,0.999695,0,0.87419,0.29808,52.451,0.596,-1,400.000,-1,400.000,-1,325.000,325.000,300.000,300.000,-1,-1,-1,-1,750.000,825.000,-1,-1,2,0,2,0,2,0,0,0,0,2,2,2,2,0,0,2,2
86,1885.340,-7163.235,163.933,-46.258,0.691534,0.722332,0.004062,-0.722214,0.691292,0.022874,0.013714,-0.018751,0.999730,0,0.88387,0.31210,53.032,0.624,1000.000,400.000,-1,400.000,-1,325.000,325.000,300.000,300.000,-1,-1,-1,-1,750.000,825.000,-1,-1,1,0,2,0,2,0,0,0,0,2,2,2,2,0,0,2,2
87,1922.685,-7201.398,164.556,-45.621,0.699506,0.714617,0.003685,-0.714517,0.699298,0.021169,0.012551,-0.017441,0.999769,0,0.88991,0.31858,53.395,0.637,950.000,400.000,-1,400.000,-1,325.000,325.000,300.000,300.000,-1,-1,-1,-1,750.000,825.000,1000.000,-1,1,0,2,0,2,0,0,0,0,2,2,2,2,0,0,1,2
88,1960.653,-7239.334,165.187,-44.976,0.707488,0.706717,0.003332,-0.706633,0.707312,0.019499,0.011423,-0.016150,0.999804,0,0.89455,0.32242,53.673,0.645,900.000,400.000,-1,400.000,-1,325.000,325.000,300.000,300.000,-1,-1,-1,-1,750.000,800.000,950.000,-1,1,0,2,0,2,0,0,0,0,2,2,2,2,0,0,1,2
89,1999.248,-7277.028,165.826,-44.323,0.715480,0.698627,0.003003,-0.698557,0.715331,0.017866,0.010334,-0.014880,0.999836,0,0.89913,0.32638,53.948,0.653,850.000,400.000,-1,400.000,-1,325.000,325.000,300.000,300.000,-1,-1,-1,-1,750.000,800.000,900.000,-1,1,0,2,0,2,0,0,0,0,2,2,2,2,1,0,1,2
90,2038.471,-7314.461,166.422,-43.662,0.723480,0.690340,0.002719,-0.690281,0.723353,0.016530,0.009444,-0.013836,0.999860,0,0.90365,0.33046,54.219,0.661,800.000,400.000,-1,400.000,-1,325.000,325.000,300.000,300.000,-1,-1,-1,-1,725.000,775.000,850.000,-1,1,0,2,0,2,0,0,0,0,2,2,2,2,1,0,1,2
91,2078.323,-7351.615,166.915,-42.993,0.731490,0.681847,0.002548,-0.681793,0.731373,0.015871,0.008957,-0.013347,0.999871,0,0.90808,0.33467,54.485,0.669,750.000,400.000,-1,400.000,-1,325.000,325.000,300.000,300.000,-1,-1,-1,-1,700.000,775.000,800.000,-1,1,0,2,0,2,0,0,0,0,2,2,2,2,1,0,1,2
92,2118.805,-7388.470,167.418,-42.315,0.739504,0.673148,0.002377,-0.673099,0.739396,0.015235,0.008498,-0.012866,0.999881,0,0.91242,0.33904,54.745,0.678,700.000,400.000,-1,400.000,-1,325.000,325.000,300.000,300.000,-1,-1,-1,-1,675.000,775.000,750.000,-1,1,0,2,0,2,0,0,0,0,2,2,2,2,1,0,1,2
93,2159.915,-7425.005,167.931,-41.628,0.747519,0.664236,0.002201,-0.664191,0.747420,0.014623,0.008068,-0.012392,0.999891,0,0.91665,0.34358,54.999,0.687,650.000,400.000,-1,400.000,-1,325.000,325.000,300.000,300.000,-1,-1,-1,-1,650.000,775.000,700.000,-1,1,0,2,0,2,0,0,0,0,2,2,2,2,1,0,1,2
94,2201.653,-7461.199,168.454,-40.931,0.755536,0.655104,0.002020,-0.655062,0.755445,0.014034,0.007667,-0.011926,0.999899,0,0.92074,0.34830,55.244,0.697,600.000,375.000,-1,400.000,-1,325.000,325.000,325.000,300.000,-1,-1,-1,-1,600.000,775.000,650.000,-1,1,0,2,0,2,0,0,0,0,2,2,2,2,1,0,1,2
95,2244.013,-7497.027,169.022,-40.225,0.763553,0.645743,0.001840,-0.645703,0.763467,0.013638,0.007402,-0.011601,0.999905,0,0.92468,0.35322,55.481,0.706,550.000,400.000,-1,400.000,-1,325.000,325.000,325.000,325.000,-1,-1,-1,-1,575.000,775.000,600.000,-1,1,0,2,0,2,0,0,0,0,2,2,2,2,1,0,1,2
96,2286.993,-7532.467,169.613,-39.508,0.771569,0.636144,0.001651,-0.636105,0.771487,0.013330,0.007207,-0.011335,0.999910,0,0.92844,0.35837,55.706,0.717,525.000,400.000,-1,400.000,-1,325.000,325.000,325.000,325.000,-1,-1,-1,-1,550.000,750.000,550.000,-1,1,0,2,0,2,0,0,0,0,2,2,2,2,1,0,1,2
97,2330.585,-7567.491,170.080,-38.780,0.779583,0.626298,0.001446,-0.626260,0.779505,0.013072,0.007060,-0.011096,0.999914,0,0.93199,0.36377,55.920,0.728,475.000,375.000,-1,400.000,-1,325.000,325.000,325.000,325.000,-1,-1,-1,-1,525.000,750.000,500.000,-1,1,1,2,0,2,0,0,0,0,2,2,2,2,1,0,1,2
98,2374.782,-7602.073,170.399,-38.041,0.787592,0.616196,0.000899,-0.616155,0.787521,0.012785,0.007170,-0.010623,0.999918,0,0.93531,0.36945,56.118,0.739,425.000,350.000,-1,400.000,-1,325.000,325.000,325.000,325.000,-1,-1,-1,-1,500.000,750.000,450.000,-1,1,1,2,0,2,0,0,0,0,2,2,2,2,1,1,1,2
99,2419.573,-7636.183,170.733,-37.291,0.795597,0.605826,0.000349,-0.605781,0.795532,0.012583,0.007345,-0.010222,0.999921,0,0.93835,0.37543,56.301,0.751,375.000,350.000,-1,400.000,-1,325.000,325.000,325.000,325.000,-1,-1,-1,-1,475.000,700.000,400.000,-1,1,1,2,0,2,1,0,0,0,2,2,2,2,1,1,1,2
100,2464.946,-7669.791,171.093,-36.527,0.803597,0.595174,-0.000203,-0.595126,0.803537,0.012407,0.007547,-0.009850,0.999923,0,0.94107,0.38174,56.464,0.763,350.000,325.000,-1,400.000,-1,300.000,325.000,325.000,325.000,-1,-1,-1,-1,425.000,675.000,350.000,-1,1,1,2,0,2,1,0,0,0,2,2,2,2,1,1,1,2
101,2510.886,-7702.863,171.480,-35.750,0.811590,0.584227,-0.000756,-0.584176,0.811535,0.012248,0.007769,-0.009498,0.999925,0,0.94343,0.38842,56.606,0.777,300.000,300.000,-1,400.000,-1,275.000,325.000,325.000,325.000,-1,-1,-1,-1,400.000,650.000,300.000,-1,1,1,2,0,2,1,1,0,0,2,2,2,2,1,1,1,2
102,2557.373,-7735.365,173.434,-34.959,0.819511,0.572991,-0.009090,-0.572915,0.819556,0.009809,0.013070,-0.002831,0.999911,0,0.94538,0.39550,56.723,0.791,275.000,275.000,-1,375.000,-1,275.000,300.000,325.000,300.000,-1,-1,-1,-1,400.000,625.000,300.000,-1,1,1,2,1,2,1,1,0,0,2,2,2,2,1,1,1,2
103,2604.387,-7767.259,176.563,-34.153,0.827230,0.561388,-0.023133,-0.561427,0.827509,0.005373,0.022159,0.008543,0.999718,0,0.94685,0.40301,56.811,0.806,275.000,275.000,-1,375.000,-1,250.000,300.000,350.000,300.000,-1,750.000,500.000,-1,375.000,625.000,300.000,-1,1,1,2,1,2,1,1,1,0,2,0,0,2,1,1,1,2
104,2651.902,-7798.504,179.754,-33.331,0.834750,0.549368,-0.037238,-0.549734,0.835340,0.000497,0.031380,0.020056,0.999306,0,0.94778,0.41100,56.867,0.822,275.000,275.000,-1,350.000,-1,250.000,275.000,350.000,300.000,-1,475.000,250.000,-1,375.000,650.000,300.000,-1,1,1,2,1,2,1,1,1,0,2,0,0,2,1,1,1,2
105,2699.887,-7829.058,183.003,-32.492,0.842071,0.536916,-0.051361,-0.537829,0.843040,-0.004840,0.040701,0.031699,0.998668,0,0.94810,0.41949,56.886,0.839,275.000,275.000,-1,350.000,-1,250.000,275.000,375.000,275.000,-1,350.000,175.000,-1,375.000,700.000,275.000,-1,1,1,2,1,2,1,1,1,0,2,0,0,2,1,1,1,2
106,2748.306,-7858.878,186.340,-31.635,0.849203,0.524016,-0.065277,-0.525698,0.850605,-0.010631,0.049954,0.043344,0.997811,0,0.94774,0.42854,56.864,0.857,300.000,275.000,-1,350.000,-1,250.000,250.000,375.000,275.000,-1,300.000,150.000,950.000,375.000,825.000,275.000,-1,1,1,2,1,2,1,1,1,0,2,0,0,0,1,1,1,2
107,2795.423,-7887.197,189.623,-31.018,0.853837,0.514534,-0.078846,-0.517185,0.855716,-0.016442,0.059010,0.054816,0.996751,0,0.91619,0.30854,54.972,0.617,300.000,250.000,-1,325.000,-1,225.000,250.000,375.000,275.000,-1,250.000,125.000,775.000,375.000,-1,275.000,-1,1,1,2,1,2,1,1,1,0,2,0,0,0,1,2,1,2
108,1639.831,-8199.153,173.642,-111.896,-0.372929,0.927859,-0.001554,-0.927856,-0.372922,0.003561,0.002725,0.002769,0.999992,1,0.00000,0.00000,59.033,0.377,-1,400.000,-1,400.000,-1,325.000,325.000,300.000,300.000,-1,-1,-1,-1,725.000,775.000,-1,-1,2,0,2,0,2,0,0,0,0,2,2,2,2,0,0,2,2
109,1638.059,-8203.614,173.656,-111.656,-0.369039,0.929412,-0.001566,-0.929410,-0.369032,0.003596,0.002764,0.002783,0.999992,0,0.08000,0.12000,4.800,0.240,-1,400.000,-1,400.000,-1,325.000,325.000,300.000,300.000,-1,-1,-1,-1,725.000,775.000,-1,-1,2,0,2,0,2,0,0,0,0,2,2,2,2,0,0,2,2
110,1634.591,-8212.566,173.684,-111.176,-0.361240,0.932471,-0.001593,-0.932468,-0.361233,0.003667,0.002844,0.002811,0.999992,0,0.16000,0.24000,9.600,0.480,-1,400.000,-1,400.000,-1,325.000,325.000,300.000,300.000,-1,-1,-1,-1,725.000,775.000,-1,-1,2,0,2,0,2,0,0,0,0,2,2,2,2,0,0,2,2
111,1629.559,-8226.057,173.726,-110.456,-0.349495,0.936937,-0.001638,-0.936934,-0.349487,0.003776,0.002966,0.002854,0.999992,0,0.24000,0.36000,14.400,0.720,-1,375.000,-1,400.000,-1,325.000,325.000,300.000,300.000,-1,-1,-1,-1,725.000,775.000,-1,-1,2,0,2,0,2,0,0,0,0,2,2,2,2,0,0,2,2
112,1623.151,-8244.157,173.781,-109.496,-0.333748,0.942661,-0.001703,-0.942657,-0.333740,0.003927,0.003133,0.002916,0.999991,0,0.32000,0.48000,19.200,0.960,-1,375.000,-1,400.000,-1,325.000,325.000,300.000,300.000,-1,-1,-1,-1,725.000,750.000,-1,-1,2,0,2,0,2,0,0,0,0,2,2,2,2,0,0,2,2
113,1615.617,-8266.943,173.848,-108.296,-0.313934,0.949443,-0.001795,-0.949439,-0.313925,0.004121,0.003349,0.002998,0.999990,0,0.40000,0.60000,24.000,1.200,-1,375.000,-1,400.000,-1,325.000,325.000,300.000,300.000,-1,-1,-1,-1,700.000,750.000,1000.000,-1,2,0,2,0,2,0,0,0,0,2,2,2,2,0,0,1,2
114,1607.266,-8294.506,173.928,-106.856,-0.289977,0.957032,-0.001920,-0.957027,-0.289966,0.004363,0.003619,0.003103,0.999989,0,0.48000,0.72000,28.800,1.440,-1,375.000,-1,400.000,-1,325.000,325.000,300.000,300.000,-1,-1,-1,-1,700.000,750.000,975.000,-1,2,0,2,0,2,0,0,0,0,2,2,2,2,0,0,1,2
115,1598.470,-8326.934,174.019,-105.176,-0.261796,0.965121,-0.002086,-0.965115,-0.261784,0.004657,0.003948,0.003232,0.999987,0,0.56000,0.84000,33.600,1.680,-1,375.000,-1,400.000,-1,325.000,325.000,300.000,300.000,-1,-1,-1,-1,700.000,750.000,950.000,-1,2,0,2,0,2,0,0,0,0,2,2,2,2,0,0,1,2
116,1589.553,-8364.285,174.120,-103.427,-0.232217,0.972661,-0.002296,-0.972654,-0.232204,0.005007,0.004337,0.003396,0.999985,0,0.64000,0.87454,38.400,1.749,-1,375.000,-1,400.000,-1,325.000,325.000,300.000,300.000,-1,-1,-1,-1,700.000,750.000,925.000,-1,2,0,2,0,2,0,0,0,0,2,2,2,2,0,0,1,2
117,1580.809,-8406.591,174.231,-101.678,-0.202420,0.979295,-0.002554,-0.979287,-0.202404,0.005415,0.004786,0.003597,0.999982,0,0.72000,0.87464,43.200,1.749,-1,375.000,1000.000,400.000,-1,325.000,325.000,300.000,300.000,-1,-1,-1,-1,700.000,750.000,900.000,-1,2,0,1,0,2,0,0,0,0,2,2,2,2,0,0,1,2
118,1572.533,-8453.872,174.351,-99.928,-0.172434,0.985017,-0.002865,-0.985007,-0.172415,0.005884,0.005302,0.003837,0.999979,0,0.80000,0.87465,48.000,1.749,-1,375.000,950.000,400.000,-1,325.000,325.000,300.000,300.000,-1,-1,-1,-1,700.000,750.000,875.000,-1,2,0,1,0,2,0,0,0,0,2,2,2,2,0,0,1,2
119,1565.552,-8502.444,174.547,-98.179,-0.142294,0.989818,-0.003517,-0.989808,-0.142270,0.006352,0.005787,0.004385,0.999974,0,0.81785,0.87453,49.071,1.749,-1,375.000,900.000,375.000,-1,300.000,325.000,300.000,300.000,-1,-1,-1,-1,700.000,750.000,850.000,950.000,2,0,1,0,2,0,0,0,0,2,2,2,2,0,0,1,1
120,1560.011,-8551.596,174.906,-96.431,-0.112042,0.993692,-0.004728,-0.993682,-0.112006,0.007145,0.006570,0.005499,0.999963,0,0.82439,0.87411,49.464,1.748,-1,375.000,850.000,375.000,-1,300.000,325.000,300.000,300.000,-1,-1,-1,-1,675.000,725.000,800.000,875.000,2,0,1,0,2,0,0,0,0,2,2,2,2,1,0,1,1
121,1555.939,-8601.291,175.542,-94.684,-0.081708,0.996644,-0.004975,-0.996627,-0.081666,0.008098,0.007665,0.005620,0.999955,0,0.83104,0.87334,49.862,1.747,-1,375.000,800.000,375.000,925.000,300.000,325.000,300.000,300.000,-1,-1,-1,-1,650.000,700.000,775.000,825.000,2,0,1,0,1,0,0,0,0,2,2,2,2,1,1,1,1
122,1553.361,-8651.491,176.215,-92.940,-0.051339,0.998668,-0.005173,-0.998642,-0.051290,0.009159,0.008881,0.005636,0.999945,0,0.83776,0.87219,50.266,1.744,-1,375.000,750.000,375.000,850.000,300.000,325.000,300.000,300.000,-1,-1,-1,-1,625.000,650.000,750.000,750.000,2,0,1,0,1,0,0,0,0,2,2,2,2,1,1,1,1
123,1552.301,-8702.154,176.898,-91.199,-0.020976,0.999765,-0.005436,-0.999729,-0.020920,0.010249,0.010133,0.005649,0.999933,0,0.84456,0.87065,50.674,1.741,-1,375.000,700.000,375.000,750.000,300.000,325.000,300.000,300.000,-1,-1,-1,-1,575.000,600.000,725.000,675.000,2,0,1,0,1,0,0,0,0,2,2,2,2,1,1,1,1
124,1552.781,-8753.236,177.592,-89.461,0.009336,0.999940,-0.005760,-0.999891,0.009401,0.011366,0.011419,0.005653,0.999919,0,0.85141,0.86869,51.084,1.737,-1,375.000,650.000,375.000,675.000,300.000,325.000,300.000,300.000,-1,-1,-1,-1,550.000,550.000,700.000,625.000,2,0,1,0,1,0,0,0,0,2,2,2,2,1,1,1,1
125,1554.822,-8804.692,178.300,-87.729,0.039555,0.999199,-0.006143,-0.999136,0.039629,0.012507,0.012740,0.005643,0.999903,0,0.85828,0.86628,51.497,1.733,-1,375.000,600.000,375.000,600.000,300.000,325.000,300.000,300.000,-1,925.000,850.000,-1,525.000,500.000,675.000,550.000,2,0,1,0,1,0,0,0,0,2,0,0,2,1,1,1,1
126,1558.441,-8856.475,179.023,-86.002,0.069635,0.997551,-0.006581,-0.997473,0.069720,0.013670,0.014095,0.005612,0.999885,0,0.86515,0.86338,51.909,1.727,-1,375.000,550.000,375.000,525.000,300.000,325.000,300.000,300.000,-1,875.000,800.000,-1,500.000,450.000,675.000,500.000,2,0,1,1,1,0,0,0,0,2,0,0,2,1,1,1,1
127,1563.654,-8908.534,179.762,-84.282,0.099533,0.995009,-0.007070,-0.994914,0.099629,0.014853,0.015484,0.005555,0.999865,0,0.87199,0.85997,52.319,1.720,-1,375.000,500.000,350.000,450.000,325.000,325.000,300.000,300.000,-1,825.000,750.000,-1,475.000,400.000,650.000,425.000,2,1,1,1,1,1,1,0,0,2,0,0,2,1,1,1,1
128,1570.472,-8960.817,180.520,-82.570,0.129203,0.991589,-0.007605,-0.991474,0.129311,0.016055,0.016904,0.005465,0.999842,0,0.87876,0.85599,52.726,1.712,-1,350.000,450.000,300.000,400.000,300.000,275.000,300.000,300.000,-1,775.000,725.000,-1,450.000,350.000,675.000,375.000,2,1,1,1,1,1,1,0,0,2,0,0,2,1,1,1,1
129,1578.904,-9013.269,181.299,-80.867,0.158598,0.987309,-0.008182,-0.987173,0.158719,0.017275,0.018354,0.005337,0.999817,0,0.88543,0.85140,53.126,1.703,-1,325.000,425.000,275.000,325.000,275.000,250.000,300.000,300.000,-1,725.000,700.000,-1,400.000,300.000,-1,300.000,2,1,1,1,1,1,1,0,0,2,0,0,2,1,1,2,1
130,1588.955,-9065.832,182.098,-79.175,0.187672,0.982192,-0.008797,-0.982032,0.187807,0.018511,0.019833,0.005165,0.999790,0,0.89192,0.84614,53.515,1.692,-1,300.000,375.000,225.000,250.000,250.000,225.000,300.000,300.000,-1,700.000,675.000,-1,375.000,275.000,-1,250.000,2,1,1,1,1,1,1,0,0,2,0,0,2,1,1,2,1
131,1600.624,-9118.446,182.936,-77.495,0.216379,0.976264,-0.009383,-0.976077,0.216527,0.019733,0.021296,0.004889,0.999761,0,0.89820,0.84015,53.892,1.680,-1,275.000,350.000,200.000,200.000,225.000,175.000,300.000,300.000,-1,675.000,650.000,-1,350.000,225.000,-1,200.000,2,1,1,1,1,1,1,0,0,2,0,0,2,1,1,2,1
132,1613.907,-9171.046,189.730,-75.828,0.245312,0.969416,0.007427,-0.968653,0.244795,0.042276,0.039166,-0.017565,0.999078,0,0.90416,0.83334,54.250,1.667,-1,250.000,350.000,175.000,175.000,200.000,175.000,300.000,375.000,-1,300.000,375.000,-1,375.000,200.000,-1,150.000,2,1,1,1,1,1,1,0,0,2,0,0,2,1,1,2,1
133,1628.799,-9223.563,200.058,-74.177,0.275504,0.960743,0.032718,-0.958938,0.272284,0.079367,0.067342,-0.053240,0.996308,0,0.90973,0.82564,54.584,1.651,-1,275.000,425.000,175.000,150.000,225.000,175.000,275.000,475.000,800.000,125.000,250.000,-1,475.000,200.000,-1,150.000,2,1,1,1,1,1,1,0,0,0,0,0,2,1,1,2,1
134,1645.285,-9275.921,210.400,-72.543,0.306613,0.950228,0.055281,-0.947138,0.298823,0.116770,0.094439,-0.088162,0.991619,0,0.91478,0.81692,54.887,1.634,-1,300.000,-1,175.000,150.000,225.000,175.000,250.000,525.000,475.000,75.000,200.000,-1,-1,225.000,-1,150.000,2,1,2,1,1,1,1,0,1,0,0,0,2,2,1,2,1
