timestep,x_cm,y_cm,z_cm,yaw_deg,basis_xx,basis_xy,basis_xz,basis_yx,basis_yy,basis_yz,basis_zx,basis_zy,basis_zz,teleport_flag,throttle_cmd,steering_cmd,cmd_move_cm,cmd_turn_deg,lidar_cm_0,lidar_cm_1,lidar_cm_2,lidar_cm_3,lidar_cm_4,lidar_cm_5,lidar_cm_6,lidar_cm_7,lidar_cm_8,lidar_cm_9,lidar_cm_10,lidar_cm_11,lidar_cm_12,lidar_cm_13,lidar_cm_14,lidar_cm_15,lidar_cm_16,lidar_class_0,lidar_class_1,lidar_class_2,lidar_class_3,lidar_class_4,lidar_class_5,lidar_class_6,lidar_class_7,lidar_class_8,lidar_class_9,lidar_class_10,lidar_class_11,lidar_class_12,lidar_class_13,lidar_class_14,lidar_class_15,lidar_class_16
0,-4258.781,6886.772,267.069,-6.189,0.991565,0.107798,0.071967,-0.108045,0.994146,-0.000451,-0.071595,-0.007328,0.997407,1,0.08000,-0.12000,4.800,-0.240,-1,400.000,-1,400.000,-1,325.000,325.000,300.000,325.000,-1,-1,-1,675.000,800.000,800.000,-1,-1,2,0,2,0,2,0,0,0,0,2,2,2,1,0,0,2,2
1,-4249.246,6885.657,266.398,-6.669,0.990596,0.116122,0.072353,-0.116385,0.993204,-0.000583,-0.071929,-0.007844,0.997379,0,0.16000,-0.24000,9.600,-0.480,-1,400.000,-1,400.000,-1,325.000,325.000,300.000,325.000,-1,-1,-1,675.000,800.000,800.000,-1,-1,2,0,2,0,2,0,0,0,0,2,2,2,1,0,0,2,2
2,-4234.965,6883.805,265.394,-7.389,0.989013,0.128593,0.072925,-0.128877,0.991660,-0.000805,-0.072420,-0.008603,0.997337,0,0.24000,-0.36000,14.400,-0.720,-1,400.000,-1,400.000,-1,325.000,325.000,300.000,325.000,-1,-1,-1,700.000,800.000,775.000,-1,-1,2,0,2,0,2,0,0,0,0,2,2,2,1,0,0,2,2
3,-4215.968,6881.018,264.062,-8.349,0.986658,0.145188,0.073670,-0.145500,0.989358,-0.001145,-0.073052,-0.009589,0.997282,0,0.32000,-0.48000,19.200,-0.960,-1,400.000,-1,400.000,-1,325.000,325.000,325.000,325.000,-1,-1,-1,700.000,800.000,775.000,-1,-1,2,0,2,0,2,0,0,0,0,2,2,2,1,0,0,2,2
4,-4192.301,6877.037,262.408,-9.549,0.983323,0.165873,0.074572,-0.166215,0.986088,-0.001640,-0.073807,-0.010783,0.997214,0,0.40000,-0.60000,24.000,-1.200,-1,400.000,-1,400.000,-1,325.000,325.000,325.000,325.000,-1,-1,-1,725.000,775.000,775.000,-1,-1,2,0,2,0,2,0,0,0,0,2,2,2,1,0,0,2,2
5,-4164.028,6871.547,260.439,-10.989,0.978752,0.190599,0.075606,-0.190972,0.981593,-0.002332,-0.074658,-0.012157,0.997135,0,0.48000,-0.72000,28.800,-1.440,-1,400.000,-1,400.000,-1,325.000,325.000,325.000,325.000,-1,-1,-1,750.000,775.000,775.000,-1,-1,2,0,2,0,2,0,0,0,0,2,2,2,1,0,0,2,2
6,-4131.246,6864.179,258.166,-12.669,0.972638,0.219290,0.076733,-0.219692,0.975564,-0.003268,-0.075575,-0.013679,0.997046,0,0.56000,-0.84000,33.600,-1.680,-1,375.000,-1,400.000,-1,325.000,325.000,325.000,325.000,-1,-1,-1,775.000,775.000,750.000,-1,-1,2,0,2,0,2,0,0,0,0,2,2,2,1,0,0,2,2
7,-4094.084,6854.507,255.603,-14.589,0.964627,0.251846,0.077904,-0.252271,0.967646,-0.004498,-0.076517,-0.015314,0.996951,0,0.64000,-0.96000,38.400,-1.920,-1,375.000,-1,400.000,-1,325.000,325.000,325.000,325.000,-1,-1,-1,800.000,750.000,750.000,-1,-1,2,0,2,0,2,0,0,0,0,2,2,2,1,0,0,2,2
8,-4056.940,6843.443,253.058,-16.589,0.955135,0.285456,0.078941,-0.285896,0.958242,-0.005911,-0.077332,-0.016923,0.996862,0,0.64594,-1.00000,38.756,-2.000,-1,375.000,-1,400.000,-1,325.000,325.000,325.000,325.000,-1,-1,-1,825.000,750.000,750.000,-1,-1,2,0,2,0,2,0,0,0,0,2,2,2,1,0,0,2,2
9,-4019.975,6831.011,250.346,-18.589,0.944514,0.318711,0.079482,-0.319221,0.947658,-0.006542,-0.077407,-0.019194,0.996815,0,0.64998,-1.00000,38.999,-2.000,-1,375.000,-1,400.000,-1,325.000,325.000,325.000,325.000,-1,-1,-1,850.000,750.000,750.000,-1,-1,2,0,2,0,2,0,0,0,0,2,2,2,1,0,0,2,2
10,-3983.246,6817.215,247.529,-20.589,0.932780,0.351570,0.079501,-0.352190,0.935906,-0.006556,-0.076710,-0.021884,0.996813,0,0.65392,-1.00000,39.235,-2.000,-1,375.000,-1,400.000,-1,325.000,325.000,325.000,325.000,-1,-1,-1,875.000,750.000,775.000,-1,-1,2,0,2,0,2,0,0,0,0,2,2,2,1,0,0,2,2
11,-3946.809,6802.057,244.777,-22.589,0.919922,0.383997,0.079312,-0.384707,0.923014,-0.006740,-0.075794,-0.024312,0.996827,0,0.65773,-1.00000,39.464,-2.000,-1,375.000,-1,400.000,-1,325.000,325.000,325.000,325.000,-1,-1,-1,900.000,725.000,775.000,-1,-1,2,0,2,0,2,0,0,0,0,2,2,2,1,0,0,2,2
12,-3910.721,6785.545,242.071,-24.589,0.905948,0.415952,0.079007,-0.416741,0.908998,-0.007016,-0.074735,-0.026570,0.996849,0,0.66143,-1.00000,39.686,-2.000,-1,375.000,-1,400.000,-1,325.000,325.000,325.000,325.000,-1,-1,-1,925.000,725.000,800.000,-1,-1,2,0,2,0,2,0,0,0,0,2,2,2,1,0,0,2,2
13,-3875.040,6767.687,239.224,-26.589,0.890802,0.447386,0.079482,-0.448300,0.893856,-0.006952,-0.074156,-0.029439,0.996812,0,0.66501,-1.00000,39.900,-2.000,-1,375.000,-1,400.000,-1,325.000,325.000,325.000,325.000,-1,-1,-1,975.000,725.000,825.000,-1,-1,2,0,2,0,2,0,0,0,0,2,2,2,1,0,0,2,2
14,-3839.821,6748.496,236.207,-28.589,0.874596,0.478272,0.079602,-0.479283,0.877631,-0.007128,-0.073270,-0.031918,0.996801,0,0.66846,-1.00000,40.107,-2.000,-1,375.000,-1,400.000,-1,325.000,325.000,325.000,325.000,-1,-1,-1,1000.000,725.000,825.000,-1,-1,2,0,2,0,2,0,0,0,0,2,2,2,1,0,0,2,2
15,-3805.123,6727.986,233.202,-30.589,0.857344,0.508573,0.079466,-0.509661,0.860343,-0.007461,-0.072162,-0.034105,0.996810,0,0.67178,-1.00000,40.307,-2.000,-1,375.000,-1,400.000,-1,325.000,325.000,325.000,325.000,-1,-1,-1,-1,725.000,850.000,-1,-1,2,0,2,0,2,0,0,0,0,2,2,2,2,0,0,2,2
16,-3771.000,6706.174,230.255,-32.589,0.839051,0.538250,0.079246,-0.539406,0.842009,-0.007861,-0.070957,-0.036150,0.996824,0,0.67498,-1.00000,40.499,-2.000,-1,375.000,-1,400.000,-1,325.000,325.000,325.000,325.000,-1,-1,-1,-1,700.000,875.000,-1,-1,2,0,2,0,2,0,0,0,0,2,2,2,2,0,0,2,2
17,-3737.507,6683.080,227.373,-34.589,0.819742,0.567268,0.078935,-0.568482,0.822654,-0.008322,-0.069657,-0.038051,0.996845,0,0.67805,-1.00000,40.683,-2.000,-1,375.000,-1,400.000,-1,325.000,325.000,325.000,325.000,-1,-1,-1,-1,700.000,875.000,-1,-1,2,0,2,0,2,0,0,0,0,2,2,2,2,0,0,2,2
18,-3704.699,6658.725,224.596,-36.589,0.799442,0.595589,0.078525,-0.596863,0.802296,-0.008669,-0.068163,-0.039939,0.996874,0,0.68099,-1.00000,40.859,-2.000,-1,375.000,-1,400.000,-1,325.000,325.000,325.000,325.000,-1,-1,-1,-1,700.000,900.000,-1,-1,2,0,2,0,2,0,0,0,0,2,2,2,2,0,0,2,2
19,-3672.629,6633.136,221.895,-38.589,0.778175,0.623181,0.078029,-0.624508,0.780966,-0.009054,-0.066580,-0.041684,0.996910,0,0.68379,-1.00000,41.028,-2.000,-1,375.000,-1,425.000,-1,325.000,325.000,325.000,325.000,-1,-1,-1,-1,700.000,925.000,-1,-1,2,0,2,0,2,0,0,0,0,2,2,2,2,0,0,2,2
20,-3641.350,6606.338,219.046,-40.589,0.755950,0.650036,0.077408,-0.651335,0.758717,-0.010556,-0.065592,-0.042439,0.996944,0,0.68647,-1.00000,41.188,-2.000,-1,375.000,-1,425.000,-1,300.000,325.000,325.000,325.000,-1,-1,-1,-1,700.000,950.000,-1,-1,2,0,2,0,2,0,0,0,0,2,2,2,2,0,0,2,2
21,-3610.913,6578.361,216.189,-42.589,0.732807,0.676111,0.076593,-0.677343,0.735561,-0.012525,-0.064807,-0.042701,0.996984,0,0.68902,-1.00000,41.341,-2.000,-1,375.000,-1,425.000,-1,300.000,325.000,325.000,325.000,-1,-1,-1,-1,700.000,950.000,-1,-1,2,0,2,0,2,0,0,0,0,2,2,2,2,0,0,2,2
22,-3581.368,6549.237,213.401,-44.589,0.708781,0.701369,0.075574,-0.702519,0.711515,-0.014592,-0.064006,-0.042749,0.997033,0,0.69143,-1.00000,41.486,-2.000,1000.000,375.000,-1,425.000,-1,325.000,325.000,300.000,325.000,-1,-1,-1,-1,725.000,975.000,-1,-1,1,0,2,0,2,0,0,0,0,2,2,2,2,0,0,2,2
23,-3551.134,6517.319,210.587,-46.551,0.684381,0.725335,0.074244,-0.726361,0.687100,-0.017109,-0.063423,-0.042218,0.997093,0,0.73272,-0.98105,43.963,-1.962,1000.000,375.000,-1,425.000,-1,325.000,325.000,300.000,325.000,-1,-1,-1,-1,750.000,975.000,-1,-1,1,0,2,0,2,0,0,0,0,2,2,2,2,0,0,2,2
24,-3518.678,6480.925,207.586,-48.273,0.662324,0.745699,0.072531,-0.746546,0.665030,-0.020088,-0.063215,-0.040843,0.997164,0,0.81272,-0.86105,48.763,-1.722,975.000,400.000,-1,425.000,-1,325.000,325.000,325.000,300.000,-1,-1,-1,-1,750.000,1000.000,-1,-1,1,0,2,0,2,0,0,0,0,2,2,2,2,0,0,2,2
25,-3484.074,6440.041,204.154,-49.755,0.642894,0.762687,0.070684,-0.763392,0.645552,-0.022270,-0.062615,-0.039642,0.997250,0,0.89272,-0.74105,53.563,-1.482,975.000,400.000,-1,425.000,-1,325.000,325.000,325.000,300.000,-1,-1,-1,-1,775.000,1000.000,-1,-1,1,0,2,0,2,0,0,0,0,2,2,2,2,0,0,2,2
26,-3447.343,6394.685,200.395,-50.997,0.626308,0.776545,0.068674,-0.777107,0.628903,-0.024204,-0.061985,-0.038208,0.997345,0,0.97272,-0.62105,58.363,-1.242,975.000,400.000,-1,425.000,-1,325.000,350.000,325.000,300.000,-1,-1,-1,-1,800.000,-1,-1,-1,1,0,2,0,2,0,0,0,0,2,2,2,2,0,2,2,2
27,-3411.130,6348.334,196.689,-51.999,0.612736,0.787480,0.066558,-0.787879,0.615268,-0.026286,-0.061651,-0.036334,0.997436,0,0.98033,-0.50105,58.820,-1.002,975.000,400.000,-1,425.000,-1,325.000,350.000,325.000,300.000,-1,-1,-1,-1,825.000,-1,-1,-1,1,0,2,0,2,0,0,0,0,2,2,2,2,0,2,2,2
28,-3375.465,6301.413,192.680,-52.761,0.602165,0.795616,0.066272,-0.795898,0.604757,-0.028561,-0.062802,-0.035548,0.997393,0,0.98227,-0.38105,58.936,-0.762,975.000,400.000,-1,425.000,-1,350.000,350.000,325.000,300.000,-1,-1,-1,-1,825.000,-1,-1,-1,1,0,2,0,2,0,0,0,0,2,2,2,2,0,2,2,2
29,-3340.174,6254.096,188.415,-53.283,0.594718,0.801091,0.067551,-0.801281,0.597480,-0.031086,-0.065263,-0.035640,0.997231,0,0.98381,-0.26105,59.029,-0.522,975.000,400.000,-1,425.000,-1,325.000,350.000,300.000,300.000,-1,-1,-1,-1,800.000,-1,-1,-1,1,0,2,0,2,0,0,0,0,2,2,2,2,0,2,2,2
30,-3305.074,6206.546,184.231,-53.565,0.590610,0.804036,0.068593,-0.804095,0.593538,-0.033814,-0.067901,-0.035184,0.997072,0,0.98501,-0.14105,59.101,-0.282,975.000,400.000,-1,425.000,-1,325.000,350.000,300.000,300.000,-1,-1,-1,-1,800.000,-1,-1,-1,1,0,2,0,2,0,0,0,0,2,2,2,2,0,2,2,2
31,-3269.975,6158.927,180.074,-53.607,0.589860,0.804495,0.069660,-0.804391,0.592964,-0.036726,-0.070852,-0.034371,0.996894,0,0.98594,-0.02105,59.157,-0.042,-1,400.000,-1,425.000,-1,325.000,350.000,300.000,300.000,-1,-1,-1,-1,800.000,1000.000,-1,-1,2,0,2,0,2,0,0,0,0,2,2,2,2,0,1,2,2
32,-3234.687,6111.393,175.848,-53.410,0.592511,0.802482,0.070373,-0.802170,0.595769,-0.039785,-0.073853,-0.032878,0.996727,0,0.98666,0.09895,59.200,0.198,-1,400.000,-1,425.000,-1,325.000,350.000,300.000,300.000,-1,-1,-1,-1,800.000,975.000,-1,-1,2,0,2,0,2,0,0,0,0,2,2,2,2,0,1,2,2
33,-3199.017,6064.103,171.263,-52.972,0.598661,0.797986,0.069450,-0.797381,0.601946,-0.042945,-0.076075,-0.029668,0.996661,0,0.98723,0.21895,59.234,0.438,-1,400.000,-1,450.000,-1,325.000,350.000,300.000,300.000,-1,-1,-1,-1,800.000,925.000,-1,-1,2,0,2,0,2,0,0,0,0,2,2,2,2,0,1,2,2
34,-3162.772,6017.216,166.659,-52.294,0.608108,0.790888,0.068554,-0.789962,0.611407,-0.046269,-0.078508,-0.026019,0.996574,0,0.98772,0.33895,59.263,0.678,-1,400.000,-1,425.000,-1,325.000,350.000,275.000,300.000,-1,-1,-1,-1,800.000,900.000,-1,-1,2,0,2,0,2,0,0,0,0,2,2,2,2,0,1,2,2
35,-3125.763,5970.893,161.924,-51.376,0.620776,0.781076,0.067508,-0.779763,0.624065,-0.050124,-0.081280,-0.021524,0.996459,0,0.98818,0.45895,59.291,0.918,-1,400.000,-1,425.000,950.000,325.000,350.000,275.000,300.000,-1,-1,-1,-1,800.000,875.000,-1,-1,2,0,2,0,1,0,0,0,0,2,2,2,2,0,1,2,2
36,-3087.807,5925.304,156.911,-50.218,0.636546,0.768389,0.066238,-0.766565,0.639791,-0.055176,-0.084775,-0.015653,0.996277,0,0.98868,0.57895,59.321,1.158,-1,400.000,-1,425.000,875.000,325.000,325.000,275.000,300.000,-1,-1,-1,-1,775.000,825.000,-1,-1,2,0,2,0,1,0,0,0,0,2,2,2,2,0,1,2,2
37,-3048.726,5880.629,151.865,-48.820,0.655240,0.752612,0.065081,-0.750252,0.658398,-0.060281,-0.088218,-0.009329,0.996058,0,0.98927,0.69895,59.356,1.398,-1,400.000,-1,425.000,800.000,325.000,325.000,300.000,300.000,-1,-1,-1,-1,775.000,800.000,-1,-1,2,0,2,0,1,0,0,0,0,2,2,2,2,0,1,2,2
38,-3008.355,5837.056,146.785,-47.182,0.676645,0.733515,0.064093,-0.730595,0.679668,-0.065433,-0.091558,-0.002551,0.995796,0,0.99001,0.81895,59.400,1.638,-1,400.000,-1,425.000,775.000,325.000,325.000,300.000,300.000,-1,-1,-1,-1,750.000,800.000,-1,-1,2,0,2,0,1,0,0,0,0,2,2,2,2,0,1,2,2
39,-2966.536,5794.790,141.575,-45.304,0.700465,0.710848,0.063598,-0.707555,0.703340,-0.068407,-0.093358,0.002918,0.995628,0,0.99095,0.93895,59.457,1.878,-1,400.000,-1,425.000,775.000,325.000,325.000,300.000,300.000,-1,-1,-1,-1,750.000,775.000,-1,-1,2,0,2,0,1,0,0,0,0,2,2,2,2,0,1,2,2
40,-2923.284,5753.889,136.041,-43.399,0.723831,0.687062,0.063364,-0.683586,0.726566,-0.069361,-0.093694,0.006891,0.995577,0,0.99214,0.95246,59.528,1.905,-1,400.000,-1,425.000,775.000,325.000,325.000,300.000,300.000,-1,-1,-1,-1,725.000,800.000,-1,-1,2,0,2,0,1,0,0,0,0,2,2,2,2,0,1,2,2
41,-2878.640,5714.412,130.503,-41.485,0.746505,0.662386,0.063056,-0.658708,0.749080,-0.070593,-0.093994,0.011162,0.995510,0,0.99325,0.95701,59.595,1.914,-1,400.000,-1,425.000,825.000,325.000,325.000,300.000,300.000,-1,-1,-1,-1,725.000,850.000,-1,-1,2,0,2,0,1,0,0,0,0,2,2,2,2,0,0,2,2
42,-2832.651,5676.417,125.002,-39.562,0.768450,0.636832,0.062694,-0.632915,0.770840,-0.072282,-0.094358,0.015865,0.995412,0,0.99423,0.96165,59.654,1.923,-1,375.000,-1,425.000,-1,325.000,325.000,300.000,300.000,-1,-1,-1,-1,725.000,825.000,-1,-1,2,0,2,0,2,0,0,0,0,2,2,2,2,0,0,2,2
43,-2785.366,5639.965,119.473,-37.629,0.789625,0.610418,0.062315,-0.606262,0.791809,-0.074053,-0.094545,0.020695,0.995305,0,0.99508,0.96638,59.705,1.933,-1,375.000,-1,425.000,-1,325.000,325.000,300.000,300.000,-1,-1,-1,-1,700.000,825.000,-1,-1,2,0,2,0,2,0,0,0,0,2,2,2,2,0,0,2,2
44,-2736.838,5605.112,113.926,-35.687,0.809993,0.583162,0.061924,-0.578769,0.811951,-0.075906,-0.094545,0.025644,0.995190,0,0.99577,0.97120,59.746,1.942,-1,375.000,-1,425.000,-1,325.000,325.000,300.000,300.000,-1,-1,-1,-1,700.000,800.000,-1,-1,2,0,2,0,2,0,0,0,0,2,2,2,2,0,0,2,2
45,-2687.125,5571.916,108.540,-33.735,0.829742,0.555043,0.058775,-0.550420,0.831168,-0.078726,-0.092548,0.032971,0.995162,0,0.99630,0.97613,59.778,1.952,-1,375.000,-1,425.000,-1,325.000,325.000,300.000,300.000,-1,-1,-1,-1,700.000,775.000,-1,-1,2,0,2,0,2,0,0,0,0,2,2,2,2,0,0,2,2
46,-2640.415,5542.705,103.501,-32.022,0.846286,0.529825,0.055550,-0.525013,0.847165,-0.081687,-0.090340,0.039966,0.995109,0,0.91821,0.85613,55.093,1.712,-1,375.000,-1,400.000,-1,325.000,325.000,325.000,300.000,-1,-1,-1,-1,725.000,775.000,-1,-1,2,0,2,0,2,0,0,0,0,2,2,2,2,0,0,2,2
47,-2592.972,5514.706,98.203,-30.550,0.859802,0.507768,0.053960,-0.502776,0.860302,-0.084246,-0.089199,0.045305,0.994983,0,0.91814,0.73613,55.089,1.472,-1,375.000,-1,400.000,-1,325.000,325.000,300.000,300.000,-1,-1,-1,-1,725.000,750.000,-1,-1,2,0,2,0,2,0,0,1,0,2,2,2,2,0,0,2,2
48,-2544.982,5487.758,92.937,-29.318,0.870657,0.489042,0.052855,-0.483876,0.870831,-0.086706,-0.088430,0.049916,0.994831,0,0.91732,0.61613,55.039,1.232,-1,375.000,-1,400.000,-1,325.000,325.000,275.000,300.000,-1,-1,-1,-1,700.000,750.000,-1,-1,2,0,2,0,2,0,0,1,0,2,2,2,2,0,0,2,2
49,-2496.618,5461.691,87.994,-28.326,0.879092,0.473792,0.052147,-0.468454,0.878989,-0.089048,-0.088027,0.053853,0.994661,0,0.91569,0.49613,54.941,0.992,-1,375.000,-1,400.000,-1,325.000,325.000,250.000,300.000,-1,-1,-1,-1,700.000,725.000,-1,-1,2,0,2,0,2,0,0,1,0,2,2,2,2,0,0,2,2
50,-2448.050,5436.331,83.221,-27.573,0.885325,0.462134,0.051305,-0.456706,0.884988,-0.090646,-0.087295,0.056820,0.994561,0,0.91317,0.37613,54.790,0.752,-1,375.000,-1,400.000,-1,325.000,325.000,250.000,300.000,-1,-1,-1,-1,700.000,725.000,-1,-1,2,0,2,0,2,0,0,1,0,2,2,2,2,0,0,2,2
51,-2399.443,5411.501,78.673,-27.061,0.889504,0.454157,0.050242,-0.448743,0.888992,-0.091225,-0.086095,0.058599,0.994562,0,0.90970,0.25613,54.582,0.512,-1,375.000,-1,400.000,-1,325.000,325.000,225.000,300.000,-1,-1,-1,-1,700.000,700.000,-1,-1,2,0,2,0,2,0,0,1,0,2,2,2,2,0,0,2,2
52,-2350.957,5387.022,74.117,-26.789,0.891730,0.449890,0.049154,-0.444493,0.891065,-0.091814,-0.085105,0.060025,0.994562,0,0.90526,0.13613,54.316,0.272,-1,375.000,-1,400.000,-1,325.000,325.000,225.000,300.000,-1,-1,-1,-1,700.000,700.000,-1,-1,2,0,2,0,2,0,0,1,1,2,2,2,2,0,0,2,2
53,-2302.748,5362.716,69.548,-26.756,0.892058,0.449359,0.048052,-0.443979,0.891260,-0.092400,-0.084348,0.061093,0.994562,0,0.89982,0.01613,53.989,0.032,-1,375.000,-1,400.000,-1,325.000,325.000,200.000,300.000,-1,-1,-1,-1,700.000,700.000,-1,-1,2,0,2,0,2,0,0,1,1,2,2,2,2,0,0,2,2
54,-2254.971,5338.411,64.957,-26.964,0.890493,0.452568,0.046947,-0.447205,0.889586,-0.092973,-0.083840,0.061797,0.994561,0,0.89340,-0.10387,53.604,-0.208,-1,375.000,-1,400.000,-1,325.000,325.000,200.000,300.000,-1,-1,-1,-1,700.000,675.000,-1,-1,2,0,2,0,2,0,0,1,1,2,2,2,2,0,0,2,2
55,-2207.777,5313.935,60.339,-27.412,0.886996,0.459496,0.045849,-0.454148,0.886004,-0.093521,-0.083595,0.062130,0.994561,0,0.88605,-0.22387,53.163,-0.448,-1,375.000,-1,400.000,-1,325.000,325.000,200.000,300.000,-1,-1,-1,-1,700.000,675.000,-1,-1,2,0,2,0,2,0,0,1,1,2,2,2,2,0,0,2,2
56,-2161.315,5289.127,55.686,-28.100,0.881477,0.470099,0.044769,-0.464764,0.880427,-0.094033,-0.083621,0.062081,0.994562,0,0.87783,-0.34387,52.670,-0.688,-1,375.000,-1,375.000,-1,325.000,325.000,225.000,300.000,-1,-1,-1,-1,700.000,650.000,-1,-1,2,0,2,0,2,0,0,1,1,2,2,2,2,0,0,2,2
57,-2115.730,5263.830,51.911,-29.027,0.873816,0.484258,0.044047,-0.478742,0.872637,-0.096490,-0.085163,0.063227,0.994359,0,0.86889,-0.46387,52.134,-0.928,-1,375.000,-1,375.000,-1,325.000,325.000,225.000,300.000,-1,-1,-1,-1,700.000,650.000,-1,-1,2,0,2,0,2,0,0,1,1,2,2,2,2,0,0,2,2
58,-2071.099,5238.006,48.195,-30.055,0.865064,0.499790,0.043282,-0.494085,0.863761,-0.098982,-0.086856,0.064241,0.994147,0,0.85939,-0.51354,51.563,-1.027,-1,375.000,-1,375.000,975.000,325.000,325.000,250.000,300.000,-1,-1,-1,-1,700.000,625.000,-1,975.000,2,0,2,0,0,0,0,1,1,2,2,2,2,0,0,2,0
59,-2027.429,5211.680,44.047,-31.083,0.856019,0.515245,0.041870,-0.509613,0.854700,-0.098910,-0.086750,0.063332,0.994215,0,0.84985,-0.51430,50.991,-1.029,-1,375.000,-1,375.000,950.000,325.000,300.000,250.000,300.000,-1,-1,-1,-1,675.000,625.000,-1,950.000,2,0,2,0,0,0,0,1,0,2,2,2,2,0,0,2,0
60,-1984.706,5184.863,39.470,-32.114,0.846660,0.530636,0.039901,-0.525335,0.845437,-0.096229,-0.084797,0.060512,0.994559,0,0.84071,-0.51558,50.442,-1.031,-1,375.000,-1,375.000,950.000,325.000,300.000,275.000,300.000,-1,-1,-1,-1,700.000,625.000,-1,950.000,2,0,2,0,0,0,0,1,0,2,2,2,2,0,0,2,0
61,-1942.907,5157.562,35.082,-33.149,0.836999,0.545889,0.037902,-0.540863,0.835828,-0.094119,-0.083058,0.058278,0.994839,0,0.83210,-0.51736,49.926,-1.035,-1,375.000,-1,350.000,950.000,325.000,300.000,300.000,300.000,-1,-1,-1,-1,675.000,600.000,-1,950.000,2,0,2,0,0,0,0,1,0,2,2,2,2,0,0,2,0
62,-1902.004,5129.776,30.971,-34.188,0.827038,0.561001,0.035875,-0.556160,0.825852,-0.093031,-0.081818,0.056988,0.995017,0,0.82413,-0.51960,49.448,-1.039,-1,375.000,-1,350.000,950.000,300.000,300.000,300.000,300.000,650.000,-1,975.000,-1,675.000,600.000,-1,950.000,2,0,2,0,0,0,0,0,0,1,2,0,2,0,0,2,0
63,-1861.970,5101.499,27.125,-35.233,0.816690,0.576032,0.034722,-0.571364,0.815585,-0.091460,-0.081002,0.054856,0.995203,0,0.81689,-0.52229,49.013,-1.045,-1,375.000,-1,350.000,950.000,300.000,300.000,300.000,300.000,475.000,-1,625.000,-1,675.000,600.000,-1,950.000,2,0,2,0,0,0,0,0,0,1,2,0,2,0,0,2,0
64,-1822.774,5072.723,23.375,-36.284,0.805991,0.590967,0.033721,-0.586479,0.804987,-0.089654,-0.080128,0.052484,0.995402,0,0.81043,-0.52538,48.626,-1.051,-1,375.000,-1,350.000,950.000,300.000,300.000,300.000,300.000,425.000,-1,600.000,-1,650.000,600.000,-1,925.000,2,0,2,0,0,0,0,0,0,1,2,0,2,0,0,2,0
65,-1787.817,5046.289,20.002,-37.094,0.797556,0.602358,0.032693,-0.598050,0.796624,-0.087902,-0.078992,0.050555,0.995593,0,0.73043,-0.40538,43.826,-0.811,-1,375.000,-1,350.000,950.000,300.000,300.000,300.000,300.000,425.000,-1,575.000,-1,650.000,600.000,-1,925.000,2,0,2,0,0,0,0,0,0,1,2,0,2,0,0,2,0
66,-1755.349,5021.226,16.856,-37.665,0.791532,0.610310,0.031607,-0.606184,0.790644,-0.086161,-0.077575,0.049039,0.995780,0,0.68360,-0.28538,41.016,-0.571,-1,375.000,-1,350.000,950.000,300.000,300.000,300.000,300.000,425.000,775.000,550.000,-1,650.000,600.000,-1,925.000,2,0,2,0,0,0,0,0,0,1,0,0,2,0,0,2,0
67,-1723.164,4996.084,13.856,-37.996,0.788011,0.614911,0.030387,-0.611021,0.787167,-0.083793,-0.075444,0.047463,0.996020,0,0.68069,-0.16538,40.841,-0.331,-1,375.000,-1,350.000,975.000,300.000,300.000,300.000,300.000,425.000,600.000,525.000,-1,650.000,600.000,-1,950.000,2,0,2,0,0,0,0,0,0,1,0,0,2,0,0,2,0
68,-1691.113,4970.965,10.930,-38.087,0.787058,0.616196,0.029021,-0.612565,0.786242,-0.081162,-0.072829,0.046102,0.996278,0,0.67871,-0.04538,40.722,-0.091,-1,375.000,-1,350.000,1000.000,300.000,300.000,300.000,300.000,450.000,525.000,500.000,-1,650.000,600.000,-1,975.000,2,0,2,0,0,0,0,0,0,1,0,0,2,0,0,2,0
69,-1659.050,4945.971,8.038,-37.937,0.788692,0.614174,0.027487,-0.610806,0.787880,-0.078491,-0.069864,0.045116,0.996536,0,0.67757,0.07462,40.654,0.149,-1,375.000,-1,350.000,-1,300.000,300.000,300.000,300.000,450.000,450.000,500.000,-1,650.000,600.000,-1,1000.000,2,0,2,0,2,0,0,0,0,1,0,0,2,0,0,2,0
70,-1626.837,4921.210,5.183,-37.548,0.792887,0.608824,0.025760,-0.605723,0.792057,-0.075800,-0.066552,0.044497,0.996790,0,0.67719,0.19462,40.631,0.389,-1,375.000,-1,350.000,-1,300.000,300.000,300.000,300.000,475.000,375.000,450.000,950.000,650.000,600.000,-1,-1,2,0,2,0,2,0,0,0,0,1,0,0,1,0,0,2,2
71,-1594.340,4896.793,2.634,-36.919,0.799527,0.600117,0.024821,-0.597259,0.798733,-0.072850,-0.063544,0.043421,0.997034,0,0.67747,0.31462,40.648,0.629,-1,375.000,-1,350.000,-1,300.000,300.000,300.000,300.000,475.000,350.000,425.000,900.000,650.000,600.000,-1,-1,2,0,2,0,2,0,0,0,0,1,0,0,1,0,0,2,2
72,-1561.434,4872.843,0.340,-36.050,0.808573,0.587940,0.023157,-0.585340,0.807757,-0.070035,-0.059882,0.043074,0.997276,0,0.67833,0.43462,40.700,0.869,-1,375.000,-1,350.000,-1,300.000,300.000,300.000,300.000,500.000,325.000,400.000,850.000,650.000,625.000,-1,-1,2,0,2,0,2,0,0,0,0,1,0,0,1,0,0,2,2
73,-1528.021,4849.460,-1.887,-34.985,0.819384,0.572840,0.021548,-0.570489,0.818550,-0.067222,-0.056146,0.042787,0.997505,0,0.67971,0.53220,40.783,1.064,-1,375.000,-1,350.000,-1,300.000,300.000,300.000,300.000,525.000,325.000,400.000,825.000,650.000,625.000,-1,-1,2,0,2,0,2,0,0,0,0,1,0,0,1,0,0,2,2
74,-1494.095,4826.638,-3.999,-33.929,0.829830,0.557660,0.019944,-0.555532,0.828976,-0.064677,-0.052601,0.042592,0.997707,0,0.68147,0.52805,40.888,1.056,-1,375.000,-1,350.000,-1,300.000,300.000,300.000,300.000,550.000,325.000,400.000,800.000,675.000,625.000,-1,-1,2,0,2,0,2,0,0,0,0,1,0,0,1,0,0,2,2
75,-1459.665,4804.381,-6.031,-32.881,0.839911,0.542414,0.018341,-0.540495,0.839043,-0.062222,-0.049139,0.042348,0.997894,0,0.68330,0.52388,40.998,1.048,-1,375.000,-1,350.000,-1,300.000,300.000,300.000,300.000,575.000,325.000,400.000,800.000,675.000,650.000,-1,-1,2,0,2,0,2,0,0,0,0,1,0,0,1,0,0,2,2
76,-1424.741,4782.692,-7.982,-31.842,0.849631,0.527112,0.016746,-0.525389,0.848754,-0.059856,-0.045764,0.042058,0.998067,0,0.68519,0.51967,41.112,1.039,-1,375.000,-1,350.000,-1,300.000,300.000,300.000,300.000,575.000,325.000,400.000,825.000,675.000,650.000,-1,-1,2,0,2,0,2,0,0,0,0,1,0,0,1,0,0,2,2
77,-1389.331,4761.574,-9.797,-30.811,0.859000,0.511759,0.014885,-0.510226,0.858104,-0.057682,-0.042293,0.041954,0.998224,0,0.68714,0.51543,41.228,1.031,-1,375.000,-1,375.000,-1,300.000,300.000,300.000,300.000,600.000,325.000,400.000,825.000,675.000,650.000,-1,-1,2,0,2,0,2,0,0,0,0,1,0,0,1,0,0,2,2
78,-1353.447,4741.033,-11.432,-29.789,0.868025,0.496362,0.012558,-0.495020,0.867088,-0.055798,-0.038585,0.042218,0.998363,0,0.68914,0.51115,41.349,1.022,-1,375.000,-1,375.000,-1,300.000,300.000,300.000,300.000,625.000,325.000,400.000,850.000,700.000,675.000,-1,-1,2,0,2,0,2,0,0,0,0,1,0,0,1,0,0,2,2
79,-1317.096,4721.070,-12.996,-28.775,0.876693,0.480941,0.010301,-0.479776,0.875727,-0.054011,-0.034997,0.042409,0.998487,0,0.69119,0.50685,41.472,1.014,-1,375.000,-1,375.000,-1,300.000,300.000,300.000,300.000,650.000,325.000,400.000,875.000,700.000,675.000,-1,-1,2,0,2,0,2,0,0,0,0,1,0,0,1,0,0,2,2
80,-1280.290,4701.690,-14.489,-27.770,0.885009,0.465504,0.008118,-0.464505,0.884024,-0.052318,-0.031531,0.042531,0.998597,0,0.69329,0.50252,41.598,1.005,-1,375.000,-1,375.000,-1,300.000,300.000,300.000,300.000,675.000,350.000,425.000,900.000,700.000,700.000,-1,-1,2,0,2,0,2,0,0,0,0,1,0,0,1,0,0,2,2
81,-1241.440,4682.092,-15.957,-26.770,0.893011,0.449995,0.005973,-0.449156,0.892018,-0.050627,-0.028110,0.042528,0.998700,0,0.72522,0.50030,43.513,1.001,-1,375.000,-1,375.000,-1,325.000,300.000,300.000,300.000,700.000,350.000,425.000,950.000,700.000,700.000,-1,-1,2,0,2,0,2,0,0,0,0,1,0,0,1,0,0,2,2
82,-1202.270,4663.179,-17.144,-25.773,0.900695,0.434427,0.004769,-0.433709,0.899740,-0.048623,-0.025414,0.041726,0.998806,0,0.72496,0.49830,43.498,0.997,-1,375.000,-1,375.000,-1,325.000,325.000,300.000,300.000,725.000,375.000,450.000,975.000,700.000,725.000,-1,-1,2,0,2,0,2,0,0,0,0,1,0,0,1,0,0,2,2
83,-1162.788,4644.952,-18.282,-24.780,0.908076,0.418790,0.003615,-0.418181,0.907158,-0.046785,-0.022872,0.040973,0.998898,0,0.72477,0.49623,43.486,0.992,-1,375.000,-1,375.000,-1,325.000,325.000,300.000,300.000,750.000,400.000,475.000,-1,700.000,725.000,-1,-1,2,0,2,0,2,0,0,0,0,1,0,0,2,0,0,2,2
84,-1123.005,4627.412,-19.404,-23.792,0.915156,0.403092,0.002557,-0.402574,0.914267,-0.045268,-0.020585,0.040398,0.998972,0,0.72464,0.49411,43.479,0.988,-1,400.000,-1,400.000,-1,325.000,325.000,300.000,300.000,775.000,425.000,500.000,-1,675.000,750.000,-1,-1,2,0,2,0,2,0,0,0,0,1,0,0,2,0,0,2,2
85,-1082.930,4610.559,-20.470,-22.808,0.921935,0.387343,0.001555,-0.386907,0.921074,-0.043876,-0.018427,0.039850,0.999036,0,0.72457,0.49192,43.474,0.984,-1,400.000,-1,400.000,-1,325.000,325.000,300.000,300.000,800.000,450.000,525.000,-1,675.000,750.000,-1,-1,2,0,2,0,2,0,0,0,0,1,0,0,2,0,0,2,2
86,-1042.573,4594.394,-21.475,-21.829,0.928412,0.371551,0.000602,-0.371190,0.927580,-0.042579,-0.016379,0.039308,0.999093,0,0.72457,0.48968,43.474,0.979,-1,400.000,-1,400.000,-1,325.000,325.000,300.000,300.000,825.000,475.000,525.000,-1,675.000,725.000,-1,-1,2,0,2,0,2,0,0,0,0,1,0,0,2,0,0,2,2
87,-1001.945,4578.916,-22.427,-20.854,0.934591,0.355724,-0.000289,-0.355430,0.933785,-0.041407,-0.014459,0.038801,0.999142,0,0.72462,0.48739,43.477,0.975,-1,400.000,-1,400.000,-1,325.000,325.000,300.000,300.000,850.000,500.000,550.000,-1,675.000,725.000,-1,-1,2,0,2,0,2,0,0,0,0,1,0,0,2,0,0,2,2
88,-961.053,4564.126,-23.326,-19.884,0.940472,0.339869,-0.001119,-0.339635,0.939691,-0.040352,-0.012663,0.038330,0.999185,0,0.72473,0.48504,43.484,0.970,-1,375.000,-1,400.000,-1,325.000,325.000,300.000,300.000,875.000,550.000,550.000,-1,650.000,725.000,-1,-1,2,0,2,0,2,0,0,0,0,1,0,0,2,0,0,2,2
89,-924.511,4551.434,-24.004,-19.154,0.944722,0.327870,-0.001662,-0.327672,0.943949,-0.039884,-0.011508,0.038224,0.999203,0,0.64473,0.36504,38.684,0.730,-1,375.000,-1,400.000,-1,325.000,325.000,300.000,300.000,875.000,575.000,575.000,-1,650.000,700.000,-1,-1,2,0,2,0,2,0,0,0,0,1,0,0,2,0,0,2,2
90,-892.409,4540.591,-24.518,-18.664,0.947489,0.319782,-0.001987,-0.319605,0.946716,-0.039778,-0.010839,0.038324,0.999207,0,0.56473,0.24504,33.884,0.490,-1,375.000,-1,400.000,-1,325.000,325.000,300.000,300.000,900.000,600.000,600.000,-1,650.000,700.000,-1,-1,2,0,2,0,2,0,0,0,0,1,0,0,2,0,0,2,2
91,-864.815,4531.404,-24.953,-18.414,0.948874,0.315647,-0.002236,-0.315483,0.948102,-0.039661,-0.010398,0.038339,0.999211,0,0.48473,0.12504,29.084,0.250,1000.000,375.000,-1,400.000,-1,325.000,325.000,300.000,300.000,925.000,600.000,625.000,-1,625.000,700.000,-1,-1,0,0,2,0,2,0,0,0,0,1,0,0,2,0,0,2,2
92,-841.773,4523.737,-25.317,-18.404,0.948929,0.315481,-0.002423,-0.315326,0.948160,-0.039527,-0.010173,0.038273,0.999216,0,0.40473,0.00504,24.284,0.010,1000.000,375.000,-1,400.000,-1,325.000,325.000,300.000,300.000,925.000,625.000,625.000,-1,625.000,700.000,1000.000,-1,0,0,2,0,2,0,0,0,0,1,0,0,2,0,0,0,2
93,-823.310,4517.512,-25.615,-18.634,0.947655,0.319285,-0.002558,-0.319134,0.946892,-0.039372,-0.010149,0.038127,0.999221,0,0.32473,-0.11496,19.484,-0.230,975.000,375.000,-1,400.000,-1,300.000,325.000,300.000,300.000,925.000,650.000,650.000,-1,625.000,675.000,975.000,-1,0,0,2,0,2,0,0,0,0,1,0,0,2,0,0,0,2
94,-809.435,4512.706,-25.851,-19.104,0.945006,0.327043,-0.002648,-0.326891,0.944249,-0.039191,-0.010317,0.037901,0.999228,0,0.24473,-0.23496,14.684,-0.470,950.000,375.000,-1,400.000,-1,300.000,325.000,300.000,300.000,925.000,650.000,650.000,-1,625.000,675.000,975.000,-1,0,0,2,0,2,0,0,0,0,1,0,0,2,0,0,0,2
95,-800.136,4509.355,-26.023,-19.814,0.940883,0.338721,-0.002699,-0.338564,0.940136,-0.038981,-0.010667,0.037590,0.999236,0,0.16473,-0.35496,9.884,-0.710,950.000,375.000,-1,400.000,-1,300.000,325.000,300.000,300.000,925.000,650.000,650.000,-1,625.000,675.000,950.000,-1,0,0,2,0,2,0,0,0,0,1,0,0,2,0,0,0,2
96,-795.382,4507.553,-26.129,-20.763,0.935141,0.354265,-0.002712,-0.354099,0.934405,-0.038741,-0.011190,0.037188,0.999246,0,0.08473,-0.47496,5.084,-0.950,925.000,375.000,-1,400.000,-1,300.000,325.000,300.000,300.000,925.000,650.000,650.000,-1,625.000,675.000,950.000,-1,0,0,2,0,2,0,0,0,0,1,0,0,2,0,0,0,2
97,-795.119,4507.446,-26.161,-21.953,0.927586,0.373600,-0.002689,-0.373421,0.926864,-0.038469,-0.011879,0.036687,0.999256,0,0.00473,-0.59496,0.284,-1.190,925.000,375.000,-1,400.000,-1,300.000,325.000,300.000,300.000,925.000,650.000,650.000,-1,625.000,700.000,950.000,-1,0,0,2,0,2,0,0,0,0,1,0,0,2,0,0,0,2
98,-799.264,4509.238,-26.112,-23.383,0.917978,0.396622,-0.002626,-0.396426,0.917273,-0.038165,-0.012729,0.036075,0.999268,0,-0.07527,-0.71496,-4.516,-1.430,925.000,375.000,-1,400.000,-1,300.000,325.000,300.000,300.000,900.000,625.000,650.000,-1,625.000,700.000,950.000,-1,0,0,2,0,2,0,0,0,0,1,0,0,2,0,0,0,2
99,-807.715,4513.158,-25.966,-24.887,0.907259,0.420565,-0.002524,-0.420351,0.906571,-0.037870,-0.013639,0.035418,0.999279,0,-0.15527,-0.75181,-9.316,-1.504,925.000,375.000,-1,400.000,-1,325.000,325.000,300.000,300.000,875.000,575.000,650.000,-1,625.000,700.000,975.000,-1,0,0,2,0,2,0,0,0,0,1,0,0,2,0,0,0,2
100,-820.360,4519.431,-25.711,-26.386,0.895947,0.444155,-0.002385,-0.443923,0.895276,-0.037605,-0.014568,0.034751,0.999290,0,-0.23527,-0.74978,-14.116,-1.500,950.000,375.000,-1,400.000,-1,325.000,325.000,300.000,300.000,875.000,525.000,625.000,-1,625.000,700.000,975.000,-1,0,0,2,0,2,0,0,0,0,1,0,0,2,0,0,0,2
101,-837.081,4528.276,-25.336,-27.880,0.884072,0.467345,-0.002205,-0.467092,0.883418,-0.037378,-0.015521,0.034075,0.999299,0,-0.31527,-0.74661,-18.916,-1.493,950.000,375.000,-1,400.000,-1,325.000,325.000,300.000,300.000,850.000,500.000,625.000,-1,650.000,725.000,1000.000,-1,0,0,2,0,2,0,0,0,0,1,0,0,2,0,0,0,2
102,-857.750,4539.906,-24.720,-29.364,0.871677,0.490077,-0.001882,-0.489791,0.871022,-0.037770,-0.016871,0.033845,0.999285,0,-0.39527,-0.74223,-23.716,-1.484,975.000,375.000,-1,400.000,-1,325.000,325.000,300.000,300.000,825.000,475.000,600.000,-1,650.000,725.000,-1,-1,0,0,2,0,2,0,0,0,0,1,0,0,2,0,0,2,2
103,-882.235,4554.523,-23.912,-30.837,0.858800,0.512309,-0.001492,-0.511980,0.858135,-0.038493,-0.018440,0.033822,0.999258,0,-0.47527,-0.73661,-28.516,-1.473,1000.000,375.000,-1,400.000,-1,325.000,325.000,300.000,300.000,800.000,450.000,550.000,-1,650.000,750.000,-1,-1,0,0,2,0,2,0,0,0,0,1,0,0,2,0,0,2,2
104,-908.035,4570.831,-23.008,-32.297,0.845485,0.533999,-0.001082,-0.533621,0.844807,-0.039353,-0.020101,0.033850,0.999225,0,-0.50871,-0.72972,-30.522,-1.459,-1,375.000,-1,400.000,-1,325.000,325.000,300.000,300.000,775.000,425.000,525.000,-1,650.000,750.000,-1,-1,2,0,2,0,2,0,0,0,0,1,0,0,2,0,0,2,2
105,-933.637,4587.932,-22.057,-33.741,0.831767,0.555124,-0.000668,-0.554696,0.831077,-0.040299,-0.021816,0.033890,0.999187,0,-0.51314,-0.72223,-30.788,-1.444,-1,400.000,-1,400.000,-1,325.000,325.000,300.000,300.000,775.000,400.000,500.000,-1,675.000,750.000,-1,-1,2,0,2,0,2,0,0,0,0,1,0,0,2,0,0,2,2
106,-954.855,4602.938,-21.224,-35.270,0.816676,0.577096,-0.000307,-0.576619,0.815978,-0.041116,-0.023478,0.033756,0.999154,0,-0.43314,-0.76420,-25.988,-1.528,-1,400.000,-1,400.000,-1,325.000,325.000,300.000,300.000,750.000,375.000,475.000,-1,675.000,775.000,-1,-1,2,0,2,0,2,0,0,0,0,1,0,0,2,0,0,2,2
107,-971.825,4615.625,-20.523,-36.785,0.801140,0.598477,-0.000014,-0.597954,0.800440,-0.041785,-0.024996,0.033484,0.999127,0,-0.35314,-0.75762,-21.188,-1.515,-1,400.000,-1,400.000,-1,325.000,325.000,300.000,300.000,725.000,350.000,450.000,-1,675.000,775.000,-1,-1,2,0,2,0,2,0,0,0,0,1,0,0,2,0,0,2,2
108,-984.688,4625.780,-19.967,-38.289,0.785161,0.619292,0.000212,-0.618732,0.784464,-0.042276,-0.026347,0.033062,0.999106,0,-0.27314,-0.75215,-16.388,-1.504,-1,400.000,-1,400.000,-1,325.000,325.000,300.000,300.000,725.000,350.000,425.000,-1,675.000,750.000,-1,-1,2,0,2,0,2,0,0,0,0,1,0,0,2,0,0,2,2
109,-993.593,4633.195,-19.569,-39.785,0.768734,0.639569,0.000374,-0.638977,0.768047,-0.042565,-0.027510,0.032482,0.999094,0,-0.19314,-0.74782,-11.588,-1.496,-1,400.000,-1,400.000,-1,325.000,325.000,300.000,300.000,700.000,325.000,400.000,-1,700.000,750.000,-1,-1,2,0,2,0,2,0,0,0,0,1,0,0,2,0,0,2,2
110,-998.695,4637.673,-19.341,-41.274,0.751852,0.659331,0.000482,-0.658716,0.751183,-0.042632,-0.028471,0.031736,0.999091,0,-0.11314,-0.74469,-6.788,-1.489,-1,400.000,-1,400.000,-1,325.000,325.000,300.000,300.000,700.000,325.000,400.000,-1,700.000,750.000,-1,-1,2,0,2,0,2,0,0,0,0,1,0,0,2,0,0,2,2
111,-1000.155,4639.022,-19.291,-42.760,0.734504,0.678604,0.000552,-0.677975,0.733857,-0.042466,-0.029223,0.030817,0.999098,0,-0.03314,-0.74280,-1.988,-1.486,-1,400.000,-1,400.000,-1,325.000,325.000,300.000,300.000,700.000,300.000,375.000,-1,700.000,750.000,-1,-1,2,0,2,0,2,0,0,0,0,1,0,0,2,0,0,2,2
112,-998.141,4637.060,-19.427,-44.244,0.716671,0.697411,0.000604,-0.696776,0.716055,-0.042059,-0.029765,0.029722,0.999115,0,0.04686,-0.74224,2.812,-1.484,-1,400.000,-1,400.000,-1,325.000,325.000,300.000,300.000,700.000,300.000,375.000,-1,700.000,750.000,-1,-1,2,0,2,0,2,0,0,0,0,1,0,0,2,0,0,2,2
113,-992.828,4631.610,-19.756,-45.730,0.698332,0.715774,0.000659,-0.715141,0.697753,-0.041412,-0.030102,0.028448,0.999142,0,0.12686,-0.74306,7.612,-1.486,-1,400.000,-1,400.000,-1,325.000,325.000,300.000,300.000,700.000,300.000,350.000,-1,700.000,750.000,-1,-1,2,0,2,0,2,0,0,0,0,1,0,0,2,0,0,2,2
114,-984.399,4622.499,-20.284,-47.221,0.679459,0.733713,0.000745,-0.733090,0.678923,-0.040534,-0.030246,0.026995,0.999178,0,0.20686,-0.74536,12.412,-1.491,-1,400.000,-1,400.000,-1,325.000,325.000,300.000,300.000,725.000,300.000,350.000,-1,700.000,750.000,-1,-1,2,0,2,0,2,0,0,0,0,1,0,0,2,0,0,2,2
115,-973.044,4609.565,-20.997,-48.720,0.660021,0.751246,0.000874,-0.750637,0.659532,-0.039525,-0.030270,0.025432,0.999218,0,0.28686,-0.74921,17.212,-1.498,-1,400.000,-1,400.000,-1,325.000,325.000,300.000,300.000,725.000,300.000,350.000,-1,700.000,750.000,-1,-1,2,0,2,0,2,0,0,0,0,1,0,0,2,0,0,2,2
116,-958.963,4592.646,-21.775,-50.229,0.639992,0.768381,0.000941,-0.767773,0.639533,-0.039030,-0.030592,0.024256,0.999238,0,0.36686,-0.75471,22.012,-1.509,-1,400.000,-1,400.000,-1,325.000,325.000,300.000,300.000,750.000,325.000,350.000,-1,700.000,750.000,-1,-1,2,0,2,0,2,0,0,0,0,1,0,0,2,0,0,2,2
117,-942.365,4571.590,-22.748,-51.753,0.619316,0.785141,0.001071,-0.784537,0.618891,-0.038423,-0.030831,0.022956,0.999261,0,0.44686,-0.76196,26.812,-1.524,-1,400.000,-1,400.000,-1,325.000,325.000,300.000,300.000,800.000,325.000,375.000,-1,700.000,750.000,-1,-1,2,0,2,0,2,0,0,0,0,1,0,0,2,0,0,2,2
118,-923.472,4546.246,-23.918,-53.295,0.597943,0.801537,0.001293,-0.800938,0.597557,-0.037725,-0.031011,0.021521,0.999287,0,0.52686,-0.77103,31.612,-1.542,-1,400.000,-1,400.000,-1,325.000,325.000,300.000,300.000,825.000,350.000,375.000,-1,700.000,750.000,-1,-1,2,0,2,0,2,0,0,0,0,1,0,0,2,0,0,2,2
119,-902.514,4516.470,-25.290,-54.859,0.575819,0.817575,0.001637,-0.816983,0.575476,-0.036959,-0.031158,0.019944,0.999315,0,0.60686,-0.78202,36.412,-1.564,-1,400.000,-1,400.000,-1,325.000,325.000,300.000,300.000,875.000,375.000,400.000,-1,700.000,775.000,-1,-1,2,0,2,0,2,0,0,0,0,1,0,0,2,0,0,2,2
120,-881.375,4484.595,-26.622,-56.449,0.552897,0.833247,0.001900,-0.832644,0.552581,-0.036847,-0.031753,0.018790,0.999319,0,0.63746,-0.79501,38.248,-1.590,-1,400.000,-1,400.000,-1,325.000,325.000,300.000,300.000,950.000,400.000,425.000,-1,700.000,750.000,-1,-1,2,0,2,0,2,0,0,0,0,1,0,0,2,0,0,2,2
121,-860.965,4451.846,-27.903,-58.067,0.529141,0.848531,0.002102,-0.847905,0.528842,-0.037184,-0.032664,0.017893,0.999306,0,0.64313,-0.80899,38.588,-1.618,-1,400.000,-1,400.000,-1,325.000,325.000,300.000,300.000,-1,450.000,475.000,-1,700.000,750.000,-1,-1,2,0,2,0,2,0,0,0,0,2,0,0,2,0,0,2,2
122,-841.307,4418.187,-29.235,-59.714,0.504523,0.863395,0.002393,-0.862746,0.504248,-0.037476,-0.033563,0.016843,0.999295,0,0.64966,-0.82341,38.980,-1.647,-1,400.000,-1,400.000,-1,325.000,325.000,300.000,300.000,-1,500.000,500.000,-1,700.000,750.000,-1,-1,2,0,2,0,2,0,0,0,0,2,0,0,2,0,0,2,2
123,-822.430,4383.578,-30.544,-61.390,0.479038,0.877791,0.002385,-0.877128,0.478779,-0.037657,-0.034197,0.015947,0.999288,0,0.65704,-0.83826,39.422,-1.677,-1,400.000,-1,400.000,-1,325.000,325.000,300.000,300.000,-1,550.000,550.000,-1,700.000,750.000,-1,-1,2,0,2,0,2,0,0,0,0,2,0,0,2,0,0,2,2
124,-804.371,4347.984,-31.879,-63.097,0.452666,0.891677,0.002342,-0.891004,0.452423,-0.037752,-0.034722,0.015002,0.999284,0,0.66521,-0.85356,39.913,-1.707,-1,400.000,-1,400.000,-1,325.000,325.000,300.000,300.000,-1,575.000,575.000,-1,700.000,750.000,-1,-1,2,0,2,0,2,0,0,0,0,2,0,0,2,0,0,2,2
125,-787.171,4311.373,-33.261,-64.836,0.425390,0.905007,0.002378,-0.904325,0.425168,-0.037779,-0.035202,0.013920,0.999283,0,0.67416,-0.86929,40.450,-1.739,-1,400.000,-1,400.000,-1,325.000,325.000,300.000,300.000,-1,625.000,625.000,-1,700.000,750.000,-1,-1,2,0,2,0,2,0,0,0,0,2,0,0,2,0,0,2,2
126,-769.008,4269.928,-34.846,-66.335,0.401558,0.915830,0.002520,-0.915143,0.401361,-0.037731,-0.035567,0.012846,0.999285,0,0.75416,-0.74929,45.250,-1.499,-1,400.000,-1,400.000,-1,325.000,325.000,300.000,300.000,-1,675.000,675.000,-1,700.000,750.000,-1,-1,2,0,2,0,2,0,0,0,0,2,0,0,2,0,0,2,2
127,-749.931,4223.657,-36.634,-67.593,0.381324,0.924437,0.002791,-0.923746,0.381153,-0.037617,-0.035839,0.011766,0.999288,0,0.83416,-0.62929,50.050,-1.259,-1,400.000,-1,400.000,-1,325.000,325.000,300.000,300.000,-1,750.000,725.000,-1,700.000,750.000,-1,-1,2,0,2,0,2,0,0,0,0,2,0,0,2,0,0,2,2
128,-730.635,4174.391,-38.553,-68.612,0.364806,0.931078,0.003198,-0.930386,0.364664,-0.037456,-0.036041,0.010689,0.999293,0,0.88183,-0.50929,52.910,-1.019,-1,400.000,-1,400.000,-1,325.000,325.000,275.000,300.000,-1,800.000,775.000,-1,675.000,750.000,-1,-1,2,0,2,0,2,0,0,0,0,2,0,0,2,0,0,2,2
129,-711.701,4124.043,-40.528,-69.390,0.352094,0.935957,0.003726,-0.935265,0.351982,-0.037268,-0.036193,0.009637,0.999298,0,0.89652,-0.38929,53.791,-0.779,-1,400.000,-1,400.000,-1,325.000,325.000,275.000,300.000,-1,850.000,825.000,-1,675.000,750.000,-1,-1,2,0,2,0,2,0,0,0,0,2,0,0,2,0,0,2,2
130,-692.927,4072.659,-42.555,-69.929,0.343252,0.939233,0.004356,-0.938541,0.343171,-0.037061,-0.036304,0.008633,0.999304,0,0.91177,-0.26929,54.706,-0.539,1000.000,400.000,-1,400.000,-1,325.000,325.000,275.000,300.000,-1,900.000,875.000,-1,675.000,750.000,-1,-1,0,0,2,0,2,0,0,0,0,2,0,0,2,0,0,2,2
131,-674.101,4020.290,-44.343,-70.228,0.338361,0.941008,0.003864,-0.940343,0.338272,-0.036430,-0.035588,0.008693,0.999329,0,0.92750,-0.14929,55.650,-0.299,1000.000,375.000,-1,400.000,-1,325.000,325.000,275.000,300.000,-1,950.000,925.000,-1,675.000,750.000,-1,-1,0,0,2,0,2,0,0,0,0,2,0,0,2,0,0,2,2
132,-655.199,3967.537,-46.109,-70.286,0.337406,0.941353,0.003470,-0.940715,0.337309,-0.035734,-0.034809,0.008793,0.999355,0,0.93395,-0.02929,56.037,-0.059,975.000,375.000,-1,400.000,-1,325.000,325.000,275.000,300.000,-1,1000.000,975.000,-1,675.000,750.000,-1,-1,0,0,2,0,2,0,0,0,0,2,0,0,2,0,0,2,2
133,-636.129,3914.845,-47.871,-70.105,0.340396,0.940278,0.002963,-0.939674,0.340287,-0.034900,-0.033824,0.009096,0.999386,0,0.93395,0.09071,56.037,0.181,975.000,375.000,-1,400.000,-1,325.000,325.000,275.000,300.000,-1,-1,1000.000,-1,675.000,750.000,-1,-1,0,0,2,0,2,0,0,0,0,2,2,0,2,0,0,2,2
134,-616.673,3862.295,-49.625,-69.683,0.347321,0.937744,0.002221,-0.937177,0.347191,-0.034032,-0.032685,0.009739,0.999418,0,0.93395,0.21071,56.037,0.421,950.000,375.000,-1,400.000,-1,325.000,325.000,275.000,300.000,-1,-1,-1,-1,675.000,750.000,-1,-1,0,0,2,0,2,0,0,0,0,2,2,2,2,0,0,2,2
