timestep,x_cm,y_cm,z_cm,yaw_deg,basis_xx,basis_xy,basis_xz,basis_yx,basis_yy,basis_yz,basis_zx,basis_zy,basis_zz,teleport_flag,throttle_cmd,steering_cmd,cmd_move_cm,cmd_turn_deg,lidar_cm_0,lidar_cm_1,lidar_cm_2,lidar_cm_3,lidar_cm_4,lidar_cm_5,lidar_cm_6,lidar_cm_7,lidar_cm_8,lidar_cm_9,lidar_cm_10,lidar_cm_11,lidar_cm_12,lidar_cm_13,lidar_cm_14,lidar_cm_15,lidar_cm_16,lidar_class_0,lidar_class_1,lidar_class_2,lidar_class_3,lidar_class_4,lidar_class_5,lidar_class_6,lidar_class_7,lidar_class_8,lidar_class_9,lidar_class_10,lidar_class_11,lidar_class_12,lidar_class_13,lidar_class_14,lidar_class_15,lidar_class_16
0,3612.421,-6887.427,126.153,178.503,-0.998196,-0.026077,0.054084,0.022772,-0.997887,-0.060857,0.055556,-0.059516,0.996680,1,-0.08000,0.12000,-4.800,0.240,-1,375.000,-1,400.000,-1,325.000,325.000,300.000,300.000,-1,675.000,625.000,-1,725.000,825.000,-1,-1,2,0,2,0,2,0,0,0,0,2,0,0,2,0,0,2,2
1,3617.552,-6887.519,125.880,178.983,-0.998390,-0.017716,0.053879,0.014418,-0.998034,-0.060999,0.054854,-0.060124,0.996683,0,-0.08553,0.24000,-5.132,0.480,-1,375.000,-1,400.000,-1,325.000,325.000,300.000,300.000,-1,675.000,625.000,-1,725.000,800.000,-1,-1,2,0,2,0,2,0,0,0,0,2,0,0,2,0,0,2,2
2,3622.725,-6887.546,125.613,179.703,-0.998546,-0.005173,0.053665,0.001884,-0.998126,-0.061159,0.053881,-0.060969,0.996684,0,-0.08620,0.36000,-5.172,0.720,-1,375.000,-1,400.000,-1,325.000,325.000,300.000,300.000,-1,675.000,600.000,-1,700.000,800.000,-1,-1,2,0,2,0,2,0,0,0,0,2,0,0,2,0,0,2,2
3,3627.937,-6887.494,125.351,180.590,-0.998518,0.010274,0.053444,-0.013552,-0.998025,-0.061337,0.052708,-0.061971,0.996685,0,-0.08687,0.44336,-5.212,0.887,-1,375.000,-1,400.000,-1,325.000,325.000,300.000,300.000,-1,675.000,600.000,-1,700.000,800.000,-1,-1,2,0,2,0,2,0,0,0,0,2,0,0,2,0,0,2,2
4,3633.189,-6887.359,125.090,181.476,-0.998252,0.025701,0.053221,-0.028967,-0.997685,-0.061527,0.051517,-0.062961,0.996685,0,-0.08756,0.44292,-5.254,0.886,-1,375.000,-1,400.000,-1,325.000,325.000,300.000,300.000,-1,675.000,575.000,-1,700.000,800.000,-1,-1,2,0,2,0,2,0,0,0,0,2,0,0,2,0,0,2,2
5,3638.481,-6887.142,124.831,182.361,-0.997748,0.041105,0.052997,-0.044358,-0.997107,-0.061727,0.050307,-0.063939,0.996685,0,-0.08826,0.44251,-5.295,0.885,-1,375.000,-1,400.000,-1,300.000,325.000,300.000,300.000,-1,675.000,575.000,-1,700.000,800.000,-1,-1,2,0,2,0,2,0,0,0,0,2,0,0,2,0,0,2,2
6,3643.810,-6886.841,124.573,183.245,-0.997008,0.056485,0.052773,-0.059723,-0.996291,-0.061939,0.049078,-0.064906,0.996684,0,-0.08896,0.44212,-5.338,0.884,-1,375.000,-1,400.000,-1,300.000,325.000,300.000,300.000,-1,650.000,575.000,-1,700.000,800.000,-1,-1,2,0,2,0,2,0,0,0,0,2,0,0,2,0,0,2,2
7,3649.178,-6886.454,124.316,184.128,-0.996031,0.071836,0.052547,-0.075058,-0.995240,-0.062162,0.047831,-0.065860,0.996682,0,-0.08968,0.44175,-5.381,0.884,-1,375.000,-1,400.000,-1,300.000,325.000,300.000,300.000,-1,650.000,550.000,-1,700.000,800.000,-1,-1,2,0,2,0,2,0,0,0,0,2,0,0,2,0,0,2,2
8,3654.582,-6885.981,124.062,185.011,-0.994820,0.087156,0.052321,-0.090362,-0.993952,-0.062397,0.046566,-0.066801,0.996679,0,-0.09041,0.44141,-5.425,0.883,-1,375.000,-1,400.000,-1,300.000,325.000,300.000,300.000,-1,650.000,550.000,-1,675.000,775.000,-1,-1,2,0,2,0,2,0,0,0,0,2,0,0,2,0,0,2,2
9,3660.023,-6885.421,123.810,185.893,-0.993374,0.102442,0.052095,-0.105630,-0.992430,-0.062642,0.045283,-0.067730,0.996676,0,-0.09115,0.44109,-5.469,0.882,-1,375.000,-1,400.000,-1,300.000,325.000,300.000,300.000,-1,650.000,525.000,-1,675.000,775.000,-1,-1,2,0,2,0,2,0,0,0,0,2,0,0,2,0,0,2,2
10,3665.498,-6884.771,123.559,186.775,-0.991695,0.117692,0.051869,-0.120861,-0.990675,-0.062899,0.043982,-0.068645,0.996671,0,-0.09189,0.44079,-5.514,0.882,-1,375.000,-1,400.000,-1,300.000,325.000,300.000,300.000,-1,625.000,525.000,-1,675.000,775.000,-1,-1,2,0,2,0,2,0,0,0,0,2,0,0,2,0,0,2,2
11,3673.623,-6883.671,123.193,187.720,-0.989641,0.133997,0.051539,-0.137142,-0.988529,-0.063268,0.042470,-0.069681,0.996665,0,-0.13663,0.47227,-8.198,0.945,-1,375.000,-1,400.000,-1,300.000,325.000,300.000,300.000,-1,625.000,525.000,-1,675.000,775.000,-1,-1,2,0,2,0,2,0,0,0,0,2,0,0,2,0,0,2,2
12,3681.767,-6882.431,122.834,188.666,-0.987313,0.150304,0.051210,-0.153423,-0.986108,-0.063654,0.040932,-0.070703,0.996657,0,-0.13730,0.47345,-8.238,0.947,-1,375.000,-1,375.000,-1,300.000,325.000,300.000,300.000,-1,600.000,500.000,-1,675.000,775.000,-1,-1,2,0,2,0,2,0,0,0,0,2,0,0,2,0,0,2,2
13,3689.928,-6881.049,122.480,189.616,-0.984709,0.166608,0.050884,-0.169699,-0.983412,-0.064057,0.039368,-0.071712,0.996648,0,-0.13794,0.47463,-8.276,0.949,-1,375.000,-1,375.000,-1,300.000,325.000,300.000,300.000,-1,600.000,500.000,-1,675.000,775.000,-1,-1,2,0,2,0,2,0,0,0,0,2,0,0,2,0,0,2,2
14,3698.100,-6879.526,122.134,190.567,-0.981830,0.182904,0.050561,-0.185966,-0.980439,-0.064476,0.037779,-0.072707,0.996638,0,-0.13854,0.47580,-8.313,0.952,-1,375.000,-1,375.000,-1,300.000,325.000,300.000,300.000,-1,575.000,500.000,-1,650.000,750.000,-1,-1,2,0,2,0,2,0,0,0,0,2,0,0,2,0,0,2,2
15,3706.280,-6877.860,121.794,191.521,-0.978673,0.199187,0.050241,-0.202217,-0.977187,-0.064911,0.036166,-0.073686,0.996625,0,-0.13912,0.47696,-8.347,0.954,-1,375.000,-1,375.000,-1,300.000,325.000,300.000,300.000,-1,575.000,500.000,-1,650.000,750.000,-1,-1,2,0,2,0,2,0,0,0,0,2,0,0,2,0,0,2,2
16,3714.462,-6876.050,121.462,192.477,-0.975237,0.215452,0.049926,-0.218449,-0.973657,-0.065362,0.034528,-0.074650,0.996612,0,-0.13966,0.47812,-8.379,0.956,-1,375.000,-1,375.000,-1,300.000,325.000,300.000,300.000,-1,575.000,475.000,-1,650.000,750.000,-1,-1,2,0,2,0,2,0,0,0,0,2,0,0,2,0,0,2,2
17,3727.269,-6872.936,120.962,193.674,-0.970565,0.235709,0.049435,-0.238659,-0.968853,-0.066068,0.032323,-0.075921,0.996590,0,-0.21966,0.59812,-13.179,1.196,-1,375.000,-1,375.000,-1,300.000,300.000,300.000,300.000,-1,550.000,475.000,-1,650.000,750.000,-1,-1,2,0,2,0,2,0,0,0,0,2,0,0,2,0,0,2,2
18,3744.628,-6868.251,120.314,195.110,-0.964406,0.259888,0.048780,-0.262772,-0.962525,-0.067053,0.029526,-0.077484,0.996556,0,-0.29966,0.71812,-17.979,1.436,-1,350.000,-1,375.000,-1,300.000,300.000,300.000,300.000,-1,525.000,475.000,-1,650.000,750.000,-1,-1,2,0,2,0,2,0,0,0,0,2,0,0,2,0,0,2,2
19,3766.439,-6861.674,119.546,196.786,-0.956461,0.287890,0.047977,-0.290690,-0.954373,-0.068348,0.026112,-0.079318,0.996507,0,-0.37966,0.83812,-22.779,1.676,1000.000,350.000,-1,375.000,-1,300.000,300.000,300.000,300.000,-1,525.000,450.000,-1,625.000,725.000,-1,-1,0,0,2,0,2,0,0,0,0,2,0,0,2,0,0,2,2
20,3792.579,-6852.876,118.689,198.607,-0.946917,0.318017,0.047046,-0.320712,-0.944589,-0.069971,0.022187,-0.081345,0.996439,0,-0.45966,0.91042,-27.579,1.821,975.000,350.000,-1,375.000,-1,300.000,300.000,300.000,300.000,-1,500.000,450.000,-1,625.000,725.000,-1,-1,0,0,2,0,2,0,0,0,0,2,0,0,2,0,0,2,2
21,3819.718,-6842.768,117.880,200.435,-0.936386,0.347926,0.046142,-0.350503,-0.933813,-0.071696,0.018143,-0.083308,0.996359,0,-0.48266,0.91386,-28.959,1.828,925.000,350.000,-1,375.000,-1,300.000,300.000,300.000,300.000,-1,500.000,450.000,-1,625.000,700.000,-1,-1,0,0,2,0,2,0,0,0,0,2,0,0,2,0,0,2,2
22,3846.578,-6831.770,117.366,202.269,-0.924839,0.377612,0.045627,-0.380074,-0.922117,-0.072416,0.014729,-0.084314,0.996330,0,-0.48371,0.91734,-29.023,1.835,925.000,350.000,-1,375.000,-1,300.000,300.000,300.000,300.000,-1,475.000,425.000,-1,625.000,700.000,-1,-1,0,0,2,0,2,0,0,0,0,2,0,0,2,0,0,2,2
23,3873.112,-6819.897,116.989,204.111,-0.912315,0.407023,0.044870,-0.409339,-0.909452,-0.073064,0.011068,-0.085024,0.996317,0,-0.48445,0.92070,-29.067,1.841,925.000,350.000,-1,375.000,-1,300.000,300.000,300.000,300.000,-1,450.000,425.000,-1,625.000,700.000,-1,-1,0,0,2,0,2,0,0,0,0,2,0,0,2,0,0,2,2
24,3899.271,-6807.163,116.774,205.959,-0.898822,0.436125,0.043753,-0.438257,-0.895831,-0.073608,0.007093,-0.085335,0.996327,0,-0.48488,0.92392,-29.093,1.848,925.000,350.000,-1,375.000,-1,300.000,300.000,300.000,300.000,-1,450.000,400.000,-1,625.000,675.000,1000.000,-1,0,0,2,0,2,0,0,0,0,2,0,0,2,0,0,0,2
25,3925.009,-6793.587,116.669,207.813,-0.884355,0.464873,0.042534,-0.466806,-0.881242,-0.074196,0.002991,-0.085470,0.996336,0,-0.48497,0.92698,-29.098,1.854,925.000,350.000,-1,375.000,-1,300.000,300.000,300.000,300.000,-1,450.000,425.000,-1,625.000,675.000,1000.000,-1,0,0,2,0,2,0,0,0,0,2,0,0,2,0,0,0,2
26,3950.280,-6779.189,116.803,209.672,-0.868939,0.493252,0.040603,-0.494917,-0.865733,-0.074591,-0.001641,-0.084910,0.996387,0,-0.48472,0.92988,-29.083,1.860,925.000,375.000,-1,375.000,-1,300.000,300.000,300.000,300.000,-1,475.000,450.000,-1,625.000,675.000,975.000,-1,0,0,2,0,2,0,0,0,0,2,0,0,2,0,0,0,2
27,3975.039,-6763.995,117.020,211.538,-0.852558,0.521196,0.038710,-0.522594,-0.849265,-0.075133,-0.006285,-0.084285,0.996422,0,-0.48413,0.93261,-29.048,1.865,925.000,375.000,-1,375.000,-1,300.000,300.000,300.000,300.000,-1,500.000,475.000,-1,625.000,650.000,975.000,-1,0,0,2,0,2,0,0,0,0,2,0,0,2,0,0,0,2
28,3999.242,-6748.031,117.320,213.408,-0.835227,0.548669,0.036869,-0.549797,-0.831850,-0.075817,-0.010929,-0.083595,0.996440,0,-0.48321,0.93516,-28.992,1.870,925.000,375.000,-1,375.000,-1,300.000,300.000,300.000,300.000,-1,550.000,500.000,-1,625.000,650.000,975.000,-1,0,0,2,0,2,0,0,0,0,2,0,0,2,0,0,0,2
29,4022.849,-6731.328,117.758,215.283,-0.816953,0.575620,0.035340,-0.576498,-0.813490,-0.076704,-0.015404,-0.083037,0.996427,0,-0.48195,0.93752,-28.917,1.875,925.000,375.000,-1,375.000,-1,300.000,300.000,300.000,300.000,-1,575.000,675.000,-1,625.000,650.000,975.000,-1,0,0,2,0,2,0,0,0,0,2,0,0,2,0,0,0,2
30,4045.820,-6713.916,118.371,217.162,-0.797756,0.602003,0.034315,-0.602662,-0.794194,-0.077803,-0.019585,-0.082748,0.996378,0,-0.48038,0.93968,-28.823,1.879,950.000,375.000,-1,375.000,-1,300.000,300.000,300.000,300.000,-1,700.000,-1,-1,625.000,650.000,975.000,-1,0,0,2,0,2,0,0,0,0,2,0,2,2,0,0,0,2
31,4068.119,-6695.830,119.064,219.046,-0.777661,0.627797,0.033378,-0.628236,-0.774005,-0.078968,-0.023741,-0.082380,0.996318,0,-0.47850,0.94164,-28.710,1.883,950.000,375.000,-1,375.000,-1,300.000,300.000,300.000,300.000,-1,-1,-1,-1,625.000,650.000,975.000,-1,0,0,2,0,2,0,0,0,0,2,2,2,2,0,0,0,2
32,4089.713,-6677.104,119.837,220.932,-0.756689,0.652965,0.032535,-0.653181,-0.752944,-0.080189,-0.027864,-0.081929,0.996249,0,-0.47634,0.94338,-28.581,1.887,975.000,375.000,-1,375.000,-1,300.000,300.000,300.000,300.000,-1,-1,-1,-1,650.000,650.000,975.000,-1,0,0,2,0,2,0,0,0,0,2,2,2,2,0,0,0,2
33,4110.570,-6657.775,120.687,222.822,-0.734864,0.677470,0.031788,-0.677462,-0.731034,-0.081454,-0.031944,-0.081393,0.996170,0,-0.47393,0.94490,-28.436,1.890,975.000,375.000,-1,375.000,-1,300.000,300.000,300.000,300.000,-1,-1,-1,-1,650.000,650.000,975.000,-1,0,0,2,0,2,0,0,0,0,2,2,2,2,0,0,0,2
34,4130.665,-6637.880,121.614,224.715,-0.712209,0.701277,0.031143,-0.701045,-0.708299,-0.082752,-0.035973,-0.080769,0.996083,0,-0.47128,0.94621,-28.277,1.892,1000.000,375.000,-1,375.000,-1,300.000,300.000,300.000,300.000,-1,-1,-1,-1,650.000,650.000,975.000,-1,0,0,2,0,2,0,0,0,0,2,2,2,2,0,0,0,2
35,4149.974,-6617.455,122.513,226.609,-0.688731,0.724373,0.030536,-0.723932,-0.684787,-0.083603,-0.039649,-0.079686,0.996031,0,-0.46843,0.94729,-28.106,1.895,-1,375.000,-1,375.000,-1,300.000,300.000,300.000,300.000,-1,-1,-1,-1,650.000,650.000,1000.000,-1,2,0,2,0,2,0,0,0,0,2,2,2,2,0,0,0,2
36,4168.476,-6596.537,123.433,228.505,-0.664466,0.746717,0.029961,-0.746073,-0.660514,-0.084239,-0.043113,-0.078327,0.995995,0,-0.46542,0.94814,-27.925,1.896,-1,375.000,-1,375.000,-1,300.000,300.000,300.000,300.000,-1,-1,-1,-1,650.000,650.000,-1,-1,2,0,2,0,2,0,0,0,0,2,2,2,2,0,0,2,2
37,4186.156,-6575.162,124.423,230.403,-0.639453,0.768266,0.029443,-0.767422,-0.635498,-0.084883,-0.046502,-0.076874,0.995956,0,-0.46229,0.94877,-27.737,1.898,-1,375.000,-1,375.000,-1,300.000,300.000,300.000,300.000,-1,-1,-1,-1,650.000,650.000,-1,-1,2,0,2,0,2,0,0,0,0,2,2,2,2,0,0,2,2
38,4202.999,-6553.367,125.480,232.301,-0.613723,0.788990,0.028981,-0.787949,-0.609771,-0.085530,-0.049810,-0.075328,0.995914,0,-0.45906,0.94918,-27.544,1.898,-1,375.000,-1,375.000,-1,300.000,300.000,300.000,300.000,-1,-1,-1,-1,650.000,650.000,-1,-1,2,0,2,0,2,0,0,0,0,2,2,2,2,0,0,2,2
39,4218.995,-6531.186,126.603,234.200,-0.587308,0.808859,0.028576,-0.807625,-0.583367,-0.086175,-0.053033,-0.073689,0.995870,0,-0.45579,0.94936,-27.347,1.899,-1,375.000,-1,375.000,-1,300.000,300.000,300.000,300.000,-1,-1,-1,-1,650.000,650.000,-1,-1,2,0,2,0,2,0,0,0,0,2,2,2,2,0,0,2,2
40,4234.138,-6508.649,127.848,236.099,-0.560225,0.827862,0.028131,-0.826447,-0.556328,-0.086516,-0.055973,-0.071717,0.995853,0,-0.45250,0.94933,-27.150,1.899,-1,375.000,-1,375.000,-1,300.000,300.000,300.000,300.000,-1,-1,-1,-1,650.000,650.000,-1,-1,2,0,2,0,2,0,0,0,0,2,2,2,2,0,0,2,2
41,4248.422,-6485.790,129.219,237.997,-0.532508,0.845975,0.027608,-0.844393,-0.528688,-0.086538,-0.058613,-0.069394,0.995866,0,-0.44924,0.94908,-26.954,1.898,-1,375.000,-1,375.000,-1,300.000,300.000,300.000,300.000,-1,-1,-1,-1,650.000,650.000,-1,-1,2,0,2,0,2,0,0,0,0,2,2,2,2,0,0,2,2
42,4261.845,-6462.636,130.695,239.894,-0.504194,0.863168,0.027004,-0.861433,-0.500480,-0.086328,-0.061000,-0.066788,0.995901,0,-0.44604,0.94861,-26.763,1.897,-1,375.000,-1,375.000,-1,300.000,300.000,300.000,300.000,-1,-1,-1,-1,675.000,650.000,-1,-1,2,0,2,0,2,0,0,0,0,2,2,2,2,0,0,2,2
43,4274.406,-6439.213,132.339,241.790,-0.475301,0.879434,0.026166,-0.877570,-0.471747,-0.085593,-0.062929,-0.063645,0.995987,0,-0.44295,0.94794,-26.577,1.896,-1,375.000,-1,375.000,-1,300.000,300.000,300.000,300.000,-1,-1,-1,-1,675.000,650.000,-1,-1,2,0,2,0,2,0,0,0,0,2,2,2,2,0,0,2,2
44,4286.107,-6415.549,134.029,243.684,-0.445902,0.894724,0.025303,-0.892735,-0.442509,-0.084915,-0.064779,-0.060452,0.996067,0,-0.43998,0.94708,-26.399,1.894,-1,375.000,-1,375.000,-1,325.000,325.000,300.000,300.000,-1,-1,-1,-1,700.000,675.000,-1,-1,2,0,2,0,2,0,0,0,0,2,2,2,2,0,0,2,2
45,4296.952,-6391.664,135.658,245.576,-0.416053,0.908998,0.024943,-0.906927,-0.412796,-0.084160,-0.066205,-0.057637,0.996140,0,-0.43718,0.94601,-26.231,1.892,-1,375.000,-1,375.000,-1,325.000,325.000,300.000,300.000,-1,-1,-1,-1,700.000,675.000,-1,-1,2,0,2,0,2,0,0,0,0,2,2,2,2,0,0,2,2
46,4306.943,-6367.579,137.237,247.466,-0.385797,0.922244,0.025011,-0.920129,-0.382654,-0.083296,-0.067249,-0.055148,0.996211,0,-0.43456,0.94476,-26.074,1.890,-1,400.000,-1,375.000,-1,325.000,325.000,300.000,300.000,-1,-1,-1,-1,725.000,675.000,-1,-1,2,0,2,0,2,0,0,0,0,2,2,2,2,0,0,2,2
47,4314.525,-6347.702,138.560,249.115,-0.359035,0.932988,0.025040,-0.930834,-0.355990,-0.082582,-0.068134,-0.052958,0.996270,0,-0.35456,0.82476,-21.274,1.650,-1,400.000,-1,375.000,-1,325.000,325.000,300.000,300.000,-1,-1,-1,-1,725.000,675.000,-1,-1,2,0,2,0,2,0,0,0,0,2,2,2,2,0,0,2,2
48,4320.017,-6332.170,139.604,250.525,-0.335928,0.941555,0.025046,-0.939365,-0.332965,-0.082022,-0.068889,-0.051081,0.996316,0,-0.27456,0.70476,-16.474,1.410,-1,400.000,-1,400.000,-1,325.000,325.000,300.000,300.000,-1,-1,-1,-1,725.000,700.000,-1,-1,2,0,2,0,2,0,0,0,0,2,2,2,2,0,0,2,2
49,4323.682,-6321.087,140.355,251.694,-0.316600,0.948229,0.025041,-0.946007,-0.313702,-0.081621,-0.069540,-0.049530,0.996349,0,-0.19456,0.58476,-11.674,1.170,-1,400.000,-1,400.000,-1,325.000,325.000,300.000,300.000,-1,-1,-1,-1,725.000,700.000,-1,-1,2,0,2,0,2,0,0,0,0,2,2,2,2,0,0,2,2
50,4325.734,-6314.526,140.798,252.624,-0.301145,0.953250,0.025035,-0.950998,-0.298296,-0.081381,-0.070109,-0.048316,0.996369,0,-0.11456,0.46476,-6.874,0.930,-1,400.000,-1,400.000,-1,325.000,325.000,300.000,300.000,-1,-1,-1,-1,725.000,700.000,-1,-1,2,0,2,0,2,0,0,0,0,2,2,2,2,0,0,2,2
51,4326.329,-6312.540,140.926,253.313,-0.289633,0.956810,0.025037,-0.954530,-0.286815,-0.081304,-0.070612,-0.047447,0.996375,0,-0.03456,0.34476,-2.074,0.690,-1,400.000,-1,400.000,-1,325.000,325.000,300.000,300.000,-1,-1,-1,-1,750.000,700.000,-1,-1,2,0,2,0,2,0,0,0,0,2,2,2,2,0,0,2,2
52,4325.567,-6315.157,140.733,253.763,-0.282111,0.959055,0.025050,-0.956746,-0.279306,-0.081391,-0.071062,-0.046928,0.996367,0,0.04544,0.22476,2.726,0.450,-1,400.000,-1,400.000,-1,325.000,325.000,300.000,300.000,-1,-1,-1,-1,725.000,700.000,-1,-1,2,0,2,0,2,0,0,0,0,2,2,2,2,0,0,2,2
53,4323.489,-6322.391,140.217,253.972,-0.278610,0.960077,0.025079,-0.957742,-0.275800,-0.081642,-0.071466,-0.046765,0.996346,0,0.12544,0.10476,7.526,0.210,-1,400.000,-1,400.000,-1,325.000,325.000,300.000,300.000,-1,-1,-1,-1,725.000,700.000,-1,-1,2,0,2,0,2,0,0,0,0,2,2,2,2,0,0,2,2
54,4320.079,-6334.237,139.379,253.942,-0.279142,0.959921,0.025122,-0.957560,-0.276308,-0.082057,-0.071827,-0.046961,0.996311,0,0.20544,-0.01524,12.326,-0.030,-1,400.000,-1,400.000,-1,325.000,325.000,300.000,300.000,-1,-1,-1,-1,725.000,700.000,-1,-1,2,0,2,0,2,0,0,0,0,2,2,2,2,0,0,2,2
55,4315.264,-6350.673,138.225,253.671,-0.283706,0.958581,0.025178,-0.956194,-0.280829,-0.082636,-0.072143,-0.047519,0.996262,0,0.28544,-0.13524,17.126,-0.270,-1,400.000,-1,375.000,-1,325.000,325.000,300.000,300.000,-1,-1,-1,-1,725.000,675.000,-1,-1,2,0,2,0,2,0,0,0,0,2,2,2,2,0,0,2,2
56,4308.913,-6371.659,136.761,253.161,-0.292284,0.955998,0.025243,-0.953587,-0.289345,-0.083378,-0.072405,-0.048441,0.996198,0,0.36544,-0.25524,21.926,-0.510,-1,400.000,-1,375.000,-1,325.000,325.000,300.000,300.000,-1,-1,-1,-1,725.000,675.000,-1,-1,2,0,2,0,2,0,0,0,0,2,2,2,2,0,0,2,2
57,4300.837,-6397.137,134.999,252.410,-0.304843,0.952066,0.025310,-0.949631,-0.301823,-0.084280,-0.072601,-0.049727,0.996121,0,0.44544,-0.37524,26.726,-0.750,-1,400.000,-1,375.000,-1,325.000,325.000,300.000,300.000,-1,-1,-1,-1,725.000,675.000,-1,-1,2,0,2,0,2,0,0,0,0,2,2,2,2,0,0,2,2
58,4290.834,-6427.035,132.950,251.498,-0.320031,0.947067,0.025375,-0.944607,-0.316913,-0.085342,-0.072783,-0.051282,0.996029,0,0.52544,-0.45598,31.526,-0.912,-1,375.000,-1,375.000,-1,325.000,325.000,300.000,300.000,-1,-1,-1,-1,700.000,650.000,-1,-1,2,0,2,0,2,0,0,0,0,2,2,2,2,0,0,2,2
59,4278.766,-6461.298,130.526,250.595,-0.335031,0.941850,0.025927,-0.939393,-0.331778,-0.086395,-0.072769,-0.053301,0.995924,0,0.60544,-0.45195,36.326,-0.904,-1,375.000,-1,375.000,-1,300.000,300.000,300.000,300.000,-1,-1,-1,-1,700.000,650.000,-1,-1,2,0,2,0,2,0,0,0,0,2,2,2,2,0,0,2,2
60,4264.499,-6499.871,127.759,249.700,-0.349811,0.936431,0.027022,-0.934036,-0.346404,-0.087064,-0.072169,-0.055696,0.995836,0,0.68544,-0.44750,41.126,-0.895,-1,375.000,-1,375.000,-1,300.000,300.000,300.000,300.000,-1,-1,-1,-1,675.000,650.000,-1,-1,2,0,2,0,2,0,0,0,0,2,2,2,2,0,0,2,2
61,4248.082,-6542.222,124.967,248.810,-0.364348,0.930851,0.027686,-0.928562,-0.360868,-0.086875,-0.070877,-0.057361,0.995834,0,0.75703,-0.44483,45.422,-0.890,-1,375.000,-1,375.000,-1,300.000,300.000,300.000,300.000,-1,-1,-1,-1,675.000,650.000,-1,-1,2,0,2,0,2,0,0,0,0,2,2,2,2,0,0,2,2
62,4231.063,-6584.189,122.239,247.924,-0.378726,0.925073,0.028387,-0.922893,-0.375174,-0.086676,-0.069532,-0.059024,0.995832,0,0.75476,-0.44274,45.285,-0.885,-1,375.000,-1,375.000,-1,300.000,300.000,300.000,300.000,-1,-1,-1,-1,675.000,625.000,-1,-1,2,0,2,0,2,0,0,0,0,2,2,2,2,0,0,2,2
63,4211.719,-6630.388,119.211,247.279,-0.389139,0.920721,0.029061,-0.918653,-0.385543,-0.086217,-0.068177,-0.060248,0.995852,0,0.83476,-0.32274,50.085,-0.645,-1,375.000,-1,350.000,-1,300.000,300.000,300.000,300.000,-1,-1,-1,-1,650.000,625.000,-1,-1,2,0,2,0,2,0,0,0,0,2,2,2,2,0,0,2,2
64,4190.162,-6680.862,115.677,246.873,-0.395575,0.917967,0.029264,-0.916043,-0.392048,-0.084631,-0.066216,-0.060285,0.995983,0,0.91476,-0.20274,54.885,-0.405,-1,375.000,-1,350.000,-1,300.000,300.000,300.000,300.000,-1,-1,-1,-1,650.000,625.000,-1,1000.000,2,0,2,0,2,0,0,0,0,2,2,2,2,0,0,2,0
65,4167.351,-6733.851,112.419,246.708,-0.398205,0.916757,0.031453,-0.915120,-0.394666,-0.082432,-0.063156,-0.061608,0.996100,0,0.96151,-0.08274,57.691,-0.165,-1,375.000,-1,350.000,-1,300.000,300.000,300.000,300.000,-1,-1,-1,-1,625.000,625.000,-1,1000.000,2,0,2,0,2,0,0,0,0,2,2,2,2,0,0,2,0
66,4144.672,-6786.721,109.246,246.783,-0.396990,0.917197,0.033905,-0.915847,-0.393442,-0.080168,-0.060190,-0.062877,0.996205,0,0.95882,0.03726,57.529,0.075,-1,375.000,-1,350.000,-1,300.000,300.000,300.000,300.000,-1,-1,-1,-1,625.000,625.000,-1,1000.000,2,0,2,0,2,0,0,0,0,2,2,2,2,0,0,2,0
67,4122.264,-6839.543,106.213,247.012,-0.393254,0.918717,0.036183,-0.917661,-0.389754,-0.077403,-0.057009,-0.063642,0.996343,0,0.95632,0.11452,57.379,0.229,-1,375.000,-1,375.000,-1,300.000,300.000,300.000,300.000,-1,-1,-1,-1,625.000,625.000,-1,1000.000,2,0,2,0,2,0,0,0,0,2,2,2,2,0,0,2,0
68,4100.122,-6892.323,103.221,247.242,-0.389482,0.920230,0.038490,-0.919464,-0.386038,-0.074570,-0.053763,-0.064434,0.996473,0,0.95395,0.11514,57.237,0.230,-1,375.000,-1,375.000,-1,300.000,300.000,300.000,325.000,-1,-1,-1,-1,625.000,625.000,-1,1000.000,2,0,2,0,2,0,0,0,0,2,2,2,2,0,0,2,0
69,4078.250,-6945.059,100.262,247.473,-0.385681,0.921728,0.040838,-0.921251,-0.382305,-0.071695,-0.050471,-0.065274,0.996590,0,0.95154,0.11547,57.092,0.231,-1,375.000,-1,375.000,-1,300.000,300.000,300.000,325.000,-1,450.000,800.000,-1,625.000,625.000,-1,1000.000,2,0,2,0,2,0,0,0,0,2,0,0,2,0,0,2,0
70,4056.645,-6997.748,97.336,247.704,-0.381862,0.923208,0.043225,-0.923016,-0.378563,-0.068779,-0.047134,-0.066162,0.996695,0,0.94912,0.11552,56.947,0.231,-1,375.000,-1,375.000,-1,300.000,300.000,300.000,325.000,-1,400.000,450.000,-1,600.000,625.000,-1,1000.000,2,0,2,0,2,0,0,0,0,2,0,0,2,0,0,2,0
71,4035.306,-7050.390,94.442,247.934,-0.378034,0.924666,0.045649,-0.924757,-0.374822,-0.065821,-0.043752,-0.067097,0.996787,0,0.94672,0.11527,56.803,0.231,-1,350.000,-1,375.000,-1,300.000,300.000,300.000,325.000,-1,375.000,400.000,-1,600.000,600.000,-1,-1,2,0,2,0,2,0,0,0,0,2,0,0,2,0,0,2,2
72,4014.231,-7102.986,91.706,248.164,-0.374204,0.926130,0.047479,-0.926451,-0.371104,-0.063013,-0.040738,-0.067567,0.996883,0,0.94436,0.11474,56.662,0.229,-1,350.000,-1,350.000,-1,300.000,300.000,300.000,325.000,-1,350.000,375.000,-1,600.000,600.000,-1,-1,2,0,2,0,2,0,0,0,0,2,0,0,2,0,0,2,2
73,3993.414,-7155.537,89.374,248.392,-0.370345,0.927660,0.047867,-0.928121,-0.367442,-0.059815,-0.037900,-0.066578,0.997061,0,0.94208,0.11393,56.525,0.228,-1,350.000,-1,350.000,-1,300.000,300.000,300.000,300.000,-1,350.000,375.000,-1,600.000,600.000,-1,-1,2,0,2,0,2,0,0,0,0,2,0,0,2,0,0,2,2
74,3972.850,-7208.048,87.497,248.617,-0.366395,0.929264,0.047152,-0.929849,-0.363849,-0.054719,-0.033693,-0.063893,0.997388,0,0.93990,0.11284,56.394,0.226,-1,350.000,-1,350.000,-1,300.000,300.000,300.000,300.000,-1,350.000,350.000,-1,600.000,600.000,-1,-1,2,0,2,0,2,0,0,0,0,2,0,0,2,0,0,2,2
75,3952.536,-7260.523,85.665,248.840,-0.362496,0.930828,0.046427,-0.931520,-0.360291,-0.049605,-0.029447,-0.061229,0.997689,0,0.93784,0.11148,56.271,0.223,-1,350.000,-1,350.000,-1,300.000,300.000,325.000,300.000,-1,350.000,325.000,-1,625.000,600.000,-1,-1,2,0,2,0,2,0,0,0,0,2,0,0,2,0,0,2,2
76,3932.465,-7312.969,84.317,249.060,-0.358728,0.932261,0.046941,-0.933083,-0.356741,-0.045729,-0.025885,-0.060204,0.997850,0,0.93593,0.10985,56.156,0.220,-1,350.000,-1,350.000,-1,300.000,300.000,325.000,300.000,-1,350.000,325.000,-1,625.000,600.000,-1,-1,2,0,2,0,2,0,0,0,0,2,0,0,2,0,0,2,2
77,3912.630,-7365.394,83.602,249.276,-0.355010,0.933532,0.049864,-0.934621,-0.353200,-0.041638,-0.021258,-0.061386,0.997888,0,0.93419,0.10796,56.052,0.216,-1,350.000,-1,350.000,-1,300.000,300.000,325.000,300.000,-1,350.000,325.000,-1,625.000,600.000,-1,-1,2,0,2,0,2,0,0,0,0,2,0,0,2,0,0,2,2
78,3893.023,-7417.804,83.107,249.488,-0.351326,0.934734,0.053309,-0.936112,-0.349714,-0.037351,-0.016271,-0.063026,0.997879,0,0.93264,0.10582,55.958,0.212,-1,350.000,-1,350.000,-1,300.000,300.000,325.000,300.000,-1,350.000,325.000,-1,625.000,625.000,-1,-1,2,0,2,0,2,0,0,0,0,2,0,0,2,0,0,2,2
79,3873.632,-7470.208,82.704,249.694,-0.347704,0.935916,0.056238,-0.937532,-0.346309,-0.033209,-0.011605,-0.064271,0.997865,0,0.93128,0.10342,55.877,0.207,-1,375.000,-1,350.000,-1,300.000,300.000,325.000,300.000,-1,350.000,350.000,-1,650.000,650.000,-1,-1,2,0,2,0,2,0,0,0,0,2,0,0,2,0,0,2,2
80,3854.450,-7522.616,82.319,249.896,-0.344149,0.937058,0.059021,-0.938889,-0.342989,-0.029091,-0.007016,-0.065426,0.997833,0,0.93014,0.10079,55.808,0.202,-1,375.000,-1,375.000,-1,300.000,300.000,325.000,300.000,-1,325.000,350.000,-1,650.000,650.000,-1,-1,2,0,2,0,2,0,0,0,0,2,0,0,2,0,0,2,2
81,3835.465,-7575.038,81.951,250.092,-0.340669,0.938159,0.061663,-0.940180,-0.339760,-0.024999,-0.002502,-0.066491,0.997784,0,0.92922,0.09793,55.753,0.196,-1,375.000,-1,375.000,-1,300.000,300.000,300.000,300.000,-1,275.000,300.000,-1,675.000,675.000,-1,-1,2,0,2,0,2,0,0,0,0,2,0,0,2,0,0,2,2
82,3816.668,-7627.483,81.601,250.282,-0.337275,0.939217,0.064168,-0.941404,-0.336630,-0.020933,0.001941,-0.067468,0.997720,0,0.92854,0.09483,55.712,0.190,-1,375.000,-1,375.000,-1,300.000,300.000,300.000,325.000,-1,250.000,275.000,-1,675.000,675.000,-1,-1,2,0,2,0,2,0,0,0,0,2,0,0,2,0,0,2,2
83,3798.047,-7679.963,81.267,250.465,-0.333976,0.940230,0.066538,-0.942561,-0.333608,-0.016893,0.006315,-0.068358,0.997641,0,0.92809,0.09151,55.686,0.183,-1,375.000,-1,375.000,-1,300.000,300.000,300.000,325.000,-1,250.000,250.000,-1,675.000,700.000,-1,-1,2,0,2,0,2,0,0,0,0,2,0,0,2,0,0,2,2
84,3779.592,-7732.489,80.952,250.641,-0.330780,0.941198,0.068779,-0.943648,-0.330700,-0.012879,0.010623,-0.069163,0.997549,0,0.92789,0.08798,55.674,0.176,-1,375.000,-1,375.000,-1,300.000,300.000,300.000,325.000,-1,225.000,225.000,-1,700.000,725.000,-1,-1,2,0,2,0,2,0,0,0,0,2,0,0,2,0,0,2,2
85,3761.289,-7785.071,80.968,250.809,-0.327787,0.942202,0.069363,-0.944650,-0.327944,-0.009434,0.013858,-0.068617,0.997547,0,0.92794,0.08424,55.677,0.168,-1,375.000,-1,375.000,-1,300.000,300.000,300.000,300.000,-1,225.000,225.000,-1,700.000,725.000,-1,-1,2,0,2,0,2,0,0,0,0,2,0,0,2,0,0,2,2
86,3743.127,-7837.721,81.333,250.970,-0.324988,0.943243,0.068374,-0.945575,-0.325345,-0.006161,0.016434,-0.066655,0.997641,0,0.92825,0.08030,55.695,0.161,-1,375.000,-1,375.000,-1,300.000,300.000,325.000,300.000,-1,250.000,250.000,-1,700.000,725.000,-1,-1,2,0,2,0,2,0,0,0,0,2,0,0,2,0,0,2,2
87,3725.094,-7890.451,81.813,251.122,-0.322340,0.944228,0.067310,-0.946436,-0.322878,-0.003025,0.018877,-0.064679,0.997728,0,0.92880,0.07615,55.728,0.152,-1,375.000,-1,375.000,-1,300.000,300.000,325.000,300.000,-1,275.000,250.000,-1,725.000,725.000,-1,-1,2,0,2,0,2,0,0,0,0,2,0,0,2,0,0,2,2
88,3708.541,-7938.613,82.485,251.034,-0.323688,0.943807,0.066746,-0.945937,-0.324349,-0.000991,0.020714,-0.063459,0.997769,0,0.84880,-0.04385,50.928,-0.088,-1,375.000,-1,375.000,-1,300.000,300.000,325.000,300.000,-1,300.000,275.000,-1,725.000,725.000,-1,-1,2,0,2,0,2,0,0,0,0,2,0,0,2,0,0,2,2
89,3692.240,-7985.178,83.608,250.707,-0.329027,0.941923,0.067256,-0.944073,-0.329737,-0.000581,0.021630,-0.063685,0.997736,0,0.82225,-0.16385,49.335,-0.328,-1,375.000,-1,375.000,-1,300.000,325.000,325.000,300.000,-1,350.000,325.000,-1,725.000,750.000,-1,-1,2,0,2,0,2,0,0,0,0,2,0,0,2,0,0,2,2
90,3675.624,-8031.569,84.838,250.294,-0.335725,0.939502,0.068006,-0.941682,-0.336504,-0.000002,0.022883,-0.064041,0.997685,0,0.82129,-0.20632,49.277,-0.413,-1,375.000,-1,375.000,-1,300.000,325.000,325.000,300.000,-1,375.000,375.000,-1,725.000,750.000,-1,-1,2,0,2,0,2,0,0,0,0,2,0,0,2,0,0,2,2
91,3658.689,-8077.790,86.101,249.877,-0.342469,0.937017,0.068662,-0.939219,-0.343319,0.000609,0.024143,-0.064281,0.997640,0,0.82042,-0.20824,49.225,-0.416,-1,375.000,-1,400.000,-1,300.000,325.000,325.000,300.000,-1,425.000,400.000,-1,725.000,750.000,-1,-1,2,0,2,0,2,0,0,0,0,2,0,0,2,0,0,2,2
92,3641.429,-8123.847,87.396,249.457,-0.349267,0.934463,0.069222,-0.936678,-0.350188,0.001253,0.025411,-0.064401,0.997601,0,0.81974,-0.21040,49.184,-0.421,-1,375.000,-1,400.000,-1,325.000,325.000,325.000,300.000,-1,475.000,450.000,-1,725.000,750.000,-1,-1,2,0,2,0,2,0,0,0,0,2,0,0,2,0,0,2,2
93,3623.838,-8169.746,88.724,249.031,-0.356127,0.931836,0.069684,-0.934056,-0.357120,0.001935,0.026688,-0.064399,0.997567,0,0.81924,-0.21281,49.155,-0.426,-1,375.000,-1,400.000,-1,325.000,325.000,325.000,300.000,-1,500.000,500.000,-1,725.000,750.000,-1,-1,2,0,2,0,2,0,0,0,0,2,0,0,2,0,0,2,2
94,3605.909,-8215.496,90.087,248.600,-0.363055,0.929131,0.070046,-0.931348,-0.364121,0.002657,0.027974,-0.064272,0.997540,0,0.81895,-0.21545,49.137,-0.431,-1,375.000,-1,400.000,-1,325.000,325.000,325.000,300.000,-1,550.000,525.000,-1,725.000,775.000,-1,-1,2,0,2,0,2,0,0,0,0,2,0,0,2,0,0,2,2
95,3587.633,-8261.104,91.486,248.163,-0.370057,0.926345,0.070308,-0.928548,-0.371197,0.003424,0.029270,-0.064017,0.997519,0,0.81888,-0.21832,49.133,-0.437,-1,375.000,-1,400.000,-1,325.000,325.000,325.000,300.000,-1,575.000,575.000,-1,750.000,775.000,-1,-1,2,0,2,0,2,0,0,0,0,2,0,0,2,0,0,2,2
96,3569.418,-8305.806,92.888,247.832,-0.375357,0.924198,0.070468,-0.926381,-0.376565,0.004209,0.030426,-0.063700,0.997505,0,0.80451,-0.16595,48.271,-0.332,-1,375.000,-1,400.000,-1,325.000,325.000,325.000,300.000,-1,625.000,600.000,-1,750.000,775.000,-1,-1,2,0,2,0,2,0,0,0,0,2,0,0,2,0,0,2,2
97,3550.174,-8352.181,94.379,247.463,-0.381237,0.921783,0.070527,-0.923935,-0.382515,0.005080,0.031661,-0.063225,0.997497,0,0.83682,-0.18434,50.209,-0.369,-1,400.000,-1,400.000,-1,325.000,325.000,325.000,300.000,-1,650.000,625.000,-1,750.000,800.000,-1,-1,2,0,2,0,2,0,0,0,0,2,0,0,2,0,0,2,2
98,3530.538,-8398.642,95.931,247.091,-0.387158,0.919324,0.070370,-0.921428,-0.388502,0.005982,0.032838,-0.062525,0.997503,0,0.84067,-0.18579,50.440,-0.372,-1,400.000,-1,400.000,-1,325.000,325.000,325.000,300.000,-1,700.000,675.000,-1,750.000,800.000,-1,-1,2,0,2,0,2,0,0,0,0,2,0,0,2,0,0,2,2
99,3510.506,-8445.190,97.603,246.716,-0.393148,0.916830,0.069698,-0.918855,-0.394537,0.006839,0.033768,-0.061354,0.997545,0,0.84459,-0.18740,50.675,-0.375,-1,400.000,-1,400.000,-1,325.000,325.000,325.000,300.000,-1,750.000,725.000,-1,750.000,800.000,-1,-1,2,0,2,0,2,0,0,0,0,2,0,0,2,0,0,2,2
100,3490.072,-8491.824,99.286,246.338,-0.399185,0.914271,0.068998,-0.916216,-0.400612,0.007660,0.034645,-0.060159,0.997587,0,0.84856,-0.18919,50.914,-0.378,-1,400.000,-1,400.000,-1,325.000,325.000,325.000,300.000,-1,775.000,750.000,-1,775.000,825.000,-1,-1,2,0,2,0,2,0,0,0,0,2,0,0,2,0,0,2,2
101,3467.261,-8542.654,100.997,245.832,-0.407250,0.910741,0.068538,-0.912639,-0.408690,0.007864,0.035173,-0.059348,0.997618,0,0.92856,-0.25301,55.714,-0.506,-1,400.000,-1,400.000,-1,325.000,325.000,325.000,300.000,-1,850.000,800.000,-1,775.000,825.000,-1,-1,2,0,2,0,2,0,0,0,0,2,0,0,2,0,0,2,2
102,3443.559,-8594.237,102.774,245.322,-0.415360,0.907113,0.067984,-0.908957,-0.416811,0.008095,0.035680,-0.058432,0.997654,0,0.94613,-0.25523,56.768,-0.510,-1,400.000,-1,400.000,-1,325.000,325.000,325.000,300.000,-1,900.000,850.000,-1,775.000,825.000,-1,-1,2,0,2,0,2,0,0,0,0,2,0,0,2,0,0,2,2
103,3419.281,-8645.843,104.712,244.806,-0.423529,0.903358,0.067589,-0.905175,-0.424967,0.007848,0.035813,-0.057856,0.997682,0,0.95053,-0.25769,57.032,-0.515,-1,400.000,-1,400.000,-1,325.000,325.000,325.000,300.000,-1,975.000,925.000,-1,750.000,825.000,-1,-1,2,0,2,0,2,0,0,0,0,2,0,0,2,0,0,2,2
104,3394.427,-8697.453,106.715,244.287,-0.431730,0.899498,0.067180,-0.901286,-0.433158,0.007628,0.035960,-0.057255,0.997712,0,0.95471,-0.25982,57.282,-0.520,-1,400.000,-1,400.000,-1,325.000,325.000,325.000,300.000,-1,-1,1000.000,-1,750.000,825.000,-1,-1,2,0,2,0,2,0,0,0,0,2,2,0,2,0,0,2,2
105,3369.104,-8748.871,108.771,243.780,-0.439695,0.895663,0.066749,-0.897421,-0.441112,0.007434,0.036102,-0.056633,0.997742,0,0.95526,-0.25338,57.315,-0.507,-1,400.000,-1,400.000,-1,325.000,325.000,325.000,300.000,-1,-1,-1,-1,775.000,850.000,-1,-1,2,0,2,0,2,0,0,0,0,2,2,2,2,0,0,2,2
106,3343.336,-8800.072,110.869,243.286,-0.447425,0.891865,0.066246,-0.893588,-0.448829,0.007258,0.036206,-0.055949,0.997777,0,0.95532,-0.24680,57.319,-0.494,-1,400.000,-1,400.000,-1,325.000,325.000,325.000,325.000,-1,-1,-1,-1,775.000,850.000,-1,-1,2,0,2,0,2,0,0,0,0,2,2,2,2,0,0,2,2
107,3317.152,-8851.033,113.000,242.806,-0.454920,0.888110,0.065639,-0.889794,-0.456307,0.007095,0.036252,-0.055178,0.997818,0,0.95490,-0.24010,57.294,-0.480,-1,400.000,-1,400.000,-1,325.000,325.000,325.000,325.000,-1,-1,-1,-1,775.000,875.000,-1,-1,2,0,2,0,2,0,0,0,0,2,2,2,2,0,0,2,2
108,3290.579,-8901.731,114.974,242.339,-0.462239,0.884439,0.064051,-0.886037,-0.463565,0.006776,0.035685,-0.053619,0.997924,0,0.95399,-0.23332,57.240,-0.467,-1,400.000,-1,400.000,-1,325.000,325.000,325.000,325.000,-1,-1,-1,-1,775.000,875.000,-1,-1,2,0,2,0,2,0,0,0,0,2,2,2,2,0,0,2,2
109,3263.645,-8952.144,116.978,241.886,-0.469321,0.880823,0.062359,-0.882331,-0.470584,0.006490,0.035061,-0.051976,0.998033,0,0.95261,-0.22650,57.157,-0.453,-1,400.000,-1,400.000,-1,325.000,325.000,325.000,325.000,-1,-1,-1,-1,775.000,875.000,-1,-1,2,0,2,0,2,0,0,0,0,2,2,2,2,0,0,2,2
110,3237.470,-8999.740,118.914,241.193,-0.480040,0.875149,0.060626,-0.876562,-0.481248,0.006258,0.034653,-0.050138,0.998141,0,0.90531,-0.34650,54.319,-0.693,-1,400.000,-1,400.000,-1,325.000,325.000,325.000,325.000,-1,-1,-1,-1,775.000,875.000,-1,-1,2,0,2,0,2,0,0,0,0,2,2,2,2,0,0,2,2
111,3210.600,-9046.771,120.842,240.260,-0.494313,0.867279,0.059009,-0.868597,-0.495481,0.006131,0.034555,-0.048224,0.998239,0,0.90275,-0.46650,54.165,-0.933,-1,400.000,-1,400.000,-1,325.000,325.000,325.000,325.000,-1,-1,-1,-1,775.000,875.000,-1,-1,2,0,2,0,2,0,0,0,0,2,2,2,2,0,0,2,2
112,3182.876,-9093.069,122.675,239.087,-0.512010,0.857020,0.057993,-0.858264,-0.513171,0.006188,0.035064,-0.046605,0.998298,0,0.89941,-0.58650,53.964,-1.173,-1,400.000,-1,400.000,-1,325.000,325.000,300.000,325.000,-1,-1,-1,-1,775.000,900.000,-1,-1,2,0,2,0,2,0,0,0,0,2,2,2,2,0,0,2,2
113,3154.151,-9138.461,124.551,237.674,-0.533036,0.844177,0.056905,-0.845338,-0.534194,0.006307,0.035723,-0.044742,0.998360,0,0.89527,-0.70650,53.716,-1.413,-1,400.000,-1,400.000,-1,325.000,325.000,300.000,325.000,-1,-1,-1,-1,-1,900.000,-1,-1,2,0,2,0,2,0,0,0,0,2,2,2,2,2,0,2,2
114,3124.293,-9182.761,126.444,236.021,-0.557220,0.828488,0.055799,-0.829566,-0.558372,0.006340,0.036409,-0.042756,0.998422,0,0.89038,-0.82650,53.423,-1.653,-1,400.000,-1,425.000,-1,325.000,325.000,300.000,325.000,-1,-1,-1,-1,-1,925.000,-1,-1,2,0,2,0,2,0,0,0,0,2,2,2,2,2,0,2,2
115,3093.273,-9225.842,128.357,234.246,-0.582682,0.810859,0.054678,-0.811857,-0.583823,0.006278,0.037013,-0.040733,0.998484,0,0.88479,-0.88776,53.087,-1.776,-1,400.000,-1,425.000,-1,325.000,325.000,300.000,325.000,-1,-1,-1,-1,-1,925.000,-1,-1,2,0,2,0,2,0,0,0,0,2,2,2,2,2,0,2,2
116,3061.153,-9267.658,130.295,232.472,-0.607576,0.792455,0.053548,-0.793380,-0.608697,0.006091,0.037421,-0.038784,0.998547,0,0.87880,-0.88715,52.728,-1.774,-1,400.000,-1,425.000,-1,325.000,325.000,300.000,325.000,-1,-1,-1,-1,-1,950.000,-1,-1,2,0,2,0,2,0,0,0,0,2,2,2,2,2,0,2,2
117,3027.983,-9308.178,132.270,230.697,-0.631892,0.773282,0.052409,-0.774144,-0.632984,0.005720,0.037597,-0.036957,0.998609,0,0.87274,-0.88711,52.365,-1.774,-1,400.000,-1,425.000,-1,325.000,325.000,300.000,325.000,-1,-1,-1,-1,-1,950.000,-1,-1,2,0,2,0,2,0,0,0,0,2,2,2,2,2,0,2,2
118,2993.811,-9347.380,134.263,228.922,-0.655622,0.753350,0.051226,-0.754153,-0.656678,0.005247,0.037592,-0.035192,0.998673,0,0.86675,-0.88763,52.005,-1.775,-1,400.000,-1,425.000,-1,325.000,350.000,300.000,325.000,-1,-1,-1,-1,-1,950.000,-1,-1,2,0,2,0,2,0,0,0,0,2,2,2,2,2,0,2,2
119,2955.108,-9388.961,136.357,227.054,-0.679928,0.731575,0.049960,-0.732349,-0.680918,0.003976,0.036927,-0.033885,0.998743,0,0.94675,-0.93408,56.805,-1.868,-1,425.000,-1,425.000,-1,325.000,350.000,300.000,325.000,-1,-1,-1,-1,-1,950.000,-1,-1,2,0,2,0,2,0,0,0,0,2,2,2,2,2,0,2,2
120,2915.045,-9429.313,138.301,225.205,-0.703284,0.709240,0.048678,-0.710026,-0.704174,0.001609,0.035419,-0.033431,0.998813,0,0.94772,-0.92428,56.863,-1.849,-1,425.000,-1,425.000,-1,325.000,350.000,300.000,325.000,-1,-1,-1,-1,-1,950.000,-1,-1,2,0,2,0,2,0,0,0,0,2,2,2,2,2,0,2,2
121,2873.744,-9468.339,140.172,223.378,-0.725661,0.686439,0.047092,-0.687213,-0.726456,-0.000338,0.033978,-0.032607,0.998891,0,0.94704,-0.91384,56.822,-1.828,-1,425.000,-1,425.000,-1,325.000,350.000,300.000,325.000,-1,-1,-1,-1,-1,950.000,-1,-1,2,0,2,0,2,0,0,0,0,2,2,2,2,2,0,2,2
122,2831.315,-9505.971,141.835,221.572,-0.747066,0.663244,0.044721,-0.663962,-0.747764,-0.001642,0.032352,-0.030919,0.998998,0,0.94522,-0.90282,56.713,-1.806,-1,425.000,-1,425.000,-1,325.000,325.000,300.000,325.000,-1,-1,-1,-1,-1,950.000,-1,-1,2,0,2,0,2,0,0,0,0,2,2,2,2,2,0,2,2
123,2787.874,-9542.150,143.511,219.789,-0.767469,0.639695,0.042218,-0.640356,-0.768073,-0.002858,0.030599,-0.029228,0.999104,0,0.94222,-0.89129,56.533,-1.783,-1,425.000,-1,425.000,-1,325.000,325.000,300.000,325.000,-1,-1,-1,-1,-1,925.000,-1,-1,2,0,2,0,2,0,0,0,0,2,2,2,2,2,0,2,2
124,2743.542,-9576.825,145.161,218.031,-0.786860,0.615849,0.039766,-0.616457,-0.787378,-0.004014,0.028839,-0.027672,0.999201,0,0.93804,-0.87935,56.283,-1.759,-1,-1,-1,425.000,-1,325.000,325.000,300.000,300.000,-1,-1,-1,-1,-1,925.000,-1,-1,2,2,2,0,2,0,0,0,0,2,2,2,2,2,0,2,2
125,2698.438,-9609.952,146.748,216.297,-0.805251,0.591762,0.037248,-0.592318,-0.805688,-0.005079,0.027004,-0.026153,0.999293,0,0.93270,-0.86710,55.962,-1.734,-1,-1,-1,425.000,-1,325.000,350.000,300.000,300.000,-1,-1,-1,-1,-1,900.000,-1,-1,2,2,2,0,2,0,0,0,0,2,2,2,2,2,0,2,2
126,2652.685,-9641.499,148.005,214.587,-0.822693,0.567500,0.033465,-0.567966,-0.823033,-0.005681,0.024319,-0.023681,0.999424,0,0.92625,-0.85469,55.575,-1.709,-1,-1,-1,425.000,-1,325.000,325.000,300.000,300.000,-1,-1,-1,-1,-1,875.000,-1,-1,2,2,2,0,2,0,0,0,0,2,2,2,2,2,0,2,2
127,2606.399,-9671.446,149.244,212.903,-0.839144,0.543089,0.029865,-0.543476,-0.839402,-0.006174,0.021716,-0.021412,0.999535,0,0.91881,-0.84227,55.128,-1.685,-1,-1,-1,425.000,-1,325.000,325.000,300.000,300.000,-1,-1,-1,-1,-1,850.000,-1,-1,2,2,2,0,2,0,0,0,0,2,2,2,2,2,0,2,2
128,2559.087,-9700.391,150.469,211.458,-0.852673,0.521777,0.026394,-0.522096,-0.852861,-0.006580,0.019077,-0.019391,0.999630,0,0.92440,-0.72227,55.464,-1.445,-1,-1,-1,400.000,-1,325.000,325.000,-1,300.000,-1,-1,-1,-1,-1,825.000,-1,-1,2,2,2,0,2,0,0,2,0,2,2,2,2,2,0,2,2
129,2511.264,-9728.284,151.499,210.254,-0.863522,0.503743,0.023904,-0.504024,-0.863659,-0.007263,0.016986,-0.018320,0.999688,0,0.92273,-0.60227,55.364,-1.205,-1,-1,-1,400.000,-1,325.000,325.000,-1,300.000,-1,-1,-1,-1,-1,825.000,-1,-1,2,2,2,0,2,0,0,2,0,2,2,2,2,2,0,2,2
130,2463.108,-9755.296,152.380,209.289,-0.871926,0.489137,0.022133,-0.489399,-0.872022,-0.008212,0.015284,-0.017992,0.999721,0,0.92024,-0.48227,55.215,-0.965,-1,-1,-1,400.000,-1,325.000,325.000,-1,300.000,-1,-1,-1,-1,-1,800.000,-1,-1,2,2,2,0,2,0,0,2,0,2,2,2,2,2,0,2,2
131,2414.703,-9781.452,151.619,208.383,-0.879662,0.475224,0.018919,-0.475529,-0.879523,-0.017639,0.008257,-0.024513,0.999665,0,0.91699,-0.45291,55.019,-0.906,-1,-1,-1,400.000,-1,325.000,325.000,-1,300.000,-1,-1,-1,-1,-1,775.000,-1,-1,2,2,2,0,2,0,0,2,0,2,2,2,2,2,0,2,2
132,2366.139,-9806.749,147.172,207.503,-0.887168,0.461296,0.011801,-0.461321,-0.886039,-0.046019,-0.010773,-0.046271,0.998871,0,0.91262,-0.44026,54.757,-0.881,-1,1000.000,-1,350.000,-1,275.000,275.000,-1,325.000,-1,-1,-1,-1,-1,675.000,-1,-1,2,1,2,0,2,0,0,2,0,2,2,2,2,2,0,2,2
133,2317.503,-9831.175,143.283,206.648,-0.894251,0.447543,0.004585,-0.446700,-0.891838,-0.071306,-0.027823,-0.065813,0.997444,0,0.90707,-0.42713,54.424,-0.854,-1,850.000,-1,325.000,-1,250.000,250.000,-1,350.000,-1,-1,-1,-1,-1,600.000,-1,-1,2,1,2,0,2,0,0,2,0,2,2,2,2,2,0,2,2
134,2268.884,-9854.723,139.927,205.821,-0.900884,0.434053,-0.002587,-0.431929,-0.897033,-0.093644,-0.042967,-0.083245,0.995602,0,0.90033,-0.41360,54.020,-0.827,-1,700.000,-1,300.000,-1,200.000,225.000,-1,375.000,-1,-1,-1,-1,-1,525.000,-1,-1,2,1,2,0,2,0,0,2,0,2,2,2,2,2,0,2,2
135,2220.370,-9877.393,137.025,205.022,-0.907055,0.420904,-0.009539,-0.417251,-0.901743,-0.112967,-0.056150,-0.098487,0.993553,0,0.89245,-0.39980,53.547,-0.800,-1,600.000,-1,275.000,-1,175.000,225.000,-1,400.000,-1,-1,-1,-1,950.000,475.000,-1,875.000,2,1,2,0,2,0,0,2,0,2,2,2,2,1,0,2,0
136,2172.042,-9899.187,134.506,204.250,-0.912770,0.408157,-0.016117,-0.402882,-0.906078,-0.129258,-0.067361,-0.111490,0.991480,0,0.88354,-0.38587,53.012,-0.772,-1,500.000,975.000,250.000,-1,175.000,200.000,-1,400.000,-1,-1,-1,-1,825.000,450.000,-1,700.000,2,1,0,0,2,1,0,2,0,2,2,2,2,1,0,2,0
