timestep,x_cm,y_cm,z_cm,yaw_deg,basis_xx,basis_xy,basis_xz,basis_yx,basis_yy,basis_yz,basis_zx,basis_zy,basis_zz,teleport_flag,throttle_cmd,steering_cmd,cmd_move_cm,cmd_turn_deg,lidar_cm_0,lidar_cm_1,lidar_cm_2,lidar_cm_3,lidar_cm_4,lidar_cm_5,lidar_cm_6,lidar_cm_7,lidar_cm_8,lidar_cm_9,lidar_cm_10,lidar_cm_11,lidar_cm_12,lidar_cm_13,lidar_cm_14,lidar_cm_15,lidar_cm_16,lidar_class_0,lidar_class_1,lidar_class_2,lidar_class_3,lidar_class_4,lidar_class_5,lidar_class_6,lidar_class_7,lidar_class_8,lidar_class_9,lidar_class_10,lidar_class_11,lidar_class_12,lidar_class_13,lidar_class_14,lidar_class_15,lidar_class_16
0,9506.555,1641.610,-84.651,158.269,-0.927893,-0.370211,0.044250,0.369076,-0.928854,-0.031835,0.052887,-0.013208,0.998513,1,0.08000,-0.12000,4.800,-0.240,-1,400.000,-1,400.000,-1,325.000,325.000,300.000,300.000,-1,-1,-1,-1,775.000,825.000,-1,-1,2,0,2,0,2,0,0,0,0,2,2,2,2,0,0,2,2
1,9497.667,1645.239,-84.131,157.789,-0.924759,-0.377982,0.044160,0.376865,-0.925726,-0.031680,0.052854,-0.012654,0.998522,0,0.16000,-0.24000,9.600,-0.480,-1,400.000,-1,400.000,-1,325.000,325.000,300.000,300.000,-1,-1,-1,-1,775.000,825.000,-1,-1,2,0,2,0,2,0,0,0,0,2,2,2,2,0,0,2,2
2,9484.405,1650.849,-83.349,157.069,-0.919936,-0.389589,0.044032,0.388498,-0.920913,-0.031441,0.052799,-0.011818,0.998535,0,0.24000,-0.36000,14.400,-0.720,-1,400.000,-1,400.000,-1,325.000,325.000,300.000,300.000,-1,-1,-1,-1,775.000,825.000,-1,-1,2,0,2,0,2,0,0,0,0,2,2,2,2,0,0,2,2
3,9466.832,1658.583,-82.305,156.246,-0.914241,-0.402788,0.043874,0.401731,-0.915229,-0.031114,0.052687,-0.010820,0.998552,0,0.32000,-0.41174,19.200,-0.823,-1,400.000,-1,400.000,-1,325.000,325.000,300.000,300.000,-1,-1,-1,-1,775.000,825.000,-1,-1,2,0,2,0,2,0,0,0,0,2,2,2,2,0,0,2,2
4,9445.007,1668.566,-81.001,155.420,-0.908339,-0.415947,0.043692,0.414928,-0.909337,-0.030693,0.052497,-0.009751,0.998573,0,0.40000,-0.41306,24.000,-0.826,-1,400.000,-1,400.000,-1,325.000,325.000,300.000,300.000,-1,-1,-1,-1,800.000,825.000,-1,-1,2,0,2,0,2,0,0,0,0,2,2,2,2,0,0,2,2
5,9418.993,1680.924,-79.436,154.590,-0.902221,-0.429075,0.043492,0.428099,-0.903228,-0.030177,0.052231,-0.008608,0.998598,0,0.48000,-0.41482,28.800,-0.830,-1,400.000,-1,400.000,-1,325.000,325.000,300.000,300.000,-1,-1,-1,-1,800.000,825.000,-1,-1,2,0,2,0,2,0,0,0,0,2,2,2,2,0,0,2,2
6,9388.857,1695.782,-77.610,153.756,-0.895880,-0.442182,0.043279,0.441255,-0.896895,-0.029562,0.051888,-0.007387,0.998626,0,0.56000,-0.41706,33.600,-0.834,-1,400.000,-1,400.000,-1,325.000,325.000,300.000,300.000,-1,-1,-1,-1,800.000,825.000,-1,-1,2,0,2,0,2,0,0,0,0,2,2,2,2,0,0,2,2
7,9354.667,1713.265,-75.521,152.916,-0.889305,-0.455282,0.043059,0.454408,-0.890326,-0.028844,0.051469,-0.006085,0.998656,0,0.64000,-0.41983,38.400,-0.840,-1,400.000,-1,400.000,-1,325.000,325.000,325.000,300.000,950.000,-1,-1,-1,800.000,825.000,-1,-1,2,0,2,0,2,0,0,0,0,1,2,2,2,0,0,2,2
8,9316.499,1733.500,-73.280,152.070,-0.882486,-0.468387,0.042799,0.467547,-0.883508,-0.028511,0.051168,-0.005150,0.998677,0,0.72000,-0.42320,43.200,-0.846,-1,400.000,-1,400.000,-1,325.000,325.000,325.000,300.000,850.000,-1,-1,-1,800.000,850.000,-1,-1,2,0,2,0,2,0,0,0,0,1,2,2,2,0,0,2,2
9,9274.431,1756.612,-70.871,151.216,-0.875424,-0.481511,0.042193,0.480698,-0.876428,-0.028333,0.050622,-0.004522,0.998708,0,0.80000,-0.42722,48.000,-0.854,-1,400.000,-1,400.000,-1,325.000,325.000,300.000,300.000,825.000,-1,-1,-1,800.000,850.000,-1,-1,2,0,2,0,2,0,0,0,0,1,2,2,2,0,0,2,2
10,9231.019,1781.322,-68.397,150.352,-0.868094,-0.494671,0.041401,0.493884,-0.869071,-0.028189,0.049924,-0.004024,0.998745,0,0.83253,-0.43193,49.952,-0.864,-1,400.000,-1,400.000,-1,325.000,325.000,300.000,300.000,800.000,-1,-1,-1,775.000,850.000,-1,-1,2,0,2,0,2,0,0,0,0,1,2,2,2,0,0,2,2
11,9188.011,1806.679,-65.925,149.477,-0.860474,-0.507874,0.040600,0.507113,-0.861424,-0.028020,0.049205,-0.003522,0.998782,0,0.83211,-0.43710,49.926,-0.874,-1,400.000,-1,400.000,-1,325.000,325.000,300.000,300.000,800.000,-1,-1,-1,775.000,850.000,-1,-1,2,0,2,0,2,0,0,0,0,1,2,2,2,0,0,2,2
12,9145.391,1832.702,-63.451,148.592,-0.852554,-0.521120,0.039812,0.520385,-0.853478,-0.027819,0.048476,-0.003000,0.998820,0,0.83228,-0.44251,49.937,-0.885,-1,400.000,-1,400.000,-1,325.000,325.000,300.000,300.000,850.000,-1,-1,-1,775.000,850.000,-1,-1,2,0,2,0,2,0,0,0,0,1,2,2,2,0,0,2,2
13,9103.146,1859.412,-60.989,147.696,-0.844321,-0.534408,0.039113,0.533702,-0.845223,-0.027559,0.047787,-0.002394,0.998855,0,0.83301,-0.44816,49.981,-0.896,-1,400.000,-1,400.000,-1,325.000,325.000,300.000,300.000,900.000,-1,-1,-1,775.000,850.000,-1,-1,2,0,2,0,2,0,0,0,0,1,2,2,2,0,0,2,2
14,9061.266,1886.830,-58.615,146.788,-0.835749,-0.547737,0.038839,0.547066,-0.836649,-0.027133,0.047357,-0.001429,0.998877,0,0.83428,-0.45403,50.057,-0.908,-1,400.000,-1,400.000,-1,325.000,325.000,300.000,325.000,950.000,-1,-1,-1,775.000,875.000,-1,-1,2,0,2,0,2,0,0,0,0,1,2,2,2,0,0,2,2
15,9019.743,1914.977,-56.275,145.868,-0.826847,-0.561103,0.038568,0.560477,-0.827746,-0.026501,0.046794,-0.000295,0.998905,0,0.83607,-0.46011,50.164,-0.920,-1,400.000,-1,400.000,-1,325.000,325.000,300.000,325.000,-1,-1,-1,-1,775.000,875.000,-1,-1,2,0,2,0,2,0,0,0,0,2,2,2,2,0,0,2,2
16,8978.572,1943.874,-54.171,144.935,-0.817608,-0.574503,0.038250,0.573975,-0.818500,-0.024689,0.045491,0.001768,0.998963,0,0.83834,-0.46639,50.300,-0.933,-1,400.000,-1,400.000,-1,325.000,325.000,300.000,325.000,-1,-1,-1,-1,775.000,850.000,-1,-1,2,0,2,0,2,0,0,0,0,2,2,2,2,0,0,2,2
17,8937.751,1973.544,-52.091,143.989,-0.808019,-0.587931,0.037987,0.587505,-0.808901,-0.022711,0.044080,0.003967,0.999020,0,0.84107,-0.47286,50.464,-0.946,-1,400.000,-1,400.000,-1,325.000,325.000,300.000,325.000,-1,-1,-1,-1,750.000,850.000,-1,-1,2,0,2,0,2,0,0,0,0,2,2,2,2,0,0,2,2
18,8897.280,2004.006,-50.002,143.030,-0.798068,-0.601381,0.037795,0.601056,-0.798939,-0.020714,0.042653,0.006186,0.999071,0,0.84424,-0.47952,50.654,-0.959,-1,400.000,-1,400.000,-1,325.000,325.000,300.000,325.000,-1,-1,-1,-1,775.000,850.000,-1,-1,2,0,2,0,2,0,0,0,0,2,2,2,2,0,0,2,2
19,8857.164,2035.284,-47.905,142.058,-0.787746,-0.614847,0.037674,0.614621,-0.788601,-0.018699,0.041207,0.008425,0.999115,0,0.84781,-0.48636,50.869,-0.973,-1,375.000,-1,400.000,-1,325.000,325.000,300.000,325.000,-1,-1,-1,-1,775.000,850.000,-1,-1,2,0,2,0,2,0,0,0,0,2,2,2,2,0,0,2,2
20,8817.407,2067.396,-45.855,141.071,-0.777041,-0.628324,0.037626,0.628182,-0.777881,-0.016962,0.039926,0.010456,0.999148,0,0.85177,-0.49337,51.106,-0.987,-1,375.000,-1,400.000,-1,325.000,325.000,300.000,325.000,-1,-1,-1,-1,775.000,850.000,-1,-1,2,0,2,0,2,0,0,0,0,2,2,2,2,0,0,2,2
21,8778.018,2100.365,-43.852,140.070,-0.765943,-0.641806,0.037637,0.641736,-0.766769,-0.015497,0.038805,0.012283,0.999171,0,0.85609,-0.50054,51.366,-1.001,-1,400.000,-1,400.000,-1,325.000,325.000,300.000,325.000,-1,-1,-1,-1,775.000,850.000,-1,-1,2,0,2,0,2,0,0,0,0,2,2,2,2,0,0,2,2
22,8739.009,2134.210,-41.878,139.054,-0.754442,-0.655283,0.037699,0.655278,-0.755254,-0.014217,0.037788,0.013977,0.999188,0,0.86075,-0.50787,51.645,-1.016,-1,400.000,-1,400.000,-1,325.000,325.000,300.000,325.000,-1,-1,-1,-1,775.000,850.000,-1,-1,2,0,2,0,2,0,0,0,0,2,2,2,2,0,0,2,2
23,8700.393,2168.952,-39.896,138.023,-0.742529,-0.668746,0.037813,0.668805,-0.743326,-0.012930,0.036754,0.015689,0.999201,0,0.86573,-0.51536,51.944,-1.031,-1,400.000,-1,400.000,-1,325.000,325.000,300.000,325.000,-1,-1,-1,-1,775.000,850.000,-1,-1,2,0,2,0,2,0,0,0,0,2,2,2,2,0,0,2,2
24,8662.185,2204.608,-37.906,136.977,-0.730193,-0.682184,0.037982,0.682307,-0.730973,-0.011635,0.035701,0.017419,0.999211,0,0.87101,-0.52299,52.261,-1.046,-1,400.000,-1,400.000,-1,325.000,325.000,325.000,325.000,-1,-1,-1,-1,775.000,850.000,-1,-1,2,0,2,0,2,0,0,0,0,2,2,2,2,0,0,2,2
25,8624.406,2241.198,-35.909,135.916,-0.717425,-0.695587,0.038207,0.695774,-0.718186,-0.010336,0.034629,0.019168,0.999216,0,0.87656,-0.53077,52.594,-1.062,-1,400.000,-1,400.000,-1,325.000,325.000,325.000,325.000,-1,-1,-1,-1,775.000,850.000,-1,-1,2,0,2,0,2,0,0,0,0,2,2,2,2,0,0,2,2
26,8586.091,2279.822,-34.012,134.769,-0.703392,-0.709804,0.037662,0.710038,-0.704105,-0.009085,0.032967,0.020351,0.999249,0,0.90675,-0.57336,54.405,-1.147,-1,400.000,-1,400.000,-1,325.000,325.000,325.000,325.000,-1,-1,-1,-1,775.000,850.000,-1,-1,2,0,2,0,2,0,0,0,0,2,2,2,2,0,0,2,2
27,8548.453,2319.327,-32.268,133.614,-0.689005,-0.723843,0.036385,0.724103,-0.689647,-0.007872,0.030791,0.020923,0.999307,0,0.90941,-0.57746,54.565,-1.155,-1,400.000,-1,400.000,-1,325.000,325.000,300.000,325.000,-1,-1,-1,-1,750.000,850.000,-1,-1,2,0,2,0,2,0,0,0,0,2,2,2,2,0,0,2,2
28,8511.516,2359.705,-30.527,132.451,-0.674229,-0.737684,0.035169,0.737968,-0.674803,-0.006596,0.028598,0.021506,0.999360,0,0.91206,-0.58158,54.724,-1.163,-1,400.000,-1,400.000,-1,325.000,325.000,300.000,325.000,-1,-1,-1,-1,750.000,850.000,-1,-1,2,0,2,0,2,0,0,0,0,2,2,2,2,0,0,2,2
29,8475.309,2400.949,-29.035,131.280,-0.659022,-0.751301,0.035166,0.751635,-0.659559,-0.005205,0.027104,0.023002,0.999368,0,0.91470,-0.58573,54.882,-1.171,-1,400.000,-1,400.000,-1,325.000,325.000,300.000,325.000,-1,-1,-1,-1,750.000,825.000,-1,-1,2,0,2,0,2,0,0,0,0,2,2,2,2,0,0,2,2
30,8439.857,2443.049,-27.633,130.100,-0.643414,-0.764689,0.035635,0.765082,-0.643921,-0.003790,0.025845,0.024825,0.999358,0,0.91731,-0.58991,55.039,-1.180,-1,400.000,-1,400.000,-1,325.000,325.000,300.000,325.000,-1,-1,-1,-1,750.000,825.000,-1,-1,2,0,2,0,2,0,0,0,0,2,2,2,2,0,0,2,2
31,8408.459,2482.267,-26.383,128.680,-0.624270,-0.780372,0.036139,0.780824,-0.624746,-0.002480,0.024513,0.026670,0.999344,0,0.83731,-0.70991,50.239,-1.420,-1,400.000,-1,400.000,-1,325.000,325.000,300.000,325.000,-1,-1,-1,-1,750.000,825.000,-1,-1,2,0,2,0,2,0,0,0,0,2,2,2,2,0,0,2,2
32,8379.983,2520.028,-25.229,127.020,-0.601410,-0.798099,0.036653,0.798609,-0.601850,-0.001224,0.023036,0.028535,0.999327,0,0.78823,-0.82991,47.294,-1.660,-1,400.000,-1,400.000,-1,325.000,325.000,300.000,325.000,-1,-1,-1,-1,750.000,825.000,-1,-1,2,0,2,0,2,0,0,0,0,2,2,2,2,0,0,2,2
33,8352.681,2558.843,-24.168,125.120,-0.574633,-0.817560,0.037331,0.818138,-0.575022,0.000360,0.021172,0.030749,0.999303,0,0.79092,-0.94991,47.455,-1.900,-1,400.000,-1,400.000,-1,325.000,325.000,300.000,325.000,-1,-1,-1,-1,750.000,825.000,-1,-1,2,0,2,0,2,0,0,0,0,2,2,2,2,0,0,2,2
34,8326.654,2598.735,-23.258,123.120,-0.545773,-0.837057,0.038315,0.837721,-0.546092,0.002488,0.018840,0.033455,0.999263,0,0.79387,-1.00000,47.632,-2.000,-1,400.000,-1,400.000,-1,325.000,325.000,300.000,300.000,-1,-1,-1,-1,750.000,825.000,-1,-1,2,0,2,0,2,0,0,0,0,2,2,2,2,0,0,2,2
35,8301.938,2639.674,-22.384,121.120,-0.516256,-0.855524,0.039476,0.856276,-0.516498,0.004603,0.016452,0.036179,0.999210,0,0.79702,-1.00000,47.821,-2.000,-1,400.000,-1,400.000,-1,325.000,325.000,300.000,300.000,-1,-1,-1,-1,750.000,825.000,-1,-1,2,0,2,0,2,0,0,0,0,2,2,2,2,0,0,2,2
36,8278.569,2681.622,-21.548,119.120,-0.486120,-0.872938,0.040815,0.873780,-0.486276,0.006693,0.014004,0.038917,0.999144,0,0.80029,-1.00000,48.017,-2.000,-1,400.000,-1,400.000,-1,325.000,325.000,300.000,300.000,-1,-1,-1,-1,750.000,825.000,-1,-1,2,0,2,0,2,0,0,0,0,2,2,2,2,0,0,2,2
37,8256.586,2724.541,-20.892,117.120,-0.455389,-0.889299,0.042035,0.890212,-0.455474,0.008095,0.011947,0.041106,0.999083,0,0.80369,-1.00000,48.221,-2.000,-1,400.000,-1,400.000,-1,325.000,325.000,300.000,300.000,-1,-1,-1,-1,775.000,825.000,-1,-1,2,0,2,0,2,0,0,0,0,2,2,2,2,0,0,2,2
38,8236.025,2768.392,-20.455,115.120,-0.424095,-0.904597,0.042981,0.905558,-0.424134,0.008660,0.010396,0.042595,0.999038,0,0.80720,-1.00000,48.432,-2.000,-1,400.000,-1,400.000,-1,325.000,325.000,300.000,300.000,-1,-1,-1,-1,775.000,825.000,-1,-1,2,0,2,0,2,0,0,0,0,2,2,2,2,0,0,2,2
39,8216.921,2813.136,-20.266,113.120,-0.392325,-0.918822,0.042988,0.919791,-0.392295,0.009489,0.008145,0.043263,0.999031,0,0.81084,-1.00000,48.650,-2.000,-1,400.000,-1,400.000,-1,325.000,325.000,300.000,300.000,-1,-1,-1,-1,750.000,825.000,-1,-1,2,0,2,0,2,0,0,0,0,2,2,2,2,0,0,2,2
40,8199.310,2858.728,-20.143,111.120,-0.360083,-0.931928,0.043007,0.932902,-0.359980,0.010395,0.005794,0.043864,0.999021,0,0.81459,-1.00000,48.875,-2.000,-1,400.000,-1,400.000,-1,325.000,325.000,300.000,300.000,-1,-1,-1,-1,750.000,825.000,-1,-1,2,0,2,0,2,0,0,0,0,2,2,2,2,0,0,2,2
41,8183.023,2905.665,-20.074,109.137,-0.327681,-0.943804,0.043110,0.944782,-0.327501,0.011369,0.003388,0.044455,0.999006,0,0.82804,-0.99171,49.682,-1.983,-1,400.000,-1,400.000,-1,325.000,325.000,300.000,300.000,-1,-1,-1,-1,750.000,825.000,-1,-1,2,0,2,0,2,0,0,0,0,2,2,2,2,0,0,2,2
42,8168.304,2953.367,-20.064,107.148,-0.294802,-0.954577,0.043297,0.955558,-0.294543,0.012397,0.000919,0.045028,0.998985,0,0.83200,-0.99439,49.920,-1.989,-1,400.000,-1,400.000,-1,325.000,325.000,300.000,300.000,-1,-1,-1,-1,750.000,800.000,-1,-1,2,0,2,0,2,0,0,0,0,2,2,2,2,0,0,2,2
43,8155.190,3001.787,-20.117,105.154,-0.261484,-0.964224,0.043573,0.965206,-0.261142,0.013478,-0.001617,0.045581,0.998959,0,0.83607,-0.99706,50.164,-1.994,-1,400.000,-1,400.000,-1,325.000,325.000,300.000,300.000,-1,-1,-1,-1,750.000,825.000,-1,-1,2,0,2,0,2,0,0,0,0,2,2,2,2,0,1,2,2
44,8143.717,3050.879,-20.236,103.155,-0.227766,-0.972724,0.043938,0.973707,-0.227336,0.014608,-0.004220,0.046110,0.998927,0,0.84024,-0.99971,50.415,-1.999,-1,400.000,-1,400.000,-1,325.000,325.000,300.000,300.000,-1,-1,-1,-1,750.000,-1,-1,-1,2,0,2,0,2,0,0,0,0,2,2,2,2,0,2,2,2
45,8133.914,3100.593,-20.425,101.155,-0.193766,-0.980043,0.044395,0.981023,-0.193245,0.015784,-0.006889,0.046611,0.998889,0,0.84451,-1.00000,50.670,-2.000,-1,400.000,-1,400.000,-1,325.000,325.000,300.000,300.000,-1,-1,-1,-1,750.000,-1,-1,-1,2,0,2,1,2,0,0,0,0,2,2,2,2,0,2,2,2
46,8125.811,3150.876,-20.687,99.155,-0.159538,-0.986168,0.044945,0.987145,-0.158921,0.017002,-0.009625,0.047080,0.998845,0,0.84885,-1.00000,50.931,-2.000,-1,400.000,-1,400.000,-1,325.000,325.000,300.000,300.000,-1,-1,-1,-1,750.000,-1,-1,-1,2,0,2,1,2,0,0,0,0,2,2,2,2,0,2,2,2
47,8119.435,3201.673,-21.026,97.155,-0.125123,-0.991093,0.045591,0.992063,-0.124405,0.018261,-0.012427,0.047514,0.998793,0,0.85326,-1.00000,51.196,-2.000,-1,400.000,-1,425.000,-1,325.000,325.000,300.000,300.000,-1,-1,-1,-1,750.000,-1,-1,-1,2,0,2,1,2,0,0,0,0,2,2,2,2,0,2,2,2
48,8114.811,3252.930,-21.468,95.155,-0.090560,-0.994809,0.046420,0.995774,-0.089739,0.019499,-0.015232,0.047990,0.998732,0,0.85774,-1.00000,51.465,-2.000,-1,400.000,-1,450.000,-1,325.000,325.000,300.000,300.000,-1,-1,-1,-1,750.000,-1,-1,-1,2,0,2,1,2,0,0,0,0,2,2,2,2,0,2,2,2
49,8111.963,3304.589,-23.165,93.155,-0.056065,-0.997124,0.050986,0.998225,-0.054954,0.022946,-0.020078,0.052182,0.998436,0,0.86227,-1.00000,51.736,-2.000,-1,375.000,-1,475.000,-1,325.000,325.000,300.000,300.000,-1,-1,-1,-1,775.000,-1,-1,-1,2,0,2,1,2,0,0,0,0,2,2,2,2,1,2,2,2
50,8110.912,3356.589,-25.548,91.155,-0.021612,-0.998177,0.056354,0.999434,-0.020116,0.026976,-0.025793,0.056905,0.998046,0,0.86684,-1.00000,52.010,-2.000,-1,375.000,-1,525.000,-1,300.000,300.000,300.000,300.000,-1,-1,-1,-1,850.000,-1,-1,-1,2,0,2,1,2,0,0,0,0,2,2,2,2,1,2,2,2
51,8111.681,3408.870,-28.223,89.155,0.012742,-0.997948,0.062754,0.999402,0.014727,0.031281,-0.032141,0.062318,0.997539,0,0.87143,-1.00000,52.286,-2.000,-1,375.000,-1,575.000,-1,300.000,300.000,325.000,275.000,-1,-1,-1,-1,950.000,-1,-1,-1,2,0,2,1,2,0,0,0,0,2,2,2,2,1,2,2,2
52,8114.287,3461.368,-31.227,87.155,0.046913,-0.996418,0.070358,0.998129,0.049526,0.035859,-0.039215,0.068544,0.996877,0,0.87602,-1.00000,52.561,-2.000,-1,350.000,-1,-1,-1,300.000,300.000,325.000,250.000,-1,-1,-1,-1,-1,-1,-1,-1,2,0,2,2,2,0,1,0,0,2,2,2,2,2,2,2,2
53,8118.746,3514.017,-34.597,85.155,0.080811,-0.993567,0.079339,0.995616,0.084226,0.040681,-0.047102,0.075703,0.996017,0,0.88060,-1.00000,52.836,-2.000,-1,350.000,-1,-1,-1,275.000,300.000,325.000,250.000,-1,-1,-1,-1,-1,-1,-1,-1,2,0,2,2,2,0,1,0,0,2,2,2,2,2,2,2,2
54,8125.071,3566.750,-38.369,83.155,0.114332,-0.989370,0.089867,0.991870,0.118772,0.045694,-0.055882,0.083912,0.994905,0,0.88514,-1.00000,53.109,-2.000,-1,325.000,-1,-1,-1,275.000,325.000,325.000,225.000,-1,-1,-1,-1,-1,-1,-1,-1,2,0,2,2,2,0,1,0,0,2,2,2,2,2,2,2,2
55,8133.273,3619.496,-42.575,81.155,0.147360,-0.983798,0.102110,0.986903,0.153100,0.050818,-0.065628,0.093285,0.993474,0,0.88962,-1.00000,53.377,-2.000,-1,325.000,-1,-1,-1,250.000,325.000,350.000,200.000,-1,-1,-1,-1,-1,-1,-1,-1,2,0,2,2,2,0,1,0,0,2,2,2,2,2,2,2,2
56,8143.358,3672.182,-47.248,79.155,0.179764,-0.976820,0.116226,0.980739,0.187142,0.055945,-0.076398,0.103930,0.991646,0,0.89399,-1.00000,53.639,-2.000,-1,400.000,-1,-1,-1,250.000,-1,350.000,200.000,-1,-1,-1,-1,-1,-1,-1,-1,2,1,2,2,2,0,2,0,1,2,2,2,2,2,2,2,2
57,8155.438,3726.252,-52.526,77.395,0.207283,-0.969266,0.132502,0.974292,0.216754,0.061416,-0.088249,0.116365,0.989278,0,0.92331,-0.88000,55.399,-1.760,-1,675.000,-1,-1,-1,225.000,-1,350.000,200.000,-1,-1,-1,-1,-1,-1,-1,-1,2,1,2,2,2,0,2,0,1,2,2,2,2,2,2,2,2
58,8168.997,3780.189,-58.285,75.875,0.229909,-0.961489,0.150601,0.967964,0.241964,0.067076,-0.100933,0.130355,0.986316,0,0.92685,-0.76000,55.611,-1.520,-1,875.000,-1,-1,-1,-1,-1,375.000,225.000,-1,-1,-1,-1,-1,-1,-1,-1,2,1,2,2,2,2,2,0,1,2,2,2,2,2,2,2,2
59,8183.796,3833.964,-64.521,74.595,0.247593,-0.953747,0.170484,0.962085,0.262804,0.072985,-0.114413,0.145949,0.982654,0,0.92949,-0.64000,55.769,-1.280,-1,975.000,-1,-1,-1,-1,-1,400.000,225.000,-1,-1,-1,-1,-1,-1,-1,-1,2,1,2,2,2,2,2,0,1,2,2,2,2,2,2,2,2
60,8199.599,3887.550,-72.246,73.555,0.260249,-0.946898,0.188822,0.956525,0.279504,0.083293,-0.131646,0.158936,0.978473,0,0.93100,-0.52000,55.860,-1.040,-1,-1,-1,-1,-1,-1,-1,400.000,225.000,-1,-1,-1,-1,-1,-1,-1,-1,2,2,2,2,2,2,2,0,1,2,2,2,2,2,2,2,2
61,8216.179,3940.915,-84.179,72.755,0.267794,-0.943067,0.197260,0.949827,0.292748,0.110126,-0.161604,0.157871,0.974146,0,0.93113,-0.40000,55.868,-0.800,-1,925.000,-1,-1,-1,-1,-1,350.000,250.000,-1,-1,-1,-1,-1,-1,-1,-1,2,1,2,2,2,2,2,0,1,2,2,2,2,2,2,2,2
62,6887.337,5575.402,-54.547,-92.124,-0.045304,0.997028,-0.062307,-0.990988,-0.036985,0.128740,0.126053,0.067578,0.989719,1,0.00000,0.00000,55.772,-0.560,-1,600.000,-1,400.000,-1,400.000,350.000,-1,125.000,-1,0.000,0.000,-1,-1,975.000,-1,-1,2,0,2,0,2,0,0,2,0,2,0,1,2,2,0,2,2
63,6887.137,5570.606,-53.867,-92.364,-0.049198,0.996963,-0.060373,-0.990952,-0.041165,0.127751,0.124878,0.066112,0.989967,0,0.08000,-0.12000,4.800,-0.240,-1,600.000,-1,400.000,-1,400.000,350.000,-1,125.000,-1,0.000,0.000,-1,-1,975.000,-1,-1,2,0,2,0,2,0,0,2,0,2,0,1,2,2,0,2,2
64,6886.657,5561.019,-52.522,-92.844,-0.057006,0.996769,-0.056593,-0.990821,-0.049524,0.125780,0.122571,0.063244,0.990443,0,0.16000,-0.24000,9.600,-0.480,-1,600.000,-1,400.000,-1,400.000,350.000,-1,150.000,-1,0.000,0.000,-1,-1,975.000,-1,-1,2,0,2,0,2,0,0,2,0,2,0,1,2,2,0,2,2
65,6885.757,5546.647,-50.533,-93.564,-0.068768,0.996322,-0.051126,-0.990485,-0.062062,0.122832,0.119207,0.059087,0.991110,0,0.24000,-0.36000,14.400,-0.720,-1,575.000,-1,400.000,-1,400.000,350.000,-1,150.000,-1,0.000,0.000,-1,-1,975.000,-1,-1,2,0,2,0,2,0,0,2,0,2,0,1,2,2,0,2,2
66,6884.236,5527.508,-47.935,-94.524,-0.084530,0.995440,-0.044198,-0.989775,-0.078769,0.118916,0.114892,0.053798,0.991920,0,0.32000,-0.48000,19.200,-0.960,-1,550.000,-1,400.000,-1,375.000,350.000,400.000,150.000,-1,0.000,0.000,-1,-1,950.000,-1,-1,2,0,2,0,2,0,0,0,0,2,0,1,2,2,0,2,2
67,6881.845,5503.628,-44.770,-95.702,-0.103957,0.993925,-0.036127,-0.988507,-0.099246,0.114037,0.109759,0.047567,0.992819,0,0.40000,-0.58891,24.000,-1.178,-1,550.000,-1,400.000,-1,375.000,350.000,400.000,175.000,-1,0.000,0.000,-1,-1,950.000,-1,-1,2,0,2,0,2,0,0,0,0,2,0,1,2,2,0,2,2
68,6878.395,5475.037,-41.131,-96.866,-0.123094,0.992011,-0.027595,-0.986933,-0.119456,0.108133,0.103973,0.040545,0.993753,0,0.48000,-0.58209,28.800,-1.164,-1,525.000,-1,400.000,-1,375.000,350.000,375.000,175.000,-1,0.000,0.000,-1,-1,925.000,-1,-1,2,0,2,0,2,0,0,0,0,2,0,1,2,2,0,2,2
69,6873.705,5441.767,-37.020,-98.014,-0.141921,0.989701,-0.018689,-0.985058,-0.139344,0.101209,0.097562,0.032774,0.994690,0,0.56000,-0.57392,33.600,-1.148,-1,500.000,-1,400.000,-1,375.000,350.000,375.000,200.000,-1,0.000,0.000,-1,-1,900.000,-1,-1,2,0,2,0,2,0,0,0,0,2,0,1,2,2,0,2,2
70,6867.794,5405.078,-32.562,-99.143,-0.160439,0.986998,-0.009677,-0.982868,-0.158851,0.093474,0.090721,0.024508,0.995575,0,0.61939,-0.56436,37.164,-1.129,-1,500.000,-1,400.000,-1,350.000,350.000,375.000,200.000,-1,0.000,0.000,-1,-1,900.000,-1,-1,2,0,2,0,2,0,0,0,0,2,0,1,2,2,0,2,2
71,6861.140,5368.308,-28.115,-100.250,-0.178680,0.983907,-0.001168,-0.980316,-0.177926,0.085577,0.083992,0.016436,0.996331,0,0.62280,-0.55371,37.368,-1.107,-1,475.000,-1,400.000,-1,350.000,350.000,350.000,225.000,-1,0.000,0.000,-1,-1,875.000,-1,-1,2,0,2,0,2,0,0,0,0,2,0,1,2,2,0,2,2
72,6853.749,5331.457,-23.650,-101.336,-0.196619,0.980456,0.006926,-0.977428,-0.196559,0.077450,0.077297,0.008458,0.996972,0,0.62644,-0.54292,37.586,-1.086,-1,450.000,-1,400.000,-1,350.000,325.000,350.000,250.000,-1,0.000,0.000,-1,-1,875.000,-1,-1,2,0,2,0,2,0,0,0,0,2,0,1,2,2,0,2,2
73,6845.626,5294.524,-19.180,-102.400,-0.214223,0.976672,0.014879,-0.974224,-0.214739,0.069097,0.070680,0.000306,0.997499,0,0.63029,-0.53199,37.817,-1.064,-1,450.000,-1,400.000,-1,350.000,325.000,325.000,250.000,-1,0.000,0.000,-1,-1,850.000,-1,-1,2,0,2,0,2,0,0,0,0,2,0,1,2,2,0,2,2
74,6836.778,5257.508,-14.846,-103.442,-0.231449,0.972568,0.023306,-0.970778,-0.232452,0.059635,0.063417,-0.008822,0.997948,0,0.63434,-0.52091,38.060,-1.042,-1,425.000,-1,400.000,-1,350.000,325.000,325.000,275.000,-1,425.000,225.000,-1,975.000,850.000,-1,-1,2,0,2,0,2,0,0,0,0,2,0,0,2,0,0,2,2
75,6827.211,5220.408,-10.411,-104.461,-0.248352,0.968156,0.031551,-0.967054,-0.249687,0.049638,0.055935,-0.018183,0.998269,0,0.63858,-0.50970,38.315,-1.019,-1,425.000,-1,400.000,-1,325.000,325.000,325.000,300.000,-1,-1,-1,-1,900.000,825.000,-1,-1,2,0,2,0,2,0,0,0,0,2,2,2,2,0,0,2,2
76,6816.928,5183.224,-7.278,-105.458,-0.265026,0.963579,0.035738,-0.962819,-0.266465,0.044443,0.052347,-0.022631,0.998372,0,0.64300,-0.49834,38.580,-0.997,-1,400.000,-1,400.000,-1,325.000,325.000,300.000,300.000,-1,-1,-1,-1,875.000,825.000,-1,-1,2,0,2,0,2,0,0,0,0,2,2,2,2,0,0,2,2
77,6805.937,5145.955,-5.424,-106.432,-0.281379,0.958920,0.036026,-0.958184,-0.282803,0.043647,0.052043,-0.022238,0.998397,0,0.64760,-0.48682,38.856,-0.974,-1,400.000,-1,400.000,-1,325.000,325.000,300.000,300.000,-1,-1,-1,-1,875.000,825.000,-1,-1,2,0,2,0,2,0,0,0,0,2,2,2,2,0,0,2,2
78,6794.244,5108.601,-3.631,-107.382,-0.297291,0.954114,0.035851,-0.953400,-0.298673,0.042693,0.051442,-0.021489,0.998445,0,0.65236,-0.47516,39.142,-0.950,-1,400.000,-1,400.000,-1,325.000,325.000,300.000,300.000,-1,-1,-1,-1,850.000,825.000,-1,-1,2,0,2,0,2,0,0,0,0,2,2,2,2,0,0,2,2
79,6781.855,5071.160,-1.803,-108.309,-0.312731,0.949174,0.035622,-0.948481,-0.314070,0.041752,0.050818,-0.020729,0.998493,0,0.65729,-0.46335,39.438,-0.927,-1,400.000,-1,400.000,-1,325.000,325.000,300.000,300.000,-1,-1,-1,-1,850.000,825.000,-1,-1,2,0,2,0,2,0,0,0,0,2,2,2,2,0,0,2,2
80,6768.777,5033.630,0.060,-109.212,-0.327696,0.944122,0.035338,-0.943450,-0.328991,0.040826,0.050171,-0.019961,0.998541,0,0.66238,-0.45137,39.743,-0.903,-1,400.000,-1,400.000,-1,325.000,325.000,300.000,300.000,-1,-1,-1,-1,850.000,825.000,-1,-1,2,0,2,0,2,0,0,0,0,2,2,2,2,0,0,2,2
81,6753.490,4991.835,2.165,-110.091,-0.342198,0.938977,0.034955,-0.938329,-0.343444,0.039810,0.049386,-0.019177,0.998596,0,0.74171,-0.43960,44.503,-0.879,-1,400.000,-1,400.000,-1,325.000,325.000,300.000,300.000,-1,-1,-1,-1,850.000,825.000,-1,-1,2,0,2,0,2,0,0,0,0,2,2,2,2,0,0,2,2
82,6737.552,4950.210,4.256,-110.952,-0.356320,0.933722,0.034626,-0.933107,-0.357518,0.038629,0.048448,-0.018546,0.998653,0,0.74288,-0.43047,44.573,-0.861,-1,400.000,-1,400.000,-1,325.000,325.000,300.000,300.000,-1,-1,-1,-1,850.000,825.000,-1,-1,2,0,2,0,2,0,0,0,1,2,2,2,2,0,0,2,2
83,6720.974,4908.750,6.350,-111.794,-0.370058,0.928375,0.034301,-0.927798,-0.371208,0.037354,0.047411,-0.018001,0.998713,0,0.74419,-0.42113,44.652,-0.842,-1,400.000,-1,400.000,-1,325.000,325.000,325.000,300.000,-1,-1,-1,-1,850.000,800.000,-1,-1,2,0,2,0,2,0,0,0,1,2,2,2,2,0,0,2,2
84,6703.768,4867.451,8.471,-112.617,-0.383410,0.922955,0.033913,-0.922414,-0.384511,0.036095,0.046354,-0.017443,0.998773,0,0.74566,-0.41158,44.740,-0.823,-1,400.000,-1,400.000,-1,325.000,325.000,325.000,300.000,-1,-1,-1,-1,850.000,800.000,-1,-1,2,0,2,0,2,0,0,0,1,2,2,2,2,0,0,2,2
85,6685.947,4826.308,10.620,-113.421,-0.396370,0.917481,0.033463,-0.916974,-0.397422,0.034852,0.045275,-0.016871,0.998832,0,0.74729,-0.40182,44.837,-0.804,-1,400.000,-1,400.000,-1,325.000,325.000,325.000,300.000,-1,-1,-1,-1,850.000,800.000,-1,-1,2,0,2,0,2,0,0,0,1,2,2,2,2,0,0,2,2
86,6667.520,4785.315,12.797,-114.204,-0.408936,0.911968,0.032953,-0.911493,-0.409938,0.033626,0.044175,-0.016286,0.998891,0,0.74907,-0.39184,44.944,-0.784,-1,400.000,-1,400.000,-1,325.000,325.000,325.000,300.000,-1,-1,-1,-1,825.000,800.000,-1,-1,2,0,2,0,2,0,0,0,1,2,2,2,2,0,0,2,2
87,6648.500,4744.466,15.003,-114.968,-0.421103,0.906435,0.032383,-0.905990,-0.422055,0.032417,0.043051,-0.015688,0.998950,0,0.75101,-0.38166,45.061,-0.763,-1,400.000,-1,400.000,-1,325.000,325.000,325.000,300.000,-1,-1,-1,-1,825.000,800.000,-1,-1,2,0,2,0,2,0,0,0,1,2,2,2,2,0,0,2,2
88,6628.897,4703.753,17.027,-115.710,-0.432814,0.900886,0.032816,-0.900477,-0.433764,0.031467,0.042583,-0.015931,0.998966,0,0.75312,-0.37126,45.187,-0.743,-1,400.000,-1,400.000,-1,325.000,325.000,325.000,300.000,-1,-1,-1,-1,825.000,800.000,-1,-1,2,0,2,0,2,0,0,0,0,2,2,2,2,0,0,2,2
89,6608.722,4663.167,19.040,-116.431,-0.444120,0.895348,0.033314,-0.894982,-0.445068,0.030362,0.042011,-0.016332,0.998984,0,0.75539,-0.36064,45.323,-0.721,-1,400.000,-1,400.000,-1,325.000,325.000,325.000,300.000,-1,-1,-1,-1,825.000,800.000,-1,-1,2,0,2,0,2,0,0,0,0,2,2,2,2,0,0,2,2
90,6587.986,4622.700,20.980,-117.131,-0.455019,0.889836,0.033901,-0.889532,-0.455961,0.028829,0.041111,-0.017038,0.999009,0,0.75784,-0.34980,45.471,-0.700,-1,400.000,-1,400.000,-1,325.000,325.000,300.000,300.000,-1,-1,-1,-1,825.000,800.000,-1,-1,2,0,2,0,2,0,0,0,0,2,2,2,2,0,0,2,2
91,6566.700,4582.341,22.929,-117.809,-0.465515,0.884373,0.034361,-0.884129,-0.466446,0.027268,0.040142,-0.017686,0.999037,0,0.76048,-0.33875,45.629,-0.677,-1,400.000,-1,400.000,-1,325.000,325.000,300.000,300.000,-1,-1,-1,-1,825.000,800.000,-1,-1,2,0,2,0,2,0,0,0,0,2,2,2,2,0,0,2,2
92,6544.873,4542.079,24.903,-118.463,-0.475602,0.878973,0.034779,-0.878789,-0.476519,0.025696,0.039159,-0.018343,0.999065,0,0.76330,-0.32746,45.798,-0.655,-1,400.000,-1,400.000,-1,325.000,325.000,300.000,300.000,-1,-1,-1,-1,800.000,775.000,-1,-1,2,0,2,0,2,0,0,0,0,2,2,2,2,0,0,2,2
93,6522.239,4501.041,26.823,-118.878,-0.481965,0.875493,0.034964,-0.875348,-0.482868,0.024600,0.038420,-0.018749,0.999086,0,0.78110,-0.20746,46.866,-0.415,-1,400.000,-1,400.000,-1,325.000,325.000,300.000,300.000,-1,-1,-1,-1,800.000,775.000,-1,-1,2,0,2,0,2,0,0,0,0,2,2,2,2,0,0,2,2
94,6499.399,4459.927,28.641,-119.053,-0.484647,0.874012,0.034924,-0.873885,-0.485537,0.024048,0.037976,-0.018865,0.999101,0,0.78385,-0.08746,47.031,-0.175,-1,400.000,-1,400.000,1000.000,325.000,325.000,300.000,300.000,-1,-1,-1,-1,800.000,775.000,-1,-1,2,0,2,0,1,0,0,0,0,2,2,2,2,0,0,2,2
95,6476.531,4418.653,30.380,-118.988,-0.483656,0.874557,0.035037,-0.874452,-0.484541,0.023521,0.037548,-0.019262,0.999109,0,0.78644,0.03254,47.186,0.065,-1,400.000,-1,400.000,950.000,325.000,325.000,300.000,300.000,-1,-1,-1,-1,800.000,775.000,-1,-1,2,0,2,0,1,0,0,0,0,2,2,2,2,0,0,2,2
96,6453.810,4377.123,32.010,-118.683,-0.479014,0.877121,0.034710,-0.877037,-0.479875,0.022912,0.036753,-0.019466,0.999135,0,0.78898,0.15254,47.339,0.305,-1,400.000,-1,400.000,900.000,325.000,325.000,300.000,300.000,-1,-1,-1,-1,800.000,775.000,-1,-1,2,0,2,0,1,0,0,0,0,2,2,2,2,0,0,2,2
97,6431.295,4335.302,33.647,-118.298,-0.473121,0.880326,0.034393,-0.880265,-0.473959,0.022288,0.035921,-0.019730,0.999160,0,0.79161,0.19281,47.497,0.386,-1,400.000,-1,400.000,875.000,325.000,325.000,300.000,300.000,-1,-1,-1,-1,800.000,775.000,-1,1000.000,2,0,2,0,1,0,0,0,0,2,2,2,2,0,0,2,1
98,6408.993,4293.154,35.293,-117.885,-0.466785,0.883714,0.034089,-0.883675,-0.467600,0.021645,0.035068,-0.020020,0.999184,0,0.79475,0.20646,47.685,0.413,-1,400.000,-1,400.000,825.000,325.000,325.000,300.000,300.000,-1,-1,-1,-1,800.000,775.000,-1,950.000,2,0,2,0,1,0,0,0,0,2,2,2,2,0,0,2,1
99,6386.911,4250.634,36.949,-117.444,-0.459988,0.887282,0.033799,-0.887266,-0.460780,0.020984,0.034193,-0.020337,0.999208,0,0.79853,0.22055,47.912,0.441,-1,400.000,-1,400.000,800.000,325.000,325.000,300.000,300.000,-1,-1,-1,-1,800.000,775.000,-1,925.000,2,0,2,0,1,0,0,0,0,2,2,2,2,0,0,2,1
100,6365.059,4207.697,38.616,-116.973,-0.452711,0.891027,0.033526,-0.891035,-0.453480,0.020302,0.033293,-0.020682,0.999232,0,0.80295,0.23509,48.177,0.470,-1,400.000,-1,400.000,750.000,325.000,325.000,300.000,300.000,-1,-1,-1,-1,800.000,775.000,-1,900.000,2,0,2,0,1,0,0,0,0,2,2,2,2,0,0,2,1
101,6341.511,4160.242,40.448,-116.391,-0.443657,0.895580,0.033249,-0.895616,-0.444399,0.019531,0.032268,-0.021113,0.999256,0,0.88295,0.29107,52.977,0.582,-1,400.000,-1,400.000,725.000,325.000,325.000,300.000,300.000,-1,-1,-1,-1,800.000,775.000,-1,875.000,2,0,2,0,1,0,0,0,0,2,2,2,2,0,0,2,1
102,6317.373,4110.305,42.366,-115.798,-0.434386,0.900123,0.032983,-0.900187,-0.435103,0.018703,0.031186,-0.021567,0.999281,0,0.92441,0.29650,55.465,0.593,-1,400.000,-1,400.000,675.000,325.000,325.000,300.000,300.000,-1,-1,-1,-1,775.000,775.000,-1,850.000,2,0,2,0,1,0,0,0,0,2,2,2,2,0,1,2,1
103,6293.540,4059.643,44.186,-115.194,-0.424878,0.904645,0.033097,-0.904739,-0.425583,0.018079,0.030441,-0.022263,0.999289,0,0.93314,0.30200,55.988,0.604,-1,400.000,-1,400.000,650.000,325.000,325.000,300.000,300.000,-1,-1,-1,-1,775.000,750.000,-1,825.000,2,0,2,0,1,0,0,0,0,2,2,2,2,0,1,2,1
104,6270.040,4008.265,45.955,-114.580,-0.415143,0.909139,0.033505,-0.909267,-0.415846,0.017481,0.029825,-0.023208,0.999286,0,0.94162,0.30729,56.497,0.615,-1,400.000,-1,400.000,625.000,325.000,325.000,300.000,300.000,-1,-1,-1,-1,775.000,750.000,-1,800.000,2,0,2,0,1,0,0,0,0,2,2,2,2,0,1,2,1
105,6246.980,3956.392,47.679,-113.967,-0.405396,0.913506,0.034078,-0.913680,-0.406093,0.016623,0.029024,-0.024397,0.999281,0,0.94613,0.30622,56.768,0.612,-1,400.000,-1,400.000,600.000,325.000,325.000,300.000,300.000,-1,-1,-1,-1,775.000,725.000,-1,775.000,2,0,2,0,1,0,0,0,0,2,2,2,2,0,1,2,1
106,6224.470,3904.303,49.399,-113.372,-0.395881,0.917646,0.034690,-0.917868,-0.396572,0.015757,0.028216,-0.025603,0.999274,0,0.94574,0.29752,56.745,0.595,-1,400.000,-1,400.000,575.000,325.000,325.000,300.000,300.000,-1,-1,-1,-1,800.000,725.000,-1,750.000,2,0,2,0,1,0,0,0,0,2,2,2,2,0,1,2,1
107,6202.511,3852.053,51.040,-112.795,-0.386614,0.921570,0.035175,-0.921828,-0.387302,0.015190,0.027622,-0.026552,0.999266,0,0.94462,0.28848,56.677,0.577,-1,400.000,-1,400.000,575.000,325.000,325.000,300.000,300.000,-1,-1,-1,-1,800.000,700.000,-1,725.000,2,0,2,0,1,0,0,0,0,2,2,2,2,0,1,2,1
108,6181.105,3799.695,52.544,-112.237,-0.377615,0.925288,0.035340,-0.925561,-0.378300,0.015036,0.027281,-0.027031,0.999262,0,0.94275,0.27911,56.565,0.558,-1,400.000,-1,400.000,550.000,325.000,325.000,300.000,300.000,-1,-1,-1,-1,800.000,675.000,-1,700.000,2,0,2,0,1,0,0,0,0,2,2,2,2,0,1,2,1
109,6160.250,3747.285,53.986,-111.698,-0.368902,0.928798,0.035279,-0.929082,-0.369577,0.014795,0.026780,-0.027319,0.999268,0,0.94011,0.26948,56.407,0.539,-1,400.000,-1,400.000,525.000,325.000,325.000,300.000,300.000,-1,-1,-1,-1,800.000,675.000,-1,675.000,2,0,2,0,1,0,0,0,0,2,2,2,2,0,1,2,1
110,6139.946,3694.878,55.419,-111.179,-0.360477,0.932102,0.035240,-0.932398,-0.361141,0.014541,0.026280,-0.027616,0.999273,0,0.93671,0.25963,56.202,0.519,-1,400.000,-1,400.000,500.000,325.000,325.000,300.000,300.000,-1,-1,-1,-1,800.000,650.000,-1,650.000,2,0,2,0,1,0,0,0,0,2,2,2,2,0,1,2,1
111,6120.024,3642.708,56.847,-110.900,-0.355937,0.933846,0.035223,-0.934151,-0.356592,0.014275,0.025891,-0.027822,0.999278,0,0.93075,0.13963,55.845,0.279,-1,400.000,-1,400.000,475.000,325.000,325.000,300.000,300.000,-1,-1,-1,-1,800.000,650.000,-1,600.000,2,0,2,0,1,0,0,0,0,2,2,2,2,0,1,2,1
112,6100.232,3590.769,58.279,-110.860,-0.355304,0.934087,0.035221,-0.934400,-0.355951,0.014003,0.025617,-0.027935,0.999281,0,0.92637,0.01963,55.582,0.039,-1,400.000,-1,400.000,450.000,325.000,325.000,300.000,300.000,-1,-1,-1,-1,800.000,625.000,-1,575.000,2,0,2,0,1,0,0,0,0,2,2,2,2,0,1,2,1
113,6080.355,3539.151,59.714,-111.061,-0.358581,0.932833,0.035246,-0.933152,-0.359221,0.013700,0.025441,-0.027977,0.999285,0,0.92188,-0.10037,55.313,-0.201,-1,400.000,-1,400.000,425.000,325.000,325.000,300.000,300.000,-1,-1,-1,-1,800.000,625.000,-1,525.000,2,0,2,0,1,0,0,0,1,2,2,2,2,0,1,2,1
114,6060.223,3487.922,61.163,-111.454,-0.364976,0.930348,0.035279,-0.930672,-0.365610,0.013393,0.025359,-0.027945,0.999288,0,0.91739,-0.19646,55.043,-0.393,-1,400.000,-1,400.000,375.000,325.000,325.000,300.000,300.000,-1,-1,-1,-1,800.000,600.000,-1,500.000,2,0,2,0,1,0,0,0,1,2,2,2,2,0,1,2,1
115,6039.836,3437.084,62.625,-111.852,-0.371436,0.927787,0.035312,-0.928114,-0.372065,0.013096,0.025289,-0.027909,0.999291,0,0.91288,-0.19903,54.773,-0.398,-1,400.000,-1,400.000,350.000,325.000,325.000,300.000,275.000,-1,-1,-1,-1,800.000,600.000,-1,450.000,2,0,2,0,1,0,0,0,1,2,2,2,2,0,1,2,1
116,6019.203,3386.663,64.068,-112.254,-0.377943,0.925148,0.035508,-0.925482,-0.378573,0.012857,0.025337,-0.028003,0.999287,0,0.90799,-0.20125,54.480,-0.403,-1,400.000,-1,400.000,325.000,325.000,325.000,300.000,275.000,-1,-1,-1,-1,825.000,575.000,-1,425.000,2,0,2,1,1,0,0,0,1,2,2,2,2,0,1,2,1
117,5998.334,3336.678,65.440,-112.661,-0.384485,0.922429,0.035996,-0.922784,-0.385118,0.012426,0.025324,-0.028439,0.999275,0,0.90277,-0.20312,54.166,-0.406,-1,400.000,-1,375.000,300.000,325.000,325.000,300.000,275.000,-1,-1,-1,-1,825.000,575.000,-1,400.000,2,0,2,1,1,0,0,0,1,2,2,2,2,0,1,2,1
118,5977.238,3287.146,66.735,-113.070,-0.391059,0.919634,0.036700,-0.920025,-0.391688,0.011587,0.025031,-0.029234,0.999259,0,0.89728,-0.20463,53.837,-0.409,-1,400.000,-1,375.000,250.000,325.000,325.000,300.000,250.000,-1,-1,-1,-1,825.000,575.000,-1,350.000,2,0,2,1,1,0,0,0,1,2,2,2,2,0,1,2,1
119,5955.923,3238.082,68.045,-113.482,-0.397650,0.916775,0.037390,-0.917203,-0.398274,0.010754,0.024750,-0.030018,0.999243,0,0.89158,-0.20578,53.495,-0.412,-1,400.000,-1,350.000,225.000,325.000,325.000,300.000,250.000,-1,-1,-1,-1,825.000,575.000,-1,325.000,2,0,2,1,1,0,0,0,1,2,2,2,2,0,1,2,1
120,5932.462,3184.898,69.447,-113.804,-0.402805,0.914495,0.038040,-0.914957,-0.403426,0.010031,0.024520,-0.030764,0.999226,0,0.96882,-0.16147,58.129,-0.323,-1,400.000,-1,350.000,200.000,325.000,325.000,300.000,225.000,-1,-1,-1,-1,825.000,600.000,-1,300.000,2,0,2,1,1,0,0,0,1,2,2,2,2,0,1,2,1
121,5908.723,3131.940,73.264,-114.147,-0.407716,0.911750,0.049796,-0.912563,-0.408752,0.012314,0.031582,-0.040422,0.998683,0,0.96724,-0.17148,58.034,-0.343,-1,425.000,-1,350.000,225.000,350.000,350.000,300.000,225.000,-1,-1,-1,-1,875.000,875.000,-1,400.000,2,0,2,1,1,0,0,0,1,2,2,2,2,0,0,2,1
122,5884.710,3079.267,76.802,-114.511,-0.412893,0.908788,0.060195,-0.909996,-0.414377,0.014107,0.037764,-0.048953,0.998087,0,0.96480,-0.18198,57.888,-0.364,-1,425.000,-1,375.000,250.000,350.000,350.000,300.000,225.000,-1,825.000,-1,-1,925.000,950.000,-1,-1,2,0,2,1,1,0,1,0,1,2,0,2,2,0,0,2,2
123,5860.427,3026.939,79.970,-114.897,-0.418427,0.905639,0.068819,-0.907241,-0.420332,0.015325,0.042806,-0.056023,0.997511,0,0.96145,-0.19296,57.687,-0.386,-1,450.000,-1,400.000,275.000,375.000,350.000,300.000,225.000,-1,475.000,775.000,-1,975.000,-1,-1,-1,2,0,2,1,1,0,1,0,1,2,0,0,2,0,2,2,2
124,5835.881,2975.019,82.761,-115.306,-0.424375,0.902318,0.075687,-0.904280,-0.426641,0.016003,0.046731,-0.061651,0.997003,0,0.95716,-0.20438,57.430,-0.409,-1,450.000,-1,425.000,-1,375.000,375.000,275.000,200.000,-1,375.000,625.000,-1,1000.000,-1,-1,-1,2,0,2,1,2,0,1,0,1,2,0,0,2,0,2,2,2
125,5811.080,2923.570,85.178,-115.738,-0.430786,0.898832,0.080773,-0.901094,-0.433323,0.016168,0.049533,-0.065819,0.996601,0,0.95190,-0.21621,57.114,-0.432,-1,475.000,-1,475.000,-1,375.000,375.000,275.000,200.000,-1,325.000,550.000,-1,-1,-1,-1,-1,2,0,2,1,2,0,1,0,1,2,0,0,2,2,2,2,2
126,5786.034,2872.655,87.225,-116.195,-0.437693,0.895187,0.084056,-0.897665,-0.440394,0.015853,0.051209,-0.068515,0.996335,0,0.94569,-0.22836,56.741,-0.457,-1,475.000,-1,525.000,-1,400.000,400.000,275.000,175.000,-1,300.000,525.000,-1,-1,-1,-1,-1,2,0,2,0,2,0,0,0,1,2,0,0,2,2,2,2,2
127,5760.752,2822.336,88.906,-116.677,-0.445117,0.891378,0.085540,-0.893975,-0.447863,0.015103,0.051773,-0.069748,0.996220,0,0.93855,-0.24075,56.313,-0.482,-1,475.000,-1,525.000,-1,400.000,400.000,275.000,175.000,-1,300.000,500.000,-1,-1,1000.000,-1,-1,2,0,2,0,2,0,0,0,1,2,0,0,2,2,1,2,2
128,5735.256,2772.663,90.168,-117.170,-0.452838,0.887487,0.085464,-0.890111,-0.455527,0.014022,0.051376,-0.069723,0.996243,0,0.93056,-0.24685,55.834,-0.494,-1,475.000,-1,525.000,-1,400.000,400.000,275.000,150.000,-1,300.000,525.000,-1,-1,975.000,-1,-1,2,0,2,0,2,0,0,0,1,2,0,0,2,2,1,2,2
129,5709.573,2723.682,90.962,-117.669,-0.460722,0.883554,0.084075,-0.886125,-0.463272,0.012709,0.050178,-0.068646,0.996378,0,0.92177,-0.24943,55.306,-0.499,-1,475.000,-1,525.000,-1,400.000,400.000,275.000,150.000,-1,300.000,550.000,-1,-1,925.000,-1,-1,2,0,2,0,2,0,0,0,1,2,0,0,2,2,1,2,2
130,5683.729,2675.429,91.236,-118.172,-0.468798,0.879563,0.081221,-0.882035,-0.471070,0.010341,0.047356,-0.066792,0.996642,0,0.91231,-0.25150,54.738,-0.503,-1,475.000,-1,500.000,-1,375.000,400.000,275.000,150.000,-1,350.000,600.000,-1,-1,875.000,-1,-1,2,0,2,0,2,0,0,0,1,2,0,0,2,2,1,2,2
131,5657.747,2627.932,91.091,-118.678,-0.477017,0.875539,0.076714,-0.877830,-0.478915,0.007421,0.043237,-0.063802,0.997025,0,0.90231,-0.25307,54.138,-0.506,-1,475.000,-1,500.000,1000.000,375.000,375.000,275.000,150.000,-1,450.000,750.000,-1,1000.000,825.000,-1,975.000,2,0,2,0,1,0,0,0,1,2,0,0,2,0,1,2,1
132,5631.648,2581.211,90.782,-119.187,-0.485339,0.871458,0.070758,-0.873520,-0.486775,0.003547,0.037535,-0.060087,0.997487,0,0.89196,-0.25412,53.518,-0.508,-1,450.000,-1,475.000,925.000,375.000,375.000,275.000,125.000,-1,725.000,-1,-1,950.000,775.000,-1,900.000,2,0,2,0,1,0,0,0,1,2,0,2,2,0,1,2,1
133,5605.451,2535.267,92.343,-119.696,-0.493916,0.866936,0.066855,-0.869170,-0.494411,-0.010076,0.024318,-0.063085,0.997712,0,0.88146,-0.25467,52.888,-0.509,-1,425.000,-1,450.000,825.000,350.000,350.000,275.000,150.000,-1,-1,-1,-1,850.000,725.000,-1,825.000,2,0,2,0,1,0,0,0,1,2,2,2,2,0,1,2,1
134,5579.161,2490.102,93.145,-120.205,-0.502446,0.862498,0.060366,-0.864534,-0.502095,-0.021956,0.011373,-0.063220,0.997935,0,0.87100,-0.25471,52.260,-0.509,-1,400.000,-1,425.000,750.000,325.000,325.000,275.000,150.000,-1,-1,-1,-1,775.000,675.000,-1,725.000,2,0,2,0,1,0,0,0,1,2,2,2,2,0,1,2,1
135,5552.784,2445.700,93.570,-120.714,-0.510796,0.858079,0.052810,-0.859702,-0.509773,-0.032315,-0.000808,-0.061907,0.998082,0,0.86076,-0.25428,51.646,-0.509,-1,375.000,-1,400.000,650.000,300.000,325.000,275.000,150.000,-1,-1,-1,-1,700.000,625.000,-1,650.000,2,0,2,0,1,0,0,0,1,2,2,2,2,0,1,2,1
136,5526.325,2402.037,95.808,-121.221,-0.518660,0.853241,0.054515,-0.854961,-0.517164,-0.039786,-0.005754,-0.067243,0.997720,0,0.85090,-0.25340,51.054,-0.507,-1,375.000,-1,400.000,600.000,300.000,325.000,275.000,150.000,-1,-1,-1,-1,675.000,600.000,-1,600.000,2,0,2,0,1,0,0,0,1,2,2,2,2,0,1,2,1
137,5499.776,2359.085,97.755,-121.725,-0.526411,0.848410,0.055610,-0.850174,-0.524499,-0.045874,-0.009752,-0.071427,0.997398,0,0.84156,-0.25208,50.494,-0.504,-1,350.000,-1,400.000,550.000,300.000,300.000,275.000,175.000,-1,-1,-1,-1,650.000,550.000,-1,550.000,2,0,2,0,1,0,0,0,1,2,2,2,2,0,1,2,1
138,5473.132,2316.810,99.417,-122.226,-0.534021,0.843605,0.056139,-0.845374,-0.531775,-0.050579,-0.012815,-0.074469,0.997141,0,0.83285,-0.25036,49.971,-0.501,-1,350.000,-1,375.000,525.000,300.000,300.000,275.000,200.000,-1,-1,-1,-1,650.000,525.000,-1,500.000,2,0,2,0,1,0,0,0,1,2,2,2,2,0,1,2,1
