timestep,x_cm,y_cm,z_cm,yaw_deg,basis_xx,basis_xy,basis_xz,basis_yx,basis_yy,basis_yz,basis_zx,basis_zy,basis_zz,teleport_flag,throttle_cmd,steering_cmd,cmd_move_cm,cmd_turn_deg,lidar_cm_0,lidar_cm_1,lidar_cm_2,lidar_cm_3,lidar_cm_4,lidar_cm_5,lidar_cm_6,lidar_cm_7,lidar_cm_8,lidar_cm_9,lidar_cm_10,lidar_cm_11,lidar_cm_12,lidar_cm_13,lidar_cm_14,lidar_cm_15,lidar_cm_16,lidar_class_0,lidar_class_1,lidar_class_2,lidar_class_3,lidar_class_4,lidar_class_5,lidar_class_6,lidar_class_7,lidar_class_8,lidar_class_9,lidar_class_10,lidar_class_11,lidar_class_12,lidar_class_13,lidar_class_14,lidar_class_15,lidar_class_16
0,-326.067,-6235.764,242.788,-66.691,0.395717,0.918370,-0.002287,-0.918352,0.395691,-0.007615,-0.006088,0.005114,0.999968,1,0.08000,0.12000,4.800,0.240,-1,375.000,-1,425.000,-1,325.000,325.000,300.000,325.000,-1,-1,-1,-1,725.000,-1,-1,-1,2,0,2,0,2,0,0,0,0,2,2,2,2,0,2,2,2
1,-322.194,-6244.549,242.774,-66.211,0.403399,0.915021,-0.002414,-0.915002,0.403370,-0.008049,-0.006391,0.005455,0.999965,0,0.16000,0.24000,9.600,0.480,-1,375.000,-1,425.000,-1,325.000,325.000,300.000,325.000,-1,-1,-1,-1,700.000,-1,-1,-1,2,0,2,0,2,0,0,0,0,2,2,2,2,0,2,2,2
2,-316.220,-6257.651,242.761,-65.491,0.414870,0.909877,-0.002588,-0.909855,0.414835,-0.008681,-0.006825,0.005956,0.999959,0,0.24000,0.36000,14.400,0.720,-1,375.000,-1,425.000,-1,325.000,325.000,300.000,325.000,-1,-1,-1,-1,700.000,-1,-1,-1,2,0,2,0,2,0,0,0,0,2,2,2,2,0,2,2,2
3,-307.964,-6274.985,242.756,-64.531,0.430061,0.902796,-0.002790,-0.902770,0.430019,-0.009488,-0.007366,0.006599,0.999951,0,0.32000,0.48000,19.200,0.960,-1,375.000,-1,425.000,-1,325.000,325.000,300.000,325.000,-1,-1,-1,-1,700.000,1000.000,-1,-1,2,0,2,0,2,0,0,0,0,2,2,2,2,0,0,2,2
4,-297.252,-6296.462,242.764,-63.492,0.446357,0.894850,-0.003023,-0.894819,0.446306,-0.010459,-0.008010,0.007374,0.999941,0,0.40000,0.51916,24.000,1.038,-1,375.000,-1,425.000,-1,300.000,325.000,300.000,325.000,-1,-1,-1,-1,700.000,1000.000,-1,-1,2,0,2,0,2,0,0,0,0,2,2,2,2,0,0,2,2
5,-283.936,-6321.998,242.792,-62.459,0.462422,0.886654,-0.003285,-0.886617,0.462360,-0.011576,-0.008745,0.008265,0.999928,0,0.48000,0.51642,28.800,1.033,-1,375.000,-1,425.000,-1,300.000,325.000,300.000,325.000,-1,-1,-1,-1,675.000,975.000,-1,-1,2,0,2,0,2,0,0,0,0,2,2,2,2,0,0,2,2
6,-267.869,-6351.508,242.856,-61.433,0.478244,0.878220,-0.003561,-0.878175,0.478168,-0.012808,-0.009545,0.009253,0.999912,0,0.56000,0.51329,33.600,1.027,-1,375.000,-1,425.000,-1,300.000,325.000,300.000,325.000,-1,-1,-1,-1,675.000,975.000,-1,-1,2,0,2,0,2,0,0,0,0,2,2,2,2,0,0,2,2
7,-248.909,-6384.901,243.032,-60.413,0.493803,0.869566,-0.003740,-0.869514,0.493714,-0.013869,-0.010213,0.010101,0.999897,0,0.64000,0.50976,38.400,1.020,-1,375.000,-1,425.000,-1,300.000,325.000,300.000,325.000,-1,-1,-1,-1,675.000,950.000,-1,-1,2,0,2,0,2,0,0,0,0,2,2,2,2,0,0,2,2
8,-226.919,-6422.085,242.755,-59.402,0.509098,0.860685,-0.006398,-0.860658,0.508973,-0.014600,-0.009309,0.012939,0.999873,0,0.72000,0.50583,43.200,1.012,-1,375.000,-1,425.000,-1,300.000,325.000,300.000,325.000,-1,-1,-1,-1,675.000,950.000,-1,-1,2,0,2,0,2,0,0,0,0,2,2,2,2,0,0,2,2
9,-201.766,-6462.967,242.489,-58.399,0.524099,0.851605,-0.009493,-0.851619,0.523937,-0.015345,-0.008094,0.016126,0.999837,0,0.80000,0.50148,48.000,1.003,-1,375.000,-1,425.000,-1,300.000,325.000,300.000,325.000,-1,-1,-1,-1,675.000,950.000,-1,-1,2,0,2,0,2,0,0,0,0,2,2,2,2,0,0,2,2
10,-173.323,-6507.451,242.008,-57.405,0.538810,0.842323,-0.013237,-0.842393,0.538580,-0.017488,-0.007601,0.020573,0.999759,0,0.88000,0.49675,52.800,0.993,-1,375.000,-1,425.000,-1,300.000,325.000,300.000,325.000,-1,-1,-1,-1,675.000,950.000,-1,-1,2,0,2,0,2,0,0,0,0,2,2,2,2,0,0,2,2
11,-143.227,-6552.781,241.411,-56.421,0.553242,0.832842,-0.017254,-0.832985,0.552909,-0.020664,-0.007670,0.025805,0.999638,0,0.90685,0.49237,54.411,0.985,-1,375.000,-1,425.000,-1,300.000,325.000,325.000,325.000,-1,-1,-1,-1,675.000,925.000,-1,-1,2,0,2,0,2,0,0,0,1,2,2,2,2,0,0,2,2
12,-112.466,-6597.433,240.950,-55.439,0.567465,0.823128,-0.021047,-0.823362,0.567019,-0.023750,-0.007615,0.030807,0.999496,0,0.90371,0.49093,54.222,0.982,-1,375.000,-1,425.000,-1,300.000,325.000,325.000,300.000,-1,-1,-1,-1,675.000,900.000,-1,-1,2,0,2,0,2,0,0,0,1,2,2,2,2,0,0,2,2
13,-81.066,-6641.385,240.624,-54.459,0.581483,0.813186,-0.024619,-0.813524,0.580916,-0.026735,-0.007439,0.035574,0.999339,0,0.90027,0.48977,54.016,0.980,-1,375.000,-1,425.000,-1,325.000,325.000,325.000,300.000,-1,-1,-1,-1,650.000,875.000,-1,-1,2,0,2,0,2,0,0,0,1,2,2,2,2,0,0,2,2
14,-49.051,-6684.618,240.298,-53.481,0.595252,0.803033,-0.028506,-0.803520,0.594619,-0.028003,-0.005537,0.039574,0.999201,0,0.89660,0.48889,53.796,0.978,-1,375.000,-1,425.000,-1,325.000,325.000,325.000,300.000,-1,-1,-1,-1,675.000,875.000,-1,-1,2,0,2,0,2,0,0,0,1,2,2,2,2,0,0,2,2
15,-16.445,-6727.115,240.057,-52.505,0.608809,0.792666,-0.032134,-0.793310,0.608129,-0.028960,-0.003415,0.043123,0.999064,0,0.89275,0.48828,53.565,0.977,-1,375.000,-1,425.000,-1,325.000,325.000,325.000,300.000,-1,-1,-1,-1,675.000,875.000,-1,-1,2,0,2,0,2,0,0,0,1,2,2,2,2,0,0,2,2
16,16.733,-6768.865,239.963,-51.529,0.622167,0.782075,-0.035581,-0.782883,0.621448,-0.029932,-0.001297,0.046479,0.998918,0,0.88879,0.48796,53.328,0.976,-1,375.000,-1,425.000,-1,325.000,325.000,325.000,300.000,-1,-1,850.000,-1,675.000,850.000,-1,-1,2,0,2,0,2,0,0,0,1,2,2,0,2,0,0,2,2
17,50.465,-6809.858,239.995,-50.553,0.635336,0.771264,-0.038734,-0.772236,0.634584,-0.030911,0.000739,0.049551,0.998771,0,0.88480,0.48792,53.088,0.976,-1,375.000,-1,425.000,-1,325.000,325.000,325.000,325.000,-1,-1,425.000,-1,675.000,850.000,-1,-1,2,0,2,0,2,0,0,0,1,2,2,0,2,0,0,2,2
18,84.735,-6850.091,239.889,-49.577,0.648368,0.760287,-0.039786,-0.761325,0.647588,-0.031830,0.001564,0.050928,0.998701,0,0.88084,0.48816,52.851,0.976,-1,375.000,-1,400.000,-1,300.000,325.000,325.000,325.000,-1,-1,475.000,-1,650.000,825.000,-1,-1,2,0,2,0,2,0,0,0,0,2,2,0,2,0,0,2,2
19,119.534,-6889.561,239.985,-48.599,0.661227,0.749085,-0.040621,-0.750182,0.660423,-0.032678,0.002349,0.052081,0.998640,0,0.87699,0.48867,52.619,0.977,-1,375.000,-1,400.000,-1,300.000,325.000,325.000,325.000,-1,-1,500.000,-1,650.000,825.000,-1,-1,2,0,2,0,2,0,0,0,0,2,2,0,2,0,0,2,2
20,154.852,-6928.266,240.248,-47.620,0.673911,0.737652,-0.041395,-0.738806,0.673087,-0.033456,0.003183,0.053129,0.998583,0,0.87330,0.48945,52.398,0.979,-1,375.000,-1,400.000,-1,300.000,325.000,325.000,325.000,-1,-1,550.000,-1,650.000,800.000,-1,-1,2,0,2,0,2,0,0,0,0,2,2,0,2,0,0,2,2
21,190.686,-6966.209,240.507,-46.639,0.686398,0.725959,-0.042912,-0.727212,0.685559,-0.034231,0.004569,0.054702,0.998492,0,0.86983,0.49049,52.190,0.981,-1,350.000,-1,400.000,-1,300.000,325.000,325.000,325.000,-1,-1,575.000,-1,650.000,800.000,-1,-1,2,0,2,0,2,0,0,0,0,2,2,0,2,0,0,2,2
22,227.032,-7003.394,240.575,-45.656,0.698659,0.713973,-0.046022,-0.715420,0.697811,-0.035127,0.007035,0.057467,0.998323,0,0.86663,0.49178,51.998,0.984,-1,350.000,-1,400.000,-1,300.000,300.000,325.000,325.000,-1,700.000,550.000,-1,650.000,775.000,-1,-1,2,0,2,0,2,0,0,0,0,2,0,0,2,0,0,2,2
23,263.890,-7039.826,240.811,-44.669,0.710741,0.701742,-0.049050,-0.703389,0.709890,-0.036039,0.009530,0.060115,0.998146,0,0.86375,0.49330,51.825,0.987,-1,350.000,-1,400.000,-1,300.000,300.000,325.000,325.000,-1,675.000,525.000,-1,650.000,775.000,-1,-1,2,0,2,0,2,0,0,0,0,2,0,0,2,0,0,2,2
24,301.261,-7075.510,241.465,-43.679,0.722612,0.689303,-0.051888,-0.691135,0.721840,-0.035764,0.012802,0.061705,0.998012,0,0.86120,0.49505,51.672,0.990,-1,350.000,-1,400.000,-1,300.000,300.000,325.000,325.000,-1,650.000,475.000,775.000,650.000,750.000,-1,-1,2,0,2,0,2,0,0,0,0,2,0,0,1,0,0,2,2
25,339.149,-7110.451,242.327,-42.685,0.734299,0.676621,-0.054669,-0.678632,0.733629,-0.035300,0.016223,0.063021,0.997880,0,0.85901,0.49702,51.541,0.994,-1,375.000,-1,400.000,-1,300.000,300.000,325.000,325.000,-1,600.000,400.000,725.000,650.000,750.000,-1,-1,2,0,2,0,2,0,0,0,0,2,0,0,1,0,0,2,2
26,377.559,-7144.655,243.356,-41.687,0.745805,0.663685,-0.057414,-0.665874,0.745251,-0.034825,0.019675,0.064203,0.997743,0,0.85720,0.49919,51.432,0.998,-1,375.000,-1,400.000,-1,300.000,300.000,325.000,325.000,-1,550.000,300.000,700.000,675.000,750.000,-1,-1,2,0,2,0,2,0,0,0,0,2,0,0,1,0,0,2,2
27,416.497,-7178.124,244.429,-40.684,0.757176,0.650432,-0.060183,-0.652839,0.756634,-0.036148,0.022025,0.066660,0.997533,0,0.85576,0.50155,51.346,1.003,-1,375.000,-1,400.000,-1,300.000,300.000,325.000,325.000,-1,550.000,225.000,675.000,675.000,750.000,-1,-1,2,0,2,0,2,0,0,0,0,2,0,0,1,0,0,2,2
28,455.969,-7210.863,245.723,-39.675,0.768371,0.636910,-0.062855,-0.639544,0.767831,-0.037666,0.024273,0.069140,0.997312,0,0.85471,0.50409,51.283,1.008,-1,375.000,-1,375.000,-1,300.000,300.000,325.000,325.000,-1,550.000,225.000,700.000,675.000,725.000,-1,-1,2,0,2,0,2,0,0,0,0,2,0,0,1,0,0,2,2
29,492.142,-7240.055,247.024,-38.907,0.776720,0.626463,-0.065189,-0.629302,0.776183,-0.038988,0.026174,0.071307,0.997111,0,0.77471,0.38409,46.483,0.768,-1,375.000,-1,375.000,-1,300.000,300.000,325.000,325.000,-1,550.000,275.000,700.000,700.000,725.000,-1,-1,2,0,2,0,2,0,0,0,0,2,0,0,1,0,0,2,2
30,524.819,-7265.932,248.283,-38.379,0.782354,0.619194,-0.067234,-0.622217,0.781815,-0.040137,0.027712,0.073235,0.996930,0,0.69471,0.26409,41.683,0.528,-1,375.000,-1,375.000,-1,300.000,300.000,325.000,325.000,-1,550.000,300.000,725.000,700.000,725.000,-1,-1,2,0,2,0,2,0,0,0,0,2,0,0,1,0,0,2,2
31,554.180,-7288.944,249.472,-38.091,0.785363,0.615173,-0.069049,-0.618362,0.784816,-0.041143,0.028881,0.075009,0.996765,0,0.62176,0.14409,37.305,0.288,-1,375.000,-1,375.000,-1,300.000,300.000,325.000,325.000,-1,550.000,325.000,750.000,700.000,725.000,-1,-1,2,0,2,0,2,0,0,0,0,2,0,0,1,0,0,2,2
32,583.580,-7311.948,250.493,-38.043,0.785779,0.614465,-0.070601,-0.617775,0.785272,-0.041245,0.030098,0.076025,0.996652,0,0.62215,0.02409,37.329,0.048,-1,375.000,-1,375.000,-1,300.000,300.000,325.000,350.000,-1,525.000,325.000,775.000,700.000,725.000,-1,-1,2,0,2,0,2,0,0,0,0,2,0,0,1,0,0,2,2
33,613.022,-7334.959,251.462,-38.011,0.786005,0.614007,-0.072047,-0.617416,0.785574,-0.040865,0.031507,0.076603,0.996564,0,0.62281,0.01571,37.368,0.031,-1,375.000,-1,375.000,-1,300.000,300.000,325.000,350.000,-1,500.000,350.000,775.000,700.000,725.000,-1,-1,2,0,2,0,2,0,0,0,0,2,0,0,1,0,0,2,2
34,642.516,-7357.980,252.487,-37.975,0.786280,0.613487,-0.073473,-0.616994,0.785926,-0.040485,0.032907,0.077164,0.996475,0,0.62357,0.01802,37.414,0.036,-1,375.000,-1,375.000,-1,300.000,300.000,325.000,350.000,-1,450.000,350.000,800.000,725.000,725.000,-1,-1,2,0,2,0,2,0,0,0,0,2,0,0,1,0,0,2,2
35,672.066,-7381.012,253.569,-37.935,0.786603,0.612902,-0.074879,-0.616505,0.786329,-0.040103,0.034301,0.077709,0.996386,0,0.62442,0.02037,37.465,0.041,-1,375.000,-1,375.000,-1,300.000,300.000,325.000,350.000,-1,400.000,350.000,825.000,725.000,725.000,-1,-1,2,0,2,0,2,0,0,0,0,2,0,0,1,0,0,2,2
36,701.679,-7404.055,254.710,-37.889,0.786976,0.612251,-0.076266,-0.615950,0.786783,-0.039720,0.035686,0.078235,0.996296,0,0.62537,0.02277,37.522,0.046,-1,375.000,-1,375.000,-1,300.000,300.000,325.000,350.000,-1,400.000,375.000,850.000,725.000,725.000,-1,-1,2,0,2,0,2,0,0,0,0,2,0,0,1,0,0,2,2
37,731.362,-7427.110,255.911,-37.839,0.787401,0.611535,-0.077623,-0.615326,0.787290,-0.039334,0.037058,0.078735,0.996207,0,0.62640,0.02520,37.584,0.050,-1,375.000,-1,375.000,-1,300.000,300.000,325.000,350.000,-1,425.000,375.000,875.000,750.000,725.000,-1,-1,2,0,2,0,2,0,0,0,0,2,0,0,1,0,0,2,2
38,761.119,-7450.178,257.363,-37.783,0.787937,0.610784,-0.078095,-0.614591,0.787894,-0.038738,0.037870,0.078519,0.996193,0,0.62752,0.02768,37.651,0.055,-1,375.000,-1,375.000,-1,300.000,325.000,325.000,350.000,-1,450.000,400.000,900.000,775.000,725.000,-1,-1,2,0,2,0,2,0,0,0,0,2,0,0,1,0,0,2,2
39,790.957,-7473.259,258.878,-37.723,0.788527,0.609965,-0.078532,-0.613783,0.788553,-0.038135,0.038666,0.078272,0.996182,0,0.62872,0.03020,37.723,0.060,-1,375.000,-1,375.000,-1,300.000,325.000,325.000,350.000,-1,475.000,425.000,925.000,800.000,725.000,-1,-1,2,0,2,0,2,0,0,0,0,2,0,0,1,0,0,2,2
40,820.882,-7496.352,260.457,-37.657,0.789174,0.609076,-0.078935,-0.612902,0.789267,-0.037524,0.039446,0.077992,0.996173,0,0.62999,0.03275,37.800,0.066,-1,375.000,-1,375.000,-1,325.000,325.000,325.000,350.000,-1,500.000,450.000,975.000,800.000,725.000,-1,-1,2,0,2,0,2,0,0,0,0,2,0,0,1,0,0,2,2
41,850.899,-7519.458,262.100,-37.587,0.789876,0.608117,-0.079303,-0.611947,0.790038,-0.036904,0.040210,0.077679,0.996167,0,0.63134,0.03534,37.880,0.071,-1,375.000,-1,375.000,-1,325.000,325.000,325.000,350.000,-1,525.000,475.000,1000.000,825.000,725.000,-1,-1,2,0,2,0,2,0,0,0,0,2,0,0,1,0,0,2,2
42,881.015,-7542.575,263.790,-37.511,0.790639,0.607082,-0.079633,-0.610916,0.790860,-0.036370,0.040899,0.077405,0.996161,0,0.63276,0.03797,37.966,0.076,-1,375.000,-1,375.000,-1,325.000,325.000,325.000,350.000,-1,550.000,500.000,-1,850.000,725.000,-1,-1,2,0,2,0,2,0,0,0,0,2,0,0,2,0,0,2,2
43,915.082,-7568.428,265.426,-37.195,0.793884,0.602692,-0.080688,-0.606607,0.794169,-0.036391,0.042147,0.077836,0.996075,0,0.71276,0.15797,42.766,0.316,-1,375.000,-1,375.000,-1,325.000,325.000,325.000,350.000,-1,575.000,525.000,-1,875.000,725.000,-1,-1,2,0,2,0,2,0,0,0,0,2,0,0,2,0,0,2,2
44,953.249,-7596.813,267.259,-36.639,0.799624,0.594963,-0.081365,-0.598922,0.799986,-0.036265,0.043514,0.077730,0.996024,0,0.79276,0.27797,47.566,0.556,-1,375.000,-1,375.000,-1,325.000,300.000,325.000,350.000,-1,600.000,550.000,-1,900.000,725.000,-1,-1,2,0,2,0,2,0,0,0,0,2,0,0,2,0,0,2,2
45,995.698,-7627.476,269.451,-35.843,0.807731,0.583807,-0.082095,-0.587809,0.808194,-0.036081,0.045284,0.077400,0.995971,0,0.87276,0.39797,52.366,0.796,-1,375.000,-1,375.000,-1,300.000,300.000,325.000,325.000,-1,625.000,575.000,-1,925.000,725.000,-1,-1,2,0,2,0,2,0,0,0,0,2,0,0,2,0,0,2,2
46,1040.841,-7658.860,271.962,-34.807,0.818068,0.569128,-0.082814,-0.573164,0.818657,-0.035820,0.047410,0.076770,0.995921,0,0.91635,0.51797,54.981,1.036,-1,400.000,-1,375.000,-1,300.000,300.000,325.000,325.000,-1,650.000,625.000,-1,975.000,725.000,-1,-1,2,0,2,0,2,0,0,0,0,2,0,0,2,0,0,2,2
47,1086.737,-7689.414,274.701,-33.652,0.829294,0.552545,-0.083455,-0.556601,0.830022,-0.035476,0.049668,0.075871,0.995880,0,0.91895,0.57761,55.137,1.155,-1,400.000,-1,375.000,-1,300.000,300.000,325.000,325.000,-1,675.000,650.000,-1,1000.000,775.000,-1,-1,2,0,2,0,2,0,0,0,0,2,0,0,2,0,0,2,2
48,1133.385,-7719.119,277.599,-32.488,0.840261,0.535630,-0.084034,-0.539672,0.841160,-0.034690,0.052105,0.074500,0.995859,0,0.92173,0.58186,55.304,1.164,-1,425.000,-1,375.000,-1,325.000,300.000,325.000,325.000,-1,700.000,675.000,-1,-1,800.000,-1,-1,2,0,2,0,2,0,0,0,0,2,0,0,2,2,0,2,2
49,1180.784,-7747.957,280.673,-31.316,0.850962,0.518375,-0.084561,-0.522375,0.852055,-0.033557,0.054656,0.072728,0.995853,0,0.92471,0.58619,55.483,1.172,-1,425.000,-1,375.000,-1,325.000,300.000,325.000,325.000,-1,725.000,725.000,-1,-1,825.000,-1,-1,2,0,2,0,2,0,0,0,0,2,0,0,2,2,0,2,2
50,1228.930,-7775.907,283.871,-30.134,0.861427,0.500785,-0.084605,-0.504683,0.862708,-0.032098,0.056915,0.070349,0.995897,0,0.92786,0.59062,55.672,1.181,-1,450.000,-1,400.000,-1,350.000,325.000,325.000,325.000,-1,750.000,750.000,-1,-1,850.000,-1,-1,2,0,2,0,2,0,0,0,0,2,0,0,2,2,0,2,2
51,1277.731,-7802.906,286.627,-28.949,0.871820,0.482997,-0.081512,-0.486490,0.873199,-0.029188,0.057078,0.065101,0.996245,0,0.92953,0.59290,55.772,1.186,-1,450.000,-1,400.000,-1,350.000,325.000,325.000,325.000,-1,825.000,825.000,-1,-1,875.000,-1,-1,2,0,2,0,2,0,0,0,0,2,0,0,2,2,0,2,2
52,1327.079,-7828.890,289.549,-27.763,0.881848,0.464985,-0.078313,-0.468062,0.883315,-0.025927,0.057119,0.059518,0.996592,0,0.92953,0.59290,55.772,1.186,-1,450.000,-1,400.000,-1,350.000,325.000,325.000,325.000,-1,900.000,925.000,-1,-1,900.000,-1,-1,2,0,2,0,2,0,0,0,0,2,0,0,2,2,0,2,2
53,1376.956,-7853.846,292.508,-26.577,0.891521,0.446745,-0.074903,-0.449422,0.893026,-0.022891,0.056664,0.054071,0.996928,0,0.92953,0.59290,55.772,1.186,-1,450.000,-1,425.000,-1,350.000,350.000,300.000,325.000,-1,1000.000,-1,-1,-1,900.000,-1,-1,2,0,2,0,2,0,0,0,0,2,0,2,2,2,0,2,2
54,1427.338,-7877.764,295.420,-25.391,0.900766,0.428279,-0.072089,-0.430615,0.902314,-0.019993,0.056484,0.049052,0.997198,0,0.92953,0.59290,55.772,1.186,-1,450.000,-1,425.000,-1,350.000,350.000,300.000,350.000,-1,-1,-1,-1,-1,925.000,-1,-1,2,0,2,0,2,0,0,0,0,2,2,2,2,2,0,2,2
55,1473.914,-7898.469,297.536,-23.965,0.911400,0.405745,-0.068717,-0.407897,0.912804,-0.020251,0.054509,0.046486,0.997431,0,0.84953,0.71290,50.972,1.426,-1,450.000,-1,425.000,-1,350.000,350.000,300.000,325.000,-1,-1,-1,-1,-1,925.000,-1,-1,2,0,2,0,2,0,0,0,0,2,2,2,2,2,0,2,2
56,1520.314,-7917.674,299.217,-22.483,0.921903,0.382012,-0.064511,-0.384056,0.923035,-0.022504,0.050949,0.045523,0.997663,0,0.83697,0.74118,50.218,1.482,-1,450.000,-1,425.000,-1,350.000,350.000,300.000,325.000,-1,-1,-1,-1,-1,900.000,-1,-1,2,0,2,0,2,0,0,0,0,2,2,2,2,2,0,2,2
57,1567.195,-7935.672,300.917,-21.001,0.931768,0.358034,-0.060168,-0.359920,0.932680,-0.023794,0.047599,0.043827,0.997905,0,0.83697,0.74118,50.218,1.482,-1,450.000,-1,425.000,-1,350.000,350.000,300.000,325.000,-1,-1,-1,-1,-1,875.000,-1,-1,2,0,2,0,2,0,0,0,0,2,2,2,2,2,0,2,2
58,1614.526,-7952.451,302.760,-19.518,0.941001,0.333813,-0.055542,-0.335525,0.941706,-0.024763,0.044038,0.041938,0.998149,0,0.83697,0.74118,50.218,1.482,-1,450.000,-1,425.000,-1,350.000,325.000,300.000,300.000,-1,-1,-1,-1,1000.000,850.000,-1,-1,2,0,2,0,2,0,0,0,0,2,2,2,2,0,0,2,2
59,1662.276,-7968.001,304.739,-18.036,0.949593,0.309367,-0.050656,-0.310889,0.950107,-0.025403,0.040270,0.039871,0.998393,0,0.83697,0.74118,50.218,1.482,-1,425.000,-1,400.000,-1,350.000,325.000,300.000,300.000,-1,-1,-1,-1,950.000,825.000,-1,-1,2,0,2,0,2,0,0,0,0,2,2,2,2,0,0,2,2
60,1710.411,-7982.310,306.847,-16.554,0.957532,0.284710,-0.045532,-0.286034,0.957875,-0.025708,0.036295,0.037640,0.998632,0,0.83697,0.74118,50.218,1.482,-1,425.000,-1,400.000,-1,350.000,325.000,325.000,300.000,-1,-1,-1,-1,925.000,800.000,-1,-1,2,0,2,0,2,0,0,0,0,2,2,2,2,0,0,2,2
61,1758.901,-7995.369,309.077,-15.071,0.964810,0.259858,-0.040195,-0.260979,0.965003,-0.025674,0.032117,0.035261,0.998862,0,0.83697,0.74118,50.218,1.482,-1,425.000,-1,400.000,-1,325.000,325.000,325.000,275.000,-1,-1,-1,-1,900.000,800.000,-1,-1,2,0,2,0,2,0,0,0,0,2,2,2,2,0,0,2,2
62,1807.712,-8007.169,311.419,-13.589,0.971419,0.234827,-0.034668,-0.235746,0.971485,-0.025298,0.027739,0.032747,0.999079,0,0.83697,0.74118,50.218,1.482,-1,425.000,-1,400.000,-1,325.000,325.000,325.000,300.000,-1,-1,-1,-1,875.000,775.000,-1,-1,2,0,2,0,2,0,0,0,0,2,2,2,2,0,0,2,2
63,1856.813,-8017.703,313.866,-12.106,0.977350,0.209634,-0.028976,-0.210356,0.977316,-0.024578,0.023167,0.030116,0.999278,0,0.83697,0.74118,50.218,1.482,-1,400.000,-1,400.000,-1,325.000,325.000,325.000,300.000,-1,-1,-1,-1,850.000,750.000,-1,-1,2,0,2,0,2,0,0,0,0,2,2,2,2,0,0,2,2
64,1906.170,-8026.963,316.324,-10.624,0.982592,0.184296,-0.023423,-0.184838,0.982486,-0.023592,0.018665,0.027510,0.999447,0,0.83697,0.74118,50.218,1.482,-1,400.000,-1,400.000,-1,325.000,325.000,325.000,300.000,-1,-1,-1,-1,800.000,750.000,-1,-1,2,0,2,0,2,0,0,0,0,2,2,2,2,0,0,2,2
65,1955.749,-8034.943,318.171,-9.142,0.987112,0.158838,-0.019488,-0.159215,0.987048,-0.019641,0.016116,0.022491,0.999617,0,0.83697,0.74118,50.218,1.482,-1,400.000,-1,400.000,-1,325.000,325.000,300.000,325.000,-1,-1,-1,-1,800.000,750.000,-1,-1,2,0,2,0,2,0,0,0,0,2,2,2,2,0,0,2,2
66,2005.519,-8041.638,319.697,-7.659,0.990938,0.133261,-0.016836,-0.133538,0.990906,-0.016523,0.014481,0.018622,0.999722,0,0.83697,0.74118,50.218,1.482,-1,400.000,-1,400.000,-1,325.000,325.000,300.000,325.000,-1,-1,-1,-1,775.000,750.000,-1,-1,2,0,2,0,2,0,0,0,0,2,2,2,2,0,0,2,2
67,2055.446,-8047.041,320.328,-6.177,0.994051,0.107584,-0.016987,-0.107862,0.994031,-0.016381,0.015124,0.018116,0.999722,0,0.83697,0.74118,50.218,1.482,-1,400.000,-1,400.000,-1,325.000,325.000,300.000,325.000,-1,-1,-1,-1,775.000,750.000,-1,-1,2,0,2,0,2,0,0,0,0,2,2,2,2,0,0,2,2
68,2105.495,-8051.152,321.008,-4.695,0.996500,0.081834,-0.017039,-0.082110,0.996492,-0.016162,0.015657,0.017504,0.999724,0,0.83697,0.74118,50.218,1.482,-1,400.000,-1,400.000,-1,325.000,325.000,300.000,300.000,-1,-1,-1,-1,775.000,750.000,-1,-1,2,0,2,0,2,0,0,0,0,2,2,2,2,0,0,2,2
69,2155.634,-8053.966,321.731,-3.212,0.998284,0.056029,-0.017005,-0.056300,0.998288,-0.015865,0.016087,0.016795,0.999730,0,0.83697,0.74118,50.218,1.482,-1,400.000,-1,400.000,-1,325.000,325.000,300.000,300.000,-1,-1,-1,-1,775.000,750.000,-1,-1,2,0,2,0,2,0,0,0,0,2,2,2,2,0,0,2,2
70,2205.830,-8055.482,322.493,-1.730,0.999402,0.030186,-0.016895,-0.030448,0.999416,-0.015497,0.016417,0.016002,0.999737,0,0.83697,0.74118,50.218,1.482,-1,400.000,-1,400.000,-1,325.000,325.000,300.000,300.000,-1,-1,-1,-1,775.000,750.000,-1,-1,2,0,2,0,2,0,0,0,0,2,2,2,2,0,0,2,2
71,2256.047,-8055.699,323.289,-0.248,0.999851,0.004322,-0.016720,-0.004574,0.999876,-0.015062,0.016652,0.015137,0.999747,0,0.83697,0.74118,50.218,1.482,-1,400.000,-1,400.000,-1,325.000,325.000,300.000,300.000,-1,-1,-1,-1,750.000,750.000,-1,-1,2,0,2,0,2,0,0,0,0,2,2,2,2,0,0,2,2
72,2306.254,-8054.617,324.114,1.235,0.999632,-0.021546,-0.016488,0.021306,0.999667,-0.014569,0.016796,0.014213,0.999758,0,0.83697,0.74118,50.218,1.482,-1,400.000,-1,400.000,-1,325.000,325.000,300.000,300.000,-1,-1,-1,-1,750.000,750.000,-1,-1,2,0,2,0,2,0,0,0,0,2,2,2,2,0,0,2,2
73,2356.415,-8052.237,324.963,2.717,0.998744,-0.047399,-0.016209,0.047174,0.998788,-0.014026,0.016854,0.013243,0.999770,0,0.83697,0.74118,50.218,1.482,-1,400.000,-1,400.000,-1,325.000,325.000,300.000,300.000,-1,-1,-1,-1,750.000,750.000,-1,-1,2,0,2,0,2,0,0,0,0,2,2,2,2,0,0,2,2
74,2406.499,-8048.560,325.832,4.199,0.997189,-0.073222,-0.015890,0.073012,0.997241,-0.013440,0.016830,0.012242,0.999783,0,0.83697,0.74118,50.218,1.482,-1,400.000,-1,400.000,-1,325.000,325.000,300.000,300.000,-1,-1,-1,-1,750.000,750.000,-1,-1,2,0,2,0,2,0,0,0,0,2,2,2,2,0,0,2,2
75,2456.470,-8043.588,326.714,5.682,0.994966,-0.098997,-0.015538,0.098802,0.995024,-0.012822,0.016730,0.011222,0.999797,0,0.83697,0.74118,50.218,1.482,-1,400.000,-1,400.000,-1,325.000,325.000,300.000,300.000,-1,-1,-1,-1,725.000,750.000,-1,-1,2,0,2,0,2,0,0,0,0,2,2,2,2,0,0,2,2
76,2506.296,-8037.326,327.605,7.164,0.992078,-0.124705,-0.015158,0.124527,0.992141,-0.012181,0.016558,0.010197,0.999811,0,0.83697,0.74118,50.218,1.482,-1,400.000,-1,400.000,-1,325.000,325.000,300.000,300.000,-1,-1,-1,-1,725.000,750.000,-1,-1,2,0,2,0,2,0,0,0,0,2,2,2,2,0,0,2,2
77,2555.944,-8029.776,328.501,8.646,0.988526,-0.150331,-0.014757,0.150169,0.988593,-0.011528,0.016322,0.009179,0.999825,0,0.83697,0.74118,50.218,1.482,-1,400.000,-1,400.000,-1,325.000,325.000,300.000,300.000,-1,-1,-1,-1,725.000,750.000,-1,-1,2,0,2,0,2,0,0,0,0,2,2,2,2,0,0,2,2
78,2605.379,-8020.945,329.350,10.129,0.984310,-0.175856,-0.014416,0.175706,0.984381,-0.011060,0.016136,0.008354,0.999835,0,0.83697,0.74118,50.218,1.482,-1,375.000,-1,400.000,-1,325.000,325.000,300.000,300.000,-1,-1,-1,-1,725.000,750.000,-1,-1,2,0,2,0,2,0,0,0,0,2,2,2,2,0,0,2,2
79,2654.570,-8010.838,330.187,11.611,0.979435,-0.201263,-0.014142,0.201124,0.979508,-0.010643,0.015995,0.007580,0.999843,0,0.83697,0.74118,50.218,1.482,-1,375.000,-1,375.000,-1,325.000,325.000,300.000,300.000,-1,-1,-1,-1,700.000,750.000,-1,-1,2,0,2,0,2,0,0,0,0,2,2,2,2,0,0,2,2
80,2703.482,-7999.461,331.055,13.094,0.973900,-0.226536,-0.014114,0.226406,0.973979,-0.010215,0.016061,0.006753,0.999848,0,0.83697,0.74118,50.218,1.482,-1,375.000,-1,375.000,-1,325.000,325.000,300.000,300.000,-1,-1,-1,-1,700.000,750.000,-1,-1,2,0,2,0,2,0,0,0,0,2,2,2,2,0,0,2,2
81,2752.084,-7986.823,332.082,14.576,0.967708,-0.251657,-0.014497,0.251523,0.967795,-0.010417,0.016652,0.006434,0.999841,0,0.83697,0.74118,50.218,1.482,-1,375.000,-1,375.000,-1,300.000,325.000,300.000,300.000,-1,-1,-1,-1,700.000,750.000,-1,-1,2,0,2,0,2,0,0,0,0,2,2,2,2,0,0,2,2
82,2800.343,-7972.932,333.136,16.058,0.960866,-0.276609,-0.014950,0.276471,0.960963,-0.010641,0.017310,0.006091,0.999832,0,0.83697,0.74118,50.218,1.482,-1,375.000,-1,375.000,-1,300.000,325.000,300.000,300.000,-1,-1,-1,-1,700.000,725.000,-1,-1,2,0,2,0,2,0,0,0,0,2,2,2,2,0,0,2,2
83,2848.226,-7957.797,334.219,17.541,0.953380,-0.301376,-0.015480,0.301234,0.953488,-0.010896,0.018044,0.005725,0.999821,0,0.83697,0.74118,50.218,1.482,-1,375.000,-1,375.000,-1,300.000,325.000,300.000,300.000,-1,-1,-1,-1,700.000,725.000,-1,-1,2,0,2,0,2,0,0,0,0,2,2,2,2,0,0,2,2
84,2895.702,-7941.429,335.329,19.023,0.945253,-0.325942,-0.016095,0.325794,0.945375,-0.011193,0.018864,0.005336,0.999808,0,0.83697,0.74118,50.218,1.482,-1,375.000,-1,375.000,-1,300.000,325.000,300.000,300.000,-1,-1,-1,-1,700.000,725.000,-1,-1,2,0,2,0,2,0,0,0,0,2,2,2,2,0,0,2,2
85,2942.738,-7923.838,336.465,20.505,0.936491,-0.350290,-0.016798,0.350134,0.936628,-0.011541,0.019777,0.004926,0.999792,0,0.83697,0.74118,50.218,1.482,-1,375.000,-1,375.000,-1,300.000,325.000,325.000,300.000,-1,-1,-1,-1,700.000,725.000,-1,-1,2,0,2,0,2,0,0,0,0,2,2,2,2,0,0,2,2
86,2989.304,-7905.036,337.617,21.988,0.927099,-0.374403,-0.017580,0.374240,0.927255,-0.011903,0.020757,0.004456,0.999775,0,0.83697,0.74118,50.218,1.482,-1,375.000,-1,375.000,-1,300.000,300.000,325.000,300.000,-1,-1,-1,-1,700.000,725.000,-1,-1,2,0,2,0,2,0,0,0,0,2,2,2,2,0,0,2,2
87,3032.942,-7886.305,338.711,23.230,0.918746,-0.394420,-0.018385,0.394250,0.918922,-0.012250,0.021726,0.004007,0.999756,0,0.79147,0.62118,47.488,1.242,-1,375.000,-1,375.000,-1,300.000,300.000,325.000,300.000,-1,-1,-1,-1,700.000,725.000,-1,-1,2,0,2,0,2,0,0,0,0,2,2,2,2,0,0,2,2
88,3076.246,-7866.815,339.820,24.232,0.911686,-0.410435,-0.019273,0.410256,0.911882,-0.012675,0.022777,0.003649,0.999734,0,0.79147,0.50118,47.488,1.002,-1,375.000,-1,375.000,-1,300.000,300.000,325.000,300.000,-1,-1,-1,-1,700.000,725.000,-1,-1,2,0,2,0,2,0,0,0,0,2,2,2,2,0,0,2,2
89,3119.287,-7846.749,340.939,24.995,0.906122,-0.422532,-0.020243,0.422340,0.906342,-0.013177,0.023915,0.003391,0.999708,0,0.79147,0.38118,47.488,0.762,-1,375.000,-1,375.000,-1,300.000,300.000,325.000,300.000,-1,-1,-1,-1,700.000,725.000,-1,-1,2,0,2,0,2,0,0,0,0,2,2,2,2,0,0,2,2
90,3162.143,-7826.292,342.075,25.517,0.902207,-0.430778,-0.021286,0.430571,0.902452,-0.013714,0.025117,0.003208,0.999679,0,0.79147,0.26118,47.488,0.522,-1,375.000,-1,375.000,-1,300.000,300.000,325.000,300.000,-1,-1,-1,-1,700.000,725.000,-1,-1,2,0,2,0,2,0,0,0,0,2,2,2,2,0,0,2,2
91,3204.897,-7805.624,343.236,25.799,0.900046,-0.435220,-0.022392,0.434998,0.900319,-0.014231,0.026354,0.003069,0.999648,0,0.79147,0.14118,47.488,0.282,-1,375.000,-1,375.000,-1,300.000,300.000,325.000,300.000,-1,-1,-1,-1,700.000,700.000,-1,-1,2,0,2,0,2,0,0,0,0,2,2,2,2,0,0,2,2
92,3247.637,-7784.925,344.446,25.842,0.899691,-0.435886,-0.023673,0.435649,0.899997,-0.014658,0.027695,0.002875,0.999612,0,0.79147,0.02118,47.488,0.042,-1,375.000,-1,375.000,-1,300.000,300.000,325.000,325.000,-1,-1,-1,-1,700.000,725.000,-1,-1,2,0,2,0,2,0,0,0,0,2,2,2,2,0,0,2,2
93,3290.386,-7764.246,345.688,25.815,0.899860,-0.435459,-0.025048,0.435208,0.900205,-0.015015,0.029087,0.002610,0.999573,0,0.79147,-0.01358,47.488,-0.027,-1,375.000,-1,375.000,-1,300.000,300.000,325.000,325.000,-1,-1,-1,-1,700.000,725.000,-1,-1,2,0,2,0,2,0,0,0,0,2,2,2,2,0,0,2,2
94,3333.145,-7743.587,346.959,25.787,0.900024,-0.435033,-0.026510,0.434770,0.900412,-0.015300,0.030525,0.002245,0.999531,0,0.79147,-0.01358,47.488,-0.027,-1,375.000,-1,375.000,-1,300.000,300.000,325.000,325.000,-1,800.000,875.000,-1,700.000,725.000,-1,-1,2,0,2,0,2,0,0,0,0,2,0,0,2,0,0,2,2
95,3375.914,-7722.948,348.348,25.760,0.900196,-0.434606,-0.027648,0.434328,0.900618,-0.015709,0.031728,0.002133,0.999494,0,0.79147,-0.01358,47.488,-0.027,-1,375.000,-1,375.000,-1,300.000,300.000,325.000,325.000,-1,725.000,750.000,-1,700.000,725.000,-1,-1,2,0,2,0,2,0,0,0,0,2,0,0,2,0,0,2,2
96,3418.692,-7702.329,349.889,25.733,0.900382,-0.434179,-0.028294,0.433879,0.900823,-0.016326,0.032577,0.002423,0.999466,0,0.79147,-0.01358,47.488,-0.027,-1,375.000,-1,375.000,-1,300.000,300.000,325.000,325.000,-1,700.000,725.000,-1,700.000,725.000,-1,-1,2,0,2,0,2,0,0,0,0,2,0,0,2,0,0,2,2
97,3461.481,-7681.731,351.534,25.706,0.900565,-0.433752,-0.029025,0.433420,0.901028,-0.017206,0.033616,0.002915,0.999431,0,0.79147,-0.01358,47.488,-0.027,-1,375.000,-1,375.000,-1,300.000,300.000,325.000,325.000,-1,700.000,700.000,-1,700.000,725.000,-1,-1,2,0,2,0,2,0,0,0,0,2,0,0,2,0,0,2,2
98,3504.279,-7661.153,353.253,25.679,0.900745,-0.433324,-0.029807,0.432956,0.901231,-0.018202,0.034750,0.003491,0.999390,0,0.79147,-0.01358,47.488,-0.027,-1,375.000,-1,375.000,-1,300.000,300.000,325.000,325.000,-1,675.000,675.000,-1,700.000,725.000,-1,-1,2,0,2,0,2,0,0,0,0,2,0,0,2,0,0,2,2
99,3547.087,-7640.596,355.013,25.652,0.900923,-0.432896,-0.030638,0.432490,0.901435,-0.019166,0.035915,0.004016,0.999347,0,0.79147,-0.01358,47.488,-0.027,-1,375.000,-1,375.000,-1,300.000,300.000,325.000,325.000,-1,675.000,675.000,-1,700.000,725.000,-1,-1,2,0,2,0,2,0,0,0,0,2,0,0,2,0,0,2,2
100,3589.904,-7620.058,356.807,25.625,0.901097,-0.432468,-0.031558,0.432025,0.901638,-0.020078,0.037137,0.004458,0.999300,0,0.79147,-0.01358,47.488,-0.027,-1,375.000,-1,375.000,-1,300.000,300.000,325.000,325.000,-1,675.000,650.000,-1,700.000,725.000,-1,-1,2,0,2,0,2,0,0,0,0,2,0,0,2,0,0,2,2
101,3632.732,-7599.541,358.644,25.597,0.901268,-0.432040,-0.032523,0.431558,0.901841,-0.020959,0.038385,0.004855,0.999251,0,0.79147,-0.01358,47.488,-0.027,-1,375.000,-1,375.000,-1,300.000,300.000,325.000,325.000,-1,650.000,650.000,-1,700.000,750.000,-1,-1,2,0,2,0,2,0,0,0,0,2,0,0,2,0,0,2,2
102,3675.569,-7579.044,360.523,25.570,0.901436,-0.431612,-0.033531,0.431092,0.902045,-0.021811,0.039661,0.005206,0.999200,0,0.79147,-0.01358,47.488,-0.027,-1,375.000,-1,375.000,-1,300.000,300.000,325.000,325.000,-1,650.000,625.000,-1,725.000,750.000,-1,-1,2,0,2,0,2,0,0,0,0,2,0,0,2,0,0,2,2
103,3718.415,-7558.568,362.444,25.543,0.901601,-0.431183,-0.034585,0.430624,0.902247,-0.022632,0.040962,0.005512,0.999145,0,0.79147,-0.01358,47.488,-0.027,-1,375.000,-1,375.000,-1,300.000,325.000,325.000,325.000,-1,650.000,625.000,-1,725.000,750.000,-1,-1,2,0,2,0,2,0,0,0,0,2,0,0,2,0,0,2,2
104,3761.272,-7538.112,364.408,25.516,0.901763,-0.430755,-0.035682,0.430157,0.902450,-0.023422,0.042290,0.005773,0.999089,0,0.79147,-0.01358,47.488,-0.027,-1,375.000,-1,400.000,-1,300.000,325.000,325.000,325.000,-1,650.000,625.000,-1,725.000,750.000,-1,-1,2,0,2,0,2,0,0,0,0,2,0,0,2,0,0,2,2
105,3804.138,-7517.676,366.423,25.489,0.901922,-0.430327,-0.036814,0.429690,0.902653,-0.024145,0.043621,0.005958,0.999030,0,0.79147,-0.01358,47.488,-0.027,-1,375.000,-1,400.000,-1,325.000,325.000,325.000,325.000,-1,650.000,625.000,-1,750.000,775.000,-1,-1,2,0,2,0,2,0,0,0,0,2,0,0,2,0,0,2,2
106,3847.014,-7497.260,368.502,25.462,0.902078,-0.429899,-0.037967,0.429229,0.902857,-0.024736,0.044913,0.006017,0.998973,0,0.79147,-0.01358,47.488,-0.027,-1,375.000,-1,400.000,-1,325.000,325.000,325.000,325.000,-1,650.000,600.000,-1,750.000,775.000,-1,-1,2,0,2,0,2,0,0,0,0,2,0,0,2,0,0,2,2
107,3889.899,-7476.865,370.572,25.434,0.902242,-0.429470,-0.038913,0.428764,0.903059,-0.025390,0.046046,0.006224,0.998920,0,0.79147,-0.01358,47.488,-0.027,-1,375.000,-1,400.000,-1,325.000,325.000,325.000,325.000,-1,650.000,600.000,-1,775.000,800.000,-1,-1,2,0,2,0,2,0,0,0,0,2,0,0,2,0,0,2,2
108,3932.794,-7456.490,372.615,25.407,0.902417,-0.429041,-0.039577,0.428295,0.903260,-0.026148,0.046966,0.006646,0.998874,0,0.79147,-0.01358,47.488,-0.027,-1,400.000,-1,400.000,-1,325.000,325.000,325.000,325.000,-1,650.000,600.000,-1,775.000,800.000,-1,-1,2,0,2,0,2,0,0,0,0,2,0,0,2,0,0,2,2
109,3979.942,-7433.880,374.826,25.620,0.900801,-0.432392,-0.039935,0.431601,0.901657,-0.027126,0.047737,0.007199,0.998834,0,0.87147,0.10642,52.288,0.213,-1,400.000,-1,400.000,-1,325.000,325.000,325.000,325.000,-1,650.000,600.000,-1,775.000,800.000,-1,-1,2,0,2,0,2,0,0,0,0,2,0,0,2,0,0,2,2
110,4031.220,-7408.789,377.333,26.073,0.897343,-0.439503,-0.040151,0.438664,0.898208,-0.028225,0.048469,0.007714,0.998795,0,0.95147,0.22642,57.088,0.453,-1,400.000,-1,400.000,-1,325.000,325.000,325.000,325.000,-1,650.000,625.000,-1,800.000,825.000,-1,-1,2,0,2,0,2,0,0,0,0,2,0,0,2,0,0,2,2
111,4083.460,-7382.439,380.037,26.766,0.891964,-0.450331,-0.040035,0.449443,0.892824,-0.029438,0.049001,0.008264,0.998765,0,0.97516,0.34642,58.509,0.693,-1,400.000,-1,400.000,-1,325.000,325.000,325.000,325.000,-1,700.000,650.000,-1,800.000,825.000,-1,-1,2,0,2,0,2,0,0,0,0,2,0,0,2,0,0,2,2
112,4135.265,-7355.243,382.722,27.699,0.884517,-0.464807,-0.039802,0.463903,0.885374,-0.030102,0.049232,0.008161,0.998754,0,0.97516,0.46642,58.509,0.933,-1,400.000,-1,400.000,-1,325.000,325.000,325.000,325.000,-1,725.000,675.000,-1,800.000,825.000,-1,-1,2,0,2,0,2,0,0,0,0,2,0,0,2,0,0,2,2
113,4186.693,-7326.886,385.468,28.872,0.874819,-0.482834,-0.039543,0.481929,0.875679,-0.030524,0.049365,0.007646,0.998752,0,0.97880,0.58642,58.728,1.173,-1,400.000,-1,400.000,-1,325.000,325.000,325.000,325.000,-1,775.000,725.000,-1,825.000,825.000,-1,-1,2,0,2,0,2,0,0,0,0,2,0,0,2,0,0,2,2
114,4237.608,-7297.153,388.310,30.284,0.862645,-0.504281,-0.039307,0.503384,0.863513,-0.030836,0.049492,0.006814,0.998751,0,0.98267,0.70642,58.960,1.413,-1,400.000,-1,400.000,-1,325.000,325.000,325.000,325.000,-1,825.000,775.000,-1,850.000,825.000,-1,-1,2,0,2,0,2,0,0,0,0,2,0,0,2,0,0,2,2
115,4287.834,-7265.845,391.061,31.937,0.847735,-0.528984,-0.038996,0.528154,0.848618,-0.030020,0.048973,0.004853,0.998788,0,0.98642,0.82642,59.185,1.653,-1,400.000,-1,400.000,-1,325.000,325.000,325.000,325.000,-1,900.000,875.000,-1,850.000,825.000,-1,-1,2,0,2,0,2,0,0,0,0,2,0,0,2,0,0,2,2
116,4337.202,-7232.813,393.789,33.787,0.830209,-0.556103,-0.038759,0.555383,0.831111,-0.028367,0.047988,0.002024,0.998846,0,0.99000,0.92478,59.400,1.850,-1,400.000,-1,400.000,-1,325.000,325.000,325.000,325.000,-1,1000.000,975.000,-1,850.000,825.000,-1,-1,2,0,2,0,2,0,0,0,0,2,0,0,2,0,0,2,2
117,4385.644,-7198.091,396.596,35.632,0.811856,-0.582573,-0.038714,0.581971,0.812778,-0.026489,0.046897,-0.001025,0.998899,0,0.99335,0.92244,59.601,1.845,-1,400.000,-1,400.000,-1,325.000,300.000,325.000,325.000,-1,-1,-1,-1,875.000,825.000,-1,-1,2,0,2,0,2,0,0,0,0,2,2,2,2,0,0,2,2
118,4431.974,-7162.418,399.294,37.596,0.791383,-0.610082,-0.038902,0.609582,0.792329,-0.024999,0.046075,-0.003930,0.998930,0,0.97454,0.98202,58.472,1.964,-1,400.000,-1,400.000,-1,325.000,325.000,325.000,325.000,-1,-1,-1,-1,900.000,850.000,-1,-1,2,0,2,0,2,0,0,0,0,2,2,2,2,0,0,2,2
119,4477.183,-7125.080,401.928,39.554,0.770039,-0.636787,-0.039276,0.636370,0.771012,-0.023951,0.045534,-0.006551,0.998941,0,0.97725,0.97895,58.635,1.958,-1,400.000,-1,400.000,-1,325.000,325.000,325.000,325.000,-1,-1,-1,-1,975.000,875.000,-1,-1,2,0,2,0,2,0,0,0,0,2,2,2,2,0,1,2,2
120,4521.201,-7086.130,404.523,41.505,0.747880,-0.662654,-0.039558,0.662315,0.748871,-0.023021,0.044879,-0.008983,0.998952,0,0.97961,0.97551,58.777,1.951,-1,400.000,-1,400.000,-1,325.000,325.000,325.000,325.000,-1,-1,-1,-1,-1,875.000,-1,-1,2,0,2,0,2,0,0,0,0,2,2,2,2,2,1,2,2
121,4563.958,-7045.628,406.921,43.448,0.724996,-0.687658,-0.038816,0.687384,0.725957,-0.022129,0.043396,-0.010638,0.999001,0,0.98158,0.97171,58.895,1.943,-1,400.000,-1,400.000,-1,325.000,325.000,325.000,325.000,-1,-1,-1,-1,-1,850.000,-1,-1,2,0,2,0,2,0,0,0,0,2,2,2,2,2,1,2,2
122,4605.388,-7003.640,409.362,45.383,0.701379,-0.711765,-0.038193,0.711562,0.702308,-0.021042,0.041801,-0.012418,0.999049,0,0.98311,0.96753,58.987,1.935,-1,400.000,-1,425.000,-1,325.000,325.000,325.000,325.000,-1,-1,-1,-1,-1,850.000,-1,-1,2,0,2,0,2,0,0,0,0,2,2,2,2,2,1,2,2
123,4645.426,-6960.237,411.841,47.309,0.677075,-0.734948,-0.037702,0.734821,0.677972,-0.019768,0.040090,-0.014320,0.999093,0,0.98416,0.96301,59.050,1.926,-1,400.000,-1,425.000,-1,325.000,325.000,325.000,325.000,-1,-1,-1,-1,-1,850.000,-1,-1,2,0,2,0,2,0,0,0,0,2,2,2,2,2,1,2,2
124,4684.010,-6915.495,413.703,49.225,0.652262,-0.757211,-0.034436,0.757117,0.653020,-0.018427,0.036441,-0.014053,0.999237,0,0.98469,0.95815,59.081,1.916,-1,400.000,-1,425.000,1000.000,325.000,325.000,325.000,325.000,-1,-1,-1,-1,-1,825.000,-1,-1,2,0,2,0,1,0,0,0,0,2,2,2,2,2,1,2,2
125,4721.085,-6869.497,415.479,51.131,0.626835,-0.778509,-0.031645,0.778458,0.627473,-0.016721,0.032874,-0.014153,0.999359,0,0.98466,0.95297,59.079,1.906,-1,400.000,-1,425.000,950.000,325.000,325.000,325.000,325.000,-1,-1,-1,-1,-1,800.000,-1,-1,2,0,2,0,1,0,0,0,0,2,2,2,2,2,1,2,2
126,4756.595,-6822.328,417.257,53.026,0.600859,-0.798832,-0.028908,0.798825,0.601385,-0.014682,0.029113,-0.014271,0.999474,0,0.98404,0.94752,59.042,1.895,-1,425.000,-1,425.000,900.000,325.000,325.000,325.000,300.000,-1,-1,-1,-1,-1,800.000,-1,-1,2,0,2,0,1,0,0,0,0,2,2,2,2,2,1,2,2
127,4790.493,-6774.077,418.980,54.910,0.574372,-0.818164,-0.026546,0.818202,0.574799,-0.012332,0.025348,-0.014637,0.999572,0,0.98281,0.94183,58.969,1.884,-1,425.000,-1,425.000,875.000,325.000,325.000,325.000,300.000,-1,-1,-1,-1,-1,800.000,-1,-1,2,0,2,0,1,0,0,0,0,2,2,2,2,2,1,2,2
128,4822.737,-6724.836,420.445,56.782,0.547391,-0.836485,-0.025614,0.836581,0.547755,-0.009803,0.022230,-0.016063,0.999624,0,0.98098,0.93596,58.859,1.872,-1,450.000,-1,425.000,825.000,325.000,325.000,325.000,300.000,-1,-1,-1,-1,-1,800.000,-1,-1,2,0,2,0,1,0,0,0,0,2,2,2,2,2,1,2,2
129,4853.291,-6674.698,421.892,58.642,0.520005,-0.853800,-0.024891,0.853952,0.520304,-0.007077,0.018993,-0.017575,0.999665,0,0.97856,0.92997,58.714,1.860,-1,450.000,-1,425.000,825.000,350.000,350.000,325.000,300.000,-1,-1,-1,-1,-1,825.000,-1,-1,2,0,2,0,1,0,0,0,0,2,2,2,2,2,1,2,2
130,4880.033,-6627.884,422.812,60.262,0.495714,-0.868131,-0.024799,0.868351,0.495939,-0.003475,0.015316,-0.019812,0.999686,0,0.89856,0.80997,53.914,1.620,-1,450.000,-1,425.000,825.000,350.000,350.000,325.000,300.000,-1,-1,-1,-1,-1,825.000,-1,-1,2,0,2,0,1,0,0,0,0,2,2,2,2,2,1,2,2
131,4903.361,-6584.664,423.130,61.642,0.474727,-0.879767,-0.025369,0.880062,0.474859,0.000947,0.011214,-0.022775,0.999678,0,0.81856,0.68997,49.114,1.380,-1,450.000,-1,450.000,850.000,350.000,350.000,325.000,300.000,-1,-1,-1,-1,-1,825.000,-1,-1,2,0,2,0,1,0,0,0,0,2,2,2,2,2,1,2,2
132,4925.283,-6541.878,423.414,62.869,0.455848,-0.889673,-0.026170,0.890029,0.455872,0.005378,0.007146,-0.025744,0.999643,0,0.80126,0.61369,48.076,1.227,-1,450.000,-1,450.000,850.000,350.000,350.000,300.000,325.000,-1,-1,-1,-1,-1,825.000,-1,-1,2,0,2,0,1,0,0,0,0,2,2,2,2,2,1,2,2
133,4946.882,-6497.319,423.677,64.138,0.436132,-0.899470,-0.027249,0.899878,0.436026,0.010038,0.002853,-0.028899,0.999578,0,0.82529,0.63428,49.518,1.269,-1,450.000,-1,450.000,875.000,350.000,350.000,300.000,325.000,-1,-1,-1,-1,-1,825.000,-1,-1,2,0,2,0,1,0,0,0,0,2,2,2,2,2,1,2,2
134,4967.470,-6452.358,423.449,65.396,0.416351,-0.908784,-0.027609,0.909204,0.416154,0.012829,-0.000169,-0.030444,0.999536,0,0.82417,0.62903,49.450,1.258,-1,450.000,-1,475.000,875.000,375.000,375.000,300.000,325.000,-1,-1,-1,-1,-1,850.000,-1,-1,2,0,2,0,1,0,0,0,0,2,2,2,2,2,1,2,2
135,4987.037,-6407.047,422.673,66.643,0.396577,-0.917635,-0.025919,0.917991,0.396279,0.015996,-0.004407,-0.030137,0.999536,0,0.82260,0.62358,49.356,1.247,-1,450.000,-1,475.000,875.000,375.000,375.000,300.000,325.000,-1,-1,-1,-1,-1,850.000,-1,-1,2,0,2,0,1,0,0,0,0,2,2,2,2,2,1,2,2
136,5005.577,-6361.438,421.367,67.879,0.376808,-0.926026,-0.022156,0.926236,0.376417,0.019935,-0.010121,-0.028033,0.999556,0,0.82056,0.61797,49.233,1.236,-1,450.000,-1,450.000,850.000,350.000,350.000,300.000,300.000,-1,-1,-1,-1,-1,850.000,-1,-1,2,0,2,0,1,0,0,0,0,2,2,2,2,2,1,2,2
137,5023.084,-6315.583,420.021,69.103,0.357022,-0.933911,-0.018579,0.933962,0.356562,0.024068,-0.015853,-0.025945,0.999538,0,0.81806,0.61224,49.083,1.224,-1,450.000,-1,450.000,800.000,350.000,350.000,300.000,300.000,-1,-1,-1,-1,-1,850.000,-1,-1,2,0,2,0,1,0,0,0,0,2,2,2,2,2,1,2,2
138,5039.558,-6269.534,418.639,70.316,0.337235,-0.941298,-0.015199,0.941173,0.336732,0.028379,-0.021595,-0.023875,0.999482,0,0.81512,0.60642,48.907,1.213,-1,450.000,-1,450.000,775.000,350.000,350.000,325.000,300.000,-1,-1,-1,-1,-1,850.000,-1,-1,2,0,2,0,1,0,0,0,0,2,2,2,2,2,1,2,2
