timestep,x_cm,y_cm,z_cm,yaw_deg,basis_xx,basis_xy,basis_xz,basis_yx,basis_yy,basis_yz,basis_zx,basis_zy,basis_zz,teleport_flag,throttle_cmd,steering_cmd,cmd_move_cm,cmd_turn_deg,lidar_cm_0,lidar_cm_1,lidar_cm_2,lidar_cm_3,lidar_cm_4,lidar_cm_5,lidar_cm_6,lidar_cm_7,lidar_cm_8,lidar_cm_9,lidar_cm_10,lidar_cm_11,lidar_cm_12,lidar_cm_13,lidar_cm_14,lidar_cm_15,lidar_cm_16,lidar_class_0,lidar_class_1,lidar_class_2,lidar_class_3,lidar_class_4,lidar_class_5,lidar_class_6,lidar_class_7,lidar_class_8,lidar_class_9,lidar_class_10,lidar_class_11,lidar_class_12,lidar_class_13,lidar_class_14,lidar_class_15,lidar_class_16
0,5580.214,8854.736,-104.985,-4.177,0.996061,0.072845,-0.050556,-0.072974,0.997334,-0.000698,0.050370,0.004384,0.998721,1,0.08000,-0.12000,4.800,-0.240,-1,400.000,-1,400.000,-1,325.000,325.000,300.000,300.000,-1,-1,-1,-1,850.000,800.000,-1,-1,2,0,2,0,2,0,0,0,0,2,2,2,2,0,0,2,2
1,5589.782,8853.956,-104.498,-4.657,0.995418,0.081198,-0.050503,-0.081340,0.996686,-0.000760,0.050274,0.004864,0.998724,0,0.16000,-0.24000,9.600,-0.480,-1,400.000,-1,400.000,-1,325.000,325.000,300.000,300.000,-1,-1,-1,-1,850.000,800.000,-1,-1,2,0,2,0,2,0,0,0,0,2,2,2,2,0,0,2,2
2,5604.119,8852.607,-103.767,-5.377,0.994321,0.093715,-0.050427,-0.093878,0.995583,-0.000858,0.050124,0.005587,0.998727,0,0.24000,-0.36000,14.400,-0.720,-1,400.000,-1,400.000,-1,325.000,325.000,300.000,300.000,-1,-1,-1,-1,850.000,800.000,-1,-1,2,0,2,0,2,0,0,0,0,2,2,2,2,0,0,2,2
3,5623.202,8850.487,-102.792,-6.337,0.992614,0.110382,-0.050333,-0.110572,0.993868,-0.000997,0.049915,0.006555,0.998732,0,0.32000,-0.48000,19.200,-0.960,-1,400.000,-1,400.000,-1,325.000,325.000,300.000,300.000,-1,-1,-1,-1,850.000,800.000,-1,-1,2,0,2,0,2,0,0,0,0,2,2,2,2,0,0,2,2
4,5646.994,8847.339,-101.573,-7.537,0.990087,0.131170,-0.050228,-0.131395,0.991329,-0.001186,0.049637,0.007774,0.998737,0,0.40000,-0.60000,24.000,-1.200,-1,400.000,-1,400.000,-1,325.000,325.000,300.000,300.000,-1,-1,-1,-1,850.000,800.000,-1,-1,2,0,2,0,2,0,0,0,0,2,2,2,2,0,0,2,2
5,5675.442,8842.846,-100.112,-8.977,0.986478,0.156039,-0.050124,-0.156307,0.987708,-0.001435,0.049284,0.009251,0.998742,0,0.48000,-0.72000,28.800,-1.440,-1,400.000,-1,400.000,-1,325.000,325.000,300.000,300.000,-1,-1,-1,-1,850.000,800.000,-1,-1,2,0,2,0,2,0,0,0,0,2,2,2,2,0,0,2,2
6,5708.462,8836.632,-98.410,-10.657,0.981478,0.184926,-0.050035,-0.185244,0.982691,-0.001756,0.048844,0.010993,0.998746,0,0.56000,-0.84000,33.600,-1.680,-1,400.000,-1,400.000,-1,325.000,325.000,300.000,300.000,-1,-1,-1,-1,850.000,800.000,-1,-1,2,0,2,0,2,0,0,0,0,2,2,2,2,0,0,2,2
7,5745.965,8828.381,-96.471,-12.408,0.975365,0.214860,-0.049980,-0.215233,0.976560,-0.002144,0.048347,0.012848,0.998748,0,0.64000,-0.87546,38.400,-1.751,-1,400.000,-1,400.000,-1,325.000,325.000,300.000,300.000,-1,-1,-1,-1,875.000,800.000,-1,-1,2,0,2,0,2,0,0,0,0,2,2,2,2,0,0,2,2
8,5787.853,8817.815,-94.299,-14.157,0.968345,0.244562,-0.049974,-0.244993,0.969521,-0.002600,0.047815,0.014761,0.998747,0,0.72000,-0.87456,43.200,-1.749,-1,400.000,-1,400.000,-1,325.000,325.000,300.000,300.000,-1,-1,-1,-1,875.000,800.000,-1,-1,2,0,2,0,2,0,0,0,0,2,2,2,2,0,0,2,2
9,5833.094,8804.924,-91.994,-15.905,0.960418,0.274013,-0.050137,-0.274497,0.961584,-0.002903,0.047416,0.016551,0.998738,0,0.78403,-0.87397,47.042,-1.748,-1,400.000,-1,400.000,-1,325.000,325.000,325.000,300.000,-1,-1,-1,-1,875.000,800.000,-1,-1,2,0,2,0,2,0,0,0,0,2,2,2,2,0,0,2,2
10,5877.549,8790.777,-90.017,-17.653,0.951640,0.303207,-0.049459,-0.303685,0.952770,-0.002267,0.046435,0.017178,0.998774,0,0.77752,-0.87379,46.651,-1.748,-1,400.000,-1,400.000,-1,325.000,325.000,300.000,300.000,-1,-1,-1,-1,875.000,800.000,-1,-1,2,0,2,0,2,0,0,0,0,2,2,2,2,0,0,2,2
11,5921.185,8775.409,-88.128,-19.401,0.941984,0.332129,-0.048537,-0.332593,0.943069,-0.001583,0.045248,0.017634,0.998820,0,0.77104,-0.87409,46.263,-1.748,-1,400.000,-1,400.000,-1,325.000,325.000,300.000,300.000,-1,-1,-1,-1,875.000,800.000,-1,-1,2,0,2,0,2,0,0,0,0,2,2,2,2,0,0,2,2
12,5963.977,8758.854,-86.253,-21.151,0.931436,0.360766,-0.047705,-0.361224,0.932478,-0.001073,0.044097,0.018232,0.998861,0,0.76472,-0.87486,45.883,-1.750,-1,400.000,-1,400.000,-1,325.000,325.000,300.000,300.000,-1,-1,-1,-1,875.000,775.000,-1,-1,2,0,2,0,2,0,0,0,0,2,2,2,2,0,0,2,2
13,6005.907,8741.139,-84.382,-22.903,0.919997,0.389104,-0.046937,-0.389564,0.920999,-0.000711,0.042952,0.018939,0.998898,0,0.75864,-0.87608,45.519,-1.752,-1,400.000,-1,400.000,-1,325.000,325.000,300.000,300.000,-1,-1,-1,-1,875.000,775.000,-1,-1,2,0,2,0,2,0,0,0,0,2,2,2,2,0,0,2,2
14,6046.963,8722.292,-82.645,-24.659,0.907691,0.417130,-0.045820,-0.417587,0.908637,-0.000445,0.041448,0.019538,0.998950,0,0.75292,-0.87774,45.175,-1.755,-1,400.000,-1,400.000,-1,325.000,325.000,300.000,300.000,-1,-1,-1,-1,875.000,775.000,-1,-1,2,0,2,0,2,0,0,0,0,2,2,2,2,0,0,2,2
15,6087.137,8702.333,-81.028,-26.418,0.894507,0.444827,-0.044561,-0.445293,0.895385,-0.000588,0.039638,0.020369,0.999006,0,0.74764,-0.87982,44.859,-1.760,-1,400.000,-1,400.000,-1,325.000,325.000,325.000,300.000,-1,-1,-1,-1,875.000,775.000,-1,-1,2,0,2,0,2,0,0,0,0,2,2,2,2,0,0,2,2
16,6126.425,8681.283,-79.417,-28.183,0.880433,0.472179,-0.043421,-0.472657,0.881246,-0.000846,0.037865,0.021268,0.999056,0,0.74287,-0.88230,44.572,-1.765,-1,400.000,-1,400.000,-1,325.000,325.000,325.000,300.000,-1,-1,-1,-1,850.000,750.000,-1,-1,2,0,2,0,2,0,0,0,0,2,2,2,2,0,0,2,2
17,6164.824,8659.155,-77.811,-29.953,0.865467,0.499167,-0.042407,-0.499661,0.866220,-0.001212,0.036128,0.022238,0.999100,0,0.73865,-0.88515,44.319,-1.770,-1,400.000,-1,400.000,-1,325.000,325.000,325.000,300.000,-1,-1,-1,-1,850.000,750.000,-1,-1,2,0,2,0,2,0,0,0,0,2,2,2,2,0,0,2,2
18,6202.335,8635.961,-76.211,-31.730,0.849612,0.525772,-0.041524,-0.526284,0.850307,-0.001681,0.034425,0.023282,0.999136,0,0.73504,-0.88837,44.102,-1.777,-1,400.000,-1,400.000,-1,325.000,325.000,325.000,300.000,-1,-1,-1,-1,825.000,750.000,-1,-1,2,0,2,0,2,0,0,0,0,2,2,2,2,0,0,2,2
19,6238.957,8611.709,-74.615,-33.514,0.832865,0.551971,-0.040781,-0.552506,0.833506,-0.002245,0.032752,0.024401,0.999166,0,0.73206,-0.89192,43.924,-1.784,-1,400.000,-1,400.000,-1,325.000,325.000,325.000,300.000,-1,-1,-1,-1,825.000,750.000,-1,-1,2,0,2,0,2,0,0,0,0,2,2,2,2,0,0,2,2
20,6278.841,8583.723,-72.845,-35.058,0.817724,0.574212,-0.040104,-0.574768,0.818311,-0.002931,0.031135,0.025447,0.999191,0,0.81206,-0.77192,48.724,-1.544,-1,400.000,-1,375.000,-1,325.000,325.000,325.000,300.000,-1,-1,-1,-1,825.000,750.000,-1,-1,2,0,2,0,2,0,0,0,0,2,2,2,2,0,0,2,2
21,6320.491,8553.059,-70.941,-36.361,0.804475,0.592670,-0.039535,-0.593245,0.805014,-0.003605,0.029690,0.026354,0.999212,0,0.86201,-0.65192,51.721,-1.304,-1,400.000,-1,375.000,-1,325.000,325.000,325.000,300.000,-1,-1,-1,-1,800.000,725.000,-1,-1,2,0,2,0,2,0,0,0,0,2,2,2,2,0,0,2,2
22,6361.549,8521.639,-69.290,-37.425,0.793343,0.607516,-0.039121,-0.608074,0.793875,-0.003056,0.029200,0.026212,0.999230,0,0.86167,-0.53192,51.700,-1.064,-1,400.000,-1,375.000,-1,325.000,325.000,325.000,300.000,-1,-1,-1,-1,800.000,750.000,-1,-1,2,0,2,0,2,0,0,0,0,2,2,2,2,0,0,2,2
23,6402.176,8489.613,-67.668,-38.249,0.784533,0.618873,-0.038782,-0.619410,0.785064,-0.002406,0.028957,0.025910,0.999245,0,0.86221,-0.41192,51.732,-0.824,-1,400.000,-1,375.000,-1,325.000,325.000,325.000,300.000,-1,-1,-1,-1,825.000,750.000,-1,-1,2,0,2,0,2,0,0,0,0,2,2,2,2,0,0,2,2
24,6442.535,8457.125,-66.015,-38.833,0.778192,0.626845,-0.038512,-0.627366,0.778722,-0.001919,0.028788,0.025654,0.999256,0,0.86351,-0.29192,51.810,-0.584,-1,400.000,-1,375.000,-1,325.000,325.000,325.000,300.000,-1,-1,-1,-1,825.000,750.000,-1,-1,2,0,2,0,2,0,0,0,0,2,2,2,2,0,0,2,2
25,6482.789,8424.321,-64.508,-39.177,0.774437,0.631522,-0.037784,-0.632004,0.774965,-0.001067,0.028607,0.024706,0.999285,0,0.86547,-0.17192,51.928,-0.344,-1,400.000,-1,375.000,-1,325.000,325.000,325.000,300.000,-1,-1,-1,-1,825.000,750.000,-1,-1,2,0,2,0,2,0,0,0,0,2,2,2,2,0,0,2,2
26,6523.101,8391.348,-63.144,-39.281,0.773332,0.632950,-0.036481,-0.633370,0.773849,0.000082,0.028283,0.023042,0.999334,0,0.86799,-0.05192,52.079,-0.104,-1,400.000,-1,375.000,-1,325.000,325.000,325.000,300.000,-1,-1,-1,-1,825.000,750.000,-1,-1,2,0,2,0,2,0,0,0,0,2,2,2,2,0,0,2,2
27,6563.606,8358.328,-61.740,-39.187,0.774406,0.631705,-0.035262,-0.632067,0.774913,0.001148,0.028050,0.021398,0.999377,0,0.87098,0.04691,52.259,0.094,-1,400.000,-1,375.000,-1,325.000,325.000,325.000,300.000,-1,-1,-1,-1,825.000,750.000,-1,-1,2,0,2,0,2,0,0,0,0,2,2,2,2,0,0,2,2
28,6604.919,8324.747,-60.275,-39.105,0.775340,0.630622,-0.034119,-0.630931,0.775836,0.002157,0.027831,0.019854,0.999415,0,0.88733,0.04078,53.240,0.082,-1,400.000,-1,400.000,-1,325.000,325.000,325.000,300.000,-1,-1,-1,-1,825.000,750.000,-1,-1,2,0,2,0,2,0,0,0,0,2,2,2,2,0,0,2,2
29,6646.311,8291.189,-58.812,-39.032,0.776169,0.629648,-0.033257,-0.629914,0.776659,0.003046,0.027747,0.018585,0.999442,0,0.88810,0.03652,53.286,0.073,-1,400.000,-1,400.000,-1,325.000,325.000,325.000,300.000,-1,-1,-1,-1,850.000,750.000,-1,-1,2,0,2,0,2,0,0,0,0,2,2,2,2,0,0,2,2
30,6687.789,8257.639,-57.397,-38.968,0.776882,0.628787,-0.032886,-0.629026,0.777375,0.003768,0.027934,0.017759,0.999452,0,0.88913,0.03208,53.348,0.064,-1,400.000,-1,400.000,-1,325.000,325.000,325.000,300.000,-1,-1,-1,-1,850.000,750.000,-1,-1,2,0,2,0,2,0,0,0,0,2,2,2,2,0,0,2,2
31,6729.358,8224.082,-55.927,-38.913,0.777493,0.628049,-0.032534,-0.628264,0.777988,0.004425,0.028090,0.017000,0.999461,0,0.89040,0.02747,53.424,0.055,-1,400.000,-1,400.000,-1,325.000,325.000,325.000,300.000,-1,-1,-1,-1,875.000,775.000,-1,-1,2,0,2,0,2,0,0,0,0,2,2,2,2,0,0,2,2
32,6771.024,8190.500,-54.407,-38.868,0.778000,0.627441,-0.032172,-0.627632,0.778494,0.005023,0.028197,0.016284,0.999470,0,0.89191,0.02269,53.514,0.045,-1,400.000,-1,400.000,-1,325.000,325.000,325.000,300.000,-1,-1,-1,-1,875.000,775.000,-1,-1,2,0,2,0,2,0,0,0,0,2,2,2,2,0,0,2,2
33,6812.792,8156.878,-53.017,-38.832,0.778421,0.626964,-0.031254,-0.627139,0.778891,0.005071,0.027522,0.015653,0.999499,0,0.89366,0.01775,53.619,0.035,-1,400.000,-1,400.000,-1,325.000,325.000,325.000,300.000,-1,-1,-1,-1,875.000,775.000,-1,-1,2,0,2,0,2,0,0,0,0,2,2,2,2,0,0,2,2
34,6855.722,8122.204,-51.640,-38.927,0.777416,0.628255,-0.030326,-0.628428,0.777854,0.004650,0.026511,0.015442,0.999529,0,0.91973,-0.04743,55.184,-0.095,-1,400.000,-1,400.000,-1,325.000,325.000,325.000,300.000,-1,-1,-1,-1,875.000,775.000,-1,-1,2,0,2,0,2,0,0,0,0,2,2,2,2,0,0,2,2
35,6898.608,8087.440,-50.231,-39.030,0.776324,0.629647,-0.029426,-0.629819,0.776731,0.004177,0.025486,0.015291,0.999558,0,0.92011,-0.05125,55.207,-0.102,-1,400.000,-1,400.000,-1,325.000,325.000,325.000,300.000,-1,-1,-1,-1,900.000,750.000,-1,-1,2,0,2,0,2,0,0,0,0,2,2,2,2,0,0,2,2
36,6941.436,8052.586,-48.788,-39.139,0.775153,0.631128,-0.028557,-0.631300,0.775530,0.003650,0.024450,0.015199,0.999586,0,0.92030,-0.05462,55.218,-0.109,-1,400.000,-1,400.000,-1,325.000,325.000,325.000,300.000,-1,-1,-1,-1,900.000,750.000,-1,-1,2,0,2,0,2,0,0,0,0,2,2,2,2,0,0,2,2
37,6984.195,8017.646,-47.429,-39.254,0.773912,0.632687,-0.027710,-0.632847,0.774268,0.003667,0.023775,0.014698,0.999609,0,0.92031,-0.05746,55.219,-0.115,-1,400.000,-1,400.000,-1,325.000,325.000,325.000,300.000,-1,-1,-1,-1,900.000,775.000,-1,-1,2,0,2,0,2,0,0,0,0,2,2,2,2,0,0,2,2
38,7026.872,7982.623,-46.171,-39.374,0.772604,0.634319,-0.026883,-0.634452,0.772950,0.004319,0.023519,0.013719,0.999629,0,0.92014,-0.06010,55.208,-0.120,-1,400.000,-1,400.000,-1,325.000,325.000,325.000,300.000,-1,-1,-1,-1,900.000,775.000,-1,-1,2,0,2,0,2,0,0,0,0,2,2,2,2,0,0,2,2
39,7069.457,7947.519,-44.876,-39.499,0.771239,0.636012,-0.026082,-0.636122,0.771573,0.004889,0.023234,0.012821,0.999648,0,0.91981,-0.06252,55.188,-0.125,-1,425.000,-1,400.000,-1,325.000,325.000,325.000,300.000,-1,-1,-1,-1,900.000,775.000,-1,-1,2,0,2,0,2,0,0,0,0,2,2,2,2,0,0,2,2
40,7111.940,7912.338,-43.507,-39.628,0.769819,0.637760,-0.025306,-0.637847,0.770143,0.005553,0.023031,0.011867,0.999664,0,0.91932,-0.06472,55.159,-0.129,-1,425.000,-1,400.000,-1,325.000,325.000,325.000,300.000,-1,-1,-1,-1,950.000,800.000,-1,-1,2,0,2,0,2,0,0,0,0,2,2,2,2,0,0,2,2
41,7154.312,7877.083,-42.412,-39.762,0.768392,0.639566,-0.023005,-0.639609,0.768674,0.006416,0.021787,0.009784,0.999715,0,0.91868,-0.06669,55.121,-0.133,-1,425.000,-1,400.000,-1,325.000,325.000,300.000,300.000,-1,-1,-1,-1,975.000,800.000,-1,-1,2,0,2,0,2,0,0,0,0,2,2,2,2,0,0,2,2
42,7196.564,7841.756,-41.378,-39.899,0.766926,0.641413,-0.020341,-0.641417,0.767159,0.007164,0.020200,0.007552,0.999767,0,0.91792,-0.06844,55.075,-0.137,-1,425.000,-1,400.000,-1,325.000,325.000,300.000,300.000,-1,-1,-1,-1,1000.000,800.000,-1,-1,2,0,2,0,2,0,0,0,0,2,2,2,2,0,0,2,2
43,7238.690,7806.359,-40.327,-40.039,0.765415,0.643293,-0.017721,-0.643270,0.765600,0.007712,0.018528,0.005497,0.999813,0,0.91704,-0.06995,55.022,-0.140,-1,425.000,-1,400.000,-1,325.000,325.000,300.000,300.000,-1,-1,-1,-1,-1,825.000,-1,-1,2,0,2,0,2,0,0,0,0,2,2,2,2,2,0,2,2
44,7280.683,7770.896,-39.302,-40.181,0.763863,0.645200,-0.015142,-0.645156,0.764006,0.008277,0.016909,0.003446,0.999851,0,0.91606,-0.07123,54.964,-0.142,-1,425.000,-1,400.000,-1,325.000,325.000,300.000,300.000,-1,-1,-1,-1,-1,825.000,-1,-1,2,0,2,0,2,0,0,0,0,2,2,2,2,2,0,2,2
45,7321.181,7736.814,-38.524,-40.083,0.764990,0.643901,-0.013436,-0.643844,0.765106,0.008830,0.015965,0.001895,0.999871,0,0.88219,0.04877,52.931,0.098,-1,425.000,-1,400.000,-1,325.000,325.000,300.000,300.000,-1,-1,-1,-1,-1,850.000,-1,-1,2,0,2,0,2,0,0,0,0,2,2,2,2,2,0,2,2
46,7361.820,7703.020,-37.788,-39.746,0.768795,0.639384,-0.011957,-0.639317,0.768887,0.009277,0.015126,0.000512,0.999885,0,0.88091,0.16877,52.854,0.338,-1,425.000,-1,400.000,-1,325.000,325.000,300.000,300.000,-1,-1,-1,-1,-1,850.000,-1,-1,2,0,2,0,2,0,0,0,0,2,2,2,2,2,0,2,2
47,7402.726,7669.694,-37.049,-39.168,0.775223,0.631601,-0.010477,-0.631527,0.775293,0.009685,0.014240,-0.000892,0.999898,0,0.87938,0.28877,52.763,0.578,-1,425.000,-1,400.000,-1,325.000,325.000,325.000,300.000,-1,-1,-1,-1,-1,875.000,-1,-1,2,0,2,0,2,0,0,0,0,2,2,2,2,2,0,2,2
48,7444.023,7637.021,-36.336,-38.351,0.784176,0.620473,-0.008985,-0.620398,0.784224,0.009929,0.013207,-0.002212,0.999910,0,0.87764,0.40877,52.659,0.818,-1,425.000,-1,400.000,-1,325.000,325.000,325.000,300.000,-1,-1,-1,-1,-1,875.000,-1,-1,2,0,2,0,2,0,0,0,0,2,2,2,2,2,0,2,2
49,7485.811,7605.169,-35.992,-37.316,0.795274,0.606204,-0.007428,-0.606150,0.795306,0.008394,0.010995,-0.002173,0.999937,0,0.87572,0.51759,52.543,1.035,-1,425.000,-1,400.000,-1,325.000,325.000,325.000,300.000,-1,-1,-1,-1,-1,875.000,-1,-1,2,0,2,0,2,0,0,0,0,2,2,2,2,2,0,2,2
50,7528.069,7574.150,-35.632,-36.279,0.806123,0.591719,-0.005774,-0.591683,0.806141,0.006873,0.008722,-0.002124,0.999960,0,0.87368,0.51822,52.421,1.036,-1,425.000,-1,400.000,-1,325.000,325.000,325.000,300.000,-1,-1,-1,-1,-1,875.000,-1,-1,2,0,2,0,2,0,0,0,0,2,2,2,2,2,0,2,2
51,7570.789,7543.970,-35.233,-35.241,0.816727,0.577012,-0.003913,-0.576990,0.816733,0.005404,0.006314,-0.002156,0.999978,0,0.87176,0.51924,52.305,1.038,-1,425.000,-1,400.000,-1,325.000,325.000,325.000,300.000,-1,-1,-1,-1,-1,900.000,-1,-1,2,0,2,0,2,0,0,0,0,2,2,2,2,2,0,2,2
52,7613.962,7514.630,-34.799,-34.199,0.827085,0.562074,-0.001866,-0.562064,0.827084,0.003990,0.003786,-0.002252,0.999990,0,0.86999,0.52064,52.199,1.041,-1,425.000,-1,400.000,-1,325.000,325.000,325.000,300.000,-1,-1,-1,-1,-1,925.000,-1,-1,2,0,2,0,2,0,0,0,0,2,2,2,2,2,0,2,2
53,7657.584,7486.134,-34.403,-33.155,0.837199,0.546898,0.000295,-0.546897,0.837196,0.002620,0.001186,-0.002355,0.999997,0,0.86842,0.52242,52.105,1.045,-1,450.000,-1,400.000,-1,325.000,325.000,325.000,300.000,-1,-1,-1,-1,-1,950.000,-1,-1,2,0,2,0,2,0,0,0,0,2,2,2,2,2,0,2,2
54,7701.654,7458.483,-34.338,-32.105,0.847070,0.531476,0.002465,-0.531481,0.847066,0.002768,-0.000617,-0.003655,0.999993,0,0.86709,0.52456,52.026,1.049,-1,450.000,-1,400.000,-1,350.000,325.000,325.000,300.000,-1,-1,-1,-1,-1,975.000,-1,-1,2,0,2,0,2,0,0,0,0,2,2,2,2,2,0,2,2
55,7746.171,7431.680,-34.344,-31.051,0.856697,0.515799,0.004548,-0.515814,0.856694,0.003217,-0.002237,-0.005102,0.999984,0,0.86605,0.52706,51.963,1.054,-1,450.000,-1,400.000,-1,350.000,325.000,325.000,300.000,-1,-1,-1,-1,-1,1000.000,-1,-1,2,0,2,0,2,0,0,0,0,2,2,2,2,2,0,2,2
56,7791.138,7405.728,-34.510,-29.992,0.866076,0.499859,0.007264,-0.499894,0.866078,0.003961,-0.004311,-0.007061,0.999966,0,0.86531,0.52991,51.919,1.060,-1,475.000,-1,400.000,-1,350.000,350.000,325.000,300.000,-1,-1,-1,-1,-1,-1,-1,-1,2,0,2,0,2,0,0,0,0,2,2,2,2,2,2,2,2
57,7836.559,7380.628,-35.287,-28.925,0.875175,0.483638,0.012806,-0.483736,0.875194,0.005950,-0.008330,-0.011402,0.999900,0,0.86492,0.53310,51.895,1.066,-1,475.000,-1,425.000,-1,350.000,350.000,300.000,300.000,-1,-1,-1,-1,-1,-1,-1,-1,2,0,2,0,2,0,0,0,0,2,2,2,2,2,2,2,2
58,7882.441,7356.385,-36.083,-27.852,0.883999,0.467133,0.018241,-0.467326,0.884048,0.008099,-0.012343,-0.015684,0.999801,0,0.86488,0.53662,51.893,1.073,-1,450.000,-1,425.000,-1,350.000,350.000,300.000,300.000,-1,-1,-1,-1,-1,-1,-1,-1,2,0,2,0,2,0,0,0,0,2,2,2,2,2,2,2,2
59,7928.791,7333.003,-36.898,-26.771,0.892546,0.450339,0.023569,-0.450659,0.892635,0.010408,-0.016351,-0.019911,0.999668,0,0.86523,0.54045,51.914,1.081,-1,450.000,-1,425.000,-1,350.000,350.000,300.000,325.000,-1,-1,-1,-1,-1,-1,-1,-1,2,0,2,0,2,0,0,0,0,2,2,2,2,2,2,2,2
60,7975.617,7310.486,-38.052,-25.682,0.900850,0.433262,0.027432,-0.433695,0.900977,0.012226,-0.019419,-0.022911,0.999549,0,0.86597,0.54460,51.958,1.089,-1,450.000,-1,450.000,-1,350.000,350.000,300.000,325.000,-1,-1,-1,-1,-1,-1,-1,-1,2,0,2,0,2,0,0,0,0,2,2,2,2,2,2,2,2
61,8022.928,7288.843,-39.606,-24.584,0.908874,0.415901,0.031205,-0.416428,0.909081,0.012600,-0.023128,-0.024447,0.999434,0,0.86711,0.54904,52.027,1.098,-1,450.000,-1,450.000,-1,350.000,350.000,300.000,325.000,-1,-1,-1,-1,-1,-1,-1,-1,2,0,2,0,2,0,0,0,0,2,2,2,2,2,2,2,2
62,8070.734,7268.080,-41.808,-23.476,0.916575,0.398260,0.035771,-0.398828,0.916969,0.010173,-0.028749,-0.023591,0.999308,0,0.86866,0.55378,52.119,1.108,-1,450.000,-1,425.000,-1,350.000,350.000,300.000,325.000,-1,-1,-1,-1,-1,1000.000,-1,-1,2,0,2,0,2,0,0,0,0,2,2,2,2,2,0,2,2
63,8119.841,7247.630,-44.045,-22.609,0.922302,0.384336,0.040550,-0.384936,0.922909,0.007891,-0.034392,-0.022887,0.999146,0,0.88658,0.43378,53.195,0.868,-1,450.000,-1,425.000,-1,350.000,350.000,300.000,325.000,-1,-1,-1,-1,1000.000,975.000,-1,-1,2,0,2,0,2,0,0,0,0,2,2,2,2,0,0,2,2
64,8169.305,7227.664,-46.339,-21.981,0.926226,0.374212,0.045508,-0.374824,0.927080,0.005440,-0.040154,-0.022096,0.998949,0,0.88901,0.31378,53.341,0.628,-1,425.000,-1,425.000,-1,350.000,350.000,300.000,300.000,-1,-1,-1,-1,950.000,925.000,-1,-1,2,0,2,0,2,0,0,0,0,2,2,2,2,0,0,2,2
65,8219.058,7207.971,-48.691,-21.594,0.928471,0.367940,0.050621,-0.368540,0.929608,0.002742,-0.046049,-0.021202,0.998714,0,0.89180,0.19378,53.508,0.388,-1,425.000,-1,425.000,-1,350.000,325.000,300.000,300.000,-1,-1,-1,-1,925.000,900.000,-1,-1,2,0,2,0,2,0,0,0,0,2,2,2,2,0,0,2,2
66,8268.963,7188.368,-51.024,-21.446,0.929121,0.365550,0.055745,-0.366123,0.930567,0.000063,-0.051852,-0.020468,0.998445,0,0.89360,0.07378,53.616,0.148,-1,425.000,-1,400.000,-1,325.000,325.000,300.000,300.000,-1,-1,-1,-1,900.000,875.000,-1,-1,2,0,2,0,2,0,0,0,0,2,2,2,2,0,0,2,2
67,8318.836,7168.683,-53.346,-21.539,0.928210,0.367055,0.060802,-0.367588,0.929985,-0.002569,-0.057488,-0.019965,0.998147,0,0.89360,-0.04622,53.616,-0.092,-1,425.000,-1,400.000,-1,325.000,325.000,325.000,300.000,-1,-1,-1,-1,875.000,825.000,-1,-1,2,0,2,0,2,0,0,0,0,2,2,2,2,0,0,2,2
68,8368.633,7148.810,-55.688,-21.756,0.926469,0.370589,0.065724,-0.371079,0.928588,-0.005031,-0.062895,-0.019728,0.997825,0,0.89360,-0.10889,53.616,-0.218,-1,400.000,-1,400.000,-1,325.000,325.000,325.000,300.000,-1,-1,-1,-1,825.000,800.000,-1,-1,2,0,2,0,2,0,0,0,0,2,2,2,2,0,0,2,2
69,8418.355,7128.748,-58.414,-21.974,0.924742,0.374105,0.069986,-0.374661,0.927146,-0.005498,-0.066944,-0.021137,0.997533,0,0.89360,-0.10889,53.616,-0.218,-1,400.000,-1,400.000,-1,325.000,325.000,325.000,300.000,-1,-1,-1,-1,800.000,800.000,-1,-1,2,0,2,0,2,0,0,0,0,2,2,2,2,0,0,2,2
70,8468.001,7108.498,-61.597,-22.192,0.923046,0.377597,0.073531,-0.378372,0.925646,-0.003621,-0.069431,-0.024480,0.997286,0,0.89360,-0.10889,53.616,-0.218,-1,400.000,-1,400.000,-1,325.000,325.000,325.000,300.000,-1,-1,-1,-1,775.000,775.000,-1,-1,2,0,2,0,2,0,0,0,0,2,2,2,2,0,0,2,2
71,8517.569,7088.059,-64.767,-22.410,0.921322,0.381079,0.077099,-0.382092,0.924123,-0.001730,-0.071908,-0.027865,0.997022,0,0.89360,-0.10889,53.616,-0.218,-1,400.000,-1,400.000,-1,325.000,325.000,325.000,325.000,-1,-1,-1,-1,750.000,775.000,-1,-1,2,0,2,0,2,0,0,0,0,2,2,2,2,0,0,2,2
72,8562.550,7069.091,-67.646,-22.867,0.917982,0.388411,0.080284,-0.389664,0.920957,-0.000067,-0.073964,-0.031222,0.996772,0,0.81360,-0.22889,48.816,-0.458,-1,400.000,-1,400.000,-1,325.000,325.000,300.000,325.000,-1,-1,-1,-1,725.000,775.000,-1,-1,2,0,2,0,2,0,0,0,0,2,2,2,2,0,0,2,2
73,8602.896,7051.495,-70.451,-23.565,0.913011,0.399566,0.082209,-0.400987,0.916083,0.000852,-0.074970,-0.033742,0.996615,0,0.73360,-0.34889,44.016,-0.698,-1,375.000,-1,400.000,-1,325.000,325.000,300.000,325.000,-1,-1,-1,-1,725.000,775.000,-1,-1,2,0,2,0,2,0,0,0,0,2,2,2,2,0,0,2,2
74,8638.581,7035.231,-73.340,-24.503,0.906334,0.414490,0.082205,-0.415950,0.909387,0.000704,-0.074464,-0.034831,0.996615,0,0.65360,-0.46889,39.216,-0.938,-1,375.000,-1,400.000,-1,325.000,325.000,300.000,325.000,-1,-1,-1,-1,700.000,775.000,-1,-1,2,0,2,0,2,0,0,0,0,2,2,2,2,0,0,2,2
75,8669.598,7020.317,-75.853,-25.681,0.897605,0.433073,0.082176,-0.434582,0.900632,0.000517,-0.073786,-0.036176,0.996618,0,0.57360,-0.58889,34.416,-1.178,-1,375.000,-1,400.000,-1,325.000,325.000,300.000,325.000,-1,-1,-1,-1,700.000,775.000,-1,-1,2,0,2,0,2,0,0,0,0,2,2,2,2,0,0,2,2
76,8695.964,7006.826,-78.015,-27.099,0.886593,0.455199,0.082136,-0.456756,0.889592,0.000189,-0.072981,-0.037684,0.996621,0,0.49360,-0.70889,29.616,-1.418,-1,375.000,-1,400.000,-1,325.000,325.000,300.000,325.000,-1,-1,-1,-1,700.000,775.000,-1,-1,2,0,2,0,2,0,0,0,0,2,2,2,2,0,0,2,2
77,8721.922,6992.582,-80.142,-28.756,0.873031,0.480712,0.082055,-0.482326,0.875992,-0.000174,-0.071963,-0.039426,0.996628,0,0.49349,-0.82889,29.609,-1.658,-1,375.000,-1,400.000,-1,325.000,325.000,300.000,325.000,-1,-1,-1,-1,700.000,775.000,-1,-1,2,0,2,0,2,0,0,0,0,2,2,2,2,0,0,2,2
78,8747.395,6977.487,-82.227,-30.654,0.856611,0.509418,0.081925,-0.511095,0.859524,-0.000572,-0.070708,-0.041382,0.996638,0,0.49349,-0.94889,29.609,-1.898,-1,375.000,-1,400.000,-1,325.000,325.000,300.000,325.000,-1,-1,-1,-1,700.000,775.000,-1,-1,2,0,2,0,2,0,0,0,0,2,2,2,2,0,0,2,2
79,8772.325,6961.511,-84.263,-32.654,0.838291,0.539058,0.081753,-0.540800,0.841150,-0.000991,-0.069300,-0.043381,0.996652,0,0.49349,-1.00000,29.609,-2.000,-1,400.000,-1,400.000,-1,325.000,325.000,300.000,325.000,-1,-1,-1,-1,675.000,775.000,-1,-1,2,0,2,0,2,0,0,0,0,2,2,2,2,0,0,2,2
80,8796.682,6944.675,-86.245,-34.654,0.818953,0.568037,0.081546,-0.569839,0.821755,-0.001421,-0.067818,-0.045304,0.996669,0,0.49349,-1.00000,29.609,-2.000,-1,400.000,-1,400.000,-1,325.000,325.000,300.000,325.000,-1,-1,-1,-1,675.000,775.000,-1,-1,2,0,2,0,2,0,0,0,0,2,2,2,2,0,0,2,2
81,8820.438,6927.000,-88.170,-36.654,0.798619,0.596319,0.081305,-0.598177,0.801362,-0.001861,-0.066264,-0.047148,0.996688,0,0.49349,-1.00000,29.609,-2.000,-1,400.000,-1,400.000,-1,325.000,325.000,300.000,325.000,-1,-1,-1,-1,675.000,775.000,-1,-1,2,0,2,0,2,0,0,0,0,2,2,2,2,0,0,2,2
82,8843.561,6908.505,-90.037,-38.654,0.777316,0.623870,0.081027,-0.625780,0.779996,-0.002310,-0.064642,-0.048909,0.996709,0,0.49349,-1.00000,29.609,-2.000,-1,400.000,-1,400.000,-1,325.000,325.000,300.000,325.000,-1,-1,-1,-1,675.000,775.000,-1,-1,2,0,2,0,2,0,0,0,0,2,2,2,2,0,0,2,2
83,8866.026,6889.216,-91.862,-40.654,0.755062,0.650654,0.080813,-0.652618,0.757682,-0.002748,-0.063018,-0.050666,0.996725,0,0.49349,-1.00000,29.609,-2.000,-1,400.000,-1,400.000,-1,325.000,325.000,300.000,325.000,-1,-1,-1,-1,675.000,800.000,-1,-1,2,0,2,0,2,0,0,0,0,2,2,2,2,0,0,2,2
84,8887.804,6869.154,-93.738,-42.654,0.731841,0.676626,0.081156,-0.678676,0.734431,-0.003107,-0.061706,-0.052805,0.996697,0,0.49349,-1.00000,29.609,-2.000,-1,400.000,-1,400.000,-1,325.000,325.000,300.000,325.000,-1,-1,-1,-1,675.000,800.000,-1,-1,2,0,2,0,2,0,0,0,0,2,2,2,2,0,0,2,2
85,8908.868,6848.344,-95.551,-44.654,0.707734,0.701767,0.081461,-0.703899,0.710291,-0.003505,-0.060320,-0.054860,0.996670,0,0.49349,-1.00000,29.609,-2.000,-1,400.000,-1,400.000,-1,325.000,325.000,300.000,325.000,-1,-1,-1,-1,675.000,800.000,-1,-1,2,0,2,0,2,0,0,0,0,2,2,2,2,0,0,2,2
86,8929.193,6826.812,-97.300,-46.654,0.682770,0.726048,0.081728,-0.728259,0.685291,-0.003929,-0.058860,-0.056837,0.996647,0,0.49349,-1.00000,29.609,-2.000,-1,375.000,-1,400.000,-1,325.000,325.000,300.000,325.000,-1,-1,-1,-1,675.000,800.000,-1,-1,2,0,2,0,2,0,0,0,0,2,2,2,2,0,0,2,2
87,8952.033,6801.075,-99.306,-48.414,0.660133,0.746692,0.081709,-0.748947,0.662615,-0.004455,-0.057468,-0.058255,0.996646,0,0.57349,-0.88000,34.409,-1.760,-1,375.000,-1,400.000,-1,325.000,325.000,300.000,325.000,-1,-1,-1,-1,650.000,800.000,-1,-1,2,0,2,0,2,0,0,0,0,2,2,2,2,0,0,2,2
88,8977.272,6771.068,-101.557,-49.934,0.640102,0.763966,0.081398,-0.766234,0.642541,-0.005054,-0.056163,-0.059135,0.996669,0,0.65349,-0.76000,39.209,-1.520,-1,375.000,-1,400.000,-1,325.000,325.000,300.000,325.000,-1,-1,-1,-1,650.000,800.000,-1,-1,2,0,2,0,2,0,0,0,0,2,2,2,2,0,0,2,2
89,9004.697,6736.648,-104.000,-51.454,0.619636,0.780702,0.080971,-0.782972,0.622030,-0.005713,-0.054826,-0.059858,0.996700,0,0.73349,-0.75976,44.009,-1.520,1000.000,375.000,-1,400.000,-1,325.000,325.000,300.000,325.000,-1,-1,-1,-1,650.000,800.000,-1,-1,0,0,2,0,2,0,0,0,0,2,2,2,2,0,0,2,2
90,9032.484,6699.810,-106.469,-52.973,0.598739,0.796892,0.080464,-0.799158,0.601087,-0.006389,-0.053457,-0.060478,0.996737,0,0.76903,-0.75976,46.142,-1.520,975.000,375.000,-1,400.000,-1,325.000,325.000,300.000,325.000,-1,-1,-1,-1,650.000,800.000,-1,-1,0,0,2,0,2,0,0,0,0,2,2,2,2,0,0,2,2
91,9059.284,6662.248,-108.842,-54.493,0.577425,0.812524,0.079912,-0.814783,0.579724,-0.007050,-0.052055,-0.061040,0.996777,0,0.76903,-0.75976,46.142,-1.520,950.000,375.000,-1,400.000,-1,325.000,325.000,300.000,325.000,-1,-1,-1,-1,650.000,800.000,-1,-1,0,0,2,0,2,0,0,0,0,2,2,2,2,0,0,2,2
92,9085.078,6623.988,-111.245,-56.012,0.555698,0.827609,0.079141,-0.829818,0.557972,-0.008264,-0.050998,-0.061080,0.996829,0,0.76903,-0.75976,46.142,-1.520,925.000,375.000,-1,400.000,-1,325.000,325.000,300.000,325.000,-1,-1,-1,-1,625.000,800.000,1000.000,-1,0,0,2,0,2,0,0,0,0,2,2,2,2,0,0,0,2
93,9109.848,6585.058,-113.746,-57.532,0.533574,0.842157,0.077912,-0.844245,0.535857,-0.010383,-0.050494,-0.060237,0.996906,0,0.76903,-0.75976,46.142,-1.520,900.000,375.000,-1,400.000,-1,325.000,325.000,300.000,300.000,-1,-1,-1,-1,625.000,800.000,950.000,-1,0,0,2,0,2,0,0,0,0,2,2,2,2,0,0,0,2
94,9133.577,6545.483,-115.903,-59.051,0.511178,0.856162,0.075391,-0.858067,0.513392,-0.012229,-0.049175,-0.058440,0.997079,0,0.76903,-0.75976,46.142,-1.520,875.000,375.000,-1,400.000,-1,325.000,325.000,300.000,300.000,-1,-1,-1,-1,625.000,775.000,950.000,-1,0,0,2,0,2,0,0,0,0,2,2,2,2,0,0,0,2
95,9156.247,6505.294,-117.965,-60.571,0.488416,0.869563,0.072870,-0.871298,0.490557,-0.013918,-0.047850,-0.056694,0.997244,0,0.76903,-0.75976,46.142,-1.520,875.000,375.000,-1,400.000,-1,325.000,325.000,300.000,300.000,-1,-1,-1,-1,625.000,775.000,925.000,-1,0,0,2,0,2,0,0,0,0,2,2,2,2,0,0,0,2
96,9177.844,6464.518,-119.989,-62.090,0.465309,0.882338,0.070471,-0.883934,0.467365,-0.015200,-0.046347,-0.055219,0.997398,0,0.76903,-0.75976,46.142,-1.520,850.000,375.000,-1,400.000,-1,325.000,325.000,300.000,300.000,-1,-1,-1,-1,625.000,775.000,925.000,-1,0,0,2,0,2,0,0,0,0,2,2,2,2,0,0,0,2
97,9198.353,6423.184,-122.038,-63.610,0.441875,0.894469,0.068355,-0.895973,0.443826,-0.015806,-0.044476,-0.054260,0.997536,0,0.76903,-0.75976,46.142,-1.520,850.000,375.000,-1,400.000,-1,325.000,325.000,300.000,300.000,-1,-1,-1,-1,625.000,775.000,900.000,-1,0,0,2,0,2,0,0,0,0,2,2,2,2,0,0,0,2
98,9217.758,6381.320,-124.016,-65.129,0.418119,0.905968,0.066315,-0.907390,0.419972,-0.016345,-0.042659,-0.053339,0.997665,0,0.76903,-0.75976,46.142,-1.520,825.000,375.000,-1,400.000,-1,325.000,325.000,300.000,300.000,-1,-1,-1,-1,625.000,775.000,900.000,-1,0,0,2,0,2,0,0,0,0,2,2,2,2,0,0,0,2
99,9236.046,6338.957,-125.932,-66.649,0.394071,0.916836,0.064191,-0.918174,0.395821,-0.016790,-0.040802,-0.052322,0.997796,0,0.76903,-0.75976,46.142,-1.520,825.000,350.000,-1,400.000,-1,300.000,325.000,300.000,300.000,-1,-1,-1,-1,625.000,775.000,875.000,-1,0,0,2,0,2,0,0,0,0,2,2,2,2,0,0,0,2
100,9253.204,6296.123,-127.752,-68.168,0.369739,0.927060,0.062064,-0.928318,0.371390,-0.017169,-0.038967,-0.051267,0.997924,0,0.76903,-0.75976,46.142,-1.520,800.000,350.000,-1,400.000,-1,300.000,325.000,300.000,300.000,-1,-1,-1,-1,600.000,775.000,875.000,-1,0,0,2,0,2,0,0,0,0,2,2,2,2,0,0,0,2
101,9269.221,6252.850,-129.480,-69.688,0.345141,0.936635,0.059941,-0.937815,0.346696,-0.017495,-0.037168,-0.050175,0.998049,0,0.76903,-0.75976,46.142,-1.520,800.000,350.000,-1,400.000,-1,300.000,325.000,300.000,300.000,-1,-1,-1,-1,600.000,775.000,850.000,-1,0,0,2,0,2,0,0,0,0,2,2,2,2,0,0,0,2
102,9284.084,6209.167,-131.121,-71.207,0.320293,0.945552,0.057829,-0.946656,0.321754,-0.017782,-0.035420,-0.049048,0.998168,0,0.76903,-0.75976,46.142,-1.520,775.000,350.000,-1,400.000,-1,300.000,325.000,300.000,300.000,-1,-1,-1,-1,600.000,775.000,850.000,-1,0,0,2,0,2,0,0,0,0,2,2,2,2,0,0,0,2
103,9297.784,6165.105,-132.678,-72.727,0.295211,0.953805,0.055731,-0.954836,0.296584,-0.018044,-0.033740,-0.047887,0.998283,0,0.76903,-0.75976,46.142,-1.520,775.000,350.000,-1,400.000,-1,300.000,325.000,275.000,325.000,-1,-1,-1,-1,600.000,775.000,825.000,-1,0,0,2,0,2,0,0,0,0,2,2,2,2,0,0,0,2
104,9310.311,6120.696,-134.158,-74.247,0.269912,0.961389,0.053653,-0.962348,0.271203,-0.018296,-0.032141,-0.046694,0.998392,0,0.76903,-0.75976,46.142,-1.520,750.000,350.000,-1,400.000,-1,300.000,325.000,275.000,325.000,-1,-1,-1,-1,600.000,775.000,825.000,-1,0,0,2,0,2,0,0,0,0,2,2,2,2,0,0,0,2
105,9321.655,6075.970,-135.564,-75.766,0.244414,0.968297,0.051596,-0.969187,0.245627,-0.018554,-0.030639,-0.045471,0.998496,0,0.76903,-0.75976,46.142,-1.520,750.000,350.000,-1,400.000,-1,300.000,325.000,275.000,325.000,-1,-1,-1,-1,600.000,775.000,825.000,-1,0,0,2,0,2,0,0,0,0,2,2,2,2,0,0,0,2
106,9332.768,6026.254,-136.840,-77.398,0.216823,0.974994,0.048732,-0.975757,0.217974,-0.019637,-0.029769,-0.043293,0.998619,0,0.84903,-0.81593,50.942,-1.632,725.000,350.000,-1,400.000,-1,300.000,325.000,275.000,325.000,-1,-1,-1,-1,600.000,775.000,800.000,-1,0,0,2,0,2,0,0,0,0,2,2,2,2,0,0,0,2
107,9343.374,5971.530,-138.079,-79.030,0.189050,0.980918,0.045398,-0.981531,0.190142,-0.021047,-0.029277,-0.040581,0.998747,0,0.92903,-0.81593,55.742,-1.632,725.000,350.000,-1,400.000,-1,300.000,325.000,275.000,325.000,-1,-1,-1,-1,600.000,775.000,800.000,-1,0,0,2,0,2,0,0,0,0,2,2,2,2,0,0,0,2
108,9352.819,5914.079,-139.579,-80.662,0.161205,0.986079,0.040760,-0.986539,0.162155,-0.021155,-0.027470,-0.036801,0.998945,0,0.97036,-0.81593,58.222,-1.632,725.000,350.000,-1,400.000,-1,300.000,325.000,275.000,325.000,-1,-1,-1,-1,600.000,750.000,825.000,-1,0,0,2,0,2,0,0,0,0,2,2,2,2,0,0,0,2
109,9360.625,5856.383,-140.920,-82.293,0.133223,0.990412,0.036542,-0.990768,0.134024,-0.020408,-0.025110,-0.033485,0.999124,0,0.97036,-0.81593,58.222,-1.632,725.000,350.000,-1,400.000,-1,300.000,325.000,275.000,325.000,-1,-1,-1,-1,600.000,750.000,825.000,-1,0,0,2,0,2,0,0,0,0,2,2,2,2,0,0,0,2
110,9366.784,5798.488,-142.058,-83.925,0.105133,0.993944,0.031963,-0.994205,0.105777,-0.019174,-0.022438,-0.029762,0.999305,0,0.97036,-0.81593,58.222,-1.632,750.000,350.000,-1,400.000,-1,300.000,325.000,275.000,325.000,-1,-1,-1,-1,625.000,750.000,875.000,-1,0,0,2,0,2,0,0,0,0,2,2,2,2,0,0,0,2
111,9371.293,5740.441,-143.128,-85.557,0.076926,0.996655,0.027606,-0.996835,0.077437,-0.017958,-0.020036,-0.026137,0.999458,0,0.97036,-0.81593,58.222,-1.632,775.000,350.000,-1,400.000,-1,300.000,325.000,275.000,325.000,-1,-1,-1,-1,625.000,750.000,900.000,-1,0,0,2,0,2,0,0,0,0,2,2,2,2,0,0,0,2
112,9374.147,5682.289,-144.147,-87.189,0.048628,0.998541,0.023465,-0.998656,0.049028,-0.016778,-0.017904,-0.022618,0.999584,0,0.97036,-0.81593,58.222,-1.632,800.000,375.000,-1,400.000,-1,325.000,325.000,275.000,325.000,-1,-1,-1,-1,625.000,750.000,925.000,-1,0,0,2,0,2,0,0,0,0,2,2,2,2,0,0,0,2
113,9375.344,5624.080,-145.128,-88.821,0.020266,0.999604,0.019538,-0.999666,0.020573,-0.015645,-0.016041,-0.019214,0.999687,0,0.97036,-0.81593,58.222,-1.632,825.000,375.000,-1,400.000,-1,325.000,325.000,275.000,325.000,-1,-1,-1,-1,625.000,725.000,975.000,-1,0,0,2,0,2,0,0,0,0,2,2,2,2,0,0,0,2
114,9374.883,5565.860,-146.086,-90.453,-0.008132,0.999842,0.015818,-0.999863,-0.007901,-0.014574,-0.014447,-0.015934,0.999769,0,0.97036,-0.81593,58.222,-1.632,850.000,375.000,-1,400.000,-1,325.000,325.000,275.000,300.000,-1,-1,-1,-1,625.000,725.000,1000.000,-1,0,0,2,0,2,0,0,0,0,2,2,2,2,0,0,0,2
115,9372.764,5507.677,-147.037,-92.085,-0.036540,0.999256,0.012300,-0.999246,-0.036373,-0.013576,-0.013118,-0.012787,0.999832,0,0.97036,-0.81593,58.222,-1.632,875.000,375.000,-1,400.000,-1,325.000,325.000,275.000,300.000,-1,-1,-1,-1,625.000,725.000,-1,-1,0,0,2,0,2,0,0,0,0,2,2,2,2,0,0,2,2
116,9368.990,5449.578,-147.995,-93.717,-0.064933,0.997849,0.008976,-0.997817,-0.064817,-0.012660,-0.012051,-0.009779,0.999880,0,0.97036,-0.81593,58.222,-1.632,900.000,375.000,-1,400.000,-1,325.000,325.000,275.000,300.000,-1,-1,-1,-1,625.000,700.000,-1,-1,0,0,2,0,2,0,0,0,0,2,2,2,2,0,0,2,2
117,9363.562,5391.609,-148.977,-95.348,-0.093283,0.995623,0.005841,-0.995576,-0.093209,-0.011836,-0.011240,-0.006919,0.999913,0,0.97036,-0.81593,58.222,-1.632,925.000,375.000,-1,400.000,-1,300.000,325.000,275.000,300.000,-1,-1,-1,-1,625.000,700.000,-1,-1,0,0,2,0,2,0,0,0,0,2,2,2,2,0,0,2,2
118,9356.486,5333.819,-149.995,-96.980,-0.121564,0.992579,0.002885,-0.992526,-0.121526,-0.011112,-0.010679,-0.004214,0.999934,0,0.97036,-0.81593,58.222,-1.632,925.000,350.000,-1,375.000,-1,300.000,300.000,275.000,300.000,-1,-1,-1,-1,625.000,675.000,-1,-1,0,0,2,0,2,0,0,0,0,2,2,2,2,0,0,2,2
119,9347.768,5276.254,-150.979,-98.612,-0.149749,0.988724,-0.000261,-0.988669,-0.149744,-0.010526,-0.010446,-0.001318,0.999945,0,0.97036,-0.81593,58.222,-1.632,950.000,350.000,-1,375.000,-1,300.000,300.000,275.000,300.000,-1,-1,-1,-1,625.000,675.000,-1,-1,0,0,2,0,2,0,0,0,0,2,2,2,2,0,0,2,2
120,9337.414,5218.960,-151.558,-100.244,-0.177800,0.984054,-0.004997,-0.984020,-0.177838,-0.008837,-0.009584,0.003346,0.999948,0,0.97036,-0.81593,58.222,-1.632,1000.000,350.000,-1,375.000,-1,300.000,300.000,275.000,300.000,-1,-1,-1,-1,625.000,650.000,-1,-1,0,0,2,0,2,0,0,0,0,2,2,2,2,0,0,2,2
121,9325.432,5161.985,-151.536,-101.876,-0.205738,0.978581,-0.007143,-0.978570,-0.205788,-0.007160,-0.008476,0.005517,0.999949,0,0.97036,-0.81593,58.222,-1.632,-1,350.000,-1,375.000,-1,300.000,300.000,275.000,300.000,-1,-1,-1,-1,625.000,650.000,-1,-1,2,0,2,0,2,0,0,0,0,2,2,2,2,0,0,2,2
122,9311.833,5105.374,-151.104,-103.508,-0.233532,0.972318,-0.007782,-0.972330,-0.233570,-0.004418,-0.006113,0.006535,0.999960,0,0.97036,-0.81593,58.222,-1.632,-1,350.000,-1,375.000,-1,300.000,300.000,275.000,300.000,-1,-1,-1,-1,625.000,650.000,-1,-1,2,0,2,0,2,0,0,0,0,2,2,2,2,0,0,2,2
123,9296.628,5049.173,-150.617,-105.140,-0.261143,0.965263,-0.008432,-0.965294,-0.261162,-0.001286,-0.003443,0.007803,0.999964,0,0.97036,-0.81593,58.222,-1.632,-1,350.000,-1,375.000,-1,300.000,300.000,275.000,300.000,-1,-1,-1,-1,625.000,650.000,-1,-1,2,0,2,0,2,0,0,0,0,2,2,2,2,0,0,2,2
124,9279.828,4993.428,-150.162,-106.771,-0.288547,0.957425,-0.008809,-0.957465,-0.288542,0.001921,-0.000703,0.008989,0.999959,0,0.97036,-0.81593,58.222,-1.632,-1,375.000,-1,375.000,-1,300.000,300.000,275.000,300.000,-1,-1,-1,-1,650.000,650.000,-1,-1,2,0,2,0,2,0,0,0,0,2,2,2,2,0,0,2,2
125,9263.175,4942.668,-149.772,-108.163,-0.311743,0.950125,-0.008868,-0.950165,-0.311710,0.004939,0.001928,0.009965,0.999948,0,0.89036,-0.69593,53.422,-1.392,-1,375.000,-1,375.000,-1,300.000,300.000,300.000,300.000,-1,-1,-1,-1,650.000,650.000,-1,-1,2,0,2,0,2,0,0,0,0,2,2,2,2,0,0,2,2
126,9246.686,4895.620,-149.434,-109.315,-0.330805,0.943659,-0.008661,-0.943688,-0.330744,0.007827,0.004521,0.010762,0.999932,0,0.83089,-0.57593,49.854,-1.152,-1,375.000,-1,375.000,-1,300.000,300.000,300.000,300.000,-1,-1,-1,-1,650.000,675.000,-1,-1,2,0,2,0,2,0,0,0,0,2,2,2,2,0,0,2,2
127,9229.449,4848.841,-149.121,-110.227,-0.345809,0.938269,-0.008194,-0.938277,-0.345717,0.010796,0.007297,0.011422,0.999908,0,0.83089,-0.45593,49.854,-0.912,-1,375.000,-1,375.000,-1,300.000,300.000,300.000,300.000,-1,-1,-1,-1,675.000,675.000,-1,-1,2,0,2,0,2,0,0,0,0,2,2,2,2,0,0,2,2
128,9211.559,4802.308,-148.841,-111.030,-0.358957,0.933324,-0.007529,-0.933298,-0.358835,0.013857,0.010232,0.012001,0.999876,0,0.83089,-0.40165,49.854,-0.803,-1,375.000,-1,375.000,-1,300.000,300.000,300.000,300.000,-1,-1,800.000,-1,675.000,675.000,-1,-1,2,0,2,0,2,0,0,0,0,2,2,0,2,0,0,2,2
129,9193.018,4756.030,-148.528,-111.834,-0.372032,0.928198,-0.006381,-0.928122,-0.371883,0.017106,0.013505,0.012286,0.999833,0,0.83089,-0.40165,49.854,-0.803,-1,375.000,-1,375.000,-1,300.000,300.000,300.000,325.000,-1,725.000,650.000,-1,675.000,675.000,-1,-1,2,0,2,0,2,0,0,0,0,2,0,0,2,0,0,2,2
130,9173.830,4710.017,-148.073,-112.637,-0.385032,0.922888,-0.005315,-0.922751,-0.384858,0.020364,0.016748,0.012746,0.999779,0,0.83089,-0.40165,49.854,-0.803,-1,375.000,-1,375.000,-1,300.000,325.000,300.000,300.000,-1,600.000,500.000,-1,700.000,700.000,-1,-1,2,0,2,0,2,0,0,0,0,2,0,0,2,0,0,2,2
131,9153.999,4664.277,-147.437,-113.440,-0.397968,0.917384,-0.005249,-0.917194,-0.397751,0.023448,0.019423,0.014145,0.999711,0,0.83089,-0.40165,49.854,-0.803,-1,375.000,-1,375.000,-1,325.000,325.000,300.000,300.000,-1,525.000,425.000,-1,700.000,700.000,-1,-1,2,0,2,0,2,0,0,0,0,2,0,0,2,0,0,2,2
132,9133.529,4618.820,-146.753,-114.243,-0.410838,0.911693,-0.005340,-0.911432,-0.410562,0.027007,0.022430,0.015963,0.999621,0,0.83089,-0.40165,49.854,-0.803,-1,375.000,-1,375.000,-1,325.000,325.000,300.000,300.000,-1,475.000,375.000,1000.000,725.000,700.000,-1,-1,2,0,2,0,2,0,0,0,0,2,0,0,0,0,0,2,2
133,9112.423,4573.654,-145.988,-115.047,-0.423641,0.905810,-0.006003,-0.905484,-0.423287,0.030456,0.025046,0.018338,0.999518,0,0.83089,-0.40165,49.854,-0.803,-1,400.000,-1,375.000,-1,325.000,325.000,300.000,300.000,-1,450.000,350.000,1000.000,750.000,700.000,-1,-1,2,0,2,0,2,0,0,0,0,2,0,0,0,0,0,2,2
134,9090.687,4528.788,-145.259,-115.850,-0.436368,0.899743,-0.006653,-0.899343,-0.435923,0.033956,0.027652,0.020800,0.999401,0,0.83089,-0.40165,49.854,-0.803,-1,400.000,-1,375.000,-1,325.000,325.000,300.000,300.000,-1,400.000,325.000,975.000,775.000,725.000,-1,-1,2,0,2,0,2,0,0,0,0,2,0,0,0,0,0,2,2
135,9068.323,4484.232,-143.934,-116.653,-0.448944,0.893539,-0.006037,-0.893109,-0.448493,0.034803,0.028390,0.021017,0.999376,0,0.83089,-0.40165,49.854,-0.803,-1,400.000,-1,375.000,-1,325.000,325.000,300.000,300.000,-1,450.000,375.000,1000.000,800.000,725.000,-1,-1,2,0,2,0,2,0,0,0,0,2,0,0,0,0,0,2,2
136,9045.337,4439.994,-142.563,-117.457,-0.461424,0.887164,-0.005320,-0.886710,-0.460976,0.035305,0.028869,0.021008,0.999362,0,0.83089,-0.40165,49.854,-0.803,-1,400.000,-1,375.000,-1,325.000,325.000,300.000,300.000,-1,475.000,400.000,-1,825.000,725.000,-1,-1,2,0,2,0,2,0,0,0,0,2,0,0,2,0,0,2,2
137,9021.732,4396.082,-141.157,-118.260,-0.473807,0.880618,-0.004388,-0.880136,-0.473370,0.035783,0.029434,0.020816,0.999350,0,0.83089,-0.40165,49.854,-0.803,-1,400.000,-1,375.000,-1,325.000,325.000,300.000,300.000,-1,500.000,450.000,-1,850.000,725.000,-1,-1,2,0,2,0,2,0,0,0,0,2,0,0,2,0,0,2,2
138,8997.515,4352.506,-139.759,-119.063,-0.486096,0.873898,-0.003441,-0.873392,-0.485672,0.036194,0.029958,0.020599,0.999339,0,0.83089,-0.40165,49.854,-0.803,-1,400.000,-1,375.000,-1,325.000,325.000,300.000,300.000,-1,550.000,475.000,-1,850.000,725.000,-1,-1,2,0,2,0,2,0,0,0,0,2,0,0,2,0,0,2,2
