timestep,x_cm,y_cm,z_cm,yaw_deg,basis_xx,basis_xy,basis_xz,basis_yx,basis_yy,basis_yz,basis_zx,basis_zy,basis_zz,teleport_flag,throttle_cmd,steering_cmd,cmd_move_cm,cmd_turn_deg,lidar_cm_0,lidar_cm_1,lidar_cm_2,lidar_cm_3,lidar_cm_4,lidar_cm_5,lidar_cm_6,lidar_cm_7,lidar_cm_8,lidar_cm_9,lidar_cm_10,lidar_cm_11,lidar_cm_12,lidar_cm_13,lidar_cm_14,lidar_cm_15,lidar_cm_16,lidar_class_0,lidar_class_1,lidar_class_2,lidar_class_3,lidar_class_4,lidar_class_5,lidar_class_6,lidar_class_7,lidar_class_8,lidar_class_9,lidar_class_10,lidar_class_11,lidar_class_12,lidar_class_13,lidar_class_14,lidar_class_15,lidar_class_16
0,4264.713,-8850.425,228.785,76.084,0.240583,-0.970624,0.003117,0.970509,0.240502,-0.016463,0.015229,0.006986,0.999860,1,0.08000,0.12000,4.800,0.240,-1,450.000,-1,300.000,325.000,325.000,275.000,275.000,375.000,-1,350.000,525.000,-1,925.000,425.000,-1,350.000,2,0,2,1,1,1,1,0,0,2,0,0,2,0,1,2,1
1,4266.944,-8841.088,229.075,76.564,0.232426,-0.972613,0.001606,0.972472,0.232364,-0.017483,0.016631,0.005626,0.999846,0,0.16000,0.24000,9.600,0.480,-1,450.000,-1,300.000,325.000,325.000,275.000,275.000,375.000,-1,325.000,500.000,-1,925.000,425.000,-1,325.000,2,0,2,1,1,1,1,0,0,2,0,0,2,0,1,2,1
2,4270.114,-8827.041,229.511,77.284,0.220154,-0.975465,-0.000609,0.975286,0.220125,-0.019050,0.018716,0.003600,0.999818,0,0.24000,0.36000,14.400,0.720,-1,450.000,-1,300.000,325.000,325.000,275.000,275.000,400.000,-1,300.000,475.000,-1,950.000,450.000,-1,325.000,2,0,2,1,1,1,1,0,0,2,0,0,2,0,1,2,1
3,4274.026,-8808.244,230.093,78.244,0.203725,-0.979022,-0.003458,0.978793,0.203753,-0.021198,0.021458,0.000934,0.999769,0,0.32000,0.48000,19.200,0.960,-1,450.000,-1,300.000,325.000,350.000,275.000,275.000,400.000,-1,275.000,450.000,-1,975.000,525.000,-1,325.000,2,0,2,1,1,1,1,0,0,2,0,0,2,0,1,2,1
4,4278.424,-8784.650,230.814,79.444,0.183092,-0.983072,-0.006831,0.982783,0.183204,-0.023965,0.024810,-0.002326,0.999689,0,0.40000,0.60000,24.000,1.200,-1,475.000,-1,300.000,300.000,350.000,275.000,275.000,400.000,-1,250.000,425.000,-1,1000.000,650.000,-1,325.000,2,0,2,1,1,1,1,0,0,2,0,0,2,0,1,2,1
5,4282.987,-8756.213,231.663,80.884,0.158204,-0.987350,-0.010570,0.986989,0.158439,-0.027370,0.028698,-0.006102,0.999569,0,0.48000,0.72000,28.800,1.440,-1,475.000,-1,300.000,300.000,375.000,300.000,275.000,400.000,-1,225.000,400.000,-1,-1,-1,-1,325.000,2,0,2,1,1,1,1,0,1,2,0,0,2,2,2,2,1
6,4287.336,-8722.896,232.617,82.564,0.129020,-0.991537,-0.014451,0.991092,0.129420,-0.031403,0.033008,-0.010271,0.999402,0,0.56000,0.84000,33.600,1.680,-1,475.000,-1,350.000,300.000,375.000,325.000,275.000,350.000,-1,200.000,375.000,-1,-1,-1,-1,325.000,2,0,2,1,1,1,1,0,1,2,0,0,2,2,2,2,1
7,4291.156,-8684.686,233.658,84.290,0.098870,-0.994930,-0.018392,0.994393,0.099479,-0.035873,0.037520,-0.014742,0.999187,0,0.64000,0.86334,38.400,1.727,-1,500.000,-1,375.000,275.000,400.000,350.000,275.000,325.000,-1,175.000,350.000,-1,-1,-1,-1,-1,2,0,2,1,1,1,1,0,1,2,0,0,2,2,2,2,2
8,4294.178,-8641.591,234.770,85.988,0.069093,-0.997361,-0.022307,0.996721,0.069958,-0.040652,0.042105,-0.019425,0.998924,0,0.72000,0.84875,43.200,1.697,-1,500.000,-1,425.000,-1,425.000,375.000,275.000,300.000,925.000,150.000,325.000,-1,-1,-1,-1,-1,2,0,2,1,2,1,1,0,1,0,0,0,2,2,2,2,2
9,4296.144,-8593.631,235.930,87.652,0.039797,-0.998868,-0.026057,0.998118,0.040958,-0.045637,0.046653,-0.024192,0.998618,0,0.80000,0.83212,48.000,1.664,-1,525.000,-1,475.000,-1,425.000,400.000,275.000,275.000,800.000,150.000,325.000,-1,-1,-1,-1,-1,2,0,2,1,2,0,1,0,1,0,0,0,2,2,2,2,2
10,4296.808,-8540.835,237.104,89.278,0.011103,-0.999503,-0.029496,0.998635,0.012589,-0.050688,0.051034,-0.028893,0.998279,0,0.88000,0.81321,52.800,1.626,-1,525.000,-1,550.000,-1,450.000,425.000,275.000,250.000,725.000,125.000,300.000,-1,-1,-1,-1,-1,2,0,2,1,2,0,1,0,1,0,0,0,2,2,2,2,2
11,4295.997,-8486.983,237.310,90.862,-0.016365,-0.999428,-0.029602,0.998895,-0.015038,-0.044519,0.044048,-0.030297,0.998570,0,0.89764,0.79183,53.858,1.584,-1,500.000,-1,550.000,-1,425.000,425.000,275.000,225.000,800.000,200.000,425.000,-1,-1,-1,-1,-1,2,0,2,1,2,0,1,0,1,0,0,0,2,2,2,2,2
12,-5575.424,-2951.699,-108.586,-109.076,-0.326594,0.945072,-0.013239,-0.943483,-0.326817,-0.055044,-0.056347,-0.005486,0.998396,1,0.00000,0.00000,52.916,1.538,-1,400.000,-1,400.000,-1,325.000,325.000,300.000,300.000,-1,-1,-1,575.000,775.000,800.000,-1,-1,2,0,2,0,2,0,0,0,0,2,2,2,1,0,1,2,2
13,-5576.995,-2956.235,-108.860,-109.102,-0.327024,0.944923,-0.013250,-0.943334,-0.327246,-0.055064,-0.056367,-0.005508,0.998395,0,0.08000,-0.01301,4.800,-0.026,-1,400.000,-1,400.000,-1,325.000,325.000,300.000,300.000,-1,-1,-1,575.000,775.000,775.000,-1,-1,2,0,2,0,2,0,0,0,0,2,2,2,1,0,1,2,2
14,-5580.140,-2965.305,-109.408,-109.125,-0.327405,0.944791,-0.013271,-0.943199,-0.327628,-0.055104,-0.056410,-0.005524,0.998392,0,0.16000,-0.01159,9.600,-0.023,-1,400.000,-1,400.000,-1,325.000,325.000,300.000,300.000,-1,-1,-1,575.000,775.000,775.000,-1,-1,2,0,2,0,2,0,0,0,0,2,2,2,1,0,1,2,2
15,-5584.862,-2978.909,-110.230,-109.143,-0.327692,0.944691,-0.013305,-0.943095,-0.327916,-0.055165,-0.056477,-0.005530,0.998389,0,0.24000,-0.00873,14.400,-0.017,-1,400.000,-1,400.000,-1,325.000,325.000,300.000,300.000,-1,-1,-1,600.000,775.000,775.000,-1,-1,2,0,2,0,2,0,0,0,0,2,2,2,1,0,1,2,2
16,-5591.161,-2997.046,-111.328,-109.151,-0.327836,0.944640,-0.013349,-0.943039,-0.328061,-0.055249,-0.056570,-0.005524,0.998383,0,0.32000,-0.00442,19.200,-0.009,-1,400.000,-1,400.000,-1,325.000,325.000,300.000,300.000,-1,-1,-1,625.000,775.000,775.000,-1,-1,2,0,2,0,2,0,0,0,0,2,2,2,1,0,1,2,2
17,-5599.034,-3019.718,-112.703,-109.149,-0.327788,0.944656,-0.013404,-0.943049,-0.328016,-0.055358,-0.056691,-0.005505,0.998377,0,0.40000,0.00138,24.000,0.003,-1,400.000,-1,400.000,-1,325.000,325.000,300.000,300.000,-1,-1,-1,625.000,775.000,775.000,-1,-1,2,0,2,0,2,0,0,0,0,2,2,2,1,0,1,2,2
18,-5608.472,-3046.927,-114.355,-109.131,-0.327498,0.944756,-0.013469,-0.943140,-0.327729,-0.055495,-0.056843,-0.005471,0.998368,0,0.48000,0.00869,28.800,0.017,-1,400.000,-1,400.000,-1,325.000,325.000,300.000,300.000,-1,-1,-1,650.000,775.000,775.000,-1,-1,2,0,2,0,2,0,0,0,0,2,2,2,1,0,1,2,2
19,-5618.834,-3076.855,-116.176,-109.096,-0.326914,0.944957,-0.013541,-0.943332,-0.327150,-0.055652,-0.057018,-0.005420,0.998358,0,0.52784,0.01757,31.670,0.035,-1,400.000,-1,400.000,975.000,325.000,325.000,300.000,300.000,-1,-1,-1,675.000,775.000,775.000,-1,-1,2,0,2,0,1,0,0,0,0,2,2,2,1,0,1,2,2
20,-5629.230,-3106.979,-118.012,-109.041,-0.326004,0.945271,-0.013613,-0.943636,-0.326244,-0.055817,-0.057203,-0.005351,0.998348,0,0.53112,0.02747,31.867,0.055,-1,400.000,-1,400.000,950.000,325.000,325.000,300.000,300.000,-1,-1,-1,700.000,775.000,750.000,-1,1000.000,2,0,2,0,1,0,0,0,0,2,2,2,1,0,1,2,1
21,-5639.657,-3137.317,-119.864,-108.966,-0.324759,0.945698,-0.013685,-0.944054,-0.325004,-0.055989,-0.057397,-0.005264,0.998338,0,0.53467,0.03755,32.080,0.075,-1,400.000,-1,400.000,925.000,325.000,325.000,300.000,300.000,-1,-1,-1,725.000,775.000,750.000,-1,975.000,2,0,2,0,1,0,0,0,0,2,2,2,1,0,1,2,1
22,-5650.106,-3167.890,-121.733,-108.870,-0.323173,0.946240,-0.013758,-0.944585,-0.323425,-0.056171,-0.057600,-0.005157,0.998326,0,0.53849,0.04784,32.310,0.096,-1,400.000,-1,400.000,900.000,325.000,325.000,300.000,300.000,-1,-1,-1,775.000,775.000,750.000,-1,950.000,2,0,2,0,1,0,0,0,0,2,2,2,1,0,1,2,1
23,-5660.573,-3198.717,-123.610,-108.754,-0.321237,0.946897,-0.013884,-0.945230,-0.321498,-0.056378,-0.057848,-0.004987,0.998313,0,0.54259,0.05833,32.555,0.117,-1,400.000,-1,400.000,850.000,325.000,325.000,300.000,300.000,-1,-1,-1,800.000,775.000,725.000,-1,925.000,2,0,2,0,1,0,0,0,0,2,2,2,1,1,1,2,1
24,-5672.440,-3234.138,-125.774,-108.522,-0.317386,0.948193,-0.014007,-0.946511,-0.317660,-0.056642,-0.058157,-0.004719,0.998296,0,0.62259,0.11604,37.355,0.232,-1,400.000,-1,400.000,825.000,325.000,325.000,300.000,300.000,-1,-1,-1,825.000,775.000,725.000,-1,900.000,2,0,2,0,1,0,0,0,0,2,2,2,1,1,1,2,1
25,-5685.113,-3272.501,-128.128,-108.281,-0.313393,0.949519,-0.014117,-0.947819,-0.313679,-0.056956,-0.058509,-0.004469,0.998277,0,0.67337,0.12022,40.402,0.240,-1,400.000,-1,400.000,775.000,325.000,325.000,300.000,300.000,-1,-1,-1,875.000,750.000,725.000,-1,875.000,2,0,2,0,1,0,0,0,0,2,2,2,1,1,1,2,1
26,-5697.740,-3311.291,-130.514,-108.032,-0.309245,0.950876,-0.014214,-0.949158,-0.309543,-0.057284,-0.058869,-0.004223,0.998257,0,0.67988,0.12470,40.793,0.249,-1,400.000,-1,400.000,750.000,325.000,325.000,300.000,300.000,-1,-1,-1,900.000,750.000,700.000,-1,850.000,2,0,2,0,1,0,0,0,0,2,2,2,1,1,1,2,1
27,-5710.314,-3350.514,-132.945,-107.774,-0.304943,0.952263,-0.014331,-0.950529,-0.305254,-0.057577,-0.059203,-0.003936,0.998238,0,0.68650,0.12913,41.190,0.258,-1,400.000,-1,400.000,725.000,325.000,325.000,300.000,300.000,-1,-1,-1,950.000,725.000,700.000,-1,800.000,2,0,2,0,1,0,0,0,0,2,2,2,1,1,1,2,1
28,-5722.825,-3390.179,-135.447,-107.507,-0.300481,0.953676,-0.014579,-0.951926,-0.300814,-0.057865,-0.059570,-0.003509,0.998218,0,0.69319,0.13349,41.591,0.267,-1,400.000,-1,400.000,675.000,325.000,325.000,300.000,300.000,-1,-1,-1,1000.000,725.000,700.000,-1,775.000,2,0,2,0,1,0,0,0,0,2,2,2,1,1,1,2,1
29,-5735.266,-3430.290,-138.015,-107.231,-0.295862,0.955114,-0.014954,-0.953343,-0.296225,-0.058210,-0.060027,-0.002966,0.998192,0,0.69992,0.13778,41.995,0.276,-1,400.000,-1,400.000,650.000,325.000,325.000,300.000,300.000,-1,-1,-1,-1,700.000,675.000,-1,750.000,2,0,2,0,1,0,0,0,0,2,2,2,2,1,1,2,1
30,-5747.625,-3470.848,-140.602,-106.947,-0.291091,0.956571,-0.015391,-0.954785,-0.291489,-0.058482,-0.060428,-0.002329,0.998170,0,0.70666,0.14196,42.400,0.284,-1,400.000,-1,400.000,625.000,325.000,325.000,300.000,300.000,-1,-1,-1,-1,700.000,675.000,-1,725.000,2,0,2,0,1,0,0,0,0,2,2,2,2,1,1,2,1
31,-5759.893,-3511.855,-143.223,-106.655,-0.286176,0.958046,-0.015844,-0.956245,-0.286610,-0.058746,-0.060822,-0.001661,0.998147,0,0.71338,0.14602,42.803,0.292,-1,400.000,-1,400.000,575.000,325.000,325.000,300.000,300.000,-1,-1,-1,-1,675.000,650.000,-1,700.000,2,0,2,0,1,0,0,0,0,2,2,2,2,1,1,2,1
32,-5772.058,-3553.309,-145.881,-106.355,-0.281121,0.959534,-0.016303,-0.957718,-0.281591,-0.059019,-0.061222,-0.000978,0.998124,0,0.72003,0.14994,43.202,0.300,-1,400.000,975.000,400.000,550.000,325.000,325.000,300.000,300.000,-1,-1,-1,-1,650.000,600.000,-1,650.000,2,0,1,0,1,0,0,0,0,2,2,2,2,1,1,2,1
33,-5784.109,-3595.205,-148.576,-106.048,-0.275931,0.961031,-0.016766,-0.959200,-0.276439,-0.059302,-0.061626,-0.000281,0.998099,0,0.72657,0.15370,43.594,0.307,-1,400.000,925.000,400.000,525.000,325.000,325.000,300.000,300.000,-1,-1,-1,-1,650.000,575.000,-1,625.000,2,1,1,0,1,0,0,0,0,2,2,2,2,1,1,2,1
34,-5796.034,-3637.534,-151.307,-105.733,-0.270611,0.962534,-0.017234,-0.960688,-0.271159,-0.059595,-0.062035,0.000430,0.998074,0,0.73295,0.15728,43.977,0.315,-1,375.000,900.000,400.000,500.000,325.000,325.000,300.000,300.000,-1,-1,-1,-1,625.000,550.000,-1,575.000,2,1,1,0,1,0,0,0,0,2,2,2,2,1,1,2,1
35,-5807.820,-3680.287,-154.074,-105.412,-0.265169,0.964039,-0.017707,-0.962178,-0.265757,-0.059896,-0.062448,0.001154,0.998048,0,0.73913,0.16065,44.348,0.321,-1,375.000,850.000,400.000,475.000,325.000,325.000,300.000,300.000,-1,-1,-1,-1,600.000,525.000,-1,525.000,2,1,1,1,1,1,0,0,0,2,2,2,2,1,1,2,1
36,-5819.454,-3723.450,-156.875,-105.084,-0.259611,0.965542,-0.018183,-0.963665,-0.260240,-0.060207,-0.062864,0.001892,0.998020,0,0.74505,0.16381,44.703,0.328,-1,350.000,800.000,375.000,450.000,300.000,325.000,300.000,300.000,-1,-1,-1,-1,575.000,500.000,-1,500.000,2,1,1,1,1,1,1,0,1,2,2,2,2,1,1,2,1
37,-5830.921,-3767.005,-159.708,-104.751,-0.253945,0.967039,-0.018663,-0.965146,-0.254616,-0.060526,-0.063283,0.002643,0.997992,0,0.75066,0.16672,45.039,0.333,-1,350.000,775.000,350.000,425.000,300.000,300.000,300.000,275.000,-1,-1,-1,-1,550.000,475.000,-1,450.000,2,1,1,1,1,1,1,0,1,2,2,2,2,1,1,2,1
38,-5842.210,-3810.932,-162.573,-104.412,-0.248180,0.968525,-0.019147,-0.966617,-0.248894,-0.060853,-0.063703,0.003405,0.997963,0,0.75589,0.16937,45.354,0.339,-1,325.000,725.000,325.000,400.000,275.000,275.000,300.000,275.000,-1,-1,-1,-1,525.000,450.000,-1,425.000,2,1,1,1,1,1,1,0,1,2,2,2,2,1,1,2,1
39,-5853.294,-3855.153,-165.464,-104.072,-0.242374,0.969984,-0.019630,-0.968062,-0.243132,-0.061186,-0.064122,0.004173,0.997933,0,0.75982,0.17027,45.589,0.341,-1,325.000,675.000,300.000,350.000,275.000,275.000,300.000,275.000,-1,-1,-1,-1,525.000,400.000,-1,375.000,2,1,1,1,1,1,1,0,1,2,2,2,2,1,1,2,1
40,-5864.097,-3899.306,-168.219,-103.749,-0.236834,0.971333,-0.020540,-0.969439,-0.237660,-0.060882,-0.064018,0.005493,0.997934,0,0.75759,0.16146,45.456,0.323,-1,300.000,650.000,275.000,325.000,250.000,250.000,300.000,275.000,-1,-1,-1,-1,500.000,375.000,-1,325.000,2,1,1,1,1,1,1,0,1,2,2,2,2,1,1,2,1
41,-5875.321,-3947.211,-170.882,-103.186,-0.227138,0.973600,-0.022596,-0.971836,-0.228101,-0.059199,-0.062791,0.008513,0.997990,0,0.82005,0.28146,49.203,0.563,-1,300.000,600.000,250.000,275.000,250.000,225.000,300.000,250.000,-1,-1,-1,-1,475.000,350.000,-1,300.000,2,1,1,1,1,1,1,0,1,2,2,2,2,1,1,2,1
42,-5886.157,-3995.582,-173.528,-102.627,-0.217476,0.975745,-0.025028,-0.974145,-0.218585,-0.057124,-0.061209,0.011958,0.998053,0,0.82617,0.27946,49.570,0.559,-1,300.000,575.000,250.000,225.000,225.000,225.000,300.000,250.000,-1,-1,-1,-1,475.000,325.000,-1,250.000,2,1,1,1,1,1,1,0,1,2,2,2,2,1,1,2,1
43,-5897.300,-4048.796,-172.418,-101.828,-0.204685,0.978767,-0.010942,-0.977687,-0.204973,-0.045970,-0.047237,0.001288,0.998883,0,0.90617,0.39946,54.370,0.799,-1,300.000,-1,250.000,225.000,225.000,225.000,300.000,250.000,-1,925.000,875.000,-1,500.000,325.000,-1,250.000,2,1,2,1,1,1,1,0,1,2,0,0,2,1,1,2,1
44,-5908.002,-4103.902,-170.766,-100.992,-0.190924,0.981592,0.004941,-0.981107,-0.190665,-0.032814,-0.031268,-0.011113,0.999449,0,0.93561,0.41783,56.137,0.836,-1,300.000,-1,250.000,225.000,250.000,225.000,300.000,275.000,-1,325.000,375.000,-1,-1,325.000,-1,225.000,2,1,2,1,1,1,1,0,1,2,0,0,2,2,1,2,1
45,-5917.977,-4159.534,-168.964,-100.168,-0.176859,0.984019,0.020691,-0.984125,-0.176484,-0.018726,-0.014775,-0.023674,0.999611,0,0.94200,0.41217,56.520,0.824,-1,325.000,-1,250.000,225.000,250.000,225.000,300.000,275.000,-1,175.000,250.000,-1,-1,325.000,-1,225.000,2,1,2,1,1,1,1,0,1,2,0,0,2,2,1,2,1
46,-6887.248,-6231.357,-331.353,-59.153,0.520080,0.853839,-0.021816,-0.844142,0.509945,-0.165472,-0.130162,0.104475,0.985973,1,0.00000,0.00000,56.888,0.811,800.000,325.000,800.000,275.000,225.000,250.000,250.000,550.000,250.000,-1,75.000,-1,-1,525.000,375.000,675.000,250.000,0,0,0,0,0,0,0,0,0,2,1,2,2,0,0,0,0
47,-5575.424,2951.695,96.132,-118.756,-0.481043,0.876649,-0.009198,-0.876678,-0.481075,-0.001480,-0.005722,0.007352,0.999957,1,0.00000,0.00000,4.800,-0.025,-1,400.000,-1,400.000,-1,325.000,325.000,300.000,300.000,-1,-1,-1,-1,775.000,775.000,-1,-1,2,0,2,0,2,0,0,0,0,2,2,2,2,0,0,2,2
48,-5577.715,2947.477,96.112,-118.516,-0.477367,0.878656,-0.009221,-0.878686,-0.477398,-0.001463,-0.005688,0.007404,0.999956,0,0.08000,0.12000,4.800,0.240,-1,400.000,-1,400.000,-1,325.000,325.000,300.000,300.000,-1,-1,-1,-1,775.000,775.000,-1,-1,2,0,2,0,2,0,0,0,0,2,2,2,2,0,0,2,2
49,-5582.227,2939.004,96.073,-118.036,-0.469989,0.882624,-0.009267,-0.882654,-0.470020,-0.001429,-0.005617,0.007508,0.999956,0,0.16000,0.24000,9.600,0.480,-1,400.000,-1,400.000,-1,325.000,325.000,300.000,300.000,-1,-1,-1,-1,775.000,775.000,-1,-1,2,0,2,0,2,0,0,0,0,2,2,2,2,0,0,2,2
50,-5588.836,2926.209,96.013,-117.316,-0.458861,0.888459,-0.009336,-0.888491,-0.458891,-0.001373,-0.005504,0.007665,0.999955,0,0.24000,0.36000,14.400,0.720,-1,400.000,-1,400.000,-1,325.000,325.000,300.000,300.000,-1,-1,-1,-1,775.000,775.000,-1,-1,2,0,2,0,2,0,0,0,0,2,2,2,2,0,0,2,2
51,-5597.360,2909.005,95.933,-116.356,-0.443911,0.896022,-0.009429,-0.896055,-0.443941,-0.001290,-0.005341,0.007876,0.999955,0,0.32000,0.48000,19.200,0.960,-1,400.000,-1,400.000,-1,325.000,325.000,300.000,300.000,-1,-1,-1,-1,775.000,775.000,-1,-1,2,0,2,0,2,0,0,0,0,2,2,2,2,0,0,2,2
52,-5607.562,2887.282,95.834,-115.156,-0.425048,0.905120,-0.009546,-0.905156,-0.425078,-0.001174,-0.005120,0.008141,0.999954,0,0.40000,0.60000,24.000,1.200,-1,400.000,-1,400.000,-1,325.000,325.000,300.000,300.000,-1,-1,-1,-1,775.000,775.000,-1,-1,2,0,2,0,2,0,0,0,0,2,2,2,2,0,0,2,2
53,-5619.145,2860.914,95.714,-113.716,-0.402169,0.915514,-0.009689,-0.915553,-0.402197,-0.001017,-0.004828,0.008462,0.999953,0,0.48000,0.72000,28.800,1.440,-1,400.000,-1,400.000,-1,325.000,325.000,300.000,300.000,-1,-1,-1,-1,775.000,775.000,-1,-1,2,0,2,0,2,0,0,0,0,2,2,2,2,0,0,2,2
54,-5631.752,2829.769,95.574,-112.036,-0.375156,0.926909,-0.009864,-0.926951,-0.375182,-0.000810,-0.004452,0.008840,0.999951,0,0.56000,0.84000,33.600,1.680,-1,400.000,-1,400.000,-1,325.000,325.000,300.000,300.000,-1,-1,-1,-1,775.000,775.000,-1,-1,2,0,2,0,2,0,0,0,0,2,2,2,2,0,0,2,2
55,-5645.054,2793.746,95.414,-110.268,-0.346376,0.938042,-0.010079,-0.938087,-0.346398,-0.000545,-0.004003,0.009266,0.999949,0,0.64000,0.88419,38.400,1.768,-1,400.000,-1,400.000,-1,325.000,325.000,300.000,300.000,-1,-1,-1,-1,775.000,775.000,-1,-1,2,0,2,0,2,0,0,0,0,2,2,2,2,0,0,2,2
56,-5658.761,2752.779,95.232,-108.500,-0.317266,0.948280,-0.010341,-0.948330,-0.317285,-0.000216,-0.003486,0.009738,0.999947,0,0.72000,0.88419,43.200,1.768,-1,400.000,-1,400.000,-1,325.000,325.000,300.000,300.000,-1,-1,-1,-1,800.000,775.000,-1,-1,2,0,2,0,2,0,0,0,0,2,2,2,2,0,0,2,2
57,-5671.943,2709.588,95.045,-106.971,-0.291863,0.956401,-0.010653,-0.956456,-0.291878,0.000148,-0.002968,0.010233,0.999943,0,0.75262,0.76419,45.157,1.528,-1,400.000,-1,400.000,-1,325.000,325.000,300.000,300.000,-1,-1,-1,-1,800.000,775.000,-1,-1,2,0,2,0,2,0,0,0,0,2,2,2,2,0,0,2,2
58,-5684.149,2666.111,94.825,-105.683,-0.270287,0.962718,-0.010901,-0.962776,-0.270299,0.000353,-0.002606,0.010591,0.999941,0,0.75262,0.64419,45.157,1.288,-1,400.000,-1,400.000,-1,325.000,325.000,300.000,300.000,-1,-1,-1,-1,825.000,775.000,-1,-1,2,0,2,0,2,0,0,0,0,2,2,2,2,0,0,2,2
59,-5695.558,2622.419,94.545,-104.635,-0.252627,0.967502,-0.010973,-0.967561,-0.252639,0.000313,-0.002469,0.010696,0.999940,0,0.75262,0.52419,45.157,1.048,-1,400.000,-1,400.000,-1,325.000,325.000,300.000,300.000,-1,-1,-1,-1,825.000,775.000,-1,-1,2,0,2,0,2,0,0,0,0,2,2,2,2,0,0,2,2
60,-5706.350,2578.570,94.274,-103.826,-0.238952,0.970969,-0.011022,-0.971028,-0.238964,0.000250,-0.002391,0.010763,0.999939,0,0.75262,0.40419,45.157,0.808,-1,400.000,-1,400.000,-1,325.000,325.000,300.000,300.000,-1,-1,-1,-1,825.000,775.000,-1,-1,2,0,2,0,2,0,0,0,0,2,2,2,2,0,0,2,2
61,-5716.706,2534.616,94.058,-103.258,-0.229304,0.973293,-0.010971,-0.973351,-0.229320,-0.000261,-0.002770,0.010619,0.999940,0,0.75262,0.28419,45.157,0.568,-1,400.000,-1,400.000,-1,325.000,325.000,300.000,300.000,-1,-1,-1,-1,850.000,800.000,-1,-1,2,0,2,0,2,0,0,0,0,2,2,2,2,0,0,2,2
62,-5726.810,2490.603,93.794,-102.929,-0.223715,0.974591,-0.011115,-0.974649,-0.223738,-0.000879,-0.003344,0.010636,0.999938,0,0.75262,0.16419,45.157,0.328,-1,400.000,-1,400.000,-1,325.000,325.000,300.000,300.000,-1,-1,-1,-1,850.000,800.000,-1,-1,2,0,2,0,2,0,0,0,0,2,2,2,2,0,0,2,2
63,-5736.846,2446.575,93.533,-102.841,-0.222205,0.974935,-0.011236,-0.974992,-0.222235,-0.001496,-0.003956,0.010623,0.999936,0,0.75262,0.04419,45.157,0.088,-1,400.000,-1,400.000,-1,325.000,325.000,300.000,300.000,-1,-1,-1,-1,850.000,800.000,-1,-1,2,0,2,0,2,0,0,0,0,2,2,2,2,0,0,2,2
64,-5746.999,2402.574,93.273,-102.993,-0.224777,0.974344,-0.011344,-0.974399,-0.224814,-0.002108,-0.004605,0.010580,0.999933,0,0.75262,-0.07581,45.157,-0.152,-1,400.000,-1,400.000,-1,325.000,325.000,300.000,300.000,-1,-1,-1,-1,850.000,800.000,-1,-1,2,0,2,0,2,0,0,0,0,2,2,2,2,0,0,2,2
65,-5757.452,2358.643,93.014,-103.384,-0.231424,0.972786,-0.011447,-0.972839,-0.231469,-0.002713,-0.005289,0.010509,0.999931,0,0.75262,-0.19581,45.157,-0.392,-1,400.000,-1,400.000,-1,325.000,325.000,300.000,300.000,-1,-1,-1,-1,875.000,800.000,-1,-1,2,0,2,0,2,0,0,0,0,2,2,2,2,0,0,2,2
66,-5768.385,2314.829,92.748,-104.011,-0.242045,0.970196,-0.011537,-0.970246,-0.242097,-0.003329,-0.006023,0.010388,0.999928,0,0.75262,-0.31341,45.157,-0.627,-1,400.000,-1,400.000,-1,325.000,325.000,300.000,300.000,-1,-1,-1,-1,875.000,825.000,-1,-1,2,0,2,0,2,0,0,0,0,2,2,2,2,0,0,2,2
67,-5779.797,2271.137,92.477,-104.638,-0.252637,0.967491,-0.011629,-0.967538,-0.252697,-0.003942,-0.006752,0.010256,0.999925,0,0.75262,-0.31341,45.157,-0.627,-1,400.000,-1,400.000,-1,325.000,325.000,300.000,300.000,-1,-1,-1,-1,875.000,825.000,-1,-1,2,0,2,0,2,0,0,0,0,2,2,2,2,0,0,2,2
68,-5791.686,2227.573,92.205,-105.265,-0.263199,0.964670,-0.011733,-0.964713,-0.263266,-0.004538,-0.007467,0.010124,0.999921,0,0.75262,-0.31341,45.157,-0.627,-1,400.000,-1,400.000,-1,325.000,325.000,300.000,300.000,-1,-1,-1,-1,875.000,825.000,-1,-1,2,0,2,0,2,0,0,0,0,2,2,2,2,0,0,2,2
69,-5804.051,2184.141,91.932,-105.892,-0.273730,0.961734,-0.011848,-0.961772,-0.273804,-0.005117,-0.008165,0.009995,0.999917,0,0.75262,-0.31341,45.157,-0.627,-1,400.000,-1,400.000,-1,325.000,325.000,300.000,300.000,-1,-1,-1,-1,875.000,825.000,-1,-1,2,0,2,0,2,0,0,0,0,2,2,2,2,0,0,2,2
70,-5816.890,2140.847,91.658,-106.518,-0.284228,0.958682,-0.011974,-0.958716,-0.284309,-0.005677,-0.008847,0.009866,0.999912,0,0.75262,-0.31341,45.157,-0.627,-1,425.000,-1,400.000,-1,325.000,325.000,300.000,300.000,-1,-1,-1,-1,900.000,825.000,-1,-1,2,0,2,0,2,0,0,0,0,2,2,2,2,0,0,2,2
71,-5830.202,2097.697,91.383,-107.145,-0.294692,0.955516,-0.012109,-0.955545,-0.294780,-0.006218,-0.009511,0.009738,0.999907,0,0.75262,-0.31341,45.157,-0.627,-1,425.000,-1,400.000,-1,325.000,325.000,300.000,300.000,-1,-1,-1,-1,900.000,825.000,-1,-1,2,0,2,0,2,0,0,0,0,2,2,2,2,0,0,2,2
72,-5843.986,2054.694,91.059,-107.772,-0.305125,0.952237,-0.012022,-0.952260,-0.305216,-0.006651,-0.010003,0.009418,0.999906,0,0.75262,-0.31341,45.157,-0.627,-1,425.000,-1,400.000,-1,325.000,325.000,300.000,300.000,-1,-1,-1,-1,900.000,850.000,-1,-1,2,0,2,0,2,0,0,0,0,2,2,2,2,0,0,2,2
73,-5856.884,2016.453,90.584,-108.639,-0.319499,0.947519,-0.011299,-0.947527,-0.319590,-0.007426,-0.010647,0.008334,0.999909,0,0.67262,-0.43341,40.357,-0.867,-1,425.000,-1,400.000,-1,325.000,325.000,300.000,300.000,-1,-1,-1,-1,900.000,850.000,-1,-1,2,0,2,0,2,0,0,0,0,2,2,2,2,0,0,2,2
74,-5868.897,1982.986,90.023,-109.746,-0.337747,0.941181,-0.010304,-0.941164,-0.337837,-0.008732,-0.011700,0.006748,0.999909,0,0.59262,-0.55341,35.557,-1.107,-1,425.000,-1,400.000,-1,325.000,325.000,300.000,300.000,-1,-1,-1,-1,900.000,850.000,-1,-1,2,0,2,0,2,0,0,0,0,2,2,2,2,0,0,2,2
75,-5879.966,1954.290,89.530,-111.092,-0.359782,0.932988,-0.009495,-0.932951,-0.359868,-0.009895,-0.012649,0.005298,0.999906,0,0.51262,-0.67341,30.757,-1.347,-1,425.000,-1,400.000,-1,325.000,325.000,300.000,300.000,-1,-1,-1,-1,900.000,850.000,-1,-1,2,0,2,0,2,0,0,0,0,2,2,2,2,0,0,2,2
76,-5889.975,1930.339,89.096,-112.679,-0.385486,0.922670,-0.008931,-0.922615,-0.385568,-0.010930,-0.013528,0.004026,0.999900,0,0.43262,-0.79341,25.957,-1.587,-1,425.000,-1,400.000,-1,325.000,325.000,300.000,300.000,-1,-1,-1,-1,900.000,850.000,-1,-1,2,0,2,0,2,0,0,0,0,2,2,2,2,0,0,2,2
77,-5898.751,1911.088,88.727,-114.506,-0.414709,0.909914,-0.008588,-0.909842,-0.414787,-0.011822,-0.014319,0.002911,0.999893,0,0.35262,-0.91341,21.157,-1.827,-1,425.000,-1,400.000,-1,325.000,325.000,300.000,300.000,-1,-1,-1,-1,875.000,825.000,-1,-1,2,0,2,0,2,0,0,0,0,2,2,2,2,0,0,2,2
78,-5906.051,1896.450,88.426,-116.506,-0.446216,0.894886,-0.008436,-0.894800,-0.446291,-0.012518,-0.014967,0.001963,0.999886,0,0.27262,-1.00000,16.357,-2.000,-1,425.000,-1,400.000,-1,325.000,325.000,300.000,300.000,-1,-1,-1,-1,875.000,825.000,-1,-1,2,0,2,0,2,0,0,0,0,2,2,2,2,0,0,2,2
79,-5911.567,1886.293,88.197,-118.506,-0.477178,0.878766,-0.008439,-0.878671,-0.477251,-0.012992,-0.015445,0.001216,0.999880,0,0.19262,-1.00000,11.557,-2.000,-1,425.000,-1,400.000,-1,325.000,325.000,300.000,300.000,-1,-1,-1,-1,875.000,825.000,-1,-1,2,0,2,0,2,0,0,0,0,2,2,2,2,0,0,2,2
80,-5914.997,1880.471,88.056,-120.506,-0.507558,0.861576,-0.008538,-0.861473,-0.507629,-0.013318,-0.015808,0.000596,0.999875,0,0.11262,-1.00000,6.757,-2.000,-1,425.000,-1,400.000,-1,325.000,325.000,300.000,300.000,-1,-1,-1,-1,875.000,825.000,-1,-1,2,0,2,0,2,0,0,0,0,2,2,2,2,0,0,2,2
81,-5916.049,1878.820,88.006,-122.506,-0.537318,0.843335,-0.008709,-0.843227,-0.537389,-0.013496,-0.016062,0.000092,0.999871,0,0.03262,-1.00000,1.957,-2.000,-1,400.000,-1,400.000,-1,325.000,325.000,300.000,300.000,-1,-1,-1,-1,875.000,825.000,-1,-1,2,0,2,0,2,0,0,0,0,2,2,2,2,0,0,2,2
82,-5914.439,1881.163,88.046,-124.506,-0.566423,0.824066,-0.008932,-0.823955,-0.566493,-0.013533,-0.016212,-0.000306,0.999869,0,-0.04738,-1.00000,-2.843,-2.000,-1,400.000,-1,400.000,-1,325.000,325.000,300.000,300.000,-1,-1,-1,-1,850.000,825.000,-1,-1,2,0,2,0,2,0,0,0,0,2,2,2,2,0,0,2,2
83,-5909.892,1887.306,88.176,-126.506,-0.594837,0.803794,-0.009185,-0.803682,-0.594907,-0.013435,-0.016263,-0.000610,0.999868,0,-0.12738,-1.00000,-7.643,-2.000,-1,400.000,-1,400.000,-1,325.000,325.000,300.000,300.000,-1,-1,-1,-1,850.000,800.000,-1,-1,2,0,2,0,2,0,0,0,0,2,2,2,2,0,0,2,2
84,-5908.132,1889.537,88.224,-128.266,-0.619243,0.785143,-0.009380,-0.785029,-0.619313,-0.013422,-0.016347,-0.000948,0.999866,0,-0.04738,-0.88000,-2.843,-1.760,-1,400.000,-1,400.000,-1,325.000,325.000,300.000,300.000,-1,-1,-1,-1,850.000,800.000,-1,-1,2,0,2,0,2,0,0,0,0,2,2,2,2,0,0,2,2
85,-5909.384,1888.033,88.189,-129.786,-0.639852,0.768439,-0.009530,-0.768321,-0.639922,-0.013494,-0.016468,-0.001312,0.999864,0,0.03262,-0.76000,1.957,-1.520,-1,400.000,-1,400.000,-1,325.000,325.000,300.000,300.000,-1,-1,-1,-1,850.000,800.000,-1,-1,2,0,2,0,2,0,0,0,0,2,2,2,2,0,0,2,2
86,-5913.823,1882.938,88.070,-131.066,-0.656859,0.753952,-0.009645,-0.753830,-0.656928,-0.013651,-0.016628,-0.001696,0.999860,0,0.11262,-0.64000,6.757,-1.280,-1,400.000,-1,400.000,-1,325.000,325.000,300.000,300.000,-1,-1,-1,-1,850.000,800.000,-1,-1,2,0,2,0,2,0,0,0,0,2,2,2,2,0,0,2,2
87,-5921.592,1874.381,87.867,-132.233,-0.672074,0.740419,-0.009745,-0.740292,-0.672142,-0.013893,-0.016836,-0.002123,0.999856,0,0.19262,-0.58333,11.557,-1.167,-1,400.000,-1,400.000,-1,325.000,325.000,300.000,300.000,-1,-1,-1,-1,850.000,800.000,-1,-1,2,0,2,0,2,0,0,0,0,2,2,2,2,0,0,2,2
88,-5932.831,1862.496,87.581,-133.399,-0.687011,0.726580,-0.009851,-0.726446,-0.687077,-0.014214,-0.017096,-0.002609,0.999850,0,0.27262,-0.58333,16.357,-1.167,-1,400.000,-1,400.000,-1,325.000,325.000,300.000,300.000,-1,-1,-1,-1,850.000,800.000,-1,-1,2,0,2,0,2,0,0,0,0,2,2,2,2,0,0,2,2
89,-5947.677,1847.422,87.213,-134.566,-0.701663,0.712439,-0.009972,-0.712296,-0.701727,-0.014606,-0.017403,-0.003145,0.999844,0,0.35262,-0.58333,21.157,-1.167,-1,400.000,-1,400.000,-1,325.000,325.000,300.000,300.000,-1,-1,-1,-1,850.000,800.000,-1,-1,2,0,2,0,2,0,0,0,0,2,2,2,2,0,0,2,2
90,-5966.265,1829.304,86.766,-135.733,-0.716024,0.698002,-0.010117,-0.697850,-0.716086,-0.015060,-0.017756,-0.003723,0.999835,0,0.43262,-0.58333,25.957,-1.167,-1,400.000,-1,400.000,-1,325.000,325.000,325.000,300.000,-1,-1,-1,-1,850.000,800.000,-1,-1,2,0,2,0,2,0,0,0,0,2,2,2,2,0,0,2,2
91,-5988.723,1808.288,86.241,-136.899,-0.730088,0.683276,-0.010292,-0.683112,-0.730147,-0.015567,-0.018151,-0.004335,0.999826,0,0.51262,-0.58333,30.757,-1.167,-1,400.000,-1,400.000,-1,325.000,325.000,325.000,300.000,-1,-1,-1,-1,850.000,800.000,-1,-1,2,0,2,0,2,0,0,0,0,2,2,2,2,0,0,2,2
92,-6015.175,1784.526,85.631,-138.066,-0.743849,0.668266,-0.010458,-0.668090,-0.743906,-0.016125,-0.018556,-0.005008,0.999815,0,0.59262,-0.58333,35.557,-1.167,-1,400.000,-1,400.000,-1,325.000,325.000,325.000,300.000,-1,-1,-1,-1,850.000,800.000,-1,-1,2,0,2,0,2,0,0,0,0,2,2,2,2,0,0,2,2
93,-6045.740,1758.172,84.946,-139.233,-0.757301,0.652979,-0.010659,-0.652789,-0.757355,-0.016720,-0.018990,-0.005704,0.999803,0,0.67262,-0.58333,40.357,-1.167,-1,400.000,-1,400.000,-1,325.000,325.000,325.000,300.000,-1,-1,-1,-1,850.000,800.000,-1,-1,2,0,2,0,2,0,0,0,0,2,2,2,2,0,0,2,2
94,-6080.534,1729.387,84.193,-140.399,-0.770439,0.637420,-0.010916,-0.637217,-0.770490,-0.017337,-0.019462,-0.006402,0.999790,0,0.75262,-0.58333,45.157,-1.167,-1,400.000,-1,400.000,-1,325.000,325.000,325.000,300.000,-1,-1,-1,-1,850.000,800.000,-1,-1,2,0,2,0,2,0,0,0,0,2,2,2,2,0,0,2,2
95,-6118.556,1699.215,83.397,-141.566,-0.783256,0.621598,-0.011233,-0.621379,-0.783305,-0.017945,-0.019953,-0.007075,0.999776,0,0.80898,-0.58333,48.539,-1.167,-1,400.000,-1,400.000,-1,325.000,325.000,325.000,300.000,-1,-1,-1,-1,850.000,800.000,-1,-1,2,0,2,0,2,0,0,0,0,2,2,2,2,0,0,2,2
96,-6157.184,1669.823,82.577,-142.733,-0.795748,0.605517,-0.011610,-0.605279,-0.795794,-0.018706,-0.020566,-0.007858,0.999758,0,0.80898,-0.58333,48.539,-1.167,-1,400.000,-1,400.000,-1,325.000,325.000,325.000,325.000,-1,-1,-1,-1,850.000,800.000,-1,-1,2,0,2,0,2,0,0,0,0,2,2,2,2,0,0,2,2
97,-6196.402,1641.223,81.525,-143.899,-0.807926,0.589179,-0.011100,-0.588919,-0.807945,-0.019958,-0.020727,-0.009588,0.999739,0,0.80898,-0.58333,48.539,-1.167,-1,400.000,-1,400.000,-1,325.000,325.000,325.000,325.000,-1,-1,-1,-1,850.000,800.000,-1,-1,2,0,2,0,2,0,0,0,0,2,2,2,2,0,0,2,2
98,-6236.195,1613.428,80.351,-145.066,-0.819766,0.572597,-0.010772,-0.572315,-0.819760,-0.021182,-0.020959,-0.011199,0.999718,0,0.80898,-0.58333,48.539,-1.167,-1,400.000,-1,400.000,-1,325.000,325.000,325.000,325.000,-1,-1,-1,-1,850.000,800.000,-1,-1,2,0,2,0,2,0,0,0,0,2,2,2,2,0,0,2,2
99,-6276.545,1586.449,79.147,-146.233,-0.831260,0.555779,-0.010777,-0.555473,-0.831235,-0.022318,-0.021362,-0.012566,0.999693,0,0.80898,-0.58333,48.539,-1.167,-1,400.000,-1,400.000,-1,325.000,325.000,325.000,325.000,-1,-1,-1,-1,850.000,800.000,-1,-1,2,0,2,0,2,0,0,0,0,2,2,2,2,0,0,2,2
100,-6317.436,1560.297,77.968,-147.399,-0.842409,0.538730,-0.010863,-0.538399,-0.842364,-0.023432,-0.021774,-0.013890,0.999666,0,0.80898,-0.58333,48.539,-1.167,-1,400.000,-1,400.000,-1,325.000,325.000,325.000,325.000,-1,-1,-1,-1,850.000,825.000,-1,-1,2,0,2,0,2,0,0,0,0,2,2,2,2,0,0,2,2
101,-6358.851,1534.983,76.815,-148.566,-0.853206,0.521457,-0.011028,-0.521101,-0.853143,-0.024518,-0.022194,-0.015172,0.999639,0,0.80898,-0.58333,48.539,-1.167,-1,400.000,-1,400.000,-1,325.000,325.000,300.000,325.000,-1,-1,-1,-1,850.000,825.000,-1,-1,2,0,2,0,2,0,0,0,0,2,2,2,2,0,0,2,2
102,-6400.773,1510.517,75.674,-149.733,-0.863648,0.503969,-0.011261,-0.503589,-0.863567,-0.025509,-0.022581,-0.016360,0.999611,0,0.80898,-0.58333,48.539,-1.167,-1,400.000,-1,400.000,-1,325.000,325.000,300.000,325.000,-1,-1,-1,-1,850.000,825.000,-1,-1,2,0,2,0,2,0,0,0,0,2,2,2,2,0,0,2,2
103,-6443.940,1486.488,74.521,-150.897,-0.873715,0.486300,-0.011561,-0.485896,-0.873618,-0.026395,-0.022936,-0.017445,0.999585,0,0.82340,-0.58245,49.404,-1.165,-1,400.000,-1,400.000,-1,325.000,325.000,300.000,325.000,-1,-1,-1,-1,850.000,825.000,-1,-1,2,0,2,0,2,0,0,0,0,2,2,2,2,0,0,2,2
104,-6488.373,1462.921,73.364,-152.059,-0.883392,0.468482,-0.011962,-0.468054,-0.883281,-0.027222,-0.023319,-0.018449,0.999558,0,0.83827,-0.58079,50.296,-1.162,-1,400.000,-1,400.000,-1,325.000,325.000,300.000,325.000,-1,-1,-1,-1,850.000,825.000,-1,-1,2,0,2,0,2,0,0,0,0,2,2,2,2,0,0,2,2
105,-6534.078,1439.849,72.117,-153.216,-0.892658,0.450551,-0.012832,-0.450095,-0.892547,-0.027812,-0.023984,-0.019051,0.999531,0,0.85331,-0.57832,51.198,-1.157,-1,400.000,-1,400.000,-1,325.000,325.000,300.000,325.000,-1,-1,-1,-1,825.000,825.000,-1,-1,2,0,2,0,2,0,0,0,0,2,2,2,2,0,0,2,2
106,-6581.058,1417.305,70.869,-154.366,-0.901508,0.432543,-0.013781,-0.432059,-0.901401,-0.028318,-0.024671,-0.019575,0.999504,0,0.86848,-0.57500,52.109,-1.150,-1,400.000,-1,400.000,-1,325.000,325.000,300.000,325.000,-1,-1,-1,-1,825.000,825.000,-1,-1,2,0,2,0,2,0,0,0,0,2,2,2,2,0,0,2,2
107,-6629.312,1395.322,69.621,-155.507,-0.909931,0.414496,-0.014805,-0.413983,-0.909831,-0.028736,-0.025381,-0.020019,0.999477,0,0.88376,-0.57076,53.025,-1.142,-1,400.000,-1,400.000,-1,325.000,325.000,300.000,300.000,-1,-1,-1,-1,825.000,825.000,-1,-1,2,0,2,0,2,0,0,0,0,2,2,2,2,0,0,2,2
108,-6673.507,1376.021,68.417,-156.409,-0.916331,0.400124,-0.015409,-0.399588,-0.916229,-0.029224,-0.025812,-0.020621,0.999454,0,0.80376,-0.45076,48.225,-0.902,-1,400.000,-1,400.000,-1,325.000,325.000,300.000,300.000,-1,-1,-1,-1,825.000,825.000,-1,-1,2,0,2,0,2,0,0,0,0,2,2,2,2,0,0,2,2
109,-6713.501,1359.102,67.269,-157.070,-0.920881,0.389514,-0.016015,-0.388948,-0.920774,-0.029918,-0.026399,-0.021322,0.999424,0,0.72376,-0.33076,43.425,-0.662,-1,400.000,-1,400.000,-1,325.000,325.000,300.000,300.000,-1,-1,-1,-1,825.000,825.000,-1,-1,2,0,2,0,2,0,0,0,0,2,2,2,2,1,0,2,2
110,-6749.184,1344.316,66.159,-157.492,-0.923713,0.382722,-0.016703,-0.382114,-0.923597,-0.030938,-0.027267,-0.022195,0.999382,0,0.64376,-0.21076,38.625,-0.422,-1,400.000,-1,400.000,-1,325.000,325.000,300.000,300.000,-1,-1,-1,-1,800.000,825.000,-1,-1,2,0,2,0,2,0,0,0,0,2,2,2,2,1,0,2,2
111,-6780.474,1331.465,65.183,-157.673,-0.924911,0.379788,-0.017321,-0.379144,-0.924792,-0.031791,-0.028093,-0.022837,0.999344,0,0.56376,-0.09076,33.825,-0.182,-1,400.000,-1,400.000,-1,325.000,325.000,300.000,300.000,-1,-1,-1,-1,775.000,825.000,-1,-1,2,0,2,0,2,0,0,0,0,2,2,2,2,1,0,2,2
112,-6807.312,1320.411,64.338,-157.615,-0.924515,0.380728,-0.017859,-0.380051,-0.924395,-0.032494,-0.028880,-0.023254,0.999312,0,0.48376,0.02924,29.025,0.058,-1,400.000,-1,400.000,-1,325.000,325.000,300.000,300.000,-1,-1,-1,-1,750.000,825.000,-1,-1,2,0,2,0,2,0,0,0,0,2,2,2,2,1,0,2,2
113,-6829.664,1311.069,63.624,-157.316,-0.922511,0.385537,-0.018307,-0.384832,-0.922394,-0.033057,-0.029631,-0.023451,0.999286,0,0.40376,0.14924,24.225,0.298,-1,400.000,-1,400.000,-1,325.000,325.000,300.000,300.000,-1,-1,-1,-1,750.000,825.000,-1,-1,2,0,2,0,2,0,0,0,0,2,2,2,2,1,0,2,2
114,-6847.515,1303.409,63.040,-156.778,-0.918840,0.394189,-0.018660,-0.393462,-0.918731,-0.033486,-0.030343,-0.023426,0.999265,0,0.32376,0.26924,19.425,0.538,-1,400.000,-1,400.000,-1,325.000,325.000,300.000,300.000,-1,-1,-1,-1,725.000,825.000,-1,-1,2,0,2,0,2,0,0,0,0,2,2,2,2,1,0,2,2
115,-6860.876,1297.461,62.588,-155.999,-0.913394,0.406637,-0.018916,-0.405894,-0.913296,-0.033782,-0.031013,-0.023179,0.999250,0,0.24376,0.38924,14.625,0.778,-1,400.000,-1,400.000,-1,325.000,325.000,300.000,300.000,-1,-1,-1,-1,725.000,825.000,-1,-1,2,0,2,0,2,0,0,0,0,2,2,2,2,1,0,2,2
116,-6869.781,1293.308,62.273,-154.997,-0.906135,0.422559,-0.019075,-0.421805,-0.906051,-0.033946,-0.031627,-0.022714,0.999242,0,0.16376,0.50126,9.825,1.003,-1,400.000,-1,400.000,-1,325.000,325.000,300.000,300.000,-1,-1,-1,-1,725.000,825.000,-1,-1,2,0,2,0,2,0,0,0,0,2,2,2,2,1,0,2,2
117,-6882.952,1286.950,61.814,-154.234,-0.900425,0.434581,-0.019323,-0.433810,-0.900352,-0.034274,-0.032292,-0.022479,0.999226,0,0.24376,0.38126,14.625,0.763,-1,400.000,-1,400.000,-1,325.000,325.000,300.000,300.000,-1,-1,-1,-1,725.000,825.000,-1,-1,2,0,2,0,2,0,0,0,0,2,2,2,2,1,0,2,2
118,-6900.369,1278.347,61.210,-153.712,-0.896418,0.442774,-0.019657,-0.441979,-0.896351,-0.034763,-0.033012,-0.022474,0.999202,0,0.32376,0.26126,19.425,0.523,-1,400.000,-1,400.000,-1,325.000,325.000,300.000,300.000,-1,-1,-1,-1,700.000,825.000,-1,-1,2,0,2,0,2,0,0,0,0,2,2,2,2,1,0,2,2
119,-6922.009,1267.457,60.391,-153.288,-0.893108,0.449397,-0.020013,-0.448582,-0.893052,-0.035102,-0.033647,-0.022372,0.999183,0,0.40376,0.21202,24.225,0.424,-1,400.000,-1,400.000,-1,325.000,325.000,300.000,300.000,-1,-1,-1,-1,700.000,825.000,-1,-1,2,0,2,0,2,0,0,0,0,2,2,2,2,1,0,2,2
120,-6947.839,1254.218,59.403,-152.863,-0.889742,0.456007,-0.020440,-0.455168,-0.889697,-0.035511,-0.034378,-0.022292,0.999160,0,0.48376,0.21241,29.025,0.425,-1,400.000,-1,400.000,-1,325.000,325.000,300.000,300.000,-1,-1,-1,-1,675.000,825.000,-1,-1,2,0,2,0,2,0,0,0,0,2,2,2,2,1,0,2,2
121,-6977.825,1238.566,58.244,-152.437,-0.886313,0.462612,-0.020938,-0.461745,-0.886282,-0.035993,-0.035208,-0.022233,0.999133,0,0.56376,0.21309,33.825,0.426,-1,400.000,-1,400.000,-1,325.000,325.000,300.000,300.000,-1,-1,-1,-1,675.000,825.000,975.000,-1,2,0,2,0,2,0,0,0,0,2,2,2,2,1,0,1,2
122,-7011.932,1220.438,56.911,-152.009,-0.882818,0.469222,-0.021510,-0.468322,-0.882801,-0.036549,-0.036139,-0.022193,0.999100,0,0.64376,0.21405,38.625,0.428,-1,400.000,-1,400.000,-1,325.000,325.000,300.000,300.000,-1,-1,-1,-1,650.000,825.000,925.000,-1,2,0,2,0,2,0,0,0,0,2,2,2,2,1,0,1,2
123,-7050.124,1199.769,55.401,-151.578,-0.879251,0.475843,-0.022157,-0.474906,-0.879251,-0.037180,-0.037174,-0.022168,0.999063,0,0.72376,0.21529,43.425,0.431,-1,400.000,-1,400.000,-1,325.000,325.000,300.000,300.000,-1,-1,-1,-1,625.000,825.000,875.000,-1,2,1,2,0,2,1,1,0,0,2,2,2,2,1,0,1,2
124,-7092.361,1176.495,53.616,-151.145,-0.875606,0.482487,-0.022807,-0.481526,-0.875631,-0.037450,-0.038040,-0.021809,0.999038,0,0.80376,0.21681,48.225,0.434,-1,400.000,-1,400.000,-1,325.000,325.000,300.000,300.000,-1,-1,-1,-1,600.000,800.000,825.000,-1,2,1,2,0,2,1,1,0,0,2,2,2,2,1,1,1,2
125,-7138.607,1150.552,51.632,-150.707,-0.871876,0.489160,-0.023531,-0.488173,-0.871931,-0.037719,-0.038968,-0.021399,0.999011,0,0.88376,0.21863,53.025,0.437,-1,375.000,1000.000,400.000,-1,300.000,325.000,300.000,300.000,-1,-1,-1,-1,550.000,750.000,750.000,975.000,2,1,1,0,2,1,1,0,0,2,2,2,2,1,1,1,1
126,-7188.819,1121.872,49.242,-150.266,-0.868025,0.495878,-0.025254,-0.494859,-0.868158,-0.037640,-0.040589,-0.020175,0.998972,0,0.96376,0.22077,57.825,0.442,-1,350.000,925.000,400.000,-1,300.000,300.000,300.000,300.000,-1,-1,-1,-1,525.000,700.000,675.000,925.000,2,1,1,1,2,1,1,0,0,2,2,2,2,1,1,1,1
127,-7240.686,1091.708,46.741,-149.819,-0.864071,0.502642,-0.027063,-0.501592,-0.864289,-0.037562,-0.042271,-0.018881,0.998928,0,1.00000,0.22328,60.000,0.447,-1,325.000,825.000,375.000,925.000,275.000,300.000,300.000,300.000,-1,-1,-1,-1,500.000,650.000,600.000,850.000,2,1,1,1,1,1,1,0,0,2,2,2,2,1,1,1,1
128,-7292.313,1061.136,44.224,-149.367,-0.860012,0.509456,-0.028869,-0.508378,-0.860317,-0.037500,-0.043941,-0.017574,0.998880,0,1.00000,0.22598,60.000,0.452,-1,325.000,750.000,350.000,825.000,275.000,275.000,300.000,300.000,-1,-1,-1,-1,450.000,600.000,525.000,775.000,2,1,1,1,1,1,1,0,0,2,2,2,2,1,1,1,1
129,-7339.467,1032.438,41.740,-148.675,-0.853758,0.519815,-0.029808,-0.518714,-0.854114,-0.037750,-0.045082,-0.016767,0.998843,0,0.92000,0.34598,55.200,0.692,-1,300.000,675.000,350.000,750.000,250.000,275.000,300.000,300.000,-1,-1,-1,-1,425.000,550.000,475.000,700.000,2,1,1,1,1,1,1,0,0,2,2,2,2,1,1,1,1
130,-7382.088,1005.539,39.416,-147.743,-0.845159,0.533646,-0.030478,-0.532524,-0.845558,-0.038083,-0.046094,-0.015956,0.998810,0,0.84000,0.46598,50.400,0.932,-1,275.000,625.000,325.000,700.000,250.000,250.000,300.000,300.000,-1,-1,-1,-1,400.000,500.000,425.000,625.000,2,1,1,1,1,1,1,0,0,2,2,2,2,1,1,1,1
131,-7420.145,980.419,37.295,-146.571,-0.834034,0.550837,-0.031073,-0.549698,-0.834479,-0.038434,-0.047101,-0.014974,0.998778,0,0.76000,0.58598,45.600,1.172,-1,250.000,575.000,300.000,625.000,225.000,225.000,300.000,300.000,-1,-1,-1,-1,350.000,450.000,375.000,575.000,2,1,1,1,1,1,1,0,0,2,2,2,2,1,1,1,1
132,-7453.632,957.111,36.750,-145.159,-0.820242,0.571259,-0.029436,-0.570343,-0.820692,-0.034266,-0.043733,-0.011318,0.998979,0,0.68000,0.70598,40.800,1.412,-1,250.000,550.000,275.000,600.000,225.000,225.000,325.000,300.000,-1,-1,-1,-1,350.000,425.000,375.000,525.000,2,1,1,1,1,1,1,0,0,2,2,2,2,1,1,1,1
133,-7482.573,935.701,37.194,-143.507,-0.803611,0.594680,-0.023784,-0.593936,-0.803881,-0.031859,-0.038066,-0.011476,0.999209,0,0.60000,0.82598,36.000,1.652,-1,250.000,525.000,275.000,550.000,225.000,225.000,325.000,325.000,-1,-1,-1,-1,350.000,400.000,450.000,475.000,2,1,1,1,1,1,1,0,0,2,2,2,2,1,1,1,1
134,-7507.029,916.328,37.801,-141.615,-0.783708,0.620884,-0.017474,-0.620275,-0.783795,-0.030406,-0.032574,-0.012991,0.999385,0,0.52000,0.94598,31.200,1.892,-1,250.000,500.000,275.000,525.000,200.000,225.000,325.000,325.000,-1,-1,-1,-1,350.000,375.000,-1,450.000,2,1,1,1,1,1,1,0,0,2,2,2,2,1,1,2,1
135,-7527.137,899.223,38.466,-139.615,-0.761702,0.647836,-0.010905,-0.647342,-0.761621,-0.029697,-0.027544,-0.015561,0.999499,0,0.44000,1.00000,26.400,2.000,-1,250.000,500.000,250.000,500.000,200.000,225.000,325.000,350.000,-1,-1,-1,-1,350.000,375.000,-1,425.000,2,1,1,1,1,1,1,0,0,2,2,2,2,1,1,2,1
