timestep,x_cm,y_cm,z_cm,yaw_deg,basis_xx,basis_xy,basis_xz,basis_yx,basis_yy,basis_yz,basis_zx,basis_zy,basis_zz,teleport_flag,throttle_cmd,steering_cmd,cmd_move_cm,cmd_turn_deg,lidar_cm_0,lidar_cm_1,lidar_cm_2,lidar_cm_3,lidar_cm_4,lidar_cm_5,lidar_cm_6,lidar_cm_7,lidar_cm_8,lidar_cm_9,lidar_cm_10,lidar_cm_11,lidar_cm_12,lidar_cm_13,lidar_cm_14,lidar_cm_15,lidar_cm_16,lidar_class_0,lidar_class_1,lidar_class_2,lidar_class_3,lidar_class_4,lidar_class_5,lidar_class_6,lidar_class_7,lidar_class_8,lidar_class_9,lidar_class_10,lidar_class_11,lidar_class_12,lidar_class_13,lidar_class_14,lidar_class_15,lidar_class_16
0,-2956.476,5574.994,-188.845,-175.121,-0.996343,0.084915,-0.009503,-0.084244,-0.994826,-0.056776,-0.014275,-0.055768,0.998342,1,0.08000,-0.12000,4.800,-0.240,-1,400.000,-1,400.000,-1,325.000,325.000,300.000,300.000,825.000,-1,-1,-1,725.000,850.000,-1,-1,2,0,2,0,2,0,0,0,0,1,2,2,2,0,0,2,2
1,-2966.048,5574.258,-188.983,-175.601,-0.997016,0.076578,-0.009722,-0.075910,-0.995507,-0.056607,-0.014013,-0.055700,0.998349,0,0.16000,-0.24000,9.600,-0.480,-1,400.000,-1,400.000,-1,325.000,325.000,300.000,300.000,850.000,-1,-1,-1,725.000,850.000,-1,-1,2,0,2,0,2,0,0,0,0,1,2,2,2,0,0,2,2
2,-2980.418,5573.334,-189.180,-176.321,-0.997895,0.064063,-0.010056,-0.063399,-0.996396,-0.056348,-0.013629,-0.055592,0.998361,0,0.24000,-0.36000,14.400,-0.720,-1,400.000,-1,400.000,-1,325.000,325.000,300.000,300.000,875.000,-1,-1,-1,725.000,850.000,-1,-1,2,0,2,0,2,0,0,0,0,1,2,2,2,0,0,2,2
3,-2999.597,5572.424,-189.424,-177.281,-0.998823,0.047360,-0.010509,-0.046701,-0.997338,-0.055992,-0.013133,-0.055436,0.998376,0,0.32000,-0.48000,19.200,-0.960,-1,400.000,-1,400.000,-1,325.000,325.000,300.000,300.000,925.000,-1,-1,-1,725.000,850.000,-1,-1,2,0,2,0,2,0,0,0,0,1,2,2,2,0,0,2,2
4,-3023.589,5571.788,-189.700,-178.481,-0.999588,0.026464,-0.011092,-0.025809,-0.998123,-0.055531,-0.012540,-0.055222,0.998395,0,0.40000,-0.60000,24.000,-1.200,-1,400.000,-1,400.000,-1,325.000,325.000,300.000,300.000,1000.000,-1,-1,-1,725.000,850.000,-1,-1,2,0,2,0,2,0,0,0,0,1,2,2,2,0,0,2,2
5,-3052.389,5571.681,-189.995,-179.787,-0.999923,0.003720,-0.011812,-0.003066,-0.998484,-0.054954,-0.011999,-0.054913,0.998419,0,0.48000,-0.65263,28.800,-1.305,-1,400.000,-1,400.000,-1,325.000,325.000,300.000,300.000,-1,-1,-1,-1,750.000,850.000,-1,-1,2,0,2,0,2,0,0,0,0,2,2,2,2,0,0,2,2
6,-3085.984,5572.321,-190.295,-181.091,-0.999739,-0.019014,-0.012680,0.019676,-0.998333,-0.054254,-0.011627,-0.054489,0.998447,0,0.56000,-0.65230,33.600,-1.305,-1,400.000,-1,400.000,-1,325.000,325.000,300.000,300.000,-1,-1,-1,-1,750.000,825.000,-1,-1,2,0,2,0,2,0,0,0,0,2,2,2,2,0,0,2,2
7,-3124.351,5573.926,-190.590,-182.395,-0.999035,-0.041727,-0.013699,0.042403,-0.997671,-0.053429,-0.011438,-0.053958,0.998478,0,0.64000,-0.65192,38.400,-1.304,-1,400.000,-1,400.000,-1,325.000,325.000,300.000,300.000,-1,975.000,-1,-1,750.000,825.000,-1,-1,2,0,2,0,2,0,0,0,0,2,1,2,2,0,0,2,2
8,-3167.461,5576.713,-190.874,-183.698,-0.997813,-0.064404,-0.014878,0.065101,-0.996498,-0.052477,-0.011446,-0.053330,0.998511,0,0.72000,-0.65146,43.200,-1.303,-1,400.000,-1,400.000,-1,325.000,325.000,300.000,300.000,-1,950.000,-1,-1,725.000,825.000,-1,-1,2,0,2,0,2,0,0,0,0,2,1,2,2,0,0,2,2
9,-3212.113,5580.619,-191.122,-185.000,-0.996075,-0.087029,-0.016134,0.087752,-0.994812,-0.051466,-0.011571,-0.052679,0.998544,0,0.74703,-0.65089,44.822,-1.302,-1,400.000,-1,400.000,-1,325.000,325.000,300.000,300.000,-1,950.000,-1,-1,725.000,825.000,-1,-1,2,0,2,0,2,0,0,0,0,2,1,2,2,0,0,2,2
10,-3256.594,5585.530,-191.381,-186.300,-0.993827,-0.109586,-0.017274,0.110332,-0.992603,-0.050667,-0.011594,-0.052260,0.998566,0,0.74586,-0.65022,44.751,-1.300,-1,400.000,-1,400.000,-1,325.000,325.000,300.000,300.000,-1,950.000,-1,-1,725.000,825.000,-1,-1,2,0,2,0,2,0,0,0,0,2,1,2,2,0,0,2,2
11,-3300.886,5591.439,-191.710,-187.599,-0.991076,-0.132059,-0.018153,0.132819,-0.989861,-0.050349,-0.011320,-0.052310,0.998567,0,0.74472,-0.64947,44.683,-1.299,-1,400.000,-1,400.000,-1,325.000,325.000,300.000,300.000,-1,975.000,-1,-1,725.000,825.000,-1,-1,2,0,2,0,2,0,0,0,0,2,1,2,2,0,0,2,2
12,-3348.250,5598.854,-192.239,-188.896,-0.987831,-0.154436,-0.018402,0.155171,-0.986657,-0.049301,-0.010542,-0.051557,0.998614,0,0.79901,-0.64849,47.941,-1.297,-1,400.000,-1,400.000,-1,325.000,325.000,300.000,300.000,-1,1000.000,-1,-1,725.000,825.000,-1,-1,2,0,2,0,2,0,0,0,0,2,1,2,2,0,0,2,2
13,-3395.410,5607.341,-192.734,-190.201,-0.984056,-0.176876,-0.018681,0.177588,-0.982920,-0.048269,-0.009824,-0.050817,0.998660,0,0.79861,-0.65257,47.917,-1.305,-1,400.000,-1,400.000,-1,325.000,325.000,300.000,300.000,-1,-1,-1,-1,725.000,825.000,-1,-1,2,0,2,0,2,0,0,0,0,2,2,2,2,0,0,2,2
14,-3442.332,5616.899,-193.195,-191.513,-0.979747,-0.199338,-0.018998,0.200031,-0.978649,-0.047262,-0.009171,-0.050104,0.998702,0,0.79809,-0.65586,47.886,-1.312,-1,400.000,-1,400.000,-1,325.000,325.000,300.000,300.000,-1,-1,-1,-1,725.000,825.000,-1,-1,2,0,2,0,2,0,0,0,0,2,2,2,2,0,0,2,2
15,-3488.984,5627.524,-193.626,-192.830,-0.974903,-0.221786,-0.019353,0.222463,-0.973842,-0.046281,-0.008583,-0.049425,0.998741,0,0.79744,-0.65850,47.847,-1.317,-1,400.000,-1,400.000,-1,325.000,325.000,300.000,300.000,-1,-1,-1,-1,725.000,825.000,-1,-1,2,0,2,0,2,0,0,0,0,2,2,2,2,0,0,2,2
16,-3535.334,5639.211,-194.031,-194.152,-0.969523,-0.244204,-0.019749,0.244869,-0.968496,-0.045330,-0.008057,-0.048785,0.998777,0,0.79666,-0.66105,47.800,-1.322,-1,400.000,-1,400.000,-1,325.000,325.000,300.000,300.000,-1,-1,-1,-1,725.000,825.000,-1,-1,2,0,2,0,2,0,0,0,0,2,2,2,2,0,0,2,2
17,-3581.347,5651.954,-194.412,-195.479,-0.963603,-0.266575,-0.020186,0.267230,-0.962609,-0.044411,-0.007592,-0.048188,0.998809,0,0.79574,-0.66350,47.745,-1.327,-1,400.000,-1,400.000,-1,325.000,325.000,300.000,300.000,-1,-1,-1,-1,725.000,800.000,-1,-1,2,0,2,0,2,0,0,0,0,2,2,2,2,0,0,2,2
18,-3626.991,5665.745,-194.772,-196.811,-0.957142,-0.288882,-0.020665,0.289531,-0.956178,-0.043525,-0.007186,-0.047642,0.998839,0,0.79469,-0.66585,47.681,-1.332,-1,400.000,-1,400.000,-1,325.000,325.000,300.000,300.000,-1,-1,-1,-1,725.000,800.000,-1,-1,2,0,2,0,2,0,0,0,0,2,2,2,2,0,0,2,2
19,-3672.233,5680.573,-195.115,-198.147,-0.950138,-0.311108,-0.021188,0.311754,-0.949204,-0.042674,-0.006835,-0.047151,0.998864,0,0.79350,-0.66810,47.610,-1.336,-1,400.000,-1,400.000,-1,325.000,325.000,300.000,300.000,-1,-1,-1,-1,725.000,800.000,-1,-1,2,0,2,0,2,0,0,0,0,2,2,2,2,0,0,2,2
20,-3717.041,5696.430,-195.444,-199.487,-0.942593,-0.333235,-0.021756,0.333881,-0.941685,-0.041860,-0.006538,-0.046721,0.998887,0,0.79218,-0.67024,47.531,-1.340,-1,400.000,-1,400.000,-1,325.000,325.000,300.000,300.000,-1,-1,-1,-1,725.000,800.000,-1,-1,2,0,2,0,2,0,0,0,0,2,2,2,2,0,0,2,2
21,-3761.384,5713.303,-195.757,-200.832,-0.934505,-0.355246,-0.022356,0.355894,-0.933623,-0.041076,-0.006280,-0.046342,0.998906,0,0.79073,-0.67228,47.444,-1.345,-1,375.000,-1,400.000,-1,325.000,325.000,300.000,300.000,-1,-1,-1,-1,725.000,775.000,-1,-1,2,0,2,0,2,0,0,0,0,2,2,2,2,0,0,2,2
22,-3805.230,5731.179,-195.982,-202.180,-0.925884,-0.377129,-0.022635,0.377763,-0.925033,-0.040126,-0.005806,-0.045702,0.998938,0,0.78916,-0.67419,47.349,-1.348,-1,375.000,-1,400.000,-1,325.000,325.000,300.000,300.000,-1,-1,-1,-1,725.000,775.000,-1,-1,2,0,2,0,2,0,0,0,1,2,2,2,2,0,0,2,2
23,-3848.548,5750.044,-196.195,-203.532,-0.916725,-0.398860,-0.022953,0.399483,-0.915901,-0.039216,-0.005381,-0.045120,0.998967,0,0.78745,-0.67599,47.247,-1.352,-1,375.000,-1,400.000,-1,325.000,325.000,300.000,300.000,-1,-1,-1,-1,725.000,775.000,-1,-1,2,0,2,0,2,0,0,0,1,2,2,2,2,0,0,2,2
24,-3894.844,5771.755,-196.293,-205.124,-0.905295,-0.424171,-0.022794,0.424759,-0.904509,-0.038000,-0.004498,-0.044083,0.999018,0,0.85223,-0.79599,51.134,-1.592,-1,375.000,-1,400.000,-1,325.000,325.000,300.000,275.000,-1,-1,-1,-1,725.000,775.000,-1,-1,2,0,2,0,2,0,0,0,1,2,2,2,2,0,0,2,2
25,-3940.325,5794.886,-196.345,-206.956,-0.891281,-0.452891,-0.022547,0.453439,-0.890527,-0.036806,-0.003409,-0.043028,0.999068,0,0.85042,-0.91599,51.025,-1.832,-1,400.000,-1,400.000,-1,325.000,325.000,300.000,275.000,-1,-1,-1,-1,725.000,775.000,-1,-1,2,0,2,0,2,0,0,0,1,2,2,2,2,0,0,2,2
26,-3984.900,5819.551,-196.375,-208.956,-0.874941,-0.483714,-0.022351,0.484224,-0.874214,-0.035718,-0.002262,-0.042074,0.999112,0,0.84907,-1.00000,50.944,-2.000,-1,400.000,-1,400.000,-1,325.000,325.000,300.000,250.000,-1,-1,-1,-1,725.000,750.000,-1,-1,2,0,2,0,2,0,0,0,1,2,2,2,2,0,0,2,2
27,-4028.534,5845.724,-196.388,-210.956,-0.857534,-0.513947,-0.022222,0.514426,-0.856831,-0.034745,-0.001184,-0.041227,0.999149,0,0.84803,-1.00000,50.882,-2.000,-1,400.000,-1,400.000,-1,325.000,325.000,300.000,250.000,-1,-1,-1,-1,725.000,750.000,-1,-1,2,0,2,0,2,0,0,0,1,2,2,2,2,0,0,2,2
28,-4071.172,5873.367,-195.888,-212.956,-0.839116,-0.543511,-0.021924,0.543951,-0.838333,-0.036260,0.001328,-0.042352,0.999102,0,0.84690,-1.00000,50.814,-2.000,-1,400.000,-1,400.000,-1,325.000,325.000,300.000,250.000,-1,-1,-1,-1,750.000,750.000,-1,-1,2,0,2,0,2,0,0,0,1,2,2,2,2,0,0,2,2
29,-4112.759,5902.439,-195.633,-214.956,-0.819660,-0.572430,-0.021944,0.572843,-0.818844,-0.036684,0.003030,-0.042639,0.999086,0,0.84568,-1.00000,50.741,-2.000,-1,400.000,-1,400.000,-1,325.000,325.000,300.000,225.000,-1,-1,-1,-1,750.000,775.000,-1,-1,2,0,2,0,2,0,0,0,1,2,2,2,2,0,0,2,2
30,-4153.244,5932.899,-195.791,-216.956,-0.799175,-0.600688,-0.022187,0.601088,-0.798407,-0.035208,0.003435,-0.041473,0.999134,0,0.84439,-1.00000,50.663,-2.000,-1,400.000,-1,400.000,-1,325.000,325.000,300.000,225.000,-1,-1,-1,-1,750.000,750.000,-1,-1,2,0,2,0,2,0,0,0,1,2,2,2,2,0,0,2,2
31,-4192.577,5964.700,-195.465,-218.956,-0.777754,-0.628167,-0.022467,0.628547,-0.776933,-0.036111,0.005228,-0.042207,0.999095,0,0.84301,-1.00000,50.581,-2.000,-1,400.000,-1,400.000,-1,325.000,325.000,300.000,200.000,-1,-1,-1,-1,750.000,750.000,-1,-1,2,0,2,0,2,0,0,0,1,2,2,2,2,0,0,2,2
32,-4230.711,5997.798,-195.104,-220.956,-0.755386,-0.654878,-0.022932,0.655243,-0.754513,-0.036973,0.006910,-0.042955,0.999053,0,0.84156,-1.00000,50.494,-2.000,-1,400.000,-1,400.000,-1,325.000,325.000,300.000,200.000,-1,-1,-1,-1,725.000,750.000,-1,-1,2,0,2,0,2,0,0,0,1,2,2,2,2,0,0,2,2
33,-4267.600,6032.145,-194.665,-222.956,-0.732096,-0.680794,-0.023553,0.681151,-0.731180,-0.037549,0.008342,-0.043533,0.999017,0,0.84005,-1.00000,50.403,-2.000,-1,400.000,-1,400.000,-1,325.000,325.000,275.000,200.000,-1,-1,-1,-1,725.000,750.000,-1,-1,2,0,2,0,2,0,0,0,1,2,2,2,2,0,0,2,2
34,-4303.201,6067.691,-194.208,-224.956,-0.707916,-0.705877,-0.024328,0.706230,-0.706955,-0.038132,0.009718,-0.044176,0.998977,0,0.83847,-1.00000,50.308,-2.000,-1,400.000,-1,400.000,-1,325.000,325.000,275.000,200.000,-1,-1,-1,-1,725.000,750.000,-1,-1,2,0,2,0,2,0,0,0,1,2,2,2,2,0,0,2,2
35,-4337.472,6104.387,-193.610,-226.956,-0.682863,-0.730113,-0.025161,0.730468,-0.681883,-0.038096,0.010657,-0.044393,0.998957,0,0.83684,-1.00000,50.210,-2.000,-1,400.000,-1,400.000,-1,325.000,325.000,275.000,200.000,-1,-1,-1,-1,725.000,750.000,-1,-1,2,0,2,0,2,0,0,0,1,2,2,2,2,0,0,2,2
36,-4370.376,6142.180,-193.010,-228.956,-0.656982,-0.753454,-0.026107,0.753817,-0.655977,-0.038133,0.011605,-0.044733,0.998932,0,0.83515,-1.00000,50.109,-2.000,-1,400.000,-1,375.000,-1,325.000,325.000,275.000,175.000,-1,-1,-1,-1,725.000,725.000,-1,-1,2,0,2,0,2,0,0,0,1,2,2,2,2,0,0,2,2
37,-4401.876,6181.019,-192.220,-230.956,-0.630313,-0.775899,-0.026192,0.776229,-0.629291,-0.038231,0.013181,-0.044428,0.998926,0,0.83343,-1.00000,50.006,-2.000,-1,400.000,-1,375.000,-1,325.000,325.000,300.000,175.000,-1,-1,-1,-1,725.000,725.000,-1,-1,2,0,2,0,2,0,0,0,1,2,2,2,2,0,0,2,2
38,-4431.937,6220.849,-191.295,-232.956,-0.602885,-0.797414,-0.025708,0.797683,-0.601848,-0.038476,0.015209,-0.043704,0.998929,0,0.83167,-1.00000,49.900,-2.000,-1,400.000,-1,375.000,-1,325.000,325.000,300.000,200.000,-1,-1,-1,-1,725.000,725.000,-1,-1,2,0,2,0,2,0,0,0,1,2,2,2,2,0,0,2,2
39,-4460.528,6261.616,-190.360,-234.956,-0.574725,-0.817955,-0.025316,0.818164,-0.573668,-0.038893,0.017289,-0.043066,0.998923,0,0.82989,-1.00000,49.793,-2.000,-1,400.000,-1,375.000,-1,325.000,325.000,300.000,200.000,-1,-1,-1,-1,725.000,725.000,-1,-1,2,0,2,0,2,0,0,0,1,2,2,2,2,0,0,2,2
40,-4487.620,6303.266,-189.412,-236.956,-0.545868,-0.837497,-0.025025,0.837646,-0.544786,-0.039476,0.019428,-0.042511,0.998907,0,0.82809,-1.00000,49.685,-2.000,-1,400.000,-1,375.000,-1,325.000,325.000,300.000,200.000,-1,-1,-1,-1,725.000,725.000,-1,-1,2,0,2,0,2,0,0,0,1,2,2,2,2,0,0,2,2
41,-4513.186,6345.742,-188.450,-238.956,-0.516351,-0.856017,-0.024843,0.856104,-0.515236,-0.040221,0.021630,-0.042036,0.998882,0,0.82628,-1.00000,49.577,-2.000,-1,400.000,-1,375.000,-1,325.000,325.000,300.000,200.000,-1,-1,-1,-1,725.000,725.000,-1,-1,2,0,2,0,2,0,0,0,1,2,2,2,2,0,0,2,2
42,-4537.201,6388.990,-187.386,-240.956,-0.486208,-0.873504,-0.024326,0.873508,-0.485063,-0.041197,0.024186,-0.041279,0.998855,0,0.82447,-1.00000,49.468,-2.000,-1,400.000,-1,375.000,-1,325.000,325.000,300.000,200.000,-1,-1,-1,-1,725.000,725.000,-1,-1,2,0,2,0,2,0,0,0,1,2,2,2,2,0,0,2,2
43,-4559.645,6432.953,-185.562,-242.956,-0.455483,-0.889838,-0.026914,0.889896,-0.454250,-0.041740,0.024916,-0.042962,0.998766,0,0.82267,-1.00000,49.360,-2.000,-1,400.000,-1,375.000,-1,325.000,325.000,300.000,200.000,-1,-1,-1,-1,700.000,725.000,-1,-1,2,0,2,0,2,0,0,0,1,2,2,2,2,0,0,2,2
44,-4578.677,6473.245,-184.199,-244.716,-0.427992,-0.903347,-0.028033,0.903396,-0.426696,-0.042506,0.026436,-0.043517,0.998703,0,0.74267,-0.88000,44.560,-1.760,-1,400.000,-1,375.000,-1,325.000,325.000,300.000,225.000,-1,-1,-1,-1,700.000,725.000,-1,-1,2,0,2,0,2,0,0,0,1,2,2,2,2,0,0,2,2
45,-4594.698,6509.634,-183.262,-246.236,-0.403933,-0.914366,-0.027796,0.914337,-0.402592,-0.043678,0.028747,-0.043058,0.998659,0,0.66267,-0.76000,39.760,-1.520,-1,400.000,-1,375.000,-1,325.000,325.000,300.000,225.000,-1,-1,-1,-1,700.000,725.000,-1,-1,2,0,2,0,2,0,0,0,1,2,2,2,2,0,0,2,2
46,-4608.067,6541.938,-182.650,-247.516,-0.383452,-0.923176,-0.026667,0.923023,-0.382084,-0.045158,0.031500,-0.041930,0.998624,0,0.58267,-0.64000,34.960,-1.280,-1,400.000,-1,400.000,-1,325.000,325.000,300.000,225.000,-1,900.000,-1,-1,725.000,725.000,-1,-1,2,0,2,0,2,0,0,0,1,2,0,2,2,0,0,2,2
47,-4619.093,6570.010,-181.874,-248.556,-0.366680,-0.929959,-0.026869,0.929757,-0.365266,-0.046182,0.033133,-0.041915,0.998572,0,0.50267,-0.52000,30.160,-1.040,-1,400.000,-1,400.000,-1,325.000,325.000,300.000,225.000,-1,850.000,1000.000,-1,725.000,750.000,-1,-1,2,0,2,0,2,0,0,0,1,2,0,0,2,0,0,2,2
48,-4628.034,6593.742,-181.097,-249.356,-0.353705,-0.934949,-0.027616,0.934735,-0.352239,-0.046892,0.034114,-0.042400,0.998518,0,0.42267,-0.40000,25.360,-0.800,-1,400.000,-1,400.000,-1,325.000,325.000,275.000,225.000,-1,800.000,975.000,-1,725.000,750.000,-1,-1,2,0,2,0,2,0,0,0,1,2,0,0,2,0,0,2,2
49,-4635.094,6613.052,-180.463,-249.916,-0.344587,-0.938330,-0.028234,0.938107,-0.343077,-0.047469,0.034855,-0.042844,0.998474,0,0.34267,-0.28000,20.560,-0.560,-1,400.000,-1,400.000,-1,325.000,325.000,275.000,225.000,-1,775.000,950.000,-1,725.000,750.000,-1,-1,2,0,2,0,2,0,0,0,1,2,0,0,2,0,0,2,2
50,-4640.423,6627.884,-179.950,-250.236,-0.339364,-0.940219,-0.028635,0.939993,-0.337827,-0.047804,0.035273,-0.043140,0.998446,0,0.26267,-0.16000,15.760,-0.320,-1,400.000,-1,400.000,-1,325.000,325.000,275.000,225.000,-1,775.000,950.000,-1,725.000,750.000,-1,-1,2,0,2,0,2,0,0,0,1,2,0,0,2,0,0,2,2
51,-4644.115,6638.203,-179.543,-250.316,-0.338056,-0.940686,-0.028764,0.940463,-0.336513,-0.047835,0.035319,-0.043222,0.998441,0,0.18267,-0.04000,10.960,-0.080,-1,400.000,-1,400.000,-1,325.000,325.000,275.000,225.000,-1,775.000,950.000,-1,700.000,750.000,-1,-1,2,0,2,0,2,0,0,0,1,2,0,0,2,0,0,2,2
52,-4646.206,6643.997,-179.310,-250.156,-0.340682,-0.939737,-0.028800,0.939519,-0.339136,-0.047859,0.035208,-0.043363,0.998439,0,0.10267,0.08000,6.160,0.160,-1,400.000,-1,400.000,-1,325.000,325.000,275.000,250.000,-1,800.000,975.000,-1,700.000,750.000,-1,-1,2,0,2,0,2,0,0,0,1,2,0,0,2,0,0,2,2
53,-4646.675,6645.274,-179.251,-249.823,-0.346144,-0.937741,-0.028756,0.937529,-0.344598,-0.047871,0.034981,-0.043530,0.998439,0,0.02267,0.16674,1.360,0.333,-1,400.000,-1,400.000,-1,325.000,325.000,275.000,250.000,-1,800.000,975.000,-1,700.000,750.000,-1,-1,2,0,2,0,2,0,0,0,1,2,0,0,2,0,0,2,2
54,-4645.470,6642.052,-179.369,-249.489,-0.351593,-0.935714,-0.028666,0.935508,-0.350049,-0.047868,0.034756,-0.043647,0.998442,0,-0.05733,0.16677,-3.440,0.334,-1,400.000,-1,400.000,-1,325.000,325.000,275.000,250.000,-1,825.000,975.000,-1,700.000,750.000,-1,-1,2,0,2,0,2,0,0,0,1,2,0,0,2,0,0,2,2
55,-4642.538,6634.351,-179.661,-249.156,-0.357026,-0.933658,-0.028533,0.933456,-0.355486,-0.047850,0.034533,-0.043718,0.998447,0,-0.13733,0.16670,-8.240,0.333,-1,400.000,-1,400.000,-1,325.000,325.000,275.000,225.000,-1,825.000,975.000,-1,700.000,750.000,-1,-1,2,0,2,0,2,0,0,0,1,2,0,0,2,0,0,2,2
56,-4638.685,6624.406,-180.025,-248.823,-0.362438,-0.931577,-0.028336,0.931378,-0.360908,-0.047752,0.034258,-0.043699,0.998457,0,-0.17774,0.16653,-10.665,0.333,-1,400.000,-1,400.000,-1,325.000,325.000,275.000,225.000,-1,825.000,975.000,-1,700.000,750.000,-1,-1,2,0,2,0,2,0,0,0,1,2,0,0,2,0,0,2,2
57,-4634.788,6614.517,-180.340,-248.490,-0.367821,-0.929474,-0.028028,0.929281,-0.366313,-0.047452,0.033838,-0.043499,0.998480,0,-0.17715,0.16631,-10.629,0.333,-1,400.000,-1,400.000,-1,325.000,325.000,275.000,225.000,-1,825.000,975.000,-1,700.000,750.000,-1,-1,2,0,2,0,2,0,0,0,1,2,0,0,2,0,0,2,2
58,-4630.847,6604.684,-180.654,-248.158,-0.373185,-0.927343,-0.027728,0.927155,-0.371699,-0.047154,0.033421,-0.043305,0.998503,0,-0.17656,0.16611,-10.594,0.332,-1,400.000,-1,400.000,-1,325.000,325.000,275.000,225.000,-1,850.000,1000.000,-1,725.000,750.000,-1,-1,2,0,2,0,2,0,0,0,1,2,0,0,2,0,0,2,2
59,-4626.862,6594.906,-180.966,-247.826,-0.378531,-0.925182,-0.027437,0.925000,-0.377067,-0.046859,0.033007,-0.043117,0.998525,0,-0.17597,0.16591,-10.558,0.332,-1,400.000,-1,400.000,-1,325.000,325.000,275.000,225.000,-1,850.000,-1,-1,725.000,750.000,-1,-1,2,0,2,0,2,0,0,0,1,2,0,2,2,0,0,2,2
60,-4622.834,6585.185,-181.276,-247.495,-0.383858,-0.922993,-0.027155,0.922816,-0.382415,-0.046567,0.032597,-0.042934,0.998546,0,-0.17538,0.16571,-10.523,0.331,-1,400.000,-1,400.000,-1,325.000,325.000,300.000,225.000,-1,875.000,-1,-1,725.000,750.000,-1,-1,2,0,2,0,2,0,0,0,1,2,0,2,2,0,0,2,2
61,-4618.764,6575.520,-181.585,-247.164,-0.389168,-0.920775,-0.026881,0.920604,-0.387745,-0.046278,0.032189,-0.042757,0.998567,0,-0.17479,0.16553,-10.487,0.331,-1,400.000,-1,400.000,-1,325.000,325.000,300.000,225.000,-1,875.000,-1,-1,725.000,750.000,-1,-1,2,0,2,0,2,0,0,0,1,2,0,2,2,0,0,2,2
62,-4614.652,6565.911,-181.891,-246.833,-0.394459,-0.918528,-0.026625,0.918364,-0.393056,-0.045990,0.031778,-0.042593,0.998587,0,-0.17419,0.16535,-10.452,0.331,-1,400.000,-1,400.000,-1,325.000,325.000,300.000,225.000,-1,900.000,-1,-1,725.000,750.000,-1,-1,2,0,2,0,2,0,0,0,1,2,0,2,2,0,0,2,2
63,-4610.499,6556.358,-181.989,-246.503,-0.399738,-0.916223,-0.027308,0.916113,-0.398335,-0.045453,0.030767,-0.043187,0.998593,0,-0.17360,0.16518,-10.416,0.330,-1,400.000,-1,400.000,-1,325.000,325.000,300.000,225.000,-1,950.000,-1,-1,700.000,750.000,-1,-1,2,0,2,0,2,0,0,0,1,2,0,2,2,0,0,2,2
64,-4606.306,6546.862,-182.107,-246.173,-0.404997,-0.913892,-0.027908,0.913832,-0.403597,-0.044956,0.029821,-0.043710,0.998599,0,-0.17301,0.16502,-10.380,0.330,-1,400.000,-1,400.000,-1,325.000,325.000,300.000,225.000,-1,-1,-1,-1,700.000,750.000,-1,-1,2,0,2,0,2,0,0,0,1,2,2,2,2,0,0,2,2
65,-4602.073,6537.423,-182.244,-245.843,-0.410237,-0.911536,-0.028424,0.911520,-0.408842,-0.044496,0.028939,-0.044163,0.998605,0,-0.17242,0.16487,-10.345,0.330,-1,400.000,-1,400.000,-1,325.000,325.000,300.000,225.000,-1,-1,-1,-1,700.000,725.000,-1,-1,2,0,2,0,2,0,0,0,1,2,2,2,2,0,0,2,2
66,-4597.800,6528.041,-182.400,-245.513,-0.415457,-0.909155,-0.028856,0.909178,-0.414069,-0.044073,0.028121,-0.044546,0.998611,0,-0.17182,0.16472,-10.309,0.329,-1,400.000,-1,400.000,-1,325.000,325.000,300.000,225.000,-1,-1,-1,-1,700.000,725.000,-1,-1,2,0,2,0,2,0,0,0,1,2,2,2,2,0,0,2,2
67,-4593.488,6518.715,-182.575,-245.184,-0.420660,-0.906748,-0.029204,0.906806,-0.419279,-0.043684,0.027366,-0.044858,0.998618,0,-0.17123,0.16458,-10.274,0.329,-1,400.000,-1,375.000,-1,325.000,325.000,300.000,225.000,-1,-1,-1,-1,700.000,725.000,-1,-1,2,0,2,0,2,0,0,0,1,2,2,2,2,0,0,2,2
68,-4589.138,6509.446,-182.769,-244.855,-0.425844,-0.904317,-0.029467,0.904403,-0.424473,-0.043328,0.026675,-0.045101,0.998626,0,-0.17064,0.16445,-10.239,0.329,-1,400.000,-1,375.000,-1,325.000,325.000,300.000,225.000,-1,-1,-1,-1,700.000,725.000,-1,-1,2,0,2,0,2,0,0,0,1,2,2,2,2,0,0,2,2
69,-4584.749,6500.235,-182.982,-244.527,-0.431010,-0.901860,-0.029647,0.901971,-0.429650,-0.043004,0.026046,-0.045275,0.998635,0,-0.17006,0.16432,-10.203,0.329,-1,375.000,-1,375.000,-1,325.000,325.000,300.000,225.000,-1,-1,-1,-1,700.000,725.000,-1,-1,2,0,2,0,2,0,0,0,1,2,2,2,2,0,0,2,2
70,-4580.324,6491.080,-183.214,-244.198,-0.436159,-0.899378,-0.029742,0.899509,-0.434810,-0.042709,0.025480,-0.045381,0.998645,0,-0.16947,0.16420,-10.168,0.328,-1,375.000,-1,375.000,-1,325.000,325.000,300.000,225.000,-1,-1,-1,-1,700.000,725.000,-1,-1,2,0,2,0,2,0,0,0,1,2,2,2,2,0,0,2,2
71,-4575.861,6481.983,-183.458,-243.870,-0.441291,-0.896870,-0.029766,0.897016,-0.439953,-0.042470,0.024995,-0.045442,0.998654,0,-0.16888,0.16409,-10.133,0.328,-1,400.000,-1,375.000,-1,325.000,325.000,300.000,225.000,-1,-1,-1,-1,700.000,725.000,-1,-1,2,0,2,0,2,0,0,0,1,2,2,2,2,0,0,2,2
72,-4571.362,6472.942,-183.718,-243.542,-0.446406,-0.894337,-0.029712,0.894493,-0.445079,-0.042271,0.024581,-0.045447,0.998664,0,-0.16830,0.16398,-10.098,0.328,-1,400.000,-1,375.000,-1,325.000,325.000,300.000,225.000,-1,-1,-1,-1,700.000,725.000,-1,-1,2,0,2,0,2,0,0,0,1,2,2,2,2,0,0,2,2
73,-4566.827,6463.959,-183.996,-243.214,-0.451504,-0.891779,-0.029573,0.891940,-0.450189,-0.042096,0.024227,-0.045384,0.998676,0,-0.16772,0.16389,-10.063,0.328,-1,400.000,-1,375.000,-1,325.000,325.000,300.000,200.000,-1,-1,-1,-1,700.000,725.000,-1,-1,2,0,2,0,2,0,0,0,1,2,2,2,2,0,0,2,2
74,-4564.448,6459.264,-184.166,-243.127,-0.452865,-0.891094,-0.029403,0.891251,-0.451558,-0.042026,0.024172,-0.045238,0.998684,0,-0.08772,0.04389,-5.263,0.088,-1,400.000,-1,375.000,-1,325.000,325.000,300.000,200.000,-1,-1,-1,-1,700.000,725.000,-1,-1,2,0,2,0,2,0,0,0,1,2,2,2,2,0,0,2,2
75,-4564.239,6458.850,-184.211,-243.279,-0.450497,-0.892298,-0.029272,0.892445,-0.449192,-0.042044,0.024367,-0.045065,0.998687,0,-0.00772,-0.07611,-0.463,-0.152,-1,400.000,-1,375.000,-1,325.000,325.000,300.000,200.000,-1,-1,-1,-1,700.000,725.000,-1,-1,2,0,2,0,2,0,0,0,1,2,2,2,2,0,0,2,2
76,-4566.163,6462.737,-184.126,-243.671,-0.444386,-0.895359,-0.029201,0.895492,-0.443077,-0.042150,0.024801,-0.044880,0.998684,0,0.07228,-0.19611,4.337,-0.392,-1,400.000,-1,375.000,-1,325.000,325.000,300.000,200.000,-1,-1,-1,-1,700.000,725.000,-1,-1,2,0,2,0,2,0,0,0,1,2,2,2,2,0,0,2,2
77,-4570.141,6470.963,-183.899,-244.191,-0.436255,-0.899348,-0.029233,0.899466,-0.434936,-0.042341,0.025364,-0.044766,0.998675,0,0.15228,-0.25999,9.137,-0.520,-1,400.000,-1,375.000,-1,325.000,325.000,300.000,200.000,-1,-1,-1,-1,700.000,725.000,-1,-1,2,0,2,0,2,0,0,0,1,2,2,2,2,0,0,2,2
78,-4576.094,6483.564,-183.531,-244.711,-0.428094,-0.903258,-0.029343,0.903361,-0.426758,-0.042627,0.025981,-0.044756,0.998660,0,0.23228,-0.25993,13.937,-0.520,-1,400.000,-1,375.000,-1,325.000,325.000,300.000,200.000,-1,-1,-1,-1,700.000,725.000,-1,-1,2,0,2,0,2,0,0,0,1,2,2,2,2,0,0,2,2
79,-4583.944,6500.577,-183.050,-245.231,-0.419907,-0.907092,-0.029377,0.907171,-0.418548,-0.043112,0.026811,-0.044753,0.998638,0,0.31228,-0.25985,18.737,-0.520,-1,400.000,-1,375.000,-1,325.000,325.000,300.000,225.000,-1,-1,-1,-1,700.000,725.000,-1,-1,2,0,2,0,2,0,0,0,1,2,2,2,2,0,0,2,2
80,-4593.611,6522.038,-182.514,-245.750,-0.411697,-0.910856,-0.029094,0.910890,-0.410311,-0.043866,0.028018,-0.044561,0.998614,0,0.39228,-0.25971,23.537,-0.519,-1,400.000,-1,375.000,-1,325.000,325.000,300.000,225.000,-1,-1,-1,-1,700.000,725.000,-1,-1,2,0,2,0,2,0,0,0,1,2,2,2,2,0,0,2,2
81,-4605.015,6547.979,-181.997,-246.269,-0.403463,-0.914561,-0.028188,0.914511,-0.402055,-0.044965,0.029790,-0.043920,0.998591,0,0.47228,-0.25949,28.337,-0.519,-1,400.000,-1,400.000,-1,325.000,325.000,300.000,225.000,-1,-1,-1,-1,700.000,750.000,-1,-1,2,0,2,0,2,0,0,0,1,2,2,2,2,0,0,2,2
82,-4618.075,6578.433,-181.434,-246.787,-0.395210,-0.918195,-0.026967,0.918035,-0.393780,-0.046356,0.031945,-0.043077,0.998561,0,0.55228,-0.25915,33.137,-0.518,-1,400.000,-1,400.000,-1,325.000,325.000,300.000,225.000,-1,900.000,-1,-1,725.000,750.000,-1,-1,2,0,2,0,2,0,0,0,1,2,0,2,2,0,0,2,2
83,-4632.712,6613.433,-180.296,-247.305,-0.386960,-0.921676,-0.027850,0.921508,-0.385458,-0.047374,0.032929,-0.043996,0.998489,0,0.63228,-0.25866,37.937,-0.517,-1,400.000,-1,400.000,-1,325.000,325.000,275.000,225.000,-1,875.000,-1,-1,700.000,750.000,-1,-1,2,0,2,0,2,0,0,0,1,2,0,2,2,0,0,2,2
84,-4648.846,6653.007,-178.881,-247.820,-0.378683,-0.925087,-0.028530,0.924917,-0.377135,-0.047934,0.033583,-0.044540,0.998443,0,0.71228,-0.25794,42.737,-0.516,-1,375.000,-1,400.000,-1,325.000,325.000,275.000,250.000,-1,875.000,-1,-1,700.000,750.000,-1,-1,2,0,2,0,2,0,0,0,1,2,0,2,2,0,0,2,2
85,-4666.396,6697.186,-177.160,-248.334,-0.370388,-0.928430,-0.028813,0.928252,-0.368823,-0.048154,0.034081,-0.044581,0.998424,0,0.79228,-0.25694,47.537,-0.514,-1,375.000,-1,400.000,-1,325.000,325.000,275.000,250.000,-1,900.000,-1,-1,700.000,750.000,-1,-1,2,0,2,0,2,0,0,0,1,2,0,2,2,0,0,2,2
86,-4684.960,6745.159,-175.176,-248.845,-0.362107,-0.931701,-0.028480,0.931477,-0.360532,-0.048657,0.035065,-0.044148,0.998409,0,0.85732,-0.25557,51.439,-0.511,-1,375.000,-1,400.000,-1,325.000,325.000,275.000,275.000,-1,925.000,-1,-1,700.000,750.000,-1,-1,2,0,2,0,2,0,0,0,1,2,0,2,2,0,0,2,2
87,-4702.990,6793.010,-173.211,-249.353,-0.353857,-0.934876,-0.028157,0.934602,-0.352271,-0.049231,0.036106,-0.043736,0.998390,0,0.85225,-0.25380,51.135,-0.508,-1,375.000,-1,400.000,-1,325.000,325.000,275.000,275.000,-1,875.000,-1,-1,700.000,775.000,-1,-1,2,0,2,0,2,0,0,0,1,2,0,2,2,0,0,2,2
88,-4720.502,6840.753,-171.263,-249.857,-0.345648,-0.937951,-0.027846,0.937627,-0.344048,-0.049875,0.037200,-0.043348,0.998367,0,0.84755,-0.25174,50.853,-0.503,-1,375.000,-1,400.000,-1,325.000,325.000,275.000,300.000,-1,850.000,-1,475.000,700.000,775.000,-1,-1,2,0,2,0,2,0,0,0,1,2,0,2,1,0,0,2,2
89,-4736.264,6885.511,-169.445,-250.600,-0.333472,-0.942356,-0.027613,0.941974,-0.331855,-0.050564,0.038486,-0.042872,0.998339,0,0.79087,-0.37174,47.452,-0.743,-1,375.000,-1,400.000,-1,325.000,325.000,300.000,300.000,-1,825.000,-1,450.000,700.000,775.000,-1,-1,2,0,2,0,2,0,0,0,1,2,0,2,1,0,0,2,2
90,-4751.197,6930.360,-167.629,-251.584,-0.317276,-0.947936,-0.027463,0.947489,-0.315639,-0.051341,0.040000,-0.042310,0.998304,0,0.78783,-0.49174,47.270,-0.983,-1,375.000,-1,400.000,-1,325.000,325.000,300.000,300.000,-1,800.000,975.000,450.000,725.000,775.000,-1,-1,2,0,2,0,2,0,0,0,0,2,0,0,1,0,0,2,2
91,-4765.130,6975.392,-165.734,-252.807,-0.296979,-0.954496,-0.027220,0.953982,-0.295338,-0.051908,0.041507,-0.041383,0.998281,0,0.78564,-0.61174,47.138,-1.223,-1,400.000,-1,400.000,-1,325.000,325.000,300.000,300.000,-1,775.000,925.000,450.000,725.000,775.000,-1,-1,2,0,2,0,2,0,0,0,0,2,0,0,1,0,0,2,2
92,-4777.885,7020.685,-163.713,-254.270,-0.272496,-0.961784,-0.026772,0.961202,-0.270880,-0.052106,0.042863,-0.039932,0.998283,0,0.78423,-0.73174,47.054,-1.463,-1,400.000,-1,400.000,975.000,325.000,325.000,300.000,300.000,-1,800.000,900.000,475.000,725.000,775.000,-1,-1,2,0,2,0,1,0,0,0,0,2,0,0,1,0,0,2,2
93,-4789.279,7066.297,-161.662,-255.974,-0.243778,-0.969471,-0.026431,0.968815,-0.242185,-0.052383,0.044383,-0.038376,0.998277,0,0.78356,-0.85174,47.014,-1.703,-1,400.000,-1,400.000,950.000,325.000,325.000,300.000,300.000,-1,800.000,900.000,500.000,725.000,775.000,-1,975.000,2,0,2,0,1,0,0,0,0,2,0,0,1,0,0,2,1
94,-4799.241,7112.243,-159.584,-257.766,-0.213337,-0.976627,-0.026209,0.975897,-0.211762,-0.052751,0.045968,-0.036831,0.998264,0,0.78355,-0.89601,47.013,-1.792,-1,400.000,-1,400.000,925.000,325.000,325.000,300.000,300.000,-1,800.000,900.000,525.000,725.000,775.000,-1,925.000,2,0,2,0,1,0,0,0,0,2,0,0,1,0,1,2,1
95,-4807.769,7158.495,-157.480,-259.552,-0.182788,-0.982805,-0.026118,0.982002,-0.181224,-0.053203,0.047555,-0.035373,0.998242,0,0.78385,-0.89318,47.031,-1.786,-1,400.000,-1,400.000,875.000,325.000,325.000,300.000,300.000,-1,825.000,875.000,550.000,725.000,750.000,-1,875.000,2,0,2,0,1,0,0,0,0,2,0,0,1,0,1,2,1
96,-4814.103,7201.149,-155.504,-261.552,-0.148374,-0.988582,-0.026292,0.987716,-0.146822,-0.053483,0.049012,-0.033905,0.998223,0,0.71869,-1.00000,43.121,-2.000,-1,400.000,-1,400.000,850.000,325.000,325.000,275.000,300.000,-1,825.000,900.000,575.000,725.000,725.000,-1,825.000,2,0,2,0,1,0,0,0,0,2,0,0,1,0,1,2,1
97,-4818.962,7244.155,-153.495,-263.552,-0.113768,-0.993156,-0.026411,0.992236,-0.112238,-0.053580,0.050249,-0.032302,0.998214,0,0.72133,-1.00000,43.280,-2.000,-1,400.000,-1,400.000,825.000,325.000,325.000,275.000,300.000,-1,850.000,900.000,625.000,750.000,700.000,-1,800.000,2,0,2,0,1,0,0,0,0,2,0,0,1,0,1,2,1
98,-4822.248,7286.408,-151.350,-265.552,-0.078982,-0.996534,-0.026092,0.995572,-0.077514,-0.053182,0.050975,-0.030177,0.998244,0,0.70635,-1.00000,42.381,-2.000,-1,400.000,-1,400.000,800.000,325.000,325.000,275.000,300.000,-1,900.000,950.000,650.000,750.000,675.000,-1,750.000,2,0,2,0,1,0,0,0,0,2,0,0,1,0,1,2,1
99,-4824.062,7328.863,-149.173,-267.552,-0.044102,-0.998692,-0.025857,0.997692,-0.042690,-0.052805,0.051632,-0.028127,0.998270,0,0.70823,-1.00000,42.494,-2.000,-1,400.000,-1,400.000,775.000,325.000,325.000,275.000,300.000,-1,950.000,975.000,700.000,750.000,650.000,-1,725.000,2,0,2,0,1,0,0,0,0,2,0,0,1,0,1,2,1
100,-4824.395,7371.467,-146.967,-269.552,-0.009169,-0.999627,-0.025712,0.998594,-0.007811,-0.052434,0.052214,-0.026157,0.998293,0,0.71009,-1.00000,42.605,-2.000,-1,400.000,-1,400.000,750.000,325.000,325.000,275.000,300.000,-1,1000.000,-1,775.000,775.000,625.000,-1,675.000,2,0,2,0,1,0,0,0,0,2,0,2,1,0,1,2,1
101,-4823.237,7414.167,-144.736,-271.552,0.025772,-0.999339,-0.025658,0.998277,0.027082,-0.052058,0.052719,-0.024272,0.998314,0,0.71192,-1.00000,42.715,-2.000,-1,400.000,-1,400.000,725.000,325.000,325.000,275.000,300.000,-1,-1,-1,-1,775.000,575.000,-1,650.000,2,0,2,0,1,0,0,0,0,2,2,2,2,0,1,2,1
102,-4820.583,7456.908,-142.484,-273.552,0.060680,-0.997827,-0.025694,0.996742,0.061944,-0.051662,0.053141,-0.022475,0.998334,0,0.71372,-1.00000,42.823,-2.000,-1,400.000,1000.000,400.000,700.000,325.000,325.000,275.000,300.000,-1,-1,-1,-1,800.000,550.000,-1,625.000,2,0,1,0,1,0,0,0,0,2,2,2,2,0,1,2,1
103,-4816.429,7499.636,-140.213,-275.552,0.095510,-0.995094,-0.025820,0.993991,0.096734,-0.051233,0.053480,-0.020772,0.998353,0,0.71549,-1.00000,42.930,-2.000,-1,400.000,850.000,400.000,675.000,325.000,325.000,275.000,300.000,-1,-1,-1,-1,800.000,525.000,-1,600.000,2,0,1,0,1,0,0,0,0,2,2,2,2,0,1,2,1
104,-4810.773,7542.296,-137.928,-277.552,0.130220,-0.991143,-0.026034,0.990028,0.131407,-0.050758,0.053730,-0.019164,0.998372,0,0.71723,-1.00000,43.034,-2.000,-1,400.000,750.000,400.000,650.000,325.000,325.000,275.000,300.000,-1,-1,-1,-1,800.000,500.000,-1,550.000,2,0,1,0,1,0,0,0,0,2,2,2,2,0,1,2,1
105,-4803.615,7584.833,-135.631,-279.552,0.164768,-0.985981,-0.026331,0.984859,0.165922,-0.050224,0.053889,-0.017657,0.998391,0,0.71892,-1.00000,43.135,-2.000,-1,400.000,675.000,400.000,625.000,325.000,325.000,275.000,300.000,-1,-1,-1,-1,825.000,475.000,-1,525.000,2,1,1,1,1,1,0,0,0,2,2,2,2,0,1,2,1
106,-4794.956,7627.191,-133.326,-281.552,0.199111,-0.979613,-0.026708,0.978490,0.200236,-0.049619,0.053955,-0.016254,0.998411,0,0.72056,-1.00000,43.234,-2.000,-1,375.000,600.000,375.000,600.000,300.000,325.000,275.000,300.000,-1,-1,-1,-1,825.000,425.000,-1,500.000,2,1,1,1,1,1,1,0,0,2,2,2,2,0,1,2,1
107,-4786.106,7664.592,-131.278,-283.312,0.229131,-0.973018,-0.027098,0.971900,0.230232,-0.049016,0.053932,-0.015105,0.998430,0,0.64056,-0.88000,38.434,-1.760,-1,350.000,550.000,350.000,575.000,300.000,300.000,275.000,300.000,-1,-1,-1,-1,600.000,400.000,-1,475.000,2,1,1,1,1,1,1,0,0,2,2,2,2,1,1,2,1
108,-4777.496,7697.104,-129.487,-284.832,0.254881,-0.966582,-0.027476,0.965472,0.255965,-0.048434,0.053849,-0.014183,0.998448,0,0.56056,-0.76000,33.634,-1.520,-1,325.000,500.000,325.000,550.000,275.000,275.000,275.000,300.000,-1,-1,-1,-1,525.000,375.000,-1,450.000,2,1,1,1,1,1,1,0,1,2,2,2,2,1,1,2,1
109,-4769.494,7724.805,-127.955,-286.112,0.276425,-0.960633,-0.027825,0.959532,0.277496,-0.047894,0.053730,-0.013460,0.998465,0,0.48056,-0.64000,28.834,-1.280,-1,325.000,450.000,300.000,525.000,275.000,275.000,275.000,300.000,-1,-1,-1,-1,450.000,375.000,-1,425.000,2,1,1,1,1,1,1,0,1,2,2,2,2,1,1,2,1
110,-4762.407,7747.770,-126.679,-287.152,0.293827,-0.955444,-0.028131,0.954355,0.294888,-0.047415,0.053598,-0.012915,0.998479,0,0.40056,-0.52000,24.034,-1.040,-1,300.000,425.000,300.000,500.000,250.000,250.000,275.000,300.000,-1,-1,-1,-1,425.000,350.000,-1,425.000,2,1,1,1,1,1,1,0,1,2,2,2,2,1,1,2,1
111,-4756.478,7766.067,-125.605,-287.952,0.307153,-0.951241,-0.028227,0.950147,0.308202,-0.047252,0.053647,-0.012306,0.998484,0,0.32056,-0.40000,19.234,-0.800,-1,275.000,400.000,275.000,500.000,250.000,250.000,275.000,300.000,-1,-1,-1,-1,400.000,325.000,-1,400.000,2,1,1,1,1,1,1,0,1,2,2,2,2,1,1,2,1
112,-4751.895,7779.753,-124.766,-288.512,0.316449,-0.948190,-0.028213,0.947084,0.317486,-0.047262,0.053771,-0.011764,0.998484,0,0.24056,-0.28000,14.434,-0.560,-1,275.000,400.000,275.000,475.000,225.000,250.000,275.000,300.000,-1,-1,-1,-1,375.000,325.000,-1,400.000,2,1,1,1,1,1,1,0,1,2,2,2,2,1,1,2,1
113,-4748.778,7788.869,-124.207,-288.880,0.322544,-0.946134,-0.028209,0.945022,0.323574,-0.047268,0.053849,-0.011412,0.998484,0,0.16056,-0.18408,9.634,-0.368,-1,275.000,375.000,275.000,475.000,225.000,225.000,275.000,300.000,-1,-1,-1,-1,350.000,325.000,-1,375.000,2,1,1,1,1,1,1,0,1,2,2,2,2,1,1,2,1
114,-4747.185,7793.432,-123.921,-289.247,0.328606,-0.944047,-0.028171,0.942926,0.329627,-0.047288,0.053928,-0.011025,0.998484,0,0.08056,-0.18344,4.834,-0.367,-1,275.000,375.000,275.000,475.000,225.000,225.000,275.000,275.000,-1,-1,-1,-1,350.000,325.000,-1,375.000,2,1,1,1,1,1,1,0,1,2,2,2,2,1,1,2,1
115,-4747.174,7793.464,-123.916,-289.374,0.330700,-0.943316,-0.028146,0.942192,0.331717,-0.047300,0.053955,-0.010877,0.998484,0,0.00056,-0.06344,0.034,-0.127,-1,275.000,375.000,275.000,475.000,225.000,225.000,275.000,275.000,-1,-1,-1,-1,350.000,325.000,-1,375.000,2,1,1,1,1,1,1,0,1,2,2,2,2,1,1,2,1
116,-4748.759,7788.969,-124.186,-289.431,0.331636,-0.942989,-0.028097,0.941862,0.332650,-0.047321,0.053970,-0.010770,0.998484,0,-0.07944,-0.02832,-4.766,-0.057,-1,275.000,375.000,275.000,500.000,225.000,225.000,275.000,300.000,-1,-1,-1,-1,350.000,325.000,-1,400.000,2,1,1,1,1,1,1,0,1,2,2,2,2,1,1,2,1
117,-4751.988,7779.964,-124.724,-289.728,0.336528,-0.941258,-0.027961,0.940122,0.337529,-0.047383,0.054037,-0.010341,0.998485,0,-0.15944,-0.14832,-9.566,-0.297,-1,275.000,375.000,275.000,500.000,225.000,250.000,275.000,300.000,-1,-1,-1,-1,350.000,325.000,950.000,400.000,2,1,1,1,1,1,1,0,1,2,2,2,2,1,1,1,1
118,-4753.639,7775.492,-124.982,-290.264,0.345350,-0.938062,-0.027815,0.936911,0.346333,-0.047455,0.054149,-0.009672,0.998486,0,-0.07944,-0.26832,-4.766,-0.537,-1,275.000,400.000,275.000,525.000,225.000,250.000,275.000,300.000,-1,-1,-1,-1,350.000,325.000,750.000,425.000,2,1,1,1,1,1,1,0,1,2,2,2,2,1,1,1,1
119,-4753.627,7775.523,-124.962,-290.946,0.356513,-0.933880,-0.027684,0.932712,0.357476,-0.047531,0.054285,-0.008876,0.998486,0,0.00056,-0.34098,0.034,-0.682,-1,275.000,375.000,300.000,550.000,225.000,250.000,275.000,300.000,-1,-1,-1,-1,350.000,350.000,700.000,425.000,2,1,1,1,1,1,1,0,1,2,2,2,2,1,1,1,1
120,-4751.846,7780.017,-124.666,-291.628,0.367623,-0.929565,-0.027602,0.928382,0.368568,-0.047594,0.054415,-0.008129,0.998485,0,0.08056,-0.34097,4.834,-0.682,-1,275.000,375.000,300.000,550.000,225.000,250.000,275.000,300.000,-1,-1,-1,-1,350.000,325.000,625.000,425.000,2,1,1,1,1,1,1,0,1,2,2,2,2,1,1,1,1
121,-4748.189,7788.929,-124.096,-292.310,0.378671,-0.925121,-0.027573,0.923923,0.379600,-0.047640,0.054540,-0.007435,0.998484,0,0.16056,-0.34076,9.634,-0.682,-1,250.000,375.000,275.000,550.000,225.000,250.000,275.000,300.000,-1,-1,-1,-1,325.000,325.000,575.000,425.000,2,1,1,1,1,1,1,0,1,2,2,2,2,1,1,1,1
122,-4742.551,7802.216,-123.137,-292.990,0.389662,-0.920553,-0.027317,0.919312,0.390567,-0.048192,0.055033,-0.006334,0.998464,0,0.24056,-0.34035,14.434,-0.681,-1,250.000,350.000,275.000,525.000,225.000,225.000,275.000,300.000,-1,-1,-1,-1,325.000,325.000,500.000,425.000,2,1,1,1,1,1,1,0,1,2,2,2,2,1,1,1,1
123,-4734.903,7819.864,-121.653,-293.431,0.396779,-0.917531,-0.026533,0.916184,0.397640,-0.049892,0.056328,-0.004513,0.998402,0,0.32056,-0.22035,19.234,-0.441,-1,225.000,350.000,275.000,525.000,200.000,225.000,300.000,275.000,-1,-1,-1,-1,300.000,300.000,475.000,400.000,2,1,1,1,1,1,1,0,1,2,2,2,2,1,1,1,1
124,-4725.213,7841.858,-119.645,-293.778,0.402408,-0.915113,-0.025228,0.913594,0.403194,-0.052737,0.058432,-0.001827,0.998290,0,0.40056,-0.17353,24.034,-0.347,-1,225.000,325.000,250.000,500.000,200.000,200.000,300.000,275.000,-1,-1,-1,-1,275.000,300.000,425.000,375.000,2,1,1,1,1,1,1,0,1,2,2,2,2,1,1,1,1
125,-4713.431,7868.174,-117.007,-294.120,0.407998,-0.912689,-0.023154,0.910895,0.408648,-0.057239,0.061703,0.002262,0.998092,0,0.48056,-0.17099,28.834,-0.342,-1,200.000,300.000,225.000,450.000,175.000,200.000,300.000,275.000,-1,950.000,1000.000,-1,275.000,275.000,400.000,350.000,2,1,1,1,1,1,1,0,1,2,0,0,2,1,1,1,1
126,-4699.508,7898.792,-113.620,-294.456,0.413576,-0.910249,-0.020055,0.908036,0.413979,-0.063972,0.066532,0.008247,0.997750,0,0.56056,-0.16798,33.634,-0.336,-1,200.000,275.000,200.000,425.000,175.000,175.000,325.000,250.000,-1,850.000,875.000,-1,250.000,250.000,350.000,325.000,2,1,1,1,1,1,1,0,1,2,0,0,2,1,1,1,1
127,-4683.398,7933.687,-109.345,-294.785,0.419194,-0.907762,-0.015637,0.904928,0.419153,-0.073601,0.073367,0.016702,0.997165,0,0.64056,-0.16443,38.434,-0.329,-1,175.000,225.000,175.000,375.000,150.000,150.000,350.000,250.000,-1,650.000,675.000,-1,225.000,225.000,325.000,275.000,2,1,1,1,1,1,1,0,1,2,0,0,2,1,1,1,1
128,-4664.890,7972.761,-103.938,-295.354,0.428926,-0.903292,-0.009270,0.899485,0.428020,-0.087899,0.083366,0.029364,0.996086,0,0.72056,-0.28443,43.234,-0.569,-1,150.000,200.000,150.000,325.000,125.000,150.000,375.000,250.000,-1,500.000,475.000,-1,200.000,175.000,275.000,250.000,2,1,1,1,1,1,1,0,1,2,0,0,2,1,1,1,1
129,-2295.644,984.028,-309.898,-14.798,0.928012,0.253706,-0.272811,-0.275254,0.960401,-0.043178,0.251054,0.115162,0.961098,1,0.00000,0.00000,48.034,-0.809,-1,75.000,-1,-1,-1,75.000,200.000,-1,350.000,975.000,100.000,25.000,225.000,100.000,-1,175.000,-1,2,1,2,2,2,1,1,2,0,0,0,0,0,1,2,1,2
130,-5580.149,9511.861,-71.365,169.851,-0.984297,-0.176173,0.011056,0.175928,-0.984196,-0.020210,0.014442,-0.017948,0.999735,1,0.08000,-0.12000,4.800,-0.240,-1,375.000,-1,375.000,-1,300.000,325.000,300.000,300.000,-1,375.000,375.000,550.000,700.000,750.000,-1,-1,2,0,2,0,2,0,0,0,0,2,1,1,1,0,0,2,2
131,-5589.584,9513.632,-71.236,169.371,-0.982783,-0.184413,0.011375,0.184161,-0.982688,-0.020215,0.014906,-0.017772,0.999731,0,0.16000,-0.24000,9.600,-0.480,-1,375.000,-1,375.000,-1,325.000,325.000,300.000,300.000,-1,400.000,375.000,550.000,700.000,750.000,-1,-1,2,0,2,0,2,0,0,0,0,2,1,1,1,0,0,2,2
132,-5603.703,9516.466,-71.039,168.651,-0.980383,-0.196748,0.011851,0.196486,-0.980298,-0.020231,0.015598,-0.017505,0.999725,0,0.24000,-0.36000,14.400,-0.720,-1,375.000,-1,400.000,-1,325.000,325.000,300.000,300.000,-1,425.000,400.000,575.000,700.000,750.000,-1,-1,2,0,2,0,2,0,0,0,0,2,1,1,1,0,0,2,2
133,-5622.478,9520.485,-70.770,167.918,-0.977776,-0.209280,0.012476,0.209006,-0.977704,-0.020268,0.016439,-0.017210,0.999717,0,0.32000,-0.36668,19.200,-0.733,-1,375.000,-1,400.000,-1,325.000,325.000,300.000,300.000,-1,425.000,400.000,575.000,725.000,750.000,-1,-1,2,0,2,0,2,0,0,0,0,2,1,1,1,0,0,2,2
