timestep,x_cm,y_cm,z_cm,yaw_deg,basis_xx,basis_xy,basis_xz,basis_yx,basis_yy,basis_yz,basis_zx,basis_zy,basis_zz,teleport_flag,throttle_cmd,steering_cmd,cmd_move_cm,cmd_turn_deg,lidar_cm_0,lidar_cm_1,lidar_cm_2,lidar_cm_3,lidar_cm_4,lidar_cm_5,lidar_cm_6,lidar_cm_7,lidar_cm_8,lidar_cm_9,lidar_cm_10,lidar_cm_11,lidar_cm_12,lidar_cm_13,lidar_cm_14,lidar_cm_15,lidar_cm_16,lidar_class_0,lidar_class_1,lidar_class_2,lidar_class_3,lidar_class_4,lidar_class_5,lidar_class_6,lidar_class_7,lidar_class_8,lidar_class_9,lidar_class_10,lidar_class_11,lidar_class_12,lidar_class_13,lidar_class_14,lidar_class_15,lidar_class_16
0,4263.991,-6226.575,-136.971,84.797,0.090661,-0.995561,0.025269,0.995881,0.090653,-0.001443,-0.000854,0.025295,0.999680,1,0.08000,-0.12000,4.800,-0.240,-1,400.000,-1,375.000,925.000,325.000,300.000,300.000,325.000,-1,450.000,475.000,-1,725.000,625.000,-1,-1,2,0,2,0,0,0,0,0,0,2,0,0,2,0,0,2,2
1,4264.941,-6217.023,-136.972,84.317,0.099007,-0.994773,0.024976,0.995087,0.098991,-0.001892,-0.000591,0.025041,0.999686,0,0.16000,-0.24000,9.600,-0.480,-1,400.000,-1,375.000,925.000,325.000,300.000,300.000,325.000,-1,450.000,475.000,-1,725.000,625.000,-1,-1,2,0,2,0,0,0,0,0,0,2,0,0,2,0,0,2,2
2,4266.547,-6202.712,-136.976,83.597,0.111514,-0.993460,0.024521,0.993763,0.111485,-0.002566,-0.000184,0.024654,0.999696,0,0.24000,-0.36000,14.400,-0.720,-1,400.000,-1,375.000,925.000,325.000,300.000,300.000,325.000,-1,450.000,475.000,-1,725.000,625.000,-1,-1,2,0,2,0,0,0,0,0,0,2,0,0,2,0,0,2,2
3,4269.008,-6183.671,-136.986,82.637,0.128162,-0.991466,0.023881,0.991753,0.128115,-0.003468,0.000379,0.024128,0.999709,0,0.32000,-0.48000,19.200,-0.960,-1,400.000,-1,375.000,925.000,325.000,300.000,300.000,325.000,-1,450.000,475.000,-1,725.000,625.000,-1,-1,2,0,2,0,0,0,0,0,0,2,0,0,2,0,0,2,2
4,4272.582,-6159.938,-137.006,81.437,0.148920,-0.988581,0.023028,0.988849,0.148853,-0.004599,0.001119,0.023457,0.999724,0,0.40000,-0.60000,24.000,-1.200,-1,400.000,-1,375.000,925.000,325.000,300.000,300.000,325.000,-1,450.000,475.000,-1,725.000,625.000,-1,-1,2,0,2,0,0,0,0,0,0,2,0,0,2,0,0,2,2
5,4277.584,-6131.576,-137.040,79.997,0.173743,-0.984547,0.021928,0.984789,0.173653,-0.005960,0.002060,0.022630,0.999742,0,0.48000,-0.72000,28.800,-1.440,-1,400.000,-1,375.000,925.000,325.000,300.000,300.000,325.000,-1,450.000,475.000,-1,725.000,625.000,-1,1000.000,2,0,2,0,0,0,0,0,0,2,0,0,2,0,0,2,0
6,4284.388,-6098.672,-137.090,78.317,0.202562,-0.979054,0.020535,0.979264,0.202447,-0.007551,0.003236,0.021639,0.999761,0,0.56000,-0.84000,33.600,-1.680,-1,400.000,-1,350.000,925.000,325.000,300.000,300.000,325.000,-1,425.000,475.000,-1,725.000,625.000,-1,1000.000,2,0,2,0,0,0,0,0,0,2,0,0,2,0,0,2,0
7,4293.401,-6061.344,-137.159,76.427,0.234782,-0.971866,0.018801,0.972037,0.234642,-0.009372,0.004697,0.020475,0.999779,0,0.64000,-0.94528,38.400,-1.891,-1,400.000,-1,350.000,950.000,325.000,300.000,300.000,325.000,-1,375.000,425.000,-1,725.000,625.000,-1,1000.000,2,0,2,0,0,0,0,0,0,2,0,0,2,0,0,2,0
8,4304.925,-6019.710,-137.247,74.529,0.266869,-0.963588,0.016690,0.963710,0.266705,-0.011444,0.006576,0.019138,0.999795,0,0.72000,-0.94889,43.200,-1.898,-1,400.000,-1,350.000,950.000,300.000,300.000,300.000,325.000,-1,350.000,400.000,-1,725.000,625.000,-1,1000.000,2,0,2,0,0,0,0,0,0,2,0,0,2,0,0,2,0
9,4318.821,-5975.307,-137.194,72.622,0.298803,-0.954198,0.014950,0.954278,0.298619,-0.013403,0.008325,0.018272,0.999798,0,0.77543,-0.95323,46.526,-1.906,-1,375.000,-1,350.000,950.000,300.000,300.000,300.000,325.000,-1,325.000,375.000,-1,725.000,625.000,-1,1000.000,2,0,2,0,0,0,0,0,0,2,0,0,2,0,0,2,0
10,4334.219,-5931.299,-136.946,70.715,0.330430,-0.943729,0.013819,0.943777,0.330220,-0.015508,0.010072,0.018166,0.999784,0,0.77707,-0.95389,46.624,-1.908,-1,375.000,-1,350.000,950.000,300.000,300.000,300.000,325.000,-1,325.000,375.000,-1,725.000,625.000,-1,975.000,2,0,2,0,0,0,0,0,0,2,0,0,2,0,0,2,0
11,4351.104,-5887.737,-136.664,68.814,0.361581,-0.932256,0.012573,0.932263,0.361344,-0.017780,0.012032,0.018150,0.999763,0,0.77867,-0.95050,46.720,-1.901,-1,375.000,-1,350.000,950.000,300.000,300.000,300.000,325.000,-1,325.000,350.000,-1,700.000,625.000,-1,975.000,2,0,2,0,0,0,0,0,0,2,0,0,2,0,0,2,0
12,4369.447,-5844.691,-136.360,66.919,0.392222,-0.919803,0.011168,0.919762,0.391960,-0.020141,0.014148,0.018171,0.999735,0,0.77985,-0.94707,46.791,-1.894,-1,375.000,-1,350.000,975.000,300.000,300.000,300.000,325.000,-1,300.000,350.000,-1,700.000,600.000,-1,975.000,2,0,2,0,0,0,0,0,0,2,0,0,2,0,0,2,0
13,4389.218,-5802.231,-135.541,65.032,0.422303,-0.906409,0.009077,0.906319,0.422046,-0.021515,0.015671,0.017312,0.999727,0,0.78062,-0.94364,46.837,-1.887,-1,375.000,-1,350.000,975.000,300.000,300.000,300.000,325.000,-1,325.000,350.000,-1,700.000,600.000,-1,975.000,2,0,2,0,0,0,0,0,0,2,0,0,2,0,0,2,0
14,4410.382,-5760.422,-134.545,63.152,0.451824,-0.892079,0.007039,0.891935,0.451568,-0.023225,0.017540,0.016772,0.999705,0,0.78102,-0.94028,46.861,-1.881,-1,375.000,-1,350.000,1000.000,300.000,300.000,325.000,325.000,-1,350.000,375.000,-1,675.000,600.000,-1,1000.000,2,0,2,0,0,0,0,0,0,2,0,0,2,0,0,2,0
15,4432.904,-5719.325,-133.459,61.277,0.480762,-0.876838,0.004716,0.876630,0.480513,-0.025027,0.019678,0.016166,0.999676,0,0.78106,-0.93732,46.863,-1.875,-1,375.000,-1,350.000,-1,300.000,300.000,325.000,325.000,-1,350.000,375.000,-1,675.000,600.000,-1,1000.000,2,0,2,0,2,0,0,0,0,2,0,0,2,0,0,2,0
16,4456.746,-5678.999,-132.316,59.407,0.509115,-0.860696,0.002266,0.860418,0.508880,-0.026865,0.021969,0.015627,0.999636,0,0.78078,-0.93518,46.847,-1.870,-1,375.000,-1,350.000,-1,300.000,300.000,325.000,325.000,-1,350.000,400.000,-1,675.000,625.000,-1,-1,2,0,2,0,2,0,0,0,0,2,0,0,2,0,0,2,2
17,4481.872,-5639.499,-131.122,57.540,0.536868,-0.843666,-0.000261,0.843314,0.536653,-0.028719,0.024369,0.015199,0.999587,0,0.78023,-0.93344,46.814,-1.867,-1,375.000,-1,350.000,-1,300.000,300.000,325.000,325.000,-1,350.000,400.000,-1,650.000,625.000,-1,-1,2,0,2,0,2,0,0,0,0,2,0,0,2,0,0,2,2
18,4508.243,-5600.875,-129.876,55.675,0.564006,-0.825766,-0.002861,0.825334,0.563817,-0.030577,0.026863,0.014884,0.999528,0,0.77946,-0.93211,46.768,-1.864,-1,375.000,-1,350.000,-1,300.000,300.000,325.000,325.000,-1,325.000,400.000,-1,650.000,625.000,-1,-1,2,0,2,0,2,0,0,0,0,2,0,0,2,0,0,2,2
19,4535.823,-5563.174,-128.551,53.813,0.590511,-0.807009,-0.005650,0.806490,0.590358,-0.032433,0.029509,0.014596,0.999458,0,0.77853,-0.93119,46.712,-1.862,-1,375.000,-1,350.000,-1,300.000,300.000,325.000,325.000,-1,325.000,375.000,-1,650.000,625.000,-1,-1,2,0,2,0,2,0,0,0,0,2,0,0,2,0,0,2,2
20,4564.574,-5526.438,-127.068,51.952,0.616359,-0.787414,-0.008999,0.786794,0.616264,-0.034266,0.032527,0.014040,0.999372,0,0.77748,-0.93069,46.649,-1.861,-1,375.000,-1,350.000,-1,300.000,300.000,325.000,325.000,-1,300.000,350.000,-1,650.000,625.000,-1,-1,2,0,2,0,2,0,0,0,0,2,0,0,2,0,0,2,2
21,4594.461,-5490.706,-125.515,50.091,0.641545,-0.766987,-0.012264,0.766263,0.641516,-0.036032,0.035504,0.013719,0.999275,0,0.77639,-0.93060,46.583,-1.861,-1,375.000,-1,375.000,-1,300.000,300.000,325.000,325.000,-1,300.000,350.000,-1,650.000,650.000,-1,-1,2,0,2,0,2,0,0,0,0,2,0,0,2,0,0,2,2
22,4625.450,-5456.012,-123.843,48.229,0.666066,-0.745738,-0.015199,0.744911,0.666096,-0.037747,0.038273,0.013820,0.999172,0,0.77530,-0.93093,46.518,-1.862,-1,375.000,-1,375.000,-1,300.000,300.000,325.000,325.000,-1,300.000,350.000,-1,650.000,650.000,-1,-1,2,0,2,0,2,0,0,0,0,2,0,0,2,0,0,2,2
23,4657.508,-5422.388,-122.117,46.365,0.689895,-0.723683,-0.018126,0.722746,0.689989,-0.039408,0.041026,0.014087,0.999059,0,0.77429,-0.93167,46.458,-1.863,-1,375.000,-1,375.000,-1,300.000,300.000,325.000,325.000,-1,300.000,325.000,-1,650.000,650.000,-1,-1,2,0,2,0,2,0,0,0,0,2,0,0,2,0,0,2,2
24,4691.647,-5388.877,-120.217,44.468,0.713413,-0.700435,-0.020788,0.699384,0.713563,-0.041102,0.043623,0.014783,0.998939,0,0.79729,-0.94864,47.837,-1.897,-1,375.000,-1,375.000,-1,300.000,300.000,325.000,325.000,-1,300.000,325.000,-1,650.000,675.000,1000.000,-1,2,0,2,0,2,0,0,0,0,2,0,0,2,0,0,1,2
25,4727.109,-5356.294,-118.096,42.577,0.736106,-0.676486,-0.022683,0.675321,0.736276,-0.042883,0.045711,0.016248,0.998823,0,0.80262,-0.94574,48.157,-1.891,-1,375.000,-1,375.000,-1,300.000,300.000,325.000,325.000,-1,325.000,325.000,-1,650.000,675.000,975.000,-1,2,0,2,0,2,0,0,0,0,2,0,0,2,0,0,1,2
26,4763.854,-5324.697,-115.861,40.692,0.757921,-0.651885,-0.024521,0.650590,0.758103,-0.044867,0.047837,0.018053,0.998692,0,0.80770,-0.94233,48.462,-1.885,975.000,375.000,-1,375.000,-1,300.000,300.000,325.000,325.000,-1,325.000,325.000,-1,625.000,675.000,950.000,-1,1,0,2,0,2,0,0,0,0,2,0,0,2,0,0,1,2
27,4805.218,-5291.143,-113.280,39.047,0.776279,-0.629834,-0.026467,0.628375,0.776470,-0.047328,0.050360,0.020109,0.998529,0,0.88770,-0.82233,53.262,-1.645,900.000,375.000,-1,375.000,-1,300.000,300.000,325.000,325.000,-1,350.000,325.000,-1,625.000,675.000,925.000,-1,1,0,2,0,2,0,0,0,0,2,0,0,2,0,0,1,2
28,4851.194,-5255.681,-110.352,37.643,0.791439,-0.610582,-0.028517,0.608930,0.791639,-0.050124,0.053180,0.022305,0.998336,0,0.96770,-0.70233,58.062,-1.405,850.000,375.000,-1,375.000,-1,300.000,300.000,325.000,325.000,-1,375.000,325.000,-1,625.000,675.000,875.000,-1,1,0,2,0,2,0,0,0,0,2,0,0,2,0,0,1,2
29,4898.999,-5220.334,-107.206,36.478,0.803639,-0.594332,-0.030545,0.592460,0.803841,-0.053204,0.056174,0.024660,0.998116,0,0.99089,-0.58233,59.454,-1.165,800.000,375.000,-1,375.000,-1,300.000,300.000,325.000,325.000,-1,375.000,325.000,-1,650.000,700.000,850.000,-1,1,0,2,0,2,0,0,0,0,2,0,0,2,0,0,1,2
30,4947.605,-5185.595,-103.923,35.553,0.813077,-0.581248,-0.032501,0.579144,0.813280,-0.056278,0.059144,0.026935,0.997886,0,0.99572,-0.46233,59.743,-0.925,775.000,375.000,-1,375.000,-1,300.000,300.000,325.000,325.000,-1,350.000,325.000,-1,650.000,700.000,825.000,-1,1,0,2,0,2,0,0,0,0,2,0,0,2,0,0,1,2
31,4996.832,-5151.292,-100.451,34.869,0.819913,-0.571457,-0.034357,0.569125,0.820122,-0.059136,0.061971,0.028933,0.997658,0,1.00000,-0.34233,60.000,-0.685,725.000,375.000,-1,375.000,-1,300.000,300.000,325.000,325.000,-1,350.000,325.000,-1,650.000,700.000,800.000,-1,1,0,2,0,2,0,0,0,0,2,0,0,2,0,0,1,2
32,5046.325,-5117.372,-96.852,34.424,0.824271,-0.565043,-0.036106,0.562474,0.824486,-0.062015,0.064810,0.030808,0.997422,0,1.00000,-0.22233,60.000,-0.445,700.000,375.000,-1,375.000,-1,300.000,300.000,325.000,300.000,-1,350.000,325.000,-1,650.000,700.000,750.000,-1,1,0,2,0,2,0,0,0,0,2,0,0,2,0,0,1,2
33,5095.938,-5083.629,-92.926,34.219,0.826227,-0.562077,-0.037672,0.559326,0.826473,-0.064009,0.067113,0.031815,0.997238,0,1.00000,-0.10233,60.000,-0.205,650.000,375.000,-1,375.000,-1,300.000,300.000,325.000,300.000,-1,375.000,325.000,-1,650.000,700.000,725.000,-1,1,0,2,0,2,0,0,0,0,2,0,0,2,0,0,1,2
34,5145.531,-5049.856,-88.880,34.255,0.825824,-0.562570,-0.039121,0.559628,0.826102,-0.066116,0.069513,0.032707,0.997045,0,1.00000,0.01767,60.000,0.035,625.000,375.000,-1,375.000,-1,300.000,300.000,325.000,300.000,-1,375.000,350.000,-1,650.000,700.000,675.000,-1,1,0,2,0,2,0,0,0,0,2,0,0,2,0,0,1,2
35,5194.961,-5015.845,-84.662,34.530,0.823043,-0.566522,-0.040661,0.563377,0.823374,-0.068276,0.072159,0.033286,0.996838,0,1.00000,0.13767,60.000,0.275,575.000,375.000,-1,375.000,-1,300.000,300.000,325.000,300.000,-1,400.000,350.000,-1,650.000,700.000,650.000,-1,1,0,2,0,2,0,0,0,0,2,0,0,2,1,0,1,2
36,5244.083,-4981.391,-80.266,35.045,0.817832,-0.573901,-0.042293,0.570540,0.818239,-0.070493,0.075062,0.033522,0.996615,0,1.00000,0.25767,60.000,0.515,525.000,375.000,-1,375.000,-1,300.000,300.000,325.000,300.000,-1,400.000,375.000,-1,625.000,700.000,600.000,-1,1,0,2,0,2,0,0,0,0,2,0,0,2,1,0,1,2
37,5292.746,-4946.293,-75.711,35.801,0.810115,-0.584636,-0.043761,0.581051,0.810600,-0.072847,0.078061,0.033587,0.996383,0,1.00000,0.37767,60.000,0.755,500.000,375.000,-1,375.000,-1,300.000,300.000,325.000,300.000,-1,400.000,375.000,-1,600.000,700.000,550.000,-1,1,0,2,0,2,0,0,0,0,2,0,0,2,1,0,1,2
38,5337.224,-4913.600,-71.330,36.316,0.804772,-0.591891,-0.044800,0.588089,0.805293,-0.075194,0.080584,0.034167,0.996162,0,0.92000,0.25767,55.200,0.515,450.000,375.000,-1,375.000,-1,300.000,300.000,325.000,300.000,-1,400.000,375.000,-1,575.000,700.000,525.000,-1,1,0,2,0,2,0,0,0,0,2,0,0,2,1,0,1,2
39,5377.691,-4883.556,-66.995,36.591,0.801831,-0.595748,-0.046383,0.591725,0.802431,-0.077245,0.083238,0.034491,0.995933,0,0.84000,0.13767,50.400,0.275,425.000,375.000,-1,375.000,-1,300.000,300.000,325.000,300.000,-1,425.000,400.000,-1,550.000,725.000,475.000,-1,1,0,2,0,2,0,0,0,0,2,0,0,2,1,0,1,2
40,5417.462,-4853.990,-62.658,36.627,0.801390,-0.596226,-0.047842,0.591972,0.802041,-0.079368,0.085692,0.035284,0.995697,0,0.82593,0.01767,49.556,0.035,400.000,375.000,-1,375.000,-1,300.000,300.000,325.000,300.000,-1,425.000,400.000,-1,525.000,750.000,450.000,-1,1,0,2,0,2,0,0,0,0,2,0,0,2,1,0,1,2
41,5457.380,-4824.535,-58.248,36.422,0.803454,-0.593329,-0.049208,0.588830,0.804128,-0.081593,0.087981,0.036581,0.995450,0,0.82680,-0.10233,49.608,-0.205,375.000,375.000,-1,375.000,-1,300.000,300.000,325.000,300.000,-1,425.000,400.000,-1,500.000,775.000,425.000,-1,1,0,2,0,2,0,0,0,0,2,0,0,2,1,0,1,2
42,5497.523,-4795.392,-53.815,35.977,0.807987,-0.587034,-0.050479,0.582292,0.808658,-0.083715,0.089964,0.038247,0.995210,0,0.82677,-0.22233,49.606,-0.445,325.000,375.000,-1,375.000,-1,300.000,300.000,325.000,325.000,-1,450.000,400.000,-1,475.000,800.000,375.000,-1,1,1,2,0,2,0,0,0,0,2,0,0,2,1,0,1,2
43,5537.960,-4766.767,-49.373,35.293,0.814909,-0.577283,-0.051655,0.572303,0.815550,-0.085722,0.091613,0.040293,0.994979,0,0.82570,-0.34233,49.542,-0.685,300.000,350.000,-1,375.000,-1,300.000,300.000,325.000,325.000,-1,450.000,400.000,-1,475.000,825.000,350.000,-1,1,1,2,0,2,0,0,0,0,2,0,0,2,1,0,1,2
44,5578.695,-4738.808,-44.911,34.462,0.823166,-0.565346,-0.052747,0.560126,0.823750,-0.087721,0.093043,0.042664,0.994748,0,0.82344,-0.41523,49.406,-0.830,275.000,350.000,-1,375.000,-1,300.000,300.000,325.000,300.000,-1,475.000,400.000,-1,450.000,850.000,325.000,-1,1,1,2,0,2,0,0,1,0,2,0,0,2,1,0,1,2
45,5619.651,-4711.541,-40.432,33.653,0.831049,-0.553594,-0.053763,0.548134,0.831566,-0.089709,0.094370,0.045083,0.994516,0,0.82004,-0.40472,49.202,-0.809,250.000,350.000,-1,400.000,-1,300.000,325.000,300.000,300.000,-1,475.000,400.000,-1,450.000,875.000,300.000,-1,1,1,2,0,2,0,0,1,0,2,0,0,2,1,0,1,2
46,5660.764,-4684.976,-35.943,32.865,0.838566,-0.542046,-0.054705,0.536347,0.839002,-0.091688,0.095597,0.047546,0.994284,0,0.81580,-0.39389,48.948,-0.788,225.000,325.000,-1,400.000,-1,300.000,325.000,275.000,300.000,-1,500.000,400.000,-1,425.000,900.000,275.000,-1,1,1,2,0,2,0,0,1,0,2,0,0,2,1,0,1,2
47,5701.970,-4659.124,-30.941,32.099,0.845739,-0.530665,-0.055862,0.524454,0.845977,-0.096287,0.098354,0.052136,0.993785,0,0.81072,-0.38282,48.643,-0.766,200.000,325.000,-1,400.000,-1,325.000,325.000,275.000,300.000,-1,475.000,400.000,-1,425.000,950.000,250.000,-1,1,1,2,0,2,0,0,1,0,2,0,0,2,1,0,1,2
48,5743.203,-4633.985,-24.347,31.356,0.852610,-0.519323,-0.057966,0.511719,0.852255,-0.108652,0.105827,0.062975,0.992388,0,0.80483,-0.37158,48.290,-0.743,200.000,325.000,-1,425.000,-1,325.000,350.000,250.000,300.000,-1,425.000,325.000,-1,425.000,-1,250.000,-1,1,1,2,0,2,1,0,1,0,2,0,0,2,1,2,1,2
49,5784.406,-4609.568,-17.770,30.636,0.859135,-0.508195,-0.060206,0.499128,0.858094,-0.120608,0.112955,0.073568,0.990873,0,0.79820,-0.36025,47.892,-0.721,200.000,325.000,-1,450.000,-1,325.000,350.000,250.000,300.000,-1,400.000,275.000,-1,450.000,-1,250.000,-1,1,1,2,0,2,1,0,1,0,2,0,0,2,1,2,1,2
50,5825.525,-4585.877,-11.244,29.932,0.865376,-0.497201,-0.062576,0.486593,0.863559,-0.132259,0.119798,0.084004,0.989238,0,0.79088,-0.35204,47.453,-0.704,200.000,325.000,-1,500.000,-1,350.000,375.000,250.000,300.000,-1,350.000,250.000,950.000,500.000,-1,250.000,-1,1,1,2,0,2,1,0,1,0,2,0,0,0,1,2,1,2
51,5866.514,-4562.918,-5.238,29.232,0.871630,-0.486091,-0.063065,0.473964,0.868621,-0.144414,0.124977,0.095985,0.987506,0,0.78296,-0.34981,46.978,-0.700,200.000,350.000,-1,500.000,-1,350.000,400.000,250.000,275.000,-1,325.000,200.000,825.000,575.000,-1,250.000,-1,1,1,2,0,2,1,0,1,0,2,0,0,0,1,2,1,2
52,5910.644,-4538.661,1.339,28.772,0.875809,-0.478489,-0.063307,0.464680,0.871367,-0.157456,0.130504,0.108484,0.985495,0,0.83926,-0.22981,50.355,-0.460,200.000,350.000,-1,525.000,-1,350.000,425.000,250.000,275.000,-1,325.000,175.000,725.000,-1,-1,250.000,-1,1,1,2,0,2,1,0,1,0,2,0,0,0,2,2,1,2
53,5959.161,-4512.421,8.688,28.379,0.879445,-0.471758,-0.063416,0.456073,0.873260,-0.171505,0.136287,0.121906,0.983140,0,0.91926,-0.19660,55.155,-0.393,200.000,400.000,-1,550.000,-1,375.000,450.000,225.000,275.000,-1,325.000,150.000,625.000,-1,-1,250.000,-1,1,1,2,0,2,1,1,1,0,2,0,0,0,2,2,1,2
54,6008.016,-4486.403,16.065,28.009,0.882870,-0.465286,-0.063637,0.447622,0.874742,-0.185637,0.142040,0.135408,0.980556,0,0.92246,-0.18501,55.348,-0.370,200.000,425.000,-1,575.000,-1,400.000,450.000,225.000,250.000,-1,300.000,125.000,550.000,-1,-1,-1,-1,1,1,2,0,2,1,1,1,0,2,0,0,0,2,2,2,2
55,6056.888,-4460.748,23.408,27.664,0.886067,-0.459113,-0.064034,0.439369,0.875819,-0.199738,0.147785,0.148847,0.977755,0,0.91989,-0.17254,55.194,-0.345,250.000,500.000,-1,600.000,-1,450.000,475.000,225.000,250.000,-1,300.000,100.000,500.000,-1,-1,-1,-1,1,1,2,0,2,1,1,1,0,2,0,0,0,2,2,2,2
56,6105.703,-4435.489,28.839,27.345,0.888879,-0.453838,-0.062649,0.433666,0.877585,-0.204396,0.147743,0.154515,0.976881,0,0.91603,-0.15923,54.962,-0.318,-1,575.000,-1,625.000,-1,475.000,500.000,225.000,250.000,-1,325.000,100.000,475.000,-1,-1,-1,-1,2,1,2,0,2,1,1,1,0,2,0,0,0,2,2,2,2
57,6154.368,-4410.631,33.339,27.055,0.891370,-0.449249,-0.060291,0.429480,0.879601,-0.204571,0.144935,0.156455,0.976993,0,0.91077,-0.14510,54.646,-0.290,-1,775.000,-1,625.000,-1,500.000,500.000,200.000,250.000,-1,325.000,100.000,475.000,-1,-1,-1,-1,2,0,2,0,2,1,1,1,0,2,0,0,0,2,2,2,2
58,4919.436,-8855.069,-16.051,122.622,-0.522100,-0.841207,-0.140649,0.832663,-0.538439,0.129446,-0.184622,-0.049530,0.981561,1,0.00000,0.00000,54.243,-0.260,325.000,275.000,800.000,300.000,825.000,225.000,250.000,325.000,300.000,-1,-1,-1,-1,375.000,450.000,300.000,600.000,0,0,0,0,0,0,0,1,1,2,2,2,2,0,0,0,0
59,9506.232,-8199.547,-85.938,-175.364,-0.996331,0.080805,-0.028210,-0.079996,-0.996381,-0.028718,-0.030428,-0.026356,0.999189,1,0.08000,0.12000,4.800,0.240,-1,400.000,-1,425.000,-1,325.000,325.000,325.000,300.000,-1,-1,-1,-1,675.000,825.000,-1,-1,2,0,2,0,2,0,0,0,0,2,2,2,2,0,0,2,2
60,9496.670,-8200.403,-86.213,-174.884,-0.995607,0.089150,-0.028617,-0.088334,-0.995680,-0.028611,-0.031044,-0.025958,0.999181,0,0.16000,0.24000,9.600,0.480,-1,400.000,-1,425.000,-1,325.000,325.000,325.000,300.000,-1,-1,-1,-1,675.000,825.000,-1,-1,2,0,2,0,2,0,0,0,0,2,2,2,2,0,0,2,2
61,9482.344,-8201.862,-86.627,-174.185,-0.994429,0.101279,-0.029222,-0.100453,-0.994534,-0.028468,-0.031945,-0.025374,0.999167,0,0.24000,0.34912,14.400,0.698,-1,400.000,-1,400.000,-1,325.000,325.000,325.000,300.000,-1,-1,-1,-1,675.000,825.000,-1,-1,2,0,2,0,2,0,0,0,0,2,2,2,2,0,0,2,2
62,9463.268,-8204.038,-87.185,-173.490,-0.993103,0.113348,-0.029989,-0.112510,-0.993247,-0.028311,-0.032996,-0.024742,0.999149,0,0.32000,0.34785,19.200,0.696,1000.000,375.000,-1,400.000,-1,325.000,325.000,325.000,300.000,-1,-1,-1,-1,675.000,800.000,-1,-1,0,0,2,0,2,0,0,0,0,2,2,2,2,0,0,2,2
63,9439.457,-8207.048,-87.886,-172.797,-0.991631,0.125349,-0.030911,-0.124496,-0.991821,-0.028140,-0.034185,-0.024056,0.999126,0,0.40000,0.34631,24.000,0.693,975.000,375.000,-1,400.000,-1,325.000,325.000,325.000,300.000,-1,-1,-1,-1,650.000,800.000,-1,-1,0,0,2,0,2,0,0,0,0,2,2,2,2,0,0,2,2
64,9410.930,-8211.002,-88.732,-172.108,-0.990017,0.137273,-0.031975,-0.136403,-0.990259,-0.027950,-0.035501,-0.023309,0.999098,0,0.48000,0.34461,28.800,0.689,925.000,375.000,-1,400.000,-1,325.000,325.000,325.000,300.000,-1,-1,-1,-1,650.000,800.000,-1,-1,0,0,2,0,2,0,0,0,0,2,2,2,2,0,0,2,2
65,9377.706,-8216.013,-89.724,-171.422,-0.988263,0.149117,-0.033170,-0.148232,-0.988564,-0.027733,-0.036926,-0.022490,0.999065,0,0.56000,0.34287,33.600,0.686,900.000,375.000,-1,400.000,-1,325.000,325.000,325.000,300.000,-1,-1,-1,-1,650.000,775.000,975.000,-1,0,0,2,0,2,0,0,0,0,2,2,2,2,0,0,0,2
66,9339.806,-8222.192,-90.860,-170.740,-0.986371,0.160884,-0.034479,-0.159983,-0.986737,-0.027476,-0.038443,-0.021586,0.999028,0,0.64000,0.34122,38.400,0.682,850.000,375.000,-1,400.000,-1,300.000,325.000,325.000,300.000,-1,-1,-1,-1,625.000,775.000,925.000,-1,0,0,2,0,2,0,0,0,0,2,2,2,2,0,0,0,2
67,9297.255,-8229.649,-92.142,-170.060,-0.984342,0.172580,-0.035885,-0.171667,-0.984781,-0.027161,-0.040026,-0.020576,0.998987,0,0.72000,0.33981,43.200,0.680,825.000,350.000,-1,400.000,-1,300.000,325.000,325.000,300.000,-1,-1,-1,-1,600.000,750.000,875.000,-1,0,0,2,0,2,0,0,0,0,2,2,2,2,0,0,0,2
68,9250.460,-8238.421,-93.556,-169.382,-0.982175,0.184219,-0.037354,-0.183298,-0.982693,-0.026768,-0.041639,-0.019444,0.998944,0,0.79349,0.33881,47.609,0.678,775.000,350.000,-1,400.000,-1,300.000,325.000,325.000,300.000,-1,-1,-1,-1,600.000,750.000,825.000,-1,0,0,2,0,2,0,0,0,0,2,2,2,2,0,0,0,2
69,9203.869,-8247.726,-95.290,-168.706,-0.979924,0.195822,-0.037458,-0.194985,-0.980491,-0.024848,-0.041593,-0.017046,0.998989,0,0.79186,0.33839,47.512,0.677,750.000,350.000,-1,375.000,-1,300.000,300.000,325.000,300.000,-1,-1,-1,-1,600.000,725.000,800.000,-1,0,0,2,0,2,0,0,0,0,2,2,2,2,0,0,0,2
70,9157.487,-8257.560,-96.915,-168.028,-0.977568,0.207406,-0.036651,-0.206663,-0.978141,-0.023050,-0.040630,-0.014959,0.999062,0,0.79023,0.33867,47.414,0.677,750.000,350.000,-1,375.000,-1,300.000,300.000,325.000,300.000,-1,-1,-1,-1,575.000,700.000,775.000,-1,0,0,2,0,2,0,0,0,0,2,2,2,2,0,0,0,2
71,9111.317,-8267.923,-98.558,-167.349,-0.975082,0.218994,-0.035454,-0.218342,-0.975638,-0.021377,-0.039271,-0.013103,0.999143,0,0.78864,0.33966,47.319,0.679,725.000,350.000,-1,375.000,-1,300.000,300.000,325.000,300.000,-1,-1,-1,-1,575.000,700.000,750.000,-1,0,0,2,0,2,0,0,0,0,2,2,2,2,0,0,0,2
72,9065.360,-8278.814,-99.926,-166.666,-0.972471,0.230611,-0.033445,-0.230099,-0.972992,-0.018486,-0.036805,-0.010282,0.999270,0,0.78716,0.34135,47.230,0.683,725.000,350.000,-1,375.000,-1,300.000,300.000,325.000,300.000,-1,-1,-1,-1,575.000,675.000,750.000,-1,0,0,2,0,2,0,0,0,0,2,2,2,2,0,0,0,2
73,9019.615,-8290.237,-101.247,-165.979,-0.969699,0.242275,-0.031402,-0.241893,-0.970179,-0.015506,-0.034222,-0.007440,0.999387,0,0.78584,0.34373,47.151,0.687,725.000,350.000,-1,375.000,-1,300.000,300.000,325.000,300.000,-1,-1,-1,-1,575.000,675.000,750.000,-1,0,0,2,0,2,0,0,0,0,2,2,2,2,0,0,0,2
74,8974.075,-8302.196,-102.516,-165.285,-0.966758,0.254005,-0.029326,-0.253742,-0.967192,-0.012428,-0.031521,-0.004573,0.999493,0,0.78473,0.34679,47.084,0.694,750.000,350.000,-1,375.000,-1,300.000,300.000,325.000,300.000,-1,-1,-1,-1,575.000,675.000,750.000,-1,0,0,2,0,2,0,0,0,0,2,2,2,2,0,0,0,2
75,8928.734,-8314.699,-103.732,-164.584,-0.963638,0.265823,-0.027219,-0.265667,-0.964020,-0.009245,-0.028698,-0.001678,0.999587,0,0.78388,0.35053,47.033,0.701,750.000,350.000,-1,375.000,-1,300.000,300.000,325.000,300.000,-1,-1,-1,-1,575.000,650.000,750.000,-1,0,0,2,0,2,0,0,0,0,2,2,2,2,0,0,0,2
76,8883.584,-8327.752,-104.891,-163.874,-0.960327,0.277746,-0.025082,-0.277685,-0.960654,-0.005952,-0.025748,0.001249,0.999668,0,0.78333,0.35494,47.000,0.710,750.000,350.000,-1,375.000,-1,300.000,300.000,325.000,300.000,-1,-1,300.000,-1,575.000,650.000,750.000,-1,0,0,2,0,2,0,0,0,0,2,2,0,2,0,0,0,2
77,8838.612,-8341.369,-105.979,-163.154,-0.956816,0.289794,-0.022869,-0.289812,-0.957080,-0.002572,-0.022632,0.004167,0.999735,0,0.78314,0.36001,46.988,0.720,775.000,350.000,-1,375.000,-1,300.000,300.000,325.000,300.000,-1,350.000,275.000,-1,575.000,625.000,750.000,-1,0,0,2,0,2,0,0,0,0,2,0,0,2,0,0,0,2
78,8793.807,-8355.563,-106.891,-162.423,-0.953099,0.301984,-0.020178,-0.302058,-0.953289,0.000635,-0.019044,0.006700,0.999796,0,0.78333,0.36573,47.000,0.731,775.000,350.000,-1,375.000,-1,300.000,300.000,325.000,300.000,-1,350.000,275.000,-1,575.000,625.000,775.000,-1,0,0,2,0,2,0,0,0,0,2,0,0,2,0,0,0,2
79,8749.155,-8370.349,-107.729,-161.679,-0.949153,0.314334,-0.017421,-0.314445,-0.949268,0.003968,-0.015290,0.009244,0.999840,0,0.78395,0.37210,47.037,0.744,800.000,350.000,-1,375.000,-1,300.000,300.000,325.000,300.000,-1,325.000,250.000,-1,575.000,625.000,775.000,-1,0,0,2,0,2,0,0,0,0,2,0,0,2,0,0,0,2
80,8704.640,-8385.746,-108.490,-160.920,-0.944960,0.326859,-0.014598,-0.326987,-0.944999,0.007438,-0.011364,0.011802,0.999866,0,0.78504,0.37911,47.103,0.758,825.000,350.000,-1,375.000,-1,300.000,300.000,325.000,300.000,-1,300.000,225.000,-1,575.000,625.000,775.000,-1,0,0,2,0,2,0,0,0,0,2,0,0,2,0,0,0,2
81,8660.247,-8401.776,-109.170,-160.147,-0.940506,0.339575,-0.011710,-0.339699,-0.940469,0.011056,-0.007259,0.014376,0.999870,0,0.78664,0.38675,47.198,0.774,825.000,350.000,-1,350.000,-1,300.000,300.000,325.000,300.000,-1,300.000,225.000,-1,575.000,625.000,800.000,-1,0,0,2,0,2,0,0,0,0,2,0,0,2,0,0,0,2
82,8615.960,-8418.461,-109.614,-159.357,-0.935769,0.352500,-0.008981,-0.352597,-0.935668,0.014152,-0.003414,0.016409,0.999860,0,0.78876,0.39503,47.326,0.790,850.000,350.000,-1,350.000,-1,300.000,300.000,325.000,325.000,-1,275.000,225.000,-1,575.000,600.000,825.000,-1,0,0,2,0,2,0,0,0,0,2,0,0,2,0,0,0,2
83,8567.360,-8437.305,-109.556,-158.807,-0.932374,0.361463,-0.004848,-0.361492,-0.932232,0.016304,0.001374,0.016955,0.999855,0,0.86876,0.27503,52.126,0.550,875.000,350.000,-1,350.000,-1,300.000,300.000,325.000,325.000,-1,275.000,225.000,-1,575.000,600.000,850.000,-1,0,0,2,0,2,0,0,0,0,2,0,0,2,0,0,0,2
84,8516.393,-8457.385,-109.044,-158.497,-0.930415,0.366506,0.000920,-0.366432,-0.930273,0.017884,0.007410,0.016303,0.999840,0,0.91300,0.15503,54.780,0.310,925.000,350.000,-1,350.000,-1,300.000,300.000,325.000,325.000,-1,275.000,225.000,-1,575.000,625.000,875.000,-1,0,0,2,0,2,0,0,0,0,2,0,0,2,0,0,0,2
85,8465.450,-8477.527,-108.444,-158.427,-0.929943,0.367646,0.006572,-0.367463,-0.929831,0.019611,0.013321,0.015823,0.999786,0,0.91300,0.03503,54.780,0.070,950.000,350.000,-1,350.000,-1,300.000,300.000,300.000,325.000,-1,250.000,225.000,-1,600.000,625.000,925.000,-1,0,0,2,0,2,0,0,0,0,2,0,0,2,0,0,0,2
86,8414.448,-8497.519,-107.434,-158.597,-0.930992,0.364881,0.010803,-0.364587,-0.930902,0.022299,0.018193,0.016822,0.999693,0,0.91300,-0.08497,54.780,-0.170,1000.000,350.000,-1,350.000,-1,300.000,300.000,300.000,325.000,-1,275.000,250.000,-1,600.000,650.000,975.000,-1,0,0,2,0,2,0,0,0,0,2,0,0,2,0,0,0,2
87,8363.335,-8517.227,-106.063,-158.915,-0.932951,0.359689,0.015022,-0.359238,-0.932877,0.026239,0.023451,0.019083,0.999543,0,0.91300,-0.15914,54.780,-0.318,-1,350.000,-1,375.000,-1,300.000,300.000,300.000,325.000,-1,275.000,250.000,-1,600.000,650.000,-1,-1,2,0,2,0,2,0,0,0,0,2,0,0,2,0,0,2,2
88,8312.114,-8536.652,-104.553,-159.233,-0.934865,0.354484,0.019190,-0.353840,-0.934812,0.030383,0.028710,0.021614,0.999354,0,0.91300,-0.15914,54.780,-0.318,-1,350.000,-1,375.000,-1,300.000,300.000,300.000,325.000,-1,275.000,250.000,-1,625.000,650.000,-1,-1,2,0,2,0,2,0,0,0,0,2,0,0,2,0,0,2,2
89,8260.786,-8555.791,-102.864,-159.551,-0.936739,0.349268,0.023072,-0.348424,-0.936721,0.033992,0.033484,0.023803,0.999156,0,0.91300,-0.15914,54.780,-0.318,-1,350.000,-1,375.000,-1,300.000,300.000,300.000,325.000,-1,300.000,225.000,-1,625.000,650.000,-1,-1,2,0,2,0,2,0,0,0,0,2,0,0,2,0,0,2,2
90,8209.352,-8574.645,-101.063,-159.870,-0.938573,0.344041,0.026757,-0.342985,-0.938598,0.037360,0.037967,0.025888,0.998944,0,0.91300,-0.15914,54.780,-0.318,-1,375.000,-1,375.000,-1,300.000,300.000,300.000,325.000,-1,275.000,225.000,-1,650.000,675.000,-1,-1,2,0,2,0,2,0,0,0,0,2,0,0,2,0,0,2,2
91,8157.814,-8593.214,-99.183,-160.188,-0.940369,0.338803,0.030293,-0.337520,-0.940441,0.040637,0.042257,0.027989,0.998715,0,0.91300,-0.15914,54.780,-0.318,-1,375.000,-1,375.000,-1,300.000,300.000,325.000,325.000,-1,275.000,225.000,-1,650.000,675.000,-1,-1,2,0,2,0,2,0,0,0,0,2,0,0,2,0,0,2,2
92,8106.174,-8611.496,-97.226,-160.506,-0.942129,0.333553,0.033682,-0.332029,-0.942250,0.043824,0.046355,0.030104,0.998471,0,0.91300,-0.15914,54.780,-0.318,-1,375.000,-1,375.000,-1,300.000,300.000,325.000,325.000,-1,250.000,225.000,-1,675.000,675.000,-1,-1,2,0,2,0,2,0,0,0,0,2,0,0,2,0,0,2,2
93,8054.433,-8629.490,-95.195,-160.824,-0.943854,0.328292,0.036927,-0.326516,-0.944026,0.046926,0.050265,0.032234,0.998216,0,0.91300,-0.15914,54.780,-0.318,-1,375.000,-1,375.000,-1,300.000,300.000,325.000,300.000,-1,250.000,200.000,-1,675.000,700.000,-1,-1,2,0,2,0,2,0,0,0,0,2,0,0,2,0,0,2,2
94,8002.593,-8647.197,-93.090,-161.143,-0.945545,0.323020,0.040028,-0.320982,-0.945767,0.049947,0.053991,0.034379,0.997949,0,0.91300,-0.15914,54.780,-0.318,-1,375.000,-1,375.000,-1,300.000,300.000,325.000,300.000,-1,250.000,200.000,-1,675.000,700.000,-1,-1,2,0,2,0,2,0,0,0,0,2,0,0,2,0,0,2,2
95,7950.655,-8664.616,-90.609,-161.461,-0.947221,0.317750,0.042503,-0.315534,-0.947513,0.051557,0.056654,0.035424,0.997765,0,0.91300,-0.15914,54.780,-0.318,-1,375.000,-1,375.000,-1,300.000,300.000,300.000,300.000,-1,250.000,225.000,-1,700.000,700.000,-1,-1,2,0,2,0,2,0,0,0,0,2,0,0,2,0,0,2,2
96,7898.622,-8681.744,-87.600,-161.779,-0.948867,0.312489,0.044749,-0.310207,-0.949284,0.051297,0.058509,0.034793,0.997680,0,0.91300,-0.15914,54.780,-0.318,-1,375.000,-1,375.000,-1,300.000,300.000,300.000,300.000,-1,275.000,250.000,-1,700.000,700.000,-1,-1,2,0,2,0,2,0,0,0,0,2,0,0,2,0,0,2,2
97,7846.493,-8698.583,-84.456,-162.098,-0.950468,0.307220,0.047186,-0.304877,-0.951032,0.050865,0.060502,0.033960,0.997590,0,0.91300,-0.15914,54.780,-0.318,-1,375.000,-1,375.000,-1,300.000,300.000,300.000,300.000,-1,300.000,275.000,-1,700.000,725.000,-1,-1,2,0,2,0,2,0,0,0,0,2,0,0,2,0,0,2,2
98,7794.272,-8715.133,-81.145,-162.416,-0.952070,0.301935,0.048969,-0.299530,-0.952732,0.050822,0.061999,0.033719,0.997506,0,0.91300,-0.15914,54.780,-0.318,-1,375.000,-1,375.000,-1,300.000,300.000,300.000,325.000,-1,325.000,300.000,-1,700.000,750.000,-1,-1,2,0,2,0,2,0,0,0,0,2,0,0,2,0,0,2,2
99,7741.961,-8731.392,-77.548,-162.734,-0.953678,0.296629,0.050100,-0.294128,-0.954367,0.051695,0.063148,0.034564,0.997405,0,0.91300,-0.15914,54.780,-0.318,-1,375.000,-1,375.000,-1,300.000,300.000,300.000,325.000,-1,375.000,350.000,-1,700.000,750.000,-1,-1,2,0,2,0,2,0,0,0,0,2,0,0,2,0,0,2,2
100,7689.340,-8747.426,-73.865,-163.054,-0.955259,0.291280,0.051345,-0.288660,-0.955974,0.052809,0.064467,0.035625,0.997284,0,0.91682,-0.16010,55.009,-0.320,-1,375.000,-1,375.000,-1,300.000,300.000,300.000,325.000,-1,400.000,400.000,-1,725.000,775.000,-1,-1,2,0,2,0,2,0,0,0,0,2,0,0,2,0,0,2,2
101,7636.238,-8763.280,-70.148,-163.378,-0.956826,0.285864,0.052592,-0.283125,-0.957569,0.053868,0.065760,0.036652,0.997162,0,0.92362,-0.16184,55.417,-0.324,-1,375.000,-1,375.000,-1,300.000,300.000,300.000,325.000,-1,450.000,425.000,-1,750.000,800.000,-1,-1,2,0,2,0,2,0,0,0,0,2,0,0,2,0,0,2,2
102,7582.652,-8778.945,-66.396,-163.705,-0.958378,0.280381,0.053841,-0.277525,-0.959150,0.054871,0.067026,0.037645,0.997041,0,0.93047,-0.16359,55.828,-0.327,-1,375.000,-1,375.000,-1,325.000,300.000,300.000,325.000,-1,475.000,475.000,-1,775.000,800.000,-1,-1,2,0,2,0,2,0,0,0,0,2,0,0,2,0,0,2,2
103,7528.579,-8794.414,-62.610,-164.036,-0.959913,0.274830,0.055089,-0.271856,-0.960718,0.055820,0.068266,0.038606,0.996920,0,0.93737,-0.16537,56.242,-0.331,-1,375.000,-1,400.000,-1,325.000,325.000,300.000,325.000,-1,525.000,500.000,-1,800.000,825.000,-1,-1,2,0,2,0,2,0,0,0,0,2,0,0,2,0,0,2,2
104,7474.016,-8809.680,-58.789,-164.370,-0.961433,0.269209,0.056337,-0.266120,-0.962270,0.056713,0.069479,0.039534,0.996800,0,0.94431,-0.16719,56.659,-0.334,-1,375.000,-1,400.000,-1,325.000,325.000,300.000,300.000,-1,550.000,525.000,-1,825.000,850.000,-1,-1,2,0,2,0,2,0,0,0,0,2,0,0,2,0,0,2,2
105,7418.959,-8824.734,-54.936,-164.708,-0.962935,0.263516,0.057583,-0.260314,-0.963807,0.057553,0.070665,0.040430,0.996680,0,0.95129,-0.16904,57.078,-0.338,-1,400.000,-1,400.000,-1,325.000,325.000,300.000,300.000,-1,575.000,550.000,-1,850.000,850.000,-1,-1,2,0,2,0,2,0,0,0,0,2,0,0,2,0,0,2,2
106,7363.406,-8839.568,-51.050,-165.050,-0.964419,0.257752,0.058827,-0.254436,-0.965328,0.058338,0.071824,0.041294,0.996562,0,0.95832,-0.17094,57.499,-0.342,-1,400.000,-1,400.000,-1,325.000,325.000,300.000,300.000,-1,600.000,600.000,-1,900.000,850.000,-1,-1,2,0,2,0,2,0,0,0,0,2,0,0,2,0,1,2,2
107,7312.355,-8852.646,-47.494,-165.632,-0.966923,0.247924,0.059943,-0.244505,-0.967852,0.058996,0.072642,0.042388,0.996457,0,0.87832,-0.29094,52.699,-0.582,-1,400.000,-1,425.000,-1,325.000,325.000,300.000,300.000,-1,625.000,625.000,-1,925.000,825.000,-1,-1,2,0,2,0,2,0,0,0,0,2,0,0,2,0,1,2,2
108,7263.540,-8864.574,-44.005,-166.269,-0.969571,0.237144,0.060778,-0.233670,-0.970518,0.059111,0.073004,0.043110,0.996400,0,0.83750,-0.31842,50.250,-0.637,-1,425.000,-1,425.000,-1,325.000,325.000,300.000,300.000,-1,650.000,625.000,-1,925.000,825.000,-1,-1,2,0,2,0,2,0,0,0,0,2,0,0,2,1,1,2,2
109,7214.230,-8876.042,-40.822,-166.908,-0.972215,0.226278,0.059969,-0.222763,-0.973022,0.060037,0.071936,0.045010,0.996393,0,0.84378,-0.31975,50.627,-0.639,-1,425.000,-1,425.000,-1,350.000,350.000,300.000,300.000,-1,725.000,675.000,-1,900.000,800.000,-1,-1,2,0,2,0,2,0,0,0,0,2,0,0,2,1,1,2,2
110,7164.422,-8887.040,-37.630,-167.551,-0.974757,0.215339,0.058973,-0.211785,-0.975404,0.061106,0.070681,0.047074,0.996388,0,0.85012,-0.32105,51.007,-0.642,-1,425.000,-1,425.000,-1,350.000,350.000,300.000,300.000,-1,775.000,750.000,-1,875.000,750.000,-1,-1,2,0,2,0,2,0,0,0,0,2,0,0,2,1,1,2,2
111,7114.118,-8897.553,-34.661,-168.195,-0.977257,0.204341,0.056688,-0.200900,-0.977713,0.060956,0.067880,0.048182,0.996529,0,0.85652,-0.32232,51.391,-0.645,-1,425.000,-1,425.000,-1,350.000,350.000,300.000,300.000,-1,875.000,850.000,-1,825.000,725.000,-1,-1,2,0,2,0,2,0,0,0,0,2,0,0,2,1,1,2,2
112,7063.318,-8907.573,-31.871,-168.842,-0.979659,0.193282,0.053947,-0.190034,-0.979942,0.060002,0.064463,0.048530,0.996739,0,0.86298,-0.32356,51.779,-0.647,-1,425.000,-1,425.000,-1,350.000,325.000,300.000,300.000,-1,-1,975.000,-1,775.000,700.000,-1,-1,2,0,2,0,2,0,0,0,0,2,2,0,2,1,1,2,2
113,7012.023,-8917.087,-29.087,-169.492,-0.981938,0.182158,0.051146,-0.179103,-0.982056,0.059056,0.060986,0.048829,0.996944,0,0.86951,-0.32478,52.170,-0.650,-1,425.000,-1,400.000,-1,350.000,325.000,300.000,300.000,-1,-1,-1,-1,750.000,675.000,-1,-1,2,0,2,0,2,0,0,0,0,2,2,2,2,1,1,2,2
114,6960.234,-8926.085,-26.312,-170.144,-0.984093,0.170969,0.048284,-0.168111,-0.984053,0.058124,0.057452,0.049082,0.997141,0,0.87609,-0.32598,52.565,-0.652,-1,425.000,-1,400.000,-1,325.000,325.000,300.000,300.000,-1,-1,-1,-1,700.000,625.000,-1,-1,2,0,2,0,2,0,0,0,0,2,2,2,2,1,1,2,2
115,6907.952,-8934.554,-23.544,-170.798,-0.986120,0.159719,0.045361,-0.157056,-0.985931,0.057212,0.053861,0.049294,0.997331,0,0.88273,-0.32716,52.964,-0.654,-1,425.000,-1,400.000,-1,325.000,325.000,300.000,300.000,-1,-1,-1,-1,650.000,600.000,-1,-1,2,0,2,1,2,0,0,0,0,2,2,2,2,1,1,2,2
116,6855.178,-8942.483,-20.786,-171.455,-0.988018,0.148407,0.042377,-0.145942,-0.987688,0.056328,0.050215,0.049468,0.997513,0,0.88943,-0.32834,53.366,-0.657,-1,400.000,-1,375.000,-1,325.000,325.000,275.000,300.000,-1,-1,-1,-1,625.000,550.000,950.000,975.000,2,1,2,1,2,0,0,0,0,2,2,2,2,1,1,1,1
117,6801.915,-8949.861,-18.037,-172.114,-0.989785,0.137036,0.039333,-0.134768,-0.989323,0.055476,0.046516,0.049609,0.997685,0,0.89619,-0.32951,53.772,-0.659,-1,375.000,-1,350.000,-1,325.000,300.000,300.000,300.000,-1,-1,-1,-1,575.000,525.000,850.000,875.000,2,1,2,1,2,1,1,0,0,2,2,2,2,1,1,1,1
118,6748.165,-8956.674,-15.299,-172.775,-0.991418,0.125607,0.036231,-0.123535,-0.990833,0.054665,0.042765,0.049720,0.997847,0,0.90301,-0.33069,54.180,-0.661,975.000,350.000,-1,325.000,-1,300.000,300.000,300.000,300.000,-1,-1,-1,-1,550.000,500.000,750.000,775.000,1,1,2,1,2,1,1,0,0,2,2,2,2,1,1,1,1
119,6693.930,-8962.911,-12.571,-173.439,-0.992917,0.114119,0.033070,-0.112243,-0.992218,0.053901,0.038964,0.049807,0.997999,0,0.90987,-0.33189,54.592,-0.664,850.000,325.000,-1,300.000,-1,275.000,275.000,300.000,325.000,-1,-1,-1,-1,500.000,450.000,650.000,675.000,1,1,2,1,2,1,1,0,0,2,2,2,2,1,1,1,1
120,6639.214,-8968.560,-9.855,-174.105,-0.994277,0.102573,0.029854,-0.100893,-0.993474,0.053192,0.035115,0.049876,0.998138,0,0.91679,-0.33313,55.007,-0.666,700.000,325.000,-1,300.000,-1,275.000,250.000,300.000,325.000,-1,-1,-1,-1,475.000,425.000,575.000,600.000,1,1,2,1,2,1,1,0,0,2,2,2,2,1,1,1,1
121,6584.020,-8973.608,-7.214,-174.774,-0.995495,0.090968,0.026742,-0.089468,-0.994590,0.052786,0.031399,0.050155,0.998248,0,0.92375,-0.33441,55.425,-0.669,600.000,300.000,-1,275.000,-1,250.000,225.000,300.000,325.000,-1,-1,-1,-1,425.000,400.000,475.000,525.000,1,1,2,1,2,1,1,0,0,2,2,2,2,1,1,1,1
122,6528.350,-8978.040,-3.060,-175.446,-0.996332,0.079324,0.032103,-0.077742,-0.995824,0.047860,0.035765,0.045189,0.998338,0,0.93076,-0.33576,55.845,-0.672,525.000,275.000,-1,250.000,-1,225.000,225.000,300.000,350.000,-1,-1,-1,-1,400.000,375.000,450.000,550.000,1,1,2,1,2,1,1,0,0,2,2,2,2,1,1,1,1
123,6472.209,-8981.850,3.268,-176.120,-0.996629,0.067592,0.046506,-0.065246,-0.996604,0.050237,0.049743,0.047033,0.997654,0,0.93780,-0.33720,56.268,-0.674,600.000,275.000,-1,275.000,-1,250.000,225.000,325.000,350.000,-1,-1,-1,-1,425.000,400.000,475.000,-1,1,1,2,1,2,1,1,0,0,2,2,2,2,1,1,1,2
124,6415.604,-8985.020,9.591,-176.798,-0.996576,0.055797,0.061018,-0.052631,-0.997243,0.052320,0.063769,0.048929,0.996764,0,0.94487,-0.33878,56.692,-0.678,675.000,300.000,-1,275.000,-1,250.000,225.000,350.000,375.000,-1,-1,-1,-1,450.000,425.000,525.000,-1,1,1,2,1,2,1,1,0,0,2,2,2,2,1,1,1,2
125,4263.568,-7543.212,-104.253,-47.588,0.674780,0.737530,0.026840,-0.737943,0.673743,0.038874,0.010587,-0.046038,0.998884,1,0.00000,0.00000,57.118,-0.681,-1,375.000,-1,400.000,-1,300.000,325.000,300.000,300.000,-1,-1,-1,-1,650.000,775.000,-1,-1,2,0,2,0,2,0,0,0,0,2,2,2,2,0,0,2,2
126,4266.821,-7546.743,-104.182,-47.348,0.677862,0.734700,0.026815,-0.735115,0.676825,0.038924,0.010448,-0.046097,0.998882,0,0.08000,0.12000,4.800,0.240,-1,375.000,-1,400.000,-1,300.000,325.000,300.000,300.000,-1,-1,-1,-1,650.000,775.000,-1,-1,2,0,2,0,2,0,0,0,0,2,2,2,2,0,0,2,2
127,4273.384,-7553.748,-104.040,-46.868,0.683991,0.729000,0.026763,-0.729420,0.682952,0.039028,0.010174,-0.046216,0.998880,0,0.16000,0.24000,9.600,0.480,-1,375.000,-1,400.000,-1,300.000,325.000,300.000,300.000,-1,-1,-1,-1,650.000,775.000,-1,-1,2,0,2,0,2,0,0,0,0,2,2,2,2,0,0,2,2
128,4283.360,-7564.132,-103.835,-46.148,0.693093,0.720354,0.026679,-0.720782,0.692053,0.039195,0.009771,-0.046396,0.998875,0,0.24000,0.36000,14.400,0.720,-1,375.000,-1,400.000,-1,300.000,325.000,300.000,300.000,-1,-1,-1,-1,650.000,775.000,-1,-1,2,0,2,0,2,0,0,0,0,2,2,2,2,0,0,2,2
129,4296.892,-7577.753,-103.572,-45.188,0.705060,0.708650,0.026556,-0.709087,0.704017,0.039435,0.009249,-0.046635,0.998869,0,0.32000,0.48000,19.200,0.960,-1,375.000,-1,375.000,-1,300.000,325.000,300.000,300.000,-1,-1,-1,-1,650.000,775.000,-1,-1,2,0,2,0,2,0,0,0,0,2,2,2,2,0,0,2,2
130,4314.160,-7594.421,-103.256,-43.988,0.719740,0.693745,0.026319,-0.694191,0.718697,0.039664,0.008601,-0.046818,0.998866,0,0.40000,0.60000,24.000,1.200,-1,375.000,-1,375.000,-1,300.000,325.000,300.000,300.000,-1,-1,-1,-1,650.000,750.000,-1,-1,2,0,2,0,2,0,0,0,0,2,2,2,2,0,0,2,2
131,4335.377,-7613.895,-102.955,-42.548,0.736942,0.675465,0.025742,-0.675908,0.735904,0.039910,0.008014,-0.046810,0.998872,0,0.48000,0.72000,28.800,1.440,-1,375.000,-1,375.000,-1,300.000,325.000,300.000,300.000,-1,-1,-1,-1,650.000,750.000,-1,-1,2,0,2,0,2,0,0,0,0,2,2,2,2,0,0,2,2
132,4360.696,-7635.983,-102.636,-41.101,0.753768,0.656664,0.025030,-0.657098,0.752734,0.040173,0.007539,-0.046728,0.998879,0,0.56000,0.72369,33.600,1.447,-1,375.000,-1,375.000,-1,300.000,325.000,300.000,300.000,-1,-1,-1,-1,625.000,750.000,-1,-1,2,0,2,0,2,0,0,0,0,2,2,2,2,0,0,2,2
133,4390.259,-7660.489,-102.306,-39.657,0.770074,0.637497,0.024167,-0.637914,0.769045,0.040450,0.007202,-0.046566,0.998889,0,0.64000,0.72182,38.400,1.444,-1,375.000,-1,375.000,-1,300.000,325.000,300.000,325.000,-1,-1,-1,-1,625.000,725.000,-1,-1,2,0,2,0,2,0,0,0,0,2,2,2,2,0,1,2,2
