timestep,x_cm,y_cm,z_cm,yaw_deg,basis_xx,basis_xy,basis_xz,basis_yx,basis_yy,basis_yz,basis_zx,basis_zy,basis_zz,teleport_flag,throttle_cmd,steering_cmd,cmd_move_cm,cmd_turn_deg,lidar_cm_0,lidar_cm_1,lidar_cm_2,lidar_cm_3,lidar_cm_4,lidar_cm_5,lidar_cm_6,lidar_cm_7,lidar_cm_8,lidar_cm_9,lidar_cm_10,lidar_cm_11,lidar_cm_12,lidar_cm_13,lidar_cm_14,lidar_cm_15,lidar_cm_16,lidar_class_0,lidar_class_1,lidar_class_2,lidar_class_3,lidar_class_4,lidar_class_5,lidar_class_6,lidar_class_7,lidar_class_8,lidar_class_9,lidar_class_10,lidar_class_11,lidar_class_12,lidar_class_13,lidar_class_14,lidar_class_15,lidar_class_16
0,8855.434,-8856.058,-202.700,110.600,-0.355617,-0.933966,-0.035282,0.931459,-0.351049,-0.095651,0.076949,-0.066879,0.994789,1,-0.01736,-0.12000,-1.041,-0.240,-1,500.000,-1,600.000,150.000,425.000,450.000,275.000,175.000,525.000,125.000,250.000,-1,-1,-1,-1,-1,2,0,2,0,1,0,0,0,1,0,0,0,2,2,2,2,2
1,8855.777,-8856.992,-202.286,110.160,-0.348610,-0.936542,-0.036888,0.934002,-0.343843,-0.097018,0.078178,-0.068275,0.994599,0,-0.01659,-0.21972,-0.995,-0.439,-1,500.000,-1,600.000,125.000,425.000,450.000,275.000,175.000,525.000,100.000,250.000,-1,-1,-1,-1,-1,2,0,2,0,1,0,0,0,1,0,0,0,2,2,2,2,2
2,8856.086,-8857.856,-201.882,109.724,-0.341633,-0.939045,-0.038484,0.936476,-0.336668,-0.098324,0.079374,-0.069630,0.994410,0,-0.01530,-0.21820,-0.918,-0.436,-1,525.000,-1,625.000,125.000,425.000,450.000,275.000,175.000,500.000,100.000,250.000,-1,-1,-1,-1,-1,2,0,2,0,1,0,0,0,1,0,0,0,2,2,2,2,2
3,8856.363,-8858.651,-201.488,109.290,-0.334685,-0.941478,-0.040071,0.938882,-0.329524,-0.099570,0.080539,-0.070947,0.994223,0,-0.01404,-0.21671,-0.842,-0.433,-1,525.000,-1,625.000,125.000,450.000,475.000,250.000,175.000,500.000,100.000,250.000,-1,-1,-1,-1,-1,2,0,2,0,1,0,0,0,1,0,0,0,2,2,2,2,2
4,8856.611,-8859.377,-201.102,108.860,-0.327767,-0.943840,-0.041649,0.941222,-0.322412,-0.100760,0.081673,-0.072227,0.994039,0,-0.01280,-0.21525,-0.768,-0.430,-1,525.000,-1,625.000,125.000,450.000,475.000,250.000,200.000,500.000,100.000,250.000,-1,-1,-1,-1,-1,2,0,2,0,1,0,0,0,1,0,0,0,2,2,2,2,2
5,8856.830,-8860.036,-200.724,108.432,-0.320879,-0.946134,-0.043218,0.943496,-0.315330,-0.101897,0.082780,-0.073472,0.993856,0,-0.01158,-0.21381,-0.695,-0.428,-1,525.000,-1,625.000,125.000,450.000,475.000,250.000,200.000,500.000,100.000,250.000,-1,-1,-1,-1,325.000,2,0,2,0,1,0,0,0,1,0,0,0,2,2,2,2,1
6,8857.022,-8860.629,-200.354,108.008,-0.314020,-0.948360,-0.044778,0.945706,-0.308278,-0.102982,0.083860,-0.074685,0.993675,0,-0.01039,-0.21240,-0.623,-0.425,-1,525.000,-1,650.000,125.000,450.000,475.000,250.000,200.000,475.000,100.000,250.000,-1,-1,-1,-1,300.000,2,0,2,0,1,0,0,0,1,0,0,0,2,2,2,2,1
7,8857.188,-8861.156,-199.991,107.585,-0.307190,-0.950520,-0.046330,0.947852,-0.301258,-0.104020,0.084915,-0.075867,0.993496,0,-0.00921,-0.21101,-0.553,-0.422,-1,525.000,-1,650.000,125.000,450.000,475.000,250.000,200.000,475.000,100.000,250.000,-1,-1,-1,-1,275.000,2,0,2,1,1,0,0,0,1,0,0,0,2,2,2,2,1
8,8857.330,-8861.618,-199.634,107.166,-0.300390,-0.952614,-0.047874,0.949936,-0.294268,-0.105011,0.085947,-0.077021,0.993318,0,-0.00806,-0.20965,-0.484,-0.419,-1,525.000,-1,625.000,125.000,450.000,475.000,250.000,200.000,475.000,100.000,250.000,-1,-1,-1,-1,250.000,2,0,2,1,1,0,0,0,1,0,0,0,2,2,2,2,1
9,8857.449,-8862.016,-199.284,106.750,-0.293618,-0.954645,-0.049410,0.951960,-0.287308,-0.105959,0.086957,-0.078148,0.993142,0,-0.00693,-0.20831,-0.416,-0.417,-1,525.000,-1,625.000,125.000,450.000,475.000,250.000,200.000,475.000,100.000,225.000,-1,-1,-1,-1,250.000,2,0,2,1,1,0,0,0,1,0,0,0,2,2,2,2,1
10,8857.547,-8862.351,-198.940,106.336,-0.286875,-0.956613,-0.050939,0.953922,-0.280378,-0.106865,0.087946,-0.079249,0.992968,0,-0.00582,-0.20700,-0.349,-0.414,-1,525.000,-1,600.000,125.000,450.000,500.000,250.000,200.000,475.000,100.000,225.000,-1,-1,-1,-1,250.000,2,0,2,1,1,0,0,0,1,0,0,0,2,2,2,2,1
11,8857.624,-8862.624,-198.601,105.924,-0.280162,-0.958518,-0.052462,0.955826,-0.273479,-0.107732,0.088915,-0.080327,0.992795,0,-0.00473,-0.20570,-0.284,-0.411,-1,550.000,-1,600.000,125.000,450.000,500.000,250.000,225.000,450.000,100.000,225.000,-1,-1,-1,-1,225.000,2,0,2,1,1,0,0,0,1,0,0,0,2,2,2,2,1
12,8857.682,-8862.835,-198.267,105.515,-0.273477,-0.960363,-0.053978,0.957671,-0.266609,-0.108561,0.089867,-0.081383,0.992623,0,-0.00366,-0.20443,-0.219,-0.409,-1,550.000,-1,575.000,125.000,475.000,500.000,250.000,225.000,450.000,75.000,225.000,-1,-1,-1,-1,225.000,2,0,2,1,1,0,0,0,1,0,0,0,2,2,2,2,1
13,8857.722,-8862.985,-197.938,105.109,-0.266821,-0.962147,-0.055489,0.959459,-0.259768,-0.109355,0.090802,-0.082418,0.992453,0,-0.00260,-0.20319,-0.156,-0.406,-1,550.000,-1,575.000,125.000,475.000,500.000,250.000,225.000,450.000,75.000,225.000,-1,-1,-1,-1,225.000,2,0,2,1,1,0,0,0,1,0,0,0,2,2,2,2,1
14,8857.746,-8863.076,-197.613,104.705,-0.260193,-0.963873,-0.056995,0.961190,-0.252958,-0.110116,0.091720,-0.083434,0.992283,0,-0.00157,-0.20196,-0.094,-0.404,-1,550.000,-1,550.000,125.000,475.000,500.000,250.000,225.000,450.000,75.000,225.000,-1,-1,-1,-1,200.000,2,0,2,1,1,0,0,0,1,0,0,0,2,2,2,2,1
15,8857.753,-8863.108,-197.292,104.304,-0.253594,-0.965541,-0.058495,0.962866,-0.246176,-0.110844,0.092625,-0.084432,0.992115,0,-0.00054,-0.20076,-0.033,-0.402,-1,550.000,-1,550.000,125.000,475.000,500.000,250.000,225.000,450.000,75.000,225.000,-1,-1,-1,-1,200.000,2,0,2,1,1,0,0,0,1,0,0,0,2,2,2,2,1
16,8857.746,-8863.081,-196.974,103.904,-0.247023,-0.967151,-0.059992,0.964487,-0.239424,-0.111543,0.093515,-0.085415,0.991947,0,0.00046,-0.19957,0.028,-0.399,-1,550.000,-1,525.000,125.000,475.000,500.000,250.000,225.000,450.000,75.000,225.000,-1,-1,-1,-1,200.000,2,0,2,1,1,0,0,0,1,0,0,0,2,2,2,2,1
17,8857.725,-8862.996,-196.660,103.508,-0.240481,-0.968705,-0.061484,0.966053,-0.232700,-0.112213,0.094393,-0.086382,0.991780,0,0.00145,-0.19841,0.087,-0.397,-1,550.000,-1,525.000,125.000,475.000,500.000,250.000,250.000,425.000,75.000,225.000,-1,-1,-1,-1,200.000,2,0,2,1,1,0,0,0,1,0,0,0,2,2,2,2,1
18,8856.596,-8858.241,-196.270,103.351,-0.237982,-0.969257,-0.062487,0.966581,-0.230029,-0.113172,0.095319,-0.087332,0.991608,0,0.08145,-0.07841,4.887,-0.157,-1,550.000,-1,525.000,125.000,475.000,500.000,250.000,250.000,425.000,75.000,225.000,-1,-1,-1,-1,200.000,2,0,2,1,1,0,0,0,1,0,0,0,2,2,2,2,1
19,8854.345,-8848.819,-195.819,103.434,-0.239526,-0.968847,-0.062944,0.966107,-0.231418,-0.114379,0.096250,-0.088208,0.991441,0,0.16145,0.04159,9.687,0.083,-1,550.000,-1,525.000,125.000,475.000,525.000,250.000,225.000,425.000,75.000,225.000,-1,-1,-1,-1,200.000,2,0,2,1,1,0,0,0,1,0,0,0,2,2,2,2,1
20,8850.899,-8834.748,-195.369,103.757,-0.245073,-0.967478,-0.062660,0.964639,-0.236867,-0.115607,0.097005,-0.088777,0.991317,0,0.24145,0.16159,14.487,0.323,-1,550.000,-1,550.000,125.000,475.000,525.000,250.000,225.000,425.000,75.000,225.000,-1,-1,-1,-1,200.000,2,0,2,1,1,0,0,0,1,0,0,0,2,2,2,2,1
21,8846.129,-8816.060,-195.032,104.320,-0.254544,-0.965116,-0.061305,0.962158,-0.246368,-0.116425,0.097260,-0.088620,0.991306,0,0.32145,0.28159,19.287,0.563,-1,550.000,-1,600.000,125.000,475.000,525.000,250.000,200.000,425.000,75.000,225.000,-1,-1,-1,-1,200.000,2,0,2,1,1,0,0,0,1,0,0,0,2,2,2,2,1
22,8839.846,-8792.808,-194.972,105.123,-0.267821,-0.961696,-0.058424,0.958620,-0.259907,-0.116171,0.096537,-0.087120,0.991509,0,0.40145,0.40159,24.087,0.803,-1,550.000,-1,625.000,125.000,475.000,500.000,250.000,175.000,425.000,75.000,225.000,-1,-1,-1,-1,225.000,2,0,2,1,1,0,0,0,1,0,0,0,2,2,2,2,1
23,8831.833,-8765.056,-195.339,106.109,-0.283831,-0.957367,-0.053751,0.954218,-0.276490,-0.114112,0.094385,-0.083679,0.992013,0,0.48145,0.49272,28.887,0.985,-1,550.000,-1,675.000,100.000,475.000,500.000,250.000,150.000,450.000,75.000,225.000,-1,-1,-1,-1,-1,2,0,2,1,1,0,0,0,1,0,0,0,2,2,2,2,2
24,8821.946,-8732.854,-196.112,107.075,-0.299214,-0.952990,-0.047763,0.949851,-0.292714,-0.110010,0.090858,-0.078284,0.992782,0,0.56145,0.48283,33.687,0.966,-1,550.000,-1,650.000,100.000,450.000,500.000,275.000,125.000,500.000,100.000,225.000,-1,-1,-1,-1,-1,2,0,2,0,1,0,0,0,1,0,0,0,2,2,2,2,2
25,4263.553,-8855.083,-108.976,174.615,-0.993112,-0.093824,0.070185,0.092213,-0.995403,-0.025864,0.072289,-0.019214,0.997199,1,0.00000,0.00000,38.487,0.943,250.000,400.000,-1,-1,-1,425.000,400.000,350.000,275.000,-1,225.000,175.000,-1,700.000,-1,325.000,-1,1,1,2,2,2,1,1,1,0,2,0,0,2,1,2,1,2
26,4258.772,-8854.653,-108.644,174.855,-0.993455,-0.089654,0.070779,0.088068,-0.995795,-0.025233,0.072744,-0.018835,0.997173,0,0.08000,0.12000,4.800,0.240,250.000,375.000,-1,-1,-1,425.000,400.000,350.000,275.000,-1,225.000,175.000,-1,700.000,-1,325.000,-1,1,1,2,2,2,1,1,1,0,2,0,0,2,1,2,1,2
27,4249.204,-8853.872,-107.979,175.335,-0.994087,-0.081310,0.071966,0.079778,-0.996525,-0.023927,0.073662,-0.018044,0.997120,0,0.16000,0.24000,9.600,0.480,250.000,375.000,-1,-1,-1,425.000,425.000,350.000,275.000,-1,225.000,175.000,-1,700.000,-1,325.000,-1,1,1,2,2,2,1,1,1,0,2,0,0,2,1,2,1,2
28,4234.838,-8852.881,-106.975,176.055,-0.994903,-0.068783,0.073741,0.067342,-0.997491,-0.021858,0.075060,-0.016780,0.997038,0,0.24000,0.36000,14.400,0.720,250.000,375.000,-1,-1,-1,425.000,425.000,350.000,275.000,-1,225.000,175.000,-1,700.000,-1,300.000,-1,1,1,2,2,2,1,1,1,0,2,0,0,2,1,2,1,2
29,4215.663,-8851.881,-105.628,177.015,-0.995741,-0.052063,0.076091,0.050765,-0.998532,-0.018889,0.076963,-0.014946,0.996922,0,0.32000,0.48000,19.200,0.960,225.000,375.000,-1,-1,-1,425.000,450.000,350.000,275.000,-1,225.000,150.000,-1,675.000,-1,300.000,-1,1,1,2,2,2,1,1,1,0,2,0,0,2,1,2,1,2
30,4191.675,-8851.112,-103.934,178.163,-0.996358,-0.032051,0.079018,0.030965,-0.999409,-0.014930,0.079450,-0.012429,0.996761,0,0.40000,0.57391,24.000,1.148,225.000,375.000,-1,-1,-1,425.000,475.000,325.000,250.000,-1,225.000,150.000,-1,675.000,-1,275.000,-1,1,1,2,2,2,1,1,1,0,2,0,0,2,1,2,1,2
31,4162.876,-8850.771,-101.908,179.321,-0.996512,-0.011850,0.082598,0.011052,-0.999888,-0.010112,0.082709,-0.009164,0.996532,0,0.48000,0.57890,28.800,1.158,225.000,375.000,-1,-1,-1,425.000,500.000,325.000,250.000,-1,225.000,125.000,-1,675.000,-1,275.000,-1,1,1,2,2,2,1,1,1,0,2,0,0,2,1,2,1,2
32,4129.277,-8851.062,-99.537,180.495,-0.996184,0.008636,0.086848,-0.009037,-0.999950,-0.004234,0.086807,-0.005002,0.996213,0,0.56000,0.58691,33.600,1.174,200.000,400.000,-1,-1,-1,425.000,525.000,325.000,250.000,-1,200.000,125.000,-1,675.000,-1,250.000,-1,1,1,2,2,2,1,1,1,0,2,0,0,2,1,2,1,2
33,4090.892,-8852.196,-96.805,181.691,-0.995341,0.029511,0.091785,-0.029364,-0.999564,0.002946,0.091832,0.000237,0.995774,0,0.64000,0.59815,38.400,1.196,200.000,400.000,-1,-1,-1,425.000,525.000,300.000,250.000,-1,200.000,100.000,725.000,700.000,-1,250.000,-1,1,1,2,2,2,1,1,1,0,2,0,0,1,1,2,1,2
34,4047.747,-8854.397,-93.691,182.917,-0.993941,0.050886,0.097427,-0.049980,-0.998681,0.011718,0.097895,0.006778,0.995174,0,0.72000,0.61290,43.200,1.226,175.000,400.000,-1,-1,-1,425.000,550.000,300.000,250.000,-1,200.000,100.000,625.000,725.000,-1,225.000,-1,1,1,2,2,2,1,1,1,0,2,0,0,1,1,2,1,2
35,3999.873,-8857.899,-90.171,184.180,-0.991925,0.072882,0.103791,-0.070924,-0.997229,0.022439,0.105139,0.014897,0.994346,0,0.80000,0.63156,48.000,1.263,175.000,425.000,-1,-1,-1,425.000,550.000,275.000,225.000,-1,200.000,75.000,550.000,750.000,-1,-1,-1,1,1,2,2,2,1,1,1,0,2,0,0,0,1,2,2,2
36,3947.314,-8862.957,-86.631,185.489,-0.989387,0.095624,0.109408,-0.092084,-0.995064,0.036976,0.112403,0.026509,0.993309,0,0.88000,0.65458,52.800,1.309,150.000,425.000,-1,-1,-1,450.000,550.000,275.000,225.000,-1,175.000,50.000,425.000,-1,-1,-1,-1,1,1,2,2,2,1,1,1,0,2,0,0,0,2,2,2,2
37,-2951.698,3607.636,20.261,28.001,0.883014,-0.469222,0.010818,0.468385,0.882445,0.043655,-0.030031,-0.033481,0.998988,1,0.00000,0.00000,57.600,1.365,925.000,350.000,-1,375.000,-1,300.000,300.000,325.000,300.000,-1,350.000,300.000,-1,600.000,650.000,-1,-1,0,0,2,0,2,0,0,0,0,2,0,0,2,0,0,2,2
38,-2947.470,3609.907,20.086,28.241,0.881040,-0.472921,0.010707,0.472097,0.880484,0.043271,-0.029891,-0.033069,0.999006,0,0.08000,0.12000,4.800,0.240,925.000,350.000,-1,375.000,-1,300.000,300.000,325.000,300.000,-1,350.000,300.000,-1,600.000,650.000,-1,-1,0,0,2,0,2,0,0,0,0,2,0,0,2,0,0,2,2
39,-2939.051,3614.520,19.735,28.721,0.877045,-0.480293,0.010495,0.479495,0.876515,0.042496,-0.029609,-0.032239,0.999042,0,0.16000,0.24000,9.600,0.480,925.000,350.000,-1,375.000,-1,300.000,300.000,325.000,300.000,-1,350.000,275.000,-1,600.000,650.000,-1,-1,0,0,2,0,2,0,0,0,0,2,0,0,2,0,0,2,2
40,-2926.505,3621.588,19.205,29.397,0.871309,-0.490629,0.010192,0.489868,0.870817,0.041323,-0.029150,-0.031012,0.999094,0,0.24000,0.33829,14.400,0.677,950.000,350.000,-1,375.000,-1,300.000,300.000,325.000,300.000,-1,350.000,275.000,-1,600.000,625.000,-1,-1,0,0,2,0,2,0,0,0,0,2,0,0,2,0,0,2,2
41,-2909.890,3631.209,18.508,30.076,0.865430,-0.500935,0.009772,0.500227,0.864981,0.039750,-0.028365,-0.029513,0.999162,0,0.32000,0.33945,19.200,0.679,950.000,350.000,-1,375.000,-1,300.000,300.000,325.000,300.000,-1,350.000,275.000,-1,600.000,625.000,-1,-1,0,0,2,0,2,0,0,0,0,2,0,0,2,0,0,2,2
42,-2889.265,3643.483,17.647,30.758,0.859398,-0.511223,0.009265,0.510580,0.859001,0.037762,-0.027263,-0.027722,0.999244,0,0.40000,0.34105,24.000,0.682,975.000,350.000,-1,375.000,-1,300.000,300.000,325.000,300.000,-1,325.000,275.000,-1,600.000,625.000,-1,-1,0,0,2,0,2,0,0,0,0,2,0,0,2,0,0,2,2
43,-2864.695,3658.506,16.791,31.445,0.853217,-0.521496,0.007970,0.520940,0.852851,0.035604,-0.025364,-0.026226,0.999334,0,0.48000,0.34312,28.800,0.686,1000.000,350.000,-1,375.000,-1,300.000,300.000,325.000,300.000,-1,325.000,250.000,-1,600.000,625.000,-1,-1,0,0,2,0,2,0,0,0,0,2,0,0,2,0,0,2,2
44,-2836.242,3676.378,15.954,32.136,0.846871,-0.531765,0.005893,0.531315,0.846522,0.033238,-0.022663,-0.025017,0.999430,0,0.56000,0.34569,33.600,0.691,-1,350.000,-1,375.000,-1,300.000,300.000,325.000,300.000,-1,300.000,250.000,-1,625.000,625.000,-1,-1,2,0,2,0,2,0,0,0,0,2,0,0,2,0,0,2,2
45,-2803.977,3697.198,15.132,32.834,0.840341,-0.542046,0.003647,0.541696,0.840006,0.030920,-0.019823,-0.024008,0.999515,0,0.64000,0.34881,38.400,0.698,-1,350.000,-1,375.000,-1,300.000,300.000,325.000,300.000,-1,300.000,250.000,-1,625.000,650.000,-1,-1,2,0,2,0,2,0,0,0,0,2,0,0,2,0,0,2,2
46,-2768.308,3720.842,14.501,33.539,0.833615,-0.552344,0.001326,0.552074,0.833278,0.029348,-0.017315,-0.023732,0.999568,0,0.71323,0.35250,42.794,0.705,-1,350.000,-1,375.000,-1,300.000,300.000,325.000,300.000,-1,300.000,250.000,-1,625.000,650.000,-1,-1,2,0,2,0,2,0,0,0,0,2,0,0,2,0,0,2,2
47,-2732.849,3744.986,13.915,34.252,0.826672,-0.562683,-0.000944,0.562490,0.826342,0.027643,-0.014775,-0.023383,0.999617,0,0.71499,0.35677,42.899,0.714,-1,350.000,-1,375.000,-1,300.000,300.000,325.000,300.000,-1,325.000,275.000,-1,650.000,650.000,-1,-1,2,0,2,0,2,0,0,0,0,2,0,0,2,0,0,2,2
48,-2693.645,3772.158,13.381,34.726,0.821986,-0.569496,-0.003701,0.569391,0.821667,0.025631,-0.011556,-0.023175,0.999665,0,0.79499,0.23677,47.699,0.474,-1,350.000,-1,375.000,-1,300.000,300.000,325.000,300.000,-1,325.000,275.000,-1,650.000,675.000,-1,-1,2,0,2,0,2,0,0,0,0,2,0,0,2,0,0,2,2
49,-2650.619,3802.240,13.112,34.959,0.819636,-0.572833,-0.007730,0.572840,0.819329,0.023540,-0.007151,-0.023722,0.999693,0,0.87499,0.11677,52.499,0.234,-1,375.000,-1,375.000,-1,300.000,300.000,325.000,300.000,-1,325.000,300.000,-1,675.000,700.000,-1,-1,2,0,2,0,2,0,0,0,0,2,0,0,2,0,0,2,2
50,-2606.167,3833.310,12.859,34.953,0.819658,-0.572739,-0.011430,0.572846,0.819391,0.021110,-0.002725,-0.023850,0.999712,0,0.90390,-0.00323,54.234,-0.006,-1,375.000,-1,375.000,-1,300.000,300.000,300.000,300.000,-1,325.000,300.000,-1,700.000,725.000,-1,-1,2,0,2,0,2,0,0,0,0,2,0,0,2,0,0,2,2
51,-2561.509,3864.240,12.673,34.706,0.822058,-0.569214,-0.014699,0.569402,0.821855,0.018320,0.001653,-0.023430,0.999724,0,0.90540,-0.12323,54.324,-0.246,-1,375.000,-1,375.000,-1,325.000,325.000,300.000,300.000,-1,350.000,325.000,-1,725.000,775.000,-1,-1,2,0,2,0,2,0,0,0,0,2,0,0,2,0,0,2,2
52,-2516.589,3894.790,12.686,34.220,0.826799,-0.562234,-0.017210,0.562467,0.826686,0.014883,0.005859,-0.021985,0.999741,0,0.90540,-0.24323,54.324,-0.486,-1,375.000,-1,400.000,-1,325.000,325.000,300.000,300.000,-1,350.000,325.000,-1,750.000,825.000,-1,-1,2,0,2,0,2,0,0,0,0,2,0,0,2,0,0,2,2
53,-2471.285,3924.767,12.844,33.493,0.833806,-0.551733,-0.018928,0.551974,0.833786,0.011210,0.009597,-0.019794,0.999758,0,0.90540,-0.36323,54.324,-0.726,-1,400.000,-1,400.000,-1,325.000,325.000,300.000,300.000,-1,375.000,350.000,-1,800.000,875.000,-1,-1,2,0,2,0,2,0,0,0,0,2,0,0,2,0,0,2,2
54,-2425.482,3953.977,13.041,32.527,0.842941,-0.537615,-0.020498,0.537843,0.843012,0.007503,0.013246,-0.017349,0.999762,0,0.90540,-0.48323,54.324,-0.966,-1,400.000,-1,400.000,-1,325.000,325.000,300.000,300.000,-1,375.000,375.000,-1,850.000,925.000,-1,-1,2,0,2,0,2,0,0,0,0,2,0,0,2,0,0,2,2
55,-2379.153,3982.344,12.995,31.480,0.852586,-0.522135,-0.021754,0.522349,0.852716,0.005279,0.015794,-0.015863,0.999749,0,0.90540,-0.52350,54.324,-1.047,-1,400.000,-1,400.000,-1,325.000,325.000,300.000,300.000,-1,400.000,375.000,-1,900.000,950.000,-1,-1,2,0,2,0,2,0,0,0,0,2,0,0,2,0,0,2,2
56,-2332.314,4009.861,13.355,30.433,0.861966,-0.506466,-0.022511,0.506689,0.862113,0.005249,0.016748,-0.015930,0.999733,0,0.90540,-0.52350,54.324,-1.047,-1,425.000,-1,400.000,-1,325.000,325.000,300.000,300.000,-1,425.000,425.000,-1,950.000,1000.000,-1,-1,2,0,2,0,2,0,0,0,0,2,0,0,2,0,0,2,2
57,-2289.061,4033.981,13.710,29.146,0.873114,-0.486973,-0.022989,0.487207,0.873268,0.005649,0.017325,-0.016132,0.999720,0,0.82540,-0.64350,49.524,-1.287,-1,425.000,-1,425.000,-1,350.000,325.000,300.000,300.000,-1,475.000,475.000,-1,975.000,-1,-1,-1,2,0,2,0,2,0,0,0,0,2,0,0,2,0,2,2,2
58,-2249.435,4054.717,14.051,27.623,0.885741,-0.463596,-0.023262,0.463842,0.885895,0.006325,0.017676,-0.016392,0.999709,0,0.74540,-0.76128,44.724,-1.523,-1,425.000,-1,425.000,-1,350.000,325.000,300.000,300.000,-1,500.000,525.000,-1,-1,-1,-1,-1,2,0,2,0,2,0,0,0,0,2,0,0,2,2,2,2,2
59,-2213.584,4072.286,14.378,26.107,0.897701,-0.439985,-0.023350,0.440243,0.897851,0.007107,0.017838,-0.016659,0.999702,0,0.66540,-0.75829,39.924,-1.517,-1,425.000,-1,425.000,-1,350.000,350.000,300.000,300.000,-1,550.000,550.000,-1,-1,-1,-1,-1,2,0,2,0,2,0,0,0,0,2,0,0,2,2,2,2,2
60,-2181.647,4086.904,14.691,24.596,0.908997,-0.416150,-0.023307,0.416419,0.909138,0.007942,0.017884,-0.016925,0.999697,0,0.58540,-0.75564,35.124,-1.511,-1,425.000,-1,425.000,-1,350.000,350.000,275.000,300.000,-1,575.000,575.000,-1,-1,-1,-1,-1,2,0,2,0,2,0,0,0,0,2,0,0,2,2,2,2,2
61,-2153.752,4098.796,14.988,23.089,0.919631,-0.392100,-0.023180,0.392378,0.919762,0.008790,0.017873,-0.017179,0.999693,0,0.50540,-0.75335,30.324,-1.507,-1,425.000,-1,425.000,-1,350.000,350.000,275.000,300.000,-1,600.000,600.000,-1,-1,-1,-1,-1,2,0,2,0,2,0,0,0,0,2,0,0,2,2,2,2,2
62,-2130.019,4108.186,15.266,21.586,0.929605,-0.367838,-0.023007,0.368125,0.929727,0.009620,0.017852,-0.017412,0.999689,0,0.42540,-0.75151,25.524,-1.503,-1,450.000,-1,425.000,-1,350.000,350.000,275.000,300.000,-1,650.000,650.000,-1,-1,-1,-1,-1,2,0,2,0,2,0,0,0,0,2,0,0,2,2,2,2,2
63,-2110.555,4115.303,15.520,20.085,0.938925,-0.343365,-0.022820,0.343659,0.939037,0.010409,0.017855,-0.017616,0.999685,0,0.34540,-0.75028,20.724,-1.501,-1,450.000,-1,425.000,-1,350.000,350.000,275.000,300.000,-1,675.000,675.000,-1,-1,-1,-1,-1,2,0,2,0,2,0,0,0,0,2,0,0,2,2,2,2,2
64,-2095.462,4120.379,15.781,18.586,0.947594,-0.318686,-0.022479,0.318982,0.947696,0.011040,0.017785,-0.017632,0.999686,0,0.26540,-0.74939,15.924,-1.499,-1,450.000,-1,425.000,-1,350.000,350.000,275.000,300.000,-1,725.000,700.000,-1,-1,-1,-1,-1,2,0,2,0,2,0,0,0,0,2,0,0,2,2,2,2,2
65,-2084.829,4123.648,16.015,17.089,0.955608,-0.293809,-0.022131,0.294107,0.955703,0.011573,0.017750,-0.017568,0.999688,0,0.18540,-0.74880,11.124,-1.498,-1,450.000,-1,425.000,-1,350.000,350.000,275.000,300.000,-1,750.000,725.000,-1,-1,-1,-1,-1,2,0,2,0,2,0,0,0,0,2,0,0,2,2,2,2,2
66,-2078.738,4125.347,16.198,15.592,0.962964,-0.268744,-0.021844,0.269042,0.963053,0.012043,0.017800,-0.017474,0.999689,0,0.10540,-0.74844,6.324,-1.497,-1,450.000,-1,425.000,-1,350.000,350.000,275.000,300.000,-1,800.000,750.000,-1,-1,-1,-1,-1,2,0,2,0,2,0,0,0,0,2,0,0,2,2,2,2,2
67,-2077.260,4125.718,16.325,14.095,0.969660,-0.243502,-0.021612,0.243801,0.969745,0.012446,0.017927,-0.017337,0.999689,0,0.02540,-0.74826,1.524,-1.497,-1,450.000,-1,425.000,-1,350.000,350.000,275.000,300.000,-1,825.000,775.000,-1,-1,1000.000,-1,-1,2,0,2,0,2,0,0,0,0,2,0,0,2,2,0,2,2
68,-2080.457,4125.004,16.385,12.599,0.975692,-0.218095,-0.021423,0.218394,0.975777,0.012776,0.018117,-0.017144,0.999689,0,-0.05460,-0.74823,-3.276,-1.496,-1,450.000,-1,425.000,-1,350.000,350.000,275.000,300.000,-1,875.000,775.000,-1,-1,975.000,-1,-1,2,0,2,0,2,0,0,0,0,2,0,0,2,2,0,2,2
69,-2086.078,4123.901,16.407,11.102,0.981060,-0.192536,-0.021236,0.192835,0.981144,0.013049,0.018323,-0.016897,0.999689,0,-0.09547,-0.74829,-5.728,-1.497,-1,450.000,-1,425.000,-1,350.000,350.000,275.000,300.000,-1,900.000,800.000,-1,-1,925.000,-1,-1,2,0,2,0,2,0,0,0,0,2,0,0,2,2,0,2,2
70,-2091.742,4122.942,16.421,9.606,0.985759,-0.166844,-0.021022,0.167141,0.985843,0.013283,0.018508,-0.016607,0.999691,0,-0.09573,-0.74838,-5.744,-1.497,-1,450.000,-1,425.000,-1,350.000,350.000,275.000,300.000,-1,950.000,825.000,-1,-1,900.000,-1,-1,2,0,2,0,2,0,0,0,0,2,0,0,2,2,0,2,2
71,-2097.443,4122.130,16.428,8.109,0.989786,-0.141035,-0.020783,0.141330,0.989871,0.013475,0.018672,-0.016274,0.999693,0,-0.09599,-0.74844,-5.759,-1.497,-1,450.000,-1,425.000,-1,350.000,350.000,275.000,300.000,-1,-1,850.000,-1,-1,875.000,-1,-1,2,0,2,0,2,0,0,0,0,2,2,0,2,2,0,2,2
72,-2103.179,4121.465,16.428,6.612,0.993139,-0.115128,-0.020521,0.115419,0.993223,0.013623,0.018814,-0.015898,0.999697,0,-0.09624,-0.74848,-5.774,-1.497,-1,450.000,-1,400.000,-1,350.000,350.000,275.000,300.000,-1,-1,900.000,-1,-1,825.000,-1,-1,2,0,2,0,2,0,0,0,0,2,2,0,2,2,0,2,2
73,-2108.945,4120.948,16.420,5.115,0.995813,-0.089142,-0.020241,0.089428,0.995899,0.013726,0.018935,-0.015479,0.999701,0,-0.09649,-0.74850,-5.789,-1.497,-1,450.000,-1,400.000,-1,350.000,325.000,275.000,300.000,-1,-1,950.000,-1,-1,825.000,-1,-1,2,0,2,0,2,0,0,0,0,2,2,0,2,2,0,2,2
74,-2114.738,4120.582,16.405,3.618,0.997808,-0.063094,-0.019946,0.063375,0.997895,0.013783,0.019034,-0.015017,0.999706,0,-0.09674,-0.74850,-5.804,-1.497,-1,450.000,-1,400.000,-1,350.000,325.000,300.000,300.000,-1,-1,-1,-1,-1,800.000,-1,-1,2,0,2,0,2,0,0,0,0,2,2,2,2,2,0,2,2
75,-2120.553,4120.367,16.382,2.121,0.999122,-0.037004,-0.019638,0.037278,0.999210,0.013793,0.019112,-0.014513,0.999712,0,-0.09699,-0.74848,-5.819,-1.497,-1,450.000,-1,400.000,-1,350.000,325.000,300.000,300.000,-1,-1,-1,-1,-1,800.000,-1,-1,2,0,2,0,2,0,0,0,0,2,2,2,2,2,0,2,2
76,-2126.387,4120.303,16.352,0.624,0.999754,-0.010889,-0.019321,0.011156,0.999843,0.013755,0.019168,-0.013967,0.999719,0,-0.09724,-0.74844,-5.834,-1.497,-1,450.000,-1,400.000,-1,350.000,325.000,300.000,300.000,-1,-1,-1,-1,-1,775.000,-1,-1,2,0,2,0,2,0,0,0,0,2,2,2,2,2,0,2,2
77,-2132.236,4120.392,16.313,-0.873,0.999703,0.015230,-0.018999,-0.014972,0.999794,0.013669,0.019203,-0.013380,0.999726,0,-0.09749,-0.74837,-5.850,-1.497,-1,450.000,-1,400.000,-1,350.000,325.000,300.000,300.000,-1,-1,-1,-1,-1,775.000,-1,-1,2,0,2,0,2,0,0,0,0,2,2,2,2,2,0,2,2
78,-2138.096,4120.634,16.267,-2.369,0.998971,0.041337,-0.018674,-0.041088,0.999064,0.013534,0.019216,-0.012753,0.999734,0,-0.09775,-0.74828,-5.865,-1.497,-1,450.000,-1,400.000,-1,325.000,325.000,300.000,300.000,-1,-1,-1,-1,-1,750.000,-1,-1,2,0,2,0,2,0,0,0,0,2,2,2,2,2,0,2,2
79,-2143.964,4121.031,16.213,-3.866,0.997556,0.067412,-0.018351,-0.067173,0.997652,0.013351,0.019208,-0.012085,0.999742,0,-0.09802,-0.74817,-5.881,-1.496,-1,425.000,-1,375.000,-1,325.000,325.000,300.000,300.000,-1,-1,-1,-1,-1,750.000,-1,-1,2,0,2,0,2,0,0,0,0,2,2,2,2,2,0,2,2
80,-2149.835,4121.582,16.152,-5.362,0.995462,0.093437,-0.018033,-0.093209,0.995560,0.013120,0.019178,-0.011379,0.999751,0,-0.09828,-0.74804,-5.897,-1.496,-1,425.000,-1,375.000,-1,325.000,325.000,300.000,325.000,-1,-1,-1,-1,-1,725.000,-1,-1,2,0,2,0,2,0,0,0,0,2,2,2,2,2,0,2,2
81,-2155.707,4122.288,16.083,-6.857,0.992689,0.119394,-0.017722,-0.119177,0.992790,0.012842,0.019128,-0.010636,0.999760,0,-0.09856,-0.74788,-5.914,-1.496,-1,425.000,-1,375.000,-1,325.000,325.000,300.000,325.000,-1,-1,-1,-1,-1,725.000,-1,-1,2,0,2,0,2,0,0,0,0,2,2,2,2,2,0,2,2
82,-2161.574,4123.149,16.006,-8.353,0.989240,0.145263,-0.017423,-0.145058,0.989344,0.012518,0.019056,-0.009856,0.999770,0,-0.09884,-0.74770,-5.931,-1.495,-1,425.000,-1,375.000,-1,325.000,325.000,300.000,325.000,-1,-1,-1,-1,-1,725.000,-1,-1,2,0,2,0,2,0,0,0,0,2,2,2,2,2,0,2,2
83,-2167.435,4124.167,15.922,-9.848,0.985117,0.171027,-0.017139,-0.170834,0.985225,0.012149,0.018963,-0.009040,0.999779,0,-0.09914,-0.74750,-5.948,-1.495,-1,425.000,-1,375.000,-1,325.000,300.000,300.000,325.000,-1,-1,-1,-1,-1,700.000,-1,-1,2,0,2,0,2,0,0,0,0,2,2,2,2,2,0,2,2
84,-2173.285,4125.340,15.831,-11.342,0.980325,0.196667,-0.016872,-0.196487,0.980436,0.011737,0.018850,-0.008191,0.999789,0,-0.09944,-0.74728,-5.966,-1.495,-1,425.000,-1,375.000,-1,325.000,300.000,300.000,325.000,-1,-1,-1,-1,-1,700.000,-1,-1,2,0,2,0,2,0,0,0,0,2,2,2,2,2,0,2,2
85,-2179.121,4126.670,15.732,-12.837,0.974867,0.222165,-0.016626,-0.221998,0.974982,0.011284,0.018717,-0.007310,0.999798,0,-0.09976,-0.74704,-5.985,-1.494,-1,425.000,-1,375.000,-1,325.000,300.000,300.000,325.000,-1,-1,-1,-1,-1,700.000,-1,-1,2,0,2,0,2,0,0,0,0,2,2,2,2,2,0,2,2
86,-2180.270,4126.958,15.739,-14.091,0.969774,0.243451,-0.016451,-0.243295,0.969891,0.010952,0.018622,-0.006618,0.999805,0,-0.01976,-0.62704,-1.185,-1.254,-1,425.000,-1,375.000,-1,325.000,300.000,300.000,325.000,-1,-1,-1,-1,1000.000,675.000,-1,-1,2,0,2,0,2,0,0,0,0,2,2,2,2,0,0,2,2
87,-2176.781,4126.016,15.856,-15.105,0.965314,0.260579,-0.016339,-0.260429,0.965433,0.010761,0.018578,-0.006133,0.999809,0,0.06024,-0.50704,3.615,-1.014,-1,425.000,-1,375.000,-1,325.000,300.000,300.000,325.000,-1,-1,-1,-1,975.000,675.000,-1,-1,2,0,2,0,2,0,0,0,0,2,2,2,2,0,0,2,2
88,-2168.687,4123.714,16.087,-15.879,0.961706,0.273598,-0.016287,-0.273451,0.961826,0.010728,0.018600,-0.005864,0.999810,0,0.14024,-0.38704,8.415,-0.774,-1,425.000,-1,375.000,1000.000,325.000,300.000,300.000,325.000,-1,-1,-1,-1,975.000,675.000,-1,-1,2,0,2,0,0,0,0,0,0,2,2,2,2,0,0,2,2
89,-2156.011,4119.980,16.436,-16.413,0.959114,0.282552,-0.016298,-0.282403,0.959234,0.010865,0.018704,-0.005818,0.999808,0,0.22024,-0.26704,13.215,-0.534,-1,425.000,-1,375.000,1000.000,325.000,300.000,300.000,325.000,-1,-1,-1,-1,975.000,675.000,-1,-1,2,0,2,0,0,0,0,0,0,2,2,2,2,0,0,2,2
90,-2138.757,4114.801,16.903,-16.707,0.957649,0.287471,-0.016383,-0.287316,0.957771,0.011179,0.018905,-0.005999,0.999803,0,0.30024,-0.14704,18.015,-0.294,-1,425.000,-1,375.000,1000.000,325.000,300.000,300.000,325.000,-1,-1,-1,-1,975.000,675.000,-1,-1,2,0,2,0,0,0,0,0,0,2,2,2,2,0,0,2,2
91,-2116.911,4108.222,17.490,-16.761,0.957375,0.288374,-0.016558,-0.288209,0.957496,0.011677,0.019222,-0.006407,0.999795,0,0.38024,-0.02704,22.815,-0.054,-1,425.000,-1,375.000,1000.000,325.000,300.000,300.000,325.000,-1,-1,-1,-1,1000.000,675.000,-1,-1,2,0,2,0,0,0,0,0,0,2,2,2,2,0,0,2,2
92,-2090.444,4100.344,18.194,-16.575,0.958301,0.285264,-0.016845,-0.285083,0.958423,0.012359,0.019671,-0.007042,0.999782,0,0.46024,0.09296,27.615,0.186,-1,425.000,-1,375.000,1000.000,325.000,300.000,300.000,325.000,-1,-1,-1,-1,-1,675.000,-1,-1,2,0,2,0,0,0,0,0,0,2,2,2,2,2,0,2,2
93,-2059.309,4091.329,18.997,-16.149,0.960386,0.278129,-0.017372,-0.277924,0.960511,0.013321,0.020391,-0.007966,0.999760,0,0.54024,0.21296,32.415,0.426,-1,425.000,-1,375.000,1000.000,325.000,325.000,300.000,325.000,-1,-1,-1,-1,-1,675.000,-1,-1,2,0,2,0,0,0,0,0,0,2,2,2,2,2,0,2,2
94,-2023.444,4081.394,19.725,-15.483,0.963537,0.266943,-0.018385,-0.266685,0.963662,0.015311,0.021804,-0.009850,0.999714,0,0.62024,0.33296,37.215,0.666,-1,425.000,-1,375.000,-1,325.000,325.000,300.000,300.000,-1,-1,-1,-1,-1,675.000,-1,-1,2,0,2,0,2,0,0,0,0,2,2,2,2,2,0,2,2
95,-1982.782,4070.820,20.183,-14.577,0.967646,0.251663,-0.018076,-0.251334,0.967721,0.018621,0.022179,-0.013476,0.999663,0,0.70024,0.45296,42.015,0.906,-1,425.000,-1,375.000,-1,325.000,325.000,300.000,300.000,-1,-1,-1,-1,-1,700.000,-1,-1,2,0,2,0,2,0,0,0,0,2,2,2,2,2,0,2,2
96,-1938.105,4060.151,20.681,-13.431,0.972493,0.232245,-0.017907,-0.231839,0.972502,0.022156,0.022560,-0.017395,0.999594,0,0.76555,0.57296,45.933,1.146,-1,450.000,-1,375.000,-1,325.000,325.000,300.000,300.000,-1,-1,-1,-1,-1,700.000,-1,-1,2,0,2,0,2,0,0,0,0,2,2,2,2,2,0,2,2
97,-1893.166,4050.433,21.271,-12.204,0.977268,0.211340,-0.016840,-0.210876,0.977174,0.025734,0.021894,-0.021598,0.999527,0,0.76631,0.61379,45.978,1.228,-1,450.000,-1,375.000,-1,350.000,325.000,300.000,300.000,-1,-1,-1,-1,-1,700.000,-1,-1,2,0,2,0,2,0,0,0,0,2,2,2,2,2,0,2,2
98,-1847.959,4041.667,21.572,-10.975,0.981611,0.190324,-0.014718,-0.189866,0.981412,0.027970,0.019768,-0.024662,0.999500,0,0.76748,0.61435,46.049,1.229,-1,450.000,-1,375.000,-1,350.000,325.000,300.000,300.000,-1,-1,-1,-1,-1,700.000,-1,-1,2,0,2,0,2,0,0,0,0,2,2,2,2,2,0,2,2
99,-1802.461,4033.858,21.897,-9.740,0.985518,0.169106,-0.012511,-0.168667,0.985206,0.030329,0.017455,-0.027780,0.999462,0,0.76938,0.61771,46.163,1.235,-1,450.000,-1,375.000,-1,325.000,325.000,300.000,300.000,-1,-1,-1,-1,-1,725.000,-1,-1,2,0,2,0,2,0,0,0,0,2,2,2,2,2,0,2,2
100,-1756.690,4027.021,22.238,-8.497,0.988980,0.147695,-0.010220,-0.147292,0.988549,0.032810,0.014949,-0.030943,0.999409,0,0.77132,0.62107,46.279,1.242,-1,425.000,-1,375.000,-1,325.000,325.000,275.000,300.000,-1,-1,-1,-1,-1,750.000,-1,-1,2,0,2,0,2,0,0,0,0,2,2,2,2,2,0,2,2
101,-1710.663,4021.168,22.584,-7.249,0.991986,0.126101,-0.007845,-0.125751,0.991430,0.035414,0.012244,-0.034143,0.999342,0,0.77329,0.62443,46.397,1.249,-1,425.000,-1,375.000,-1,325.000,325.000,275.000,300.000,-1,-1,-1,-1,-1,775.000,-1,-1,2,0,2,0,2,0,0,0,0,2,2,2,2,2,0,2,2
102,-1664.400,4016.313,22.929,-5.993,0.994528,0.104334,-0.005388,-0.104055,0.993840,0.038139,0.009334,-0.037370,0.999258,0,0.77530,0.62780,46.518,1.256,-1,450.000,-1,375.000,-1,325.000,325.000,275.000,275.000,-1,-1,-1,-1,-1,775.000,-1,-1,2,0,2,0,2,0,0,0,0,2,2,2,2,2,0,2,2
103,-1617.918,4012.468,23.262,-4.731,0.996595,0.082404,-0.002848,-0.082219,0.995771,0.040986,0.006214,-0.040612,0.999156,0,0.77734,0.63117,46.640,1.262,-1,450.000,-1,375.000,-1,325.000,325.000,275.000,275.000,-1,-1,-1,-1,-1,800.000,-1,-1,2,0,2,0,2,0,0,0,0,2,2,2,2,2,0,2,2
104,-1571.239,4009.647,23.574,-3.462,0.998179,0.060321,-0.000228,-0.060253,0.997215,0.043955,0.002879,-0.043861,0.999033,0,0.77942,0.63454,46.765,1.269,-1,450.000,-1,375.000,-1,350.000,325.000,275.000,275.000,-1,-1,-1,-1,-1,825.000,-1,-1,2,0,2,0,2,0,0,0,0,2,2,2,2,2,0,2,2
105,-1524.381,4007.861,23.867,-2.186,0.999271,0.038097,0.002434,-0.038170,0.998165,0.047001,-0.000639,-0.047060,0.998892,0,0.78152,0.63792,46.891,1.276,-1,450.000,-1,400.000,-1,350.000,325.000,275.000,275.000,-1,-1,-1,-1,-1,850.000,-1,-1,2,0,2,0,2,0,0,0,0,2,2,2,2,2,0,2,2
106,-1477.368,4007.122,24.154,-0.903,0.999863,0.015743,0.005062,-0.015976,0.998620,0.050027,-0.004267,-0.050101,0.998735,0,0.78366,0.64130,47.020,1.283,-1,475.000,-1,400.000,-1,350.000,325.000,275.000,275.000,-1,-1,-1,-1,-1,875.000,-1,-1,2,0,2,0,2,0,0,0,0,2,2,2,2,2,0,2,2
107,-1430.220,4007.442,24.401,0.386,0.999947,-0.006731,0.007740,0.006311,0.998568,0.053123,-0.008087,-0.053071,0.998558,0,0.78583,0.64469,47.150,1.289,-1,475.000,-1,425.000,-1,350.000,350.000,275.000,300.000,-1,-1,-1,-1,-1,875.000,-1,-1,2,0,2,0,2,0,0,0,0,2,2,2,2,2,0,2,2
108,-1382.959,4008.833,24.600,1.682,0.999515,-0.029313,0.010469,0.028680,0.998003,0.056283,-0.012098,-0.055955,0.998360,0,0.78802,0.64809,47.281,1.296,-1,475.000,-1,425.000,-1,350.000,350.000,275.000,300.000,-1,-1,-1,-1,-1,900.000,-1,-1,2,0,2,0,2,0,0,0,0,2,2,2,2,2,0,2,2
109,-1335.610,4011.305,24.740,2.985,0.998560,-0.051992,0.013249,0.051117,0.996919,0.059501,-0.016301,-0.058739,0.998140,0,0.79023,0.65150,47.414,1.303,-1,475.000,-1,425.000,-1,375.000,350.000,275.000,300.000,-1,-1,-1,-1,-1,925.000,-1,-1,2,0,2,0,2,0,0,0,0,2,2,2,2,2,0,2,2
110,-1288.196,4014.866,23.595,4.295,0.997067,-0.074771,0.016319,0.073687,0.995524,0.059183,-0.020671,-0.057807,0.998114,0,0.79247,0.65492,47.548,1.310,-1,475.000,-1,425.000,-1,375.000,350.000,300.000,275.000,-1,-1,-1,-1,-1,925.000,-1,-1,2,0,2,0,2,0,0,0,0,2,2,2,2,2,0,2,2
111,-1240.741,4019.530,21.419,5.612,0.995016,-0.097622,0.020303,0.096228,0.993489,0.060983,-0.026124,-0.058726,0.997932,0,0.79473,0.65836,47.684,1.317,-1,475.000,-1,425.000,-1,375.000,350.000,275.000,275.000,-1,-1,-1,-1,-1,900.000,-1,-1,2,0,2,0,2,0,0,0,0,2,2,2,2,2,0,2,2
112,-1197.770,4024.571,19.399,6.689,0.992930,-0.116268,0.023923,0.114580,0.991429,0.062771,-0.031016,-0.059586,0.997741,0,0.72110,0.53836,43.266,1.077,-1,475.000,-1,425.000,-1,375.000,350.000,275.000,275.000,-1,-1,-1,-1,-1,900.000,-1,-1,2,0,2,0,2,0,0,0,0,2,2,2,2,2,0,2,2
113,-1153.613,4030.406,17.276,7.525,0.991034,-0.130725,0.027626,0.128725,0.989562,0.064789,-0.035807,-0.060652,0.997516,0,0.74236,0.41836,44.542,0.837,-1,450.000,-1,425.000,-1,375.000,350.000,275.000,275.000,-1,-1,-1,-1,-1,875.000,-1,-1,2,0,2,0,2,0,0,0,0,2,2,2,2,2,0,2,2
114,-1109.219,4036.744,15.097,8.122,0.989512,-0.141013,0.031315,0.138689,0.988071,0.066946,-0.040382,-0.061901,0.997265,0,0.74740,0.29836,44.844,0.597,-1,450.000,-1,425.000,-1,350.000,350.000,275.000,275.000,-1,-1,-1,-1,-1,875.000,-1,-1,2,0,2,0,2,0,0,0,0,2,2,2,2,2,0,2,2
115,-1064.570,4043.402,12.864,8.479,0.988496,-0.147148,0.034980,0.144489,0.987083,0.069206,-0.044712,-0.063355,0.996989,0,0.75237,0.17836,45.142,0.357,-1,450.000,-1,425.000,-1,350.000,350.000,275.000,275.000,-1,-1,-1,-1,-1,850.000,-1,-1,2,0,2,0,2,0,0,0,0,2,2,2,2,2,0,2,2
116,-1019.668,4050.333,10.606,8.772,0.987593,-0.152187,0.038712,0.149178,0.986229,0.071397,-0.049045,-0.064736,0.996696,0,0.75723,0.14670,45.434,0.293,-1,450.000,-1,425.000,-1,350.000,350.000,275.000,275.000,-1,-1,-1,-1,-1,850.000,-1,-1,2,0,2,0,2,0,0,0,0,2,2,2,2,2,0,2,2
117,-974.518,4057.543,8.301,9.071,0.986636,-0.157317,0.042440,0.153946,0.985337,0.073558,-0.053389,-0.066041,0.996388,0,0.76203,0.14946,45.722,0.299,-1,450.000,-1,425.000,-1,350.000,350.000,275.000,275.000,-1,-1,-1,-1,-1,825.000,-1,-1,2,1,2,0,2,0,0,0,0,2,2,2,2,2,0,2,2
118,-929.123,4065.041,5.948,9.376,0.985622,-0.162541,0.046155,0.158796,0.984406,0.075690,-0.057738,-0.067272,0.996063,0,0.76681,0.15233,46.009,0.305,-1,450.000,-1,400.000,-1,350.000,350.000,275.000,275.000,-1,-1,-1,-1,-1,800.000,-1,-1,2,1,2,0,2,0,0,0,0,2,2,2,2,2,0,2,2
119,-883.490,4072.832,3.543,9.686,0.984549,-0.167863,0.049856,0.163733,0.983433,0.077790,-0.062087,-0.068425,0.995722,0,0.77156,0.15533,46.293,0.311,-1,475.000,-1,400.000,-1,350.000,350.000,275.000,275.000,-1,-1,-1,-1,-1,800.000,-1,-1,2,1,2,0,2,0,0,0,0,2,2,2,2,2,0,2,2
120,-837.622,4080.924,1.086,10.003,0.983415,-0.173287,0.053540,0.168763,0.982417,0.079853,-0.066437,-0.069493,0.995368,0,0.77626,0.15846,46.575,0.317,-1,525.000,-1,400.000,-1,350.000,350.000,275.000,275.000,-1,-1,-1,-1,-1,775.000,-1,-1,2,1,2,0,2,0,0,0,0,2,2,2,2,2,0,2,2
121,-791.527,4089.325,-1.425,10.327,0.982218,-0.178818,0.057208,0.173892,0.981355,0.081876,-0.070782,-0.070472,0.994999,0,0.78091,0.16174,46.854,0.323,-1,-1,-1,400.000,-1,350.000,325.000,275.000,275.000,-1,-1,-1,-1,-1,775.000,-1,-1,2,2,2,0,2,1,0,0,0,2,2,2,2,2,0,2,2
122,-745.210,4098.043,-3.993,10.657,0.980954,-0.184462,0.060856,0.179127,0.980246,0.083855,-0.075122,-0.071357,0.994618,0,0.78549,0.16518,47.129,0.330,-1,-1,-1,400.000,-1,350.000,325.000,275.000,300.000,-1,-1,-1,-1,-1,750.000,-1,-1,2,2,2,0,2,1,0,0,0,2,2,2,2,2,0,2,2
123,-698.680,4107.083,-6.905,10.995,0.979658,-0.190238,0.063874,0.184624,0.979160,0.084614,-0.078639,-0.071100,0.994364,0,0.78999,0.16880,47.399,0.338,-1,-1,-1,400.000,-1,350.000,325.000,275.000,300.000,-1,-1,-1,-1,-1,-1,-1,-1,2,2,2,0,2,1,0,0,0,2,2,2,2,2,2,2,2
124,-651.946,4116.454,-10.282,11.340,0.978378,-0.196160,0.065558,0.190510,0.978123,0.083558,-0.080515,-0.069262,0.994344,0,0.79440,0.17262,47.664,0.345,-1,-1,-1,400.000,-1,375.000,325.000,275.000,300.000,-1,-1,-1,-1,-1,-1,-1,-1,2,2,2,0,2,1,0,0,0,2,2,2,2,2,2,2,2
125,-605.018,4126.166,-13.811,11.693,0.977064,-0.202208,0.066772,0.196531,0.976992,0.082843,-0.081987,-0.067820,0.994323,0,0.79870,0.17666,47.922,0.353,-1,-1,-1,400.000,-1,375.000,325.000,275.000,300.000,-1,-1,-1,-1,-1,-1,-1,-1,2,2,2,0,2,1,0,0,0,2,2,2,2,2,2,2,2
126,-557.909,4136.234,-19.193,12.055,0.975565,-0.208288,0.069921,0.201784,0.975292,0.089935,-0.086926,-0.073629,0.993490,0,0.80287,0.18093,48.172,0.362,-1,-1,-1,375.000,-1,400.000,325.000,275.000,300.000,-1,-1,-1,-1,-1,-1,-1,-1,2,2,2,0,2,1,0,0,0,2,2,2,2,2,2,2,2
127,-510.631,4146.664,-25.473,12.426,0.973860,-0.214443,0.074907,0.206541,0.973220,0.100912,-0.094541,-0.082803,0.992071,0,0.80689,0.18548,48.413,0.371,-1,-1,-1,375.000,-1,400.000,300.000,250.000,300.000,-1,-1,-1,-1,-1,-1,-1,-1,2,2,2,0,2,1,0,0,0,2,2,2,2,2,2,2,2
128,-463.200,4157.463,-32.081,12.807,0.972024,-0.220705,0.080361,0.211095,0.970896,0.113133,-0.102991,-0.093004,0.990325,0,0.81072,0.19032,48.643,0.381,-1,-1,-1,350.000,-1,400.000,300.000,225.000,300.000,-1,-1,-1,-1,-1,-1,-1,-1,2,2,2,0,2,1,0,0,0,2,2,2,2,2,2,2,2
129,-415.632,4168.638,-39.029,13.198,0.970050,-0.227069,0.086272,0.215391,0.968279,0.126657,-0.112295,-0.104282,0.988188,0,0.81434,0.19549,48.860,0.391,-1,-1,-1,350.000,-1,400.000,275.000,200.000,325.000,-1,-1,-1,-1,-1,-1,-1,-1,2,2,2,0,2,1,0,0,0,2,2,2,2,2,2,2,2
130,-367.949,4180.198,-46.331,13.600,0.967927,-0.233534,0.092622,0.219361,0.965322,0.141545,-0.122465,-0.116687,0.985589,0,0.81771,0.20103,49.062,0.402,-1,-1,-1,325.000,-1,425.000,250.000,175.000,325.000,-1,-1,-1,-1,-1,-1,-1,-1,2,2,2,0,2,1,0,0,0,2,2,2,2,2,2,2,2
131,-320.172,4192.152,-53.998,14.014,0.965649,-0.240093,0.099389,0.222931,0.961969,0.157854,-0.133508,-0.130274,0.982448,0,0.82078,0.20698,49.247,0.414,-1,-1,-1,300.000,-1,-1,250.000,150.000,325.000,-1,-1,-1,-1,-1,-1,-1,-1,2,2,2,0,2,2,0,0,0,2,2,2,2,2,2,2,2
132,-272.329,4204.509,-62.044,14.441,0.963208,-0.246737,0.106539,0.226016,0.958158,0.175641,-0.145419,-0.145099,0.978672,0,0.82350,0.21338,49.410,0.427,-1,-1,-1,275.000,-1,-1,225.000,150.000,350.000,-1,-1,-1,-1,-1,-1,-1,-1,2,2,2,0,2,2,0,0,0,2,2,2,2,2,2,2,2
133,-224.450,4217.276,-70.479,14.881,0.960602,-0.253456,0.114033,0.228522,0.953818,0.194958,-0.158180,-0.161219,0.974160,0,0.82581,0.22028,49.548,0.441,-1,-1,-1,-1,-1,-1,225.000,150.000,375.000,-1,-1,-1,-1,-1,-1,-1,-1,2,2,2,2,2,2,1,1,0,2,2,2,2,2,2,2,2
134,-172.105,4231.912,-80.190,15.562,0.956789,-0.263888,0.122137,0.233511,0.947584,0.218077,-0.173284,-0.180134,0.968259,0,0.90581,0.34028,54.348,0.681,-1,-1,-1,-1,-1,-1,-1,150.000,375.000,-1,-1,-1,-1,-1,-1,-1,-1,2,2,2,2,2,2,2,1,0,2,2,2,2,2,2,2,2
135,-115.386,4248.707,-91.355,16.423,0.951960,-0.276866,0.130833,0.239425,0.939318,0.245676,-0.190913,-0.202549,0.960482,0,0.98581,0.43063,59.148,0.861,-1,-1,-1,-1,-1,-1,-1,150.000,425.000,625.000,-1,-1,-1,-1,-1,-1,-1,2,2,2,2,2,2,2,1,0,0,2,2,2,2,2,2,2
136,-327.954,-3607.613,301.244,-41.300,0.751697,0.658919,-0.027887,-0.659378,0.750031,-0.051713,-0.013158,0.057260,0.998273,1,0.00000,0.00000,60.000,0.912,-1,425.000,-1,400.000,-1,325.000,325.000,325.000,275.000,-1,-1,-1,-1,925.000,775.000,-1,-1,2,0,2,0,2,0,0,0,0,2,2,2,2,0,0,2,2
137,-324.334,-3610.766,301.174,-41.060,0.754453,0.655770,-0.027674,-0.656221,0.752783,-0.051874,-0.013185,0.057297,0.998270,0,0.08000,0.12000,4.800,0.240,-1,425.000,-1,400.000,-1,325.000,325.000,325.000,275.000,-1,-1,-1,-1,925.000,775.000,-1,-1,2,0,2,0,2,0,0,0,0,2,2,2,2,0,0,2,2
138,-317.043,-3617.011,301.037,-40.580,0.759926,0.649438,-0.027243,-0.649874,0.758247,-0.052193,-0.013239,0.057368,0.998265,0,0.16000,0.24000,9.600,0.480,-1,425.000,-1,400.000,-1,325.000,325.000,325.000,275.000,-1,-1,-1,-1,925.000,775.000,-1,-1,2,0,2,0,2,0,0,0,0,2,2,2,2,0,0,2,2
139,-305.990,-3626.240,300.850,-39.860,0.768036,0.639856,-0.026544,-0.640267,0.766345,-0.052657,-0.013351,0.057437,0.998260,0,0.24000,0.36000,14.400,0.720,-1,425.000,-1,400.000,-1,325.000,325.000,325.000,275.000,-1,-1,-1,-1,925.000,775.000,-1,-1,2,0,2,0,2,0,0,0,0,2,2,2,2,0,0,2,2
