timestep,x_cm,y_cm,z_cm,yaw_deg,basis_xx,basis_xy,basis_xz,basis_yx,basis_yy,basis_yz,basis_zx,basis_zy,basis_zz,teleport_flag,throttle_cmd,steering_cmd,cmd_move_cm,cmd_turn_deg,lidar_cm_0,lidar_cm_1,lidar_cm_2,lidar_cm_3,lidar_cm_4,lidar_cm_5,lidar_cm_6,lidar_cm_7,lidar_cm_8,lidar_cm_9,lidar_cm_10,lidar_cm_11,lidar_cm_12,lidar_cm_13,lidar_cm_14,lidar_cm_15,lidar_cm_16,lidar_class_0,lidar_class_1,lidar_class_2,lidar_class_3,lidar_class_4,lidar_class_5,lidar_class_6,lidar_class_7,lidar_class_8,lidar_class_9,lidar_class_10,lidar_class_11,lidar_class_12,lidar_class_13,lidar_class_14,lidar_class_15,lidar_class_16
0,-4919.483,-8859.885,87.529,-90.029,-0.000940,0.999211,0.039717,-0.999938,-0.000498,-0.011122,-0.011094,-0.039725,0.999149,1,0.08000,-0.12000,4.800,-0.240,-1,400.000,-1,400.000,-1,325.000,325.000,325.000,325.000,-1,-1,-1,-1,750.000,775.000,-1,-1,2,0,2,0,2,0,0,0,0,2,2,2,2,0,0,2,2
1,-4919.568,-8869.485,87.424,-90.509,-0.009304,0.999170,0.039652,-0.999899,-0.008869,-0.011124,-0.010763,-0.039752,0.999152,0,0.16000,-0.24000,9.600,-0.480,-1,400.000,-1,400.000,-1,325.000,325.000,325.000,325.000,-1,-1,-1,-1,750.000,775.000,-1,-1,2,0,2,0,2,0,0,0,0,2,2,2,2,0,0,2,2
2,-4919.877,-8883.881,87.272,-91.229,-0.021848,0.998979,0.039548,-0.999709,-0.021424,-0.011126,-0.010267,-0.039779,0.999156,0,0.24000,-0.36000,14.400,-0.720,-1,400.000,-1,400.000,-1,325.000,325.000,325.000,325.000,-1,-1,-1,-1,750.000,775.000,-1,-1,2,0,2,0,2,0,0,0,0,2,2,2,2,0,0,2,2
3,-4920.610,-8903.068,87.084,-92.189,-0.038569,0.998479,0.039395,-0.999210,-0.038158,-0.011128,-0.009608,-0.039794,0.999162,0,0.32000,-0.48000,19.200,-0.960,-1,400.000,-1,400.000,-1,325.000,325.000,325.000,325.000,-1,-1,-1,-1,750.000,775.000,-1,-1,2,0,2,0,2,0,0,0,0,2,2,2,2,0,0,2,2
4,-4922.029,-8927.026,86.869,-93.389,-0.059454,0.997462,0.039185,-0.998192,-0.059060,-0.011127,-0.008784,-0.039776,0.999170,0,0.40000,-0.60000,24.000,-1.200,-1,375.000,-1,400.000,-1,325.000,325.000,325.000,325.000,-1,-1,-1,-1,750.000,775.000,-1,-1,2,0,2,0,2,0,0,0,0,2,2,2,2,0,0,2,2
5,-4924.453,-8955.724,86.641,-94.829,-0.084481,0.995665,0.038902,-0.996395,-0.084108,-0.011119,-0.007799,-0.039701,0.999181,0,0.48000,-0.72000,28.800,-1.440,-1,375.000,-1,400.000,-1,300.000,325.000,325.000,325.000,-1,-1,-1,-1,750.000,775.000,-1,-1,2,0,2,0,2,0,0,0,0,2,2,2,2,0,0,2,2
6,-4928.178,-8989.117,86.413,-96.364,-0.111100,0.993062,0.038540,-0.993786,-0.110751,-0.011098,-0.006753,-0.039534,0.999195,0,0.56000,-0.76751,33.600,-1.535,-1,375.000,-1,400.000,-1,300.000,325.000,325.000,325.000,-1,-1,-1,-1,750.000,775.000,-1,-1,2,0,2,0,2,0,0,0,0,2,2,2,2,0,0,2,2
7,-4933.455,-9027.153,86.193,-97.899,-0.137641,0.989750,0.038090,-0.990466,-0.137315,-0.011059,-0.005715,-0.039249,0.999213,0,0.64000,-0.76751,38.400,-1.535,-1,375.000,-1,400.000,-1,325.000,325.000,325.000,325.000,-1,-1,-1,-1,750.000,775.000,-1,-1,2,0,2,0,2,0,0,0,0,2,2,2,2,0,0,2,2
8,-4940.536,-9069.769,85.992,-99.434,-0.164083,0.985732,0.037539,-0.986435,-0.163781,-0.010993,-0.004688,-0.038833,0.999235,0,0.72000,-0.76751,43.200,-1.535,-1,375.000,-1,400.000,-1,325.000,325.000,325.000,325.000,-1,-1,-1,-1,750.000,775.000,-1,-1,2,0,2,0,2,0,0,0,0,2,2,2,2,0,0,2,2
9,-4949.669,-9116.892,85.818,-100.969,-0.190409,0.981012,0.036873,-0.981698,-0.190132,-0.010892,-0.003674,-0.038272,0.999261,0,0.80000,-0.76751,48.000,-1.535,-1,375.000,-1,400.000,-1,325.000,325.000,325.000,325.000,-1,-1,-1,-1,750.000,775.000,-1,-1,2,0,2,0,2,0,0,0,0,2,2,2,2,0,0,2,2
10,-4960.338,-9164.998,85.687,-102.504,-0.216599,0.975591,0.036146,-0.976257,-0.216349,-0.010741,-0.002659,-0.037614,0.999289,0,0.82124,-0.76751,49.274,-1.535,-1,375.000,-1,400.000,-1,325.000,325.000,325.000,300.000,-1,-1,-1,-1,750.000,775.000,-1,-1,2,0,2,0,2,0,0,0,0,2,2,2,2,0,0,2,2
11,-4972.291,-9212.801,85.606,-104.039,-0.242636,0.969473,0.035360,-0.970116,-0.242412,-0.010546,-0.001653,-0.036862,0.999319,0,0.82124,-0.76751,49.274,-1.535,-1,375.000,-1,400.000,-1,325.000,325.000,325.000,300.000,-1,-1,-1,-1,750.000,775.000,-1,-1,2,0,2,0,2,0,0,0,0,2,2,2,2,0,0,2,2
12,-4985.521,-9260.266,85.581,-105.574,-0.268501,0.962660,0.034532,-0.963279,-0.268304,-0.010326,-0.000675,-0.036036,0.999350,0,0.82124,-0.76751,49.274,-1.535,-1,375.000,-1,400.000,-1,325.000,325.000,325.000,300.000,-1,-1,-1,-1,750.000,775.000,-1,-1,2,0,2,0,2,0,0,0,0,2,2,2,2,0,0,2,2
13,-5000.017,-9307.360,85.662,-107.109,-0.294171,0.955152,0.033897,-0.955753,-0.294002,-0.009964,0.000448,-0.035328,0.999376,0,0.82124,-0.76751,49.274,-1.535,-1,375.000,-1,400.000,-1,325.000,325.000,325.000,300.000,-1,-1,-1,-1,750.000,775.000,-1,-1,2,0,2,0,2,0,0,0,0,2,2,2,2,0,0,2,2
14,-5015.770,-9354.049,85.804,-108.644,-0.319630,0.946958,0.033259,-0.947541,-0.319492,-0.009539,0.001593,-0.034563,0.999401,0,0.82124,-0.76751,49.274,-1.535,-1,400.000,-1,400.000,-1,325.000,325.000,325.000,300.000,-1,-1,-1,-1,750.000,775.000,-1,-1,2,0,2,0,2,0,0,0,0,2,2,2,2,0,0,2,2
15,-5032.767,-9400.299,86.000,-110.179,-0.344862,0.938087,0.032598,-0.938649,-0.344754,-0.009057,0.002743,-0.033722,0.999428,0,0.82124,-0.76751,49.274,-1.535,-1,400.000,-1,400.000,-1,325.000,325.000,325.000,300.000,-1,-1,-1,-1,750.000,775.000,-1,-1,2,0,2,0,2,0,0,0,0,2,2,2,2,0,0,2,2
16,-5050.998,-9446.077,86.244,-111.714,-0.369849,0.928543,0.031932,-0.929084,-0.369771,-0.008535,0.003882,-0.032824,0.999454,0,0.82124,-0.76751,49.274,-1.535,-1,400.000,-1,400.000,-1,325.000,325.000,325.000,300.000,-1,-1,-1,-1,750.000,775.000,-1,-1,2,0,2,0,2,0,0,0,0,2,2,2,2,0,0,2,2
17,-5070.448,-9491.351,86.384,-113.249,-0.394586,0.918314,0.031642,-0.918848,-0.394516,-0.008684,0.004509,-0.032501,0.999462,0,0.82124,-0.76751,49.274,-1.535,-1,400.000,-1,400.000,-1,325.000,325.000,325.000,300.000,-1,-1,-1,-1,750.000,775.000,-1,-1,2,0,2,0,2,0,0,0,0,2,2,2,2,0,0,2,2
18,-5091.104,-9536.087,86.576,-114.784,-0.419041,0.907428,0.031305,-0.907953,-0.418980,-0.008792,0.005138,-0.032107,0.999471,0,0.82124,-0.76751,49.274,-1.535,-1,400.000,-1,400.000,-1,325.000,325.000,325.000,300.000,-1,-1,-1,-1,750.000,775.000,-1,-1,2,0,2,0,2,0,0,0,0,2,2,2,2,0,0,2,2
19,-5112.951,-9580.253,86.820,-116.319,-0.443195,0.895892,0.030921,-0.896407,-0.443144,-0.008853,0.005772,-0.031641,0.999483,0,0.82124,-0.76751,49.274,-1.535,-1,400.000,-1,400.000,-1,325.000,325.000,325.000,300.000,-1,-1,-1,-1,750.000,750.000,-1,-1,2,0,2,0,2,0,0,0,0,2,2,2,2,0,0,2,2
20,-5135.973,-9623.819,87.115,-117.854,-0.467032,0.883714,0.030495,-0.884217,-0.466992,-0.008861,0.006410,-0.031102,0.999496,0,0.82124,-0.76751,49.274,-1.535,-1,400.000,-1,400.000,-1,325.000,325.000,325.000,325.000,-1,-1,-1,-1,750.000,750.000,-1,-1,2,0,2,0,2,0,0,0,0,2,2,2,2,0,0,2,2
21,-5160.154,-9666.752,87.463,-119.389,-0.490535,0.870904,0.030029,-0.871393,-0.490507,-0.008811,0.007055,-0.030489,0.999510,0,0.82124,-0.76751,49.274,-1.535,-1,400.000,-1,400.000,-1,325.000,325.000,325.000,325.000,-1,-1,-1,-1,750.000,750.000,-1,-1,2,0,2,0,2,0,0,0,0,2,2,2,2,0,0,2,2
22,-5182.986,-9704.918,87.819,-120.889,-0.513161,0.857782,0.029582,-0.858258,-0.513145,-0.008719,0.007701,-0.029864,0.999524,0,0.74124,-0.74996,44.474,-1.500,-1,375.000,-1,400.000,-1,325.000,325.000,300.000,325.000,-1,-1,-1,-1,725.000,750.000,-1,-1,2,0,2,0,2,0,0,0,0,2,2,2,2,0,0,2,2
23,-5204.239,-9738.421,88.152,-122.389,-0.535438,0.844074,0.029059,-0.844534,-0.535433,-0.008609,0.008293,-0.029151,0.999541,0,0.66124,-0.74996,39.674,-1.500,-1,375.000,-1,400.000,-1,325.000,325.000,300.000,325.000,-1,-1,-1,-1,725.000,750.000,-1,-1,2,0,2,0,2,0,0,0,0,2,2,2,2,0,0,2,2
24,-5223.684,-9767.371,88.457,-123.889,-0.557351,0.829791,0.028408,-0.830230,-0.557358,-0.008417,0.008849,-0.028276,0.999561,0,0.58124,-0.74996,34.874,-1.500,-1,375.000,-1,400.000,-1,325.000,325.000,300.000,325.000,-1,-1,-1,-1,725.000,750.000,-1,-1,2,0,2,0,2,0,0,0,0,2,2,2,2,0,0,2,2
25,-5241.101,-9791.889,88.753,-125.389,-0.578882,0.814937,0.027819,-0.815357,-0.578901,-0.008170,0.009446,-0.027412,0.999580,0,0.50124,-0.74996,30.074,-1.500,-1,375.000,-1,400.000,-1,325.000,325.000,300.000,325.000,-1,-1,-1,-1,725.000,750.000,-1,-1,2,0,2,0,2,0,0,0,0,2,2,2,2,0,0,2,2
26,-5256.273,-9812.103,89.024,-126.889,-0.600016,0.799522,0.027310,-0.799925,-0.600048,-0.007915,0.010059,-0.026596,0.999596,0,0.42124,-0.74996,25.274,-1.500,-1,375.000,-1,400.000,-1,325.000,325.000,300.000,325.000,-1,-1,-1,-1,725.000,750.000,-1,-1,2,0,2,0,2,0,0,0,0,2,2,2,2,0,0,2,2
27,-5268.988,-9828.151,89.260,-128.388,-0.620738,0.783557,0.026889,-0.783945,-0.620782,-0.007671,0.010682,-0.025842,0.999609,0,0.34124,-0.74996,20.474,-1.500,-1,375.000,-1,400.000,-1,325.000,325.000,300.000,300.000,-1,-1,-1,-1,725.000,750.000,-1,-1,2,0,2,0,2,0,0,0,0,2,2,2,2,0,0,2,2
28,-5279.040,-9840.178,89.452,-129.888,-0.641034,0.767052,0.026562,-0.767429,-0.641091,-0.007454,0.011311,-0.025162,0.999619,0,0.26124,-0.74996,15.674,-1.500,-1,375.000,-1,400.000,-1,325.000,325.000,300.000,300.000,-1,-1,-1,-1,725.000,750.000,-1,-1,2,0,2,0,2,0,0,0,0,2,2,2,2,0,0,2,2
29,-5286.230,-9848.336,89.591,-131.388,-0.660891,0.750020,0.026332,-0.750387,-0.660959,-0.007279,0.011945,-0.024570,0.999627,0,0.18124,-0.74996,10.874,-1.500,-1,375.000,-1,400.000,-1,325.000,325.000,300.000,300.000,-1,-1,-1,-1,725.000,750.000,-1,-1,2,0,2,0,2,0,0,0,0,2,2,2,2,0,0,2,2
30,-5290.364,-9852.787,89.668,-132.888,-0.680294,0.732470,0.026205,-0.732831,-0.680373,-0.007161,0.012585,-0.024075,0.999631,0,0.10124,-0.74996,6.074,-1.500,-1,375.000,-1,400.000,-1,325.000,325.000,300.000,300.000,-1,-1,-1,-1,725.000,750.000,-1,-1,2,0,2,0,2,0,0,0,0,2,2,2,2,0,0,2,2
31,-5291.255,-9853.698,89.676,-134.388,-0.699230,0.714417,0.026185,-0.714774,-0.699319,-0.007111,0.013231,-0.023689,0.999632,0,0.02124,-0.74996,1.274,-1.500,-1,375.000,-1,400.000,-1,325.000,325.000,300.000,300.000,-1,-1,-1,-1,725.000,750.000,-1,-1,2,0,2,0,2,0,0,0,0,2,2,2,2,0,0,2,2
32,-5288.724,-9851.244,89.607,-135.888,-0.717686,0.695871,0.026274,-0.696229,-0.717784,-0.007142,0.013889,-0.023419,0.999629,0,-0.05876,-0.74996,-3.526,-1.500,-1,375.000,-1,400.000,-1,325.000,325.000,300.000,300.000,-1,-1,-1,-1,725.000,750.000,-1,-1,2,0,2,0,2,0,0,0,0,2,2,2,2,0,0,2,2
33,-5282.597,-9845.607,89.456,-137.388,-0.735648,0.676847,0.026477,-0.677208,-0.735756,-0.007263,0.014565,-0.023274,0.999623,0,-0.13876,-0.74996,-8.326,-1.500,-1,375.000,-1,400.000,-1,325.000,325.000,300.000,300.000,-1,-1,-1,-1,725.000,750.000,-1,-1,2,0,2,0,2,0,0,0,0,2,2,2,2,0,0,2,2
34,-5279.951,-9843.278,89.386,-138.648,-0.750348,0.660509,0.026559,-0.660870,-0.750465,-0.007309,0.015104,-0.023037,0.999621,0,-0.05876,-0.62996,-3.526,-1.260,-1,375.000,-1,400.000,-1,325.000,325.000,300.000,300.000,-1,-1,-1,-1,725.000,775.000,-1,-1,2,0,2,0,2,0,0,0,0,2,2,2,2,0,0,2,2
35,-5280.922,-9844.102,89.404,-139.668,-0.761986,0.647051,0.026519,-0.647408,-0.762109,-0.007274,0.015504,-0.022711,0.999622,0,0.02124,-0.50996,1.274,-1.020,-1,375.000,-1,400.000,-1,325.000,325.000,300.000,300.000,-1,-1,-1,-1,725.000,775.000,-1,-1,2,0,2,0,2,0,0,0,0,2,2,2,2,0,0,2,2
36,-5285.606,-9847.970,89.512,-140.448,-0.770724,0.636623,0.026359,-0.636973,-0.770853,-0.007148,0.015768,-0.022299,0.999627,0,0.10124,-0.38996,6.074,-0.780,-1,375.000,-1,400.000,-1,325.000,325.000,300.000,300.000,-1,-1,-1,-1,725.000,775.000,-1,-1,2,0,2,0,2,0,0,0,0,2,2,2,2,0,0,2,2
37,-5294.056,-9854.816,89.713,-140.988,-0.776694,0.629338,0.026078,-0.629677,-0.776826,-0.006925,0.015900,-0.021800,0.999636,0,0.18124,-0.26996,10.874,-0.540,-1,375.000,-1,400.000,-1,325.000,325.000,300.000,300.000,-1,-1,-1,-1,725.000,775.000,-1,-1,2,0,2,0,2,0,0,0,0,2,2,2,2,0,0,2,2
38,-5306.286,-9864.618,90.008,-141.288,-0.779985,0.625271,0.025680,-0.625596,-0.780120,-0.006603,0.015905,-0.021216,0.999648,0,0.26124,-0.14996,15.674,-0.300,-1,375.000,-1,400.000,-1,325.000,325.000,300.000,300.000,-1,-1,-1,-1,725.000,775.000,-1,-1,2,0,2,0,2,0,0,0,0,2,2,2,2,0,0,2,2
39,-5322.276,-9877.406,90.396,-141.348,-0.780649,0.624463,0.025168,-0.624771,-0.780784,-0.006178,0.015793,-0.020547,0.999664,0,0.34124,-0.02996,20.474,-0.060,-1,375.000,-1,400.000,-1,325.000,325.000,300.000,300.000,-1,-1,-1,-1,725.000,775.000,-1,-1,2,0,2,0,2,0,0,0,0,2,2,2,2,0,0,2,2
40,-5341.964,-9893.255,90.855,-141.167,-0.778692,0.626922,0.024650,-0.627212,-0.778828,-0.005673,0.015642,-0.019879,0.999680,0,0.42124,0.09004,25.274,0.180,-1,375.000,-1,400.000,-1,325.000,325.000,300.000,300.000,-1,-1,-1,-1,725.000,750.000,-1,-1,2,0,2,0,2,0,0,0,0,2,2,2,2,0,0,2,2
41,-5365.253,-9912.284,91.313,-140.747,-0.774074,0.632619,0.024556,-0.632901,-0.774215,-0.005237,0.015699,-0.019596,0.999685,0,0.50124,0.21004,30.074,0.420,-1,375.000,-1,400.000,-1,325.000,325.000,300.000,300.000,-1,-1,-1,-1,725.000,750.000,-1,-1,2,0,2,0,2,0,0,0,0,2,2,2,2,0,0,2,2
42,-5392.002,-9934.660,91.861,-140.087,-0.766734,0.641499,0.024450,-0.641774,-0.766879,-0.004800,0.015671,-0.019372,0.999690,0,0.58124,0.33004,34.874,0.660,-1,375.000,-1,400.000,-1,325.000,325.000,300.000,300.000,-1,-1,-1,-1,725.000,750.000,-1,-1,2,0,2,0,2,0,0,0,0,2,2,2,2,0,0,2,2
43,-5422.030,-9960.591,92.489,-139.187,-0.756562,0.653469,0.024332,-0.653736,-0.756710,-0.004308,0.015597,-0.019166,0.999695,0,0.66124,0.45004,39.674,0.900,-1,375.000,-1,400.000,-1,325.000,325.000,300.000,300.000,-1,-1,-1,-1,700.000,750.000,-1,-1,2,0,2,0,2,0,0,0,0,2,2,2,2,0,0,2,2
44,-5454.526,-9989.802,93.181,-138.047,-0.743410,0.668398,0.024208,-0.668657,-0.743561,-0.003776,0.015476,-0.018994,0.999700,0,0.72826,0.57004,43.696,1.140,-1,375.000,-1,400.000,-1,325.000,325.000,300.000,300.000,-1,-1,-1,-1,700.000,750.000,-1,-1,2,0,2,0,2,0,0,0,0,2,2,2,2,0,0,2,2
45,-5486.408,-10019.683,93.874,-136.855,-0.729344,0.683722,0.024091,-0.683974,-0.729499,-0.003249,0.015353,-0.018847,0.999704,0,0.72826,0.59595,43.696,1.192,-1,375.000,-1,400.000,-1,325.000,325.000,300.000,300.000,-1,-1,-1,-1,700.000,725.000,-1,-1,2,0,2,0,2,0,0,0,0,2,2,2,2,0,0,2,2
46,-5517.661,-10050.221,94.568,-135.663,-0.714963,0.698751,0.023981,-0.698996,-0.715121,-0.002725,0.015246,-0.018711,0.999709,0,0.72826,0.59595,43.696,1.192,-1,375.000,-1,400.000,-1,325.000,325.000,325.000,300.000,-1,-1,-1,-1,700.000,725.000,-1,-1,2,0,2,0,2,0,0,0,0,2,2,2,2,0,0,2,2
47,-5548.272,-10081.402,95.252,-134.471,-0.700273,0.713476,0.023886,-0.713715,-0.700432,-0.002260,0.015118,-0.018630,0.999712,0,0.72826,0.59595,43.696,1.192,-1,375.000,-1,375.000,-1,300.000,325.000,325.000,300.000,-1,-1,-1,-1,700.000,725.000,-1,-1,2,0,2,0,2,0,0,0,0,2,2,2,2,0,0,2,2
48,-5578.228,-10113.213,95.965,-133.280,-0.685274,0.727889,0.024028,-0.728129,-0.685437,-0.001903,0.015084,-0.018800,0.999709,0,0.72826,0.59595,43.696,1.192,-1,375.000,-1,375.000,-1,300.000,325.000,325.000,300.000,-1,-1,-1,-1,700.000,725.000,-1,-1,2,0,2,0,2,0,0,0,0,2,2,2,2,0,0,2,2
49,-5607.516,-10145.641,96.764,-132.088,-0.669969,0.741982,0.024583,-0.742231,-0.670142,-0.001549,0.015325,-0.019284,0.999697,0,0.72826,0.59595,43.696,1.192,-1,375.000,-1,375.000,-1,300.000,325.000,325.000,300.000,-1,-1,-1,-1,700.000,725.000,-1,-1,2,0,2,0,2,0,0,0,0,2,2,2,2,0,0,2,2
50,-5636.123,-10178.670,97.487,-130.896,-0.654369,0.755758,0.025115,-0.756009,-0.654561,-0.000753,0.015871,-0.019480,0.999684,0,0.72826,0.59595,43.696,1.192,-1,375.000,-1,375.000,-1,300.000,300.000,325.000,325.000,-1,-1,-1,-1,700.000,700.000,-1,-1,2,0,2,0,2,0,0,0,0,2,2,2,2,0,0,2,2
51,-5664.036,-10212.288,98.222,-129.704,-0.638483,0.769207,0.025682,-0.769460,-0.638695,0.000070,0.016457,-0.019717,0.999670,0,0.72826,0.59595,43.696,1.192,-1,375.000,-1,375.000,-1,300.000,300.000,325.000,325.000,-1,-1,-1,-1,700.000,700.000,-1,-1,2,0,2,0,2,0,0,0,0,2,2,2,2,0,0,2,2
52,-5691.245,-10246.479,98.970,-128.512,-0.622320,0.782322,0.026282,-0.782577,-0.622553,0.000913,0.017076,-0.019999,0.999654,0,0.72826,0.59595,43.696,1.192,-1,375.000,-1,375.000,-1,300.000,300.000,325.000,325.000,-1,-1,-1,-1,700.000,700.000,-1,-1,2,0,2,0,2,0,0,0,0,2,2,2,2,0,0,2,2
53,-5717.736,-10281.228,99.753,-127.320,-0.605888,0.795098,0.026794,-0.795354,-0.606143,0.001777,0.017654,-0.020234,0.999639,0,0.72826,0.59595,43.696,1.192,-1,375.000,-1,375.000,-1,300.000,300.000,325.000,325.000,-1,-1,975.000,-1,700.000,700.000,-1,-1,2,0,2,0,2,0,0,0,0,2,2,0,2,0,0,2,2
54,-5746.492,-10320.278,100.645,-126.368,-0.592569,0.805056,0.027336,-0.805309,-0.592848,0.002750,0.018420,-0.020384,0.999623,0,0.80826,0.47595,48.496,0.952,-1,375.000,-1,375.000,-1,300.000,300.000,325.000,325.000,-1,975.000,900.000,-1,700.000,700.000,-1,-1,2,0,2,0,2,0,0,0,0,2,0,0,2,0,0,2,2
55,-5777.560,-10363.582,101.659,-125.656,-0.582489,0.812359,0.027923,-0.812607,-0.582799,0.003843,0.019396,-0.020452,0.999603,0,0.88826,0.35595,53.296,0.712,-1,375.000,-1,375.000,-1,300.000,300.000,325.000,325.000,-1,900.000,850.000,-1,700.000,700.000,-1,-1,2,0,2,0,2,0,0,0,0,2,0,0,2,0,0,2,2
56,-5811.035,-10411.064,102.812,-125.184,-0.575743,0.817132,0.028556,-0.817371,-0.576089,0.005082,0.020603,-0.020415,0.999579,0,0.96826,0.23595,58.096,0.472,-1,375.000,-1,375.000,-1,300.000,300.000,325.000,325.000,-1,850.000,800.000,-1,700.000,700.000,-1,-1,2,0,2,0,2,0,0,0,0,2,0,0,2,0,0,2,2
57,-5844.556,-10459.022,104.039,-124.952,-0.572394,0.819460,0.029179,-0.819684,-0.572779,0.006427,0.021979,-0.020239,0.999554,0,0.97519,0.11595,58.511,0.232,-1,375.000,-1,375.000,-1,300.000,300.000,325.000,325.000,-1,800.000,750.000,-1,700.000,700.000,-1,-1,2,0,2,0,2,0,0,0,0,2,0,0,2,0,0,2,2
58,-5878.084,-10506.975,105.327,-124.961,-0.572471,0.819384,0.029794,-0.819589,-0.572899,0.007828,0.023483,-0.019938,0.999525,0,0.97519,-0.00405,58.511,-0.008,-1,375.000,-1,375.000,-1,300.000,300.000,325.000,325.000,-1,750.000,700.000,-1,725.000,700.000,-1,-1,2,0,2,0,2,0,0,0,0,2,0,0,2,0,0,2,2
59,-5911.819,-10554.782,106.679,-125.209,-0.575974,0.816902,0.030400,-0.817082,-0.576447,0.009292,0.025114,-0.019487,0.999495,0,0.97519,-0.12405,58.511,-0.248,-1,375.000,-1,375.000,-1,300.000,300.000,325.000,325.000,-1,700.000,650.000,-1,725.000,700.000,-1,-1,2,0,2,0,2,0,0,0,0,2,0,0,2,0,0,2,2
60,-5945.961,-10602.300,108.201,-125.697,-0.582874,0.811966,0.031128,-0.812128,-0.583388,0.010377,0.026585,-0.019231,0.999462,0,0.97519,-0.24405,58.511,-0.488,-1,375.000,-1,375.000,-1,300.000,300.000,325.000,325.000,-1,675.000,650.000,-1,725.000,700.000,-1,-1,2,0,2,0,2,0,0,0,0,2,0,0,2,0,0,2,2
61,-5980.703,-10649.380,109.853,-126.425,-0.593107,0.804491,0.031912,-0.804636,-0.593661,0.011299,0.028035,-0.018976,0.999427,0,0.97519,-0.36405,58.511,-0.728,-1,375.000,-1,375.000,-1,300.000,300.000,325.000,325.000,-1,675.000,650.000,-1,725.000,700.000,-1,-1,2,0,2,0,2,0,0,0,0,2,0,0,2,0,0,2,2
62,-6016.419,-10696.107,111.566,-127.393,-0.606568,0.794350,0.032905,-0.794475,-0.607172,0.012273,0.029728,-0.018698,0.999383,0,0.98022,-0.48405,58.813,-0.968,-1,375.000,-1,375.000,-1,300.000,300.000,325.000,325.000,-1,675.000,625.000,-1,725.000,700.000,-1,-1,2,0,2,0,2,0,0,0,0,2,0,0,2,0,0,2,2
63,-6053.320,-10742.330,113.402,-128.601,-0.623133,0.781379,0.033955,-0.781479,-0.623790,0.013296,0.031570,-0.018250,0.999335,0,0.98576,-0.60405,59.146,-1.208,-1,375.000,-1,375.000,-1,300.000,300.000,325.000,325.000,-1,675.000,625.000,-1,725.000,700.000,-1,-1,2,0,2,0,2,0,0,0,0,2,0,0,2,0,0,2,2
64,-6091.577,-10787.842,115.369,-130.049,-0.642631,0.765374,0.035035,-0.765441,-0.643345,0.014370,0.033538,-0.017583,0.999283,0,0.99093,-0.72405,59.456,-1.448,-1,375.000,-1,375.000,-1,300.000,300.000,325.000,325.000,-1,675.000,625.000,-1,725.000,700.000,-1,-1,2,0,2,0,2,0,0,0,0,2,0,0,2,0,0,2,2
65,-6131.177,-10832.567,117.453,-131.523,-0.662051,0.748589,0.036090,-0.748617,-0.662822,0.015489,0.035516,-0.016763,0.999229,0,0.99560,-0.73669,59.736,-1.473,-1,375.000,-1,375.000,-1,300.000,300.000,325.000,325.000,-1,675.000,625.000,-1,725.000,725.000,-1,-1,2,0,2,0,2,0,0,0,0,2,0,0,2,0,0,2,2
66,-6172.076,-10876.448,119.657,-132.985,-0.680898,0.731437,0.037115,-0.731418,-0.681726,0.016652,0.037482,-0.015808,0.999172,0,0.99975,-0.73138,59.985,-1.463,-1,375.000,-1,375.000,-1,300.000,300.000,325.000,325.000,-1,650.000,625.000,-1,725.000,725.000,-1,-1,2,0,2,0,2,0,0,0,0,2,0,0,2,0,0,2,2
67,-6214.083,-10919.289,121.968,-134.437,-0.699163,0.713949,0.038050,-0.713880,-0.700043,0.017786,0.039335,-0.014727,0.999118,0,1.00000,-0.72560,60.000,-1.451,-1,375.000,-1,375.000,-1,300.000,325.000,325.000,325.000,-1,650.000,625.000,-1,725.000,725.000,-1,-1,2,0,2,0,2,0,0,0,0,2,0,0,2,0,0,2,2
68,-6257.153,-10961.062,124.354,-135.875,-0.716831,0.696157,0.038958,-0.696038,-0.717759,0.018786,0.041040,-0.013650,0.999064,0,1.00000,-0.71940,60.000,-1.439,-1,375.000,-1,375.000,-1,300.000,325.000,325.000,325.000,-1,650.000,625.000,-1,725.000,725.000,-1,-1,2,0,2,0,2,0,0,0,0,2,0,0,2,0,0,2,2
69,-6301.249,-11001.751,126.842,-137.301,-0.733895,0.678095,0.039817,-0.677921,-0.734868,0.019799,0.042686,-0.012462,0.999011,0,1.00000,-0.71280,60.000,-1.426,-1,375.000,-1,375.000,-1,300.000,325.000,325.000,325.000,-1,650.000,625.000,-1,725.000,750.000,-1,-1,2,0,2,0,2,0,0,0,0,2,0,0,2,0,0,2,2
70,-6346.334,-11041.341,129.427,-138.713,-0.750346,0.659796,0.040625,-0.659561,-0.751362,0.020840,0.044274,-0.011157,0.998957,0,1.00000,-0.70584,60.000,-1.412,1000.000,375.000,-1,375.000,-1,300.000,325.000,325.000,325.000,-1,650.000,625.000,-1,725.000,750.000,-1,-1,1,0,2,0,2,0,0,0,0,2,0,0,2,0,0,2,2
71,-6392.370,-11079.821,132.063,-140.110,-0.766183,0.641288,0.041386,-0.640998,-0.767236,0.021690,0.045663,-0.009910,0.998908,0,1.00000,-0.69856,60.000,-1.397,950.000,375.000,-1,400.000,-1,325.000,325.000,325.000,325.000,-1,675.000,625.000,-1,750.000,750.000,-1,-1,1,0,2,0,2,0,0,0,0,2,0,0,2,0,0,2,2
72,-6439.322,-11117.178,134.739,-141.492,-0.781405,0.622604,0.042087,-0.622266,-0.782488,0.022308,0.046821,-0.008758,0.998865,0,1.00000,-0.69101,60.000,-1.382,925.000,375.000,-1,400.000,-1,325.000,325.000,325.000,325.000,-1,700.000,650.000,-1,750.000,775.000,-1,-1,1,0,2,0,2,0,0,0,0,2,0,0,2,0,0,2,2
73,-6487.150,-11153.406,137.489,-142.858,-0.796015,0.603773,0.042648,-0.603382,-0.797122,0.022977,0.047868,-0.007443,0.998826,0,1.00000,-0.68324,60.000,-1.366,900.000,375.000,-1,400.000,-1,325.000,325.000,325.000,325.000,-1,725.000,675.000,-1,750.000,775.000,-1,-1,1,0,2,0,2,0,0,0,0,2,0,0,2,0,0,2,2
74,-6535.820,-11188.496,140.229,-144.209,-0.810036,0.584823,0.042707,-0.584366,-0.811141,0.023807,0.048564,-0.005672,0.998804,0,1.00000,-0.67532,60.000,-1.351,900.000,400.000,-1,400.000,-1,325.000,325.000,325.000,325.000,-1,750.000,700.000,-1,775.000,775.000,-1,-1,1,0,2,0,2,0,0,0,0,2,0,0,2,0,0,2,2
75,-6585.293,-11222.443,143.050,-145.543,-0.823455,0.565776,0.042642,-0.565251,-0.824550,0.024664,0.049115,-0.003794,0.998786,0,1.00000,-0.66733,60.000,-1.335,925.000,400.000,-1,400.000,-1,325.000,325.000,325.000,325.000,-1,800.000,750.000,-1,775.000,800.000,-1,-1,1,0,2,0,2,0,0,0,0,2,0,0,2,0,0,2,2
76,-6635.570,-11255.187,145.952,-146.925,-0.836878,0.545741,0.042452,-0.545146,-0.837952,0.025542,0.049512,-0.001767,0.998772,0,1.00000,-0.69055,60.000,-1.381,-1,400.000,-1,400.000,-1,325.000,325.000,325.000,325.000,-1,875.000,800.000,-1,775.000,800.000,-1,-1,2,0,2,0,2,0,0,0,0,2,0,0,2,0,0,2,2
77,-6686.612,-11286.726,148.883,-148.288,-0.849651,0.525644,0.042323,-0.524978,-0.850705,0.026447,0.049906,0.000252,0.998754,0,1.00000,-0.68190,60.000,-1.364,-1,400.000,-1,400.000,-1,325.000,325.000,325.000,300.000,-1,925.000,850.000,-1,775.000,800.000,-1,-1,2,0,2,0,2,0,0,0,0,2,0,0,2,0,0,2,2
78,-6738.381,-11317.058,151.859,-149.634,-0.861784,0.505520,0.042158,-0.504782,-0.862812,0.027408,0.050230,0.002339,0.998735,0,1.00000,-0.67280,60.000,-1.346,-1,400.000,-1,400.000,-1,325.000,325.000,325.000,300.000,-1,1000.000,900.000,-1,800.000,825.000,-1,-1,2,0,2,0,2,0,0,0,0,2,0,0,2,1,0,2,2
79,-6790.838,-11346.182,154.645,-150.961,-0.873292,0.485408,0.041709,-0.484658,-0.874281,0.027193,0.049665,0.003533,0.998760,0,1.00000,-0.66330,60.000,-1.327,-1,400.000,-1,400.000,-1,325.000,325.000,325.000,300.000,-1,-1,1000.000,-1,800.000,825.000,-1,-1,2,0,2,0,2,0,0,0,0,2,2,0,2,0,0,2,2
80,-6843.946,-11374.103,157.446,-152.268,-0.884178,0.465339,0.041101,-0.464585,-0.885120,0.026890,0.048892,0.004681,0.998793,0,1.00000,-0.65345,60.000,-1.307,-1,400.000,-1,400.000,-1,325.000,325.000,325.000,300.000,-1,-1,-1,-1,800.000,825.000,-1,-1,2,0,2,0,2,0,0,0,0,2,2,2,2,0,0,2,2
81,-6897.667,-11400.824,160.224,-153.554,-0.894438,0.445344,0.040613,-0.444591,-0.895342,0.026493,0.048161,0.005640,0.998824,0,1.00000,-0.64334,60.000,-1.287,-1,400.000,-1,400.000,-1,325.000,325.000,300.000,300.000,-1,-1,-1,-1,825.000,825.000,-1,-1,2,0,2,0,2,0,0,0,0,2,2,2,2,0,0,2,2
82,-6951.966,-11426.352,162.994,-154.820,-0.904090,0.425450,0.040161,-0.424703,-0.904959,0.026033,0.047420,0.006480,0.998854,0,1.00000,-0.63303,60.000,-1.266,-1,400.000,-1,400.000,-1,325.000,325.000,300.000,300.000,-1,-1,-1,-1,825.000,825.000,-1,-1,2,0,2,0,2,0,0,0,0,2,2,2,2,0,0,2,2
83,-7006.806,-11450.693,165.791,-156.066,-0.913158,0.405681,0.039572,-0.404939,-0.913985,0.025597,0.046552,0.007350,0.998889,0,1.00000,-0.62264,60.000,-1.245,-1,400.000,-1,400.000,-1,325.000,325.000,300.000,325.000,-1,-1,-1,-1,850.000,825.000,-1,-1,2,0,2,0,2,0,0,0,0,2,2,2,2,0,0,2,2
84,-7057.645,-11472.199,168.390,-157.071,-0.920170,0.389580,0.038920,-0.388847,-0.920957,0.025221,0.045669,0.008073,0.998924,0,0.92000,-0.50264,55.200,-1.005,-1,400.000,-1,400.000,-1,325.000,325.000,300.000,325.000,-1,-1,-1,-1,850.000,850.000,-1,-1,2,0,2,0,2,0,0,0,0,2,2,2,2,0,1,2,2
85,-7107.921,-11492.679,170.937,-157.836,-0.925324,0.377243,0.038241,-0.376514,-0.926073,0.025024,0.044854,0.008756,0.998955,0,0.90480,-0.38264,54.288,-0.765,-1,400.000,-1,400.000,-1,325.000,325.000,300.000,325.000,-1,-1,-1,-1,875.000,875.000,-1,-1,2,0,2,0,2,0,0,0,0,2,2,2,2,0,1,2,2
86,-7158.074,-11512.576,173.396,-158.361,-0.928778,0.368734,0.037491,-0.367997,-0.929485,0.025206,0.044142,0.009615,0.998979,0,0.89926,-0.26264,53.955,-0.525,-1,400.000,-1,400.000,-1,325.000,325.000,300.000,325.000,-1,-1,-1,-1,875.000,925.000,-1,-1,2,0,2,0,2,0,0,0,0,2,2,2,2,0,1,2,2
87,-7208.091,-11531.927,175.692,-158.849,-0.931943,0.360808,0.036056,-0.360054,-0.932574,0.025812,0.042938,0.011074,0.999016,0,0.89384,-0.24371,53.630,-0.487,-1,400.000,-1,400.000,-1,325.000,325.000,300.000,300.000,-1,-1,-1,-1,900.000,975.000,-1,-1,2,0,2,0,2,0,0,0,0,2,2,2,2,0,1,2,2
88,-7257.956,-11550.736,177.974,-159.334,-0.935024,0.352895,0.034558,-0.352125,-0.935578,0.026492,0.041680,0.012602,0.999052,0,0.88824,-0.24250,53.294,-0.485,-1,400.000,-1,400.000,-1,325.000,325.000,300.000,300.000,-1,-1,-1,-1,-1,-1,-1,-1,2,0,2,0,2,0,0,0,0,2,2,2,2,2,2,2,2
89,-7307.652,-11569.004,180.126,-159.817,-0.938011,0.344983,0.033504,-0.344204,-0.938508,0.026940,0.040738,0.013738,0.999075,0,0.88246,-0.24172,52.948,-0.483,-1,425.000,-1,400.000,-1,325.000,325.000,300.000,300.000,-1,-1,-1,-1,-1,-1,-1,-1,2,0,2,0,2,0,0,0,0,2,2,2,2,2,2,2,2
90,-7357.170,-11586.734,181.994,-160.300,-0.940918,0.337064,0.032590,-0.336316,-0.941380,0.026361,0.039565,0.013843,0.999121,0,0.87660,-0.24137,52.596,-0.483,-1,425.000,-1,400.000,-1,325.000,325.000,300.000,300.000,-1,-1,-1,-1,-1,-1,-1,-1,2,0,2,0,2,0,0,0,0,2,2,2,2,2,2,2,2
91,-7406.503,-11603.930,183.702,-160.783,-0.943766,0.329120,0.031390,-0.328432,-0.944193,0.025156,0.037918,0.013432,0.999191,0,0.87075,-0.24143,52.245,-0.483,-1,425.000,-1,400.000,-1,325.000,325.000,300.000,300.000,-1,-1,-1,-1,-1,-1,-1,-1,2,0,2,0,2,0,0,1,0,2,2,2,2,2,2,2,2
92,-7455.653,-11620.598,185.340,-161.267,-0.946559,0.321136,0.029969,-0.320504,-0.946941,0.024075,0.036110,0.013183,0.999261,0,0.86498,-0.24191,51.899,-0.484,-1,425.000,-1,400.000,-1,325.000,325.000,300.000,300.000,-1,-1,-1,-1,-1,-1,-1,-1,2,0,2,0,2,0,0,1,0,2,2,2,2,2,2,2,2
93,-7504.622,-11636.744,186.954,-161.752,-0.949292,0.313100,0.028504,-0.312521,-0.949632,0.023010,0.034273,0.012935,0.999329,0,0.85937,-0.24280,51.562,-0.486,-1,400.000,-1,400.000,-1,325.000,325.000,300.000,300.000,-1,-1,-1,-1,-1,-1,-1,-1,2,0,2,1,2,0,0,1,0,2,2,2,2,2,2,2,2
94,-7553.420,-11652.373,188.545,-162.240,-0.951970,0.304999,0.026996,-0.304472,-0.952268,0.021964,0.032406,0.012690,0.999394,0,0.85400,-0.24407,51.240,-0.488,-1,400.000,-1,425.000,-1,325.000,325.000,300.000,300.000,-1,-1,-1,-1,-1,-1,-1,-1,2,0,2,1,2,0,0,1,0,2,2,2,2,2,2,2,2
95,-7602.059,-11667.493,190.112,-162.732,-0.954594,0.296821,0.025447,-0.296344,-0.954852,0.020939,0.030514,0.012447,0.999457,0,0.84892,-0.24572,50.935,-0.491,-1,400.000,-1,450.000,-1,325.000,325.000,300.000,300.000,-1,-1,-1,-1,-1,-1,-1,-1,2,0,2,1,2,0,1,1,0,2,2,2,2,2,2,2,2
96,-7650.556,-11682.109,191.658,-163.227,-0.957166,0.288554,0.023860,-0.288124,-0.957386,0.019935,0.028595,0.012207,0.999517,0,0.84420,-0.24773,50.652,-0.495,-1,-1,-1,475.000,-1,350.000,375.000,300.000,300.000,-1,-1,-1,-1,-1,-1,-1,-1,2,2,2,1,2,1,1,1,0,2,2,2,2,2,2,2,2
97,-7703.850,-11697.429,193.336,-163.963,-0.960835,0.276242,0.022063,-0.275861,-0.961013,0.018851,0.026411,0.012026,0.999579,0,0.92420,-0.36773,55.452,-0.735,-1,-1,-1,500.000,-1,425.000,400.000,300.000,300.000,-1,-1,-1,-1,-1,-1,-1,-1,2,2,2,1,2,1,1,0,0,2,2,2,2,2,2,2,2
98,-7761.729,-11713.243,195.132,-164.718,-0.964435,0.263557,0.020059,-0.263226,-0.964571,0.017722,0.024019,0.011811,0.999642,0,1.00000,-0.37747,60.000,-0.755,-1,-1,-1,525.000,-1,550.000,450.000,300.000,300.000,-1,-1,-1,-1,-1,-1,-1,-1,2,2,2,1,2,1,1,0,0,2,2,2,2,2,2,2,2
99,-7819.809,-11728.300,196.806,-165.466,-0.967834,0.250930,0.018198,-0.250634,-0.967931,0.017091,0.021903,0.011980,0.999688,0,1.00000,-0.37435,60.000,-0.749,-1,-1,-1,550.000,-1,775.000,525.000,300.000,300.000,-1,-1,-1,-1,-1,-1,-1,-1,2,2,2,1,2,1,1,0,0,2,2,2,2,2,2,2,2
100,-7878.078,-11742.604,197.515,-166.208,-0.971083,0.238370,0.013314,-0.238095,-0.971048,0.019400,0.017553,0.015669,0.999723,0,1.00000,-0.37079,60.000,-0.742,-1,-1,-1,575.000,-1,-1,575.000,325.000,300.000,-1,-1,-1,-1,-1,-1,-1,-1,2,2,2,1,2,2,1,0,0,2,2,2,2,2,2,2,2
101,-7936.526,-11756.162,197.894,-166.941,-0.974115,0.225904,0.008258,-0.225679,-0.973952,0.022056,0.013025,0.019622,0.999723,0,1.00000,-0.36672,60.000,-0.733,-1,-1,-1,575.000,-1,-1,625.000,325.000,300.000,-1,-1,-1,-1,-1,-1,-1,-1,2,2,2,1,2,2,1,0,0,2,2,2,2,2,2,2,2
102,-7995.142,-11768.976,193.435,-167.666,-0.976896,0.213615,-0.006631,-0.213640,-0.976906,0.003468,-0.005737,0.004805,0.999972,0,1.00000,-0.36210,60.000,-0.724,-1,-1,-1,550.000,-1,-1,600.000,275.000,300.000,-1,-1,-1,-1,-1,-1,-1,-1,2,2,2,1,2,2,1,0,0,2,2,2,2,2,2,2,2
103,-8053.913,-11781.064,188.134,-168.379,-0.979211,0.201417,-0.024015,-0.201027,-0.979426,-0.017687,-0.027083,-0.012491,0.999555,0,1.00000,-0.35683,60.000,-0.714,-1,-1,-1,500.000,-1,-1,550.000,225.000,300.000,-1,-1,-1,-1,-1,-1,-1,-1,2,2,2,1,2,2,1,0,0,2,2,2,2,2,2,2,2
104,-8112.781,-11792.671,182.539,-168.853,-0.980238,0.193245,-0.042312,-0.191693,-0.980714,-0.038130,-0.048864,-0.029266,0.998377,0,1.00000,-0.23683,60.000,-0.474,-1,-1,-1,475.000,625.000,-1,550.000,200.000,300.000,-1,-1,-1,-1,-1,-1,-1,-1,2,2,2,1,0,2,1,0,0,2,2,2,2,2,2,2,2
105,-7820.119,4103.741,78.964,-107.680,-0.299291,0.950417,0.084453,-0.952392,-0.302952,0.034197,0.058087,-0.070198,0.995840,1,0.00000,0.00000,60.000,-0.234,-1,400.000,-1,250.000,-1,275.000,225.000,300.000,525.000,650.000,75.000,175.000,-1,850.000,400.000,1000.000,350.000,2,1,2,1,2,1,1,0,0,0,0,0,2,1,1,1,1
106,-5575.423,4263.558,29.072,-65.543,0.414101,0.910225,0.003325,-0.909734,0.413993,-0.031530,-0.030076,0.010031,0.999497,1,0.00000,0.00000,4.800,-0.240,950.000,375.000,-1,400.000,-1,300.000,325.000,300.000,300.000,-1,700.000,675.000,-1,675.000,725.000,-1,-1,0,0,2,0,2,0,0,0,0,2,0,0,2,0,0,2,2
107,-5573.418,4259.197,28.921,-65.303,0.417915,0.908481,0.003180,-0.907992,0.417801,-0.031501,-0.029947,0.010277,0.999499,0,0.08000,0.12000,4.800,0.240,950.000,375.000,-1,400.000,-1,300.000,325.000,300.000,300.000,-1,700.000,675.000,-1,675.000,725.000,-1,-1,0,0,2,0,2,0,0,0,0,2,0,0,2,0,0,2,2
108,-5569.334,4250.509,28.621,-64.823,0.425521,0.904944,0.002885,-0.904461,0.425395,-0.031449,-0.029687,0.010772,0.999501,0,0.16000,0.24000,9.600,0.480,950.000,375.000,-1,400.000,-1,300.000,325.000,300.000,300.000,-1,700.000,675.000,-1,675.000,725.000,-1,-1,0,0,2,0,2,0,0,0,0,2,0,0,2,0,0,2,2
109,-5563.044,4237.556,28.171,-64.103,0.436874,0.899519,0.002436,-0.899046,0.436729,-0.031380,-0.029290,0.011519,0.999505,0,0.24000,0.36000,14.400,0.720,925.000,375.000,-1,400.000,-1,300.000,325.000,300.000,300.000,-1,700.000,675.000,-1,675.000,725.000,-1,-1,0,0,2,0,2,0,0,0,0,2,0,0,2,0,0,2,2
110,-5554.370,4220.427,27.576,-63.143,0.451903,0.892065,0.001822,-0.891604,0.451733,-0.031307,-0.028751,0.012523,0.999508,0,0.32000,0.48000,19.200,0.960,925.000,375.000,-1,375.000,-1,300.000,325.000,300.000,300.000,-1,700.000,675.000,-1,675.000,725.000,-1,-1,0,0,2,0,2,0,0,0,0,2,0,0,2,0,0,2,2
111,-5543.082,4199.247,26.839,-61.943,0.470509,0.882394,0.001034,-0.881949,0.470308,-0.031246,-0.028058,0.013789,0.999511,0,0.40000,0.60000,24.000,1.200,900.000,375.000,-1,375.000,-1,300.000,325.000,300.000,300.000,-1,700.000,675.000,-1,675.000,725.000,-1,-1,0,0,2,0,2,0,0,0,0,2,0,0,2,0,0,2,2
112,-5528.901,4174.180,25.965,-60.503,0.492562,0.870277,0.000063,-0.869852,0.492323,-0.031220,-0.027201,0.015323,0.999513,0,0.48000,0.72000,28.800,1.440,900.000,375.000,-1,375.000,-1,300.000,325.000,300.000,300.000,-1,700.000,675.000,-1,650.000,725.000,-1,-1,0,0,2,0,2,0,0,0,0,2,0,0,2,0,0,2,2
113,-5511.507,4145.434,25.122,-58.823,0.517879,0.855453,-0.000837,-0.855068,0.517616,-0.030530,-0.025684,0.016526,0.999533,0,0.56000,0.84000,33.600,1.680,875.000,375.000,-1,375.000,-1,300.000,325.000,300.000,300.000,-1,700.000,650.000,-1,650.000,725.000,1000.000,-1,0,0,2,0,2,0,0,0,0,2,0,0,2,0,0,0,2
114,-5490.664,4113.182,24.268,-57.128,0.542957,0.839759,-0.001733,-0.839420,0.542677,-0.029582,-0.023901,0.017517,0.999561,0,0.64000,0.84727,38.400,1.695,850.000,375.000,-1,375.000,-1,300.000,325.000,300.000,300.000,-1,675.000,625.000,-1,650.000,725.000,975.000,-1,0,0,2,0,2,0,0,0,0,2,0,0,2,0,0,0,2
115,-5466.160,4077.605,23.405,-55.443,0.567425,0.823421,-0.002541,-0.823128,0.567134,-0.028607,-0.022115,0.018324,0.999587,0,0.72000,0.84275,43.200,1.686,850.000,375.000,-1,375.000,-1,300.000,325.000,300.000,300.000,-1,675.000,600.000,-1,625.000,725.000,950.000,-1,0,0,2,0,2,0,0,0,0,2,0,0,2,0,0,0,2
116,-5437.778,4038.895,22.483,-53.752,0.591473,0.806317,-0.003546,-0.806073,0.591173,-0.027577,-0.020139,0.019169,0.999613,0,0.80000,0.84536,48.000,1.691,825.000,375.000,-1,375.000,-1,300.000,325.000,300.000,300.000,-1,650.000,575.000,-1,625.000,725.000,900.000,-1,0,0,2,0,2,0,0,0,0,2,0,0,2,0,0,0,2
117,-5407.553,4000.131,21.601,-52.055,0.615086,0.788447,-0.004638,-0.788254,0.614780,-0.026479,-0.018026,0.019942,0.999639,0,0.81925,0.84841,49.155,1.697,800.000,375.000,-1,375.000,-1,300.000,325.000,300.000,300.000,-1,625.000,550.000,-1,600.000,725.000,875.000,-1,0,0,2,0,2,0,0,0,0,2,0,0,2,0,0,0,2
118,-5376.117,3962.197,20.791,-50.352,0.638239,0.769817,-0.005785,-0.769677,0.637933,-0.025289,-0.015777,0.020593,0.999663,0,0.82112,0.85156,49.267,1.703,775.000,375.000,-1,375.000,-1,325.000,325.000,300.000,300.000,-1,600.000,525.000,-1,600.000,725.000,850.000,-1,0,0,2,0,2,0,0,0,0,2,0,0,2,0,0,0,2
119,-5343.488,3925.131,20.025,-48.643,0.660908,0.750434,-0.007021,-0.750345,0.660605,-0.024149,-0.013484,0.021228,0.999684,0,0.82304,0.85472,49.382,1.709,750.000,350.000,-1,375.000,-1,300.000,325.000,300.000,300.000,-1,575.000,525.000,-1,600.000,725.000,825.000,-1,0,0,2,0,2,0,0,0,0,2,0,0,2,0,0,0,2
120,-5309.682,3888.973,19.767,-46.927,0.683067,0.730276,-0.010765,-0.730292,0.682739,-0.023254,-0.009632,0.023745,0.999672,0,0.82500,0.85790,49.500,1.716,775.000,350.000,-1,400.000,-1,300.000,325.000,300.000,300.000,-1,525.000,475.000,-1,600.000,725.000,825.000,-1,1,0,2,0,2,0,0,0,0,2,0,0,2,0,0,0,2
121,-5274.719,3853.761,19.670,-45.205,0.704668,0.709374,-0.015181,-0.709516,0.704325,-0.022632,-0.005363,0.026719,0.999629,0,0.82701,0.86110,49.621,1.722,825.000,350.000,-1,400.000,-1,300.000,325.000,300.000,300.000,-1,500.000,450.000,-1,600.000,700.000,850.000,-1,1,0,2,0,2,0,0,0,0,2,0,0,2,0,0,0,2
122,-5238.621,3819.536,19.710,-43.476,0.725688,0.687740,-0.019734,-0.688022,0.725335,-0.022681,-0.001285,0.030037,0.999548,0,0.82907,0.86431,49.744,1.729,850.000,350.000,-1,400.000,-1,300.000,325.000,300.000,300.000,-1,475.000,425.000,-1,600.000,700.000,850.000,-1,1,0,2,0,2,0,0,0,0,2,0,0,2,0,0,0,2
123,-5201.409,3786.336,19.830,-41.741,0.746098,0.665391,-0.024354,-0.665831,0.745745,-0.023113,0.002782,0.033460,0.999436,0,0.83116,0.86753,49.870,1.735,875.000,350.000,-1,375.000,-1,300.000,300.000,300.000,300.000,-1,450.000,400.000,-1,600.000,675.000,850.000,-1,1,0,2,0,2,0,0,0,0,2,0,0,2,0,0,0,2
124,-5163.108,3754.200,20.079,-39.999,0.765876,0.642348,-0.028684,-0.642953,0.765537,-0.023762,0.006695,0.036641,0.999306,0,0.83329,0.87078,49.997,1.742,900.000,350.000,-1,375.000,-1,300.000,300.000,300.000,300.000,-1,450.000,375.000,-1,600.000,675.000,850.000,-1,1,0,2,0,2,0,0,0,0,2,0,0,2,0,0,0,2
125,-5123.742,3723.167,20.601,-38.251,0.785021,0.618639,-0.032061,-0.619388,0.784704,-0.024453,0.010031,0.039054,0.999187,0,0.83545,0.87405,50.127,1.748,950.000,350.000,-1,375.000,-1,300.000,300.000,300.000,300.000,-1,450.000,375.000,-1,600.000,675.000,850.000,-1,1,0,2,0,2,0,0,0,0,2,0,0,2,0,0,0,2
126,-5083.340,3693.277,21.190,-36.497,0.803490,0.594264,-0.035418,-0.595168,0.803201,-0.025350,0.013383,0.041448,0.999051,0,0.83763,0.87735,50.258,1.755,1000.000,350.000,-1,375.000,-1,300.000,300.000,300.000,300.000,-1,450.000,375.000,-1,600.000,650.000,850.000,-1,1,0,2,0,2,0,0,0,0,2,0,0,2,0,0,0,2
127,-5041.928,3664.566,21.931,-34.735,0.821253,0.569246,-0.038768,-0.570311,0.821016,-0.026056,0.016997,0.043508,0.998908,0,0.83984,0.88067,50.391,1.761,-1,350.000,-1,375.000,-1,300.000,300.000,300.000,300.000,-1,450.000,375.000,-1,600.000,650.000,850.000,-1,2,0,2,0,2,0,0,0,0,2,0,0,2,0,0,0,2
128,-4999.539,3637.073,23.559,-32.967,0.838226,0.543667,-0.042468,-0.544836,0.838225,-0.023083,0.023048,0.042487,0.998831,0,0.84207,0.88402,50.524,1.768,-1,350.000,-1,375.000,-1,300.000,300.000,300.000,300.000,-1,425.000,350.000,-1,600.000,650.000,875.000,-1,2,0,2,0,2,0,0,0,0,2,0,0,2,0,0,0,2
129,-4956.204,3610.836,25.308,-31.192,0.854453,0.517472,-0.046182,-0.518719,0.854705,-0.020233,0.029002,0.041244,0.998728,0,0.84431,0.88741,50.659,1.775,-1,350.000,-1,375.000,-1,300.000,300.000,300.000,300.000,-1,375.000,300.000,-1,600.000,675.000,900.000,-1,2,0,2,0,2,0,0,0,0,2,0,0,2,0,0,0,2
130,-4911.957,3585.893,27.128,-29.411,0.869901,0.490674,-0.050108,-0.491984,0.870427,-0.017584,0.034988,0.039949,0.998589,0,0.84656,0.89084,50.793,1.782,-1,350.000,-1,375.000,-1,300.000,300.000,300.000,300.000,-1,325.000,275.000,-1,600.000,675.000,925.000,-1,2,0,2,0,2,0,0,0,0,2,0,0,2,0,0,0,2
131,-4866.833,3562.281,29.020,-27.622,0.884545,0.463291,-0.054235,-0.464650,0.885365,-0.015152,0.040998,0.038603,0.998413,0,0.84880,0.89432,50.928,1.789,-1,350.000,-1,375.000,-1,300.000,300.000,300.000,325.000,-1,275.000,250.000,-1,600.000,675.000,950.000,-1,2,0,2,0,2,0,0,0,0,2,0,0,2,0,0,0,2
132,-4820.871,3540.035,30.981,-25.826,0.898358,0.435344,-0.058551,-0.436739,0.899495,-0.012951,0.047028,0.037206,0.998200,0,0.85104,0.89784,51.062,1.796,-1,350.000,-1,375.000,-1,300.000,300.000,300.000,325.000,-1,250.000,225.000,-1,600.000,675.000,1000.000,-1,2,0,2,0,2,0,0,0,0,2,0,0,2,0,0,0,2
133,-4774.110,3519.193,33.008,-24.024,0.911316,0.406851,-0.063041,-0.408272,0.912794,-0.010998,0.053069,0.035761,0.997950,0,0.85326,0.90142,51.195,1.803,-1,350.000,-1,375.000,-1,300.000,300.000,300.000,325.000,-1,225.000,200.000,-1,625.000,675.000,-1,-1,2,0,2,0,2,0,0,0,0,2,0,0,2,0,0,2,2
134,-4726.592,3499.788,35.101,-22.213,0.923395,0.377835,-0.067692,-0.379272,0.925238,-0.009307,0.059115,0.034267,0.997663,0,0.85545,0.90506,51.327,1.810,-1,350.000,-1,375.000,-1,300.000,300.000,300.000,325.000,-1,225.000,200.000,-1,625.000,675.000,-1,-1,2,0,2,0,2,0,0,0,0,2,0,0,2,0,0,2,2
135,-4678.361,3481.856,37.828,-20.396,0.934651,0.348291,-0.071567,-0.349885,0.936732,-0.010696,0.063313,0.035037,0.997378,0,0.85761,0.90877,51.456,1.818,-1,350.000,-1,375.000,-1,300.000,300.000,300.000,325.000,-1,225.000,200.000,-1,625.000,675.000,-1,-1,2,0,2,0,2,0,0,0,0,2,0,0,2,0,0,2,2
136,-4629.463,3465.429,40.831,-18.571,0.944940,0.318261,-0.076148,-0.320101,0.947294,-0.012989,0.068001,0.036649,0.997012,0,0.85971,0.91256,51.583,1.825,-1,350.000,-1,375.000,-1,300.000,300.000,300.000,325.000,-1,250.000,225.000,-1,625.000,675.000,-1,-1,2,0,2,0,2,0,0,0,0,2,0,0,2,0,0,2,2
