timestep,x_cm,y_cm,z_cm,yaw_deg,basis_xx,basis_xy,basis_xz,basis_yx,basis_yy,basis_yz,basis_zx,basis_zy,basis_zz,teleport_flag,throttle_cmd,steering_cmd,cmd_move_cm,cmd_turn_deg,lidar_cm_0,lidar_cm_1,lidar_cm_2,lidar_cm_3,lidar_cm_4,lidar_cm_5,lidar_cm_6,lidar_cm_7,lidar_cm_8,lidar_cm_9,lidar_cm_10,lidar_cm_11,lidar_cm_12,lidar_cm_13,lidar_cm_14,lidar_cm_15,lidar_cm_16,lidar_class_0,lidar_class_1,lidar_class_2,lidar_class_3,lidar_class_4,lidar_class_5,lidar_class_6,lidar_class_7,lidar_class_8,lidar_class_9,lidar_class_10,lidar_class_11,lidar_class_12,lidar_class_13,lidar_class_14,lidar_class_15,lidar_class_16
0,-17805.855,-10416.875,-102.766,29.208,0.871545,-0.487705,-0.050532,0.484314,0.872368,-0.066437,0.076484,0.033429,0.996510,0,0.08000,-0.12000,4.800,-0.240,-1,425.000,-1,350.000,-1,275.000,250.000,375.000,400.000,-1,150.000,150.000,-1,-1,700.000,-1,-1,2,1,2,1,2,1,1,0,0,2,0,0,2,2,1,2,2
1,4263.559,2295.763,-136.771,92.165,-0.038185,-0.999144,-0.015928,0.998966,-0.037775,-0.025290,0.024667,-0.016877,0.999553,1,0.00000,0.00000,9.600,-0.480,-1,400.000,-1,400.000,-1,325.000,325.000,300.000,300.000,-1,-1,-1,-1,800.000,800.000,-1,-1,2,0,2,0,2,0,0,0,0,2,2,2,2,0,0,2,2
2,4263.760,2290.968,-136.889,92.405,-0.042372,-0.998975,-0.015914,0.998797,-0.041960,-0.025379,0.024685,-0.016970,0.999551,0,-0.08000,0.12000,-4.800,0.240,-1,400.000,-1,400.000,-1,325.000,325.000,300.000,300.000,-1,-1,-1,-1,800.000,800.000,-1,-1,2,0,2,0,2,0,0,0,0,2,2,2,2,0,0,2,2
3,4264.212,2281.378,-137.126,92.697,-0.047469,-0.998746,-0.015881,0.998565,-0.047054,-0.025557,0.024777,-0.017071,0.999547,0,-0.16000,0.14610,-9.600,0.292,-1,400.000,-1,400.000,-1,325.000,325.000,300.000,300.000,-1,-1,-1,-1,800.000,800.000,-1,-1,2,0,2,0,2,0,0,0,0,2,2,2,2,0,0,2,2
4,4264.964,2266.998,-137.480,92.993,-0.052628,-0.998489,-0.015828,0.998302,-0.052209,-0.025822,0.024957,-0.017160,0.999541,0,-0.24000,0.14788,-14.400,0.296,-1,400.000,-1,400.000,-1,325.000,325.000,300.000,300.000,-1,-1,-1,-1,800.000,800.000,-1,-1,2,0,2,0,2,0,0,0,0,2,2,2,2,0,0,2,2
5,4266.067,2247.830,-137.950,93.296,-0.057902,-0.998198,-0.015753,0.998004,-0.057477,-0.026176,0.025223,-0.017237,0.999533,0,-0.32000,0.15118,-19.200,0.302,-1,400.000,-1,400.000,-1,325.000,325.000,300.000,300.000,-1,-1,-1,-1,800.000,800.000,-1,-1,2,0,2,0,2,0,0,0,0,2,2,2,2,0,0,2,2
6,4267.577,2223.877,-138.536,93.607,-0.063341,-0.997869,-0.015656,0.997664,-0.062911,-0.026618,0.025577,-0.017306,0.999523,0,-0.40000,0.15596,-24.000,0.312,-1,400.000,-1,400.000,-1,325.000,325.000,300.000,300.000,-1,-1,-1,-1,800.000,800.000,-1,-1,2,0,2,0,2,0,0,0,0,2,2,2,2,0,0,2,2
7,4269.261,2199.387,-139.132,93.932,-0.068996,-0.997496,-0.015554,0.997280,-0.068559,-0.027071,0.025937,-0.017380,0.999513,0,-0.40914,0.16220,-24.548,0.324,-1,400.000,-1,400.000,-1,325.000,325.000,300.000,300.000,-1,-1,-1,-1,800.000,800.000,-1,-1,2,0,2,0,2,0,0,0,0,2,2,2,2,0,0,2,2
8,4271.087,2174.927,-139.726,94.269,-0.074869,-0.997074,-0.015449,0.996847,-0.074426,-0.027523,0.026293,-0.017461,0.999502,0,-0.40880,0.16853,-24.528,0.337,-1,400.000,-1,400.000,-1,325.000,325.000,300.000,300.000,-1,-1,-1,-1,825.000,800.000,-1,-1,2,0,2,0,2,0,0,0,0,2,2,2,2,0,0,2,2
9,4273.061,2150.489,-140.318,94.618,-0.080957,-0.996600,-0.015341,0.996361,-0.080507,-0.027976,0.026646,-0.017550,0.999491,0,-0.40863,0.17477,-24.518,0.350,-1,400.000,-1,400.000,-1,325.000,325.000,300.000,300.000,-1,-1,-1,-1,825.000,800.000,-1,-1,2,0,2,0,2,0,0,0,0,2,2,2,2,0,0,2,2
10,4275.189,2126.065,-140.907,94.980,-0.087255,-0.996070,-0.015229,0.995820,-0.086799,-0.028429,0.026996,-0.017645,0.999480,0,-0.40861,0.18092,-24.516,0.362,-1,400.000,-1,400.000,-1,325.000,325.000,300.000,300.000,-1,-1,-1,-1,825.000,800.000,-1,-1,2,0,2,0,2,0,0,0,0,2,2,2,2,0,0,2,2
11,4276.942,2106.427,-141.380,95.102,-0.089378,-0.995883,-0.015142,0.995623,-0.088917,-0.028792,0.027328,-0.017649,0.999471,0,-0.32861,0.06092,-19.716,0.122,-1,400.000,-1,400.000,-1,325.000,325.000,300.000,300.000,-1,-1,-1,-1,825.000,800.000,-1,-1,2,0,2,0,2,0,0,0,0,2,2,2,2,0,0,2,2
12,4278.238,2091.567,-141.738,94.984,-0.087327,-0.996066,-0.015085,0.995796,-0.086863,-0.029066,0.027641,-0.017560,0.999464,0,-0.24861,-0.05908,-14.916,-0.118,-1,400.000,-1,400.000,-1,325.000,325.000,300.000,300.000,-1,-1,-1,-1,825.000,800.000,-1,-1,2,0,2,0,2,0,0,0,0,2,2,2,2,0,0,2,2
13,4279.054,2081.483,-141.983,94.626,-0.081099,-0.996592,-0.015060,0.996314,-0.080635,-0.029250,0.027936,-0.017377,0.999459,0,-0.16861,-0.17908,-10.116,-0.358,-1,400.000,-1,400.000,-1,325.000,325.000,300.000,300.000,-1,-1,-1,-1,825.000,800.000,-1,-1,2,0,2,0,2,0,0,0,0,2,2,2,2,0,0,2,2
14,4279.428,2076.180,-142.112,94.028,-0.070690,-0.997385,-0.015067,0.997099,-0.070226,-0.029344,0.028209,-0.017097,0.999456,0,-0.08861,-0.29908,-5.316,-0.598,-1,400.000,-1,400.000,-1,325.000,325.000,300.000,300.000,-1,-1,-1,-1,825.000,800.000,-1,-1,2,0,2,0,2,0,0,0,0,2,2,2,2,0,0,2,2
15,4279.456,2075.664,-142.124,93.189,-0.056090,-0.998311,-0.015104,0.998020,-0.055629,-0.029349,0.028459,-0.016721,0.999455,0,-0.00861,-0.41908,-0.516,-0.838,-1,400.000,-1,400.000,-1,325.000,325.000,300.000,300.000,-1,-1,-1,-1,825.000,800.000,-1,-1,2,0,2,0,2,0,0,0,0,2,2,2,2,0,0,2,2
16,4279.299,2079.945,-142.017,92.111,-0.037291,-0.999189,-0.015171,0.998893,-0.036835,-0.029265,0.028682,-0.016245,0.999457,0,0.07139,-0.53908,4.284,-1.078,-1,400.000,-1,400.000,-1,325.000,325.000,300.000,300.000,-1,-1,-1,-1,825.000,800.000,-1,-1,2,0,2,0,2,0,0,0,0,2,2,2,2,0,0,2,2
17,4279.154,2089.028,-141.786,90.915,-0.016417,-0.999749,-0.015256,0.999449,-0.015968,-0.029094,0.028843,-0.015725,0.999460,0,0.15139,-0.59810,9.084,-1.196,-1,400.000,-1,400.000,-1,325.000,325.000,300.000,300.000,-1,-1,-1,-1,825.000,800.000,-1,-1,2,0,2,0,2,0,0,0,0,2,2,2,2,0,0,2,2
18,4279.221,2102.911,-141.429,89.723,0.004401,-0.999872,-0.015351,0.999572,0.004842,-0.028836,0.028907,-0.015217,0.999466,0,0.23139,-0.59627,13.884,-1.193,-1,400.000,-1,400.000,-1,325.000,325.000,300.000,300.000,-1,-1,-1,-1,825.000,800.000,-1,-1,2,0,2,0,2,0,0,0,0,2,2,2,2,0,0,2,2
19,4279.700,2121.589,-140.943,88.531,0.025206,-0.999563,-0.015451,0.999265,0.025639,-0.028494,0.028877,-0.014722,0.999475,0,0.31139,-0.59592,18.684,-1.192,-1,400.000,-1,400.000,-1,325.000,325.000,300.000,300.000,-1,-1,-1,-1,825.000,800.000,-1,-1,2,0,2,0,2,0,0,0,0,2,2,2,2,0,0,2,2
20,4280.792,2145.047,-140.326,87.337,0.046040,-0.998818,-0.015554,0.998526,0.046464,-0.028067,0.028756,-0.014239,0.999485,0,0.39139,-0.59705,23.484,-1.194,-1,400.000,-1,400.000,-1,325.000,325.000,300.000,300.000,-1,-1,-1,-1,825.000,800.000,-1,-1,2,0,2,0,2,0,0,0,0,2,2,2,2,0,0,2,2
21,4282.697,2173.266,-139.573,86.137,0.066947,-0.997634,-0.015653,0.997348,0.067360,-0.027557,0.028547,-0.013767,0.999498,0,0.47139,-0.59967,28.284,-1.199,-1,400.000,-1,400.000,-1,325.000,325.000,300.000,300.000,-1,-1,-1,-1,825.000,800.000,-1,-1,2,0,2,0,2,0,0,0,0,2,2,2,2,0,0,2,2
22,4285.621,2206.220,-138.682,84.930,0.087969,-0.995999,-0.015745,0.995723,0.088371,-0.026967,0.028250,-0.013306,0.999512,0,0.55139,-0.60379,33.084,-1.208,-1,400.000,-1,400.000,-1,325.000,325.000,300.000,300.000,-1,-1,-1,-1,800.000,800.000,-1,-1,2,0,2,0,2,0,0,0,0,2,2,2,2,0,0,2,2
23,4289.771,2243.876,-137.650,83.711,0.109149,-0.993899,-0.015823,0.993635,0.109538,-0.026297,0.027870,-0.012852,0.999529,0,0.63139,-0.60945,37.884,-1.219,-1,400.000,-1,400.000,-1,325.000,325.000,300.000,300.000,-1,-1,-1,-1,800.000,800.000,-1,-1,2,0,2,0,2,0,0,0,0,2,2,2,2,0,0,2,2
24,4295.359,2286.192,-136.475,82.477,0.130531,-0.991317,-0.015881,0.991065,0.130907,-0.025552,0.027409,-0.012404,0.999547,0,0.71139,-0.61669,42.684,-1.233,-1,400.000,-1,400.000,-1,325.000,325.000,300.000,300.000,-1,-1,-1,-1,800.000,800.000,-1,-1,2,0,2,0,2,0,0,0,0,2,2,2,2,0,0,2,2
25,4302.602,2333.120,-135.152,81.226,0.152160,-0.988228,-0.015911,0.987991,0.152522,-0.024732,0.026868,-0.011957,0.999567,0,0.79139,-0.62557,47.484,-1.251,-1,400.000,-1,400.000,-1,325.000,325.000,300.000,300.000,-1,-1,-1,-1,800.000,775.000,-1,-1,2,0,2,0,2,0,0,0,0,2,2,2,2,0,0,2,2
26,4311.722,2384.602,-133.678,79.954,0.174083,-0.984603,-0.015905,0.984381,0.174429,-0.023844,0.026251,-0.011506,0.999589,0,0.87139,-0.63618,52.284,-1.272,-1,400.000,-1,400.000,-1,325.000,325.000,300.000,300.000,-1,-1,-1,-1,800.000,775.000,-1,-1,2,0,2,0,2,0,0,0,0,2,2,2,2,0,0,2,2
27,4322.666,2439.153,-132.092,78.657,0.196347,-0.980406,-0.015852,0.980201,0.196676,-0.022916,0.025585,-0.011039,0.999612,0,0.92729,-0.64862,55.637,-1.297,-1,400.000,-1,400.000,-1,325.000,325.000,300.000,300.000,-1,-1,-1,-1,800.000,775.000,-1,-1,2,0,2,0,2,0,0,0,0,2,2,2,2,0,0,2,2
28,4334.908,2493.615,-130.480,77.332,0.218982,-0.975602,-0.015747,0.975411,0.219294,-0.022006,0.024922,-0.010541,0.999634,0,0.93036,-0.66247,55.822,-1.325,-1,400.000,-1,400.000,-1,325.000,325.000,300.000,300.000,-1,-1,-1,-1,800.000,775.000,-1,-1,2,0,2,0,2,0,0,0,0,2,2,2,2,0,0,2,2
29,4348.471,2547.929,-128.863,75.978,0.241977,-0.970155,-0.015681,0.969977,0.242274,-0.021161,0.024329,-0.010090,0.999653,0,0.93303,-0.67663,55.982,-1.353,-1,400.000,-1,400.000,-1,325.000,325.000,300.000,300.000,-1,-1,-1,-1,800.000,-1,-1,-1,2,0,2,0,2,0,0,0,0,2,2,2,2,0,2,2,2
30,4363.377,2602.029,-127.438,74.596,0.265299,-0.964025,-0.016485,0.963866,0.265604,-0.020404,0.024049,-0.010476,0.999656,0,0.93526,-0.69110,56.116,-1.382,-1,400.000,-1,400.000,-1,325.000,325.000,300.000,300.000,-1,-1,-1,-1,800.000,-1,-1,-1,2,0,2,0,2,0,0,0,0,2,2,2,2,0,2,2,2
31,4379.641,2655.847,-126.028,73.184,0.288961,-0.957184,-0.017350,0.957049,0.289273,-0.019463,0.023649,-0.010981,0.999660,0,0.93702,-0.70588,56.221,-1.412,-1,400.000,-1,400.000,-1,325.000,325.000,300.000,300.000,-1,-1,-1,-1,800.000,-1,-1,-1,2,0,2,0,2,0,0,0,0,2,2,2,2,0,2,2,2
32,4397.278,2709.309,-124.698,71.743,0.312953,-0.949600,-0.017889,0.949476,0.313269,-0.018902,0.023554,-0.011070,0.999661,0,0.93828,-0.72099,56.297,-1.442,-1,400.000,-1,400.000,-1,325.000,325.000,300.000,300.000,-1,-1,-1,-1,775.000,-1,-1,-1,2,0,2,0,2,0,0,0,0,2,2,2,2,0,2,2,2
33,4416.298,2762.341,-123.458,70.270,0.337265,-0.941238,-0.017996,0.941118,0.337575,-0.018449,0.023440,-0.010714,0.999668,0,0.93899,-0.73643,56.340,-1.473,-1,400.000,-1,400.000,-1,325.000,325.000,300.000,300.000,-1,-1,-1,-1,775.000,-1,-1,-1,2,0,2,0,2,0,0,0,1,2,2,2,2,0,2,2,2
34,4436.707,2814.863,-122.216,68.765,0.361869,-0.932055,-0.018003,0.931939,0.362170,-0.017962,0.023262,-0.010278,0.999677,0,0.93914,-0.75219,56.348,-1.504,-1,400.000,-1,400.000,-1,325.000,325.000,300.000,375.000,-1,-1,-1,-1,775.000,-1,-1,-1,2,0,2,0,2,0,0,0,1,2,2,2,2,0,2,2,2
35,4458.506,2866.795,-120.953,67.229,0.386741,-0.922013,-0.017978,0.921899,0.387035,-0.017492,0.023086,-0.009809,0.999685,0,0.93868,-0.76827,56.321,-1.537,-1,400.000,-1,400.000,-1,325.000,325.000,300.000,475.000,-1,-1,-1,-1,775.000,-1,-1,-1,2,0,2,0,2,0,0,0,1,2,2,2,2,0,2,2,2
36,4481.693,2918.050,-119.669,65.659,0.411857,-0.911072,-0.017920,0.910960,0.412142,-0.017042,0.022912,-0.009305,0.999694,0,0.93760,-0.78465,56.256,-1.569,-1,400.000,-1,500.000,-1,325.000,325.000,300.000,550.000,-1,-1,-1,-1,775.000,-1,-1,-1,2,0,2,1,2,0,0,0,1,2,2,2,2,0,2,2,2
37,4506.258,2968.543,-118.364,64.057,0.437188,-0.899194,-0.017828,0.899083,0.437463,-0.016614,0.022738,-0.008765,0.999703,0,0.93587,-0.80132,56.152,-1.603,-1,400.000,-1,625.000,-1,325.000,325.000,300.000,625.000,-1,-1,-1,-1,775.000,-1,-1,-1,2,0,2,1,2,0,0,0,1,2,2,2,2,0,2,2,2
38,4532.189,3018.187,-117.041,62.420,0.462701,-0.886338,-0.017701,0.886227,0.462967,-0.016211,0.022563,-0.008186,0.999712,0,0.93346,-0.81826,56.008,-1.637,-1,400.000,-1,675.000,-1,325.000,325.000,300.000,700.000,-1,-1,-1,-1,775.000,-1,-1,-1,2,0,2,1,2,0,0,0,1,2,2,2,2,0,2,2,2
39,4559.465,3066.891,-117.353,60.749,0.488535,-0.872490,-0.009756,0.872370,0.488630,-0.014555,0.017466,-0.001400,0.999846,0,0.93038,-0.83544,55.823,-1.671,-1,375.000,-1,675.000,-1,300.000,300.000,300.000,725.000,-1,-1,-1,-1,750.000,-1,-1,-1,2,0,2,1,2,0,0,0,1,2,2,2,2,0,2,2,2
40,4588.062,3114.569,-120.295,59.044,0.514439,-0.857465,0.010361,0.857514,0.514326,-0.011777,0.004769,0.014943,0.999877,0,0.92661,-0.85282,55.597,-1.706,-1,350.000,-1,650.000,-1,275.000,325.000,325.000,700.000,-1,-1,-1,-1,675.000,-1,-1,-1,2,0,2,1,2,0,1,0,1,2,2,2,2,0,2,2,2
41,4617.719,3160.416,-123.279,57.098,0.542985,-0.839194,0.030344,0.839707,0.542938,-0.010468,-0.007690,0.031164,0.999485,0,0.91005,-0.97282,54.603,-1.946,-1,325.000,-1,600.000,-1,275.000,325.000,350.000,675.000,-1,-1,-1,-1,600.000,-1,-1,-1,2,0,2,1,2,0,1,0,1,2,2,2,2,0,2,2,2
42,4648.832,3205.024,-126.215,55.098,0.571278,-0.819213,0.050313,0.820512,0.571531,-0.010623,-0.020052,0.047351,0.998677,0,0.90643,-1.00000,54.386,-2.000,-1,300.000,-1,575.000,-1,250.000,325.000,350.000,675.000,-1,-1,-1,-1,550.000,950.000,-1,-1,2,0,2,1,2,0,1,0,1,2,2,2,2,0,1,2,2
43,4681.337,3248.327,-129.083,53.098,0.598495,-0.798056,0.070069,0.800477,0.599239,-0.012217,-0.032238,0.063400,0.997467,0,0.90239,-1.00000,54.143,-2.000,-1,275.000,-1,550.000,-1,225.000,325.000,375.000,650.000,-1,-1,-1,-1,525.000,900.000,1000.000,-1,2,0,2,1,2,1,1,0,1,2,2,2,2,1,1,0,2
44,4715.151,3290.247,-131.887,51.098,0.624633,-0.775772,0.089504,0.779665,0.626011,-0.015227,-0.044218,0.079294,0.995870,0,0.89760,-1.00000,53.856,-2.000,-1,275.000,-1,525.000,-1,250.000,325.000,375.000,650.000,-1,-1,-1,-1,525.000,850.000,775.000,-1,2,1,2,1,2,1,1,0,1,2,2,2,2,1,1,0,2
45,4753.548,3334.592,-134.817,49.098,0.649534,-0.752325,0.110059,0.758198,0.651727,-0.019674,-0.056927,0.096225,0.993730,0,0.97760,-1.00000,58.656,-2.000,-1,275.000,975.000,500.000,-1,250.000,325.000,400.000,650.000,-1,-1,-1,-1,500.000,775.000,600.000,-1,2,1,0,1,2,1,1,0,1,2,2,2,2,1,1,1,2
46,4793.887,3378.023,-137.738,47.098,0.673285,-0.727801,0.130355,0.736120,0.676359,-0.025804,-0.069386,0.113330,0.991132,0,0.98785,-1.00000,59.271,-2.000,-1,300.000,850.000,475.000,-1,250.000,325.000,425.000,650.000,-1,-1,-1,-1,475.000,725.000,525.000,-1,2,1,1,1,2,1,1,0,1,2,2,2,2,1,1,1,2
47,4835.732,3420.039,-140.618,45.098,0.695910,-0.702265,0.150108,0.713488,0.699864,-0.033531,-0.081507,0.130435,0.988101,0,0.98825,-1.00000,59.295,-2.000,875.000,300.000,800.000,450.000,-1,250.000,325.000,475.000,650.000,-1,-1,-1,-1,450.000,675.000,475.000,950.000,0,1,1,1,2,1,1,0,1,2,2,2,2,1,1,1,1
48,6231.350,8199.149,53.231,126.285,-0.592218,-0.805527,-0.020105,0.805610,-0.591403,-0.035132,0.016410,-0.037003,0.999180,1,0.00000,0.00000,59.267,-2.000,-1,400.000,-1,400.000,-1,325.000,325.000,300.000,300.000,-1,-1,-1,-1,850.000,800.000,-1,-1,2,0,2,0,2,0,0,0,0,2,2,2,2,0,0,2,2
49,6228.526,8203.030,53.310,126.045,-0.588839,-0.807998,-0.020192,0.808082,-0.588024,-0.035074,0.016466,-0.036970,0.999181,0,0.08000,-0.12000,4.800,-0.240,-1,400.000,-1,400.000,-1,325.000,325.000,300.000,300.000,-1,-1,-1,-1,850.000,800.000,-1,-1,2,0,2,0,2,0,0,0,0,2,2,2,2,0,0,2,2
50,6222.936,8210.835,53.469,125.607,-0.582643,-0.812473,-0.020366,0.812559,-0.581829,-0.034960,0.016554,-0.036918,0.999181,0,0.16000,-0.21909,9.600,-0.438,-1,400.000,-1,400.000,-1,325.000,325.000,300.000,300.000,-1,-1,-1,-1,850.000,800.000,-1,-1,2,0,2,0,2,0,0,0,0,2,2,2,2,0,0,2,2
51,6214.642,8222.607,53.705,125.167,-0.576376,-0.816925,-0.020622,0.817017,-0.575563,-0.034782,0.016546,-0.036896,0.999182,0,0.24000,-0.22035,14.400,-0.441,-1,400.000,-1,400.000,-1,325.000,325.000,300.000,300.000,-1,-1,-1,-1,850.000,800.000,-1,-1,2,0,2,0,2,0,0,0,0,2,2,2,2,0,0,2,2
52,6203.706,8238.388,54.016,124.722,-0.570018,-0.821365,-0.020960,0.821468,-0.569208,-0.034540,0.016440,-0.036906,0.999183,0,0.32000,-0.22226,19.200,-0.445,-1,400.000,-1,400.000,-1,325.000,325.000,300.000,300.000,-1,-1,-1,-1,850.000,800.000,-1,-1,2,0,2,0,2,0,0,0,0,2,2,2,2,0,0,2,2
53,6190.191,8258.221,54.402,124.272,-0.563550,-0.825805,-0.021384,0.825923,-0.562743,-0.034238,0.016240,-0.036957,0.999185,0,0.40000,-0.22483,24.000,-0.450,-1,400.000,-1,400.000,-1,325.000,325.000,300.000,300.000,-1,-1,-1,-1,850.000,800.000,-1,-1,2,0,2,0,2,0,0,0,0,2,2,2,2,0,0,2,2
54,6174.192,8282.168,54.861,123.746,-0.555928,-0.830942,-0.021902,0.831076,-0.555126,-0.033877,0.015992,-0.037035,0.999186,0,0.48000,-0.26337,28.800,-0.527,-1,400.000,-1,400.000,-1,325.000,325.000,300.000,300.000,-1,-1,-1,-1,850.000,800.000,-1,-1,2,0,2,0,2,0,0,0,0,2,2,2,2,0,0,2,2
55,6155.786,8310.278,55.386,123.217,-0.548233,-0.836023,-0.022513,0.836180,-0.547434,-0.033456,0.015646,-0.037166,0.999187,0,0.56000,-0.26427,33.600,-0.529,-1,400.000,-1,400.000,-1,325.000,325.000,300.000,300.000,-1,-1,-1,-1,850.000,800.000,-1,-1,2,0,2,0,2,0,0,0,0,2,2,2,2,0,0,2,2
56,6135.048,8342.597,55.975,122.686,-0.540457,-0.841051,-0.023225,0.841234,-0.539665,-0.032974,0.015198,-0.037359,0.999186,0,0.64000,-0.26531,38.400,-0.531,-1,400.000,-1,400.000,-1,325.000,325.000,300.000,300.000,-1,-1,-1,-1,850.000,800.000,-1,-1,2,0,2,0,2,0,0,0,0,2,2,2,2,0,0,2,2
57,6111.903,8379.073,56.612,122.396,-0.536170,-0.843767,-0.024046,0.843986,-0.535385,-0.032423,0.014484,-0.037679,0.999185,0,0.72000,-0.14531,43.200,-0.291,-1,400.000,-1,400.000,-1,325.000,325.000,300.000,300.000,-1,-1,-1,-1,850.000,800.000,-1,-1,2,0,2,0,2,0,0,0,0,2,2,2,2,0,0,2,2
58,6086.222,8419.625,57.277,122.345,-0.535405,-0.844226,-0.024961,0.844487,-0.534631,-0.031802,0.013503,-0.038106,0.999182,0,0.80000,-0.02531,48.000,-0.051,-1,400.000,-1,400.000,-1,325.000,325.000,300.000,300.000,-1,-1,-1,-1,850.000,800.000,-1,-1,2,0,2,0,2,0,0,0,0,2,2,2,2,0,0,2,2
59,6059.593,8461.369,57.901,122.535,-0.538168,-0.842440,-0.025896,0.842748,-0.537408,-0.031112,0.012293,-0.038567,0.999180,0,0.82523,0.09469,49.514,0.189,-1,400.000,-1,400.000,-1,325.000,325.000,300.000,300.000,-1,-1,-1,-1,850.000,800.000,-1,-1,2,0,2,0,2,0,0,0,0,2,2,2,2,0,1,2,2
60,6032.461,8503.204,58.448,122.964,-0.544434,-0.838375,-0.026815,0.838733,-0.543697,-0.030326,0.010845,-0.039002,0.999180,0,0.83104,0.21469,49.863,0.429,-1,400.000,-1,400.000,-1,325.000,325.000,300.000,300.000,-1,-1,-1,-1,850.000,775.000,-1,-1,2,0,2,0,2,0,0,0,0,2,2,2,2,0,1,2,2
61,6004.654,8545.003,58.928,123.633,-0.554155,-0.831951,-0.027751,0.832362,-0.553444,-0.029530,0.009209,-0.039463,0.999179,0,0.83674,0.33469,50.204,0.669,-1,400.000,-1,400.000,-1,325.000,325.000,300.000,300.000,-1,-1,-1,-1,850.000,750.000,-1,1000.000,2,0,2,0,2,0,0,0,0,2,2,2,2,0,1,2,1
62,5976.000,8586.629,59.325,124.543,-0.567247,-0.823046,-0.028734,0.823515,-0.566567,-0.028720,0.007358,-0.039954,0.999174,0,0.84224,0.45469,50.535,0.909,-1,400.000,-1,400.000,-1,325.000,325.000,300.000,300.000,-1,-1,-1,-1,850.000,725.000,-1,925.000,2,0,2,0,2,0,0,0,0,2,2,2,2,0,1,2,1
63,5946.333,8627.926,59.606,125.692,-0.583593,-0.811497,-0.029867,0.812029,-0.582949,-0.027912,0.005239,-0.040542,0.999164,0,0.84749,0.57469,50.849,1.149,-1,400.000,-1,400.000,950.000,325.000,325.000,300.000,300.000,-1,-1,-1,-1,850.000,700.000,-1,875.000,2,0,2,0,1,0,0,0,0,2,2,2,2,0,1,2,1
64,5915.497,8668.725,59.778,127.081,-0.603044,-0.797104,-0.031031,0.797703,-0.602439,-0.027153,0.002950,-0.041128,0.999150,0,0.85237,0.69469,51.142,1.389,-1,400.000,-1,400.000,875.000,325.000,325.000,300.000,300.000,-1,-1,-1,-1,850.000,675.000,-1,800.000,2,0,2,0,1,0,0,0,0,2,2,2,2,0,1,2,1
65,5883.348,8708.837,59.841,128.711,-0.625405,-0.779636,-0.032208,0.780300,-0.624847,-0.026403,0.000460,-0.041644,0.999132,0,0.85676,0.81469,51.406,1.629,-1,400.000,-1,400.000,775.000,325.000,325.000,300.000,300.000,-1,-1,-1,-1,825.000,650.000,-1,750.000,2,0,2,0,1,0,0,0,0,2,2,2,2,0,1,2,1
66,5849.761,8748.051,59.782,130.580,-0.650439,-0.758824,-0.033394,0.759556,-0.649936,-0.025666,-0.002228,-0.042058,0.999113,0,0.86053,0.93469,51.632,1.869,-1,400.000,-1,400.000,700.000,325.000,325.000,300.000,300.000,-1,-1,-1,-1,825.000,625.000,-1,700.000,2,0,2,0,1,0,0,0,0,2,2,2,2,0,1,2,1
67,5814.774,8786.262,59.586,132.477,-0.675131,-0.736890,-0.034513,0.737681,-0.674688,-0.024938,-0.004909,-0.042296,0.999093,0,0.86348,0.94835,51.809,1.897,-1,400.000,-1,400.000,650.000,325.000,325.000,300.000,300.000,-1,-1,-1,-1,825.000,625.000,-1,675.000,2,0,2,0,1,0,0,0,0,2,2,2,2,0,1,2,1
68,5778.463,8823.398,59.258,134.356,-0.698872,-0.714363,-0.035543,0.715207,-0.698493,-0.024214,-0.007529,-0.042343,0.999075,0,0.86565,0.93981,51.939,1.880,-1,400.000,-1,400.000,575.000,325.000,325.000,300.000,300.000,-1,-1,-1,-1,825.000,600.000,-1,650.000,2,0,2,0,1,0,0,0,0,2,2,2,2,0,1,2,1
69,5740.907,8859.390,58.807,136.218,-0.721640,-0.691305,-0.036514,0.692195,-0.721328,-0.023493,-0.010098,-0.042228,0.999057,0,0.86696,0.93054,52.018,1.861,-1,400.000,-1,400.000,525.000,325.000,325.000,300.000,300.000,-1,-1,-1,-1,825.000,600.000,-1,600.000,2,0,2,0,1,0,0,0,0,2,2,2,2,0,1,2,1
70,5702.199,8894.172,58.226,138.059,-0.743417,-0.667780,-0.037419,0.668709,-0.743175,-0.022772,-0.012602,-0.041951,0.999040,0,0.86734,0.92057,52.040,1.841,-1,400.000,-1,400.000,500.000,325.000,325.000,300.000,300.000,-1,-1,-1,-1,825.000,575.000,-1,575.000,2,0,2,0,1,0,0,0,0,2,2,2,2,0,1,2,1
71,5662.435,8927.681,57.498,139.879,-0.764193,-0.643857,-0.038174,0.644813,-0.764023,-0.022021,-0.014987,-0.041443,0.999028,0,0.86668,0.90991,52.001,1.820,-1,400.000,-1,400.000,475.000,325.000,325.000,300.000,300.000,-1,-1,-1,-1,825.000,575.000,-1,550.000,2,0,2,1,1,0,0,0,0,2,2,2,2,0,1,2,1
72,5621.723,8959.861,56.621,141.676,-0.783954,-0.619598,-0.038909,0.620574,-0.783864,-0.021097,-0.017427,-0.040685,0.999020,0,0.86491,0.89859,51.894,1.797,-1,400.000,-1,400.000,450.000,325.000,325.000,300.000,300.000,-1,-1,-1,-1,825.000,550.000,-1,525.000,2,0,2,1,1,0,0,0,0,2,2,2,2,0,1,2,1
73,5580.177,8990.662,55.636,143.449,-0.802700,-0.595065,-0.039629,0.596054,-0.802691,-0.020183,-0.019800,-0.039822,0.999011,0,0.86197,0.88667,51.718,1.773,-1,400.000,-1,375.000,425.000,325.000,325.000,300.000,300.000,-1,-1,-1,-1,825.000,550.000,-1,500.000,2,0,2,1,1,0,0,0,0,2,2,2,2,0,1,2,1
74,5537.915,9020.038,54.548,145.198,-0.820433,-0.570318,-0.040334,0.571315,-0.820504,-0.019280,-0.022098,-0.038861,0.999000,0,0.85782,0.87422,51.469,1.748,-1,400.000,-1,375.000,400.000,325.000,325.000,300.000,300.000,-1,-1,-1,-1,825.000,525.000,-1,475.000,2,0,2,1,1,0,0,0,0,2,2,2,2,0,1,2,1
75,5495.058,9047.955,53.364,146.920,-0.837161,-0.545417,-0.041018,0.546417,-0.837312,-0.018392,-0.024313,-0.037810,0.998989,0,0.85246,0.86132,51.148,1.723,-1,400.000,-1,375.000,375.000,325.000,325.000,300.000,300.000,-1,-1,-1,-1,800.000,525.000,-1,450.000,2,0,2,1,1,0,0,0,1,2,2,2,2,0,1,2,1
76,5451.729,9074.386,52.091,148.616,-0.852895,-0.520416,-0.041681,0.521412,-0.853125,-0.017520,-0.026441,-0.036676,0.998977,0,0.84591,0.84809,50.754,1.696,-1,400.000,-1,350.000,350.000,325.000,325.000,300.000,300.000,-1,-1,-1,-1,800.000,525.000,-1,425.000,2,0,2,1,1,0,0,0,1,2,2,2,2,0,1,2,1
77,5408.049,9099.316,50.713,150.286,-0.867656,-0.495363,-0.042300,0.496354,-0.867958,-0.016783,-0.028401,-0.035558,0.998964,0,0.83823,0.83466,50.294,1.669,-1,400.000,-1,350.000,325.000,325.000,325.000,300.000,275.000,-1,-1,-1,-1,800.000,525.000,-1,425.000,2,0,2,1,1,0,0,0,1,2,2,2,2,0,1,2,1
78,5364.133,9122.738,49.252,151.928,-0.881463,-0.470302,-0.042879,0.471284,-0.881835,-0.016108,-0.030237,-0.034407,0.998950,0,0.82954,0.82118,49.772,1.642,-1,400.000,-1,350.000,325.000,325.000,325.000,300.000,250.000,-1,-1,-1,-1,800.000,550.000,-1,400.000,2,0,2,1,1,0,0,0,1,2,2,2,2,0,1,2,1
79,5320.080,9144.643,47.706,153.561,-0.894476,-0.444995,-0.043508,0.445967,-0.894916,-0.015488,-0.032044,-0.033257,0.998933,0,0.81998,0.81662,49.199,1.633,-1,400.000,-1,350.000,300.000,325.000,325.000,300.000,250.000,-1,-1,-1,-1,800.000,575.000,-1,375.000,2,0,2,1,1,0,0,0,1,2,2,2,2,0,1,2,1
80,5275.982,9165.027,46.903,155.191,-0.906795,-0.419336,-0.043369,0.420402,-0.907140,-0.018962,-0.031391,-0.035427,0.998879,0,0.80969,0.81474,48.582,1.629,-1,400.000,-1,350.000,300.000,325.000,325.000,300.000,250.000,-1,-1,-1,-1,825.000,600.000,-1,500.000,2,0,2,1,1,0,0,0,1,2,2,2,2,0,1,2,1
81,5231.920,9183.895,46.076,156.818,-0.918374,-0.393380,-0.042918,0.394533,-0.918605,-0.022537,-0.030559,-0.037630,0.998824,0,0.79887,0.81345,47.932,1.627,-1,400.000,-1,375.000,300.000,325.000,350.000,300.000,225.000,-1,-1,-1,-1,825.000,675.000,-1,-1,2,0,2,1,1,0,0,0,1,2,2,2,2,0,1,2,2
82,5182.909,9203.148,44.971,158.552,-0.929904,-0.365367,-0.042264,0.366590,-0.930022,-0.025892,-0.029847,-0.039571,0.998771,0,0.87762,0.86730,52.657,1.735,-1,425.000,-1,375.000,400.000,350.000,350.000,300.000,225.000,-1,-1,-1,-1,850.000,825.000,-1,-1,2,0,2,1,1,0,0,0,1,2,2,2,2,0,1,2,2
83,5133.685,9220.814,43.594,160.257,-0.940403,-0.337524,-0.041458,0.338785,-0.940438,-0.028314,-0.029432,-0.040672,0.998739,0,0.87165,0.85232,52.299,1.705,-1,425.000,-1,400.000,-1,350.000,350.000,275.000,225.000,-1,-1,-1,-1,850.000,900.000,-1,-1,2,0,2,1,2,0,0,0,1,2,2,2,2,0,0,2,2
84,5080.693,9238.317,41.669,161.722,-0.948737,-0.313378,-0.041140,0.314648,-0.948763,-0.029086,-0.029918,-0.040539,0.998730,0,0.93013,0.73232,55.808,1.465,-1,425.000,-1,400.000,-1,350.000,350.000,275.000,225.000,-1,-1,-1,-1,850.000,900.000,-1,-1,2,0,2,1,2,0,1,0,1,2,2,2,2,0,0,2,2
85,5027.852,9254.527,39.558,162.946,-0.955220,-0.293036,-0.041050,0.294305,-0.955265,-0.029201,-0.030656,-0.039975,0.998730,0,0.92119,0.61232,55.272,1.225,-1,425.000,-1,425.000,-1,350.000,350.000,275.000,200.000,-1,-1,-1,-1,850.000,900.000,-1,-1,2,0,2,1,2,0,1,0,1,2,2,2,2,0,0,2,2
86,4975.310,9269.662,37.303,163.931,-0.960106,-0.276587,-0.041190,0.277848,-0.960193,-0.028813,-0.031581,-0.039108,0.998736,0,0.91131,0.49232,54.679,0.985,-1,425.000,-1,425.000,-1,350.000,350.000,300.000,200.000,-1,-1,-1,-1,850.000,900.000,-1,-1,2,0,2,1,2,0,1,0,1,2,2,2,2,0,0,2,2
87,4923.188,9283.946,34.937,164.675,-0.963601,-0.264096,-0.041554,0.265344,-0.963746,-0.028029,-0.032645,-0.038035,0.998743,0,0.90074,0.37232,54.044,0.745,-1,425.000,-1,425.000,-1,350.000,350.000,300.000,200.000,-1,-1,-1,-1,850.000,900.000,-1,-1,2,0,2,1,2,0,1,0,1,2,2,2,2,0,0,2,2
88,4871.578,9297.601,32.483,165.180,-0.965862,-0.255609,-0.042131,0.256841,-0.966079,-0.026923,-0.033820,-0.036825,0.998749,0,0.88975,0.25232,53.385,0.505,-1,425.000,-1,450.000,-1,350.000,350.000,300.000,200.000,-1,-1,-1,-1,850.000,900.000,-1,-1,2,0,2,0,2,0,1,0,1,2,2,2,2,0,0,2,2
89,4820.552,9310.851,29.960,165.445,-0.966995,-0.251156,-0.042912,0.252367,-0.967295,-0.025535,-0.035095,-0.035522,0.998752,0,0.87865,0.13232,52.719,0.265,-1,425.000,-1,425.000,-1,350.000,350.000,300.000,200.000,-1,-1,-1,-1,850.000,900.000,-1,-1,2,0,2,0,2,0,0,0,1,2,2,2,2,0,0,2,2
90,4770.155,9323.914,27.377,165.469,-0.967056,-0.250752,-0.043886,0.251937,-0.967449,-0.023880,-0.036470,-0.034150,0.998751,0,0.86769,0.01232,52.062,0.025,-1,425.000,-1,425.000,-1,350.000,350.000,300.000,200.000,-1,-1,-1,-1,850.000,875.000,-1,-1,2,0,2,0,2,0,0,0,1,2,2,2,2,0,0,2,2
91,4720.420,9337.005,24.738,165.254,-0.966050,-0.254399,-0.045044,0.255553,-0.966546,-0.021950,-0.037953,-0.032716,0.998744,0,0.85715,-0.10768,51.429,-0.215,-1,425.000,-1,425.000,-1,350.000,350.000,300.000,200.000,-1,-1,-1,625.000,825.000,850.000,-1,-1,2,0,2,0,2,0,0,0,1,2,2,2,1,0,0,2,2
92,4671.365,9350.335,22.027,164.799,-0.963932,-0.262084,-0.046336,0.263201,-0.964538,-0.019807,-0.039502,-0.031288,0.998730,0,0.84723,-0.22768,50.834,-0.455,-1,425.000,-1,425.000,-1,350.000,350.000,300.000,200.000,-1,-1,-1,625.000,825.000,850.000,-1,-1,2,0,2,0,2,0,0,0,1,2,2,2,1,0,0,2,2
93,4623.002,9364.109,19.234,164.103,-0.960594,-0.273778,-0.048008,0.274879,-0.961311,-0.017954,-0.041235,-0.030442,0.998686,0,0.83810,-0.34768,50.286,-0.695,-1,425.000,-1,425.000,-1,350.000,350.000,300.000,200.000,-1,-1,-1,625.000,825.000,825.000,-1,-1,2,0,2,0,2,0,0,0,1,2,2,2,1,0,0,2,2
94,4575.341,9378.527,16.846,163.168,-0.955799,-0.289426,-0.051778,0.290619,-0.956687,-0.017052,-0.044600,-0.031346,0.998513,0,0.82989,-0.46768,49.794,-0.935,-1,400.000,-1,400.000,-1,325.000,325.000,300.000,200.000,-1,-1,-1,625.000,800.000,800.000,-1,-1,2,0,2,0,2,0,0,0,1,2,2,2,1,0,0,2,2
95,4528.397,9393.786,14.309,161.993,-0.949453,-0.308985,-0.055386,0.310235,-0.950535,-0.015403,-0.047888,-0.031807,0.998346,0,0.82267,-0.58768,49.360,-1.175,-1,400.000,-1,400.000,-1,325.000,325.000,300.000,200.000,-1,-1,-1,675.000,775.000,775.000,-1,-1,2,0,2,0,2,0,0,0,1,2,2,2,1,0,0,2,2
96,4482.195,9410.077,11.683,160.577,-0.941350,-0.332366,-0.058242,0.333639,-0.942606,-0.013401,-0.050445,-0.032047,0.998213,0,0.81649,-0.70768,48.989,-1.415,-1,400.000,-1,400.000,-1,325.000,325.000,300.000,200.000,-1,-1,-1,700.000,750.000,750.000,-1,-1,2,0,2,0,2,0,0,0,1,2,2,2,1,0,0,2,2
97,4436.772,9427.583,9.664,158.922,-0.931256,-0.359426,-0.059788,0.360818,-0.932531,-0.014026,-0.050713,-0.034634,0.998113,0,0.81134,-0.82768,48.680,-1.655,-1,400.000,-1,400.000,-1,325.000,325.000,300.000,200.000,-1,-1,-1,750.000,750.000,750.000,-1,-1,2,0,2,0,2,0,0,0,1,2,2,2,1,0,0,2,2
98,4392.179,9446.485,7.627,157.026,-0.918766,-0.390036,-0.061160,0.391542,-0.920047,-0.014465,-0.050628,-0.037236,0.998023,0,0.80721,-0.94768,48.433,-1.895,-1,400.000,-1,400.000,-1,325.000,325.000,300.000,225.000,-1,-1,-1,825.000,750.000,750.000,-1,-1,2,0,2,0,2,0,0,0,1,2,2,2,1,0,0,2,2
99,4348.445,9466.853,5.626,155.026,-0.904499,-0.421864,-0.062551,0.423488,-0.905780,-0.014848,-0.050393,-0.039919,0.997931,0,0.80407,-1.00000,48.244,-2.000,-1,400.000,-1,400.000,-1,325.000,325.000,300.000,225.000,-1,-1,-1,925.000,750.000,725.000,-1,-1,2,0,2,0,2,0,0,0,1,2,2,2,1,0,0,2,2
100,4305.585,9488.664,3.683,153.026,-0.889122,-0.453166,-0.064050,0.454917,-0.890404,-0.015232,-0.050128,-0.042680,0.997830,0,0.80150,-1.00000,48.090,-2.000,-1,400.000,-1,375.000,-1,325.000,325.000,300.000,225.000,-1,-1,-1,-1,725.000,725.000,-1,-1,2,0,2,0,2,0,0,0,1,2,2,2,2,0,0,2,2
101,4267.624,9509.474,1.973,151.266,-0.874687,-0.480246,-0.065474,0.482116,-0.875969,-0.015571,-0.049876,-0.045186,0.997733,0,0.72150,-0.88000,43.290,-1.760,-1,375.000,-1,375.000,-1,325.000,325.000,300.000,225.000,-1,-1,-1,-1,725.000,725.000,-1,-1,2,0,2,0,2,0,0,0,1,2,2,2,2,0,0,2,2
102,4234.375,9528.866,0.474,149.746,-0.861551,-0.503262,-0.066758,0.505239,-0.862834,-0.015854,-0.049623,-0.047388,0.997643,0,0.64150,-0.76000,38.490,-1.520,-1,375.000,-1,375.000,-1,325.000,325.000,300.000,250.000,-1,-1,-1,-1,725.000,725.000,-1,-1,2,0,2,0,2,0,0,0,1,2,2,2,2,0,0,2,2
103,4205.659,9546.485,-0.827,148.466,-0.850018,-0.522363,-0.067869,0.524434,-0.851299,-0.016083,-0.049376,-0.049264,0.997565,0,0.56150,-0.64000,33.690,-1.280,-1,375.000,-1,375.000,-1,325.000,325.000,300.000,250.000,-1,-1,-1,-1,725.000,700.000,-1,-1,2,0,2,0,2,0,0,0,1,2,2,2,2,0,0,2,2
104,4181.313,9562.038,-1.938,147.426,-0.840333,-0.537687,-0.068798,0.539837,-0.841612,-0.016271,-0.049153,-0.050812,0.997498,0,0.48150,-0.52000,28.890,-1.040,-1,375.000,-1,375.000,-1,300.000,325.000,275.000,250.000,-1,-1,-1,-1,700.000,700.000,-1,-1,2,0,2,0,2,0,0,0,1,2,2,2,2,0,0,2,2
105,4161.195,9575.289,-2.768,146.626,-0.832723,-0.549361,-0.069099,0.551545,-0.833986,-0.016283,-0.048682,-0.051670,0.997477,0,0.40150,-0.40000,24.090,-0.800,-1,375.000,-1,375.000,-1,300.000,325.000,300.000,250.000,-1,-1,-1,-1,700.000,700.000,-1,-1,2,0,2,0,2,0,0,0,1,2,2,2,2,0,0,2,2
106,4145.190,9586.057,-3.426,146.066,-0.827301,-0.557467,-0.069306,0.559677,-0.828550,-0.016326,-0.048322,-0.052296,0.997462,0,0.32150,-0.28000,19.290,-0.560,-1,375.000,-1,375.000,-1,300.000,325.000,300.000,250.000,-1,-1,-1,-1,700.000,700.000,-1,-1,2,0,2,0,2,0,0,0,1,2,2,2,2,0,0,2,2
107,4133.213,9594.213,-3.922,145.746,-0.824164,-0.562072,-0.069493,0.564304,-0.825403,-0.016452,-0.048113,-0.052774,0.997447,0,0.24150,-0.16000,14.490,-0.320,-1,375.000,-1,375.000,-1,300.000,325.000,300.000,275.000,-1,-1,-1,-1,700.000,700.000,-1,-1,2,0,2,0,2,0,0,0,1,2,2,2,2,0,0,2,2
108,4125.211,9599.678,-4.238,145.666,-0.823366,-0.563215,-0.069700,0.565467,-0.824604,-0.016597,-0.048127,-0.053079,0.997430,0,0.16150,-0.04000,9.690,-0.080,-1,375.000,-1,375.000,-1,300.000,325.000,300.000,275.000,-1,-1,-1,-1,700.000,700.000,-1,-1,2,0,2,0,2,0,0,0,1,2,2,2,2,0,0,2,2
109,4121.165,9602.424,-4.369,145.826,-0.824919,-0.560905,-0.069957,0.563176,-0.826167,-0.016772,-0.048388,-0.053234,0.997409,0,0.08150,0.08000,4.890,0.160,-1,375.000,-1,375.000,-1,300.000,325.000,300.000,275.000,-1,-1,-1,-1,700.000,700.000,-1,-1,2,0,2,0,2,0,0,0,1,2,2,2,2,0,0,2,2
110,4121.090,9602.474,-4.307,146.226,-0.828793,-0.555123,-0.070289,0.557413,-0.830061,-0.016990,-0.048913,-0.053261,0.997382,0,0.00150,0.20000,0.090,0.400,-1,375.000,-1,375.000,-1,300.000,325.000,300.000,275.000,-1,-1,-1,-1,700.000,700.000,-1,-1,2,0,2,0,2,0,0,0,1,2,2,2,2,0,0,2,2
111,4125.035,9599.900,-4.044,146.866,-0.834913,-0.545819,-0.070717,0.548132,-0.836214,-0.017266,-0.049711,-0.053178,0.997347,0,-0.07850,0.32000,-4.710,0.640,-1,375.000,-1,375.000,-1,300.000,325.000,275.000,275.000,-1,-1,-1,-1,700.000,700.000,-1,-1,2,0,2,0,2,0,0,0,1,2,2,2,2,0,0,2,2
112,4133.077,9594.824,-3.568,147.746,-0.843162,-0.532917,-0.071257,0.535256,-0.844506,-0.017620,-0.050788,-0.052997,0.997302,0,-0.15850,0.44000,-9.510,0.880,-1,375.000,-1,375.000,-1,300.000,325.000,275.000,275.000,-1,-1,-1,-1,700.000,700.000,-1,-1,2,0,2,0,2,0,0,0,1,2,2,2,2,0,0,2,2
113,4145.326,9587.425,-2.880,148.866,-0.853375,-0.516314,-0.071914,0.518688,-0.854771,-0.018146,-0.052100,-0.052786,0.997246,0,-0.23850,0.56000,-14.310,1.120,-1,375.000,-1,375.000,-1,300.000,300.000,275.000,275.000,-1,-1,-1,-1,700.000,700.000,-1,-1,2,0,2,0,2,0,0,0,1,2,2,2,2,0,0,2,2
114,4161.914,9577.936,-1.928,150.226,-0.865349,-0.495891,-0.072545,0.498299,-0.866802,-0.018792,-0.053563,-0.052411,0.997188,0,-0.31850,0.68000,-19.110,1.360,-1,375.000,-1,375.000,-1,300.000,300.000,275.000,275.000,-1,-1,-1,-1,700.000,700.000,-1,-1,2,0,2,0,2,0,0,0,1,2,2,2,2,0,0,2,2
115,4182.963,9566.592,-0.672,151.678,-0.877625,-0.473789,-0.072795,0.476203,-0.879123,-0.019352,-0.054827,-0.051649,0.997159,0,-0.39850,0.72592,-23.910,1.452,-1,375.000,-1,375.000,-1,300.000,325.000,275.000,275.000,-1,-1,-1,-1,700.000,700.000,-1,-1,2,0,2,0,2,0,0,0,1,2,2,2,2,0,0,2,2
116,4208.573,9553.615,0.801,153.127,-0.889320,-0.451430,-0.072938,0.453843,-0.890860,-0.019893,-0.055998,-0.050794,0.997138,0,-0.47850,0.72440,-28.710,1.449,-1,375.000,-1,375.000,-1,300.000,325.000,275.000,275.000,-1,-1,-1,-1,700.000,725.000,-1,-1,2,0,2,0,2,0,0,0,1,2,2,2,2,0,0,2,2
117,4238.837,9539.227,2.491,154.572,-0.900430,-0.428840,-0.072954,0.431243,-0.902005,-0.020406,-0.057054,-0.049835,0.997127,0,-0.55850,0.72257,-33.510,1.445,-1,375.000,-1,375.000,-1,300.000,325.000,275.000,250.000,-1,-1,-1,950.000,700.000,725.000,-1,-1,2,0,2,0,2,0,0,0,1,2,2,2,1,0,0,2,2
118,4270.249,9525.251,4.241,156.013,-0.910938,-0.406041,-0.072961,0.408437,-0.912546,-0.020958,-0.058071,-0.048892,0.997115,0,-0.57300,0.72047,-34.380,1.441,-1,375.000,-1,375.000,-1,300.000,325.000,275.000,250.000,-1,-1,-1,875.000,700.000,725.000,-1,-1,2,0,2,0,2,0,0,0,1,2,2,2,1,0,0,2,2
119,4301.954,9512.086,6.017,157.450,-0.920838,-0.383050,-0.073008,0.385443,-0.922479,-0.021576,-0.059083,-0.048008,0.997098,0,-0.57215,0.71836,-34.329,1.437,-1,375.000,-1,375.000,-1,325.000,325.000,275.000,250.000,-1,-1,-1,825.000,700.000,725.000,-1,-1,2,0,2,0,2,0,0,0,1,2,2,2,1,0,0,2,2
120,4333.922,9499.740,7.825,158.882,-0.930129,-0.359881,-0.073112,0.362280,-0.931803,-0.022276,-0.060109,-0.047207,0.997075,0,-0.57115,0.71630,-34.269,1.433,-1,375.000,-1,400.000,-1,325.000,325.000,275.000,250.000,-1,-1,-1,775.000,700.000,725.000,-1,-1,2,0,2,0,2,0,0,0,1,2,2,2,1,0,0,2,2
121,4366.123,9488.218,9.670,160.311,-0.938809,-0.336549,-0.073294,0.338963,-0.940517,-0.023077,-0.061168,-0.046509,0.997043,0,-0.57000,0.71430,-34.200,1.429,-1,375.000,-1,400.000,-1,325.000,325.000,275.000,225.000,-1,-1,-1,725.000,700.000,725.000,-1,-1,2,0,2,0,2,0,0,0,1,2,2,2,1,0,0,2,2
122,4398.525,9477.524,11.556,161.736,-0.946877,-0.313069,-0.073569,0.315510,-0.948619,-0.023997,-0.062276,-0.045934,0.997001,0,-0.56868,0.71236,-34.121,1.425,-1,375.000,-1,400.000,-1,325.000,325.000,275.000,225.000,-1,-1,-1,700.000,700.000,725.000,-1,-1,2,0,2,0,2,0,0,0,1,2,2,2,1,0,0,2,2
123,4431.097,9467.663,13.488,163.157,-0.954331,-0.289455,-0.073951,0.291936,-0.956110,-0.025060,-0.063452,-0.045504,0.996947,0,-0.56719,0.71048,-34.032,1.421,-1,375.000,-1,400.000,-1,325.000,325.000,275.000,225.000,-1,-1,-1,675.000,700.000,725.000,-1,-1,2,0,2,0,2,0,0,0,1,2,2,2,1,0,0,2,2
124,4463.807,9458.637,15.471,164.574,-0.961171,-0.265720,-0.074455,0.268259,-0.962988,-0.026287,-0.064714,-0.045240,0.996878,0,-0.56554,0.70868,-33.933,1.417,-1,375.000,-1,400.000,-1,325.000,325.000,275.000,225.000,-1,-1,-1,650.000,700.000,725.000,-1,-1,2,0,2,0,2,0,0,0,1,2,2,2,1,0,0,2,2
125,4496.625,9450.448,17.510,165.988,-0.967397,-0.241879,-0.075089,0.244494,-0.969255,-0.027705,-0.066079,-0.045160,0.996792,0,-0.56373,0.70694,-33.824,1.414,-1,375.000,-1,400.000,-1,325.000,325.000,275.000,225.000,-1,-1,-1,625.000,675.000,725.000,-1,-1,2,0,2,0,2,0,0,0,1,2,2,2,1,0,0,2,2
126,4524.923,9443.998,19.292,167.162,-0.972111,-0.221970,-0.075687,0.224662,-0.974004,-0.029024,-0.067277,-0.045219,0.996709,0,-0.48373,0.58694,-29.024,1.174,-1,375.000,-1,400.000,-1,325.000,325.000,275.000,225.000,-1,-1,-1,625.000,675.000,725.000,-1,-1,2,0,2,0,2,0,0,0,1,2,2,2,1,0,0,2,2
127,4548.626,9439.000,21.183,168.096,-0.975635,-0.206051,-0.075367,0.208887,-0.977422,-0.031827,-0.067108,-0.046795,0.996648,0,-0.40373,0.46694,-24.224,0.934,-1,375.000,-1,400.000,-1,325.000,325.000,275.000,225.000,-1,-1,-1,625.000,675.000,750.000,-1,-1,2,0,2,0,2,0,0,0,1,2,2,2,1,0,0,2,2
128,4567.679,9435.223,22.602,168.790,-0.978117,-0.194190,-0.074683,0.197102,-0.979802,-0.033759,-0.066619,-0.047740,0.996636,0,-0.32373,0.34694,-19.424,0.694,-1,375.000,-1,400.000,-1,325.000,325.000,275.000,225.000,-1,-1,-1,600.000,675.000,750.000,-1,-1,2,0,2,0,2,0,0,0,1,2,2,2,1,0,0,2,2
129,4582.046,9432.493,23.590,169.244,-0.979687,-0.186418,-0.073901,0.189357,-0.981287,-0.034934,-0.066006,-0.048218,0.996654,0,-0.24373,0.22694,-14.624,0.454,-1,375.000,-1,400.000,-1,325.000,325.000,275.000,225.000,-1,-1,-1,600.000,675.000,775.000,-1,-1,2,0,2,0,2,0,0,0,1,2,2,2,1,0,0,2,2
130,4591.704,9430.696,24.225,169.457,-0.980425,-0.182751,-0.073269,0.185698,-0.981961,-0.035610,-0.065439,-0.048518,0.996676,0,-0.16373,0.10694,-9.824,0.214,-1,375.000,-1,400.000,-1,325.000,325.000,275.000,225.000,-1,-1,-1,600.000,675.000,775.000,-1,-1,2,0,2,0,2,0,0,0,1,2,2,2,1,0,0,2,2
131,4596.643,9429.774,24.510,169.431,-0.980379,-0.183197,-0.072769,0.186134,-0.981871,-0.035813,-0.064889,-0.048655,0.996706,0,-0.08373,-0.01306,-5.024,-0.026,-1,375.000,-1,400.000,-1,325.000,325.000,275.000,225.000,-1,-1,-1,600.000,675.000,775.000,-1,-1,2,0,2,0,2,0,0,0,1,2,2,2,1,0,0,2,2
132,4596.863,9429.732,24.449,169.165,-0.979544,-0.187755,-0.072395,0.190665,-0.981011,-0.035566,-0.064343,-0.048642,0.996742,0,-0.00373,-0.13306,-0.224,-0.266,-1,375.000,-1,400.000,-1,325.000,325.000,275.000,225.000,-1,-1,-1,600.000,700.000,775.000,-1,-1,2,0,2,0,2,0,0,0,1,2,2,2,1,0,0,2,2
133,4592.376,9430.632,24.047,168.659,-0.977863,-0.196415,-0.072153,0.199282,-0.979321,-0.034889,-0.063808,-0.048495,0.996783,0,0.07627,-0.25306,4.576,-0.506,-1,375.000,-1,400.000,-1,325.000,325.000,275.000,225.000,-1,-1,-1,625.000,700.000,775.000,-1,-1,2,0,2,0,2,0,0,0,1,2,2,2,1,0,0,2,2
134,4583.207,9432.596,23.312,167.913,-0.975224,-0.209153,-0.072057,0.211965,-0.976693,-0.033794,-0.063309,-0.048231,0.996828,0,0.15627,-0.37306,9.376,-0.746,-1,375.000,-1,400.000,-1,325.000,325.000,275.000,200.000,-1,-1,-1,625.000,700.000,775.000,-1,-1,2,0,2,0,2,0,0,0,1,2,2,2,1,0,0,2,2
135,4569.398,9435.803,22.251,166.927,-0.971468,-0.225935,-0.072132,0.228681,-0.972966,-0.032292,-0.062886,-0.047866,0.996872,0,0.23627,-0.49306,14.176,-0.986,-1,375.000,-1,400.000,-1,325.000,325.000,275.000,200.000,-1,-1,-1,650.000,700.000,775.000,-1,-1,2,0,2,0,2,0,0,0,1,2,2,2,1,0,0,2,2
136,4551.010,9440.491,20.874,165.701,-0.966380,-0.246708,-0.072419,0.249380,-0.967929,-0.030379,-0.062601,-0.047417,0.996912,0,0.31627,-0.61306,18.976,-1.226,-1,375.000,-1,400.000,-1,325.000,325.000,275.000,200.000,-1,-1,-1,675.000,700.000,750.000,-1,-1,2,0,2,0,2,0,0,0,1,2,2,2,1,0,0,2,2
137,4528.128,9446.952,19.040,164.235,-0.959738,-0.271406,-0.072397,0.273946,-0.961348,-0.027631,-0.062100,-0.046352,0.996993,0,0.39627,-0.73306,23.776,-1.466,-1,375.000,-1,400.000,-1,325.000,325.000,275.000,200.000,-1,-1,-1,675.000,700.000,750.000,-1,-1,2,0,2,0,2,0,0,0,1,2,2,2,1,0,0,2,2
