timestep,x_cm,y_cm,z_cm,yaw_deg,basis_xx,basis_xy,basis_xz,basis_yx,basis_yy,basis_yz,basis_zx,basis_zy,basis_zz,teleport_flag,throttle_cmd,steering_cmd,cmd_move_cm,cmd_turn_deg,lidar_cm_0,lidar_cm_1,lidar_cm_2,lidar_cm_3,lidar_cm_4,lidar_cm_5,lidar_cm_6,lidar_cm_7,lidar_cm_8,lidar_cm_9,lidar_cm_10,lidar_cm_11,lidar_cm_12,lidar_cm_13,lidar_cm_14,lidar_cm_15,lidar_cm_16,lidar_class_0,lidar_class_1,lidar_class_2,lidar_class_3,lidar_class_4,lidar_class_5,lidar_class_6,lidar_class_7,lidar_class_8,lidar_class_9,lidar_class_10,lidar_class_11,lidar_class_12,lidar_class_13,lidar_class_14,lidar_class_15,lidar_class_16
0,8202.514,6234.793,-136.184,44.633,0.702811,-0.696434,0.145040,0.707574,0.705422,-0.041442,-0.073453,0.131752,0.988558,1,0.08000,-0.02136,4.800,-0.043,-1,375.000,-1,325.000,475.000,300.000,275.000,275.000,250.000,-1,-1,-1,-1,700.000,525.000,-1,575.000,2,0,2,0,0,0,0,1,0,2,2,2,2,0,0,2,0
1,8209.351,6241.533,-136.529,44.589,0.703394,-0.695896,0.144795,0.707024,0.705956,-0.041745,-0.073169,0.131737,0.988581,0,0.16000,-0.02191,9.600,-0.044,-1,375.000,-1,325.000,475.000,300.000,275.000,275.000,250.000,-1,-1,-1,-1,725.000,525.000,-1,575.000,2,0,2,0,0,0,0,1,0,2,2,2,2,0,0,2,0
2,8219.614,6251.633,-137.084,44.543,0.704044,-0.695331,0.144351,0.706433,0.706519,-0.042229,-0.072623,0.131705,0.988625,0,0.24000,-0.02303,14.400,-0.046,-1,375.000,-1,325.000,475.000,300.000,275.000,275.000,250.000,-1,-1,-1,-1,725.000,525.000,-1,575.000,2,0,2,0,0,0,0,1,0,2,2,2,2,0,0,2,0
3,8233.310,6265.089,-137.939,44.493,0.704823,-0.694747,0.143358,0.705765,0.707144,-0.042922,-0.071555,0.131430,0.988740,0,0.32000,-0.02472,19.200,-0.049,-1,375.000,-1,325.000,475.000,300.000,275.000,300.000,250.000,-1,-1,-1,-1,725.000,550.000,-1,600.000,2,0,2,0,0,0,0,1,0,2,2,2,2,0,0,2,0
4,8250.446,6281.891,-139.483,44.439,0.705983,-0.694255,0.139992,0.704881,0.707979,-0.043691,-0.068778,0.129523,0.989188,0,0.40000,-0.02702,24.000,-0.054,-1,400.000,-1,325.000,500.000,300.000,275.000,300.000,250.000,-1,-1,-1,-1,725.000,550.000,-1,625.000,2,0,2,0,0,0,0,1,0,2,2,2,2,0,0,2,0
5,8271.033,6302.031,-141.068,44.379,0.707230,-0.693814,0.135822,0.703870,0.709010,-0.043274,-0.066275,0.126206,0.989788,0,0.48000,-0.02995,28.800,-0.060,-1,400.000,-1,325.000,550.000,300.000,275.000,300.000,250.000,-1,-1,-1,-1,725.000,550.000,-1,675.000,2,0,2,0,0,0,0,1,0,2,2,2,2,0,0,2,0
6,8295.079,6325.499,-142.797,44.312,0.708596,-0.693365,0.130907,0.702727,0.710212,-0.042111,-0.063774,0.121832,0.990500,0,0.56000,-0.03354,33.600,-0.067,-1,400.000,-1,325.000,600.000,300.000,300.000,300.000,250.000,-1,-1,-1,-1,750.000,575.000,-1,750.000,2,0,2,0,0,0,0,1,0,2,2,2,2,0,0,2,0
7,8322.595,6352.283,-144.803,44.237,0.710114,-0.692844,0.125318,0.701446,0.711556,-0.040773,-0.060921,0.116857,0.991278,0,0.64000,-0.03782,38.400,-0.076,-1,400.000,-1,350.000,650.000,300.000,300.000,300.000,250.000,-1,-1,-1,-1,750.000,575.000,-1,850.000,2,0,2,0,0,0,0,1,0,2,2,2,2,0,0,2,0
8,8353.595,6382.370,-147.097,44.151,0.711792,-0.692225,0.119064,0.700014,0.713049,-0.039261,-0.057721,0.111292,0.992110,0,0.72000,-0.04282,43.200,-0.086,-1,400.000,-1,350.000,750.000,300.000,300.000,300.000,250.000,-1,-1,-1,-1,750.000,600.000,-1,950.000,2,0,2,0,0,0,0,1,0,2,2,2,2,0,0,2,1
9,8385.542,6413.270,-149.500,44.054,0.713588,-0.691447,0.112667,0.698447,0.714668,-0.037703,-0.054450,0.105596,0.992917,0,0.74078,-0.04858,44.447,-0.097,-1,400.000,-1,350.000,825.000,325.000,300.000,300.000,275.000,-1,-1,-1,-1,750.000,625.000,-1,925.000,2,0,2,0,1,0,0,1,0,2,2,2,2,0,0,2,1
10,8417.601,6444.161,-151.950,43.945,0.715489,-0.690490,0.106295,0.696745,0.716408,-0.036139,-0.051197,0.099918,0.993678,0,0.74200,-0.05462,44.520,-0.109,-1,400.000,-1,350.000,800.000,325.000,300.000,300.000,275.000,-1,-1,-1,-1,750.000,625.000,-1,900.000,2,0,2,0,1,0,0,1,0,2,2,2,2,0,0,2,1
11,8449.802,6475.059,-154.451,43.823,0.717500,-0.689351,0.099945,0.694905,0.718270,-0.034567,-0.047958,0.094254,0.994392,0,0.74379,-0.06079,44.628,-0.122,-1,400.000,-1,350.000,775.000,325.000,300.000,300.000,275.000,550.000,-1,-1,-1,750.000,650.000,-1,875.000,2,0,2,0,1,0,0,1,0,1,2,2,2,0,0,2,1
12,8482.175,6505.975,-156.918,43.689,0.719656,-0.688043,0.093236,0.692905,0.720275,-0.032959,-0.044478,0.088322,0.995098,0,0.74608,-0.06707,44.765,-0.134,-1,400.000,-1,375.000,750.000,325.000,300.000,300.000,275.000,550.000,300.000,-1,-1,750.000,675.000,-1,850.000,2,0,2,0,1,0,0,1,0,1,1,2,2,0,0,2,1
13,8514.745,6536.922,-159.429,43.542,0.721923,-0.686544,0.086512,0.690759,0.722405,-0.031350,-0.040974,0.082391,0.995757,0,0.74879,-0.07346,44.928,-0.147,-1,400.000,-1,375.000,750.000,325.000,325.000,325.000,275.000,525.000,275.000,-1,-1,775.000,700.000,-1,825.000,2,0,2,0,1,0,0,1,0,1,1,2,2,0,0,2,1
14,8547.536,6567.905,-161.991,43.382,0.724304,-0.684849,0.079782,0.688463,0.724662,-0.029736,-0.037450,0.076465,0.996369,0,0.75189,-0.07995,45.113,-0.160,-1,400.000,-1,375.000,725.000,325.000,325.000,325.000,275.000,525.000,275.000,-1,-1,775.000,700.000,-1,800.000,2,0,2,0,1,0,0,1,0,1,1,2,2,0,0,2,1
15,8583.325,6601.519,-164.825,43.211,0.726812,-0.683001,0.072481,0.686015,0.727050,-0.027975,-0.033591,0.070056,0.996977,0,0.81833,-0.08568,49.100,-0.171,-1,400.000,-1,400.000,700.000,325.000,325.000,300.000,300.000,500.000,275.000,575.000,-1,775.000,725.000,-1,775.000,2,0,2,0,1,0,0,0,0,1,1,1,2,0,1,2,1
16,8619.049,6634.863,-167.620,43.031,0.729339,-0.681000,0.065608,0.683496,0.729482,-0.026267,-0.029972,0.064000,0.997500,0,0.81446,-0.08968,48.868,-0.179,-1,400.000,-1,400.000,675.000,325.000,325.000,300.000,300.000,500.000,300.000,475.000,-1,775.000,700.000,-1,750.000,2,0,2,0,1,0,0,0,0,1,1,1,2,0,1,2,1
17,8654.742,6667.965,-169.056,42.843,0.731529,-0.678622,0.065864,0.681113,0.731730,-0.025593,-0.030826,0.063583,0.997500,0,0.81133,-0.09394,48.680,-0.188,-1,400.000,-1,400.000,625.000,325.000,325.000,300.000,300.000,525.000,350.000,550.000,-1,775.000,675.000,-1,700.000,2,0,2,0,1,0,0,0,0,1,1,1,2,0,1,2,1
18,8690.441,6700.845,-170.541,42.647,0.733819,-0.676121,0.066103,0.678607,0.734078,-0.024948,-0.031657,0.063165,0.997501,0,0.80889,-0.09846,48.533,-0.197,-1,400.000,-1,400.000,600.000,325.000,325.000,300.000,300.000,575.000,400.000,600.000,-1,775.000,650.000,-1,675.000,2,0,2,0,1,0,0,0,0,1,1,1,2,0,1,2,1
19,8726.180,6733.524,-172.077,42.440,0.736214,-0.673490,0.066325,0.675969,0.736528,-0.024329,-0.032465,0.062745,0.997501,0,0.80712,-0.10319,48.427,-0.206,-1,400.000,-1,400.000,550.000,325.000,325.000,300.000,300.000,600.000,450.000,650.000,-1,775.000,625.000,-1,625.000,2,0,2,0,1,0,0,0,0,1,1,1,2,0,1,2,1
20,8761.990,6766.022,-173.665,42.224,0.738718,-0.670723,0.066531,0.673194,0.739085,-0.023737,-0.033251,0.062323,0.997502,0,0.80596,-0.10814,48.358,-0.216,-1,400.000,-1,400.000,525.000,325.000,325.000,300.000,300.000,650.000,500.000,700.000,-1,750.000,600.000,-1,600.000,2,0,2,0,1,0,0,0,0,1,1,1,2,0,1,2,1
21,8797.904,6798.355,-175.296,41.997,0.741334,-0.667811,0.066722,0.670275,0.741749,-0.023225,-0.033981,0.061940,0.997501,0,0.80540,-0.11330,48.324,-0.227,-1,400.000,-1,400.000,475.000,325.000,325.000,300.000,300.000,675.000,550.000,750.000,-1,750.000,575.000,-1,550.000,2,0,2,0,1,0,0,0,0,1,1,1,2,0,1,2,1
22,8833.949,6830.538,-176.883,41.760,0.744078,-0.664733,0.066923,0.667209,0.744508,-0.023252,-0.034368,0.061953,0.997487,0,0.80538,-0.11864,48.323,-0.237,-1,400.000,-1,400.000,450.000,325.000,325.000,300.000,300.000,700.000,600.000,775.000,-1,750.000,550.000,-1,525.000,2,0,2,0,1,0,0,0,0,1,1,1,2,0,1,2,1
23,8871.438,6864.013,-178.563,41.763,0.744041,-0.664765,0.067015,0.667247,0.744472,-0.023288,-0.034410,0.062043,0.997480,0,0.83765,0.00136,50.259,0.003,-1,400.000,-1,400.000,400.000,325.000,325.000,300.000,300.000,750.000,650.000,850.000,-1,750.000,550.000,-1,475.000,2,0,2,0,1,0,0,0,0,1,1,1,2,0,1,2,1
24,8912.351,6900.859,-180.385,42.005,0.741235,-0.667911,0.066825,0.670384,0.741647,-0.023318,-0.033986,0.062083,0.997492,0,0.91765,0.12136,55.059,0.243,-1,400.000,-1,375.000,375.000,325.000,325.000,300.000,300.000,775.000,700.000,900.000,-1,750.000,525.000,-1,450.000,2,0,2,1,1,0,0,0,0,1,1,1,2,0,1,2,1
25,8956.492,6941.289,-182.301,42.488,0.735596,-0.674139,0.066592,0.676592,0.735998,-0.023034,-0.033484,0.061999,0.997514,0,0.99765,0.24136,59.859,0.483,-1,400.000,-1,350.000,325.000,325.000,325.000,300.000,300.000,825.000,775.000,1000.000,-1,750.000,525.000,-1,400.000,2,0,2,1,1,0,0,0,0,1,1,1,2,0,1,2,1
26,9000.222,6982.370,-184.175,43.211,0.727049,-0.683372,0.066345,0.685800,0.727439,-0.022588,-0.032826,0.061922,0.997541,0,1.00000,0.36136,60.000,0.723,-1,400.000,-1,350.000,300.000,325.000,325.000,300.000,300.000,850.000,850.000,-1,-1,750.000,525.000,-1,375.000,2,0,2,1,1,0,0,0,0,1,1,2,2,0,1,2,1
27,9043.416,7024.014,-186.044,43.953,0.718155,-0.692737,0.066106,0.695142,0.718529,-0.022208,-0.032114,0.061902,0.997565,0,1.00000,0.37102,60.000,0.742,-1,400.000,-1,325.000,275.000,325.000,325.000,300.000,300.000,900.000,925.000,-1,-1,750.000,550.000,-1,325.000,2,0,2,1,1,0,1,0,0,1,1,2,2,0,1,2,1
28,9086.084,7066.197,-187.909,44.672,0.709428,-0.701692,0.065877,0.704079,0.709784,-0.021899,-0.031392,0.061918,0.997587,0,1.00000,0.35928,60.000,0.719,-1,400.000,-1,325.000,250.000,325.000,300.000,300.000,300.000,925.000,1000.000,-1,-1,725.000,600.000,-1,300.000,2,0,2,1,1,0,1,0,0,1,1,2,2,0,1,2,1
29,9128.241,7108.890,-188.190,45.365,0.701306,-0.710481,0.058192,0.712386,0.701477,-0.020877,-0.025987,0.056096,0.998087,0,1.00000,0.34692,60.000,0.694,-1,400.000,-1,350.000,225.000,325.000,325.000,300.000,300.000,925.000,-1,-1,-1,750.000,700.000,-1,325.000,2,0,2,1,1,0,1,0,1,1,2,2,2,0,0,2,1
30,9169.898,7152.071,-187.284,46.033,0.693570,-0.718969,0.045210,0.720188,0.693493,-0.019919,-0.017032,0.046375,0.998779,0,1.00000,0.33397,60.000,0.668,-1,425.000,-1,375.000,275.000,350.000,350.000,300.000,275.000,900.000,-1,-1,-1,775.000,775.000,-1,-1,2,0,2,1,1,0,0,0,1,1,2,2,2,0,0,2,2
31,9210.971,7195.613,-187.116,46.674,0.685813,-0.726892,0.035906,0.727706,0.685604,-0.019781,-0.010239,0.039695,0.999159,0,0.99762,0.32049,59.857,0.641,-1,425.000,-1,425.000,350.000,350.000,350.000,275.000,250.000,875.000,500.000,725.000,-1,800.000,825.000,-1,-1,2,0,2,0,1,0,0,0,1,1,0,0,2,0,0,2,2
32,9251.283,7239.278,-187.694,47.288,0.678159,-0.734293,0.030246,0.734893,0.677882,-0.020187,-0.005680,0.035917,0.999339,0,0.99048,0.30662,59.429,0.613,-1,425.000,-1,450.000,-1,350.000,350.000,275.000,225.000,875.000,400.000,575.000,-1,825.000,850.000,-1,-1,2,0,2,0,2,0,0,0,1,1,0,0,2,0,0,2,2
33,9290.812,7282.983,-188.932,47.873,0.670687,-0.741195,0.028446,0.741733,0.670366,-0.021019,-0.003490,0.035197,0.999374,0,0.98216,0.29252,58.930,0.585,-1,425.000,-1,450.000,-1,350.000,350.000,275.000,200.000,900.000,375.000,525.000,-1,825.000,850.000,-1,-1,2,0,2,0,2,0,0,0,1,1,0,0,2,0,0,2,2
34,9329.531,7326.659,-190.726,48.442,0.663270,-0.747766,0.030312,0.748371,0.662924,-0.021765,-0.003819,0.037120,0.999304,0,0.97279,0.28460,58.368,0.569,-1,425.000,-1,425.000,-1,350.000,350.000,275.000,200.000,950.000,400.000,550.000,-1,800.000,825.000,-1,-1,2,0,2,0,2,0,0,0,1,1,0,0,2,0,0,2,2
35,9367.413,7370.249,-193.172,49.006,0.655773,-0.754124,0.035488,0.754933,0.655413,-0.022591,-0.006223,0.041605,0.999115,0,0.96251,0.28207,57.750,0.564,-1,425.000,-1,425.000,-1,350.000,350.000,275.000,175.000,1000.000,475.000,625.000,-1,775.000,775.000,-1,-1,2,0,2,0,2,0,0,0,1,1,0,0,2,0,0,2,2
36,9404.436,7413.705,-196.253,49.566,0.648140,-0.760258,0.043849,0.761448,0.647802,-0.023454,-0.010574,0.048590,0.998763,0,0.95148,0.28020,57.089,0.560,-1,400.000,-1,400.000,-1,325.000,325.000,300.000,150.000,-1,650.000,825.000,-1,750.000,725.000,-1,-1,2,0,2,0,2,0,0,0,1,2,0,0,2,0,0,2,2
37,9440.591,7456.989,-199.545,50.124,0.640368,-0.766211,0.053381,0.767909,0.640100,-0.024219,-0.015612,0.056501,0.998280,0,0.93995,0.27898,56.397,0.558,-1,375.000,-1,375.000,-1,325.000,300.000,300.000,150.000,-1,-1,-1,-1,725.000,675.000,-1,-1,2,0,2,0,2,0,0,0,1,2,2,2,2,0,0,2,2
38,9475.879,7500.073,-200.435,50.681,0.632991,-0.772433,0.051670,0.774040,0.632654,-0.024716,-0.013597,0.055639,0.998358,0,0.92819,0.27842,55.691,0.557,-1,375.000,-1,375.000,-1,325.000,300.000,300.000,150.000,-1,1000.000,-1,-1,725.000,675.000,-1,-1,2,0,2,0,2,0,0,0,1,2,0,2,2,0,0,2,2
39,9510.305,7542.949,-201.299,51.238,0.625548,-0.778582,0.049997,0.780100,0.625144,-0.025287,-0.011568,0.054821,0.998429,0,0.91645,0.27851,54.987,0.557,-1,375.000,-1,375.000,-1,325.000,300.000,300.000,150.000,-1,850.000,975.000,-1,725.000,675.000,-1,-1,2,0,2,0,2,0,0,0,1,2,0,0,2,0,0,2,2
40,9543.891,7585.615,-199.822,51.797,0.617822,-0.784955,0.046282,0.786171,0.617776,-0.017004,-0.015245,0.046891,0.998784,0,0.90499,0.27920,54.299,0.558,-1,375.000,-1,375.000,-1,300.000,300.000,300.000,175.000,-1,-1,-1,-1,700.000,675.000,-1,-1,2,0,2,0,2,0,0,0,1,2,2,2,2,0,0,2,2
41,9576.655,7628.087,-198.068,52.358,0.610029,-0.791250,0.042278,0.792143,0.610280,-0.008188,-0.019323,0.038486,0.999072,0,0.89403,0.28049,53.642,0.561,-1,375.000,-1,375.000,-1,300.000,300.000,275.000,200.000,-1,-1,-1,-1,675.000,675.000,-1,-1,2,0,2,0,2,0,0,0,1,2,2,2,2,0,0,2,2
42,9608.626,7670.390,-196.863,52.922,0.602188,-0.797390,0.039217,0.798057,0.602577,-0.002331,-0.021773,0.032701,0.999228,0,0.88375,0.28232,53.025,0.565,-1,375.000,-1,375.000,-1,300.000,300.000,275.000,225.000,-1,-1,-1,-1,650.000,675.000,-1,-1,2,0,2,0,2,0,0,0,1,2,2,2,2,0,0,2,2
43,9639.836,7712.553,-196.243,53.491,0.594264,-0.803425,0.036856,0.803956,0.594688,0.000686,-0.022469,0.029223,0.999320,0,0.87430,0.28467,52.458,0.569,-1,350.000,-1,375.000,-1,300.000,300.000,275.000,250.000,-1,-1,-1,450.000,650.000,675.000,-1,-1,2,0,2,0,2,0,0,0,1,2,2,2,1,0,0,2,2
44,9670.320,7754.613,-196.196,54.066,0.586226,-0.809382,0.035217,0.809864,0.586617,0.000971,-0.021445,0.027952,0.999379,0,0.86576,0.28750,51.946,0.575,-1,350.000,-1,375.000,-1,300.000,300.000,275.000,275.000,-1,-1,-1,400.000,650.000,675.000,-1,-1,2,0,2,0,2,0,0,0,1,2,2,2,1,0,0,2,2
45,9700.113,7796.612,-196.692,54.648,0.578056,-0.815273,0.034374,0.815783,0.578357,-0.001439,-0.018707,0.028874,0.999408,0,0.85821,0.29076,51.493,0.582,-1,350.000,-1,375.000,-1,300.000,300.000,275.000,325.000,-1,-1,-1,375.000,650.000,675.000,-1,-1,2,0,2,0,2,0,0,0,1,2,2,2,1,0,0,2,2
46,9729.248,7838.591,-197.712,55.237,0.569752,-0.821097,0.034391,0.821693,0.569894,-0.006468,-0.014288,0.031944,0.999388,0,0.85166,0.29443,51.100,0.589,-1,375.000,-1,375.000,-1,300.000,300.000,275.000,350.000,-1,-1,-1,350.000,675.000,675.000,-1,-1,2,0,2,0,2,0,0,0,0,2,2,2,1,0,0,2,2
47,9757.757,7880.598,-199.261,55.834,0.561322,-0.826844,0.035307,0.827556,0.561209,-0.013957,-0.008274,0.037053,0.999279,0,0.84611,0.29847,50.767,0.597,-1,375.000,-1,375.000,-1,300.000,325.000,300.000,325.000,-1,-1,-1,350.000,700.000,675.000,-1,-1,2,0,2,0,2,0,0,0,0,2,2,2,1,0,0,2,2
48,9785.666,7922.675,-201.312,56.440,0.552793,-0.832492,0.037117,0.833319,0.552279,-0.023837,-0.000655,0.044108,0.999027,0,0.84154,0.30286,50.493,0.606,-1,375.000,-1,375.000,-1,325.000,325.000,300.000,300.000,-1,-1,-1,325.000,725.000,700.000,-1,-1,2,0,2,0,2,0,0,0,0,2,2,2,1,0,0,2,2
49,9813.005,7964.867,-202.411,57.055,0.544033,-0.838232,0.037359,0.839049,0.543218,-0.030181,0.005004,0.047765,0.998846,0,0.83791,0.30755,50.275,0.615,-1,400.000,-1,375.000,-1,325.000,325.000,300.000,300.000,-1,700.000,800.000,325.000,750.000,700.000,-1,-1,2,0,2,0,2,0,0,0,0,2,0,0,1,0,0,2,2
50,9839.797,8007.214,-202.115,57.680,0.534899,-0.844162,0.035689,0.844890,0.534075,-0.030399,0.006601,0.046413,0.998901,0,0.83518,0.31254,50.111,0.625,-1,400.000,-1,375.000,-1,325.000,325.000,300.000,300.000,-1,700.000,800.000,375.000,775.000,700.000,-1,-1,2,0,2,0,2,0,0,0,0,2,0,0,1,0,0,2,2
51,9863.766,8045.667,-201.834,58.065,0.529246,-0.847778,0.034220,0.848432,0.528418,-0.030629,0.007884,0.045244,0.998945,0,0.75518,0.19254,45.311,0.385,-1,400.000,-1,375.000,-1,325.000,325.000,300.000,300.000,-1,700.000,825.000,400.000,775.000,725.000,-1,-1,2,0,2,0,2,0,0,0,0,2,0,0,1,0,0,2,2
52,9886.619,8082.539,-201.535,58.210,0.527125,-0.849157,0.032732,0.849740,0.526297,-0.030877,0.008993,0.044089,0.998987,0,0.72300,0.07254,43.380,0.145,-1,400.000,-1,375.000,-1,325.000,325.000,300.000,300.000,-1,700.000,825.000,425.000,775.000,725.000,-1,-1,2,0,2,0,2,0,0,0,0,2,0,0,1,0,0,2,2
53,9909.464,8119.427,-201.228,58.231,0.526837,-0.849391,0.031258,0.849908,0.526012,-0.031125,0.009996,0.042964,0.999027,0,0.72316,0.01049,43.390,0.021,-1,400.000,-1,375.000,-1,325.000,325.000,300.000,300.000,-1,700.000,800.000,450.000,775.000,725.000,-1,-1,2,0,2,0,2,0,0,0,0,2,0,0,1,0,0,2,2
54,9932.313,8156.367,-200.747,58.262,0.526386,-0.849690,0.030722,0.850182,0.525560,-0.031263,0.010418,0.042576,0.999039,0,0.72391,0.01552,43.435,0.031,-1,400.000,-1,375.000,-1,325.000,325.000,300.000,300.000,-1,725.000,850.000,475.000,775.000,725.000,-1,-1,2,0,2,0,2,0,0,0,0,2,0,0,1,0,0,2,2
55,9955.169,8193.379,-200.271,58.303,0.525782,-0.850083,0.030196,0.850550,0.524956,-0.031403,0.010843,0.042194,0.999051,0,0.72501,0.02066,43.501,0.041,-1,400.000,-1,375.000,-1,325.000,325.000,300.000,300.000,-1,750.000,875.000,500.000,775.000,725.000,-1,-1,2,0,2,0,2,0,0,0,0,2,0,0,1,0,0,2,2
56,9978.037,8230.484,-199.801,58.355,0.525022,-0.850571,0.029680,0.851014,0.524195,-0.031544,0.011272,0.041820,0.999062,0,0.72644,0.02592,43.586,0.052,-1,400.000,-1,375.000,-1,325.000,325.000,300.000,300.000,-1,775.000,900.000,550.000,800.000,725.000,-1,-1,2,0,2,0,2,0,0,0,0,2,0,0,1,0,0,2,2
57,10000.919,8267.704,-199.335,58.418,0.524101,-0.851156,0.029175,0.851576,0.523273,-0.031688,0.011705,0.041453,0.999072,0,0.72817,0.03130,43.690,0.063,-1,400.000,-1,375.000,-1,325.000,325.000,300.000,300.000,-1,800.000,925.000,575.000,800.000,750.000,-1,-1,2,0,2,0,2,0,0,0,0,2,0,0,1,0,0,2,2
58,10023.816,8305.055,-198.874,58.491,0.523016,-0.851840,0.028681,0.852236,0.522188,-0.031834,0.012141,0.041093,0.999082,0,0.73019,0.03679,43.811,0.074,-1,400.000,-1,375.000,-1,325.000,325.000,300.000,300.000,-1,825.000,950.000,600.000,800.000,750.000,-1,-1,2,0,2,0,2,0,0,0,0,2,0,0,1,0,0,2,2
59,10046.729,8342.558,-198.408,58.576,0.521763,-0.852623,0.028236,0.852998,0.520934,-0.031979,0.012557,0.040771,0.999090,0,0.73247,0.04238,43.948,0.085,-1,400.000,-1,400.000,-1,325.000,325.000,300.000,300.000,-1,875.000,975.000,650.000,800.000,750.000,-1,-1,2,0,2,0,2,0,0,0,0,2,0,0,1,0,0,2,2
60,10069.659,8380.229,-197.929,58.672,0.520339,-0.853504,0.027892,0.853862,0.519507,-0.032116,0.012921,0.040527,0.999095,0,0.73502,0.04808,44.101,0.096,-1,400.000,-1,400.000,-1,325.000,325.000,300.000,300.000,-1,900.000,1000.000,675.000,800.000,750.000,-1,-1,2,0,2,0,2,0,0,0,0,2,0,0,1,0,0,2,2
61,10092.604,8418.086,-197.452,58.780,0.518739,-0.854488,0.027561,0.854829,0.517906,-0.032255,0.013288,0.040292,0.999100,0,0.73780,0.05388,44.268,0.108,-1,400.000,-1,400.000,-1,325.000,325.000,300.000,300.000,-1,925.000,-1,725.000,800.000,750.000,-1,-1,2,0,2,0,2,0,0,0,0,2,0,2,1,0,0,2,2
62,10115.564,8456.145,-197.012,58.899,0.516957,-0.855580,0.027178,0.855904,0.516130,-0.032223,0.013542,0.039920,0.999111,0,0.74080,0.05977,44.448,0.120,-1,400.000,-1,400.000,-1,325.000,325.000,300.000,300.000,-1,950.000,-1,775.000,800.000,750.000,-1,-1,2,0,2,0,2,0,0,0,0,2,0,2,1,0,0,2,2
63,10138.535,8494.423,-196.512,59.031,0.514977,-0.856792,0.026580,0.857099,0.514182,-0.031583,0.013393,0.039046,0.999148,0,0.74403,0.06577,44.642,0.132,-1,400.000,-1,400.000,-1,325.000,325.000,300.000,300.000,-1,1000.000,-1,800.000,800.000,750.000,-1,-1,2,0,2,0,2,0,0,0,0,2,0,2,1,0,0,2,2
64,10161.516,8532.934,-195.973,59.175,0.512807,-0.858112,0.025928,0.858403,0.512051,-0.030776,0.013132,0.038039,0.999190,0,0.74745,0.07186,44.847,0.144,-1,400.000,-1,400.000,-1,325.000,325.000,300.000,300.000,-1,-1,-1,850.000,800.000,750.000,-1,-1,2,0,2,0,2,0,0,0,0,2,2,2,1,0,0,2,2
65,10186.483,8575.416,-195.373,59.558,0.507030,-0.861559,0.025230,0.861830,0.506314,-0.029911,0.012995,0.036910,0.999234,0,0.82125,0.19186,49.275,0.384,-1,400.000,-1,400.000,-1,325.000,325.000,300.000,300.000,-1,-1,-1,900.000,800.000,750.000,-1,-1,2,0,2,0,2,0,0,0,0,2,2,2,1,0,0,2,2
66,10211.011,8618.035,-194.750,60.079,0.499167,-0.866159,0.024524,0.866410,0.498490,-0.029016,0.012907,0.035732,0.999278,0,0.81956,0.26020,49.174,0.520,-1,400.000,-1,400.000,-1,325.000,325.000,300.000,300.000,-1,-1,-1,950.000,825.000,750.000,-1,-1,2,0,2,0,2,0,0,0,0,2,2,2,1,0,0,2,2
67,10235.105,8660.795,-194.105,60.600,0.491242,-0.870698,0.023805,0.870930,0.490605,-0.028080,0.012770,0.034527,0.999322,0,0.81801,0.26080,49.081,0.522,-1,400.000,-1,400.000,-1,325.000,325.000,300.000,300.000,-1,-1,-1,1000.000,825.000,750.000,-1,-1,2,0,2,0,2,0,0,0,0,2,2,2,1,0,0,2,2
68,10258.763,8703.689,-193.433,61.123,0.483269,-0.875161,0.023332,0.875379,0.482659,-0.027407,0.012724,0.033669,0.999352,0,0.81643,0.26123,48.986,0.522,-1,400.000,-1,400.000,-1,325.000,325.000,300.000,300.000,-1,-1,-1,-1,825.000,750.000,-1,-1,2,0,2,0,2,0,0,0,0,2,2,2,2,0,0,2,2
69,10281.981,8746.714,-192.785,61.646,0.475251,-0.879544,0.023203,0.879760,0.474659,-0.026853,0.012605,0.033175,0.999370,0,0.81483,0.26149,48.890,0.523,-1,400.000,-1,400.000,-1,325.000,325.000,300.000,300.000,-1,-1,-1,-1,825.000,775.000,-1,-1,2,0,2,0,2,0,0,0,0,2,2,2,2,0,0,2,2
70,10304.761,8789.863,-192.136,62.169,0.467190,-0.883856,0.023087,0.884069,0.466615,-0.026310,0.012482,0.032702,0.999387,0,0.81322,0.26158,48.793,0.523,-1,400.000,-1,400.000,-1,325.000,325.000,300.000,300.000,-1,-1,-1,-1,825.000,750.000,-1,-1,2,0,2,0,2,0,0,0,0,2,2,2,2,0,1,2,2
71,10325.296,8830.046,-191.531,62.932,0.455368,-0.890007,0.022973,0.890215,0.454809,-0.025793,0.012508,0.032196,0.999403,0,0.75210,0.38158,45.126,0.763,-1,400.000,-1,400.000,-1,325.000,325.000,300.000,300.000,-1,-1,-1,-1,825.000,725.000,-1,1000.000,2,0,2,0,2,0,0,0,0,2,2,2,2,0,1,2,1
72,10345.095,8870.523,-190.917,63.935,0.439710,-0.897849,0.022853,0.898051,0.439165,-0.025271,0.012653,0.031635,0.999419,0,0.75100,0.50158,45.060,1.003,-1,400.000,-1,400.000,-1,325.000,325.000,300.000,300.000,-1,-1,-1,-1,825.000,700.000,-1,925.000,2,0,2,0,2,0,0,0,0,2,2,2,2,0,1,2,1
73,10364.043,8911.354,-190.286,65.106,0.421267,-0.906652,0.022731,0.906845,0.420736,-0.024751,0.012877,0.031041,0.999435,0,0.75023,0.58539,45.014,1.171,-1,400.000,-1,400.000,-1,325.000,325.000,300.000,300.000,-1,-1,-1,-1,825.000,675.000,-1,875.000,2,0,2,0,2,0,0,0,0,2,2,2,2,0,1,2,1
74,10382.141,8952.535,-189.637,66.276,0.402658,-0.915071,0.022623,0.915257,0.402140,-0.024247,0.013090,0.030469,0.999450,0,0.74969,0.58508,44.981,1.170,-1,400.000,-1,400.000,925.000,325.000,325.000,300.000,300.000,-1,-1,-1,-1,850.000,650.000,-1,825.000,2,0,2,0,1,0,0,0,0,2,2,2,2,0,1,2,1
75,10399.382,8994.046,-188.967,67.446,0.383892,-0.923103,0.022526,0.923282,0.383387,-0.023757,0.013294,0.029918,0.999464,0,0.74916,0.58472,44.950,1.169,-1,400.000,-1,400.000,850.000,325.000,325.000,300.000,300.000,-1,-1,-1,-1,850.000,625.000,-1,775.000,2,0,2,1,1,0,0,0,0,2,2,2,2,0,1,2,1
76,10417.705,9040.268,-188.204,68.375,0.368860,-0.929213,0.022476,0.929390,0.368368,-0.023244,0.013319,0.029463,0.999477,0,0.82869,0.46472,49.721,0.929,-1,400.000,-1,400.000,775.000,325.000,325.000,300.000,300.000,-1,-1,-1,-1,825.000,625.000,-1,700.000,2,0,2,1,1,0,0,0,0,2,2,2,2,1,1,2,1
77,10435.389,9087.050,-187.475,69.294,0.353908,-0.935017,0.022175,0.935183,0.353429,-0.022824,0.013504,0.028815,0.999494,0,0.83355,0.45933,50.013,0.919,-1,400.000,-1,400.000,700.000,325.000,325.000,300.000,300.000,-1,-1,-1,-1,825.000,600.000,-1,650.000,2,0,2,1,1,0,0,0,0,2,2,2,2,1,1,2,1
78,10452.422,9134.367,-186.851,70.203,0.339015,-0.940535,0.021496,0.940685,0.338566,-0.022018,0.013431,0.027686,0.999526,0,0.83816,0.45437,50.290,0.909,-1,400.000,-1,400.000,625.000,325.000,325.000,300.000,300.000,-1,-1,-1,-1,800.000,575.000,-1,625.000,2,0,2,1,1,0,0,0,0,2,2,2,2,1,1,2,1
79,10470.475,9186.415,-186.287,70.871,0.327979,-0.944465,0.020414,0.944599,0.327580,-0.020581,0.012750,0.026033,0.999580,0,0.91816,0.33437,55.090,0.669,-1,400.000,-1,375.000,575.000,325.000,325.000,300.000,300.000,-1,-1,-1,-1,775.000,550.000,-1,575.000,2,0,2,1,1,0,0,0,0,2,2,2,2,1,1,2,1
80,10489.081,9241.381,-185.695,71.300,0.320866,-0.946928,0.019306,0.947050,0.320517,-0.019123,0.011920,0.024420,0.999631,0,0.96717,0.21437,58.030,0.429,-1,400.000,-1,375.000,500.000,325.000,325.000,300.000,300.000,-1,-1,-1,-1,750.000,525.000,-1,500.000,2,0,2,1,1,0,0,0,0,2,2,2,2,1,1,2,1
81,10507.594,9296.673,-185.196,71.489,0.317719,-0.948005,0.018457,0.948118,0.317405,-0.018036,0.011240,0.023230,0.999667,0,0.97182,0.09437,58.309,0.189,-1,400.000,-1,375.000,450.000,325.000,325.000,300.000,300.000,-1,-1,-1,-1,725.000,500.000,-1,450.000,2,0,2,1,1,0,0,0,0,2,2,2,2,1,1,2,1
82,10526.243,9352.205,-184.485,71.437,0.318543,-0.947761,0.016728,0.947844,0.318267,-0.017263,0.011037,0.021354,0.999711,0,0.97632,-0.02563,58.579,-0.051,-1,400.000,-1,350.000,400.000,325.000,325.000,300.000,300.000,-1,-1,-1,-1,700.000,475.000,-1,425.000,2,0,2,1,1,0,0,0,0,2,2,2,2,1,1,2,1
83,10545.251,9407.893,-183.316,71.154,0.323200,-0.946234,0.013557,0.946259,0.322965,-0.016984,0.011692,0.018317,0.999764,0,0.98071,-0.14153,58.842,-0.283,-1,425.000,-1,350.000,350.000,350.000,350.000,300.000,300.000,-1,-1,-1,-1,675.000,450.000,-1,375.000,2,0,2,1,1,0,1,0,0,2,2,2,2,1,1,2,1
84,10564.630,9463.725,-181.750,70.859,0.328042,-0.944625,0.008542,0.944566,0.327865,-0.017333,0.013572,0.013754,0.999813,0,0.98501,-0.14775,59.100,-0.296,-1,425.000,-1,325.000,325.000,350.000,325.000,300.000,325.000,-1,-1,-1,-1,650.000,425.000,-1,325.000,2,1,2,1,1,0,1,0,0,2,2,2,2,1,1,2,1
85,10584.389,9519.675,-179.775,70.550,0.333058,-0.942905,0.001614,0.942758,0.332975,-0.018298,0.016716,0.007616,0.999831,0,0.98894,-0.15446,59.336,-0.309,-1,400.000,-1,325.000,275.000,350.000,325.000,300.000,325.000,-1,-1,-1,-1,625.000,425.000,-1,300.000,2,1,2,1,1,0,1,0,0,2,2,2,2,1,1,2,1
86,10604.534,9575.710,-177.379,70.227,0.338223,-0.941038,-0.007298,0.940828,0.338302,-0.019864,0.021161,-0.000148,0.999776,0,0.99243,-0.16171,59.546,-0.323,-1,400.000,-1,300.000,250.000,350.000,325.000,275.000,350.000,-1,-1,-1,-1,625.000,400.000,-1,275.000,2,1,2,1,1,1,1,0,0,2,2,2,2,1,1,2,1
87,10625.072,9631.792,-174.551,69.887,0.343498,-0.938976,-0.018266,0.938767,0.343850,-0.022008,0.026946,-0.009588,0.999591,0,0.99540,-0.16956,59.724,-0.339,-1,400.000,-1,300.000,225.000,350.000,300.000,275.000,375.000,-1,825.000,-1,-1,600.000,375.000,-1,250.000,2,1,2,1,1,1,1,0,0,2,0,2,2,1,1,2,1
88,10646.006,9687.879,-171.280,69.531,0.348830,-0.936661,-0.031361,0.936565,0.349621,-0.024703,0.034102,-0.020755,0.999203,0,0.99776,-0.17810,59.866,-0.356,-1,375.000,-1,275.000,200.000,350.000,300.000,275.000,425.000,975.000,350.000,725.000,-1,575.000,375.000,-1,225.000,2,1,2,1,1,1,1,0,0,1,0,0,2,1,1,2,1
89,10667.340,9743.921,-167.702,69.156,0.354102,-0.934006,-0.047375,0.934212,0.355608,-0.028137,0.043127,-0.034295,0.998481,0,0.99940,-0.18738,59.964,-0.375,-1,375.000,-1,275.000,200.000,325.000,275.000,275.000,400.000,800.000,200.000,475.000,-1,575.000,375.000,-1,200.000,2,1,2,1,1,1,1,0,1,0,0,0,2,1,1,2,1
90,10689.072,9799.848,-162.932,68.761,0.359192,-0.931068,-0.063986,0.931531,0.361857,-0.036191,0.056850,-0.046605,0.997294,0,1.00000,-0.19749,60.000,-0.395,-1,375.000,-1,275.000,175.000,325.000,275.000,275.000,375.000,625.000,100.000,325.000,-1,575.000,375.000,-1,200.000,2,1,2,1,1,1,1,0,1,0,0,0,2,1,1,2,1
91,10711.211,9855.615,-156.921,68.344,0.364007,-0.927878,-0.080879,0.928414,0.368414,-0.048145,0.074470,-0.057564,0.995560,0,0.99996,-0.20851,59.997,-0.417,-1,375.000,-1,275.000,175.000,325.000,275.000,275.000,375.000,500.000,75.000,225.000,-1,575.000,425.000,-1,175.000,2,1,2,1,1,1,1,0,1,0,0,0,2,1,1,2,1
92,10733.747,9911.134,-150.218,67.903,0.368416,-0.924311,-0.099599,0.924884,0.375260,-0.061393,0.094122,-0.069499,0.993132,0,0.99857,-0.22054,59.914,-0.441,-1,400.000,-1,300.000,150.000,325.000,300.000,275.000,350.000,425.000,50.000,175.000,-1,600.000,475.000,-1,175.000,2,1,2,1,1,1,1,0,1,0,0,0,2,1,1,2,1
93,10756.974,9966.462,-142.721,67.222,0.375798,-0.918877,-0.120174,0.919535,0.385839,-0.074720,0.115026,-0.082424,0.989937,0,1.00000,-0.34054,60.000,-0.681,-1,400.000,-1,325.000,175.000,325.000,300.000,275.000,350.000,350.000,50.000,150.000,-1,-1,675.000,-1,275.000,2,1,2,1,1,1,1,1,1,0,0,0,2,2,1,2,1
94,-1639.853,-2295.705,18.609,27.224,0.889665,-0.455787,0.027446,0.450497,0.885966,0.110076,-0.074487,-0.085567,0.993544,1,0.00000,0.00000,60.000,-0.921,250.000,275.000,-1,375.000,-1,250.000,300.000,225.000,600.000,-1,75.000,0.000,300.000,450.000,650.000,275.000,-1,0,0,2,0,2,0,0,0,0,2,1,1,1,0,0,0,2
95,-4919.226,3602.835,148.811,93.192,-0.055586,-0.998344,0.014800,0.998434,-0.055673,-0.005484,0.006299,0.014472,0.999875,1,-0.08000,0.12000,-4.800,0.240,-1,400.000,-1,400.000,-1,325.000,325.000,300.000,300.000,-1,-1,-1,-1,775.000,775.000,-1,-1,2,0,2,0,2,0,0,0,0,2,2,2,2,0,0,2,2
96,-4918.621,3593.408,148.754,93.672,-0.063947,-0.997844,0.014782,0.997932,-0.064034,-0.005524,0.006458,0.014398,0.999875,0,-0.15743,0.24000,-9.446,0.480,-1,400.000,-1,400.000,-1,325.000,325.000,300.000,300.000,-1,-1,-1,-1,775.000,775.000,-1,-1,2,0,2,0,2,0,0,0,0,2,2,2,2,0,0,2,2
97,-4917.896,3583.974,148.697,94.392,-0.076479,-0.996962,0.014775,0.997049,-0.076568,-0.005561,0.006676,0.014306,0.999875,0,-0.15770,0.36000,-9.462,0.720,-1,400.000,-1,400.000,-1,325.000,325.000,300.000,300.000,-1,-1,-1,-1,775.000,775.000,-1,-1,2,0,2,0,2,0,0,0,0,2,2,2,2,0,0,2,2
98,-4917.015,3574.563,148.640,95.352,-0.093170,-0.995540,0.014784,0.995626,-0.093261,-0.005595,0.006949,0.014198,0.999875,0,-0.15754,0.48000,-9.453,0.960,-1,400.000,-1,400.000,-1,325.000,325.000,300.000,300.000,-1,-1,-1,-1,775.000,775.000,-1,-1,2,0,2,0,2,0,0,0,0,2,2,2,2,0,0,2,2
99,-4915.946,3565.208,148.583,96.519,-0.113436,-0.993435,0.014807,0.993519,-0.113529,-0.005622,0.007266,0.014073,0.999875,0,-0.15692,0.58382,-9.415,1.168,-1,400.000,-1,400.000,-1,325.000,325.000,300.000,300.000,-1,-1,-1,-1,775.000,775.000,-1,-1,2,0,2,0,2,0,0,0,0,2,2,2,2,0,0,2,2
100,-4914.694,3555.941,148.525,97.692,-0.133738,-0.990906,0.014839,0.990988,-0.133834,-0.005642,0.007577,0.013950,0.999874,0,-0.15585,0.58626,-9.351,1.173,-1,400.000,-1,400.000,-1,325.000,325.000,300.000,300.000,-1,-1,-1,-1,775.000,775.000,-1,-1,2,0,2,0,2,0,0,0,0,2,2,2,2,0,0,2,2
101,-4913.264,3546.775,148.467,98.869,-0.154066,-0.987949,0.014879,0.988029,-0.154164,-0.005655,0.007880,0.013829,0.999873,0,-0.15461,0.58860,-9.277,1.177,-1,400.000,-1,400.000,-1,325.000,325.000,325.000,300.000,-1,-1,-1,-1,775.000,775.000,-1,-1,2,0,2,0,2,0,0,0,0,2,2,2,2,0,0,2,2
102,-4911.659,3537.724,148.408,100.051,-0.174406,-0.984561,0.014927,0.984640,-0.174506,-0.005659,0.008177,0.013710,0.999873,0,-0.15321,0.59085,-9.193,1.182,-1,400.000,-1,400.000,-1,325.000,325.000,325.000,300.000,-1,-1,-1,-1,775.000,775.000,-1,-1,2,0,2,0,2,0,0,0,0,2,2,2,2,0,0,2,2
103,-4909.886,3528.798,148.349,101.237,-0.194745,-0.980739,0.014982,0.980817,-0.194847,-0.005655,0.008466,0.013594,0.999872,0,-0.15166,0.59299,-9.100,1.186,-1,400.000,-1,400.000,-1,325.000,325.000,325.000,300.000,-1,-1,-1,-1,775.000,775.000,-1,-1,2,0,2,0,2,0,0,0,0,2,2,2,2,0,0,2,2
104,-4907.950,3520.012,148.290,102.427,-0.215070,-0.976483,0.015045,0.976559,-0.215174,-0.005643,0.008747,0.013479,0.999871,0,-0.14995,0.59503,-8.997,1.190,-1,400.000,-1,400.000,-1,325.000,325.000,325.000,300.000,-1,-1,-1,-1,775.000,775.000,-1,-1,2,0,2,0,2,0,0,0,0,2,2,2,2,0,0,2,2
105,-4906.954,3515.935,148.273,103.733,-0.237264,-0.971328,0.015100,0.971403,-0.237370,-0.005613,0.009036,0.013337,0.999870,0,-0.06995,0.65287,-4.197,1.306,-1,400.000,-1,400.000,-1,325.000,325.000,325.000,300.000,-1,-1,-1,-1,775.000,775.000,-1,-1,2,0,2,0,2,0,0,0,0,2,2,2,2,0,0,2,2
106,-4907.110,3516.517,148.299,105.040,-0.259365,-0.965661,0.015135,0.965734,-0.259472,-0.005575,0.009311,0.013171,0.999870,0,0.01005,0.65373,0.603,1.307,-1,400.000,-1,400.000,-1,325.000,325.000,325.000,300.000,-1,-1,-1,-1,775.000,775.000,-1,-1,2,0,2,0,2,0,0,0,0,2,2,2,2,0,0,2,2
107,-4908.631,3521.701,148.370,106.347,-0.281327,-0.959492,0.015141,0.959564,-0.281435,-0.005535,0.009572,0.012972,0.999870,0,0.09005,0.65361,5.403,1.307,-1,400.000,-1,400.000,-1,325.000,325.000,325.000,300.000,-1,-1,-1,-1,775.000,775.000,-1,-1,2,0,2,0,2,0,0,0,0,2,2,2,2,0,0,2,2
108,-4911.724,3531.424,148.490,107.652,-0.303109,-0.952836,0.015111,0.952905,-0.303219,-0.005502,0.009825,0.012731,0.999871,0,0.17005,0.65259,10.203,1.305,-1,400.000,-1,400.000,-1,325.000,325.000,325.000,300.000,-1,-1,-1,-1,775.000,775.000,-1,-1,2,0,2,0,2,0,0,0,0,2,2,2,2,0,0,2,2
109,-4916.597,3545.613,148.661,108.954,-0.324674,-0.945707,0.015038,0.945773,-0.324783,-0.005483,0.010069,0.012442,0.999872,0,0.25005,0.65074,15.003,1.301,-1,400.000,-1,400.000,-1,325.000,325.000,325.000,300.000,-1,-1,-1,-1,775.000,775.000,-1,-1,2,0,2,0,2,0,0,0,0,2,2,2,2,0,0,2,2
110,-4923.452,3564.192,148.887,110.250,-0.345985,-0.938121,0.014918,0.938183,-0.346095,-0.005485,0.010308,0.012098,0.999874,0,0.33005,0.64812,19.803,1.296,-1,400.000,-1,400.000,-1,325.000,325.000,325.000,300.000,-1,-1,-1,-1,775.000,775.000,-1,-1,2,0,2,0,2,0,0,0,0,2,2,2,2,0,0,2,2
111,-4932.484,3587.076,149.170,111.540,-0.367011,-0.930100,0.014747,0.930157,-0.367121,-0.005516,0.010544,0.011693,0.999876,0,0.41005,0.64475,24.603,1.290,-1,400.000,-1,400.000,-1,325.000,325.000,325.000,300.000,-1,-1,-1,-1,775.000,775.000,-1,-1,2,0,2,0,2,0,0,0,0,2,2,2,2,0,0,2,2
112,-4943.888,3614.177,149.515,112.821,-0.387721,-0.921662,0.014524,0.921714,-0.387830,-0.005584,0.010779,0.011222,0.999879,0,0.49005,0.64069,29.403,1.281,-1,400.000,-1,400.000,-1,325.000,325.000,325.000,325.000,-1,-1,-1,-1,775.000,775.000,-1,-1,2,0,2,0,2,0,0,0,0,2,2,2,2,0,0,2,2
113,-4957.857,3645.053,149.928,114.342,-0.412057,-0.911046,0.014252,0.911091,-0.412166,-0.005693,0.011061,0.010639,0.999882,0,0.56480,0.76069,33.888,1.521,-1,400.000,-1,400.000,-1,325.000,325.000,325.000,325.000,-1,-1,-1,-1,775.000,775.000,-1,-1,2,0,2,0,2,0,0,0,0,2,2,2,2,0,0,2,2
114,-4972.831,3675.614,150.364,116.104,-0.439869,-0.897954,0.013964,0.897990,-0.439977,-0.005839,0.011387,0.009971,0.999885,0,0.56721,0.88069,34.032,1.761,-1,400.000,-1,400.000,-1,325.000,325.000,325.000,325.000,-1,-1,-1,-1,775.000,775.000,-1,-1,2,0,2,0,2,0,0,0,0,2,2,2,2,0,0,2,2
115,-4988.938,3705.776,150.805,118.103,-0.470932,-0.882063,0.013703,0.882092,-0.471040,-0.005932,0.011687,0.009293,0.999889,0,0.56989,0.99966,34.193,1.999,-1,400.000,-1,400.000,-1,325.000,325.000,325.000,325.000,-1,-1,-1,-1,775.000,775.000,-1,-1,2,0,2,0,2,0,0,0,0,2,2,2,2,0,0,2,2
116,-5006.170,3735.512,151.181,120.093,-0.501273,-0.865183,0.013563,0.865210,-0.501378,-0.005698,0.011730,0.008879,0.999892,0,0.57280,0.99469,34.368,1.989,-1,400.000,-1,400.000,-1,325.000,325.000,325.000,325.000,-1,-1,-1,-1,775.000,775.000,-1,-1,2,0,2,0,2,0,0,0,0,2,2,2,2,0,0,2,2
117,-5025.516,3766.394,151.588,122.065,-0.530760,-0.847416,0.013425,0.847440,-0.530862,-0.005516,0.011801,0.008449,0.999895,0,0.60734,0.98625,36.441,1.972,-1,400.000,-1,400.000,-1,325.000,325.000,325.000,300.000,-1,-1,-1,-1,775.000,775.000,-1,-1,2,0,2,0,2,0,0,0,0,2,2,2,2,0,0,2,2
118,-5046.015,3796.745,151.998,124.035,-0.559581,-0.828669,0.013336,0.828690,-0.559682,-0.005386,0.011927,0.008037,0.999897,0,0.61043,0.98502,36.626,1.970,1000.000,400.000,-1,400.000,-1,325.000,325.000,325.000,300.000,-1,-1,-1,-1,775.000,775.000,-1,-1,1,0,2,0,2,0,0,0,0,2,2,2,2,0,0,2,2
119,-5067.653,3826.525,152.430,126.003,-0.587710,-0.808964,0.013208,0.808982,-0.587810,-0.005297,0.012049,0.007572,0.999899,0,0.61352,0.98394,36.811,1.968,975.000,400.000,-1,400.000,-1,325.000,325.000,300.000,300.000,-1,-1,-1,-1,775.000,775.000,-1,-1,1,0,2,0,2,0,0,0,0,2,2,2,2,0,0,2,2
120,-5090.415,3855.692,152.885,127.969,-0.615121,-0.788325,0.013045,0.788339,-0.615219,-0.005251,0.012165,0.007053,0.999901,0,0.61662,0.98301,36.997,1.966,925.000,400.000,-1,400.000,-1,325.000,325.000,300.000,300.000,-1,-1,-1,-1,775.000,775.000,-1,-1,1,0,2,0,2,0,0,0,0,2,2,2,2,0,0,2,2
121,-5114.284,3884.205,153.325,129.933,-0.641788,-0.766774,0.012886,0.766786,-0.641883,-0.005077,0.012164,0.006622,0.999904,0,0.61975,0.98223,37.185,1.964,900.000,400.000,-1,400.000,-1,325.000,325.000,300.000,300.000,-1,-1,-1,-1,775.000,775.000,1000.000,-1,1,0,2,0,2,0,0,0,0,2,2,2,2,0,0,1,2
122,-5139.242,3912.024,153.785,131.897,-0.667684,-0.744337,0.012688,0.744346,-0.667776,-0.004938,0.012149,0.006147,0.999907,0,0.62291,0.98160,37.374,1.963,850.000,400.000,-1,400.000,-1,325.000,325.000,300.000,300.000,-1,-1,-1,-1,775.000,775.000,950.000,-1,1,0,2,0,2,0,0,0,0,2,2,2,2,0,0,1,2
123,-5165.271,3939.111,154.251,133.859,-0.692785,-0.721038,0.012382,0.721043,-0.692873,-0.004849,0.012076,0.005568,0.999912,0,0.62609,0.98110,37.566,1.962,825.000,400.000,-1,400.000,-1,325.000,325.000,300.000,300.000,-1,-1,-1,-1,775.000,775.000,900.000,-1,1,0,2,0,2,0,0,0,0,2,2,2,2,0,0,1,2
124,-5193.017,3966.115,154.723,135.776,-0.716529,-0.697456,0.011896,0.697456,-0.716611,-0.004831,0.011894,0.004836,0.999918,0,0.64530,0.95863,38.718,1.917,775.000,400.000,-1,400.000,-1,325.000,325.000,300.000,300.000,-1,-1,-1,-1,775.000,750.000,850.000,-1,1,0,2,0,2,0,0,0,0,2,2,2,2,0,0,1,2
125,-5221.875,3992.381,155.217,137.692,-0.739452,-0.673113,0.011381,0.673108,-0.739528,-0.004874,0.011697,0.004057,0.999923,0,0.65036,0.95784,39.021,1.916,750.000,400.000,-1,400.000,-1,325.000,325.000,300.000,300.000,-1,-1,-1,-1,775.000,750.000,825.000,-1,1,0,2,0,2,0,0,0,0,2,2,2,2,0,0,1,2
126,-5251.829,4017.869,155.731,139.606,-0.761530,-0.648038,0.010842,0.648027,-0.761601,-0.004979,0.011484,0.003234,0.999929,0,0.65551,0.95706,39.331,1.914,700.000,400.000,-1,400.000,-1,325.000,325.000,300.000,300.000,-1,-1,-1,-1,750.000,750.000,775.000,-1,1,0,2,0,2,0,0,0,0,2,2,2,2,1,0,1,2
127,-5282.864,4042.540,156.247,141.518,-0.782742,-0.622262,0.010281,0.622244,-0.782806,-0.005242,0.011310,0.002294,0.999933,0,0.66076,0.95626,39.646,1.913,675.000,400.000,-1,400.000,-1,325.000,325.000,300.000,300.000,-1,-1,-1,-1,725.000,750.000,725.000,-1,1,0,2,0,2,0,0,0,0,2,2,2,2,1,0,1,2
128,-5314.962,4066.352,156.782,143.429,-0.803064,-0.595814,0.009709,0.595789,-0.803122,-0.005579,0.011122,0.001304,0.999937,0,0.66612,0.95545,39.967,1.911,625.000,400.000,1000.000,400.000,-1,325.000,325.000,300.000,300.000,-1,-1,-1,-1,675.000,750.000,675.000,-1,1,0,1,0,2,0,0,0,0,2,2,2,2,1,0,1,2
129,-5348.105,4089.269,157.242,145.339,-0.822471,-0.568726,0.009548,0.568697,-0.822527,-0.005854,0.011183,0.000615,0.999937,0,0.67157,0.95462,40.294,1.909,600.000,400.000,925.000,400.000,-1,325.000,325.000,300.000,300.000,-1,-1,-1,-1,650.000,750.000,650.000,-1,1,0,1,0,2,0,0,0,0,2,2,2,2,1,0,1,2
130,-5382.273,4111.250,157.695,147.246,-0.840948,-0.541033,0.009493,0.540998,-0.841002,-0.006125,0.011297,-0.000015,0.999936,0,0.67713,0.95375,40.628,1.908,575.000,400.000,850.000,400.000,-1,325.000,325.000,300.000,300.000,-1,-1,-1,-1,600.000,750.000,600.000,-1,1,0,1,0,2,0,0,0,0,2,2,2,2,1,0,1,2
131,-5417.445,4132.257,158.167,149.152,-0.858477,-0.512766,0.009418,0.512726,-0.858528,-0.006428,0.011382,-0.000689,0.999935,0,0.68279,0.95285,40.967,1.906,550.000,400.000,800.000,400.000,-1,325.000,325.000,300.000,300.000,-1,-1,-1,-1,575.000,750.000,550.000,-1,1,0,1,0,2,0,0,0,0,2,2,2,2,1,0,1,2
132,-5453.598,4152.251,158.608,151.056,-0.875040,-0.483961,0.009287,0.483918,-0.875089,-0.006536,0.011290,-0.001225,0.999936,0,0.68856,0.95190,41.313,1.904,500.000,400.000,750.000,400.000,-1,325.000,325.000,300.000,300.000,-1,-1,-1,-1,525.000,750.000,525.000,-1,1,0,1,0,2,0,0,0,0,2,2,2,2,1,0,1,2
133,-5490.708,4171.194,159.062,152.957,-0.890622,-0.454653,0.009120,0.454607,-0.890667,-0.006658,0.011150,-0.001784,0.999936,0,0.69443,0.95090,41.666,1.902,475.000,400.000,675.000,400.000,-1,325.000,325.000,300.000,300.000,-1,-1,-1,-1,500.000,750.000,475.000,950.000,1,0,1,0,2,0,0,0,0,2,2,2,2,1,1,1,1
134,-5528.750,4189.049,159.516,154.857,-0.905206,-0.424877,0.008986,0.424829,-0.905248,-0.006788,0.011019,-0.002327,0.999937,0,0.70040,0.94983,42.024,1.900,450.000,400.000,625.000,400.000,-1,325.000,325.000,300.000,300.000,-1,-1,-1,-1,475.000,675.000,450.000,850.000,1,0,1,0,2,0,0,0,0,2,2,2,2,1,1,1,1
135,-5567.697,4205.779,159.958,156.754,-0.918779,-0.394671,0.008935,0.394621,-0.918818,-0.006894,0.010930,-0.002809,0.999936,0,0.70647,0.94869,42.388,1.897,400.000,375.000,575.000,400.000,-1,325.000,325.000,300.000,300.000,-1,-1,-1,-1,425.000,600.000,400.000,750.000,1,1,1,0,2,0,0,0,0,2,2,2,2,1,1,1,1
