timestep,x_cm,y_cm,z_cm,yaw_deg,basis_xx,basis_xy,basis_xz,basis_yx,basis_yy,basis_yz,basis_zx,basis_zy,basis_zz,teleport_flag,throttle_cmd,steering_cmd,cmd_move_cm,cmd_turn_deg,lidar_cm_0,lidar_cm_1,lidar_cm_2,lidar_cm_3,lidar_cm_4,lidar_cm_5,lidar_cm_6,lidar_cm_7,lidar_cm_8,lidar_cm_9,lidar_cm_10,lidar_cm_11,lidar_cm_12,lidar_cm_13,lidar_cm_14,lidar_cm_15,lidar_cm_16,lidar_class_0,lidar_class_1,lidar_class_2,lidar_class_3,lidar_class_4,lidar_class_5,lidar_class_6,lidar_class_7,lidar_class_8,lidar_class_9,lidar_class_10,lidar_class_11,lidar_class_12,lidar_class_13,lidar_class_14,lidar_class_15,lidar_class_16
0,-332.321,-9513.035,289.225,-155.136,-0.907310,0.420461,-0.001151,-0.420462,-0.907308,0.001922,-0.000236,0.002228,0.999997,1,0.08000,-0.12000,4.800,-0.240,675.000,475.000,-1,500.000,-1,375.000,375.000,300.000,200.000,-1,-1,-1,-1,825.000,-1,-1,-1,1,0,2,0,2,0,0,0,1,2,2,2,2,1,2,2,2
1,-341.065,-9516.998,289.084,-155.616,-0.910800,0.412846,-0.001310,-0.412847,-0.910800,0.000934,-0.000808,0.001392,0.999999,0,0.16000,-0.24000,9.600,-0.480,675.000,475.000,-1,500.000,-1,375.000,375.000,300.000,200.000,-1,-1,-1,-1,825.000,-1,-1,-1,1,0,2,0,2,0,0,0,1,2,2,2,2,1,2,2,2
2,-354.254,-9522.778,288.877,-156.336,-0.915915,0.401368,-0.001551,-0.401368,-0.915917,-0.000549,-0.001641,0.000119,0.999999,0,0.24000,-0.36000,14.400,-0.720,675.000,475.000,-1,500.000,-1,375.000,375.000,300.000,200.000,-1,-1,-1,-1,825.000,-1,-1,-1,1,0,2,0,2,0,0,0,1,2,2,2,2,1,2,2,2
3,-371.966,-9530.189,288.613,-157.296,-0.922511,0.385966,-0.001870,-0.385961,-0.922512,-0.002533,-0.002702,-0.001615,0.999995,0,0.32000,-0.48000,19.200,-0.960,650.000,475.000,-1,500.000,-1,375.000,375.000,300.000,200.000,-1,-1,-1,-1,850.000,-1,-1,-1,1,0,2,0,2,0,0,0,1,2,2,2,2,1,2,2,2
4,-394.296,-9538.986,288.305,-158.496,-0.930392,0.366559,-0.002255,-0.366545,-0.930387,-0.005031,-0.003943,-0.003854,0.999985,0,0.40000,-0.60000,24.000,-1.200,650.000,475.000,-1,500.000,-1,375.000,375.000,300.000,175.000,-1,-1,-1,-1,875.000,-1,-1,-1,1,0,2,0,2,0,0,0,1,2,2,2,2,1,2,2,2
5,-421.348,-9548.867,287.975,-159.936,-0.939311,0.343058,-0.002676,-0.343027,-0.939291,-0.008078,-0.005285,-0.006669,0.999964,0,0.48000,-0.72000,28.800,-1.440,650.000,475.000,-1,500.000,-1,375.000,375.000,275.000,175.000,-1,-1,-1,-1,875.000,-1,-1,-1,1,0,2,0,2,0,0,0,1,2,2,2,2,1,2,2,2
6,-453.233,-9559.464,287.654,-161.616,-0.948966,0.315363,-0.003072,-0.315309,-0.948916,-0.011737,-0.006617,-0.010169,0.999926,0,0.56000,-0.84000,33.600,-1.680,675.000,475.000,-1,500.000,-1,375.000,400.000,275.000,175.000,-1,-1,-1,-1,925.000,-1,-1,-1,1,0,2,0,2,0,0,0,1,2,2,2,2,1,2,2,2
7,-490.046,-9570.391,287.348,-163.469,-0.958669,0.284501,-0.003497,-0.284413,-0.958569,-0.015968,-0.007895,-0.014313,0.999866,0,0.64000,-0.92649,38.400,-1.853,800.000,475.000,-1,500.000,-1,375.000,400.000,275.000,175.000,-1,-1,-1,-1,950.000,-1,-1,-1,1,0,2,0,2,0,0,0,1,2,2,2,2,1,2,2,2
8,-531.838,-9581.330,286.998,-165.333,-0.967416,0.253157,-0.004194,-0.253023,-0.967243,-0.020494,-0.009245,-0.018765,0.999781,0,0.72000,-0.93187,43.200,-1.864,-1,475.000,-1,500.000,-1,375.000,400.000,275.000,175.000,-1,-1,-1,-1,975.000,-1,-1,-1,2,0,2,0,2,0,0,0,1,2,2,2,2,1,2,2,2
9,-578.646,-9591.959,286.636,-167.208,-0.975183,0.221344,-0.005060,-0.221150,-0.974909,-0.025385,-0.010552,-0.023636,0.999665,0,0.80000,-0.93771,48.000,-1.875,-1,475.000,-1,525.000,-1,375.000,400.000,275.000,175.000,-1,-1,-1,-1,975.000,-1,-1,-1,2,0,2,0,2,0,0,0,1,2,2,2,2,0,2,2,2
10,-630.493,-9601.950,286.889,-169.096,-0.981918,0.189070,-0.009510,-0.188658,-0.981468,-0.033598,-0.015686,-0.031196,0.999390,0,0.88000,-0.94386,52.800,-1.888,-1,475.000,-1,525.000,-1,375.000,400.000,275.000,175.000,-1,-1,-1,-1,925.000,-1,-1,-1,2,0,2,1,2,0,0,0,1,2,2,2,2,0,2,2,2
11,-687.383,-9610.967,285.972,-170.996,-0.987515,0.156403,-0.018785,-0.155605,-0.987076,-0.038307,-0.024533,-0.034906,0.999089,0,0.96000,-0.95010,57.600,-1.900,-1,450.000,-1,500.000,-1,375.000,400.000,275.000,150.000,-1,-1,-1,-1,875.000,-1,-1,-1,2,0,2,1,2,0,0,0,1,2,2,2,2,0,2,2,2
12,-745.212,-9618.164,284.214,-172.909,-0.992047,0.123350,-0.025043,-0.122178,-0.991535,-0.043931,-0.030250,-0.040522,0.998721,0,0.97123,-0.95617,58.274,-1.912,-1,425.000,-1,500.000,-1,375.000,375.000,275.000,150.000,-1,-1,-1,-1,825.000,1000.000,-1,-1,2,0,2,1,2,0,0,0,1,2,2,2,2,0,0,2,2
13,-802.370,-9623.338,282.309,-174.832,-0.995471,0.089992,-0.030654,-0.088452,-0.994906,-0.048356,-0.034849,-0.045426,0.998360,0,0.95652,-0.96144,57.391,-1.923,-1,425.000,-1,475.000,-1,350.000,375.000,275.000,150.000,-1,-1,-1,-1,800.000,975.000,-1,-1,2,0,2,1,2,0,0,0,1,2,2,2,2,0,0,2,2
14,-858.755,-9626.530,280.255,-176.763,-0.997766,0.056397,-0.035800,-0.054510,-0.997176,-0.051667,-0.038613,-0.049600,0.998022,0,0.94122,-0.96574,56.473,-1.931,-1,425.000,-1,500.000,-1,350.000,375.000,275.000,125.000,-1,-1,-1,-1,775.000,975.000,-1,-1,2,0,2,1,2,0,0,0,1,2,2,2,2,0,0,2,2
15,-914.275,-9627.792,278.057,-178.701,-0.998917,0.022636,-0.040653,-0.020428,-0.998336,-0.053931,-0.041806,-0.053043,0.997717,0,0.92557,-0.96908,55.534,-1.938,-1,425.000,-1,475.000,-1,350.000,375.000,275.000,125.000,-1,-1,-1,-1,750.000,950.000,-1,-1,2,0,2,0,2,0,0,0,1,2,2,2,2,0,0,2,2
16,-968.860,-9627.181,275.720,-180.644,-0.998907,-0.011224,-0.045369,0.013726,-0.998381,-0.055202,-0.044676,-0.055764,0.997444,0,0.90978,-0.97150,54.587,-1.943,-1,400.000,-1,475.000,-1,350.000,375.000,275.000,125.000,-1,-1,-1,-1,725.000,925.000,-1,-1,2,0,2,0,2,0,0,0,1,2,2,2,2,0,0,2,2
17,-1022.452,-9624.758,273.249,-182.590,-0.997725,-0.045116,-0.050087,0.047884,-0.997309,-0.055515,-0.047448,-0.057787,0.997201,0,0.89409,-0.97302,53.646,-1.946,-1,400.000,-1,475.000,-1,350.000,375.000,275.000,125.000,-1,-1,-1,-1,700.000,900.000,-1,-1,2,0,2,0,2,0,0,0,1,2,2,2,2,0,0,2,2
18,-1075.010,-9620.589,270.656,-184.538,-0.995362,-0.078974,-0.054930,0.081985,-0.995121,-0.054896,-0.050327,-0.059145,0.996980,0,0.87871,-0.97370,52.722,-1.947,-1,400.000,-1,450.000,-1,325.000,350.000,275.000,125.000,-1,-1,-1,-1,675.000,875.000,-1,-1,2,0,2,0,2,0,0,0,1,2,2,2,2,0,0,2,2
19,-1126.508,-9614.736,267.952,-186.485,-0.991812,-0.112736,-0.060003,0.115965,-0.991819,-0.053359,-0.053497,-0.059880,0.996771,0,0.86380,-0.97359,51.828,-1.947,975.000,375.000,-1,450.000,-1,325.000,350.000,275.000,150.000,775.000,-1,-1,-1,650.000,850.000,-1,-1,0,0,2,0,2,0,0,0,1,1,2,2,2,0,0,2,2
20,-1176.930,-9607.264,265.150,-188.430,-0.987070,-0.146340,-0.065396,0.149764,-0.987410,-0.050908,-0.057122,-0.060044,0.996560,0,0.84952,-0.97274,50.971,-1.945,875.000,375.000,-1,450.000,-1,325.000,350.000,275.000,150.000,725.000,-1,-1,-1,625.000,825.000,1000.000,-1,0,0,2,0,2,0,0,0,1,1,2,2,2,0,0,0,2
21,-1226.139,-9598.467,262.329,-190.136,-0.981843,-0.175666,-0.071593,0.179289,-0.982638,-0.047735,-0.061964,-0.059704,0.996291,0,0.83312,-0.85274,49.987,-1.705,775.000,350.000,-1,425.000,-1,300.000,325.000,275.000,150.000,675.000,-1,-1,-1,600.000,775.000,875.000,-1,0,0,2,0,2,0,0,0,1,1,2,2,2,0,0,0,2
22,-1274.263,-9588.588,259.575,-191.601,-0.976488,-0.200750,-0.078557,0.204557,-0.977875,-0.043786,-0.068028,-0.058826,0.995948,0,0.81876,-0.73274,49.126,-1.465,675.000,350.000,-1,400.000,-1,300.000,325.000,275.000,175.000,675.000,-1,-1,-1,575.000,725.000,750.000,-1,0,0,2,0,2,0,0,0,1,1,2,2,2,0,0,0,2
23,-1321.283,-9577.881,257.193,-192.827,-0.971385,-0.221648,-0.085339,0.225496,-0.973490,-0.038334,-0.074580,-0.056481,0.995614,0,0.80371,-0.61274,48.222,-1.225,600.000,325.000,-1,400.000,-1,275.000,300.000,275.000,175.000,675.000,-1,-1,-1,550.000,700.000,650.000,-1,0,0,2,0,2,0,0,0,1,1,2,2,2,0,0,0,2
24,-1367.206,-9566.587,254.340,-193.812,-0.966860,-0.238414,-0.091326,0.242062,-0.969764,-0.031033,-0.081166,-0.052111,0.995337,0,0.78816,-0.49274,47.289,-0.985,550.000,325.000,-1,375.000,-1,275.000,300.000,275.000,175.000,700.000,-1,-1,-1,525.000,650.000,575.000,-1,0,0,2,0,2,0,0,0,1,1,2,2,2,0,0,0,2
25,-1412.058,-9554.937,251.807,-194.558,-0.963688,-0.251055,-0.090979,0.254353,-0.966749,-0.026481,-0.081305,-0.048660,0.995501,0,0.77232,-0.37274,46.339,-0.745,550.000,325.000,-1,375.000,-1,275.000,300.000,275.000,175.000,700.000,-1,-1,-1,525.000,625.000,575.000,-1,0,0,2,0,2,0,0,0,1,1,2,2,2,0,0,0,2
26,-1455.882,-9543.142,250.254,-195.063,-0.961611,-0.259575,-0.089027,0.262779,-0.964501,-0.026180,-0.079071,-0.048570,0.995685,0,0.75640,-0.25274,45.384,-0.505,550.000,325.000,-1,375.000,-1,275.000,300.000,275.000,200.000,675.000,-1,-1,-1,525.000,650.000,575.000,-1,0,0,2,0,2,0,0,0,1,1,2,2,2,0,0,0,2
27,-1498.735,-9531.396,248.759,-195.329,-0.960577,-0.264043,-0.087027,0.267164,-0.963295,-0.026202,-0.076915,-0.048420,0.995861,0,0.74057,-0.13274,44.434,-0.265,575.000,325.000,-1,375.000,-1,275.000,300.000,275.000,225.000,675.000,-1,-1,275.000,525.000,650.000,600.000,-1,0,0,2,0,2,0,0,0,1,1,2,2,1,0,0,0,2
28,-1540.681,-9519.877,247.269,-195.354,-0.960657,-0.264476,-0.084795,0.267505,-0.963195,-0.026392,-0.074694,-0.048036,0.996049,0,0.72499,-0.01274,43.500,-0.025,575.000,325.000,-1,375.000,-1,275.000,300.000,275.000,250.000,700.000,-1,-1,275.000,525.000,650.000,600.000,-1,0,0,2,0,2,0,0,0,1,1,2,2,1,0,0,0,2
29,-1581.792,-9508.753,245.741,-195.139,-0.961869,-0.260878,-0.082161,0.263786,-0.964214,-0.026603,-0.072280,-0.047262,0.996264,0,0.70983,0.10726,42.590,0.215,575.000,325.000,-1,375.000,-1,275.000,300.000,275.000,275.000,725.000,-1,-1,275.000,525.000,650.000,625.000,-1,0,0,2,0,2,0,0,0,1,1,2,2,1,0,0,0,2
30,-1622.142,-9498.178,244.133,-194.685,-0.964175,-0.253236,-0.078976,0.255984,-0.966312,-0.026693,-0.069556,-0.045953,0.996519,0,0.69522,0.22726,41.713,0.455,600.000,325.000,-1,375.000,-1,275.000,300.000,275.000,300.000,750.000,-1,-1,300.000,525.000,650.000,625.000,-1,0,0,2,0,2,0,0,0,1,1,2,2,1,0,0,0,2
31,-1661.794,-9488.246,242.386,-194.060,-0.967191,-0.242702,-0.075087,0.245232,-0.969105,-0.026405,-0.066359,-0.043952,0.996827,0,0.68129,0.31250,40.877,0.625,625.000,325.000,-1,375.000,-1,275.000,300.000,275.000,350.000,775.000,-1,-1,300.000,550.000,650.000,675.000,-1,0,0,2,0,2,0,0,0,1,1,2,2,1,0,0,0,2
32,-1700.809,-9478.937,240.446,-193.417,-0.970204,-0.231834,-0.070412,0.234082,-0.971884,-0.025436,-0.062536,-0.041160,0.997194,0,0.66852,0.32165,40.111,0.643,675.000,325.000,-1,375.000,-1,275.000,300.000,275.000,375.000,800.000,-1,-1,300.000,550.000,650.000,700.000,-1,0,0,2,0,2,0,0,0,1,1,2,2,1,0,0,0,2
33,-1739.298,-9470.222,238.320,-192.754,-0.973193,-0.220610,-0.065017,0.222527,-0.974636,-0.023791,-0.058119,-0.037621,0.997601,0,0.65773,0.33130,39.464,0.663,725.000,325.000,-1,375.000,-1,275.000,300.000,275.000,425.000,825.000,-1,-1,300.000,550.000,650.000,775.000,-1,0,0,2,0,2,0,0,0,1,1,2,2,1,0,0,0,2
34,-1777.362,-9462.079,236.016,-192.071,-0.976134,-0.209011,-0.058957,0.210567,-0.977344,-0.021471,-0.053133,-0.033373,0.998030,0,0.64877,0.34141,38.926,0.683,825.000,350.000,-1,375.000,-1,300.000,300.000,275.000,400.000,850.000,-1,-1,325.000,575.000,675.000,850.000,-1,0,0,2,0,2,0,0,0,1,1,2,2,1,0,0,0,2
35,-1815.096,-9454.490,233.539,-191.367,-0.979005,-0.197019,-0.052284,0.198203,-0.979987,-0.018472,-0.047598,-0.028447,0.998461,0,0.64150,0.35195,38.490,0.704,950.000,350.000,-1,375.000,-1,300.000,300.000,300.000,400.000,850.000,-1,-1,325.000,600.000,675.000,1000.000,-1,0,0,2,0,2,0,0,0,1,1,2,2,1,0,0,0,2
36,-1850.097,-9447.745,231.069,-190.903,-0.980897,-0.189103,-0.045619,0.189951,-0.981679,-0.014995,-0.041948,-0.023374,0.998846,0,0.59410,0.23195,35.646,0.464,-1,350.000,-1,375.000,-1,300.000,300.000,300.000,375.000,875.000,-1,-1,325.000,600.000,675.000,-1,-1,2,0,2,0,2,0,0,0,1,1,2,2,1,0,0,2,2
37,-1884.939,-9441.172,228.483,-190.680,-0.981924,-0.185286,-0.038661,0.185833,-0.982519,-0.011030,-0.035941,-0.018015,0.999192,0,0.59095,0.11195,35.457,0.224,-1,350.000,-1,375.000,-1,300.000,300.000,300.000,375.000,900.000,-1,-1,350.000,625.000,675.000,-1,-1,2,0,2,0,2,0,0,0,1,1,2,2,1,0,0,2,2
38,-1919.713,-9434.602,225.926,-190.696,-0.982116,-0.185579,-0.031758,0.185864,-0.982556,-0.006247,-0.030045,-0.012038,0.999476,0,0.58984,-0.00805,35.390,-0.016,-1,350.000,-1,375.000,-1,300.000,300.000,300.000,350.000,900.000,825.000,825.000,350.000,650.000,700.000,-1,-1,2,0,2,0,2,0,0,0,0,1,0,0,1,0,0,2,2
39,-1954.497,-9427.870,223.548,-190.952,-0.981477,-0.189980,-0.024698,0.190047,-0.981775,-0.000354,-0.024181,-0.005041,0.999695,0,0.59050,-0.12805,35.430,-0.256,-1,375.000,-1,375.000,-1,300.000,300.000,300.000,325.000,925.000,550.000,500.000,350.000,675.000,700.000,-1,-1,2,0,2,0,2,0,0,0,0,1,0,0,1,0,0,2,2
40,-1989.352,-9420.811,221.167,-191.448,-0.979951,-0.198476,-0.017394,0.198407,-0.980104,0.005628,-0.018165,0.002064,0.999833,0,0.59271,-0.24805,35.563,-0.496,-1,375.000,-1,375.000,-1,300.000,300.000,300.000,325.000,950.000,375.000,200.000,350.000,700.000,700.000,-1,-1,2,0,2,0,2,0,0,0,0,1,0,1,1,0,0,2,2
41,-2024.335,-9413.319,219.950,-192.087,-0.977728,-0.209398,-0.014190,0.209301,-0.977818,0.008001,-0.015550,0.004853,0.999867,0,0.59627,-0.31967,35.776,-0.639,-1,375.000,-1,375.000,-1,300.000,300.000,325.000,300.000,1000.000,350.000,200.000,375.000,725.000,700.000,-1,-1,2,0,2,0,2,0,0,0,0,1,0,1,1,0,0,2,2
42,-2059.493,-9405.394,219.548,-192.704,-0.975428,-0.219905,-0.013483,0.219816,-0.975510,0.007795,-0.014867,0.004640,0.999879,0,0.60068,-0.30820,36.041,-0.616,-1,375.000,-1,375.000,-1,325.000,300.000,325.000,300.000,-1,375.000,250.000,400.000,725.000,700.000,-1,-1,2,0,2,0,2,0,0,0,0,2,0,1,1,0,0,2,2
43,-2094.840,-9397.040,219.160,-193.297,-0.973109,-0.229992,-0.012743,0.229911,-0.973183,0.007510,-0.014128,0.004378,0.999891,0,0.60533,-0.29654,36.320,-0.593,-1,375.000,-1,375.000,-1,325.000,300.000,325.000,300.000,-1,400.000,275.000,450.000,725.000,700.000,-1,-1,2,0,2,0,2,0,0,0,0,2,0,1,1,0,0,2,2
44,-2130.385,-9388.266,218.772,-193.866,-0.970785,-0.239652,-0.011999,0.239579,-0.970850,0.007204,-0.013376,0.004119,0.999902,0,0.61021,-0.28471,36.612,-0.569,-1,375.000,-1,375.000,-1,325.000,325.000,325.000,300.000,-1,425.000,325.000,475.000,725.000,725.000,-1,-1,2,0,2,0,2,0,0,0,0,2,0,1,1,0,0,2,2
45,-2166.142,-9379.078,218.384,-194.412,-0.968468,-0.248883,-0.011253,0.248818,-0.968526,0.006876,-0.012610,0.003859,0.999913,0,0.61531,-0.27270,36.918,-0.545,-1,375.000,-1,375.000,-1,325.000,325.000,325.000,300.000,-1,450.000,350.000,500.000,750.000,725.000,-1,-1,2,0,2,0,2,0,0,0,0,2,0,1,1,0,0,2,2
46,-2206.382,-9368.346,217.950,-194.933,-0.966172,-0.257686,-0.010417,0.257630,-0.966222,0.006484,-0.011736,0.003581,0.999925,0,0.69412,-0.26069,41.647,-0.521,-1,375.000,-1,375.000,-1,325.000,325.000,325.000,300.000,-1,475.000,400.000,525.000,750.000,725.000,-1,-1,2,0,2,0,2,0,0,0,1,2,0,1,1,0,0,2,2
47,-2246.583,-9357.246,217.521,-195.435,-0.963887,-0.266140,-0.009587,0.266091,-0.963929,0.006067,-0.010856,0.003297,0.999936,0,0.69508,-0.25093,41.705,-0.502,-1,375.000,-1,375.000,-1,325.000,325.000,325.000,300.000,-1,500.000,425.000,575.000,750.000,725.000,-1,-1,2,0,2,0,2,0,0,0,1,2,0,1,1,0,0,2,2
48,-2286.757,-9345.790,217.098,-195.917,-0.961622,-0.274238,-0.008762,0.274196,-0.961657,0.005623,-0.009968,0.003005,0.999946,0,0.69627,-0.24094,41.776,-0.482,-1,375.000,-1,375.000,-1,325.000,325.000,325.000,300.000,-1,525.000,475.000,600.000,750.000,725.000,-1,-1,2,0,2,0,2,0,0,0,1,2,0,0,1,0,0,2,2
49,-2326.921,-9333.986,216.669,-196.378,-0.959389,-0.281973,-0.007987,0.281939,-0.959419,0.005123,-0.009108,0.002663,0.999955,0,0.69770,-0.23071,41.862,-0.461,-1,400.000,-1,375.000,-1,325.000,325.000,325.000,300.000,-1,550.000,500.000,625.000,750.000,725.000,-1,-1,2,0,2,0,2,0,0,0,1,2,0,0,1,0,0,2,2
50,-2367.088,-9321.844,216.243,-196.819,-0.957199,-0.289341,-0.007234,0.289314,-0.957223,0.004586,-0.008251,0.002297,0.999963,0,0.69937,-0.22024,41.962,-0.440,-1,400.000,-1,375.000,-1,325.000,325.000,300.000,300.000,-1,575.000,525.000,675.000,750.000,750.000,-1,-1,2,0,2,0,2,0,0,0,1,2,0,0,1,0,0,2,2
51,-2407.275,-9309.375,215.826,-197.238,-0.955062,-0.296335,-0.006475,0.296314,-0.955082,0.004031,-0.007379,0.001932,0.999971,0,0.70129,-0.20954,42.077,-0.419,-1,400.000,-1,375.000,-1,325.000,325.000,300.000,325.000,-1,600.000,550.000,700.000,750.000,750.000,-1,-1,2,0,2,0,2,0,0,0,1,2,0,0,1,0,0,2,2
52,-2447.499,-9296.589,215.418,-197.635,-0.952990,-0.302949,-0.005711,0.302933,-0.953006,0.003458,-0.006490,0.001565,0.999978,0,0.70345,-0.19859,42.207,-0.397,-1,400.000,-1,375.000,-1,325.000,325.000,300.000,325.000,-1,625.000,575.000,750.000,775.000,750.000,1000.000,-1,2,0,2,0,2,0,0,0,0,2,0,0,1,0,0,1,2
53,-2487.776,-9283.494,215.019,-198.010,-0.950992,-0.309177,-0.004942,0.309166,-0.951004,0.002866,-0.005586,0.001197,0.999984,0,0.70587,-0.18741,42.352,-0.375,1000.000,400.000,-1,400.000,-1,325.000,325.000,300.000,300.000,-1,650.000,600.000,750.000,775.000,750.000,950.000,-1,1,0,2,0,2,0,0,0,0,2,0,0,1,0,0,1,2
54,-2528.125,-9270.102,214.672,-198.362,-0.949078,-0.315013,-0.004242,0.315005,-0.949087,0.002452,-0.004799,0.000991,0.999988,0,0.70855,-0.17597,42.513,-0.352,950.000,400.000,-1,400.000,-1,325.000,325.000,300.000,300.000,-1,675.000,625.000,775.000,775.000,750.000,925.000,-1,1,0,2,0,2,0,0,0,0,2,0,0,1,1,0,1,2
55,-2572.872,-9254.735,214.384,-198.954,-0.945775,-0.324801,-0.003688,0.324794,-0.945782,0.002399,-0.004267,0.001071,0.999990,0,0.78855,-0.29597,47.313,-0.592,900.000,400.000,-1,400.000,-1,325.000,325.000,300.000,300.000,-1,700.000,625.000,825.000,750.000,750.000,900.000,-1,1,0,2,0,2,0,0,0,0,2,0,0,1,1,0,1,2
56,-2617.652,-9238.626,214.084,-199.785,-0.940961,-0.338499,-0.003243,0.338493,-0.940966,0.002244,-0.003811,0.001014,0.999992,0,0.79315,-0.41597,47.589,-0.832,825.000,400.000,-1,400.000,-1,325.000,325.000,300.000,300.000,-1,725.000,625.000,850.000,725.000,775.000,850.000,-1,1,0,2,0,2,0,0,0,0,2,0,0,1,1,0,1,2
57,-2662.405,-9221.575,213.793,-200.857,-0.934465,-0.356044,-0.002819,0.356039,-0.934469,0.002044,-0.003362,0.000906,0.999994,0,0.79819,-0.53597,47.891,-1.072,775.000,400.000,-1,400.000,-1,325.000,325.000,300.000,300.000,-1,725.000,650.000,875.000,700.000,775.000,825.000,-1,1,0,2,0,2,0,0,0,0,2,0,0,1,1,0,1,2
58,-2707.078,-9203.372,213.574,-202.169,-0.926069,-0.377346,-0.002682,0.377343,-0.926072,0.001644,-0.003104,0.000510,0.999995,0,0.80398,-0.65597,48.239,-1.312,725.000,400.000,-1,400.000,-1,325.000,325.000,300.000,300.000,-1,775.000,700.000,900.000,700.000,775.000,800.000,-1,1,0,2,0,2,0,0,0,0,2,0,0,1,1,0,1,2
59,-2751.594,-9183.811,213.428,-203.721,-0.915509,-0.402289,-0.002794,0.402287,-0.915513,0.001042,-0.002978,-0.000170,0.999996,0,0.81042,-0.77597,48.625,-1.552,700.000,400.000,-1,400.000,-1,325.000,325.000,300.000,300.000,-1,825.000,750.000,950.000,675.000,775.000,800.000,-1,1,0,2,0,2,0,0,0,0,2,0,0,1,1,0,1,2
60,-2795.856,-9162.687,213.195,-205.513,-0.902480,-0.430720,-0.003048,0.430720,-0.902485,0.000861,-0.003121,-0.000536,0.999995,0,0.81740,-0.89597,49.044,-1.792,650.000,400.000,-1,400.000,-1,325.000,325.000,300.000,300.000,-1,900.000,825.000,975.000,675.000,775.000,800.000,-1,1,0,2,0,2,0,0,0,0,2,0,0,1,1,0,1,2
61,-2839.787,-9139.903,212.962,-207.412,-0.887710,-0.460391,-0.003319,0.460392,-0.887716,0.000709,-0.003273,-0.000899,0.999994,0,0.82480,-0.94955,49.488,-1.899,625.000,400.000,-1,400.000,-1,325.000,325.000,300.000,300.000,-1,1000.000,900.000,-1,700.000,775.000,850.000,-1,1,0,2,0,2,0,0,0,0,2,0,0,2,1,0,1,2
62,-2887.236,-9113.524,212.702,-209.071,-0.874007,-0.485900,-0.003617,0.485901,-0.874014,0.000580,-0.003444,-0.001251,0.999993,0,0.90480,-0.82955,54.288,-1.659,600.000,400.000,-1,400.000,-1,325.000,325.000,300.000,300.000,-1,-1,1000.000,-1,750.000,775.000,-1,-1,1,0,2,0,2,0,0,0,0,2,2,0,2,1,0,2,2
63,-2936.141,-9084.668,212.419,-210.542,-0.861246,-0.508173,-0.003935,0.508175,-0.861254,0.000421,-0.003603,-0.001637,0.999992,0,0.94639,-0.73538,56.784,-1.471,600.000,400.000,-1,400.000,-1,325.000,325.000,300.000,300.000,-1,-1,-1,-1,825.000,775.000,-1,-1,1,1,2,0,2,0,0,0,0,2,2,2,2,0,0,2,2
64,-2984.600,-9054.424,212.149,-211.970,-0.848319,-0.529469,-0.004286,0.529472,-0.848327,0.000323,-0.003807,-0.001995,0.999991,0,0.95204,-0.71370,57.123,-1.427,600.000,400.000,-1,400.000,-1,325.000,325.000,300.000,300.000,-1,-1,-1,-1,825.000,775.000,-1,-1,1,1,2,0,2,0,0,0,0,2,2,2,2,0,0,2,2
65,-3032.545,-9022.866,211.894,-213.353,-0.835291,-0.549789,-0.004668,0.549794,-0.835300,0.000290,-0.004059,-0.002325,0.999989,0,0.95665,-0.69151,57.399,-1.383,650.000,400.000,-1,400.000,-1,325.000,325.000,300.000,300.000,-1,-1,-1,-1,825.000,775.000,-1,-1,1,0,2,0,2,0,0,0,0,2,2,2,2,0,0,2,2
66,-3079.916,-8990.077,211.640,-214.690,-0.822225,-0.569140,-0.005077,0.569146,-0.822236,0.000251,-0.004317,-0.002683,0.999987,0,0.96019,-0.66889,57.612,-1.338,825.000,400.000,-1,400.000,-1,325.000,325.000,300.000,300.000,-1,-1,-1,-1,825.000,775.000,-1,-1,1,0,2,0,2,0,0,0,0,2,2,2,2,0,0,2,2
67,-3126.654,-8956.141,211.367,-215.982,-0.809182,-0.587532,-0.005509,0.587540,-0.809195,0.000098,-0.004515,-0.003158,0.999985,0,0.96265,-0.64592,57.759,-1.292,875.000,400.000,-1,400.000,-1,325.000,325.000,300.000,300.000,-1,-1,-1,-1,825.000,775.000,-1,-1,1,0,2,0,2,0,0,0,0,2,2,2,2,0,0,2,2
68,-3172.710,-8921.148,211.101,-217.228,-0.796219,-0.604979,-0.005979,0.604990,-0.796233,-0.000039,-0.004737,-0.003648,0.999982,0,0.96404,-0.62270,57.842,-1.245,925.000,400.000,-1,400.000,-1,325.000,325.000,300.000,300.000,-1,-1,-1,-1,825.000,775.000,-1,-1,1,0,2,0,2,0,0,0,0,2,2,2,2,0,0,2,2
69,-3218.042,-8885.185,210.942,-218.426,-0.783389,-0.621503,-0.005978,0.621515,-0.783403,-0.000041,-0.004658,-0.003748,0.999982,0,0.96440,-0.59934,57.864,-1.199,900.000,400.000,-1,400.000,-1,325.000,325.000,300.000,300.000,-1,-1,-1,-1,825.000,775.000,-1,-1,1,0,2,0,2,0,0,0,0,2,2,2,2,1,0,2,2
70,-3262.390,-8848.501,210.361,-219.596,-0.770519,-0.637364,-0.008233,0.637389,-0.770542,-0.000511,-0.006018,-0.005641,0.999966,0,0.95924,-0.58500,57.555,-1.170,875.000,400.000,-1,400.000,-1,325.000,325.000,300.000,300.000,-1,-1,-1,-1,800.000,775.000,-1,-1,1,0,2,0,2,0,0,1,0,2,2,2,2,1,0,2,2
71,-3305.654,-8811.213,209.995,-220.757,-0.757432,-0.652844,-0.009576,0.652879,-0.757462,-0.000712,-0.006788,-0.006791,0.999954,0,0.95192,-0.58058,57.115,-1.161,850.000,400.000,-1,400.000,-1,325.000,325.000,275.000,300.000,-1,-1,-1,-1,800.000,775.000,-1,-1,1,0,2,0,2,0,0,1,0,2,2,2,2,1,0,2,2
72,-3347.799,-8773.381,209.637,-221.914,-0.744086,-0.667994,-0.010999,0.668041,-0.744124,-0.000870,-0.007604,-0.007995,0.999939,0,0.94390,-0.57828,56.634,-1.157,850.000,400.000,-1,400.000,-1,325.000,325.000,250.000,300.000,-1,-1,-1,-1,800.000,775.000,-1,-1,1,0,2,0,2,0,0,1,0,2,2,2,2,1,0,2,2
73,-3388.797,-8735.059,209.174,-223.067,-0.730480,-0.682830,-0.011968,0.682886,-0.730524,-0.000902,-0.008127,-0.008831,0.999928,0,0.93533,-0.57660,56.120,-1.153,850.000,400.000,-1,400.000,-1,325.000,325.000,250.000,300.000,-1,-1,-1,-1,800.000,775.000,-1,-1,1,0,2,0,2,0,0,1,0,2,2,2,2,1,0,2,2
74,-3428.633,-8696.296,208.694,-224.218,-0.716603,-0.697362,-0.012881,0.697428,-0.716655,-0.000886,-0.008613,-0.009619,0.999917,0,0.92639,-0.57554,55.583,-1.151,900.000,400.000,-1,400.000,-1,325.000,325.000,250.000,300.000,-1,-1,-1,-1,825.000,775.000,-1,-1,1,0,2,0,2,0,0,1,0,2,2,2,2,0,0,2,2
75,-3467.298,-8657.130,208.215,-225.368,-0.702448,-0.711601,-0.013813,0.711677,-0.702506,-0.000836,-0.009109,-0.010418,0.999904,0,0.91726,-0.57509,55.036,-1.150,-1,400.000,-1,400.000,-1,325.000,325.000,250.000,300.000,-1,-1,-1,-1,825.000,775.000,-1,-1,2,0,2,0,2,0,0,1,0,2,2,2,2,0,0,2,2
76,-3502.019,-8620.824,207.773,-226.279,-0.691042,-0.722665,-0.014687,0.722751,-0.691109,-0.000773,-0.009592,-0.011149,0.999892,0,0.83726,-0.45509,50.236,-0.910,-1,400.000,-1,400.000,-1,325.000,325.000,250.000,300.000,-1,-1,-1,-1,825.000,775.000,-1,-1,2,0,2,0,2,0,0,1,0,2,2,2,2,0,0,2,2
77,-3532.960,-8587.552,207.387,-227.079,-0.680870,-0.732240,-0.015508,0.732336,-0.680943,-0.000781,-0.009988,-0.011889,0.999879,0,0.75726,-0.40011,45.436,-0.800,-1,400.000,-1,400.000,-1,325.000,325.000,275.000,300.000,-1,-1,-1,-1,825.000,775.000,-1,-1,2,0,2,0,2,0,0,1,0,2,2,2,2,0,0,2,2
78,-3560.214,-8557.411,207.057,-227.881,-0.670540,-0.741695,-0.016273,0.741802,-0.670618,-0.000840,-0.010289,-0.012635,0.999867,0,0.67726,-0.40108,40.636,-0.802,-1,400.000,-1,400.000,-1,325.000,325.000,275.000,300.000,-1,-1,-1,-1,825.000,775.000,-1,-1,2,0,2,0,2,0,0,1,0,2,2,2,2,0,0,2,2
79,-3583.872,-8530.494,206.732,-228.686,-0.660047,-0.751033,-0.016935,0.751149,-0.660133,-0.000713,-0.010644,-0.013192,0.999856,0,0.59726,-0.40228,35.836,-0.805,-1,400.000,-1,400.000,-1,325.000,325.000,300.000,300.000,-1,-1,-1,-1,825.000,775.000,-1,-1,2,0,2,0,2,0,0,1,0,2,2,2,2,0,0,2,2
80,-3604.031,-8506.897,206.411,-229.493,-0.649390,-0.760255,-0.017481,0.760375,-0.649484,-0.000388,-0.011059,-0.013544,0.999847,0,0.51726,-0.40359,31.036,-0.807,-1,400.000,-1,400.000,-1,325.000,325.000,300.000,300.000,-1,-1,-1,-1,800.000,775.000,-1,-1,2,0,2,0,2,0,0,0,0,2,2,2,2,0,0,2,2
81,-3620.789,-8486.711,206.224,-230.303,-0.638567,-0.769359,-0.017866,0.769478,-0.638673,0.000285,-0.011630,-0.013565,0.999840,0,0.43726,-0.40493,26.236,-0.810,-1,400.000,-1,400.000,-1,325.000,325.000,300.000,300.000,-1,-1,-1,-1,800.000,750.000,-1,-1,2,0,2,0,2,0,0,0,0,2,2,2,2,0,0,2,2
82,-3634.246,-8470.025,206.013,-231.115,-0.627586,-0.778334,-0.018247,0.778457,-0.627697,0.000505,-0.011847,-0.013887,0.999833,0,0.35726,-0.40622,21.436,-0.812,-1,400.000,-1,400.000,-1,325.000,325.000,300.000,300.000,-1,-1,-1,-1,800.000,750.000,-1,-1,2,0,2,0,2,0,0,0,0,2,2,2,2,0,0,2,2
83,-3644.504,-8456.928,205.787,-231.930,-0.616450,-0.787174,-0.018631,0.787307,-0.616561,0.000320,-0.011739,-0.014471,0.999826,0,0.27726,-0.40737,16.636,-0.815,-1,400.000,-1,400.000,-1,325.000,325.000,300.000,300.000,-1,-1,-1,-1,800.000,750.000,-1,-1,2,0,2,0,2,0,0,0,0,2,2,2,2,0,0,2,2
84,-3651.669,-8447.508,205.590,-232.747,-0.605165,-0.795874,-0.018974,0.796018,-0.605273,-0.000033,-0.011458,-0.015124,0.999820,0,0.19726,-0.40834,11.836,-0.817,-1,400.000,-1,400.000,-1,325.000,325.000,300.000,300.000,725.000,-1,-1,-1,800.000,750.000,-1,-1,2,0,2,0,2,0,0,0,0,1,2,2,2,0,0,2,2
85,-3655.847,-8441.847,205.459,-233.565,-0.593738,-0.804429,-0.019233,0.804582,-0.593842,-0.000369,-0.011125,-0.015694,0.999815,0,0.11726,-0.40908,7.036,-0.818,-1,400.000,-1,400.000,-1,325.000,325.000,300.000,300.000,675.000,-1,-1,-1,800.000,750.000,-1,-1,2,0,2,0,2,0,0,0,0,1,2,2,2,0,0,2,2
86,-3657.149,-8440.030,205.418,-234.384,-0.582178,-0.812831,-0.019370,0.812989,-0.582278,-0.000557,-0.010826,-0.016072,0.999812,0,0.03726,-0.40953,2.236,-0.819,-1,400.000,-1,400.000,-1,325.000,325.000,300.000,300.000,650.000,-1,-1,-1,800.000,750.000,-1,-1,2,0,2,0,2,0,0,0,0,1,2,2,2,0,0,2,2
87,-3655.686,-8442.135,205.482,-235.203,-0.570496,-0.821073,-0.019354,0.821232,-0.570594,-0.000518,-0.010618,-0.016190,0.999813,0,-0.04274,-0.40969,-2.564,-0.819,-1,400.000,-1,400.000,-1,325.000,325.000,300.000,300.000,625.000,-1,-1,-1,800.000,750.000,-1,-1,2,0,2,0,2,0,0,0,0,1,2,2,2,0,0,2,2
88,-3651.570,-8448.242,205.655,-236.022,-0.558702,-0.829147,-0.019165,0.829302,-0.558801,-0.000221,-0.010526,-0.016017,0.999816,0,-0.12274,-0.40951,-7.364,-0.819,-1,400.000,-1,400.000,-1,325.000,325.000,300.000,300.000,600.000,-1,-1,-1,800.000,750.000,-1,-1,2,0,2,0,2,0,0,0,0,1,2,2,2,0,0,2,2
89,-3644.917,-8458.425,205.934,-236.840,-0.546810,-0.837046,-0.018798,0.837190,-0.546911,0.000319,-0.010548,-0.015563,0.999823,0,-0.20274,-0.40898,-12.164,-0.818,-1,400.000,-1,400.000,-1,325.000,325.000,300.000,300.000,575.000,-1,-1,-1,800.000,750.000,-1,-1,2,0,2,0,2,0,0,0,0,1,2,2,2,0,0,2,2
90,-3640.951,-8464.631,206.102,-237.418,-0.538339,-0.842523,-0.018574,0.842662,-0.538442,0.000635,-0.010536,-0.015309,0.999827,0,-0.12274,-0.28898,-7.364,-0.578,-1,400.000,-1,400.000,-1,325.000,325.000,300.000,300.000,575.000,-1,-1,-1,800.000,750.000,-1,-1,2,0,2,0,2,0,0,0,0,1,2,2,2,0,0,2,2
91,-3639.583,-8466.799,206.156,-237.756,-0.533361,-0.845686,-0.018485,0.845822,-0.533464,0.000782,-0.010522,-0.015218,0.999829,0,-0.04274,-0.16898,-2.564,-0.338,-1,400.000,-1,400.000,-1,325.000,325.000,300.000,300.000,575.000,-1,-1,-1,800.000,750.000,-1,-1,2,0,2,0,2,0,0,0,0,1,2,2,2,0,0,2,2
92,-3640.772,-8464.906,206.115,-237.854,-0.531914,-0.846595,-0.018569,0.846734,-0.532016,0.000666,-0.010443,-0.015369,0.999827,0,0.03726,-0.04898,2.236,-0.098,-1,400.000,-1,400.000,-1,325.000,325.000,300.000,300.000,575.000,-1,-1,-1,800.000,750.000,-1,-1,2,0,2,0,2,0,0,0,0,1,2,2,2,0,0,2,2
93,-3644.531,-8458.959,205.967,-237.712,-0.534011,-0.845268,-0.018822,0.845415,-0.534110,0.000301,-0.010307,-0.015751,0.999823,0,0.11726,0.07102,7.036,0.142,-1,400.000,-1,400.000,-1,325.000,325.000,300.000,300.000,575.000,-1,-1,-1,800.000,750.000,-1,-1,2,0,2,0,2,0,0,0,0,1,2,2,2,0,0,2,2
94,-3650.888,-8448.975,205.696,-237.513,-0.536936,-0.843403,-0.019249,0.843563,-0.537030,-0.000325,-0.010064,-0.016412,0.999815,0,0.19726,0.09928,11.836,0.199,-1,400.000,-1,400.000,-1,325.000,325.000,300.000,300.000,550.000,-1,-1,-1,800.000,750.000,-1,-1,2,0,2,0,2,0,0,0,0,1,2,2,2,0,0,2,2
95,-3659.871,-8434.973,205.369,-237.317,-0.539828,-0.841543,-0.019762,0.841717,-0.539917,-0.000945,-0.009875,-0.017144,0.999804,0,0.27726,0.09840,16.636,0.197,-1,400.000,-1,400.000,-1,325.000,325.000,300.000,300.000,550.000,-1,-1,-1,800.000,750.000,-1,-1,2,0,2,0,2,0,0,0,0,1,2,2,2,0,0,2,2
96,-3671.508,-8416.971,205.119,-237.122,-0.542671,-0.839704,-0.020143,0.839884,-0.542766,-0.000904,-0.010174,-0.017409,0.999797,0,0.35726,0.09715,21.436,0.194,-1,400.000,-1,400.000,-1,325.000,325.000,300.000,300.000,550.000,-1,-1,-1,800.000,750.000,-1,-1,2,0,2,0,2,0,0,0,0,1,2,2,2,0,0,2,2
97,-3685.823,-8394.985,204.808,-236.931,-0.545458,-0.837884,-0.020622,0.838072,-0.545559,-0.000865,-0.010526,-0.017755,0.999787,0,0.43726,0.09551,26.236,0.191,-1,400.000,-1,400.000,-1,325.000,325.000,300.000,300.000,550.000,-1,-1,-1,775.000,750.000,-1,-1,2,0,2,0,2,0,0,0,0,1,2,2,2,0,0,2,2
98,-3702.843,-8369.032,204.434,-236.744,-0.548177,-0.836094,-0.021205,0.836291,-0.548285,-0.000830,-0.010932,-0.018188,0.999775,0,0.51726,0.09345,31.036,0.187,-1,400.000,-1,400.000,-1,325.000,325.000,300.000,300.000,575.000,-1,-1,-1,775.000,750.000,-1,-1,2,0,2,0,2,0,0,0,0,1,2,2,2,0,0,2,2
99,-3722.589,-8339.128,203.993,-236.562,-0.550814,-0.834341,-0.021896,0.834550,-0.550931,-0.000806,-0.011390,-0.018717,0.999760,0,0.59726,0.09095,35.836,0.182,-1,400.000,-1,400.000,-1,325.000,325.000,300.000,300.000,575.000,-1,-1,-1,775.000,750.000,-1,-1,2,0,2,0,2,0,0,0,0,1,2,2,2,0,0,2,2
100,-3743.288,-8307.990,203.552,-236.387,-0.553361,-0.832638,-0.022492,0.832859,-0.553485,-0.000809,-0.011776,-0.019181,0.999747,0,0.62316,0.08795,37.390,0.176,-1,400.000,-1,400.000,-1,325.000,325.000,300.000,300.000,575.000,-1,-1,-1,775.000,750.000,-1,-1,2,0,2,0,2,0,0,0,0,1,2,2,2,0,0,2,2
101,-3766.750,-8272.926,203.088,-236.213,-0.555875,-0.830949,-0.022946,0.831179,-0.556005,-0.000851,-0.012051,-0.019545,0.999736,0,0.70316,0.08691,42.190,0.174,-1,400.000,-1,400.000,-1,325.000,325.000,300.000,300.000,575.000,-1,-1,-1,775.000,750.000,-1,-1,2,0,2,0,2,0,0,0,0,1,2,2,2,0,0,2,2
102,-3790.233,-8238.062,202.616,-236.037,-0.558411,-0.829234,-0.023402,0.829473,-0.558546,-0.000912,-0.012315,-0.019921,0.999726,0,0.70058,0.08784,42.035,0.176,-1,400.000,-1,400.000,-1,325.000,325.000,300.000,300.000,600.000,-1,-1,-1,775.000,750.000,-1,-1,2,0,2,0,2,0,0,1,0,1,2,2,2,0,0,2,2
103,-3813.709,-8203.442,202.138,-235.860,-0.560963,-0.827497,-0.023860,0.827745,-0.561103,-0.000991,-0.012568,-0.020306,0.999715,0,0.69715,0.08858,41.829,0.177,-1,400.000,-1,400.000,-1,325.000,325.000,300.000,300.000,625.000,-1,-1,-1,775.000,750.000,-1,-1,2,0,2,0,2,0,0,1,0,1,2,2,2,0,0,2,2
104,-3837.174,-8169.067,201.653,-235.682,-0.563525,-0.825741,-0.024320,0.825999,-0.563670,-0.001087,-0.012811,-0.020701,0.999704,0,0.69367,0.08912,41.620,0.178,-1,400.000,-1,400.000,-1,325.000,325.000,300.000,300.000,625.000,-1,-1,-1,775.000,750.000,-1,-1,2,0,2,0,2,0,0,1,0,1,2,2,2,0,0,2,2
105,-3860.627,-8134.939,201.159,-235.503,-0.566091,-0.823969,-0.024799,0.824239,-0.566241,-0.001201,-0.013053,-0.021120,0.999692,0,0.69016,0.08946,41.409,0.179,-1,400.000,-1,400.000,-1,325.000,325.000,300.000,300.000,650.000,-1,-1,-1,750.000,725.000,-1,-1,2,0,2,0,2,0,0,1,0,1,2,2,2,0,0,2,2
106,-3884.066,-8101.059,200.643,-235.324,-0.568654,-0.822186,-0.025355,0.822469,-0.568809,-0.001326,-0.013332,-0.021608,0.999678,0,0.68664,0.08960,41.198,0.179,-1,400.000,-1,400.000,-1,325.000,325.000,275.000,300.000,675.000,-1,-1,-1,750.000,725.000,-1,-1,2,0,2,0,2,0,0,1,0,1,2,2,2,0,0,2,2
107,-3907.491,-8067.425,200.136,-235.144,-0.571209,-0.820395,-0.025936,0.820692,-0.571370,-0.001469,-0.013614,-0.022125,0.999663,0,0.68313,0.08954,40.988,0.179,-1,400.000,-1,400.000,-1,325.000,325.000,275.000,300.000,700.000,-1,-1,-1,750.000,725.000,-1,-1,2,0,2,0,2,0,0,1,0,1,2,2,2,0,0,2,2
108,-3930.902,-8034.034,199.658,-234.966,-0.573749,-0.818598,-0.026628,0.818912,-0.573916,-0.001622,-0.013955,-0.022737,0.999644,0,0.67966,0.08930,40.780,0.179,-1,400.000,-1,375.000,-1,325.000,325.000,275.000,300.000,725.000,-1,-1,-1,750.000,725.000,-1,-1,2,0,2,0,2,0,0,1,0,1,2,2,2,0,0,2,2
109,-3954.298,-8000.883,199.177,-234.788,-0.576271,-0.816803,-0.027290,0.817134,-0.576445,-0.001796,-0.014264,-0.023335,0.999626,0,0.67626,0.08887,40.575,0.178,-1,400.000,-1,375.000,-1,325.000,325.000,300.000,300.000,750.000,-1,-1,-1,750.000,725.000,-1,-1,2,0,2,0,2,0,0,1,0,1,2,2,2,0,0,2,2
110,-3977.680,-7967.967,198.693,-234.612,-0.578771,-0.815012,-0.027921,0.815360,-0.578950,-0.001990,-0.014543,-0.023917,0.999608,0,0.67293,0.08825,40.376,0.176,-1,400.000,-1,375.000,-1,325.000,325.000,300.000,300.000,750.000,-1,-1,-1,725.000,725.000,-1,-1,2,0,2,0,2,0,0,1,0,1,2,2,2,0,0,2,2
111,-4001.050,-7935.280,198.196,-234.437,-0.581249,-0.813230,-0.028380,0.813594,-0.581428,-0.002328,-0.014607,-0.024443,0.999595,0,0.66970,0.08745,40.182,0.175,-1,400.000,-1,375.000,-1,325.000,325.000,300.000,300.000,775.000,-1,-1,-1,725.000,725.000,-1,-1,2,0,2,0,2,0,0,1,0,1,2,2,2,0,0,2,2
112,-4024.410,-7902.815,197.658,-234.264,-0.583706,-0.811464,-0.028526,0.811839,-0.583875,-0.002845,-0.014347,-0.024819,0.999589,0,0.66659,0.08648,39.995,0.173,-1,400.000,-1,375.000,-1,325.000,325.000,300.000,300.000,800.000,-1,-1,-1,725.000,725.000,-1,-1,2,0,2,0,2,0,0,0,0,1,2,2,2,0,0,2,2
113,-4047.761,-7870.565,197.121,-234.093,-0.586126,-0.809714,-0.028650,0.810098,-0.586284,-0.003385,-0.014056,-0.025193,0.999584,0,0.66360,0.08534,39.816,0.171,-1,400.000,-1,375.000,-1,325.000,325.000,300.000,300.000,825.000,-1,-1,-1,725.000,725.000,-1,-1,2,0,2,0,2,0,0,0,0,1,2,2,2,0,0,2,2
114,-4071.106,-7838.522,196.585,-233.925,-0.588504,-0.807983,-0.028751,0.808377,-0.588651,-0.003948,-0.013735,-0.025565,0.999579,0,0.66076,0.08403,39.646,0.168,-1,375.000,-1,375.000,-1,325.000,325.000,300.000,300.000,850.000,-1,-1,-1,725.000,725.000,-1,-1,2,0,2,0,2,0,0,0,0,1,2,2,2,0,0,2,2
115,-4094.448,-7806.676,196.049,-233.760,-0.590838,-0.806275,-0.028830,0.806679,-0.590972,-0.004534,-0.013382,-0.025935,0.999574,0,0.65807,0.08257,39.484,0.165,-1,375.000,-1,375.000,-1,325.000,325.000,300.000,300.000,875.000,-1,-1,-1,725.000,725.000,-1,-1,2,0,2,0,2,0,0,0,0,1,2,2,2,0,0,2,2
116,-4117.790,-7775.018,195.528,-233.598,-0.593121,-0.804596,-0.028867,0.805008,-0.593243,-0.005071,-0.013046,-0.026246,0.999570,0,0.65555,0.08094,39.333,0.162,-1,375.000,-1,375.000,-1,325.000,325.000,300.000,300.000,900.000,-1,-1,-1,725.000,725.000,-1,-1,2,0,2,0,2,0,0,0,0,1,2,2,2,0,0,2,2
117,-4141.136,-7743.537,195.066,-233.440,-0.595348,-0.802952,-0.028806,0.803365,-0.595463,-0.005339,-0.012866,-0.026320,0.999571,0,0.65321,0.07917,39.192,0.158,-1,375.000,-1,375.000,-1,325.000,325.000,300.000,300.000,925.000,-1,-1,-1,700.000,725.000,-1,-1,2,0,2,0,2,0,0,0,0,1,2,2,2,0,0,2,2
118,-4164.489,-7712.224,194.606,-233.285,-0.597517,-0.801342,-0.028720,0.801756,-0.597625,-0.005615,-0.012665,-0.026382,0.999572,0,0.65104,0.07725,39.062,0.154,-1,375.000,-1,375.000,-1,325.000,325.000,300.000,300.000,925.000,-1,-1,-1,700.000,725.000,-1,-1,2,0,2,0,2,0,0,0,0,1,2,2,2,0,0,2,2
119,-4187.852,-7681.068,194.150,-233.135,-0.599625,-0.799770,-0.028611,0.800184,-0.599725,-0.005898,-0.012442,-0.026431,0.999573,0,0.64906,0.07519,38.943,0.150,-1,375.000,-1,375.000,-1,325.000,325.000,300.000,300.000,950.000,-1,-1,-1,700.000,725.000,-1,-1,2,0,2,0,2,0,0,0,0,1,2,2,2,0,0,2,2
120,-4211.231,-7650.056,193.697,-232.989,-0.601668,-0.798238,-0.028478,0.798653,-0.601760,-0.006189,-0.012197,-0.026468,0.999575,0,0.64727,0.07299,38.836,0.146,-1,375.000,-1,375.000,-1,325.000,325.000,300.000,300.000,975.000,-1,-1,-1,700.000,725.000,-1,-1,2,0,2,0,2,0,0,0,0,1,2,2,2,0,0,2,2
121,-4234.627,-7619.179,193.289,-232.847,-0.603649,-0.796755,-0.028096,0.797163,-0.603729,-0.006492,-0.011789,-0.026316,0.999584,0,0.64566,0.07066,38.740,0.141,-1,375.000,-1,375.000,-1,300.000,300.000,300.000,300.000,975.000,-1,-1,-1,700.000,700.000,-1,-1,2,0,2,0,2,0,0,0,0,1,2,2,2,0,0,2,2
122,-4261.153,-7584.653,192.837,-232.466,-0.608957,-0.792725,-0.027544,0.793123,-0.609023,-0.006922,-0.011288,-0.026061,0.999597,0,0.72566,0.19066,43.540,0.381,-1,375.000,-1,375.000,-1,300.000,300.000,300.000,300.000,1000.000,-1,-1,-1,700.000,700.000,-1,-1,2,0,2,0,2,0,0,0,0,1,2,2,2,0,0,2,2
123,-4289.004,-7549.203,192.422,-231.845,-0.617540,-0.786076,-0.027016,0.786467,-0.617584,-0.007662,-0.010662,-0.025979,0.999606,0,0.75137,0.31066,45.082,0.621,-1,375.000,-1,375.000,-1,300.000,300.000,300.000,300.000,1000.000,-1,-1,-1,675.000,700.000,-1,-1,2,0,2,0,2,0,0,0,0,1,2,2,2,0,0,2,2
124,-4317.367,-7514.198,192.009,-230.984,-0.629308,-0.776706,-0.026458,0.777090,-0.629333,-0.008417,-0.010114,-0.025857,0.999614,0,0.75089,0.43066,45.053,0.861,-1,375.000,-1,375.000,-1,300.000,300.000,300.000,300.000,-1,-1,-1,-1,675.000,700.000,-1,-1,2,0,2,0,2,0,0,0,0,2,2,2,2,0,0,2,2
125,-4346.399,-7479.743,191.591,-229.882,-0.644141,-0.764469,-0.025864,0.764846,-0.644148,-0.009185,-0.009639,-0.025698,0.999623,0,0.75093,0.55066,45.056,1.101,-1,375.000,-1,375.000,-1,325.000,300.000,300.000,300.000,-1,-1,-1,-1,675.000,700.000,-1,-1,2,0,2,0,2,0,0,0,0,2,2,2,2,0,0,2,2
126,-4376.124,-7445.842,191.201,-228.754,-0.659083,-0.751642,-0.025363,0.752013,-0.659072,-0.009965,-0.009226,-0.025642,0.999629,0,0.75146,0.56397,45.087,1.128,-1,375.000,-1,375.000,-1,325.000,325.000,300.000,300.000,-1,-1,-1,-1,675.000,725.000,-1,-1,2,0,2,0,2,0,0,0,0,2,2,2,2,0,0,2,2
127,-4406.534,-7412.501,190.847,-227.633,-0.673682,-0.738599,-0.025000,0.738968,-0.673654,-0.010767,-0.008889,-0.025728,0.999629,0,0.75211,0.56067,45.127,1.121,-1,375.000,-1,375.000,-1,325.000,325.000,300.000,300.000,-1,-1,-1,-1,675.000,725.000,-1,-1,2,0,2,0,2,0,0,0,0,2,2,2,2,0,0,2,2
128,-4437.617,-7379.725,190.492,-226.518,-0.687938,-0.725353,-0.024590,0.725719,-0.687893,-0.011581,-0.008515,-0.025812,0.999631,0,0.75285,0.55733,45.171,1.115,-1,375.000,-1,375.000,-1,325.000,325.000,300.000,300.000,-1,-1,-1,-1,675.000,725.000,-1,-1,2,0,2,0,2,0,0,0,0,2,2,2,2,0,0,2,2
129,-4469.362,-7347.522,190.135,-225.410,-0.701851,-0.711915,-0.024132,0.712278,-0.701788,-0.012405,-0.008105,-0.025895,0.999632,0,0.75366,0.55394,45.219,1.108,-1,375.000,-1,375.000,-1,300.000,325.000,300.000,300.000,-1,-1,-1,-1,650.000,725.000,-1,-1,2,0,2,0,2,0,0,0,0,2,2,2,2,0,0,2,2
130,-4498.170,-7319.170,189.818,-224.543,-0.712569,-0.701202,-0.023676,0.701560,-0.712489,-0.013143,-0.007653,-0.025975,0.999633,0,0.67366,0.43394,40.419,0.868,-1,375.000,-1,375.000,-1,300.000,325.000,300.000,300.000,-1,1000.000,-1,-1,650.000,700.000,-1,-1,2,0,2,0,2,0,0,0,0,2,0,2,2,0,0,2,2
131,-4523.829,-7294.465,189.663,-223.915,-0.720237,-0.693360,-0.022610,0.693695,-0.720138,-0.013709,-0.006777,-0.025558,0.999650,0,0.59366,0.31394,35.619,0.628,-1,375.000,-1,375.000,-1,300.000,325.000,300.000,300.000,-1,950.000,-1,-1,650.000,700.000,-1,-1,2,0,2,0,2,0,0,0,0,2,0,2,2,0,0,2,2
132,-4546.175,-7273.240,189.551,-223.527,-0.724937,-0.688475,-0.021636,0.688790,-0.724821,-0.014234,-0.005882,-0.025222,0.999665,0,0.51366,0.19394,30.819,0.388,-1,375.000,-1,375.000,-1,300.000,325.000,325.000,300.000,-1,875.000,900.000,-1,650.000,700.000,-1,-1,2,0,2,0,2,0,0,0,0,2,0,0,2,0,0,2,2
133,-4565.086,-7255.369,189.468,-223.379,-0.726732,-0.686607,-0.020776,0.686903,-0.726601,-0.014679,-0.005017,-0.024939,0.999676,0,0.43366,0.07394,26.019,0.148,-1,375.000,-1,375.000,-1,300.000,325.000,325.000,300.000,-1,825.000,850.000,-1,650.000,700.000,-1,-1,2,0,2,0,2,0,0,0,0,2,0,0,2,0,0,2,2
