timestep,x_cm,y_cm,z_cm,yaw_deg,basis_xx,basis_xy,basis_xz,basis_yx,basis_yy,basis_yz,basis_zx,basis_zy,basis_zz,teleport_flag,throttle_cmd,steering_cmd,cmd_move_cm,cmd_turn_deg,lidar_cm_0,lidar_cm_1,lidar_cm_2,lidar_cm_3,lidar_cm_4,lidar_cm_5,lidar_cm_6,lidar_cm_7,lidar_cm_8,lidar_cm_9,lidar_cm_10,lidar_cm_11,lidar_cm_12,lidar_cm_13,lidar_cm_14,lidar_cm_15,lidar_cm_16,lidar_class_0,lidar_class_1,lidar_class_2,lidar_class_3,lidar_class_4,lidar_class_5,lidar_class_6,lidar_class_7,lidar_class_8,lidar_class_9,lidar_class_10,lidar_class_11,lidar_class_12,lidar_class_13,lidar_class_14,lidar_class_15,lidar_class_16
0,9511.133,4258.755,-341.263,-88.748,0.019814,0.999283,-0.032251,-0.997720,0.021843,0.063853,0.064512,0.030912,0.997438,1,0.08000,0.12000,4.800,0.240,-1,375.000,-1,400.000,-1,300.000,300.000,300.000,300.000,-1,675.000,625.000,-1,800.000,850.000,-1,-1,2,0,2,0,2,0,0,0,0,2,0,0,2,0,0,2,2
1,9511.423,4249.160,-340.636,-88.268,0.028191,0.999081,-0.032294,-0.997494,0.030215,0.063976,0.064893,0.030410,0.997429,0,0.16000,0.24000,9.600,0.480,-1,375.000,-1,400.000,-1,300.000,300.000,300.000,300.000,-1,675.000,625.000,-1,800.000,850.000,-1,-1,2,0,2,0,2,0,0,0,0,2,0,0,2,0,0,2,2
2,9512.039,4234.773,-339.689,-87.548,0.040755,0.998645,-0.032359,-0.997022,0.042768,0.064168,0.065465,0.029648,0.997414,0,0.24000,0.36000,14.400,0.720,975.000,375.000,-1,400.000,-1,300.000,300.000,300.000,300.000,-1,675.000,625.000,-1,800.000,850.000,-1,-1,1,0,2,0,2,0,0,0,0,2,0,0,2,0,0,2,2
3,9513.181,4215.607,-338.417,-86.588,0.057496,0.997818,-0.032445,-0.996147,0.059495,0.064439,0.066229,0.028615,0.997394,0,0.32000,0.48000,19.200,0.960,950.000,375.000,-1,400.000,-1,300.000,300.000,300.000,300.000,-1,700.000,625.000,-1,800.000,850.000,-1,-1,1,0,2,0,2,0,0,0,0,2,0,0,2,0,0,2,2
4,9515.110,4191.685,-336.810,-85.388,0.078401,0.996390,-0.032549,-0.994655,0.080382,0.064802,0.067184,0.027295,0.997367,0,0.40000,0.60000,24.000,1.200,900.000,400.000,-1,400.000,-1,300.000,300.000,300.000,325.000,-1,700.000,650.000,-1,825.000,850.000,-1,-1,1,0,2,0,2,0,0,0,0,2,0,0,2,0,0,2,2
5,9518.146,4163.045,-334.858,-83.948,0.103444,0.994099,-0.032666,-0.992285,0.105400,0.065272,0.068330,0.025662,0.997333,0,0.48000,0.72000,28.800,1.440,850.000,400.000,-1,400.000,-1,325.000,300.000,300.000,325.000,-1,700.000,650.000,-1,825.000,850.000,-1,-1,1,0,2,0,2,0,0,0,0,2,0,0,2,0,0,2,2
6,9522.666,4129.751,-332.548,-82.268,0.132581,0.990630,-0.032787,-0.988721,0.134506,0.065872,0.069665,0.023684,0.997289,0,0.56000,0.84000,33.600,1.680,800.000,400.000,-1,400.000,-1,325.000,325.000,300.000,325.000,-1,700.000,650.000,-1,825.000,850.000,-1,-1,1,0,2,0,2,0,0,0,0,2,0,0,2,0,0,2,2
7,9529.104,4091.894,-329.865,-80.348,0.165746,0.985620,-0.032897,-0.983596,0.167630,0.066630,0.071186,0.021314,0.997235,0,0.64000,0.96000,38.400,1.920,725.000,400.000,-1,400.000,-1,325.000,325.000,300.000,325.000,-1,725.000,675.000,-1,850.000,850.000,-1,-1,1,0,2,0,2,0,0,0,0,2,0,0,2,0,1,2,2
8,9537.828,4049.584,-326.798,-78.348,0.200099,0.979220,-0.032995,-0.977066,0.201936,0.067556,0.072815,0.018721,0.997170,0,0.72000,1.00000,43.200,2.000,675.000,400.000,-1,400.000,-1,325.000,325.000,300.000,325.000,-1,725.000,675.000,-1,850.000,850.000,-1,-1,1,0,2,0,2,0,0,0,0,2,0,0,2,0,1,2,2
9,9549.157,4002.940,-323.319,-76.348,0.234221,0.971623,-0.032996,-0.969326,0.235998,0.068638,0.074477,0.015907,0.997096,0,0.80000,1.00000,48.000,2.000,625.000,400.000,-1,400.000,-1,325.000,325.000,300.000,325.000,-1,725.000,700.000,-1,875.000,875.000,-1,-1,1,0,2,0,2,0,0,0,0,2,0,0,2,1,1,2,2
10,9562.918,3953.825,-319.696,-74.348,0.268066,0.962831,-0.033133,-0.960464,0.269774,0.068777,0.075159,0.013386,0.997082,0,0.85010,1.00000,51.006,2.000,575.000,425.000,-1,400.000,-1,325.000,325.000,300.000,325.000,-1,775.000,725.000,-1,825.000,925.000,925.000,-1,1,0,2,0,2,0,0,0,0,2,0,0,2,1,1,1,2
11,9578.363,3905.287,-316.178,-72.348,0.301570,0.952854,-0.033523,-0.950463,0.303220,0.068392,0.075333,0.011237,0.997095,0,0.84895,1.00000,50.937,2.000,525.000,425.000,-1,425.000,-1,325.000,325.000,300.000,325.000,-1,800.000,775.000,-1,775.000,950.000,800.000,-1,1,0,2,0,2,0,0,0,0,2,0,0,2,1,0,1,2
12,9596.663,3854.041,-312.330,-70.348,0.334716,0.941713,-0.033793,-0.939304,0.336297,0.067918,0.075323,0.009009,0.997118,0,0.90691,1.00000,54.415,2.000,475.000,425.000,-1,425.000,-1,325.000,325.000,300.000,325.000,-1,850.000,825.000,-1,725.000,975.000,700.000,-1,1,0,2,0,2,0,0,0,0,2,0,0,2,1,0,1,2
13,9616.756,3803.427,-308.408,-68.348,0.367479,0.929421,-0.033715,-0.927007,0.368964,0.067262,0.074954,0.006537,0.997166,0,0.90761,1.00000,54.457,2.000,425.000,425.000,-1,425.000,-1,350.000,350.000,300.000,325.000,-1,900.000,875.000,-1,675.000,1000.000,600.000,-1,1,0,2,0,2,0,0,0,0,2,0,0,2,1,0,1,2
14,9638.616,3753.515,-304.976,-66.348,0.399828,0.915989,-0.033208,-0.913692,0.401181,0.064964,0.072828,0.004367,0.997335,0,0.90817,1.00000,54.490,2.000,375.000,425.000,-1,425.000,-1,350.000,350.000,300.000,325.000,-1,1000.000,1000.000,-1,625.000,1000.000,525.000,-1,1,0,2,0,2,0,0,0,0,2,0,0,2,1,0,1,2
15,9661.710,3704.904,-301.581,-64.588,0.427907,0.903241,-0.032420,-0.901070,0.429127,0.062629,0.070481,0.002414,0.997510,0,0.89697,0.88000,53.818,1.760,350.000,425.000,-1,425.000,-1,325.000,325.000,300.000,325.000,-1,-1,-1,-1,600.000,1000.000,450.000,-1,1,0,2,0,2,0,0,1,0,2,2,2,2,1,0,1,2
16,9686.064,3656.967,-298.165,-63.068,0.451854,0.891543,-0.031303,-0.889499,0.452936,0.060339,0.067973,0.000580,0.997687,0,0.89615,0.76000,53.769,1.520,300.000,400.000,-1,425.000,-1,325.000,325.000,300.000,325.000,-1,-1,-1,-1,550.000,1000.000,400.000,-1,1,1,2,0,2,0,0,1,0,2,2,2,2,1,0,1,2
17,9711.419,3609.704,-294.737,-61.788,0.471795,0.881202,-0.029878,-0.879285,0.472739,0.058108,0.065329,-0.001144,0.997863,0,0.89392,0.64000,53.635,1.280,250.000,375.000,-1,425.000,-1,325.000,325.000,275.000,325.000,-1,-1,-1,-1,525.000,975.000,325.000,-1,1,1,2,0,2,0,0,1,0,2,2,2,2,1,0,1,2
18,9737.519,3563.103,-291.306,-60.748,0.487849,0.872474,-0.028171,-0.870683,0.488653,0.055943,0.062575,-0.002764,0.998036,0,0.89022,0.52000,53.413,1.040,225.000,350.000,-1,425.000,-1,325.000,325.000,250.000,325.000,-1,-1,-1,-1,475.000,975.000,275.000,-1,1,1,2,0,2,0,0,1,0,2,2,2,2,1,0,1,2
19,9764.110,3517.142,-287.880,-59.948,0.500116,0.865561,-0.026215,-0.863895,0.500785,0.053845,0.059735,-0.004282,0.998205,0,0.88499,0.40000,53.099,0.800,175.000,325.000,-1,425.000,-1,325.000,325.000,250.000,325.000,-1,-1,-1,-1,450.000,975.000,225.000,-1,1,1,2,0,2,0,0,1,0,2,2,2,2,1,0,1,2
20,9790.944,3471.794,-282.029,-59.388,0.507913,0.860625,-0.036719,-0.858967,0.509220,0.053568,0.064800,0.004333,0.997889,0,0.87819,0.28000,52.691,0.560,175.000,325.000,-1,450.000,-1,350.000,350.000,225.000,325.000,-1,-1,-1,-1,450.000,-1,225.000,-1,1,1,2,0,2,1,0,1,0,2,2,2,2,1,2,1,2
21,9817.773,3427.029,-275.929,-59.068,0.511684,0.857665,-0.050903,-0.856133,0.513957,0.053707,0.072224,0.016099,0.997258,0,0.86980,0.16000,52.188,0.320,175.000,325.000,-1,475.000,-1,350.000,375.000,225.000,300.000,-1,-1,-1,-1,475.000,-1,225.000,-1,1,1,2,0,2,1,0,1,0,2,2,2,2,1,2,1,2
22,9844.360,3382.814,-270.198,-58.988,0.511740,0.856735,-0.064247,-0.855485,0.515027,0.053785,0.079168,0.027439,0.996484,0,0.85985,0.04000,51.591,0.080,175.000,325.000,-1,500.000,-1,350.000,400.000,225.000,300.000,-1,-1,-1,-1,500.000,-1,225.000,-1,1,1,2,0,2,1,0,1,0,2,2,2,2,1,2,1,2
23,9870.471,3339.117,-264.921,-59.148,0.508176,0.857857,-0.076412,-0.857072,0.512446,0.053167,0.084767,0.038472,0.995658,0,0.84840,-0.08000,50.904,-0.160,175.000,350.000,-1,525.000,-1,350.000,425.000,225.000,275.000,-1,-1,800.000,-1,575.000,-1,225.000,-1,1,1,2,0,2,1,1,1,0,2,2,0,2,1,2,1,2
24,9895.888,3295.904,-260.319,-59.548,0.500967,0.860980,-0.088005,-0.860869,0.506190,0.051730,0.089085,0.049845,0.994776,0,0.83553,-0.20000,50.132,-0.400,175.000,350.000,-1,525.000,-1,350.000,425.000,200.000,275.000,-1,925.000,300.000,-1,-1,-1,250.000,-1,1,1,2,0,2,1,1,1,0,2,0,0,2,2,2,1,2
25,9923.605,3248.482,-255.542,-59.708,0.497096,0.861785,-0.101103,-0.862584,0.503430,0.050065,0.094043,0.062323,0.993615,0,0.91545,-0.08000,54.927,-0.160,175.000,375.000,-1,550.000,-1,375.000,425.000,200.000,250.000,-1,725.000,125.000,-1,-1,-1,250.000,-1,1,1,2,0,2,1,1,1,0,2,0,0,2,2,2,1,2
26,9953.817,3196.958,-250.454,-59.628,0.496653,0.860312,-0.114891,-0.862267,0.504182,0.047929,0.099160,0.075262,0.992221,0,0.99545,0.04000,59.727,0.080,200.000,400.000,-1,575.000,-1,400.000,450.000,200.000,250.000,-1,525.000,125.000,975.000,-1,-1,-1,-1,1,1,2,0,2,1,1,1,0,2,0,0,1,2,2,2,2
27,9984.332,3145.580,-245.761,-59.308,0.499744,0.856704,-0.127727,-0.859779,0.508517,0.046805,0.105050,0.086426,0.990704,0,0.99593,0.16000,59.756,0.320,200.000,450.000,-1,575.000,-1,425.000,450.000,200.000,250.000,-1,400.000,100.000,750.000,-1,-1,-1,-1,1,1,2,0,2,1,1,1,0,2,0,0,0,2,2,2,2
28,-1639.831,-6887.288,-142.845,56.652,0.549755,-0.835317,0.003936,0.835311,0.549711,-0.008559,0.004986,0.007993,0.999956,1,0.00000,0.00000,59.492,0.560,-1,400.000,-1,400.000,-1,325.000,325.000,300.000,300.000,-1,-1,525.000,550.000,850.000,775.000,-1,-1,2,0,2,0,2,0,0,0,0,2,2,1,1,0,0,2,2
29,-1637.175,-6883.289,-142.823,56.412,0.553248,-0.833007,0.003948,0.833002,0.553205,-0.008470,0.004871,0.007974,0.999956,0,0.08000,-0.12000,4.800,-0.240,-1,400.000,-1,400.000,-1,325.000,325.000,300.000,300.000,-1,-1,550.000,550.000,850.000,775.000,-1,-1,2,0,2,0,2,0,0,0,0,2,2,1,1,0,0,2,2
30,-1631.798,-6875.337,-142.779,55.932,0.560206,-0.828344,0.003975,0.828340,0.560164,-0.008290,0.004641,0.007936,0.999958,0,0.16000,-0.24000,9.600,-0.480,-1,400.000,-1,400.000,-1,325.000,325.000,300.000,300.000,-1,-1,550.000,575.000,850.000,775.000,-1,-1,2,0,2,0,2,0,0,0,0,2,2,1,1,0,0,2,2
31,-1623.582,-6863.511,-142.715,55.212,0.570569,-0.821240,0.004021,0.821238,0.570529,-0.008021,0.004293,0.007879,0.999960,0,0.24000,-0.36000,14.400,-0.720,-1,400.000,-1,400.000,-1,325.000,325.000,300.000,300.000,-1,-1,600.000,575.000,850.000,775.000,-1,-1,2,0,2,0,2,0,0,0,0,2,2,1,1,0,0,2,2
32,-1612.365,-6847.928,-142.631,54.252,0.584247,-0.811566,0.004096,0.811567,0.584209,-0.007661,0.003824,0.007800,0.999962,0,0.32000,-0.48000,19.200,-0.960,-1,400.000,-1,400.000,-1,325.000,325.000,300.000,300.000,-1,-1,650.000,600.000,850.000,775.000,-1,-1,2,0,2,0,2,0,0,0,0,2,2,1,1,0,0,2,2
33,-1597.970,-6828.724,-142.513,53.146,0.599790,-0.800146,0.004234,0.800151,0.599755,-0.007294,0.003297,0.007762,0.999964,0,0.40000,-0.55262,24.000,-1.105,-1,400.000,-1,400.000,-1,325.000,325.000,300.000,300.000,-1,-1,-1,600.000,850.000,775.000,-1,-1,2,0,2,0,2,0,0,0,0,2,2,2,1,0,0,2,2
34,-1580.258,-6806.015,-142.376,52.047,0.615022,-0.788497,0.004432,0.788505,0.614990,-0.006867,0.002689,0.007718,0.999967,0,0.48000,-0.54946,28.800,-1.099,-1,400.000,-1,400.000,-1,325.000,325.000,300.000,300.000,-1,-1,-1,625.000,850.000,775.000,-1,-1,2,0,2,0,2,0,0,0,0,2,2,2,1,0,0,2,2
35,-1559.093,-6779.919,-142.283,50.956,0.629927,-0.776642,0.004372,0.776651,0.629898,-0.006377,0.002198,0.007412,0.999970,0,0.56000,-0.54569,33.600,-1.091,-1,400.000,-1,400.000,-1,325.000,325.000,300.000,300.000,-1,-1,-1,650.000,850.000,775.000,-1,-1,2,0,2,0,2,0,0,0,0,2,2,2,1,0,0,2,2
36,-1534.345,-6750.557,-142.198,49.873,0.644486,-0.764605,0.004262,0.764615,0.644462,-0.005814,0.001699,0.007007,0.999974,0,0.64000,-0.54130,38.400,-1.083,-1,400.000,-1,400.000,-1,325.000,325.000,300.000,300.000,-1,-1,-1,700.000,850.000,775.000,-1,-1,2,0,2,0,2,0,0,0,0,2,2,2,1,0,0,2,2
37,-1505.890,-6718.053,-142.112,48.801,0.658683,-0.752409,0.004156,0.752420,0.658664,-0.005181,0.001161,0.006540,0.999978,0,0.72000,-0.53631,43.200,-1.073,-1,400.000,-1,400.000,-1,325.000,325.000,300.000,300.000,-1,-1,-1,725.000,850.000,775.000,-1,-1,2,0,2,0,2,0,0,0,0,2,2,2,1,0,0,2,2
38,-1473.610,-6682.528,-142.028,47.739,0.672505,-0.740081,0.004049,0.740092,0.672491,-0.004479,0.000592,0.006009,0.999982,0,0.80000,-0.53070,48.000,-1.061,-1,400.000,-1,400.000,975.000,325.000,325.000,300.000,300.000,-1,-1,-1,775.000,850.000,775.000,-1,-1,2,0,2,0,1,0,0,0,0,2,2,2,1,0,0,2,2
39,-1437.752,-6644.489,-141.993,46.691,0.685938,-0.727650,0.003909,0.727660,0.685929,-0.003492,-0.000141,0.005240,0.999986,0,0.87126,-0.52447,52.275,-1.049,-1,400.000,-1,400.000,925.000,325.000,325.000,300.000,300.000,-1,-1,-1,800.000,850.000,775.000,-1,-1,2,0,2,0,1,0,0,0,0,2,2,2,1,0,0,2,2
40,-1401.029,-6606.917,-142.112,45.655,0.698970,-0.715141,0.003687,0.715149,0.698969,-0.001763,-0.001316,0.003869,0.999992,0,0.87563,-0.51767,52.538,-1.035,-1,400.000,-1,400.000,900.000,325.000,325.000,300.000,300.000,-1,-1,-1,850.000,825.000,775.000,-1,975.000,2,0,2,0,1,0,0,0,0,2,2,2,1,0,0,2,1
41,-1363.453,-6569.819,-142.256,44.634,0.711608,-0.702567,0.003570,0.702572,0.711613,-0.000060,-0.002498,0.002550,0.999994,0,0.88006,-0.51084,52.804,-1.022,-1,400.000,-1,400.000,850.000,325.000,325.000,300.000,300.000,-1,-1,-1,900.000,825.000,775.000,-1,925.000,2,0,2,0,1,0,0,0,0,2,2,2,1,0,0,2,1
42,-1325.036,-6533.202,-142.415,43.626,0.723855,-0.689943,0.003521,0.689942,0.723863,0.001617,-0.003665,0.001259,0.999992,0,0.88454,-0.50396,53.072,-1.008,-1,400.000,-1,400.000,800.000,325.000,325.000,300.000,300.000,-1,-1,-1,950.000,825.000,775.000,-1,850.000,2,0,2,0,1,0,0,0,0,2,2,2,1,0,0,2,1
43,-1282.515,-6493.944,-142.598,42.715,0.734731,-0.678349,0.003478,0.678341,0.734739,0.003418,-0.004874,-0.000152,0.999988,0,0.96454,-0.45541,57.872,-0.911,-1,400.000,-1,400.000,750.000,325.000,325.000,300.000,300.000,-1,-1,-1,1000.000,800.000,750.000,-1,800.000,2,0,2,0,1,0,0,0,0,2,2,2,1,0,1,2,1
44,-1237.783,-6453.955,-142.947,41.796,0.745514,-0.666481,0.003483,0.666466,0.745522,0.004539,-0.005621,-0.001062,0.999984,0,1.00000,-0.45938,60.000,-0.919,-1,400.000,-1,400.000,700.000,325.000,325.000,300.000,300.000,-1,-1,-1,-1,800.000,700.000,-1,750.000,2,0,2,0,1,0,0,0,0,2,2,2,2,0,1,2,1
45,-1195.196,-6416.781,-143.275,41.117,0.753358,-0.657601,0.003560,0.657581,0.753364,0.005501,-0.006300,-0.001803,0.999979,0,0.94216,-0.33938,56.530,-0.679,-1,400.000,-1,400.000,650.000,325.000,325.000,300.000,300.000,-1,-1,-1,-1,800.000,675.000,-1,700.000,2,0,2,0,1,0,0,0,0,2,2,2,2,0,1,2,1
46,-1152.109,-6379.749,-143.593,40.679,0.758372,-0.651812,0.003675,0.651785,0.758376,0.006452,-0.006992,-0.002498,0.999972,0,0.94690,-0.21938,56.814,-0.439,-1,400.000,-1,400.000,600.000,325.000,325.000,300.000,300.000,-1,-1,-1,-1,800.000,625.000,-1,650.000,2,0,2,0,1,0,0,0,0,2,2,2,2,0,1,2,1
47,-1108.666,-6342.729,-143.913,40.436,0.761125,-0.648594,0.003760,0.648559,0.761128,0.007404,-0.007664,-0.003197,0.999966,0,0.95128,-0.12130,57.077,-0.243,-1,400.000,-1,400.000,550.000,325.000,325.000,300.000,300.000,-1,-1,-1,-1,775.000,600.000,-1,600.000,2,0,2,0,1,0,0,0,0,2,2,2,2,0,1,2,1
48,-1064.879,-6305.749,-144.232,40.182,0.763992,-0.645214,0.003840,0.645172,0.763992,0.008350,-0.008321,-0.003902,0.999958,0,0.95523,-0.12690,57.314,-0.254,-1,400.000,-1,400.000,500.000,325.000,325.000,300.000,300.000,-1,-1,-1,-1,775.000,550.000,-1,550.000,2,0,2,0,1,0,0,0,0,2,2,2,2,0,1,2,1
49,-1020.752,-6268.831,-144.510,39.916,0.766976,-0.641664,0.003920,0.641615,0.766973,0.009065,-0.008823,-0.004437,0.999951,0,0.95889,-0.13282,57.534,-0.266,-1,400.000,-1,400.000,450.000,325.000,325.000,300.000,300.000,-1,-1,-1,-1,775.000,525.000,-1,500.000,2,0,2,0,1,0,0,0,0,2,2,2,2,0,1,2,1
50,-976.291,-6232.001,-144.854,39.638,0.770081,-0.637932,0.004243,0.637877,0.770078,0.009618,-0.009403,-0.004701,0.999945,0,0.96224,-0.13908,57.734,-0.278,-1,400.000,975.000,400.000,400.000,325.000,325.000,325.000,300.000,-1,-1,-1,-1,775.000,475.000,-1,450.000,2,0,1,1,1,0,0,0,0,2,2,2,2,0,1,2,1
51,-931.506,-6195.283,-145.424,39.347,0.773320,-0.634004,0.003910,0.633945,0.773310,0.010233,-0.009511,-0.005434,0.999940,0,0.96521,-0.14572,57.913,-0.291,-1,400.000,900.000,375.000,375.000,325.000,325.000,325.000,300.000,-1,-1,-1,-1,775.000,450.000,-1,400.000,2,0,1,1,1,0,0,0,0,2,2,2,2,0,1,2,1
52,-886.407,-6158.708,-145.969,39.041,0.776693,-0.629869,0.003527,0.629807,0.776677,0.010774,-0.009526,-0.006146,0.999936,0,0.96777,-0.15276,58.066,-0.306,-1,400.000,825.000,350.000,325.000,325.000,325.000,325.000,300.000,-1,-1,-1,-1,750.000,425.000,-1,350.000,2,0,1,1,1,0,0,0,0,2,2,2,2,1,1,2,1
53,-841.006,-6122.308,-146.512,38.721,0.780207,-0.625513,0.003094,0.625451,0.780184,0.011136,-0.009380,-0.006754,0.999933,0,0.96986,-0.16022,58.192,-0.320,-1,400.000,750.000,300.000,275.000,325.000,325.000,325.000,300.000,-1,-1,-1,-1,700.000,375.000,-1,300.000,2,0,1,1,1,0,1,0,0,2,2,2,2,1,1,2,1
54,-795.318,-6086.116,-147.024,38.385,0.783869,-0.620921,0.002608,0.620859,0.783839,0.011453,-0.009156,-0.007358,0.999931,0,0.97142,-0.16815,58.285,-0.336,-1,400.000,675.000,275.000,225.000,325.000,275.000,325.000,300.000,-1,-1,-1,-1,650.000,350.000,-1,250.000,2,0,1,1,1,0,1,0,0,2,2,2,2,1,1,2,1
55,-749.363,-6050.171,-147.505,38.032,0.787685,-0.616075,0.002070,0.616015,0.787647,0.011724,-0.008853,-0.007959,0.999929,0,0.97239,-0.17655,58.344,-0.353,975.000,400.000,600.000,250.000,175.000,325.000,250.000,325.000,300.000,-1,-1,-1,-1,600.000,300.000,-1,200.000,1,0,1,1,1,1,1,0,0,2,2,2,2,1,1,2,1
56,-703.162,-6014.510,-143.667,37.661,0.791572,-0.610798,-0.018406,0.611061,0.791405,0.016812,0.004298,-0.024555,0.999689,0,0.97270,-0.18546,58.362,-0.371,950.000,400.000,625.000,225.000,175.000,300.000,250.000,300.000,350.000,-1,850.000,-1,-1,600.000,300.000,-1,175.000,1,1,1,1,1,1,1,0,1,2,0,2,2,1,1,2,1
57,-656.743,-5979.176,-137.872,37.271,0.794885,-0.604870,-0.047858,0.606316,0.794846,0.024497,0.023222,-0.048489,0.998554,0,0.97228,-0.19491,58.337,-0.390,925.000,375.000,-1,225.000,150.000,275.000,225.000,300.000,350.000,-1,175.000,400.000,-1,675.000,275.000,-1,175.000,1,1,2,1,1,1,1,0,1,2,0,0,2,1,1,2,1
58,-610.134,-5944.213,-132.127,36.861,0.797558,-0.598290,-0.077145,0.601788,0.797978,0.032901,0.041876,-0.072665,0.996477,0,0.97105,-0.20490,58.263,-0.410,925.000,375.000,-1,225.000,150.000,275.000,225.000,275.000,350.000,750.000,100.000,275.000,-1,975.000,275.000,-1,175.000,1,1,2,1,1,1,1,0,1,0,0,0,2,1,1,2,1
59,-563.367,-5909.672,-126.373,36.430,0.799611,-0.591051,-0.106213,0.597475,0.800800,0.041743,0.060383,-0.096837,0.993467,0,0.96895,-0.21544,58.137,-0.431,900.000,375.000,-1,225.000,150.000,275.000,225.000,250.000,350.000,525.000,50.000,200.000,-1,1000.000,275.000,-1,150.000,1,1,2,1,1,1,1,0,1,0,0,0,2,1,1,2,1
60,-516.478,-5875.605,-120.564,35.977,0.801101,-0.583158,-0.134775,0.593355,0.803324,0.050994,0.078530,-0.120821,0.989563,0,0.96591,-0.22652,57.955,-0.453,875.000,375.000,-1,225.000,150.000,275.000,200.000,250.000,350.000,375.000,25.000,200.000,-1,1000.000,275.000,-1,150.000,1,1,2,1,1,1,1,0,1,0,0,0,2,1,1,2,1
61,9511.027,-2951.690,-69.753,-1.687,0.995704,0.029396,-0.087799,-0.024655,0.998204,0.054605,0.089246,-0.052206,0.994640,1,0.00000,0.00000,60.000,-0.226,-1,400.000,-1,400.000,-1,325.000,325.000,325.000,300.000,-1,-1,-1,-1,975.000,900.000,-1,-1,2,0,2,0,2,0,0,0,0,2,2,2,2,0,0,2,2
62,9506.229,-2951.568,-70.188,-1.447,0.995795,0.025214,-0.088068,-0.020452,0.998301,0.054567,0.089294,-0.052537,0.994619,0,-0.08000,0.12000,-4.800,0.240,-1,400.000,-1,400.000,-1,325.000,325.000,325.000,300.000,-1,-1,-1,-1,975.000,900.000,-1,-1,2,0,2,0,2,0,0,0,0,2,2,2,2,0,0,2,2
63,9496.630,-2951.406,-71.055,-0.967,0.995924,0.016849,-0.088608,-0.012045,0.998442,0.054479,0.089388,-0.053190,0.994576,0,-0.16000,0.24000,-9.600,0.480,-1,400.000,-1,400.000,-1,325.000,325.000,325.000,300.000,-1,-1,-1,-1,975.000,900.000,-1,-1,2,0,2,0,2,0,0,0,0,2,2,2,2,0,0,2,2
64,9482.230,-2951.344,-72.343,-0.247,0.995984,0.004301,-0.089425,0.000565,0.998524,0.054317,0.089526,-0.054149,0.994511,0,-0.24000,0.36000,-14.400,0.720,-1,425.000,-1,400.000,-1,325.000,325.000,300.000,300.000,-1,-1,-1,-1,975.000,925.000,-1,-1,2,0,2,0,2,0,0,0,0,2,2,2,2,0,0,2,2
65,9463.031,-2951.582,-74.043,0.713,0.995817,-0.012428,-0.090523,0.017373,0.998387,0.054048,0.089705,-0.055394,0.994427,0,-0.32000,0.48000,-19.200,0.960,-1,425.000,-1,400.000,-1,325.000,325.000,300.000,300.000,-1,-1,-1,-1,975.000,925.000,-1,-1,2,0,2,0,2,0,0,0,0,2,2,2,2,0,0,2,2
66,9442.778,-2952.257,-75.812,1.913,0.995229,-0.033331,-0.091696,0.038366,0.997820,0.053703,0.089706,-0.056965,0.994338,0,-0.33775,0.60000,-20.265,1.200,-1,425.000,-1,400.000,-1,325.000,325.000,300.000,300.000,-1,-1,-1,-1,1000.000,925.000,-1,-1,2,0,2,0,2,0,0,0,0,2,2,2,2,0,0,2,2
67,9422.545,-2953.416,-77.552,3.280,0.994037,-0.057123,-0.092884,0.062251,0.996637,0.053285,0.089528,-0.058749,0.994250,0,-0.33775,0.68357,-20.265,1.367,-1,425.000,-1,400.000,-1,325.000,325.000,300.000,300.000,-1,-1,-1,-1,1000.000,925.000,-1,-1,2,0,2,0,2,0,0,0,0,2,2,2,2,0,0,2,2
68,9402.347,-2955.057,-79.261,4.647,0.992274,-0.080877,-0.094079,0.086094,0.994888,0.052785,0.089329,-0.060477,0.994164,0,-0.33775,0.68357,-20.265,1.367,-1,425.000,-1,400.000,-1,325.000,325.000,325.000,300.000,-1,-1,-1,-1,-1,925.000,-1,-1,2,0,2,0,2,0,0,0,0,2,2,2,2,2,0,2,2
69,9382.193,-2957.179,-80.938,6.015,0.989942,-0.104580,-0.095279,0.109882,0.992573,0.052204,0.089112,-0.062149,0.994081,0,-0.33775,0.68357,-20.265,1.367,-1,425.000,-1,400.000,-1,325.000,325.000,325.000,300.000,-1,-1,-1,-1,-1,925.000,-1,-1,2,0,2,0,2,0,0,0,0,2,2,2,2,2,0,2,2
70,9362.095,-2959.782,-82.583,7.382,0.987042,-0.128219,-0.096479,0.133602,0.989694,0.051544,0.088876,-0.063766,0.993999,0,-0.33775,0.68357,-20.265,1.367,-1,425.000,-1,400.000,-1,325.000,325.000,325.000,300.000,-1,-1,-1,-1,-1,925.000,-1,-1,2,0,2,0,2,0,0,0,0,2,2,2,2,2,0,2,2
71,9342.065,-2962.863,-84.196,8.749,0.983576,-0.151780,-0.097677,0.157239,0.986253,0.050807,0.088623,-0.065331,0.993920,0,-0.33775,0.68357,-20.265,1.367,-1,425.000,-1,400.000,-1,325.000,325.000,325.000,300.000,-1,-1,-1,-1,-1,925.000,-1,-1,2,0,2,0,2,0,0,0,0,2,2,2,2,2,0,2,2
72,9322.115,-2966.421,-85.776,10.116,0.979547,-0.175250,-0.098868,0.180780,0.982252,0.049993,0.088352,-0.066844,0.993844,0,-0.33775,0.68357,-20.265,1.367,-1,425.000,-1,400.000,-1,325.000,325.000,325.000,300.000,-1,-1,-1,-1,-1,950.000,-1,-1,2,0,2,0,2,0,0,0,0,2,2,2,2,2,0,2,2
73,9302.255,-2970.454,-87.323,11.483,0.974957,-0.198616,-0.100049,0.204213,0.977694,0.049105,0.088064,-0.068306,0.993770,0,-0.33775,0.68357,-20.265,1.367,-1,425.000,-1,400.000,-1,350.000,325.000,325.000,300.000,-1,-1,-1,-1,-1,950.000,-1,-1,2,0,2,0,2,0,0,0,0,2,2,2,2,2,0,2,2
74,9282.496,-2974.960,-88.837,12.850,0.969810,-0.221865,-0.101217,0.227523,0.972582,0.048144,0.087760,-0.069720,0.993699,0,-0.33775,0.68357,-20.265,1.367,-1,450.000,-1,400.000,-1,350.000,325.000,325.000,300.000,-1,-1,-1,-1,-1,950.000,-1,-1,2,0,2,0,2,0,0,0,0,2,2,2,2,2,0,2,2
75,9262.851,-2979.937,-90.318,14.218,0.964108,-0.244983,-0.102368,0.250699,0.966918,0.047113,0.087440,-0.071085,0.993630,0,-0.33775,0.68357,-20.265,1.367,-1,450.000,-1,400.000,-1,350.000,325.000,325.000,300.000,-1,-1,-1,-1,-1,950.000,-1,-1,2,0,2,0,2,0,0,0,0,2,2,2,2,2,0,2,2
76,9243.330,-2985.379,-91.978,15.585,0.957907,-0.267940,-0.103064,0.273767,0.960645,0.047043,0.086403,-0.073278,0.993562,0,-0.33775,0.68357,-20.265,1.367,-1,450.000,-1,400.000,-1,350.000,325.000,325.000,300.000,-1,-1,-1,-1,-1,950.000,-1,-1,2,0,2,0,2,0,0,0,0,2,2,2,2,2,0,2,2
77,9223.944,-2991.286,-93.620,16.952,0.951153,-0.290735,-0.103828,0.296679,0.953821,0.046983,0.085373,-0.075491,0.993485,0,-0.33775,0.68357,-20.265,1.367,-1,450.000,-1,400.000,-1,350.000,325.000,325.000,300.000,-1,-1,-1,-1,-1,950.000,-1,-1,2,0,2,0,2,0,0,0,0,2,2,2,2,2,0,2,2
78,9204.705,-2997.654,-95.234,18.319,0.943853,-0.313357,-0.104641,0.319419,0.946453,0.046891,0.084345,-0.077682,0.993404,0,-0.33775,0.68357,-20.265,1.367,-1,450.000,-1,400.000,-1,350.000,325.000,325.000,300.000,-1,-1,-1,-1,-1,950.000,-1,-1,2,0,2,0,2,0,0,0,0,2,2,2,2,2,0,2,2
79,9185.623,-3004.479,-96.813,19.686,0.936012,-0.335792,-0.105479,0.341970,0.938547,0.046751,0.083299,-0.079830,0.993322,0,-0.33775,0.68357,-20.265,1.367,-1,450.000,-1,400.000,-1,350.000,325.000,300.000,300.000,-1,-1,-1,-1,-1,950.000,-1,-1,2,0,2,0,2,0,0,0,0,2,2,2,2,2,0,2,2
80,9166.709,-3011.757,-98.357,21.053,0.927636,-0.358028,-0.106338,0.364320,0.930109,0.046564,0.082235,-0.081936,0.993239,0,-0.33775,0.68357,-20.265,1.367,-1,450.000,-1,400.000,-1,350.000,325.000,300.000,325.000,-1,-1,-1,-1,-1,950.000,-1,-1,2,0,2,0,2,0,0,0,0,2,2,2,2,2,0,2,2
81,9147.974,-3019.484,-99.866,22.420,0.918730,-0.380052,-0.107215,0.386457,0.921143,0.046332,0.081152,-0.084001,0.993156,0,-0.33775,0.68357,-20.265,1.367,-1,450.000,-1,400.000,-1,350.000,325.000,300.000,325.000,-1,-1,-1,-1,-1,950.000,-1,-1,2,0,2,0,2,0,0,0,0,2,2,2,2,2,0,2,2
82,9129.429,-3027.657,-101.340,23.788,0.909301,-0.401851,-0.108109,0.408367,0.911655,0.046056,0.080050,-0.086027,0.993072,0,-0.33775,0.68357,-20.265,1.367,-1,425.000,-1,400.000,-1,350.000,325.000,300.000,325.000,-1,-1,-1,-1,-1,950.000,-1,-1,2,0,2,0,2,0,0,0,0,2,2,2,2,2,0,2,2
83,9115.456,-3034.287,-102.430,25.395,0.897595,-0.427175,-0.108832,0.433800,0.899844,0.045814,0.078361,-0.088334,0.993004,0,-0.25775,0.80357,-15.465,1.607,-1,425.000,-1,425.000,-1,350.000,325.000,300.000,325.000,-1,-1,-1,-1,-1,975.000,-1,-1,2,0,2,0,2,0,0,0,0,2,2,2,2,2,0,2,2
84,9105.971,-3039.167,-103.189,27.242,0.883326,-0.455859,-0.109218,0.462567,0.885414,0.045534,0.075946,-0.090742,0.992974,0,-0.17775,0.92357,-10.665,1.847,-1,425.000,-1,425.000,-1,350.000,325.000,300.000,325.000,-1,-1,-1,-1,-1,975.000,-1,-1,2,0,2,0,2,0,0,0,0,2,2,2,2,2,0,2,2
85,9100.850,-3042.030,-103.626,29.242,0.866848,-0.486359,-0.109681,0.493171,0.868746,0.045419,0.073194,-0.093463,0.992929,0,-0.09775,1.00000,-5.865,2.000,-1,425.000,-1,425.000,-1,350.000,325.000,300.000,325.000,-1,-1,-1,-1,-1,1000.000,-1,-1,2,0,2,0,2,0,0,0,0,2,2,2,2,2,0,2,2
86,9099.936,-3042.580,-103.711,31.242,0.849321,-0.516242,-0.110214,0.523171,0.851014,0.045464,0.070323,-0.096274,0.992868,0,-0.01775,1.00000,-1.065,2.000,-1,425.000,-1,425.000,-1,350.000,350.000,300.000,325.000,-1,-1,-1,-1,-1,-1,-1,-1,2,0,2,0,2,0,0,0,0,2,2,2,2,2,2,2,2
87,9103.056,-3040.530,-103.449,33.242,0.830780,-0.545477,-0.110721,0.552522,0.832248,0.045632,0.067256,-0.099086,0.992803,0,0.06225,1.00000,3.735,2.000,-1,425.000,-1,425.000,-1,350.000,350.000,300.000,325.000,-1,-1,-1,-1,-1,-1,-1,-1,2,0,2,0,2,0,0,0,0,2,2,2,2,2,2,2,2
88,9110.023,-3035.603,-102.932,35.242,0.811278,-0.574038,-0.110942,0.581168,0.812491,0.045859,0.063815,-0.101680,0.992768,0,0.14225,1.00000,8.535,2.000,-1,425.000,-1,425.000,-1,350.000,350.000,300.000,325.000,-1,-1,-1,-1,-1,-1,-1,-1,2,0,2,0,2,0,0,0,0,2,2,2,2,2,2,2,2
89,9120.634,-3027.532,-102.187,37.242,0.790835,-0.601893,-0.110925,0.609079,0.791763,0.046197,0.060021,-0.104096,0.992754,0,0.22225,1.00000,13.335,2.000,-1,425.000,-1,425.000,-1,350.000,350.000,300.000,325.000,-1,-1,-1,-1,-1,-1,-1,-1,2,0,2,0,2,0,0,0,0,2,2,2,2,2,2,2,2
90,9134.675,-3016.058,-101.225,39.242,0.769470,-0.629003,-0.110778,0.636230,0.770085,0.046706,0.055930,-0.106419,0.992747,0,0.30225,1.00000,18.135,2.000,-1,425.000,-1,425.000,-1,350.000,350.000,300.000,325.000,-1,-1,-1,-1,-1,-1,-1,-1,2,0,2,0,2,0,0,0,0,2,2,2,2,2,2,2,2
91,9151.916,-3000.937,-100.083,41.242,0.747208,-0.655335,-0.110528,0.662589,0.747481,0.047419,0.051542,-0.108667,0.992741,0,0.38225,1.00000,22.935,2.000,-1,425.000,-1,450.000,-1,350.000,350.000,300.000,325.000,-1,-1,-1,-1,-1,-1,-1,-1,2,0,2,0,2,0,0,0,0,2,2,2,2,2,2,2,2
92,9172.116,-2981.936,-98.980,43.242,0.724160,-0.680909,-0.109342,0.688075,0.724034,0.048246,0.046317,-0.110173,0.992833,0,0.46225,1.00000,27.735,2.000,-1,425.000,-1,450.000,-1,350.000,350.000,300.000,325.000,-1,-1,-1,-1,-1,-1,-1,-1,2,0,2,0,2,0,0,0,0,2,2,2,2,2,2,2,2
93,9195.020,-2958.834,-98.083,45.242,0.700401,-0.705738,-0.106641,0.712635,0.699805,0.049244,0.039874,-0.110487,0.993077,0,0.54225,1.00000,32.535,2.000,-1,425.000,-1,450.000,-1,350.000,350.000,300.000,300.000,-1,-1,-1,-1,-1,-1,-1,-1,2,0,2,0,2,0,0,0,0,2,2,2,2,2,2,2,2
94,9220.363,-2931.422,-97.174,47.242,0.675841,-0.729725,-0.103636,0.736311,0.674743,0.050680,0.032945,-0.110560,0.993323,0,0.62225,1.00000,37.335,2.000,-1,425.000,-1,450.000,-1,350.000,350.000,300.000,300.000,-1,-1,-1,-1,-1,-1,-1,-1,2,0,2,0,2,0,0,0,0,2,2,2,2,2,2,2,2
95,9247.869,-2899.507,-96.297,49.242,0.650506,-0.752842,-0.100358,0.759073,0.648877,0.052609,0.025514,-0.110402,0.993559,0,0.70225,1.00000,42.135,2.000,-1,425.000,-1,450.000,-1,350.000,350.000,300.000,300.000,-1,-1,-1,-1,-1,-1,-1,-1,2,0,2,0,2,0,0,0,0,2,2,2,2,2,2,2,2
96,9277.248,-2862.908,-95.549,51.242,0.624400,-0.775042,-0.097131,0.780903,0.622218,0.055085,0.017744,-0.110245,0.993746,0,0.78225,1.00000,46.935,2.000,-1,425.000,-1,425.000,-1,350.000,350.000,300.000,300.000,-1,-1,-1,-1,-1,-1,-1,-1,2,0,2,0,2,0,0,0,0,2,2,2,2,2,2,2,2
97,9308.205,-2821.461,-95.056,53.242,0.597529,-0.796269,-0.094417,0.801786,0.594779,0.058113,0.009884,-0.110426,0.993835,0,0.86225,1.00000,51.735,2.000,-1,425.000,-1,425.000,-1,350.000,350.000,300.000,300.000,-1,-1,-1,-1,-1,-1,-1,-1,2,0,2,0,2,0,0,0,0,2,2,2,2,2,2,2,2
98,9339.780,-2775.954,-94.779,55.242,0.569954,-0.816523,-0.091883,0.821675,0.566614,0.061629,0.001741,-0.110624,0.993861,0,0.92319,1.00000,55.392,2.000,-1,425.000,-1,425.000,-1,350.000,350.000,300.000,300.000,-1,-1,-1,-1,1000.000,-1,-1,-1,2,0,2,0,2,0,0,0,0,2,2,2,2,0,2,2,2
99,9369.749,-2729.372,-94.753,57.242,0.541683,-0.835779,-0.089736,0.840558,0.537759,0.065397,-0.006401,-0.110853,0.993816,0,0.92319,1.00000,55.392,2.000,-1,425.000,-1,425.000,-1,350.000,350.000,300.000,300.000,-1,-1,-1,-1,975.000,-1,-1,-1,2,0,2,0,2,0,0,0,0,2,2,2,2,0,2,2,2
100,9398.073,-2681.773,-95.114,59.242,0.512803,-0.853959,-0.088247,0.858376,0.508217,0.070049,-0.014970,-0.111670,0.993633,0,0.92319,1.00000,55.392,2.000,-1,425.000,-1,425.000,-1,350.000,350.000,300.000,300.000,-1,-1,-1,-1,950.000,-1,-1,-1,2,0,2,0,2,0,0,0,0,2,2,2,2,0,2,2,2
101,9424.717,-2633.213,-95.786,61.242,0.483336,-0.871065,-0.087363,0.875114,0.478044,0.075165,-0.023710,-0.112782,0.993337,0,0.92319,1.00000,55.392,2.000,-1,425.000,-1,425.000,-1,325.000,350.000,300.000,300.000,-1,-1,-1,-1,900.000,-1,-1,-1,2,0,2,0,2,0,0,0,0,2,2,2,2,0,2,2,2
102,9449.652,-2583.754,-96.846,63.242,0.453252,-0.887154,-0.086720,0.890809,0.447321,0.079773,-0.031979,-0.113408,0.993034,0,0.92319,1.00000,55.392,2.000,-1,400.000,-1,425.000,-1,325.000,350.000,300.000,325.000,-1,-1,-1,-1,875.000,1000.000,-1,-1,2,0,2,0,2,0,0,0,0,2,2,2,2,0,0,2,2
103,9472.849,-2533.456,-98.742,65.242,0.422408,-0.902381,-0.085328,0.905590,0.416159,0.081969,-0.038457,-0.111897,0.992975,0,0.92319,1.00000,55.392,2.000,-1,400.000,-1,425.000,-1,325.000,350.000,300.000,325.000,-1,-1,-1,-1,875.000,1000.000,-1,-1,2,0,2,0,2,0,0,0,0,2,2,2,2,0,0,2,2
104,9494.278,-2482.381,-101.365,67.242,0.390897,-0.916691,-0.082926,0.919381,0.384554,0.082805,-0.044017,-0.108608,0.993110,0,0.92319,1.00000,55.392,2.000,-1,400.000,-1,425.000,-1,325.000,350.000,300.000,325.000,-1,-1,-1,-1,850.000,1000.000,-1,-1,2,0,2,0,2,0,0,0,0,2,2,2,2,0,0,2,2
105,9513.914,-2430.589,-104.480,69.242,0.358896,-0.929979,-0.079573,0.932027,0.352489,0.084121,-0.050182,-0.104355,0.993273,0,0.92319,1.00000,55.392,2.000,-1,400.000,-1,425.000,-1,325.000,350.000,300.000,300.000,-1,-1,-1,-1,850.000,975.000,-1,-1,2,0,2,0,2,0,0,0,0,2,2,2,2,0,0,2,2
106,9531.730,-2378.143,-107.826,71.242,0.326411,-0.942133,-0.076421,0.943556,0.319961,0.085601,-0.056196,-0.100048,0.993394,0,0.92319,1.00000,55.392,2.000,-1,400.000,-1,425.000,-1,325.000,350.000,300.000,300.000,-1,-1,-1,-1,850.000,950.000,-1,-1,2,0,2,0,2,0,0,0,0,2,2,2,2,0,0,2,2
107,9547.705,-2325.106,-111.393,73.242,0.293483,-0.953137,-0.073476,0.953949,0.287009,0.087217,-0.062041,-0.095689,0.993476,0,0.92319,1.00000,55.392,2.000,-1,400.000,-1,425.000,-1,325.000,325.000,300.000,300.000,-1,-1,-1,-1,825.000,925.000,-1,-1,2,0,2,0,2,0,0,0,0,2,2,2,2,0,0,2,2
108,9560.801,-2276.241,-114.822,75.002,0.264172,-0.961861,-0.070973,0.962137,0.257696,0.088793,-0.067117,-0.091742,0.993518,0,0.84319,0.88000,50.592,1.760,-1,400.000,-1,425.000,-1,325.000,325.000,300.000,300.000,-1,-1,-1,-1,825.000,925.000,-1,-1,2,0,2,0,2,0,0,0,0,2,2,2,2,0,0,2,2
109,9571.763,-2230.517,-118.142,76.522,0.238631,-0.968670,-0.068805,0.968473,0.232166,0.090326,-0.071522,-0.088190,0.993533,0,0.78368,0.76000,47.021,1.520,-1,400.000,-1,425.000,-1,325.000,325.000,300.000,300.000,-1,-1,-1,-1,800.000,900.000,-1,-1,2,0,2,0,2,0,0,0,0,2,2,2,2,0,0,2,2
110,9581.701,-2184.559,-121.573,77.802,0.216973,-0.973891,-0.066782,0.973257,0.210530,0.091911,-0.075452,-0.084938,0.993525,0,0.78368,0.64000,47.021,1.280,-1,400.000,-1,425.000,-1,325.000,325.000,300.000,300.000,-1,-1,-1,-1,800.000,900.000,-1,-1,2,0,2,0,2,0,0,0,0,2,2,2,2,0,0,2,2
111,9590.803,-2138.428,-125.096,78.842,0.199283,-0.977792,-0.064883,0.976757,0.192866,0.093530,-0.078939,-0.082013,0.993500,0,0.78368,0.52000,47.021,1.040,-1,400.000,-1,425.000,-1,325.000,325.000,300.000,300.000,-1,-1,-1,-1,800.000,900.000,-1,-1,2,0,2,0,2,0,0,0,0,2,2,2,2,0,0,2,2
112,9599.260,-2092.174,-128.694,79.642,0.185620,-0.980594,-0.063085,0.979193,0.179232,0.095170,-0.082016,-0.079438,0.993460,0,0.78368,0.40000,47.021,0.800,-1,400.000,-1,425.000,-1,325.000,325.000,300.000,300.000,-1,-1,-1,-1,775.000,875.000,-1,-1,2,0,2,0,2,0,0,0,0,2,2,2,2,0,0,2,2
113,9607.264,-2045.839,-132.350,80.202,0.176028,-0.982470,-0.061366,0.980733,0.169669,0.096824,-0.084715,-0.077227,0.993408,0,0.78368,0.28000,47.021,0.560,-1,400.000,-1,425.000,-1,325.000,325.000,300.000,300.000,-1,-1,-1,-1,775.000,875.000,-1,-1,2,0,2,0,2,0,0,0,0,2,2,2,2,0,0,2,2
114,9615.008,-1999.460,-136.172,80.522,0.170558,-0.983505,-0.060235,0.981523,0.164197,0.098247,-0.086736,-0.075879,0.993337,0,0.78368,0.16000,47.021,0.320,-1,400.000,-1,425.000,-1,325.000,325.000,300.000,300.000,-1,-1,-1,-1,775.000,875.000,-1,-1,2,0,2,0,2,0,0,0,0,2,2,2,2,0,0,2,2
115,9622.686,-1953.071,-140.188,80.602,0.169260,-0.983755,-0.059806,0.981603,0.162827,0.099718,-0.088360,-0.075584,0.993217,0,0.78368,0.04000,47.021,0.080,-1,400.000,-1,425.000,-1,325.000,325.000,300.000,300.000,-1,-1,-1,-1,775.000,850.000,-1,-1,2,0,2,0,2,0,0,0,0,2,2,2,2,0,0,2,2
116,9630.495,-1906.702,-144.425,80.442,0.171996,-0.983342,-0.058786,0.981052,0.165581,0.100599,-0.089190,-0.074975,0.993189,0,0.78368,-0.08000,47.021,-0.160,-1,400.000,-1,425.000,-1,325.000,325.000,300.000,300.000,-1,-1,-1,-1,750.000,850.000,-1,-1,2,0,2,0,2,0,0,0,0,2,2,2,2,0,0,2,2
117,9638.627,-1860.390,-148.778,80.042,0.178814,-0.982206,-0.057422,0.979791,0.172450,0.101341,-0.089635,-0.074383,0.993193,0,0.78368,-0.20000,47.021,-0.400,-1,400.000,-1,400.000,-1,325.000,325.000,300.000,300.000,-1,-1,-1,-1,750.000,825.000,-1,-1,2,0,2,0,2,0,0,0,0,2,2,2,2,0,0,2,2
118,9647.275,-1814.170,-153.118,79.402,0.189742,-0.980230,-0.056103,0.977719,0.183412,0.102102,-0.089794,-0.074226,0.993191,0,0.78368,-0.32000,47.021,-0.640,-1,400.000,-1,400.000,-1,325.000,325.000,300.000,300.000,-1,-1,-1,-1,750.000,825.000,-1,-1,2,0,2,0,2,0,0,0,0,2,2,2,2,0,0,2,2
119,9655.330,-1772.725,-157.009,79.002,0.196548,-0.978955,-0.054922,0.976339,0.190257,0.102785,-0.090172,-0.073825,0.993186,0,0.70368,-0.20000,42.221,-0.400,-1,400.000,-1,400.000,-1,325.000,325.000,300.000,300.000,-1,-1,-1,-1,750.000,825.000,-1,-1,2,0,2,0,2,0,0,0,0,2,2,2,2,0,0,2,2
120,9663.308,-1732.284,-160.814,78.842,0.199244,-0.978473,-0.053775,0.975731,0.193000,0.103443,-0.090837,-0.073081,0.993181,0,0.68699,-0.08000,41.219,-0.160,-1,400.000,-1,400.000,-1,325.000,325.000,300.000,300.000,-1,-1,-1,-1,750.000,800.000,-1,-1,2,0,2,0,2,0,0,0,0,2,2,2,2,0,0,2,2
121,9671.229,-1691.833,-164.638,78.922,0.197832,-0.978821,-0.052643,0.975928,0.191649,0.104088,-0.091794,-0.071968,0.993174,0,0.68699,0.04000,41.219,0.080,-1,400.000,-1,400.000,-1,325.000,325.000,300.000,300.000,-1,-1,-1,-1,725.000,800.000,-1,-1,2,0,2,0,2,0,0,0,0,2,2,2,2,0,0,2,2
122,9679.023,-1651.357,-168.487,79.102,0.194705,-0.979507,-0.051540,0.976456,0.188589,0.104724,-0.092858,-0.070716,0.993165,0,0.68699,0.09005,41.219,0.180,-1,400.000,-1,400.000,-1,325.000,325.000,300.000,300.000,-1,-1,-1,-1,725.000,800.000,-1,-1,2,0,2,0,2,0,0,0,0,2,2,2,2,0,0,2,2
123,9686.690,-1610.857,-172.364,79.282,0.191576,-0.980179,-0.050473,0.976975,0.185525,0.105355,-0.093903,-0.069494,0.993153,0,0.68699,0.09005,41.219,0.180,-1,400.000,-1,400.000,-1,325.000,325.000,300.000,300.000,-1,-1,-1,-1,725.000,775.000,-1,-1,2,0,2,0,2,0,0,0,0,2,2,2,2,0,0,2,2
124,9694.230,-1570.333,-176.267,79.462,0.188445,-0.980839,-0.049441,0.977485,0.182458,0.105980,-0.094928,-0.068299,0.993138,0,0.68699,0.09005,41.219,0.180,-1,400.000,-1,400.000,-1,325.000,325.000,300.000,300.000,-1,-1,-1,-1,725.000,775.000,-1,-1,2,0,2,0,2,0,0,0,0,2,2,2,2,0,0,2,2
125,9701.642,-1529.786,-180.198,79.642,0.185311,-0.981485,-0.048444,0.977986,0.179389,0.106600,-0.095936,-0.067132,0.993121,0,0.68699,0.09005,41.219,0.180,-1,375.000,-1,400.000,-1,325.000,325.000,300.000,300.000,-1,-1,-1,-1,725.000,775.000,-1,-1,2,0,2,0,2,0,0,0,0,2,2,2,2,0,0,2,2
126,9708.926,-1489.215,-184.154,79.822,0.182175,-0.982119,-0.047481,0.978477,0.176316,0.107213,-0.096924,-0.065991,0.993102,0,0.68699,0.09005,41.219,0.180,-1,375.000,-1,400.000,-1,325.000,325.000,300.000,300.000,-1,-1,-1,-1,700.000,750.000,-1,-1,2,0,2,0,2,0,0,0,0,2,2,2,2,0,0,2,2
127,9716.083,-1448.622,-188.135,80.002,0.179037,-0.982740,-0.046552,0.978960,0.173241,0.107820,-0.097894,-0.064876,0.993080,0,0.68699,0.09005,41.219,0.180,-1,375.000,-1,400.000,-1,325.000,325.000,300.000,300.000,-1,-1,-1,-1,700.000,750.000,-1,-1,2,0,2,0,2,0,0,0,0,2,2,2,2,0,0,2,2
128,9723.149,-1406.757,-192.269,80.423,0.171762,-0.984081,-0.045624,0.980139,0.166047,0.108421,-0.099119,-0.063341,0.993058,0,0.70762,0.21005,42.457,0.420,-1,375.000,-1,400.000,-1,325.000,325.000,300.000,300.000,-1,-1,-1,-1,700.000,750.000,-1,-1,2,0,2,0,2,0,0,0,0,2,2,2,2,0,0,2,2
129,9729.731,-1364.813,-196.441,81.083,0.160330,-0.986050,-0.044718,0.981931,0.154718,0.108970,-0.100531,-0.061382,0.993039,0,0.70762,0.33005,42.457,0.660,-1,375.000,-1,400.000,-1,300.000,325.000,300.000,300.000,-1,-1,-1,-1,700.000,725.000,-1,-1,2,0,2,0,2,0,0,0,0,2,2,2,2,0,0,2,2
130,9735.655,-1322.771,-200.647,81.983,0.144689,-0.988505,-0.043846,0.984241,0.139230,0.109016,-0.101658,-0.058928,0.993073,0,0.70762,0.45005,42.457,0.900,-1,375.000,-1,375.000,-1,300.000,325.000,300.000,300.000,-1,-1,-1,-1,700.000,725.000,-1,-1,2,0,2,0,2,0,0,0,0,2,2,2,2,0,0,2,2
131,9740.742,-1280.620,-204.857,83.123,0.124794,-0.991264,-0.042684,0.986854,0.119556,0.108744,-0.102691,-0.055694,0.993153,0,0.70762,0.57005,42.457,1.140,-1,375.000,-1,375.000,-1,300.000,300.000,300.000,300.000,-1,-1,-1,-1,675.000,725.000,-1,-1,2,0,2,0,2,0,0,0,0,2,2,2,2,0,0,2,2
132,9744.811,-1238.359,-208.941,84.503,0.100694,-0.994019,-0.042269,0.989568,0.095663,0.107722,-0.103034,-0.052675,0.993282,0,0.70762,0.69005,42.457,1.380,-1,375.000,-1,375.000,-1,300.000,325.000,300.000,300.000,-1,-1,-1,-1,675.000,725.000,-1,-1,2,0,2,0,2,0,0,0,0,2,2,2,2,0,0,2,2
133,9747.685,-1196.000,-213.067,86.123,0.072339,-0.996501,-0.041876,0.992007,0.067533,0.106591,-0.103390,-0.049252,0.993421,0,0.70762,0.81005,42.457,1.620,-1,375.000,-1,375.000,-1,300.000,325.000,300.000,300.000,-1,-1,-1,-1,675.000,700.000,-1,-1,2,0,2,0,2,0,0,0,0,2,2,2,2,0,0,2,2
134,9749.182,-1153.570,-217.259,87.983,0.039712,-0.998352,-0.041418,0.993809,0.035159,0.105396,-0.103766,-0.045347,0.993567,0,0.70762,0.93005,42.457,1.860,-1,375.000,-1,375.000,-1,300.000,325.000,300.000,300.000,-1,-1,-1,-1,650.000,700.000,-1,-1,2,0,2,0,2,0,0,0,0,2,2,2,2,0,0,2,2
135,9749.197,-1111.113,-221.516,89.983,0.004576,-0.999154,-0.040871,0.994562,0.000295,0.104146,-0.104046,-0.041125,0.993722,0,0.70762,1.00000,42.457,2.000,-1,375.000,-1,375.000,-1,300.000,325.000,300.000,300.000,-1,-1,-1,-1,650.000,675.000,-1,-1,2,0,2,0,2,0,0,0,0,2,2,2,2,0,0,2,2
136,9747.731,-1068.682,-225.835,91.983,-0.030580,-0.998723,-0.040224,0.994095,-0.034581,0.102856,-0.104116,-0.036841,0.993883,0,0.70762,1.00000,42.457,2.000,-1,375.000,-1,375.000,-1,325.000,325.000,300.000,300.000,-1,-1,-1,-1,650.000,675.000,-1,-1,2,0,2,0,2,0,0,0,0,2,2,2,2,0,0,2,2
137,9744.784,-1026.328,-230.208,93.983,-0.065712,-0.997058,-0.039473,0.992406,-0.069425,0.101536,-0.103978,-0.032501,0.994048,0,0.70762,1.00000,42.457,2.000,-1,375.000,-1,400.000,-1,325.000,325.000,300.000,300.000,-1,-1,-1,-1,650.000,650.000,-1,-1,2,0,2,0,2,0,0,0,0,2,2,2,2,0,0,2,2
138,9740.361,-984.102,-234.625,95.983,-0.100774,-0.994160,-0.038614,0.989497,-0.104193,0.100196,-0.103634,-0.028111,0.994218,0,0.70762,1.00000,42.457,2.000,-1,375.000,-1,375.000,-1,325.000,325.000,300.000,300.000,-1,-1,1000.000,-1,625.000,650.000,-1,-1,2,0,2,0,2,0,0,0,0,2,2,0,2,0,0,2,2
