timestep,x_cm,y_cm,z_cm,yaw_deg,basis_xx,basis_xy,basis_xz,basis_yx,basis_yy,basis_yz,basis_zx,basis_zy,basis_zz,teleport_flag,throttle_cmd,steering_cmd,cmd_move_cm,cmd_turn_deg,lidar_cm_0,lidar_cm_1,lidar_cm_2,lidar_cm_3,lidar_cm_4,lidar_cm_5,lidar_cm_6,lidar_cm_7,lidar_cm_8,lidar_cm_9,lidar_cm_10,lidar_cm_11,lidar_cm_12,lidar_cm_13,lidar_cm_14,lidar_cm_15,lidar_cm_16,lidar_class_0,lidar_class_1,lidar_class_2,lidar_class_3,lidar_class_4,lidar_class_5,lidar_class_6,lidar_class_7,lidar_class_8,lidar_class_9,lidar_class_10,lidar_class_11,lidar_class_12,lidar_class_13,lidar_class_14,lidar_class_15,lidar_class_16
0,9508.382,979.886,-151.016,-123.423,-0.551373,0.834042,-0.019014,-0.833969,-0.550437,0.038919,0.021994,0.037316,0.999061,1,0.08000,0.12000,4.800,0.240,-1,400.000,-1,375.000,-1,325.000,325.000,300.000,300.000,-1,575.000,625.000,-1,750.000,725.000,-1,-1,2,0,2,0,2,0,0,0,0,2,0,0,2,0,0,2,2
1,9503.161,971.829,-150.781,-122.943,-0.544365,0.838639,-0.018776,-0.838552,-0.543440,0.038788,0.022325,0.036859,0.999071,0,0.16000,0.24000,9.600,0.480,-1,400.000,-1,375.000,-1,325.000,325.000,300.000,300.000,-1,600.000,650.000,-1,750.000,725.000,-1,-1,2,0,2,0,2,0,0,0,0,2,0,0,2,0,0,2,2
2,9495.482,959.648,-150.422,-122.223,-0.533781,0.845422,-0.018424,-0.845315,-0.532872,0.038605,0.022819,0.036181,0.999085,0,0.24000,0.36000,14.400,0.720,-1,400.000,-1,375.000,-1,325.000,325.000,300.000,300.000,-1,600.000,650.000,-1,750.000,725.000,-1,-1,2,0,2,0,2,0,0,0,0,2,0,0,2,0,0,2,2
3,9485.491,943.252,-149.939,-121.356,-0.520915,0.853420,-0.017962,-0.853287,-0.520026,0.038395,0.023427,0.035327,0.999101,0,0.32000,0.43377,19.200,0.868,-1,400.000,-1,375.000,-1,325.000,325.000,300.000,300.000,-1,625.000,675.000,-1,750.000,725.000,-1,-1,2,0,2,0,2,0,0,0,0,2,0,0,2,0,0,2,2
4,9473.314,922.571,-149.332,-120.488,-0.507928,0.861224,-0.017396,-0.861063,-0.507062,0.038189,0.024068,0.034377,0.999119,0,0.40000,0.43377,24.000,0.868,-1,400.000,-1,375.000,-1,325.000,325.000,300.000,300.000,-1,650.000,725.000,-1,750.000,725.000,-1,-1,2,0,2,0,2,0,0,0,0,2,0,0,2,0,0,2,2
5,9459.080,897.535,-148.595,-119.621,-0.494822,0.868833,-0.016742,-0.868642,-0.493981,0.037999,0.024745,0.033346,0.999138,0,0.48000,0.43377,28.800,0.868,-1,400.000,-1,375.000,-1,325.000,325.000,300.000,300.000,-1,675.000,750.000,-1,725.000,725.000,-1,-1,2,0,2,0,2,0,0,0,0,2,0,0,2,0,0,2,2
6,9442.916,868.078,-147.723,-118.753,-0.481601,0.876244,-0.016016,-0.876021,-0.480787,0.037840,0.025457,0.032254,0.999155,0,0.56000,0.43377,33.600,0.868,-1,400.000,-1,375.000,-1,325.000,325.000,300.000,300.000,-1,700.000,775.000,-1,725.000,725.000,-1,-1,2,0,2,0,2,0,0,0,0,2,0,0,2,0,0,2,2
7,9424.956,834.137,-146.712,-117.886,-0.468268,0.883455,-0.015237,-0.883198,-0.467481,0.037726,0.026206,0.031123,0.999172,0,0.64000,0.43377,38.400,0.868,-1,400.000,-1,375.000,-1,325.000,325.000,300.000,300.000,-1,750.000,825.000,-1,725.000,750.000,-1,-1,2,0,2,0,2,0,0,0,0,2,0,0,2,0,0,2,2
8,9405.331,795.652,-145.506,-117.018,-0.454833,0.890457,-0.014596,-0.890167,-0.454064,0.037798,0.027030,0.030185,0.999179,0,0.72000,0.43377,43.200,0.868,-1,375.000,-1,375.000,-1,325.000,325.000,300.000,300.000,-1,775.000,875.000,-1,725.000,750.000,-1,-1,2,0,2,0,2,0,0,0,0,2,0,0,2,0,0,2,2
9,9384.176,752.565,-144.141,-116.151,-0.441293,0.897254,-0.013992,-0.896930,-0.440542,0.037929,0.027868,0.029287,0.999182,0,0.80000,0.43377,48.000,0.868,-1,375.000,-1,375.000,-1,325.000,325.000,300.000,300.000,-1,825.000,925.000,-1,725.000,750.000,-1,-1,2,0,2,0,2,0,0,0,0,2,0,0,2,0,0,2,2
10,9361.625,704.823,-142.565,-115.283,-0.427660,0.903838,-0.013544,-0.903477,-0.426914,0.038383,0.028910,0.028651,0.999171,0,0.88000,0.43377,52.800,0.868,-1,375.000,-1,400.000,-1,325.000,325.000,300.000,300.000,-1,850.000,950.000,-1,725.000,750.000,-1,-1,2,0,2,0,2,0,0,0,0,2,0,0,2,0,0,2,2
11,9338.608,654.118,-140.861,-114.415,-0.413934,0.910211,-0.013230,-0.909811,-0.413186,0.039012,0.030043,0.028185,0.999151,0,0.92809,0.43377,55.685,0.868,-1,375.000,-1,400.000,-1,325.000,325.000,300.000,300.000,-1,900.000,1000.000,-1,725.000,750.000,-1,-1,2,0,2,0,2,0,0,0,0,2,0,0,2,0,0,2,2
12,9316.360,603.070,-139.140,-113.548,-0.400115,0.916372,-0.013014,-0.915935,-0.399361,0.039661,0.031146,0.027789,0.999128,0,0.92809,0.43377,55.685,0.868,-1,375.000,-1,400.000,-1,325.000,325.000,300.000,300.000,-1,925.000,-1,-1,725.000,750.000,-1,-1,2,0,2,0,2,0,0,0,0,2,0,2,2,0,0,2,2
13,9294.889,551.690,-137.353,-112.680,-0.386199,0.922327,-0.012786,-0.921858,-0.385446,0.040122,0.032078,0.027282,0.999113,0,0.92809,0.43377,55.685,0.868,-1,400.000,-1,400.000,-1,325.000,325.000,300.000,300.000,-1,975.000,-1,-1,725.000,750.000,-1,-1,2,0,2,0,2,0,0,0,0,2,0,2,2,0,0,2,2
14,9274.197,499.992,-135.482,-111.813,-0.372189,0.928075,-0.012375,-0.927567,-0.371444,0.040601,0.033084,0.026590,0.999099,0,0.92809,0.43377,55.685,0.868,-1,400.000,-1,400.000,-1,325.000,325.000,300.000,300.000,-1,-1,-1,-1,725.000,775.000,-1,-1,2,0,2,0,2,0,0,0,0,2,2,2,2,0,0,2,2
15,9254.291,447.986,-133.567,-110.945,-0.358092,0.933610,-0.011937,-0.933063,-0.357356,0.041112,0.034117,0.025859,0.999083,0,0.92809,0.43377,55.685,0.868,-1,400.000,-1,400.000,-1,325.000,325.000,300.000,300.000,-1,-1,-1,-1,725.000,775.000,-1,-1,2,0,2,0,2,0,0,0,0,2,2,2,2,0,0,2,2
16,9235.174,395.685,-131.631,-110.078,-0.343913,0.938930,-0.011582,-0.938345,-0.343186,0.041621,0.035104,0.025182,0.999066,0,0.92809,0.43377,55.685,0.868,-1,400.000,-1,400.000,-1,325.000,325.000,300.000,300.000,-1,-1,-1,-1,725.000,775.000,-1,-1,2,0,2,0,2,0,0,0,0,2,2,2,2,0,0,2,2
17,9216.851,343.100,-129.677,-109.210,-0.329656,0.944033,-0.011307,-0.943413,-0.328935,0.042125,0.036048,0.024554,0.999048,0,0.92809,0.43377,55.685,0.868,-1,400.000,-1,400.000,-1,325.000,325.000,300.000,300.000,-1,-1,-1,-1,725.000,775.000,-1,-1,2,0,2,0,2,0,0,0,0,2,2,2,2,0,0,2,2
18,9199.327,290.244,-127.702,-108.343,-0.315325,0.948919,-0.011110,-0.948264,-0.314608,0.042623,0.036950,0.023976,0.999029,0,0.92809,0.43377,55.685,0.868,-1,400.000,-1,400.000,-1,325.000,325.000,300.000,300.000,-1,-1,-1,-1,725.000,775.000,-1,-1,2,0,2,0,2,0,0,0,0,2,2,2,2,0,0,2,2
19,9182.605,237.129,-125.710,-107.475,-0.300922,0.953585,-0.010999,-0.952899,-0.300208,0.043109,0.037806,0.023453,0.999010,0,0.92809,0.43377,55.685,0.868,-1,375.000,-1,400.000,-1,325.000,325.000,300.000,300.000,-1,-1,-1,-1,725.000,775.000,-1,-1,2,0,2,0,2,0,0,0,0,2,2,2,2,0,0,2,2
20,9166.689,183.766,-123.707,-106.608,-0.286453,0.958031,-0.010992,-0.957316,-0.285739,0.043572,0.038603,0.023004,0.998990,0,0.92809,0.43377,55.685,0.868,-1,375.000,-1,400.000,-1,325.000,325.000,300.000,300.000,-1,-1,-1,-1,725.000,775.000,-1,-1,2,0,2,0,2,0,0,0,0,2,2,2,2,0,0,2,2
21,9151.583,130.169,-121.655,-105.740,-0.271922,0.962254,-0.011208,-0.961518,-0.271202,0.043958,0.039259,0.022730,0.998971,0,0.92809,0.43377,55.685,0.868,-1,375.000,-1,400.000,-1,325.000,325.000,300.000,300.000,-1,-1,-1,-1,725.000,775.000,-1,-1,2,0,2,0,2,0,0,0,0,2,2,2,2,0,0,2,2
22,9137.291,76.349,-119.560,-104.872,-0.257335,0.966252,-0.011622,-0.965503,-0.256602,0.044266,0.039790,0.022613,0.998952,0,0.92809,0.43377,55.685,0.868,-1,375.000,-1,400.000,-1,325.000,325.000,300.000,300.000,-1,-1,-1,-1,725.000,775.000,-1,-1,2,0,2,0,2,0,0,0,0,2,2,2,2,0,0,2,2
23,9123.815,22.319,-117.326,-104.005,-0.242710,0.970018,-0.012574,-0.969261,-0.241941,0.044699,0.040317,0.023036,0.998921,0,0.92809,0.43377,55.685,0.868,-1,375.000,-1,400.000,-1,325.000,325.000,300.000,300.000,-1,-1,-1,-1,725.000,775.000,-1,-1,2,0,2,0,2,0,0,0,0,2,2,2,2,0,0,2,2
24,9111.159,-31.910,-115.039,-103.137,-0.228039,0.973556,-0.013688,-0.972789,-0.227223,0.045297,0.040989,0.023645,0.998880,0,0.92809,0.43377,55.685,0.868,-1,375.000,-1,400.000,-1,325.000,325.000,300.000,300.000,-1,-1,-1,-1,725.000,775.000,-1,-1,2,0,2,0,2,0,0,0,0,2,2,2,2,0,0,2,2
25,9099.325,-86.323,-112.632,-102.270,-0.213301,0.976880,-0.014431,-0.976100,-0.212455,0.045726,0.041602,0.023839,0.998850,0,0.92809,0.43377,55.685,0.868,-1,375.000,-1,400.000,-1,325.000,325.000,300.000,300.000,-1,-1,-1,-1,725.000,775.000,-1,-1,2,0,2,0,2,0,0,0,0,2,2,2,2,0,0,2,2
26,9088.316,-140.909,-110.140,-101.402,-0.198506,0.979987,-0.014875,-0.979182,-0.197641,0.046261,0.042395,0.023748,0.998819,0,0.92809,0.43377,55.685,0.868,-1,375.000,-1,400.000,-1,325.000,325.000,300.000,300.000,-1,-1,-1,-1,725.000,775.000,-1,-1,2,0,2,0,2,0,0,0,0,2,2,2,2,0,0,2,2
27,9078.135,-195.656,-107.639,-100.535,-0.183666,0.982869,-0.015337,-0.982039,-0.182780,0.046803,0.043198,0.023658,0.998786,0,0.92809,0.43377,55.685,0.868,-1,375.000,-1,400.000,-1,325.000,325.000,300.000,300.000,-1,-1,-1,-1,725.000,775.000,-1,-1,2,0,2,0,2,0,0,0,0,2,2,2,2,0,0,2,2
28,9068.784,-250.551,-105.129,-99.667,-0.168785,0.985526,-0.015817,-0.984670,-0.167878,0.047354,0.044013,0.023567,0.998753,0,0.92809,0.43377,55.685,0.868,-1,375.000,-1,400.000,-1,325.000,325.000,300.000,300.000,-1,-1,-1,-1,725.000,775.000,-1,-1,2,0,2,0,2,0,0,0,0,2,2,2,2,0,0,2,2
29,9060.265,-305.581,-102.607,-98.800,-0.153866,0.987957,-0.016314,-0.987074,-0.152938,0.047913,0.044841,0.023475,0.998718,0,0.92809,0.43377,55.685,0.868,-1,375.000,-1,400.000,-1,325.000,325.000,300.000,300.000,-1,-1,-1,-1,725.000,775.000,-1,-1,2,0,2,0,2,0,0,0,0,2,2,2,2,0,0,2,2
30,9052.581,-360.734,-100.075,-97.932,-0.138914,0.990161,-0.016830,-0.989250,-0.137962,0.048483,0.045684,0.023384,0.998682,0,0.92809,0.43377,55.685,0.868,-1,375.000,-1,400.000,-1,325.000,325.000,300.000,300.000,-1,-1,-1,-1,725.000,750.000,-1,-1,2,0,2,0,2,0,0,0,0,2,2,2,2,0,0,2,2
31,9045.732,-415.996,-97.540,-97.065,-0.123932,0.992138,-0.017392,-0.991197,-0.122954,0.049093,0.046569,0.023323,0.998643,0,0.92809,0.43377,55.685,0.868,-1,375.000,-1,400.000,-1,325.000,325.000,300.000,300.000,-1,-1,-1,-1,725.000,750.000,-1,-1,2,0,2,0,2,0,0,0,0,2,2,2,2,0,0,2,2
32,9040.028,-466.561,-95.219,-96.437,-0.113086,0.993423,-0.017925,-0.992458,-0.112080,0.049660,0.047324,0.023406,0.998605,0,0.84809,0.31377,50.885,0.628,-1,375.000,-1,400.000,-1,325.000,325.000,300.000,300.000,-1,-1,-1,-1,725.000,750.000,-1,-1,2,0,2,0,2,0,0,0,0,2,2,2,2,0,0,2,2
33,9035.171,-512.390,-93.119,-96.049,-0.106393,0.994154,-0.018418,-0.993168,-0.105358,0.050175,0.047941,0.023631,0.998571,0,0.76809,0.19377,46.085,0.388,-1,375.000,-1,400.000,-1,325.000,325.000,300.000,300.000,-1,-1,-1,-1,700.000,750.000,-1,-1,2,0,2,0,2,0,0,0,0,2,2,2,2,0,0,2,2
34,9030.926,-553.457,-91.242,-95.902,-0.103861,0.994413,-0.018862,-0.993413,-0.102796,0.050635,0.048413,0.023997,0.998539,0,0.68809,0.07377,41.285,0.148,-1,375.000,-1,400.000,-1,325.000,325.000,300.000,300.000,-1,-1,-1,-1,700.000,750.000,-1,-1,2,0,2,0,2,0,0,0,0,2,2,2,2,0,0,2,2
35,9026.919,-591.617,-89.506,-95.994,-0.105496,0.994233,-0.019270,-0.993224,-0.104399,0.051055,0.048749,0.024525,0.998510,0,0.63951,-0.04623,38.370,-0.092,-1,375.000,-1,400.000,-1,325.000,325.000,300.000,300.000,-1,-1,-1,-1,700.000,750.000,-1,-1,2,0,2,0,2,0,0,0,0,2,2,2,2,0,0,2,2
36,9022.691,-629.754,-87.754,-96.327,-0.111301,0.993590,-0.019796,-0.992584,-0.110164,0.051383,0.048873,0.025368,0.998483,0,0.63951,-0.16623,38.370,-0.332,-1,375.000,-1,400.000,-1,325.000,325.000,300.000,300.000,-1,-1,-1,-1,700.000,750.000,-1,-1,2,0,2,0,2,0,0,0,0,2,2,2,2,0,0,2,2
37,9018.082,-667.847,-85.878,-96.899,-0.121292,0.992397,-0.020871,-0.991410,-0.120081,0.051835,0.048934,0.026979,0.998438,0,0.63951,-0.28623,38.370,-0.572,-1,375.000,-1,400.000,-1,325.000,325.000,300.000,300.000,-1,-1,-1,-1,725.000,750.000,-1,-1,2,0,2,0,2,0,0,0,0,2,2,2,2,0,0,2,2
38,9012.934,-705.870,-83.930,-97.712,-0.135408,0.990554,-0.021641,-0.989587,-0.134135,0.052207,0.048811,0.028485,0.998402,0,0.63951,-0.40623,38.370,-0.812,-1,375.000,-1,400.000,-1,325.000,325.000,300.000,300.000,-1,-1,-1,-1,725.000,750.000,-1,-1,2,0,2,0,2,0,0,0,0,2,2,2,2,0,0,2,2
39,9007.088,-743.793,-81.925,-98.764,-0.153627,0.987882,-0.022092,-0.986928,-0.152300,0.052698,0.048694,0.029899,0.998366,0,0.63951,-0.52623,38.370,-1.052,-1,375.000,-1,400.000,-1,325.000,325.000,300.000,300.000,-1,-1,-1,-1,725.000,750.000,-1,-1,2,0,2,0,2,0,0,0,0,2,2,2,2,0,0,2,2
40,9000.389,-781.574,-79.955,-100.057,-0.175920,0.984146,-0.022550,-0.983214,-0.174535,0.053177,0.048398,0.031527,0.998330,0,0.63951,-0.64623,38.370,-1.292,-1,375.000,-1,400.000,-1,325.000,325.000,300.000,300.000,-1,-1,-1,-1,725.000,750.000,-1,-1,2,0,2,0,2,0,0,0,0,2,2,2,2,0,0,2,2
41,8992.681,-819.162,-78.027,-101.589,-0.202227,0.979068,-0.023012,-0.978166,-0.200780,0.053645,0.047902,0.033358,0.998295,0,0.63951,-0.76623,38.370,-1.532,-1,375.000,-1,400.000,-1,325.000,325.000,300.000,300.000,-1,-1,-1,-1,725.000,775.000,-1,-1,2,0,2,0,2,0,0,0,0,2,2,2,2,0,0,2,2
42,8983.815,-856.495,-76.150,-103.362,-0.232463,0.972322,-0.023471,-0.971460,-0.230951,0.054101,0.047183,0.035378,0.998260,0,0.63951,-0.88623,38.370,-1.772,-1,375.000,-1,400.000,-1,325.000,325.000,300.000,300.000,-1,-1,-1,-1,725.000,775.000,-1,-1,2,0,2,0,2,0,0,0,0,2,2,2,2,0,0,2,2
43,8973.710,-893.511,-74.328,-105.271,-0.264780,0.964012,-0.023918,-0.963197,-0.263203,0.054548,0.046290,0.037481,0.998225,0,0.63951,-0.95482,38.370,-1.910,-1,375.000,-1,400.000,-1,325.000,325.000,300.000,300.000,-1,-1,-1,-1,725.000,775.000,-1,-1,2,0,2,0,2,0,0,0,0,2,2,2,2,0,0,2,2
44,8962.376,-930.169,-72.563,-107.181,-0.296797,0.954630,-0.024340,-0.953865,-0.295157,0.054990,0.045311,0.039538,0.998190,0,0.63951,-0.95482,38.370,-1.910,-1,375.000,-1,400.000,-1,325.000,325.000,300.000,300.000,-1,-1,-1,-1,725.000,775.000,-1,-1,2,0,2,0,2,0,0,0,0,2,2,2,2,0,0,2,2
45,8949.828,-966.430,-70.859,-109.090,-0.328478,0.944187,-0.024737,-0.943474,-0.326778,0.055428,0.044251,0.041546,0.998156,0,0.63951,-0.95482,38.370,-1.910,-1,375.000,-1,400.000,-1,325.000,325.000,300.000,300.000,-1,-1,-1,-1,750.000,775.000,-1,-1,2,0,2,0,2,0,0,0,0,2,2,2,2,0,0,2,2
46,8936.078,-1002.253,-69.218,-111.000,-0.359788,0.932696,-0.025108,-0.932038,-0.358030,0.055861,0.043112,0.043500,0.998123,0,0.63951,-0.95482,38.370,-1.910,-1,375.000,-1,400.000,-1,325.000,325.000,300.000,300.000,-1,-1,-1,-1,750.000,775.000,-1,-1,2,0,2,0,2,0,0,0,0,2,2,2,2,0,0,2,2
47,8921.142,-1037.597,-67.644,-112.910,-0.390691,0.920170,-0.025451,-0.919568,-0.388879,0.056289,0.041898,0.045396,0.998090,0,0.63951,-0.95482,38.370,-1.910,-1,375.000,-1,400.000,-1,325.000,325.000,300.000,300.000,-1,-1,-1,-1,750.000,775.000,-1,-1,2,0,2,0,2,0,0,0,0,2,2,2,2,0,0,2,2
48,8905.036,-1072.424,-66.139,-114.819,-0.421155,0.906623,-0.025765,-0.906079,-0.419290,0.056714,0.040615,0.047230,0.998058,0,0.63951,-0.95482,38.370,-1.910,-1,400.000,-1,400.000,-1,325.000,325.000,300.000,300.000,-1,-1,-1,-1,750.000,775.000,-1,-1,2,0,2,0,2,0,0,0,0,2,2,2,2,0,0,2,2
49,8887.779,-1106.696,-64.707,-116.729,-0.451144,0.892071,-0.026047,-0.891587,-0.449231,0.057134,0.039267,0.048999,0.998027,0,0.63951,-0.95482,38.370,-1.910,-1,400.000,-1,400.000,-1,325.000,325.000,300.000,300.000,-1,-1,-1,-1,750.000,800.000,-1,-1,2,0,2,0,2,0,0,0,0,2,2,2,2,0,0,2,2
50,8869.390,-1140.373,-63.340,-118.639,-0.480626,0.876530,-0.026350,-0.876110,-0.478666,0.057541,0.037823,0.050741,0.997995,0,0.63951,-0.95482,38.370,-1.910,-1,400.000,-1,400.000,-1,325.000,325.000,300.000,300.000,-1,-1,-1,-1,750.000,800.000,-1,-1,2,0,2,0,2,0,0,0,0,2,2,2,2,0,0,2,2
51,8849.888,-1173.418,-61.963,-120.548,-0.509572,0.860002,-0.027061,-0.859672,-0.507556,0.057882,0.036044,0.052759,0.997957,0,0.63951,-0.95482,38.370,-1.910,-1,400.000,-1,400.000,-1,325.000,325.000,300.000,300.000,-1,-1,-1,-1,775.000,800.000,-1,-1,2,0,2,0,2,0,0,0,0,2,2,2,2,0,0,2,2
52,8829.296,-1205.796,-60.666,-122.458,-0.537946,0.842523,-0.027746,-0.842285,-0.535876,0.058250,0.034209,0.054706,0.997916,0,0.63951,-0.95482,38.370,-1.910,-1,400.000,-1,400.000,-1,325.000,325.000,300.000,300.000,-1,-1,-1,-1,775.000,800.000,-1,-1,2,0,2,0,2,0,0,0,0,2,2,2,2,0,0,2,2
53,8807.637,-1237.469,-59.475,-124.368,-0.565710,0.824117,-0.028363,-0.823974,-0.563598,0.058513,0.032237,0.056472,0.997884,0,0.63951,-0.95482,38.370,-1.910,-1,400.000,-1,400.000,-1,325.000,325.000,300.000,300.000,-1,-1,-1,-1,775.000,800.000,-1,-1,2,0,2,0,2,0,0,0,0,2,2,2,2,0,0,2,2
54,8784.934,-1268.403,-58.422,-126.277,-0.592829,0.804810,-0.028883,-0.804768,-0.590697,0.058524,0.030040,0.057939,0.997868,0,0.63951,-0.95482,38.370,-1.910,-1,400.000,-1,400.000,-1,325.000,325.000,300.000,300.000,-1,-1,-1,-1,775.000,800.000,-1,-1,2,0,2,0,2,0,0,0,0,2,2,2,2,0,0,2,2
55,8761.212,-1298.563,-57.450,-128.187,-0.619286,0.784615,-0.029401,-0.784673,-0.617137,0.058565,0.027807,0.059338,0.997851,0,0.63951,-0.95482,38.370,-1.910,-1,400.000,-1,400.000,-1,325.000,325.000,300.000,300.000,-1,-1,-1,-1,775.000,800.000,-1,-1,2,0,2,0,2,0,0,0,0,2,2,2,2,0,0,2,2
56,8736.499,-1327.916,-56.563,-130.096,-0.645052,0.763553,-0.029912,-0.763712,-0.642889,0.058637,0.025542,0.060668,0.997831,0,0.63951,-0.95482,38.370,-1.910,-1,400.000,-1,400.000,-1,325.000,325.000,300.000,300.000,-1,-1,-1,-1,775.000,775.000,-1,-1,2,0,2,0,2,0,0,0,0,2,2,2,2,0,0,2,2
57,8710.821,-1356.429,-55.760,-132.006,-0.670099,0.741648,-0.030414,-0.741907,-0.667924,0.058741,0.023251,0.061927,0.997810,0,0.63951,-0.95482,38.370,-1.910,-1,400.000,-1,400.000,-1,325.000,325.000,300.000,300.000,-1,-1,-1,-1,775.000,775.000,-1,-1,2,0,2,0,2,0,0,0,0,2,2,2,2,0,0,2,2
58,8684.207,-1384.070,-55.043,-133.916,-0.694400,0.718926,-0.030903,-0.719285,-0.692216,0.058878,0.020938,0.063113,0.997787,0,0.63951,-0.95482,38.370,-1.910,-1,400.000,-1,400.000,-1,325.000,325.000,300.000,300.000,-1,-1,-1,-1,775.000,775.000,-1,-1,2,0,2,0,2,0,0,0,0,2,2,2,2,0,0,2,2
59,8656.687,-1410.810,-54.324,-135.825,-0.717916,0.695425,-0.031335,-0.695888,-0.715752,0.058631,0.018345,0.063898,0.997788,0,0.63951,-0.95482,38.370,-1.910,-1,400.000,-1,400.000,-1,325.000,325.000,300.000,300.000,-1,-1,-1,-1,775.000,775.000,-1,-1,2,0,2,0,2,0,0,0,0,2,2,2,2,0,0,2,2
60,8628.291,-1436.617,-53.693,-137.735,-0.740634,0.671157,-0.031776,-0.671724,-0.738495,0.058411,0.015737,0.064606,0.997787,0,0.63951,-0.95482,38.370,-1.910,-1,400.000,-1,400.000,-1,325.000,325.000,300.000,300.000,-1,-1,-1,-1,775.000,775.000,-1,-1,2,0,2,0,2,0,0,0,0,2,2,2,2,0,0,2,2
61,8599.050,-1461.463,-53.151,-139.645,-0.762531,0.646148,-0.032223,-0.646818,-0.760419,0.058223,0.013117,0.065239,0.997783,0,0.63951,-0.95482,38.370,-1.910,-1,400.000,-1,400.000,-1,325.000,325.000,300.000,300.000,-1,-1,-1,-1,775.000,775.000,-1,-1,2,0,2,0,2,0,0,0,0,2,2,2,2,0,0,2,2
62,8568.820,-1485.671,-52.687,-141.314,-0.780983,0.623697,-0.032682,-0.624460,-0.778896,0.058067,0.010760,0.065758,0.997778,0,0.64546,-0.83482,38.728,-1.670,-1,400.000,-1,400.000,-1,325.000,325.000,300.000,300.000,-1,-1,-1,-1,775.000,775.000,-1,-1,2,0,2,0,2,0,0,0,0,2,2,2,2,0,0,2,2
63,8537.860,-1509.218,-52.292,-142.744,-0.796255,0.604053,-0.033135,-0.604899,-0.794192,0.057940,0.008683,0.066179,0.997770,0,0.64828,-0.71482,38.897,-1.430,-1,400.000,-1,400.000,-1,325.000,325.000,300.000,300.000,-1,-1,-1,-1,775.000,775.000,-1,-1,2,0,2,0,2,0,0,0,0,2,2,2,2,0,0,2,2
64,8506.294,-1532.208,-51.956,-143.933,-0.808585,0.587421,-0.033581,-0.588339,-0.806543,0.057838,0.006891,0.066523,0.997761,0,0.65082,-0.59482,39.049,-1.190,-1,400.000,-1,400.000,-1,325.000,325.000,300.000,300.000,-1,-1,-1,-1,775.000,775.000,-1,-1,2,0,2,0,2,0,0,0,0,2,2,2,2,0,0,2,2
65,8474.239,-1554.751,-51.670,-144.883,-0.818175,0.573962,-0.034017,-0.574944,-0.816152,0.057754,0.005386,0.066811,0.997751,0,0.65312,-0.47482,39.187,-0.950,-1,400.000,-1,400.000,-1,325.000,325.000,300.000,300.000,-1,-1,-1,-1,775.000,775.000,-1,-1,2,0,2,0,2,0,0,0,0,2,2,2,2,0,0,2,2
66,8441.804,-1576.966,-51.423,-145.593,-0.825193,0.563800,-0.034444,-0.564836,-0.823184,0.057687,0.004170,0.067058,0.997740,0,0.65522,-0.35482,39.313,-0.710,-1,400.000,-1,400.000,-1,325.000,325.000,300.000,300.000,-1,-1,-1,-1,775.000,775.000,-1,-1,2,0,2,0,2,0,0,0,0,2,2,2,2,0,0,2,2
67,8409.092,-1598.978,-51.258,-146.062,-0.829769,0.557034,-0.034601,-0.558097,-0.827778,0.057549,0.003415,0.067063,0.997743,0,0.65714,-0.23482,39.429,-0.470,-1,400.000,-1,400.000,-1,325.000,325.000,300.000,300.000,-1,-1,-1,-1,800.000,775.000,-1,-1,2,0,2,0,2,0,0,0,0,2,2,2,2,0,0,2,2
68,8376.203,-1620.919,-51.128,-146.292,-0.831984,0.553715,-0.034664,-0.554791,-0.830008,0.057390,0.003007,0.066979,0.997750,0,0.65894,-0.11482,39.536,-0.230,-1,400.000,-1,400.000,-1,325.000,325.000,300.000,300.000,-1,-1,-1,-1,800.000,775.000,-1,-1,2,0,2,0,2,0,0,0,0,2,2,2,2,0,0,2,2
69,8343.165,-1642.823,-51.011,-146.455,-0.833549,0.551353,-0.034732,-0.552439,-0.831585,0.057243,0.002679,0.066902,0.997756,0,0.66064,-0.08156,39.639,-0.163,-1,400.000,-1,400.000,-1,325.000,325.000,300.000,300.000,-1,-1,-1,-1,800.000,775.000,-1,-1,2,0,2,0,2,0,0,0,0,2,2,2,2,0,0,2,2
70,8309.990,-1664.689,-50.906,-146.611,-0.835041,0.549086,-0.034803,-0.550183,-0.833089,0.057106,0.002362,0.066834,0.997761,0,0.66222,-0.07810,39.733,-0.156,-1,400.000,-1,400.000,-1,325.000,325.000,300.000,300.000,-1,-1,-1,-1,800.000,775.000,-1,-1,2,0,2,0,2,0,0,0,0,2,2,2,2,0,0,2,2
71,8276.686,-1686.515,-50.805,-146.760,-0.836460,0.546919,-0.034836,-0.548023,-0.834521,0.056960,0.002081,0.066735,0.997769,0,0.66365,-0.07457,39.819,-0.149,-1,400.000,-1,400.000,-1,325.000,325.000,300.000,300.000,-1,-1,-1,-1,800.000,775.000,-1,-1,2,0,2,0,2,0,0,0,0,2,2,2,2,0,0,2,2
72,8243.264,-1708.301,-50.716,-146.902,-0.837806,0.544853,-0.034868,-0.545965,-0.835879,0.056823,0.001815,0.066643,0.997775,0,0.66491,-0.07098,39.895,-0.142,-1,400.000,-1,400.000,-1,325.000,325.000,300.000,300.000,-1,-1,-1,-1,800.000,775.000,-1,-1,2,0,2,0,2,0,0,0,0,2,2,2,2,0,0,2,2
73,8209.735,-1730.043,-50.637,-147.037,-0.839078,0.542890,-0.034902,-0.544009,-0.837162,0.056696,0.001561,0.066560,0.997781,0,0.66603,-0.06733,39.962,-0.135,-1,400.000,-1,400.000,-1,325.000,325.000,300.000,300.000,-1,-1,-1,-1,800.000,775.000,-1,-1,2,0,2,0,2,0,0,0,0,2,2,2,2,0,0,2,2
74,8176.111,-1751.743,-50.570,-147.164,-0.840276,0.541032,-0.034938,-0.542157,-0.838370,0.056580,0.001320,0.066484,0.997787,0,0.66697,-0.06363,40.018,-0.127,-1,400.000,-1,400.000,-1,325.000,325.000,300.000,300.000,-1,-1,-1,-1,800.000,800.000,-1,-1,2,0,2,0,2,0,0,0,0,2,2,2,2,0,0,2,2
75,8142.401,-1773.397,-50.513,-147.284,-0.841399,0.539281,-0.034976,-0.540413,-0.839503,0.056473,0.001093,0.066418,0.997791,0,0.66776,-0.05988,40.066,-0.120,-1,400.000,-1,400.000,-1,325.000,325.000,300.000,300.000,-1,-1,-1,-1,825.000,800.000,-1,-1,2,0,2,0,2,0,0,0,0,2,2,2,2,0,0,2,2
76,8108.618,-1795.005,-50.467,-147.396,-0.842448,0.537638,-0.035015,-0.538776,-0.840560,0.056377,0.000878,0.066360,0.997795,0,0.66838,-0.05609,40.103,-0.112,-1,400.000,-1,400.000,-1,325.000,325.000,300.000,300.000,-1,-1,-1,-1,825.000,800.000,-1,-1,2,0,2,0,2,0,0,0,0,2,2,2,2,0,0,2,2
77,8074.772,-1816.567,-50.431,-147.501,-0.843423,0.536105,-0.035055,-0.537250,-0.841543,0.056292,0.000678,0.066311,0.997799,0,0.66883,-0.05227,40.130,-0.105,-1,400.000,-1,400.000,-1,325.000,325.000,300.000,300.000,-1,-1,-1,-1,825.000,800.000,-1,-1,2,0,2,0,2,0,0,0,0,2,2,2,2,0,0,2,2
78,8040.876,-1838.080,-50.407,-147.598,-0.844323,0.534683,-0.035096,-0.535834,-0.842449,0.056228,0.000498,0.066280,0.997801,0,0.66912,-0.04842,40.147,-0.097,-1,400.000,-1,400.000,-1,325.000,325.000,300.000,300.000,-1,-1,-1,-1,825.000,800.000,-1,-1,2,0,2,0,2,0,0,0,0,2,2,2,2,0,0,2,2
79,8002.987,-1862.260,-50.379,-147.454,-0.842985,0.536788,-0.035142,-0.537937,-0.841112,0.056169,0.000592,0.066254,0.997803,0,0.74912,0.07158,44.947,0.143,-1,400.000,-1,400.000,-1,325.000,325.000,300.000,300.000,-1,-1,-1,-1,825.000,800.000,-1,-1,2,0,2,0,2,0,0,0,0,2,2,2,2,0,0,2,2
80,7961.232,-1889.302,-50.331,-147.071,-0.839382,0.542402,-0.035197,-0.543542,-0.837505,0.056108,0.000955,0.066227,0.997804,0,0.82912,0.19158,49.747,0.383,-1,400.000,-1,400.000,-1,325.000,325.000,300.000,300.000,-1,-1,-1,-1,850.000,800.000,-1,-1,2,0,2,0,2,0,0,0,0,2,2,2,2,0,0,2,2
81,7916.625,-1918.885,-50.463,-146.448,-0.833418,0.551489,-0.035686,-0.552642,-0.831572,0.055447,0.000903,0.065932,0.997824,0,0.89208,0.31158,53.525,0.623,-1,400.000,-1,400.000,-1,325.000,325.000,300.000,300.000,-1,-1,-1,-1,850.000,800.000,-1,-1,2,0,2,0,2,0,0,0,0,2,2,2,2,0,0,2,2
82,7872.457,-1949.144,-50.598,-145.585,-0.825001,0.563964,-0.036307,-0.565131,-0.823185,0.054721,0.000974,0.065663,0.997841,0,0.89233,0.43158,53.540,0.863,-1,400.000,-1,400.000,-1,325.000,325.000,300.000,300.000,-1,-1,-1,-1,850.000,800.000,-1,-1,2,0,2,0,2,0,0,0,0,2,2,2,2,0,0,2,2
83,7828.864,-1980.259,-50.676,-144.482,-0.813980,0.579719,-0.036912,-0.580892,-0.812190,0.053960,0.001302,0.065364,0.997861,0,0.89266,0.55158,53.560,1.103,-1,400.000,-1,400.000,-1,325.000,325.000,300.000,300.000,-1,-1,-1,-1,850.000,850.000,-1,-1,2,0,2,0,2,0,0,0,0,2,2,2,2,0,1,2,2
84,7784.819,-2013.282,-50.684,-143.139,-0.800161,0.598612,-0.037507,-0.599783,-0.798396,0.053137,0.001862,0.065014,0.997883,0,0.91750,0.67158,55.050,1.343,-1,400.000,-1,400.000,-1,325.000,325.000,300.000,300.000,-1,-1,-1,-1,825.000,-1,-1,-1,2,0,2,0,2,0,0,0,0,2,2,2,2,0,2,2,2
85,7741.529,-2047.648,-50.596,-141.555,-0.783314,0.620460,-0.038054,-0.621620,-0.781576,0.052219,0.002657,0.064559,0.997910,0,0.92122,0.79158,55.273,1.583,-1,400.000,-1,400.000,-1,325.000,325.000,300.000,300.000,-1,-1,-1,-1,-1,-1,-1,-1,2,0,2,0,2,0,0,0,0,2,2,2,2,2,2,2,2
86,7699.173,-2083.527,-50.397,-139.732,-0.763180,0.645036,-0.038540,-0.646175,-0.761469,0.051203,0.003680,0.063981,0.997944,0,0.92518,0.91158,55.511,1.823,-1,400.000,-1,400.000,-1,325.000,325.000,300.000,300.000,-1,-1,-1,-1,-1,-1,-1,-1,2,0,2,0,2,0,0,0,0,2,2,2,2,2,2,2,2
87,7657.907,-2121.034,-50.081,-137.732,-0.740209,0.671247,-0.038953,-0.672359,-0.738526,0.050125,0.004878,0.063293,0.997983,0,0.92943,1.00000,55.766,2.000,-1,400.000,-1,400.000,-1,325.000,325.000,300.000,300.000,-1,-1,-1,-1,-1,-1,-1,-1,2,0,2,0,2,0,0,0,0,2,2,2,2,2,2,2,2
88,7617.780,-2160.148,-49.644,-135.732,-0.716338,0.696646,-0.039298,-0.697728,-0.714685,0.049004,0.006053,0.062522,0.998025,0,0.93395,1.00000,56.037,2.000,-1,400.000,-1,400.000,-1,325.000,325.000,300.000,300.000,-1,-1,-1,-1,-1,-1,-1,-1,2,0,2,0,2,0,0,0,0,2,2,2,2,2,2,2,2
89,7578.851,-2200.837,-49.086,-133.732,-0.691593,0.721202,-0.039571,-0.722251,-0.689974,0.047844,0.007202,0.061669,0.998071,0,0.93856,1.00000,56.313,2.000,-1,400.000,-1,400.000,-1,325.000,325.000,300.000,300.000,-1,-1,-1,-1,-1,-1,-1,-1,2,0,2,0,2,0,0,0,0,2,2,2,2,2,2,2,2
90,7541.179,-2243.071,-48.576,-131.732,-0.665987,0.744873,-0.040322,-0.745922,-0.664411,0.046455,0.007813,0.061016,0.998106,0,0.94324,1.00000,56.594,2.000,-1,400.000,-1,400.000,-1,325.000,325.000,300.000,300.000,-1,-1,-1,-1,-1,-1,-1,-1,2,0,2,0,2,0,0,0,0,2,2,2,2,2,2,2,2
91,7504.823,-2286.812,-48.152,-129.732,-0.639561,0.767610,-0.041682,-0.768698,-0.638013,0.045195,0.008098,0.060946,0.998108,0,0.94798,1.00000,56.879,2.000,-1,400.000,-1,400.000,-1,325.000,325.000,300.000,300.000,-1,-1,-1,-1,-1,-1,-1,-1,2,0,2,0,2,0,0,0,0,2,2,2,2,2,2,2,2
92,7469.840,-2332.023,-47.673,-127.732,-0.612364,0.789403,-0.043040,-0.790529,-0.610831,0.044149,0.008561,0.061060,0.998097,0,0.95277,1.00000,57.166,2.000,-1,-1,-1,400.000,-1,325.000,325.000,300.000,300.000,-1,-1,-1,-1,-1,-1,-1,-1,2,2,2,0,2,0,0,0,0,2,2,2,2,2,2,2,2
93,7436.286,-2378.662,-47.069,-125.732,-0.584422,0.810238,-0.044335,-0.811400,-0.582907,0.043007,0.009003,0.061108,0.998091,0,0.95759,1.00000,57.455,2.000,-1,-1,-1,-1,-1,325.000,325.000,325.000,300.000,-1,-1,-1,-1,-1,-1,-1,-1,2,2,2,2,2,0,0,0,0,2,2,2,2,2,2,2,2
94,7404.220,-2426.684,-46.416,-123.732,-0.555776,0.830103,-0.045180,-0.831276,-0.554286,0.041807,0.009661,0.060793,0.998104,0,0.96242,1.00000,57.745,2.000,-1,-1,-1,-1,-1,-1,325.000,325.000,300.000,-1,-1,-1,-1,-1,-1,-1,-1,2,2,2,2,2,2,0,0,0,2,2,2,2,2,2,2,2
95,7373.697,-2476.042,-45.740,-121.732,-0.526465,0.848983,-0.045428,-0.850131,-0.525003,0.040610,0.010628,0.059999,0.998142,0,0.96724,1.00000,58.034,2.000,-1,-1,-1,-1,-1,-1,-1,300.000,300.000,-1,-1,-1,-1,-1,-1,-1,-1,2,2,2,2,2,2,2,0,0,2,2,2,2,2,2,2,2
96,7343.940,-2528.142,-44.922,-119.732,-0.496509,0.866834,-0.045574,-0.867955,-0.495081,0.039364,0.011559,0.059101,0.998185,0,1.00000,1.00000,60.000,2.000,-1,-1,-1,-1,-1,-1,-1,300.000,300.000,-1,-1,-1,-1,-1,-1,-1,-1,2,2,2,2,2,2,2,0,1,2,2,2,2,2,2,2,2
97,7316.001,-2581.240,-52.524,-117.732,-0.464967,0.884895,-0.027677,-0.885192,-0.465217,-0.002991,-0.015522,0.023109,0.999612,0,1.00000,1.00000,60.000,2.000,-1,-1,-1,-1,-1,-1,-1,225.000,350.000,-1,-1,-1,-1,-1,-1,-1,-1,2,2,2,2,2,2,2,0,1,2,2,2,2,2,2,2,2
98,7289.952,-2635.293,-61.515,-115.732,-0.434508,0.900662,-0.003226,-0.899403,-0.434085,-0.051420,-0.047712,-0.019440,0.998672,0,1.00000,1.00000,60.000,2.000,-1,-1,-1,-1,-1,-1,-1,150.000,475.000,-1,-1,-1,-1,-1,-1,-1,-1,2,2,2,2,2,2,2,0,1,2,2,2,2,2,2,2,2
99,7265.832,-2690.237,-70.422,-113.732,-0.405759,0.913640,0.024921,-0.910484,-0.401674,-0.098368,-0.079863,-0.062604,0.994838,0,1.00000,1.00000,60.000,2.000,-1,-1,-1,-1,-1,-1,-1,100.000,650.000,-1,-1,-1,-1,-1,-1,-1,-1,2,2,2,2,2,2,2,0,1,2,2,2,2,2,2,2,2
100,4263.559,-6887.289,-138.579,165.960,-0.969991,-0.242585,-0.016425,0.242727,-0.970067,-0.007281,-0.014167,-0.011049,0.999839,1,0.00000,0.00000,60.000,2.000,-1,375.000,-1,400.000,-1,325.000,325.000,300.000,300.000,-1,625.000,600.000,-1,750.000,775.000,-1,-1,2,0,2,0,2,0,0,0,0,2,0,0,2,0,0,2,2
101,4258.897,-6886.144,-138.645,166.200,-0.971000,-0.238520,-0.016351,0.238661,-0.971076,-0.007296,-0.014138,-0.010986,0.999840,0,0.08000,0.12000,4.800,0.240,-1,375.000,-1,400.000,-1,325.000,325.000,300.000,300.000,-1,625.000,600.000,-1,750.000,775.000,-1,-1,2,0,2,0,2,0,0,0,0,2,0,0,2,0,0,2,2
102,4249.562,-6883.905,-138.781,166.513,-0.972292,-0.233207,-0.016194,0.233347,-0.972366,-0.007317,-0.014040,-0.010893,0.999842,0,0.16000,0.15662,9.600,0.313,-1,375.000,-1,400.000,-1,325.000,325.000,300.000,300.000,-1,625.000,600.000,-1,750.000,775.000,-1,-1,2,0,2,0,2,0,0,0,0,2,0,0,2,0,0,2,2
103,4235.541,-6880.623,-138.989,166.826,-0.973557,-0.227888,-0.015949,0.228025,-0.973628,-0.007341,-0.013855,-0.010784,0.999846,0,0.24000,0.15662,14.400,0.313,-1,375.000,-1,400.000,-1,325.000,325.000,300.000,300.000,-1,625.000,600.000,-1,750.000,775.000,-1,-1,2,0,2,0,2,0,0,0,0,2,0,0,2,0,0,2,2
104,4216.823,-6876.350,-139.268,167.140,-0.974793,-0.222562,-0.015615,0.222695,-0.974860,-0.007363,-0.013583,-0.010655,0.999851,0,0.32000,0.15662,19.200,0.313,-1,375.000,-1,400.000,-1,325.000,325.000,300.000,300.000,-1,650.000,625.000,-1,750.000,775.000,-1,-1,2,0,2,0,2,0,0,0,0,2,0,0,2,0,0,2,2
105,4193.396,-6871.136,-139.622,167.453,-0.976002,-0.217229,-0.015190,0.217358,-0.976064,-0.007379,-0.013223,-0.010503,0.999857,0,0.40000,0.15662,24.000,0.313,-1,375.000,-1,400.000,-1,325.000,325.000,300.000,300.000,-1,650.000,625.000,-1,750.000,775.000,-1,-1,2,0,2,0,2,0,0,0,0,2,0,0,2,0,0,2,2
106,4165.250,-6865.033,-140.051,167.766,-0.977183,-0.211890,-0.014673,0.212013,-0.977239,-0.007382,-0.012775,-0.010324,0.999865,0,0.48000,0.15662,28.800,0.313,-1,400.000,-1,400.000,-1,325.000,325.000,300.000,300.000,-1,675.000,650.000,-1,750.000,775.000,-1,-1,2,0,2,0,2,0,0,0,0,2,0,0,2,0,0,2,2
107,4133.874,-6858.410,-140.534,168.079,-0.978336,-0.206545,-0.014092,0.206661,-0.978385,-0.007368,-0.012266,-0.010120,0.999874,0,0.53446,0.15662,32.068,0.313,-1,400.000,-1,400.000,-1,325.000,325.000,300.000,300.000,-1,675.000,650.000,-1,750.000,775.000,-1,-1,2,0,2,0,2,0,0,0,0,2,0,0,2,0,0,2,2
108,4102.462,-6851.957,-141.021,168.393,-0.979458,-0.201193,-0.013507,0.201303,-0.979501,-0.007336,-0.011754,-0.009904,0.999882,0,0.53446,0.15662,32.068,0.313,-1,400.000,-1,400.000,-1,325.000,325.000,300.000,300.000,-1,700.000,675.000,-1,750.000,775.000,-1,-1,2,0,2,0,2,0,0,0,0,2,0,0,2,0,0,2,2
109,4071.015,-6845.677,-141.512,168.706,-0.980552,-0.195836,-0.012917,0.195939,-0.980589,-0.007287,-0.011239,-0.009676,0.999890,0,0.53446,0.15662,32.068,0.313,-1,400.000,-1,400.000,-1,325.000,325.000,300.000,300.000,-1,700.000,700.000,-1,775.000,775.000,-1,-1,2,0,2,0,2,0,0,0,0,2,0,0,2,0,0,2,2
110,4039.535,-6839.569,-142.007,169.019,-0.981615,-0.190472,-0.012323,0.190569,-0.981647,-0.007220,-0.010722,-0.009436,0.999898,0,0.53446,0.15662,32.068,0.313,-1,400.000,-1,400.000,-1,325.000,325.000,300.000,300.000,-1,725.000,700.000,-1,775.000,800.000,-1,-1,2,0,2,0,2,0,0,0,0,2,0,0,2,0,0,2,2
111,4008.021,-6833.633,-142.506,169.332,-0.982649,-0.185103,-0.011726,0.185193,-0.982676,-0.007138,-0.010201,-0.009186,0.999906,0,0.53446,0.15662,32.068,0.313,-1,400.000,-1,400.000,-1,325.000,325.000,300.000,300.000,-1,725.000,725.000,-1,775.000,800.000,-1,-1,2,0,2,0,2,0,0,0,0,2,0,0,2,0,0,2,2
112,3976.476,-6827.869,-142.942,169.646,-0.983651,-0.179729,-0.011290,0.179811,-0.983678,-0.006731,-0.009896,-0.008651,0.999914,0,0.53446,0.15662,32.068,0.313,-1,400.000,-1,400.000,-1,325.000,325.000,300.000,300.000,-1,750.000,725.000,-1,775.000,800.000,-1,-1,2,0,2,0,2,0,0,0,0,2,0,0,2,0,0,2,2
113,3944.899,-6822.278,-143.407,169.959,-0.984621,-0.174349,-0.011144,0.174426,-0.984650,-0.006368,-0.009863,-0.008214,0.999918,0,0.53446,0.15662,32.068,0.313,-1,400.000,-1,400.000,-1,325.000,325.000,300.000,300.000,-1,775.000,750.000,-1,775.000,800.000,-1,-1,2,0,2,0,2,0,0,0,0,2,0,0,2,0,0,2,2
114,3913.293,-6816.859,-143.876,170.272,-0.985561,-0.168964,-0.011003,0.169036,-0.985592,-0.005996,-0.009831,-0.007769,0.999921,0,0.53446,0.15662,32.068,0.313,-1,400.000,-1,400.000,-1,325.000,325.000,300.000,300.000,-1,800.000,775.000,-1,775.000,800.000,-1,-1,2,0,2,0,2,0,0,0,0,2,0,0,2,0,0,2,2
115,3881.657,-6811.614,-144.266,170.585,-0.986468,-0.163573,-0.011184,0.163645,-0.986502,-0.005865,-0.010073,-0.007616,0.999920,0,0.53446,0.15662,32.068,0.313,-1,400.000,-1,400.000,-1,325.000,325.000,300.000,300.000,-1,850.000,825.000,-1,775.000,800.000,-1,-1,2,0,2,0,2,0,0,0,0,2,0,0,2,0,0,2,2
116,3849.993,-6806.541,-144.661,170.899,-0.987344,-0.158178,-0.011493,0.158250,-0.987383,-0.005699,-0.010446,-0.007446,0.999918,0,0.53446,0.15662,32.068,0.313,-1,400.000,-1,400.000,-1,325.000,325.000,300.000,300.000,-1,875.000,850.000,-1,775.000,800.000,-1,-1,2,0,2,0,2,0,0,0,0,2,0,0,2,0,0,2,2
117,3818.302,-6801.642,-145.058,171.212,-0.988190,-0.152777,-0.011797,0.152850,-0.988234,-0.005529,-0.010813,-0.007267,0.999915,0,0.53446,0.15662,32.068,0.313,-1,400.000,-1,400.000,-1,325.000,325.000,300.000,300.000,-1,925.000,900.000,-1,775.000,800.000,-1,-1,2,0,2,0,2,0,0,0,0,2,0,0,2,0,0,2,2
