timestep,x_cm,y_cm,z_cm,yaw_deg,basis_xx,basis_xy,basis_xz,basis_yx,basis_yy,basis_yz,basis_zx,basis_zy,basis_zz,teleport_flag,throttle_cmd,steering_cmd,cmd_move_cm,cmd_turn_deg,lidar_cm_0,lidar_cm_1,lidar_cm_2,lidar_cm_3,lidar_cm_4,lidar_cm_5,lidar_cm_6,lidar_cm_7,lidar_cm_8,lidar_cm_9,lidar_cm_10,lidar_cm_11,lidar_cm_12,lidar_cm_13,lidar_cm_14,lidar_cm_15,lidar_cm_16,lidar_class_0,lidar_class_1,lidar_class_2,lidar_class_3,lidar_class_4,lidar_class_5,lidar_class_6,lidar_class_7,lidar_class_8,lidar_class_9,lidar_class_10,lidar_class_11,lidar_class_12,lidar_class_13,lidar_class_14,lidar_class_15,lidar_class_16
0,-8857.757,-6883.300,-46.483,123.792,-0.556381,-0.830834,0.012440,0.830835,-0.556033,0.023264,-0.012411,0.023280,0.999652,1,0.08000,-0.12000,4.800,-0.240,-1,400.000,-1,400.000,-1,325.000,325.000,350.000,325.000,-1,-1,-1,-1,750.000,900.000,-1,-1,2,0,2,0,2,0,0,0,0,2,2,2,2,0,0,2,2
1,-8863.029,-6875.278,-46.691,123.312,-0.549399,-0.835471,0.012226,0.835466,-0.549058,0.023074,-0.012565,0.022892,0.999659,0,0.16000,-0.24000,9.600,-0.480,-1,400.000,-1,400.000,-1,325.000,325.000,350.000,325.000,-1,-1,-1,-1,750.000,900.000,-1,-1,2,0,2,0,2,0,0,0,0,2,2,2,2,0,0,2,2
2,-8870.786,-6863.145,-46.998,122.592,-0.538854,-0.842315,0.011919,0.842302,-0.538523,0.022836,-0.012816,0.022344,0.999668,0,0.24000,-0.36000,14.400,-0.720,-1,400.000,-1,400.000,-1,325.000,325.000,350.000,325.000,-1,-1,-1,-1,750.000,900.000,-1,-1,2,0,2,0,2,0,0,0,0,2,2,2,2,0,0,2,2
3,-8880.855,-6846.798,-47.397,121.632,-0.524663,-0.851232,0.011535,0.851208,-0.524342,0.022600,-0.013190,0.021676,0.999678,0,0.32000,-0.48000,19.200,-0.960,-1,400.000,-1,400.000,-1,325.000,325.000,350.000,325.000,-1,-1,-1,-1,775.000,900.000,-1,-1,2,0,2,0,2,0,0,0,0,2,2,2,2,0,0,2,2
4,-8893.011,-6826.104,-47.879,120.432,-0.506720,-0.862039,0.011101,0.862002,-0.506408,0.022437,-0.013720,0.020938,0.999687,0,0.40000,-0.60000,24.000,-1.200,-1,400.000,-1,400.000,-1,325.000,325.000,325.000,350.000,-1,-1,-1,-1,775.000,900.000,-1,-1,2,0,2,0,2,0,0,0,0,2,2,2,2,0,0,2,2
5,-8906.970,-6800.913,-48.436,118.992,-0.484896,-0.874507,0.010655,0.874452,-0.484593,0.022428,-0.014450,0.020192,0.999692,0,0.48000,-0.72000,28.800,-1.440,-1,400.000,-1,400.000,-1,325.000,325.000,325.000,350.000,-1,-1,-1,-1,800.000,925.000,-1,-1,2,0,2,0,2,0,0,0,0,2,2,2,2,0,0,2,2
6,-8922.387,-6771.058,-49.053,117.312,-0.459053,-0.888350,0.010249,0.888275,-0.458753,0.022665,-0.015433,0.019508,0.999691,0,0.56000,-0.84000,33.600,-1.680,-1,375.000,-1,425.000,-1,325.000,325.000,325.000,350.000,-1,-1,-1,-1,825.000,925.000,-1,-1,2,0,2,0,2,0,0,0,0,2,2,2,2,0,0,2,2
7,-8938.854,-6736.368,-49.732,115.392,-0.429041,-0.903230,0.009980,0.903129,-0.428736,0.023305,-0.016771,0.019012,0.999679,0,0.64000,-0.96000,38.400,-1.920,-1,375.000,-1,425.000,-1,325.000,325.000,325.000,350.000,-1,-1,-1,-1,825.000,925.000,-1,-1,2,0,2,0,2,0,0,0,0,2,2,2,2,0,0,2,2
8,-8956.024,-6696.727,-50.442,113.419,-0.397711,-0.917457,0.009939,0.917325,-0.397390,0.024408,-0.018444,0.018825,0.999653,0,0.72000,-0.98639,43.200,-1.973,-1,400.000,-1,425.000,-1,325.000,325.000,300.000,350.000,-1,-1,-1,-1,850.000,925.000,-1,-1,2,0,2,0,2,0,0,0,0,2,2,2,2,0,0,2,2
9,-8971.864,-6656.406,-51.226,111.447,-0.365922,-0.930584,0.010717,0.930432,-0.365567,0.025632,-0.019935,0.019350,0.999614,0,0.72201,-0.98639,43.321,-1.973,-1,400.000,-1,425.000,-1,325.000,325.000,300.000,350.000,-1,-1,-1,-1,875.000,925.000,-1,-1,2,0,2,0,2,0,0,0,0,2,2,2,2,0,0,2,2
10,-8986.306,-6615.563,-52.018,109.474,-0.333713,-0.942599,0.011976,0.942429,-0.333309,0.027065,-0.021520,0.020319,0.999562,0,0.72201,-0.98639,43.321,-1.973,-1,400.000,-1,425.000,-1,325.000,350.000,300.000,325.000,-1,-1,-1,-1,900.000,925.000,-1,-1,2,0,2,0,2,0,0,0,0,2,2,2,2,0,0,2,2
11,-8999.334,-6574.248,-52.885,107.501,-0.301135,-0.953481,0.013834,0.953290,-0.300653,0.029082,-0.023570,0.021945,0.999481,0,0.72201,-0.98639,43.321,-1.973,-1,425.000,-1,425.000,-1,325.000,350.000,300.000,325.000,-1,-1,-1,-1,925.000,925.000,-1,-1,2,0,2,0,2,0,0,0,0,2,2,2,2,0,0,2,2
12,-9010.932,-6532.508,-53.724,105.528,-0.268218,-0.963225,0.016034,0.963013,-0.267640,0.031205,-0.025766,0.023811,0.999384,0,0.72201,-0.98639,43.321,-1.973,-1,425.000,-1,425.000,-1,350.000,350.000,325.000,325.000,-1,-1,-1,-1,950.000,900.000,-1,-1,2,0,2,0,2,0,0,0,0,2,2,2,2,0,0,2,2
13,-9021.086,-6490.394,-54.770,103.556,-0.234966,-0.971840,0.017838,0.971619,-0.234316,0.032454,-0.027361,0.024957,0.999314,0,0.72201,-0.98639,43.321,-1.973,-1,425.000,-1,425.000,-1,350.000,350.000,325.000,325.000,-1,-1,-1,-1,950.000,900.000,-1,-1,2,0,2,0,2,0,0,0,0,2,2,2,2,0,0,2,2
14,-9029.783,-6447.956,-56.661,101.583,-0.201364,-0.979382,0.016229,0.979054,-0.200733,0.034042,-0.030082,0.022744,0.999289,0,0.72201,-0.98639,43.321,-1.973,-1,425.000,-1,425.000,-1,350.000,350.000,300.000,325.000,-1,-1,-1,-1,950.000,900.000,-1,-1,2,0,2,0,2,0,0,0,0,2,2,2,2,0,0,2,2
15,-9037.015,-6405.242,-58.671,99.610,-0.167519,-0.985761,0.014582,0.985310,-0.166907,0.036151,-0.033202,0.020424,0.999240,0,0.72201,-0.98639,43.321,-1.973,-1,425.000,-1,425.000,-1,350.000,350.000,300.000,325.000,-1,-1,-1,-1,925.000,875.000,-1,-1,2,0,2,0,2,0,0,0,0,2,2,2,2,0,0,2,2
16,-9042.771,-6362.306,-60.690,97.637,-0.133471,-0.990965,0.013213,0.990386,-0.132880,0.038461,-0.036358,0.018220,0.999173,0,0.72201,-0.98639,43.321,-1.973,-1,425.000,-1,400.000,-1,350.000,325.000,300.000,325.000,-1,-1,-1,-1,925.000,875.000,-1,-1,2,0,2,0,2,0,0,0,0,2,2,2,2,0,0,2,2
17,-9047.047,-6319.196,-62.715,95.665,-0.099261,-0.994987,0.012142,0.994276,-0.098691,0.040928,-0.039525,0.016135,0.999088,0,0.72201,-0.98639,43.321,-1.973,-1,425.000,-1,400.000,-1,325.000,325.000,275.000,325.000,-1,-1,-1,-1,900.000,850.000,-1,-1,2,0,2,0,2,0,0,0,0,2,2,2,2,0,0,2,2
18,-9049.836,-6275.965,-64.741,93.692,-0.064934,-0.997825,0.011384,0.996977,-0.064382,0.043506,-0.042678,0.014175,0.998988,0,0.72201,-0.98639,43.321,-1.973,-1,425.000,-1,400.000,-1,325.000,325.000,275.000,325.000,-1,-1,-1,-1,875.000,850.000,-1,-1,2,0,2,0,2,0,0,0,0,2,2,2,2,0,0,2,2
19,-9051.135,-6232.664,-66.766,91.719,-0.030531,-0.999474,0.010949,0.998484,-0.029995,0.046147,-0.045794,0.012341,0.998875,0,0.72201,-0.98639,43.321,-1.973,-1,425.000,-1,400.000,-1,325.000,325.000,275.000,325.000,-1,-1,-1,-1,875.000,825.000,-1,-1,2,0,2,0,2,0,0,0,0,2,2,2,2,0,0,2,2
20,-9050.943,-6189.343,-68.786,89.746,0.003904,-0.999934,0.010842,0.998799,0.004429,0.048803,-0.048848,0.010638,0.998750,0,0.72201,-0.98639,43.321,-1.973,-1,425.000,-1,400.000,-1,325.000,325.000,275.000,325.000,-1,-1,-1,-1,850.000,825.000,-1,-1,2,0,2,0,2,0,0,0,0,2,2,2,2,0,0,2,2
21,-9049.260,-6146.055,-70.799,87.773,0.038329,-0.999204,0.011062,0.997921,0.038849,0.051426,-0.051815,0.009068,0.998616,0,0.72201,-0.98639,43.321,-1.973,-1,400.000,-1,400.000,-1,325.000,325.000,300.000,325.000,-1,-1,-1,-1,850.000,825.000,-1,-1,2,0,2,0,2,0,0,0,0,2,2,2,2,0,0,2,2
22,-9046.088,-6102.851,-72.801,85.801,0.072701,-0.997286,0.011604,0.995854,0.073224,0.053968,-0.054671,0.007632,0.998475,0,0.72201,-0.98639,43.321,-1.973,-1,400.000,-1,400.000,-1,325.000,325.000,300.000,325.000,-1,-1,-1,-1,825.000,800.000,-1,-1,2,0,2,0,2,0,0,0,0,2,2,2,2,0,0,2,2
23,-9041.430,-6059.781,-74.792,83.828,0.106977,-0.994183,0.012455,0.992604,0.107513,0.056381,-0.057392,0.006331,0.998332,0,0.72201,-0.98639,43.321,-1.973,-1,400.000,-1,400.000,-1,325.000,325.000,300.000,325.000,-1,-1,-1,-1,800.000,800.000,-1,-1,2,0,2,0,2,0,0,0,0,2,2,2,2,0,0,2,2
24,-9034.812,-6012.117,-77.010,82.095,0.136961,-0.990483,0.013569,0.988755,0.137527,0.058741,-0.060048,0.005371,0.998181,0,0.80201,-0.86639,48.121,-1.733,-1,400.000,-1,400.000,-1,325.000,325.000,300.000,325.000,-1,-1,-1,-1,800.000,775.000,-1,-1,2,0,2,0,2,0,0,0,0,2,2,2,2,0,0,2,2
25,-9026.776,-5963.566,-79.282,80.602,0.162676,-0.986568,0.014843,0.984699,0.163284,0.060876,-0.062482,0.004713,0.998035,0,0.82019,-0.74639,49.211,-1.493,-1,400.000,-1,375.000,-1,325.000,300.000,325.000,325.000,-1,-1,-1,-1,775.000,775.000,-1,-1,2,0,2,0,2,0,0,0,0,2,2,2,2,0,0,2,2
26,-9017.681,-5915.202,-82.172,79.350,0.184340,-0.982771,0.013383,0.980866,0.184816,0.061195,-0.062614,0.001847,0.998036,0,0.82019,-0.62639,49.211,-1.253,-1,400.000,-1,400.000,-1,325.000,325.000,325.000,325.000,-1,-1,-1,-1,775.000,775.000,-1,-1,2,0,2,0,2,0,0,0,0,2,2,2,2,0,0,2,2
27,-9007.571,-5867.041,-85.099,78.144,0.205123,-0.978665,0.011800,0.976740,0.205459,0.061361,-0.062476,-0.001061,0.998046,0,0.82019,-0.60298,49.211,-1.206,-1,400.000,-1,400.000,-1,325.000,325.000,325.000,325.000,-1,-1,-1,-1,750.000,800.000,-1,-1,2,0,2,0,2,0,0,0,0,2,2,2,2,0,0,2,2
28,-8996.448,-5819.103,-88.242,76.938,0.225763,-0.974120,0.011024,0.972193,0.226010,0.061314,-0.062219,-0.003125,0.998058,0,0.82019,-0.60298,49.211,-1.206,-1,400.000,-1,400.000,-1,325.000,325.000,325.000,325.000,-1,-1,-1,-1,750.000,800.000,-1,-1,2,0,2,0,2,0,0,0,0,2,2,2,2,0,0,2,2
29,-8984.320,-5771.409,-91.512,75.732,0.246265,-0.969142,0.010859,0.967196,0.246461,0.061549,-0.062326,-0.004654,0.998045,0,0.82019,-0.60298,49.211,-1.206,-1,400.000,-1,400.000,-1,325.000,325.000,325.000,325.000,-1,-1,-1,-1,725.000,800.000,-1,-1,2,0,2,0,2,0,0,0,0,2,2,2,2,0,0,2,2
30,-8971.190,-5723.982,-94.775,74.526,0.266654,-0.963732,0.010759,0.961769,0.266801,0.061793,-0.062422,-0.006130,0.998031,0,0.82019,-0.60298,49.211,-1.206,-1,400.000,-1,400.000,-1,325.000,325.000,325.000,325.000,-1,-1,-1,-1,725.000,775.000,-1,-1,2,0,2,0,2,0,0,0,0,2,2,2,2,0,0,2,2
31,-8957.065,-5676.841,-98.027,73.320,0.286921,-0.957894,0.010728,0.955912,0.287022,0.062051,-0.062517,-0.007549,0.998015,0,0.82019,-0.60298,49.211,-1.206,-1,400.000,-1,400.000,-1,325.000,325.000,325.000,325.000,-1,-1,-1,-1,700.000,775.000,-1,-1,2,0,2,0,2,0,0,0,0,2,2,2,2,0,0,2,2
32,-8941.951,-5630.008,-101.265,72.114,0.307056,-0.951631,0.010773,0.949629,0.307115,0.062326,-0.062620,-0.008907,0.997998,0,0.82019,-0.60298,49.211,-1.206,-1,400.000,-1,400.000,-1,325.000,325.000,325.000,325.000,-1,-1,-1,-1,700.000,775.000,-1,-1,2,0,2,0,2,0,0,0,0,2,2,2,2,0,0,2,2
33,-8925.855,-5583.503,-104.484,70.908,0.327049,-0.944944,0.010900,0.942922,0.327072,0.062622,-0.062739,-0.010203,0.997978,0,0.82019,-0.60298,49.211,-1.206,-1,400.000,-1,400.000,-1,325.000,325.000,325.000,325.000,-1,-1,-1,-1,675.000,775.000,-1,-1,2,0,2,0,2,0,0,0,0,2,2,2,2,0,0,2,2
34,-8907.331,-5532.768,-108.004,69.942,0.342951,-0.939287,0.011163,0.937240,0.342952,0.062963,-0.062968,-0.011131,0.997953,0,0.90019,-0.48298,54.011,-0.966,-1,375.000,-1,400.000,-1,325.000,325.000,325.000,325.000,-1,-1,-1,-1,675.000,775.000,-1,-1,2,0,2,0,2,0,0,0,0,2,2,2,2,0,0,2,2
35,-8887.490,-5480.494,-111.626,69.216,0.354829,-0.934860,0.011547,0.932784,0.354823,0.063362,-0.063331,-0.011712,0.997924,0,0.93187,-0.36298,55.912,-0.726,-1,375.000,-1,400.000,-1,325.000,325.000,325.000,325.000,-1,-1,-1,-1,650.000,775.000,-1,-1,2,0,2,0,2,0,0,0,0,2,2,2,2,0,0,2,2
36,-8867.207,-5428.390,-115.222,68.730,0.362737,-0.931814,0.012028,0.929702,0.362739,0.063829,-0.063839,-0.011970,0.997888,0,0.93187,-0.24298,55.912,-0.486,975.000,375.000,-1,400.000,-1,325.000,325.000,325.000,300.000,-1,-1,-1,-1,650.000,775.000,-1,-1,0,0,2,0,2,0,0,0,0,2,2,2,2,0,0,2,2
37,-8846.701,-5376.374,-118.789,68.484,0.366713,-0.930249,0.012593,0.928095,0.366736,0.064382,-0.064509,-0.011923,0.997846,0,0.93187,-0.12298,55.912,-0.246,925.000,375.000,-1,400.000,-1,300.000,325.000,325.000,300.000,-1,-1,-1,-1,650.000,775.000,975.000,-1,0,0,2,0,2,0,0,0,0,2,2,2,2,0,0,0,2
38,-8826.015,-5324.429,-122.320,68.287,0.369891,-0.928981,0.013232,0.926777,0.369939,0.065039,-0.065315,-0.011794,0.997795,0,0.93187,-0.09871,55.912,-0.197,875.000,350.000,-1,400.000,-1,300.000,325.000,325.000,325.000,-1,-1,-1,-1,625.000,750.000,925.000,-1,0,0,2,0,2,0,0,0,0,2,2,2,2,0,0,0,2
39,-8805.150,-5272.556,-125.267,68.089,0.372953,-0.927724,0.015287,0.925621,0.373148,0.063134,-0.064275,-0.009396,0.997888,0,0.93187,-0.09871,55.912,-0.197,850.000,350.000,-1,400.000,-1,300.000,325.000,325.000,300.000,-1,-1,-1,-1,650.000,750.000,900.000,-1,0,0,2,0,2,0,0,0,0,2,2,2,2,0,0,0,2
40,-8784.107,-5220.755,-128.193,67.892,0.376019,-0.926451,0.017280,0.924453,0.376350,0.061223,-0.063224,-0.007047,0.997974,0,0.93187,-0.09871,55.912,-0.197,825.000,375.000,-1,400.000,-1,300.000,325.000,325.000,300.000,-1,-1,-1,-1,650.000,775.000,900.000,-1,0,0,2,0,2,0,0,0,0,2,2,2,2,0,0,0,2
41,-8762.885,-5169.027,-131.234,67.694,0.379079,-0.925162,0.019342,0.923285,0.379545,0.059073,-0.061993,-0.004535,0.998066,0,0.93187,-0.09871,55.912,-0.197,825.000,375.000,-1,400.000,-1,300.000,325.000,325.000,300.000,-1,-1,-1,-1,650.000,775.000,875.000,-1,0,0,2,0,2,0,0,0,0,2,2,2,2,0,0,0,2
42,-8741.485,-5117.372,-134.439,67.497,0.382136,-0.923857,0.021449,0.922148,0.382734,0.056188,-0.060119,-0.001692,0.998190,0,0.93187,-0.09871,55.912,-0.197,800.000,375.000,-1,400.000,-1,300.000,325.000,325.000,300.000,-1,-1,-1,-1,650.000,775.000,875.000,-1,0,0,2,0,2,0,0,0,0,2,2,2,2,0,0,0,2
43,-8719.610,-5065.691,-137.499,67.059,0.389151,-0.920909,0.022088,0.919362,0.389777,0.053369,-0.057757,-0.000462,0.998331,0,0.93534,-0.21871,56.120,-0.437,800.000,375.000,-1,400.000,-1,300.000,325.000,325.000,300.000,-1,-1,-1,-1,625.000,775.000,875.000,-1,0,0,2,0,2,0,0,0,0,2,2,2,2,0,0,0,2
44,-8697.126,-5014.272,-140.680,66.382,0.400004,-0.916237,0.022525,0.914816,0.400638,0.050999,-0.055751,0.000206,0.998445,0,0.93534,-0.33871,56.120,-0.677,775.000,375.000,-1,400.000,-1,325.000,325.000,325.000,300.000,-1,-1,-1,-1,625.000,775.000,875.000,-1,0,0,2,0,2,0,0,0,0,2,2,2,2,0,0,0,2
45,-8673.822,-4963.220,-143.932,65.465,0.414626,-0.909704,0.022882,0.908392,0.415256,0.048842,-0.053933,0.000535,0.998544,0,0.93534,-0.45871,56.120,-0.917,775.000,375.000,-1,400.000,-1,325.000,325.000,300.000,300.000,-1,-1,975.000,-1,625.000,775.000,875.000,-1,0,0,2,0,2,0,0,0,0,2,2,0,2,0,0,0,2
46,-8649.442,-4912.546,-147.265,64.307,0.432929,-0.901131,0.023147,0.899908,0.433547,0.046922,-0.052318,0.000516,0.998630,0,0.93723,-0.57871,56.234,-1.157,750.000,375.000,-1,400.000,-1,325.000,325.000,300.000,300.000,-1,-1,825.000,-1,625.000,775.000,900.000,-1,0,0,2,0,2,0,0,0,0,2,2,0,2,0,0,0,2
47,-8623.749,-4862.317,-150.689,62.910,0.454798,-0.890290,0.023310,0.889138,0.455395,0.045269,-0.050918,0.000137,0.998703,0,0.94031,-0.69871,56.419,-1.397,750.000,375.000,-1,425.000,-1,325.000,325.000,300.000,300.000,-1,975.000,375.000,-1,625.000,775.000,900.000,-1,0,0,2,0,2,0,0,0,0,2,0,0,2,0,0,0,2
48,-8596.558,-4812.707,-154.204,61.272,0.480080,-0.876913,0.023369,0.875813,0.480648,0.043921,-0.049747,-0.000619,0.998762,0,0.94289,-0.81871,56.573,-1.637,725.000,375.000,-1,425.000,-1,325.000,325.000,300.000,300.000,-1,950.000,350.000,-1,625.000,775.000,900.000,-1,0,0,2,0,2,0,0,0,0,2,0,0,2,0,0,0,2
49,-8567.694,-4763.912,-157.566,59.395,0.508540,-0.860696,0.024286,0.859619,0.509119,0.043047,-0.049415,-0.001014,0.998778,0,0.94489,-0.93871,56.693,-1.877,725.000,375.000,-1,425.000,-1,325.000,325.000,275.000,300.000,-1,-1,400.000,-1,625.000,775.000,925.000,-1,0,0,2,0,2,0,0,0,0,2,2,0,2,0,0,0,2
50,-8537.137,-4716.063,-160.381,57.437,0.537534,-0.842799,0.027312,0.841719,0.538228,0.042664,-0.050657,0.000056,0.998716,0,0.94623,-0.97894,56.774,-1.958,725.000,375.000,-1,400.000,-1,325.000,325.000,275.000,300.000,-1,-1,-1,-1,625.000,775.000,950.000,-1,0,0,2,0,2,0,0,0,0,2,2,2,2,0,0,0,2
51,-8504.947,-4669.246,-163.065,55.489,0.565740,-0.824020,0.030491,0.822992,0.566559,0.041180,-0.051208,0.001796,0.998686,0,0.94692,-0.97379,56.815,-1.948,750.000,375.000,-1,400.000,-1,325.000,325.000,275.000,300.000,-1,-1,-1,-1,625.000,775.000,975.000,-1,0,0,2,0,2,0,0,0,0,2,2,2,2,0,0,0,2
52,-8471.190,-4623.539,-165.355,53.552,0.593130,-0.804386,0.034049,0.803540,0.594083,0.037269,-0.050206,0.005254,0.998725,0,0.94702,-0.96863,56.821,-1.937,825.000,375.000,-1,400.000,-1,325.000,325.000,300.000,300.000,-1,-1,-1,-1,650.000,775.000,-1,-1,0,0,2,0,2,0,0,0,0,2,2,2,2,0,0,2,2
53,-8435.932,-4579.016,-167.818,51.625,0.619741,-0.783939,0.036880,0.783261,0.620785,0.033582,-0.049221,0.008075,0.998755,0,0.94655,-0.96353,56.793,-1.927,925.000,375.000,-1,400.000,-1,325.000,325.000,300.000,275.000,-1,-1,-1,-1,650.000,775.000,-1,-1,0,0,2,0,2,0,0,0,0,2,2,2,2,0,0,2,2
54,-8399.242,-4535.744,-170.523,49.706,0.645604,-0.762695,0.038628,0.762162,0.646682,0.030197,-0.048011,0.009946,0.998797,0,0.94556,-0.95966,56.734,-1.919,-1,375.000,-1,400.000,-1,325.000,325.000,300.000,275.000,-1,-1,-1,-1,675.000,775.000,-1,-1,2,0,2,0,2,0,0,0,0,2,2,2,2,0,0,2,2
55,-8361.184,-4493.785,-173.190,47.791,0.670700,-0.740660,0.039808,0.740212,0.671794,0.027903,-0.047409,0.010751,0.998818,0,0.94412,-0.95721,56.647,-1.914,-1,375.000,-1,400.000,-1,325.000,325.000,275.000,275.000,-1,-1,-1,-1,675.000,775.000,-1,-1,2,0,2,0,2,0,0,0,0,2,2,2,2,0,0,2,2
56,-8321.824,-4453.196,-175.875,45.881,0.695015,-0.717850,0.040559,0.717442,0.696116,0.026456,-0.047225,0.010711,0.998827,0,0.94231,-0.95533,56.539,-1.911,-1,375.000,-1,400.000,-1,325.000,325.000,275.000,275.000,-1,-1,-1,-1,700.000,775.000,-1,-1,2,0,2,0,2,0,0,0,0,2,2,2,2,0,0,2,2
57,-8281.226,-4414.028,-178.703,43.973,0.718537,-0.694278,0.041016,0.693894,0.719633,0.025277,-0.047066,0.010298,0.998839,0,0.94022,-0.95400,56.413,-1.908,-1,375.000,-1,400.000,-1,325.000,325.000,275.000,275.000,-1,-1,-1,-1,700.000,775.000,-1,-1,2,0,2,0,2,0,0,0,0,2,2,2,2,0,0,2,2
58,-8239.448,-4376.324,-181.608,42.066,0.741256,-0.669956,0.041219,0.669595,0.742336,0.024059,-0.046717,0.009766,0.998860,0,0.93793,-0.95325,56.276,-1.906,-1,375.000,-1,400.000,-1,325.000,325.000,275.000,275.000,-1,-1,-1,-1,700.000,775.000,-1,-1,2,0,2,0,2,0,0,0,0,2,2,2,2,0,0,2,2
59,-8196.549,-4340.123,-184.538,40.160,0.763161,-0.644897,0.041160,0.644569,0.764213,0.022572,-0.046012,0.009305,0.998898,0,0.93555,-0.95306,56.133,-1.906,-1,375.000,-1,400.000,-1,325.000,325.000,275.000,275.000,-1,-1,-1,-1,725.000,775.000,-1,-1,2,0,2,0,2,0,0,0,0,2,2,2,2,0,0,2,2
60,-8152.580,-4305.457,-187.597,38.253,0.784240,-0.619115,0.040808,0.618802,0.785255,0.021407,-0.045298,0.008464,0.998938,0,0.93318,-0.95345,55.991,-1.907,-1,375.000,-1,400.000,-1,325.000,325.000,275.000,275.000,-1,-1,-1,-1,750.000,775.000,-1,-1,2,0,2,0,2,0,0,0,0,2,2,2,2,0,0,2,2
61,-8107.591,-4272.355,-190.473,36.344,0.804405,-0.592615,0.041703,0.592333,0.805441,0.020162,-0.045538,0.008484,0.998927,0,0.93092,-0.95439,55.855,-1.909,-1,400.000,-1,400.000,-1,325.000,325.000,275.000,275.000,-1,-1,-1,-1,750.000,775.000,-1,-1,2,0,2,0,2,0,0,0,0,2,2,2,2,0,0,2,2
62,-8061.623,-4240.842,-192.927,34.433,0.823630,-0.565411,0.044102,0.565175,0.824756,0.018839,-0.047025,0.009409,0.998849,0,0.92887,-0.95590,55.732,-1.912,-1,400.000,-1,400.000,-1,325.000,325.000,275.000,275.000,-1,-1,-1,-1,750.000,775.000,-1,-1,2,0,2,0,2,0,0,0,0,2,2,2,2,0,0,2,2
63,-8014.716,-4210.940,-195.246,32.517,0.842031,-0.537524,0.045304,0.537283,0.843202,0.018379,-0.048080,0.008865,0.998804,0,0.92712,-0.95794,55.627,-1.916,-1,400.000,-1,400.000,-1,325.000,325.000,275.000,275.000,-1,-1,-1,-1,750.000,750.000,-1,-1,2,0,2,0,2,0,0,0,0,2,2,2,2,0,0,2,2
64,-7966.904,-4182.670,-197.716,30.596,0.859545,-0.508960,0.046279,0.508699,0.860754,0.018139,-0.049067,0.007951,0.998764,0,0.92574,-0.96051,55.545,-1.921,-1,400.000,-1,400.000,-1,325.000,325.000,275.000,275.000,-1,-1,-1,-1,750.000,750.000,-1,-1,2,0,2,0,2,0,0,0,0,2,2,2,2,0,0,2,2
65,-7922.485,-4158.134,-200.050,28.915,0.874097,-0.483495,0.046770,0.483198,0.875322,0.018205,-0.049741,0.006686,0.998740,0,0.84574,-0.84051,50.745,-1.681,-1,400.000,-1,400.000,-1,325.000,325.000,275.000,275.000,-1,-1,-1,-1,775.000,750.000,-1,-1,2,0,2,0,2,0,0,0,0,2,2,2,2,0,0,2,2
66,-7881.722,-4136.938,-202.221,27.474,0.885986,-0.461334,0.046912,0.460992,0.887211,0.018513,-0.050162,0.005224,0.998727,0,0.76574,-0.72051,45.945,-1.441,-1,400.000,-1,400.000,-1,325.000,325.000,275.000,275.000,-1,-1,-1,-1,775.000,750.000,-1,-1,2,0,2,0,2,0,0,0,0,2,2,2,2,0,0,2,2
67,-7843.021,-4117.834,-204.329,26.273,0.895472,-0.442639,0.046909,0.442248,0.896692,0.018983,-0.050466,0.003747,0.998719,0,0.71934,-0.60051,43.160,-1.201,-1,400.000,-1,400.000,-1,325.000,325.000,275.000,275.000,-1,-1,-1,-1,775.000,725.000,-1,-1,2,0,2,0,2,0,0,0,0,2,2,2,2,0,0,2,2
68,-7803.980,-4099.370,-206.497,25.312,0.902786,-0.427539,0.046779,0.427094,0.903994,0.019637,-0.050683,0.002251,0.998712,0,0.71977,-0.48051,43.186,-0.961,-1,400.000,-1,400.000,-1,325.000,325.000,275.000,275.000,-1,-1,-1,-1,775.000,725.000,-1,-1,2,0,2,0,2,0,0,0,0,2,2,2,2,0,0,2,2
69,-7764.667,-4081.378,-208.624,24.591,0.908090,-0.416130,0.046996,0.415640,0.909304,0.020226,-0.051150,0.001167,0.998690,0,0.72057,-0.36051,43.234,-0.721,-1,400.000,-1,400.000,-1,325.000,325.000,275.000,275.000,-1,-1,-1,-1,775.000,700.000,-1,-1,2,0,2,0,2,0,0,0,0,2,2,2,2,0,0,2,2
70,-7725.142,-4063.690,-210.767,24.110,0.911543,-0.408482,0.047237,0.407951,0.912766,0.020814,-0.051619,0.000298,0.998667,0,0.72171,-0.24051,43.302,-0.481,-1,400.000,-1,400.000,-1,325.000,325.000,275.000,275.000,-1,-1,-1,-1,775.000,700.000,-1,-1,2,0,2,0,2,0,0,0,0,2,2,2,2,0,0,2,2
71,-7685.127,-4046.145,-212.877,23.676,0.914612,-0.401559,0.047277,0.401014,0.915833,0.020906,-0.051693,-0.000162,0.998663,0,0.72821,-0.21693,43.693,-0.434,-1,400.000,-1,400.000,-1,325.000,325.000,275.000,275.000,-1,-1,-1,-1,775.000,700.000,-1,-1,2,0,2,0,2,0,0,0,0,2,2,2,2,0,0,2,2
72,-7644.990,-4028.910,-215.044,23.239,0.917647,-0.394575,0.047267,0.394014,0.918864,0.021048,-0.051737,-0.000691,0.998661,0,0.72801,-0.21810,43.681,-0.436,-1,400.000,-1,400.000,-1,325.000,325.000,275.000,275.000,-1,-1,-1,-1,775.000,675.000,-1,-1,2,0,2,0,2,0,0,0,0,2,2,2,2,0,0,2,2
73,-7603.850,-4011.652,-217.317,22.757,0.920947,-0.386817,0.047206,0.386236,0.922156,0.021235,-0.051746,-0.001324,0.998659,0,0.74355,-0.24142,44.613,-0.483,-1,400.000,-1,400.000,-1,325.000,325.000,275.000,275.000,-1,-1,-1,-1,750.000,675.000,-1,-1,2,0,2,0,2,0,0,0,0,2,2,2,2,0,0,2,2
74,-7566.945,-3996.716,-219.399,22.034,0.925765,-0.375152,0.047111,0.374549,0.926961,0.021374,-0.051688,-0.002142,0.998661,0,0.66355,-0.36142,39.813,-0.723,-1,400.000,-1,400.000,-1,325.000,325.000,275.000,275.000,-1,-1,-1,-1,750.000,675.000,-1,-1,2,0,2,0,2,0,0,0,0,2,2,2,2,0,0,2,2
75,-7533.425,-3983.801,-221.319,21.071,0.931954,-0.359521,0.046964,0.358893,0.933131,0.021476,-0.051545,-0.003160,0.998666,0,0.59871,-0.48142,35.922,-0.963,-1,400.000,-1,375.000,1000.000,325.000,325.000,275.000,275.000,-1,-1,-1,-1,750.000,675.000,-1,-1,2,0,2,0,1,0,0,0,0,2,2,2,2,0,0,2,2
76,-7499.432,-3971.517,-223.282,19.868,0.939318,-0.339852,0.046723,0.339195,0.940468,0.021583,-0.051277,-0.004425,0.998675,0,0.60241,-0.60142,36.144,-1.203,-1,400.000,-1,375.000,975.000,325.000,325.000,275.000,275.000,-1,-1,-1,-1,750.000,650.000,-1,975.000,2,0,2,0,1,0,0,0,0,2,2,2,2,0,0,2,1
77,-7464.963,-3959.897,-225.238,18.630,0.946470,-0.319453,0.046306,0.318775,0.947585,0.021558,-0.050766,-0.005643,0.998695,0,0.60625,-0.61896,36.375,-1.238,-1,400.000,-1,375.000,950.000,325.000,325.000,275.000,275.000,-1,-1,-1,-1,725.000,650.000,-1,950.000,2,0,2,0,1,0,0,0,0,2,2,2,2,0,0,2,1
78,-7430.024,-3948.955,-227.234,17.389,0.953201,-0.298850,0.045797,0.298146,0.954275,0.021664,-0.050177,-0.006995,0.998716,0,0.61021,-0.62059,36.612,-1.241,-1,400.000,-1,375.000,925.000,325.000,325.000,300.000,275.000,-1,-1,-1,-1,725.000,650.000,-1,925.000,2,0,2,0,1,0,0,0,0,2,2,2,2,0,0,2,1
79,-7394.622,-3938.707,-229.258,16.145,0.959501,-0.278054,0.045218,0.277317,0.960528,0.021941,-0.049534,-0.008512,0.998736,0,0.61426,-0.62214,36.855,-1.244,-1,400.000,-1,375.000,900.000,325.000,325.000,300.000,275.000,-1,-1,-1,-1,725.000,625.000,-1,875.000,2,0,2,0,1,0,0,0,0,2,2,2,2,0,0,2,1
80,-7358.765,-3929.167,-231.093,14.897,0.965344,-0.257075,0.044978,0.256251,0.966329,0.023309,-0.049456,-0.010975,0.998716,0,0.61840,-0.62360,37.104,-1.247,-1,400.000,-1,375.000,875.000,325.000,300.000,300.000,275.000,-1,-1,-1,-1,700.000,625.000,-1,850.000,2,0,2,0,1,0,0,0,0,2,2,2,2,0,0,2,1
81,-7322.462,-3920.352,-232.971,13.648,0.970743,-0.235927,0.044689,0.235015,0.971677,0.024752,-0.049263,-0.013525,0.998694,0,0.62264,-0.62497,37.358,-1.250,-1,400.000,-1,350.000,850.000,325.000,300.000,275.000,275.000,-1,-1,-1,-1,700.000,625.000,-1,825.000,2,0,2,0,1,0,0,0,0,2,2,2,2,0,0,2,1
82,-7285.720,-3912.276,-234.886,12.395,0.975689,-0.214623,0.044354,0.213621,0.976563,0.026274,-0.048953,-0.016160,0.998670,0,0.62698,-0.62624,37.619,-1.252,-1,375.000,-1,350.000,800.000,300.000,300.000,275.000,275.000,-1,-1,-1,-1,700.000,600.000,-1,775.000,2,0,2,0,1,0,0,0,0,2,2,2,2,0,0,2,1
83,-7248.549,-3904.955,-236.728,11.140,0.980182,-0.193176,0.043900,0.192066,0.980975,0.028266,-0.048525,-0.019274,0.998636,0,0.63141,-0.62741,37.885,-1.255,-1,375.000,-1,350.000,775.000,300.000,300.000,275.000,275.000,-1,-1,-1,-1,675.000,600.000,-1,750.000,2,0,2,0,1,0,0,0,0,2,2,2,2,0,0,2,1
84,-7210.960,-3898.405,-238.285,9.883,0.984257,-0.171594,0.042343,0.170355,0.984884,0.031352,-0.047083,-0.023645,0.998611,0,0.63594,-0.62848,38.156,-1.257,-1,375.000,-1,350.000,750.000,300.000,300.000,275.000,275.000,-1,-1,-1,-1,675.000,600.000,-1,725.000,2,0,2,0,1,0,0,0,0,2,2,2,2,0,0,2,1
85,-7172.961,-3892.639,-239.823,8.624,0.987852,-0.149898,0.040969,0.148539,0.988306,0.034448,-0.045654,-0.027944,0.998566,0,0.64056,-0.62944,38.433,-1.259,-1,375.000,-1,350.000,725.000,300.000,300.000,275.000,275.000,-1,-1,-1,-1,675.000,600.000,-1,700.000,2,0,2,0,1,0,0,0,0,2,2,2,2,0,0,2,1
86,-7134.565,-3887.676,-240.820,7.364,0.991005,-0.128112,0.038696,0.126774,0.991305,0.035256,-0.042877,-0.030033,0.998629,0,0.64527,-0.63030,38.716,-1.261,-1,375.000,-1,350.000,700.000,300.000,300.000,275.000,300.000,-1,875.000,-1,-1,675.000,600.000,-1,650.000,2,0,2,0,1,0,0,0,0,2,0,2,2,0,1,2,1
87,-7095.781,-3883.530,-241.768,6.102,0.993681,-0.106240,0.036208,0.104945,0.993827,0.035969,-0.039806,-0.031942,0.998697,0,0.65008,-0.63104,39.005,-1.262,-1,375.000,925.000,350.000,675.000,300.000,300.000,300.000,300.000,-1,675.000,-1,-1,675.000,575.000,-1,625.000,2,0,1,0,1,0,0,0,0,2,0,2,2,0,1,2,1
88,-7056.623,-3880.215,-242.720,4.838,0.995872,-0.084297,0.033660,0.083051,0.995864,0.036846,-0.036627,-0.033898,0.998754,0,0.65497,-0.63167,39.298,-1.263,-1,375.000,850.000,350.000,650.000,300.000,300.000,300.000,300.000,-1,550.000,925.000,-1,650.000,550.000,-1,600.000,2,0,1,0,1,0,0,0,0,2,0,0,2,0,1,2,1
89,-7017.102,-3877.745,-243.672,3.574,0.997574,-0.062298,0.031061,0.061108,0.997412,0.037887,-0.033341,-0.035897,0.998799,0,0.65996,-0.63218,39.598,-1.264,-1,375.000,775.000,350.000,625.000,300.000,300.000,300.000,300.000,-1,475.000,750.000,-1,650.000,525.000,1000.000,575.000,2,0,1,0,1,0,0,0,0,2,0,0,2,0,1,0,1
90,-6977.233,-3876.137,-244.621,2.309,0.998785,-0.040258,0.028421,0.039133,0.998469,0.039094,-0.029951,-0.037935,0.998831,0,0.66503,-0.63256,39.902,-1.265,-1,375.000,725.000,350.000,575.000,300.000,300.000,300.000,300.000,-1,425.000,625.000,-1,650.000,500.000,975.000,550.000,2,0,1,0,1,0,0,0,0,2,0,0,2,0,1,0,1
91,-6937.028,-3875.404,-245.561,1.043,0.999503,-0.018193,0.025748,0.017142,0.999034,0.040467,-0.026460,-0.040006,0.998849,0,0.67020,-0.63282,40.212,-1.266,-1,375.000,650.000,350.000,550.000,300.000,300.000,300.000,300.000,-1,400.000,550.000,-1,625.000,475.000,950.000,500.000,2,0,1,0,1,0,0,0,0,2,0,0,2,0,1,0,1
92,-6896.501,-3875.561,-246.466,-0.223,0.999725,0.003882,0.023131,-0.004849,0.999110,0.041910,-0.022947,-0.042010,0.998854,0,0.67544,-0.63294,40.527,-1.266,1000.000,375.000,600.000,350.000,525.000,300.000,300.000,300.000,300.000,-1,375.000,475.000,-1,625.000,450.000,925.000,475.000,0,0,1,0,1,0,0,0,0,2,0,0,2,0,1,0,1
93,-6855.669,-3876.621,-247.274,-1.488,0.999456,0.025951,0.020356,-0.026811,0.998707,0.043189,-0.019209,-0.043712,0.998860,0,0.68077,-0.63293,40.846,-1.266,975.000,375.000,550.000,350.000,500.000,300.000,300.000,300.000,300.000,-1,350.000,450.000,-1,575.000,400.000,925.000,450.000,0,1,1,1,1,0,0,0,0,2,0,0,2,1,1,0,1
94,-6814.545,-3878.599,-248.052,-2.754,0.998694,0.047999,0.017492,-0.048738,0.997815,0.044605,-0.015312,-0.045399,0.998852,0,0.68619,-0.63277,41.171,-1.266,950.000,350.000,500.000,325.000,450.000,300.000,300.000,300.000,300.000,-1,300.000,400.000,-1,525.000,375.000,900.000,425.000,0,1,1,1,1,1,1,0,0,2,0,0,2,1,1,0,1
95,-6773.146,-3881.507,-248.804,-4.019,0.997440,0.070009,0.014565,-0.070612,0.996434,0.046186,-0.011280,-0.047097,0.998827,0,0.69168,-0.63247,41.501,-1.265,925.000,325.000,450.000,300.000,425.000,275.000,275.000,300.000,300.000,1000.000,275.000,350.000,-1,475.000,350.000,875.000,375.000,0,1,1,1,1,1,1,0,0,0,0,0,2,1,1,0,1
96,-6727.060,-3885.963,-249.589,-5.524,0.995304,0.096145,0.011269,-0.096580,0.994160,0.048141,-0.006574,-0.049003,0.998777,0,0.77168,-0.75247,46.301,-1.505,875.000,300.000,400.000,275.000,400.000,250.000,250.000,300.000,300.000,1000.000,250.000,325.000,-1,425.000,325.000,850.000,350.000,0,1,1,1,1,1,1,0,0,0,0,0,2,1,1,0,1
97,-6676.370,-3892.428,-250.381,-7.269,0.991955,0.126360,0.007605,-0.126583,0.990667,0.050550,-0.001146,-0.051106,0.998693,0,0.85168,-0.87247,51.101,-1.745,850.000,275.000,350.000,250.000,350.000,225.000,225.000,300.000,300.000,975.000,225.000,275.000,-1,350.000,275.000,825.000,300.000,0,1,1,1,1,1,1,0,0,0,0,0,2,1,1,0,1
98,-6621.165,-3901.226,-251.166,-9.055,0.987566,0.157165,0.003578,-0.157130,0.986130,0.053465,0.004875,-0.053363,0.998563,0,0.93168,-0.89328,55.901,-1.787,800.000,225.000,300.000,200.000,300.000,200.000,200.000,275.000,300.000,950.000,225.000,250.000,-1,300.000,225.000,800.000,250.000,0,1,1,1,1,1,1,0,0,0,0,0,2,1,1,0,1
99,-6562.236,-3912.515,-249.144,-10.838,0.982172,0.187851,-0.007138,-0.187324,0.981191,0.046631,0.015763,-0.044462,0.998887,0,1.00000,-0.89143,60.000,-1.783,875.000,200.000,225.000,175.000,250.000,175.000,150.000,300.000,300.000,-1,225.000,225.000,-1,250.000,200.000,475.000,225.000,0,1,1,1,1,1,1,0,0,2,0,0,2,1,1,1,1
100,-6503.685,-3925.629,-244.533,-12.617,0.975509,0.218352,-0.026541,-0.217439,0.975500,0.033466,0.033198,-0.026875,0.999087,0,1.00000,-0.88932,60.000,-1.779,-1,150.000,200.000,125.000,200.000,125.000,125.000,350.000,275.000,-1,225.000,175.000,-1,200.000,150.000,375.000,175.000,2,1,1,1,1,1,1,0,0,2,0,0,2,1,1,1,1
101,-6445.560,-3940.542,-227.942,-14.390,0.966142,0.248279,-0.070188,-0.244031,0.967663,0.063857,0.083773,-0.044567,0.995488,0,1.00000,-0.88672,60.000,-1.773,-1,150.000,200.000,125.000,200.000,125.000,125.000,375.000,350.000,800.000,150.000,150.000,925.000,200.000,150.000,400.000,150.000,2,1,1,1,1,1,1,0,0,0,0,0,0,1,1,1,1
102,-326.574,-2952.301,248.874,-111.307,-0.443110,0.836216,0.323106,-0.875488,-0.326137,-0.356589,-0.192809,-0.440883,0.876611,1,0.00000,0.00000,60.000,-1.767,200.000,400.000,-1,1000.000,-1,425.000,600.000,200.000,250.000,850.000,-1,125.000,-1,525.000,-1,275.000,-1,0,0,2,0,2,1,0,0,1,0,2,1,2,0,2,0,2
103,-2952.637,1635.111,142.959,-101.328,-0.190489,0.979302,-0.068419,-0.976497,-0.196179,-0.089263,-0.100838,0.049808,0.993655,1,0.08000,0.08054,4.800,0.161,650.000,275.000,-1,-1,-1,250.000,425.000,400.000,175.000,-1,-1,-1,-1,400.000,-1,450.000,-1,1,0,2,2,2,1,1,0,0,2,2,2,2,1,2,1,2
104,-2954.497,1625.692,141.745,-101.173,-0.187419,0.979679,-0.071435,-0.976880,-0.193510,-0.090882,-0.102858,0.052751,0.993296,0,0.16000,0.07721,9.600,0.154,625.000,275.000,-1,-1,-1,225.000,425.000,400.000,175.000,-1,-1,-1,-1,375.000,-1,450.000,-1,1,0,2,2,2,1,1,0,0,2,2,2,2,1,2,1,2
105,-2957.251,1611.557,139.923,-101.030,-0.184299,0.979926,-0.076025,-0.977152,-0.191010,-0.093217,-0.105867,0.057108,0.992739,0,0.24000,0.07176,14.400,0.144,600.000,250.000,-1,-1,-1,225.000,400.000,400.000,175.000,-1,-1,-1,-1,375.000,-1,425.000,-1,1,0,2,2,2,1,1,0,0,2,2,2,2,1,2,1,2
106,-2960.880,1592.702,137.478,-100.902,-0.181169,0.980006,-0.082250,-0.977292,-0.188750,-0.096301,-0.109901,0.062936,0.991948,0,0.32000,0.06412,19.200,0.128,550.000,250.000,-1,-1,-1,225.000,400.000,425.000,175.000,-1,-1,-1,-1,350.000,-1,400.000,-1,1,0,2,2,2,1,1,0,1,2,2,2,2,1,2,1,2
107,-2965.371,1569.125,134.393,-100.793,-0.178057,0.979877,-0.090202,-0.977276,-0.186806,-0.100179,-0.115013,0.070315,0.990872,0,0.40000,0.05412,24.000,0.108,500.000,250.000,-1,-1,-1,225.000,375.000,425.000,175.000,-1,-1,-1,-1,325.000,-1,375.000,-1,1,0,2,2,2,1,1,0,1,2,2,2,2,1,2,1,2
108,-2970.719,1540.824,130.640,-100.710,-0.174978,0.979480,-0.100004,-0.977075,-0.185258,-0.104899,-0.121273,0.079356,0.989442,0,0.48000,0.04156,28.800,0.083,450.000,225.000,-1,-1,-1,225.000,375.000,450.000,175.000,-1,-1,-1,-1,300.000,-1,350.000,-1,1,0,2,2,2,1,1,0,1,2,2,2,2,1,2,1,2
109,-2976.928,1507.800,126.189,-100.658,-0.171934,0.978742,-0.111815,-0.976657,-0.184193,-0.110515,-0.128762,0.090203,0.987565,0,0.56000,0.02615,33.600,0.052,400.000,200.000,-1,-1,-1,225.000,350.000,450.000,200.000,-1,-1,0.000,-1,275.000,-1,300.000,-1,1,0,2,2,2,1,1,0,1,2,2,0,2,1,2,1,2
110,-2984.011,1470.056,121.000,-100.643,-0.168908,0.977566,-0.125835,-0.975983,-0.183706,-0.117084,-0.137574,0.103037,0.985118,0,0.64000,0.00753,38.400,0.015,325.000,175.000,-1,-1,-1,200.000,325.000,475.000,200.000,-1,-1,0.000,-1,225.000,-1,250.000,-1,1,1,2,2,2,1,1,0,1,2,2,0,2,1,2,1,2
111,-2992.000,1427.597,115.025,-100.673,-0.165859,0.975827,-0.142314,-0.975008,-0.183900,-0.124659,-0.147817,0.118081,0.981940,0,0.72000,-0.01477,43.200,-0.030,275.000,150.000,-1,-1,-1,175.000,300.000,525.000,225.000,-1,-1,0.000,-1,200.000,-1,200.000,-1,1,1,2,2,2,1,1,0,1,2,2,0,2,1,2,1,2
112,-3000.942,1380.432,108.206,-100.755,-0.162714,0.973357,-0.161557,-0.973679,-0.184890,-0.133285,-0.159604,0.135617,0.977821,0,0.80000,-0.04135,48.000,-0.083,200.000,150.000,-1,-1,-1,150.000,275.000,550.000,250.000,-1,-1,0.000,-1,175.000,-1,150.000,-1,1,1,2,2,2,1,1,0,1,2,2,0,2,1,2,1,2
113,4919.482,-7543.220,129.179,90.819,-0.013703,-0.999224,0.036936,0.999780,-0.014280,-0.015387,0.015902,0.036717,0.999199,1,0.00000,0.00000,52.800,-0.146,-1,425.000,-1,375.000,-1,325.000,300.000,325.000,325.000,900.000,-1,-1,-1,-1,775.000,-1,-1,2,0,2,0,2,0,0,0,0,1,2,2,2,2,0,2,2
114,4919.433,-7538.420,129.266,90.579,-0.009530,-0.999282,0.036682,0.999833,-0.010094,-0.015217,0.015576,0.036531,0.999211,0,0.08000,-0.12000,4.800,-0.240,-1,425.000,-1,375.000,-1,325.000,300.000,325.000,325.000,900.000,-1,-1,-1,-1,775.000,-1,-1,2,0,2,0,2,0,0,0,0,1,2,2,2,2,0,2,2
115,4919.397,-7528.820,129.435,90.219,-0.003288,-0.999340,0.036178,0.999882,-0.003828,-0.014885,0.015014,0.036124,0.999235,0,0.16000,-0.17963,9.600,-0.359,-1,425.000,-1,375.000,-1,325.000,300.000,325.000,325.000,900.000,-1,-1,-1,-1,775.000,-1,-1,2,0,2,0,2,0,0,0,0,1,2,2,2,2,0,2,2
116,4919.433,-7514.420,129.680,89.858,0.002985,-0.999368,0.035428,0.999893,0.002476,-0.014402,0.014305,0.035467,0.999268,0,0.24000,-0.18072,14.400,-0.361,-1,425.000,-1,375.000,-1,325.000,300.000,325.000,325.000,925.000,-1,-1,-1,1000.000,775.000,-1,-1,2,0,2,0,2,0,0,0,0,1,2,2,2,0,0,2,2
117,4919.603,-7495.221,129.998,89.493,0.009309,-0.999363,0.034441,0.999866,0.008839,-0.013770,0.013456,0.034564,0.999312,0,0.32000,-0.18239,19.200,-0.365,-1,425.000,-1,375.000,-1,325.000,300.000,325.000,325.000,925.000,-1,-1,-1,1000.000,750.000,-1,-1,2,0,2,0,2,0,0,0,0,1,2,2,2,0,0,2,2
118,4919.971,-7471.224,130.388,89.124,0.015704,-0.999325,0.033222,0.999799,0.015280,-0.012993,0.012477,0.033420,0.999364,0,0.40000,-0.18463,24.000,-0.369,-1,425.000,-1,375.000,-1,325.000,300.000,325.000,325.000,950.000,-1,-1,-1,1000.000,750.000,-1,-1,2,0,2,0,2,0,0,0,0,1,2,2,2,0,0,2,2
119,4920.600,-7442.431,130.850,88.749,0.022195,-0.999248,0.031781,0.999689,0.021820,-0.012076,0.011374,0.032039,0.999422,0,0.48000,-0.18748,28.800,-0.375,-1,425.000,-1,375.000,-1,325.000,300.000,325.000,325.000,975.000,-1,-1,-1,975.000,750.000,-1,-1,2,0,2,0,2,0,0,0,0,1,2,2,2,0,0,2,2
120,4921.558,-7408.844,131.383,88.367,0.028802,-0.999131,0.030126,0.999534,0.028481,-0.011024,0.010157,0.030429,0.999485,0,0.56000,-0.19094,33.600,-0.382,-1,425.000,-1,375.000,-1,325.000,300.000,325.000,325.000,1000.000,-1,-1,-1,975.000,750.000,-1,-1,2,0,2,0,2,0,0,0,0,1,2,2,2,0,0,2,2
121,4922.915,-7370.468,131.989,87.977,0.035550,-0.998968,0.028265,0.999329,0.035285,-0.009843,0.008835,0.028596,0.999552,0,0.64000,-0.19504,38.400,-0.390,-1,425.000,-1,375.000,-1,325.000,325.000,325.000,325.000,-1,-1,-1,-1,950.000,750.000,-1,-1,2,0,2,0,2,0,0,0,0,2,2,2,2,0,0,2,2
122,4924.741,-7327.307,132.668,87.577,0.042464,-0.998754,0.026209,0.999070,0.042253,-0.008539,0.007421,0.026548,0.999620,0,0.72000,-0.19980,43.200,-0.400,-1,425.000,-1,375.000,-1,325.000,325.000,325.000,325.000,-1,-1,-1,-1,950.000,750.000,-1,-1,2,0,2,0,2,0,0,0,0,2,2,2,2,0,0,2,2
123,4927.215,-7279.371,133.427,87.047,0.051661,-0.998376,0.023994,0.998647,0.051503,-0.007123,0.005876,0.024329,0.999687,0,0.80000,-0.26530,48.000,-0.531,-1,425.000,-1,400.000,-1,325.000,325.000,325.000,325.000,-1,-1,-1,-1,950.000,750.000,-1,-1,2,0,2,0,2,0,0,0,0,2,2,2,2,0,0,2,2
124,4930.428,-7226.669,134.182,86.512,0.060931,-0.997915,0.021266,0.998132,0.060820,-0.005833,0.004528,0.021582,0.999757,0,0.88000,-0.26730,52.800,-0.535,-1,425.000,-1,400.000,-1,325.000,325.000,325.000,325.000,-1,-1,-1,-1,925.000,775.000,-1,-1,2,0,2,0,2,0,0,0,0,2,2,2,2,0,0,2,2
125,4934.160,-7173.661,134.228,85.974,0.070281,-0.997363,0.018081,0.997521,0.070205,-0.004786,0.003504,0.018373,0.999825,0,0.88564,-0.26937,53.139,-0.539,-1,425.000,-1,400.000,-1,325.000,325.000,325.000,325.000,-1,-1,-1,-1,925.000,775.000,-1,-1,2,0,2,0,2,0,0,0,0,2,2,2,2,0,0,2,2
126,4938.393,-7120.699,133.961,85.431,0.079695,-0.996689,0.016144,0.996817,0.079651,-0.003379,0.002081,0.016362,0.999864,0,0.88552,-0.27132,53.131,-0.543,-1,425.000,-1,400.000,-1,325.000,325.000,325.000,325.000,-1,-1,-1,-1,900.000,775.000,-1,-1,2,0,2,0,2,0,0,0,0,2,2,2,2,0,0,2,2
127,4943.130,-7067.791,133.702,84.885,0.089172,-0.995914,0.014255,0.996016,0.089152,-0.001983,0.000704,0.014375,0.999896,0,0.88532,-0.27313,53.119,-0.546,-1,425.000,-1,400.000,-1,325.000,325.000,325.000,325.000,-1,-1,-1,-1,900.000,800.000,-1,-1,2,0,2,0,2,0,0,0,0,2,2,2,2,0,0,2,2
128,4948.372,-7014.947,133.452,84.335,0.098703,-0.995039,0.012412,0.995117,0.098704,-0.000595,-0.000633,0.012410,0.999923,0,0.88505,-0.27480,53.103,-0.550,-1,425.000,-1,400.000,-1,325.000,325.000,325.000,325.000,-1,-1,-1,-1,875.000,800.000,-1,-1,2,0,2,0,2,0,0,0,0,2,2,2,2,0,0,2,2
129,4954.121,-6962.178,133.217,83.782,0.108284,-0.994063,0.010614,0.994118,0.108299,0.000788,-0.001933,0.010467,0.999943,0,0.88470,-0.27632,53.082,-0.553,-1,400.000,-1,400.000,-1,325.000,325.000,325.000,300.000,-1,-1,-1,-1,875.000,800.000,-1,-1,2,0,2,0,2,0,0,0,0,2,2,2,2,0,0,2,2
130,4960.362,-6908.447,132.988,83.375,0.115344,-0.993286,0.008836,0.993320,0.115368,0.002214,-0.003219,0.008522,0.999959,0,0.90154,-0.20374,54.092,-0.407,-1,400.000,-1,375.000,-1,325.000,325.000,325.000,300.000,-1,-1,-1,-1,850.000,800.000,-1,-1,2,0,2,0,2,0,0,0,0,2,2,2,2,0,0,2,2
131,4966.990,-6854.646,132.781,82.978,0.122226,-0.992477,0.007080,0.992492,0.122254,0.003657,-0.004495,0.006579,0.999968,0,0.90346,-0.19865,54.208,-0.397,-1,400.000,-1,375.000,-1,325.000,325.000,325.000,300.000,-1,-1,-1,-1,850.000,825.000,-1,-1,2,0,2,0,2,0,0,0,0,2,2,2,2,0,0,2,2
132,4973.993,-6800.796,132.598,82.591,0.128926,-0.991640,0.005342,0.991637,0.128954,0.005122,-0.005768,0.004637,0.999973,0,0.90505,-0.19342,54.303,-0.387,-1,400.000,-1,400.000,-1,325.000,325.000,325.000,300.000,-1,-1,-1,-1,850.000,825.000,-1,-1,2,0,2,0,2,0,0,0,0,2,2,2,2,0,0,2,2
133,4981.359,-6746.921,132.444,82.215,0.135439,-0.990779,0.003621,0.990761,0.135461,0.006610,-0.007040,0.002693,0.999972,0,0.90627,-0.18805,54.376,-0.376,-1,400.000,-1,400.000,-1,325.000,325.000,325.000,300.000,-1,-1,-1,-1,825.000,850.000,-1,-1,2,0,2,0,2,0,0,0,0,2,2,2,2,0,0,2,2
134,4989.075,-6693.042,132.320,81.850,0.141762,-0.989899,0.001916,0.989866,0.141773,0.008126,-0.008316,0.000745,0.999965,0,0.90714,-0.18257,54.428,-0.365,-1,400.000,-1,400.000,-1,325.000,325.000,325.000,300.000,-1,-1,-1,-1,825.000,850.000,-1,-1,2,0,2,0,2,0,0,0,0,2,2,2,2,1,0,2,2
135,4997.129,-6639.183,132.229,81.496,0.147891,-0.989004,0.000224,0.988957,0.147886,0.009674,-0.009601,-0.001209,0.999953,0,0.90763,-0.17700,54.458,-0.354,-1,400.000,-1,400.000,-1,325.000,325.000,325.000,325.000,-1,-1,-1,-1,875.000,850.000,-1,-1,2,0,2,0,2,0,0,0,0,2,2,2,2,1,0,2,2
136,5005.505,-6585.366,132.088,81.153,0.153827,-0.988096,-0.001839,0.988041,0.153798,0.011048,-0.010634,-0.003516,0.999937,0,0.90776,-0.17134,54.466,-0.343,-1,400.000,-1,400.000,-1,325.000,325.000,325.000,325.000,-1,-1,-1,-1,900.000,875.000,-1,-1,2,0,2,0,2,0,0,0,0,2,2,2,2,1,0,2,2
