timestep,x_cm,y_cm,z_cm,yaw_deg,basis_xx,basis_xy,basis_xz,basis_yx,basis_yy,basis_yz,basis_zx,basis_zy,basis_zz,teleport_flag,throttle_cmd,steering_cmd,cmd_move_cm,cmd_turn_deg,lidar_cm_0,lidar_cm_1,lidar_cm_2,lidar_cm_3,lidar_cm_4,lidar_cm_5,lidar_cm_6,lidar_cm_7,lidar_cm_8,lidar_cm_9,lidar_cm_10,lidar_cm_11,lidar_cm_12,lidar_cm_13,lidar_cm_14,lidar_cm_15,lidar_cm_16,lidar_class_0,lidar_class_1,lidar_class_2,lidar_class_3,lidar_class_4,lidar_class_5,lidar_class_6,lidar_class_7,lidar_class_8,lidar_class_9,lidar_class_10,lidar_class_11,lidar_class_12,lidar_class_13,lidar_class_14,lidar_class_15,lidar_class_16
0,3603.749,1637.002,288.540,36.112,0.807881,-0.589345,-0.000594,0.589300,0.807831,-0.011610,0.007322,0.009030,0.999932,1,-0.08000,-0.12000,-4.800,-0.240,-1,400.000,-1,400.000,-1,325.000,325.000,300.000,325.000,-1,-1,-1,475.000,850.000,850.000,-1,-1,2,0,2,0,2,0,0,0,0,2,2,2,1,0,0,2,2
1,3595.946,1631.409,288.448,35.632,0.812790,-0.582556,-0.000750,0.582507,0.812738,-0.011891,0.007537,0.009227,0.999929,0,-0.16000,-0.24000,-9.600,-0.480,-1,400.000,-1,400.000,-1,325.000,325.000,300.000,325.000,-1,-1,-1,475.000,850.000,850.000,-1,-1,2,0,2,0,2,0,0,0,0,2,2,2,1,0,0,2,2
2,3584.140,1623.165,288.314,34.926,0.819906,-0.572497,-0.001000,0.572444,0.819852,-0.012304,0.007863,0.009516,0.999924,0,-0.24000,-0.35296,-14.400,-0.706,-1,400.000,-1,400.000,-1,325.000,325.000,300.000,325.000,-1,-1,-1,475.000,850.000,850.000,-1,-1,2,0,2,0,2,0,0,0,0,2,2,2,1,0,0,2,2
3,3568.264,1612.368,288.153,34.220,0.826902,-0.562344,-0.001354,0.562284,0.826845,-0.012852,0.008347,0.009866,0.999916,0,-0.32000,-0.35319,-19.200,-0.706,-1,400.000,-1,400.000,-1,325.000,325.000,325.000,300.000,-1,-1,-1,475.000,850.000,850.000,-1,-1,2,0,2,0,2,0,0,0,0,2,2,2,1,0,0,2,2
4,3548.254,1599.117,287.966,33.513,0.833776,-0.552100,-0.001823,0.552029,0.833715,-0.013527,0.008988,0.010272,0.999907,0,-0.40000,-0.35339,-24.000,-0.707,-1,400.000,-1,400.000,-1,325.000,325.000,325.000,300.000,-1,-1,-1,475.000,850.000,850.000,-1,-1,2,0,2,0,2,0,0,0,0,2,2,2,1,0,0,2,2
5,3524.047,1583.513,287.749,32.806,0.840524,-0.541768,-0.002454,0.541685,0.840460,-0.014308,0.009814,0.010697,0.999895,0,-0.48000,-0.35349,-28.800,-0.707,-1,400.000,-1,400.000,-1,325.000,325.000,325.000,300.000,-1,-1,-1,450.000,850.000,850.000,-1,-1,2,0,2,0,2,0,0,0,0,2,2,2,1,0,0,2,2
6,3495.900,1565.857,287.485,32.099,0.847141,-0.531357,-0.003340,0.531256,0.847076,-0.015138,0.010873,0.011050,0.999880,0,-0.55377,-0.35341,-33.226,-0.707,-1,400.000,-1,400.000,-1,325.000,325.000,325.000,300.000,-1,-1,-1,450.000,875.000,875.000,-1,-1,2,0,2,0,2,0,0,0,0,2,2,2,1,0,0,2,2
7,3467.603,1548.589,287.210,31.393,0.853622,-0.520876,-0.004230,0.520758,0.853557,-0.015824,0.011853,0.011305,0.999866,0,-0.55249,-0.35306,-33.149,-0.706,-1,400.000,-1,400.000,-1,325.000,325.000,325.000,300.000,-1,-1,-1,475.000,875.000,875.000,-1,-1,2,0,2,0,2,0,0,0,0,2,2,2,1,0,0,2,2
8,3439.189,1531.726,286.815,30.688,0.859960,-0.510337,-0.005039,0.510212,0.859904,-0.015794,0.012393,0.011011,0.999863,0,-0.55071,-0.35245,-33.042,-0.705,-1,400.000,-1,400.000,-1,325.000,325.000,325.000,300.000,-1,-1,-1,475.000,875.000,875.000,-1,-1,2,0,2,0,2,0,0,0,0,2,2,2,1,0,0,2,2
9,3410.687,1515.280,286.430,29.985,0.866151,-0.499748,-0.005843,0.499615,0.866105,-0.015726,0.012919,0.010702,0.999859,0,-0.54843,-0.35156,-32.906,-0.703,-1,400.000,-1,400.000,-1,325.000,325.000,325.000,300.000,-1,-1,-1,525.000,850.000,850.000,-1,-1,2,0,2,0,2,0,0,0,0,2,2,2,1,0,0,2,2
10,3382.131,1499.265,286.054,29.284,0.872191,-0.489120,-0.006640,0.488980,0.872155,-0.015621,0.013431,0.010378,0.999856,0,-0.54567,-0.35039,-32.740,-0.701,-1,400.000,-1,400.000,-1,325.000,325.000,325.000,300.000,-1,-1,-1,-1,850.000,850.000,-1,-1,2,0,2,0,2,0,0,0,0,2,2,2,2,0,0,2,2
11,3353.552,1483.691,284.274,28.587,0.877983,-0.478482,-0.014176,0.478335,0.878087,-0.012643,0.018497,0.004319,0.999820,0,-0.54246,-0.34893,-32.548,-0.698,-1,400.000,-1,425.000,-1,325.000,325.000,300.000,300.000,-1,-1,-1,-1,875.000,900.000,-1,-1,2,0,2,0,2,0,0,0,0,2,2,2,2,0,0,2,2
12,3324.979,1468.567,279.349,27.892,0.883096,-0.467760,-0.036625,0.467977,0.883736,-0.002942,0.033743,-0.014542,0.999325,0,-0.53883,-0.34719,-32.330,-0.694,-1,425.000,-1,450.000,-1,350.000,350.000,250.000,325.000,-1,0.000,0.000,-1,900.000,-1,-1,-1,2,0,2,0,2,0,0,0,0,2,0,0,2,0,2,2,2
13,3296.440,1453.902,274.597,27.202,0.887632,-0.456881,-0.058049,0.458003,0.888924,0.006974,0.048414,-0.032777,0.998289,0,-0.53480,-0.34517,-32.088,-0.690,-1,425.000,-1,475.000,-1,350.000,375.000,225.000,350.000,-1,0.000,0.000,-1,950.000,-1,-1,-1,2,0,2,0,2,0,0,0,1,2,0,0,2,0,2,2,2
14,3267.962,1439.699,270.015,26.516,0.891645,-0.445882,-0.078475,0.448399,0.893670,0.017085,0.062513,-0.050422,0.996770,0,-0.53042,-0.34287,-31.825,-0.686,-1,425.000,-1,525.000,-1,350.000,375.000,200.000,325.000,-1,0.000,0.000,-1,975.000,-1,-1,-1,2,0,2,0,2,0,0,0,1,2,1,0,2,0,2,2,2
15,3239.570,1425.961,265.594,25.836,0.895188,-0.434796,-0.097936,0.439154,0.897995,0.027371,0.076045,-0.067511,0.994816,0,-0.52572,-0.34028,-31.543,-0.681,-1,425.000,-1,575.000,-1,350.000,400.000,175.000,325.000,-1,0.000,0.000,-1,-1,-1,-1,-1,2,0,2,0,2,0,0,0,1,2,1,0,2,2,2,2,2
16,3211.289,1412.687,261.328,25.161,0.898306,-0.423653,-0.116465,0.430257,0.901914,0.037811,0.089022,-0.084075,0.992475,0,-0.52075,-0.33743,-31.245,-0.675,-1,425.000,-1,625.000,-1,375.000,400.000,150.000,325.000,-1,0.000,0.000,-1,-1,-1,-1,-1,2,0,2,0,2,0,0,0,1,2,1,1,2,2,2,2,2
17,3183.138,1399.875,257.038,24.492,0.901133,-0.412509,-0.133397,0.421618,0.905501,0.048029,0.100979,-0.099523,0.989898,0,-0.51554,-0.33432,-30.932,-0.669,-1,425.000,-1,675.000,-1,375.000,425.000,125.000,325.000,-1,0.000,0.000,-1,-1,-1,-1,-1,2,0,2,0,2,0,0,0,1,2,1,1,2,2,2,2,2
18,3155.137,1387.521,252.878,23.830,0.903640,-0.401371,-0.149455,0.413281,0.908733,0.058337,0.112401,-0.114482,0.987046,0,-0.51014,-0.33095,-30.608,-0.662,-1,425.000,-1,725.000,-1,375.000,450.000,100.000,325.000,-1,0.000,0.000,-1,-1,-1,-1,-1,2,0,2,0,2,0,0,0,1,2,1,1,2,2,2,2,2
19,3127.304,1375.619,248.438,23.175,0.905728,-0.390339,-0.165203,0.405147,0.911806,0.066828,0.124547,-0.127459,0.983993,0,-0.50459,-0.32735,-30.275,-0.655,-1,450.000,-1,775.000,-1,400.000,475.000,75.000,325.000,-1,0.000,0.000,-1,-1,-1,-1,-1,2,0,2,0,2,0,0,0,1,2,1,1,2,2,2,2,2
20,3099.653,1364.163,244.101,22.528,0.907515,-0.379372,-0.180258,0.397289,0.914600,0.075292,0.136301,-0.139943,0.980733,0,-0.49892,-0.32351,-29.935,-0.647,-1,450.000,-1,875.000,-1,400.000,475.000,75.000,325.000,-1,0.000,0.000,-1,-1,-1,-1,-1,2,0,2,0,2,0,0,0,1,2,1,1,2,2,2,2,2
21,-4263.546,-8855.080,315.041,-69.380,0.353166,0.934667,0.040887,-0.935294,0.351685,0.039264,0.022320,-0.052108,0.998392,1,0.00000,0.00000,-25.135,-0.645,-1,375.000,-1,400.000,-1,325.000,325.000,300.000,325.000,-1,475.000,475.000,-1,775.000,975.000,-1,-1,2,0,2,0,2,0,0,0,0,2,0,0,2,0,0,2,2
22,-4261.874,-8859.580,315.145,-69.620,0.349252,0.936141,0.040770,-0.936756,0.347771,0.039289,0.022601,-0.051913,0.998396,0,0.08000,-0.12000,4.800,-0.240,-1,375.000,-1,400.000,-1,325.000,325.000,300.000,325.000,-1,475.000,475.000,-1,775.000,975.000,-1,-1,2,0,2,0,2,0,0,0,0,2,0,0,2,0,0,2,2
23,-4258.607,-8868.607,315.358,-70.100,0.341407,0.939041,0.040537,-0.939630,0.339923,0.039337,0.023160,-0.051520,0.998403,0,0.16000,-0.24000,9.600,-0.480,-1,375.000,-1,400.000,-1,325.000,325.000,300.000,325.000,-1,500.000,500.000,-1,775.000,975.000,-1,-1,2,0,2,0,2,0,0,0,0,2,0,0,2,0,0,2,2
24,-4253.877,-8882.208,315.688,-70.820,0.329593,0.943267,0.040189,-0.943818,0.328106,0.039408,0.023986,-0.050920,0.998415,0,0.24000,-0.36000,14.400,-0.720,-1,375.000,-1,400.000,-1,325.000,325.000,300.000,325.000,-1,500.000,500.000,-1,800.000,1000.000,-1,-1,2,0,2,0,2,0,0,0,0,2,0,0,2,0,0,2,2
25,-4247.811,-8900.425,316.147,-71.583,0.317023,0.947585,0.039731,-0.948091,0.315535,0.039511,0.024903,-0.050195,0.998429,0,0.32000,-0.38127,19.200,-0.763,-1,375.000,-1,400.000,-1,325.000,325.000,300.000,325.000,-1,525.000,525.000,-1,800.000,-1,-1,-1,2,0,2,0,2,0,0,0,0,2,0,0,2,0,2,2,2
26,-4240.535,-8923.296,316.744,-72.351,0.304297,0.951771,0.039169,-0.952226,0.302811,0.039645,0.025872,-0.049362,0.998446,0,0.40000,-0.38422,24.000,-0.768,-1,375.000,-1,425.000,-1,325.000,325.000,300.000,325.000,-1,550.000,550.000,-1,825.000,-1,-1,-1,2,0,2,0,2,0,0,0,0,2,0,0,2,0,2,2,2
27,-4232.177,-8950.857,317.491,-73.127,0.291391,0.955829,0.038507,-0.956226,0.289909,0.039809,0.026887,-0.048421,0.998465,0,0.48000,-0.38793,28.800,-0.776,-1,375.000,-1,425.000,-1,325.000,325.000,300.000,325.000,-1,575.000,550.000,-1,850.000,-1,-1,-1,2,0,2,0,2,0,0,0,0,2,0,0,2,0,2,2,2
28,-4222.866,-8983.141,318.398,-73.912,0.278280,0.959758,0.037750,-0.960094,0.276804,0.040000,0.027941,-0.047375,0.998486,0,0.56000,-0.39240,33.600,-0.785,-1,400.000,-1,425.000,-1,325.000,325.000,300.000,325.000,-1,600.000,600.000,-1,875.000,-1,-1,-1,2,0,2,0,2,0,0,0,0,2,0,0,2,0,2,2,2
29,-4212.739,-9020.182,319.477,-74.707,0.264936,0.963560,0.036904,-0.963829,0.263470,0.040215,0.029027,-0.046224,0.998509,0,0.64000,-0.39764,38.400,-0.795,-1,400.000,-1,425.000,-1,325.000,325.000,300.000,325.000,-1,650.000,625.000,-1,900.000,-1,-1,-1,2,0,2,0,2,0,0,0,0,2,0,0,2,0,2,2,2
30,-4201.934,-9062.009,320.738,-75.515,0.251334,0.967232,0.035976,-0.967431,0.249881,0.040452,0.030136,-0.044972,0.998534,0,0.72000,-0.40366,43.200,-0.807,-1,400.000,-1,450.000,-1,325.000,350.000,300.000,325.000,-1,675.000,650.000,-1,925.000,-1,-1,-1,2,0,2,0,2,0,0,0,0,2,0,0,2,0,2,2,2
31,-4190.595,-9108.651,322.194,-76.335,0.237447,0.970771,0.034973,-0.970897,0.236012,0.040705,0.031261,-0.043620,0.998559,0,0.80000,-0.41047,48.000,-0.821,-1,425.000,-1,450.000,-1,350.000,350.000,300.000,325.000,-1,725.000,700.000,-1,950.000,-1,-1,-1,2,0,2,0,2,0,0,0,0,2,0,0,2,0,2,2,2
32,-4179.495,-9157.371,323.504,-77.164,0.223314,0.974181,0.033193,-0.974237,0.221967,0.039907,0.031509,-0.041250,0.998652,0,0.83280,-0.41441,49.968,-0.829,-1,425.000,-1,450.000,-1,350.000,350.000,300.000,300.000,-1,775.000,750.000,-1,-1,-1,-1,-1,2,0,2,0,2,0,0,0,0,2,0,0,2,2,2,2,2
33,-4169.102,-9206.246,324.416,-77.993,0.209039,0.977446,0.030046,-0.977435,0.207885,0.037466,0.030375,-0.037200,0.998846,0,0.83280,-0.41441,49.968,-0.829,-1,450.000,-1,475.000,-1,350.000,350.000,300.000,300.000,-1,875.000,825.000,-1,-1,-1,-1,-1,2,0,2,0,2,0,0,0,0,2,0,0,2,2,2,2,2
34,-4159.345,-9254.565,325.212,-78.582,0.198835,0.979647,0.027498,-0.979616,0.197853,0.034741,0.028593,-0.033846,0.999018,0,0.82157,-0.29441,49.294,-0.589,-1,450.000,-1,450.000,-1,350.000,350.000,300.000,300.000,-1,950.000,900.000,-1,-1,-1,-1,-1,2,0,2,0,2,0,0,0,0,2,0,0,2,2,2,2,2
35,-4149.880,-9302.941,325.394,-78.931,0.192737,0.980855,0.027868,-0.980944,0.191889,0.030436,0.024506,-0.033203,0.999148,0,0.82157,-0.17441,49.294,-0.349,-1,450.000,-1,450.000,-1,350.000,350.000,300.000,300.000,-1,-1,-1,-1,-1,-1,-1,-1,2,0,2,0,2,0,0,0,0,2,2,2,2,2,2,2,2
36,-4140.508,-9351.336,325.606,-79.040,0.190741,0.981237,0.028140,-0.981431,0.190030,0.026103,0.020266,-0.032596,0.999263,0,0.82157,-0.05441,49.294,-0.109,-1,425.000,-1,450.000,-1,350.000,350.000,300.000,300.000,-1,-1,-1,-1,-1,-1,-1,-1,2,0,2,0,2,0,0,0,0,2,2,2,2,2,2,2,2
37,-4131.025,-9399.709,325.841,-78.908,0.192854,0.980817,0.028367,-0.981099,0.192280,0.021763,0.015891,-0.032028,0.999361,0,0.82157,0.06559,49.294,0.131,-1,425.000,-1,450.000,-1,350.000,350.000,300.000,300.000,-1,-1,-1,-1,-1,-1,-1,-1,2,0,2,0,2,0,0,0,0,2,2,2,2,2,2,2,2
38,-4121.228,-9448.020,326.092,-78.537,0.199071,0.979568,0.028606,-0.979919,0.198633,0.017434,0.011395,-0.031502,0.999439,0,0.82157,0.18559,49.294,0.371,-1,425.000,-1,450.000,-1,350.000,350.000,300.000,300.000,-1,-1,-1,-1,-1,-1,-1,-1,2,0,2,0,2,0,0,0,0,2,2,2,2,2,2,2,2
39,-4110.917,-9496.223,326.353,-77.926,0.209376,0.977408,0.028912,-0.977812,0.209074,0.013135,0.006793,-0.031021,0.999496,0,0.82157,0.30559,49.294,0.611,-1,425.000,-1,450.000,-1,350.000,350.000,275.000,300.000,-1,-1,-1,-1,1000.000,-1,-1,-1,2,0,2,0,2,0,0,0,0,2,2,2,2,0,2,2,2
40,-4099.891,-9544.268,326.620,-77.075,0.223740,0.974207,0.029341,-0.974647,0.223573,0.008887,0.002098,-0.030585,0.999530,0,0.82157,0.42559,49.294,0.851,-1,400.000,-1,450.000,-1,325.000,350.000,275.000,300.000,-1,-1,-1,-1,975.000,-1,-1,-1,2,0,2,0,2,0,0,0,0,2,2,2,2,0,2,2,2
41,-4087.952,-9592.095,326.861,-75.984,0.242117,0.969787,0.029865,-0.970243,0.242089,0.004610,-0.002760,-0.030093,0.999543,0,0.82157,0.54559,49.294,1.091,-1,400.000,-1,450.000,-1,325.000,350.000,275.000,300.000,-1,-1,-1,-1,950.000,-1,-1,-1,2,0,2,0,2,0,0,0,0,2,2,2,2,0,2,2,2
42,-4074.905,-9639.631,327.094,-74.652,0.264445,0.963915,0.030598,-0.964370,0.264557,0.000398,-0.007711,-0.029613,0.999532,0,0.82157,0.66559,49.294,1.331,-1,400.000,-1,450.000,-1,325.000,350.000,275.000,300.000,-1,-1,-1,-1,950.000,-1,-1,-1,2,0,2,0,2,0,0,0,0,2,2,2,2,0,2,2,2
43,-4060.727,-9686.842,327.315,-73.285,0.287237,0.957339,0.031558,-0.957776,0.287491,-0.003731,-0.012644,-0.029154,0.999495,0,0.82157,0.68381,49.294,1.368,-1,400.000,-1,450.000,-1,325.000,350.000,275.000,325.000,-1,-1,-1,-1,925.000,-1,-1,-1,2,0,2,0,2,0,0,0,0,2,2,2,2,0,2,2,2
44,-4045.426,-9733.701,327.526,-71.917,0.309864,0.950217,0.032744,-0.950619,0.310262,-0.007771,-0.017543,-0.028720,0.999434,0,0.82157,0.68381,49.294,1.368,-1,400.000,-1,450.000,-1,325.000,350.000,275.000,325.000,-1,-1,-1,-1,900.000,-1,-1,-1,2,0,2,0,2,0,0,0,0,2,2,2,2,0,2,2,2
45,-4029.013,-9780.183,326.946,-70.550,0.332438,0.942625,0.030707,-0.942909,0.332883,-0.010582,-0.020197,-0.025436,0.999472,0,0.82157,0.68381,49.294,1.368,-1,425.000,-1,450.000,-1,350.000,350.000,300.000,325.000,-1,-1,-1,-1,900.000,-1,-1,-1,2,0,2,0,2,0,0,0,0,2,2,2,2,0,2,2,2
46,-4011.743,-9826.185,325.781,-69.422,0.350930,0.936006,0.027221,-0.936093,0.351412,-0.015455,-0.024031,-0.020058,0.999510,0,0.81895,0.56381,49.137,1.128,-1,425.000,-1,450.000,-1,350.000,350.000,300.000,300.000,-1,-1,-1,-1,900.000,-1,-1,-1,2,0,2,0,2,0,0,0,0,2,2,2,2,0,2,2,2
47,-3993.763,-9871.914,324.633,-68.534,0.365419,0.930535,0.023940,-0.930428,0.365903,-0.020439,-0.027779,-0.014806,0.999504,0,0.81895,0.44381,49.137,0.888,-1,425.000,-1,425.000,-1,350.000,350.000,300.000,300.000,-1,-1,-1,-1,900.000,975.000,-1,-1,2,0,2,0,2,0,0,0,0,2,2,2,2,0,0,2,2
48,-3975.267,-9917.437,323.369,-67.887,0.375963,0.926393,0.021173,-0.926114,0.376419,-0.024938,-0.031072,-0.010232,0.999465,0,0.81895,0.32381,49.137,0.648,-1,425.000,-1,425.000,-1,350.000,350.000,325.000,300.000,-1,-1,-1,-1,900.000,950.000,-1,-1,2,0,2,0,2,0,0,0,0,2,2,2,2,0,0,2,2
49,-3956.447,-9962.827,321.539,-67.479,0.382571,0.923709,0.020025,-0.923350,0.383008,-0.027005,-0.032614,-0.008159,0.999435,0,0.81895,0.20381,49.137,0.408,-1,425.000,-1,425.000,-1,350.000,350.000,325.000,300.000,-1,-1,-1,-1,900.000,950.000,-1,-1,2,0,2,0,2,0,0,0,0,2,2,2,2,0,0,2,2
50,-3937.379,-10008.114,319.357,-67.166,0.387570,0.921607,0.020749,-0.921163,0.388050,-0.029586,-0.035318,-0.007646,0.999347,0,0.81895,0.15651,49.137,0.313,-1,425.000,-1,425.000,-1,325.000,350.000,325.000,300.000,-1,-1,-1,-1,875.000,925.000,-1,-1,2,0,2,0,2,0,0,0,0,2,2,2,2,0,0,2,2
51,-3918.063,-10053.295,317.111,-66.853,0.392541,0.919474,0.021884,-0.918938,0.393080,-0.032259,-0.038264,-0.007447,0.999240,0,0.81895,0.15651,49.137,0.313,-1,425.000,-1,425.000,-1,325.000,350.000,300.000,300.000,-1,-1,-1,-1,875.000,900.000,-1,-1,2,0,2,0,2,0,0,0,0,2,2,2,2,0,0,2,2
52,-3898.501,-10098.371,314.854,-66.540,0.397500,0.917315,0.022959,-0.916679,0.398098,-0.034889,-0.041144,-0.007177,0.999127,0,0.81895,0.15651,49.137,0.313,-1,400.000,-1,425.000,-1,325.000,325.000,300.000,300.000,-1,-1,-1,-1,850.000,900.000,-1,-1,2,0,2,0,2,0,0,0,0,2,2,2,2,0,0,2,2
53,-3878.693,-10143.339,312.598,-66.227,0.402446,0.915128,0.024023,-0.914386,0.403104,-0.037492,-0.043993,-0.006878,0.999008,0,0.81895,0.15651,49.137,0.313,-1,400.000,-1,425.000,-1,325.000,325.000,300.000,300.000,-1,-1,-1,-1,825.000,875.000,-1,-1,2,0,2,0,2,0,0,0,0,2,2,2,2,0,0,2,2
54,-3858.640,-10188.198,310.353,-65.914,0.407378,0.912914,0.025121,-0.912058,0.408098,-0.040078,-0.046839,-0.006585,0.998881,0,0.81895,0.15651,49.137,0.313,-1,400.000,-1,425.000,-1,325.000,325.000,300.000,300.000,-1,-1,-1,-1,825.000,850.000,-1,-1,2,0,2,0,2,0,0,0,0,2,2,2,2,0,0,2,2
55,-3838.342,-10232.947,308.117,-65.601,0.412293,0.910673,0.026250,-0.909696,0.413080,-0.042647,-0.049681,-0.006297,0.998745,0,0.81895,0.15651,49.137,0.313,-1,400.000,-1,400.000,-1,325.000,325.000,300.000,300.000,-1,-1,-1,-1,800.000,850.000,-1,-1,2,0,2,0,2,0,0,0,0,2,2,2,2,0,0,2,2
56,-3817.800,-10277.584,305.893,-65.288,0.417194,0.908404,0.027412,-0.907299,0.418050,-0.045199,-0.052519,-0.006014,0.998602,0,0.81895,0.15651,49.137,0.313,-1,400.000,-1,400.000,-1,325.000,325.000,300.000,300.000,-1,-1,-1,-1,800.000,825.000,-1,-1,2,0,2,0,2,0,0,0,0,2,2,2,2,0,0,2,2
57,-3797.014,-10322.109,303.679,-64.975,0.422078,0.906108,0.028606,-0.904868,0.423007,-0.047735,-0.055353,-0.005737,0.998450,0,0.81895,0.15651,49.137,0.313,-1,400.000,-1,400.000,-1,325.000,325.000,300.000,325.000,-1,-1,-1,-1,775.000,800.000,-1,-1,2,0,2,0,2,0,0,0,0,2,2,2,2,0,0,2,2
58,-3775.986,-10366.519,301.311,-64.662,0.426992,0.903788,0.029074,-0.902413,0.427953,-0.050074,-0.057699,-0.004855,0.998322,0,0.81895,0.15651,49.137,0.313,-1,400.000,-1,400.000,-1,325.000,325.000,300.000,325.000,-1,-1,-1,-1,775.000,800.000,-1,-1,2,0,2,0,2,0,0,0,0,2,2,2,2,0,0,2,2
59,-3754.715,-10410.813,298.614,-64.349,0.431989,0.901444,0.028015,-0.899944,0.432887,-0.052049,-0.059047,-0.002727,0.998251,0,0.81895,0.15651,49.137,0.313,-1,400.000,-1,400.000,-1,325.000,325.000,300.000,325.000,-1,-1,-1,-1,775.000,775.000,-1,-1,2,0,2,0,2,0,0,0,0,2,2,2,2,0,0,2,2
60,-3733.203,-10454.991,295.917,-64.036,0.436977,0.899069,0.026959,-0.897441,0.437807,-0.054081,-0.060425,-0.000563,0.998173,0,0.81895,0.15651,49.137,0.313,-1,400.000,-1,400.000,-1,325.000,325.000,300.000,325.000,-1,-1,-1,-1,775.000,775.000,-1,-1,2,0,2,0,2,0,0,0,0,2,2,2,2,0,0,2,2
61,-3711.449,-10499.051,293.230,-63.723,0.441955,0.896663,0.025925,-0.894905,0.442712,-0.056130,-0.061807,0.001606,0.998087,0,0.81895,0.15651,49.137,0.313,-1,400.000,-1,400.000,-1,325.000,325.000,300.000,300.000,-1,-1,-1,-1,775.000,750.000,-1,-1,2,0,2,0,2,0,0,0,0,2,2,2,2,0,0,2,2
62,-3689.456,-10542.991,290.523,-63.410,0.446918,0.894226,0.024997,-0.892349,0.447601,-0.058015,-0.063067,0.003622,0.998003,0,0.81895,0.15651,49.137,0.313,-1,400.000,-1,400.000,-1,325.000,325.000,300.000,300.000,-1,-1,-1,-1,775.000,750.000,-1,-1,2,0,2,0,2,0,0,0,0,2,2,2,2,0,0,2,2
63,-3667.222,-10586.810,287.695,-63.097,0.451848,0.891762,0.024392,-0.889805,0.452477,-0.059255,-0.063878,0.005070,0.997945,0,0.81895,0.15651,49.137,0.313,-1,400.000,-1,400.000,-1,325.000,325.000,300.000,300.000,-1,-1,-1,-1,775.000,750.000,-1,-1,2,0,2,0,2,0,0,0,0,2,2,2,2,0,0,2,2
64,-3644.749,-10630.507,284.563,-62.784,0.456716,0.889276,0.024486,-0.887333,0.457342,-0.058986,-0.063654,0.005212,0.997958,0,0.81895,0.15651,49.137,0.313,-1,400.000,-1,400.000,-1,325.000,325.000,300.000,300.000,-1,-1,-1,-1,775.000,750.000,-1,-1,2,0,2,0,2,0,0,0,0,2,2,2,2,0,0,2,2
65,-3622.038,-10674.080,281.441,-62.471,0.461568,0.886763,0.024615,-0.884834,0.462193,-0.058704,-0.063433,0.005315,0.997972,0,0.81895,0.15651,49.137,0.313,-1,400.000,-1,400.000,-1,325.000,325.000,300.000,300.000,-1,-1,-1,-1,775.000,750.000,-1,-1,2,0,2,0,2,0,0,0,0,2,2,2,2,0,0,2,2
66,-3599.089,-10717.529,278.324,-62.158,0.466402,0.884225,0.024805,-0.882310,0.467030,-0.058412,-0.063234,0.005357,0.997984,0,0.81895,0.15651,49.137,0.313,-1,400.000,-1,400.000,-1,325.000,325.000,300.000,300.000,-1,-1,-1,-1,775.000,750.000,-1,-1,2,0,2,0,2,0,0,0,0,2,2,2,2,0,0,2,2
67,-3575.904,-10760.852,275.220,-61.845,0.471221,0.881660,0.025009,-0.879760,0.471854,-0.058101,-0.063026,0.005376,0.997997,0,0.81895,0.15651,49.137,0.313,-1,400.000,-1,400.000,-1,325.000,325.000,300.000,300.000,-1,-1,-1,-1,775.000,725.000,-1,-1,2,0,2,0,2,0,0,0,0,2,2,2,2,0,0,2,2
68,-3552.482,-10804.047,272.132,-61.532,0.476026,0.879069,0.025227,-0.877185,0.476664,-0.057772,-0.062810,0.005372,0.998011,0,0.81895,0.15651,49.137,0.313,-1,400.000,-1,400.000,-1,325.000,325.000,300.000,325.000,-1,-1,-1,-1,775.000,725.000,-1,-1,2,0,2,0,2,0,0,0,0,2,2,2,2,0,0,2,2
69,-3528.824,-10847.114,268.993,-61.219,0.480823,0.876451,0.025341,-0.874567,0.481458,-0.057703,-0.062775,0.005582,0.998012,0,0.81895,0.15651,49.137,0.313,-1,400.000,-1,400.000,-1,325.000,325.000,300.000,325.000,-1,-1,-1,-1,775.000,725.000,-1,-1,2,0,2,0,2,0,0,0,0,2,2,2,2,0,0,2,2
70,-3504.931,-10890.051,265.849,-60.906,0.485608,0.873807,0.025434,-0.871918,0.486239,-0.057710,-0.062794,0.005848,0.998009,0,0.81895,0.15651,49.137,0.313,-1,400.000,-1,400.000,-1,325.000,325.000,300.000,325.000,-1,-1,-1,-1,775.000,725.000,-1,-1,2,0,2,0,2,0,0,0,0,2,2,2,2,0,0,2,2
71,-3480.804,-10932.857,262.714,-60.593,0.490378,0.871136,0.025534,-0.869243,0.491004,-0.057721,-0.062820,0.006110,0.998006,0,0.81895,0.15651,49.137,0.313,-1,400.000,-1,400.000,-1,325.000,325.000,300.000,300.000,-1,-1,-1,-1,775.000,725.000,-1,-1,2,0,2,0,2,0,0,0,0,2,2,2,2,0,0,2,2
72,-3457.396,-10974.264,259.688,-60.520,0.491483,0.870509,0.025647,-0.868615,0.492114,-0.057728,-0.062874,0.006095,0.998003,0,0.79276,0.03651,47.566,0.073,-1,400.000,-1,375.000,-1,325.000,325.000,300.000,300.000,-1,-1,-1,-1,775.000,725.000,-1,-1,2,0,2,0,2,0,0,0,0,2,2,2,2,0,0,2,2
73,-3434.108,-11015.739,256.659,-60.687,0.488935,0.871941,0.025717,-0.870048,0.489575,-0.057724,-0.062923,0.005848,0.998001,0,0.79276,-0.08349,47.566,-0.167,-1,400.000,-1,375.000,-1,325.000,325.000,300.000,300.000,-1,-1,-1,-1,800.000,725.000,-1,-1,2,0,2,0,2,0,0,0,0,2,2,2,2,0,0,2,2
74,-3411.116,-11057.379,253.637,-61.094,0.482711,0.875399,0.025799,-0.873510,0.483371,-0.057724,-0.063002,0.005328,0.997999,0,0.79276,-0.20349,47.566,-0.407,-1,400.000,-1,375.000,-1,325.000,325.000,300.000,300.000,-1,-1,-1,-1,800.000,725.000,-1,-1,2,0,2,0,2,0,0,0,0,2,2,2,2,0,0,2,2
75,-3388.596,-11099.276,250.708,-61.741,0.472759,0.880806,0.026055,-0.878946,0.473458,-0.057370,-0.062868,0.004221,0.998013,0,0.79276,-0.32349,47.566,-0.647,-1,400.000,-1,375.000,-1,325.000,325.000,300.000,300.000,-1,-1,-1,-1,800.000,725.000,-1,-1,2,0,2,0,2,0,0,0,0,2,2,2,2,0,0,2,2
76,-3366.630,-11141.466,247.853,-62.497,0.461046,0.886982,0.026460,-0.885169,0.461796,-0.056746,-0.062551,0.002741,0.998038,0,0.79276,-0.37804,47.566,-0.756,-1,400.000,-1,375.000,-1,325.000,325.000,300.000,325.000,-1,-1,-1,-1,800.000,725.000,-1,-1,2,0,2,0,2,0,0,0,0,2,2,2,2,0,0,2,2
77,-3345.222,-11183.942,245.004,-63.253,0.449251,0.893001,0.026883,-0.891235,0.450053,-0.056150,-0.062241,0.001266,0.998060,0,0.79276,-0.37804,47.566,-0.756,-1,400.000,-1,375.000,-1,325.000,325.000,300.000,325.000,-1,-1,-1,-1,800.000,725.000,-1,-1,2,0,2,0,2,0,0,0,0,2,2,2,2,0,0,2,2
78,-3324.377,-11226.697,242.116,-64.009,0.437363,0.898863,0.027566,-0.897139,0.438230,-0.055637,-0.062090,-0.000397,0.998070,0,0.79276,-0.37804,47.566,-0.756,-1,400.000,-1,375.000,-1,325.000,325.000,300.000,325.000,-1,-1,-1,-1,800.000,725.000,-1,-1,2,0,2,0,2,0,0,0,0,2,2,2,2,0,0,2,2
79,-3304.098,-11269.723,239.194,-64.765,0.425387,0.904565,0.028425,-0.902887,0.426330,-0.055113,-0.061971,-0.002220,0.998075,0,0.79276,-0.37804,47.566,-0.756,-1,400.000,-1,375.000,-1,325.000,325.000,300.000,325.000,-1,-1,-1,-1,800.000,725.000,-1,-1,2,0,2,0,2,0,0,0,0,2,2,2,2,0,0,2,2
80,-3284.389,-11313.014,236.323,-65.521,0.413351,0.910107,0.029075,-0.908479,0.414355,-0.054559,-0.061702,-0.003862,0.998087,0,0.79276,-0.37804,47.566,-0.756,-1,400.000,-1,375.000,-1,325.000,325.000,300.000,325.000,-1,-1,-1,-1,800.000,725.000,-1,-1,2,0,2,0,2,0,0,0,0,2,2,2,2,0,0,2,2
81,-3265.252,-11356.560,233.530,-66.277,0.401266,0.915490,0.029379,-0.913915,0.402307,-0.053935,-0.061196,-0.005208,0.998112,0,0.79276,-0.37804,47.566,-0.756,-1,400.000,-1,375.000,-1,325.000,325.000,300.000,325.000,-1,-1,-1,-1,800.000,725.000,-1,-1,2,0,2,0,2,0,0,0,0,2,2,2,2,0,0,2,2
82,-3246.692,-11400.355,230.705,-67.033,0.389118,0.920712,0.029597,-0.919191,0.390188,-0.053296,-0.060619,-0.006466,0.998140,0,0.79276,-0.37804,47.566,-0.756,-1,400.000,-1,375.000,-1,325.000,325.000,300.000,325.000,-1,-1,-1,-1,800.000,725.000,-1,-1,2,0,2,0,2,0,0,0,0,2,2,2,2,0,0,2,2
83,-3228.712,-11444.392,227.846,-67.789,0.376909,0.925773,0.029719,-0.924307,0.378002,-0.052638,-0.059964,-0.007629,0.998171,0,0.79276,-0.37804,47.566,-0.756,-1,400.000,-1,375.000,-1,325.000,325.000,325.000,325.000,-1,-1,-1,-1,800.000,725.000,-1,-1,2,0,2,0,2,0,0,0,0,2,2,2,2,0,0,2,2
84,-3211.314,-11488.661,224.986,-68.545,0.364633,0.930672,0.029886,-0.929260,0.365749,-0.051997,-0.059323,-0.008812,0.998200,0,0.79276,-0.37804,47.566,-0.756,-1,400.000,-1,375.000,-1,325.000,325.000,325.000,300.000,-1,-1,-1,-1,800.000,725.000,-1,-1,2,0,2,0,2,0,0,0,0,2,2,2,2,0,0,2,2
85,-3194.501,-11533.157,222.128,-69.301,0.352291,0.935406,0.030096,-0.934048,0.353433,-0.051375,-0.058694,-0.010012,0.998226,0,0.79276,-0.37804,47.566,-0.756,-1,400.000,-1,375.000,-1,325.000,325.000,325.000,300.000,-1,-1,-1,-1,825.000,725.000,-1,-1,2,0,2,0,2,0,0,0,0,2,2,2,2,0,0,2,2
86,-3178.265,-11577.910,219.268,-70.059,0.339856,0.939988,0.030344,-0.938683,0.341023,-0.050772,-0.058073,-0.011229,0.998249,0,0.79345,-0.37898,47.607,-0.758,-1,400.000,-1,375.000,-1,325.000,300.000,325.000,300.000,-1,-1,-1,-1,825.000,725.000,-1,-1,2,0,2,0,2,0,0,0,0,2,2,2,2,0,0,2,2
87,-3162.576,-11623.023,216.402,-70.825,0.327243,0.944444,0.030629,-0.943192,0.328437,-0.050185,-0.057457,-0.012467,0.998270,0,0.79605,-0.38255,47.763,-0.765,-1,400.000,-1,375.000,-1,325.000,300.000,325.000,300.000,-1,-1,-1,-1,825.000,725.000,-1,-1,2,0,2,0,2,0,0,0,0,2,2,2,2,0,0,2,2
88,-3147.448,-11668.489,213.530,-71.597,0.314451,0.948769,0.030947,-0.947570,0.315672,-0.049615,-0.056842,-0.013723,0.998289,0,0.79862,-0.38615,47.917,-0.772,-1,400.000,-1,375.000,-1,325.000,300.000,325.000,300.000,-1,-1,-1,-1,825.000,725.000,-1,-1,2,0,2,0,2,0,0,0,0,2,2,2,2,0,0,2,2
89,-3132.894,-11714.303,210.671,-72.376,0.301475,0.952958,0.031372,-0.951812,0.302728,-0.049091,-0.056279,-0.015060,0.998302,0,0.80116,-0.38977,48.070,-0.780,-1,400.000,-1,375.000,-1,325.000,300.000,325.000,300.000,-1,-1,-1,-1,825.000,725.000,-1,-1,2,0,2,0,2,0,0,0,0,2,2,2,2,0,0,2,2
90,-3118.927,-11760.456,207.954,-73.163,0.288280,0.956997,0.032435,-0.955902,0.289604,-0.048792,-0.056087,-0.016939,0.998282,0,0.80368,-0.39343,48.221,-0.787,-1,400.000,-1,375.000,-1,325.000,300.000,325.000,300.000,-1,-1,-1,-1,825.000,725.000,-1,-1,2,0,2,0,2,0,0,0,0,2,2,2,2,0,0,2,2
91,-3105.559,-11806.941,205.203,-73.957,0.274896,0.960879,0.033812,-0.959867,0.276299,-0.048108,-0.055568,-0.019230,0.998270,0,0.80615,-0.39712,48.369,-0.794,-1,400.000,-1,375.000,-1,325.000,300.000,325.000,300.000,-1,-1,-1,-1,825.000,725.000,-1,-1,2,0,2,0,2,0,0,0,0,2,2,2,2,0,0,2,2
92,-3092.805,-11853.750,202.445,-74.759,0.261334,0.964605,0.035236,-0.963680,0.262816,-0.047430,-0.055012,-0.021561,0.998253,0,0.80859,-0.40084,48.515,-0.802,-1,400.000,-1,375.000,-1,325.000,300.000,325.000,300.000,-1,-1,-1,-1,800.000,725.000,-1,-1,2,0,2,0,2,0,0,0,0,2,2,2,2,0,0,2,2
93,-3080.677,-11900.874,199.825,-75.568,0.247613,0.968182,0.036221,-0.967312,0.249157,-0.047217,-0.054739,-0.023345,0.998228,0,0.81098,-0.40460,48.659,-0.809,-1,400.000,-1,375.000,-1,325.000,300.000,325.000,300.000,-1,-1,-1,-1,800.000,725.000,-1,-1,2,0,2,0,2,0,0,0,0,2,2,2,2,0,0,2,2
94,-3069.189,-11948.302,197.277,-76.385,0.233736,0.971600,0.036894,-0.970785,0.235321,-0.046909,-0.054258,-0.024852,0.998218,0,0.81333,-0.40840,48.800,-0.817,-1,400.000,-1,375.000,-1,325.000,300.000,325.000,300.000,-1,-1,-1,-1,800.000,725.000,-1,-1,2,0,2,0,2,0,0,0,0,2,2,2,2,0,0,2,2
95,-3058.355,-11996.025,194.729,-77.210,0.219682,0.974847,0.037586,-0.974091,0.221307,-0.046581,-0.053727,-0.026379,0.998207,0,0.81563,-0.41224,48.938,-0.824,-1,400.000,-1,375.000,-1,325.000,300.000,325.000,325.000,-1,-1,-1,-1,800.000,725.000,-1,-1,2,0,2,0,2,0,0,0,0,2,2,2,2,0,0,2,2
96,-3048.187,-12044.032,192.183,-78.042,0.205451,0.977918,0.038293,-0.977223,0.207116,-0.046236,-0.053146,-0.027922,0.998196,0,0.81786,-0.41612,49.072,-0.832,-1,400.000,-1,375.000,-1,325.000,300.000,325.000,325.000,-1,-1,-1,-1,775.000,725.000,-1,-1,2,0,2,0,2,0,0,0,0,2,2,2,2,0,0,2,2
97,-3038.698,-12092.311,189.641,-78.882,0.191045,0.980806,0.039013,-0.980175,0.192747,-0.045876,-0.052515,-0.029475,0.998185,0,0.82004,-0.42004,49.202,-0.840,-1,400.000,-1,375.000,-1,325.000,300.000,325.000,325.000,-1,-1,-1,-1,775.000,725.000,-1,-1,2,0,2,0,2,0,0,0,0,2,2,2,2,0,0,2,2
98,-3029.903,-12140.850,187.105,-79.730,0.176464,0.983505,0.039741,-0.982941,0.178202,-0.045502,-0.051834,-0.031034,0.998173,0,0.82215,-0.42401,49.329,-0.848,-1,400.000,-1,375.000,-1,325.000,300.000,325.000,325.000,-1,-1,-1,-1,775.000,750.000,-1,-1,2,0,2,0,2,0,0,0,0,2,2,2,2,0,0,2,2
99,-3021.813,-12189.635,184.578,-80.586,0.161708,0.986008,0.040474,-0.985515,0.163479,-0.045117,-0.051102,-0.032592,0.998161,0,0.82419,-0.42803,49.451,-0.856,-1,400.000,-1,375.000,-1,325.000,300.000,325.000,325.000,-1,-1,-1,-1,775.000,750.000,-1,-1,2,0,2,0,2,0,0,0,0,2,2,2,2,0,0,2,2
100,-3014.443,-12238.653,182.060,-81.450,0.146780,0.988311,0.041208,-0.987888,0.148582,-0.044721,-0.050321,-0.034145,0.998149,0,0.82614,-0.43210,49.568,-0.864,-1,400.000,-1,375.000,-1,325.000,300.000,325.000,325.000,-1,-1,-1,-1,775.000,750.000,-1,-1,2,0,2,0,2,0,0,0,0,2,2,2,2,0,0,2,2
101,-3007.806,-12287.888,179.556,-82.323,0.131678,0.990405,0.041938,-0.990056,0.133509,-0.044317,-0.049491,-0.035685,0.998137,0,0.82801,-0.43622,49.681,-0.872,-1,400.000,-1,375.000,-1,300.000,300.000,325.000,325.000,-1,-1,-1,-1,750.000,750.000,-1,-1,2,0,2,0,2,0,0,0,0,2,2,2,2,0,0,2,2
102,-3001.913,-12337.325,177.067,-83.203,0.116406,0.992285,0.042660,-0.992011,0.118261,-0.043905,-0.048611,-0.037208,0.998125,0,0.82979,-0.44041,49.787,-0.881,-1,400.000,-1,375.000,-1,300.000,300.000,325.000,325.000,-1,-1,-1,-1,750.000,750.000,-1,-1,2,0,2,0,2,0,0,0,0,2,2,2,2,0,0,2,2
103,-2997.088,-12382.054,174.832,-83.844,0.105275,0.993499,0.043317,-0.993289,0.107151,-0.043532,-0.047891,-0.038443,0.998113,0,0.74979,-0.32041,44.987,-0.641,-1,400.000,-1,375.000,-1,300.000,300.000,325.000,325.000,-1,-1,-1,-1,750.000,775.000,-1,-1,2,0,2,0,2,0,0,0,0,2,2,2,2,0,1,2,2
104,-2992.846,-12424.142,172.738,-84.245,0.098301,0.994186,0.043945,-0.994030,0.100195,-0.043184,-0.047336,-0.039438,0.998100,0,0.70504,-0.20041,42.302,-0.401,-1,400.000,-1,375.000,-1,300.000,300.000,325.000,325.000,-1,-1,-1,-1,750.000,-1,-1,-1,2,0,2,0,2,0,0,0,0,2,2,2,2,0,2,2,2
105,-2988.717,-12466.292,170.650,-84.406,0.095481,0.994430,0.044635,-0.994315,0.097401,-0.043020,-0.047128,-0.040273,0.998077,0,0.70586,-0.08041,42.351,-0.161,-1,375.000,-1,375.000,-1,300.000,300.000,325.000,325.000,-1,-1,-1,-1,750.000,-1,-1,-1,2,0,2,0,2,0,0,0,0,2,2,2,2,0,2,2,2
106,-2984.528,-12508.458,168.622,-84.327,0.096839,0.994284,0.044970,-0.994180,0.098774,-0.043013,-0.047209,-0.040543,0.998062,0,0.70623,0.03959,42.374,0.079,-1,375.000,-1,375.000,-1,300.000,300.000,325.000,325.000,-1,-1,-1,-1,750.000,-1,-1,-1,2,0,2,0,2,0,0,0,0,2,2,2,2,0,2,2,2
107,-2980.105,-12550.593,166.670,-84.008,0.102382,0.993727,0.044987,-0.993619,0.104313,-0.042894,-0.047318,-0.040308,0.998066,0,0.70610,0.15959,42.366,0.319,-1,375.000,-1,375.000,-1,300.000,300.000,325.000,325.000,-1,-1,-1,-1,750.000,-1,-1,-1,2,0,2,0,2,0,0,0,0,2,2,2,2,0,2,2,2
108,-2975.276,-12592.640,164.709,-83.448,0.112080,0.992677,0.045055,-0.992559,0.114008,-0.042765,-0.047588,-0.039926,0.998069,0,0.70540,0.27959,42.324,0.559,-1,375.000,-1,375.000,-1,300.000,300.000,325.000,325.000,-1,-1,-1,-1,725.000,-1,-1,-1,2,0,2,0,2,0,0,0,0,2,2,2,2,0,2,2,2
109,-2969.872,-12634.538,162.735,-82.649,0.125919,0.991011,0.045182,-0.990878,0.127845,-0.042615,-0.048009,-0.039404,0.998069,0,0.70408,0.39959,42.245,0.799,-1,375.000,-1,375.000,-1,300.000,300.000,325.000,325.000,-1,-1,-1,-1,725.000,-1,-1,-1,2,0,2,0,2,0,0,0,0,2,2,2,2,0,2,2,2
110,-2963.725,-12676.212,160.748,-81.610,0.143875,0.988555,0.045379,-0.988403,0.145801,-0.042435,-0.048566,-0.038747,0.998068,0,0.70209,0.51959,42.125,1.039,-1,375.000,-1,375.000,-1,300.000,300.000,325.000,325.000,-1,-1,-1,-1,725.000,-1,-1,-1,2,0,2,0,2,0,0,0,0,2,2,2,2,0,2,2,2
111,-2956.678,-12717.578,158.748,-80.331,0.165911,0.985083,0.045653,-0.984910,0.167839,-0.042210,-0.049242,-0.037961,0.998065,0,0.69937,0.63959,41.962,1.279,-1,375.000,-1,375.000,-1,300.000,300.000,325.000,325.000,-1,-1,-1,-1,725.000,-1,-1,-1,2,0,2,0,2,0,0,0,0,2,2,2,2,0,2,2,2
112,-2948.576,-12758.539,156.737,-78.812,0.191973,0.980321,0.046012,-0.980125,0.193902,-0.041921,-0.050018,-0.037050,0.998061,0,0.69590,0.75959,41.754,1.519,-1,375.000,-1,375.000,-1,300.000,300.000,325.000,325.000,-1,-1,-1,-1,725.000,-1,-1,-1,2,0,2,0,2,0,0,0,0,2,2,2,2,0,2,2,2
113,-2939.444,-12799.022,154.717,-77.287,0.218000,0.974844,0.046432,-0.974630,0.219931,-0.041553,-0.050720,-0.036195,0.998057,0,0.69168,0.76254,41.501,1.525,-1,375.000,-1,375.000,-1,325.000,300.000,325.000,325.000,-1,-1,-1,-1,725.000,-1,-1,-1,2,0,2,1,2,0,0,0,0,2,2,2,2,0,2,2,2
114,-2928.463,-12841.993,152.536,-75.665,0.245496,0.968260,0.046945,-0.968035,0.247430,-0.041061,-0.051373,-0.035364,0.998053,0,0.73920,0.81059,44.352,1.621,-1,375.000,-1,375.000,-1,325.000,300.000,325.000,325.000,-1,-1,-1,-1,725.000,875.000,-1,-1,2,0,2,1,2,0,0,0,0,2,2,2,2,0,1,2,2
115,-2916.282,-12884.644,150.337,-74.060,0.272528,0.960974,0.047514,-0.960746,0.274464,-0.040456,-0.051918,-0.034623,0.998051,0,0.73928,0.80260,44.357,1.605,-1,375.000,-1,375.000,-1,325.000,300.000,325.000,325.000,-1,-1,-1,-1,725.000,750.000,-1,-1,2,0,2,0,2,0,0,0,0,2,2,2,2,0,1,2,2
116,-2902.934,-12926.905,148.123,-72.472,0.299066,0.953018,0.048131,-0.952795,0.301002,-0.039731,-0.052352,-0.033977,0.998051,0,0.73865,0.79421,44.319,1.588,-1,375.000,-1,375.000,-1,325.000,325.000,325.000,325.000,-1,-1,-1,-1,725.000,750.000,-1,-1,2,0,2,0,2,0,0,0,0,2,2,2,2,0,0,2,2
117,-2890.149,-12964.298,146.137,-71.123,0.321414,0.945685,0.048706,-0.945476,0.323351,-0.038982,-0.052614,-0.033521,0.998052,0,0.65865,0.67421,39.519,1.348,-1,375.000,-1,375.000,-1,325.000,325.000,325.000,325.000,-1,-1,-1,-1,725.000,750.000,-1,-1,2,0,2,0,2,0,0,0,0,2,2,2,2,0,0,2,2
118,-2878.283,-12996.926,144.385,-70.015,0.339651,0.939262,0.049223,-0.939072,0.341587,-0.038247,-0.052738,-0.033234,0.998055,0,0.57865,0.55421,34.719,1.108,-1,375.000,-1,400.000,-1,325.000,325.000,325.000,325.000,-1,-1,-1,-1,725.000,750.000,-1,-1,2,0,2,0,2,0,0,0,0,2,2,2,2,0,0,2,2
119,-2867.632,-13024.885,142.841,-69.146,0.353860,0.933985,0.049547,-0.933814,0.355786,-0.037518,-0.052669,-0.032991,0.998067,0,0.49865,0.43421,29.919,0.868,-1,375.000,-1,400.000,-1,325.000,325.000,325.000,325.000,-1,-1,-1,-1,725.000,750.000,-1,-1,2,0,2,0,2,0,0,0,0,2,2,2,2,0,0,2,2
120,-2858.434,-13048.259,141.530,-68.518,0.364095,0.930031,0.049775,-0.929881,0.366010,-0.036863,-0.052502,-0.032863,0.998080,0,0.41865,0.31421,25.119,0.628,-1,375.000,-1,400.000,-1,325.000,325.000,325.000,325.000,-1,-1,-1,-1,725.000,750.000,-1,-1,2,0,2,0,2,0,0,0,0,2,2,2,2,0,0,2,2
121,-2850.865,-13067.116,140.442,-68.130,0.370401,0.927530,0.049908,-0.927395,0.372307,-0.036427,-0.052368,-0.032792,0.998089,0,0.33865,0.19421,20.319,0.388,-1,375.000,-1,400.000,-1,325.000,325.000,325.000,325.000,-1,-1,-1,-1,725.000,775.000,-1,-1,2,0,2,0,2,0,0,0,0,2,2,2,2,0,0,2,2
122,-2845.046,-13081.503,139.611,-67.981,0.372807,0.926560,0.050026,-0.926441,0.374707,-0.036082,-0.052177,-0.032894,0.998096,0,0.25865,0.07421,15.519,0.148,-1,375.000,-1,400.000,-1,325.000,325.000,325.000,325.000,-1,-1,-1,-1,725.000,775.000,-1,-1,2,0,2,0,2,0,0,0,0,2,2,2,2,0,0,2,2
123,-2841.044,-13091.446,139.000,-68.073,0.371325,0.927153,0.050042,-0.927043,0.373224,-0.035990,-0.052045,-0.033027,0.998098,0,0.17865,-0.04579,10.719,-0.092,-1,375.000,-1,400.000,-1,325.000,325.000,325.000,325.000,-1,-1,-1,-1,725.000,775.000,-1,-1,2,0,2,0,2,0,0,0,0,2,2,2,2,0,0,2,2
124,-2838.865,-13096.950,138.672,-68.404,0.365948,0.929285,0.050107,-0.929194,0.367847,-0.035891,-0.051785,-0.033425,0.998099,0,0.09865,-0.16579,5.919,-0.332,-1,375.000,-1,400.000,-1,325.000,325.000,325.000,325.000,-1,-1,-1,-1,725.000,775.000,-1,-1,2,0,2,0,2,0,0,0,0,2,2,2,2,0,0,2,2
125,-2837.522,-13100.444,138.475,-68.976,0.356648,0.932888,0.050223,-0.932825,0.358550,-0.035769,-0.051376,-0.034092,0.998097,0,0.06238,-0.28579,3.743,-0.572,-1,375.000,-1,400.000,-1,325.000,325.000,325.000,325.000,-1,-1,-1,-1,725.000,775.000,-1,-1,2,0,2,0,2,0,0,0,0,2,2,2,2,0,0,2,2
126,-2834.503,-13108.436,138.002,-69.308,0.351239,0.934934,0.050285,-0.934891,0.353140,-0.035651,-0.051089,-0.034490,0.998098,0,0.14238,-0.16579,8.543,-0.332,-1,375.000,-1,400.000,-1,325.000,325.000,325.000,325.000,-1,-1,-1,-1,725.000,775.000,-1,-1,2,0,2,0,2,0,0,0,0,2,2,2,2,0,0,2,2
127,-2829.808,-13120.925,137.253,-69.399,0.349746,0.935494,0.050294,-0.935460,0.351644,-0.035528,-0.050922,-0.034622,0.998102,0,0.22238,-0.04579,13.343,-0.092,-1,375.000,-1,400.000,-1,325.000,325.000,325.000,325.000,-1,-1,-1,-1,725.000,775.000,-1,-1,2,0,2,0,2,0,0,0,0,2,2,2,2,0,0,2,2
128,-2823.381,-13137.892,136.230,-69.251,0.352177,0.934583,0.050253,-0.934550,0.354067,-0.035391,-0.050869,-0.034500,0.998109,0,0.30238,0.07421,18.143,0.148,-1,375.000,-1,400.000,-1,325.000,325.000,325.000,325.000,-1,-1,-1,-1,725.000,775.000,-1,-1,2,0,2,0,2,0,0,0,0,2,2,2,2,0,0,2,2
129,-2815.107,-13159.291,134.935,-68.862,0.358519,0.932173,0.050174,-0.932133,0.360399,-0.035223,-0.050917,-0.034141,0.998119,0,0.38238,0.19421,22.943,0.388,-1,375.000,-1,400.000,-1,325.000,325.000,325.000,325.000,-1,-1,-1,-1,700.000,775.000,-1,-1,2,0,2,0,2,0,0,0,0,2,2,2,2,0,0,2,2
130,-2804.820,-13185.056,133.367,-68.234,0.368741,0.928183,0.050072,-0.928129,0.370608,-0.035005,-0.051048,-0.033565,0.998132,0,0.46238,0.31421,27.743,0.628,-1,375.000,-1,400.000,-1,325.000,325.000,325.000,325.000,-1,-1,-1,-1,700.000,775.000,-1,-1,2,0,2,0,2,0,0,0,0,2,2,2,2,0,0,2,2
131,-2792.296,-13215.092,131.596,-67.366,0.382794,0.922490,0.049802,-0.922400,0.384646,-0.035008,-0.051450,-0.032536,0.998145,0,0.54238,0.43421,32.543,0.868,-1,375.000,-1,400.000,-1,325.000,325.000,325.000,350.000,-1,-1,-1,-1,700.000,775.000,-1,-1,2,0,2,0,2,0,0,0,1,2,2,2,2,0,0,2,2
132,-2777.261,-13249.275,129.578,-66.257,0.400600,0.914914,0.049511,-0.914779,0.402435,-0.035002,-0.051949,-0.031270,0.998160,0,0.62238,0.55421,37.343,1.108,-1,375.000,-1,400.000,-1,300.000,325.000,325.000,400.000,-1,-1,-1,-1,700.000,775.000,-1,-1,2,0,2,0,2,0,0,0,1,2,2,2,2,0,0,2,2
133,-2759.511,-13287.497,127.349,-65.089,0.419219,0.906555,0.049118,-0.906378,0.421027,-0.034868,-0.052290,-0.029902,0.998184,0,0.70238,0.58423,42.143,1.168,-1,375.000,-1,400.000,-1,300.000,325.000,325.000,450.000,-1,-1,-1,-1,700.000,775.000,-1,-1,2,0,2,0,2,0,0,0,1,2,2,2,2,0,0,2,2
134,-2738.901,-13329.674,124.913,-63.957,0.437089,0.898100,0.048681,-0.897889,0.438861,-0.034590,-0.052429,-0.028591,0.998215,0,0.78238,0.56569,46.943,1.131,-1,375.000,-1,375.000,-1,300.000,325.000,325.000,600.000,-1,-1,-1,-1,700.000,775.000,-1,-1,2,0,2,0,2,0,0,0,1,2,2,2,2,0,0,2,2
135,-2715.280,-13375.710,122.277,-62.837,0.454613,0.889381,0.048247,-0.889147,0.456346,-0.034157,-0.052396,-0.027370,0.998251,0,0.86238,0.55996,51.743,1.120,-1,375.000,-1,375.000,-1,300.000,300.000,325.000,-1,-1,-1,-1,-1,700.000,775.000,-1,-1,2,0,2,0,2,0,0,0,2,2,2,2,2,0,0,2,2
136,-2688.499,-13425.508,119.457,-61.728,0.471813,0.880402,0.047807,-0.880154,0.473501,-0.033544,-0.052169,-0.026251,0.998293,0,0.94238,0.55492,56.543,1.110,-1,375.000,-1,375.000,-1,300.000,300.000,325.000,-1,-1,-1,-1,-1,700.000,775.000,-1,-1,2,0,2,0,2,0,0,0,2,2,2,2,2,0,0,2,2
137,-2660.183,-13475.813,116.546,-60.626,0.488681,0.871146,0.047905,-0.870905,0.490352,-0.032860,-0.052117,-0.025663,0.998311,0,0.96211,0.55096,57.727,1.102,-1,375.000,-1,375.000,-1,300.000,300.000,325.000,-1,-1,-1,-1,-1,700.000,775.000,-1,-1,2,0,2,0,2,0,0,0,2,2,2,2,2,0,0,2,2
138,-2631.582,-13524.424,113.762,-59.528,0.505295,0.861607,0.048060,-0.861380,0.506949,-0.032041,-0.051971,-0.025208,0.998330,0,0.94001,0.54859,56.401,1.097,-1,375.000,-1,375.000,-1,300.000,300.000,325.000,-1,-1,-1,-1,-1,700.000,775.000,-1,-1,2,0,2,0,2,0,0,0,2,2,2,2,2,0,0,2,2
139,-2602.753,-13571.345,111.109,-58.433,0.521704,0.851761,0.048246,-0.851557,0.523339,-0.031088,-0.051728,-0.024865,0.998352,0,0.91784,0.54793,55.071,1.096,-1,375.000,-1,375.000,-1,300.000,300.000,325.000,-1,-1,-1,-1,-1,700.000,775.000,-1,-1,2,0,2,0,2,0,0,0,2,2,2,2,2,0,0,2,2
