timestep,x_cm,y_cm,z_cm,yaw_deg,basis_xx,basis_xy,basis_xz,basis_yx,basis_yy,basis_yz,basis_zx,basis_zy,basis_zz,teleport_flag,throttle_cmd,steering_cmd,cmd_move_cm,cmd_turn_deg,lidar_cm_0,lidar_cm_1,lidar_cm_2,lidar_cm_3,lidar_cm_4,lidar_cm_5,lidar_cm_6,lidar_cm_7,lidar_cm_8,lidar_cm_9,lidar_cm_10,lidar_cm_11,lidar_cm_12,lidar_cm_13,lidar_cm_14,lidar_cm_15,lidar_cm_16,lidar_class_0,lidar_class_1,lidar_class_2,lidar_class_3,lidar_class_4,lidar_class_5,lidar_class_6,lidar_class_7,lidar_class_8,lidar_class_9,lidar_class_10,lidar_class_11,lidar_class_12,lidar_class_13,lidar_class_14,lidar_class_15,lidar_class_16
0,8853.064,6882.934,-405.261,65.113,0.420732,-0.907075,0.014106,0.907153,0.420797,0.001817,-0.007584,0.012032,0.999899,1,-0.08000,0.08077,-4.800,0.162,-1,375.000,-1,400.000,-1,325.000,325.000,300.000,300.000,-1,475.000,425.000,-1,675.000,750.000,-1,-1,2,0,2,0,2,0,0,0,0,2,0,0,2,0,0,2,2
1,8849.049,6874.214,-405.144,65.275,0.418167,-0.908258,0.014279,0.908335,0.418237,0.002232,-0.008000,0.012036,0.999896,0,-0.16000,0.08077,-9.600,0.162,-1,375.000,-1,400.000,-1,325.000,325.000,300.000,300.000,-1,475.000,425.000,-1,675.000,750.000,-1,-1,2,0,2,0,2,0,0,0,0,2,0,0,2,0,0,2,2
2,8843.063,6861.118,-404.978,65.436,0.415595,-0.909434,0.014525,0.909509,0.415675,0.002867,-0.008645,0.012019,0.999890,0,-0.24000,0.08077,-14.400,0.162,-1,375.000,-1,400.000,-1,325.000,325.000,300.000,300.000,-1,475.000,400.000,-1,675.000,750.000,-1,-1,2,0,2,0,2,0,0,0,0,2,0,0,2,0,0,2,2
3,8835.491,6844.428,-404.776,65.598,0.413017,-0.910603,0.014831,0.910674,0.413110,0.003691,-0.009488,0.011982,0.999883,0,-0.30545,0.08077,-18.327,0.162,-1,375.000,-1,400.000,-1,325.000,325.000,300.000,300.000,-1,450.000,400.000,-1,675.000,750.000,-1,-1,2,0,2,0,2,0,0,0,0,2,0,0,2,0,0,2,2
4,8827.966,6827.716,-404.581,65.759,0.410435,-0.911764,0.015136,0.911831,0.410541,0.004533,-0.010347,0.011941,0.999875,0,-0.30545,0.08077,-18.327,0.162,-1,375.000,-1,400.000,-1,325.000,325.000,300.000,300.000,-1,450.000,375.000,-1,675.000,750.000,-1,-1,2,0,2,0,2,0,0,0,0,2,0,0,2,0,0,2,2
5,8820.489,6810.984,-404.393,65.921,0.407850,-0.912918,0.015439,0.912980,0.407969,0.005392,-0.011221,0.011896,0.999866,0,-0.30545,0.08077,-18.327,0.162,-1,375.000,-1,400.000,-1,300.000,325.000,300.000,300.000,-1,425.000,375.000,-1,675.000,750.000,-1,-1,2,0,2,0,2,0,0,0,0,2,0,0,2,0,0,2,2
6,8813.059,6794.230,-404.211,66.082,0.405261,-0.914066,0.015739,0.914121,0.405393,0.006269,-0.012111,0.011847,0.999856,0,-0.30545,0.08077,-18.327,0.162,-1,375.000,-1,400.000,-1,300.000,325.000,300.000,300.000,-1,425.000,350.000,-1,675.000,750.000,-1,-1,2,0,2,0,2,0,0,0,0,2,0,0,2,0,0,2,2
7,8805.676,6777.456,-404.036,66.244,0.402668,-0.915206,0.016038,0.915254,0.402815,0.007164,-0.013017,0.011794,0.999846,0,-0.30545,0.08077,-18.327,0.162,-1,375.000,-1,375.000,-1,300.000,325.000,300.000,300.000,-1,400.000,350.000,-1,675.000,750.000,-1,-1,2,0,2,0,2,0,0,0,0,2,0,0,2,0,0,2,2
8,8798.340,6760.661,-403.868,66.406,0.400072,-0.916338,0.016334,0.916378,0.400233,0.008076,-0.013938,0.011737,0.999834,0,-0.30545,0.08077,-18.327,0.162,-1,375.000,-1,375.000,-1,300.000,325.000,300.000,300.000,-1,400.000,325.000,-1,675.000,750.000,-1,-1,2,0,2,0,2,0,0,0,0,2,0,0,2,0,0,2,2
9,8793.013,6748.227,-403.731,66.807,0.393629,-0.919121,0.016546,0.919154,0.393801,0.008789,-0.014594,0.011748,0.999824,0,-0.22545,0.20077,-13.527,0.402,-1,375.000,-1,375.000,-1,300.000,325.000,300.000,300.000,-1,375.000,325.000,-1,675.000,750.000,-1,-1,2,0,2,0,2,0,0,0,0,2,0,0,2,0,0,2,2
10,8789.666,6740.167,-403.622,67.449,0.383305,-0.923471,0.016666,0.923500,0.383485,0.009300,-0.014979,0.011826,0.999818,0,-0.14545,0.32077,-8.727,0.642,-1,375.000,-1,375.000,-1,300.000,300.000,300.000,300.000,-1,375.000,325.000,-1,650.000,750.000,-1,-1,2,0,2,0,2,0,0,0,0,2,0,0,2,0,0,2,2
11,8788.216,6736.518,-403.540,68.330,0.369048,-0.929261,0.016695,0.929288,0.369231,0.009598,-0.015083,0.011972,0.999815,0,-0.06545,0.44077,-3.927,0.882,-1,375.000,-1,375.000,-1,300.000,300.000,300.000,300.000,-1,375.000,300.000,-1,650.000,725.000,-1,-1,2,0,2,0,2,0,0,0,0,2,0,0,2,0,0,2,2
12,8788.522,6737.335,-403.482,69.452,0.350788,-0.936307,0.016644,0.936337,0.350971,0.009670,-0.014895,0.012192,0.999815,0,0.01455,0.56077,0.873,1.122,-1,375.000,-1,375.000,-1,300.000,300.000,300.000,300.000,-1,350.000,300.000,-1,650.000,725.000,-1,-1,2,0,2,0,2,0,0,0,0,2,0,0,2,0,0,2,2
13,8790.386,6742.692,-403.449,70.813,0.328444,-0.944379,0.016531,0.944414,0.328623,0.009497,-0.014401,0.012493,0.999818,0,0.09455,0.68077,5.673,1.362,-1,375.000,-1,375.000,-1,300.000,300.000,300.000,300.000,-1,350.000,300.000,-1,650.000,725.000,-1,-1,2,0,2,0,2,0,0,0,0,2,0,0,2,0,0,2,2
14,8793.550,6752.676,-403.439,72.415,0.301929,-0.953190,0.016385,0.953234,0.302099,0.009060,-0.013585,0.012884,0.999825,0,0.17455,0.80077,10.473,1.602,-1,375.000,-1,375.000,-1,300.000,300.000,325.000,300.000,-1,350.000,325.000,-1,650.000,725.000,-1,-1,2,0,2,0,2,0,0,0,0,2,0,0,2,0,0,2,2
15,8797.694,6767.376,-403.450,74.256,0.271153,-0.962399,0.016245,0.962456,0.271310,0.008335,-0.012429,0.013375,0.999833,0,0.25455,0.92077,15.273,1.842,-1,375.000,-1,375.000,-1,300.000,300.000,325.000,300.000,-1,350.000,325.000,-1,650.000,725.000,-1,-1,2,0,2,0,2,0,0,0,0,2,0,0,2,0,0,2,2
16,8802.463,6786.874,-403.486,76.256,0.237416,-0.971274,0.016158,0.971347,0.237555,0.007294,-0.010923,0.013964,0.999843,0,0.33455,1.00000,20.073,2.000,-1,375.000,-1,375.000,-1,300.000,300.000,325.000,300.000,-1,375.000,325.000,-1,650.000,725.000,-1,-1,2,0,2,0,2,0,0,0,0,2,0,0,2,0,0,2,2
17,8807.525,6811.226,-403.550,78.256,0.203395,-0.978963,0.016175,0.979055,0.203512,0.005903,-0.009071,0.014636,0.999852,0,0.41455,1.00000,24.873,2.000,-1,375.000,-1,375.000,-1,300.000,325.000,325.000,300.000,-1,375.000,350.000,-1,650.000,725.000,-1,-1,2,0,2,0,2,0,0,0,0,2,0,0,2,0,0,2,2
18,8812.547,6840.471,-403.636,80.256,0.169132,-0.985458,0.016341,0.985570,0.169220,0.004153,-0.006858,0.015403,0.999858,0,0.49455,1.00000,29.673,2.000,-1,375.000,-1,375.000,-1,300.000,325.000,325.000,300.000,-1,375.000,350.000,-1,650.000,725.000,-1,-1,2,0,2,0,2,0,0,0,0,2,0,0,2,0,0,2,2
19,8817.191,6874.629,-403.740,82.256,0.134671,-0.990750,0.016701,0.990881,0.134723,0.002034,-0.004266,0.016274,0.999858,0,0.57455,1.00000,34.473,2.000,-1,375.000,-1,400.000,-1,300.000,325.000,325.000,300.000,-1,400.000,375.000,-1,650.000,725.000,-1,-1,2,0,2,0,2,0,0,0,0,2,0,0,2,0,0,2,2
20,8821.122,6913.705,-403.853,84.256,0.100056,-0.994831,0.017297,0.994981,0.100063,-0.000459,-0.001275,0.017256,0.999850,0,0.65455,1.00000,39.273,2.000,-1,375.000,-1,400.000,-1,300.000,325.000,325.000,300.000,-1,425.000,400.000,-1,650.000,725.000,-1,-1,2,0,2,0,2,0,0,0,0,2,0,0,2,0,0,2,2
21,8823.999,6957.683,-403.968,86.256,0.065332,-0.997698,0.018175,0.997861,0.065282,-0.003331,0.002137,0.018353,0.999829,0,0.73455,1.00000,44.073,2.000,-1,375.000,-1,400.000,-1,300.000,325.000,325.000,300.000,-1,425.000,400.000,-1,675.000,725.000,-1,-1,2,0,2,0,2,0,0,0,0,2,0,0,2,0,0,2,2
22,8825.485,7006.533,-404.073,88.256,0.030545,-0.999346,0.019376,0.999515,0.030422,-0.006586,0.005992,0.019568,0.999791,0,0.81455,1.00000,48.873,2.000,-1,375.000,-1,400.000,-1,300.000,325.000,300.000,300.000,-1,400.000,375.000,-1,675.000,725.000,-1,-1,2,0,2,0,2,0,0,0,0,2,0,0,2,0,0,2,2
23,8825.472,7050.606,-404.140,90.016,-0.000088,-0.999786,0.020665,0.999954,-0.000285,-0.009561,0.009565,0.020663,0.999741,0,0.73455,0.88000,44.073,1.760,-1,375.000,-1,400.000,-1,300.000,325.000,300.000,300.000,-1,350.000,325.000,-1,675.000,750.000,-1,-1,2,0,2,0,2,0,0,0,0,2,0,0,2,0,0,2,2
24,8824.305,7094.117,-404.185,91.536,-0.026523,-0.999404,0.022079,0.999562,-0.026805,-0.012547,0.013132,0.021736,0.999677,0,0.72544,0.76000,43.527,1.520,-1,375.000,-1,400.000,-1,300.000,325.000,300.000,300.000,-1,325.000,300.000,-1,675.000,750.000,-1,-1,2,0,2,0,2,0,0,0,0,2,0,0,2,0,0,2,2
25,8822.166,7137.591,-404.209,92.816,-0.048747,-0.998532,0.023595,0.998671,-0.049122,-0.015579,0.016715,0.022804,0.999600,0,0.72544,0.64000,43.527,1.280,-1,375.000,-1,400.000,-1,325.000,325.000,300.000,300.000,-1,300.000,275.000,-1,700.000,750.000,-1,-1,2,0,2,0,2,0,0,0,0,2,0,0,2,0,0,2,2
26,8819.238,7181.019,-404.213,93.856,-0.066758,-0.997451,0.025178,0.997563,-0.067236,-0.018656,0.020301,0.023872,0.999509,0,0.72544,0.52000,43.527,1.040,-1,375.000,-1,400.000,-1,325.000,325.000,300.000,300.000,-1,275.000,250.000,-1,700.000,750.000,-1,-1,2,0,2,0,2,0,0,0,0,2,0,0,2,0,0,2,2
27,8815.704,7224.403,-403.745,94.656,-0.080624,-0.996430,0.025052,0.996479,-0.081157,-0.021047,0.023005,0.023267,0.999465,0,0.72544,0.40000,43.527,0.800,-1,375.000,-1,400.000,-1,325.000,325.000,300.000,300.000,-1,275.000,250.000,-1,700.000,775.000,-1,-1,2,0,2,0,2,0,0,0,0,2,0,0,2,0,0,2,2
28,8811.747,7267.749,-402.675,95.216,-0.090317,-0.995573,0.026038,0.995624,-0.090891,-0.021737,0.024008,0.023961,0.999425,0,0.72544,0.28000,43.527,0.560,-1,375.000,-1,400.000,-1,325.000,325.000,300.000,300.000,-1,325.000,275.000,-1,725.000,775.000,-1,-1,2,0,2,0,2,0,0,0,0,2,0,0,2,0,0,2,2
29,8807.547,7311.073,-401.573,95.536,-0.095836,-0.995027,0.027135,0.995091,-0.096447,-0.022187,0.024694,0.024875,0.999386,0,0.72544,0.16000,43.527,0.320,-1,375.000,-1,400.000,-1,325.000,325.000,300.000,300.000,-1,350.000,325.000,-1,725.000,775.000,-1,-1,2,0,2,0,2,0,0,0,0,2,0,0,2,0,0,2,2
30,8803.254,7354.387,-400.469,95.660,-0.097943,-0.994792,0.028230,0.994871,-0.098593,-0.022616,0.025281,0.025870,0.999346,0,0.72544,0.06185,43.527,0.124,-1,375.000,-1,400.000,-1,325.000,325.000,300.000,300.000,-1,400.000,350.000,-1,750.000,775.000,-1,-1,2,0,2,0,2,0,0,0,0,2,0,0,2,0,0,2,2
31,8798.867,7397.692,-399.354,95.784,-0.100049,-0.994550,0.029319,0.994646,-0.100738,-0.023029,0.025858,0.026858,0.999305,0,0.72544,0.06185,43.527,0.124,-1,375.000,-1,400.000,-1,325.000,325.000,300.000,300.000,-1,425.000,400.000,-1,775.000,775.000,-1,-1,2,0,2,0,2,0,0,0,0,2,0,0,2,0,0,2,2
32,8794.387,7440.988,-398.228,95.907,-0.102154,-0.994304,0.030402,0.994418,-0.102882,-0.023428,0.026423,0.027839,0.999263,0,0.72544,0.06185,43.527,0.124,-1,375.000,-1,400.000,-1,325.000,325.000,300.000,300.000,-1,475.000,425.000,-1,775.000,775.000,-1,-1,2,0,2,0,2,0,0,0,0,2,0,0,2,0,0,2,2
33,8789.813,7484.273,-397.091,96.031,-0.104258,-0.994052,0.031478,0.994184,-0.105025,-0.023812,0.026976,0.028812,0.999221,0,0.72544,0.06185,43.527,0.124,-1,375.000,-1,400.000,-1,325.000,325.000,300.000,300.000,-1,500.000,450.000,-1,800.000,775.000,-1,-1,2,0,2,0,2,0,0,0,0,2,0,0,2,0,0,2,2
34,8785.146,7527.549,-395.943,96.155,-0.106360,-0.993795,0.032546,0.993947,-0.107168,-0.024179,0.027517,0.029777,0.999178,0,0.72544,0.06185,43.527,0.124,-1,375.000,-1,400.000,-1,325.000,325.000,300.000,300.000,-1,550.000,500.000,-1,825.000,775.000,-1,-1,2,0,2,0,2,0,0,0,0,2,0,0,2,0,0,2,2
35,8780.385,7570.815,-394.784,96.279,-0.108462,-0.993532,0.033607,0.993705,-0.109310,-0.024530,0.028045,0.030735,0.999134,0,0.72544,0.06185,43.527,0.124,-1,375.000,-1,400.000,-1,325.000,325.000,300.000,300.000,-1,575.000,525.000,-1,850.000,775.000,-1,-1,2,0,2,0,2,0,0,0,0,2,0,0,2,0,0,2,2
36,8775.531,7614.070,-393.613,96.402,-0.110563,-0.993265,0.034659,0.993459,-0.111452,-0.024864,0.028559,0.031684,0.999090,0,0.72544,0.06185,43.527,0.124,-1,400.000,-1,400.000,-1,325.000,325.000,300.000,300.000,-1,625.000,575.000,-1,875.000,775.000,-1,-1,2,0,2,0,2,0,0,0,0,2,0,0,2,0,0,2,2
37,8770.583,7657.314,-392.429,96.526,-0.112663,-0.992992,0.035704,0.993208,-0.113593,-0.025180,0.029059,0.032624,0.999045,0,0.72544,0.06185,43.527,0.124,-1,400.000,-1,400.000,-1,325.000,325.000,300.000,300.000,-1,650.000,600.000,-1,900.000,775.000,-1,-1,2,0,2,0,2,0,0,0,0,2,0,0,2,0,0,2,2
38,8765.543,7700.548,-391.234,96.650,-0.114762,-0.992713,0.036739,0.992954,-0.115733,-0.025479,0.029545,0.033556,0.999000,0,0.72544,0.06185,43.527,0.124,-1,400.000,-1,400.000,-1,325.000,325.000,300.000,300.000,-1,675.000,625.000,-1,925.000,775.000,-1,-1,2,0,2,0,2,0,0,0,0,2,0,0,2,0,0,2,2
39,8760.409,7743.771,-390.025,96.773,-0.116861,-0.992430,0.037764,0.992695,-0.117872,-0.025759,0.030015,0.034478,0.998955,0,0.72544,0.06185,43.527,0.124,-1,400.000,-1,400.000,-1,325.000,325.000,300.000,300.000,-1,725.000,675.000,-1,975.000,775.000,-1,-1,2,0,2,0,2,0,0,0,0,2,0,0,2,0,0,2,2
40,8755.181,7786.983,-388.804,96.897,-0.118959,-0.992142,0.038780,0.992432,-0.120010,-0.026020,0.030470,0.035391,0.998909,0,0.72544,0.06185,43.527,0.124,-1,425.000,-1,400.000,-1,325.000,325.000,300.000,300.000,-1,750.000,700.000,-1,-1,775.000,-1,-1,2,0,2,0,2,0,0,0,0,2,0,0,2,2,0,2,2
41,8749.860,7830.183,-387.570,97.021,-0.121056,-0.991848,0.039785,0.992164,-0.122148,-0.026262,0.030908,0.036295,0.998863,0,0.72544,0.06185,43.527,0.124,-1,425.000,-1,400.000,-1,325.000,325.000,300.000,300.000,-1,800.000,725.000,-1,-1,775.000,-1,-1,2,0,2,0,2,0,0,0,0,2,0,0,2,2,0,2,2
42,8744.446,7873.380,-386.212,97.144,-0.123179,-0.991565,0.040325,0.991905,-0.124281,-0.026061,0.030853,0.036789,0.998847,0,0.72558,0.06168,43.535,0.123,-1,425.000,-1,400.000,-1,350.000,325.000,300.000,300.000,-1,825.000,775.000,-1,-1,800.000,-1,-1,2,0,2,0,2,0,0,0,0,2,0,0,2,2,0,2,2
43,8738.924,7916.718,-384.941,97.261,-0.125204,-0.991300,0.040594,0.991659,-0.126302,-0.025705,0.030609,0.037037,0.998845,0,0.72815,0.05843,43.689,0.117,-1,425.000,-1,400.000,-1,350.000,325.000,300.000,300.000,-1,875.000,825.000,-1,-1,800.000,-1,-1,2,0,2,0,2,0,0,0,0,2,0,0,2,2,0,2,2
44,8733.301,7960.190,-384.049,97.371,-0.127204,-0.991102,0.039188,0.991445,-0.128214,-0.024435,0.029242,0.035745,0.998933,0,0.73057,0.05508,43.834,0.110,-1,425.000,-1,400.000,-1,350.000,325.000,300.000,300.000,-1,950.000,900.000,-1,-1,800.000,-1,-1,2,0,2,0,2,0,0,0,0,2,0,0,2,2,0,2,2
45,8727.582,8003.788,-383.165,97.474,-0.129084,-0.990915,0.037748,0.991244,-0.130007,-0.023113,0.027810,0.034434,0.999020,0,0.73286,0.05166,43.971,0.103,-1,425.000,-1,400.000,-1,350.000,325.000,300.000,300.000,-1,-1,950.000,-1,-1,800.000,-1,-1,2,0,2,0,2,0,0,0,0,2,2,0,2,2,0,2,2
46,8721.773,8047.503,-382.291,97.571,-0.130841,-0.990740,0.036271,0.991054,-0.131679,-0.021738,0.026312,0.033102,0.999106,0,0.73499,0.04816,44.099,0.096,-1,425.000,-1,400.000,-1,350.000,325.000,300.000,300.000,-1,-1,-1,-1,-1,800.000,-1,-1,2,0,2,0,2,0,0,0,0,2,2,2,2,2,0,2,2
47,8715.879,8091.327,-381.426,97.660,-0.132474,-0.990577,0.034758,0.990878,-0.133226,-0.020308,0.024747,0.031751,0.999189,0,0.73697,0.04459,44.218,0.089,-1,425.000,-1,400.000,-1,350.000,325.000,300.000,300.000,-1,-1,-1,-1,-1,775.000,-1,-1,2,0,2,0,2,0,0,0,0,2,2,2,2,2,0,2,2
48,8709.909,8135.250,-380.571,97.742,-0.133978,-0.990428,0.033209,0.990715,-0.134648,-0.018823,0.023115,0.030378,0.999271,0,0.73879,0.04094,44.327,0.082,-1,425.000,-1,400.000,-1,350.000,325.000,275.000,300.000,-1,-1,-1,-1,-1,775.000,-1,-1,2,0,2,0,2,0,0,0,0,2,2,2,2,2,0,2,2
49,8703.868,8179.263,-379.727,97.816,-0.135351,-0.990293,0.031623,0.990566,-0.135940,-0.017283,0.021414,0.028985,0.999350,0,0.74044,0.03723,44.426,0.074,-1,425.000,-1,400.000,-1,350.000,325.000,275.000,300.000,-1,-1,-1,-1,-1,775.000,-1,-1,2,0,2,0,2,0,0,0,0,2,2,2,2,2,0,2,2
50,8697.763,8223.358,-378.894,97.883,-0.136591,-0.990173,0.030001,0.990433,-0.137102,-0.015686,0.019645,0.027571,0.999427,0,0.74192,0.03345,44.515,0.067,-1,425.000,-1,400.000,-1,350.000,325.000,275.000,300.000,-1,-1,-1,-1,-1,775.000,-1,-1,2,0,2,0,2,0,0,0,0,2,2,2,2,2,0,2,2
51,8691.147,8272.227,-377.989,97.710,-0.133689,-0.990623,0.028163,0.990869,-0.134115,-0.013820,0.017468,0.026058,0.999508,0,0.82192,-0.08655,49.315,-0.173,-1,450.000,-1,400.000,-1,350.000,325.000,275.000,300.000,-1,-1,-1,-1,-1,775.000,-1,-1,2,0,2,0,2,0,0,0,0,2,2,2,2,2,0,2,2
52,8684.428,8324.709,-377.037,97.297,-0.126636,-0.991604,0.026173,0.991837,-0.126975,-0.011716,0.014941,0.024476,0.999589,0,0.88184,-0.20655,52.910,-0.413,-1,450.000,-1,400.000,-1,350.000,325.000,300.000,300.000,-1,-1,-1,-1,-1,775.000,-1,-1,2,0,2,0,2,0,0,0,0,2,2,2,2,2,0,2,2
53,8678.132,8377.330,-376.103,96.824,-0.118529,-0.992656,0.024180,0.992874,-0.118787,-0.009535,0.012337,0.022877,0.999662,0,0.88326,-0.23656,52.996,-0.473,-1,450.000,-1,400.000,-1,350.000,325.000,300.000,300.000,-1,-1,-1,-1,-1,750.000,-1,-1,2,0,2,0,2,0,0,0,0,2,2,2,2,2,0,2,2
54,8672.270,8430.078,-375.185,96.342,-0.110252,-0.993656,0.022190,0.993856,-0.110437,-0.007290,0.009695,0.021250,0.999727,0,0.88455,-0.24096,53.073,-0.482,-1,450.000,-1,400.000,-1,350.000,325.000,300.000,300.000,-1,-1,-1,-1,-1,750.000,-1,-1,2,0,2,0,2,0,0,0,0,2,2,2,2,2,0,2,2
55,8666.853,8482.942,-374.281,95.851,-0.101805,-0.994599,0.020211,0.994780,-0.101925,-0.004990,0.007023,0.019598,0.999783,0,0.88567,-0.24540,53.140,-0.491,-1,450.000,-1,400.000,-1,350.000,325.000,300.000,300.000,-1,-1,-1,-1,-1,750.000,-1,-1,2,0,2,0,2,0,0,0,0,2,2,2,2,2,0,2,2
56,8661.892,8535.907,-373.568,95.351,-0.093188,-0.995469,0.018887,0.995640,-0.093248,-0.002336,0.004086,0.018587,0.999819,0,0.88663,-0.24988,53.198,-0.500,-1,450.000,-1,400.000,-1,350.000,325.000,325.000,300.000,-1,-1,-1,-1,-1,750.000,-1,-1,2,0,2,0,2,0,0,0,0,2,2,2,2,2,0,2,2
57,8657.398,8588.961,-373.647,94.843,-0.084391,-0.996311,0.015554,0.996431,-0.084410,-0.000557,0.001868,0.015451,0.999879,0,0.88740,-0.25438,53.244,-0.509,-1,450.000,-1,375.000,-1,350.000,325.000,325.000,300.000,-1,-1,-1,-1,-1,750.000,-1,-1,2,0,2,0,2,0,0,0,0,2,2,2,2,2,0,2,2
58,8653.381,8642.089,-373.929,94.325,-0.075415,-0.997085,0.011537,0.997152,-0.075406,0.001246,-0.000372,0.011598,0.999933,0,0.88800,-0.25891,53.280,-0.518,-1,450.000,-1,375.000,-1,350.000,325.000,325.000,300.000,-1,-1,-1,-1,-1,750.000,-1,-1,2,0,2,0,2,0,0,0,0,2,2,2,2,2,0,2,2
59,8649.850,8695.277,-374.242,93.798,-0.066256,-0.997774,0.007530,0.997799,-0.066235,0.003036,-0.002530,0.007715,0.999967,0,0.88841,-0.26346,53.305,-0.527,-1,450.000,-1,375.000,-1,350.000,325.000,325.000,300.000,-1,-1,-1,-1,-1,750.000,-1,-1,2,0,2,0,2,0,0,0,0,2,2,2,2,2,0,2,2
60,8646.817,8748.509,-374.582,93.262,-0.056916,-0.998373,0.003540,0.998368,-0.056899,0.004812,-0.004602,0.003808,0.999982,0,0.88864,-0.26803,53.318,-0.536,-1,450.000,-1,375.000,-1,350.000,325.000,300.000,300.000,-1,-1,-1,-1,-1,750.000,-1,-1,2,0,2,0,2,0,0,0,0,2,2,2,2,2,0,2,2
61,8644.290,8801.770,-374.943,92.717,-0.047395,-0.998876,-0.000428,0.998855,-0.047397,0.006571,-0.006584,-0.000116,0.999978,0,0.88869,-0.27259,53.321,-0.545,-1,450.000,-1,375.000,-1,325.000,325.000,300.000,300.000,-1,-1,-1,-1,-1,775.000,-1,-1,2,0,2,0,2,0,0,0,0,2,2,2,2,2,0,2,2
62,8642.278,8855.045,-375.320,92.162,-0.037696,-0.999280,-0.004368,0.999253,-0.037731,0.008313,-0.008471,-0.004051,0.999956,0,0.88855,-0.27715,53.313,-0.554,-1,425.000,-1,375.000,-1,325.000,325.000,300.000,300.000,-1,-1,-1,-1,-1,775.000,-1,-1,2,0,2,0,2,0,0,0,0,2,2,2,2,2,0,2,2
63,8640.713,8903.533,-375.679,91.848,-0.032170,-0.999451,-0.007945,0.999431,-0.032248,0.009867,-0.010118,-0.007623,0.999920,0,0.80855,-0.15715,48.513,-0.314,-1,425.000,-1,375.000,-1,325.000,325.000,300.000,300.000,-1,-1,-1,-1,-1,775.000,-1,-1,2,0,2,0,2,0,0,0,0,2,2,2,2,2,0,2,2
64,8639.295,8949.303,-376.032,91.774,-0.030823,-0.999461,-0.011334,0.999457,-0.030951,0.011308,-0.011653,-0.010979,0.999872,0,0.76320,-0.03715,45.792,-0.074,-1,425.000,-1,375.000,-1,325.000,325.000,325.000,300.000,-1,-1,-1,-1,-1,775.000,-1,-1,2,0,2,0,2,0,0,0,0,2,2,2,2,2,0,2,2
65,8637.747,8995.002,-376.401,91.939,-0.033651,-0.999325,-0.014752,0.999346,-0.033840,0.012723,-0.013214,-0.014314,0.999810,0,0.76209,0.08285,45.725,0.166,-1,425.000,-1,375.000,-1,325.000,325.000,325.000,300.000,-1,-1,-1,-1,1000.000,775.000,-1,-1,2,0,2,0,2,0,0,0,0,2,2,2,2,0,0,2,2
66,8635.879,9040.592,-376.788,92.345,-0.040653,-0.999007,-0.018218,0.999063,-0.040913,0.014117,-0.014848,-0.017627,0.999734,0,0.76047,0.20285,45.628,0.406,-1,450.000,-1,400.000,-1,350.000,325.000,325.000,300.000,-1,-1,-1,-1,1000.000,800.000,-1,-1,2,0,2,0,2,0,0,0,0,2,2,2,2,0,0,2,2
67,8633.504,9086.030,-377.199,92.991,-0.051823,-0.998419,-0.021751,0.998518,-0.052165,0.015491,-0.016601,-0.020916,0.999643,0,0.75833,0.32285,45.500,0.646,-1,450.000,-1,400.000,-1,350.000,325.000,325.000,300.000,-1,-1,-1,-1,1000.000,800.000,-1,-1,2,0,2,0,2,0,0,0,0,2,2,2,2,0,0,2,2
68,8630.438,9131.265,-377.653,93.877,-0.067149,-0.997422,-0.025319,0.997570,-0.067587,0.016890,-0.018558,-0.024124,0.999537,0,0.75565,0.44285,45.339,0.886,-1,450.000,-1,400.000,-1,350.000,325.000,325.000,300.000,-1,-1,-1,-1,975.000,825.000,-1,-1,2,0,2,0,2,0,0,0,0,2,2,2,2,0,0,2,2
69,8626.500,9176.239,-378.418,95.002,-0.086629,-0.995847,-0.027997,0.996022,-0.087165,0.018498,-0.020862,-0.026283,0.999437,0,0.75243,0.56285,45.146,1.126,-1,450.000,-1,400.000,-1,350.000,325.000,325.000,300.000,-1,-1,-1,-1,975.000,825.000,-1,-1,2,0,2,0,2,0,0,0,0,2,2,2,2,0,0,2,2
70,8621.518,9220.883,-379.849,96.368,-0.110243,-0.993474,-0.029261,0.993616,-0.110873,0.020849,-0.023957,-0.026776,0.999354,0,0.74869,0.68285,44.922,1.366,-1,425.000,-1,400.000,-1,350.000,325.000,325.000,300.000,-1,-1,-1,-1,950.000,825.000,-1,-1,2,0,2,0,2,0,0,0,0,2,2,2,2,0,0,2,2
71,8615.321,9265.119,-381.472,97.974,-0.137922,-0.989952,-0.031197,0.990072,-0.138664,0.023035,-0.027129,-0.027710,0.999248,0,0.74447,0.80285,44.668,1.606,-1,425.000,-1,400.000,-1,350.000,325.000,325.000,300.000,-1,-1,-1,-1,925.000,825.000,-1,-1,2,0,2,0,2,0,0,0,0,2,2,2,2,0,0,2,2
72,8607.787,9308.866,-383.131,99.770,-0.168764,-0.985096,-0.033234,0.985184,-0.169630,0.025247,-0.030508,-0.028481,0.999129,0,0.73983,0.89834,44.390,1.797,-1,425.000,-1,400.000,-1,350.000,325.000,325.000,300.000,-1,-1,-1,-1,925.000,850.000,-1,-1,2,0,2,0,2,0,0,0,0,2,2,2,2,0,0,2,2
73,8598.944,9352.065,-384.813,101.567,-0.199432,-0.979272,-0.035407,0.979322,-0.200435,0.027446,-0.033974,-0.029201,0.998996,0,0.73492,0.89854,44.095,1.797,-1,425.000,-1,400.000,-1,350.000,325.000,325.000,275.000,-1,-1,-1,-1,900.000,850.000,-1,-1,2,0,2,0,2,0,0,0,0,2,2,2,2,0,0,2,2
74,8588.817,9394.684,-386.522,103.366,-0.229913,-0.972480,-0.037707,0.972488,-0.231063,0.029608,-0.037505,-0.029862,0.998850,0,0.73010,0.89916,43.806,1.798,-1,425.000,-1,400.000,-1,325.000,325.000,325.000,275.000,-1,-1,-1,-1,875.000,825.000,-1,-1,2,0,2,0,2,0,0,0,0,2,2,2,2,0,0,2,2
75,8577.429,9436.695,-388.264,105.166,-0.260189,-0.964724,-0.040125,0.964683,-0.261497,0.031710,-0.041084,-0.030458,0.998691,0,0.72545,0.90019,43.527,1.800,-1,425.000,-1,400.000,-1,325.000,325.000,300.000,300.000,-1,-1,-1,-1,850.000,825.000,-1,-1,2,0,2,0,2,0,0,0,0,2,2,2,2,0,0,2,2
76,8564.802,9478.075,-390.043,106.969,-0.290243,-0.956002,-0.042651,0.955909,-0.291720,0.033733,-0.044690,-0.030980,0.998520,0,0.72106,0.90162,43.264,1.803,-1,425.000,-1,400.000,-1,325.000,325.000,300.000,300.000,-1,-1,-1,-1,850.000,825.000,-1,-1,2,0,2,0,2,0,0,0,0,2,2,2,2,0,0,2,2
77,8550.954,9518.805,-391.900,108.776,-0.320046,-0.946311,-0.045445,0.946164,-0.321712,0.035718,-0.048421,-0.031567,0.998328,0,0.71699,0.90343,43.020,1.807,-1,425.000,-1,400.000,-1,325.000,325.000,300.000,300.000,-1,-1,-1,-1,825.000,825.000,-1,-1,2,0,2,0,2,0,0,0,0,2,2,2,2,0,0,2,2
78,8535.904,9558.870,-393.852,110.587,-0.349574,-0.935649,-0.048569,0.935448,-0.351453,0.037655,-0.052302,-0.032270,0.998110,0,0.71331,0.90562,42.799,1.811,-1,400.000,-1,400.000,-1,325.000,325.000,300.000,300.000,-1,-1,-1,-1,800.000,825.000,-1,-1,2,0,2,0,2,0,0,0,0,2,2,2,2,0,0,2,2
79,8519.666,9598.258,-395.849,112.404,-0.378823,-0.924022,-0.051733,0.923765,-0.380925,0.039423,-0.056134,-0.032855,0.997883,0,0.71007,0.90816,42.604,1.816,-1,400.000,-1,400.000,-1,325.000,325.000,300.000,300.000,-1,-1,-1,-1,775.000,800.000,-1,-1,2,0,2,0,2,0,0,0,0,2,2,2,2,0,0,2,2
80,8502.251,9636.959,-397.895,114.226,-0.407776,-0.911429,-0.054919,0.911115,-0.410106,0.041010,-0.059901,-0.033315,0.997648,0,0.70730,0.91104,42.438,1.822,-1,400.000,-1,400.000,-1,325.000,325.000,300.000,300.000,-1,-1,-1,-1,750.000,800.000,-1,-1,2,0,2,0,2,0,0,0,0,2,2,2,2,0,0,2,2
81,8481.685,9679.486,-400.320,115.808,-0.432549,-0.899747,-0.057938,0.899374,-0.435108,0.042518,-0.063465,-0.033717,0.997414,0,0.78730,0.79104,47.238,1.582,-1,400.000,-1,400.000,-1,325.000,325.000,300.000,300.000,-1,-1,-1,-1,750.000,775.000,-1,-1,2,0,2,0,2,0,0,0,0,2,2,2,2,0,0,2,2
82,8457.939,9725.790,-403.517,117.150,-0.453422,-0.889339,-0.059032,0.888871,-0.456077,0.043598,-0.065697,-0.032704,0.997304,0,0.86730,0.67104,52.038,1.342,-1,400.000,-1,400.000,-1,325.000,325.000,300.000,300.000,-1,-1,-1,-1,725.000,775.000,-1,-1,2,0,2,0,2,0,0,0,0,2,2,2,2,0,0,2,2
83,8432.032,9774.002,-407.090,118.252,-0.470411,-0.880441,-0.059470,0.879867,-0.473119,0.044633,-0.067433,-0.031330,0.997232,0,0.91219,0.55104,54.732,1.102,-1,400.000,-1,400.000,-1,325.000,325.000,325.000,300.000,-1,-1,-1,-1,725.000,775.000,-1,-1,2,0,2,0,2,0,0,0,0,2,2,2,2,0,0,2,2
84,8405.395,9821.833,-410.787,119.114,-0.483578,-0.873260,-0.059739,0.872568,-0.486333,0.045875,-0.069114,-0.029942,0.997159,0,0.91246,0.43104,54.748,0.862,-1,400.000,-1,400.000,-1,325.000,325.000,325.000,300.000,-1,-1,-1,-1,700.000,750.000,-1,-1,2,0,2,0,2,0,0,0,0,2,2,2,2,0,0,2,2
85,8378.210,9869.424,-414.506,119.736,-0.493005,-0.867954,-0.060023,0.867172,-0.495800,0.046846,-0.070419,-0.028955,0.997097,0,0.91347,0.31104,54.808,0.622,-1,375.000,-1,400.000,-1,325.000,325.000,325.000,300.000,-1,-1,-1,-1,700.000,725.000,-1,-1,2,0,2,0,2,0,0,0,0,2,2,2,2,0,0,2,2
86,8350.212,9917.687,-418.311,120.118,-0.498755,-0.864642,-0.060307,0.863801,-0.501586,0.047536,-0.071351,-0.028384,0.997047,0,0.92993,0.19104,55.796,0.382,-1,375.000,-1,375.000,-1,300.000,325.000,325.000,300.000,-1,-1,-1,-1,675.000,725.000,-1,-1,2,0,2,0,2,0,0,0,0,2,2,2,2,0,0,2,2
87,8322.114,9965.848,-422.147,120.260,-0.500871,-0.863398,-0.060602,0.862536,-0.503729,0.047841,-0.071833,-0.028309,0.997015,0,0.92929,0.07104,55.757,0.142,-1,375.000,-1,375.000,-1,300.000,300.000,325.000,300.000,-1,-1,-1,-1,650.000,725.000,-1,-1,2,0,2,0,2,0,0,0,0,2,2,2,2,0,0,2,2
88,8294.104,10014.047,-425.966,120.163,-0.499371,-0.864252,-0.060808,0.863390,-0.502250,0.047996,-0.072021,-0.028533,0.996995,0,0.92913,-0.04896,55.748,-0.098,-1,375.000,-1,375.000,-1,300.000,300.000,325.000,300.000,-1,-1,-1,-1,650.000,700.000,-1,-1,2,0,2,0,2,0,0,0,0,2,2,2,2,0,0,2,2
89,8266.176,10062.314,-429.622,120.054,-0.497802,-0.865206,-0.060097,0.864349,-0.500624,0.047718,-0.071372,-0.028191,0.997051,0,0.92940,-0.05404,55.764,-0.108,-1,375.000,-1,375.000,-1,300.000,300.000,325.000,300.000,-1,-1,-1,-1,650.000,700.000,-1,-1,2,0,2,0,2,0,0,0,0,2,2,2,2,0,0,2,2
90,8238.317,10110.657,-433.301,119.954,-0.496380,-0.866084,-0.059208,0.865273,-0.499113,0.046784,-0.070070,-0.028009,0.997149,0,0.92994,-0.05007,55.796,-0.100,-1,375.000,-1,375.000,-1,300.000,300.000,325.000,300.000,-1,-1,-1,-1,625.000,700.000,1000.000,-1,2,0,2,0,2,0,0,0,0,2,2,2,2,0,0,0,2
91,8210.512,10159.085,-436.913,119.863,-0.495103,-0.866892,-0.058071,0.866122,-0.497731,0.045792,-0.068600,-0.027625,0.997262,0,0.93071,-0.04590,55.843,-0.092,-1,350.000,-1,375.000,-1,300.000,300.000,325.000,300.000,-1,-1,-1,-1,625.000,700.000,975.000,-1,2,0,2,0,2,0,0,0,0,2,2,2,2,0,0,0,2
92,8182.747,10207.606,-440.459,119.779,-0.493975,-0.867626,-0.056684,0.866894,-0.496481,0.044739,-0.066960,-0.027039,0.997389,0,0.93173,-0.04153,55.904,-0.083,975.000,350.000,-1,375.000,-1,300.000,300.000,325.000,300.000,-1,-1,-1,-1,625.000,700.000,950.000,-1,0,0,2,0,2,0,0,0,0,2,2,2,2,0,0,0,2
93,8155.007,10256.229,-443.941,119.706,-0.493003,-0.868285,-0.055049,0.867585,-0.495371,0.043625,-0.065149,-0.026252,0.997530,0,0.93300,-0.03698,55.980,-0.074,950.000,350.000,-1,375.000,-1,300.000,300.000,325.000,325.000,-1,-1,-1,-1,600.000,675.000,925.000,-1,0,0,2,0,2,0,0,0,0,2,2,2,2,0,0,0,2
94,8127.277,10304.962,-447.273,119.641,-0.492185,-0.868857,-0.053315,0.868215,-0.494402,0.042067,-0.062910,-0.025584,0.997691,0,0.93451,-0.03224,56.070,-0.064,925.000,350.000,-1,375.000,-1,300.000,300.000,325.000,325.000,-1,-1,-1,-1,600.000,675.000,925.000,-1,0,0,2,0,2,0,0,0,0,2,2,2,2,0,0,0,2
95,8099.542,10353.813,-450.547,119.586,-0.491548,-0.869347,-0.051151,0.868770,-0.493584,0.040156,-0.060157,-0.024699,0.997883,0,0.93626,-0.02733,56.175,-0.055,925.000,350.000,-1,375.000,-1,300.000,300.000,325.000,325.000,-1,-1,-1,-1,600.000,675.000,900.000,-1,0,0,2,0,2,0,0,0,0,2,2,2,2,0,0,0,2
96,8071.786,10402.790,-453.749,119.542,-0.491079,-0.869752,-0.048710,0.869241,-0.492922,0.038054,-0.057108,-0.023653,0.998088,0,0.93825,-0.02224,56.295,-0.044,925.000,350.000,-1,375.000,-1,300.000,300.000,325.000,325.000,-1,-1,-1,-1,600.000,700.000,900.000,-1,0,0,2,0,2,0,0,0,0,2,2,2,2,0,0,0,2
97,8043.993,10451.899,-456.809,119.508,-0.490766,-0.870063,-0.046242,0.869628,-0.492417,0.035683,-0.053817,-0.022701,0.998293,0,0.94048,-0.01697,56.429,-0.034,925.000,350.000,-1,375.000,-1,300.000,300.000,325.000,325.000,-1,625.000,575.000,-1,600.000,700.000,900.000,-1,0,0,2,0,2,0,0,0,0,2,0,0,2,0,0,0,2
98,8016.148,10501.148,-459.751,119.485,-0.490615,-0.870280,-0.043705,0.869921,-0.492077,0.033139,-0.050346,-0.021762,0.998495,0,0.94294,-0.01154,56.577,-0.023,925.000,350.000,-1,375.000,-1,300.000,300.000,325.000,325.000,-1,500.000,450.000,-1,600.000,700.000,925.000,-1,0,0,2,0,2,0,0,0,0,2,0,0,2,0,0,0,2
99,7988.232,10550.543,-462.588,119.473,-0.490629,-0.870400,-0.041072,0.870114,-0.491906,0.030483,-0.046736,-0.020782,0.998691,0,0.94564,-0.00595,56.738,-0.012,925.000,350.000,-1,375.000,-1,300.000,300.000,325.000,325.000,-1,425.000,375.000,-1,600.000,700.000,925.000,-1,0,0,2,0,2,0,0,0,0,2,0,0,2,0,0,0,2
100,7960.265,10600.041,-465.227,119.469,-0.490754,-0.870462,-0.038169,0.870222,-0.491854,0.028153,-0.043279,-0.019400,0.998875,0,0.94754,-0.00217,56.853,-0.004,925.000,350.000,-1,375.000,-1,300.000,300.000,325.000,325.000,-1,375.000,325.000,-1,600.000,725.000,925.000,-1,0,0,2,0,2,0,0,0,0,2,0,0,2,0,0,0,2
101,7932.301,10649.540,-467.587,119.464,-0.490883,-0.870532,-0.034757,0.870305,-0.491807,0.026352,-0.040034,-0.017314,0.999048,0,0.94754,-0.00217,56.853,-0.004,925.000,350.000,-1,375.000,-1,300.000,300.000,325.000,325.000,-1,375.000,325.000,-1,600.000,725.000,950.000,-1,0,0,2,0,2,0,0,0,0,2,0,0,2,0,0,0,2
102,7904.341,10699.042,-469.740,119.460,-0.491015,-0.870604,-0.030862,0.870385,-0.491761,0.024531,-0.036533,-0.014816,0.999223,0,0.94754,-0.00217,56.853,-0.004,950.000,350.000,-1,375.000,-1,300.000,300.000,325.000,325.000,-1,375.000,300.000,-1,600.000,725.000,950.000,-1,0,0,2,0,2,0,0,0,0,2,0,0,2,0,0,0,2
103,7876.384,10748.546,-471.803,119.456,-0.491121,-0.870670,-0.027089,0.870460,-0.491711,0.022788,-0.033161,-0.012388,0.999373,0,0.94754,-0.00217,56.853,-0.004,975.000,350.000,-1,375.000,-1,300.000,300.000,325.000,325.000,-1,375.000,300.000,-1,625.000,750.000,-1,-1,0,0,2,0,2,0,0,0,0,2,0,0,2,0,0,2,2
104,7850.602,10793.765,-473.571,119.691,-0.494841,-0.868664,-0.023550,0.868461,-0.495302,0.021235,-0.030110,-0.009945,0.999497,0,0.86754,0.11783,52.053,0.236,975.000,350.000,-1,375.000,-1,300.000,300.000,325.000,325.000,-1,375.000,275.000,-1,625.000,750.000,-1,-1,0,0,2,0,2,0,0,0,0,2,0,0,2,0,0,2,2
105,7826.857,10834.618,-475.076,120.167,-0.502155,-0.864541,-0.020258,0.864345,-0.502507,0.019863,-0.027352,-0.007535,0.999597,0,0.78754,0.23783,47.253,0.476,1000.000,350.000,-1,375.000,-1,300.000,300.000,325.000,325.000,-1,350.000,275.000,-1,625.000,750.000,-1,-1,0,0,2,0,2,0,0,0,0,2,0,0,2,0,0,2,2
106,7805.156,10871.104,-476.259,120.743,-0.510899,-0.859459,-0.017660,0.859274,-0.511173,0.018722,-0.025118,-0.005610,0.999669,0,0.70754,0.28782,42.453,0.576,-1,350.000,-1,400.000,-1,300.000,300.000,325.000,325.000,-1,350.000,275.000,-1,625.000,750.000,-1,-1,2,0,2,0,2,0,0,0,0,2,0,0,2,0,0,2,2
107,7785.585,10903.271,-477.234,121.318,-0.519574,-0.854287,-0.015383,0.854112,-0.519786,0.017737,-0.023149,-0.003923,0.999724,0,0.62754,0.28782,37.653,0.576,-1,350.000,-1,400.000,-1,300.000,325.000,325.000,325.000,-1,350.000,275.000,-1,625.000,775.000,-1,-1,2,0,2,0,2,0,0,0,0,2,0,0,2,0,0,2,2
108,7768.228,10931.164,-478.027,121.894,-0.528181,-0.849026,-0.013412,0.848861,-0.528345,0.016900,-0.021435,-0.002459,0.999767,0,0.54754,0.28782,32.853,0.576,-1,350.000,-1,400.000,-1,300.000,300.000,325.000,325.000,-1,350.000,275.000,-1,625.000,775.000,-1,-1,2,0,2,0,2,0,0,0,0,2,0,0,2,0,0,2,2
109,7753.168,10954.831,-478.660,122.469,-0.536723,-0.843677,-0.011739,0.843522,-0.536850,0.016203,-0.019972,-0.001205,0.999800,0,0.46754,0.28782,28.053,0.576,-1,350.000,-1,400.000,-1,300.000,300.000,325.000,325.000,-1,350.000,275.000,-1,650.000,775.000,-1,-1,2,0,2,0,2,0,0,0,0,2,0,0,2,0,0,2,2
110,7740.488,10974.322,-479.139,123.045,-0.545199,-0.838242,-0.010423,0.838096,-0.545299,0.015650,-0.018802,-0.000203,0.999823,0,0.38754,0.28782,23.253,0.576,-1,350.000,-1,400.000,-1,300.000,300.000,325.000,325.000,-1,350.000,275.000,-1,650.000,775.000,-1,-1,2,0,2,0,2,0,0,0,0,2,0,0,2,0,0,2,2
111,7730.271,10989.688,-479.493,123.621,-0.553613,-0.832721,-0.009392,0.832582,-0.553693,0.015228,-0.017881,0.000610,0.999840,0,0.30754,0.28782,18.453,0.576,-1,350.000,-1,400.000,-1,300.000,325.000,325.000,325.000,-1,350.000,275.000,-1,650.000,775.000,-1,-1,2,0,2,0,2,0,0,0,0,2,0,0,2,0,0,2,2
112,7722.598,11000.981,-479.741,124.196,-0.561966,-0.827116,-0.008619,0.826982,-0.562030,0.014934,-0.017196,0.001264,0.999851,0,0.22754,0.28782,13.653,0.576,-1,350.000,-1,400.000,-1,300.000,325.000,325.000,325.000,-1,350.000,275.000,-1,650.000,775.000,-1,-1,2,0,2,0,2,0,0,0,0,2,0,0,2,0,0,2,2
113,7717.549,11008.252,-479.891,124.772,-0.570257,-0.821427,-0.008102,0.821296,-0.570311,0.014767,-0.016751,0.001767,0.999858,0,0.14754,0.28782,8.853,0.576,-1,350.000,-1,400.000,-1,300.000,300.000,325.000,325.000,-1,325.000,275.000,-1,650.000,775.000,-1,-1,2,0,2,0,2,0,0,0,0,2,0,0,2,0,0,2,2
114,7715.205,11011.558,-479.950,125.348,-0.578485,-0.815655,-0.007841,0.815525,-0.578535,0.014730,-0.016550,0.002127,0.999861,0,0.06754,0.28782,4.053,0.576,-1,350.000,-1,400.000,-1,300.000,300.000,325.000,325.000,-1,325.000,275.000,-1,650.000,775.000,-1,-1,2,0,2,0,2,0,0,0,0,2,0,0,2,0,0,2,2
115,7715.643,11010.953,-479.921,125.923,-0.586652,-0.809801,-0.007833,0.809669,-0.586700,0.014824,-0.016600,0.002355,0.999859,0,-0.01246,0.28782,-0.747,0.576,-1,350.000,-1,400.000,-1,300.000,300.000,325.000,325.000,-1,325.000,275.000,-1,650.000,775.000,-1,-1,2,0,2,0,2,0,0,0,0,2,0,0,2,0,0,2,2
116,7718.943,11006.493,-479.802,126.499,-0.594756,-0.803866,-0.008078,0.803729,-0.594806,0.015054,-0.016907,0.002461,0.999854,0,-0.09246,0.28782,-5.547,0.576,-1,350.000,-1,400.000,-1,300.000,300.000,325.000,325.000,-1,325.000,275.000,-1,650.000,775.000,-1,-1,2,0,2,0,2,0,0,0,0,2,0,0,2,0,0,2,2
117,7725.181,10998.238,-479.590,127.075,-0.602796,-0.797849,-0.008576,0.797704,-0.602852,0.015425,-0.017477,0.002457,0.999844,0,-0.17246,0.28782,-10.347,0.576,-1,350.000,-1,400.000,-1,300.000,300.000,325.000,325.000,-1,325.000,275.000,-1,650.000,775.000,-1,-1,2,0,2,0,2,0,0,0,0,2,0,0,2,0,0,2,2
118,7733.892,10986.946,-479.296,127.650,-0.610771,-0.791753,-0.009278,0.791596,-0.610837,0.015916,-0.018269,0.002377,0.999830,0,-0.23770,0.28782,-14.262,0.576,-1,350.000,-1,400.000,-1,300.000,300.000,325.000,325.000,-1,325.000,275.000,-1,625.000,750.000,-1,-1,2,0,2,0,2,0,0,0,0,2,0,0,2,0,0,2,2
119,7742.717,10975.742,-478.992,128.226,-0.618685,-0.785576,-0.009980,0.785408,-0.618761,0.016418,-0.019073,0.002319,0.999815,0,-0.23770,0.28782,-14.262,0.576,-1,350.000,-1,375.000,-1,300.000,300.000,325.000,325.000,-1,325.000,275.000,-1,625.000,750.000,-1,-1,2,0,2,0,2,0,0,0,0,2,0,0,2,0,0,2,2
120,7751.653,10964.628,-478.678,128.801,-0.626535,-0.779320,-0.010683,0.779140,-0.626622,0.016928,-0.019887,0.002283,0.999800,0,-0.23770,0.28782,-14.262,0.576,-1,350.000,-1,375.000,-1,300.000,300.000,325.000,325.000,-1,300.000,275.000,-1,625.000,750.000,-1,-1,2,0,2,0,2,0,0,0,0,2,0,0,2,0,0,2,2
121,7760.701,10953.604,-478.355,129.377,-0.634322,-0.772985,-0.011386,0.772792,-0.634420,0.017448,-0.020711,0.002269,0.999783,0,-0.23770,0.28782,-14.262,0.576,-1,350.000,-1,375.000,-1,300.000,300.000,325.000,325.000,-1,300.000,275.000,-1,625.000,750.000,-1,-1,2,0,2,0,2,0,0,0,0,2,0,0,2,0,0,2,2
122,7769.860,10942.671,-478.022,129.953,-0.642044,-0.766573,-0.012090,0.766365,-0.642153,0.017977,-0.021545,0.002277,0.999765,0,-0.23770,0.28782,-14.262,0.576,-1,350.000,-1,375.000,-1,300.000,300.000,325.000,325.000,-1,300.000,275.000,-1,625.000,725.000,-1,-1,2,0,2,0,2,0,0,0,0,2,0,0,2,0,0,2,2
123,7775.978,10935.454,-477.797,130.288,-0.646515,-0.762798,-0.012561,0.762581,-0.646633,0.018326,-0.022101,0.002270,0.999753,0,-0.15770,0.16782,-9.462,0.336,-1,350.000,-1,375.000,-1,300.000,300.000,325.000,325.000,-1,300.000,275.000,-1,625.000,725.000,-1,-1,2,0,2,0,2,0,0,0,0,2,0,0,2,0,0,2,2
124,7778.998,10931.903,-477.686,130.384,-0.647783,-0.761718,-0.012796,0.761496,-0.647905,0.018490,-0.022375,0.002233,0.999747,0,-0.07770,0.04782,-4.662,0.096,-1,350.000,-1,375.000,-1,300.000,300.000,325.000,325.000,-1,300.000,275.000,-1,625.000,725.000,-1,-1,2,0,2,0,2,0,0,0,0,2,0,0,2,0,0,2,2
125,7778.909,10932.009,-477.693,130.240,-0.645861,-0.763348,-0.012797,0.763127,-0.645984,0.018466,-0.022363,0.002161,0.999748,0,0.00230,-0.07218,0.138,-0.144,-1,350.000,-1,375.000,-1,300.000,300.000,325.000,325.000,-1,300.000,275.000,-1,625.000,725.000,-1,-1,2,0,2,0,2,0,0,0,0,2,0,0,2,0,0,2,2
126,7775.744,10935.799,-477.817,129.855,-0.640729,-0.767664,-0.012563,0.767450,-0.640849,0.018258,-0.022067,0.002057,0.999754,0,0.08230,-0.19218,4.938,-0.384,-1,350.000,-1,375.000,-1,300.000,300.000,325.000,325.000,-1,300.000,275.000,-1,625.000,725.000,-1,-1,2,0,2,0,2,0,0,0,0,2,0,0,2,0,0,2,2
127,7769.585,10943.343,-478.055,129.231,-0.632333,-0.774602,-0.012095,0.774398,-0.632446,0.017871,-0.021492,0.001934,0.999767,0,0.16230,-0.31218,9.738,-0.624,-1,350.000,-1,375.000,-1,300.000,300.000,325.000,325.000,-1,300.000,275.000,-1,625.000,750.000,-1,-1,2,0,2,0,2,0,0,0,0,2,0,0,2,0,0,2,2
128,7760.561,10954.742,-478.402,128.367,-0.620587,-0.784055,-0.011394,0.783866,-0.620689,0.017313,-0.020646,0.001813,0.999785,0,0.24230,-0.43218,14.538,-0.864,-1,350.000,-1,375.000,-1,300.000,300.000,325.000,325.000,-1,300.000,275.000,-1,625.000,750.000,-1,-1,2,0,2,0,2,0,0,0,0,2,0,0,2,0,0,2,2
129,7748.853,10970.132,-478.848,127.262,-0.605374,-0.795872,-0.010460,0.795701,-0.605462,0.016600,-0.019545,0.001726,0.999807,0,0.32230,-0.55218,19.338,-1.104,-1,350.000,-1,400.000,-1,300.000,300.000,325.000,325.000,-1,325.000,275.000,-1,625.000,750.000,-1,-1,2,0,2,0,2,0,0,0,0,2,0,0,2,0,0,2,2
130,7734.693,10989.681,-479.380,125.918,-0.586552,-0.809858,-0.009297,0.809707,-0.586623,0.015749,-0.018208,0.001710,0.999833,0,0.40230,-0.67218,24.138,-1.344,-1,350.000,-1,400.000,-1,300.000,300.000,325.000,325.000,-1,325.000,275.000,-1,650.000,775.000,-1,-1,2,0,2,0,2,0,0,0,0,2,0,0,2,0,0,2,2
131,7718.358,11013.568,-479.981,124.367,-0.564431,-0.825442,-0.007900,0.825312,-0.564484,0.014789,-0.016667,0.001828,0.999859,0,0.48230,-0.77564,28.938,-1.551,-1,350.000,-1,400.000,-1,300.000,325.000,325.000,325.000,-1,350.000,275.000,-1,650.000,775.000,-1,-1,2,0,2,0,2,0,0,0,0,2,0,0,2,0,0,2,2
132,7700.074,11041.922,-480.627,122.815,-0.541899,-0.840420,-0.006251,0.840311,-0.541931,0.013767,-0.014958,0.002208,0.999886,0,0.56230,-0.77564,33.738,-1.551,-1,350.000,-1,400.000,-1,300.000,325.000,325.000,325.000,-1,350.000,275.000,-1,675.000,800.000,-1,-1,2,0,2,0,2,0,0,0,0,2,0,0,2,0,0,2,2
133,7681.610,11072.332,-481.251,121.264,-0.518968,-0.854782,-0.004501,0.854691,-0.518980,0.012773,-0.013254,0.002782,0.999908,0,0.59294,-0.77564,35.576,-1.551,-1,375.000,-1,400.000,-1,300.000,325.000,300.000,325.000,-1,375.000,300.000,-1,675.000,800.000,-1,-1,2,0,2,0,2,0,0,0,0,2,0,0,2,0,0,2,2
134,7663.977,11103.231,-481.902,119.713,-0.495655,-0.868515,-0.002603,0.868438,-0.495648,0.012214,-0.011898,0.003794,0.999922,0,0.59294,-0.77564,35.576,-1.551,-1,375.000,-1,400.000,-1,300.000,325.000,300.000,325.000,-1,400.000,300.000,-1,700.000,800.000,-1,-1,2,0,2,0,2,0,0,0,0,2,0,0,2,0,0,2,2
135,7647.186,11134.596,-482.509,118.161,-0.471977,-0.881610,-0.000660,0.881546,-0.471952,0.011762,-0.010681,0.004970,0.999931,0,0.59294,-0.77564,35.576,-1.551,-1,375.000,-1,400.000,-1,325.000,325.000,300.000,325.000,-1,425.000,300.000,-1,725.000,825.000,-1,-1,2,0,2,0,2,0,0,0,0,2,0,0,2,0,0,2,2
136,7631.251,11166.404,-483.019,116.610,-0.447953,-0.894056,0.001431,0.894004,-0.447908,0.011629,-0.009756,0.006489,0.999931,0,0.59294,-0.77564,35.576,-1.551,-1,375.000,-1,400.000,-1,325.000,325.000,300.000,325.000,-1,450.000,325.000,-1,725.000,825.000,-1,-1,2,0,2,0,2,0,0,0,0,2,0,0,2,0,0,2,2
