timestep,x_cm,y_cm,z_cm,yaw_deg,basis_xx,basis_xy,basis_xz,basis_yx,basis_yy,basis_yz,basis_zx,basis_zy,basis_zz,teleport_flag,throttle_cmd,steering_cmd,cmd_move_cm,cmd_turn_deg,lidar_cm_0,lidar_cm_1,lidar_cm_2,lidar_cm_3,lidar_cm_4,lidar_cm_5,lidar_cm_6,lidar_cm_7,lidar_cm_8,lidar_cm_9,lidar_cm_10,lidar_cm_11,lidar_cm_12,lidar_cm_13,lidar_cm_14,lidar_cm_15,lidar_cm_16,lidar_class_0,lidar_class_1,lidar_class_2,lidar_class_3,lidar_class_4,lidar_class_5,lidar_class_6,lidar_class_7,lidar_class_8,lidar_class_9,lidar_class_10,lidar_class_11,lidar_class_12,lidar_class_13,lidar_class_14,lidar_class_15,lidar_class_16
0,6885.611,5579.921,-332.312,110.358,-0.347411,-0.937039,0.035534,0.937601,-0.347705,-0.002263,0.014476,0.032531,0.999366,1,0.08000,0.12000,4.800,0.240,-1,400.000,-1,375.000,475.000,325.000,325.000,300.000,325.000,-1,-1,-1,-1,750.000,475.000,-1,450.000,2,0,2,1,1,0,0,0,0,2,2,2,2,0,1,2,1
1,6882.210,5588.899,-332.167,110.746,-0.353747,-0.934665,0.035554,0.935225,-0.354046,-0.002273,0.014712,0.032447,0.999365,0,0.16000,0.19407,9.600,0.388,-1,400.000,-1,375.000,450.000,325.000,325.000,300.000,325.000,-1,-1,-1,-1,750.000,475.000,-1,450.000,2,0,2,1,1,0,0,0,0,2,2,2,2,0,1,2,1
2,6877.019,5602.331,-331.950,111.131,-0.360017,-0.932267,0.035577,0.932826,-0.360320,-0.002285,0.014949,0.032364,0.999364,0,0.24000,0.19252,14.400,0.385,-1,400.000,-1,350.000,450.000,325.000,325.000,300.000,325.000,-1,-1,-1,-1,750.000,450.000,-1,450.000,2,0,2,1,1,0,0,0,0,2,2,2,2,0,1,2,1
3,6869.978,5620.193,-331.656,111.513,-0.366207,-0.929852,0.035597,0.930409,-0.366515,-0.002301,0.015186,0.032277,0.999364,0,0.32000,0.19057,19.200,0.381,-1,400.000,-1,350.000,425.000,325.000,325.000,300.000,325.000,-1,-1,-1,-1,775.000,450.000,-1,425.000,2,0,2,1,1,0,0,0,0,2,2,2,2,0,1,2,1
4,6861.031,5642.463,-331.281,111.889,-0.372303,-0.927428,0.035610,0.927983,-0.372615,-0.002322,0.015422,0.032181,0.999363,0,0.40000,0.18816,24.000,0.376,-1,400.000,-1,350.000,400.000,325.000,325.000,300.000,325.000,-1,-1,-1,-1,775.000,425.000,-1,400.000,2,0,2,1,1,0,1,0,0,2,2,2,2,0,1,2,1
5,6850.121,5669.117,-330.818,112.259,-0.378289,-0.925002,0.035610,0.925555,-0.378606,-0.002349,0.015655,0.032070,0.999363,0,0.48000,0.18525,28.800,0.371,-1,400.000,-1,325.000,375.000,325.000,300.000,300.000,325.000,-1,-1,-1,-1,775.000,425.000,-1,375.000,2,0,2,1,1,0,1,0,0,2,2,2,2,0,1,2,1
6,6837.197,5700.131,-330.263,112.623,-0.384149,-0.922585,0.035591,0.923135,-0.384470,-0.002384,0.015883,0.031939,0.999364,0,0.56000,0.18179,33.600,0.364,-1,400.000,-1,300.000,325.000,325.000,300.000,300.000,325.000,-1,-1,-1,-1,775.000,400.000,-1,350.000,2,1,2,1,1,1,1,0,0,2,2,2,2,0,1,2,1
7,6822.206,5735.484,-329.608,112.978,-0.389861,-0.920187,0.035545,0.920733,-0.390186,-0.002425,0.016101,0.031782,0.999365,0,0.64000,0.17768,38.400,0.355,-1,375.000,-1,300.000,300.000,300.000,275.000,300.000,325.000,-1,-1,-1,-1,775.000,375.000,-1,300.000,2,1,2,1,1,1,1,0,0,2,2,2,2,0,1,2,1
8,6805.102,5775.154,-328.848,113.324,-0.395405,-0.917821,0.035479,0.918362,-0.395733,-0.002478,0.016315,0.031603,0.999367,0,0.72000,0.17285,43.200,0.346,-1,375.000,-1,275.000,250.000,300.000,275.000,300.000,325.000,-1,-1,-1,-1,775.000,350.000,-1,250.000,2,1,2,1,1,1,1,0,0,2,2,2,2,0,1,2,1
9,6785.840,5819.120,-328.051,113.658,-0.400748,-0.915495,0.035648,0.916039,-0.401082,-0.002460,0.016550,0.031669,0.999361,0,0.80000,0.16717,48.000,0.334,-1,375.000,-1,250.000,225.000,275.000,250.000,300.000,325.000,-1,-1,-1,-1,775.000,350.000,-1,225.000,2,1,2,1,1,1,1,0,0,2,2,2,2,0,1,2,1
10,6764.385,5867.365,-323.751,113.979,-0.405792,-0.913525,0.028372,0.913570,-0.406334,-0.016805,0.026881,0.019101,0.999456,0,0.88000,0.16050,52.800,0.321,-1,400.000,-1,250.000,200.000,300.000,250.000,300.000,350.000,-1,-1,-1,-1,850.000,350.000,-1,200.000,2,1,2,1,1,1,1,0,0,2,2,2,2,0,1,2,1
11,6740.699,5919.871,-317.541,114.285,-0.410905,-0.911513,0.017341,0.910685,-0.411271,-0.038846,0.042540,-0.000170,0.999095,0,0.96000,0.15265,57.600,0.305,-1,425.000,-1,275.000,175.000,300.000,250.000,275.000,400.000,-1,250.000,450.000,-1,975.000,375.000,-1,200.000,2,1,2,1,1,1,1,0,0,2,0,0,2,0,1,2,1
12,6715.965,5973.967,-311.597,114.571,-0.416096,-0.909292,0.007221,0.907523,-0.415759,-0.059553,0.057154,-0.018226,0.998199,0,0.99135,0.14339,59.481,0.287,-1,475.000,-1,275.000,175.000,325.000,275.000,275.000,400.000,-1,125.000,325.000,-1,1000.000,400.000,-1,200.000,2,0,2,1,1,1,1,0,1,2,0,0,2,1,1,2,1
13,6690.935,6028.039,-306.213,114.837,-0.421226,-0.906954,-0.001891,0.904212,-0.419788,-0.078606,0.070498,-0.034821,0.996904,0,0.99304,0.13291,59.582,0.266,-1,525.000,-1,300.000,175.000,375.000,300.000,275.000,375.000,800.000,100.000,250.000,-1,1000.000,450.000,-1,200.000,2,0,2,1,1,1,1,0,1,0,0,0,2,1,1,2,1
14,6665.659,6082.038,-301.067,115.080,-0.426074,-0.904648,-0.008572,0.900864,-0.423384,-0.095866,0.083096,-0.048568,0.995357,0,0.99366,0.12137,59.620,0.243,-1,575.000,-1,325.000,175.000,425.000,325.000,275.000,350.000,600.000,75.000,225.000,-1,1000.000,500.000,-1,225.000,2,0,2,1,1,1,1,0,1,0,0,0,2,1,1,2,1
15,6640.194,6135.906,-296.560,115.297,-0.430613,-0.902414,-0.014919,0.897671,-0.426518,-0.110767,0.093595,-0.061090,0.993734,0,0.99302,0.10866,59.581,0.217,-1,600.000,-1,350.000,175.000,475.000,350.000,250.000,300.000,500.000,50.000,200.000,-1,1000.000,875.000,-1,225.000,2,0,2,1,1,1,1,0,1,0,0,0,2,1,1,2,1
16,6615.542,6187.325,-293.146,115.609,-0.436653,-0.899368,-0.021698,0.893967,-0.431076,-0.122463,0.100786,-0.072871,0.992236,0,0.95036,0.15575,57.022,0.312,-1,625.000,-1,375.000,175.000,525.000,400.000,250.000,275.000,425.000,50.000,200.000,-1,975.000,-1,-1,250.000,2,0,2,1,1,0,1,0,1,0,0,0,2,1,2,2,1
17,6590.743,6238.407,-290.034,115.890,-0.442053,-0.896596,-0.026560,0.890584,-0.435171,-0.132237,0.107005,-0.082110,0.990862,0,0.94635,0.14060,56.781,0.281,-1,625.000,-1,425.000,175.000,550.000,450.000,250.000,250.000,375.000,25.000,200.000,-1,950.000,-1,-1,300.000,2,1,2,1,1,1,1,0,1,0,0,0,2,1,2,2,1
18,-2951.948,327.368,-268.138,158.783,-0.940407,-0.339992,-0.006290,0.319056,-0.875800,-0.362183,0.117630,-0.342607,0.932086,1,0.00000,0.00000,56.427,0.248,175.000,225.000,-1,875.000,-1,250.000,400.000,425.000,-1,975.000,0.000,0.000,-1,375.000,-1,150.000,-1,1,0,2,0,2,0,0,1,2,1,1,1,2,1,2,1,2
19,-8854.368,2300.508,-219.111,-98.585,-0.148918,0.988701,-0.017146,-0.988580,-0.149260,-0.020749,-0.023074,0.013860,0.999638,1,-0.08000,-0.00909,-4.800,-0.018,-1,400.000,-1,400.000,725.000,325.000,325.000,300.000,300.000,-1,-1,-1,-1,825.000,775.000,-1,-1,2,0,2,0,1,0,0,0,0,2,2,2,2,0,0,2,2
20,-8853.461,2306.508,-218.973,-98.600,-0.149174,0.988662,-0.017151,-0.988542,-0.149515,-0.020725,-0.023054,0.013863,0.999638,0,-0.10113,-0.00741,-6.068,-0.015,-1,400.000,-1,400.000,725.000,325.000,325.000,300.000,300.000,-1,-1,-1,-1,825.000,775.000,-1,-1,2,0,2,0,1,0,0,0,0,2,2,2,2,0,0,2,2
21,-8852.552,2312.505,-218.836,-98.610,-0.149358,0.988634,-0.017156,-0.988515,-0.149699,-0.020701,-0.023034,0.013867,0.999639,0,-0.10110,-0.00533,-6.066,-0.011,-1,400.000,-1,400.000,725.000,325.000,325.000,300.000,300.000,-1,-1,-1,-1,825.000,775.000,-1,-1,2,0,2,0,1,0,0,0,0,2,2,2,2,0,0,2,2
22,-8851.644,2318.502,-218.698,-98.617,-0.149471,0.988617,-0.017161,-0.988498,-0.149812,-0.020677,-0.023013,0.013873,0.999639,0,-0.10109,-0.00328,-6.065,-0.007,-1,400.000,-1,400.000,725.000,325.000,325.000,300.000,300.000,-1,-1,-1,-1,825.000,775.000,-1,-1,2,0,2,0,1,0,0,0,0,2,2,2,2,0,0,2,2
23,-8850.735,2324.500,-218.560,-98.619,-0.149514,0.988611,-0.017166,-0.988492,-0.149855,-0.020653,-0.022990,0.013880,0.999639,0,-0.10111,-0.00125,-6.067,-0.002,-1,400.000,-1,400.000,725.000,325.000,325.000,300.000,300.000,-1,-1,-1,-1,825.000,775.000,-1,-1,2,0,2,0,1,0,0,0,0,2,2,2,2,0,0,2,2
24,-8849.825,2330.501,-218.422,-98.618,-0.149488,0.988614,-0.017170,-0.988497,-0.149829,-0.020629,-0.022967,0.013889,0.999640,0,-0.10115,0.00076,-6.069,0.002,-1,400.000,-1,400.000,725.000,325.000,325.000,300.000,300.000,-1,-1,-1,-1,825.000,775.000,-1,-1,2,0,2,0,1,0,0,0,0,2,2,2,2,0,0,2,2
25,-8848.916,2336.506,-218.284,-98.612,-0.149394,0.988629,-0.017175,-0.988512,-0.149735,-0.020604,-0.022942,0.013900,0.999640,0,-0.10122,0.00274,-6.073,0.005,-1,400.000,-1,400.000,725.000,325.000,325.000,300.000,300.000,-1,-1,-1,-1,825.000,775.000,-1,-1,2,0,2,0,1,0,0,0,0,2,2,2,2,0,0,2,2
26,-8848.006,2342.517,-218.145,-98.603,-0.149232,0.988653,-0.017180,-0.988537,-0.149572,-0.020580,-0.022916,0.013912,0.999641,0,-0.10132,0.00469,-6.079,0.009,-1,400.000,-1,400.000,725.000,325.000,325.000,300.000,300.000,-1,-1,-1,-1,825.000,775.000,-1,-1,2,0,2,0,1,0,0,0,0,2,2,2,2,0,0,2,2
27,-8847.097,2348.535,-218.007,-98.590,-0.149004,0.988687,-0.017185,-0.988572,-0.149344,-0.020555,-0.022889,0.013926,0.999641,0,-0.10144,0.00663,-6.086,0.013,-1,400.000,-1,400.000,725.000,325.000,325.000,300.000,300.000,-1,-1,-1,-1,825.000,775.000,-1,-1,2,0,2,0,1,0,0,0,0,2,2,2,2,0,0,2,2
28,-8846.189,2354.561,-217.868,-98.573,-0.148709,0.988732,-0.017190,-0.988617,-0.149049,-0.020530,-0.022860,0.013941,0.999641,0,-0.10158,0.00855,-6.095,0.017,-1,400.000,-1,400.000,725.000,325.000,325.000,300.000,300.000,-1,-1,-1,-1,800.000,775.000,-1,-1,2,0,2,0,1,0,0,0,0,2,2,2,2,0,0,2,2
29,-8845.281,2360.598,-217.730,-98.552,-0.148349,0.988786,-0.017194,-0.988672,-0.148688,-0.020504,-0.022831,0.013958,0.999642,0,-0.10174,0.01044,-6.105,0.021,-1,400.000,-1,400.000,725.000,325.000,325.000,300.000,300.000,-1,-1,-1,-1,800.000,775.000,-1,-1,2,0,2,0,1,0,0,0,0,2,2,2,2,0,0,2,2
30,-8844.374,2366.646,-217.591,-98.527,-0.147924,0.988849,-0.017199,-0.988736,-0.148263,-0.020479,-0.022800,0.013976,0.999642,0,-0.10193,0.01232,-6.116,0.025,-1,400.000,-1,400.000,725.000,325.000,325.000,300.000,300.000,-1,-1,-1,-1,800.000,775.000,-1,-1,2,0,2,0,1,0,0,0,0,2,2,2,2,0,0,2,2
31,-8843.468,2372.708,-217.451,-98.499,-0.147435,0.988922,-0.017204,-0.988810,-0.147774,-0.020453,-0.022769,0.013996,0.999643,0,-0.10214,0.01417,-6.129,0.028,-1,400.000,-1,400.000,725.000,325.000,325.000,300.000,300.000,-1,-1,-1,-1,800.000,775.000,-1,-1,2,0,2,0,1,0,0,0,0,2,2,2,2,0,0,2,2
32,-8842.564,2378.783,-217.312,-98.467,-0.146882,0.989004,-0.017209,-0.988893,-0.147221,-0.020427,-0.022736,0.014017,0.999643,0,-0.10237,0.01601,-6.142,0.032,-1,400.000,-1,400.000,750.000,325.000,325.000,300.000,300.000,-1,-1,-1,-1,800.000,775.000,-1,-1,2,0,2,0,1,0,0,0,0,2,2,2,2,0,0,2,2
33,-8841.661,2384.874,-217.172,-98.431,-0.146267,0.989095,-0.017214,-0.988985,-0.146605,-0.020401,-0.022702,0.014040,0.999644,0,-0.10263,0.01783,-6.158,0.036,-1,400.000,-1,400.000,750.000,325.000,325.000,300.000,300.000,-1,-1,-1,-1,800.000,775.000,-1,-1,2,0,2,0,1,0,0,0,0,2,2,2,2,0,0,2,2
34,-8840.760,2390.982,-217.032,-98.392,-0.145589,0.989195,-0.017218,-0.989086,-0.145927,-0.020374,-0.022667,0.014064,0.999644,0,-0.10290,0.01964,-6.174,0.039,-1,400.000,-1,400.000,750.000,325.000,325.000,300.000,300.000,-1,-1,-1,-1,800.000,775.000,-1,-1,2,0,2,0,1,0,0,0,0,2,2,2,2,0,0,2,2
35,-8839.861,2397.109,-216.891,-98.349,-0.144849,0.989304,-0.017223,-0.989195,-0.145187,-0.020348,-0.022630,0.014090,0.999645,0,-0.10320,0.02143,-6.192,0.043,-1,400.000,-1,400.000,750.000,325.000,325.000,300.000,300.000,-1,-1,-1,-1,800.000,775.000,-1,-1,2,0,2,0,1,0,0,0,0,2,2,2,2,0,0,2,2
36,-8838.964,2403.255,-216.750,-98.303,-0.144048,0.989421,-0.017228,-0.989313,-0.144386,-0.020321,-0.022593,0.014117,0.999645,0,-0.10351,0.02320,-6.211,0.046,-1,400.000,-1,400.000,750.000,325.000,325.000,300.000,300.000,-1,-1,-1,-1,800.000,775.000,-1,-1,2,0,2,0,1,0,0,0,0,2,2,2,2,0,0,2,2
37,-8838.070,2409.421,-216.609,-98.253,-0.143186,0.989546,-0.017233,-0.989439,-0.143524,-0.020293,-0.022555,0.014145,0.999646,0,-0.10385,0.02496,-6.231,0.050,-1,400.000,-1,400.000,750.000,325.000,325.000,300.000,300.000,-1,-1,-1,-1,800.000,775.000,-1,-1,2,0,2,0,1,0,0,0,0,2,2,2,2,0,0,2,2
38,-8837.178,2415.610,-216.467,-98.199,-0.142263,0.989679,-0.017238,-0.989573,-0.142601,-0.020266,-0.022515,0.014175,0.999646,0,-0.10421,0.02671,-6.252,0.053,-1,400.000,-1,400.000,750.000,325.000,325.000,300.000,300.000,-1,-1,-1,-1,800.000,775.000,-1,-1,2,0,2,0,1,0,0,0,0,2,2,2,2,0,0,2,2
39,-8836.289,2421.821,-216.325,-98.142,-0.141281,0.989819,-0.017243,-0.989714,-0.141618,-0.020238,-0.022474,0.014207,0.999646,0,-0.10458,0.02844,-6.275,0.057,-1,400.000,-1,400.000,750.000,325.000,325.000,300.000,300.000,-1,-1,-1,-1,800.000,775.000,-1,-1,2,0,2,0,1,0,0,0,0,2,2,2,2,0,0,2,2
40,-8835.404,2428.057,-216.182,-98.082,-0.140239,0.989968,-0.017248,-0.989864,-0.140576,-0.020210,-0.022432,0.014239,0.999647,0,-0.10498,0.03016,-6.299,0.060,-1,400.000,-1,400.000,750.000,325.000,325.000,300.000,300.000,-1,-1,-1,-1,800.000,775.000,-1,-1,2,0,2,0,1,0,0,0,0,2,2,2,2,0,0,2,2
41,-8834.522,2434.319,-216.039,-98.018,-0.139137,0.990123,-0.017254,-0.990020,-0.139474,-0.020182,-0.022389,0.014273,0.999647,0,-0.10539,0.03187,-6.323,0.064,-1,400.000,-1,400.000,775.000,325.000,325.000,300.000,300.000,-1,-1,-1,-1,800.000,775.000,-1,-1,2,0,2,0,1,0,0,0,0,2,2,2,2,0,0,2,2
42,-8833.643,2440.607,-215.895,-97.951,-0.137977,0.990285,-0.017259,-0.990183,-0.138314,-0.020153,-0.022345,0.014309,0.999648,0,-0.10582,0.03357,-6.349,0.067,-1,400.000,-1,400.000,775.000,325.000,325.000,300.000,300.000,-1,-1,-1,-1,800.000,775.000,-1,-1,2,0,2,0,1,0,0,0,0,2,2,2,2,0,0,2,2
43,-8832.769,2446.924,-215.750,-97.881,-0.136759,0.990454,-0.017264,-0.990353,-0.137095,-0.020125,-0.022299,0.014345,0.999648,0,-0.10627,0.03525,-6.376,0.071,-1,400.000,-1,400.000,775.000,325.000,325.000,300.000,300.000,-1,-1,-1,-1,800.000,775.000,-1,-1,2,0,2,0,1,0,0,0,0,2,2,2,2,0,0,2,2
44,-8831.899,2453.269,-215.606,-97.807,-0.135482,0.990629,-0.017270,-0.990530,-0.135819,-0.020095,-0.022253,0.014384,0.999649,0,-0.10674,0.03693,-6.405,0.074,-1,400.000,-1,400.000,775.000,325.000,325.000,300.000,300.000,-1,-1,-1,-1,800.000,775.000,-1,-1,2,0,2,0,1,0,0,0,0,2,2,2,2,0,0,2,2
45,-8831.034,2459.644,-215.460,-97.730,-0.134147,0.990811,-0.017275,-0.990713,-0.134484,-0.020066,-0.022205,0.014423,0.999649,0,-0.10723,0.03859,-6.434,0.077,-1,400.000,-1,400.000,775.000,325.000,325.000,300.000,300.000,-1,-1,-1,-1,800.000,775.000,-1,-1,2,0,2,0,1,0,0,0,0,2,2,2,2,0,0,2,2
46,-8830.173,2466.051,-215.314,-97.649,-0.132755,0.990998,-0.017281,-0.990901,-0.133092,-0.020036,-0.022156,0.014464,0.999650,0,-0.10773,0.04025,-6.464,0.080,-1,400.000,-1,400.000,775.000,325.000,325.000,300.000,300.000,-1,-1,-1,-1,800.000,775.000,-1,-1,2,0,2,0,1,0,0,0,0,2,2,2,2,0,0,2,2
47,-8829.947,2467.699,-215.277,-97.809,-0.135514,0.990625,-0.017285,-0.990527,-0.135850,-0.020029,-0.022190,0.014407,0.999650,0,-0.02773,-0.07975,-1.664,-0.160,-1,400.000,-1,400.000,775.000,325.000,325.000,300.000,300.000,-1,-1,-1,-1,800.000,775.000,-1,-1,2,0,2,0,1,0,0,0,0,2,2,2,2,0,0,2,2
48,-8830.395,2464.595,-215.350,-98.208,-0.142418,0.989656,-0.017288,-0.989555,-0.142754,-0.020045,-0.022306,0.014253,0.999650,0,0.05227,-0.19975,3.136,-0.400,-1,400.000,-1,400.000,775.000,325.000,325.000,300.000,300.000,-1,-1,-1,-1,800.000,775.000,-1,-1,2,0,2,0,1,0,0,0,0,2,2,2,2,0,0,2,2
49,-8831.616,2456.754,-215.533,-98.848,-0.153456,0.988004,-0.017291,-0.987899,-0.153792,-0.020083,-0.022501,0.014000,0.999649,0,0.13227,-0.31975,7.936,-0.640,-1,400.000,-1,400.000,750.000,325.000,325.000,300.000,300.000,-1,-1,-1,-1,800.000,775.000,-1,-1,2,0,2,0,1,0,0,0,0,2,2,2,2,0,0,2,2
50,-8833.768,2444.201,-215.829,-99.727,-0.168605,0.985532,-0.017294,-0.985421,-0.168940,-0.020142,-0.022772,0.013646,0.999648,0,0.21227,-0.43975,12.736,-0.880,-1,400.000,-1,400.000,725.000,325.000,325.000,300.000,300.000,-1,-1,-1,-1,800.000,775.000,-1,-1,2,0,2,0,1,0,0,0,0,2,2,2,2,0,0,2,2
51,-8837.030,2426.971,-216.239,-100.721,-0.185672,0.982460,-0.017296,-0.982341,-0.186005,-0.020221,-0.023084,0.013236,0.999646,0,0.29227,-0.49680,17.536,-0.994,-1,400.000,-1,400.000,700.000,325.000,325.000,300.000,300.000,-1,-1,-1,-1,800.000,775.000,-1,-1,2,0,2,0,1,0,0,0,0,2,2,2,2,0,0,2,2
52,-8841.566,2405.100,-216.764,-101.717,-0.202732,0.979082,-0.017297,-0.978955,-0.203065,-0.020319,-0.023406,0.012814,0.999644,0,0.37227,-0.49825,22.336,-0.996,-1,400.000,-1,400.000,675.000,325.000,325.000,300.000,300.000,-1,-1,-1,-1,800.000,775.000,-1,1000.000,2,0,2,0,1,0,0,0,0,2,2,2,2,0,0,2,1
53,-8847.541,2378.630,-217.406,-102.719,-0.219829,0.975385,-0.017298,-0.975250,-0.220160,-0.020433,-0.023738,0.012379,0.999642,0,0.45227,-0.50112,27.136,-1.002,-1,400.000,-1,400.000,650.000,325.000,325.000,300.000,300.000,-1,-1,-1,-1,800.000,775.000,-1,950.000,2,0,2,0,1,0,0,0,0,2,2,2,2,0,0,2,1
54,-8855.121,2347.607,-218.165,-103.730,-0.237005,0.971354,-0.017301,-0.971210,-0.237336,-0.020560,-0.024077,0.011930,0.999639,0,0.53227,-0.50544,31.936,-1.011,-1,400.000,-1,400.000,625.000,325.000,325.000,300.000,300.000,-1,-1,-1,-1,800.000,775.000,-1,875.000,2,0,2,0,1,0,0,0,0,2,2,2,2,0,0,2,1
55,-8864.476,2312.082,-219.043,-104.753,-0.254303,0.966970,-0.017306,-0.966816,-0.254633,-0.020696,-0.024419,0.011469,0.999636,0,0.61227,-0.51124,36.736,-1.022,-1,400.000,-1,400.000,600.000,325.000,325.000,300.000,300.000,-1,-1,-1,-1,800.000,775.000,-1,825.000,2,0,2,0,1,0,0,0,0,2,2,2,2,0,0,2,1
56,-8875.873,2272.141,-220.043,-105.926,-0.274058,0.961557,-0.017321,-0.961394,-0.274387,-0.020834,-0.024786,0.010942,0.999633,0,0.69227,-0.58682,41.536,-1.174,-1,400.000,-1,400.000,575.000,325.000,325.000,300.000,300.000,-1,-1,-1,-1,800.000,750.000,-1,775.000,2,0,2,0,1,0,0,0,0,2,2,2,2,0,0,2,1
57,-8889.511,2227.857,-221.164,-107.117,-0.293977,0.955655,-0.017342,-0.955482,-0.294304,-0.020969,-0.025143,0.010406,0.999630,0,0.77227,-0.59515,46.336,-1.190,-1,400.000,-1,400.000,525.000,325.000,325.000,300.000,300.000,-1,-1,-1,-1,800.000,750.000,-1,725.000,2,0,2,0,1,0,0,0,0,2,2,2,2,0,0,2,1
58,-8905.590,2179.315,-222.409,-108.327,-0.314100,0.949231,-0.017373,-0.949048,-0.314426,-0.021092,-0.025484,0.009862,0.999627,0,0.85227,-0.60515,51.136,-1.210,-1,400.000,-1,400.000,500.000,325.000,325.000,300.000,300.000,-1,-1,-1,-1,800.000,725.000,-1,650.000,2,0,2,0,1,0,0,0,0,2,2,2,2,0,1,2,1
59,-8924.318,2126.607,-223.778,-109.561,-0.334472,0.942245,-0.017413,-0.942053,-0.334795,-0.021194,-0.025799,0.009315,0.999624,0,0.93227,-0.61695,55.936,-1.234,-1,400.000,-1,400.000,450.000,325.000,325.000,300.000,300.000,-1,-1,-1,-1,800.000,675.000,-1,600.000,2,0,2,0,1,0,0,0,0,2,2,2,2,0,1,2,1
60,-8945.401,2071.171,-225.260,-110.822,-0.355141,0.934652,-0.017342,-0.934451,-0.355459,-0.021221,-0.025998,0.008669,0.999624,0,0.98849,-0.63070,59.309,-1.261,-1,400.000,-1,400.000,425.000,325.000,325.000,300.000,300.000,-1,-1,-1,-1,800.000,650.000,-1,550.000,2,0,2,0,1,0,0,0,0,2,2,2,2,0,1,2,1
61,-8967.848,2015.931,-226.902,-112.114,-0.376147,0.926408,-0.016797,-0.926186,-0.376448,-0.021599,-0.026333,0.007433,0.999626,0,0.99378,-0.64607,59.627,-1.292,-1,400.000,-1,400.000,375.000,325.000,325.000,300.000,300.000,-1,-1,-1,-1,800.000,600.000,-1,475.000,2,0,2,0,1,0,0,0,0,2,2,2,2,0,1,2,1
62,-8991.679,1960.962,-228.664,-113.438,-0.397477,0.917472,-0.016022,-0.917215,-0.397758,-0.022484,-0.027001,0.005759,0.999619,0,0.99853,-0.66199,59.912,-1.324,-1,400.000,-1,400.000,325.000,325.000,325.000,300.000,300.000,-1,-1,-1,-1,800.000,550.000,-1,425.000,2,0,2,0,1,0,0,0,0,2,2,2,2,0,1,2,1
63,-9016.842,1906.494,-230.416,-114.796,-0.419118,0.907802,-0.015348,-0.907512,-0.419378,-0.023311,-0.027598,0.004159,0.999610,0,1.00000,-0.67853,60.000,-1.357,-1,400.000,-1,400.000,300.000,325.000,325.000,300.000,300.000,-1,-1,-1,-1,800.000,500.000,-1,375.000,2,0,2,0,1,0,0,0,1,2,2,2,2,0,1,2,1
64,-9043.320,1852.652,-232.153,-116.187,-0.441058,0.897357,-0.014791,-0.897039,-0.441298,-0.024040,-0.028100,0.002665,0.999602,0,1.00000,-0.69564,60.000,-1.391,-1,400.000,-1,400.000,250.000,325.000,325.000,300.000,300.000,-1,-1,-1,-1,775.000,450.000,-1,325.000,2,0,2,1,1,0,0,0,1,2,2,2,2,0,1,2,1
65,-9071.130,1799.486,-233.887,-117.614,-0.463281,0.886094,-0.014440,-0.885750,-0.463505,-0.024707,-0.028586,0.001344,0.999590,0,1.00000,-0.71334,60.000,-1.427,-1,400.000,950.000,350.000,225.000,325.000,325.000,300.000,275.000,-1,-1,-1,-1,775.000,425.000,-1,250.000,2,0,1,1,1,0,0,0,1,2,2,2,2,0,1,2,1
66,-9100.289,1747.048,-235.628,-119.077,-0.485771,0.873969,-0.014347,-0.873602,-0.485982,-0.025305,-0.029088,0.000242,0.999577,0,1.00000,-0.73168,60.000,-1.463,-1,400.000,825.000,325.000,175.000,325.000,325.000,300.000,275.000,-1,-1,-1,-1,775.000,375.000,-1,200.000,2,0,1,1,1,0,0,0,1,2,2,2,2,0,1,2,1
67,-9130.812,1695.392,-237.325,-120.578,-0.508514,0.860935,-0.014284,-0.860549,-0.508714,-0.025779,-0.029460,-0.000817,0.999566,0,1.00000,-0.75069,60.000,-1.501,-1,400.000,725.000,275.000,125.000,325.000,325.000,300.000,250.000,-1,-1,-1,-1,750.000,325.000,-1,150.000,2,0,1,1,1,0,0,0,1,2,2,2,2,0,1,2,1
68,-9162.460,1644.419,-232.609,-121.840,-0.527746,0.849252,0.015988,-0.849335,-0.527372,-0.022571,-0.010737,-0.025491,0.999617,0,1.00000,-0.63069,60.000,-1.261,-1,425.000,675.000,275.000,125.000,350.000,300.000,300.000,250.000,-1,475.000,750.000,-1,850.000,325.000,-1,150.000,2,0,1,1,1,0,1,0,1,2,0,0,2,0,1,2,1
69,-9195.007,1594.013,-226.955,-122.861,-0.542088,0.838790,0.050716,-0.840253,-0.541828,-0.019927,0.010765,-0.053417,0.998514,0,1.00000,-0.51069,60.000,-1.021,-1,475.000,675.000,250.000,125.000,400.000,300.000,275.000,250.000,-1,175.000,375.000,-1,950.000,300.000,-1,125.000,2,0,1,1,1,0,1,0,1,2,0,0,2,1,1,2,1
70,-9228.232,1544.051,-221.192,-123.642,-0.551500,0.829738,0.085926,-0.833542,-0.552162,-0.018024,0.032489,-0.081563,0.996138,0,1.00000,-0.39069,60.000,-0.781,-1,525.000,650.000,250.000,100.000,400.000,275.000,275.000,250.000,575.000,75.000,275.000,-1,875.000,300.000,-1,125.000,2,0,1,1,1,1,1,0,1,0,0,0,2,1,1,2,1
71,-9262.092,1494.514,-215.349,-124.379,-0.558725,0.820228,0.122687,-0.827525,-0.561176,-0.016842,0.055035,-0.110937,0.992302,0,1.00000,-0.36820,60.000,-0.736,-1,575.000,650.000,250.000,100.000,375.000,275.000,250.000,250.000,375.000,50.000,225.000,-1,825.000,300.000,-1,125.000,2,1,1,1,1,1,1,0,1,0,0,0,2,1,1,2,1
72,-9296.630,1445.446,-209.312,-125.176,-0.565123,0.809151,0.160970,-0.821284,-0.570275,-0.016697,0.078286,-0.141638,0.986818,0,1.00000,-0.39836,60.000,-0.797,-1,525.000,625.000,250.000,100.000,350.000,250.000,250.000,225.000,275.000,0.000,200.000,-1,775.000,300.000,-1,125.000,2,1,1,1,1,1,1,0,1,0,0,0,2,1,1,2,1
73,-9331.892,1396.893,-202.977,-126.034,-0.570614,0.796426,0.200264,-0.814878,-0.579359,-0.017798,0.101850,-0.173346,0.979580,0,1.00000,-0.42922,60.000,-0.858,-1,500.000,625.000,225.000,100.000,350.000,250.000,225.000,225.000,200.000,0.000,175.000,-1,725.000,300.000,-1,125.000,2,1,1,1,1,1,1,0,1,0,0,0,2,1,1,2,1
74,-9367.921,1348.902,-196.307,-126.952,-0.575039,0.782004,0.240417,-0.808420,-0.588260,-0.020182,0.125645,-0.205963,0.970460,0,1.00000,-0.45913,60.000,-0.918,-1,450.000,600.000,225.000,100.000,325.000,250.000,225.000,225.000,150.000,0.000,150.000,-1,675.000,300.000,-1,100.000,2,1,1,1,1,1,1,0,1,0,0,0,2,1,1,2,1
75,2295.750,2295.737,-173.855,152.568,-0.887423,-0.459669,0.034438,0.460939,-0.885573,0.057407,0.004109,0.066819,0.997757,1,0.00000,0.00000,60.000,-0.935,-1,400.000,-1,375.000,-1,325.000,325.000,300.000,300.000,-1,925.000,-1,-1,800.000,-1,-1,-1,2,0,2,0,2,0,0,0,0,2,0,2,2,0,2,2,2
76,2299.270,2293.928,-173.873,152.808,-0.889337,-0.455953,0.034445,0.457232,-0.887488,0.057486,0.004359,0.066873,0.997752,0,-0.06597,0.12000,-3.958,0.240,-1,400.000,-1,375.000,-1,325.000,325.000,300.000,300.000,-1,925.000,-1,-1,800.000,-1,-1,-1,2,0,2,0,2,0,0,0,0,2,0,2,2,0,2,2,2
77,2302.826,2292.121,-173.891,153.059,-0.891323,-0.452058,0.034451,0.453345,-0.889474,0.057565,0.004621,0.066927,0.997747,0,-0.06649,0.12555,-3.989,0.251,-1,400.000,-1,375.000,-1,325.000,325.000,300.000,300.000,-1,950.000,-1,-1,800.000,-1,-1,-1,2,0,2,0,2,0,0,0,0,2,0,2,2,0,2,2,2
78,2306.419,2290.315,-173.911,153.310,-0.893292,-0.448154,0.034458,0.449450,-0.891444,0.057645,0.004884,0.066981,0.997742,0,-0.06701,0.12554,-4.021,0.251,-1,400.000,-1,375.000,-1,325.000,325.000,300.000,300.000,-1,950.000,-1,-1,800.000,-1,-1,-1,2,0,2,0,2,0,0,0,0,2,0,2,2,0,2,2,2
79,2310.047,2288.510,-173.932,153.561,-0.895244,-0.444242,0.034464,0.445547,-0.893396,0.057725,0.005146,0.067034,0.997737,0,-0.06754,0.12554,-4.052,0.251,-1,400.000,-1,375.000,-1,325.000,325.000,300.000,300.000,-1,950.000,-1,-1,800.000,-1,-1,-1,2,0,2,0,2,0,0,0,0,2,0,2,2,0,2,2,2
80,2313.712,2286.708,-173.953,153.812,-0.897179,-0.440321,0.034471,0.441635,-0.895331,0.057807,0.005409,0.067087,0.997732,0,-0.06807,0.12554,-4.084,0.251,-1,400.000,-1,375.000,-1,325.000,325.000,300.000,300.000,-1,950.000,-1,-1,800.000,-1,-1,-1,2,0,2,0,2,0,0,0,0,2,0,2,2,0,2,2,2
81,2317.414,2284.908,-173.977,154.063,-0.899096,-0.436391,0.034477,0.437714,-0.897249,0.057889,0.005673,0.067139,0.997727,0,-0.06860,0.12555,-4.116,0.251,-1,400.000,-1,375.000,-1,325.000,325.000,300.000,300.000,-1,950.000,-1,-1,800.000,-1,-1,-1,2,0,2,0,2,0,0,0,0,2,0,2,2,0,2,2,2
82,2321.152,2283.109,-174.001,154.314,-0.900997,-0.432453,0.034484,0.433785,-0.899149,0.057972,0.005936,0.067191,0.997722,0,-0.06914,0.12556,-4.148,0.251,-1,400.000,-1,375.000,-1,325.000,325.000,300.000,300.000,-1,975.000,-1,-1,800.000,-1,-1,-1,2,0,2,0,2,0,0,0,0,2,0,2,2,0,2,2,2
83,2324.927,2281.314,-174.026,154.566,-0.902880,-0.428506,0.034491,0.429847,-0.901033,0.058056,0.006200,0.067243,0.997717,0,-0.06967,0.12557,-4.180,0.251,-1,400.000,-1,375.000,-1,325.000,325.000,300.000,300.000,-1,975.000,-1,-1,800.000,-1,-1,-1,2,0,2,0,2,0,0,0,0,2,0,2,2,0,2,2,2
84,2328.740,2279.521,-174.053,154.817,-0.904747,-0.424551,0.034497,0.425901,-0.902900,0.058141,0.006464,0.067295,0.997712,0,-0.07021,0.12559,-4.213,0.251,-1,400.000,-1,375.000,-1,325.000,325.000,300.000,300.000,-1,975.000,-1,-1,800.000,775.000,-1,-1,2,0,2,0,2,0,0,0,0,2,0,2,2,0,1,2,2
85,2332.589,2277.732,-174.081,155.068,-0.906596,-0.420586,0.034504,0.421945,-0.904750,0.058226,0.006728,0.067347,0.997707,0,-0.07075,0.12562,-4.245,0.251,-1,400.000,-1,375.000,-1,325.000,325.000,300.000,300.000,-1,1000.000,-1,-1,800.000,750.000,-1,-1,2,0,2,0,2,0,0,0,0,2,0,2,2,0,1,2,2
86,2336.477,2275.945,-174.110,155.319,-0.908429,-0.416612,0.034511,0.417980,-0.906583,0.058313,0.006993,0.067398,0.997702,0,-0.07130,0.12565,-4.278,0.251,-1,400.000,-1,375.000,-1,325.000,325.000,300.000,300.000,-1,1000.000,-1,-1,800.000,750.000,-1,-1,2,0,2,0,2,0,0,0,0,2,0,2,2,0,1,2,2
87,2340.401,2274.162,-174.141,155.571,-0.910245,-0.412629,0.034517,0.414006,-0.908399,0.058400,0.007258,0.067449,0.997696,0,-0.07184,0.12569,-4.311,0.251,-1,400.000,-1,375.000,-1,325.000,325.000,300.000,300.000,-1,1000.000,-1,-1,800.000,750.000,-1,-1,2,0,2,0,2,0,0,0,0,2,0,2,2,0,1,2,2
88,2344.364,2272.383,-174.173,155.822,-0.912044,-0.408636,0.034524,0.410023,-0.910198,0.058488,0.007523,0.067499,0.997691,0,-0.07239,0.12574,-4.343,0.251,-1,400.000,-1,375.000,-1,325.000,325.000,300.000,300.000,-1,1000.000,-1,-1,800.000,725.000,-1,-1,2,0,2,0,2,0,0,0,0,2,0,2,2,0,1,2,2
89,2348.364,2270.608,-174.206,156.074,-0.913826,-0.404635,0.034531,0.406031,-0.911980,0.058576,0.007789,0.067549,0.997686,0,-0.07294,0.12579,-4.376,0.252,-1,400.000,-1,375.000,-1,325.000,325.000,300.000,300.000,-1,-1,-1,-1,800.000,725.000,-1,-1,2,0,2,0,2,0,0,0,0,2,2,2,2,0,1,2,2
90,2352.403,2268.837,-174.241,156.325,-0.915592,-0.400623,0.034538,0.402029,-0.913746,0.058666,0.008056,0.067599,0.997680,0,-0.07349,0.12584,-4.410,0.252,-1,400.000,-1,375.000,-1,325.000,325.000,300.000,300.000,-1,-1,-1,-1,800.000,725.000,-1,-1,2,0,2,0,2,0,0,0,0,2,2,2,2,0,1,2,2
91,2356.480,2267.071,-174.276,156.577,-0.917340,-0.396603,0.034544,0.398017,-0.915494,0.058756,0.008322,0.067649,0.997674,0,-0.07405,0.12590,-4.443,0.252,-1,400.000,-1,375.000,-1,325.000,325.000,300.000,300.000,-1,-1,-1,-1,800.000,725.000,-1,-1,2,0,2,0,2,0,0,0,0,2,2,2,2,0,1,2,2
92,2360.595,2265.310,-174.314,156.829,-0.919072,-0.392572,0.034551,0.393996,-0.917226,0.058847,0.008589,0.067698,0.997669,0,-0.07460,0.12597,-4.476,0.252,-1,400.000,-1,375.000,-1,325.000,325.000,300.000,300.000,-1,-1,-1,-1,800.000,725.000,-1,-1,2,0,2,0,2,0,0,0,0,2,2,2,2,0,0,2,2
93,2364.749,2263.553,-174.352,157.081,-0.920787,-0.388532,0.034558,0.389965,-0.918942,0.058939,0.008857,0.067747,0.997663,0,-0.07516,0.12604,-4.510,0.252,-1,400.000,-1,375.000,-1,325.000,325.000,300.000,300.000,-1,-1,-1,-1,800.000,725.000,-1,-1,2,0,2,0,2,0,0,0,0,2,2,2,2,0,0,2,2
94,2364.481,2263.664,-174.351,157.573,-0.924083,-0.380627,0.034544,0.382075,-0.922249,0.058946,0.009421,0.067670,0.997663,0,0.00484,0.24604,0.290,0.492,-1,400.000,-1,375.000,-1,325.000,325.000,300.000,300.000,-1,-1,-1,-1,800.000,725.000,-1,-1,2,0,2,0,2,0,0,0,0,2,2,2,2,0,0,2,2
95,2359.751,2265.546,-174.303,158.305,-0.928861,-0.368818,0.034507,0.370286,-0.927051,0.058868,0.010278,0.067458,0.997669,0,0.08484,0.36604,5.090,0.732,-1,400.000,-1,375.000,-1,325.000,325.000,300.000,300.000,-1,-1,-1,-1,800.000,725.000,-1,-1,2,0,2,0,2,0,0,0,0,2,2,2,2,0,0,2,2
96,2350.502,2269.045,-174.197,159.277,-0.934972,-0.353046,0.034448,0.354539,-0.933197,0.058705,0.011421,0.067101,0.997681,0,0.16484,0.48604,9.890,0.972,-1,400.000,-1,375.000,-1,325.000,325.000,300.000,300.000,-1,-1,-1,-1,800.000,725.000,-1,-1,2,0,2,0,2,0,0,0,0,2,2,2,2,0,0,2,2
97,2336.656,2273.954,-174.018,160.480,-0.942159,-0.333399,0.034366,0.334920,-0.940432,0.058456,0.012830,0.066585,0.997698,0,0.24484,0.60115,14.690,1.202,-1,400.000,-1,375.000,-1,325.000,325.000,300.000,300.000,-1,-1,-1,-1,800.000,725.000,-1,-1,2,0,2,0,2,0,0,0,0,2,2,2,2,0,0,2,2
98,2318.155,2280.080,-173.748,161.679,-0.948916,-0.313662,0.034267,0.315207,-0.947242,0.058117,0.014230,0.065949,0.997722,0,0.32484,0.59946,19.490,1.199,-1,400.000,-1,375.000,-1,325.000,325.000,300.000,300.000,-1,-1,-1,-1,800.000,750.000,-1,-1,2,0,2,0,2,0,0,0,0,2,2,2,2,0,0,2,2
99,2294.942,2287.234,-173.374,162.873,-0.955239,-0.293858,0.034148,0.295423,-0.953623,0.057690,0.015612,0.065196,0.997750,0,0.40484,0.59738,24.290,1.195,-1,400.000,-1,375.000,-1,325.000,325.000,300.000,300.000,-1,-1,-1,-1,800.000,750.000,-1,-1,2,0,2,0,2,0,0,0,0,2,2,2,2,0,0,2,2
100,2266.971,2295.222,-172.881,164.063,-0.961125,-0.274010,0.034009,0.275590,-0.959573,0.057178,0.016966,0.064328,0.997785,0,0.48484,0.59485,29.090,1.190,-1,400.000,-1,375.000,-1,325.000,325.000,300.000,300.000,-1,-1,-1,-1,825.000,750.000,-1,-1,2,0,2,0,2,0,0,0,0,2,2,2,2,0,0,2,2
101,2234.199,2303.852,-172.252,165.247,-0.966574,-0.254145,0.033846,0.255736,-0.965089,0.056583,0.018285,0.063347,0.997824,0,0.56484,0.59184,33.890,1.184,-1,400.000,-1,375.000,-1,325.000,325.000,300.000,300.000,-1,-1,-1,-1,825.000,750.000,-1,-1,2,0,2,0,2,0,0,0,0,2,2,2,2,0,0,2,2
102,2196.590,2312.935,-171.474,166.423,-0.971584,-0.234291,0.033659,0.235887,-0.970171,0.055907,0.019557,0.062258,0.997868,0,0.64484,0.58827,38.690,1.177,-1,400.000,-1,375.000,-1,325.000,325.000,300.000,300.000,-1,-1,-1,-1,825.000,750.000,-1,-1,2,0,2,0,2,0,0,0,0,2,2,2,2,0,0,2,2
103,2154.117,2322.281,-170.532,167.592,-0.976156,-0.214479,0.033444,0.216075,-0.974818,0.055153,0.020773,0.061065,0.997918,0,0.72484,0.58409,43.490,1.168,-1,400.000,-1,400.000,-1,325.000,325.000,300.000,300.000,-1,-1,-1,-1,825.000,775.000,-1,-1,2,0,2,0,2,0,0,0,0,2,2,2,2,0,0,2,2
104,2106.755,2331.703,-169.412,168.750,-0.980293,-0.194742,0.033199,0.196331,-0.979032,0.054324,0.021924,0.059772,0.997971,0,0.80484,0.57924,48.290,1.158,-1,400.000,-1,400.000,-1,325.000,325.000,300.000,300.000,-1,-1,-1,-1,825.000,775.000,-1,-1,2,0,2,0,2,0,0,0,0,2,2,2,2,0,0,2,2
105,2056.434,2340.670,-168.151,169.897,-0.983997,-0.175114,0.032930,0.176692,-0.982814,0.053455,0.023004,0.058418,0.998027,0,0.85190,0.57364,51.114,1.147,-1,400.000,-1,400.000,-1,325.000,325.000,300.000,300.000,-1,-1,-1,-1,825.000,775.000,-1,-1,2,0,2,0,2,0,0,0,0,2,2,2,2,0,0,2,2
106,2005.803,2348.661,-166.829,171.032,-0.987275,-0.155628,0.032688,0.157192,-0.986170,0.052524,0.024061,0.056994,0.998085,0,0.85430,0.56741,51.258,1.135,-1,400.000,-1,400.000,-1,325.000,325.000,300.000,300.000,-1,-1,-1,-1,825.000,800.000,-1,-1,2,0,2,0,2,0,0,0,0,2,2,2,2,0,0,2,2
107,1954.914,2355.675,-165.568,172.154,-0.990146,-0.136309,0.032097,0.137827,-0.989138,0.051091,0.024784,0.055011,0.998178,0,0.85618,0.56080,51.371,1.122,-1,400.000,-1,400.000,-1,325.000,325.000,300.000,300.000,-1,-1,-1,-1,825.000,800.000,-1,-1,2,0,2,0,2,0,0,0,0,2,2,2,2,0,0,2,2
108,1903.820,2361.713,-164.450,173.261,-0.992616,-0.117172,0.031363,0.118651,-0.991657,0.050389,0.025197,0.053738,0.998237,0,0.85750,0.55380,51.450,1.108,-1,400.000,-1,400.000,-1,325.000,325.000,300.000,300.000,-1,-1,-1,-1,825.000,800.000,-1,-1,2,0,2,0,2,0,0,0,0,2,2,2,2,0,0,2,2
109,1852.577,2366.779,-163.405,174.354,-0.994700,-0.098240,0.030350,0.099679,-0.993752,0.050207,0.025228,0.052967,0.998278,0,0.85822,0.54644,51.493,1.093,-1,400.000,-1,400.000,-1,325.000,325.000,300.000,300.000,-1,-1,-1,-1,825.000,800.000,-1,-1,2,0,2,0,2,0,0,0,0,2,2,2,2,0,0,2,2
110,1801.242,2370.882,-162.300,175.432,-0.996401,-0.079539,0.029313,0.080935,-0.995464,0.050004,0.025203,0.052196,0.998319,0,0.85831,0.53875,51.499,1.077,-1,400.000,-1,400.000,-1,325.000,325.000,300.000,300.000,-1,-1,-1,-1,825.000,800.000,-1,-1,2,0,2,0,2,0,0,0,0,2,2,2,2,0,0,2,2
111,1745.063,2374.546,-161.037,176.269,-0.997489,-0.064983,0.028160,0.066326,-0.996558,0.049737,0.024831,0.051480,0.998365,0,0.93831,0.41875,56.299,0.837,-1,400.000,-1,400.000,-1,325.000,325.000,300.000,300.000,-1,-1,-1,-1,825.000,800.000,-1,-1,2,0,2,0,2,0,0,0,0,2,2,2,2,0,0,2,2
112,1686.704,2377.741,-159.686,176.867,-0.998145,-0.054589,0.026949,0.055872,-0.997214,0.049431,0.024176,0.050845,0.998414,0,0.97411,0.29875,58.446,0.597,-1,400.000,-1,400.000,-1,325.000,325.000,300.000,300.000,-1,-1,-1,-1,800.000,800.000,-1,-1,2,0,2,0,2,0,0,0,0,2,2,2,2,0,0,2,2
113,1628.404,2380.568,-158.311,177.224,-0.998498,-0.048367,0.025729,0.049587,-0.997562,0.049109,0.023291,0.050312,0.998462,0,0.97281,0.17875,58.369,0.357,-1,400.000,-1,400.000,-1,325.000,325.000,300.000,300.000,-1,-1,-1,-1,800.000,800.000,-1,-1,2,0,2,0,2,0,0,0,0,2,2,2,2,0,0,2,2
114,1570.196,2383.271,-156.928,177.342,-0.998626,-0.046322,0.024503,0.047475,-0.997680,0.048783,0.022186,0.049879,0.998509,0,0.97119,0.05875,58.271,0.117,-1,400.000,-1,400.000,-1,325.000,325.000,300.000,300.000,-1,-1,-1,-1,800.000,800.000,-1,-1,2,0,2,0,2,0,0,0,0,2,2,2,2,0,0,2,2
115,1512.105,2386.093,-155.552,177.219,-0.998554,-0.048456,0.023273,0.049539,-0.997596,0.048462,0.020869,0.049545,0.998554,0,0.96932,-0.06125,58.159,-0.123,-1,400.000,-1,400.000,-1,325.000,325.000,300.000,300.000,-1,-1,-1,-1,800.000,800.000,-1,-1,2,0,2,0,2,0,0,0,0,2,2,2,2,0,0,2,2
116,1454.154,2389.252,-154.195,176.880,-0.998278,-0.054361,0.022040,0.055372,-0.997304,0.048158,0.019362,0.049296,0.998597,0,0.96729,-0.16960,58.037,-0.339,-1,400.000,-1,400.000,-1,325.000,325.000,300.000,300.000,-1,-1,-1,-1,800.000,800.000,-1,-1,2,0,2,0,2,0,0,0,0,2,2,2,2,0,0,2,2
117,1396.352,2392.762,-152.858,176.525,-0.997949,-0.060532,0.020802,0.061470,-0.996960,0.047866,0.017841,0.049047,0.998637,0,0.96513,-0.17727,57.908,-0.355,-1,400.000,-1,400.000,-1,325.000,325.000,300.000,300.000,-1,-1,-1,-1,800.000,800.000,-1,-1,2,0,2,0,2,0,0,0,0,2,2,2,2,0,0,2,2
118,1338.731,2396.634,-151.542,176.155,-0.997563,-0.066970,0.019558,0.067835,-0.996561,0.047589,0.016304,0.048800,0.998676,0,0.96251,-0.18499,57.751,-0.370,-1,400.000,-1,400.000,-1,325.000,325.000,300.000,300.000,-1,-1,-1,-1,800.000,775.000,-1,-1,2,0,2,0,2,0,0,0,0,2,2,2,2,0,0,2,2
119,1281.321,2400.881,-150.572,175.770,-0.997106,-0.073675,0.018757,0.074483,-0.996121,0.046847,0.015233,0.048108,0.998726,0,0.95945,-0.19273,57.567,-0.385,-1,400.000,-1,400.000,-1,325.000,325.000,300.000,300.000,-1,-1,-1,-1,775.000,775.000,-1,-1,2,0,2,0,2,0,0,0,0,2,2,2,2,0,0,2,2
120,1224.150,2405.504,-149.877,175.378,-0.996589,-0.080495,0.018189,0.081269,-0.995589,0.046878,0.014335,0.048196,0.998735,0,0.95596,-0.19619,57.357,-0.392,-1,400.000,-1,400.000,-1,325.000,325.000,300.000,300.000,-1,-1,-1,-1,775.000,775.000,-1,-1,2,0,2,0,2,0,0,0,0,2,2,2,2,0,0,2,2
121,1167.246,2410.502,-149.204,174.980,-0.996017,-0.087406,0.017622,0.088147,-0.995002,0.046910,0.013433,0.048277,0.998744,0,0.95206,-0.19893,57.123,-0.398,-1,400.000,-1,400.000,-1,325.000,325.000,300.000,300.000,-1,-1,-1,-1,775.000,775.000,-1,-1,2,0,2,0,2,0,0,0,0,2,2,2,2,0,0,2,2
122,1110.634,2415.877,-148.556,174.577,-0.995389,-0.094396,0.017055,0.095102,-0.994360,0.046943,0.012528,0.048349,0.998752,0,0.94778,-0.20133,56.867,-0.403,-1,400.000,-1,400.000,-1,325.000,325.000,300.000,300.000,-1,-1,-1,-1,775.000,775.000,-1,-1,2,0,2,0,2,0,0,0,0,2,2,2,2,0,0,2,2
123,1054.336,2421.625,-147.932,174.170,-0.994704,-0.101452,0.016490,0.102124,-0.993662,0.046978,0.011619,0.048413,0.998760,0,0.94317,-0.20337,56.590,-0.407,-1,400.000,-1,400.000,-1,325.000,325.000,300.000,300.000,-1,-1,-1,-1,775.000,750.000,-1,-1,2,0,2,0,2,0,0,0,0,2,2,2,2,0,0,2,2
124,998.374,2427.744,-147.332,173.760,-0.993962,-0.108561,0.015925,0.109199,-0.992908,0.047013,0.010709,0.048469,0.998767,0,0.93827,-0.20504,56.296,-0.410,-1,400.000,-1,400.000,-1,325.000,325.000,300.000,300.000,-1,-1,-1,-1,775.000,750.000,-1,-1,2,0,2,0,2,0,0,0,1,2,2,2,2,0,0,2,2
125,942.761,2434.230,-146.756,173.348,-0.993164,-0.115710,0.015362,0.116313,-0.992098,0.047050,0.009797,0.048515,0.998774,0,0.93315,-0.20635,55.989,-0.413,-1,400.000,-1,400.000,-1,325.000,325.000,300.000,-1,-1,-1,-1,-1,775.000,750.000,-1,-1,2,0,2,0,2,0,0,0,2,2,2,2,2,0,0,2,2
126,887.512,2441.079,-146.205,172.933,-0.992311,-0.122885,0.014801,0.123454,-0.991232,0.047088,0.008884,0.048553,0.998781,0,0.92787,-0.20730,55.672,-0.415,-1,400.000,-1,400.000,-1,325.000,325.000,300.000,-1,-1,-1,-1,-1,775.000,750.000,-1,-1,2,0,2,0,2,0,0,0,2,2,2,2,2,0,0,2,2
127,832.634,2448.287,-145.678,172.517,-0.991402,-0.130075,0.014240,0.130609,-0.990313,0.047128,0.007972,0.048582,0.998787,0,0.92249,-0.20788,55.349,-0.416,-1,400.000,-1,400.000,-1,325.000,325.000,300.000,-1,-1,-1,-1,-1,775.000,750.000,-1,-1,2,0,2,0,2,0,0,0,2,2,2,2,2,0,0,2,2
128,778.132,2455.849,-145.176,172.101,-0.990440,-0.137265,0.013682,0.137764,-0.989341,0.047168,0.007061,0.048602,0.998793,0,0.91708,-0.20810,55.025,-0.416,-1,400.000,-1,400.000,-1,325.000,325.000,300.000,-1,-1,-1,-1,-1,775.000,725.000,-1,-1,2,0,2,0,2,0,0,0,2,2,2,2,2,0,0,2,2
129,720.949,2463.962,-144.659,171.925,-0.990021,-0.140307,0.013103,0.140775,-0.988916,0.047204,0.006335,0.048577,0.998799,0,0.96258,-0.08810,57.755,-0.176,-1,400.000,-1,400.000,-1,325.000,325.000,300.000,-1,-1,-1,-1,-1,775.000,725.000,-1,-1,2,0,2,0,2,0,0,0,2,2,2,2,2,0,0,2,2
130,664.126,2471.960,-144.215,171.989,-0.990182,-0.139208,0.012648,0.139653,-0.989088,0.046918,0.005979,0.048224,0.998819,0,0.95639,0.03190,57.383,0.064,-1,400.000,-1,375.000,-1,325.000,325.000,300.000,-1,-1,-1,-1,-1,775.000,725.000,-1,-1,2,0,2,0,2,0,0,0,2,2,2,2,2,0,0,2,2
131,607.650,2479.604,-143.821,172.292,-0.990909,-0.133964,0.012403,0.134402,-0.989834,0.046536,0.006043,0.047780,0.998840,0,0.94986,0.15190,56.992,0.304,-1,400.000,-1,375.000,-1,325.000,325.000,300.000,-1,-1,-1,-1,-1,775.000,725.000,-1,-1,2,0,2,0,2,0,0,0,2,2,2,2,2,0,0,2,2
132,548.118,2487.087,-143.325,172.836,-0.992131,-0.124568,0.012614,0.125021,-0.991092,0.045902,0.006784,0.047118,0.998866,0,1.00000,0.27190,60.000,0.544,-1,400.000,-1,375.000,-1,325.000,325.000,300.000,-1,-1,-1,-1,-1,775.000,725.000,-1,-1,2,0,2,0,2,0,0,0,2,2,2,2,2,0,0,2,2
133,488.490,2493.754,-142.784,173.620,-0.993737,-0.111002,0.012870,0.111477,-0.992735,0.045270,0.007752,0.046422,0.998892,0,1.00000,0.39190,60.000,0.784,-1,400.000,-1,375.000,-1,325.000,325.000,300.000,-1,-1,-1,-1,-1,775.000,725.000,-1,-1,2,0,2,0,2,0,0,0,2,2,2,2,2,0,0,2,2
134,428.752,2499.355,-142.189,174.644,-0.995556,-0.093250,0.013168,0.093750,-0.994594,0.044649,0.008934,0.045685,0.998916,0,1.00000,0.51190,60.000,1.024,-1,400.000,-1,375.000,-1,325.000,325.000,300.000,-1,-1,-1,-1,-1,775.000,700.000,-1,-1,2,0,2,0,2,0,0,0,2,2,2,2,2,0,0,2,2
135,369.265,2503.612,-141.537,175.908,-0.997364,-0.071293,0.013499,0.071824,-0.996444,0.044051,0.010311,0.044904,0.998938,0,0.99399,0.63190,59.639,1.264,-1,400.000,-1,375.000,-1,325.000,325.000,300.000,-1,-1,-1,-1,-1,775.000,700.000,-1,-1,2,0,2,0,2,0,0,0,2,2,2,2,2,0,0,2,2
136,310.318,2506.277,-140.827,177.411,-0.998886,-0.045120,0.013852,0.045684,-0.998009,0.043490,0.011862,0.044074,0.998958,0,0.98346,0.75190,59.008,1.504,-1,400.000,-1,375.000,-1,325.000,325.000,300.000,-1,-1,-1,-1,-1,775.000,700.000,-1,-1,2,0,2,0,2,0,0,0,2,2,2,2,2,0,0,2,2
