timestep,x_cm,y_cm,z_cm,yaw_deg,basis_xx,basis_xy,basis_xz,basis_yx,basis_yy,basis_yz,basis_zx,basis_zy,basis_zz,teleport_flag,throttle_cmd,steering_cmd,cmd_move_cm,cmd_turn_deg,lidar_cm_0,lidar_cm_1,lidar_cm_2,lidar_cm_3,lidar_cm_4,lidar_cm_5,lidar_cm_6,lidar_cm_7,lidar_cm_8,lidar_cm_9,lidar_cm_10,lidar_cm_11,lidar_cm_12,lidar_cm_13,lidar_cm_14,lidar_cm_15,lidar_cm_16,lidar_class_0,lidar_class_1,lidar_class_2,lidar_class_3,lidar_class_4,lidar_class_5,lidar_class_6,lidar_class_7,lidar_class_8,lidar_class_9,lidar_class_10,lidar_class_11,lidar_class_12,lidar_class_13,lidar_class_14,lidar_class_15,lidar_class_16
0,-9513.192,9506.737,-81.532,-116.982,-0.453979,0.891005,-0.003494,-0.890581,-0.453634,0.032872,0.027704,0.018035,0.999453,1,0.08000,-0.12000,4.800,-0.240,-1,400.000,-1,375.000,-1,325.000,300.000,300.000,275.000,-1,625.000,725.000,-1,725.000,675.000,-1,-1,2,0,2,0,2,0,0,0,0,2,0,0,2,0,0,2,2
1,-9517.619,9498.219,-81.289,-117.462,-0.461420,0.887177,-0.003038,-0.886748,-0.461084,0.032848,0.027741,0.017850,0.999456,0,0.16000,-0.24000,9.600,-0.480,-1,400.000,-1,375.000,-1,325.000,300.000,300.000,275.000,-1,625.000,725.000,-1,725.000,675.000,-1,-1,2,0,2,0,2,0,0,0,0,2,0,0,2,0,0,2,2
2,-9524.420,9485.526,-80.929,-118.182,-0.472519,0.881317,-0.002342,-0.880882,-0.472199,0.032793,0.027795,0.017558,0.999459,0,0.24000,-0.36000,14.400,-0.720,-1,400.000,-1,375.000,-1,325.000,300.000,300.000,300.000,-1,600.000,700.000,-1,725.000,675.000,-1,-1,2,0,2,0,2,0,0,0,0,2,0,0,2,0,0,2,2
3,-9533.770,9468.756,-80.455,-119.142,-0.487202,0.873288,-0.001396,-0.872845,-0.486902,0.032683,0.027862,0.017142,0.999465,0,0.32000,-0.48000,19.200,-0.960,-1,400.000,-1,375.000,-1,325.000,300.000,300.000,300.000,-1,600.000,700.000,-1,725.000,675.000,-1,-1,2,0,2,0,2,0,0,0,0,2,0,0,2,0,0,2,2
4,-9545.820,9448.000,-79.857,-120.136,-0.502259,0.864717,-0.000191,-0.864264,-0.501988,0.032494,0.028002,0.016486,0.999472,0,0.40000,-0.49715,24.000,-0.994,-1,375.000,-1,375.000,-1,325.000,300.000,300.000,300.000,-1,575.000,675.000,-1,725.000,675.000,-1,-1,2,0,2,0,2,0,0,0,0,2,0,0,2,0,0,2,2
5,-9560.709,9423.348,-79.136,-121.130,-0.517158,0.855889,0.001277,-0.855424,-0.516926,0.032208,0.028227,0.015564,0.999480,0,0.48000,-0.49715,28.800,-0.994,-1,375.000,-1,375.000,-1,325.000,300.000,300.000,300.000,-1,550.000,675.000,-1,725.000,675.000,-1,-1,2,0,2,0,2,0,0,0,0,2,0,0,2,0,0,2,2
6,-9578.577,9394.892,-78.166,-122.125,-0.531907,0.846798,0.002794,-0.846308,-0.531705,0.032440,0.028956,0.014891,0.999470,0,0.56000,-0.49715,33.600,-0.994,-1,375.000,-1,375.000,-1,300.000,300.000,300.000,300.000,-1,525.000,650.000,-1,725.000,675.000,-1,-1,2,0,2,0,2,0,0,0,0,2,0,0,2,0,0,2,2
7,-9599.558,9362.731,-76.839,-123.119,-0.546509,0.837444,0.003986,-0.836911,-0.546320,0.033392,0.030141,0.014913,0.999434,0,0.64000,-0.49715,38.400,-0.994,-1,375.000,-1,375.000,-1,325.000,300.000,300.000,300.000,-1,500.000,650.000,-1,725.000,675.000,-1,-1,2,0,2,0,2,0,0,0,0,2,0,0,2,0,0,2,2
8,-9623.786,9326.964,-75.330,-124.113,-0.560943,0.827838,0.005257,-0.827260,-0.560769,0.034343,0.031378,0.014916,0.999396,0,0.72000,-0.49715,43.200,-0.994,-1,375.000,-1,375.000,-1,325.000,300.000,300.000,300.000,-1,500.000,625.000,-1,725.000,675.000,-1,-1,2,0,2,0,2,0,0,0,0,2,0,0,2,0,0,2,2
9,-9651.391,9287.696,-73.665,-125.108,-0.575202,0.817984,0.006737,-0.817356,-0.575051,0.035292,0.032743,0.014794,0.999354,0,0.80000,-0.49715,48.000,-0.994,-1,375.000,-1,375.000,-1,325.000,300.000,300.000,300.000,-1,475.000,600.000,-1,725.000,675.000,-1,-1,2,0,2,0,2,0,0,0,0,2,0,0,2,0,0,2,2
10,-9682.503,9245.035,-71.815,-126.102,-0.589283,0.807883,0.008381,-0.807197,-0.589160,0.036378,0.034327,0.014672,0.999303,0,0.88000,-0.49715,52.800,-0.994,-1,375.000,-1,375.000,-1,325.000,325.000,300.000,300.000,-1,475.000,575.000,-1,725.000,675.000,-1,-1,2,0,2,0,2,0,0,0,0,2,0,0,2,0,0,2,2
11,-9715.206,9201.788,-69.917,-127.096,-0.603182,0.797539,0.010101,-0.796793,-0.603092,0.037441,0.035953,0.014535,0.999248,0,0.90366,-0.49715,54.220,-0.994,-1,400.000,-1,375.000,-1,325.000,325.000,300.000,300.000,-1,475.000,575.000,-1,750.000,675.000,-1,-1,2,0,2,0,2,0,0,0,0,2,0,0,2,0,0,2,2
12,-9748.654,9159.115,-68.033,-128.091,-0.616895,0.786956,0.011863,-0.786150,-0.616842,0.038399,0.037535,0.014362,0.999192,0,0.90366,-0.49715,54.220,-0.994,-1,400.000,-1,375.000,-1,325.000,325.000,300.000,300.000,-1,475.000,575.000,-1,750.000,675.000,-1,-1,2,0,2,0,2,0,0,0,0,2,0,0,2,0,0,2,2
13,-9782.839,9117.029,-66.075,-129.085,-0.630404,0.776139,0.014081,-0.775270,-0.630410,0.039245,0.039336,0.013824,0.999130,0,0.90366,-0.49715,54.220,-0.994,-1,400.000,-1,375.000,-1,325.000,325.000,300.000,300.000,-1,475.000,550.000,-1,750.000,675.000,-1,-1,2,0,2,0,2,0,0,0,0,2,0,0,2,0,0,2,2
14,-9817.748,9075.542,-63.822,-130.079,-0.643677,0.765100,0.017391,-0.764178,-0.643798,0.039450,0.041379,0.012103,0.999070,0,0.90366,-0.49715,54.220,-0.994,-1,400.000,-1,375.000,-1,325.000,325.000,300.000,300.000,-1,475.000,550.000,-1,750.000,675.000,-1,-1,2,0,2,0,2,0,0,0,0,2,0,0,2,0,0,2,2
15,-9853.373,9034.668,-61.561,-131.073,-0.656744,0.753829,0.020720,-0.752869,-0.656991,0.039385,0.043302,0.010266,0.999009,0,0.90366,-0.49715,54.220,-0.994,-1,400.000,-1,375.000,-1,325.000,325.000,300.000,300.000,-1,475.000,550.000,-1,750.000,700.000,-1,-1,2,0,2,0,2,0,0,0,0,2,0,0,2,0,0,2,2
16,-9889.746,8994.363,-59.320,-132.064,-0.669564,0.742365,0.024035,-0.741378,-0.669943,0.039184,0.045191,0.008417,0.998943,0,0.90484,-0.49553,54.291,-0.991,-1,400.000,-1,375.000,-1,325.000,325.000,300.000,300.000,-1,475.000,550.000,-1,775.000,700.000,-1,-1,2,0,2,0,2,0,0,0,0,2,0,0,2,0,0,2,2
17,-9926.867,8954.627,-57.096,-133.051,-0.682118,0.730732,0.027326,-0.729728,-0.682633,0.038850,0.047043,0.006560,0.998871,0,0.90628,-0.49322,54.377,-0.986,-1,400.000,-1,375.000,-1,325.000,325.000,300.000,300.000,-1,450.000,575.000,-1,775.000,725.000,-1,-1,2,0,2,0,2,0,0,0,0,2,0,0,2,0,0,2,2
18,-9964.713,8915.481,-54.486,-134.033,-0.694498,0.718930,0.028509,-0.717922,-0.695054,0.038586,0.047556,0.006331,0.998849,0,0.90750,-0.49084,54.450,-0.982,-1,400.000,-1,375.000,-1,325.000,325.000,300.000,300.000,-1,500.000,600.000,-1,775.000,725.000,-1,-1,2,0,2,0,2,0,0,0,0,2,0,0,2,0,0,2,2
19,-10003.264,8876.943,-51.888,-135.009,-0.706610,0.706978,0.029743,-0.705968,-0.707210,0.038256,0.048081,0.006035,0.998825,0,0.90850,-0.48840,54.510,-0.977,-1,400.000,-1,375.000,-1,325.000,325.000,300.000,300.000,-1,525.000,625.000,-1,775.000,725.000,-1,-1,2,0,2,0,2,0,0,0,0,2,0,0,2,0,0,2,2
20,-10042.496,8839.032,-49.321,-135.981,-0.718457,0.694883,0.030948,-0.693874,-0.719100,0.037869,0.048569,0.005733,0.998803,0,0.90927,-0.48590,54.556,-0.972,-1,400.000,-1,375.000,-1,325.000,325.000,300.000,300.000,-1,550.000,650.000,-1,775.000,725.000,-1,-1,2,0,2,0,2,0,0,0,0,2,0,0,2,0,0,2,2
21,-10082.387,8801.766,-46.755,-136.948,-0.730044,0.682652,0.031960,-0.681647,-0.730722,0.037451,0.048920,0.005555,0.998787,0,0.90983,-0.48338,54.590,-0.967,-1,400.000,-1,375.000,-1,325.000,325.000,300.000,300.000,-1,575.000,700.000,-1,775.000,725.000,-1,-1,2,0,2,0,2,0,0,0,0,2,0,0,2,0,0,2,2
22,-10122.912,8765.161,-44.126,-137.910,-0.741370,0.670291,0.032862,-0.669270,-0.742076,0.037435,0.049479,0.005760,0.998759,0,0.91016,-0.48084,54.610,-0.962,-1,400.000,-1,375.000,-1,325.000,325.000,300.000,300.000,-1,600.000,725.000,-1,775.000,725.000,-1,-1,2,0,2,0,2,0,0,0,0,2,0,0,2,0,0,2,2
23,-10164.048,8729.232,-41.375,-138.866,-0.752433,0.657805,0.033720,-0.656727,-0.753159,0.038211,0.050531,0.006606,0.998701,0,0.91028,-0.47831,54.617,-0.957,-1,400.000,-1,375.000,-1,325.000,325.000,300.000,300.000,-1,625.000,725.000,-1,800.000,725.000,-1,-1,2,0,2,0,2,0,0,0,0,2,0,0,2,0,0,2,2
24,-10205.772,8693.995,-38.669,-139.818,-0.763228,0.645202,0.034599,-0.644071,-0.763976,0.038899,0.051530,0.007405,0.998644,0,0.91020,-0.47581,54.612,-0.952,-1,400.000,-1,375.000,-1,325.000,325.000,300.000,300.000,-1,650.000,750.000,-1,800.000,750.000,-1,-1,2,0,2,0,2,0,0,0,0,2,0,0,2,0,0,2,2
25,-10244.224,8662.331,-36.248,-140.529,-0.771156,0.635661,0.035402,-0.634485,-0.771927,0.039464,0.052414,0.007971,0.998594,0,0.83020,-0.35581,49.812,-0.712,-1,400.000,-1,400.000,-1,325.000,325.000,300.000,300.000,-1,650.000,750.000,-1,800.000,750.000,-1,-1,2,0,2,0,2,0,0,0,0,2,0,0,2,0,0,2,2
26,-10279.206,8634.004,-33.952,-141.001,-0.776334,0.629286,0.036118,-0.628109,-0.777134,0.039254,0.052770,0.007788,0.998576,0,0.75020,-0.23581,45.012,-0.472,-1,400.000,-1,400.000,-1,325.000,325.000,300.000,300.000,-1,675.000,800.000,-1,800.000,750.000,-1,-1,2,0,2,0,2,0,0,0,0,2,0,0,2,0,0,2,2
27,-10310.559,8608.825,-31.826,-141.233,-0.778843,0.626143,0.036726,-0.624997,-0.779676,0.038514,0.052750,0.007043,0.998583,0,0.67020,-0.11581,40.212,-0.232,-1,400.000,-1,400.000,-1,325.000,325.000,300.000,300.000,-1,725.000,825.000,-1,825.000,750.000,-1,-1,2,0,2,0,2,0,0,0,0,2,0,0,2,0,0,2,2
28,-10338.167,8586.648,-29.982,-141.224,-0.778724,0.626261,0.037224,-0.625151,-0.779589,0.037772,0.052675,0.006143,0.998593,0,0.59020,0.00419,35.412,0.008,-1,400.000,-1,400.000,-1,325.000,325.000,300.000,300.000,-1,750.000,875.000,-1,825.000,750.000,-1,-1,2,0,2,0,2,0,0,0,0,2,0,0,2,0,0,2,2
29,-10365.387,8564.690,-28.179,-141.108,-0.777426,0.627844,0.037688,-0.626772,-0.778322,0.037031,0.052583,0.005166,0.998603,0,0.58288,0.05809,34.973,0.116,-1,400.000,-1,400.000,-1,325.000,325.000,300.000,300.000,-1,800.000,900.000,-1,825.000,750.000,-1,-1,2,0,2,0,2,0,0,0,0,2,0,0,2,0,0,2,2
30,-10392.551,8542.686,-26.393,-140.991,-0.776111,0.629442,0.038131,-0.628409,-0.777036,0.036294,0.052474,0.004207,0.998613,0,0.58264,0.05876,34.958,0.118,-1,400.000,-1,400.000,-1,325.000,325.000,300.000,300.000,-1,825.000,950.000,-1,825.000,775.000,-1,-1,2,0,2,0,2,0,0,0,0,2,0,0,2,0,0,2,2
31,-10419.658,8520.635,-24.622,-140.872,-0.774780,0.631053,0.038572,-0.630059,-0.775733,0.035559,0.052361,0.003248,0.998623,0,0.58237,0.05938,34.942,0.119,-1,400.000,-1,400.000,-1,325.000,325.000,300.000,300.000,-1,875.000,975.000,-1,825.000,775.000,-1,-1,2,0,2,0,2,0,0,0,0,2,0,0,2,0,0,2,2
32,-10446.704,8498.539,-22.839,-140.752,-0.773427,0.632677,0.039128,-0.631723,-0.774413,0.034799,0.052318,0.002197,0.998628,0,0.58208,0.05995,34.925,0.120,-1,400.000,-1,400.000,-1,325.000,325.000,300.000,300.000,-1,900.000,-1,-1,825.000,775.000,-1,-1,2,0,2,0,2,0,0,0,0,2,0,2,2,0,0,2,2
33,-10473.689,8476.399,-21.075,-140.631,-0.772060,0.634311,0.039658,-0.633398,-0.773077,0.034047,0.052255,0.001167,0.998633,0,0.58176,0.06047,34.906,0.121,-1,400.000,-1,400.000,-1,325.000,325.000,300.000,300.000,-1,950.000,-1,-1,825.000,775.000,-1,-1,2,0,2,0,2,0,0,0,0,2,0,2,2,0,0,2,2
34,-10500.610,8454.213,-19.327,-140.509,-0.770680,0.635955,0.040164,-0.635083,-0.771726,0.033284,0.052163,0.000144,0.998639,0,0.58142,0.06094,34.885,0.122,-1,400.000,-1,400.000,-1,325.000,325.000,300.000,300.000,-1,975.000,-1,-1,825.000,775.000,-1,-1,2,0,2,0,2,0,0,0,0,2,0,2,2,0,0,2,2
35,-10527.468,8431.984,-17.593,-140.386,-0.769290,0.637606,0.040644,-0.636777,-0.770362,0.032508,0.052038,-0.000873,0.998645,0,0.58106,0.06136,34.863,0.123,-1,400.000,-1,400.000,-1,325.000,325.000,300.000,300.000,-1,-1,-1,-1,825.000,775.000,-1,-1,2,0,2,0,2,0,0,0,0,2,2,2,2,0,0,2,2
36,-10558.075,8406.757,-15.645,-140.504,-0.770568,0.636027,0.041167,-0.635242,-0.771665,0.031642,0.051893,-0.001769,0.998651,0,0.66106,-0.05864,39.663,-0.117,-1,400.000,-1,400.000,-1,325.000,325.000,300.000,300.000,-1,-1,-1,-1,825.000,800.000,-1,-1,2,0,2,0,2,0,0,0,0,2,2,2,2,0,0,2,2
37,-10592.562,8378.692,-13.453,-140.861,-0.774506,0.631202,0.041533,-0.630458,-0.775615,0.030719,0.051603,-0.002393,0.998665,0,0.74106,-0.17864,44.463,-0.357,-1,400.000,-1,400.000,-1,325.000,325.000,300.000,300.000,-1,-1,-1,-1,825.000,800.000,-1,-1,2,0,2,0,2,0,0,0,0,2,2,2,2,0,0,2,2
38,-10629.536,8349.237,-11.001,-141.458,-0.781075,0.623082,0.041109,-0.622368,-0.782153,0.029911,0.050791,-0.002223,0.998707,0,0.78787,-0.29864,47.272,-0.597,-1,400.000,-1,400.000,-1,325.000,325.000,300.000,300.000,-1,-1,-1,-1,825.000,800.000,-1,-1,2,0,2,0,2,0,0,0,0,2,2,2,2,0,0,2,2
39,-10666.892,8320.360,-8.592,-142.296,-0.790130,0.611587,0.040692,-0.610897,-0.791175,0.029101,0.049993,-0.001865,0.998748,0,0.78694,-0.41864,47.217,-0.837,-1,400.000,-1,400.000,-1,325.000,325.000,300.000,300.000,-1,-1,-1,-1,800.000,800.000,-1,-1,2,0,2,0,2,0,0,0,0,2,2,2,2,0,0,2,2
40,-10704.735,8292.228,-6.226,-143.373,-0.801524,0.596604,0.040286,-0.595935,-0.802535,0.028287,0.049207,-0.001336,0.998788,0,0.78590,-0.53864,47.154,-1.077,-1,400.000,-1,400.000,-1,325.000,325.000,300.000,300.000,-1,-1,-1,-1,800.000,800.000,-1,-1,2,0,2,0,2,0,0,0,0,2,2,2,2,0,0,2,2
41,-10743.159,8265.013,-3.877,-144.690,-0.815062,0.577998,0.039903,-0.577339,-0.816038,0.027594,0.048512,-0.000547,0.998822,0,0.78476,-0.65864,47.086,-1.317,-1,400.000,-1,400.000,-1,325.000,325.000,300.000,300.000,-1,-1,-1,-1,800.000,800.000,-1,-1,2,0,2,0,2,0,0,0,0,2,2,2,2,0,0,2,2
42,-10782.248,8238.892,-1.557,-146.247,-0.830503,0.555607,0.039577,-0.554952,-0.831445,0.026970,0.047891,0.000435,0.998852,0,0.78356,-0.77864,47.014,-1.557,-1,400.000,-1,400.000,-1,325.000,325.000,300.000,300.000,-1,-1,-1,-1,800.000,800.000,-1,-1,2,0,2,0,2,0,0,0,0,2,2,2,2,0,0,2,2
43,-10822.075,8214.048,0.703,-148.045,-0.847548,0.529256,0.039377,-0.528604,-0.848461,0.026300,0.047329,0.001475,0.998878,0,0.78233,-0.89864,46.940,-1.797,-1,400.000,-1,400.000,-1,325.000,325.000,300.000,300.000,-1,-1,-1,-1,800.000,800.000,-1,-1,2,0,2,0,2,0,0,0,0,2,2,2,2,0,0,2,2
44,-10862.657,8190.604,2.924,-149.985,-0.865010,0.500221,0.039204,-0.499572,-0.865894,0.025611,0.046758,0.002568,0.998903,0,0.78112,-0.97024,46.867,-1.940,-1,400.000,-1,400.000,-1,325.000,325.000,300.000,300.000,-1,-1,-1,-1,800.000,775.000,-1,-1,2,0,2,0,2,0,0,0,0,2,2,2,2,0,0,2,2
45,-10903.951,8168.581,5.105,-151.928,-0.881493,0.470579,0.039057,-0.469933,-0.882351,0.024903,0.046181,0.003597,0.998927,0,0.78001,-0.97135,46.800,-1.943,-1,400.000,-1,400.000,-1,325.000,325.000,300.000,300.000,-1,-1,-1,-1,800.000,775.000,-1,-1,2,0,2,0,2,0,0,0,0,2,2,2,2,0,0,2,2
46,-10945.920,8147.996,7.245,-153.873,-0.896980,0.440353,0.038937,-0.439713,-0.897813,0.024176,0.045604,0.004565,0.998949,0,0.77909,-0.97268,46.745,-1.945,-1,400.000,-1,400.000,-1,325.000,325.000,300.000,300.000,-1,-1,-1,-1,800.000,775.000,-1,-1,2,0,2,0,2,0,0,0,0,2,2,2,2,0,0,2,2
47,-10988.527,8128.867,9.346,-155.822,-0.911451,0.409571,0.038845,-0.408937,-0.912262,0.023432,0.045034,0.005472,0.998970,0,0.77840,-0.97423,46.704,-1.948,-1,400.000,-1,400.000,-1,325.000,325.000,300.000,300.000,-1,-1,-1,-1,800.000,775.000,-1,-1,2,0,2,0,2,0,0,0,0,2,2,2,2,0,0,2,2
48,-11031.736,8111.211,11.416,-157.774,-0.924888,0.378258,0.038774,-0.377632,-0.925679,0.022639,0.044455,0.006296,0.998992,0,0.77795,-0.97599,46.677,-1.952,-1,400.000,-1,400.000,-1,325.000,325.000,300.000,300.000,-1,-1,-1,-1,800.000,775.000,-1,-1,2,0,2,0,2,0,0,0,0,2,2,2,2,0,0,2,2
49,-11075.512,8095.043,13.482,-159.730,-0.937273,0.346442,0.038683,-0.345833,-0.938046,0.021680,0.043797,0.006942,0.999016,0,0.77777,-0.97796,46.666,-1.956,-1,400.000,-1,400.000,-1,325.000,325.000,300.000,300.000,-1,-1,-1,-1,800.000,775.000,-1,-1,2,0,2,0,2,0,0,0,0,2,2,2,2,0,0,2,2
50,-11119.821,8080.381,15.473,-161.690,-0.948594,0.314151,0.038457,-0.313555,-0.949342,0.020806,0.043046,0.007678,0.999044,0,0.77786,-0.98013,46.672,-1.960,-1,400.000,-1,400.000,-1,325.000,325.000,300.000,300.000,-1,-1,-1,-1,800.000,775.000,-1,-1,2,0,2,0,2,0,0,0,0,2,2,2,2,0,0,2,2
51,-11164.628,8067.240,17.412,-163.655,-0.958827,0.281413,0.038183,-0.280829,-0.959550,0.019982,0.042261,0.008436,0.999071,0,0.77825,-0.98248,46.695,-1.965,-1,400.000,-1,400.000,-1,325.000,325.000,300.000,300.000,-1,-1,-1,-1,800.000,775.000,-1,-1,2,0,2,0,2,0,0,0,0,2,2,2,2,0,0,2,2
52,-11209.900,8055.637,19.327,-165.625,-0.967952,0.248258,0.037904,-0.247686,-0.968650,0.019185,0.041478,0.009182,0.999097,0,0.77892,-0.98502,46.735,-1.970,-1,400.000,-1,400.000,-1,325.000,325.000,300.000,300.000,-1,-1,-1,-1,800.000,775.000,-1,-1,2,0,2,0,2,0,0,0,0,2,2,2,2,0,0,2,2
53,-11255.601,8045.589,21.232,-167.600,-0.975957,0.214719,0.037475,-0.214158,-0.976625,0.018431,0.040557,0.009963,0.999128,0,0.77988,-0.98772,46.793,-1.975,-1,400.000,-1,400.000,-1,325.000,325.000,300.000,300.000,-1,-1,-1,-1,800.000,775.000,-1,-1,2,0,2,0,2,0,0,0,0,2,2,2,2,0,0,2,2
54,-11301.695,8037.114,23.098,-169.582,-0.982817,0.180826,0.037062,-0.180279,-0.983457,0.017648,0.039640,0.010664,0.999157,0,0.78112,-0.99059,46.867,-1.981,-1,400.000,-1,400.000,-1,325.000,325.000,300.000,300.000,-1,-1,-1,-1,800.000,775.000,-1,-1,2,0,2,0,2,0,0,0,0,2,2,2,2,0,0,2,2
55,-11348.146,8030.228,24.937,-171.569,-0.988513,0.146614,0.036683,-0.146079,-0.989129,0.016878,0.038759,0.011326,0.999184,0,0.78264,-0.99361,46.959,-1.987,-1,400.000,-1,400.000,-1,325.000,325.000,300.000,300.000,-1,-1,-1,-1,800.000,775.000,-1,-1,2,0,2,0,2,0,0,0,0,2,2,2,2,0,0,2,2
56,-11394.915,8024.951,26.751,-173.562,-0.993031,0.112115,0.036339,-0.111593,-0.993623,0.016119,0.037914,0.011952,0.999210,0,0.78443,-0.99677,47.066,-1.994,-1,400.000,-1,400.000,-1,325.000,325.000,300.000,300.000,-1,-1,-1,-1,800.000,775.000,-1,-1,2,0,2,0,2,0,0,0,0,2,2,2,2,0,0,2,2
57,-11441.960,8021.300,28.539,-175.562,-0.996351,0.077370,0.036027,-0.076858,-0.996924,0.015369,0.037106,0.012544,0.999233,0,0.78644,-1.00000,47.186,-2.000,-1,400.000,-1,400.000,-1,325.000,325.000,300.000,300.000,-1,-1,-1,-1,800.000,775.000,-1,-1,2,0,2,0,2,0,0,0,0,2,2,2,2,0,0,2,2
58,-11489.103,8019.293,30.300,-177.562,-0.998455,0.042530,0.035748,-0.042030,-0.999009,0.014628,0.036334,0.013102,0.999254,0,0.78644,-1.00000,47.186,-2.000,-1,400.000,-1,400.000,-1,325.000,325.000,300.000,300.000,-1,-1,-1,-1,800.000,775.000,-1,-1,2,0,2,0,2,0,0,0,0,2,2,2,2,0,0,2,2
59,-11535.116,8018.749,31.992,-179.322,-0.999300,0.011827,0.035495,-0.011340,-0.999839,0.013915,0.035654,0.013503,0.999273,0,0.76693,-0.88000,46.016,-1.760,-1,400.000,-1,400.000,-1,325.000,325.000,300.000,300.000,-1,-1,-1,-1,800.000,775.000,-1,-1,2,0,2,0,2,0,0,0,0,2,2,2,2,0,0,2,2
60,-11581.127,8019.425,33.662,-180.842,-0.999270,-0.014698,0.035257,0.015172,-0.999798,0.013212,0.035056,0.013737,0.999291,0,0.76693,-0.76000,46.016,-1.520,-1,400.000,-1,400.000,-1,325.000,325.000,300.000,300.000,-1,-1,-1,-1,800.000,775.000,-1,-1,2,0,2,0,2,0,0,0,0,2,2,2,2,0,0,2,2
61,-11627.112,8021.129,35.316,-182.122,-0.998700,-0.037028,0.035028,0.037487,-0.999219,0.012516,0.034537,0.013813,0.999308,0,0.76693,-0.64000,46.016,-1.280,-1,400.000,-1,400.000,-1,325.000,325.000,300.000,300.000,-1,-1,-1,-1,800.000,775.000,-1,-1,2,0,2,0,2,0,0,0,0,2,2,2,2,0,0,2,2
62,-11673.058,8023.668,36.957,-183.162,-0.997871,-0.055159,0.034803,0.055599,-0.998383,0.011826,0.034094,0.013736,0.999324,0,0.76693,-0.52000,46.016,-1.040,-1,400.000,-1,400.000,-1,325.000,325.000,300.000,300.000,-1,-1,-1,-1,800.000,775.000,-1,-1,2,0,2,0,2,0,0,0,0,2,2,2,2,0,0,2,2
63,-11718.964,8026.847,38.590,-183.962,-0.997011,-0.069093,0.034578,0.069515,-0.997519,0.011139,0.033723,0.013510,0.999340,0,0.76693,-0.40000,46.016,-0.800,-1,400.000,-1,400.000,-1,325.000,325.000,300.000,300.000,-1,-1,-1,-1,800.000,800.000,-1,-1,2,0,2,0,2,0,0,0,0,2,2,2,2,0,0,2,2
64,-11764.837,8030.476,40.219,-184.522,-0.996295,-0.078840,0.034349,0.079240,-0.996801,0.010454,0.033415,0.013138,0.999355,0,0.76693,-0.28000,46.016,-0.560,-1,400.000,-1,400.000,-1,325.000,325.000,300.000,300.000,-1,-1,-1,-1,800.000,800.000,-1,-1,2,0,2,0,2,0,0,0,0,2,2,2,2,0,0,2,2
65,-11810.688,8034.360,41.800,-184.842,-0.995849,-0.084406,0.034059,0.084777,-0.996354,0.009578,0.033126,0.012426,0.999374,0,0.76693,-0.16000,46.016,-0.320,-1,400.000,-1,400.000,-1,325.000,325.000,300.000,300.000,-1,-1,-1,-1,800.000,800.000,-1,-1,2,0,2,0,2,0,0,0,0,2,2,2,2,0,0,2,2
66,-11856.535,8038.309,43.197,-184.922,-0.995746,-0.085798,0.033608,0.086148,-0.996241,0.009119,0.032700,0.011975,0.999393,0,0.76693,-0.04000,46.016,-0.080,-1,400.000,-1,400.000,-1,325.000,325.000,300.000,300.000,-1,-1,-1,-1,800.000,800.000,-1,-1,2,0,2,0,2,0,0,0,0,2,2,2,2,0,0,2,2
67,-11902.392,8042.129,44.501,-184.762,-0.996003,-0.083016,0.032971,0.083354,-0.996479,0.009031,0.032105,0.011743,0.999415,0,0.76693,0.08000,46.016,0.160,-1,400.000,-1,400.000,-1,325.000,325.000,300.000,300.000,-1,-1,-1,-1,800.000,800.000,-1,-1,2,0,2,0,2,0,0,0,0,2,2,2,2,0,0,2,2
68,-11948.275,8045.629,45.808,-184.362,-0.996580,-0.076057,0.032311,0.076383,-0.997038,0.008960,0.031534,0.011397,0.999438,0,0.76693,0.20000,46.016,0.400,-1,400.000,-1,400.000,-1,325.000,325.000,300.000,300.000,-1,-1,-1,-1,800.000,800.000,-1,-1,2,0,2,0,2,0,0,0,0,2,2,2,2,0,0,2,2
69,-11994.185,8048.744,47.121,-183.881,-0.997206,-0.067679,0.031634,0.067991,-0.997646,0.008885,0.030958,0.011011,0.999460,0,0.76693,0.24067,46.016,0.481,-1,400.000,-1,400.000,-1,325.000,325.000,300.000,300.000,-1,-1,-1,-1,800.000,800.000,-1,-1,2,0,2,0,2,0,0,0,0,2,2,2,2,0,0,2,2
70,-12040.120,8051.473,48.441,-183.400,-0.997761,-0.059296,0.030945,0.059594,-0.998184,0.008801,0.030367,0.010625,0.999482,0,0.76693,0.24067,46.016,0.481,-1,400.000,-1,400.000,-1,325.000,325.000,300.000,300.000,-1,-1,-1,-1,800.000,800.000,-1,-1,2,0,2,0,2,0,0,0,0,2,2,2,2,0,0,2,2
71,-12086.076,8053.815,49.768,-182.918,-0.998245,-0.050908,0.030246,0.051193,-0.998651,0.008706,0.029762,0.010239,0.999505,0,0.76693,0.24067,46.016,0.481,-1,400.000,-1,400.000,-1,325.000,325.000,300.000,300.000,-1,-1,-1,-1,775.000,800.000,-1,-1,2,0,2,0,2,0,0,0,0,2,2,2,2,0,0,2,2
72,-12132.051,8055.772,51.101,-182.437,-0.998659,-0.042517,0.029538,0.042788,-0.999047,0.008600,0.029144,0.009852,0.999527,0,0.76693,0.24067,46.016,0.481,-1,400.000,-1,400.000,-1,325.000,325.000,300.000,300.000,-1,-1,-1,-1,775.000,800.000,-1,-1,2,0,2,0,2,0,0,0,0,2,2,2,2,0,0,2,2
73,-12178.040,8057.343,52.441,-181.956,-0.999002,-0.034123,0.028823,0.034381,-0.999373,0.008484,0.028516,0.009466,0.999549,0,0.76693,0.24067,46.016,0.481,-1,400.000,-1,400.000,-1,325.000,325.000,300.000,300.000,-1,-1,-1,-1,775.000,800.000,-1,-1,2,0,2,0,2,0,0,0,0,2,2,2,2,0,0,2,2
74,-12224.041,8058.526,53.786,-181.474,-0.999274,-0.025726,0.028103,0.025971,-0.999628,0.008358,0.027878,0.009081,0.999570,0,0.76693,0.24067,46.016,0.481,-1,400.000,-1,400.000,-1,325.000,325.000,300.000,300.000,-1,-1,-1,-1,775.000,800.000,-1,-1,2,0,2,0,2,0,0,0,0,2,2,2,2,0,0,2,2
75,-12270.050,8059.324,55.136,-180.993,-0.999475,-0.017328,0.027379,0.017559,-0.999812,0.008221,0.027231,0.008697,0.999591,0,0.76693,0.24067,46.016,0.481,-1,400.000,-1,400.000,-1,325.000,325.000,300.000,300.000,-1,-1,-1,-1,775.000,800.000,-1,-1,2,0,2,0,2,0,0,0,0,2,2,2,2,0,0,2,2
76,-12316.064,8059.735,56.492,-180.512,-0.999605,-0.008928,0.026653,0.009146,-0.999926,0.008074,0.026579,0.008315,0.999612,0,0.76693,0.24067,46.016,0.481,-1,400.000,-1,400.000,-1,325.000,325.000,300.000,300.000,-1,-1,-1,-1,775.000,800.000,-1,-1,2,0,2,0,2,0,0,0,0,2,2,2,2,0,0,2,2
77,-12362.080,8059.759,57.853,-180.030,-0.999664,-0.000528,0.025926,0.000733,-0.999968,0.007918,0.025921,0.007934,0.999633,0,0.76693,0.24067,46.016,0.481,-1,400.000,-1,400.000,-1,325.000,325.000,300.000,300.000,-1,-1,-1,-1,775.000,800.000,-1,-1,2,0,2,0,2,0,0,0,0,2,2,2,2,0,0,2,2
78,-12408.094,8059.397,59.219,-179.549,-0.999651,0.007873,0.025200,-0.007680,-0.999940,0.007752,0.025259,0.007556,0.999652,0,0.76693,0.24067,46.016,0.481,-1,400.000,-1,400.000,-1,325.000,325.000,300.000,300.000,-1,-1,-1,-1,750.000,800.000,-1,-1,2,0,2,0,2,0,0,0,0,2,2,2,2,0,0,2,2
79,-12458.907,8058.783,60.698,-179.308,-0.999627,0.012085,0.024497,-0.011900,-0.999900,0.007676,0.024588,0.007382,0.999670,0,0.84693,0.12067,50.816,0.241,-1,400.000,-1,400.000,-1,325.000,325.000,300.000,300.000,-1,-1,-1,-1,750.000,800.000,-1,-1,2,0,2,0,2,0,0,0,0,2,2,2,2,0,0,2,2
80,-12513.448,8058.122,61.937,-179.306,-0.999634,0.012108,0.024196,-0.011914,-0.999896,0.008160,0.024292,0.007868,0.999674,0,0.90910,0.00067,54.546,0.001,-1,400.000,-1,400.000,-1,325.000,325.000,300.000,300.000,-1,-1,-1,-1,750.000,800.000,-1,-1,2,0,2,0,2,0,0,0,0,2,2,2,2,0,0,2,2
81,-12567.993,8057.689,63.164,-179.545,-0.999684,0.007943,0.023868,-0.007739,-0.999933,0.008633,0.023935,0.008446,0.999678,0,0.90910,-0.11933,54.546,-0.239,-1,400.000,-1,400.000,-1,325.000,325.000,300.000,300.000,-1,-1,-1,-1,750.000,800.000,-1,-1,2,0,2,0,2,0,0,0,0,2,2,2,2,0,0,2,2
82,-12622.538,8057.711,64.387,-180.024,-0.999723,-0.000411,0.023547,0.000625,-0.999958,0.009100,0.023542,0.009113,0.999681,0,0.90910,-0.23933,54.546,-0.479,-1,400.000,-1,400.000,-1,325.000,325.000,300.000,300.000,-1,-1,-1,-1,750.000,800.000,-1,-1,2,0,2,0,2,0,0,0,0,2,2,2,2,0,0,2,2
83,-12677.080,8058.418,65.602,-180.742,-0.999646,-0.012953,0.023230,0.013178,-0.999867,0.009562,0.023103,0.009865,0.999684,0,0.90910,-0.35933,54.546,-0.719,-1,400.000,-1,400.000,-1,325.000,325.000,300.000,300.000,-1,-1,-1,-1,750.000,800.000,-1,-1,2,0,2,0,2,0,0,0,0,2,2,2,2,0,0,2,2
84,-12731.601,8060.037,66.806,-181.701,-0.999297,-0.029680,0.022913,0.029916,-0.999502,0.010019,0.022605,0.010698,0.999687,0,0.90910,-0.47933,54.546,-0.959,-1,400.000,-1,400.000,-1,325.000,325.000,300.000,300.000,-1,-1,-1,-1,750.000,800.000,-1,-1,2,0,2,0,2,0,0,0,0,2,2,2,2,0,0,2,2
85,-12786.181,8062.579,68.000,-182.667,-0.998662,-0.046521,0.022586,0.046766,-0.998851,0.010478,0.022073,0.011520,0.999690,0,0.91064,-0.48285,54.639,-0.966,-1,400.000,-1,400.000,-1,325.000,325.000,300.000,300.000,-1,-1,-1,-1,750.000,775.000,-1,-1,2,0,2,0,2,0,0,0,0,2,2,2,2,0,0,2,2
86,-12840.921,8066.056,69.185,-183.635,-0.997741,-0.063391,0.022246,0.063646,-0.997913,0.010937,0.021506,0.012329,0.999693,0,0.91417,-0.48410,54.850,-0.968,-1,400.000,-1,400.000,-1,325.000,325.000,300.000,300.000,-1,-1,-1,-1,750.000,775.000,-1,-1,2,0,2,0,2,0,0,0,0,2,2,2,2,0,0,2,2
87,-12895.808,8070.477,70.358,-184.605,-0.996532,-0.080285,0.021891,0.080548,-0.996686,0.011399,0.020903,0.013123,0.999695,0,0.91775,-0.48529,55.065,-0.971,-1,400.000,-1,400.000,-1,325.000,325.000,300.000,300.000,-1,-1,-1,-1,750.000,775.000,-1,-1,2,0,2,0,2,0,0,0,0,2,2,2,2,0,0,2,2
88,-12950.828,8075.850,71.518,-185.578,-0.995033,-0.097194,0.021518,0.097464,-0.995168,0.011862,0.020261,0.013901,0.999698,0,0.92136,-0.48642,55.282,-0.973,-1,400.000,-1,400.000,-1,325.000,325.000,300.000,300.000,-1,-1,-1,-1,750.000,775.000,-1,-1,2,0,2,0,2,0,0,0,0,2,2,2,2,0,0,2,2
89,-13005.967,8082.184,72.664,-186.553,-0.993243,-0.114113,0.021126,0.114388,-0.993360,0.012328,0.019579,0.014661,0.999701,0,0.92502,-0.48749,55.501,-0.975,-1,400.000,-1,400.000,-1,325.000,325.000,300.000,300.000,-1,-1,-1,-1,750.000,775.000,-1,-1,2,0,2,0,2,0,0,0,0,2,2,2,2,0,0,2,2
90,-13061.210,8089.487,73.793,-187.530,-0.991162,-0.131033,0.020712,0.131313,-0.991258,0.012795,0.018855,0.015402,0.999704,0,0.92873,-0.48851,55.724,-0.977,-1,400.000,-1,400.000,-1,325.000,325.000,300.000,300.000,-1,-1,-1,-1,750.000,775.000,-1,-1,2,0,2,0,2,0,0,0,0,2,2,2,2,0,0,2,2
91,-13116.543,8097.765,74.889,-188.509,-0.988785,-0.147948,0.020396,0.148232,-0.988865,0.013191,0.018218,0.016066,0.999705,0,0.93248,-0.48947,55.949,-0.979,-1,400.000,-1,400.000,-1,325.000,325.000,300.000,300.000,-1,-1,-1,-1,750.000,775.000,-1,-1,2,0,2,0,2,0,0,0,0,2,2,2,2,0,0,2,2
92,-13171.950,8107.027,75.937,-189.490,-0.986111,-0.164849,0.020258,0.165142,-0.986175,0.013699,0.017720,0.016854,0.999701,0,0.93626,-0.49036,56.176,-0.981,-1,400.000,-1,400.000,-1,325.000,325.000,300.000,300.000,-1,-1,-1,-1,750.000,-1,-1,-1,2,0,2,0,2,0,0,0,0,2,2,2,2,0,2,2,2
93,-13227.416,8117.279,76.951,-190.472,-0.983138,-0.181731,0.020313,0.182034,-0.983190,0.014198,0.017391,0.017656,0.999693,0,0.94009,-0.49120,56.406,-0.982,-1,400.000,-1,400.000,-1,325.000,325.000,300.000,300.000,-1,-1,-1,-1,750.000,-1,-1,-1,2,0,2,0,2,0,0,0,0,2,2,2,2,0,2,2,2
94,-13277.950,8127.739,77.845,-191.695,-0.979037,-0.202661,0.020350,0.202973,-0.979075,0.014640,0.016957,0.018463,0.999686,0,0.86009,-0.61120,51.606,-1.222,-1,400.000,-1,400.000,-1,325.000,325.000,300.000,300.000,-1,-1,-1,-1,750.000,-1,-1,-1,2,0,2,0,2,0,0,0,0,2,2,2,2,0,2,2,2
95,-13323.528,8138.393,78.621,-193.157,-0.973547,-0.227579,0.020368,0.227898,-0.973569,0.015022,0.016411,0.019267,0.999680,0,0.78009,-0.73120,46.806,-1.462,-1,400.000,-1,400.000,-1,325.000,325.000,300.000,300.000,-1,-1,-1,-1,750.000,-1,-1,-1,2,0,2,0,2,0,0,0,0,2,2,2,2,0,2,2,2
96,-13364.136,8149.138,79.280,-194.822,-0.966525,-0.255762,0.020367,0.256087,-0.966532,0.015347,0.015760,0.020049,0.999675,0,0.70009,-0.83236,42.006,-1.665,-1,400.000,-1,400.000,-1,325.000,325.000,300.000,300.000,-1,-1,-1,-1,750.000,-1,-1,-1,2,0,2,0,2,0,0,0,0,2,2,2,2,0,2,2,2
97,-13400.744,8159.972,79.847,-196.486,-0.958693,-0.283715,0.020345,0.284044,-0.958684,0.015623,0.015071,0.020757,0.999671,0,0.63630,-0.83197,38.178,-1.664,-1,400.000,-1,400.000,-1,325.000,325.000,300.000,300.000,-1,-1,-1,-1,750.000,-1,-1,-1,2,0,2,0,2,0,0,0,0,2,2,2,2,0,2,2,2
98,-13437.188,8171.917,80.385,-198.148,-0.950060,-0.311408,0.020299,0.311739,-0.950035,0.015881,0.014339,0.021416,0.999668,0,0.63918,-0.83134,38.351,-1.663,-1,400.000,-1,400.000,-1,325.000,325.000,300.000,300.000,-1,-1,-1,-1,750.000,-1,-1,-1,2,0,2,0,2,0,0,0,0,2,2,2,2,0,2,2,2
99,-13473.434,8184.973,80.892,-199.809,-0.940637,-0.338812,0.020230,0.339144,-0.940596,0.016121,0.013566,0.022025,0.999665,0,0.64209,-0.83055,38.526,-1.661,-1,400.000,-1,400.000,-1,325.000,325.000,300.000,300.000,-1,-1,-1,-1,800.000,-1,-1,-1,2,1,2,0,2,0,0,0,0,2,2,2,2,1,2,2,2
100,-13509.450,8199.138,81.365,-201.469,-0.930437,-0.365900,0.020135,0.366231,-0.930380,0.016342,0.012753,0.022579,0.999664,0,0.64502,-0.82960,38.701,-1.659,-1,425.000,-1,400.000,-1,325.000,325.000,300.000,300.000,-1,-1,-1,-1,-1,-1,-1,-1,2,1,2,0,2,1,0,0,0,2,2,2,2,2,2,2,2
101,-13545.203,8214.407,81.804,-203.126,-0.919472,-0.392645,0.020014,0.392974,-0.919401,0.016546,0.011904,0.023078,0.999663,0,0.64795,-0.82849,38.877,-1.657,-1,450.000,-1,400.000,-1,350.000,325.000,300.000,300.000,-1,-1,-1,-1,-1,-1,-1,-1,2,1,2,0,2,1,0,0,0,2,2,2,2,2,2,2,2
102,-13580.661,8230.775,82.206,-204.780,-0.907760,-0.419020,0.019865,0.419346,-0.907672,0.016732,0.011020,0.023519,0.999663,0,0.65089,-0.82719,39.053,-1.654,-1,500.000,-1,400.000,-1,400.000,325.000,300.000,300.000,-1,-1,-1,-1,-1,-1,-1,-1,2,1,2,1,2,1,1,0,0,2,2,2,2,2,2,2,2
103,-13615.789,8248.237,82.572,-206.431,-0.895314,-0.444999,0.019688,0.445320,-0.895212,0.016906,0.010102,0.023904,0.999663,0,0.65381,-0.82570,39.229,-1.651,-1,675.000,-1,-1,-1,-1,-1,300.000,300.000,-1,-1,-1,-1,-1,-1,-1,-1,2,1,2,2,2,2,2,0,0,2,2,2,2,2,2,2,2
104,-13650.554,8266.784,82.915,-208.079,-0.882155,-0.470557,0.019465,0.470871,-0.882035,0.017157,0.009095,0.024300,0.999663,0,0.65672,-0.82401,39.403,-1.648,-1,1000.000,-1,-1,-1,-1,-1,300.000,300.000,-1,-1,-1,-1,-1,-1,-1,-1,2,1,2,2,2,2,2,0,0,2,2,2,2,2,2,2,2
105,-13684.922,8286.406,83.236,-209.724,-0.868299,-0.495666,0.019307,0.495975,-0.868162,0.017430,0.008122,0.024710,0.999662,0,0.65958,-0.82210,39.575,-1.644,-1,-1,-1,-1,-1,-1,-1,300.000,300.000,-1,-1,-1,-1,-1,-1,-1,-1,2,2,2,2,2,2,2,0,0,2,2,2,2,2,2,2,2
106,-13718.859,8307.092,83.197,-211.364,-0.853791,-0.520320,0.017558,0.520581,-0.853641,0.017114,0.006083,0.023752,0.999699,0,0.66241,-0.81997,39.744,-1.640,-1,-1,-1,-1,-1,-1,-1,300.000,300.000,-1,-1,-1,-1,-1,-1,-1,-1,2,2,2,2,2,2,2,0,0,2,2,2,2,2,2,2,2
107,-13752.330,8328.829,82.493,-212.999,-0.838659,-0.544510,0.012650,0.544653,-0.838512,0.015840,0.001982,0.020174,0.999795,0,0.66516,-0.81759,39.910,-1.635,-1,-1,-1,-1,-1,-1,-1,275.000,300.000,-1,-1,-1,-1,-1,-1,-1,-1,2,2,2,2,2,2,2,0,0,2,2,2,2,2,2,2,2
108,-13785.301,8351.600,81.119,-214.629,-0.822878,-0.568200,0.004479,0.568202,-0.822772,0.013869,-0.004195,0.013957,0.999894,0,0.66784,-0.81495,40.070,-1.630,-1,-1,-1,-1,-1,-1,-1,275.000,300.000,-1,-1,-1,-1,-1,-1,-1,-1,2,2,2,2,2,2,2,0,0,2,2,2,2,2,2,2,2
109,-13817.738,8375.388,79.071,-216.253,-0.806391,-0.591341,-0.007036,0.591251,-0.806406,0.011466,-0.012455,0.005086,0.999909,0,0.67041,-0.81204,40.224,-1.624,-1,-1,-1,-1,-1,-1,-1,250.000,325.000,-1,-1,-1,-1,-1,-1,-1,-1,2,2,2,2,2,2,2,0,0,2,2,2,2,2,2,2,2
110,-13849.608,8400.170,76.350,-217.870,-0.789106,-0.613864,-0.021944,0.613834,-0.789385,0.008907,-0.022790,-0.006442,0.999720,0,0.67285,-0.80882,40.371,-1.618,-1,-1,-1,-1,-1,-1,-1,225.000,325.000,-1,-1,-1,-1,-1,-1,-1,-1,2,2,2,2,2,2,2,0,0,2,2,2,2,2,2,2,2
111,-13880.876,8425.923,72.981,-219.481,-0.770893,-0.635685,-0.040355,0.635990,-0.771671,0.006443,-0.035236,-0.020698,0.999165,0,0.67513,-0.80528,40.508,-1.611,-1,-1,-1,-1,-1,-1,-1,200.000,325.000,-1,-1,-1,-1,-1,-1,-1,-1,2,2,2,2,2,2,2,0,0,2,2,2,2,2,2,2,2
112,-13915.155,8455.553,68.640,-220.851,-0.754143,-0.653604,-0.063798,0.654753,-0.755834,0.003746,-0.050669,-0.038946,0.997956,0,0.75513,-0.68528,45.308,-1.371,-1,-1,-1,-1,-1,-1,-1,175.000,350.000,-1,-1,-1,-1,-1,-1,-1,-1,2,2,2,2,2,2,2,0,0,2,2,2,2,2,2,2,2
113,-13952.418,8489.057,63.121,-221.982,-0.738662,-0.667625,-0.093041,0.670466,-0.741939,0.000962,-0.069673,-0.061670,0.995662,0,0.83513,-0.56528,50.108,-1.131,-1,-1,-1,-1,-1,-1,-1,150.000,375.000,-1,-1,-1,-1,-1,-1,-1,-1,2,2,2,2,2,2,2,1,0,2,2,2,2,2,2,2,2
114,1947.333,3833.251,-135.709,3.491,0.997696,-0.060853,0.030002,0.061842,0.997534,-0.033199,-0.027907,0.034978,0.998998,1,0.00000,0.00000,53.899,-0.891,-1,800.000,-1,950.000,-1,800.000,850.000,325.000,275.000,-1,-1,-1,-1,-1,-1,-1,-1,2,1,2,1,2,1,1,0,1,2,2,2,2,2,2,2,2
115,1952.123,3833.563,-135.788,3.731,0.997430,-0.065029,0.030093,0.066042,0.997238,-0.033990,-0.027799,0.035890,0.998969,0,0.08000,0.12000,4.800,0.240,-1,800.000,-1,950.000,-1,800.000,850.000,325.000,275.000,-1,-1,-1,-1,-1,-1,-1,-1,2,1,2,1,2,1,1,0,1,2,2,2,2,2,2,2,2
116,1961.697,3834.270,-136.822,4.211,0.996755,-0.073367,0.033133,0.074630,0.996462,-0.038659,-0.030179,0.041007,0.998703,0,0.16000,0.24000,9.600,0.480,-1,775.000,-1,950.000,-1,800.000,825.000,325.000,275.000,-1,-1,-1,-1,-1,-1,-1,-1,2,1,2,1,2,1,1,0,1,2,2,2,2,2,2,2,2
117,1976.044,3835.512,-138.898,4.931,0.995523,-0.085844,0.039567,0.087686,0.995018,-0.047446,-0.035297,0.050703,0.998090,0,0.24000,0.36000,14.400,0.720,-1,750.000,-1,925.000,-1,775.000,800.000,350.000,250.000,-1,-1,-1,-1,-1,-1,-1,-1,2,1,2,1,2,1,1,0,1,2,2,2,2,2,2,2,2
118,1995.142,3837.489,-141.699,5.891,0.993584,-0.102430,0.047956,0.105165,0.992735,-0.058467,-0.041619,0.063135,0.997137,0,0.32000,0.48000,19.200,0.960,-1,725.000,-1,900.000,-1,750.000,775.000,350.000,250.000,-1,-1,-1,-1,-1,-1,-1,-1,2,1,2,1,2,1,1,0,1,2,2,2,2,2,2,2,2
119,2018.959,3840.454,-146.097,7.080,0.990551,-0.122915,0.060831,0.126929,0.989632,-0.067219,-0.051938,0.074305,0.995882,0,0.40000,0.59455,24.000,1.189,-1,675.000,-1,850.000,-1,675.000,750.000,350.000,225.000,-1,-1,-1,-1,-1,1000.000,-1,-1,2,1,2,1,2,1,1,0,1,2,2,2,2,2,1,2,2
120,3607.630,-6887.281,-89.738,-15.426,0.963249,0.265885,-0.038158,-0.266769,0.963548,-0.020226,0.031390,0.029662,0.999067,1,0.00000,0.00000,28.800,1.169,-1,375.000,-1,400.000,-1,325.000,325.000,300.000,325.000,-1,-1,-1,-1,750.000,775.000,-1,-1,2,0,2,0,2,0,0,0,0,2,2,2,2,0,0,2,2
121,3612.258,-6888.557,-89.588,-15.419,0.963284,0.265758,-0.038170,-0.266644,0.963582,-0.020276,0.031392,0.029710,0.999066,0,0.08000,0.00375,4.800,0.007,-1,375.000,-1,400.000,-1,325.000,325.000,300.000,325.000,-1,-1,-1,-1,750.000,775.000,-1,-1,2,0,2,0,2,0,0,0,0,2,2,2,2,0,0,2,2
122,3621.509,-6891.122,-89.287,-15.499,0.962911,0.267104,-0.038194,-0.267994,0.963205,-0.020377,0.031346,0.029857,0.999063,0,0.16000,-0.04004,9.600,-0.080,-1,375.000,-1,400.000,-1,325.000,325.000,300.000,325.000,-1,-1,-1,-1,750.000,775.000,-1,-1,2,0,2,0,2,0,0,0,0,2,2,2,2,0,0,2,2
123,3635.379,-6894.990,-88.837,-15.580,0.962532,0.268459,-0.038230,-0.269356,0.962822,-0.020529,0.031297,0.030057,0.999058,0,0.24000,-0.04038,14.400,-0.081,-1,375.000,-1,400.000,-1,325.000,325.000,300.000,325.000,-1,-1,-1,-1,750.000,775.000,-1,-1,2,0,2,0,2,0,0,0,0,2,2,2,2,0,0,2,2
124,3653.867,-6900.173,-88.239,-15.662,0.962146,0.269832,-0.038278,-0.270737,0.962430,-0.020732,0.031246,0.030310,0.999052,0,0.32000,-0.04092,19.200,-0.082,-1,375.000,-1,400.000,-1,325.000,325.000,300.000,300.000,-1,-1,-1,-1,750.000,775.000,-1,-1,2,0,2,0,2,0,0,0,0,2,2,2,2,0,0,2,2
125,3676.966,-6906.685,-87.493,-15.745,0.961751,0.271229,-0.038339,-0.272144,0.962028,-0.020985,0.031192,0.030616,0.999044,0,0.40000,-0.04166,24.000,-0.083,-1,375.000,-1,400.000,-1,325.000,325.000,300.000,300.000,-1,-1,-1,-1,750.000,775.000,-1,-1,2,0,2,0,2,0,0,0,0,2,2,2,2,0,0,2,2
126,3704.674,-6914.541,-86.599,-15.830,0.961344,0.272656,-0.038413,-0.273583,0.961613,-0.021288,0.031134,0.030974,0.999035,0,0.48000,-0.04261,28.800,-0.085,-1,375.000,-1,400.000,-1,325.000,325.000,300.000,300.000,-1,-1,-1,-1,750.000,775.000,-1,-1,2,0,2,0,2,0,0,0,0,2,2,2,2,0,0,2,2
127,3736.986,-6923.756,-85.559,-15.918,0.960924,0.274122,-0.038500,-0.275063,0.961183,-0.021641,0.031073,0.031385,0.999024,0,0.56000,-0.04377,33.600,-0.088,-1,375.000,-1,400.000,-1,325.000,325.000,300.000,300.000,-1,-1,-1,-1,750.000,775.000,-1,-1,2,0,2,0,2,0,0,0,0,2,2,2,2,0,0,2,2
128,3773.897,-6934.346,-84.373,-16.008,0.960488,0.275633,-0.038599,-0.276590,0.960735,-0.022043,0.031008,0.031848,0.999012,0,0.64000,-0.04518,38.400,-0.090,-1,375.000,-1,400.000,-1,325.000,325.000,300.000,300.000,-1,-1,-1,-1,750.000,775.000,-1,-1,2,0,2,0,2,0,0,0,0,2,2,2,2,0,1,2,2
129,3815.402,-6946.327,-83.042,-16.102,0.960032,0.277199,-0.038711,-0.278174,0.960267,-0.022493,0.030938,0.032362,0.998997,0,0.72000,-0.04684,43.200,-0.094,-1,375.000,-1,400.000,975.000,325.000,325.000,300.000,300.000,-1,-1,-1,-1,750.000,775.000,-1,-1,2,0,2,0,1,0,0,0,0,2,2,2,2,0,1,2,2
130,3861.496,-6959.718,-81.567,-16.199,0.959555,0.278829,-0.038833,-0.279823,0.959776,-0.022998,0.030858,0.032934,0.998981,0,0.80000,-0.04878,48.000,-0.098,-1,375.000,-1,400.000,925.000,325.000,325.000,325.000,300.000,-1,-1,-1,-1,750.000,750.000,-1,1000.000,2,0,2,0,1,0,0,0,0,2,2,2,2,0,1,2,1
131,3909.922,-6973.879,-79.985,-16.301,0.959048,0.280531,-0.039100,-0.281555,0.959254,-0.023635,0.030876,0.033676,0.998956,0,0.84089,-0.05103,50.453,-0.102,-1,375.000,-1,400.000,875.000,325.000,325.000,325.000,300.000,-1,-1,-1,-1,750.000,750.000,-1,950.000,2,0,2,0,1,0,0,0,0,2,2,2,2,0,1,2,1
132,3958.444,-6988.167,-78.390,-16.408,0.958511,0.282314,-0.039432,-0.283371,0.958702,-0.024314,0.030939,0.034479,0.998926,0,0.84304,-0.05350,50.582,-0.107,-1,375.000,-1,400.000,825.000,325.000,325.000,325.000,300.000,-1,-1,-1,-1,750.000,725.000,-1,925.000,2,0,2,0,1,0,0,0,0,2,2,2,2,0,1,2,1
133,4007.056,-7002.585,-76.794,-16.521,0.957945,0.284183,-0.039765,-0.285272,0.958121,-0.024990,0.030998,0.035283,0.998897,0,0.84508,-0.05609,50.705,-0.112,-1,375.000,-1,400.000,800.000,325.000,325.000,325.000,300.000,-1,-1,-1,-1,750.000,725.000,-1,875.000,2,0,2,0,1,0,0,0,0,2,2,2,2,0,1,2,1
134,4055.748,-7017.136,-75.155,-16.638,0.957344,0.286143,-0.040174,-0.287262,0.957513,-0.025475,0.031178,0.035929,0.998868,0,0.84701,-0.05881,50.820,-0.118,-1,400.000,-1,400.000,750.000,325.000,325.000,325.000,300.000,-1,-1,-1,-1,750.000,700.000,-1,825.000,2,0,2,0,1,0,0,0,0,2,2,2,2,0,1,2,1
135,4104.513,-7031.823,-73.500,-16.762,0.956709,0.288197,-0.040621,-0.289346,0.956875,-0.025876,0.031412,0.036510,0.998839,0,0.84880,-0.06167,50.928,-0.123,-1,400.000,-1,400.000,700.000,325.000,325.000,325.000,300.000,-1,-1,-1,-1,750.000,700.000,-1,800.000,2,0,2,0,1,0,0,0,0,2,2,2,2,0,1,2,1
136,4153.339,-7046.649,-71.846,-16.891,0.956039,0.290350,-0.041074,-0.291528,0.956201,-0.026274,0.031646,0.037093,0.998811,0,0.85045,-0.06467,51.027,-0.129,-1,400.000,-1,400.000,675.000,325.000,325.000,325.000,300.000,-1,-1,-1,-1,750.000,675.000,-1,750.000,2,0,2,0,1,0,0,0,0,2,2,2,2,0,1,2,1
137,4202.215,-7061.616,-70.238,-17.027,0.955338,0.292609,-0.041340,-0.293806,0.955497,-0.026537,0.031736,0.037497,0.998793,0,0.85194,-0.06782,51.117,-0.136,-1,400.000,-1,400.000,625.000,325.000,325.000,325.000,300.000,-1,-1,-1,-1,750.000,650.000,-1,725.000,2,0,2,0,1,0,0,0,0,2,2,2,2,0,1,2,1
138,4251.129,-7076.728,-68.651,-17.169,0.954601,0.294977,-0.041533,-0.296188,0.954755,-0.026743,0.031766,0.037831,0.998779,0,0.85326,-0.07114,51.196,-0.142,-1,400.000,-1,400.000,600.000,325.000,325.000,325.000,300.000,-1,-1,-1,-1,725.000,650.000,-1,700.000,2,0,2,0,1,0,0,0,0,2,2,2,2,0,1,2,1
139,4300.068,-7091.988,-67.067,-17.318,0.953822,0.297459,-0.041730,-0.298685,0.953971,-0.026946,0.031794,0.038166,0.998765,0,0.85438,-0.07463,51.263,-0.149,-1,400.000,-1,400.000,550.000,325.000,325.000,325.000,300.000,-1,-1,-1,-1,725.000,625.000,-1,650.000,2,0,2,0,1,0,0,0,0,2,2,2,2,0,1,2,1
