timestep,x_cm,y_cm,z_cm,yaw_deg,basis_xx,basis_xy,basis_xz,basis_yx,basis_yy,basis_yz,basis_zx,basis_zy,basis_zz,teleport_flag,throttle_cmd,steering_cmd,cmd_move_cm,cmd_turn_deg,lidar_cm_0,lidar_cm_1,lidar_cm_2,lidar_cm_3,lidar_cm_4,lidar_cm_5,lidar_cm_6,lidar_cm_7,lidar_cm_8,lidar_cm_9,lidar_cm_10,lidar_cm_11,lidar_cm_12,lidar_cm_13,lidar_cm_14,lidar_cm_15,lidar_cm_16,lidar_class_0,lidar_class_1,lidar_class_2,lidar_class_3,lidar_class_4,lidar_class_5,lidar_class_6,lidar_class_7,lidar_class_8,lidar_class_9,lidar_class_10,lidar_class_11,lidar_class_12,lidar_class_13,lidar_class_14,lidar_class_15,lidar_class_16
0,-8803.605,3855.554,-210.161,157.291,-0.923286,-0.382692,0.033025,0.373442,-0.914434,-0.156048,0.089917,-0.131744,0.987197,1,0.08000,0.12000,4.800,0.240,325.000,375.000,-1,625.000,-1,350.000,400.000,-1,475.000,-1,0.000,0.000,-1,950.000,-1,-1,-1,1,1,2,0,2,1,1,2,0,2,1,1,2,0,2,2,2
1,-8812.488,3859.190,-209.164,157.771,-0.926310,-0.375228,0.033955,0.366374,-0.918123,-0.151063,0.087858,-0.127491,0.987941,0,0.16000,0.24000,9.600,0.480,350.000,375.000,-1,625.000,-1,350.000,400.000,-1,475.000,-1,0.000,0.000,-1,950.000,-1,-1,-1,1,1,2,0,2,1,1,2,0,2,1,1,2,0,2,2,2
2,-8825.869,3864.508,-207.787,158.353,-0.929895,-0.366150,0.035070,0.357825,-0.922573,-0.144291,0.085187,-0.121627,0.988914,0,0.24000,0.29115,14.400,0.582,-1,375.000,-1,625.000,-1,350.000,400.000,-1,450.000,-1,0.000,0.000,-1,975.000,-1,-1,-1,2,1,2,0,2,1,1,2,0,2,1,1,2,0,2,2,2
3,-8843.781,3871.417,-206.118,158.934,-0.933374,-0.357075,0.036187,0.349364,-0.927027,-0.136257,0.082201,-0.114537,0.990012,0,0.32000,0.29061,19.200,0.581,-1,375.000,-1,600.000,-1,350.000,400.000,-1,450.000,-1,0.000,0.000,-1,975.000,-1,-1,-1,2,0,2,0,2,1,1,2,0,2,1,1,2,0,2,2,2
4,-8866.259,3879.824,-204.170,159.514,-0.936754,-0.348004,0.037231,0.340986,-0.931451,-0.126996,0.078874,-0.106269,0.991204,0,0.40000,0.28972,24.000,0.579,-1,375.000,-1,600.000,-1,350.000,400.000,-1,425.000,-1,0.000,0.000,-1,1000.000,-1,-1,-1,2,0,2,0,2,1,1,2,0,2,1,1,2,0,2,2,2
5,-8893.334,3889.640,-201.953,160.090,-0.940037,-0.338937,0.038110,0.332688,-0.935809,-0.116536,0.075162,-0.096869,0.992455,0,0.48000,0.28836,28.800,0.577,-1,400.000,-1,575.000,-1,350.000,400.000,-1,425.000,-1,0.000,0.000,-1,-1,-1,-1,-1,2,0,2,0,2,0,0,2,0,2,1,1,2,2,2,2,2
6,-8925.034,3900.774,-199.476,160.663,-0.943227,-0.329884,0.038724,0.324471,-0.940061,-0.104897,0.071007,-0.086377,0.993729,0,0.56000,0.28640,33.600,0.573,-1,400.000,-1,575.000,-1,350.000,400.000,-1,400.000,-1,0.000,0.000,-1,-1,-1,-1,-1,2,0,2,0,2,0,0,2,0,2,1,1,2,2,2,2,2
7,-8960.237,3912.746,-196.822,161.230,-0.946328,-0.320852,0.038958,0.316308,-0.944144,-0.092418,0.066435,-0.075135,0.994958,0,0.61974,0.28369,37.185,0.567,-1,425.000,-1,550.000,-1,350.000,400.000,-1,375.000,-1,0.000,0.000,-1,-1,-1,-1,-1,2,0,2,0,2,0,0,2,0,2,1,1,2,2,2,2,2
8,-8994.637,3924.069,-194.255,161.791,-0.949345,-0.311838,0.038746,0.308105,-0.947957,-0.080298,0.061769,-0.064293,0.996018,0,0.60360,0.28024,36.216,0.560,-1,425.000,-1,550.000,-1,350.000,400.000,-1,375.000,-1,0.000,0.000,-1,-1,-1,-1,-1,2,0,2,0,2,0,0,2,0,2,1,1,2,2,2,2,2
9,-9028.464,3934.842,-191.786,162.344,-0.952272,-0.302864,0.038090,0.299889,-0.951520,-0.068388,0.056956,-0.053701,0.996931,0,0.59170,0.27650,35.502,0.553,-1,425.000,-1,525.000,-1,350.000,375.000,-1,350.000,-1,0.000,0.000,-1,-1,-1,-1,-1,2,0,2,0,2,0,0,2,0,2,1,1,2,2,2,2,2
10,-9061.896,3945.138,-189.398,162.889,-0.955104,-0.293946,0.037028,0.291668,-0.954840,-0.056669,0.052013,-0.043325,0.997706,0,0.58305,0.27255,34.983,0.545,-1,450.000,-1,525.000,-1,375.000,375.000,-1,350.000,-1,50.000,25.000,-1,-1,-1,-1,-1,2,0,2,0,2,0,0,2,0,2,1,1,2,2,2,2,2
11,-9095.070,3955.015,-186.640,163.426,-0.957860,-0.285112,0.034875,0.283567,-0.957972,-0.043356,0.045771,-0.031639,0.998451,0,0.57690,0.26843,34.614,0.537,-1,450.000,-1,500.000,-1,375.000,375.000,-1,325.000,-1,125.000,75.000,-1,-1,-1,-1,-1,2,0,2,0,2,0,0,2,0,2,1,1,2,2,2,2,2
12,-9128.091,3964.514,-185.046,163.954,-0.960460,-0.276319,0.034111,0.275135,-0.960744,-0.035659,0.042625,-0.024864,0.998782,0,0.57266,0.26416,34.360,0.528,-1,450.000,-1,500.000,-1,375.000,375.000,-1,325.000,-1,200.000,125.000,-1,-1,-1,-1,-1,2,0,2,0,2,0,0,2,0,2,1,1,2,2,2,2,2
13,-9161.038,3973.667,-184.573,164.474,-0.963005,-0.267609,0.031718,0.266609,-0.963257,-0.032494,0.039248,-0.022836,0.998969,0,0.56993,0.25978,34.196,0.520,-1,450.000,-1,500.000,-1,375.000,375.000,-1,325.000,-1,225.000,175.000,-1,-1,-1,-1,-1,2,0,2,0,2,0,0,2,0,2,1,1,2,2,2,2,2
14,-9193.975,3982.502,-184.102,164.984,-0.965428,-0.259025,0.029247,0.258187,-0.965643,-0.029546,0.035895,-0.020974,0.999135,0,0.56836,0.25530,34.102,0.511,-1,450.000,-1,500.000,-1,375.000,375.000,-1,325.000,-1,275.000,200.000,-1,-1,-1,-1,-1,2,0,2,0,2,0,0,2,0,2,1,1,2,2,2,2,2
15,-9226.951,3991.039,-183.628,165.486,-0.967730,-0.250572,0.026681,0.249878,-0.967906,-0.026820,0.032545,-0.019287,0.999284,0,0.56772,0.25073,34.063,0.501,-1,450.000,-1,475.000,-1,375.000,375.000,-1,325.000,-1,325.000,250.000,-1,-1,-1,-1,-1,2,0,2,0,2,0,0,2,0,2,1,1,2,2,2,2,2
16,-9260.006,3999.294,-182.949,165.978,-0.969939,-0.242253,0.023063,0.241687,-0.970037,-0.024828,0.028387,-0.018508,0.999426,0,0.56784,0.24608,34.070,0.492,-1,450.000,-1,475.000,-1,375.000,375.000,-1,325.000,-1,375.000,325.000,-1,-1,-1,-1,-1,2,0,2,0,2,0,0,2,0,2,1,1,2,2,2,2,2
17,-9293.170,4007.280,-182.548,166.461,-0.972030,-0.234079,0.019106,0.233658,-0.972072,-0.021915,0.023703,-0.016838,0.999577,0,0.56855,0.24135,34.113,0.483,-1,450.000,-1,475.000,-1,350.000,375.000,-1,325.000,-1,450.000,400.000,-1,-1,-1,-1,-1,2,0,2,0,2,0,0,2,0,2,1,1,2,2,2,2,2
18,-9326.471,4015.009,-182.194,166.934,-0.973996,-0.226050,0.015252,0.225752,-0.973998,-0.019073,0.019167,-0.015134,0.999702,0,0.56977,0.23656,34.186,0.473,-1,450.000,-1,475.000,-1,350.000,375.000,-1,325.000,-1,525.000,475.000,-1,-1,-1,-1,-1,2,0,2,0,2,0,0,2,0,2,1,1,2,2,2,2,2
19,-9359.929,4022.489,-181.885,167.397,-0.975843,-0.218170,0.011494,0.217973,-0.975819,-0.016298,0.014772,-0.013398,0.999801,0,0.57140,0.23171,34.284,0.463,-1,425.000,-1,450.000,-1,350.000,350.000,-1,325.000,-1,600.000,550.000,-1,1000.000,-1,-1,-1,2,0,2,0,2,0,0,2,0,2,1,1,2,0,2,2,2
20,-9393.560,4029.730,-181.619,167.851,-0.977575,-0.210443,0.007828,0.210326,-0.977537,-0.013581,0.010510,-0.011630,0.999877,0,0.57337,0.22679,34.402,0.454,-1,425.000,-1,450.000,-1,350.000,350.000,-1,325.000,-1,700.000,650.000,-1,975.000,1000.000,-1,-1,2,0,2,0,2,0,0,2,0,2,1,1,2,0,0,2,2
21,-9427.380,4036.737,-181.395,168.295,-0.979196,-0.202871,0.004250,0.202816,-0.979156,-0.010919,0.006376,-0.009830,0.999931,0,0.57564,0.22182,34.538,0.444,-1,425.000,-1,450.000,-1,350.000,350.000,-1,300.000,-1,800.000,775.000,-1,950.000,975.000,-1,-1,2,0,2,0,2,0,0,2,0,2,1,1,2,0,0,2,2
22,-9461.401,4043.518,-181.211,168.728,-0.980712,-0.195459,0.000754,0.195446,-0.980679,-0.008305,0.002363,-0.007998,0.999965,0,0.57816,0.21680,34.690,0.434,-1,425.000,-1,450.000,-1,350.000,350.000,-1,300.000,-1,900.000,875.000,-1,950.000,950.000,-1,-1,2,0,2,0,2,0,0,2,0,2,1,1,2,0,0,2,2
23,-9495.631,4050.078,-181.067,169.152,-0.982125,-0.188209,-0.002662,0.188221,-0.982110,-0.005736,-0.001534,-0.006135,0.999980,0,0.58090,0.21171,34.854,0.423,-1,425.000,-1,425.000,-1,350.000,350.000,-1,300.000,-1,1000.000,-1,-1,925.000,925.000,-1,-1,2,0,2,0,2,0,0,2,0,2,1,2,2,0,0,2,2
24,-9530.081,4056.422,-180.960,169.565,-0.983442,-0.181124,-0.006002,0.181145,-0.983451,-0.003207,-0.005322,-0.004241,0.999977,0,0.58382,0.20658,35.029,0.413,-1,425.000,-1,425.000,-1,350.000,350.000,1000.000,300.000,-1,-1,-1,-1,900.000,900.000,-1,-1,2,0,2,0,2,0,0,1,0,2,2,2,2,0,0,2,2
25,-9564.758,4062.557,-180.889,169.967,-0.984665,-0.174207,-0.009270,0.174221,-0.984706,-0.000714,-0.009004,-0.002318,0.999957,0,0.58691,0.20140,35.215,0.403,-1,425.000,-1,425.000,-1,325.000,350.000,975.000,300.000,-1,-1,-1,-1,900.000,875.000,-1,-1,2,0,2,0,2,0,0,1,0,2,2,2,2,0,0,2,2
26,-9599.667,4068.487,-180.854,170.360,-0.985800,-0.167460,-0.012470,0.167452,-0.985879,0.001748,-0.012587,-0.000365,0.999921,0,0.59015,0.19616,35.409,0.392,-1,425.000,-1,425.000,-1,325.000,325.000,925.000,300.000,-1,-1,-1,-1,875.000,850.000,-1,-1,2,0,2,0,2,0,0,1,0,2,2,2,2,0,0,2,2
27,-9634.814,4074.216,-180.859,170.742,-0.986850,-0.160888,-0.015582,0.160841,-0.986971,0.004201,-0.016055,0.001640,0.999870,0,0.59352,0.19088,35.611,0.382,-1,425.000,-1,425.000,-1,325.000,325.000,800.000,300.000,-1,-1,-1,-1,875.000,825.000,-1,-1,2,0,2,0,2,0,0,1,0,2,2,2,2,0,0,2,2
28,-9670.204,4079.750,-180.931,171.113,-0.987821,-0.154491,-0.018512,0.154391,-0.987987,0.006740,-0.019331,0.003800,0.999806,0,0.59701,0.18554,35.820,0.371,-1,400.000,-1,400.000,-1,325.000,325.000,675.000,300.000,-1,-1,-1,-1,850.000,825.000,-1,-1,2,0,2,0,2,0,0,1,0,2,2,2,2,0,0,2,2
29,-9705.842,4085.094,-181.015,171.473,-0.988714,-0.148273,-0.021454,0.148106,-0.988929,0.009196,-0.022580,0.005915,0.999728,0,0.60060,0.18016,36.036,0.360,-1,400.000,-1,400.000,-1,325.000,325.000,575.000,300.000,-1,-1,-1,-1,850.000,800.000,-1,-1,2,0,2,0,2,0,0,1,0,2,2,2,2,0,0,2,2
30,-9741.732,4090.251,-181.110,171.822,-0.989532,-0.142237,-0.024407,0.141990,-0.989800,0.011572,-0.025804,0.007986,0.999635,0,0.60430,0.17473,36.258,0.349,-1,400.000,-1,400.000,-1,325.000,325.000,500.000,300.000,-1,-1,-1,-1,825.000,775.000,-1,-1,2,0,2,0,2,0,0,1,0,2,2,2,2,0,0,2,2
31,-9782.431,4095.673,-181.249,172.412,-0.990857,-0.132044,-0.027705,0.131695,-0.991191,0.014048,-0.029316,0.010271,0.999517,0,0.68430,0.29473,41.058,0.589,-1,400.000,-1,400.000,-1,325.000,325.000,450.000,300.000,-1,-1,-1,-1,825.000,775.000,-1,-1,2,0,2,0,2,0,0,1,0,2,2,2,2,0,0,2,2
32,-9827.970,4101.070,-182.152,173.241,-0.992607,-0.117682,-0.029697,0.117327,-0.993003,0.013427,-0.031069,0.009844,0.999469,0,0.76430,0.41473,45.858,0.829,-1,400.000,-1,400.000,-1,325.000,325.000,375.000,300.000,-1,-1,-1,-1,800.000,750.000,-1,-1,2,0,2,0,2,0,0,1,0,2,2,2,2,0,0,2,2
33,-9875.340,4105.789,-183.565,174.311,-0.994595,-0.099128,-0.030910,0.098798,-0.995035,0.012040,-0.031950,0.008921,0.999450,0,0.79340,0.53473,47.604,1.069,-1,400.000,-1,400.000,-1,325.000,325.000,350.000,300.000,-1,-1,-1,-1,800.000,750.000,-1,-1,2,0,2,0,2,0,0,1,0,2,2,2,2,0,0,2,2
34,-9923.143,4109.450,-185.304,175.620,-0.996578,-0.076363,-0.031638,0.076024,-0.997036,0.011790,-0.032444,0.009345,0.999430,0,0.79906,0.65473,47.943,1.309,-1,400.000,-1,400.000,-1,325.000,325.000,325.000,300.000,-1,-1,-1,-1,775.000,750.000,-1,-1,2,0,2,0,2,0,0,1,0,2,2,2,2,0,0,2,2
35,-9971.380,4111.835,-187.046,177.170,-0.998255,-0.049375,-0.032401,0.049024,-0.998731,0.011543,-0.032929,0.009935,0.999408,0,0.80493,0.77473,48.296,1.549,-1,400.000,-1,400.000,-1,325.000,325.000,325.000,300.000,-1,-1,-1,-1,775.000,725.000,-1,-1,2,0,2,0,2,0,0,1,0,2,2,2,2,0,0,2,2
36,-10020.031,4112.719,-188.792,178.959,-0.999283,-0.018163,-0.033209,0.017797,-0.999778,0.011299,-0.033407,0.010700,0.999385,0,0.81099,0.89473,48.659,1.789,-1,400.000,-1,400.000,-1,325.000,325.000,325.000,300.000,-1,-1,-1,-1,750.000,725.000,-1,-1,2,0,2,0,2,0,0,1,0,2,2,2,2,0,0,2,2
37,-10072.762,4111.836,-190.675,180.959,-0.999277,0.016739,-0.034134,-0.017124,-0.999793,0.011024,-0.033942,0.011601,0.999356,0,0.87896,1.00000,52.738,2.000,-1,400.000,-1,400.000,-1,325.000,325.000,300.000,300.000,-1,-1,-1,-1,750.000,700.000,-1,-1,2,0,2,0,2,0,0,1,0,2,2,2,2,0,0,2,2
38,-10125.480,4109.110,-192.551,182.959,-0.998049,0.051621,-0.035113,-0.052026,-0.998588,0.010738,-0.034510,0.012544,0.999326,0,0.87982,1.00000,52.789,2.000,-1,400.000,-1,400.000,-1,325.000,325.000,300.000,300.000,-1,-1,-1,-1,750.000,700.000,-1,-1,2,0,2,0,2,0,0,1,0,2,2,2,2,0,0,2,2
39,-10178.129,4104.542,-194.422,184.959,-0.995601,0.086438,-0.036152,-0.086867,-0.996165,0.010446,-0.035111,0.013540,0.999292,0,0.88077,1.00000,52.846,2.000,-1,400.000,-1,400.000,-1,325.000,325.000,300.000,300.000,-1,-1,-1,-1,725.000,700.000,-1,-1,2,0,2,0,2,0,0,0,0,2,2,2,2,0,0,2,2
40,-10225.823,4098.742,-196.120,186.933,-0.991994,0.120690,-0.037165,-0.121144,-0.992583,0.010183,-0.035661,0.014604,0.999257,0,0.80077,0.98675,48.046,1.973,-1,400.000,-1,400.000,-1,325.000,325.000,300.000,300.000,-1,-1,-1,-1,725.000,675.000,-1,-1,2,0,2,0,2,0,0,0,0,2,2,2,2,0,0,2,2
41,-10273.357,4091.299,-197.817,188.900,-0.987223,0.154689,-0.038243,-0.155170,-0.987838,0.009920,-0.036243,0.015727,0.999219,0,0.80188,0.98358,48.113,1.967,-1,400.000,-1,375.000,-1,325.000,325.000,300.000,300.000,-1,-1,-1,-1,725.000,675.000,-1,-1,2,0,2,0,2,0,0,0,0,2,2,2,2,0,0,2,2
42,-10320.683,4082.219,-199.506,190.861,-0.981304,0.188395,-0.039356,-0.188905,-0.981948,0.009627,-0.036831,0.016882,0.999179,0,0.80316,0.98043,48.190,1.961,-1,375.000,-1,375.000,-1,325.000,325.000,300.000,300.000,-1,-1,-1,-1,700.000,650.000,-1,-1,2,0,2,0,2,0,0,0,0,2,2,2,2,0,0,2,2
43,-10367.748,4071.512,-201.090,192.815,-0.974271,0.221774,-0.040148,-0.222297,-0.974937,0.009024,-0.037141,0.017716,0.999153,0,0.80446,0.97728,48.268,1.955,-1,375.000,-1,375.000,1000.000,325.000,300.000,300.000,300.000,-1,-1,-1,-1,700.000,650.000,-1,-1,2,0,2,0,0,0,0,0,0,2,2,2,2,0,0,2,2
44,-10414.498,4059.192,-202.659,194.764,-0.966131,0.254787,-0.040926,-0.255324,-0.966819,0.008403,-0.037427,0.018568,0.999127,0,0.80577,0.97414,48.346,1.948,-1,375.000,-1,375.000,975.000,300.000,300.000,300.000,300.000,-1,-1,-1,-1,675.000,650.000,-1,1000.000,2,0,2,0,0,0,0,0,0,2,2,2,2,0,0,2,0
45,-10460.879,4045.272,-204.138,196.706,-0.956946,0.287401,-0.040691,-0.287934,-0.957619,0.007772,-0.036733,0.019154,0.999142,0,0.80708,0.97102,48.425,1.942,-1,375.000,-1,350.000,925.000,300.000,300.000,300.000,300.000,-1,-1,-1,-1,675.000,650.000,-1,975.000,2,0,2,0,0,0,0,0,0,2,2,2,2,0,0,2,0
46,-10506.838,4029.768,-205.295,198.641,-0.946745,0.319589,-0.039204,-0.320067,-0.947373,0.006409,-0.035093,0.018615,0.999211,0,0.80839,0.96791,48.504,1.936,-1,375.000,-1,350.000,925.000,300.000,300.000,300.000,300.000,-1,-1,-1,-1,675.000,650.000,-1,950.000,2,0,2,0,0,0,0,0,0,2,2,2,2,0,0,2,0
47,-10552.322,4012.698,-206.454,200.571,-0.935499,0.351311,-0.037712,-0.351741,-0.936083,0.005238,-0.033461,0.018165,0.999275,0,0.80971,0.96482,48.582,1.930,-1,375.000,-1,375.000,925.000,300.000,300.000,300.000,300.000,-1,-1,-1,-1,675.000,650.000,-1,950.000,2,0,2,0,0,0,0,0,0,2,2,2,2,0,0,2,0
48,-10597.281,3994.081,-207.705,202.495,-0.923245,0.382538,-0.035823,-0.382914,-0.923775,0.004042,-0.031546,0.017449,0.999350,0,0.81102,0.96175,48.661,1.924,-1,375.000,-1,375.000,900.000,300.000,300.000,300.000,300.000,-1,-1,-1,-1,675.000,625.000,-1,950.000,2,0,2,0,0,0,0,0,0,2,2,2,2,0,0,2,0
49,-10641.662,3973.937,-208.917,204.412,-0.909999,0.413235,-0.033733,-0.413572,-0.910465,0.003374,-0.029318,0.017022,0.999425,0,0.81232,0.95870,48.739,1.917,-1,375.000,-1,375.000,900.000,300.000,300.000,300.000,300.000,-1,-1,-1,-1,675.000,625.000,-1,925.000,2,0,2,0,0,0,0,0,0,2,2,2,2,0,0,2,0
50,-10685.417,3952.290,-209.854,206.323,-0.895792,0.443365,-0.031374,-0.443703,-0.896163,0.004400,-0.026165,0.017862,0.999498,0,0.81362,0.95567,48.817,1.911,-1,375.000,-1,375.000,875.000,300.000,300.000,300.000,300.000,-1,-1,-1,-1,675.000,625.000,-1,950.000,2,0,2,0,0,0,0,0,0,2,2,2,2,0,0,2,0
51,-10728.495,3929.163,-210.798,208.229,-0.880629,0.472907,-0.029176,-0.473248,-0.880911,0.005699,-0.023006,0.018826,0.999558,0,0.81490,0.95266,48.894,1.905,-1,375.000,-1,375.000,875.000,300.000,300.000,300.000,300.000,-1,-1,-1,-1,675.000,625.000,-1,950.000,2,0,2,0,0,0,0,0,0,2,2,2,2,0,0,2,0
52,-10770.849,3904.583,-211.750,210.128,-0.864538,0.501834,-0.027157,-0.502177,-0.864735,0.007265,-0.019838,0.019918,0.999605,0,0.81617,0.94968,48.970,1.899,-1,375.000,-1,375.000,875.000,325.000,300.000,300.000,300.000,-1,-1,-1,-1,700.000,625.000,-1,975.000,2,0,2,0,0,0,0,0,0,2,2,2,2,0,0,2,0
53,-10812.432,3878.577,-212.676,212.021,-0.847544,0.530120,-0.025358,-0.530461,-0.847662,0.008921,-0.016766,0.021012,0.999639,0,0.81743,0.94672,49.046,1.893,-1,375.000,-1,375.000,875.000,325.000,325.000,300.000,300.000,-1,-1,-1,-1,700.000,625.000,-1,1000.000,2,0,2,0,0,0,0,0,0,2,2,2,2,0,0,2,0
54,-10853.198,3851.174,-213.532,213.909,-0.829673,0.557742,-0.023796,-0.558076,-0.829724,0.010452,-0.013914,0.021951,0.999662,0,0.81867,0.94379,49.120,1.888,-1,375.000,-1,375.000,875.000,325.000,325.000,300.000,300.000,-1,1000.000,975.000,-1,700.000,625.000,-1,-1,2,0,2,0,0,0,0,0,0,2,0,0,2,0,0,2,2
55,-10893.101,3822.404,-214.381,215.791,-0.810958,0.584673,-0.022438,-0.584998,-0.810944,0.012130,-0.011104,0.022963,0.999675,0,0.81989,0.94089,49.193,1.882,-1,375.000,-1,375.000,875.000,325.000,325.000,300.000,300.000,-1,675.000,625.000,-1,700.000,625.000,-1,1000.000,2,0,2,0,0,0,0,0,0,2,0,0,2,0,0,2,0
56,-10932.098,3792.299,-215.164,217.667,-0.791425,0.610895,-0.021299,-0.611207,-0.791352,0.013667,-0.008506,0.023834,0.999680,0,0.82109,0.93802,49.265,1.876,-1,375.000,-1,375.000,900.000,325.000,325.000,300.000,275.000,-1,575.000,575.000,-1,725.000,625.000,-1,1000.000,2,0,2,0,0,0,0,0,0,2,0,0,2,0,0,2,0
57,-10970.147,3760.893,-215.477,219.537,-0.771084,0.636409,-0.020327,-0.636692,-0.771006,0.013146,-0.007306,0.023079,0.999707,0,0.82227,0.93517,49.336,1.870,-1,375.000,-1,375.000,900.000,325.000,325.000,300.000,275.000,-1,600.000,600.000,-1,700.000,625.000,-1,1000.000,2,0,2,0,0,0,0,0,0,2,0,0,2,0,0,2,0
58,-11007.206,3728.219,-215.795,221.402,-0.749984,0.661170,-0.019426,-0.661427,-0.749900,0.012796,-0.006107,0.022445,0.999729,0,0.82343,0.93236,49.406,1.865,-1,375.000,-1,375.000,900.000,325.000,300.000,300.000,300.000,-1,625.000,650.000,-1,700.000,625.000,-1,975.000,2,0,2,0,0,0,0,0,0,2,0,0,2,0,0,2,0
59,-11043.235,3694.313,-216.119,223.261,-0.728156,0.685159,-0.018608,-0.685394,-0.728063,0.012609,-0.004908,0.021935,0.999747,0,0.82457,0.92958,49.474,1.859,-1,375.000,-1,350.000,875.000,325.000,300.000,300.000,300.000,-1,650.000,675.000,-1,675.000,600.000,-1,975.000,2,0,2,0,0,0,0,0,0,2,0,0,2,0,0,2,0
60,-11078.195,3659.213,-216.379,225.115,-0.705633,0.708361,-0.017547,-0.708569,-0.705530,0.012542,-0.003495,0.021283,0.999767,0,0.82568,0.92683,49.541,1.854,-1,375.000,-1,350.000,875.000,300.000,300.000,300.000,300.000,-1,675.000,700.000,-1,675.000,600.000,-1,975.000,2,0,2,0,0,0,0,0,0,2,0,0,2,0,0,2,0
61,-11112.050,3622.955,-215.931,226.963,-0.682472,0.730793,-0.013198,-0.730912,-0.682359,0.012384,0.000045,0.018098,0.999836,0,0.82677,0.92412,49.606,1.848,-1,375.000,-1,350.000,925.000,325.000,300.000,300.000,300.000,-1,625.000,675.000,-1,675.000,625.000,-1,-1,2,0,2,0,0,0,0,0,0,2,0,0,2,0,0,2,2
62,-11144.764,3585.580,-215.506,228.806,-0.658649,0.752396,-0.009030,-0.752442,-0.658538,0.012609,0.003540,0.015099,0.999880,0,0.82783,0.92144,49.670,1.843,-1,400.000,-1,375.000,1000.000,325.000,300.000,300.000,300.000,-1,575.000,650.000,-1,675.000,625.000,-1,-1,2,0,2,0,0,0,0,0,0,2,0,0,2,0,0,2,2
63,-11176.301,3547.127,-215.104,230.643,-0.634196,0.773156,-0.005067,-0.773141,-0.634097,0.013198,0.006991,0.012287,0.999900,0,0.82887,0.91880,49.732,1.838,-1,400.000,-1,375.000,-1,325.000,300.000,300.000,300.000,-1,550.000,650.000,-1,675.000,650.000,-1,-1,2,0,2,0,2,0,0,0,0,2,0,0,2,0,0,2,2
64,-11206.630,3507.637,-214.693,232.476,-0.609144,0.793058,-0.001501,-0.792993,-0.609067,0.014128,0.010290,0.009796,0.999899,0,0.82987,0.91619,49.792,1.832,-1,400.000,-1,375.000,-1,325.000,300.000,300.000,300.000,-1,525.000,625.000,-1,675.000,650.000,-1,-1,2,0,2,0,2,0,0,0,0,2,0,0,2,0,0,2,2
65,-11235.718,3467.152,-214.187,234.303,-0.583533,0.812089,0.001215,-0.811983,-0.583479,0.015341,0.013167,0.007965,0.999882,0,0.83086,0.91362,49.851,1.827,-1,400.000,-1,375.000,-1,325.000,325.000,300.000,300.000,-1,525.000,650.000,-1,700.000,650.000,-1,-1,2,0,2,0,2,0,0,0,0,2,0,0,2,0,0,2,2
66,-11263.536,3425.715,-213.488,236.125,-0.557406,0.830236,0.002552,-0.830099,-0.557365,0.016712,0.015297,0.007197,0.999857,0,0.83181,0.91109,49.909,1.822,-1,400.000,-1,375.000,-1,325.000,325.000,300.000,300.000,-1,525.000,650.000,-1,700.000,650.000,-1,-1,2,0,2,0,2,0,0,0,0,2,0,0,2,0,0,2,2
67,-11287.635,3387.583,-212.874,237.707,-0.534261,0.845312,0.003539,-0.845145,-0.534231,0.018072,0.017167,0.006664,0.999830,0,0.75181,0.79109,45.109,1.582,-1,375.000,-1,375.000,-1,325.000,325.000,300.000,300.000,-1,550.000,675.000,-1,700.000,650.000,-1,-1,2,0,2,0,2,0,0,0,0,2,0,0,2,0,0,2,2
68,-11308.366,3353.014,-212.260,239.050,-0.514311,0.857594,0.004110,-0.857392,-0.514284,0.019743,0.019046,0.006630,0.999797,0,0.67181,0.67109,40.309,1.342,-1,375.000,-1,375.000,-1,325.000,325.000,300.000,300.000,-1,550.000,625.000,-1,700.000,650.000,-1,-1,2,0,2,0,2,0,0,0,0,2,0,0,2,0,0,2,2
69,-11326.039,3322.216,-211.654,240.152,-0.497722,0.867326,0.004336,-0.867085,-0.497692,0.021614,0.020904,0.006998,0.999757,0,0.59181,0.55109,35.509,1.102,-1,400.000,-1,375.000,-1,325.000,300.000,300.000,275.000,-1,575.000,575.000,-1,700.000,650.000,-1,-1,2,0,2,0,2,0,0,0,0,2,0,0,2,0,0,2,2
70,-11340.920,3295.353,-211.130,241.014,-0.484619,0.874714,0.004429,-0.874436,-0.484583,0.023256,0.022489,0.007398,0.999720,0,0.51181,0.43109,30.709,0.862,-1,400.000,-1,375.000,-1,325.000,300.000,300.000,275.000,-1,525.000,525.000,-1,700.000,650.000,-1,-1,2,0,2,0,2,0,0,0,0,2,0,0,2,0,0,2,2
71,-11353.228,3272.555,-210.686,241.636,-0.475098,0.879922,0.004453,-0.879611,-0.475055,0.024650,0.023805,0.007794,0.999686,0,0.43181,0.31109,25.909,0.622,-1,400.000,-1,375.000,-1,325.000,300.000,300.000,275.000,-1,500.000,500.000,-1,700.000,650.000,-1,-1,2,0,2,0,2,0,0,0,0,2,0,0,2,0,0,2,2
72,-11363.132,3253.914,-210.319,242.018,-0.469223,0.883068,0.004458,-0.882730,-0.469173,0.025778,0.024856,0.008160,0.999658,0,0.35181,0.19109,21.109,0.382,-1,400.000,-1,375.000,-1,325.000,300.000,300.000,275.000,-1,475.000,475.000,-1,700.000,650.000,-1,-1,2,0,2,0,2,0,0,0,0,2,0,0,2,0,0,2,2
73,-11370.748,3239.493,-210.027,242.161,-0.467035,0.884228,0.004484,-0.883867,-0.466979,0.026633,0.025643,0.008475,0.999635,0,0.27181,0.07109,16.309,0.142,-1,400.000,-1,375.000,-1,325.000,300.000,300.000,275.000,-1,450.000,450.000,-1,700.000,650.000,-1,-1,2,0,2,0,2,0,0,0,0,2,0,0,2,0,0,2,2
74,-11376.114,3229.312,-209.818,242.209,-0.466289,0.884621,0.004509,-0.884245,-0.466229,0.027232,0.026192,0.008711,0.999619,0,0.19181,0.02427,11.509,0.049,-1,400.000,-1,375.000,-1,325.000,300.000,300.000,275.000,-1,450.000,450.000,-1,700.000,650.000,-1,-1,2,0,2,0,2,0,0,0,0,2,0,0,2,0,0,2,2
75,-11379.237,3223.374,-209.697,242.256,-0.465560,0.885005,0.004515,-0.884619,-0.465498,0.027586,0.026515,0.008849,0.999609,0,0.11181,0.02366,6.709,0.047,-1,400.000,-1,375.000,-1,325.000,300.000,300.000,275.000,-1,450.000,450.000,-1,700.000,650.000,-1,-1,2,0,2,0,2,0,0,0,0,2,0,0,2,0,0,2,2
76,-11380.124,3221.685,-209.665,242.303,-0.464840,0.885383,0.004506,-0.884994,-0.464777,0.027693,0.026613,0.008885,0.999606,0,0.03181,0.02330,1.909,0.047,-1,400.000,-1,375.000,-1,325.000,300.000,300.000,275.000,-1,450.000,450.000,-1,700.000,650.000,-1,-1,2,0,2,0,2,0,0,0,0,2,0,0,2,0,0,2,2
77,-11378.782,3224.246,-209.722,242.349,-0.464123,0.885760,0.004484,-0.885375,-0.464061,0.027551,0.026485,0.008817,0.999610,0,-0.04819,0.02320,-2.891,0.046,-1,400.000,-1,375.000,-1,325.000,300.000,300.000,275.000,-1,450.000,450.000,-1,700.000,650.000,-1,-1,2,0,2,0,2,0,0,0,0,2,0,0,2,0,0,2,2
78,-11375.218,3231.062,-209.866,242.396,-0.463398,0.886139,0.004449,-0.885765,-0.463339,0.027163,0.026132,0.008647,0.999621,0,-0.12819,0.02335,-7.691,0.047,-1,400.000,-1,375.000,-1,325.000,300.000,300.000,275.000,-1,450.000,450.000,-1,700.000,650.000,-1,-1,2,0,2,0,2,0,0,0,0,2,0,0,2,0,0,2,2
79,-11369.440,3242.136,-210.100,242.444,-0.462660,0.886525,0.004397,-0.886168,-0.462605,0.026531,0.025555,0.008378,0.999638,0,-0.20819,0.02376,-12.491,0.048,-1,400.000,-1,375.000,-1,325.000,300.000,300.000,275.000,-1,450.000,450.000,-1,700.000,650.000,-1,-1,2,0,2,0,2,0,0,0,0,2,0,0,2,0,0,2,2
80,-11361.453,3257.473,-210.422,242.492,-0.461900,0.886922,0.004325,-0.886586,-0.461850,0.025661,0.024757,0.008019,0.999661,0,-0.28819,0.02442,-17.291,0.049,-1,400.000,-1,375.000,-1,325.000,300.000,300.000,275.000,-1,475.000,475.000,-1,700.000,650.000,-1,-1,2,0,2,0,2,0,0,0,0,2,0,0,2,0,0,2,2
81,-11355.697,3268.559,-210.658,242.559,-0.460863,0.887461,0.004260,-0.887142,-0.460817,0.025044,0.024189,0.007763,0.999677,0,-0.20819,0.03340,-12.491,0.067,-1,400.000,-1,375.000,-1,325.000,300.000,300.000,275.000,-1,475.000,475.000,-1,700.000,650.000,-1,-1,2,0,2,0,2,0,0,0,0,2,0,0,2,0,0,2,2
82,-11352.161,3275.389,-210.805,242.627,-0.459807,0.888009,0.004212,-0.887699,-0.459763,0.024671,0.023844,0.007605,0.999687,0,-0.12819,0.03402,-7.691,0.068,-1,400.000,-1,375.000,-1,325.000,300.000,300.000,275.000,-1,500.000,475.000,-1,700.000,650.000,-1,-1,2,0,2,0,2,0,0,0,0,2,0,0,2,0,0,2,2
83,-11350.834,3277.958,-210.862,242.696,-0.458740,0.888561,0.004182,-0.888254,-0.458697,0.024538,0.023722,0.007542,0.999690,0,-0.04819,0.03439,-2.891,0.069,-1,400.000,-1,375.000,-1,325.000,300.000,300.000,275.000,-1,500.000,500.000,-1,700.000,650.000,-1,-1,2,0,2,0,2,0,0,0,0,2,0,0,2,0,0,2,2
84,-11351.708,3276.261,-210.831,242.765,-0.457669,0.889113,0.004172,-0.888803,-0.457626,0.024645,0.023822,0.007571,0.999688,0,0.03181,0.03453,1.909,0.069,-1,400.000,-1,375.000,-1,325.000,300.000,300.000,275.000,-1,500.000,475.000,-1,700.000,650.000,-1,-1,2,0,2,0,2,0,0,0,0,2,0,0,2,0,0,2,2
85,-11354.771,3270.293,-210.711,242.834,-0.456602,0.889661,0.004179,-0.889344,-0.456556,0.024993,0.024143,0.007696,0.999679,0,0.11181,0.03444,6.709,0.069,-1,400.000,-1,375.000,-1,325.000,300.000,300.000,275.000,-1,475.000,475.000,-1,700.000,650.000,-1,-1,2,0,2,0,2,0,0,0,0,2,0,0,2,0,0,2,2
86,-11360.013,3260.048,-210.502,242.902,-0.455545,0.890203,0.004197,-0.889870,-0.455495,0.025584,0.024687,0.007920,0.999664,0,0.19181,0.03412,11.509,0.068,-1,400.000,-1,375.000,-1,325.000,300.000,300.000,275.000,-1,475.000,475.000,-1,700.000,650.000,-1,-1,2,0,2,0,2,0,0,0,0,2,0,0,2,0,0,2,2
87,-11367.424,3245.520,-210.205,242.969,-0.454506,0.890734,0.004221,-0.890380,-0.454451,0.026423,0.025454,0.008251,0.999642,0,0.27181,0.03356,16.309,0.067,-1,400.000,-1,375.000,-1,325.000,300.000,300.000,275.000,-1,475.000,450.000,-1,700.000,650.000,-1,-1,2,0,2,0,2,0,0,0,0,2,0,0,2,0,0,2,2
88,-11376.996,3226.707,-209.820,243.035,-0.453494,0.891249,0.004241,-0.890867,-0.453430,0.027518,0.026448,0.008701,0.999612,0,0.35181,0.03276,21.109,0.066,-1,400.000,-1,375.000,-1,325.000,300.000,300.000,275.000,-1,450.000,450.000,-1,700.000,650.000,-1,-1,2,0,2,0,2,0,0,0,0,2,0,0,2,0,0,2,2
89,-11388.719,3203.602,-209.297,243.098,-0.452513,0.891747,0.004343,-0.891333,-0.452443,0.028663,0.027525,0.009099,0.999580,0,0.43181,0.03169,25.909,0.063,-1,400.000,-1,375.000,-1,325.000,300.000,300.000,275.000,-1,425.000,425.000,-1,700.000,650.000,-1,-1,2,0,2,0,2,0,0,0,0,2,0,0,2,0,0,2,2
90,-11402.584,3176.201,-208.559,243.159,-0.451567,0.892225,0.004669,-0.891783,-0.451498,0.029535,0.028460,0.009173,0.999553,0,0.51181,0.03033,30.709,0.061,-1,400.000,-1,375.000,-1,325.000,300.000,300.000,275.000,-1,450.000,425.000,-1,700.000,650.000,-1,-1,2,0,2,0,2,0,0,0,0,2,0,0,2,0,0,2,2
91,-11418.585,3144.502,-207.493,243.216,-0.450656,0.892681,0.005428,-0.892229,-0.450608,0.029661,0.028924,0.008524,0.999545,0,0.59181,0.02866,35.509,0.057,-1,375.000,-1,375.000,-1,325.000,300.000,300.000,275.000,-1,450.000,450.000,-1,700.000,650.000,-1,-1,2,0,2,0,2,0,0,0,0,2,0,0,2,0,0,2,2
92,-11436.716,3108.502,-206.085,243.270,-0.449783,0.893110,0.007082,-0.892639,-0.449782,0.029868,0.029861,0.007112,0.999529,0,0.67181,0.02665,40.309,0.053,-1,375.000,-1,375.000,-1,300.000,300.000,300.000,275.000,-1,475.000,475.000,-1,700.000,650.000,-1,-1,2,0,2,0,2,0,0,0,0,2,0,0,2,0,0,2,2
93,-11455.497,3071.131,-204.530,243.318,-0.448968,0.893500,0.009204,-0.893005,-0.449030,0.030238,0.031151,0.005356,0.999500,0,0.69708,0.02426,41.825,0.049,-1,375.000,-1,375.000,-1,300.000,300.000,300.000,275.000,-1,500.000,500.000,-1,700.000,675.000,-1,-1,2,0,2,0,2,0,0,0,0,2,0,0,2,0,0,2,2
94,-11474.256,3033.734,-202.976,243.361,-0.448231,0.893847,0.011281,-0.893328,-0.448358,0.030669,0.032472,0.003669,0.999466,0,0.69729,0.02166,41.837,0.043,-1,375.000,-1,375.000,-1,300.000,300.000,300.000,275.000,-1,500.000,525.000,-1,700.000,675.000,-1,-1,2,0,2,0,2,0,0,0,0,2,0,0,2,0,0,2,2
95,-11495.100,2992.533,-201.279,243.165,-0.451228,0.892306,0.013517,-0.891762,-0.451426,0.031234,0.033972,0.002040,0.999421,0,0.76956,-0.09834,46.173,-0.197,-1,375.000,-1,375.000,-1,300.000,300.000,300.000,275.000,-1,525.000,550.000,-1,700.000,675.000,-1,-1,2,0,2,0,2,0,0,0,0,2,0,0,2,0,0,2,2
96,-11515.828,2952.324,-199.633,242.728,-0.457947,0.888842,0.015667,-0.888271,-0.458214,0.031843,0.035482,0.000666,0.999370,0,0.75396,-0.21834,45.238,-0.437,-1,375.000,-1,375.000,-1,300.000,300.000,300.000,300.000,-1,525.000,550.000,-1,700.000,675.000,-1,-1,2,0,2,0,2,0,0,0,0,2,0,0,2,0,0,2,2
97,-11536.926,2912.227,-197.986,242.248,-0.465303,0.884973,0.017800,-0.884377,-0.465642,0.032473,0.037026,-0.000632,0.999314,0,0.75515,-0.23995,45.309,-0.480,-1,375.000,-1,375.000,-1,300.000,300.000,300.000,300.000,-1,525.000,575.000,-1,700.000,675.000,-1,-1,2,0,2,0,2,0,0,0,0,2,0,0,2,0,0,2,2
98,-11558.419,2872.227,-196.335,241.750,-0.472902,0.880890,0.019919,-0.880269,-0.473318,0.033121,0.038604,-0.001872,0.999253,0,0.75682,-0.24906,45.409,-0.498,-1,375.000,-1,375.000,-1,300.000,300.000,300.000,300.000,-1,500.000,575.000,-1,700.000,675.000,-1,-1,2,0,2,0,2,0,0,0,0,2,0,0,2,0,0,2,2
99,-11580.781,2831.672,-194.498,241.128,-0.482372,0.875696,0.021745,-0.875017,-0.482857,0.034564,0.040767,-0.002355,0.999166,0,0.77185,-0.31115,46.311,-0.622,-1,375.000,-1,375.000,-1,300.000,300.000,300.000,300.000,-1,475.000,575.000,-1,700.000,700.000,-1,-1,2,0,2,0,2,0,0,0,0,2,0,0,2,0,0,2,2
100,-11603.633,2791.297,-192.565,240.491,-0.492020,0.870275,0.023185,-0.869531,-0.492560,0.036069,0.042810,-0.002414,0.999080,0,0.77322,-0.31843,46.393,-0.637,-1,375.000,-1,375.000,-1,325.000,325.000,300.000,300.000,-1,475.000,575.000,-1,700.000,700.000,-1,-1,2,0,2,0,2,0,0,0,0,2,0,0,2,0,0,2,2
101,-11626.993,2751.097,-190.495,239.839,-0.501864,0.864615,0.023920,-0.863807,-0.502431,0.037435,0.044385,-0.001875,0.999013,0,0.77491,-0.32595,46.494,-0.652,-1,375.000,-1,375.000,-1,325.000,325.000,300.000,300.000,-1,475.000,550.000,-1,700.000,700.000,-1,-1,2,0,2,0,2,0,0,0,0,2,0,0,2,0,0,2,2
102,-11650.882,2711.068,-188.419,239.172,-0.511877,0.858705,0.024638,-0.857830,-0.512468,0.038791,0.045936,-0.001279,0.998944,0,0.77693,-0.33370,46.616,-0.667,-1,375.000,-1,375.000,-1,325.000,325.000,300.000,300.000,-1,475.000,550.000,-1,700.000,700.000,-1,-1,2,0,2,0,2,0,0,0,0,2,0,0,2,0,0,2,2
103,-11675.321,2671.206,-186.291,238.488,-0.522063,0.852533,0.025258,-0.851577,-0.522673,0.040365,0.047615,-0.000436,0.998866,0,0.77928,-0.34168,46.757,-0.683,-1,375.000,-1,375.000,-1,325.000,325.000,300.000,300.000,-1,475.000,550.000,-1,725.000,700.000,-1,-1,2,0,2,0,2,0,0,0,0,2,0,0,2,0,0,2,2
104,-11700.331,2631.509,-184.154,237.788,-0.532419,0.846086,0.025862,-0.845046,-0.533046,0.041950,0.049279,0.000481,0.998785,0,0.78198,-0.34988,46.919,-0.700,-1,375.000,-1,375.000,-1,325.000,325.000,300.000,300.000,-1,475.000,550.000,-1,725.000,700.000,-1,-1,2,0,2,0,2,0,0,0,0,2,0,0,2,0,0,2,2
105,-11728.249,2587.973,-181.801,237.329,-0.539167,0.841781,0.026521,-0.840648,-0.539818,0.043671,0.051078,0.001251,0.998694,0,0.86198,-0.22988,51.719,-0.460,-1,375.000,-1,375.000,-1,325.000,325.000,300.000,300.000,-1,475.000,550.000,-1,725.000,725.000,-1,-1,2,0,2,0,2,0,0,0,0,2,0,0,2,0,0,2,2
106,-11758.941,2540.513,-179.149,237.109,-0.542355,0.839704,0.027356,-0.838485,-0.543042,0.045259,0.052860,0.001609,0.998601,0,0.94198,-0.10988,56.519,-0.220,-1,375.000,-1,375.000,-1,325.000,325.000,300.000,300.000,-1,500.000,550.000,-1,725.000,725.000,-1,-1,2,0,2,0,2,0,0,0,0,2,0,0,2,0,0,2,2
107,-11789.990,2492.466,-176.130,237.129,-0.541982,0.839897,0.028790,-0.838655,-0.542746,0.045667,0.053981,0.000606,0.998542,0,0.95343,0.01012,57.206,0.020,-1,375.000,-1,375.000,-1,325.000,325.000,300.000,300.000,-1,525.000,600.000,-1,725.000,725.000,-1,-1,2,0,2,0,2,0,0,0,0,2,0,0,2,0,0,2,2
108,-11820.795,2444.318,-173.117,237.389,-0.538086,0.842353,0.030072,-0.841092,-0.538925,0.046084,0.055025,-0.000496,0.998485,0,0.95266,0.13012,57.160,0.260,-1,375.000,-1,375.000,-1,325.000,325.000,300.000,300.000,-1,550.000,625.000,-1,725.000,725.000,-1,-1,2,0,2,0,2,0,0,0,0,2,0,0,2,0,0,2,2
109,-11851.151,2395.946,-169.980,237.890,-0.530600,0.847025,0.031819,-0.845745,-0.531549,0.046595,0.056381,-0.002187,0.998407,0,0.95179,0.25012,57.108,0.500,-1,375.000,-1,375.000,-1,325.000,325.000,300.000,300.000,-1,600.000,650.000,-1,750.000,725.000,-1,-1,2,0,2,0,2,0,0,0,0,2,0,0,2,0,0,2,2
110,-11880.850,2347.234,-166.786,238.630,-0.519505,0.853817,0.033340,-0.852523,-0.520559,0.047153,0.057615,-0.003927,0.998331,0,0.95086,0.37012,57.052,0.740,-1,400.000,-1,400.000,-1,325.000,325.000,300.000,300.000,-1,625.000,700.000,-1,750.000,750.000,-1,-1,2,0,2,0,2,0,0,0,0,2,0,0,2,0,0,2,2
111,-11909.683,2298.069,-163.404,239.610,-0.504771,0.862593,0.033750,-0.861291,-0.505873,0.047644,0.058170,-0.005019,0.998294,0,0.94992,0.49012,56.995,0.980,-1,400.000,-1,400.000,-1,325.000,325.000,300.000,300.000,-1,675.000,750.000,-1,750.000,750.000,-1,-1,2,0,2,0,2,0,0,0,0,2,0,0,2,0,0,2,2
112,-11937.436,2248.349,-160.048,240.830,-0.486231,0.873164,0.034115,-0.871856,-0.487385,0.048193,0.058707,-0.006310,0.998255,0,0.94902,0.61012,56.941,1.220,-1,400.000,-1,400.000,-1,325.000,325.000,300.000,300.000,-1,725.000,800.000,-1,750.000,750.000,-1,-1,2,0,2,0,2,0,0,0,0,2,0,0,2,0,0,2,2
113,-11963.890,2197.980,-156.720,242.291,-0.463761,0.885292,0.034423,-0.883980,-0.464971,0.048804,0.059212,-0.007796,0.998215,0,0.94823,0.73012,56.894,1.460,-1,400.000,-1,400.000,-1,325.000,325.000,300.000,300.000,-1,775.000,850.000,-1,750.000,750.000,-1,-1,2,0,2,0,2,0,0,0,0,2,0,0,2,0,0,2,2
114,-11988.823,2146.880,-153.426,243.991,-0.437223,0.898685,0.034661,-0.897372,-0.438493,0.049478,0.059664,-0.009471,0.998174,0,0.94763,0.85012,56.858,1.700,-1,400.000,-1,400.000,-1,325.000,325.000,300.000,300.000,-1,825.000,875.000,-1,750.000,725.000,-1,-1,2,0,2,0,2,0,0,0,0,2,0,0,2,0,0,2,2
115,-12012.005,2094.983,-150.146,245.930,-0.406496,0.912994,0.034693,-0.911683,-0.407819,0.050183,0.059965,-0.011230,0.998137,0,0.94732,0.96976,56.839,1.940,-1,400.000,-1,400.000,-1,325.000,325.000,300.000,300.000,-1,900.000,850.000,-1,750.000,725.000,-1,-1,2,0,2,0,2,0,0,0,0,2,0,0,2,0,0,2,2
116,-12033.412,2042.325,-146.861,247.877,-0.375203,0.926300,0.034521,-0.924994,-0.376568,0.050827,0.060081,-0.012861,0.998111,0,0.94738,0.97316,56.843,1.946,-1,400.000,-1,400.000,-1,325.000,325.000,300.000,300.000,-1,950.000,875.000,-1,750.000,725.000,-1,-1,2,0,2,0,2,0,0,0,0,2,0,0,2,0,0,2,2
117,-12053.022,1988.935,-143.590,249.831,-0.343341,0.938576,0.034537,-0.937306,-0.344754,0.051009,0.059782,-0.014858,0.998101,0,0.94795,0.97705,56.877,1.954,-1,400.000,-1,375.000,-1,325.000,325.000,300.000,300.000,-1,975.000,900.000,-1,750.000,725.000,-1,-1,2,0,2,0,2,0,0,0,0,2,0,0,2,0,0,2,2
118,-12070.814,1934.842,-140.365,251.794,-0.310940,0.949805,0.034450,-0.948568,-0.312394,0.051271,0.059460,-0.016736,0.998090,0,0.94907,0.98143,56.944,1.963,-1,400.000,-1,375.000,-1,325.000,325.000,300.000,300.000,-1,975.000,925.000,-1,750.000,725.000,-1,-1,2,0,2,0,2,0,0,0,0,2,0,0,2,0,0,2,2
119,-12086.761,1880.071,-137.060,253.766,-0.278001,0.959957,0.034619,-0.958781,-0.279505,0.051144,0.058773,-0.018974,0.998091,0,0.95076,0.98627,57.046,1.973,-1,400.000,-1,375.000,-1,325.000,325.000,300.000,300.000,-1,-1,950.000,-1,775.000,725.000,-1,-1,2,0,2,0,2,0,0,0,0,2,2,0,2,0,0,2,2
120,-12100.837,1824.647,-133.613,255.749,-0.244513,0.968997,0.035459,-0.967896,-0.246105,0.051079,0.058222,-0.021831,0.998065,0,0.95305,0.99155,57.183,1.983,-1,400.000,-1,375.000,-1,325.000,325.000,300.000,300.000,-1,-1,1000.000,-1,775.000,725.000,-1,-1,2,0,2,0,2,0,0,0,0,2,2,0,2,0,0,2,2
121,-12112.987,1768.763,-130.215,257.733,-0.210728,0.976871,0.036277,-0.975845,-0.212404,0.051093,0.057617,-0.024634,0.998035,0,0.95316,0.99178,57.190,1.984,-1,400.000,-1,375.000,-1,325.000,325.000,300.000,300.000,-1,-1,-1,-1,775.000,725.000,-1,-1,2,0,2,0,2,0,0,0,0,2,2,2,2,0,0,2,2
122,-12123.196,1712.492,-126.875,259.717,-0.176694,0.983568,0.037066,-0.982617,-0.178451,0.051172,0.056946,-0.027380,0.998002,0,0.95316,0.99178,57.190,1.984,-1,400.000,-1,375.000,-1,325.000,325.000,300.000,300.000,-1,-1,-1,-1,775.000,725.000,-1,-1,2,0,2,0,2,0,0,0,0,2,2,2,2,0,0,2,2
123,-12131.450,1655.902,-123.599,261.700,-0.142453,0.989079,0.037821,-0.988205,-0.144289,0.051301,0.056198,-0.030067,0.997967,0,0.95316,0.99178,57.190,1.984,-1,400.000,-1,375.000,-1,325.000,325.000,300.000,300.000,-1,-1,-1,-1,775.000,725.000,-1,-1,2,0,2,0,2,0,0,0,0,2,2,2,2,0,0,2,2
124,-12137.741,1599.059,-120.393,263.684,-0.108049,0.993398,0.038539,-0.992603,-0.109959,0.051464,0.055362,-0.032694,0.997931,0,0.95316,0.99178,57.190,1.984,-1,400.000,-1,375.000,-1,325.000,325.000,300.000,300.000,-1,-1,-1,-1,800.000,725.000,-1,-1,2,0,2,0,2,0,0,0,0,2,2,2,2,0,0,2,2
125,-12142.061,1542.033,-117.266,265.667,-0.073522,0.996522,0.039220,-0.995807,-0.075502,0.051644,0.054426,-0.035259,0.997895,0,0.95316,0.99178,57.190,1.984,-1,400.000,-1,375.000,-1,325.000,325.000,300.000,300.000,-1,-1,-1,-1,800.000,725.000,-1,-1,2,0,2,0,2,0,0,0,0,2,2,2,2,0,0,2,2
126,-12144.404,1484.892,-114.223,267.651,-0.038916,0.998447,0.039864,-0.997816,-0.040960,0.051827,0.053379,-0.037760,0.997860,0,0.95316,0.99178,57.190,1.984,-1,400.000,-1,375.000,-1,325.000,325.000,300.000,300.000,-1,-1,-1,-1,800.000,725.000,-1,-1,2,0,2,0,2,0,0,0,0,2,2,2,2,0,0,2,2
127,-12144.768,1427.704,-111.271,269.634,-0.004272,0.999171,0.040475,-0.998627,-0.006376,0.051996,0.052211,-0.040197,0.997827,0,0.95316,0.99178,57.190,1.984,-1,400.000,-1,375.000,-1,325.000,325.000,300.000,300.000,-1,-1,-1,-1,825.000,725.000,-1,-1,2,0,2,0,2,0,0,0,0,2,2,2,2,0,0,2,2
128,-12143.152,1370.537,-108.417,271.618,0.030366,0.998695,0.041058,-0.998241,0.028209,0.052137,0.050911,-0.042569,0.997796,0,0.95316,0.99178,57.190,1.984,-1,400.000,-1,375.000,-1,325.000,325.000,300.000,300.000,-1,-1,-1,-1,825.000,750.000,-1,-1,2,0,2,0,2,0,0,0,0,2,2,2,2,0,0,2,2
129,-12139.558,1313.461,-105.631,273.602,0.064957,0.997014,0.041754,-0.996669,0.062753,0.052091,0.049316,-0.044999,0.997769,0,0.95316,0.99178,57.190,1.984,-1,400.000,-1,400.000,-1,325.000,325.000,300.000,300.000,-1,-1,-1,-1,825.000,750.000,-1,-1,2,0,2,0,2,0,0,0,0,2,2,2,2,0,0,2,2
130,-12133.991,1256.543,-102.975,275.585,0.099462,0.994118,0.042856,-0.993920,0.097213,0.051707,0.047237,-0.047739,0.997742,0,0.95316,0.99178,57.190,1.984,-1,400.000,-1,400.000,-1,325.000,325.000,300.000,300.000,-1,-1,-1,-1,825.000,750.000,-1,-1,2,0,2,0,2,0,0,0,0,2,2,2,2,0,0,2,2
131,-12126.457,1199.853,-100.457,277.569,0.133835,0.990022,0.044096,-0.989983,0.131546,0.051276,0.044964,-0.050517,0.997711,0,0.95316,0.99178,57.190,1.984,-1,400.000,-1,400.000,-1,325.000,325.000,300.000,300.000,-1,-1,-1,-1,825.000,775.000,-1,-1,2,0,2,0,2,0,0,0,0,2,2,2,2,0,0,2,2
132,-12116.964,1143.457,-98.058,279.552,0.168030,0.984738,0.045359,-0.984864,0.165711,0.050816,0.042524,-0.053212,0.997677,0,0.95316,0.99178,57.190,1.984,-1,400.000,-1,400.000,-1,325.000,325.000,300.000,300.000,-1,-1,-1,-1,825.000,775.000,-1,-1,2,0,2,0,2,0,0,0,0,2,2,2,2,0,0,2,2
133,-12105.526,1087.424,-95.788,281.536,0.202006,0.978273,0.046647,-0.978570,0.199668,0.050330,0.039923,-0.055815,0.997643,0,0.95316,0.99178,57.190,1.984,-1,400.000,-1,400.000,-1,325.000,325.000,300.000,300.000,-1,-1,-1,-1,825.000,775.000,-1,-1,2,0,2,0,2,0,0,0,0,2,2,2,2,0,0,2,2
134,-12092.155,1031.820,-93.654,283.519,0.235723,0.970636,0.047961,-0.971109,0.233376,0.049822,0.037166,-0.058320,0.997606,0,0.95316,0.99178,57.190,1.984,-1,400.000,-1,400.000,-1,325.000,325.000,300.000,300.000,-1,-1,-1,-1,825.000,775.000,-1,-1,2,0,2,0,2,0,0,0,0,2,2,2,2,0,0,2,2
135,-12078.362,981.279,-91.818,285.263,0.265112,0.962962,0.049188,-0.963597,0.262767,0.049340,0.034588,-0.060478,0.997570,0,0.87316,0.87178,52.390,1.744,-1,400.000,-1,400.000,-1,325.000,325.000,300.000,300.000,-1,-1,-1,-1,825.000,775.000,-1,-1,2,0,2,0,2,0,0,0,0,2,2,2,2,0,0,2,2
136,-12064.632,935.714,-90.248,286.766,0.290248,0.955627,0.050320,-0.956408,0.287911,0.048892,0.032234,-0.062317,0.997536,0,0.79316,0.75178,47.590,1.504,-1,400.000,-1,400.000,-1,325.000,325.000,300.000,300.000,-1,-1,-1,-1,800.000,775.000,-1,-1,2,0,2,0,2,0,0,0,0,2,2,2,2,0,0,2,2
