timestep,x_cm,y_cm,z_cm,yaw_deg,basis_xx,basis_xy,basis_xz,basis_yx,basis_yy,basis_yz,basis_zx,basis_zy,basis_zz,teleport_flag,throttle_cmd,steering_cmd,cmd_move_cm,cmd_turn_deg,lidar_cm_0,lidar_cm_1,lidar_cm_2,lidar_cm_3,lidar_cm_4,lidar_cm_5,lidar_cm_6,lidar_cm_7,lidar_cm_8,lidar_cm_9,lidar_cm_10,lidar_cm_11,lidar_cm_12,lidar_cm_13,lidar_cm_14,lidar_cm_15,lidar_cm_16,lidar_class_0,lidar_class_1,lidar_class_2,lidar_class_3,lidar_class_4,lidar_class_5,lidar_class_6,lidar_class_7,lidar_class_8,lidar_class_9,lidar_class_10,lidar_class_11,lidar_class_12,lidar_class_13,lidar_class_14,lidar_class_15,lidar_class_16
0,-7538.452,8854.525,-134.145,-6.702,0.992802,0.116690,0.026964,-0.116124,0.992998,-0.021695,-0.029307,0.018408,0.999401,1,0.08000,0.12000,4.800,0.240,-1,400.000,-1,400.000,-1,325.000,325.000,300.000,300.000,-1,-1,-1,-1,850.000,800.000,-1,-1,2,0,2,0,2,0,0,0,0,2,2,2,2,0,0,2,2
1,-7528.909,8853.485,-134.422,-6.222,0.993740,0.108366,0.027150,-0.107794,0.993936,-0.021729,-0.029340,0.018666,0.999395,0,0.16000,0.24000,9.600,0.480,-1,400.000,-1,400.000,-1,325.000,325.000,300.000,300.000,-1,-1,-1,-1,850.000,775.000,-1,-1,2,0,2,0,2,0,0,0,0,2,2,2,2,0,0,2,2
2,-7514.579,8852.058,-134.834,-5.687,0.994701,0.099077,0.027437,-0.098496,0.994899,-0.021778,-0.029454,0.018960,0.999386,0,0.24000,0.26761,14.400,0.535,-1,400.000,-1,400.000,-1,325.000,325.000,300.000,300.000,-1,-1,-1,-1,850.000,775.000,-1,-1,2,0,2,0,2,0,0,0,0,2,2,2,2,0,0,2,2
3,-7495.457,8850.334,-135.378,-5.152,0.995572,0.089787,0.027825,-0.089194,0.995775,-0.021840,-0.029668,0.019261,0.999374,0,0.32000,0.26737,19.200,0.535,-1,400.000,-1,400.000,-1,325.000,325.000,300.000,300.000,-1,-1,-1,-1,850.000,775.000,-1,-1,2,0,2,0,2,0,0,0,0,2,2,2,2,0,0,2,2
4,-7471.535,8848.401,-136.054,-4.618,0.996353,0.080494,0.028316,-0.079888,0.996563,-0.021908,-0.029982,0.019566,0.999359,0,0.40000,0.26722,24.000,0.534,-1,400.000,-1,400.000,-1,325.000,325.000,300.000,300.000,-1,-1,-1,-1,850.000,775.000,-1,-1,2,0,2,0,2,0,0,0,0,2,2,2,2,0,0,2,2
5,-7442.808,8846.351,-136.860,-4.084,0.997043,0.071198,0.028908,-0.070577,0.997264,-0.021979,-0.030394,0.019874,0.999340,0,0.48000,0.26712,28.800,0.534,-1,400.000,-1,400.000,-1,325.000,325.000,300.000,300.000,-1,-1,-1,-1,850.000,775.000,-1,-1,2,0,2,0,2,0,0,0,0,2,2,2,2,0,0,2,2
6,-7409.272,8844.270,-137.794,-3.550,0.997643,0.061900,0.029602,-0.061260,0.997878,-0.022046,-0.030904,0.020181,0.999319,0,0.56000,0.26701,33.600,0.534,-1,400.000,-1,400.000,-1,325.000,325.000,300.000,300.000,-1,-1,-1,-1,850.000,775.000,-1,-1,2,0,2,0,2,0,0,0,0,2,2,2,2,0,0,2,2
7,-7370.926,8842.250,-138.855,-3.016,0.998153,0.052601,0.030397,-0.051941,0.998405,-0.022105,-0.031511,0.020485,0.999293,0,0.64000,0.26687,38.400,0.534,-1,400.000,-1,400.000,-1,325.000,325.000,300.000,300.000,-1,-1,-1,-1,850.000,775.000,-1,-1,2,0,2,0,2,0,0,0,0,2,2,2,2,0,0,2,2
8,-7327.766,8840.379,-140.042,-2.483,0.998572,0.043306,0.031293,-0.042624,0.998846,-0.022151,-0.032216,0.020785,0.999265,0,0.72000,0.26664,43.200,0.533,-1,400.000,-1,400.000,-1,325.000,325.000,300.000,300.000,-1,-1,-1,-1,850.000,775.000,-1,-1,2,0,2,0,2,0,0,0,0,2,2,2,2,1,0,2,2
9,-7281.334,8838.798,-141.310,-1.950,0.998900,0.034020,0.032258,-0.033314,0.999199,-0.022175,-0.032987,0.021076,0.999234,0,0.77432,0.26628,46.459,0.533,-1,400.000,-1,400.000,-1,325.000,325.000,300.000,300.000,-1,-1,-1,-1,825.000,775.000,-1,-1,2,0,2,0,2,0,0,0,0,2,2,2,2,1,0,2,2
10,-7234.043,8837.627,-142.594,-1.419,0.999141,0.024751,0.033242,-0.024021,0.999466,-0.022173,-0.033773,0.021355,0.999201,0,0.78842,0.26572,47.305,0.531,-1,400.000,-1,400.000,-1,325.000,325.000,300.000,300.000,-1,-1,-1,-1,800.000,750.000,-1,950.000,2,0,2,0,2,0,0,0,0,2,2,2,2,1,1,2,1
11,-7185.881,8836.880,-144.327,-0.889,0.999303,0.015509,0.033957,-0.014788,0.999662,-0.021390,-0.034277,0.020873,0.999194,0,0.80279,0.26487,48.167,0.530,-1,400.000,-1,400.000,-1,325.000,325.000,300.000,300.000,-1,-1,-1,-1,775.000,725.000,-1,900.000,2,0,2,0,2,0,0,0,0,2,2,2,2,1,1,2,1
12,-7136.837,8836.570,-146.265,-0.361,0.999372,0.006306,0.034882,-0.005589,0.999772,-0.020629,-0.035005,0.020421,0.999178,0,0.81742,0.26373,49.045,0.527,-1,400.000,-1,400.000,950.000,325.000,325.000,300.000,300.000,-1,-1,-1,-1,750.000,700.000,-1,850.000,2,0,2,0,1,0,0,0,0,2,2,2,2,1,1,2,1
13,-7086.899,8836.712,-148.230,0.163,0.999354,-0.002847,0.035830,0.003559,0.999797,-0.019825,-0.035767,0.019940,0.999161,0,0.83231,0.26227,49.939,0.525,-1,400.000,-1,400.000,875.000,325.000,325.000,300.000,300.000,-1,-1,-1,-1,725.000,650.000,-1,800.000,2,0,2,0,1,0,0,0,0,2,2,2,2,1,1,2,1
14,-7036.054,8837.319,-150.225,0.684,0.999251,-0.011937,0.036803,0.012642,0.999740,-0.018977,-0.036567,0.019428,0.999142,0,0.84747,0.26046,50.848,0.521,-1,400.000,975.000,400.000,800.000,325.000,325.000,300.000,300.000,-1,-1,-1,-1,700.000,625.000,-1,750.000,2,0,1,0,1,0,0,0,0,2,2,2,2,1,1,2,1
15,-6984.293,8838.404,-152.250,1.201,0.999066,-0.020950,0.037801,0.021646,0.999602,-0.018085,-0.037407,0.018887,0.999122,0,0.86288,0.25830,51.773,0.517,-1,400.000,925.000,400.000,725.000,325.000,325.000,300.000,300.000,-1,-1,-1,-1,675.000,575.000,-1,675.000,2,0,1,0,1,0,0,0,0,2,2,2,2,1,1,2,1
16,-6931.602,8839.979,-154.308,1.712,0.998799,-0.029873,0.038827,0.030557,0.999386,-0.017150,-0.038291,0.018316,0.999099,0,0.87856,0.25574,52.714,0.511,-1,400.000,875.000,400.000,675.000,325.000,325.000,300.000,300.000,-1,-1,-1,-1,650.000,550.000,-1,625.000,2,0,1,0,1,0,0,0,0,2,2,2,2,1,1,2,1
17,-6877.973,8842.056,-156.399,2.218,0.998455,-0.038689,0.039883,0.039360,0.999094,-0.016170,-0.039222,0.017715,0.999073,0,0.89450,0.25275,53.670,0.505,-1,400.000,850.000,375.000,600.000,325.000,325.000,300.000,300.000,-1,-1,-1,-1,625.000,500.000,-1,575.000,2,1,1,1,1,0,0,0,0,2,2,2,2,1,1,2,1
18,-6823.393,8844.645,-158.526,2.716,0.998036,-0.047382,0.040971,0.048037,0.998731,-0.015146,-0.040202,0.017085,0.999046,0,0.91069,0.24930,54.641,0.499,-1,375.000,800.000,350.000,550.000,325.000,325.000,300.000,300.000,-1,-1,-1,-1,600.000,475.000,-1,500.000,2,1,1,1,1,1,1,0,0,2,2,2,2,1,1,2,1
19,-6767.852,8847.757,-160.690,3.207,0.997547,-0.055934,0.042093,0.056570,0.998299,-0.014079,-0.041234,0.016426,0.999014,0,0.92713,0.24533,55.628,0.491,-1,350.000,750.000,325.000,475.000,300.000,300.000,300.000,300.000,-1,-1,-1,-1,575.000,425.000,-1,450.000,2,1,1,1,1,1,1,0,0,2,2,2,2,1,1,2,1
20,-6711.341,8851.400,-162.894,3.689,0.996991,-0.064324,0.043252,0.064939,0.997805,-0.012968,-0.042323,0.015738,0.998980,0,0.94380,0.24081,56.628,0.482,-1,350.000,700.000,300.000,425.000,275.000,275.000,300.000,300.000,-1,-1,-1,-1,525.000,400.000,-1,375.000,2,1,1,1,1,1,1,0,0,2,2,2,2,1,1,2,1
21,-6653.850,8855.581,-165.139,4.160,0.996375,-0.072531,0.044450,0.073121,0.997253,-0.011813,-0.043471,0.015021,0.998942,0,0.96071,0.23565,57.643,0.471,-1,325.000,625.000,275.000,350.000,250.000,250.000,300.000,300.000,-1,-1,-1,-1,500.000,350.000,-1,325.000,2,1,1,1,1,1,1,0,0,2,2,2,2,1,1,2,1
22,-6595.371,8860.306,-167.428,4.619,0.995705,-0.080528,0.045689,0.081092,0.996650,-0.010616,-0.044681,0.014275,0.998899,0,0.97783,0.22978,58.670,0.460,-1,300.000,575.000,250.000,275.000,225.000,225.000,300.000,300.000,-1,-1,-1,-1,475.000,325.000,-1,275.000,2,1,1,1,1,1,1,0,0,2,2,2,2,1,1,2,1
23,-6535.897,8865.578,-166.783,5.066,0.995435,-0.088296,0.036244,0.088314,0.996092,0.001095,-0.036199,0.002111,0.999342,0,0.99514,0.22311,59.708,0.446,-1,275.000,575.000,225.000,250.000,225.000,200.000,300.000,325.000,-1,-1,-1,-1,475.000,300.000,-1,250.000,2,1,1,1,1,1,1,0,0,2,2,2,2,1,1,2,1
24,-6476.174,8871.326,-163.047,5.497,0.995279,-0.095782,0.015649,0.095618,0.995358,0.010899,-0.016620,-0.009352,0.999818,0,1.00000,0.21549,60.000,0.431,-1,300.000,-1,225.000,275.000,225.000,200.000,300.000,375.000,-1,350.000,725.000,-1,550.000,300.000,-1,250.000,2,1,2,1,1,1,1,0,0,2,0,0,2,1,1,2,1
25,-6416.494,8877.506,-159.291,5.910,0.994673,-0.102949,-0.005157,0.103032,0.994476,0.020040,0.003066,-0.020465,0.999786,0,1.00000,0.20683,60.000,0.414,-1,325.000,-1,225.000,275.000,250.000,200.000,300.000,425.000,-1,125.000,300.000,-1,-1,325.000,-1,250.000,2,1,2,1,1,1,1,0,0,2,0,0,2,2,1,2,1
26,-6356.856,8884.096,-155.683,6.304,0.993628,-0.109752,-0.025665,0.110487,0.993447,0.029253,0.022286,-0.031903,0.999242,0,1.00000,0.19700,60.000,0.394,-1,350.000,-1,225.000,275.000,250.000,200.000,325.000,450.000,850.000,100.000,200.000,-1,-1,325.000,-1,250.000,2,1,2,1,1,1,1,0,0,0,0,0,2,2,1,2,1
27,8199.161,8199.139,-445.217,-66.643,0.399289,0.916822,-0.002526,-0.909879,0.395923,-0.123953,-0.112642,0.051792,0.992285,1,0.00000,0.00000,60.000,0.372,800.000,300.000,875.000,275.000,300.000,250.000,250.000,525.000,350.000,-1,0.000,50.000,-1,475.000,400.000,625.000,300.000,0,0,0,0,0,0,0,0,0,2,1,1,2,0,0,0,0
28,328.018,-6231.348,83.598,-71.590,0.308515,0.946106,-0.098497,-0.947390,0.314903,0.057339,0.085266,0.075625,0.993484,1,0.00000,0.00000,4.800,-0.240,-1,600.000,-1,400.000,-1,400.000,350.000,400.000,150.000,-1,0.000,-1,-1,-1,875.000,-1,-1,2,0,2,0,2,0,0,0,0,2,1,2,2,2,0,2,2
29,329.550,-6235.897,84.339,-71.350,0.312892,0.944966,-0.095588,-0.946134,0.318926,0.055831,0.083244,0.072970,0.993854,0,0.08000,0.12000,4.800,0.240,-1,575.000,-1,400.000,-1,400.000,350.000,400.000,150.000,-1,0.000,-1,-1,-1,875.000,-1,-1,2,0,2,0,2,0,0,0,0,2,1,2,2,2,0,2,2
30,332.689,-6244.967,85.817,-70.870,0.321596,0.942614,-0.089749,-0.943559,0.326954,0.052886,0.079195,0.067675,0.994559,0,0.16000,0.24000,9.600,0.480,-1,575.000,-1,400.000,-1,400.000,350.000,375.000,150.000,-1,0.000,-1,-1,-1,850.000,-1,-1,2,0,2,0,2,0,0,0,0,2,1,2,2,2,0,2,2
31,337.541,-6258.524,87.976,-70.274,0.332466,0.939621,-0.081103,-0.940264,0.336915,0.048910,0.073282,0.059997,0.995505,0,0.24000,0.29825,14.400,0.596,-1,550.000,-1,400.000,-1,400.000,350.000,375.000,175.000,-1,0.000,-1,-1,-1,850.000,-1,-1,2,0,2,0,2,0,0,0,0,2,1,2,2,2,0,2,2
32,344.204,-6276.529,90.739,-69.666,0.343633,0.936500,-0.069880,-0.936802,0.347047,0.044273,0.065714,0.050250,0.996572,0,0.32000,0.30380,19.200,0.608,-1,525.000,-1,400.000,-1,375.000,350.000,350.000,175.000,-1,0.000,-1,-1,-1,850.000,-1,-1,2,0,2,0,2,0,0,0,0,2,1,2,2,2,0,2,2
33,352.778,-6298.943,94.048,-69.044,0.355034,0.933157,-0.056291,-0.933137,0.357386,0.039129,0.056631,0.038635,0.997647,0,0.40000,0.31126,24.000,0.623,-1,500.000,-1,400.000,-1,375.000,350.000,350.000,200.000,-1,0.000,-1,-1,-1,825.000,-1,-1,2,0,2,0,2,0,0,0,0,2,1,2,2,2,0,2,2
34,362.854,-6324.415,97.658,-68.403,0.366553,0.929479,-0.041329,-0.929225,0.367959,0.033864,0.046684,0.025991,0.998572,0,0.45655,0.32066,27.393,0.641,-1,475.000,-1,400.000,-1,350.000,350.000,325.000,225.000,-1,0.000,-1,-1,-1,825.000,-1,-1,2,0,2,0,2,0,0,0,0,2,1,2,2,2,0,2,2
35,373.325,-6350.009,101.151,-67.740,0.378087,0.925384,-0.026731,-0.925030,0.378781,0.029047,0.037005,0.013745,0.999221,0,0.46091,0.33148,27.655,0.663,-1,450.000,-1,400.000,-1,350.000,325.000,325.000,250.000,-1,0.000,-1,-1,-1,800.000,-1,-1,2,0,2,0,2,0,0,0,0,2,1,2,2,2,0,2,2
36,384.216,-6375.741,104.514,-67.055,0.389656,0.920875,-0.012546,-0.920546,0.389853,0.024696,0.027633,0.001926,0.999616,0,0.46570,0.34249,27.942,0.685,-1,450.000,-1,400.000,-1,350.000,325.000,300.000,275.000,-1,-1,-1,-1,-1,800.000,-1,-1,2,0,2,0,2,0,0,0,0,2,2,2,2,2,0,2,2
37,395.551,-6401.621,107.737,-66.347,0.401285,0.915953,0.001168,-0.915764,0.401176,0.020825,0.018606,-0.009426,0.999782,0,0.47091,0.35371,28.255,0.707,-1,425.000,-1,400.000,-1,325.000,325.000,300.000,275.000,-1,-1,-1,-1,950.000,775.000,-1,-1,2,0,2,0,2,0,0,0,0,2,2,2,2,0,0,2,2
38,407.356,-6427.662,110.285,-65.617,0.413000,0.910652,0.011971,-0.910658,0.412766,0.018051,0.011497,-0.018356,0.999765,0,0.47652,0.36512,28.591,0.730,-1,425.000,-1,400.000,-1,325.000,325.000,300.000,300.000,-1,-1,-1,-1,900.000,775.000,-1,-1,2,0,2,0,2,0,0,0,0,2,2,2,2,0,0,2,2
39,419.654,-6453.871,110.584,-64.863,0.424938,0.905133,0.012718,-0.905158,0.424700,0.017847,0.010753,-0.019095,0.999760,0,0.48253,0.37674,28.952,0.753,-1,425.000,-1,400.000,-1,325.000,325.000,300.000,300.000,-1,-1,-1,-1,900.000,775.000,-1,-1,2,0,2,0,2,0,0,0,0,2,2,2,2,0,0,2,2
40,432.474,-6480.257,110.828,-64.086,0.437171,0.899279,0.013413,-0.899325,0.436932,0.017477,0.009856,-0.019703,0.999757,0,0.48891,0.38858,29.335,0.777,-1,425.000,-1,400.000,-1,325.000,325.000,300.000,300.000,-1,-1,-1,-1,900.000,775.000,-1,-1,2,0,2,0,2,0,0,0,0,2,2,2,2,0,0,2,2
41,447.679,-6510.818,111.098,-63.549,0.445575,0.895131,0.014276,-0.895200,0.445338,0.017058,0.008912,-0.020380,0.999753,0,0.56891,0.26858,34.135,0.537,-1,425.000,-1,400.000,-1,325.000,325.000,300.000,300.000,-1,-1,-1,-1,900.000,775.000,-1,-1,2,0,2,0,2,0,0,0,0,2,2,2,2,0,0,2,2
42,465.202,-6545.586,111.382,-63.252,0.450203,0.892795,0.015314,-0.892891,0.449967,0.016580,0.007912,-0.021138,0.999745,0,0.64891,0.14858,38.935,0.297,-1,425.000,-1,400.000,-1,325.000,325.000,300.000,300.000,-1,-1,-1,-1,900.000,775.000,-1,-1,2,0,2,0,2,0,0,0,0,2,2,2,2,0,0,2,2
43,484.925,-6584.622,111.665,-63.195,0.451083,0.892329,0.016538,-0.892456,0.450849,0.016036,0.006853,-0.021993,0.999735,0,0.72891,0.02858,43.735,0.057,-1,425.000,-1,400.000,-1,325.000,325.000,300.000,300.000,-1,-1,-1,-1,900.000,775.000,-1,-1,2,0,2,0,2,0,0,1,0,2,2,2,2,0,0,2,2
44,506.674,-6628.011,111.940,-63.378,0.448219,0.893743,0.017967,-0.893905,0.447990,0.015434,0.005745,-0.022979,0.999719,0,0.80891,-0.09142,48.535,-0.183,-1,425.000,-1,400.000,-1,325.000,325.000,275.000,300.000,-1,-1,-1,-1,900.000,775.000,-1,-1,2,0,2,0,2,0,0,1,0,2,2,2,2,0,0,2,2
45,529.193,-6673.774,112.193,-63.800,0.441594,0.897003,0.019533,-0.897203,0.441371,0.014775,0.004632,-0.024050,0.999700,0,0.85006,-0.21142,51.003,-0.423,-1,425.000,-1,400.000,-1,325.000,325.000,275.000,300.000,-1,-1,-1,-1,900.000,775.000,-1,-1,2,0,2,0,2,0,0,1,0,2,2,2,2,0,0,2,2
46,551.230,-6719.899,112.419,-64.463,0.431169,0.902024,0.021143,-0.902264,0.430952,0.014126,0.003630,-0.025168,0.999677,0,0.85199,-0.33142,51.119,-0.663,-1,425.000,-1,400.000,-1,325.000,325.000,250.000,300.000,-1,-1,-1,-1,900.000,775.000,-1,-1,2,0,2,0,2,0,0,1,0,2,2,2,2,0,0,2,2
47,572.572,-6766.440,112.648,-65.366,0.416884,0.908677,0.022667,-0.908955,0.416674,0.013535,0.002854,-0.026246,0.999651,0,0.85335,-0.45142,51.201,-0.903,-1,425.000,-1,400.000,-1,325.000,325.000,250.000,300.000,-1,-1,-1,-1,900.000,775.000,-1,-1,2,0,2,0,2,0,0,1,0,2,2,2,2,0,0,2,2
48,593.019,-6813.437,112.857,-66.488,0.399000,0.916630,0.024259,-0.916948,0.398795,0.012972,0.002216,-0.027420,0.999622,0,0.85420,-0.56080,51.252,-1.122,-1,425.000,-1,400.000,-1,325.000,325.000,250.000,300.000,-1,-1,-1,-1,900.000,775.000,-1,-1,2,0,2,0,2,0,0,1,0,2,2,2,2,0,0,2,2
49,612.574,-6860.843,113.037,-67.584,0.381364,0.924061,0.025921,-0.924423,0.381165,0.012431,0.001607,-0.028703,0.999587,0,0.85469,-0.54833,51.281,-1.097,-1,425.000,-1,400.000,-1,325.000,325.000,250.000,300.000,925.000,-1,-1,-1,900.000,750.000,-1,-1,2,0,2,0,2,0,0,1,0,1,2,2,2,0,0,2,2
50,631.254,-6908.648,113.179,-68.657,0.363975,0.930996,0.027720,-0.931408,0.363782,0.011887,0.000983,-0.030146,0.999545,0,0.85541,-0.53639,51.324,-1.073,-1,425.000,-1,400.000,-1,325.000,325.000,250.000,300.000,825.000,-1,-1,-1,900.000,750.000,-1,-1,2,0,2,0,2,0,0,1,0,1,2,2,2,0,0,2,2
51,649.077,-6956.847,113.300,-69.707,0.346830,0.937462,0.029572,-0.937928,0.346644,0.011360,0.000398,-0.031676,0.999498,0,0.85649,-0.52498,51.389,-1.050,-1,425.000,-1,400.000,-1,325.000,325.000,275.000,300.000,725.000,-1,-1,-1,875.000,750.000,-1,-1,2,0,2,0,2,0,0,1,0,1,2,2,2,0,0,2,2
52,665.128,-7002.213,113.387,-70.517,0.333519,0.942222,0.031345,-0.942743,0.333342,0.010875,-0.000202,-0.033177,0.999449,0,0.80203,-0.40498,48.122,-0.810,-1,425.000,-1,400.000,-1,325.000,325.000,300.000,300.000,650.000,-1,-1,-1,875.000,750.000,-1,-1,2,0,2,0,2,0,0,1,0,1,2,2,2,0,0,2,2
53,680.769,-7047.862,113.382,-71.087,0.324106,0.945449,0.032894,-0.946020,0.323937,0.010489,-0.000739,-0.034518,0.999404,0,0.80424,-0.28498,48.254,-0.570,-1,425.000,-1,400.000,-1,325.000,325.000,300.000,300.000,575.000,-1,-1,-1,875.000,750.000,-1,-1,2,0,2,0,2,0,0,0,0,1,2,2,2,0,0,2,2
54,696.207,-7093.778,113.331,-71.417,0.318630,0.947253,0.034452,-0.947878,0.318472,0.010117,-0.001389,-0.035880,0.999355,0,0.80735,-0.16498,48.441,-0.330,-1,400.000,-1,400.000,-1,325.000,325.000,300.000,300.000,550.000,-1,-1,-1,875.000,750.000,-1,-1,2,0,2,0,2,0,0,0,0,1,2,2,2,0,0,2,2
55,711.649,-7139.947,113.238,-71.507,0.317109,0.947703,0.036067,-0.948386,0.316968,0.009734,-0.002207,-0.037292,0.999302,0,0.81138,-0.04498,48.683,-0.090,-1,400.000,-1,400.000,-1,325.000,325.000,300.000,300.000,550.000,-1,-1,-1,875.000,750.000,-1,-1,2,0,2,0,2,0,0,0,0,1,2,2,2,0,0,2,2
56,727.307,-7186.355,113.111,-71.357,0.319553,0.946815,0.037778,-0.947563,0.319430,0.009404,-0.003164,-0.038802,0.999242,0,0.81632,0.07502,48.979,0.150,-1,400.000,-1,400.000,-1,325.000,325.000,300.000,300.000,550.000,-1,-1,-1,875.000,750.000,-1,-1,2,0,2,0,2,0,0,0,0,1,2,2,2,0,0,2,2
57,743.378,-7232.993,112.929,-70.988,0.325600,0.944680,0.039543,-0.945498,0.325500,0.009112,-0.004263,-0.040355,0.999176,0,0.82215,0.18447,49.329,0.369,-1,400.000,-1,400.000,-1,325.000,325.000,300.000,300.000,550.000,-1,-1,-1,875.000,750.000,-1,-1,2,0,2,0,2,0,0,0,0,1,2,2,2,0,0,2,2
58,759.895,-7279.899,112.685,-70.602,0.331918,0.942403,0.041329,-0.943293,0.331844,0.008817,-0.005405,-0.041912,0.999107,0,0.82882,0.19327,49.729,0.387,-1,400.000,-1,400.000,-1,325.000,325.000,300.000,300.000,550.000,-1,-1,-1,875.000,750.000,-1,-1,2,0,2,0,2,0,0,0,0,1,2,2,2,0,0,2,2
59,776.889,-7327.092,112.408,-70.198,0.338498,0.939982,0.043048,-0.940943,0.338461,0.008372,-0.006700,-0.043340,0.999038,0,0.83599,0.20200,50.160,0.404,-1,400.000,-1,400.000,-1,325.000,325.000,300.000,300.000,550.000,-1,-1,-1,875.000,750.000,-1,-1,2,0,2,0,2,0,0,0,0,1,2,2,2,0,0,2,2
60,794.389,-7374.591,112.111,-69.776,0.345348,0.937417,0.044541,-0.938442,0.345345,0.008005,-0.007878,-0.044564,0.998975,0,0.84368,0.21067,50.621,0.421,-1,400.000,-1,400.000,-1,325.000,325.000,300.000,300.000,575.000,-1,-1,-1,875.000,750.000,-1,-1,2,0,2,0,2,0,0,0,0,1,2,2,2,0,0,2,2
61,812.425,-7422.415,111.747,-69.338,0.352457,0.934695,0.046034,-0.935784,0.352491,0.007636,-0.009089,-0.045769,0.998911,0,0.85186,0.21929,51.112,0.439,-1,400.000,-1,400.000,-1,325.000,325.000,300.000,300.000,600.000,-1,-1,-1,875.000,750.000,-1,-1,2,0,2,0,2,0,0,0,0,1,2,2,2,0,0,2,2
62,831.028,-7470.579,111.308,-68.882,0.359820,0.931810,0.047536,-0.932965,0.359895,0.007262,-0.010341,-0.046962,0.998843,0,0.86053,0.22788,51.632,0.456,-1,400.000,-1,400.000,-1,325.000,325.000,300.000,300.000,600.000,-1,-1,-1,875.000,750.000,-1,-1,2,0,2,0,2,0,0,0,0,1,2,2,2,0,0,2,2
63,850.141,-7518.899,110.794,-68.420,0.367250,0.928828,0.049041,-0.930049,0.367370,0.006884,-0.011621,-0.048138,0.998773,0,0.86605,0.23080,51.963,0.462,-1,400.000,-1,400.000,-1,325.000,325.000,300.000,300.000,625.000,-1,-1,-1,875.000,750.000,-1,-1,2,0,2,0,2,0,0,0,0,1,2,2,2,0,0,2,2
64,869.654,-7567.117,110.184,-67.969,0.374496,0.925847,0.050593,-0.927139,0.374658,0.006602,-0.012843,-0.049379,0.998698,0,0.86694,0.22585,52.016,0.452,-1,400.000,-1,400.000,-1,325.000,325.000,300.000,300.000,650.000,-1,-1,-1,875.000,750.000,-1,-1,2,0,2,0,2,0,0,0,0,1,2,2,2,0,0,2,2
65,889.565,-7615.247,109.496,-67.527,0.381552,0.922876,0.052144,-0.924241,0.381758,0.006330,-0.014065,-0.050608,0.998620,0,0.86810,0.22077,52.086,0.442,-1,400.000,-1,400.000,-1,325.000,325.000,300.000,300.000,675.000,-1,-1,-1,875.000,750.000,-1,-1,2,0,2,0,2,0,0,0,0,1,2,2,2,0,0,2,2
66,909.870,-7663.304,108.729,-67.096,0.388413,0.919920,0.053691,-0.921358,0.388667,0.006066,-0.015288,-0.051825,0.998539,0,0.86952,0.21555,52.171,0.431,-1,400.000,-1,400.000,-1,325.000,325.000,300.000,300.000,700.000,-1,-1,-1,850.000,750.000,-1,-1,2,0,2,0,2,0,0,0,0,1,2,2,2,0,0,2,2
67,930.567,-7711.304,107.883,-66.676,0.395079,0.916985,0.055236,-0.918499,0.395381,0.005813,-0.016509,-0.053031,0.998456,0,0.87119,0.21020,52.271,0.420,-1,400.000,-1,400.000,-1,325.000,325.000,300.000,300.000,750.000,-1,-1,-1,850.000,750.000,-1,-1,2,0,2,0,2,0,0,0,0,1,2,2,2,0,0,2,2
68,951.653,-7759.258,106.967,-66.266,0.401543,0.914075,0.056836,-0.915668,0.401897,0.005554,-0.017765,-0.054273,0.998368,0,0.87309,0.20473,52.386,0.409,-1,400.000,-1,400.000,-1,325.000,325.000,300.000,300.000,775.000,-1,-1,-1,850.000,750.000,-1,-1,2,0,2,0,2,0,0,0,0,1,2,2,2,0,0,2,2
69,973.124,-7807.182,105.990,-65.868,0.407801,0.911193,0.058522,-0.912872,0.408212,0.005298,-0.019062,-0.055584,0.998272,0,0.87523,0.19914,52.514,0.398,-1,400.000,-1,400.000,-1,325.000,325.000,300.000,300.000,800.000,-1,-1,-1,850.000,750.000,-1,-1,2,0,2,0,2,0,0,0,0,1,2,2,2,0,0,2,2
70,994.976,-7855.087,104.959,-65.481,0.413857,0.908344,0.060276,-0.910116,0.414322,0.005172,-0.020276,-0.056998,0.998168,0,0.87757,0.19343,52.654,0.387,-1,400.000,-1,400.000,-1,325.000,325.000,300.000,300.000,850.000,-1,-1,-1,850.000,750.000,-1,-1,2,0,2,0,2,0,0,0,0,1,2,2,2,0,0,2,2
71,1017.206,-7902.988,103.846,-65.106,0.419707,0.905537,0.062038,-0.907405,0.420226,0.005063,-0.021485,-0.058419,0.998061,0,0.88013,0.18760,52.808,0.375,-1,400.000,-1,400.000,-1,325.000,325.000,300.000,300.000,875.000,-1,-1,-1,850.000,750.000,-1,-1,2,0,2,0,2,0,0,0,0,1,2,2,2,0,0,2,2
72,1039.810,-7950.896,102.652,-64.742,0.425348,0.902778,0.063801,-0.904745,0.425924,0.004957,-0.022700,-0.059832,0.997950,0,0.88288,0.18167,52.973,0.363,-1,400.000,-1,400.000,-1,325.000,325.000,300.000,300.000,925.000,-1,-1,-1,850.000,750.000,-1,-1,2,0,2,0,2,0,0,0,0,1,2,2,2,0,0,2,2
73,1062.784,-7998.824,101.427,-64.391,0.430771,0.900084,0.065456,-0.902140,0.431419,0.004621,-0.024080,-0.061041,0.997845,0,0.88583,0.17562,53.150,0.351,-1,400.000,-1,400.000,-1,325.000,325.000,300.000,300.000,950.000,-1,-1,-1,850.000,750.000,-1,-1,2,0,2,0,2,0,0,0,0,1,2,2,2,0,0,2,2
74,1086.123,-8046.784,100.098,-64.052,0.435983,0.897463,0.066918,-0.899593,0.436710,0.004125,-0.025522,-0.061998,0.997750,0,0.88896,0.16947,53.337,0.339,-1,400.000,-1,400.000,-1,325.000,325.000,300.000,300.000,1000.000,-1,-1,-1,825.000,750.000,-1,-1,2,0,2,0,2,0,0,0,0,1,2,2,2,0,0,2,2
75,1109.822,-8094.788,98.706,-63.726,0.440989,0.894913,0.068256,-0.897110,0.441793,0.003645,-0.026893,-0.062840,0.997661,0,0.89226,0.16321,53.536,0.326,-1,400.000,-1,400.000,-1,325.000,325.000,300.000,300.000,-1,-1,-1,-1,825.000,750.000,-1,-1,2,0,2,0,2,0,0,0,0,2,2,2,2,0,0,2,2
76,1133.877,-8142.848,97.232,-63.412,0.445779,0.892434,0.069592,-0.894697,0.446662,0.003167,-0.028258,-0.063676,0.997570,0,0.89574,0.15685,53.744,0.314,-1,400.000,-1,400.000,-1,325.000,325.000,300.000,300.000,-1,-1,-1,-1,825.000,750.000,-1,-1,2,0,2,0,2,0,0,0,0,2,2,2,2,0,0,2,2
77,1158.283,-8190.976,95.673,-63.111,0.450352,0.890029,0.070928,-0.892360,0.451317,0.002690,-0.029617,-0.064505,0.997478,0,0.89938,0.15039,53.963,0.301,-1,400.000,-1,400.000,-1,325.000,325.000,300.000,300.000,-1,-1,-1,-1,825.000,750.000,-1,-1,2,0,2,0,2,0,0,0,0,2,2,2,2,0,0,2,2
78,1183.035,-8239.184,94.030,-62.824,0.454708,0.887704,0.072262,-0.890102,0.455756,0.002216,-0.030967,-0.065329,0.997383,0,0.90318,0.14383,54.191,0.288,-1,400.000,-1,400.000,-1,325.000,325.000,300.000,300.000,-1,-1,-1,-1,800.000,750.000,-1,-1,2,0,2,0,2,0,0,0,0,2,2,2,2,0,0,2,2
79,1208.126,-8287.484,92.300,-62.549,0.458843,0.885464,0.073596,-0.887930,0.459976,0.001745,-0.032308,-0.066149,0.997287,0,0.90714,0.13717,54.428,0.274,-1,400.000,-1,400.000,-1,325.000,325.000,300.000,300.000,-1,-1,-1,-1,800.000,750.000,-1,-1,2,0,2,0,2,0,0,0,0,2,2,2,2,0,0,2,2
80,1233.552,-8335.887,90.483,-62.288,0.462757,0.883313,0.074929,-0.885847,0.463977,0.001276,-0.033638,-0.066966,0.997188,0,0.91124,0.13041,54.675,0.261,-1,400.000,-1,400.000,-1,325.000,325.000,300.000,300.000,-1,-1,-1,-1,800.000,725.000,-1,-1,2,0,2,0,2,0,0,0,0,2,2,2,2,0,0,2,2
81,1257.130,-8379.836,88.766,-61.788,0.470355,0.879193,0.076066,-0.881778,0.471664,0.000856,-0.035126,-0.067476,0.997102,0,0.83124,0.25041,49.875,0.501,-1,400.000,-1,400.000,-1,325.000,325.000,300.000,300.000,-1,-1,-1,-1,775.000,725.000,-1,-1,2,0,2,0,2,0,0,0,0,2,2,2,2,0,0,2,2
82,1278.936,-8419.285,87.183,-61.069,0.481249,0.873198,0.076977,-0.875814,0.482648,0.000482,-0.036732,-0.067649,0.997033,0,0.75124,0.35934,45.075,0.719,-1,400.000,-1,400.000,-1,325.000,325.000,300.000,300.000,-1,-1,-1,-1,775.000,725.000,-1,-1,2,0,2,0,2,0,0,0,0,2,2,2,2,0,0,2,2
83,1300.159,-8456.577,85.620,-60.356,0.491986,0.867115,0.077855,-0.869762,0.493471,0.000195,-0.038250,-0.067811,0.996965,0,0.71515,0.35648,42.909,0.713,-1,400.000,-1,375.000,-1,325.000,325.000,300.000,300.000,-1,-1,-1,-1,775.000,725.000,-1,-1,2,0,2,0,2,0,0,0,0,2,2,2,2,0,0,2,2
84,1321.845,-8493.602,84.095,-59.643,0.502659,0.860876,0.078905,-0.863584,0.504204,0.000399,-0.039441,-0.068341,0.996882,0,0.71515,0.35648,42.909,0.713,-1,400.000,-1,400.000,-1,325.000,325.000,300.000,300.000,-1,-1,-1,-1,775.000,725.000,-1,-1,2,0,2,0,2,0,0,0,0,2,2,2,2,0,0,2,2
85,1343.990,-8530.355,82.498,-58.930,0.513255,0.854507,0.079927,-0.857274,0.514860,0.000613,-0.040627,-0.068834,0.996801,0,0.71515,0.35648,42.909,0.713,-1,400.000,-1,400.000,-1,325.000,325.000,300.000,300.000,-1,-1,-1,-1,775.000,725.000,-1,-1,2,0,2,0,2,0,0,0,0,2,2,2,2,0,0,2,2
86,1366.591,-8566.829,80.820,-58.217,0.523775,0.848009,0.080871,-0.850832,0.525437,0.000844,-0.041777,-0.069250,0.996724,0,0.71515,0.35648,42.909,0.713,-1,400.000,-1,400.000,-1,325.000,325.000,300.000,300.000,-1,-1,-1,-1,775.000,725.000,-1,-1,2,0,2,0,2,0,0,0,0,2,2,2,2,0,0,2,2
87,1389.643,-8603.019,79.041,-57.504,0.534225,0.841390,0.081655,-0.844256,0.535938,0.001098,-0.042838,-0.069525,0.996660,0,0.71515,0.35648,42.909,0.713,-1,400.000,-1,400.000,-1,325.000,325.000,300.000,300.000,-1,-1,-1,-1,775.000,725.000,-1,-1,2,0,2,0,2,0,0,0,0,2,2,2,2,0,0,2,2
88,1413.144,-8638.919,77.213,-56.791,0.544591,0.834648,0.082369,-0.837549,0.546361,0.001241,-0.043967,-0.069664,0.996601,0,0.71515,0.35648,42.909,0.713,-1,400.000,-1,400.000,-1,325.000,325.000,300.000,300.000,-1,-1,-1,-1,775.000,725.000,-1,-1,2,0,2,0,2,0,0,0,0,2,2,2,2,0,0,2,2
89,1437.090,-8674.525,75.323,-56.078,0.554872,0.827781,0.083034,-0.830711,0.556702,0.001332,-0.045123,-0.069716,0.996546,0,0.71515,0.35648,42.909,0.713,-1,400.000,-1,400.000,-1,325.000,325.000,300.000,300.000,-1,-1,-1,-1,775.000,700.000,-1,-1,2,0,2,0,2,0,0,0,0,2,2,2,2,0,0,2,2
90,1461.477,-8709.830,73.360,-55.365,0.565070,0.820790,0.083668,-0.823745,0.566959,0.001423,-0.046268,-0.069725,0.996493,0,0.71515,0.35648,42.909,0.713,-1,400.000,-1,400.000,-1,325.000,325.000,300.000,300.000,-1,-1,-1,-1,750.000,700.000,-1,-1,2,0,2,0,2,0,0,0,0,2,2,2,2,0,0,2,2
91,1486.301,-8744.828,71.324,-54.652,0.575182,0.813673,0.084270,-0.816651,0.577130,0.001513,-0.047404,-0.069689,0.996442,0,0.71515,0.35648,42.909,0.713,-1,400.000,-1,400.000,-1,325.000,325.000,300.000,300.000,-1,-1,-1,-1,750.000,700.000,-1,-1,2,0,2,0,2,0,0,0,0,2,2,2,2,0,0,2,2
92,1511.559,-8779.515,69.334,-53.939,0.585259,0.806461,0.084220,-0.809416,0.587233,0.001630,-0.048142,-0.069123,0.996446,0,0.71515,0.35648,42.909,0.713,-1,400.000,-1,400.000,-1,325.000,325.000,300.000,300.000,-1,-1,-1,-1,750.000,700.000,-1,-1,2,0,2,0,2,0,0,0,0,2,2,2,2,0,0,2,2
93,1537.246,-8813.886,67.277,-53.226,0.595251,0.799127,0.084102,-0.802054,0.597249,0.001732,-0.048846,-0.068485,0.996456,0,0.71515,0.35648,42.909,0.713,-1,400.000,-1,400.000,-1,325.000,325.000,300.000,300.000,-1,-1,-1,-1,750.000,700.000,-1,-1,2,0,2,0,2,0,0,0,0,2,2,2,2,0,0,2,2
94,1563.358,-8847.934,65.147,-52.513,0.605154,0.791670,0.083945,-0.794566,0.607175,0.001816,-0.049532,-0.067799,0.996469,0,0.71515,0.35648,42.909,0.713,-1,400.000,-1,400.000,-1,325.000,325.000,300.000,300.000,-1,-1,-1,-1,750.000,675.000,-1,-1,2,0,2,0,2,0,0,0,0,2,2,2,2,0,0,2,2
95,1586.936,-8878.157,63.197,-52.040,0.611679,0.786658,0.083773,-0.789529,0.613710,0.001889,-0.049926,-0.067297,0.996483,0,0.63887,0.23648,38.332,0.473,-1,400.000,-1,400.000,-1,325.000,325.000,300.000,300.000,-1,-1,-1,-1,750.000,675.000,-1,-1,2,0,2,0,2,0,0,0,0,2,2,2,2,0,0,2,2
96,1610.637,-8908.283,61.214,-51.808,0.614889,0.784172,0.083576,-0.787026,0.616916,0.001980,-0.050007,-0.066994,0.996499,0,0.63887,0.11648,38.332,0.233,-1,400.000,-1,375.000,-1,325.000,325.000,300.000,300.000,-1,-1,-1,-1,750.000,675.000,-1,-1,2,0,2,0,2,0,0,0,0,2,2,2,2,0,0,2,2
97,1634.334,-8938.413,59.238,-51.815,0.614814,0.784256,0.083348,-0.787097,0.616825,0.002038,-0.049813,-0.066856,0.996518,0,0.63887,-0.00352,38.332,-0.007,-1,400.000,-1,375.000,-1,325.000,325.000,300.000,300.000,-1,-1,-1,-1,725.000,675.000,-1,-1,2,0,2,0,2,0,0,0,0,2,2,2,2,0,0,2,2
98,1657.901,-8968.645,57.391,-52.062,0.611440,0.786892,0.083321,-0.789749,0.613426,0.002214,-0.049369,-0.067156,0.996520,0,0.63887,-0.12352,38.332,-0.247,-1,400.000,-1,375.000,-1,325.000,325.000,300.000,300.000,-1,-1,-1,-1,725.000,650.000,-1,-1,2,0,2,0,2,0,0,0,0,2,2,2,2,0,0,2,2
99,1681.211,-8999.075,55.598,-52.549,0.604726,0.792040,0.083542,-0.794938,0.606686,0.002393,-0.048788,-0.067858,0.996501,0,0.63887,-0.24352,38.332,-0.487,-1,400.000,-1,375.000,-1,325.000,325.000,300.000,300.000,-1,-1,-1,-1,725.000,650.000,-1,-1,2,0,2,0,2,0,0,0,0,2,2,2,2,0,0,2,2
100,1704.136,-9029.797,53.815,-53.270,0.594705,0.799569,0.083756,-0.802516,0.596625,0.002586,-0.047903,-0.068753,0.996483,0,0.63887,-0.36084,38.332,-0.722,-1,400.000,-1,375.000,-1,325.000,325.000,300.000,300.000,-1,-1,-1,-1,700.000,650.000,-1,-1,2,0,2,0,2,0,0,0,0,2,2,2,2,0,0,2,2
101,1726.672,-9060.805,52.041,-53.992,0.584591,0.806969,0.083995,-0.809966,0.586470,0.002811,-0.046992,-0.069677,0.996462,0,0.63887,-0.36084,38.332,-0.722,-1,400.000,-1,375.000,-1,325.000,325.000,300.000,300.000,-1,-1,-1,-1,700.000,650.000,-1,-1,2,0,2,0,2,0,0,0,0,2,2,2,2,0,0,2,2
102,1748.816,-9092.095,50.277,-54.714,0.574385,0.814237,0.084261,-0.817289,0.576220,0.003067,-0.046056,-0.070627,0.996439,0,0.63887,-0.36084,38.332,-0.722,-1,400.000,-1,375.000,1000.000,325.000,300.000,300.000,300.000,-1,-1,-1,-1,675.000,625.000,-1,-1,2,0,2,0,0,0,0,0,0,2,2,2,2,0,0,2,2
103,1770.565,-9123.660,48.735,-55.435,0.564115,0.821326,0.084843,-0.824499,0.565848,0.004318,-0.044462,-0.072389,0.996385,0,0.63887,-0.36084,38.332,-0.722,-1,400.000,-1,375.000,1000.000,325.000,300.000,300.000,300.000,-1,-1,-1,-1,675.000,625.000,-1,-1,2,0,2,0,0,0,0,0,0,2,2,2,2,0,0,2,2
104,1791.915,-9155.497,47.344,-56.157,0.553775,0.828247,0.085674,-0.831585,0.555363,0.006219,-0.042429,-0.074690,0.996304,0,0.63887,-0.36084,38.332,-0.722,-1,375.000,-1,375.000,1000.000,325.000,300.000,300.000,300.000,-1,-1,-1,-1,675.000,625.000,-1,-1,2,0,2,0,0,0,0,0,0,2,2,2,2,0,0,2,2
105,1812.862,-9187.600,45.971,-56.879,0.543355,0.835026,0.086583,-0.838533,0.544790,0.008166,-0.040351,-0.077040,0.996211,0,0.63887,-0.36084,38.332,-0.722,-1,375.000,-1,350.000,-1,325.000,300.000,300.000,300.000,-1,-1,-1,-1,650.000,625.000,-1,-1,2,0,2,0,2,0,0,0,0,2,2,2,2,0,0,2,2
106,1833.403,-9219.964,44.617,-57.600,0.532855,0.841663,0.087571,-0.845342,0.534128,0.010155,-0.038227,-0.079438,0.996107,0,0.63887,-0.36084,38.332,-0.722,-1,375.000,-1,350.000,-1,300.000,300.000,300.000,300.000,-1,-1,-1,-1,650.000,625.000,-1,-1,2,0,2,0,2,0,0,0,0,2,2,2,2,0,0,2,2
107,1853.535,-9252.584,43.282,-58.322,0.522280,0.848155,0.088638,-0.852012,0.523381,0.012184,-0.036058,-0.081884,0.995989,0,0.63887,-0.36084,38.332,-0.722,-1,375.000,-1,350.000,-1,300.000,300.000,300.000,300.000,-1,-1,-1,-1,650.000,625.000,-1,-1,2,0,2,0,2,0,0,0,0,2,2,2,2,0,0,2,2
108,1873.255,-9285.456,42.041,-59.044,0.511617,0.854523,0.089655,-0.858537,0.512563,0.013892,-0.034083,-0.084080,0.995876,0,0.63887,-0.36084,38.332,-0.722,-1,375.000,-1,350.000,-1,300.000,300.000,300.000,300.000,-1,-1,-1,-1,650.000,625.000,-1,-1,2,0,2,0,2,0,0,0,0,2,2,2,2,0,0,2,2
109,1892.558,-9318.573,40.895,-59.765,0.500867,0.860768,0.090609,-0.864921,0.501676,0.015278,-0.032306,-0.086021,0.995769,0,0.63887,-0.36084,38.332,-0.722,-1,375.000,-1,350.000,-1,300.000,300.000,275.000,300.000,-1,-1,-1,-1,625.000,625.000,-1,-1,2,0,2,0,2,0,0,0,0,2,2,2,2,0,0,2,2
110,1911.443,-9351.931,39.857,-60.487,0.490079,0.866895,0.091195,-0.871154,0.490724,0.016752,-0.030230,-0.087655,0.995692,0,0.63887,-0.36084,38.332,-0.722,-1,375.000,-1,350.000,-1,300.000,300.000,275.000,300.000,-1,950.000,-1,-1,625.000,625.000,-1,-1,2,0,2,0,2,0,0,0,0,2,0,2,2,0,0,2,2
111,1929.904,-9385.526,39.247,-61.209,0.479377,0.873006,0.089770,-0.877199,0.479766,0.018617,-0.026816,-0.087671,0.995789,0,0.63887,-0.36084,38.332,-0.722,-1,375.000,-1,350.000,-1,300.000,300.000,275.000,300.000,-1,750.000,1000.000,-1,625.000,625.000,-1,-1,2,0,2,0,2,0,0,0,0,2,0,0,2,0,0,2,2
112,1947.940,-9419.350,38.778,-61.930,0.468641,0.879012,0.087824,-0.883089,0.468750,0.020672,-0.022997,-0.087244,0.995922,0,0.63887,-0.36084,38.332,-0.722,-1,375.000,-1,375.000,-1,300.000,300.000,300.000,300.000,-1,650.000,775.000,-1,625.000,625.000,-1,-1,2,0,2,0,2,0,0,0,0,2,0,0,2,0,0,2,2
113,1965.549,-9453.399,38.338,-62.652,0.457827,0.884878,0.085938,-0.888836,0.457658,0.022821,-0.019136,-0.086832,0.996039,0,0.63887,-0.36084,38.332,-0.722,-1,375.000,-1,375.000,-1,300.000,300.000,300.000,300.000,-1,575.000,675.000,-1,650.000,625.000,-1,-1,2,0,2,0,2,0,0,0,0,2,0,0,2,0,0,2,2
114,1982.727,-9487.667,37.927,-63.374,0.446935,0.890603,0.084114,-0.894437,0.446492,0.025061,-0.015237,-0.086436,0.996141,0,0.63887,-0.36084,38.332,-0.722,-1,375.000,-1,375.000,-1,300.000,300.000,300.000,300.000,-1,525.000,600.000,-1,650.000,625.000,-1,-1,2,0,2,0,2,0,0,0,0,2,0,0,2,0,0,2,2
115,1999.472,-9522.149,37.545,-64.095,0.435968,0.896186,0.082357,-0.899891,0.435253,0.027391,-0.011299,-0.086054,0.996226,0,0.63887,-0.36084,38.332,-0.722,-1,375.000,-1,375.000,-1,300.000,300.000,300.000,300.000,-1,475.000,550.000,-1,650.000,625.000,-1,-1,2,0,2,0,2,0,0,0,0,2,0,0,2,0,0,2,2
116,2017.988,-9561.105,37.185,-64.577,0.428700,0.899835,0.080705,-0.903416,0.427714,0.030017,-0.007509,-0.085779,0.996286,0,0.71887,-0.24084,43.132,-0.482,-1,375.000,-1,375.000,-1,325.000,300.000,300.000,300.000,-1,450.000,525.000,-1,650.000,625.000,-1,-1,2,0,2,0,2,0,0,0,0,2,0,0,2,0,0,2,2
117,2037.093,-9601.743,36.808,-64.819,0.425176,0.901657,0.078992,-0.905102,0.423927,0.032795,-0.003918,-0.085440,0.996336,0,0.74841,-0.12084,44.905,-0.242,-1,375.000,-1,375.000,-1,325.000,325.000,300.000,300.000,-1,375.000,450.000,-1,650.000,625.000,-1,-1,2,0,2,0,2,0,0,0,0,2,0,0,2,0,0,2,2
118,2056.197,-9642.381,36.413,-64.820,0.425406,0.901700,0.077239,-0.905002,0.423915,0.035591,-0.000650,-0.085042,0.996377,0,0.74841,-0.00084,44.905,-0.002,-1,375.000,-1,375.000,-1,325.000,325.000,300.000,300.000,-1,350.000,375.000,-1,650.000,650.000,-1,-1,2,0,2,0,2,0,0,0,0,2,0,0,2,0,0,2,2
119,2075.470,-9682.939,35.984,-64.582,0.429392,0.899965,0.075403,-0.903115,0.427679,0.038377,0.002290,-0.084576,0.996414,0,0.74841,0.11916,44.905,0.238,-1,375.000,-1,375.000,-1,325.000,300.000,300.000,300.000,-1,300.000,325.000,-1,650.000,650.000,-1,-1,2,0,2,0,2,0,0,0,0,2,0,0,2,0,0,2,2
120,2095.082,-9723.334,35.856,-64.104,0.437038,0.896308,0.075029,-0.899435,0.435151,0.040758,0.003882,-0.085296,0.996348,0,0.74841,0.23916,44.905,0.478,-1,375.000,-1,375.000,-1,300.000,300.000,300.000,300.000,-1,300.000,325.000,-1,650.000,650.000,-1,-1,2,0,2,0,2,0,0,0,0,2,0,0,2,0,0,2,2
121,2115.199,-9763.479,35.815,-63.385,0.448346,0.890692,0.075198,-0.893848,0.446308,0.042953,0.004697,-0.086473,0.996243,0,0.74841,0.35916,44.905,0.718,-1,375.000,-1,375.000,-1,300.000,300.000,300.000,300.000,-1,300.000,350.000,-1,650.000,650.000,-1,-1,2,0,2,0,2,0,0,0,0,2,0,0,2,0,0,2,2
122,2135.986,-9803.282,36.025,-62.427,0.463344,0.882924,0.075871,-0.886158,0.461050,0.046450,0.006031,-0.088756,0.996035,0,0.74841,0.47916,44.905,0.958,-1,375.000,-1,375.000,-1,300.000,300.000,300.000,300.000,-1,300.000,350.000,-1,650.000,650.000,-1,-1,2,0,2,0,2,0,0,0,0,2,0,0,2,0,0,2,2
123,2157.576,-9842.654,36.189,-61.265,0.481321,0.873206,0.076431,-0.876515,0.478764,0.050057,0.007118,-0.091086,0.995818,0,0.74841,0.58117,44.905,1.162,-1,375.000,-1,375.000,-1,300.000,300.000,300.000,300.000,-1,300.000,350.000,-1,650.000,650.000,-1,-1,2,0,2,0,2,0,0,0,0,2,0,0,2,0,0,2,2
124,2179.960,-9881.581,36.270,-60.102,0.499103,0.863130,0.076827,-0.866504,0.496273,0.053703,0.008226,-0.093374,0.995597,0,0.74841,0.58117,44.905,1.162,-1,375.000,-1,375.000,-1,300.000,300.000,300.000,300.000,-1,300.000,350.000,-1,650.000,675.000,-1,-1,2,0,2,0,2,0,0,0,0,2,0,0,2,0,0,2,2
125,2203.129,-9920.045,36.268,-58.940,0.516681,0.852703,0.077060,-0.856127,0.513570,0.057383,0.009355,-0.095622,0.995374,0,0.74841,0.58117,44.905,1.162,-1,375.000,-1,375.000,-1,300.000,300.000,300.000,300.000,-1,300.000,350.000,-1,650.000,675.000,-1,-1,2,0,2,0,2,0,0,0,0,2,0,0,2,0,0,2,2
126,2227.073,-9958.033,36.581,-57.778,0.533938,0.842059,0.076466,-0.845473,0.530730,0.059166,0.009238,-0.096241,0.995315,0,0.74841,0.58117,44.905,1.162,-1,375.000,-1,375.000,-1,300.000,300.000,300.000,300.000,-1,325.000,375.000,-1,650.000,675.000,-1,-1,2,0,2,0,2,0,0,0,0,2,0,0,2,0,0,2,2
127,2251.781,-9995.526,36.908,-56.615,0.550950,0.831104,0.075636,-0.834492,0.547692,0.060479,0.008839,-0.096439,0.995300,0,0.74841,0.58117,44.905,1.162,-1,375.000,-1,375.000,-1,300.000,300.000,275.000,300.000,-1,350.000,400.000,-1,650.000,650.000,-1,-1,2,0,2,0,2,0,0,0,0,2,0,0,2,0,0,2,2
128,2277.245,-10032.512,37.244,-55.453,0.567713,0.819839,0.074605,-0.823186,0.564449,0.061330,0.008170,-0.096232,0.995325,0,0.74841,0.58117,44.905,1.162,-1,375.000,-1,375.000,-1,300.000,300.000,300.000,300.000,-1,375.000,450.000,-1,650.000,650.000,-1,-1,2,0,2,0,2,0,0,0,0,2,0,0,2,0,0,2,2
129,2303.454,-10068.973,37.575,-54.291,0.584259,0.808264,0.073143,-0.811530,0.580995,0.062156,0.007742,-0.095673,0.995383,0,0.74841,0.58117,44.905,1.162,-1,375.000,-1,375.000,-1,300.000,300.000,300.000,300.000,-1,425.000,475.000,-1,650.000,650.000,-1,-1,2,0,2,0,2,0,0,0,0,2,0,0,2,0,0,2,2
130,2330.396,-10104.895,38.242,-53.128,0.600660,0.796342,0.071040,-0.799459,0.597294,0.064071,0.008591,-0.095279,0.995414,0,0.74841,0.58117,44.905,1.162,-1,375.000,-1,375.000,-1,300.000,300.000,300.000,300.000,-1,425.000,475.000,-1,650.000,650.000,-1,-1,2,0,2,0,2,0,0,0,0,2,0,0,2,0,0,2,2
131,2358.062,-10140.264,38.841,-51.966,0.616812,0.784092,0.068867,-0.787054,0.613349,0.065950,0.009471,-0.094881,0.995444,0,0.74841,0.58117,44.905,1.162,-1,375.000,-1,375.000,-1,300.000,300.000,300.000,300.000,-1,450.000,475.000,-1,650.000,650.000,-1,-1,2,0,2,0,2,0,0,0,0,2,0,0,2,0,0,2,2
132,2386.440,-10175.064,39.360,-50.804,0.632706,0.771522,0.066613,-0.774323,0.629155,0.067733,0.010348,-0.094435,0.995477,0,0.74841,0.58117,44.905,1.162,-1,375.000,-1,375.000,-1,300.000,300.000,300.000,300.000,-1,450.000,425.000,-1,650.000,675.000,-1,-1,2,0,2,0,2,0,0,0,0,2,0,0,2,0,0,2,2
133,2415.517,-10209.281,39.799,-49.641,0.648336,0.758636,0.064281,-0.761272,0.644706,0.069419,0.011221,-0.093942,0.995514,0,0.74841,0.58117,44.905,1.162,-1,375.000,-1,375.000,-1,300.000,300.000,300.000,300.000,-1,425.000,400.000,-1,675.000,675.000,-1,-1,2,0,2,0,2,0,0,0,0,2,0,0,2,0,0,2,2
134,2445.283,-10242.901,40.157,-48.479,0.663695,0.745440,0.061877,-0.747906,0.659997,0.071003,0.012089,-0.093403,0.995555,0,0.74841,0.58117,44.905,1.162,-1,375.000,-1,375.000,-1,300.000,300.000,300.000,300.000,-1,400.000,375.000,-1,675.000,675.000,-1,-1,2,0,2,0,2,0,0,0,0,2,0,0,2,0,0,2,2
135,2475.725,-10275.910,40.768,-47.317,0.678729,0.731855,0.060956,-0.734291,0.674943,0.072586,0.011980,-0.094026,0.995498,0,0.74841,0.58117,44.905,1.162,-1,375.000,-1,375.000,-1,300.000,300.000,300.000,300.000,-1,400.000,400.000,-1,675.000,675.000,-1,-1,2,0,2,0,2,0,0,0,0,2,0,0,2,0,0,2,2
136,2506.831,-10308.294,41.310,-46.154,0.693481,0.717971,0.060022,-0.720378,0.689609,0.074129,0.011830,-0.094646,0.995441,0,0.74841,0.58117,44.905,1.162,-1,375.000,-1,375.000,-1,300.000,300.000,300.000,300.000,-1,400.000,400.000,-1,675.000,675.000,-1,-1,2,0,2,0,2,0,0,0,0,2,0,0,2,0,0,2,2
137,2538.588,-10340.041,41.805,-44.992,0.707952,0.703803,0.058868,-0.706163,0.704001,0.075610,0.011771,-0.095099,0.995398,0,0.74841,0.58117,44.905,1.162,-1,375.000,-1,375.000,-1,300.000,300.000,300.000,300.000,-1,425.000,400.000,-1,675.000,675.000,-1,-1,2,0,2,0,2,0,0,0,0,2,0,0,2,0,0,2,2
138,2574.299,-10374.611,42.404,-44.070,0.719279,0.692389,0.056878,-0.694606,0.715249,0.077085,0.012691,-0.094954,0.995401,0,0.82841,0.46117,49.705,0.922,-1,375.000,-1,375.000,-1,300.000,325.000,300.000,300.000,-1,425.000,425.000,-1,675.000,675.000,-1,-1,2,0,2,0,2,0,0,0,0,2,0,0,2,0,0,2,2
