timestep,x_cm,y_cm,z_cm,yaw_deg,basis_xx,basis_xy,basis_xz,basis_yx,basis_yy,basis_yz,basis_zx,basis_zy,basis_zz,teleport_flag,throttle_cmd,steering_cmd,cmd_move_cm,cmd_turn_deg,lidar_cm_0,lidar_cm_1,lidar_cm_2,lidar_cm_3,lidar_cm_4,lidar_cm_5,lidar_cm_6,lidar_cm_7,lidar_cm_8,lidar_cm_9,lidar_cm_10,lidar_cm_11,lidar_cm_12,lidar_cm_13,lidar_cm_14,lidar_cm_15,lidar_cm_16,lidar_class_0,lidar_class_1,lidar_class_2,lidar_class_3,lidar_class_4,lidar_class_5,lidar_class_6,lidar_class_7,lidar_class_8,lidar_class_9,lidar_class_10,lidar_class_11,lidar_class_12,lidar_class_13,lidar_class_14,lidar_class_15,lidar_class_16
0,7541.188,-2291.414,220.352,115.046,-0.423207,-0.905960,-0.011528,0.905887,-0.423333,0.012592,-0.016288,-0.005114,0.999854,1,0.08000,-0.12000,4.800,-0.240,-1,400.000,-1,400.000,-1,325.000,325.000,300.000,300.000,-1,-1,-1,-1,875.000,825.000,-1,-1,2,0,2,0,2,0,0,0,0,2,2,2,2,0,0,2,2
1,7537.197,-2282.683,220.168,114.566,-0.415596,-0.909473,-0.011782,0.909398,-0.415728,0.012838,-0.016574,-0.005379,0.999848,0,0.16000,-0.24000,9.600,-0.480,-1,400.000,-1,400.000,-1,325.000,325.000,300.000,300.000,-1,-1,-1,-1,875.000,825.000,-1,-1,2,0,2,0,2,0,0,0,0,2,2,2,2,0,0,2,2
2,7531.375,-2269.512,219.893,113.846,-0.404124,-0.914623,-0.012154,0.914546,-0.404266,0.013219,-0.017003,-0.005773,0.999839,0,0.24000,-0.36000,14.400,-0.720,-1,400.000,-1,400.000,-1,325.000,325.000,300.000,300.000,-1,-1,-1,-1,875.000,825.000,-1,-1,2,0,2,0,2,0,0,0,0,2,2,2,2,0,0,2,2
3,7523.908,-2251.823,219.529,112.886,-0.388729,-0.921265,-0.012634,0.921184,-0.388884,0.013746,-0.017577,-0.006294,0.999826,0,0.32000,-0.48000,19.200,-0.960,-1,400.000,-1,400.000,-1,325.000,325.000,300.000,300.000,-1,-1,-1,-1,875.000,825.000,-1,-1,2,0,2,0,2,0,0,0,0,2,2,2,2,0,0,2,2
4,7515.040,-2229.522,219.079,111.686,-0.369332,-0.929204,-0.013208,0.929117,-0.369503,0.014437,-0.018295,-0.006940,0.999809,0,0.40000,-0.60000,24.000,-1.200,-1,400.000,-1,400.000,-1,325.000,325.000,300.000,300.000,-1,-1,-1,-1,875.000,825.000,-1,-1,2,0,2,0,2,0,0,0,0,2,2,2,2,0,0,2,2
5,7505.074,-2202.501,218.547,110.246,-0.345842,-0.938190,-0.013855,0.938097,-0.346034,0.015307,-0.019156,-0.007704,0.999787,0,0.48000,-0.72000,28.800,-1.440,-1,400.000,-1,400.000,-1,325.000,325.000,300.000,300.000,-1,-1,-1,-1,875.000,825.000,-1,-1,2,0,2,0,2,0,0,0,0,2,2,2,2,0,0,2,2
6,7494.376,-2170.650,217.938,108.566,-0.318160,-0.947925,-0.014551,0.947823,-0.318377,0.016377,-0.020157,-0.008582,0.999760,0,0.56000,-0.84000,33.600,-1.680,-1,400.000,-1,400.000,-1,325.000,325.000,300.000,300.000,-1,-1,-1,-1,875.000,800.000,-1,-1,2,0,2,0,2,0,0,0,0,2,2,2,2,0,0,2,2
7,7483.376,-2133.859,217.258,106.646,-0.286190,-0.958051,-0.015263,0.957936,-0.286437,0.017662,-0.021293,-0.009566,0.999728,0,0.64000,-0.96000,38.400,-1.920,-1,400.000,-1,400.000,-1,325.000,325.000,300.000,300.000,-1,-1,-1,-1,875.000,800.000,-1,-1,2,0,2,0,2,0,0,0,0,2,2,2,2,0,0,2,2
8,7472.408,-2092.074,216.517,104.708,-0.253594,-0.967179,-0.015959,0.967047,-0.253875,0.019162,-0.022584,-0.010574,0.999689,0,0.72000,-0.96887,43.200,-1.938,-1,400.000,-1,400.000,-1,325.000,325.000,300.000,300.000,-1,-1,-1,-1,850.000,800.000,-1,-1,2,0,2,0,2,0,0,0,0,2,2,2,2,0,0,2,2
9,7461.790,-2045.263,215.719,102.779,-0.220859,-0.975164,-0.016618,0.975010,-0.221179,0.020877,-0.024034,-0.011592,0.999644,0,0.80000,-0.96430,48.000,-1.929,-1,400.000,-1,400.000,-1,325.000,325.000,300.000,300.000,-1,-1,-1,-1,850.000,775.000,-1,-1,2,0,2,0,2,0,0,0,0,2,2,2,2,0,0,2,2
10,7452.506,-1996.873,214.793,100.861,-0.188060,-0.982017,-0.016617,0.981836,-0.188405,0.022418,-0.025145,-0.012099,0.999611,0,0.82120,-0.95934,49.272,-1.919,-1,400.000,-1,400.000,-1,325.000,325.000,300.000,300.000,-1,-1,-1,-1,850.000,775.000,-1,-1,2,0,2,0,2,0,0,0,0,2,2,2,2,0,0,2,2
11,7444.848,-1948.258,213.835,98.952,-0.155231,-0.987744,-0.016268,0.987532,-0.155592,0.023915,-0.026153,-0.012353,0.999582,0,0.82024,-0.95434,49.215,-1.909,-1,400.000,-1,400.000,-1,325.000,325.000,300.000,300.000,-1,-1,-1,-1,850.000,750.000,-1,-1,2,0,2,0,2,0,0,0,0,2,2,2,2,0,0,2,2
12,7438.817,-1899.499,212.558,97.051,-0.122336,-0.992342,-0.017051,0.992137,-0.122732,0.024529,-0.026434,-0.013917,0.999554,0,0.81884,-0.95066,49.131,-1.901,-1,400.000,-1,400.000,-1,325.000,325.000,300.000,300.000,-1,-1,-1,-1,850.000,750.000,-1,-1,2,0,2,0,2,0,0,0,0,2,2,2,2,0,0,2,2
13,7434.413,-1850.674,211.173,95.153,-0.089369,-0.995831,-0.018281,0.995643,-0.089813,0.025091,-0.026628,-0.015959,0.999518,0,0.81706,-0.94851,49.023,-1.897,-1,400.000,-1,400.000,-1,325.000,325.000,300.000,300.000,-1,-1,-1,-1,850.000,750.000,-1,-1,2,0,2,0,2,0,0,0,0,2,2,2,2,0,0,2,2
14,7431.632,-1801.856,209.818,93.260,-0.056366,-0.998221,-0.019427,0.998053,-0.056855,0.025653,-0.026712,-0.017943,0.999482,0,0.81495,-0.94681,48.897,-1.894,-1,400.000,-1,400.000,-1,325.000,325.000,300.000,300.000,-1,-1,-1,-1,825.000,750.000,-1,-1,2,0,2,0,2,0,0,0,0,2,2,2,2,0,0,2,2
15,7430.467,-1753.115,208.498,91.369,-0.023348,-0.999517,-0.020490,0.999371,-0.023881,0.026202,-0.026679,-0.019866,0.999447,0,0.81258,-0.94558,48.755,-1.891,-1,400.000,-1,400.000,-1,325.000,325.000,300.000,300.000,-1,-1,-1,-1,825.000,725.000,-1,-1,2,0,2,0,2,0,0,0,0,2,2,2,2,0,0,2,2
16,7430.908,-1704.514,207.220,89.479,0.009665,-0.999723,-0.021473,0.999601,0.009089,0.026726,-0.026524,-0.021723,0.999412,0,0.81004,-0.94481,48.603,-1.890,-1,400.000,-1,375.000,-1,325.000,325.000,300.000,300.000,-1,-1,-1,-1,825.000,725.000,-1,-1,2,0,2,0,2,0,0,0,0,2,2,2,2,0,0,2,2
17,7432.945,-1656.113,205.989,87.590,0.042651,-0.998839,-0.022379,0.998745,0.042037,0.027214,-0.026242,-0.023512,0.999379,0,0.80740,-0.94450,48.444,-1.889,-1,400.000,-1,375.000,-1,325.000,325.000,300.000,300.000,-1,-1,-1,-1,825.000,725.000,-1,-1,2,0,2,0,2,0,0,0,0,2,2,2,2,0,0,2,2
18,7436.564,-1607.964,204.810,85.701,0.075591,-0.996869,-0.023213,0.996804,0.074942,0.027655,-0.025828,-0.025229,0.999348,0,0.80474,-0.94466,48.285,-1.889,-1,400.000,-1,375.000,-1,325.000,325.000,300.000,300.000,-1,-1,-1,-1,800.000,725.000,-1,-1,2,0,2,0,2,0,0,0,0,2,2,2,2,0,0,2,2
19,7441.753,-1560.115,203.689,83.810,0.108464,-0.993811,-0.023980,0.993779,0.107784,0.028039,-0.025281,-0.026872,0.999319,0,0.80215,-0.94528,48.129,-1.891,-1,400.000,-1,375.000,-1,325.000,325.000,300.000,300.000,-1,-1,-1,-1,800.000,700.000,-1,-1,2,0,2,0,2,0,0,0,0,2,2,2,2,0,0,2,2
20,7448.498,-1512.610,202.631,81.917,0.141249,-0.989666,-0.024688,0.989669,0.140542,0.028358,-0.024595,-0.028439,0.999293,0,0.79970,-0.94635,47.982,-1.893,-1,400.000,-1,375.000,-1,325.000,325.000,300.000,300.000,-1,-1,-1,-1,800.000,700.000,-1,-1,2,0,2,0,2,0,0,0,0,2,2,2,2,0,0,2,2
21,7457.322,-1461.178,201.532,80.265,0.169751,-0.985159,-0.025417,0.985197,0.169019,0.028607,-0.023886,-0.029897,0.999268,0,0.86973,-0.82635,52.184,-1.653,-1,400.000,-1,375.000,-1,325.000,325.000,300.000,300.000,-1,-1,-1,-1,775.000,700.000,-1,-1,2,0,2,0,2,0,0,0,0,2,2,2,2,0,0,2,2
22,7467.389,-1410.087,200.491,78.852,0.194000,-0.980654,-0.026124,0.980728,0.193248,0.028771,-0.023166,-0.031202,0.999245,0,0.86788,-0.70635,52.073,-1.413,-1,400.000,-1,375.000,-1,325.000,300.000,300.000,300.000,-1,-1,-1,-1,775.000,700.000,-1,-1,2,0,2,0,2,0,0,0,0,2,2,2,2,0,0,2,2
23,7478.483,-1359.293,199.445,77.679,0.214039,-0.976449,-0.027096,0.976571,0.213268,0.028726,-0.022270,-0.032609,0.999220,0,0.86653,-0.58635,51.992,-1.173,-1,400.000,-1,375.000,-1,325.000,300.000,300.000,300.000,-1,-1,-1,-1,775.000,700.000,-1,-1,2,0,2,0,2,0,0,0,0,2,2,2,2,0,0,2,2
24,7490.390,-1308.735,198.397,76.747,0.229907,-0.972800,-0.028336,0.972983,0.229123,0.028395,-0.021131,-0.034098,0.999195,0,0.86568,-0.46635,51.941,-0.933,-1,400.000,-1,375.000,-1,325.000,300.000,325.000,325.000,-1,-1,-1,-1,775.000,700.000,-1,-1,2,0,2,0,2,0,0,0,0,2,2,2,2,0,0,2,2
25,7502.902,-1258.347,197.395,76.054,0.241649,-0.969914,-0.029547,0.970157,0.240856,0.028002,-0.020043,-0.035432,0.999171,0,0.86531,-0.34635,51.919,-0.693,-1,400.000,-1,375.000,-1,325.000,300.000,325.000,325.000,-1,-1,-1,-1,775.000,700.000,-1,-1,2,0,2,0,2,0,0,0,0,2,2,2,2,0,0,2,2
26,7515.825,-1208.057,196.437,75.589,0.249511,-0.967883,-0.030765,0.968186,0.248715,0.027492,-0.018958,-0.036646,0.999148,0,0.86539,-0.23270,51.924,-0.465,-1,400.000,-1,375.000,-1,325.000,300.000,325.000,325.000,-1,-1,-1,-1,775.000,700.000,-1,-1,2,0,2,0,2,0,0,0,0,2,2,2,2,0,0,2,2
27,7529.169,-1157.847,195.539,75.116,0.257478,-0.965754,-0.032011,0.966120,0.256683,0.026947,-0.017807,-0.037865,0.999124,0,0.86588,-0.23642,51.953,-0.473,-1,400.000,-1,375.000,-1,325.000,300.000,325.000,325.000,-1,-1,-1,-1,775.000,700.000,-1,-1,2,0,2,0,2,0,0,0,0,2,2,2,2,0,0,2,2
28,7542.947,-1107.706,194.695,74.635,0.265556,-0.963522,-0.033251,0.963952,0.264765,0.026382,-0.016616,-0.039059,0.999099,0,0.86666,-0.24037,52.000,-0.481,-1,400.000,-1,375.000,-1,325.000,300.000,325.000,325.000,-1,-1,-1,-1,775.000,700.000,-1,-1,2,0,2,0,2,0,0,0,0,2,2,2,2,0,0,2,2
29,7557.170,-1057.623,193.906,74.146,0.273752,-0.961182,-0.034486,0.961677,0.272967,0.025795,-0.015381,-0.040226,0.999072,0,0.86773,-0.24455,52.064,-0.489,-1,400.000,-1,375.000,-1,325.000,300.000,325.000,325.000,-1,-1,-1,-1,775.000,700.000,-1,-1,2,0,2,0,2,0,0,0,0,2,2,2,2,0,0,2,2
30,7571.850,-1007.586,193.175,73.648,0.282070,-0.958729,-0.035715,0.959290,0.281297,0.025188,-0.014101,-0.041366,0.999045,0,0.86909,-0.24896,52.146,-0.498,-1,400.000,-1,375.000,-1,325.000,300.000,325.000,325.000,-1,-1,-1,-1,775.000,700.000,-1,-1,2,0,2,0,2,0,0,0,0,2,2,2,2,0,0,2,2
31,7587.002,-957.586,192.503,73.141,0.290517,-0.956157,-0.036939,0.956785,0.289759,0.024557,-0.012777,-0.042477,0.999016,0,0.87075,-0.25359,52.245,-0.507,-1,400.000,-1,375.000,-1,325.000,300.000,325.000,325.000,-1,-1,-1,-1,775.000,725.000,-1,-1,2,0,2,0,2,0,0,0,0,2,2,2,2,0,0,2,2
32,7602.639,-907.613,191.893,72.624,0.299098,-0.953459,-0.038159,0.954154,0.298359,0.023903,-0.011405,-0.043559,0.998986,0,0.87271,-0.25844,52.363,-0.517,-1,400.000,-1,375.000,-1,325.000,300.000,325.000,325.000,-1,950.000,-1,-1,800.000,725.000,-1,-1,2,0,2,0,2,0,0,0,0,2,0,2,2,0,0,2,2
33,7618.777,-857.657,191.347,72.097,0.307817,-0.950631,-0.039375,0.951393,0.307102,0.023224,-0.009985,-0.044610,0.998955,0,0.87497,-0.26349,52.498,-0.527,-1,400.000,-1,375.000,-1,325.000,300.000,325.000,325.000,-1,850.000,-1,-1,800.000,725.000,-1,-1,2,0,2,0,2,0,0,0,0,2,0,2,2,0,0,2,2
34,7635.431,-807.709,190.868,71.559,0.316678,-0.947664,-0.040588,0.948495,0.315991,0.022520,-0.008516,-0.045629,0.998922,0,0.87752,-0.26875,52.651,-0.538,-1,400.000,-1,375.000,-1,325.000,325.000,325.000,325.000,-1,750.000,975.000,-1,800.000,750.000,-1,-1,2,0,2,0,2,0,0,0,0,2,0,0,2,0,0,2,2
35,7652.576,-757.865,190.462,71.018,0.325572,-0.944594,-0.041776,0.945491,0.324917,0.021797,-0.007016,-0.046596,0.998889,0,0.87851,-0.27070,52.711,-0.541,-1,400.000,-1,375.000,-1,325.000,325.000,325.000,300.000,-1,675.000,900.000,-1,800.000,750.000,-1,-1,2,0,2,0,2,0,0,0,0,2,0,0,2,0,0,2,2
36,7670.191,-708.184,190.104,70.477,0.334441,-0.941436,-0.042993,0.942400,0.333812,0.021261,-0.005665,-0.047627,0.998849,0,0.87851,-0.27070,52.711,-0.541,-1,400.000,-1,400.000,-1,325.000,325.000,325.000,300.000,-1,675.000,850.000,-1,825.000,750.000,-1,-1,2,0,2,0,2,0,0,0,0,2,0,0,2,0,0,2,2
37,7688.275,-658.673,189.719,69.935,0.343292,-0.938176,-0.044464,0.939217,0.342670,0.021173,-0.004627,-0.049030,0.998787,0,0.87851,-0.27070,52.711,-0.541,-1,400.000,-1,400.000,-1,325.000,325.000,325.000,325.000,-1,675.000,825.000,-1,825.000,775.000,-1,-1,2,0,2,0,2,0,0,0,0,2,0,0,2,0,0,2,2
38,7706.825,-609.334,189.365,69.394,0.352117,-0.934824,-0.046030,0.935949,0.351492,0.021291,-0.003724,-0.050578,0.998713,0,0.87851,-0.27070,52.711,-0.541,-1,400.000,-1,400.000,-1,325.000,325.000,325.000,325.000,-1,675.000,800.000,-1,825.000,775.000,-1,-1,2,0,2,0,2,0,0,0,0,2,0,0,2,0,0,2,2
39,7725.841,-560.173,189.093,68.852,0.360911,-0.931383,-0.047628,0.932596,0.360280,0.021526,-0.002890,-0.052187,0.998633,0,0.87851,-0.27070,52.711,-0.541,-1,400.000,-1,400.000,-1,325.000,325.000,325.000,325.000,-1,700.000,825.000,-1,825.000,775.000,-1,-1,2,0,2,0,2,0,0,0,0,2,0,0,2,0,0,2,2
40,7745.320,-511.193,188.736,68.311,0.369693,-0.927886,-0.048520,0.929150,0.369044,0.022042,-0.002546,-0.053231,0.998579,0,0.87851,-0.27070,52.711,-0.541,-1,400.000,-1,400.000,-1,325.000,325.000,325.000,325.000,-1,725.000,850.000,-1,850.000,775.000,-1,-1,2,0,2,0,2,0,0,0,0,2,0,0,2,0,0,2,2
41,7765.262,-462.400,188.344,67.770,0.378457,-0.924325,-0.048926,0.925616,0.377782,0.022729,-0.002526,-0.053889,0.998544,0,0.87851,-0.27070,52.711,-0.541,-1,400.000,-1,400.000,-1,325.000,325.000,325.000,325.000,-1,775.000,925.000,-1,850.000,775.000,-1,-1,2,0,2,0,2,0,0,0,0,2,0,0,2,0,0,2,2
42,7785.664,-413.798,188.011,67.228,0.387189,-0.920683,-0.049271,0.921997,0.386486,0.023452,-0.002550,-0.054509,0.998510,0,0.87851,-0.27070,52.711,-0.541,-1,400.000,-1,400.000,-1,325.000,325.000,300.000,300.000,-1,850.000,975.000,-1,850.000,775.000,-1,-1,2,0,2,0,2,0,0,0,0,2,0,0,2,0,0,2,2
43,7806.524,-365.391,187.739,66.687,0.395888,-0.916961,-0.049553,0.918295,0.395156,0.024212,-0.002620,-0.055090,0.998478,0,0.87851,-0.27070,52.711,-0.541,-1,400.000,-1,400.000,-1,325.000,325.000,300.000,300.000,-1,925.000,-1,-1,850.000,775.000,-1,-1,2,0,2,0,2,0,0,0,0,2,0,2,2,0,0,2,2
44,7827.841,-317.183,187.529,66.145,0.404555,-0.913158,-0.049769,0.914510,0.403791,0.025008,-0.002740,-0.055631,0.998448,0,0.87851,-0.27070,52.711,-0.541,-1,400.000,-1,400.000,-1,325.000,325.000,300.000,300.000,-1,1000.000,-1,-1,850.000,800.000,-1,-1,2,0,2,0,2,0,0,0,0,2,0,2,2,0,0,2,2
45,7849.612,-269.178,187.365,65.604,0.413190,-0.909280,-0.049841,0.910640,0.412391,0.025860,-0.002960,-0.056072,0.998422,0,0.87851,-0.27070,52.711,-0.541,-1,400.000,-1,400.000,-1,325.000,325.000,300.000,300.000,-1,-1,-1,-1,850.000,800.000,-1,-1,2,0,2,0,2,0,0,0,0,2,2,2,2,0,0,2,2
46,7871.836,-221.381,187.234,65.063,0.421795,-0.905328,-0.049698,0.906685,0.420958,0.026781,-0.003325,-0.056357,0.998405,0,0.87851,-0.27070,52.711,-0.541,-1,400.000,-1,400.000,-1,325.000,325.000,300.000,300.000,-1,-1,-1,-1,850.000,800.000,-1,-1,2,0,2,0,2,0,0,0,0,2,2,2,2,0,0,2,2
47,7894.511,-173.797,187.170,64.521,0.430365,-0.901297,-0.049492,0.902647,0.429487,0.027732,-0.003738,-0.056609,0.998389,0,0.87851,-0.27070,52.711,-0.541,-1,400.000,-1,400.000,-1,325.000,325.000,325.000,300.000,-1,-1,-1,-1,850.000,800.000,-1,-1,2,0,2,0,2,0,0,0,0,2,2,2,2,0,0,2,2
48,7917.634,-126.429,187.089,63.980,0.438886,-0.897170,-0.049652,0.898534,0.437970,0.028614,-0.003925,-0.057172,0.998357,0,0.87851,-0.27070,52.711,-0.541,-1,400.000,-1,400.000,-1,325.000,325.000,300.000,300.000,-1,-1,-1,-1,850.000,800.000,-1,-1,2,0,2,0,2,0,0,0,0,2,2,2,2,0,0,2,2
49,7941.204,-79.281,186.977,63.438,0.447361,-0.892943,-0.050213,0.894345,0.446404,0.029502,-0.003928,-0.058106,0.998303,0,0.87851,-0.27070,52.711,-0.541,-1,400.000,-1,400.000,-1,325.000,325.000,300.000,300.000,-1,-1,-1,-1,825.000,800.000,-1,-1,2,0,2,0,2,0,0,0,0,2,2,2,2,0,0,2,2
50,7965.217,-32.358,186.762,62.897,0.455819,-0.888600,-0.051169,0.890062,0.454778,0.031093,-0.004359,-0.059717,0.998206,0,0.87851,-0.27070,52.711,-0.541,-1,400.000,-1,400.000,-1,325.000,325.000,300.000,300.000,-1,-1,-1,-1,825.000,800.000,-1,-1,2,0,2,0,2,0,0,0,0,2,2,2,2,0,0,2,2
51,7989.673,14.336,186.593,62.356,0.464240,-0.884173,-0.052138,0.885696,0.463107,0.032770,-0.004829,-0.061392,0.998102,0,0.87851,-0.27070,52.711,-0.541,-1,400.000,-1,400.000,-1,325.000,325.000,300.000,300.000,-1,-1,-1,-1,825.000,800.000,-1,-1,2,0,2,0,2,0,0,0,0,2,2,2,2,0,0,2,2
52,8014.569,60.797,186.472,61.814,0.472623,-0.879662,-0.053118,0.881248,0.471390,0.034534,-0.005339,-0.063132,0.997991,0,0.87851,-0.27070,52.711,-0.541,-1,400.000,-1,400.000,-1,325.000,325.000,300.000,325.000,-1,-1,-1,-1,825.000,800.000,-1,-1,2,0,2,0,2,0,0,0,0,2,2,2,2,0,0,2,2
53,8041.297,110.053,186.162,61.513,0.477270,-0.877109,-0.053797,0.878739,0.475977,0.035537,-0.005564,-0.064235,0.997919,0,0.93400,-0.15070,56.040,-0.301,-1,400.000,-1,400.000,-1,325.000,325.000,300.000,325.000,-1,-1,-1,-1,800.000,800.000,-1,-1,2,0,2,0,2,0,0,0,0,2,2,2,2,0,0,2,2
54,8068.078,159.280,185.822,61.451,0.478235,-0.876543,-0.054437,0.878212,0.476887,0.036363,-0.005914,-0.065197,0.997855,0,0.93400,-0.03070,56.040,-0.061,-1,400.000,-1,400.000,-1,325.000,325.000,300.000,325.000,-1,-1,-1,-1,800.000,800.000,-1,-1,2,0,2,0,2,0,0,0,0,2,2,2,2,0,0,2,2
55,8094.706,208.589,185.214,61.630,0.475573,-0.878026,-0.053867,0.879646,0.474153,0.037451,-0.007341,-0.065195,0.997846,0,0.93400,0.08930,56.040,0.179,-1,400.000,-1,400.000,-1,325.000,325.000,300.000,325.000,-1,-1,-1,-1,800.000,800.000,-1,-1,2,0,2,0,2,0,0,0,0,2,2,2,2,0,0,2,2
56,8120.973,258.092,184.582,62.049,0.469227,-0.881467,-0.053309,0.883031,0.467726,0.038590,-0.009082,-0.065181,0.997832,0,0.93400,0.20930,56.040,0.419,-1,400.000,-1,400.000,-1,325.000,325.000,300.000,300.000,-1,-1,-1,-1,800.000,800.000,-1,-1,2,0,2,0,2,0,0,0,0,2,2,2,2,0,0,2,2
57,8146.669,307.894,183.875,62.707,0.459148,-0.886795,-0.052711,0.888292,0.457568,0.039619,-0.011015,-0.065014,0.997824,0,0.93400,0.32930,56.040,0.659,-1,400.000,-1,400.000,-1,325.000,325.000,300.000,300.000,-1,-1,-1,-1,775.000,775.000,-1,-1,2,0,2,0,2,0,0,0,0,2,2,2,2,0,0,2,2
58,8171.581,358.092,183.096,63.606,0.445272,-0.893877,-0.052113,0.895298,0.443612,0.040618,-0.013189,-0.064742,0.997815,0,0.93400,0.44930,56.040,0.899,-1,400.000,-1,400.000,-1,325.000,325.000,300.000,300.000,-1,-1,-1,-1,775.000,775.000,-1,-1,2,0,2,0,2,0,0,0,0,2,2,2,2,0,0,2,2
59,8195.491,408.775,182.258,64.744,0.427520,-0.902533,-0.051579,0.903870,0.425770,0.041704,-0.015679,-0.064450,0.997798,0,0.93400,0.56930,56.040,1.139,-1,400.000,-1,400.000,-1,325.000,325.000,300.000,300.000,-1,-1,-1,-1,775.000,775.000,-1,-1,2,0,2,0,2,0,0,0,0,2,2,2,2,0,0,2,2
60,8218.241,459.989,181.353,66.048,0.406976,-0.912007,-0.051126,0.913254,0.405128,0.042887,-0.018400,-0.064145,0.997771,0,0.93400,0.65203,56.040,1.304,-1,400.000,-1,400.000,-1,325.000,325.000,300.000,300.000,-1,-1,-1,-1,775.000,775.000,-1,-1,2,0,2,0,2,0,0,0,0,2,2,2,2,0,0,2,2
61,8239.819,511.707,180.386,67.353,0.386224,-0.921007,-0.050762,0.922162,0.384274,0.044167,-0.021172,-0.063869,0.997734,0,0.93400,0.65203,56.040,1.304,-1,400.000,-1,400.000,-1,325.000,325.000,300.000,300.000,-1,-1,-1,-1,750.000,775.000,-1,-1,2,0,2,0,2,0,0,0,0,2,2,2,2,0,0,2,2
62,8260.215,563.904,179.233,68.657,0.365267,-0.929499,-0.051098,0.930604,0.363208,0.045347,-0.023591,-0.064116,0.997664,0,0.93400,0.65203,56.040,1.304,-1,400.000,-1,400.000,-1,325.000,325.000,300.000,300.000,-1,-1,-1,-1,750.000,775.000,-1,-1,2,0,2,0,2,0,0,0,0,2,2,2,2,0,0,2,2
63,8279.417,616.551,178.064,69.961,0.344103,-0.937520,-0.051473,0.938581,0.341958,0.046159,-0.025673,-0.064195,0.997607,0,0.93400,0.65203,56.040,1.304,-1,400.000,-1,400.000,-1,325.000,325.000,300.000,300.000,-1,-1,-1,-1,750.000,775.000,-1,-1,2,0,2,0,2,0,0,0,0,2,2,2,2,0,0,2,2
64,8297.417,669.621,176.873,71.265,0.322752,-0.945064,-0.051819,0.946081,0.320535,0.046778,-0.027598,-0.064123,0.997560,0,0.93400,0.65203,56.040,1.304,-1,400.000,-1,400.000,-1,325.000,325.000,300.000,300.000,-1,-1,-1,-1,725.000,775.000,-1,-1,2,0,2,0,2,0,0,0,0,2,2,2,2,0,0,2,2
65,8314.204,723.087,175.520,72.569,0.301216,-0.952135,-0.052032,0.953107,0.298950,0.047076,-0.029268,-0.063772,0.997535,0,0.93400,0.65203,56.040,1.304,-1,375.000,-1,400.000,-1,325.000,325.000,300.000,300.000,-1,-1,-1,-1,725.000,775.000,-1,-1,2,0,2,0,2,0,0,0,0,2,2,2,2,0,0,2,2
66,8329.771,776.921,173.880,73.873,0.279467,-0.958759,-0.051761,0.959679,0.277223,0.046522,-0.030255,-0.062675,0.997575,0,0.93400,0.65203,56.040,1.304,-1,400.000,-1,400.000,-1,325.000,325.000,300.000,300.000,-1,-1,-1,-1,725.000,775.000,-1,-1,2,0,2,0,2,0,0,0,0,2,2,2,2,0,0,2,2
67,8342.673,826.510,172.297,75.417,0.253536,-0.965953,-0.051519,0.966813,0.251307,0.046026,-0.031512,-0.061478,0.997611,0,0.85400,0.77203,51.240,1.544,-1,400.000,-1,400.000,-1,325.000,325.000,300.000,300.000,-1,-1,-1,-1,725.000,775.000,-1,-1,2,0,2,0,2,0,0,0,0,2,2,2,2,0,0,2,2
68,8352.961,871.795,170.776,77.201,0.223351,-0.973389,-0.051271,0.974178,0.221130,0.045591,-0.033040,-0.060130,0.997644,0,0.77400,0.89203,46.440,1.784,-1,400.000,-1,400.000,-1,325.000,325.000,300.000,300.000,-1,-1,-1,-1,725.000,775.000,-1,-1,2,0,2,0,2,0,0,0,0,2,2,2,2,0,0,2,2
69,8361.687,917.536,169.156,79.201,0.189254,-0.980603,-0.051001,0.981313,0.187042,0.045167,-0.034751,-0.058596,0.997677,0,0.77611,1.00000,46.567,2.000,-1,400.000,-1,400.000,-1,325.000,325.000,300.000,300.000,-1,-1,-1,-1,725.000,775.000,-1,-1,2,0,2,0,2,0,0,0,0,2,2,2,2,0,0,2,2
70,8368.864,963.898,167.432,81.201,0.154921,-0.986624,-0.050720,0.987256,0.152720,0.044750,-0.036406,-0.057007,0.997710,0,0.78192,1.00000,46.915,2.000,-1,400.000,-1,400.000,-1,325.000,325.000,300.000,300.000,-1,-1,-1,-1,725.000,775.000,-1,-1,2,0,2,0,2,0,0,0,0,2,2,2,2,0,0,2,2
71,8374.462,1010.839,165.605,83.201,0.120392,-0.991445,-0.050429,0.991999,0.118205,0.044335,-0.037994,-0.055363,0.997743,0,0.78790,1.00000,47.274,2.000,-1,375.000,-1,400.000,-1,325.000,325.000,300.000,300.000,-1,-1,-1,-1,700.000,775.000,-1,-1,2,0,2,0,2,0,0,0,0,2,2,2,2,0,0,2,2
72,8378.448,1058.312,163.679,85.201,0.085711,-0.995058,-0.050128,0.995536,0.083540,0.043914,-0.039509,-0.053668,0.997777,0,0.79402,1.00000,47.641,2.000,-1,375.000,-1,400.000,-1,325.000,325.000,300.000,300.000,-1,-1,-1,-1,700.000,775.000,-1,-1,2,0,2,0,2,0,0,0,0,2,2,2,2,0,0,2,2
73,8380.794,1106.271,161.654,87.201,0.050917,-0.997460,-0.049815,0.997863,0.048766,0.043481,-0.040941,-0.051923,0.997812,0,0.80028,1.00000,48.017,2.000,-1,375.000,-1,400.000,-1,325.000,325.000,300.000,300.000,-1,-1,-1,-1,700.000,775.000,1000.000,-1,2,0,2,0,2,0,0,0,0,2,2,2,2,0,0,1,2
74,8381.470,1154.664,159.534,89.201,0.016054,-0.998646,-0.049490,0.998977,0.013927,0.043030,-0.042282,-0.050130,0.997847,0,0.80664,1.00000,48.399,2.000,-1,375.000,-1,400.000,-1,325.000,325.000,300.000,300.000,-1,-1,-1,-1,700.000,775.000,975.000,-1,2,0,2,0,2,0,0,0,0,2,2,2,2,0,0,1,2
75,8380.449,1203.439,157.321,91.201,-0.018836,-0.998614,-0.049149,0.998875,-0.020936,0.042555,-0.043525,-0.048292,0.997884,0,0.81311,1.00000,48.786,2.000,-1,375.000,-1,400.000,-1,325.000,325.000,300.000,300.000,-1,-1,-1,-1,700.000,775.000,950.000,-1,2,0,2,0,2,0,0,0,0,2,2,2,2,0,0,1,2
76,8377.704,1252.540,155.017,93.201,-0.053712,-0.997364,-0.048788,0.997557,-0.055779,0.042049,-0.044660,-0.046410,0.997924,0,0.81964,1.00000,49.178,2.000,-1,375.000,975.000,400.000,-1,300.000,325.000,300.000,300.000,-1,-1,-1,-1,675.000,750.000,925.000,-1,2,0,1,0,2,0,0,0,0,2,2,2,2,0,0,1,2
77,8373.211,1301.908,152.649,95.201,-0.088527,-0.994893,-0.048481,0.995027,-0.090560,0.041475,-0.045653,-0.044568,0.997963,0,0.82621,1.00000,49.572,2.000,1000.000,375.000,900.000,400.000,-1,300.000,325.000,300.000,300.000,-1,-1,-1,-1,675.000,725.000,875.000,-1,1,0,1,0,2,0,0,0,0,2,2,2,2,0,1,1,2
78,8366.949,1351.481,150.354,97.201,-0.123238,-0.991198,-0.048356,0.991292,-0.125235,0.040693,-0.046391,-0.042920,0.998001,0,0.83279,1.00000,49.967,2.000,975.000,375.000,850.000,400.000,-1,300.000,325.000,300.000,300.000,-1,-1,-1,-1,675.000,700.000,850.000,-1,1,0,1,0,2,0,0,0,0,2,2,2,2,0,1,1,2
79,8358.900,1401.193,148.191,99.198,-0.157799,-0.986335,-0.047347,0.986364,-0.159711,0.039734,-0.046753,-0.040432,0.998088,0,0.83934,0.99834,50.360,1.997,950.000,375.000,800.000,400.000,-1,300.000,325.000,300.000,300.000,-1,-1,-1,-1,675.000,650.000,825.000,900.000,1,0,1,0,2,0,0,0,0,2,2,2,2,0,1,1,1
80,8349.055,1450.977,145.966,101.188,-0.192064,-0.980290,-0.046297,0.980259,-0.193887,0.038733,-0.046946,-0.037943,0.998177,0,0.84581,0.99509,50.749,1.990,950.000,375.000,750.000,375.000,-1,300.000,325.000,300.000,300.000,-1,-1,-1,-1,650.000,600.000,800.000,775.000,1,0,1,0,2,0,0,0,0,2,2,2,2,1,1,1,1
81,8337.407,1500.763,143.686,103.170,-0.225973,-0.973084,-0.045206,0.973001,-0.227704,0.037688,-0.046967,-0.035469,0.998267,0,0.85217,0.99124,51.130,1.982,925.000,375.000,700.000,375.000,-1,300.000,325.000,300.000,300.000,-1,-1,-1,-1,625.000,575.000,775.000,675.000,1,0,1,0,2,0,0,0,0,2,2,2,2,1,1,1,1
82,8323.954,1550.476,141.359,105.144,-0.259464,-0.964746,-0.044079,0.964618,-0.261101,0.036594,-0.046813,-0.033024,0.998358,0,0.85836,0.98675,51.502,1.974,900.000,375.000,675.000,375.000,-1,300.000,325.000,300.000,300.000,-1,900.000,875.000,-1,600.000,525.000,750.000,600.000,1,0,1,0,2,0,0,0,0,2,0,0,2,1,1,1,1
83,8308.700,1600.040,138.993,107.107,-0.292479,-0.955309,-0.042915,0.955142,-0.294020,0.035449,-0.046483,-0.030622,0.998450,0,0.86431,0.98159,51.858,1.963,900.000,375.000,625.000,375.000,650.000,300.000,300.000,300.000,325.000,-1,825.000,775.000,-1,575.000,475.000,725.000,525.000,1,0,1,0,1,0,0,0,0,2,0,0,2,1,1,1,1
84,8291.657,1649.376,136.597,109.058,-0.324958,-0.944808,-0.041717,0.944610,-0.326402,0.034250,-0.045976,-0.028276,0.998542,0,0.86995,0.97570,52.197,1.951,875.000,375.000,575.000,375.000,550.000,300.000,300.000,300.000,325.000,-1,750.000,725.000,-1,550.000,425.000,675.000,475.000,1,0,1,1,1,0,0,0,0,2,0,0,2,1,1,1,1
85,8272.843,1698.400,134.178,110.997,-0.356843,-0.933287,-0.040484,0.933065,-0.358190,0.032994,-0.045294,-0.026001,0.998635,0,0.87519,0.96904,52.512,1.938,875.000,375.000,550.000,325.000,450.000,300.000,300.000,325.000,325.000,-1,700.000,650.000,-1,525.000,400.000,650.000,400.000,1,0,1,1,1,0,0,0,0,2,0,0,2,1,1,1,1
86,8252.283,1747.029,131.746,112.920,-0.388080,-0.920791,-0.039218,0.920554,-0.389329,0.031680,-0.044439,-0.023808,0.998728,0,0.87995,0.96155,52.797,1.923,850.000,375.000,500.000,300.000,375.000,300.000,300.000,325.000,325.000,-1,650.000,600.000,-1,500.000,350.000,625.000,350.000,1,0,1,1,1,0,1,0,0,2,0,0,2,1,1,1,1
87,8230.011,1795.174,129.307,114.826,-0.418612,-0.907373,-0.037917,0.907127,-0.419765,0.030306,-0.043415,-0.021709,0.998821,0,0.88411,0.95319,53.047,1.906,850.000,375.000,475.000,275.000,300.000,300.000,275.000,325.000,325.000,-1,625.000,575.000,-1,450.000,325.000,600.000,275.000,1,1,1,1,1,1,1,0,0,2,0,0,2,1,1,1,1
88,8206.073,1842.742,126.929,116.714,-0.448375,-0.893086,-0.036841,0.892840,-0.449445,0.028926,-0.042391,-0.019923,0.998902,0,0.88755,0.94389,53.253,1.888,850.000,350.000,425.000,250.000,250.000,275.000,250.000,325.000,325.000,-1,575.000,550.000,-1,425.000,275.000,575.000,225.000,1,1,1,1,1,1,1,0,0,2,0,0,2,1,1,1,1
89,8180.523,1889.642,124.635,118.581,-0.477316,-0.877991,-0.036071,0.877755,-0.478319,0.027529,-0.041424,-0.018522,0.998970,0,0.89012,0.93361,53.407,1.867,900.000,325.000,375.000,200.000,175.000,250.000,200.000,325.000,325.000,-1,550.000,525.000,-1,400.000,250.000,550.000,175.000,1,1,1,1,1,1,1,0,0,2,0,0,2,1,1,1,1
90,8153.423,1935.768,129.118,120.426,-0.505573,-0.861511,-0.046852,0.862546,-0.505962,-0.004019,-0.020243,-0.042444,0.998894,0,0.89167,0.92228,53.500,1.845,-1,325.000,400.000,200.000,175.000,250.000,200.000,300.000,375.000,-1,250.000,325.000,-1,400.000,250.000,575.000,150.000,2,1,1,1,1,1,1,0,0,2,0,0,2,1,1,1,1
91,8124.854,1981.026,133.970,122.245,-0.533659,-0.843825,-0.056276,0.845697,-0.532317,-0.037879,0.002007,-0.067807,0.997696,0,0.89203,0.90986,53.522,1.820,-1,300.000,400.000,200.000,150.000,250.000,200.000,275.000,425.000,825.000,125.000,250.000,-1,400.000,250.000,600.000,150.000,2,1,1,1,1,1,1,0,1,0,0,0,2,1,1,1,1
92,8094.914,2025.316,138.672,124.038,-0.561409,-0.825100,-0.063479,0.827199,-0.557331,-0.071577,0.023679,-0.092694,0.995413,0,0.89101,0.89630,53.461,1.793,-1,300.000,400.000,200.000,150.000,250.000,200.000,275.000,475.000,550.000,75.000,200.000,-1,400.000,250.000,-1,150.000,2,1,1,1,1,1,1,0,1,0,0,0,2,1,1,2,1
93,8063.712,2068.535,143.269,125.801,-0.588641,-0.805485,-0.068526,0.807164,-0.580956,-0.104765,0.044576,-0.116980,0.992133,0,0.88842,0.88158,53.305,1.763,-1,300.000,425.000,200.000,150.000,250.000,200.000,250.000,475.000,400.000,50.000,175.000,-1,425.000,250.000,-1,150.000,2,1,1,1,1,1,1,0,1,0,0,0,2,1,1,2,1
94,8031.373,2110.584,147.827,127.532,-0.615162,-0.785155,-0.071473,0.785767,-0.603178,-0.136919,0.064392,-0.140388,0.988000,0,0.88408,0.86571,53.045,1.731,-1,300.000,425.000,200.000,125.000,250.000,200.000,250.000,475.000,300.000,25.000,175.000,-1,475.000,250.000,-1,125.000,2,1,1,1,1,1,1,0,1,0,0,0,2,1,1,2,1
95,-9511.017,-327.966,159.759,86.408,0.062676,-0.998011,0.006791,0.998029,0.062652,-0.003581,0.003148,0.007002,0.999971,1,0.00000,0.00000,52.670,1.697,-1,400.000,-1,400.000,-1,325.000,325.000,300.000,300.000,-1,-1,-1,-1,850.000,825.000,-1,-1,2,0,2,0,2,0,0,0,0,2,2,2,2,0,0,2,2
96,-9511.298,-332.758,159.742,86.648,0.058496,-0.998264,0.006807,0.998282,0.058471,-0.003703,0.003298,0.007012,0.999970,0,-0.08000,0.12000,-4.800,0.240,-1,400.000,-1,400.000,-1,325.000,325.000,300.000,300.000,-1,-1,-1,-1,850.000,825.000,-1,-1,2,0,2,0,2,0,0,0,0,2,2,2,2,0,0,2,2
97,-9511.752,-341.809,159.710,87.128,0.050132,-0.998719,0.006839,0.998736,0.050106,-0.003934,0.003586,0.007028,0.999969,0,-0.15105,0.24000,-9.063,0.480,-1,400.000,-1,400.000,-1,325.000,325.000,300.000,300.000,-1,-1,-1,-1,850.000,850.000,-1,-1,2,0,2,0,2,0,0,0,0,2,2,2,2,0,0,2,2
98,-9512.135,-351.027,159.676,87.623,0.041497,-0.999115,0.006875,0.999131,0.041469,-0.004169,0.003880,0.007042,0.999968,0,-0.15376,0.24771,-9.225,0.495,-1,400.000,-1,400.000,-1,325.000,325.000,300.000,300.000,-1,-1,-1,-1,850.000,850.000,-1,-1,2,0,2,0,2,0,0,0,0,2,2,2,2,0,0,2,2
99,-9512.443,-360.413,159.642,88.117,0.032887,-0.999435,0.006913,0.999450,0.032857,-0.004409,0.004180,0.007055,0.999966,0,-0.15652,0.24691,-9.391,0.494,-1,400.000,-1,400.000,-1,325.000,325.000,300.000,300.000,-1,-1,-1,-1,850.000,850.000,-1,-1,2,0,2,0,2,0,0,0,0,2,2,2,2,0,0,2,2
100,-9512.675,-369.971,159.606,88.609,0.024300,-0.999681,0.006955,0.999695,0.024268,-0.004654,0.004484,0.007066,0.999965,0,-0.15934,0.24617,-9.561,0.492,-1,400.000,-1,400.000,-1,325.000,325.000,300.000,300.000,-1,-1,-1,-1,850.000,850.000,-1,-1,2,0,2,0,2,0,0,0,0,2,2,2,2,0,0,2,2
101,-9512.828,-379.703,159.569,89.100,0.015735,-0.999852,0.007001,0.999865,0.015700,-0.004904,0.004793,0.007077,0.999963,0,-0.16222,0.24548,-9.733,0.491,-1,400.000,-1,400.000,-1,325.000,325.000,300.000,300.000,-1,-1,-1,-1,850.000,850.000,-1,-1,2,0,2,0,2,0,0,0,0,2,2,2,2,0,0,2,2
102,-9512.899,-389.612,159.530,89.590,0.007190,-0.999949,0.007050,0.999961,0.007154,-0.005159,0.005108,0.007086,0.999962,0,-0.16516,0.24486,-9.910,0.490,-1,400.000,-1,400.000,-1,325.000,325.000,300.000,300.000,-1,-1,-1,-1,850.000,850.000,-1,-1,2,0,2,0,2,0,0,0,0,2,2,2,2,0,0,2,2
103,-9512.885,-399.702,159.491,90.079,-0.001335,-0.999974,0.007102,0.999984,-0.001374,-0.005419,0.005429,0.007095,0.999960,0,-0.16816,0.24430,-10.090,0.489,-1,400.000,-1,400.000,-1,325.000,325.000,300.000,300.000,-1,-1,-1,-1,850.000,850.000,-1,-1,2,0,2,0,2,0,0,0,0,2,2,2,2,0,0,2,2
104,-9512.748,-414.591,159.433,90.526,-0.009139,-0.999932,0.007177,0.999941,-0.009181,-0.005805,0.005870,0.007124,0.999957,0,-0.24816,0.22367,-14.890,0.447,-1,400.000,-1,400.000,-1,325.000,325.000,300.000,300.000,-1,-1,-1,-1,850.000,850.000,-1,-1,2,0,2,0,2,0,0,0,0,2,2,2,2,0,0,2,2
105,-9512.414,-434.278,159.355,90.973,-0.016928,-0.999830,0.007278,0.999836,-0.016974,-0.006317,0.006440,0.007170,0.999954,0,-0.32816,0.22329,-19.690,0.447,-1,400.000,-1,400.000,-1,325.000,325.000,300.000,300.000,-1,-1,-1,-1,850.000,850.000,-1,-1,2,0,2,0,2,0,0,0,0,2,2,2,2,0,0,2,2
106,-9511.808,-458.760,159.257,91.419,-0.024706,-0.999667,0.007407,0.999669,-0.024757,-0.006956,0.007137,0.007232,0.999948,0,-0.40816,0.22302,-24.490,0.446,-1,400.000,-1,400.000,-1,325.000,325.000,300.000,300.000,-1,-1,-1,-1,850.000,850.000,-1,-1,2,0,2,0,2,0,0,0,0,2,2,2,2,0,0,2,2
107,-9510.983,-484.090,159.154,91.864,-0.032477,-0.999444,0.007546,0.999442,-0.032535,-0.007619,0.007860,0.007294,0.999943,0,-0.42240,0.22291,-25.344,0.446,-1,400.000,-1,400.000,-1,325.000,325.000,300.000,300.000,-1,-1,-1,-1,850.000,850.000,-1,-1,2,0,2,0,2,0,0,0,0,2,2,2,2,0,0,2,2
108,-9509.943,-509.874,159.047,92.310,-0.040248,-0.999160,0.007693,0.999153,-0.040311,-0.008294,0.008598,0.007353,0.999936,0,-0.43008,0.22294,-25.805,0.446,-1,400.000,-1,400.000,-1,325.000,325.000,300.000,300.000,-1,-1,-1,-1,850.000,850.000,-1,-1,2,0,2,0,2,0,0,0,0,2,2,2,2,0,0,2,2
109,-9508.680,-536.117,158.937,92.757,-0.048021,-0.998815,0.007851,0.998803,-0.048091,-0.008984,0.009351,0.007410,0.999929,0,-0.43789,0.22310,-26.274,0.446,-1,400.000,-1,400.000,-1,325.000,325.000,300.000,300.000,-1,-1,-1,-1,850.000,850.000,-1,-1,2,0,2,0,2,0,0,0,0,2,2,2,2,0,0,2,2
110,-9507.185,-562.826,158.822,93.203,-0.055802,-0.998410,0.008017,0.998391,-0.055878,-0.009688,0.010120,0.007464,0.999921,0,-0.44584,0.22340,-26.750,0.447,-1,400.000,-1,400.000,-1,325.000,325.000,300.000,300.000,-1,-1,-1,-1,850.000,850.000,-1,-1,2,0,2,0,2,0,0,0,0,2,2,2,2,0,0,2,2
111,-9505.454,-589.958,158.704,93.651,-0.063592,-0.997942,0.008193,0.997916,-0.063676,-0.010405,0.010905,0.007514,0.999912,0,-0.45312,0.22380,-27.187,0.448,-1,400.000,-1,400.000,-1,325.000,325.000,300.000,300.000,-1,-1,-1,-1,850.000,850.000,-1,-1,2,0,2,0,2,0,0,0,0,2,2,2,2,0,0,2,2
112,-9503.511,-617.076,158.583,94.099,-0.071379,-0.997414,0.008376,0.997381,-0.071470,-0.011123,0.011693,0.007560,0.999903,0,-0.45312,0.22380,-27.187,0.448,-1,400.000,-1,400.000,-1,325.000,325.000,300.000,300.000,-1,-1,-1,-1,850.000,850.000,-1,-1,2,0,2,0,2,0,0,0,0,2,2,2,2,0,0,2,2
113,-9501.356,-644.177,158.410,94.546,-0.079165,-0.996827,0.008352,0.996785,-0.079260,-0.011702,0.012327,0.007399,0.999897,0,-0.45312,0.22380,-27.187,0.448,-1,400.000,-1,400.000,-1,325.000,325.000,300.000,300.000,-1,-1,-1,-1,850.000,850.000,-1,-1,2,0,2,0,2,0,0,0,0,2,2,2,2,0,0,2,2
114,-9498.989,-671.261,158.157,94.994,-0.086951,-0.996180,0.008005,0.996130,-0.087045,-0.012200,0.012850,0.006913,0.999894,0,-0.45312,0.22380,-27.187,0.448,-1,400.000,-1,400.000,-1,325.000,325.000,300.000,300.000,-1,-1,-1,-1,850.000,850.000,-1,-1,2,0,2,0,2,0,0,0,0,2,2,2,2,0,0,2,2
115,-9496.411,-698.326,157.796,95.441,-0.094730,-0.995471,0.008024,0.995418,-0.094824,-0.012315,0.013020,0.006821,0.999892,0,-0.45312,0.22380,-27.187,0.448,-1,400.000,-1,400.000,-1,325.000,325.000,300.000,300.000,-1,-1,-1,-1,825.000,850.000,-1,-1,2,0,2,0,2,0,0,0,0,2,2,2,2,0,0,2,2
116,-9493.622,-725.370,157.436,95.889,-0.102503,-0.994700,0.008029,0.994646,-0.102598,-0.012376,0.013134,0.006717,0.999891,0,-0.45312,0.22380,-27.187,0.448,-1,400.000,-1,400.000,-1,325.000,325.000,300.000,300.000,-1,-1,-1,-1,825.000,825.000,-1,-1,2,0,2,0,2,0,0,0,0,2,2,2,2,0,0,2,2
117,-9490.621,-752.391,157.074,96.336,-0.110271,-0.993869,0.008027,0.993813,-0.110365,-0.012437,0.013247,0.006606,0.999890,0,-0.45312,0.22380,-27.187,0.448,-1,400.000,-1,400.000,-1,325.000,325.000,300.000,300.000,-1,-1,-1,-1,825.000,825.000,-1,-1,2,0,2,0,2,0,0,0,0,2,2,2,2,0,0,2,2
118,-9487.409,-779.388,156.711,96.784,-0.118032,-0.992977,0.008020,0.992920,-0.118126,-0.012499,0.013358,0.006488,0.999890,0,-0.45312,0.22380,-27.187,0.448,-1,400.000,-1,400.000,-1,325.000,325.000,300.000,300.000,-1,-1,-1,-1,825.000,825.000,-1,-1,2,0,2,0,2,0,0,0,0,2,2,2,2,0,0,2,2
119,-9483.987,-806.359,156.347,97.232,-0.125785,-0.992025,0.008006,0.991966,-0.125879,-0.012560,0.013468,0.006362,0.999889,0,-0.45312,0.22380,-27.187,0.448,-1,400.000,-1,400.000,-1,325.000,325.000,300.000,300.000,-1,-1,-1,-1,825.000,825.000,-1,-1,2,0,2,0,2,0,0,0,0,2,2,2,2,0,0,2,2
120,-9480.354,-833.302,155.981,97.679,-0.133531,-0.991012,0.007985,0.990952,-0.133625,-0.012623,0.013576,0.006227,0.999888,0,-0.45312,0.22380,-27.187,0.448,-1,400.000,-1,400.000,-1,325.000,325.000,300.000,300.000,-1,-1,-1,-1,825.000,825.000,-1,-1,2,0,2,0,2,0,0,0,0,2,2,2,2,0,0,2,2
121,-9476.511,-860.216,155.615,98.127,-0.141270,-0.989939,0.007956,0.989877,-0.141363,-0.012685,0.013682,0.006084,0.999888,0,-0.45312,0.22380,-27.187,0.448,-1,400.000,-1,400.000,-1,325.000,325.000,300.000,300.000,-1,-1,-1,-1,825.000,825.000,-1,-1,2,0,2,0,2,0,0,0,0,2,2,2,2,0,0,2,2
122,-9472.457,-887.100,155.247,98.574,-0.148999,-0.988806,0.007920,0.988741,-0.149092,-0.012747,0.013785,0.005931,0.999887,0,-0.45312,0.22380,-27.187,0.448,-1,400.000,-1,400.000,-1,325.000,325.000,300.000,300.000,-1,-1,-1,-1,800.000,825.000,-1,-1,2,0,2,0,2,0,0,0,0,2,2,2,2,0,0,2,2
123,-9468.194,-913.951,154.878,99.022,-0.156720,-0.987612,0.007874,0.987545,-0.156812,-0.012810,0.013886,0.005769,0.999887,0,-0.45312,0.22380,-27.187,0.448,-1,400.000,-1,400.000,-1,325.000,325.000,300.000,300.000,-1,-1,-1,-1,800.000,800.000,-1,-1,2,0,2,0,2,0,0,0,0,2,2,2,2,0,0,2,2
124,-9464.603,-936.048,154.574,99.230,-0.160298,-0.987038,0.007834,0.986970,-0.160389,-0.012853,0.013943,0.005672,0.999887,0,-0.37312,0.10380,-22.387,0.208,-1,400.000,-1,400.000,-1,325.000,325.000,300.000,300.000,-1,-1,-1,-1,800.000,800.000,-1,-1,2,0,2,0,2,0,0,0,0,2,2,2,2,0,0,2,2
125,-9461.792,-953.409,154.337,99.197,-0.159740,-0.987128,0.007803,0.987060,-0.159831,-0.012876,0.013957,0.005645,0.999887,0,-0.29312,-0.01620,-17.587,-0.032,-1,400.000,-1,400.000,-1,325.000,325.000,300.000,300.000,-1,-1,-1,-1,800.000,800.000,-1,-1,2,0,2,0,2,0,0,0,0,2,2,2,2,0,0,2,2
126,-9459.808,-966.042,154.167,98.925,-0.155045,-0.987877,0.007783,0.987809,-0.155136,-0.012878,0.013929,0.005692,0.999887,0,-0.21312,-0.13620,-12.787,-0.272,-1,400.000,-1,400.000,-1,325.000,325.000,300.000,300.000,-1,-1,-1,-1,800.000,800.000,-1,-1,2,0,2,0,2,0,0,0,0,2,2,2,2,0,0,2,2
127,-9458.640,-973.943,154.062,98.412,-0.146203,-0.989224,0.007778,0.989157,-0.146295,-0.012860,0.013860,0.005814,0.999887,0,-0.13312,-0.25620,-7.987,-0.512,-1,400.000,-1,400.000,-1,325.000,325.000,300.000,300.000,-1,-1,-1,-1,800.000,800.000,-1,-1,2,0,2,0,2,0,0,0,0,2,2,2,2,0,0,2,2
128,-9458.215,-977.102,154.024,97.660,-0.133200,-0.991059,0.007789,0.990994,-0.133292,-0.012825,0.013748,0.006010,0.999887,0,-0.05312,-0.37620,-3.187,-0.752,-1,400.000,-1,400.000,-1,325.000,325.000,300.000,300.000,-1,-1,-1,-1,800.000,800.000,-1,-1,2,0,2,0,2,0,0,0,0,2,2,2,2,0,0,2,2
129,-9458.402,-975.500,154.050,96.668,-0.116013,-0.993217,0.007814,0.993155,-0.116106,-0.012773,0.013594,0.006279,0.999888,0,0.02688,-0.49620,1.613,-0.992,-1,400.000,-1,400.000,-1,325.000,325.000,300.000,300.000,-1,-1,-1,-1,800.000,800.000,-1,-1,2,0,2,0,2,0,0,0,0,2,2,2,2,0,0,2,2
130,-9459.010,-969.116,154.140,95.435,-0.094623,-0.995482,0.007854,0.995423,-0.094717,-0.012710,0.013397,0.006616,0.999888,0,0.10688,-0.61620,6.413,-1.232,-1,400.000,-1,400.000,-1,325.000,325.000,300.000,300.000,-1,-1,-1,-1,800.000,800.000,-1,-1,2,0,2,0,2,0,0,0,0,2,2,2,2,0,0,2,2
131,-9459.789,-957.930,154.291,93.983,-0.069366,-0.997560,0.007906,0.997504,-0.069463,-0.012639,0.013158,0.007010,0.999889,0,0.18688,-0.72597,11.213,-1.452,-1,400.000,-1,400.000,-1,325.000,325.000,300.000,300.000,-1,-1,-1,-1,800.000,800.000,-1,-1,2,0,2,0,2,0,0,0,0,2,2,2,2,0,0,2,2
132,-9460.496,-941.933,154.501,92.531,-0.044066,-0.998997,0.007959,0.998945,-0.044164,-0.012573,0.012912,0.007396,0.999889,0,0.26688,-0.72597,16.013,-1.452,-1,400.000,-1,400.000,-1,325.000,325.000,300.000,300.000,-1,-1,-1,-1,800.000,800.000,-1,-1,2,0,2,0,2,0,0,0,0,2,2,2,2,0,0,2,2
133,-9460.888,-921.124,154.770,91.079,-0.018737,-0.999792,0.008008,0.999744,-0.018836,-0.012514,0.012662,0.007771,0.999890,0,0.34688,-0.72597,20.813,-1.452,-1,400.000,-1,400.000,-1,325.000,325.000,300.000,300.000,-1,-1,-1,-1,825.000,800.000,-1,-1,2,0,2,0,2,0,0,0,0,2,2,2,2,0,0,2,2
134,-9460.721,-895.512,155.095,89.627,0.006603,-0.999946,0.008049,0.999901,0.006503,-0.012461,0.012408,0.008131,0.999890,0,0.42688,-0.72597,25.613,-1.452,-1,400.000,-1,400.000,-1,325.000,325.000,300.000,300.000,-1,-1,-1,-1,825.000,800.000,-1,-1,2,0,2,0,2,0,0,0,0,2,2,2,2,0,0,2,2
135,-9459.753,-865.115,155.475,88.175,0.031939,-0.999457,0.008080,0.999416,0.031838,-0.012417,0.012153,0.008472,0.999890,0,0.50688,-0.72597,30.413,-1.452,-1,400.000,-1,400.000,-1,325.000,325.000,300.000,300.000,-1,-1,-1,-1,825.000,800.000,-1,-1,2,0,2,0,2,0,0,0,0,2,2,2,2,0,0,2,2
136,-9457.741,-829.959,155.908,86.724,0.057255,-0.998327,0.008098,0.998289,0.057152,-0.012383,0.011900,0.008793,0.999891,0,0.58688,-0.72597,35.213,-1.452,-1,400.000,-1,400.000,-1,325.000,325.000,300.000,300.000,-1,-1,-1,-1,825.000,800.000,-1,-1,2,0,2,0,2,0,0,0,0,2,2,2,2,0,0,2,2
137,-9454.442,-790.083,156.394,85.272,0.082533,-0.996555,0.008103,0.996520,0.082429,-0.012363,0.011652,0.009095,0.999891,0,0.66688,-0.72597,40.013,-1.452,-1,400.000,-1,400.000,-1,325.000,325.000,300.000,300.000,-1,-1,-1,-1,825.000,800.000,-1,-1,2,0,2,0,2,0,0,0,0,2,2,2,2,0,0,2,2
