timestep,x_cm,y_cm,z_cm,yaw_deg,basis_xx,basis_xy,basis_xz,basis_yx,basis_yy,basis_yz,basis_zx,basis_zy,basis_zz,teleport_flag,throttle_cmd,steering_cmd,cmd_move_cm,cmd_turn_deg,lidar_cm_0,lidar_cm_1,lidar_cm_2,lidar_cm_3,lidar_cm_4,lidar_cm_5,lidar_cm_6,lidar_cm_7,lidar_cm_8,lidar_cm_9,lidar_cm_10,lidar_cm_11,lidar_cm_12,lidar_cm_13,lidar_cm_14,lidar_cm_15,lidar_cm_16,lidar_class_0,lidar_class_1,lidar_class_2,lidar_class_3,lidar_class_4,lidar_class_5,lidar_class_6,lidar_class_7,lidar_class_8,lidar_class_9,lidar_class_10,lidar_class_11,lidar_class_12,lidar_class_13,lidar_class_14,lidar_class_15,lidar_class_16
0,-2294.305,-8194.576,-65.804,72.337,0.302356,-0.952775,0.028299,0.951787,0.303389,0.045351,-0.051795,0.013222,0.998570,1,0.08000,-0.12000,4.800,-0.240,-1,400.000,-1,400.000,-1,325.000,325.000,300.000,300.000,-1,-1,-1,-1,725.000,750.000,-1,-1,2,0,2,0,2,0,0,0,0,2,2,2,2,0,0,2,2
1,-2291.315,-8185.453,-66.307,71.857,0.310331,-0.950205,0.028386,0.949203,0.311362,0.045462,-0.052037,0.012835,0.998563,0,0.16000,-0.24000,9.600,-0.480,-1,400.000,-1,400.000,-1,325.000,325.000,300.000,300.000,-1,-1,-1,-1,725.000,750.000,-1,-1,2,0,2,0,2,0,0,0,0,2,2,2,2,0,0,2,2
2,-2286.660,-8171.826,-67.066,71.137,0.322253,-0.946224,0.028513,0.945202,0.323280,0.045634,-0.052398,0.012245,0.998551,0,0.24000,-0.36000,14.400,-0.720,-1,400.000,-1,400.000,-1,325.000,325.000,300.000,300.000,-1,-1,-1,-1,725.000,750.000,-1,-1,2,0,2,0,2,0,0,0,0,2,2,2,2,0,0,2,2
3,-2280.149,-8153.764,-68.085,70.177,0.338070,-0.940684,0.028680,0.939635,0.339091,0.045872,-0.052876,0.011441,0.998536,0,0.32000,-0.48000,19.200,-0.960,-1,400.000,-1,400.000,-1,325.000,325.000,300.000,300.000,-1,-1,-1,-1,725.000,750.000,-1,1000.000,2,0,2,0,2,0,0,0,0,2,2,2,2,0,1,2,1
4,-2271.539,-8131.362,-69.368,68.977,0.357708,-0.933387,0.028882,0.932302,0.358721,0.046182,-0.053466,0.010407,0.998515,0,0.40000,-0.60000,24.000,-1.200,-1,400.000,-1,400.000,1000.000,325.000,325.000,300.000,300.000,-1,-1,-1,-1,700.000,725.000,-1,975.000,2,0,2,0,1,0,0,0,0,2,2,2,2,0,1,2,1
5,-2260.535,-8104.747,-70.923,67.537,0.381067,-0.924089,0.029115,0.922960,0.382069,0.046575,-0.054164,0.009124,0.998490,0,0.48000,-0.72000,28.800,-1.440,-1,400.000,-1,400.000,975.000,325.000,325.000,300.000,300.000,-1,-1,-1,-1,700.000,725.000,-1,925.000,2,0,2,0,1,0,0,0,0,2,2,2,2,0,1,2,1
6,-2246.792,-8074.086,-72.756,65.857,0.408015,-0.912502,0.029377,0.911319,0.409001,0.047063,-0.054960,0.007570,0.998460,0,0.56000,-0.84000,33.600,-1.680,-1,375.000,-1,400.000,975.000,325.000,325.000,300.000,300.000,-1,-1,-1,-1,700.000,700.000,-1,900.000,2,0,2,0,1,0,0,0,0,2,2,2,2,0,1,2,1
7,-2229.920,-8039.590,-74.875,63.937,0.438385,-0.898298,0.029663,0.897051,0.439350,0.047658,-0.055844,0.005717,0.998423,0,0.64000,-0.96000,38.400,-1.920,-1,375.000,-1,400.000,950.000,325.000,325.000,300.000,300.000,-1,-1,-1,-1,700.000,675.000,-1,875.000,2,0,2,0,1,0,0,0,0,2,2,2,2,0,1,2,1
8,-2209.597,-8001.469,-77.322,61.937,0.469507,-0.882426,0.029777,0.881109,0.470437,0.048324,-0.056651,0.003549,0.998388,0,0.72000,-1.00000,43.200,-2.000,-1,375.000,-1,400.000,950.000,325.000,325.000,300.000,300.000,-1,-1,-1,-1,700.000,650.000,-1,825.000,2,0,2,0,1,0,0,0,0,2,2,2,2,0,1,2,1
9,-2185.552,-7959.926,-79.973,59.937,0.500050,-0.865475,0.030041,0.864111,0.500949,0.048600,-0.057111,0.001656,0.998366,0,0.80000,-1.00000,48.000,-2.000,-1,375.000,-1,400.000,925.000,325.000,325.000,300.000,300.000,-1,-1,-1,-1,700.000,625.000,975.000,800.000,2,0,2,0,1,0,0,0,0,2,2,2,2,0,1,1,1
10,-2157.523,-7915.180,-82.629,57.937,0.529957,-0.847466,0.030783,0.846134,0.530849,0.047501,-0.056597,0.000873,0.998397,0,0.88000,-1.00000,52.800,-2.000,-1,375.000,-1,400.000,900.000,325.000,325.000,300.000,300.000,-1,-1,-1,-1,700.000,600.000,925.000,750.000,2,0,2,1,1,0,0,0,0,2,2,2,2,0,1,1,1
11,-2125.261,-7867.463,-85.570,55.937,0.559221,-0.828424,0.031412,0.827125,0.560102,0.046359,-0.055999,0.000057,0.998431,0,0.96000,-1.00000,57.600,-2.000,950.000,375.000,1000.000,375.000,875.000,325.000,325.000,300.000,300.000,-1,-1,-1,-1,700.000,575.000,850.000,700.000,1,0,1,1,1,0,0,0,0,2,2,2,2,0,1,1,1
12,-2089.941,-7818.961,-88.681,53.937,0.587809,-0.808371,0.031883,0.807105,0.588672,0.045235,-0.055336,-0.000857,0.998467,0,1.00000,-1.00000,60.000,-2.000,850.000,375.000,925.000,375.000,825.000,325.000,325.000,300.000,300.000,-1,-1,-1,-1,675.000,550.000,800.000,675.000,1,0,1,1,1,0,0,0,0,2,2,2,2,1,1,1,1
13,-2052.949,-7771.721,-91.857,51.937,0.615686,-0.787333,0.032192,0.786100,0.616525,0.044091,-0.054562,-0.001840,0.998509,0,1.00000,-1.00000,60.000,-2.000,775.000,375.000,850.000,350.000,800.000,325.000,325.000,300.000,300.000,-1,-1,-1,-1,675.000,525.000,750.000,625.000,1,0,1,1,1,0,1,0,0,2,2,2,2,1,1,1,1
14,-2014.332,-7725.801,-95.025,49.937,0.642836,-0.765335,0.032009,0.764135,0.643624,0.042964,-0.053483,-0.003160,0.998564,0,1.00000,-1.00000,60.000,-2.000,700.000,375.000,775.000,350.000,800.000,325.000,300.000,300.000,300.000,-1,-1,-1,-1,650.000,500.000,700.000,575.000,1,0,1,1,1,0,1,0,0,2,2,2,2,1,1,1,1
15,-1974.135,-7681.256,-98.162,47.937,0.669223,-0.742401,0.031322,0.741229,0.669938,0.041989,-0.052156,-0.004883,0.998627,0,1.00000,-1.00000,60.000,-2.000,625.000,375.000,700.000,325.000,775.000,300.000,275.000,300.000,300.000,-1,-1,-1,-1,600.000,450.000,650.000,550.000,1,0,1,1,1,1,1,0,0,2,2,2,2,1,1,1,1
16,-1932.409,-7638.141,-101.327,45.937,0.694798,-0.718561,0.030426,0.717412,0.695431,0.041185,-0.050753,-0.006787,0.998688,0,1.00000,-1.00000,60.000,-2.000,575.000,375.000,650.000,300.000,775.000,300.000,275.000,300.000,300.000,-1,-1,-1,-1,525.000,425.000,600.000,500.000,1,1,1,1,1,1,1,0,0,2,2,2,2,1,1,1,1
17,-1889.203,-7596.509,-104.514,43.937,0.719530,-0.693841,0.029336,0.692711,0.720073,0.040568,-0.049272,-0.008869,0.998746,0,1.00000,-1.00000,60.000,-2.000,525.000,325.000,575.000,300.000,775.000,275.000,250.000,300.000,300.000,-1,-1,-1,-1,475.000,400.000,550.000,475.000,1,1,1,1,1,1,1,0,0,2,2,2,2,1,1,1,1
18,-1844.571,-7556.410,-106.857,41.937,0.743517,-0.668253,0.024902,0.667153,0.743809,0.040681,-0.045708,-0.013634,0.998862,0,1.00000,-1.00000,60.000,-2.000,475.000,300.000,525.000,275.000,850.000,250.000,225.000,300.000,300.000,-1,-1,-1,-1,400.000,375.000,475.000,450.000,1,1,1,1,1,1,1,0,0,2,2,2,2,1,1,1,1
19,-1799.048,-7517.969,-108.526,40.177,0.763913,-0.645033,0.019215,0.643991,0.763912,0.041401,-0.041384,-0.019253,0.998958,0,0.99304,-0.88000,59.583,-1.760,425.000,275.000,475.000,250.000,-1,225.000,225.000,275.000,300.000,-1,775.000,975.000,-1,350.000,350.000,400.000,425.000,1,1,1,1,2,1,1,0,0,2,0,0,2,1,1,1,1
20,-1752.196,-7480.488,-109.682,38.657,0.780962,-0.624454,0.012450,0.623517,0.780642,0.042719,-0.036395,-0.025599,0.999010,0,1.00000,-0.76000,60.000,-1.520,375.000,225.000,425.000,250.000,-1,200.000,200.000,275.000,325.000,-1,600.000,675.000,-1,325.000,325.000,350.000,400.000,1,1,1,1,2,1,1,0,0,2,0,0,2,1,1,1,1
21,-1704.516,-7444.066,-108.354,37.377,0.794791,-0.606873,0.003500,0.606436,0.794414,0.033809,-0.023298,-0.024748,0.999422,0,1.00000,-0.64000,60.000,-1.280,325.000,225.000,400.000,225.000,-1,200.000,200.000,300.000,325.000,-1,400.000,425.000,-1,300.000,325.000,300.000,400.000,1,1,1,1,2,1,1,0,0,2,0,0,2,1,1,1,1
22,-1656.182,-7408.517,-104.381,36.337,0.805558,-0.592457,-0.008381,0.592514,0.805438,0.014013,-0.001552,-0.016254,0.999867,0,1.00000,-0.52000,60.000,-1.040,300.000,225.000,400.000,225.000,-1,200.000,200.000,325.000,350.000,-1,250.000,250.000,-1,275.000,325.000,275.000,525.000,1,1,1,1,2,1,1,0,0,2,0,0,2,1,1,1,1
23,-8855.074,-7543.507,504.151,-163.496,-0.913784,0.274244,0.299649,-0.335350,-0.925596,-0.175534,0.229215,-0.260888,0.937762,1,0.00000,0.00000,60.000,-0.800,-1,-1,-1,150.000,100.000,275.000,150.000,375.000,-1,100.000,0.000,50.000,-1,-1,175.000,-1,100.000,2,2,2,1,1,1,1,1,2,1,1,1,2,2,1,2,1
24,-8196.824,4267.757,-108.041,60.733,0.489549,-0.871057,-0.040015,0.871842,0.488155,0.039951,-0.015266,-0.054444,0.998400,1,0.08000,0.12000,4.800,0.240,525.000,275.000,425.000,200.000,275.000,225.000,200.000,300.000,450.000,425.000,150.000,275.000,950.000,400.000,275.000,500.000,225.000,1,1,1,1,1,1,1,0,0,1,0,0,1,1,1,1,1
25,-8192.202,4276.171,-107.624,61.213,0.482139,-0.874974,-0.044302,0.876008,0.480763,0.038446,-0.012340,-0.057345,0.998278,0,0.16000,0.24000,9.600,0.480,525.000,300.000,425.000,200.000,275.000,225.000,200.000,300.000,450.000,425.000,150.000,250.000,925.000,400.000,275.000,500.000,225.000,1,1,1,1,1,1,1,0,0,1,0,0,1,1,1,1,1
26,-8185.430,4288.879,-106.974,61.933,0.470920,-0.880712,-0.050812,0.882141,0.469605,0.036041,-0.007880,-0.061796,0.998058,0,0.24000,0.36000,14.400,0.720,525.000,300.000,425.000,200.000,250.000,225.000,200.000,275.000,475.000,425.000,125.000,225.000,925.000,400.000,275.000,500.000,225.000,1,1,1,1,1,1,1,0,0,1,0,0,1,1,1,1,1
27,-8176.685,4305.971,-106.068,62.893,0.455763,-0.888103,-0.059614,0.890099,0.454602,0.032558,-0.001814,-0.067901,0.997690,0,0.32000,0.48000,19.200,0.960,500.000,300.000,450.000,200.000,250.000,225.000,200.000,275.000,500.000,425.000,100.000,225.000,925.000,400.000,250.000,500.000,225.000,1,1,1,1,1,1,1,0,1,1,0,0,1,1,1,1,1
28,-3607.660,-4263.597,-93.849,139.967,-0.763935,-0.640963,0.074624,0.644726,-0.762990,0.046639,0.027043,0.083742,0.996120,1,0.00000,0.00000,24.000,1.200,450.000,375.000,-1,400.000,-1,325.000,325.000,300.000,300.000,-1,-1,-1,-1,525.000,775.000,475.000,-1,1,0,2,0,2,0,0,0,0,2,2,2,2,1,0,1,2
29,-3611.348,-4260.525,-93.702,140.207,-0.766602,-0.637767,0.074664,0.641536,-0.765675,0.046613,0.027440,0.083633,0.996119,0,0.08000,0.12000,4.800,0.240,450.000,375.000,-1,400.000,-1,325.000,325.000,300.000,300.000,-1,-1,-1,-1,525.000,775.000,475.000,-1,1,0,2,0,2,0,0,0,0,2,2,2,2,1,0,1,2
30,-3618.775,-4254.443,-93.400,140.687,-0.771894,-0.631342,0.074748,0.635124,-0.771005,0.046559,0.028237,0.083413,0.996115,0,0.16000,0.24000,9.600,0.480,425.000,375.000,-1,400.000,-1,325.000,325.000,300.000,300.000,-1,-1,-1,-1,525.000,775.000,475.000,-1,1,0,2,0,2,0,0,0,0,2,2,2,2,1,0,1,2
31,-3630.030,-4245.461,-92.960,141.407,-0.779723,-0.621617,0.075000,0.625429,-0.778894,0.046505,0.029509,0.083168,0.996099,0,0.24000,0.36000,14.400,0.720,425.000,375.000,-1,400.000,-1,325.000,325.000,300.000,300.000,-1,-1,-1,-1,500.000,775.000,450.000,-1,1,0,2,0,2,0,0,0,0,2,2,2,2,1,0,1,2
32,-3645.234,-4233.738,-92.363,142.367,-0.789967,-0.608494,0.075412,0.612353,-0.789219,0.046454,0.031249,0.082876,0.996070,0,0.32000,0.48000,19.200,0.960,400.000,375.000,-1,400.000,-1,325.000,325.000,300.000,300.000,-1,-1,-1,1000.000,500.000,775.000,450.000,-1,1,1,2,0,2,0,0,0,0,2,2,2,1,1,1,1,2
33,-3664.543,-4219.485,-91.579,143.567,-0.802460,-0.591852,0.075950,0.595768,-0.801815,0.046405,0.033433,0.082487,0.996031,0,0.40000,0.60000,24.000,1.200,400.000,375.000,-1,400.000,-1,325.000,325.000,300.000,300.000,-1,-1,-1,900.000,475.000,750.000,425.000,-1,1,1,2,0,2,0,0,0,0,2,2,2,1,1,1,1,2
34,-3688.136,-4202.970,-90.586,145.007,-0.816989,-0.571539,0.076627,0.575524,-0.816469,0.046369,0.036062,0.081984,0.995981,0,0.48000,0.72000,28.800,1.440,375.000,350.000,1000.000,400.000,-1,325.000,325.000,300.000,300.000,-1,-1,-1,850.000,450.000,725.000,400.000,-1,1,1,1,0,2,0,0,0,0,2,2,2,1,1,1,1,2
35,-3716.214,-4184.517,-89.355,146.687,-0.833288,-0.547386,0.077462,0.551452,-0.832918,0.046360,0.039143,0.081347,0.995917,0,0.56000,0.84000,33.600,1.680,350.000,325.000,850.000,400.000,-1,325.000,325.000,300.000,300.000,-1,-1,-1,800.000,425.000,675.000,350.000,-1,1,1,1,0,2,1,0,0,0,2,2,2,1,1,1,1,2
36,-3748.992,-4164.516,-87.809,148.607,-0.851047,-0.519198,0.078440,0.523365,-0.850831,0.046641,0.042523,0.080746,0.995827,0,0.64000,0.96000,38.400,1.920,325.000,325.000,750.000,400.000,-1,300.000,325.000,300.000,300.000,-1,-1,900.000,775.000,400.000,625.000,325.000,-1,1,1,1,0,2,1,0,0,0,2,2,0,1,1,1,1,2
37,-3786.630,-4143.314,-85.895,150.607,-0.868539,-0.489202,0.079507,0.493494,-0.868457,0.047389,0.045866,0.080396,0.995707,0,0.72000,1.00000,43.200,2.000,275.000,300.000,675.000,400.000,-1,275.000,325.000,300.000,325.000,-1,-1,825.000,775.000,375.000,575.000,300.000,-1,1,1,1,1,2,1,1,0,0,2,2,0,1,1,1,1,2
38,-3829.247,-4121.232,-83.649,152.607,-0.884970,-0.458605,0.080680,0.463037,-0.885020,0.048336,0.049236,0.080134,0.995567,0,0.80000,1.00000,48.000,2.000,250.000,275.000,600.000,350.000,-1,250.000,300.000,300.000,325.000,-1,975.000,775.000,800.000,350.000,500.000,250.000,-1,1,1,1,1,2,1,1,0,0,2,0,0,1,1,1,1,2
39,-3876.951,-4098.600,-79.213,154.607,-0.899627,-0.427175,0.090520,0.432719,-0.899930,0.053667,0.058537,0.087450,0.994448,0,0.88000,1.00000,52.800,2.000,225.000,250.000,575.000,325.000,-1,225.000,275.000,325.000,300.000,-1,700.000,475.000,800.000,325.000,450.000,225.000,-1,1,1,1,1,2,1,1,0,0,2,0,0,1,1,1,1,2
40,-3929.827,-4075.755,-72.284,156.607,-0.912141,-0.394896,0.109795,0.403033,-0.912877,0.064953,0.074580,0.103498,0.991830,0,0.96000,1.00000,57.600,2.000,225.000,250.000,550.000,300.000,-1,225.000,250.000,375.000,300.000,-1,425.000,250.000,800.000,325.000,425.000,225.000,675.000,1,1,1,1,2,1,1,0,0,2,0,0,1,1,1,1,1
41,-3985.614,-4053.666,-64.864,158.367,-0.921584,-0.365953,0.129466,0.377386,-0.922761,0.078050,0.090904,0.120788,0.988507,0,1.00000,0.88000,60.000,1.760,225.000,225.000,525.000,275.000,-1,225.000,225.000,425.000,275.000,-1,325.000,175.000,800.000,300.000,375.000,225.000,550.000,1,1,1,1,2,1,1,1,0,2,0,0,1,1,1,1,1
42,-4041.968,-4033.068,-56.949,159.887,-0.928567,-0.340603,0.147490,0.355701,-0.930112,0.091484,0.106023,0.137411,0.984824,0,1.00000,0.76000,60.000,1.520,225.000,225.000,500.000,250.000,-1,200.000,225.000,450.000,275.000,-1,275.000,150.000,650.000,300.000,350.000,225.000,450.000,1,1,1,1,2,1,1,1,0,2,0,0,0,1,1,1,1
43,1639.804,-327.950,-455.975,58.141,0.527100,-0.847113,-0.067563,0.849727,0.526451,0.028529,0.011401,-0.072447,0.997307,1,0.00000,0.00000,60.000,1.280,750.000,350.000,-1,375.000,-1,300.000,300.000,300.000,300.000,-1,350.000,325.000,-1,575.000,650.000,750.000,-1,0,0,2,0,2,0,0,0,0,2,0,0,2,0,0,0,2
44,1642.355,-323.883,-455.946,57.901,0.530605,-0.844900,-0.067843,0.847532,0.529994,0.028211,0.012121,-0.072469,0.997297,0,0.08000,-0.12000,4.800,-0.240,750.000,350.000,-1,375.000,-1,300.000,300.000,300.000,300.000,-1,350.000,325.000,-1,575.000,650.000,750.000,-1,0,0,2,0,2,0,0,0,0,2,0,0,2,0,0,0,2
45,1647.525,-315.794,-455.881,57.421,0.537589,-0.840427,-0.068412,0.843098,0.537051,0.027587,0.013556,-0.072508,0.997276,0,0.16000,-0.24000,9.600,-0.480,750.000,350.000,-1,375.000,-1,300.000,300.000,300.000,300.000,-1,350.000,300.000,-1,575.000,650.000,750.000,-1,0,0,2,0,2,0,0,0,0,2,0,0,2,0,0,0,2
46,1655.431,-303.758,-455.772,56.701,0.547992,-0.833609,-0.069282,0.836336,0.547568,0.026675,0.015700,-0.072561,0.997240,0,0.24000,-0.36000,14.400,-0.720,725.000,350.000,-1,375.000,-1,300.000,300.000,300.000,300.000,-1,350.000,300.000,-1,575.000,675.000,750.000,-1,0,0,2,0,2,0,0,0,0,2,0,0,2,0,0,0,2
47,1666.241,-287.889,-455.605,55.741,0.561728,-0.824315,-0.070473,0.827114,0.561455,0.025508,0.018541,-0.072618,0.997187,0,0.32000,-0.48000,19.200,-0.960,725.000,350.000,-1,375.000,-1,300.000,300.000,300.000,300.000,-1,325.000,275.000,-1,575.000,675.000,750.000,-1,0,0,2,0,2,0,0,0,0,2,0,0,2,0,0,0,2
48,1680.165,-268.340,-455.332,54.541,0.578671,-0.812380,-0.071968,0.815260,0.578598,0.023983,0.022157,-0.072551,0.997119,0,0.40000,-0.60000,24.000,-1.200,725.000,350.000,-1,375.000,-1,300.000,300.000,300.000,300.000,-1,325.000,275.000,-1,575.000,675.000,750.000,-1,0,0,2,0,2,0,0,0,0,2,0,0,2,0,0,0,2
49,1697.458,-245.309,-454.902,53.101,0.598657,-0.797602,-0.073762,0.800563,0.598845,0.021992,0.026631,-0.072217,0.997033,0,0.48000,-0.72000,28.800,-1.440,725.000,350.000,-1,375.000,-1,300.000,300.000,300.000,300.000,-1,300.000,250.000,-1,575.000,675.000,750.000,-1,0,0,2,0,2,0,0,0,0,2,0,0,2,0,0,0,2
50,1718.343,-218.987,-453.936,51.573,0.619552,-0.781463,-0.073960,0.784368,0.619980,0.019814,0.030369,-0.070288,0.997064,0,0.56000,-0.76376,33.600,-1.528,700.000,350.000,-1,375.000,-1,300.000,300.000,300.000,300.000,-1,300.000,275.000,-1,575.000,675.000,750.000,-1,0,0,2,0,2,0,0,0,0,2,0,0,2,0,0,0,2
51,1743.009,-189.556,-452.578,50.038,0.640154,-0.764727,-0.073451,0.767503,0.640811,0.017351,0.033799,-0.067481,0.997148,0,0.64000,-0.76733,38.400,-1.535,700.000,350.000,-1,375.000,-1,300.000,300.000,300.000,300.000,-1,350.000,275.000,-1,575.000,675.000,750.000,-1,0,0,2,0,2,0,0,0,0,2,0,0,2,0,0,0,2
52,1771.634,-157.199,-450.972,48.507,0.660256,-0.747473,-0.073111,0.750107,0.661155,0.014592,0.037430,-0.064475,0.997217,0,0.72000,-0.76588,43.200,-1.532,700.000,350.000,-1,375.000,-1,300.000,300.000,300.000,300.000,-1,375.000,300.000,-1,575.000,675.000,750.000,-1,0,0,2,0,2,0,0,0,0,2,0,0,2,0,0,0,2
53,1804.394,-122.115,-449.100,46.965,0.680012,-0.729562,-0.072960,0.732038,0.681165,0.011556,0.041267,-0.061267,0.997268,0,0.80000,-0.77088,48.000,-1.542,700.000,350.000,-1,375.000,-1,300.000,300.000,300.000,300.000,-1,400.000,325.000,-1,575.000,675.000,750.000,-1,0,0,2,0,2,0,0,0,0,2,0,0,2,0,0,0,2
54,1839.545,-86.478,-446.960,45.397,0.699589,-0.710813,-0.072933,0.713095,0.701023,0.007921,0.045498,-0.057550,0.997305,0,0.83425,-0.78375,50.055,-1.567,725.000,350.000,-1,375.000,-1,300.000,325.000,300.000,300.000,-1,425.000,350.000,-1,575.000,675.000,775.000,-1,0,0,2,0,2,0,0,0,0,2,0,0,2,0,0,0,2
55,1875.925,-51.555,-444.311,43.833,0.718570,-0.691620,-0.072925,0.693581,0.720376,0.002196,0.051014,-0.052157,0.997335,0,0.84048,-0.78199,50.429,-1.564,775.000,350.000,-1,375.000,-1,300.000,325.000,300.000,300.000,-1,425.000,350.000,-1,575.000,700.000,825.000,-1,0,0,2,0,2,0,0,0,0,2,0,0,2,0,0,0,2
56,1913.514,-17.388,-441.465,42.274,0.736940,-0.671924,-0.073740,0.673571,0.739115,-0.003349,0.056752,-0.047201,0.997272,0,0.84659,-0.77980,50.795,-1.560,825.000,350.000,-1,375.000,-1,300.000,325.000,300.000,300.000,-1,450.000,350.000,-1,600.000,700.000,875.000,-1,0,0,2,0,2,0,0,0,0,2,0,0,2,0,0,1,2
57,1952.286,15.981,-438.459,40.719,0.754685,-0.651765,-0.075188,0.653095,0.757227,-0.008684,0.062594,-0.042552,0.997132,0,0.85256,-0.77715,51.154,-1.554,900.000,350.000,-1,400.000,-1,300.000,325.000,300.000,300.000,-1,450.000,350.000,1000.000,625.000,700.000,875.000,-1,0,0,2,0,2,0,0,0,0,2,0,0,0,0,0,1,2
58,1992.215,48.510,-435.371,39.171,0.771808,-0.631188,-0.076905,0.632175,0.774702,-0.013837,0.068312,-0.037938,0.996942,0,0.85834,-0.77402,51.501,-1.548,925.000,375.000,-1,400.000,-1,300.000,325.000,300.000,300.000,-1,450.000,350.000,975.000,625.000,725.000,900.000,-1,1,0,2,0,2,0,0,0,0,2,0,0,0,0,0,1,2
59,2033.267,80.157,-431.880,37.631,0.788311,-0.610203,-0.078854,0.610936,0.791491,-0.017280,0.072956,-0.034553,0.996736,0,0.86390,-0.77041,51.834,-1.541,875.000,375.000,-1,400.000,-1,300.000,325.000,300.000,300.000,-1,475.000,375.000,950.000,650.000,725.000,875.000,-1,1,0,2,0,2,0,0,0,0,2,0,0,0,0,0,1,2
60,2075.406,110.882,-427.995,36.098,0.804198,-0.588867,-0.080625,0.589415,0.807598,-0.019374,0.076522,-0.031941,0.996556,0,0.86918,-0.76629,52.151,-1.533,850.000,375.000,-1,400.000,-1,325.000,325.000,300.000,300.000,-1,475.000,400.000,950.000,650.000,750.000,875.000,-1,1,0,2,0,2,0,0,0,0,2,0,0,0,0,0,1,2
61,2118.592,140.645,-423.959,34.575,0.819452,-0.567241,-0.082068,0.567578,0.823040,-0.021433,0.079703,-0.029016,0.996396,0,0.87413,-0.76165,52.448,-1.523,800.000,375.000,-1,400.000,-1,325.000,325.000,275.000,300.000,-1,475.000,450.000,950.000,675.000,750.000,850.000,-1,1,0,2,0,2,0,0,0,0,2,0,0,0,0,0,1,2
62,2162.779,169.407,-419.857,33.062,0.834028,-0.545357,-0.083569,0.545482,0.837797,-0.023353,0.082750,-0.026108,0.996228,0,0.87870,-0.75647,52.722,-1.513,775.000,375.000,-1,400.000,-1,325.000,325.000,275.000,300.000,-1,475.000,450.000,975.000,675.000,775.000,825.000,-1,1,0,2,0,2,0,0,0,0,2,0,0,0,0,0,1,2
63,2207.915,197.131,-415.679,31.560,0.847914,-0.523254,-0.085129,0.523160,0.851862,-0.025204,0.085706,-0.023165,0.996051,0,0.88283,-0.75075,52.970,-1.502,725.000,375.000,-1,400.000,-1,325.000,325.000,275.000,300.000,-1,450.000,425.000,975.000,700.000,775.000,825.000,-1,1,0,2,0,2,0,0,0,0,2,0,0,0,0,0,1,2
64,2253.945,223.782,-411.465,30.071,0.861107,-0.500974,-0.086716,0.500669,0.865224,-0.026805,0.088458,-0.020334,0.995872,0,0.88647,-0.74448,53.188,-1.489,700.000,375.000,-1,400.000,-1,325.000,325.000,275.000,300.000,-1,450.000,425.000,975.000,725.000,800.000,800.000,-1,1,0,2,0,2,0,0,0,0,2,0,0,0,1,0,1,2
65,2300.807,249.327,-407.143,28.596,0.873641,-0.478559,-0.087938,0.478035,0.877885,-0.028300,0.090742,-0.017314,0.995724,0,0.88954,-0.73765,53.372,-1.475,675.000,375.000,-1,400.000,-1,325.000,325.000,275.000,300.000,-1,475.000,400.000,975.000,725.000,800.000,775.000,-1,1,0,2,0,2,0,0,0,0,2,0,0,0,1,0,1,2
66,2348.435,273.737,-402.353,27.136,0.885679,-0.456060,-0.087079,0.455214,0.889859,-0.030504,0.091400,-0.012623,0.995734,0,0.89198,-0.73025,53.519,-1.460,650.000,375.000,-1,400.000,-1,325.000,325.000,275.000,275.000,-1,525.000,450.000,1000.000,725.000,800.000,775.000,-1,1,0,2,0,2,0,0,0,0,2,0,0,0,1,0,1,2
67,2396.757,296.984,-397.561,25.691,0.897007,-0.433502,-0.086342,0.432355,0.901116,-0.032544,0.091912,-0.008138,0.995734,0,0.89372,-0.72230,53.623,-1.445,625.000,400.000,-1,400.000,-1,325.000,325.000,275.000,275.000,-1,575.000,500.000,1000.000,725.000,800.000,775.000,-1,1,0,2,0,2,0,0,0,0,2,0,0,0,1,0,1,2
68,2445.698,319.044,-392.774,24.263,0.907629,-0.410928,-0.085717,0.409502,0.911660,-0.034420,0.092289,-0.003861,0.995725,0,0.89471,-0.71380,53.683,-1.428,600.000,400.000,-1,400.000,-1,325.000,325.000,275.000,275.000,-1,650.000,550.000,-1,725.000,800.000,775.000,-1,1,0,2,0,2,0,0,0,0,2,0,0,2,1,0,1,2
69,2495.176,339.898,-387.996,22.854,0.917553,-0.388380,-0.085194,0.386696,0.921499,-0.036133,0.092540,0.000210,0.995709,0,0.89488,-0.70478,53.693,-1.410,600.000,400.000,-1,400.000,-1,325.000,325.000,275.000,275.000,-1,700.000,625.000,-1,725.000,800.000,800.000,-1,1,0,2,0,2,0,0,0,0,2,0,0,2,1,0,1,2
70,2545.106,359.530,-383.039,21.463,0.926809,-0.365902,-0.084498,0.364061,0.930647,-0.036812,0.092107,0.003355,0.995743,0,0.89418,-0.69525,53.651,-1.391,600.000,400.000,-1,400.000,-1,325.000,325.000,275.000,275.000,-1,800.000,700.000,-1,750.000,800.000,800.000,-1,1,0,2,0,2,0,0,0,0,2,0,0,2,1,0,1,2
71,2595.401,377.928,-378.114,20.093,0.935392,-0.343533,-0.083824,0.341551,0.939119,-0.037388,0.091564,0.006342,0.995779,0,0.89257,-0.68528,53.554,-1.371,575.000,400.000,-1,400.000,-1,325.000,325.000,275.000,275.000,-1,900.000,775.000,-1,750.000,800.000,800.000,-1,1,0,2,0,2,0,0,0,0,2,0,0,2,1,0,1,2
72,2645.970,395.088,-373.229,18.743,0.943315,-0.321309,-0.083177,0.319201,0.946930,-0.037869,0.090931,0.009173,0.995815,0,0.89002,-0.67489,53.401,-1.350,575.000,400.000,-1,400.000,-1,325.000,325.000,275.000,275.000,-1,1000.000,875.000,-1,750.000,800.000,800.000,-1,1,0,2,0,2,0,0,0,0,2,0,0,2,1,0,1,2
73,2696.722,411.007,-368.376,17.415,0.950595,-0.299262,-0.082535,0.297041,0.954097,-0.038278,0.090201,0.011870,0.995853,0,0.88651,-0.66417,53.191,-1.328,575.000,400.000,-1,400.000,-1,325.000,325.000,275.000,275.000,-1,-1,975.000,-1,750.000,800.000,800.000,-1,1,0,2,0,2,0,0,0,0,2,2,0,2,1,0,1,2
74,2747.568,425.692,-363.640,16.108,0.957263,-0.277424,-0.081756,0.275138,0.960644,-0.038243,0.089148,0.014114,0.995918,0,0.88207,-0.65320,52.924,-1.306,575.000,400.000,-1,400.000,-1,325.000,325.000,275.000,275.000,-1,-1,-1,-1,775.000,775.000,825.000,-1,1,0,2,0,2,0,0,0,0,2,2,2,2,1,0,1,2
75,2798.421,439.151,-359.038,14.824,0.963328,-0.255820,-0.080968,0.253513,0.966595,-0.037763,0.087923,0.015852,0.996001,0,0.87673,-0.64205,52.604,-1.284,575.000,400.000,-1,400.000,-1,325.000,325.000,275.000,275.000,-1,-1,-1,-1,775.000,775.000,-1,-1,1,0,2,0,2,0,0,0,0,2,2,2,2,1,0,2,2
76,2849.196,451.400,-354.514,13.562,0.968804,-0.234468,-0.080266,0.232158,0.971969,-0.037130,0.086722,0.017338,0.996082,0,0.87054,-0.63085,52.232,-1.262,575.000,400.000,-1,400.000,-1,325.000,325.000,275.000,275.000,-1,-1,-1,-1,800.000,775.000,-1,-1,1,0,2,0,2,0,0,0,0,2,2,2,2,1,0,2,2
77,2904.868,463.784,-349.629,12.541,0.972906,-0.217096,-0.079515,0.214817,0.975980,-0.036279,0.085481,0.018215,0.996173,0,0.95054,-0.51085,57.032,-1.022,575.000,400.000,-1,400.000,-1,325.000,325.000,275.000,275.000,-1,-1,-1,-1,825.000,775.000,-1,-1,1,0,2,0,2,0,0,1,0,2,2,2,2,1,0,2,2
78,2963.608,476.011,-344.543,11.759,0.975851,-0.203759,-0.078720,0.201542,0.978846,-0.035236,0.084235,0.018520,0.996274,0,1.00000,-0.39085,60.000,-0.782,550.000,400.000,-1,400.000,-1,325.000,325.000,275.000,275.000,-1,-1,-1,-1,825.000,775.000,-1,-1,1,0,2,0,2,0,0,1,0,2,2,2,2,1,0,2,2
79,3022.462,487.683,-339.507,11.217,0.977805,-0.194497,-0.077903,0.192365,0.980732,-0.034069,0.083029,0.018327,0.996379,0,1.00000,-0.27085,60.000,-0.542,550.000,425.000,-1,400.000,-1,325.000,325.000,275.000,275.000,-1,-1,-1,-1,850.000,775.000,-1,-1,1,0,2,0,2,0,0,1,0,2,2,2,2,1,0,2,2
80,3081.376,499.044,-334.518,10.916,0.978886,-0.189332,-0.077044,0.187305,0.981754,-0.032798,0.081847,0.017675,0.996488,0,1.00000,-0.15085,60.000,-0.302,600.000,425.000,-1,400.000,-1,325.000,325.000,275.000,275.000,-1,-1,-1,-1,875.000,775.000,-1,-1,1,0,2,0,2,0,0,1,0,2,2,2,2,1,0,2,2
81,3140.166,510.315,-329.559,10.854,0.979153,-0.188278,-0.076223,0.186380,0.981977,-0.031357,0.080753,0.016497,0.996598,0,0.99768,-0.03085,59.861,-0.062,-1,425.000,-1,400.000,-1,325.000,325.000,275.000,275.000,-1,-1,-1,-1,900.000,775.000,-1,-1,2,0,2,0,2,0,0,1,0,2,2,2,2,1,0,2,2
82,3198.489,521.685,-324.598,11.032,0.978605,-0.191339,-0.075636,0.189601,0.981415,-0.029593,0.079893,0.014619,0.996696,0,0.99035,0.08915,59.421,0.178,-1,425.000,-1,400.000,-1,325.000,325.000,250.000,275.000,-1,-1,-1,-1,950.000,775.000,-1,-1,2,0,2,0,2,0,0,1,0,2,2,2,2,0,0,2,2
83,3256.330,533.400,-319.796,11.450,0.977248,-0.198504,-0.074718,0.196924,0.980018,-0.028022,0.078787,0.012671,0.996811,0,0.98359,0.20915,59.015,0.418,-1,425.000,-1,400.000,-1,325.000,325.000,250.000,275.000,-1,-1,-1,-1,950.000,800.000,-1,-1,2,0,2,0,2,0,0,1,0,2,2,2,2,0,0,2,2
84,3313.675,545.703,-315.285,12.109,0.975028,-0.209754,-0.072967,0.208302,0.977690,-0.027049,0.077013,0.011174,0.996967,0,0.97751,0.32915,58.650,0.658,-1,425.000,-1,400.000,-1,325.000,325.000,250.000,275.000,-1,-1,-1,-1,950.000,800.000,-1,-1,2,0,2,0,2,0,0,1,0,2,2,2,2,0,0,2,2
85,3372.135,559.206,-310.885,13.007,0.971725,-0.225061,-0.071404,0.223795,0.974306,-0.025374,0.075280,0.008677,0.997125,0,1.00000,0.44915,60.000,0.898,-1,425.000,-1,400.000,-1,325.000,325.000,250.000,275.000,-1,-1,-1,-1,950.000,800.000,-1,-1,2,0,2,0,2,0,0,1,0,2,2,2,2,0,0,2,2
86,3430.316,573.868,-306.641,14.145,0.967174,-0.244378,-0.069677,0.243336,0.969665,-0.023194,0.073231,0.005478,0.997300,0,1.00000,0.56915,60.000,1.138,-1,425.000,-1,400.000,-1,325.000,325.000,225.000,275.000,-1,-1,-1,-1,925.000,800.000,-1,-1,2,0,2,0,2,0,0,1,0,2,2,2,2,0,0,2,2
87,3488.127,589.926,-302.459,15.524,0.961123,-0.267634,-0.067925,0.266818,0.963518,-0.020982,0.071062,0.002043,0.997470,0,1.00000,0.68915,60.000,1.378,-1,425.000,-1,400.000,-1,325.000,325.000,225.000,275.000,-1,-1,-1,-1,925.000,800.000,-1,-1,2,0,2,0,2,0,0,1,0,2,2,2,2,0,0,2,2
88,3545.500,607.484,-298.353,17.016,0.953931,-0.292642,-0.066158,0.292043,0.956221,-0.018764,0.068753,-0.001422,0.997633,0,1.00000,0.74631,60.000,1.493,-1,425.000,-1,400.000,-1,325.000,325.000,225.000,275.000,-1,-1,-1,-1,925.000,800.000,-1,-1,2,1,2,0,2,0,0,1,0,2,2,2,2,0,0,2,2
89,3602.391,626.546,-294.221,18.524,0.945988,-0.317703,-0.064589,0.317270,0.948181,-0.017125,0.066683,-0.004292,0.997765,0,1.00000,0.75402,60.000,1.508,-1,425.000,-1,400.000,-1,325.000,325.000,200.000,275.000,-1,-1,-1,-1,925.000,825.000,-1,-1,2,1,2,0,2,0,0,1,0,2,2,2,2,0,0,2,2
90,3658.758,647.108,-288.896,20.042,0.937184,-0.342701,-0.065131,0.342001,0.939443,-0.021950,0.068709,-0.001703,0.997635,0,1.00000,0.75864,60.000,1.517,-1,425.000,-1,425.000,-1,350.000,350.000,200.000,275.000,-1,-1,-1,-1,975.000,850.000,-1,-1,2,1,2,0,2,0,0,1,0,2,2,2,2,0,0,2,2
91,3714.558,669.162,-283.946,21.565,0.927734,-0.367557,-0.064893,0.366666,0.930001,-0.025585,0.069754,-0.000058,0.997564,0,1.00000,0.76176,60.000,1.524,-1,450.000,-1,425.000,-1,350.000,350.000,200.000,275.000,-1,-1,-1,-1,-1,875.000,-1,-1,2,0,2,0,2,0,0,1,0,2,2,2,2,2,0,2,2
92,3769.749,692.697,-279.269,23.094,0.917646,-0.392244,-0.063798,0.391291,0.919861,-0.027335,0.069407,0.000121,0.997588,0,1.00000,0.76458,60.000,1.529,-1,450.000,-1,425.000,-1,375.000,350.000,200.000,275.000,-1,-1,-1,-1,-1,900.000,-1,-1,2,0,2,0,2,0,0,1,0,2,2,2,2,2,0,2,2
93,3824.291,717.701,-275.114,24.628,0.906896,-0.416732,-0.062237,0.415784,0.909029,-0.028101,0.068286,-0.000393,0.997666,0,1.00000,0.76711,60.000,1.534,-1,475.000,-1,425.000,-1,375.000,350.000,175.000,275.000,-1,-1,-1,-1,-1,900.000,-1,-1,2,0,2,0,2,0,0,1,0,2,2,2,2,2,0,2,2
94,3878.141,744.160,-271.608,26.167,0.895490,-0.440990,-0.060216,0.440089,0.897511,-0.028195,0.066478,-0.001252,0.997787,0,1.00000,0.76932,60.000,1.539,-1,475.000,-1,450.000,-1,375.000,350.000,175.000,275.000,-1,-1,-1,-1,-1,900.000,-1,-1,2,0,2,0,2,0,0,1,0,2,2,2,2,2,0,2,2
95,3931.260,772.059,-268.636,27.709,0.883454,-0.464986,-0.057410,0.464224,0.885313,-0.026789,0.063282,-0.002984,0.997991,0,1.00000,0.77120,60.000,1.542,-1,475.000,-1,425.000,-1,375.000,350.000,175.000,275.000,-1,-1,-1,-1,-1,900.000,-1,-1,2,0,2,0,2,0,0,1,0,2,2,2,2,2,0,2,2
96,3983.607,801.381,-266.117,29.255,0.870763,-0.488688,-0.054370,0.488154,0.872438,-0.023608,0.058972,-0.005984,0.998242,0,1.00000,0.77273,60.000,1.545,-1,450.000,-1,425.000,-1,375.000,350.000,175.000,275.000,-1,-1,-1,-1,-1,900.000,-1,-1,2,0,2,0,2,0,0,1,0,2,2,2,2,2,0,2,2
97,4035.142,832.105,-264.103,30.803,0.857411,-0.512056,-0.051425,0.511827,0.858889,-0.018534,0.053659,-0.010430,0.998505,0,1.00000,0.77390,60.000,1.548,-1,450.000,-1,425.000,-1,350.000,350.000,175.000,275.000,-1,-1,-1,-1,975.000,875.000,-1,-1,2,0,2,0,2,0,0,1,0,2,2,2,2,0,0,2,2
98,4085.604,864.071,-262.658,32.352,0.843400,-0.535049,-0.048981,0.535179,0.844660,-0.011513,0.047532,-0.016504,0.998733,0,0.99559,0.77471,59.735,1.549,-1,425.000,-1,425.000,-1,350.000,350.000,150.000,275.000,-1,-1,-1,-1,925.000,850.000,-1,-1,2,0,2,0,2,0,0,1,0,2,2,2,2,0,0,2,2
99,4134.860,897.174,-261.690,33.902,0.828778,-0.557623,-0.046726,0.558123,0.829754,-0.002772,0.040317,-0.023781,0.998904,0,0.98912,0.77515,59.347,1.550,-1,425.000,-1,400.000,-1,325.000,325.000,150.000,300.000,-1,-1,-1,-1,850.000,825.000,-1,-1,2,0,2,0,2,0,0,1,0,2,2,2,2,0,0,2,2
100,4182.887,931.374,-259.878,35.453,0.813488,-0.579825,-0.045184,0.580444,0.814300,0.000732,0.036369,-0.026822,0.998978,0,0.98267,0.77521,58.960,1.550,-1,400.000,-1,400.000,-1,325.000,325.000,150.000,300.000,-1,-1,-1,-1,825.000,800.000,-1,-1,2,0,2,0,2,0,0,1,0,2,2,2,2,0,0,2,2
101,4226.275,963.789,-257.657,36.763,0.800147,-0.598298,-0.042475,0.598890,0.800830,0.001539,0.033094,-0.026669,0.999096,0,0.90267,0.65521,54.160,1.310,-1,400.000,-1,400.000,-1,325.000,325.000,150.000,300.000,-1,-1,-1,-1,825.000,800.000,-1,-1,2,0,2,0,2,0,0,1,0,2,2,2,2,0,0,2,2
102,4265.260,994.064,-254.685,37.834,0.789135,-0.613219,-0.035062,0.613626,0.789596,0.001080,0.027023,-0.022367,0.999385,0,0.82267,0.53521,49.360,1.070,-1,400.000,-1,400.000,-1,325.000,325.000,175.000,275.000,-1,-1,-1,-1,800.000,750.000,-1,-1,2,0,2,0,2,0,0,1,0,2,2,2,2,0,0,2,2
103,4300.053,1021.903,-252.163,38.664,0.780368,-0.624642,-0.029132,0.624929,0.780681,0.000969,0.022138,-0.018962,0.999575,0,0.74267,0.41521,44.560,0.830,-1,400.000,-1,400.000,-1,325.000,325.000,175.000,275.000,-1,-1,-1,-1,800.000,750.000,-1,-1,2,0,2,0,2,0,0,1,0,2,2,2,2,0,0,2,2
104,4330.789,1047.125,-250.113,39.373,0.772716,-0.634277,-0.024546,0.634489,0.772931,0.001099,0.018276,-0.016423,0.999698,0,0.66267,0.35429,39.760,0.709,-1,400.000,-1,375.000,-1,325.000,325.000,200.000,275.000,-1,-1,-1,-1,775.000,725.000,-1,-1,2,0,2,0,2,0,0,1,0,2,2,2,2,0,0,2,2
105,4357.539,1069.633,-248.520,40.079,0.764920,-0.643774,-0.021261,0.643942,0.765073,0.001375,0.015381,-0.014743,0.999773,0,0.58267,0.35317,34.960,0.706,-1,400.000,-1,375.000,-1,325.000,325.000,200.000,275.000,-1,-1,-1,-1,775.000,700.000,-1,-1,2,0,2,0,2,0,0,1,0,2,2,2,2,0,0,2,2
106,4380.376,1089.334,-247.345,40.783,0.757001,-0.653137,-0.019008,0.653277,0.757117,0.001578,0.013361,-0.013612,0.999818,0,0.50267,0.35203,30.160,0.704,-1,400.000,-1,375.000,-1,325.000,325.000,200.000,275.000,-1,-1,-1,-1,775.000,700.000,-1,-1,2,0,2,0,2,0,0,1,0,2,2,2,2,0,0,2,2
107,4399.374,1106.133,-246.473,41.485,0.748973,-0.662368,-0.017570,0.662494,0.749065,0.001900,0.011902,-0.013063,0.999844,0,0.42267,0.35095,25.360,0.702,-1,400.000,-1,375.000,-1,325.000,325.000,225.000,275.000,-1,-1,-1,-1,775.000,700.000,-1,-1,2,0,2,0,2,0,0,1,0,2,2,2,2,0,0,2,2
108,4414.608,1119.940,-245.855,42.185,0.740842,-0.671470,-0.016766,0.671591,0.740919,0.002286,0.010887,-0.012954,0.999857,0,0.34267,0.34997,20.560,0.700,-1,400.000,-1,375.000,-1,325.000,325.000,225.000,275.000,-1,-1,-1,-1,775.000,700.000,-1,-1,2,0,2,0,2,0,0,1,0,2,2,2,2,0,0,2,2
109,4426.156,1130.664,-245.455,42.883,0.732612,-0.680448,-0.016460,0.680570,0.732678,0.002697,0.010224,-0.013178,0.999861,0,0.26267,0.34914,15.760,0.698,-1,400.000,-1,375.000,-1,325.000,325.000,225.000,275.000,-1,-1,-1,-1,775.000,700.000,-1,-1,2,0,2,0,2,0,0,1,0,2,2,2,2,0,0,2,2
110,4434.096,1138.220,-245.245,43.580,0.724282,-0.689305,-0.016557,0.689434,0.724342,0.003106,0.009852,-0.013665,0.999858,0,0.18267,0.34849,10.960,0.697,-1,400.000,-1,375.000,-1,325.000,325.000,225.000,275.000,-1,-1,-1,-1,775.000,700.000,-1,-1,2,0,2,0,2,0,0,1,0,2,2,2,2,0,0,2,2
111,4438.506,1142.520,-245.208,44.276,0.715850,-0.698047,-0.017010,0.698186,0.715907,0.003497,0.009736,-0.014380,0.999849,0,0.10267,0.34804,6.160,0.696,-1,400.000,-1,375.000,-1,325.000,325.000,225.000,275.000,-1,-1,-1,-1,775.000,700.000,-1,-1,2,0,2,0,2,0,0,1,0,2,2,2,2,0,0,2,2
112,4439.468,1143.482,-245.336,44.972,0.707312,-0.706677,-0.017816,0.706832,0.707371,0.003862,0.009873,-0.015325,0.999834,0,0.02267,0.34778,1.360,0.696,-1,400.000,-1,375.000,-1,325.000,325.000,225.000,275.000,-1,-1,-1,-1,775.000,700.000,-1,-1,2,0,2,0,2,0,0,1,0,2,2,2,2,0,0,2,2
113,4437.064,1141.021,-245.635,45.667,0.698664,-0.715197,-0.019022,0.715376,0.698728,0.004197,0.010289,-0.016540,0.999810,0,-0.05733,0.34773,-3.440,0.695,-1,400.000,-1,375.000,-1,325.000,325.000,225.000,275.000,-1,-1,-1,-1,775.000,700.000,-1,-1,2,0,2,0,2,0,0,1,0,2,2,2,2,0,0,2,2
114,4431.378,1135.058,-246.119,46.363,0.689900,-0.723608,-0.020718,0.723821,0.689973,0.004501,0.011038,-0.018101,0.999775,0,-0.13733,0.34786,-8.240,0.696,-1,400.000,-1,375.000,-1,325.000,325.000,200.000,275.000,-1,-1,-1,-1,775.000,725.000,-1,-1,2,0,2,0,2,0,0,1,0,2,2,2,2,0,0,2,2
115,4422.494,1125.512,-246.813,47.059,0.681010,-0.731912,-0.023044,0.732173,0.681103,0.004771,0.012203,-0.020122,0.999723,0,-0.21733,0.34815,-13.040,0.696,-1,400.000,-1,375.000,-1,325.000,325.000,200.000,275.000,-1,-1,-1,-1,775.000,725.000,-1,-1,2,0,2,0,2,0,0,1,0,2,2,2,2,0,0,2,2
116,4410.500,1112.306,-247.751,47.756,0.671984,-0.740102,-0.026187,0.740435,0.672109,0.005001,0.013899,-0.022751,0.999645,0,-0.29733,0.34855,-17.840,0.697,-1,400.000,-1,400.000,-1,325.000,325.000,200.000,300.000,-1,-1,-1,-1,775.000,750.000,-1,-1,2,0,2,0,2,0,0,1,0,2,2,2,2,0,0,2,2
117,4401.892,1102.511,-248.599,48.694,0.659712,-0.750945,-0.029364,0.751360,0.659871,0.005248,0.015436,-0.025525,0.999555,0,-0.21733,0.46855,-13.040,0.937,-1,400.000,-1,400.000,-1,325.000,325.000,200.000,300.000,-1,-1,-1,-1,775.000,750.000,-1,-1,2,0,2,0,2,0,0,1,0,2,2,2,2,0,0,2,2
118,4396.581,1096.211,-249.320,49.871,0.644064,-0.764285,-0.032394,0.764789,0.644257,0.005461,0.016696,-0.028292,0.999460,0,-0.13733,0.58855,-8.240,1.177,-1,400.000,-1,400.000,-1,325.000,325.000,175.000,300.000,-1,-1,-1,-1,775.000,775.000,-1,-1,2,0,2,0,2,0,0,1,0,2,2,2,2,0,0,2,2
119,4394.429,1093.527,-249.887,51.288,0.624889,-0.779924,-0.035111,0.780516,0.625111,0.005606,0.017576,-0.030908,0.999368,0,-0.05733,0.70855,-3.440,1.417,-1,400.000,-1,400.000,-1,325.000,325.000,175.000,300.000,-1,-1,-1,-1,775.000,775.000,-1,-1,2,0,2,0,2,0,0,1,0,2,2,2,2,0,0,2,2
120,4395.248,1094.613,-250.279,52.945,0.602009,-0.797615,-0.037365,0.798287,0.602251,0.005666,0.017984,-0.033239,0.999286,0,0.02267,0.82855,1.360,1.657,-1,400.000,-1,400.000,-1,325.000,325.000,175.000,300.000,-1,-1,-1,-1,775.000,800.000,-1,-1,2,0,2,0,2,0,0,1,0,2,2,2,2,0,0,2,2
121,4398.794,1099.650,-250.485,54.842,0.575229,-0.817061,-0.039033,0.817798,0.575478,0.005645,0.017851,-0.035168,0.999222,0,0.10267,0.94855,6.160,1.897,-1,400.000,-1,400.000,-1,325.000,325.000,175.000,300.000,-1,-1,-1,-1,775.000,800.000,-1,-1,2,0,2,0,2,0,0,1,0,2,2,2,2,0,0,2,2
122,4404.788,1108.825,-250.470,56.842,0.546349,-0.836610,-0.039845,0.837383,0.546588,0.005592,0.017101,-0.036420,0.999190,0,0.18267,1.00000,10.960,2.000,-1,400.000,-1,400.000,-1,325.000,325.000,175.000,300.000,-1,-1,-1,-1,775.000,800.000,-1,-1,2,0,2,0,2,0,0,1,0,2,2,2,2,0,0,2,2
123,4412.942,1122.312,-250.227,58.842,0.516840,-0.855162,-0.039669,0.855937,0.517049,0.005592,0.015729,-0.036845,0.999197,0,0.26267,1.00000,15.760,2.000,-1,400.000,-1,400.000,-1,325.000,325.000,175.000,300.000,-1,-1,-1,-1,775.000,800.000,-1,-1,2,0,2,0,2,0,0,1,0,2,2,2,2,0,0,2,2
124,4422.959,1140.266,-249.790,60.842,0.486734,-0.872697,-0.038598,0.873441,0.486896,0.005717,0.013804,-0.036496,0.999238,0,0.34267,1.00000,20.560,2.000,-1,400.000,-1,400.000,-1,325.000,325.000,175.000,300.000,-1,-1,-1,-1,775.000,800.000,-1,-1,2,0,2,0,2,0,0,1,0,2,2,2,2,0,0,2,2
125,4434.629,1162.781,-249.152,62.602,0.459782,-0.887280,-0.036526,0.887958,0.459884,0.006062,0.011419,-0.035221,0.999314,0,0.42267,0.88000,25.360,1.760,-1,400.000,-1,400.000,-1,325.000,325.000,175.000,300.000,-1,-1,-1,-1,750.000,800.000,-1,-1,2,0,2,0,2,0,0,1,0,2,2,2,2,0,0,2,2
126,4447.793,1189.917,-248.376,64.122,0.436179,-0.899228,-0.033712,0.899817,0.436216,0.006632,0.008742,-0.033228,0.999410,0,0.50267,0.76000,30.160,1.520,-1,400.000,-1,400.000,-1,325.000,325.000,175.000,300.000,-1,-1,-1,-1,750.000,775.000,-1,-1,2,0,2,0,2,0,0,1,0,2,2,2,2,0,0,2,2
127,4462.346,1221.704,-247.525,65.402,0.416076,-0.908820,-0.030432,0.909310,0.416053,0.007380,0.005954,-0.030743,0.999510,0,0.58267,0.64000,34.960,1.280,-1,400.000,-1,400.000,-1,325.000,325.000,175.000,300.000,-1,-1,-1,-1,750.000,775.000,-1,-1,2,0,2,0,2,0,0,1,0,2,2,2,2,0,0,2,2
128,4478.238,1258.149,-246.647,66.442,0.399591,-0.916298,-0.026927,0.916687,0.399522,0.008137,0.003302,-0.027935,0.999604,0,0.66267,0.52000,39.760,1.040,-1,400.000,-1,400.000,-1,325.000,325.000,175.000,300.000,-1,-1,-1,-1,750.000,750.000,-1,-1,2,0,2,0,2,0,0,1,0,2,2,2,2,0,0,2,2
129,4495.366,1298.978,-245.821,67.242,0.386818,-0.921856,-0.023527,0.922156,0.386719,0.008814,0.000973,-0.025104,0.999684,0,0.73794,0.40000,44.276,0.800,-1,400.000,-1,400.000,-1,325.000,325.000,175.000,300.000,-1,-1,-1,-1,750.000,750.000,-1,-1,2,0,2,0,2,0,0,1,0,2,2,2,2,0,0,2,2
130,4511.940,1339.689,-245.194,67.849,0.377067,-0.925951,-0.020873,0.926186,0.376954,0.009276,-0.000721,-0.022830,0.999739,0,0.73259,0.30343,43.955,0.607,-1,400.000,-1,375.000,-1,325.000,325.000,200.000,300.000,-1,-1,-1,-1,725.000,725.000,-1,-1,2,0,2,0,2,0,0,1,0,2,2,2,2,0,0,2,2
131,4527.954,1380.249,-244.774,68.455,0.367267,-0.929918,-0.019147,0.930114,0.367147,0.009556,-0.001857,-0.021318,0.999771,0,0.72678,0.30313,43.607,0.606,-1,400.000,-1,375.000,-1,325.000,325.000,200.000,300.000,-1,-1,-1,-1,725.000,725.000,-1,-1,2,0,2,0,2,0,0,1,0,2,2,2,2,0,0,2,2
132,4543.418,1420.659,-244.504,69.060,0.357436,-0.933756,-0.018410,0.933934,0.357310,0.009829,-0.002600,-0.020707,0.999782,0,0.72112,0.30257,43.267,0.605,-1,400.000,-1,375.000,-1,325.000,325.000,200.000,300.000,-1,-1,-1,-1,725.000,725.000,-1,-1,2,0,2,0,2,0,0,1,0,2,2,2,2,0,0,2,2
133,4558.340,1460.922,-244.378,69.664,0.347579,-0.937464,-0.018731,0.937647,0.347452,0.009737,-0.002620,-0.020947,0.999777,0,0.71565,0.30179,42.939,0.604,-1,400.000,-1,375.000,-1,325.000,325.000,200.000,300.000,-1,-1,-1,-1,725.000,725.000,-1,-1,2,0,2,0,2,0,0,1,0,2,2,2,2,0,0,2,2
134,4572.733,1501.042,-244.440,70.265,0.337707,-0.941042,-0.019820,0.941249,0.337585,0.009342,-0.002100,-0.021811,0.999760,0,0.71040,0.30077,42.624,0.602,-1,400.000,-1,375.000,-1,325.000,325.000,200.000,300.000,-1,-1,-1,-1,725.000,725.000,-1,-1,2,0,2,0,2,0,0,1,0,2,2,2,2,0,0,2,2
