timestep,x_cm,y_cm,z_cm,yaw_deg,basis_xx,basis_xy,basis_xz,basis_yx,basis_yy,basis_yz,basis_zx,basis_zy,basis_zz,teleport_flag,throttle_cmd,steering_cmd,cmd_move_cm,cmd_turn_deg,lidar_cm_0,lidar_cm_1,lidar_cm_2,lidar_cm_3,lidar_cm_4,lidar_cm_5,lidar_cm_6,lidar_cm_7,lidar_cm_8,lidar_cm_9,lidar_cm_10,lidar_cm_11,lidar_cm_12,lidar_cm_13,lidar_cm_14,lidar_cm_15,lidar_cm_16,lidar_class_0,lidar_class_1,lidar_class_2,lidar_class_3,lidar_class_4,lidar_class_5,lidar_class_6,lidar_class_7,lidar_class_8,lidar_class_9,lidar_class_10,lidar_class_11,lidar_class_12,lidar_class_13,lidar_class_14,lidar_class_15,lidar_class_16
0,-7538.516,-2952.635,-226.535,168.827,-0.980467,-0.193506,0.035203,0.191222,-0.979736,-0.059592,0.046021,-0.051696,0.997602,1,-0.08000,-0.12000,-4.800,-0.240,650.000,375.000,-1,375.000,675.000,325.000,325.000,300.000,325.000,-1,375.000,350.000,-1,650.000,725.000,750.000,-1,1,1,2,0,1,0,0,0,0,2,1,1,2,1,0,1,2
1,-7529.114,-2954.574,-226.974,168.347,-0.978819,-0.201711,0.035017,0.199434,-0.978102,-0.059526,0.046257,-0.051282,0.997612,0,-0.16000,-0.24000,-9.600,-0.480,650.000,400.000,-1,375.000,675.000,325.000,325.000,325.000,325.000,-1,375.000,350.000,-1,650.000,725.000,750.000,-1,1,1,2,0,1,0,0,0,0,2,1,1,2,1,0,1,2
2,-7515.048,-2957.659,-227.640,167.627,-0.976218,-0.213993,0.034731,0.211726,-0.975520,-0.059431,0.046599,-0.050664,0.997628,0,-0.24000,-0.36000,-14.400,-0.720,675.000,400.000,-1,375.000,650.000,325.000,325.000,325.000,325.000,-1,375.000,350.000,-1,650.000,725.000,775.000,-1,1,1,2,0,1,0,0,0,0,2,1,1,2,1,0,1,2
3,-7496.366,-2962.086,-228.541,166.667,-0.972510,-0.230317,0.034336,0.228064,-0.971838,-0.059308,0.047029,-0.049846,0.997649,0,-0.32000,-0.48000,-19.200,-0.960,675.000,400.000,-1,375.000,650.000,325.000,325.000,325.000,325.000,-1,350.000,325.000,-1,675.000,725.000,800.000,-1,1,1,2,0,1,0,0,0,0,2,1,1,2,1,0,1,2
4,-7477.305,-2967.026,-229.477,165.467,-0.967489,-0.250631,0.033900,0.248391,-0.966849,-0.059200,0.047613,-0.048855,0.997670,0,-0.32819,-0.60000,-19.691,-1.200,700.000,375.000,-1,375.000,650.000,325.000,325.000,325.000,325.000,-1,350.000,300.000,-1,675.000,725.000,825.000,975.000,1,0,2,0,1,0,0,0,0,2,1,1,2,1,0,1,1
5,-7458.279,-2972.471,-230.432,164.027,-0.960902,-0.274864,0.033421,0.272636,-0.960300,-0.059108,0.048340,-0.047685,0.997692,0,-0.32983,-0.72000,-19.790,-1.440,725.000,375.000,-1,375.000,650.000,325.000,325.000,325.000,325.000,-1,325.000,300.000,-1,700.000,725.000,875.000,900.000,1,0,2,0,1,0,0,0,0,2,1,1,2,1,0,1,1
6,-7439.327,-2978.441,-231.408,162.515,-0.953330,-0.300132,0.032906,0.297917,-0.952765,-0.059020,0.049066,-0.046463,0.997714,0,-0.33117,-0.75622,-19.870,-1.512,725.000,375.000,-1,375.000,650.000,325.000,325.000,325.000,325.000,-1,325.000,275.000,-1,700.000,700.000,950.000,850.000,1,0,2,0,1,0,0,0,0,2,1,1,2,1,0,1,1
7,-7420.477,-2984.932,-232.404,160.996,-0.945059,-0.325294,0.032361,0.323094,-0.944530,-0.058933,0.049736,-0.045239,0.997737,0,-0.33228,-0.75927,-19.937,-1.519,750.000,375.000,-1,375.000,650.000,325.000,325.000,325.000,325.000,-1,300.000,250.000,775.000,700.000,700.000,-1,800.000,1,0,2,0,1,0,0,0,0,2,1,1,1,1,0,2,1
8,-7401.757,-2991.941,-233.418,159.472,-0.936088,-0.350328,0.031783,0.348144,-0.935592,-0.058844,0.050351,-0.044018,0.997761,0,-0.33316,-0.76229,-19.989,-1.525,775.000,375.000,-1,375.000,650.000,325.000,325.000,325.000,325.000,-1,300.000,250.000,625.000,725.000,700.000,-1,775.000,1,0,2,0,1,0,0,0,0,2,1,1,1,0,0,2,1
9,-7383.196,-2999.461,-234.448,157.941,-0.926415,-0.375212,0.031173,0.373047,-0.925950,-0.058754,0.050910,-0.042801,0.997786,0,-0.33379,-0.76528,-20.027,-1.531,800.000,375.000,-1,375.000,650.000,325.000,325.000,300.000,325.000,-1,275.000,225.000,525.000,725.000,700.000,-1,775.000,1,0,2,0,1,0,0,0,0,2,1,1,1,0,0,2,1
10,-7364.822,-3007.486,-235.493,156.405,-0.916039,-0.399925,0.030530,0.397780,-0.915604,-0.058661,0.051413,-0.041592,0.997811,0,-0.33416,-0.76823,-20.049,-1.536,825.000,375.000,-1,375.000,650.000,300.000,325.000,300.000,325.000,-1,275.000,225.000,475.000,700.000,700.000,-1,750.000,1,0,2,0,1,0,0,0,0,2,1,1,1,0,0,2,1
11,-7346.668,-3016.004,-236.539,154.863,-0.904962,-0.424444,0.029865,0.422317,-0.904551,-0.058615,0.051893,-0.040432,0.997834,0,-0.33423,-0.77114,-20.054,-1.542,850.000,375.000,-1,375.000,675.000,300.000,300.000,300.000,325.000,-1,275.000,200.000,425.000,700.000,700.000,-1,750.000,1,0,2,0,1,0,0,0,0,2,1,1,1,0,0,2,1
12,-7328.762,-3025.003,-237.558,153.315,-0.893184,-0.448743,0.029200,0.446625,-0.892791,-0.058737,0.052428,-0.039422,0.997846,0,-0.33400,-0.77399,-20.040,-1.548,875.000,375.000,-1,375.000,700.000,300.000,325.000,300.000,325.000,-1,250.000,200.000,375.000,700.000,700.000,-1,750.000,1,0,2,0,1,0,0,0,0,2,1,1,1,0,0,2,1
13,-7311.138,-3034.468,-238.711,151.761,-0.880686,-0.472809,0.029032,0.470694,-0.880346,-0.058625,0.053277,-0.037965,0.997858,0,-0.33343,-0.77679,-20.006,-1.554,900.000,375.000,-1,375.000,700.000,300.000,325.000,300.000,325.000,-1,250.000,175.000,350.000,700.000,725.000,-1,750.000,1,0,2,0,1,0,0,0,0,2,1,1,1,0,1,2,1
14,-7293.825,-3044.382,-239.891,150.202,-0.867489,-0.496614,0.028924,0.494501,-0.867206,-0.058502,0.054136,-0.036447,0.997868,0,-0.33251,-0.77952,-19.950,-1.559,950.000,375.000,-1,375.000,750.000,300.000,325.000,300.000,325.000,-1,225.000,150.000,300.000,700.000,725.000,-1,750.000,1,0,2,0,1,0,0,0,0,2,1,1,1,0,1,2,1
15,-7276.856,-3054.725,-239.885,148.638,-0.853813,-0.520047,0.023543,0.518030,-0.853233,-0.060324,0.051459,-0.039309,0.997901,0,-0.33121,-0.78218,-19.873,-1.564,950.000,375.000,-1,375.000,775.000,300.000,325.000,300.000,325.000,-1,225.000,150.000,275.000,700.000,700.000,-1,775.000,1,0,2,0,1,0,0,0,0,2,1,1,1,0,1,2,1
16,-7260.263,-3065.476,-239.208,147.068,-0.839534,-0.543100,0.015038,0.541292,-0.838480,-0.062888,0.046763,-0.044657,0.997907,0,-0.32952,-0.78476,-19.771,-1.570,900.000,375.000,-1,375.000,825.000,300.000,300.000,300.000,350.000,-1,250.000,150.000,275.000,675.000,700.000,-1,775.000,1,0,2,0,1,0,0,0,0,2,1,1,1,0,1,2,1
17,-7244.075,-3076.608,-238.622,145.494,-0.824516,-0.565798,0.006768,0.564256,-0.823045,-0.064897,0.042289,-0.049690,0.997869,0,-0.32742,-0.78724,-19.645,-1.574,875.000,350.000,-1,375.000,875.000,300.000,300.000,300.000,375.000,-1,250.000,150.000,275.000,650.000,700.000,-1,800.000,1,0,2,0,1,0,0,0,0,2,1,1,1,0,1,2,1
18,-7232.042,-3085.302,-238.235,144.159,-0.811244,-0.584708,0.000638,0.583399,-0.809500,-0.065996,0.039105,-0.053166,0.997820,0,-0.24742,-0.66724,-14.845,-1.334,825.000,350.000,-1,375.000,950.000,300.000,300.000,300.000,375.000,-1,250.000,150.000,275.000,625.000,700.000,-1,800.000,1,0,2,0,1,0,0,0,0,2,1,1,1,0,1,2,1
19,-7224.013,-3091.340,-238.008,143.065,-0.799995,-0.599997,-0.003431,0.598858,-0.798095,-0.066437,0.037124,-0.055204,0.997785,0,-0.16742,-0.54724,-10.045,-1.094,825.000,350.000,-1,375.000,1000.000,300.000,300.000,300.000,400.000,-1,250.000,175.000,275.000,625.000,675.000,-1,825.000,1,0,2,0,1,0,0,0,1,2,1,1,1,0,1,2,1
20,-7219.868,-3094.555,-237.912,142.210,-0.790986,-0.611809,-0.005516,0.610758,-0.789028,-0.066407,0.036276,-0.055896,0.997777,0,-0.08742,-0.42724,-5.245,-0.854,825.000,350.000,-1,375.000,-1,300.000,300.000,275.000,400.000,-1,275.000,175.000,275.000,600.000,675.000,-1,825.000,1,0,2,0,2,0,0,0,1,2,1,1,1,0,1,2,1
21,-7219.519,-3094.831,-237.922,141.596,-0.784379,-0.620256,-0.005682,0.619207,-0.782447,-0.066033,0.036511,-0.055314,0.997801,0,-0.00742,-0.30724,-0.445,-0.614,825.000,350.000,-1,375.000,-1,300.000,300.000,275.000,375.000,-1,275.000,175.000,275.000,600.000,675.000,-1,825.000,1,0,2,0,2,0,0,0,1,2,1,1,1,0,1,2,1
22,-7222.913,-3092.103,-238.026,141.221,-0.780279,-0.625419,-0.003973,0.624288,-0.778453,-0.065387,0.037801,-0.053500,0.997852,0,0.07258,-0.18724,4.355,-0.374,850.000,350.000,-1,375.000,-1,300.000,300.000,300.000,375.000,-1,275.000,175.000,250.000,600.000,675.000,-1,825.000,1,0,2,0,2,0,0,0,1,2,1,1,1,0,1,2,1
23,-7230.035,-3086.351,-238.217,141.087,-0.778743,-0.627343,-0.000410,0.626058,-0.777105,-0.064489,0.040138,-0.050477,0.997918,0,0.15258,-0.06724,9.155,-0.134,925.000,350.000,-1,375.000,-1,300.000,300.000,300.000,375.000,-1,275.000,175.000,250.000,625.000,675.000,-1,825.000,1,0,2,0,2,0,0,0,1,2,1,1,1,0,1,2,1
24,-7240.908,-3077.603,-238.497,141.192,-0.779775,-0.626039,0.005010,0.624544,-0.778419,-0.063310,0.043534,-0.046239,0.997981,0,0.23258,0.05276,13.955,0.106,-1,350.000,-1,375.000,-1,300.000,300.000,300.000,375.000,-1,275.000,175.000,250.000,625.000,675.000,-1,800.000,2,0,2,0,2,0,0,0,0,2,1,1,1,0,1,2,1
25,-7255.551,-3065.884,-238.880,141.337,-0.781151,-0.624221,0.012315,0.622485,-0.780195,-0.061701,0.048123,-0.040532,0.998019,0,0.31258,0.07254,18.755,0.145,-1,375.000,-1,375.000,975.000,300.000,300.000,300.000,350.000,-1,300.000,175.000,250.000,650.000,675.000,-1,800.000,2,0,2,0,1,0,0,0,0,2,1,1,1,0,1,2,1
26,-7273.980,-3051.214,-239.369,141.487,-0.782441,-0.622352,0.021524,0.620383,-0.782029,-0.059627,0.053941,-0.033302,0.997989,0,0.39258,0.07467,23.555,0.149,-1,375.000,-1,375.000,950.000,300.000,325.000,300.000,325.000,-1,300.000,200.000,250.000,675.000,650.000,-1,775.000,2,0,2,0,1,0,0,0,0,2,1,1,1,0,1,2,1
27,-7293.699,-3035.605,-239.532,141.641,-0.783756,-0.620357,0.029715,0.618248,-0.783858,-0.057760,0.059125,-0.026899,0.997888,0,0.41914,0.07738,25.148,0.155,-1,375.000,-1,400.000,900.000,325.000,325.000,300.000,325.000,-1,300.000,200.000,275.000,700.000,650.000,-1,750.000,2,0,2,0,1,0,0,0,0,2,1,1,1,0,1,2,1
28,-7313.453,-3020.062,-237.960,141.802,-0.785483,-0.618157,0.029985,0.616041,-0.785595,-0.057737,0.059246,-0.026879,0.997881,0,0.41892,0.08034,25.135,0.161,-1,375.000,-1,375.000,850.000,300.000,325.000,300.000,325.000,-1,325.000,225.000,275.000,700.000,625.000,-1,725.000,2,0,2,0,1,0,0,0,0,2,1,1,1,0,1,2,1
29,-7333.249,-3004.578,-236.385,141.969,-0.787268,-0.615868,0.030251,0.613745,-0.787390,-0.057734,0.059376,-0.026886,0.997874,0,0.41888,0.08335,25.133,0.167,-1,375.000,-1,375.000,800.000,300.000,325.000,300.000,325.000,-1,350.000,250.000,300.000,700.000,625.000,-1,700.000,2,0,2,0,1,0,0,0,0,2,1,1,1,0,1,2,1
30,-7353.099,-2989.148,-234.804,142.142,-0.789113,-0.613490,0.030513,0.611359,-0.789243,-0.057752,0.059513,-0.026918,0.997865,0,0.41902,0.08640,25.141,0.173,-1,375.000,-1,375.000,775.000,300.000,325.000,300.000,325.000,-1,375.000,275.000,325.000,700.000,600.000,-1,675.000,2,0,2,0,1,0,0,0,0,2,1,1,1,0,1,2,1
31,-7373.011,-2973.770,-233.219,142.321,-0.791017,-0.611020,0.030773,0.608879,-0.791155,-0.057791,0.059658,-0.026977,0.997854,0,0.41932,0.08951,25.159,0.179,-1,375.000,-1,375.000,725.000,300.000,325.000,300.000,325.000,-1,400.000,300.000,350.000,700.000,600.000,-1,650.000,2,0,2,0,1,0,0,0,0,2,1,1,1,0,1,2,1
32,-7392.994,-2958.440,-231.627,142.506,-0.792980,-0.608457,0.031030,0.606305,-0.793125,-0.057851,0.059811,-0.027061,0.997843,0,0.41978,0.09266,25.187,0.185,-1,375.000,-1,375.000,700.000,300.000,325.000,300.000,325.000,-1,425.000,325.000,375.000,700.000,575.000,-1,625.000,2,0,2,0,1,0,0,0,0,2,1,1,1,0,1,2,1
33,-7413.058,-2943.154,-230.088,142.698,-0.794990,-0.605801,0.031553,0.603634,-0.795159,-0.057864,0.060144,-0.026955,0.997826,0,0.42038,0.09586,25.223,0.192,-1,375.000,-1,375.000,650.000,300.000,325.000,300.000,325.000,-1,450.000,350.000,425.000,700.000,575.000,-1,600.000,2,0,2,0,1,0,0,0,0,2,1,1,1,0,1,2,1
34,-7433.210,-2927.910,-228.586,142.896,-0.797051,-0.603050,0.032237,0.600864,-0.797254,-0.057865,0.060597,-0.026751,0.997804,0,0.42114,0.09910,25.268,0.198,-1,375.000,-1,375.000,625.000,300.000,325.000,300.000,325.000,-1,475.000,375.000,450.000,700.000,550.000,-1,575.000,2,0,2,0,1,0,0,0,0,2,1,1,1,0,1,2,1
35,-7453.460,-2912.707,-227.050,143.101,-0.799176,-0.600197,0.032867,0.597983,-0.799405,-0.058031,0.061104,-0.026724,0.997774,0,0.42203,0.10239,25.322,0.205,-1,375.000,-1,375.000,575.000,300.000,325.000,300.000,325.000,-1,500.000,400.000,475.000,700.000,550.000,-1,550.000,2,0,2,0,1,0,0,0,0,2,1,1,1,0,1,2,1
36,-7473.815,-2897.541,-225.501,143.312,-0.801361,-0.597243,0.033488,0.595000,-0.801615,-0.058212,0.061611,-0.026723,0.997742,0,0.42305,0.10573,25.383,0.211,-1,375.000,-1,375.000,550.000,300.000,325.000,300.000,325.000,-1,500.000,400.000,500.000,700.000,525.000,-1,525.000,2,0,2,0,1,0,0,0,0,2,1,1,1,0,1,2,1
37,-7494.283,-2882.412,-223.939,143.530,-0.803605,-0.594185,0.034102,0.591913,-0.803883,-0.058407,0.062118,-0.026751,0.997710,0,0.42420,0.10911,25.452,0.218,-1,375.000,-1,375.000,525.000,300.000,325.000,300.000,325.000,-1,525.000,425.000,525.000,700.000,525.000,-1,500.000,2,0,2,0,1,0,0,0,0,2,1,1,1,0,1,2,1
38,-7514.872,-2867.319,-222.362,143.755,-0.805908,-0.591022,0.034708,0.588719,-0.806210,-0.058616,0.062625,-0.026806,0.997677,0,0.42548,0.11253,25.529,0.225,-1,375.000,-1,375.000,500.000,300.000,325.000,300.000,325.000,-1,550.000,450.000,550.000,700.000,500.000,-1,475.000,2,0,2,0,1,0,0,0,0,2,1,1,1,0,1,2,1
39,-7531.688,-2855.200,-221.077,144.220,-0.810663,-0.584453,0.035221,0.582122,-0.810973,-0.058795,0.062926,-0.027160,0.997649,0,0.34548,0.23253,20.729,0.465,-1,375.000,-1,375.000,475.000,300.000,325.000,300.000,325.000,-1,575.000,475.000,575.000,700.000,500.000,-1,475.000,2,0,2,0,1,0,0,0,0,2,1,1,1,0,1,2,1
40,-7544.725,-2846.046,-220.088,144.925,-0.817785,-0.574420,0.035642,0.572064,-0.818089,-0.058936,0.063012,-0.027807,0.997625,0,0.26548,0.35253,15.929,0.705,-1,375.000,-1,375.000,450.000,325.000,325.000,300.000,325.000,-1,575.000,475.000,625.000,725.000,500.000,-1,450.000,2,0,2,0,1,0,0,0,0,2,1,1,1,0,1,2,1
41,-7553.937,-2839.803,-219.399,145.871,-0.827147,-0.560834,0.035975,0.558458,-0.827430,-0.059027,0.062872,-0.028734,0.997608,0,0.18548,0.47253,11.129,0.945,-1,375.000,-1,375.000,425.000,325.000,325.000,300.000,325.000,-1,575.000,475.000,650.000,725.000,500.000,-1,450.000,2,0,2,0,1,0,0,0,0,2,1,1,1,0,1,2,1
42,-7559.248,-2836.361,-219.008,147.056,-0.838574,-0.543582,0.036223,0.541192,-0.838823,-0.059062,0.062490,-0.029924,0.997597,0,0.10548,0.59253,6.329,1.185,-1,375.000,-1,375.000,425.000,325.000,325.000,300.000,325.000,-1,575.000,475.000,675.000,725.000,500.000,-1,450.000,2,0,2,0,1,0,0,0,0,2,1,1,1,0,1,2,1
43,-7560.551,-2835.563,-218.914,148.481,-0.851844,-0.522530,0.036391,0.520131,-0.852044,-0.059031,0.061852,-0.031357,0.997593,0,0.02548,0.71253,1.529,1.425,-1,375.000,-1,375.000,425.000,325.000,325.000,300.000,325.000,-1,550.000,475.000,700.000,725.000,500.000,-1,450.000,2,0,2,0,1,0,0,0,0,2,1,1,1,0,1,2,1
44,-7557.714,-2837.192,-219.109,150.146,-0.866682,-0.497525,0.036483,0.495125,-0.866821,-0.058926,0.060942,-0.033006,0.997595,0,-0.05452,0.83253,-3.271,1.665,-1,375.000,-1,375.000,425.000,325.000,325.000,300.000,325.000,-1,525.000,450.000,750.000,725.000,525.000,-1,450.000,2,0,2,0,1,0,0,0,0,2,1,1,1,0,1,2,1
45,-7550.597,-2840.998,-219.585,151.865,-0.881234,-0.471269,0.036489,0.468876,-0.881308,-0.058749,0.059845,-0.034663,0.997606,0,-0.13452,0.85960,-8.071,1.719,-1,375.000,-1,375.000,425.000,325.000,325.000,300.000,325.000,-1,500.000,425.000,800.000,725.000,525.000,-1,475.000,2,0,2,0,1,0,0,0,0,2,1,1,1,0,1,2,1
46,-7539.070,-2846.726,-220.330,153.582,-0.894975,-0.444629,0.036410,0.442252,-0.894981,-0.058501,0.058597,-0.036255,0.997623,0,-0.21452,0.85840,-12.871,1.717,-1,375.000,-1,375.000,425.000,325.000,325.000,300.000,325.000,-1,475.000,400.000,875.000,725.000,550.000,-1,500.000,2,0,2,0,1,0,0,0,0,2,1,1,1,0,1,2,1
47,-7523.016,-2854.112,-221.339,155.295,-0.907884,-0.417653,0.036218,0.415302,-0.907820,-0.058198,0.057186,-0.037796,0.997648,0,-0.29452,0.85647,-17.671,1.713,1000.000,375.000,-1,375.000,450.000,325.000,325.000,300.000,325.000,-1,450.000,375.000,-1,725.000,575.000,-1,525.000,1,0,2,0,1,0,0,0,0,2,1,1,2,0,1,2,1
48,-7502.331,-2862.893,-222.598,157.002,-0.919947,-0.390394,0.035912,0.388077,-0.919810,-0.057847,0.055615,-0.039280,0.997679,0,-0.37452,0.85379,-22.471,1.708,900.000,375.000,-1,375.000,475.000,325.000,325.000,325.000,325.000,-1,400.000,350.000,-1,725.000,600.000,-1,550.000,1,0,2,0,1,0,0,0,0,2,1,1,2,0,1,2,1
49,-7476.922,-2872.799,-224.092,158.703,-0.931150,-0.362903,0.035511,0.360630,-0.930938,-0.057446,0.053906,-0.040685,0.997717,0,-0.45452,0.85035,-27.271,1.701,850.000,375.000,-1,375.000,500.000,325.000,325.000,325.000,325.000,-1,375.000,325.000,-1,725.000,650.000,-1,575.000,1,0,2,0,1,0,0,0,0,2,1,1,2,0,1,2,1
50,-7446.710,-2883.560,-225.804,160.395,-0.941484,-0.335234,0.035016,0.333012,-0.941198,-0.057002,0.052066,-0.042006,0.997760,0,-0.53452,0.84615,-32.071,1.692,825.000,375.000,-1,375.000,525.000,325.000,325.000,325.000,325.000,-1,325.000,275.000,-1,725.000,675.000,-1,625.000,1,0,2,0,1,0,0,0,0,2,1,1,2,0,1,2,1
51,-7411.627,-2894.908,-227.721,162.078,-0.950944,-0.307441,0.034428,0.305278,-0.950584,-0.056523,0.050105,-0.043240,0.997807,0,-0.61452,0.84117,-36.871,1.682,825.000,375.000,-1,375.000,550.000,325.000,325.000,325.000,325.000,-1,300.000,250.000,-1,725.000,700.000,-1,675.000,1,0,2,0,1,0,0,0,0,2,1,1,2,0,0,2,1
52,-7372.822,-2906.220,-229.763,163.748,-0.959528,-0.279580,0.033773,0.277482,-0.959096,-0.056029,0.048056,-0.044390,0.997858,0,-0.67367,0.83542,-40.420,1.671,850.000,375.000,-1,375.000,575.000,325.000,325.000,325.000,325.000,-1,250.000,200.000,-1,725.000,700.000,-1,725.000,1,0,2,0,1,0,0,0,0,2,1,1,2,0,0,2,1
53,-7333.374,-2916.492,-231.765,165.407,-0.967239,-0.251698,0.033111,0.249666,-0.966737,-0.055553,0.045992,-0.045467,0.997907,0,-0.67938,0.82907,-40.763,1.658,850.000,375.000,-1,375.000,625.000,325.000,300.000,325.000,325.000,-1,200.000,150.000,-1,725.000,700.000,-1,775.000,1,0,2,0,1,0,0,0,0,2,1,1,2,1,0,2,1
54,-7293.310,-2925.704,-233.725,167.052,-0.974088,-0.223828,0.032447,0.221862,-0.973520,-0.055094,0.043920,-0.046468,0.997954,0,-0.68515,0.82264,-41.109,1.645,875.000,375.000,-1,375.000,650.000,325.000,300.000,325.000,325.000,-1,150.000,125.000,-1,725.000,700.000,-1,850.000,1,0,2,0,1,0,0,0,0,2,1,1,2,1,0,2,1
55,-7252.657,-2933.840,-235.610,168.684,-0.980087,-0.195997,0.031856,0.194089,-0.979453,-0.054788,0.041940,-0.047514,0.997990,0,-0.69098,0.81612,-41.459,1.632,925.000,375.000,-1,375.000,675.000,325.000,300.000,325.000,325.000,-1,100.000,75.000,-1,725.000,700.000,1000.000,925.000,1,0,2,0,1,0,0,0,0,2,1,1,2,1,0,1,1
56,-7211.443,-2940.889,-234.925,170.303,-0.985503,-0.168155,0.022549,0.166482,-0.984069,-0.062389,0.032681,-0.057731,0.997797,0,-0.69686,0.80953,-41.812,1.619,925.000,375.000,-1,375.000,725.000,300.000,300.000,300.000,350.000,600.000,75.000,50.000,-1,700.000,700.000,950.000,-1,1,0,2,0,1,0,0,0,0,1,1,1,2,1,0,1,2
57,-7169.696,-2946.834,-233.910,171.909,-0.990007,-0.140417,0.012988,0.139157,-0.987710,-0.071168,0.022821,-0.068650,0.997380,0,-0.70279,0.80285,-42.167,1.606,925.000,350.000,-1,375.000,775.000,300.000,300.000,300.000,375.000,450.000,25.000,25.000,-1,650.000,675.000,925.000,-1,1,0,2,0,1,0,0,0,0,1,1,1,2,0,0,1,2
58,-7127.443,-2951.645,-228.331,173.501,-0.993567,-0.112975,-0.007872,0.113244,-0.991724,-0.060496,-0.000972,-0.060998,0.998137,0,-0.70874,0.79610,-42.525,1.592,925.000,350.000,-1,350.000,750.000,300.000,300.000,325.000,375.000,475.000,25.000,0.000,-1,600.000,625.000,900.000,-1,1,0,2,0,1,0,0,0,0,1,1,1,2,0,0,1,2
59,-7084.718,-2955.320,-222.396,175.080,-0.995869,-0.085658,-0.030141,0.087071,-0.994988,-0.049173,-0.025777,-0.051594,0.998335,0,-0.71473,0.78927,-42.884,1.579,950.000,350.000,-1,325.000,725.000,275.000,275.000,375.000,375.000,500.000,25.000,0.000,-1,575.000,550.000,875.000,775.000,1,0,2,0,1,0,0,0,0,1,1,1,2,0,0,1,0
60,-7543.224,-4263.584,-315.615,177.252,-0.997947,-0.047808,0.042628,0.044496,-0.996151,-0.075520,0.046074,-0.073469,0.996233,1,0.00000,0.00000,-43.243,1.565,600.000,375.000,750.000,400.000,725.000,325.000,325.000,300.000,325.000,-1,775.000,625.000,750.000,500.000,525.000,550.000,625.000,1,1,1,1,1,0,0,0,0,2,0,1,1,1,1,1,1
61,-7548.018,-4263.334,-315.395,177.012,-0.997735,-0.051981,0.042706,0.048660,-0.995962,-0.075440,0.046455,-0.073191,0.996235,0,0.08000,-0.12000,4.800,-0.240,600.000,375.000,750.000,400.000,725.000,325.000,325.000,300.000,325.000,-1,775.000,675.000,750.000,500.000,525.000,550.000,625.000,1,1,1,1,1,0,0,0,0,2,0,1,1,1,1,1,1
62,-7557.601,-4262.753,-314.950,176.532,-0.997258,-0.060326,0.042861,0.056986,-0.995533,-0.075280,0.047210,-0.072631,0.996241,0,0.16000,-0.24000,9.600,-0.480,575.000,375.000,750.000,400.000,725.000,325.000,325.000,300.000,325.000,-1,800.000,700.000,750.000,500.000,525.000,525.000,625.000,1,1,1,1,1,0,0,0,0,2,0,0,1,1,1,1,1
63,-7571.962,-4261.700,-314.269,175.812,-0.996413,-0.072835,0.043090,0.069469,-0.994758,-0.075043,0.048330,-0.071780,0.996249,0,0.24000,-0.36000,14.400,-0.720,550.000,375.000,725.000,375.000,725.000,325.000,325.000,300.000,300.000,-1,800.000,700.000,750.000,475.000,525.000,525.000,625.000,1,1,1,1,1,0,0,0,0,2,0,0,1,1,1,1,1
64,-7591.085,-4259.976,-313.339,174.852,-0.995041,-0.089499,0.043390,0.086100,-0.993480,-0.074732,0.049796,-0.070626,0.996259,0,0.32000,-0.48000,19.200,-0.960,525.000,350.000,725.000,375.000,700.000,325.000,325.000,300.000,300.000,-1,825.000,725.000,775.000,475.000,500.000,500.000,600.000,1,1,1,1,1,1,1,0,0,2,0,0,1,1,1,1,1
65,-7614.939,-4257.321,-312.144,173.652,-0.992935,-0.110297,0.043756,0.106859,-0.991490,-0.074355,0.051585,-0.069153,0.996271,0,0.40000,-0.60000,24.000,-1.200,500.000,350.000,700.000,375.000,700.000,300.000,325.000,300.000,300.000,-1,850.000,750.000,775.000,450.000,500.000,475.000,600.000,1,1,1,1,1,1,1,0,0,2,0,0,1,1,1,1,1
66,-7643.474,-4253.417,-310.663,172.212,-0.989833,-0.135195,0.044183,0.131717,-0.988528,-0.073916,0.053670,-0.067345,0.996285,0,0.48000,-0.72000,28.800,-1.440,450.000,325.000,675.000,350.000,700.000,300.000,300.000,300.000,300.000,-1,875.000,775.000,800.000,425.000,475.000,425.000,575.000,1,1,1,1,1,1,1,0,0,2,0,0,1,1,1,1,1
67,-7676.617,-4247.888,-308.874,170.532,-0.985425,-0.164141,0.044664,0.160623,-0.984281,-0.073425,0.056014,-0.065181,0.996300,0,0.56000,-0.84000,33.600,-1.680,400.000,300.000,650.000,350.000,700.000,275.000,300.000,300.000,300.000,-1,925.000,800.000,825.000,400.000,475.000,400.000,550.000,1,1,1,1,1,1,1,0,0,2,0,0,1,1,1,1,1
68,-7714.267,-4240.334,-306.757,168.659,-0.979510,-0.196261,0.045190,0.192705,-0.978546,-0.072890,0.058526,-0.062688,0.996316,0,0.64000,-0.93667,38.400,-1.873,375.000,300.000,625.000,325.000,700.000,275.000,275.000,300.000,300.000,-1,975.000,850.000,825.000,375.000,450.000,350.000,525.000,1,1,1,1,1,1,1,0,0,2,0,0,1,1,1,1,1
69,-7756.330,-4230.482,-304.298,166.820,-0.972677,-0.227607,0.045757,0.224023,-0.971898,-0.072312,0.060930,-0.060086,0.996332,0,0.72000,-0.91973,43.200,-1.839,300.000,275.000,575.000,325.000,675.000,250.000,275.000,300.000,300.000,-1,-1,900.000,850.000,350.000,425.000,300.000,500.000,1,1,1,1,1,1,1,0,0,2,2,0,1,1,1,1,1
70,-7802.698,-4218.071,-301.438,165.018,-0.965014,-0.258086,0.046256,0.254504,-0.964428,-0.071454,0.063052,-0.057181,0.996371,0,0.80000,-0.90056,48.000,-1.801,250.000,250.000,550.000,300.000,650.000,225.000,250.000,300.000,300.000,-1,-1,950.000,900.000,325.000,400.000,250.000,475.000,1,1,1,1,1,1,1,0,0,2,2,0,1,1,1,1,1
71,-7853.261,-4202.855,-294.930,163.261,-0.955794,-0.287773,0.060376,0.284261,-0.956833,-0.060545,0.075193,-0.040706,0.996338,0,0.88000,-0.87869,52.800,-1.757,250.000,250.000,550.000,275.000,675.000,225.000,250.000,325.000,300.000,-1,825.000,600.000,875.000,325.000,400.000,225.000,450.000,1,1,1,1,1,1,1,0,0,2,0,0,1,1,1,1,1
72,-7907.903,-4184.624,-286.885,161.554,-0.945241,-0.316351,0.080255,0.313433,-0.948446,-0.047001,0.090986,-0.019273,0.995666,0,0.96000,-0.85349,57.600,-1.707,250.000,250.000,550.000,275.000,-1,225.000,225.000,375.000,275.000,-1,500.000,275.000,850.000,325.000,400.000,225.000,450.000,1,1,1,1,2,1,1,0,0,2,0,0,1,1,1,1,1
73,-7964.255,-4164.011,-278.476,159.906,-0.933726,-0.343568,0.100587,0.341821,-0.939126,-0.034654,0.106370,0.002025,0.994325,0,1.00000,-0.82424,60.000,-1.648,250.000,250.000,575.000,275.000,-1,225.000,225.000,400.000,275.000,-1,375.000,175.000,775.000,325.000,375.000,225.000,425.000,1,1,1,1,2,1,1,1,0,2,0,0,0,1,1,1,1
74,-8020.020,-4141.850,-267.462,158.324,-0.920966,-0.369330,0.124164,0.367816,-0.929211,-0.035758,0.128581,0.012737,0.991617,0,1.00000,-0.79087,60.000,-1.582,250.000,250.000,-1,275.000,-1,225.000,225.000,375.000,275.000,-1,275.000,125.000,625.000,325.000,400.000,250.000,525.000,1,1,2,1,2,1,1,1,0,2,0,0,0,1,1,1,1
75,-4263.583,-5575.452,-325.104,155.786,-0.906134,-0.409422,-0.106275,0.413363,-0.910405,-0.017154,-0.089730,-0.059474,0.994189,1,0.00000,0.00000,60.000,-1.507,-1,375.000,-1,375.000,-1,325.000,300.000,300.000,325.000,-1,-1,-1,-1,675.000,675.000,-1,-1,2,0,2,0,2,0,0,0,0,2,2,2,2,0,0,2,2
76,-4267.953,-5573.465,-325.535,155.547,-0.904427,-0.413198,-0.106200,0.417163,-0.908668,-0.017271,-0.089364,-0.059923,0.994195,0,0.08000,-0.11929,4.800,-0.239,-1,375.000,-1,375.000,-1,325.000,300.000,300.000,325.000,-1,-1,-1,-1,675.000,675.000,-1,-1,2,0,2,0,2,0,0,0,0,2,2,2,2,0,0,2,2
77,-4276.675,-5569.455,-326.393,155.309,-0.902716,-0.416965,-0.106040,0.420959,-0.906911,-0.017505,-0.088869,-0.060440,0.994208,0,0.16000,-0.11929,9.600,-0.239,-1,375.000,-1,375.000,-1,300.000,300.000,300.000,325.000,-1,-1,-1,-1,675.000,675.000,-1,-1,2,0,2,0,2,0,0,0,0,2,2,2,2,0,0,2,2
78,-4289.734,-5563.386,-327.674,155.070,-0.900999,-0.420723,-0.105793,0.424751,-0.905134,-0.017859,-0.088243,-0.061026,0.994228,0,0.24000,-0.11929,14.400,-0.239,-1,375.000,-1,375.000,-1,300.000,300.000,300.000,325.000,-1,-1,-1,-1,675.000,650.000,-1,-1,2,0,2,0,2,0,0,0,0,2,2,2,2,0,0,2,2
79,-4307.111,-5555.221,-329.371,154.832,-0.899279,-0.424471,-0.105461,0.428538,-0.903338,-0.018335,-0.087484,-0.061683,0.994254,0,0.32000,-0.11929,19.200,-0.239,-1,375.000,-1,375.000,-1,300.000,300.000,300.000,325.000,-1,-1,-1,-1,675.000,650.000,-1,-1,2,0,2,0,2,0,0,0,0,2,2,2,2,0,0,2,2
80,-4328.790,-5544.925,-331.478,154.593,-0.897553,-0.428210,-0.105045,0.432320,-0.901521,-0.018940,-0.086590,-0.062413,0.994287,0,0.40000,-0.11929,24.000,-0.239,-1,375.000,-1,375.000,-1,300.000,300.000,300.000,325.000,-1,-1,-1,-1,650.000,650.000,-1,-1,2,0,2,0,2,0,0,0,0,2,2,2,2,0,0,2,2
81,-4354.753,-5532.460,-333.985,154.354,-0.895823,-0.431938,-0.104546,0.436096,-0.899685,-0.019679,-0.085558,-0.063221,0.994325,0,0.48000,-0.11929,28.800,-0.239,-1,375.000,-1,375.000,-1,300.000,300.000,300.000,325.000,-1,-1,-1,-1,650.000,650.000,-1,-1,2,0,2,0,2,0,0,0,0,2,2,2,2,0,0,2,2
82,-4384.983,-5517.793,-336.883,154.116,-0.894089,-0.435656,-0.103965,0.439868,-0.897827,-0.020559,-0.084386,-0.064112,0.994368,0,0.56000,-0.11929,33.600,-0.239,-1,375.000,-1,375.000,-1,300.000,300.000,300.000,325.000,-1,-1,-1,-1,650.000,650.000,-1,-1,2,0,2,0,2,0,0,0,0,2,2,2,2,0,0,2,2
83,-4419.460,-5500.886,-340.158,153.877,-0.892350,-0.439363,-0.103304,0.443634,-0.895948,-0.021588,-0.083071,-0.065093,0.994415,0,0.64000,-0.11929,38.400,-0.239,-1,375.000,-1,375.000,-1,300.000,300.000,300.000,325.000,-1,625.000,-1,-1,650.000,650.000,-1,-1,2,0,2,0,2,0,0,0,0,2,0,2,2,0,0,2,2
84,-4458.168,-5481.705,-343.761,153.639,-0.890599,-0.443063,-0.102609,0.447385,-0.894056,-0.022585,-0.081732,-0.066020,0.994465,0,0.72000,-0.11929,43.200,-0.239,-1,375.000,-1,375.000,-1,300.000,300.000,300.000,325.000,-1,600.000,-1,-1,625.000,625.000,-1,-1,2,0,2,0,2,0,0,0,0,2,0,2,2,0,0,2,2
85,-4499.972,-5460.769,-347.560,153.397,-0.888829,-0.446801,-0.101741,0.451157,-0.892134,-0.023540,-0.080249,-0.066824,0.994532,0,0.77922,-0.12067,46.753,-0.241,-1,350.000,-1,375.000,-1,300.000,300.000,300.000,325.000,-1,600.000,650.000,-1,625.000,625.000,-1,-1,2,0,2,0,2,0,0,0,0,2,0,0,2,0,0,2,2
86,-4541.914,-5439.536,-351.033,153.150,-0.887132,-0.450660,-0.099510,0.454909,-0.890217,-0.023910,-0.077810,-0.066479,0.994749,0,0.78351,-0.12370,47.011,-0.247,-1,350.000,-1,375.000,-1,300.000,300.000,325.000,325.000,-1,575.000,600.000,-1,625.000,625.000,-1,-1,2,0,2,0,2,0,0,0,0,2,0,0,2,0,0,2,2
87,-4583.988,-5418.000,-354.396,152.896,-0.885399,-0.454615,-0.096921,0.458725,-0.888250,-0.024176,-0.075099,-0.065866,0.994998,0,0.78777,-0.12682,47.266,-0.254,-1,350.000,-1,375.000,-1,300.000,300.000,325.000,325.000,-1,525.000,575.000,-1,625.000,625.000,-1,-1,2,0,2,0,2,0,0,0,0,2,0,0,2,0,0,2,2
88,-4626.189,-5396.158,-357.710,152.636,-0.883596,-0.458660,-0.094281,0.462631,-0.886213,-0.024481,-0.072325,-0.065249,0.995245,0,0.79198,-0.13002,47.519,-0.260,-1,350.000,-1,350.000,1000.000,300.000,300.000,325.000,325.000,-1,500.000,525.000,-1,625.000,625.000,-1,1000.000,2,0,2,0,1,0,0,0,0,2,0,0,2,0,0,2,0
89,-4668.508,-5374.004,-360.960,152.370,-0.881714,-0.462796,-0.091652,0.466633,-0.884102,-0.024855,-0.069527,-0.064683,0.995481,0,0.79613,-0.13332,47.768,-0.267,-1,350.000,-1,350.000,975.000,300.000,300.000,325.000,300.000,-1,475.000,475.000,-1,625.000,600.000,-1,1000.000,2,0,2,0,1,0,0,0,0,2,0,0,2,0,0,2,0
90,-4710.939,-5351.534,-364.090,152.096,-0.879731,-0.467020,-0.089252,0.470749,-0.881902,-0.025394,-0.066852,-0.064355,0.995685,0,0.80022,-0.13672,48.013,-0.273,-1,350.000,-1,350.000,950.000,300.000,300.000,325.000,300.000,-1,475.000,475.000,-1,625.000,600.000,-1,975.000,2,0,2,0,1,0,0,0,0,2,0,0,2,0,0,2,0
91,-4753.471,-5328.742,-367.118,151.816,-0.877675,-0.471336,-0.086771,0.474966,-0.879614,-0.026191,-0.063980,-0.064201,0.995884,0,0.80424,-0.14021,48.255,-0.280,-1,350.000,-1,350.000,925.000,300.000,300.000,325.000,300.000,-1,450.000,450.000,-1,625.000,600.000,-1,975.000,2,0,2,0,1,0,0,0,0,2,0,0,2,0,0,2,0
92,-4796.098,-5305.626,-369.735,151.528,-0.875587,-0.475710,-0.083954,0.479321,-0.877171,-0.028680,-0.059999,-0.065352,0.996057,0,0.80819,-0.14382,48.492,-0.288,-1,350.000,-1,350.000,900.000,300.000,300.000,325.000,300.000,-1,425.000,425.000,-1,625.000,600.000,-1,1000.000,2,0,2,0,1,0,0,0,0,2,0,0,2,0,0,2,0
93,-4838.808,-5282.178,-372.273,151.233,-0.873412,-0.480182,-0.081098,0.483763,-0.874639,-0.031303,-0.055900,-0.066572,0.996214,0,0.81206,-0.14753,48.723,-0.295,-1,350.000,-1,350.000,875.000,300.000,300.000,325.000,325.000,-1,400.000,375.000,-1,625.000,625.000,-1,1000.000,2,0,2,0,1,0,0,0,0,2,0,0,2,0,0,2,1
94,-4881.591,-5258.395,-374.715,150.930,-0.871149,-0.484753,-0.078194,0.488296,-0.872011,-0.034130,-0.051642,-0.067914,0.996354,0,0.81583,-0.15137,48.950,-0.303,-1,375.000,-1,350.000,850.000,300.000,300.000,325.000,325.000,-1,350.000,375.000,-1,625.000,625.000,-1,975.000,2,0,2,0,1,0,0,0,0,2,0,0,2,0,0,2,1
95,-4924.436,-5234.273,-377.085,150.620,-0.868790,-0.489428,-0.075267,0.492917,-0.869288,-0.037039,-0.047301,-0.069279,0.996475,0,0.81949,-0.15533,49.170,-0.311,-1,375.000,-1,350.000,850.000,300.000,300.000,325.000,325.000,-1,325.000,325.000,-1,625.000,625.000,-1,950.000,2,0,2,0,1,0,0,0,0,2,0,0,2,0,0,2,1
96,-4967.332,-5209.807,-379.380,150.301,-0.866330,-0.494210,-0.072317,0.497629,-0.866466,-0.040030,-0.042877,-0.070667,0.996578,0,0.82305,-0.15943,49.383,-0.319,-1,375.000,-1,350.000,825.000,300.000,300.000,325.000,325.000,-1,300.000,300.000,-1,625.000,625.000,-1,925.000,2,0,2,0,1,0,0,0,0,2,0,0,2,0,0,2,1
97,-5010.266,-5184.994,-381.598,149.973,-0.863764,-0.499101,-0.069348,0.502433,-0.863541,-0.043107,-0.038370,-0.072077,0.996661,0,0.82648,-0.16366,49.589,-0.327,-1,375.000,-1,375.000,800.000,300.000,300.000,300.000,325.000,-1,275.000,275.000,-1,625.000,625.000,-1,900.000,2,0,2,0,1,0,0,0,0,2,0,0,2,0,0,2,1
98,-5053.223,-5159.829,-383.702,149.637,-0.861084,-0.504110,-0.066386,0.507332,-0.860517,-0.046094,-0.033890,-0.073371,0.996729,0,0.82977,-0.16804,49.786,-0.336,-1,375.000,-1,375.000,775.000,300.000,300.000,300.000,325.000,-1,250.000,275.000,-1,625.000,625.000,-1,875.000,2,0,2,0,1,0,0,0,0,2,0,0,2,0,0,2,1
99,-5096.190,-5134.308,-385.385,149.292,-0.858240,-0.509287,-0.063650,0.512347,-0.857467,-0.047445,-0.030415,-0.073330,0.996844,0,0.83290,-0.17258,49.974,-0.345,-1,350.000,-1,375.000,725.000,300.000,300.000,325.000,325.000,-1,275.000,275.000,-1,625.000,625.000,-1,825.000,2,0,2,0,1,0,0,0,0,2,0,0,2,0,0,2,1
100,-5139.150,-5108.430,-386.924,148.938,-0.855268,-0.514593,-0.060919,0.517480,-0.854315,-0.048577,-0.027046,-0.073071,0.996960,0,0.83588,-0.17728,50.153,-0.355,-1,350.000,-1,375.000,700.000,300.000,300.000,325.000,325.000,-1,275.000,275.000,-1,625.000,625.000,-1,800.000,2,0,2,0,1,0,0,0,0,2,0,0,2,0,0,2,1
101,-5182.088,-5082.191,-388.188,148.573,-0.852211,-0.520052,-0.057295,0.522690,-0.851088,-0.049429,-0.023057,-0.072072,0.997133,0,0.83866,-0.18214,50.320,-0.364,-1,350.000,-1,375.000,675.000,300.000,300.000,325.000,325.000,-1,275.000,275.000,-1,625.000,625.000,-1,750.000,2,0,2,0,1,0,0,0,0,2,0,0,2,0,0,2,1
102,-5224.984,-5055.590,-389.222,148.199,-0.849042,-0.525660,-0.053002,0.527998,-0.847766,-0.050100,-0.018598,-0.070522,0.997337,0,0.84125,-0.18719,50.475,-0.374,-1,350.000,-1,375.000,650.000,300.000,300.000,325.000,325.000,-1,300.000,275.000,-1,625.000,625.000,-1,725.000,2,0,2,0,1,0,0,0,0,2,0,0,2,0,0,2,1
103,-5267.822,-5028.626,-390.156,147.814,-0.845720,-0.531401,-0.048692,0.533441,-0.844309,-0.050830,-0.014100,-0.068962,0.997520,0,0.84363,-0.19242,50.618,-0.385,-1,375.000,-1,375.000,600.000,300.000,300.000,325.000,325.000,-1,300.000,275.000,-1,625.000,625.000,-1,700.000,2,0,2,0,1,0,0,0,0,2,0,0,2,0,0,2,1
104,-5310.581,-5001.298,-390.987,147.418,-0.842238,-0.537277,-0.044366,0.539020,-0.840709,-0.051621,-0.009564,-0.067392,0.997681,0,0.84576,-0.19784,50.746,-0.396,-1,375.000,-1,350.000,575.000,300.000,300.000,325.000,325.000,-1,300.000,275.000,-1,650.000,625.000,-1,650.000,2,0,2,0,1,0,0,0,0,2,0,0,2,0,0,2,1
105,-5353.239,-4973.606,-391.398,147.011,-0.838548,-0.543250,-0.041428,0.544795,-0.836897,-0.052938,-0.005912,-0.066960,0.997738,0,0.84764,-0.20347,50.858,-0.407,-1,375.000,-1,350.000,550.000,300.000,300.000,325.000,325.000,-1,325.000,300.000,-1,650.000,625.000,-1,625.000,2,0,2,0,1,0,0,0,0,2,0,0,2,0,1,2,1
106,-5395.774,-4945.551,-391.593,146.593,-0.834682,-0.549351,-0.038973,0.550726,-0.832908,-0.054455,-0.002545,-0.066916,0.997755,0,0.84923,-0.20931,50.954,-0.419,-1,375.000,-1,350.000,525.000,300.000,300.000,325.000,325.000,-1,350.000,300.000,-1,625.000,600.000,-1,600.000,2,0,2,0,1,0,0,0,0,2,0,0,2,0,1,2,1
107,-5441.960,-4914.320,-391.618,145.934,-0.828442,-0.558884,-0.036494,0.560073,-0.826531,-0.056254,0.001276,-0.067043,0.997749,0,0.92923,-0.32931,55.754,-0.659,-1,375.000,-1,350.000,475.000,300.000,300.000,325.000,325.000,-1,350.000,325.000,-1,625.000,575.000,-1,550.000,2,0,2,0,1,0,0,0,0,2,0,0,2,0,1,2,1
108,-5488.200,-4881.985,-391.223,145.036,-0.819735,-0.571739,-0.033910,0.572710,-0.817608,-0.059332,0.006197,-0.068057,0.997662,0,0.94038,-0.44931,56.423,-0.899,-1,375.000,-1,350.000,450.000,300.000,300.000,325.000,325.000,-1,325.000,350.000,-1,625.000,550.000,-1,500.000,2,0,2,0,1,0,0,0,0,2,0,0,2,0,1,2,1
109,-5533.855,-4848.689,-390.570,143.897,-0.808377,-0.587849,-0.030989,0.588550,-0.806053,-0.062355,0.011677,-0.068645,0.997573,0,0.94177,-0.56931,56.506,-1.139,-1,375.000,-1,375.000,400.000,300.000,300.000,325.000,325.000,-1,325.000,325.000,-1,625.000,525.000,-1,475.000,2,0,2,0,1,0,0,0,0,2,0,0,2,0,1,2,1
110,-5578.858,-4814.374,-389.733,142.675,-0.795815,-0.604886,-0.028145,0.605295,-0.793310,-0.065407,0.017236,-0.069088,0.997462,0,0.94322,-0.61095,56.593,-1.222,-1,375.000,-1,375.000,375.000,300.000,300.000,325.000,325.000,-1,300.000,300.000,-1,625.000,475.000,-1,425.000,2,0,2,1,1,0,0,0,0,2,0,0,2,0,1,2,1
111,-5623.173,-4779.049,-388.708,141.441,-0.782749,-0.621820,-0.025389,0.621921,-0.780080,-0.068482,0.022778,-0.069395,0.997329,0,0.94450,-0.61712,56.670,-1.234,-1,375.000,-1,350.000,350.000,300.000,300.000,300.000,325.000,-1,300.000,300.000,-1,625.000,450.000,-1,375.000,2,0,2,1,1,0,0,0,0,2,0,0,2,0,1,2,1
112,-5666.751,-4742.731,-387.360,140.194,-0.769148,-0.638666,-0.022714,0.638462,-0.766381,-0.070893,0.027870,-0.069029,0.997225,0,0.94546,-0.62354,56.728,-1.247,-1,375.000,-1,325.000,300.000,300.000,300.000,300.000,325.000,-1,300.000,300.000,-1,625.000,425.000,-1,325.000,2,0,2,1,1,0,0,0,0,2,0,0,2,0,1,2,1
113,-5709.547,-4705.439,-385.581,138.933,-0.754985,-0.655436,-0.020054,0.654953,-0.752223,-0.072088,0.032164,-0.067560,0.997197,0,0.94606,-0.63021,56.763,-1.260,-1,375.000,-1,300.000,250.000,300.000,300.000,300.000,325.000,-1,325.000,300.000,-1,625.000,400.000,-1,300.000,2,0,2,1,1,0,1,0,0,2,0,0,2,0,1,2,1
114,-5751.512,-4667.196,-383.619,137.659,-0.740280,-0.672073,-0.017414,0.671310,-0.737539,-0.073343,0.036448,-0.065984,0.997155,0,0.94626,-0.63715,56.776,-1.274,-1,375.000,-1,275.000,225.000,300.000,275.000,325.000,300.000,-1,325.000,325.000,-1,625.000,375.000,-1,250.000,2,0,2,1,1,0,1,0,1,2,0,0,2,0,1,2,1
115,-5792.603,-4628.034,-377.931,136.370,-0.725601,-0.687923,-0.016258,0.686215,-0.721641,-0.091343,0.051104,-0.077435,0.995687,0,0.94603,-0.64437,56.762,-1.289,-1,375.000,-1,275.000,225.000,325.000,275.000,300.000,325.000,-1,275.000,275.000,-1,650.000,350.000,-1,225.000,2,0,2,1,1,1,1,0,1,2,0,0,2,1,1,2,1
116,-5832.765,-4587.976,-371.496,135.067,-0.710594,-0.703435,-0.015375,0.700372,-0.705070,-0.111154,0.067349,-0.089754,0.993684,0,0.94534,-0.65188,56.720,-1.304,-1,400.000,-1,275.000,225.000,325.000,275.000,300.000,325.000,-1,225.000,250.000,-1,675.000,350.000,-1,225.000,2,1,2,1,1,1,1,0,1,2,0,0,2,1,1,2,1
117,-5871.945,-4547.056,-364.725,133.747,-0.695222,-0.718638,-0.015015,0.713879,-0.687878,-0.131151,0.083922,-0.101898,0.991249,0,0.94414,-0.65969,56.649,-1.319,-1,400.000,-1,275.000,225.000,300.000,250.000,275.000,325.000,950.000,175.000,225.000,-1,800.000,350.000,-1,225.000,2,1,2,1,1,1,1,0,1,0,0,0,2,1,1,2,1
118,-5910.092,-4505.311,-357.744,132.412,-0.679530,-0.733477,-0.015828,0.726746,-0.670028,-0.151334,0.100394,-0.114339,0.988356,0,0.94241,-0.66780,56.545,-1.336,-1,400.000,-1,250.000,200.000,300.000,250.000,275.000,325.000,775.000,125.000,225.000,-1,900.000,350.000,-1,225.000,2,1,2,1,1,1,1,0,1,0,0,0,2,0,1,2,1
119,-5949.695,-4460.230,-350.049,131.289,-0.666573,-0.745237,-0.017389,0.736182,-0.654451,-0.172424,0.117117,-0.127734,0.984869,0,1.00000,-0.56133,60.000,-1.123,-1,400.000,-1,250.000,200.000,300.000,250.000,275.000,300.000,600.000,75.000,200.000,-1,1000.000,350.000,-1,225.000,2,1,2,1,1,1,1,0,1,0,0,0,2,0,1,2,1
120,-5988.405,-4414.378,-342.000,130.159,-0.653635,-0.756529,-0.020626,0.744984,-0.638382,-0.193566,0.133271,-0.141887,0.980870,0,1.00000,-0.56511,60.000,-1.130,-1,425.000,-1,250.000,200.000,300.000,250.000,250.000,300.000,500.000,50.000,175.000,-1,-1,350.000,-1,225.000,2,1,2,1,1,1,1,0,1,0,0,0,2,2,1,2,1
121,-5575.347,-7543.235,-420.929,-101.065,-0.192061,0.975273,0.109338,-0.981382,-0.190730,-0.022609,-0.001196,-0.111644,0.993748,1,0.00000,0.00000,60.000,-1.139,-1,425.000,-1,600.000,-1,400.000,425.000,225.000,125.000,550.000,-1,-1,-1,800.000,-1,-1,-1,2,0,2,0,2,0,0,0,1,0,2,2,2,0,2,2,2
122,981.688,-1644.093,-134.354,-118.199,-0.474484,0.877074,0.074875,-0.879938,-0.470273,-0.067472,-0.023966,-0.097900,0.994908,1,0.08000,-0.12000,4.800,-0.240,-1,400.000,-1,425.000,-1,325.000,350.000,275.000,300.000,-1,-1,-1,-1,775.000,-1,-1,-1,2,0,2,0,2,0,0,0,0,2,2,2,2,0,2,2,2
123,977.080,-1652.515,-134.630,-118.679,-0.481799,0.873097,0.074647,-0.875969,-0.477600,-0.067650,-0.023413,-0.097982,0.994913,0,0.16000,-0.24000,9.600,-0.480,-1,400.000,-1,425.000,-1,325.000,350.000,275.000,300.000,-1,-1,-1,-1,775.000,-1,-1,-1,2,0,2,0,2,0,0,0,0,2,2,2,2,0,2,2,2
124,970.019,-1665.066,-135.033,-119.363,-0.492158,0.867329,0.074304,-0.870211,-0.487973,-0.067933,-0.022662,-0.098094,0.994919,0,0.24000,-0.34166,14.400,-0.683,-1,400.000,-1,425.000,-1,325.000,350.000,275.000,300.000,-1,-1,-1,-1,775.000,-1,-1,-1,2,0,2,0,2,0,0,0,0,2,2,2,2,0,2,2,2
125,960.405,-1681.687,-135.554,-120.046,-0.502458,0.861445,0.073820,-0.864320,-0.498280,-0.068321,-0.022071,-0.098132,0.994929,0,0.32000,-0.34166,19.200,-0.683,-1,400.000,-1,425.000,-1,325.000,350.000,275.000,300.000,-1,-1,-1,-1,775.000,-1,-1,-1,2,0,2,0,2,0,0,0,0,2,2,2,2,0,2,2,2
126,948.141,-1702.317,-136.194,-120.729,-0.512699,0.855442,0.073195,-0.858295,-0.508519,-0.068831,-0.021660,-0.098113,0.994940,0,0.40000,-0.34166,24.000,-0.683,-1,400.000,-1,425.000,-1,325.000,350.000,275.000,300.000,-1,-1,-1,-1,800.000,-1,-1,-1,2,0,2,0,2,0,0,0,0,2,2,2,2,0,2,2,2
127,933.130,-1726.897,-136.954,-121.413,-0.522882,0.849322,0.072428,-0.852135,-0.518688,-0.069486,-0.021449,-0.098051,0.994950,0,0.48000,-0.34166,28.800,-0.683,-1,400.000,-1,425.000,-1,325.000,350.000,275.000,300.000,-1,-1,-1,-1,800.000,-1,-1,-1,2,0,2,0,2,0,0,0,0,2,2,2,2,0,2,2,2
