timestep,x_cm,y_cm,z_cm,yaw_deg,basis_xx,basis_xy,basis_xz,basis_yx,basis_yy,basis_yz,basis_zx,basis_zy,basis_zz,teleport_flag,throttle_cmd,steering_cmd,cmd_move_cm,cmd_turn_deg,lidar_cm_0,lidar_cm_1,lidar_cm_2,lidar_cm_3,lidar_cm_4,lidar_cm_5,lidar_cm_6,lidar_cm_7,lidar_cm_8,lidar_cm_9,lidar_cm_10,lidar_cm_11,lidar_cm_12,lidar_cm_13,lidar_cm_14,lidar_cm_15,lidar_cm_16,lidar_class_0,lidar_class_1,lidar_class_2,lidar_class_3,lidar_class_4,lidar_class_5,lidar_class_6,lidar_class_7,lidar_class_8,lidar_class_9,lidar_class_10,lidar_class_11,lidar_class_12,lidar_class_13,lidar_class_14,lidar_class_15,lidar_class_16
0,5579.991,-6885.812,145.610,17.866,0.951776,-0.306705,0.007326,0.306792,0.951512,-0.022448,-0.000086,0.023613,0.999721,1,0.08000,0.12000,4.800,0.240,-1,400.000,-1,375.000,500.000,325.000,325.000,275.000,275.000,-1,-1,-1,-1,700.000,475.000,-1,500.000,2,0,2,1,1,0,0,0,0,2,2,2,2,1,1,2,1
1,5589.103,-6882.791,145.595,18.346,0.949174,-0.314664,0.007451,0.314752,0.948905,-0.022601,0.000042,0.023798,0.999717,0,0.16000,0.24000,9.600,0.480,-1,400.000,-1,375.000,475.000,325.000,325.000,275.000,275.000,-1,-1,-1,-1,700.000,475.000,-1,475.000,2,0,2,1,1,0,0,0,0,2,2,2,2,1,1,2,1
2,5602.713,-6878.087,145.574,19.066,0.945145,-0.326561,0.007651,0.326650,0.944869,-0.022843,0.000230,0.024089,0.999710,0,0.24000,0.36000,14.400,0.720,-1,400.000,-1,375.000,475.000,325.000,325.000,275.000,275.000,-1,-1,-1,-1,725.000,475.000,-1,475.000,2,0,2,1,1,0,0,0,0,2,2,2,2,1,1,2,1
3,5620.752,-6871.512,145.550,20.026,0.939542,-0.342342,0.007942,0.342434,0.939256,-0.023184,0.000477,0.024502,0.999700,0,0.32000,0.48000,19.200,0.960,-1,375.000,-1,350.000,450.000,325.000,325.000,300.000,275.000,-1,-1,-1,-1,725.000,475.000,-1,450.000,2,0,2,1,1,0,0,0,0,2,2,2,2,0,1,2,1
4,5643.124,-6862.822,145.527,21.226,0.932167,-0.361933,0.008347,0.362028,0.931867,-0.023640,0.000778,0.025058,0.999686,0,0.40000,0.60000,24.000,1.200,-1,375.000,-1,350.000,425.000,325.000,325.000,300.000,275.000,-1,-1,-1,-1,725.000,450.000,-1,425.000,2,0,2,1,1,0,1,0,0,2,2,2,2,0,1,2,1
5,5669.699,-6851.724,145.507,22.666,0.922778,-0.385229,0.008893,0.385330,0.922461,-0.024226,0.001129,0.025782,0.999667,0,0.48000,0.72000,28.800,1.440,-1,375.000,-1,325.000,400.000,325.000,300.000,300.000,275.000,-1,-1,-1,-1,725.000,450.000,-1,400.000,2,0,2,1,1,0,1,0,0,2,2,2,2,0,1,2,1
6,5700.311,-6837.872,145.493,24.346,0.911089,-0.412098,0.009617,0.412207,0.910748,-0.024959,0.001526,0.026704,0.999642,0,0.56000,0.84000,33.600,1.680,-1,375.000,-1,325.000,350.000,325.000,300.000,300.000,275.000,-1,-1,-1,-1,725.000,425.000,-1,375.000,2,0,2,1,1,1,1,0,0,2,2,2,2,0,1,2,1
7,5734.819,-6821.028,145.498,26.018,0.898677,-0.438484,0.010534,0.438606,0.898307,-0.025858,0.001875,0.027859,0.999610,0,0.64000,0.83606,38.400,1.672,-1,375.000,-1,300.000,325.000,325.000,300.000,300.000,275.000,-1,-1,-1,-1,725.000,425.000,-1,325.000,2,1,2,1,1,1,1,0,0,2,2,2,2,0,1,2,1
8,5773.087,-6800.982,145.745,27.647,0.885861,-0.463828,0.010635,0.463941,0.885468,-0.026544,0.002895,0.028449,0.999591,0,0.72000,0.81427,43.200,1.629,-1,375.000,-1,300.000,275.000,300.000,275.000,300.000,275.000,-1,-1,-1,-1,725.000,400.000,-1,300.000,2,1,2,1,1,1,1,0,0,2,2,2,2,0,1,2,1
9,5814.976,-6777.546,146.169,29.226,0.872756,-0.488050,0.010207,0.488137,0.872343,-0.027212,0.004377,0.028732,0.999578,0,0.80000,0.78957,48.000,1.579,-1,375.000,-1,300.000,250.000,300.000,275.000,300.000,275.000,-1,-1,-1,-1,725.000,400.000,-1,250.000,2,1,2,1,1,1,1,0,0,2,2,2,2,0,1,2,1
10,5860.355,-6750.553,149.349,30.749,0.859470,-0.511181,-0.002211,0.510995,0.859261,-0.023551,0.013939,0.019112,0.999720,0,0.88000,0.76151,52.800,1.523,-1,400.000,-1,300.000,225.000,300.000,275.000,275.000,300.000,-1,950.000,875.000,-1,750.000,425.000,-1,250.000,2,0,2,1,1,1,1,0,0,2,0,0,2,0,1,2,1
11,5909.093,-6719.854,153.397,32.208,0.845926,-0.532981,-0.018442,0.532667,0.846101,-0.019450,0.025970,0.006630,0.999641,0,0.96000,0.72958,57.600,1.459,-1,425.000,-1,325.000,250.000,325.000,300.000,275.000,350.000,-1,525.000,500.000,-1,825.000,500.000,-1,300.000,2,0,2,1,1,1,1,0,1,2,0,0,2,0,1,2,1
12,5959.073,-6686.656,156.924,33.594,0.832352,-0.553305,-0.032317,0.553054,0.832971,-0.017069,0.036363,-0.003666,0.999332,0,1.00000,0.69320,60.000,1.386,-1,450.000,-1,350.000,250.000,375.000,325.000,275.000,325.000,-1,375.000,400.000,-1,875.000,625.000,-1,350.000,2,0,2,1,1,1,1,0,1,2,0,0,2,0,1,2,1
13,6008.283,-6652.326,159.763,34.900,0.819044,-0.572114,-0.043052,0.571992,0.820097,-0.016312,0.044639,-0.011265,0.998940,0,1.00000,0.65300,60.000,1.306,-1,450.000,-1,375.000,275.000,400.000,350.000,275.000,300.000,-1,325.000,350.000,-1,925.000,-1,-1,-1,2,0,2,1,1,0,1,0,1,2,0,0,2,0,2,2,2
14,6056.750,-6616.957,161.954,36.120,0.806248,-0.589409,-0.050610,0.589383,0.807674,-0.017027,0.050912,-0.016101,0.998573,0,1.00000,0.61010,60.000,1.220,-1,475.000,-1,425.000,300.000,400.000,400.000,275.000,275.000,975.000,275.000,325.000,-1,950.000,-1,-1,-1,2,0,2,1,1,0,1,0,1,0,0,0,2,0,2,2,2
15,6104.511,-6580.639,163.500,37.250,0.794178,-0.605190,-0.055020,0.605171,0.795871,-0.018904,0.055230,-0.018283,0.998306,0,1.00000,0.56464,60.000,1.129,-1,475.000,-1,475.000,375.000,400.000,425.000,275.000,225.000,925.000,250.000,325.000,-1,975.000,-1,-1,-1,2,0,2,1,1,0,0,0,1,0,0,0,2,0,2,2,2
16,6150.726,-6544.161,164.392,38.284,0.783011,-0.619454,-0.056300,0.619337,0.784828,-0.021622,0.057579,-0.017939,0.998180,0,0.98127,0.51690,58.876,1.034,-1,475.000,-1,575.000,-1,400.000,425.000,275.000,200.000,900.000,225.000,300.000,-1,1000.000,-1,-1,-1,2,0,2,0,2,0,0,0,1,0,0,0,2,0,2,2,2
17,6195.169,-6507.890,164.689,39.220,0.772856,-0.632222,-0.054676,0.631912,0.774637,-0.024989,0.058153,-0.015238,0.998191,0,0.95608,0.46805,57.365,0.936,-1,475.000,-1,575.000,-1,400.000,425.000,275.000,175.000,925.000,200.000,325.000,-1,1000.000,-1,-1,-1,2,0,2,0,2,0,0,0,1,0,0,0,2,0,2,2,2
18,6237.759,-6472.079,164.697,40.058,0.763765,-0.643518,-0.050473,0.643030,0.765346,-0.027521,0.056340,-0.011436,0.998346,0,0.92741,0.41905,55.645,0.838,-1,475.000,-1,575.000,-1,400.000,425.000,275.000,175.000,1000.000,200.000,325.000,-1,1000.000,-1,-1,-1,2,0,2,0,2,0,0,0,1,0,0,0,2,0,2,2,2
19,327.969,4919.471,-9.783,-170.594,-0.985971,0.163101,-0.035484,-0.164970,-0.984570,0.058361,-0.025417,0.063396,0.997665,1,0.00000,0.00000,53.766,0.787,-1,375.000,-1,375.000,-1,300.000,300.000,300.000,300.000,-1,750.000,650.000,-1,675.000,650.000,-1,-1,2,0,2,0,2,0,0,0,0,2,0,0,2,0,0,2,2
20,332.707,4920.235,-9.653,-170.834,-0.986636,0.158977,-0.035709,-0.160864,-0.985253,0.058310,-0.025913,0.063275,0.997660,0,-0.08000,-0.12000,-4.800,-0.240,-1,375.000,-1,375.000,-1,300.000,300.000,300.000,300.000,-1,750.000,650.000,-1,675.000,650.000,-1,-1,2,0,2,0,2,0,0,0,0,2,0,0,2,0,0,2,2
21,342.197,4921.685,-9.388,-171.314,-0.987915,0.150720,-0.036163,-0.152645,-0.986565,0.058215,-0.026903,0.063031,0.997649,0,-0.16000,-0.24000,-9.600,-0.480,-1,375.000,-1,375.000,-1,300.000,300.000,300.000,300.000,-1,775.000,675.000,-1,675.000,650.000,-1,-1,2,0,2,0,2,0,0,0,0,2,0,0,2,0,0,2,2
22,356.458,4923.682,-8.981,-172.034,-0.989703,0.138314,-0.036845,-0.140295,-0.988404,0.058091,-0.028383,0.062662,0.997631,0,-0.24000,-0.36000,-14.400,-0.720,-1,375.000,-1,375.000,-1,300.000,300.000,300.000,300.000,-1,825.000,700.000,-1,675.000,650.000,-1,-1,2,0,2,0,2,0,0,0,0,2,0,0,2,0,0,2,2
23,375.514,4926.024,-8.419,-172.994,-0.991844,0.121738,-0.037760,-0.123794,-0.990614,0.057960,-0.030349,0.062162,0.997605,0,-0.32000,-0.48000,-19.200,-0.960,-1,375.000,-1,375.000,-1,300.000,300.000,300.000,300.000,-1,875.000,750.000,-1,675.000,650.000,-1,-1,2,0,2,0,2,0,0,0,0,2,0,0,2,0,0,2,2
24,399.390,4928.453,-7.687,-174.194,-0.994128,0.100970,-0.038908,-0.103118,-0.992985,0.057854,-0.032793,0.061527,0.997567,0,-0.40000,-0.60000,-24.000,-1.200,-1,375.000,-1,375.000,-1,300.000,300.000,300.000,325.000,-1,-1,800.000,-1,675.000,650.000,-1,-1,2,0,2,0,2,0,0,0,0,2,2,0,2,0,0,2,2
25,424.797,4930.393,-6.873,-175.634,-0.996301,0.075987,-0.040133,-0.078238,-0.995255,0.057840,-0.035548,0.060766,0.997519,0,-0.42470,-0.72000,-25.482,-1.440,-1,375.000,-1,375.000,-1,300.000,300.000,300.000,325.000,-1,-1,900.000,-1,675.000,650.000,-1,-1,2,0,2,0,2,0,0,0,0,2,2,0,2,0,0,2,2
26,450.082,4931.581,-6.024,-177.314,-0.998049,0.046779,-0.041351,-0.049136,-0.997109,0.057958,-0.038520,0.059877,0.997462,0,-0.42189,-0.84000,-25.314,-1.680,-1,375.000,-1,375.000,-1,300.000,300.000,300.000,300.000,-1,-1,-1,-1,675.000,650.000,-1,-1,2,0,2,0,2,0,0,0,0,2,2,2,2,0,0,2,2
27,475.220,4931.918,-5.138,-179.234,-0.999005,0.013346,-0.042546,-0.015815,-0.998178,0.058230,-0.041691,0.058845,0.997396,0,-0.41902,-0.96000,-25.141,-1.920,-1,375.000,-1,375.000,-1,300.000,300.000,300.000,300.000,-1,-1,-1,-1,650.000,650.000,-1,-1,2,0,2,0,2,0,0,0,0,2,2,2,2,0,0,2,2
28,500.183,4931.382,-4.218,-181.234,-0.998813,-0.021499,-0.043701,0.018918,-0.998100,0.058637,-0.044879,0.057740,0.997322,0,-0.41615,-1.00000,-24.969,-2.000,-1,375.000,-1,375.000,975.000,300.000,300.000,300.000,300.000,-1,-1,-1,-1,650.000,675.000,-1,-1,2,0,2,0,1,0,0,0,0,2,2,2,2,0,0,2,2
29,524.955,4929.983,-3.265,-183.234,-0.997407,-0.056323,-0.044807,0.053631,-0.996807,0.059163,-0.047996,0.056607,0.997242,0,-0.41354,-1.00000,-24.812,-2.000,-1,375.000,-1,375.000,950.000,300.000,300.000,300.000,300.000,-1,-1,-1,-1,650.000,675.000,-1,-1,2,0,2,0,1,0,0,0,0,2,2,2,2,0,0,2,2
30,549.528,4927.733,-2.282,-185.234,-0.994787,-0.091082,-0.045853,0.088281,-0.994299,0.059808,-0.051039,0.055448,0.997156,0,-0.41129,-1.00000,-24.677,-2.000,-1,375.000,-1,375.000,900.000,300.000,300.000,300.000,300.000,-1,-1,-1,-1,650.000,675.000,-1,-1,2,0,2,0,1,0,0,0,0,2,2,2,2,0,0,2,2
31,573.898,4924.641,-1.269,-187.234,-0.990958,-0.125736,-0.046830,0.122825,-0.990578,0.060567,-0.054005,0.054267,0.997065,0,-0.40942,-1.00000,-24.565,-2.000,-1,375.000,-1,375.000,875.000,300.000,300.000,300.000,300.000,-1,-1,-1,-1,650.000,675.000,-1,-1,2,0,2,0,1,0,0,0,0,2,2,2,2,0,0,2,2
32,598.055,4920.715,-0.228,-189.234,-0.985923,-0.160240,-0.047731,0.157221,-0.985650,0.061438,-0.056891,0.053069,0.996969,0,-0.40793,-1.00000,-24.476,-2.000,-1,375.000,-1,375.000,850.000,300.000,300.000,300.000,300.000,-1,-1,-1,-1,650.000,675.000,-1,-1,2,0,2,0,1,0,0,0,0,2,2,2,2,0,0,2,2
33,621.996,4915.961,1.028,-191.234,-0.979709,-0.194561,-0.048137,0.191502,-0.979556,0.061625,-0.059143,0.051156,0.996938,0,-0.40680,-1.00000,-24.408,-2.000,-1,375.000,-1,375.000,850.000,300.000,300.000,300.000,300.000,-1,-1,-1,-1,650.000,675.000,-1,-1,2,0,2,0,1,0,0,0,0,2,2,2,2,0,0,2,2
34,645.711,4910.386,2.435,-193.234,-0.972302,-0.228655,-0.048429,0.225594,-0.972285,0.061393,-0.061124,0.048767,0.996938,0,-0.40605,-1.00000,-24.363,-2.000,-1,375.000,-1,375.000,850.000,300.000,300.000,300.000,300.000,-1,-1,-1,-1,675.000,675.000,-1,-1,2,0,2,0,1,0,0,0,0,2,2,2,2,0,0,2,2
35,669.195,4903.992,3.871,-195.234,-0.963707,-0.262479,-0.048717,0.259415,-0.963823,0.061220,-0.063023,0.046361,0.996935,0,-0.40565,-1.00000,-24.339,-2.000,-1,375.000,-1,375.000,875.000,300.000,300.000,300.000,300.000,-1,-1,-1,-1,675.000,675.000,-1,1000.000,2,0,2,0,1,0,0,0,0,2,2,2,2,0,0,2,1
36,692.438,4896.783,5.333,-197.234,-0.953934,-0.295988,-0.048995,0.292926,-0.954180,0.061109,-0.064838,0.043942,0.996928,0,-0.40559,-1.00000,-24.336,-2.000,-1,375.000,-1,375.000,875.000,300.000,300.000,300.000,300.000,-1,-1,-1,-1,675.000,675.000,-1,975.000,2,0,2,0,1,0,0,0,0,2,2,2,2,0,0,2,1
37,715.431,4888.762,6.820,-199.234,-0.942995,-0.329142,-0.049259,0.326083,-0.943367,0.061060,-0.066566,0.041517,0.996918,0,-0.40588,-1.00000,-24.353,-2.000,-1,375.000,-1,375.000,900.000,300.000,300.000,300.000,300.000,-1,-1,-1,-1,675.000,675.000,-1,975.000,2,0,2,0,1,0,0,0,0,2,2,2,2,0,0,2,1
38,738.165,4879.933,8.398,-201.228,-0.930959,-0.361794,-0.049203,0.358739,-0.931426,0.061248,-0.067988,0.039369,0.996909,0,-0.40649,-0.99686,-24.389,-1.994,-1,375.000,-1,375.000,925.000,300.000,300.000,300.000,300.000,-1,-1,-1,-1,675.000,700.000,-1,975.000,2,0,2,0,1,0,0,0,0,2,2,2,2,0,0,2,1
39,760.631,4870.299,10.059,-203.213,-0.917867,-0.393872,-0.048836,0.390822,-0.918401,0.061627,-0.069124,0.037479,0.996904,0,-0.40741,-0.99260,-24.445,-1.985,-1,375.000,-1,375.000,975.000,325.000,325.000,300.000,300.000,-1,-1,-1,-1,675.000,700.000,-1,975.000,2,0,2,0,1,0,0,0,0,2,2,2,2,0,0,2,1
40,782.817,4859.864,11.743,-205.190,-0.903732,-0.425352,-0.048411,0.422309,-0.904327,0.062031,-0.070165,0.035615,0.996899,0,-0.40863,-0.98859,-24.518,-1.977,-1,375.000,-1,375.000,-1,325.000,325.000,300.000,300.000,-1,-1,-1,-1,675.000,700.000,-1,1000.000,2,0,2,0,2,0,0,0,0,2,2,2,2,0,0,2,1
41,804.712,4848.632,13.450,-207.160,-0.888580,-0.456212,-0.047927,0.453176,-0.889230,0.062460,-0.071113,0.033781,0.996896,0,-0.41013,-0.98482,-24.608,-1.970,-1,375.000,-1,375.000,-1,325.000,325.000,300.000,300.000,-1,-1,-1,-1,675.000,700.000,-1,1000.000,2,0,2,0,2,0,0,0,0,2,2,2,2,0,0,2,1
42,822.055,4839.064,15.015,-208.889,-0.874355,-0.482880,-0.048276,0.479854,-0.875121,0.062475,-0.072416,0.031460,0.996878,0,-0.33013,-0.86482,-19.808,-1.730,-1,375.000,-1,375.000,-1,325.000,325.000,300.000,300.000,-1,-1,-1,-1,700.000,700.000,-1,-1,2,0,2,0,2,0,0,0,0,2,2,2,2,0,1,2,2
43,835.002,4831.475,16.223,-210.379,-0.861458,-0.505498,-0.048596,0.502483,-0.862326,0.062481,-0.073490,0.029406,0.996862,0,-0.25013,-0.74482,-15.008,-1.490,-1,375.000,-1,375.000,-1,325.000,325.000,300.000,300.000,-1,-1,-1,-1,700.000,700.000,-1,-1,2,0,2,0,2,0,0,0,0,2,2,2,2,0,1,2,2
44,843.694,4826.122,17.056,-211.629,-0.850187,-0.524210,-0.048843,0.521209,-0.851140,0.062473,-0.074322,0.027656,0.996851,0,-0.17013,-0.62482,-10.208,-1.250,-1,375.000,-1,375.000,-1,325.000,325.000,300.000,300.000,-1,-1,-1,-1,700.000,700.000,-1,-1,2,0,2,0,2,0,0,0,0,2,2,2,2,0,1,2,2
45,848.242,4823.198,17.512,-212.745,-0.839774,-0.540717,-0.049034,0.537734,-0.840801,0.062420,-0.074979,0.026052,0.996845,0,-0.09013,-0.55820,-5.408,-1.116,-1,375.000,-1,375.000,-1,325.000,325.000,300.000,300.000,-1,-1,-1,-1,700.000,700.000,-1,-1,2,0,2,0,2,0,0,0,0,2,2,2,2,0,1,2,2
46,848.747,4822.859,17.589,-213.859,-0.829065,-0.556985,-0.049185,0.554028,-0.830164,0.062294,-0.075529,0.024396,0.996845,0,-0.01013,-0.55699,-0.608,-1.114,-1,375.000,-1,375.000,-1,325.000,325.000,300.000,300.000,-1,-1,-1,-1,700.000,700.000,-1,-1,2,0,2,0,2,0,0,0,0,2,2,2,2,0,1,2,2
47,845.312,4825.263,17.284,-214.971,-0.818061,-0.573015,-0.049301,0.570093,-0.819231,0.062088,-0.075967,0.022686,0.996852,0,0.06987,-0.55603,4.192,-1.112,-1,375.000,-1,375.000,-1,325.000,325.000,300.000,300.000,-1,-1,-1,-1,700.000,700.000,-1,-1,2,0,2,0,2,0,0,0,0,2,2,2,2,0,1,2,2
48,838.045,4830.559,16.593,-216.082,-0.806763,-0.588807,-0.049385,0.585929,-0.808003,0.061797,-0.076290,0.020919,0.996866,0,0.14987,-0.55526,8.992,-1.111,-1,375.000,-1,375.000,-1,325.000,325.000,300.000,300.000,-1,-1,-1,-1,700.000,700.000,-1,-1,2,0,2,0,2,0,0,0,0,2,2,2,2,0,1,2,2
49,827.057,4838.896,15.513,-217.191,-0.795174,-0.604362,-0.049438,0.601537,-0.796481,0.061417,-0.076495,0.019098,0.996887,0,0.22987,-0.55466,13.792,-1.109,-1,375.000,-1,375.000,-1,325.000,325.000,300.000,300.000,-1,-1,-1,-1,675.000,700.000,-1,-1,2,0,2,0,2,0,0,0,0,2,2,2,2,0,1,2,2
50,812.467,4850.419,14.041,-218.299,-0.783297,-0.619677,-0.049463,0.616913,-0.784668,0.060948,-0.076580,0.017226,0.996915,0,0.30987,-0.55419,18.592,-1.108,-1,375.000,-1,375.000,-1,325.000,325.000,300.000,300.000,-1,-1,-1,-1,675.000,700.000,-1,-1,2,0,2,0,2,0,0,0,0,2,2,2,2,0,1,2,2
51,794.393,4865.269,12.175,-219.407,-0.771134,-0.634749,-0.049458,0.632055,-0.772567,0.060392,-0.076544,0.015310,0.996949,0,0.38987,-0.55381,23.392,-1.108,-1,375.000,-1,375.000,-1,325.000,325.000,300.000,300.000,-1,-1,-1,-1,675.000,700.000,-1,-1,2,0,2,0,2,0,0,0,0,2,2,2,2,0,1,2,2
52,772.960,4883.584,9.912,-220.514,-0.758690,-0.649574,-0.049425,0.646958,-0.760181,0.059755,-0.076387,0.013360,0.996989,0,0.46987,-0.55349,28.192,-1.107,-1,375.000,-1,375.000,-1,325.000,325.000,300.000,300.000,-1,-1,-1,-1,675.000,700.000,-1,-1,2,0,2,0,2,0,0,0,0,2,2,2,2,0,1,2,2
53,748.296,4905.497,7.266,-221.620,-0.745975,-0.664147,-0.049288,0.661616,-0.747514,0.059055,-0.076064,0.011444,0.997037,0,0.54987,-0.55321,32.992,-1.106,-1,375.000,-1,375.000,-1,325.000,325.000,300.000,300.000,-1,900.000,-1,-1,675.000,700.000,-1,-1,2,0,2,0,2,0,0,0,0,2,0,2,2,0,1,2,2
54,720.534,4931.139,4.523,-222.726,-0.733101,-0.678455,-0.047547,0.676012,-0.734563,0.058527,-0.074635,0.010764,0.997153,0,0.62987,-0.55292,37.792,-1.106,-1,375.000,-1,400.000,-1,325.000,325.000,300.000,300.000,-1,775.000,850.000,-1,675.000,675.000,-1,-1,2,0,2,0,2,0,0,0,0,2,0,0,2,0,1,2,2
55,689.809,4960.635,1.404,-223.831,-0.719972,-0.692501,-0.045634,0.690152,-0.721344,0.057897,-0.073012,0.010190,0.997279,0,0.70987,-0.55260,42.592,-1.105,-1,375.000,-1,400.000,-1,325.000,325.000,300.000,300.000,-1,675.000,725.000,-1,700.000,675.000,-1,-1,2,0,2,0,2,0,0,0,0,2,0,0,2,0,1,2,2
56,656.260,4994.109,-1.899,-224.936,-0.706530,-0.706284,-0.044467,0.704033,-0.707871,0.057063,-0.071779,0.009010,0.997380,0,0.78987,-0.55221,47.392,-1.104,-1,375.000,-1,400.000,-1,325.000,325.000,300.000,300.000,-1,625.000,675.000,-1,700.000,675.000,-1,-1,2,0,2,1,2,0,0,0,0,2,0,0,2,0,1,2,2
57,620.030,5031.678,-5.519,-226.039,-0.692827,-0.719793,-0.043466,0.717642,-0.694146,0.056140,-0.070580,0.007702,0.997476,0,0.86987,-0.55171,52.192,-1.103,-1,375.000,-1,400.000,-1,325.000,325.000,300.000,300.000,-1,600.000,650.000,-1,700.000,650.000,-1,-1,2,0,2,1,2,0,0,0,0,2,0,0,2,0,1,2,2
58,582.206,5072.440,-9.390,-227.141,-0.678878,-0.733019,-0.042532,0.730966,-0.680179,0.055183,-0.069380,0.006373,0.997570,0,0.92679,-0.55108,55.608,-1.102,-1,375.000,-1,400.000,-1,325.000,325.000,300.000,300.000,-1,600.000,625.000,-1,700.000,650.000,-1,-1,2,0,2,1,2,0,1,0,0,2,0,0,2,0,1,2,2
59,544.877,5114.251,-13.274,-228.242,-0.664681,-0.745953,-0.041867,0.743995,-0.665981,0.054237,-0.068341,0.004902,0.997650,0,0.93418,-0.55024,56.051,-1.100,-1,375.000,-1,375.000,-1,325.000,325.000,300.000,300.000,-1,600.000,625.000,-1,675.000,625.000,-1,1000.000,2,0,2,1,2,0,1,0,0,2,0,0,2,1,1,2,1
60,508.065,5157.109,-17.214,-229.340,-0.650266,-0.758585,-0.041258,0.756716,-0.651565,0.053326,-0.067335,0.003455,0.997724,0,0.94162,-0.54912,56.497,-1.098,-1,375.000,975.000,375.000,-1,325.000,300.000,300.000,300.000,-1,600.000,625.000,-1,625.000,600.000,950.000,1000.000,2,0,1,1,2,1,1,0,0,2,0,0,2,1,1,1,1
61,471.793,5201.010,-21.192,-230.435,-0.635646,-0.770906,-0.040719,0.769127,-0.636946,0.052370,-0.066308,0.001971,0.997797,0,0.94913,-0.54770,56.948,-1.095,-1,375.000,925.000,375.000,-1,300.000,300.000,300.000,300.000,-1,600.000,625.000,-1,600.000,600.000,850.000,975.000,2,1,1,1,2,1,1,0,0,2,0,0,2,1,1,1,1
62,436.081,5245.949,-25.216,-231.527,-0.620839,-0.782905,-0.040239,0.781215,-0.622141,0.051419,-0.065291,0.000488,0.997866,0,0.95667,-0.54595,57.400,-1.092,1000.000,375.000,875.000,350.000,-1,300.000,300.000,300.000,300.000,-1,600.000,625.000,-1,550.000,575.000,775.000,975.000,1,1,1,1,2,1,1,0,0,2,0,0,2,1,1,1,1
63,400.953,5291.919,-29.292,-232.615,-0.605862,-0.794573,-0.039810,0.792967,-0.607168,0.050507,-0.064302,-0.000968,0.997930,0,0.96426,-0.54384,57.855,-1.088,900.000,350.000,825.000,350.000,-1,275.000,275.000,300.000,300.000,-1,600.000,625.000,-1,500.000,550.000,675.000,950.000,1,1,1,1,2,1,1,0,0,2,0,0,2,1,1,1,1
64,366.430,5338.913,-33.411,-233.698,-0.590735,-0.805902,-0.039416,0.804374,-0.592044,0.049668,-0.063363,-0.002365,0.997988,0,0.97186,-0.54135,58.312,-1.083,775.000,325.000,775.000,325.000,-1,275.000,275.000,300.000,300.000,-1,625.000,650.000,-1,475.000,525.000,600.000,925.000,1,1,1,1,2,1,1,0,0,2,0,0,2,1,1,1,1
65,334.220,5384.138,-36.985,-234.540,-0.578850,-0.814523,-0.038535,0.812942,-0.580128,0.050771,-0.063710,-0.001938,0.997967,0,0.92539,-0.42135,55.523,-0.843,675.000,300.000,700.000,325.000,-1,250.000,250.000,300.000,300.000,-1,700.000,700.000,-1,425.000,500.000,525.000,875.000,1,1,1,1,2,1,1,0,0,2,0,0,2,1,1,1,1
66,302.240,5430.054,-40.226,-235.143,-0.570269,-0.820580,-0.037979,0.819016,-0.571528,0.050692,-0.063303,-0.002197,0.997992,0,0.93258,-0.30135,55.955,-0.603,575.000,275.000,650.000,300.000,-1,250.000,250.000,300.000,300.000,-1,750.000,750.000,-1,400.000,450.000,450.000,825.000,1,1,1,1,2,1,1,0,0,2,0,0,2,1,1,1,1
67,270.306,5476.527,-42.178,-235.506,-0.565223,-0.824181,-0.035344,0.822849,-0.566321,0.046905,-0.058674,-0.002571,0.998274,0,0.93980,-0.18135,56.388,-0.363,525.000,275.000,675.000,300.000,-1,225.000,250.000,300.000,300.000,-1,675.000,700.000,-1,375.000,450.000,425.000,850.000,1,1,1,1,2,1,1,0,0,2,0,0,2,1,1,1,1
68,238.227,5523.429,-42.545,-235.628,-0.563955,-0.825393,-0.026095,0.824367,-0.564556,0.041171,-0.048715,0.001707,0.998811,0,0.94708,-0.06135,56.825,-0.123,550.000,275.000,950.000,300.000,-1,225.000,250.000,300.000,300.000,-1,550.000,550.000,-1,375.000,450.000,400.000,950.000,1,1,1,1,2,1,1,0,0,2,0,0,2,1,1,1,1
69,205.801,5570.628,-42.450,-235.511,-0.566032,-0.824223,-0.016250,0.823548,-0.566236,0.033840,-0.037093,0.005772,0.999295,0,0.95442,0.05865,57.265,0.117,575.000,250.000,-1,300.000,-1,225.000,225.000,325.000,300.000,-1,450.000,375.000,-1,375.000,475.000,425.000,-1,1,1,2,1,2,1,1,0,0,2,0,0,2,1,1,1,2
70,172.827,5617.991,-41.867,-235.154,-0.571399,-0.820652,-0.005767,0.820330,-0.571349,0.024887,-0.023718,0.009489,0.999674,0,0.96186,0.17865,57.712,0.357,650.000,250.000,-1,275.000,-1,225.000,225.000,350.000,325.000,-1,325.000,275.000,-1,375.000,500.000,450.000,-1,1,1,2,1,2,1,1,0,0,2,0,0,2,1,1,1,2
71,139.097,5665.376,-40.765,-234.557,-0.579966,-0.814622,0.005432,0.814596,-0.579852,0.014296,-0.008496,0.012716,0.999883,0,0.96941,0.29865,58.165,0.597,825.000,250.000,-1,275.000,-1,225.000,225.000,350.000,325.000,-1,250.000,200.000,-1,400.000,550.000,525.000,-1,1,1,2,1,2,1,1,0,0,2,0,0,2,1,1,1,2
72,1639.851,-4263.554,424.433,26.766,0.883770,-0.450187,0.127602,0.449629,0.892537,0.034796,-0.129554,0.026622,0.991215,1,0.00000,0.00000,58.625,0.837,-1,400.000,-1,200.000,100.000,275.000,200.000,525.000,350.000,-1,0.000,50.000,-1,800.000,275.000,-1,100.000,2,1,2,1,1,1,1,0,1,2,1,1,2,0,1,2,1
73,7538.426,4263.317,213.855,-177.134,-0.998746,0.049994,0.002715,-0.050039,-0.998536,-0.020542,0.001684,-0.020652,0.999785,1,0.08000,0.08548,4.800,0.171,-1,400.000,-1,425.000,-1,325.000,325.000,300.000,300.000,-1,-1,-1,-1,850.000,975.000,-1,-1,2,0,2,0,2,0,0,0,0,2,2,2,2,0,0,2,2
74,7528.840,4262.809,213.877,-176.967,-0.998597,0.052902,0.002263,-0.052937,-0.998389,-0.020418,0.001179,-0.020509,0.999789,0,0.16000,0.08345,9.600,0.167,-1,400.000,-1,425.000,-1,325.000,325.000,300.000,300.000,-1,-1,-1,-1,825.000,975.000,-1,-1,2,0,2,0,2,0,0,0,0,2,2,2,2,0,0,2,2
75,7514.462,4262.007,213.907,-176.808,-0.998448,0.055669,0.001584,-0.055689,-0.998243,-0.020236,0.000455,-0.020292,0.999794,0,0.24000,0.07938,14.400,0.159,-1,400.000,-1,425.000,-1,325.000,325.000,300.000,300.000,-1,-1,-1,-1,825.000,975.000,-1,-1,2,0,2,0,2,0,0,0,0,2,2,2,2,0,0,2,2
76,7495.295,4260.889,213.946,-176.662,-0.998303,0.058223,0.000680,-0.058224,-0.998103,-0.019996,-0.000485,-0.020002,0.999800,0,0.32000,0.07328,19.200,0.147,-1,400.000,-1,425.000,-1,325.000,325.000,300.000,300.000,-1,-1,-1,-1,825.000,975.000,-1,-1,2,0,2,0,2,0,0,0,0,2,2,2,2,0,0,2,2
77,7471.339,4259.437,213.995,-176.531,-0.998169,0.060493,-0.000449,-0.060472,-0.997975,-0.019702,-0.001640,-0.019639,0.999806,0,0.40000,0.06515,24.000,0.130,-1,400.000,-1,425.000,-1,325.000,325.000,300.000,300.000,-1,-1,-1,-1,825.000,950.000,-1,-1,2,0,2,0,2,0,0,0,0,2,2,2,2,0,0,2,2
78,7442.595,4257.639,214.052,-176.421,-0.998049,0.062409,-0.001802,-0.062362,-0.997866,-0.019355,-0.003006,-0.019205,0.999811,0,0.48000,0.05499,28.800,0.110,-1,400.000,-1,425.000,-1,325.000,325.000,300.000,300.000,-1,-1,-1,-1,825.000,950.000,-1,-1,2,0,2,0,2,0,0,0,0,2,2,2,2,0,0,2,2
79,7409.064,4255.492,214.120,-176.336,-0.997951,0.063900,-0.003380,-0.063825,-0.997781,-0.018953,-0.004583,-0.018699,0.999815,0,0.56000,0.04279,33.600,0.086,-1,400.000,-1,425.000,-1,325.000,325.000,300.000,325.000,-1,-1,-1,-1,825.000,950.000,-1,-1,2,0,2,0,2,0,0,0,0,2,2,2,2,0,0,2,2
80,7370.745,4253.000,214.200,-176.279,-0.997879,0.064895,-0.005181,-0.064789,-0.997728,-0.018497,-0.006370,-0.018122,0.999815,0,0.64000,0.02856,38.400,0.057,-1,400.000,-1,425.000,-1,325.000,325.000,300.000,325.000,-1,-1,-1,-1,825.000,950.000,-1,-1,2,0,2,0,2,0,0,0,0,2,2,2,2,0,0,2,2
81,7327.637,4250.177,214.292,-176.254,-0.997838,0.065324,-0.007207,-0.065186,-0.997711,-0.017983,-0.008366,-0.017475,0.999812,0,0.72000,0.01230,43.200,0.025,-1,400.000,-1,425.000,-1,325.000,325.000,300.000,325.000,-1,-1,-1,-1,825.000,950.000,-1,-1,2,0,2,0,2,0,0,0,0,2,2,2,2,0,0,2,2
82,7279.739,4247.051,214.400,-176.266,-0.997833,0.065116,-0.009459,-0.064945,-0.997737,-0.017407,-0.010571,-0.016755,0.999804,0,0.80000,-0.00599,48.000,-0.012,-1,400.000,-1,425.000,-1,325.000,325.000,300.000,325.000,-1,-1,-1,-1,800.000,925.000,-1,-1,2,0,2,0,2,0,0,0,0,2,2,2,2,0,0,2,2
83,7228.056,4243.702,214.422,-176.292,-0.997839,0.064664,-0.011619,-0.064469,-0.997785,-0.016398,-0.012654,-0.015613,0.999798,0,0.86319,-0.01303,51.791,-0.026,-1,400.000,-1,425.000,-1,325.000,325.000,325.000,325.000,-1,-1,-1,-1,800.000,925.000,-1,-1,2,0,2,0,2,0,0,0,0,2,2,2,2,0,0,2,2
84,7176.372,4240.376,213.492,-176.318,-0.997847,0.064212,-0.013353,-0.064022,-0.997847,-0.014223,-0.014237,-0.013337,0.999810,0,0.86319,-0.01303,51.791,-0.026,-1,400.000,-1,425.000,-1,325.000,325.000,325.000,325.000,-1,-1,-1,-1,800.000,925.000,-1,-1,2,0,2,0,2,0,0,0,0,2,2,2,2,0,0,2,2
85,7124.686,4237.074,212.237,-176.344,-0.997852,0.063759,-0.015064,-0.063560,-0.997888,-0.013370,-0.015884,-0.012384,0.999797,0,0.86319,-0.01303,51.791,-0.026,-1,400.000,-1,425.000,-1,325.000,325.000,325.000,325.000,-1,-1,-1,-1,800.000,900.000,-1,-1,2,0,2,0,2,0,0,0,0,2,2,2,2,0,0,2,2
86,7072.958,4233.797,210.988,-176.375,-0.997858,0.063223,-0.016776,-0.063018,-0.997934,-0.012508,-0.017532,-0.011424,0.999781,0,0.86386,-0.01540,51.832,-0.031,-1,400.000,-1,425.000,-1,325.000,325.000,300.000,325.000,-1,-1,-1,-1,775.000,900.000,-1,-1,2,0,2,0,2,0,0,0,0,2,2,2,2,0,0,2,2
87,7021.184,4230.550,209.746,-176.411,-0.997868,0.062588,-0.018490,-0.062380,-0.997985,-0.011636,-0.019182,-0.010458,0.999761,0,0.86459,-0.01826,51.875,-0.037,-1,400.000,-1,425.000,-1,325.000,325.000,300.000,300.000,-1,-1,-1,-1,775.000,875.000,-1,-1,2,0,2,0,2,0,0,0,0,2,2,2,2,0,0,2,2
88,6969.373,4227.339,208.509,-176.453,-0.997880,0.061859,-0.020207,-0.061651,-0.998040,-0.010753,-0.020832,-0.009485,0.999738,0,0.86517,-0.02094,51.910,-0.042,-1,400.000,-1,425.000,-1,325.000,325.000,300.000,300.000,-1,-1,-1,-1,775.000,875.000,-1,-1,2,0,2,0,2,0,0,0,0,2,2,2,2,0,0,2,2
89,6917.533,4224.169,207.279,-176.500,-0.997894,0.061043,-0.021925,-0.060839,-0.998099,-0.009859,-0.022485,-0.008505,0.999711,0,0.86561,-0.02344,51.937,-0.047,-1,400.000,-1,400.000,-1,325.000,325.000,300.000,300.000,-1,-1,-1,-1,750.000,875.000,-1,-1,2,0,2,0,2,0,0,0,0,2,2,2,2,0,0,2,2
90,6865.672,4221.044,206.056,-176.552,-0.997910,0.060146,-0.023644,-0.059949,-0.998161,-0.008954,-0.024139,-0.007518,0.999680,0,0.86593,-0.02576,51.956,-0.052,-1,400.000,-1,400.000,-1,325.000,325.000,300.000,300.000,-1,-1,-1,-1,750.000,850.000,-1,-1,2,0,2,0,2,0,0,0,0,2,2,2,2,0,0,2,2
91,6818.611,4218.053,204.955,-176.363,-0.997668,0.063430,-0.025191,-0.063243,-0.997965,-0.008133,-0.025655,-0.006521,0.999650,0,0.78593,0.09424,47.156,0.188,-1,400.000,-1,400.000,-1,325.000,325.000,300.000,300.000,-1,-1,-1,-1,750.000,850.000,-1,-1,2,0,2,0,2,0,0,0,0,2,2,2,2,0,0,2,2
92,6776.358,4215.101,203.974,-176.003,-0.997214,0.069700,-0.026564,-0.069526,-0.997553,-0.007417,-0.027016,-0.005549,0.999620,0,0.70593,0.18002,42.356,0.360,-1,400.000,-1,400.000,-1,325.000,325.000,300.000,325.000,-1,-1,-1,-1,725.000,850.000,-1,-1,2,0,2,0,2,0,0,0,0,2,2,2,2,0,0,2,2
93,6738.566,4212.223,203.102,-175.646,-0.996727,0.075919,-0.027782,-0.075759,-0.997103,-0.006797,-0.028218,-0.004670,0.999591,0,0.63169,0.17863,37.901,0.357,-1,375.000,-1,400.000,-1,325.000,325.000,300.000,325.000,-1,-1,-1,-1,725.000,825.000,-1,-1,2,0,2,0,2,0,0,0,0,2,2,2,2,0,0,2,2
94,6700.805,4209.113,202.234,-175.291,-0.996202,0.082098,-0.028993,-0.081951,-0.996617,-0.006198,-0.029403,-0.003798,0.999560,0,0.63149,0.17754,37.890,0.355,-1,375.000,-1,400.000,-1,325.000,325.000,300.000,325.000,-1,-1,-1,-1,725.000,825.000,-1,-1,2,0,2,0,2,0,0,0,0,2,2,2,2,0,0,2,2
95,6663.078,4205.771,201.372,-174.938,-0.995642,0.088240,-0.030194,-0.088110,-0.996095,-0.005618,-0.030572,-0.002933,0.999528,0,0.63123,0.17660,37.874,0.353,-1,375.000,-1,400.000,-1,325.000,325.000,300.000,325.000,-1,-1,-1,-1,725.000,825.000,-1,-1,2,0,2,0,2,0,0,0,0,2,2,2,2,0,0,2,2
96,6625.392,4202.199,200.515,-174.586,-0.995044,0.094351,-0.031385,-0.094238,-0.995537,-0.005057,-0.031723,-0.002074,0.999495,0,0.63092,0.17580,37.855,0.352,-1,375.000,-1,400.000,-1,325.000,325.000,300.000,325.000,-1,-1,-1,-1,725.000,800.000,-1,-1,2,0,2,0,2,0,0,0,0,2,2,2,2,0,0,2,2
97,6587.749,4198.399,199.631,-174.236,-0.994413,0.100436,-0.032478,-0.100346,-0.994943,-0.004375,-0.032753,-0.001092,0.999463,0,0.63056,0.17515,37.834,0.350,-1,375.000,-1,400.000,-1,325.000,325.000,300.000,325.000,-1,-1,-1,-1,700.000,800.000,-1,-1,2,0,2,0,2,0,0,0,0,2,2,2,2,0,0,2,2
98,6550.154,4194.373,198.549,-173.886,-0.993764,0.106500,-0.033044,-0.106462,-0.994313,-0.002901,-0.033164,0.000635,0.999450,0,0.63017,0.17465,37.810,0.349,-1,375.000,-1,400.000,-1,325.000,325.000,300.000,325.000,-1,-1,-1,-1,700.000,800.000,-1,-1,2,0,2,0,2,0,0,0,0,2,2,2,2,0,0,2,2
99,6512.610,4190.120,197.345,-173.538,-0.993095,0.112547,-0.033101,-0.112545,-0.993645,-0.001911,-0.033106,0.001827,0.999450,0,0.62975,0.17430,37.785,0.349,-1,375.000,-1,400.000,-1,325.000,325.000,300.000,325.000,-1,-1,-1,-1,700.000,800.000,-1,-1,2,0,2,0,2,0,0,0,0,2,2,2,2,0,0,2,2
100,6475.118,4185.643,196.109,-173.190,-0.992398,0.118583,-0.032941,-0.118612,-0.992940,-0.001060,-0.032835,0.002855,0.999457,0,0.62931,0.17409,37.758,0.348,-1,375.000,-1,400.000,-1,325.000,325.000,300.000,325.000,-1,-1,-1,-1,700.000,775.000,-1,-1,2,0,2,0,2,0,0,0,0,2,2,2,2,0,0,2,2
101,6437.680,4180.941,194.884,-172.842,-0.991664,0.124612,-0.032777,-0.124673,-0.992198,-0.000204,-0.032547,0.003884,0.999463,0,0.62886,0.17404,37.732,0.348,-1,375.000,-1,400.000,-1,325.000,325.000,300.000,325.000,-1,-1,-1,-1,700.000,775.000,-1,-1,2,0,2,0,2,0,0,0,0,2,2,2,2,0,0,2,2
102,6400.298,4176.015,193.668,-172.493,-0.990893,0.130640,-0.032608,-0.130731,-0.991418,0.000657,-0.032242,0.004914,0.999468,0,0.62841,0.17413,37.705,0.348,-1,375.000,-1,400.000,-1,325.000,325.000,300.000,325.000,-1,-1,-1,-1,700.000,775.000,-1,-1,2,0,2,0,2,0,0,0,0,2,2,2,2,0,0,2,2
103,6362.973,4170.866,192.464,-172.145,-0.990085,0.136672,-0.032433,-0.136793,-0.990599,0.001525,-0.031920,0.005946,0.999473,0,0.62798,0.17438,37.679,0.349,-1,375.000,-1,400.000,-1,325.000,325.000,300.000,325.000,-1,-1,-1,-1,700.000,775.000,-1,-1,2,0,2,0,2,0,0,0,0,2,2,2,2,0,0,2,2
104,6325.705,4165.492,191.272,-171.795,-0.989239,0.142711,-0.032255,-0.142862,-0.989740,0.002400,-0.031581,0.006982,0.999477,0,0.62756,0.17477,37.654,0.350,-1,375.000,-1,400.000,-1,325.000,325.000,300.000,325.000,-1,-1,-1,-1,700.000,775.000,-1,-1,2,0,2,0,2,0,0,0,0,2,2,2,2,0,0,2,2
105,6288.493,4159.893,190.091,-171.444,-0.988353,0.148764,-0.032072,-0.148944,-0.988840,0.003284,-0.031225,0.008022,0.999480,0,0.62718,0.17530,37.631,0.351,-1,375.000,-1,400.000,-1,325.000,325.000,300.000,325.000,-1,-1,-1,-1,700.000,775.000,-1,-1,2,0,2,0,2,0,0,0,0,2,2,2,2,0,0,2,2
106,6251.337,4154.070,188.923,-171.092,-0.987426,0.154834,-0.031884,-0.155043,-0.987899,0.004176,-0.030852,0.009067,0.999483,0,0.62683,0.17599,37.610,0.352,-1,375.000,-1,400.000,-1,325.000,325.000,300.000,325.000,-1,-1,-1,-1,675.000,775.000,-1,-1,2,0,2,0,2,0,0,0,0,2,2,2,2,0,0,2,2
107,6213.032,4147.794,187.732,-170.695,-0.986334,0.161681,-0.031686,-0.161920,-0.986791,0.005110,-0.030441,0.010171,0.999485,0,0.64693,0.19870,38.816,0.397,-1,375.000,-1,400.000,-1,325.000,325.000,300.000,325.000,-1,-1,-1,-1,675.000,775.000,-1,-1,2,0,2,0,2,0,0,0,0,2,2,2,2,0,0,2,2
108,6174.472,4141.200,186.546,-170.297,-0.985193,0.168535,-0.031482,-0.168804,-0.985631,0.006062,-0.030008,0.011287,0.999486,0,0.65198,0.19916,39.119,0.398,-1,375.000,-1,400.000,-1,325.000,325.000,300.000,325.000,-1,-1,-1,-1,675.000,775.000,-1,-1,2,0,2,0,2,0,0,0,0,2,2,2,2,0,0,2,2
109,6135.659,4134.285,185.366,-169.898,-0.984001,0.175395,-0.031272,-0.175693,-0.984420,0.007035,-0.029551,0.012417,0.999486,0,0.65708,0.19958,39.425,0.399,-1,375.000,-1,400.000,-1,325.000,325.000,300.000,325.000,-1,-1,-1,-1,675.000,775.000,-1,-1,2,0,2,0,2,0,0,0,0,2,2,2,2,0,0,2,2
110,6096.592,4127.042,184.193,-169.498,-0.982760,0.182258,-0.031057,-0.182586,-0.983157,0.008030,-0.029070,0.013562,0.999485,0,0.66222,0.19994,39.733,0.400,-1,375.000,-1,400.000,-1,325.000,325.000,300.000,325.000,-1,-1,-1,-1,675.000,750.000,-1,-1,2,0,2,0,2,0,0,0,0,2,2,2,2,0,0,2,2
111,6057.270,4119.468,183.028,-169.097,-0.981469,0.189123,-0.030837,-0.189480,-0.981843,0.009048,-0.028566,0.014723,0.999483,0,0.66741,0.20025,40.045,0.401,-1,375.000,-1,400.000,-1,300.000,325.000,300.000,325.000,-1,-1,-1,-1,675.000,750.000,-1,-1,2,0,2,0,2,0,0,0,0,2,2,2,2,0,0,2,2
112,6017.694,4111.557,181.872,-168.696,-0.980128,0.195987,-0.030612,-0.196372,-0.980477,0.010091,-0.028037,0.015902,0.999480,0,0.67265,0.20052,40.359,0.401,-1,375.000,-1,400.000,-1,300.000,325.000,300.000,325.000,-1,-1,-1,-1,675.000,750.000,-1,-1,2,0,2,0,2,0,0,0,0,2,2,2,2,0,0,2,2
113,5977.864,4103.305,180.726,-168.295,-0.978739,0.202848,-0.030384,-0.203262,-0.979061,0.011161,-0.027484,0.017099,0.999476,0,0.67793,0.20072,40.676,0.401,-1,375.000,-1,400.000,-1,300.000,325.000,300.000,325.000,-1,-1,-1,-1,650.000,750.000,-1,-1,2,0,2,0,2,0,0,0,0,2,2,2,2,0,1,2,2
114,5937.781,4094.706,179.612,-167.893,-0.977302,0.209704,-0.030085,-0.210142,-0.977595,0.012199,-0.026853,0.018244,0.999473,0,0.68326,0.20088,40.996,0.402,-1,375.000,-1,400.000,-1,300.000,325.000,300.000,325.000,-1,-1,-1,-1,650.000,750.000,975.000,-1,2,0,2,0,2,0,0,0,0,2,2,2,2,0,1,1,2
115,5897.443,4085.757,178.607,-167.491,-0.975827,0.216554,-0.029419,-0.217002,-0.976085,0.012974,-0.025906,0.019044,0.999483,0,0.68864,0.20097,41.318,0.402,-1,375.000,1000.000,400.000,-1,300.000,325.000,300.000,325.000,-1,-1,-1,-1,650.000,725.000,950.000,-1,2,0,1,0,2,0,0,0,0,2,2,2,2,0,1,1,2
116,5856.853,4076.452,177.624,-167.089,-0.974305,0.223393,-0.028725,-0.223850,-0.974526,0.013769,-0.024917,0.019846,0.999493,0,0.69406,0.20100,41.644,0.402,-1,375.000,950.000,400.000,-1,300.000,300.000,300.000,325.000,-1,-1,-1,-1,650.000,700.000,900.000,-1,2,0,1,0,2,0,0,0,0,2,2,2,2,0,1,1,2
117,5816.009,4066.787,176.715,-166.687,-0.972736,0.230220,-0.027980,-0.230688,-0.972915,0.014810,-0.023813,0.020861,0.999499,0,0.69953,0.20097,41.972,0.402,-1,375.000,900.000,375.000,-1,300.000,300.000,300.000,325.000,-1,-1,725.000,-1,650.000,675.000,875.000,-1,2,0,1,0,2,0,0,0,0,2,2,0,2,0,1,1,2
118,5774.912,4056.757,175.899,-166.285,-0.971126,0.237029,-0.027055,-0.237511,-0.971250,0.016201,-0.022437,0.022159,0.999503,0,0.70505,0.20088,42.303,0.402,1000.000,375.000,875.000,400.000,-1,300.000,300.000,300.000,325.000,-1,800.000,675.000,-1,650.000,675.000,825.000,-1,1,0,1,0,2,0,0,0,0,2,0,0,2,0,1,1,2
119,5733.563,4046.358,175.110,-165.884,-0.969469,0.243821,-0.026103,-0.244313,-0.969536,0.017625,-0.021011,0.023464,0.999504,0,0.71062,0.20072,42.637,0.401,950.000,375.000,825.000,400.000,-1,300.000,325.000,300.000,325.000,-1,750.000,650.000,-1,650.000,650.000,800.000,-1,1,0,1,0,2,0,0,0,0,2,0,0,2,1,1,1,2
120,5691.961,4035.585,174.349,-165.483,-0.967767,0.250592,-0.025124,-0.251090,-0.967776,0.019081,-0.019533,0.024775,0.999502,0,0.71623,0.20048,42.974,0.401,900.000,375.000,775.000,400.000,-1,300.000,325.000,300.000,325.000,-1,725.000,600.000,-1,625.000,625.000,750.000,-1,1,0,1,0,2,0,0,0,0,2,0,0,2,1,1,1,2
121,5645.747,4023.480,173.538,-165.322,-0.967089,0.253301,-0.024020,-0.253801,-0.967034,0.020733,-0.017976,0.026146,0.999496,0,0.79623,0.08048,47.774,0.161,850.000,375.000,750.000,400.000,-1,300.000,325.000,300.000,325.000,-1,700.000,550.000,-1,575.000,600.000,725.000,-1,1,0,1,0,2,0,0,0,0,2,0,0,2,1,1,1,2
122,5594.871,4010.228,172.680,-165.401,-0.967470,0.251957,-0.022788,-0.252456,-0.967345,0.022586,-0.016353,0.027604,0.999485,0,0.87623,-0.03952,52.574,-0.079,800.000,375.000,700.000,375.000,-1,300.000,325.000,300.000,325.000,-1,675.000,525.000,-1,550.000,550.000,650.000,-1,1,0,1,1,2,0,0,0,0,2,0,0,2,1,1,1,2
123,5541.098,3996.540,171.806,-165.720,-0.968891,0.246556,-0.021475,-0.247050,-0.968691,0.024579,-0.014743,0.029120,0.999467,0,0.92480,-0.15952,55.488,-0.319,725.000,375.000,650.000,375.000,-1,300.000,325.000,325.000,325.000,-1,675.000,500.000,-1,500.000,525.000,600.000,-1,1,0,1,1,2,0,0,0,0,2,0,0,2,1,1,1,2
124,5486.771,3983.275,170.951,-166.279,-0.971281,0.237082,-0.020143,-0.237567,-0.971006,0.026619,-0.013248,0.030640,0.999443,0,0.93204,-0.27952,55.922,-0.559,650.000,375.000,600.000,350.000,-1,300.000,300.000,325.000,325.000,-1,650.000,500.000,-1,450.000,500.000,525.000,-1,1,1,1,1,2,0,1,0,0,2,0,0,2,1,1,1,2
125,5431.865,3970.569,170.106,-166.971,-0.974101,0.225332,-0.018796,-0.225805,-0.973750,0.028702,-0.011835,0.032202,0.999411,0,0.93928,-0.34583,56.357,-0.692,550.000,325.000,550.000,325.000,-1,275.000,275.000,325.000,300.000,-1,650.000,500.000,-1,400.000,475.000,475.000,-1,1,1,1,1,2,1,1,0,0,2,0,0,2,1,1,1,2
126,5376.387,3958.429,169.273,-167.658,-0.976759,0.213632,-0.017433,-0.214088,-0.976328,0.030826,-0.010435,0.033842,0.999373,0,0.94652,-0.34342,56.791,-0.687,475.000,300.000,500.000,300.000,-1,250.000,250.000,325.000,300.000,-1,650.000,475.000,-1,350.000,425.000,400.000,-1,1,1,1,1,2,1,1,0,0,2,0,0,2,1,1,1,2
127,5320.343,3946.862,168.446,-168.339,-0.979255,0.201995,-0.016051,-0.202430,-0.978741,0.032997,-0.009045,0.035562,0.999327,0,0.95375,-0.34066,57.225,-0.681,400.000,250.000,450.000,275.000,-1,225.000,225.000,300.000,300.000,-1,625.000,475.000,-1,300.000,400.000,350.000,-1,1,1,1,1,2,1,1,0,0,2,0,0,2,1,1,1,2
128,5263.742,3935.874,168.474,-169.014,-0.981617,0.190460,-0.012340,-0.190767,-0.981099,0.032440,-0.005928,0.034197,0.999398,0,0.96095,-0.33751,57.657,-0.675,325.000,225.000,400.000,250.000,-1,200.000,225.000,300.000,325.000,-1,575.000,450.000,-1,275.000,375.000,275.000,-1,1,1,1,1,2,1,1,0,0,2,0,0,2,1,1,1,2
129,5206.595,3925.472,169.752,-169.682,-0.983831,0.179044,-0.004501,-0.179100,-0.983435,0.027894,0.000568,0.028249,0.999601,0,0.96811,-0.33393,58.086,-0.668,250.000,200.000,375.000,250.000,-1,175.000,200.000,300.000,325.000,-1,450.000,375.000,-1,225.000,350.000,225.000,-1,1,1,1,1,2,1,1,0,0,2,0,0,2,1,1,1,2
130,5148.915,3915.645,176.834,-170.341,-0.985706,0.167606,0.017088,-0.166614,-0.984824,0.048586,0.024972,0.045045,0.998673,0,0.97518,-0.32984,58.511,-0.660,225.000,175.000,375.000,250.000,-1,175.000,200.000,350.000,325.000,-1,275.000,200.000,-1,225.000,400.000,200.000,-1,1,1,1,1,2,1,1,0,0,2,0,0,2,1,1,1,2
131,8199.103,1639.836,140.204,83.487,0.112511,-0.989433,-0.091449,0.993600,0.112959,0.000278,0.010055,-0.090895,0.995810,1,0.00000,0.00000,58.928,-0.650,550.000,375.000,-1,575.000,-1,350.000,400.000,225.000,150.000,-1,-1,-1,475.000,650.000,-1,825.000,-1,0,0,2,0,2,0,0,0,1,2,2,2,1,0,2,0,2
132,1636.045,8858.027,-193.778,-37.845,0.789257,0.613221,-0.032138,-0.610614,0.789288,0.064617,0.064991,-0.031375,0.997392,1,-0.08000,-0.12000,-4.800,-0.240,-1,400.000,-1,400.000,-1,325.000,325.000,275.000,300.000,-1,775.000,850.000,-1,700.000,725.000,-1,-1,2,0,2,0,2,0,0,0,0,2,0,0,2,0,0,2,2
133,1630.096,8862.698,-194.244,-38.138,0.786111,0.617254,-0.032048,-0.614657,0.786152,0.064506,0.065011,-0.031010,0.997403,0,-0.12606,-0.14643,-7.564,-0.293,-1,400.000,-1,375.000,-1,325.000,325.000,275.000,300.000,-1,775.000,850.000,-1,700.000,725.000,-1,-1,2,0,2,0,2,0,0,0,0,2,0,0,2,0,0,2,2
134,1624.202,8867.374,-194.710,-38.431,0.782932,0.621286,-0.031960,-0.618699,0.782985,0.064392,0.065030,-0.030641,0.997413,0,-0.12538,-0.14695,-7.523,-0.294,-1,400.000,-1,375.000,-1,325.000,325.000,275.000,300.000,-1,750.000,825.000,-1,700.000,725.000,-1,-1,2,0,2,0,2,0,0,0,0,2,0,0,2,0,0,2,2
