timestep,x_cm,y_cm,z_cm,yaw_deg,basis_xx,basis_xy,basis_xz,basis_yx,basis_yy,basis_yz,basis_zx,basis_zy,basis_zz,teleport_flag,throttle_cmd,steering_cmd,cmd_move_cm,cmd_turn_deg,lidar_cm_0,lidar_cm_1,lidar_cm_2,lidar_cm_3,lidar_cm_4,lidar_cm_5,lidar_cm_6,lidar_cm_7,lidar_cm_8,lidar_cm_9,lidar_cm_10,lidar_cm_11,lidar_cm_12,lidar_cm_13,lidar_cm_14,lidar_cm_15,lidar_cm_16,lidar_class_0,lidar_class_1,lidar_class_2,lidar_class_3,lidar_class_4,lidar_class_5,lidar_class_6,lidar_class_7,lidar_class_8,lidar_class_9,lidar_class_10,lidar_class_11,lidar_class_12,lidar_class_13,lidar_class_14,lidar_class_15,lidar_class_16
0,5576.121,3602.868,1.001,-81.898,0.136730,0.989190,-0.052993,-0.986519,0.140826,0.083351,0.089913,0.040882,0.995110,1,0.08000,0.12000,4.800,0.240,-1,500.000,-1,400.000,200.000,425.000,425.000,275.000,275.000,650.000,225.000,850.000,-1,-1,675.000,-1,275.000,2,0,2,1,1,0,0,0,1,0,0,0,2,2,1,2,1
1,5577.553,3593.375,1.608,-81.418,0.145056,0.988024,-0.052615,-0.985257,0.149116,0.083863,0.090704,0.039674,0.995087,0,0.16000,0.24000,9.600,0.480,-1,500.000,-1,400.000,200.000,425.000,425.000,275.000,275.000,650.000,225.000,875.000,-1,-1,700.000,-1,275.000,2,0,2,1,1,0,0,0,1,0,0,0,2,2,1,2,1
2,5579.880,3579.164,2.484,-80.698,0.157518,0.986134,-0.052225,-0.983248,0.161530,0.084450,0.091715,0.038047,0.995058,0,0.24000,0.36000,14.400,0.720,-1,500.000,-1,425.000,200.000,425.000,425.000,275.000,275.000,650.000,225.000,975.000,-1,-1,725.000,-1,300.000,2,0,2,1,1,0,0,0,1,0,0,0,2,2,1,2,1
3,5583.300,3560.271,3.582,-79.738,0.174081,0.983356,-0.052028,-0.980355,0.178041,0.084879,0.092730,0.036230,0.995032,0,0.32000,0.48000,19.200,0.960,-1,500.000,-1,425.000,200.000,425.000,425.000,275.000,250.000,650.000,225.000,-1,-1,-1,775.000,-1,300.000,2,0,2,1,1,0,0,0,1,0,0,2,2,2,1,2,1
4,5587.977,3536.732,4.931,-78.758,0.190937,0.980234,-0.051815,-0.977143,0.194830,0.085041,0.093455,0.034393,0.995029,0,0.40000,0.48953,24.000,0.979,-1,500.000,-1,450.000,200.000,425.000,425.000,275.000,225.000,675.000,250.000,-1,-1,-1,850.000,-1,-1,2,0,2,1,1,0,0,0,1,0,0,2,2,2,1,2,2
5,5594.064,3508.583,6.494,-77.797,0.207450,0.976879,-0.051692,-0.973748,0.211269,0.084736,0.093698,0.032757,0.995062,0,0.48000,0.48092,28.800,0.962,-1,500.000,-1,475.000,200.000,425.000,425.000,275.000,225.000,675.000,275.000,-1,-1,-1,900.000,-1,-1,2,0,2,1,1,0,0,0,1,0,0,2,2,2,1,2,2
6,5601.705,3475.863,8.209,-76.855,0.223563,0.973310,-0.051839,-0.970218,0.227311,0.083711,0.093261,0.031581,0.995141,0,0.56000,0.47105,33.600,0.942,-1,500.000,-1,500.000,200.000,400.000,425.000,275.000,200.000,700.000,300.000,-1,-1,-1,900.000,-1,-1,2,0,2,1,1,0,0,0,1,0,0,2,2,2,1,2,2
7,5611.037,3438.615,10.001,-75.935,0.239216,0.969549,-0.052447,-0.966605,0.242908,0.081670,0.091923,0.031159,0.995279,0,0.64000,0.45985,38.400,0.920,-1,475.000,-1,525.000,200.000,400.000,425.000,275.000,175.000,725.000,325.000,-1,-1,-1,900.000,-1,1000.000,2,0,2,1,1,0,0,0,1,0,0,2,2,2,1,2,1
8,5622.189,3396.880,11.783,-75.040,0.254354,0.965618,-0.053718,-0.962966,0.258010,0.078273,0.089442,0.031820,0.995484,0,0.72000,0.44730,43.200,0.895,-1,475.000,-1,525.000,250.000,400.000,400.000,275.000,150.000,750.000,425.000,-1,-1,1000.000,875.000,-1,950.000,2,0,2,0,1,0,0,0,1,0,0,2,2,0,1,2,1
9,5635.292,3350.705,14.150,-74.157,0.269531,0.961540,-0.052854,-0.959367,0.272870,0.071817,0.083477,0.031349,0.996016,0,0.80000,0.44166,48.000,0.883,-1,450.000,-1,500.000,350.000,375.000,400.000,275.000,150.000,825.000,-1,-1,-1,950.000,825.000,-1,900.000,2,0,2,0,1,0,0,0,1,0,2,2,2,0,1,2,1
10,5649.700,3302.740,17.307,-73.278,0.285094,0.957321,-0.047511,-0.955901,0.287619,0.059401,0.070531,0.028480,0.997103,0,0.83475,0.43966,50.085,0.879,-1,425.000,-1,475.000,400.000,350.000,375.000,275.000,125.000,975.000,-1,-1,-1,850.000,775.000,-1,850.000,2,0,2,0,1,0,0,0,1,0,2,2,2,0,1,2,1
11,5664.601,3255.760,19.807,-72.401,0.300325,0.952825,-0.043935,-0.952115,0.302231,0.046191,0.057290,0.027959,0.997966,0,0.82147,0.43816,49.288,0.876,-1,400.000,-1,450.000,450.000,350.000,350.000,275.000,125.000,-1,-1,-1,-1,750.000,725.000,-1,775.000,2,0,2,0,1,0,0,0,1,2,2,2,2,0,1,2,1
12,5679.956,3209.793,21.958,-71.527,0.315330,0.948081,-0.041343,-0.947929,0.316733,0.033334,0.044698,0.028679,0.998589,0,0.80776,0.43728,48.466,0.875,-1,375.000,-1,425.000,475.000,325.000,325.000,275.000,125.000,-1,-1,-1,-1,675.000,650.000,-1,725.000,2,0,2,0,1,0,0,0,1,2,2,2,2,0,1,2,1
13,5695.738,3164.848,23.800,-70.653,0.330163,0.943079,-0.039937,-0.943356,0.331136,0.020684,0.032731,0.030846,0.998988,0,0.79394,0.43701,47.637,0.874,-1,350.000,-1,375.000,500.000,300.000,300.000,275.000,125.000,-1,-1,-1,-1,625.000,600.000,-1,675.000,2,0,2,0,1,0,0,0,1,2,2,2,2,0,1,2,1
14,5711.919,3120.915,27.724,-69.778,0.344808,0.938039,-0.034504,-0.938232,0.345540,0.017972,0.028781,0.026176,0.999243,0,0.78031,0.43732,46.819,0.875,-1,350.000,-1,375.000,550.000,300.000,300.000,275.000,125.000,-1,-1,-1,-1,600.000,575.000,-1,625.000,2,0,2,0,1,0,0,0,1,2,2,2,2,0,1,2,1
15,5728.486,3077.972,31.732,-68.902,0.359309,0.932756,-0.029394,-0.932831,0.359889,0.017487,0.026890,0.021136,0.999415,0,0.76714,0.43818,46.028,0.876,-1,350.000,-1,375.000,525.000,300.000,300.000,275.000,150.000,-1,-1,-1,-1,600.000,550.000,-1,575.000,2,0,2,0,1,0,0,0,1,2,2,2,2,0,1,2,1
16,5745.430,3035.982,35.430,-68.023,0.373702,0.927194,-0.025641,-0.927187,0.374186,0.017601,0.025914,0.017196,0.999516,0,0.75465,0.43955,45.279,0.879,-1,325.000,-1,375.000,525.000,300.000,300.000,275.000,150.000,-1,-1,-1,-1,600.000,525.000,-1,550.000,2,0,2,0,1,0,0,0,1,2,2,2,2,0,1,2,1
17,5762.749,2994.902,38.817,-67.140,0.388012,0.921360,-0.023285,-0.921291,0.388444,0.018256,0.025865,0.014369,0.999562,0,0.74303,0.44140,44.582,0.883,-1,325.000,-1,375.000,500.000,275.000,300.000,275.000,175.000,-1,-1,-1,-1,600.000,500.000,-1,525.000,2,0,2,0,1,0,0,0,1,2,2,2,2,0,1,2,1
18,5780.445,2954.679,41.891,-66.252,0.402254,0.915255,-0.022365,-0.915137,0.402676,0.019393,0.026756,0.012666,0.999562,0,0.73239,0.44368,43.944,0.887,-1,325.000,-1,375.000,475.000,275.000,300.000,275.000,175.000,-1,-1,-1,-1,600.000,500.000,-1,475.000,2,0,2,1,1,0,0,0,1,2,2,2,2,0,1,2,1
19,5800.577,2910.287,44.817,-65.605,0.412506,0.910642,-0.023874,-0.910494,0.412989,0.020978,0.028963,0.013084,0.999495,0,0.81239,0.32368,48.744,0.647,-1,325.000,-1,350.000,425.000,300.000,300.000,275.000,200.000,-1,-1,-1,300.000,600.000,475.000,-1,450.000,2,0,2,1,1,0,0,0,1,2,2,2,1,0,1,2,1
20,5821.551,2864.902,47.332,-65.198,0.418804,0.907649,-0.027870,-0.907494,0.419437,0.022941,0.032513,0.015684,0.999348,0,0.83328,0.20368,49.997,0.407,-1,350.000,-1,350.000,400.000,300.000,300.000,275.000,200.000,-1,-1,-1,250.000,625.000,450.000,-1,400.000,2,0,2,1,1,0,1,0,1,2,2,2,1,0,1,2,1
21,5842.484,2819.954,49.349,-65.030,0.421158,0.906344,-0.034154,-0.906221,0.422052,0.025225,0.037277,0.020327,0.999098,0,0.82637,0.08368,49.582,0.167,-1,350.000,-1,325.000,350.000,300.000,300.000,300.000,225.000,-1,-1,-1,225.000,650.000,450.000,-1,375.000,2,0,2,1,1,0,1,0,1,2,2,2,1,0,1,2,1
22,5863.229,2775.262,50.713,-65.103,0.419593,0.906754,-0.041705,-0.906711,0.420845,0.027648,0.042622,0.026214,0.998747,0,0.82120,-0.03632,49.272,-0.073,-1,350.000,-1,300.000,300.000,300.000,275.000,300.000,225.000,-1,-1,-1,225.000,675.000,425.000,-1,325.000,2,0,2,1,1,1,1,0,1,2,2,2,1,0,1,2,1
23,5883.672,2730.670,51.270,-65.377,0.414585,0.908525,-0.051980,-0.908661,0.416404,0.030707,0.049543,0.034502,0.998176,0,0.81756,-0.13682,49.054,-0.274,-1,375.000,-1,300.000,275.000,300.000,275.000,300.000,225.000,-1,-1,-1,225.000,700.000,400.000,-1,275.000,2,0,2,1,1,1,1,0,1,2,2,2,1,0,1,2,1
24,5903.851,2686.112,52.275,-65.641,0.409568,0.910215,-0.061344,-0.910404,0.412110,0.036457,0.058464,0.040916,0.997451,0,0.81521,-0.13212,48.913,-0.264,-1,375.000,-1,275.000,225.000,300.000,275.000,325.000,250.000,-1,-1,-1,225.000,725.000,400.000,-1,250.000,2,0,2,1,1,1,1,0,1,2,2,2,1,0,1,2,1
25,5923.787,2641.551,56.285,-65.895,0.404712,0.912209,-0.063891,-0.911263,0.408142,0.054959,0.076210,0.035979,0.996442,0,0.81357,-0.12721,48.814,-0.254,-1,425.000,-1,300.000,225.000,325.000,275.000,325.000,250.000,-1,-1,550.000,250.000,825.000,425.000,-1,250.000,2,0,2,1,1,0,1,0,1,2,2,1,1,0,1,2,1
26,5943.505,2596.959,61.802,-66.139,0.400915,0.914239,-0.058607,-0.911903,0.404382,0.070064,0.087754,0.025354,0.995819,0,0.81257,-0.12212,48.754,-0.244,-1,450.000,-1,300.000,225.000,350.000,300.000,300.000,275.000,-1,325.000,500.000,275.000,900.000,475.000,-1,250.000,2,0,2,1,1,0,1,0,1,2,0,1,1,0,1,2,1
27,5965.064,2547.934,68.305,-66.256,0.399708,0.915289,-0.049786,-0.911486,0.402626,0.084178,0.097092,0.011733,0.995206,0,0.89257,-0.05818,53.554,-0.116,-1,450.000,-1,325.000,200.000,375.000,325.000,300.000,300.000,925.000,225.000,400.000,300.000,925.000,525.000,-1,250.000,2,0,2,1,1,0,1,0,1,0,0,0,1,0,1,2,1
28,5988.432,2494.460,75.147,-66.392,0.398334,0.916303,-0.041462,-0.911178,0.400485,0.096777,0.105282,-0.000770,0.994442,0,0.97257,-0.06784,58.354,-0.136,-1,475.000,-1,350.000,200.000,375.000,350.000,300.000,300.000,800.000,175.000,350.000,350.000,975.000,625.000,-1,275.000,2,0,2,1,1,0,1,0,1,0,0,0,1,0,1,2,1
29,6012.308,2439.413,81.984,-66.550,0.396523,0.917352,-0.035142,-0.911031,0.397930,0.108043,0.113097,-0.010826,0.993525,0,1.00000,-0.07909,60.000,-0.158,-1,500.000,-1,375.000,200.000,400.000,400.000,300.000,300.000,700.000,125.000,325.000,375.000,-1,825.000,-1,275.000,2,0,2,1,1,0,1,0,1,0,0,0,1,2,1,2,1
30,6036.009,2384.290,88.443,-66.733,0.394254,0.918508,-0.030111,-0.911169,0.394952,0.117401,0.119726,-0.018849,0.992628,0,1.00000,-0.09147,60.000,-0.183,-1,500.000,-1,400.000,200.000,425.000,425.000,300.000,275.000,625.000,100.000,300.000,425.000,-1,-1,-1,325.000,2,0,2,1,1,0,0,0,1,0,0,0,1,2,2,2,1
31,6059.509,2329.082,94.485,-66.942,0.391474,0.919819,-0.026101,-0.911652,0.391540,0.124847,0.125056,-0.025079,0.991833,0,1.00000,-0.10466,60.000,-0.209,-1,525.000,-1,450.000,200.000,425.000,450.000,300.000,250.000,600.000,100.000,275.000,450.000,-1,-1,-1,375.000,2,0,2,1,1,0,0,0,1,0,0,0,1,2,2,2,1
32,6082.780,2273.777,100.125,-67.179,0.388118,0.921320,-0.023090,-0.912518,0.387679,0.130448,0.129136,-0.029559,0.991186,0,1.00000,-0.11868,60.000,-0.237,-1,525.000,-1,500.000,200.000,450.000,450.000,300.000,225.000,575.000,75.000,275.000,475.000,-1,-1,-1,-1,2,0,2,1,1,0,0,0,1,0,0,0,1,2,2,2,2
33,6105.772,2218.416,105.358,-67.446,0.384139,0.923036,-0.021024,-0.913782,0.383348,0.134338,0.132058,-0.032393,0.990713,0,0.99908,-0.13349,59.945,-0.267,-1,525.000,-1,550.000,200.000,450.000,475.000,300.000,200.000,575.000,75.000,250.000,525.000,-1,-1,-1,-1,2,0,2,1,1,0,0,0,1,0,0,0,1,2,2,2,2
34,-4919.488,8855.109,-399.799,1.236,0.998053,-0.021544,0.058527,0.018444,0.998424,0.053001,-0.059577,-0.051818,0.996878,1,0.00000,0.00000,59.426,-0.298,825.000,350.000,-1,375.000,550.000,300.000,300.000,250.000,400.000,-1,-1,-1,350.000,675.000,500.000,-1,525.000,1,0,2,1,1,0,0,0,0,2,2,2,1,0,1,2,1
35,-4914.688,8855.192,-400.120,0.996,0.998156,-0.017362,0.058165,0.014325,0.998533,0.052225,-0.058986,-0.051295,0.996940,0,0.08000,-0.12000,4.800,-0.240,850.000,350.000,-1,375.000,550.000,300.000,300.000,250.000,400.000,-1,-1,-1,350.000,675.000,500.000,-1,525.000,1,0,2,1,1,0,0,0,0,2,2,2,1,0,1,2,1
36,-4905.089,8855.278,-400.752,0.516,0.998309,-0.008996,0.057437,0.006082,0.998695,0.050714,-0.057818,-0.050279,0.997060,0,0.16000,-0.24000,9.600,-0.480,875.000,350.000,-1,375.000,550.000,300.000,300.000,250.000,400.000,-1,-1,-1,350.000,700.000,500.000,-1,500.000,1,0,2,1,1,0,0,0,0,2,2,2,1,0,1,2,1
37,-4890.689,8855.225,-401.681,-0.204,0.998406,0.003554,0.056335,-0.006295,0.998801,0.048545,-0.056095,-0.048822,0.997231,0,0.24000,-0.36000,14.400,-0.720,900.000,375.000,-1,375.000,525.000,300.000,300.000,250.000,400.000,-1,-1,-1,350.000,700.000,475.000,-1,500.000,1,0,2,1,1,0,0,0,0,2,2,2,1,0,1,2,1
38,-4871.493,8854.833,-402.882,-1.164,0.998289,0.020290,0.054846,-0.022816,0.998689,0.045825,-0.053844,-0.046998,0.997443,0,0.32000,-0.48000,19.200,-0.960,950.000,375.000,-1,350.000,525.000,300.000,300.000,250.000,375.000,-1,-1,-1,350.000,725.000,475.000,-1,475.000,1,0,2,1,1,0,0,0,0,2,2,2,1,0,1,2,1
39,-4847.511,8853.897,-404.323,-2.232,0.997842,0.038904,0.052900,-0.041187,0.998235,0.042787,-0.051142,-0.044874,0.997683,0,0.40000,-0.53397,24.000,-1.068,-1,375.000,-1,350.000,500.000,300.000,300.000,275.000,375.000,-1,-1,-1,375.000,725.000,450.000,-1,450.000,2,0,2,1,1,0,1,0,0,2,2,2,1,0,1,2,1
40,-4818.758,8852.245,-405.975,-3.285,0.997084,0.057256,0.050450,-0.059282,0.997455,0.039625,-0.048053,-0.042500,0.997940,0,0.48000,-0.52673,28.800,-1.053,-1,375.000,-1,350.000,475.000,300.000,300.000,275.000,375.000,-1,-1,-1,375.000,750.000,450.000,-1,450.000,2,0,2,1,1,0,1,0,0,2,2,2,1,0,1,2,1
41,-4786.195,8849.782,-407.773,-4.321,0.996026,0.075290,0.047586,-0.077058,0.996360,0.036463,-0.044668,-0.039985,0.998201,0,0.54428,-0.51804,32.657,-1.036,-1,375.000,-1,325.000,450.000,325.000,300.000,275.000,350.000,-1,-1,-1,400.000,775.000,425.000,-1,400.000,2,0,2,1,1,0,1,0,0,2,2,2,1,0,1,2,1
42,-4753.444,8846.720,-409.518,-5.338,0.994668,0.092960,0.044649,-0.094494,0.994959,0.033567,-0.041304,-0.037607,0.998439,0,0.54822,-0.50815,32.893,-1.016,-1,400.000,-1,300.000,425.000,325.000,275.000,275.000,350.000,-1,-1,-1,400.000,800.000,400.000,-1,375.000,2,0,2,1,1,0,1,0,0,2,2,2,1,0,1,2,1
43,-4720.508,8843.063,-411.216,-6.334,0.993031,0.110255,0.041623,-0.111577,0.993275,0.030907,-0.037935,-0.035336,0.998655,0,0.55231,-0.49815,33.139,-0.996,-1,400.000,-1,300.000,375.000,325.000,275.000,275.000,325.000,-1,-1,-1,425.000,825.000,375.000,-1,350.000,2,0,2,1,1,1,1,0,0,2,2,2,1,0,1,2,1
44,-4687.388,8838.812,-412.873,-7.310,0.991134,0.127168,0.038489,-0.128298,0.991327,0.028453,-0.034537,-0.033138,0.998854,0,0.55653,-0.48803,33.392,-0.976,-1,400.000,850.000,275.000,350.000,325.000,250.000,300.000,325.000,-1,-1,-1,425.000,850.000,350.000,-1,325.000,2,0,1,1,1,1,1,0,0,2,2,2,1,0,1,2,1
45,-4654.086,8833.973,-414.496,-8.266,0.988995,0.143693,0.035225,-0.144646,0.989137,0.026174,-0.031081,-0.030981,0.999037,0,0.56087,-0.47778,33.652,-0.956,-1,400.000,725.000,275.000,325.000,300.000,250.000,300.000,325.000,-1,-1,-1,425.000,875.000,325.000,-1,300.000,2,0,1,1,1,1,1,0,0,2,2,2,1,0,1,2,1
46,-4620.602,8828.549,-416.231,-9.200,0.986638,0.159819,0.031667,-0.160622,0.986709,0.024638,-0.027308,-0.029395,0.999195,0,0.56534,-0.46741,33.920,-0.935,-1,425.000,650.000,250.000,300.000,300.000,225.000,300.000,300.000,-1,-1,-1,450.000,925.000,300.000,-1,275.000,2,0,1,1,1,1,1,0,0,2,2,2,1,0,1,2,1
47,-4586.939,8822.543,-418.140,-10.114,0.984063,0.175540,0.028391,-0.176230,0.984058,0.023950,-0.023734,-0.028572,0.999310,0,0.56992,-0.45692,34.195,-0.914,-1,425.000,600.000,225.000,250.000,275.000,225.000,300.000,300.000,-1,-1,-1,450.000,950.000,275.000,-1,250.000,2,0,1,1,1,1,1,0,0,2,2,2,1,0,1,2,1
48,-4548.633,8815.244,-419.951,-10.788,0.982005,0.187100,0.025680,-0.187720,0.981922,0.024281,-0.020673,-0.028665,0.999375,0,0.64992,-0.33692,38.995,-0.674,-1,425.000,550.000,200.000,225.000,275.000,200.000,300.000,300.000,-1,-1,-1,475.000,975.000,250.000,-1,200.000,2,0,1,1,1,1,1,0,0,2,2,2,1,0,1,2,1
49,-4505.707,8806.561,-418.000,-11.444,0.979959,0.198216,0.019749,-0.198873,0.979201,0.040188,-0.011373,-0.043310,0.998997,0,0.72992,-0.32772,43.795,-0.655,-1,450.000,525.000,200.000,200.000,275.000,200.000,300.000,325.000,-1,600.000,950.000,525.000,-1,250.000,-1,175.000,2,0,1,1,1,1,1,0,0,2,0,0,1,2,1,2,1
50,-4458.186,8796.399,-414.070,-12.087,0.977878,0.208943,0.009834,-0.209136,0.975709,0.065220,0.004032,-0.065833,0.997822,0,0.80992,-0.32175,48.595,-0.644,-1,475.000,500.000,200.000,175.000,275.000,200.000,275.000,375.000,725.000,275.000,600.000,600.000,-1,250.000,-1,175.000,2,0,1,1,1,1,1,0,0,0,0,0,1,2,1,2,1
51,-4409.981,8785.539,-409.613,-12.718,0.975667,0.219255,-0.000583,-0.218262,0.971495,0.092520,0.020852,-0.090141,0.995711,0,0.82354,-0.31542,49.412,-0.631,-1,475.000,475.000,200.000,175.000,275.000,200.000,275.000,450.000,525.000,150.000,425.000,650.000,-1,225.000,-1,150.000,2,1,1,1,1,1,1,0,0,1,0,0,1,2,1,2,1
52,-4361.391,8774.049,-404.619,-13.336,0.973335,0.229102,-0.011422,-0.226047,0.966439,0.122057,0.039002,-0.116220,0.992457,0,0.83215,-0.30918,49.929,-0.618,-1,475.000,500.000,175.000,150.000,275.000,175.000,250.000,525.000,400.000,100.000,350.000,725.000,-1,225.000,-1,150.000,2,1,1,1,1,1,1,0,0,0,0,0,1,2,1,2,1
53,4263.521,9510.980,-285.064,138.340,-0.742685,-0.662533,-0.097308,0.667094,-0.744669,-0.021308,-0.058345,-0.080739,0.995026,1,0.00000,0.00000,50.456,-0.606,-1,400.000,-1,400.000,-1,325.000,325.000,325.000,325.000,-1,-1,-1,-1,825.000,750.000,-1,-1,2,0,2,0,2,0,0,0,0,2,2,2,2,0,0,2,2
54,4259.948,9514.186,-285.349,138.100,-0.739897,-0.665631,-0.097404,0.670207,-0.741870,-0.021277,-0.058099,-0.081023,0.995017,0,0.08000,-0.12000,4.800,-0.240,-1,400.000,-1,400.000,-1,325.000,325.000,325.000,325.000,-1,-1,-1,-1,825.000,750.000,-1,-1,2,0,2,0,2,0,0,0,0,2,2,2,2,0,0,2,2
55,4252.856,9520.657,-285.911,137.620,-0.734283,-0.671792,-0.097592,0.676395,-0.736234,-0.021207,-0.057604,-0.081583,0.995001,0,0.16000,-0.24000,9.600,-0.480,-1,400.000,-1,400.000,-1,325.000,325.000,325.000,325.000,-1,-1,-1,-1,825.000,750.000,-1,-1,2,0,2,0,2,0,0,0,0,2,2,2,2,0,0,2,2
56,4242.339,9530.493,-286.734,136.912,-0.725902,-0.680800,-0.097864,0.685443,-0.727821,-0.021085,-0.056873,-0.082385,0.994976,0,0.24000,-0.35429,14.400,-0.709,-1,400.000,-1,400.000,-1,325.000,325.000,325.000,325.000,-1,-1,-1,-1,825.000,725.000,-1,-1,2,0,2,0,2,0,0,0,0,2,2,2,2,0,0,2,2
57,4228.480,9543.782,-287.810,136.201,-0.717378,-0.689729,-0.098198,0.694411,-0.719276,-0.020879,-0.056230,-0.083168,0.994948,0,0.32000,-0.35528,19.200,-0.711,-1,400.000,-1,400.000,-1,325.000,325.000,325.000,325.000,-1,-1,-1,-1,825.000,725.000,-1,-1,2,0,2,0,2,0,0,0,0,2,2,2,2,0,0,2,2
58,4211.364,9560.607,-289.179,135.488,-0.708711,-0.698571,-0.098621,0.703313,-0.710574,-0.020877,-0.055494,-0.084157,0.994906,0,0.40000,-0.35665,24.000,-0.713,-1,400.000,-1,400.000,-1,325.000,325.000,325.000,325.000,-1,-1,-1,-1,825.000,725.000,-1,-1,2,0,2,0,2,0,0,0,0,2,2,2,2,0,0,2,2
59,4191.080,9581.053,-290.837,134.771,-0.699897,-0.707338,-0.099083,0.712152,-0.701709,-0.021063,-0.054629,-0.085304,0.994856,0,0.48000,-0.35845,28.800,-0.717,-1,400.000,-1,400.000,-1,325.000,325.000,325.000,325.000,-1,-1,-1,-1,800.000,725.000,-1,-1,2,0,2,0,2,0,0,0,0,2,2,2,2,0,0,2,2
60,4167.717,9605.202,-292.721,134.050,-0.690914,-0.716045,-0.099589,0.720934,-0.692678,-0.021239,-0.053775,-0.086472,0.994802,0,0.56000,-0.36070,33.600,-0.721,-1,400.000,-1,400.000,-1,325.000,325.000,325.000,325.000,-1,-1,-1,-1,800.000,725.000,-1,-1,2,0,2,0,2,0,0,0,0,2,2,2,2,0,0,2,2
61,4141.369,9633.137,-294.812,133.323,-0.681751,-0.724699,-0.100131,0.729667,-0.683467,-0.021405,-0.052924,-0.087655,0.994744,0,0.64000,-0.36344,38.400,-0.727,-1,400.000,-1,375.000,-1,325.000,325.000,325.000,325.000,-1,-1,-1,-1,800.000,725.000,-1,-1,2,0,2,0,2,0,0,0,0,2,2,2,2,0,0,2,2
62,4112.133,9664.942,-297.093,132.589,-0.672395,-0.733311,-0.100701,0.738359,-0.674063,-0.021561,-0.052068,-0.088851,0.994683,0,0.72000,-0.36672,43.200,-0.733,-1,400.000,-1,375.000,-1,325.000,325.000,325.000,325.000,-1,-1,-1,-1,800.000,700.000,-1,-1,2,0,2,0,2,0,0,0,0,2,2,2,2,0,0,2,2
63,4080.107,9700.697,-299.543,131.848,-0.662829,-0.741888,-0.101289,0.747018,-0.664449,-0.021707,-0.051197,-0.090053,0.994620,0,0.80000,-0.37058,48.000,-0.741,-1,400.000,-1,375.000,-1,325.000,325.000,325.000,325.000,-1,-1,-1,-1,775.000,700.000,-1,-1,2,0,2,0,2,0,0,0,0,2,2,2,2,0,0,2,2
64,4045.396,9740.485,-302.141,131.101,-0.653074,-0.750409,-0.101887,0.755622,-0.654644,-0.021845,-0.050307,-0.091255,0.994556,0,0.88000,-0.37367,52.800,-0.747,-1,400.000,-1,375.000,-1,325.000,325.000,325.000,325.000,-1,-1,-1,-1,775.000,700.000,-1,-1,2,0,2,0,2,0,0,0,0,2,2,2,2,0,0,2,2
65,4010.129,9781.988,-304.713,130.354,-0.643196,-0.758772,-0.102781,0.764107,-0.644705,-0.022247,-0.049383,-0.092845,0.994455,0,0.90771,-0.37367,54.463,-0.747,-1,400.000,-1,375.000,-1,325.000,325.000,325.000,325.000,-1,-1,-1,-1,750.000,700.000,-1,-1,2,0,2,0,2,0,0,0,0,2,2,2,2,0,0,2,2
66,3975.407,9823.948,-307.198,129.606,-0.633188,-0.766964,-0.104109,0.772478,-0.634628,-0.022929,-0.048485,-0.094941,0.994302,0,0.90771,-0.37367,54.463,-0.747,-1,400.000,-1,375.000,-1,325.000,300.000,325.000,325.000,-1,-1,-1,-1,725.000,675.000,-1,-1,2,0,2,0,2,0,0,0,0,2,2,2,2,0,0,2,2
67,3940.565,9866.818,-309.627,129.099,-0.626311,-0.772410,-0.105436,0.778099,-0.627696,-0.023648,-0.047916,-0.096850,0.994145,0,0.92071,-0.25367,55.243,-0.507,-1,400.000,-1,375.000,-1,325.000,300.000,325.000,325.000,-1,-1,-1,-1,725.000,675.000,-1,-1,2,0,2,0,2,0,0,0,0,2,2,2,2,0,0,2,2
68,3905.924,9909.851,-311.986,128.832,-0.622633,-0.775198,-0.106754,0.781060,-0.623978,-0.024425,-0.047678,-0.098589,0.993985,0,0.92071,-0.13367,55.243,-0.267,-1,375.000,-1,375.000,-1,300.000,300.000,325.000,325.000,-1,-1,-1,-1,700.000,675.000,-1,-1,2,0,2,0,2,0,0,0,0,2,2,2,2,0,0,2,2
69,3871.304,9952.899,-314.349,128.804,-0.622202,-0.775358,-0.108099,0.781408,-0.623497,-0.025532,-0.047603,-0.100355,0.993812,0,0.92071,-0.01367,55.243,-0.027,-1,375.000,-1,375.000,-1,300.000,300.000,325.000,325.000,-1,-1,-1,-1,700.000,650.000,-1,-1,2,0,2,0,2,0,0,0,0,2,2,2,2,0,0,2,2
70,3836.525,9995.820,-316.975,129.017,-0.625129,-0.772970,-0.108307,0.779104,-0.626316,-0.026931,-0.047017,-0.101218,0.993753,0,0.92071,0.10633,55.243,0.213,-1,375.000,-1,375.000,-1,300.000,300.000,325.000,325.000,-1,-1,-1,-1,675.000,650.000,-1,-1,2,0,2,0,2,0,0,0,0,2,2,2,2,0,0,2,2
71,3801.409,10038.464,-319.582,129.470,-0.631261,-0.767939,-0.108535,0.774157,-0.632355,-0.028431,-0.046799,-0.101970,0.993686,0,0.92071,0.22633,55.243,0.453,-1,375.000,-1,375.000,-1,300.000,300.000,325.000,325.000,-1,-1,-1,-1,675.000,625.000,-1,1000.000,2,0,2,0,2,0,0,0,0,2,2,2,2,0,0,2,0
72,3765.780,10080.680,-322.192,130.162,-0.640534,-0.760187,-0.108773,0.766493,-0.641549,-0.030048,-0.046941,-0.102621,0.993612,0,0.92071,0.34633,55.243,0.693,-1,375.000,-1,375.000,-1,300.000,300.000,300.000,325.000,-1,-1,-1,-1,675.000,625.000,-1,975.000,2,0,2,0,2,0,0,0,0,2,2,2,2,0,0,2,0
73,3729.469,10122.312,-324.666,131.095,-0.652932,-0.749651,-0.108183,0.755962,-0.653844,-0.031766,-0.046921,-0.102523,0.993623,0,0.92071,0.46633,55.243,0.933,-1,375.000,-1,375.000,-1,300.000,300.000,325.000,325.000,-1,-1,-1,-1,650.000,625.000,-1,925.000,2,0,2,0,2,0,0,0,0,2,2,2,2,0,0,2,0
74,3692.374,10163.346,-327.076,132.114,-0.666317,-0.737940,-0.107084,0.744206,-0.667107,-0.033548,-0.046680,-0.102046,0.993684,0,0.92196,0.50954,55.318,1.019,-1,375.000,-1,375.000,975.000,300.000,300.000,325.000,325.000,-1,-1,-1,-1,650.000,600.000,-1,900.000,2,0,2,0,0,0,0,0,0,2,2,2,2,0,0,2,0
75,3654.498,10203.765,-329.499,133.140,-0.679593,-0.725910,-0.105870,0.732125,-0.680251,-0.035385,-0.046332,-0.101557,0.993750,0,0.92323,0.51312,55.394,1.026,-1,375.000,-1,375.000,950.000,300.000,300.000,325.000,325.000,-1,-1,-1,-1,650.000,600.000,-1,875.000,2,0,2,0,0,0,0,0,0,2,2,2,2,0,0,2,0
76,3615.849,10243.548,-331.941,134.174,-0.692721,-0.713562,-0.104720,0.719726,-0.693269,-0.037039,-0.046169,-0.101028,0.993812,0,0.92445,0.51669,55.467,1.033,-1,375.000,-1,350.000,900.000,300.000,300.000,325.000,325.000,-1,650.000,-1,-1,625.000,600.000,-1,825.000,2,0,2,0,0,0,0,0,0,2,0,2,2,0,0,2,0
77,3576.433,10282.670,-334.292,135.214,-0.705690,-0.700868,-0.103855,0.707020,-0.706125,-0.038870,-0.046092,-0.100858,0.993833,0,0.92562,0.52026,55.537,1.041,-1,375.000,-1,350.000,850.000,300.000,300.000,325.000,325.000,-1,625.000,-1,-1,625.000,575.000,-1,800.000,2,0,2,0,0,0,0,0,0,2,0,2,2,0,0,2,0
78,3536.259,10321.112,-336.727,136.262,-0.718544,-0.687813,-0.102992,0.693989,-0.718794,-0.041418,-0.045542,-0.101236,0.993819,0,0.92674,0.52382,55.605,1.048,-1,375.000,-1,350.000,825.000,300.000,300.000,325.000,325.000,-1,575.000,725.000,-1,625.000,575.000,-1,775.000,2,0,2,0,0,0,0,0,0,2,0,0,2,0,0,2,0
79,3495.336,10358.851,-339.165,137.317,-0.731257,-0.674422,-0.102069,0.680631,-0.731287,-0.044278,-0.044779,-0.101850,0.993791,0,0.92782,0.52739,55.669,1.055,-1,375.000,-1,350.000,800.000,300.000,300.000,325.000,325.000,-1,525.000,625.000,-1,600.000,575.000,1000.000,775.000,2,0,2,0,0,0,0,0,0,2,0,0,2,0,0,0,0
80,3453.676,10395.866,-341.586,138.378,-0.743814,-0.660702,-0.101065,0.666945,-0.743602,-0.047330,-0.043881,-0.102610,0.993753,0,0.92883,0.53095,55.730,1.062,-1,350.000,-1,350.000,775.000,300.000,300.000,325.000,325.000,-1,500.000,600.000,-1,600.000,550.000,950.000,750.000,2,0,2,0,0,0,0,0,0,2,0,0,2,0,0,0,0
81,3411.288,10432.134,-343.906,139.447,-0.756221,-0.646632,-0.099986,0.652928,-0.755703,-0.050966,-0.042603,-0.103825,0.993683,0,0.92980,0.53450,55.788,1.069,975.000,350.000,-1,350.000,775.000,300.000,300.000,325.000,325.000,-1,450.000,550.000,-1,600.000,550.000,925.000,725.000,0,0,2,0,0,0,0,0,0,2,0,0,2,0,0,0,0
82,3368.184,10467.633,-345.826,140.524,-0.768540,-0.632166,-0.098550,0.638547,-0.767521,-0.056295,-0.040051,-0.106194,0.993539,0,0.93070,0.53806,55.842,1.076,975.000,350.000,-1,350.000,800.000,300.000,300.000,325.000,325.000,-1,400.000,500.000,-1,600.000,550.000,925.000,750.000,0,0,2,0,0,0,0,0,0,2,0,0,2,0,0,0,0
83,3324.378,10502.344,-347.429,141.607,-0.780801,-0.617469,-0.095301,0.623719,-0.779240,-0.061316,-0.036402,-0.107317,0.993558,0,0.93154,0.54160,55.893,1.083,975.000,350.000,-1,350.000,825.000,300.000,300.000,325.000,325.000,-1,325.000,450.000,-1,600.000,550.000,925.000,775.000,0,0,2,0,0,0,0,0,0,2,0,0,2,0,0,0,0
84,3279.883,10536.243,-349.042,142.697,-0.792846,-0.602451,-0.091910,0.608543,-0.790744,-0.066332,-0.032715,-0.108523,0.993555,0,0.93232,0.54513,55.939,1.090,975.000,350.000,-1,350.000,850.000,300.000,300.000,325.000,325.000,-1,300.000,400.000,-1,625.000,575.000,925.000,800.000,0,0,2,0,0,0,0,0,0,2,0,0,2,0,0,0,0
85,3234.712,10569.309,-350.670,143.794,-0.804666,-0.587114,-0.088377,0.593019,-0.802022,-0.071333,-0.029000,-0.109809,0.993530,0,0.93304,0.54866,55.982,1.097,975.000,375.000,-1,350.000,900.000,300.000,300.000,325.000,325.000,-1,250.000,350.000,-1,625.000,575.000,925.000,825.000,0,0,2,0,0,0,0,0,0,2,0,0,2,0,0,0,0
86,3188.880,10601.522,-352.121,144.899,-0.816207,-0.571520,-0.084676,0.577179,-0.813151,-0.075168,-0.025894,-0.110226,0.993569,0,0.93369,0.55217,56.021,1.104,975.000,375.000,-1,350.000,925.000,300.000,300.000,325.000,300.000,-1,225.000,300.000,-1,625.000,575.000,925.000,875.000,0,0,2,0,0,0,0,0,0,2,0,0,2,0,0,0,0
87,3142.404,10632.860,-353.564,146.010,-0.827492,-0.555636,-0.080779,0.561011,-0.824064,-0.078650,-0.022866,-0.110400,0.993624,0,0.93427,0.55550,56.056,1.111,1000.000,375.000,-1,350.000,975.000,300.000,300.000,325.000,300.000,-1,225.000,275.000,-1,625.000,575.000,950.000,900.000,0,0,2,0,0,0,0,0,0,2,0,0,2,0,0,0,0
88,3095.300,10663.302,-354.982,147.127,-0.838498,-0.539448,-0.076924,0.544538,-0.834718,-0.081997,-0.019976,-0.110643,0.993659,0,0.93478,0.55861,56.087,1.117,1000.000,375.000,-1,350.000,1000.000,300.000,300.000,325.000,300.000,-1,200.000,250.000,-1,625.000,575.000,950.000,975.000,0,0,2,0,0,0,0,0,0,2,0,0,2,0,0,0,0
89,3050.145,10691.512,-356.003,148.004,-0.847007,-0.526521,-0.073174,0.531335,-0.842744,-0.086405,-0.016172,-0.112066,0.993569,0,0.88739,0.43861,53.244,0.877,-1,375.000,-1,350.000,-1,300.000,300.000,325.000,300.000,-1,200.000,250.000,-1,625.000,600.000,975.000,-1,2,0,2,0,2,0,0,0,0,2,0,0,2,0,0,0,2
90,3004.670,10719.224,-356.958,148.641,-0.853149,-0.517021,-0.069474,0.521529,-0.848392,-0.090767,-0.012013,-0.113671,0.993446,0,0.88758,0.31861,53.255,0.637,-1,375.000,-1,350.000,-1,300.000,300.000,325.000,300.000,-1,200.000,225.000,-1,625.000,600.000,1000.000,-1,2,0,2,0,2,0,0,0,0,2,0,0,2,0,0,0,2
91,2958.925,10746.477,-357.865,149.213,-0.858583,-0.508431,-0.065825,0.512613,-0.853353,-0.094957,-0.007893,-0.115271,0.993303,0,0.88747,0.28601,53.248,0.572,-1,375.000,-1,350.000,-1,300.000,300.000,325.000,300.000,-1,175.000,225.000,-1,625.000,625.000,-1,-1,2,0,2,0,2,0,0,0,0,2,0,0,2,0,0,2,2
92,2912.924,10773.259,-358.712,149.790,-0.863947,-0.499717,-0.062282,0.503567,-0.858267,-0.098985,-0.003990,-0.116881,0.993138,0,0.88717,0.28851,53.230,0.577,-1,375.000,-1,350.000,-1,300.000,300.000,325.000,300.000,-1,175.000,225.000,-1,625.000,625.000,-1,-1,2,0,2,0,2,0,0,0,0,2,0,0,2,0,0,2,2
93,2866.674,10799.559,-359.150,150.372,-0.869175,-0.490808,-0.060358,0.494503,-0.862998,-0.103444,-0.001318,-0.119758,0.992802,0,0.88676,0.29086,53.205,0.582,-1,375.000,-1,350.000,-1,300.000,300.000,300.000,300.000,1000.000,175.000,225.000,-1,625.000,650.000,-1,-1,2,0,2,0,2,0,0,0,0,0,0,0,2,0,0,2,2
94,2820.186,10825.368,-359.561,150.958,-0.874338,-0.481789,-0.058417,0.485316,-0.867676,-0.107732,0.001217,-0.122545,0.992462,0,0.88622,0.29305,53.173,0.586,-1,375.000,-1,375.000,-1,300.000,300.000,300.000,300.000,975.000,200.000,250.000,-1,625.000,650.000,-1,-1,2,0,2,0,2,0,0,0,0,0,0,0,2,0,0,2,2
95,2773.469,10850.680,-359.718,151.548,-0.879389,-0.472719,-0.056677,0.476096,-0.872395,-0.110721,0.002895,-0.124350,0.992234,0,0.88558,0.29509,53.135,0.590,1000.000,350.000,-1,375.000,-1,300.000,300.000,300.000,300.000,975.000,200.000,275.000,-1,625.000,650.000,-1,-1,0,0,2,0,2,0,0,0,0,0,0,0,2,0,0,2,2
96,2726.532,10875.486,-359.703,152.142,-0.884338,-0.463583,-0.055100,0.466830,-0.877123,-0.112810,0.003967,-0.125484,0.992088,0,0.88482,0.29697,53.089,0.594,1000.000,350.000,-1,375.000,-1,300.000,300.000,300.000,300.000,1000.000,225.000,300.000,-1,600.000,650.000,-1,-1,0,0,2,0,2,0,0,0,0,0,0,0,2,0,0,2,2
97,2679.386,10899.780,-359.300,152.740,-0.889272,-0.454438,-0.051791,0.457338,-0.881955,-0.114001,0.006129,-0.125064,0.992130,0,0.88397,0.29869,53.038,0.597,-1,350.000,-1,375.000,-1,300.000,300.000,300.000,300.000,-1,250.000,325.000,-1,625.000,675.000,-1,-1,2,0,2,0,2,0,0,0,0,2,0,0,2,0,0,2,2
98,2632.039,10923.555,-358.649,153.340,-0.894150,-0.445250,-0.047418,0.447679,-0.886829,-0.114533,0.008944,-0.123638,0.992287,0,0.88303,0.30023,52.982,0.600,-1,350.000,-1,375.000,-1,300.000,300.000,325.000,300.000,-1,275.000,325.000,-1,625.000,675.000,-1,-1,2,0,2,0,2,0,0,0,0,2,0,0,2,0,0,2,2
99,2584.500,10946.803,-357.953,153.943,-0.898933,-0.435977,-0.042950,0.437929,-0.891648,-0.114815,0.011760,-0.122019,0.992458,0,0.88200,0.30162,52.920,0.603,-1,350.000,-1,375.000,-1,300.000,300.000,325.000,300.000,-1,300.000,350.000,-1,650.000,700.000,-1,-1,2,0,2,0,2,0,0,0,0,2,0,0,2,0,0,2,2
100,2536.777,10969.518,-357.160,154.549,-0.903596,-0.426584,-0.039239,0.428156,-0.896326,-0.115248,0.013992,-0.120938,0.992561,0,0.88090,0.30283,52.854,0.606,-1,375.000,-1,375.000,-1,300.000,300.000,325.000,300.000,-1,325.000,350.000,-1,650.000,725.000,-1,-1,2,0,2,0,2,0,0,0,0,2,0,0,2,0,0,2,2
101,2488.879,10991.695,-356.245,155.157,-0.908143,-0.417076,-0.036385,0.418370,-0.900850,-0.115911,0.015566,-0.120486,0.992593,0,0.87974,0.30387,52.784,0.608,-1,375.000,-1,375.000,-1,300.000,300.000,325.000,300.000,-1,350.000,375.000,-1,650.000,725.000,-1,-1,2,0,2,0,2,0,0,0,0,2,0,0,2,0,0,2,2
102,2445.192,11011.541,-355.165,155.568,-0.911214,-0.410566,-0.033536,0.411539,-0.903762,-0.117687,0.018010,-0.121039,0.992484,0,0.79974,0.20580,47.984,0.412,-1,375.000,-1,375.000,-1,300.000,300.000,325.000,300.000,-1,375.000,400.000,-1,675.000,750.000,-1,-1,2,0,2,0,2,0,0,0,0,2,0,0,2,0,0,2,2
103,2405.747,11029.119,-354.233,155.981,-0.914223,-0.404020,-0.031063,0.404719,-0.906644,-0.119158,0.019979,-0.121509,0.992389,0,0.71974,0.20642,43.184,0.413,-1,375.000,-1,375.000,-1,300.000,325.000,300.000,300.000,-1,375.000,425.000,-1,675.000,775.000,-1,-1,2,0,2,0,2,0,0,0,0,2,0,0,2,0,0,2,2
104,2370.575,11044.489,-353.444,156.395,-0.917170,-0.397444,-0.028942,0.397916,-0.909495,-0.120338,0.021505,-0.121887,0.992311,0,0.63974,0.20685,38.384,0.414,-1,375.000,-1,400.000,-1,300.000,325.000,300.000,300.000,-1,400.000,425.000,-1,700.000,800.000,-1,-1,2,0,2,0,2,0,0,0,0,2,0,0,2,0,0,2,2
105,2339.705,11057.714,-352.787,156.809,-0.920057,-0.390844,-0.027142,0.391131,-0.912311,-0.121269,0.022635,-0.122191,0.992248,0,0.55974,0.20712,33.584,0.414,-1,375.000,-1,400.000,-1,325.000,325.000,300.000,300.000,-1,400.000,450.000,-1,700.000,825.000,-1,-1,2,0,2,0,2,0,0,0,0,2,0,0,2,0,0,2,2
106,2313.166,11068.857,-352.251,157.224,-0.922885,-0.384221,-0.025639,0.384363,-0.915087,-0.121987,0.023408,-0.122435,0.992200,0,0.47974,0.20728,28.784,0.415,-1,375.000,-1,400.000,-1,325.000,325.000,300.000,300.000,-1,425.000,450.000,-1,700.000,825.000,-1,-1,2,0,2,0,2,0,0,0,0,2,0,0,2,0,0,2,2
107,2290.985,11077.981,-351.825,157.639,-0.925656,-0.377577,-0.024413,0.377613,-0.917822,-0.122523,0.023855,-0.122633,0.992165,0,0.39974,0.20737,23.984,0.415,-1,375.000,-1,400.000,-1,325.000,325.000,300.000,300.000,-1,425.000,450.000,-1,725.000,850.000,-1,-1,2,0,2,0,2,0,0,0,0,2,0,0,2,0,0,2,2
108,2273.192,11085.150,-351.499,158.053,-0.928371,-0.370915,-0.023447,0.370879,-0.920512,-0.122903,0.024003,-0.122796,0.992142,0,0.31974,0.20741,19.184,0.415,-1,375.000,-1,400.000,-1,325.000,325.000,300.000,300.000,-1,425.000,450.000,-1,725.000,850.000,-1,-1,2,0,2,0,2,0,0,0,0,2,0,0,2,0,0,2,2
109,2259.812,11090.429,-351.264,158.468,-0.931030,-0.364234,-0.022731,0.364161,-0.923158,-0.123150,0.023871,-0.122935,0.992128,0,0.23974,0.20743,14.384,0.415,-1,375.000,-1,400.000,-1,325.000,325.000,300.000,300.000,-1,425.000,450.000,-1,725.000,875.000,-1,-1,2,0,2,0,2,0,0,0,0,2,0,0,2,0,0,2,2
110,2250.872,11093.882,-351.111,158.883,-0.933635,-0.357535,-0.022257,0.357457,-0.925757,-0.123282,0.023473,-0.123056,0.992122,0,0.15974,0.20743,9.584,0.415,-1,375.000,-1,400.000,-1,325.000,325.000,300.000,300.000,-1,425.000,450.000,-1,725.000,875.000,-1,-1,2,0,2,0,2,0,0,0,0,2,0,0,2,0,0,2,2
111,2246.397,11095.572,-351.031,159.298,-0.936185,-0.350817,-0.022023,0.350766,-0.928309,-0.123313,0.022816,-0.123168,0.992123,0,0.07974,0.20744,4.784,0.415,-1,375.000,-1,400.000,-1,325.000,325.000,300.000,300.000,-1,425.000,450.000,-1,725.000,875.000,-1,-1,2,0,2,0,2,0,0,0,0,2,0,0,2,0,0,2,2
112,2246.412,11095.566,-351.017,159.713,-0.938681,-0.344081,-0.022030,0.344089,-0.930812,-0.123253,0.021903,-0.123276,0.992131,0,-0.00026,0.20744,-0.016,0.415,-1,375.000,-1,400.000,-1,325.000,325.000,300.000,300.000,-1,425.000,450.000,-1,725.000,875.000,-1,-1,2,0,2,0,2,0,0,0,0,2,0,0,2,0,0,2,2
113,2250.942,11093.928,-351.061,160.128,-0.941124,-0.337328,-0.022284,0.337427,-0.933267,-0.123111,0.020732,-0.123382,0.992143,0,-0.08026,0.20744,-4.816,0.415,-1,375.000,-1,400.000,-1,325.000,325.000,300.000,300.000,-1,450.000,450.000,-1,725.000,875.000,-1,-1,2,0,2,0,2,0,0,0,0,2,0,0,2,0,0,2,2
114,2260.009,11090.725,-351.155,160.543,-0.943511,-0.330557,-0.022793,0.330780,-0.935672,-0.122892,0.019296,-0.123489,0.992158,0,-0.16026,0.20743,-9.616,0.415,-1,375.000,-1,400.000,-1,325.000,325.000,300.000,300.000,-1,450.000,450.000,-1,700.000,850.000,-1,-1,2,0,2,0,2,0,0,0,0,2,0,0,2,0,0,2,2
115,2273.636,11086.020,-351.292,160.957,-0.945842,-0.323771,-0.023572,0.324151,-0.938028,-0.122598,0.017582,-0.123600,0.992176,0,-0.24026,0.20738,-14.416,0.415,-1,375.000,-1,400.000,-1,325.000,325.000,300.000,300.000,-1,450.000,450.000,-1,700.000,850.000,-1,-1,2,0,2,0,2,0,0,0,0,2,0,0,2,0,0,2,2
116,2288.198,11081.111,-351.430,161.372,-0.948121,-0.316971,-0.024426,0.317518,-0.940333,-0.122297,0.015796,-0.123708,0.992193,0,-0.25611,0.20727,-15.367,0.415,-1,375.000,-1,400.000,-1,325.000,325.000,300.000,300.000,-1,450.000,450.000,-1,700.000,825.000,-1,-1,2,0,2,0,2,0,0,0,0,2,0,0,2,0,0,2,2
117,2302.735,11076.327,-351.557,161.786,-0.950348,-0.310161,-0.025299,0.310876,-0.942587,-0.122008,0.013995,-0.123815,0.992207,0,-0.25505,0.20712,-15.303,0.414,-1,375.000,-1,400.000,-1,325.000,325.000,300.000,300.000,-1,450.000,450.000,-1,700.000,825.000,-1,-1,2,0,2,0,2,0,0,0,0,2,0,0,2,0,0,2,2
118,2317.245,11071.667,-351.673,162.200,-0.952522,-0.303340,-0.026192,0.304225,-0.944790,-0.121731,0.012179,-0.123919,0.992218,0,-0.25400,0.20692,-15.240,0.414,-1,375.000,-1,400.000,-1,300.000,325.000,300.000,300.000,-1,450.000,450.000,-1,700.000,825.000,-1,-1,2,0,2,0,2,0,0,0,0,2,0,0,2,0,0,2,2
119,2331.730,11067.131,-351.780,162.613,-0.954644,-0.296512,-0.027104,0.297568,-0.946942,-0.121466,0.010350,-0.124022,0.992225,0,-0.25296,0.20669,-15.178,0.413,-1,375.000,-1,400.000,-1,300.000,325.000,300.000,300.000,-1,425.000,450.000,-1,675.000,800.000,-1,-1,2,0,2,0,2,0,0,0,0,2,0,0,2,0,0,2,2
120,2346.188,11062.717,-351.875,163.026,-0.956714,-0.289677,-0.028033,0.290906,-0.949042,-0.121214,0.008508,-0.124122,0.992230,0,-0.25194,0.20642,-15.116,0.413,-1,375.000,-1,400.000,-1,300.000,325.000,300.000,300.000,-1,425.000,450.000,-1,675.000,800.000,-1,-1,2,0,2,0,2,0,0,0,0,2,0,0,2,0,0,2,2
121,2360.620,11058.424,-351.961,163.438,-0.958730,-0.282838,-0.028980,0.284241,-0.951090,-0.120977,0.006654,-0.124221,0.992232,0,-0.25093,0.20611,-15.056,0.412,-1,375.000,-1,400.000,-1,300.000,325.000,300.000,300.000,-1,425.000,450.000,-1,675.000,800.000,-1,-1,2,0,2,0,2,0,0,0,0,2,0,0,2,0,0,2,2
122,2375.026,11054.252,-352.037,163.850,-0.960692,-0.275996,-0.029943,0.277575,-0.953085,-0.120754,0.004790,-0.124318,0.992231,0,-0.24995,0.20577,-14.997,0.412,-1,375.000,-1,375.000,-1,300.000,325.000,325.000,300.000,-1,425.000,450.000,-1,675.000,775.000,-1,-1,2,0,2,0,2,0,0,0,0,2,0,0,2,0,0,2,2
123,2389.405,11050.199,-352.102,164.261,-0.962601,-0.269153,-0.030921,0.270908,-0.955028,-0.120546,0.002915,-0.124414,0.992226,0,-0.24899,0.20539,-14.939,0.411,-1,375.000,-1,375.000,-1,300.000,300.000,325.000,300.000,-1,425.000,450.000,-1,675.000,775.000,-1,-1,2,0,2,0,2,0,0,0,0,2,0,0,2,0,0,2,2
124,2403.759,11046.263,-352.158,164.671,-0.964456,-0.262310,-0.031914,0.264243,-0.956917,-0.120353,0.001030,-0.124508,0.992218,0,-0.24805,0.20497,-14.883,0.410,-1,375.000,-1,375.000,-1,300.000,300.000,325.000,300.000,-1,425.000,450.000,-1,675.000,750.000,-1,-1,2,0,2,0,2,0,0,0,0,2,0,0,2,0,0,2,2
125,2418.087,11042.445,-352.204,165.080,-0.966256,-0.255469,-0.032922,0.257581,-0.958754,-0.120177,-0.000862,-0.124601,0.992206,0,-0.24713,0.20451,-14.828,0.409,-1,375.000,-1,375.000,-1,300.000,300.000,325.000,300.000,-1,425.000,450.000,-1,650.000,750.000,-1,-1,2,0,2,0,2,0,0,0,0,2,0,0,2,0,0,2,2
126,2432.391,11038.741,-352.241,165.488,-0.968003,-0.248632,-0.033942,0.250923,-0.960538,-0.120017,-0.002763,-0.124693,0.992191,0,-0.24624,0.20402,-14.774,0.408,-1,375.000,-1,375.000,-1,300.000,300.000,325.000,300.000,-1,425.000,450.000,-1,650.000,750.000,-1,-1,2,0,2,0,2,0,0,0,0,2,0,0,2,0,0,2,2
127,2446.670,11035.153,-352.268,165.895,-0.969696,-0.241800,-0.034976,0.244272,-0.962269,-0.119873,-0.004671,-0.124784,0.992173,0,-0.24538,0.20350,-14.723,0.407,-1,375.000,-1,375.000,-1,300.000,300.000,325.000,300.000,-1,425.000,450.000,-1,650.000,725.000,-1,-1,2,0,2,0,2,0,0,0,0,2,0,0,2,0,0,2,2
128,2460.925,11031.677,-352.285,166.301,-0.971334,-0.234975,-0.036021,0.237628,-0.963947,-0.119747,-0.006585,-0.124874,0.992151,0,-0.24454,0.20294,-14.672,0.406,-1,375.000,-1,375.000,-1,300.000,300.000,325.000,300.000,-1,425.000,450.000,-1,650.000,725.000,-1,-1,2,0,2,0,2,0,0,0,0,2,0,0,2,0,0,2,2
129,2475.158,11028.313,-352.293,166.705,-0.972918,-0.228157,-0.037077,0.230994,-0.965572,-0.119639,-0.008504,-0.124963,0.992125,0,-0.24374,0.20235,-14.624,0.405,-1,350.000,-1,375.000,-1,300.000,300.000,325.000,300.000,-1,425.000,450.000,-1,650.000,725.000,-1,-1,2,0,2,0,2,0,0,0,0,2,0,0,2,0,0,2,2
130,2484.726,11026.081,-352.294,166.870,-0.973538,-0.225379,-0.037779,0.228324,-0.966218,-0.119547,-0.009560,-0.125009,0.992110,0,-0.16374,0.08235,-9.824,0.165,-1,350.000,-1,375.000,-1,300.000,300.000,325.000,300.000,-1,425.000,475.000,-1,650.000,725.000,-1,-1,2,0,2,0,2,0,0,0,0,2,0,0,2,0,0,2,2
131,2489.617,11024.933,-352.292,166.795,-0.973230,-0.226649,-0.038118,0.229625,-0.965920,-0.119458,-0.009744,-0.125013,0.992107,0,-0.08374,-0.03765,-5.024,-0.075,-1,350.000,-1,375.000,-1,300.000,300.000,325.000,300.000,-1,425.000,475.000,-1,650.000,725.000,-1,-1,2,0,2,0,2,0,0,0,0,2,0,0,2,0,0,2,2
132,2489.834,11024.881,-352.284,166.479,-0.971979,-0.231962,-0.038088,0.234894,-0.964663,-0.119372,-0.009052,-0.124974,0.992119,0,-0.00374,-0.15765,-0.224,-0.315,-1,350.000,-1,375.000,-1,300.000,300.000,325.000,300.000,-1,425.000,475.000,-1,650.000,725.000,-1,-1,2,0,2,0,2,0,0,0,0,2,0,0,2,0,0,2,2
