timestep,x_cm,y_cm,z_cm,yaw_deg,basis_xx,basis_xy,basis_xz,basis_yx,basis_yy,basis_yz,basis_zx,basis_zy,basis_zz,teleport_flag,throttle_cmd,steering_cmd,cmd_move_cm,cmd_turn_deg,lidar_cm_0,lidar_cm_1,lidar_cm_2,lidar_cm_3,lidar_cm_4,lidar_cm_5,lidar_cm_6,lidar_cm_7,lidar_cm_8,lidar_cm_9,lidar_cm_10,lidar_cm_11,lidar_cm_12,lidar_cm_13,lidar_cm_14,lidar_cm_15,lidar_cm_16,lidar_class_0,lidar_class_1,lidar_class_2,lidar_class_3,lidar_class_4,lidar_class_5,lidar_class_6,lidar_class_7,lidar_class_8,lidar_class_9,lidar_class_10,lidar_class_11,lidar_class_12,lidar_class_13,lidar_class_14,lidar_class_15,lidar_class_16
0,7539.212,-325.323,78.070,146.586,-0.834192,-0.550672,0.029748,0.550615,-0.834689,-0.010812,0.030784,0.007360,0.999499,1,0.08000,0.12000,4.800,0.240,-1,375.000,-1,400.000,-1,325.000,325.000,325.000,325.000,800.000,575.000,500.000,-1,750.000,825.000,-1,-1,2,0,2,0,2,0,0,0,0,1,0,0,2,0,0,2,2
1,7531.155,-320.104,78.345,147.066,-0.838764,-0.543660,0.030156,0.543603,-0.839273,-0.010785,0.031172,0.007346,0.999487,0,0.16000,0.24000,9.600,0.480,-1,375.000,-1,400.000,-1,325.000,325.000,325.000,325.000,800.000,575.000,500.000,-1,750.000,825.000,-1,-1,2,0,2,0,2,0,0,0,0,1,0,0,2,0,0,2,2
2,7518.972,-312.427,78.758,147.786,-0.845511,-0.533071,0.030764,0.533013,-0.846039,-0.010737,0.031751,0.007320,0.999469,0,0.24000,0.36000,14.400,0.720,-1,375.000,-1,400.000,-1,325.000,325.000,325.000,325.000,825.000,575.000,500.000,-1,750.000,850.000,-1,-1,2,0,2,0,2,0,0,0,0,1,0,0,2,0,0,2,2
3,7502.558,-302.466,79.311,148.746,-0.854300,-0.518821,0.031569,0.518763,-0.854852,-0.010655,0.032515,0.007274,0.999445,0,0.32000,0.48000,19.200,0.960,-1,375.000,-1,400.000,-1,325.000,325.000,325.000,325.000,825.000,575.000,500.000,-1,750.000,850.000,-1,-1,2,0,2,0,2,0,0,0,0,1,0,0,2,0,0,2,2
4,7481.816,-290.393,80.003,149.799,-0.863656,-0.503029,0.032572,0.502971,-0.864239,-0.010545,0.033454,0.007276,0.999414,0,0.40000,0.52634,24.000,1.053,-1,375.000,-1,400.000,-1,325.000,325.000,325.000,325.000,825.000,575.000,500.000,-1,750.000,850.000,-1,-1,2,0,2,0,2,0,0,0,0,1,0,0,2,0,0,2,2
5,7456.667,-276.357,80.834,150.834,-0.872565,-0.487329,0.033773,0.487274,-0.873187,-0.010405,0.034561,0.007378,0.999375,0,0.48000,0.51771,28.800,1.035,-1,375.000,-1,400.000,-1,325.000,325.000,325.000,325.000,850.000,550.000,475.000,-1,750.000,850.000,-1,-1,2,0,2,0,2,0,0,0,0,1,0,0,2,0,0,2,2
6,7427.042,-260.505,81.806,151.849,-0.881011,-0.471787,0.035168,0.471737,-0.881680,-0.010222,0.035829,0.007584,0.999329,0,0.56000,0.50741,33.600,1.015,-1,400.000,-1,400.000,-1,325.000,325.000,325.000,325.000,875.000,525.000,425.000,-1,775.000,875.000,-1,-1,2,0,2,0,2,0,0,0,0,1,0,0,2,0,0,2,2
7,7392.876,-242.976,82.921,152.840,-0.888981,-0.456468,0.036750,0.456427,-0.889705,-0.009982,0.037253,0.007900,0.999275,0,0.64000,0.49545,38.400,0.991,-1,400.000,-1,400.000,-1,325.000,325.000,325.000,325.000,900.000,500.000,400.000,-1,775.000,875.000,-1,-1,2,0,2,0,2,0,0,0,0,1,0,0,2,0,0,2,2
8,7355.592,-224.633,84.251,153.803,-0.896482,-0.441437,0.038114,0.441433,-0.897249,-0.008979,0.038161,0.008775,0.999233,0,0.69252,0.48182,41.551,0.964,-1,400.000,-1,400.000,-1,325.000,325.000,325.000,325.000,950.000,500.000,400.000,-1,775.000,875.000,-1,-1,2,0,2,0,2,0,0,0,0,1,0,0,2,0,0,2,2
9,7317.522,-206.668,85.641,154.738,-0.903526,-0.426745,0.039105,0.426791,-0.904319,-0.007596,0.038605,0.009826,0.999206,0,0.70160,0.46710,42.096,0.934,-1,400.000,-1,400.000,-1,325.000,325.000,325.000,325.000,975.000,500.000,400.000,-1,800.000,875.000,-1,-1,2,0,2,0,2,0,0,0,0,1,0,0,2,0,0,2,2
10,7278.675,-189.081,87.029,155.642,-0.910121,-0.412413,0.039944,0.412508,-0.910933,-0.006228,0.038955,0.010810,0.999182,0,0.71072,0.45222,42.643,0.904,-1,400.000,-1,400.000,-1,325.000,325.000,325.000,325.000,-1,525.000,425.000,-1,825.000,875.000,-1,-1,2,0,2,0,2,0,0,0,0,2,0,0,2,0,0,2,2
11,7239.060,-171.869,88.406,156.516,-0.916286,-0.398461,0.040592,0.398603,-0.917111,-0.004904,0.039181,0.011687,0.999164,0,0.71988,0.43716,43.193,0.874,-1,400.000,-1,400.000,-1,325.000,325.000,325.000,300.000,-1,550.000,425.000,-1,825.000,875.000,-1,-1,2,0,2,0,2,0,0,0,0,2,0,0,2,0,0,2,2
12,7198.685,-155.030,89.802,157.360,-0.922035,-0.384908,0.041191,0.385097,-0.922869,-0.003558,0.039383,0.012582,0.999145,0,0.72909,0.42192,43.745,0.844,-1,400.000,-1,425.000,-1,325.000,325.000,325.000,300.000,-1,575.000,425.000,-1,850.000,900.000,-1,-1,2,0,2,0,2,0,0,0,0,2,0,0,2,0,0,2,2
13,7157.559,-138.559,91.216,158.173,-0.927386,-0.371770,0.041742,0.372009,-0.928227,-0.002193,0.039561,0.013495,0.999126,0,0.73836,0.40649,44.302,0.813,-1,400.000,-1,425.000,-1,325.000,325.000,325.000,300.000,-1,600.000,450.000,-1,875.000,900.000,-1,-1,2,0,2,0,2,0,0,0,0,2,0,0,2,0,0,2,2
14,7115.689,-122.449,92.888,158.955,-0.932397,-0.359071,0.041276,0.359324,-0.933212,-0.001382,0.039015,0.013543,0.999147,0,0.74771,0.39087,44.863,0.782,-1,400.000,-1,425.000,-1,325.000,325.000,325.000,300.000,-1,650.000,500.000,-1,900.000,900.000,-1,-1,2,0,2,0,2,0,0,0,0,2,0,0,2,0,0,2,2
15,7073.080,-106.691,94.500,159.705,-0.937053,-0.346821,0.040590,0.347100,-0.937828,-0.000200,0.038135,0.013902,0.999176,0,0.75715,0.37506,45.429,0.750,-1,400.000,-1,425.000,-1,325.000,325.000,325.000,300.000,-1,725.000,575.000,-1,925.000,925.000,-1,-1,2,0,2,0,2,0,0,0,0,2,0,0,2,0,0,2,2
16,7029.739,-91.278,96.089,160.423,-0.941363,-0.335038,0.039812,0.335346,-0.942094,0.001144,0.037123,0.014428,0.999207,0,0.76668,0.35904,46.001,0.718,-1,400.000,-1,425.000,-1,325.000,325.000,325.000,300.000,-1,825.000,650.000,-1,925.000,925.000,-1,-1,2,0,2,0,2,0,0,0,0,2,0,0,2,0,0,2,2
17,6985.669,-76.197,97.691,161.109,-0.945343,-0.323738,0.038994,0.324075,-0.946028,0.002490,0.036083,0.014991,0.999236,0,0.77632,0.34282,46.579,0.686,-1,400.000,-1,400.000,-1,325.000,325.000,325.000,300.000,-1,900.000,750.000,-1,925.000,925.000,-1,-1,2,0,2,0,2,0,0,0,0,2,0,0,2,0,0,2,2
18,6940.873,-61.436,99.304,161.761,-0.949008,-0.312937,0.038135,0.313301,-0.949646,0.003840,0.035013,0.015592,0.999265,0,0.78609,0.32637,47.165,0.653,-1,400.000,-1,400.000,-1,325.000,325.000,325.000,300.000,-1,-1,850.000,-1,950.000,950.000,-1,-1,2,0,2,0,2,0,0,0,0,2,2,0,2,0,0,2,2
19,6895.354,-46.979,100.930,162.381,-0.952374,-0.302649,0.037238,0.303040,-0.952964,0.005193,0.033915,0.016230,0.999293,0,0.79599,0.30970,47.760,0.619,-1,400.000,-1,400.000,-1,325.000,325.000,325.000,300.000,-1,-1,975.000,-1,950.000,950.000,-1,-1,2,0,2,0,2,0,0,0,0,2,2,0,2,0,0,2,2
20,6849.113,-32.813,102.568,162.966,-0.955456,-0.292891,0.036304,0.293305,-0.955996,0.006549,0.032788,0.016906,0.999319,0,0.80605,0.29279,48.363,0.586,-1,400.000,-1,400.000,-1,325.000,325.000,325.000,300.000,-1,-1,-1,-1,975.000,950.000,-1,-1,2,0,2,0,2,0,0,0,0,2,2,2,2,0,0,2,2
21,6802.149,-18.917,104.217,163.518,-0.958269,-0.283676,0.035333,0.284112,-0.958758,0.007910,0.031631,0.017619,0.999344,0,0.81627,0.27564,48.976,0.551,-1,425.000,-1,400.000,-1,325.000,325.000,325.000,300.000,-1,-1,-1,-1,1000.000,975.000,-1,-1,2,0,2,0,2,0,0,0,0,2,2,2,2,0,0,2,2
22,6754.462,-5.274,105.879,164.034,-0.960826,-0.275018,0.034325,0.275475,-0.961264,0.009276,0.030445,0.018369,0.999368,0,0.82667,0.25824,49.600,0.516,-1,425.000,-1,425.000,-1,325.000,325.000,325.000,300.000,-1,-1,-1,-1,-1,975.000,-1,-1,2,0,2,0,2,0,0,0,0,2,2,2,2,2,0,2,2
23,6706.049,8.138,107.543,164.515,-0.963141,-0.266932,0.033266,0.267407,-0.963524,0.010689,0.029199,0.019191,0.999389,0,0.83727,0.24058,50.236,0.481,-1,425.000,-1,425.000,-1,350.000,350.000,325.000,300.000,-1,-1,-1,-1,-1,975.000,-1,-1,2,0,2,0,2,0,0,0,0,2,2,2,2,2,0,2,2
24,6657.255,21.229,109.144,164.981,-0.965315,-0.259092,0.032223,0.259582,-0.965647,0.011998,0.028007,0.019947,0.999409,0,0.84200,0.23272,50.520,0.465,-1,450.000,-1,425.000,-1,350.000,350.000,325.000,300.000,-1,-1,-1,-1,-1,975.000,-1,-1,2,0,2,0,2,0,0,0,0,2,2,2,2,2,0,2,2
25,6608.357,33.924,110.552,165.446,-0.967423,-0.251239,0.031167,0.251718,-0.967720,0.012481,0.027025,0.019920,0.999436,0,0.84200,0.23272,50.520,0.465,-1,450.000,-1,450.000,-1,350.000,350.000,325.000,300.000,-1,-1,-1,-1,-1,1000.000,-1,-1,2,0,2,0,2,0,0,0,0,2,2,2,2,2,0,2,2
26,6559.357,46.223,111.447,165.912,-0.969525,-0.243379,0.028077,0.243767,-0.969768,0.011281,0.024483,0.017781,0.999542,0,0.84200,0.23272,50.520,0.465,-1,450.000,-1,450.000,-1,350.000,350.000,300.000,300.000,-1,-1,-1,-1,-1,1000.000,-1,-1,2,0,2,0,2,0,0,0,0,2,2,2,2,2,0,2,2
27,6510.258,58.122,112.314,166.377,-0.971550,-0.235502,0.025103,0.235810,-0.971747,0.010066,0.022023,0.015699,0.999634,0,0.84200,0.23272,50.520,0.465,-1,450.000,-1,450.000,-1,350.000,350.000,300.000,325.000,-1,-1,-1,-1,-1,1000.000,-1,-1,2,0,2,0,2,0,0,0,0,2,2,2,2,2,0,2,2
28,6461.065,69.622,112.669,166.843,-0.973511,-0.227601,0.021784,0.227870,-0.973632,0.010800,0.018751,0.015478,0.999704,0,0.84200,0.23272,50.520,0.465,-1,450.000,-1,450.000,-1,350.000,350.000,300.000,325.000,-1,-1,-1,-1,-1,975.000,-1,-1,2,0,2,0,2,0,0,0,0,2,2,2,2,2,0,2,2
29,6411.780,80.722,112.758,167.308,-0.975407,-0.219681,0.017941,0.219919,-0.975437,0.012568,0.014740,0.016204,0.999760,0,0.84200,0.23272,50.520,0.465,-1,425.000,-1,450.000,-1,350.000,350.000,300.000,300.000,-1,-1,-1,-1,-1,950.000,-1,-1,2,0,2,0,2,0,0,0,0,2,2,2,2,2,0,2,2
30,6357.764,92.664,112.855,167.533,-0.976333,-0.215839,0.013726,0.216029,-0.976282,0.014346,0.010304,0.016972,0.999803,0,0.92200,0.11272,55.320,0.225,-1,425.000,-1,425.000,-1,350.000,350.000,300.000,300.000,-1,-1,-1,-1,1000.000,925.000,-1,-1,2,0,2,0,2,0,0,0,0,2,2,2,2,0,0,2,2
31,6301.741,105.064,112.949,167.519,-0.976330,-0.216084,0.009365,0.216212,-0.976214,0.016078,0.005668,0.017722,0.999827,0,0.95631,-0.00728,57.379,-0.015,-1,425.000,-1,425.000,-1,350.000,350.000,300.000,300.000,-1,-1,-1,-1,975.000,900.000,-1,-1,2,0,2,0,2,0,0,0,0,2,2,2,2,0,0,2,2
32,6245.769,117.688,113.034,167.290,-0.975492,-0.219975,0.005031,0.220030,-0.975332,0.017739,0.001005,0.018411,0.999830,0,0.95631,-0.11433,57.379,-0.229,-1,425.000,-1,425.000,-1,350.000,350.000,300.000,300.000,-1,-1,-1,-1,950.000,850.000,-1,-1,2,0,2,0,2,0,0,0,0,2,2,2,2,0,0,2,2
33,6189.569,130.601,113.108,167.060,-0.974613,-0.223895,0.000716,0.223866,-0.974428,0.019360,-0.003636,0.019029,0.999812,0,0.96106,-0.11525,57.664,-0.231,-1,425.000,-1,425.000,-1,350.000,350.000,300.000,300.000,-1,-1,-1,-1,925.000,825.000,-1,-1,2,0,2,0,2,0,0,0,0,2,2,2,2,0,0,2,2
34,6132.997,143.843,113.170,166.826,-0.973687,-0.227860,-0.003589,0.227738,-0.973497,0.020943,-0.008266,0.019574,0.999774,0,0.96836,-0.11669,58.102,-0.233,-1,425.000,-1,400.000,-1,350.000,325.000,300.000,300.000,-1,-1,-1,-1,925.000,825.000,-1,-1,2,0,2,0,2,0,0,0,0,2,2,2,2,0,0,2,2
35,6076.050,157.420,113.220,166.590,-0.972715,-0.231871,-0.007885,0.231647,-0.972540,0.022484,-0.012882,0.020044,0.999716,0,0.97571,-0.11816,58.543,-0.236,-1,425.000,-1,400.000,-1,325.000,325.000,300.000,300.000,-1,-1,-1,-1,900.000,800.000,-1,-1,2,0,2,0,2,0,0,0,0,2,2,2,2,0,0,2,2
36,6018.729,171.340,113.240,166.351,-0.971695,-0.235929,-0.012107,0.235595,-0.971554,0.024029,-0.017431,0.020497,0.999638,0,0.98311,-0.11966,58.987,-0.239,-1,425.000,-1,400.000,-1,325.000,325.000,300.000,300.000,-1,-1,-1,-1,875.000,775.000,-1,-1,2,0,2,0,2,0,0,0,0,2,2,2,2,0,0,2,2
37,5961.034,185.610,112.939,166.108,-0.970637,-0.240041,-0.015625,0.239633,-0.970562,0.024193,-0.020973,0.019738,0.999585,0,0.99056,-0.12120,59.434,-0.242,-1,425.000,-1,400.000,-1,325.000,325.000,300.000,300.000,-1,-1,-1,-1,850.000,750.000,-1,-1,2,0,2,0,2,0,0,0,0,2,2,2,2,0,0,2,2
38,5902.964,200.237,111.963,165.863,-0.969529,-0.244214,-0.019293,0.243800,-0.969587,0.021530,-0.023964,0.016170,0.999582,0,0.99806,-0.12278,59.884,-0.246,-1,425.000,-1,400.000,-1,325.000,325.000,300.000,300.000,-1,-1,-1,-1,825.000,750.000,-1,-1,2,0,2,0,2,0,0,0,0,2,2,2,2,0,0,2,2
39,5844.845,215.144,110.762,165.614,-0.968393,-0.248433,-0.022267,0.248032,-0.968559,0.019313,-0.026365,0.013179,0.999565,0,1.00000,-0.12442,60.000,-0.249,-1,400.000,-1,400.000,-1,325.000,325.000,300.000,300.000,-1,-1,-1,-1,800.000,725.000,-1,-1,2,0,2,0,2,0,0,0,0,2,2,2,2,0,0,2,2
40,5786.793,230.308,108.935,165.362,-0.967263,-0.252697,-0.023387,0.252291,-0.967466,0.018967,-0.027419,0.012446,0.999547,0,1.00000,-0.12610,60.000,-0.252,-1,400.000,-1,400.000,-1,325.000,325.000,300.000,300.000,-1,-1,-1,-1,775.000,-1,-1,-1,2,0,2,0,2,0,0,0,0,2,2,2,2,0,2,2,2
41,5728.808,245.729,107.092,165.106,-0.966096,-0.257013,-0.024558,0.256603,-0.966337,0.018659,-0.028527,0.011725,0.999524,0,1.00000,-0.12783,60.000,-0.256,-1,400.000,-1,400.000,-1,325.000,325.000,300.000,300.000,-1,-1,-1,-1,775.000,-1,-1,-1,2,0,2,0,2,0,0,0,0,2,2,2,2,0,2,2,2
42,5670.895,261.414,105.272,164.847,-0.964892,-0.261386,-0.025706,0.260976,-0.965173,0.018223,-0.029574,0.010875,0.999503,0,1.00000,-0.12962,60.000,-0.259,-1,400.000,-1,375.000,-1,325.000,325.000,300.000,300.000,-1,-1,-1,-1,750.000,-1,-1,-1,2,0,2,0,2,0,0,0,0,2,2,2,2,0,2,2,2
43,5613.053,277.363,103.475,164.584,-0.963650,-0.265815,-0.026834,0.265413,-0.963973,0.017655,-0.030560,0.009891,0.999484,0,1.00000,-0.13148,60.000,-0.263,-1,400.000,-1,375.000,-1,325.000,325.000,300.000,300.000,-1,-1,-1,-1,750.000,-1,-1,-1,2,0,2,0,2,0,0,0,0,2,2,2,2,0,2,2,2
44,5555.287,293.582,101.701,164.317,-0.962369,-0.270305,-0.027943,0.269915,-0.962735,0.016950,-0.031483,0.008770,0.999466,0,1.00000,-0.13342,60.000,-0.267,-1,400.000,-1,375.000,-1,325.000,325.000,300.000,300.000,-1,-1,-1,-1,725.000,-1,-1,-1,2,0,2,0,2,0,0,0,0,2,2,2,2,0,2,2,2
45,5497.598,310.074,99.951,164.046,-0.961047,-0.274856,-0.029034,0.274487,-0.961456,0.016108,-0.032342,0.007511,0.999449,0,1.00000,-0.13545,60.000,-0.271,-1,400.000,-1,375.000,-1,325.000,325.000,300.000,300.000,-1,-1,-1,-1,725.000,-1,-1,-1,2,0,2,0,2,1,0,0,0,2,2,2,2,0,2,2,2
46,5439.989,326.843,98.225,163.771,-0.959681,-0.279473,-0.030110,0.279130,-0.960134,0.015123,-0.033136,0.006108,0.999432,0,1.00000,-0.13758,60.000,-0.275,-1,400.000,-1,-1,-1,350.000,350.000,300.000,300.000,-1,-1,-1,-1,700.000,-1,-1,-1,2,0,2,2,2,1,1,0,0,2,2,2,2,0,2,2,2
47,5382.462,343.893,96.525,163.491,-0.958271,-0.284158,-0.031171,0.283850,-0.958766,0.013992,-0.033862,0.004560,0.999416,0,1.00000,-0.13983,60.000,-0.280,-1,400.000,-1,-1,-1,375.000,500.000,300.000,300.000,-1,-1,-1,-1,700.000,-1,-1,-1,2,1,2,2,2,1,1,0,0,2,2,2,2,0,2,2,2
48,5325.021,361.228,94.747,163.207,-0.956819,-0.288917,-0.032020,0.288669,-0.957351,0.012212,-0.034183,0.002441,0.999413,0,1.00000,-0.14222,60.000,-0.284,-1,400.000,-1,-1,-1,425.000,-1,300.000,300.000,-1,-1,-1,-1,750.000,-1,-1,-1,2,1,2,2,2,1,2,0,0,2,2,2,2,1,2,2,2
49,5267.668,378.853,93.157,162.917,-0.955375,-0.293752,-0.031119,0.293567,-0.955881,0.010454,-0.032816,0.000852,0.999461,0,1.00000,-0.14478,60.000,-0.290,-1,450.000,-1,-1,-1,550.000,-1,300.000,300.000,-1,-1,-1,-1,-1,-1,-1,-1,2,1,2,2,2,1,2,0,0,2,2,2,2,2,2,2,2
50,5210.407,396.773,91.742,162.622,-0.953895,-0.298670,-0.029655,0.298536,-0.954356,0.008976,-0.030982,-0.000290,0.999520,0,1.00000,-0.14752,60.000,-0.295,-1,475.000,-1,-1,-1,-1,-1,300.000,300.000,-1,-1,-1,-1,-1,-1,-1,-1,2,1,2,2,2,2,2,0,0,2,2,2,2,2,2,2,2
51,5153.240,414.994,90.089,162.321,-0.952360,-0.303680,-0.028084,0.303562,-0.952774,0.008468,-0.029329,-0.000461,0.999570,0,1.00000,-0.15049,60.000,-0.301,-1,550.000,-1,-1,-1,-1,-1,300.000,300.000,-1,-1,-1,-1,-1,-1,-1,-1,2,1,2,2,2,2,2,0,0,2,2,2,2,2,2,2,2
52,5096.171,433.521,81.663,162.014,-0.950411,-0.308694,-0.037766,0.307313,-0.950840,0.038236,-0.047713,0.024734,0.998555,0,1.00000,-0.15373,60.000,-0.307,-1,-1,-1,-1,-1,-1,-1,325.000,250.000,-1,-1,-1,-1,-1,-1,-1,-1,2,2,2,2,2,2,2,0,0,2,2,2,2,2,2,2,2
53,5039.200,452.355,72.626,161.699,-0.948340,-0.313575,-0.048181,0.309897,-0.948119,0.070953,-0.067931,0.052357,0.996315,0,1.00000,-0.15728,60.000,-0.315,-1,-1,-1,-1,-1,-1,-1,350.000,175.000,-1,-1,-1,-1,-1,-1,-1,-1,2,2,2,2,2,2,2,0,0,2,2,2,2,2,2,2,2
54,4982.333,471.502,62.963,161.377,-0.946152,-0.318253,-0.059256,0.310981,-0.944404,0.106732,-0.089929,0.082557,0.992521,0,1.00000,-0.16122,60.000,-0.322,-1,-1,-1,-1,-1,-1,-1,375.000,125.000,-1,-1,-1,-1,-1,-1,-1,-1,2,2,2,2,2,2,2,0,0,2,2,2,2,2,2,2,2
55,1639.607,8854.945,-18.452,-170.923,-0.875354,0.153249,0.458551,-0.243355,-0.959190,-0.143990,0.417772,-0.237633,0.876925,1,0.00000,0.00000,60.000,-0.331,0.000,300.000,-1,-1,-1,400.000,-1,50.000,125.000,-1,-1,-1,0.000,425.000,-1,0.000,-1,1,1,2,2,2,1,2,1,1,2,2,2,1,1,2,1,2
56,-9511.166,8856.539,122.451,11.615,0.950116,-0.183500,-0.252204,0.053661,0.892731,-0.447383,0.307245,0.411532,0.858045,1,0.00000,0.00000,4.800,-0.240,-1,-1,-1,275.000,175.000,650.000,275.000,-1,500.000,550.000,0.000,0.000,-1,-1,-1,-1,175.000,2,2,2,1,1,0,1,2,1,1,1,1,2,2,2,2,1
57,4919.537,-3607.072,169.486,9.149,0.916384,-0.148455,0.371754,0.264358,0.921803,-0.283538,-0.300592,0.358105,0.883971,1,0.00000,0.00000,4.800,-0.240,450.000,500.000,-1,-1,-1,525.000,650.000,50.000,75.000,-1,-1,-1,0.000,-1,-1,-1,-1,1,1,2,2,2,1,1,1,1,2,2,2,0,2,2,2,2
58,-2296.664,7538.506,69.419,-100.826,-0.187774,0.982197,-0.005439,-0.982135,-0.187826,-0.011463,-0.012281,0.003190,0.999920,1,0.08000,-0.12000,4.800,-0.240,-1,400.000,-1,375.000,-1,325.000,325.000,300.000,300.000,-1,-1,-1,-1,825.000,-1,-1,-1,2,0,2,0,2,0,0,0,0,2,2,2,2,0,2,2,2
59,-2298.546,7529.092,69.331,-101.306,-0.196001,0.980591,-0.005014,-0.980525,-0.196048,-0.011664,-0.012421,0.002630,0.999919,0,0.16000,-0.24000,9.600,-0.480,-1,400.000,-1,375.000,-1,325.000,325.000,300.000,300.000,-1,-1,-1,-1,825.000,-1,-1,-1,2,0,2,0,2,0,0,0,0,2,2,2,2,0,2,2,2
60,-2301.547,7515.008,69.202,-102.026,-0.208317,0.978052,-0.004386,-0.977980,-0.208355,-0.011955,-0.012607,0.001799,0.999919,0,0.24000,-0.36000,14.400,-0.720,-1,400.000,-1,375.000,-1,325.000,325.000,300.000,300.000,-1,-1,-1,-1,825.000,-1,-1,-1,2,0,2,0,2,0,0,0,0,2,2,2,2,0,2,2,2
61,-2305.787,7496.282,69.027,-102.760,-0.220833,0.975305,-0.003569,-0.975228,-0.220861,-0.012320,-0.012804,0.000760,0.999918,0,0.32000,-0.36680,19.200,-0.734,-1,400.000,-1,375.000,-1,325.000,300.000,300.000,300.000,-1,-1,-1,-1,800.000,-1,-1,-1,2,0,2,0,2,1,0,0,0,2,2,2,2,0,2,2,2
62,-2311.387,7472.944,68.811,-103.493,-0.233305,0.972400,-0.002567,-0.972317,-0.233318,-0.012751,-0.012998,-0.000479,0.999915,0,0.40000,-0.36646,24.000,-0.733,-1,400.000,-1,375.000,-1,325.000,300.000,325.000,300.000,-1,-1,-1,-1,800.000,-1,-1,-1,2,0,2,1,2,1,0,0,0,2,2,2,2,0,2,2,2
63,-2318.464,7445.027,68.562,-104.225,-0.245735,0.969336,-0.001382,-0.969247,-0.245732,-0.013239,-0.013173,-0.001914,0.999911,0,0.48000,-0.36630,28.800,-0.733,-1,400.000,-1,-1,-1,325.000,300.000,325.000,300.000,-1,-1,-1,-1,800.000,-1,-1,-1,2,0,2,2,2,1,1,0,0,2,2,2,2,0,2,2,2
64,-2327.136,7412.566,68.292,-104.958,-0.258129,0.966111,-0.000016,-0.966019,-0.258105,-0.013778,-0.013315,-0.003541,0.999905,0,0.56000,-0.36631,33.600,-0.733,-1,400.000,-1,-1,-1,350.000,350.000,325.000,300.000,-1,-1,-1,-1,800.000,-1,-1,-1,2,1,2,2,2,1,1,0,0,2,2,2,2,0,2,2,2
65,-2337.521,7375.597,68.015,-105.691,-0.270489,0.962722,0.001530,-0.962630,-0.270440,-0.014360,-0.013411,-0.005357,0.999896,0,0.64000,-0.36648,38.400,-0.733,-1,425.000,-1,-1,-1,375.000,450.000,325.000,300.000,-1,-1,-1,-1,800.000,-1,-1,-1,2,1,2,2,2,1,1,0,0,2,2,2,2,0,2,2,2
66,-2349.736,7334.160,67.748,-106.424,-0.282818,0.959168,0.003258,-0.959079,-0.282741,-0.014978,-0.013446,-0.007361,0.999883,0,0.72000,-0.36682,43.200,-0.734,-1,450.000,-1,-1,-1,425.000,-1,325.000,300.000,-1,-1,-1,-1,875.000,-1,-1,-1,2,1,2,2,2,1,2,0,0,2,2,2,2,1,2,2,2
67,-2363.896,7288.296,67.372,-107.159,-0.295124,0.955441,0.005838,-0.955371,-0.295009,-0.015364,-0.012957,-0.010112,0.999865,0,0.80000,-0.36732,48.000,-0.735,-1,475.000,-1,-1,-1,550.000,-1,325.000,300.000,-1,-1,-1,-1,950.000,-1,-1,-1,2,1,2,2,2,1,2,0,0,2,2,2,2,1,2,2,2
68,-2376.997,7247.130,67.058,-107.654,-0.303384,0.952831,0.008427,-0.952793,-0.303237,-0.015286,-0.012010,-0.012666,0.999848,0,0.72000,-0.24732,43.200,-0.495,-1,525.000,-1,-1,-1,950.000,-1,325.000,300.000,-1,-1,-1,-1,-1,-1,-1,-1,2,1,2,2,2,1,2,0,0,2,2,2,2,2,2,2,2
69,-2388.804,7210.591,66.830,-107.908,-0.307632,0.951445,0.010710,-0.951440,-0.307459,-0.015205,-0.011174,-0.014868,0.999827,0,0.64000,-0.12732,38.400,-0.255,-1,575.000,-1,-1,-1,-1,-1,325.000,325.000,-1,-1,-1,-1,-1,-1,-1,-1,2,1,2,2,2,2,2,0,0,2,2,2,2,2,2,2,2
70,-2399.144,7178.621,66.656,-107.923,-0.307888,0.951337,0.012739,-0.951364,-0.307693,-0.015188,-0.010530,-0.016796,0.999803,0,0.56000,-0.00732,33.600,-0.015,-1,600.000,-1,-1,-1,-1,-1,325.000,325.000,-1,-1,-1,-1,-1,-1,-1,-1,2,1,2,2,2,2,2,0,0,2,2,2,2,2,2,2,2
71,-2407.898,7151.184,66.460,-107.698,-0.304148,0.952517,0.014330,-0.952573,-0.303941,-0.014954,-0.009889,-0.018198,0.999785,0,0.48000,0.11268,28.800,0.225,-1,625.000,-1,-1,-1,-1,-1,325.000,325.000,-1,-1,-1,-1,-1,-1,-1,-1,2,1,2,2,2,2,2,0,0,2,2,2,2,2,2,2,2
72,-2415.008,7128.261,66.238,-107.232,-0.296400,0.954938,0.015483,-0.955019,-0.296190,-0.014509,-0.009269,-0.019087,0.999775,0,0.40000,0.23268,24.000,0.465,-1,650.000,-1,-1,-1,-1,-1,325.000,325.000,-1,-1,-1,-1,-1,-1,-1,-1,2,1,2,2,2,2,2,0,1,2,2,2,2,2,2,2,2
73,-2420.471,7109.855,63.559,-106.527,-0.284589,0.958635,0.005313,-0.958510,-0.284448,-0.018639,-0.016356,-0.010397,0.999812,0,0.32000,0.35268,19.200,0.705,-1,600.000,-1,-1,-1,-1,-1,325.000,300.000,-1,-1,-1,-1,-1,-1,-1,-1,2,1,2,2,2,2,2,0,0,2,2,2,2,2,2,2,2
74,-2424.390,7095.998,61.078,-105.787,-0.272028,0.962280,-0.004302,-0.962010,-0.272054,-0.022855,-0.023163,-0.002079,0.999730,0,0.24000,0.37010,14.400,0.740,-1,575.000,-1,-1,-1,-1,-1,325.000,275.000,-1,-1,-1,-1,1000.000,-1,-1,-1,2,1,2,2,2,2,2,0,0,2,2,2,2,1,2,2,2
75,-2426.883,7086.727,59.257,-105.053,-0.259489,0.965680,-0.011330,-0.965332,-0.259703,-0.026231,-0.028273,0.004130,0.999592,0,0.16000,0.36701,9.600,0.734,-1,550.000,-1,-1,-1,900.000,-1,350.000,250.000,-1,-1,-1,-1,925.000,-1,-1,-1,2,1,2,2,2,1,2,0,0,2,2,2,2,1,2,2,2
76,-2428.071,7082.076,58.112,-104.324,-0.247033,0.968879,-0.015743,-0.968491,-0.247399,-0.028626,-0.031630,0.008176,0.999466,0,0.08000,0.36422,4.800,0.728,-1,525.000,-1,-1,-1,825.000,-1,350.000,250.000,-1,-1,-1,-1,875.000,-1,-1,-1,2,1,2,2,2,1,2,0,0,2,2,2,2,1,2,2,2
77,-2428.071,7082.076,57.645,-103.601,-0.234697,0.971910,-0.017573,-0.971501,-0.235139,-0.029924,-0.033215,0.010049,0.999398,0,-0.00000,0.36180,-0.000,0.724,-1,500.000,-1,-1,-1,775.000,-1,350.000,250.000,-1,-1,-1,-1,825.000,-1,-1,-1,2,1,2,2,2,1,2,0,0,2,2,2,2,1,2,2,2
78,-2427.001,7086.755,57.849,-102.881,-0.222489,0.974789,-0.016897,-0.974375,-0.222915,-0.030035,-0.033045,0.009781,0.999406,0,-0.08000,0.35980,-4.800,0.720,-1,475.000,-1,-1,-1,725.000,-1,350.000,250.000,-1,-1,-1,-1,800.000,-1,-1,-1,2,1,2,2,2,1,2,0,0,2,2,2,2,1,2,2,2
79,-2424.978,7096.140,58.709,-102.164,-0.210389,0.977520,-0.013834,-0.977121,-0.210712,-0.028897,-0.031162,0.007438,0.999487,0,-0.16000,0.35824,-9.600,0.716,-1,475.000,-1,-1,-1,700.000,-1,350.000,250.000,-1,-1,-1,-1,750.000,-1,-1,-1,2,1,2,2,2,1,2,0,0,2,2,2,2,1,2,2,2
80,-2422.119,7110.253,60.201,-101.450,-0.198355,0.980093,-0.008536,-0.979741,-0.198514,-0.026470,-0.027637,0.003112,0.999613,0,-0.24000,0.35716,-14.400,0.714,-1,450.000,-1,-1,-1,675.000,-1,325.000,250.000,-1,-1,-1,-1,725.000,-1,-1,-1,2,1,2,2,2,1,2,0,0,2,2,2,2,1,2,2,2
81,-2418.542,7129.117,62.297,-100.737,-0.186322,0.982488,-0.001180,-0.982230,-0.186300,-0.022736,-0.022558,-0.003077,0.999741,0,-0.32000,0.35657,-19.200,0.713,-1,450.000,-1,-1,-1,650.000,-1,325.000,275.000,-1,-1,-1,-1,725.000,-1,-1,-1,2,1,2,2,2,1,2,0,0,2,2,2,2,0,2,2,2
82,-2415.170,7148.187,64.369,-100.024,-0.174193,0.984694,0.005952,-0.984555,-0.174055,-0.018880,-0.017555,-0.009149,0.999804,0,-0.32276,0.35646,-19.365,0.713,-1,450.000,-1,-1,-1,600.000,-1,325.000,300.000,-1,-1,-1,-1,750.000,-1,-1,-1,2,1,2,2,2,1,2,0,0,2,2,2,2,0,2,2,2
83,-2412.011,7167.448,66.414,-99.311,-0.161974,0.986711,0.012856,-0.986714,-0.161780,-0.014909,-0.012631,-0.015100,0.999806,0,-0.32530,0.35639,-19.518,0.713,-1,425.000,-1,-1,-1,575.000,-1,325.000,300.000,-1,-1,-1,-1,775.000,-1,-1,-1,2,1,2,2,2,1,2,0,0,2,2,2,2,0,2,2,2
84,-2409.071,7186.899,66.710,-98.599,-0.149683,0.988656,0.012402,-0.988650,-0.149495,-0.014944,-0.012920,-0.014498,0.999811,0,-0.32786,0.35636,-19.671,0.713,-1,425.000,-1,-1,-1,500.000,1000.000,325.000,300.000,-1,-1,-1,-1,775.000,-1,-1,-1,2,1,2,2,2,1,1,0,0,2,2,2,2,0,2,2,2
85,-2406.969,7201.621,66.804,-98.126,-0.141513,0.989869,0.011566,-0.989848,-0.141335,-0.014987,-0.013200,-0.013570,0.999821,0,-0.24786,0.23636,-14.871,0.473,-1,400.000,-1,-1,-1,475.000,950.000,300.000,300.000,-1,-1,-1,-1,775.000,-1,-1,-1,2,1,2,2,2,1,1,0,0,2,2,2,2,0,2,2,2
86,-2405.586,7211.597,66.859,-97.893,-0.137484,0.990443,0.010963,-0.990414,-0.137314,-0.014973,-0.013324,-0.012916,0.999828,0,-0.16786,0.11636,-10.071,0.233,-1,400.000,-1,-1,-1,475.000,925.000,300.000,300.000,-1,-1,-1,-1,775.000,-1,-1,-1,2,1,2,2,2,1,1,0,0,2,2,2,2,0,2,2,2
87,-2404.861,7216.818,66.890,-97.900,-0.137606,0.990430,0.010642,-0.990397,-0.137440,-0.014957,-0.013351,-0.012598,0.999832,0,-0.08786,-0.00364,-5.271,-0.007,-1,400.000,-1,-1,-1,450.000,925.000,300.000,300.000,-1,-1,-1,-1,775.000,-1,-1,-1,2,1,2,2,2,1,1,0,0,2,2,2,2,0,2,2,2
88,-2404.794,7217.284,66.898,-98.148,-0.141878,0.989827,0.010602,-0.989795,-0.141713,-0.014937,-0.013283,-0.012613,0.999832,0,-0.00786,-0.12364,-0.471,-0.247,-1,400.000,-1,-1,-1,475.000,925.000,300.000,300.000,-1,-1,-1,-1,775.000,-1,-1,-1,2,1,2,2,2,1,1,0,0,2,2,2,2,0,2,2,2
89,-2405.434,7213.003,66.878,-98.495,-0.147872,0.988947,0.010851,-0.988919,-0.147704,-0.014922,-0.013155,-0.012937,0.999830,0,0.07214,-0.17348,4.329,-0.347,-1,425.000,-1,-1,-1,475.000,950.000,325.000,300.000,-1,-1,-1,-1,775.000,-1,-1,-1,2,1,2,2,2,1,1,0,0,2,2,2,2,0,2,2,2
90,-2406.837,7203.983,66.832,-98.841,-0.153848,0.988029,0.011395,-0.988009,-0.153672,-0.014921,-0.012991,-0.013554,0.999824,0,0.15214,-0.17300,9.129,-0.346,-1,425.000,-1,-1,-1,500.000,1000.000,325.000,300.000,-1,-1,-1,-1,775.000,-1,-1,-1,2,1,2,2,2,1,1,0,0,2,2,2,2,0,2,2,2
91,-2409.060,7190.233,66.760,-99.187,-0.159819,0.987071,0.012236,-0.987064,-0.159632,-0.014936,-0.012789,-0.014464,0.999814,0,0.23214,-0.17295,13.929,-0.346,-1,425.000,-1,-1,-1,525.000,-1,325.000,300.000,-1,-1,-1,-1,775.000,-1,-1,-1,2,1,2,2,2,1,2,0,0,2,2,2,2,0,2,2,2
92,-2412.162,7171.763,66.584,-99.533,-0.165793,0.986073,0.013125,-0.986084,-0.165599,-0.014687,-0.012309,-0.015377,0.999806,0,0.31214,-0.17332,18.729,-0.347,-1,425.000,-1,-1,-1,575.000,-1,325.000,300.000,-1,-1,-1,-1,775.000,-1,-1,-1,2,1,2,2,2,1,2,0,0,2,2,2,2,0,2,2,2
93,-2416.201,7148.583,64.339,-99.881,-0.171739,0.985126,0.005775,-0.984984,-0.171603,-0.018955,-0.017682,-0.008944,0.999804,0,0.39214,-0.17412,23.529,-0.348,-1,425.000,-1,-1,-1,600.000,-1,325.000,300.000,-1,-1,-1,-1,750.000,-1,-1,-1,2,1,2,2,2,1,2,0,0,2,2,2,2,0,2,2,2
94,-2421.234,7120.705,60.870,-100.232,-0.177531,0.984095,-0.006369,-0.983759,-0.177637,-0.025746,-0.026468,0.001695,0.999648,0,0.47214,-0.17538,28.329,-0.351,-1,425.000,-1,-1,-1,600.000,-1,325.000,275.000,-1,-1,-1,-1,700.000,-1,-1,-1,2,1,2,2,2,1,2,0,0,2,2,2,2,0,2,2,2
95,-2427.320,7088.139,56.669,-100.586,-0.183053,0.982872,-0.021293,-0.982399,-0.183699,-0.033878,-0.037209,0.014717,0.999199,0,0.55214,-0.17714,33.129,-0.354,-1,425.000,-1,-1,-1,600.000,-1,350.000,225.000,-1,-1,-1,-1,675.000,-1,-1,-1,2,1,2,2,2,1,2,0,0,2,2,2,2,1,2,2,2
96,-2434.520,7050.899,51.685,-100.945,-0.188141,0.981357,-0.039271,-0.980865,-0.189785,-0.043428,-0.050071,0.030349,0.998284,0,0.63214,-0.17944,37.929,-0.359,-1,425.000,-1,-1,-1,575.000,1000.000,350.000,200.000,-1,-1,-1,-1,675.000,-1,-1,-1,2,1,2,2,2,1,1,0,0,2,2,2,2,1,2,2,2
97,-2442.896,7008.997,45.856,-101.310,-0.192569,0.979408,-0.060632,-0.979112,-0.195884,-0.054485,-0.065240,0.048873,0.996672,0,0.71214,-0.18236,42.729,-0.365,-1,425.000,-1,-1,-1,575.000,925.000,375.000,175.000,-1,-1,-1,-1,650.000,-1,875.000,-1,2,1,2,2,2,1,1,0,0,2,2,2,2,1,2,0,2
98,-2452.511,6962.448,39.109,-101.682,-0.196030,0.976840,-0.085770,-0.977086,-0.201975,-0.067148,-0.082916,0.070642,0.994050,0,0.79214,-0.18601,47.529,-0.372,1000.000,425.000,-1,-1,-1,525.000,875.000,400.000,125.000,-1,-1,-1,-1,625.000,-1,650.000,-1,0,1,2,2,2,1,1,0,0,2,2,2,2,1,2,0,2
99,-2463.432,6911.266,31.361,-102.063,-0.198109,0.973393,-0.115150,-0.974722,-0.208022,-0.081513,-0.103298,0.096091,0.989998,0,0.87214,-0.19053,52.329,-0.381,800.000,400.000,-1,-1,-1,500.000,800.000,450.000,75.000,-1,-1,-1,-1,625.000,-1,475.000,-1,0,1,2,2,2,1,1,0,0,2,2,2,2,1,2,0,2
100,6887.415,8199.196,132.428,-71.084,0.325708,0.935573,-0.136445,-0.945407,0.320605,-0.058465,-0.010953,0.148038,0.988921,1,0.00000,0.00000,57.129,-0.392,-1,300.000,-1,200.000,-1,225.000,200.000,250.000,975.000,350.000,-1,-1,-1,600.000,325.000,-1,-1,2,0,2,0,2,0,0,1,1,1,2,2,2,0,0,2,2
101,6888.986,8194.661,132.942,-70.844,0.329563,0.934485,-0.134634,-0.944077,0.324612,-0.057839,-0.010345,0.146167,0.989206,0,0.08000,0.12000,4.800,0.240,-1,300.000,-1,200.000,-1,225.000,200.000,275.000,-1,350.000,-1,-1,-1,600.000,325.000,-1,-1,2,0,2,0,2,0,0,1,2,1,2,2,2,0,0,2,2
102,6892.135,8185.592,133.817,-70.844,0.329688,0.934561,-0.133794,-0.944022,0.324639,-0.058581,-0.011313,0.145618,0.989276,0,0.16000,0.00000,9.600,0.000,-1,300.000,-1,200.000,-1,225.000,200.000,275.000,-1,350.000,-1,-1,-1,600.000,325.000,-1,-1,2,0,2,0,2,0,0,1,2,1,2,2,2,0,0,2,2
103,6896.804,8171.969,135.012,-71.084,0.326063,0.935830,-0.133811,-0.945248,0.320693,-0.060509,-0.013714,0.146215,0.989158,0,0.24000,-0.12000,14.400,-0.240,-1,300.000,-1,200.000,-1,225.000,200.000,275.000,-1,350.000,-1,-1,-1,600.000,325.000,-1,-1,2,0,2,0,2,0,0,1,2,1,2,2,2,0,0,2,2
104,6902.940,8153.775,136.573,-71.360,0.321866,0.937355,-0.133293,-0.946644,0.316180,-0.062416,-0.016361,0.146271,0.989109,0,0.32000,-0.13795,19.200,-0.276,-1,300.000,-1,200.000,-1,225.000,200.000,300.000,-1,350.000,-1,-1,-1,600.000,325.000,-1,-1,2,0,2,0,2,0,0,1,2,1,2,2,2,0,0,2,2
105,6910.494,8130.994,138.488,-71.648,0.317421,0.939074,-0.131845,-0.948097,0.311511,-0.063815,-0.018856,0.145258,0.989214,0,0.40000,-0.14401,24.000,-0.288,-1,300.000,-1,200.000,-1,225.000,200.000,325.000,-1,350.000,-1,-1,-1,600.000,325.000,-1,1000.000,2,0,2,0,2,0,0,1,2,1,2,2,2,0,0,2,1
106,6919.412,8103.609,140.732,-71.952,0.312605,0.941059,-0.129171,-0.949654,0.306639,-0.064262,-0.020866,0.142757,0.989538,0,0.48000,-0.15194,28.800,-0.304,-1,300.000,-1,200.000,-1,225.000,200.000,375.000,-1,350.000,-1,-1,-1,600.000,325.000,-1,975.000,2,0,2,0,2,0,0,1,2,1,2,2,2,0,0,2,1
107,6929.633,8071.601,143.278,-72.276,0.307287,0.943383,-0.124914,-0.951363,0.301512,-0.063244,-0.022000,0.138272,0.990150,0,0.56000,-0.16185,33.600,-0.324,-1,300.000,-1,200.000,-1,225.000,200.000,400.000,-1,375.000,-1,-1,-1,600.000,350.000,-1,975.000,2,0,2,0,2,0,0,1,2,1,2,2,2,0,0,2,1
108,6941.093,8034.950,146.101,-72.620,0.301393,0.946093,-0.118622,-0.953251,0.296130,-0.060166,-0.021796,0.131210,0.991115,0,0.64000,-0.17198,38.400,-0.344,-1,300.000,-1,225.000,-1,225.000,200.000,450.000,-1,375.000,-1,-1,-1,600.000,350.000,-1,975.000,2,0,2,0,2,0,0,1,2,1,2,2,2,0,0,2,1
109,6953.724,7993.637,149.177,-72.979,0.294953,0.949189,-0.109741,-0.955309,0.290571,-0.054353,-0.019704,0.120868,0.992473,0,0.72000,-0.17980,43.200,-0.360,-1,300.000,-1,225.000,-1,225.000,200.000,450.000,-1,375.000,-1,-1,-1,600.000,400.000,-1,-1,2,0,2,0,2,0,0,0,2,1,2,2,2,0,0,2,2
110,6967.102,7948.854,150.820,-73.357,0.287569,0.952012,-0.104771,-0.957699,0.284590,-0.042678,-0.010814,0.112613,0.993580,0,0.77897,-0.18869,46.738,-0.377,-1,325.000,-1,250.000,-1,250.000,225.000,425.000,-1,375.000,-1,-1,-1,650.000,425.000,-1,-1,2,0,2,0,2,0,0,0,2,1,2,2,2,0,0,2,2
111,6980.004,7904.594,149.472,-73.753,0.278838,0.954011,-0.110053,-0.960300,0.278006,-0.023144,0.008516,0.112137,0.993656,0,0.76837,-0.19837,46.102,-0.397,-1,350.000,-1,275.000,-1,275.000,250.000,425.000,-1,350.000,950.000,-1,-1,775.000,500.000,-1,-1,2,0,2,0,2,0,0,0,2,1,1,2,2,0,0,2,2
112,6992.418,7860.813,148.332,-74.169,0.269755,0.956436,-0.111639,-0.962521,0.271197,-0.002355,0.028024,0.108090,0.993746,0,0.75842,-0.20794,45.505,-0.416,-1,400.000,-1,300.000,-1,300.000,275.000,400.000,-1,350.000,900.000,0.000,-1,925.000,575.000,-1,-1,2,0,2,0,2,0,0,0,2,1,1,1,2,0,0,2,2
113,7003.398,7821.615,147.605,-74.345,0.264952,0.957971,-0.109966,-0.963121,0.268458,0.018135,0.046894,0.101106,0.993770,0,0.67842,-0.08794,40.705,-0.176,-1,425.000,-1,325.000,-1,325.000,300.000,375.000,-1,350.000,0.000,0.000,-1,-1,675.000,-1,-1,2,0,2,0,2,0,0,0,2,1,0,1,2,2,0,2,2
114,7013.070,7787.036,149.002,-74.374,0.263218,0.958252,-0.111664,-0.962947,0.268009,0.030055,0.058728,0.099615,0.993291,0,0.59842,-0.01461,35.905,-0.029,-1,475.000,-1,375.000,-1,350.000,300.000,375.000,-1,350.000,0.000,0.000,-1,-1,750.000,-1,-1,2,0,2,0,2,0,0,0,2,1,0,1,2,2,0,2,2
115,7021.425,7757.072,150.401,-74.418,0.261653,0.958666,-0.111794,-0.962812,0.267337,0.039038,0.067311,0.097422,0.992964,0,0.51842,-0.02185,31.105,-0.044,-1,500.000,-1,375.000,-1,350.000,325.000,375.000,-1,375.000,0.000,0.000,-1,-1,825.000,-1,-1,2,0,2,0,2,0,0,0,2,1,0,0,2,2,0,2,2
116,7028.464,7731.725,151.711,-74.474,0.260125,0.959158,-0.111138,-0.962730,0.266463,0.046340,0.074062,0.094942,0.992724,0,0.43842,-0.02803,26.305,-0.056,-1,500.000,-1,400.000,-1,375.000,350.000,375.000,-1,375.000,0.000,0.000,-1,-1,875.000,-1,-1,2,0,2,0,2,0,0,0,2,1,0,0,2,2,0,2,2
117,7034.195,7710.997,152.872,-74.541,0.258612,0.959680,-0.110157,-0.962728,0.265411,0.052079,0.079216,0.092583,0.992549,0,0.35842,-0.03318,21.505,-0.066,-1,525.000,-1,425.000,-1,375.000,350.000,375.000,-1,400.000,0.000,0.000,625.000,-1,925.000,-1,-1,2,0,2,0,2,0,0,0,2,1,0,0,0,2,0,2,2
118,7038.627,7694.890,153.485,-74.615,0.257120,0.960094,-0.110041,-0.962903,0.264179,0.055029,0.081903,0.091809,0.992403,0,0.27842,-0.03734,16.705,-0.075,-1,550.000,-1,425.000,-1,400.000,350.000,375.000,-1,400.000,0.000,0.000,625.000,-1,975.000,-1,-1,2,0,2,0,2,0,0,0,2,1,0,0,1,2,0,2,2
119,7041.770,7683.407,153.477,-74.696,0.255641,0.960370,-0.111069,-0.963274,0.262793,0.055161,0.082163,0.092889,0.992281,0,0.19842,-0.04055,11.905,-0.081,-1,550.000,-1,425.000,-1,400.000,350.000,375.000,-1,400.000,0.000,0.000,650.000,-1,975.000,-1,-1,2,0,2,0,2,0,0,0,2,1,0,0,0,2,0,2,2
120,7043.636,7676.551,153.512,-74.782,0.254158,0.960716,-0.111482,-0.963665,0.261345,0.055215,0.082181,0.093398,0.992231,0,0.11842,-0.04282,7.105,-0.086,-1,550.000,-1,425.000,-1,400.000,350.000,375.000,-1,425.000,0.000,0.000,650.000,-1,975.000,-1,-1,2,0,2,0,2,0,0,0,2,1,0,0,1,2,0,2,2
121,7044.238,7674.326,153.572,-74.870,0.252689,0.961117,-0.111364,-0.964065,0.259863,0.055222,0.082014,0.093409,0.992244,0,0.03842,-0.04417,2.305,-0.088,-1,550.000,-1,425.000,-1,400.000,350.000,375.000,-1,425.000,0.000,0.000,650.000,-1,950.000,-1,-1,2,0,2,0,2,0,0,0,2,1,0,0,1,2,0,2,2
122,7043.589,7676.735,153.650,-74.960,0.251262,0.961562,-0.110748,-0.964466,0.258377,0.055190,0.081683,0.092946,0.992315,0,-0.04158,-0.04461,-2.495,-0.089,-1,550.000,-1,425.000,-1,400.000,350.000,375.000,-1,425.000,0.000,0.000,650.000,-1,950.000,-1,-1,2,0,2,0,2,0,0,0,2,1,0,0,1,2,0,2,2
123,7041.706,7683.783,153.751,-75.048,0.249909,0.962045,-0.109611,-0.964861,0.256918,0.055103,0.081173,0.091988,0.992446,0,-0.12158,-0.04414,-7.295,-0.088,-1,550.000,-1,425.000,-1,400.000,350.000,375.000,-1,400.000,0.000,0.000,650.000,-1,950.000,-1,-1,2,0,2,0,2,0,0,0,2,1,0,0,0,2,0,2,2
124,7038.603,7695.474,153.327,-75.133,0.248695,0.962377,-0.109456,-0.965377,0.255470,0.052745,0.078723,0.092549,0.992591,0,-0.20158,-0.04274,-12.095,-0.085,-1,525.000,-1,425.000,-1,375.000,350.000,375.000,-1,400.000,0.000,0.000,625.000,-1,925.000,-1,-1,2,0,2,0,2,0,0,0,2,1,0,0,0,2,0,2,2
125,7034.293,7711.811,152.285,-75.214,0.247688,0.962517,-0.110504,-0.966018,0.254054,0.047605,0.073895,0.094958,0.992735,0,-0.28158,-0.04040,-16.895,-0.081,-1,525.000,-1,400.000,-1,375.000,350.000,375.000,-1,400.000,0.000,0.000,-1,-1,875.000,-1,-1,2,0,2,0,2,0,0,0,2,1,0,0,2,2,0,2,2
126,7028.785,7732.796,151.080,-75.288,0.246936,0.962602,-0.111443,-0.966656,0.252744,0.041188,0.067814,0.097556,0.992917,0,-0.36158,-0.03710,-21.695,-0.074,-1,500.000,-1,400.000,-1,350.000,325.000,375.000,-1,400.000,0.000,0.000,-1,-1,825.000,-1,-1,2,0,2,0,2,0,0,0,2,1,0,0,2,2,0,2,2
127,7022.087,7758.431,149.784,-75.354,0.246504,0.962649,-0.111995,-0.967258,0.251578,0.033473,0.060398,0.100077,0.993145,0,-0.44158,-0.03280,-26.495,-0.066,-1,475.000,-1,375.000,-1,350.000,325.000,375.000,-1,375.000,0.000,0.000,-1,-1,750.000,-1,-1,2,0,2,0,2,0,0,0,2,1,0,0,2,2,0,2,2
128,7015.175,7784.986,148.627,-75.409,0.246348,0.962699,-0.111904,-0.967753,0.250606,0.025501,0.052593,0.102014,0.993392,0,-0.45731,-0.02747,-27.439,-0.055,-1,450.000,-1,350.000,-1,325.000,300.000,375.000,-1,375.000,0.000,0.000,-1,-1,700.000,-1,-1,2,0,2,0,2,0,0,0,2,1,0,1,2,2,0,2,2
129,7008.358,7811.253,147.510,-75.453,0.246514,0.962825,-0.110446,-0.968129,0.249854,0.017283,0.044236,0.102666,0.993732,0,-0.45227,-0.02186,-27.136,-0.044,-1,425.000,-1,325.000,-1,325.000,275.000,375.000,-1,350.000,0.000,0.000,-1,-1,650.000,-1,-1,2,0,2,0,2,0,0,0,2,1,0,1,2,2,0,2,2
130,7001.635,7837.228,147.414,-75.485,0.247100,0.962628,-0.110852,-0.968431,0.249221,0.005487,0.032908,0.105997,0.993822,0,-0.44717,-0.01623,-26.830,-0.032,-1,400.000,-1,300.000,-1,300.000,275.000,400.000,-1,350.000,0.000,0.000,-1,950.000,600.000,-1,-1,2,0,2,0,2,0,0,0,2,1,0,1,2,0,0,2,2
131,6995.000,7862.907,147.991,-75.506,0.248076,0.962228,-0.112142,-0.968535,0.248738,-0.008276,0.019931,0.110667,0.993658,0,-0.44201,-0.01059,-26.521,-0.021,-1,375.000,-1,300.000,-1,275.000,250.000,400.000,-1,350.000,875.000,0.000,-1,850.000,525.000,-1,-1,2,0,2,0,2,0,0,0,2,1,1,1,2,0,0,2,2
132,6989.484,7883.916,148.733,-75.287,0.252765,0.961028,-0.111962,-0.967467,0.252347,-0.018124,0.010836,0.112901,0.993547,0,-0.36201,0.10941,-21.721,0.219,-1,350.000,-1,275.000,-1,275.000,250.000,425.000,-1,350.000,900.000,-1,-1,800.000,500.000,-1,-1,2,0,2,0,2,0,0,0,2,1,1,2,2,0,0,2,2
133,6985.117,7900.264,149.379,-75.044,0.257610,0.959837,-0.111133,-0.966240,0.256401,-0.025280,0.004230,0.113894,0.993484,0,-0.28201,0.12179,-16.921,0.244,-1,350.000,-1,275.000,-1,275.000,225.000,425.000,-1,350.000,925.000,-1,-1,750.000,475.000,-1,-1,2,0,2,0,2,0,0,0,2,1,1,2,2,0,0,2,2
134,6981.936,7911.960,149.907,-74.793,0.262307,0.958690,-0.110036,-0.964984,0.260596,-0.029909,0.000001,0.114028,0.993478,0,-0.20201,0.12540,-12.121,0.251,-1,350.000,-1,275.000,-1,250.000,225.000,425.000,-1,350.000,925.000,-1,-1,725.000,450.000,-1,-1,2,0,2,0,2,0,0,0,2,1,1,2,2,0,0,2,2
135,6979.983,7919.016,150.317,-74.537,0.266820,0.957571,-0.108930,-0.963745,0.264892,-0.032074,-0.001859,0.113539,0.993532,0,-0.12201,0.12798,-7.321,0.256,-1,350.000,-1,250.000,-1,250.000,225.000,425.000,-1,350.000,950.000,-1,-1,700.000,450.000,-1,-1,2,0,2,0,2,0,0,0,2,1,1,2,2,0,0,2,2
136,6979.299,7921.443,150.618,-74.278,0.271118,0.956469,-0.107993,-0.962545,0.269248,-0.031815,-0.001353,0.112574,0.993642,0,-0.04201,0.12953,-2.521,0.259,-1,350.000,-1,275.000,-1,250.000,225.000,425.000,-1,350.000,950.000,-1,-1,700.000,450.000,-1,-1,2,0,2,0,2,0,0,0,2,1,1,2,2,0,0,2,2
137,6979.925,7919.252,150.825,-74.018,0.275174,0.955387,-0.107311,-0.961393,0.273631,-0.029144,0.001520,0.111187,0.993798,0,0.03799,0.13007,2.279,0.260,-1,350.000,-1,275.000,-1,275.000,225.000,425.000,-1,350.000,950.000,-1,-1,725.000,475.000,-1,-1,2,0,2,0,2,0,0,0,2,1,1,2,2,0,0,2,2
138,6981.904,7912.455,150.961,-73.759,0.278963,0.954336,-0.106874,-0.960278,0.278007,-0.024047,0.006763,0.109337,0.993982,0,0.11799,0.12959,7.079,0.259,-1,350.000,-1,275.000,-1,275.000,250.000,425.000,-1,350.000,950.000,-1,-1,750.000,500.000,-1,-1,2,0,2,0,2,0,0,0,2,1,1,2,2,0,0,2,2
139,6985.276,7901.064,151.055,-73.502,0.282463,0.953340,-0.106575,-0.959170,0.282349,-0.016477,0.014383,0.106878,0.994168,0,0.19799,0.12812,11.879,0.256,-1,375.000,-1,300.000,-1,275.000,250.000,400.000,-1,350.000,925.000,-1,-1,825.000,525.000,-1,-1,2,0,2,0,2,0,0,0,2,1,1,2,2,0,0,2,2
140,6990.081,7885.092,151.145,-73.251,0.285660,0.952428,-0.106199,-0.958020,0.286630,-0.006350,0.024392,0.103555,0.994325,0,0.27799,0.12569,16.679,0.251,-1,400.000,-1,300.000,-1,300.000,275.000,400.000,-1,350.000,900.000,-1,-1,900.000,575.000,-1,-1,2,0,2,0,2,0,0,0,2,1,1,2,2,0,0,2,2
141,6996.356,7864.549,151.274,-73.006,0.288563,0.951640,-0.105420,-0.956753,0.290829,0.006460,0.036806,0.098996,0.994407,0,0.35799,0.12231,21.479,0.245,-1,425.000,-1,325.000,-1,300.000,275.000,400.000,-1,325.000,875.000,0.000,-1,1000.000,625.000,-1,-1,2,0,2,0,2,0,0,0,2,1,1,1,2,0,0,2,2
