timestep,x_cm,y_cm,z_cm,yaw_deg,basis_xx,basis_xy,basis_xz,basis_yx,basis_yy,basis_yz,basis_zx,basis_zy,basis_zz,teleport_flag,throttle_cmd,steering_cmd,cmd_move_cm,cmd_turn_deg,lidar_cm_0,lidar_cm_1,lidar_cm_2,lidar_cm_3,lidar_cm_4,lidar_cm_5,lidar_cm_6,lidar_cm_7,lidar_cm_8,lidar_cm_9,lidar_cm_10,lidar_cm_11,lidar_cm_12,lidar_cm_13,lidar_cm_14,lidar_cm_15,lidar_cm_16,lidar_class_0,lidar_class_1,lidar_class_2,lidar_class_3,lidar_class_4,lidar_class_5,lidar_class_6,lidar_class_7,lidar_class_8,lidar_class_9,lidar_class_10,lidar_class_11,lidar_class_12,lidar_class_13,lidar_class_14,lidar_class_15,lidar_class_16
0,-4267.859,2293.620,-343.450,-154.572,-0.904345,0.426769,0.005309,-0.424299,-0.897627,-0.119314,-0.046154,-0.110153,0.992842,1,0.08000,-0.12000,4.800,-0.240,600.000,375.000,-1,375.000,-1,325.000,325.000,300.000,300.000,-1,-1,-1,-1,675.000,675.000,675.000,-1,1,0,2,0,2,0,0,0,0,2,2,2,2,1,0,1,2
1,-4276.546,2289.535,-343.873,-154.814,-0.906127,0.422970,0.005431,-0.420552,-0.899417,-0.119099,-0.045491,-0.110202,0.992868,0,0.16000,-0.12105,9.600,-0.242,600.000,375.000,-1,375.000,-1,325.000,325.000,300.000,300.000,-1,-1,-1,-1,675.000,675.000,675.000,-1,1,0,2,0,2,0,0,0,0,2,2,2,2,1,0,1,2
2,-4289.603,2283.462,-344.507,-155.054,-0.907880,0.419192,0.005620,-0.416837,-0.901186,-0.118786,-0.044730,-0.110187,0.992904,0,0.24000,-0.12023,14.400,-0.240,600.000,375.000,-1,375.000,-1,325.000,325.000,300.000,300.000,-1,-1,-1,-1,675.000,675.000,675.000,-1,1,0,2,0,2,0,0,0,0,2,2,2,2,1,0,1,2
3,-4307.046,2275.436,-345.348,-155.292,-0.909599,0.415446,0.005884,-0.413165,-0.902929,-0.118378,-0.043867,-0.110107,0.992951,0,0.32000,-0.11911,19.200,-0.238,575.000,375.000,-1,375.000,-1,325.000,325.000,300.000,300.000,-1,-1,-1,-1,675.000,650.000,675.000,-1,1,0,2,0,2,0,0,0,0,2,2,2,2,1,0,1,2
4,-4328.890,2265.495,-346.393,-155.528,-0.911280,0.411740,0.006228,-0.409547,-0.904642,-0.117873,-0.042899,-0.109966,0.993009,0,0.40000,-0.11766,24.000,-0.235,575.000,375.000,-1,375.000,-1,325.000,325.000,300.000,300.000,-1,-1,-1,-1,650.000,650.000,650.000,-1,1,0,2,0,2,0,0,0,0,2,2,2,2,1,0,1,2
5,-4355.151,2253.671,-347.638,-155.759,-0.912919,0.408087,0.006660,-0.405993,-0.906320,-0.117273,-0.041822,-0.109765,0.993077,0,0.48000,-0.11587,28.800,-0.232,550.000,375.000,-1,375.000,-1,325.000,325.000,300.000,300.000,-1,-1,-1,-1,650.000,650.000,650.000,-1,1,0,2,0,2,0,0,0,0,2,2,2,2,1,0,1,2
6,-4385.844,2239.998,-349.081,-155.987,-0.914511,0.404498,0.007189,-0.402517,-0.907959,-0.116577,-0.040628,-0.109504,0.993156,0,0.56000,-0.11371,33.600,-0.227,525.000,375.000,-1,375.000,-1,325.000,300.000,300.000,300.000,-1,-1,-1,-1,650.000,650.000,625.000,-1,1,0,2,0,2,0,0,0,0,2,2,2,2,1,0,1,2
7,-4420.981,2224.508,-350.719,-156.209,-0.916051,0.400986,0.007824,-0.399131,-0.909554,-0.115784,-0.039311,-0.109187,0.993244,0,0.64000,-0.11115,38.400,-0.222,500.000,375.000,-1,375.000,-1,325.000,300.000,300.000,300.000,-1,-1,-1,-1,625.000,650.000,625.000,-1,1,0,2,0,2,0,0,0,0,2,2,2,2,1,0,1,2
8,-4460.576,2207.232,-352.546,-156.426,-0.917534,0.397564,0.008569,-0.395848,-0.911097,-0.114921,-0.037882,-0.108836,0.993338,0,0.72000,-0.10816,43.200,-0.216,475.000,375.000,-1,375.000,-1,300.000,300.000,300.000,300.000,-1,1000.000,1000.000,-1,625.000,650.000,600.000,-1,1,0,2,0,2,0,0,0,0,2,0,0,2,1,0,1,2
9,-4504.640,2188.195,-354.364,-156.635,-0.918968,0.394218,0.009506,-0.392635,-0.912511,-0.114719,-0.036550,-0.109156,0.993352,0,0.80000,-0.10470,48.000,-0.209,450.000,375.000,-1,350.000,-1,300.000,300.000,300.000,300.000,-1,925.000,925.000,-1,600.000,625.000,575.000,-1,1,0,2,0,2,0,0,0,0,2,0,0,2,1,0,1,2
10,-4553.184,2167.425,-356.066,-156.836,-0.920338,0.390947,0.011734,-0.389617,-0.913750,-0.115153,-0.034297,-0.110551,0.993278,0,0.88000,-0.10071,52.800,-0.201,425.000,375.000,-1,350.000,-1,300.000,300.000,300.000,300.000,-1,825.000,825.000,-1,600.000,625.000,550.000,-1,1,0,2,0,2,0,0,0,0,2,0,0,2,1,0,1,2
11,-4606.215,2144.943,-357.713,-157.029,-0.921630,0.387780,0.014984,-0.386804,-0.914825,-0.116097,-0.031312,-0.112795,0.993125,0,0.96000,-0.09615,57.600,-0.192,400.000,375.000,-1,350.000,-1,300.000,300.000,300.000,300.000,-1,725.000,725.000,-1,575.000,625.000,550.000,-1,1,0,2,0,2,0,0,1,0,2,0,0,2,1,0,1,2
12,-4661.530,2121.699,-359.394,-157.211,-0.922830,0.384766,0.018459,-0.384176,-0.915795,-0.117168,-0.028178,-0.115217,0.992941,0,1.00000,-0.09096,60.000,-0.182,375.000,350.000,-1,350.000,-1,300.000,300.000,300.000,300.000,-1,650.000,650.000,-1,575.000,650.000,525.000,-1,1,0,2,0,2,0,0,1,0,2,0,0,2,1,0,1,2
13,-4716.915,2098.622,-360.768,-157.381,-0.923940,0.381973,0.020786,-0.381662,-0.916783,-0.117657,-0.025886,-0.116641,0.992837,0,1.00000,-0.08530,60.000,-0.171,350.000,350.000,-1,350.000,-1,300.000,300.000,275.000,300.000,-1,625.000,625.000,-1,575.000,625.000,525.000,-1,1,0,2,0,2,0,0,1,0,2,0,0,2,1,0,1,2
14,-4772.317,2075.721,-361.558,-157.540,-0.924898,0.379463,0.023915,-0.379585,-0.917915,-0.115528,-0.021887,-0.115930,0.993016,0,0.99915,-0.07939,59.949,-0.159,350.000,350.000,-1,350.000,-1,300.000,300.000,275.000,300.000,-1,600.000,575.000,-1,600.000,650.000,-1,-1,1,0,2,0,2,0,0,1,0,2,0,0,2,1,0,2,2
15,-4827.664,2053.010,-362.227,-157.686,-0.925749,0.377158,0.027226,-0.377729,-0.918987,-0.113062,-0.017622,-0.114951,0.993215,0,0.99709,-0.07324,59.825,-0.146,375.000,350.000,-1,375.000,-1,300.000,300.000,275.000,300.000,-1,550.000,550.000,-1,625.000,650.000,-1,-1,1,0,2,0,2,0,0,1,0,2,0,0,2,1,0,2,2
16,-4882.919,2030.486,-362.846,-157.820,-0.926497,0.375054,0.030617,-0.376066,-0.919969,-0.110595,-0.013313,-0.113980,0.993394,0,0.99450,-0.06689,59.670,-0.134,400.000,350.000,-1,375.000,-1,300.000,300.000,250.000,300.000,-1,500.000,500.000,-1,625.000,650.000,-1,-1,1,1,2,0,2,0,0,1,0,2,0,0,2,0,0,2,2
17,-4933.692,2009.681,-363.233,-157.714,-0.925658,0.376826,0.034058,-0.378250,-0.919439,-0.107514,-0.009200,-0.112404,0.993620,0,0.91450,0.05311,54.870,0.106,-1,350.000,-1,375.000,-1,300.000,300.000,250.000,300.000,-1,475.000,475.000,-1,650.000,650.000,-1,-1,2,1,2,0,2,0,0,1,0,2,0,0,2,0,0,2,2
18,-4979.908,1990.421,-362.782,-157.368,-0.923124,0.382577,0.038424,-0.384488,-0.917629,-0.100623,-0.003237,-0.107661,0.994182,0,0.83450,0.17311,50.070,0.346,-1,375.000,-1,375.000,-1,325.000,300.000,250.000,300.000,-1,425.000,400.000,-1,675.000,675.000,-1,-1,2,1,2,0,2,0,0,1,0,2,0,0,2,0,0,2,2
19,-5021.514,1972.580,-362.523,-156.782,-0.918954,0.392107,0.042131,-0.394362,-0.914043,-0.094894,0.001301,-0.103818,0.994595,0,0.75450,0.29311,45.270,0.586,-1,375.000,-1,375.000,-1,325.000,325.000,225.000,300.000,-1,350.000,325.000,-1,700.000,675.000,-1,-1,2,1,2,0,2,0,0,1,0,2,0,0,2,0,0,2,2
20,-5060.515,1955.185,-362.423,-155.955,-0.913020,0.405384,0.045370,-0.407886,-0.908602,-0.089839,0.004804,-0.100530,0.994922,0,0.71177,0.41311,42.706,0.826,-1,400.000,-1,375.000,-1,325.000,325.000,225.000,300.000,-1,300.000,275.000,-1,700.000,700.000,-1,-1,2,0,2,0,2,0,0,1,0,2,0,0,2,0,0,2,2
21,-5099.077,1937.117,-362.481,-154.889,-0.905147,0.422345,0.048306,-0.425031,-0.901167,-0.085130,0.007578,-0.097587,0.995198,0,0.70976,0.53311,42.586,1.066,-1,400.000,-1,400.000,-1,325.000,325.000,225.000,300.000,-1,275.000,250.000,-1,725.000,700.000,-1,-1,2,0,2,0,2,0,0,1,0,2,0,0,2,0,0,2,2
22,-5137.120,1918.220,-362.306,-153.583,-0.895183,0.442828,0.050508,-0.445619,-0.891406,-0.082576,0.008456,-0.096427,0.995304,0,0.70798,0.65311,42.479,1.306,-1,400.000,-1,400.000,-1,325.000,325.000,225.000,300.000,-1,275.000,250.000,-1,750.000,700.000,-1,-1,2,0,2,0,2,0,0,1,0,2,0,0,2,0,0,2,2
23,-5174.557,1898.346,-362.250,-152.037,-0.882834,0.466749,0.052431,-0.469608,-0.879188,-0.080602,0.008476,-0.095780,0.995366,0,0.70645,0.77311,42.387,1.546,-1,400.000,-1,400.000,-1,325.000,325.000,225.000,300.000,-1,275.000,250.000,-1,750.000,725.000,-1,-1,2,0,2,0,2,0,0,1,0,2,0,0,2,0,0,2,2
24,-5211.290,1877.351,-362.225,-150.251,-0.867778,0.493919,0.054810,-0.496883,-0.864199,-0.079173,0.008261,-0.095939,0.995353,0,0.70519,0.89311,42.311,1.786,-1,425.000,-1,400.000,-1,325.000,325.000,200.000,300.000,-1,275.000,250.000,-1,750.000,725.000,-1,-1,2,0,2,0,2,0,0,1,0,2,0,0,2,0,0,2,2
25,-5247.293,1855.239,-362.425,-148.443,-0.851704,0.520904,0.057097,-0.523967,-0.848143,-0.078176,0.007704,-0.096500,0.995303,0,0.70422,0.90376,42.253,1.808,-1,425.000,-1,400.000,-1,325.000,325.000,200.000,300.000,-1,275.000,250.000,-1,775.000,725.000,-1,-1,2,0,2,0,2,0,0,1,0,2,0,0,2,0,0,2,2
26,-5282.529,1832.033,-362.849,-146.634,-0.834785,0.547368,0.059345,-0.550533,-0.831197,-0.077625,0.006838,-0.097472,0.995215,0,0.70322,0.90455,42.193,1.809,-1,425.000,-1,400.000,-1,325.000,325.000,200.000,300.000,-1,275.000,250.000,-1,775.000,725.000,-1,-1,2,0,2,0,2,0,0,1,0,2,0,0,2,0,0,2,2
27,-5316.962,1807.761,-363.494,-144.823,-0.817042,0.573279,0.061602,-0.576551,-0.813377,-0.077508,0.005672,-0.098843,0.995087,0,0.70215,0.90530,42.129,1.811,-1,425.000,-1,400.000,-1,325.000,325.000,200.000,300.000,-1,275.000,275.000,-1,775.000,725.000,-1,-1,2,0,2,0,2,0,0,1,0,2,0,0,2,0,0,2,2
28,-5350.556,1782.455,-364.214,-143.011,-0.798520,0.598639,0.063225,-0.601956,-0.794747,-0.077629,0.003776,-0.100047,0.994976,0,0.70102,0.90600,42.061,1.812,-1,425.000,-1,400.000,-1,325.000,325.000,200.000,300.000,-1,275.000,300.000,-1,775.000,725.000,-1,-1,2,0,2,0,2,0,0,1,0,2,0,0,2,0,0,2,2
29,-5383.277,1756.142,-364.936,-141.198,-0.779256,0.623439,0.063902,-0.626705,-0.775348,-0.077953,0.000948,-0.100793,0.994907,0,0.69983,0.90664,41.990,1.813,-1,425.000,-1,400.000,-1,325.000,325.000,175.000,300.000,-1,300.000,300.000,-1,750.000,725.000,-1,-1,2,0,2,0,2,0,0,1,0,2,0,0,2,0,0,2,2
30,-5415.091,1728.856,-365.858,-139.384,-0.759225,0.647605,0.064693,-0.650824,-0.755135,-0.078734,-0.002137,-0.101880,0.994794,0,0.69858,0.90723,41.915,1.814,-1,400.000,-1,400.000,-1,325.000,325.000,175.000,300.000,-1,325.000,325.000,-1,750.000,725.000,-1,-1,2,0,2,0,2,0,0,1,0,2,0,0,2,0,0,2,2
31,-5445.967,1700.627,-366.970,-137.568,-0.738450,0.671106,0.065634,-0.674286,-0.734132,-0.079931,-0.005458,-0.103281,0.994637,0,0.69729,0.90777,41.837,1.816,-1,400.000,-1,400.000,-1,325.000,325.000,175.000,300.000,-1,350.000,325.000,-1,725.000,700.000,-1,-1,2,0,2,0,2,0,0,1,0,2,0,0,2,0,0,2,2
32,-5475.874,1671.490,-368.240,-135.752,-0.716949,0.693910,0.066875,-0.697068,-0.712357,-0.081508,-0.008920,-0.105053,0.994427,0,0.69594,0.90825,41.756,1.817,-1,400.000,-1,375.000,-1,325.000,325.000,175.000,300.000,-1,375.000,350.000,-1,725.000,700.000,-1,-1,2,0,2,0,2,0,0,1,0,2,0,0,2,0,0,2,2
33,-5504.784,1641.478,-369.655,-133.934,-0.694746,0.715990,0.068454,-0.719147,-0.689835,-0.083398,-0.012491,-0.107169,0.994162,0,0.69455,0.90868,41.673,1.817,-1,400.000,-1,375.000,-1,325.000,325.000,175.000,300.000,-1,375.000,375.000,-1,700.000,700.000,-1,-1,2,0,2,0,2,0,0,1,0,2,0,0,2,0,0,2,2
34,-5532.669,1610.628,-371.234,-132.116,-0.671871,0.737329,0.070251,-0.740490,-0.666603,-0.085523,-0.016230,-0.109481,0.993856,0,0.69313,0.90905,41.588,1.818,-1,400.000,-1,375.000,-1,325.000,300.000,175.000,300.000,-1,400.000,400.000,-1,700.000,675.000,-1,-1,2,0,2,0,2,0,0,1,0,2,0,0,2,0,0,2,2
35,-5556.575,1582.668,-372.769,-130.538,-0.651504,0.755216,0.072055,-0.758391,-0.645881,-0.087647,-0.019653,-0.111748,0.993542,0,0.61313,0.78905,36.788,1.578,-1,375.000,-1,375.000,-1,300.000,300.000,150.000,300.000,-1,400.000,425.000,-1,675.000,675.000,-1,-1,2,0,2,0,2,0,0,1,0,2,0,0,2,0,0,2,2
36,-5576.789,1557.879,-373.981,-129.200,-0.633918,0.769983,0.072628,-0.773045,-0.627979,-0.089683,-0.023445,-0.112997,0.993319,0,0.53313,0.66905,31.988,1.338,-1,375.000,-1,375.000,-1,300.000,300.000,150.000,300.000,-1,450.000,475.000,-1,675.000,675.000,-1,-1,2,0,2,0,2,0,0,1,0,2,0,0,2,0,0,2,2
37,-5593.542,1536.468,-374.197,-128.037,-0.618325,0.782739,0.070663,-0.785457,-0.612363,-0.089826,-0.027039,-0.111044,0.993448,0,0.45313,0.58129,27.188,1.163,-1,375.000,-1,375.000,-1,300.000,300.000,150.000,300.000,-1,525.000,575.000,-1,675.000,650.000,-1,-1,2,0,2,0,2,0,0,1,0,2,0,0,2,0,0,2,2
38,-5606.976,1518.561,-374.351,-126.874,-0.602419,0.795153,0.069450,-0.797623,-0.596464,-0.089599,-0.029820,-0.109372,0.993554,0,0.37313,0.58139,22.388,1.163,-1,375.000,-1,350.000,-1,300.000,300.000,150.000,300.000,-1,600.000,625.000,-1,675.000,650.000,-1,-1,2,0,2,0,2,0,0,1,0,2,0,0,2,0,0,2,2
39,-5617.242,1504.282,-374.601,-125.712,-0.586250,0.807187,0.068993,-0.809489,-0.580270,-0.089517,-0.032223,-0.108328,0.993593,0,0.29313,0.58145,17.588,1.163,-1,375.000,-1,350.000,-1,300.000,300.000,150.000,300.000,-1,625.000,650.000,-1,675.000,650.000,-1,-1,2,0,2,0,2,0,0,1,0,2,0,0,2,0,0,2,2
40,-5624.493,1493.751,-374.915,-124.549,-0.569831,0.818842,0.069205,-0.821046,-0.563798,-0.089528,-0.034291,-0.107836,0.993577,0,0.21313,0.58149,12.788,1.163,-1,375.000,-1,350.000,-1,300.000,300.000,150.000,300.000,-1,650.000,675.000,-1,675.000,650.000,-1,-1,2,0,2,0,2,0,0,1,0,2,0,0,2,0,0,2,2
41,-5628.888,1487.082,-375.267,-123.386,-0.553174,0.830116,0.070039,-0.832286,-0.547061,-0.089584,-0.036049,-0.107848,0.993514,0,0.13313,0.58153,7.988,1.163,-1,375.000,-1,350.000,-1,300.000,300.000,150.000,300.000,-1,650.000,675.000,-1,675.000,650.000,-1,-1,2,0,2,0,2,0,0,1,0,2,0,0,2,0,0,2,2
42,-5630.586,1484.386,-375.633,-122.222,-0.536286,0.841005,0.071477,-0.843203,-0.530069,-0.089637,-0.037497,-0.108341,0.993406,0,0.05313,0.58155,3.188,1.163,-1,375.000,-1,350.000,-1,300.000,300.000,150.000,300.000,-1,625.000,650.000,-1,675.000,650.000,-1,-1,2,0,2,0,2,0,0,1,0,2,0,0,2,0,0,2,2
43,-5629.755,1485.770,-375.336,-121.059,-0.518931,0.851748,0.072357,-0.854037,-0.512983,-0.086424,-0.036494,-0.106644,0.993627,0,-0.02687,0.58157,-1.612,1.163,-1,375.000,-1,375.000,-1,300.000,300.000,150.000,300.000,-1,525.000,575.000,-1,700.000,650.000,-1,-1,2,0,2,0,2,0,0,1,0,2,0,0,2,0,0,2,2
44,-5626.561,1491.332,-374.865,-119.896,-0.501291,0.862154,0.073474,-0.864586,-0.495684,-0.082389,-0.034611,-0.104826,0.993888,0,-0.10687,0.58156,-6.412,1.163,-1,400.000,-1,375.000,-1,325.000,325.000,150.000,300.000,-1,425.000,475.000,-1,725.000,675.000,-1,-1,2,0,2,0,2,0,0,1,0,2,0,0,2,0,0,2,2
45,-5621.175,1501.168,-373.735,-118.733,-0.483450,0.872379,0.072323,-0.874727,-0.478271,-0.078167,-0.033601,-0.101053,0.994313,0,-0.18687,0.58150,-11.212,1.163,-1,400.000,-1,375.000,-1,325.000,325.000,175.000,300.000,-1,375.000,400.000,-1,750.000,675.000,-1,-1,2,0,2,0,2,0,0,1,0,2,0,0,2,0,0,2,2
46,-5613.769,1515.366,-372.064,-117.570,-0.465421,0.882359,0.069470,-0.884464,-0.460707,-0.073982,-0.033273,-0.095877,0.994837,0,-0.26687,0.58138,-16.012,1.163,-1,425.000,-1,400.000,-1,325.000,325.000,175.000,300.000,-1,350.000,375.000,-1,775.000,700.000,-1,-1,2,0,2,0,2,0,0,1,0,2,0,0,2,0,0,2,2
47,-5604.518,1534.011,-370.110,-116.408,-0.447203,0.891979,0.066210,-0.893823,-0.442940,-0.069883,-0.033007,-0.090432,0.995355,0,-0.34687,0.58114,-20.812,1.162,1000.000,425.000,-1,400.000,-1,350.000,325.000,175.000,300.000,-1,350.000,350.000,-1,825.000,700.000,-1,-1,1,0,2,0,2,0,0,1,0,2,0,0,2,0,0,2,2
48,-5594.693,1554.861,-368.071,-115.247,-0.428834,0.901193,0.062863,-0.902780,-0.424965,-0.066281,-0.033017,-0.085175,0.995819,0,-0.38414,0.58077,-23.048,1.162,925.000,450.000,-1,400.000,-1,350.000,350.000,200.000,300.000,-1,325.000,325.000,-1,850.000,725.000,-1,-1,1,0,2,0,2,0,0,1,0,2,0,0,2,0,0,2,2
49,-5585.392,1575.680,-366.118,-114.086,-0.410339,0.909978,0.059682,-0.911321,-0.406788,-0.063382,-0.033398,-0.080397,0.996203,0,-0.38002,0.58027,-22.801,1.161,800.000,450.000,-1,400.000,-1,350.000,350.000,200.000,300.000,-1,325.000,300.000,-1,875.000,725.000,-1,-1,1,0,2,0,2,0,0,1,0,2,0,0,2,0,0,2,2
50,-5576.606,1596.464,-364.249,-112.927,-0.391724,0.918334,0.056699,-0.919449,-0.388425,-0.061153,-0.034135,-0.076087,0.996517,0,-0.37607,0.57968,-22.564,1.159,675.000,450.000,-1,400.000,-1,375.000,350.000,200.000,300.000,-1,300.000,275.000,-1,900.000,750.000,-1,-1,1,0,2,0,2,0,0,1,0,2,0,0,2,0,0,2,2
51,-5568.324,1617.212,-362.463,-111.769,-0.373001,0.926262,0.053942,-0.927162,-0.369895,-0.059559,-0.035214,-0.072229,0.996766,0,-0.37231,0.57891,-22.339,1.158,575.000,475.000,-1,425.000,-1,375.000,350.000,225.000,300.000,-1,300.000,275.000,-1,925.000,750.000,-1,-1,1,0,2,0,2,0,0,1,0,2,0,0,2,0,0,2,2
52,-5560.534,1637.922,-360.758,-110.621,-0.354307,0.933713,0.051448,-0.934412,-0.351345,-0.058570,-0.036612,-0.068826,0.996957,0,-0.36876,0.57411,-22.126,1.148,500.000,475.000,-1,425.000,-1,375.000,350.000,225.000,275.000,-1,300.000,275.000,-1,950.000,750.000,-1,-1,1,0,2,0,2,0,0,1,0,2,0,0,2,0,0,2,2
53,-5553.224,1658.594,-359.131,-109.482,-0.335648,0.940700,0.049238,-0.941208,-0.332786,-0.058147,-0.038313,-0.065860,0.997093,0,-0.36544,0.56939,-21.926,1.139,425.000,475.000,-1,425.000,-1,375.000,350.000,250.000,275.000,-1,300.000,275.000,-1,975.000,750.000,-1,-1,1,0,2,0,2,0,0,1,0,2,0,0,2,0,0,2,2
54,-5547.767,1674.829,-357.904,-108.583,-0.320842,0.945931,0.047693,-0.946294,-0.318032,-0.058173,-0.039859,-0.063796,0.997167,0,-0.28544,0.44939,-17.126,0.899,375.000,475.000,-1,425.000,-1,375.000,350.000,250.000,275.000,-1,300.000,275.000,-1,950.000,750.000,-1,-1,1,1,2,0,2,0,0,1,0,2,0,0,2,1,0,2,2
55,-5543.975,1686.557,-357.042,-107.924,-0.309946,0.949607,0.046680,-0.949866,-0.307161,-0.058373,-0.041094,-0.062432,0.997203,0,-0.20544,0.32939,-12.326,0.659,375.000,475.000,-1,425.000,-1,375.000,350.000,275.000,275.000,-1,300.000,275.000,-1,925.000,775.000,-1,-1,1,1,2,0,2,0,0,1,0,2,0,0,2,1,0,2,2
56,-5541.711,1693.735,-356.523,-107.506,-0.303002,0.951875,0.046089,-0.952068,-0.300228,-0.058564,-0.041908,-0.061625,0.997219,0,-0.12544,0.20939,-7.526,0.419,375.000,475.000,-1,425.000,-1,375.000,350.000,275.000,275.000,-1,325.000,275.000,-1,900.000,775.000,-1,-1,1,1,2,0,2,0,0,1,0,2,0,0,2,1,0,2,2
57,-5540.900,1696.338,-356.331,-107.327,-0.300031,0.952827,0.045852,-0.952994,-0.297262,-0.058634,-0.042238,-0.061289,0.997226,0,-0.04544,0.08939,-2.726,0.179,375.000,475.000,-1,425.000,-1,375.000,350.000,275.000,275.000,-1,325.000,275.000,-1,875.000,775.000,-1,-1,1,1,2,0,2,0,0,1,0,2,0,0,2,1,0,2,2
58,-5541.519,1694.359,-356.461,-107.388,-0.301046,0.952502,0.045942,-0.952682,-0.298278,-0.058544,-0.042060,-0.061393,0.997227,0,0.03456,-0.03061,2.074,-0.061,375.000,475.000,-1,425.000,-1,375.000,350.000,275.000,275.000,-1,325.000,275.000,-1,900.000,775.000,-1,-1,1,1,2,0,2,0,0,1,0,2,0,0,2,1,0,2,2
59,-5543.608,1687.810,-356.915,-107.689,-0.306042,0.950888,0.046379,-0.951118,-0.303271,-0.058320,-0.041391,-0.061961,0.997220,0,0.11456,-0.15061,6.874,-0.301,375.000,475.000,-1,425.000,-1,375.000,350.000,275.000,275.000,-1,325.000,275.000,-1,900.000,775.000,-1,-1,1,1,2,0,2,0,0,1,0,2,0,0,2,1,0,2,2
60,-5547.259,1676.721,-357.703,-108.231,-0.315004,0.947914,0.047228,-0.948235,-0.312218,-0.058060,-0.040290,-0.063073,0.997195,0,0.19456,-0.27061,11.674,-0.541,375.000,475.000,-1,425.000,-1,375.000,350.000,275.000,275.000,-1,300.000,275.000,-1,950.000,775.000,-1,-1,1,1,2,0,2,0,0,1,0,2,0,0,2,1,0,2,2
61,-5552.624,1661.145,-358.845,-109.012,-0.327903,0.943461,0.048595,-0.943912,-0.325076,-0.057935,-0.038862,-0.064866,0.997137,0,0.27456,-0.39061,16.474,-0.781,400.000,475.000,-1,425.000,-1,375.000,350.000,250.000,275.000,-1,300.000,275.000,-1,975.000,750.000,-1,-1,1,0,2,0,2,0,0,1,0,2,0,0,2,0,0,2,2
62,-5559.874,1641.145,-360.343,-109.930,-0.343006,0.937976,0.050472,-0.938591,-0.340104,-0.058105,-0.037336,-0.067303,0.997034,0,0.35456,-0.45928,21.274,-0.919,475.000,475.000,-1,425.000,-1,375.000,350.000,250.000,275.000,-1,300.000,275.000,-1,975.000,750.000,-1,-1,1,0,2,0,2,0,0,1,0,2,0,0,2,0,0,2,2
63,-5569.148,1616.776,-362.185,-110.841,-0.357905,0.932265,0.052781,-0.933065,-0.354889,-0.058684,-0.035978,-0.070252,0.996880,0,0.43456,-0.45511,26.074,-0.910,550.000,475.000,-1,425.000,-1,375.000,350.000,225.000,300.000,-1,300.000,275.000,-1,950.000,750.000,-1,-1,1,0,2,0,2,0,0,1,0,2,0,0,2,0,0,2,2
64,-5580.581,1588.096,-364.400,-111.741,-0.372592,0.926326,0.055632,-0.927337,-0.369401,-0.059911,-0.034947,-0.073912,0.996652,0,0.51456,-0.45030,30.874,-0.901,625.000,475.000,-1,425.000,-1,375.000,350.000,225.000,300.000,-1,300.000,275.000,-1,925.000,750.000,-1,-1,1,0,2,0,2,0,0,1,0,2,0,0,2,0,0,2,2
65,-5594.304,1555.167,-367.018,-112.631,-0.387064,0.920155,0.059136,-0.921410,-0.383603,-0.062064,-0.034424,-0.078512,0.996319,0,0.59456,-0.44482,35.674,-0.890,700.000,450.000,-1,400.000,-1,350.000,350.000,200.000,300.000,-1,325.000,300.000,-1,900.000,725.000,-1,-1,1,0,2,0,2,0,0,1,0,2,0,0,2,0,0,2,2
66,-5610.448,1518.051,-370.083,-113.516,-0.401452,0.913681,0.063422,-0.915226,-0.397586,-0.065480,-0.034612,-0.084333,0.995836,0,0.67456,-0.44267,40.474,-0.885,775.000,450.000,-1,400.000,-1,350.000,350.000,175.000,300.000,-1,325.000,325.000,-1,850.000,725.000,-1,-1,1,0,2,0,2,0,0,1,0,2,0,0,2,0,0,2,2
67,-5629.143,1476.816,-373.640,-114.400,-0.415828,0.906852,0.068610,-0.908741,-0.411357,-0.070538,-0.035744,-0.091680,0.995147,0,0.75456,-0.44171,45.274,-0.883,850.000,425.000,-1,400.000,-1,350.000,325.000,175.000,300.000,-1,350.000,375.000,-1,800.000,700.000,-1,-1,1,0,2,0,2,0,0,1,0,2,0,0,2,0,0,2,2
68,-5650.522,1431.534,-376.443,-115.281,-0.430353,0.900070,0.068337,-0.901671,-0.425102,-0.079233,-0.042265,-0.095716,0.994511,0,0.83456,-0.44088,50.074,-0.882,850.000,400.000,-1,375.000,-1,325.000,325.000,150.000,300.000,-1,550.000,600.000,-1,750.000,650.000,-1,-1,1,0,2,0,2,0,0,1,0,2,0,0,2,0,0,2,2
69,-5672.462,1386.856,-378.993,-116.162,-0.444909,0.893111,0.066392,-0.894114,-0.438727,-0.089880,-0.051145,-0.099350,0.993737,0,0.82954,-0.44028,49.772,-0.881,875.000,375.000,-1,350.000,-1,300.000,300.000,150.000,300.000,-1,900.000,925.000,-1,675.000,600.000,-1,-1,1,0,2,0,2,0,0,1,0,2,0,0,2,0,0,2,2
70,-5694.902,1342.906,-379.491,-117.042,-0.458464,0.886628,0.060837,-0.887178,-0.452576,-0.089948,-0.052217,-0.095211,0.994087,0,0.82245,-0.43999,49.347,-0.880,-1,375.000,-1,350.000,-1,300.000,300.000,175.000,300.000,-1,-1,-1,-1,675.000,600.000,-1,1000.000,2,0,2,0,2,0,0,1,0,2,2,2,2,0,0,2,0
71,-5717.815,1299.682,-379.950,-117.922,-0.471843,0.879883,0.056302,-0.880154,-0.466305,-0.088817,-0.051894,-0.091462,0.994455,0,0.81534,-0.44004,48.920,-0.880,-1,375.000,-1,350.000,950.000,300.000,300.000,175.000,300.000,-1,-1,-1,-1,650.000,575.000,-1,925.000,2,0,2,0,0,0,0,1,0,2,2,2,2,0,0,2,0
72,-5741.187,1257.181,-380.533,-118.803,-0.485129,0.872825,0.053176,-0.872973,-0.479893,-0.087293,-0.050673,-0.088770,0.994762,0,0.80837,-0.44039,48.502,-0.881,-1,375.000,-1,350.000,900.000,300.000,300.000,175.000,300.000,-1,-1,-1,-1,650.000,575.000,-1,875.000,2,0,2,0,0,0,0,1,0,2,2,2,2,0,0,2,0
73,-5765.009,1215.394,-381.211,-119.685,-0.498340,0.865448,0.051551,-0.865616,-0.493339,-0.085587,-0.048639,-0.087275,0.994996,0,0.80167,-0.44105,48.100,-0.882,-1,375.000,-1,325.000,850.000,300.000,275.000,200.000,275.000,-1,-1,-1,-1,650.000,575.000,-1,850.000,2,0,2,0,0,0,0,1,0,2,2,2,2,0,0,2,0
74,-5789.280,1174.306,-382.005,-120.569,-0.511473,0.857759,0.051427,-0.858081,-0.506647,-0.083698,-0.045738,-0.086938,0.995163,0,0.79534,-0.44200,47.721,-0.884,-1,375.000,-1,325.000,850.000,300.000,275.000,225.000,275.000,-1,-1,-1,-1,650.000,575.000,-1,850.000,2,0,2,0,0,0,0,1,0,2,2,2,2,0,0,2,0
75,-5813.999,1133.897,-382.941,-121.455,-0.524517,0.849762,0.052792,-0.850368,-0.519823,-0.081597,-0.041896,-0.087691,0.995266,0,0.78950,-0.44323,47.370,-0.886,-1,375.000,-1,325.000,900.000,300.000,275.000,225.000,275.000,-1,-1,-1,-1,625.000,575.000,-1,875.000,2,0,2,0,0,0,0,1,0,2,2,2,2,0,0,2,0
76,-5839.171,1094.145,-383.915,-122.345,-0.537453,0.841420,0.056191,-0.842492,-0.532842,-0.079292,-0.036777,-0.089957,0.995266,0,0.78418,-0.44470,47.051,-0.889,-1,375.000,-1,350.000,-1,300.000,300.000,250.000,300.000,475.000,-1,-1,-1,625.000,575.000,-1,925.000,2,0,2,0,2,0,0,1,0,1,2,2,2,0,0,2,0
77,-5867.404,1050.654,-385.295,-122.994,-0.546714,0.835027,0.061917,-0.836759,-0.542150,-0.076857,-0.030609,-0.093828,0.995118,0,0.86418,-0.32470,51.851,-0.649,-1,375.000,-1,350.000,-1,300.000,300.000,250.000,300.000,375.000,-1,-1,-1,625.000,600.000,-1,-1,2,0,2,0,2,0,0,1,0,1,2,2,2,0,0,2,2
78,-5896.207,1006.968,-386.986,-123.403,-0.552348,0.830703,0.069601,-0.833276,-0.547820,-0.074463,-0.023728,-0.099127,0.994792,0,0.87212,-0.20470,52.327,-0.409,-1,375.000,-1,350.000,-1,300.000,300.000,275.000,300.000,350.000,-1,-1,-1,625.000,625.000,-1,-1,2,0,2,0,2,0,0,1,0,1,2,2,2,0,0,2,2
79,-5925.033,963.524,-388.954,-123.573,-0.554363,0.828506,0.079119,-0.832117,-0.549893,-0.072102,-0.016230,-0.105807,0.994254,0,0.86896,-0.08470,52.137,-0.169,-1,375.000,-1,350.000,-1,300.000,300.000,275.000,300.000,325.000,825.000,825.000,-1,625.000,650.000,-1,-1,2,0,2,0,2,0,0,1,0,1,0,0,2,0,0,2,2
80,-5953.728,920.158,-391.200,-123.502,-0.552735,0.828447,0.090326,-0.833316,-0.548385,-0.069696,-0.008206,-0.113794,0.993471,0,0.86669,0.03530,52.001,0.071,-1,375.000,-1,375.000,-1,300.000,300.000,275.000,300.000,300.000,400.000,625.000,-1,625.000,675.000,-1,-1,2,0,2,0,2,0,0,1,0,1,1,0,2,0,0,2,2
81,-5982.140,876.710,-393.265,-123.192,-0.547566,0.830677,0.100735,-0.836762,-0.543408,-0.067365,-0.001218,-0.121178,0.992630,0,0.86521,0.15530,51.913,0.311,-1,375.000,-1,375.000,-1,300.000,300.000,300.000,325.000,300.000,350.000,450.000,-1,650.000,700.000,-1,-1,2,0,2,0,2,0,0,1,0,1,1,0,2,0,0,2,2
82,-6010.115,833.037,-393.426,-122.641,-0.539459,0.835873,0.101485,-0.842011,-0.535409,-0.065990,-0.000823,-0.121050,0.992646,0,0.86444,0.27530,51.866,0.551,-1,375.000,-1,375.000,-1,300.000,300.000,300.000,325.000,325.000,400.000,450.000,-1,625.000,700.000,-1,-1,2,0,2,0,2,0,0,1,0,1,1,0,2,0,0,2,2
83,-6037.479,788.990,-393.566,-121.851,-0.527819,0.843211,0.101991,-0.849356,-0.523843,-0.064674,-0.001107,-0.120763,0.992681,0,0.86426,0.39530,51.856,0.791,-1,350.000,-1,375.000,-1,300.000,300.000,325.000,325.000,350.000,450.000,475.000,-1,625.000,675.000,-1,-1,2,0,2,0,2,0,0,1,0,1,1,0,2,0,0,2,2
84,-6064.057,744.440,-393.756,-120.820,-0.512536,0.852526,0.102498,-0.858663,-0.508609,-0.063356,-0.001881,-0.120484,0.992714,0,0.86462,0.51530,51.877,1.031,1000.000,350.000,-1,375.000,-1,300.000,300.000,325.000,325.000,375.000,475.000,475.000,-1,625.000,675.000,-1,-1,0,0,2,0,2,0,0,0,0,1,0,0,2,0,0,2,2
85,-6089.666,699.273,-393.621,-119.549,-0.493364,0.863794,0.102238,-0.869821,-0.489693,-0.060104,-0.001853,-0.118582,0.992943,0,0.86541,0.63530,51.925,1.271,-1,350.000,-1,375.000,-1,300.000,300.000,325.000,325.000,400.000,475.000,475.000,-1,625.000,675.000,-1,-1,2,0,2,0,2,0,0,0,0,1,0,0,2,0,0,2,2
86,-6114.109,653.384,-393.605,-118.039,-0.470313,0.876599,0.101885,-0.882497,-0.466856,-0.056967,-0.002371,-0.116705,0.993164,0,0.86658,0.75530,51.995,1.511,-1,350.000,-1,375.000,-1,300.000,300.000,325.000,325.000,425.000,450.000,450.000,-1,625.000,675.000,-1,-1,2,0,2,0,2,0,0,0,0,1,0,0,2,0,0,2,2
87,-6138.037,604.949,-393.740,-116.288,-0.443229,0.890655,0.101396,-0.896402,-0.439960,-0.053842,-0.003345,-0.114756,0.993388,0,0.90043,0.87530,54.026,1.751,-1,350.000,-1,375.000,-1,300.000,300.000,325.000,300.000,475.000,450.000,450.000,-1,650.000,675.000,-1,-1,2,0,2,0,2,0,0,0,0,1,0,0,2,0,0,2,2
88,-6160.253,555.745,-393.973,-114.298,-0.412001,0.905576,0.100928,-0.911169,-0.408836,-0.051225,-0.005125,-0.113067,0.993574,0,0.89982,0.99530,53.989,1.991,-1,350.000,-1,375.000,-1,300.000,300.000,325.000,300.000,500.000,450.000,450.000,-1,625.000,675.000,-1,-1,2,0,2,0,2,0,0,0,0,1,0,0,2,0,0,2,2
89,-6180.731,505.811,-394.110,-112.298,-0.380073,0.919369,0.101517,-0.924935,-0.377014,-0.048535,-0.006348,-0.112344,0.993649,0,0.89955,1.00000,53.973,2.000,-1,350.000,-1,375.000,-1,300.000,300.000,325.000,300.000,525.000,450.000,450.000,-1,625.000,675.000,-1,-1,2,0,2,0,2,0,0,0,0,1,0,0,2,0,0,2,2
90,-6199.448,455.204,-394.165,-110.298,-0.347615,0.931945,0.103163,-0.937612,-0.344691,-0.045510,-0.006854,-0.112547,0.993623,0,0.89933,1.00000,53.960,2.000,-1,375.000,-1,375.000,-1,300.000,300.000,325.000,325.000,550.000,425.000,425.000,-1,625.000,675.000,-1,-1,2,0,2,0,2,0,0,0,0,1,0,0,2,0,0,2,2
91,-6216.384,403.984,-394.407,-108.298,-0.314743,0.943391,0.104641,-0.949148,-0.311952,-0.042477,-0.007429,-0.112689,0.993603,0,0.89917,1.00000,53.950,2.000,-1,375.000,-1,375.000,-1,300.000,300.000,325.000,325.000,600.000,425.000,425.000,-1,625.000,675.000,-1,-1,2,0,2,0,2,0,0,0,0,1,0,0,2,0,0,2,2
92,-6231.521,352.211,-394.838,-106.298,-0.281495,0.953695,0.105952,-0.959529,-0.278835,-0.039441,-0.008071,-0.112766,0.993589,0,0.89905,1.00000,53.943,2.000,-1,375.000,-1,375.000,-1,300.000,300.000,325.000,325.000,625.000,400.000,400.000,-1,625.000,675.000,-1,-1,2,0,2,0,2,0,0,0,0,1,0,0,2,0,0,2,2
93,-6244.841,299.946,-395.461,-104.298,-0.247913,0.962845,0.107097,-0.968743,-0.245382,-0.036407,-0.008774,-0.112775,0.993582,0,0.89897,1.00000,53.938,2.000,-1,375.000,-1,375.000,-1,300.000,300.000,325.000,325.000,650.000,400.000,400.000,-1,625.000,675.000,-1,-1,2,0,2,0,2,0,0,0,0,1,0,0,2,0,0,2,2
94,-6256.328,247.250,-396.278,-102.298,-0.214035,0.970829,0.108076,-0.976779,-0.211631,-0.033379,-0.009533,-0.112710,0.993582,0,0.89894,1.00000,53.936,2.000,-1,375.000,-1,375.000,-1,300.000,300.000,325.000,325.000,675.000,350.000,375.000,-1,625.000,675.000,-1,-1,2,0,2,0,2,0,0,0,0,1,0,0,2,0,0,2,2
95,-6265.969,194.185,-397.290,-100.298,-0.179903,0.977639,0.108889,-0.983630,-0.177624,-0.030361,-0.010341,-0.112569,0.993590,0,0.89895,1.00000,53.937,2.000,-1,375.000,-1,375.000,-1,300.000,300.000,325.000,325.000,700.000,325.000,350.000,-1,625.000,675.000,-1,-1,2,0,2,0,2,0,0,0,0,1,0,0,2,0,0,2,2
96,-6273.753,140.812,-398.499,-98.298,-0.145556,0.983267,0.109537,-0.989287,-0.143400,-0.027357,-0.011191,-0.112346,0.993606,0,0.89900,1.00000,53.940,2.000,-1,375.000,-1,375.000,-1,300.000,300.000,300.000,325.000,725.000,300.000,300.000,-1,625.000,675.000,-1,-1,2,0,2,0,2,0,0,0,0,1,0,0,2,0,0,2,2
97,-6279.670,87.196,-399.908,-96.298,-0.111037,0.987708,0.110019,-0.993743,-0.109001,-0.024369,-0.012077,-0.112036,0.993631,0,0.89908,1.00000,53.945,2.000,-1,350.000,-1,375.000,-1,300.000,300.000,300.000,325.000,775.000,275.000,300.000,-1,625.000,675.000,-1,975.000,2,0,2,0,2,0,0,0,0,1,0,0,2,0,0,2,1
98,-6283.713,33.399,-401.517,-94.298,-0.076385,0.990955,0.110333,-0.996994,-0.074467,-0.021400,-0.012991,-0.111636,0.993664,0,0.89920,1.00000,53.952,2.000,-1,350.000,-1,375.000,-1,300.000,300.000,300.000,300.000,800.000,275.000,275.000,-1,625.000,650.000,-1,900.000,2,0,2,0,2,0,0,0,0,1,0,0,2,0,0,2,1
99,-6285.879,-20.516,-402.452,-92.298,-0.041687,0.993209,0.108621,-0.999024,-0.039849,-0.019038,-0.014580,-0.109309,0.993901,0,0.89934,1.00000,53.961,2.000,-1,350.000,-1,375.000,925.000,300.000,300.000,300.000,300.000,825.000,275.000,300.000,-1,625.000,650.000,-1,825.000,2,0,2,0,1,0,0,0,0,1,0,0,2,0,0,2,1
100,-6286.167,-76.086,-402.572,-90.298,-0.006881,0.994026,0.108923,-0.999858,-0.005162,-0.016055,-0.015396,-0.109018,0.993920,0,0.92623,1.00000,55.574,2.000,-1,350.000,-1,375.000,850.000,300.000,300.000,325.000,300.000,875.000,300.000,325.000,-1,650.000,650.000,-1,775.000,2,0,2,0,1,0,0,0,0,1,0,0,2,0,1,2,1
101,-6284.517,-131.626,-402.900,-88.298,0.027937,0.993644,0.109048,-0.999479,0.029534,-0.013056,-0.016194,-0.108627,0.993951,0,0.92613,1.00000,55.568,2.000,-1,375.000,-1,375.000,750.000,300.000,300.000,325.000,325.000,900.000,325.000,350.000,-1,650.000,625.000,-1,700.000,2,0,2,0,1,0,0,0,0,1,0,0,2,0,1,2,1
102,-6280.930,-187.068,-403.434,-86.298,0.062725,0.992061,0.108996,-0.997887,0.064197,-0.010045,-0.016962,-0.108135,0.993991,0,0.92600,1.00000,55.560,2.000,-1,375.000,-1,375.000,700.000,300.000,300.000,325.000,325.000,950.000,350.000,400.000,-1,650.000,575.000,-1,650.000,2,0,2,0,1,0,0,0,0,1,0,0,2,0,1,2,1
103,-6275.411,-242.341,-404.172,-84.298,0.097442,0.989280,0.108765,-0.995084,0.098786,-0.007025,-0.017694,-0.107546,0.994043,0,0.92585,1.00000,55.551,2.000,-1,375.000,-1,375.000,625.000,300.000,300.000,325.000,325.000,1000.000,375.000,400.000,-1,650.000,550.000,-1,600.000,2,0,2,0,1,0,0,0,0,1,0,0,2,0,1,2,1
104,-6267.968,-297.377,-405.111,-82.298,0.132048,0.985303,0.108356,-0.991073,0.133261,-0.004000,-0.018380,-0.106860,0.994104,0,0.92566,1.00000,55.540,2.000,-1,375.000,-1,375.000,575.000,300.000,300.000,325.000,325.000,-1,400.000,425.000,-1,650.000,550.000,-1,575.000,2,0,2,0,1,0,0,0,0,2,0,0,2,0,1,2,1
105,-6258.611,-352.107,-406.249,-80.298,0.166502,0.980134,0.107766,-0.985858,0.167581,-0.000972,-0.019012,-0.106080,0.994176,0,0.92544,1.00000,55.526,2.000,-1,375.000,-1,375.000,500.000,300.000,300.000,325.000,325.000,-1,425.000,450.000,-1,675.000,550.000,-1,525.000,2,0,2,1,1,0,0,0,0,2,0,0,2,0,1,2,1
106,-6247.353,-406.462,-407.583,-78.298,0.200761,0.973780,0.106995,-0.979444,0.201704,0.002052,-0.019583,-0.105208,0.994257,0,0.92519,1.00000,55.512,2.000,-1,375.000,-1,350.000,475.000,300.000,300.000,325.000,300.000,-1,425.000,450.000,-1,675.000,550.000,-1,500.000,2,0,2,1,1,0,0,0,0,2,0,0,2,0,1,2,1
107,-6234.209,-460.375,-409.111,-76.298,0.234787,0.966246,0.106040,-0.971839,0.235589,0.005070,-0.020084,-0.104244,0.994349,0,0.92491,1.00000,55.495,2.000,-1,375.000,-1,375.000,425.000,300.000,300.000,325.000,300.000,-1,375.000,425.000,-1,675.000,575.000,-1,500.000,2,0,2,1,1,0,0,0,0,2,0,0,2,0,1,2,1
108,-6219.197,-513.779,-410.830,-74.298,0.268536,0.957541,0.104900,-0.963051,0.269197,0.008074,-0.020508,-0.103192,0.994450,0,0.92460,1.00000,55.476,2.000,-1,375.000,-1,375.000,400.000,300.000,300.000,325.000,300.000,-1,350.000,375.000,-1,675.000,650.000,-1,500.000,2,0,2,0,1,0,0,0,0,2,0,0,2,0,1,2,1
109,-6203.780,-562.790,-412.547,-72.538,0.297982,0.948911,0.103802,-0.954346,0.298507,0.010805,-0.020733,-0.102283,0.994539,0,0.85635,0.88000,51.381,1.760,-1,375.000,-1,375.000,375.000,300.000,300.000,325.000,300.000,-1,300.000,350.000,-1,675.000,700.000,-1,575.000,2,0,2,0,1,0,0,0,0,2,0,0,2,0,0,2,1
110,-6186.965,-611.255,-413.611,-70.868,0.325577,0.939621,0.105413,-0.945280,0.325953,0.014128,-0.021084,-0.104244,0.994328,0,0.85501,0.83456,51.301,1.669,-1,375.000,-1,375.000,375.000,300.000,300.000,325.000,300.000,-1,300.000,350.000,-1,700.000,700.000,-1,-1,2,0,2,0,1,0,0,0,0,2,0,0,2,0,0,2,2
111,-6168.794,-659.107,-414.453,-69.212,0.352789,0.929485,0.107694,-0.935483,0.352859,0.019039,-0.020305,-0.107463,0.994002,0,0.85315,0.82831,51.189,1.657,-1,375.000,-1,375.000,425.000,325.000,325.000,325.000,325.000,-1,300.000,350.000,-1,700.000,725.000,-1,-1,2,0,2,0,1,0,0,0,0,2,0,0,2,0,0,2,2
112,-6149.318,-706.283,-416.189,-67.568,0.379317,0.918945,0.107979,-0.925012,0.379360,0.020947,-0.021714,-0.107827,0.993932,0,0.85068,0.82183,51.041,1.644,-1,375.000,-1,375.000,500.000,325.000,325.000,300.000,325.000,-1,300.000,375.000,-1,675.000,725.000,-1,-1,2,0,2,0,1,0,0,0,0,2,0,0,2,0,0,2,2
113,-6128.585,-752.720,-418.167,-65.938,0.405191,0.907956,0.106939,-0.913897,0.405430,0.020478,-0.024763,-0.106028,0.994055,0,0.84761,0.81516,50.857,1.630,-1,375.000,-1,375.000,650.000,300.000,300.000,300.000,300.000,-1,350.000,400.000,-1,675.000,725.000,-1,-1,2,0,2,0,1,0,0,0,1,2,0,0,2,0,0,2,2
114,-6106.643,-798.355,-419.506,-64.321,0.430617,0.896212,0.106646,-0.902139,0.430912,0.021454,-0.026727,-0.105448,0.994066,0,0.84397,0.80837,50.638,1.617,-1,375.000,-1,375.000,-1,300.000,300.000,300.000,275.000,-1,400.000,450.000,-1,675.000,700.000,-1,-1,2,0,2,0,2,0,0,0,1,2,0,0,2,0,0,2,2
115,-6083.549,-843.135,-420.863,-62.718,0.455540,0.883895,0.105891,-0.889765,0.455861,0.022571,-0.028322,-0.104500,0.994122,0,0.83979,0.80152,50.387,1.603,-1,375.000,-1,375.000,-1,300.000,300.000,300.000,250.000,-1,425.000,475.000,-1,650.000,700.000,-1,-1,2,0,2,0,2,0,0,0,1,2,0,0,2,0,0,2,2
116,-6059.351,-887.011,-422.287,-61.122,0.480027,0.870954,0.104943,-0.876750,0.480361,0.023739,-0.029735,-0.103404,0.994195,0,0.83513,0.79812,50.108,1.596,-1,375.000,-1,375.000,-1,300.000,300.000,300.000,225.000,-1,450.000,525.000,-1,650.000,700.000,-1,-1,2,0,2,0,2,0,0,1,1,2,0,0,2,0,0,2,2
117,-6034.096,-929.935,-423.808,-59.528,0.504118,0.857353,0.103975,-0.863075,0.504460,0.024916,-0.031089,-0.102299,0.994268,0,0.83007,0.79700,49.804,1.594,-1,375.000,-1,375.000,-1,300.000,300.000,300.000,225.000,-1,475.000,550.000,-1,650.000,700.000,-1,-1,2,0,2,0,2,0,0,1,1,2,0,0,2,0,0,2,2
118,-6007.830,-971.866,-425.420,-57.935,0.527802,0.843100,0.102987,-0.848749,0.528151,0.026100,-0.032387,-0.101186,0.994340,0,0.82468,0.79619,49.481,1.592,-1,375.000,-1,375.000,-1,300.000,300.000,300.000,225.000,-1,525.000,575.000,-1,650.000,700.000,-1,-1,2,0,2,0,2,0,0,1,1,2,0,0,2,0,0,2,2
119,-5980.596,-1012.773,-427.121,-56.344,0.551073,0.828202,0.101980,-0.833779,0.551424,0.027288,-0.033634,-0.100067,0.994412,0,0.81908,0.79570,49.145,1.591,-1,375.000,-1,375.000,-1,300.000,300.000,275.000,225.000,-1,550.000,600.000,-1,650.000,700.000,-1,-1,2,0,2,0,2,0,0,1,1,2,0,0,2,0,0,2,2
120,-5951.712,-1053.329,-428.754,-54.539,0.577032,0.810594,0.099852,-0.815992,0.577356,0.028564,-0.034496,-0.097961,0.994592,0,0.82988,0.90243,49.793,1.805,-1,375.000,-1,375.000,-1,300.000,300.000,275.000,250.000,-1,575.000,625.000,-1,650.000,700.000,-1,-1,2,0,2,0,2,0,0,1,1,2,0,0,2,0,0,2,2
121,-5921.785,-1092.666,-430.426,-52.734,0.602411,0.792155,0.097934,-0.797398,0.602719,0.029762,-0.035450,-0.096021,0.994748,0,0.82382,0.90259,49.429,1.805,1000.000,375.000,-1,375.000,-1,300.000,325.000,275.000,250.000,-1,575.000,600.000,-1,650.000,725.000,-1,-1,0,0,2,0,2,0,0,1,1,2,0,0,2,0,0,2,2
122,-5890.853,-1130.762,-431.476,-50.928,0.626935,0.772717,0.099300,-0.778125,0.627349,0.030918,-0.038404,-0.096651,0.994577,0,0.81790,0.90308,49.074,1.806,950.000,375.000,-1,375.000,-1,300.000,325.000,275.000,275.000,-1,675.000,700.000,-1,650.000,700.000,-1,-1,0,0,2,0,2,0,0,1,1,2,0,0,2,0,0,2,2
123,-5858.961,-1167.609,-433.341,-49.120,0.651150,0.752689,0.097283,-0.757935,0.651540,0.032097,-0.039225,-0.094634,0.994739,0,0.81223,0.90390,48.734,1.808,950.000,375.000,-1,375.000,-1,300.000,300.000,275.000,325.000,-1,625.000,650.000,-1,650.000,700.000,1000.000,-1,0,0,2,0,2,0,0,1,1,2,0,0,2,0,0,0,2
124,-5826.139,-1203.198,-435.750,-47.310,0.674924,0.731987,0.093127,-0.736872,0.675223,0.033059,-0.038683,-0.090935,0.995105,0,0.80693,0.90502,48.416,1.810,950.000,375.000,-1,375.000,-1,300.000,300.000,275.000,300.000,-1,525.000,550.000,600.000,650.000,700.000,1000.000,-1,0,0,2,0,2,0,0,1,0,2,0,0,1,0,0,0,2
125,-5792.408,-1237.521,-437.711,-45.497,0.697860,0.710374,0.091434,-0.715137,0.698154,0.034059,-0.039641,-0.089156,0.995228,0,0.80208,0.90644,48.125,1.813,950.000,375.000,-1,375.000,-1,300.000,300.000,275.000,300.000,-1,500.000,525.000,475.000,650.000,700.000,975.000,-1,0,0,2,0,2,0,0,1,0,2,0,0,1,0,0,0,2
126,-5757.796,-1270.578,-439.769,-43.681,0.720139,0.688003,0.089730,-0.692640,0.720436,0.034942,-0.040605,-0.087314,0.995353,0,0.79773,0.90812,47.864,1.816,925.000,375.000,-1,375.000,-1,300.000,300.000,275.000,300.000,-1,475.000,500.000,425.000,650.000,700.000,975.000,-1,0,0,2,0,2,0,0,1,0,2,0,0,1,0,0,0,2
127,-5722.321,-1302.367,-441.907,-41.861,0.741745,0.664880,0.088029,-0.669395,0.742044,0.035787,-0.041528,-0.085471,0.995475,0,0.79393,0.91007,47.636,1.820,925.000,375.000,-1,375.000,-1,300.000,300.000,300.000,300.000,-1,475.000,500.000,425.000,650.000,675.000,950.000,-1,0,0,2,0,2,0,0,1,0,2,0,0,1,0,0,0,2
128,-5685.999,-1332.886,-444.123,-40.036,0.762655,0.641018,0.086333,-0.645413,0.762957,0.036590,-0.042413,-0.083626,0.995594,0,0.79072,0.91225,47.443,1.825,900.000,375.000,-1,375.000,-1,300.000,300.000,300.000,300.000,-1,475.000,500.000,425.000,625.000,675.000,925.000,-1,0,0,2,0,2,0,0,1,0,2,0,0,1,0,0,0,2
129,-5648.845,-1362.131,-446.218,-38.207,0.782877,0.616393,0.084634,-0.620712,0.783103,0.038303,-0.042667,-0.082520,0.995676,0,0.78808,0.91465,47.285,1.829,900.000,375.000,-1,375.000,-1,300.000,300.000,300.000,300.000,-1,450.000,475.000,450.000,625.000,675.000,900.000,-1,0,0,2,0,2,0,0,1,0,2,0,0,1,0,0,0,2
130,-5608.909,-1391.368,-448.370,-36.207,0.804086,0.588723,0.082768,-0.592984,0.804185,0.040690,-0.042606,-0.081798,0.995738,0,0.82493,1.00000,49.496,2.000,900.000,375.000,-1,375.000,-1,300.000,300.000,300.000,325.000,-1,425.000,450.000,475.000,625.000,675.000,900.000,-1,0,0,2,0,2,0,0,1,0,2,0,0,1,0,0,0,2
131,-5567.991,-1419.185,-450.503,-34.207,0.824299,0.560353,0.080846,-0.564530,0.824321,0.042438,-0.042863,-0.080622,0.995823,0,0.82466,1.00000,49.480,2.000,875.000,375.000,-1,375.000,-1,300.000,300.000,300.000,325.000,-1,425.000,425.000,500.000,600.000,675.000,875.000,-1,0,0,2,0,2,0,0,0,0,2,0,0,1,0,0,0,2
