timestep,x_cm,y_cm,z_cm,yaw_deg,basis_xx,basis_xy,basis_xz,basis_yx,basis_yy,basis_yz,basis_zx,basis_zy,basis_zz,teleport_flag,throttle_cmd,steering_cmd,cmd_move_cm,cmd_turn_deg,lidar_cm_0,lidar_cm_1,lidar_cm_2,lidar_cm_3,lidar_cm_4,lidar_cm_5,lidar_cm_6,lidar_cm_7,lidar_cm_8,lidar_cm_9,lidar_cm_10,lidar_cm_11,lidar_cm_12,lidar_cm_13,lidar_cm_14,lidar_cm_15,lidar_cm_16,lidar_class_0,lidar_class_1,lidar_class_2,lidar_class_3,lidar_class_4,lidar_class_5,lidar_class_6,lidar_class_7,lidar_class_8,lidar_class_9,lidar_class_10,lidar_class_11,lidar_class_12,lidar_class_13,lidar_class_14,lidar_class_15,lidar_class_16
0,-1635.162,-5576.540,-235.142,-13.517,0.971958,0.233660,-0.026464,-0.234209,0.971980,-0.020001,0.021049,0.025638,0.999450,1,0.08000,0.12000,4.800,0.240,-1,400.000,-1,400.000,950.000,325.000,325.000,300.000,300.000,-1,-1,-1,-1,875.000,800.000,-1,-1,2,0,2,0,1,0,0,0,0,2,2,2,2,0,0,2,2
1,-1625.809,-5578.706,-234.929,-13.037,0.973889,0.225510,-0.026170,-0.226052,0.973909,-0.020018,0.020973,0.025411,0.999457,0,0.16000,0.24000,9.600,0.480,-1,400.000,-1,400.000,950.000,325.000,325.000,300.000,300.000,-1,-1,-1,-1,875.000,800.000,-1,-1,2,0,2,0,1,0,0,0,0,2,2,2,2,0,0,2,2
2,-1611.741,-5581.778,-234.605,-12.317,0.976658,0.213256,-0.025727,-0.213787,0.976675,-0.020035,0.020854,0.025067,0.999468,0,0.24000,0.36000,14.400,0.720,-1,400.000,-1,400.000,925.000,325.000,325.000,300.000,300.000,-1,-1,-1,-1,875.000,800.000,-1,-1,2,0,2,0,1,0,0,0,0,2,2,2,2,0,0,2,2
3,-1592.917,-5585.559,-234.165,-11.357,0.980108,0.196865,-0.025134,-0.197381,0.980122,-0.020039,0.020690,0.024601,0.999483,0,0.32000,0.48000,19.200,0.960,-1,400.000,-1,400.000,925.000,325.000,325.000,300.000,300.000,-1,-1,-1,-1,875.000,800.000,-1,-1,2,0,2,0,1,0,0,0,0,2,2,2,2,0,0,2,2
4,-1569.293,-5589.792,-233.605,-10.157,0.984035,0.176298,-0.024390,-0.176796,0.984044,-0.020015,0.020473,0.024007,0.999502,0,0.40000,0.60000,24.000,1.200,-1,400.000,-1,400.000,900.000,325.000,325.000,300.000,300.000,-1,-1,-1,-1,875.000,825.000,-1,-1,2,0,2,0,1,0,0,0,0,2,2,2,2,0,0,2,2
5,-1540.826,-5594.157,-232.917,-8.717,0.988176,0.151516,-0.023494,-0.151991,0.988181,-0.019945,0.020194,0.023280,0.999525,0,0.48000,0.72000,28.800,1.440,-1,400.000,-1,400.000,900.000,325.000,325.000,300.000,300.000,-1,-1,-1,-1,875.000,825.000,-1,-1,2,0,2,0,1,0,0,0,0,2,2,2,2,0,0,2,2
6,-1507.480,-5598.276,-232.095,-7.041,0.992209,0.122543,-0.022443,-0.122991,0.992210,-0.019807,0.019841,0.022413,0.999552,0,0.56000,0.83823,33.600,1.676,-1,400.000,-1,400.000,900.000,325.000,325.000,300.000,300.000,-1,-1,-1,-1,875.000,825.000,-1,-1,2,0,2,0,1,0,0,0,0,2,2,2,2,0,0,2,2
7,-1469.248,-5601.867,-231.130,-5.366,0.995393,0.093504,-0.021228,-0.093922,0.995386,-0.019609,0.019297,0.021513,0.999582,0,0.64000,0.83710,38.400,1.674,-1,400.000,-1,400.000,900.000,325.000,325.000,300.000,300.000,-1,-1,-1,1000.000,875.000,825.000,-1,-1,2,0,2,0,1,0,0,0,0,2,2,2,1,0,0,2,2
8,-1426.138,-5604.651,-230.018,-3.695,0.997725,0.064429,-0.019847,-0.064812,0.997710,-0.019336,0.018556,0.020578,0.999616,0,0.72000,0.83583,43.200,1.672,-1,425.000,-1,400.000,925.000,325.000,325.000,300.000,300.000,-1,-1,-1,975.000,850.000,825.000,-1,-1,2,0,2,0,1,0,0,0,0,2,2,2,1,0,0,2,2
9,-1380.727,-5606.258,-228.826,-2.026,0.999206,0.035347,-0.018383,-0.035695,0.999183,-0.018976,0.017697,0.019617,0.999651,0,0.75733,0.83439,45.440,1.669,-1,425.000,-1,400.000,925.000,325.000,325.000,300.000,300.000,-1,-1,-1,950.000,850.000,825.000,-1,-1,2,0,2,0,1,0,0,0,0,2,2,2,1,0,0,2,2
10,-1335.294,-5606.544,-227.616,-0.360,0.999837,0.006288,-0.016908,-0.006601,0.999807,-0.018531,0.016788,0.018639,0.999685,0,0.75723,0.83286,45.434,1.666,-1,425.000,-1,400.000,975.000,325.000,325.000,300.000,300.000,-1,-1,-1,925.000,850.000,825.000,-1,-1,2,0,2,0,1,0,0,0,0,2,2,2,1,0,0,2,2
11,-1289.876,-5605.512,-226.893,1.302,0.999617,-0.022724,-0.015766,0.022435,0.999581,-0.018271,0.016174,0.017911,0.999709,0,0.75717,0.83131,45.430,1.663,-1,425.000,-1,400.000,-1,325.000,325.000,300.000,300.000,-1,-1,-1,925.000,850.000,825.000,-1,-1,2,0,2,0,2,0,0,0,0,2,2,2,1,0,0,2,2
12,-1241.451,-5603.004,-226.542,2.965,0.998560,-0.051721,-0.014210,0.051461,0.998512,-0.018070,0.015124,0.017312,0.999736,0,0.80816,0.83142,48.490,1.663,-1,425.000,-1,400.000,-1,325.000,325.000,300.000,300.000,-1,-1,-1,925.000,825.000,825.000,-1,-1,2,0,2,0,2,0,0,0,0,2,2,2,1,0,0,2,2
13,-1193.129,-5599.089,-226.159,4.632,0.996655,-0.080744,-0.012640,0.080514,0.996595,-0.017789,0.014033,0.016712,0.999762,0,0.80801,0.83343,48.480,1.667,-1,400.000,-1,400.000,-1,325.000,325.000,300.000,300.000,-1,-1,-1,950.000,825.000,800.000,-1,-1,2,0,2,0,2,0,0,0,0,2,2,2,1,0,0,2,2
14,-1144.954,-5593.768,-225.747,6.303,0.993896,-0.109769,-0.011064,0.109567,0.993826,-0.017436,0.012909,0.016117,0.999787,0,0.80780,0.83539,48.468,1.671,-1,400.000,-1,400.000,-1,325.000,325.000,300.000,300.000,-1,-1,-1,975.000,800.000,800.000,-1,-1,2,0,2,0,2,0,0,0,0,2,2,2,1,0,0,2,2
15,-1096.972,-5587.044,-225.310,7.977,0.990280,-0.138766,-0.009488,0.138593,0.990203,-0.017015,0.011756,0.015534,0.999810,0,0.80753,0.83732,48.452,1.675,-1,400.000,-1,400.000,-1,325.000,325.000,300.000,300.000,-1,-1,-1,-1,800.000,800.000,-1,-1,2,0,2,0,2,0,0,0,0,2,2,2,2,0,0,2,2
16,-1049.226,-5578.921,-224.848,9.656,0.985804,-0.167710,-0.007920,0.167564,0.985723,-0.016532,0.010580,0.014970,0.999832,0,0.80721,0.83919,48.432,1.678,-1,400.000,-1,400.000,-1,325.000,325.000,300.000,300.000,-1,-1,-1,-1,775.000,775.000,-1,-1,2,0,2,0,2,0,0,0,0,2,2,2,2,0,0,2,2
17,-1001.761,-5569.404,-224.364,11.338,0.980468,-0.196574,-0.006367,0.196453,0.980383,-0.015994,0.009386,0.014431,0.999852,0,0.80682,0.84102,48.409,1.682,-1,400.000,-1,400.000,-1,325.000,325.000,300.000,300.000,-1,-1,-1,-1,775.000,775.000,-1,-1,2,0,2,0,2,0,0,0,0,2,2,2,2,0,0,2,2
18,-954.623,-5558.501,-223.861,13.023,0.974271,-0.225328,-0.004832,0.225232,0.974183,-0.015408,0.008180,0.013923,0.999870,0,0.80638,0.84280,48.383,1.686,-1,400.000,-1,400.000,-1,325.000,325.000,300.000,300.000,-1,-1,-1,-1,750.000,775.000,-1,-1,2,0,2,0,2,0,0,0,0,2,2,2,2,0,0,2,2
19,-907.856,-5546.221,-223.342,14.713,0.967213,-0.253947,-0.003323,0.253873,0.967125,-0.014781,0.006967,0.013453,0.999885,0,0.80588,0.84453,48.353,1.689,-1,400.000,-1,400.000,-1,325.000,325.000,300.000,300.000,-1,-1,-1,-1,750.000,775.000,-1,-1,2,0,2,0,2,0,0,0,0,2,2,2,2,0,0,2,2
20,-861.504,-5532.575,-222.808,16.405,0.959295,-0.282401,-0.001841,0.282348,0.959208,-0.014119,0.005753,0.013025,0.999899,0,0.80531,0.84621,48.319,1.692,-1,400.000,-1,400.000,-1,325.000,325.000,300.000,300.000,-1,-1,-1,-1,750.000,750.000,-1,-1,2,0,2,0,2,0,0,0,0,2,2,2,2,0,0,2,2
21,-815.612,-5517.575,-222.263,18.101,0.950520,-0.310662,-0.000392,0.310629,0.950436,-0.013431,0.004545,0.012645,0.999910,0,0.80469,0.84783,48.281,1.696,-1,400.000,-1,400.000,-1,325.000,325.000,300.000,300.000,-1,-1,-1,-1,725.000,750.000,-1,-1,2,0,2,0,2,0,0,0,0,2,2,2,2,0,0,2,2
22,-770.223,-5501.234,-221.708,19.799,0.940893,-0.338702,0.001023,0.338687,0.940813,-0.012723,0.003346,0.012317,0.999919,0,0.80401,0.84938,48.240,1.699,-1,375.000,-1,400.000,-1,325.000,325.000,300.000,300.000,-1,-1,-1,-1,725.000,725.000,-1,-1,2,0,2,0,2,0,0,0,0,2,2,2,2,0,0,2,2
23,-725.382,-5483.570,-221.463,21.501,0.930421,-0.366488,0.001963,0.366480,0.930329,-0.013428,0.003095,0.013213,0.999908,0,0.80326,0.85088,48.196,1.702,-1,375.000,-1,375.000,-1,325.000,325.000,300.000,300.000,-1,-1,-1,-1,700.000,725.000,-1,-1,2,0,2,0,2,0,0,0,0,2,2,2,2,0,0,2,2
24,-681.129,-5464.598,-221.041,23.206,0.919109,-0.393999,0.002093,0.393988,0.919012,-0.013815,0.003520,0.013522,0.999902,0,0.80246,0.85232,48.148,1.705,-1,375.000,-1,375.000,-1,325.000,325.000,300.000,300.000,-1,-1,-1,-1,700.000,725.000,-1,-1,2,0,2,0,2,0,0,0,0,2,2,2,2,0,0,2,2
25,-637.509,-5444.337,-220.531,24.913,0.906963,-0.421205,0.001909,0.421189,0.906864,-0.014082,0.004200,0.013576,0.999899,0,0.80160,0.85369,48.096,1.707,-1,375.000,-1,375.000,-1,325.000,325.000,300.000,300.000,-1,-1,-1,-1,700.000,725.000,-1,-1,2,0,2,0,2,0,0,0,0,2,2,2,2,0,0,2,2
26,-594.562,-5422.809,-220.002,26.623,0.893992,-0.448079,0.001693,0.448055,0.893890,-0.014395,0.004937,0.013627,0.999895,0,0.80068,0.85500,48.041,1.710,-1,375.000,-1,375.000,-1,325.000,325.000,-1,300.000,-1,-1,-1,-1,700.000,700.000,-1,-1,2,0,2,0,2,0,0,2,0,2,2,2,2,0,0,2,2
27,-554.351,-5401.345,-219.557,28.093,0.882205,-0.470864,0.001134,0.470829,0.882104,-0.014600,0.005874,0.013414,0.999893,0,0.75968,0.73500,45.581,1.470,-1,375.000,-1,375.000,-1,325.000,325.000,-1,300.000,-1,-1,-1,-1,700.000,700.000,-1,-1,2,0,2,0,2,0,0,2,0,2,2,2,2,0,0,2,2
28,-514.679,-5379.061,-219.160,29.323,0.871895,-0.489693,0.000277,0.489643,0.871798,-0.014762,0.006987,0.013007,0.999891,0,0.75836,0.61500,45.502,1.230,-1,375.000,-1,375.000,-1,325.000,325.000,-1,300.000,-1,-1,-1,-1,675.000,700.000,-1,-1,2,0,2,0,2,0,0,2,0,2,2,2,2,0,0,2,2
29,-475.498,-5356.154,-218.751,30.313,0.863303,-0.504685,-0.000572,0.504621,0.863211,-0.015013,0.008070,0.012672,0.999887,0,0.75643,0.49500,45.386,0.990,-1,375.000,-1,375.000,-1,325.000,325.000,-1,300.000,-1,-1,-1,-1,675.000,700.000,-1,-1,2,0,2,0,2,0,0,2,0,2,2,2,2,0,0,2,2
30,-436.751,-5332.814,-218.273,31.063,0.856623,-0.515941,-0.001447,0.515859,0.856531,-0.015647,0.009312,0.012657,0.999877,0,0.75390,0.37500,45.234,0.750,-1,375.000,-1,375.000,-1,325.000,325.000,-1,300.000,-1,-1,-1,-1,675.000,700.000,-1,-1,2,0,2,0,2,0,0,2,0,2,2,2,2,0,0,2,2
31,-398.373,-5309.228,-217.746,31.573,0.851996,-0.523543,-0.002323,0.523439,0.851902,-0.016561,0.010649,0.012894,0.999860,0,0.75077,0.25500,45.046,0.510,-1,375.000,-1,375.000,-1,325.000,325.000,-1,300.000,-1,-1,-1,-1,675.000,700.000,-1,-1,2,0,2,0,2,0,0,2,0,2,2,2,2,0,0,2,2
32,-360.297,-5285.580,-217.165,31.843,0.849520,-0.527547,-0.003204,0.527418,0.849420,-0.017787,0.012105,0.013421,0.999837,0,0.74704,0.13500,44.822,0.270,-1,375.000,-1,375.000,-1,325.000,325.000,-1,300.000,-1,-1,-1,975.000,675.000,700.000,-1,-1,2,0,2,0,2,0,0,2,0,2,2,2,1,0,0,2,2
33,-322.452,-5262.048,-216.578,31.873,0.849242,-0.527987,-0.004066,0.527830,0.849136,-0.019072,0.013522,0.014050,0.999810,0,0.74274,0.01500,44.564,0.030,-1,375.000,-1,375.000,-1,325.000,325.000,-1,300.000,-1,-1,-1,950.000,700.000,700.000,-1,-1,2,0,2,0,2,0,0,2,0,2,2,2,1,0,0,2,2
34,-284.768,-5238.807,-215.987,31.663,0.851171,-0.524866,-0.004920,0.524678,0.851057,-0.020402,0.014895,0.014784,0.999780,0,0.73791,-0.10500,44.275,-0.210,-1,375.000,-1,375.000,-1,325.000,325.000,-1,300.000,-1,-1,-1,950.000,700.000,700.000,-1,-1,2,0,2,0,2,0,0,2,0,2,2,2,1,0,0,2,2
35,-247.174,-5216.028,-215.395,31.213,0.855265,-0.518159,-0.005776,0.517937,0.855142,-0.021762,0.016215,0.015621,0.999746,0,0.73260,-0.22500,43.956,-0.450,-1,375.000,-1,375.000,-1,325.000,325.000,-1,300.000,-1,-1,-1,950.000,700.000,725.000,-1,-1,2,0,2,0,2,0,0,2,0,2,2,2,1,0,0,2,2
36,-209.606,-5193.878,-214.785,30.523,0.861440,-0.507816,-0.006633,0.507561,0.861308,-0.023038,0.017412,0.016479,0.999713,0,0.72688,-0.34500,43.613,-0.690,-1,375.000,-1,375.000,-1,325.000,325.000,-1,300.000,-1,-1,-1,975.000,700.000,725.000,-1,-1,2,0,2,0,2,0,0,2,0,2,2,2,1,0,0,2,2
37,-176.018,-5174.428,-214.195,30.073,0.865398,-0.501030,-0.007359,0.500746,0.865261,-0.024024,0.018404,0.017105,0.999684,0,0.64688,-0.22500,38.813,-0.450,-1,375.000,-1,375.000,-1,325.000,325.000,-1,300.000,-1,-1,625.000,975.000,700.000,725.000,-1,-1,2,0,2,0,2,0,0,2,0,2,2,0,1,0,0,2,2
38,-146.521,-5157.492,-213.574,29.863,0.867225,-0.497854,-0.007909,0.497553,0.867088,-0.024474,0.019042,0.017289,0.999669,0,0.56688,-0.10500,34.013,-0.210,-1,375.000,-1,375.000,-1,325.000,325.000,-1,300.000,-1,-1,625.000,975.000,700.000,725.000,-1,-1,2,0,2,0,2,0,0,2,0,2,2,0,1,0,0,2,2
39,-121.195,-5142.933,-213.022,29.893,0.866960,-0.498307,-0.008348,0.497991,0.866826,-0.024845,0.019616,0.017382,0.999656,0,0.48688,0.01500,29.213,0.030,-1,375.000,-1,375.000,-1,325.000,325.000,375.000,300.000,-1,625.000,625.000,1000.000,675.000,725.000,-1,-1,2,0,2,0,2,0,0,1,0,2,0,0,1,0,0,2,2
40,-100.088,-5130.667,-212.550,30.163,0.864600,-0.502386,-0.008684,0.502057,0.864468,-0.025172,0.020153,0.017404,0.999645,0,0.40688,0.13500,24.413,0.270,-1,375.000,-1,375.000,-1,325.000,325.000,325.000,300.000,-1,625.000,625.000,1000.000,675.000,725.000,-1,-1,2,0,2,0,2,0,0,1,0,2,0,0,1,0,0,2,2
41,-83.207,-5120.683,-212.162,30.600,0.860743,-0.508962,-0.008927,0.508621,0.860614,-0.025451,0.020636,0.017366,0.999636,0,0.32688,0.21838,19.613,0.437,-1,375.000,-1,375.000,-1,325.000,325.000,300.000,300.000,-1,650.000,625.000,1000.000,675.000,725.000,-1,-1,2,0,2,0,2,0,0,1,0,2,0,0,1,0,0,2,2
42,-70.515,-5113.047,-211.840,31.035,0.856850,-0.515483,-0.009199,0.515134,0.856727,-0.025633,0.021094,0.017225,0.999629,0,0.24688,0.21754,14.813,0.435,-1,375.000,-1,375.000,-1,325.000,325.000,300.000,300.000,-1,625.000,625.000,1000.000,675.000,725.000,-1,-1,2,0,2,0,2,0,0,0,0,2,0,0,1,0,0,2,2
43,-61.975,-5107.820,-211.602,31.469,0.852920,-0.521957,-0.009440,0.521600,0.852802,-0.025737,0.021484,0.017028,0.999624,0,0.16688,0.21689,10.013,0.434,-1,375.000,-1,375.000,-1,325.000,325.000,300.000,300.000,-1,625.000,625.000,1000.000,675.000,725.000,-1,-1,2,0,2,0,2,0,0,0,0,2,0,0,1,0,0,2,2
44,-57.550,-5105.065,-211.475,31.902,0.848950,-0.528387,-0.009543,0.528026,0.848836,-0.025799,0.021732,0.016863,0.999622,0,0.08688,0.21645,5.213,0.433,-1,375.000,-1,375.000,-1,325.000,325.000,300.000,300.000,-1,625.000,625.000,975.000,675.000,725.000,-1,-1,2,0,2,0,2,0,0,0,0,2,0,0,1,0,0,2,2
45,-57.201,-5104.845,-211.459,32.334,0.844938,-0.534779,-0.009511,0.534418,0.844826,-0.025812,0.021839,0.016727,0.999622,0,0.00688,0.21622,0.413,0.432,-1,375.000,-1,375.000,-1,325.000,325.000,300.000,300.000,-1,625.000,625.000,975.000,675.000,725.000,-1,-1,2,0,2,0,2,0,0,0,0,2,0,0,1,0,0,2,2
46,-60.891,-5107.219,-211.556,32.766,0.840880,-0.541141,-0.009345,0.540782,0.840768,-0.025774,0.021804,0.016619,0.999624,0,-0.07312,0.21621,-4.387,0.432,-1,375.000,-1,375.000,-1,325.000,325.000,300.000,300.000,-1,625.000,625.000,975.000,675.000,725.000,-1,-1,2,0,2,0,2,0,0,0,0,2,0,0,1,0,0,2,2
47,-67.744,-5111.704,-211.743,33.199,0.836772,-0.547477,-0.009072,0.547124,0.836657,-0.025692,0.021656,0.016535,0.999629,0,-0.13650,0.21639,-8.190,0.433,-1,375.000,-1,375.000,-1,325.000,325.000,325.000,300.000,-1,625.000,625.000,975.000,675.000,700.000,-1,-1,2,0,2,0,2,0,0,1,0,2,0,0,1,0,0,2,2
48,-74.482,-5116.186,-211.928,33.633,0.832609,-0.553791,-0.008802,0.553443,0.832493,-0.025607,0.021508,0.016449,0.999633,0,-0.13488,0.21671,-8.093,0.433,-1,375.000,-1,375.000,-1,325.000,325.000,350.000,300.000,-1,625.000,625.000,950.000,675.000,700.000,-1,-1,2,0,2,0,2,0,0,1,0,2,0,0,1,0,0,2,2
49,-81.105,-5120.665,-212.101,34.067,0.828392,-0.560083,-0.008577,0.559740,0.828276,-0.025506,0.021390,0.016329,0.999638,0,-0.13326,0.21702,-7.995,0.434,-1,375.000,-1,375.000,-1,325.000,325.000,375.000,300.000,-1,650.000,625.000,950.000,675.000,700.000,-1,-1,2,0,2,0,2,0,0,1,0,2,0,0,1,0,0,2,2
50,-87.613,-5125.138,-212.259,34.501,0.824121,-0.566351,-0.008416,0.566012,0.824006,-0.025385,0.021312,0.016157,0.999642,0,-0.13161,0.21730,-7.897,0.435,-1,375.000,-1,375.000,-1,325.000,325.000,425.000,300.000,-1,650.000,625.000,950.000,675.000,700.000,-1,-1,2,0,2,0,2,0,0,1,0,2,0,0,1,0,0,2,2
51,-94.006,-5129.604,-212.415,34.936,0.819798,-0.572594,-0.008258,0.572259,0.819684,-0.025263,0.021234,0.015985,0.999647,0,-0.12997,0.21756,-7.798,0.435,-1,375.000,-1,375.000,-1,325.000,325.000,-1,300.000,-1,650.000,625.000,950.000,675.000,700.000,-1,-1,2,0,2,0,2,0,0,2,0,2,0,0,1,0,0,2,2
52,-100.283,-5134.060,-212.570,35.372,0.815422,-0.578810,-0.008101,0.578480,0.815309,-0.025141,0.021156,0.015815,0.999651,0,-0.12831,0.21780,-7.698,0.436,-1,375.000,-1,375.000,-1,325.000,325.000,-1,300.000,-1,650.000,650.000,925.000,675.000,700.000,-1,-1,2,0,2,0,2,0,0,2,0,2,0,0,1,0,0,2,2
53,-106.445,-5138.506,-212.723,35.808,0.810994,-0.585000,-0.007946,0.584674,0.810882,-0.025019,0.021079,0.015644,0.999655,0,-0.12664,0.21802,-7.599,0.436,-1,375.000,-1,375.000,-1,325.000,325.000,-1,300.000,-1,650.000,650.000,925.000,675.000,700.000,-1,-1,2,0,2,0,2,0,0,2,0,2,0,0,1,0,0,2,2
54,-112.493,-5142.939,-212.874,36.244,0.806516,-0.591161,-0.007792,0.590839,0.806405,-0.024896,0.021001,0.015475,0.999660,0,-0.12497,0.21822,-7.498,0.436,-1,375.000,-1,375.000,-1,325.000,325.000,-1,300.000,-1,650.000,650.000,925.000,675.000,700.000,-1,-1,2,0,2,0,2,0,0,2,0,2,0,0,1,0,0,2,2
55,-114.664,-5144.542,-212.928,36.441,0.804485,-0.593923,-0.007733,0.593603,0.804374,-0.024851,0.020980,0.015401,0.999661,0,-0.04497,0.09822,-2.698,0.196,-1,375.000,-1,375.000,-1,325.000,325.000,-1,300.000,-1,650.000,650.000,925.000,675.000,700.000,-1,-1,2,0,2,0,2,0,0,2,0,2,0,0,1,0,0,2,2
56,-112.972,-5143.295,-212.885,36.397,0.804935,-0.593311,-0.007768,0.592990,0.804825,-0.024884,0.021016,0.015424,0.999660,0,0.03503,-0.02178,2.102,-0.044,-1,375.000,-1,375.000,-1,325.000,325.000,-1,300.000,-1,650.000,650.000,925.000,675.000,700.000,-1,-1,2,0,2,0,2,0,0,2,0,2,0,0,1,0,0,2,2
57,-107.396,-5139.227,-212.745,36.114,0.807861,-0.589320,-0.007897,0.588995,0.807750,-0.024996,0.021109,0.015542,0.999656,0,0.11503,-0.14178,6.902,-0.284,-1,375.000,-1,375.000,-1,325.000,325.000,-1,300.000,-1,650.000,650.000,925.000,675.000,700.000,-1,-1,2,0,2,0,2,0,0,2,0,2,0,0,1,0,0,2,2
58,-97.881,-5132.417,-212.509,35.590,0.813211,-0.581913,-0.008120,0.581581,0.813099,-0.025184,0.021257,0.015758,0.999650,0,0.19503,-0.26178,11.702,-0.524,-1,375.000,-1,375.000,-1,325.000,325.000,-1,300.000,-1,650.000,650.000,925.000,675.000,700.000,-1,-1,2,0,2,0,2,0,0,2,0,2,0,0,1,0,0,2,2
59,-84.335,-5122.993,-212.177,34.827,0.820891,-0.571023,-0.008438,0.570682,0.820777,-0.025444,0.021455,0.016072,0.999641,0,0.27503,-0.38178,16.502,-0.764,-1,375.000,-1,375.000,-1,325.000,325.000,425.000,300.000,-1,650.000,625.000,950.000,675.000,700.000,-1,-1,2,0,2,0,2,0,0,1,0,2,0,0,1,0,0,2,2
60,-66.638,-5111.135,-211.708,33.823,0.830760,-0.556557,-0.009044,0.556203,0.830649,-0.025710,0.021821,0.016328,0.999629,0,0.35503,-0.50178,21.302,-1.004,-1,375.000,-1,375.000,-1,325.000,325.000,325.000,300.000,-1,625.000,625.000,975.000,675.000,700.000,-1,-1,2,0,2,0,2,0,0,1,0,2,0,0,1,0,0,2,2
61,-44.644,-5097.080,-211.113,32.580,0.842633,-0.538397,-0.009897,0.538025,0.842529,-0.025972,0.022322,0.016560,0.999614,0,0.43503,-0.62178,26.102,-1.244,-1,375.000,-1,375.000,-1,325.000,325.000,300.000,300.000,-1,625.000,600.000,975.000,675.000,725.000,-1,-1,2,0,2,0,2,0,0,0,0,2,0,0,1,0,0,2,2
62,-18.182,-5081.120,-210.414,31.096,0.856277,-0.516401,-0.010902,0.516009,0.856181,-0.026239,0.022884,0.016842,0.999596,0,0.51503,-0.74178,30.902,-1.484,-1,375.000,-1,400.000,-1,325.000,325.000,300.000,300.000,-1,625.000,600.000,-1,675.000,725.000,-1,-1,2,0,2,0,2,0,0,0,0,2,0,0,2,0,0,2,2
63,12.922,-5063.595,-209.615,29.398,0.871187,-0.490804,-0.012050,0.490389,0.871101,-0.026489,0.023497,0.017168,0.999576,0,0.59503,-0.84894,35.702,-1.698,-1,375.000,-1,400.000,-1,325.000,325.000,300.000,300.000,-1,625.000,600.000,-1,675.000,725.000,-1,-1,2,0,2,0,2,0,0,0,0,2,0,0,2,0,0,2,2
64,48.783,-5044.770,-208.714,27.696,0.885362,-0.464711,-0.013310,0.464272,0.885290,-0.026719,0.024200,0.017477,0.999554,0,0.67503,-0.85102,40.502,-1.702,-1,375.000,-1,400.000,-1,325.000,325.000,300.000,300.000,-1,600.000,575.000,-1,675.000,725.000,-1,-1,2,0,2,0,2,0,0,0,0,2,0,0,2,0,0,2,2
65,89.504,-5024.919,-207.691,25.989,0.898796,-0.438124,-0.014570,0.437658,0.898737,-0.026972,0.024912,0.017865,0.999530,0,0.75503,-0.85372,45.302,-1.707,-1,375.000,-1,400.000,-1,325.000,325.000,300.000,300.000,-1,600.000,575.000,-1,675.000,725.000,-1,-1,2,0,2,0,2,0,0,0,0,2,0,0,2,0,0,2,2
66,133.759,-5004.961,-206.444,24.274,0.911494,-0.411034,-0.015139,0.410545,0.911424,-0.027565,0.025128,0.018910,0.999505,0,0.80913,-0.85713,48.548,-1.714,-1,375.000,-1,400.000,-1,300.000,325.000,300.000,300.000,-1,625.000,600.000,-1,675.000,725.000,-1,-1,2,0,2,0,2,0,0,0,0,2,0,0,2,0,0,2,2
67,178.353,-4986.441,-205.092,22.552,0.923429,-0.383442,-0.015829,0.382911,0.923338,-0.028736,0.025634,0.020474,0.999462,0,0.80477,-0.86121,48.286,-1.722,-1,375.000,-1,400.000,-1,325.000,325.000,300.000,300.000,-1,650.000,625.000,-1,675.000,725.000,-1,-1,2,0,2,0,2,0,0,0,0,2,0,0,2,0,0,2,2
68,223.292,-4969.352,-203.741,20.821,0.934583,-0.355358,-0.016585,0.354783,0.934468,-0.029966,0.026147,0.022122,0.999413,0,0.80131,-0.86565,48.079,-1.731,-1,375.000,-1,400.000,-1,325.000,325.000,300.000,300.000,-1,675.000,625.000,-1,700.000,725.000,-1,-1,2,0,2,0,2,0,0,0,0,2,0,0,2,0,0,2,2
69,268.584,-4953.685,-202.415,19.080,0.944936,-0.326793,-0.017379,0.326173,0.944797,-0.031136,0.026594,0.023753,0.999364,0,0.79875,-0.87044,47.925,-1.741,-1,375.000,-1,400.000,-1,325.000,325.000,300.000,300.000,-1,700.000,650.000,-1,700.000,725.000,-1,-1,2,0,2,0,2,0,0,0,0,2,0,0,2,0,0,2,2
70,314.238,-4939.440,-201.114,17.329,0.954468,-0.297758,-0.018209,0.297092,0.954305,-0.032239,0.026977,0.025362,0.999314,0,0.79707,-0.87556,47.824,-1.751,-1,375.000,-1,400.000,-1,325.000,325.000,300.000,300.000,-1,725.000,650.000,-1,700.000,725.000,-1,-1,2,0,2,0,2,0,0,0,0,2,0,0,2,0,0,2,2
71,360.259,-4926.619,-199.841,15.567,0.963157,-0.268264,-0.019075,0.267552,0.962969,-0.033269,0.027294,0.026940,0.999264,0,0.79623,-0.88098,47.774,-1.762,-1,375.000,-1,400.000,-1,325.000,325.000,300.000,300.000,-1,725.000,675.000,-1,700.000,725.000,-1,-1,2,0,2,0,2,0,0,0,0,2,0,0,2,0,0,2,2
72,406.653,-4915.228,-198.597,13.793,0.970980,-0.238325,-0.019975,0.237569,0.970768,-0.034219,0.027546,0.028480,0.999215,0,0.79619,-0.88668,47.771,-1.773,-1,375.000,-1,400.000,-1,325.000,325.000,300.000,300.000,-1,750.000,675.000,-1,700.000,725.000,-1,-1,2,0,2,0,2,0,0,0,0,2,0,0,2,0,0,2,2
73,453.422,-4905.279,-197.384,12.008,0.977914,-0.207957,-0.020906,0.207157,0.977679,-0.035080,0.027735,0.029975,0.999166,0,0.79692,-0.89264,47.815,-1.785,-1,375.000,-1,400.000,-1,325.000,325.000,300.000,300.000,-1,775.000,700.000,-1,700.000,725.000,-1,-1,2,0,2,0,2,0,0,0,0,2,0,0,2,0,0,2,2
74,500.565,-4896.787,-196.204,10.210,0.983936,-0.177177,-0.021865,0.176334,0.983678,-0.035846,0.027859,0.031414,0.999118,0,0.79837,-0.89884,47.902,-1.798,-1,375.000,-1,400.000,-1,325.000,325.000,300.000,300.000,-1,800.000,700.000,-1,700.000,750.000,-1,-1,2,0,2,0,2,0,0,0,0,2,0,0,2,0,0,2,2
75,548.079,-4889.771,-195.060,8.400,0.989020,-0.146003,-0.022847,0.145118,0.988741,-0.036506,0.027920,0.032790,0.999072,0,0.80049,-0.90527,48.029,-1.811,-1,375.000,-1,400.000,-1,325.000,325.000,300.000,300.000,-1,800.000,725.000,-1,700.000,750.000,-1,-1,2,0,2,0,2,0,0,0,0,2,0,0,2,0,0,2,2
76,595.956,-4884.251,-193.954,6.576,0.993142,-0.114456,-0.023848,0.113531,0.992843,-0.037054,0.027918,0.034092,0.999029,0,0.80323,-0.91192,48.194,-1.824,-1,375.000,-1,400.000,-1,325.000,325.000,300.000,300.000,-1,825.000,725.000,-1,700.000,750.000,-1,-1,2,0,2,0,2,0,0,0,0,2,0,0,2,0,0,2,2
77,647.219,-4879.772,-192.725,4.992,0.995904,-0.086967,-0.024734,0.086016,0.995598,-0.037217,0.027862,0.034937,0.999001,0,0.85763,-0.79192,51.458,-1.584,-1,375.000,-1,400.000,-1,325.000,325.000,300.000,300.000,-1,975.000,750.000,-1,725.000,750.000,-1,-1,2,0,2,0,2,0,0,0,0,2,1,0,2,0,0,2,2
78,698.828,-4876.481,-191.259,3.648,0.997653,-0.063593,-0.025373,0.062623,0.997339,-0.037328,0.027680,0.035652,0.998981,0,0.86188,-0.67192,51.713,-1.344,-1,375.000,-1,400.000,-1,325.000,325.000,300.000,300.000,-1,-1,800.000,-1,725.000,750.000,-1,-1,2,0,2,0,2,0,0,0,0,2,2,0,2,0,0,2,2
79,750.777,-4874.172,-189.690,2.545,0.998677,-0.044366,-0.026001,0.043363,0.998339,-0.037929,0.027641,0.036751,0.998942,0,0.86668,-0.55192,52.001,-1.104,-1,375.000,-1,400.000,-1,325.000,325.000,300.000,300.000,-1,-1,850.000,-1,725.000,775.000,-1,-1,2,0,2,0,2,0,0,0,0,2,2,0,2,0,0,2,2
80,803.070,-4872.637,-188.141,1.681,0.999216,-0.029308,-0.026616,0.028272,0.998859,-0.038495,0.027714,0.037712,0.998904,0,0.87192,-0.43192,52.315,-0.864,-1,375.000,-1,400.000,-1,325.000,325.000,300.000,300.000,-1,-1,875.000,-1,725.000,775.000,-1,-1,2,0,2,0,2,0,0,0,0,2,2,0,2,0,0,2,2
81,855.711,-4871.666,-186.605,1.057,0.999460,-0.018430,-0.027218,0.017360,0.999087,-0.039037,0.027913,0.038543,0.998867,0,0.87750,-0.31192,52.650,-0.624,-1,375.000,-1,400.000,-1,325.000,325.000,300.000,300.000,-1,-1,900.000,-1,725.000,775.000,-1,-1,2,0,2,0,2,0,0,0,0,2,2,0,2,0,0,2,2
82,908.710,-4871.043,-185.072,0.673,0.999544,-0.011736,-0.027807,0.010631,0.999161,-0.039563,0.028248,0.039249,0.998830,0,0.88337,-0.19192,53.002,-0.384,-1,375.000,-1,400.000,-1,325.000,325.000,300.000,300.000,-1,-1,950.000,-1,750.000,800.000,-1,-1,2,0,2,0,2,0,0,0,0,2,2,0,2,0,0,2,2
83,962.074,-4870.550,-183.532,0.529,0.999554,-0.009228,-0.028385,0.008086,0.999164,-0.040080,0.028731,0.039833,0.998793,0,0.88945,-0.07192,53.367,-0.144,-1,375.000,-1,400.000,-1,325.000,325.000,300.000,300.000,-1,-1,950.000,-1,750.000,800.000,-1,-1,2,0,2,0,2,0,0,0,0,2,2,0,2,0,0,2,2
84,1015.813,-4869.963,-181.975,0.625,0.999521,-0.010904,-0.028954,0.009724,0.999128,-0.040595,0.029372,0.040294,0.998756,0,0.89569,0.04808,53.742,0.096,-1,375.000,-1,400.000,-1,325.000,325.000,300.000,300.000,-1,-1,975.000,-1,750.000,800.000,-1,-1,2,0,2,0,2,0,0,0,0,2,2,0,2,0,0,2,2
85,1069.932,-4869.206,-180.400,0.801,0.999466,-0.013966,-0.029527,0.012745,0.999073,-0.041114,0.030074,0.040715,0.998718,0,0.90207,0.08778,54.124,0.176,-1,400.000,-1,400.000,-1,325.000,325.000,300.000,300.000,-1,-1,975.000,-1,750.000,825.000,-1,-1,2,0,2,0,2,0,0,0,0,2,2,0,2,0,0,2,2
86,1124.435,-4868.293,-178.805,0.960,0.999407,-0.016736,-0.030109,0.015474,0.999013,-0.041639,0.030776,0.041148,0.998679,0,0.90852,0.07944,54.511,0.159,-1,400.000,-1,400.000,-1,325.000,325.000,300.000,300.000,-1,-1,975.000,-1,750.000,825.000,-1,-1,2,0,2,0,2,0,0,0,0,2,2,0,2,0,0,2,2
87,1180.119,-4866.972,-177.155,1.359,0.999248,-0.023690,-0.030699,0.022385,0.998860,-0.042171,0.031663,0.041452,0.998639,0,0.92833,0.19944,55.700,0.399,-1,400.000,-1,400.000,-1,325.000,325.000,300.000,300.000,-1,-1,975.000,-1,750.000,825.000,-1,-1,2,0,2,0,2,0,0,0,0,2,2,0,2,0,0,2,2
88,1235.853,-4865.097,-175.475,1.926,0.998946,-0.033580,-0.031296,0.032230,0.998568,-0.042704,0.032685,0.041650,0.998598,0,0.92942,0.28372,55.765,0.567,-1,400.000,-1,400.000,-1,325.000,325.000,300.000,300.000,-1,-1,975.000,-1,775.000,850.000,-1,-1,2,0,2,0,2,0,0,0,0,2,2,0,2,0,0,2,2
89,1291.588,-4862.668,-173.768,2.496,0.998543,-0.043509,-0.031909,0.042111,0.998177,-0.043245,0.033732,0.041838,0.998555,0,0.92981,0.28490,55.789,0.570,-1,400.000,-1,425.000,-1,325.000,325.000,300.000,300.000,-1,-1,975.000,-1,775.000,850.000,-1,-1,2,0,2,0,2,0,0,0,0,2,2,0,2,0,0,2,2
90,1347.297,-4859.684,-172.123,3.066,0.998077,-0.053432,-0.031427,0.052017,0.997666,-0.044230,0.033717,0.042510,0.998527,0,0.92981,0.28490,55.789,0.570,-1,400.000,-1,425.000,-1,325.000,325.000,300.000,300.000,-1,-1,-1,-1,775.000,850.000,-1,-1,2,0,2,0,2,0,0,0,0,2,2,2,2,0,0,2,2
91,1402.973,-4856.146,-170.532,3.635,0.997529,-0.063349,-0.030362,0.061942,0.997054,-0.045236,0.033138,0.043243,0.998515,0,0.92981,0.28490,55.789,0.570,-1,400.000,-1,400.000,-1,325.000,325.000,300.000,300.000,-1,-1,-1,-1,775.000,850.000,-1,-1,2,0,2,0,2,0,0,0,0,2,2,2,2,0,0,2,2
92,1458.612,-4852.054,-168.911,4.205,0.996882,-0.073259,-0.029307,0.071860,0.996342,-0.046243,0.032587,0.043992,0.998500,0,0.92981,0.28490,55.789,0.570,-1,400.000,-1,400.000,-1,325.000,325.000,300.000,300.000,-1,-1,-1,-1,750.000,850.000,-1,-1,2,0,2,0,2,0,0,0,0,2,2,2,2,0,0,2,2
93,1514.597,-4847.379,-167.246,4.774,0.996137,-0.083137,-0.028255,0.081746,0.995532,-0.047255,0.032057,0.044763,0.998483,0,0.93633,0.28421,56.180,0.568,-1,400.000,-1,400.000,-1,325.000,325.000,300.000,300.000,-1,-1,-1,-1,750.000,850.000,-1,-1,2,0,2,0,2,0,0,0,0,2,2,2,2,0,0,2,2
94,1570.967,-4842.109,-165.534,5.340,0.995297,-0.092973,-0.027205,0.091591,0.994626,-0.048272,0.031547,0.045553,0.998464,0,0.94360,0.28326,56.616,0.567,-1,400.000,-1,400.000,-1,325.000,325.000,300.000,300.000,-1,-1,-1,-1,750.000,850.000,-1,-1,2,0,2,0,2,0,0,0,0,2,2,2,2,0,0,2,2
95,1627.717,-4836.239,-163.772,5.904,0.994362,-0.102758,-0.026158,0.101386,0.993625,-0.049289,0.031057,0.046359,0.998442,0,0.95089,0.28210,57.053,0.564,-1,400.000,-1,400.000,-1,325.000,325.000,300.000,300.000,-1,-1,-1,-1,750.000,850.000,-1,-1,2,0,2,0,2,0,0,0,0,2,2,2,2,0,0,2,2
96,1687.055,-4829.528,-161.889,6.452,0.993364,-0.112249,-0.025076,0.110887,0.992557,-0.050345,0.030540,0.047231,0.998417,0,0.99528,0.27391,59.717,0.548,-1,400.000,-1,400.000,-1,325.000,325.000,300.000,300.000,-1,-1,-1,-1,750.000,850.000,-1,-1,2,0,2,0,2,0,0,0,0,2,2,2,2,0,0,2,2
97,1746.609,-4822.225,-159.956,6.991,0.992292,-0.121578,-0.024000,0.120228,0.991415,-0.051393,0.030042,0.048111,0.998390,0,1.00000,0.26955,60.000,0.539,-1,400.000,-1,400.000,-1,325.000,325.000,300.000,300.000,-1,-1,-1,-1,750.000,825.000,-1,-1,2,0,2,0,2,0,0,0,0,2,2,2,2,0,0,2,2
98,1806.092,-4814.371,-157.980,7.520,0.991154,-0.130722,-0.022937,0.129384,0.990208,-0.052424,0.029566,0.048993,0.998361,0,1.00000,0.26455,60.000,0.529,-1,400.000,-1,400.000,-1,325.000,325.000,300.000,300.000,-1,-1,-1,-1,750.000,825.000,-1,-1,2,0,2,0,2,0,0,0,0,2,2,2,2,0,0,2,2
99,1865.503,-4805.981,-155.960,8.038,0.989958,-0.139659,-0.021888,0.138334,0.988943,-0.053436,0.029108,0.049872,0.998331,0,1.00000,0.25888,60.000,0.518,-1,400.000,-1,400.000,-1,325.000,325.000,300.000,300.000,-1,-1,-1,-1,750.000,-1,-1,-1,2,0,2,0,2,0,0,0,0,2,2,2,2,0,2,2,2
100,1924.837,-4797.067,-153.916,8.543,0.988712,-0.148363,-0.020899,0.147048,0.987626,-0.054509,0.028728,0.050820,0.998295,0,1.00000,0.25252,60.000,0.505,-1,400.000,-1,400.000,-1,325.000,325.000,300.000,300.000,-1,-1,-1,-1,725.000,-1,-1,-1,2,0,2,0,2,0,0,0,0,2,2,2,2,0,2,2,2
101,1984.092,-4787.644,-152.152,9.034,0.987424,-0.156801,-0.020157,0.155449,0.986209,-0.056806,0.028786,0.052958,0.998182,0,1.00000,0.24543,60.000,0.491,-1,400.000,-1,400.000,-1,325.000,325.000,300.000,300.000,-1,-1,-1,-1,725.000,-1,-1,-1,2,0,2,0,2,0,0,0,0,2,2,2,2,0,2,2,2
102,2043.267,-4777.730,-150.525,9.509,0.986106,-0.164960,-0.019587,0.163576,0.984790,-0.058575,0.028951,0.054557,0.998091,0,1.00000,0.23757,60.000,0.475,-1,400.000,-1,400.000,-1,325.000,325.000,300.000,300.000,-1,-1,-1,-1,750.000,-1,-1,-1,2,0,2,0,2,0,0,0,0,2,2,2,2,1,2,2,2
103,2102.361,-4767.345,-148.960,9.967,0.984772,-0.172812,-0.018952,0.171415,0.983378,-0.059875,0.028984,0.055714,0.998026,0,1.00000,0.22890,60.000,0.458,-1,375.000,-1,400.000,-1,325.000,325.000,300.000,300.000,-1,-1,-1,-1,750.000,-1,-1,-1,2,0,2,0,2,0,0,0,0,2,2,2,2,1,2,2,2
104,2161.374,-4756.507,-147.348,10.406,0.983436,-0.180325,-0.018323,0.178915,0.981961,-0.061175,0.029024,0.056884,0.997959,0,1.00000,0.21937,60.000,0.439,-1,375.000,-1,400.000,-1,325.000,325.000,300.000,300.000,-1,-1,-1,-1,750.000,-1,-1,-1,2,0,2,0,2,0,0,0,0,2,2,2,2,0,2,2,2
105,2220.306,-4745.239,-145.688,10.824,0.982111,-0.187469,-0.017701,0.186046,0.980553,-0.062478,0.029069,0.058067,0.997889,0,1.00000,0.20893,60.000,0.418,-1,375.000,-1,400.000,-1,325.000,325.000,300.000,300.000,-1,-1,-1,-1,750.000,-1,-1,-1,2,0,2,0,2,0,0,0,0,2,2,2,2,0,2,2,2
106,2279.160,-4733.565,-143.950,11.219,0.980809,-0.194213,-0.017190,0.192773,0.979174,-0.063695,0.029202,0.059159,0.997821,0,1.00000,0.19753,60.000,0.395,-1,375.000,-1,-1,-1,325.000,325.000,300.000,300.000,-1,-1,-1,-1,750.000,-1,-1,-1,2,0,2,2,2,0,0,0,0,2,2,2,2,0,2,2,2
107,2333.275,-4722.678,-142.310,11.374,0.980290,-0.196850,-0.016779,0.195398,0.978582,-0.064781,0.029172,0.060226,0.997758,0,0.92000,0.07753,55.200,0.155,-1,375.000,-1,-1,-1,325.000,325.000,300.000,300.000,-1,-1,-1,-1,750.000,-1,-1,-1,2,0,2,2,2,0,1,0,0,2,2,2,2,0,2,2,2
108,2386.940,-4711.810,-140.660,11.448,0.980044,-0.198103,-0.016369,0.196642,0.978260,-0.065874,0.029063,0.061340,0.997694,0,0.91257,0.03711,54.754,0.074,-1,400.000,-1,-1,-1,325.000,400.000,300.000,300.000,-1,-1,-1,-1,750.000,-1,-1,-1,2,1,2,2,2,1,1,0,0,2,2,2,2,0,2,2,2
109,2441.352,-4700.740,-138.962,11.499,0.979879,-0.198953,-0.015950,0.197484,0.978014,-0.066994,0.028928,0.062496,0.997626,0,0.92544,0.02531,55.527,0.051,-1,425.000,-1,-1,-1,375.000,475.000,300.000,300.000,-1,-1,-1,-1,750.000,-1,-1,-1,2,1,2,2,2,1,1,0,0,2,2,2,2,0,2,2,2
110,2496.499,-4689.496,-137.217,11.523,0.979803,-0.199363,-0.015520,0.197887,0.977853,-0.068144,0.028762,0.063697,0.997555,0,0.93802,0.01245,56.281,0.025,-1,425.000,-1,-1,-1,400.000,525.000,300.000,300.000,-1,-1,-1,-1,750.000,-1,-1,-1,2,1,2,2,2,1,1,0,0,2,2,2,2,0,2,2,2
111,2552.363,-4678.108,-135.426,11.520,0.979824,-0.199293,-0.015080,0.197812,0.977786,-0.069325,0.028561,0.064943,0.997480,0,0.95022,-0.00159,57.013,-0.003,-1,425.000,-1,-1,-1,425.000,575.000,300.000,300.000,-1,-1,-1,-1,750.000,-1,-1,-1,2,1,2,2,2,1,1,0,0,2,2,2,2,0,2,2,2
112,2608.920,-4666.605,-136.529,11.486,0.980083,-0.198541,-0.004416,0.197569,0.977053,-0.079591,0.020117,0.077133,0.996818,0,0.96192,-0.01696,57.715,-0.034,-1,425.000,-1,-1,-1,425.000,575.000,300.000,275.000,-1,-1,-1,-1,725.000,-1,-1,-1,2,1,2,2,2,1,1,0,0,2,2,2,2,0,2,2,2
113,2666.137,-4655.023,-141.212,11.419,0.980228,-0.196929,0.019286,0.197869,0.975021,-0.100908,0.001067,0.102729,0.994709,0,0.97297,-0.03384,58.378,-0.068,-1,375.000,-1,-1,-1,375.000,525.000,325.000,225.000,-1,-1,-1,-1,625.000,-1,-1,-1,2,1,2,2,2,1,1,0,0,2,2,2,2,0,2,2,2
114,2723.978,-4643.424,-146.273,11.314,0.979941,-0.194637,0.042799,0.198431,0.972845,-0.119153,-0.018445,0.125256,0.991953,0,0.98320,-0.05245,58.992,-0.105,-1,350.000,-1,-1,-1,350.000,475.000,350.000,175.000,-1,-1,-1,-1,525.000,-1,-1,-1,2,1,2,2,2,1,1,0,0,2,2,2,2,0,2,2,2
115,2782.389,-4631.863,-151.195,11.168,0.979279,-0.191582,0.065643,0.199009,0.970428,-0.136619,-0.037528,0.146852,0.988446,0,0.99238,-0.07301,59.543,-0.146,-1,325.000,-1,-1,-1,325.000,425.000,350.000,150.000,-1,-1,-1,-1,475.000,-1,-1,-1,2,1,2,2,2,1,1,0,0,2,2,2,2,0,2,2,2
116,2841.288,-4620.405,-155.700,10.976,0.978364,-0.187670,0.087083,0.199381,0.967635,-0.154692,-0.055234,0.168708,0.984117,0,1.00000,-0.09583,60.000,-0.192,-1,300.000,-1,-1,-1,300.000,400.000,375.000,125.000,-1,-1,-1,-1,425.000,-1,500.000,-1,2,1,2,2,2,1,1,0,1,2,2,2,2,1,2,0,2
117,2900.234,-4609.192,-159.755,10.734,0.977297,-0.182830,0.107065,0.199406,0.964496,-0.173160,-0.071604,0.190578,0.979057,0,1.00000,-0.12122,60.000,-0.242,-1,275.000,-1,-1,-1,275.000,375.000,400.000,150.000,-1,-1,-1,-1,400.000,-1,350.000,-1,2,1,2,2,2,1,1,0,1,2,2,2,2,1,2,0,2
118,8199.153,8855.085,121.748,16.553,0.958395,-0.284896,-0.017720,0.284752,0.958547,-0.010217,0.019896,0.004746,0.999791,1,0.00000,0.00000,60.000,-0.299,-1,375.000,-1,375.000,-1,300.000,300.000,325.000,325.000,-1,475.000,500.000,-1,675.000,675.000,-1,-1,2,0,2,0,2,0,0,0,0,2,0,0,2,0,0,2,2
119,8203.760,8856.433,121.854,16.313,0.959574,-0.280878,-0.018024,0.280729,0.959731,-0.010369,0.020210,0.004890,0.999784,0,0.08000,-0.12000,4.800,-0.240,-1,375.000,-1,375.000,-1,300.000,300.000,325.000,325.000,-1,475.000,500.000,-1,675.000,675.000,-1,-1,2,0,2,0,2,0,0,0,0,2,0,0,2,0,0,2,2
120,8212.996,8859.053,122.066,15.833,0.961883,-0.272827,-0.018634,0.272668,0.962049,-0.010668,0.020837,0.005180,0.999769,0,0.16000,-0.24000,9.600,-0.480,-1,375.000,-1,375.000,-1,300.000,300.000,325.000,325.000,-1,450.000,475.000,-1,675.000,675.000,-1,-1,2,0,2,0,2,0,0,0,0,2,0,0,2,0,0,2,2
121,8226.888,8862.841,122.381,15.252,0.964581,-0.263060,-0.019558,0.262885,0.964763,-0.011088,0.021786,0.005553,0.999747,0,0.24000,-0.29042,14.400,-0.581,-1,375.000,-1,375.000,-1,300.000,300.000,325.000,325.000,-1,425.000,450.000,-1,675.000,675.000,-1,-1,2,0,2,0,2,0,0,0,0,2,0,0,2,0,0,2,2
122,8245.462,8867.704,122.799,14.671,0.967173,-0.253266,-0.020805,0.253070,0.967378,-0.011609,0.023067,0.005963,0.999716,0,0.32000,-0.29042,19.200,-0.581,-1,375.000,-1,375.000,-1,300.000,300.000,325.000,325.000,-1,425.000,425.000,-1,675.000,675.000,-1,-1,2,0,2,0,2,0,0,0,0,2,0,0,2,0,0,2,2
123,8268.740,8873.547,123.321,14.090,0.969656,-0.243446,-0.022380,0.243223,0.969893,-0.012224,0.024682,0.006410,0.999675,0,0.40000,-0.29042,24.000,-0.581,-1,375.000,-1,375.000,-1,300.000,300.000,325.000,325.000,-1,400.000,400.000,-1,675.000,700.000,-1,-1,2,0,2,0,2,0,0,0,0,2,0,0,2,0,0,2,2
124,8296.744,8880.275,123.946,13.509,0.972029,-0.233600,-0.024288,0.233344,0.972308,-0.012923,0.026634,0.006895,0.999621,0,0.48000,-0.29042,28.800,-0.581,-1,375.000,-1,375.000,-1,300.000,300.000,325.000,325.000,-1,375.000,375.000,-1,675.000,700.000,-1,-1,2,0,2,0,2,0,0,0,0,2,0,0,2,0,0,2,2
125,8329.492,8887.792,124.678,12.929,0.974290,-0.223731,-0.026536,0.223434,0.974623,-0.013697,0.028927,0.007416,0.999554,0,0.56000,-0.29042,33.600,-0.581,-1,375.000,-1,375.000,-1,300.000,300.000,325.000,325.000,-1,325.000,350.000,-1,700.000,700.000,-1,-1,2,0,2,0,2,0,0,0,0,2,0,0,2,0,0,2,2
126,8367.004,8896.004,125.516,12.348,0.976435,-0.213838,-0.029132,0.213493,0.976837,-0.014536,0.031565,0.007974,0.999470,0,0.64000,-0.29042,38.400,-0.581,-1,375.000,-1,375.000,-1,300.000,300.000,325.000,325.000,-1,300.000,300.000,-1,700.000,725.000,-1,-1,2,0,2,0,2,0,0,0,0,2,0,0,2,0,0,2,2
127,8406.438,8904.219,126.397,11.767,0.978468,-0.203924,-0.031881,0.203524,0.978949,-0.015366,0.034343,0.008546,0.999374,0,0.67133,-0.29042,40.280,-0.581,-1,375.000,-1,375.000,-1,300.000,300.000,325.000,325.000,-1,275.000,275.000,-1,725.000,725.000,-1,-1,2,0,2,0,2,0,0,0,0,2,0,0,2,0,0,2,2
128,8445.953,8912.033,127.280,11.186,0.980392,-0.193989,-0.034654,0.193531,0.980961,-0.016145,0.037126,0.009122,0.999269,0,0.67133,-0.29042,40.280,-0.581,-1,375.000,-1,375.000,-1,300.000,300.000,325.000,325.000,-1,275.000,275.000,-1,725.000,750.000,-1,-1,2,0,2,0,2,0,0,0,0,2,0,0,2,0,0,2,2
129,8485.545,8919.447,128.312,10.605,0.982219,-0.184034,-0.037118,0.183543,0.982877,-0.016254,0.039474,0.009152,0.999179,0,0.67133,-0.29042,40.280,-0.581,-1,375.000,-1,375.000,-1,325.000,325.000,325.000,325.000,-1,250.000,250.000,-1,725.000,775.000,-1,-1,2,0,2,0,2,0,0,0,0,2,0,0,2,0,0,2,2
130,8525.210,8926.458,129.529,10.024,0.983954,-0.174062,-0.039203,0.173573,0.984698,-0.015563,0.041312,0.008508,0.999110,0,0.67133,-0.29042,40.280,-0.581,-1,375.000,-1,400.000,-1,325.000,325.000,325.000,325.000,-1,275.000,250.000,-1,725.000,800.000,-1,-1,2,0,2,0,2,0,0,0,0,2,0,0,2,0,0,2,2
131,8564.945,8933.067,130.819,9.444,0.985596,-0.164071,-0.041000,0.163582,0.986415,-0.015031,0.042909,0.008108,0.999046,0,0.67133,-0.29042,40.280,-0.581,-1,375.000,-1,400.000,-1,325.000,325.000,300.000,325.000,-1,275.000,275.000,-1,750.000,825.000,-1,-1,2,0,2,0,2,0,0,0,0,2,0,0,2,0,0,2,2
132,8609.457,8940.199,132.701,9.103,0.986549,-0.158199,-0.041163,0.157672,0.987366,-0.015768,0.043138,0.009066,0.999028,0,0.75133,-0.17042,45.080,-0.341,-1,375.000,-1,400.000,-1,325.000,325.000,300.000,325.000,-1,325.000,300.000,-1,750.000,850.000,-1,-1,2,0,2,0,2,0,0,0,0,2,0,0,2,0,0,2,2
133,8658.723,8948.004,134.792,9.002,0.986820,-0.156460,-0.041315,0.155901,0.987636,-0.016454,0.043379,0.009796,0.999011,0,0.83133,-0.05042,49.880,-0.101,-1,400.000,-1,400.000,-1,325.000,325.000,300.000,325.000,-1,350.000,350.000,-1,775.000,875.000,-1,-1,2,0,2,0,2,0,0,0,0,2,0,0,2,0,0,2,2
134,8709.579,8956.187,136.981,9.141,0.986429,-0.158858,-0.041496,0.158270,0.987248,-0.017107,0.043684,0.010307,0.998992,0,0.85850,0.06958,51.510,0.139,-1,400.000,-1,400.000,-1,325.000,325.000,300.000,325.000,-1,400.000,400.000,-1,800.000,900.000,-1,-1,2,0,2,0,2,0,0,0,0,2,0,0,2,0,0,2,2
135,8760.379,8964.707,139.202,9.520,0.985346,-0.165387,-0.041711,0.164776,0.986172,-0.017698,0.044061,0.010566,0.998973,0,0.85850,0.18958,51.510,0.379,-1,400.000,-1,400.000,-1,325.000,325.000,300.000,325.000,-1,450.000,450.000,-1,800.000,925.000,-1,-1,2,0,2,0,2,0,0,0,0,2,0,0,2,0,0,2,2
136,8811.085,8973.775,141.460,10.139,0.983489,-0.176034,-0.041974,0.175407,0.984327,-0.018221,0.044524,0.010558,0.998953,0,0.85850,0.30958,51.510,0.619,-1,400.000,-1,400.000,-1,325.000,325.000,300.000,325.000,-1,500.000,475.000,-1,825.000,950.000,-1,-1,2,0,2,0,2,0,0,0,0,2,0,0,2,0,0,2,2
137,8861.649,8983.602,143.761,10.999,0.980722,-0.190775,-0.042301,0.190136,0.981580,-0.018667,0.045083,0.010264,0.998931,0,0.85850,0.42958,51.510,0.859,-1,400.000,-1,400.000,-1,325.000,325.000,300.000,325.000,-1,525.000,525.000,-1,850.000,950.000,-1,-1,2,0,2,0,2,0,0,0,0,2,0,0,2,0,0,2,2
138,8912.015,8994.398,146.109,12.098,0.976860,-0.209570,-0.042708,0.208928,0.977746,-0.019027,0.045745,0.009664,0.998906,0,0.85850,0.54958,51.510,1.099,-1,400.000,-1,400.000,-1,325.000,325.000,300.000,325.000,-1,575.000,575.000,-1,900.000,975.000,-1,-1,2,0,2,0,2,0,0,0,0,2,0,0,2,0,0,2,2
