timestep,x_cm,y_cm,z_cm,yaw_deg,basis_xx,basis_xy,basis_xz,basis_yx,basis_yy,basis_yz,basis_zx,basis_zy,basis_zz,teleport_flag,throttle_cmd,steering_cmd,cmd_move_cm,cmd_turn_deg,lidar_cm_0,lidar_cm_1,lidar_cm_2,lidar_cm_3,lidar_cm_4,lidar_cm_5,lidar_cm_6,lidar_cm_7,lidar_cm_8,lidar_cm_9,lidar_cm_10,lidar_cm_11,lidar_cm_12,lidar_cm_13,lidar_cm_14,lidar_cm_15,lidar_cm_16,lidar_class_0,lidar_class_1,lidar_class_2,lidar_class_3,lidar_class_4,lidar_class_5,lidar_class_6,lidar_class_7,lidar_class_8,lidar_class_9,lidar_class_10,lidar_class_11,lidar_class_12,lidar_class_13,lidar_class_14,lidar_class_15,lidar_class_16
0,-4185.570,1873.870,243.312,99.753,-0.169391,-0.985528,-0.006421,0.985533,-0.169421,0.004589,-0.005611,-0.005551,0.999969,0,0.25031,0.95374,0.573,-0.046,-1,851.199,-1,548.162,13.833,550.955,489.767,516.141,498.181,-1,-1,-1,-1,-1,-1,-1,14.533,2,0,2,0,1,0,0,0,0,2,2,2,2,2,2,2,1
1,-4185.388,1874.642,244.307,99.694,-0.168382,-0.985701,-0.006458,0.985712,-0.168406,0.003331,-0.004371,-0.005805,0.999974,0,0.25031,0.95374,0.794,-0.059,-1,857.932,-1,553.855,-1,555.851,493.927,518.894,501.788,-1,-1,-1,-1,-1,-1,-1,-1,2,0,2,0,2,0,0,0,0,2,2,2,2,2,2,2,2
2,-4185.304,1875.671,244.234,99.662,-0.167843,-0.985798,-0.005669,0.985810,-0.167855,0.001810,-0.002736,-0.005284,0.999982,0,0.25031,0.95374,1.032,-0.031,-1,863.869,-1,556.955,-1,559.251,496.363,520.172,500.634,-1,-1,-1,-1,-1,-1,-1,-1,2,0,2,0,2,0,0,0,0,2,2,2,2,2,2,2,2
3,-4185.369,1876.960,243.208,99.675,-0.168055,-0.985770,-0.003806,0.985777,-0.168057,0.000106,-0.000744,-0.003735,0.999993,0,0.25031,0.95374,1.290,0.012,-1,869.661,-1,557.530,-1,561.591,497.330,520.857,494.545,-1,-1,-1,-1,-1,-1,-1,-1,2,0,2,0,2,0,0,0,0,2,2,2,2,2,2,2,2
4,-4185.599,1878.519,241.436,99.733,-0.169053,-0.985607,-0.000929,0.985606,-0.169051,-0.001858,0.001674,-0.001229,0.999998,0,0.25031,0.95374,1.576,0.058,-1,876.492,-1,556.339,16.610,563.581,497.445,521.414,484.392,-1,-1,-1,-1,-1,-1,-1,22.202,2,0,2,0,1,0,0,0,0,2,2,2,2,2,2,2,1
5,-4185.975,1880.343,239.240,99.828,-0.170685,-0.985323,0.002178,0.985317,-0.170692,-0.003891,0.004205,0.001482,0.999990,0,0.25031,0.95374,1.862,0.095,-1,883.253,-1,554.081,17.237,565.119,496.948,521.143,473.901,-1,-1,-1,-1,-1,-1,-1,22.189,2,0,2,0,1,0,0,0,0,2,2,2,2,2,2,2,1
6,-4186.489,1882.272,237.156,99.941,-0.172628,-0.984982,0.003060,0.984975,-0.172641,-0.004413,0.004875,0.002252,0.999986,0,0.25031,0.95374,1.997,0.113,-1,881.116,-1,549.213,17.704,562.379,493.714,516.645,467.132,-1,-1,-1,-1,-1,-1,-1,22.255,2,0,2,0,1,0,0,0,0,2,2,2,2,2,2,2,1
7,-4187.206,1884.231,235.471,100.061,-0.174701,-0.984621,0.001123,0.984617,-0.174704,-0.002927,0.003078,0.000594,0.999995,0,0.25031,0.95374,2.086,0.121,-1,868.008,-1,541.539,18.089,554.595,487.392,507.719,465.393,-1,-1,-1,-1,-1,-1,-1,22.344,2,0,2,0,1,0,0,0,0,2,2,2,2,2,2,2,1
8,-4188.171,1886.248,234.336,100.187,-0.176854,-0.984233,-0.002696,0.984237,-0.176855,0.000036,-0.000513,-0.002647,0.999996,0,0.25031,0.95374,2.236,0.125,-1,848.553,-1,532.537,18.422,544.110,479.547,497.327,467.699,-1,-1,-1,-1,-1,-1,-1,22.441,2,0,2,0,1,0,0,0,0,2,2,2,2,2,2,2,1
9,-4189.363,1888.462,233.924,100.322,-0.179175,-0.983797,-0.006298,0.983810,-0.179194,0.002618,-0.003705,-0.005727,0.999977,0,0.25031,0.95374,2.514,0.135,20.729,833.362,-1,526.794,18.542,536.863,474.287,489.600,471.721,-1,-1,-1,-1,-1,-1,21.601,22.480,1,0,2,0,1,0,0,0,0,2,2,2,2,2,2,1,1
10,-4190.713,1890.901,234.200,100.474,-0.181780,-0.983299,-0.008885,0.983324,-0.181819,0.003878,-0.005429,-0.008032,0.999953,0,0.25031,0.95374,2.788,0.152,22.791,827.517,-1,526.325,18.640,535.155,473.245,485.687,476.388,-1,-1,-1,-1,-1,-1,23.810,22.514,1,0,2,0,1,0,0,0,0,2,2,2,2,2,2,1,1
11,-4192.188,1893.560,234.971,100.649,-0.184782,-0.982727,-0.010126,0.982763,-0.184828,0.003838,-0.005643,-0.009242,0.999941,0,0.25031,0.95374,3.041,0.175,19.915,830.679,-1,529.865,18.658,538.584,475.965,485.561,480.581,-1,-1,-1,-1,-1,-1,20.815,22.520,1,0,2,0,1,0,0,0,0,2,2,2,2,2,2,1,1
12,-4193.798,1896.505,235.991,100.856,-0.188333,-0.982053,-0.010094,0.982094,-0.188370,0.002759,-0.004611,-0.009394,0.999945,0,0.40751,0.71856,3.356,0.207,-1,840.806,-1,536.275,18.654,546.014,482.145,488.369,483.637,-1,-1,-1,-1,-1,-1,-1,22.518,2,0,2,0,1,0,0,0,0,2,2,2,2,2,2,2,1
13,-4195.603,1899.836,237.021,101.107,-0.192645,-0.981227,-0.008989,0.981265,-0.192662,0.001048,-0.002760,-0.008619,0.999959,0,0.40751,0.71856,3.789,0.252,-1,855.482,-1,544.188,18.653,556.051,490.371,493.130,485.095,-1,-1,-1,-1,-1,-1,-1,22.518,2,0,2,0,1,0,0,0,0,2,2,2,2,2,2,2,1
14,-4197.598,1903.536,237.906,101.392,-0.197523,-0.980273,-0.007055,0.980298,-0.197523,-0.000713,-0.000694,-0.007057,0.999975,0,0.40751,0.71856,4.204,0.285,-1,872.242,-1,551.929,18.652,566.690,498.916,499.102,484.739,-1,-1,-1,-1,-1,-1,-1,22.518,2,0,2,0,1,0,0,0,0,2,2,2,2,2,2,2,1
15,-4199.763,1907.601,238.568,101.699,-0.202776,-0.979215,-0.004495,0.979224,-0.202768,-0.002214,0.001256,-0.004851,0.999987,0,0.40751,0.71856,4.605,0.307,-1,889.372,-1,558.571,18.534,576.684,506.889,506.108,482.615,-1,-1,-1,-1,-1,-1,-1,22.478,2,0,2,0,1,0,0,0,0,2,2,2,2,2,2,2,1
16,-4202.044,1912.043,238.979,102.017,-0.208201,-0.978084,-0.001919,0.978082,-0.208194,-0.003381,0.002907,-0.002581,0.999992,0,0.40751,0.71856,4.994,0.318,-1,904.943,-1,563.922,18.660,585.641,513.829,512.579,479.705,-1,-1,-1,-1,-1,-1,-1,22.521,2,0,2,0,1,0,0,0,0,2,2,2,2,2,2,2,1
17,-4204.487,1916.814,239.170,102.345,-0.213803,-0.976877,0.000225,0.976868,-0.213802,-0.004227,0.004177,-0.000684,0.999991,0,0.40751,0.71856,5.360,0.328,-1,917.469,-1,568.173,18.654,593.321,519.711,517.626,476.853,-1,-1,-1,-1,-1,-1,-1,22.518,2,0,2,0,1,0,0,0,0,2,2,2,2,2,2,2,1
18,-4207.173,1921.750,239.221,102.691,-0.219683,-0.975570,0.001484,0.975559,-0.219688,-0.004717,0.004927,0.000412,0.999988,0,0.40751,0.71856,5.619,0.345,-1,926.936,-1,571.744,18.653,599.545,524.608,520.475,474.982,-1,-1,-1,-1,-1,-1,-1,22.518,2,0,2,0,1,0,0,0,0,2,2,2,2,2,2,2,1
19,-4210.100,1926.854,239.165,103.054,-0.225872,-0.974156,0.001502,0.974144,-0.225877,-0.004864,0.005077,0.000365,0.999987,0,0.40751,0.71856,5.884,0.364,-1,932.662,-1,574.613,18.647,604.076,528.579,520.420,474.810,-1,-1,-1,-1,-1,-1,-1,22.516,2,0,2,0,1,0,0,0,0,2,2,2,2,2,2,2,1
20,-4213.259,1932.154,238.990,103.431,-0.232275,-0.972650,0.000328,0.972639,-0.232274,-0.004607,0.004557,-0.000751,0.999989,0,0.40751,0.71856,6.170,0.377,-1,934.259,-1,576.475,18.494,606.658,531.475,517.601,476.167,-1,-1,-1,-1,-1,-1,-1,22.464,2,0,2,0,1,0,0,0,0,2,2,2,2,2,2,2,1
21,-4216.621,1937.689,238.683,103.813,-0.238760,-0.971077,-0.001858,0.971072,-0.238751,-0.004033,0.003473,-0.002767,0.999990,0,0.40751,0.71856,6.476,0.382,-1,932.163,-1,577.365,18.294,607.630,533.107,512.431,479.332,-1,-1,-1,-1,-1,-1,-1,22.402,2,0,2,0,1,0,0,0,0,2,2,2,2,2,2,2,1
22,-4220.178,1943.501,238.220,104.197,-0.245260,-0.969447,-0.004511,0.969455,-0.245247,-0.003382,0.002172,-0.005202,0.999984,0,0.40751,0.71856,6.814,0.384,-1,928.231,-1,577.672,18.137,607.672,534.031,505.985,482.949,-1,-1,-1,-1,-1,-1,-1,22.357,2,0,2,0,1,0,0,0,0,2,2,2,2,2,2,2,1
23,-4223.898,1949.567,237.673,104.581,-0.251753,-0.967762,-0.007598,0.967791,-0.251736,-0.003090,0.001078,-0.008131,0.999966,0,0.40751,0.71856,7.115,0.384,-1,924.194,-1,578.839,18.504,607.943,535.337,498.431,487.351,-1,-1,-1,-1,-1,-1,-1,22.468,2,0,2,0,1,0,0,0,0,2,2,2,2,2,2,2,1
24,-4227.961,1955.741,237.081,105.008,-0.258950,-0.965838,-0.010077,0.965891,-0.258937,-0.002620,-0.000079,-0.010412,0.999946,0,0.40751,0.71856,7.391,0.427,-1,921.419,-1,579.932,18.680,608.625,536.767,492.164,490.527,-1,-1,-1,-1,-1,-1,-1,22.528,2,0,2,0,1,0,0,0,0,2,2,2,2,2,2,2,1
25,-4232.263,1962.097,236.468,105.459,-0.266543,-0.963746,-0.012171,0.963822,-0.266539,-0.001993,-0.001323,-0.012262,0.999924,0,0.40751,0.71856,7.675,0.451,-1,919.254,-1,580.459,18.334,609.468,538.179,486.776,492.892,-1,-1,-1,-1,-1,-1,-1,22.414,2,0,2,0,1,0,0,0,0,2,2,2,2,2,2,2,1
26,-4236.690,1968.659,235.898,105.921,-0.274319,-0.961533,-0.014241,0.961635,-0.274327,-0.001375,-0.002584,-0.014072,0.999898,0,0.40751,0.71856,7.916,0.463,-1,917.336,-1,583.166,18.311,610.554,540.057,481.669,494.935,-1,-1,-1,-1,-1,-1,-1,22.407,2,0,2,0,1,0,0,0,0,2,2,2,2,2,2,2,1
27,-4241.202,1975.480,235.494,106.377,-0.281962,-0.959288,-0.016251,0.959420,-0.281979,-0.001282,-0.003353,-0.015953,0.999867,0,0.40751,0.71856,8.178,0.456,-1,917.540,-1,588.021,18.526,613.100,543.485,477.059,497.567,-1,-1,-1,-1,-1,-1,-1,22.475,2,0,2,0,1,0,0,0,0,2,2,2,2,2,2,2,1
28,-4245.900,1982.417,235.348,106.848,-0.289825,-0.956923,-0.017310,0.957072,-0.289847,-0.001280,-0.003792,-0.016938,0.999849,0,0.40751,0.71856,8.378,0.470,-1,921.266,-1,594.069,18.686,617.679,548.421,475.026,499.229,-1,-1,-1,-1,-1,-1,-1,22.530,2,0,2,0,1,0,0,0,0,2,2,2,2,2,2,2,1
29,-4250.817,1989.372,235.457,107.359,-0.298359,-0.954294,-0.017453,0.954444,-0.298387,-0.001006,-0.004248,-0.016958,0.999847,0,0.40751,0.71856,8.517,0.512,-1,927.731,-1,600.606,18.660,623.837,554.308,475.562,499.713,-1,-1,-1,-1,-1,-1,-1,22.520,2,0,2,0,1,0,0,0,0,2,2,2,2,2,2,2,1
30,-4255.873,1996.384,235.728,107.889,-0.307178,-0.951499,-0.017054,0.951640,-0.307216,-0.000397,-0.004861,-0.016351,0.999855,0,0.35032,0.93603,8.644,0.530,-1,935.330,-1,606.293,18.364,629.998,560.386,477.750,499.649,-1,-1,-1,-1,-1,-1,-1,22.423,2,0,2,0,1,0,0,0,0,2,2,2,2,2,2,2,1
31,-4260.967,2003.438,236.165,108.411,-0.315819,-0.948668,-0.016962,0.948805,-0.315862,-0.000169,-0.005198,-0.016147,0.999856,0,0.35032,0.93603,8.701,0.521,-1,944.718,-1,613.206,18.748,636.556,567.685,479.678,501.309,-1,-1,-1,-1,-1,-1,-1,22.552,2,0,2,0,1,0,0,0,0,2,2,2,2,2,2,2,1
32,-4266.203,2010.466,236.665,108.956,-0.324832,-0.945624,-0.016687,0.945755,-0.324880,0.000159,-0.005572,-0.015730,0.999861,0,0.35032,0.93603,8.764,0.545,-1,955.332,-1,620.343,18.470,643.537,574.877,482.165,502.236,-1,-1,-1,-1,-1,-1,-1,22.457,2,0,2,0,1,0,0,0,0,2,2,2,2,2,2,2,1
33,-4271.480,2017.606,237.141,109.495,-0.333717,-0.942527,-0.016595,0.942656,-0.333765,0.000116,-0.005648,-0.015605,0.999862,0,0.35032,0.93603,8.879,0.539,-1,966.028,-1,628.570,18.682,650.607,582.742,484.067,503.437,-1,-1,-1,-1,-1,-1,-1,22.528,2,0,2,0,1,0,0,0,0,2,2,2,2,2,2,2,1
34,-4276.983,2024.720,237.543,110.045,-0.342746,-0.939291,-0.016053,0.939412,-0.342789,-0.000064,-0.005442,-0.015102,0.999871,0,0.35032,0.93603,8.994,0.550,-1,978.267,-1,637.202,18.661,658.024,591.270,486.530,503.687,-1,-1,-1,-1,-1,-1,-1,22.521,2,0,2,0,1,0,0,0,0,2,2,2,2,2,2,2,1
35,-4282.683,2031.880,237.768,110.601,-0.351851,-0.935933,-0.015176,0.936043,-0.351885,-0.000453,-0.004916,-0.014365,0.999885,0,0.35032,0.93603,9.151,0.556,-1,993.399,-1,646.687,18.533,666.259,599.639,488.997,503.316,-1,-1,-1,-1,-1,-1,-1,22.478,2,0,2,0,1,0,0,0,0,2,2,2,2,2,2,2,1
36,-4288.472,2039.183,237.764,111.141,-0.360663,-0.932585,-0.014429,0.932688,-0.360682,-0.001385,-0.003913,-0.013957,0.999895,0,0.35032,0.93603,9.320,0.540,-1,-1,-1,657.321,18.311,675.037,608.050,490.261,503.284,-1,-1,-1,-1,-1,-1,-1,22.407,2,2,2,0,1,0,0,0,0,2,2,2,2,2,2,2,1
37,-4294.327,2046.583,237.563,111.676,-0.369354,-0.929186,-0.013843,0.929285,-0.369353,-0.002754,-0.002554,-0.013882,0.999900,0,0.35032,0.93603,9.436,0.535,-1,-1,-1,668.770,18.586,684.019,616.905,490.363,503.139,-1,-1,-1,-1,-1,-1,-1,22.495,2,2,2,0,1,0,0,0,0,2,2,2,2,2,2,2,1
38,-4300.359,2053.813,237.278,112.268,-0.378936,-0.925336,-0.012699,0.925422,-0.378923,-0.003515,-0.001559,-0.013084,0.999913,0,0.35032,0.93603,9.416,0.592,-1,-1,-1,677.474,18.698,692.250,625.902,491.523,500.610,-1,-1,-1,-1,-1,-1,-1,22.534,2,2,2,0,1,0,0,0,0,2,2,2,2,2,2,2,1
39,-4306.477,2061.024,236.890,112.861,-0.388503,-0.921379,-0.011233,0.921447,-0.388488,-0.003593,-0.001053,-0.011747,0.999930,0,0.35032,0.93603,9.456,0.594,-1,-1,-1,683.957,18.440,699.344,632.913,493.410,497.135,-1,-1,-1,-1,-1,-1,-1,22.447,2,2,2,0,1,0,0,0,0,2,2,2,2,2,2,2,1
40,-4312.643,2068.293,236.413,113.448,-0.397919,-0.917369,-0.009748,0.917420,-0.397908,-0.003128,-0.001009,-0.010188,0.999948,0,0.35032,0.93603,9.532,0.587,-1,-1,-1,688.762,18.659,705.181,638.215,495.461,493.081,-1,-1,-1,-1,-1,-1,-1,22.520,2,2,2,0,1,0,0,0,0,2,2,2,2,2,2,2,1
41,-4318.948,2075.462,235.990,114.035,-0.407289,-0.913256,-0.008861,0.913298,-0.407286,-0.002317,-0.001493,-0.009036,0.999958,0,0.35032,0.93603,9.547,0.587,-1,-1,-1,692.709,18.654,709.864,642.586,496.807,489.961,-1,-1,-1,-1,-1,-1,-1,22.518,2,2,2,0,1,0,0,0,0,2,2,2,2,2,2,2,1
42,-4325.405,2082.549,235.658,114.621,-0.416614,-0.909040,-0.008897,0.909081,-0.416617,-0.001612,-0.002241,-0.008760,0.999959,0,0.35032,0.93603,9.588,0.586,-1,-1,-1,697.027,18.611,713.842,646.834,496.612,488.176,-1,-1,-1,-1,-1,-1,-1,22.504,2,2,2,0,1,0,0,0,0,2,2,2,2,2,2,2,1
43,-4331.947,2089.694,235.347,115.187,-0.425573,-0.904870,-0.009868,0.904918,-0.425584,-0.001029,-0.003269,-0.009368,0.999951,0,0.35032,0.93603,9.687,0.566,-1,-1,-1,701.280,18.155,716.718,650.493,494.701,487.751,-1,-1,-1,-1,-1,-1,-1,22.362,2,2,2,0,1,0,0,0,0,2,2,2,2,2,2,2,1
44,-4338.546,2096.865,235.082,115.727,-0.434086,-0.900796,-0.011638,0.900861,-0.434107,-0.000798,-0.004333,-0.010831,0.999932,0,0.35032,0.93603,9.745,0.540,-1,-1,-1,706.115,18.713,719.094,653.131,491.265,489.179,-1,-1,-1,-1,-1,-1,-1,22.539,2,2,2,0,1,0,0,0,0,2,2,2,2,2,2,2,1
45,-4345.300,2103.958,234.814,116.294,-0.442964,-0.896441,-0.013312,0.896521,-0.443002,-0.000099,-0.005809,-0.011978,0.999911,0,0.35032,0.93603,9.795,0.566,-1,-1,-1,709.832,18.142,720.853,655.646,488.391,489.926,-1,-1,-1,-1,-1,-1,-1,22.358,2,2,2,0,1,0,0,0,0,2,2,2,2,2,2,2,1
46,-4351.927,2111.310,234.469,116.814,-0.451089,-0.892345,-0.015444,0.892445,-0.451155,0.000940,-0.007807,-0.013359,0.999880,0,0.23639,0.57092,9.897,0.521,-1,-1,-1,711.225,17.767,720.662,656.346,484.891,491.065,-1,-1,-1,-1,-1,-1,-1,22.268,2,2,2,0,1,0,0,0,0,2,2,2,2,2,2,2,1
47,-4358.481,2118.714,234.030,117.291,-0.458483,-0.888527,-0.017703,0.888638,-0.458600,0.003028,-0.010809,-0.014343,0.999839,0,0.23639,0.57092,9.888,0.477,-1,-1,-1,708.048,17.840,717.579,654.069,481.877,490.830,-1,-1,-1,-1,-1,-1,-1,22.283,2,2,2,0,1,0,0,0,0,2,2,2,2,2,2,2,1
48,-4365.135,2125.967,233.532,117.794,-0.466244,-0.884432,-0.019901,0.884538,-0.466431,0.005819,-0.014429,-0.014890,0.999785,0,0.23639,0.57092,9.842,0.503,-1,-1,-1,703.020,17.748,713.308,650.463,479.440,489.374,-1,-1,-1,-1,-1,-1,-1,22.264,2,2,2,0,1,0,0,0,0,2,2,2,2,2,2,2,1
49,-4371.825,2133.234,232.964,118.288,-0.473831,-0.880328,-0.022517,0.880428,-0.474103,0.008534,-0.018188,-0.015781,0.999710,0,0.23639,0.57092,9.878,0.494,-1,-1,-1,697.855,17.543,708.464,646.395,476.161,488.546,-1,-1,-1,-1,-1,-1,-1,22.226,2,2,2,0,1,0,0,0,0,2,2,2,2,2,2,2,1
50,-4378.563,2140.504,232.364,118.767,-0.481126,-0.876281,-0.025490,0.876378,-0.481499,0.010992,-0.021905,-0.017050,0.999615,0,0.23639,0.57092,9.913,0.478,-1,-1,-1,693.678,17.460,703.421,642.326,472.130,488.403,-1,-1,-1,-1,-1,-1,-1,22.214,2,2,2,0,1,0,0,0,0,2,2,2,2,2,2,2,1
51,-4385.409,2147.722,231.798,119.241,-0.488324,-0.872185,-0.028870,0.872300,-0.488807,0.012666,-0.025159,-0.018999,0.999503,0,0.23639,0.57092,9.948,0.474,-1,-1,-1,691.362,17.606,699.389,639.106,467.019,489.810,-1,-1,-1,-1,-1,-1,-1,22.237,2,2,2,0,1,0,0,0,0,2,2,2,2,2,2,2,1
52,-4392.318,2155.052,231.175,119.684,-0.495023,-0.868261,-0.032783,0.868429,-0.495629,0.013518,-0.027986,-0.021778,0.999371,0,0.23639,0.57092,10.072,0.443,-1,-1,-1,690.412,17.149,695.796,636.530,460.393,492.676,-1,-1,-1,-1,-1,-1,-1,22.184,2,2,2,0,1,0,0,0,0,2,2,2,2,2,2,2,1
53,-4399.308,2162.453,230.423,120.124,-0.501630,-0.864303,-0.036717,0.864528,-0.502376,0.014484,-0.030964,-0.024477,0.999221,0,0.23639,0.57092,10.181,0.440,-1,-1,-1,688.315,17.022,691.596,633.350,453.665,494.216,-1,-1,-1,-1,-1,-1,-1,22.178,2,2,2,0,1,0,0,0,0,2,2,2,2,2,2,2,1
54,-4406.401,2169.876,229.608,120.564,-0.508202,-0.860282,-0.040569,0.860560,-0.509107,0.015712,-0.034171,-0.026927,0.999053,0,0.23639,0.57092,10.267,0.440,-1,1007.205,-1,684.786,17.009,686.867,629.869,447.297,495.026,-1,-1,-1,-1,-1,-1,-1,22.178,2,0,2,0,1,0,0,0,0,2,2,2,2,2,2,2,1
55,-4413.553,2177.409,228.747,120.993,-0.514565,-0.856314,-0.044146,0.856625,-0.515647,0.017374,-0.037642,-0.028877,0.998874,0,0.23639,0.57092,10.387,0.429,-1,993.083,-1,680.121,16.740,681.533,625.627,441.777,494.606,-1,-1,-1,-1,-1,-1,-1,22.188,2,0,2,0,1,0,0,0,0,2,2,2,2,2,2,2,1
56,-4420.630,2185.130,227.989,121.401,-0.520585,-0.852530,-0.046744,0.852812,-0.521842,0.019792,-0.041266,-0.029560,0.998711,0,0.23639,0.57092,10.474,0.408,-1,980.511,-1,674.312,16.987,676.239,620.985,438.823,491.771,-1,-1,-1,-1,-1,-1,-1,22.178,2,0,2,0,1,0,0,0,0,2,2,2,2,2,2,2,1
57,-4427.791,2192.815,227.418,121.831,-0.526888,-0.848573,-0.048090,0.848752,-0.528296,0.022890,-0.044830,-0.028756,0.998581,0,0.23639,0.57092,10.504,0.430,-1,971.142,-1,668.300,17.179,672.082,616.939,438.951,486.316,-1,-1,-1,-1,-1,-1,-1,22.185,2,0,2,0,1,0,0,0,0,2,2,2,2,2,2,2,1
58,-4435.170,2200.419,226.971,122.303,-0.533787,-0.844222,-0.048596,0.844263,-0.535303,0.025894,-0.047874,-0.027206,0.998483,0,0.23639,0.57092,10.596,0.472,-1,965.623,-1,664.243,17.161,669.914,614.559,440.729,480.021,-1,-1,-1,-1,-1,-1,-1,22.184,2,0,2,0,1,0,0,0,0,2,2,2,2,2,2,2,1
59,-4442.604,2208.258,226.458,122.738,-0.540116,-0.840145,-0.049309,0.840098,-0.541720,0.027843,-0.050104,-0.026385,0.998395,0,0.23639,0.57092,10.803,0.435,-1,961.865,-1,662.509,16.817,668.902,613.513,441.224,475.223,-1,-1,-1,-1,-1,-1,-1,22.183,2,0,2,0,1,0,0,0,0,2,2,2,2,2,2,2,1
60,-4450.127,2216.232,225.740,123.165,-0.546313,-0.836092,-0.049928,0.835960,-0.547993,0.029582,-0.052094,-0.025576,0.998315,0,0.23639,0.57092,10.964,0.427,-1,958.342,-1,660.794,16.756,668.211,612.492,441.218,469.876,-1,-1,-1,-1,-1,-1,-1,22.186,2,0,2,0,1,0,0,0,0,2,2,2,2,2,2,2,1
61,-4457.774,2224.290,224.800,123.603,-0.552620,-0.831915,-0.050283,0.831677,-0.554365,0.031498,-0.054079,-0.024413,0.998238,0,0.23639,0.57092,11.108,0.437,-1,954.683,-1,657.791,16.720,666.933,611.028,441.270,463.150,-1,-1,-1,-1,-1,-1,-1,22.189,2,0,2,0,1,0,0,0,0,2,2,2,2,2,2,2,1
62,-4465.560,2232.350,223.716,124.046,-0.558981,-0.827645,-0.050451,0.827296,-0.560777,0.033321,-0.055869,-0.023112,0.998171,0,0.23639,0.57092,11.207,0.443,-1,951.557,-1,654.854,16.647,665.862,609.705,441.225,455.600,-1,-1,-1,-1,-1,-1,-1,22.197,2,0,2,0,1,0,0,0,0,2,2,2,2,2,2,2,1
63,-4473.473,2240.451,222.536,124.494,-0.565383,-0.823277,-0.050557,0.822821,-0.567221,0.035024,-0.057511,-0.021798,0.998107,0,0.23639,0.57092,11.324,0.448,-1,948.776,-1,652.080,16.518,664.963,608.490,441.117,447.240,-1,-1,-1,-1,-1,-1,-1,22.216,2,0,2,0,1,0,0,0,0,2,2,2,2,2,2,2,1
64,-4483.058,2250.231,221.133,125.016,-0.572787,-0.818123,-0.050887,0.817537,-0.574682,0.037058,-0.059562,-0.020376,0.998017,0,0.23639,0.57092,13.694,0.522,-1,945.394,-1,648.647,16.415,663.620,606.768,440.872,437.749,-1,-1,-1,-1,-1,-1,-1,22.237,2,0,2,0,1,0,0,0,0,2,2,2,2,2,2,2,1
65,-4489.468,2256.821,220.223,125.343,-0.577387,-0.814863,-0.051202,0.814167,-0.579332,0.038812,-0.061290,-0.019278,0.997934,0,0.23639,0.57092,9.194,0.327,-1,941.884,-1,645.418,16.322,661.896,604.797,441.051,432.593,-1,-1,-1,-1,-1,-1,-1,22.260,2,0,2,0,1,0,0,0,0,2,2,2,2,2,2,2,1
66,-4497.546,2264.994,219.144,125.775,-0.583380,-0.810550,-0.051726,0.809629,-0.585416,0.042286,-0.064556,-0.017210,0.997766,0,0.23639,0.57092,11.491,0.431,-1,934.453,-1,639.221,16.398,657.836,600.367,442.476,425.039,-1,-1,-1,-1,-1,-1,-1,22.241,2,0,2,0,1,0,0,0,0,2,2,2,2,2,2,2,1
67,-4505.662,2273.200,218.119,126.192,-0.589086,-0.806315,-0.053229,0.805117,-0.591285,0.046563,-0.069018,-0.015426,0.997496,0,0.23639,0.57092,11.542,0.417,-1,922.247,-1,631.341,16.397,651.242,593.883,443.469,417.944,-1,-1,-1,-1,-1,-1,-1,22.242,2,0,2,0,1,0,0,0,0,2,2,2,2,2,2,2,1
68,-4513.956,2281.427,217.079,126.610,-0.594749,-0.802003,-0.055352,0.800525,-0.597152,0.050688,-0.073706,-0.014164,0.997179,0,0.23639,0.57092,11.682,0.418,-1,908.772,-1,623.482,16.506,644.206,587.219,443.503,411.648,-1,-1,-1,-1,-1,-1,-1,22.218,2,0,2,0,1,0,0,0,0,2,2,2,2,2,2,2,1
69,-4522.476,2289.649,216.035,127.039,-0.600520,-0.797508,-0.057933,0.795797,-0.603153,0.053979,-0.077991,-0.013687,0.996860,0,0.23639,0.57092,11.840,0.428,-1,895.885,-1,617.234,16.501,638.332,581.691,442.188,406.749,-1,-1,-1,-1,-1,-1,-1,22.218,2,0,2,0,1,0,0,0,0,2,2,2,2,2,2,2,1
70,-4531.321,2297.795,215.065,127.498,-0.606727,-0.792595,-0.060624,0.790748,-0.609587,0.055869,-0.081238,-0.014041,0.996596,0,0.33822,0.85382,12.025,0.460,-1,884.718,-1,614.254,16.665,634.968,578.892,439.681,403.562,-1,-1,-1,-1,-1,-1,-1,22.195,2,0,2,0,1,0,0,0,0,2,2,2,2,2,2,2,1
71,-4540.512,2306.024,214.073,127.980,-0.613215,-0.787369,-0.063383,0.785440,-0.616304,0.057034,-0.083970,-0.014809,0.996358,0,0.33822,0.85382,12.336,0.482,-1,874.657,-1,612.839,16.486,632.492,577.392,436.457,401.592,-1,-1,-1,-1,-1,-1,-1,22.222,2,0,2,0,1,0,0,0,0,2,2,2,2,2,2,2,1
72,-4549.912,2314.420,212.979,128.450,-0.619469,-0.782218,-0.066287,0.780184,-0.622812,0.058458,-0.087011,-0.015504,0.996087,0,0.33822,0.85382,12.604,0.470,-1,863.479,-1,610.485,16.604,629.157,575.038,433.145,401.030,-1,-1,-1,-1,-1,-1,-1,22.203,2,0,2,0,1,0,0,0,0,2,2,2,2,2,2,2,1
73,-4559.508,2322.947,211.788,128.913,-0.625554,-0.777127,-0.068963,0.774900,-0.629155,0.060780,-0.090622,-0.015418,0.995766,0,0.33822,0.85382,12.837,0.463,-1,851.283,-1,606.300,16.685,624.639,571.000,430.930,400.861,-1,-1,-1,-1,-1,-1,-1,22.192,2,0,2,0,1,0,0,0,0,2,2,2,2,2,2,2,1
74,-4571.232,2333.218,210.308,129.501,-0.633121,-0.770704,-0.071920,0.768016,-0.637048,0.065742,-0.096484,-0.013613,0.995241,0,0.33822,0.85382,15.587,0.588,-1,834.221,-1,597.519,16.734,616.660,563.168,430.994,397.984,-1,-1,-1,-1,-1,-1,-1,22.188,2,0,2,0,1,0,0,0,0,2,2,2,2,2,2,2,1
75,-4579.254,2340.002,209.332,129.916,-0.638391,-0.766166,-0.073806,0.763080,-0.642534,0.069705,-0.100829,-0.011821,0.994834,0,0.33822,0.85382,10.506,0.415,-1,822.439,-1,590.987,16.802,610.890,557.370,432.000,395.299,-1,-1,-1,-1,-1,-1,-1,22.183,2,0,2,0,1,0,0,0,0,2,2,2,2,2,2,2,1
76,-4589.534,2348.497,208.099,130.450,-0.645147,-0.760227,-0.076423,0.756715,-0.649577,0.073703,-0.105674,-0.010281,0.994348,0,0.33822,0.85382,13.336,0.534,-1,808.831,-1,585.094,16.470,604.916,551.783,432.073,393.223,-1,-1,-1,-1,-1,1002.840,-1,22.224,2,0,2,0,1,0,0,0,0,2,2,2,2,2,0,2,1
77,-4600.011,2357.203,206.779,130.960,-0.651562,-0.754412,-0.079555,0.750591,-0.656327,0.076474,-0.109907,-0.009885,0.993893,0,0.33822,0.85382,13.622,0.510,13.759,795.909,-1,580.860,16.339,599.698,547.452,430.100,392.845,-1,-1,-1,-1,-1,994.449,17.346,22.256,1,0,2,0,1,0,0,0,0,2,2,2,2,2,0,1,1
78,-4610.702,2366.033,205.403,131.453,-0.657668,-0.748723,-0.082983,0.744601,-0.662811,0.079069,-0.114203,-0.009788,0.993409,0,0.33822,0.85382,13.866,0.492,13.881,782.752,-1,576.534,16.426,594.200,542.932,427.544,392.796,-1,-1,-1,-1,-1,985.891,21.010,22.234,1,0,2,0,1,0,0,0,0,2,2,2,2,2,0,1,1
79,-4621.679,2374.938,203.936,131.962,-0.663940,-0.742874,-0.085568,0.738373,-0.669376,0.082104,-0.118270,-0.008669,0.992944,0,0.33822,0.85382,14.134,0.509,14.029,770.889,-1,572.123,16.514,589.701,538.737,426.534,391.174,-1,-1,-1,-1,-1,977.010,23.326,22.217,1,0,2,0,1,0,0,0,0,2,2,2,2,2,0,1,1
80,-4632.870,2383.977,202.453,132.467,-0.670136,-0.737083,-0.087323,0.732172,-0.675767,0.085222,-0.121826,-0.006825,0.992528,0,0.33822,0.85382,14.386,0.505,14.027,760.905,-1,568.339,16.514,586.043,535.432,426.839,389.983,-1,-1,-1,-1,-1,969.862,24.949,22.217,1,0,2,0,1,0,0,0,0,2,2,2,2,2,0,1,1
81,-4644.352,2392.878,200.998,133.017,-0.676823,-0.730740,-0.089051,0.725372,-0.682640,0.088530,-0.125482,-0.004676,0.992085,0,0.33822,0.85382,14.528,0.550,14.064,751.054,-1,564.751,16.534,582.506,532.296,427.579,390.103,-1,-1,-1,-1,-1,963.163,20.948,22.213,1,0,2,0,1,0,0,0,0,2,2,2,2,2,0,1,1
82,-4656.015,2401.824,199.462,133.567,-0.683389,-0.724296,-0.091514,0.718464,-0.689483,0.091782,-0.129574,-0.003027,0.991565,0,0.33822,0.85382,14.699,0.550,14.070,739.816,-1,560.492,16.536,577.935,527.904,427.210,390.957,-1,-1,-1,-1,-1,954.724,20.073,22.213,1,0,2,0,1,0,0,0,0,2,2,2,2,2,0,1,1
83,-4667.910,2410.762,197.879,134.100,-0.689657,-0.717938,-0.094544,0.711681,-0.696104,0.094601,-0.133730,-0.002043,0.991016,0,0.33822,0.85382,14.879,0.533,14.301,728.052,-1,556.708,16.648,573.051,523.492,425.609,392.643,-1,-1,-1,-1,-1,946.911,22.275,22.196,1,0,2,0,1,0,0,0,0,2,2,2,2,2,0,1,1
84,-4680.133,2419.569,196.171,134.666,-0.696286,-0.711156,-0.097179,0.704463,-0.703034,0.097336,-0.137541,-0.000685,0.990496,0,0.33822,0.85382,15.066,0.566,13.748,717.146,-1,553.514,16.329,568.907,520.188,424.413,393.752,-1,-1,-1,-1,-1,941.225,22.368,22.258,1,0,2,0,1,0,0,0,0,2,2,2,2,2,0,1,1
85,-4692.591,2428.462,194.300,135.225,-0.702801,-0.704344,-0.099855,0.697315,-0.709859,0.099259,-0.140796,0.000129,0.990039,0,0.33822,0.85382,15.306,0.559,14.156,706.844,-1,551.389,16.582,565.392,517.665,421.961,394.630,-1,-1,-1,-1,-1,938.658,23.398,22.206,1,0,2,0,1,0,0,0,0,2,2,2,2,2,0,1,1
86,-4705.348,2437.289,192.351,135.799,-0.709485,-0.697297,-0.102021,0.689967,-0.716781,0.100847,-0.143447,0.001158,0.989657,0,0.33822,0.85382,15.513,0.575,13.653,697.876,-1,550.271,16.252,563.037,516.229,419.712,395.269,-1,-1,-1,-1,997.669,938.878,27.027,22.281,1,0,2,0,1,0,0,0,0,2,2,2,2,0,0,1,1
87,-4718.232,2446.324,190.342,136.333,-0.715619,-0.690662,-0.104287,0.683073,-0.723176,0.102118,-0.145947,0.001842,0.989291,0,0.33822,0.85382,15.737,0.534,13.972,689.003,-1,549.253,16.482,561.042,514.808,416.923,396.481,-1,-1,-1,-1,980.638,939.495,26.937,22.223,1,0,2,0,1,0,0,0,0,2,2,2,2,0,0,1,1
88,-4731.341,2455.207,188.315,136.911,-0.722051,-0.683547,-0.106795,0.675435,-0.729897,0.105059,-0.149762,0.003725,0.988715,0,0.33822,0.85382,15.835,0.578,14.171,678.016,-1,545.783,16.588,555.314,511.140,416.663,396.822,-1,-1,-1,-1,960.775,931.589,25.402,22.204,1,0,2,0,1,0,0,0,0,2,2,2,2,0,0,1,1
89,-4744.722,2464.037,186.172,137.511,-0.728658,-0.676175,-0.108835,0.667426,-0.736712,0.108614,-0.153622,0.006503,0.988108,0,0.33822,0.85382,16.032,0.601,14.098,666.301,-1,541.497,16.552,549.507,506.540,417.431,395.188,-1,-1,-1,-1,941.589,922.194,24.826,22.210,1,0,2,0,1,0,0,0,0,2,2,2,2,0,0,1,1
90,-4758.423,2472.676,183.977,138.140,-0.735573,-0.668369,-0.110525,0.659059,-0.743773,0.111551,-0.156763,0.009212,0.987593,0,0.33822,0.85382,16.197,0.629,14.223,655.702,-1,538.877,16.613,544.988,503.778,417.928,394.118,-1,-1,-1,-1,924.496,916.378,24.052,22.202,1,0,2,0,1,0,0,0,0,2,2,2,2,0,0,1,1
91,-4772.096,2481.076,181.804,138.728,-0.741892,-0.660900,-0.113172,0.651128,-0.750398,0.113730,-0.160088,0.010686,0.987045,0,-0.18913,0.62634,16.047,0.588,13.537,644.362,-1,536.384,16.132,539.905,500.844,416.625,394.700,-1,-1,-1,-1,906.100,907.032,27.084,22.322,1,0,2,0,1,0,0,0,0,2,2,2,2,0,0,1,1
92,-4785.217,2489.301,179.780,139.198,-0.746702,-0.654708,-0.117448,0.644570,-0.755811,0.115235,-0.164214,0.010343,0.986371,0,-0.18913,0.62634,15.486,0.471,13.580,631.465,-1,532.732,16.179,533.112,496.394,413.132,396.820,-1,-1,-1,-1,884.852,895.408,30.727,22.305,1,0,2,0,1,0,0,0,0,2,2,2,2,0,0,1,1
93,-4797.993,2497.181,177.876,139.647,-0.751227,-0.648860,-0.120992,0.638292,-0.760832,0.117121,-0.168049,0.010756,0.985720,0,-0.18913,0.62634,15.011,0.448,13.592,619.900,-1,529.333,16.193,527.108,492.413,411.431,397.313,-1,-1,-1,-1,865.867,884.054,32.936,22.301,1,0,2,0,1,0,0,0,0,2,2,2,2,0,0,1,1
94,-4810.475,2504.698,176.016,140.106,-0.755947,-0.642916,-0.123300,0.631925,-0.765842,0.118981,-0.170923,0.012026,0.985211,0,-0.18913,0.62634,14.571,0.460,13.789,610.506,-1,527.683,16.359,522.904,490.010,411.033,397.304,-1,-1,-1,-1,850.577,876.154,30.854,22.250,1,0,2,0,1,0,0,0,0,2,2,2,2,0,0,1,1
95,-4822.660,2511.738,174.277,140.574,-0.760855,-0.636848,-0.124596,0.625562,-0.770872,0.120118,-0.172545,0.013450,0.984910,0,-0.18913,0.62634,14.072,0.467,13.713,603.455,-1,527.891,16.302,520.953,489.908,410.986,397.653,-1,-1,-1,-1,839.321,874.249,30.020,22.266,1,0,2,0,1,0,0,0,0,2,2,2,2,0,0,1,1
96,-4834.481,2518.612,172.536,140.992,-0.765350,-0.631276,-0.125423,0.619935,-0.775431,0.119943,-0.172974,0.014044,0.984826,0,-0.18913,0.62634,13.675,0.419,13.371,598.000,-1,530.349,15.889,518.809,490.297,409.733,398.867,-1,-1,-1,-1,830.834,878.219,29.816,22.436,1,0,2,0,1,0,0,0,0,2,2,2,2,0,0,1,1
97,-4845.933,2525.325,170.739,141.358,-0.769320,-0.626318,-0.125983,0.615065,-0.779440,0.119026,-0.172744,0.014081,0.984866,0,-0.18913,0.62634,13.274,0.366,13.428,593.328,-1,533.758,15.990,516.140,491.184,407.667,399.414,-1,-1,-1,-1,823.742,876.677,28.089,22.385,1,0,2,0,1,0,0,0,0,2,2,2,2,0,0,1,1
98,-4857.110,2531.555,168.925,141.735,-0.773408,-0.621221,-0.126191,0.610025,-0.783501,0.118303,-0.172363,0.014517,0.984927,0,-0.18913,0.62634,12.797,0.377,13.527,589.044,-1,537.179,16.123,513.696,492.171,405.947,399.403,-1,-1,-1,-1,817.365,873.877,25.229,22.326,1,0,2,0,1,0,0,0,0,2,2,2,2,0,0,1,1
99,-4870.079,2538.662,166.608,142.168,-0.778040,-0.615390,-0.126288,0.604213,-0.788074,0.117755,-0.171989,0.015314,0.984980,0,-0.18913,0.62634,14.788,0.432,13.331,583.713,-1,541.199,15.798,510.424,492.626,403.857,398.564,-1,-1,-1,-1,809.518,869.332,24.498,22.491,1,0,2,0,1,0,0,0,0,2,2,2,2,0,0,1,1
100,-4878.377,2543.311,165.050,142.411,-0.780647,-0.612072,-0.126327,0.600936,-0.790648,0.117268,-0.171657,0.015630,0.985033,0,-0.18913,0.62634,9.512,0.243,13.309,580.271,-1,543.729,15.728,508.297,492.822,402.210,398.039,-1,-1,-1,-1,804.491,790.730,26.210,22.536,1,0,2,0,1,0,0,0,0,2,2,2,2,0,1,1,1
101,-4888.415,2548.910,163.193,142.705,-0.783778,-0.608077,-0.126231,0.596966,-0.793712,0.116845,-0.171242,0.016225,0.985095,0,-0.18913,0.62634,11.494,0.294,13.393,576.277,-1,545.868,15.928,505.815,493.104,400.592,397.194,-1,-1,-1,-1,798.692,802.519,23.727,22.414,1,0,2,0,1,0,0,0,0,2,2,2,2,0,1,1,1
102,-4898.060,2554.247,161.425,143.014,-0.786902,-0.603993,-0.126404,0.592666,-0.796792,0.117767,-0.171849,0.017756,0.984963,0,-0.18913,0.62634,11.024,0.309,13.336,571.344,-1,544.304,15.808,502.223,491.738,400.545,395.178,-1,-1,-1,-1,791.297,815.179,22.004,22.484,1,0,2,0,1,0,0,0,0,2,2,2,2,0,1,1,1
103,-4907.337,2559.427,159.699,143.304,-0.789704,-0.600216,-0.126920,0.588532,-0.799596,0.119483,-0.173200,0.019660,0.984690,0,-0.18913,0.62634,10.625,0.290,13.387,565.529,-1,541.021,15.920,497.751,489.062,401.095,392.564,-1,-1,-1,-1,782.539,827.210,19.611,22.420,1,0,2,0,1,0,0,0,0,2,2,2,2,0,1,1,1
104,-4916.364,2564.386,157.967,143.599,-0.792528,-0.596368,-0.127452,0.584326,-0.802421,0.121175,-0.174535,0.021561,0.984415,0,-0.18913,0.62634,10.299,0.294,13.368,559.677,-1,537.709,15.883,493.306,486.576,401.511,389.902,-1,-1,-1,-1,773.880,834.106,18.540,22.439,1,0,2,0,1,0,0,0,0,2,2,2,2,0,0,1,1
105,-4925.224,2569.169,156.219,143.889,-0.795386,-0.592493,-0.127718,0.580234,-0.805247,0.122091,-0.175183,0.023003,0.984267,0,-0.18913,0.62634,10.069,0.290,13.356,554.616,-1,535.831,15.856,489.696,483.223,401.205,387.801,-1,-1,-1,-1,766.624,826.352,18.098,22.455,1,0,2,0,1,0,0,0,0,2,2,2,2,0,0,1,1
106,-4933.906,2573.739,154.488,144.162,-0.798130,-0.588785,-0.127752,0.576429,-0.807933,0.122369,-0.175264,0.024026,0.984228,0,-0.18913,0.62634,9.811,0.273,13.346,550.262,-1,535.332,15.832,486.838,480.185,400.332,386.229,-1,-1,-1,-1,760.592,819.777,17.667,22.469,1,0,2,0,1,0,0,0,0,2,2,2,2,0,0,1,1
107,-4942.352,2578.049,152.879,144.419,-0.800769,-0.585191,-0.127751,0.572890,-0.810530,0.121813,-0.174830,0.024357,0.984297,0,-0.18913,0.62634,9.481,0.257,13.324,546.603,-1,536.568,15.777,484.528,478.122,398.702,385.722,-1,-1,-1,-1,755.676,814.304,17.029,22.504,1,0,2,0,1,0,0,0,0,2,2,2,2,0,0,1,1
108,-4950.528,2582.096,151.490,144.660,-0.803304,-0.581683,-0.127857,0.569620,-0.813069,0.120215,-0.173884,0.023739,0.984480,0,-0.18913,0.62634,9.123,0.241,9.017,543.701,-1,539.708,15.741,482.221,477.236,396.175,386.757,-1,-1,-1,-1,751.908,811.873,8.673,22.528,1,0,2,0,1,0,0,0,0,2,2,2,2,0,0,1,1
109,-4958.438,2585.962,150.277,144.891,-0.805725,-0.578238,-0.128250,0.566453,-0.815552,0.118347,-0.173027,0.022708,0.984655,0,-0.18913,0.62634,8.805,0.232,997.352,540.852,-1,543.215,15.560,480.078,476.586,393.403,387.928,-1,-1,-1,-1,748.086,810.106,967.808,22.666,0,0,2,0,1,0,0,0,0,2,2,2,2,0,0,0,1
110,-4965.926,2589.774,149.270,145.093,-0.807705,-0.575218,-0.129374,0.563602,-0.817715,0.117027,-0.173107,0.021608,0.984666,0,-0.18913,0.62634,8.403,0.202,13.267,537.136,-1,545.130,15.438,477.219,475.054,390.991,389.369,-1,-1,-1,-1,742.550,806.449,18.639,22.780,1,0,2,0,1,0,0,0,0,2,2,2,2,0,0,1,1
111,-4973.314,2593.665,148.352,145.299,-0.809664,-0.572263,-0.130229,0.560656,-0.819790,0.116658,-0.173519,0.021440,0.984597,0,0.31628,0.70325,8.350,0.206,975.871,533.545,-1,544.586,15.766,474.233,473.120,390.122,389.778,-1,-1,-1,-1,737.191,801.210,948.235,22.511,0,0,2,0,1,0,0,0,0,2,2,2,2,0,0,0,1
112,-4981.074,2597.680,147.331,145.567,-0.812280,-0.568642,-0.129798,0.556863,-0.822260,0.117437,-0.173508,0.023112,0.984561,0,0.31628,0.70325,8.737,0.268,973.156,531.022,-1,542.104,16.065,471.704,471.345,391.583,388.105,-1,-1,-1,-1,733.851,794.986,943.616,22.350,0,0,2,0,1,0,0,0,0,2,2,2,2,0,0,0,1
113,-4989.196,2601.761,146.108,145.873,-0.815274,-0.564608,-0.128632,0.552537,-0.824951,0.118987,-0.173296,0.025933,0.984528,0,0.31628,0.70325,9.089,0.306,973.888,528.802,-1,538.988,16.180,469.147,469.340,394.221,385.274,-1,-1,-1,-1,731.227,787.592,941.072,22.304,0,0,2,0,1,0,0,0,0,2,2,2,2,0,0,0,1
114,-4997.672,2605.938,144.642,146.204,-0.818548,-0.560234,-0.126952,0.547878,-0.827822,0.120588,-0.172651,0.029152,0.984552,0,0.31628,0.70325,9.450,0.331,976.725,526.830,-1,535.912,16.358,466.695,467.434,396.945,381.717,-1,-1,-1,-1,729.241,780.321,940.118,22.250,0,0,2,0,1,0,0,0,0,2,2,2,2,0,0,0,1
115,-5006.544,2610.145,142.938,146.573,-0.822245,-0.555338,-0.124551,0.542719,-0.830974,0.122224,-0.171375,0.032902,0.984656,0,0.31628,0.70325,9.819,0.369,983.088,525.418,-1,533.198,16.734,464.582,465.903,400.035,377.374,-1,-1,-1,-1,728.453,773.563,941.914,22.188,0,0,2,0,1,0,0,0,0,2,2,2,2,0,0,0,1
116,-5015.812,2614.262,141.039,146.987,-0.826448,-0.549785,-0.121323,0.536973,-0.834483,0.123687,-0.169243,0.037073,0.984877,0,0.31628,0.70325,10.141,0.413,994.101,524.901,-1,531.408,16.862,463.122,465.232,403.269,372.179,-1,-1,-1,-1,729.438,768.117,947.543,22.180,0,0,2,0,1,0,0,0,0,2,2,2,2,0,0,0,1
117,-5025.407,2618.205,139.065,147.434,-0.831071,-0.543605,-0.117533,0.530803,-0.838348,0.124181,-0.166039,0.040816,0.985274,0,0.31628,0.70325,10.374,0.447,-1,525.465,-1,531.478,16.771,462.678,464.253,405.660,367.501,-1,-1,-1,-1,732.446,765.587,957.197,22.185,2,0,2,0,1,0,0,0,0,2,2,2,2,0,0,0,1
118,-5035.300,2622.262,137.074,147.873,-0.835584,-0.537313,-0.114427,0.524717,-0.842282,0.123424,-0.162697,0.043089,0.985735,0,0.31628,0.70325,10.693,0.439,-1,525.502,-1,532.510,16.280,462.168,463.146,405.923,364.570,-1,-1,-1,-1,734.579,763.667,964.197,22.272,2,0,2,0,1,0,0,0,0,2,2,2,2,0,0,0,1
119,-5045.438,2626.441,135.154,148.277,-0.839615,-0.531375,-0.112638,0.519023,-0.845989,0.122141,-0.160193,0.044090,0.986100,0,0.31628,0.70325,10.965,0.404,-1,523.923,-1,532.955,16.244,460.642,461.320,404.561,363.147,-1,-1,-1,-1,733.759,760.846,964.872,22.284,2,0,2,0,1,0,0,0,0,2,2,2,2,0,0,0,1
120,-5055.815,2630.746,133.276,148.666,-0.843259,-0.525644,-0.112302,0.513403,-0.849533,0.121288,-0.159158,0.044621,0.986244,0,0.31628,0.70325,11.235,0.389,-1,520.097,-1,530.543,15.920,457.026,457.864,402.610,362.469,-1,-1,-1,-1,728.893,754.606,957.408,22.420,2,0,2,0,1,0,0,0,0,2,2,2,2,0,0,0,1
121,-5066.334,2635.290,131.376,149.028,-0.846410,-0.520384,-0.113097,0.508012,-0.852720,0.121621,-0.159730,0.045487,0.986112,0,0.31628,0.70325,11.459,0.362,1001.920,514.040,-1,523.851,16.018,451.570,452.448,401.193,361.737,-1,-1,-1,-1,720.197,743.836,942.497,22.371,0,0,2,0,1,0,0,0,0,2,2,2,2,0,0,0,1
122,-5077.067,2639.886,129.477,149.408,-0.849490,-0.515071,-0.114316,0.502225,-0.855810,0.123934,-0.161667,0.047869,0.985684,0,0.31628,0.70325,11.676,0.380,985.284,506.664,-1,514.472,16.260,444.643,445.236,401.963,359.390,-1,-1,-1,-1,709.249,728.246,924.023,22.278,0,0,2,0,1,0,0,0,0,2,2,2,2,0,0,0,1
123,-5088.133,2644.468,127.561,149.823,-0.852802,-0.509327,-0.115390,0.495888,-0.859059,0.126939,-0.163780,0.051033,0.985176,0,0.31628,0.70325,11.977,0.415,970.321,499.256,-1,504.470,16.275,437.538,437.677,403.887,356.384,-1,-1,-1,-1,698.367,711.602,906.149,22.274,0,0,2,0,1,0,0,0,0,2,2,2,2,0,0,0,1
124,-5099.575,2648.958,125.660,150.262,-0.856466,-0.503049,-0.115791,0.489270,-0.862603,0.128576,-0.164561,0.053468,0.984917,0,0.31628,0.70325,12.291,0.439,959.829,493.321,-1,496.718,16.282,431.825,431.726,404.879,354.521,-1,-1,-1,-1,690.124,698.935,893.018,22.272,0,0,2,0,1,0,0,0,0,2,2,2,2,0,0,0,1
125,-5111.395,2653.532,123.669,150.697,-0.860225,-0.496615,-0.115704,0.482788,-0.866241,0.128620,-0.164102,0.054782,0.984921,0,0.31628,0.70325,12.674,0.435,951.407,488.424,-1,491.019,15.927,427.193,427.145,404.362,353.907,-1,-1,-1,-1,683.733,689.974,883.003,22.416,0,0,2,0,1,0,0,0,0,2,2,2,2,0,0,0,1
126,-5123.480,2658.241,121.573,151.105,-0.863697,-0.490555,-0.115681,0.476687,-0.869612,0.128626,-0.163696,0.055951,0.984923,0,0.31628,0.70325,12.970,0.408,941.631,483.235,-1,485.138,16.008,422.325,422.350,403.643,353.263,-1,-1,-1,-1,676.828,680.792,872.030,22.376,0,0,2,0,1,0,0,0,0,2,2,2,2,0,0,0,1
127,-5135.859,2662.934,119.403,151.519,-0.867185,-0.484418,-0.115453,0.470476,-0.872948,0.128900,-0.163226,0.057462,0.984914,0,0.31628,0.70325,13.239,0.414,932.852,478.076,-1,479.073,15.970,417.403,417.346,403.295,352.255,-1,-1,-1,-1,670.057,671.255,861.552,22.394,0,0,2,0,1,0,0,0,0,2,2,2,2,0,0,0,1
128,-5148.535,2667.667,117.154,151.927,-0.870645,-0.478267,-0.115053,0.464360,-0.876262,0.128588,-0.162316,0.058529,0.985002,0,0.31628,0.70325,13.531,0.408,924.279,473.148,-1,473.636,15.640,412.752,412.388,402.521,352.265,-1,-1,-1,-1,663.727,662.818,851.754,22.602,0,0,2,0,1,0,0,0,0,2,2,2,2,0,0,0,1
129,-5161.373,2672.649,114.819,152.299,-0.873693,-0.472604,-0.115356,0.458716,-0.879295,0.128139,-0.161991,0.059039,0.985025,0,0.31628,0.70325,13.771,0.372,910.202,467.112,-1,467.507,15.444,407.289,406.744,401.367,352.635,-1,-1,-1,-1,655.384,653.239,837.911,22.774,0,0,2,0,1,0,0,0,0,2,2,2,2,0,0,0,1
130,-5174.346,2677.772,112.556,152.635,-0.876296,-0.467522,-0.116311,0.453559,-0.881980,0.128044,-0.162447,0.059451,0.984925,0,0.31628,0.70325,13.948,0.335,892.114,460.199,-1,460.235,15.306,401.119,400.419,400.451,353.106,-1,-1,-1,-1,645.347,642.198,820.810,22.924,0,0,2,0,1,0,0,0,0,2,2,2,2,0,0,0,1
131,-5187.607,2683.028,110.268,152.954,-0.878741,-0.462676,-0.117243,0.448629,-0.884502,0.128018,-0.162932,0.059896,0.984817,0,0.31628,0.70325,14.264,0.320,873.903,453.237,-1,452.623,15.237,394.883,394.015,399.727,353.546,-1,-1,-1,-1,635.202,631.046,803.603,23.007,0,0,2,0,1,0,0,0,0,2,2,2,2,0,0,0,1
132,-5201.175,2688.451,107.854,153.268,-0.881185,-0.457963,-0.117400,0.443810,-0.886872,0.128414,-0.162928,0.061053,0.984747,0,0.31628,0.70325,14.612,0.314,859.940,446.998,-1,445.117,15.337,389.047,387.820,399.910,353.187,-1,-1,-1,-1,626.357,620.185,789.324,22.889,0,0,2,0,1,0,0,0,0,2,2,2,2,0,0,0,1
133,-5215.083,2693.940,105.361,153.599,-0.883819,-0.453099,-0.116467,0.438743,-0.889186,0.129821,-0.162383,0.063639,0.984673,0,0.31628,0.70325,14.952,0.332,852.935,442.044,-1,437.537,15.388,383.750,381.835,401.938,351.855,-1,-1,-1,-1,619.472,609.244,779.515,22.832,0,0,2,0,1,0,0,0,0,2,2,2,2,0,0,0,1
134,-5229.419,2699.570,102.846,153.949,-0.886673,-0.447992,-0.114520,0.433432,-0.891515,0.131672,-0.161084,0.067113,0.984656,0,0.51585,0.48226,15.402,0.350,852.427,437.994,-1,430.453,15.277,379.207,376.411,405.290,349.842,-1,-1,-1,-1,614.732,599.221,774.220,22.959,0,0,2,0,1,0,0,0,0,2,2,2,2,0,0,0,1
135,-5244.296,2705.414,100.424,154.290,-0.889608,-0.442885,-0.111582,0.428323,-0.893815,0.132794,-0.158546,0.070341,0.984843,0,0.51585,0.48226,15.983,0.341,857.862,435.559,-1,425.126,15.068,376.007,372.369,408.881,348.325,-1,-1,-1,-1,612.701,592.291,773.953,23.249,0,0,2,0,1,0,0,0,0,2,2,2,2,0,0,0,1
136,-5259.595,2711.541,98.233,154.574,-0.892141,-0.438512,-0.108586,0.424108,-0.895784,0.133053,-0.155615,0.072650,0.985143,0,0.51585,0.48226,16.480,0.284,863.394,433.736,-1,421.078,14.892,373.474,369.187,411.889,348.196,-1,-1,-1,-1,611.300,587.512,774.686,23.559,0,0,2,0,1,0,0,0,0,2,2,2,2,0,0,0,1
137,-5275.315,2717.961,96.163,154.816,-0.894314,-0.434753,-0.105794,0.420532,-0.897457,0.133129,-0.152824,0.074569,0.985436,0,0.51585,0.48226,16.981,0.241,9.961,431.814,-1,417.260,14.888,370.925,366.056,414.905,348.921,-1,-1,-1,-1,609.569,583.001,9.294,23.564,1,0,2,0,1,0,0,0,0,2,2,2,2,0,0,1,1
138,-5291.517,2724.483,94.103,155.074,-0.896627,-0.430686,-0.102809,0.416698,-0.899260,0.133019,-0.149741,0.076428,0.985767,0,0.51585,0.48226,17.465,0.258,10.902,430.040,-1,413.719,14.907,368.588,363.119,418.424,350.472,-1,-1,-1,-1,608.324,578.956,10.180,23.528,1,0,2,0,1,0,0,0,0,2,2,2,2,0,0,1,1
139,-5308.180,2731.059,92.068,155.356,-0.899097,-0.426187,-0.099941,0.412467,-0.901261,0.132660,-0.146611,0.078052,0.986110,0,0.51585,0.48226,17.914,0.283,9.215,428.100,-1,410.142,14.910,366.204,360.185,422.233,352.592,-1,-1,-1,-1,606.908,575.035,8.605,23.524,1,0,2,0,1,0,0,0,0,2,2,2,2,0,0,1,1
140,-5325.263,2737.710,89.986,155.643,-0.901485,-0.421657,-0.097624,0.408122,-0.903247,0.132590,-0.144086,0.079685,0.986352,0,0.51585,0.48226,18.332,0.286,13.404,425.156,-1,405.630,14.843,363.042,356.466,426.037,354.740,-1,-1,-1,-1,603.820,569.509,21.966,23.658,1,0,2,0,1,0,0,0,0,2,2,2,2,0,0,1,1
141,-5342.675,2744.415,88.014,155.917,-0.903659,-0.417327,-0.096118,0.403912,-0.905142,0.132564,-0.142323,0.080970,0.986503,0,0.51585,0.48226,18.659,0.274,13.435,421.132,-1,400.452,14.776,359.139,352.126,429.684,357.255,-1,-1,-1,-1,598.919,562.752,28.107,23.804,1,0,2,0,1,0,0,0,0,2,2,2,2,0,0,1,1
142,-5360.435,2751.328,86.139,156.152,-0.905612,-0.413527,-0.094137,0.400336,-0.906796,0.132106,-0.139993,0.081950,0.986755,0,0.51585,0.48226,19.058,0.235,13.404,417.875,-1,396.261,14.845,355.883,348.538,433.283,360.822,-1,-1,-1,-1,595.389,557.791,31.943,23.653,1,0,2,0,1,0,0,0,0,2,2,2,2,0,0,1,1
143,-5378.663,2758.307,84.337,156.376,-0.907685,-0.409711,-0.090802,0.397016,-0.908485,0.130512,-0.135964,0.082414,0.987280,0,0.51585,0.48226,19.518,0.224,13.339,416.700,-1,394.469,15.819,354.356,346.860,435.533,365.239,-1,-1,-1,-1,595.363,557.040,29.507,22.477,1,0,2,0,1,0,0,0,0,2,2,2,2,0,0,1,1
144,-5397.292,2764.514,82.642,156.764,-0.910898,-0.403456,-0.086531,0.391085,-0.911016,0.130776,-0.131594,0.085283,0.987628,0,0.51585,0.48226,19.636,0.388,20.796,416.895,-1,392.066,19.277,353.440,345.117,440.883,368.110,-1,-1,-1,-1,597.653,555.050,22.080,22.757,1,0,2,0,1,0,0,0,0,2,2,2,2,0,0,1,1
145,-5414.978,2766.990,81.613,157.818,-0.917827,-0.387733,-0.085190,0.374215,-0.916661,0.140340,-0.132505,0.096929,0.986432,0,0.51585,0.48226,17.859,1.054,21.702,414.328,-1,380.161,18.086,348.739,337.303,457.266,364.828,-1,-1,-1,-1,594.679,535.428,22.343,22.343,1,0,2,0,1,0,0,0,0,2,2,2,2,0,0,1,1
146,-5432.341,2769.256,80.969,158.732,-0.923903,-0.373232,-0.084268,0.359623,-0.922248,0.141877,-0.130669,0.100776,0.986291,0,0.51585,0.48226,17.511,0.914,22.376,413.207,1003.347,375.539,17.701,346.620,334.103,463.221,370.503,-1,-1,-1,-1,593.846,528.771,25.250,22.254,1,0,0,0,1,0,0,0,0,2,2,2,2,0,0,1,1
147,-5449.782,2771.289,80.450,159.549,-0.929700,-0.359356,-0.080753,0.346702,-0.927850,0.137451,-0.124320,0.099791,0.987211,0,0.51585,0.48226,17.559,0.817,15.969,416.322,-1,378.503,17.128,348.875,336.409,461.929,381.388,-1,-1,-1,-1,600.860,535.657,27.836,22.182,1,0,2,0,1,0,0,0,0,2,2,2,2,0,0,1,1
148,-5467.564,2773.694,79.774,160.200,-0.934901,-0.347223,-0.073460,0.336578,-0.933074,0.126839,-0.112585,0.093857,0.989199,0,0.51585,0.48226,17.944,0.652,26.171,424.384,-1,390.020,17.827,356.143,344.900,453.533,397.974,-1,-1,-1,-1,617.424,558.649,27.785,22.281,1,0,2,0,1,0,0,0,0,2,2,2,2,0,0,1,1
149,-5485.345,2775.156,79.101,160.956,-0.940554,-0.333524,-0.064179,0.324665,-0.938375,0.118512,-0.099750,0.090630,0.990876,0,0.51585,0.48226,17.841,0.756,25.380,435.271,-1,402.308,18.769,365.107,354.400,449.059,413.315,-1,-1,-1,-1,639.698,583.756,26.592,22.559,1,0,2,0,1,0,0,0,0,2,2,2,2,0,0,1,1
150,-5502.367,2775.258,78.632,161.883,-0.946621,-0.317397,-0.056277,0.309714,-0.943950,0.114170,-0.089360,0.090646,0.991866,0,0.51585,0.48226,17.022,0.927,22.688,444.797,-1,410.690,18.683,372.335,361.306,448.613,425.585,-1,-1,-1,-1,659.829,601.844,23.720,22.529,1,0,2,0,1,0,0,0,0,2,2,2,2,0,0,1,1
151,-5518.748,2774.760,78.205,162.831,-0.952344,-0.300967,-0.049607,0.294231,-0.949292,0.110785,-0.080434,0.090910,0.992606,0,0.51585,0.48226,16.389,0.948,19.403,452.781,-1,417.388,18.665,378.132,366.868,448.079,436.953,-1,-1,-1,-1,677.381,617.313,20.278,22.522,1,0,2,0,1,0,0,0,0,2,2,2,2,0,0,1,1
152,-5534.843,2774.146,77.706,163.783,-0.957727,-0.284402,-0.043284,0.278554,-0.954389,0.107472,-0.071875,0.090872,0.993265,0,0.51585,0.48226,16.107,0.952,19.313,460.155,-1,423.801,18.035,383.437,372.122,446.801,446.559,-1,-1,-1,983.247,694.424,632.295,19.855,22.330,1,0,2,0,1,0,0,0,0,2,2,2,0,0,0,1,1
153,-5554.279,2774.116,77.016,164.777,-0.963113,-0.266809,-0.035019,0.262087,-0.959557,0.102760,-0.061020,0.089792,0.994090,0,0.51585,0.48226,19.436,0.994,18.835,469.724,-1,433.071,18.594,390.564,379.301,444.616,458.946,-1,-1,-1,920.851,716.878,654.120,19.649,22.498,1,0,2,0,1,0,0,0,0,2,2,2,0,0,0,1,1
154,-5567.062,2773.849,76.608,165.470,-0.966553,-0.254701,-0.030031,0.250506,-0.962695,0.102301,-0.054967,0.091356,0.994300,0,0.51585,0.48226,12.786,0.693,16.372,475.679,-1,436.748,18.780,394.460,382.471,446.531,464.163,-1,-1,-1,881.539,731.321,664.031,17.162,22.563,1,0,2,0,1,0,0,0,0,2,2,2,0,0,0,1,1
155,-5582.496,2773.088,76.244,166.364,-0.970640,-0.239220,-0.025114,0.235475,-0.966331,0.103708,-0.049078,0.094750,0.994291,0,0.51585,0.48226,15.452,0.894,10.274,481.743,-1,438.628,18.687,397.899,384.668,450.997,468.992,-1,-1,909.438,837.203,747.890,670.055,10.744,22.530,1,0,2,0,1,0,0,0,0,2,2,0,0,0,0,1,1
156,-5597.278,2771.905,76.086,167.211,-0.974269,-0.224439,-0.020663,0.221144,-0.969603,0.104712,-0.043537,0.097448,0.994288,0,0.51585,0.48226,14.830,0.848,-1,487.689,-1,440.977,18.669,401.324,387.195,454.728,471.282,-1,-1,870.173,806.682,765.030,676.704,-1,22.524,2,0,2,0,1,0,0,0,0,2,2,0,0,0,0,2,1
157,-5611.176,2770.076,76.099,168.049,-0.977615,-0.209744,-0.016645,0.206916,-0.972740,0.104699,-0.038152,0.098911,0.994365,0,0.51585,0.48226,14.018,0.838,-1,493.629,-1,444.243,18.572,404.768,390.222,457.103,471.350,-1,955.996,834.044,782.772,781.845,684.981,-1,22.490,2,0,2,0,1,0,0,0,0,2,0,0,0,0,0,2,1
158,-5624.720,2768.325,76.176,168.848,-0.980627,-0.195521,-0.011937,0.193322,-0.975823,0.101963,-0.031584,0.097680,0.994717,0,0.51585,0.48226,13.657,0.798,-1,500.632,-1,450.796,18.737,409.643,395.403,455.304,475.750,-1,878.262,798.114,771.791,801.024,700.664,-1,22.548,2,0,2,0,1,0,0,0,0,2,0,0,0,0,0,2,1
159,-5637.990,2766.484,76.333,169.593,-0.983250,-0.182135,-0.006838,0.180584,-0.978587,0.098781,-0.024683,0.095892,0.995086,0,0.51585,0.48226,13.397,0.745,-1,508.393,-1,458.490,18.674,415.153,401.206,452.943,481.274,-1,820.402,766.297,762.214,828.155,719.282,-1,22.525,2,0,2,0,1,0,0,0,0,2,0,0,0,0,0,2,1
160,-5650.884,2764.473,76.451,170.363,-0.985710,-0.168426,-0.002821,0.167367,-0.981137,0.096737,-0.019061,0.094883,0.995306,0,0.34710,1.00000,13.049,0.770,-1,514.504,-1,463.906,17.599,419.155,405.342,451.544,485.573,-1,785.253,743.378,754.267,851.563,733.175,-1,22.236,2,0,2,0,1,0,0,0,0,2,0,0,0,0,0,2,1
161,-5663.722,2763.138,76.465,170.988,-0.987557,-0.157262,0.000561,0.156630,-0.983256,0.093142,-0.014096,0.092071,0.995653,0,0.34710,1.00000,12.908,0.624,-1,518.415,-1,469.556,18.136,422.099,408.971,447.553,490.636,-1,754.184,728.561,753.892,870.194,747.821,-1,22.356,2,0,2,0,1,0,0,0,0,2,0,0,0,0,0,2,1
162,-5676.396,2761.573,76.498,171.655,-0.989359,-0.145462,0.003019,0.145119,-0.985112,0.092167,-0.010433,0.091624,0.995739,0,0.34710,1.00000,12.770,0.668,-1,521.446,-1,471.959,18.857,423.722,410.555,447.363,488.658,-1,745.217,725.044,753.547,894.369,754.465,-1,22.592,2,0,2,0,1,0,0,0,0,2,0,0,0,0,0,2,1
163,-5688.496,2759.573,76.658,172.363,-0.991097,-0.133070,0.004337,0.132896,-0.986779,0.092764,-0.008065,0.092514,0.995679,0,0.34710,1.00000,12.264,0.707,-1,523.336,-1,471.821,18.705,424.135,410.467,449.235,484.692,-1,747.747,728.526,756.173,923.105,754.881,-1,22.536,2,0,2,0,1,0,0,0,0,2,0,0,0,0,0,2,1
164,-5700.144,2757.544,76.975,173.042,-0.992619,-0.121160,0.005323,0.121132,-0.988330,0.092358,-0.005929,0.092321,0.995712,0,0.34710,1.00000,11.824,0.680,-1,524.805,-1,472.129,18.533,424.515,410.669,449.711,483.001,-1,751.620,733.809,763.074,948.384,756.677,-1,22.478,2,0,2,0,1,0,0,0,0,2,0,0,0,0,0,2,1
