timestep,x_cm,y_cm,z_cm,yaw_deg,basis_xx,basis_xy,basis_xz,basis_yx,basis_yy,basis_yz,basis_zx,basis_zy,basis_zz,teleport_flag,throttle_cmd,steering_cmd,cmd_move_cm,cmd_turn_deg,lidar_cm_0,lidar_cm_1,lidar_cm_2,lidar_cm_3,lidar_cm_4,lidar_cm_5,lidar_cm_6,lidar_cm_7,lidar_cm_8,lidar_cm_9,lidar_cm_10,lidar_cm_11,lidar_cm_12,lidar_cm_13,lidar_cm_14,lidar_cm_15,lidar_cm_16,lidar_class_0,lidar_class_1,lidar_class_2,lidar_class_3,lidar_class_4,lidar_class_5,lidar_class_6,lidar_class_7,lidar_class_8,lidar_class_9,lidar_class_10,lidar_class_11,lidar_class_12,lidar_class_13,lidar_class_14,lidar_class_15,lidar_class_16
0,-8203.569,2293.881,-33.949,-157.224,-0.922228,0.386401,0.013803,-0.386498,-0.920293,-0.060666,-0.010738,-0.061282,0.998063,1,0.08000,0.01208,4.800,0.024,500.000,375.000,625.000,375.000,-1,300.000,300.000,325.000,325.000,-1,-1,-1,-1,575.000,550.000,600.000,-1,1,0,1,1,2,0,0,0,0,2,2,2,2,1,1,1,2
1,-8212.419,2290.161,-34.028,-157.199,-0.922050,0.386813,0.014151,-0.386934,-0.920130,-0.060364,-0.010329,-0.061134,0.998076,0,0.16000,0.01272,9.600,0.025,500.000,375.000,625.000,375.000,-1,300.000,300.000,325.000,325.000,-1,-1,-1,-1,550.000,550.000,575.000,-1,1,0,1,1,2,0,0,0,0,2,2,2,2,1,1,1,2
2,-8225.691,2284.574,-34.142,-157.171,-0.921850,0.387269,0.014678,-0.387426,-0.919952,-0.059907,-0.009697,-0.060912,0.998096,0,0.24000,0.01404,14.400,0.028,500.000,375.000,600.000,375.000,-1,300.000,300.000,325.000,325.000,-1,-1,-1,-1,550.000,550.000,575.000,-1,1,0,1,1,2,0,0,0,0,2,2,2,2,1,1,1,2
3,-8243.382,2277.115,-34.286,-157.138,-0.921619,0.387791,0.015389,-0.387996,-0.919752,-0.059290,-0.008838,-0.060613,0.998122,0,0.32000,0.01604,19.200,0.032,475.000,375.000,600.000,350.000,-1,300.000,300.000,325.000,325.000,-1,-1,-1,-1,525.000,525.000,575.000,-1,1,0,1,1,2,0,0,0,0,2,2,2,2,1,1,1,2
4,-8265.491,2267.777,-34.455,-157.101,-0.921346,0.388401,0.016294,-0.388666,-0.919519,-0.058505,-0.007741,-0.060236,0.998154,0,0.40000,0.01873,24.000,0.037,475.000,375.000,575.000,350.000,-1,300.000,300.000,325.000,325.000,-1,-1,-1,-1,500.000,500.000,550.000,-1,1,0,1,1,2,0,0,0,0,2,2,2,2,1,1,1,2
5,-8292.013,2256.551,-34.640,-157.057,-0.921024,0.389117,0.017400,-0.389453,-0.919247,-0.057546,-0.006397,-0.059778,0.998191,0,0.48000,0.02197,28.800,0.044,450.000,375.000,550.000,350.000,-1,300.000,300.000,325.000,325.000,-1,-1,-1,-1,475.000,500.000,525.000,925.000,1,0,1,1,2,0,1,0,0,2,2,2,2,1,1,1,1
6,-8322.945,2243.429,-34.830,-157.010,-0.920674,0.389884,0.018720,-0.390304,-0.918957,-0.056402,-0.004788,-0.059234,0.998233,0,0.56000,0.02351,33.600,0.047,425.000,375.000,500.000,325.000,-1,300.000,300.000,325.000,325.000,-1,-1,500.000,-1,450.000,450.000,500.000,850.000,1,0,1,1,2,0,1,0,0,2,2,0,2,1,1,1,1
7,-8358.282,2228.400,-35.015,-156.960,-0.920292,0.390707,0.020266,-0.391221,-0.918648,-0.055061,-0.002895,-0.058601,0.998277,0,0.64000,0.02520,38.400,0.050,400.000,350.000,475.000,325.000,-1,300.000,275.000,325.000,325.000,-1,500.000,450.000,-1,425.000,425.000,475.000,775.000,1,1,1,1,2,1,1,0,0,2,0,0,2,1,1,1,1
8,-8398.020,2211.456,-35.180,-156.906,-0.919876,0.391588,0.022054,-0.392208,-0.918319,-0.053514,-0.000703,-0.057876,0.998324,0,0.72000,0.02697,43.200,0.054,375.000,325.000,425.000,300.000,-1,275.000,250.000,325.000,325.000,-1,450.000,425.000,-1,375.000,400.000,450.000,700.000,1,1,1,1,2,1,1,0,0,2,0,0,2,1,1,1,1
9,-8442.155,2192.585,-35.257,-156.848,-0.919429,0.392524,0.023966,-0.393252,-0.917958,-0.052015,0.001582,-0.057248,0.998359,0,0.80000,0.02876,48.000,0.058,350.000,275.000,400.000,275.000,-1,250.000,225.000,325.000,325.000,-1,425.000,400.000,-1,350.000,350.000,400.000,600.000,1,1,1,1,2,1,1,0,0,2,0,0,2,1,1,1,1
10,-8490.768,2171.980,-34.909,-157.031,-0.920578,0.389585,0.027546,-0.390521,-0.919171,-0.051164,0.005387,-0.057858,0.998310,0,0.88000,-0.09124,52.800,-0.182,325.000,250.000,350.000,250.000,-1,225.000,200.000,325.000,325.000,-1,375.000,350.000,-1,300.000,325.000,350.000,550.000,1,1,1,1,2,1,1,1,0,2,0,0,2,1,1,1,1
11,-8543.410,2149.915,-33.590,-157.260,-0.921916,0.385814,0.034901,-0.387204,-0.920516,-0.052183,0.011994,-0.061622,0.998027,0,0.95131,-0.11472,57.079,-0.229,300.000,200.000,300.000,225.000,-1,175.000,175.000,325.000,350.000,-1,300.000,325.000,-1,250.000,275.000,300.000,475.000,1,1,1,1,2,1,1,1,0,2,0,0,2,1,1,1,1
12,-8596.544,2127.887,-31.392,-157.486,-0.923037,0.382019,0.045443,-0.384146,-0.921632,-0.055014,0.020865,-0.068236,0.997451,0,0.95865,-0.11289,57.519,-0.226,250.000,175.000,250.000,200.000,-1,150.000,150.000,300.000,375.000,-1,250.000,275.000,-1,200.000,250.000,250.000,425.000,1,1,1,1,2,1,1,1,0,2,0,0,2,1,1,1,1
13,-8650.171,2105.895,-28.028,-157.708,-0.923901,0.378219,0.057945,-0.381364,-0.922539,-0.059029,0.031131,-0.076635,0.996573,0,0.96601,-0.11083,57.961,-0.222,200.000,125.000,200.000,175.000,-1,125.000,150.000,275.000,400.000,-1,225.000,250.000,-1,150.000,225.000,175.000,400.000,1,1,1,1,2,1,1,1,0,2,0,0,2,1,1,1,1
14,-8704.307,2083.966,-14.505,-157.925,-0.922754,0.375355,0.087368,-0.378234,-0.925525,-0.018497,0.073919,-0.050114,0.996004,0,0.97338,-0.10850,58.403,-0.217,175.000,125.000,200.000,175.000,-1,125.000,150.000,300.000,400.000,-1,150.000,125.000,-1,150.000,225.000,175.000,425.000,1,1,1,1,2,1,1,1,0,2,0,0,2,1,1,1,1
15,-7543.220,-4919.528,132.754,-80.315,0.173842,0.984605,0.018228,-0.970086,0.168035,0.175208,0.169448,-0.048141,0.984363,1,0.00000,0.00000,58.845,-0.212,-1,550.000,-1,725.000,-1,450.000,475.000,150.000,275.000,-1,-1,-1,375.000,-1,-1,-1,-1,2,0,2,0,2,0,0,1,0,2,2,2,1,2,2,2,2
16,7543.235,-4919.491,-196.727,-83.308,0.115212,0.992241,0.046739,-0.992911,0.116419,-0.023961,-0.029216,-0.043647,0.998620,1,0.00000,0.00000,-4.800,0.240,-1,375.000,-1,400.000,-1,325.000,325.000,325.000,300.000,850.000,-1,-1,-1,650.000,700.000,-1,-1,2,0,2,0,2,0,0,0,0,1,2,2,2,0,0,2,2
17,7543.775,-4924.260,-196.867,-83.548,0.111066,0.992721,0.046573,-0.993391,0.112262,-0.023889,-0.028944,-0.043612,0.998629,0,0.08000,-0.12000,4.800,-0.240,-1,375.000,-1,400.000,-1,325.000,325.000,325.000,300.000,850.000,-1,-1,-1,650.000,700.000,-1,-1,2,0,2,0,2,0,0,0,0,1,2,2,2,0,0,2,2
18,7544.787,-4933.807,-197.145,-83.946,0.104182,0.993483,0.046243,-0.994151,0.105358,-0.023753,-0.028470,-0.043498,0.998648,0,0.16000,-0.19918,9.600,-0.398,-1,375.000,-1,400.000,-1,325.000,325.000,325.000,300.000,875.000,-1,-1,-1,650.000,700.000,-1,-1,2,0,2,0,2,0,0,0,0,1,2,2,2,0,0,2,2
19,7546.205,-4948.137,-197.554,-84.347,0.097255,0.994207,0.045751,-0.994868,0.098404,-0.023564,-0.027929,-0.043225,0.998675,0,0.24000,-0.20049,14.400,-0.401,-1,375.000,-1,400.000,-1,325.000,325.000,325.000,300.000,875.000,-1,-1,-1,650.000,700.000,-1,-1,2,0,2,0,2,0,0,0,0,1,2,2,2,0,0,2,2
20,7547.961,-4967.257,-198.091,-84.752,0.090261,0.994897,0.045099,-0.995543,0.091377,-0.023322,-0.027324,-0.042793,0.998710,0,0.32000,-0.20247,19.200,-0.405,-1,375.000,-1,400.000,-1,325.000,325.000,325.000,300.000,900.000,-1,-1,-1,650.000,700.000,-1,-1,2,0,2,0,2,0,0,0,0,1,2,2,2,0,0,2,2
21,7549.984,-4991.171,-198.751,-85.163,0.083176,0.995550,0.044287,-0.996178,0.084253,-0.023027,-0.026656,-0.042203,0.998753,0,0.40000,-0.20512,24.000,-0.410,-1,375.000,-1,400.000,-1,325.000,325.000,300.000,300.000,925.000,-1,-1,-1,625.000,700.000,-1,-1,2,0,2,0,2,0,0,0,0,1,2,2,2,0,0,2,2
22,7552.204,-5019.886,-199.531,-85.580,0.075976,0.996168,0.043318,-0.996772,0.077008,-0.022679,-0.025928,-0.041455,0.998804,0,0.48000,-0.20848,28.800,-0.417,-1,375.000,-1,400.000,-1,325.000,325.000,300.000,300.000,975.000,-1,-1,-1,625.000,700.000,-1,-1,2,0,2,0,2,0,0,0,0,1,2,2,2,0,0,2,2
23,7554.544,-5053.404,-200.427,-86.005,0.068636,0.996749,0.042193,-0.997325,0.069618,-0.022277,-0.025142,-0.040551,0.998861,0,0.56000,-0.21254,33.600,-0.425,-1,375.000,-1,375.000,-1,300.000,325.000,300.000,300.000,1000.000,-1,-1,-1,625.000,675.000,-1,-1,2,0,2,0,2,0,0,0,0,1,2,2,2,0,0,2,2
24,7556.928,-5091.730,-201.434,-86.439,0.061129,0.997291,0.040915,-0.997834,0.062058,-0.021824,-0.024304,-0.039492,0.998924,0,0.64000,-0.21732,38.400,-0.435,-1,375.000,-1,375.000,-1,300.000,325.000,300.000,300.000,-1,-1,-1,-1,625.000,675.000,-1,-1,2,0,2,0,2,0,0,0,0,2,2,2,2,0,0,2,2
25,7559.264,-5134.666,-202.544,-86.885,0.053430,0.997790,0.039493,-0.998297,0.054301,-0.021320,-0.023418,-0.038286,0.998992,0,0.71666,-0.22283,43.000,-0.446,-1,350.000,-1,375.000,-1,300.000,300.000,300.000,300.000,-1,-1,-1,-1,625.000,675.000,-1,-1,2,0,2,0,2,0,0,0,0,2,2,2,2,0,0,2,2
26,7561.268,-5177.854,-203.644,-87.343,0.045508,0.998238,0.038078,-0.998710,0.046323,-0.020817,-0.022544,-0.037081,0.999058,0,0.72056,-0.22907,43.234,-0.458,-1,350.000,-1,375.000,-1,300.000,300.000,300.000,300.000,-1,-1,-1,-1,625.000,675.000,-1,-1,2,0,2,0,2,0,0,0,0,2,2,2,2,0,0,2,2
27,7562.925,-5221.301,-204.735,-87.814,0.037359,0.998629,0.036672,-0.999067,0.038121,-0.020317,-0.021687,-0.035879,0.999121,0,0.72465,-0.23540,43.479,-0.471,-1,350.000,-1,375.000,-1,300.000,300.000,300.000,300.000,-1,-1,-1,-1,625.000,650.000,-1,-1,2,0,2,0,2,0,0,0,0,2,2,2,2,0,0,2,2
28,7564.224,-5265.017,-205.457,-88.298,0.028998,0.998936,0.035854,-0.999379,0.029691,-0.018961,-0.020005,-0.035282,0.999177,0,0.72892,-0.24182,43.735,-0.484,-1,350.000,-1,375.000,-1,300.000,300.000,300.000,300.000,-1,-1,-1,-1,625.000,650.000,-1,-1,2,0,2,0,2,0,0,0,0,2,2,2,2,0,0,2,2
29,7565.164,-5313.543,-205.584,-88.890,0.018797,0.999228,0.034495,-0.999683,0.019361,-0.016073,-0.016729,-0.034182,0.999276,0,0.80892,-0.29624,48.535,-0.592,-1,350.000,-1,375.000,-1,300.000,300.000,300.000,300.000,-1,950.000,-1,-1,625.000,650.000,-1,-1,2,0,2,0,2,0,0,0,0,2,1,2,2,0,0,2,2
30,7565.628,-5364.341,-205.690,-89.476,0.008709,0.999413,0.033134,-0.999873,0.009147,-0.013073,-0.013368,-0.033016,0.999365,0,0.84666,-0.29283,50.800,-0.586,-1,350.000,-1,375.000,-1,300.000,300.000,300.000,300.000,-1,875.000,725.000,-1,650.000,650.000,-1,-1,2,0,2,0,2,0,0,0,0,2,1,0,2,1,0,2,2
31,7565.579,-5415.454,-205.770,-90.054,-0.001256,0.999493,0.031820,-0.999949,-0.000936,-0.010074,-0.010039,-0.031831,0.999443,0,0.85188,-0.28899,51.113,-0.578,-1,350.000,-1,375.000,-1,300.000,300.000,300.000,325.000,-1,850.000,625.000,-1,675.000,650.000,-1,-1,2,0,2,0,2,0,0,0,0,2,1,0,2,1,0,2,2
32,7565.019,-5466.867,-205.829,-90.623,-0.011084,0.999472,0.030553,-0.999916,-0.010873,-0.007071,-0.006735,-0.030629,0.999508,0,0.85693,-0.28483,51.416,-0.570,-1,375.000,-1,375.000,-1,300.000,300.000,300.000,325.000,-1,750.000,575.000,-1,725.000,650.000,-1,-1,2,0,2,0,2,0,0,0,0,2,0,0,2,1,0,2,2
33,7563.950,-5518.562,-205.867,-91.184,-0.020763,0.999354,0.029335,-0.999778,-0.020653,-0.004060,-0.003452,-0.029413,0.999561,0,0.86178,-0.28031,51.707,-0.561,-1,375.000,-1,375.000,-1,300.000,300.000,300.000,325.000,-1,675.000,500.000,-1,775.000,650.000,-1,-1,2,0,2,0,2,0,0,0,0,2,0,0,2,1,0,2,2
34,7562.376,-5570.522,-205.886,-91.735,-0.030278,0.999145,0.028164,-0.999541,-0.030261,-0.001039,-0.000186,-0.028182,0.999603,0,0.86639,-0.27543,51.983,-0.551,-1,375.000,-1,375.000,-1,300.000,300.000,300.000,325.000,-1,625.000,475.000,-1,825.000,625.000,-1,-1,2,1,2,0,2,0,0,0,0,2,0,0,2,1,0,2,2
35,7560.301,-5622.725,-205.889,-92.275,-0.039614,0.998849,0.027041,-0.999210,-0.039683,0.001998,0.003068,-0.026941,0.999632,0,0.87073,-0.27015,52.244,-0.540,-1,375.000,-1,375.000,-1,300.000,300.000,300.000,325.000,-1,575.000,450.000,-1,875.000,625.000,-1,-1,2,1,2,0,2,0,0,0,0,2,0,0,2,1,0,2,2
36,7557.733,-5675.148,-205.879,-92.804,-0.048756,0.998473,0.025966,-0.998791,-0.048903,0.005053,0.006315,-0.025689,0.999650,0,0.87477,-0.26446,52.486,-0.529,-1,375.000,-1,375.000,-1,300.000,300.000,300.000,325.000,-1,525.000,400.000,-1,925.000,625.000,-1,-1,2,1,2,0,2,1,0,0,0,2,0,0,2,1,0,2,2
37,7554.679,-5727.767,-205.856,-93.321,-0.057688,0.998023,0.024940,-0.998289,-0.057906,0.008130,0.009558,-0.024429,0.999656,0,0.87845,-0.25832,52.707,-0.517,-1,375.000,-1,375.000,-1,300.000,300.000,300.000,325.000,-1,475.000,375.000,-1,-1,625.000,-1,-1,2,1,2,0,2,1,0,0,0,2,0,0,2,2,0,2,2
38,7551.150,-5780.553,-205.824,-93.824,-0.066392,0.997506,0.023963,-0.997711,-0.066676,0.011233,0.012802,-0.023163,0.999650,0,0.88173,-0.25173,52.904,-0.503,-1,375.000,-1,350.000,-1,300.000,300.000,300.000,300.000,-1,425.000,350.000,-1,-1,600.000,-1,-1,2,1,2,0,2,1,0,0,0,2,0,0,2,2,0,2,2
39,7547.158,-5833.476,-205.785,-94.313,-0.074851,0.996929,0.023035,-0.997065,-0.075194,0.014364,0.016052,-0.021892,0.999631,0,0.88456,-0.24465,53.074,-0.489,-1,375.000,-1,350.000,-1,300.000,300.000,300.000,300.000,-1,400.000,325.000,-1,-1,600.000,-1,-1,2,1,2,0,2,1,0,0,0,2,0,0,2,2,0,2,2
40,7542.716,-5886.503,-205.660,-94.787,-0.083061,0.996306,0.021803,-0.996364,-0.083443,0.017219,0.018975,-0.020293,0.999614,0,0.88688,-0.23705,53.213,-0.474,-1,375.000,-1,350.000,-1,300.000,300.000,300.000,300.000,-1,375.000,325.000,-1,-1,600.000,-1,975.000,2,1,2,0,2,1,0,0,0,2,0,0,2,2,0,2,0
41,7537.842,-5939.597,-205.179,-95.245,-0.091000,0.995597,0.022468,-0.995661,-0.091400,0.017464,0.019441,-0.020782,0.999595,0,0.88861,-0.22891,53.317,-0.458,-1,375.000,-1,350.000,-1,275.000,275.000,300.000,300.000,-1,400.000,350.000,-1,-1,575.000,-1,925.000,2,1,2,0,2,1,0,0,0,2,0,0,2,2,0,2,0
42,7532.310,-5997.450,-203.455,-95.463,-0.094656,0.995140,0.027144,-0.995288,-0.095175,0.018512,0.021005,-0.025264,0.999460,0,0.96861,-0.10891,58.117,-0.218,-1,375.000,-1,350.000,-1,275.000,275.000,300.000,300.000,-1,425.000,400.000,-1,-1,575.000,-1,925.000,2,1,2,0,2,1,0,0,0,2,0,0,2,2,0,2,0
43,7526.658,-6056.803,-201.613,-95.441,-0.094120,0.995053,0.031806,-0.995301,-0.094778,0.019843,0.022760,-0.029789,0.999297,0,0.99368,0.01109,59.621,0.022,-1,375.000,-1,325.000,-1,275.000,275.000,300.000,325.000,-1,450.000,450.000,-1,-1,575.000,-1,925.000,2,1,2,0,2,1,0,0,0,2,0,0,2,2,0,2,0
44,7521.276,-6116.205,-199.732,-95.179,-0.089396,0.995330,0.036415,-0.995693,-0.090211,0.021389,0.024574,-0.034346,0.999108,0,0.99410,0.13109,59.646,0.262,-1,375.000,-1,325.000,-1,275.000,275.000,275.000,325.000,-1,475.000,500.000,-1,-1,575.000,-1,925.000,2,1,2,0,2,1,0,0,0,2,0,0,2,2,0,2,0
45,7516.414,-6175.652,-197.851,-94.677,-0.080477,0.995910,0.041068,-0.996408,-0.081470,0.023090,0.026341,-0.039063,0.998890,0,0.99409,0.25109,59.645,0.502,-1,375.000,-1,325.000,-1,275.000,275.000,300.000,350.000,-1,500.000,525.000,-1,-1,575.000,-1,900.000,2,1,2,0,2,1,0,1,0,2,0,0,2,2,0,2,0
46,7512.326,-6235.132,-196.012,-93.934,-0.067359,0.996674,0.045875,-0.997338,-0.068548,0.024877,0.027939,-0.044077,0.998637,0,0.99366,0.37109,59.620,0.742,-1,375.000,-1,325.000,-1,250.000,275.000,300.000,350.000,-1,525.000,575.000,-1,-1,550.000,-1,900.000,2,1,2,0,2,1,0,1,0,2,0,0,2,2,0,2,0
47,7509.260,-6294.624,-194.261,-92.952,-0.050034,0.997447,0.050960,-0.998319,-0.051441,0.026684,0.029237,-0.049539,0.998344,0,0.99286,0.49109,59.571,0.982,-1,450.000,-1,325.000,-1,250.000,275.000,325.000,350.000,-1,550.000,600.000,-1,-1,550.000,-1,875.000,2,1,2,0,2,1,0,1,0,2,0,0,2,2,0,2,0
48,7507.467,-6354.098,-192.647,-91.730,-0.028502,0.997998,0.056466,-0.999141,-0.030145,0.028450,0.030095,-0.055606,0.997999,0,0.99168,0.61109,59.501,1.222,-1,-1,-1,325.000,-1,250.000,250.000,325.000,350.000,-1,575.000,625.000,-1,-1,550.000,-1,875.000,2,2,2,0,2,1,0,1,0,2,0,0,2,2,0,2,0
49,7507.194,-6413.507,-191.219,-90.268,-0.002774,0.998038,0.062551,-0.999535,-0.004667,0.030135,0.030368,-0.062439,0.997587,0,0.99017,0.73109,59.410,1.462,-1,-1,-1,300.000,-1,275.000,250.000,350.000,350.000,-1,600.000,675.000,-1,-1,525.000,-1,825.000,2,2,2,0,2,1,0,1,0,2,0,0,2,2,0,2,0
50,7508.684,-6472.787,-190.026,-88.566,0.027122,0.997221,0.069390,-0.999185,0.024968,0.031731,0.029910,-0.070194,0.997085,0,0.98833,0.85109,59.300,1.702,-1,-1,-1,300.000,-1,275.000,250.000,350.000,350.000,-1,625.000,725.000,-1,-1,525.000,-1,800.000,2,2,2,0,2,1,0,1,0,2,0,0,2,2,0,2,0
51,7512.177,-6531.854,-189.118,-86.624,0.061133,0.995142,0.077166,-0.997720,0.058711,0.033270,0.028578,-0.079024,0.996463,0,0.98618,0.97109,59.171,1.942,-1,-1,-1,300.000,-1,325.000,225.000,350.000,350.000,-1,675.000,775.000,-1,-1,500.000,-1,750.000,2,2,2,0,2,1,0,1,0,2,0,0,2,2,0,2,0
52,7517.724,-6590.617,-187.375,-84.624,0.095966,0.991167,0.091532,-0.995087,0.093281,0.033177,0.024345,-0.094266,0.995249,0,0.98375,1.00000,59.025,2.000,-1,-1,-1,275.000,-1,375.000,225.000,350.000,375.000,925.000,775.000,900.000,-1,-1,475.000,-1,-1,2,2,2,0,2,1,0,1,0,0,0,0,2,2,0,2,2
53,7525.323,-6648.950,-189.384,-82.624,0.129457,0.983839,0.123701,-0.991548,0.127367,0.024691,0.008536,-0.125852,0.992012,0,0.98048,1.00000,58.829,2.000,-1,-1,-1,250.000,-1,425.000,200.000,300.000,400.000,725.000,-1,-1,-1,-1,425.000,-1,575.000,2,2,2,0,2,1,0,1,0,0,2,2,2,2,0,2,0
54,7534.931,-6706.720,-192.129,-80.624,0.161400,0.973938,0.159356,-0.986844,0.160823,0.016602,-0.009459,-0.159939,0.987082,0,0.97612,1.00000,58.567,2.000,-1,-1,-1,225.000,-1,525.000,175.000,250.000,450.000,525.000,0.000,-1,-1,-1,375.000,-1,425.000,2,2,2,0,2,1,1,1,0,0,1,2,2,2,0,2,0
55,7546.510,-6763.788,-195.686,-78.624,0.191354,0.961187,0.198755,-0.981077,0.193398,0.009267,-0.029532,-0.196767,0.980005,0,0.97059,1.00000,58.235,2.000,-1,-1,-1,175.000,-1,850.000,200.000,200.000,525.000,325.000,0.000,-1,-1,-1,300.000,-1,300.000,2,2,2,0,2,1,1,1,0,0,1,2,2,2,0,2,0
56,-7362.969,1341.747,-130.827,-65.330,0.421409,0.906600,-0.022171,-0.901884,0.416406,-0.114935,-0.094968,0.068430,0.993126,1,0.00000,0.00000,57.830,2.000,-1,325.000,-1,575.000,-1,300.000,350.000,350.000,325.000,-1,-1,-1,-1,525.000,900.000,-1,-1,2,1,2,1,2,1,1,0,1,2,2,2,2,0,1,2,2
57,-7360.983,1337.377,-131.544,-65.570,0.417750,0.908261,-0.023399,-0.903502,0.412571,-0.116059,-0.095758,0.069624,0.992967,0,0.08000,-0.12000,4.800,-0.240,-1,325.000,-1,575.000,-1,300.000,350.000,350.000,325.000,-1,-1,-1,-1,525.000,900.000,-1,-1,2,1,2,1,2,1,1,0,1,2,2,2,2,0,1,2,2
58,-7357.013,1328.636,-132.989,-65.581,0.417888,0.908133,-0.025783,-0.903317,0.412311,-0.118398,-0.096890,0.072767,0.992631,0,0.16000,-0.00529,9.600,-0.011,-1,325.000,-1,575.000,-1,275.000,350.000,350.000,325.000,-1,-1,-1,-1,525.000,875.000,-1,-1,2,1,2,1,2,1,1,0,1,2,2,2,2,0,1,2,2
59,-7351.062,1315.523,-135.128,-65.602,0.418014,0.907967,-0.029310,-0.903081,0.411833,-0.121814,-0.098532,0.077390,0.992120,0,0.24000,-0.01055,14.400,-0.021,-1,325.000,-1,550.000,-1,275.000,350.000,350.000,300.000,-1,-1,-1,-1,525.000,850.000,-1,-1,2,1,2,1,2,1,1,0,1,2,2,2,2,0,1,2,2
60,-7343.138,1298.033,-137.924,-65.639,0.418039,0.907795,-0.033925,-0.902839,0.411041,-0.126200,-0.100619,0.083386,0.991425,0,0.32000,-0.01869,19.200,-0.037,-1,300.000,-1,525.000,-1,275.000,325.000,350.000,300.000,-1,-1,-1,-1,500.000,825.000,-1,-1,2,1,2,1,2,1,1,0,1,2,2,2,2,0,1,2,2
61,-7333.256,1276.161,-141.333,-65.700,0.417859,0.907650,-0.039557,-0.902647,0.409829,-0.131415,-0.103067,0.090619,0.990538,0,0.40000,-0.03004,24.000,-0.060,-1,300.000,-1,525.000,-1,275.000,325.000,375.000,275.000,-1,-1,-1,-1,500.000,800.000,-1,-1,2,1,2,1,2,1,1,0,1,2,2,2,2,0,1,2,2
62,-7321.439,1249.896,-145.298,-65.790,0.417356,0.907572,-0.046123,-0.902566,0.408077,-0.137286,-0.105775,0.098927,0.989457,0,0.48000,-0.04503,28.800,-0.090,-1,300.000,-1,500.000,-1,275.000,325.000,375.000,275.000,-1,-1,-1,925.000,475.000,750.000,-1,975.000,2,1,2,1,2,1,1,0,1,2,2,2,0,0,1,2,1
63,-7307.721,1219.224,-149.800,-65.918,0.416363,0.907627,-0.053434,-0.902701,0.405660,-0.143425,-0.108501,0.107952,0.988218,0,0.56000,-0.06417,33.600,-0.128,-1,275.000,975.000,475.000,-1,250.000,300.000,400.000,250.000,-1,-1,-1,800.000,450.000,725.000,-1,925.000,2,1,0,1,2,1,1,0,1,2,2,2,0,0,1,2,1
64,-7292.150,1184.121,-154.750,-66.094,0.414723,0.907871,-0.061436,-0.903129,0.402427,-0.149698,-0.111184,0.117568,0.986821,0,0.64000,-0.08802,38.400,-0.176,-1,275.000,900.000,450.000,975.000,250.000,300.000,400.000,275.000,-1,-1,-1,725.000,450.000,675.000,-1,850.000,2,1,0,1,1,1,1,0,1,2,2,2,1,0,1,2,1
65,-7274.919,1144.505,-159.893,-66.510,0.409451,0.909537,-0.071363,-0.905239,0.395289,-0.155850,-0.113543,0.128413,0.985200,0,0.72000,-0.20802,43.200,-0.416,-1,250.000,800.000,425.000,900.000,225.000,275.000,425.000,275.000,-1,-1,-1,725.000,425.000,625.000,-1,800.000,2,1,0,1,1,1,1,0,1,2,2,2,1,0,1,2,1
66,-7256.277,1100.272,-165.267,-67.166,0.400512,0.912534,-0.082895,-0.908938,0.384230,-0.161860,-0.115852,0.140174,0.983326,0,0.80000,-0.32802,48.000,-0.656,-1,250.000,725.000,425.000,825.000,225.000,275.000,450.000,300.000,-1,-1,-1,725.000,400.000,600.000,-1,725.000,2,1,0,1,1,1,1,0,1,2,2,2,1,0,1,2,1
67,-6887.288,9511.019,34.797,10.014,0.984624,-0.173871,-0.016879,0.173617,0.984691,-0.015484,0.019313,0.012316,0.999738,1,0.00000,0.00000,52.800,-0.810,-1,400.000,-1,400.000,-1,325.000,325.000,325.000,325.000,-1,-1,-1,-1,-1,-1,-1,-1,2,0,2,0,2,0,0,0,0,2,2,2,2,2,2,2,2
68,-6882.558,9511.833,34.883,9.774,0.985347,-0.169745,-0.016678,0.169496,0.985411,-0.015340,0.019038,0.012289,0.999743,0,0.08000,-0.12000,4.800,-0.240,-1,400.000,-1,400.000,-1,325.000,325.000,325.000,325.000,-1,-1,-1,-1,-1,-1,-1,-1,2,0,2,0,2,0,0,0,0,2,2,2,2,2,2,2,2
69,-6873.084,9513.384,35.056,9.297,0.986733,-0.161532,-0.016270,0.161293,0.986792,-0.015067,0.018489,0.012243,0.999754,0,0.16000,-0.23861,9.600,-0.477,-1,400.000,-1,400.000,-1,325.000,300.000,325.000,325.000,-1,-1,-1,-1,-1,-1,-1,-1,2,0,2,0,2,0,0,0,0,2,2,2,2,2,2,2,2
70,-6858.854,9515.593,35.322,8.825,0.988038,-0.153414,-0.015658,0.153189,0.988088,-0.014679,0.017723,0.012105,0.999770,0,0.24000,-0.23553,14.400,-0.471,-1,400.000,-1,400.000,-1,325.000,300.000,325.000,325.000,-1,-1,-1,-1,-1,-1,-1,-1,2,0,2,0,2,0,0,0,0,2,2,2,2,2,2,2,2
71,-6839.858,9518.386,35.681,8.363,0.989257,-0.145429,-0.014839,0.145222,0.989297,-0.014191,0.016744,0.011883,0.999789,0,0.32000,-0.23137,19.200,-0.463,-1,400.000,-1,400.000,-1,325.000,300.000,325.000,325.000,-1,-1,-1,-1,-1,-1,-1,-1,2,0,2,0,2,0,0,0,0,2,2,2,2,2,2,2,2
72,-6816.087,9521.689,36.130,7.911,0.990389,-0.137619,-0.013809,0.137433,0.990417,-0.013616,0.015550,0.011587,0.999812,0,0.40000,-0.22605,24.000,-0.452,-1,425.000,-1,425.000,-1,325.000,325.000,325.000,325.000,-1,-1,-1,-1,-1,-1,-1,-1,2,0,2,0,2,0,0,0,0,2,2,2,2,2,2,2,2
73,-6787.531,9525.434,36.670,7.472,0.991431,-0.130027,-0.012566,0.129865,0.991447,-0.012966,0.014145,0.011223,0.999837,0,0.48000,-0.21951,28.800,-0.439,-1,425.000,-1,425.000,-1,325.000,325.000,325.000,325.000,-1,-1,-1,-1,-1,-1,-1,-1,2,0,2,0,2,0,0,0,0,2,2,2,2,2,2,2,2
74,-6754.185,9529.556,37.298,7.048,0.992382,-0.122698,-0.011109,0.122562,0.992385,-0.012255,0.012528,0.010800,0.999863,0,0.56000,-0.21167,33.600,-0.423,-1,425.000,-1,425.000,-1,325.000,325.000,325.000,325.000,-1,-1,-1,-1,-1,-1,-1,-1,2,0,2,0,2,0,0,0,0,2,2,2,2,2,2,2,2
75,-6716.043,9533.999,38.013,6.643,0.993241,-0.115683,-0.009436,0.115572,0.993233,-0.011492,0.010701,0.010324,0.999889,0,0.64000,-0.20246,38.400,-0.405,-1,425.000,-1,425.000,-1,325.000,325.000,325.000,325.000,-1,-1,-1,-1,-1,-1,-1,-1,2,0,2,0,2,0,0,0,0,2,2,2,2,2,2,2,2
76,-6673.101,9538.709,38.815,6.260,0.994010,-0.109032,-0.007547,0.108949,0.993990,-0.010687,0.008667,0.009801,0.999914,0,0.72000,-0.19176,43.200,-0.384,-1,425.000,-1,425.000,-1,350.000,325.000,325.000,350.000,-1,-1,-1,-1,-1,-1,-1,-1,2,0,2,0,2,0,0,0,0,2,2,2,2,2,2,2,2
77,-6625.355,9543.644,39.702,5.901,0.994687,-0.102803,-0.005442,0.102746,0.994659,-0.009848,0.006425,0.009236,0.999937,0,0.80000,-0.17948,48.000,-0.359,-1,450.000,-1,450.000,-1,350.000,350.000,325.000,350.000,-1,-1,-1,-1,-1,-1,-1,-1,2,0,2,0,2,0,0,0,0,2,2,2,2,2,2,2,2
78,-6572.804,9548.768,40.429,5.570,0.995274,-0.097055,-0.003242,0.097019,0.995233,-0.009900,0.004187,0.009539,0.999946,0,0.88000,-0.16549,52.800,-0.331,-1,450.000,-1,450.000,-1,350.000,350.000,325.000,350.000,-1,-1,-1,-1,-1,-1,-1,-1,2,0,2,0,2,0,0,0,0,2,2,2,2,2,2,2,2
79,-6515.448,9554.060,39.825,5.271,0.995772,-0.091852,0.000754,0.091855,0.995698,-0.012148,0.000365,0.012166,0.999926,0,0.96000,-0.14966,57.600,-0.299,-1,450.000,-1,450.000,-1,350.000,350.000,325.000,325.000,-1,-1,-1,-1,-1,-1,-1,-1,2,0,2,0,2,0,0,0,0,2,2,2,2,2,2,2,2
80,-6456.721,9559.205,38.432,5.007,0.996168,-0.087269,0.005742,0.087329,0.996115,-0.011326,-0.004731,0.011784,0.999919,0,0.98253,-0.13186,58.952,-0.264,-1,450.000,-1,450.000,-1,350.000,350.000,325.000,325.000,-1,-1,-1,-1,-1,-1,-1,-1,2,0,2,0,2,0,0,0,0,2,2,2,2,2,2,2,2
81,-6397.811,9564.131,37.032,4.781,0.996463,-0.083339,0.010753,0.083453,0.996455,-0.010627,-0.009829,0.011487,0.999886,0,0.98527,-0.11301,59.116,-0.226,-1,425.000,-1,425.000,-1,350.000,350.000,325.000,325.000,-1,-1,-1,-1,1000.000,1000.000,-1,-1,2,0,2,0,2,0,0,0,0,2,2,2,2,0,0,2,2
82,-6338.789,9568.873,35.627,4.594,0.996663,-0.080087,0.015776,0.080250,0.996724,-0.010037,-0.014921,0.011269,0.999825,0,0.98685,-0.09349,59.211,-0.187,-1,425.000,-1,425.000,-1,350.000,350.000,300.000,325.000,-1,-1,-1,-1,950.000,975.000,-1,-1,2,0,2,0,2,0,0,0,0,2,2,2,2,0,0,2,2
83,-6279.733,9573.466,34.221,4.447,0.996773,-0.077534,0.020803,0.077745,0.996928,-0.009539,-0.019999,0.011125,0.999738,0,0.98724,-0.07335,59.234,-0.147,-1,425.000,-1,425.000,-1,325.000,325.000,300.000,325.000,-1,-1,-1,-1,925.000,950.000,-1,-1,2,0,2,0,2,0,0,0,0,2,2,2,2,0,0,2,2
84,-6220.720,9577.947,32.815,4.342,0.996796,-0.075701,0.025824,0.075958,0.997069,-0.009118,-0.025058,0.011050,0.999625,0,0.98639,-0.05267,59.183,-0.105,-1,425.000,-1,425.000,-1,325.000,325.000,300.000,325.000,-1,-1,-1,-1,900.000,925.000,-1,-1,2,0,2,0,2,0,0,0,0,2,2,2,2,0,0,2,2
85,-6161.827,9582.353,31.413,4.279,0.996737,-0.074603,0.030829,0.074905,0.997152,-0.008760,-0.030088,0.011041,0.999486,0,0.98429,-0.03155,59.057,-0.063,-1,400.000,-1,425.000,-1,325.000,325.000,300.000,325.000,-1,-1,-1,-1,875.000,900.000,-1,-1,2,0,2,0,2,0,0,0,0,2,2,2,2,0,0,2,2
86,-6103.133,9586.723,30.016,4.259,0.996596,-0.074253,0.035811,0.074600,0.997178,-0.008449,-0.035083,0.011092,0.999323,0,0.98094,-0.01007,58.856,-0.020,-1,400.000,-1,425.000,-1,325.000,325.000,300.000,325.000,-1,-1,-1,-1,850.000,875.000,-1,-1,2,0,2,0,2,0,0,0,0,2,2,2,2,0,0,2,2
87,-6044.713,9591.097,28.627,4.282,0.996376,-0.074657,0.040762,0.075049,0.997146,-0.008170,-0.040035,0.011199,0.999135,0,0.97637,0.01163,58.582,0.023,-1,400.000,-1,400.000,-1,325.000,325.000,300.000,325.000,-1,-1,-1,-1,825.000,850.000,-1,-1,2,0,2,0,2,0,0,0,0,2,2,2,2,0,0,2,2
88,-5986.643,9595.513,27.249,4.349,0.996075,-0.075821,0.045673,0.076258,0.997057,-0.007909,-0.044938,0.011361,0.998925,0,0.97062,0.03343,58.237,0.067,-1,400.000,-1,400.000,-1,325.000,325.000,300.000,325.000,-1,-1,-1,-1,825.000,825.000,-1,-1,2,0,2,0,2,0,0,0,0,2,2,2,2,0,0,2,2
89,-5928.992,9600.008,25.848,4.459,0.995697,-0.077742,0.050442,0.078231,0.996905,-0.007793,-0.049680,0.011705,0.998697,0,0.96376,0.05520,57.826,0.110,-1,400.000,-1,400.000,-1,325.000,325.000,325.000,325.000,-1,-1,-1,-1,800.000,800.000,-1,-1,2,0,2,0,2,0,0,1,0,2,2,2,2,0,0,2,2
90,-5871.824,9604.621,23.346,4.613,0.995392,-0.080410,0.052238,0.081039,0.996661,-0.010017,-0.051258,0.014204,0.998584,0,0.95588,0.07678,57.353,0.154,-1,400.000,-1,400.000,-1,325.000,325.000,325.000,325.000,-1,-1,-1,-1,800.000,775.000,-1,-1,2,0,2,0,2,0,0,1,0,2,2,2,2,0,0,2,2
91,-5815.198,9609.365,20.224,4.789,0.995107,-0.083478,0.052845,0.084107,0.996409,-0.009778,-0.051839,0.014175,0.998555,0,0.94708,0.08819,56.825,0.176,-1,400.000,-1,400.000,-1,325.000,325.000,325.000,325.000,-1,-1,-1,-1,800.000,775.000,-1,-1,2,0,2,0,2,0,0,1,0,2,2,2,2,0,0,2,2
92,-5759.168,9614.247,17.131,4.980,0.994790,-0.086794,0.053468,0.087425,0.996125,-0.009580,-0.052430,0.014204,0.998524,0,0.93738,0.09533,56.243,0.191,-1,400.000,-1,400.000,-1,325.000,325.000,300.000,325.000,-1,-1,-1,-1,800.000,775.000,-1,-1,2,0,2,0,2,0,0,1,0,2,2,2,2,0,0,2,2
93,-5703.782,9619.270,14.071,5.183,0.994442,-0.090321,0.054107,0.090958,0.995810,-0.009421,-0.053030,0.014290,0.998491,0,0.92688,0.10146,55.613,0.203,-1,400.000,-1,400.000,-1,325.000,325.000,300.000,325.000,-1,-1,-1,-1,800.000,775.000,-1,-1,2,0,2,0,2,0,0,1,0,2,2,2,2,0,0,2,2
94,-5649.083,9624.437,11.045,5.396,0.994062,-0.094025,0.054764,0.094670,0.995465,-0.009302,-0.053641,0.014431,0.998456,0,0.91571,0.10659,54.943,0.213,-1,400.000,-1,400.000,-1,325.000,325.000,300.000,325.000,-1,-1,-1,-1,800.000,775.000,-1,-1,2,0,2,0,2,0,0,1,0,2,2,2,2,0,0,2,2
95,-5595.102,9629.746,8.056,5.617,0.993654,-0.097872,0.055438,0.098528,0.995092,-0.009224,-0.054264,0.014627,0.998419,0,0.90402,0.11072,54.241,0.221,-1,400.000,-1,400.000,-1,325.000,325.000,300.000,325.000,-1,-1,-1,-1,775.000,775.000,-1,-1,2,0,2,0,2,0,0,1,0,2,2,2,2,0,0,2,2
96,-5541.862,9635.196,5.103,5.845,0.993217,-0.101825,0.056132,0.102496,0.994691,-0.009186,-0.054899,0.014877,0.998381,0,0.89197,0.11386,53.518,0.228,-1,400.000,-1,400.000,-1,325.000,325.000,300.000,325.000,-1,-1,-1,-1,775.000,750.000,-1,-1,2,0,2,0,2,0,0,1,0,2,2,2,2,0,0,2,2
97,-5489.376,9640.784,2.188,6.077,0.992756,-0.105853,0.056846,0.106540,0.994266,-0.009189,-0.055548,0.015179,0.998341,0,0.87970,0.11604,52.782,0.232,-1,400.000,-1,400.000,-1,325.000,325.000,325.000,325.000,-1,-1,-1,-1,775.000,750.000,-1,-1,2,0,2,0,2,0,0,1,0,2,2,2,2,0,0,2,2
98,-5437.649,9646.505,-0.689,6.312,0.992271,-0.109922,0.057582,0.110630,0.993819,-0.009233,-0.056211,0.015532,0.998298,0,0.86738,0.11729,52.043,0.235,-1,400.000,-1,400.000,-1,325.000,325.000,325.000,325.000,-1,-1,-1,-1,775.000,750.000,-1,-1,2,0,2,0,2,0,0,1,0,2,2,2,2,0,0,2,2
99,-5381.204,9653.222,-3.837,6.786,0.991276,-0.118149,0.058411,0.118889,0.992863,-0.009357,-0.056888,0.016220,0.998249,0,0.94738,0.23729,56.843,0.475,-1,400.000,-1,400.000,-1,325.000,325.000,325.000,325.000,-1,-1,-1,-1,775.000,750.000,-1,-1,2,0,2,0,2,0,0,1,0,2,2,2,2,0,0,2,2
100,-5324.483,9660.691,-7.011,7.501,0.989671,-0.130520,0.059289,0.131306,0.991296,-0.009554,-0.057526,0.017241,0.998195,0,0.95351,0.35729,57.210,0.715,-1,400.000,-1,400.000,-1,325.000,325.000,350.000,300.000,-1,-1,-1,-1,775.000,750.000,-1,-1,2,0,2,0,2,0,0,1,0,2,2,2,2,0,0,2,2
101,-5268.539,9669.007,-10.148,8.455,0.987305,-0.147013,0.060142,0.147857,0.988960,-0.009805,-0.058036,0.018573,0.998142,0,0.94266,0.47729,56.559,0.955,-1,400.000,-1,400.000,-1,325.000,325.000,375.000,300.000,-1,-1,-1,-1,775.000,750.000,-1,-1,2,0,2,0,2,0,0,1,0,2,2,2,2,0,0,2,2
102,-5213.322,9678.396,-13.180,9.650,0.983987,-0.167594,0.060675,0.168486,0.985655,-0.009854,-0.058153,0.019919,0.998109,0,0.93349,0.59729,56.009,1.195,-1,400.000,-1,400.000,-1,325.000,325.000,400.000,300.000,-1,-1,-1,-1,775.000,750.000,-1,-1,2,0,2,0,2,0,0,1,0,2,2,2,2,0,0,2,2
103,-5154.526,9689.915,-16.593,11.084,0.979475,-0.192214,0.060683,0.193121,0.981130,-0.009399,-0.057731,0.020926,0.998113,0,0.99856,0.71729,59.913,1.435,-1,400.000,-1,400.000,-1,325.000,325.000,425.000,300.000,-1,-1,-1,-1,775.000,750.000,-1,-1,2,0,2,0,2,0,0,1,0,2,2,2,2,0,0,2,2
104,-5096.403,9703.077,-19.936,12.759,0.973436,-0.220798,0.060589,0.221721,0.975070,-0.008875,-0.057119,0.022073,0.998123,0,0.99325,0.83729,59.595,1.675,-1,400.000,-1,400.000,-1,325.000,325.000,475.000,300.000,-1,-1,-1,-1,775.000,750.000,-1,-1,2,0,2,0,2,0,0,1,0,2,2,2,2,0,0,2,2
105,-5038.994,9718.110,-23.239,14.674,0.965509,-0.253243,0.060505,0.254190,0.967118,-0.008388,-0.056391,0.023479,0.998133,0,0.98908,0.95729,59.345,1.915,-1,400.000,-1,400.000,-1,325.000,325.000,500.000,300.000,-1,-1,-1,-1,775.000,750.000,-1,-1,2,0,2,0,2,0,0,1,0,2,2,2,2,0,0,2,2
106,-4982.318,9735.086,-26.502,16.674,0.956074,-0.286830,0.060430,0.287806,0.957656,-0.007939,-0.055594,0.024983,0.998141,0,0.98606,1.00000,59.164,2.000,-1,400.000,-1,400.000,-1,325.000,325.000,550.000,300.000,-1,-1,-1,-1,775.000,750.000,-1,-1,2,0,2,0,2,0,0,1,0,2,2,2,2,0,0,2,2
107,-4926.421,9753.978,-29.729,18.674,0.945471,-0.320064,0.060365,0.321072,0.947025,-0.007544,-0.054753,0.026514,0.998148,0,0.98339,1.00000,59.003,2.000,-1,400.000,-1,400.000,-1,325.000,325.000,600.000,300.000,-1,-1,-1,-1,775.000,750.000,-1,-1,2,0,2,0,2,0,0,1,0,2,2,2,2,0,0,2,2
108,-4871.374,9774.750,-32.922,20.674,0.933713,-0.352905,0.060310,0.353947,0.935237,-0.007225,-0.053855,0.028093,0.998154,0,0.98060,1.00000,58.836,2.000,-1,400.000,-1,400.000,-1,325.000,325.000,650.000,300.000,-1,-1,-1,-1,750.000,750.000,-1,-1,2,1,2,0,2,0,0,1,0,2,2,2,2,0,0,2,2
109,-4817.247,9797.363,-36.304,22.674,0.920791,-0.385321,0.060592,0.386353,0.922332,-0.005881,-0.053620,0.028825,0.998145,0,0.97768,1.00000,58.661,2.000,-1,400.000,-1,400.000,-1,325.000,325.000,675.000,300.000,-1,-1,-1,-1,750.000,750.000,-1,-1,2,1,2,0,2,0,0,1,0,2,2,2,2,0,0,2,2
110,-4764.107,9821.774,-40.673,24.674,0.906638,-0.417313,0.062106,0.418089,0.908406,0.000557,-0.056650,0.025461,0.998069,0,0.97464,1.00000,58.478,2.000,-1,375.000,-1,375.000,-1,300.000,300.000,700.000,300.000,-1,-1,-1,-1,700.000,725.000,-1,-1,2,0,2,0,2,0,0,1,0,2,2,2,2,0,0,2,2
111,-4712.022,9847.939,-44.680,26.674,0.891416,-0.448788,0.062980,0.449343,0.893340,0.005854,-0.058890,0.023082,0.997998,0,0.97146,1.00000,58.287,2.000,-1,375.000,-1,375.000,-1,300.000,300.000,700.000,300.000,-1,-1,-1,-1,675.000,725.000,-1,-1,2,0,2,0,2,0,0,1,0,2,2,2,2,0,0,2,2
112,-4661.057,9875.811,-48.319,28.674,0.875140,-0.479707,0.063341,0.480095,0.877160,0.009940,-0.060328,0.021711,0.997942,0,0.96814,1.00000,58.089,2.000,-1,350.000,-1,375.000,-1,300.000,300.000,725.000,300.000,-1,-1,-1,-1,650.000,700.000,-1,-1,2,0,2,0,2,0,0,1,0,2,2,2,2,0,0,2,2
113,-4611.000,9905.502,-51.619,30.674,0.857824,-0.510030,0.063302,0.510322,0.859890,0.012684,-0.060903,0.021424,0.997914,0,0.96999,1.00000,58.199,2.000,-1,350.000,-1,375.000,-1,300.000,300.000,750.000,300.000,-1,-1,-1,-1,625.000,700.000,-1,-1,2,0,2,0,2,0,0,1,0,2,2,2,2,0,0,2,2
114,-4562.195,9936.802,-54.557,32.674,0.839489,-0.539720,0.062935,0.539995,0.841552,0.014011,-0.060525,0.022223,0.997919,0,0.96633,1.00000,57.980,2.000,-1,350.000,-1,375.000,-1,300.000,300.000,800.000,300.000,-1,-1,-1,-1,625.000,700.000,-1,-1,2,0,2,0,2,0,0,1,0,2,2,2,2,0,0,2,2
115,-4514.699,9969.658,-57.143,34.674,0.820151,-0.568736,0.062387,0.569077,0.822167,0.013885,-0.059189,0.024115,0.997955,0,0.96255,1.00000,57.753,2.000,-1,350.000,-1,375.000,-1,300.000,300.000,-1,325.000,-1,-1,-1,-1,625.000,675.000,-1,-1,2,0,2,0,2,0,0,2,0,2,2,2,2,0,0,2,2
116,-4468.566,10004.013,-59.386,36.674,0.799830,-0.597037,0.061787,0.597523,0.801757,0.012337,-0.056904,0.027052,0.998013,0,0.95866,1.00000,57.520,2.000,-1,350.000,-1,375.000,-1,300.000,300.000,-1,300.000,-1,-1,-1,-1,625.000,675.000,-1,-1,2,0,2,0,2,0,0,2,0,2,2,2,2,0,0,2,2
117,-4423.847,10039.808,-61.297,38.674,0.778551,-0.624583,0.061270,0.625280,0.780343,0.009420,-0.053695,0.030977,0.998077,0,0.95469,1.00000,57.281,2.000,-1,350.000,-1,375.000,-1,300.000,300.000,-1,300.000,-1,-1,-1,-1,650.000,675.000,-1,-1,2,0,2,0,2,0,0,2,0,2,2,2,2,1,0,2,2
118,-4380.588,10076.984,-62.888,40.674,0.756340,-0.651331,0.060977,0.652295,0.757947,0.005204,-0.049607,0.035839,0.998126,0,0.95065,1.00000,57.039,2.000,-1,350.000,-1,375.000,-1,300.000,300.000,-1,300.000,-1,-1,-1,-1,775.000,675.000,-1,-1,2,0,2,0,2,0,0,2,0,2,2,2,2,1,0,2,2
119,-4338.834,10115.482,-64.171,42.674,0.733230,-0.677235,0.061037,0.678510,0.734591,-0.000217,-0.044690,0.041573,0.998136,0,0.94658,1.00000,56.795,2.000,-1,375.000,-1,375.000,-1,300.000,300.000,-1,300.000,-1,-1,-1,-1,850.000,675.000,-1,-1,2,0,2,0,2,0,0,2,0,2,2,2,2,1,0,2,2
120,-4298.622,10155.242,-65.322,44.674,0.709276,-0.702314,0.060683,0.703819,0.710361,-0.005033,-0.039572,0.046279,0.998144,0,0.94251,1.00000,56.551,2.000,-1,375.000,-1,375.000,-1,300.000,300.000,-1,300.000,-1,-1,-1,-1,900.000,675.000,-1,-1,2,0,2,0,2,0,0,2,0,2,2,2,2,1,0,2,2
121,-4259.987,10196.204,-67.167,46.674,0.684413,-0.726646,0.059707,0.728158,0.685388,-0.005470,-0.036948,0.047219,0.998201,0,0.93847,1.00000,56.308,2.000,-1,375.000,-1,375.000,-1,300.000,300.000,-1,300.000,-1,-1,-1,-1,925.000,675.000,-1,-1,2,0,2,0,2,0,0,2,0,2,2,2,2,1,0,2,2
122,-4222.962,10238.310,-69.345,48.674,0.658860,-0.750158,0.056268,0.751556,0.659642,-0.005957,-0.032647,0.046213,0.998398,0,0.93449,1.00000,56.069,2.000,-1,400.000,-1,375.000,-1,300.000,300.000,-1,300.000,-1,-1,-1,-1,950.000,675.000,-1,-1,2,1,2,0,2,0,0,2,0,2,2,2,2,1,0,2,2
123,-4187.576,10281.501,-72.153,50.674,0.632690,-0.772865,0.048817,0.773978,0.633177,-0.006703,-0.025729,0.042024,0.998785,0,0.93061,1.00000,55.837,2.000,-1,450.000,-1,375.000,-1,300.000,325.000,-1,325.000,-1,875.000,-1,-1,1000.000,700.000,-1,-1,2,1,2,0,2,0,0,2,0,2,0,2,2,1,0,2,2
124,-4153.855,10325.722,-74.590,52.674,0.605643,-0.794601,0.042505,0.795500,0.605902,-0.007965,-0.019425,0.038637,0.999065,0,0.92687,1.00000,55.612,2.000,-1,500.000,-1,400.000,1000.000,325.000,325.000,-1,325.000,-1,300.000,425.000,-1,-1,725.000,-1,-1,2,1,2,0,1,1,0,2,0,2,0,0,2,2,0,2,2
125,-4121.822,10370.919,-76.653,54.674,0.577773,-0.815341,0.037387,0.816081,0.577857,-0.009616,-0.013764,0.036066,0.999255,0,0.92329,1.00000,55.397,2.000,-1,550.000,-1,400.000,1000.000,350.000,325.000,-1,325.000,-1,125.000,250.000,-1,-1,750.000,-1,-1,2,1,2,0,1,1,1,2,0,2,0,0,2,2,0,2,2
126,-4091.496,10417.035,-79.372,56.674,0.549061,-0.835176,0.031819,0.835694,0.549159,-0.006383,-0.012143,0.030095,0.999473,0,0.91991,1.00000,55.194,2.000,-1,550.000,-1,400.000,1000.000,350.000,325.000,-1,325.000,-1,50.000,200.000,-1,-1,750.000,-1,-1,2,1,2,0,1,1,1,2,0,2,0,0,2,2,0,2,2
127,-4065.292,10460.081,-83.492,58.674,0.519567,-0.854091,0.024057,0.854245,0.519834,0.006142,-0.017752,0.017359,0.999692,0,0.83991,1.00000,50.394,2.000,-1,550.000,-1,375.000,1000.000,350.000,325.000,-1,350.000,-1,50.000,375.000,-1,975.000,725.000,-1,-1,2,1,2,0,1,1,1,2,0,2,1,0,2,1,0,2,2
128,-4041.194,10502.975,-87.145,60.674,0.489528,-0.871829,0.016634,0.871671,0.489775,0.017604,-0.023494,0.005882,0.999707,0,0.81999,1.00000,49.199,2.000,-1,525.000,-1,350.000,-1,350.000,300.000,-1,350.000,-1,0.000,-1,-1,925.000,675.000,-1,-1,2,1,2,0,2,1,1,2,0,2,1,2,2,1,0,2,2
129,-4018.651,10546.604,-90.458,62.674,0.458983,-0.888396,0.009335,0.887953,0.459053,0.028462,-0.029571,-0.004775,0.999551,0,0.81848,1.00000,49.109,2.000,-1,525.000,-1,350.000,-1,325.000,300.000,-1,350.000,-1,0.000,-1,-1,875.000,650.000,-1,-1,2,1,2,0,2,1,1,2,0,2,0,2,2,1,0,2,2
130,-3997.680,10590.921,-93.353,64.674,0.427987,-0.903783,0.001927,0.903053,0.427725,0.039312,-0.036354,-0.015085,0.999225,0,0.81713,1.00000,49.028,2.000,-1,500.000,-1,325.000,-1,325.000,275.000,-1,350.000,-1,0.000,-1,-1,850.000,625.000,-1,-1,2,1,2,0,2,1,1,2,0,2,0,2,2,1,0,2,2
131,-3976.369,10640.352,-96.287,66.674,0.396623,-0.917964,-0.005587,0.916875,0.395839,0.051497,-0.045060,-0.025547,0.998658,0,0.89713,1.00000,53.828,2.000,-1,500.000,-1,300.000,-1,325.000,275.000,-1,375.000,-1,0.000,-1,-1,800.000,575.000,-1,-1,2,1,2,0,2,1,1,2,0,2,0,2,2,1,0,2,2
132,-3955.066,10694.935,-99.293,68.674,0.364961,-0.930936,-0.012692,0.929344,0.363451,0.064985,-0.055884,-0.035512,0.997806,0,0.97652,1.00000,58.591,2.000,-1,500.000,-1,300.000,-1,325.000,250.000,-1,375.000,-1,0.000,-1,-1,725.000,525.000,-1,-1,2,1,2,0,2,1,1,2,0,2,0,2,2,1,0,2,2
133,-3935.605,10750.446,-101.908,70.674,0.333054,-0.942698,-0.019872,0.940487,0.330616,0.078603,-0.067529,-0.044869,0.996708,0,0.98038,1.00000,58.823,2.000,-1,475.000,-1,275.000,-1,300.000,250.000,-1,375.000,-1,0.000,-1,-1,675.000,475.000,950.000,-1,2,1,2,0,2,1,1,2,0,2,0,2,2,1,0,1,2
134,-3918.035,10806.796,-104.223,72.674,0.300964,-0.953250,-0.027113,0.950258,0.297386,0.092580,-0.080189,-0.053627,0.995336,0,0.98373,1.00000,59.024,2.000,-1,425.000,-1,250.000,-1,300.000,250.000,-1,375.000,-1,-1,-1,-1,625.000,425.000,850.000,575.000,2,1,2,0,2,1,1,2,0,2,2,2,2,1,0,1,0
135,-3902.403,10863.883,-107.196,74.674,0.268990,-0.962351,-0.039054,0.958849,0.263746,0.105100,-0.090842,-0.065718,0.993695,0,0.98644,1.00000,59.186,2.000,950.000,400.000,-1,250.000,-1,300.000,225.000,1000.000,400.000,-1,-1,-1,-1,575.000,400.000,750.000,450.000,1,1,2,1,2,1,1,1,0,2,2,2,2,1,0,1,0
136,-3888.753,10921.591,-110.520,76.674,0.237169,-0.969964,-0.054050,0.966239,0.229761,0.116588,-0.100668,-0.079876,0.991709,0,0.98834,1.00000,59.300,2.000,850.000,375.000,-1,225.000,-1,300.000,225.000,975.000,400.000,-1,-1,-1,-1,525.000,375.000,650.000,375.000,1,1,2,1,2,1,1,1,0,2,2,2,2,1,0,1,0
137,8855.154,-2295.939,-183.937,-153.166,-0.894144,0.446199,0.037590,-0.432276,-0.882038,0.187474,0.116807,0.151380,0.981550,1,0.00000,0.00000,59.352,2.000,250.000,325.000,-1,500.000,-1,300.000,350.000,325.000,225.000,-1,300.000,100.000,350.000,500.000,-1,325.000,-1,1,1,2,1,2,1,1,1,0,2,0,0,0,1,2,1,2
