timestep,x_cm,y_cm,z_cm,yaw_deg,basis_xx,basis_xy,basis_xz,basis_yx,basis_yy,basis_yz,basis_zx,basis_zy,basis_zz,teleport_flag,throttle_cmd,steering_cmd,cmd_move_cm,cmd_turn_deg,lidar_cm_0,lidar_cm_1,lidar_cm_2,lidar_cm_3,lidar_cm_4,lidar_cm_5,lidar_cm_6,lidar_cm_7,lidar_cm_8,lidar_cm_9,lidar_cm_10,lidar_cm_11,lidar_cm_12,lidar_cm_13,lidar_cm_14,lidar_cm_15,lidar_cm_16,lidar_class_0,lidar_class_1,lidar_class_2,lidar_class_3,lidar_class_4,lidar_class_5,lidar_class_6,lidar_class_7,lidar_class_8,lidar_class_9,lidar_class_10,lidar_class_11,lidar_class_12,lidar_class_13,lidar_class_14,lidar_class_15,lidar_class_16
0,-6235.067,6231.095,156.954,-138.792,-0.752318,0.658728,0.009750,-0.658799,-0.752203,-0.013225,-0.001378,-0.016373,0.999865,0,0.37095,-0.18475,0.141,0.005,-1,550.483,-1,611.865,-1,463.461,479.628,627.937,574.662,-1,-1,-1,-1,-1,-1,-1,-1,2,0,2,0,2,0,0,0,0,2,2,2,2,2,2,2,2
1,-6235.360,6230.736,159.478,-138.787,-0.752263,0.658783,0.010268,-0.658863,-0.752164,-0.012201,-0.000315,-0.015943,0.999873,0,0.37093,-0.18482,0.463,0.005,-1,559.287,-1,620.572,-1,470.232,486.379,637.855,581.541,-1,-1,-1,-1,-1,-1,-1,-1,2,0,2,0,2,0,0,0,0,2,2,2,2,2,2,2,2
2,-6235.857,6230.155,160.841,-138.782,-0.752208,0.658825,0.011547,-0.658925,-0.752120,-0.011531,0.001088,-0.016282,0.999867,0,0.37090,-0.18494,0.765,0.005,-1,565.345,-1,627.540,-1,475.011,491.369,641.621,586.786,-1,-1,-1,-1,-1,-1,-1,-1,2,0,2,0,2,0,0,0,0,2,2,2,2,2,2,2,2
3,-6236.580,6229.369,161.039,-138.792,-0.752323,0.658653,0.013664,-0.658788,-0.752244,-0.011285,0.002845,-0.017492,0.999843,0,0.37086,-0.18512,1.067,-0.010,-1,568.564,-1,632.954,-1,477.795,494.650,638.883,590.643,-1,-1,-1,-1,-1,-1,-1,-1,2,0,2,0,2,0,0,0,0,2,2,2,2,2,2,2,2
4,-6237.568,6228.344,160.136,-138.820,-0.752640,0.658218,0.016818,-0.658414,-0.752562,-0.011845,0.004859,-0.019988,0.999788,0,0.37085,-0.18519,1.424,-0.028,-1,568.587,-1,637.076,-1,478.480,496.256,628.762,594.333,-1,-1,-1,-1,-1,-1,-1,-1,2,0,2,0,2,0,0,0,0,2,2,2,2,2,2,2,2
5,-6238.887,6227.101,158.312,-138.887,-0.753400,0.657219,0.021261,-0.657523,-0.753314,-0.013436,0.007186,-0.024102,0.999684,0,0.37086,-0.18513,1.812,-0.067,-1,565.714,-1,640.836,-1,477.460,496.733,611.008,599.267,-1,-1,-1,-1,-1,-1,-1,-1,2,0,2,0,2,0,0,0,0,2,2,2,2,2,2,2,2
6,-6240.637,6225.744,155.928,-139.012,-0.754808,0.655374,0.027385,-0.655861,-0.754722,-0.015499,0.010511,-0.029659,0.999505,0,0.37095,-0.18473,2.214,-0.125,-1,562.383,-1,646.898,-1,476.579,497.969,587.779,606.338,-1,-1,-1,-1,-1,-1,-1,-1,2,0,2,0,2,0,0,0,0,2,2,2,2,2,2,2,2
7,-6242.693,6224.310,153.459,-139.178,-0.756669,0.652954,0.033209,-0.653655,-0.756590,-0.017515,0.013689,-0.034960,0.999295,0,0.37118,-0.18378,2.507,-0.165,-1,558.567,-1,652.427,-1,475.366,498.803,565.596,612.663,-1,-1,-1,-1,-1,-1,-1,-1,2,0,2,0,2,0,0,0,0,2,2,2,2,2,2,2,2
8,-6244.966,6222.894,151.442,-139.348,-0.758601,0.650574,0.035742,-0.651390,-0.758503,-0.019090,0.014691,-0.037763,0.999179,0,0.37150,-0.18245,2.678,-0.171,-1,552.933,-1,651.748,-1,472.033,496.583,551.615,613.693,-1,-1,-1,-1,-1,-1,-1,-1,2,0,2,0,2,0,0,0,0,2,2,2,2,2,2,2,2
9,-6247.457,6221.514,150.095,-139.510,-0.760453,0.648483,0.034374,-0.649259,-0.760306,-0.019930,0.013210,-0.037473,0.999210,0,0.37183,-0.18107,2.847,-0.162,-1,545.860,-1,644.076,-1,466.634,491.151,547.140,608.378,-1,-1,-1,-1,-1,-1,-1,-1,2,0,2,0,2,0,0,0,0,2,2,2,2,2,2,2,2
10,-6250.201,6220.143,149.421,-139.660,-0.762180,0.646680,0.029780,-0.647291,-0.761982,-0.019951,0.009790,-0.034482,0.999357,0,0.37214,-0.17977,3.067,-0.150,-1,538.420,-1,631.332,-1,460.046,483.552,551.054,598.003,-1,-1,-1,-1,-1,-1,-1,-1,2,0,2,0,2,0,0,0,0,2,2,2,2,2,2,2,2
11,-6253.278,6218.800,149.311,-139.830,-0.764123,0.644639,0.023568,-0.645046,-0.763898,-0.019369,0.005517,-0.030003,0.999535,0,0.37242,-0.17858,3.357,-0.170,-1,531.651,-1,617.290,-1,453.636,475.667,560.351,585.763,-1,-1,-1,-1,-1,-1,-1,-1,2,0,2,0,2,0,0,0,0,2,2,2,2,2,2,2,2
12,-6256.682,6217.491,149.625,-140.020,-0.766264,0.642294,0.017267,-0.642524,-0.766053,-0.018059,0.001628,-0.024933,0.999688,0,0.37275,-0.17720,3.647,-0.190,-1,527.087,-1,605.306,-1,448.865,469.342,572.929,573.804,-1,-1,-1,-1,-1,-1,-1,-1,2,0,2,0,2,0,0,0,0,2,2,2,2,2,2,2,2
13,-6260.406,6216.168,150.190,-140.241,-0.768740,0.639448,0.012033,-0.639560,-0.768571,-0.016166,-0.001089,-0.020123,0.999797,0,0.37313,-0.17562,3.953,-0.221,-1,525.260,-1,597.262,-1,446.382,465.520,586.160,563.740,-1,-1,-1,-1,1002.768,-1,-1,-1,2,0,2,0,2,0,0,0,0,2,2,2,2,0,2,2,2
14,-6264.410,6214.839,150.881,-140.507,-0.771700,0.635932,0.008352,-0.635982,-0.771571,-0.014333,-0.002671,-0.016372,0.999862,0,0.37358,-0.17373,4.218,-0.266,-1,525.263,-1,593.165,-1,445.723,463.980,596.932,556.907,-1,-1,-1,-1,1002.468,-1,-1,-1,2,0,2,0,2,0,0,0,0,2,2,2,2,0,2,2,2
15,-6268.681,6213.458,151.612,-140.821,-0.775174,0.631717,0.006176,-0.631739,-0.775075,-0.012854,-0.003333,-0.013865,0.999898,0,0.37413,-0.17140,4.489,-0.314,-1,526.329,-1,592.307,-1,446.337,464.207,604.499,553.264,-1,-1,-1,-1,1006.349,-1,-1,-1,2,0,2,0,2,0,0,0,0,2,2,2,2,0,2,2,2
16,-6273.226,6211.954,152.295,-141.172,-0.779024,0.626971,0.005403,-0.626986,-0.778942,-0.011749,-0.003158,-0.012540,0.999916,0,0.37480,-0.16861,4.787,-0.350,-1,528.129,-1,594.140,-1,447.917,465.853,608.656,552.304,-1,-1,-1,-1,-1,-1,-1,-1,2,0,2,0,2,0,0,0,0,2,2,2,2,2,2,2,2
17,-6278.043,6210.300,152.867,-141.552,-0.783168,0.621782,0.005955,-0.621807,-0.783093,-0.011075,-0.002223,-0.012376,0.999921,0,0.37555,-0.16548,5.093,-0.380,-1,530.426,-1,598.290,-1,450.216,468.652,609.157,553.737,-1,-1,-1,-1,-1,-1,-1,-1,2,0,2,0,2,0,0,0,0,2,2,2,2,2,2,2,2
18,-6283.124,6208.438,153.280,-141.940,-0.787362,0.616442,0.007700,-0.616490,-0.787290,-0.010683,-0.000523,-0.013158,0.999913,0,0.37636,-0.16209,5.411,-0.388,-1,533.232,-1,604.450,-1,453.173,472.460,606.454,556.974,-1,-1,-1,-1,-1,-1,-1,-1,2,0,2,0,2,0,0,0,0,2,2,2,2,2,2,2,2
19,-6288.472,6206.398,153.515,-142.350,-0.791753,0.610749,0.010641,-0.610839,-0.791683,-0.010705,0.001887,-0.014976,0.999886,0,0.37717,-0.15867,5.724,-0.410,-1,536.322,-1,612.497,-1,456.684,477.220,600.116,562.165,-1,-1,-1,-1,-1,-1,-1,-1,2,0,2,0,2,0,0,0,0,2,2,2,2,2,2,2,2
20,-6294.089,6204.192,153.576,-142.774,-0.796250,0.604788,0.014752,-0.604947,-0.796187,-0.011165,0.004993,-0.017815,0.999829,0,0.37803,-0.15508,6.034,-0.425,-1,539.709,-1,622.647,-1,460.763,482.948,590.492,569.377,-1,-1,-1,-1,-1,-1,-1,-1,2,0,2,0,2,0,0,0,0,2,2,2,2,2,2,2,2
21,-6299.947,6201.780,153.526,-143.198,-0.800680,0.598778,0.019430,-0.599032,-0.800639,-0.011743,0.008525,-0.021041,0.999742,0,0.37892,-0.15137,6.335,-0.423,-1,543.428,-1,634.021,-1,465.250,489.242,579.935,577.379,-1,-1,-1,-1,-1,-1,-1,-1,2,0,2,0,2,0,0,0,0,2,2,2,2,2,2,2,2
22,-6306.008,6199.361,153.506,-143.642,-0.805274,0.592438,0.023464,-0.592795,-0.805252,-0.012814,0.011302,-0.024228,0.999643,0,0.37978,-0.14773,6.526,-0.444,-1,545.768,-1,643.927,-1,469.054,494.568,569.639,585.404,-1,-1,-1,-1,-1,-1,-1,-1,2,0,2,0,2,0,0,0,0,2,2,2,2,2,2,2,2
23,-6312.328,6196.878,153.573,-144.091,-0.809878,0.586013,0.026198,-0.586450,-0.809869,-0.013705,0.013185,-0.026463,0.999563,0,0.58624,-0.59658,6.791,-0.449,-1,547.223,-1,651.395,-1,471.815,498.544,562.019,591.380,-1,-1,-1,-1,-1,-1,-1,-1,2,0,2,0,2,0,0,0,0,2,2,2,2,2,2,2,2
24,-6319.051,6194.436,153.792,-144.580,-0.814840,0.579014,0.027907,-0.579509,-0.814837,-0.014500,0.014344,-0.027987,0.999505,0,0.58766,-0.59271,7.153,-0.489,-1,547.977,-1,657.128,-1,473.901,501.561,556.453,595.995,-1,-1,-1,-1,-1,-1,-1,-1,2,0,2,0,2,0,0,0,0,2,2,2,2,2,2,2,2
25,-6326.184,6192.343,154.114,-145.172,-0.820784,0.570521,0.028622,-0.571061,-0.820748,-0.016182,0.014260,-0.029627,0.999459,0,0.58923,-0.58844,7.433,-0.592,-1,546.312,-1,660.274,-1,474.355,502.988,550.489,600.948,-1,-1,-1,-1,-1,-1,-1,-1,2,0,2,0,2,0,0,0,0,2,2,2,2,2,2,2,2
26,-6333.734,6190.313,154.450,-145.791,-0.826915,0.561616,0.028250,-0.562159,-0.826851,-0.017170,0.013716,-0.030079,0.999453,0,0.59120,-0.58308,7.818,-0.619,-1,544.897,-1,661.360,-1,474.354,503.517,547.046,602.897,-1,-1,-1,-1,-1,-1,-1,-1,2,0,2,0,2,0,0,0,0,2,2,2,2,2,2,2,2
27,-6341.695,6188.436,154.741,-146.456,-0.833387,0.552015,0.027311,-0.552536,-0.833304,-0.017576,0.013056,-0.029738,0.999472,0,0.59328,-0.57744,8.180,-0.664,-1,543.978,-1,661.514,-1,474.282,503.752,545.126,602.640,-1,-1,-1,-1,-1,-1,-1,-1,2,0,2,0,2,0,0,0,0,2,2,2,2,2,2,2,2
28,-6350.102,6186.702,154.943,-147.182,-0.840328,0.541446,0.026186,-0.541932,-0.840243,-0.017336,0.012616,-0.028759,0.999507,0,0.59552,-0.57133,8.583,-0.726,-1,543.717,-1,661.697,-1,474.581,504.219,544.216,600.471,-1,-1,-1,-1,-1,-1,-1,-1,2,0,2,0,2,0,0,0,0,2,2,2,2,2,2,2,2
29,-6358.956,6185.126,155.078,-147.954,-0.847560,0.530109,0.025007,-0.530553,-0.847492,-0.016487,0.012453,-0.027241,0.999551,0,0.59800,-0.56458,8.993,-0.773,-1,544.335,-1,662.166,-1,475.441,505.039,544.258,596.770,-1,-1,-1,-1,-1,-1,-1,-1,2,0,2,0,2,0,0,0,0,2,2,2,2,2,2,2,2
30,-6368.255,6183.577,155.191,-148.731,-0.854670,0.518628,0.023764,-0.519018,-0.854635,-0.014801,0.012633,-0.024984,0.999608,0,0.60066,-0.55734,9.428,-0.776,-1,546.135,-1,662.736,-1,477.128,506.155,545.881,591.307,-1,-1,-1,-1,-1,-1,-1,-1,2,0,2,0,2,0,0,0,0,2,2,2,2,2,2,2,2
31,-6377.942,6182.161,155.315,-149.535,-0.861868,0.506639,0.022391,-0.506977,-0.861858,-0.013248,0.012586,-0.022770,0.999662,0,0.60334,-0.55007,9.790,-0.804,-1,547.486,-1,662.752,-1,478.639,507.072,547.236,586.023,-1,-1,-1,-1,-1,-1,-1,-1,2,0,2,0,2,0,0,0,0,2,2,2,2,2,2,2,2
32,-6387.998,6180.970,155.471,-150.394,-0.869384,0.493701,0.020742,-0.493990,-0.869383,-0.012136,0.012041,-0.020797,0.999711,0,0.60612,-0.54250,10.125,-0.860,-1,547.751,-1,662.125,-1,479.510,507.448,547.773,581.366,-1,-1,-1,-1,-1,-1,-1,-1,2,0,2,0,2,0,0,0,0,2,2,2,2,2,2,2,2
33,-6398.460,6179.938,155.591,-151.301,-0.877097,0.479928,0.019214,-0.480179,-0.877096,-0.011487,0.011339,-0.019301,0.999749,0,0.60912,-0.53434,10.514,-0.906,-1,548.067,-1,661.632,-1,480.101,507.697,546.742,577.729,-1,-1,-1,-1,-1,-1,-1,-1,2,0,2,0,2,0,0,0,0,2,2,2,2,2,2,2,2
34,-6409.327,6178.812,155.600,-152.183,-0.884396,0.466404,0.017650,-0.466616,-0.884396,-0.010611,0.010660,-0.017620,0.999788,0,0.61230,-0.52568,10.924,-0.883,-1,548.227,-1,660.628,-1,480.335,507.611,545.738,573.442,-1,-1,-1,-1,-1,-1,-1,-1,2,0,2,0,2,0,0,0,0,2,2,2,2,2,2,2,2
35,-6420.615,6177.866,155.509,-153.122,-0.891930,0.451879,0.016308,-0.452066,-0.891923,-0.010440,0.009828,-0.016684,0.999812,0,0.61538,-0.51730,11.328,-0.939,-1,547.614,-1,659.512,-1,480.097,507.129,542.312,570.558,-1,-1,-1,-1,-1,-1,-1,-1,2,0,2,0,2,0,0,0,0,2,2,2,2,2,2,2,2
36,-6432.333,6177.073,155.333,-154.103,-0.899545,0.436565,0.015132,-0.436732,-0.899533,-0.010279,0.009124,-0.015855,0.999833,0,0.61868,-0.50833,11.745,-0.981,-1,547.692,-1,658.693,-1,479.987,506.811,538.228,567.677,-1,-1,-1,-1,-1,-1,-1,-1,2,0,2,0,2,0,0,0,0,2,2,2,2,2,2,2,2
37,-6444.460,6176.300,155.149,-155.069,-0.906781,0.421368,0.014042,-0.421507,-0.906780,-0.009018,0.008934,-0.014096,0.999861,0,0.62214,-0.49891,12.152,-0.966,-1,549.330,-1,658.192,-1,481.051,507.169,536.583,562.801,-1,-1,-1,-1,-1,-1,-1,-1,2,0,2,0,2,0,0,0,0,2,2,2,2,2,2,2,2
38,-6456.821,6175.853,155.063,-156.069,-0.914004,0.405512,0.012536,-0.405621,-0.914008,-0.007757,0.008312,-0.012175,0.999891,0,0.62554,-0.48965,12.369,-1.000,-1,550.652,-1,656.740,-1,481.580,507.159,535.552,557.890,-1,-1,-1,-1,-1,-1,-1,-1,2,0,2,0,2,0,0,0,0,2,2,2,2,2,2,2,2
39,-6472.086,6175.780,155.052,-157.349,-0.922844,0.385021,0.010831,-0.385100,-0.922852,-0.006437,0.007517,-0.010111,0.999921,0,0.62909,-0.47998,15.266,-1.280,-1,552.677,-1,655.516,-1,482.449,507.412,533.680,552.942,-1,-1,-1,-1,-1,-1,-1,-1,2,0,2,0,2,0,0,0,0,2,2,2,2,2,2,2,2
40,-6482.588,6175.832,155.031,-158.208,-0.928516,0.371162,0.009800,-0.371223,-0.928528,-0.005308,0.007129,-0.008567,0.999938,0,0.63369,-0.46749,10.502,-0.859,-1,554.466,-1,654.912,-1,483.379,507.823,532.686,549.280,-1,-1,-1,-1,-1,-1,-1,-1,2,0,2,0,2,0,0,0,0,2,2,2,2,2,2,2,2
41,-6495.957,6175.891,154.959,-159.233,-0.935012,0.354525,0.007973,-0.354561,-0.935026,-0.003544,0.006199,-0.006140,0.999962,0,0.63677,-0.45909,13.369,-1.025,-1,555.598,-1,652.770,-1,483.700,507.289,532.449,543.463,-1,-1,-1,-1,-1,-1,-1,-1,2,0,2,0,2,0,0,0,0,2,2,2,2,2,2,2,2
42,-6509.590,6176.175,154.815,-160.280,-0.941342,0.337398,0.006212,-0.337416,-0.941353,-0.002071,0.005149,-0.004046,0.999979,0,0.64045,-0.44909,13.636,-1.047,-1,556.179,-1,650.528,-1,483.486,506.456,531.424,538.251,-1,-1,-1,-1,-1,-1,-1,-1,2,0,2,0,2,0,0,0,0,2,2,2,2,2,2,2,2
43,-6523.442,6176.967,154.633,-161.429,-0.947920,0.318467,0.005113,-0.318477,-0.947930,-0.001130,0.004487,-0.002699,0.999986,0,0.64422,-0.43883,13.875,-1.149,-1,557.499,-1,649.985,-1,484.171,506.445,528.309,534.662,-1,-1,-1,-1,-1,-1,-1,-1,2,0,2,0,2,0,0,0,0,2,2,2,2,2,2,2,2
44,-6537.762,6177.651,154.372,-162.506,-0.953739,0.300597,0.004828,-0.300594,-0.953751,0.001341,0.005007,-0.000172,0.999987,0,0.64841,-0.42744,14.336,-1.077,-1,561.587,-1,650.243,-1,486.734,507.931,527.870,528.477,-1,-1,-1,-1,-1,-1,-1,-1,2,0,2,0,2,0,0,0,0,2,2,2,2,2,2,2,2
45,-6552.479,6178.446,154.091,-163.590,-0.959247,0.282524,0.005012,-0.282509,-0.959258,0.003456,0.005784,0.001900,0.999981,0,0.75365,-0.26099,14.739,-1.083,-1,565.914,-1,651.390,-1,489.429,510.123,526.214,523.379,-1,-1,-1,-1,-1,-1,-1,-1,2,0,2,0,2,0,0,0,0,2,2,2,2,2,2,2,2
46,-6567.666,6179.179,153.780,-164.629,-0.964210,0.265087,0.005327,-0.265059,-0.964218,0.005290,0.006539,0.003689,0.999972,0,0.75820,-0.25027,15.205,-1.039,-1,570.150,-1,652.681,-1,491.829,511.969,523.889,518.927,-1,-1,-1,-1,-1,-1,-1,-1,2,0,2,0,2,0,0,0,0,2,2,2,2,2,2,2,2
47,-6583.105,6179.984,153.544,-165.643,-0.968750,0.247993,0.004722,-0.247966,-0.968753,0.005610,0.005966,0.004264,0.999973,0,0.76256,-0.24002,15.460,-1.013,-1,570.768,-1,651.761,-1,491.909,511.654,518.831,517.211,-1,-1,-1,-1,-1,-1,-1,-1,2,0,2,0,2,0,0,0,0,2,2,2,2,2,2,2,2
48,-6598.382,6181.574,153.516,-166.791,-0.973539,0.228505,0.002710,-0.228496,-0.973540,0.003246,0.003380,0.002541,0.999991,0,0.76681,-0.23001,15.359,-1.149,-1,566.643,-1,648.441,-1,489.094,508.952,508.984,520.685,-1,-1,-1,-1,-1,-1,-1,-1,2,0,2,0,2,0,0,0,0,2,2,2,2,2,2,2,2
49,-6614.077,6183.500,153.496,-167.986,-0.978097,0.208144,0.001249,-0.208142,-0.978098,0.001176,0.001466,0.000890,0.999999,0,0.77171,-0.21847,15.813,-1.195,-1,564.281,-1,647.354,-1,487.585,507.532,499.787,524.124,-1,-1,-1,-1,-1,-1,-1,-1,2,0,2,0,2,0,0,0,0,2,2,2,2,2,2,2,2
50,-6630.168,6185.714,153.475,-169.179,-0.982218,0.187741,0.000519,-0.187741,-0.982219,0.000132,0.000535,0.000032,1.000000,0,0.77684,-0.20639,16.243,-1.193,-1,564.223,-1,647.981,-1,487.936,507.663,492.297,525.993,-1,-1,-1,-1,-1,-1,-1,-1,2,0,2,0,2,0,0,0,0,2,2,2,2,2,2,2,2
51,-6646.484,6188.498,153.497,-170.424,-0.986066,0.166355,0.000297,-0.166355,-0.986066,-0.000405,0.000225,-0.000449,1.000000,0,0.78198,-0.19427,16.551,-1.245,-1,566.082,-1,650.186,-1,489.569,509.236,485.683,527.197,-1,-1,-1,-1,-1,-1,-1,-1,2,0,2,0,2,0,0,0,0,2,2,2,2,2,2,2,2
52,-6663.297,6191.486,153.486,-171.617,-0.989314,0.145793,0.001354,-0.145792,-0.989315,0.000942,0.001477,0.000735,0.999999,0,0.78741,-0.18150,17.076,-1.193,-1,572.927,-1,655.019,-1,493.821,513.526,482.848,524.911,-1,-1,-1,-1,-1,-1,-1,-1,2,0,2,0,2,0,0,0,0,2,2,2,2,2,2,2,2
53,-6680.527,6194.795,153.352,-172.833,-0.992183,0.124766,0.002654,-0.124760,-0.992185,0.002080,0.002892,0.001732,0.999994,0,0.79263,-0.16920,17.545,-1.216,-1,580.279,-1,659.356,-1,498.655,517.524,479.563,522.709,-1,-1,-1,-1,-1,-1,-1,-1,2,0,2,0,2,0,0,0,0,2,2,2,2,2,2,2,2
54,-6698.195,6198.318,153.128,-174.008,-0.994529,0.104395,0.003629,-0.104382,-0.994530,0.003684,0.003994,0.003285,0.999987,0,0.79798,-0.15660,18.016,-1.175,-1,587.163,-1,662.071,-1,502.973,520.124,476.693,519.104,-1,-1,-1,-1,-1,-1,-1,-1,2,0,2,0,2,0,0,0,0,2,2,2,2,2,2,2,2
55,-6716.192,6202.053,152.823,-175.149,-0.996408,0.084590,0.003977,-0.084568,-0.996403,0.005337,0.004415,0.004982,0.999978,0,0.80318,-0.14435,18.381,-1.140,-1,591.901,-1,662.614,-1,505.656,521.345,474.066,514.957,-1,-1,-1,-1,-1,-1,-1,-1,2,0,2,0,2,0,0,0,0,2,2,2,2,2,2,2,2
56,-6734.568,6205.999,152.487,-176.270,-0.997872,0.065083,0.003919,-0.065053,-0.997854,0.007442,0.004395,0.007171,0.999965,0,0.80826,-0.13240,18.795,-1.121,-1,598.108,-1,660.865,-1,507.497,521.685,472.881,509.735,-1,-1,-1,-1,-1,-1,-1,-1,2,0,2,0,2,0,0,0,0,2,2,2,2,2,2,2,2
57,-6753.472,6209.815,152.024,-177.294,-0.998879,0.047243,0.002890,-0.047213,-0.998836,0.009858,0.003353,0.009711,0.999947,0,0.81327,-0.12059,19.285,-1.024,-1,601.666,-1,655.909,-1,506.831,520.083,472.166,503.490,-1,-1,-1,-1,-1,-1,-1,-1,2,0,2,0,2,0,0,0,0,2,2,2,2,2,2,2,2
58,-6772.853,6213.601,151.477,-178.247,-0.999531,0.030598,0.000823,-0.030587,-0.999469,0.011219,0.001166,0.011188,0.999937,0,0.81786,-0.10978,19.747,-0.953,-1,600.729,-1,648.494,-1,504.150,516.527,469.278,499.175,-1,-1,-1,-1,-1,-1,-1,-1,2,0,2,0,2,0,0,0,0,2,2,2,2,2,2,2,2
59,-6792.297,6217.903,150.863,-179.257,-0.999913,0.012951,-0.002319,-0.012976,-0.999855,0.011030,-0.002175,0.011059,0.999936,0,0.54961,0.04480,19.915,-1.009,-1,595.724,-1,639.164,-1,499.817,510.629,463.729,497.740,-1,-1,-1,-1,-1,-1,-1,-1,2,0,2,0,2,0,0,0,0,2,2,2,2,2,2,2,2
60,-6811.909,6222.135,150.226,179.822,-0.999981,-0.003173,-0.005327,0.003108,-0.999921,0.012145,-0.005365,0.012128,0.999912,0,0.55267,0.05560,20.063,-0.922,-1,591.545,-1,628.498,-1,495.495,504.583,460.467,493.953,-1,-1,-1,-1,-1,-1,-1,-1,2,0,2,0,2,0,0,0,0,2,2,2,2,2,2,2,2
61,-6836.222,6226.466,149.644,179.012,-0.999832,-0.017335,-0.005964,0.017239,-0.999726,0.015839,-0.006237,0.015734,0.999857,0,0.55548,0.06551,24.696,-0.810,-1,597.117,-1,622.068,-1,496.068,502.636,463.805,486.372,-1,-1,-1,-1,-1,-1,-1,-1,2,0,2,0,2,0,0,0,0,2,2,2,2,2,2,2,2
62,-6852.872,6228.978,149.392,178.590,-0.999683,-0.024704,-0.004924,0.024611,-0.999533,0.018096,-0.005369,0.017969,0.999824,0,0.55796,0.07424,16.838,-0.422,-1,604.621,-1,621.977,-1,499.056,504.011,466.419,482.541,-1,-1,-1,-1,-1,-1,-1,-1,2,0,2,0,2,0,0,0,0,2,2,2,2,2,2,2,2
63,-6874.123,6231.716,149.238,178.181,-0.999492,-0.031792,-0.002265,0.031740,-0.999291,0.020242,-0.002907,0.020160,0.999793,0,0.55925,0.07878,21.427,-0.409,-1,617.099,-1,626.100,-1,505.301,508.517,469.199,479.747,-1,-1,-1,-1,-1,-1,-1,-1,2,0,2,0,2,0,0,0,0,2,2,2,2,2,2,2,2
64,-6895.638,6234.285,149.229,177.799,-0.999262,-0.038419,-0.000161,0.038408,-0.999054,0.020417,-0.000945,0.020396,0.999792,0,0.56049,0.08317,21.668,-0.382,-1,627.230,-1,629.821,-1,511.733,513.763,468.667,481.079,-1,-1,-1,-1,-1,-1,-1,-1,2,0,2,0,2,0,0,0,0,2,2,2,2,2,2,2,2
65,-6917.438,6236.365,149.332,177.539,-0.999078,-0.042931,0.000942,0.042941,-0.998873,0.020226,0.000073,0.020248,0.999795,0,0.56165,0.08724,21.899,-0.260,-1,634.905,-1,632.058,-1,516.391,517.559,468.336,483.496,-1,-1,-1,-1,-1,-1,-1,-1,2,0,2,0,2,0,0,0,0,2,2,2,2,2,2,2,2
66,-6939.475,6237.993,149.523,177.409,-0.998978,-0.045185,0.001249,0.045201,-0.998772,0.020298,0.000331,0.020334,0.999793,0,0.56242,0.08995,22.097,-0.130,-1,640.223,-1,632.792,-1,519.606,519.051,468.823,485.784,-1,-1,-1,-1,-1,-1,-1,-1,2,0,2,0,2,0,0,0,0,2,2,2,2,2,2,2,2
67,-6961.801,6239.305,149.701,177.354,-0.998933,-0.046156,0.001262,0.046172,-0.998728,0.020252,0.000326,0.020289,0.999794,0,0.56279,0.09124,22.365,-0.056,-1,644.209,-1,632.906,-1,521.454,519.977,468.962,488.381,-1,-1,-1,-1,-1,-1,-1,-1,2,0,2,0,2,0,0,0,0,2,2,2,2,2,2,2,2
68,-6984.451,6240.412,149.749,177.351,-0.998931,-0.046193,0.001805,0.046221,-0.998722,0.020448,0.000858,0.020509,0.999789,0,0.56291,0.09169,22.677,-0.003,-1,649.491,-1,633.087,-1,524.456,521.690,469.268,490.584,-1,-1,-1,-1,-1,-1,-1,-1,2,0,2,0,2,0,0,0,0,2,2,2,2,2,2,2,2
69,-7007.230,6241.469,149.735,177.372,-0.998947,-0.045800,0.002759,0.045849,-0.998722,0.021274,0.001781,0.021378,0.999770,0,0.56287,0.09155,22.803,0.021,-1,656.610,-1,633.131,-1,528.702,524.778,470.664,491.531,-1,-1,-1,-1,-1,-1,-1,-1,2,0,2,0,2,0,0,0,0,2,2,2,2,2,2,2,2
70,-7029.568,6242.625,150.515,177.449,-0.998986,-0.044299,0.008100,0.044503,-0.998640,0.027162,0.006885,0.027494,0.999598,0,0.56276,0.09114,22.368,0.077,-1,683.734,-1,642.275,-1,544.846,536.624,485.071,485.234,-1,-1,-1,-1,-1,-1,-1,-1,2,0,2,0,2,0,0,0,0,2,2,2,2,2,2,2,2
71,-7051.847,6244.051,152.210,177.517,-0.998930,-0.042706,0.017733,0.043325,-0.998407,0.036145,0.016161,0.036875,0.999189,0,0.56249,0.09021,22.324,0.067,-1,732.365,-1,662.647,-1,572.704,558.595,509.898,476.112,-1,-1,-1,-1,-1,-1,-1,-1,2,0,2,0,2,0,0,0,0,2,2,2,2,2,2,2,2
72,-7078.800,6245.737,155.157,177.613,-0.998701,-0.040163,0.031370,0.041629,-0.998000,0.047579,0.029396,0.048823,0.998375,0,0.56228,0.08945,27.006,0.097,-1,806.973,-1,693.036,-1,617.236,594.933,546.045,467.196,-1,-1,-1,-1,-1,-1,-1,-1,2,0,2,0,2,0,0,0,0,2,2,2,2,2,2,2,2
73,-7096.665,6247.015,157.572,177.586,-0.998395,-0.040173,0.039920,0.042087,-0.997944,0.048328,0.037897,0.049931,0.998033,0,0.56197,0.08837,17.910,-0.027,-1,849.173,-1,721.687,-1,646.335,620.918,556.933,474.358,-1,-1,-1,-1,-1,-1,-1,-1,2,0,2,0,2,0,0,0,0,2,2,2,2,2,2,2,2
74,-7118.827,6248.193,160.612,177.520,-0.997987,-0.041133,0.048278,0.043216,-0.998143,0.042937,0.046422,0.044937,0.997911,0,0.77012,0.22237,22.193,-0.066,-1,886.258,-1,756.353,-1,678.568,652.039,555.721,494.607,-1,-1,-1,-1,-1,-1,-1,-1,2,0,2,0,2,0,0,0,0,2,2,2,2,2,2,2,2
75,-7139.479,6247.551,163.387,177.740,-0.998056,-0.037479,0.049802,0.039397,-0.998497,0.038103,0.048299,0.039991,0.998032,0,0.77031,0.22287,20.663,0.219,-1,892.671,-1,773.857,-1,691.862,666.068,552.849,514.021,-1,-1,-1,-1,-1,-1,-1,-1,2,0,2,0,2,0,0,0,0,2,2,2,2,2,2,2,2
76,-7160.174,6246.821,165.305,177.951,-0.998187,-0.034172,0.049543,0.035717,-0.998892,0.030652,0.048441,0.032366,0.998302,0,0.76920,0.22000,20.707,0.211,-1,887.778,-1,786.319,-1,697.089,673.767,541.585,536.946,-1,-1,-1,-1,-1,-1,-1,-1,2,0,2,0,2,0,0,0,0,2,2,2,2,2,2,2,2
77,-7181.155,6246.016,166.078,178.143,-0.998287,-0.031211,0.049487,0.032363,-0.999220,0.022635,0.048742,0.024197,0.998518,0,0.76809,0.21716,20.997,0.193,-1,879.511,-1,796.571,-1,698.840,678.828,526.459,558.643,-1,-1,-1,-1,-1,-1,-1,-1,2,0,2,0,2,0,0,0,0,2,2,2,2,2,2,2,2
78,-7202.426,6245.119,165.604,178.335,-0.998342,-0.028238,0.050159,0.029021,-0.999467,0.014962,0.049709,0.016393,0.998629,0,0.76704,0.21446,21.289,0.192,-1,870.215,-1,805.032,-1,699.083,681.964,509.307,577.171,-1,-1,-1,-1,-1,-1,-1,-1,2,0,2,0,2,0,0,0,0,2,2,2,2,2,2,2,2
79,-7223.906,6244.014,164.063,178.583,-0.998449,-0.024171,0.050153,0.024695,-0.999646,0.009854,0.049897,0.011077,0.998693,0,0.76598,0.21172,21.509,0.248,-1,857.854,-1,805.742,-1,694.983,679.978,494.497,587.695,-1,-1,-1,-1,-1,-1,-1,-1,2,0,2,0,2,0,0,0,0,2,2,2,2,2,2,2,2
80,-7245.486,6242.790,161.730,178.899,-0.998692,-0.018797,0.047553,0.019194,-0.999784,0.007908,0.047394,0.008810,0.998837,0,0.76465,0.20831,21.614,0.316,-1,837.840,-1,793.013,-1,682.469,668.666,483.272,588.723,-1,-1,-1,-1,-1,-1,-1,-1,2,0,2,0,2,0,0,0,0,2,2,2,2,2,2,2,2
81,-7267.123,6241.503,158.757,179.249,-0.999066,-0.012737,0.041278,0.013091,-0.999880,0.008307,0.041168,0.008840,0.999113,0,0.76304,0.20417,21.675,0.350,-1,807.298,-1,765.275,-1,659.607,646.529,474.257,582.179,-1,-1,-1,-1,-1,-1,-1,-1,2,0,2,0,2,0,0,0,0,2,2,2,2,2,2,2,2
82,-7288.844,6240.323,155.289,179.587,-0.999503,-0.006878,0.030753,0.007203,-0.999919,0.010470,0.030678,0.010686,0.999472,0,0.76128,0.19964,21.753,0.338,-1,765.940,-1,723.613,-1,626.483,613.634,466.823,569.543,-1,-1,-1,-1,-1,-1,-1,-1,2,0,2,0,2,0,0,0,0,2,2,2,2,2,2,2,2
83,-7310.830,6239.401,151.498,179.879,-0.999847,-0.001857,0.017384,0.002107,-0.999894,0.014383,0.017355,0.014418,0.999745,0,0.75957,0.19524,22.006,0.292,-1,719.935,-1,674.469,-1,588.361,575.110,461.566,551.646,-1,-1,-1,-1,-1,-1,-1,-1,2,0,2,0,2,0,0,0,0,2,2,2,2,2,2,2,2
84,-7333.261,6238.830,147.988,-179.862,-0.999978,0.002551,0.006048,-0.002416,-0.999748,0.022296,0.006104,0.022281,0.999733,0,0.75806,0.19135,22.438,0.259,-1,685.673,-1,630.844,-1,557.971,542.835,465.005,526.665,-1,-1,-1,-1,-1,-1,-1,-1,2,0,2,0,2,0,0,0,0,2,2,2,2,2,2,2,2
85,-7355.529,6238.800,146.174,-179.741,-0.999989,0.004566,0.001283,-0.004526,-0.999543,0.029880,0.001419,0.029874,0.999553,0,0.75670,0.18787,22.269,0.121,-1,672.832,-1,609.052,-1,545.947,528.400,473.781,508.390,-1,-1,-1,-1,-1,-1,-1,-1,2,0,2,0,2,0,0,0,0,2,2,2,2,2,2,2,2
86,-7377.172,6238.785,147.378,-179.792,-0.999950,0.003895,0.009245,-0.003634,-0.999602,0.027983,0.009351,0.027948,0.999566,0,0.75595,0.18594,21.643,-0.051,-1,691.766,-1,630.959,-1,565.164,547.292,474.273,518.843,-1,-1,-1,-1,-1,-1,-1,-1,2,0,2,0,2,0,0,0,0,2,2,2,2,2,2,2,2
87,-7399.078,6238.115,151.119,-179.794,-0.999624,0.004142,0.027110,-0.003595,-0.999789,0.020211,0.027188,0.020105,0.999428,0,0.75587,0.18574,21.916,-0.002,-1,737.638,-1,690.600,-1,606.012,591.667,471.981,549.188,-1,-1,-1,-1,-1,-1,-1,-1,2,0,2,0,2,0,0,0,0,2,2,2,2,2,2,2,2
88,-7421.361,6236.816,156.140,-179.673,-0.998920,0.006245,0.046035,-0.005706,-0.999914,0.011811,0.046104,0.011536,0.998870,0,0.75550,0.18479,22.321,0.121,-1,789.380,-1,765.125,-1,652.158,641.916,472.533,585.884,-1,-1,-1,-1,-1,-1,-1,-1,2,0,2,0,2,0,0,0,0,2,2,2,2,2,2,2,2
89,-7448.370,6234.777,162.055,-179.355,-0.997963,0.011724,0.062717,-0.011238,-0.999904,0.008093,0.062805,0.007372,0.997999,0,0.75455,0.18233,27.086,0.318,-1,844.879,-1,843.194,-1,694.804,689.139,483.343,616.417,-1,-1,-1,-1,-1,-1,-1,-1,2,0,2,0,2,0,0,0,0,2,2,2,2,2,2,2,2
90,-7466.315,6233.327,165.643,-179.068,-0.997457,0.016884,0.069245,-0.016224,-0.999817,0.010089,0.069403,0.008940,0.997549,0,0.75264,0.17744,18.004,0.287,-1,872.805,-1,879.137,-1,714.208,709.651,497.126,625.118,-1,-1,-1,-1,-1,-1,-1,-1,2,0,2,0,2,0,0,0,0,2,2,2,2,2,2,2,2
91,-7488.824,6231.735,169.485,-178.746,-0.996966,0.022871,0.074403,-0.021831,-0.999653,0.014753,0.074714,0.013084,0.997119,0,0.75106,0.17336,22.565,0.323,-1,900.793,-1,894.498,-1,731.162,727.276,516.740,626.992,-1,-1,-1,-1,-1,-1,-1,-1,2,0,2,0,2,0,0,0,0,2,2,2,2,2,2,2,2
92,-7511.442,6230.135,172.347,-178.403,-0.996536,0.029404,0.077790,-0.027786,-0.999376,0.021794,0.078382,0.019557,0.996732,0,0.74923,0.16867,22.674,0.343,-1,924.270,-1,902.860,-1,742.557,737.499,538.649,618.430,-1,-1,-1,-1,-1,-1,-1,-1,2,0,2,0,2,0,0,0,0,2,2,2,2,2,2,2,2
93,-7534.245,6228.486,174.139,-178.048,-0.996108,0.036291,0.080319,-0.033952,-0.998964,0.030300,0.081336,0.027455,0.996309,0,0.74731,0.16372,22.863,0.355,-1,944.737,-1,907.615,-1,750.180,743.057,562.981,603.918,-1,-1,-1,-1,-1,-1,-1,-1,2,0,2,0,2,0,0,0,0,2,2,2,2,2,2,2,2
94,-7557.248,6226.770,174.875,-177.706,-0.995691,0.042971,0.082180,-0.039891,-0.998452,0.038759,0.083719,0.035313,0.995864,0,0.74531,0.15857,23.067,0.342,-1,961.386,-1,-1,-1,754.080,744.781,587.296,587.195,-1,-1,-1,-1,-1,-1,-1,-1,2,0,2,2,2,0,0,0,0,2,2,2,2,2,2,2,2
95,-7580.394,6224.979,174.680,-177.412,-0.995386,0.048651,0.082709,-0.044995,-0.997950,0.045501,0.084753,0.041570,0.995534,0,0.77068,-0.40688,23.215,0.294,-1,967.992,-1,-1,-1,752.393,740.969,605.354,571.437,-1,-1,986.667,-1,-1,-1,-1,-1,2,0,2,2,2,0,0,0,0,2,2,0,2,2,2,2,2
96,-7603.637,6223.136,173.689,-177.182,-0.995298,0.052922,0.081122,-0.048998,-0.997565,0.049623,0.083551,0.045414,0.995468,0,0.76878,-0.41159,23.316,0.230,-1,960.425,-1,-1,-1,743.119,730.187,614.639,557.431,-1,-1,994.365,-1,-1,-1,-1,-1,2,0,2,2,2,0,0,0,0,2,2,0,2,2,2,2,2
97,-7626.973,6221.246,171.966,-177.011,-0.995461,0.055832,0.077067,-0.051980,-0.997339,0.051119,0.079716,0.046881,0.995715,0,0.76711,-0.41574,23.413,0.171,-1,937.622,-1,-1,-1,725.658,712.205,614.949,546.201,-1,-1,-1,-1,-1,-1,-1,-1,2,0,2,2,2,0,0,0,0,2,2,2,2,2,2,2,2
98,-7650.409,6219.354,169.594,-176.894,-0.995869,0.057508,0.070275,-0.054046,-0.997275,0.050209,0.072971,0.046204,0.996263,0,0.76564,-0.41938,23.512,0.117,-1,900.249,-1,-1,-1,700.127,687.048,606.986,537.238,-1,-1,-1,-1,-1,-1,-1,-1,2,0,2,2,2,0,0,0,0,2,2,2,2,2,2,2,2
99,-7673.867,6217.546,166.662,-176.834,-0.996511,0.057918,0.060095,-0.055126,-0.997366,0.047131,0.062666,0.043654,0.997079,0,0.76436,-0.42256,23.528,0.060,-1,848.751,-1,-1,-1,666.261,654.332,592.616,530.074,-1,-1,-1,-1,-1,-1,-1,-1,2,0,2,2,2,0,0,0,0,2,2,2,2,2,2,2,2
100,-7697.359,6216.347,163.472,-176.985,-0.997363,0.054376,0.048056,-0.052535,-0.997866,0.038775,0.050062,0.036148,0.998092,0,0.76329,-0.42520,23.523,-0.151,-1,787.818,-1,730.663,-1,627.926,618.894,566.028,531.741,-1,-1,-1,-1,-1,-1,-1,-1,2,0,2,0,2,0,0,0,0,2,2,2,2,2,2,2,2
101,-7720.884,6215.233,159.823,-177.140,-0.998169,0.050890,0.032679,-0.049862,-0.998257,0.031561,0.034229,0.029873,0.998967,0,0.76316,-0.42554,23.551,-0.156,-1,723.770,-1,683.114,-1,584.923,578.131,541.800,529.630,-1,-1,-1,-1,-1,-1,-1,-1,2,0,2,0,2,0,0,0,0,2,2,2,2,2,2,2,2
102,-7744.506,6214.291,155.423,-177.280,-0.998754,0.047836,0.014211,-0.047448,-0.998522,0.026494,0.015457,0.025787,0.999548,0,0.76302,-0.42586,23.640,-0.140,-1,658.197,-1,628.974,-1,538.473,532.684,521.956,520.638,-1,-1,-1,-1,-1,-1,-1,-1,2,0,2,0,2,0,0,0,0,2,2,2,2,2,2,2,2
103,-7768.289,6213.923,150.298,-177.512,-0.999039,0.043268,-0.006946,-0.043413,-0.998807,0.022349,-0.005971,0.022629,0.999726,0,0.76283,-0.42635,23.786,-0.232,-1,591.690,-1,572.897,-1,489.872,484.753,502.539,507.703,-1,-1,-1,-1,-1,-1,-1,-1,2,0,2,0,2,0,0,0,0,2,2,2,2,2,2,2,2
104,-7792.561,6214.036,145.129,-177.831,-0.998948,0.037371,-0.026594,-0.037829,-0.999141,0.016919,-0.025938,0.017908,0.999503,0,0.76308,-0.42573,24.272,-0.320,-1,533.068,-1,524.090,-1,446.435,442.571,481.178,497.621,-1,-1,-1,-1,871.326,-1,-1,-1,2,0,2,0,2,0,0,0,0,2,2,2,2,0,2,2,2
105,-7817.678,6214.793,141.181,-178.290,-0.998855,0.029405,-0.037725,-0.029820,-0.999500,0.010471,-0.037398,0.011584,0.999233,0,0.76373,-0.42411,25.129,-0.459,-1,495.771,-1,494.843,-1,418.630,416.826,462.126,494.574,-1,-1,-1,-1,790.637,-1,-1,-1,2,0,2,0,2,0,0,0,0,2,2,2,2,0,2,2,2
106,-7843.005,6216.148,139.491,-178.905,-0.999124,0.018959,-0.037298,-0.019105,-0.999811,0.003558,-0.037223,0.004267,0.999298,0,0.76502,-0.42092,25.363,-0.615,-1,483.571,-1,489.746,-1,410.521,411.541,449.546,501.107,-1,-1,-1,-1,768.096,-1,-1,-1,2,0,2,0,2,0,0,0,0,2,2,2,2,0,2,2,2
107,-7868.723,6217.282,140.305,-179.408,-0.999634,0.010394,-0.024974,-0.010334,-0.999943,-0.002553,-0.024999,-0.002294,0.999685,0,0.76702,-0.41596,25.743,-0.503,-1,497.977,-1,508.951,-1,422.882,427.027,446.625,514.758,-1,-1,-1,-1,803.616,-1,-1,-1,2,0,2,0,2,0,0,0,0,2,2,2,2,0,2,2,2
108,-7894.951,6217.792,143.034,-179.646,-0.999951,0.006220,-0.007754,-0.006176,-0.999964,-0.005752,-0.007789,-0.005704,0.999953,0,0.76849,-0.41231,26.233,-0.238,-1,527.827,-1,746.084,-1,446.906,447.198,454.524,527.130,-1,-1,-1,-1,882.953,-1,-1,-1,2,0,2,0,2,0,0,0,0,2,2,2,2,0,2,2,2
109,-7921.365,6218.938,146.810,-179.928,-0.999969,0.001179,0.007818,-0.001248,-0.999960,-0.008820,0.007807,-0.008829,0.999931,0,0.76873,-0.41171,26.438,-0.282,-1,559.638,-1,822.740,-1,472.050,468.012,465.556,541.846,-1,-1,-1,-1,971.546,-1,-1,-1,2,0,2,0,2,0,0,0,0,2,2,2,2,0,2,2,2
110,-7947.538,6220.889,150.721,179.654,-0.999841,-0.006168,0.016732,0.006033,-0.999949,-0.008092,0.016781,-0.007990,0.999827,0,0.76924,-0.41046,26.246,-0.417,-1,582.533,-1,859.350,-1,495.337,646.304,483.507,548.435,-1,-1,-1,-1,-1,-1,-1,-1,2,0,2,0,2,0,0,0,0,2,2,2,2,2,2,2,2
111,-7973.621,6223.672,154.160,179.136,-0.999677,-0.015173,0.020384,0.015067,-0.999872,-0.005323,0.020462,-0.005014,0.999778,0,0.77044,-0.40748,26.231,-0.518,-1,595.132,-1,869.151,-1,531.279,673.671,503.922,548.712,-1,-1,-1,-1,-1,-1,-1,-1,2,0,2,0,2,0,0,0,0,2,2,2,2,2,2,2,2
112,-7999.434,6227.688,156.956,178.405,-0.999418,-0.027907,0.019592,0.027824,-0.999603,-0.004456,0.019709,-0.003908,0.999798,0,0.77220,-0.40310,26.123,-0.731,-1,595.958,-1,864.279,-1,584.125,685.985,519.243,551.292,-1,-1,-1,-1,-1,-1,-1,-1,2,0,2,0,2,0,0,0,0,2,2,2,2,2,2,2,2
113,-8024.621,6233.259,158.908,177.365,-0.998832,-0.046099,0.014459,0.045977,-0.998904,-0.008718,0.014846,-0.008043,0.999857,0,0.77510,-0.39593,25.796,-1.041,-1,580.169,-1,845.202,-1,620.335,686.972,522.255,563.201,-1,-1,-1,-1,-1,-1,-1,-1,2,0,2,0,2,0,0,0,0,2,2,2,2,2,2,2,2
114,-8049.241,6239.869,159.882,176.123,-0.997688,-0.067710,0.005778,0.067609,-0.997580,-0.016253,0.006864,-0.015825,0.999851,0,0.77961,-0.38472,25.493,-1.241,-1,553.093,-1,811.000,-1,618.081,683.681,514.685,581.167,-1,-1,-1,-1,976.490,-1,-1,-1,2,0,2,0,2,0,0,0,0,2,2,2,2,0,2,2,2
115,-8072.956,6247.921,159.825,174.599,-0.995551,-0.093956,-0.007081,0.094126,-0.995116,-0.029752,-0.004251,-0.030286,0.999532,0,0.78522,-0.37082,25.044,-1.524,-1,532.385,-1,770.829,-1,607.345,667.684,491.525,613.892,-1,-1,-1,-1,885.046,-1,-1,-1,2,0,2,0,2,0,0,0,0,2,2,2,2,0,2,2,2
116,-8095.902,6256.995,158.859,172.868,-0.992110,-0.123162,-0.023409,0.124130,-0.991209,-0.045784,-0.017565,-0.048329,0.998677,0,0.79239,-0.35305,24.675,-1.731,-1,550.676,-1,722.756,-1,589.605,643.171,461.971,657.570,-1,-1,-1,-1,791.635,-1,-1,-1,2,0,2,0,2,0,0,0,0,2,2,2,2,0,2,2,2
117,-8118.465,6266.957,157.684,171.045,-0.987434,-0.153617,-0.037091,0.155603,-0.986090,-0.058436,-0.027598,-0.063473,0.997602,0,0.80072,-0.33239,24.664,-1.824,-1,561.604,-1,679.880,-1,576.434,624.968,436.830,698.602,-1,-1,-1,-1,795.302,-1,-1,-1,2,0,2,0,2,0,0,0,0,2,2,2,2,0,2,2,2
118,-8140.830,6277.859,156.805,169.294,-0.982130,-0.183124,-0.043426,0.185676,-0.980480,-0.064677,-0.030734,-0.071584,0.996961,0,0.80333,-0.31002,24.881,-1.750,940.421,577.985,-1,647.495,-1,579.980,617.004,421.983,722.305,-1,-1,-1,-1,769.211,-1,-1,-1,0,0,2,0,2,0,0,0,0,2,2,2,2,0,2,2,2
119,-8162.876,6289.812,156.316,167.603,-0.976333,-0.212244,-0.041543,0.214613,-0.974545,-0.064824,-0.026727,-0.072206,0.997032,0,0.79426,-0.28754,25.078,-1.692,954.126,598.672,-1,648.037,-1,596.187,618.827,419.083,723.889,-1,-1,-1,-1,763.998,-1,-1,-1,0,0,2,0,2,0,0,0,0,2,2,2,2,0,2,2,2
120,-8184.888,6302.683,156.064,166.013,-0.970230,-0.240190,-0.031032,0.241678,-0.968511,-0.059826,-0.015685,-0.065544,0.997726,0,0.78503,-0.26464,25.498,-1.590,-1,629.287,-1,685.239,-1,615.827,634.742,426.290,702.308,-1,-1,-1,-1,836.851,-1,-1,-1,2,0,2,0,2,0,0,0,0,2,2,2,2,0,2,2,2
121,-8206.917,6316.472,155.741,164.481,-0.963544,-0.267188,-0.013933,0.267551,-0.962140,-0.051997,0.000488,-0.053829,0.998550,0,0.94409,-0.10437,25.989,-1.531,-1,671.726,-1,727.316,-1,641.738,641.043,440.326,666.181,-1,-1,-1,-1,862.724,-1,-1,-1,2,0,2,0,2,0,0,0,0,2,2,2,2,0,2,2,2
122,-8229.136,6331.093,155.057,163.040,-0.956320,-0.292221,0.007733,0.291642,-0.955562,-0.042961,0.019944,-0.038830,0.999047,0,0.93265,-0.08106,26.598,-1.441,-1,704.671,-1,762.887,-1,670.727,636.173,459.796,622.279,-1,-1,-1,-1,1001.540,-1,-1,-1,2,0,2,0,2,0,0,0,0,2,2,2,2,0,2,2,2
123,-8251.584,6346.433,153.722,161.693,-0.948619,-0.314886,0.031134,0.313856,-0.948866,-0.033893,0.040215,-0.022380,0.998940,0,0.92113,-0.05757,27.189,-1.347,-1,746.043,-1,797.720,-1,690.497,634.455,481.054,576.203,-1,-1,-1,-1,-1,-1,-1,-1,2,0,2,0,2,0,0,0,0,2,2,2,2,2,2,2,2
124,-8278.749,6365.110,151.511,160.169,-0.939024,-0.339444,0.054880,0.338646,-0.940620,-0.023516,0.059603,-0.003498,0.998216,0,0.90953,-0.03394,32.966,-1.524,-1,764.152,-1,821.464,-1,687.962,646.534,505.368,525.727,-1,995.589,-1,-1,-1,-1,-1,-1,2,0,2,0,2,0,0,0,0,2,0,2,2,2,2,2,2
125,-8297.081,6377.237,150.256,159.270,-0.933229,-0.353559,0.063878,0.353193,-0.935390,-0.017309,0.065871,0.006408,0.997808,0,0.89554,-0.00544,21.980,-0.899,-1,764.104,-1,821.285,-1,676.383,663.994,517.305,499.923,-1,878.358,995.207,-1,-1,-1,-1,-1,2,0,2,0,2,0,0,0,0,2,0,0,2,2,2,2,2
126,-8319.872,6392.479,149.093,158.116,-0.925935,-0.372009,0.065215,0.371921,-0.928160,-0.013940,0.065716,0.011347,0.997774,0,0.88664,0.01269,27.418,-1.154,-1,757.050,-1,805.181,-1,653.721,663.628,518.559,484.232,-1,860.964,964.319,-1,-1,-1,-1,-1,2,0,2,0,2,0,0,0,0,2,0,0,2,2,2,2,2
127,-8341.672,6408.363,148.742,156.718,-0.916955,-0.394812,0.057598,0.394567,-0.918727,-0.016039,0.059249,0.008019,0.998211,0,0.87499,0.03644,26.973,-1.398,-1,739.366,-1,779.698,-1,625.180,652.201,504.008,487.506,-1,935.382,-1,-1,-1,-1,-1,-1,2,0,2,0,2,0,0,0,0,2,0,2,2,2,2,2,2
128,-8362.642,6424.873,149.049,155.214,-0.906690,-0.419149,0.047199,0.418673,-0.907916,-0.020029,0.051248,0.001601,0.998685,0,0.86147,0.06399,26.689,-1.503,-1,696.758,-1,754.965,-1,611.486,635.765,484.966,499.455,-1,-1,-1,-1,-1,-1,-1,-1,2,0,2,0,2,0,0,0,0,2,2,2,2,2,2,2,2
129,-8384.984,6441.114,149.495,154.064,-0.898288,-0.437398,0.041975,0.436888,-0.899268,-0.021125,0.046987,-0.000638,0.998895,0,0.84674,0.09401,27.622,-1.151,-1,694.915,-1,738.843,-1,608.575,625.164,475.428,502.791,-1,-1,-1,-1,-1,-1,-1,-1,2,0,2,0,2,0,0,0,0,2,2,2,2,2,2,2,2
130,-8408.187,6456.988,149.530,153.194,-0.891775,-0.451081,0.035533,0.450586,-0.892478,-0.021328,0.041333,-0.003010,0.999141,0,0.83333,0.12132,28.112,-0.870,-1,685.672,-1,719.293,-1,598.343,610.897,464.972,504.476,-1,-1,-1,-1,-1,-1,-1,-1,2,0,2,0,2,0,0,0,0,2,2,2,2,2,2,2,2
131,-8431.661,6472.646,148.971,152.437,-0.886042,-0.462916,0.025279,0.462474,-0.886372,-0.021531,0.032373,-0.007387,0.999449,0,0.82090,0.14666,28.218,-0.756,-1,663.104,-1,692.472,-1,578.926,589.277,448.289,508.535,-1,-1,-1,-1,-1,-1,-1,-1,2,0,2,0,2,0,0,0,0,2,2,2,2,2,2,2,2
132,-8455.636,6488.037,147.655,151.859,-0.881585,-0.471835,0.013383,0.471542,-0.881611,-0.020240,0.021348,-0.011533,0.999706,0,0.80850,0.17192,28.490,-0.579,-1,631.598,-1,660.202,-1,553.562,562.783,430.762,509.291,-1,-1,-1,-1,-1,-1,-1,-1,2,0,2,0,2,0,0,0,0,2,2,2,2,2,2,2,2
133,-8485.110,6506.018,145.263,151.413,-0.878077,-0.478513,-0.002432,0.478489,-0.877952,-0.015802,0.005427,-0.015039,0.999872,0,0.79642,0.19655,34.526,-0.446,-1,587.202,-1,615.183,-1,517.020,525.716,410.265,503.496,-1,-1,-1,-1,-1,-1,-1,-1,2,0,2,0,2,0,0,0,0,2,2,2,2,2,2,2,2
134,-8505.250,6517.803,143.462,151.241,-0.876642,-0.480966,-0.013011,0.481117,-0.876554,-0.013417,-0.004951,-0.018022,0.999825,0,0.78235,0.22521,23.334,-0.172,-1,558.478,-1,587.417,-1,493.522,502.401,395.804,499.771,-1,-1,-1,-1,964.526,980.706,-1,-1,2,0,2,0,2,0,0,0,0,2,2,2,2,0,0,2,2
135,-8530.803,6532.595,141.218,151.056,-0.874963,-0.483467,-0.026435,0.483892,-0.875035,-0.012722,-0.016981,-0.023923,0.999570,0,0.77299,0.24428,29.525,-0.186,-1,525.175,-1,557.378,-1,466.789,476.465,372.625,499.867,-1,-1,-1,-1,893.425,914.305,-1,-1,2,0,2,0,2,0,0,0,0,2,2,2,2,0,0,2,2
136,-8556.650,6547.417,139.270,150.867,-0.873142,-0.485830,-0.039886,0.486642,-0.873498,-0.013444,-0.028309,-0.031149,0.999114,0,0.76054,0.26966,29.796,-0.188,-1,495.285,-1,531.273,-1,442.942,453.242,359.161,505.456,-1,-1,-1,-1,828.554,859.575,-1,-1,2,0,2,0,2,0,0,0,0,2,2,2,2,0,0,2,2
137,-8582.824,6561.881,137.762,150.772,-0.872018,-0.486652,-0.052485,0.487906,-0.872789,-0.013684,-0.039149,-0.037541,0.998528,0,0.53981,-0.93056,29.905,-0.095,888.866,469.161,-1,507.704,-1,421.751,432.181,353.202,512.148,-1,-1,-1,-1,772.309,811.216,-1,-1,0,0,2,0,2,0,0,0,0,2,2,2,2,0,0,2,2
138,-8608.708,6576.298,136.943,150.630,-0.870356,-0.487910,-0.066515,0.489815,-0.871696,-0.015096,-0.050615,-0.045719,0.997671,0,0.25189,-1.00000,29.628,-0.142,758.768,444.272,-1,486.302,-1,401.817,412.628,364.441,525.622,-1,-1,-1,-1,719.049,767.800,942.723,-1,0,0,2,0,2,0,0,0,0,2,2,2,2,0,0,0,2
139,-8633.605,6591.045,137.056,150.277,-0.866621,-0.491721,-0.084722,0.494768,-0.868831,-0.018340,-0.064591,-0.057812,0.996236,0,0.25189,-1.00000,28.937,-0.353,627.799,416.568,-1,465.238,-1,380.206,392.746,364.905,552.099,-1,-1,-1,-1,660.139,725.056,800.072,-1,0,0,2,0,2,0,0,0,0,2,2,2,2,0,0,0,2
140,-8658.068,6605.763,137.892,149.860,-0.862036,-0.495898,-0.104777,0.500500,-0.865466,-0.021628,-0.079956,-0.071085,0.994261,0,0.25189,-1.00000,28.549,-0.417,509.572,389.886,-1,444.812,-1,358.401,373.570,365.174,585.305,-1,-1,-1,-1,603.952,684.081,667.045,-1,0,0,2,0,2,0,0,0,0,2,2,2,2,0,0,0,2
141,-8682.172,6620.056,139.531,149.477,-0.857303,-0.499046,-0.126430,0.505456,-0.862552,-0.022743,-0.097703,-0.083403,0.991715,0,0.25189,-1.00000,28.023,-0.384,411.717,363.794,-1,423.096,-1,336.588,354.024,367.829,623.038,-1,-1,-1,-1,550.779,640.512,536.492,958.032,0,0,2,0,2,0,0,0,0,2,2,2,2,0,0,0,0
142,-8705.989,6634.058,142.220,149.088,-0.852311,-0.502131,-0.146389,0.510336,-0.859681,-0.022492,-0.114554,-0.093878,0.988971,0,0.25189,-1.00000,27.628,-0.389,348.771,343.673,-1,405.077,-1,319.157,338.129,372.635,662.231,-1,-1,-1,-1,510.018,604.408,445.210,857.469,0,0,2,0,2,0,0,0,0,2,2,2,2,0,0,0,0
143,-8729.687,6647.953,145.952,148.743,-0.847985,-0.505280,-0.160042,0.514714,-0.857099,-0.021213,-0.126453,-0.100364,0.986882,0,0.25189,-1.00000,27.471,-0.345,324.467,334.588,954.496,395.115,-1,310.234,329.559,379.066,694.820,-1,-1,-1,-1,489.463,583.701,407.306,805.857,0,0,0,0,2,0,0,0,0,2,2,2,2,0,0,0,0
144,-8753.044,6661.888,150.492,148.490,-0.844828,-0.508216,-0.167279,0.517906,-0.855264,-0.017232,-0.134310,-0.101193,0.985759,0,0.25189,-1.00000,27.198,-0.252,328.758,334.429,918.219,390.379,-1,308.023,326.264,384.150,713.963,-1,-1,-1,-1,483.539,572.370,407.837,776.853,0,0,0,0,2,0,0,0,0,2,2,2,2,0,0,0,0
145,-8776.172,6675.775,155.436,148.380,-0.843495,-0.510322,-0.167592,0.519335,-0.854488,-0.011890,-0.137138,-0.097065,0.985785,0,0.25189,-1.00000,26.977,-0.111,358.549,342.827,913.608,391.401,-1,312.584,328.421,394.456,715.540,-1,-1,-1,-1,489.704,571.695,437.985,771.710,0,0,0,0,2,0,0,0,0,2,2,2,2,0,0,0,0
146,-8803.308,6692.518,161.563,148.306,-0.843442,-0.513421,-0.158130,0.520797,-0.853658,-0.006178,-0.131817,-0.087564,0.987399,0,0.25189,-1.00000,31.885,-0.074,428.383,364.103,958.760,402.814,-1,328.522,339.904,412.528,702.145,-1,-1,-1,-1,519.348,590.158,511.257,811.723,0,0,0,0,2,0,0,0,0,2,2,2,2,0,0,0,0
147,-8820.361,6704.112,165.698,148.103,-0.842430,-0.518159,-0.147726,0.524315,-0.851518,-0.003232,-0.124117,-0.080178,0.989023,0,0.25189,-1.00000,20.622,-0.204,490.326,383.436,-1,415.628,-1,343.671,351.626,418.093,692.821,-1,-1,-1,-1,545.038,612.471,569.274,867.419,0,0,2,0,2,0,0,0,0,2,2,2,2,0,0,0,0
148,-8840.135,6718.289,171.246,147.813,-0.841257,-0.525502,-0.127021,0.529492,-0.848310,0.002749,-0.109198,-0.064944,0.991896,0,0.32619,-1.00000,24.330,-0.289,599.399,418.330,-1,437.807,-1,368.706,372.621,426.667,665.564,-1,-1,-1,-1,596.954,653.152,676.178,977.740,0,0,2,0,2,0,0,0,0,2,2,2,2,0,0,0,0
149,-8856.909,6732.911,177.377,147.132,-0.836461,-0.538207,-0.103272,0.540465,-0.841336,0.007119,-0.090718,-0.049860,0.994628,0,0.32619,-1.00000,22.253,-0.681,739.644,461.755,-1,467.246,-1,400.042,399.749,439.089,643.994,-1,-1,-1,-1,659.370,709.360,806.112,-1,0,0,2,0,2,0,0,0,0,2,2,2,2,0,0,0,2
150,-8870.480,6748.993,183.264,146.043,-0.827197,-0.555349,-0.085630,0.557041,-0.830471,0.004885,-0.073826,-0.043658,0.996315,0,0.32619,-1.00000,21.043,-1.089,870.615,499.342,-1,498.899,-1,429.133,426.504,455.477,647.184,-1,-1,-1,-1,716.289,777.195,933.457,-1,0,0,2,0,2,0,0,0,0,2,2,2,2,0,0,0,2
151,-8883.552,6765.381,187.951,144.902,-0.816812,-0.572666,-0.069796,0.574026,-0.818837,0.000696,-0.057550,-0.039496,0.997561,0,0.32619,-1.00000,20.963,-1.142,1007.951,529.557,-1,529.707,-1,454.702,451.737,479.951,651.729,-1,-1,-1,-1,773.237,851.794,-1,-1,0,0,2,0,2,0,0,0,0,2,2,2,2,0,0,2,2
152,-8896.455,6781.886,191.364,143.744,-0.805684,-0.589798,-0.054877,0.590885,-0.806742,-0.004585,-0.041567,-0.036120,0.998483,0,0.32619,-1.00000,20.950,-1.158,-1,559.358,-1,560.186,-1,478.707,475.768,488.419,654.392,-1,-1,-1,-1,830.800,933.078,-1,-1,2,0,2,0,2,0,0,0,0,2,2,2,2,0,0,2,2
153,-8909.286,6798.454,193.489,142.579,-0.793934,-0.606653,-0.040510,0.607460,-0.794279,-0.010639,-0.025722,-0.033055,0.999123,0,0.32619,-1.00000,20.956,-1.164,-1,587.641,-1,589.593,-1,501.592,498.427,483.416,653.967,-1,-1,-1,-1,892.884,-1,-1,-1,2,0,2,0,2,0,0,0,0,2,2,2,2,0,2,2,2
154,-8922.104,6815.055,194.325,141.413,-0.781629,-0.623184,-0.026422,0.623665,-0.781501,-0.017268,-0.009888,-0.029976,0.999502,0,0.32619,-1.00000,20.974,-1.166,-1,613.280,-1,619.600,-1,523.155,519.922,479.330,649.686,-1,-1,-1,-1,959.330,-1,-1,-1,2,0,2,0,2,0,0,0,0,2,2,2,2,0,2,2,2
155,-8934.911,6831.687,193.872,140.246,-0.768780,-0.639389,-0.012614,0.639486,-0.768413,-0.024453,0.005942,-0.026866,0.999621,0,0.32619,-1.00000,20.991,-1.168,-1,639.379,-1,649.532,-1,543.688,539.749,479.385,641.600,-1,-1,-1,-1,-1,-1,-1,-1,2,0,2,0,2,0,0,0,0,2,2,2,2,2,2,2,2
156,-8947.705,6848.349,192.133,139.076,-0.755395,-0.655269,0.000897,0.654909,-0.755023,-0.032179,0.021763,-0.023720,0.999482,0,0.32619,-1.00000,21.008,-1.170,-1,664.275,-1,678.764,-1,562.242,558.552,485.360,629.780,-1,-1,-1,-1,-1,-1,-1,-1,2,0,2,0,2,0,0,0,0,2,2,2,2,2,2,2,2
157,-8960.485,6865.042,189.107,137.903,-0.741484,-0.670823,0.014092,0.669918,-0.741334,-0.040429,0.037567,-0.020537,0.999083,0,0.32619,-1.00000,21.023,-1.173,-1,689.414,-1,707.722,-1,578.872,575.954,488.904,614.303,-1,-1,-1,-1,-1,-1,-1,-1,2,0,2,0,2,0,0,0,0,2,2,2,2,2,2,2,2
158,-8973.249,6881.763,184.795,136.727,-0.727058,-0.686047,0.026946,0.684501,-0.727351,-0.049188,0.053344,-0.017318,0.998426,0,0.32619,-1.00000,21.036,-1.176,-1,713.537,-1,735.003,-1,594.618,591.963,489.976,595.240,-1,-1,-1,-1,-1,-1,-1,-1,2,0,2,0,2,0,0,0,0,2,2,2,2,2,2,2,2
159,-8985.775,6898.752,179.233,135.608,-0.712862,-0.700264,0.038187,0.697903,-0.713708,-0.059606,0.068994,-0.015840,0.997491,0,0.32619,-1.00000,21.108,-1.119,-1,734.620,-1,762.576,-1,608.498,607.524,485.999,577.088,-1,-1,-1,-1,-1,-1,-1,-1,2,0,2,0,2,0,0,0,0,2,2,2,2,2,2,2,2
160,-8998.130,6915.914,172.418,134.525,-0.698711,-0.713784,0.048125,0.710399,-0.700194,-0.071141,0.084476,-0.015519,0.996305,0,0.32619,-1.00000,21.146,-1.083,-1,754.733,-1,789.164,-1,620.436,621.711,477.212,558.217,-1,-1,-1,-1,-1,-1,-1,-1,2,0,2,0,2,0,0,0,0,2,2,2,2,2,2,2,2
161,-9009.918,6933.411,164.738,133.519,-0.685319,-0.726400,0.051783,0.721701,-0.686953,-0.085103,0.097391,-0.020951,0.995026,0,0.32619,-1.00000,21.098,-1.006,-1,761.029,-1,812.963,-1,625.116,630.013,457.811,548.917,-1,912.260,943.986,-1,-1,-1,-1,-1,2,0,2,0,2,0,0,0,0,2,0,0,2,2,2,2,2
162,-9021.029,6951.004,156.808,132.544,-0.672504,-0.738831,0.043206,0.732769,-0.672905,-0.101235,0.103869,-0.036421,0.993924,0,0.32619,-1.00000,20.808,-0.974,-1,737.671,-1,825.740,-1,613.094,624.691,424.159,560.483,834.318,700.610,831.720,-1,-1,-1,-1,-1,2,0,2,0,2,0,0,0,0,0,0,0,2,2,2,2,2
163,-9033.778,6971.350,147.052,131.213,-0.655456,-0.755026,0.017714,0.748383,-0.652484,-0.119116,0.101494,-0.064818,0.992722,0,0.32619,-1.00000,24.010,-1.332,-1,672.147,-1,813.979,-1,573.064,595.420,373.192,599.803,570.915,471.831,743.307,-1,-1,-1,-1,-1,2,0,2,0,2,0,0,0,0,0,0,0,2,2,2,2,2
164,-9041.516,6984.089,141.121,130.300,-0.644158,-0.764861,-0.006972,0.759557,-0.638563,-0.123735,0.090189,-0.085000,0.992291,0,0.32619,-1.00000,14.905,-0.913,-1,605.581,-1,772.093,-1,527.548,555.955,340.238,638.836,565.739,427.534,851.721,-1,-1,-1,-1,-1,2,0,2,0,2,0,0,0,0,0,0,0,2,2,2,2,2
165,-9050.091,6998.964,136.176,129.306,-0.631889,-0.774482,-0.029887,0.771865,-0.625319,-0.114894,0.070294,-0.095669,0.992928,0,0.32619,-1.00000,17.170,-0.995,-1,536.902,-1,693.656,-1,470.988,501.404,320.894,652.503,578.486,796.998,-1,-1,-1,-1,-1,-1,2,0,2,0,2,0,0,0,0,0,0,2,2,2,2,2,2
166,-9056.856,7012.535,135.020,128.485,-0.621554,-0.782399,-0.039032,0.781815,-0.616408,-0.093846,0.049365,-0.088846,0.994821,0,0.32619,-1.00000,15.163,-0.820,-1,492.003,-1,616.047,-1,430.235,456.240,327.109,619.306,617.316,-1,-1,-1,905.469,-1,-1,-1,2,0,2,0,2,0,0,0,0,0,2,2,2,0,2,2,2
167,-9062.209,7025.375,137.945,127.795,-0.612476,-0.789741,-0.034396,0.789734,-0.609408,-0.070307,0.034563,-0.070225,0.996932,0,0.32619,-1.00000,13.911,-0.690,-1,478.908,-1,567.584,-1,413.545,432.526,354.532,570.925,917.038,-1,-1,-1,864.814,-1,-1,-1,2,0,2,0,2,0,0,0,0,0,2,2,2,0,2,2,2
168,-9067.234,7038.408,143.711,127.180,-0.604059,-0.796677,-0.020447,0.796403,-0.602513,-0.052149,0.029227,-0.047785,0.998430,0,0.32619,-1.00000,13.968,-0.616,-1,493.792,-1,552.822,-1,419.522,431.183,395.343,532.246,-1,-1,-1,-1,921.872,-1,-1,-1,2,0,2,0,2,0,0,0,0,2,2,2,2,0,2,2,2
169,-9072.328,7051.730,150.862,126.592,-0.595805,-0.803122,-0.003196,0.802480,-0.595159,-0.042565,0.032282,-0.027926,0.999089,0,0.32619,-1.00000,14.263,-0.587,-1,527.715,-1,565.095,-1,441.982,448.093,440.147,509.081,-1,-1,-1,-1,-1,-1,-1,-1,2,0,2,0,2,0,0,0,0,2,2,2,2,2,2,2,2
170,-9077.514,7065.197,158.246,126.025,-0.587678,-0.808994,0.012789,0.808126,-0.587675,-0.039639,0.039584,-0.012960,0.999132,0,0.32619,-1.00000,14.431,-0.567,-1,571.992,-1,592.378,-1,472.128,474.263,479.468,499.389,-1,-1,-1,-1,-1,-1,-1,-1,2,0,2,0,2,0,0,0,0,2,2,2,2,2,2,2,2
171,-9084.026,7081.428,166.306,125.372,-0.578125,-0.815379,0.030476,0.814344,-0.578927,-0.041085,0.051143,0.001066,0.998691,0,0.32619,-1.00000,17.488,-0.653,-1,634.361,-1,633.668,-1,512.922,510.761,521.277,494.437,-1,-1,-1,-1,-1,-1,-1,-1,2,0,2,0,2,0,0,0,0,2,2,2,2,2,2,2,2
172,-9088.360,7092.308,170.797,124.935,-0.571648,-0.819454,0.041391,0.818369,-0.573071,-0.043156,0.059084,0.009203,0.998211,0,0.32619,-1.00000,11.711,-0.437,-1,678.225,-1,661.066,-1,540.071,534.933,546.615,491.272,-1,-1,-1,-1,-1,-1,-1,-1,2,0,2,0,2,0,0,0,0,2,2,2,2,2,2,2,2
173,-9093.691,7105.936,175.348,124.379,-0.563346,-0.824470,0.053758,0.823385,-0.565609,-0.046086,0.068402,0.018301,0.997490,0,0.32619,-1.00000,14.634,-0.556,-1,732.477,-1,692.640,-1,571.109,562.629,574.855,486.601,-1,-1,-1,-1,-1,-1,-1,-1,2,0,2,0,2,0,0,0,0,2,2,2,2,2,2,2,2
174,-9098.910,7119.594,178.794,123.811,-0.554812,-0.829514,0.063951,0.828437,-0.557900,-0.049392,0.076649,0.025576,0.996730,0,0.52381,-0.69806,14.621,-0.569,-1,785.811,-1,720.295,-1,598.886,586.803,597.468,482.429,-1,-1,-1,-1,-1,-1,-1,-1,2,0,2,0,2,0,0,0,0,2,2,2,2,2,2,2,2
175,-9104.047,7133.313,181.192,123.239,-0.546210,-0.834587,0.071551,0.833460,-0.550024,-0.053090,0.083663,0.030637,0.996023,0,0.52381,-0.69806,14.649,-0.572,-1,833.549,-1,744.306,-1,621.260,606.898,614.121,479.807,-1,-1,-1,-1,-1,-1,-1,-1,2,0,2,0,2,0,0,0,0,2,2,2,2,2,2,2,2
176,-9109.187,7147.078,182.610,122.689,-0.537918,-0.839533,0.076341,0.838261,-0.542284,-0.056973,0.089229,0.033346,0.995453,0,0.52381,-0.69806,14.693,-0.550,-1,872.550,-1,764.566,-1,638.927,621.950,624.244,479.347,-1,-1,-1,-1,-1,-1,-1,-1,2,0,2,0,2,0,0,0,0,2,2,2,2,2,2,2,2
177,-9114.495,7160.821,183.122,122.186,-0.530358,-0.844139,0.078419,0.842646,-0.535049,-0.060589,0.093103,0.033946,0.995078,0,0.52381,-0.69806,14.732,-0.502,-1,897.482,-1,778.615,-1,649.478,631.202,627.362,480.106,-1,-1,-1,-1,-1,-1,-1,-1,2,0,2,0,2,0,0,0,0,2,2,2,2,2,2,2,2
178,-9120.135,7174.374,182.846,121.715,-0.523336,-0.848593,0.077524,0.846866,-0.528041,-0.063165,0.094537,0.032596,0.994988,0,0.52381,-0.69806,14.679,-0.471,-1,903.949,-1,783.670,-1,650.598,632.886,624.316,481.761,-1,-1,-1,-1,-1,-1,-1,-1,2,0,2,0,2,0,0,0,0,2,2,2,2,2,2,2,2
179,-9126.144,7187.806,181.801,121.292,-0.517120,-0.852732,0.073717,0.850769,-0.521531,-0.064793,0.093697,0.029211,0.995172,0,0.52381,-0.69806,14.715,-0.422,-1,891.985,-1,780.180,-1,643.297,627.239,615.386,484.873,-1,-1,-1,-1,-1,-1,-1,-1,2,0,2,0,2,0,0,0,0,2,2,2,2,2,2,2,2
