timestep,x_cm,y_cm,z_cm,yaw_deg,basis_xx,basis_xy,basis_xz,basis_yx,basis_yy,basis_yz,basis_zx,basis_zy,basis_zz,teleport_flag,throttle_cmd,steering_cmd,cmd_move_cm,cmd_turn_deg,lidar_cm_0,lidar_cm_1,lidar_cm_2,lidar_cm_3,lidar_cm_4,lidar_cm_5,lidar_cm_6,lidar_cm_7,lidar_cm_8,lidar_cm_9,lidar_cm_10,lidar_cm_11,lidar_cm_12,lidar_cm_13,lidar_cm_14,lidar_cm_15,lidar_cm_16,lidar_class_0,lidar_class_1,lidar_class_2,lidar_class_3,lidar_class_4,lidar_class_5,lidar_class_6,lidar_class_7,lidar_class_8,lidar_class_9,lidar_class_10,lidar_class_11,lidar_class_12,lidar_class_13,lidar_class_14,lidar_class_15,lidar_class_16
0,6234.012,-5571.425,-151.193,56.372,0.554007,-0.832511,0.001142,0.832127,0.553709,-0.031142,0.025294,0.018203,0.999514,1,0.08000,-0.12000,4.800,-0.240,-1,375.000,-1,400.000,-1,325.000,325.000,300.000,300.000,550.000,650.000,600.000,850.000,700.000,775.000,-1,-1,2,0,2,0,2,0,0,0,0,1,0,0,1,0,0,2,2
1,6239.395,-5563.476,-150.987,55.892,0.560963,-0.827840,0.000956,0.827451,0.560663,-0.031355,0.025421,0.018380,0.999508,0,0.16000,-0.24000,9.600,-0.480,-1,375.000,-1,400.000,-1,325.000,325.000,300.000,300.000,550.000,650.000,600.000,875.000,700.000,775.000,-1,-1,2,0,2,0,2,0,0,0,0,1,0,0,1,0,0,2,2
2,6247.619,-5551.655,-150.681,55.172,0.571322,-0.820726,0.000673,0.820327,0.571018,-0.031665,0.025604,0.018643,0.999498,0,0.24000,-0.36000,14.400,-0.720,-1,375.000,-1,400.000,-1,325.000,325.000,300.000,300.000,550.000,675.000,600.000,875.000,700.000,775.000,-1,-1,2,0,2,0,2,0,0,0,0,1,0,0,1,0,0,2,2
3,6258.847,-5536.080,-150.281,54.212,0.584993,-0.811038,0.000291,0.810627,0.584685,-0.032058,0.025830,0.018989,0.999486,0,0.32000,-0.48000,19.200,-0.960,-1,375.000,-1,400.000,-1,325.000,325.000,300.000,300.000,550.000,675.000,600.000,900.000,725.000,775.000,-1,-1,2,0,2,0,2,0,0,0,0,1,0,0,1,0,0,2,2
4,6273.287,-5516.910,-149.799,53.012,0.601850,-0.798609,-0.000204,0.798184,0.601537,-0.032481,0.026062,0.019386,0.999472,0,0.40000,-0.60000,24.000,-1.200,-1,375.000,-1,400.000,-1,325.000,325.000,300.000,300.000,550.000,675.000,625.000,950.000,725.000,775.000,-1,-1,2,0,2,0,2,0,0,0,0,1,0,0,1,0,0,2,2
5,6291.125,-5494.299,-149.233,51.729,0.619580,-0.784933,-0.000791,0.784492,0.619264,-0.032931,0.026338,0.019783,0.999457,0,0.48000,-0.64154,28.800,-1.283,-1,375.000,-1,400.000,-1,325.000,325.000,300.000,300.000,550.000,700.000,625.000,975.000,725.000,800.000,-1,-1,2,0,2,0,2,0,0,0,0,1,0,0,1,0,0,2,2
6,6312.529,-5468.399,-148.390,50.430,0.637231,-0.770673,-0.000445,0.770233,0.636887,-0.033405,0.026028,0.020944,0.999442,0,0.56000,-0.64959,33.600,-1.299,-1,375.000,-1,400.000,-1,325.000,325.000,300.000,300.000,575.000,725.000,650.000,-1,725.000,800.000,-1,-1,2,0,2,0,2,0,0,0,0,1,0,0,2,0,0,2,2
7,6337.665,-5439.369,-147.440,49.111,0.654814,-0.755790,0.000008,0.755355,0.654437,-0.033921,0.025632,0.022218,0.999425,0,0.64000,-0.65939,38.400,-1.319,-1,375.000,-1,400.000,-1,325.000,325.000,300.000,300.000,600.000,775.000,700.000,-1,725.000,800.000,-1,-1,2,0,2,0,2,0,0,0,0,1,1,0,2,0,0,2,2
8,6365.212,-5409.022,-146.461,47.769,0.672351,-0.740232,0.000458,0.739804,0.671941,-0.034433,0.025180,0.023490,0.999407,0,0.68308,-0.67108,40.985,-1.342,-1,375.000,-1,400.000,-1,325.000,325.000,300.000,300.000,625.000,800.000,750.000,-1,725.000,800.000,-1,-1,2,0,2,0,2,0,0,0,0,1,1,0,2,0,0,2,2
9,6393.486,-5379.330,-145.519,46.400,0.689845,-0.723957,0.000886,0.723537,0.689403,-0.034902,0.024657,0.024718,0.999390,0,0.68334,-0.68405,41.000,-1.368,-1,375.000,-1,400.000,-1,325.000,325.000,300.000,300.000,650.000,800.000,800.000,-1,725.000,800.000,-1,-1,2,0,2,0,2,0,0,0,0,1,1,0,2,0,0,2,2
10,6422.537,-5350.273,-144.613,45.005,0.707275,-0.706937,0.001293,0.706529,0.706802,-0.035329,0.024062,0.025901,0.999375,0,0.68480,-0.69751,41.088,-1.395,-1,375.000,-1,400.000,-1,325.000,325.000,300.000,300.000,675.000,825.000,850.000,-1,725.000,800.000,-1,-1,2,0,2,0,2,0,0,0,0,1,1,0,2,0,0,2,2
11,6452.414,-5321.839,-143.685,43.583,0.724623,-0.689143,0.001708,0.688742,0.724112,-0.036017,0.023584,0.027275,0.999350,0,0.68742,-0.71144,41.245,-1.423,-1,400.000,-1,400.000,-1,325.000,325.000,300.000,300.000,725.000,850.000,875.000,-1,725.000,800.000,-1,-1,2,0,2,0,2,0,0,0,0,1,1,0,2,0,0,2,2
12,6483.167,-5294.020,-142.759,42.131,0.741861,-0.670550,0.002107,0.670154,0.741307,-0.036839,0.023140,0.028742,0.999319,0,0.69115,-0.72584,41.469,-1.452,-1,400.000,-1,400.000,-1,325.000,325.000,300.000,300.000,750.000,875.000,925.000,-1,750.000,800.000,-1,-1,2,0,2,0,2,0,0,0,0,1,1,0,2,0,0,2,2
13,6514.848,-5266.818,-141.889,40.650,0.758960,-0.651133,0.002562,0.650746,0.758362,-0.037639,0.022565,0.030233,0.999288,0,0.69594,-0.74070,41.757,-1.481,-1,400.000,-1,400.000,-1,325.000,325.000,300.000,300.000,775.000,875.000,975.000,-1,750.000,800.000,-1,-1,2,0,2,0,2,0,0,0,0,1,1,1,2,0,0,2,2
14,6547.507,-5240.240,-141.056,39.137,0.775886,-0.630866,0.002983,0.630493,0.775245,-0.038402,0.021914,0.031677,0.999258,0,0.70177,-0.75603,42.106,-1.512,-1,400.000,-1,400.000,-1,325.000,325.000,300.000,300.000,825.000,900.000,1000.000,-1,750.000,800.000,-1,-1,2,0,2,0,2,0,0,0,0,1,1,1,2,0,0,2,2
15,6582.014,-5213.671,-140.239,37.595,0.792596,-0.609738,0.003383,0.609379,0.791912,-0.039145,0.021189,0.033088,0.999228,0,0.72585,-0.77137,43.551,-1.543,-1,400.000,-1,400.000,-1,325.000,325.000,300.000,300.000,875.000,925.000,1000.000,-1,750.000,800.000,-1,-1,2,0,2,0,2,0,0,0,0,1,1,1,2,0,0,2,2
16,6617.462,-5187.895,-139.460,36.022,0.809036,-0.587747,0.003751,0.587406,0.808312,-0.039817,0.020370,0.034417,0.999200,0,0.73047,-0.78637,43.828,-1.573,-1,400.000,-1,400.000,-1,325.000,325.000,300.000,300.000,900.000,950.000,-1,-1,775.000,800.000,-1,-1,2,0,2,0,2,0,0,0,0,1,1,2,2,0,0,2,2
17,6653.897,-5162.930,-138.594,34.418,0.825164,-0.564879,0.004127,0.564571,0.824423,-0.039834,0.019099,0.035199,0.999198,0,0.73612,-0.80189,44.167,-1.604,-1,400.000,-1,400.000,-1,325.000,325.000,300.000,300.000,950.000,975.000,-1,-1,775.000,800.000,-1,-1,2,0,2,0,2,0,0,0,0,1,1,2,2,0,0,2,2
18,6692.279,-5138.407,-137.784,32.574,0.842903,-0.538047,0.004433,0.537774,0.842148,-0.039816,0.017690,0.035945,0.999197,0,0.75912,-0.92189,45.547,-1.844,-1,400.000,-1,400.000,-1,325.000,325.000,300.000,300.000,1000.000,1000.000,-1,-1,775.000,800.000,-1,-1,2,0,2,0,2,0,0,0,0,1,1,2,2,0,0,2,2
19,6731.866,-5114.969,-137.045,30.629,0.860677,-0.509130,0.004687,0.508893,0.859911,-0.039767,0.016216,0.036611,0.999198,0,0.76675,-0.97290,46.005,-1.946,-1,400.000,-1,400.000,-1,325.000,325.000,300.000,300.000,-1,-1,-1,-1,775.000,800.000,-1,-1,2,0,2,0,2,0,0,0,0,2,2,2,2,0,0,2,2
20,6772.660,-5092.666,-136.422,28.666,0.877597,-0.479373,0.004933,0.479176,0.876831,-0.039469,0.014595,0.037002,0.999209,0,0.77486,-0.98134,46.492,-1.963,-1,400.000,-1,400.000,-1,325.000,325.000,300.000,300.000,-1,-1,-1,-1,775.000,800.000,-1,-1,2,0,2,0,2,0,0,0,0,2,2,2,2,0,0,2,2
21,6818.488,-5069.631,-135.842,26.686,0.893624,-0.448786,0.005201,0.448631,0.892864,-0.039029,0.012872,0.037211,0.999225,0,0.85486,-0.99008,51.292,-1.980,-1,400.000,-1,400.000,-1,325.000,325.000,300.000,300.000,-1,-1,-1,-1,775.000,775.000,-1,-1,2,0,2,0,2,0,0,0,0,2,2,2,2,0,0,2,2
22,6867.961,-5046.891,-135.328,24.686,0.908728,-0.417353,0.005466,0.417241,0.907979,-0.038518,0.011113,0.037283,0.999243,0,0.90748,-0.99992,54.449,-2.000,-1,400.000,-1,400.000,-1,325.000,325.000,300.000,300.000,-1,-1,-1,-1,775.000,775.000,-1,-1,2,0,2,0,2,0,0,0,0,2,2,2,2,0,0,2,2
23,6918.767,-5025.653,-134.843,22.686,0.922727,-0.385408,0.006015,0.385347,0.921984,-0.038116,0.009145,0.037488,0.999255,0,0.91777,-1.00000,55.066,-2.000,-1,400.000,-1,400.000,-1,325.000,325.000,300.000,300.000,-1,-1,-1,-1,775.000,775.000,-1,-1,2,0,2,0,2,0,0,0,0,2,2,2,2,0,0,2,2
24,6970.878,-5005.977,-134.401,20.686,0.935602,-0.352993,0.006770,0.352988,0.934863,-0.037817,0.007020,0.037771,0.999262,0,0.92835,-1.00000,55.701,-2.000,-1,400.000,-1,400.000,-1,325.000,325.000,300.000,300.000,-1,-1,-1,-1,775.000,775.000,-1,-1,2,0,2,0,2,0,0,0,0,2,2,2,2,0,0,2,2
25,7024.257,-4987.924,-134.055,18.686,0.947337,-0.320150,0.007486,0.320200,0.946608,-0.037497,0.004919,0.037919,0.999269,0,0.93915,-1.00000,56.349,-2.000,-1,400.000,-1,400.000,1000.000,325.000,325.000,300.000,300.000,-1,-1,-1,-1,775.000,775.000,-1,975.000,2,0,2,0,1,0,0,0,0,2,2,2,2,0,0,2,1
26,7081.731,-4970.697,-133.794,16.686,0.957920,-0.286919,0.008196,0.287022,0.957204,-0.037137,0.002810,0.037926,0.999277,0,1.00000,-1.00000,60.000,-2.000,-1,400.000,-1,400.000,950.000,325.000,325.000,300.000,300.000,-1,-1,-1,-1,775.000,750.000,-1,925.000,2,0,2,0,1,0,0,0,0,2,2,2,2,0,0,2,1
27,7139.771,-4955.486,-133.639,14.686,0.967337,-0.253339,0.008850,0.253492,0.966638,-0.036767,0.000760,0.037810,0.999285,0,1.00000,-1.00000,60.000,-2.000,-1,400.000,-1,400.000,900.000,325.000,325.000,300.000,300.000,-1,-1,-1,-1,775.000,750.000,-1,875.000,2,0,2,0,1,0,0,0,0,2,2,2,2,0,1,2,1
28,7198.307,-4942.309,-133.598,12.686,0.975579,-0.219451,0.009357,0.219648,0.974898,-0.036456,-0.001122,0.037621,0.999291,0,1.00000,-1.00000,60.000,-2.000,-1,400.000,-1,400.000,850.000,325.000,325.000,300.000,300.000,-1,-1,-1,-1,775.000,700.000,-1,825.000,2,0,2,0,1,0,0,0,0,2,2,2,2,0,1,2,1
29,7257.266,-4931.184,-133.648,10.686,0.982634,-0.185296,0.009745,0.185530,0.981977,-0.036063,-0.002887,0.037245,0.999302,0,1.00000,-1.00000,60.000,-2.000,-1,400.000,-1,400.000,800.000,325.000,325.000,300.000,300.000,-1,-1,-1,-1,750.000,675.000,-1,775.000,2,0,2,0,1,0,0,0,0,2,2,2,2,0,1,2,1
30,7316.579,-4922.123,-133.777,8.686,0.988500,-0.150916,0.009643,0.151167,0.987861,-0.035770,-0.004127,0.036817,0.999314,0,1.00000,-1.00000,60.000,-2.000,-1,400.000,950.000,400.000,750.000,325.000,325.000,300.000,300.000,-1,-1,-1,-1,725.000,625.000,-1,725.000,2,0,1,0,1,0,0,0,0,2,2,2,2,1,1,2,1
31,7376.171,-4915.138,-133.976,6.686,0.993164,-0.116350,0.009409,0.116613,0.992543,-0.035506,-0.005208,0.036360,0.999325,0,1.00000,-1.00000,60.000,-2.000,-1,400.000,850.000,400.000,700.000,325.000,325.000,300.000,300.000,-1,-1,-1,-1,675.000,575.000,-1,675.000,2,0,1,0,1,0,0,0,0,2,2,2,2,1,1,2,1
32,7435.971,-4910.237,-134.267,4.686,0.996620,-0.081641,0.009116,0.081914,0.996019,-0.035157,-0.006209,0.035785,0.999340,0,1.00000,-1.00000,60.000,-2.000,-1,400.000,775.000,400.000,675.000,325.000,325.000,300.000,300.000,-1,-1,-1,-1,625.000,550.000,-1,625.000,2,0,1,0,1,0,0,0,0,2,2,2,2,1,1,2,1
33,7495.905,-4907.425,-134.644,2.686,0.998864,-0.046832,0.008775,0.047110,0.998286,-0.034726,-0.007134,0.035100,0.999358,0,1.00000,-1.00000,60.000,-2.000,-1,400.000,700.000,400.000,625.000,325.000,325.000,300.000,300.000,-1,-1,-1,-1,575.000,500.000,-1,575.000,2,0,1,0,1,0,0,0,0,2,2,2,2,1,1,2,1
34,7555.901,-4906.708,-135.104,0.686,0.999893,-0.011964,0.008401,0.012245,0.999340,-0.034212,-0.007986,0.034312,0.999379,0,1.00000,-1.00000,60.000,-2.000,-1,375.000,625.000,375.000,575.000,325.000,325.000,300.000,300.000,-1,-1,-1,-1,525.000,475.000,-1,525.000,2,1,1,1,1,0,0,0,0,2,2,2,2,1,1,2,1
35,7615.886,-4908.084,-135.642,-1.314,0.999705,0.022920,0.008006,-0.022639,0.999178,-0.033621,-0.008770,0.033430,0.999403,0,1.00000,-1.00000,60.000,-2.000,-1,350.000,550.000,350.000,525.000,300.000,300.000,300.000,300.000,-1,-1,-1,-1,475.000,425.000,650.000,475.000,2,1,1,1,1,1,1,0,0,2,2,2,2,1,1,1,1
36,7675.786,-4911.549,-136.255,-3.311,0.998304,0.057718,0.007601,-0.057438,0.997805,-0.032955,-0.009486,0.032462,0.999428,0,1.00000,-0.99825,60.000,-1.997,-1,325.000,500.000,325.000,475.000,275.000,275.000,300.000,300.000,-1,-1,-1,-1,400.000,400.000,525.000,425.000,2,1,1,1,1,1,1,0,0,2,2,2,2,1,1,1,1
37,7735.530,-4917.089,-136.937,-5.297,0.995708,0.092269,0.007198,-0.091993,0.995238,-0.032220,-0.010137,0.031420,0.999455,0,1.00000,-0.99311,60.000,-1.986,-1,275.000,425.000,275.000,425.000,250.000,250.000,300.000,300.000,-1,-1,-1,-1,350.000,350.000,400.000,375.000,2,1,1,1,1,1,1,0,0,2,2,2,2,1,1,1,1
38,7795.047,-4924.683,-137.683,-7.271,0.991943,0.126504,0.006809,-0.126232,0.991503,-0.031424,-0.010727,0.030311,0.999483,0,1.00000,-0.98709,60.000,-1.974,425.000,225.000,375.000,250.000,375.000,200.000,225.000,300.000,300.000,-1,-1,-1,-1,300.000,300.000,325.000,325.000,1,1,1,1,1,1,1,0,0,2,2,2,2,1,1,1,1
39,7854.271,-4934.306,-136.933,-9.231,0.987065,0.160318,0.000734,-0.160187,0.986426,-0.036120,-0.006515,0.035535,0.999347,0,1.00000,-0.98012,60.000,-1.960,325.000,200.000,325.000,225.000,325.000,175.000,200.000,325.000,300.000,-1,975.000,-1,-1,250.000,275.000,250.000,275.000,1,1,1,1,1,1,1,0,0,2,0,2,2,1,1,1,1
40,7913.136,-4945.920,-132.204,-11.175,0.980864,0.193496,-0.021558,-0.194402,0.979429,-0.054096,0.010647,0.057252,0.998303,0,1.00000,-0.97210,60.000,-1.944,325.000,175.000,300.000,200.000,300.000,175.000,175.000,375.000,275.000,-1,450.000,375.000,-1,225.000,250.000,250.000,250.000,1,1,1,1,1,1,1,0,0,2,0,0,2,1,1,1,1
41,3607.632,-7543.215,-67.195,-1.857,0.997703,0.032400,0.059482,-0.033593,0.999252,0.019160,-0.058817,-0.021114,0.998045,1,0.00000,0.00000,60.000,-1.926,-1,400.000,-1,400.000,-1,325.000,325.000,300.000,300.000,-1,-1,-1,-1,750.000,775.000,-1,-1,2,0,2,0,2,0,0,0,0,2,2,2,2,0,0,2,2
42,3612.429,-7543.375,-67.479,-1.914,0.997668,0.033393,0.059524,-0.034586,0.999219,0.019135,-0.058839,-0.021149,0.998043,0,0.08000,-0.02846,4.800,-0.057,-1,400.000,-1,400.000,-1,325.000,325.000,300.000,300.000,-1,-1,-1,-1,750.000,775.000,-1,-1,2,0,2,0,2,0,0,0,0,2,2,2,2,0,0,2,2
43,3622.023,-7543.705,-68.046,-1.971,0.997630,0.034378,0.059608,-0.035572,0.999185,0.019083,-0.058904,-0.021158,0.998039,0,0.16000,-0.02824,9.600,-0.056,-1,400.000,-1,400.000,-1,325.000,325.000,300.000,300.000,-1,-1,-1,-1,750.000,775.000,-1,-1,2,0,2,0,2,0,0,0,0,2,2,2,2,0,0,2,2
44,3636.414,-7544.214,-68.896,-2.026,0.997588,0.035348,0.059736,-0.036541,0.999151,0.019004,-0.059013,-0.021141,0.998033,0,0.24000,-0.02781,14.400,-0.056,-1,400.000,-1,400.000,-1,325.000,325.000,300.000,300.000,-1,-1,-1,-1,750.000,775.000,-1,-1,2,0,2,0,2,0,0,0,0,2,2,2,2,0,0,2,2
45,3655.602,-7544.911,-70.029,-2.080,0.997544,0.036295,0.059907,-0.037488,0.999118,0.018899,-0.059168,-0.021098,0.998025,0,0.32000,-0.02717,19.200,-0.054,-1,400.000,-1,400.000,-1,325.000,325.000,300.000,300.000,-1,-1,-1,-1,750.000,775.000,-1,-1,2,0,2,0,2,0,0,0,0,2,2,2,2,0,0,2,2
46,3679.585,-7545.805,-71.446,-2.133,0.997497,0.037215,0.060121,-0.038405,0.999086,0.018766,-0.059368,-0.021028,0.998015,0,0.40000,-0.02635,24.000,-0.053,-1,400.000,-1,400.000,-1,325.000,325.000,300.000,300.000,-1,-1,-1,-1,750.000,775.000,-1,-1,2,0,2,0,2,0,0,0,0,2,2,2,2,0,0,2,2
47,3708.364,-7546.902,-73.145,-2.184,0.997448,0.038099,0.060380,-0.039287,0.999055,0.018607,-0.059614,-0.020932,0.998002,0,0.48000,-0.02537,28.800,-0.051,-1,400.000,-1,400.000,-1,325.000,325.000,300.000,300.000,-1,-1,-1,-1,725.000,775.000,-1,-1,2,0,2,0,2,0,0,0,0,2,2,2,2,0,0,2,2
48,3741.939,-7548.211,-75.128,-2.232,0.997397,0.038945,0.060684,-0.040130,0.999025,0.018421,-0.059908,-0.020809,0.997987,0,0.56000,-0.02425,33.600,-0.048,-1,400.000,-1,400.000,-1,325.000,325.000,300.000,300.000,-1,-1,-1,-1,725.000,750.000,-1,-1,2,0,2,0,2,0,0,0,0,2,2,2,2,0,0,2,2
49,3780.308,-7549.738,-77.394,-2.278,0.997344,0.039748,0.061035,-0.040928,0.998996,0.018210,-0.060250,-0.020660,0.997970,0,0.64000,-0.02302,38.400,-0.046,-1,375.000,-1,400.000,-1,325.000,325.000,300.000,300.000,-1,-1,-1,-1,725.000,750.000,-1,-1,2,0,2,0,2,0,0,0,0,2,2,2,2,0,0,2,2
50,3823.473,-7551.488,-79.943,-2.322,0.997289,0.040506,0.061432,-0.041682,0.998969,0.017973,-0.060641,-0.020485,0.997949,0,0.72000,-0.02173,43.200,-0.043,-1,375.000,-1,400.000,-1,325.000,325.000,300.000,300.000,-1,-1,-1,-1,725.000,750.000,-1,-1,2,0,2,0,2,0,0,0,0,2,2,2,2,0,0,2,2
51,3869.972,-7553.407,-82.689,-2.363,0.997233,0.041218,0.061865,-0.042388,0.998944,0.017719,-0.061069,-0.020293,0.997927,0,0.77565,-0.02042,46.539,-0.041,-1,375.000,-1,400.000,-1,325.000,325.000,300.000,300.000,-1,-1,-1,-1,725.000,750.000,-1,-1,2,0,2,0,2,0,0,0,0,2,2,2,2,0,0,2,2
52,3916.448,-7555.356,-85.434,-2.401,0.997178,0.041887,0.062300,-0.043052,0.998920,0.017468,-0.061501,-0.020101,0.997905,0,0.77527,-0.01917,46.516,-0.038,-1,375.000,-1,400.000,-1,325.000,325.000,300.000,300.000,-1,-1,-1,-1,725.000,750.000,-1,-1,2,0,2,0,2,0,0,0,0,2,2,2,2,0,0,2,2
53,3962.896,-7557.333,-88.175,-2.437,0.997158,0.042519,0.062199,-0.043655,0.998902,0.017021,-0.061407,-0.019688,0.997919,0,0.77483,-0.01810,46.490,-0.036,-1,375.000,-1,400.000,-1,325.000,325.000,300.000,300.000,-1,-1,-1,-1,725.000,750.000,-1,-1,2,0,2,0,2,0,0,0,0,2,2,2,2,0,0,2,2
54,4009.311,-7559.337,-90.866,-2.472,0.997166,0.043119,0.061649,-0.044223,0.998883,0.016650,-0.060862,-0.019329,0.997959,0,0.77432,-0.01721,46.459,-0.034,-1,375.000,-1,400.000,-1,325.000,325.000,300.000,300.000,-1,-1,-1,-1,700.000,725.000,-1,-1,2,0,2,0,2,0,0,0,0,2,2,2,2,0,0,2,2
55,4055.693,-7561.366,-93.556,-2.505,0.997175,0.043694,0.061097,-0.044766,0.998865,0.016284,-0.060316,-0.018973,0.997999,0,0.77376,-0.01649,46.426,-0.033,-1,375.000,-1,400.000,-1,325.000,325.000,300.000,300.000,-1,-1,-1,-1,700.000,725.000,-1,-1,2,0,2,0,2,0,0,0,0,2,2,2,2,0,0,2,2
56,4103.205,-7563.555,-96.312,-2.638,0.997105,0.046018,0.060533,-0.047061,0.998765,0.015912,-0.059726,-0.018715,0.998039,0,0.79271,-0.06666,47.563,-0.133,-1,375.000,-1,400.000,-1,325.000,325.000,300.000,300.000,-1,-1,-1,-1,700.000,725.000,-1,-1,2,0,2,0,2,0,0,0,0,2,2,2,2,0,0,2,2
57,4145.926,-7565.444,-98.791,-2.531,0.997220,0.044159,0.060020,-0.045169,0.998858,0.015584,-0.059263,-0.018252,0.998076,0,0.71271,0.05334,42.763,0.107,-1,375.000,-1,400.000,-1,325.000,325.000,300.000,300.000,-1,-1,-1,-1,700.000,725.000,-1,-1,2,0,2,0,2,0,0,0,0,2,2,2,2,0,0,2,2
58,4186.320,-7567.150,-101.138,-2.419,0.997334,0.042197,0.059532,-0.043177,0.998951,0.015275,-0.058825,-0.017804,0.998110,0,0.67384,0.05628,40.430,0.113,-1,375.000,-1,400.000,1000.000,325.000,325.000,300.000,300.000,-1,-1,-1,-1,700.000,700.000,-1,-1,2,0,2,0,1,0,0,0,0,2,2,2,2,0,0,2,2
59,4226.881,-7568.789,-103.497,-2.313,0.997440,0.040355,0.059041,-0.041305,0.999034,0.014965,-0.058380,-0.017366,0.998143,0,0.67657,0.05282,40.594,0.106,-1,375.000,-1,400.000,1000.000,325.000,325.000,300.000,300.000,-1,-1,-1,-1,700.000,700.000,-1,-1,2,0,2,0,1,0,0,0,0,2,2,2,2,0,0,2,2
60,4267.601,-7570.364,-105.867,-2.215,0.997537,0.038638,0.058546,-0.039559,0.999110,0.014656,-0.057927,-0.016936,0.998177,0,0.67917,0.04925,40.750,0.099,-1,375.000,-1,400.000,975.000,325.000,325.000,300.000,300.000,-1,-1,-1,-1,675.000,700.000,-1,-1,2,0,2,0,1,0,0,0,0,2,2,2,2,0,0,2,2
61,4308.471,-7571.879,-108.248,-2.124,0.997626,0.037049,0.058047,-0.037942,0.999177,0.014346,-0.057468,-0.016515,0.998211,0,0.68164,0.04556,40.898,0.091,-1,375.000,-1,400.000,950.000,325.000,325.000,300.000,300.000,-1,-1,-1,-1,675.000,700.000,-1,-1,2,0,2,0,1,0,0,0,0,2,2,2,2,0,0,2,2
62,4349.482,-7573.340,-110.639,-2.040,0.997708,0.035594,0.057545,-0.036458,0.999237,0.014037,-0.057002,-0.016103,0.998244,0,0.68396,0.04174,41.037,0.083,-1,375.000,-1,375.000,925.000,325.000,325.000,300.000,300.000,-1,-1,-1,-1,675.000,700.000,-1,-1,2,0,2,0,1,0,0,0,0,2,2,2,2,0,0,2,2
63,4390.625,-7574.752,-113.040,-1.964,0.997783,0.034275,0.057040,-0.035112,0.999289,0.013729,-0.056529,-0.015701,0.998277,0,0.68612,0.03781,41.167,0.076,-1,375.000,-1,375.000,925.000,325.000,325.000,300.000,300.000,-1,-1,-1,-1,675.000,675.000,-1,-1,2,0,2,0,1,0,0,0,0,2,2,2,2,0,0,2,2
64,4431.890,-7576.119,-115.450,-1.897,0.997852,0.033098,0.056532,-0.033908,0.999335,0.013421,-0.056050,-0.015309,0.998311,0,0.68812,0.03375,41.287,0.067,-1,375.000,-1,375.000,900.000,300.000,325.000,300.000,300.000,-1,-1,-1,-1,675.000,675.000,-1,-1,2,0,2,0,1,0,0,0,0,2,2,2,2,0,0,2,2
65,4473.265,-7577.446,-117.867,-1.838,0.997914,0.032067,0.056022,-0.032850,0.999374,0.013114,-0.055566,-0.014927,0.998343,0,0.68995,0.02957,41.397,0.059,-1,375.000,-1,375.000,875.000,300.000,300.000,300.000,300.000,-1,-1,-1,-1,675.000,675.000,-1,-1,2,0,2,0,1,0,0,0,0,2,2,2,2,0,0,2,2
66,4514.740,-7578.741,-120.292,-1.787,0.997971,0.031185,0.055508,-0.031943,0.999408,0.012808,-0.055076,-0.014555,0.998376,0,0.69159,0.02527,41.496,0.051,-1,375.000,-1,375.000,875.000,300.000,300.000,300.000,300.000,-1,-1,-1,-1,650.000,675.000,-1,-1,2,0,2,0,1,0,0,0,0,2,2,2,2,0,0,2,2
67,4556.304,-7580.007,-122.724,-1.746,0.998022,0.030458,0.054993,-0.031190,0.999435,0.012503,-0.054581,-0.014194,0.998408,0,0.69305,0.02085,41.583,0.042,-1,375.000,-1,375.000,850.000,300.000,300.000,300.000,300.000,-1,-1,-1,-1,650.000,650.000,-1,-1,2,0,2,0,1,0,0,0,0,2,2,2,2,0,0,2,2
68,4597.943,-7581.253,-125.025,-1.713,0.998074,0.029889,0.054360,-0.030573,0.999463,0.011792,-0.053979,-0.013432,0.998452,0,0.69430,0.01631,41.658,0.033,-1,375.000,-1,375.000,850.000,300.000,300.000,300.000,300.000,-1,-1,-1,-1,650.000,650.000,-1,-1,2,0,2,0,1,0,0,0,0,2,2,2,2,0,0,2,2
69,4639.646,-7582.483,-126.666,-1.690,0.998190,0.029483,0.052411,-0.030132,0.999478,0.011649,-0.052040,-0.013207,0.998558,0,0.69535,0.01166,41.721,0.023,-1,375.000,-1,375.000,850.000,300.000,300.000,300.000,300.000,-1,-1,-1,-1,650.000,650.000,-1,-1,2,0,2,0,1,0,0,0,0,2,2,2,2,0,0,2,2
70,4681.399,-7583.705,-128.274,-1.676,0.998303,0.029242,0.050358,-0.029864,0.999486,0.011636,-0.049992,-0.013120,0.998663,0,0.69618,0.00689,41.771,0.014,-1,375.000,-1,375.000,850.000,300.000,300.000,300.000,300.000,-1,-1,825.000,-1,650.000,675.000,-1,-1,2,0,2,0,1,0,0,0,0,2,2,0,2,0,0,2,2
71,4723.188,-7584.925,-129.885,-1.672,0.998407,0.029172,0.048302,-0.029766,0.999489,0.011622,-0.047938,-0.013041,0.998765,0,0.69679,0.00202,41.807,0.004,-1,375.000,-1,375.000,850.000,300.000,300.000,300.000,300.000,-1,800.000,725.000,-1,675.000,675.000,-1,-1,2,0,2,0,1,0,0,0,0,2,0,0,2,0,0,2,2
72,4765.000,-7586.149,-131.496,-1.678,0.998501,0.029275,0.046243,-0.029841,0.999487,0.011608,-0.045879,-0.012971,0.998863,0,0.69717,-0.00296,41.830,-0.006,-1,375.000,-1,375.000,850.000,300.000,300.000,300.000,300.000,-1,725.000,650.000,-1,675.000,675.000,-1,-1,2,0,2,0,1,0,0,0,0,2,0,0,2,0,0,2,2
73,4806.820,-7587.386,-133.108,-1.694,0.998586,0.029555,0.044182,-0.030095,0.999480,0.011595,-0.043817,-0.012908,0.998956,0,0.69731,-0.00804,41.839,-0.016,-1,375.000,-1,375.000,850.000,300.000,300.000,300.000,325.000,-1,650.000,600.000,-1,675.000,675.000,-1,-1,2,0,2,0,1,0,0,0,0,2,0,0,2,0,0,2,2
74,4848.634,-7588.642,-134.720,-1.720,0.998662,0.030016,0.042121,-0.030529,0.999467,0.011583,-0.041751,-0.012853,0.999045,0,0.69721,-0.01320,41.833,-0.026,-1,375.000,-1,375.000,850.000,300.000,300.000,325.000,325.000,-1,600.000,575.000,-1,675.000,675.000,-1,-1,2,0,2,0,1,0,0,0,0,2,0,0,2,0,0,2,2
75,4890.427,-7589.924,-136.331,-1.757,0.998727,0.030660,0.040059,-0.031146,0.999448,0.011575,-0.039682,-0.012807,0.999130,0,0.69687,-0.01845,41.812,-0.037,-1,375.000,-1,375.000,850.000,300.000,300.000,325.000,325.000,-1,575.000,550.000,-1,675.000,675.000,-1,-1,2,0,2,0,1,0,0,0,0,2,0,0,2,0,0,2,2
76,4932.182,-7591.240,-137.940,-1.805,0.998782,0.031489,0.037998,-0.031950,0.999423,0.011570,-0.037612,-0.012770,0.999211,0,0.69628,-0.02378,41.777,-0.048,-1,375.000,-1,375.000,850.000,300.000,300.000,300.000,325.000,-1,525.000,525.000,-1,675.000,675.000,-1,-1,2,0,2,0,1,0,0,0,0,2,0,0,2,0,0,2,2
77,4973.886,-7592.596,-139.547,-1.863,0.998825,0.032507,0.035938,-0.032942,0.999390,0.011571,-0.035540,-0.012742,0.999287,0,0.69544,-0.02917,41.726,-0.058,-1,375.000,-1,375.000,850.000,325.000,325.000,300.000,325.000,-1,500.000,500.000,-1,675.000,700.000,-1,-1,2,0,2,0,1,0,0,0,0,2,0,0,2,0,0,2,2
78,5015.523,-7594.001,-141.151,-1.932,0.998857,0.033714,0.033881,-0.034124,0.999351,0.011579,-0.033468,-0.012722,0.999359,0,0.69435,-0.03461,41.661,-0.069,-1,375.000,-1,375.000,850.000,325.000,325.000,300.000,325.000,-1,475.000,475.000,-1,700.000,700.000,-1,-1,2,0,2,0,1,0,0,0,0,2,0,0,2,0,0,2,2
79,5057.078,-7595.461,-142.751,-2.012,0.998876,0.035113,0.031826,-0.035497,0.999303,0.011594,-0.031397,-0.012711,0.999426,0,0.69301,-0.04009,41.580,-0.080,-1,375.000,-1,375.000,850.000,325.000,325.000,300.000,300.000,-1,450.000,450.000,-1,700.000,700.000,-1,-1,2,0,2,0,1,0,0,0,0,2,0,0,2,0,0,2,2
80,5098.535,-7596.984,-144.347,-2.104,0.998883,0.036703,0.029775,-0.037063,0.999245,0.011619,-0.029327,-0.012709,0.999489,0,0.69143,-0.04559,41.486,-0.091,-1,375.000,-1,375.000,850.000,325.000,325.000,300.000,300.000,-1,425.000,400.000,-1,700.000,700.000,975.000,-1,2,0,2,0,1,0,0,0,0,2,0,0,2,0,0,1,2
81,5139.881,-7598.577,-145.939,-2.206,0.998874,0.038486,0.027729,-0.038821,0.999178,0.011653,-0.027258,-0.012717,0.999548,0,0.68961,-0.05111,41.376,-0.102,-1,375.000,-1,375.000,850.000,325.000,325.000,300.000,300.000,-1,400.000,375.000,-1,700.000,700.000,950.000,-1,2,0,2,0,1,0,0,0,0,2,0,0,2,0,0,1,2
82,5181.100,-7600.246,-147.524,-2.319,0.998851,0.040460,0.025689,-0.040771,0.999100,0.011700,-0.025192,-0.012733,0.999602,0,0.68756,-0.05662,41.253,-0.113,1000.000,375.000,1000.000,375.000,850.000,325.000,325.000,300.000,300.000,-1,375.000,350.000,-1,700.000,725.000,900.000,-1,1,0,1,0,1,0,0,0,0,2,0,0,2,0,0,1,2
83,5222.180,-7601.998,-149.104,-2.442,0.998812,0.042609,0.023654,-0.042896,0.999010,0.011758,-0.023130,-0.012759,0.999651,0,0.68529,-0.06163,41.117,-0.123,950.000,375.000,950.000,375.000,850.000,325.000,325.000,300.000,300.000,-1,350.000,350.000,-1,700.000,725.000,875.000,-1,1,0,1,0,1,0,0,0,0,2,0,0,2,0,0,1,2
84,5263.108,-7603.835,-150.213,-2.570,0.998741,0.044834,0.022499,-0.045086,0.998925,0.010817,-0.021989,-0.011818,0.999688,0,0.68281,-0.06379,40.969,-0.128,925.000,375.000,925.000,375.000,850.000,325.000,325.000,300.000,300.000,-1,375.000,350.000,-1,700.000,725.000,825.000,-1,1,0,1,0,1,0,0,0,0,2,0,0,2,1,1,1,2
85,5303.870,-7605.759,-150.865,-2.701,0.998653,0.047128,0.021693,-0.047370,0.998819,0.010795,-0.021158,-0.011809,0.999706,0,0.68013,-0.06578,40.808,-0.132,875.000,375.000,875.000,375.000,850.000,325.000,325.000,300.000,300.000,-1,400.000,375.000,-1,675.000,700.000,775.000,-1,1,0,1,0,1,0,0,0,0,2,0,0,2,1,1,1,2
86,5344.455,-7607.770,-151.513,-2.837,0.998556,0.049484,0.020891,-0.049717,0.998705,0.010778,-0.020331,-0.011801,0.999724,0,0.67725,-0.06758,40.635,-0.135,825.000,375.000,850.000,375.000,875.000,325.000,325.000,300.000,300.000,-1,425.000,425.000,-1,625.000,675.000,750.000,-1,1,0,1,0,1,0,0,0,0,2,0,0,2,1,1,1,2
87,5389.839,-7609.935,-152.239,-2.732,0.998664,0.047657,0.019998,-0.047879,0.998795,0.010778,-0.019460,-0.011721,0.999742,0,0.75725,0.05242,45.435,0.105,775.000,375.000,800.000,375.000,900.000,325.000,325.000,300.000,300.000,-1,450.000,450.000,-1,600.000,650.000,700.000,-1,1,0,1,0,1,0,0,0,0,2,0,0,2,1,1,1,2
88,5440.030,-7612.027,-153.045,-2.387,0.998952,0.041645,0.019012,-0.041854,0.999066,0.010781,-0.018545,-0.011565,0.999761,0,0.83725,0.17242,50.235,0.345,725.000,375.000,750.000,375.000,-1,325.000,325.000,300.000,300.000,-1,500.000,475.000,-1,575.000,625.000,650.000,-1,1,0,1,0,2,0,0,0,0,2,0,0,2,1,1,1,2
89,5492.140,-7613.667,-153.887,-1.802,0.999344,0.031445,0.017988,-0.031642,0.999441,0.010771,-0.017639,-0.011333,0.999780,0,0.86892,0.29242,52.135,0.585,675.000,375.000,700.000,375.000,-1,325.000,325.000,300.000,300.000,-1,525.000,500.000,-1,525.000,600.000,600.000,-1,1,0,1,0,2,0,0,0,0,2,0,0,2,1,1,1,2
90,5543.888,-7614.550,-154.730,-0.977,0.999711,0.017054,0.016970,-0.017238,0.999794,0.010735,-0.016783,-0.011025,0.999798,0,0.86260,0.41242,51.756,0.825,625.000,375.000,650.000,375.000,-1,325.000,325.000,300.000,300.000,-1,550.000,550.000,-1,500.000,550.000,550.000,-1,1,0,1,0,2,0,0,0,0,2,0,0,2,1,1,1,2
91,5595.225,-7614.471,-155.575,0.088,0.999871,-0.001529,0.015958,0.001359,0.999942,0.010659,-0.015974,-0.010636,0.999816,0,0.85561,0.53242,51.337,1.065,575.000,375.000,575.000,375.000,-1,325.000,325.000,300.000,300.000,-1,575.000,575.000,-1,450.000,500.000,525.000,-1,1,1,1,1,2,0,0,0,0,2,0,0,2,1,1,1,2
92,5646.093,-7613.235,-156.424,1.392,0.999593,-0.024299,0.014954,0.024143,0.999653,0.010529,-0.015204,-0.010164,0.999833,0,0.84806,0.65242,50.884,1.305,550.000,350.000,525.000,350.000,-1,300.000,300.000,300.000,300.000,-1,600.000,600.000,-1,425.000,450.000,475.000,650.000,1,1,1,1,2,1,1,0,0,2,0,0,2,1,1,1,1
93,5701.704,-7610.382,-157.366,2.937,0.998590,-0.051241,0.013855,0.051100,0.998640,0.010315,-0.014364,-0.009593,0.999851,0,0.92806,0.77242,55.684,1.545,500.000,325.000,475.000,325.000,-1,275.000,275.000,300.000,300.000,-1,625.000,625.000,-1,375.000,400.000,425.000,525.000,1,1,1,1,2,1,1,0,0,2,0,0,2,1,1,1,1
94,5760.497,-7605.525,-158.380,4.722,0.996525,-0.082320,0.012694,0.082196,0.996566,0.009999,-0.013474,-0.008920,0.999869,0,0.98322,0.89242,58.993,1.785,450.000,275.000,400.000,275.000,-1,250.000,250.000,300.000,300.000,-1,650.000,650.000,-1,350.000,350.000,375.000,425.000,1,1,1,1,2,1,1,0,0,2,0,0,2,1,1,1,1
95,5819.544,-7598.574,-159.417,6.714,0.993075,-0.116917,0.011534,0.116810,0.993108,0.009574,-0.012574,-0.008160,0.999888,0,0.99091,0.99615,59.455,1.992,400.000,250.000,350.000,225.000,500.000,225.000,200.000,300.000,300.000,-1,675.000,675.000,-1,300.000,300.000,325.000,325.000,1,1,1,1,1,1,1,0,0,2,0,0,2,1,1,1,1
96,5878.762,-7589.517,-159.892,8.695,0.988470,-0.151165,0.008755,0.151067,0.988462,0.011005,-0.010318,-0.009555,0.999901,0,0.99844,0.99022,59.906,1.980,350.000,225.000,300.000,200.000,325.000,175.000,175.000,300.000,300.000,-1,675.000,700.000,-1,275.000,250.000,300.000,250.000,1,1,1,1,1,1,1,0,0,2,0,0,2,1,1,1,1
97,5937.725,-7578.412,-154.534,10.662,0.982649,-0.184907,-0.014497,0.185276,0.982210,0.030589,0.008583,-0.032744,0.999427,0,1.00000,0.98333,60.000,1.967,300.000,200.000,275.000,175.000,325.000,175.000,150.000,275.000,375.000,-1,300.000,400.000,-1,250.000,225.000,275.000,225.000,1,1,1,1,1,1,1,0,0,2,0,0,2,1,1,1,1
98,-3607.602,8199.188,296.580,32.042,0.836516,-0.530339,0.137776,0.517794,0.847347,0.117862,-0.179251,-0.027254,0.983426,1,0.00000,0.00000,55.200,1.727,425.000,275.000,800.000,275.000,475.000,250.000,250.000,425.000,300.000,-1,-1,-1,-1,400.000,400.000,375.000,400.000,0,0,0,0,0,0,0,1,1,2,2,2,2,0,0,0,0
99,-5573.086,3611.823,106.759,60.677,0.490961,-0.871091,0.012563,0.869777,0.489299,-0.063830,0.049455,0.042265,0.997882,1,0.08000,-0.12000,4.800,-0.240,-1,400.000,-1,400.000,-1,325.000,325.000,300.000,300.000,-1,-1,-1,-1,775.000,750.000,-1,-1,2,0,2,0,2,0,0,0,0,2,2,2,2,0,0,2,2
100,-5568.315,3620.153,107.244,60.197,0.498245,-0.866946,0.012526,0.865639,0.496571,-0.063925,0.049200,0.042693,0.997876,0,0.16000,-0.24000,9.600,-0.480,-1,400.000,-1,400.000,-1,325.000,325.000,300.000,300.000,-1,-1,-1,-1,775.000,750.000,-1,-1,2,0,2,0,2,0,0,0,0,2,2,2,2,0,0,2,2
101,-5561.001,3632.558,107.964,59.477,0.509106,-0.860614,0.012469,0.859319,0.507412,-0.064071,0.048813,0.043334,0.997867,0,0.24000,-0.36000,14.400,-0.720,-1,400.000,-1,400.000,-1,325.000,325.000,300.000,300.000,-1,-1,-1,-1,800.000,750.000,-1,-1,2,0,2,0,2,0,0,0,0,2,2,2,2,0,0,2,2
102,-5550.974,3648.932,108.912,58.517,0.523461,-0.851959,0.012393,0.850680,0.521740,-0.064274,0.048293,0.044187,0.997855,0,0.32000,-0.48000,19.200,-0.960,-1,400.000,-1,400.000,-1,325.000,325.000,300.000,300.000,-1,-1,-1,-1,800.000,775.000,-1,-1,2,0,2,0,2,0,0,0,0,2,2,2,2,0,0,2,2
103,-5538.062,3669.163,110.083,57.450,0.539234,-0.842067,0.012292,0.840803,0.537482,-0.064526,0.047729,0.045130,0.997840,0,0.40000,-0.53319,24.000,-1.066,-1,400.000,-1,400.000,-1,325.000,325.000,300.000,300.000,-1,-1,-1,-1,800.000,775.000,-1,-1,2,0,2,0,2,0,0,0,0,2,2,2,2,0,0,2,2
104,-5522.118,3693.147,111.458,56.384,0.554817,-0.831884,0.012144,0.830635,0.553038,-0.064768,0.047164,0.046022,0.997826,0,0.48000,-0.53319,28.800,-1.066,-1,400.000,-1,400.000,-1,325.000,325.000,300.000,300.000,-1,-1,-1,-1,800.000,775.000,-1,-1,2,0,2,0,2,0,0,0,0,2,2,2,2,0,0,2,2
105,-5502.999,3720.777,113.013,55.318,0.570203,-0.821417,0.011932,0.820184,0.568403,-0.064925,0.046549,0.046807,0.997819,0,0.56000,-0.53319,33.600,-1.066,-1,400.000,-1,400.000,-1,325.000,325.000,300.000,300.000,-1,-1,-1,-1,800.000,775.000,-1,-1,2,0,2,0,2,0,0,0,0,2,2,2,2,0,0,2,2
106,-5480.564,3751.943,114.763,54.251,0.585391,-0.810667,0.011715,0.809449,0.583570,-0.065103,0.045940,0.047594,0.997810,0,0.64000,-0.53319,38.400,-1.066,-1,400.000,-1,400.000,-1,325.000,325.000,300.000,300.000,-1,-1,-1,-1,800.000,775.000,-1,-1,2,0,2,0,2,0,0,0,0,2,2,2,2,0,0,2,2
107,-5454.677,3786.528,116.697,53.185,0.600376,-0.799635,0.011506,0.798431,0.598533,-0.065312,0.045339,0.048399,0.997799,0,0.72000,-0.53319,43.200,-1.066,-1,400.000,-1,400.000,-1,325.000,325.000,300.000,300.000,-1,-1,-1,-1,800.000,775.000,-1,-1,2,0,2,0,2,0,0,0,0,2,2,2,2,0,0,2,2
108,-5425.204,3824.414,118.809,52.118,0.615155,-0.788325,0.011320,0.787135,0.613286,-0.065564,0.044743,0.049243,0.997784,0,0.80000,-0.53319,48.000,-1.066,-1,400.000,-1,400.000,-1,325.000,325.000,300.000,300.000,-1,-1,-1,-1,800.000,775.000,-1,-1,2,0,2,0,2,0,0,0,0,2,2,2,2,0,0,2,2
109,-5392.013,3865.478,120.981,51.052,0.629704,-0.776756,0.011052,0.775599,0.627836,-0.065333,0.043809,0.049713,0.997802,0,0.88000,-0.53319,52.800,-1.066,-1,400.000,-1,400.000,-1,325.000,325.000,300.000,300.000,-1,-1,-1,-1,800.000,800.000,-1,-1,2,0,2,0,2,0,0,0,0,2,2,2,2,0,0,2,2
110,-5354.978,3909.593,123.238,49.986,0.644026,-0.764928,0.010783,0.763814,0.642175,-0.064797,0.042640,0.049967,0.997840,0,0.96000,-0.53319,57.600,-1.066,-1,400.000,-1,400.000,-1,325.000,325.000,300.000,300.000,-1,-1,-1,-1,775.000,800.000,-1,-1,2,0,2,0,2,0,0,0,0,2,2,2,2,0,0,2,2
111,-5316.547,3953.678,125.496,48.919,0.658131,-0.752828,0.010645,0.751758,0.656286,-0.064412,0.041505,0.050394,0.997867,0,0.97473,-0.53319,58.484,-1.066,-1,400.000,-1,400.000,-1,325.000,325.000,300.000,300.000,-1,-1,-1,-1,800.000,800.000,-1,-1,2,0,2,0,2,0,0,0,0,2,2,2,2,0,0,2,2
112,-5277.302,3997.039,127.649,47.853,0.672021,-0.740451,0.010965,0.739440,0.670153,-0.064216,0.040201,0.051263,0.997876,0,0.97473,-0.53319,58.484,-1.066,-1,400.000,-1,400.000,-1,325.000,325.000,300.000,300.000,-1,-1,-1,-1,800.000,800.000,-1,-1,2,0,2,0,2,0,0,0,0,2,2,2,2,0,0,2,2
113,-5237.258,4039.663,129.845,46.787,0.685672,-0.727822,0.011386,0.726883,0.683790,-0.063811,0.038657,0.052030,0.997897,0,0.97473,-0.53319,58.484,-1.066,-1,400.000,-1,400.000,-1,325.000,325.000,300.000,300.000,-1,-1,-1,-1,800.000,800.000,-1,-1,2,0,2,0,2,0,0,0,0,2,2,2,2,0,0,2,2
114,-5196.427,4081.534,132.043,45.720,0.699085,-0.714939,0.011945,0.714081,0.697187,-0.063389,0.036991,0.052844,0.997917,0,0.97473,-0.53319,58.484,-1.066,-1,400.000,-1,400.000,-1,325.000,325.000,300.000,300.000,-1,-1,-1,-1,825.000,800.000,-1,-1,2,0,2,0,2,0,0,0,0,2,2,2,2,0,0,2,2
115,-5154.824,4122.638,134.205,44.654,0.712258,-0.701804,0.012637,0.701029,0.710335,-0.063105,0.035311,0.053806,0.997927,0,0.97473,-0.53319,58.484,-1.066,-1,400.000,-1,400.000,-1,325.000,325.000,325.000,300.000,-1,-1,-1,-1,825.000,800.000,-1,-1,2,0,2,0,2,0,0,0,0,2,2,2,2,0,0,2,2
116,-5112.463,4162.961,136.275,43.588,0.725183,-0.688430,0.013171,0.687726,0.723238,-0.062926,0.033795,0.054691,0.997931,0,0.97473,-0.53319,58.484,-1.066,-1,400.000,-1,400.000,-1,325.000,325.000,325.000,300.000,-1,-1,-1,-1,825.000,800.000,-1,-1,2,0,2,0,2,0,0,0,0,2,2,2,2,0,0,2,2
117,-5069.359,4202.488,138.298,42.521,0.737860,-0.674814,0.013768,0.674181,0.735885,-0.062877,0.032299,0.055677,0.997926,0,0.97473,-0.53319,58.484,-1.066,-1,400.000,-1,400.000,-1,325.000,325.000,325.000,300.000,-1,-1,-1,-1,825.000,800.000,-1,-1,2,0,2,0,2,0,0,0,0,2,2,2,2,0,0,2,2
118,-5025.527,4241.207,140.258,41.455,0.750282,-0.660959,0.014487,0.660401,0.748268,-0.062971,0.030781,0.056813,0.997910,0,0.97473,-0.53319,58.484,-1.066,-1,400.000,-1,400.000,-1,325.000,325.000,325.000,300.000,-1,-1,-1,-1,825.000,800.000,-1,-1,2,0,2,0,2,0,0,0,0,2,2,2,2,0,0,2,2
119,-4980.982,4279.103,142.042,40.388,0.762439,-0.646885,0.015053,0.646397,0.760399,-0.062955,0.029278,0.057730,0.997903,0,0.97473,-0.53319,58.484,-1.066,-1,400.000,-1,400.000,-1,325.000,325.000,325.000,300.000,-1,-1,-1,-1,825.000,800.000,-1,-1,2,0,2,0,2,0,0,0,0,2,2,2,2,0,0,2,2
120,-4935.739,4316.163,143.505,39.322,0.774311,-0.632628,0.014959,0.632197,0.772315,-0.062103,0.027735,0.057544,0.997958,0,0.97473,-0.53319,58.484,-1.066,-1,400.000,-1,400.000,-1,325.000,325.000,325.000,300.000,-1,-1,-1,-1,825.000,800.000,-1,-1,2,0,2,0,2,0,0,0,0,2,2,2,2,0,0,2,2
121,-4889.813,4352.374,144.934,38.256,0.785918,-0.618150,0.014988,0.617779,0.783960,-0.061290,0.026136,0.057428,0.998007,0,0.97473,-0.53319,58.484,-1.066,-1,400.000,-1,400.000,-1,325.000,325.000,325.000,300.000,-1,-1,-1,-1,825.000,800.000,-1,-1,2,0,2,0,2,0,0,0,0,2,2,2,2,0,0,2,2
122,-4843.222,4387.724,146.330,37.189,0.797254,-0.603454,0.015139,0.603147,0.795330,-0.060523,0.024482,0.057383,0.998052,0,0.97473,-0.53319,58.484,-1.066,-1,400.000,-1,400.000,-1,325.000,325.000,325.000,300.000,-1,-1,-1,-1,825.000,800.000,-1,-1,2,0,2,0,2,0,0,0,0,2,2,2,2,0,0,2,2
123,-4795.982,4422.202,147.674,36.123,0.808318,-0.588545,0.015406,0.588304,0.806419,-0.059882,0.022819,0.057467,0.998087,0,0.97473,-0.53319,58.484,-1.066,-1,400.000,-1,400.000,-1,325.000,325.000,300.000,300.000,-1,-1,-1,-1,825.000,800.000,-1,-1,2,0,2,0,2,0,0,0,0,2,2,2,2,0,0,2,2
124,-4748.108,4455.794,148.924,35.057,0.819108,-0.573423,0.015769,0.573245,0.817215,-0.059572,0.021273,0.057836,0.998099,0,0.97473,-0.53319,58.484,-1.066,-1,400.000,-1,400.000,-1,325.000,325.000,300.000,300.000,-1,-1,-1,-1,825.000,775.000,-1,-1,2,0,2,0,2,0,0,0,0,2,2,2,2,0,0,2,2
125,-4699.617,4488.489,150.127,33.990,0.829615,-0.558099,0.016228,0.557987,0.827723,-0.059373,0.019704,0.058312,0.998104,0,0.97473,-0.53319,58.484,-1.066,-1,400.000,-1,400.000,-1,325.000,325.000,300.000,300.000,-1,-1,-1,-1,800.000,775.000,-1,-1,2,0,2,0,2,0,0,0,0,2,2,2,2,0,0,2,2
126,-4650.526,4520.277,151.233,32.924,0.839834,-0.542581,0.016886,0.542547,0.837939,-0.059170,0.017955,0.058854,0.998105,0,0.97473,-0.53319,58.484,-1.066,-1,400.000,-1,400.000,-1,325.000,325.000,300.000,300.000,-1,-1,-1,-1,800.000,775.000,-1,-1,2,0,2,0,2,0,0,0,0,2,2,2,2,0,0,2,2
127,-4605.047,4548.802,152.030,32.097,0.847537,-0.530439,0.017799,0.530499,0.845676,-0.058334,0.015890,0.058882,0.998138,0,0.89473,-0.41319,53.684,-0.826,-1,400.000,-1,400.000,-1,325.000,325.000,325.000,300.000,-1,-1,-1,-1,800.000,775.000,-1,-1,2,0,2,0,2,0,0,0,0,2,2,2,2,0,0,2,2
128,-4563.372,4574.352,152.744,31.511,0.852892,-0.521753,0.018696,0.521895,0.851055,-0.057719,0.014204,0.058986,0.998158,0,0.81473,-0.29319,48.884,-0.586,-1,400.000,-1,400.000,-1,325.000,325.000,325.000,300.000,-1,-1,-1,-1,800.000,775.000,-1,-1,2,0,2,0,2,0,0,0,0,2,2,2,2,0,0,2,2
129,-4523.740,4598.320,153.417,31.165,0.856006,-0.516594,0.019589,0.516806,0.854186,-0.057245,0.012840,0.059126,0.998168,0,0.77194,-0.17319,46.316,-0.346,-1,400.000,-1,400.000,-1,325.000,325.000,325.000,300.000,-1,-1,-1,-1,775.000,775.000,-1,-1,2,0,2,0,2,0,0,0,0,2,2,2,2,0,0,2,2
130,-4484.063,4622.215,154.014,31.058,0.856946,-0.515012,0.020123,0.515266,0.855152,-0.056709,0.011997,0.058966,0.998188,0,0.77194,-0.05319,46.316,-0.106,-1,400.000,-1,400.000,-1,325.000,325.000,325.000,300.000,-1,-1,-1,-1,775.000,750.000,-1,-1,2,0,2,0,2,0,0,0,0,2,2,2,2,0,0,2,2
131,-4444.443,4646.202,154.547,31.192,0.855733,-0.517017,0.020337,0.517286,0.853968,-0.056162,0.011669,0.058580,0.998215,0,0.77194,0.06681,46.316,0.134,-1,400.000,-1,400.000,-1,325.000,325.000,325.000,300.000,-1,-1,-1,-1,775.000,750.000,-1,-1,2,0,2,0,2,0,0,0,0,2,2,2,2,0,0,2,2
132,-4404.979,4670.447,155.081,31.566,0.852340,-0.522586,0.020521,0.522858,0.850596,-0.055736,0.011672,0.058236,0.998235,0,0.77194,0.18681,46.316,0.374,-1,400.000,-1,400.000,-1,325.000,325.000,325.000,300.000,-1,-1,-1,-1,775.000,750.000,-1,-1,2,0,2,0,2,0,0,0,0,2,2,2,2,0,0,2,2
133,-4365.778,4695.113,155.627,32.179,0.846692,-0.531681,0.020699,0.531952,0.844976,-0.055163,0.011839,0.057717,0.998263,0,0.77194,0.30681,46.316,0.614,-1,400.000,-1,400.000,-1,325.000,325.000,325.000,300.000,-1,-1,-1,-1,750.000,750.000,-1,-1,2,0,2,0,2,0,0,0,0,2,2,2,2,0,0,2,2
134,-4326.928,4720.374,156.222,33.033,0.838677,-0.544230,0.020844,0.544491,0.836990,-0.054572,0.012254,0.057117,0.998292,0,0.77234,0.42681,46.341,0.854,-1,400.000,-1,400.000,-1,325.000,325.000,325.000,300.000,-1,-1,-1,-1,750.000,750.000,-1,-1,2,0,2,0,2,0,0,0,0,2,2,2,2,0,0,2,2
135,-4288.468,4746.439,156.885,34.126,0.828142,-0.560127,0.020943,0.560369,0.826482,-0.053984,0.012929,0.056442,0.998322,0,0.77434,0.54681,46.460,1.094,-1,400.000,-1,375.000,-1,325.000,325.000,325.000,300.000,-1,-1,-1,-1,750.000,750.000,-1,-1,2,0,2,0,2,0,0,0,0,2,2,2,2,0,0,2,2
