timestep,x_cm,y_cm,z_cm,yaw_deg,basis_xx,basis_xy,basis_xz,basis_yx,basis_yy,basis_yz,basis_zx,basis_zy,basis_zz,teleport_flag,throttle_cmd,steering_cmd,cmd_move_cm,cmd_turn_deg,lidar_cm_0,lidar_cm_1,lidar_cm_2,lidar_cm_3,lidar_cm_4,lidar_cm_5,lidar_cm_6,lidar_cm_7,lidar_cm_8,lidar_cm_9,lidar_cm_10,lidar_cm_11,lidar_cm_12,lidar_cm_13,lidar_cm_14,lidar_cm_15,lidar_cm_16,lidar_class_0,lidar_class_1,lidar_class_2,lidar_class_3,lidar_class_4,lidar_class_5,lidar_class_6,lidar_class_7,lidar_class_8,lidar_class_9,lidar_class_10,lidar_class_11,lidar_class_12,lidar_class_13,lidar_class_14,lidar_class_15,lidar_class_16
0,5574.000,-7538.637,114.072,-72.673,0.297370,0.954281,-0.030303,-0.954621,0.297722,0.007748,0.016416,0.026624,0.999511,1,-0.08000,-0.12000,-4.800,-0.240,-1,400.000,-1,400.000,-1,325.000,325.000,300.000,300.000,-1,-1,-1,-1,750.000,775.000,-1,-1,2,0,2,0,2,0,0,0,0,2,2,2,2,0,0,2,2
1,5571.281,-7529.658,113.914,-73.153,0.289365,0.956738,-0.030337,-0.957081,0.289716,0.007799,0.016251,0.026778,0.999509,0,-0.15636,-0.24000,-9.381,-0.480,-1,400.000,-1,400.000,-1,325.000,325.000,300.000,300.000,-1,-1,-1,-1,750.000,775.000,-1,-1,2,0,2,0,2,0,0,0,0,2,2,2,2,0,0,2,2
2,5568.661,-7520.650,113.760,-73.784,0.278808,0.959866,-0.030375,-0.960213,0.279157,0.007854,0.016018,0.026977,0.999508,0,-0.15636,-0.31559,-9.381,-0.631,-1,400.000,-1,400.000,-1,325.000,325.000,300.000,300.000,-1,-1,-1,-1,750.000,775.000,-1,-1,2,0,2,0,2,0,0,0,0,2,2,2,2,0,0,2,2
3,5566.141,-7511.614,113.609,-74.415,0.268218,0.962878,-0.030413,-0.963229,0.268565,0.007908,0.015782,0.027174,0.999506,0,-0.15636,-0.31559,-9.381,-0.631,-1,400.000,-1,400.000,-1,325.000,325.000,300.000,300.000,-1,-1,-1,-1,750.000,775.000,-1,-1,2,0,2,0,2,0,0,0,0,2,2,2,2,0,0,2,2
4,5563.720,-7502.550,113.460,-75.046,0.257595,0.965773,-0.030452,-0.966128,0.257940,0.007961,0.015544,0.027370,0.999505,0,-0.15636,-0.31559,-9.381,-0.631,-1,400.000,-1,400.000,-1,325.000,325.000,300.000,300.000,-1,-1,-1,-1,750.000,775.000,-1,-1,2,0,2,0,2,0,0,0,0,2,2,2,2,0,0,2,2
5,5561.399,-7493.461,113.314,-75.678,0.246941,0.968551,-0.030491,-0.968910,0.247284,0.008014,0.015302,0.027564,0.999503,0,-0.15636,-0.31559,-9.381,-0.631,-1,400.000,-1,400.000,-1,325.000,325.000,300.000,300.000,-1,-1,-1,-1,750.000,775.000,-1,-1,2,0,2,0,2,0,0,0,0,2,2,2,2,0,0,2,2
6,5559.179,-7484.346,113.171,-76.309,0.236257,0.971211,-0.030529,-0.971574,0.236599,0.008067,0.015058,0.027756,0.999501,0,-0.15636,-0.31559,-9.381,-0.631,-1,400.000,-1,400.000,-1,325.000,325.000,300.000,300.000,-1,-1,-1,-1,750.000,775.000,-1,-1,2,0,2,0,2,0,0,0,0,2,2,2,2,0,0,2,2
7,5557.059,-7475.207,113.031,-76.940,0.225544,0.973753,-0.030568,-0.974120,0.225884,0.008119,0.014811,0.027946,0.999500,0,-0.15636,-0.31559,-9.381,-0.631,-1,400.000,-1,400.000,-1,325.000,325.000,300.000,300.000,-1,-1,-1,-1,750.000,775.000,-1,-1,2,0,2,0,2,0,0,0,0,2,2,2,2,0,0,2,2
8,5555.040,-7466.046,112.894,-77.571,0.214805,0.976177,-0.030607,-0.976548,0.215143,0.008170,0.014560,0.028134,0.999498,0,-0.15636,-0.31559,-9.381,-0.631,-1,400.000,-1,400.000,-1,325.000,325.000,300.000,300.000,-1,-1,-1,-1,750.000,775.000,-1,-1,2,0,2,0,2,0,0,0,0,2,2,2,2,0,0,2,2
9,5553.122,-7456.863,112.760,-78.202,0.204039,0.978483,-0.030646,-0.978858,0.204375,0.008221,0.014307,0.028321,0.999496,0,-0.15636,-0.31559,-9.381,-0.631,-1,400.000,-1,400.000,-1,325.000,325.000,300.000,300.000,-1,-1,-1,-1,750.000,775.000,-1,-1,2,0,2,0,2,0,0,0,0,2,2,2,2,0,0,2,2
10,5551.305,-7447.659,112.629,-78.833,0.193249,0.980670,-0.030685,-0.981049,0.193583,0.008271,0.014051,0.028505,0.999495,0,-0.15636,-0.31559,-9.381,-0.631,-1,400.000,-1,400.000,-1,325.000,325.000,300.000,300.000,-1,-1,-1,-1,750.000,775.000,-1,-1,2,0,2,0,2,0,0,0,0,2,2,2,2,0,0,2,2
11,5549.590,-7438.436,112.500,-79.465,0.182436,0.982738,-0.030724,-0.983121,0.182767,0.008320,0.013792,0.028688,0.999493,0,-0.15636,-0.31559,-9.381,-0.631,-1,400.000,-1,400.000,-1,325.000,325.000,300.000,300.000,-1,-1,-1,-1,750.000,775.000,-1,-1,2,0,2,0,2,0,0,0,0,2,2,2,2,0,0,2,2
12,5547.976,-7429.195,112.375,-80.096,0.171600,0.984686,-0.030763,-0.985074,0.171929,0.008369,0.013530,0.028868,0.999492,0,-0.15636,-0.31559,-9.381,-0.631,-1,400.000,-1,400.000,-1,325.000,325.000,300.000,300.000,-1,-1,-1,-1,750.000,775.000,-1,-1,2,0,2,0,2,0,0,0,0,2,2,2,2,0,0,2,2
13,5546.465,-7419.936,112.253,-80.727,0.160744,0.986515,-0.030801,-0.986907,0.161070,0.008417,0.013265,0.029045,0.999490,0,-0.15636,-0.31559,-9.381,-0.631,-1,400.000,-1,400.000,-1,325.000,325.000,300.000,300.000,-1,-1,-1,-1,750.000,775.000,-1,-1,2,0,2,0,2,0,0,0,0,2,2,2,2,0,0,2,2
14,5545.055,-7410.661,112.134,-81.358,0.149868,0.988225,-0.030840,-0.988621,0.150193,0.008464,0.012997,0.029220,0.999488,0,-0.15636,-0.31559,-9.381,-0.631,-1,400.000,-1,400.000,-1,325.000,325.000,300.000,300.000,-1,-1,-1,-1,750.000,775.000,-1,-1,2,0,2,0,2,0,0,0,0,2,2,2,2,0,0,2,2
15,5544.436,-7406.122,112.083,-82.229,0.134830,0.990388,-0.030858,-0.990789,0.135149,0.008501,0.012590,0.029428,0.999488,0,-0.07636,-0.43559,-4.581,-0.871,-1,400.000,-1,400.000,-1,325.000,325.000,300.000,300.000,-1,-1,-1,-1,750.000,775.000,-1,-1,2,0,2,0,2,0,0,0,0,2,2,2,2,0,0,2,2
16,5544.461,-7406.339,112.095,-83.341,0.115604,0.992816,-0.030853,-0.993222,0.115917,0.008527,0.012043,0.029658,0.999488,0,0.00364,-0.55559,0.219,-1.111,-1,400.000,-1,400.000,-1,325.000,325.000,300.000,300.000,-1,-1,-1,-1,750.000,775.000,-1,-1,2,0,2,0,2,0,0,0,0,2,2,2,2,0,0,2,2
17,5544.926,-7411.337,112.163,-84.692,0.092170,0.995266,-0.030821,-0.995679,0.092473,0.008545,0.011355,0.029900,0.999488,0,0.08364,-0.67559,5.019,-1.351,-1,400.000,-1,400.000,-1,325.000,325.000,300.000,300.000,-1,-1,-1,-1,750.000,775.000,-1,-1,2,0,2,0,2,0,0,0,0,2,2,2,2,0,0,2,2
18,5545.562,-7421.135,112.279,-86.283,0.064509,0.997443,-0.030758,-0.997862,0.064800,0.008556,0.010527,0.030140,0.999490,0,0.16364,-0.79559,9.819,-1.591,-1,400.000,-1,400.000,-1,325.000,325.000,300.000,300.000,-1,-1,-1,-1,775.000,775.000,-1,-1,2,0,2,0,2,0,0,0,0,2,2,2,2,0,0,2,2
19,5546.043,-7435.746,112.432,-88.114,0.032617,0.998998,-0.030660,-0.999422,0.032894,0.008561,0.009561,0.030363,0.999493,0,0.24364,-0.91559,14.619,-1.831,-1,400.000,-1,400.000,-1,325.000,325.000,300.000,300.000,-1,-1,-1,-1,775.000,750.000,-1,-1,2,0,2,0,2,0,0,0,0,2,2,2,2,0,0,2,2
20,5546.005,-7455.165,112.608,-90.114,-0.002251,0.999532,-0.030522,-0.999961,-0.001991,0.008560,0.008495,0.030540,0.999497,0,0.32364,-1.00000,19.419,-2.000,-1,400.000,-1,400.000,-1,325.000,325.000,300.000,300.000,-1,-1,-1,-1,775.000,750.000,-1,-1,2,0,2,0,2,0,0,0,0,2,2,2,2,0,0,2,2
21,5545.111,-7479.367,112.795,-92.114,-0.037116,0.998850,-0.030345,-0.999283,-0.036872,0.008547,0.007418,0.030640,0.999503,0,0.40364,-1.00000,24.219,-2.000,-1,400.000,-1,400.000,-1,325.000,325.000,300.000,300.000,-1,-1,-1,-1,775.000,750.000,-1,-1,2,0,2,0,2,0,0,0,0,2,2,2,2,0,0,2,2
22,5543.029,-7508.311,112.982,-94.114,-0.071935,0.996954,-0.030125,-0.997389,-0.071709,0.008521,0.006335,0.030659,0.999510,0,0.48364,-1.00000,29.019,-2.000,-1,400.000,-1,400.000,-1,325.000,325.000,300.000,300.000,-1,-1,-1,-1,775.000,750.000,-1,-1,2,0,2,0,2,0,0,0,0,2,2,2,2,0,0,2,2
23,5539.427,-7541.938,113.158,-96.114,-0.106667,0.993846,-0.029861,-0.994281,-0.106459,0.008479,0.005248,0.030594,0.999518,0,0.56364,-1.00000,33.819,-2.000,-1,400.000,-1,400.000,-1,325.000,325.000,300.000,300.000,-1,-1,-1,-1,775.000,750.000,-1,-1,2,0,2,0,2,0,0,0,0,2,2,2,2,0,0,2,2
24,5533.976,-7580.170,113.312,-98.114,-0.141269,0.989530,-0.029549,-0.989962,-0.141080,0.008414,0.004157,0.030441,0.999528,0,0.64364,-1.00000,38.619,-2.000,-1,400.000,-1,400.000,-1,325.000,325.000,300.000,300.000,-1,-1,-1,-1,775.000,750.000,-1,-1,2,0,2,0,2,0,0,0,0,2,2,2,2,0,0,2,2
25,5526.590,-7621.577,113.430,-100.114,-0.175699,0.984011,-0.029196,-0.984439,-0.175529,0.008322,0.003064,0.030204,0.999539,0,0.70101,-1.00000,42.061,-2.000,-1,400.000,-1,400.000,-1,325.000,325.000,300.000,300.000,-1,-1,-1,-1,775.000,750.000,-1,-1,2,0,2,0,2,0,0,0,0,2,2,2,2,0,0,2,2
26,5517.763,-7662.701,113.499,-102.114,-0.209917,0.977294,-0.028826,-0.977717,-0.209765,0.008202,0.001969,0.029906,0.999551,0,0.70101,-1.00000,42.061,-2.000,-1,400.000,-1,400.000,-1,325.000,325.000,300.000,300.000,-1,-1,-1,-1,775.000,750.000,-1,-1,2,0,2,0,2,0,0,0,0,2,2,2,2,0,0,2,2
27,5507.506,-7703.492,113.520,-104.114,-0.243879,0.969389,-0.028442,-0.969805,-0.243747,0.008049,0.000870,0.029546,0.999563,0,0.70101,-1.00000,42.061,-2.000,-1,400.000,-1,400.000,-1,325.000,325.000,300.000,300.000,-1,-1,-1,-1,775.000,750.000,-1,-1,2,0,2,0,2,0,0,0,0,2,2,2,2,0,0,2,2
28,5495.831,-7743.901,113.495,-106.114,-0.277545,0.960303,-0.028047,-0.960713,-0.277433,0.007857,-0.000236,0.029126,0.999576,0,0.70101,-1.00000,42.061,-2.000,-1,400.000,-1,400.000,-1,325.000,325.000,300.000,300.000,-1,-1,-1,-1,775.000,750.000,-1,-1,2,0,2,0,2,0,0,0,0,2,2,2,2,0,0,2,2
29,5482.754,-7783.877,113.432,-108.114,-0.310872,0.950048,-0.027691,-0.950451,-0.310783,0.007603,-0.001383,0.028683,0.999588,0,0.70101,-1.00000,42.061,-2.000,-1,400.000,-1,400.000,-1,325.000,325.000,300.000,300.000,-1,-1,-1,-1,775.000,750.000,-1,-1,2,0,2,0,2,0,0,0,0,2,2,2,2,0,0,2,2
30,5468.289,-7823.372,113.335,-110.114,-0.343821,0.938636,-0.027391,-0.939032,-0.343754,0.007271,-0.002591,0.028222,0.999598,0,0.70101,-1.00000,42.061,-2.000,-1,400.000,-1,400.000,-1,325.000,325.000,300.000,300.000,-1,-1,-1,-1,775.000,725.000,-1,-1,2,0,2,0,2,0,0,0,0,2,2,2,2,0,0,2,2
31,5452.455,-7862.339,113.185,-112.114,-0.376352,0.926081,-0.027070,-0.926469,-0.376308,0.006878,-0.003817,0.027668,0.999610,0,0.70101,-1.00000,42.061,-2.000,-1,400.000,-1,400.000,-1,325.000,325.000,300.000,300.000,-1,-1,-1,-1,775.000,725.000,-1,-1,2,0,2,0,2,0,0,0,0,2,2,2,2,0,0,2,2
32,5435.271,-7900.729,113.050,-114.114,-0.408430,0.912394,-0.026888,-0.912777,-0.408403,0.006726,-0.004845,0.027290,0.999616,0,0.70101,-1.00000,42.061,-2.000,-1,400.000,-1,400.000,-1,325.000,325.000,300.000,300.000,-1,-1,-1,-1,775.000,725.000,-1,-1,2,0,2,0,2,0,0,0,0,2,2,2,2,0,0,2,2
33,5416.757,-7938.496,112.885,-116.114,-0.440012,0.897594,-0.026722,-0.897973,-0.440001,0.006625,-0.005811,0.026910,0.999621,0,0.70101,-1.00000,42.061,-2.000,-1,400.000,-1,400.000,-1,325.000,325.000,300.000,300.000,-1,-1,-1,-1,775.000,700.000,-1,-1,2,0,2,0,2,0,0,0,0,2,2,2,2,0,0,2,2
34,5396.937,-7975.594,112.644,-118.114,-0.471063,0.881698,-0.026608,-0.882075,-0.471062,0.006679,-0.006645,0.026616,0.999624,0,0.70101,-1.00000,42.061,-2.000,-1,400.000,-1,400.000,-1,325.000,325.000,300.000,300.000,-1,-1,-1,-1,775.000,700.000,-1,-1,2,0,2,0,2,0,0,0,0,2,2,2,2,0,0,2,2
35,5375.834,-8011.978,112.362,-120.114,-0.501540,0.864729,-0.026465,-0.865102,-0.501551,0.006735,-0.007450,0.026273,0.999627,0,0.70101,-1.00000,42.061,-2.000,-1,400.000,-1,375.000,-1,325.000,325.000,300.000,300.000,-1,-1,-1,-1,775.000,700.000,-1,-1,2,0,2,0,2,0,0,0,0,2,2,2,2,0,0,2,2
36,5353.474,-8047.603,112.041,-122.114,-0.531409,0.846707,-0.026293,-0.847076,-0.531429,0.006789,-0.008225,0.025880,0.999631,0,0.70101,-1.00000,42.061,-2.000,-1,400.000,-1,375.000,-1,325.000,325.000,300.000,300.000,-1,-1,-1,-1,775.000,675.000,-1,-1,2,0,2,0,2,0,0,0,0,2,2,2,2,0,0,2,2
37,5329.884,-8082.426,111.671,-124.114,-0.560630,0.827654,-0.026133,-0.828017,-0.560661,0.006834,-0.008995,0.025470,0.999635,0,0.70101,-1.00000,42.061,-2.000,-1,400.000,-1,375.000,-1,325.000,325.000,300.000,300.000,-1,-1,-1,-1,775.000,675.000,-1,-1,2,0,2,0,2,0,0,0,0,2,2,2,2,0,0,2,2
38,5305.094,-8116.405,111.280,-126.114,-0.589173,0.807594,-0.025849,-0.807949,-0.589212,0.006878,-0.009676,0.024937,0.999642,0,0.70101,-1.00000,42.061,-2.000,-1,400.000,-1,375.000,-1,325.000,325.000,300.000,300.000,-1,-1,-1,-1,775.000,675.000,-1,-1,2,0,2,0,2,0,0,0,0,2,2,2,2,0,0,2,2
39,5279.132,-8149.497,111.010,-128.114,-0.617016,0.786561,-0.024765,-0.786889,-0.617055,0.006913,-0.009844,0.023753,0.999669,0,0.70101,-1.00000,42.061,-2.000,-1,400.000,-1,375.000,-1,325.000,325.000,300.000,300.000,-1,-1,-1,-1,775.000,675.000,-1,-1,2,0,2,0,2,0,0,0,0,2,2,2,2,0,0,2,2
40,5252.032,-8181.663,110.714,-130.114,-0.644109,0.764570,-0.023591,-0.764869,-0.644149,0.006873,-0.009941,0.022471,0.999698,0,0.70101,-1.00000,42.061,-2.000,-1,400.000,-1,375.000,-1,325.000,325.000,300.000,300.000,-1,-1,-1,-1,750.000,675.000,-1,-1,2,0,2,0,2,0,0,0,0,2,2,2,2,0,0,2,2
41,5220.752,-8216.556,110.352,-131.874,-0.667311,0.744448,-0.022197,-0.744715,-0.667348,0.006751,-0.009787,0.021036,0.999731,0,0.78101,-0.88000,46.861,-1.760,-1,400.000,-1,375.000,-1,325.000,300.000,300.000,300.000,-1,-1,-1,-1,750.000,675.000,-1,-1,2,0,2,0,2,0,0,0,0,2,2,2,2,0,0,2,2
42,5185.260,-8254.095,109.930,-133.394,-0.686851,0.726508,-0.020547,-0.726738,-0.686883,0.006540,-0.009362,0.019424,0.999767,0,0.86101,-0.76000,51.661,-1.520,-1,400.000,-1,375.000,-1,325.000,300.000,300.000,300.000,-1,-1,-1,-1,725.000,650.000,-1,-1,2,0,2,0,2,0,0,0,0,2,2,2,2,0,0,2,2
43,5145.821,-8293.985,109.478,-134.674,-0.702937,0.711006,-0.018737,-0.711199,-0.702963,0.006245,-0.008732,0.017715,0.999805,0,0.93492,-0.64000,56.095,-1.280,-1,400.000,-1,375.000,-1,325.000,300.000,300.000,300.000,-1,-1,-1,-1,725.000,650.000,-1,-1,2,0,2,0,2,0,0,0,0,2,2,2,2,0,0,2,2
44,5105.665,-8333.152,109.087,-135.714,-0.715749,0.698147,-0.017128,-0.698310,-0.715771,0.005921,-0.008126,0.016199,0.999836,0,0.93492,-0.52000,56.095,-1.040,-1,375.000,-1,375.000,-1,300.000,300.000,300.000,300.000,-1,-1,-1,-1,700.000,650.000,-1,-1,2,0,2,0,2,0,0,0,0,2,2,2,2,0,0,2,2
45,5064.965,-8371.755,108.705,-136.514,-0.725450,0.688102,-0.015420,-0.688236,-0.725466,0.005557,-0.007363,0.014644,0.999866,0,0.93492,-0.40000,56.095,-0.800,-1,375.000,-1,375.000,-1,300.000,300.000,300.000,300.000,-1,-1,-1,-1,700.000,650.000,-1,-1,2,0,2,0,2,0,0,0,0,2,2,2,2,0,0,2,2
46,5023.890,-8409.959,108.338,-137.074,-0.732163,0.680994,-0.013606,-0.681099,-0.732173,0.005168,-0.006442,0.013051,0.999894,0,0.93492,-0.28000,56.095,-0.560,-1,375.000,-1,375.000,-1,300.000,300.000,300.000,300.000,-1,975.000,-1,-1,700.000,650.000,-1,-1,2,0,2,0,2,0,0,0,0,2,0,2,2,0,0,2,2
47,4982.603,-8447.932,107.989,-137.394,-0.735975,0.676908,-0.011677,-0.676987,-0.735980,0.004749,-0.005379,0.011400,0.999921,0,0.93492,-0.16000,56.095,-0.320,-1,375.000,-1,375.000,-1,300.000,300.000,300.000,300.000,-1,875.000,-1,-1,675.000,625.000,-1,-1,2,0,2,0,2,0,0,0,0,2,0,2,2,0,0,2,2
48,4941.262,-8485.848,108.001,-137.474,-0.736946,0.675882,-0.009746,-0.675945,-0.736927,0.006094,-0.003063,0.011079,0.999934,0,0.93492,-0.04000,56.095,-0.080,-1,375.000,-1,375.000,-1,300.000,300.000,300.000,300.000,-1,750.000,875.000,-1,675.000,625.000,-1,-1,2,0,2,0,2,0,0,0,0,2,0,0,2,0,0,2,2
49,4903.556,-8520.625,108.095,-137.314,-0.735077,0.677938,-0.007892,-0.677984,-0.735037,0.007643,-0.000619,0.010969,0.999940,0,0.85492,0.08000,51.295,0.160,-1,375.000,-1,375.000,-1,300.000,300.000,300.000,300.000,-1,675.000,775.000,-1,700.000,625.000,-1,-1,2,0,2,0,2,0,0,0,0,2,0,0,2,0,0,2,2
50,4869.600,-8552.385,108.199,-136.914,-0.730342,0.683054,-0.006132,-0.683079,-0.730288,0.009059,0.001710,0.010805,0.999940,0,0.77492,0.20000,46.495,0.400,-1,375.000,-1,375.000,-1,300.000,300.000,300.000,300.000,-1,600.000,700.000,-1,700.000,625.000,-1,-1,2,0,2,0,2,0,0,0,0,2,0,0,2,0,0,2,2
51,4836.040,-8584.485,108.449,-136.274,-0.722676,0.691174,-0.004261,-0.691177,-0.722618,0.009914,0.003774,0.010110,0.999942,0,0.77399,0.32000,46.439,0.640,-1,375.000,-1,375.000,-1,300.000,300.000,300.000,300.000,-1,575.000,650.000,-1,700.000,625.000,-1,-1,2,0,2,0,2,0,0,0,0,2,0,0,2,0,0,2,2
52,4802.977,-8617.096,108.824,-135.394,-0.711978,0.702198,-0.002276,-0.702179,-0.711925,0.010330,0.005633,0.008953,0.999944,0,0.77399,0.44000,46.439,0.880,-1,375.000,-1,375.000,-1,300.000,300.000,300.000,300.000,-1,550.000,650.000,-1,700.000,625.000,-1,-1,2,0,2,0,2,0,0,0,0,2,0,0,2,0,0,2,2
53,4770.558,-8650.347,109.239,-134.274,-0.698113,0.715987,-0.000212,-0.715948,-0.698071,0.010731,0.007535,0.007643,0.999942,0,0.77399,0.56000,46.439,1.120,-1,375.000,-1,375.000,-1,300.000,300.000,300.000,300.000,-1,525.000,625.000,-1,700.000,625.000,-1,-1,2,0,2,0,2,0,0,0,0,2,0,0,2,0,0,2,2
54,4738.937,-8684.358,109.702,-132.914,-0.680913,0.732361,0.001938,-0.732303,-0.680888,0.011095,0.009445,0.006136,0.999937,0,0.77399,0.68000,46.439,1.360,-1,375.000,-1,375.000,-1,300.000,300.000,300.000,300.000,-1,500.000,625.000,-1,725.000,625.000,-1,-1,2,0,2,0,2,0,0,0,0,2,0,0,2,0,0,2,2
55,4708.279,-8719.238,110.213,-131.314,-0.660182,0.751094,0.004174,-0.751020,-0.660180,0.011440,0.011348,0.004417,0.999926,0,0.77399,0.80000,46.439,1.600,-1,375.000,-1,375.000,-1,300.000,300.000,300.000,325.000,-1,500.000,625.000,-1,725.000,625.000,-1,-1,2,0,2,0,2,0,0,0,0,2,0,0,2,0,0,2,2
56,4678.756,-8755.085,110.773,-129.474,-0.635699,0.771910,0.006497,-0.771824,-0.635728,0.011783,0.013226,0.002476,0.999909,0,0.77399,0.92000,46.439,1.840,-1,375.000,-1,375.000,-1,300.000,300.000,300.000,325.000,-1,500.000,625.000,-1,750.000,625.000,-1,-1,2,0,2,0,2,0,0,0,0,2,0,0,2,0,0,2,2
57,4650.502,-8791.941,111.330,-127.474,-0.608341,0.793628,0.008656,-0.793535,-0.608403,0.012147,0.014907,0.000521,0.999889,0,0.77399,1.00000,46.439,2.000,-1,375.000,-1,375.000,-1,325.000,300.000,300.000,300.000,-1,500.000,625.000,-1,750.000,625.000,-1,-1,2,0,2,0,2,0,0,0,0,2,0,0,2,0,0,2,2
58,4620.591,-8833.544,112.121,-125.714,-0.583629,0.811938,0.011584,-0.811842,-0.583740,0.012647,0.017031,-0.002023,0.999853,0,0.85399,0.88000,51.239,1.760,-1,375.000,-1,375.000,-1,325.000,300.000,300.000,300.000,-1,500.000,625.000,-1,750.000,650.000,-1,-1,2,0,2,0,2,0,0,0,0,2,0,0,2,0,0,2,2
59,4591.359,-8876.567,112.984,-124.194,-0.561822,0.827129,0.014586,-0.827037,-0.561992,0.013225,0.019136,-0.004633,0.999806,0,0.86691,0.76000,52.014,1.520,-1,400.000,-1,375.000,-1,325.000,300.000,300.000,300.000,-1,500.000,650.000,-1,775.000,650.000,-1,-1,2,0,2,0,2,0,0,0,0,2,0,0,2,0,0,2,2
60,4563.095,-8920.233,113.906,-122.914,-0.543130,0.839464,0.017622,-0.839381,-0.543367,0.013853,0.021205,-0.007268,0.999749,0,0.86691,0.64000,52.014,1.280,-1,400.000,-1,375.000,-1,325.000,300.000,300.000,300.000,-1,500.000,625.000,-1,775.000,650.000,-1,-1,2,0,2,0,2,0,0,0,0,2,0,0,2,0,0,2,2
61,4535.629,-8964.404,114.888,-121.874,-0.527716,0.849169,0.020701,-0.849102,-0.528029,0.014516,0.023257,-0.009917,0.999680,0,0.86691,0.52000,52.014,1.040,-1,400.000,-1,375.000,-1,325.000,300.000,300.000,300.000,-1,475.000,625.000,-1,800.000,650.000,-1,-1,2,0,2,0,2,0,0,0,0,2,0,0,2,0,0,2,2
62,4508.782,-9008.955,116.060,-121.074,-0.515730,0.856438,0.023152,-0.856390,-0.516109,0.015106,0.024887,-0.012037,0.999618,0,0.86691,0.40000,52.014,0.800,-1,400.000,-1,375.000,-1,325.000,300.000,300.000,300.000,-1,500.000,650.000,-1,800.000,675.000,-1,-1,2,0,2,0,2,0,0,0,0,2,0,0,2,0,0,2,2
63,4482.372,-9053.765,117.422,-120.514,-0.507271,0.861424,0.024997,-0.861391,-0.507703,0.015590,0.026120,-0.013624,0.999566,0,0.86691,0.28000,52.014,0.560,-1,400.000,-1,375.000,-1,325.000,300.000,300.000,300.000,-1,525.000,675.000,-1,800.000,675.000,-1,-1,2,0,2,0,2,0,0,0,0,2,0,0,2,0,0,2,2
64,4456.212,-9098.723,118.835,-120.194,-0.502382,0.864226,0.026926,-0.864213,-0.502873,0.015988,0.027358,-0.015237,0.999510,0,0.86691,0.16000,52.014,0.320,-1,400.000,-1,375.000,-1,325.000,325.000,300.000,300.000,-1,550.000,700.000,-1,825.000,700.000,-1,-1,2,0,2,0,2,0,0,0,0,2,0,0,2,0,0,2,2
65,4430.115,-9143.717,120.203,-120.114,-0.501100,0.864899,0.029129,-0.864927,-0.501649,0.015819,0.028295,-0.017267,0.999450,0,0.86691,0.04000,52.014,0.080,-1,400.000,-1,375.000,-1,325.000,325.000,300.000,300.000,-1,575.000,700.000,-1,825.000,700.000,-1,-1,2,0,2,0,2,0,0,0,0,2,0,0,2,0,0,2,2
66,4403.982,-9188.690,121.622,-120.161,-0.501728,0.864455,0.031409,-0.864532,-0.502337,0.015558,0.029227,-0.019348,0.999386,0,0.86691,-0.02344,52.014,-0.047,-1,400.000,-1,375.000,-1,325.000,325.000,300.000,300.000,-1,575.000,700.000,-1,825.000,700.000,-1,-1,2,0,2,0,2,0,0,0,0,2,0,0,2,0,0,2,2
67,4377.812,-9233.641,123.089,-120.208,-0.502350,0.864006,0.033751,-0.864140,-0.503022,0.015217,0.030126,-0.021521,0.999314,0,0.86691,-0.02344,52.014,-0.047,-1,400.000,-1,375.000,-1,325.000,325.000,300.000,300.000,-1,600.000,725.000,-1,825.000,725.000,-1,-1,2,0,2,0,2,0,0,0,0,2,0,0,2,0,0,2,2
68,4351.605,-9278.571,124.564,-120.255,-0.502966,0.863552,0.036088,-0.863746,-0.503705,0.014973,0.031108,-0.023640,0.999236,0,0.86691,-0.02344,52.014,-0.047,-1,400.000,-1,375.000,-1,325.000,325.000,300.000,300.000,-1,575.000,725.000,-1,850.000,725.000,-1,-1,2,0,2,0,2,0,0,0,0,2,0,0,2,0,0,2,2
69,4325.361,-9323.479,126.047,-120.302,-0.503577,0.863096,0.038419,-0.863351,-0.504386,0.014824,0.032172,-0.025704,0.999152,0,0.86691,-0.02344,52.014,-0.047,-1,400.000,-1,375.000,-1,325.000,325.000,300.000,300.000,-1,575.000,725.000,-1,850.000,725.000,-1,-1,2,0,2,0,2,0,0,0,0,2,0,0,2,0,0,2,2
70,4299.081,-9368.366,127.559,-120.349,-0.504205,0.862635,0.040477,-0.862966,-0.505063,0.014172,0.032669,-0.027785,0.999080,0,0.86691,-0.02344,52.014,-0.047,-1,400.000,-1,375.000,-1,325.000,325.000,300.000,300.000,-1,600.000,750.000,-1,850.000,725.000,-1,-1,2,0,2,0,2,0,0,0,0,2,0,0,2,0,0,2,2
71,4272.764,-9413.232,128.960,-120.395,-0.504884,0.862183,0.041630,-0.862585,-0.505746,0.012973,0.032239,-0.029360,0.999049,0,0.86691,-0.02344,52.014,-0.047,-1,400.000,-1,375.000,-1,325.000,325.000,300.000,300.000,-1,650.000,825.000,-1,850.000,725.000,-1,-1,2,0,2,0,2,0,0,0,0,2,0,0,2,0,0,2,2
72,4246.410,-9458.076,130.393,-120.442,-0.505568,0.861727,0.042756,-0.862204,-0.506427,0.011674,0.031712,-0.030963,0.999017,0,0.86691,-0.02344,52.014,-0.047,-1,400.000,-1,375.000,-1,325.000,325.000,300.000,300.000,-1,700.000,900.000,-1,850.000,725.000,-1,-1,2,0,2,0,2,0,0,0,0,2,0,0,2,0,0,2,2
73,4220.020,-9502.898,131.856,-120.489,-0.506256,0.861267,0.043856,-0.861823,-0.507106,0.010274,0.031088,-0.032595,0.998985,0,0.86691,-0.02344,52.014,-0.047,-1,400.000,-1,375.000,-1,325.000,325.000,300.000,300.000,-1,775.000,975.000,-1,850.000,725.000,-1,-1,2,0,2,0,2,0,0,0,0,2,0,0,2,0,0,2,2
74,4193.593,-9547.699,133.368,-120.536,-0.506948,0.860806,0.044895,-0.861439,-0.507783,0.008860,0.030424,-0.034182,0.998952,0,0.86691,-0.02344,52.014,-0.047,-1,400.000,-1,375.000,-1,325.000,325.000,300.000,300.000,-1,850.000,-1,-1,850.000,750.000,-1,-1,2,0,2,0,2,0,0,0,0,2,0,2,2,0,0,2,2
75,4167.129,-9592.478,135.080,-120.583,-0.507638,0.860363,0.045591,-0.861040,-0.508471,0.008172,0.030213,-0.035107,0.998927,0,0.86691,-0.02344,52.014,-0.047,-1,400.000,-1,375.000,-1,325.000,325.000,300.000,300.000,-1,925.000,-1,-1,850.000,750.000,-1,-1,2,0,2,0,2,0,0,0,0,2,0,2,2,0,0,2,2
76,4140.629,-9637.235,136.824,-120.630,-0.508332,0.859918,0.046260,-0.860642,-0.509158,0.007390,0.029909,-0.036057,0.998902,0,0.86691,-0.02344,52.014,-0.047,-1,400.000,-1,375.000,-1,325.000,325.000,300.000,300.000,-1,1000.000,-1,-1,850.000,750.000,-1,-1,2,0,2,0,2,0,0,0,0,2,0,2,2,0,0,2,2
77,4114.092,-9681.971,138.511,-120.677,-0.509007,0.859459,0.047355,-0.860246,-0.509836,0.006577,0.029796,-0.037389,0.998856,0,0.86691,-0.02344,52.014,-0.047,-1,400.000,-1,375.000,-1,325.000,325.000,300.000,300.000,-1,-1,-1,-1,850.000,775.000,-1,-1,2,0,2,0,2,0,0,0,0,2,2,2,2,0,0,2,2
78,4087.519,-9726.685,140.189,-120.724,-0.509675,0.858991,0.048634,-0.859853,-0.510509,0.005699,0.029723,-0.038914,0.998800,0,0.86691,-0.02344,52.014,-0.047,-1,400.000,-1,375.000,-1,325.000,325.000,300.000,300.000,-1,-1,-1,-1,850.000,775.000,-1,-1,2,0,2,0,2,0,0,0,0,2,2,2,2,0,0,2,2
79,4060.909,-9771.377,141.815,-120.770,-0.510348,0.858508,0.050084,-0.859466,-0.511173,0.004378,0.029360,-0.040812,0.998735,0,0.86691,-0.02344,52.014,-0.047,-1,400.000,-1,400.000,-1,325.000,325.000,300.000,300.000,-1,-1,-1,-1,850.000,800.000,-1,-1,2,0,2,0,2,0,0,0,0,2,2,2,2,0,0,2,2
80,4034.263,-9816.048,143.375,-120.817,-0.511029,0.858006,0.051726,-0.859086,-0.511826,0.002553,0.028665,-0.043133,0.998658,0,0.86691,-0.02344,52.014,-0.047,-1,400.000,-1,400.000,-1,325.000,325.000,300.000,300.000,-1,-1,-1,-1,850.000,800.000,-1,-1,2,0,2,0,2,0,0,0,0,2,2,2,2,0,0,2,2
81,4007.580,-9860.697,144.944,-120.864,-0.511713,0.857494,0.053424,-0.858704,-0.512472,0.000582,0.027878,-0.045578,0.998572,0,0.86691,-0.02344,52.014,-0.047,-1,400.000,-1,400.000,-1,325.000,325.000,300.000,300.000,-1,-1,-1,-1,850.000,825.000,-1,-1,2,0,2,0,2,0,0,0,0,2,2,2,2,0,0,2,2
82,3980.861,-9905.324,146.521,-120.911,-0.512403,0.856970,0.055184,-0.858321,-0.513111,-0.001534,0.027001,-0.048151,0.998475,0,0.86691,-0.02344,52.014,-0.047,-1,400.000,-1,400.000,-1,325.000,325.000,300.000,300.000,-1,-1,-1,-1,850.000,825.000,-1,-1,2,0,2,0,2,0,0,0,0,2,2,2,2,0,0,2,2
83,3954.105,-9949.929,147.831,-120.958,-0.513072,0.856479,0.056569,-0.857924,-0.513770,-0.002547,0.026882,-0.049839,0.998395,0,0.86691,-0.02344,52.014,-0.047,-1,400.000,-1,400.000,-1,325.000,325.000,300.000,300.000,-1,-1,-1,-1,850.000,850.000,-1,-1,2,0,2,0,2,0,0,0,0,2,2,2,2,0,0,2,2
84,3927.313,-9994.513,149.086,-121.005,-0.513739,0.855990,0.057911,-0.857526,-0.514429,-0.003427,0.026857,-0.051421,0.998316,0,0.86691,-0.02344,52.014,-0.047,-1,425.000,-1,400.000,-1,325.000,325.000,300.000,300.000,-1,-1,-1,-1,875.000,850.000,-1,-1,2,0,2,0,2,0,0,0,0,2,2,2,2,0,0,2,2
85,3900.484,-10039.074,150.163,-121.052,-0.514449,0.855523,0.058494,-0.857117,-0.515102,-0.004473,0.026304,-0.052437,0.998278,0,0.86691,-0.02344,52.014,-0.047,-1,425.000,-1,400.000,-1,325.000,325.000,300.000,300.000,-1,-1,-1,-1,875.000,850.000,-1,-1,2,0,2,0,2,0,0,0,0,2,2,2,2,0,0,2,2
86,3873.618,-10083.613,151.081,-121.099,-0.515199,0.855078,0.058408,-0.856698,-0.515788,-0.005669,0.025279,-0.052959,0.998277,0,0.86691,-0.02344,52.014,-0.047,-1,425.000,-1,400.000,-1,325.000,325.000,300.000,300.000,-1,-1,-1,-1,875.000,850.000,-1,-1,2,0,2,0,2,0,0,0,0,2,2,2,2,0,0,2,2
87,3848.836,-10124.236,152.044,-121.385,-0.519552,0.852489,0.057686,-0.854099,-0.520065,-0.006917,0.024104,-0.052864,0.998311,0,0.79310,-0.14344,47.586,-0.287,-1,425.000,-1,400.000,-1,325.000,325.000,300.000,300.000,-1,-1,-1,-1,850.000,850.000,-1,-1,2,0,2,0,2,0,0,0,0,2,2,2,2,0,0,2,2
88,3823.681,-10164.630,153.062,-121.912,-0.527458,0.847686,0.056718,-0.849271,-0.527892,-0.008255,0.022944,-0.052523,0.998356,0,0.79310,-0.26344,47.586,-0.527,-1,400.000,-1,400.000,-1,325.000,325.000,300.000,300.000,-1,-1,-1,-1,850.000,850.000,-1,-1,2,0,2,0,2,0,0,0,0,2,2,2,2,0,0,2,2
89,3797.987,-10204.683,154.098,-122.679,-0.538841,0.840562,0.055725,-0.842122,-0.539202,-0.009644,0.021941,-0.052123,0.998400,0,0.79310,-0.38344,47.586,-0.767,-1,400.000,-1,400.000,-1,325.000,325.000,300.000,300.000,-1,-1,-1,-1,850.000,850.000,-1,-1,2,0,2,0,2,0,0,0,0,2,2,2,2,0,0,2,2
90,3771.594,-10244.279,155.162,-123.686,-0.553611,0.830977,0.054694,-0.832508,-0.553902,-0.011076,0.021091,-0.051665,0.998442,0,0.79310,-0.50344,47.586,-1.007,-1,400.000,-1,400.000,-1,325.000,325.000,300.000,300.000,-1,-1,-1,-1,850.000,850.000,-1,-1,2,0,2,0,2,0,0,0,0,2,2,2,2,0,0,2,2
91,3744.428,-10283.349,156.229,-124.811,-0.569887,0.819964,0.053738,-0.821471,-0.570113,-0.012534,0.020360,-0.051287,0.998476,0,0.79310,-0.56220,47.586,-1.124,-1,400.000,-1,400.000,-1,325.000,325.000,300.000,300.000,-1,-1,-1,-1,850.000,850.000,-1,-1,2,0,2,0,2,0,0,0,0,2,2,2,2,0,0,2,2
92,3716.491,-10321.898,157.189,-125.933,-0.585883,0.808634,0.053401,-0.810149,-0.586057,-0.013990,0.019983,-0.051459,0.998475,0,0.79346,-0.56108,47.608,-1.122,-1,400.000,-1,400.000,-1,325.000,325.000,300.000,300.000,-1,-1,-1,-1,850.000,850.000,-1,-1,2,0,2,0,2,0,0,0,0,2,2,2,2,0,0,2,2
93,3687.779,-10359.931,158.163,-127.049,-0.601578,0.797051,0.053051,-0.798574,-0.601696,-0.015503,0.019564,-0.051691,0.998471,0,0.79422,-0.55830,47.653,-1.117,-1,400.000,-1,400.000,-1,325.000,325.000,300.000,300.000,-1,-1,-1,-1,850.000,850.000,-1,-1,2,0,2,0,2,0,0,0,0,2,2,2,2,0,0,2,2
94,3658.317,-10397.424,159.151,-128.161,-0.616976,0.785216,0.052687,-0.786750,-0.617036,-0.017072,0.019105,-0.051985,0.998465,0,0.79472,-0.55579,47.683,-1.112,-1,400.000,-1,400.000,-1,325.000,325.000,300.000,300.000,-1,-1,-1,-1,850.000,850.000,-1,-1,2,0,2,0,2,0,0,0,0,2,2,2,2,0,0,2,2
95,3628.125,-10434.354,160.119,-129.268,-0.632088,0.773127,0.052343,-0.774675,-0.632078,-0.018857,0.018506,-0.052468,0.998451,0,0.79501,-0.55360,47.700,-1.107,-1,400.000,-1,400.000,-1,325.000,325.000,300.000,300.000,-1,-1,-1,-1,850.000,850.000,-1,-1,2,0,2,0,2,0,0,0,0,2,2,2,2,0,0,2,2
96,3597.225,-10470.699,161.103,-130.372,-0.646914,0.760790,0.051972,-0.762353,-0.646831,-0.020677,0.017887,-0.052998,0.998434,0,0.79509,-0.55172,47.705,-1.103,-1,400.000,-1,400.000,-1,325.000,325.000,300.000,300.000,-1,-1,-1,-1,850.000,850.000,-1,-1,2,0,2,0,2,0,0,0,0,2,2,2,2,0,0,2,2
97,3563.292,-10509.413,162.180,-131.235,-0.658370,0.750928,0.051530,-0.752504,-0.658198,-0.022649,0.016909,-0.053688,0.998415,0,0.85800,-0.43172,51.480,-0.863,-1,400.000,-1,400.000,-1,325.000,325.000,300.000,300.000,-1,-1,-1,-1,825.000,850.000,-1,-1,2,0,2,0,2,0,0,0,0,2,2,2,2,0,0,2,2
98,3528.949,-10547.747,163.245,-131.858,-0.666573,0.743688,0.051075,-0.745275,-0.666299,-0.024703,0.015660,-0.054532,0.998389,0,0.85780,-0.31172,51.468,-0.623,-1,400.000,-1,400.000,-1,325.000,325.000,300.000,300.000,-1,-1,-1,-1,825.000,850.000,-1,-1,2,0,2,0,2,0,0,0,0,2,2,2,2,0,0,2,2
99,3493.956,-10586.282,164.173,-132.242,-0.671599,0.739190,0.050523,-0.740773,-0.671241,-0.026278,0.014489,-0.055075,0.998377,0,0.86754,-0.19172,52.053,-0.383,-1,400.000,-1,400.000,-1,325.000,325.000,300.000,300.000,-1,-1,-1,-1,825.000,850.000,-1,-1,2,0,2,0,2,0,0,0,0,2,2,2,2,0,0,2,2
100,3458.629,-10624.990,164.914,-132.385,-0.673500,0.737503,0.049871,-0.739064,-0.673086,-0.027212,0.013498,-0.055185,0.998385,0,0.87342,-0.07172,52.405,-0.143,-1,400.000,-1,400.000,-1,325.000,325.000,300.000,300.000,-1,-1,-1,-1,825.000,850.000,-1,-1,2,0,2,0,2,0,0,0,0,2,2,2,2,0,0,2,2
101,3423.016,-10663.911,165.607,-132.459,-0.674500,0.736632,0.049225,-0.738170,-0.674027,-0.028167,0.012430,-0.055334,0.998390,0,0.87925,-0.03679,52.755,-0.074,-1,400.000,-1,400.000,-1,325.000,325.000,300.000,300.000,-1,-1,-1,-1,800.000,850.000,-1,-1,2,0,2,0,2,0,0,0,0,2,2,2,2,0,0,2,2
102,3387.115,-10703.039,166.250,-132.538,-0.675571,0.735693,0.048582,-0.737207,-0.675038,-0.029142,0.011355,-0.055503,0.998394,0,0.88505,-0.03960,53.103,-0.079,-1,400.000,-1,400.000,-1,325.000,325.000,300.000,300.000,-1,-1,-1,-1,800.000,850.000,-1,-1,2,0,2,0,2,0,0,0,0,2,2,2,2,0,0,2,2
103,3350.921,-10742.368,166.840,-132.623,-0.676716,0.734682,0.047927,-0.736172,-0.676123,-0.030137,0.010263,-0.055677,0.998396,0,0.89081,-0.04254,53.449,-0.085,-1,400.000,-1,400.000,-1,325.000,325.000,300.000,300.000,-1,-1,-1,-1,800.000,850.000,-1,-1,2,0,2,0,2,0,0,0,0,2,2,2,2,0,0,2,2
104,3314.432,-10781.891,167.216,-132.714,-0.677966,0.733621,0.046503,-0.735042,-0.677308,-0.031100,0.008681,-0.055266,0.998434,0,0.89652,-0.04564,53.791,-0.091,-1,400.000,-1,400.000,-1,325.000,325.000,300.000,300.000,-1,-1,-1,-1,800.000,850.000,-1,-1,2,0,2,0,2,0,0,0,0,2,2,2,2,0,1,2,2
105,3277.645,-10821.600,167.535,-132.812,-0.679296,0.732480,0.045059,-0.733830,-0.678575,-0.032080,0.007078,-0.054858,0.998469,0,0.90218,-0.04890,54.131,-0.098,-1,400.000,-1,400.000,-1,325.000,325.000,300.000,300.000,-1,-1,-1,-1,800.000,825.000,-1,1000.000,2,0,2,0,2,0,0,0,0,2,2,2,2,0,1,2,1
106,3240.557,-10861.488,167.809,-132.917,-0.680707,0.731253,0.043655,-0.732535,-0.679925,-0.033082,0.005491,-0.054498,0.998499,0,0.90777,-0.05234,54.466,-0.105,-1,400.000,-1,400.000,975.000,325.000,325.000,300.000,300.000,-1,-1,-1,-1,775.000,800.000,-1,950.000,2,0,2,0,1,0,0,0,0,2,2,2,2,0,1,2,1
107,3203.166,-10901.545,168.010,-133.029,-0.682202,0.729932,0.042431,-0.731153,-0.681360,-0.034117,0.004008,-0.054298,0.998517,0,0.91327,-0.05596,54.796,-0.112,-1,400.000,-1,400.000,900.000,325.000,325.000,300.000,300.000,-1,-1,-1,-1,775.000,775.000,-1,900.000,2,0,2,0,1,0,0,0,0,2,2,2,2,0,1,2,1
108,3165.469,-10941.761,168.166,-133.148,-0.683788,0.728515,0.041239,-0.729676,-0.682887,-0.035174,0.002537,-0.054143,0.998530,0,0.91869,-0.05978,55.121,-0.120,-1,400.000,-1,400.000,850.000,325.000,325.000,300.000,300.000,-1,-1,-1,-1,775.000,725.000,-1,850.000,2,0,2,0,1,0,0,0,0,2,2,2,2,0,1,2,1
109,3127.464,-10982.124,168.280,-133.276,-0.685472,0.726996,0.040062,-0.728098,-0.684513,-0.036253,0.001068,-0.054019,0.998539,0,0.92399,-0.06383,55.439,-0.128,-1,400.000,-1,400.000,775.000,325.000,325.000,300.000,300.000,-1,-1,-1,-1,750.000,700.000,-1,775.000,2,0,2,0,1,0,0,0,0,2,2,2,2,0,1,2,1
110,3089.151,-11022.622,168.346,-133.412,-0.687258,0.725369,0.038936,-0.726413,-0.686242,-0.037356,-0.000377,-0.053956,0.998543,0,0.92916,-0.06810,55.750,-0.136,-1,400.000,-1,400.000,725.000,325.000,325.000,300.000,300.000,-1,-1,-1,-1,750.000,675.000,-1,725.000,2,0,2,0,1,0,0,0,0,2,2,2,2,0,1,2,1
111,3050.527,-11063.241,168.388,-133.558,-0.689149,0.723631,0.037843,-0.724618,-0.688083,-0.038350,-0.001712,-0.053850,0.998548,0,0.93418,-0.07264,56.051,-0.145,-1,400.000,-1,400.000,650.000,325.000,325.000,300.000,300.000,-1,-1,-1,-1,750.000,625.000,-1,675.000,2,0,2,0,1,0,0,0,0,2,2,2,2,0,1,2,1
112,3011.593,-11103.966,168.532,-133.712,-0.691135,0.721794,0.036697,-0.722722,-0.690062,-0.038580,-0.002524,-0.053185,0.998581,0,0.93903,-0.07746,56.342,-0.155,-1,400.000,-1,400.000,600.000,325.000,325.000,300.000,300.000,-1,-1,-1,-1,750.000,600.000,-1,625.000,2,0,2,0,1,0,0,0,0,2,2,2,2,0,1,2,1
113,2973.250,-11143.521,168.634,-134.107,-0.696118,0.717042,0.035636,-0.717921,-0.695042,-0.038818,-0.003066,-0.052606,0.998611,0,0.91814,-0.19746,55.089,-0.395,-1,400.000,-1,400.000,550.000,325.000,325.000,300.000,300.000,-1,-1,-1,-1,725.000,575.000,-1,575.000,2,0,2,0,1,0,0,0,0,2,2,2,2,0,1,2,1
114,2934.280,-11182.843,168.705,-134.742,-0.704040,0.709315,0.034638,-0.710152,-0.702962,-0.039093,-0.003380,-0.052122,0.998635,0,0.92269,-0.31746,55.361,-0.635,-1,375.000,-1,400.000,500.000,325.000,325.000,300.000,300.000,-1,-1,-1,-1,725.000,550.000,-1,525.000,2,0,2,0,1,0,0,0,0,2,2,2,2,0,1,2,1
115,2894.516,-11221.759,168.773,-135.617,-0.714802,0.698514,0.033702,-0.699318,-0.713728,-0.039329,-0.003418,-0.051681,0.998658,0,0.92730,-0.43746,55.638,-0.875,-1,375.000,-1,400.000,450.000,325.000,325.000,300.000,300.000,-1,-1,-1,-1,725.000,500.000,-1,475.000,2,0,2,1,1,0,0,0,0,2,2,2,2,0,1,2,1
116,2853.798,-11260.092,168.677,-136.727,-0.728190,0.684591,0.032772,-0.685370,-0.727164,-0.038736,-0.002688,-0.050668,0.998712,0,0.93205,-0.55505,55.923,-1.110,-1,375.000,975.000,375.000,400.000,325.000,325.000,300.000,300.000,-1,-1,-1,-1,725.000,475.000,-1,425.000,2,0,1,1,1,0,0,0,0,2,2,2,2,0,1,2,1
117,2812.121,-11297.821,168.597,-137.846,-0.741403,0.670299,0.031948,-0.671058,-0.740424,-0.038142,-0.001912,-0.049718,0.998761,0,0.93695,-0.55920,56.217,-1.118,-1,375.000,900.000,325.000,350.000,325.000,325.000,300.000,300.000,-1,-1,-1,-1,725.000,425.000,-1,350.000,2,0,1,1,1,0,0,0,0,2,2,2,2,1,1,2,1
118,2769.493,-11334.912,168.534,-138.973,-0.754433,0.655634,0.031233,-0.656376,-0.753498,-0.037555,-0.001089,-0.048833,0.998806,0,0.94176,-0.56356,56.505,-1.127,-1,375.000,800.000,300.000,300.000,325.000,300.000,300.000,300.000,-1,-1,-1,-1,675.000,400.000,975.000,300.000,2,0,1,1,1,0,1,0,0,2,2,2,2,1,1,1,1
119,2725.923,-11371.330,168.488,-140.109,-0.767274,0.640587,0.030628,-0.641319,-0.766383,-0.036981,-0.000217,-0.048017,0.998847,0,0.94643,-0.56817,56.786,-1.136,-1,375.000,725.000,275.000,250.000,325.000,275.000,300.000,300.000,-1,-1,-1,-1,600.000,350.000,875.000,250.000,2,0,1,1,1,0,1,0,0,2,2,2,2,1,1,1,1
120,2681.424,-11407.041,170.422,-141.255,-0.779702,0.624919,0.039249,-0.626116,-0.778781,-0.038459,0.006532,-0.054561,0.998489,0,0.95093,-0.57307,57.056,-1.146,-1,400.000,700.000,275.000,225.000,300.000,250.000,300.000,325.000,-1,-1,-1,-1,575.000,350.000,800.000,225.000,2,1,1,1,1,1,1,0,0,2,2,2,2,1,1,1,1
121,2636.013,-11442.009,174.932,-142.412,-0.791340,0.608455,0.059693,-0.611019,-0.790435,-0.043217,0.020888,-0.070673,0.997281,0,0.95522,-0.57831,57.313,-1.157,975.000,375.000,675.000,250.000,225.000,300.000,250.000,275.000,350.000,-1,-1,-1,-1,550.000,325.000,725.000,225.000,1,1,1,1,1,1,1,0,1,2,2,2,2,1,1,1,1
122,2589.706,-11476.191,180.029,-143.580,-0.802249,0.591392,0.081559,-0.595889,-0.801554,-0.049280,0.036230,-0.088135,0.995449,0,0.95925,-0.58396,57.555,-1.168,875.000,350.000,700.000,250.000,200.000,275.000,250.000,275.000,375.000,-1,250.000,425.000,-1,525.000,325.000,675.000,200.000,1,1,1,1,1,1,1,0,1,2,0,0,2,1,1,1,1
123,2542.524,-11509.543,185.235,-144.760,-0.812519,0.573789,0.102857,-0.580674,-0.812193,-0.056209,0.051287,-0.105397,0.993107,0,0.96295,-0.59009,57.777,-1.180,775.000,350.000,700.000,250.000,200.000,275.000,225.000,250.000,400.000,800.000,150.000,300.000,-1,500.000,325.000,625.000,200.000,1,1,1,1,1,1,1,0,1,0,0,0,2,1,1,1,1
124,2494.494,-11542.018,190.368,-145.954,-0.822180,0.555647,0.123598,-0.565380,-0.822343,-0.064009,0.066074,-0.122507,0.990266,0,0.96625,-0.59677,57.975,-1.194,675.000,325.000,700.000,250.000,200.000,250.000,225.000,250.000,450.000,575.000,125.000,250.000,-1,475.000,325.000,550.000,200.000,1,1,1,1,1,1,1,0,1,0,0,0,2,1,1,1,1
125,2445.650,-11573.566,195.554,-147.162,-0.831216,0.536945,0.144119,-0.550045,-0.831955,-0.072804,0.080809,-0.139788,0.986878,0,0.96904,-0.60411,58.142,-1.208,575.000,300.000,750.000,225.000,200.000,250.000,225.000,250.000,500.000,450.000,75.000,225.000,-1,450.000,325.000,500.000,200.000,1,1,1,1,1,1,1,0,1,0,0,0,2,1,1,1,1
126,-5316.770,7299.640,68.452,-21.382,0.932221,0.361767,-0.009390,-0.357185,0.923964,0.136782,0.058159,-0.124157,0.990557,1,0.00000,0.00000,58.273,-1.224,-1,400.000,-1,250.000,-1,300.000,250.000,300.000,650.000,475.000,50.000,125.000,-1,-1,525.000,-1,275.000,2,1,2,1,2,1,1,0,0,0,0,0,2,2,1,2,1
127,-331.762,-6890.230,123.455,-142.236,-0.790032,0.612393,0.028706,-0.611608,-0.790516,0.031941,0.042253,0.007678,0.999077,1,0.08000,-0.12000,4.800,-0.240,-1,400.000,-1,400.000,-1,325.000,325.000,300.000,300.000,-1,-1,-1,-1,750.000,775.000,-1,-1,2,0,2,0,2,0,0,0,0,2,2,2,2,0,0,2,2
128,-339.400,-6896.045,123.865,-142.716,-0.795144,0.605747,0.028575,-0.604960,-0.795616,0.031910,0.042064,0.008086,0.999082,0,0.16000,-0.24000,9.600,-0.480,-1,400.000,-1,400.000,-1,325.000,325.000,300.000,300.000,-1,-1,-1,-1,750.000,775.000,-1,-1,2,0,2,0,2,0,0,0,0,2,2,2,2,0,0,2,2
129,-350.952,-6904.642,124.478,-143.345,-0.801763,0.596968,0.028384,-0.596179,-0.802219,0.031863,0.041791,0.008624,0.999089,0,0.24000,-0.31470,14.400,-0.629,-1,400.000,-1,400.000,-1,325.000,325.000,300.000,300.000,-1,-1,-1,-1,750.000,775.000,-1,-1,2,0,2,0,2,0,0,0,0,2,2,2,2,0,0,2,2
130,-366.480,-6915.935,125.296,-143.975,-0.808286,0.588117,0.028143,-0.587328,-0.808724,0.031797,0.041461,0.009172,0.999098,0,0.32000,-0.31470,19.200,-0.629,-1,400.000,-1,400.000,-1,325.000,325.000,300.000,300.000,-1,-1,-1,-1,750.000,775.000,-1,-1,2,0,2,0,2,0,0,0,0,2,2,2,2,0,0,2,2
131,-386.044,-6929.836,126.317,-144.604,-0.814713,0.579194,0.027854,-0.578407,-0.815131,0.031713,0.041073,0.009726,0.999109,0,0.40000,-0.31470,24.000,-0.629,-1,400.000,-1,400.000,-1,325.000,325.000,300.000,300.000,-1,-1,-1,-1,750.000,775.000,-1,-1,2,0,2,0,2,0,0,0,0,2,2,2,2,0,0,2,2
132,-409.703,-6946.259,127.538,-145.234,-0.821043,0.570202,0.027519,-0.569418,-0.821440,0.031611,0.040630,0.010284,0.999121,0,0.48000,-0.31470,28.800,-0.629,-1,400.000,-1,400.000,-1,325.000,325.000,300.000,300.000,-1,-1,-1,-1,750.000,775.000,-1,-1,2,0,2,0,2,0,0,0,0,2,2,2,2,0,0,2,2
133,-437.513,-6965.114,128.957,-145.863,-0.827275,0.561141,0.027140,-0.560361,-0.827649,0.031492,0.040134,0.010844,0.999135,0,0.56000,-0.31470,33.600,-0.629,-1,400.000,-1,400.000,-1,325.000,325.000,300.000,300.000,-1,-1,-1,-1,750.000,775.000,-1,-1,2,0,2,0,2,0,0,0,0,2,2,2,2,0,0,2,2
134,-469.532,-6986.313,130.547,-146.492,-0.833408,0.552011,0.026730,-0.551233,-0.833757,0.031473,0.039660,0.011496,0.999147,0,0.64000,-0.31470,38.400,-0.629,-1,400.000,-1,400.000,-1,325.000,325.000,300.000,300.000,-1,-1,-1,-1,750.000,775.000,-1,-1,2,0,2,0,2,0,0,0,0,2,2,2,2,0,0,2,2
135,-505.812,-7009.764,132.274,-147.122,-0.839441,0.542814,0.026311,-0.542028,-0.839762,0.031695,0.039300,0.012345,0.999151,0,0.72000,-0.31470,43.200,-0.629,-1,400.000,-1,400.000,-1,325.000,325.000,300.000,300.000,-1,-1,-1,-1,750.000,775.000,-1,-1,2,0,2,0,2,0,0,0,0,2,2,2,2,0,0,2,2
136,-546.408,-7035.377,134.182,-147.751,-0.845373,0.533550,0.025872,-0.532757,-0.845665,0.031944,0.038923,0.013222,0.999155,0,0.80000,-0.31470,48.000,-0.629,-1,400.000,-1,400.000,-1,325.000,325.000,300.000,300.000,-1,-1,-1,-1,750.000,775.000,-1,-1,2,0,2,0,2,0,0,0,0,2,2,2,2,0,0,2,2
