timestep,x_cm,y_cm,z_cm,yaw_deg,basis_xx,basis_xy,basis_xz,basis_yx,basis_yy,basis_yz,basis_zx,basis_zy,basis_zz,teleport_flag,throttle_cmd,steering_cmd,cmd_move_cm,cmd_turn_deg,lidar_cm_0,lidar_cm_1,lidar_cm_2,lidar_cm_3,lidar_cm_4,lidar_cm_5,lidar_cm_6,lidar_cm_7,lidar_cm_8,lidar_cm_9,lidar_cm_10,lidar_cm_11,lidar_cm_12,lidar_cm_13,lidar_cm_14,lidar_cm_15,lidar_cm_16,lidar_class_0,lidar_class_1,lidar_class_2,lidar_class_3,lidar_class_4,lidar_class_5,lidar_class_6,lidar_class_7,lidar_class_8,lidar_class_9,lidar_class_10,lidar_class_11,lidar_class_12,lidar_class_13,lidar_class_14,lidar_class_15,lidar_class_16
0,4915.094,-7541.289,94.443,155.505,-0.911167,-0.412010,0.004764,0.409521,-0.904267,0.120802,-0.045464,0.112021,0.992665,1,0.08000,-0.12000,4.800,-0.240,-1,425.000,-1,425.000,-1,350.000,350.000,325.000,300.000,-1,-1,-1,-1,-1,1000.000,-1,-1,2,0,2,0,2,0,0,0,0,2,2,2,2,2,0,2,2
1,4906.391,-7537.234,93.989,155.025,-0.907702,-0.419594,0.004135,0.416971,-0.900835,0.120961,-0.047029,0.111521,0.992649,0,0.16000,-0.24000,9.600,-0.480,-1,425.000,-1,425.000,-1,350.000,350.000,325.000,300.000,-1,-1,-1,-1,-1,1000.000,-1,-1,2,0,2,0,2,0,0,0,0,2,2,2,2,2,0,2,2
2,4893.415,-7530.989,93.291,154.305,-0.902385,-0.430918,0.003200,0.428092,-0.895567,0.121229,-0.049374,0.110765,0.992619,0,0.24000,-0.36000,14.400,-0.720,-1,425.000,-1,425.000,-1,350.000,350.000,325.000,300.000,-1,-1,-1,-1,-1,1000.000,-1,-1,2,0,2,0,2,0,0,0,0,2,2,2,2,2,0,2,2
3,4876.238,-7522.407,92.326,153.460,-0.895969,-0.444113,0.001953,0.441028,-0.889210,0.121658,-0.052293,0.109863,0.992570,0,0.32000,-0.42218,19.200,-0.844,-1,425.000,-1,425.000,-1,350.000,350.000,325.000,300.000,-1,-1,-1,-1,-1,975.000,-1,-1,2,0,2,0,2,0,0,0,0,2,2,2,2,2,0,2,2
4,4854.927,-7511.366,91.075,152.616,-0.889353,-0.457222,0.000388,0.453831,-0.882655,0.122300,-0.055576,0.108944,0.992493,0,0.40000,-0.42239,24.000,-0.845,-1,450.000,-1,425.000,-1,350.000,350.000,325.000,300.000,-1,-1,-1,-1,-1,975.000,-1,-1,2,0,2,0,2,0,0,0,0,2,2,2,2,2,0,2,2
5,4829.553,-7497.740,89.525,151.770,-0.882532,-0.470250,-0.001490,0.466506,-0.875896,0.123198,-0.059239,0.108031,0.992381,0,0.48000,-0.42295,28.800,-0.846,-1,450.000,-1,425.000,-1,350.000,325.000,325.000,300.000,-1,-1,-1,-1,-1,975.000,-1,-1,2,0,2,0,2,0,0,0,0,2,2,2,2,2,0,2,2
6,4800.188,-7481.408,87.668,150.922,-0.875498,-0.483208,-0.003677,0.479057,-0.868924,0.124401,-0.063306,0.107151,0.992225,0,0.56000,-0.42402,33.600,-0.848,-1,450.000,-1,425.000,-1,350.000,325.000,325.000,300.000,-1,-1,-1,-1,-1,950.000,-1,-1,2,0,2,0,2,0,0,0,0,2,2,2,2,2,0,2,2
7,4766.909,-7462.245,85.357,150.070,-0.868219,-0.496142,-0.006290,0.491550,-0.861773,0.125404,-0.067638,0.105786,0.992086,0,0.64000,-0.42578,38.400,-0.852,-1,450.000,-1,400.000,-1,350.000,325.000,325.000,275.000,-1,-1,-1,-1,-1,950.000,-1,-1,2,0,2,0,2,0,0,0,0,2,2,2,2,2,0,2,2
8,4729.798,-7440.129,82.297,149.213,-0.860637,-0.509132,-0.009383,0.504154,-0.854525,0.124967,-0.071643,0.102821,0.992117,0,0.72000,-0.42842,43.200,-0.857,-1,450.000,-1,400.000,-1,350.000,325.000,325.000,275.000,-1,-1,-1,-1,1000.000,950.000,-1,-1,2,0,2,0,2,0,0,0,0,2,2,2,2,0,0,2,2
9,4689.430,-7415.240,78.856,148.349,-0.852768,-0.522134,-0.012797,0.516746,-0.847022,0.124609,-0.075902,0.099650,0.992123,0,0.79037,-0.43215,47.422,-0.864,-1,450.000,-1,400.000,-1,350.000,325.000,325.000,275.000,-1,-1,-1,-1,1000.000,925.000,-1,-1,2,0,2,0,2,0,0,0,0,2,2,2,2,0,0,2,2
10,4649.884,-7390.015,75.123,147.475,-0.844535,-0.535217,-0.017399,0.529348,-0.839303,0.123936,-0.080935,0.095458,0.992138,0,0.78173,-0.43712,46.904,-0.874,-1,425.000,-1,425.000,-1,350.000,325.000,300.000,300.000,-1,-1,-1,-1,950.000,925.000,-1,-1,2,0,2,0,2,0,0,0,0,2,2,2,2,0,0,2,2
11,4611.128,-7364.442,71.296,146.589,-0.835949,-0.548357,-0.022226,0.542011,-0.831275,0.123314,-0.086096,0.091037,0.992119,0,0.77386,-0.44290,46.431,-0.886,-1,425.000,-1,425.000,-1,350.000,325.000,300.000,300.000,-1,-1,-1,-1,925.000,925.000,-1,-1,2,0,2,0,2,0,0,0,0,2,2,2,2,0,0,2,2
12,4573.126,-7338.503,67.426,145.690,-0.827000,-0.561553,-0.027000,0.554755,-0.822895,0.122841,-0.091200,0.086611,0.992059,0,0.76681,-0.44946,46.009,-0.899,-1,425.000,-1,425.000,-1,350.000,325.000,300.000,300.000,-1,-1,-1,-1,900.000,900.000,-1,-1,2,0,2,0,2,0,0,0,0,2,2,2,2,0,0,2,2
13,4535.846,-7312.176,63.512,144.776,-0.817666,-0.574818,-0.031723,0.567590,-0.814145,0.122518,-0.096253,0.082173,0.991959,0,0.76064,-0.45677,45.638,-0.914,-1,425.000,-1,425.000,-1,325.000,325.000,300.000,300.000,-1,-1,-1,-1,875.000,900.000,-1,-1,2,0,2,0,2,0,0,0,0,2,2,2,2,0,0,2,2
14,4499.251,-7285.434,59.231,143.847,-0.808026,-0.588108,-0.034963,0.580542,-0.804927,0.122735,-0.100324,0.078876,0.991823,0,0.75538,-0.46478,45.323,-0.930,-1,425.000,-1,425.000,-1,325.000,325.000,300.000,300.000,-1,-1,-1,-1,850.000,875.000,-1,-1,2,0,2,0,2,0,0,0,0,2,2,2,2,0,0,2,2
15,4463.309,-7258.248,54.429,142.900,-0.798105,-0.601406,-0.036599,0.593527,-0.795198,0.124041,-0.103702,0.077275,0.991602,0,0.75107,-0.47348,45.064,-0.947,-1,425.000,-1,425.000,1000.000,325.000,325.000,300.000,325.000,-1,-1,-1,-1,850.000,875.000,-1,-1,2,0,2,0,1,0,0,0,0,2,2,2,2,0,0,2,2
16,4431.648,-7233.370,50.016,141.844,-0.786796,-0.616041,-0.038018,0.607844,-0.784073,0.125517,-0.107133,0.075647,0.991363,0,0.67107,-0.52817,40.264,-1.056,-1,425.000,-1,425.000,950.000,325.000,325.000,300.000,325.000,-1,-1,-1,-1,825.000,875.000,-1,-1,2,0,2,0,1,0,0,0,0,2,2,2,2,1,0,2,2
17,4404.178,-7210.939,46.066,140.769,-0.775025,-0.630713,-0.039210,0.622226,-0.772484,0.126896,-0.110324,0.073950,0.991141,0,0.59107,-0.53713,35.464,-1.074,-1,425.000,-1,425.000,900.000,325.000,325.000,300.000,325.000,975.000,-1,-1,-1,775.000,850.000,-1,-1,2,0,2,0,1,0,0,0,0,1,2,2,2,1,0,2,2
18,4373.582,-7184.763,41.501,139.455,-0.760253,-0.648365,-0.040476,0.639542,-0.757932,0.128546,-0.114023,0.071841,0.990877,0,0.67107,-0.65713,40.264,-1.314,-1,400.000,-1,400.000,875.000,325.000,325.000,300.000,325.000,950.000,-1,-1,-1,750.000,825.000,-1,1000.000,2,0,2,0,1,0,0,0,0,1,2,2,2,1,1,2,1
19,4343.293,-7157.536,36.799,138.050,-0.744020,-0.666858,-0.041650,0.657693,-0.741931,0.130300,-0.117793,0.069553,0.990599,0,0.67877,-0.70233,40.726,-1.405,-1,400.000,-1,400.000,825.000,325.000,325.000,300.000,325.000,950.000,-1,-1,-1,725.000,800.000,-1,925.000,2,0,2,0,1,0,0,0,0,1,2,2,2,1,1,2,1
20,4313.571,-7129.452,31.882,136.627,-0.727134,-0.685169,-0.042664,0.675597,-0.725237,0.132664,-0.121839,0.067641,0.990242,0,0.68149,-0.71153,40.890,-1.423,-1,400.000,-1,400.000,775.000,325.000,325.000,300.000,300.000,950.000,-1,-1,-1,675.000,750.000,975.000,875.000,2,0,2,0,1,0,0,0,0,1,2,2,2,1,1,1,1
21,4284.421,-7100.487,26.747,135.185,-0.709537,-0.703318,-0.043601,0.693408,-0.707878,0.134515,-0.125471,0.065210,0.989952,0,0.68488,-0.72109,41.093,-1.442,-1,400.000,-1,400.000,725.000,325.000,325.000,325.000,300.000,975.000,-1,-1,-1,650.000,725.000,900.000,825.000,2,0,2,0,1,0,0,0,0,1,2,2,2,1,1,1,1
22,4255.851,-7070.611,21.507,133.723,-0.691227,-0.721270,-0.044435,0.711036,-0.689817,0.136309,-0.128967,0.062625,0.989669,0,0.68894,-0.73100,41.336,-1.462,-1,400.000,-1,400.000,700.000,325.000,325.000,325.000,300.000,975.000,-1,-1,-1,625.000,700.000,825.000,775.000,2,0,2,0,1,0,0,0,0,1,2,2,2,1,1,1,1
23,4227.874,-7039.797,16.012,132.241,-0.672153,-0.739026,-0.045292,0.728573,-0.671062,0.137321,-0.131878,0.059302,0.989491,0,0.69365,-0.74127,41.619,-1.483,950.000,400.000,975.000,400.000,650.000,325.000,325.000,325.000,300.000,-1,-1,-1,-1,600.000,650.000,750.000,725.000,1,0,1,0,1,0,0,0,0,2,2,2,2,1,1,1,1
24,4200.505,-7008.016,10.280,130.737,-0.652295,-0.756555,-0.046212,0.745979,-0.651585,0.137665,-0.134262,0.055325,0.989400,0,0.69901,-0.75189,41.941,-1.504,825.000,400.000,950.000,400.000,625.000,325.000,325.000,325.000,300.000,-1,-1,-1,-1,575.000,625.000,675.000,675.000,1,1,1,0,1,0,0,0,0,2,2,2,2,1,1,1,1
25,4173.764,-6975.237,4.448,129.211,-0.631672,-0.773804,-0.047093,0.763116,-0.631348,0.138039,-0.136548,0.051258,0.989307,0,0.70503,-0.76286,42.302,-1.526,725.000,400.000,900.000,400.000,575.000,325.000,325.000,325.000,300.000,-1,-1,-1,-1,550.000,600.000,625.000,625.000,1,1,1,0,1,0,0,0,0,2,2,2,2,1,1,1,1
26,4147.675,-6941.433,-1.570,127.663,-0.610220,-0.790755,-0.048352,0.779945,-0.610343,0.138449,-0.138990,0.046772,0.989189,0,0.71168,-0.77419,42.701,-1.548,625.000,400.000,850.000,400.000,550.000,325.000,325.000,325.000,325.000,-1,-1,-1,-1,550.000,575.000,575.000,575.000,1,1,1,0,1,0,0,0,0,2,2,2,2,1,1,1,1
27,4122.265,-6906.573,-7.698,126.091,-0.587967,-0.807364,-0.049589,0.796441,-0.588544,0.138913,-0.141339,0.042181,0.989062,0,0.71895,-0.78586,43.137,-1.572,550.000,375.000,825.000,400.000,500.000,325.000,325.000,325.000,325.000,-1,-1,-1,-1,525.000,525.000,525.000,525.000,1,1,1,0,1,0,0,0,0,2,2,2,2,1,1,1,1
28,4097.569,-6870.629,-13.925,124.495,-0.564909,-0.823593,-0.050722,0.812573,-0.565937,0.139429,-0.143539,0.037549,0.988932,0,0.72683,-0.79789,43.610,-1.596,475.000,375.000,775.000,400.000,475.000,325.000,325.000,300.000,325.000,-1,-1,-1,-1,500.000,500.000,475.000,500.000,1,1,1,1,1,0,0,0,0,2,2,2,2,1,1,1,1
29,4073.622,-6833.576,-20.254,122.875,-0.541035,-0.839406,-0.051750,0.828303,-0.542509,0.139995,-0.145587,0.032878,0.988799,0,0.73529,-0.81027,44.117,-1.621,425.000,350.000,750.000,375.000,425.000,325.000,325.000,300.000,325.000,-1,-1,-1,-1,475.000,475.000,425.000,450.000,1,1,1,1,1,0,0,0,0,2,2,2,2,1,1,1,1
30,4050.469,-6795.386,-26.686,121.229,-0.516334,-0.854766,-0.052669,0.843593,-0.518248,0.140606,-0.147481,0.028168,0.988664,0,0.74432,-0.82302,44.659,-1.646,375.000,350.000,700.000,350.000,400.000,325.000,325.000,300.000,325.000,-1,-1,-1,-1,475.000,450.000,375.000,400.000,1,1,1,1,1,0,0,0,0,2,2,2,2,1,1,1,1
31,4027.592,-6755.475,-33.324,119.823,-0.494870,-0.867318,-0.053516,0.856075,-0.497171,0.141267,-0.149130,0.024095,0.988524,0,0.76672,-0.70302,46.003,-1.406,325.000,350.000,650.000,325.000,350.000,325.000,300.000,300.000,325.000,-1,-1,-1,-1,450.000,400.000,350.000,375.000,1,1,1,1,1,0,1,0,0,2,2,2,2,1,1,1,1
32,4005.452,-6714.646,-40.090,118.469,-0.473954,-0.878890,-0.054033,0.867598,-0.476588,0.141908,-0.150473,0.020379,0.988404,0,0.77408,-0.67665,46.445,-1.353,275.000,325.000,600.000,300.000,325.000,325.000,275.000,300.000,325.000,-1,-1,-1,-1,425.000,375.000,300.000,325.000,1,1,1,1,1,1,1,0,0,2,2,2,2,1,1,1,1
33,3984.094,-6672.929,-46.419,117.112,-0.453291,-0.889938,-0.050374,0.878801,-0.455643,0.141770,-0.149119,0.019995,0.988617,0,0.78113,-0.67856,46.868,-1.357,250.000,325.000,575.000,275.000,275.000,300.000,250.000,300.000,325.000,-1,-1,-1,-1,400.000,350.000,275.000,275.000,1,1,1,1,1,1,1,0,0,2,2,2,2,1,1,1,1
34,3963.562,-6630.365,-52.358,115.752,-0.432637,-0.900474,-0.044402,0.889641,-0.434380,0.140897,-0.146161,0.021456,0.989028,0,0.78764,-0.67996,47.258,-1.360,250.000,300.000,550.000,250.000,250.000,275.000,250.000,300.000,325.000,-1,-1,-1,-1,375.000,325.000,275.000,250.000,1,1,1,1,1,1,1,1,0,2,2,2,2,1,1,1,1
35,3944.066,-6587.418,-54.494,114.414,-0.410912,-0.910536,-0.045553,0.902060,-0.413308,0.124352,-0.132054,0.010006,0.991192,0,0.78617,-0.66905,47.170,-1.338,225.000,300.000,550.000,250.000,250.000,275.000,225.000,300.000,350.000,-1,-1,-1,-1,350.000,325.000,275.000,250.000,1,1,1,1,1,1,1,1,0,2,2,2,2,1,1,1,1
36,3925.618,-6544.173,-56.481,113.099,-0.389522,-0.919827,-0.046801,0.913520,-0.392323,0.107534,-0.117274,-0.000867,0.993099,0,0.78367,-0.65750,47.020,-1.315,225.000,275.000,550.000,250.000,250.000,250.000,225.000,275.000,375.000,-1,325.000,325.000,-1,350.000,325.000,250.000,250.000,1,1,1,1,1,1,1,1,0,2,0,0,2,1,1,1,1
37,3907.257,-6497.674,-58.609,111.544,-0.364187,-0.930065,-0.048452,0.925838,-0.367190,0.089416,-0.100953,-0.012295,0.994815,0,0.83330,-0.77750,49.998,-1.555,225.000,275.000,550.000,250.000,250.000,250.000,225.000,250.000,400.000,-1,200.000,200.000,-1,350.000,325.000,250.000,250.000,1,1,1,1,1,1,1,1,0,2,0,0,2,1,1,1,1
38,3890.042,-6450.302,-60.851,109.966,-0.338411,-0.939628,-0.050774,0.937285,-0.341373,0.070433,-0.083514,-0.023754,0.996223,0,0.84011,-0.78885,50.407,-1.578,200.000,275.000,550.000,250.000,250.000,250.000,225.000,250.000,425.000,-1,125.000,150.000,-1,325.000,325.000,225.000,250.000,1,1,1,1,1,1,1,1,1,2,0,0,2,1,1,1,1
39,4919.484,327.982,-233.814,103.701,-0.234083,-0.971497,-0.037409,0.965036,-0.236850,0.112280,-0.117940,-0.009818,0.992972,1,0.00000,0.00000,50.816,-1.570,825.000,400.000,-1,400.000,-1,325.000,325.000,275.000,275.000,625.000,-1,-1,-1,650.000,700.000,875.000,-1,1,0,2,0,2,0,0,0,0,1,2,2,2,0,0,1,2
40,4918.328,332.641,-234.380,103.941,-0.238184,-0.970502,-0.037349,0.964008,-0.240918,0.112461,-0.118142,-0.009218,0.992954,0,0.08000,0.12000,4.800,0.240,825.000,400.000,-1,400.000,-1,325.000,325.000,275.000,275.000,625.000,-1,-1,-1,650.000,700.000,875.000,-1,1,0,2,0,2,0,0,0,0,1,2,2,2,0,0,1,2
41,4915.937,341.939,-235.511,104.421,-0.246375,-0.968459,-0.037227,0.961898,-0.249043,0.112824,-0.118537,-0.008011,0.992917,0,0.16000,0.24000,9.600,0.480,825.000,375.000,-1,400.000,-1,325.000,325.000,275.000,275.000,625.000,-1,-1,-1,650.000,700.000,850.000,-1,1,0,2,0,2,0,0,0,0,1,2,2,2,0,0,1,2
42,4912.176,355.839,-237.209,105.141,-0.258631,-0.965266,-0.037038,0.958605,-0.261196,0.113372,-0.119108,-0.006183,0.992862,0,0.24000,0.36000,14.400,0.720,800.000,375.000,-1,400.000,-1,325.000,325.000,300.000,275.000,650.000,-1,-1,-1,650.000,675.000,825.000,-1,1,0,2,0,2,0,0,0,0,1,2,2,2,0,0,1,2
43,4906.924,374.307,-239.473,105.876,-0.271100,-0.961849,-0.036767,0.955069,-0.273550,0.114080,-0.119785,-0.004188,0.992791,0,0.32000,0.36720,19.200,0.734,800.000,375.000,-1,400.000,-1,325.000,325.000,300.000,275.000,650.000,-1,-1,-1,650.000,675.000,800.000,-1,1,0,2,0,2,0,0,0,0,1,2,2,2,0,0,1,2
44,4900.066,397.306,-242.303,106.605,-0.283459,-0.958293,-0.036400,0.951377,-0.285780,0.114946,-0.120554,-0.002048,0.992705,0,0.40000,0.36487,24.000,0.730,775.000,375.000,-1,400.000,-1,325.000,325.000,300.000,275.000,675.000,-1,-1,-1,625.000,675.000,775.000,-1,1,0,2,0,2,0,0,0,0,1,2,2,2,0,0,1,2
45,4891.488,424.799,-245.700,107.329,-0.295691,-0.954608,-0.035922,0.947538,-0.297865,0.115967,-0.121403,0.000253,0.992603,0,0.48000,0.36197,28.800,0.724,750.000,375.000,-1,400.000,-1,325.000,325.000,300.000,275.000,700.000,-1,-1,-1,625.000,650.000,750.000,-1,1,0,2,0,2,0,0,0,0,1,2,2,2,0,0,1,2
46,4881.079,456.747,-249.663,108.046,-0.307779,-0.950802,-0.035315,0.943562,-0.309787,0.117143,-0.122320,0.002732,0.992487,0,0.56000,0.35850,33.600,0.717,725.000,375.000,-1,375.000,1000.000,325.000,325.000,300.000,275.000,725.000,-1,-1,-1,600.000,650.000,725.000,1000.000,1,0,2,0,0,0,0,0,0,1,2,2,2,0,0,1,0
47,4868.733,493.108,-254.192,108.755,-0.319706,-0.946886,-0.034556,0.939462,-0.321523,0.118468,-0.123286,0.005411,0.992356,0,0.64000,0.35444,38.400,0.709,675.000,375.000,-1,375.000,950.000,300.000,300.000,300.000,275.000,775.000,-1,-1,-1,600.000,625.000,675.000,950.000,1,0,2,0,0,0,0,0,0,1,2,2,2,0,0,1,0
48,4854.345,533.842,-259.288,109.455,-0.331457,-0.942871,-0.033618,0.935249,-0.333053,0.119938,-0.124283,0.008313,0.992212,0,0.72000,0.34979,43.200,0.700,650.000,350.000,-1,350.000,900.000,300.000,300.000,300.000,275.000,800.000,-1,-1,-1,575.000,600.000,650.000,900.000,1,0,2,0,0,0,0,0,0,1,2,2,2,0,0,1,0
49,4837.815,578.906,-265.200,110.144,-0.343147,-0.938758,-0.031363,0.930986,-0.344354,0.121186,-0.124564,0.012386,0.992134,0,0.80000,0.34454,48.000,0.689,600.000,350.000,-1,350.000,825.000,300.000,300.000,300.000,275.000,850.000,-1,-1,-1,575.000,575.000,600.000,825.000,1,0,2,0,0,0,0,0,0,1,2,2,2,0,0,1,0
50,4819.130,628.289,-271.171,110.726,-0.352900,-0.935185,-0.029839,0.927581,-0.353856,0.119911,-0.122697,0.014638,0.992336,0,0.88000,0.29085,52.800,0.582,575.000,350.000,-1,350.000,800.000,300.000,300.000,300.000,300.000,875.000,-1,-1,-1,550.000,575.000,575.000,800.000,1,0,2,0,0,0,0,0,0,1,2,2,2,0,0,1,0
51,4798.193,681.948,-277.186,111.315,-0.362592,-0.931490,-0.029206,0.924288,-0.363445,0.116613,-0.119239,0.015288,0.992748,0,0.96000,0.29443,57.600,0.589,525.000,350.000,-1,350.000,775.000,275.000,275.000,300.000,300.000,925.000,-1,-1,-1,550.000,575.000,525.000,750.000,1,0,2,0,0,0,0,0,0,1,2,2,2,1,0,1,0
52,4775.803,737.612,-283.231,111.912,-0.372306,-0.927656,-0.029020,0.920980,-0.373134,0.112099,-0.114817,0.015008,0.993273,0,1.00000,0.29854,60.000,0.597,475.000,325.000,-1,350.000,750.000,275.000,275.000,300.000,300.000,975.000,-1,-1,-1,525.000,575.000,475.000,725.000,1,0,2,0,0,0,0,0,0,1,2,2,2,1,0,1,0
53,4752.825,793.037,-289.252,112.518,-0.382147,-0.923662,-0.028505,0.917578,-0.382927,0.106855,-0.109613,0.014679,0.993866,0,1.00000,0.30303,60.000,0.606,425.000,325.000,-1,350.000,750.000,275.000,275.000,300.000,300.000,1000.000,-1,-1,-1,500.000,575.000,450.000,725.000,1,0,2,0,0,0,0,0,0,1,2,2,2,1,0,1,0
54,4729.253,848.210,-294.488,113.133,-0.392454,-0.919455,-0.024134,0.914103,-0.392809,0.100579,-0.101957,0.017412,0.994636,0,1.00000,0.30773,60.000,0.615,400.000,350.000,-1,350.000,750.000,275.000,275.000,300.000,300.000,-1,-1,675.000,-1,500.000,550.000,425.000,700.000,1,0,2,0,0,0,0,0,0,2,2,0,2,1,0,1,0
55,4705.081,903.123,-299.671,113.758,-0.402829,-0.915066,-0.019577,0.910412,-0.402799,0.094353,-0.094225,0.020185,0.995346,0,1.00000,0.31265,60.000,0.625,375.000,350.000,-1,350.000,725.000,300.000,300.000,300.000,300.000,-1,600.000,400.000,-1,475.000,550.000,375.000,700.000,1,0,2,0,0,0,0,0,0,2,0,0,2,1,0,1,0
56,4680.300,957.765,-304.801,114.394,-0.413275,-0.910485,-0.014833,0.906496,-0.412901,0.088185,-0.086416,0.022999,0.995994,0,1.00000,0.31783,60.000,0.636,325.000,350.000,-1,350.000,725.000,300.000,300.000,300.000,300.000,-1,450.000,350.000,-1,450.000,550.000,350.000,700.000,1,1,2,0,0,0,0,0,0,2,0,0,2,1,0,1,0
57,4654.904,1012.124,-309.874,115.041,-0.423794,-0.905704,-0.009899,0.902348,-0.423121,0.082083,-0.078532,0.025854,0.996576,0,1.00000,0.32331,60.000,0.647,300.000,325.000,-1,350.000,700.000,300.000,300.000,300.000,300.000,-1,325.000,300.000,-1,425.000,550.000,325.000,675.000,1,1,2,0,0,0,0,0,0,2,0,0,2,1,0,1,0
58,4628.885,1066.186,-314.006,115.699,-0.434622,-0.900613,-0.000256,0.898066,-0.433415,0.075024,-0.067679,0.032377,0.997182,0,1.00000,0.32911,60.000,0.658,275.000,325.000,-1,350.000,700.000,300.000,300.000,325.000,300.000,-1,250.000,275.000,950.000,400.000,550.000,300.000,700.000,1,1,2,0,0,0,0,0,0,2,0,0,0,1,0,1,0
59,4602.232,1119.939,-317.244,116.369,-0.445560,-0.895144,0.013885,0.893621,-0.443759,0.067219,-0.054009,0.042358,0.997642,0,1.00000,0.33528,60.000,0.671,250.000,300.000,-1,350.000,700.000,325.000,300.000,350.000,275.000,-1,200.000,200.000,825.000,400.000,575.000,275.000,725.000,1,1,2,0,0,1,0,0,0,2,0,0,0,1,0,1,0
60,4574.938,1173.370,-319.648,117.053,-0.456340,-0.889317,0.029462,0.888928,-0.454171,0.059462,-0.039500,0.053325,0.997796,0,1.00000,0.34186,60.000,0.684,250.000,300.000,-1,375.000,725.000,300.000,325.000,375.000,275.000,-1,175.000,150.000,725.000,375.000,600.000,250.000,800.000,1,1,2,0,0,1,0,0,0,2,0,0,0,1,0,1,0
61,4546.993,1226.463,-320.634,117.751,-0.466923,-0.883208,0.043896,0.883921,-0.464699,0.052329,-0.025819,0.063235,0.997665,0,1.00000,0.34893,60.000,0.698,225.000,300.000,-1,375.000,750.000,300.000,325.000,400.000,275.000,-1,175.000,150.000,650.000,400.000,625.000,225.000,850.000,1,1,2,0,0,1,0,0,0,2,0,0,0,1,0,1,0
62,4518.389,1279.205,-319.932,118.464,-0.477149,-0.876889,0.058268,0.878777,-0.475401,0.041775,-0.008932,0.071138,0.997427,0,1.00000,0.35653,60.000,0.713,200.000,300.000,-1,400.000,800.000,300.000,350.000,425.000,275.000,-1,175.000,150.000,600.000,400.000,675.000,225.000,975.000,1,1,2,0,0,1,0,1,0,2,0,0,0,1,0,1,0
63,4489.112,1331.577,-318.437,119.194,-0.487016,-0.870148,0.075214,0.873333,-0.486182,0.030277,0.010222,0.080432,0.996708,0,1.00000,0.36473,60.000,0.729,200.000,300.000,-1,425.000,900.000,300.000,350.000,400.000,275.000,-1,175.000,125.000,525.000,450.000,725.000,200.000,-1,1,1,2,0,0,1,1,1,0,2,0,0,0,1,0,1,2
64,4461.763,1379.526,-316.588,119.683,-0.492684,-0.865190,0.093318,0.869721,-0.493157,0.019539,0.029115,0.090788,0.995445,0,0.92000,0.24473,55.200,0.489,175.000,325.000,-1,450.000,1000.000,325.000,375.000,400.000,275.000,-1,175.000,100.000,450.000,600.000,800.000,175.000,-1,1,1,2,0,0,1,1,1,0,2,0,0,0,1,0,1,2
65,4436.188,1423.902,-314.008,119.933,-0.494265,-0.861938,0.112982,0.868083,-0.496287,0.011459,0.046195,0.103741,0.993531,0,0.85362,0.12473,51.217,0.249,175.000,350.000,-1,475.000,-1,350.000,400.000,400.000,275.000,-1,175.000,50.000,400.000,-1,850.000,175.000,-1,1,1,2,1,2,1,1,1,0,2,0,0,0,2,0,1,2
66,4410.629,1468.219,-310.783,119.942,-0.491524,-0.860358,0.134864,0.868560,-0.495567,0.004103,0.063304,0.119154,0.990856,0,0.85261,0.00473,51.156,0.009,150.000,400.000,-1,525.000,-1,375.000,425.000,400.000,250.000,-1,175.000,50.000,350.000,-1,925.000,-1,-1,1,1,2,1,2,1,1,1,0,2,0,0,0,2,0,2,2
67,4385.331,1512.506,-308.798,119.711,-0.485558,-0.861248,0.149950,0.870887,-0.491475,-0.002775,0.076087,0.129242,0.988690,0,0.85000,-0.11527,51.000,-0.231,175.000,500.000,-1,550.000,-1,425.000,450.000,350.000,250.000,-1,150.000,50.000,325.000,-1,1000.000,-1,-1,1,1,2,0,2,1,1,1,0,2,0,0,0,2,0,2,2
68,4360.414,1556.700,-308.909,119.410,-0.479982,-0.863676,0.153889,0.873441,-0.486862,-0.008153,0.081965,0.130500,0.988054,0,0.84554,-0.15054,50.732,-0.301,250.000,825.000,-1,550.000,-1,475.000,475.000,300.000,250.000,-1,150.000,25.000,325.000,-1,-1,-1,-1,1,0,2,0,2,1,1,1,0,2,0,0,0,2,2,2,2
69,-1639.745,9511.159,-250.394,-30.176,0.867420,0.495240,-0.048158,-0.495712,0.851741,-0.169726,-0.043037,0.171097,0.984314,1,0.00000,0.00000,50.365,-0.272,-1,425.000,650.000,300.000,250.000,325.000,275.000,175.000,225.000,525.000,-1,-1,-1,575.000,475.000,900.000,325.000,2,1,1,0,0,0,0,1,0,1,2,2,2,1,0,1,0
70,8201.016,4259.138,46.720,114.043,-0.401312,-0.907090,-0.127028,0.914460,-0.404677,0.000748,-0.052084,-0.115861,0.991899,1,-0.08000,-0.01313,-4.800,-0.026,-1,375.000,-1,400.000,-1,325.000,325.000,300.000,300.000,-1,-1,-1,-1,675.000,650.000,-1,-1,2,0,2,0,2,0,0,0,0,2,2,2,2,0,0,2,2
71,8204.923,4250.369,47.234,114.017,-0.400876,-0.907256,-0.127223,0.914646,-0.404255,0.000810,-0.052165,-0.116040,0.991874,0,-0.16000,-0.01305,-9.600,-0.026,-1,375.000,-1,400.000,-1,325.000,325.000,300.000,300.000,-1,-1,-1,-1,675.000,650.000,-1,-1,2,0,2,0,2,0,0,0,0,2,2,2,2,0,0,2,2
72,8210.777,4237.213,48.007,113.991,-0.400433,-0.907411,-0.127512,0.914831,-0.403835,0.000907,-0.052316,-0.116289,0.991837,0,-0.24000,-0.01289,-14.400,-0.026,-1,375.000,-1,400.000,-1,325.000,325.000,300.000,300.000,-1,-1,-1,-1,675.000,650.000,-1,-1,2,0,2,0,2,0,0,0,0,2,2,2,2,0,0,2,2
73,8218.576,4219.668,49.038,113.966,-0.399983,-0.907556,-0.127888,0.915015,-0.403417,0.001043,-0.052539,-0.116602,0.991788,0,-0.32000,-0.01271,-19.200,-0.025,-1,375.000,-1,400.000,-1,325.000,325.000,300.000,300.000,-1,-1,-1,-1,700.000,650.000,-1,-1,2,0,2,0,2,0,0,0,0,2,2,2,2,0,0,2,2
74,8226.766,4201.220,50.123,113.941,-0.399536,-0.907699,-0.128273,0.915197,-0.403005,0.001194,-0.052779,-0.116918,0.991738,0,-0.33641,-0.01255,-20.184,-0.025,-1,375.000,-1,400.000,-1,325.000,325.000,300.000,300.000,-1,-1,-1,-1,700.000,650.000,-1,-1,2,0,2,0,2,0,0,0,0,2,2,2,2,0,0,2,2
75,8234.876,4182.932,51.201,113.916,-0.399090,-0.907842,-0.128645,0.915377,-0.402594,0.001351,-0.053018,-0.117220,0.991690,0,-0.33344,-0.01250,-20.006,-0.025,-1,375.000,-1,400.000,-1,325.000,325.000,300.000,300.000,-1,-1,-1,-1,700.000,675.000,-1,-1,2,0,2,0,2,0,0,0,0,2,2,2,2,0,0,2,2
76,8242.906,4164.801,52.271,113.890,-0.398644,-0.907987,-0.129004,0.915558,-0.402183,0.001513,-0.053257,-0.117507,0.991643,0,-0.33050,-0.01256,-19.830,-0.025,-1,375.000,-1,400.000,-1,325.000,325.000,300.000,300.000,-1,-1,-1,-1,700.000,675.000,-1,-1,2,0,2,0,2,0,0,0,0,2,2,2,2,0,0,2,2
77,8250.858,4146.826,53.333,113.865,-0.398192,-0.908136,-0.129349,0.915741,-0.401766,0.001681,-0.053495,-0.117781,0.991598,0,-0.32759,-0.01273,-19.655,-0.025,-1,375.000,-1,400.000,-1,325.000,325.000,300.000,300.000,-1,-1,-1,-1,700.000,675.000,-1,-1,2,0,2,0,2,0,0,0,0,2,2,2,2,0,0,2,2
78,8258.731,4129.005,54.387,113.839,-0.397732,-0.908290,-0.129682,0.915927,-0.401341,0.001855,-0.053732,-0.118042,0.991554,0,-0.32471,-0.01301,-19.483,-0.026,-1,375.000,-1,400.000,-1,325.000,325.000,300.000,300.000,-1,-1,-1,-1,700.000,675.000,-1,-1,2,0,2,0,2,0,0,0,0,2,2,2,2,0,0,2,2
79,8266.528,4111.336,55.433,113.812,-0.397261,-0.908451,-0.130003,0.916117,-0.400905,0.002033,-0.053966,-0.118290,0.991512,0,-0.32188,-0.01339,-19.313,-0.027,-1,375.000,-1,400.000,-1,325.000,325.000,300.000,300.000,-1,-1,-1,-1,700.000,675.000,-1,-1,2,0,2,0,2,0,0,0,0,2,2,2,2,0,0,2,2
80,8274.249,4093.816,56.472,113.784,-0.396775,-0.908619,-0.130312,0.916314,-0.400454,0.002217,-0.054198,-0.118527,0.991471,0,-0.31910,-0.01387,-19.146,-0.028,-1,375.000,-1,400.000,-1,325.000,325.000,300.000,300.000,-1,-1,-1,-1,700.000,700.000,-1,-1,2,0,2,0,2,0,0,0,0,2,2,2,2,0,0,2,2
81,8281.895,4076.442,57.503,113.756,-0.396271,-0.908796,-0.130609,0.916519,-0.399984,0.002405,-0.054427,-0.118752,0.991431,0,-0.31636,-0.01445,-18.982,-0.029,-1,375.000,-1,400.000,-1,325.000,325.000,300.000,300.000,-1,-1,-1,-1,700.000,700.000,-1,-1,2,0,2,0,2,0,0,0,0,2,2,2,2,0,0,2,2
82,8289.468,4059.212,58.535,113.725,-0.395752,-0.908987,-0.130855,0.916731,-0.399496,0.002588,-0.054628,-0.118935,0.991398,0,-0.31368,-0.01512,-18.821,-0.030,-1,375.000,-1,400.000,-1,325.000,325.000,300.000,300.000,-1,-1,-1,-1,700.000,700.000,-1,-1,2,0,2,0,2,0,0,0,0,2,2,2,2,0,0,2,2
83,8296.967,4042.122,59.561,113.694,-0.395209,-0.909190,-0.131081,0.916954,-0.398984,0.002772,-0.054819,-0.119100,0.991368,0,-0.31106,-0.01589,-18.663,-0.032,-1,375.000,-1,400.000,-1,325.000,325.000,300.000,300.000,-1,-1,-1,-1,700.000,700.000,-1,-1,2,0,2,0,2,0,0,0,0,2,2,2,2,0,0,2,2
84,8302.584,4029.447,60.333,113.902,-0.398462,-0.907748,-0.131230,0.915507,-0.402291,0.002933,-0.055455,-0.118974,0.991348,0,-0.23106,0.10411,-13.863,0.208,-1,375.000,-1,400.000,-1,325.000,325.000,300.000,300.000,-1,-1,-1,-1,700.000,700.000,-1,-1,2,0,2,0,2,0,0,0,0,2,2,2,2,0,0,2,2
85,8306.322,4021.189,60.849,114.350,-0.405490,-0.904619,-0.131313,0.912350,-0.409401,0.003069,-0.056536,-0.118559,0.991336,0,-0.15106,0.22411,-9.063,0.448,-1,375.000,-1,400.000,-1,325.000,325.000,300.000,300.000,-1,-1,-1,-1,700.000,700.000,-1,-1,2,0,2,0,2,0,0,0,0,2,2,2,2,0,0,2,2
86,8308.121,4017.323,61.100,114.947,-0.414828,-0.900371,-0.131338,0.908058,-0.418832,0.003170,-0.057863,-0.117947,0.991333,0,-0.07106,0.29841,-4.263,0.597,-1,375.000,-1,400.000,-1,325.000,325.000,300.000,300.000,-1,-1,-1,-1,700.000,700.000,-1,-1,2,0,2,0,2,0,0,0,0,2,2,2,2,0,0,2,2
87,8307.890,4017.807,61.069,115.543,-0.424125,-0.896033,-0.131316,0.903673,-0.428212,0.003213,-0.059110,-0.117304,0.991335,0,0.00894,0.29813,0.537,0.596,-1,375.000,-1,400.000,-1,325.000,325.000,300.000,300.000,-1,-1,-1,-1,700.000,700.000,-1,-1,2,0,2,0,2,0,0,0,0,2,2,2,2,0,0,2,2
88,8305.540,4022.597,60.748,116.139,-0.433389,-0.891600,-0.131240,0.899188,-0.437550,0.003211,-0.060287,-0.116618,0.991345,0,0.08894,0.29817,5.337,0.596,-1,375.000,-1,400.000,-1,325.000,325.000,300.000,300.000,-1,-1,-1,-1,700.000,700.000,-1,-1,2,0,2,0,2,0,0,0,0,2,2,2,2,0,0,2,2
89,8300.981,4031.649,60.124,116.736,-0.442631,-0.887068,-0.131101,0.894600,-0.446857,0.003166,-0.061392,-0.115882,0.991364,0,0.16894,0.29856,10.137,0.597,-1,375.000,-1,400.000,-1,325.000,325.000,300.000,300.000,-1,-1,-1,-1,700.000,700.000,-1,-1,2,0,2,0,2,0,0,0,0,2,2,2,2,0,0,2,2
90,8294.124,4044.918,59.188,117.335,-0.451862,-0.882433,-0.130893,0.889901,-0.456143,0.003080,-0.062424,-0.115090,0.991392,0,0.24894,0.29932,14.937,0.599,-1,375.000,-1,400.000,-1,325.000,325.000,300.000,300.000,-1,-1,-1,-1,700.000,700.000,-1,-1,2,0,2,0,2,0,0,0,0,2,2,2,2,0,0,2,2
91,8284.879,4062.354,57.928,117.936,-0.461093,-0.877687,-0.130608,0.885086,-0.465419,0.002948,-0.063375,-0.114240,0.991430,0,0.32894,0.30046,19.737,0.601,-1,375.000,-1,400.000,-1,325.000,325.000,300.000,300.000,-1,-1,-1,-1,700.000,700.000,-1,-1,2,0,2,0,2,0,0,0,0,2,2,2,2,0,0,2,2
92,8273.157,4083.909,56.334,118.540,-0.470335,-0.872826,-0.130231,0.880146,-0.474694,0.002775,-0.064242,-0.113317,0.991480,0,0.40894,0.30196,24.537,0.604,-1,375.000,-1,400.000,-1,325.000,325.000,300.000,300.000,-1,-1,-1,-1,700.000,675.000,-1,-1,2,0,2,0,2,0,0,0,0,2,2,2,2,0,0,2,2
93,8258.870,4109.530,54.400,119.148,-0.479598,-0.867844,-0.129742,0.875076,-0.483979,0.002574,-0.065026,-0.112300,0.991544,0,0.48894,0.30377,29.337,0.608,-1,375.000,-1,400.000,-1,325.000,325.000,300.000,300.000,-1,-1,-1,-1,700.000,675.000,-1,-1,2,0,2,0,2,0,0,0,0,2,2,2,2,0,0,2,2
94,8241.928,4139.165,52.123,119.759,-0.488891,-0.862740,-0.129095,0.869867,-0.493281,0.002351,-0.065709,-0.111146,0.991629,0,0.56894,0.30585,34.137,0.612,-1,375.000,-1,400.000,-1,325.000,325.000,300.000,300.000,-1,-1,-1,-1,700.000,675.000,-1,-1,2,0,2,0,2,0,0,0,0,2,2,2,2,0,0,2,2
95,8222.241,4172.757,49.487,120.375,-0.498214,-0.857508,-0.128309,0.864514,-0.502603,0.002128,-0.066314,-0.109865,0.991732,0,0.64894,0.30812,38.937,0.616,-1,375.000,-1,400.000,-1,300.000,325.000,300.000,300.000,-1,-1,-1,-1,675.000,650.000,-1,-1,2,0,2,0,2,0,0,0,0,2,2,2,2,0,0,2,2
96,8199.850,4210.326,46.506,120.797,-0.504615,-0.853897,-0.127374,0.860783,-0.508968,0.001897,-0.066449,-0.108684,0.991853,0,0.72894,0.21086,43.737,0.422,-1,375.000,-1,400.000,-1,300.000,325.000,300.000,300.000,-1,-1,-1,-1,675.000,650.000,-1,-1,2,0,2,0,2,0,0,0,0,2,2,2,2,0,0,2,2
97,8174.692,4251.833,43.173,121.223,-0.511074,-0.850212,-0.126270,0.856959,-0.515382,0.001700,-0.066522,-0.107339,0.991994,0,0.80894,0.21312,48.537,0.426,-1,375.000,-1,375.000,-1,300.000,325.000,300.000,300.000,-1,-1,-1,-1,675.000,650.000,-1,-1,2,0,2,0,2,0,0,0,0,2,2,2,2,0,0,2,2
98,8147.604,4295.775,39.687,121.654,-0.517590,-0.846427,-0.125151,0.853055,-0.521820,0.001195,-0.066317,-0.106142,0.992137,0,0.86036,0.21513,51.621,0.430,-1,375.000,-1,375.000,1000.000,300.000,325.000,300.000,300.000,-1,-1,-1,-1,650.000,625.000,-1,1000.000,2,0,2,0,0,0,0,0,0,2,2,2,2,0,0,2,0
99,8120.389,4339.183,36.310,122.087,-0.524141,-0.842537,-0.124124,0.849084,-0.528258,0.000294,-0.065817,-0.105237,0.992267,0,0.85391,0.21668,51.234,0.433,-1,375.000,-1,375.000,950.000,300.000,325.000,300.000,300.000,-1,-1,-1,-1,650.000,625.000,-1,975.000,2,0,2,0,0,0,0,0,0,2,2,2,2,0,0,2,0
100,8093.055,4382.055,32.943,122.522,-0.530693,-0.838587,-0.123029,0.845044,-0.534697,-0.000554,-0.065319,-0.104259,0.992403,0,0.84742,0.21760,50.845,0.435,1000.000,375.000,-1,375.000,925.000,300.000,325.000,300.000,300.000,-1,-1,-1,-1,650.000,600.000,-1,950.000,1,0,2,0,0,0,0,0,0,2,2,2,2,0,0,2,0
101,8065.607,4424.392,29.624,122.958,-0.537204,-0.834576,-0.122046,0.840949,-0.541112,-0.001331,-0.064930,-0.103350,0.992524,0,0.84095,0.21791,50.457,0.436,975.000,375.000,-1,350.000,900.000,325.000,300.000,300.000,300.000,-1,-1,-1,-1,625.000,600.000,1000.000,925.000,0,0,2,0,0,0,0,0,0,2,2,2,2,0,0,0,0
102,8038.049,4466.198,26.348,123.393,-0.543661,-0.830515,-0.121152,0.836813,-0.547485,-0.002042,-0.064633,-0.102491,0.992632,0,0.83454,0.21763,50.073,0.435,950.000,375.000,-1,350.000,875.000,300.000,300.000,300.000,300.000,-1,-1,-1,-1,625.000,600.000,975.000,900.000,0,0,2,0,0,0,0,0,0,2,2,2,2,0,0,0,0
103,8010.386,4507.482,23.087,123.827,-0.550061,-0.826426,-0.120217,0.832642,-0.553805,-0.002700,-0.064345,-0.101582,0.992744,0,0.82825,0.21676,49.695,0.434,925.000,375.000,-1,350.000,825.000,300.000,300.000,300.000,300.000,-1,-1,775.000,-1,600.000,575.000,975.000,875.000,0,0,2,0,0,0,0,1,0,2,2,0,2,0,0,0,0
104,7982.618,4548.250,20.456,124.258,-0.556491,-0.822130,-0.120088,0.828520,-0.559926,-0.006095,-0.062230,-0.102887,0.992745,0,0.82212,0.21533,49.327,0.431,900.000,375.000,-1,350.000,850.000,300.000,300.000,300.000,300.000,-1,725.000,650.000,-1,600.000,600.000,975.000,900.000,0,0,2,0,0,0,0,0,0,2,0,0,2,0,0,0,0
105,7954.750,4588.517,17.915,124.684,-0.562849,-0.817805,-0.119983,0.824387,-0.565942,-0.009791,-0.059896,-0.104423,0.992728,0,0.81619,0.21335,48.971,0.427,900.000,375.000,-1,350.000,875.000,300.000,300.000,300.000,325.000,-1,625.000,600.000,-1,600.000,600.000,975.000,925.000,0,0,2,0,0,0,0,0,0,2,0,0,2,0,0,0,0
106,7926.785,4628.300,15.650,125.106,-0.569268,-0.813595,-0.118308,0.820192,-0.571930,-0.013437,-0.056732,-0.104684,0.992886,0,0.81049,0.21085,48.629,0.422,900.000,350.000,-1,350.000,925.000,300.000,300.000,300.000,325.000,-1,550.000,525.000,-1,600.000,600.000,1000.000,975.000,0,0,2,0,0,0,0,0,0,2,0,0,2,0,0,0,0
107,7898.722,4667.614,13.437,125.522,-0.575596,-0.809434,-0.116217,0.815986,-0.577823,-0.016936,-0.053444,-0.104580,0.993079,0,0.80505,0.20782,48.303,0.416,925.000,350.000,-1,350.000,975.000,300.000,300.000,300.000,300.000,-1,475.000,475.000,-1,600.000,625.000,-1,-1,0,0,2,0,0,0,0,0,0,2,0,0,2,0,0,2,2
108,7870.560,4706.476,11.226,125.930,-0.581785,-0.805315,-0.113989,0.811791,-0.583597,-0.020248,-0.050217,-0.104316,0.993276,0,0.79991,0.20431,47.995,0.409,925.000,350.000,-1,350.000,-1,300.000,300.000,300.000,300.000,-1,450.000,425.000,-1,625.000,625.000,-1,-1,0,0,2,0,2,0,0,0,0,2,0,0,2,0,0,2,2
109,7842.299,4744.908,9.008,126.331,-0.587826,-0.801247,-0.111642,0.807620,-0.589238,-0.023424,-0.047016,-0.103933,0.993472,0,0.79509,0.20030,47.705,0.401,975.000,350.000,-1,350.000,-1,300.000,300.000,300.000,300.000,-1,425.000,400.000,-1,625.000,625.000,-1,-1,0,0,2,0,2,0,0,0,0,2,0,0,2,0,0,2,2
110,7813.936,4782.931,6.779,126.722,-0.593705,-0.797241,-0.109186,0.803488,-0.594731,-0.026483,-0.043824,-0.103453,0.993668,0,0.79061,0.19584,47.436,0.392,1000.000,375.000,-1,375.000,-1,300.000,300.000,300.000,300.000,-1,375.000,375.000,-1,625.000,625.000,-1,-1,0,0,2,0,2,0,0,0,0,2,0,0,2,0,0,2,2
111,7785.470,4820.565,4.695,127.104,-0.599345,-0.793260,-0.107349,0.799436,-0.600032,-0.029405,-0.041087,-0.103442,0.993786,0,0.78648,0.19092,47.189,0.382,-1,375.000,-1,375.000,-1,300.000,300.000,300.000,300.000,-1,350.000,375.000,-1,650.000,650.000,-1,-1,2,0,2,0,2,0,0,0,0,2,0,0,2,0,0,2,2
112,7756.900,4857.837,2.959,127.475,-0.604954,-0.789471,-0.103761,0.795385,-0.605245,-0.032262,-0.037331,-0.102047,0.994079,0,0.78271,0.18557,46.963,0.371,-1,375.000,-1,375.000,-1,300.000,300.000,300.000,300.000,-1,325.000,350.000,-1,650.000,650.000,-1,-1,2,0,2,0,2,0,0,0,0,2,0,0,2,0,0,2,2
113,7725.822,4897.496,1.037,128.087,-0.613821,-0.783112,-0.099796,0.788724,-0.613743,-0.035130,-0.033738,-0.100275,0.994388,0,0.83977,0.30557,50.386,0.611,-1,375.000,-1,375.000,-1,300.000,300.000,300.000,300.000,-1,275.000,300.000,-1,675.000,650.000,-1,-1,2,0,2,0,2,0,0,0,0,2,0,0,2,0,0,2,2
114,7694.253,4936.573,-0.992,128.938,-0.625813,-0.774062,-0.095847,0.779367,-0.625431,-0.037721,-0.030748,-0.098306,0.994681,0,0.83728,0.42557,50.237,0.851,-1,375.000,-1,375.000,-1,300.000,300.000,300.000,275.000,-1,250.000,275.000,-1,700.000,675.000,-1,-1,2,0,2,0,2,0,0,0,0,2,0,0,2,0,0,2,2
115,7661.997,4974.980,-3.154,130.029,-0.640816,-0.762176,-0.091882,0.767171,-0.640196,-0.039980,-0.028350,-0.096109,0.994967,0,0.83595,0.54557,50.157,1.091,-1,375.000,-1,375.000,-1,325.000,300.000,300.000,275.000,-1,225.000,250.000,-1,700.000,675.000,-1,-1,2,0,2,0,2,0,0,0,0,2,0,0,2,0,0,2,2
116,7628.902,5012.644,-5.205,131.309,-0.657925,-0.747794,-0.089096,0.752592,-0.657150,-0.041932,-0.027193,-0.094641,0.995140,0,0.83567,0.63982,50.140,1.280,-1,375.000,-1,375.000,-1,325.000,325.000,300.000,275.000,-1,225.000,250.000,-1,725.000,700.000,-1,-1,2,0,2,0,2,0,0,0,0,2,0,0,2,0,0,2,2
117,7593.055,5051.660,-6.938,132.575,-0.674345,-0.733052,-0.088844,0.737900,-0.673477,-0.043962,-0.027608,-0.095203,0.995075,0,0.88308,0.63304,52.985,1.266,-1,375.000,-1,375.000,-1,325.000,325.000,300.000,275.000,-1,250.000,275.000,-1,725.000,700.000,-1,-1,2,0,2,0,2,0,0,0,0,2,0,0,2,0,0,2,2
118,7556.366,5089.869,-8.541,133.835,-0.690418,-0.717955,-0.088675,0.722899,-0.689335,-0.047261,-0.027195,-0.096733,0.994939,0,0.88289,0.63016,52.973,1.260,-1,375.000,-1,375.000,-1,325.000,325.000,300.000,275.000,-1,275.000,300.000,-1,725.000,725.000,-1,-1,2,0,2,0,2,0,0,0,0,2,0,0,2,0,0,2,2
119,7518.857,5127.259,-10.241,135.089,-0.706093,-0.702581,-0.088389,0.707618,-0.704770,-0.050756,-0.026633,-0.098384,0.994792,0,0.88272,0.62708,52.963,1.254,-1,400.000,-1,400.000,-1,325.000,325.000,275.000,275.000,-1,300.000,325.000,-1,725.000,750.000,-1,-1,2,0,2,0,2,0,0,0,0,2,0,0,2,0,0,2,2
120,7480.549,5163.819,-11.918,136.337,-0.721300,-0.687029,-0.087845,0.692101,-0.719857,-0.052937,-0.026867,-0.098981,0.994727,0,0.88259,0.62379,52.955,1.248,-1,400.000,-1,400.000,-1,325.000,325.000,275.000,275.000,-1,325.000,350.000,-1,725.000,775.000,-1,-1,2,0,2,0,2,0,0,0,0,2,0,0,2,0,0,2,2
121,7441.464,5199.537,-13.547,137.577,-0.736061,-0.671279,-0.087167,0.676357,-0.734559,-0.054442,-0.027484,-0.099028,0.994705,0,0.88248,0.62031,52.949,1.241,-1,400.000,-1,400.000,-1,325.000,325.000,275.000,300.000,-1,350.000,400.000,-1,725.000,800.000,-1,-1,2,0,2,0,2,0,0,0,0,2,0,0,2,0,0,2,2
122,7401.623,5234.401,-15.312,138.811,-0.750390,-0.655322,-0.086417,0.660395,-0.748846,-0.055758,-0.028173,-0.098909,0.994698,0,0.88238,0.61662,52.943,1.233,-1,400.000,-1,400.000,-1,325.000,325.000,275.000,300.000,-1,375.000,425.000,-1,725.000,800.000,-1,-1,2,0,2,0,2,0,0,0,0,2,0,0,2,0,0,2,2
123,7361.050,5268.403,-17.241,140.036,-0.764276,-0.639182,-0.085601,0.644235,-0.762720,-0.056740,-0.029022,-0.098512,0.994713,0,0.88231,0.61273,52.938,1.225,-1,400.000,-1,400.000,-1,325.000,325.000,275.000,300.000,-1,425.000,475.000,-1,725.000,825.000,-1,-1,2,0,2,0,2,0,0,0,0,2,0,0,2,0,0,2,2
124,7319.767,5301.534,-19.330,141.253,-0.777717,-0.622877,-0.084738,0.627897,-0.776178,-0.057389,-0.030025,-0.097839,0.994749,0,0.88224,0.60863,52.935,1.217,-1,400.000,-1,400.000,-1,325.000,325.000,275.000,300.000,-1,450.000,500.000,-1,725.000,825.000,-1,-1,2,0,2,0,2,0,0,0,0,2,0,0,2,0,0,2,2
125,7277.798,5333.785,-21.269,142.462,-0.790785,-0.606495,-0.082600,0.611330,-0.789313,-0.057107,-0.030563,-0.095655,0.994945,0,0.88219,0.60434,52.931,1.209,-1,400.000,-1,400.000,-1,325.000,325.000,275.000,300.000,-1,475.000,550.000,-1,750.000,850.000,-1,-1,2,0,2,0,2,0,0,0,0,2,0,0,2,0,0,2,2
126,7235.166,5365.151,-22.995,143.662,-0.803375,-0.590054,-0.080155,0.594617,-0.802135,-0.054857,-0.031926,-0.091732,0.995272,0,0.88214,0.59985,52.929,1.200,-1,400.000,-1,400.000,-1,325.000,325.000,275.000,300.000,-1,550.000,600.000,-1,750.000,850.000,-1,-1,2,0,2,0,2,0,0,0,0,2,0,0,2,0,0,2,2
127,7191.893,5395.623,-24.915,144.852,-0.815522,-0.573472,-0.077805,0.577767,-0.814515,-0.052445,-0.033298,-0.087723,0.995588,0,0.88211,0.59516,52.927,1.190,-1,400.000,-1,425.000,-1,325.000,325.000,300.000,275.000,-1,600.000,650.000,-1,750.000,875.000,-1,-1,2,0,2,0,2,0,0,0,0,2,0,0,2,0,0,2,2
128,7148.003,5425.197,-27.027,146.032,-0.827227,-0.556765,-0.075555,0.560798,-0.826449,-0.049880,-0.034671,-0.083633,0.995893,0,0.88208,0.59027,52.925,1.181,-1,400.000,-1,425.000,-1,325.000,325.000,300.000,275.000,-1,650.000,675.000,-1,775.000,875.000,-1,-1,2,0,2,0,2,0,0,0,0,2,0,0,2,0,0,2,2
129,7103.517,5453.866,-28.994,147.203,-0.838393,-0.539901,-0.074863,0.543810,-0.837854,-0.047661,-0.036992,-0.080670,0.996054,0,0.88207,0.58518,52.924,1.170,-1,400.000,-1,425.000,-1,325.000,325.000,300.000,275.000,-1,725.000,750.000,-1,775.000,875.000,-1,-1,2,0,2,0,2,0,0,0,0,2,0,0,2,0,0,2,2
130,7058.461,5481.629,-31.101,148.363,-0.849106,-0.522952,-0.074437,0.526750,-0.848805,-0.045436,-0.039422,-0.077789,0.996190,0,0.88207,0.57989,52.924,1.160,-1,400.000,-1,425.000,-1,325.000,325.000,275.000,275.000,-1,800.000,800.000,-1,775.000,900.000,-1,-1,2,0,2,0,2,0,0,0,0,2,0,0,2,0,0,2,2
131,7012.855,5508.483,-33.249,149.511,-0.859407,-0.505925,-0.073885,0.509621,-0.859281,-0.043859,-0.041299,-0.075347,0.996302,0,0.88208,0.57439,52.925,1.149,-1,400.000,-1,425.000,-1,325.000,325.000,275.000,275.000,-1,850.000,825.000,-1,775.000,900.000,-1,-1,2,0,2,0,2,0,0,0,0,2,0,0,2,0,0,2,2
132,6966.724,5534.427,-35.431,150.649,-0.869278,-0.488841,-0.073422,0.492458,-0.869284,-0.042780,-0.042912,-0.073345,0.996383,0,0.88212,0.56870,52.927,1.137,-1,400.000,-1,425.000,-1,325.000,325.000,275.000,275.000,-1,925.000,850.000,-1,775.000,925.000,-1,-1,2,0,2,0,2,0,0,0,0,2,0,0,2,0,0,2,2
133,6920.089,5559.461,-37.761,151.774,-0.878699,-0.471739,-0.073146,0.475284,-0.878846,-0.041641,-0.044640,-0.071355,0.996452,0,0.88217,0.56280,52.930,1.126,-1,400.000,-1,425.000,-1,325.000,325.000,275.000,275.000,-1,1000.000,875.000,-1,775.000,925.000,-1,-1,2,0,2,0,2,0,0,0,0,2,0,0,2,0,0,2,2
