timestep,x_cm,y_cm,z_cm,yaw_deg,basis_xx,basis_xy,basis_xz,basis_yx,basis_yy,basis_yz,basis_zx,basis_zy,basis_zz,teleport_flag,throttle_cmd,steering_cmd,cmd_move_cm,cmd_turn_deg,lidar_cm_0,lidar_cm_1,lidar_cm_2,lidar_cm_3,lidar_cm_4,lidar_cm_5,lidar_cm_6,lidar_cm_7,lidar_cm_8,lidar_cm_9,lidar_cm_10,lidar_cm_11,lidar_cm_12,lidar_cm_13,lidar_cm_14,lidar_cm_15,lidar_cm_16,lidar_class_0,lidar_class_1,lidar_class_2,lidar_class_3,lidar_class_4,lidar_class_5,lidar_class_6,lidar_class_7,lidar_class_8,lidar_class_9,lidar_class_10,lidar_class_11,lidar_class_12,lidar_class_13,lidar_class_14,lidar_class_15,lidar_class_16
0,9506.281,9510.238,-295.297,-170.732,-0.986958,0.160975,-0.000367,-0.160911,-0.986494,0.030600,0.004564,0.030260,0.999532,1,0.08000,-0.12000,4.800,-0.240,-1,375.000,-1,375.000,-1,325.000,325.000,300.000,300.000,-1,525.000,600.000,600.000,725.000,700.000,-1,-1,2,0,2,0,2,0,0,0,0,2,0,0,1,0,0,2,2
1,9496.793,9508.771,-295.251,-171.212,-0.988272,0.152705,0.000069,-0.152632,-0.987810,0.030582,0.004739,0.030213,0.999532,0,0.16000,-0.24000,9.600,-0.480,-1,375.000,-1,375.000,-1,325.000,325.000,300.000,300.000,-1,525.000,575.000,600.000,725.000,700.000,-1,-1,2,0,2,0,2,0,0,0,0,2,0,0,1,0,0,2,2
2,9482.536,9506.750,-295.187,-171.932,-0.990112,0.140281,0.000727,-0.140193,-0.989653,0.030541,0.005004,0.030137,0.999533,0,0.24000,-0.36000,14.400,-0.720,-1,375.000,-1,375.000,-1,325.000,325.000,300.000,300.000,-1,525.000,575.000,625.000,725.000,700.000,-1,-1,2,0,2,0,2,0,0,0,0,2,0,0,1,0,0,2,2
3,9463.483,9504.375,-295.113,-172.892,-0.992321,0.123680,0.001610,-0.123574,-0.991868,0.030459,0.005364,0.030026,0.999535,0,0.32000,-0.48000,19.200,-0.960,-1,375.000,-1,375.000,-1,325.000,325.000,300.000,300.000,-1,500.000,550.000,625.000,725.000,700.000,-1,-1,2,0,2,0,2,0,0,0,0,2,0,0,1,0,0,2,2
4,9439.610,9501.904,-295.037,-174.092,-0.994690,0.102882,0.002722,-0.102753,-0.994245,0.030315,0.005825,0.029875,0.999537,0,0.40000,-0.60000,24.000,-1.200,-1,375.000,-1,375.000,-1,325.000,325.000,300.000,300.000,-1,500.000,525.000,650.000,725.000,700.000,-1,-1,2,0,2,0,2,0,0,0,0,2,0,0,1,0,0,2,2
5,9410.898,9499.661,-294.970,-175.532,-0.996956,0.077864,0.004065,-0.077708,-0.996522,0.030080,0.006393,0.029673,0.999539,0,0.48000,-0.72000,28.800,-1.440,-1,400.000,-1,375.000,-1,325.000,325.000,300.000,300.000,-1,475.000,525.000,675.000,725.000,725.000,-1,-1,2,0,2,0,2,0,0,0,0,2,0,0,1,0,0,2,2
6,9377.337,9498.027,-294.924,-177.212,-0.998802,0.048616,0.005643,-0.048427,-0.998384,0.029719,0.007078,0.029411,0.999542,0,0.56000,-0.84000,33.600,-1.680,-1,400.000,-1,375.000,-1,325.000,325.000,300.000,300.000,-1,475.000,500.000,700.000,750.000,725.000,-1,-1,2,0,2,0,2,0,0,0,0,2,0,0,1,0,0,2,2
7,9338.942,9497.427,-294.912,-179.104,-0.999850,0.015624,0.007453,-0.015401,-0.999455,0.029195,0.007905,0.029076,0.999546,0,0.64000,-0.94607,38.400,-1.892,-1,400.000,-1,375.000,-1,325.000,325.000,300.000,300.000,-1,425.000,475.000,750.000,750.000,725.000,-1,-1,2,0,2,0,2,0,0,0,0,2,0,0,1,0,0,2,2
8,9295.748,9498.175,-294.946,-180.992,-0.999805,-0.017311,0.009490,0.017575,-0.999439,0.028505,0.008991,0.028666,0.999549,0,0.72000,-0.94395,43.200,-1.888,-1,400.000,-1,375.000,-1,325.000,325.000,300.000,300.000,-1,400.000,425.000,775.000,750.000,725.000,-1,-1,2,0,2,0,2,0,0,0,0,2,0,0,1,0,0,2,2
9,9247.808,9500.583,-295.032,-182.876,-0.998673,-0.050146,0.011750,0.050455,-0.998344,0.027622,0.010345,0.028178,0.999549,0,0.80000,-0.94162,48.000,-1.883,-1,400.000,-1,400.000,-1,325.000,325.000,300.000,300.000,-1,375.000,400.000,825.000,750.000,750.000,-1,-1,2,0,2,0,2,0,0,0,0,2,0,0,1,0,0,2,2
10,9195.629,9504.922,-295.046,-184.754,-0.996467,-0.082837,0.013842,0.083188,-0.996166,0.027077,0.011546,0.028133,0.999538,0,0.87265,-0.93901,52.359,-1.878,-1,400.000,-1,400.000,-1,325.000,325.000,300.000,300.000,-1,350.000,375.000,850.000,750.000,750.000,-1,-1,2,0,2,0,2,0,0,0,0,2,0,0,1,1,0,2,2
11,9143.686,9510.955,-294.635,-186.626,-0.993220,-0.115335,0.014582,0.115697,-0.992914,0.027126,0.011350,0.028629,0.999526,0,0.87154,-0.93607,52.292,-1.872,-1,400.000,-1,400.000,-1,325.000,325.000,300.000,300.000,-1,400.000,400.000,900.000,750.000,750.000,-1,-1,2,0,2,0,2,0,0,0,0,2,0,0,1,1,0,2,2
12,9088.829,9519.152,-294.081,-188.498,-0.988923,-0.147712,0.014572,0.148059,-0.988621,0.026582,0.010480,0.028445,0.999540,0,0.92443,-0.93609,55.466,-1.872,1000.000,400.000,-1,400.000,-1,325.000,325.000,300.000,300.000,-1,450.000,450.000,950.000,750.000,750.000,-1,-1,1,0,2,0,2,0,0,0,0,2,0,0,1,1,0,2,2
13,9034.313,9529.130,-293.578,-190.372,-0.983565,-0.179965,0.014549,0.180295,-0.983269,0.026011,0.009625,0.028206,0.999556,0,0.92369,-0.93702,55.421,-1.874,950.000,400.000,-1,400.000,-1,325.000,325.000,300.000,300.000,-1,500.000,500.000,1000.000,750.000,750.000,-1,-1,1,0,2,0,2,0,0,0,0,2,0,0,1,1,0,2,2
14,8980.198,9540.877,-293.125,-192.247,-0.977151,-0.212052,0.014507,0.212366,-0.976860,0.025418,0.008781,0.027918,0.999572,0,0.92292,-0.93779,55.375,-1.876,925.000,400.000,-1,400.000,-1,325.000,325.000,300.000,300.000,-1,550.000,550.000,-1,750.000,775.000,-1,-1,1,0,2,0,2,0,0,0,0,2,0,0,2,1,0,2,2
15,8926.543,9554.378,-292.720,-194.124,-0.969685,-0.243933,0.014439,0.244231,-0.969400,0.024811,0.007945,0.027585,0.999588,0,0.92212,-0.93840,55.327,-1.877,925.000,400.000,-1,400.000,-1,325.000,325.000,300.000,300.000,-1,600.000,600.000,-1,775.000,775.000,-1,-1,1,0,2,0,2,0,0,0,0,2,0,0,2,1,0,2,2
16,8873.409,9569.617,-292.361,-196.002,-0.961174,-0.275568,0.014341,0.275850,-0.960896,0.024196,0.007113,0.027213,0.999604,0,0.92127,-0.93885,55.276,-1.878,925.000,400.000,-1,400.000,-1,325.000,325.000,300.000,300.000,-1,650.000,650.000,-1,800.000,775.000,-1,-1,1,0,2,0,2,0,0,0,0,2,0,0,2,0,0,2,2
17,8820.854,9586.572,-292.047,-197.880,-0.951630,-0.306918,0.014209,0.307182,-0.951358,0.023580,0.006281,0.026804,0.999621,0,0.92037,-0.93913,55.222,-1.878,950.000,400.000,-1,400.000,-1,325.000,325.000,300.000,300.000,-1,700.000,700.000,-1,800.000,775.000,-1,-1,1,0,2,0,2,0,0,0,0,2,0,0,2,0,0,2,2
18,8768.938,9605.221,-291.776,-199.759,-0.941062,-0.337943,0.014040,0.338190,-0.940797,0.022971,0.005446,0.026365,0.999638,0,0.91940,-0.93925,55.164,-1.878,-1,400.000,-1,400.000,-1,325.000,325.000,300.000,300.000,-1,750.000,750.000,-1,800.000,775.000,-1,-1,2,0,2,0,2,0,0,0,0,2,0,0,2,0,0,2,2
19,8717.718,9625.539,-291.547,-201.637,-0.929484,-0.368603,0.013830,0.368834,-0.929226,0.022376,0.004603,0.025900,0.999654,0,0.91838,-0.93920,55.103,-1.878,-1,400.000,-1,400.000,-1,325.000,325.000,300.000,300.000,-1,800.000,800.000,-1,825.000,775.000,-1,-1,2,0,2,0,2,0,0,0,0,2,0,0,2,0,0,2,2
20,8667.251,9647.498,-291.323,-203.515,-0.916909,-0.398861,0.013736,0.399079,-0.916655,0.021890,0.003860,0.025553,0.999666,0,0.91728,-0.93900,55.037,-1.878,-1,400.000,-1,400.000,-1,325.000,325.000,300.000,300.000,-1,850.000,850.000,-1,825.000,800.000,-1,-1,2,0,2,0,2,0,0,0,0,2,0,0,2,0,0,2,2
21,8617.596,9671.068,-291.097,-205.392,-0.903353,-0.428677,0.013735,0.428885,-0.903102,0.021540,0.003170,0.025349,0.999674,0,0.91610,-0.93863,54.966,-1.877,-1,400.000,-1,400.000,-1,325.000,325.000,300.000,300.000,-1,900.000,900.000,-1,825.000,800.000,-1,-1,2,0,2,0,2,0,0,0,0,2,0,0,2,0,0,2,2
22,8568.806,9696.217,-291.060,-207.269,-0.888845,-0.458024,0.013005,0.458204,-0.888602,0.020868,0.001998,0.024507,0.999698,0,0.91484,-0.93809,54.890,-1.876,-1,400.000,-1,400.000,-1,325.000,325.000,300.000,300.000,-1,975.000,975.000,-1,825.000,800.000,-1,-1,2,0,2,0,2,0,0,0,1,2,0,0,2,0,0,2,2
23,8520.935,9722.909,-291.100,-209.143,-0.873396,-0.486862,0.012055,0.487011,-0.873163,0.020166,0.000708,0.023484,0.999724,0,0.91348,-0.93739,54.809,-1.875,-1,400.000,-1,400.000,-1,325.000,325.000,300.000,275.000,-1,-1,-1,-1,825.000,800.000,-1,-1,2,0,2,0,2,0,0,0,1,2,2,2,2,0,0,2,2
24,8474.037,9751.108,-291.185,-211.016,-0.857027,-0.515154,0.011027,0.515271,-0.856805,0.019510,-0.000603,0.022402,0.999749,0,0.91204,-0.93652,54.723,-1.873,-1,400.000,-1,400.000,-1,325.000,325.000,300.000,275.000,-1,-1,-1,-1,825.000,800.000,-1,-1,2,0,2,0,2,0,0,1,1,2,2,2,2,0,0,2,2
25,8428.161,9780.772,-291.343,-212.887,-0.839760,-0.542865,0.010045,0.542955,-0.839548,0.018950,-0.001854,0.021367,0.999770,0,0.91051,-0.93549,54.631,-1.871,-1,400.000,-1,400.000,-1,325.000,325.000,300.000,250.000,-1,-1,-1,-1,825.000,800.000,-1,-1,2,0,2,0,2,0,0,1,1,2,2,2,2,0,0,2,2
26,8383.358,9811.861,-291.103,-214.756,-0.821604,-0.569983,0.009247,0.570056,-0.821445,0.016255,-0.001669,0.018626,0.999825,0,0.90888,-0.93429,54.533,-1.869,-1,400.000,-1,400.000,-1,325.000,325.000,275.000,250.000,-1,-1,-1,-1,825.000,800.000,-1,-1,2,0,2,0,2,0,0,1,1,2,2,2,2,0,0,2,2
27,8339.673,9844.330,-291.365,-216.622,-0.802617,-0.596438,0.008174,0.596487,-0.802467,0.015781,-0.002853,0.017542,0.999842,0,0.90717,-0.93292,54.430,-1.866,-1,400.000,-1,400.000,-1,325.000,325.000,300.000,225.000,-1,-1,-1,-1,825.000,800.000,-1,-1,2,0,2,0,2,0,0,1,1,2,2,2,2,0,0,2,2
28,8300.898,9875.308,-292.061,-218.622,-0.781332,-0.624075,0.007123,0.624093,-0.781156,0.017401,-0.005295,0.018041,0.999823,0,0.82717,-1.00000,49.630,-2.000,-1,400.000,-1,400.000,-1,325.000,325.000,300.000,225.000,-1,-1,-1,-1,825.000,800.000,-1,-1,2,0,2,0,2,0,0,1,1,2,2,2,2,0,0,2,2
29,8266.871,9904.495,-292.467,-220.622,-0.759084,-0.650963,0.006208,0.650957,-0.758908,0.017695,-0.006807,0.017473,0.999824,0,0.74717,-1.00000,44.830,-2.000,-1,400.000,-1,400.000,-1,325.000,325.000,300.000,225.000,-1,-1,-1,-1,825.000,800.000,-1,-1,2,0,2,0,2,0,0,0,1,2,2,2,2,0,0,2,2
30,8237.415,9931.602,-292.829,-222.622,-0.735909,-0.677059,0.005384,0.677031,-0.735735,0.017963,-0.008201,0.016865,0.999824,0,0.66717,-1.00000,40.030,-2.000,-1,400.000,-1,400.000,-1,325.000,325.000,300.000,200.000,-1,-1,-1,-1,800.000,775.000,-1,-1,2,0,2,0,2,0,0,0,1,2,2,2,2,0,0,2,2
31,8212.340,9956.349,-293.130,-224.622,-0.711837,-0.702329,0.004674,0.702280,-0.711664,0.018392,-0.009591,0.016375,0.999820,0,0.58717,-1.00000,35.230,-2.000,-1,400.000,-1,400.000,-1,325.000,325.000,300.000,200.000,-1,-1,-1,-1,800.000,775.000,-1,-1,2,0,2,0,2,0,0,0,1,2,2,2,2,0,0,2,2
32,8191.440,9978.467,-293.400,-226.622,-0.686896,-0.726744,0.004068,0.726675,-0.686725,0.018779,-0.010854,0.015855,0.999815,0,0.50717,-1.00000,30.430,-2.000,-1,400.000,-1,400.000,-1,325.000,325.000,300.000,200.000,-1,-1,-1,-1,800.000,775.000,-1,-1,2,0,2,0,2,0,0,0,1,2,2,2,2,0,0,2,2
33,8174.498,9997.698,-293.685,-228.622,-0.661114,-0.750277,0.003516,0.750192,-0.660951,0.018847,-0.011817,0.015098,0.999816,0,0.42717,-1.00000,25.630,-2.000,-1,400.000,-1,400.000,-1,325.000,325.000,300.000,200.000,-1,-1,-1,-1,800.000,775.000,-1,-1,2,0,2,0,2,0,0,0,1,2,2,2,2,0,0,2,2
34,8161.283,10013.800,-293.967,-230.622,-0.634524,-0.772897,0.003000,0.772802,-0.634373,0.018654,-0.012515,0.014155,0.999821,0,0.34717,-1.00000,20.830,-2.000,-1,400.000,-1,400.000,-1,325.000,325.000,300.000,200.000,-1,-1,-1,-1,800.000,775.000,-1,-1,2,0,2,0,2,0,0,0,1,2,2,2,2,0,0,2,2
35,8151.552,10026.538,-294.187,-232.622,-0.607160,-0.794576,0.002558,0.794471,-0.607021,0.018469,-0.013122,0.013246,0.999826,0,0.26717,-1.00000,16.030,-2.000,-1,400.000,-1,400.000,-1,325.000,325.000,300.000,200.000,-1,-1,-1,-1,800.000,775.000,-1,-1,2,0,2,0,2,0,0,0,1,2,2,2,2,0,0,2,2
36,8145.050,10035.695,-294.337,-234.622,-0.579055,-0.815285,0.002192,0.815174,-0.578927,0.018290,-0.013643,0.012378,0.999830,0,0.18717,-1.00000,11.230,-2.000,-1,400.000,-1,400.000,-1,325.000,325.000,300.000,200.000,-1,-1,-1,-1,800.000,775.000,-1,-1,2,0,2,0,2,0,0,0,1,2,2,2,2,0,0,2,2
37,8141.513,10041.064,-294.413,-236.622,-0.550245,-0.835001,0.001900,0.834885,-0.550127,0.018115,-0.014081,0.011554,0.999834,0,0.10717,-1.00000,6.430,-2.000,-1,400.000,-1,400.000,-1,325.000,325.000,300.000,200.000,925.000,-1,-1,-1,800.000,775.000,-1,-1,2,0,2,0,2,0,0,0,1,1,2,2,2,0,0,2,2
38,8140.664,10042.456,-294.396,-238.622,-0.520764,-0.853699,0.001752,0.853579,-0.520655,0.017933,-0.014397,0.010834,0.999838,0,0.02717,-1.00000,1.630,-2.000,-1,400.000,-1,400.000,-1,325.000,325.000,300.000,200.000,875.000,-1,-1,-1,800.000,775.000,-1,-1,2,0,2,0,2,0,0,0,1,1,2,2,2,0,0,2,2
39,8142.219,10039.694,-294.298,-240.622,-0.490650,-0.871355,0.001664,0.871234,-0.490547,0.017747,-0.014648,0.010157,0.999841,0,-0.05283,-1.00000,-3.170,-2.000,-1,400.000,-1,400.000,-1,325.000,325.000,300.000,200.000,825.000,-1,-1,-1,800.000,775.000,-1,-1,2,0,2,0,2,0,0,0,1,1,2,2,2,0,0,2,2
40,8141.464,10041.138,-293.722,-242.382,-0.463624,-0.886032,0.000450,0.885933,-0.463565,0.015160,-0.013224,0.007427,0.999885,0,0.02717,-0.88000,1.630,-1.760,-1,400.000,-1,400.000,-1,325.000,325.000,300.000,225.000,775.000,-1,-1,-1,800.000,775.000,-1,-1,2,0,2,0,2,0,0,0,1,1,2,2,2,0,0,2,2
41,8138.635,10046.912,-293.276,-243.902,-0.439932,-0.898030,-0.000847,0.897952,-0.439906,0.012854,-0.011916,0.004894,0.999917,0,0.10717,-0.76000,6.430,-1.520,-1,400.000,-1,400.000,-1,325.000,325.000,300.000,225.000,750.000,-1,-1,-1,800.000,800.000,-1,-1,2,0,2,0,2,0,0,0,1,1,2,2,2,0,0,2,2
42,8133.921,10057.105,-293.115,-245.182,-0.419746,-0.907640,-0.001842,0.907572,-0.419739,0.011473,-0.011187,0.003144,0.999932,0,0.18717,-0.64000,11.230,-1.280,-1,400.000,-1,400.000,425.000,325.000,325.000,300.000,225.000,725.000,-1,-1,-1,825.000,800.000,-1,-1,2,0,2,0,1,0,0,0,1,1,2,2,2,0,0,2,2
43,8127.458,10071.775,-293.240,-246.222,-0.403195,-0.915111,-0.002464,0.915048,-0.403197,0.010963,-0.011026,0.002165,0.999937,0,0.26717,-0.52000,16.030,-1.040,-1,400.000,-1,400.000,400.000,325.000,325.000,300.000,225.000,725.000,-1,-1,-1,825.000,825.000,-1,-1,2,0,2,0,1,0,0,0,1,1,2,2,2,0,0,2,2
44,8119.326,10090.952,-293.675,-247.022,-0.390377,-0.920651,-0.002606,0.920583,-0.390380,0.011391,-0.011505,0.002048,0.999932,0,0.34717,-0.40000,20.830,-0.800,-1,400.000,-1,400.000,375.000,325.000,325.000,300.000,200.000,725.000,-1,-1,-1,825.000,800.000,-1,-1,2,0,2,0,1,0,0,0,1,1,2,2,2,0,0,2,2
45,8109.552,10114.645,-294.472,-247.582,-0.381368,-0.924421,-0.002117,0.924335,-0.381363,0.012947,-0.012776,0.002980,0.999914,0,0.42717,-0.28000,25.630,-0.560,-1,400.000,-1,400.000,375.000,325.000,325.000,300.000,200.000,750.000,-1,-1,-1,800.000,800.000,-1,-1,2,0,2,0,1,0,0,0,1,1,2,2,2,0,0,2,2
46,8098.135,10142.852,-295.671,-247.963,-0.375233,-0.926930,-0.000898,0.926810,-0.375199,0.015783,-0.014966,0.005090,0.999875,0,0.50717,-0.19064,30.430,-0.381,-1,400.000,-1,400.000,375.000,325.000,325.000,300.000,200.000,775.000,-1,-1,-1,800.000,775.000,-1,-1,2,0,2,0,1,0,0,0,1,1,2,2,2,0,0,2,2
47,8085.140,10175.598,-296.641,-248.355,-0.368896,-0.929471,-0.000445,0.929329,-0.368848,0.017279,-0.016224,0.005961,0.999851,0,0.58717,-0.19598,35.230,-0.392,-1,400.000,-1,400.000,-1,325.000,325.000,300.000,175.000,800.000,-1,-1,-1,775.000,775.000,-1,-1,2,0,2,0,2,0,0,0,1,1,2,2,2,0,0,2,2
48,8070.633,10212.907,-297.340,-248.752,-0.362442,-0.932006,-0.000891,0.931862,-0.362402,0.017266,-0.016415,0.005428,0.999851,0,0.66717,-0.19842,40.030,-0.397,-1,400.000,-1,400.000,-1,325.000,325.000,300.000,175.000,825.000,-1,-1,-1,775.000,775.000,-1,-1,2,0,2,0,2,0,0,0,1,1,2,2,2,0,0,2,2
49,8054.679,10254.802,-298.132,-249.154,-0.355891,-0.934526,-0.001392,0.934380,-0.355861,0.017247,-0.016614,0.004837,0.999850,0,0.74717,-0.20083,44.830,-0.402,-1,400.000,-1,400.000,-1,325.000,325.000,300.000,150.000,850.000,-1,-1,-1,775.000,775.000,-1,-1,2,0,2,0,2,0,0,0,1,1,2,2,2,0,0,2,2
50,8037.347,10301.307,-299.019,-249.560,-0.349248,-0.937028,-0.001950,0.936879,-0.349229,0.017219,-0.016816,0.004186,0.999850,0,0.82717,-0.20307,49.630,-0.406,-1,400.000,-1,400.000,-1,325.000,325.000,300.000,150.000,875.000,-1,-1,-1,775.000,775.000,-1,-1,2,0,2,0,2,0,0,0,1,1,2,2,2,0,0,2,2
51,8018.703,10352.445,-300.003,-249.970,-0.342526,-0.939505,-0.002568,0.939354,-0.342518,0.017180,-0.017020,0.003473,0.999849,0,0.90717,-0.20493,54.430,-0.410,-1,400.000,-1,400.000,-1,325.000,325.000,300.000,150.000,925.000,-1,-1,-1,775.000,775.000,-1,-1,2,0,2,0,2,0,0,0,1,1,2,2,2,0,0,2,2
52,7999.714,10405.719,-300.334,-250.382,-0.335688,-0.941952,-0.006346,0.941776,-0.335748,0.018205,-0.019279,0.000135,0.999814,0,0.94262,-0.20621,56.557,-0.412,-1,400.000,-1,400.000,-1,325.000,325.000,300.000,150.000,1000.000,-1,-1,-1,775.000,775.000,-1,-1,2,0,2,0,2,0,0,0,1,1,2,2,2,0,0,2,2
53,7981.332,10458.490,-299.939,-250.795,-0.328719,-0.944333,-0.013371,0.944129,-0.328938,0.020517,-0.023773,-0.005880,0.999700,0,0.93134,-0.20668,55.880,-0.413,-1,400.000,-1,400.000,-1,325.000,325.000,300.000,150.000,-1,-1,-1,-1,725.000,775.000,-1,-1,2,0,2,0,2,0,0,0,1,2,2,2,2,0,0,2,2
54,7963.549,10510.747,-300.072,-251.208,-0.321768,-0.946646,-0.018057,0.946438,-0.322120,0.022203,-0.026835,-0.009945,0.999590,0,0.92001,-0.20626,55.200,-0.413,-1,375.000,-1,400.000,-1,325.000,325.000,300.000,150.000,-1,-1,-1,-1,725.000,775.000,-1,-1,2,0,2,0,2,0,0,0,1,2,2,2,2,0,0,2,2
55,7945.480,10564.376,-300.644,-251.380,-0.318815,-0.947586,-0.020930,0.947382,-0.319260,0.023253,-0.028716,-0.012415,0.999510,0,0.94318,-0.08626,56.591,-0.173,-1,375.000,-1,400.000,-1,325.000,325.000,300.000,175.000,-1,-1,-1,-1,700.000,775.000,-1,-1,2,0,2,0,2,0,0,0,1,2,2,2,2,0,0,2,2
56,7927.590,10617.270,-301.597,-251.313,-0.319896,-0.947201,-0.021813,0.946993,-0.320373,0.023765,-0.029498,-0.013054,0.999480,0,0.93062,0.03374,55.837,0.067,-1,375.000,-1,400.000,-1,325.000,325.000,300.000,175.000,-1,-1,-1,-1,700.000,775.000,-1,-1,2,0,2,0,2,0,0,0,1,2,2,2,2,0,0,2,2
57,7909.673,10669.321,-302.961,-251.005,-0.325007,-0.945479,-0.020958,0.945264,-0.325455,0.023572,-0.029108,-0.012150,0.999502,0,0.91748,0.15374,55.049,0.307,-1,375.000,-1,400.000,-1,325.000,325.000,300.000,175.000,-1,-1,-1,-1,700.000,775.000,-1,-1,2,0,2,0,2,0,0,0,1,2,2,2,2,0,0,2,2
58,7891.628,10720.474,-304.720,-250.568,-0.332312,-0.942996,-0.018096,0.942772,-0.332668,0.022651,-0.027379,-0.009533,0.999580,0,0.90404,0.21855,54.243,0.437,-1,375.000,-1,400.000,-1,325.000,325.000,300.000,200.000,-1,-1,-1,-1,725.000,775.000,-1,-1,2,0,2,0,2,0,0,0,1,2,2,2,2,0,0,2,2
59,7873.448,10770.752,-306.916,-250.120,-0.339828,-0.940396,-0.013116,0.940175,-0.340042,0.021048,-0.024254,-0.005179,0.999692,0,0.89107,0.22400,53.464,0.448,-1,375.000,-1,400.000,-1,325.000,325.000,300.000,225.000,-1,-1,-1,350.000,725.000,800.000,-1,-1,2,0,2,0,2,0,0,0,1,2,2,2,1,0,0,2,2
60,7855.111,10820.219,-309.224,-249.659,-0.347518,-0.937643,-0.007518,0.937444,-0.347600,0.019319,-0.020727,-0.000334,0.999785,0,0.87927,0.23043,52.756,0.461,-1,400.000,-1,400.000,-1,325.000,325.000,300.000,225.000,-1,-1,-1,275.000,750.000,800.000,-1,-1,2,0,2,0,2,0,0,0,1,2,2,2,1,0,0,2,2
61,7836.587,10868.941,-310.265,-249.184,-0.355291,-0.934726,-0.007493,0.934523,-0.355370,0.019467,-0.020859,-0.000086,0.999782,0,0.86874,0.23776,52.124,0.476,-1,400.000,-1,400.000,-1,325.000,325.000,300.000,250.000,-1,-1,-1,275.000,750.000,800.000,-1,-1,2,0,2,0,2,0,0,0,1,2,2,2,1,0,0,2,2
62,7817.847,10916.988,-311.293,-248.692,-0.363305,-0.931640,-0.007448,0.931434,-0.363381,0.019601,-0.020967,0.000184,0.999780,0,0.85954,0.24596,51.572,0.492,-1,400.000,-1,400.000,-1,325.000,325.000,300.000,250.000,-1,-1,-1,275.000,750.000,800.000,-1,-1,2,0,2,0,2,0,0,0,1,2,2,2,1,0,0,2,2
63,7798.854,10964.429,-312.313,-248.182,-0.371585,-0.928370,-0.007382,0.928160,-0.371658,0.019720,-0.021051,0.000476,0.999778,0,0.85170,0.25495,51.102,0.510,-1,400.000,-1,400.000,-1,325.000,325.000,300.000,275.000,-1,-1,-1,275.000,750.000,800.000,-1,-1,2,0,2,0,2,0,0,0,1,2,2,2,1,0,0,2,2
64,7779.572,11011.334,-313.323,-247.653,-0.380150,-0.924896,-0.007295,0.924684,-0.380219,0.019826,-0.021110,0.000791,0.999777,0,0.84523,0.26469,50.714,0.529,-1,400.000,-1,400.000,-1,325.000,325.000,300.000,275.000,-1,-1,-1,275.000,750.000,825.000,-1,975.000,2,0,2,0,2,0,0,0,1,2,2,2,1,0,1,2,1
65,7759.960,11057.769,-314.361,-247.102,-0.389023,-0.921201,-0.007037,0.920988,-0.389085,0.019877,-0.021048,0.001252,0.999778,0,0.84011,0.27514,50.406,0.550,-1,400.000,-1,400.000,-1,325.000,325.000,300.000,300.000,-1,-1,-1,300.000,750.000,775.000,-1,925.000,2,0,2,0,2,0,0,0,1,2,2,2,1,0,1,2,1
66,7739.975,11103.796,-315.473,-246.530,-0.398221,-0.917266,-0.006548,0.917046,-0.398270,0.020195,-0.021132,0.002037,0.999775,0,0.83630,0.28628,50.178,0.573,-1,400.000,-1,400.000,-1,325.000,325.000,300.000,300.000,-1,-1,-1,325.000,750.000,750.000,-1,875.000,2,0,2,0,2,0,0,0,1,2,2,2,1,0,1,2,1
67,7719.574,11149.474,-316.664,-245.934,-0.407760,-0.913070,-0.005865,0.912837,-0.407790,0.020871,-0.021448,0.003156,0.999765,0,0.83379,0.29805,50.027,0.596,-1,400.000,-1,400.000,950.000,325.000,325.000,300.000,300.000,-1,-1,-1,350.000,750.000,725.000,-1,800.000,2,0,2,0,1,0,0,0,0,2,2,2,1,0,1,2,1
68,7698.712,11194.860,-317.847,-245.313,-0.417649,-0.908594,-0.005188,0.908348,-0.417659,0.021536,-0.021734,0.004281,0.999755,0,0.83252,0.31046,49.951,0.621,-1,400.000,1000.000,400.000,850.000,325.000,325.000,300.000,300.000,-1,-1,-1,375.000,750.000,675.000,-1,750.000,2,0,1,0,1,0,0,0,0,2,2,2,1,0,1,2,1
69,7677.339,11240.004,-319.028,-244.666,-0.427899,-0.903815,-0.004526,0.903559,-0.427889,0.022171,-0.021975,0.005397,0.999744,0,0.83245,0.32347,49.947,0.647,-1,400.000,975.000,400.000,775.000,325.000,325.000,300.000,300.000,-1,-1,-1,400.000,750.000,650.000,-1,700.000,2,0,1,0,1,0,0,0,0,2,2,2,1,0,1,2,1
70,7655.409,11284.952,-320.213,-243.992,-0.438522,-0.898712,-0.003890,0.898448,-0.438491,0.022752,-0.022153,0.006483,0.999734,0,0.83355,0.33707,50.013,0.674,-1,400.000,925.000,400.000,700.000,325.000,325.000,300.000,300.000,-1,-1,-1,450.000,750.000,600.000,-1,650.000,2,0,1,0,1,0,0,0,0,2,2,2,1,0,1,2,1
71,7632.868,11329.748,-321.426,-243.289,-0.449522,-0.893262,-0.003463,0.892986,-0.449474,0.023434,-0.022489,0.007441,0.999719,0,0.83578,0.35125,50.147,0.703,-1,400.000,875.000,400.000,625.000,325.000,325.000,300.000,300.000,-1,-1,-1,475.000,750.000,575.000,-1,600.000,2,0,1,0,1,0,0,0,0,2,2,2,1,0,1,2,1
72,7609.666,11374.428,-322.660,-242.557,-0.460910,-0.887441,-0.003227,0.887149,-0.460846,0.024232,-0.022992,0.008306,0.999701,0,0.83909,0.36601,50.345,0.732,-1,400.000,850.000,400.000,575.000,325.000,325.000,300.000,300.000,-1,-1,-1,525.000,725.000,525.000,-1,550.000,2,0,1,0,1,0,0,0,0,2,2,2,1,0,1,2,1
73,7585.747,11419.026,-323.884,-241.795,-0.472694,-0.881221,-0.002969,0.880914,-0.472614,0.025032,-0.023462,0.009218,0.999682,0,0.84345,0.38133,50.607,0.763,-1,400.000,800.000,400.000,500.000,325.000,325.000,300.000,300.000,-1,-1,-1,575.000,725.000,500.000,-1,500.000,2,0,1,0,1,0,0,0,0,2,2,2,1,1,1,2,1
74,7558.753,11467.413,-325.201,-240.843,-0.487275,-0.873245,-0.002662,0.872921,-0.487173,0.025907,-0.023920,0.010300,0.999661,0,0.92345,0.47563,55.407,0.951,-1,375.000,750.000,400.000,450.000,325.000,325.000,300.000,300.000,-1,-1,-1,625.000,700.000,475.000,-1,450.000,2,0,1,1,1,0,0,0,0,2,2,2,1,1,1,2,1
75,7528.648,11519.314,-326.602,-239.885,-0.501828,-0.864964,-0.002302,0.864624,-0.501702,0.026851,-0.024380,0.011484,0.999637,0,1.00000,0.47911,60.000,0.958,-1,375.000,700.000,350.000,375.000,325.000,325.000,300.000,300.000,-1,-1,-1,700.000,650.000,425.000,-1,400.000,2,0,1,1,1,0,0,0,0,2,2,2,1,1,1,2,1
76,7497.674,11570.700,-327.964,-238.920,-0.516348,-0.856377,-0.001933,0.856021,-0.516196,0.027738,-0.024752,0.012668,0.999613,0,1.00000,0.48267,60.000,0.965,-1,375.000,650.000,325.000,325.000,325.000,325.000,300.000,300.000,-1,-1,-1,775.000,625.000,400.000,-1,325.000,2,0,1,1,1,0,1,0,0,2,2,2,1,1,1,2,1
77,7465.833,11621.555,-329.169,-237.948,-0.530804,-0.847493,-0.001717,0.847135,-0.530638,0.028027,-0.024664,0.013422,0.999606,0,1.00000,0.48578,60.000,0.972,-1,375.000,625.000,300.000,275.000,325.000,300.000,300.000,300.000,-1,-1,-1,875.000,575.000,350.000,-1,275.000,2,0,1,1,1,0,1,0,0,2,2,2,1,1,1,2,1
78,7433.129,11671.858,-330.519,-236.972,-0.545198,-0.838307,-0.000599,0.837965,-0.544996,0.028174,-0.023945,0.014859,0.999603,0,1.00000,0.48836,60.000,0.977,-1,375.000,575.000,275.000,225.000,325.000,275.000,300.000,300.000,-1,-1,-1,-1,550.000,325.000,-1,225.000,2,0,1,1,1,1,1,0,0,2,2,2,2,1,1,2,1
79,7399.590,11721.609,-331.822,-236.014,-0.559148,-0.829067,0.000535,0.828744,-0.558912,0.028301,-0.023164,0.016267,0.999599,0,1.00000,0.47861,60.000,0.957,-1,375.000,525.000,225.000,175.000,300.000,225.000,300.000,300.000,-1,-1,-1,-1,500.000,275.000,-1,175.000,2,1,1,1,1,1,1,0,0,2,2,2,2,1,1,2,1
80,7365.245,11770.806,-326.735,-235.081,-0.572402,-0.819944,-0.006904,0.819966,-0.572412,-0.000623,-0.003441,-0.006018,0.999976,0,1.00000,0.46680,60.000,0.934,-1,375.000,575.000,225.000,150.000,275.000,225.000,300.000,375.000,-1,525.000,600.000,-1,525.000,275.000,-1,175.000,2,1,1,1,1,1,1,0,1,2,0,0,2,1,1,2,1
81,7330.121,11819.451,-320.984,-234.173,-0.585702,-0.810402,-0.014214,0.810322,-0.585071,-0.032709,0.018191,-0.030676,0.999364,0,1.00000,0.45408,60.000,0.908,-1,375.000,-1,225.000,150.000,275.000,225.000,275.000,375.000,-1,200.000,325.000,-1,575.000,300.000,-1,175.000,2,1,2,1,1,1,1,0,1,2,0,0,2,1,1,2,1
82,7294.305,11867.590,-315.555,-233.359,-0.598031,-0.801220,-0.020123,0.800536,-0.595930,-0.063312,0.038735,-0.053972,0.997791,0,1.00000,0.40680,60.000,0.814,-1,375.000,-1,225.000,150.000,275.000,225.000,250.000,350.000,700.000,100.000,225.000,-1,700.000,300.000,-1,150.000,2,1,2,1,1,1,1,0,1,0,0,0,2,1,1,2,1
83,7257.950,11915.078,-310.353,-232.574,-0.610207,-0.791879,-0.023985,0.790061,-0.606004,-0.092530,0.058737,-0.075412,0.995421,0,0.99673,0.39241,59.804,0.785,-1,375.000,-1,250.000,150.000,275.000,225.000,250.000,350.000,475.000,50.000,200.000,-1,-1,300.000,-1,150.000,2,1,2,1,1,1,1,0,1,0,0,0,2,2,1,2,1
84,7221.191,11961.800,-305.563,-231.820,-0.622123,-0.782462,-0.026756,0.779056,-0.615300,-0.120325,0.077687,-0.095701,0.992374,0,0.99077,0.37717,59.446,0.754,-1,400.000,-1,250.000,125.000,300.000,225.000,250.000,300.000,350.000,25.000,175.000,-1,-1,325.000,-1,150.000,2,1,2,1,1,1,1,0,1,0,0,0,2,2,1,2,1
85,-2295.714,-7543.601,-3.212,-171.758,-0.989515,0.139431,-0.037661,-0.126525,-0.962615,-0.239507,-0.069647,-0.232231,0.970164,1,0.00000,0.00000,58.989,0.722,600.000,450.000,-1,550.000,-1,425.000,500.000,200.000,125.000,500.000,425.000,500.000,-1,775.000,-1,-1,-1,0,0,2,1,2,0,0,0,1,1,1,1,2,0,2,2,2
86,-323.254,2296.679,70.024,10.973,0.981413,-0.190290,-0.024880,0.190802,0.981421,0.020170,0.020579,-0.024542,0.999487,1,0.08000,0.12000,4.800,0.240,-1,425.000,-1,425.000,-1,350.000,350.000,275.000,300.000,575.000,-1,-1,-1,1000.000,-1,-1,-1,2,0,2,0,2,0,0,0,0,1,2,2,2,0,2,2,2
87,-313.845,2298.585,70.234,11.453,0.979801,-0.198503,-0.024212,0.199005,0.979786,0.020423,0.019668,-0.024829,0.999498,0,0.16000,0.24000,9.600,0.480,-1,425.000,-1,425.000,-1,325.000,325.000,275.000,300.000,575.000,-1,-1,-1,1000.000,-1,-1,-1,2,0,2,0,2,0,0,0,0,1,2,2,2,0,2,2,2
88,-299.757,2301.564,70.543,11.937,0.978114,-0.206773,-0.023206,0.207257,0.978065,0.020805,0.018395,-0.025159,0.999514,0,0.24000,0.24207,14.400,0.484,-1,425.000,-1,425.000,-1,325.000,325.000,275.000,300.000,600.000,-1,-1,-1,1000.000,-1,-1,-1,2,0,2,0,2,0,0,0,0,1,2,2,2,0,2,2,2
89,-281.006,2305.694,70.948,12.420,0.976368,-0.215007,-0.021865,0.215465,0.976279,0.021321,0.016762,-0.025529,0.999534,0,0.32000,0.24145,19.200,0.483,-1,425.000,-1,425.000,-1,325.000,325.000,275.000,300.000,600.000,-1,-1,-1,975.000,-1,-1,-1,2,0,2,0,2,0,0,0,0,1,2,2,2,0,2,2,2
90,-257.612,2311.052,71.446,12.901,0.974564,-0.223197,-0.020191,0.223621,0.974428,0.021980,0.014769,-0.025936,0.999555,0,0.40000,0.24061,24.000,0.481,-1,425.000,-1,450.000,-1,325.000,350.000,275.000,300.000,625.000,-1,-1,-1,975.000,-1,-1,-1,2,0,2,0,2,0,0,0,0,1,2,2,2,0,2,2,2
91,-229.594,2317.717,72.032,13.380,0.972704,-0.231334,-0.018188,0.231716,0.972517,0.022787,0.012416,-0.026379,0.999575,0,0.48000,0.23955,28.800,0.479,-1,425.000,-1,450.000,-1,325.000,350.000,275.000,300.000,650.000,-1,-1,-1,975.000,-1,-1,-1,2,0,2,0,2,0,0,0,0,1,2,2,2,0,2,2,2
92,-196.972,2325.765,72.702,13.857,0.970789,-0.239411,-0.015858,0.239739,0.970547,0.023751,0.009704,-0.026859,0.999592,0,0.56000,0.23824,33.600,0.476,-1,425.000,-1,450.000,-1,350.000,350.000,275.000,300.000,700.000,-1,-1,-1,950.000,-1,-1,-1,2,0,2,0,2,0,0,0,0,1,2,2,2,0,2,2,2
93,-159.767,2335.269,73.448,14.330,0.968819,-0.247416,-0.013207,0.247679,0.968523,0.024880,0.006636,-0.027376,0.999603,0,0.64000,0.23664,38.400,0.473,-1,425.000,-1,450.000,-1,350.000,350.000,275.000,300.000,725.000,-1,-1,-1,950.000,-1,-1,-1,2,0,2,0,2,0,0,0,0,1,2,2,2,0,2,2,2
94,-117.955,2346.132,74.266,14.563,0.967841,-0.251354,-0.010227,0.251540,0.967494,0.026125,0.003328,-0.027858,0.999606,0,0.72000,0.11664,43.200,0.233,-1,425.000,-1,450.000,-1,350.000,350.000,300.000,300.000,775.000,-1,-1,-1,925.000,-1,-1,-1,2,0,2,0,2,0,0,0,0,1,2,2,2,0,2,2,2
95,-71.496,2358.197,75.050,14.557,0.967899,-0.251240,-0.007117,0.251341,0.967521,0.027022,0.000096,-0.027943,0.999610,0,0.80000,-0.00336,48.000,-0.007,-1,425.000,-1,450.000,-1,350.000,350.000,300.000,300.000,825.000,-1,-1,-1,925.000,-1,-1,-1,2,0,2,0,2,0,0,0,0,1,2,2,2,0,2,2,2
96,-20.334,2371.247,75.001,14.310,0.968987,-0.247093,-0.003194,0.247095,0.968677,0.024660,-0.002999,-0.024685,0.999691,0,0.88000,-0.12336,52.800,-0.247,-1,425.000,-1,450.000,-1,350.000,350.000,300.000,300.000,875.000,-1,-1,-1,925.000,-1,-1,-1,2,0,2,0,2,0,0,0,0,1,2,2,2,0,2,2,2
97,31.598,2384.023,74.620,13.823,0.971047,-0.238879,0.001985,0.238785,0.970840,0.021253,-0.007004,-0.020164,0.999772,0,0.89134,-0.24336,53.480,-0.487,-1,425.000,-1,450.000,-1,350.000,350.000,300.000,300.000,900.000,-1,-1,-1,900.000,1000.000,-1,-1,2,0,2,0,2,0,0,0,0,1,2,2,2,0,0,2,2
98,83.590,2396.119,73.754,13.097,0.973981,-0.226557,0.005677,0.226410,0.973837,0.019520,-0.009950,-0.017727,0.999793,0,0.88968,-0.36336,53.381,-0.727,-1,425.000,-1,450.000,-1,350.000,350.000,300.000,275.000,950.000,-1,-1,-1,900.000,975.000,-1,-1,2,0,2,0,2,0,0,0,0,1,2,2,2,0,0,2,2
99,135.692,2407.317,72.288,12.130,0.977633,-0.210094,0.009672,0.209868,0.977517,0.020383,-0.013737,-0.017897,0.999745,0,0.88820,-0.48336,53.292,-0.967,-1,425.000,-1,450.000,-1,350.000,350.000,300.000,275.000,975.000,-1,-1,-1,875.000,950.000,-1,-1,2,0,2,0,2,0,0,0,0,1,2,2,2,0,0,2,2
100,187.946,2417.402,70.842,10.923,0.981794,-0.189461,0.013630,0.189153,0.981720,0.021133,-0.017385,-0.018170,0.999684,0,0.88697,-0.60336,53.218,-1.207,-1,425.000,-1,450.000,-1,350.000,350.000,300.000,275.000,950.000,-1,-1,-1,850.000,925.000,-1,-1,2,0,2,0,2,0,0,0,0,1,2,2,2,0,0,2,2
101,240.387,2426.155,69.422,9.476,0.986202,-0.164613,0.017554,0.164223,0.986184,0.021741,-0.020891,-0.018558,0.999610,0,0.88609,-0.72336,53.166,-1.447,-1,425.000,-1,425.000,-1,350.000,350.000,300.000,275.000,925.000,-1,-1,-1,825.000,900.000,-1,-1,2,0,2,0,2,0,0,0,0,1,2,2,2,0,0,2,2
102,293.034,2433.358,68.033,7.790,0.990543,-0.135513,0.021447,0.135039,0.990592,0.022182,-0.024251,-0.019076,0.999524,0,0.88563,-0.84336,53.138,-1.687,-1,400.000,-1,425.000,-1,325.000,350.000,300.000,275.000,900.000,-1,-1,-1,800.000,875.000,-1,-1,2,0,2,0,2,0,0,0,0,1,2,2,2,0,0,2,2
103,345.875,2438.995,66.678,6.089,0.994038,-0.106047,0.025335,0.105490,0.994168,0.022425,-0.027565,-0.019619,0.999427,0,0.88567,-0.85051,53.140,-1.701,-1,400.000,-1,425.000,-1,325.000,350.000,275.000,275.000,925.000,-1,-1,-1,775.000,850.000,-1,-1,2,0,2,0,2,0,0,0,0,1,2,2,2,0,0,2,2
104,398.906,2443.053,65.358,4.376,0.996658,-0.076289,0.029216,0.075647,0.996881,0.022480,-0.030840,-0.020195,0.999320,0,0.88642,-0.85625,53.185,-1.712,-1,400.000,-1,425.000,-1,325.000,325.000,300.000,275.000,950.000,-1,-1,-1,775.000,825.000,-1,-1,2,0,2,0,2,0,0,0,0,1,2,2,2,0,0,2,2
105,452.122,2445.518,64.072,2.652,0.998382,-0.046252,0.033091,0.045526,0.998713,0.022357,-0.034082,-0.020814,0.999202,0,0.88788,-0.86232,53.273,-1.725,-1,400.000,-1,400.000,-1,325.000,325.000,300.000,275.000,1000.000,-1,-1,-1,750.000,800.000,-1,-1,2,0,2,0,2,0,0,0,0,1,2,2,2,0,0,2,2
106,505.516,2446.370,62.823,0.914,0.999189,-0.015951,0.036961,0.015142,0.999642,0.022064,-0.037300,-0.021486,0.999073,0,0.89000,-0.86870,53.400,-1.737,-1,400.000,-1,400.000,-1,325.000,325.000,300.000,275.000,-1,-1,-1,-1,725.000,775.000,-1,-1,2,0,2,0,2,0,0,0,0,2,2,2,2,0,0,2,2
107,559.077,2445.589,61.610,-0.837,0.999059,0.014597,0.040830,-0.015489,0.999647,0.021608,-0.040500,-0.022220,0.998932,0,0.89278,-0.87537,53.567,-1.751,-1,375.000,-1,400.000,-1,325.000,325.000,300.000,300.000,-1,-1,-1,-1,725.000,750.000,-1,-1,2,0,2,0,2,0,0,0,0,2,2,2,2,0,0,2,2
108,612.792,2443.149,60.435,-2.601,0.997970,0.045372,0.044699,-0.046346,0.998705,0.020996,-0.043689,-0.023025,0.998780,0,0.89616,-0.88232,53.769,-1.765,-1,375.000,-1,400.000,-1,325.000,325.000,300.000,300.000,-1,-1,-1,-1,700.000,750.000,-1,-1,2,0,2,0,2,0,0,0,0,2,2,2,2,0,0,2,2
109,666.641,2439.025,58.979,-4.380,0.995973,0.076351,0.046989,-0.077429,0.996765,0.021553,-0.045191,-0.025104,0.998663,0,0.90011,-0.88953,54.007,-1.779,-1,375.000,-1,375.000,-1,325.000,325.000,300.000,300.000,-1,-1,-1,-1,700.000,725.000,-1,-1,2,0,2,0,2,0,0,0,0,2,2,2,2,0,0,2,2
110,720.603,2433.187,56.902,-6.174,0.993151,0.107517,0.045740,-0.108554,0.993872,0.020824,-0.043221,-0.025646,0.998736,0,0.90460,-0.89698,54.276,-1.794,-1,375.000,-1,400.000,-1,325.000,325.000,300.000,300.000,-1,-1,-1,-1,700.000,725.000,-1,-1,2,0,2,0,2,0,0,0,0,2,2,2,2,0,0,2,2
111,774.649,2425.608,54.890,-7.984,0.989318,0.138841,0.044415,-0.139846,0.989964,0.020378,-0.041140,-0.026371,0.998805,0,0.90959,-0.90467,54.576,-1.809,-1,375.000,-1,400.000,-1,325.000,325.000,300.000,300.000,-1,-1,-1,-1,700.000,725.000,-1,-1,2,0,2,0,2,0,0,0,0,2,2,2,2,0,0,2,2
112,828.749,2416.255,52.898,-9.809,0.984448,0.170297,0.043142,-0.171275,0.985019,0.020049,-0.039082,-0.027126,0.998868,0,0.91504,-0.91258,54.902,-1.825,-1,375.000,-1,400.000,-1,325.000,325.000,300.000,300.000,-1,-1,-1,-1,700.000,725.000,-1,-1,2,0,2,0,2,0,0,0,0,2,2,2,2,0,0,2,2
113,882.865,2405.097,50.923,-11.650,0.978517,0.201856,0.041936,-0.202810,0.979017,0.019842,-0.037051,-0.027921,0.998923,0,0.92090,-0.92070,55.254,-1.841,-1,375.000,-1,400.000,-1,325.000,325.000,300.000,300.000,-1,-1,-1,-1,700.000,750.000,-1,-1,2,0,2,0,2,0,0,0,0,2,2,2,2,0,0,2,2
114,936.809,2392.145,48.970,-13.502,0.971530,0.233375,0.040814,-0.234308,0.971961,0.019761,-0.035058,-0.028762,0.998971,0,0.92462,-0.92569,55.477,-1.851,-1,400.000,-1,400.000,-1,325.000,325.000,300.000,300.000,-1,-1,-1,-1,700.000,750.000,-1,-1,2,0,2,0,2,0,0,0,0,2,2,2,2,0,0,2,2
115,990.306,2377.457,47.046,-15.353,0.963524,0.264647,0.039794,-0.265566,0.963889,0.019809,-0.033115,-0.029654,0.999012,0,0.92462,-0.92569,55.477,-1.851,-1,400.000,-1,400.000,-1,325.000,325.000,300.000,300.000,-1,-1,-1,-1,675.000,750.000,-1,-1,2,0,2,0,2,0,0,0,0,2,2,2,2,0,0,2,2
116,1043.301,2361.048,45.149,-17.204,0.954507,0.295641,0.038890,-0.296549,0.954809,0.019984,-0.031225,-0.030608,0.999044,0,0.92462,-0.92569,55.477,-1.851,-1,375.000,-1,400.000,-1,325.000,325.000,300.000,300.000,-1,-1,-1,-1,675.000,750.000,-1,-1,2,0,2,0,2,0,0,0,0,2,2,2,2,0,0,2,2
117,1095.738,2342.936,43.279,-19.056,0.944489,0.326323,0.038117,-0.327225,0.944729,0.020285,-0.029391,-0.031632,0.999067,0,0.92462,-0.92569,55.477,-1.851,-1,375.000,-1,400.000,-1,325.000,325.000,300.000,300.000,-1,-1,-1,-1,675.000,750.000,-1,-1,2,0,2,0,2,0,0,0,0,2,2,2,2,0,0,2,2
118,1147.563,2323.139,41.434,-20.907,0.933481,0.356662,0.037487,-0.357562,0.933660,0.020710,-0.027614,-0.032736,0.999082,0,0.92462,-0.92569,55.477,-1.851,-1,375.000,-1,400.000,-1,325.000,325.000,300.000,300.000,-1,-1,-1,-1,675.000,775.000,-1,-1,2,0,2,0,2,0,0,0,0,2,2,2,2,0,0,2,2
119,1198.721,2301.678,39.705,-22.758,0.921487,0.386629,0.037143,-0.387525,0.921624,0.020803,-0.026189,-0.033564,0.999093,0,0.92462,-0.92569,55.477,-1.851,-1,375.000,-1,400.000,-1,325.000,325.000,300.000,300.000,-1,-1,-1,-1,675.000,775.000,-1,-1,2,0,2,0,2,0,0,0,0,2,2,2,2,0,0,2,2
120,1244.740,2280.454,38.370,-24.758,0.907448,0.418556,0.036731,-0.419425,0.907567,0.020112,-0.024917,-0.033657,0.999123,0,0.84462,-1.00000,50.677,-2.000,-1,375.000,-1,400.000,-1,325.000,325.000,300.000,300.000,-1,-1,-1,-1,675.000,775.000,-1,-1,2,0,2,0,2,0,0,0,0,2,2,2,2,0,0,2,2
121,1289.216,2258.028,37.326,-26.758,0.892338,0.449987,0.035268,-0.450785,0.892430,0.019013,-0.022918,-0.032865,0.999197,0,0.83016,-1.00000,49.810,-2.000,-1,375.000,-1,400.000,-1,325.000,325.000,300.000,300.000,-1,-1,-1,-1,700.000,775.000,-1,-1,2,0,2,0,2,0,0,0,0,2,2,2,2,0,0,2,2
122,1332.881,2234.063,36.314,-28.758,0.876138,0.480869,0.033859,-0.481604,0.876202,0.018091,-0.020968,-0.032157,0.999263,0,0.83016,-1.00000,49.810,-2.000,-1,375.000,-1,400.000,-1,325.000,325.000,300.000,300.000,-1,-1,-1,-1,700.000,775.000,-1,-1,2,0,2,0,2,0,0,0,0,2,2,2,2,0,0,2,2
123,1375.684,2208.589,35.392,-30.758,0.858875,0.511169,0.032243,-0.511837,0.858910,0.017238,-0.018882,-0.031308,0.999331,0,0.83016,-1.00000,49.810,-2.000,-1,375.000,-1,400.000,-1,325.000,325.000,300.000,275.000,-1,-1,-1,-1,725.000,775.000,-1,-1,2,0,2,0,2,0,0,0,0,2,2,2,2,0,0,2,2
124,1417.572,2181.637,34.637,-32.758,0.840550,0.540841,0.031086,-0.541463,0.840558,0.016701,-0.017097,-0.030870,0.999377,0,0.83016,-1.00000,49.810,-2.000,-1,375.000,-1,400.000,-1,325.000,325.000,300.000,275.000,-1,-1,-1,-1,725.000,800.000,-1,-1,2,0,2,0,2,0,0,0,0,2,2,2,2,0,0,2,2
125,1458.494,2153.239,33.899,-34.758,0.821191,0.569848,0.030290,-0.570442,0.821175,0.016397,-0.015529,-0.030744,0.999407,0,0.83016,-1.00000,49.810,-2.000,-1,400.000,-1,400.000,-1,325.000,325.000,300.000,275.000,-1,-1,-1,-1,750.000,800.000,-1,-1,2,0,2,0,2,0,0,0,0,2,2,2,2,0,0,2,2
126,1498.400,2123.430,33.145,-36.758,0.800826,0.598158,0.029731,-0.598731,0.800785,0.016255,-0.014086,-0.030818,0.999426,0,0.83016,-1.00000,49.810,-2.000,-1,400.000,-1,400.000,-1,325.000,325.000,300.000,275.000,-1,-1,-1,-1,750.000,800.000,-1,-1,2,0,2,0,2,0,0,0,0,2,2,2,2,0,0,2,2
127,1537.242,2092.247,32.376,-38.758,0.779480,0.625736,0.029418,-0.626297,0.779415,0.016251,-0.012760,-0.031092,0.999435,0,0.83016,-1.00000,49.810,-2.000,-1,400.000,-1,400.000,-1,325.000,325.000,300.000,275.000,-1,-1,-1,-1,750.000,800.000,-1,-1,2,0,2,0,2,0,0,0,0,2,2,2,2,0,0,2,2
128,1574.971,2059.728,31.683,-40.758,0.757186,0.652539,0.029372,-0.653103,0.757083,0.016800,-0.011274,-0.031903,0.999427,0,0.83016,-1.00000,49.810,-2.000,-1,400.000,-1,400.000,-1,325.000,325.000,300.000,275.000,-1,-1,-1,-1,775.000,800.000,-1,-1,2,0,2,0,2,0,0,0,0,2,2,2,2,0,0,2,2
129,1611.543,2025.912,30.999,-42.758,0.733967,0.678539,0.029615,-0.679114,0.733823,0.017545,-0.009827,-0.032990,0.999407,0,0.83016,-1.00000,49.810,-2.000,-1,400.000,-1,400.000,-1,325.000,325.000,275.000,275.000,-1,-1,-1,-1,775.000,825.000,-1,-1,2,0,2,0,2,0,0,0,0,2,2,2,2,0,0,2,2
130,1646.912,1990.840,30.332,-44.758,0.709853,0.703703,0.030162,-0.704300,0.709662,0.018499,-0.008388,-0.034375,0.999374,0,0.83016,-1.00000,49.810,-2.000,-1,400.000,-1,400.000,-1,325.000,325.000,275.000,300.000,-1,-1,-1,-1,775.000,825.000,-1,-1,2,0,2,0,2,0,0,0,0,2,2,2,2,0,0,2,2
131,1681.036,1954.555,29.775,-46.758,0.684864,0.728015,0.030908,-0.728633,0.684646,0.018814,-0.007464,-0.035405,0.999345,0,0.83016,-1.00000,49.810,-2.000,-1,400.000,-1,400.000,-1,325.000,325.000,275.000,300.000,-1,-1,-1,-1,775.000,825.000,-1,-1,2,0,2,0,2,0,0,0,0,2,2,2,2,0,0,2,2
132,1713.873,1917.101,29.404,-48.758,0.659021,0.751456,0.031706,-0.752089,0.658813,0.018098,-0.007289,-0.035772,0.999333,0,0.83016,-1.00000,49.810,-2.000,-1,400.000,-1,400.000,-1,325.000,325.000,275.000,300.000,-1,-1,-1,-1,775.000,800.000,-1,-1,2,0,2,0,2,0,0,0,0,2,2,2,2,0,0,2,2
133,1745.383,1878.524,29.023,-50.758,0.632372,0.773976,0.032657,-0.774631,0.632175,0.017369,-0.007202,-0.036280,0.999316,0,0.83016,-1.00000,49.810,-2.000,-1,400.000,-1,400.000,-1,325.000,325.000,275.000,300.000,-1,-1,-1,-1,775.000,800.000,-1,-1,2,0,2,0,2,0,0,0,0,2,2,2,2,0,0,2,2
134,1775.527,1838.871,28.737,-52.758,0.604941,0.795561,0.033617,-0.796235,0.604773,0.016100,-0.007522,-0.036507,0.999305,0,0.83016,-1.00000,49.810,-2.000,-1,400.000,-1,400.000,-1,325.000,325.000,275.000,300.000,-1,-1,-1,-1,775.000,775.000,-1,-1,2,0,2,0,2,0,0,0,0,2,2,2,2,0,0,2,2
135,1804.268,1798.190,28.417,-54.758,0.576771,0.816168,0.034712,-0.816868,0.576630,0.014961,-0.007805,-0.036985,0.999285,0,0.83016,-1.00000,49.810,-2.000,-1,400.000,-1,400.000,-1,325.000,325.000,275.000,300.000,-1,-1,-1,-1,775.000,775.000,-1,-1,2,0,2,0,2,0,0,0,0,2,2,2,2,0,0,2,2
136,1831.573,1756.531,28.086,-56.758,0.547902,0.835775,0.035828,-0.836505,0.547782,0.013975,-0.007946,-0.037627,0.999260,0,0.83016,-1.00000,49.810,-2.000,-1,400.000,-1,400.000,-1,325.000,325.000,275.000,300.000,-1,-1,-1,-1,775.000,750.000,-1,-1,2,0,2,0,2,0,0,0,0,2,2,2,2,0,0,2,2
