timestep,x_cm,y_cm,z_cm,yaw_deg,basis_xx,basis_xy,basis_xz,basis_yx,basis_yy,basis_yz,basis_zx,basis_zy,basis_zz,teleport_flag,throttle_cmd,steering_cmd,cmd_move_cm,cmd_turn_deg,lidar_cm_0,lidar_cm_1,lidar_cm_2,lidar_cm_3,lidar_cm_4,lidar_cm_5,lidar_cm_6,lidar_cm_7,lidar_cm_8,lidar_cm_9,lidar_cm_10,lidar_cm_11,lidar_cm_12,lidar_cm_13,lidar_cm_14,lidar_cm_15,lidar_cm_16,lidar_class_0,lidar_class_1,lidar_class_2,lidar_class_3,lidar_class_4,lidar_class_5,lidar_class_6,lidar_class_7,lidar_class_8,lidar_class_9,lidar_class_10,lidar_class_11,lidar_class_12,lidar_class_13,lidar_class_14,lidar_class_15,lidar_class_16
0,983.900,1639.830,171.028,-94.565,-0.079698,0.996742,-0.012379,-0.996783,-0.079584,0.009447,0.008431,0.013092,0.999879,1,0.00000,0.00000,4.800,-0.240,-1,425.000,-1,375.000,-1,325.000,325.000,300.000,300.000,-1,-1,-1,-1,1000.000,750.000,-1,-1,2,0,2,0,2,0,0,0,0,2,2,2,2,0,0,2,2
1,983.538,1635.044,171.069,-94.325,-0.075520,0.997069,-0.012252,-0.997109,-0.075408,0.009299,0.008347,0.012919,0.999882,0,0.08000,0.12000,4.800,0.240,-1,425.000,-1,375.000,-1,325.000,325.000,300.000,300.000,-1,-1,-1,-1,1000.000,750.000,-1,-1,2,0,2,0,2,0,0,0,0,2,2,2,2,0,0,2,2
2,982.894,1625.466,171.152,-93.845,-0.067159,0.997670,-0.011995,-0.997709,-0.067053,0.008999,0.008174,0.012572,0.999888,0,0.16000,0.24000,9.600,0.480,-1,425.000,-1,375.000,-1,325.000,325.000,300.000,300.000,-1,-1,-1,-1,1000.000,750.000,-1,-1,2,0,2,0,2,0,0,0,0,2,2,2,2,0,0,2,2
3,982.109,1611.087,171.278,-93.125,-0.054609,0.998440,-0.011601,-0.998477,-0.054511,0.008546,0.007900,0.012050,0.999896,0,0.24000,0.36000,14.400,0.720,-1,425.000,-1,375.000,-1,325.000,325.000,300.000,300.000,-1,-1,-1,-1,1000.000,750.000,-1,-1,2,0,2,0,2,0,0,0,0,2,2,2,2,0,0,2,2
4,981.381,1591.901,171.450,-92.172,-0.037977,0.999217,-0.011059,-0.999250,-0.037890,0.007933,0.007507,0.011352,0.999907,0,0.32000,0.47672,19.200,0.953,-1,425.000,-1,375.000,-1,325.000,325.000,300.000,300.000,-1,-1,-1,-1,1000.000,750.000,-1,-1,2,0,2,0,2,0,0,0,0,2,2,2,2,0,0,2,2
5,980.871,1567.906,171.672,-91.218,-0.021332,0.999719,-0.010370,-0.999749,-0.021258,0.007137,0.006915,0.010520,0.999921,0,0.40000,0.47672,24.000,0.953,-1,425.000,-1,400.000,-1,325.000,325.000,300.000,300.000,-1,-1,-1,-1,-1,750.000,-1,-1,2,0,2,0,2,0,0,0,0,2,2,2,2,2,0,2,2
6,980.737,1539.107,171.944,-90.265,-0.004679,0.999944,-0.009524,-0.999970,-0.004620,0.006155,0.006111,0.009552,0.999936,0,0.48000,0.47672,28.800,0.953,-1,425.000,-1,400.000,-1,325.000,325.000,300.000,300.000,-1,-1,-1,-1,-1,750.000,-1,-1,2,0,2,0,2,0,0,0,0,2,2,2,2,2,0,2,2
7,981.141,1505.509,172.267,-89.311,0.011977,0.999892,-0.008511,-0.999915,0.012019,0.004979,0.005080,0.008450,0.999951,0,0.56000,0.47672,33.600,0.953,-1,425.000,-1,400.000,-1,325.000,325.000,300.000,300.000,-1,-1,-1,-1,-1,775.000,-1,-1,2,0,2,0,2,0,0,0,0,2,2,2,2,2,0,2,2
8,982.241,1467.125,172.638,-88.358,0.028629,0.999563,-0.007321,-0.999583,0.028656,0.003600,0.003808,0.007215,0.999967,0,0.64000,0.47672,38.400,0.953,-1,425.000,-1,400.000,-1,325.000,325.000,300.000,300.000,-1,-1,-1,-1,-1,775.000,-1,-1,2,0,2,0,2,0,0,0,0,2,2,2,2,2,0,2,2
9,984.198,1423.969,173.054,-87.404,0.045273,0.998957,-0.005946,-0.998972,0.045285,0.002008,0.002275,0.005849,0.999980,0,0.72000,0.47672,43.200,0.953,-1,425.000,-1,400.000,-1,325.000,325.000,300.000,300.000,-1,-1,-1,-1,-1,775.000,-1,-1,2,0,2,0,2,0,0,0,0,2,2,2,2,2,0,2,2
10,987.169,1376.061,173.510,-86.451,0.061900,0.998073,-0.004374,-0.998082,0.061902,0.000190,0.000460,0.004354,0.999990,0,0.80000,0.47672,48.000,0.953,-1,425.000,-1,400.000,-1,350.000,325.000,300.000,300.000,-1,-1,-1,-1,-1,775.000,-1,-1,2,0,2,0,2,0,0,0,0,2,2,2,2,2,0,2,2
11,991.109,1326.018,173.917,-85.498,0.078506,0.996909,-0.002896,-0.996913,0.078501,-0.001649,-0.001417,0.003016,0.999994,0,0.83664,0.47672,50.199,0.953,-1,450.000,-1,400.000,-1,350.000,325.000,300.000,300.000,-1,-1,-1,-1,-1,800.000,-1,-1,2,0,2,0,2,0,0,0,0,2,2,2,2,2,0,2,2
12,995.882,1276.046,173.686,-84.544,0.095088,0.995466,-0.002225,-0.995463,0.095079,-0.003678,-0.003450,0.002565,0.999991,0,0.83664,0.47672,50.199,0.953,-1,450.000,-1,400.000,-1,350.000,325.000,300.000,300.000,-1,-1,-1,-1,-1,800.000,-1,-1,2,0,2,0,2,0,0,0,0,2,2,2,2,2,0,2,2
13,1001.486,1226.148,173.010,-83.592,0.111604,0.993753,0.000214,-0.993737,0.111603,-0.005651,-0.005640,0.000418,0.999984,0,0.83686,0.47593,50.212,0.952,-1,450.000,-1,400.000,-1,350.000,325.000,300.000,300.000,-1,-1,-1,-1,-1,825.000,-1,-1,2,0,2,0,2,0,0,0,0,2,2,2,2,2,0,2,2
14,1007.918,1176.312,172.304,-82.646,0.127989,0.991772,0.002702,-0.991744,0.128007,-0.007663,-0.007946,-0.001699,0.999967,0,0.83749,0.47334,50.249,0.947,-1,450.000,-1,400.000,-1,350.000,325.000,300.000,300.000,-1,-1,-1,-1,-1,825.000,-1,-1,2,0,2,0,2,0,0,0,0,2,2,2,2,2,0,2,2
15,1014.467,1131.337,171.634,-81.716,0.144036,0.989560,0.004979,-0.989521,0.144078,-0.009516,-0.010134,-0.003556,0.999942,0,0.75749,0.46476,45.449,0.930,-1,425.000,-1,400.000,-1,350.000,325.000,300.000,300.000,-1,-1,-1,-1,-1,850.000,-1,-1,2,0,2,0,2,0,0,0,0,2,2,2,2,2,0,2,2
16,1020.973,1091.212,171.005,-80.790,0.159977,0.987096,0.007036,-0.987045,0.160049,-0.011202,-0.012183,-0.005153,0.999913,0,0.67749,0.46296,40.649,0.926,-1,425.000,-1,400.000,-1,350.000,325.000,300.000,300.000,-1,-1,-1,-1,-1,850.000,-1,-1,2,0,2,0,2,0,0,0,0,2,2,2,2,2,0,2,2
17,1027.280,1055.922,170.423,-79.867,0.175827,0.984381,0.008867,-0.984320,0.175931,-0.012714,-0.014076,-0.006493,0.999880,0,0.59749,0.46158,35.849,0.923,-1,425.000,-1,400.000,-1,350.000,325.000,300.000,300.000,-1,-1,-1,-1,-1,875.000,-1,-1,2,0,2,0,2,0,0,0,0,2,2,2,2,2,0,2,2
18,1033.234,1025.449,169.896,-78.946,0.191595,0.981418,0.010466,-0.981347,0.191731,-0.014046,-0.015791,-0.007580,0.999847,0,0.51749,0.46055,31.049,0.921,-1,425.000,-1,400.000,-1,350.000,325.000,300.000,300.000,-1,-1,-1,-1,-1,875.000,-1,-1,2,0,2,0,2,0,0,0,0,2,2,2,2,2,0,2,2
19,1038.679,999.771,169.430,-78.026,0.207290,0.978208,0.011828,-0.978126,0.207456,-0.015189,-0.017312,-0.008420,0.999815,0,0.43749,0.45981,26.249,0.920,-1,425.000,-1,400.000,-1,350.000,325.000,300.000,300.000,-1,-1,-1,-1,-1,875.000,-1,-1,2,0,2,0,2,0,0,0,0,2,2,2,2,2,0,2,2
20,1043.465,978.862,169.033,-77.108,0.222918,0.974751,0.012947,-0.974659,0.223111,-0.016138,-0.018619,-0.009021,0.999786,0,0.35749,0.45931,21.449,0.919,-1,425.000,-1,400.000,-1,350.000,325.000,300.000,300.000,-1,-1,-1,-1,-1,900.000,-1,-1,2,0,2,0,2,0,0,0,0,2,2,2,2,2,0,2,2
21,1047.440,962.694,168.713,-76.190,0.238483,0.971048,0.013819,-0.970947,0.238699,-0.016886,-0.019696,-0.009390,0.999762,0,0.27749,0.45900,16.649,0.918,-1,425.000,-1,400.000,-1,350.000,325.000,300.000,300.000,-1,-1,-1,-1,-1,900.000,-1,-1,2,0,2,0,2,0,0,0,0,2,2,2,2,2,0,2,2
22,1050.452,951.234,168.476,-75.272,0.253988,0.967100,0.014439,-0.966990,0.254219,-0.017428,-0.020525,-0.009536,0.999744,0,0.19749,0.45882,11.849,0.918,-1,425.000,-1,400.000,-1,350.000,325.000,300.000,300.000,-1,-1,-1,-1,-1,900.000,-1,-1,2,0,2,0,2,0,0,0,0,2,2,2,2,2,0,2,2
23,1052.353,944.446,168.328,-74.355,0.269432,0.962906,0.014803,-0.962788,0.269672,-0.017757,-0.021090,-0.009468,0.999733,0,0.11749,0.45874,7.049,0.917,-1,425.000,-1,400.000,-1,350.000,325.000,300.000,300.000,-1,-1,-1,-1,-1,925.000,-1,-1,2,0,2,0,2,0,0,0,0,2,2,2,2,2,0,2,2
24,1052.995,942.290,168.273,-73.437,0.284815,0.958467,0.014906,-0.958344,0.285056,-0.017869,-0.021376,-0.009195,0.999729,0,0.03749,0.45871,2.249,0.917,-1,425.000,-1,400.000,-1,350.000,325.000,300.000,300.000,-1,-1,-1,-1,-1,925.000,-1,-1,2,0,2,0,2,0,0,0,0,2,2,2,2,2,0,2,2
25,1052.228,944.723,168.315,-72.520,0.300132,0.953784,0.014742,-0.953658,0.300367,-0.017761,-0.021368,-0.008728,0.999734,0,-0.04251,0.45871,-2.551,0.917,-1,425.000,-1,400.000,-1,350.000,325.000,300.000,275.000,-1,-1,-1,-1,-1,925.000,-1,-1,2,0,2,0,2,0,0,0,0,2,2,2,2,2,0,2,2
26,1049.908,951.698,168.452,-71.602,0.315381,0.948857,0.014306,-0.948732,0.315602,-0.017429,-0.021052,-0.008075,0.999746,0,-0.12251,0.45871,-7.351,0.917,-1,425.000,-1,425.000,-1,350.000,325.000,300.000,275.000,-1,-1,-1,-1,-1,925.000,-1,-1,2,0,2,0,2,0,0,0,0,2,2,2,2,2,0,2,2
27,1045.889,963.165,168.685,-70.685,0.330555,0.943689,0.013592,-0.943566,0.330755,-0.016871,-0.020416,-0.007248,0.999765,0,-0.20251,0.45868,-12.151,0.917,-1,425.000,-1,425.000,-1,350.000,325.000,300.000,275.000,-1,-1,-1,-1,-1,925.000,-1,-1,2,0,2,0,2,0,0,0,0,2,2,2,2,2,0,2,2
28,1040.678,977.302,168.973,-69.768,0.345645,0.938279,0.012702,-0.938161,0.345821,-0.016174,-0.019569,-0.006326,0.999789,0,-0.25111,0.45861,-15.067,0.917,-1,425.000,-1,425.000,-1,350.000,325.000,300.000,275.000,-1,-1,-1,-1,-1,950.000,-1,-1,2,0,2,0,2,0,0,0,0,2,2,2,2,2,0,2,2
29,1035.240,991.359,169.257,-68.851,0.360642,0.932630,0.011800,-0.932517,0.360794,-0.015478,-0.018693,-0.005421,0.999811,0,-0.25120,0.45849,-15.072,0.917,-1,425.000,-1,425.000,-1,350.000,325.000,300.000,275.000,-1,-1,-1,-1,-1,950.000,-1,-1,2,0,2,0,2,0,0,0,0,2,2,2,2,2,0,2,2
30,1031.421,1000.894,169.449,-68.174,0.371653,0.928305,0.011176,-0.928196,0.371790,-0.015007,-0.018086,-0.004796,0.999825,0,-0.17120,0.33849,-10.272,0.677,-1,425.000,-1,425.000,-1,350.000,350.000,300.000,275.000,-1,-1,-1,-1,-1,950.000,-1,-1,2,0,2,0,2,0,0,0,0,2,2,2,2,2,0,2,2
31,1029.348,1005.958,169.550,-67.737,0.378730,0.925444,0.010836,-0.925337,0.378860,-0.014759,-0.017764,-0.004438,0.999832,0,-0.09120,0.21849,-5.472,0.437,-1,425.000,-1,425.000,-1,350.000,350.000,300.000,275.000,-1,-1,-1,-1,-1,950.000,-1,-1,2,0,2,0,2,0,0,0,0,2,2,2,2,2,0,2,2
32,1029.091,1006.579,169.563,-67.540,0.381911,0.924136,0.010787,-0.924029,0.382039,-0.014733,-0.017737,-0.004341,0.999833,0,-0.01120,0.09849,-0.672,0.197,-1,425.000,-1,425.000,-1,350.000,350.000,300.000,275.000,-1,-1,-1,-1,-1,950.000,-1,-1,2,0,2,0,2,0,0,0,0,2,2,2,2,2,0,2,2
33,1030.676,1002.767,169.487,-67.431,0.383654,0.923411,0.011020,-0.923301,0.383787,-0.014934,-0.018020,-0.004446,0.999828,0,0.06880,0.05420,4.128,0.108,-1,425.000,-1,425.000,-1,350.000,350.000,300.000,275.000,-1,-1,-1,-1,-1,950.000,-1,-1,2,0,2,0,2,0,0,0,0,2,2,2,2,2,0,2,2
34,1034.118,994.530,169.320,-67.323,0.385391,0.922681,0.011532,-0.922566,0.385534,-0.015366,-0.018624,-0.004717,0.999815,0,0.14880,0.05425,8.928,0.108,-1,425.000,-1,425.000,-1,350.000,350.000,300.000,275.000,-1,-1,-1,-1,-1,950.000,-1,-1,2,0,2,0,2,0,0,0,0,2,2,2,2,2,0,2,2
35,1039.435,981.873,169.058,-67.214,0.387122,0.921946,0.012320,-0.921821,0.387283,-0.016030,-0.019550,-0.005152,0.999796,0,0.22880,0.05436,13.728,0.109,-1,425.000,-1,425.000,-1,350.000,350.000,300.000,275.000,-1,-1,-1,-1,-1,950.000,-1,-1,2,0,2,0,2,0,0,0,0,2,2,2,2,2,0,2,2
36,1046.643,964.805,168.693,-67.105,0.388849,0.921204,0.013384,-0.921067,0.389037,-0.016928,-0.020801,-0.005745,0.999767,0,0.30880,0.05454,18.528,0.109,-1,425.000,-1,425.000,-1,350.000,325.000,300.000,275.000,-1,-1,-1,-1,-1,950.000,-1,-1,2,0,2,0,2,0,0,0,0,2,2,2,2,2,0,2,2
37,1055.760,943.332,168.216,-66.995,0.390573,0.920454,0.014721,-0.920300,0.390797,-0.018062,-0.022378,-0.006493,0.999728,0,0.38880,0.05481,23.328,0.110,-1,425.000,-1,425.000,-1,350.000,325.000,300.000,275.000,-1,-1,-1,-1,-1,950.000,-1,-1,2,0,2,0,2,0,0,0,0,2,2,2,2,2,0,2,2
38,1066.802,917.462,167.615,-66.885,0.392297,0.919694,0.016328,-0.919518,0.392567,-0.019437,-0.024286,-0.007389,0.999678,0,0.46880,0.05520,28.128,0.110,-1,425.000,-1,425.000,-1,350.000,325.000,275.000,275.000,-1,-1,-1,-1,-1,950.000,-1,-1,2,0,2,0,2,0,0,0,0,2,2,2,2,2,0,2,2
39,1079.788,887.202,166.875,-66.774,0.394022,0.918921,0.018201,-0.918718,0.394352,-0.021056,-0.026526,-0.008425,0.999613,0,0.54880,0.05573,32.928,0.111,-1,425.000,-1,425.000,-1,350.000,350.000,275.000,275.000,-1,-1,-1,-1,-1,975.000,-1,-1,2,0,2,0,2,0,0,0,0,2,2,2,2,2,0,2,2
40,1094.736,852.561,165.990,-66.661,0.395751,0.918132,0.020358,-0.917898,0.396157,-0.022881,-0.029073,-0.009631,0.999531,0,0.62880,0.05644,37.728,0.113,-1,425.000,-1,425.000,-1,350.000,350.000,275.000,300.000,-1,-1,-1,-1,1000.000,975.000,-1,-1,2,0,2,0,2,0,0,0,0,2,2,2,2,0,0,2,2
41,1111.068,814.918,164.972,-66.546,0.397492,0.917325,0.022699,-0.917053,0.397989,-0.024864,-0.031842,-0.010933,0.999433,0,0.68390,0.05736,41.034,0.115,-1,425.000,-1,425.000,-1,350.000,350.000,275.000,300.000,-1,-1,-1,-1,1000.000,975.000,-1,-1,2,0,2,0,2,0,0,0,0,2,2,2,2,0,0,2,2
42,1127.478,777.307,163.834,-66.429,0.399270,0.916499,0.024747,-0.916187,0.399857,-0.026770,-0.034431,-0.011985,0.999335,0,0.68391,0.05849,41.035,0.117,-1,425.000,-1,425.000,-1,350.000,350.000,275.000,300.000,-1,-1,-1,-1,975.000,975.000,-1,-1,2,0,2,0,2,0,0,0,0,2,2,2,2,0,0,2,2
43,1141.896,744.064,162.655,-66.552,0.397236,0.917349,0.025953,-0.916999,0.397885,-0.028305,-0.036292,-0.012555,0.999262,0,0.60391,-0.06151,36.235,-0.123,-1,425.000,-1,425.000,-1,350.000,350.000,275.000,300.000,-1,-1,-1,-1,975.000,1000.000,-1,-1,2,0,2,0,2,0,0,0,0,2,2,2,2,0,0,2,2
44,1154.222,715.146,161.538,-66.915,0.391358,0.919847,0.026843,-0.919452,0.392063,-0.029929,-0.038055,-0.012968,0.999192,0,0.52391,-0.18151,31.435,-0.363,-1,425.000,-1,425.000,-1,350.000,350.000,300.000,300.000,-1,-1,-1,-1,975.000,975.000,-1,-1,2,0,2,0,2,0,0,0,0,2,2,2,2,0,0,2,2
45,1164.407,690.536,160.435,-67.518,0.381608,0.923922,0.027253,-0.923462,0.382360,-0.031911,-0.039904,-0.012990,0.999119,0,0.44391,-0.30151,26.635,-0.603,-1,425.000,-1,425.000,-1,350.000,350.000,300.000,275.000,-1,-1,-1,-1,975.000,975.000,-1,-1,2,0,2,0,2,0,0,0,0,2,2,2,2,0,0,2,2
46,1172.459,670.240,159.535,-68.361,0.367931,0.929444,0.027569,-0.928935,0.368723,-0.033511,-0.041312,-0.013280,0.999058,0,0.36391,-0.42151,21.835,-0.843,-1,425.000,-1,425.000,-1,350.000,350.000,300.000,275.000,-1,-1,-1,-1,950.000,975.000,-1,-1,2,0,2,0,2,0,0,0,0,2,2,2,2,0,0,2,2
47,1178.440,654.289,158.849,-69.444,0.350259,0.936241,0.027787,-0.935698,0.351087,-0.034734,-0.042275,-0.013834,0.999010,0,0.28391,-0.54151,17.035,-1.083,-1,425.000,-1,425.000,-1,350.000,350.000,300.000,275.000,-1,-1,-1,-1,950.000,950.000,-1,-1,2,0,2,0,2,0,0,0,0,2,2,2,2,0,0,2,2
48,1182.471,642.737,158.385,-70.767,0.328515,0.944086,0.027912,-0.943529,0.329373,-0.035585,-0.042788,-0.014646,0.998977,0,0.20391,-0.66151,12.235,-1.323,-1,425.000,-1,425.000,-1,350.000,350.000,300.000,275.000,-1,-1,-1,-1,975.000,950.000,-1,-1,2,0,2,0,2,0,0,0,0,2,2,2,2,0,0,2,2
49,1184.728,635.653,158.147,-72.330,0.302611,0.952704,0.027958,-0.952150,0.303494,-0.036071,-0.042850,-0.015705,0.998958,0,0.12391,-0.78151,7.435,-1.563,-1,425.000,-1,425.000,-1,350.000,350.000,300.000,275.000,-1,-1,-1,-1,975.000,950.000,-1,-1,2,0,2,0,2,0,0,0,0,2,2,2,2,0,0,2,2
50,1185.448,633.119,158.140,-74.133,0.272461,0.961761,0.027949,-0.961230,0.273363,-0.036202,-0.042458,-0.017002,0.998954,0,0.04391,-0.90151,2.635,-1.803,-1,425.000,-1,425.000,-1,350.000,350.000,300.000,275.000,-1,-1,-1,-1,975.000,925.000,-1,-1,2,0,2,0,2,0,0,0,0,2,2,2,2,0,0,2,2
51,1184.930,635.221,158.361,-76.133,0.238710,0.970689,0.027916,-0.970198,0.239625,-0.035997,-0.041632,-0.018491,0.998962,0,-0.03609,-1.00000,-2.165,-2.000,-1,425.000,-1,425.000,-1,350.000,350.000,300.000,275.000,-1,-1,-1,-1,1000.000,925.000,-1,-1,2,0,2,0,2,0,0,0,0,2,2,2,2,0,0,2,2
52,1183.498,642.038,158.792,-78.133,0.204676,0.978432,0.027899,-0.977993,0.205596,-0.035486,-0.040456,-0.020022,0.998981,0,-0.11609,-1.00000,-6.965,-2.000,-1,425.000,-1,425.000,-1,350.000,350.000,300.000,300.000,-1,-1,-1,-1,1000.000,925.000,-1,-1,2,0,2,0,2,0,0,0,0,2,2,2,2,0,0,2,2
53,1182.155,649.758,159.264,-80.133,0.170394,0.984980,0.027929,-0.984596,0.171319,-0.034938,-0.039198,-0.021546,0.998999,0,-0.13060,-1.00000,-7.836,-2.000,-1,450.000,-1,425.000,-1,350.000,350.000,300.000,300.000,-1,-1,-1,-1,1000.000,900.000,-1,-1,2,0,2,0,2,0,0,0,0,2,2,2,2,0,0,2,2
54,1181.084,657.518,159.743,-82.133,0.135906,0.990326,0.028015,-0.989996,0.136834,-0.034413,-0.037913,-0.023058,0.999015,0,-0.13055,-1.00000,-7.833,-2.000,-1,450.000,-1,425.000,-1,350.000,350.000,300.000,300.000,-1,-1,-1,-1,1000.000,900.000,-1,-1,2,0,2,0,2,0,0,0,0,2,2,2,2,0,0,2,2
55,1180.284,665.307,160.239,-84.133,0.101253,0.994461,0.028196,-0.994188,0.102185,-0.033874,-0.036568,-0.024602,0.999028,0,-0.13050,-1.00000,-7.830,-2.000,-1,450.000,-1,425.000,-1,350.000,350.000,300.000,300.000,-1,-1,-1,-1,-1,875.000,-1,-1,2,0,2,0,2,0,0,0,0,2,2,2,2,2,0,2,2
56,1180.067,668.329,160.528,-85.893,0.070651,0.997098,0.028367,-0.996867,0.071592,-0.033640,-0.035574,-0.025901,0.999031,0,-0.05050,-0.88000,-3.030,-1.760,-1,450.000,-1,400.000,-1,350.000,350.000,300.000,300.000,-1,-1,-1,-1,-1,875.000,-1,-1,2,0,2,0,2,0,0,0,0,2,2,2,2,2,0,2,2
57,1180.147,666.561,160.586,-87.413,0.044166,0.998621,0.028395,-0.998411,0.045117,-0.033761,-0.034995,-0.026859,0.999026,0,0.02950,-0.76000,1.770,-1.520,-1,450.000,-1,400.000,-1,350.000,325.000,300.000,300.000,-1,-1,-1,-1,-1,875.000,-1,-1,2,0,2,0,2,0,0,0,0,2,2,2,2,2,0,2,2
58,1180.297,659.993,160.483,-88.693,0.021832,0.999356,0.028492,-0.999162,0.022797,-0.033996,-0.034624,-0.027726,0.999016,0,0.10950,-0.64000,6.570,-1.280,-1,450.000,-1,400.000,-1,350.000,325.000,300.000,300.000,-1,-1,-1,-1,-1,850.000,-1,-1,2,0,2,0,2,0,0,0,0,2,2,2,2,2,0,2,2
59,1180.351,648.623,160.085,-89.733,0.003666,0.999576,0.028895,-0.999403,0.004655,-0.034243,-0.034363,-0.028752,0.998996,0,0.18950,-0.52000,11.370,-1.040,-1,450.000,-1,400.000,-1,350.000,325.000,300.000,300.000,-1,-1,-1,-1,-1,850.000,-1,-1,2,0,2,0,2,0,0,0,0,2,2,2,2,2,0,2,2
60,1180.201,632.454,159.350,-90.533,-0.010340,0.999507,0.029661,-0.999346,-0.009302,-0.034944,-0.034651,-0.030003,0.998949,0,0.26950,-0.40000,16.170,-0.800,-1,425.000,-1,400.000,-1,350.000,325.000,300.000,300.000,-1,-1,-1,-1,-1,850.000,-1,-1,2,0,2,0,2,0,0,0,0,2,2,2,2,2,0,2,2
61,1179.801,611.488,158.376,-91.093,-0.020167,0.999331,0.030494,-0.999175,-0.019069,-0.035866,-0.035260,-0.031192,0.998891,0,0.34950,-0.28000,20.970,-0.560,-1,425.000,-1,400.000,-1,350.000,325.000,300.000,300.000,-1,-1,-1,-1,1000.000,850.000,-1,-1,2,0,2,0,2,0,0,0,0,2,2,2,2,0,0,2,2
62,1179.166,585.726,157.163,-91.413,-0.025816,0.999174,0.031398,-0.999011,-0.024649,-0.037006,-0.036201,-0.032322,0.998822,0,0.42950,-0.16000,25.770,-0.320,-1,425.000,-1,400.000,-1,350.000,325.000,300.000,300.000,-1,-1,-1,-1,1000.000,850.000,-1,-1,2,0,2,0,2,0,0,0,0,2,2,2,2,0,0,2,2
63,1178.371,555.166,155.711,-91.493,-0.027292,0.999103,0.032383,-0.998924,-0.026044,-0.038369,-0.037491,-0.033395,0.998739,0,0.50950,-0.04000,30.570,-0.080,-1,425.000,-1,400.000,-1,350.000,325.000,300.000,300.000,-1,-1,-1,-1,1000.000,850.000,-1,-1,2,0,2,0,2,0,0,0,0,2,2,2,2,0,0,2,2
64,1177.548,519.806,154.018,-91.333,-0.024596,0.999137,0.033467,-0.998931,-0.023253,-0.039963,-0.039151,-0.034414,0.998641,0,0.58950,0.08000,35.370,0.160,-1,425.000,-1,400.000,-1,350.000,325.000,300.000,300.000,-1,-1,-1,-1,1000.000,850.000,-1,-1,2,0,2,0,2,0,0,0,0,2,2,2,2,0,0,2,2
65,1176.964,483.875,152.282,-90.933,-0.017719,0.999246,0.034539,-0.999001,-0.016276,-0.041608,-0.041014,-0.035241,0.998537,0,0.59892,0.20000,35.935,0.400,-1,425.000,-1,400.000,-1,350.000,325.000,300.000,300.000,-1,-1,-1,-1,975.000,850.000,-1,-1,2,0,2,0,2,0,0,0,0,2,2,2,2,0,0,2,2
66,1176.780,447.943,150.527,-90.293,-0.006658,0.999344,0.035602,-0.999050,-0.005114,-0.043285,-0.043074,-0.035857,0.998428,0,0.59887,0.32000,35.932,0.640,-1,425.000,-1,400.000,-1,325.000,325.000,300.000,275.000,-1,-1,-1,-1,975.000,875.000,-1,-1,2,0,2,0,2,0,0,0,0,2,2,2,2,0,0,2,2
67,1177.020,412.017,148.760,-89.619,0.005000,0.999314,0.036702,-0.998966,0.006650,-0.044983,-0.045196,-0.036440,0.998313,0,0.59877,0.33723,35.926,0.674,-1,425.000,-1,400.000,-1,325.000,325.000,300.000,275.000,-1,-1,-1,-1,975.000,875.000,-1,-1,2,0,2,0,2,0,0,0,0,2,2,2,2,0,0,2,2
68,1177.601,371.295,146.760,-89.184,0.012447,0.999199,0.038021,-0.998798,0.014227,-0.046903,-0.047406,-0.037391,0.998176,0,0.67877,0.21723,40.726,0.434,-1,425.000,-1,400.000,-1,325.000,325.000,300.000,275.000,-1,-1,-1,-1,950.000,875.000,-1,-1,2,0,2,0,2,0,0,0,0,2,2,2,2,0,0,2,2
69,1178.404,325.776,144.528,-88.990,0.015684,0.999095,0.039535,-0.998642,0.017617,-0.049035,-0.049687,-0.038712,0.998014,0,0.75877,0.09723,45.526,0.194,-1,425.000,-1,400.000,-1,325.000,325.000,300.000,275.000,-1,-1,-1,-1,950.000,875.000,-1,-1,2,0,2,0,2,0,0,0,0,2,2,2,2,0,0,2,2
70,1179.399,275.795,142.072,-88.861,0.017750,0.998993,0.041211,-0.998482,0.019860,-0.051371,-0.052138,-0.040237,0.997829,0,0.83318,0.06437,49.991,0.129,-1,425.000,-1,400.000,-1,325.000,325.000,300.000,275.000,-1,-1,-1,-1,925.000,875.000,-1,-1,2,0,2,0,2,0,0,0,0,2,2,2,2,0,0,2,2
71,1180.506,225.823,139.609,-88.732,0.019818,0.998883,0.042895,-0.998312,0.022113,-0.053704,-0.054593,-0.041758,0.997635,0,0.83307,0.06463,49.984,0.129,-1,425.000,-1,400.000,-1,325.000,325.000,300.000,300.000,-1,-1,-1,-1,925.000,875.000,-1,-1,2,0,2,0,2,0,0,0,0,2,2,2,2,0,0,2,2
72,1181.756,175.589,137.124,-88.577,0.022320,0.998756,0.044598,-0.998120,0.024809,-0.056048,-0.057085,-0.043263,0.997431,0,0.83749,0.07738,50.249,0.155,-1,425.000,-1,400.000,-1,325.000,325.000,300.000,300.000,-1,-1,-1,-1,925.000,875.000,-1,-1,2,0,2,0,2,0,0,0,0,2,2,2,2,0,0,2,2
73,1183.151,125.234,134.622,-88.415,0.024947,0.998615,0.046316,-0.997911,0.027638,-0.058395,-0.059594,-0.044763,0.997219,0,0.83955,0.08120,50.373,0.162,-1,425.000,-1,400.000,-1,325.000,325.000,300.000,300.000,-1,-1,-1,-1,900.000,900.000,-1,-1,2,0,2,0,2,0,0,0,0,2,2,2,2,0,0,2,2
74,1184.699,74.770,132.105,-88.245,0.027700,0.998461,0.048050,-0.997684,0.030601,-0.060743,-0.062120,-0.046256,0.996996,0,0.84146,0.08508,50.488,0.170,-1,425.000,-1,425.000,-1,325.000,325.000,300.000,300.000,-1,-1,-1,-1,900.000,900.000,-1,-1,2,0,2,0,2,0,0,0,0,2,2,2,2,0,0,2,2
75,1186.407,24.206,129.570,-88.067,0.030580,0.998291,0.049798,-0.997439,0.033701,-0.063091,-0.064661,-0.047741,0.996765,0,0.84321,0.08900,50.593,0.178,-1,425.000,-1,425.000,-1,350.000,350.000,300.000,300.000,-1,-1,-1,-1,900.000,900.000,-1,-1,2,0,2,0,2,0,0,0,0,2,2,2,2,0,0,2,2
76,1188.282,-26.447,126.104,-87.881,0.033741,0.998193,0.049727,-0.997207,0.036941,-0.064911,-0.066631,-0.047398,0.996651,0,0.84479,0.09297,50.688,0.186,-1,425.000,-1,425.000,-1,350.000,350.000,300.000,300.000,-1,-1,-1,-1,900.000,900.000,-1,-1,2,0,2,0,2,0,0,0,0,2,2,2,2,0,0,2,2
77,1190.331,-77.179,122.058,-87.687,0.036995,0.998061,0.050052,-0.996929,0.040320,-0.067134,-0.069022,-0.047415,0.996488,0,0.84621,0.09698,50.773,0.194,-1,425.000,-1,425.000,-1,325.000,325.000,300.000,300.000,-1,-1,-1,-1,875.000,900.000,-1,-1,2,0,2,0,2,0,0,0,0,2,2,2,2,0,0,2,2
78,1192.563,-127.977,117.999,-87.485,0.040389,0.997913,0.050392,-0.996629,0.043839,-0.069349,-0.071414,-0.047421,0.996319,0,0.84745,0.10101,50.847,0.202,-1,425.000,-1,425.000,-1,325.000,325.000,300.000,300.000,-1,-1,-1,-1,875.000,900.000,-1,-1,2,0,2,0,2,0,0,0,0,2,2,2,2,0,0,2,2
79,1194.984,-178.831,113.927,-87.274,0.043922,0.997745,0.050749,-0.996305,0.047499,-0.071556,-0.073805,-0.047419,0.996145,0,0.84852,0.10508,50.911,0.210,-1,425.000,-1,400.000,-1,325.000,325.000,300.000,275.000,-1,-1,-1,-1,850.000,900.000,-1,-1,2,0,2,0,2,0,0,0,0,2,2,2,2,0,0,2,2
80,1197.602,-229.729,109.841,-87.056,0.047597,0.997557,0.051124,-0.995956,0.051300,-0.073752,-0.076194,-0.047407,0.995965,0,0.84942,0.10917,50.965,0.218,-1,400.000,-1,400.000,-1,325.000,325.000,300.000,275.000,-1,-1,-1,-1,850.000,875.000,-1,-1,2,0,2,0,2,0,0,0,0,2,2,2,2,0,0,2,2
81,1200.424,-280.659,105.744,-86.830,0.051413,0.997348,0.051518,-0.995581,0.055244,-0.075934,-0.078579,-0.047386,0.995781,0,0.85013,0.11326,51.008,0.227,-1,400.000,-1,400.000,-1,325.000,325.000,300.000,275.000,-1,-1,-1,-1,825.000,875.000,-1,-1,2,0,2,0,2,0,0,0,0,2,2,2,2,0,0,2,2
82,1203.456,-331.610,101.635,-86.595,0.055369,0.997115,0.051931,-0.995178,0.059330,-0.078101,-0.080957,-0.047356,0.995592,0,0.85066,0.11736,51.040,0.235,-1,400.000,-1,400.000,-1,325.000,325.000,300.000,275.000,-1,-1,-1,-1,825.000,875.000,-1,-1,2,0,2,0,2,0,0,0,0,2,2,2,2,0,0,2,2
83,1206.705,-382.568,97.515,-86.352,0.059467,0.996856,0.052365,-0.994746,0.063557,-0.080250,-0.083326,-0.047317,0.995398,0,0.85102,0.12146,51.061,0.243,-1,400.000,-1,400.000,-1,325.000,325.000,300.000,300.000,-1,-1,-1,-1,825.000,875.000,-1,-1,2,0,2,0,2,0,0,0,0,2,2,2,2,0,0,2,2
84,1210.178,-433.522,93.384,-86.101,0.063704,0.996570,0.052820,-0.994284,0.067925,-0.082378,-0.085683,-0.047271,0.995200,0,0.85120,0.12554,51.072,0.251,-1,400.000,-1,400.000,-1,325.000,325.000,300.000,300.000,-1,-1,-1,-1,800.000,850.000,-1,-1,2,0,2,0,2,0,0,0,0,2,2,2,2,0,0,2,2
85,1213.882,-484.460,89.243,-85.842,0.068081,0.996255,0.053294,-0.993788,0.072432,-0.084487,-0.088031,-0.047211,0.994998,0,0.85120,0.12959,51.072,0.259,-1,400.000,-1,400.000,-1,325.000,325.000,300.000,300.000,-1,-1,-1,-1,800.000,850.000,-1,-1,2,0,2,0,2,0,0,0,0,2,2,2,2,0,0,2,2
86,1217.822,-535.370,85.090,-85.574,0.072596,0.995910,0.053785,-0.993259,0.077078,-0.086576,-0.090367,-0.047137,0.994792,0,0.85103,0.13361,51.062,0.267,-1,400.000,-1,400.000,-1,325.000,325.000,300.000,300.000,-1,-1,-1,-1,775.000,850.000,-1,-1,2,0,2,0,2,0,0,0,0,2,2,2,2,0,0,2,2
87,1222.004,-586.241,80.927,-85.301,0.077211,0.995535,0.054293,-0.992697,0.081825,-0.088641,-0.092688,-0.047052,0.994583,0,0.85070,0.13656,51.042,0.273,-1,400.000,-1,400.000,-1,325.000,325.000,300.000,300.000,-1,-1,-1,-1,775.000,850.000,-1,-1,2,0,2,0,2,0,0,0,0,2,2,2,2,0,0,2,2
88,1226.429,-637.061,76.648,-85.023,0.081968,0.995149,0.054409,-0.992127,0.086662,-0.090412,-0.094689,-0.046570,0.994417,0,0.85020,0.13917,51.012,0.278,-1,400.000,-1,400.000,-1,325.000,325.000,300.000,300.000,-1,-1,-1,-1,775.000,850.000,-1,-1,2,0,2,0,2,0,0,0,0,2,2,2,2,0,0,2,2
89,1231.101,-687.819,71.738,-84.740,0.087009,0.994804,0.052856,-0.991584,0.091589,-0.091503,-0.095869,-0.044449,0.994401,0,0.84954,0.14160,50.972,0.283,-1,400.000,-1,400.000,-1,325.000,325.000,300.000,300.000,-1,-1,-1,-1,775.000,825.000,-1,-1,2,0,2,0,2,0,0,0,0,2,2,2,2,0,0,2,2
90,1236.023,-738.505,66.571,-84.452,0.092045,0.994381,0.052287,-0.991038,0.096588,-0.092279,-0.096811,-0.043325,0.994359,0,0.84873,0.14385,50.924,0.288,-1,400.000,-1,400.000,-1,325.000,325.000,300.000,300.000,-1,-1,-1,-1,775.000,825.000,-1,-1,2,0,2,0,2,0,0,0,0,2,2,2,2,0,0,2,2
91,1241.198,-789.108,61.405,-84.160,0.097152,0.993924,0.051730,-0.990459,0.101656,-0.093046,-0.097739,-0.042197,0.994317,0,0.84778,0.14591,50.867,0.292,-1,400.000,-1,400.000,-1,325.000,325.000,300.000,300.000,-1,-1,-1,-1,775.000,825.000,-1,-1,2,0,2,0,2,0,0,0,0,2,2,2,2,0,0,2,2
92,1246.627,-839.619,56.244,-83.865,0.102323,0.993433,0.051185,-0.989847,0.106787,-0.093802,-0.098652,-0.041067,0.994274,0,0.84670,0.14778,50.802,0.296,-1,400.000,-1,400.000,-1,325.000,325.000,300.000,300.000,-1,-1,-1,-1,775.000,825.000,-1,-1,2,0,2,0,2,0,0,0,0,2,2,2,2,0,0,2,2
93,1252.311,-890.029,51.088,-83.566,0.107551,0.992908,0.050653,-0.989203,0.111973,-0.094548,-0.099549,-0.039937,0.994231,0,0.84549,0.14946,50.730,0.299,-1,400.000,-1,400.000,-1,325.000,325.000,300.000,300.000,-1,-1,-1,-1,775.000,825.000,-1,-1,2,0,2,0,2,0,0,0,0,2,2,2,2,0,0,2,2
94,1258.252,-940.330,45.938,-83.264,0.112829,0.992349,0.050134,-0.988526,0.117209,-0.095283,-0.100430,-0.038808,0.994187,0,0.84418,0.15095,50.651,0.302,-1,400.000,-1,400.000,-1,325.000,325.000,300.000,300.000,-1,-1,-1,-1,750.000,825.000,-1,-1,2,0,2,0,2,0,0,0,0,2,2,2,2,0,0,2,2
95,1264.449,-990.515,40.795,-82.959,0.118150,0.991755,0.049629,-0.987816,0.122485,-0.096006,-0.101294,-0.037681,0.994143,0,0.84276,0.15223,50.566,0.304,-1,400.000,-1,400.000,-1,325.000,325.000,300.000,300.000,-1,-1,-1,-1,750.000,825.000,-1,-1,2,0,2,0,2,0,0,0,0,2,2,2,2,0,0,2,2
96,1270.903,-1040.577,35.662,-82.653,0.123507,0.991126,0.049139,-0.987073,0.127797,-0.096718,-0.102140,-0.036558,0.994098,0,0.84127,0.15332,50.476,0.307,-1,400.000,-1,400.000,-1,325.000,325.000,300.000,300.000,-1,-1,-1,-1,750.000,800.000,-1,-1,2,0,2,0,2,0,0,0,0,2,2,2,2,0,0,2,2
97,1277.891,-1090.980,30.482,-82.106,0.133028,0.989917,0.048665,-0.985733,0.137255,-0.097420,-0.103118,-0.035011,0.994053,0,0.84810,0.27332,50.886,0.547,-1,400.000,-1,400.000,-1,325.000,325.000,300.000,300.000,-1,-1,-1,-1,750.000,800.000,-1,-1,2,0,2,0,2,0,0,0,0,2,2,2,2,0,0,2,2
98,1285.365,-1141.125,25.314,-81.522,0.143194,0.988520,0.048210,-0.984207,0.147354,-0.098099,-0.104077,-0.033402,0.994008,0,0.84497,0.29224,50.698,0.584,-1,375.000,-1,400.000,-1,325.000,325.000,300.000,300.000,-1,-1,-1,-1,750.000,800.000,-1,-1,2,0,2,0,2,0,0,0,0,2,2,2,2,0,0,2,2
99,1293.877,-1195.967,19.653,-81.177,0.149196,0.987656,0.047707,-0.983226,0.153300,-0.098821,-0.104914,-0.032163,0.993961,0,0.92497,0.17224,55.498,0.344,-1,375.000,-1,400.000,-1,325.000,325.000,300.000,300.000,-1,-1,-1,-1,750.000,800.000,-1,-1,2,0,2,0,2,0,0,0,0,2,2,2,2,0,0,2,2
100,1302.907,-1253.458,13.722,-81.073,0.151043,0.987401,0.047164,-0.982868,0.155105,-0.099560,-0.105621,-0.031318,0.993913,0,0.96994,0.05224,58.197,0.104,-1,375.000,-1,400.000,-1,325.000,325.000,325.000,325.000,-1,-1,-1,-1,750.000,800.000,-1,-1,2,0,2,0,2,0,0,0,0,2,2,2,2,0,0,2,2
101,1311.753,-1310.658,7.652,-81.208,0.148825,0.987799,0.045878,-0.983191,0.152774,-0.099983,-0.105772,-0.030227,0.993931,0,0.96466,-0.06776,57.879,-0.136,-1,375.000,-1,400.000,-1,325.000,325.000,325.000,325.000,-1,-1,-1,-1,775.000,775.000,-1,-1,2,0,2,0,2,0,0,0,0,2,2,2,2,0,0,2,2
102,1320.172,-1367.563,1.542,-81.584,0.142447,0.988796,0.044613,-0.984152,0.146299,-0.100207,-0.105612,-0.029632,0.993966,0,0.95875,-0.18776,57.525,-0.376,-1,375.000,-1,400.000,-1,325.000,325.000,325.000,300.000,-1,-1,-1,-1,775.000,775.000,-1,-1,2,0,2,0,2,0,0,0,0,2,2,2,2,0,0,2,2
103,1328.154,-1425.826,-4.739,-82.199,0.131875,0.990308,0.043571,-0.985671,0.135668,-0.100239,-0.105178,-0.029727,0.994009,0,0.98012,-0.30776,58.807,-0.616,-1,375.000,-1,400.000,-1,325.000,325.000,325.000,300.000,-1,-1,-1,-1,750.000,775.000,-1,-1,2,0,2,0,2,0,0,0,0,2,2,2,2,0,0,2,2
104,1335.218,-1483.818,-10.963,-83.055,0.117099,0.992205,0.042626,-0.987585,0.120864,-0.100339,-0.104709,-0.030347,0.994040,0,0.97367,-0.42776,58.420,-0.856,-1,375.000,-1,400.000,-1,325.000,325.000,325.000,300.000,-1,-1,-1,-1,750.000,775.000,-1,-1,2,0,2,0,2,0,0,0,0,2,2,2,2,0,0,2,2
105,1341.190,-1541.498,-17.082,-84.089,0.099183,0.994199,0.041614,-0.989607,0.102928,-0.100415,-0.104116,-0.031222,0.994075,0,0.96647,-0.51726,57.988,-1.035,-1,375.000,-1,400.000,-1,325.000,325.000,325.000,300.000,-1,-1,-1,-1,750.000,775.000,-1,-1,2,0,2,0,2,0,0,0,0,2,2,2,2,0,0,2,2
106,1346.077,-1598.820,-23.099,-85.127,0.081185,0.995874,0.040557,-0.991310,0.084905,-0.100478,-0.103507,-0.032047,0.994112,0,0.95882,-0.51879,57.529,-1.038,-1,375.000,-1,400.000,-1,325.000,325.000,325.000,300.000,-1,-1,-1,-1,750.000,775.000,-1,-1,2,0,2,0,2,0,0,0,0,2,2,2,2,0,0,2,2
107,1349.825,-1651.416,-28.580,-85.924,0.067349,0.996944,0.039582,-0.992393,0.071034,-0.100545,-0.103050,-0.032509,0.994145,0,0.87882,-0.39879,52.729,-0.798,-1,375.000,-1,400.000,-1,325.000,325.000,325.000,300.000,-1,-1,-1,-1,725.000,750.000,-1,-1,2,0,2,0,2,0,0,0,0,2,2,2,2,0,0,2,2
108,1352.766,-1699.255,-33.543,-86.482,0.057687,0.997584,0.038709,-0.993033,0.061328,-0.100624,-0.102755,-0.032635,0.994171,0,0.79882,-0.27879,47.929,-0.558,-1,375.000,-1,400.000,-1,325.000,325.000,325.000,300.000,-1,-1,-1,-1,725.000,750.000,-1,-1,2,0,2,0,2,0,0,0,0,2,2,2,2,0,0,2,2
109,1355.173,-1742.317,-38.002,-86.800,0.052206,0.997915,0.037956,-0.993349,0.055798,-0.100722,-0.102630,-0.032445,0.994190,0,0.71882,-0.15879,43.129,-0.318,-1,375.000,-1,400.000,-1,325.000,325.000,325.000,300.000,-1,-1,-1,-1,725.000,750.000,-1,-1,2,0,2,0,2,0,0,0,0,2,2,2,2,0,0,2,2
110,1357.261,-1780.590,-41.969,-86.877,0.050910,0.998005,0.037338,-0.993411,0.054448,-0.100844,-0.102676,-0.031958,0.994201,0,0.63882,-0.03879,38.329,-0.078,-1,375.000,-1,400.000,-1,325.000,325.000,325.000,300.000,-1,-1,-1,-1,725.000,750.000,-1,-1,2,0,2,0,2,0,0,0,0,2,2,2,2,0,0,2,2
111,1359.182,-1814.064,-45.453,-86.715,0.053797,0.997871,0.036867,-0.993237,0.057278,-0.100995,-0.102892,-0.031185,0.994204,0,0.55882,0.08121,33.529,0.162,-1,375.000,-1,400.000,-1,325.000,325.000,325.000,325.000,-1,-1,-1,-1,725.000,750.000,-1,-1,2,0,2,0,2,0,0,0,0,2,2,2,2,0,0,2,2
112,1361.029,-1842.734,-48.457,-86.312,0.060866,0.997476,0.036553,-0.992789,0.064288,-0.101175,-0.103270,-0.030131,0.994197,0,0.47882,0.20121,28.729,0.402,-1,375.000,-1,400.000,-1,325.000,325.000,325.000,325.000,-1,-1,-1,-1,725.000,750.000,-1,-1,2,0,2,0,2,0,0,0,0,2,2,2,2,0,0,2,2
113,1362.835,-1866.596,-50.983,-85.670,0.072112,0.996732,0.036400,-0.991981,0.075470,-0.101381,-0.103796,-0.028798,0.994182,0,0.39882,0.32121,23.929,0.642,-1,375.000,-1,400.000,-1,300.000,325.000,325.000,325.000,-1,-1,-1,-1,725.000,750.000,-1,-1,2,0,2,0,2,0,0,0,0,2,2,2,2,0,0,2,2
114,1364.572,-1885.646,-53.030,-84.788,0.087524,0.995497,0.036409,-0.990671,0.090816,-0.101603,-0.104452,-0.027177,0.994159,0,0.31882,0.44121,19.129,0.882,-1,375.000,-1,375.000,-1,300.000,325.000,325.000,325.000,-1,-1,-1,-1,725.000,725.000,-1,-1,2,0,2,0,2,0,0,0,0,2,2,2,2,0,0,2,2
115,1366.153,-1899.888,-54.593,-83.665,0.107085,0.993577,0.036574,-0.988667,0.110304,-0.101832,-0.105212,-0.025254,0.994129,0,0.23882,0.56121,14.329,1.122,-1,375.000,-1,375.000,-1,300.000,300.000,325.000,325.000,-1,-1,-1,-1,725.000,725.000,-1,-1,2,0,2,0,2,0,0,0,0,2,2,2,2,0,0,2,2
116,1367.428,-1909.332,-55.665,-82.303,0.130765,0.990727,0.036883,-0.985726,0.133904,-0.102051,-0.106044,-0.023011,0.994095,0,0.15882,0.68121,9.529,1.362,-1,375.000,-1,375.000,-1,300.000,300.000,325.000,325.000,-1,-1,-1,-1,725.000,725.000,-1,-1,2,0,2,0,2,0,0,0,0,2,2,2,2,0,0,2,2
117,1368.192,-1913.999,-56.237,-80.700,0.158518,0.986651,0.037318,-0.981551,0.161566,-0.102245,-0.106910,-0.020422,0.994059,0,0.07882,0.80121,4.729,1.602,-1,375.000,-1,375.000,-1,300.000,300.000,325.000,325.000,-1,-1,-1,-1,750.000,725.000,-1,-1,2,0,2,0,2,0,0,0,0,2,2,2,2,0,0,2,2
118,1368.177,-1913.930,-56.304,-78.858,0.190275,0.981002,0.037831,-0.975800,0.193215,-0.102385,-0.107749,-0.017434,0.994025,0,-0.00118,0.92121,-0.071,1.842,-1,375.000,-1,375.000,-1,300.000,300.000,325.000,325.000,-1,-1,-1,-1,750.000,725.000,-1,-1,2,0,2,0,2,0,0,0,0,2,2,2,2,0,0,2,2
119,1367.069,-1909.187,-55.845,-76.858,0.224528,0.973711,0.038392,-0.968408,0.227345,-0.102467,-0.108501,-0.014172,0.993995,0,-0.08118,1.00000,-4.871,2.000,-1,375.000,-1,375.000,-1,300.000,300.000,325.000,325.000,-1,-1,-1,-1,750.000,700.000,-1,-1,2,0,2,0,2,0,0,0,0,2,2,2,2,0,0,2,2
120,1364.542,-1899.853,-54.846,-74.858,0.258510,0.965224,0.038935,-0.959829,0.261199,-0.102489,-0.109095,-0.010877,0.993972,0,-0.16118,1.00000,-9.671,2.000,-1,375.000,-1,375.000,-1,300.000,300.000,325.000,325.000,-1,-1,-1,-1,775.000,700.000,-1,-1,2,0,2,0,2,0,0,0,0,2,2,2,2,0,0,2,2
121,1360.276,-1886.025,-53.300,-72.858,0.292182,0.955549,0.039437,-0.950070,0.294735,-0.102462,-0.109531,-0.007530,0.993955,0,-0.24118,1.00000,-14.471,2.000,-1,375.000,-1,375.000,-1,300.000,300.000,325.000,325.000,-1,-1,-1,-1,775.000,700.000,-1,-1,2,0,2,0,2,0,0,0,0,2,2,2,2,0,0,2,2
122,1354.635,-1869.776,-51.435,-70.858,0.325503,0.944700,0.039875,-0.939142,0.327910,-0.102404,-0.109816,-0.004116,0.993943,0,-0.28668,1.00000,-17.201,2.000,-1,375.000,-1,375.000,-1,300.000,300.000,325.000,325.000,-1,-1,-1,-1,775.000,700.000,-1,-1,2,0,2,0,2,0,0,0,0,2,2,2,2,0,0,2,2
123,1348.561,-1854.072,-49.597,-68.858,0.358431,0.932688,0.040247,-0.927058,0.360683,-0.102332,-0.109960,-0.000632,0.993936,0,-0.28063,1.00000,-16.838,2.000,-1,400.000,-1,375.000,-1,300.000,300.000,325.000,325.000,-1,-1,-1,-1,800.000,700.000,-1,-1,2,0,2,0,2,0,0,0,0,2,2,2,2,0,0,2,2
124,1342.085,-1838.921,-47.791,-66.858,0.390925,0.919529,0.040553,-0.913830,0.393012,-0.102252,-0.109962,0.002914,0.993932,0,-0.27461,1.00000,-16.477,2.000,-1,400.000,-1,375.000,-1,300.000,300.000,325.000,325.000,-1,-1,-1,-1,800.000,700.000,-1,-1,2,0,2,0,2,0,0,0,0,2,2,2,2,0,0,2,2
125,1335.236,-1824.328,-46.036,-64.858,0.422953,0.905237,0.040708,-0.899479,0.424857,-0.102150,-0.109765,0.006588,0.993936,0,-0.26867,1.00000,-16.120,2.000,-1,400.000,-1,375.000,-1,300.000,300.000,325.000,325.000,-1,-1,-1,-1,800.000,700.000,-1,-1,2,0,2,0,2,0,0,0,0,2,2,2,2,0,0,2,2
126,1328.041,-1810.294,-44.337,-62.858,0.454474,0.889829,0.040708,-0.884021,0.456175,-0.102038,-0.109366,0.010387,0.993947,0,-0.26285,1.00000,-15.771,2.000,-1,400.000,-1,375.000,-1,300.000,300.000,325.000,325.000,-1,-1,-1,-1,825.000,700.000,-1,-1,2,0,2,0,2,0,0,0,0,2,2,2,2,0,0,2,2
127,1320.527,-1796.816,-42.673,-60.858,0.485437,0.873326,0.040653,-0.867472,0.486929,-0.101948,-0.108829,0.014223,0.993959,0,-0.25718,1.00000,-15.431,2.000,-1,400.000,-1,375.000,-1,300.000,300.000,325.000,325.000,-1,-1,-1,-1,825.000,700.000,-1,-1,2,0,2,0,2,0,0,0,0,2,2,2,2,0,0,2,2
128,1312.717,-1783.891,-41.046,-58.858,0.515804,0.855747,0.040548,-0.849853,0.517079,-0.101882,-0.108152,0.018091,0.993970,0,-0.25169,1.00000,-15.101,2.000,-1,400.000,-1,375.000,-1,325.000,300.000,325.000,325.000,-1,-1,-1,-1,850.000,700.000,-1,-1,2,0,2,0,2,0,0,0,0,2,2,2,2,0,0,2,2
129,1304.634,-1771.511,-39.455,-56.858,0.545534,0.837114,0.040397,-0.831187,0.546586,-0.101845,-0.107337,0.021983,0.993980,0,-0.24641,1.00000,-14.785,2.000,-1,400.000,-1,375.000,-1,325.000,300.000,325.000,325.000,-1,-1,-1,-1,850.000,700.000,-1,-1,2,0,2,0,2,0,0,0,0,2,2,2,2,0,0,2,2
130,1296.299,-1759.668,-37.902,-54.858,0.574592,0.817452,0.040204,-0.811497,0.575414,-0.101840,-0.106384,0.025891,0.993988,0,-0.24137,1.00000,-14.482,2.000,-1,400.000,-1,375.000,-1,325.000,300.000,325.000,325.000,-1,-1,-1,-1,850.000,700.000,-1,-1,2,0,2,0,2,0,0,0,0,2,2,2,2,0,0,2,2
131,1287.728,-1748.352,-36.388,-52.858,0.602939,0.796785,0.039967,-0.790809,0.603526,-0.101869,-0.105289,0.029814,0.993995,0,-0.23659,1.00000,-14.195,2.000,-1,400.000,-1,375.000,-1,325.000,300.000,325.000,325.000,-1,-1,-1,-1,875.000,700.000,-1,-1,2,0,2,0,2,0,0,0,0,2,2,2,2,0,0,2,2
132,1278.939,-1737.551,-34.914,-50.858,0.630541,0.775140,0.039691,-0.769149,0.630887,-0.101935,-0.104055,0.033746,0.993999,0,-0.23208,1.00000,-13.925,2.000,-1,400.000,-1,375.000,-1,325.000,300.000,325.000,325.000,-1,-1,-1,-1,875.000,700.000,-1,-1,2,0,2,0,2,0,0,0,0,2,2,2,2,0,0,2,2
133,1269.945,-1727.254,-33.478,-48.858,0.657362,0.752545,0.039383,-0.746546,0.657462,-0.102040,-0.102683,0.037676,0.994000,0,-0.22786,1.00000,-13.671,2.000,-1,400.000,-1,375.000,-1,325.000,300.000,325.000,325.000,-1,-1,-1,-1,875.000,700.000,-1,-1,2,0,2,0,2,0,0,0,0,2,2,2,2,0,0,2,2
134,1260.758,-1717.449,-32.080,-46.858,0.683370,0.729028,0.039047,-0.723028,0.683219,-0.102186,-0.101174,0.041599,0.993999,0,-0.22394,1.00000,-13.436,2.000,-1,400.000,-1,375.000,-1,325.000,300.000,325.000,325.000,-1,-1,975.000,-1,900.000,725.000,-1,-1,2,0,2,0,2,0,0,0,0,2,2,0,2,1,0,2,2
135,1251.388,-1708.123,-30.720,-44.858,0.708530,0.704619,0.038688,-0.698626,0.708125,-0.102374,-0.099531,0.045507,0.993993,0,-0.22033,1.00000,-13.220,2.000,-1,400.000,-1,375.000,-1,325.000,300.000,325.000,325.000,-1,-1,925.000,-1,900.000,725.000,-1,-1,2,0,2,0,2,0,0,0,0,2,2,0,2,1,0,2,2
136,1241.842,-1699.263,-29.398,-42.858,0.732812,0.679351,0.038310,-0.673372,0.732149,-0.102606,-0.097754,0.049394,0.993984,0,-0.21705,1.00000,-13.023,2.000,-1,400.000,-1,375.000,-1,325.000,325.000,325.000,325.000,-1,975.000,875.000,-1,900.000,725.000,-1,-1,2,0,2,0,2,0,0,0,0,2,0,0,2,1,0,2,2
137,1232.128,-1690.857,-28.112,-40.858,0.756187,0.653256,0.037917,-0.647298,0.755262,-0.102881,-0.095845,0.053254,0.993971,0,-0.21410,1.00000,-12.846,2.000,-1,425.000,-1,375.000,-1,325.000,325.000,325.000,325.000,-1,900.000,825.000,-1,900.000,750.000,-1,-1,2,0,2,0,2,0,0,0,0,2,0,0,2,1,0,2,2
138,1225.884,-1685.781,-27.322,-39.098,0.775976,0.629638,0.037645,-0.623707,0.774830,-0.103095,-0.094081,0.056520,0.993959,0,-0.13410,0.88000,-8.046,1.760,-1,425.000,-1,375.000,-1,325.000,325.000,325.000,325.000,-1,875.000,850.000,-1,875.000,750.000,-1,-1,2,0,2,0,2,0,0,0,0,2,0,0,2,1,0,2,2
139,1223.312,-1683.800,-27.012,-37.578,0.792460,0.608769,0.037502,-0.602867,0.791136,-0.103221,-0.092507,0.059190,0.993951,0,-0.05410,0.76000,-3.246,1.520,-1,425.000,-1,375.000,-1,325.000,325.000,325.000,325.000,-1,850.000,850.000,-1,875.000,750.000,-1,-1,2,0,2,0,2,0,0,0,0,2,0,0,2,1,0,2,2
140,1224.565,-1684.718,-27.170,-36.298,0.805894,0.590871,0.037496,-0.584999,0.804437,-0.103237,-0.091163,0.061263,0.993950,0,0.02590,0.64000,1.554,1.280,-1,425.000,-1,375.000,-1,325.000,325.000,325.000,300.000,-1,825.000,875.000,-1,875.000,775.000,-1,-1,2,0,2,0,2,0,0,0,0,2,0,0,2,1,0,2,2
