timestep,x_cm,y_cm,z_cm,yaw_deg,basis_xx,basis_xy,basis_xz,basis_yx,basis_yy,basis_yz,basis_zx,basis_zy,basis_zz,teleport_flag,throttle_cmd,steering_cmd,cmd_move_cm,cmd_turn_deg,lidar_cm_0,lidar_cm_1,lidar_cm_2,lidar_cm_3,lidar_cm_4,lidar_cm_5,lidar_cm_6,lidar_cm_7,lidar_cm_8,lidar_cm_9,lidar_cm_10,lidar_cm_11,lidar_cm_12,lidar_cm_13,lidar_cm_14,lidar_cm_15,lidar_cm_16,lidar_class_0,lidar_class_1,lidar_class_2,lidar_class_3,lidar_class_4,lidar_class_5,lidar_class_6,lidar_class_7,lidar_class_8,lidar_class_9,lidar_class_10,lidar_class_11,lidar_class_12,lidar_class_13,lidar_class_14,lidar_class_15,lidar_class_16
0,-3603.767,-7540.368,-91.055,-143.416,-0.802942,0.595489,-0.026036,-0.596055,-0.802304,0.032042,-0.001808,0.041247,0.999147,1,-0.08000,-0.12000,-4.800,-0.240,-1,400.000,-1,800.000,-1,325.000,325.000,300.000,300.000,-1,475.000,575.000,-1,850.000,-1,-1,-1,2,0,2,1,2,0,0,0,0,2,1,1,2,0,2,2,2
1,-3597.857,-7536.058,-91.048,-143.896,-0.807900,0.588746,-0.025988,-0.589316,-0.807264,0.032104,-0.002078,0.041252,0.999147,0,-0.12191,-0.24000,-7.315,-0.480,-1,400.000,-1,400.000,-1,325.000,325.000,300.000,300.000,-1,475.000,550.000,-1,850.000,-1,-1,-1,2,0,2,1,2,0,0,0,0,2,1,1,2,0,2,2,2
2,-3591.926,-7531.815,-91.038,-144.418,-0.813222,0.581375,-0.025941,-0.581949,-0.812589,0.032161,-0.002381,0.041250,0.999146,0,-0.12153,-0.26072,-7.292,-0.521,-1,400.000,-1,400.000,-1,325.000,325.000,300.000,300.000,-1,450.000,550.000,-1,850.000,-1,-1,-1,2,0,2,0,2,0,0,0,0,2,1,1,2,0,2,2,2
3,-3585.979,-7527.639,-91.025,-144.929,-0.818376,0.574100,-0.025890,-0.574677,-0.817746,0.032217,-0.002676,0.041243,0.999146,0,-0.12112,-0.25571,-7.267,-0.511,-1,400.000,-1,400.000,-1,325.000,325.000,300.000,300.000,-1,450.000,525.000,-1,850.000,-1,-1,-1,2,0,2,0,2,0,0,0,0,2,1,1,2,0,2,2,2
4,-3580.011,-7523.527,-91.008,-145.431,-0.823369,0.566918,-0.025836,-0.567499,-0.822741,0.032270,-0.002961,0.041232,0.999145,0,-0.12080,-0.25082,-7.248,-0.502,-1,400.000,-1,400.000,-1,325.000,325.000,300.000,300.000,-1,425.000,525.000,-1,850.000,-1,-1,-1,2,0,2,0,2,0,0,0,0,2,1,1,2,0,2,2,2
5,-3574.018,-7519.473,-90.988,-145.923,-0.828205,0.559832,-0.025778,-0.560416,-0.827581,0.032323,-0.003238,0.041216,0.999145,0,-0.12059,-0.24604,-7.235,-0.492,-1,400.000,-1,400.000,-1,325.000,325.000,300.000,300.000,-1,425.000,500.000,-1,850.000,-1,-1,-1,2,0,2,0,2,0,0,0,0,2,1,1,2,0,2,2,2
6,-3567.997,-7515.473,-90.964,-146.406,-0.832891,0.552839,-0.025716,-0.553426,-0.832269,0.032374,-0.003505,0.041196,0.999145,0,-0.12047,-0.24138,-7.228,-0.483,-1,400.000,-1,400.000,-1,325.000,325.000,300.000,300.000,-1,425.000,500.000,-1,850.000,-1,-1,-1,2,0,2,0,2,0,0,0,0,2,1,1,2,0,2,2,2
7,-3561.944,-7511.524,-90.937,-146.879,-0.837431,0.545941,-0.025652,-0.546530,-0.836812,0.032424,-0.003764,0.041172,0.999145,0,-0.12045,-0.23683,-7.227,-0.474,-1,400.000,-1,400.000,-1,325.000,325.000,300.000,300.000,-1,400.000,475.000,-1,850.000,-1,-1,-1,2,0,2,0,2,0,0,0,0,2,1,1,2,0,2,2,2
8,-3555.856,-7507.623,-90.907,-147.344,-0.841830,0.539135,-0.025583,-0.539727,-0.841213,0.032472,-0.004014,0.041144,0.999145,0,-0.12052,-0.23238,-7.231,-0.465,-1,400.000,-1,400.000,-1,325.000,325.000,300.000,300.000,-1,400.000,475.000,-1,850.000,-1,-1,-1,2,0,2,0,2,0,0,0,0,2,1,1,2,0,2,2,2
9,-3549.730,-7503.765,-90.873,-147.800,-0.846094,0.532423,-0.025512,-0.533017,-0.845479,0.032519,-0.004256,0.041112,0.999145,0,-0.12067,-0.22804,-7.240,-0.456,-1,400.000,-1,400.000,-1,325.000,325.000,300.000,300.000,-1,375.000,450.000,-1,850.000,-1,-1,-1,2,0,2,0,2,0,0,0,0,2,1,1,2,0,2,2,2
10,-3543.561,-7499.947,-90.837,-148.248,-0.850226,0.525803,-0.025437,-0.526399,-0.849614,0.032564,-0.004489,0.041077,0.999146,0,-0.12091,-0.22379,-7.255,-0.448,-1,400.000,-1,400.000,-1,325.000,325.000,300.000,300.000,-1,375.000,450.000,-1,850.000,-1,-1,-1,2,0,2,0,2,0,0,0,0,2,1,1,2,0,2,2,2
11,-3537.346,-7496.166,-90.797,-148.687,-0.854231,0.519274,-0.025358,-0.519872,-0.853622,0.032608,-0.004714,0.041038,0.999146,0,-0.12124,-0.21964,-7.274,-0.439,-1,400.000,-1,400.000,-1,325.000,325.000,300.000,300.000,-1,375.000,425.000,-1,850.000,-1,-1,-1,2,0,2,0,2,0,0,0,0,2,1,1,2,0,2,2,2
12,-3527.009,-7489.927,-90.715,-148.886,-0.856036,0.516303,-0.025182,-0.516895,-0.855423,0.032716,-0.004650,0.041023,0.999147,0,-0.20124,-0.09964,-12.074,-0.199,-1,400.000,-1,400.000,-1,325.000,325.000,300.000,300.000,-1,350.000,425.000,-1,850.000,-1,-1,-1,2,0,2,0,2,0,0,0,0,2,1,1,2,0,2,2,2
13,-3512.555,-7481.219,-90.594,-148.934,-0.856470,0.515595,-0.024915,-0.516179,-0.855850,0.032874,-0.004374,0.041016,0.999149,0,-0.28124,-0.02368,-16.874,-0.047,-1,400.000,-1,400.000,-1,325.000,325.000,300.000,300.000,-1,350.000,400.000,-1,850.000,-1,-1,-1,2,0,2,0,2,0,0,0,0,2,1,1,2,0,2,2,2
14,-3495.657,-7471.054,-90.440,-148.970,-0.856806,0.515050,-0.024653,-0.515624,-0.856177,0.033068,-0.004076,0.041045,0.999149,0,-0.32866,-0.01823,-19.720,-0.036,-1,400.000,-1,400.000,-1,325.000,325.000,300.000,300.000,-1,325.000,375.000,-1,850.000,-1,-1,-1,2,0,2,0,2,0,0,0,0,2,1,1,2,0,2,2,2
15,-3478.512,-7460.750,-90.273,-148.994,-0.857028,0.514690,-0.024430,-0.515256,-0.856391,0.033268,-0.003799,0.041100,0.999148,0,-0.33339,-0.01200,-20.003,-0.024,-1,400.000,-1,400.000,-1,325.000,325.000,300.000,300.000,-1,300.000,350.000,-1,850.000,-1,-1,-1,2,0,2,0,2,0,0,0,0,2,1,1,2,0,2,2,2
16,-3461.115,-7450.299,-90.129,-149.006,-0.857137,0.514519,-0.024224,-0.515076,-0.856497,0.033312,-0.003608,0.041030,0.999151,0,-0.33824,-0.00578,-20.294,-0.012,-1,400.000,-1,400.000,-1,325.000,325.000,300.000,300.000,-1,275.000,350.000,-1,850.000,-1,-1,-1,2,0,2,0,2,0,0,0,0,2,1,1,2,0,2,2,2
17,-3443.463,-7439.695,-90.025,-149.005,-0.857131,0.514537,-0.024047,-0.515086,-0.856498,0.033122,-0.003554,0.040777,0.999162,0,-0.34321,0.00042,-20.593,0.001,-1,400.000,-1,400.000,-1,325.000,325.000,300.000,300.000,-1,250.000,325.000,-1,825.000,-1,-1,-1,2,0,2,0,2,0,0,0,0,2,1,1,2,0,2,2,2
18,-3425.551,-7428.928,-89.916,-148.992,-0.857014,0.514740,-0.023868,-0.515281,-0.856389,0.032922,-0.003494,0.040514,0.999173,0,-0.34831,0.00660,-20.899,0.013,-1,400.000,-1,400.000,-1,325.000,325.000,300.000,300.000,1000.000,225.000,300.000,-1,825.000,-1,-1,-1,2,0,2,0,2,0,0,0,0,1,1,1,2,0,2,2,2
19,-3407.375,-7417.992,-89.804,-148.966,-0.856787,0.515127,-0.023688,-0.515660,-0.856169,0.032711,-0.003431,0.040241,0.999184,0,-0.35354,0.01277,-21.212,0.026,-1,400.000,-1,400.000,-1,325.000,325.000,300.000,300.000,975.000,225.000,275.000,-1,825.000,-1,-1,-1,2,0,2,0,2,0,0,0,0,1,1,1,2,0,2,2,2
20,-3388.932,-7406.879,-89.687,-148.928,-0.856448,0.515698,-0.023507,-0.516223,-0.855838,0.032489,-0.003364,0.039960,0.999196,0,-0.35888,0.01893,-21.533,0.038,-1,400.000,-1,400.000,-1,325.000,325.000,300.000,300.000,950.000,200.000,250.000,-1,825.000,-1,-1,-1,2,0,2,0,2,0,0,0,0,1,1,1,2,0,2,2,2
21,-3370.217,-7395.580,-89.566,-148.878,-0.855997,0.516454,-0.023324,-0.516970,-0.855396,0.032255,-0.003293,0.039668,0.999207,0,-0.36435,0.02510,-21.861,0.050,-1,400.000,-1,400.000,-1,325.000,325.000,300.000,300.000,925.000,175.000,225.000,-1,825.000,-1,-1,-1,2,0,2,0,2,0,0,0,0,1,1,1,2,0,2,2,2
22,-3351.228,-7384.087,-89.207,-148.816,-0.855415,0.517374,-0.024279,-0.517928,-0.854809,0.032428,-0.003976,0.040314,0.999179,0,-0.36994,0.03126,-22.196,0.063,-1,400.000,-1,400.000,-1,325.000,325.000,300.000,300.000,900.000,150.000,225.000,-1,800.000,-1,-1,-1,2,0,2,0,2,0,0,0,0,1,1,1,2,0,2,2,2
23,-3336.377,-7375.027,-88.782,-148.614,-0.853561,0.520357,-0.025727,-0.520970,-0.852945,0.032803,-0.004875,0.041403,0.999131,0,-0.28994,0.10086,-17.396,0.202,-1,400.000,-1,400.000,-1,325.000,325.000,300.000,300.000,900.000,125.000,200.000,-1,800.000,-1,-1,-1,2,0,2,0,2,0,0,0,0,1,1,1,2,0,2,2,2
24,-3325.648,-7368.428,-88.421,-148.403,-0.851617,0.523467,-0.027045,-0.524134,-0.850990,0.033155,-0.005659,0.042411,0.999084,0,-0.20994,0.10531,-12.596,0.211,-1,400.000,-1,400.000,-1,325.000,325.000,300.000,300.000,875.000,125.000,200.000,-1,800.000,-1,-1,-1,2,0,2,0,2,0,0,0,0,1,1,1,2,0,2,2,2
25,-3319.023,-7364.318,-88.167,-148.186,-0.849611,0.526665,-0.028017,-0.527374,-0.848976,0.033413,-0.006188,0.043164,0.999049,0,-0.12994,0.10837,-7.796,0.217,-1,400.000,-1,400.000,-1,325.000,325.000,325.000,300.000,875.000,125.000,175.000,-1,800.000,-1,-1,-1,2,0,2,0,2,0,0,0,0,1,1,1,2,0,2,2,2
26,-3316.483,-7362.729,-88.048,-147.966,-0.847572,0.529915,-0.028498,-0.530642,-0.846932,0.033533,-0.006366,0.043544,0.999031,0,-0.04994,0.11008,-2.996,0.220,-1,400.000,-1,400.000,-1,325.000,325.000,325.000,300.000,875.000,125.000,175.000,-1,800.000,-1,-1,-1,2,0,2,0,2,0,0,0,0,1,1,1,2,0,2,2,2
27,-3318.008,-7363.692,-88.079,-147.745,-0.845526,0.533177,-0.028415,-0.533898,-0.844885,0.033495,-0.006148,0.043492,0.999035,0,0.03006,0.11044,1.804,0.221,-1,400.000,-1,400.000,-1,325.000,325.000,325.000,300.000,875.000,125.000,175.000,-1,800.000,-1,-1,-1,2,0,2,0,2,0,0,0,0,1,1,1,2,0,2,2,2
28,-3323.579,-7367.237,-88.256,-147.527,-0.843500,0.536412,-0.027765,-0.537101,-0.842860,0.033307,-0.005536,0.043007,0.999059,0,0.11006,0.10944,6.604,0.219,-1,400.000,-1,400.000,-1,325.000,325.000,325.000,300.000,875.000,125.000,200.000,-1,800.000,-1,-1,-1,2,0,2,0,2,0,0,0,0,1,1,1,2,0,2,2,2
29,-3333.177,-7373.396,-88.563,-147.312,-0.841514,0.539578,-0.026624,-0.540215,-0.840879,0.032999,-0.004582,0.042152,0.999101,0,0.19006,0.10709,11.404,0.214,-1,400.000,-1,400.000,-1,325.000,325.000,300.000,300.000,875.000,150.000,200.000,-1,800.000,-1,-1,-1,2,0,2,0,2,0,0,0,0,1,1,1,2,0,2,2,2
30,-3346.783,-7382.196,-88.964,-147.106,-0.839593,0.542634,-0.025144,-0.543205,-0.838966,0.032625,-0.003391,0.041050,0.999151,0,0.27006,0.10336,16.204,0.207,-1,400.000,-1,400.000,-1,325.000,325.000,300.000,300.000,900.000,150.000,225.000,-1,800.000,-1,-1,-1,2,0,2,0,2,0,0,0,0,1,1,1,2,0,2,2,2
31,-3364.330,-7393.739,-89.399,-146.659,-0.835369,0.549183,-0.023594,-0.549686,-0.834748,0.032269,-0.001974,0.039925,0.999201,0,0.35006,0.22336,21.004,0.447,-1,400.000,-1,400.000,-1,325.000,325.000,300.000,300.000,900.000,175.000,250.000,-1,825.000,-1,-1,-1,2,0,2,0,2,0,0,0,0,1,1,1,2,0,2,2,2
32,-3385.715,-7408.179,-89.538,-145.972,-0.828735,0.559146,-0.023534,-0.559639,-0.828101,0.032433,-0.001354,0.040049,0.999197,0,0.43006,0.34336,25.804,0.687,-1,400.000,-1,400.000,-1,325.000,325.000,300.000,300.000,925.000,200.000,275.000,-1,825.000,-1,-1,-1,2,0,2,0,2,0,0,0,0,1,1,1,2,0,2,2,2
33,-3410.798,-7425.713,-89.609,-145.046,-0.819590,0.572457,-0.023784,-0.572951,-0.818937,0.032705,-0.000755,0.040432,0.999182,0,0.51006,0.46336,30.604,0.927,-1,400.000,-1,400.000,-1,325.000,325.000,300.000,300.000,950.000,225.000,300.000,-1,825.000,-1,-1,-1,2,0,2,0,2,0,0,0,0,1,1,1,2,0,2,2,2
34,-3439.396,-7446.583,-89.653,-143.879,-0.807772,0.589004,-0.024062,-0.589495,-0.807098,0.032980,0.000005,0.040825,0.999166,0,0.59006,0.58336,35.404,1.167,-1,400.000,-1,400.000,-1,325.000,325.000,300.000,300.000,975.000,275.000,350.000,-1,825.000,-1,-1,-1,2,0,2,0,2,0,0,0,0,1,1,1,2,0,2,2,2
35,-3471.280,-7471.073,-89.649,-142.472,-0.793079,0.608631,-0.024357,-0.609118,-0.792383,0.033239,0.000930,0.041197,0.999151,0,0.67006,0.70336,40.204,1.407,-1,400.000,-1,400.000,-1,325.000,325.000,300.000,300.000,1000.000,325.000,400.000,-1,850.000,-1,-1,-1,2,0,2,0,2,0,0,0,0,1,1,1,2,0,2,2,2
36,-3506.167,-7499.502,-89.577,-140.825,-0.775275,0.631142,-0.024656,-0.631620,-0.774556,0.033462,0.002022,0.041515,0.999136,0,0.75006,0.82336,45.004,1.647,-1,400.000,-1,400.000,-1,325.000,325.000,300.000,300.000,-1,375.000,475.000,-1,850.000,-1,-1,-1,2,0,2,0,2,0,0,0,0,2,1,1,2,0,2,2,2
37,-3543.719,-7532.216,-89.472,-138.939,-0.754088,0.656292,-0.025150,-0.656766,-0.753346,0.033579,0.003091,0.041839,0.999120,0,0.83006,0.94336,49.804,1.887,-1,400.000,-1,400.000,-1,325.000,325.000,300.000,300.000,-1,450.000,550.000,-1,850.000,-1,-1,-1,2,0,2,0,2,0,0,0,0,2,1,1,2,0,2,2,2
38,-3583.843,-7569.252,-89.466,-137.292,-0.734909,0.677664,-0.026102,-0.678158,-0.734169,0.033133,0.003289,0.042051,0.999110,0,0.91006,0.82336,54.604,1.647,-1,400.000,-1,400.000,-1,325.000,325.000,300.000,300.000,-1,500.000,625.000,-1,850.000,-1,-1,-1,2,0,2,0,2,0,0,0,0,2,1,1,2,0,2,2,2
39,-3626.405,-7610.691,-89.380,-135.766,-0.716590,0.696958,-0.027351,-0.697488,-0.715859,0.032510,0.003078,0.042373,0.999097,0,0.99006,0.76272,59.404,1.525,-1,400.000,-1,400.000,-1,325.000,325.000,300.000,300.000,-1,575.000,700.000,-1,850.000,1000.000,-1,-1,2,0,2,0,2,0,0,0,0,2,1,1,2,0,1,2,2
40,-3668.310,-7653.632,-89.296,-134.300,-0.698501,0.715035,-0.028663,-0.715604,-0.697776,0.031934,0.002834,0.042817,0.999079,0,1.00000,0.73318,60.000,1.466,-1,400.000,-1,450.000,-1,325.000,325.000,300.000,300.000,-1,675.000,800.000,-1,875.000,925.000,-1,-1,2,0,2,1,2,0,0,0,0,2,1,1,2,0,0,2,2
41,-3709.150,-7697.588,-89.309,-132.896,-0.680761,0.731887,-0.030091,-0.732500,-0.680022,0.031835,0.002837,0.043714,0.999040,0,1.00000,0.70193,60.000,1.404,-1,400.000,-1,450.000,-1,325.000,325.000,300.000,300.000,-1,750.000,875.000,-1,875.000,950.000,-1,-1,2,0,2,1,2,0,0,0,0,2,1,1,2,0,0,2,2
42,-3748.952,-7742.485,-89.278,-131.558,-0.663459,0.747547,-0.031557,-0.748208,-0.662714,0.031546,0.002669,0.044541,0.999004,0,1.00000,0.66933,60.000,1.339,-1,400.000,-1,450.000,-1,325.000,325.000,300.000,300.000,-1,850.000,975.000,-1,875.000,950.000,-1,-1,2,0,2,1,2,0,0,0,0,2,1,1,2,0,0,2,2
43,-3787.748,-7788.254,-89.246,-130.286,-0.646682,0.762045,-0.033007,-0.762757,-0.645948,0.030870,0.002204,0.045139,0.998978,0,1.00000,0.63564,60.000,1.271,-1,400.000,-1,425.000,-1,325.000,325.000,300.000,300.000,-1,925.000,-1,-1,875.000,975.000,-1,-1,2,0,2,1,2,0,0,0,0,2,1,2,2,0,0,2,2
44,-3825.575,-7834.827,-89.293,-129.084,-0.630502,0.775428,-0.034328,-0.776187,-0.629816,0.029415,0.001189,0.045192,0.998978,0,1.00000,0.60111,60.000,1.202,-1,400.000,-1,425.000,-1,325.000,325.000,300.000,300.000,-1,-1,-1,-1,900.000,-1,-1,-1,2,0,2,0,2,0,0,0,0,2,2,2,2,0,2,2,2
45,-3862.475,-7882.139,-89.305,-127.952,-0.615000,0.787722,-0.035619,-0.788527,-0.614372,0.027790,0.000007,0.045177,0.998979,0,1.00000,0.56609,60.000,1.132,-1,400.000,-1,425.000,-1,325.000,325.000,300.000,-1,-1,-1,-1,-1,-1,-1,-1,-1,2,0,2,0,2,0,0,0,2,2,2,2,2,2,2,2,2
46,-3897.907,-7929.351,-90.581,-126.890,-0.600067,0.798792,-0.043014,-0.799933,-0.599532,0.025841,-0.005147,0.049914,0.998740,0,0.98382,0.53096,59.029,1.062,-1,400.000,-1,400.000,-1,325.000,325.000,300.000,-1,-1,-1,-1,-1,-1,-1,-1,-1,2,0,2,0,2,0,0,0,2,2,2,2,2,2,2,2,2
47,-3931.759,-7976.212,-91.337,-125.846,-0.585219,0.809469,-0.047735,-0.810831,-0.584787,0.024036,-0.008458,0.052772,0.998571,0,0.96349,0.52221,57.809,1.044,-1,400.000,-1,400.000,-1,325.000,325.000,300.000,-1,-1,-1,-1,-1,-1,-1,-1,-1,2,0,2,0,2,0,0,0,2,2,2,2,2,2,2,2,2
48,-3964.012,-8022.595,-91.123,-124.813,-0.570505,0.819908,-0.047694,-0.821249,-0.570122,0.022627,-0.008640,0.052077,0.998606,0,0.94158,0.51642,56.495,1.033,-1,400.000,-1,400.000,-1,325.000,325.000,300.000,-1,-1,-1,-1,-1,-1,-1,-1,-1,2,0,2,0,2,0,0,0,2,2,2,2,2,2,2,2,2
49,-3994.665,-8068.401,-90.113,-123.788,-0.555850,0.830124,-0.043866,-0.831258,-0.555467,0.021616,-0.006422,0.048480,0.998804,0,0.91861,0.51240,55.117,1.025,-1,400.000,-1,425.000,-1,325.000,325.000,300.000,-1,-1,-1,-1,-1,-1,-1,-1,-1,2,0,2,0,2,0,0,0,2,2,2,2,2,2,2,2,2
50,-4023.733,-8113.562,-90.610,-122.768,-0.540873,0.839820,-0.046468,-0.841065,-0.540559,0.020153,-0.008194,0.049983,0.998716,0,0.89511,0.51008,53.707,1.020,-1,400.000,-1,425.000,-1,325.000,325.000,300.000,-1,-1,-1,-1,-1,-1,-1,-1,-1,2,0,2,0,2,0,0,0,2,2,2,2,2,2,2,2,2
51,-4051.250,-8158.033,-91.171,-121.749,-0.525751,0.849244,-0.048686,-0.850583,-0.525508,0.018712,-0.009694,0.051250,0.998639,0,0.87161,0.50940,52.297,1.019,-1,400.000,-1,425.000,-1,325.000,325.000,300.000,-1,-1,-1,-1,-1,-1,-1,-1,-1,2,0,2,0,2,0,0,0,2,2,2,2,2,2,2,2,2
52,-4075.691,-8198.758,-91.694,-120.970,-0.514056,0.856255,-0.050735,-0.857684,-0.513884,0.017378,-0.011192,0.052448,0.998561,0,0.79161,0.38940,47.497,0.779,-1,400.000,-1,425.000,-1,325.000,325.000,300.000,-1,-1,-1,-1,-1,-1,-1,-1,-1,2,0,2,0,2,0,0,0,2,2,2,2,2,2,2,2,2
53,-4097.702,-8236.229,-92.191,-120.431,-0.505877,0.860998,-0.052647,-0.862512,-0.505779,0.016149,-0.012724,0.053578,0.998483,0,0.72430,0.26940,43.458,0.539,-1,400.000,-1,425.000,-1,325.000,325.000,300.000,-1,-1,-1,-1,-1,-1,-1,-1,-1,2,1,2,0,2,0,0,0,2,2,2,2,2,2,2,2,2
54,-4119.022,-8272.961,-92.701,-120.133,-0.501267,0.863571,-0.054568,-0.865172,-0.501251,0.014958,-0.014435,0.054708,0.998398,0,0.70784,0.14940,42.470,0.299,-1,425.000,-1,425.000,-1,325.000,325.000,300.000,-1,-1,-1,-1,-1,-1,-1,-1,-1,2,1,2,0,2,0,0,0,2,2,2,2,2,2,2,2,2
55,-4139.879,-8308.979,-93.233,-120.074,-0.500258,0.864030,-0.056512,-0.865722,-0.500334,0.013815,-0.016338,0.055835,0.998306,0,0.69369,0.02940,41.621,0.059,-1,475.000,-1,425.000,-1,350.000,325.000,300.000,-1,-1,-1,-1,-1,-1,-1,-1,-1,2,1,2,0,2,1,0,0,2,2,2,2,2,2,2,2,2
56,-4160.491,-8344.316,-93.812,-120.255,-0.502859,0.862392,-0.058412,-0.864173,-0.503034,0.012745,-0.018392,0.056887,0.998211,0,0.68182,-0.09060,40.909,-0.181,-1,-1,-1,425.000,-1,-1,325.000,300.000,-1,-1,-1,-1,-1,-1,-1,-1,-1,2,2,2,0,2,2,0,0,2,2,2,2,2,2,2,2,2
57,-4181.065,-8379.001,-94.543,-120.676,-0.509076,0.858642,-0.059793,-0.860482,-0.509343,0.011829,-0.020299,0.057473,0.998141,0,0.67213,-0.21060,40.328,-0.421,-1,-1,-1,-1,-1,-1,-1,300.000,950.000,-1,-1,-1,-1,-1,-1,-1,-1,2,2,2,2,2,2,2,0,1,2,2,2,2,2,2,2,2
58,-4201.801,-8413.055,-95.326,-121.337,-0.518833,0.852680,-0.061225,-0.854581,-0.519201,0.010986,-0.022420,0.058022,0.998064,0,0.66450,-0.33060,39.870,-0.661,-1,-1,-1,-1,-1,-1,-1,300.000,850.000,-1,-1,-1,-1,-1,-1,-1,-1,2,2,2,2,2,2,2,0,1,2,2,2,2,2,2,2,2
59,-4222.870,-8446.501,-96.290,-122.208,-0.531589,0.844693,-0.062504,-0.846629,-0.532096,0.009612,-0.025139,0.058027,0.997998,0,0.65880,-0.43527,39.528,-0.871,-1,-1,-1,-1,-1,-1,-1,300.000,300.000,-1,-1,-1,-1,-1,-1,-1,-1,2,2,2,2,2,2,2,0,0,2,2,2,2,2,2,2,2
60,-4244.305,-8479.423,-98.063,-123.067,-0.544073,0.836587,-0.064091,-0.838591,-0.544688,0.008983,-0.027395,0.058634,0.997904,0,0.65474,-0.42975,39.284,-0.860,-1,-1,-1,-1,-1,-1,-1,300.000,300.000,-1,-1,-1,-1,-1,-1,-1,-1,2,2,2,2,2,2,2,0,0,2,2,2,2,2,2,2,2
61,-4266.102,-8511.841,-99.809,-123.915,-0.556255,0.828416,-0.065635,-0.830475,-0.556997,0.008084,-0.029862,0.059005,0.997811,0,0.65108,-0.42399,39.065,-0.848,-1,-1,-1,-1,-1,-1,-1,300.000,300.000,-1,-1,-1,-1,-1,-1,-1,-1,2,2,2,2,2,2,2,0,0,2,2,2,2,2,2,2,2
62,-4288.259,-8543.777,-101.322,-124.751,-0.568111,0.820231,-0.066870,-0.822284,-0.569046,0.005980,-0.033147,0.058383,0.997744,0,0.64781,-0.41800,38.868,-0.836,-1,-1,-1,-1,-1,-1,-1,300.000,300.000,-1,-1,-1,-1,-1,-1,-1,-1,2,2,2,2,2,2,2,0,0,2,2,2,2,2,2,2,2
63,-4313.527,-8579.393,-103.960,-125.347,-0.576281,0.814567,-0.066186,-0.816197,-0.577760,-0.004002,-0.041499,0.051715,0.997799,0,0.72781,-0.29800,43.668,-0.596,-1,-1,-1,-1,-1,-1,-1,300.000,300.000,-1,-1,-1,-1,-1,-1,-1,-1,2,2,2,2,2,2,2,0,0,2,2,2,2,2,2,2,2
64,-4341.901,-8618.690,-108.571,-125.822,-0.582629,0.810264,-0.063366,-0.810807,-0.584847,-0.023364,-0.055990,0.037765,0.997717,0,0.80781,-0.23708,48.468,-0.474,-1,-1,-1,-1,-1,-1,-1,275.000,325.000,-1,-1,-1,-1,-1,-1,-1,-1,2,2,2,2,2,2,2,0,0,2,2,2,2,2,2,2,2
65,-4371.763,-8659.361,-115.072,-126.281,-0.588943,0.805945,-0.059993,-0.804867,-0.591624,-0.046589,-0.073041,0.020848,0.997111,0,0.84089,-0.22989,50.454,-0.460,-1,-1,-1,-1,-1,-1,-1,225.000,325.000,-1,-1,-1,-1,-1,-1,-1,-1,2,2,2,2,2,2,2,0,0,2,2,2,2,2,2,2,2
66,-4402.078,-8699.997,-122.811,-126.725,-0.595394,0.801512,-0.055538,-0.797940,-0.597979,-0.075587,-0.093795,-0.000688,0.995591,0,0.84490,-0.22191,50.694,-0.444,-1,-1,-1,-1,-1,-1,-1,175.000,350.000,-1,-1,-1,-1,-1,-1,-1,-1,2,2,2,2,2,2,2,0,0,2,2,2,2,2,2,2,2
67,-3607.623,-9511.003,-80.832,-8.849,0.986871,0.153713,-0.049584,-0.155416,0.987314,-0.032522,0.043956,0.039801,0.998240,1,0.00000,0.00000,50.963,-0.427,-1,425.000,-1,400.000,-1,325.000,325.000,300.000,300.000,-1,-1,-1,-1,925.000,800.000,-1,-1,2,0,2,0,2,0,0,0,0,2,2,2,2,0,0,2,2
68,-3602.883,-9511.761,-80.612,-9.089,0.986229,0.157847,-0.049368,-0.159541,0.986657,-0.032477,0.043583,0.039906,0.998252,0,0.08000,-0.12000,4.800,-0.240,-1,425.000,-1,400.000,-1,325.000,325.000,300.000,300.000,-1,-1,-1,-1,925.000,775.000,-1,-1,2,0,2,0,2,0,0,0,0,2,2,2,2,0,0,2,2
69,-3593.416,-9513.357,-80.175,-9.569,0.984893,0.166105,-0.048939,-0.167782,0.985292,-0.032392,0.042839,0.040114,0.998276,0,0.16000,-0.24000,9.600,-0.480,-1,425.000,-1,400.000,-1,325.000,325.000,300.000,300.000,-1,-1,-1,-1,925.000,775.000,-1,-1,2,0,2,0,2,0,0,0,0,2,2,2,2,0,0,2,2
70,-3579.248,-9515.929,-79.525,-10.289,0.982759,0.178471,-0.048303,-0.180122,0.983114,-0.032280,0.041726,0.040424,0.998311,0,0.24000,-0.36000,14.400,-0.720,-1,425.000,-1,400.000,-1,325.000,325.000,300.000,300.000,-1,-1,-1,-1,925.000,775.000,-1,-1,2,0,2,0,2,0,0,0,0,2,2,2,2,0,0,2,2
71,-3560.417,-9519.675,-78.669,-11.249,0.979671,0.194914,-0.047468,-0.196532,0.979970,-0.032158,0.040249,0.040834,0.998355,0,0.32000,-0.48000,19.200,-0.960,-1,425.000,-1,400.000,-1,325.000,325.000,300.000,300.000,-1,-1,-1,-1,925.000,775.000,-1,-1,2,0,2,0,2,0,0,0,0,2,2,2,2,0,0,2,2
72,-3536.981,-9524.848,-77.614,-12.449,0.975425,0.215380,-0.046448,-0.216957,0.975655,-0.032050,0.038415,0.041340,0.998406,0,0.40000,-0.59971,24.000,-1.199,-1,425.000,-1,400.000,-1,325.000,325.000,300.000,300.000,-1,-1,-1,-1,900.000,775.000,-1,-1,2,0,2,0,2,0,0,0,0,2,2,2,2,0,0,2,2
73,-3508.993,-9531.640,-76.373,-13.640,0.970790,0.235623,-0.045257,-0.237151,0.970947,-0.031964,0.036411,0.041763,0.998464,0,0.48000,-0.59592,28.800,-1.192,-1,425.000,-1,400.000,-1,325.000,325.000,300.000,300.000,-1,-1,-1,-1,900.000,750.000,-1,-1,2,0,2,0,2,0,0,0,0,2,2,2,2,0,0,2,2
74,-3476.511,-9540.236,-74.950,-14.823,0.965782,0.255611,-0.043906,-0.257083,0.965862,-0.031911,0.034250,0.042106,0.998526,0,0.56000,-0.59138,33.600,-1.183,-1,425.000,-1,400.000,-1,325.000,325.000,300.000,300.000,-1,-1,-1,-1,875.000,750.000,-1,-1,2,0,2,0,2,0,0,0,0,2,2,2,2,0,0,2,2
75,-3439.598,-9550.818,-73.349,-15.995,0.960419,0.275314,-0.042406,-0.276723,0.960420,-0.031900,0.031945,0.042372,0.998591,0,0.64000,-0.58611,38.400,-1.172,-1,400.000,-1,400.000,-1,325.000,325.000,300.000,300.000,-1,-1,-1,-1,875.000,750.000,-1,-1,2,0,2,0,2,0,0,0,0,2,2,2,2,0,0,2,2
76,-3398.320,-9563.561,-71.572,-17.156,0.954719,0.294702,-0.040769,-0.296042,0.954641,-0.031942,0.029506,0.042565,0.998658,0,0.72000,-0.58011,43.200,-1.160,-1,400.000,-1,375.000,-1,325.000,325.000,325.000,300.000,-1,-1,-1,-1,850.000,725.000,-1,-1,2,0,2,0,2,0,0,0,0,2,2,2,2,0,0,2,2
77,-3353.645,-9578.339,-69.923,-18.302,0.948679,0.313761,-0.039517,-0.315012,0.948589,-0.030759,0.027835,0.041629,0.998745,0,0.78426,-0.57337,47.056,-1.147,-1,400.000,-1,375.000,-1,325.000,325.000,325.000,300.000,-1,-1,-1,-1,850.000,725.000,-1,-1,2,0,2,0,2,0,0,0,0,2,2,2,2,0,0,2,2
78,-3308.932,-9594.116,-68.563,-19.435,0.942357,0.332470,-0.037771,-0.333590,0.942286,-0.028561,0.026096,0.039514,0.998878,0,0.79025,-0.56607,47.415,-1.132,-1,400.000,-1,375.000,-1,325.000,325.000,300.000,300.000,-1,-1,-1,-1,825.000,725.000,-1,-1,2,0,2,0,2,0,0,0,0,2,2,2,2,0,0,2,2
79,-3268.971,-9608.921,-67.363,-20.327,0.937123,0.347129,-0.036079,-0.348132,0.937068,-0.026599,0.024575,0.037487,0.998995,0,0.71025,-0.44607,42.615,-0.892,-1,400.000,-1,375.000,-1,325.000,325.000,300.000,300.000,-1,-1,-1,-1,825.000,725.000,-1,-1,2,0,2,0,2,0,0,0,0,2,2,2,2,0,0,2,2
80,-3233.663,-9622.460,-66.285,-20.979,0.933159,0.357795,-0.034598,-0.358704,0.933119,-0.024927,0.023365,0.035671,0.999090,0,0.63025,-0.32607,37.815,-0.652,-1,400.000,-1,375.000,-1,325.000,325.000,300.000,300.000,-1,-1,-1,-1,800.000,725.000,-1,-1,2,0,2,0,2,0,0,0,0,2,2,2,2,0,0,2,2
81,-3202.935,-9634.531,-65.474,-21.445,0.930238,0.365388,-0.033897,-0.366247,0.930212,-0.023838,0.022821,0.034590,0.999141,0,0.55025,-0.23306,33.015,-0.466,-1,400.000,-1,375.000,-1,325.000,325.000,300.000,325.000,-1,-1,-1,-1,800.000,725.000,-1,-1,2,0,2,0,2,0,0,0,0,2,2,2,2,0,0,2,2
82,-3176.756,-9645.056,-64.862,-21.901,0.927307,0.372786,-0.033660,-0.373621,0.927293,-0.023129,0.022591,0.034023,0.999166,0,0.47025,-0.22797,28.215,-0.456,-1,400.000,-1,375.000,-1,325.000,325.000,300.000,325.000,-1,-1,-1,-1,800.000,725.000,-1,-1,2,0,2,0,2,0,0,0,0,2,2,2,2,0,0,2,2
83,-3155.100,-9653.959,-64.366,-22.348,0.924374,0.380018,-0.033439,-0.380833,0.924368,-0.022598,0.022322,0.033624,0.999185,0,0.39025,-0.22363,23.415,-0.447,-1,400.000,-1,375.000,-1,325.000,325.000,300.000,325.000,-1,-1,-1,-1,800.000,725.000,-1,-1,2,0,2,0,2,0,0,0,0,2,2,2,2,0,0,2,2
84,-3137.938,-9661.169,-64.003,-22.788,0.921436,0.387109,-0.033221,-0.387910,0.921426,-0.022341,0.021962,0.033473,0.999198,0,0.31025,-0.22002,18.615,-0.440,-1,400.000,-1,375.000,-1,325.000,325.000,300.000,325.000,-1,-1,-1,-1,775.000,725.000,-1,-1,2,0,2,0,2,0,0,0,0,2,2,2,2,0,0,2,2
85,-3125.243,-9666.616,-63.731,-23.223,0.918480,0.394083,-0.033063,-0.394875,0.918468,-0.022151,0.021638,0.033401,0.999208,0,0.23025,-0.21716,13.815,-0.434,-1,400.000,-1,375.000,-1,325.000,325.000,300.000,325.000,-1,-1,-1,-1,775.000,725.000,-1,-1,2,0,2,0,2,0,0,0,0,2,2,2,2,0,0,2,2
86,-3116.985,-9670.233,-63.550,-23.653,0.915500,0.400966,-0.032959,-0.401752,0.915484,-0.022025,0.021343,0.033405,0.999214,0,0.15025,-0.21504,9.015,-0.430,-1,400.000,-1,375.000,-1,325.000,325.000,300.000,325.000,-1,-1,-1,-1,775.000,725.000,-1,-1,2,0,2,0,2,0,0,0,0,2,2,2,2,0,0,2,2
87,-3113.137,-9671.953,-63.461,-24.080,0.912486,0.407782,-0.032906,-0.408564,0.912465,-0.021961,0.021070,0.033483,0.999217,0,0.07025,-0.21366,4.215,-0.427,-1,400.000,-1,375.000,-1,325.000,325.000,300.000,325.000,-1,-1,-1,-1,775.000,725.000,-1,-1,2,0,2,0,2,0,0,0,0,2,2,2,2,0,0,2,2
88,-3113.670,-9671.710,-63.461,-24.506,0.909430,0.414553,-0.032899,-0.415335,0.909403,-0.021958,0.020815,0.033633,0.999217,0,-0.00975,-0.21302,-0.585,-0.426,-1,400.000,-1,375.000,-1,325.000,325.000,300.000,325.000,-1,-1,-1,-1,775.000,725.000,-1,-1,2,0,2,0,2,0,0,0,0,2,2,2,2,0,0,2,2
89,-3118.553,-9669.440,-63.549,-24.932,0.906321,0.421304,-0.032934,-0.422088,0.906288,-0.022012,0.020574,0.033851,0.999215,0,-0.08975,-0.21311,-5.385,-0.426,-1,400.000,-1,375.000,-1,325.000,325.000,300.000,325.000,-1,-1,-1,-1,775.000,725.000,-1,-1,2,0,2,0,2,0,0,0,0,2,2,2,2,0,0,2,2
90,-3127.757,-9665.077,-63.720,-25.360,0.903149,0.428055,-0.033009,-0.428844,0.903108,-0.022121,0.020342,0.034134,0.999210,0,-0.16975,-0.21393,-10.185,-0.428,-1,400.000,-1,375.000,-1,325.000,325.000,300.000,325.000,-1,-1,-1,-1,775.000,725.000,-1,-1,2,0,2,0,2,0,0,0,0,2,2,2,2,0,0,2,2
91,-3141.249,-9658.557,-63.980,-25.791,0.899904,0.434830,-0.033112,-0.435626,0.899851,-0.022328,0.020087,0.034517,0.999202,0,-0.24975,-0.21547,-14.985,-0.431,-1,400.000,-1,375.000,-1,325.000,325.000,300.000,325.000,-1,-1,-1,-1,775.000,750.000,-1,-1,2,0,2,0,2,0,0,0,0,2,2,2,2,0,0,2,2
92,-3158.997,-9649.814,-64.363,-26.226,0.896575,0.441647,-0.033200,-0.442455,0.896500,-0.022816,0.019688,0.035146,0.999188,0,-0.32975,-0.21773,-19.785,-0.435,-1,400.000,-1,375.000,-1,325.000,325.000,300.000,325.000,-1,-1,-1,-1,775.000,725.000,-1,-1,2,0,2,0,2,0,0,0,0,2,2,2,2,0,0,2,2
93,-3180.967,-9638.779,-64.823,-26.668,0.893147,0.448529,-0.033316,-0.449352,0.893048,-0.023408,0.019253,0.035877,0.999171,0,-0.40975,-0.22070,-24.585,-0.441,-1,400.000,-1,375.000,-1,325.000,325.000,300.000,325.000,-1,-1,-1,-1,775.000,725.000,-1,-1,2,0,2,0,2,0,0,0,0,2,2,2,2,0,0,2,2
94,-3206.515,-9625.696,-65.338,-27.117,0.889609,0.455496,-0.033455,-0.456336,0.889481,-0.024084,0.018787,0.036692,0.999150,0,-0.47839,-0.22438,-28.704,-0.449,-1,400.000,-1,375.000,-1,325.000,325.000,300.000,325.000,-1,-1,-1,-1,775.000,725.000,-1,-1,2,0,2,0,2,0,0,0,0,2,2,2,2,0,0,2,2
95,-3227.659,-9614.545,-65.886,-27.805,0.884055,0.466133,-0.034167,-0.467014,0.883899,-0.024915,0.018587,0.037983,0.999106,0,-0.39839,-0.34438,-23.904,-0.689,-1,400.000,-1,375.000,-1,325.000,325.000,300.000,325.000,-1,-1,-1,-1,775.000,725.000,-1,-1,2,0,2,0,2,0,0,0,0,2,2,2,2,0,0,2,2
96,-3244.409,-9605.360,-66.336,-28.734,0.876370,0.480376,-0.034864,-0.481294,0.876185,-0.025619,0.018240,0.039231,0.999064,0,-0.31839,-0.46438,-19.104,-0.929,-1,400.000,-1,375.000,-1,325.000,325.000,300.000,300.000,-1,-1,-1,-1,775.000,725.000,-1,-1,2,0,2,0,2,0,0,0,0,2,2,2,2,0,0,2,2
97,-3256.808,-9598.229,-66.657,-29.903,0.866382,0.498127,-0.035382,-0.499070,0.866168,-0.026126,0.017633,0.040293,0.999032,0,-0.23839,-0.58438,-14.304,-1.169,-1,400.000,-1,375.000,-1,325.000,325.000,300.000,300.000,-1,-1,-1,-1,775.000,725.000,-1,-1,2,0,2,0,2,0,0,0,0,2,2,2,2,0,0,2,2
98,-3264.927,-9593.290,-66.858,-31.312,0.853874,0.519252,-0.035723,-0.520210,0.853629,-0.026444,0.016763,0.041164,0.999012,0,-0.15839,-0.70438,-9.504,-1.409,-1,400.000,-1,375.000,-1,325.000,325.000,300.000,300.000,-1,-1,-1,-1,775.000,750.000,-1,-1,2,0,2,0,2,0,0,0,0,2,2,2,2,0,0,2,2
99,-3268.873,-9590.731,-66.950,-32.960,0.838588,0.543583,-0.035890,-0.544542,0.838312,-0.026591,0.015633,0.041842,0.999002,0,-0.07839,-0.82438,-4.704,-1.649,-1,400.000,-1,375.000,-1,325.000,325.000,300.000,300.000,-1,-1,-1,-1,775.000,750.000,-1,-1,2,0,2,0,2,0,0,0,0,2,2,2,2,0,0,2,2
100,-3268.794,-9590.787,-66.945,-34.849,0.820231,0.570906,-0.035888,-0.571855,0.819924,-0.026588,0.014246,0.042331,0.999002,0,0.00161,-0.94438,0.096,-1.889,-1,400.000,-1,375.000,-1,325.000,325.000,325.000,300.000,-1,-1,-1,-1,775.000,750.000,-1,-1,2,0,2,0,2,0,0,0,0,2,2,2,2,0,0,2,2
101,-3264.875,-9593.723,-66.856,-36.849,0.799827,0.599166,-0.035728,-0.600096,0.799490,-0.026465,0.012707,0.042607,0.999011,0,0.08161,-1.00000,4.896,-2.000,-1,400.000,-1,375.000,-1,325.000,325.000,325.000,300.000,-1,-1,-1,-1,775.000,750.000,-1,-1,2,0,2,0,2,0,0,0,0,2,2,2,2,0,0,2,2
102,-3257.323,-9599.806,-66.696,-38.849,0.778454,0.626701,-0.035425,-0.627603,0.778091,-0.026251,0.011112,0.042668,0.999028,0,0.16161,-1.00000,9.696,-2.000,-1,400.000,-1,375.000,-1,325.000,325.000,325.000,325.000,-1,-1,-1,-1,750.000,750.000,-1,-1,2,0,2,0,2,0,0,0,0,2,2,2,2,0,0,2,2
103,-3246.357,-9609.288,-66.480,-40.849,0.756136,0.653478,-0.034997,-0.654346,0.755749,-0.025975,0.009475,0.042541,0.999050,0,0.24161,-1.00000,14.496,-2.000,-1,400.000,-1,375.000,-1,325.000,325.000,325.000,325.000,-1,-1,-1,-1,750.000,750.000,-1,-1,2,0,2,0,2,0,0,0,0,2,2,2,2,0,0,2,2
104,-3232.210,-9622.412,-66.217,-42.849,0.732899,0.679463,-0.034467,-0.680292,0.732492,-0.025661,0.007811,0.042254,0.999076,0,0.32161,-1.00000,19.296,-2.000,-1,400.000,-1,375.000,-1,325.000,300.000,325.000,325.000,-1,-1,-1,-1,750.000,750.000,-1,-1,2,0,2,0,2,0,0,0,0,2,2,2,2,0,0,2,2
105,-3215.126,-9639.406,-65.918,-44.849,0.708771,0.704625,-0.033858,-0.705412,0.708345,-0.025333,0.006133,0.041839,0.999106,0,0.40161,-1.00000,24.096,-2.000,-1,400.000,-1,375.000,-1,325.000,300.000,325.000,325.000,-1,-1,-1,-1,725.000,750.000,-1,-1,2,0,2,0,2,0,0,0,0,2,2,2,2,0,0,2,2
106,-3195.363,-9660.488,-65.714,-46.849,0.683767,0.728919,-0.033766,-0.729685,0.683324,-0.025055,0.004810,0.041770,0.999116,0,0.48161,-1.00000,28.896,-2.000,-1,375.000,-1,375.000,-1,325.000,300.000,325.000,325.000,-1,-1,-1,-1,725.000,750.000,-1,-1,2,0,2,0,2,0,0,0,0,2,2,2,2,0,0,2,2
107,-3173.189,-9685.861,-65.574,-48.849,0.657921,0.752317,-0.034042,-0.753078,0.657465,-0.024777,0.003741,0.041938,0.999113,0,0.56161,-1.00000,33.696,-2.000,-1,375.000,-1,375.000,-1,325.000,300.000,325.000,325.000,-1,-1,-1,-1,725.000,750.000,-1,-1,2,0,2,0,2,0,0,0,0,2,2,2,2,0,0,2,2
108,-3148.884,-9715.715,-65.444,-50.849,0.631272,0.774798,-0.034423,-0.775557,0.630803,-0.024470,0.002755,0.042145,0.999108,0,0.64161,-1.00000,38.496,-2.000,-1,375.000,-1,400.000,-1,325.000,325.000,325.000,325.000,-1,-1,-1,-1,725.000,775.000,-1,-1,2,0,2,0,2,0,0,0,0,2,2,2,2,0,0,2,2
109,-3123.540,-9749.163,-65.331,-52.849,0.603852,0.796331,-0.034910,-0.797094,0.603372,-0.024148,0.001834,0.042408,0.999099,0,0.69941,-1.00000,41.965,-2.000,-1,375.000,-1,400.000,-1,325.000,325.000,325.000,325.000,-1,-1,-1,-1,725.000,775.000,-1,-1,2,0,2,0,2,0,0,0,0,2,2,2,2,0,0,2,2
110,-3096.915,-9786.976,-65.351,-54.849,0.575708,0.816877,-0.035673,-0.817655,0.575194,-0.024334,0.000641,0.043178,0.999067,0,0.77077,-1.00000,46.246,-2.000,-1,375.000,-1,400.000,-1,325.000,325.000,325.000,325.000,-1,-1,-1,-1,725.000,775.000,-1,-1,2,0,2,0,2,0,0,0,0,2,2,2,2,0,0,2,2
111,-3071.528,-9825.843,-65.448,-56.849,0.546870,0.836416,-0.036625,-0.837217,0.546311,-0.024740,-0.000684,0.044193,0.999023,0,0.77372,-1.00000,46.423,-2.000,-1,375.000,-1,400.000,-1,325.000,325.000,325.000,325.000,-1,-1,-1,-1,750.000,775.000,-1,-1,2,0,2,0,2,0,0,0,0,2,2,2,2,0,0,2,2
112,-3047.417,-9865.731,-65.576,-58.849,0.517370,0.854931,-0.037705,-0.855760,0.516762,-0.025142,-0.002010,0.045274,0.998973,0,0.77679,-1.00000,46.608,-2.000,-1,375.000,-1,400.000,950.000,325.000,325.000,325.000,325.000,-1,-1,-1,-1,750.000,775.000,-1,-1,2,0,2,0,1,0,0,0,0,2,2,2,2,0,0,2,2
113,-3024.620,-9906.603,-65.765,-60.849,0.487240,0.872403,-0.038854,-0.873262,0.486588,-0.025404,-0.003257,0.046308,0.998922,0,0.77999,-1.00000,46.800,-2.000,-1,400.000,-1,400.000,875.000,325.000,325.000,325.000,325.000,-1,-1,-1,-1,750.000,800.000,-1,-1,2,0,2,0,1,0,0,0,0,2,2,2,2,0,0,2,2
114,-3003.173,-9948.423,-66.094,-62.849,0.456506,0.888826,-0.039894,-0.889711,0.455831,-0.025171,-0.004188,0.046985,0.998887,0,0.78331,-1.00000,46.999,-2.000,-1,400.000,-1,400.000,800.000,325.000,325.000,325.000,325.000,-1,-1,-1,-1,750.000,800.000,-1,-1,2,0,2,0,1,0,0,0,0,2,2,2,2,0,0,2,2
115,-2983.110,-9991.153,-66.464,-64.849,0.425224,0.904161,-0.040954,-0.905073,0.424519,-0.025031,-0.005247,0.047710,0.998847,0,0.78675,-1.00000,47.205,-2.000,-1,400.000,-1,400.000,750.000,325.000,325.000,325.000,325.000,-1,-1,-1,-1,750.000,800.000,-1,-1,2,0,2,0,1,0,0,0,0,2,2,2,2,0,0,2,2
116,-2964.467,-10034.753,-67.105,-66.849,0.393457,0.918433,-0.040899,-0.919315,0.392708,-0.025305,-0.007180,0.047555,0.998843,0,0.79031,-1.00000,47.419,-2.000,-1,400.000,-1,400.000,700.000,325.000,325.000,325.000,325.000,-1,-1,-1,-1,750.000,800.000,-1,-1,2,0,2,0,1,0,0,0,0,2,2,2,2,0,0,2,2
117,-2947.278,-10079.184,-67.783,-68.849,0.361218,0.931582,-0.040950,-0.932436,0.360417,-0.025740,-0.009220,0.047481,0.998830,0,0.79398,-1.00000,47.639,-2.000,-1,400.000,-1,400.000,650.000,325.000,325.000,325.000,325.000,-1,-1,-1,-1,750.000,800.000,-1,-1,2,0,2,0,1,0,0,0,0,2,2,2,2,0,0,2,2
118,-2931.575,-10124.401,-68.504,-70.849,0.328546,0.943593,-0.041119,-0.944420,0.327686,-0.026330,-0.011371,0.047484,0.998807,0,0.79776,-1.00000,47.866,-2.000,-1,400.000,-1,400.000,600.000,325.000,325.000,300.000,325.000,-1,-1,-1,-1,750.000,800.000,-1,-1,2,0,2,0,1,0,0,0,0,2,2,2,2,0,0,2,2
119,-2917.392,-10170.362,-69.271,-72.849,0.295481,0.954450,-0.041415,-0.955251,0.294555,-0.027067,-0.013635,0.047560,0.998775,0,0.80165,-1.00000,48.099,-2.000,-1,400.000,-1,400.000,550.000,325.000,325.000,300.000,325.000,-1,-1,-1,-1,750.000,800.000,-1,850.000,2,0,2,0,1,0,0,0,0,2,2,2,2,0,0,2,1
120,-2904.758,-10217.021,-70.088,-74.849,0.262066,0.964142,-0.041849,-0.964917,0.261063,-0.027941,-0.016014,0.047703,0.998733,0,0.80565,-1.00000,48.339,-2.000,-1,400.000,-1,400.000,500.000,325.000,325.000,300.000,325.000,-1,-1,-1,-1,725.000,800.000,-1,675.000,2,0,2,0,1,0,0,0,0,2,2,2,2,0,1,2,1
121,-2893.704,-10264.332,-70.959,-76.849,0.228341,0.972656,-0.042429,-0.973405,0.227254,-0.028943,-0.018509,0.047910,0.998680,0,0.80974,-1.00000,48.585,-2.000,-1,375.000,-1,400.000,475.000,325.000,325.000,300.000,325.000,-1,-1,-1,-1,725.000,725.000,-1,575.000,2,0,2,0,1,0,0,0,0,2,2,2,2,0,1,2,1
122,-2884.260,-10312.247,-71.890,-78.849,0.194349,0.979982,-0.043163,-0.980705,0.193168,-0.030060,-0.021121,0.048173,0.998616,0,0.81393,-1.00000,48.836,-2.000,-1,375.000,-1,400.000,425.000,325.000,325.000,300.000,325.000,-1,-1,-1,-1,725.000,650.000,-1,500.000,2,0,2,0,1,0,0,0,0,2,2,2,2,0,1,2,1
123,-2876.452,-10360.715,-72.885,-80.849,0.160132,0.986112,-0.044058,-0.986808,0.158847,-0.031281,-0.023849,0.048486,0.998539,0,0.81821,-1.00000,49.093,-2.000,-1,375.000,-1,400.000,375.000,325.000,325.000,300.000,325.000,-1,-1,-1,-1,725.000,600.000,-1,450.000,2,0,2,1,1,0,0,0,0,2,2,2,2,0,1,2,1
124,-2870.309,-10409.686,-73.951,-82.849,0.125732,0.991038,-0.045118,-0.991705,0.124333,-0.032594,-0.026692,0.048842,0.998450,0,0.82257,-1.00000,49.354,-2.000,-1,375.000,-1,375.000,350.000,325.000,325.000,300.000,325.000,-1,-1,-1,-1,725.000,550.000,-1,375.000,2,0,2,1,1,0,0,0,0,2,2,2,2,0,1,2,1
125,-2865.854,-10459.106,-75.091,-84.849,0.091194,0.994754,-0.046348,-0.995392,0.089669,-0.033983,-0.029649,0.049233,0.998347,0,0.82700,-1.00000,49.620,-2.000,-1,375.000,-1,350.000,300.000,325.000,325.000,300.000,325.000,-1,-1,-1,-1,725.000,500.000,-1,325.000,2,0,2,1,1,0,0,0,0,2,2,2,2,0,1,2,1
126,-2863.113,-10508.921,-75.386,-86.849,0.056265,0.997435,-0.044255,-0.998000,0.054907,-0.031335,-0.028824,0.045929,0.998529,0,0.83149,-1.00000,49.890,-2.000,-1,400.000,-1,350.000,275.000,325.000,325.000,300.000,325.000,-1,-1,-1,-1,750.000,475.000,-1,300.000,2,0,2,1,1,0,0,0,0,2,2,2,2,0,1,2,1
127,-2862.109,-10559.073,-74.974,-88.849,0.020988,0.999091,-0.037103,-0.999487,0.020070,-0.024944,-0.024176,0.037607,0.999000,0,0.83604,-1.00000,50.163,-2.000,975.000,400.000,-1,325.000,250.000,350.000,350.000,300.000,350.000,-1,-1,-1,-1,750.000,450.000,-1,275.000,1,0,2,1,1,0,0,0,0,2,2,2,2,0,1,2,1
128,-2862.860,-10609.506,-74.309,-90.849,-0.014299,0.999500,-0.028193,-0.999726,-0.014814,-0.018144,-0.018553,0.027926,0.999438,0,0.84063,-1.00000,50.438,-2.000,950.000,425.000,-1,325.000,225.000,350.000,375.000,300.000,375.000,-1,-1,-1,-1,775.000,425.000,-1,250.000,1,0,2,1,1,0,0,0,0,2,2,2,2,0,1,2,1
129,-2865.383,-10660.158,-73.333,-92.849,-0.049508,0.998625,-0.017225,-0.998704,-0.049700,-0.010924,-0.011765,0.016661,0.999792,0,0.84525,-1.00000,50.715,-2.000,950.000,450.000,-1,300.000,200.000,375.000,350.000,275.000,400.000,-1,-1,1000.000,-1,825.000,400.000,-1,225.000,1,0,2,1,1,0,1,0,0,2,2,0,2,0,1,2,1
130,-2869.695,-10710.968,-71.994,-94.849,-0.084519,0.996414,-0.003877,-0.996415,-0.084532,-0.003320,-0.003636,0.003583,0.999987,0,0.84988,-1.00000,50.993,-2.000,975.000,475.000,-1,300.000,175.000,400.000,350.000,275.000,450.000,-1,225.000,450.000,-1,850.000,375.000,-1,200.000,1,0,2,1,1,0,1,0,0,2,0,0,2,0,1,2,1
131,-2875.777,-10763.468,-70.200,-96.609,-0.115018,0.993287,0.012354,-0.993342,-0.115088,0.005109,0.006496,-0.011684,0.999911,0,0.88085,-0.88000,52.851,-1.760,-1,500.000,-1,275.000,175.000,425.000,325.000,275.000,500.000,-1,150.000,275.000,-1,925.000,350.000,-1,175.000,2,0,2,1,1,0,1,0,0,2,0,0,2,0,1,2,1
132,-2883.283,-10816.038,-67.967,-98.129,-0.140856,0.989539,0.031165,-0.989859,-0.141346,0.014128,0.018385,-0.028859,0.999414,0,0.88504,-0.76000,53.103,-1.520,-1,525.000,-1,275.000,150.000,450.000,325.000,250.000,575.000,700.000,100.000,250.000,-1,975.000,325.000,-1,175.000,2,0,2,1,1,0,1,0,0,0,0,0,2,0,1,2,1
133,-2891.993,-10868.640,-65.281,-99.409,-0.161881,0.985410,0.052559,-0.986290,-0.163295,0.023807,0.032042,-0.047984,0.998334,0,0.88863,-0.64000,53.318,-1.280,-1,550.000,-1,250.000,150.000,500.000,300.000,250.000,650.000,525.000,50.000,225.000,-1,-1,325.000,-1,150.000,2,0,2,1,1,0,1,0,0,0,0,0,2,2,1,2,1
134,-2901.684,-10921.246,-62.138,-100.449,-0.177928,0.981067,0.076479,-0.982899,-0.180930,0.034250,0.047438,-0.069077,0.996483,0,0.89149,-0.52000,53.489,-1.040,-1,600.000,-1,250.000,125.000,500.000,300.000,250.000,775.000,375.000,25.000,200.000,-1,-1,300.000,-1,125.000,2,0,2,1,1,1,1,0,0,0,0,0,2,2,1,2,1
135,-2912.180,-10973.818,-58.528,-101.309,-0.189835,0.976402,0.102967,-0.979696,-0.195269,0.045457,0.064490,-0.092247,0.993646,0,0.89344,-0.43005,53.606,-0.860,-1,625.000,-1,250.000,125.000,475.000,300.000,225.000,950.000,300.000,25.000,175.000,-1,-1,325.000,-1,125.000,2,0,2,1,1,1,1,0,0,0,0,0,2,2,1,2,1
136,-2923.485,-11026.282,-54.396,-102.186,-0.200696,0.970643,0.132561,-0.976122,-0.209613,0.057000,0.083113,-0.117956,0.989534,0,0.89441,-0.43838,53.664,-0.877,-1,675.000,-1,250.000,100.000,475.000,300.000,225.000,-1,225.000,0.000,175.000,-1,-1,325.000,-1,100.000,2,0,2,1,1,1,1,0,2,0,0,0,2,2,1,2,1
137,4919.475,6231.296,171.531,166.200,-0.971366,-0.237141,0.014537,0.233988,-0.965470,-0.114535,0.041196,-0.107854,0.993313,1,0.00000,0.00000,53.679,-0.895,-1,500.000,-1,350.000,325.000,375.000,325.000,250.000,225.000,500.000,175.000,350.000,625.000,900.000,625.000,-1,425.000,2,0,2,1,1,1,1,0,1,0,0,1,1,0,1,2,1
