timestep,x_cm,y_cm,z_cm,yaw_deg,basis_xx,basis_xy,basis_xz,basis_yx,basis_yy,basis_yz,basis_zx,basis_zy,basis_zz,teleport_flag,throttle_cmd,steering_cmd,cmd_move_cm,cmd_turn_deg,lidar_cm_0,lidar_cm_1,lidar_cm_2,lidar_cm_3,lidar_cm_4,lidar_cm_5,lidar_cm_6,lidar_cm_7,lidar_cm_8,lidar_cm_9,lidar_cm_10,lidar_cm_11,lidar_cm_12,lidar_cm_13,lidar_cm_14,lidar_cm_15,lidar_cm_16,lidar_class_0,lidar_class_1,lidar_class_2,lidar_class_3,lidar_class_4,lidar_class_5,lidar_class_6,lidar_class_7,lidar_class_8,lidar_class_9,lidar_class_10,lidar_class_11,lidar_class_12,lidar_class_13,lidar_class_14,lidar_class_15,lidar_class_16
0,-2947.257,-4265.390,-139.738,-22.652,0.922454,0.384571,0.034406,-0.385821,0.921532,0.043825,-0.014852,-0.053701,0.998447,1,0.08000,0.12000,4.800,0.240,-1,400.000,-1,400.000,-1,325.000,325.000,300.000,300.000,-1,-1,-1,-1,825.000,825.000,-1,-1,2,0,2,0,2,0,0,0,0,2,2,2,2,0,0,2,2
1,-2938.367,-4269.012,-139.893,-22.172,0.925627,0.376841,0.034708,-0.378112,0.924731,0.043624,-0.015656,-0.053503,0.998445,0,0.16000,0.24000,9.600,0.480,-1,400.000,-1,400.000,-1,325.000,325.000,300.000,300.000,-1,-1,-1,-1,825.000,825.000,-1,-1,2,0,2,0,2,0,0,0,0,2,2,2,2,0,0,2,2
2,-2924.965,-4274.279,-140.138,-21.452,0.930266,0.365197,0.035161,-0.366499,0.929409,0.043325,-0.016857,-0.053190,0.998442,0,0.24000,0.36000,14.400,0.720,-1,400.000,-1,400.000,-1,325.000,325.000,300.000,300.000,-1,-1,-1,-1,800.000,825.000,-1,-1,2,0,2,0,2,0,0,0,0,2,2,2,2,0,0,2,2
3,-2906.980,-4281.000,-140.485,-20.492,0.936223,0.349583,0.035766,-0.350923,0.935420,0.042929,-0.018449,-0.052742,0.998438,0,0.32000,0.48000,19.200,0.960,-1,400.000,-1,400.000,-1,325.000,325.000,300.000,300.000,-1,-1,-1,-1,800.000,825.000,-1,-1,2,0,2,0,2,0,0,0,0,2,2,2,2,0,0,2,2
4,-2884.353,-4289.000,-140.946,-19.471,0.942266,0.332868,0.036515,-0.334252,0.941528,0.042440,-0.020253,-0.052195,0.998432,0,0.40000,0.51052,24.000,1.021,-1,400.000,-1,400.000,-1,325.000,325.000,300.000,300.000,-1,-1,-1,-1,800.000,825.000,-1,-1,2,0,2,0,2,0,0,0,0,2,2,2,2,0,0,2,2
5,-2857.034,-4298.114,-141.534,-18.450,0.948002,0.316059,0.037408,-0.317489,0.947338,0.041858,-0.022208,-0.051558,0.998423,0,0.48000,0.51018,28.800,1.020,-1,400.000,-1,400.000,-1,325.000,325.000,300.000,300.000,-1,-1,-1,-1,800.000,825.000,-1,-1,2,0,2,0,2,0,0,0,0,2,2,2,2,0,0,2,2
6,-2824.977,-4308.180,-142.261,-17.431,0.953427,0.299165,0.038443,-0.300644,0.952847,0.041182,-0.024310,-0.050822,0.998412,0,0.56000,0.50972,33.600,1.019,-1,400.000,-1,400.000,-1,325.000,325.000,300.000,275.000,-1,-1,-1,-1,800.000,825.000,-1,-1,2,0,2,0,2,0,0,0,0,2,2,2,2,0,0,2,2
7,-2788.142,-4319.030,-143.140,-16.413,0.958538,0.282198,0.039623,-0.283726,0.958054,0.040411,-0.026557,-0.049978,0.998397,0,0.64000,0.50911,38.400,1.018,-1,400.000,-1,400.000,-1,325.000,325.000,300.000,300.000,-1,-1,-1,-1,800.000,800.000,-1,-1,2,0,2,0,2,0,0,0,0,2,2,2,2,0,0,2,2
8,-2746.492,-4330.499,-144.184,-15.396,0.963332,0.265168,0.040948,-0.266745,0.962955,0.039543,-0.028945,-0.049016,0.998378,0,0.72000,0.50830,43.200,1.017,-1,400.000,-1,400.000,-1,325.000,325.000,300.000,300.000,-1,-1,-1,-1,775.000,800.000,-1,-1,2,0,2,0,2,0,0,0,0,2,2,2,2,0,0,2,2
9,-2699.997,-4342.421,-145.430,-14.381,0.967811,0.248089,0.042359,-0.249715,0.967545,0.038709,-0.031381,-0.048041,0.998352,0,0.80000,0.50724,48.000,1.014,-1,400.000,-1,400.000,-1,325.000,325.000,300.000,300.000,-1,-1,-1,-1,775.000,800.000,-1,-1,2,0,2,0,2,0,0,0,0,2,2,2,2,1,0,2,2
10,-2657.984,-4352.480,-146.713,-13.463,0.971608,0.232560,0.043516,-0.234237,0.971418,0.038464,-0.033327,-0.047565,0.998312,0,0.72000,0.45904,43.200,0.918,-1,400.000,-1,400.000,-1,325.000,325.000,300.000,300.000,-1,-1,-1,-1,775.000,800.000,-1,-1,2,0,2,0,2,0,0,0,0,2,2,2,2,1,0,2,2
11,-2620.501,-4360.822,-147.916,-12.548,0.975147,0.217019,0.044631,-0.218748,0.975028,0.038347,-0.035194,-0.047157,0.998267,0,0.64000,0.45758,38.400,0.915,-1,400.000,-1,400.000,-1,325.000,325.000,300.000,300.000,-1,-1,-1,-1,750.000,775.000,-1,1000.000,2,0,2,0,2,0,0,0,0,2,2,2,2,1,0,2,1
12,-2587.592,-4367.599,-149.005,-11.636,0.978433,0.201478,0.045567,-0.203248,0.978380,0.038253,-0.036874,-0.046689,0.998229,0,0.56000,0.45598,33.600,0.912,-1,400.000,-1,400.000,-1,325.000,325.000,300.000,300.000,-1,-1,-1,-1,750.000,775.000,-1,950.000,2,0,2,0,2,0,0,0,0,2,2,2,2,0,1,2,1
13,-2559.296,-4372.961,-150.090,-10.728,0.981493,0.185947,0.045776,-0.187712,0.981495,0.037829,-0.037895,-0.045721,0.998235,0,0.48000,0.45426,28.800,0.909,-1,400.000,-1,400.000,-1,325.000,325.000,300.000,300.000,-1,-1,-1,-1,750.000,750.000,-1,925.000,2,0,2,0,2,0,0,0,0,2,2,2,2,0,1,2,1
14,-2535.648,-4377.056,-150.973,-9.823,0.984303,0.170428,0.045839,-0.172188,0.984345,0.037642,-0.038706,-0.044944,0.998239,0,0.40000,0.45249,24.000,0.905,-1,400.000,-1,400.000,-1,325.000,325.000,300.000,300.000,-1,-1,-1,-1,750.000,725.000,-1,875.000,2,0,2,0,2,0,0,0,0,2,2,2,2,0,1,2,1
15,-2516.680,-4380.033,-151.693,-8.921,0.986861,0.154927,0.045867,-0.156682,0.986937,0.037498,-0.039458,-0.044192,0.998244,0,0.32000,0.45069,19.200,0.901,-1,400.000,-1,400.000,975.000,325.000,325.000,300.000,300.000,-1,-1,-1,-1,750.000,700.000,-1,850.000,2,0,2,0,1,0,0,0,0,2,2,2,2,0,1,2,1
16,-2502.421,-4382.044,-152.240,-8.024,0.989167,0.139447,0.045866,-0.141197,0.989275,0.037398,-0.040159,-0.043469,0.998247,0,0.24000,0.44892,14.400,0.898,-1,400.000,-1,400.000,950.000,325.000,325.000,300.000,300.000,-1,-1,-1,-1,750.000,675.000,-1,825.000,2,0,2,0,1,0,0,0,0,2,2,2,2,0,1,2,1
17,-2492.896,-4383.235,-152.605,-7.129,0.991224,0.123991,0.045844,-0.125736,0.991361,0.037347,-0.040817,-0.042783,0.998250,0,0.16000,0.44722,9.600,0.894,-1,400.000,-1,400.000,925.000,325.000,325.000,300.000,300.000,-1,-1,-1,-1,750.000,675.000,-1,800.000,2,0,2,0,1,0,0,0,0,2,2,2,2,0,1,2,1
18,-2488.125,-4383.757,-152.782,-6.238,0.993034,0.108559,0.045806,-0.110299,0.993197,0.037345,-0.041441,-0.042138,0.998252,0,0.08000,0.44564,4.800,0.891,-1,400.000,-1,400.000,900.000,325.000,325.000,300.000,300.000,-1,-1,-1,-1,750.000,675.000,-1,775.000,2,0,2,0,1,0,0,0,0,2,2,2,2,0,1,2,1
19,-2488.125,-4383.757,-152.762,-5.349,0.994600,0.093148,0.045757,-0.094886,0.994785,0.037398,-0.042035,-0.041537,0.998252,0,-0.00000,0.44421,-0.000,0.888,-1,400.000,-1,400.000,875.000,325.000,325.000,300.000,300.000,-1,-1,-1,-1,750.000,650.000,-1,775.000,2,0,2,0,1,0,0,0,0,2,2,2,2,0,1,2,1
20,-2492.910,-4383.384,-152.539,-4.463,0.995924,0.077758,0.045701,-0.079495,0.996129,0.037506,-0.042608,-0.040986,0.998251,0,-0.08000,0.44297,-4.800,0.886,-1,400.000,-1,400.000,875.000,325.000,325.000,300.000,300.000,-1,-1,-1,-1,750.000,650.000,-1,775.000,2,0,2,0,1,0,0,0,0,2,2,2,2,0,1,2,1
21,-2502.492,-4382.785,-152.108,-3.580,0.997008,0.062383,0.045641,-0.064121,0.997231,0.037675,-0.043164,-0.040489,0.998247,0,-0.16000,0.44196,-9.600,0.884,-1,400.000,-1,400.000,875.000,325.000,325.000,300.000,300.000,-1,-1,-1,-1,750.000,675.000,-1,775.000,2,0,2,0,1,0,0,0,0,2,2,2,2,0,1,2,1
22,-2512.711,-4382.304,-151.642,-2.697,0.997853,0.047018,0.045582,-0.048759,0.998093,0.037852,-0.043715,-0.039993,0.998243,0,-0.17050,0.44121,-10.230,0.882,-1,400.000,-1,400.000,875.000,325.000,325.000,300.000,300.000,-1,-1,-1,-1,750.000,675.000,-1,775.000,2,0,2,0,1,0,0,0,0,2,2,2,2,0,1,2,1
23,-2523.027,-4381.977,-151.166,-1.816,0.998461,0.031666,0.045525,-0.033408,0.998718,0.038030,-0.044262,-0.039492,0.998239,0,-0.17203,0.44052,-10.322,0.881,-1,400.000,-1,400.000,875.000,325.000,325.000,300.000,300.000,-1,-1,-1,-1,750.000,675.000,-1,800.000,2,0,2,0,1,0,0,0,0,2,2,2,2,0,1,2,1
24,-2533.440,-4381.807,-150.679,-0.936,0.998832,0.016328,0.045470,-0.018072,0.999106,0.038210,-0.044805,-0.038987,0.998235,0,-0.17356,0.43989,-10.414,0.880,-1,400.000,-1,400.000,875.000,325.000,325.000,300.000,300.000,-1,-1,-1,-1,750.000,675.000,-1,800.000,2,0,2,0,1,0,0,0,0,2,2,2,2,0,1,2,1
25,-2543.946,-4381.797,-150.181,-0.058,0.998968,0.001006,0.045416,-0.002752,0.999259,0.038391,-0.045344,-0.038476,0.998230,0,-0.17510,0.43930,-10.506,0.879,-1,400.000,-1,400.000,875.000,325.000,325.000,300.000,300.000,-1,-1,-1,-1,750.000,675.000,-1,800.000,2,0,2,0,1,0,0,0,0,2,2,2,2,0,1,2,1
26,-2554.544,-4381.948,-149.673,0.820,0.998868,-0.014298,0.045365,0.012550,0.999177,0.038574,-0.045880,-0.037961,0.998225,0,-0.17664,0.43875,-10.599,0.877,-1,400.000,-1,400.000,875.000,325.000,325.000,300.000,300.000,-1,-1,-1,-1,750.000,700.000,-1,800.000,2,0,2,0,1,0,0,0,0,2,2,2,2,0,1,2,1
27,-2565.231,-4382.265,-149.153,1.696,0.998535,-0.029581,0.045317,0.027832,0.998861,0.038759,-0.046412,-0.037441,0.998220,0,-0.17819,0.43825,-10.692,0.876,-1,400.000,-1,400.000,875.000,325.000,325.000,300.000,300.000,-1,-1,-1,-1,750.000,700.000,-1,825.000,2,0,2,0,1,0,0,0,0,2,2,2,2,0,1,2,1
28,-2576.004,-4382.749,-148.622,2.572,0.997968,-0.044842,0.045270,0.043091,0.998312,0.038946,-0.046940,-0.036916,0.998215,0,-0.17974,0.43779,-10.784,0.876,-1,400.000,-1,400.000,875.000,325.000,325.000,300.000,300.000,-1,-1,-1,-1,750.000,700.000,-1,825.000,2,0,2,0,1,0,0,0,0,2,2,2,2,0,1,2,1
29,-2581.980,-4383.084,-148.322,3.207,0.997410,-0.055914,0.045234,0.054163,0.997768,0.039054,-0.047317,-0.036503,0.998213,0,-0.09974,0.31779,-5.984,0.636,-1,400.000,-1,400.000,875.000,325.000,325.000,300.000,300.000,-1,-1,-1,-1,750.000,700.000,-1,825.000,2,0,2,0,1,0,0,0,0,2,2,2,2,0,1,2,1
30,-2583.162,-4383.159,-148.256,3.603,0.997002,-0.062802,0.045208,0.061053,0.997369,0.039082,-0.047544,-0.036205,0.998213,0,-0.01974,0.19779,-1.184,0.396,-1,400.000,-1,400.000,875.000,325.000,325.000,300.000,300.000,-1,-1,-1,-1,750.000,700.000,-1,825.000,2,0,2,0,1,0,0,0,0,2,2,2,2,0,1,2,1
31,-2579.554,-4382.922,-148.427,3.759,0.996828,-0.065511,0.045191,0.063766,0.997201,0.039031,-0.047621,-0.036025,0.998216,0,0.06026,0.07779,3.616,0.156,-1,400.000,-1,400.000,875.000,325.000,325.000,300.000,300.000,-1,-1,-1,-1,750.000,700.000,-1,825.000,2,0,2,0,1,0,0,0,0,2,2,2,2,0,1,2,1
32,-2571.156,-4382.383,-148.834,3.674,0.996924,-0.064041,0.045183,0.062302,0.997299,0.038901,-0.047552,-0.035966,0.998221,0,0.14026,-0.04221,8.416,-0.084,-1,400.000,-1,400.000,875.000,325.000,325.000,300.000,300.000,-1,-1,-1,-1,750.000,700.000,-1,825.000,2,0,2,0,1,0,0,0,0,2,2,2,2,0,1,2,1
33,-2557.963,-4381.611,-149.473,3.350,0.997271,-0.058393,0.045185,0.056662,0.997643,0.038693,-0.047338,-0.036027,0.998229,0,0.22026,-0.16221,13.216,-0.324,-1,400.000,-1,400.000,850.000,325.000,325.000,300.000,300.000,-1,-1,-1,-1,750.000,700.000,-1,800.000,2,0,2,0,1,0,0,0,0,2,2,2,2,0,1,2,1
34,-2539.969,-4380.735,-150.341,2.785,0.997797,-0.048562,0.045201,0.046840,0.998164,0.038410,-0.046983,-0.036209,0.998239,0,0.30026,-0.28221,18.016,-0.564,-1,400.000,-1,400.000,850.000,325.000,325.000,300.000,300.000,-1,-1,-1,-1,750.000,675.000,-1,800.000,2,0,2,0,1,0,0,0,0,2,2,2,2,0,1,2,1
35,-2517.167,-4379.946,-151.428,1.981,0.998379,-0.034544,0.045233,0.032832,0.998736,0.038056,-0.046491,-0.036509,0.998251,0,0.38026,-0.40221,22.816,-0.804,-1,400.000,-1,400.000,825.000,325.000,325.000,300.000,300.000,-1,-1,-1,-1,750.000,675.000,-1,775.000,2,0,2,0,1,0,0,0,0,2,2,2,2,0,1,2,1
36,-2489.555,-4379.495,-152.725,0.937,0.998841,-0.016333,0.045286,0.014633,0.999185,0.037632,-0.045863,-0.036926,0.998265,0,0.46026,-0.52221,27.616,-1.044,-1,400.000,-1,400.000,800.000,325.000,325.000,300.000,300.000,-1,-1,-1,-1,750.000,650.000,-1,750.000,2,0,2,0,1,0,0,0,0,2,2,2,2,0,1,2,1
37,-2457.139,-4379.691,-154.218,-0.348,0.998952,0.006068,0.045362,-0.007757,0.999280,0.037143,-0.045104,-0.037456,0.998280,0,0.54026,-0.64221,32.416,-1.284,-1,400.000,-1,400.000,775.000,325.000,325.000,300.000,300.000,-1,-1,-1,-1,750.000,625.000,-1,725.000,2,0,2,0,1,0,0,0,0,2,2,2,2,0,1,2,1
38,-2419.944,-4380.907,-155.892,-1.872,0.998432,0.032649,0.045468,-0.034326,0.998740,0.036595,-0.044216,-0.038098,0.998295,0,0.62026,-0.76221,37.216,-1.524,-1,400.000,-1,400.000,750.000,325.000,325.000,300.000,300.000,-1,-1,-1,-1,750.000,600.000,-1,700.000,2,0,2,0,1,0,0,0,0,2,2,2,2,0,1,2,1
39,-2378.012,-4383.572,-157.729,-3.637,0.996947,0.063383,0.045606,-0.065048,0.997233,0.035992,-0.043199,-0.038848,0.998311,0,0.70026,-0.88221,42.016,-1.764,-1,400.000,-1,400.000,725.000,325.000,325.000,300.000,300.000,-1,-1,-1,-1,725.000,575.000,-1,650.000,2,0,2,0,1,0,0,0,0,2,2,2,2,0,1,2,1
40,-2331.423,-4388.170,-159.711,-5.637,0.994119,0.098144,0.045780,-0.099797,0.994380,0.035341,-0.042054,-0.039702,0.998326,0,0.78026,-1.00000,46.816,-2.000,-1,400.000,975.000,400.000,700.000,325.000,325.000,300.000,300.000,-1,-1,-1,-1,725.000,550.000,-1,625.000,2,0,1,0,1,0,0,0,0,2,2,2,2,0,1,2,1
41,-2280.265,-4395.029,-161.820,-7.637,0.990078,0.132783,0.045973,-0.134425,0.990318,0.034658,-0.040926,-0.040494,0.998341,0,0.86026,-1.00000,51.616,-2.000,-1,400.000,875.000,400.000,650.000,325.000,325.000,300.000,300.000,-1,-1,-1,-1,725.000,525.000,-1,575.000,2,1,1,1,1,0,0,0,0,2,2,2,2,0,1,2,1
42,-2226.978,-4403.847,-163.959,-9.397,0.985524,0.163132,0.046163,-0.164761,0.985748,0.033986,-0.039961,-0.041100,0.998356,0,0.90018,-0.88000,54.011,-1.760,-1,375.000,775.000,375.000,625.000,325.000,325.000,300.000,300.000,-1,-1,-1,-1,725.000,475.000,-1,525.000,2,1,1,1,1,1,1,0,0,2,2,2,2,0,1,2,1
43,-2173.515,-4414.159,-166.060,-10.917,0.980841,0.189219,0.046338,-0.190836,0.981055,0.033349,-0.039150,-0.041553,0.998369,0,0.90747,-0.76000,54.448,-1.520,-1,350.000,675.000,350.000,575.000,300.000,300.000,300.000,300.000,-1,-1,-1,-1,650.000,450.000,-1,475.000,2,1,1,1,1,1,1,0,0,2,2,2,2,1,1,2,1
44,-2119.869,-4425.754,-168.135,-12.197,0.976362,0.211084,0.046490,-0.212689,0.976571,0.032747,-0.038488,-0.041861,0.998382,0,0.91475,-0.64000,54.885,-1.280,-1,350.000,625.000,325.000,525.000,275.000,275.000,300.000,300.000,-1,-1,-1,-1,575.000,400.000,-1,450.000,2,1,1,1,1,1,1,0,0,2,2,2,2,1,1,2,1
45,-2066.017,-4438.422,-170.196,-13.237,0.972363,0.228773,0.046609,-0.230365,0.972572,0.032179,-0.037969,-0.042027,0.998395,0,0.92203,-0.52000,55.322,-1.040,-1,325.000,550.000,300.000,450.000,250.000,250.000,300.000,300.000,-1,-1,-1,-1,500.000,350.000,-1,375.000,2,1,1,1,1,1,1,0,0,2,2,2,2,1,1,2,1
46,-2011.925,-4451.945,-172.262,-14.037,0.969085,0.242330,0.046370,-0.243898,0.969281,0.031746,-0.037253,-0.042075,0.998420,0,0.92928,-0.40000,55.757,-0.800,-1,300.000,475.000,250.000,400.000,250.000,225.000,300.000,300.000,-1,-1,-1,-1,450.000,325.000,-1,325.000,2,1,1,1,1,1,1,0,0,2,2,2,2,1,1,2,1
47,-1957.549,-4466.107,-173.907,-14.597,0.966770,0.251811,0.044117,-0.253226,0.966941,0.030027,-0.035098,-0.040201,0.998575,0,0.93650,-0.28000,56.190,-0.560,-1,275.000,425.000,225.000,325.000,225.000,200.000,300.000,300.000,-1,-1,-1,-1,400.000,275.000,-1,275.000,2,1,1,1,1,1,1,0,0,2,2,2,2,1,1,2,1
48,-1902.837,-4480.684,-175.180,-14.917,0.965501,0.257241,0.040443,-0.258424,0.965645,0.027325,-0.032024,-0.036834,0.998808,0,0.94367,-0.16000,56.620,-0.320,-1,250.000,375.000,200.000,250.000,200.000,175.000,325.000,300.000,-1,-1,-1,-1,375.000,250.000,-1,225.000,2,1,1,1,1,1,1,0,0,2,2,2,2,1,1,2,1
49,-1847.735,-4495.439,-170.973,-14.997,0.965686,0.258422,0.025854,-0.259388,0.964663,0.046285,-0.012979,-0.051403,0.998594,0,0.95075,-0.04000,57.045,-0.080,-1,250.000,375.000,175.000,225.000,200.000,175.000,300.000,325.000,-1,500.000,525.000,-1,375.000,225.000,-1,200.000,2,1,1,1,1,1,1,0,0,2,0,0,2,1,1,2,1
50,-1792.186,-4510.141,-164.588,-14.837,0.966815,0.255399,0.006373,-0.255174,0.964142,0.072908,0.012476,-0.072115,0.997318,0,0.95769,0.08000,57.461,0.160,-1,250.000,375.000,175.000,225.000,200.000,175.000,300.000,400.000,-1,175.000,250.000,-1,400.000,225.000,-1,200.000,2,1,1,1,1,1,1,0,0,2,0,0,2,1,1,2,1
51,-1736.143,-4524.552,-157.538,-14.437,0.968586,0.248209,-0.015264,-0.245482,0.964143,0.100829,0.039743,-0.093915,0.994787,0,0.96442,0.20000,57.865,0.400,-1,275.000,400.000,175.000,225.000,200.000,175.000,300.000,475.000,700.000,100.000,200.000,-1,425.000,225.000,-1,175.000,2,1,1,1,1,1,1,0,0,0,0,0,2,1,1,2,1
52,-6231.351,-4919.502,-109.990,-53.518,0.593674,0.803828,0.037555,-0.799130,0.594403,-0.089866,-0.094559,0.023340,0.995246,1,0.00000,0.00000,58.250,0.609,-1,875.000,-1,-1,-1,-1,-1,275.000,250.000,-1,-1,-1,-1,-1,-1,-1,-1,2,1,2,2,2,2,2,0,1,2,2,2,2,2,2,2,2
53,-2091.327,-726.715,-260.074,2.997,0.997279,-0.052251,0.052007,0.050251,0.997973,0.039042,-0.053942,-0.036323,0.997883,1,0.08000,0.12000,4.800,0.240,-1,350.000,-1,325.000,-1,275.000,275.000,-1,350.000,-1,-1,-1,-1,475.000,500.000,-1,850.000,2,1,2,1,2,1,1,2,0,2,2,2,2,1,1,2,0
54,-2081.744,-726.133,-260.461,3.477,0.996751,-0.060609,0.053045,0.058543,0.997496,0.039670,-0.055316,-0.036436,0.997804,0,0.16000,0.24000,9.600,0.480,-1,325.000,-1,325.000,-1,275.000,275.000,-1,350.000,-1,-1,-1,-1,475.000,500.000,-1,800.000,2,1,2,1,2,1,1,2,0,2,2,2,2,1,1,2,0
55,-2067.381,-725.099,-261.046,4.118,0.995923,-0.071762,0.054668,0.069593,0.996749,0.040601,-0.057404,-0.036631,0.997679,0,0.24000,0.32043,14.400,0.641,-1,325.000,-1,300.000,-1,275.000,275.000,-1,350.000,-1,-1,-1,-1,450.000,475.000,-1,725.000,2,1,2,1,2,1,1,2,0,2,2,2,2,1,1,2,0
56,-2048.248,-723.502,-261.817,4.769,0.994913,-0.083074,0.056983,0.080758,0.995856,0.041810,-0.060220,-0.036995,0.997499,0,0.32000,0.32530,19.200,0.651,-1,325.000,925.000,300.000,-1,275.000,250.000,-1,350.000,-1,-1,-1,-1,450.000,475.000,-1,650.000,2,1,0,1,2,1,1,2,0,2,2,2,2,1,1,2,0
57,-2024.355,-721.227,-262.789,5.437,0.993696,-0.094684,0.060023,0.092172,0.994800,0.043326,-0.063814,-0.037521,0.997256,0,0.40000,0.33420,24.000,0.668,-1,300.000,825.000,300.000,-1,250.000,250.000,-1,350.000,-1,-1,-1,-1,425.000,450.000,-1,575.000,2,1,0,1,2,1,1,2,0,2,2,2,2,1,1,2,0
58,-1995.720,-718.150,-263.991,6.132,0.992237,-0.106742,0.063811,0.103981,0.993554,0.045142,-0.068218,-0.038157,0.996941,0,0.48000,0.34755,28.800,0.695,-1,300.000,725.000,275.000,925.000,250.000,250.000,-1,375.000,-1,-1,-1,-1,400.000,425.000,-1,500.000,2,1,0,1,0,1,1,2,0,2,2,2,2,1,1,2,0
59,-1962.360,-714.132,-264.889,6.864,0.990623,-0.119413,0.066376,0.116285,0.991999,0.049153,-0.071715,-0.040974,0.996583,0,0.56000,0.36599,33.600,0.732,-1,275.000,650.000,275.000,800.000,250.000,225.000,-1,375.000,-1,-1,-1,-1,375.000,400.000,-1,450.000,2,1,1,1,0,1,1,2,0,2,2,2,2,1,1,2,0
60,-1924.302,-709.019,-266.261,7.645,0.988936,-0.132886,0.065932,0.129279,0.990011,0.056261,-0.072749,-0.047115,0.996237,0,0.64000,0.39044,38.400,0.781,-1,250.000,625.000,275.000,800.000,225.000,225.000,-1,375.000,-1,-1,-1,-1,350.000,400.000,-1,425.000,2,1,0,1,0,1,1,2,0,2,2,2,2,1,1,2,1
61,-1881.577,-702.644,-265.575,8.489,0.987529,-0.147473,0.055126,0.144538,0.988029,0.053923,-0.062419,-0.045283,0.997022,0,0.72000,0.42220,43.200,0.844,-1,250.000,725.000,275.000,-1,225.000,225.000,-1,400.000,-1,-1,-1,-1,350.000,400.000,-1,500.000,2,1,0,1,2,1,1,2,0,2,2,2,2,1,1,2,1
62,-1834.225,-694.795,-264.675,9.415,0.985625,-0.163435,0.042806,0.161213,0.985598,0.051063,-0.050535,-0.043428,0.997778,0,0.80000,0.46300,48.000,0.926,-1,250.000,900.000,275.000,-1,225.000,225.000,-1,400.000,-1,-1,-1,-1,350.000,425.000,-1,575.000,2,1,0,1,2,1,1,2,0,2,2,2,2,1,1,2,0
63,2295.764,-4919.492,-172.118,-106.128,-0.277432,0.960455,0.023615,-0.960598,-0.277736,0.010701,0.016837,-0.019715,0.999664,1,0.00000,0.00000,48.862,0.686,-1,400.000,-1,400.000,-1,325.000,325.000,300.000,300.000,-1,-1,-1,-1,825.000,800.000,-1,-1,2,0,2,0,2,0,0,0,0,2,2,2,2,0,0,2,2
64,2294.450,-4924.109,-172.041,-105.888,-0.273409,0.961609,0.023563,-0.961754,-0.273710,0.010594,0.016637,-0.019765,0.999666,0,0.08000,0.12000,4.800,0.240,-1,400.000,-1,400.000,-1,325.000,325.000,300.000,300.000,-1,-1,-1,-1,825.000,800.000,-1,-1,2,0,2,0,2,0,0,0,0,2,2,2,2,0,0,2,2
65,2291.899,-4933.364,-171.886,-105.408,-0.265351,0.963866,0.023462,-0.964015,-0.265644,0.010378,0.016236,-0.019864,0.999671,0,0.16000,0.24000,9.600,0.480,-1,400.000,-1,400.000,-1,325.000,325.000,300.000,300.000,-1,-1,-1,-1,825.000,800.000,-1,-1,2,0,2,0,2,0,0,0,0,2,2,2,2,0,0,2,2
66,2288.196,-4947.280,-171.655,-104.902,-0.256836,0.966174,0.023321,-0.966328,-0.257119,0.010044,0.015700,-0.019956,0.999678,0,0.24000,0.25306,14.400,0.506,-1,400.000,-1,400.000,-1,325.000,325.000,300.000,300.000,-1,-1,-1,-1,825.000,800.000,-1,-1,2,0,2,0,2,0,0,0,0,2,2,2,2,0,0,2,2
67,2283.423,-4965.877,-171.348,-104.396,-0.248304,0.968406,0.023142,-0.968565,-0.248574,0.009588,0.015037,-0.020034,0.999686,0,0.32000,0.25306,19.200,0.506,-1,400.000,-1,400.000,-1,325.000,325.000,300.000,300.000,-1,-1,-1,-1,825.000,800.000,-1,-1,2,0,2,0,2,0,0,0,0,2,2,2,2,0,0,2,2
68,2277.661,-4989.175,-170.969,-103.890,-0.239756,0.970562,0.022931,-0.970729,-0.240009,0.009009,0.014247,-0.020100,0.999696,0,0.40000,0.25306,24.000,0.506,-1,400.000,-1,400.000,-1,325.000,325.000,300.000,275.000,-1,-1,-1,-1,800.000,800.000,-1,-1,2,0,2,0,2,0,0,0,0,2,2,2,2,0,0,2,2
69,2270.995,-5017.193,-170.519,-103.384,-0.231191,0.972644,0.022693,-0.972817,-0.231426,0.008304,0.013329,-0.020157,0.999708,0,0.48000,0.25306,28.800,0.506,-1,400.000,-1,400.000,-1,325.000,325.000,300.000,275.000,-1,-1,-1,-1,800.000,800.000,-1,-1,2,0,2,0,2,0,0,0,0,2,2,2,2,0,0,2,2
70,2263.507,-5049.947,-170.001,-102.878,-0.222612,0.974649,0.022434,-0.974830,-0.222825,0.007472,0.012281,-0.020206,0.999720,0,0.56000,0.25306,33.600,0.506,-1,400.000,-1,400.000,-1,325.000,325.000,300.000,300.000,-1,-1,-1,-1,800.000,800.000,-1,-1,2,0,2,0,2,0,0,0,0,2,2,2,2,0,0,2,2
71,2255.280,-5087.456,-169.417,-102.372,-0.214018,0.976578,0.022160,-0.976767,-0.214207,0.006511,0.011105,-0.020252,0.999733,0,0.64000,0.25306,38.400,0.506,-1,400.000,-1,400.000,-1,325.000,325.000,300.000,300.000,-1,-1,-1,-1,800.000,800.000,-1,-1,2,0,2,0,2,0,0,0,0,2,2,2,2,0,0,2,2
72,2246.397,-5129.733,-168.772,-101.865,-0.205409,0.978432,0.021878,-0.978627,-0.205572,0.005419,0.009799,-0.020297,0.999746,0,0.72000,0.25306,43.200,0.506,-1,400.000,-1,400.000,-1,325.000,325.000,300.000,300.000,-1,-1,-1,-1,800.000,800.000,-1,-1,2,0,2,0,2,0,0,0,0,2,2,2,2,0,0,2,2
73,2237.409,-5174.472,-168.101,-101.359,-0.196786,0.980208,0.021609,-0.980410,-0.196920,0.004255,0.008426,-0.020349,0.999757,0,0.76055,0.25306,45.633,0.506,-1,400.000,-1,400.000,-1,325.000,325.000,300.000,300.000,-1,-1,-1,-1,800.000,800.000,-1,-1,2,0,2,0,2,0,0,0,0,2,2,2,2,0,0,2,2
74,2228.817,-5219.288,-167.608,-100.853,-0.188135,0.981895,0.022098,-0.982115,-0.188251,0.003293,0.007394,-0.021084,0.999750,0,0.76055,0.25306,45.633,0.506,-1,400.000,-1,400.000,-1,325.000,325.000,300.000,300.000,-1,-1,-1,-1,800.000,800.000,-1,-1,2,0,2,0,2,0,0,0,0,2,2,2,2,0,0,2,2
75,2220.621,-5264.179,-167.201,-100.347,-0.179472,0.983497,0.022896,-0.983744,-0.179566,0.002131,0.006207,-0.022141,0.999736,0,0.76055,0.25306,45.633,0.506,-1,400.000,-1,400.000,-1,325.000,325.000,300.000,300.000,-1,-1,-1,-1,800.000,800.000,-1,-1,2,0,2,0,2,0,0,0,0,2,2,2,2,0,0,2,2
76,2212.822,-5309.140,-166.957,-99.841,-0.170791,0.985034,0.023193,-0.985293,-0.170870,0.001447,0.005388,-0.022605,0.999730,0,0.76055,0.25306,45.633,0.506,-1,400.000,-1,400.000,-1,325.000,325.000,300.000,300.000,-1,-1,-1,-1,800.000,800.000,-1,-1,2,0,2,0,2,0,0,0,0,2,2,2,2,0,0,2,2
77,2205.421,-5354.169,-166.826,-99.335,-0.162097,0.986504,0.023113,-0.986764,-0.162162,0.000916,0.004652,-0.022658,0.999732,0,0.76055,0.25306,45.633,0.506,-1,400.000,-1,400.000,-1,325.000,325.000,300.000,300.000,-1,-1,-1,-1,800.000,800.000,-1,-1,2,0,2,0,2,0,0,0,0,2,2,2,2,0,0,2,2
78,2198.417,-5399.261,-166.708,-98.829,-0.153391,0.987898,0.023005,-0.988158,-0.153441,0.000403,0.003928,-0.022671,0.999735,0,0.76055,0.25306,45.633,0.506,-1,400.000,-1,400.000,-1,325.000,325.000,300.000,300.000,-1,-1,-1,-1,800.000,800.000,-1,-1,2,0,2,0,2,0,0,0,0,2,2,2,2,0,0,2,2
79,2191.812,-5444.413,-166.603,-98.323,-0.144673,0.989215,0.022872,-0.989474,-0.144708,-0.000095,0.003216,-0.022645,0.999738,0,0.76055,0.25306,45.633,0.506,-1,400.000,-1,400.000,-1,325.000,325.000,300.000,300.000,-1,-1,-1,-1,800.000,800.000,-1,-1,2,0,2,0,2,0,0,0,0,2,2,2,2,0,0,2,2
80,2184.744,-5494.348,-166.498,-98.056,-0.140091,0.989879,0.022683,-0.990135,-0.140112,-0.000639,0.002546,-0.022548,0.999743,0,0.84055,0.13306,50.433,0.266,-1,400.000,-1,400.000,-1,325.000,325.000,300.000,300.000,-1,-1,-1,-1,775.000,800.000,-1,-1,2,0,2,0,2,0,0,0,0,2,2,2,2,0,0,2,2
81,2177.028,-5549.039,-166.388,-98.030,-0.139654,0.989946,0.022433,-0.990199,-0.139661,-0.001230,0.001916,-0.022385,0.999748,0,0.92055,0.01306,55.233,0.026,-1,400.000,-1,400.000,-1,325.000,325.000,300.000,300.000,-1,-1,-1,-1,800.000,825.000,-1,-1,2,0,2,0,2,0,0,0,0,2,2,2,2,0,0,2,2
82,2169.005,-5604.409,-166.276,-98.244,-0.143361,0.989423,0.022138,-0.989669,-0.143356,-0.001824,0.001369,-0.022171,0.999753,0,0.93247,-0.10694,55.948,-0.214,-1,400.000,-1,400.000,-1,325.000,325.000,300.000,300.000,-1,-1,-1,-1,800.000,825.000,-1,-1,2,0,2,0,2,0,0,0,0,2,2,2,2,0,0,2,2
83,2160.544,-5659.714,-166.157,-98.698,-0.151207,0.988262,0.021801,-0.988502,-0.151190,-0.002412,0.000913,-0.021915,0.999759,0,0.93247,-0.22694,55.948,-0.454,-1,400.000,-1,400.000,-1,325.000,325.000,300.000,300.000,-1,-1,-1,-1,800.000,825.000,-1,-1,2,0,2,0,2,0,0,0,0,2,2,2,2,0,0,2,2
84,2151.414,-5714.913,-166.027,-99.392,-0.163175,0.986365,0.021419,-0.986597,-0.163148,-0.002992,0.000543,-0.021620,0.999766,0,0.93247,-0.34694,55.948,-0.694,-1,400.000,-1,400.000,-1,325.000,325.000,300.000,300.000,-1,-1,-1,-1,800.000,825.000,-1,-1,2,0,2,0,2,0,0,0,0,2,2,2,2,0,0,2,2
85,2141.465,-5769.969,-165.881,-100.244,-0.177830,0.983837,0.020995,-0.984061,-0.177794,-0.003558,0.000232,-0.021293,0.999773,0,0.93247,-0.42588,55.948,-0.852,-1,400.000,-1,400.000,-1,325.000,325.000,300.000,300.000,-1,-1,-1,-1,800.000,825.000,-1,-1,2,0,2,0,2,0,0,0,0,2,2,2,2,0,0,2,2
86,2130.698,-5824.872,-165.721,-101.095,-0.192445,0.981093,0.020540,-0.981308,-0.192401,-0.004102,-0.000073,-0.020946,0.999781,0,0.93247,-0.42588,55.948,-0.852,-1,400.000,-1,400.000,-1,325.000,325.000,300.000,300.000,-1,-1,-1,-1,800.000,825.000,-1,-1,2,0,2,0,2,0,0,0,0,2,2,2,2,0,0,2,2
87,2119.116,-5879.608,-165.695,-101.947,-0.207014,0.978119,0.020677,-0.978338,-0.206963,-0.004588,-0.000208,-0.021179,0.999776,0,0.93247,-0.42588,55.948,-0.852,-1,400.000,-1,400.000,-1,325.000,325.000,300.000,300.000,-1,-1,-1,-1,800.000,825.000,-1,-1,2,0,2,0,2,0,0,0,0,2,2,2,2,0,0,2,2
88,2107.745,-5929.477,-165.762,-102.845,-0.222326,0.974743,0.021138,-0.974972,-0.222264,-0.005297,-0.000465,-0.021787,0.999763,0,0.85247,-0.44898,51.148,-0.898,-1,400.000,-1,400.000,-1,325.000,325.000,300.000,300.000,-1,-1,-1,-1,800.000,825.000,-1,-1,2,0,2,0,2,0,0,0,0,2,2,2,2,0,0,2,2
89,2096.734,-5974.498,-165.846,-103.743,-0.237581,0.971132,0.021407,-0.971368,-0.237510,-0.005824,-0.000571,-0.022177,0.999754,0,0.77247,-0.44898,46.348,-0.898,-1,400.000,-1,400.000,-1,325.000,325.000,300.000,300.000,-1,-1,-1,-1,825.000,825.000,-1,-1,2,0,2,0,2,0,0,0,0,2,2,2,2,0,0,2,2
90,2086.232,-6014.698,-166.066,-104.641,-0.252784,0.967295,0.020992,-0.967522,-0.252701,-0.006549,-0.001030,-0.021965,0.999758,0,0.69247,-0.44898,41.548,-0.898,-1,400.000,-1,400.000,-1,325.000,325.000,300.000,300.000,-1,-1,-1,-1,825.000,825.000,-1,-1,2,0,2,0,2,0,0,0,0,2,2,2,2,0,0,2,2
91,2076.388,-6050.103,-166.255,-105.538,-0.267915,0.963222,0.020613,-0.963442,-0.267822,-0.007206,-0.001420,-0.021790,0.999762,0,0.61247,-0.44872,36.748,-0.897,-1,400.000,-1,400.000,-1,325.000,325.000,300.000,300.000,-1,-1,-1,-1,825.000,825.000,-1,-1,2,0,2,0,2,0,0,0,0,2,2,2,2,0,0,2,2
92,2067.350,-6080.746,-166.414,-106.433,-0.282921,0.958929,0.020275,-0.959142,-0.282819,-0.007789,-0.001735,-0.021650,0.999764,0,0.53247,-0.44701,31.948,-0.894,-1,400.000,-1,400.000,-1,325.000,325.000,300.000,300.000,-1,-1,-1,-1,825.000,825.000,-1,-1,2,0,2,0,2,0,0,0,0,2,2,2,2,0,0,2,2
93,2059.266,-6106.663,-166.544,-107.323,-0.297802,0.954419,0.019981,-0.954626,-0.297693,-0.008294,-0.001968,-0.021545,0.999766,0,0.45247,-0.44536,27.148,-0.891,-1,400.000,-1,400.000,-1,325.000,325.000,300.000,300.000,-1,-1,-1,-1,825.000,825.000,-1,-1,2,0,2,0,2,0,0,0,0,2,2,2,2,0,0,2,2
94,2052.282,-6127.892,-166.645,-108.211,-0.312557,0.949694,0.019737,-0.949897,-0.312443,-0.008717,-0.002112,-0.021472,0.999767,0,0.37247,-0.44381,22.348,-0.888,-1,400.000,-1,400.000,-1,325.000,325.000,300.000,300.000,-1,-1,-1,-1,825.000,800.000,-1,-1,2,0,2,0,2,0,0,0,0,2,2,2,2,0,0,2,2
95,2046.541,-6144.475,-166.720,-109.096,-0.327189,0.944757,0.019545,-0.944957,-0.327071,-0.009053,-0.002160,-0.021432,0.999768,0,0.29247,-0.44239,17.548,-0.885,-1,400.000,-1,400.000,-1,325.000,325.000,300.000,300.000,-1,-1,-1,-1,825.000,800.000,-1,-1,2,0,2,0,2,0,0,0,0,2,2,2,2,0,0,2,2
96,2042.186,-6156.456,-166.768,-109.978,-0.341700,0.939609,0.019411,-0.939807,-0.341580,-0.009301,-0.002109,-0.021421,0.999768,0,0.21247,-0.44115,12.748,-0.882,-1,400.000,-1,400.000,-1,325.000,325.000,300.000,300.000,-1,-1,-1,-1,850.000,800.000,-1,-1,2,0,2,0,2,0,0,0,0,2,2,2,2,0,0,2,2
97,2039.356,-6163.884,-166.792,-110.858,-0.356095,0.934250,0.019337,-0.934448,-0.355974,-0.009457,-0.001951,-0.021437,0.999768,0,0.13247,-0.44013,7.948,-0.880,-1,400.000,-1,400.000,-1,325.000,325.000,300.000,300.000,-1,-1,-1,-1,850.000,800.000,-1,-1,2,0,2,0,2,0,0,0,0,2,2,2,2,0,0,2,2
98,2038.190,-6166.808,-166.795,-111.737,-0.370378,0.928680,0.019327,-0.928879,-0.370260,-0.009521,-0.001686,-0.021479,0.999768,0,0.05247,-0.43935,3.148,-0.879,-1,400.000,-1,400.000,-1,325.000,325.000,300.000,300.000,-1,-1,-1,-1,850.000,800.000,-1,-1,2,0,2,0,2,0,0,0,0,2,2,2,2,0,0,2,2
99,2038.825,-6165.284,-166.778,-112.615,-0.384556,0.922898,0.019381,-0.923101,-0.384442,-0.009492,-0.001309,-0.021541,0.999767,0,-0.02753,-0.43885,-1.652,-0.878,-1,400.000,-1,400.000,-1,325.000,325.000,300.000,300.000,-1,-1,-1,-1,850.000,800.000,-1,-1,2,0,2,0,2,0,0,0,0,2,2,2,2,0,0,2,2
100,2041.396,-6159.367,-166.744,-113.492,-0.398636,0.916902,0.019501,-0.917109,-0.398527,-0.009371,-0.000820,-0.021620,0.999766,0,-0.10753,-0.43865,-6.452,-0.877,-1,400.000,-1,400.000,-1,325.000,325.000,300.000,300.000,-1,-1,-1,-1,850.000,775.000,-1,-1,2,0,2,0,2,0,0,0,0,2,2,2,2,0,0,2,2
101,2046.039,-6149.118,-166.698,-114.369,-0.412623,0.910689,0.019686,-0.910902,-0.412522,-0.009160,-0.000221,-0.021712,0.999764,0,-0.18753,-0.43877,-11.252,-0.878,-1,400.000,-1,400.000,-1,325.000,325.000,300.000,300.000,-1,-1,-1,-1,850.000,775.000,-1,-1,2,0,2,0,2,0,0,0,0,2,2,2,2,0,0,2,2
102,2052.886,-6134.599,-166.642,-115.248,-0.426526,0.904255,0.019935,-0.904475,-0.426435,-0.008861,0.000488,-0.021811,0.999762,0,-0.26753,-0.43923,-16.052,-0.878,-1,400.000,-1,400.000,-1,325.000,325.000,300.000,300.000,-1,-1,-1,-1,850.000,775.000,-1,-1,2,0,2,0,2,0,0,0,0,2,2,2,2,0,0,2,2
103,2062.068,-6115.879,-166.582,-116.128,-0.440352,0.897597,0.020244,-0.897824,-0.440272,-0.008479,0.001302,-0.021910,0.999759,0,-0.34753,-0.44003,-20.852,-0.880,-1,400.000,-1,400.000,-1,325.000,325.000,300.000,300.000,-1,-1,-1,-1,850.000,775.000,-1,-1,2,0,2,0,2,0,0,0,0,2,2,2,2,0,0,2,2
104,2069.297,-6101.547,-166.542,-116.768,-0.450342,0.892621,0.020479,-0.892854,-0.450271,-0.008190,0.001910,-0.021973,0.999757,0,-0.26753,-0.32003,-16.052,-0.640,-1,400.000,-1,400.000,-1,325.000,325.000,300.000,300.000,-1,-1,-1,-1,850.000,775.000,-1,-1,2,0,2,0,2,0,0,0,0,2,2,2,2,0,0,2,2
105,2074.435,-6091.537,-166.517,-117.168,-0.456557,0.889455,0.020639,-0.889691,-0.456493,-0.007990,0.002315,-0.022011,0.999755,0,-0.18753,-0.20003,-11.252,-0.400,-1,400.000,-1,400.000,-1,325.000,325.000,300.000,300.000,-1,-1,-1,-1,850.000,775.000,-1,-1,2,0,2,0,2,0,0,0,0,2,2,2,2,0,0,2,2
106,2077.397,-6085.805,-166.505,-117.328,-0.459036,0.888176,0.020726,-0.888414,-0.458975,-0.007875,0.002518,-0.022029,0.999754,0,-0.10753,-0.08003,-6.452,-0.160,-1,400.000,-1,400.000,-1,325.000,325.000,300.000,300.000,-1,-1,-1,-1,850.000,775.000,-1,-1,2,0,2,0,2,0,0,0,0,2,2,2,2,0,0,2,2
107,2078.153,-6084.337,-166.503,-117.248,-0.457796,0.888815,0.020740,-0.889054,-0.457736,-0.007844,0.002521,-0.022030,0.999754,0,-0.02753,0.03997,-1.652,0.080,-1,400.000,-1,400.000,-1,325.000,325.000,300.000,300.000,-1,-1,-1,-1,850.000,775.000,-1,-1,2,0,2,0,2,0,0,0,0,2,2,2,2,0,0,2,2
108,2076.727,-6087.144,-166.514,-116.928,-0.452829,0.891358,0.020681,-0.891594,-0.452766,-0.007897,0.002324,-0.022015,0.999755,0,0.05247,0.15997,3.148,0.320,-1,400.000,-1,400.000,-1,325.000,325.000,300.000,300.000,-1,-1,-1,-1,850.000,775.000,-1,-1,2,0,2,0,2,0,0,0,0,2,2,2,2,0,0,2,2
109,2073.197,-6094.265,-166.538,-116.368,-0.444102,0.895740,0.020548,-0.895974,-0.444034,-0.008035,0.001927,-0.021979,0.999757,0,0.13247,0.27997,7.948,0.560,-1,400.000,-1,400.000,-1,325.000,325.000,300.000,300.000,-1,-1,-1,-1,850.000,775.000,-1,-1,2,0,2,0,2,0,0,0,0,2,2,2,2,0,0,2,2
110,2067.695,-6105.765,-166.579,-115.568,-0.431563,0.901854,0.020342,-0.902082,-0.431486,-0.008260,0.001328,-0.021915,0.999759,0,0.21247,0.39997,12.748,0.800,-1,400.000,-1,400.000,-1,325.000,325.000,300.000,300.000,-1,-1,-1,-1,850.000,775.000,-1,-1,2,0,2,0,2,0,0,0,0,2,2,2,2,0,0,2,2
111,2060.410,-6121.730,-166.642,-114.529,-0.415136,0.909538,0.020063,-0.909759,-0.415048,-0.008576,0.000527,-0.021812,0.999762,0,0.29247,0.51997,17.548,1.040,-1,400.000,-1,400.000,-1,325.000,325.000,300.000,300.000,-1,-1,-1,-1,850.000,775.000,-1,-1,2,0,2,0,2,0,0,0,0,2,2,2,2,0,0,2,2
112,2051.589,-6142.263,-166.735,-113.249,-0.394731,0.918585,0.019711,-0.918797,-0.394629,-0.008989,-0.000478,-0.021659,0.999765,0,0.37247,0.63997,22.348,1.280,-1,400.000,-1,400.000,-1,325.000,325.000,300.000,300.000,-1,-1,-1,-1,850.000,775.000,-1,-1,2,0,2,0,2,0,0,0,0,2,2,2,2,0,0,2,2
113,2041.510,-6167.471,-166.862,-111.793,-0.371285,0.928319,0.019293,-0.928518,-0.371167,-0.009503,-0.001661,-0.021442,0.999769,0,0.45247,0.72788,27.148,1.456,-1,400.000,-1,400.000,-1,325.000,325.000,300.000,300.000,-1,-1,-1,-1,850.000,800.000,-1,-1,2,0,2,0,2,0,0,0,0,2,2,2,2,0,0,2,2
114,2030.408,-6197.429,-167.027,-110.335,-0.347559,0.937469,0.018815,-0.937654,-0.347424,-0.010127,-0.002957,-0.021161,0.999772,0,0.53247,0.72914,31.948,1.458,-1,400.000,-1,400.000,-1,325.000,325.000,300.000,300.000,-1,-1,-1,-1,850.000,800.000,-1,-1,2,0,2,0,2,0,0,0,0,2,2,2,2,0,0,2,2
115,2018.520,-6232.201,-167.238,-108.873,-0.323561,0.946031,0.018277,-0.946197,-0.323408,-0.010864,-0.004367,-0.020809,0.999774,0,0.61247,0.73060,36.748,1.461,-1,400.000,-1,400.000,-1,325.000,325.000,300.000,300.000,-1,-1,-1,-1,850.000,825.000,-1,-1,2,0,2,0,2,0,0,0,0,2,2,2,2,0,0,2,2
116,2006.090,-6271.846,-167.500,-107.409,-0.299299,0.953996,0.017678,-0.954141,-0.299127,-0.011721,-0.005893,-0.020376,0.999775,0,0.69247,0.73222,41.548,1.464,-1,400.000,-1,400.000,-1,325.000,325.000,300.000,300.000,-1,-1,-1,-1,825.000,825.000,-1,-1,2,0,2,0,2,0,0,0,0,2,2,2,2,0,0,2,2
117,1993.360,-6316.412,-167.819,-105.941,-0.274782,0.961356,0.017020,-0.961477,-0.274592,-0.012703,-0.007538,-0.019855,0.999774,0,0.77247,0.73400,46.348,1.468,-1,400.000,-1,400.000,-1,325.000,325.000,300.000,275.000,-1,-1,-1,-1,825.000,825.000,-1,-1,2,0,2,0,2,0,0,0,0,2,2,2,2,0,0,2,2
118,1980.580,-6365.938,-168.201,-104.469,-0.250020,0.968103,0.016304,-0.968196,-0.249811,-0.013814,-0.009301,-0.019240,0.999772,0,0.85247,0.73592,51.148,1.472,-1,400.000,-1,400.000,-1,325.000,325.000,300.000,275.000,-1,-1,-1,-1,825.000,850.000,-1,-1,2,0,2,0,2,0,0,0,0,2,2,2,2,0,0,2,2
119,1968.001,-6420.454,-168.650,-102.993,-0.225022,0.974230,0.015535,-0.974289,-0.224796,-0.015060,-0.011180,-0.018524,0.999766,0,0.93247,0.73797,55.948,1.476,-1,400.000,-1,425.000,-1,325.000,325.000,300.000,275.000,-1,-1,-1,-1,825.000,850.000,1000.000,-1,2,0,2,0,2,0,0,0,0,2,2,2,2,1,0,1,2
120,1956.026,-6479.247,-169.155,-101.513,-0.199799,0.979727,0.014690,-0.979748,-0.199557,-0.016445,-0.013180,-0.017679,0.999757,0,1.00000,0.74013,60.000,1.480,1000.000,400.000,-1,425.000,-1,325.000,325.000,300.000,275.000,-1,-1,-1,-1,775.000,850.000,925.000,-1,1,0,2,0,2,0,0,0,0,2,2,2,2,1,0,1,2
121,1945.578,-6538.330,-169.840,-100.028,-0.174370,0.984574,0.014496,-0.984565,-0.174106,-0.017835,-0.015036,-0.017382,0.999736,0,1.00000,0.74236,60.000,1.485,950.000,400.000,-1,425.000,-1,325.000,325.000,300.000,275.000,-1,-1,-1,-1,750.000,875.000,875.000,-1,1,0,2,0,2,0,0,0,0,2,2,2,2,1,0,1,2
122,1936.669,-6597.665,-170.752,-98.539,-0.148759,0.988764,0.014714,-0.988729,-0.148466,-0.019329,-0.016927,-0.017424,0.999705,0,1.00000,0.74441,60.000,1.489,900.000,400.000,-1,425.000,-1,325.000,350.000,300.000,275.000,-1,-1,-1,-1,700.000,875.000,825.000,-1,1,0,2,0,2,0,0,0,0,2,2,2,2,1,0,1,2
123,1929.307,-6657.212,-172.313,-97.047,-0.122947,0.992332,0.012678,-0.992225,-0.122665,-0.021029,-0.019312,-0.015164,0.999698,0,1.00000,0.74628,60.000,1.493,850.000,400.000,-1,425.000,-1,325.000,350.000,300.000,275.000,-1,-1,-1,-1,675.000,875.000,750.000,-1,1,0,2,0,2,0,0,0,0,2,2,2,2,1,0,1,2
124,1923.503,-6716.930,-173.936,-95.551,-0.096982,0.995230,0.010599,-0.995050,-0.096722,-0.022817,-0.021683,-0.012759,0.999683,0,1.00000,0.74795,60.000,1.496,775.000,400.000,-1,425.000,-1,325.000,325.000,300.000,275.000,-1,-1,-1,-1,625.000,875.000,700.000,-1,1,0,2,0,2,0,0,0,0,2,2,2,2,1,0,1,2
125,1919.263,-6776.781,-175.582,-94.052,-0.070888,0.997447,0.008606,-0.997197,-0.070658,-0.024609,-0.023938,-0.010327,0.999660,0,1.00000,0.74943,60.000,1.499,725.000,400.000,-1,425.000,-1,325.000,325.000,300.000,275.000,-1,-1,-1,-1,575.000,875.000,650.000,-1,1,0,2,0,2,0,0,0,0,2,2,2,2,1,0,1,2
126,1916.593,-6836.721,-177.242,-92.551,-0.044691,0.998978,0.006706,-0.998661,-0.044500,-0.026389,-0.026064,-0.007877,0.999629,0,1.00000,0.75072,60.000,1.501,675.000,400.000,-1,425.000,-1,325.000,325.000,300.000,275.000,-1,-1,-1,-1,550.000,875.000,575.000,-1,1,0,2,0,2,0,0,0,0,2,2,2,2,1,0,1,2
127,1915.496,-6896.711,-178.906,-91.047,-0.018417,0.999818,0.004902,-0.999437,-0.018272,-0.028142,-0.028047,-0.005418,0.999592,0,1.00000,0.75180,60.000,1.504,625.000,375.000,-1,425.000,-1,325.000,325.000,300.000,275.000,-1,-1,-1,-1,500.000,875.000,525.000,-1,1,1,2,1,2,0,0,0,0,2,2,2,2,1,0,1,2
128,1915.976,-6956.710,-180.565,-89.542,0.007908,0.999964,0.003196,-0.999522,0.008000,-0.029851,-0.029876,-0.002959,0.999549,0,1.00000,0.75268,60.000,1.505,575.000,350.000,-1,400.000,-1,325.000,325.000,300.000,275.000,-1,-1,-1,-1,475.000,875.000,475.000,-1,1,1,2,1,2,1,1,0,0,2,2,2,2,1,0,1,2
129,1917.780,-7016.682,-182.216,-88.276,0.030046,0.999547,0.001571,-0.999051,0.030081,-0.031503,-0.031536,-0.000623,0.999502,0,1.00000,0.63268,60.000,1.265,500.000,325.000,925.000,400.000,-1,300.000,300.000,300.000,275.000,-1,-1,-1,-1,425.000,875.000,425.000,-1,1,1,1,1,2,1,1,0,0,2,2,2,2,1,0,1,2
130,1920.658,-7076.614,-183.857,-87.251,0.047989,0.998848,-0.000000,-0.998301,0.047963,-0.033095,-0.033056,0.001589,0.999452,0,1.00000,0.51268,60.000,1.025,450.000,300.000,825.000,375.000,-1,275.000,300.000,300.000,275.000,-1,-1,-1,-1,400.000,875.000,375.000,-1,1,1,1,1,2,1,1,0,0,2,2,2,2,1,1,1,2
131,1924.357,-7136.500,-185.485,-86.466,0.061739,0.998091,-0.001543,-0.997497,0.061649,-0.034629,-0.034468,0.003677,0.999399,0,1.00000,0.39268,60.000,0.785,375.000,275.000,725.000,350.000,-1,250.000,275.000,300.000,275.000,-1,-1,-1,-1,350.000,800.000,300.000,975.000,1,1,1,1,2,1,1,0,0,2,2,2,2,1,1,1,1
132,1928.626,-7196.348,-187.148,-85.920,0.071308,0.997449,-0.003262,-0.996817,0.071145,-0.035989,-0.035665,0.005818,0.999347,0,1.00000,0.27268,60.000,0.545,300.000,250.000,650.000,325.000,-1,225.000,250.000,300.000,275.000,-1,-1,-1,-1,300.000,725.000,250.000,900.000,1,1,1,1,2,1,1,0,0,2,2,2,2,1,1,1,1
133,1933.256,-7256.168,-187.363,-85.574,0.077500,0.996942,-0.010032,-0.996554,0.077163,-0.030429,-0.029562,0.012355,0.999487,0,1.00000,0.17301,60.000,0.346,250.000,225.000,600.000,325.000,1000.000,200.000,250.000,325.000,275.000,-1,-1,-1,-1,275.000,675.000,200.000,850.000,1,1,1,1,1,1,1,0,0,2,2,2,2,1,1,1,1
134,1938.261,-7315.958,-183.906,-85.221,0.083667,0.995997,-0.031453,-0.996434,0.083274,-0.013610,-0.010936,0.032479,0.999413,0,1.00000,0.17672,60.000,0.353,250.000,225.000,650.000,350.000,950.000,200.000,250.000,375.000,275.000,-1,-1,550.000,-1,275.000,650.000,200.000,825.000,1,1,1,1,1,1,1,0,0,2,2,0,2,1,1,1,1
135,1943.650,-7375.716,-180.151,-84.859,0.089154,0.994602,-0.053095,-0.995981,0.089482,0.003834,0.008565,0.052539,0.998582,0,1.00000,0.18081,60.000,0.362,275.000,225.000,725.000,375.000,925.000,200.000,250.000,425.000,275.000,-1,400.000,150.000,675.000,300.000,625.000,200.000,800.000,1,1,1,1,1,1,1,0,0,2,0,0,0,1,1,1,1
136,1949.432,-7435.437,-176.074,-84.488,0.093911,0.992755,-0.074958,-0.995159,0.095795,0.021943,0.028964,0.072535,0.996945,0,1.00000,0.18536,60.000,0.371,-1,225.000,900.000,375.000,875.000,225.000,275.000,500.000,275.000,-1,250.000,100.000,475.000,300.000,600.000,175.000,775.000,2,1,1,1,1,1,1,0,0,2,0,0,0,1,1,1,1
