timestep,x_cm,y_cm,z_cm,yaw_deg,basis_xx,basis_xy,basis_xz,basis_yx,basis_yy,basis_yz,basis_zx,basis_zy,basis_zz,teleport_flag,throttle_cmd,steering_cmd,cmd_move_cm,cmd_turn_deg,lidar_cm_0,lidar_cm_1,lidar_cm_2,lidar_cm_3,lidar_cm_4,lidar_cm_5,lidar_cm_6,lidar_cm_7,lidar_cm_8,lidar_cm_9,lidar_cm_10,lidar_cm_11,lidar_cm_12,lidar_cm_13,lidar_cm_14,lidar_cm_15,lidar_cm_16,lidar_class_0,lidar_class_1,lidar_class_2,lidar_class_3,lidar_class_4,lidar_class_5,lidar_class_6,lidar_class_7,lidar_class_8,lidar_class_9,lidar_class_10,lidar_class_11,lidar_class_12,lidar_class_13,lidar_class_14,lidar_class_15,lidar_class_16
0,-7547.965,-984.631,-59.129,-171.216,-0.988062,0.152707,-0.020371,-0.152643,-0.988270,-0.004677,-0.020847,-0.001512,0.999782,1,0.08000,0.12000,4.800,0.240,-1,400.000,-1,400.000,-1,325.000,325.000,300.000,300.000,-1,-1,-1,-1,800.000,825.000,-1,-1,2,0,2,0,2,0,0,0,0,2,2,2,2,0,0,2,2
1,-7557.439,-986.177,-59.320,-170.736,-0.986746,0.160981,-0.020456,-0.160917,-0.986957,-0.004745,-0.020953,-0.001391,0.999780,0,0.16000,0.24000,9.600,0.480,-1,400.000,-1,400.000,-1,325.000,325.000,300.000,300.000,-1,-1,-1,-1,800.000,825.000,-1,-1,2,0,2,0,2,0,0,0,0,2,2,2,2,0,0,2,2
2,-7571.621,-988.673,-59.605,-170.016,-0.984642,0.173370,-0.020578,-0.173306,-0.984856,-0.004854,-0.021108,-0.001213,0.999776,0,0.24000,0.36000,14.400,0.720,-1,400.000,-1,400.000,-1,325.000,325.000,300.000,300.000,-1,-1,-1,-1,800.000,825.000,-1,-1,2,0,2,0,2,0,0,0,0,2,2,2,2,0,0,2,2
3,-7590.472,-992.318,-59.985,-169.056,-0.981595,0.189846,-0.020735,-0.189783,-0.981813,-0.005009,-0.021309,-0.000981,0.999772,0,0.32000,0.48000,19.200,0.960,-1,400.000,-1,400.000,-1,325.000,325.000,300.000,300.000,-1,-1,-1,-1,800.000,825.000,-1,-1,2,0,2,0,2,0,0,0,0,2,2,2,2,0,0,2,2
4,-7613.935,-997.367,-60.458,-167.856,-0.977399,0.210366,-0.020919,-0.210303,-0.977622,-0.005219,-0.021549,-0.000702,0.999768,0,0.40000,0.60000,24.000,1.200,-1,400.000,-1,400.000,-1,325.000,325.000,300.000,300.000,-1,-1,-1,-1,800.000,825.000,-1,-1,2,0,2,0,2,0,0,0,0,2,2,2,2,0,0,2,2
5,-7641.929,-1004.131,-61.021,-166.416,-0.971798,0.234868,-0.021120,-0.234804,-0.972027,-0.005493,-0.021819,-0.000379,0.999762,0,0.48000,0.72000,28.800,1.440,-1,400.000,-1,400.000,-1,325.000,325.000,300.000,300.000,-1,-1,-1,-1,800.000,825.000,-1,-1,2,0,2,0,2,0,0,0,0,2,2,2,2,0,0,2,2
6,-7674.344,-1012.977,-61.673,-164.736,-0.964488,0.263264,-0.021322,-0.263199,-0.964724,-0.005841,-0.022108,-0.000022,0.999756,0,0.56000,0.84000,33.600,1.680,-1,400.000,-1,400.000,-1,325.000,325.000,300.000,300.000,-1,-1,-1,-1,800.000,825.000,-1,-1,2,0,2,0,2,0,0,0,0,2,2,2,2,0,0,2,2
7,-7711.030,-1024.322,-62.411,-162.816,-0.955120,0.295438,-0.021508,-0.295372,-0.955362,-0.006272,-0.022401,0.000362,0.999749,0,0.64000,0.96000,38.400,1.920,-1,400.000,-1,400.000,-1,325.000,325.000,300.000,300.000,-1,-1,-1,-1,800.000,825.000,-1,-1,2,0,2,0,2,0,0,0,0,2,2,2,2,0,0,2,2
8,-7751.831,-1038.517,-63.235,-160.816,-0.944221,0.328600,-0.021657,-0.328531,-0.944469,-0.006779,-0.022682,0.000714,0.999742,0,0.72000,1.00000,43.200,2.000,-1,400.000,-1,400.000,-1,325.000,325.000,300.000,300.000,-1,-1,-1,-1,800.000,825.000,-1,-1,2,0,2,0,2,0,0,0,0,2,2,2,2,0,0,2,2
9,-7796.588,-1055.863,-64.255,-158.816,-0.932176,0.361361,-0.021593,-0.361299,-0.932425,-0.006860,-0.022613,0.001407,0.999743,0,0.80000,1.00000,48.000,2.000,-1,400.000,-1,400.000,-1,325.000,325.000,300.000,300.000,-1,-1,-1,-1,800.000,850.000,-1,-1,2,0,2,0,2,0,0,0,0,2,2,2,2,0,0,2,2
10,-7841.959,-1075.294,-65.496,-156.816,-0.918980,0.393681,-0.022166,-0.393639,-0.919243,-0.006426,-0.022906,0.002820,0.999734,0,0.82261,1.00000,49.357,2.000,-1,400.000,-1,400.000,-1,325.000,325.000,300.000,300.000,-1,-1,-1,-1,800.000,850.000,-1,-1,2,0,2,0,2,0,0,0,0,2,2,2,2,0,0,2,2
11,-7886.715,-1096.339,-66.836,-154.816,-0.904652,0.425519,-0.023212,-0.425504,-0.904938,-0.005829,-0.023486,0.004604,0.999714,0,0.82429,1.00000,49.457,2.000,-1,400.000,-1,400.000,-1,325.000,325.000,300.000,300.000,-1,-1,-1,-1,775.000,825.000,-1,-1,2,0,2,0,2,0,0,0,0,2,2,2,2,0,0,2,2
12,-7930.798,-1118.979,-68.176,-152.816,-0.889218,0.456838,-0.024317,-0.456851,-0.889527,-0.005312,-0.024057,0.006386,0.999690,0,0.82595,1.00000,49.557,2.000,-1,400.000,-1,400.000,-1,325.000,325.000,300.000,300.000,-1,-1,-1,-1,775.000,825.000,-1,-1,2,0,2,0,2,0,0,0,0,2,2,2,2,0,0,2,2
13,-7974.151,-1143.192,-69.509,-150.816,-0.872700,0.487597,-0.025362,-0.487639,-0.873031,-0.004927,-0.024545,0.008068,0.999666,0,0.82760,1.00000,49.656,2.000,-1,400.000,-1,400.000,-1,325.000,325.000,300.000,300.000,-1,-1,-1,-1,775.000,825.000,-1,-1,2,0,2,0,2,0,0,0,0,2,2,2,2,0,0,2,2
14,-8016.716,-1168.954,-70.831,-148.816,-0.855119,0.517761,-0.026349,-0.517830,-0.855471,-0.004665,-0.024956,0.009655,0.999642,0,0.82923,1.00000,49.754,2.000,-1,400.000,-1,400.000,-1,325.000,325.000,300.000,300.000,-1,-1,-1,-1,775.000,800.000,-1,-1,2,0,2,0,2,0,0,0,0,2,2,2,2,0,0,2,2
15,-8058.437,-1196.239,-72.129,-146.816,-0.836495,0.547293,-0.027324,-0.547389,-0.836866,-0.004500,-0.025329,0.011192,0.999617,0,0.83085,1.00000,49.851,2.000,-1,400.000,-1,400.000,-1,325.000,325.000,300.000,300.000,-1,-1,-1,-1,750.000,800.000,-1,-1,2,0,2,0,2,0,0,0,0,2,2,2,2,0,0,2,2
16,-8099.259,-1225.018,-73.452,-144.816,-0.816849,0.576157,-0.028297,-0.576273,-0.817244,-0.004702,-0.025834,0.012465,0.999589,0,0.83244,1.00000,49.946,2.000,-1,400.000,-1,400.000,-1,325.000,325.000,300.000,300.000,-1,-1,-1,-1,750.000,800.000,-1,-1,2,0,2,0,2,0,0,0,0,2,2,2,2,0,0,2,2
17,-8139.126,-1255.262,-74.773,-142.816,-0.796206,0.604319,-0.029230,-0.604449,-0.796627,-0.005143,-0.026393,0.013573,0.999559,0,0.83401,1.00000,50.041,2.000,-1,400.000,-1,400.000,-1,325.000,325.000,300.000,300.000,-1,-1,-1,-1,725.000,775.000,-1,-1,2,0,2,0,2,0,0,0,0,2,2,2,2,0,0,2,2
18,-8177.985,-1286.936,-76.036,-140.816,-0.774594,0.631742,-0.030105,-0.631889,-0.775039,-0.005537,-0.026830,0.014734,0.999531,0,0.83555,1.00000,50.133,2.000,-1,400.000,-1,400.000,-1,325.000,325.000,300.000,300.000,-1,-1,-1,-1,725.000,775.000,-1,-1,2,0,2,0,2,0,0,0,0,2,2,2,2,0,0,2,2
19,-8214.917,-1319.249,-77.223,-138.816,-0.752039,0.658394,-0.030910,-0.658559,-0.752506,-0.005939,-0.027170,0.015890,0.999505,0,0.81786,1.00000,49.072,2.000,975.000,375.000,-1,400.000,-1,325.000,325.000,300.000,300.000,-1,-1,-1,-1,725.000,750.000,975.000,-1,1,0,2,0,2,0,0,0,0,2,2,2,2,0,0,1,2
20,-8250.767,-1352.896,-78.364,-136.816,-0.728567,0.684242,-0.031665,-0.684425,-0.729056,-0.006358,-0.027436,0.017040,0.999478,0,0.81945,1.00000,49.167,2.000,950.000,375.000,-1,400.000,-1,325.000,325.000,300.000,300.000,-1,-1,-1,-1,700.000,750.000,925.000,-1,1,0,2,0,2,0,0,0,0,2,2,2,2,0,0,1,2
21,-8285.487,-1387.840,-79.626,-134.816,-0.704213,0.709246,-0.032461,-0.709470,-0.704710,-0.006003,-0.027133,0.018803,0.999455,0,0.82100,1.00000,49.260,2.000,925.000,375.000,-1,400.000,-1,325.000,325.000,300.000,300.000,-1,-1,-1,-1,700.000,725.000,875.000,-1,1,0,2,0,2,0,0,0,0,2,2,2,2,1,0,1,2
22,-8322.216,-1427.482,-81.099,-132.816,-0.679003,0.733374,-0.033432,-0.733662,-0.679496,-0.004977,-0.026366,0.021148,0.999429,0,0.90070,1.00000,54.042,2.000,900.000,375.000,-1,400.000,-1,325.000,325.000,300.000,300.000,-1,-1,-1,-1,675.000,725.000,825.000,-1,1,0,2,0,2,0,0,0,0,2,2,2,2,1,0,1,2
23,-8357.823,-1468.711,-82.525,-130.816,-0.652967,0.756602,-0.034465,-0.756956,-0.653454,-0.003967,-0.025523,0.023498,0.999398,0,0.90794,1.00000,54.477,2.000,875.000,375.000,-1,375.000,-1,300.000,325.000,300.000,300.000,-1,-1,-1,-1,650.000,725.000,800.000,-1,1,0,2,0,2,0,0,0,0,2,2,2,2,1,0,1,2
24,-8392.249,-1511.504,-83.901,-128.816,-0.626138,0.778901,-0.035561,-0.779324,-0.626614,-0.002980,-0.024604,0.025847,0.999363,0,0.91536,1.00000,54.921,2.000,850.000,375.000,-1,375.000,-1,300.000,325.000,300.000,300.000,-1,-1,-1,-1,625.000,700.000,750.000,-1,1,0,2,0,2,0,0,0,0,2,2,2,2,1,0,1,2
25,-8425.432,-1555.836,-85.062,-126.816,-0.598578,0.800258,-0.035941,-0.800730,-0.599022,-0.001999,-0.023130,0.027583,0.999352,0,0.92293,1.00000,55.376,2.000,825.000,375.000,-1,375.000,-1,300.000,300.000,325.000,300.000,-1,-1,-1,-1,600.000,700.000,700.000,-1,1,0,2,0,2,0,0,0,0,2,2,2,2,1,0,1,2
26,-8457.313,-1601.680,-85.989,-124.816,-0.570324,0.820651,-0.035524,-0.821150,-0.570711,-0.000944,-0.021049,0.028632,0.999368,0,0.93067,1.00000,55.840,2.000,800.000,375.000,-1,375.000,-1,300.000,300.000,325.000,300.000,-1,-1,-1,-1,575.000,700.000,675.000,-1,1,0,2,0,2,0,0,0,0,2,2,2,2,1,0,1,2
27,-8487.832,-1649.007,-86.787,-122.816,-0.541389,0.840051,-0.034830,-0.840565,-0.541711,0.000216,-0.018686,0.029394,0.999393,0,0.93856,1.00000,56.314,2.000,800.000,375.000,-1,375.000,-1,300.000,300.000,325.000,300.000,-1,-1,-1,-1,550.000,700.000,650.000,-1,1,1,2,0,2,0,0,0,0,2,2,2,2,1,1,1,2
28,-8516.927,-1697.784,-87.491,-120.816,-0.511802,0.858429,-0.034030,-0.858951,-0.512055,0.001487,-0.016149,0.029991,0.999420,0,0.94659,1.00000,56.796,2.000,775.000,350.000,975.000,375.000,-1,300.000,300.000,325.000,300.000,-1,-1,-1,-1,525.000,650.000,600.000,1000.000,1,1,1,0,2,0,0,0,0,2,2,2,2,1,1,1,1
29,-8544.538,-1747.976,-88.138,-118.816,-0.481593,0.875761,-0.033320,-0.876290,-0.481776,0.002845,-0.013561,0.030568,0.999441,0,0.95476,1.00000,57.286,2.000,775.000,350.000,925.000,375.000,-1,300.000,300.000,325.000,300.000,-1,-1,-1,-1,500.000,600.000,575.000,875.000,1,1,1,0,2,1,0,0,0,2,2,2,2,1,1,1,1
30,-8570.606,-1799.545,-88.729,-116.816,-0.450799,0.892026,-0.032703,-0.892559,-0.450911,0.004280,-0.010929,0.031119,0.999456,0,0.96306,1.00000,57.784,2.000,775.000,325.000,850.000,375.000,-1,300.000,300.000,325.000,300.000,-1,-1,-1,-1,475.000,550.000,550.000,775.000,1,1,1,1,2,1,1,0,0,2,2,2,2,1,1,1,1
31,-8595.069,-1852.451,-89.282,-114.816,-0.419459,0.907207,-0.032088,-0.907737,-0.419499,0.005803,-0.008196,0.031562,0.999468,0,0.97148,1.00000,58.289,2.000,925.000,300.000,775.000,350.000,-1,275.000,300.000,325.000,300.000,-1,-1,750.000,-1,450.000,500.000,525.000,675.000,1,1,1,1,2,1,1,0,0,2,2,0,2,1,1,1,1
32,-8618.335,-1907.757,-89.409,-112.816,-0.387654,0.921236,-0.032397,-0.921797,-0.387558,0.009445,-0.003854,0.033525,0.999430,0,1.00000,1.00000,60.000,2.000,-1,300.000,725.000,325.000,775.000,250.000,275.000,325.000,300.000,-1,575.000,575.000,-1,425.000,475.000,500.000,600.000,2,1,1,1,1,1,1,0,0,2,0,0,2,1,1,1,1
33,-8639.654,-1963.841,-88.497,-110.816,-0.355501,0.933998,-0.035606,-0.934669,-0.355094,0.017366,0.003576,0.039453,0.999215,0,1.00000,1.00000,60.000,2.000,-1,275.000,675.000,300.000,650.000,250.000,250.000,325.000,300.000,-1,450.000,425.000,-1,400.000,425.000,525.000,500.000,2,1,1,1,1,1,1,0,0,2,0,0,2,1,1,1,1
34,-8659.002,-2020.636,-87.460,-108.816,-0.322992,0.945574,-0.039572,-0.946337,-0.322198,0.025213,0.011091,0.045592,0.998899,0,1.00000,1.00000,60.000,2.000,-1,275.000,650.000,275.000,525.000,225.000,225.000,350.000,300.000,-1,375.000,350.000,-1,400.000,400.000,550.000,425.000,2,1,1,1,1,1,1,0,0,2,0,0,2,1,1,1,1
35,-8676.359,-2078.071,-84.678,-106.816,-0.290176,0.956236,-0.037564,-0.956733,-0.288999,0.033797,0.021462,0.045746,0.998723,0,1.00000,1.00000,60.000,2.000,-1,275.000,975.000,250.000,475.000,225.000,225.000,350.000,300.000,-1,325.000,300.000,-1,400.000,375.000,850.000,400.000,2,1,1,1,1,1,1,0,0,2,0,0,2,1,1,1,1
36,-8691.706,-2136.075,-79.092,-104.816,-0.256890,0.966133,-0.024384,-0.965625,-0.255555,0.047533,0.039691,0.035756,0.998572,0,1.00000,1.00000,60.000,2.000,-1,275.000,-1,250.000,500.000,225.000,225.000,350.000,325.000,-1,225.000,250.000,-1,425.000,375.000,-1,400.000,2,1,2,1,1,1,1,1,0,2,0,0,2,1,1,2,1
37,-8705.019,-2194.582,-73.365,-102.816,-0.222878,0.974774,-0.011897,-0.973145,-0.221752,0.061755,0.057559,0.025341,0.998020,0,1.00000,1.00000,60.000,2.000,-1,300.000,-1,275.000,525.000,225.000,225.000,350.000,375.000,-1,175.000,200.000,-1,475.000,400.000,-1,425.000,2,1,2,1,1,1,1,1,0,2,0,0,2,1,1,2,1
38,-8855.065,-8855.105,112.942,-50.440,0.637248,0.769342,0.045044,-0.756313,0.635541,-0.155173,-0.148008,0.064816,0.986860,1,0.00000,0.00000,60.000,2.000,400.000,300.000,700.000,275.000,350.000,250.000,250.000,375.000,300.000,-1,-1,1000.000,-1,450.000,400.000,425.000,375.000,1,0,1,0,1,0,0,1,1,2,2,1,2,0,1,1,1
39,2955.909,3609.925,-129.149,28.601,0.877969,-0.478705,-0.003507,0.478670,0.877962,-0.007617,0.006725,0.005009,0.999965,1,0.08000,-0.12000,4.800,-0.240,-1,400.000,-1,400.000,675.000,325.000,325.000,300.000,200.000,-1,250.000,275.000,-1,750.000,725.000,-1,-1,2,0,2,0,1,0,0,0,1,2,0,0,2,0,0,2,2
40,2964.376,3614.450,-129.186,28.121,0.881947,-0.471332,-0.003896,0.471294,0.881941,-0.007919,0.007168,0.005148,0.999961,0,0.16000,-0.24000,9.600,-0.480,-1,400.000,-1,400.000,650.000,325.000,325.000,300.000,200.000,-1,250.000,275.000,-1,750.000,725.000,-1,-1,2,0,2,0,1,0,0,0,1,2,0,0,2,0,0,2,2
41,2977.159,3621.079,-129.244,27.410,0.887731,-0.460341,-0.004493,0.460296,0.887726,-0.008358,0.007836,0.005351,0.999955,0,0.24000,-0.35584,14.400,-0.712,-1,400.000,-1,400.000,600.000,325.000,325.000,300.000,200.000,-1,250.000,275.000,-1,750.000,725.000,-1,-1,2,0,2,0,1,0,0,0,1,2,0,0,2,0,0,2,2
42,2994.313,3629.705,-129.441,26.697,0.893389,-0.449257,-0.004864,0.449203,0.893382,-0.009211,0.008483,0.006044,0.999946,0,0.32000,-0.35649,19.200,-0.713,-1,400.000,-1,400.000,575.000,325.000,325.000,300.000,175.000,-1,250.000,275.000,-1,750.000,725.000,-1,-1,2,0,2,0,1,0,0,0,1,2,0,0,2,0,0,2,2
43,3015.887,3640.219,-129.789,25.982,0.898925,-0.438075,-0.004961,0.438009,0.898909,-0.010511,0.009064,0.007276,0.999932,0,0.40000,-0.35735,24.000,-0.715,-1,400.000,-1,400.000,550.000,325.000,325.000,300.000,175.000,-1,275.000,275.000,-1,750.000,725.000,-1,-1,2,0,2,0,1,0,0,0,1,2,0,0,2,0,0,2,2
44,3041.932,3652.512,-130.308,25.265,0.904339,-0.426789,-0.004707,0.426709,0.904305,-0.012306,0.009509,0.009120,0.999913,0,0.48000,-0.35838,28.800,-0.717,-1,400.000,-1,400.000,525.000,325.000,325.000,300.000,175.000,-1,275.000,275.000,-1,750.000,725.000,-1,-1,2,0,2,0,1,0,0,0,1,2,0,0,2,0,0,2,2
45,3072.495,3666.470,-131.020,24.546,0.909632,-0.415396,-0.004004,0.415301,0.909566,-0.014659,0.009731,0.011671,0.999885,0,0.56000,-0.35955,33.600,-0.719,-1,400.000,-1,400.000,500.000,325.000,325.000,300.000,175.000,-1,275.000,275.000,-1,750.000,700.000,-1,1000.000,2,0,2,0,1,0,0,0,1,2,0,0,2,0,0,2,1
46,3107.623,3681.982,-131.954,23.824,0.914804,-0.403889,-0.002734,0.403784,0.914684,-0.017650,0.009629,0.015042,0.999840,0,0.64000,-0.36080,38.400,-0.722,-1,400.000,-1,375.000,475.000,325.000,325.000,300.000,150.000,-1,300.000,275.000,-1,750.000,700.000,-1,950.000,2,0,2,0,1,0,0,0,1,2,0,0,2,0,0,2,1
47,3147.359,3698.932,-133.143,23.100,0.919851,-0.392268,-0.000762,0.392164,0.919647,-0.021374,0.009085,0.019362,0.999771,0,0.72000,-0.36207,43.200,-0.724,-1,400.000,-1,375.000,450.000,325.000,325.000,300.000,150.000,-1,325.000,300.000,-1,750.000,675.000,-1,900.000,2,0,2,0,1,0,0,0,1,2,0,0,2,0,0,2,1
48,3187.856,3715.601,-132.317,22.374,0.924740,-0.380596,0.001613,0.380567,0.924598,-0.016935,0.004954,0.016275,0.999855,0,0.72989,-0.36327,43.794,-0.727,-1,375.000,-1,375.000,450.000,300.000,300.000,300.000,150.000,-1,425.000,425.000,-1,700.000,650.000,-1,850.000,2,0,2,0,1,0,0,0,1,2,0,0,2,0,0,2,1
49,3228.212,3731.615,-130.866,21.645,0.929493,-0.368837,0.001147,0.368826,0.929430,-0.011248,0.003083,0.010878,0.999936,0,0.72362,-0.36423,43.417,-0.728,-1,375.000,-1,375.000,500.000,300.000,300.000,300.000,150.000,-1,550.000,525.000,-1,700.000,650.000,-1,825.000,2,0,2,0,1,0,0,0,1,2,0,0,2,0,0,2,1
50,3268.411,3746.977,-129.431,20.915,0.934111,-0.356984,-0.000151,0.356976,0.934094,-0.005997,0.002282,0.005548,0.999982,0,0.71724,-0.36493,43.035,-0.730,-1,375.000,-1,375.000,525.000,300.000,300.000,300.000,150.000,-1,625.000,625.000,-1,700.000,650.000,-1,800.000,2,0,2,0,1,0,0,0,1,2,0,0,2,0,0,2,1
51,3308.441,3761.693,-128.193,20.185,0.938584,-0.345047,-0.001500,0.345045,0.938585,-0.001576,0.001952,0.000962,0.999998,0,0.71082,-0.36537,42.649,-0.731,-1,375.000,-1,375.000,550.000,300.000,300.000,300.000,150.000,-1,700.000,725.000,-1,675.000,650.000,-1,750.000,2,0,2,0,1,0,0,0,1,2,0,0,2,0,1,2,1
52,3348.292,3775.769,-127.106,19.454,0.942908,-0.333041,-0.002759,0.333047,0.942908,0.001966,0.001947,-0.002773,0.999994,0,0.70440,-0.36555,42.264,-0.731,-1,375.000,-1,375.000,575.000,300.000,300.000,275.000,175.000,-1,750.000,775.000,-1,675.000,625.000,-1,725.000,2,0,2,0,1,0,0,0,1,2,0,0,2,0,1,2,1
53,3387.959,3789.213,-125.923,18.723,0.947080,-0.320983,-0.002956,0.320993,0.947073,0.004008,0.001513,-0.004745,0.999988,0,0.69806,-0.36548,41.883,-0.731,-1,375.000,-1,375.000,575.000,300.000,300.000,275.000,175.000,-1,850.000,875.000,-1,675.000,600.000,-1,700.000,2,0,2,0,1,0,0,0,1,2,0,0,2,0,1,2,1
54,3428.204,3802.469,-124.698,18.232,0.949794,-0.312854,-0.003616,0.312869,0.949783,0.005058,0.001852,-0.005936,0.999981,0,0.70619,-0.24548,42.371,-0.491,-1,375.000,1000.000,375.000,575.000,300.000,300.000,275.000,175.000,-1,900.000,925.000,-1,675.000,575.000,-1,650.000,2,0,1,0,1,0,0,0,1,2,0,0,2,0,1,2,1
55,3468.109,3815.420,-123.597,17.981,0.951153,-0.308689,-0.004489,0.308711,0.951138,0.005781,0.002485,-0.006884,0.999973,0,0.69925,-0.12548,41.955,-0.251,-1,375.000,950.000,375.000,550.000,300.000,300.000,275.000,175.000,-1,950.000,975.000,-1,675.000,575.000,-1,625.000,2,0,1,0,1,0,0,0,1,2,0,0,2,1,1,2,1
56,3507.596,3828.227,-122.614,17.970,0.951206,-0.308505,-0.005567,0.308537,0.951192,0.006186,0.003387,-0.007602,0.999965,0,0.69185,-0.00548,41.511,-0.011,-1,375.000,925.000,375.000,550.000,300.000,300.000,275.000,175.000,-1,975.000,-1,-1,650.000,550.000,-1,600.000,2,0,1,0,1,0,0,0,1,2,0,2,2,1,1,2,1
57,3546.589,3841.047,-121.744,18.199,0.949958,-0.312304,-0.006839,0.312346,0.949948,0.006270,0.004538,-0.008093,0.999957,0,0.68411,0.11452,41.047,0.229,-1,375.000,900.000,375.000,550.000,300.000,300.000,275.000,175.000,-1,1000.000,-1,-1,625.000,525.000,-1,550.000,2,0,1,0,1,0,0,0,1,2,0,2,2,1,1,2,1
58,3585.023,3854.032,-120.988,18.668,0.947358,-0.320069,-0.008287,0.320121,0.947357,0.006014,0.005926,-0.008351,0.999948,0,0.67613,0.23452,40.568,0.469,-1,375.000,875.000,375.000,525.000,300.000,300.000,275.000,200.000,-1,1000.000,-1,-1,625.000,500.000,-1,525.000,2,0,1,1,1,0,0,0,1,2,0,2,2,1,1,2,1
59,3622.834,3867.330,-120.349,19.377,0.943309,-0.331768,-0.009892,0.331829,0.943324,0.005377,0.007547,-0.008354,0.999937,0,0.66802,0.35452,40.081,0.709,-1,375.000,850.000,375.000,500.000,300.000,300.000,300.000,200.000,-1,1000.000,-1,-1,600.000,475.000,-1,500.000,2,0,1,1,1,0,0,0,1,2,0,2,2,1,1,2,1
60,3659.962,3881.083,-119.836,20.326,0.937664,-0.347347,-0.011629,0.347414,0.937702,0.004293,0.009413,-0.008065,0.999923,0,0.65990,0.47452,39.594,0.949,-1,375.000,825.000,350.000,475.000,300.000,325.000,300.000,200.000,-1,1000.000,-1,475.000,600.000,450.000,-1,450.000,2,0,1,1,1,0,1,0,1,2,0,2,1,1,1,2,1
61,3696.351,3895.428,-119.467,21.515,0.930229,-0.366733,-0.013460,0.366798,0.930297,0.002691,0.011535,-0.007441,0.999906,0,0.65191,0.59452,39.114,1.189,-1,375.000,850.000,325.000,425.000,325.000,300.000,300.000,200.000,-1,975.000,-1,350.000,600.000,450.000,-1,425.000,2,0,1,1,1,0,1,0,1,2,0,2,1,1,1,2,1
62,3731.951,3910.473,-119.302,22.909,0.921000,-0.389262,-0.015312,0.389316,0.921104,0.000540,0.013894,-0.006458,0.999883,0,0.64414,0.69712,38.648,1.394,-1,400.000,900.000,325.000,400.000,325.000,300.000,300.000,225.000,-1,950.000,1000.000,325.000,600.000,425.000,-1,400.000,2,1,1,1,1,1,1,0,1,2,0,0,1,1,1,2,1
63,3766.772,3926.201,-119.386,24.309,0.911175,-0.411661,-0.017205,0.411677,0.911326,-0.002711,0.016796,-0.004613,0.999848,0,0.63680,0.70017,38.208,1.400,-1,375.000,-1,300.000,350.000,300.000,275.000,300.000,225.000,-1,900.000,950.000,275.000,600.000,400.000,-1,350.000,2,1,2,1,1,1,1,0,1,2,0,0,1,1,1,2,1
64,3800.850,3942.614,-119.680,25.716,0.900752,-0.433917,-0.019020,0.433867,0.900950,-0.006883,0.020123,-0.002052,0.999795,0,0.63041,0.70351,37.825,1.407,-1,375.000,-1,300.000,325.000,300.000,275.000,300.000,225.000,-1,850.000,900.000,275.000,625.000,400.000,-1,325.000,2,1,2,1,1,1,1,0,1,2,0,0,1,1,1,2,1
65,3834.222,3959.714,-120.026,27.131,0.889732,-0.456021,-0.020544,0.455883,0.889969,-0.011255,0.023416,0.000649,0.999726,0,0.62496,0.70709,37.498,1.414,-1,375.000,-1,275.000,275.000,300.000,250.000,300.000,250.000,-1,800.000,850.000,250.000,650.000,375.000,-1,275.000,2,1,2,1,1,1,1,0,1,2,0,0,1,1,1,2,1
66,3866.919,3977.506,-119.927,28.552,0.878063,-0.477962,-0.023593,0.477739,0.878379,-0.014704,0.027751,0.001640,0.999614,0,0.62041,0.71090,37.225,1.422,-1,375.000,-1,275.000,250.000,300.000,250.000,300.000,250.000,-1,750.000,475.000,250.000,700.000,350.000,-1,250.000,2,1,2,1,1,1,1,0,1,2,0,1,1,1,1,2,1
67,3898.972,3995.998,-116.630,29.982,0.865514,-0.499711,-0.034270,0.499715,0.866142,-0.009058,0.034209,-0.009285,0.999372,0,0.61673,0.71493,37.004,1.430,-1,375.000,-1,275.000,250.000,300.000,250.000,300.000,275.000,-1,625.000,450.000,275.000,825.000,375.000,-1,250.000,2,1,2,1,1,1,1,0,1,2,1,1,1,1,1,2,1
68,3934.557,4017.936,-113.025,31.652,0.850069,-0.524642,-0.046192,0.525061,0.851057,-0.003535,0.041167,-0.021249,0.998926,0,0.69673,0.83493,41.804,1.670,-1,400.000,-1,275.000,250.000,300.000,250.000,275.000,325.000,-1,475.000,450.000,300.000,975.000,375.000,-1,250.000,2,1,2,1,1,1,1,0,1,2,0,1,1,0,1,2,1
69,3973.484,4043.562,-109.165,33.355,0.833394,-0.549501,-0.059196,0.550548,0.834802,0.001669,0.048499,-0.033981,0.998245,0,0.77673,0.85120,46.604,1.702,-1,400.000,-1,275.000,250.000,300.000,250.000,275.000,325.000,-1,350.000,425.000,350.000,-1,375.000,-1,275.000,2,1,2,1,1,1,1,0,1,2,0,1,1,2,1,2,1
70,4015.569,4073.079,-105.089,35.039,0.815945,-0.573483,-0.073145,0.575398,0.817848,0.006441,0.056128,-0.047342,0.997301,0,0.85673,0.84199,51.404,1.684,-1,425.000,-1,275.000,250.000,325.000,275.000,275.000,325.000,850.000,275.000,450.000,375.000,-1,400.000,-1,275.000,2,1,2,1,1,1,1,0,1,0,0,1,1,2,1,2,1
71,4057.543,4104.373,-101.014,36.701,0.797899,-0.596568,-0.086394,0.599481,0.800325,0.010148,0.063090,-0.059889,0.996209,0,0.87259,0.83130,52.356,1.663,-1,450.000,-1,300.000,250.000,325.000,275.000,275.000,300.000,750.000,225.000,450.000,400.000,-1,450.000,-1,275.000,2,1,2,1,1,1,1,0,1,0,0,1,1,2,1,2,1
72,4098.688,4136.923,-97.103,38.340,0.779333,-0.618724,-0.099104,0.622739,0.782324,0.012897,0.069552,-0.071767,0.994993,0,0.87437,0.81931,52.462,1.639,-1,475.000,-1,300.000,250.000,350.000,300.000,250.000,300.000,625.000,175.000,425.000,450.000,-1,525.000,-1,275.000,2,1,2,1,1,1,1,0,1,0,0,0,1,2,1,2,1
73,4138.925,4170.638,-93.395,39.952,0.760327,-0.639922,-0.111371,0.645124,0.763935,0.014784,0.075619,-0.083089,0.993669,0,0.87490,0.80599,52.494,1.612,-1,525.000,-1,325.000,250.000,375.000,325.000,250.000,275.000,550.000,150.000,400.000,475.000,-1,625.000,-1,275.000,2,1,2,1,1,1,1,0,1,0,0,0,1,2,1,2,1
74,4178.170,4205.413,-89.898,41.534,0.740980,-0.660141,-0.123137,0.666588,0.745257,0.015867,0.081295,-0.093839,0.992263,0,0.87392,0.79123,52.435,1.582,-1,575.000,-1,375.000,250.000,400.000,350.000,250.000,275.000,500.000,100.000,350.000,525.000,-1,725.000,-1,-1,2,0,2,1,1,1,1,0,1,0,0,0,1,2,1,2,2
75,4216.340,4241.120,-87.194,43.084,0.721815,-0.679604,-0.130850,0.686850,0.726647,0.014877,0.084971,-0.100613,0.991291,0,0.87113,0.77491,52.268,1.550,-1,575.000,-1,425.000,300.000,425.000,375.000,250.000,250.000,450.000,100.000,325.000,550.000,-1,775.000,-1,-1,2,0,2,1,1,1,1,0,1,0,0,0,1,2,1,2,2
76,6887.288,-6887.287,29.272,16.094,0.960589,-0.277174,-0.021039,0.277430,0.960690,0.010391,0.017332,-0.015818,0.999725,1,0.00000,0.00000,51.974,1.514,-1,400.000,-1,375.000,-1,325.000,325.000,300.000,325.000,-1,-1,-1,-1,775.000,725.000,-1,-1,2,0,2,0,2,0,0,0,0,2,2,2,2,0,0,2,2
77,6891.895,-6885.937,29.357,16.334,0.959419,-0.281195,-0.021084,0.281454,0.959518,0.010443,0.017293,-0.015954,0.999723,0,0.08000,0.12000,4.800,0.240,-1,400.000,-1,375.000,-1,325.000,325.000,300.000,325.000,-1,-1,-1,-1,775.000,725.000,-1,-1,2,0,2,0,2,0,0,0,0,2,2,2,2,0,0,2,2
78,6901.084,-6883.160,29.525,16.814,0.957028,-0.289222,-0.021175,0.289485,0.957124,0.010551,0.017216,-0.016228,0.999720,0,0.16000,0.24000,9.600,0.480,-1,400.000,-1,375.000,-1,325.000,325.000,300.000,325.000,-1,-1,-1,-1,775.000,725.000,-1,-1,2,0,2,0,2,0,0,0,0,2,2,2,2,0,0,2,2
79,6914.815,-6878.822,29.774,17.534,0.953315,-0.301225,-0.021317,0.301494,0.953408,0.010716,0.017096,-0.016643,0.999715,0,0.24000,0.36000,14.400,0.720,-1,400.000,-1,375.000,-1,325.000,325.000,300.000,325.000,-1,-1,-1,-1,775.000,725.000,-1,-1,2,0,2,0,2,0,0,0,0,2,2,2,2,0,0,2,2
80,6933.023,-6872.732,30.103,18.494,0.948130,-0.317153,-0.021514,0.317431,0.948218,0.010944,0.016929,-0.017205,0.999709,0,0.32000,0.48000,19.200,0.960,-1,400.000,-1,375.000,-1,325.000,325.000,300.000,325.000,-1,-1,-1,-1,775.000,725.000,-1,-1,2,0,2,0,2,0,0,0,0,2,2,2,2,0,0,2,2
81,6955.620,-6864.644,30.505,19.694,0.941275,-0.336937,-0.021774,0.337226,0.941357,0.011238,0.016710,-0.017921,0.999700,0,0.40000,0.60000,24.000,1.200,-1,400.000,-1,375.000,-1,325.000,325.000,300.000,325.000,-1,-1,-1,-1,775.000,725.000,-1,-1,2,0,2,0,2,0,0,0,0,2,2,2,2,0,0,2,2
82,6982.495,-6854.291,30.977,21.067,0.932926,-0.359389,-0.022104,0.359692,0.932999,0.011605,0.016452,-0.018777,0.999688,0,0.48000,0.68643,28.800,1.373,-1,400.000,-1,375.000,-1,325.000,325.000,300.000,325.000,-1,-1,-1,-1,775.000,725.000,-1,-1,2,0,2,0,2,0,0,0,0,2,2,2,2,0,0,2,2
83,7013.550,-6841.466,31.512,22.440,0.924040,-0.381634,-0.022504,0.381953,0.924103,0.012054,0.016195,-0.019734,0.999674,0,0.56000,0.68649,33.600,1.373,-1,400.000,-1,375.000,-1,325.000,325.000,300.000,325.000,-1,-1,-1,-1,775.000,725.000,-1,-1,2,0,2,0,2,0,0,0,0,2,2,2,2,0,0,2,2
84,7048.681,-6825.962,32.104,23.813,0.914619,-0.403663,-0.022982,0.404003,0.914671,0.012591,0.015939,-0.020801,0.999657,0,0.64000,0.68667,38.400,1.373,-1,400.000,-1,375.000,-1,325.000,325.000,300.000,325.000,-1,-1,-1,-1,800.000,725.000,-1,-1,2,0,2,0,2,0,0,0,0,2,2,2,2,0,0,2,2
85,7084.727,-6809.010,32.716,25.187,0.904668,-0.425469,-0.023495,0.425831,0.904706,0.013237,0.015624,-0.021980,0.999636,0,0.66388,0.68700,39.833,1.374,-1,400.000,-1,375.000,-1,325.000,325.000,300.000,325.000,-1,-1,-1,-1,800.000,725.000,-1,-1,2,0,2,0,2,0,0,0,0,2,2,2,2,0,0,2,2
86,7120.365,-6791.193,33.215,26.562,0.894205,-0.447045,-0.023428,0.447414,0.894220,0.013812,0.014776,-0.022833,0.999630,0,0.66407,0.68742,39.844,1.375,-1,400.000,-1,375.000,-1,325.000,325.000,300.000,325.000,-1,-1,-1,-1,800.000,725.000,-1,-1,2,0,2,0,2,0,0,0,0,2,2,2,2,0,0,2,2
87,7155.576,-6772.520,33.689,27.938,0.883219,-0.468377,-0.023373,0.468754,0.883211,0.014419,0.013890,-0.023691,0.999623,0,0.66426,0.68792,39.855,1.376,-1,400.000,-1,375.000,-1,325.000,325.000,300.000,325.000,-1,-1,-1,-1,800.000,725.000,-1,-1,2,0,2,0,2,0,0,0,0,2,2,2,2,0,0,2,2
88,7190.337,-6753.000,34.190,29.315,0.871711,-0.489454,-0.023569,0.489845,0.871678,0.015153,0.013128,-0.024754,0.999607,0,0.66445,0.68851,39.867,1.377,-1,400.000,-1,375.000,-1,325.000,325.000,300.000,325.000,-1,-1,-1,-1,800.000,725.000,-1,-1,2,0,2,0,2,0,0,0,0,2,2,2,2,0,0,2,2
89,7224.630,-6732.644,34.668,30.693,0.859687,-0.510266,-0.023791,0.510672,0.859629,0.015909,0.012334,-0.025827,0.999590,0,0.66466,0.68917,39.879,1.378,-1,400.000,-1,375.000,-1,325.000,325.000,300.000,325.000,-1,-1,-1,-1,800.000,725.000,-1,-1,2,0,2,0,2,0,0,0,0,2,2,2,2,0,0,2,2
90,7258.433,-6711.462,35.122,32.073,0.847154,-0.530803,-0.024043,0.531223,0.847068,0.016688,0.011509,-0.026909,0.999572,0,0.66486,0.68992,39.892,1.380,-1,400.000,-1,375.000,-1,325.000,325.000,300.000,300.000,-1,-1,-1,-1,825.000,725.000,-1,-1,2,0,2,0,2,0,0,0,0,2,2,2,2,0,0,2,2
91,7291.726,-6689.463,35.550,33.454,0.834114,-0.551055,-0.024327,0.551489,0.833999,0.017486,0.010653,-0.028002,0.999551,0,0.66508,0.69075,39.905,1.381,-1,400.000,-1,375.000,-1,325.000,325.000,300.000,300.000,-1,-1,-1,-1,825.000,725.000,-1,-1,2,0,2,0,2,0,0,0,0,2,2,2,2,0,0,2,2
92,7324.490,-6666.659,35.968,34.838,0.820575,-0.571011,-0.024571,0.571457,0.820429,0.018282,0.009719,-0.029043,0.999531,0,0.66530,0.69166,39.918,1.383,-1,400.000,-1,375.000,-1,325.000,325.000,300.000,300.000,-1,-1,-1,-1,825.000,725.000,-1,-1,2,0,2,0,2,0,0,0,0,2,2,2,2,0,0,2,2
93,7356.704,-6643.062,36.368,36.223,0.806539,-0.590661,-0.024813,0.591117,0.806360,0.019089,0.008733,-0.030064,0.999510,0,0.66554,0.69265,39.932,1.385,-1,400.000,-1,375.000,-1,325.000,325.000,300.000,300.000,-1,-1,-1,-1,825.000,725.000,-1,-1,2,0,2,0,2,0,0,0,0,2,2,2,2,0,0,2,2
94,7388.349,-6618.682,36.651,37.610,0.792015,-0.609986,-0.025090,0.610456,0.791787,0.020396,0.007425,-0.031471,0.999477,0,0.66578,0.69373,39.947,1.387,-1,400.000,-1,375.000,-1,325.000,325.000,300.000,300.000,-1,-1,-1,-1,825.000,700.000,-1,-1,2,0,2,0,2,0,0,0,0,2,2,2,2,0,0,2,2
95,7419.405,-6593.533,36.895,39.000,0.777005,-0.628980,-0.025437,0.629465,0.776723,0.021778,0.006059,-0.032934,0.999439,0,0.66604,0.69488,39.962,1.390,-1,400.000,-1,375.000,-1,325.000,325.000,300.000,300.000,-1,-1,-1,-1,825.000,700.000,-1,-1,2,0,2,0,2,0,0,0,0,2,2,2,2,0,0,2,2
96,7449.853,-6567.626,37.108,40.392,0.761513,-0.647634,-0.025859,0.648133,0.761174,0.023197,0.004660,-0.034425,0.999396,0,0.66631,0.69612,39.978,1.392,-1,400.000,-1,375.000,-1,325.000,325.000,300.000,300.000,-1,-1,-1,-1,825.000,700.000,-1,-1,2,0,2,0,2,0,0,0,0,2,2,2,2,0,0,2,2
97,7479.673,-6540.974,37.290,41.787,0.745543,-0.665936,-0.026359,0.666449,0.745143,0.024647,0.003228,-0.035942,0.999349,0,0.66659,0.69744,39.995,1.395,-1,400.000,-1,375.000,-1,325.000,325.000,300.000,300.000,-1,-1,-1,-1,825.000,725.000,-1,-1,2,0,2,0,2,0,0,0,0,2,2,2,2,0,0,2,2
98,7508.848,-6513.590,37.509,43.185,0.729097,-0.683882,-0.026912,0.684408,0.728644,0.025761,0.001991,-0.037201,0.999306,0,0.66688,0.69885,40.013,1.398,-1,400.000,-1,375.000,-1,325.000,325.000,300.000,300.000,-1,-1,-1,-1,825.000,725.000,-1,-1,2,0,2,0,2,0,0,0,0,2,2,2,2,0,0,2,2
99,7537.358,-6485.489,37.681,44.586,0.712181,-0.701456,-0.027523,0.701995,0.711677,0.026817,0.000776,-0.038419,0.999261,0,0.66719,0.70034,40.032,1.401,-1,400.000,-1,375.000,-1,325.000,325.000,300.000,300.000,-1,-1,-1,-1,825.000,725.000,-1,-1,2,0,2,0,2,0,0,0,0,2,2,2,2,0,0,2,2
100,7565.185,-6456.683,37.665,45.989,0.694792,-0.718661,-0.028110,0.719211,0.694259,0.027197,-0.000030,-0.039113,0.999235,0,0.66752,0.70191,40.051,1.404,-1,400.000,-1,375.000,-1,325.000,325.000,300.000,300.000,-1,-1,-1,-1,850.000,725.000,-1,-1,2,0,2,0,2,0,0,0,0,2,2,2,2,0,0,2,2
101,7592.310,-6427.188,37.635,47.397,0.676947,-0.735470,-0.028748,0.736031,0.676380,0.027711,-0.000936,-0.039918,0.999203,0,0.66786,0.70357,40.072,1.407,-1,400.000,-1,400.000,-1,325.000,325.000,300.000,300.000,-1,-1,-1,-1,850.000,725.000,-1,-1,2,0,2,0,2,0,0,0,0,2,2,2,2,0,0,2,2
102,7618.715,-6397.017,37.621,48.807,0.658656,-0.751867,-0.029473,0.752441,0.658042,0.028496,-0.002031,-0.040946,0.999159,0,0.66823,0.70532,40.094,1.411,-1,400.000,-1,400.000,-1,325.000,325.000,300.000,300.000,-1,-1,-1,-1,850.000,750.000,-1,-1,2,0,2,0,2,0,0,0,0,2,2,2,2,0,0,2,2
103,7644.345,-6366.495,37.574,49.978,0.643177,-0.765121,-0.030213,0.765712,0.642517,0.029271,-0.002984,-0.041961,0.999115,0,0.66427,0.58532,39.856,1.171,-1,400.000,-1,400.000,-1,325.000,325.000,300.000,300.000,-1,-1,-1,-1,850.000,750.000,-1,-1,2,0,2,0,2,0,0,0,0,2,2,2,2,0,0,2,2
104,7669.483,-6335.553,37.498,50.908,0.630683,-0.775422,-0.030965,0.776031,0.629978,0.030050,-0.003794,-0.042982,0.999069,0,0.66444,0.46532,39.866,0.931,-1,400.000,-1,400.000,-1,325.000,325.000,300.000,300.000,-1,-1,-1,-1,850.000,750.000,-1,-1,2,0,2,0,2,0,0,0,0,2,2,2,2,0,0,2,2
105,7694.243,-6304.313,37.197,51.599,0.621324,-0.782950,-0.030750,0.783537,0.620578,0.030846,-0.005069,-0.043259,0.999051,0,0.66438,0.34532,39.863,0.691,-1,400.000,-1,400.000,-1,325.000,325.000,300.000,300.000,-1,-1,-1,-1,850.000,750.000,-1,-1,2,0,2,0,2,0,0,0,0,2,2,2,2,0,0,2,2
106,7718.746,-6272.894,36.837,52.050,0.615181,-0.787802,-0.030334,0.788360,0.614397,0.031684,-0.006324,-0.043405,0.999038,0,0.66407,0.22532,39.844,0.451,-1,400.000,-1,400.000,-1,325.000,325.000,300.000,300.000,-1,-1,-1,-1,850.000,750.000,-1,-1,2,0,2,0,2,0,0,0,0,2,2,2,2,0,0,2,2
107,7743.112,-6241.413,36.469,52.260,0.612313,-0.790049,-0.029924,0.790580,0.611492,0.032559,-0.007425,-0.043594,0.999022,0,0.66348,0.10532,39.809,0.211,-1,400.000,-1,400.000,-1,325.000,325.000,300.000,300.000,-1,-1,-1,-1,850.000,750.000,-1,-1,2,0,2,0,2,0,0,0,0,2,2,2,2,0,0,2,2
108,7767.462,-6209.986,36.099,52.231,0.612748,-0.789727,-0.029518,0.790234,0.611891,0.033468,-0.008368,-0.043834,0.999004,0,0.66261,-0.01468,39.757,-0.029,-1,400.000,-1,400.000,-1,325.000,325.000,300.000,300.000,-1,-1,-1,-1,850.000,750.000,-1,-1,2,0,2,0,2,0,0,0,0,2,2,2,2,0,0,2,2
109,7791.910,-6178.723,35.734,51.974,0.616317,-0.786960,-0.029114,0.787445,0.615424,0.034405,-0.009157,-0.044130,0.998984,0,0.66146,-0.12869,39.687,-0.257,-1,400.000,-1,400.000,-1,325.000,325.000,300.000,300.000,-1,-1,-1,-1,850.000,725.000,-1,-1,2,0,2,0,2,0,0,0,0,2,2,2,2,0,0,2,2
110,7816.445,-6147.637,35.421,51.717,0.619859,-0.784178,-0.028979,0.784652,0.618927,0.035370,-0.009801,-0.044663,0.998954,0,0.66004,-0.12827,39.602,-0.257,-1,400.000,-1,400.000,-1,325.000,325.000,300.000,300.000,-1,-1,-1,-1,850.000,725.000,-1,-1,2,0,2,0,2,0,0,0,0,2,2,2,2,0,0,2,2
111,7841.066,-6116.727,35.063,51.461,0.623377,-0.781352,-0.029818,0.781859,0.622394,0.036366,-0.009856,-0.045984,0.998894,0,0.65861,-0.12825,39.516,-0.257,-1,400.000,-1,400.000,-1,325.000,325.000,300.000,300.000,-1,-1,-1,-1,850.000,725.000,-1,-1,2,0,2,0,2,0,0,0,0,2,2,2,2,0,0,2,2
112,7865.771,-6085.995,34.703,51.203,0.626894,-0.778500,-0.030691,0.779041,0.625856,0.037404,-0.009911,-0.047358,0.998829,0,0.65719,-0.12864,39.431,-0.257,-1,400.000,-1,375.000,-1,325.000,325.000,300.000,300.000,-1,-1,-1,-1,850.000,725.000,-1,-1,2,0,2,0,2,0,0,0,0,2,2,2,2,0,0,2,2
113,7890.563,-6055.439,34.341,50.944,0.630420,-0.775611,-0.031594,0.776190,0.629323,0.038484,-0.009966,-0.048784,0.998760,0,0.65581,-0.12944,39.348,-0.259,-1,425.000,-1,375.000,-1,325.000,325.000,300.000,300.000,-1,-1,-1,-1,850.000,725.000,-1,-1,2,0,2,0,2,0,0,0,0,2,2,2,2,0,0,2,2
114,7915.443,-6025.057,33.978,50.683,0.633966,-0.772676,-0.032526,0.773296,0.632807,0.039606,-0.010020,-0.050261,0.998686,0,0.65448,-0.13063,39.269,-0.261,-1,425.000,-1,375.000,-1,325.000,325.000,300.000,300.000,-1,-1,-1,-1,825.000,725.000,-1,-1,2,0,2,0,2,0,0,0,0,2,2,2,2,0,0,2,2
115,7940.416,-5994.849,33.610,50.419,0.637543,-0.769687,-0.033492,0.770349,0.636316,0.040793,-0.010087,-0.051808,0.998606,0,0.65323,-0.13222,39.194,-0.264,-1,425.000,-1,375.000,-1,325.000,325.000,300.000,300.000,-1,-1,-1,-1,825.000,750.000,-1,-1,2,0,2,0,2,0,0,0,0,2,2,2,2,0,0,2,2
116,7965.485,-5964.811,33.241,50.150,0.641168,-0.766633,-0.034323,0.767330,0.639861,0.042218,-0.010404,-0.053406,0.998519,0,0.65208,-0.13420,39.125,-0.268,-1,400.000,-1,375.000,-1,325.000,325.000,300.000,300.000,-1,-1,-1,-1,825.000,750.000,-1,-1,2,0,2,0,2,0,0,0,0,2,2,2,2,0,0,2,2
117,7990.657,-5934.940,32.928,49.877,0.644848,-0.763515,-0.034879,0.764233,0.643459,0.043686,-0.010911,-0.054826,0.998436,0,0.65105,-0.13658,39.063,-0.273,-1,400.000,-1,375.000,-1,325.000,325.000,300.000,300.000,-1,-1,-1,-1,825.000,750.000,-1,-1,2,0,2,0,2,0,0,0,0,2,2,2,2,0,0,2,2
118,8015.940,-5905.234,32.613,49.599,0.648588,-0.760313,-0.035462,0.761054,0.647111,0.045202,-0.011420,-0.056306,0.998348,0,0.65015,-0.13934,39.009,-0.279,-1,400.000,-1,375.000,-1,325.000,325.000,300.000,300.000,-1,-1,-1,-1,825.000,750.000,-1,-1,2,0,2,0,2,0,0,0,0,2,2,2,2,0,0,2,2
119,8042.471,-5874.102,32.268,49.560,0.649143,-0.759810,-0.036090,0.760569,0.647568,0.046811,-0.012197,-0.057836,0.998252,0,0.68172,-0.01934,40.903,-0.039,-1,400.000,-1,375.000,-1,325.000,325.000,300.000,300.000,-1,-1,-1,-1,800.000,750.000,-1,-1,2,0,2,0,2,0,0,0,0,2,2,2,2,0,0,2,2
120,8068.877,-5842.896,31.902,49.761,0.646518,-0.762013,-0.036750,0.762784,0.644837,0.048432,-0.013208,-0.059344,0.998150,0,0.68132,0.10066,40.879,0.201,-1,400.000,-1,375.000,-1,325.000,325.000,300.000,300.000,-1,-1,-1,-1,800.000,750.000,-1,-1,2,0,2,0,2,0,0,0,0,2,2,2,2,0,0,2,2
121,8095.119,-5811.557,31.393,50.057,0.642617,-0.765277,-0.037343,0.766061,0.640857,0.049532,-0.013974,-0.060438,0.998074,0,0.68125,0.14770,40.875,0.295,-1,400.000,-1,375.000,-1,325.000,325.000,300.000,300.000,-1,-1,-1,-1,800.000,750.000,-1,-1,2,0,2,0,2,0,0,0,0,2,2,2,2,0,0,2,2
122,8121.209,-5780.081,30.755,50.344,0.638796,-0.768444,-0.037878,0.769241,0.636984,0.050191,-0.014441,-0.061199,0.998021,0,0.68139,0.14356,40.884,0.287,-1,400.000,-1,375.000,-1,325.000,325.000,300.000,300.000,-1,-1,-1,-1,800.000,750.000,-1,-1,2,0,2,0,2,0,0,0,0,2,2,2,2,0,0,2,2
123,8147.157,-5748.466,30.084,50.622,0.635077,-0.771492,-0.038441,0.772306,0.633213,0.050848,-0.014888,-0.061980,0.997966,0,0.68166,0.13918,40.900,0.278,-1,400.000,-1,375.000,-1,325.000,325.000,300.000,300.000,-1,-1,-1,-1,800.000,750.000,-1,-1,2,0,2,0,2,0,0,0,0,2,2,2,2,0,0,2,2
124,8172.971,-5716.711,29.380,50.891,0.631468,-0.774419,-0.039030,0.775251,0.629551,0.051504,-0.015314,-0.062782,0.997910,0,0.68206,0.13456,40.924,0.269,-1,400.000,-1,375.000,-1,325.000,325.000,300.000,300.000,-1,-1,-1,-1,800.000,750.000,-1,-1,2,0,2,0,2,0,0,0,0,2,2,2,2,0,0,2,2
125,8198.661,-5684.814,28.644,51.151,0.627978,-0.777221,-0.039648,0.778072,0.626005,0.052160,-0.015720,-0.063604,0.997851,0,0.68260,0.12971,40.956,0.259,-1,400.000,-1,375.000,-1,325.000,325.000,300.000,300.000,-1,-1,-1,-1,800.000,750.000,-1,-1,2,0,2,0,2,0,0,0,0,2,2,2,2,0,0,2,2
126,8224.238,-5652.774,28.016,51.400,0.624611,-0.779914,-0.039927,0.780768,0.622601,0.052620,-0.016181,-0.064041,0.997816,0,0.68329,0.12461,40.997,0.249,-1,400.000,-1,400.000,-1,325.000,325.000,300.000,300.000,-1,-1,-1,-1,800.000,750.000,-1,-1,2,0,2,0,2,0,0,0,0,2,2,2,2,0,0,2,2
127,8249.713,-5620.588,27.434,51.638,0.621382,-0.782482,-0.040083,0.783330,0.619335,0.053095,-0.016721,-0.064390,0.997785,0,0.68413,0.11927,41.048,0.239,-1,400.000,-1,400.000,-1,325.000,325.000,300.000,300.000,-1,-1,-1,-1,800.000,750.000,-1,-1,2,0,2,0,2,0,0,0,0,2,2,2,2,0,0,2,2
128,8275.097,-5588.253,26.824,51.866,0.618295,-0.784915,-0.040247,0.785757,0.616210,0.053583,-0.017257,-0.064755,0.997752,0,0.68513,0.11369,41.108,0.227,-1,400.000,-1,400.000,-1,325.000,325.000,300.000,300.000,-1,-1,-1,-1,800.000,750.000,-1,-1,2,0,2,0,2,0,0,0,0,2,2,2,2,0,0,2,2
129,8300.402,-5555.768,26.187,52.081,0.615358,-0.787210,-0.040421,0.788047,0.613235,0.054086,-0.017789,-0.065136,0.997718,0,0.68630,0.10787,41.178,0.216,-1,400.000,-1,400.000,-1,325.000,325.000,300.000,300.000,-1,-1,-1,-1,800.000,750.000,-1,-1,2,0,2,0,2,0,0,0,0,2,2,2,2,0,0,2,2
130,8325.641,-5523.130,25.524,52.285,0.612581,-0.789364,-0.040604,0.790196,0.610418,0.054602,-0.018316,-0.065533,0.997682,0,0.68764,0.10181,41.259,0.204,-1,400.000,-1,400.000,-1,325.000,325.000,300.000,300.000,-1,-1,-1,-1,800.000,775.000,-1,-1,2,0,2,0,2,0,0,0,0,2,2,2,2,0,0,2,2
131,8350.827,-5490.335,24.834,52.476,0.609971,-0.791373,-0.040797,0.792200,0.607766,0.055133,-0.018836,-0.065949,0.997645,0,0.68916,0.09550,41.350,0.191,-1,400.000,-1,400.000,-1,325.000,325.000,300.000,300.000,-1,-1,-1,-1,825.000,775.000,-1,-1,2,0,2,0,2,0,0,0,0,2,2,2,2,0,0,2,2
132,8375.972,-5457.381,24.078,52.654,0.607534,-0.793225,-0.041205,0.794061,0.605282,0.055674,-0.019222,-0.066543,0.997598,0,0.69087,0.08894,41.452,0.178,-1,400.000,-1,400.000,-1,325.000,325.000,300.000,300.000,-1,-1,-1,-1,825.000,775.000,-1,-1,2,0,2,0,2,0,0,0,0,2,2,2,2,0,0,2,2
133,8401.039,-5424.323,23.290,52.828,0.605149,-0.795021,-0.041664,0.795871,0.602849,0.056228,-0.019585,-0.067186,0.997548,0,0.69145,0.08683,41.487,0.174,-1,400.000,-1,400.000,-1,325.000,325.000,300.000,300.000,-1,-1,-1,-1,825.000,775.000,-1,-1,2,0,2,0,2,0,0,0,0,2,2,2,2,0,0,2,2
134,8426.005,-5391.189,22.475,53.001,0.602760,-0.796809,-0.042144,0.797673,0.600410,0.056795,-0.019951,-0.067851,0.997496,0,0.69145,0.08683,41.487,0.174,-1,400.000,-1,400.000,-1,325.000,325.000,300.000,300.000,-1,-1,-1,-1,825.000,775.000,-1,-1,2,0,2,0,2,0,0,0,0,2,2,2,2,0,0,2,2
135,8450.870,-5357.980,21.635,53.175,0.600366,-0.798587,-0.042645,0.799467,0.597964,0.057375,-0.020319,-0.068540,0.997441,0,0.69145,0.08683,41.487,0.174,-1,400.000,-1,400.000,-1,325.000,325.000,300.000,300.000,-1,-1,-1,-1,825.000,775.000,-1,-1,2,0,2,0,2,0,0,0,0,2,2,2,2,0,0,2,2
