timestep,x_cm,y_cm,z_cm,yaw_deg,basis_xx,basis_xy,basis_xz,basis_yx,basis_yy,basis_yz,basis_zx,basis_zy,basis_zz,teleport_flag,throttle_cmd,steering_cmd,cmd_move_cm,cmd_turn_deg,lidar_cm_0,lidar_cm_1,lidar_cm_2,lidar_cm_3,lidar_cm_4,lidar_cm_5,lidar_cm_6,lidar_cm_7,lidar_cm_8,lidar_cm_9,lidar_cm_10,lidar_cm_11,lidar_cm_12,lidar_cm_13,lidar_cm_14,lidar_cm_15,lidar_cm_16,lidar_class_0,lidar_class_1,lidar_class_2,lidar_class_3,lidar_class_4,lidar_class_5,lidar_class_6,lidar_class_7,lidar_class_8,lidar_class_9,lidar_class_10,lidar_class_11,lidar_class_12,lidar_class_13,lidar_class_14,lidar_class_15,lidar_class_16
0,-4917.737,-8203.623,-119.723,-68.912,0.357365,0.931341,-0.069958,-0.933173,0.359143,0.014300,0.038443,0.060173,0.997447,1,0.08000,-0.12000,4.800,-0.240,-1,400.000,-1,400.000,-1,325.000,325.000,300.000,325.000,-1,-1,-1,-1,725.000,775.000,-1,-1,2,0,2,0,2,0,0,0,0,2,2,2,2,0,0,2,2
1,-4914.353,-8212.607,-119.387,-69.362,0.350058,0.934104,-0.070060,-0.935965,0.351812,0.014090,0.037810,0.060641,0.997443,0,0.16000,-0.22485,9.600,-0.450,-1,400.000,-1,400.000,-1,325.000,325.000,300.000,325.000,-1,-1,-1,-1,725.000,775.000,-1,-1,2,0,2,0,2,0,0,0,0,2,2,2,2,0,0,2,2
2,-4909.384,-8226.122,-118.876,-69.812,0.342724,0.936808,-0.070226,-0.938704,0.344450,0.013772,0.037091,0.061202,0.997436,0,0.24000,-0.22509,14.400,-0.450,-1,400.000,-1,400.000,-1,325.000,325.000,300.000,325.000,-1,-1,-1,-1,725.000,775.000,-1,-1,2,0,2,0,2,0,0,0,0,2,2,2,2,0,0,2,2
3,-4902.899,-8244.194,-118.193,-70.263,0.335357,0.939453,-0.070461,-0.941392,0.337049,0.013336,0.036278,0.061859,0.997425,0,0.32000,-0.22556,19.200,-0.451,-1,375.000,-1,400.000,-1,325.000,325.000,300.000,325.000,-1,-1,-1,-1,725.000,775.000,-1,-1,2,0,2,0,2,0,0,0,0,2,2,2,2,0,0,2,2
4,-4894.973,-8266.847,-117.336,-70.716,0.327951,0.942041,-0.070767,-0.944033,0.329604,0.012777,0.035362,0.062616,0.997411,0,0.40000,-0.22625,24.000,-0.452,-1,375.000,-1,400.000,-1,325.000,325.000,300.000,325.000,-1,-1,-1,-1,725.000,775.000,-1,-1,2,0,2,0,2,0,0,0,0,2,2,2,2,0,0,2,2
5,-4885.677,-8294.106,-116.305,-71.170,0.320499,0.944573,-0.071145,-0.946626,0.322106,0.012086,0.034333,0.063474,0.997393,0,0.48000,-0.22716,28.800,-0.454,-1,375.000,-1,400.000,-1,325.000,325.000,300.000,325.000,-1,-1,-1,-1,725.000,750.000,-1,-1,2,0,2,0,2,0,0,0,0,2,2,2,2,0,0,2,2
6,-4875.085,-8325.993,-115.098,-71.627,0.312997,0.947051,-0.071599,-0.949174,0.314550,0.011255,0.033180,0.064437,0.997370,0,0.56000,-0.22829,33.600,-0.457,-1,375.000,-1,400.000,-1,325.000,325.000,300.000,325.000,-1,-1,-1,-1,725.000,750.000,-1,-1,2,0,2,0,2,0,0,0,0,2,2,2,2,0,0,2,2
7,-4863.273,-8362.532,-113.712,-72.086,0.305438,0.949476,-0.072129,-0.951678,0.306926,0.010273,0.031892,0.065506,0.997342,0,0.64000,-0.22965,38.400,-0.459,-1,375.000,-1,400.000,-1,325.000,325.000,300.000,325.000,-1,-1,-1,-1,700.000,750.000,-1,-1,2,0,2,0,2,0,0,0,0,2,2,2,2,0,0,2,2
8,-4850.317,-8403.743,-112.144,-72.549,0.297814,0.951849,-0.072737,-0.954138,0.299228,0.009131,0.030456,0.066682,0.997309,0,0.72000,-0.23125,43.200,-0.463,-1,375.000,-1,400.000,-1,325.000,325.000,300.000,325.000,-1,-1,-1,-1,700.000,750.000,-1,975.000,2,0,2,0,2,0,0,0,0,2,2,2,2,0,0,2,1
9,-4836.294,-8449.649,-110.474,-73.015,0.290094,0.954149,-0.073792,-0.956555,0.291442,0.007965,0.029106,0.068276,0.997242,0,0.80000,-0.23311,48.000,-0.466,-1,375.000,-1,375.000,-1,325.000,325.000,300.000,325.000,-1,-1,-1,-1,700.000,725.000,-1,925.000,2,0,2,0,2,0,0,0,0,2,2,2,2,0,0,2,1
10,-4821.283,-8500.271,-108.692,-73.485,0.282231,0.956378,-0.075411,-0.958927,0.283559,0.007291,0.028357,0.070256,0.997126,0,0.88000,-0.23523,52.800,-0.470,-1,375.000,-1,375.000,1000.000,300.000,325.000,300.000,325.000,-1,-1,-1,-1,700.000,725.000,-1,875.000,2,0,2,0,1,0,0,0,0,2,2,2,2,0,1,2,1
11,-4805.367,-8555.628,-106.649,-73.961,0.274260,0.958571,-0.076967,-0.961254,0.275579,0.006864,0.027790,0.072102,0.997010,0,0.96000,-0.23766,57.600,-0.475,-1,375.000,-1,375.000,925.000,300.000,325.000,300.000,325.000,-1,-1,-1,-1,700.000,675.000,-1,825.000,2,0,2,0,1,0,0,0,0,2,2,2,2,0,1,2,1
12,-4789.272,-8613.430,-104.734,-74.441,0.266149,0.960774,-0.077959,-0.963529,0.267503,0.007291,0.027859,0.073176,0.996930,0,1.00000,-0.24042,60.000,-0.481,-1,375.000,-1,375.000,875.000,300.000,325.000,300.000,325.000,-1,-1,-1,-1,700.000,650.000,-1,750.000,2,0,2,0,1,0,0,0,0,2,2,2,2,0,1,2,1
13,-4773.669,-8671.366,-102.864,-74.928,0.257851,0.962947,-0.079034,-0.965755,0.259313,0.008650,0.028824,0.074097,0.996834,0,1.00000,-0.24342,60.000,-0.487,-1,375.000,-1,375.000,800.000,300.000,325.000,300.000,325.000,-1,-1,-1,-1,700.000,600.000,-1,700.000,2,0,2,0,1,0,0,0,0,2,2,2,2,0,1,2,1
14,-4758.803,-8729.495,-101.028,-75.655,0.245503,0.966080,-0.080106,-0.968950,0.247056,0.009942,0.029396,0.075178,0.996737,0,1.00000,-0.36342,60.000,-0.727,-1,375.000,-1,375.000,750.000,325.000,325.000,300.000,325.000,-1,-1,-1,-1,700.000,575.000,-1,650.000,2,0,2,0,1,0,0,0,0,2,2,2,2,0,1,2,1
15,-4744.899,-8787.863,-99.249,-76.602,0.229402,0.969942,-0.081164,-0.972882,0.231031,0.011160,0.029576,0.076403,0.996638,0,1.00000,-0.47358,60.000,-0.947,-1,375.000,-1,375.000,700.000,325.000,325.000,300.000,325.000,-1,-1,-1,-1,675.000,550.000,-1,600.000,2,0,2,0,1,0,0,0,0,2,2,2,2,0,1,2,1
16,-4731.967,-8846.453,-97.519,-77.554,0.213160,0.973555,-0.082177,-0.976566,0.214862,0.012348,0.029678,0.077619,0.996541,0,1.00000,-0.47607,60.000,-0.952,-1,375.000,-1,375.000,625.000,325.000,325.000,300.000,325.000,-1,-1,-1,-1,675.000,525.000,-1,550.000,2,0,2,1,1,0,0,0,0,2,2,2,2,0,1,2,1
17,-4720.015,-8905.252,-95.843,-78.512,0.196779,0.976916,-0.083146,-0.979998,0.198550,0.013508,0.029705,0.078825,0.996446,0,1.00000,-0.47858,60.000,-0.957,-1,375.000,-1,350.000,575.000,325.000,325.000,300.000,325.000,-1,-1,-1,-1,650.000,475.000,-1,500.000,2,0,2,1,1,0,1,0,0,2,2,2,2,0,1,2,1
18,-4709.053,-8964.242,-94.224,-79.474,0.180262,0.980019,-0.084074,-0.983171,0.182098,0.014640,0.029657,0.080020,0.996352,0,1.00000,-0.48113,60.000,-0.962,-1,375.000,-1,325.000,500.000,300.000,300.000,300.000,325.000,-1,-1,-1,-1,650.000,450.000,-1,450.000,2,1,2,1,1,1,1,0,0,2,2,2,2,0,1,2,1
19,-4699.088,-9023.410,-92.664,-80.441,0.163611,0.982860,-0.084962,-0.986083,0.165509,0.015745,0.029537,0.081203,0.996260,0,1.00000,-0.48375,60.000,-0.967,-1,350.000,-1,300.000,450.000,300.000,275.000,300.000,325.000,-1,-1,-1,-1,625.000,425.000,-1,375.000,2,1,2,1,1,1,1,0,0,2,2,2,2,1,1,2,1
20,-4690.129,-9082.738,-91.168,-81.414,0.146826,0.985433,-0.085812,-0.988727,0.148782,0.016825,0.029347,0.082374,0.996169,0,1.00000,-0.48645,60.000,-0.973,-1,325.000,-1,275.000,375.000,275.000,250.000,300.000,325.000,-1,-1,-1,-1,600.000,375.000,-1,325.000,2,1,2,1,1,1,1,0,0,2,2,2,2,1,1,2,1
21,-4682.185,-9142.211,-89.731,-82.393,0.129911,0.987737,-0.086591,-0.991100,0.131919,0.017860,0.029064,0.083501,0.996084,0,1.00000,-0.48927,60.000,-0.979,-1,325.000,900.000,250.000,325.000,250.000,225.000,300.000,300.000,-1,-1,-1,-1,550.000,350.000,1000.000,275.000,2,1,1,1,1,1,1,0,0,2,2,2,2,1,1,0,1
22,-4675.275,-9201.813,-84.989,-83.377,0.112542,0.990739,-0.075967,-0.992933,0.115030,0.029200,0.037668,0.072144,0.996683,0,1.00000,-0.49225,60.000,-0.984,-1,325.000,925.000,250.000,300.000,250.000,225.000,300.000,350.000,-1,450.000,475.000,-1,575.000,350.000,-1,250.000,2,1,1,1,1,1,1,0,0,2,0,0,2,1,1,2,1
23,-4669.394,-9261.527,-78.046,-84.368,0.094775,0.993281,-0.066406,-0.994114,0.097950,0.046290,0.052483,0.061628,0.996718,0,1.00000,-0.49542,60.000,-0.991,-1,325.000,-1,250.000,325.000,250.000,225.000,300.000,375.000,-1,275.000,325.000,-1,650.000,350.000,-1,250.000,2,1,2,1,1,1,1,0,0,2,0,0,2,1,1,2,1
24,-4664.552,-9321.334,-70.768,-85.366,0.076998,0.995347,-0.057921,-0.994671,0.080681,0.064193,0.068567,0.052670,0.996255,0,1.00000,-0.49886,60.000,-0.998,-1,350.000,-1,250.000,400.000,275.000,225.000,300.000,425.000,-1,175.000,250.000,-1,725.000,350.000,-1,275.000,2,1,2,1,1,1,1,0,0,2,0,0,2,1,1,2,1
25,-4661.286,-9376.441,-64.107,-86.604,0.055308,0.997234,-0.049656,-0.995010,0.059184,0.080326,0.083043,0.044966,0.995531,0,0.92000,-0.61886,55.200,-1.238,-1,350.000,-1,250.000,625.000,275.000,250.000,300.000,475.000,-1,125.000,225.000,-1,800.000,350.000,-1,275.000,2,1,2,1,1,1,1,0,0,2,0,0,2,0,1,2,1
26,-4659.519,-9426.813,-58.003,-87.987,0.031262,0.998645,-0.041609,-0.994866,0.035099,0.094919,0.096251,0.038428,0.994615,0,0.84000,-0.69175,50.400,-1.384,-1,375.000,-1,250.000,725.000,275.000,250.000,300.000,500.000,800.000,100.000,175.000,-1,875.000,350.000,-1,300.000,2,1,2,1,1,1,1,0,0,0,0,0,2,0,1,2,1
27,-4659.025,-9472.414,-52.425,-89.374,0.007288,0.999401,-0.033837,-0.994075,0.010911,0.108150,0.108454,0.032848,0.993559,0,0.76000,-0.69370,45.600,-1.387,-1,375.000,-1,250.000,825.000,275.000,250.000,325.000,525.000,675.000,75.000,150.000,-1,950.000,375.000,-1,375.000,2,1,2,1,1,1,1,0,1,0,0,0,2,0,1,2,1
28,-4659.572,-9513.214,-47.350,-90.765,-0.016631,0.999512,-0.026427,-0.992680,-0.013344,0.120033,0.119622,0.028230,0.992418,0,0.68000,-0.69519,40.800,-1.390,-1,400.000,-1,250.000,900.000,275.000,250.000,300.000,550.000,600.000,75.000,150.000,-1,1000.000,375.000,-1,475.000,2,1,2,1,1,1,1,0,1,0,0,0,2,1,1,2,1
29,-4660.929,-9549.192,-42.776,-92.157,-0.040512,0.998989,-0.019493,-0.990724,-0.037629,0.130575,0.129710,0.024603,0.991247,0,0.60000,-0.69615,36.000,-1.392,-1,400.000,-1,250.000,950.000,275.000,250.000,300.000,575.000,550.000,75.000,125.000,-1,-1,375.000,-1,625.000,2,1,2,1,1,1,1,0,1,0,0,0,2,2,1,2,1
30,985.541,2951.724,196.487,-88.204,0.100195,0.854326,-0.509988,-0.988426,0.026786,-0.149321,-0.113909,0.519046,0.847122,1,0.00000,0.00000,31.200,-1.393,-1,400.000,525.000,375.000,-1,225.000,225.000,200.000,800.000,-1,0.000,0.000,475.000,525.000,500.000,825.000,700.000,2,1,1,1,2,1,1,1,1,2,1,1,1,1,1,1,1
31,8198.808,-323.177,383.442,93.942,-0.067494,-0.996728,0.044479,0.997301,-0.068690,-0.025944,0.028915,0.042608,0.998673,1,0.08000,-0.12000,4.800,-0.240,-1,400.000,-1,400.000,-1,325.000,325.000,300.000,300.000,-1,-1,-1,-1,750.000,725.000,-1,-1,2,0,2,0,2,0,0,0,0,2,2,2,2,0,0,2,2
32,8198.228,-313.595,383.716,93.462,-0.059141,-0.997257,0.044508,0.997839,-0.060337,-0.026016,0.028630,0.042873,0.998670,0,0.16000,-0.24000,9.600,-0.480,-1,400.000,-1,400.000,-1,325.000,325.000,300.000,300.000,-1,-1,-1,-1,750.000,725.000,-1,-1,2,0,2,0,2,0,0,0,0,2,2,2,2,0,0,2,2
33,8197.539,-299.211,384.119,92.742,-0.046606,-0.997920,0.044543,0.998515,-0.047800,-0.026122,0.028197,0.043260,0.998666,0,0.24000,-0.36000,14.400,-0.720,-1,400.000,-1,400.000,-1,325.000,325.000,300.000,300.000,-1,-1,-1,-1,750.000,725.000,-1,-1,2,0,2,0,2,0,0,0,0,2,2,2,2,0,0,2,2
34,8196.921,-280.021,384.644,91.845,-0.030965,-0.998526,0.044580,0.999138,-0.032157,-0.026262,0.027657,0.043728,0.998661,0,0.32000,-0.44891,19.200,-0.898,-1,400.000,-1,400.000,-1,325.000,325.000,300.000,300.000,-1,-1,-1,-1,750.000,725.000,-1,-1,2,0,2,0,2,0,0,0,0,2,2,2,2,0,0,2,2
35,8196.526,-256.024,385.284,90.942,-0.015240,-0.998888,0.044617,0.999516,-0.016431,-0.026434,0.027137,0.044193,0.998654,0,0.40000,-0.45108,24.000,-0.902,-1,400.000,-1,400.000,975.000,325.000,325.000,300.000,300.000,-1,-1,-1,-1,750.000,725.000,-1,-1,2,0,2,0,1,0,0,0,0,2,2,2,2,0,0,2,2
36,8196.509,-227.224,386.032,90.033,0.000620,-0.999003,0.044648,0.999645,-0.000570,-0.026637,0.026636,0.044649,0.998648,0,0.48000,-0.45483,28.800,-0.910,-1,400.000,-1,400.000,950.000,325.000,325.000,300.000,300.000,-1,-1,-1,-1,750.000,725.000,-1,-1,2,0,2,0,1,0,0,0,0,2,2,2,2,0,0,2,2
37,8197.030,-193.628,386.881,89.112,0.016666,-0.998863,0.044663,0.999519,0.015476,-0.026872,0.026151,0.045090,0.998641,0,0.56000,-0.46017,33.600,-0.920,-1,400.000,-1,400.000,925.000,325.000,325.000,300.000,300.000,-1,-1,-1,-1,750.000,725.000,-1,-1,2,0,2,0,1,0,0,0,0,2,2,2,2,0,0,2,2
38,8198.250,-155.247,387.825,88.178,0.032950,-0.998459,0.044652,0.999127,0.031759,-0.027138,0.025678,0.045507,0.998634,0,0.64000,-0.46710,38.400,-0.934,-1,400.000,-1,400.000,875.000,325.000,325.000,300.000,300.000,-1,-1,-1,-1,750.000,725.000,-1,-1,2,0,2,0,1,0,0,0,0,2,2,2,2,0,0,2,2
39,8200.508,-112.106,388.847,87.004,0.053401,-0.997577,0.044585,0.998259,0.052211,-0.027432,0.025038,0.045972,0.998629,0,0.72000,-0.58710,43.200,-1.174,-1,400.000,-1,375.000,850.000,325.000,325.000,300.000,300.000,-1,-1,-1,-1,750.000,725.000,-1,1000.000,2,0,2,0,1,0,0,0,0,2,2,2,2,0,0,2,1
40,8204.199,-64.247,389.929,85.590,0.077997,-0.995963,0.044437,0.996659,0.076814,-0.027750,0.024225,0.046453,0.998627,0,0.80000,-0.70710,48.000,-1.414,-1,400.000,-1,375.000,800.000,325.000,325.000,300.000,300.000,-1,-1,-1,-1,750.000,725.000,-1,950.000,2,0,2,0,1,0,0,0,0,2,2,2,2,0,0,2,1
41,8209.731,-12.176,391.068,83.936,0.106706,-0.993303,0.044296,0.994019,0.105530,-0.028106,0.023244,0.047030,0.998623,0,0.87273,-0.82710,52.364,-1.654,-1,400.000,-1,375.000,750.000,325.000,325.000,300.000,300.000,-1,-1,-1,-1,750.000,725.000,-1,925.000,2,0,2,0,1,0,0,0,0,2,2,2,2,0,0,2,1
42,8216.984,39.709,392.245,82.041,0.139474,-0.989235,0.044276,0.989978,0.138299,-0.028580,0.022149,0.047819,0.998610,0,0.87315,-0.94710,52.389,-1.894,-1,400.000,-1,375.000,700.000,325.000,325.000,300.000,300.000,-1,-1,-1,-1,750.000,725.000,-1,875.000,2,0,2,0,1,0,0,0,0,2,2,2,2,0,0,2,1
43,8226.057,91.380,393.488,80.041,0.173898,-0.983797,0.043618,0.984537,0.172737,-0.029123,0.021116,0.048008,0.998624,0,0.87436,-1.00000,52.462,-2.000,-1,400.000,-1,375.000,650.000,325.000,325.000,300.000,300.000,-1,-1,-1,-1,750.000,700.000,-1,850.000,2,0,2,0,1,0,0,0,0,2,2,2,2,0,1,2,1
44,8236.945,142.791,394.652,78.041,0.208110,-0.977165,0.042879,0.977899,0.206965,-0.029653,0.020102,0.048102,0.998640,0,0.87584,-1.00000,52.550,-2.000,-1,400.000,975.000,375.000,600.000,325.000,325.000,300.000,300.000,-1,-1,-1,-1,750.000,675.000,-1,775.000,2,0,1,0,1,0,0,0,0,2,2,2,2,0,1,2,1
45,8249.640,193.864,395.736,76.041,0.242070,-0.969346,0.042066,0.970071,0.240942,-0.030168,0.019108,0.048110,0.998659,0,0.87712,-1.00000,52.627,-2.000,-1,400.000,900.000,375.000,550.000,325.000,325.000,300.000,300.000,-1,-1,-1,-1,725.000,650.000,-1,725.000,2,0,1,0,1,0,0,0,0,2,2,2,2,0,1,2,1
46,8264.128,244.525,396.739,74.041,0.275736,-0.960351,0.041186,0.961062,0.274625,-0.030666,0.018139,0.048038,0.998681,0,0.87818,-1.00000,52.691,-2.000,-1,400.000,825.000,375.000,500.000,325.000,325.000,300.000,300.000,-1,-1,-1,-1,675.000,625.000,-1,675.000,2,0,1,0,1,0,0,0,0,2,2,2,2,1,1,2,1
47,8280.389,294.695,397.662,72.041,0.309069,-0.950188,0.040244,0.950884,0.307976,-0.031146,0.017200,0.047893,0.998704,0,0.87900,-1.00000,52.740,-2.000,-1,400.000,750.000,375.000,450.000,325.000,325.000,300.000,300.000,-1,-1,-1,-1,625.000,600.000,-1,600.000,2,1,1,0,1,0,0,0,0,2,2,2,2,1,1,2,1
48,8298.403,344.299,398.503,70.041,0.342027,-0.938870,0.039244,0.939549,0.340953,-0.031606,0.016294,0.047681,0.998730,0,0.87955,-1.00000,52.773,-2.000,-1,375.000,700.000,375.000,425.000,325.000,325.000,300.000,300.000,-1,-1,-1,-1,575.000,550.000,-1,550.000,2,1,1,0,1,0,0,0,0,2,2,2,2,1,1,2,1
49,8318.144,393.260,399.264,68.041,0.374571,-0.926411,0.038190,0.927070,0.373516,-0.032047,0.015424,0.047408,0.998757,0,0.87983,-1.00000,52.790,-2.000,-1,350.000,625.000,375.000,375.000,325.000,325.000,300.000,300.000,-1,-1,-1,-1,500.000,525.000,900.000,475.000,2,1,1,0,1,1,0,0,0,2,2,2,2,1,1,1,1
50,8337.448,437.197,399.976,66.281,0.402852,-0.914501,0.037394,0.915142,0.401792,-0.032824,0.014993,0.047444,0.998761,0,0.79983,-0.88000,47.990,-1.760,-1,325.000,575.000,375.000,350.000,300.000,325.000,300.000,300.000,-1,925.000,-1,-1,475.000,500.000,700.000,425.000,2,1,1,0,1,1,0,0,0,2,0,2,2,1,1,1,1
51,8355.864,476.264,400.594,64.761,0.426978,-0.903518,0.036684,0.904141,0.425907,-0.033636,0.014767,0.047529,0.998761,0,0.71983,-0.76000,43.190,-1.520,-1,325.000,550.000,375.000,300.000,275.000,325.000,300.000,300.000,-1,850.000,975.000,-1,425.000,450.000,600.000,375.000,2,1,1,1,1,1,1,0,0,2,0,0,2,1,1,1,1
52,8373.004,510.615,401.122,63.481,0.447061,-0.893774,0.036114,0.894385,0.445982,-0.034280,0.014533,0.047625,0.998760,0,0.63983,-0.64000,38.390,-1.280,-1,300.000,500.000,375.000,275.000,275.000,300.000,300.000,300.000,-1,800.000,900.000,-1,400.000,425.000,500.000,350.000,2,1,1,1,1,1,1,0,1,2,0,0,2,1,1,1,1
53,8388.545,540.394,401.587,62.441,0.463214,-0.885525,0.035755,0.886132,0.462127,-0.034772,0.014268,0.047791,0.998755,0,0.55983,-0.52000,33.590,-1.040,-1,275.000,475.000,350.000,250.000,250.000,275.000,300.000,300.000,-1,775.000,875.000,-1,375.000,400.000,450.000,325.000,2,1,1,1,1,1,1,0,1,2,0,0,2,1,1,1,1
54,8402.220,565.730,401.967,61.641,0.475536,-0.878982,0.035432,0.879583,0.474444,-0.035166,0.014100,0.047888,0.998753,0,0.47983,-0.40000,28.790,-0.800,-1,275.000,450.000,325.000,225.000,250.000,275.000,300.000,300.000,-1,750.000,850.000,-1,350.000,375.000,400.000,275.000,2,1,1,1,1,1,1,0,1,2,0,0,2,1,1,1,1
55,8413.819,586.729,402.824,61.081,0.484203,-0.874204,0.036258,0.874812,0.482957,-0.038154,0.015843,0.050194,0.998614,0,0.39983,-0.28000,23.990,-0.560,650.000,250.000,425.000,325.000,225.000,225.000,275.000,300.000,275.000,-1,675.000,775.000,-1,325.000,350.000,375.000,275.000,1,1,1,1,1,1,1,0,1,2,0,0,2,1,1,1,1
56,8423.191,603.475,403.684,60.761,0.489195,-0.871379,0.037238,0.871991,0.487768,-0.041407,0.017918,0.052727,0.998448,0,0.31983,-0.16000,19.190,-0.320,600.000,250.000,400.000,300.000,200.000,225.000,250.000,325.000,275.000,-1,625.000,700.000,-1,325.000,350.000,350.000,250.000,1,1,1,1,1,1,1,0,1,2,0,0,2,1,1,1,1
57,8430.236,616.023,404.363,60.681,0.490513,-0.870604,0.038037,0.871211,0.488932,-0.044014,0.019721,0.054728,0.998307,0,0.23983,-0.04000,14.390,-0.080,550.000,250.000,400.000,300.000,200.000,225.000,250.000,325.000,275.000,-1,600.000,650.000,-1,300.000,325.000,350.000,250.000,1,1,1,1,1,1,1,0,1,2,0,0,2,1,1,1,1
58,8434.907,624.398,404.810,60.841,0.488152,-0.871905,0.038579,0.872504,0.486465,-0.045698,0.021077,0.055968,0.998210,0,0.15983,0.08000,9.590,0.160,550.000,250.000,400.000,300.000,200.000,225.000,250.000,325.000,275.000,-1,575.000,625.000,-1,300.000,325.000,325.000,250.000,1,1,1,1,1,1,1,0,1,2,0,0,2,1,1,1,1
59,8437.212,628.597,404.990,61.241,0.482087,-0.875264,0.038807,0.875850,0.480357,-0.046296,0.021880,0.056308,0.998174,0,0.07983,0.20000,4.790,0.400,575.000,250.000,375.000,300.000,200.000,225.000,250.000,325.000,250.000,-1,575.000,625.000,-1,300.000,325.000,350.000,250.000,1,1,1,1,1,1,1,0,1,2,0,0,2,1,1,1,1
60,8439.392,632.678,405.123,61.881,0.472308,-0.880571,0.038983,0.881140,0.470549,-0.046648,0.022733,0.056382,0.998150,0,0.07711,0.32000,4.626,0.640,650.000,250.000,375.000,275.000,200.000,225.000,225.000,325.000,250.000,-1,575.000,625.000,-1,300.000,325.000,350.000,250.000,1,1,1,1,1,1,1,0,1,2,0,0,2,1,1,1,1
61,8441.455,636.686,405.207,62.761,0.458751,-0.887704,0.039096,0.888251,0.456975,-0.046741,0.023626,0.056169,0.998142,0,0.07514,0.44000,4.508,0.880,-1,225.000,375.000,275.000,200.000,225.000,225.000,325.000,250.000,-1,575.000,625.000,-1,300.000,325.000,350.000,250.000,2,1,1,1,1,1,1,0,1,2,0,0,2,1,1,1,1
62,8443.368,640.587,405.237,63.881,0.441326,-0.896494,0.039122,0.897012,0.439549,-0.046552,0.024537,0.055637,0.998149,0,0.07243,0.56000,4.346,1.120,-1,225.000,375.000,275.000,200.000,200.000,225.000,325.000,250.000,-1,600.000,650.000,-1,300.000,325.000,375.000,250.000,2,1,1,1,1,1,1,0,1,2,0,0,2,1,1,1,1
63,8445.101,644.343,405.205,65.241,0.419927,-0.906718,0.039031,0.907201,0.418168,-0.046069,0.025450,0.054754,0.998175,0,0.06894,0.68000,4.136,1.360,-1,225.000,375.000,250.000,200.000,200.000,225.000,325.000,250.000,-1,600.000,675.000,-1,300.000,300.000,375.000,250.000,2,1,1,1,1,1,1,0,1,2,0,0,2,1,1,1,1
64,8446.636,647.903,405.137,66.682,0.396993,-0.916999,0.038844,0.917445,0.395261,-0.045437,0.026312,0.053676,0.998212,0,0.06462,0.72039,3.877,1.441,-1,225.000,375.000,250.000,200.000,200.000,225.000,325.000,250.000,-1,625.000,700.000,-1,300.000,300.000,400.000,275.000,2,1,1,1,1,1,1,0,1,2,0,0,2,1,1,1,1
65,8447.977,651.239,405.051,68.115,0.373926,-0.926656,0.038585,0.927063,0.372227,-0.044748,0.027103,0.052503,0.998253,0,0.05995,0.71655,3.597,1.433,-1,225.000,350.000,250.000,225.000,200.000,200.000,325.000,250.000,-1,650.000,725.000,-1,300.000,300.000,425.000,275.000,2,1,1,1,1,1,1,0,1,2,0,0,2,1,1,1,1
66,8449.135,654.341,404.947,69.541,0.350744,-0.935690,0.038256,0.936058,0.349082,-0.044018,0.027832,0.051249,0.998298,0,0.05519,0.71273,3.311,1.425,-1,225.000,350.000,225.000,225.000,200.000,200.000,325.000,225.000,-1,700.000,750.000,-1,325.000,275.000,475.000,250.000,2,1,1,1,1,1,1,0,1,2,0,0,2,1,1,1,1
67,8451.812,661.997,405.120,70.726,0.331335,-0.942734,0.038338,0.943068,0.329657,-0.044144,0.028977,0.050782,0.998289,0,0.13519,0.59273,8.111,1.185,-1,225.000,350.000,225.000,225.000,200.000,200.000,325.000,225.000,-1,700.000,775.000,-1,325.000,275.000,500.000,250.000,2,1,1,1,1,1,1,0,1,2,0,0,2,1,1,1,1
68,8455.872,674.253,405.570,71.672,0.315798,-0.948030,0.038869,0.948336,0.314052,-0.045061,0.030512,0.051091,0.998228,0,0.21519,0.47273,12.911,0.945,-1,225.000,350.000,225.000,225.000,200.000,200.000,325.000,225.000,-1,700.000,775.000,-1,325.000,275.000,550.000,250.000,2,1,1,1,1,1,1,0,1,2,0,0,2,1,1,1,1
69,8461.233,691.133,406.314,72.377,0.304210,-0.951768,0.039917,0.952051,0.302338,-0.046800,0.032474,0.052240,0.998106,0,0.29519,0.35273,17.711,0.705,-1,225.000,325.000,200.000,225.000,200.000,175.000,325.000,225.000,-1,675.000,750.000,-1,300.000,250.000,575.000,225.000,2,1,1,1,1,1,1,0,1,2,0,0,2,1,1,1,1
70,8467.872,712.643,407.399,72.843,0.296633,-0.954087,0.041552,0.954353,0.294563,-0.049430,0.034920,0.054318,0.997913,0,0.37519,0.23273,22.511,0.465,-1,225.000,325.000,200.000,200.000,175.000,175.000,325.000,225.000,-1,650.000,675.000,-1,300.000,225.000,575.000,200.000,2,1,1,1,1,1,1,0,1,2,0,0,2,1,1,1,1
71,8475.823,738.772,408.906,73.068,0.293114,-0.955071,0.043845,0.955325,0.290756,-0.053067,0.037934,0.057441,0.997628,0,0.45519,0.11273,27.311,0.225,-1,200.000,300.000,175.000,175.000,175.000,150.000,325.000,200.000,-1,600.000,575.000,-1,275.000,200.000,575.000,175.000,2,1,1,1,1,1,1,0,1,2,0,0,2,1,1,1,1
72,8485.189,769.489,414.614,73.053,0.293511,-0.955469,0.030498,0.954485,0.291142,-0.064761,0.052998,0.048118,0.997435,0,0.53519,-0.00727,32.111,-0.015,-1,200.000,300.000,175.000,175.000,175.000,150.000,325.000,225.000,-1,400.000,350.000,-1,300.000,200.000,-1,175.000,2,1,1,1,1,1,1,0,1,2,0,0,2,1,1,2,1
73,8496.112,804.750,422.346,72.799,0.297400,-0.954681,0.011731,0.951908,0.295543,-0.080782,0.073654,0.035191,0.996663,0,0.61519,-0.12727,36.911,-0.255,-1,225.000,300.000,175.000,150.000,175.000,150.000,350.000,225.000,-1,225.000,250.000,-1,300.000,200.000,-1,175.000,2,1,1,1,1,1,1,0,1,2,0,0,2,1,1,2,1
74,8508.797,844.491,431.481,72.304,0.304544,-0.952456,-0.009025,0.947439,0.303888,-0.100059,0.098045,0.021922,0.994941,0,0.69519,-0.24727,41.711,-0.495,-1,225.000,300.000,175.000,150.000,175.000,150.000,350.000,225.000,825.000,150.000,175.000,-1,300.000,200.000,-1,150.000,2,1,1,1,1,1,1,0,1,0,0,0,2,1,1,2,1
75,-5303.130,4618.495,377.870,-152.039,-0.885053,0.465484,0.002190,-0.461519,-0.876883,-0.134449,-0.060664,-0.120006,0.990918,1,0.00000,0.00000,46.511,-0.735,-1,-1,-1,800.000,475.000,-1,950.000,300.000,250.000,-1,-1,-1,-1,-1,-1,-1,-1,2,2,2,1,1,2,1,1,1,2,2,2,2,2,2,2,2
76,-5307.379,4616.261,377.410,-152.279,-0.887002,0.461762,0.001948,-0.457758,-0.878739,-0.135184,-0.060711,-0.120800,0.990819,0,0.08000,-0.12000,4.800,-0.240,-1,-1,-1,800.000,450.000,-1,950.000,300.000,250.000,-1,-1,-1,-1,-1,-1,-1,-1,2,2,2,1,1,2,1,1,1,2,2,2,2,2,2,2,2
77,-5315.914,4611.864,376.491,-152.759,-0.890849,0.454296,0.001443,-0.450212,-0.882406,-0.136635,-0.060800,-0.122371,0.990620,0,0.16000,-0.24000,9.600,-0.480,-1,-1,-1,775.000,450.000,-1,950.000,300.000,250.000,-1,-1,-1,-1,-1,-1,-1,-1,2,2,2,1,1,2,1,1,1,2,2,2,2,2,2,2,2
78,-5328.798,4605.430,375.115,-153.479,-0.896500,0.443044,0.000637,-0.438837,-0.887788,-0.138762,-0.060912,-0.124679,0.990326,0,0.24000,-0.36000,14.400,-0.720,-1,-1,-1,775.000,425.000,1000.000,925.000,325.000,250.000,-1,-1,-1,-1,-1,-1,-1,-1,2,2,2,1,1,1,1,1,1,2,2,2,2,2,2,2,2
79,-5346.117,4597.138,373.278,-154.434,-0.903767,0.428024,-0.000499,-0.423653,-0.894702,-0.141512,-0.061017,-0.127683,0.989936,0,0.32000,-0.47737,19.200,-0.955,-1,-1,-1,750.000,375.000,975.000,900.000,325.000,250.000,-1,-1,-1,-1,-1,1000.000,-1,-1,2,2,2,1,1,1,1,1,1,2,2,2,2,2,1,2,2
80,-5367.933,4587.129,370.803,-155.368,-0.910637,0.413200,-0.002482,-0.408504,-0.901158,-0.145051,-0.062172,-0.131074,0.989421,0,0.40000,-0.46695,24.000,-0.934,-1,-1,-1,725.000,350.000,950.000,875.000,325.000,250.000,-1,-1,-1,-1,-1,975.000,-1,-1,2,2,2,1,1,1,1,1,1,2,2,2,2,2,1,2,2
81,-2295.766,983.906,364.947,119.136,-0.485742,-0.873455,-0.033624,0.870498,-0.486871,0.072043,-0.079297,0.005724,0.996835,1,0.00000,0.00000,28.800,-0.908,-1,325.000,-1,325.000,-1,275.000,275.000,350.000,-1,-1,-1,-1,-1,575.000,600.000,-1,-1,2,0,2,0,2,0,0,0,2,2,2,2,2,0,0,2,2
82,-2298.085,988.108,364.673,118.896,-0.482080,-0.875488,-0.033452,0.872546,-0.483208,0.071929,-0.079137,0.005487,0.996849,0,0.08000,-0.12000,4.800,-0.240,-1,325.000,-1,325.000,-1,275.000,275.000,350.000,-1,-1,-1,-1,-1,575.000,600.000,-1,-1,2,0,2,0,2,0,0,0,2,2,2,2,2,0,0,2,2
83,-2302.653,996.551,364.126,118.416,-0.474733,-0.879508,-0.033094,0.876592,-0.475858,0.071731,-0.078836,0.005043,0.996875,0,0.16000,-0.24000,9.600,-0.480,-1,325.000,-1,325.000,-1,275.000,275.000,350.000,-1,-1,-1,-1,-1,575.000,600.000,-1,-1,2,0,2,0,2,0,0,0,2,2,2,2,2,0,0,2,2
84,-2309.346,1009.301,363.305,117.696,-0.463652,-0.885420,-0.032525,0.882540,-0.464770,0.071499,-0.078424,0.004446,0.996910,0,0.24000,-0.36000,14.400,-0.720,-1,325.000,-1,325.000,-1,275.000,275.000,350.000,-1,-1,-1,-1,-1,575.000,600.000,-1,-1,2,0,2,0,2,0,0,0,2,2,2,2,2,0,0,2,2
85,-2317.984,1026.449,362.211,116.736,-0.448769,-0.893085,-0.031704,0.890242,-0.449871,0.071316,-0.077953,0.003780,0.996950,0,0.32000,-0.48000,19.200,-0.960,-1,325.000,-1,325.000,-1,275.000,275.000,350.000,-1,-1,-1,-1,-1,575.000,600.000,-1,-1,2,0,2,0,2,0,0,0,2,2,2,2,2,0,0,2,2
86,-2328.329,1048.104,360.837,115.536,-0.429997,-0.902313,-0.030557,0.899497,-0.431070,0.071302,-0.077509,0.003174,0.996987,0,0.40000,-0.60000,24.000,-1.200,-1,325.000,-1,325.000,-1,275.000,275.000,350.000,-1,-1,-1,-1,-1,600.000,625.000,-1,-1,2,0,2,0,2,0,0,0,2,2,2,2,2,0,0,2,2
87,-2340.087,1074.395,359.167,114.096,-0.407240,-0.912862,-0.028964,0.910051,-0.408259,0.071640,-0.077222,0.002816,0.997010,0,0.48000,-0.72000,28.800,-1.440,-1,325.000,-1,325.000,-1,275.000,275.000,350.000,-1,-1,-1,-1,-1,600.000,625.000,-1,-1,2,0,2,0,2,0,0,0,2,2,2,2,2,0,0,2,2
88,-2352.899,1105.456,357.168,112.416,-0.380394,-0.924438,-0.026731,0.921589,-0.381321,0.072579,-0.077288,0.002973,0.997004,0,0.56000,-0.84000,33.600,-1.680,-1,325.000,-1,325.000,-1,275.000,250.000,350.000,-1,-1,-1,-1,-1,600.000,625.000,-1,-1,2,0,2,0,2,0,0,0,2,2,2,2,2,0,0,2,2
89,-2366.344,1141.426,354.785,110.496,-0.349363,-0.936691,-0.023558,0.933736,-0.350133,0.074456,-0.077991,0.004016,0.996946,0,0.64000,-0.96000,38.400,-1.920,-1,325.000,-1,325.000,-1,275.000,250.000,350.000,-1,-1,-1,-1,-1,600.000,625.000,-1,-1,2,0,2,0,2,0,0,0,2,2,2,2,2,0,0,2,2
90,-2380.048,1182.395,352.175,108.496,-0.316664,-0.948333,-0.019729,0.945236,-0.317227,0.076789,-0.079080,0.005668,0.996852,0,0.72000,-1.00000,43.200,-2.000,-1,325.000,-1,325.000,-1,250.000,250.000,350.000,-1,-1,-1,-1,-1,600.000,625.000,-1,-1,2,0,2,0,2,0,0,0,2,2,2,2,2,0,0,2,2
91,-2393.677,1228.419,348.772,106.496,-0.283832,-0.958792,-0.012584,0.955643,-0.283927,0.078301,-0.078647,0.010198,0.996850,0,0.80000,-1.00000,48.000,-2.000,-1,325.000,-1,325.000,-1,275.000,250.000,350.000,-1,-1,-1,-1,-1,600.000,600.000,-1,-1,2,0,2,0,2,0,0,0,2,2,2,2,2,0,0,2,2
92,-2406.893,1279.537,342.732,104.496,-0.251358,-0.967877,0.005787,0.965268,-0.250231,0.075117,-0.071256,0.024468,0.997158,0,0.88000,-1.00000,52.800,-2.000,-1,350.000,-1,325.000,-1,275.000,275.000,375.000,-1,-1,-1,0.000,-1,650.000,625.000,-1,-1,2,0,2,0,2,0,0,0,2,2,2,1,2,0,0,2,2
93,-2418.658,1332.611,336.982,102.496,-0.218346,-0.975603,0.022878,0.973650,-0.216208,0.072527,-0.065811,0.038111,0.997104,0,0.90606,-1.00000,54.363,-2.000,-1,350.000,-1,325.000,-1,275.000,275.000,400.000,-1,-1,-1,0.000,-1,675.000,600.000,-1,-1,2,0,2,0,2,0,0,0,2,2,2,0,2,0,0,2,2
94,-2428.445,1385.413,331.137,100.496,-0.184909,-0.982032,0.037708,0.980732,-0.181931,0.071175,-0.063036,0.050142,0.996751,0,0.89504,-1.00000,53.702,-2.000,-1,350.000,-1,300.000,-1,275.000,250.000,400.000,-1,-1,0.000,0.000,-1,700.000,600.000,-1,-1,2,0,2,0,2,0,0,0,2,2,0,0,2,0,0,2,2
95,-2436.283,1437.849,324.983,98.496,-0.151242,-0.987229,0.050043,0.986436,-0.147465,0.072099,-0.063798,0.060268,0.996141,0,0.88362,-1.00000,53.017,-2.000,-1,350.000,-1,300.000,-1,275.000,250.000,425.000,-1,-1,0.000,0.000,500.000,700.000,550.000,-1,-1,2,0,2,0,2,0,0,0,2,2,0,0,0,0,0,2,2
96,-2442.208,1489.830,318.914,96.496,-0.117601,-0.991096,0.062439,0.990784,-0.112845,0.074918,-0.067205,0.070674,0.995233,0,0.87195,-1.00000,52.317,-2.000,-1,350.000,-1,275.000,-1,275.000,250.000,425.000,-1,-1,0.000,0.000,475.000,675.000,-1,-1,-1,2,0,2,0,2,0,0,0,2,2,0,0,0,0,2,2,2
97,4676.246,4617.426,296.161,-155.378,-0.909088,0.416583,-0.004299,-0.416428,-0.908955,-0.019727,-0.012125,-0.016143,0.999796,1,0.00000,0.00000,51.609,-2.000,-1,-1,-1,350.000,-1,275.000,275.000,950.000,300.000,-1,-1,-1,-1,-1,600.000,-1,-1,2,2,2,1,2,1,1,1,0,2,2,2,2,2,1,2,2
98,4671.874,4615.444,295.955,-155.618,-0.910826,0.412764,-0.004606,-0.412589,-0.910675,-0.021030,-0.012875,-0.017254,0.999768,0,0.08000,-0.12000,4.800,-0.240,-1,-1,-1,325.000,-1,275.000,275.000,950.000,300.000,-1,-1,-1,-1,-1,575.000,-1,-1,2,2,2,1,2,1,1,1,0,2,2,2,2,2,1,2,2
99,4663.098,4611.553,295.556,-156.098,-0.914256,0.405104,-0.005231,-0.404884,-0.914064,-0.023566,-0.014328,-0.019427,0.999709,0,0.16000,-0.24000,9.600,-0.480,-1,-1,-1,325.000,-1,275.000,275.000,950.000,325.000,-1,-1,-1,-1,-1,575.000,-1,-1,2,2,2,1,2,1,1,1,0,2,2,2,2,2,1,2,2
100,4649.861,4605.884,295.041,-156.818,-0.919280,0.393558,-0.005957,-0.393268,-0.919017,-0.027338,-0.016234,-0.022789,0.999608,0,0.24000,-0.36000,14.400,-0.720,-1,-1,-1,325.000,-1,275.000,275.000,975.000,325.000,-1,-1,-1,-1,-1,575.000,-1,-1,2,2,2,1,2,1,1,1,0,2,2,2,2,2,1,2,2
101,4632.088,4598.621,294.428,-157.778,-0.925754,0.378064,-0.006862,-0.377673,-0.925381,-0.032141,-0.018502,-0.027163,0.999460,0,0.32000,-0.48000,19.200,-0.960,-1,-1,-1,325.000,-1,275.000,275.000,1000.000,325.000,-1,-1,-1,-1,-1,550.000,-1,-1,2,2,2,1,2,1,1,1,0,2,2,2,2,2,1,2,2
102,4609.686,4590.009,293.740,-158.978,-0.933477,0.358547,-0.008055,-0.358020,-0.932953,-0.037675,-0.021024,-0.032285,0.999258,0,0.40000,-0.60000,24.000,-1.200,-1,-1,-1,325.000,-1,250.000,250.000,-1,325.000,-1,-1,-1,-1,-1,550.000,-1,-1,2,2,2,1,2,1,1,2,0,2,2,2,2,2,1,2,2
103,4582.552,4580.353,293.030,-160.418,-0.942198,0.334922,-0.009522,-0.334228,-0.941484,-0.043582,-0.023562,-0.037880,0.999004,0,0.48000,-0.72000,28.800,-1.440,-1,825.000,-1,325.000,-1,250.000,250.000,-1,325.000,-1,-1,-1,-1,-1,550.000,-1,1000.000,2,1,2,1,2,1,1,2,0,2,2,2,2,2,1,2,0
104,4550.580,4570.021,292.302,-162.098,-0.951610,0.307108,-0.011082,-0.306238,-0.950687,-0.049125,-0.025622,-0.043354,0.998731,0,0.56000,-0.84000,33.600,-1.680,-1,625.000,-1,300.000,-1,250.000,250.000,-1,350.000,-1,-1,-1,-1,-1,525.000,-1,975.000,2,1,2,1,2,1,1,2,0,2,2,2,2,2,1,2,0
105,4513.694,4559.342,291.704,-163.859,-0.960586,0.277666,-0.013280,-0.276583,-0.959444,-0.054482,-0.027869,-0.048662,0.998426,0,0.64000,-0.88091,38.400,-1.762,-1,425.000,-1,300.000,-1,225.000,250.000,-1,350.000,-1,-1,-1,-1,975.000,525.000,-1,950.000,2,1,2,1,2,1,1,2,0,2,2,2,2,1,1,2,0
106,4471.855,4548.581,291.993,-165.578,-0.968463,0.248745,-0.014340,-0.247602,-0.967242,-0.056004,-0.027801,-0.050688,0.998328,0,0.72000,-0.85921,43.200,-1.718,-1,300.000,-1,300.000,-1,225.000,250.000,-1,350.000,-1,-1,-1,-1,900.000,525.000,-1,975.000,2,1,2,1,2,1,1,2,0,2,2,2,2,1,1,2,0
107,4425.040,4537.981,292.712,-167.242,-0.975270,0.220549,-0.014370,-0.219445,-0.974025,-0.055846,-0.026313,-0.051312,0.998336,0,0.80000,-0.83190,48.000,-1.664,-1,250.000,-1,300.000,-1,225.000,250.000,-1,350.000,-1,-1,-1,-1,800.000,525.000,1000.000,-1,2,1,2,1,2,1,1,2,0,2,2,2,2,1,0,1,2
108,4373.238,4527.757,293.619,-168.835,-0.981028,0.193374,-0.013779,-0.192350,-0.979771,-0.055226,-0.024179,-0.051528,0.998379,0,0.88000,-0.79682,52.800,-1.594,-1,250.000,-1,300.000,-1,225.000,250.000,-1,350.000,-1,-1,-1,-1,725.000,525.000,925.000,-1,2,1,2,1,2,1,1,2,0,2,2,2,2,1,0,1,2
109,4316.455,4518.090,294.718,-170.338,-0.985773,0.167619,-0.012491,-0.166718,-0.984515,-0.054178,-0.021379,-0.051325,0.998453,0,0.96000,-0.75125,57.600,-1.503,1000.000,250.000,-1,300.000,-1,225.000,250.000,-1,350.000,-1,-1,-1,-1,650.000,550.000,850.000,-1,1,1,2,1,2,1,1,2,0,2,2,2,2,1,0,1,2
110,4257.080,4509.454,295.992,-171.723,-0.989556,0.143771,-0.010481,-0.143034,-0.988318,-0.052620,-0.017924,-0.050572,0.998560,0,1.00000,-0.69274,60.000,-1.385,925.000,250.000,-1,300.000,-1,225.000,250.000,-1,350.000,-1,-1,-1,-1,600.000,550.000,775.000,-1,1,1,2,1,2,1,1,2,0,2,2,2,2,1,0,1,2
111,4197.899,4502.285,297.514,-173.092,-0.992728,0.120139,-0.007605,-0.119615,-0.991562,-0.049980,-0.013545,-0.048706,0.998721,0,0.99354,-0.68420,59.613,-1.368,825.000,275.000,-1,300.000,-1,225.000,250.000,-1,350.000,-1,-1,-1,-1,550.000,575.000,700.000,-1,1,1,2,0,2,1,1,2,0,2,2,2,2,1,0,1,2
112,4142.625,4496.925,298.460,-174.461,-0.995340,0.096416,-0.001150,-0.096244,-0.994148,-0.049064,-0.005874,-0.048724,0.998795,0,0.92555,-0.68446,55.533,-1.369,750.000,275.000,-1,325.000,-1,225.000,250.000,-1,350.000,-1,-1,-1,-1,525.000,600.000,650.000,-1,1,0,2,0,2,1,0,2,0,2,2,2,2,1,0,1,2
113,4090.645,4493.138,298.184,-175.834,-0.997308,0.072536,0.010727,-0.073003,-0.995941,-0.052649,0.006865,-0.053290,0.998555,0,0.86863,-0.68693,52.118,-1.374,675.000,275.000,-1,350.000,-1,250.000,275.000,-1,350.000,-1,150.000,775.000,-1,525.000,675.000,600.000,-1,1,0,2,0,2,0,0,2,0,2,1,0,2,1,0,1,2
114,4041.071,4490.727,298.200,-177.216,-0.998574,0.048490,0.022339,-0.049663,-0.997230,-0.055374,0.019592,-0.056404,0.998216,0,0.82719,-0.69090,49.632,-1.382,600.000,300.000,-1,375.000,-1,250.000,275.000,-1,350.000,-1,0.000,200.000,-1,525.000,750.000,550.000,-1,1,0,2,0,2,0,0,2,0,2,1,1,2,1,0,1,2
115,3993.133,4489.563,298.490,-178.608,-0.999137,0.024254,0.033706,-0.026162,-0.998010,-0.057368,0.032248,-0.058200,0.997784,0,0.79918,-0.69584,47.951,-1.392,550.000,325.000,-1,400.000,-1,275.000,300.000,-1,350.000,-1,0.000,0.000,-1,525.000,825.000,500.000,-1,1,0,2,0,2,0,0,2,0,2,1,1,2,1,0,1,2
116,3946.272,4489.573,299.051,-180.011,-0.998994,-0.000186,0.044839,-0.002448,-0.998273,-0.058696,0.044773,-0.058746,0.997268,0,0.78099,-0.70140,46.860,-1.403,500.000,325.000,-1,425.000,-1,300.000,325.000,-1,350.000,-1,0.000,0.000,-1,575.000,925.000,475.000,-1,1,0,2,0,2,0,0,2,0,2,1,1,2,1,0,1,2
117,3900.105,4490.727,301.411,-181.425,-0.998286,-0.024841,0.052981,0.021938,-0.998262,-0.054696,0.054248,-0.053440,0.997096,0,0.76966,-0.70740,46.180,-1.415,450.000,350.000,-1,450.000,-1,300.000,325.000,-1,350.000,-1,0.000,0.000,-1,600.000,-1,475.000,-1,1,0,2,0,2,0,0,2,0,2,1,1,2,1,2,1,2
118,3854.377,4493.009,303.928,-182.853,-0.996981,-0.049716,0.059636,0.046733,-0.997634,-0.050415,0.062001,-0.047476,0.996946,0,0.76306,-0.71371,45.784,-1.427,425.000,375.000,-1,450.000,-1,325.000,350.000,-1,350.000,-1,0.000,0.000,-1,675.000,-1,475.000,-1,1,0,2,0,2,0,0,2,0,2,1,1,2,1,2,1,2
119,3808.918,4496.425,306.290,-184.293,-0.995130,-0.074798,0.064203,0.071856,-0.996308,-0.046982,0.067480,-0.042140,0.996830,0,0.75978,-0.72026,45.587,-1.441,400.000,400.000,-1,475.000,-1,350.000,350.000,-1,350.000,-1,0.000,0.000,-1,750.000,-1,475.000,-1,1,0,2,0,2,0,0,2,0,2,1,1,2,1,2,1,2
120,3763.614,4500.987,308.325,-185.747,-0.992785,-0.100071,0.066059,0.097231,-0.994249,-0.044890,0.070172,-0.038143,0.996805,0,0.75887,-0.72700,45.532,-1.454,375.000,425.000,-1,475.000,-1,350.000,375.000,-1,350.000,-1,0.000,0.000,-1,850.000,-1,500.000,-1,1,0,2,0,2,0,0,2,0,2,1,1,2,1,2,1,2
121,3718.393,4506.712,309.666,-187.215,-0.990040,-0.125511,0.063782,0.122767,-0.991402,-0.045280,0.068917,-0.036998,0.996936,0,0.75970,-0.73389,45.582,-1.468,325.000,400.000,-1,475.000,-1,350.000,375.000,925.000,350.000,-1,0.000,0.000,-1,900.000,-1,600.000,-1,1,0,2,0,2,0,0,1,0,2,1,1,2,0,2,1,2
122,3673.210,4513.624,311.246,-188.697,-0.986640,-0.151118,0.060867,0.148565,-0.987900,-0.044519,0.066859,-0.034882,0.997153,0,0.76182,-0.74092,45.709,-1.482,325.000,400.000,-1,475.000,-1,350.000,350.000,775.000,350.000,-1,0.000,0.000,-1,900.000,-1,-1,-1,1,0,2,0,2,0,0,1,0,2,1,1,2,0,2,2,2
123,3628.040,4521.747,313.056,-190.193,-0.982556,-0.176878,0.057429,0.174597,-0.983718,-0.042600,0.064029,-0.031830,0.997440,0,0.76492,-0.74806,45.895,-1.496,325.000,400.000,-1,475.000,-1,350.000,350.000,600.000,350.000,-1,0.000,0.000,-1,900.000,-1,-1,-1,1,0,2,0,2,0,0,1,0,2,1,1,2,0,2,2,2
124,3582.872,4531.104,315.084,-191.704,-0.977758,-0.202773,0.053585,0.200829,-0.978829,-0.039525,0.060465,-0.027884,0.997781,0,0.76878,-0.75531,46.127,-1.511,375.000,400.000,-1,475.000,-1,350.000,350.000,425.000,325.000,-1,0.000,0.000,-1,875.000,-1,-1,-1,1,0,2,0,2,0,0,1,0,2,1,1,2,0,2,2,2
125,3537.709,4541.722,317.319,-193.229,-0.972220,-0.228784,0.049451,0.227220,-0.973203,-0.035303,0.056202,-0.023086,0.998152,0,0.77325,-0.76265,46.395,-1.525,475.000,400.000,-1,450.000,-1,350.000,350.000,325.000,325.000,-1,0.000,0.000,-1,875.000,1000.000,-1,-1,1,0,2,0,2,0,0,1,0,2,1,1,2,0,0,2,2
126,3494.834,4552.822,319.707,-194.514,-0.967034,-0.250584,0.045309,0.249421,-0.967936,-0.029815,0.051327,-0.017531,0.998528,0,0.73816,-0.64265,44.290,-1.285,600.000,400.000,-1,450.000,-1,325.000,350.000,275.000,325.000,-1,0.000,0.000,-1,850.000,950.000,-1,-1,1,0,2,0,2,0,0,1,0,2,1,1,2,0,0,2,2
127,3451.873,4564.785,322.354,-195.560,-0.962481,-0.268226,0.041053,0.267476,-0.963293,-0.022881,0.045683,-0.011042,0.998895,0,0.74327,-0.52265,44.596,-1.045,750.000,400.000,-1,425.000,-1,325.000,350.000,225.000,325.000,-1,0.000,0.000,-1,850.000,900.000,-1,-1,1,0,2,0,2,0,0,1,0,2,1,1,2,0,0,2,2
128,3408.772,4577.442,325.204,-196.365,-0.958782,-0.281753,0.036785,0.281390,-0.959479,-0.014798,0.039463,-0.003837,0.999214,0,0.74869,-0.40265,44.922,-0.805,-1,400.000,-1,425.000,-1,325.000,325.000,225.000,300.000,-1,0.000,225.000,-1,825.000,850.000,-1,-1,2,0,2,0,2,0,0,1,0,2,1,1,2,0,0,2,2
129,3365.474,4590.621,328.274,-196.930,-0.956111,-0.291205,0.032426,0.291182,-0.956652,-0.005532,0.032631,0.004153,0.999459,0,0.75434,-0.28265,45.260,-0.565,-1,400.000,-1,400.000,-1,325.000,325.000,225.000,300.000,-1,-1,850.000,-1,825.000,800.000,-1,-1,2,0,2,0,2,0,0,1,0,2,2,1,2,0,0,2,2
130,3321.918,4604.148,331.354,-197.256,-0.954575,-0.296615,0.028401,0.296815,-0.954930,0.003017,0.026226,0.011309,0.999592,0,0.76013,-0.16265,45.608,-0.325,-1,400.000,-1,400.000,-1,325.000,325.000,225.000,300.000,-1,-1,-1,-1,800.000,775.000,-1,-1,2,0,2,0,2,0,0,1,0,2,2,2,2,0,0,2,2
131,3278.045,4617.847,333.846,-197.341,-0.954225,-0.298017,0.025307,0.298316,-0.954425,0.008915,0.021497,0.016057,0.999640,0,0.76605,-0.04265,45.963,-0.085,-1,400.000,-1,375.000,-1,325.000,325.000,225.000,300.000,-1,-1,-1,-1,800.000,750.000,-1,-1,2,0,2,0,2,0,0,1,0,2,2,2,2,0,0,2,2
132,3233.790,4631.535,334.889,-197.186,-0.955033,-0.295444,0.025001,0.295716,-0.955243,0.007887,0.021552,0.014926,0.999656,0,0.77205,0.07735,46.323,0.155,-1,400.000,-1,375.000,-1,325.000,325.000,225.000,300.000,-1,-1,-1,-1,800.000,750.000,-1,-1,2,0,2,0,2,0,0,1,0,2,2,2,2,0,0,2,2
133,3184.847,4646.304,335.994,-196.791,-0.957048,-0.288861,0.024864,0.289109,-0.957271,0.006962,0.021790,0.013851,0.999667,0,0.85205,0.19735,51.123,0.395,-1,400.000,-1,400.000,-1,325.000,325.000,225.000,300.000,-1,-1,-1,-1,800.000,750.000,-1,-1,2,0,2,0,2,0,0,1,0,2,2,2,2,0,0,2,2
134,3132.259,4661.539,337.141,-196.157,-0.960194,-0.278243,0.024669,0.278470,-0.960425,0.006225,0.021961,0.012847,0.999676,0,0.91252,0.31735,54.751,0.635,-1,400.000,-1,400.000,-1,325.000,325.000,225.000,300.000,-1,-1,-1,-1,800.000,750.000,-1,-1,2,0,2,0,2,0,0,1,0,2,2,2,2,0,0,2,2
135,3079.784,4675.877,338.281,-195.282,-0.964335,-0.263552,0.024459,0.263759,-0.964572,0.005599,0.022117,0.011851,0.999685,0,0.90664,0.43735,54.398,0.875,-1,400.000,-1,400.000,-1,325.000,325.000,225.000,300.000,-1,-1,-1,-1,800.000,750.000,-1,-1,2,0,2,0,2,0,0,1,0,2,2,2,2,0,0,2,2
