timestep,x_cm,y_cm,z_cm,yaw_deg,basis_xx,basis_xy,basis_xz,basis_yx,basis_yy,basis_yz,basis_zx,basis_zy,basis_zz,teleport_flag,throttle_cmd,steering_cmd,cmd_move_cm,cmd_turn_deg,lidar_cm_0,lidar_cm_1,lidar_cm_2,lidar_cm_3,lidar_cm_4,lidar_cm_5,lidar_cm_6,lidar_cm_7,lidar_cm_8,lidar_cm_9,lidar_cm_10,lidar_cm_11,lidar_cm_12,lidar_cm_13,lidar_cm_14,lidar_cm_15,lidar_cm_16,lidar_class_0,lidar_class_1,lidar_class_2,lidar_class_3,lidar_class_4,lidar_class_5,lidar_class_6,lidar_class_7,lidar_class_8,lidar_class_9,lidar_class_10,lidar_class_11,lidar_class_12,lidar_class_13,lidar_class_14,lidar_class_15,lidar_class_16
0,332.490,329.570,594.607,19.352,0.943599,-0.331031,0.006352,0.330962,0.942518,-0.046082,0.009268,0.045585,0.998917,1,0.08000,0.12000,4.800,0.240,-1,400.000,-1,400.000,-1,325.000,325.000,300.000,300.000,-1,-1,-1,-1,850.000,775.000,-1,-1,2,0,2,0,2,0,0,0,0,2,2,2,2,0,0,2,2
1,341.521,332.827,594.689,19.832,0.940794,-0.338917,0.006488,0.338847,0.939718,-0.045964,0.009481,0.045441,0.998922,0,0.16000,0.24000,9.600,0.480,-1,400.000,-1,400.000,-1,325.000,325.000,300.000,300.000,-1,-1,-1,-1,850.000,800.000,-1,-1,2,0,2,0,2,0,0,0,0,2,2,2,2,0,0,2,2
2,355.004,337.882,594.818,20.552,0.936463,-0.350703,0.006697,0.350630,0.935394,-0.045783,0.009792,0.045222,0.998929,0,0.24000,0.36000,14.400,0.720,-1,400.000,-1,400.000,-1,325.000,325.000,300.000,300.000,-1,-1,-1,-1,850.000,800.000,-1,-1,2,0,2,0,2,0,0,0,0,2,2,2,2,0,0,2,2
3,372.867,344.922,595.002,21.512,0.930459,-0.366330,0.006981,0.366255,0.929400,-0.045538,0.010193,0.044928,0.998938,0,0.32000,0.48000,19.200,0.960,-1,400.000,-1,400.000,-1,325.000,325.000,300.000,300.000,-1,-1,-1,-1,850.000,800.000,-1,-1,2,0,2,0,2,0,0,0,0,2,2,2,2,0,0,2,2
4,395.005,354.189,595.250,22.712,0.922587,-0.385720,0.007348,0.385642,0.921539,-0.045222,0.010672,0.044555,0.998950,0,0.40000,0.60000,24.000,1.200,-1,400.000,-1,400.000,-1,325.000,325.000,300.000,300.000,-1,-1,-1,-1,875.000,800.000,-1,-1,2,0,2,0,2,0,0,0,0,2,2,2,2,0,0,2,2
5,421.284,365.972,595.573,24.152,0.912606,-0.408765,0.007802,0.408686,0.911574,-0.044828,0.011212,0.044099,0.998964,0,0.48000,0.72000,28.800,1.440,-1,400.000,-1,400.000,-1,325.000,325.000,300.000,300.000,-1,-1,-1,-1,875.000,800.000,-1,-1,2,0,2,0,2,0,0,0,0,2,2,2,2,0,0,2,2
6,451.526,380.613,595.983,25.832,0.900235,-0.435325,0.008351,0.435245,0.899219,-0.044345,0.011795,0.043556,0.998981,0,0.56000,0.84000,33.600,1.680,-1,400.000,-1,400.000,-1,325.000,325.000,300.000,300.000,-1,-1,-1,-1,875.000,800.000,-1,-1,2,0,2,0,2,0,0,0,0,2,2,2,2,0,0,2,2
7,485.509,398.493,596.494,27.752,0.885149,-0.465220,0.009009,0.465142,0.884153,-0.043763,0.012394,0.042927,0.999001,0,0.64000,0.96000,38.400,1.920,-1,400.000,-1,400.000,-1,325.000,325.000,300.000,300.000,-1,-1,-1,-1,875.000,800.000,-1,-1,2,0,2,0,2,0,0,0,0,2,2,2,2,0,0,2,2
8,521.053,418.810,597.036,29.752,0.868380,-0.495804,0.009764,0.495730,0.867397,-0.043283,0.012991,0.042427,0.999015,0,0.68235,1.00000,40.941,2.000,-1,400.000,-1,400.000,-1,325.000,325.000,300.000,300.000,-1,-1,-1,-1,875.000,825.000,-1,-1,2,0,2,0,2,0,0,0,0,2,2,2,2,0,0,2,2
9,556.036,440.460,597.603,31.752,0.850553,-0.525783,0.010570,0.525715,0.849581,-0.042835,0.013542,0.041990,0.999026,0,0.68568,1.00000,41.141,2.000,-1,400.000,-1,400.000,-1,325.000,325.000,300.000,300.000,-1,-1,-1,-1,875.000,825.000,-1,-1,2,0,2,0,2,0,0,0,0,2,2,2,2,0,0,2,2
10,590.418,463.435,598.194,33.752,0.831690,-0.555122,0.011475,0.555064,0.830727,-0.042381,0.013994,0.041617,0.999036,0,0.68922,1.00000,41.353,2.000,-1,400.000,-1,400.000,-1,325.000,325.000,300.000,300.000,-1,-1,-1,-1,875.000,825.000,-1,-1,2,0,2,0,2,0,0,0,0,2,2,2,2,0,0,2,2
11,624.161,487.728,598.802,35.752,0.811814,-0.583782,0.012512,0.583741,0.810857,-0.041924,0.014328,0.041338,0.999042,0,0.69296,1.00000,41.578,2.000,-1,400.000,-1,400.000,-1,325.000,325.000,300.000,300.000,-1,-1,-1,-1,875.000,825.000,-1,-1,2,0,2,0,2,0,0,0,0,2,2,2,2,0,0,2,2
12,657.222,513.329,599.439,37.752,0.790949,-0.611731,0.013613,0.611709,0.789997,-0.041435,0.014593,0.041101,0.999048,0,0.69692,1.00000,41.815,2.000,-1,400.000,-1,400.000,-1,325.000,325.000,300.000,300.000,-1,-1,-1,-1,875.000,825.000,-1,-1,2,0,2,0,2,0,0,0,0,2,2,2,2,0,0,2,2
13,689.562,540.228,600.105,39.752,0.769120,-0.638934,0.014775,0.638934,0.768173,-0.040914,0.014791,0.040908,0.999053,0,0.70109,1.00000,42.065,2.000,-1,400.000,-1,400.000,-1,325.000,325.000,300.000,300.000,-1,-1,-1,-1,875.000,825.000,-1,-1,2,0,2,0,2,0,0,0,0,2,2,2,2,0,0,2,2
14,721.140,568.415,600.798,41.752,0.746353,-0.665358,0.015994,0.665383,0.745411,-0.040349,0.014925,0.040757,0.999058,0,0.70547,1.00000,42.328,2.000,-1,400.000,-1,400.000,-1,325.000,325.000,300.000,300.000,-1,-1,-1,-1,850.000,850.000,-1,-1,2,0,2,0,2,0,0,0,0,2,2,2,2,0,0,2,2
15,751.915,597.877,601.488,43.752,0.722676,-0.690973,0.017176,0.691024,0.721743,-0.039655,0.015004,0.040527,0.999066,0,0.71008,1.00000,42.605,2.000,-1,400.000,-1,400.000,-1,325.000,325.000,300.000,300.000,-1,-1,-1,-1,850.000,850.000,-1,-1,2,0,2,0,2,0,0,0,0,2,2,2,2,0,0,2,2
16,781.844,628.603,602.136,45.752,0.698119,-0.715754,0.018054,0.715820,0.697202,-0.038887,0.015246,0.040071,0.999081,0,0.71490,1.00000,42.894,2.000,-1,400.000,-1,400.000,-1,325.000,325.000,300.000,300.000,-1,-1,-1,-1,850.000,850.000,-1,-1,2,0,2,0,2,0,0,0,0,2,2,2,2,0,0,2,2
17,810.887,660.578,602.808,47.752,0.672711,-0.739662,0.018958,0.739744,0.671809,-0.038101,0.015445,0.039655,0.999094,0,0.71994,1.00000,43.196,2.000,-1,400.000,-1,400.000,-1,325.000,325.000,300.000,300.000,-1,-1,-1,-1,850.000,850.000,-1,-1,2,0,2,0,2,0,0,0,0,2,2,2,2,0,0,2,2
18,838.999,693.788,603.506,49.752,0.646483,-0.762669,0.019884,0.762768,0.645595,-0.037297,0.015609,0.039279,0.999106,0,0.72519,1.00000,43.512,2.000,-1,400.000,-1,400.000,-1,325.000,325.000,300.000,300.000,-1,-1,-1,-1,850.000,850.000,-1,-1,2,0,2,0,2,0,0,0,0,2,2,2,2,0,0,2,2
19,869.066,731.603,604.289,51.512,0.622745,-0.782145,0.020926,0.782272,0.621873,-0.036395,0.015453,0.039034,0.999118,0,0.80519,0.88000,48.312,1.760,-1,400.000,-1,400.000,-1,325.000,325.000,300.000,300.000,-1,-1,-1,-1,850.000,850.000,-1,-1,2,0,2,0,2,0,0,0,0,2,2,2,2,0,0,2,2
20,901.005,774.038,605.131,53.032,0.601766,-0.798367,0.022099,0.798531,0.600908,-0.035457,0.015028,0.038984,0.999127,0,0.88519,0.76000,53.112,1.520,-1,400.000,-1,425.000,-1,325.000,325.000,300.000,300.000,-1,-1,-1,-1,850.000,850.000,-1,-1,2,0,2,0,2,0,0,0,0,2,2,2,2,0,0,2,2
21,933.913,819.855,605.997,54.312,0.583763,-0.811588,0.023365,0.811797,0.582921,-0.034475,0.014359,0.039093,0.999132,0,0.94018,0.64000,56.411,1.280,-1,400.000,-1,425.000,-1,325.000,325.000,300.000,300.000,-1,-1,-1,-1,850.000,850.000,-1,-1,2,0,2,0,2,0,0,0,0,2,2,2,2,0,0,2,2
22,966.116,866.453,606.818,55.352,0.568915,-0.822025,0.024698,0.822285,0.568089,-0.033502,0.013509,0.039369,0.999133,0,0.94405,0.52000,56.643,1.040,-1,400.000,-1,425.000,-1,325.000,325.000,300.000,300.000,-1,-1,-1,-1,850.000,850.000,-1,-1,2,0,2,0,2,0,0,0,0,2,2,2,2,0,0,2,2
23,997.701,913.677,607.535,56.223,0.556333,-0.830545,0.026262,0.830865,0.555516,-0.032638,0.012519,0.039978,0.999122,0,0.94689,0.43543,56.813,0.871,-1,400.000,-1,425.000,-1,325.000,325.000,300.000,300.000,-1,-1,-1,-1,875.000,850.000,-1,-1,2,0,2,0,2,0,0,0,0,2,2,2,2,0,0,2,2
24,1028.603,961.484,608.208,57.122,0.543204,-0.839138,0.027854,0.839521,0.542397,-0.031779,0.011559,0.040646,0.999107,0,0.94875,0.44964,56.925,0.899,-1,400.000,-1,425.000,-1,325.000,325.000,300.000,300.000,-1,-1,-1,-1,875.000,800.000,-1,-1,2,0,2,0,2,0,0,0,0,2,2,2,2,0,1,2,2
25,1058.769,1009.856,608.819,58.050,0.529513,-0.847791,0.029435,0.848236,0.528721,-0.030817,0.010563,0.041286,0.999092,0,0.95013,0.46403,57.008,0.928,-1,400.000,-1,425.000,-1,325.000,325.000,300.000,300.000,-1,-1,-1,-1,875.000,750.000,-1,975.000,2,0,2,0,2,0,0,0,0,2,2,2,2,0,1,2,1
26,1088.151,1058.771,609.386,59.008,0.515245,-0.856481,0.031025,0.856989,0.514470,-0.029828,0.009586,0.041956,0.999073,0,0.95103,0.47858,57.062,0.957,-1,400.000,-1,425.000,-1,325.000,325.000,300.000,300.000,-1,-1,-1,-1,875.000,700.000,-1,900.000,2,0,2,0,2,0,0,0,0,2,2,2,2,0,1,2,1
27,1116.699,1108.207,609.916,59.994,0.500389,-0.865185,0.032633,0.865757,0.499632,-0.028846,0.008653,0.042687,0.999051,0,0.95144,0.49327,57.086,0.987,1000.000,400.000,-1,425.000,-1,325.000,325.000,300.000,300.000,-1,-1,-1,-1,875.000,650.000,1000.000,800.000,1,0,2,0,2,0,0,0,0,2,2,2,2,0,1,1,1
28,1144.363,1158.135,610.402,61.010,0.484934,-0.873882,0.034193,0.874516,0.484195,-0.027885,0.007812,0.043424,0.999026,0,0.95134,0.50808,57.081,1.016,950.000,400.000,-1,425.000,900.000,325.000,325.000,300.000,300.000,-1,-1,-1,-1,850.000,625.000,950.000,725.000,1,0,2,1,1,0,0,0,0,2,2,2,2,1,1,1,1
29,1171.094,1208.529,610.849,62.056,0.468868,-0.882546,0.035714,0.883240,0.468146,-0.026945,0.007061,0.044177,0.998999,0,0.95074,0.52298,57.044,1.046,900.000,425.000,975.000,400.000,775.000,325.000,325.000,300.000,300.000,-1,-1,-1,-1,800.000,575.000,900.000,650.000,1,0,1,1,1,0,0,0,0,2,2,2,2,1,1,1,1
30,1196.843,1259.355,611.145,63.132,0.452162,-0.891169,0.036967,0.891916,0.451486,-0.025426,0.005969,0.044468,0.998993,0,0.94962,0.53795,56.977,1.076,850.000,425.000,925.000,400.000,675.000,325.000,325.000,300.000,300.000,-1,-1,-1,-1,775.000,550.000,850.000,575.000,1,0,1,1,1,0,0,0,0,2,2,2,2,1,1,1,1
31,1221.565,1310.581,611.349,64.238,0.434816,-0.899715,0.038041,0.900507,0.434201,-0.023605,0.004720,0.044519,0.998997,0,0.94799,0.55296,56.880,1.106,800.000,400.000,875.000,375.000,575.000,325.000,325.000,300.000,300.000,-1,-1,-1,-1,725.000,500.000,775.000,525.000,1,0,1,1,1,0,0,0,0,2,2,2,2,1,1,1,1
32,1245.213,1362.171,611.537,65.374,0.416834,-0.908142,0.039079,0.908976,0.416277,-0.021825,0.003552,0.044619,0.998998,0,0.94586,0.56797,56.752,1.136,750.000,400.000,825.000,375.000,500.000,325.000,325.000,300.000,300.000,-1,-1,-1,-1,675.000,475.000,725.000,450.000,1,0,1,1,1,0,0,0,0,2,2,2,2,1,1,1,1
33,1267.744,1414.087,611.678,66.540,0.398214,-0.916413,0.040152,0.917289,0.397708,-0.020230,0.002570,0.044887,0.998989,0,0.94324,0.58294,56.595,1.166,700.000,400.000,775.000,350.000,400.000,325.000,350.000,275.000,300.000,-1,-1,-1,-1,625.000,450.000,675.000,400.000,1,0,1,1,1,0,0,1,0,2,2,2,2,1,1,1,1
34,1289.118,1466.289,611.664,67.732,0.378988,-0.924455,0.041842,0.925401,0.378535,-0.018557,0.001316,0.045753,0.998952,0,0.94015,0.59625,56.409,1.193,650.000,400.000,725.000,350.000,350.000,325.000,350.000,275.000,300.000,-1,-1,-1,-1,575.000,425.000,625.000,350.000,1,0,1,1,1,0,0,1,0,2,2,2,2,1,1,1,1
35,1309.311,1518.730,612.106,68.941,0.359391,-0.932268,0.041401,0.933186,0.358964,-0.017576,0.001524,0.044951,0.998988,0,0.93658,0.60433,56.195,1.209,600.000,400.000,675.000,325.000,275.000,325.000,350.000,275.000,300.000,-1,-1,-1,-1,550.000,400.000,575.000,300.000,1,0,1,1,1,0,0,1,0,2,2,2,2,1,1,1,1
36,1328.297,1571.360,613.168,70.165,0.339457,-0.939848,0.038154,0.940615,0.339016,-0.017667,0.003670,0.041885,0.999116,0,0.93251,0.61190,55.950,1.224,550.000,425.000,625.000,325.000,250.000,350.000,350.000,275.000,300.000,-1,-1,-1,-1,500.000,400.000,525.000,250.000,1,1,1,1,1,0,0,1,0,2,2,2,2,1,1,1,1
37,1347.686,1628.141,614.976,71.149,0.323370,-0.945745,0.031582,0.946240,0.322903,-0.019057,0.007825,0.036046,0.999319,0,1.00000,0.49190,60.000,0.984,475.000,400.000,575.000,325.000,200.000,350.000,375.000,250.000,325.000,-1,-1,-1,-1,450.000,375.000,475.000,225.000,1,1,1,1,1,0,0,1,0,2,2,2,2,1,1,1,1
38,1366.307,1685.136,617.432,71.910,0.310841,-0.950210,0.021862,0.950359,0.310387,-0.021851,0.013977,0.027569,0.999522,0,0.99932,0.38082,59.959,0.762,425.000,350.000,525.000,300.000,175.000,350.000,375.000,250.000,350.000,-1,-1,-1,-1,425.000,375.000,425.000,200.000,1,1,1,1,1,1,1,1,0,2,2,2,2,1,1,1,1
39,1384.109,1742.135,620.465,72.658,0.298349,-0.954409,0.009582,0.954204,0.298024,-0.025998,0.021957,0.016900,0.999616,0,0.99524,0.37406,59.715,0.748,375.000,325.000,475.000,300.000,150.000,325.000,350.000,250.000,375.000,-1,-1,-1,-1,375.000,350.000,375.000,175.000,1,1,1,1,1,1,1,1,0,2,2,2,2,1,1,1,1
40,1401.487,1799.564,624.178,73.167,0.289552,-0.957145,-0.005803,0.956631,0.289588,-0.031545,0.031873,0.003583,0.999485,0,1.00000,0.25406,60.000,0.508,325.000,300.000,425.000,300.000,150.000,275.000,300.000,250.000,375.000,-1,400.000,725.000,-1,325.000,325.000,325.000,175.000,1,1,1,1,1,1,1,1,1,2,0,0,2,1,1,1,1
41,1418.594,1857.075,628.599,73.435,0.284306,-0.958420,-0.024537,0.957731,0.285085,-0.038434,0.043831,-0.012573,0.998960,0,1.00000,0.13406,60.000,0.268,275.000,250.000,375.000,275.000,125.000,250.000,275.000,250.000,325.000,-1,200.000,425.000,-1,300.000,300.000,275.000,150.000,1,1,1,1,1,1,1,1,1,2,0,0,2,1,1,1,1
42,1435.601,1914.617,634.521,73.534,0.281227,-0.958600,-0.044685,0.957659,0.283333,-0.051098,0.061643,-0.028422,0.997693,0,1.00000,0.04960,60.000,0.099,225.000,225.000,350.000,225.000,125.000,225.000,250.000,250.000,300.000,675.000,100.000,300.000,-1,275.000,275.000,225.000,125.000,1,1,1,1,1,1,1,1,1,0,0,0,2,1,1,1,1
43,1452.536,1972.186,648.099,73.611,0.278827,-0.959213,-0.046548,0.954641,0.282120,-0.095234,0.104482,-0.017882,0.994366,0,1.00000,0.03832,60.000,0.077,250.000,225.000,350.000,225.000,125.000,225.000,225.000,300.000,250.000,550.000,75.000,150.000,-1,275.000,250.000,225.000,150.000,1,1,1,1,1,1,1,1,1,0,0,0,2,1,1,1,1
44,8199.215,8199.049,683.296,-128.064,-0.620741,0.783204,-0.035676,-0.761850,-0.613310,-0.208414,-0.185111,-0.102192,0.977390,1,0.00000,0.00000,60.000,0.051,175.000,275.000,-1,375.000,-1,250.000,275.000,250.000,800.000,-1,-1,-1,-1,400.000,625.000,200.000,-1,0,0,2,0,2,0,0,0,0,2,2,2,2,0,0,0,2
45,-8194.822,330.041,515.160,25.336,0.904051,-0.427315,-0.009699,0.425921,0.902540,-0.063346,0.035822,0.053137,0.997944,1,0.08000,0.12000,4.800,0.240,275.000,200.000,450.000,300.000,-1,200.000,225.000,325.000,250.000,-1,-1,-1,-1,275.000,475.000,225.000,925.000,1,1,1,1,2,1,1,1,0,2,2,2,2,1,1,1,1
46,-8186.181,334.223,515.776,25.816,0.900462,-0.434817,-0.010116,0.433292,0.898838,-0.065941,0.037765,0.054994,0.997772,0,0.16000,0.24000,9.600,0.480,275.000,200.000,425.000,300.000,-1,200.000,225.000,325.000,250.000,-1,-1,-1,-1,275.000,450.000,225.000,875.000,1,1,1,1,2,1,1,1,0,2,2,2,2,1,1,1,1
47,-8173.286,340.632,516.800,26.416,0.895896,-0.444135,-0.010709,0.442387,0.894065,-0.070290,0.040793,0.058234,0.997469,0,0.24000,0.30034,14.400,0.601,275.000,200.000,425.000,300.000,-1,200.000,225.000,350.000,250.000,-1,-1,-1,-1,250.000,425.000,225.000,800.000,1,1,1,1,2,1,1,1,0,2,2,2,2,1,1,1,1
48,-8156.183,349.358,518.335,27.016,0.891267,-0.453334,-0.011514,0.451233,0.889089,-0.076870,0.045085,0.063316,0.996975,0,0.32000,0.30004,19.200,0.600,250.000,200.000,400.000,275.000,-1,175.000,225.000,350.000,250.000,-1,-1,650.000,-1,250.000,425.000,225.000,750.000,1,1,1,1,2,1,1,1,0,2,2,0,2,1,1,1,1
49,-983.886,-5575.437,485.090,-133.869,-0.693700,0.720064,-0.016960,-0.719778,-0.692175,0.053042,0.026454,0.049003,0.998448,1,0.00000,0.00000,24.000,0.600,-1,375.000,-1,375.000,-1,300.000,300.000,300.000,300.000,-1,-1,650.000,-1,700.000,700.000,-1,-1,2,0,2,0,2,0,0,0,0,2,2,0,2,0,0,2,2
50,-987.227,-5578.884,485.208,-134.109,-0.696710,0.717154,-0.016875,-0.716867,-0.695181,0.053151,0.026386,0.049128,0.998444,0,0.08000,-0.12000,4.800,-0.240,-1,375.000,-1,375.000,-1,300.000,300.000,300.000,300.000,-1,-1,650.000,-1,700.000,700.000,-1,-1,2,0,2,0,2,0,0,0,0,2,2,0,2,0,0,2,2
51,-993.966,-5585.721,485.441,-134.589,-0.702694,0.711297,-0.016704,-0.711008,-0.701156,0.053368,0.026248,0.049378,0.998435,0,0.16000,-0.24000,9.600,-0.480,-1,375.000,-1,375.000,-1,300.000,300.000,300.000,300.000,-1,-1,675.000,-1,700.000,700.000,-1,-1,2,0,2,0,2,0,0,0,0,2,2,0,2,0,0,2,2
52,-1004.203,-5595.848,485.784,-135.309,-0.711576,0.702416,-0.016448,-0.702126,-0.710025,0.053692,0.026036,0.049755,0.998422,0,0.24000,-0.36000,14.400,-0.720,-1,375.000,-1,375.000,-1,300.000,300.000,300.000,300.000,-1,-1,675.000,-1,700.000,700.000,-1,-1,2,0,2,0,2,0,0,0,0,2,2,0,2,0,0,2,2
53,-1018.077,-5609.121,486.259,-136.269,-0.723245,0.690400,-0.016265,-0.690115,-0.721671,0.054142,0.025641,0.050383,0.998401,0,0.32000,-0.48000,19.200,-0.960,-1,375.000,-1,375.000,-1,300.000,325.000,300.000,300.000,-1,-1,750.000,-1,700.000,700.000,-1,-1,2,0,2,0,2,0,0,0,0,2,2,0,2,0,0,2,2
54,-1035.762,-5625.346,486.901,-137.469,-0.737546,0.675099,-0.016369,-0.674837,-0.735932,0.054757,0.024919,0.051432,0.998366,0,0.40000,-0.60000,24.000,-1.200,-1,375.000,-1,375.000,-1,300.000,325.000,300.000,300.000,-1,-1,925.000,-1,700.000,700.000,-1,-1,2,0,2,0,2,0,0,0,0,2,2,0,2,0,0,2,2
55,-1057.468,-5644.276,487.645,-138.909,-0.754278,0.656348,-0.016498,-0.656116,-0.752615,0.055517,0.024022,0.052700,0.998321,0,0.48000,-0.72000,28.800,-1.440,-1,375.000,-1,375.000,-1,300.000,325.000,300.000,300.000,-1,-1,-1,-1,700.000,700.000,-1,-1,2,0,2,0,2,0,0,0,0,2,2,2,2,0,0,2,2
56,-1083.427,-5665.609,488.455,-140.589,-0.773196,0.633948,-0.016655,-0.633750,-0.771469,0.056535,0.022992,0.054267,0.998262,0,0.56000,-0.84000,33.600,-1.680,-1,375.000,-1,375.000,-1,300.000,325.000,300.000,300.000,-1,-1,-1,-1,700.000,700.000,-1,-1,2,0,2,0,2,0,0,0,0,2,2,2,2,0,0,2,2
57,-1113.895,-5688.982,489.309,-142.509,-0.794003,0.607681,-0.016831,-0.607523,-0.792193,0.057846,0.021819,0.056155,0.998184,0,0.64000,-0.96000,38.400,-1.920,-1,375.000,-1,375.000,-1,300.000,325.000,300.000,300.000,-1,-1,-1,-1,700.000,700.000,-1,-1,2,0,2,0,2,0,0,0,0,2,2,2,2,0,0,2,2
58,-1149.054,-5714.085,490.216,-144.476,-0.814399,0.580057,-0.016986,-0.579938,-0.812494,0.059377,0.020641,0.058207,0.998091,0,0.72000,-0.98376,43.200,-1.968,-1,375.000,-1,375.000,-1,300.000,300.000,300.000,300.000,-1,-1,-1,-1,700.000,700.000,-1,-1,2,0,2,0,2,0,0,0,0,2,2,2,2,0,0,2,2
59,-1189.054,-5740.619,491.165,-146.444,-0.833836,0.551747,-0.017111,-0.551668,-0.831821,0.061135,0.019498,0.060416,0.997983,0,0.80000,-0.98376,48.000,-1.968,-1,375.000,-1,375.000,-1,300.000,300.000,300.000,300.000,-1,-1,-1,-1,700.000,700.000,-1,-1,2,0,2,0,2,0,0,0,0,2,2,2,2,0,0,2,2
60,-1232.337,-5767.237,492.106,-148.411,-0.852289,0.522788,-0.017208,-0.522749,-0.850151,0.063059,0.018337,0.062739,0.997861,0,0.84687,-0.98376,50.812,-1.968,-1,375.000,-1,375.000,-1,300.000,300.000,300.000,300.000,-1,-1,-1,-1,700.000,700.000,-1,-1,2,0,2,0,2,0,0,0,0,2,2,2,2,0,0,2,2
61,-1276.509,-5792.353,493.146,-150.379,-0.869738,0.493237,-0.016528,-0.493200,-0.867503,0.064749,0.017599,0.064466,0.997765,0,0.84687,-0.98376,50.812,-1.968,-1,375.000,-1,375.000,-1,300.000,300.000,300.000,300.000,-1,-1,-1,-1,700.000,700.000,-1,-1,2,0,2,0,2,0,0,0,0,2,2,2,2,0,0,2,2
62,-1321.517,-5815.938,494.121,-152.346,-0.886160,0.463110,-0.015808,-0.463075,-0.883826,0.066434,0.016795,0.066191,0.997666,0,0.84687,-0.98376,50.812,-1.968,-1,375.000,-1,375.000,-1,300.000,300.000,300.000,300.000,-1,-1,-1,-1,700.000,700.000,-1,-1,2,0,2,0,2,0,0,0,0,2,2,2,2,0,0,2,2
63,-1367.308,-5837.964,495.018,-154.314,-0.901536,0.432441,-0.015089,-0.432413,-0.899099,0.068124,0.015893,0.067941,0.997563,0,0.84687,-0.98376,50.812,-1.968,-1,375.000,-1,375.000,-1,300.000,300.000,300.000,300.000,-1,-1,-1,-1,700.000,700.000,-1,-1,2,0,2,0,2,0,0,0,0,2,2,2,2,0,0,2,2
64,-1413.829,-5858.405,495.751,-156.281,-0.915848,0.401278,-0.014070,-0.401241,-0.913325,0.069596,0.015077,0.069385,0.997476,0,0.84687,-0.98376,50.812,-1.968,-1,375.000,-1,375.000,-1,300.000,300.000,300.000,300.000,-1,-1,-1,-1,700.000,700.000,-1,-1,2,0,2,0,2,0,0,0,0,2,2,2,2,0,0,2,2
65,-1461.024,-5877.236,496.378,-158.249,-0.929084,0.369648,-0.012761,-0.369586,-0.926473,0.071085,0.014454,0.070761,0.997389,0,0.84687,-0.98376,50.812,-1.968,-1,375.000,-1,375.000,-1,300.000,300.000,325.000,300.000,-1,-1,-1,-1,700.000,675.000,-1,-1,2,0,2,0,2,0,0,0,0,2,2,2,2,0,0,2,2
66,-1508.838,-5894.436,496.999,-160.216,-0.941229,0.337580,-0.011315,-0.337479,-0.938502,0.072944,0.014005,0.072475,0.997272,0,0.84687,-0.98376,50.812,-1.968,-1,375.000,-1,375.000,-1,300.000,300.000,325.000,300.000,-1,-1,950.000,-1,700.000,675.000,-1,-1,2,0,2,0,2,0,0,0,0,2,2,0,2,0,0,2,2
67,-1557.214,-5909.985,497.549,-162.184,-0.952261,0.305124,-0.009889,-0.304990,-0.949427,0.074632,0.013384,0.074085,0.997162,0,0.84687,-0.98376,50.812,-1.968,-1,375.000,-1,375.000,-1,300.000,325.000,325.000,300.000,-1,-1,925.000,-1,700.000,675.000,-1,-1,2,0,2,0,2,0,0,0,0,2,2,0,2,0,0,2,2
68,-1606.095,-5923.863,498.144,-164.151,-0.962166,0.272325,-0.008707,-0.272189,-0.959266,0.075647,0.012248,0.075155,0.997097,0,0.84687,-0.98376,50.812,-1.968,-1,375.000,-1,375.000,-1,300.000,325.000,325.000,300.000,-1,-1,950.000,-1,700.000,675.000,-1,-1,2,0,2,0,2,0,0,0,0,2,2,0,2,0,0,2,2
69,-1655.424,-5936.054,498.635,-166.119,-0.970938,0.239211,-0.007552,-0.239076,-0.967973,0.076626,0.011020,0.076205,0.997031,0,0.84687,-0.98376,50.812,-1.968,-1,375.000,-1,375.000,-1,325.000,325.000,325.000,300.000,-1,-1,975.000,-1,700.000,675.000,-1,-1,2,0,2,0,2,0,0,0,0,2,2,0,2,0,0,2,2
70,-1705.143,-5946.544,499.017,-168.086,-0.978569,0.205821,-0.006419,-0.205692,-0.975538,0.077569,0.009704,0.077227,0.996966,0,0.84687,-0.98376,50.812,-1.968,-1,375.000,-1,375.000,-1,325.000,325.000,325.000,300.000,-1,-1,950.000,-1,700.000,650.000,-1,-1,2,0,2,0,2,0,0,0,0,2,2,0,2,0,0,2,2
71,-1755.193,-5955.322,499.287,-170.054,-0.985049,0.172193,-0.005306,-0.172074,-0.981953,0.078476,0.008302,0.078215,0.996902,0,0.84687,-0.98376,50.812,-1.968,-1,375.000,-1,375.000,-1,300.000,300.000,325.000,300.000,-1,-1,900.000,-1,700.000,650.000,-1,-1,2,0,2,0,2,0,0,0,0,2,2,0,2,0,0,2,2
72,-1800.764,-5961.683,499.426,-172.054,-0.990449,0.137809,-0.004313,-0.137715,-0.987295,0.079260,0.006665,0.079097,0.996845,0,0.76687,-1.00000,46.012,-2.000,-1,375.000,-1,375.000,-1,300.000,300.000,325.000,300.000,-1,-1,875.000,-1,675.000,650.000,-1,-1,2,0,2,0,2,0,0,0,0,2,2,0,2,0,0,2,2
73,-1841.756,-5965.953,499.452,-174.054,-0.994648,0.103262,-0.003431,-0.103205,-0.991443,0.079928,0.004852,0.079854,0.996795,0,0.68687,-1.00000,41.212,-2.000,-1,375.000,-1,375.000,-1,300.000,300.000,325.000,300.000,-1,-1,875.000,-1,675.000,650.000,-1,-1,2,0,2,0,2,0,0,0,0,2,2,0,2,0,0,2,2
74,-1878.083,-5968.459,499.385,-176.054,-0.997641,0.068595,-0.002656,-0.068586,-0.994394,0.080482,0.002880,0.080474,0.996753,0,0.60687,-1.00000,36.412,-2.000,-1,375.000,-1,375.000,-1,300.000,300.000,325.000,300.000,-1,-1,850.000,-1,675.000,650.000,-1,-1,2,0,2,0,2,0,0,0,0,2,2,0,2,0,0,2,2
75,-1909.679,-5969.533,499.247,-178.054,-0.999425,0.033848,-0.001984,-0.033898,-0.996143,0.080927,0.000763,0.080947,0.996718,0,0.52687,-1.00000,31.612,-2.000,-1,375.000,-1,375.000,1000.000,300.000,300.000,300.000,300.000,-1,-1,875.000,-1,675.000,625.000,-1,-1,2,0,2,0,0,0,0,0,0,2,2,0,2,0,0,2,2
76,-1936.492,-5969.508,499.043,-180.054,-0.999999,-0.000937,-0.001354,0.000824,-0.996698,0.081195,-0.001426,0.081193,0.996697,0,0.44687,-1.00000,26.812,-2.000,-1,375.000,-1,350.000,975.000,300.000,300.000,300.000,300.000,-1,-1,900.000,-1,650.000,625.000,-1,-1,2,0,2,0,0,0,0,0,0,2,2,0,2,0,0,2,2
77,-1958.492,-5968.718,498.824,-182.054,-0.999361,-0.035721,-0.000907,0.035528,-0.996049,0.081390,-0.003810,0.081305,0.996682,0,0.36687,-1.00000,22.012,-2.000,-1,375.000,-1,350.000,950.000,300.000,300.000,300.000,300.000,-1,-1,-1,-1,650.000,625.000,-1,1000.000,2,0,2,0,0,0,0,0,0,2,2,2,2,0,0,2,0
78,-1975.662,-5967.502,498.785,-184.054,-0.997515,-0.070457,-0.000207,0.070201,-0.994141,0.082191,-0.005997,0.081973,0.996617,0,0.28687,-1.00000,17.212,-2.000,-1,350.000,-1,350.000,950.000,300.000,300.000,300.000,300.000,-1,-1,-1,-1,650.000,625.000,-1,975.000,2,0,2,0,0,0,0,0,0,2,2,2,2,0,0,2,0
79,-1988.007,-5966.192,498.771,-186.054,-0.994461,-0.105106,0.000369,0.104776,-0.991048,0.082738,-0.008330,0.082318,0.996571,0,0.20687,-1.00000,12.412,-2.000,-1,350.000,-1,350.000,950.000,300.000,300.000,300.000,300.000,-1,-1,-1,-1,650.000,625.000,-1,975.000,2,0,2,0,0,0,0,0,0,2,2,2,2,0,0,2,0
80,-1995.545,-5965.125,498.753,-188.054,-0.990204,-0.139628,0.000849,0.139215,-0.986771,0.083078,-0.010762,0.082382,0.996543,0,0.12687,-1.00000,7.612,-2.000,-1,350.000,-1,350.000,950.000,300.000,300.000,325.000,300.000,-1,-1,-1,-1,650.000,625.000,-1,950.000,2,0,2,0,0,0,0,0,0,2,2,2,2,0,0,2,0
81,-1998.315,-5964.633,498.755,-190.054,-0.984748,-0.173984,0.001227,0.173481,-0.981314,0.083225,-0.013275,0.082168,0.996530,0,0.04687,-1.00000,2.812,-2.000,-1,350.000,-1,350.000,950.000,300.000,300.000,325.000,300.000,-1,-1,-1,-1,650.000,625.000,-1,950.000,2,0,2,0,0,0,0,0,0,2,2,2,2,0,0,2,0
82,-1996.372,-5965.047,498.833,-192.054,-0.978099,-0.208136,0.001375,0.207528,-0.974694,0.083091,-0.015954,0.081557,0.996541,0,-0.03313,-1.00000,-1.988,-2.000,-1,350.000,-1,375.000,975.000,300.000,300.000,325.000,300.000,-1,-1,-1,-1,650.000,625.000,-1,975.000,2,0,2,0,0,0,0,0,0,2,2,2,2,0,0,2,0
83,-1989.789,-5966.694,498.999,-194.054,-0.970264,-0.242044,0.001315,0.241320,-0.966913,0.082730,-0.018753,0.080587,0.996571,0,-0.11313,-1.00000,-6.788,-2.000,-1,350.000,-1,375.000,975.000,300.000,300.000,300.000,300.000,-1,-1,-1,-1,650.000,625.000,-1,975.000,2,0,2,0,0,0,0,0,0,2,2,2,2,0,0,2,0
84,-1980.469,-5969.332,499.228,-195.814,-0.962395,-0.271652,0.001096,0.270818,-0.959110,0.082258,-0.021294,0.079462,0.996610,0,-0.16146,-0.88000,-9.688,-1.760,-1,350.000,-1,375.000,1000.000,300.000,300.000,300.000,300.000,-1,-1,-1,-1,650.000,625.000,-1,1000.000,2,0,2,0,0,0,0,0,0,2,2,2,2,0,0,2,0
85,-1971.222,-5972.216,499.466,-197.334,-0.954870,-0.297023,0.000839,0.296093,-0.951649,0.081808,-0.023501,0.078364,0.996648,0,-0.16146,-0.76000,-9.688,-1.520,-1,350.000,-1,375.000,-1,300.000,300.000,300.000,300.000,-1,-1,-1,-1,650.000,625.000,-1,1000.000,2,0,2,0,2,0,0,0,0,2,2,2,2,0,0,2,0
86,-1962.041,-5975.307,499.713,-198.614,-0.948012,-0.318233,0.000547,0.317220,-0.944854,0.081378,-0.025380,0.077321,0.996683,0,-0.16146,-0.64000,-9.688,-1.280,-1,350.000,-1,375.000,-1,300.000,300.000,300.000,300.000,-1,-1,-1,-1,650.000,625.000,-1,-1,2,0,2,0,2,0,0,0,0,2,2,2,2,0,0,2,2
87,-1952.918,-5978.564,499.965,-199.654,-0.942092,-0.335355,0.000227,0.334272,-0.938992,0.080967,-0.026939,0.076354,0.996717,0,-0.16146,-0.52000,-9.688,-1.040,-1,350.000,-1,375.000,-1,300.000,300.000,300.000,300.000,-1,-1,-1,-1,650.000,625.000,-1,-1,2,0,2,0,2,0,0,0,0,2,2,2,2,0,0,2,2
88,-1943.842,-5981.948,500.222,-200.454,-0.937325,-0.348456,-0.000115,0.347315,-0.934281,0.080571,-0.028183,0.075481,0.996749,0,-0.16146,-0.40000,-9.688,-0.800,-1,375.000,-1,375.000,-1,300.000,300.000,300.000,300.000,-1,-1,-1,-1,650.000,625.000,-1,-1,2,0,2,0,2,0,0,0,0,2,2,2,2,0,0,2,2
89,-1934.798,-5985.421,500.480,-201.014,-0.933878,-0.357592,-0.000477,0.356405,-0.930884,0.080186,-0.029118,0.074714,0.996780,0,-0.16146,-0.28000,-9.688,-0.560,-1,375.000,-1,375.000,-1,300.000,300.000,300.000,300.000,-1,-1,-1,-1,650.000,625.000,-1,-1,2,0,2,0,2,0,0,0,0,2,2,2,2,0,0,2,2
90,-1925.775,-5988.945,500.738,-201.334,-0.931866,-0.362803,-0.000852,0.361582,-0.928918,0.079809,-0.029746,0.074063,0.996810,0,-0.16146,-0.16000,-9.688,-0.320,-1,375.000,-1,375.000,-1,300.000,300.000,300.000,300.000,-1,-1,-1,-1,650.000,625.000,-1,-1,2,0,2,0,2,0,0,0,0,2,2,2,2,0,0,2,2
91,-1916.756,-5992.481,500.994,-201.414,-0.931354,-0.364114,-0.001237,0.362872,-0.928447,0.079435,-0.030072,0.073533,0.996839,0,-0.16146,-0.04000,-9.688,-0.080,-1,375.000,-1,375.000,-1,300.000,300.000,300.000,300.000,-1,-1,-1,-1,650.000,650.000,-1,-1,2,0,2,0,2,0,0,0,0,2,2,2,2,0,0,2,2
92,-1907.727,-5995.993,501.245,-201.254,-0.932359,-0.361531,-0.001629,0.360279,-0.929488,0.079059,-0.030096,0.073124,0.996869,0,-0.16146,0.08000,-9.688,0.160,-1,375.000,-1,375.000,-1,300.000,300.000,300.000,300.000,-1,-1,-1,-1,650.000,650.000,-1,-1,2,0,2,0,2,0,0,0,0,2,2,2,2,0,0,2,2
93,-1898.674,-5999.441,501.488,-200.854,-0.934849,-0.355040,-0.002024,0.353792,-0.932009,0.078676,-0.029820,0.072834,0.996898,0,-0.16146,0.20000,-9.688,0.400,-1,375.000,-1,375.000,-1,300.000,300.000,300.000,300.000,-1,-1,-1,-1,650.000,650.000,-1,-1,2,0,2,0,2,0,0,0,0,2,2,2,2,0,0,2,2
94,-1889.583,-6002.789,501.777,-200.214,-0.938745,-0.344607,-0.002166,0.343386,-0.935913,0.078434,-0.029056,0.072885,0.996917,0,-0.16146,0.32000,-9.688,0.640,-1,375.000,-1,375.000,-1,300.000,300.000,300.000,300.000,-1,-1,-1,-1,650.000,650.000,-1,-1,2,0,2,0,2,0,0,0,0,2,2,2,2,0,0,2,2
95,-1880.441,-6005.997,502.077,-199.334,-0.943913,-0.330186,-0.002207,0.329011,-0.941079,0.078247,-0.027913,0.073132,0.996932,0,-0.16146,0.44000,-9.688,0.880,-1,375.000,-1,375.000,-1,300.000,300.000,300.000,300.000,-1,-1,-1,-1,650.000,650.000,-1,-1,2,0,2,0,2,0,0,0,0,2,2,2,2,0,0,2,2
96,-1871.238,-6009.026,502.364,-198.215,-0.950168,-0.311731,-0.002235,0.310615,-0.947325,0.078064,-0.026452,0.073480,0.996946,0,-0.16146,0.55966,-9.688,1.119,-1,375.000,-1,375.000,-1,300.000,300.000,300.000,300.000,-1,-1,-1,-1,650.000,650.000,-1,-1,2,0,2,0,2,0,0,0,0,2,2,2,2,0,0,2,2
97,-1861.978,-6011.874,502.645,-197.095,-0.956061,-0.293158,-0.002278,0.292098,-0.953209,0.077920,-0.025014,0.073831,0.996957,0,-0.16146,0.55966,-9.688,1.119,-1,375.000,-1,375.000,-1,300.000,300.000,300.000,300.000,-1,-1,-1,-1,650.000,650.000,-1,-1,2,0,2,0,2,0,0,0,0,2,2,2,2,0,0,2,2
98,-1852.665,-6014.541,502.934,-195.976,-0.961592,-0.274473,-0.002367,0.273463,-0.958724,0.077881,-0.023645,0.074243,0.996960,0,-0.16146,0.55966,-9.688,1.119,-1,375.000,-1,375.000,-1,300.000,300.000,300.000,300.000,-1,-1,-1,-1,650.000,650.000,-1,-1,2,0,2,0,2,0,0,0,0,2,2,2,2,0,0,2,2
99,-1843.300,-6017.026,503.209,-194.857,-0.966757,-0.255685,-0.002462,0.254725,-0.963876,0.077841,-0.022276,0.074626,0.996963,0,-0.16146,0.55966,-9.688,1.119,-1,375.000,-1,375.000,-1,300.000,300.000,300.000,300.000,-1,-1,-1,-1,650.000,650.000,-1,-1,2,0,2,0,2,0,0,0,0,2,2,2,2,0,0,2,2
100,-1833.889,-6019.327,503.470,-193.737,-0.971555,-0.236801,-0.002563,0.235890,-0.968661,0.077798,-0.020906,0.074981,0.996966,0,-0.16146,0.55966,-9.688,1.119,-1,375.000,-1,375.000,-1,300.000,325.000,300.000,300.000,-1,-1,-1,-1,650.000,675.000,-1,-1,2,0,2,0,2,0,0,0,0,2,2,2,2,0,0,2,2
101,-1824.435,-6021.444,503.716,-192.618,-0.975984,-0.217828,-0.002671,0.216966,-0.973078,0.077754,-0.019536,0.075307,0.996969,0,-0.16146,0.55966,-9.688,1.119,-1,375.000,-1,375.000,-1,300.000,325.000,300.000,300.000,-1,-1,-1,-1,650.000,675.000,-1,-1,2,0,2,0,2,0,0,0,0,2,2,2,2,0,0,2,2
102,-1814.942,-6023.376,503.948,-191.499,-0.980042,-0.198773,-0.002785,0.197961,-0.977125,0.077708,-0.018168,0.075606,0.996972,0,-0.16146,0.55966,-9.688,1.119,-1,375.000,-1,375.000,-1,300.000,325.000,300.000,300.000,-1,-1,-1,-1,650.000,675.000,-1,-1,2,0,2,0,2,0,0,0,0,2,2,2,2,0,0,2,2
103,-1805.412,-6025.122,504.164,-190.379,-0.983727,-0.179643,-0.002912,0.178879,-0.980802,0.077655,-0.016806,0.075870,0.996976,0,-0.16146,0.55966,-9.688,1.119,-1,375.000,-1,375.000,-1,300.000,325.000,300.000,300.000,-1,-1,-1,-1,650.000,675.000,-1,-1,2,0,2,0,2,0,0,0,0,2,2,2,2,0,0,2,2
104,-1795.850,-6026.681,504.351,-189.260,-0.987040,-0.160447,-0.003107,0.159727,-0.984111,0.077544,-0.015499,0.076043,0.996984,0,-0.16146,0.55966,-9.688,1.119,-1,375.000,-1,375.000,-1,300.000,325.000,300.000,300.000,-1,-1,-1,-1,675.000,675.000,-1,-1,2,0,2,0,2,0,0,0,0,2,2,2,2,0,0,2,2
105,-1786.259,-6028.053,504.523,-188.141,-0.989977,-0.141191,-0.003305,0.140514,-0.987046,0.077431,-0.014195,0.076190,0.996992,0,-0.16146,0.55966,-9.688,1.119,-1,375.000,-1,375.000,-1,300.000,325.000,300.000,300.000,-1,-1,-1,-1,675.000,675.000,-1,-1,2,0,2,0,2,0,0,0,0,2,2,2,2,0,0,2,2
106,-1776.644,-6029.238,504.681,-187.021,-0.992539,-0.121881,-0.003506,0.121248,-0.989607,0.077315,-0.012892,0.076313,0.997001,0,-0.16146,0.55966,-9.688,1.119,-1,375.000,-1,375.000,-1,300.000,325.000,300.000,300.000,-1,-1,-1,-1,675.000,675.000,-1,-1,2,0,2,0,2,0,0,0,0,2,2,2,2,0,0,2,2
107,-1767.007,-6030.235,504.826,-185.902,-0.994723,-0.102525,-0.003709,0.101935,-0.991791,0.077197,-0.011594,0.076411,0.997009,0,-0.16146,0.55966,-9.688,1.119,-1,375.000,-1,375.000,-1,300.000,325.000,300.000,300.000,-1,-1,-1,-1,675.000,675.000,-1,-1,2,0,2,0,2,0,0,0,0,2,2,2,2,0,0,2,2
108,-1757.352,-6031.043,504.957,-184.783,-0.996531,-0.083131,-0.003916,0.082583,-0.993599,0.077076,-0.010299,0.076486,0.997018,0,-0.16146,0.55966,-9.688,1.119,-1,375.000,-1,375.000,-1,300.000,325.000,300.000,300.000,-1,-1,-1,-1,675.000,675.000,-1,-1,2,0,2,0,2,0,0,0,0,2,2,2,2,0,0,2,2
109,-1747.684,-6031.662,505.075,-183.663,-0.997960,-0.063705,-0.004126,0.063200,-0.995030,0.076954,-0.009008,0.076536,0.997026,0,-0.16146,0.55966,-9.688,1.119,-1,375.000,-1,375.000,-1,300.000,325.000,300.000,300.000,-1,-1,-1,-1,675.000,675.000,-1,-1,2,0,2,0,2,0,0,0,0,2,2,2,2,0,0,2,2
110,-1742.802,-6031.900,505.132,-182.784,-0.998818,-0.048427,-0.004244,0.047958,-0.995885,0.076901,-0.007951,0.076606,0.997030,0,-0.08146,0.43966,-4.888,0.879,-1,375.000,-1,375.000,-1,325.000,325.000,300.000,300.000,-1,-1,-1,-1,675.000,675.000,-1,-1,2,0,2,0,2,0,0,0,0,2,2,2,2,0,0,2,2
111,-1742.714,-6031.903,505.138,-182.145,-0.999295,-0.037311,-0.004268,0.036873,-0.996355,0.076918,-0.007122,0.076707,0.997028,0,-0.00146,0.31966,-0.088,0.639,-1,375.000,-1,375.000,-1,325.000,325.000,300.000,300.000,-1,-1,-1,-1,675.000,675.000,-1,-1,2,0,2,0,2,0,0,0,0,2,2,2,2,0,0,2,2
112,-1747.424,-6031.760,505.100,-181.745,-0.999530,-0.030366,-0.004195,0.029953,-0.996580,0.077008,-0.006519,0.076846,0.997022,0,0.07854,0.19966,4.712,0.399,-1,375.000,-1,375.000,-1,300.000,325.000,300.000,300.000,-1,-1,-1,-1,675.000,675.000,-1,-1,2,0,2,0,2,0,0,0,0,2,2,2,2,0,0,2,2
113,-1756.933,-6031.497,505.019,-181.586,-0.999611,-0.027594,-0.004025,0.027202,-0.996647,0.077168,-0.006141,0.077029,0.997010,0,0.15854,0.07966,9.512,0.159,-1,375.000,-1,375.000,-1,300.000,325.000,300.000,300.000,-1,-1,-1,-1,675.000,675.000,-1,-1,2,0,2,0,2,0,0,0,0,2,2,2,2,0,0,2,2
114,-1771.239,-6031.081,504.894,-181.667,-0.999572,-0.028997,-0.003758,0.028619,-0.996589,0.077399,-0.005990,0.077258,0.996993,0,0.23854,-0.04034,14.312,-0.081,-1,375.000,-1,375.000,-1,300.000,325.000,300.000,300.000,-1,-1,-1,-1,675.000,675.000,-1,-1,2,0,2,0,2,0,0,0,0,2,2,2,2,0,0,2,2
115,-1790.340,-6030.418,504.717,-181.987,-0.999396,-0.034573,-0.003396,0.034205,-0.996390,0.077697,-0.006070,0.077534,0.996971,0,0.31854,-0.16034,19.112,-0.321,-1,375.000,-1,375.000,-1,300.000,300.000,300.000,300.000,-1,-1,-1,-1,675.000,675.000,-1,-1,2,0,2,0,2,0,0,0,0,2,2,2,2,0,0,2,2
116,-1814.229,-6029.356,504.477,-182.548,-0.999013,-0.044321,-0.002941,0.043956,-0.995979,0.078061,-0.006389,0.077855,0.996944,0,0.39854,-0.28034,23.912,-0.561,-1,375.000,-1,375.000,-1,300.000,300.000,300.000,300.000,-1,-1,-1,-1,675.000,650.000,-1,-1,2,0,2,0,2,0,0,0,0,2,2,2,2,0,0,2,2
117,-1842.893,-6027.679,504.159,-183.349,-0.998300,-0.058232,-0.002394,0.057865,-0.995234,0.078485,-0.006953,0.078213,0.996912,0,0.47854,-0.40034,28.712,-0.801,-1,375.000,-1,375.000,-1,300.000,300.000,300.000,300.000,-1,-1,-1,-1,675.000,650.000,-1,-1,2,0,2,0,2,0,0,0,0,2,2,2,2,0,0,2,2
118,-1876.308,-6025.114,503.740,-184.389,-0.997084,-0.076296,-0.001759,0.075919,-0.993982,0.078964,-0.007773,0.078600,0.996876,0,0.55854,-0.52034,33.512,-1.041,-1,375.000,-1,375.000,-1,300.000,300.000,300.000,300.000,-1,-1,-1,-1,650.000,650.000,-1,-1,2,0,2,0,2,0,0,0,0,2,2,2,2,0,0,2,2
119,-1913.201,-6021.451,503.213,-185.670,-0.995138,-0.098490,-0.001059,0.098094,-0.991999,0.079469,-0.008878,0.078979,0.996837,0,0.61789,-0.64034,37.074,-1.281,-1,375.000,-1,375.000,-1,300.000,300.000,300.000,300.000,-1,-1,-1,-1,650.000,650.000,-1,-1,2,0,2,0,2,0,0,0,0,2,2,2,2,0,0,2,2
120,-1949.984,-6016.811,502.729,-187.191,-0.992185,-0.124772,-0.000259,0.124348,-0.988975,0.080411,-0.010289,0.079750,0.996762,0,0.61789,-0.76034,37.074,-1.521,-1,375.000,-1,375.000,-1,300.000,300.000,300.000,300.000,-1,-1,-1,-1,650.000,650.000,-1,-1,2,0,2,0,2,0,0,0,0,2,2,2,2,0,0,2,2
121,-1986.608,-6011.044,502.401,-188.951,-0.987901,-0.155079,0.001268,0.154657,-0.984543,0.082202,-0.011499,0.081404,0.996615,0,0.61789,-0.88034,37.074,-1.761,-1,375.000,-1,375.000,1000.000,300.000,300.000,300.000,300.000,-1,-1,-1,-1,650.000,650.000,-1,1000.000,2,0,2,0,0,0,0,0,0,2,2,2,2,0,0,2,0
122,-2023.009,-6004.004,502.048,-190.946,-0.981928,-0.189240,0.002504,0.188784,-0.978456,0.083571,-0.013365,0.082534,0.996499,0,0.61789,-0.99746,37.074,-1.995,-1,350.000,-1,350.000,975.000,300.000,300.000,325.000,300.000,-1,-1,-1,-1,650.000,625.000,-1,975.000,2,0,2,0,0,0,0,0,0,2,2,2,2,0,0,2,0
123,-2059.142,-5995.701,501.931,-192.941,-0.974766,-0.223189,0.004347,0.222765,-0.971287,0.083527,-0.014420,0.082388,0.996496,0,0.61789,-0.99746,37.074,-1.995,-1,375.000,-1,375.000,975.000,300.000,300.000,325.000,300.000,-1,-1,-1,-1,650.000,625.000,-1,950.000,2,0,2,0,0,0,0,0,0,2,2,2,2,0,0,2,0
124,-2094.964,-5986.145,501.723,-194.936,-0.966426,-0.256870,0.006200,0.256479,-0.962946,0.083387,-0.015449,0.082178,0.996498,0,0.61789,-0.99746,37.074,-1.995,-1,375.000,-1,375.000,975.000,300.000,300.000,325.000,300.000,-1,-1,-1,-1,650.000,625.000,-1,950.000,2,0,2,0,0,0,0,0,0,2,2,2,2,0,0,2,0
125,-2130.432,-5975.348,501.422,-196.931,-0.956920,-0.290241,0.008059,0.289887,-0.953441,0.083160,-0.016453,0.081914,0.996504,0,0.61789,-0.99746,37.074,-1.995,-1,375.000,-1,375.000,975.000,300.000,300.000,325.000,300.000,-1,-1,800.000,-1,650.000,625.000,-1,950.000,2,0,2,0,0,0,0,0,0,2,2,0,2,0,0,2,0
126,-2165.503,-5963.322,501.029,-198.926,-0.946257,-0.323264,0.009924,0.322947,-0.942784,0.082845,-0.017424,0.081597,0.996513,0,0.61789,-0.99746,37.074,-1.995,-1,375.000,-1,375.000,975.000,300.000,300.000,325.000,300.000,-1,-1,750.000,-1,650.000,625.000,-1,950.000,2,0,2,0,0,0,0,0,0,2,2,0,2,0,0,2,0
127,-2200.133,-5950.083,500.543,-200.921,-0.934450,-0.355898,0.011795,0.355620,-0.930988,0.082438,-0.018358,0.081228,0.996526,0,0.61789,-0.99746,37.074,-1.995,-1,375.000,-1,375.000,950.000,300.000,300.000,325.000,300.000,-1,-1,700.000,-1,650.000,625.000,-1,925.000,2,0,2,0,0,0,0,0,0,2,2,0,2,0,0,2,0
128,-2234.282,-5935.646,499.964,-202.916,-0.921514,-0.388104,0.013672,0.387868,-0.918066,0.081936,-0.019248,0.080808,0.996544,0,0.61789,-0.99746,37.074,-1.995,-1,375.000,-1,350.000,925.000,300.000,300.000,325.000,300.000,-1,-1,650.000,-1,650.000,625.000,-1,925.000,2,0,2,0,0,0,0,0,0,2,2,0,2,0,0,2,0
129,-2267.907,-5920.029,499.438,-204.911,-0.907452,-0.419862,0.015715,0.419695,-0.904073,0.080676,-0.019665,0.079805,0.996617,0,0.61789,-0.99746,37.074,-1.995,-1,375.000,-1,350.000,925.000,300.000,300.000,325.000,300.000,-1,950.000,600.000,-1,625.000,625.000,-1,950.000,2,0,2,0,0,0,0,0,0,2,0,0,2,0,0,2,0
130,-2300.968,-5903.251,498.905,-206.906,-0.892282,-0.451128,0.017796,0.451046,-0.889006,0.078910,-0.019778,0.078436,0.996723,0,0.61789,-0.99746,37.074,-1.995,-1,375.000,-1,350.000,900.000,300.000,300.000,300.000,300.000,-1,775.000,550.000,-1,625.000,625.000,-1,950.000,2,0,2,0,0,0,0,0,0,2,0,0,2,0,0,2,0
131,-2333.425,-5885.331,498.287,-208.901,-0.876027,-0.481856,0.019804,0.481855,-0.872861,0.077003,-0.019818,0.076999,0.996834,0,0.61789,-0.99746,37.074,-1.995,-1,375.000,-1,375.000,900.000,300.000,300.000,300.000,300.000,-1,675.000,525.000,-1,625.000,625.000,-1,950.000,2,0,2,0,0,0,0,0,0,2,0,0,2,0,0,2,0
132,-2365.239,-5866.293,497.582,-210.895,-0.858706,-0.512008,0.021732,0.512087,-0.855657,0.074956,-0.019783,0.075494,0.996950,0,0.61789,-0.99746,37.074,-1.995,-1,375.000,-1,375.000,875.000,300.000,300.000,300.000,300.000,-1,600.000,475.000,-1,625.000,625.000,-1,950.000,2,0,2,0,0,0,0,0,0,2,0,0,2,0,0,2,0
133,-2396.370,-5846.159,496.791,-212.890,-0.840339,-0.541548,0.023571,0.541704,-0.837413,0.072772,-0.019671,0.073921,0.997070,0,0.61789,-0.99746,37.074,-1.995,-1,375.000,-1,375.000,875.000,300.000,300.000,300.000,300.000,-1,500.000,425.000,-1,625.000,625.000,-1,925.000,2,0,2,0,0,0,0,0,0,2,0,0,2,0,0,2,0
134,-2426.782,-5824.954,496.060,-214.885,-0.820968,-0.570415,0.025263,0.570626,-0.818118,0.071199,-0.019945,0.072868,0.997142,0,0.61789,-0.99746,37.074,-1.995,-1,375.000,-1,375.000,850.000,300.000,300.000,300.000,300.000,-1,475.000,400.000,-1,625.000,625.000,-1,900.000,2,0,2,0,0,0,0,0,0,2,0,0,2,0,0,2,0
135,-2456.437,-5802.704,495.356,-216.880,-0.800613,-0.598578,0.026881,0.598831,-0.797804,0.070078,-0.020501,0.072203,0.997179,0,0.61789,-0.99746,37.074,-1.995,-1,375.000,-1,375.000,850.000,300.000,300.000,300.000,300.000,-1,450.000,400.000,-1,625.000,625.000,-1,875.000,2,0,2,0,0,0,0,0,0,2,0,0,2,0,0,2,0
