timestep,x_cm,y_cm,z_cm,yaw_deg,basis_xx,basis_xy,basis_xz,basis_yx,basis_yy,basis_yz,basis_zx,basis_zy,basis_zz,teleport_flag,throttle_cmd,steering_cmd,cmd_move_cm,cmd_turn_deg,lidar_cm_0,lidar_cm_1,lidar_cm_2,lidar_cm_3,lidar_cm_4,lidar_cm_5,lidar_cm_6,lidar_cm_7,lidar_cm_8,lidar_cm_9,lidar_cm_10,lidar_cm_11,lidar_cm_12,lidar_cm_13,lidar_cm_14,lidar_cm_15,lidar_cm_16,lidar_class_0,lidar_class_1,lidar_class_2,lidar_class_3,lidar_class_4,lidar_class_5,lidar_class_6,lidar_class_7,lidar_class_8,lidar_class_9,lidar_class_10,lidar_class_11,lidar_class_12,lidar_class_13,lidar_class_14,lidar_class_15,lidar_class_16
0,6884.069,-6890.849,27.860,-132.141,-0.671086,0.741379,-0.000988,-0.741166,-0.670860,0.024903,0.017800,0.017444,0.999689,1,0.08000,-0.12000,4.800,-0.240,-1,400.000,-1,400.000,-1,325.000,325.000,300.000,300.000,-1,-1,-1,-1,750.000,750.000,-1,-1,2,0,2,0,2,0,0,0,0,2,2,2,2,0,0,2,2
1,6877.569,-6897.914,28.045,-132.621,-0.677274,0.735730,-0.000954,-0.735518,-0.677045,0.024968,0.017724,0.017612,0.999688,0,0.16000,-0.24000,9.600,-0.480,-1,400.000,-1,400.000,-1,325.000,325.000,300.000,300.000,-1,-1,-1,-1,750.000,750.000,-1,-1,2,0,2,0,2,0,0,0,0,2,2,2,2,0,0,2,2
2,6867.685,-6908.386,28.316,-133.341,-0.686466,0.727161,-0.000894,-0.726949,-0.686234,0.025063,0.017611,0.017855,0.999685,0,0.24000,-0.36000,14.400,-0.720,-1,400.000,-1,400.000,-1,325.000,325.000,300.000,300.000,-1,-1,-1,-1,750.000,750.000,-1,-1,2,0,2,0,2,0,0,0,0,2,2,2,2,0,0,2,2
3,6854.293,-6922.144,28.665,-134.229,-0.697644,0.716444,-0.000799,-0.716231,-0.697409,0.025182,0.017484,0.018140,0.999683,0,0.32000,-0.44364,19.200,-0.887,-1,400.000,-1,400.000,-1,325.000,325.000,300.000,300.000,-1,-1,-1,-1,750.000,750.000,-1,-1,2,0,2,0,2,0,0,0,0,2,2,2,2,0,0,2,2
4,6837.289,-6939.081,29.086,-135.113,-0.708624,0.705585,-0.000675,-0.705372,-0.708385,0.025322,0.017388,0.018420,0.999679,0,0.40000,-0.44240,24.000,-0.885,-1,400.000,-1,400.000,-1,325.000,325.000,300.000,300.000,-1,-1,-1,-1,750.000,750.000,-1,-1,2,0,2,0,2,0,0,0,0,2,2,2,2,0,0,2,2
5,6816.573,-6959.089,29.622,-135.995,-0.719396,0.694600,-0.000496,-0.694388,-0.719158,0.025239,0.017174,0.018501,0.999681,0,0.48000,-0.44085,28.800,-0.882,-1,400.000,-1,400.000,-1,325.000,325.000,300.000,300.000,-1,-1,-1,-1,750.000,750.000,-1,-1,2,0,2,0,2,0,0,0,0,2,2,2,2,0,0,2,2
6,6792.051,-6982.059,30.248,-136.873,-0.729950,0.683500,-0.000271,-0.683291,-0.729718,0.025007,0.016894,0.018439,0.999687,0,0.56000,-0.43899,33.600,-0.878,-1,400.000,-1,400.000,-1,325.000,325.000,300.000,300.000,-1,-1,-1,-1,750.000,750.000,-1,-1,2,0,2,0,2,0,0,0,0,2,2,2,2,0,0,2,2
7,6763.628,-7007.879,30.937,-137.747,-0.740282,0.672296,-0.000011,-0.672091,-0.740056,0.024711,0.016605,0.018300,0.999695,0,0.64000,-0.43682,38.400,-0.874,-1,400.000,-1,400.000,-1,325.000,325.000,300.000,300.000,-1,-1,-1,-1,750.000,750.000,-1,-1,2,0,2,0,2,0,0,0,0,2,2,2,2,0,0,2,2
8,6734.620,-7033.439,31.603,-138.615,-0.750385,0.661001,0.000251,-0.660799,-0.750166,0.024402,0.016318,0.018145,0.999702,0,0.64437,-0.43434,38.662,-0.869,-1,400.000,-1,400.000,-1,325.000,325.000,300.000,300.000,-1,-1,-1,-1,750.000,750.000,-1,-1,2,0,2,0,2,0,0,0,0,2,2,2,2,0,0,2,2
9,6705.166,-7058.613,32.240,-139.479,-0.760259,0.649620,0.000514,-0.649423,-0.760046,0.024082,0.016035,0.017975,0.999710,0,0.64576,-0.43183,38.746,-0.864,-1,400.000,-1,400.000,-1,325.000,325.000,300.000,300.000,-1,-1,-1,-1,750.000,750.000,-1,-1,2,0,2,0,2,0,0,0,0,2,2,2,2,0,0,2,2
10,6675.274,-7083.397,32.850,-140.338,-0.769903,0.638160,0.000777,-0.637966,-0.769698,0.023753,0.015756,0.017792,0.999718,0,0.64717,-0.42931,38.830,-0.859,-1,400.000,-1,400.000,-1,325.000,325.000,300.000,300.000,-1,-1,-1,-1,750.000,750.000,-1,-1,2,0,2,0,2,0,0,0,0,2,2,2,2,0,0,2,2
11,6644.949,-7107.787,33.431,-141.191,-0.779320,0.626625,0.001040,-0.626435,-0.779122,0.023413,0.015482,0.017595,0.999725,0,0.64860,-0.42678,38.916,-0.854,-1,400.000,-1,400.000,-1,325.000,325.000,300.000,300.000,-1,-1,-1,-1,750.000,750.000,-1,-1,2,0,2,0,2,0,0,0,0,2,2,2,2,0,0,2,2
12,6614.197,-7131.778,34.019,-142.040,-0.788508,0.615022,0.001449,-0.614833,-0.788320,0.023046,0.015316,0.017280,0.999733,0,0.65006,-0.42424,39.004,-0.848,-1,400.000,-1,400.000,-1,325.000,325.000,300.000,300.000,-1,-1,-1,-1,750.000,750.000,-1,-1,2,0,2,0,2,0,0,0,0,2,2,2,2,0,0,2,2
13,6583.025,-7155.368,34.634,-142.883,-0.797471,0.603354,0.001906,-0.603162,-0.797290,0.022897,0.015335,0.017111,0.999736,0,0.65153,-0.42169,39.092,-0.843,-1,400.000,-1,400.000,-1,325.000,325.000,300.000,300.000,-1,-1,-1,-1,750.000,775.000,-1,-1,2,0,2,0,2,0,0,0,0,2,2,2,2,0,0,2,2
14,6551.438,-7178.552,35.224,-143.721,-0.806208,0.591627,0.002369,-0.591432,-0.806034,0.022754,0.015372,0.016943,0.999738,0,0.65303,-0.41912,39.182,-0.838,-1,400.000,-1,400.000,-1,325.000,325.000,300.000,300.000,-1,-1,-1,-1,750.000,775.000,-1,-1,2,0,2,0,2,0,0,0,0,2,2,2,2,0,0,2,2
15,6515.499,-7203.905,35.851,-144.800,-0.817193,0.576356,0.002904,-0.576158,-0.817026,0.022595,0.015395,0.016791,0.999740,0,0.73303,-0.53912,43.982,-1.078,-1,400.000,-1,400.000,-1,325.000,325.000,300.000,300.000,-1,-1,-1,-1,750.000,775.000,-1,-1,2,0,2,0,2,0,0,0,0,2,2,2,2,0,0,2,2
16,6475.001,-7231.100,36.502,-146.118,-0.830231,0.557409,0.003520,-0.557207,-0.830071,0.022408,0.015412,0.016643,0.999743,0,0.81303,-0.65912,48.782,-1.318,-1,400.000,-1,400.000,-1,325.000,325.000,300.000,300.000,-1,-1,-1,-1,750.000,775.000,-1,-1,2,0,2,0,2,0,0,0,0,2,2,2,2,0,0,2,2
17,6431.059,-7258.905,37.276,-147.676,-0.845081,0.534627,0.003559,-0.534429,-0.844917,0.022409,0.014988,0.017036,0.999743,0,0.86667,-0.77912,52.000,-1.558,-1,400.000,-1,400.000,-1,325.000,325.000,300.000,300.000,-1,-1,-1,-1,750.000,775.000,-1,-1,2,0,2,0,2,0,0,0,0,2,2,2,2,0,0,2,2
18,6386.232,-7285.337,38.055,-149.474,-0.861440,0.507848,0.003564,-0.507658,-0.861273,0.022186,0.014337,0.017303,0.999747,0,0.86732,-0.89912,52.039,-1.798,-1,400.000,-1,400.000,-1,325.000,325.000,300.000,300.000,-1,-1,-1,-1,750.000,775.000,-1,-1,2,0,2,0,2,0,0,0,0,2,2,2,2,0,0,2,2
19,6340.468,-7310.211,38.834,-151.474,-0.878637,0.477477,0.003651,-0.477293,-0.878466,0.022095,0.013757,0.017671,0.999749,0,0.86811,-1.00000,52.087,-2.000,-1,400.000,-1,400.000,-1,325.000,325.000,300.000,300.000,-1,-1,-1,-1,750.000,775.000,-1,-1,2,0,2,0,2,0,0,0,0,2,2,2,2,0,0,2,2
20,6293.817,-7333.497,39.567,-153.474,-0.894763,0.446526,0.003807,-0.446346,-0.894590,0.022021,0.013239,0.018005,0.999750,0,0.86899,-1.00000,52.140,-2.000,-1,400.000,-1,400.000,-1,325.000,325.000,300.000,300.000,-1,-1,-1,-1,750.000,750.000,-1,-1,2,0,2,0,2,0,0,0,0,2,2,2,2,0,0,2,2
21,6246.335,-7355.161,40.243,-155.474,-0.909798,0.415031,0.004023,-0.414855,-0.909624,0.021901,0.012749,0.018257,0.999752,0,0.86985,-1.00000,52.191,-2.000,-1,400.000,-1,400.000,-1,325.000,325.000,300.000,300.000,-1,-1,-1,-1,750.000,750.000,-1,-1,2,0,2,0,2,0,0,0,0,2,2,2,2,0,0,2,2
22,6198.079,-7375.175,40.863,-157.474,-0.923725,0.383032,0.004295,-0.382858,-0.923551,0.021727,0.012289,0.018426,0.999755,0,0.87069,-1.00000,52.241,-2.000,-1,400.000,-1,400.000,-1,325.000,325.000,300.000,300.000,-1,-1,-1,-1,750.000,750.000,-1,-1,2,0,2,0,2,0,0,0,0,2,2,2,2,0,0,2,2
23,6149.109,-7393.509,41.427,-159.474,-0.936527,0.350566,0.004620,-0.350396,-0.936355,0.021494,0.011861,0.018511,0.999758,0,0.87149,-1.00000,52.290,-2.000,-1,400.000,-1,400.000,-1,325.000,325.000,300.000,300.000,-1,-1,-1,-1,750.000,750.000,-1,-1,2,0,2,0,2,0,0,0,0,2,2,2,2,0,0,2,2
24,6099.484,-7410.138,41.983,-161.474,-0.948188,0.317673,0.004786,-0.317508,-0.948016,0.021328,0.011312,0.018704,0.999761,0,0.87227,-1.00000,52.336,-2.000,-1,400.000,-1,400.000,-1,325.000,325.000,300.000,300.000,-1,-1,-1,-1,750.000,750.000,-1,-1,2,0,2,0,2,0,0,0,0,2,2,2,2,0,0,2,2
25,6049.267,-7425.038,42.510,-163.474,-0.958695,0.284393,0.004903,-0.284233,-0.958521,0.021175,0.010722,0.018907,0.999764,0,0.87303,-1.00000,52.382,-2.000,-1,400.000,-1,400.000,-1,325.000,325.000,300.000,300.000,-1,-1,-1,-1,750.000,750.000,-1,-1,2,0,2,0,2,0,0,0,0,2,2,2,2,0,0,2,2
26,5998.517,-7438.187,42.990,-165.474,-0.968034,0.250768,0.005054,-0.250613,-0.967860,0.020979,0.010152,0.019042,0.999767,0,0.87375,-1.00000,52.425,-2.000,-1,400.000,-1,400.000,-1,325.000,325.000,300.000,300.000,-1,-1,-1,-1,750.000,750.000,-1,-1,2,0,2,0,2,0,0,0,0,2,2,2,2,0,0,2,2
27,5947.299,-7449.565,43.455,-167.474,-0.976194,0.216837,0.005170,-0.216690,-0.976023,0.020597,0.009512,0.018986,0.999774,0,0.87445,-1.00000,52.467,-2.000,-1,400.000,-1,400.000,-1,325.000,325.000,300.000,300.000,-1,-1,-1,-1,750.000,750.000,-1,-1,2,0,2,0,2,0,0,0,0,2,2,2,2,0,0,2,2
28,5895.675,-7459.157,43.940,-169.474,-0.983164,0.182644,0.005423,-0.182504,-0.983003,0.019937,0.008972,0.018612,0.999787,0,0.87512,-1.00000,52.507,-2.000,-1,400.000,-1,400.000,-1,325.000,325.000,300.000,300.000,-1,-1,-1,-1,750.000,750.000,-1,-1,2,0,2,0,2,0,0,0,0,2,2,2,2,0,0,2,2
29,5843.710,-7466.947,44.423,-171.474,-0.988938,0.148227,0.005597,-0.148094,-0.988784,0.019367,0.008405,0.018324,0.999797,0,0.87576,-1.00000,52.545,-2.000,-1,400.000,-1,400.000,-1,325.000,325.000,300.000,300.000,-1,-1,-1,-1,750.000,725.000,-1,-1,2,0,2,0,2,0,0,0,0,2,2,2,2,0,0,2,2
30,5791.469,-7472.923,44.935,-173.474,-0.993506,0.113629,0.005803,-0.113500,-0.993356,0.019031,0.007927,0.018249,0.999802,0,0.87637,-1.00000,52.582,-2.000,-1,400.000,-1,400.000,-1,325.000,325.000,300.000,300.000,-1,-1,-1,-1,750.000,725.000,-1,-1,2,0,2,0,2,0,0,0,0,2,2,2,2,0,0,2,2
31,5739.016,-7477.074,45.404,-175.474,-0.996865,0.078892,0.006032,-0.078768,-0.996719,0.018626,0.007482,0.018092,0.999808,0,0.87695,-1.00000,52.617,-2.000,-1,400.000,-1,400.000,-1,325.000,325.000,300.000,300.000,-1,-1,-1,-1,750.000,725.000,-1,-1,2,0,2,0,2,0,0,0,0,2,2,2,2,0,0,2,2
32,5686.417,-7479.394,45.833,-177.474,-0.999009,0.044059,0.006279,-0.043939,-0.998869,0.018147,0.007072,0.017853,0.999816,0,0.87750,-1.00000,52.650,-2.000,-1,400.000,-1,400.000,-1,325.000,325.000,300.000,300.000,-1,-1,-1,-1,750.000,725.000,-1,-1,2,0,2,0,2,0,0,0,0,2,2,2,2,0,0,2,2
33,5633.738,-7479.878,46.222,-179.474,-0.999937,0.009172,0.006538,-0.009056,-0.999804,0.017590,0.006698,0.017530,0.999824,0,0.87802,-1.00000,52.681,-2.000,-1,400.000,-1,400.000,-1,325.000,325.000,300.000,300.000,-1,-1,-1,-1,750.000,725.000,-1,-1,2,0,2,0,2,0,0,0,0,2,2,2,2,0,0,2,2
34,5581.045,-7478.521,46.574,-181.474,-0.999646,-0.025726,0.006801,0.025838,-0.999522,0.016952,0.006362,0.017122,0.999833,0,0.87851,-1.00000,52.711,-2.000,-1,400.000,-1,375.000,-1,325.000,325.000,300.000,300.000,-1,-1,-1,-1,750.000,725.000,-1,-1,2,0,2,0,2,0,0,0,0,2,2,2,2,0,0,2,2
35,5528.403,-7475.325,46.890,-183.474,-0.998138,-0.060594,0.007061,0.060702,-0.998024,0.016230,0.006064,0.016628,0.999843,0,0.87897,-1.00000,52.738,-2.000,-1,400.000,-1,375.000,-1,325.000,325.000,300.000,300.000,-1,-1,-1,-1,750.000,700.000,-1,-1,2,0,2,0,2,0,0,0,0,2,2,2,2,0,0,2,2
36,5475.879,-7470.291,47.172,-185.474,-0.995413,-0.095388,0.007310,0.095492,-0.995311,0.015420,0.005805,0.016048,0.999854,0,0.87941,-1.00000,52.764,-2.000,-1,400.000,-1,375.000,-1,325.000,325.000,300.000,300.000,-1,-1,-1,-1,750.000,700.000,-1,-1,2,0,2,0,2,0,0,0,0,2,2,2,2,0,0,2,2
37,5423.539,-7463.424,47.422,-187.474,-0.991476,-0.130067,0.007539,0.130166,-0.991386,0.014522,0.005585,0.015379,0.999866,0,0.87981,-1.00000,52.789,-2.000,-1,400.000,-1,375.000,-1,325.000,325.000,300.000,300.000,-1,-1,-1,-1,750.000,700.000,-1,-1,2,0,2,0,2,0,0,0,0,2,2,2,2,0,0,2,2
38,5371.448,-7454.731,47.642,-189.474,-0.986332,-0.164589,0.007739,0.164682,-0.986254,0.013532,0.005406,0.014622,0.999878,0,0.88019,-1.00000,52.811,-2.000,-1,400.000,-1,375.000,-1,325.000,325.000,300.000,300.000,-1,-1,-1,-1,750.000,700.000,-1,-1,2,0,2,0,2,0,0,0,0,2,2,2,2,0,0,2,2
39,5319.672,-7444.221,47.832,-191.474,-0.979986,-0.198911,0.007900,0.198998,-0.979921,0.012453,0.005265,0.013775,0.999891,0,0.88054,-1.00000,52.832,-2.000,-1,400.000,-1,375.000,-1,325.000,325.000,300.000,300.000,-1,-1,-1,-1,750.000,700.000,-1,-1,2,0,2,0,2,0,0,0,0,2,2,2,2,0,0,2,2
40,5268.275,-7431.906,48.123,-193.474,-0.972445,-0.232990,0.008197,0.233075,-0.972387,0.011770,0.005229,0.013356,0.999897,0,0.88086,-1.00000,52.852,-2.000,-1,400.000,-1,375.000,-1,325.000,300.000,300.000,300.000,-1,-1,-1,-1,725.000,700.000,-1,-1,2,0,2,0,2,0,0,0,0,2,2,2,2,0,0,2,2
41,5217.321,-7417.800,48.462,-195.474,-0.963716,-0.266784,0.008758,0.266872,-0.963667,0.011220,0.005446,0.013150,0.999899,0,0.88116,-1.00000,52.870,-2.000,-1,375.000,-1,375.000,-1,325.000,300.000,300.000,300.000,-1,1000.000,-1,-1,725.000,700.000,-1,-1,2,0,2,0,2,0,0,0,0,2,0,2,2,0,0,2,2
42,5166.876,-7401.919,48.813,-197.474,-0.953815,-0.300255,0.009194,0.300343,-0.953774,0.010481,0.005622,0.012759,0.999903,0,0.88143,-1.00000,52.886,-2.000,-1,375.000,-1,375.000,-1,325.000,300.000,300.000,300.000,-1,975.000,-1,-1,725.000,675.000,-1,-1,2,0,2,0,2,0,0,0,0,2,0,2,2,0,0,2,2
43,5116.130,-7384.213,49.295,-199.234,-0.944135,-0.329409,0.009933,0.329499,-0.944108,0.009482,0.006255,0.012225,0.999906,0,0.89576,-0.88000,53.746,-1.760,-1,375.000,-1,375.000,-1,300.000,300.000,300.000,300.000,-1,925.000,-1,-1,725.000,675.000,-1,-1,2,0,2,0,2,0,0,0,0,2,0,2,2,0,0,2,2
44,5065.861,-7365.163,49.889,-200.754,-0.935052,-0.354337,0.011119,0.354435,-0.935042,0.008537,0.007372,0.011924,0.999902,0,0.89597,-0.76000,53.758,-1.520,-1,375.000,-1,375.000,-1,325.000,300.000,300.000,300.000,-1,850.000,975.000,-1,725.000,675.000,-1,-1,2,0,2,0,2,0,0,0,0,2,0,0,2,0,0,2,2
45,5016.019,-7344.991,50.475,-202.034,-0.926888,-0.375138,0.012267,0.375241,-0.926897,0.007478,0.008565,0.011535,0.999897,0,0.89614,-0.64000,53.769,-1.280,-1,375.000,-1,375.000,-1,325.000,300.000,300.000,300.000,-1,800.000,925.000,-1,725.000,675.000,-1,-1,2,0,2,0,2,0,0,0,0,2,0,0,2,0,0,2,2
46,4966.544,-7323.914,51.059,-203.074,-0.919910,-0.391902,0.013375,0.392007,-0.919941,0.006324,0.009826,0.011061,0.999891,0,0.89630,-0.52000,53.778,-1.040,-1,375.000,-1,375.000,-1,325.000,300.000,300.000,300.000,-1,750.000,850.000,-1,725.000,700.000,-1,-1,2,0,2,0,2,0,0,0,0,2,0,0,2,0,0,2,2
47,4917.358,-7302.144,51.645,-203.874,-0.914331,-0.404710,0.014444,0.404815,-0.914385,0.005093,0.011146,0.010504,0.999883,0,0.89646,-0.40000,53.788,-0.800,-1,375.000,-1,375.000,-1,325.000,325.000,300.000,300.000,-1,700.000,825.000,-1,725.000,700.000,-1,-1,2,0,2,0,2,0,0,0,0,2,0,0,2,0,0,2,2
48,4868.390,-7279.866,52.239,-204.464,-0.910099,-0.414102,0.015480,0.414202,-0.910177,0.003803,0.012514,0.009872,0.999873,0,0.89663,-0.29482,53.798,-0.590,-1,375.000,-1,375.000,-1,325.000,325.000,300.000,300.000,-1,675.000,800.000,-1,725.000,700.000,-1,-1,2,0,2,0,2,0,0,0,0,2,0,0,2,0,0,2,2
49,4819.643,-7257.081,52.843,-205.051,-0.905786,-0.423414,0.016490,0.423507,-0.905890,0.002475,0.013890,0.009226,0.999861,0,0.89682,-0.29371,53.809,-0.587,-1,375.000,-1,375.000,-1,325.000,325.000,300.000,300.000,-1,650.000,750.000,-1,725.000,700.000,-1,-1,2,0,2,0,2,0,0,0,0,2,0,0,2,0,0,2,2
50,4771.118,-7233.794,53.533,-205.636,-0.901393,-0.432645,0.017557,0.432724,-0.901526,0.000760,0.015499,0.008282,0.999846,0,0.89705,-0.29253,53.823,-0.585,-1,375.000,-1,375.000,-1,325.000,325.000,300.000,300.000,-1,625.000,725.000,-1,725.000,700.000,-1,-1,2,0,2,0,2,0,0,0,0,2,0,0,2,0,0,2,2
51,4722.829,-7210.011,54.358,-206.221,-0.896912,-0.441819,0.018561,0.441880,-0.897074,-0.000865,0.017033,0.007426,0.999827,0,0.89713,-0.29214,53.828,-0.584,-1,375.000,-1,375.000,-1,325.000,325.000,300.000,300.000,-1,625.000,725.000,-1,725.000,700.000,-1,-1,2,0,2,0,2,0,0,0,0,2,0,0,2,0,0,2,2
52,4674.785,-7185.736,55.255,-206.805,-0.892339,-0.450946,0.019469,0.450992,-0.892525,-0.002208,0.018372,0.006810,0.999808,0,0.89713,-0.29214,53.828,-0.584,-1,400.000,-1,375.000,-1,325.000,325.000,300.000,300.000,-1,600.000,700.000,-1,750.000,700.000,-1,-1,2,0,2,0,2,0,0,0,0,2,0,0,2,0,0,2,2
53,4626.991,-7160.974,56.218,-207.389,-0.887667,-0.460025,0.020597,0.460057,-0.887883,-0.003445,0.019873,0.006418,0.999782,0,0.89713,-0.29214,53.828,-0.584,-1,400.000,-1,375.000,-1,325.000,325.000,300.000,300.000,-1,600.000,700.000,-1,750.000,725.000,-1,-1,2,0,2,0,2,0,0,0,0,2,0,0,2,0,0,2,2
54,4579.452,-7135.725,57.297,-207.974,-0.882905,-0.469055,0.021586,0.469081,-0.883145,-0.004177,0.021023,0.006438,0.999758,0,0.89713,-0.29214,53.828,-0.584,-1,400.000,-1,375.000,-1,325.000,325.000,300.000,300.000,-1,600.000,700.000,-1,750.000,725.000,-1,-1,2,0,2,0,2,0,0,0,0,2,0,0,2,0,0,2,2
55,4532.173,-7109.993,58.412,-208.558,-0.878051,-0.478036,0.022520,0.478057,-0.878316,-0.004796,0.022072,0.006555,0.999735,0,0.89713,-0.29214,53.828,-0.584,-1,400.000,-1,375.000,-1,325.000,325.000,300.000,300.000,-1,600.000,700.000,-1,750.000,725.000,-1,-1,2,0,2,0,2,0,0,0,0,2,0,0,2,0,0,2,2
56,4485.159,-7083.779,59.615,-209.142,-0.873114,-0.486968,0.023096,0.486978,-0.873396,-0.005565,0.022882,0.006389,0.999718,0,0.89713,-0.29214,53.828,-0.584,-1,400.000,-1,375.000,-1,325.000,325.000,300.000,300.000,-1,625.000,725.000,-1,750.000,725.000,-1,-1,2,0,2,0,2,0,0,0,0,2,0,0,2,0,0,2,2
57,4438.414,-7057.088,60.850,-209.726,-0.868089,-0.495850,0.023553,0.495847,-0.868386,-0.006377,0.023615,0.006143,0.999702,0,0.89713,-0.29214,53.828,-0.584,-1,400.000,-1,375.000,-1,325.000,325.000,300.000,300.000,-1,650.000,725.000,-1,750.000,725.000,-1,-1,2,0,2,0,2,0,0,0,0,2,0,0,2,0,0,2,2
58,4391.945,-7029.922,62.104,-210.311,-0.862973,-0.504681,0.023997,0.504663,-0.863286,-0.007243,0.024372,0.005860,0.999686,0,0.89713,-0.29214,53.828,-0.584,-1,400.000,-1,375.000,-1,325.000,325.000,300.000,300.000,-1,675.000,725.000,-1,750.000,725.000,-1,-1,2,0,2,0,2,0,0,0,0,2,0,0,2,0,0,2,2
59,4345.754,-7002.283,63.369,-210.895,-0.857767,-0.513459,0.024422,0.513425,-0.858096,-0.008112,0.025122,0.005581,0.999669,0,0.89713,-0.29214,53.828,-0.584,-1,400.000,-1,375.000,-1,325.000,325.000,300.000,300.000,-1,700.000,750.000,-1,750.000,725.000,-1,-1,2,0,2,0,2,0,0,0,0,2,0,0,2,0,0,2,2
60,4299.848,-6974.174,64.636,-211.479,-0.852472,-0.522183,0.024823,0.522133,-0.852817,-0.008952,0.025844,0.005330,0.999652,0,0.89713,-0.29214,53.828,-0.584,-1,400.000,-1,375.000,-1,325.000,325.000,300.000,300.000,-1,700.000,750.000,-1,750.000,750.000,-1,-1,2,0,2,0,2,0,0,0,0,2,0,0,2,0,0,2,2
61,4254.231,-6945.599,65.907,-212.064,-0.847089,-0.530853,0.025200,0.530788,-0.847449,-0.009761,0.026537,0.005108,0.999635,0,0.89713,-0.29214,53.828,-0.584,-1,400.000,-1,375.000,-1,325.000,325.000,300.000,300.000,-1,725.000,750.000,-1,750.000,750.000,-1,-1,2,0,2,0,2,0,0,0,0,2,0,0,2,0,0,2,2
62,4208.908,-6916.560,67.203,-212.648,-0.841621,-0.539468,0.025453,0.539386,-0.841992,-0.010572,0.027134,0.004832,0.999620,0,0.89713,-0.29214,53.828,-0.584,-1,400.000,-1,400.000,-1,325.000,325.000,300.000,300.000,-1,750.000,775.000,-1,775.000,750.000,-1,-1,2,0,2,0,2,0,0,0,0,2,0,0,2,0,0,2,2
63,4163.883,-6887.061,68.608,-213.232,-0.836080,-0.548028,0.025210,0.547923,-0.836450,-0.011503,0.027391,0.004195,0.999616,0,0.89713,-0.29214,53.828,-0.584,-1,400.000,-1,400.000,-1,325.000,325.000,300.000,300.000,-1,775.000,825.000,-1,750.000,750.000,-1,-1,2,0,2,0,2,0,0,0,0,2,0,0,2,0,0,2,2
64,4119.161,-6857.103,70.047,-213.816,-0.830453,-0.556530,0.024933,0.556408,-0.830819,-0.012220,0.027516,0.003725,0.999614,0,0.89713,-0.29214,53.828,-0.584,-1,400.000,-1,400.000,-1,325.000,325.000,300.000,300.000,-1,825.000,850.000,-1,750.000,750.000,-1,-1,2,0,2,0,2,0,0,0,0,2,0,0,2,0,0,2,2
65,4074.747,-6826.692,71.559,-214.401,-0.824734,-0.564973,0.024890,0.564842,-0.825101,-0.012704,0.027714,0.003581,0.999609,0,0.89713,-0.29214,53.828,-0.584,-1,400.000,-1,400.000,-1,325.000,325.000,300.000,300.000,-1,875.000,900.000,-1,775.000,750.000,-1,-1,2,0,2,0,2,0,0,0,0,2,0,0,2,0,0,2,2
66,4030.646,-6795.829,73.095,-214.985,-0.818925,-0.573358,0.024966,0.573219,-0.819297,-0.013117,0.027975,0.003569,0.999602,0,0.89713,-0.29214,53.828,-0.584,-1,400.000,-1,400.000,-1,325.000,325.000,300.000,300.000,-1,900.000,925.000,-1,775.000,750.000,-1,-1,2,0,2,0,2,0,0,0,0,2,0,0,2,0,0,2,2
67,3986.861,-6764.518,74.629,-215.569,-0.813030,-0.581683,0.025030,0.581537,-0.813408,-0.013501,0.028213,0.003579,0.999596,0,0.89713,-0.29214,53.828,-0.584,-1,400.000,-1,400.000,-1,325.000,325.000,300.000,300.000,-1,950.000,975.000,-1,775.000,750.000,-1,-1,2,0,2,0,2,0,0,0,0,2,0,0,2,0,0,2,2
68,3943.399,-6732.762,76.154,-216.154,-0.807053,-0.589947,0.025046,0.589795,-0.807434,-0.013865,0.028402,0.003582,0.999590,0,0.89713,-0.29214,53.828,-0.584,-1,400.000,-1,400.000,-1,325.000,325.000,300.000,300.000,-1,975.000,1000.000,-1,775.000,750.000,-1,-1,2,0,2,0,2,0,0,0,0,2,0,0,2,0,0,2,2
69,3900.262,-6700.564,77.668,-216.738,-0.800993,-0.598150,0.025011,0.597992,-0.801376,-0.014208,0.028542,0.003576,0.999586,0,0.89713,-0.29214,53.828,-0.584,-1,400.000,-1,400.000,-1,325.000,325.000,300.000,300.000,-1,-1,-1,-1,775.000,775.000,-1,-1,2,0,2,0,2,0,0,0,0,2,2,2,2,0,0,2,2
70,3856.225,-6667.281,79.213,-217.082,-0.797386,-0.602955,0.024904,0.602790,-0.797768,-0.014536,0.028632,0.003421,0.999584,0,0.92000,-0.17214,55.200,-0.344,-1,400.000,-1,400.000,-1,325.000,325.000,300.000,300.000,-1,-1,-1,-1,775.000,775.000,-1,-1,2,0,2,0,2,0,0,0,0,2,2,2,2,0,0,2,2
71,3812.249,-6633.918,80.762,-217.186,-0.796293,-0.604407,0.024680,0.604232,-0.796670,-0.014848,0.028636,0.003089,0.999585,0,0.92000,-0.05214,55.200,-0.104,-1,400.000,-1,400.000,-1,325.000,325.000,300.000,300.000,-1,-1,-1,-1,775.000,775.000,-1,-1,2,0,2,0,2,0,0,0,0,2,2,2,2,0,0,2,2
72,3768.194,-6600.659,82.320,-217.051,-0.797730,-0.602519,0.024444,0.602332,-0.798100,-0.015226,0.028683,0.002577,0.999585,0,0.92000,0.06786,55.200,0.136,-1,400.000,-1,400.000,-1,325.000,325.000,300.000,300.000,-1,-1,-1,-1,775.000,775.000,-1,-1,2,0,2,0,2,0,0,0,0,2,2,2,2,0,0,2,2
73,3723.921,-6567.689,83.870,-216.675,-0.801672,-0.597273,0.024207,0.597073,-0.802035,-0.015599,0.028732,0.001948,0.999585,0,0.92000,0.18786,55.200,0.376,-1,400.000,-1,400.000,-1,325.000,325.000,300.000,300.000,-1,-1,-1,-1,775.000,775.000,-1,-1,2,0,2,0,2,0,0,0,0,2,2,2,2,0,0,2,2
74,3679.297,-6535.197,85.401,-216.059,-0.808054,-0.588621,0.023976,0.588407,-0.808408,-0.015898,0.028740,0.001262,0.999586,0,0.92000,0.30786,55.200,0.616,-1,400.000,-1,400.000,-1,325.000,325.000,300.000,300.000,-1,-1,-1,-1,775.000,775.000,-1,-1,2,0,2,0,2,0,0,0,0,2,2,2,2,0,0,2,2
75,3634.193,-6503.376,86.912,-215.204,-0.816764,-0.576482,0.023759,0.576257,-0.817110,-0.016122,0.028708,0.000523,0.999588,0,0.92000,0.42786,55.200,0.856,-1,400.000,-1,400.000,-1,325.000,325.000,300.000,300.000,-1,-1,-1,-1,775.000,775.000,-1,-1,2,0,2,0,2,0,0,0,0,2,2,2,2,0,0,2,2
76,3588.488,-6472.422,88.434,-214.108,-0.827649,-0.560751,0.023550,0.560520,-0.827984,-0.016115,0.028536,-0.000138,0.999593,0,0.92000,0.54786,55.200,1.096,-1,400.000,-1,400.000,-1,325.000,325.000,300.000,300.000,-1,-1,-1,-1,775.000,800.000,-1,-1,2,0,2,0,2,0,0,0,0,2,2,2,2,0,0,2,2
77,3542.194,-6442.358,89.985,-213.000,-0.838347,-0.544638,0.023329,0.544410,-0.838671,-0.015791,0.028166,-0.000538,0.999603,0,0.92000,0.55392,55.200,1.108,-1,400.000,-1,400.000,-1,325.000,325.000,300.000,300.000,-1,-1,-1,-1,775.000,800.000,-1,-1,2,0,2,0,2,0,0,0,0,2,2,2,2,0,0,2,2
78,3494.575,-6412.450,91.537,-212.132,-0.846509,-0.531873,0.023103,0.531650,-0.846824,-0.015441,0.027777,-0.000789,0.999614,0,0.93720,0.43392,56.232,0.868,-1,400.000,-1,400.000,-1,325.000,325.000,300.000,300.000,-1,-1,-1,-1,775.000,800.000,-1,-1,2,0,2,0,2,0,0,0,0,2,2,2,2,0,0,2,2
79,3446.632,-6383.065,93.066,-211.504,-0.852294,-0.522562,0.022869,0.522346,-0.852601,-0.015050,0.027363,-0.000882,0.999625,0,0.93720,0.31392,56.232,0.628,-1,400.000,-1,400.000,-1,325.000,325.000,300.000,300.000,-1,-1,-1,-1,775.000,800.000,-1,-1,2,0,2,0,2,0,0,0,0,2,2,2,2,0,0,2,2
80,3398.491,-6354.006,94.569,-211.116,-0.855820,-0.516779,0.022627,0.516572,-0.856118,-0.014636,0.026935,-0.000837,0.999637,0,0.93720,0.19392,56.232,0.388,-1,400.000,-1,400.000,-1,325.000,325.000,300.000,300.000,-1,-1,-1,-1,775.000,775.000,-1,-1,2,0,2,0,2,0,0,0,0,2,2,2,2,0,0,2,2
81,3350.275,-6325.071,96.052,-210.969,-0.857156,-0.514568,0.022409,0.514373,-0.857449,-0.014200,0.026522,-0.000645,0.999648,0,0.93720,0.07392,56.232,0.148,-1,400.000,-1,400.000,-1,325.000,325.000,300.000,300.000,-1,-1,-1,-1,775.000,775.000,-1,-1,2,0,2,0,2,0,0,0,0,2,2,2,2,0,0,2,2
82,3302.106,-6296.058,97.519,-211.061,-0.856332,-0.515947,0.022235,0.515764,-0.856620,-0.013739,0.026135,-0.000297,0.999658,0,0.93720,-0.04608,56.232,-0.092,-1,400.000,-1,400.000,-1,325.000,325.000,300.000,300.000,-1,-1,-1,-1,775.000,775.000,-1,-1,2,0,2,0,2,0,0,0,0,2,2,2,2,0,0,2,2
83,3254.106,-6266.767,98.967,-211.393,-0.853331,-0.520905,0.022023,0.520735,-0.853615,-0.013283,0.025718,0.000134,0.999669,0,0.93720,-0.16608,56.232,-0.332,-1,400.000,-1,400.000,-1,325.000,325.000,300.000,300.000,-1,-1,-1,-1,775.000,775.000,-1,-1,2,0,2,0,2,0,0,0,0,2,2,2,2,0,0,2,2
84,3206.400,-6236.998,100.408,-211.965,-0.848092,-0.529403,0.021725,0.529247,-0.848370,-0.012852,0.025235,0.000598,0.999681,0,0.93720,-0.28608,56.232,-0.572,-1,400.000,-1,400.000,-1,325.000,325.000,300.000,300.000,-1,-1,-1,-1,775.000,775.000,-1,-1,2,0,2,0,2,0,0,0,0,2,2,2,2,0,0,2,2
85,3159.122,-6206.555,101.817,-212.777,-0.840508,-0.541375,0.021441,0.541234,-0.840781,-0.012411,0.024746,0.001173,0.999693,0,0.93720,-0.40608,56.232,-0.812,-1,400.000,-1,400.000,-1,325.000,325.000,300.000,300.000,-1,-1,-1,-1,775.000,775.000,-1,-1,2,0,2,0,2,0,0,0,0,2,2,2,2,0,0,2,2
86,3112.301,-6175.414,103.196,-213.629,-0.832374,-0.553809,0.021173,0.553683,-0.832642,-0.011957,0.024251,0.001770,0.999704,0,0.93720,-0.42575,56.232,-0.851,-1,400.000,-1,400.000,-1,325.000,325.000,300.000,300.000,-1,-1,-1,-1,775.000,775.000,-1,-1,2,0,2,0,2,0,0,0,0,2,2,2,2,0,0,2,2
87,3065.948,-6143.579,104.559,-214.480,-0.824056,-0.566121,0.020929,0.566008,-0.824319,-0.011544,0.023788,0.002333,0.999714,0,0.93720,-0.42575,56.232,-0.851,-1,400.000,-1,400.000,-1,325.000,325.000,300.000,300.000,-1,-1,-1,-1,775.000,775.000,-1,-1,2,0,2,0,2,0,0,0,0,2,2,2,2,0,0,2,2
88,3018.560,-6109.688,105.954,-215.572,-0.813126,-0.581720,0.020679,0.581619,-0.813384,-0.011213,0.023343,0.002910,0.999723,0,0.97100,-0.54575,58.260,-1.091,-1,400.000,-1,400.000,-1,325.000,325.000,300.000,300.000,-1,-1,-1,-1,775.000,775.000,-1,-1,2,0,2,0,2,0,0,0,0,2,2,2,2,0,0,2,2
89,2971.940,-6074.747,107.310,-216.852,-0.799933,-0.599742,0.020420,0.599654,-0.800185,-0.010886,0.022868,0.003536,0.999732,0,0.97100,-0.63996,58.260,-1.280,-1,400.000,-1,400.000,-1,325.000,325.000,300.000,300.000,-1,-1,-1,-1,775.000,775.000,-1,-1,2,0,2,0,2,0,0,0,0,2,2,2,2,0,0,2,2
90,2926.114,-6038.773,108.628,-218.132,-0.786340,-0.617465,0.020146,0.617388,-0.786587,-0.010566,0.022371,0.004130,0.999741,0,0.97100,-0.63996,58.260,-1.280,-1,400.000,-1,400.000,-1,325.000,325.000,300.000,300.000,-1,-1,-1,-1,775.000,775.000,-1,-1,2,0,2,0,2,0,0,0,0,2,2,2,2,0,0,2,2
91,2881.102,-6001.785,109.905,-219.412,-0.772356,-0.634879,0.019860,0.634814,-0.772597,-0.010253,0.021853,0.004689,0.999750,0,0.97100,-0.63996,58.260,-1.280,-1,400.000,-1,400.000,-1,325.000,325.000,300.000,300.000,-1,-1,-1,-1,775.000,775.000,-1,-1,2,0,2,0,2,0,0,0,0,2,2,2,2,0,0,2,2
92,2836.927,-5963.800,111.179,-220.691,-0.757986,-0.651977,0.019562,0.651922,-0.758221,-0.009952,0.021320,0.005210,0.999759,0,0.97100,-0.63996,58.260,-1.280,-1,400.000,-1,400.000,-1,325.000,325.000,300.000,300.000,-1,-1,-1,-1,775.000,775.000,-1,-1,2,0,2,0,2,0,0,0,0,2,2,2,2,0,0,2,2
93,2793.612,-5924.838,112.481,-221.971,-0.743239,-0.668750,0.019234,0.668698,-0.743467,-0.009963,0.020962,0.005457,0.999765,0,0.97100,-0.63996,58.260,-1.280,-1,400.000,-1,400.000,-1,325.000,325.000,300.000,300.000,-1,-1,-1,-1,775.000,750.000,-1,-1,2,0,2,0,2,0,0,0,0,2,2,2,2,0,0,2,2
94,2751.178,-5884.919,113.743,-223.251,-0.728121,-0.685189,0.018881,0.685140,-0.728343,-0.009980,0.020590,0.005669,0.999772,0,0.97100,-0.63996,58.260,-1.280,-1,400.000,-1,400.000,-1,325.000,325.000,300.000,300.000,-1,-1,-1,-1,750.000,750.000,-1,-1,2,0,2,0,2,0,0,0,0,2,2,2,2,0,0,2,2
95,2709.646,-5844.061,114.973,-224.531,-0.712638,-0.701286,0.018547,0.701240,-0.712856,-0.009999,0.020234,0.005880,0.999778,0,0.97100,-0.63996,58.260,-1.280,-1,400.000,-1,400.000,-1,325.000,325.000,300.000,300.000,-1,-1,-1,-1,750.000,750.000,-1,-1,2,0,2,0,2,0,0,0,0,2,2,2,2,0,0,2,2
96,2669.038,-5802.286,116.204,-225.811,-0.696796,-0.717033,0.018402,0.716990,-0.697011,-0.009996,0.019994,0.006229,0.999781,0,0.97100,-0.63996,58.260,-1.280,-1,400.000,-1,400.000,-1,325.000,325.000,300.000,300.000,-1,-1,-1,-1,750.000,750.000,-1,-1,2,0,2,0,2,0,0,0,0,2,2,2,2,0,0,2,2
97,2629.372,-5759.614,117.399,-227.091,-0.680607,-0.732422,0.018254,0.732383,-0.680820,-0.009992,0.019746,0.006569,0.999783,0,0.97100,-0.63996,58.260,-1.280,-1,400.000,-1,400.000,-1,325.000,325.000,300.000,300.000,-1,-1,-1,-1,750.000,750.000,-1,-1,2,0,2,0,2,0,0,0,0,2,2,2,2,0,0,2,2
98,2590.670,-5716.067,118.552,-228.371,-0.664077,-0.747445,0.018100,0.747409,-0.664288,-0.010018,0.019511,0.006875,0.999786,0,0.97100,-0.63996,58.260,-1.280,-1,400.000,-1,400.000,-1,325.000,325.000,300.000,300.000,-1,-1,-1,-1,750.000,750.000,-1,-1,2,0,2,0,2,0,0,0,0,2,2,2,2,0,0,2,2
99,2552.950,-5671.666,119.667,-229.651,-0.647217,-0.762095,0.017919,0.762062,-0.647426,-0.010075,0.019279,0.007135,0.999789,0,0.97100,-0.63996,58.260,-1.280,-1,400.000,-1,400.000,-1,325.000,325.000,300.000,300.000,-1,-1,-1,-1,750.000,725.000,-1,-1,2,0,2,0,2,0,0,0,0,2,2,2,2,0,0,2,2
100,2516.231,-5626.434,120.825,-230.931,-0.630030,-0.776365,0.017903,0.776334,-0.630239,-0.010161,0.019171,0.007497,0.999788,0,0.97100,-0.63996,58.260,-1.280,-1,400.000,-1,400.000,-1,325.000,325.000,300.000,300.000,-1,-1,-1,-1,750.000,725.000,-1,-1,2,0,2,0,2,0,0,0,0,2,2,2,2,0,0,2,2
101,2480.532,-5580.393,121.985,-232.211,-0.612523,-0.790246,0.018099,0.790219,-0.612738,-0.010289,0.019220,0.008000,0.999783,0,0.97100,-0.63996,58.260,-1.280,-1,400.000,-1,400.000,-1,325.000,325.000,300.000,300.000,-1,-1,-1,-1,750.000,725.000,-1,-1,2,0,2,0,2,0,0,0,0,2,2,2,2,0,0,2,2
102,2445.870,-5533.566,123.103,-233.491,-0.594711,-0.803732,0.018273,0.803708,-0.594931,-0.010465,0.019283,0.008463,0.999778,0,0.97100,-0.63996,58.260,-1.280,-1,400.000,-1,400.000,-1,325.000,325.000,300.000,300.000,-1,-1,-1,-1,775.000,725.000,-1,-1,2,0,2,0,2,0,0,0,0,2,2,2,2,0,0,2,2
103,2412.262,-5485.976,124.179,-234.771,-0.576602,-0.816818,0.018425,0.816796,-0.576828,-0.010691,0.019360,0.008885,0.999773,0,0.97100,-0.63996,58.260,-1.280,-1,400.000,-1,400.000,-1,325.000,325.000,300.000,300.000,-1,-1,-1,-1,750.000,725.000,-1,-1,2,0,2,0,2,0,0,0,0,2,2,2,2,0,0,2,2
104,2379.726,-5437.648,125.234,-236.051,-0.558207,-0.829496,0.018458,0.829475,-0.558437,-0.010957,0.019396,0.009194,0.999770,0,0.97100,-0.63996,58.260,-1.280,-1,400.000,-1,375.000,-1,325.000,325.000,300.000,300.000,-1,-1,-1,-1,750.000,700.000,-1,-1,2,0,2,0,2,0,0,0,0,2,2,2,2,0,0,2,2
105,2348.278,-5388.605,126.317,-237.331,-0.539543,-0.841763,0.018148,0.841738,-0.539769,-0.011221,0.019241,0.009222,0.999772,0,0.97100,-0.63996,58.260,-1.280,-1,400.000,-1,375.000,-1,325.000,325.000,300.000,300.000,-1,-1,-1,-1,750.000,700.000,-1,-1,2,0,2,0,2,0,0,0,0,2,2,2,2,0,0,2,2
106,2317.933,-5338.871,127.408,-238.610,-0.520608,-0.853608,0.017887,0.853585,-0.520831,-0.011286,0.018950,0.009392,0.999776,0,0.97100,-0.63996,58.260,-1.280,-1,400.000,-1,375.000,-1,325.000,325.000,300.000,300.000,-1,-1,-1,-1,750.000,700.000,-1,-1,2,0,2,0,2,0,0,0,0,2,2,2,2,0,0,2,2
107,2288.707,-5288.472,128.654,-239.890,-0.501416,-0.865034,0.017274,0.864992,-0.501636,-0.012215,0.019231,0.008817,0.999776,0,0.97100,-0.63996,58.260,-1.280,-1,400.000,-1,375.000,-1,325.000,325.000,300.000,300.000,-1,-1,-1,-1,750.000,700.000,-1,-1,2,0,2,0,2,0,0,0,0,2,2,2,2,0,0,2,2
108,2260.614,-5237.433,129.946,-241.170,-0.481977,-0.876030,0.016454,0.875961,-0.482193,-0.013501,0.019761,0.007906,0.999773,0,0.97100,-0.63996,58.260,-1.280,-1,400.000,-1,375.000,-1,325.000,325.000,300.000,300.000,-1,-1,-1,-1,750.000,700.000,-1,-1,2,0,2,0,2,0,0,0,0,2,2,2,2,0,0,2,2
109,2233.667,-5185.779,131.205,-242.450,-0.462298,-0.886588,0.015554,0.886492,-0.462508,-0.014792,0.020308,0.006950,0.999770,0,0.97100,-0.63996,58.260,-1.280,-1,400.000,-1,375.000,-1,325.000,325.000,300.000,300.000,-1,-1,-1,-1,750.000,700.000,-1,-1,2,0,2,0,2,0,0,0,0,2,2,2,2,0,0,2,2
110,2207.882,-5133.536,132.522,-243.730,-0.442390,-0.896703,0.014678,0.896583,-0.442591,-0.015862,0.020720,0.006143,0.999766,0,0.97100,-0.63996,58.260,-1.280,-1,375.000,-1,375.000,-1,325.000,300.000,300.000,300.000,-1,-1,-1,-1,750.000,700.000,-1,-1,2,0,2,0,2,0,0,0,0,2,2,2,2,0,0,2,2
111,2183.269,-5080.730,133.931,-245.010,-0.422251,-0.906367,0.014230,0.906228,-0.422452,-0.016892,0.021322,0.005763,0.999756,0,0.97100,-0.63996,58.260,-1.280,-1,375.000,-1,375.000,-1,325.000,300.000,300.000,300.000,-1,-1,-1,-1,750.000,700.000,-1,-1,2,0,2,0,2,0,0,0,0,2,2,2,2,0,0,2,2
112,2159.842,-5027.388,135.488,-246.290,-0.401879,-0.915575,0.014646,0.915415,-0.402100,-0.018177,0.022532,0.006103,0.999728,0,0.97100,-0.63996,58.260,-1.280,-1,400.000,-1,375.000,-1,325.000,325.000,300.000,300.000,-1,-1,-1,-1,750.000,700.000,-1,-1,2,0,2,0,2,0,0,0,0,2,2,2,2,0,0,2,2
113,2137.613,-4973.535,137.010,-247.570,-0.381307,-0.924327,0.014984,0.924143,-0.381548,-0.019508,0.023749,0.006409,0.999697,0,0.97100,-0.63996,58.260,-1.280,-1,400.000,-1,375.000,-1,325.000,325.000,300.000,300.000,-1,-1,-1,-1,750.000,700.000,-1,-1,2,0,2,0,2,0,0,0,0,2,2,2,2,0,0,2,2
114,2116.592,-4919.200,138.499,-248.850,-0.360545,-0.932617,0.015242,0.932407,-0.360805,-0.020884,0.024976,0.006682,0.999666,0,0.97100,-0.63996,58.260,-1.280,-1,400.000,-1,375.000,-1,325.000,325.000,300.000,300.000,-1,1000.000,-1,-1,750.000,700.000,-1,-1,2,0,2,0,2,0,0,0,0,2,0,2,2,0,0,2,2
115,2096.988,-4865.660,139.921,-249.890,-0.343541,-0.939011,0.015419,0.938772,-0.343819,-0.022267,0.026210,0.006825,0.999633,0,0.95027,-0.51996,57.016,-1.040,-1,400.000,-1,375.000,-1,325.000,325.000,300.000,300.000,-1,900.000,1000.000,-1,750.000,700.000,-1,-1,2,0,2,0,2,0,0,0,0,2,0,0,2,0,0,2,2
116,2078.134,-4811.852,141.313,-250.690,-0.330381,-0.943720,0.015541,0.943447,-0.330676,-0.023671,0.027478,0.006842,0.999599,0,0.95027,-0.39996,57.016,-0.800,-1,400.000,-1,375.000,-1,325.000,325.000,300.000,300.000,-1,825.000,900.000,-1,750.000,700.000,-1,-1,2,0,2,0,2,0,0,0,0,2,0,0,2,0,0,2,2
117,2059.855,-4757.845,142.676,-251.301,-0.320278,-0.947195,0.015626,0.946887,-0.320587,-0.025085,0.028770,0.006762,0.999563,0,0.95027,-0.30569,57.016,-0.611,-1,400.000,-1,375.000,-1,325.000,325.000,300.000,300.000,-1,775.000,850.000,-1,775.000,700.000,-1,-1,2,0,2,0,2,0,0,0,0,2,0,0,2,0,0,2,2
118,2042.153,-4703.647,144.014,-251.912,-0.310138,-0.950562,0.015673,0.950216,-0.310462,-0.026510,0.030065,0.006671,0.999526,0,0.95027,-0.30569,57.016,-0.611,-1,400.000,-1,375.000,-1,325.000,325.000,300.000,300.000,-1,725.000,775.000,-1,775.000,700.000,-1,-1,2,0,2,0,2,0,0,0,0,2,0,0,2,0,0,2,2
119,2025.031,-4649.262,145.541,-252.524,-0.299997,-0.953826,0.014750,0.953445,-0.300303,-0.027586,0.030742,0.005787,0.999511,0,0.95027,-0.30569,57.016,-0.611,-1,400.000,-1,375.000,-1,325.000,325.000,300.000,300.000,-1,725.000,800.000,-1,775.000,700.000,-1,-1,2,0,2,0,2,0,0,0,0,2,0,0,2,0,0,2,2
120,2008.490,-4594.698,147.259,-253.135,-0.289844,-0.956984,0.013104,0.956551,-0.290111,-0.029097,0.031647,0.004101,0.999491,0,0.95027,-0.30569,57.016,-0.611,-1,400.000,-1,375.000,-1,325.000,325.000,300.000,300.000,-1,725.000,800.000,-1,775.000,725.000,-1,-1,2,0,2,0,2,0,0,0,0,2,0,0,2,0,0,2,2
121,1992.532,-4539.961,148.962,-253.747,-0.279663,-0.960031,0.011396,0.959546,-0.279885,-0.030601,0.032568,0.002376,0.999467,0,0.95027,-0.30569,57.016,-0.611,-1,400.000,-1,375.000,-1,325.000,325.000,300.000,300.000,-1,675.000,800.000,-1,775.000,725.000,-1,-1,2,0,2,0,2,0,0,0,0,2,0,0,2,0,0,2,2
122,1977.159,-4485.057,150.927,-254.358,-0.269423,-0.962964,0.010577,0.962460,-0.269625,-0.031184,0.032880,0.001779,0.999458,0,0.95027,-0.30569,57.016,-0.611,-1,400.000,-1,375.000,-1,325.000,325.000,300.000,300.000,-1,700.000,825.000,-1,775.000,725.000,-1,-1,2,0,2,0,2,0,0,0,0,2,0,0,2,0,0,2,2
123,1962.373,-4429.991,152.999,-254.969,-0.259142,-0.965786,0.010101,0.965262,-0.259334,-0.031847,0.033377,0.001497,0.999442,0,0.95027,-0.30569,57.016,-0.611,-1,400.000,-1,375.000,-1,325.000,325.000,300.000,300.000,-1,725.000,850.000,-1,775.000,725.000,-1,-1,2,0,2,0,2,0,0,0,0,2,0,0,2,0,0,2,2
124,1948.175,-4374.771,155.052,-255.581,-0.248833,-0.968499,0.009569,0.967954,-0.249014,-0.032506,0.033865,0.001174,0.999426,0,0.95027,-0.30569,57.016,-0.611,-1,400.000,-1,375.000,-1,325.000,325.000,300.000,300.000,-1,750.000,875.000,-1,775.000,725.000,-1,-1,2,0,2,0,2,0,0,0,0,2,0,0,2,0,0,2,2
125,1934.568,-4319.403,157.081,-256.192,-0.238497,-0.971101,0.009011,0.970535,-0.238666,-0.033173,0.034365,0.000834,0.999409,0,0.95027,-0.30569,57.016,-0.611,-1,400.000,-1,375.000,-1,325.000,325.000,300.000,300.000,-1,775.000,900.000,-1,775.000,725.000,-1,-1,2,0,2,0,2,0,0,0,0,2,0,0,2,0,0,2,2
126,1921.551,-4263.893,159.089,-256.804,-0.228135,-0.973593,0.008427,0.973005,-0.228290,-0.033847,0.034876,0.000478,0.999392,0,0.95027,-0.30569,57.016,-0.611,-1,400.000,-1,375.000,-1,325.000,325.000,300.000,300.000,-1,800.000,900.000,-1,775.000,725.000,-1,-1,2,0,2,0,2,0,0,0,0,2,0,0,2,0,0,2,2
127,1909.128,-4208.246,161.075,-257.415,-0.217749,-0.975974,0.007817,0.975363,-0.217889,-0.034527,0.035401,0.000106,0.999373,0,0.95027,-0.30569,57.016,-0.611,-1,400.000,-1,375.000,-1,325.000,325.000,300.000,300.000,-1,800.000,925.000,-1,775.000,725.000,-1,-1,2,0,2,0,2,0,0,0,0,2,0,0,2,0,0,2,2
128,1897.300,-4152.471,163.041,-258.026,-0.207338,-0.978243,0.007182,0.977609,-0.207462,-0.035215,0.035939,-0.000281,0.999354,0,0.95027,-0.30569,57.016,-0.611,-1,400.000,-1,375.000,-1,325.000,325.000,300.000,300.000,-1,825.000,925.000,-1,800.000,725.000,-1,-1,2,0,2,0,2,0,0,0,0,2,0,0,2,0,0,2,2
129,1886.067,-4096.572,164.988,-258.638,-0.196905,-0.980401,0.006523,0.979743,-0.197012,-0.035911,0.036492,-0.000681,0.999334,0,0.95027,-0.30569,57.016,-0.611,-1,400.000,-1,375.000,-1,325.000,325.000,300.000,300.000,-1,825.000,925.000,-1,800.000,725.000,-1,-1,2,0,2,0,2,0,0,0,0,2,0,0,2,0,0,2,2
130,1875.431,-4040.557,166.918,-259.249,-0.186451,-0.982447,0.005840,0.981765,-0.186540,-0.036613,0.037060,-0.001093,0.999312,0,0.95027,-0.30569,57.016,-0.611,-1,400.000,-1,375.000,-1,325.000,325.000,300.000,300.000,-1,825.000,950.000,-1,800.000,725.000,-1,-1,2,0,2,0,2,0,0,0,0,2,0,0,2,0,0,2,2
131,1865.394,-3984.432,168.852,-259.860,-0.175980,-0.984381,0.005048,0.983676,-0.176046,-0.037276,0.037583,-0.001595,0.999292,0,0.95027,-0.30569,57.016,-0.611,-1,400.000,-1,375.000,-1,325.000,325.000,300.000,300.000,-1,850.000,950.000,-1,800.000,725.000,-1,-1,2,0,2,0,2,0,0,0,0,2,0,0,2,0,0,2,2
132,1855.956,-3928.202,170.939,-260.472,-0.165515,-0.986201,0.003581,0.985481,-0.165531,-0.037774,0.037845,-0.002723,0.999280,0,0.95027,-0.30569,57.016,-0.611,-1,400.000,-1,375.000,-1,325.000,325.000,300.000,300.000,-1,875.000,975.000,-1,800.000,725.000,-1,-1,2,0,2,0,2,0,0,0,0,2,0,0,2,0,0,2,2
133,1847.119,-3871.875,173.117,-261.083,-0.155020,-0.987908,0.002400,0.987182,-0.154998,-0.038031,0.037944,-0.003526,0.999274,0,0.95027,-0.30569,57.016,-0.611,-1,400.000,-1,375.000,-1,325.000,325.000,300.000,300.000,-1,925.000,-1,-1,800.000,725.000,-1,-1,2,0,2,0,2,0,0,0,0,2,0,2,2,0,0,2,2
134,1838.880,-3815.447,175.377,-261.693,-0.144521,-0.989501,0.001582,0.988772,-0.144475,-0.038176,0.038003,-0.003953,0.999270,0,0.95044,-0.30490,57.026,-0.610,-1,400.000,-1,375.000,-1,325.000,325.000,300.000,300.000,-1,975.000,-1,-1,800.000,725.000,-1,-1,2,0,2,0,2,0,0,0,0,2,0,2,2,0,0,2,2
135,1831.238,-3758.922,177.624,-262.300,-0.134050,-0.990974,0.000749,0.990242,-0.133980,-0.038334,0.038089,-0.004397,0.999265,0,0.95067,-0.30363,57.040,-0.607,-1,400.000,-1,375.000,-1,325.000,325.000,300.000,300.000,-1,-1,-1,-1,775.000,725.000,-1,-1,2,0,2,0,2,0,0,0,0,2,2,2,2,0,0,2,2
136,1824.192,-3702.311,179.860,-262.905,-0.123602,-0.992332,-0.000095,0.991596,-0.123507,-0.038507,0.038200,-0.004854,0.999258,0,0.95079,-0.30254,57.047,-0.605,-1,400.000,-1,375.000,-1,325.000,325.000,300.000,300.000,-1,-1,-1,-1,775.000,725.000,-1,-1,2,0,2,0,2,0,0,0,0,2,2,2,2,0,0,2,2
137,1817.742,-3645.628,182.085,-263.509,-0.113173,-0.993575,-0.000952,0.992835,-0.113052,-0.038694,0.038337,-0.005324,0.999251,0,0.95082,-0.30162,57.049,-0.603,-1,400.000,-1,375.000,-1,325.000,325.000,300.000,300.000,-1,-1,-1,-1,775.000,725.000,-1,-1,2,0,2,0,2,0,0,0,0,2,2,2,2,0,0,2,2
