timestep,x_cm,y_cm,z_cm,yaw_deg,basis_xx,basis_xy,basis_xz,basis_yx,basis_yy,basis_yz,basis_zx,basis_zy,basis_zz,teleport_flag,throttle_cmd,steering_cmd,cmd_move_cm,cmd_turn_deg,lidar_cm_0,lidar_cm_1,lidar_cm_2,lidar_cm_3,lidar_cm_4,lidar_cm_5,lidar_cm_6,lidar_cm_7,lidar_cm_8,lidar_cm_9,lidar_cm_10,lidar_cm_11,lidar_cm_12,lidar_cm_13,lidar_cm_14,lidar_cm_15,lidar_cm_16,lidar_class_0,lidar_class_1,lidar_class_2,lidar_class_3,lidar_class_4,lidar_class_5,lidar_class_6,lidar_class_7,lidar_class_8,lidar_class_9,lidar_class_10,lidar_class_11,lidar_class_12,lidar_class_13,lidar_class_14,lidar_class_15,lidar_class_16
0,979.108,-1640.168,-66.035,-175.978,-0.996694,0.070146,0.041001,-0.069983,-0.997534,0.005410,0.041280,0.002523,0.999144,1,0.08000,0.00570,4.800,0.011,650.000,400.000,-1,425.000,-1,325.000,325.000,300.000,300.000,-1,-1,-1,-1,550.000,950.000,600.000,-1,1,1,2,0,2,0,0,0,0,2,2,2,2,1,0,1,2
1,969.530,-1640.823,-65.643,-176.088,-0.996843,0.068216,0.040619,-0.068043,-0.997666,0.005639,0.040909,0.002857,0.999159,0,0.16000,-0.05543,9.600,-0.111,625.000,400.000,-1,425.000,-1,325.000,325.000,300.000,300.000,-1,-1,-1,-1,550.000,950.000,600.000,-1,1,1,2,0,2,0,0,0,0,2,2,2,2,1,0,1,2
2,955.162,-1641.779,-65.053,-176.193,-0.996989,0.066397,0.040046,-0.066210,-0.997788,0.005990,0.040355,0.003321,0.999180,0,0.24000,-0.05223,14.400,-0.104,600.000,375.000,-1,425.000,-1,325.000,325.000,300.000,300.000,-1,-1,-1,-1,550.000,950.000,575.000,-1,1,1,2,0,2,0,0,0,0,2,2,2,2,1,0,1,2
3,936.003,-1643.022,-64.264,-176.288,-0.997129,0.064736,0.039279,-0.064531,-0.997895,0.006468,0.039615,0.003915,0.999207,0,0.32000,-0.04768,19.200,-0.095,575.000,375.000,-1,425.000,-1,325.000,325.000,300.000,300.000,-1,-1,-1,-1,550.000,950.000,550.000,-1,1,1,2,0,2,1,0,0,0,2,2,2,2,1,0,1,2
4,912.051,-1644.541,-63.274,-176.372,-0.997260,0.063282,0.038319,-0.063056,-0.997985,0.007074,0.038689,0.004639,0.999241,0,0.40000,-0.04174,24.000,-0.083,550.000,375.000,-1,425.000,-1,325.000,325.000,300.000,300.000,-1,-1,-1,-1,525.000,950.000,525.000,-1,1,1,2,0,2,1,0,0,0,2,2,2,2,1,0,1,2
5,883.306,-1646.329,-62.084,-176.441,-0.997379,0.062084,0.037164,-0.061835,-0.998056,0.007811,0.037576,0.005493,0.999279,0,0.48000,-0.03439,28.800,-0.069,525.000,350.000,-1,425.000,-1,325.000,325.000,300.000,300.000,-1,-1,-1,-1,500.000,950.000,500.000,-1,1,1,2,0,2,1,0,0,0,2,2,2,2,1,0,1,2
6,849.770,-1648.385,-60.690,-176.492,-0.997483,0.061193,0.035813,-0.060919,-0.998105,0.008681,0.036276,0.006477,0.999321,0,0.56000,-0.02557,33.600,-0.051,500.000,350.000,-1,425.000,-1,300.000,325.000,300.000,300.000,-1,-1,-1,-1,500.000,950.000,475.000,-1,1,1,2,0,2,1,0,0,0,2,2,2,2,1,0,1,2
7,811.440,-1650.715,-59.092,-176.522,-0.997570,0.060661,0.034264,-0.060362,-0.998130,0.009685,0.034788,0.007593,0.999366,0,0.64000,-0.01524,38.400,-0.030,450.000,350.000,-1,425.000,-1,300.000,325.000,300.000,325.000,-1,-1,-1,-1,475.000,950.000,425.000,-1,1,1,2,0,2,1,0,0,0,2,2,2,2,1,0,1,2
8,768.320,-1653.330,-57.287,-176.529,-0.997636,0.060544,0.032518,-0.060221,-0.998126,0.010824,0.033112,0.008840,0.999413,0,0.72000,-0.00334,43.200,-0.007,400.000,325.000,-1,425.000,-1,300.000,350.000,300.000,325.000,-1,-1,-1,-1,450.000,950.000,400.000,-1,1,1,2,0,2,1,0,0,0,2,2,2,2,1,0,1,2
9,720.409,-1656.254,-55.274,-176.508,-0.997676,0.060898,0.030573,-0.060553,-0.998092,0.012097,0.031251,0.010218,0.999459,0,0.80000,0.01018,48.000,0.020,350.000,300.000,-1,425.000,-1,300.000,350.000,300.000,325.000,-1,-1,-1,-1,425.000,950.000,350.000,-1,1,1,2,0,2,1,0,0,0,2,2,2,2,1,0,1,2
10,668.580,-1659.463,-53.155,-176.458,-0.997678,0.061782,0.028652,-0.061408,-0.998018,0.013750,0.029445,0.011959,0.999495,0,0.86547,0.02540,51.928,0.051,300.000,300.000,-1,425.000,-1,275.000,350.000,300.000,325.000,-1,-1,-1,-1,400.000,975.000,300.000,-1,1,1,2,0,2,1,0,0,0,2,2,2,2,1,0,1,2
11,616.749,-1662.740,-50.902,-176.384,-0.997560,0.063050,0.029970,-0.062444,-0.997833,0.020745,0.031213,0.018823,0.999335,0,0.86557,0.03660,51.934,0.073,275.000,275.000,-1,450.000,-1,275.000,350.000,325.000,300.000,-1,-1,-1,-1,375.000,1000.000,275.000,-1,1,1,2,0,2,1,0,0,0,2,2,2,2,1,0,1,2
12,564.960,-1666.103,-47.099,-176.291,-0.997226,0.064651,0.036884,-0.063383,-0.997390,0.034573,0.039023,0.032139,0.998721,0,0.86496,0.04661,51.898,0.093,250.000,275.000,-1,450.000,-1,275.000,375.000,350.000,300.000,-1,-1,-1,-1,375.000,-1,250.000,-1,1,1,2,0,2,1,0,0,0,2,2,2,2,1,2,1,2
13,513.257,-1669.565,-43.224,-176.178,-0.996813,0.066585,0.043931,-0.064431,-0.996731,0.048748,0.047033,0.045762,0.997845,0,0.86363,0.05656,51.818,0.113,225.000,275.000,-1,475.000,-1,300.000,400.000,375.000,275.000,-1,-1,-1,-1,375.000,-1,250.000,-1,1,1,2,0,2,1,1,0,0,2,2,2,2,1,2,1,2
14,461.686,-1673.143,-39.275,-176.045,-0.996318,0.068846,0.051104,-0.065567,-0.995839,0.063296,0.055249,0.059712,0.996685,0,0.86156,0.06646,51.694,0.133,225.000,300.000,-1,500.000,-1,300.000,400.000,400.000,275.000,-1,-1,175.000,-1,375.000,-1,225.000,-1,1,1,2,0,2,1,1,1,0,2,2,0,2,1,2,1,2
15,408.216,-1676.755,-35.078,-176.152,-0.996012,0.066917,0.059004,-0.062186,-0.994959,0.078670,0.063971,0.074687,0.995153,0,0.89317,-0.05354,53.590,-0.107,200.000,300.000,-1,525.000,-1,300.000,425.000,400.000,275.000,-1,625.000,125.000,900.000,400.000,-1,225.000,-1,1,1,2,0,2,1,1,1,0,2,0,0,0,1,2,1,2
16,355.020,-1680.030,-30.854,-176.499,-0.995875,0.060813,0.067347,-0.054352,-0.994094,0.093932,0.072662,0.089884,0.993298,0,0.88826,-0.17354,53.296,-0.347,175.000,300.000,-1,575.000,-1,300.000,475.000,425.000,250.000,-1,325.000,75.000,675.000,400.000,-1,200.000,-1,1,1,2,0,2,1,1,1,0,2,0,0,0,1,2,1,2
17,302.222,-1682.831,-26.671,-176.988,-0.995740,0.052253,0.075970,-0.043813,-0.993097,0.108806,0.081131,0.105014,0.991156,0,0.88117,-0.24436,52.870,-0.489,175.000,300.000,-1,600.000,-1,325.000,500.000,425.000,250.000,-1,300.000,50.000,525.000,-1,-1,200.000,-1,1,1,2,0,2,1,1,1,0,2,0,0,0,2,2,1,2
18,249.939,-1685.185,-22.559,-177.452,-0.995438,0.044137,0.084590,-0.033497,-0.991802,0.123318,0.089339,0.119922,0.988755,0,0.87221,-0.23192,52.333,-0.464,150.000,300.000,-1,650.000,-1,375.000,550.000,400.000,250.000,-1,275.000,50.000,450.000,-1,-1,175.000,-1,1,1,2,0,2,1,1,1,0,2,0,0,0,2,2,1,2
19,198.244,-1687.118,-18.533,-177.891,-0.994984,0.036474,0.093147,-0.023434,-0.990235,0.137425,0.097250,0.134553,0.986123,0,0.86214,-0.21932,51.728,-0.439,150.000,450.000,-1,675.000,-1,475.000,600.000,350.000,250.000,-1,275.000,25.000,375.000,-1,-1,175.000,-1,1,1,2,0,2,1,1,1,0,2,0,0,0,2,2,1,2
20,147.207,-1688.662,-14.603,-178.304,-0.994396,0.029273,0.101590,-0.013661,-0.988425,0.151094,0.104837,0.148859,0.983285,0,0.85096,-0.20654,51.058,-0.413,150.000,-1,-1,700.000,-1,575.000,625.000,325.000,225.000,-1,250.000,25.000,325.000,-1,-1,175.000,-1,1,2,2,0,2,1,1,1,0,2,0,0,0,2,2,1,2
21,7543.201,9511.018,76.942,114.425,-0.409087,-0.909845,0.069505,0.908575,-0.413199,-0.061303,0.084496,0.038072,0.995696,1,0.00000,0.00000,50.321,-0.387,-1,425.000,-1,425.000,-1,325.000,325.000,300.000,300.000,-1,-1,-1,-1,975.000,900.000,-1,-1,2,0,2,0,2,0,0,0,0,2,2,2,2,0,0,2,2
22,7541.234,9515.397,77.329,114.185,-0.405279,-0.911557,0.069372,0.910313,-0.409379,-0.061141,0.084133,0.038371,0.995716,0,0.08000,-0.12000,4.800,-0.240,-1,425.000,-1,425.000,-1,325.000,325.000,300.000,300.000,-1,-1,-1,-1,975.000,900.000,-1,-1,2,0,2,0,2,0,0,0,0,2,2,2,2,0,0,2,2
23,7537.375,9524.187,78.100,113.705,-0.397644,-0.914933,0.069109,0.913742,-0.401719,-0.060809,0.083399,0.038967,0.995754,0,0.16000,-0.24000,9.600,-0.480,-1,425.000,-1,425.000,-1,325.000,325.000,300.000,300.000,-1,-1,-1,-1,975.000,900.000,-1,-1,2,0,2,0,2,0,0,0,0,2,2,2,2,0,0,2,2
24,7531.751,9537.443,79.249,112.985,-0.386139,-0.919877,0.068724,0.918763,-0.390177,-0.060298,0.082281,0.039858,0.995812,0,0.24000,-0.36000,14.400,-0.720,-1,400.000,-1,425.000,-1,325.000,325.000,300.000,300.000,-1,-1,-1,-1,975.000,900.000,-1,-1,2,0,2,0,2,0,0,0,0,2,2,2,2,0,0,2,2
25,7524.543,9555.239,80.772,112.048,-0.371087,-0.926088,0.068230,0.925078,-0.375072,-0.059591,0.080777,0.041004,0.995888,0,0.32000,-0.46825,19.200,-0.937,-1,400.000,-1,425.000,-1,325.000,325.000,300.000,300.000,-1,-1,-1,-1,975.000,875.000,-1,-1,2,0,2,0,2,0,0,0,0,2,2,2,2,0,0,2,2
26,7515.899,9577.628,82.667,111.112,-0.355952,-0.932052,0.067655,0.931156,-0.359869,-0.058677,0.079037,0.042111,0.995982,0,0.40000,-0.46825,24.000,-0.937,-1,400.000,-1,400.000,-1,325.000,325.000,300.000,300.000,-1,-1,-1,-1,975.000,875.000,-1,-1,2,0,2,0,2,0,0,0,0,2,2,2,2,0,0,2,2
27,7505.965,9604.660,84.928,110.175,-0.340741,-0.937766,0.067007,0.936995,-0.344572,-0.057544,0.077052,0.043177,0.996092,0,0.48000,-0.46825,28.800,-0.937,-1,400.000,-1,400.000,-1,325.000,325.000,300.000,300.000,-1,-1,-1,-1,975.000,875.000,-1,-1,2,0,2,0,2,0,0,0,0,2,2,2,2,0,0,2,2
28,7494.893,9636.384,87.546,109.239,-0.325456,-0.943231,0.066292,0.942593,-0.329184,-0.056178,0.074811,0.044203,0.996218,0,0.56000,-0.46825,33.600,-0.937,-1,400.000,-1,400.000,-1,325.000,325.000,300.000,300.000,-1,-1,-1,-1,975.000,875.000,-1,-1,2,0,2,0,2,0,0,0,0,2,2,2,2,0,0,2,2
29,7482.834,9672.841,90.515,108.302,-0.310102,-0.948443,0.065518,0.947950,-0.313710,-0.054564,0.072304,0.045187,0.996358,0,0.64000,-0.46825,38.400,-0.937,-1,425.000,-1,400.000,-1,325.000,325.000,300.000,300.000,-1,-1,-1,-1,975.000,850.000,-1,-1,2,0,2,0,2,0,0,0,0,2,2,2,2,0,0,2,2
30,7469.940,9714.072,93.825,107.366,-0.294683,-0.953403,0.064693,0.953063,-0.298153,-0.052688,0.069521,0.046130,0.996513,0,0.72000,-0.46825,43.200,-0.937,-1,425.000,-1,400.000,-1,325.000,325.000,300.000,300.000,-1,-1,-1,-1,975.000,850.000,-1,-1,2,0,2,0,2,0,0,0,0,2,2,2,2,0,0,2,2
31,7456.687,9758.331,97.285,106.669,-0.283191,-0.956920,0.064083,0.956727,-0.286531,-0.050736,0.066912,0.046942,0.996654,0,0.77003,-0.34825,46.202,-0.697,-1,425.000,-1,400.000,-1,325.000,325.000,300.000,300.000,-1,-1,-1,-1,975.000,850.000,-1,-1,2,0,2,0,2,0,0,0,0,2,2,2,2,0,0,2,2
32,7443.787,9802.695,100.504,106.213,-0.275614,-0.959112,0.064350,0.959085,-0.278880,-0.048803,0.064753,0.048266,0.996733,0,0.77003,-0.22825,46.202,-0.457,-1,425.000,-1,400.000,-1,325.000,325.000,300.000,300.000,-1,-1,-1,-1,975.000,825.000,-1,-1,2,0,2,0,2,0,0,0,0,2,2,2,2,0,0,2,2
33,7431.054,9847.108,103.589,105.996,-0.272044,-0.960090,0.064961,0.960254,-0.275234,-0.046464,0.062489,0.049738,0.996806,0,0.77003,-0.10825,46.202,-0.217,-1,425.000,-1,400.000,-1,325.000,325.000,300.000,300.000,-1,-1,-1,-1,975.000,825.000,-1,-1,2,0,2,0,2,0,0,0,0,2,2,2,2,0,0,2,2
34,7418.412,9891.546,106.649,105.879,-0.270137,-0.960583,0.065620,0.960933,-0.273247,-0.044092,0.060284,0.051146,0.996870,0,0.77003,-0.05869,46.202,-0.117,-1,425.000,-1,400.000,-1,325.000,325.000,300.000,300.000,-1,-1,-1,-1,975.000,800.000,-1,-1,2,0,2,0,2,0,0,0,0,2,2,2,2,0,0,2,2
35,7405.863,9936.010,109.286,105.762,-0.268257,-0.961149,0.065041,0.961535,-0.271281,-0.043090,0.059060,0.050980,0.996952,0,0.77003,-0.05869,46.202,-0.117,-1,425.000,-1,400.000,-1,350.000,325.000,300.000,300.000,-1,-1,-1,-1,975.000,800.000,-1,-1,2,0,2,0,2,0,0,0,0,2,2,2,2,0,0,2,2
36,7393.405,9980.500,111.693,105.644,-0.266458,-0.961749,0.063546,0.962146,-0.269324,-0.041719,0.057238,0.050024,0.997107,0,0.77003,-0.05869,46.202,-0.117,-1,425.000,-1,400.000,-1,350.000,325.000,300.000,300.000,-1,-1,-1,-1,950.000,800.000,-1,-1,2,0,2,0,2,0,0,0,0,2,2,2,2,0,0,2,2
37,7381.038,10025.016,114.058,105.527,-0.264654,-0.962343,0.062083,0.962753,-0.267365,-0.040281,0.055363,0.049111,0.997258,0,0.77003,-0.05869,46.202,-0.117,-1,425.000,-1,400.000,-1,325.000,325.000,300.000,300.000,-1,-1,-1,-1,950.000,775.000,-1,-1,2,0,2,0,2,0,0,0,0,2,2,2,2,0,0,2,2
38,7368.763,10069.557,116.391,105.409,-0.262846,-0.962932,0.060620,0.963355,-0.265405,-0.038820,0.053470,0.048195,0.997406,0,0.77003,-0.05869,46.202,-0.117,-1,425.000,-1,400.000,-1,325.000,325.000,300.000,300.000,-1,-1,-1,-1,950.000,775.000,-1,-1,2,0,2,0,2,0,0,0,0,2,2,2,2,0,0,2,2
39,7356.579,10114.123,118.695,105.292,-0.261033,-0.963516,0.059156,0.963952,-0.263443,-0.037338,0.051560,0.047277,0.997550,0,0.77003,-0.05869,46.202,-0.117,-1,425.000,-1,400.000,-1,325.000,325.000,300.000,300.000,-1,-1,-1,-1,925.000,775.000,-1,-1,2,0,2,0,2,0,0,0,0,2,2,2,2,0,0,2,2
40,7344.470,10158.778,120.971,105.173,-0.259184,-0.964104,0.057689,0.964552,-0.261448,-0.035832,0.049628,0.046357,0.997691,0,0.77114,-0.05963,46.268,-0.119,-1,425.000,-1,400.000,-1,325.000,325.000,300.000,300.000,-1,-1,-1,-1,925.000,750.000,-1,-1,2,0,2,0,2,0,0,0,0,2,2,2,2,0,0,2,2
41,7332.401,10203.676,123.228,105.047,-0.257221,-0.964716,0.056215,0.965176,-0.259342,-0.034297,0.047666,0.045435,0.997829,0,0.77487,-0.06289,46.492,-0.126,-1,425.000,-1,400.000,-1,325.000,325.000,300.000,300.000,-1,-1,-1,-1,900.000,750.000,-1,-1,2,0,2,0,2,0,0,0,0,2,2,2,2,0,0,2,2
42,7320.379,10248.813,125.465,104.914,-0.255141,-0.965353,0.054734,0.965824,-0.257122,-0.032734,0.045673,0.044512,0.997964,0,0.77851,-0.06624,46.710,-0.132,-1,425.000,-1,400.000,-1,325.000,325.000,300.000,300.000,-1,-1,-1,-1,900.000,750.000,-1,-1,2,0,2,0,2,0,0,0,0,2,2,2,2,0,0,2,2
43,7308.414,10294.185,127.682,104.775,-0.252940,-0.966015,0.053247,0.966497,-0.254783,-0.031142,0.043650,0.043586,0.998096,0,0.78206,-0.06969,46.923,-0.139,-1,400.000,-1,400.000,-1,325.000,325.000,300.000,300.000,-1,-1,-1,-1,875.000,725.000,-1,-1,2,0,2,0,2,0,0,0,0,2,2,2,2,0,0,2,2
44,7296.512,10339.787,129.877,104.629,-0.250615,-0.966702,0.051755,0.967193,-0.252322,-0.029522,0.041598,0.042659,0.998223,0,0.78551,-0.07324,47.130,-0.146,-1,400.000,-1,400.000,1000.000,325.000,325.000,300.000,300.000,-1,-1,-1,-1,875.000,725.000,-1,-1,2,0,2,0,1,0,0,0,0,2,2,2,2,0,0,2,2
45,7284.682,10385.616,132.051,104.475,-0.248160,-0.967414,0.050259,0.967913,-0.249736,-0.027873,0.039517,0.041730,0.998347,0,0.78885,-0.07690,47.331,-0.154,-1,400.000,-1,375.000,950.000,325.000,325.000,300.000,300.000,-1,-1,-1,-1,850.000,725.000,-1,-1,2,0,2,0,1,0,0,0,0,2,2,2,2,0,0,2,2
46,7272.933,10431.666,134.144,104.313,-0.245557,-0.968143,0.049008,0.968654,-0.247018,-0.026309,0.037576,0.041012,0.998452,0,0.79208,-0.08067,47.525,-0.161,-1,400.000,-1,375.000,925.000,325.000,325.000,325.000,300.000,-1,-1,-1,-1,850.000,700.000,-1,-1,2,0,2,0,1,0,0,0,0,2,2,2,2,0,0,2,2
47,7261.275,10477.931,136.197,104.144,-0.242785,-0.968893,0.047968,0.969402,-0.244167,-0.025329,0.036253,0.040351,0.998528,0,0.79519,-0.08455,47.711,-0.169,-1,400.000,-1,375.000,875.000,325.000,325.000,325.000,300.000,-1,-1,-1,-1,850.000,700.000,-1,-1,2,0,2,0,1,0,0,0,0,2,2,2,2,0,0,2,2
48,7249.716,10524.405,138.275,103.967,-0.239872,-0.969676,0.046791,0.970170,-0.241179,-0.024541,0.035082,0.039508,0.998603,0,0.79816,-0.08854,47.890,-0.177,-1,400.000,-1,375.000,850.000,325.000,325.000,325.000,300.000,-1,-1,-1,-1,825.000,700.000,-1,-1,2,0,2,0,1,0,0,0,0,2,2,2,2,0,0,2,2
49,7239.271,10566.209,139.994,104.030,-0.241007,-0.969463,0.045355,0.969907,-0.242257,-0.024353,0.034597,0.038121,0.998674,0,0.71816,0.03146,43.090,0.063,-1,400.000,-1,375.000,825.000,325.000,325.000,325.000,300.000,-1,-1,-1,-1,825.000,675.000,-1,-1,2,0,2,0,1,0,0,0,0,2,2,2,2,0,0,2,2
50,7229.568,10604.187,141.559,104.333,-0.246160,-0.968217,0.044293,0.968599,-0.247391,-0.024778,0.034948,0.036802,0.998711,0,0.65330,0.15146,39.198,0.303,-1,400.000,-1,375.000,825.000,325.000,325.000,325.000,300.000,-1,-1,-1,-1,825.000,675.000,-1,-1,2,0,2,0,1,0,0,0,0,2,2,2,2,0,0,2,2
51,7219.479,10642.171,143.032,104.876,-0.255375,-0.965890,0.042891,0.966201,-0.256570,-0.025055,0.035205,0.035043,0.998766,0,0.65503,0.27146,39.302,0.543,-1,400.000,-1,375.000,825.000,325.000,325.000,325.000,300.000,-1,-1,-1,-1,800.000,675.000,-1,-1,2,0,2,0,1,0,0,0,0,2,2,2,2,0,0,2,2
52,7208.850,10680.093,144.485,105.659,-0.268606,-0.962358,0.041448,0.962594,-0.269762,-0.025316,0.035544,0.033098,0.998820,0,0.65638,0.39146,39.383,0.783,-1,400.000,-1,375.000,850.000,325.000,325.000,325.000,300.000,-1,-1,-1,-1,800.000,675.000,-1,-1,2,0,2,0,1,0,0,0,0,2,2,2,2,0,0,2,2
53,7197.530,10717.871,145.925,106.682,-0.285804,-0.957454,0.039964,0.957614,-0.286919,-0.025557,0.035936,0.030966,0.998874,0,0.65729,0.51146,39.438,1.023,-1,400.000,-1,375.000,900.000,325.000,325.000,325.000,300.000,-1,-1,-1,-1,800.000,650.000,-1,-1,2,0,2,0,1,0,0,0,0,2,2,2,2,0,0,2,2
54,7185.373,10755.413,147.352,107.945,-0.306904,-0.950964,0.038446,0.951046,-0.307973,-0.025781,0.036357,0.028652,0.998928,0,0.65769,0.63146,39.461,1.263,-1,400.000,-1,375.000,1000.000,325.000,325.000,325.000,300.000,-1,-1,-1,-1,800.000,650.000,-1,-1,2,0,2,0,1,0,0,0,0,2,2,2,2,0,0,2,2
55,7172.239,10792.612,148.767,109.448,-0.331812,-0.942623,0.036901,0.942628,-0.332831,-0.025990,0.036781,0.026160,0.998981,0,0.65750,0.75146,39.450,1.503,-1,400.000,-1,375.000,-1,325.000,325.000,325.000,300.000,-1,-1,-1,-1,800.000,650.000,-1,-1,2,0,2,0,2,0,0,0,0,2,2,2,2,0,0,2,2
56,7157.998,10829.349,150.169,111.191,-0.360406,-0.932126,0.035339,0.932054,-0.361371,-0.026189,0.037182,0.023499,0.999032,0,0.65667,0.87146,39.400,1.743,-1,400.000,-1,375.000,-1,325.000,325.000,325.000,300.000,-1,-1,-1,-1,800.000,650.000,-1,-1,2,0,2,0,2,0,0,0,0,2,2,2,2,0,0,2,2
57,7142.613,10865.519,151.561,113.044,-0.390449,-0.920004,0.033792,0.919861,-0.391357,-0.026382,0.037497,0.020783,0.999081,0,0.65512,0.92683,39.307,1.854,-1,400.000,-1,375.000,975.000,325.000,325.000,325.000,300.000,-1,-1,-1,-1,800.000,650.000,-1,1000.000,2,0,2,0,1,0,0,0,0,2,2,2,2,0,0,2,1
58,7126.127,10901.060,152.945,114.885,-0.419881,-0.907005,0.032289,0.906796,-0.420731,-0.026571,0.037685,0.018123,0.999125,0,0.65297,0.92044,39.178,1.841,-1,400.000,-1,375.000,925.000,325.000,325.000,325.000,300.000,-1,-1,-1,-1,800.000,625.000,-1,975.000,2,0,2,0,1,0,0,0,0,2,2,2,2,0,0,2,1
59,7108.587,10935.917,154.316,116.713,-0.448680,-0.893160,0.030833,0.892895,-0.449470,-0.026753,0.037754,0.015527,0.999166,0,0.65035,0.91404,39.021,1.828,-1,425.000,-1,375.000,900.000,325.000,300.000,325.000,300.000,-1,-1,-1,-1,800.000,625.000,-1,950.000,2,0,2,0,1,0,0,0,0,2,2,2,2,0,0,2,1
60,7090.038,10970.040,155.669,118.529,-0.476826,-0.878505,0.029427,0.878188,-0.477557,-0.026931,0.037712,0.013001,0.999204,0,0.64732,0.90770,38.839,1.815,-1,425.000,-1,375.000,850.000,325.000,300.000,325.000,300.000,-1,-1,-1,-1,800.000,625.000,-1,950.000,2,0,2,0,1,0,0,0,0,2,2,2,2,0,0,2,1
61,7070.525,11003.384,157.093,120.337,-0.504410,-0.863022,0.027633,0.862659,-0.505064,-0.027039,0.037291,0.010199,0.999252,0,0.64390,0.90437,38.634,1.809,-1,425.000,-1,350.000,825.000,325.000,300.000,325.000,300.000,-1,-1,-1,-1,800.000,625.000,-1,-1,2,0,2,0,1,0,0,0,0,2,2,2,2,0,0,2,2
62,7050.091,11035.907,158.547,122.143,-0.531449,-0.846703,0.025626,0.846299,-0.532016,-0.027140,0.036613,0.007264,0.999303,0,0.64016,0.90272,38.410,1.805,-1,425.000,-1,350.000,800.000,325.000,300.000,325.000,300.000,-1,-1,-1,-1,825.000,625.000,-1,-1,2,0,2,0,1,0,0,0,0,2,2,2,2,0,0,2,2
63,7028.778,11067.570,159.970,123.946,-0.557915,-0.829561,0.023675,0.829124,-0.558399,-0.027279,0.035849,0.004410,0.999347,0,0.63614,0.90140,38.168,1.803,-1,400.000,-1,350.000,775.000,325.000,300.000,325.000,300.000,-1,-1,-1,-1,825.000,625.000,-1,-1,2,0,2,0,1,0,0,0,0,2,2,2,2,0,0,2,2
64,7006.629,11098.342,161.690,125.746,-0.583808,-0.811611,0.021357,0.811093,-0.584198,-0.028974,0.035992,0.000407,0.999352,0,0.63190,0.90042,37.914,1.801,-1,400.000,-1,350.000,775.000,325.000,300.000,325.000,300.000,-1,-1,-1,-1,850.000,625.000,-1,-1,2,0,2,0,1,0,0,0,0,2,2,2,2,0,0,2,2
65,6983.685,11128.193,163.427,127.546,-0.609104,-0.792859,0.019137,0.792263,-0.609394,-0.030975,0.036221,-0.003706,0.999337,0,0.62751,0.89979,37.650,1.800,-1,425.000,-1,375.000,875.000,325.000,300.000,300.000,300.000,-1,-1,-1,-1,875.000,650.000,-1,-1,2,0,2,0,1,0,0,0,0,2,2,2,2,0,0,2,2
66,6959.985,11157.102,165.117,129.345,-0.633785,-0.773320,0.017102,0.772654,-0.633969,-0.033000,0.036362,-0.007701,0.999309,0,0.62303,0.89950,37.382,1.799,-1,425.000,-1,375.000,-1,325.000,325.000,300.000,300.000,-1,-1,-1,-1,900.000,650.000,-1,-1,2,0,2,0,2,0,0,0,0,2,2,2,2,0,0,2,2
67,6935.567,11185.050,166.759,131.144,-0.657835,-0.753007,0.015255,0.752281,-0.657910,-0.035040,0.036422,-0.011575,0.999269,0,0.61853,0.89954,37.112,1.799,-1,425.000,-1,375.000,-1,325.000,325.000,300.000,300.000,-1,-1,-1,-1,925.000,675.000,-1,-1,2,0,2,0,2,0,0,0,0,2,2,2,2,0,0,2,2
68,6910.465,11212.021,168.222,132.944,-0.681231,-0.731941,0.013684,0.731182,-0.681206,-0.036475,0.036019,-0.014842,0.999241,0,0.61408,0.89991,36.845,1.800,-1,425.000,-1,375.000,-1,325.000,325.000,300.000,300.000,-1,-1,-1,-1,950.000,675.000,-1,-1,2,0,2,0,2,0,0,0,0,2,2,2,2,0,0,2,2
69,6884.711,11238.004,169.497,134.745,-0.703955,-0.710138,0.012337,0.709375,-0.703846,-0.037250,0.035136,-0.017470,0.999230,0,0.60974,0.90060,36.584,1.801,-1,425.000,-1,375.000,-1,325.000,325.000,300.000,300.000,-1,-1,-1,-1,975.000,700.000,-1,-1,2,0,2,0,2,0,0,0,0,2,2,2,2,0,0,2,2
70,6858.334,11262.992,170.798,136.548,-0.725994,-0.687611,0.011137,0.686866,-0.725815,-0.037517,0.033880,-0.019587,0.999234,0,0.60557,0.90161,36.334,1.803,-1,425.000,-1,375.000,-1,325.000,325.000,300.000,300.000,-1,-1,-1,-1,1000.000,700.000,-1,-1,2,0,2,0,2,0,0,0,0,2,2,2,2,0,0,2,2
71,6831.360,11286.980,172.045,138.354,-0.747336,-0.664371,0.010012,0.663650,-0.747093,-0.037684,0.032516,-0.021518,0.999240,0,0.60162,0.90292,36.097,1.806,-1,425.000,-1,375.000,-1,325.000,325.000,300.000,300.000,-1,-1,-1,-1,-1,700.000,-1,-1,2,0,2,0,2,0,0,0,0,2,2,2,2,2,0,2,2
72,6803.811,11309.962,173.141,140.163,-0.767969,-0.640425,0.008940,0.639719,-0.767657,-0.038245,0.031356,-0.023652,0.999228,0,0.59794,0.90452,35.877,1.809,-1,425.000,-1,375.000,-1,325.000,325.000,300.000,275.000,-1,-1,-1,-1,-1,700.000,-1,-1,2,0,2,0,2,0,0,0,0,2,2,2,2,2,0,2,2
73,6775.708,11331.937,174.143,141.976,-0.787872,-0.615788,0.007956,0.615097,-0.787491,-0.038919,0.030231,-0.025770,0.999211,0,0.59458,0.90640,35.675,1.813,-1,425.000,-1,375.000,-1,325.000,325.000,300.000,275.000,-1,-1,-1,-1,-1,725.000,-1,-1,2,0,2,0,2,0,0,0,0,2,2,2,2,2,0,2,2
74,6747.068,11352.902,175.081,143.793,-0.807024,-0.590476,0.007062,0.589803,-0.806578,-0.039540,0.029044,-0.027745,0.999193,0,0.59156,0.90856,35.494,1.817,-1,450.000,-1,375.000,-1,325.000,325.000,300.000,275.000,-1,-1,-1,-1,-1,750.000,-1,-1,2,0,2,0,2,0,0,0,0,2,2,2,2,2,0,2,2
75,6715.910,11374.225,176.019,145.613,-0.825391,-0.564528,0.006176,0.563878,-0.824880,-0.040182,0.027779,-0.029683,0.999173,0,0.62926,0.91006,37.756,1.820,-1,450.000,-1,375.000,-1,350.000,325.000,300.000,275.000,-1,-1,-1,-1,-1,775.000,-1,-1,2,0,2,0,2,0,0,0,0,2,2,2,2,2,0,2,2
76,6684.291,11394.421,176.887,147.432,-0.842909,-0.538029,0.005379,0.537405,-0.842339,-0.040763,0.026463,-0.031468,0.999154,0,0.62531,0.90955,37.519,1.819,-1,450.000,-1,375.000,-1,350.000,325.000,300.000,275.000,-1,-1,-1,-1,-1,825.000,-1,-1,2,0,2,0,2,0,0,0,0,2,2,2,2,2,0,2,2
77,6652.253,11413.480,177.687,149.251,-0.859570,-0.510997,0.004666,0.510401,-0.858945,-0.041280,0.025101,-0.033101,0.999137,0,0.62131,0.90938,37.278,1.819,-1,450.000,-1,400.000,-1,350.000,325.000,300.000,275.000,-1,-1,-1,950.000,-1,875.000,-1,-1,2,0,2,0,2,0,0,0,0,2,2,2,1,2,0,2,2
78,6619.836,11431.395,178.300,151.070,-0.875386,-0.483420,0.002022,0.482908,-0.874636,-0.042560,0.022343,-0.036280,0.999092,0,0.61730,0.90954,37.038,1.819,-1,450.000,-1,400.000,-1,350.000,325.000,300.000,275.000,-1,-1,-1,900.000,-1,900.000,-1,-1,2,0,2,0,2,0,0,0,0,2,2,2,1,2,0,2,2
79,6582.594,11450.458,179.117,152.890,-0.890326,-0.455319,-0.002105,0.454949,-0.889395,-0.044691,0.018476,-0.040747,0.998999,0,0.69730,0.91002,41.838,1.820,-1,450.000,-1,400.000,-1,350.000,325.000,275.000,275.000,-1,-1,-1,925.000,-1,950.000,-1,-1,2,0,2,0,2,0,0,0,0,2,2,2,1,2,0,2,2
80,6540.425,11470.378,179.923,154.712,-0.904358,-0.426726,-0.006483,0.426535,-0.903237,-0.047230,0.014299,-0.045478,0.998863,0,0.77730,0.91094,46.638,1.822,-1,450.000,-1,425.000,-1,350.000,350.000,275.000,275.000,-1,-1,-1,925.000,-1,1000.000,-1,-1,2,0,2,0,2,0,0,0,0,2,2,2,1,2,0,2,2
81,6493.239,11490.855,180.679,156.537,-0.917470,-0.397654,-0.010984,0.397683,-0.916152,-0.050138,0.009875,-0.050368,0.998682,0,0.85730,0.91239,51.438,1.825,-1,450.000,-1,425.000,-1,350.000,350.000,275.000,275.000,-1,-1,-1,975.000,-1,-1,-1,-1,2,0,2,0,2,0,0,0,0,2,2,2,1,2,2,2,2
82,6442.747,11510.878,181.007,158.366,-0.929664,-0.368141,-0.014049,0.368356,-0.928201,-0.052503,0.006288,-0.053986,0.998522,0,0.90530,0.91449,54.318,1.829,-1,450.000,-1,425.000,-1,350.000,350.000,275.000,300.000,-1,-1,-1,-1,-1,-1,-1,-1,2,0,2,0,2,0,0,0,0,2,2,2,2,2,2,2,2
83,6391.834,11529.206,180.370,160.200,-0.940887,-0.338236,-0.018132,0.338721,-0.939501,-0.051049,0.000232,-0.054173,0.998532,0,0.90187,0.91723,54.112,1.834,-1,450.000,-1,425.000,-1,350.000,350.000,275.000,275.000,-1,-1,-1,-1,1000.000,-1,-1,-1,2,0,2,0,2,0,0,0,0,2,2,2,2,0,2,2,2
84,6340.522,11545.837,179.607,162.041,-0.951166,-0.307882,-0.022199,0.308627,-0.949888,-0.049626,-0.005807,-0.054054,0.998521,0,0.89900,0.92047,53.940,1.841,-1,425.000,-1,425.000,-1,350.000,350.000,275.000,275.000,-1,-1,-1,-1,975.000,-1,-1,-1,2,0,2,0,2,0,0,0,0,2,2,2,2,0,2,2,2
85,6288.829,11560.767,178.724,163.890,-0.960485,-0.277090,-0.026255,0.278080,-0.959345,-0.048252,-0.011818,-0.053646,0.998490,0,0.89677,0.92419,53.806,1.848,-1,425.000,-1,425.000,-1,350.000,350.000,275.000,275.000,-1,-1,-1,-1,950.000,-1,-1,-1,2,0,2,0,2,0,0,0,0,2,2,2,2,0,2,2,2
86,6236.771,11573.991,177.729,165.746,-0.968829,-0.245870,-0.030303,0.247091,-0.967854,-0.046944,-0.017787,-0.052969,0.998438,0,0.89520,0.92836,53.712,1.857,-1,425.000,-1,425.000,-1,350.000,350.000,275.000,275.000,-1,-1,-1,-1,900.000,-1,-1,-1,2,0,2,0,2,0,0,0,0,2,2,2,2,0,2,2,2
87,6184.361,11585.503,176.628,167.612,-0.976178,-0.214236,-0.034344,0.215672,-0.975395,-0.045722,-0.023704,-0.052040,0.998364,0,0.89433,0.93297,53.660,1.866,-1,425.000,-1,425.000,-1,350.000,350.000,275.000,275.000,-1,-1,-1,-1,875.000,-1,-1,-1,2,0,2,0,2,0,0,0,0,2,2,2,2,0,2,2,2
88,6131.611,11595.291,175.426,169.488,-0.982512,-0.182201,-0.038376,0.183838,-0.981944,-0.044604,-0.029557,-0.050879,0.998267,0,0.89418,0.93799,53.651,1.876,-1,425.000,-1,425.000,-1,325.000,350.000,275.000,275.000,-1,-1,-1,-1,850.000,-1,-1,-1,2,0,2,0,2,0,0,0,0,2,2,2,2,0,2,2,2
89,6080.099,11603.104,174.169,171.375,-0.987815,-0.149783,-0.042275,0.151600,-0.987478,-0.043650,-0.035207,-0.049527,0.998152,0,0.86835,0.94339,52.101,1.887,-1,400.000,-1,425.000,-1,325.000,350.000,275.000,275.000,-1,-1,-1,-1,825.000,-1,-1,-1,2,0,2,0,2,0,0,0,0,2,2,2,2,0,2,2,2
90,6028.285,11609.216,172.828,173.273,-0.992058,-0.117004,-0.046153,0.118986,-0.991971,-0.042835,-0.040771,-0.047987,0.998016,0,0.86955,0.94900,52.173,1.898,-1,400.000,-1,425.000,-1,325.000,350.000,275.000,275.000,-1,-1,-1,-1,800.000,-1,-1,-1,2,0,2,0,2,0,0,0,0,2,2,2,2,0,2,2,2
91,5976.186,11613.607,171.409,175.183,-0.995220,-0.083886,-0.050003,0.086020,-0.995400,-0.042175,-0.046235,-0.046275,0.997858,0,0.87141,0.95493,52.284,1.910,-1,400.000,-1,425.000,-1,325.000,350.000,275.000,300.000,-1,-1,-1,-1,775.000,-1,-1,-1,2,0,2,0,2,0,0,0,0,2,2,2,2,0,2,2,2
92,5923.818,11616.256,169.902,177.105,-0.997278,-0.050452,-0.053762,0.052726,-0.997736,-0.041757,-0.051534,-0.044478,0.997680,0,0.87391,0.96119,52.435,1.922,-1,400.000,-1,425.000,-1,325.000,350.000,275.000,300.000,-1,-1,-1,-1,775.000,1000.000,-1,-1,2,0,2,0,2,0,0,0,0,2,2,2,2,0,0,2,2
93,5871.204,11617.138,167.146,179.041,-0.998326,-0.016727,-0.055361,0.019033,-0.998961,-0.041402,-0.054611,-0.042386,0.997608,0,0.87703,0.96774,52.622,1.935,-1,400.000,-1,425.000,-1,325.000,350.000,275.000,300.000,-1,-1,-1,-1,750.000,1000.000,-1,-1,2,0,2,0,2,0,0,0,0,2,2,2,2,0,0,2,2
94,5818.367,11616.227,163.746,180.990,-0.998250,0.017264,-0.056566,-0.015058,-0.999118,-0.039194,-0.057193,-0.038273,0.997629,0,0.88074,0.97458,52.844,1.949,-1,400.000,-1,425.000,-1,325.000,325.000,275.000,300.000,-1,-1,-1,-1,750.000,975.000,-1,-1,2,0,2,0,2,0,0,0,0,2,2,2,2,0,0,2,2
95,5765.338,11613.493,160.289,182.953,-0.997003,0.051492,-0.057735,-0.049406,-0.998093,-0.037000,-0.059530,-0.034037,0.997646,0,0.88500,0.98169,53.100,1.963,-1,400.000,-1,425.000,-1,325.000,325.000,300.000,300.000,-1,-1,-1,-1,725.000,950.000,-1,-1,2,0,2,0,2,0,0,0,0,2,2,2,2,0,0,2,2
96,5712.148,11608.906,156.787,184.931,-0.994562,0.085925,-0.058858,-0.083975,-0.995858,-0.034846,-0.061608,-0.029713,0.997658,0,0.88978,0.98905,53.387,1.978,-1,375.000,-1,425.000,-1,325.000,325.000,300.000,300.000,-1,-1,-1,-1,725.000,925.000,-1,-1,2,0,2,0,2,0,0,0,0,2,2,2,2,0,0,2,2
97,5658.837,11602.433,153.254,186.925,-0.990900,0.120526,-0.059925,-0.118726,-0.992387,-0.032753,-0.063416,-0.025340,0.997665,0,0.89504,0.99666,53.702,1.993,-1,375.000,-1,425.000,-1,325.000,325.000,300.000,300.000,-1,-1,-1,-1,725.000,900.000,-1,-1,2,0,2,0,2,0,0,0,0,2,2,2,2,0,0,2,2
98,5605.642,11594.081,149.716,188.925,-0.986018,0.155102,-0.060917,-0.153463,-0.987676,-0.030752,-0.064936,-0.020973,0.997669,0,0.89744,1.00000,53.847,2.000,-1,375.000,-1,425.000,-1,325.000,325.000,300.000,300.000,-1,-1,-1,-1,700.000,875.000,-1,-1,2,0,2,0,2,0,0,0,0,2,2,2,2,0,0,2,2
99,5552.771,11583.878,146.198,190.925,-0.979934,0.189493,-0.061817,-0.188021,-0.981741,-0.028867,-0.066158,-0.016665,0.997670,0,0.89744,1.00000,53.847,2.000,-1,375.000,-1,400.000,-1,325.000,325.000,300.000,300.000,-1,-1,-1,-1,700.000,850.000,-1,-1,2,0,2,0,2,0,0,0,0,2,2,2,2,0,0,2,2
100,5500.289,11571.835,142.716,192.925,-0.972656,0.223653,-0.062604,-0.222352,-0.974589,-0.027118,-0.067078,-0.012456,0.997670,0,0.89744,1.00000,53.847,2.000,-1,375.000,-1,400.000,-1,325.000,325.000,300.000,300.000,-1,-1,-1,-1,700.000,825.000,-1,-1,2,0,2,0,2,0,0,0,0,2,2,2,2,0,0,2,2
101,5448.258,11557.968,139.283,194.925,-0.964195,0.257540,-0.063259,-0.256410,-0.966231,-0.025517,-0.067694,-0.008383,0.997671,0,0.89744,1.00000,53.847,2.000,-1,375.000,-1,400.000,-1,300.000,325.000,300.000,325.000,-1,-1,-1,-1,700.000,825.000,-1,-1,2,0,2,0,2,0,0,0,0,2,2,2,2,0,0,2,2
102,5396.744,11542.293,135.914,196.925,-0.954562,0.291112,-0.063761,-0.290149,-0.956679,-0.024076,-0.068007,-0.004482,0.997675,0,0.89744,1.00000,53.847,2.000,-1,375.000,-1,400.000,-1,300.000,325.000,300.000,325.000,-1,-1,-1,-1,700.000,800.000,-1,-1,2,0,2,0,2,0,0,0,0,2,2,2,2,0,0,2,2
103,5345.808,11524.830,132.586,198.925,-0.943776,0.324325,-0.064030,-0.323534,-0.945945,-0.022645,-0.067913,-0.000656,0.997691,0,0.89744,1.00000,53.847,2.000,-1,375.000,-1,400.000,-1,300.000,325.000,300.000,325.000,-1,-1,-1,-1,700.000,775.000,-1,-1,2,0,2,0,2,0,0,0,0,2,2,2,2,0,0,2,2
104,5298.276,11506.884,129.219,200.685,-0.933363,0.353223,-0.063775,-0.352670,-0.935532,-0.020096,-0.066762,0.003734,0.997762,0,0.84678,0.88000,50.807,1.760,-1,375.000,-1,400.000,-1,300.000,325.000,300.000,325.000,-1,-1,-1,-1,700.000,775.000,-1,-1,2,0,2,0,2,0,0,0,0,2,2,2,2,0,0,2,2
105,5251.238,11487.684,125.902,202.205,-0.923652,0.377905,-0.063672,-0.377575,-0.925812,-0.017602,-0.065600,0.007783,0.997816,0,0.84678,0.76000,50.807,1.520,-1,375.000,-1,400.000,-1,300.000,325.000,300.000,325.000,-1,-1,-1,-1,700.000,775.000,-1,-1,2,0,2,0,2,0,0,0,0,2,2,2,2,0,0,2,2
106,5204.640,11467.437,122.672,203.485,-0.914973,0.398479,-0.063561,-0.398348,-0.917107,-0.015266,-0.064375,0.011352,0.997861,0,0.84678,0.64000,50.807,1.280,-1,375.000,-1,400.000,-1,300.000,325.000,300.000,325.000,-1,-1,750.000,-1,700.000,775.000,-1,-1,2,0,2,0,2,0,0,0,0,2,2,0,2,0,0,2,2
107,5158.417,11446.348,119.487,204.525,-0.907602,0.415043,-0.063227,-0.415079,-0.909690,-0.013194,-0.062993,0.014269,0.997912,0,0.84678,0.52000,50.807,1.040,-1,375.000,-1,400.000,-1,325.000,325.000,300.000,325.000,-1,-1,725.000,-1,700.000,775.000,-1,-1,2,0,2,0,2,0,0,0,0,2,2,0,2,0,0,2,2
108,5112.493,11424.616,116.294,205.325,-0.901767,0.427691,-0.062424,-0.427848,-0.903777,-0.011492,-0.061332,0.016345,0.997984,0,0.84678,0.40000,50.807,0.800,-1,375.000,-1,400.000,-1,325.000,325.000,300.000,325.000,-1,-1,675.000,-1,725.000,775.000,-1,-1,2,0,2,0,2,0,0,0,0,2,2,0,2,0,0,2,2
109,5066.784,11402.435,113.155,205.885,-0.897595,0.436492,-0.061630,-0.436740,-0.899531,-0.010095,-0.059845,0.017855,0.998048,0,0.84678,0.28000,50.807,0.560,-1,375.000,-1,400.000,-1,325.000,325.000,300.000,325.000,-1,875.000,625.000,-1,725.000,775.000,-1,-1,2,0,2,0,2,0,0,0,0,2,0,0,2,0,0,2,2
110,5021.200,11380.000,109.960,206.205,-0.895164,0.441497,-0.061335,-0.441834,-0.897055,-0.008701,-0.058862,0.019312,0.998079,0,0.84678,0.16000,50.807,0.320,-1,375.000,-1,400.000,-1,325.000,325.000,300.000,325.000,-1,875.000,625.000,-1,725.000,775.000,-1,-1,2,0,2,0,2,0,0,0,0,2,0,0,2,0,0,2,2
111,4975.646,11357.501,106.818,206.285,-0.894565,0.442739,-0.061115,-0.443149,-0.896417,-0.007412,-0.058066,0.020453,0.998103,0,0.84678,0.04000,50.807,0.080,-1,375.000,-1,400.000,-1,325.000,325.000,300.000,325.000,-1,875.000,600.000,-1,725.000,775.000,-1,-1,2,0,2,0,2,0,0,0,0,2,0,0,2,0,0,2,2
112,4930.031,11335.130,103.735,206.125,-0.895817,0.440227,-0.060922,-0.440695,-0.897635,-0.006245,-0.057435,0.021254,0.998123,0,0.84678,-0.08000,50.807,-0.160,-1,375.000,-1,400.000,-1,325.000,325.000,300.000,325.000,-1,900.000,625.000,-1,750.000,775.000,-1,-1,2,0,2,0,2,0,0,0,0,2,0,0,2,0,0,2,2
113,4884.260,11313.077,100.704,205.725,-0.898888,0.433945,-0.060758,-0.434458,-0.900677,-0.005195,-0.056977,0.021727,0.998139,0,0.84678,-0.20000,50.807,-0.400,-1,375.000,-1,400.000,-1,325.000,325.000,300.000,325.000,-1,925.000,625.000,-1,750.000,775.000,-1,-1,2,0,2,0,2,0,0,0,0,2,0,0,2,0,0,2,2
114,4838.270,11291.484,97.721,205.151,-0.903204,0.424909,-0.060623,-0.425455,-0.904970,-0.004247,-0.056667,0.021956,0.998152,0,0.84678,-0.28665,50.807,-0.573,-1,375.000,-1,400.000,-1,325.000,325.000,300.000,325.000,-1,975.000,650.000,-1,750.000,775.000,-1,-1,2,0,2,0,2,0,0,0,0,2,0,0,2,0,0,2,2
115,4792.041,11270.340,94.784,204.578,-0.907425,0.415833,-0.060521,-0.416408,-0.909172,-0.003386,-0.056432,0.022128,0.998161,0,0.84726,-0.28660,50.836,-0.573,-1,375.000,-1,400.000,-1,325.000,325.000,300.000,325.000,-1,-1,700.000,-1,750.000,775.000,-1,-1,2,0,2,0,2,0,0,0,0,2,2,0,2,0,0,2,2
116,4745.241,11249.497,91.870,204.007,-0.911542,0.406740,-0.060451,-0.407339,-0.913273,-0.002604,-0.056267,0.022251,0.998168,0,0.85385,-0.28585,51.231,-0.572,-1,375.000,-1,400.000,-1,325.000,325.000,300.000,325.000,-1,-1,725.000,-1,750.000,775.000,-1,-1,2,0,2,0,2,0,0,0,0,2,2,0,2,0,0,2,2
117,4697.872,11228.963,88.951,203.437,-0.915555,0.397635,-0.060383,-0.398263,-0.917270,-0.001773,-0.056093,0.022426,0.998174,0,0.86047,-0.28492,51.628,-0.570,-1,375.000,-1,400.000,-1,325.000,325.000,300.000,325.000,-1,-1,775.000,-1,750.000,775.000,-1,-1,2,0,2,0,2,0,0,0,0,2,2,0,2,0,0,2,2
118,4648.470,11208.116,85.928,202.878,-0.919395,0.388674,-0.060375,-0.389337,-0.921095,-0.000849,-0.055941,0.022726,0.998175,0,0.89367,-0.27920,53.620,-0.558,-1,375.000,-1,400.000,-1,325.000,325.000,300.000,325.000,-1,-1,825.000,-1,750.000,775.000,-1,-1,2,0,2,0,2,0,0,0,0,2,2,0,2,0,0,2,2
119,4597.993,11187.387,82.812,202.327,-0.923082,0.379790,-0.060660,-0.380490,-0.924785,-0.000006,-0.056100,0.023075,0.998158,0,0.90946,-0.27567,54.568,-0.551,-1,375.000,-1,400.000,-1,325.000,325.000,300.000,325.000,-1,-1,900.000,-1,750.000,775.000,-1,-1,2,0,2,0,2,0,0,0,0,2,2,0,2,0,0,2,2
120,4546.433,11166.781,79.644,201.784,-0.926622,0.371005,-0.061039,-0.371730,-0.928341,0.000561,-0.056457,0.023210,0.998135,0,0.92542,-0.27156,55.525,-0.543,-1,375.000,-1,400.000,-1,325.000,325.000,325.000,325.000,-1,-1,1000.000,-1,750.000,775.000,-1,-1,2,0,2,0,2,0,0,0,0,2,2,0,2,0,0,2,2
121,4493.783,11146.306,76.421,201.250,-0.930026,0.362344,-0.061309,-0.363080,-0.931758,0.000922,-0.056791,0.023117,0.998118,0,0.94151,-0.26681,56.491,-0.534,-1,375.000,-1,400.000,-1,325.000,325.000,325.000,325.000,-1,-1,-1,-1,750.000,775.000,-1,-1,2,0,2,0,2,0,0,0,0,2,2,2,2,0,0,2,2
122,4440.039,11125.969,73.099,200.727,-0.933291,0.353829,-0.061423,-0.354574,-0.935027,0.001321,-0.056965,0.023012,0.998111,0,0.95773,-0.26139,57.464,-0.523,-1,375.000,-1,400.000,-1,300.000,325.000,325.000,325.000,-1,-1,-1,-1,750.000,775.000,-1,-1,2,0,2,0,2,0,0,0,0,2,2,2,2,1,0,2,2
123,4385.198,11105.773,69.696,200.217,-0.936410,0.345483,-0.061466,-0.346251,-0.938140,0.001970,-0.056983,0.023127,0.998107,0,0.97403,-0.25524,58.442,-0.510,-1,375.000,-1,400.000,-1,300.000,325.000,325.000,325.000,-1,-1,-1,-1,-1,775.000,-1,-1,2,0,2,0,2,0,0,0,0,2,2,2,2,2,0,2,2
124,4329.259,11085.721,66.270,199.720,-0.939372,0.337338,-0.061509,-0.338129,-0.941096,0.002639,-0.056996,0.023277,0.998103,0,0.99040,-0.24831,59.424,-0.497,-1,375.000,-1,400.000,-1,300.000,325.000,325.000,325.000,-1,-1,-1,-1,-1,775.000,-1,-1,2,0,2,0,2,0,0,0,0,2,2,2,2,2,0,2,2
125,4272.610,11065.951,62.845,199.239,-0.942174,0.329423,-0.061552,-0.330240,-0.943891,0.003322,-0.057004,0.023456,0.998098,0,1.00000,-0.24054,60.000,-0.481,-1,375.000,-1,400.000,-1,300.000,325.000,325.000,325.000,-1,-1,-1,-1,-1,775.000,-1,-1,2,0,2,0,2,0,0,0,0,2,2,2,2,2,0,2,2
126,4215.803,11046.639,59.454,198.775,-0.944812,0.321769,-0.061594,-0.322613,-0.946522,0.004011,-0.057009,0.023661,0.998093,0,1.00000,-0.23191,60.000,-0.464,-1,375.000,-1,400.000,-1,300.000,325.000,325.000,325.000,-1,-1,-1,-1,-1,775.000,-1,-1,2,0,2,0,2,0,0,0,0,2,2,2,2,2,0,2,2
127,4158.847,11027.769,56.096,198.331,-0.947285,0.314409,-0.061634,-0.315281,-0.948987,0.004707,-0.057010,0.023891,0.998088,0,1.00000,-0.22242,60.000,-0.445,-1,400.000,-1,400.000,-1,300.000,325.000,325.000,325.000,-1,-1,-1,-1,-1,775.000,-1,-1,2,1,2,0,2,0,0,0,0,2,2,2,2,2,0,2,2
128,4101.754,11009.321,52.770,197.907,-0.949588,0.307375,-0.061672,-0.308275,-0.951282,0.005406,-0.057006,0.024146,0.998082,0,1.00000,-0.21203,60.000,-0.424,-1,475.000,-1,400.000,-1,325.000,325.000,325.000,325.000,-1,-1,-1,-1,-1,775.000,-1,-1,2,1,2,0,2,1,0,0,0,2,2,2,2,2,0,2,2
129,4044.532,10991.274,49.477,197.505,-0.951720,0.300701,-0.061708,-0.301630,-0.953405,0.006109,-0.056996,0.024427,0.998076,0,1.00000,-0.20069,60.000,-0.401,-1,-1,-1,400.000,-1,350.000,325.000,325.000,325.000,-1,-1,-1,-1,-1,775.000,-1,-1,2,2,2,0,2,1,0,0,0,2,2,2,2,2,0,2,2
130,3987.194,10973.603,46.099,197.129,-0.953696,0.294425,-0.061455,-0.295384,-0.955353,0.006944,-0.056666,0.024776,0.998086,0,1.00000,-0.18831,60.000,-0.377,-1,-1,-1,400.000,-1,375.000,325.000,325.000,325.000,-1,-1,-1,-1,-1,775.000,-1,-1,2,2,2,0,2,1,0,0,0,2,2,2,2,2,0,2,2
131,3929.748,10956.282,42.587,196.779,-0.955480,0.288584,-0.061459,-0.289595,-0.957115,0.008035,-0.056504,0.025475,0.998077,0,1.00000,-0.17484,60.000,-0.350,-1,-1,-1,400.000,-1,400.000,325.000,325.000,325.000,-1,-1,-1,-1,-1,800.000,-1,-1,2,2,2,0,2,1,0,0,0,2,2,2,2,2,0,2,2
132,3872.207,10939.283,39.095,196.458,-0.957086,0.283224,-0.061410,-0.284283,-0.958698,0.009072,-0.056305,0.026140,0.998071,0,1.00000,-0.16017,60.000,-0.320,-1,-1,-1,400.000,-1,475.000,325.000,325.000,325.000,-1,-1,-1,-1,-1,800.000,-1,-1,2,2,2,0,2,1,0,0,0,2,2,2,2,2,0,2,2
133,3814.579,10922.574,33.875,196.170,-0.958263,0.278436,-0.064844,-0.279119,-0.960255,0.001540,-0.061838,0.019575,0.997894,0,1.00000,-0.14422,60.000,-0.288,-1,-1,-1,375.000,-1,525.000,300.000,300.000,325.000,-1,-1,-1,-1,-1,750.000,-1,-1,2,2,2,0,2,1,0,0,0,2,2,2,2,2,0,2,2
134,3756.877,10906.120,26.667,195.916,-0.958932,0.274230,-0.072441,-0.273817,-0.961652,-0.015772,-0.073989,0.004712,0.997248,0,1.00000,-0.12685,60.000,-0.254,-1,-1,-1,350.000,-1,550.000,275.000,275.000,325.000,-1,-1,-1,-1,-1,700.000,-1,-1,2,2,2,0,2,1,1,0,0,2,2,2,2,2,0,2,2
135,3699.115,10889.879,19.096,195.700,-0.959284,0.270589,-0.080973,-0.268580,-0.962623,-0.034958,-0.087405,-0.011787,0.996103,0,1.00000,-0.10795,60.000,-0.216,-1,-1,-1,325.000,-1,550.000,275.000,225.000,350.000,-1,-1,-1,-1,-1,625.000,-1,-1,2,2,2,0,2,1,1,0,0,2,2,2,2,2,0,2,2
136,3641.359,10873.608,11.216,195.725,-0.958385,0.270894,-0.090084,-0.266700,-0.962154,-0.055950,-0.101831,-0.029596,0.994361,0,1.00000,0.01205,60.000,0.024,-1,-1,-1,300.000,-1,550.000,250.000,200.000,375.000,-1,-1,-1,-1,-1,575.000,-1,-1,2,2,2,0,2,1,1,0,0,2,2,2,2,2,0,2,2
137,3583.681,10857.064,3.000,195.989,-0.956244,0.275117,-0.099537,-0.268018,-0.960166,-0.079041,-0.117318,-0.048905,0.991890,0,1.00000,0.13205,60.000,0.264,-1,-1,-1,275.000,-1,525.000,250.000,150.000,400.000,-1,-1,-1,-1,-1,500.000,-1,-1,2,2,2,0,2,1,1,0,0,2,2,2,2,2,0,2,2
138,3526.152,10840.005,-5.580,196.493,-0.952842,0.283199,-0.109048,-0.272320,-0.956507,-0.104573,-0.133920,-0.069945,0.988521,0,1.00000,0.25205,60.000,0.504,-1,-1,-1,250.000,-1,525.000,275.000,125.000,425.000,-1,-1,-1,-1,-1,425.000,-1,825.000,2,2,2,0,2,1,1,1,0,2,2,2,2,2,0,2,0
