timestep,x_cm,y_cm,z_cm,yaw_deg,basis_xx,basis_xy,basis_xz,basis_yx,basis_yy,basis_yz,basis_zx,basis_zy,basis_zz,teleport_flag,throttle_cmd,steering_cmd,cmd_move_cm,cmd_turn_deg,lidar_cm_0,lidar_cm_1,lidar_cm_2,lidar_cm_3,lidar_cm_4,lidar_cm_5,lidar_cm_6,lidar_cm_7,lidar_cm_8,lidar_cm_9,lidar_cm_10,lidar_cm_11,lidar_cm_12,lidar_cm_13,lidar_cm_14,lidar_cm_15,lidar_cm_16,lidar_class_0,lidar_class_1,lidar_class_2,lidar_class_3,lidar_class_4,lidar_class_5,lidar_class_6,lidar_class_7,lidar_class_8,lidar_class_9,lidar_class_10,lidar_class_11,lidar_class_12,lidar_class_13,lidar_class_14,lidar_class_15,lidar_class_16
0,2291.488,8196.936,106.114,-152.573,-0.881928,0.460606,-0.100230,-0.458349,-0.887588,-0.045865,-0.110089,0.005491,0.993907,1,0.08000,0.06404,4.800,0.128,-1,425.000,-1,400.000,825.000,350.000,325.000,275.000,275.000,-1,450.000,500.000,-1,775.000,650.000,1000.000,-1,2,0,2,0,0,0,0,0,0,2,1,1,2,1,0,1,2
1,2282.977,8192.495,105.041,-152.449,-0.880894,0.462526,-0.100473,-0.460228,-0.886589,-0.046365,-0.110524,0.005398,0.993859,0,0.16000,0.06200,9.600,0.124,-1,425.000,-1,400.000,825.000,350.000,325.000,275.000,275.000,-1,450.000,525.000,-1,775.000,650.000,1000.000,1000.000,2,0,2,0,0,0,0,0,0,2,1,1,2,1,0,1,1
2,2270.223,8185.809,103.424,-152.333,-0.879909,0.464318,-0.100839,-0.461951,-0.885653,-0.047111,-0.111183,0.005129,0.993787,0,0.24000,0.05793,14.400,0.116,-1,425.000,-1,400.000,800.000,350.000,325.000,275.000,275.000,-1,475.000,550.000,-1,775.000,650.000,975.000,1000.000,2,0,2,0,0,0,0,0,0,2,1,1,2,1,0,1,1
3,2253.234,8176.863,101.250,-152.230,-0.879005,0.465921,-0.101332,-0.463455,-0.884814,-0.048098,-0.112070,0.004684,0.993689,0,0.32000,0.05182,19.200,0.104,-1,425.000,-1,375.000,800.000,350.000,325.000,275.000,275.000,-1,500.000,550.000,-1,750.000,650.000,950.000,975.000,2,0,2,0,0,0,0,0,0,2,1,1,2,1,0,1,1
4,2232.015,8165.648,98.502,-152.142,-0.878216,0.467271,-0.101958,-0.464678,-0.884105,-0.049320,-0.113187,0.004064,0.993565,0,0.40000,0.04368,24.000,0.087,-1,425.000,-1,375.000,775.000,350.000,325.000,275.000,275.000,-1,525.000,575.000,-1,725.000,625.000,925.000,950.000,2,0,2,0,0,0,0,0,0,2,1,1,2,1,0,1,1
5,2206.568,8152.160,95.155,-152.075,-0.877575,0.468305,-0.102724,-0.465557,-0.883561,-0.050767,-0.114537,0.003271,0.993414,0,0.48000,0.03350,28.800,0.067,-1,425.000,-1,375.000,750.000,350.000,325.000,275.000,275.000,-1,550.000,625.000,-1,700.000,625.000,900.000,900.000,2,0,2,0,0,0,0,0,0,2,1,1,2,1,0,1,0
6,2176.892,8136.403,91.184,-152.033,-0.877117,0.468963,-0.103634,-0.466028,-0.883215,-0.052433,-0.116120,0.002307,0.993233,0,0.56000,0.02128,33.600,0.043,-1,425.000,-1,375.000,725.000,350.000,325.000,300.000,275.000,-1,600.000,650.000,-1,675.000,600.000,850.000,875.000,2,0,2,0,0,0,0,0,0,2,1,1,2,1,0,1,0
7,2146.142,8120.066,87.070,-152.019,-0.876926,0.469181,-0.104256,-0.466031,-0.883102,-0.054283,-0.117537,0.000985,0.993068,0,0.58033,0.00703,34.820,0.014,950.000,425.000,-1,375.000,700.000,350.000,325.000,300.000,275.000,-1,625.000,700.000,-1,675.000,600.000,800.000,825.000,1,0,2,0,0,0,0,0,0,2,1,1,2,1,0,1,0
8,2114.830,8103.440,82.880,-152.034,-0.876979,0.468943,-0.104884,-0.465532,-0.883228,-0.056456,-0.119111,-0.000684,0.992881,0,0.59087,-0.00773,35.452,-0.015,900.000,425.000,-1,350.000,700.000,325.000,325.000,300.000,275.000,-1,675.000,725.000,-1,650.000,575.000,775.000,775.000,1,0,2,0,0,0,0,0,0,2,1,1,2,1,0,1,0
9,2079.222,8084.668,78.126,-152.203,-0.878280,0.466336,-0.105622,-0.462560,-0.884602,-0.059310,-0.121092,-0.003234,0.992636,0,0.67087,-0.08442,40.252,-0.169,825.000,400.000,1000.000,350.000,650.000,325.000,300.000,300.000,275.000,-1,725.000,775.000,-1,600.000,575.000,725.000,725.000,1,0,1,0,0,0,0,0,0,2,1,1,2,1,0,1,0
10,2039.387,8063.831,72.734,-152.388,-0.879723,0.463472,-0.106218,-0.459278,-0.886090,-0.062514,-0.123092,-0.006212,0.992376,0,0.74925,-0.09246,44.955,-0.185,750.000,400.000,950.000,350.000,625.000,325.000,300.000,300.000,275.000,-1,750.000,825.000,-1,575.000,550.000,650.000,700.000,1,0,1,0,0,0,0,0,0,2,1,1,2,1,0,1,0
11,1998.811,8042.787,67.892,-152.591,-0.881710,0.460311,-0.103451,-0.455539,-0.887675,-0.067216,-0.122771,-0.012139,0.992361,0,0.76181,-0.10128,45.709,-0.203,675.000,400.000,900.000,350.000,650.000,300.000,300.000,275.000,275.000,-1,800.000,875.000,-1,550.000,550.000,600.000,700.000,1,0,1,0,0,0,0,0,0,2,1,1,2,1,0,1,1
12,1957.479,8021.551,62.868,-152.811,-0.883852,0.456855,-0.100443,-0.451514,-0.889353,-0.072022,-0.122233,-0.018305,0.992333,0,0.77447,-0.11004,46.468,-0.220,625.000,375.000,850.000,325.000,650.000,300.000,300.000,275.000,275.000,-1,850.000,900.000,-1,525.000,550.000,550.000,675.000,1,0,1,0,1,0,0,0,0,2,1,1,2,1,0,1,1
13,1915.378,8000.141,57.656,-153.048,-0.886144,0.453104,-0.097189,-0.447207,-0.891115,-0.076940,-0.121468,-0.024716,0.992288,0,0.78720,-0.11870,47.232,-0.237,550.000,375.000,800.000,325.000,650.000,300.000,275.000,275.000,300.000,-1,900.000,950.000,-1,500.000,550.000,500.000,650.000,1,1,1,0,1,0,0,0,0,2,1,1,2,1,0,1,1
14,1872.498,7978.572,52.316,-153.303,-0.888545,0.449061,-0.093977,-0.442636,-0.892959,-0.081840,-0.120669,-0.031121,0.992205,0,0.79998,-0.12723,47.999,-0.254,475.000,350.000,775.000,325.000,625.000,300.000,275.000,275.000,300.000,-1,950.000,1000.000,-1,475.000,550.000,450.000,600.000,1,1,1,0,1,0,0,0,0,2,1,1,2,1,0,1,1
15,1828.745,7957.035,46.894,-153.797,-0.892751,0.441237,-0.091132,-0.434291,-0.896595,-0.086654,-0.119943,-0.037783,0.992062,0,0.81278,-0.24723,48.767,-0.494,425.000,350.000,725.000,325.000,600.000,300.000,275.000,275.000,300.000,1000.000,975.000,-1,-1,450.000,550.000,400.000,575.000,1,1,1,0,1,0,0,0,0,0,1,2,2,1,1,1,1
16,1784.123,7935.559,42.162,-154.302,-0.897044,0.433269,-0.087118,-0.426388,-0.900328,-0.087191,-0.116212,-0.041068,0.992375,0,0.82536,-0.25223,49.522,-0.504,375.000,325.000,675.000,325.000,575.000,275.000,275.000,275.000,300.000,950.000,-1,-1,-1,425.000,525.000,350.000,525.000,1,1,1,0,1,0,0,0,0,0,2,2,2,1,1,1,1
17,1738.650,7914.132,38.114,-154.769,-0.901058,0.425914,-0.081808,-0.419647,-0.903838,-0.083505,-0.109507,-0.040912,0.993144,0,0.83783,-0.23368,50.270,-0.467,325.000,325.000,625.000,325.000,550.000,300.000,275.000,275.000,300.000,900.000,-1,-1,-1,400.000,475.000,325.000,500.000,1,1,1,0,1,0,0,0,0,0,2,2,2,1,1,1,1
18,1692.346,7892.737,34.459,-155.198,-0.904766,0.419175,-0.075441,-0.413827,-0.907089,-0.077055,-0.100731,-0.038497,0.994169,0,0.85017,-0.21449,51.010,-0.429,300.000,325.000,600.000,350.000,500.000,300.000,300.000,300.000,300.000,875.000,600.000,-1,-1,400.000,450.000,300.000,475.000,1,1,1,0,1,0,0,0,0,0,0,2,2,1,1,1,1
19,1645.232,7871.357,31.025,-155.587,-0.908148,0.413062,-0.068173,-0.408770,-0.910048,-0.068695,-0.090416,-0.034518,0.995306,0,0.86234,-0.19465,51.741,-0.389,275.000,300.000,550.000,350.000,475.000,300.000,300.000,300.000,300.000,875.000,350.000,550.000,-1,400.000,425.000,275.000,450.000,1,1,1,0,1,0,0,0,0,0,0,0,2,1,1,1,1
20,1597.335,7849.972,27.822,-155.935,-0.911192,0.407596,-0.059962,-0.404431,-0.912704,-0.058364,-0.078516,-0.028930,0.996493,0,0.87428,-0.17413,52.457,-0.348,250.000,300.000,525.000,350.000,450.000,325.000,325.000,325.000,275.000,850.000,250.000,300.000,-1,375.000,400.000,250.000,400.000,1,1,1,1,1,1,0,0,0,0,0,0,2,1,1,1,1
21,1549.123,7828.779,24.974,-156.266,-0.914049,0.402390,-0.050957,-0.400302,-0.915200,-0.046549,-0.065367,-0.022150,0.997615,0,0.87777,-0.16536,52.666,-0.331,225.000,300.000,475.000,325.000,400.000,325.000,325.000,350.000,275.000,850.000,200.000,200.000,-1,375.000,375.000,250.000,375.000,1,1,1,1,1,1,1,0,0,0,0,0,2,1,1,1,1
22,1500.680,7807.801,22.440,-156.581,-0.916717,0.397418,-0.041106,-0.396288,-0.917530,-0.033077,-0.050861,-0.014032,0.998607,0,0.87988,-0.15728,52.793,-0.315,225.000,300.000,450.000,300.000,375.000,325.000,300.000,375.000,275.000,850.000,150.000,150.000,-1,350.000,350.000,225.000,350.000,1,1,1,1,1,1,1,0,0,0,0,0,2,1,1,1,1
23,1452.047,7787.037,20.195,-156.878,-0.919170,0.392689,-0.030374,-0.392308,-0.919661,-0.017858,-0.034946,-0.004498,0.999379,0,0.88135,-0.14858,52.881,-0.297,200.000,300.000,400.000,275.000,325.000,275.000,275.000,400.000,275.000,850.000,150.000,125.000,825.000,325.000,325.000,200.000,300.000,1,1,1,1,1,1,1,0,0,0,0,0,0,1,1,1,1
24,1403.273,7766.491,18.982,-157.156,-0.921357,0.388216,-0.019721,-0.388210,-0.921561,-0.004288,-0.019839,0.003705,0.999796,0,0.88211,-0.13922,52.926,-0.278,175.000,275.000,375.000,250.000,275.000,250.000,250.000,400.000,250.000,850.000,150.000,100.000,650.000,300.000,300.000,200.000,275.000,1,1,1,1,1,1,1,1,0,0,0,0,0,1,1,1,1
25,1354.409,7746.166,20.776,-157.415,-0.923307,0.384058,0.001811,-0.384048,-0.923304,0.004159,0.003270,0.003144,0.999990,0,0.88205,-0.12915,52.923,-0.258,175.000,250.000,350.000,225.000,275.000,225.000,225.000,375.000,275.000,775.000,125.000,100.000,575.000,275.000,275.000,175.000,250.000,1,1,1,1,1,1,1,1,0,0,0,0,0,1,1,1,1
26,1305.514,7726.065,25.856,-157.651,-0.924175,0.380232,0.036391,-0.380236,-0.924862,0.007093,0.036353,-0.007282,0.999312,0,0.88107,-0.11835,52.864,-0.237,150.000,225.000,350.000,225.000,300.000,225.000,225.000,325.000,300.000,650.000,125.000,100.000,525.000,275.000,275.000,175.000,250.000,1,1,1,1,1,1,1,1,0,0,0,0,0,1,1,1,1
27,1256.654,7706.190,31.750,-157.865,-0.923406,0.376729,0.073466,-0.377039,-0.926142,0.010126,0.071855,-0.018350,0.997246,0,0.87906,-0.10679,52.743,-0.214,150.000,225.000,350.000,225.000,325.000,200.000,200.000,275.000,350.000,550.000,100.000,75.000,500.000,275.000,275.000,175.000,275.000,1,1,1,1,1,1,1,1,0,0,0,0,0,1,1,1,1
28,-983.539,8855.485,54.352,-40.833,0.738008,0.628866,-0.244686,-0.669504,0.727694,-0.149080,0.084306,0.273840,0.958073,1,0.00000,0.00000,52.555,-0.189,-1,600.000,-1,500.000,375.000,400.000,425.000,300.000,200.000,-1,-1,-1,500.000,-1,550.000,-1,450.000,2,1,2,1,1,1,1,1,0,2,2,2,0,2,1,2,1
29,-2300.419,-329.173,-188.515,-165.647,-0.963579,0.247301,0.101777,-0.252781,-0.966485,-0.044813,0.087283,-0.068908,0.993797,1,0.08000,-0.12000,4.800,-0.240,-1,425.000,-1,375.000,-1,325.000,325.000,325.000,325.000,-1,-1,-1,-1,900.000,825.000,-1,-1,2,0,2,0,2,0,0,0,0,2,2,2,2,0,0,2,2
30,-2309.739,-331.474,-187.657,-166.127,-0.965641,0.239203,0.101585,-0.244676,-0.968552,-0.045172,0.087585,-0.068476,0.993801,0,0.16000,-0.24000,9.600,-0.480,-1,425.000,-1,375.000,-1,325.000,325.000,325.000,325.000,-1,-1,-1,-1,900.000,825.000,-1,-1,2,0,2,0,2,0,0,0,0,2,2,2,2,0,0,2,2
31,-2323.761,-334.750,-186.361,-166.847,-0.968607,0.227024,0.101298,-0.232487,-0.971525,-0.045698,0.088039,-0.067814,0.993806,0,0.24000,-0.36000,14.400,-0.720,-1,425.000,-1,375.000,-1,325.000,325.000,325.000,325.000,-1,-1,-1,-1,900.000,825.000,-1,-1,2,0,2,0,2,0,0,0,0,2,2,2,2,0,0,2,2
32,-2342.529,-338.804,-184.615,-167.807,-0.972322,0.210727,0.100913,-0.216176,-0.975252,-0.046378,0.088642,-0.066910,0.993814,0,0.32000,-0.48000,19.200,-0.960,-1,400.000,-1,400.000,-1,325.000,325.000,325.000,325.000,-1,-1,-1,-1,900.000,825.000,-1,-1,2,0,2,0,2,0,0,0,0,2,2,2,2,0,0,2,2
33,-2366.077,-343.440,-182.408,-168.861,-0.976090,0.192771,0.100439,-0.198208,-0.979022,-0.047208,0.089232,-0.065987,0.993823,0,0.40000,-0.52678,24.000,-1.054,-1,400.000,-1,400.000,-1,325.000,325.000,325.000,325.000,-1,-1,-1,-1,900.000,825.000,-1,-1,2,0,2,0,2,0,0,0,0,2,2,2,2,0,0,2,2
34,-2394.433,-348.483,-179.730,-169.915,-0.979534,0.174745,0.099882,-0.180179,-0.982453,-0.048180,0.089710,-0.065191,0.993832,0,0.48000,-0.52683,28.800,-1.054,-1,400.000,-1,400.000,-1,325.000,325.000,325.000,325.000,-1,-1,-1,-1,900.000,850.000,-1,-1,2,0,2,0,2,0,0,0,0,2,2,2,2,0,0,2,2
35,-2427.617,-353.757,-176.575,-170.968,-0.982655,0.156654,0.099243,-0.162092,-0.985544,-0.049285,0.090088,-0.064517,0.993842,0,0.56000,-0.52690,33.600,-1.054,-1,425.000,-1,400.000,-1,325.000,325.000,325.000,325.000,-1,-1,-1,-1,900.000,850.000,-1,-1,2,0,2,0,2,0,0,0,0,2,2,2,2,0,0,2,2
36,-2465.645,-359.086,-172.937,-172.022,-0.985449,0.138504,0.098524,-0.143954,-0.988295,-0.050509,0.090375,-0.063957,0.993852,0,0.64000,-0.52699,38.400,-1.054,-1,425.000,1000.000,400.000,-1,325.000,325.000,325.000,325.000,-1,-1,-1,-1,900.000,850.000,-1,1000.000,2,0,1,0,2,0,0,0,0,2,2,2,2,0,1,2,1
37,-2508.531,-364.293,-168.807,-173.076,-0.987915,0.120303,0.097728,-0.125771,-0.990704,-0.051839,0.090583,-0.063504,0.993862,0,0.72000,-0.52704,43.200,-1.054,-1,425.000,950.000,400.000,-1,325.000,325.000,325.000,325.000,-1,-1,-1,-1,875.000,825.000,-1,975.000,2,0,1,0,2,0,0,0,0,2,2,2,2,0,1,2,1
38,-2556.279,-369.201,-164.179,-174.130,-0.990052,0.102060,0.096857,-0.107551,-0.992772,-0.053260,0.090721,-0.063147,0.993872,0,0.80000,-0.52705,48.000,-1.054,-1,425.000,900.000,400.000,-1,325.000,325.000,325.000,325.000,-1,-1,-1,-1,850.000,775.000,-1,925.000,2,0,1,0,2,0,0,0,0,2,2,2,2,1,1,2,1
39,-2608.893,-373.633,-159.113,-175.184,-0.991847,0.083785,0.096022,-0.089286,-0.994514,-0.054498,0.090929,-0.062627,0.993886,0,0.88000,-0.52696,52.800,-1.054,-1,425.000,850.000,400.000,-1,325.000,325.000,325.000,325.000,-1,-1,-1,-1,800.000,750.000,925.000,900.000,2,0,1,0,2,0,0,0,0,2,2,2,2,1,1,1,1
40,-2665.559,-377.358,-154.263,-176.238,-0.993391,0.065492,0.094264,-0.070834,-0.995999,-0.054485,0.090319,-0.060802,0.994055,0,0.94647,-0.52677,56.788,-1.054,-1,425.000,775.000,400.000,-1,325.000,325.000,325.000,325.000,-1,-1,-1,-1,725.000,700.000,850.000,850.000,2,0,1,0,2,0,0,0,0,2,2,2,2,1,1,1,1
41,-2722.733,-380.063,-149.539,-177.291,-0.994625,0.047184,0.092172,-0.052419,-0.997097,-0.055228,0.089298,-0.059763,0.994210,0,0.95397,-0.52640,57.238,-1.053,950.000,400.000,725.000,400.000,-1,325.000,325.000,325.000,325.000,-1,-1,-1,-1,675.000,650.000,775.000,800.000,1,0,1,0,2,0,0,0,0,2,2,2,2,1,1,1,1
42,-2780.401,-381.732,-144.726,-178.342,-0.995517,0.028879,0.090068,-0.033997,-0.997862,-0.055825,0.088263,-0.058637,0.994370,0,0.96154,-0.52578,57.693,-1.052,825.000,400.000,650.000,400.000,-1,325.000,325.000,325.000,325.000,-1,-1,-1,-1,600.000,600.000,700.000,725.000,1,0,1,0,2,0,0,0,0,2,2,2,2,1,1,1,1
43,-2838.550,-382.348,-139.825,-179.392,-0.996068,0.010593,0.087952,-0.015585,-0.998294,-0.056273,0.087206,-0.057423,0.994534,0,0.96919,-0.52489,58.151,-1.050,725.000,400.000,600.000,400.000,-1,325.000,325.000,325.000,325.000,-1,-1,-1,-1,550.000,550.000,625.000,675.000,1,0,1,0,2,0,0,0,0,2,2,2,2,1,1,1,1
44,-2897.161,-381.898,-134.836,-180.439,-0.996281,-0.007658,0.085827,0.002801,-0.998395,-0.056572,0.086123,-0.056121,0.994703,0,0.97690,-0.52371,58.614,-1.047,625.000,400.000,525.000,400.000,-1,325.000,325.000,325.000,300.000,-1,-1,-1,-1,500.000,500.000,550.000,625.000,1,0,1,0,2,0,0,0,0,2,2,2,2,1,1,1,1
45,-2956.221,-380.367,-129.757,-181.484,-0.996156,-0.025858,0.083693,0.021145,-0.998166,-0.056721,0.085006,-0.054733,0.994876,0,0.98465,-0.52222,59.079,-1.044,550.000,375.000,475.000,400.000,-1,325.000,325.000,325.000,300.000,-1,-1,-1,-1,425.000,450.000,475.000,575.000,1,1,1,1,2,0,0,0,0,2,2,2,2,1,1,1,1
46,-3015.710,-377.743,-124.589,-182.525,-0.995698,-0.043988,0.081549,0.039427,-0.997611,-0.056718,0.083850,-0.053258,0.995054,0,0.99245,-0.52039,59.547,-1.041,450.000,325.000,400.000,350.000,-1,300.000,325.000,325.000,325.000,-1,-1,-1,-1,375.000,400.000,425.000,500.000,1,1,1,1,2,1,1,0,0,2,2,2,2,1,1,1,1
47,-3075.594,-374.016,-119.334,-183.561,-0.994911,-0.062030,0.079399,0.057630,-0.996734,-0.056562,0.082648,-0.051698,0.995237,0,1.00000,-0.51819,60.000,-1.036,375.000,275.000,350.000,300.000,-1,275.000,275.000,325.000,325.000,-1,-1,-1,-1,325.000,350.000,350.000,450.000,1,1,1,1,2,1,1,0,0,2,2,2,2,1,1,1,1
48,-3135.401,-369.211,-114.032,-184.592,-0.993799,-0.079964,0.077257,0.075731,-0.995540,-0.056254,0.081411,-0.050054,0.995423,0,1.00000,-0.51559,60.000,-1.031,300.000,225.000,275.000,250.000,-1,225.000,225.000,325.000,325.000,-1,-1,-1,-1,250.000,300.000,275.000,400.000,1,1,1,1,2,1,1,0,0,2,2,2,2,1,1,1,1
49,-3195.113,-363.338,-108.683,-185.617,-0.992370,-0.097770,0.075124,0.093711,-0.994035,-0.055794,0.080131,-0.048329,0.995612,0,1.00000,-0.51254,60.000,-1.025,225.000,175.000,225.000,225.000,-1,175.000,175.000,325.000,325.000,-1,-1,-1,-1,200.000,250.000,200.000,325.000,1,1,1,1,2,1,1,0,0,2,2,2,2,1,1,1,1
50,-3254.711,-356.403,-103.093,-186.635,-0.990543,-0.115430,0.074166,0.111549,-0.992263,-0.054503,0.079883,-0.045714,0.995755,0,1.00000,-0.50900,60.000,-1.018,150.000,125.000,175.000,175.000,-1,125.000,150.000,325.000,325.000,-1,-1,-1,-1,150.000,200.000,150.000,275.000,1,1,1,1,2,1,1,0,0,2,2,2,2,1,1,1,1
51,-3314.191,-348.423,-82.649,-187.645,-0.982401,-0.133015,0.131128,0.134321,-0.990937,0.001125,0.129790,0.018719,0.991365,0,1.00000,-0.50492,60.000,-1.010,150.000,125.000,175.000,175.000,-1,100.000,150.000,525.000,275.000,-1,400.000,25.000,-1,125.000,200.000,125.000,275.000,1,1,1,1,2,1,1,0,0,2,0,0,2,1,1,1,1
52,-5575.264,-3607.742,-58.214,-44.669,0.648531,0.702755,0.292478,-0.655638,0.710928,-0.254403,-0.386713,-0.026772,0.921811,1,0.00000,0.00000,60.000,-1.000,325.000,225.000,425.000,225.000,350.000,200.000,200.000,125.000,150.000,300.000,-1,-1,375.000,300.000,300.000,275.000,300.000,0,0,0,0,0,0,0,1,1,1,2,2,1,0,0,0,0
53,-6882.758,7541.634,-116.090,-19.363,0.943267,0.331425,-0.020142,-0.331835,0.943070,-0.022467,0.011549,0.027876,0.999545,1,0.08000,-0.12000,4.800,-0.240,-1,375.000,-1,400.000,-1,325.000,325.000,300.000,325.000,-1,-1,-1,-1,725.000,725.000,-1,-1,2,0,2,0,2,0,0,0,0,2,2,2,2,0,0,2,2
54,-6873.728,7538.376,-115.968,-19.843,0.940458,0.339312,-0.020172,-0.339722,0.940256,-0.022524,0.011324,0.028036,0.999543,0,0.16000,-0.24000,9.600,-0.480,-1,375.000,-1,400.000,-1,325.000,325.000,300.000,325.000,-1,-1,-1,-1,725.000,725.000,-1,-1,2,0,2,0,2,0,0,0,0,2,2,2,2,0,0,2,2
55,-6860.245,7533.318,-115.789,-20.563,0.936120,0.351098,-0.020222,-0.351508,0.935912,-0.022610,0.010988,0.028274,0.999540,0,0.24000,-0.36000,14.400,-0.720,-1,375.000,-1,400.000,-1,325.000,325.000,300.000,325.000,-1,-1,-1,-1,725.000,725.000,-1,-1,2,0,2,0,2,0,0,0,0,2,2,2,2,0,0,2,2
56,-6842.382,7526.277,-115.560,-21.512,0.930175,0.366554,-0.020302,-0.366964,0.929958,-0.022726,0.010550,0.028589,0.999536,0,0.32000,-0.47469,19.200,-0.949,-1,375.000,-1,400.000,-1,325.000,325.000,300.000,325.000,-1,-1,-1,-1,725.000,725.000,-1,-1,2,0,2,0,2,0,0,0,0,2,2,2,2,0,0,2,2
57,-6820.205,7517.102,-115.289,-22.477,0.923874,0.382150,-0.020433,-0.382561,0.923647,-0.022863,0.010135,0.028939,0.999530,0,0.40000,-0.48219,24.000,-0.964,-1,375.000,-1,400.000,-1,325.000,325.000,300.000,325.000,-1,-1,-1,-1,700.000,725.000,-1,-1,2,0,2,0,2,0,0,0,0,2,2,2,2,0,0,2,2
58,-6793.786,7505.636,-114.981,-23.460,0.917180,0.397939,-0.020619,-0.398354,0.916943,-0.023013,0.009749,0.029321,0.999522,0,0.48000,-0.49164,28.800,-0.983,-1,375.000,-1,400.000,-1,325.000,325.000,300.000,325.000,-1,-1,-1,-1,700.000,700.000,-1,-1,2,0,2,0,2,0,0,0,0,2,2,2,2,0,0,2,2
59,-6763.203,7491.721,-114.640,-24.466,0.910049,0.413975,-0.020866,-0.414394,0.909803,-0.023165,0.009394,0.029728,0.999514,0,0.56000,-0.50308,33.600,-1.006,-1,375.000,-1,400.000,-1,325.000,325.000,300.000,325.000,-1,-1,-1,-1,700.000,700.000,-1,-1,2,0,2,0,2,0,0,0,0,2,2,2,2,0,0,2,2
60,-6728.543,7475.189,-114.270,-25.499,0.902435,0.430305,-0.021175,-0.430730,0.902180,-0.023301,0.009077,0.030149,0.999504,0,0.64000,-0.51654,38.400,-1.033,-1,375.000,-1,400.000,-1,325.000,325.000,300.000,325.000,-1,-1,-1,-1,700.000,700.000,-1,-1,2,0,2,0,2,0,0,0,0,2,2,2,2,0,0,2,2
61,-6689.903,7455.871,-113.891,-26.563,0.894284,0.446981,-0.021566,-0.447413,0.894023,-0.023327,0.008854,0.030510,0.999495,0,0.72000,-0.53205,43.200,-1.064,-1,375.000,-1,375.000,-1,325.000,325.000,300.000,300.000,-1,-1,-1,-1,700.000,700.000,-1,-1,2,0,2,0,2,0,0,0,0,2,2,2,2,0,0,2,2
62,-6647.390,7433.586,-113.514,-27.663,0.885540,0.464046,-0.021918,-0.464484,0.885277,-0.023249,0.008615,0.030768,0.999489,0,0.80000,-0.54963,48.000,-1.099,-1,375.000,-1,375.000,-1,300.000,325.000,300.000,300.000,-1,-1,-1,-1,700.000,700.000,-1,-1,2,0,2,0,2,0,0,0,0,2,2,2,2,0,0,2,2
63,-6602.029,7408.648,-112.962,-28.801,0.876125,0.481532,-0.023077,-0.482002,0.875856,-0.023468,0.008912,0.031684,0.999458,0,0.86273,-0.56930,51.764,-1.139,-1,375.000,-1,375.000,-1,300.000,300.000,300.000,300.000,-1,-1,-1,-1,700.000,675.000,-1,-1,2,0,2,0,2,0,0,0,0,2,2,2,2,0,0,2,2
64,-6556.430,7382.340,-112.393,-29.983,0.865988,0.499470,-0.024371,-0.499978,0.865714,-0.023678,0.009272,0.032690,0.999423,0,0.87739,-0.59065,52.643,-1.181,-1,375.000,-1,375.000,-1,300.000,300.000,325.000,300.000,-1,-1,-1,-1,675.000,675.000,-1,-1,2,0,2,0,2,0,0,0,0,2,2,2,2,0,0,2,2
65,-6510.717,7354.653,-111.817,-31.202,0.855134,0.517766,-0.025750,-0.518316,0.854856,-0.023849,0.009664,0.033741,0.999384,0,0.89073,-0.60984,53.444,-1.220,-1,375.000,-1,375.000,-1,300.000,300.000,325.000,300.000,-1,-1,-1,-1,675.000,675.000,-1,-1,2,0,2,0,2,0,0,0,0,2,2,2,2,0,0,2,2
66,-6465.603,7326.000,-111.228,-32.422,0.843892,0.535827,-0.027123,-0.536419,0.843612,-0.023951,0.010048,0.034762,0.999345,0,0.89073,-0.60984,53.444,-1.220,-1,375.000,-1,375.000,-1,300.000,300.000,325.000,300.000,-1,-1,-1,-1,675.000,675.000,-1,-1,2,0,2,0,2,0,0,0,0,2,2,2,2,0,0,2,2
67,-6421.110,7296.393,-110.623,-33.642,0.832267,0.553643,-0.028484,-0.554277,0.831986,-0.023984,0.010420,0.035749,0.999306,0,0.89073,-0.60984,53.444,-1.220,-1,375.000,-1,375.000,-1,300.000,300.000,325.000,300.000,-1,-1,-1,-1,675.000,675.000,-1,-1,2,0,2,0,2,0,0,0,0,2,2,2,2,0,0,2,2
68,-6377.257,7265.845,-109.990,-34.861,0.820259,0.571208,-0.029927,-0.571887,0.819986,-0.023823,0.010931,0.036656,0.999268,0,0.89073,-0.60984,53.444,-1.220,-1,375.000,-1,375.000,-1,300.000,300.000,325.000,300.000,-1,-1,-1,-1,650.000,675.000,-1,-1,2,0,2,0,2,0,0,0,0,2,2,2,2,0,0,2,2
69,-6334.064,7234.370,-109.169,-36.081,0.807864,0.588528,-0.031473,-0.589246,0.807635,-0.022706,0.012056,0.036889,0.999247,0,0.89073,-0.60984,53.444,-1.220,-1,375.000,-1,375.000,-1,300.000,300.000,300.000,300.000,-1,-1,-1,-1,650.000,675.000,-1,-1,2,0,2,0,2,0,0,0,0,2,2,2,2,0,0,2,2
70,-6294.972,7204.847,-108.312,-37.061,0.797625,0.602255,-0.032918,-0.603002,0.797459,-0.021162,0.013506,0.036729,0.999234,0,0.81647,-0.48984,48.988,-0.980,-1,375.000,-1,375.000,-1,300.000,300.000,300.000,300.000,-1,-1,-1,-1,650.000,675.000,-1,-1,2,0,2,0,2,0,0,0,0,2,2,2,2,0,0,2,2
71,-6256.264,7174.821,-107.449,-37.800,0.789721,0.612503,-0.034364,-0.613280,0.789622,-0.019611,0.015122,0.036562,0.999217,0,0.81647,-0.36984,48.988,-0.740,-1,375.000,-1,375.000,-1,300.000,300.000,300.000,300.000,-1,925.000,750.000,-1,650.000,700.000,-1,-1,2,0,2,0,2,0,0,0,0,2,0,0,2,0,0,2,2
72,-6217.819,7144.460,-106.572,-38.300,0.784282,0.619370,-0.035821,-0.620175,0.784256,-0.018064,0.016904,0.036382,0.999195,0,0.81647,-0.24984,48.988,-0.500,-1,375.000,-1,375.000,-1,300.000,300.000,300.000,300.000,-1,725.000,625.000,-1,650.000,700.000,-1,-1,2,0,2,0,2,0,0,0,0,2,0,0,2,0,0,2,2
73,-6179.512,7113.924,-105.694,-38.560,0.781392,0.622924,-0.037301,-0.623754,0.781448,-0.016432,0.018913,0.036106,0.999169,0,0.81647,-0.12984,48.988,-0.260,-1,375.000,-1,375.000,-1,300.000,300.000,300.000,300.000,-1,625.000,575.000,-1,650.000,700.000,-1,-1,2,0,2,0,2,0,0,0,0,2,0,0,2,0,0,2,2
74,-6141.303,7083.266,-104.770,-38.742,0.779328,0.625414,-0.038809,-0.626268,0.779464,-0.014956,0.020896,0.035961,0.999135,0,0.81647,-0.09125,48.988,-0.183,-1,375.000,-1,375.000,-1,300.000,300.000,300.000,300.000,-1,550.000,500.000,-1,650.000,700.000,-1,-1,2,0,2,0,2,0,0,0,0,2,0,0,2,0,0,2,2
75,-6103.154,7052.463,-103.705,-38.920,0.777315,0.627816,-0.040350,-0.628709,0.777512,-0.014128,0.022503,0.036350,0.999086,0,0.81719,-0.08873,49.031,-0.177,-1,375.000,-1,375.000,-1,300.000,300.000,300.000,300.000,-1,525.000,500.000,-1,650.000,700.000,-1,-1,2,0,2,0,2,0,0,0,0,2,0,0,2,0,0,2,2
76,-6065.068,7021.521,-102.611,-39.092,0.775351,0.630137,-0.041926,-0.631071,0.775610,-0.013367,0.024095,0.036822,0.999031,0,0.81786,-0.08604,49.071,-0.172,-1,375.000,-1,375.000,-1,300.000,325.000,300.000,300.000,-1,500.000,475.000,-1,650.000,700.000,-1,-1,2,0,2,0,2,0,0,0,0,2,0,0,2,0,0,2,2
77,-6027.048,6990.447,-101.489,-39.259,0.773431,0.632383,-0.043537,-0.633360,0.773753,-0.012674,0.025672,0.037378,0.998971,0,0.81838,-0.08354,49.103,-0.167,-1,375.000,-1,375.000,-1,300.000,325.000,300.000,300.000,-1,500.000,475.000,-1,650.000,700.000,-1,-1,2,0,2,0,2,0,0,0,0,2,0,0,2,0,0,2,2
78,-5989.098,6959.252,-100.266,-39.421,0.771536,0.634552,-0.045554,-0.635592,0.771930,-0.012129,0.027468,0.038312,0.998888,0,0.81876,-0.08123,49.125,-0.162,-1,375.000,-1,375.000,-1,300.000,325.000,300.000,300.000,-1,475.000,450.000,-1,650.000,675.000,-1,-1,2,0,2,0,2,0,0,0,0,2,0,0,2,0,0,2,2
79,-5951.223,6927.944,-98.781,-39.580,0.769622,0.636632,-0.048803,-0.637794,0.770115,-0.011901,0.030007,0.040286,0.998738,0,0.81900,-0.07910,49.140,-0.158,-1,375.000,-1,400.000,-1,300.000,325.000,325.000,300.000,-1,475.000,425.000,-1,650.000,675.000,-1,-1,2,0,2,0,2,0,0,0,0,2,0,0,2,0,0,2,2
80,-5913.426,6896.528,-97.273,-39.734,0.767734,0.638650,-0.052057,-0.639943,0.768333,-0.011727,0.032507,0.042317,0.998575,0,0.81913,-0.07717,49.148,-0.154,-1,375.000,-1,400.000,-1,300.000,325.000,325.000,300.000,-1,450.000,425.000,-1,650.000,675.000,-1,-1,2,0,2,0,2,0,0,0,0,2,0,0,2,0,0,2,2
81,-5875.712,6865.013,-95.733,-39.885,0.765877,0.640616,-0.055169,-0.642041,0.766583,-0.011579,0.034874,0.044289,0.998410,0,0.81913,-0.07543,49.148,-0.151,-1,375.000,-1,375.000,-1,300.000,325.000,325.000,300.000,-1,450.000,400.000,-1,650.000,675.000,-1,-1,2,0,2,0,2,0,0,0,0,2,0,0,2,0,0,2,2
82,-5838.083,6833.405,-94.079,-40.033,0.764067,0.642544,-0.057787,-0.644082,0.764872,-0.011386,0.036883,0.045919,0.998264,0,0.81904,-0.07390,49.142,-0.148,-1,375.000,-1,375.000,-1,300.000,325.000,325.000,300.000,-1,450.000,400.000,-1,675.000,675.000,-1,-1,2,0,2,0,2,0,0,0,0,2,0,0,2,0,0,2,2
83,-5800.544,6801.708,-92.242,-40.178,0.762321,0.644448,-0.059616,-0.646062,0.763204,-0.011095,0.038349,0.046974,0.998160,0,0.81885,-0.07256,49.131,-0.145,-1,375.000,-1,375.000,-1,300.000,325.000,300.000,300.000,-1,475.000,400.000,-1,675.000,675.000,-1,-1,2,0,2,0,2,0,0,0,0,2,0,0,2,0,0,2,2
84,-5763.096,6769.928,-90.339,-40.321,0.760608,0.646320,-0.061194,-0.648001,0.761562,-0.010818,0.039612,0.047882,0.998067,0,0.81858,-0.07142,49.115,-0.143,-1,375.000,-1,375.000,-1,300.000,300.000,300.000,300.000,-1,475.000,425.000,-1,700.000,675.000,-1,-1,2,0,2,0,2,0,0,0,0,2,0,0,2,0,0,2,2
85,-5725.742,6738.069,-88.426,-40.461,0.758910,0.648162,-0.062782,-0.649914,0.759934,-0.010606,0.040836,0.048851,0.997971,0,0.81825,-0.07049,49.095,-0.141,-1,375.000,-1,375.000,-1,300.000,300.000,300.000,300.000,-1,500.000,450.000,-1,700.000,675.000,-1,-1,2,0,2,0,2,0,0,0,0,2,0,0,2,0,0,2,2
86,-5688.484,6706.135,-86.504,-40.601,0.757222,0.649978,-0.064379,-0.651805,0.758314,-0.010459,0.042021,0.049882,0.997871,0,0.81786,-0.06977,49.071,-0.140,-1,375.000,-1,375.000,-1,300.000,300.000,300.000,300.000,-1,525.000,475.000,-1,725.000,675.000,-1,-1,2,0,2,0,2,0,0,0,0,2,0,0,2,0,0,2,2
87,-5651.322,6674.127,-84.473,-40.740,0.755529,0.651785,-0.065969,-0.653672,0.756713,-0.009907,0.043462,0.050607,0.997773,0,0.81742,-0.06925,49.045,-0.139,-1,375.000,-1,375.000,-1,300.000,300.000,300.000,300.000,-1,550.000,475.000,-1,725.000,675.000,-1,-1,2,0,2,0,2,0,0,0,0,2,0,0,2,0,0,2,2
88,-5614.259,6642.047,-82.188,-40.877,0.753815,0.653608,-0.067521,-0.655503,0.755147,-0.008255,0.045593,0.050482,0.997684,0,0.81696,-0.06894,49.018,-0.138,-1,375.000,-1,375.000,-1,300.000,300.000,300.000,300.000,-1,525.000,500.000,-1,750.000,675.000,-1,-1,2,0,2,0,2,0,0,0,0,2,0,0,2,0,0,2,2
89,-5581.017,6612.889,-80.002,-41.255,0.749344,0.658587,-0.068892,-0.660462,0.750835,-0.006140,0.047683,0.050101,0.997605,0,0.73696,-0.18894,44.218,-0.378,-1,375.000,-1,375.000,-1,300.000,300.000,300.000,300.000,-1,500.000,475.000,-1,775.000,675.000,-1,-1,2,0,2,0,2,0,0,0,0,2,0,0,2,0,0,2,2
90,-5549.020,6584.207,-77.805,-41.873,0.742050,0.666662,-0.070165,-0.668496,0.743707,-0.003650,0.049749,0.049614,0.997529,0,0.71616,-0.30894,42.970,-0.618,-1,375.000,-1,375.000,-1,300.000,300.000,300.000,300.000,-1,475.000,450.000,-1,775.000,700.000,-1,-1,2,0,2,0,2,0,0,0,0,2,0,0,2,0,0,2,2
91,-5517.430,6555.127,-75.596,-42.631,0.733024,0.676446,-0.071391,-0.678253,0.734827,-0.001463,0.051470,0.049493,0.997447,0,0.71561,-0.37900,42.936,-0.758,-1,375.000,-1,375.000,-1,325.000,325.000,300.000,300.000,-1,450.000,450.000,-1,800.000,700.000,-1,-1,2,0,2,0,2,0,0,0,0,2,0,0,2,0,0,2,2
92,-5486.252,6525.655,-73.156,-43.390,0.723879,0.686089,-0.072671,-0.687943,0.725764,-0.000679,0.052276,0.050485,0.997356,0,0.71504,-0.37957,42.903,-0.759,-1,375.000,-1,375.000,-1,325.000,325.000,300.000,300.000,-1,475.000,450.000,-1,800.000,700.000,-1,-1,2,0,2,0,2,0,0,0,0,2,0,0,2,0,0,2,2
93,-5455.490,6495.792,-70.750,-44.151,0.714588,0.695628,-0.073931,-0.697533,0.716553,0.000066,0.053021,0.051522,0.997263,0,0.71454,-0.38038,42.873,-0.761,-1,400.000,-1,375.000,-1,325.000,325.000,300.000,300.000,-1,500.000,475.000,-1,825.000,700.000,-1,-1,2,0,2,0,2,0,0,0,0,2,0,0,2,0,0,2,2
94,-5424.333,6464.699,-68.316,-44.942,0.704798,0.705411,-0.075206,-0.707371,0.706842,0.000803,0.053725,0.052633,0.997168,0,0.73362,-0.39543,44.017,-0.791,-1,400.000,-1,375.000,-1,325.000,325.000,300.000,300.000,-1,500.000,475.000,-1,825.000,725.000,-1,-1,2,0,2,0,2,0,0,0,0,2,0,0,2,0,0,2,2
95,-5393.393,6432.964,-65.914,-45.728,0.694925,0.715005,-0.076464,-0.717019,0.697052,0.001578,0.054428,0.053730,0.997071,0,0.73868,-0.39325,44.321,-0.786,-1,400.000,-1,375.000,-1,325.000,325.000,300.000,300.000,-1,525.000,475.000,-1,850.000,725.000,-1,-1,2,0,2,0,2,0,0,0,0,2,0,0,2,0,0,2,2
96,-5362.684,6400.593,-63.537,-46.510,0.684982,0.724403,-0.077713,-0.726473,0.687191,0.002346,0.055103,0.054849,0.996973,0,0.74366,-0.39081,44.620,-0.782,-1,400.000,-1,375.000,-1,325.000,325.000,300.000,300.000,-1,525.000,500.000,-1,850.000,725.000,-1,-1,2,0,2,0,2,0,0,0,0,2,0,0,2,0,0,2,2
97,-5332.218,6367.594,-61.254,-47.286,0.675009,0.733612,-0.078596,-0.735717,0.677281,0.003131,0.055529,0.055711,0.996902,0,0.74853,-0.38813,44.912,-0.776,-1,400.000,-1,375.000,-1,325.000,325.000,300.000,300.000,-1,550.000,500.000,-1,875.000,725.000,-1,-1,2,0,2,0,2,0,0,0,0,2,0,0,2,0,0,2,2
98,-5302.009,6333.977,-59.258,-48.057,0.665098,0.742659,-0.078117,-0.744722,0.667363,0.003977,0.055086,0.055531,0.996936,0,0.75328,-0.38519,45.197,-0.770,-1,400.000,-1,375.000,-1,325.000,325.000,300.000,300.000,-1,575.000,525.000,-1,850.000,725.000,975.000,-1,2,0,2,0,2,0,0,0,0,2,0,0,2,0,0,1,2
99,-5270.257,6297.363,-57.148,-49.067,0.651909,0.754308,-0.077680,-0.756340,0.654161,0.004802,0.054437,0.055622,0.996967,0,0.80772,-0.50519,48.463,-1.010,975.000,400.000,-1,375.000,-1,325.000,325.000,300.000,300.000,-1,600.000,550.000,-1,850.000,725.000,950.000,-1,1,0,2,0,2,0,0,0,0,2,0,0,2,0,0,1,2
100,-5239.133,6259.852,-54.920,-50.317,0.635239,0.768359,-0.078074,-0.770423,0.637508,0.005537,0.054027,0.056633,0.996932,0,0.81236,-0.62519,48.742,-1.250,900.000,400.000,-1,375.000,-1,325.000,325.000,300.000,300.000,-1,625.000,575.000,-1,850.000,725.000,900.000,-1,1,0,2,0,2,0,0,0,0,2,0,0,2,1,0,1,2
101,-5208.717,6221.437,-52.735,-51.630,0.617410,0.782712,-0.078526,-0.784816,0.619697,0.006252,0.053556,0.057768,0.996892,0,0.81663,-0.65641,48.998,-1.313,850.000,425.000,-1,375.000,-1,325.000,325.000,325.000,300.000,-1,650.000,600.000,-1,850.000,725.000,875.000,-1,1,0,2,0,2,0,0,0,0,2,0,0,2,1,0,1,2
102,-5179.042,6182.154,-50.520,-52.933,0.599422,0.796558,-0.078672,-0.798685,0.601709,0.006949,0.052873,0.058669,0.996876,0,0.82052,-0.65140,49.231,-1.303,800.000,425.000,-1,375.000,-1,325.000,325.000,325.000,300.000,-1,675.000,625.000,-1,825.000,725.000,825.000,-1,1,0,2,0,2,0,0,0,0,2,0,0,2,1,0,1,2
103,-5150.139,6142.041,-48.128,-54.225,0.581362,0.809916,-0.077814,-0.812011,0.583593,0.007573,0.051545,0.058783,0.996939,0,0.82400,-0.64594,49.440,-1.292,750.000,425.000,-1,375.000,-1,325.000,325.000,325.000,300.000,-1,725.000,675.000,-1,800.000,725.000,800.000,-1,1,0,2,0,2,0,0,0,0,2,0,0,2,1,0,1,2
104,-5122.036,6101.143,-45.746,-55.505,0.563187,0.822751,-0.076819,-0.824809,0.565354,0.008120,0.050111,0.058788,0.997012,0,0.82705,-0.64005,49.623,-1.280,700.000,425.000,-1,375.000,-1,325.000,325.000,325.000,300.000,-1,775.000,725.000,-1,800.000,725.000,775.000,-1,1,0,2,0,2,0,0,0,0,2,0,0,2,1,0,1,2
105,-5094.761,6059.504,-43.193,-56.772,0.544995,0.835093,-0.074833,-0.837062,0.547042,0.008504,0.048038,0.058005,0.997160,0,0.82961,-0.63371,49.777,-1.267,650.000,400.000,-1,375.000,-1,325.000,325.000,325.000,300.000,-1,875.000,825.000,-1,775.000,725.000,750.000,-1,1,0,2,0,2,0,0,0,0,2,0,0,2,1,0,1,2
106,-5068.339,6017.175,-40.707,-58.026,0.526726,0.846898,-0.072964,-0.848789,0.528659,0.008789,0.046016,0.057302,0.997296,0,0.83163,-0.62693,49.898,-1.254,625.000,400.000,-1,375.000,-1,325.000,325.000,325.000,300.000,-1,975.000,925.000,-1,775.000,725.000,725.000,-1,1,0,2,0,2,0,0,0,0,2,0,0,2,1,0,1,2
107,-5042.795,5974.210,-38.275,-59.266,0.508409,0.858168,-0.071189,-0.859986,0.510237,0.009059,0.044097,0.056616,0.997422,0,0.83307,-0.61971,49.984,-1.239,600.000,400.000,-1,375.000,-1,325.000,325.000,325.000,300.000,-1,-1,-1,-1,750.000,725.000,700.000,-1,1,0,2,0,2,0,0,0,0,2,2,2,2,1,0,1,2
108,-5018.150,5930.667,-35.811,-60.490,0.490067,0.868922,-0.069350,-0.870646,0.491814,0.009713,0.042547,0.055620,0.997545,0,0.83389,-0.61208,50.033,-1.224,575.000,400.000,-1,375.000,-1,325.000,325.000,325.000,300.000,-1,-1,-1,-1,750.000,725.000,675.000,-1,1,0,2,0,2,0,0,0,0,2,2,2,2,1,1,1,2
109,-4994.425,5886.605,-33.545,-61.698,0.471729,0.879167,-0.067355,-0.880768,0.473422,0.010898,0.041469,0.054184,0.997670,0,0.83405,-0.60404,50.043,-1.208,550.000,400.000,-1,375.000,-1,325.000,325.000,325.000,300.000,-1,-1,-1,-1,725.000,725.000,650.000,-1,1,0,2,0,2,0,0,0,0,2,2,2,2,1,1,1,2
110,-4971.636,5842.089,-31.581,-62.889,0.453419,0.888928,-0.064951,-0.890345,0.455098,0.013085,0.041191,0.051896,0.997803,0,0.83350,-0.59563,50.010,-1.191,525.000,400.000,-1,375.000,-1,325.000,325.000,325.000,300.000,-1,-1,-1,-1,725.000,725.000,650.000,-1,1,0,2,0,2,0,0,0,0,2,2,2,2,1,1,1,2
111,-4949.797,5797.183,-29.573,-64.063,0.435188,0.898144,-0.062844,-0.899424,0.436832,0.014634,0.040596,0.050155,0.997916,0,0.83223,-0.58688,49.934,-1.174,500.000,400.000,-1,375.000,-1,325.000,325.000,325.000,300.000,-1,-1,-1,-1,725.000,725.000,625.000,-1,1,0,2,0,2,0,0,0,0,2,2,2,2,1,1,1,2
112,-4928.918,5751.956,-27.557,-65.219,0.417057,0.906831,-0.060993,-0.908008,0.418657,0.015729,0.039799,0.048822,0.998014,0,0.83023,-0.57782,49.814,-1.156,475.000,400.000,-1,375.000,-1,325.000,325.000,325.000,300.000,-1,-1,-1,-1,700.000,725.000,600.000,-1,1,0,2,0,2,0,0,0,0,2,2,2,2,1,1,1,2
113,-4909.007,5706.475,-25.598,-66.356,0.399047,0.915013,-0.059266,-0.916100,0.400603,0.016701,0.039024,0.047629,0.998103,0,0.82747,-0.56851,49.648,-1.137,450.000,400.000,-1,375.000,-1,325.000,325.000,325.000,300.000,-1,-1,-1,-1,700.000,725.000,575.000,-1,1,0,2,0,2,0,0,0,0,2,2,2,2,1,1,1,2
114,-4891.667,5665.114,-23.876,-67.253,0.384732,0.921220,-0.057755,-0.922229,0.386249,0.017465,0.038397,0.046544,0.998178,0,0.74747,-0.44851,44.848,-0.897,450.000,400.000,-1,375.000,-1,325.000,325.000,325.000,300.000,-1,1000.000,-1,-1,700.000,725.000,575.000,-1,1,0,2,0,2,0,0,0,0,2,0,2,2,1,1,1,2
115,-4875.084,5624.253,-22.218,-67.910,0.374198,0.925636,-0.056328,-0.926573,0.375679,0.018120,0.037934,0.045411,0.998248,0,0.73496,-0.32851,44.098,-0.657,425.000,400.000,-1,375.000,-1,325.000,325.000,325.000,300.000,-1,975.000,-1,-1,675.000,700.000,550.000,-1,1,0,2,0,2,0,0,0,0,2,0,2,2,1,1,1,2
116,-4858.878,5583.474,-20.596,-68.327,0.367503,0.928396,-0.054970,-0.929260,0.368952,0.018696,0.037639,0.044210,0.998313,0,0.73136,-0.20851,43.881,-0.417,400.000,400.000,-1,375.000,-1,325.000,325.000,300.000,300.000,-1,975.000,-1,-1,650.000,700.000,525.000,-1,1,0,2,1,2,0,0,0,0,2,0,2,2,1,1,1,2
117,-4842.878,5542.844,-19.004,-68.504,0.364682,0.929583,-0.053680,-0.930376,0.366103,0.019212,0.037511,0.042936,0.998373,0,0.72778,-0.08851,43.667,-0.177,400.000,400.000,-1,375.000,-1,325.000,325.000,300.000,300.000,-1,1000.000,-1,-1,625.000,675.000,500.000,-1,1,0,2,1,2,0,0,0,0,2,0,2,2,1,1,1,2
118,-4826.909,5502.426,-17.433,-68.441,0.365750,0.929234,-0.052458,-0.929955,0.367145,0.019681,0.037548,0.041585,0.998429,0,0.72430,0.03149,43.458,0.063,375.000,400.000,1000.000,375.000,-1,325.000,325.000,300.000,300.000,-1,-1,-1,-1,600.000,675.000,475.000,-1,1,0,1,1,2,0,1,0,0,2,2,2,2,1,1,1,2
119,-4810.801,5462.276,-15.890,-68.138,0.370703,0.927332,-0.051332,-0.927986,0.372075,0.020060,0.037701,0.040199,0.998480,0,0.72101,0.15149,43.261,0.303,350.000,400.000,950.000,375.000,-1,325.000,325.000,300.000,300.000,-1,-1,-1,-1,575.000,650.000,450.000,-1,1,1,1,1,2,1,1,0,0,2,2,2,2,1,1,1,2
120,-4794.504,5422.399,-14.456,-67.770,0.376696,0.924961,-0.050466,-0.925574,0.378038,0.020014,0.037590,0.039171,0.998525,0,0.71798,0.18397,43.079,0.368,325.000,400.000,900.000,375.000,-1,325.000,300.000,300.000,300.000,-1,-1,-1,-1,550.000,625.000,400.000,-1,1,1,1,1,2,1,1,0,0,2,2,2,2,1,1,1,2
121,-4778.020,5382.802,-13.037,-67.398,0.382735,0.922524,-0.049628,-0.923099,0.384046,0.019934,0.037449,0.038182,0.998569,0,0.71486,0.18587,42.892,0.372,300.000,375.000,850.000,350.000,-1,300.000,300.000,300.000,300.000,-1,-1,-1,-1,500.000,600.000,375.000,-1,1,1,1,1,2,1,1,1,0,2,2,2,2,1,1,1,2
122,-4760.360,5341.623,-11.461,-66.786,0.392637,0.918422,-0.048351,-0.918945,0.393895,0.019655,0.037097,0.036715,0.998637,0,0.74676,0.30587,44.806,0.612,275.000,350.000,800.000,350.000,-1,300.000,300.000,300.000,300.000,-1,-1,-1,-1,475.000,550.000,325.000,-1,1,1,1,1,2,1,1,1,0,2,2,2,2,1,1,1,2
123,-4742.167,5300.884,-9.841,-65.935,0.406325,0.912522,-0.046949,-0.912986,0.407530,0.019411,0.036846,0.034976,0.998709,0,0.74361,0.42587,44.616,0.852,225.000,325.000,750.000,325.000,-1,275.000,275.000,275.000,300.000,-1,-1,-1,-1,450.000,525.000,300.000,-1,1,1,1,1,2,1,1,1,0,2,2,2,2,1,1,1,2
124,-4721.391,5256.048,-7.798,-65.137,0.419066,0.906846,-0.044866,-0.907195,0.420226,0.020183,0.037157,0.032244,0.998789,0,0.82361,0.39862,49.416,0.797,200.000,325.000,675.000,325.000,-1,275.000,275.000,250.000,300.000,-1,-1,-1,-1,400.000,500.000,250.000,-1,1,1,1,1,2,1,1,1,0,2,2,2,2,1,1,1,2
125,-4699.010,5209.448,-5.355,-64.344,0.431670,0.901049,-0.042091,-0.901217,0.432793,0.022309,0.038318,0.028303,0.998865,0,0.86160,0.39665,51.696,0.793,175.000,300.000,625.000,300.000,-1,250.000,250.000,250.000,325.000,-1,-1,-1,-1,375.000,450.000,225.000,-1,1,1,1,1,2,1,1,1,0,2,2,2,2,1,1,1,2
126,-4675.809,5162.796,-2.569,-63.555,0.444133,0.895124,-0.038728,-0.895050,0.445215,0.025852,0.040383,0.023182,0.998915,0,0.86837,0.39440,52.102,0.789,150.000,275.000,575.000,275.000,-1,225.000,250.000,225.000,325.000,-1,-1,-1,-1,325.000,425.000,175.000,825.000,1,1,1,1,2,1,1,1,0,2,2,2,2,1,1,1,1
127,-4651.786,5116.105,0.734,-62.772,0.456415,0.889053,-0.035635,-0.888684,0.457469,0.031021,0.043882,0.017510,0.998883,0,0.87514,0.39183,52.509,0.784,100.000,250.000,525.000,275.000,-1,225.000,225.000,200.000,350.000,-1,-1,-1,-1,300.000,400.000,125.000,700.000,1,1,1,1,2,1,1,1,0,2,2,2,2,1,1,1,1
128,-4626.922,5069.390,12.627,-61.994,0.465289,0.882027,-0.074389,-0.881962,0.469105,0.045648,0.075159,0.044368,0.996184,0,0.88192,0.38890,52.915,0.778,100.000,250.000,-1,300.000,-1,250.000,250.000,200.000,325.000,-1,300.000,275.000,-1,300.000,450.000,125.000,-1,1,1,2,1,2,1,1,1,0,2,0,0,2,1,1,1,2
129,-4601.218,5022.665,26.091,-61.223,0.471117,0.874038,-0.118768,-0.875064,0.480056,0.061715,0.110957,0.074854,0.991002,0,0.88868,0.38556,53.321,0.771,100.000,275.000,-1,325.000,-1,275.000,275.000,200.000,325.000,-1,200.000,100.000,1000.000,350.000,525.000,125.000,-1,1,1,2,1,2,1,1,1,0,2,0,0,0,1,1,1,2
130,-4574.686,4975.938,39.128,-60.459,0.475059,0.865579,-0.158407,-0.867980,0.490535,0.077365,0.144669,0.100741,0.984338,0,0.89540,0.38175,53.724,0.763,125.000,300.000,-1,350.000,-1,300.000,300.000,200.000,325.000,-1,150.000,75.000,575.000,400.000,700.000,150.000,-1,1,1,2,1,2,1,1,1,0,2,0,0,0,1,1,1,2
131,3607.596,-6887.298,-391.461,176.088,-0.985229,-0.068214,0.157071,0.070975,-0.997406,0.012029,0.155843,0.023000,0.987514,1,0.00000,0.00000,54.122,0.755,-1,400.000,-1,400.000,-1,350.000,325.000,275.000,275.000,900.000,-1,-1,-1,800.000,850.000,-1,-1,2,0,2,0,2,0,0,0,0,1,2,2,2,0,0,2,2
