timestep,x_cm,y_cm,z_cm,yaw_deg,basis_xx,basis_xy,basis_xz,basis_yx,basis_yy,basis_yz,basis_zx,basis_zy,basis_zz,teleport_flag,throttle_cmd,steering_cmd,cmd_move_cm,cmd_turn_deg,lidar_cm_0,lidar_cm_1,lidar_cm_2,lidar_cm_3,lidar_cm_4,lidar_cm_5,lidar_cm_6,lidar_cm_7,lidar_cm_8,lidar_cm_9,lidar_cm_10,lidar_cm_11,lidar_cm_12,lidar_cm_13,lidar_cm_14,lidar_cm_15,lidar_cm_16,lidar_class_0,lidar_class_1,lidar_class_2,lidar_class_3,lidar_class_4,lidar_class_5,lidar_class_6,lidar_class_7,lidar_class_8,lidar_class_9,lidar_class_10,lidar_class_11,lidar_class_12,lidar_class_13,lidar_class_14,lidar_class_15,lidar_class_16
0,9509.532,-3612.192,270.684,-108.030,-0.309399,0.950843,-0.013050,-0.950876,-0.309502,-0.006649,-0.010361,0.010352,0.999893,1,0.08000,-0.12000,4.800,-0.240,-1,400.000,-1,375.000,-1,325.000,325.000,300.000,300.000,-1,-1,-1,-1,825.000,725.000,-1,-1,2,0,2,0,2,0,0,0,0,2,2,2,2,0,0,2,2
1,9506.484,-3621.295,270.617,-108.510,-0.317353,0.948218,-0.013059,-0.948248,-0.317457,-0.006812,-0.010605,0.010221,0.999892,0,0.16000,-0.24000,9.600,-0.480,-1,400.000,-1,375.000,-1,325.000,325.000,300.000,300.000,-1,-1,-1,-1,825.000,725.000,-1,-1,2,0,2,0,2,0,0,0,0,2,2,2,2,0,0,2,2
2,9501.741,-3634.892,270.515,-109.230,-0.329241,0.944155,-0.013076,-0.944182,-0.329348,-0.007046,-0.010959,0.010026,0.999890,0,0.24000,-0.36000,14.400,-0.720,-1,400.000,-1,375.000,-1,325.000,325.000,300.000,300.000,-1,-1,-1,-1,800.000,725.000,-1,-1,2,0,2,0,2,0,0,0,0,2,2,2,2,0,0,2,2
3,9495.114,-3652.912,270.380,-110.190,-0.345010,0.938507,-0.013105,-0.938529,-0.345121,-0.007341,-0.011413,0.009767,0.999887,0,0.32000,-0.48000,19.200,-0.960,-1,400.000,-1,375.000,-1,325.000,325.000,300.000,300.000,-1,-1,-1,-1,800.000,700.000,-1,-1,2,0,2,0,2,0,0,0,0,2,2,2,2,0,0,2,2
4,9486.361,-3675.259,270.212,-111.390,-0.364586,0.931077,-0.013151,-0.931093,-0.364701,-0.007680,-0.011947,0.009445,0.999884,0,0.40000,-0.60000,24.000,-1.200,-1,400.000,-1,375.000,-1,325.000,325.000,300.000,300.000,-1,-1,-1,-1,800.000,700.000,-1,-1,2,0,2,0,2,0,0,0,0,2,2,2,2,0,0,2,2
5,9475.187,-3701.802,270.010,-112.830,-0.387866,0.921621,-0.013215,-0.921630,-0.387985,-0.008042,-0.012539,0.009061,0.999880,0,0.48000,-0.72000,28.800,-1.440,-1,400.000,-1,375.000,-1,325.000,325.000,300.000,300.000,-1,-1,-1,-1,800.000,700.000,-1,-1,2,0,2,0,2,0,0,0,0,2,2,2,2,0,0,2,2
6,9461.247,-3732.375,269.775,-114.510,-0.414716,0.909854,-0.013296,-0.909856,-0.414840,-0.008402,-0.013160,0.008613,0.999876,0,0.56000,-0.84000,33.600,-1.680,-1,400.000,-1,375.000,-1,325.000,300.000,300.000,300.000,-1,-1,-1,-1,775.000,700.000,-1,-1,2,0,2,0,2,0,0,0,0,2,2,2,2,0,0,2,2
7,9444.155,-3766.761,269.509,-116.430,-0.444965,0.895448,-0.013387,-0.895442,-0.445093,-0.008731,-0.013777,0.008102,0.999872,0,0.64000,-0.96000,38.400,-1.920,-1,400.000,-1,375.000,-1,325.000,300.000,325.000,300.000,-1,-1,-1,-1,775.000,700.000,-1,-1,2,0,2,0,2,0,0,0,0,2,2,2,2,0,0,2,2
8,9423.644,-3804.648,269.000,-118.430,-0.475964,0.879378,-0.012363,-0.879360,-0.476077,-0.008765,-0.013594,0.006700,0.999885,0,0.71806,-1.00000,43.083,-2.000,-1,400.000,-1,375.000,-1,325.000,300.000,325.000,325.000,-1,-1,-1,-1,750.000,700.000,-1,-1,2,0,2,0,2,0,0,0,0,2,2,2,2,0,0,2,2
9,9401.822,-3841.797,268.529,-120.430,-0.506384,0.862234,-0.011281,-0.862209,-0.506481,-0.008489,-0.013033,0.005428,0.999900,0,0.71806,-1.00000,43.083,-2.000,-1,400.000,-1,375.000,-1,325.000,300.000,325.000,325.000,-1,-1,-1,-1,750.000,700.000,-1,-1,2,0,2,0,2,0,0,0,0,2,2,2,2,0,0,2,2
10,9378.718,-3878.161,268.019,-122.430,-0.536187,0.844039,-0.010101,-0.844005,-0.536267,-0.008504,-0.012594,0.003965,0.999913,0,0.71806,-1.00000,43.083,-2.000,-1,400.000,-1,375.000,-1,325.000,300.000,325.000,325.000,-1,-1,-1,-1,750.000,700.000,-1,-1,2,0,2,0,2,0,0,0,0,2,2,2,2,0,0,2,2
11,9354.359,-3913.697,267.539,-124.430,-0.565335,0.824813,-0.008958,-0.824773,-0.565400,-0.008483,-0.012062,0.002593,0.999924,0,0.71806,-1.00000,43.083,-2.000,-1,400.000,-1,375.000,-1,325.000,300.000,325.000,325.000,-1,-1,-1,-1,725.000,700.000,-1,-1,2,0,2,0,2,0,0,0,0,2,2,2,2,0,0,2,2
12,9328.774,-3948.361,267.098,-126.430,-0.593792,0.804580,-0.007865,-0.804538,-0.593842,-0.008373,-0.011408,0.001356,0.999934,0,0.71806,-1.00000,43.083,-2.000,-1,375.000,-1,375.000,-1,300.000,300.000,325.000,325.000,-1,-1,-1,-1,725.000,700.000,-1,-1,2,0,2,0,2,0,0,0,0,2,2,2,2,0,0,2,2
13,9301.995,-3982.111,266.700,-128.430,-0.621523,0.783366,-0.006816,-0.783323,-0.621561,-0.008173,-0.010639,0.000260,0.999943,0,0.71806,-1.00000,43.083,-2.000,-1,375.000,-1,375.000,-1,300.000,300.000,325.000,325.000,-1,-1,-1,-1,725.000,700.000,-1,-1,2,0,2,0,2,0,0,0,0,2,2,2,2,0,0,2,2
14,9270.942,-4018.560,266.288,-130.430,-0.648496,0.761196,-0.005692,-0.761157,-0.648521,-0.007777,-0.009611,-0.000711,0.999954,0,0.79806,-1.00000,47.883,-2.000,-1,375.000,-1,375.000,-1,300.000,300.000,325.000,325.000,-1,-1,-1,-1,725.000,700.000,-1,-1,2,0,2,0,2,0,0,0,0,2,2,2,2,0,0,2,2
15,9236.420,-4056.328,265.830,-132.429,-0.674657,0.738117,-0.004675,-0.738085,-0.674672,-0.007011,-0.008329,-0.001279,0.999964,0,0.85280,-0.99926,51.168,-1.999,-1,375.000,-1,375.000,-1,300.000,300.000,325.000,325.000,-1,-1,-1,-1,700.000,700.000,-1,-1,2,0,2,0,2,0,0,0,0,2,2,2,2,0,0,2,2
16,9200.604,-4092.869,265.414,-134.426,-0.699975,0.714158,-0.003784,-0.714133,-0.699983,-0.006153,-0.007043,-0.001604,0.999974,0,0.85278,-0.99851,51.167,-1.997,-1,375.000,-1,375.000,-1,300.000,300.000,325.000,325.000,-1,-1,-1,-1,700.000,700.000,-1,-1,2,0,2,0,2,0,0,0,0,2,2,2,2,0,0,2,2
17,9163.538,-4128.137,265.069,-136.424,-0.724453,0.689318,-0.002878,-0.689301,-0.724456,-0.005217,-0.005681,-0.001795,0.999982,0,0.85273,-0.99901,51.164,-1.998,-1,375.000,-1,375.000,-1,300.000,300.000,325.000,325.000,-1,-1,-1,-1,700.000,700.000,-1,-1,2,0,2,0,2,0,0,0,0,2,2,2,2,0,0,2,2
18,9125.262,-4162.092,264.794,-138.424,-0.748072,0.663615,-0.001953,-0.663604,-0.748072,-0.004211,-0.004256,-0.001854,0.999989,0,0.85276,-1.00000,51.166,-2.000,-1,375.000,-1,375.000,-1,300.000,300.000,325.000,325.000,-1,625.000,-1,-1,700.000,725.000,-1,-1,2,0,2,0,2,0,0,0,0,2,0,2,2,0,0,2,2
19,9085.825,-4194.689,264.598,-140.424,-0.770777,0.637104,-0.001058,-0.637098,-0.770776,-0.003134,-0.002812,-0.001742,0.999995,0,0.85276,-1.00000,51.166,-2.000,-1,375.000,-1,375.000,-1,300.000,300.000,325.000,325.000,-1,625.000,675.000,-1,700.000,750.000,-1,-1,2,0,2,0,2,0,0,0,0,2,0,0,2,0,0,2,2
20,9045.274,-4225.891,264.529,-142.424,-0.792543,0.609816,-0.000441,-0.609814,-0.792542,-0.001929,-0.001526,-0.001260,0.999998,0,0.85276,-1.00000,51.166,-2.000,-1,375.000,-1,375.000,-1,300.000,325.000,325.000,325.000,-1,625.000,600.000,-1,700.000,775.000,-1,-1,2,0,2,0,2,0,0,0,0,2,0,0,2,0,0,2,2
21,9003.659,-4255.658,264.485,-144.424,-0.813342,0.581786,0.000399,-0.581786,-0.813342,-0.000714,-0.000091,-0.000813,1.000000,0,0.85276,-1.00000,51.166,-2.000,-1,375.000,-1,375.000,-1,300.000,325.000,325.000,325.000,-1,625.000,600.000,-1,700.000,800.000,-1,-1,2,0,2,0,2,0,0,0,0,2,0,0,2,0,0,2,2
22,8961.030,-4283.955,264.458,-146.424,-0.833149,0.553046,0.001347,-0.553046,-0.833150,0.000372,0.001328,-0.000435,0.999999,0,0.85276,-1.00000,51.166,-2.000,-1,375.000,-1,400.000,-1,300.000,325.000,325.000,325.000,-1,625.000,600.000,-1,700.000,825.000,-1,-1,2,0,2,0,2,0,0,0,0,2,0,0,2,0,0,2,2
23,8917.440,-4310.747,264.416,-148.424,-0.851942,0.523633,0.002064,-0.523632,-0.851944,0.001165,0.002368,-0.000089,0.999997,0,0.85276,-1.00000,51.166,-2.000,-1,375.000,-1,400.000,-1,300.000,325.000,325.000,325.000,-1,650.000,600.000,-1,700.000,850.000,-1,-1,2,0,2,0,2,0,0,0,0,2,0,0,2,0,0,2,2
24,8872.942,-4336.002,264.441,-150.424,-0.869696,0.493581,0.002630,-0.493577,-0.869699,0.002025,0.003287,0.000463,0.999994,0,0.85276,-1.00000,51.166,-2.000,-1,375.000,-1,400.000,-1,300.000,325.000,325.000,325.000,-1,675.000,600.000,-1,700.000,875.000,-1,-1,2,0,2,0,2,0,0,0,0,2,0,0,2,0,0,2,2
25,8825.761,-4360.753,264.543,-152.318,-0.885536,0.464561,0.003101,-0.464553,-0.885540,0.002987,0.004133,0.001205,0.999991,0,0.88797,-0.94721,53.278,-1.894,-1,375.000,-1,400.000,-1,300.000,325.000,325.000,325.000,-1,700.000,625.000,-1,725.000,900.000,-1,-1,2,0,2,0,2,0,0,0,0,2,0,0,2,0,0,2,2
26,8777.789,-4383.930,264.717,-154.213,-0.900408,0.435033,0.003465,-0.435019,-0.900412,0.004010,0.004865,0.002103,0.999986,0,0.88797,-0.94721,53.278,-1.894,-1,375.000,-1,400.000,-1,300.000,325.000,325.000,325.000,-1,725.000,650.000,-1,750.000,925.000,-1,-1,2,0,2,0,2,0,0,0,0,2,0,0,2,0,0,2,2
27,8729.076,-4405.510,264.956,-156.107,-0.914297,0.405028,0.003728,-0.405008,-0.914299,0.005097,0.005473,0.003151,0.999980,0,0.88797,-0.94721,53.278,-1.894,-1,375.000,-1,425.000,-1,300.000,325.000,325.000,325.000,-1,775.000,700.000,-1,775.000,950.000,-1,-1,2,0,2,0,2,0,0,0,0,2,0,0,2,0,0,2,2
28,8679.677,-4425.467,265.254,-158.001,-0.927186,0.374580,0.003891,-0.374553,-0.927184,0.006251,0.005949,0.004338,0.999973,0,0.88797,-0.94721,53.278,-1.894,-1,375.000,-1,425.000,-1,325.000,325.000,300.000,325.000,-1,825.000,725.000,-1,800.000,975.000,-1,-1,2,0,2,0,2,0,0,0,0,2,0,0,2,0,0,2,2
29,8629.645,-4443.780,265.591,-159.896,-0.939063,0.343723,0.003981,-0.343687,-0.939054,0.007535,0.006329,0.005708,0.999964,0,0.88797,-0.94721,53.278,-1.894,-1,400.000,-1,425.000,-1,325.000,325.000,300.000,325.000,-1,900.000,775.000,-1,825.000,1000.000,-1,-1,2,0,2,0,2,0,0,0,0,2,0,0,2,0,0,2,2
30,8579.035,-4460.430,265.861,-161.790,-0.949914,0.312488,0.003794,-0.312443,-0.949891,0.009265,0.006499,0.007615,0.999950,0,0.88797,-0.94721,53.278,-1.894,-1,400.000,-1,450.000,-1,325.000,350.000,300.000,325.000,-1,975.000,825.000,-1,850.000,-1,-1,-1,2,0,2,0,2,0,0,0,0,2,0,0,2,0,2,2,2
31,8527.902,-4475.398,265.662,-163.685,-0.959734,0.280905,0.001568,-0.280865,-0.959666,0.012466,0.005007,0.011524,0.999921,0,0.88797,-0.94721,53.278,-1.894,-1,400.000,-1,450.000,-1,325.000,350.000,325.000,325.000,-1,-1,975.000,-1,850.000,-1,-1,-1,2,0,2,0,2,0,0,0,0,2,2,0,2,0,2,2,2
32,8476.303,-4488.667,265.491,-165.579,-0.968500,0.249014,-0.000607,-0.248992,-0.968376,0.015870,0.003364,0.015521,0.999874,0,0.88797,-0.94721,53.278,-1.894,-1,425.000,-1,450.000,-1,350.000,350.000,325.000,300.000,-1,-1,-1,-1,875.000,-1,-1,-1,2,0,2,0,2,0,0,0,0,2,2,2,2,0,2,2,2
33,8424.293,-4500.223,264.838,-167.473,-0.976198,0.216858,-0.003264,-0.216882,-0.976046,0.017233,0.000551,0.017531,0.999846,0,0.88797,-0.94721,53.278,-1.894,-1,425.000,-1,450.000,-1,350.000,350.000,300.000,300.000,-1,-1,-1,-1,875.000,1000.000,-1,-1,2,0,2,0,2,0,0,0,0,2,2,2,2,0,0,2,2
34,8371.929,-4510.053,263.837,-169.368,-0.982814,0.184472,-0.006869,-0.184565,-0.982671,0.017141,-0.003588,0.018114,0.999829,0,0.88797,-0.94721,53.278,-1.894,-1,425.000,-1,450.000,-1,350.000,350.000,300.000,300.000,-1,-1,-1,-1,850.000,1000.000,-1,-1,2,0,2,0,2,0,0,0,0,2,2,2,2,0,0,2,2
35,8319.269,-4518.146,262.840,-171.262,-0.988341,0.151885,-0.010628,-0.152052,-0.988221,0.017320,-0.007872,0.018734,0.999794,0,0.88797,-0.94721,53.278,-1.894,-1,400.000,-1,450.000,-1,350.000,350.000,300.000,300.000,-1,-1,-1,-1,850.000,975.000,-1,-1,2,0,2,0,2,0,0,0,0,2,2,2,2,0,0,2,2
36,8266.370,-4524.495,261.842,-173.157,-0.992772,0.119132,-0.014520,-0.119382,-0.992689,0.017778,-0.012296,0.019383,0.999737,0,0.88797,-0.94721,53.278,-1.894,-1,400.000,-1,425.000,-1,325.000,350.000,300.000,300.000,-1,-1,-1,-1,825.000,950.000,-1,-1,2,0,2,0,2,0,0,0,0,2,2,2,2,0,0,2,2
37,8213.290,-4529.091,260.837,-175.051,-0.996101,0.086249,-0.018523,-0.086591,-0.996072,0.018521,-0.016853,0.020052,0.999657,0,0.88797,-0.94721,53.278,-1.894,-1,400.000,-1,425.000,-1,325.000,350.000,275.000,300.000,-1,-1,-1,-1,825.000,925.000,-1,-1,2,0,2,0,2,0,0,0,0,2,2,2,2,0,0,2,2
38,8160.087,-4531.930,259.802,-176.946,-0.998325,0.053274,-0.022571,-0.053719,-0.998364,0.019609,-0.021490,0.020789,0.999553,0,0.88797,-0.94721,53.278,-1.894,-1,400.000,-1,425.000,-1,325.000,325.000,275.000,300.000,-1,-1,-1,-1,800.000,900.000,-1,-1,2,0,2,0,2,0,0,0,0,2,2,2,2,0,0,2,2
39,8106.820,-4533.008,258.736,-178.840,-0.999440,0.020241,-0.026646,-0.020804,-0.999562,0.021028,-0.026209,0.021570,0.999424,0,0.88797,-0.94721,53.278,-1.894,-1,400.000,-1,425.000,-1,325.000,325.000,300.000,300.000,-1,-1,-1,-1,800.000,875.000,-1,-1,2,0,2,0,2,0,0,0,0,2,2,2,2,0,0,2,2
40,8053.545,-4532.325,257.645,-180.734,-0.999445,-0.012814,-0.030761,0.012117,-0.999668,0.022721,-0.031042,0.022336,0.999268,0,0.88797,-0.94721,53.278,-1.894,-1,400.000,-1,425.000,-1,325.000,325.000,300.000,300.000,-1,-1,-1,-1,775.000,850.000,-1,-1,2,0,2,0,2,0,0,0,0,2,2,2,2,0,0,2,2
41,8000.322,-4529.881,256.525,-182.629,-0.998339,-0.045853,-0.034896,0.045005,-0.998682,0.024686,-0.035982,0.023075,0.999086,0,0.88797,-0.94721,53.278,-1.894,-1,400.000,-1,400.000,-1,325.000,325.000,300.000,300.000,-1,-1,-1,-1,775.000,825.000,-1,-1,2,0,2,0,2,0,0,0,0,2,2,2,2,0,0,2,2
42,7947.210,-4525.679,255.376,-184.523,-0.996124,-0.078840,-0.039008,0.077825,-0.996604,0.026890,-0.040996,0.023750,0.998877,0,0.88797,-0.94721,53.278,-1.894,-1,400.000,-1,400.000,-1,325.000,325.000,300.000,300.000,-1,-1,-1,-1,750.000,800.000,-1,-1,2,0,2,0,2,0,0,0,0,2,2,2,2,0,0,2,2
43,7894.265,-4519.724,253.989,-186.418,-0.992828,-0.111743,-0.042491,0.110600,-0.993460,0.028378,-0.045384,0.023475,0.998694,0,0.88797,-0.94721,53.278,-1.894,-1,400.000,-1,400.000,-1,325.000,325.000,300.000,300.000,-1,-1,-1,-1,750.000,775.000,-1,-1,2,0,2,0,2,0,0,0,0,2,2,2,2,0,0,2,2
44,7841.546,-4512.021,251.907,-188.312,-0.988505,-0.144532,-0.044369,0.143403,-0.989278,0.027660,-0.047891,0.020979,0.998632,0,0.88797,-0.94721,53.278,-1.894,-1,400.000,-1,400.000,-1,325.000,325.000,300.000,300.000,-1,-1,-1,-1,725.000,775.000,-1,-1,2,0,2,0,2,0,0,0,0,2,2,2,2,0,0,2,2
45,7789.110,-4502.580,249.334,-190.206,-0.983178,-0.177159,-0.044452,0.176019,-0.983977,0.028399,-0.048771,0.020097,0.998608,0,0.88797,-0.94721,53.278,-1.894,-1,400.000,-1,400.000,-1,325.000,325.000,300.000,300.000,-1,-1,-1,-1,700.000,750.000,-1,-1,2,0,2,0,2,0,0,0,0,2,2,2,2,0,0,2,2
46,7737.016,-4491.411,246.748,-192.101,-0.976776,-0.209595,-0.044489,0.208451,-0.977602,0.029016,-0.049574,0.019069,0.998588,0,0.88797,-0.94721,53.278,-1.894,-1,400.000,-1,400.000,-1,325.000,325.000,300.000,300.000,-1,-1,-1,-1,700.000,750.000,-1,-1,2,0,2,0,2,0,0,0,0,2,2,2,2,0,0,2,2
47,7685.319,-4478.526,244.128,-193.995,-0.969304,-0.241803,-0.044518,0.240658,-0.970159,0.029577,-0.050342,0.017956,0.998571,0,0.88797,-0.94721,53.278,-1.894,-1,400.000,-1,400.000,-1,325.000,325.000,300.000,300.000,-1,-1,-1,-1,700.000,725.000,-1,-1,2,0,2,0,2,0,0,0,0,2,2,2,2,0,0,2,2
48,7634.077,-4463.939,241.474,-195.890,-0.960770,-0.273747,-0.044539,0.272606,-0.961656,0.030074,-0.051064,0.016753,0.998555,0,0.88797,-0.94721,53.278,-1.894,-1,400.000,-1,400.000,-1,325.000,325.000,300.000,300.000,-1,-1,-1,-1,675.000,725.000,-1,-1,2,0,2,0,2,0,0,0,0,2,2,2,2,0,0,2,2
49,7583.344,-4447.665,238.787,-197.784,-0.951183,-0.305394,-0.044550,0.304260,-0.952101,0.030498,-0.051730,0.015454,0.998542,0,0.88797,-0.94721,53.278,-1.894,-1,400.000,-1,400.000,-1,325.000,325.000,300.000,300.000,-1,-1,-1,-1,675.000,700.000,-1,-1,2,0,2,0,2,0,0,0,0,2,2,2,2,0,0,2,2
50,7533.177,-4429.724,236.065,-199.679,-0.940554,-0.336709,-0.044551,0.335588,-0.941504,0.030840,-0.052329,0.014056,0.998531,0,0.88797,-0.94721,53.278,-1.894,-1,400.000,-1,400.000,-1,325.000,325.000,300.000,300.000,-1,-1,-1,-1,650.000,700.000,-1,-1,2,0,2,0,2,0,0,0,0,2,2,2,2,0,0,2,2
51,7483.631,-4410.134,233.308,-201.573,-0.928894,-0.367656,-0.044544,0.366554,-0.929877,0.031092,-0.052851,0.012553,0.998523,0,0.88797,-0.94721,53.278,-1.894,-1,375.000,-1,400.000,-1,325.000,325.000,300.000,300.000,-1,-1,-1,-1,650.000,700.000,-1,-1,2,0,2,0,2,0,0,0,0,2,2,2,2,0,0,2,2
52,7434.760,-4388.917,230.517,-203.467,-0.916216,-0.398202,-0.044531,0.397125,-0.917232,0.031245,-0.053287,0.010943,0.998519,0,0.88797,-0.94721,53.278,-1.894,975.000,375.000,-1,400.000,-1,325.000,325.000,300.000,300.000,-1,-1,-1,-1,625.000,675.000,1000.000,-1,0,0,2,0,2,0,0,0,0,2,2,2,2,0,0,0,2
53,7386.616,-4366.097,227.690,-205.362,-0.902533,-0.428314,-0.044516,0.427269,-0.903583,0.031291,-0.053626,0.009221,0.998519,0,0.88797,-0.94721,53.278,-1.894,925.000,375.000,-1,375.000,-1,300.000,325.000,300.000,300.000,-1,-1,-1,-1,625.000,675.000,950.000,-1,0,0,2,0,2,0,0,0,0,2,2,2,2,0,0,0,2
54,7334.876,-4339.715,224.553,-207.016,-0.889775,-0.454229,-0.044451,0.453225,-0.890853,0.031110,-0.053730,0.007534,0.998527,0,0.96797,-0.82721,58.078,-1.654,875.000,350.000,-1,375.000,-1,300.000,300.000,300.000,300.000,-1,-1,-1,-1,625.000,675.000,925.000,-1,0,0,2,0,2,0,0,0,0,2,2,2,2,0,0,0,2
55,7282.937,-4311.596,221.592,-208.431,-0.878340,-0.476082,-0.043182,0.475103,-0.879373,0.031303,-0.052876,0.006979,0.998577,0,0.98436,-0.70721,59.061,-1.414,850.000,350.000,-1,375.000,-1,300.000,300.000,300.000,300.000,-1,-1,-1,-1,600.000,650.000,875.000,-1,0,0,2,0,2,0,0,0,0,2,2,2,2,0,0,0,2
56,7231.587,-4282.419,219.091,-209.605,-0.868558,-0.494000,-0.039650,0.493018,-0.869421,0.032263,-0.050411,0.008474,0.998693,0,0.98436,-0.58721,59.061,-1.174,850.000,350.000,-1,375.000,-1,300.000,300.000,300.000,300.000,-1,-1,-1,-1,600.000,650.000,875.000,-1,0,0,2,0,2,0,0,0,0,2,2,2,2,0,0,0,2
57,7180.718,-4252.408,216.580,-210.539,-0.860537,-0.508105,-0.036137,0.507132,-0.861236,0.033008,-0.047894,0.010078,0.998802,0,0.98436,-0.46721,59.061,-0.934,825.000,350.000,-1,375.000,-1,300.000,300.000,300.000,300.000,-1,-1,-1,-1,625.000,650.000,875.000,-1,0,0,2,0,2,0,0,0,0,2,2,2,2,0,0,0,2
58,7130.218,-4221.783,214.083,-211.234,-0.854453,-0.518496,-0.032734,0.517542,-0.855000,0.033557,-0.045387,0.011732,0.998901,0,0.98436,-0.34721,59.061,-0.694,825.000,350.000,-1,375.000,-1,300.000,300.000,300.000,300.000,-1,-1,-1,-1,625.000,650.000,875.000,-1,0,0,2,0,2,0,0,0,0,2,2,2,2,0,0,0,2
59,7079.961,-4190.758,211.694,-211.688,-0.850440,-0.525249,-0.029409,0.524322,-0.850842,0.033975,-0.042868,0.013474,0.998990,0,0.98436,-0.22721,59.061,-0.454,825.000,350.000,-1,375.000,-1,300.000,300.000,300.000,300.000,-1,-1,-1,-1,625.000,650.000,875.000,-1,0,0,2,0,2,0,0,0,0,2,2,2,2,0,0,0,2
60,7029.821,-4159.546,209.419,-211.903,-0.848593,-0.528415,-0.025825,0.527532,-0.848847,0.034193,-0.039989,0.015393,0.999082,0,0.98436,-0.10721,59.061,-0.214,825.000,350.000,-1,375.000,-1,300.000,300.000,300.000,300.000,-1,-1,725.000,-1,600.000,675.000,875.000,-1,0,0,2,0,2,0,0,0,0,2,2,0,2,0,0,0,2
61,6979.668,-4128.356,207.709,-211.877,-0.848935,-0.528037,-0.022042,0.527307,-0.849084,0.031676,-0.035442,0.015267,0.999255,0,0.98436,0.01279,59.061,0.026,825.000,350.000,-1,375.000,-1,300.000,300.000,300.000,300.000,-1,600.000,525.000,-1,600.000,675.000,900.000,-1,0,0,2,0,2,0,0,0,0,2,0,0,2,0,0,0,2
62,6929.370,-4097.399,206.003,-211.611,-0.851462,-0.524096,-0.018344,0.523506,-0.851524,0.029144,-0.030895,0.015212,0.999407,0,0.98436,0.13279,59.061,0.266,850.000,375.000,-1,375.000,-1,300.000,300.000,300.000,300.000,-1,475.000,425.000,-1,625.000,700.000,900.000,-1,0,0,2,0,2,0,0,0,0,2,0,0,2,0,0,0,2
63,6878.801,-4066.887,204.307,-211.106,-0.856124,-0.516561,-0.014689,0.516098,-0.856115,0.026645,-0.026339,0.015231,0.999537,0,0.98436,0.25279,59.061,0.506,850.000,375.000,-1,375.000,-1,300.000,300.000,300.000,300.000,-1,400.000,375.000,-1,625.000,700.000,925.000,-1,0,0,2,0,2,0,0,0,0,2,0,0,2,0,0,0,2
64,6827.934,-4036.874,202.611,-210.542,-0.861218,-0.508115,-0.011047,0.507767,-0.861154,0.024206,-0.021812,0.015237,0.999646,0,0.98436,0.28179,59.061,0.564,850.000,375.000,-1,375.000,-1,300.000,325.000,300.000,300.000,-1,350.000,325.000,-1,625.000,700.000,950.000,-1,0,0,2,0,2,0,0,0,0,2,0,0,2,0,0,0,2
65,6776.774,-4007.362,200.911,-209.979,-0.866213,-0.499621,-0.007415,0.499375,-0.866111,0.021825,-0.017326,0.015202,0.999734,0,0.98436,0.28179,59.061,0.564,850.000,375.000,-1,400.000,-1,300.000,325.000,300.000,300.000,-1,325.000,300.000,-1,625.000,725.000,975.000,-1,0,0,2,0,2,0,0,0,0,2,0,0,2,0,0,0,2
66,6725.327,-3978.356,199.430,-209.415,-0.871110,-0.491071,-0.003970,0.490900,-0.870972,0.020599,-0.013573,0.015995,0.999780,0,0.98436,0.28179,59.061,0.564,875.000,350.000,-1,400.000,-1,300.000,325.000,300.000,325.000,-1,325.000,275.000,-1,625.000,725.000,1000.000,-1,0,0,2,0,2,0,0,0,0,2,0,0,2,0,0,0,2
67,6673.596,-3949.856,198.436,-208.852,-0.875917,-0.482461,-0.000913,0.482332,-0.875724,0.021500,-0.011172,0.018392,0.999768,0,0.98436,0.28179,59.061,0.564,900.000,350.000,-1,400.000,-1,300.000,325.000,300.000,325.000,-1,325.000,300.000,-1,625.000,700.000,-1,-1,0,0,2,0,2,0,0,0,0,2,0,0,2,0,0,2,2
68,6621.588,-3921.868,197.710,-208.288,-0.880631,-0.473790,0.003350,0.473735,-0.880365,0.023080,-0.007986,0.021912,0.999728,0,0.98436,0.28179,59.061,0.564,950.000,350.000,-1,375.000,-1,300.000,325.000,300.000,300.000,-1,350.000,300.000,-1,625.000,700.000,-1,-1,0,0,2,0,2,0,0,0,0,2,0,0,2,0,0,2,2
69,6569.306,-3894.393,197.288,-207.724,-0.885237,-0.465054,0.008978,0.465124,-0.884880,0.025450,-0.003891,0.026705,0.999636,0,0.98436,0.28179,59.061,0.564,-1,350.000,-1,375.000,-1,300.000,325.000,300.000,300.000,-1,375.000,300.000,-1,625.000,700.000,-1,-1,2,0,2,0,2,0,0,0,0,2,0,0,2,0,0,2,2
70,6516.757,-3867.434,196.899,-207.161,-0.889728,-0.456262,0.014444,0.456490,-0.889283,0.028158,-0.000002,0.031647,0.999499,0,0.98436,0.28179,59.061,0.564,-1,350.000,-1,375.000,-1,300.000,300.000,300.000,300.000,-1,375.000,300.000,-1,650.000,700.000,-1,-1,2,0,2,0,2,0,0,0,0,2,0,0,2,0,0,2,2
71,6463.944,-3840.993,196.911,-206.597,-0.894131,-0.447433,0.018248,0.447798,-0.893610,0.030639,0.002598,0.035566,0.999364,0,0.98436,0.28179,59.061,0.564,-1,375.000,-1,375.000,-1,300.000,300.000,300.000,300.000,-1,400.000,325.000,-1,650.000,700.000,-1,-1,2,0,2,0,2,0,0,0,0,2,0,0,2,0,0,2,2
72,6410.875,-3815.072,197.285,-206.034,-0.898454,-0.438581,0.020658,0.439046,-0.897884,0.032301,0.004382,0.038091,0.999265,0,0.98436,0.28179,59.061,0.564,-1,375.000,-1,375.000,-1,300.000,300.000,300.000,300.000,-1,450.000,350.000,-1,650.000,700.000,-1,-1,2,0,2,0,2,0,0,0,0,2,0,0,2,0,0,2,2
73,6357.554,-3789.673,198.221,-205.470,-0.902651,-0.429722,0.023675,0.430302,-0.902142,0.031317,0.007900,0.038456,0.999229,0,0.98436,0.28179,59.061,0.564,-1,375.000,-1,375.000,-1,300.000,300.000,300.000,300.000,-1,475.000,375.000,-1,650.000,725.000,-1,-1,2,0,2,0,2,0,0,0,0,2,0,0,2,0,0,2,2
74,6303.985,-3764.801,199.135,-204.907,-0.906750,-0.420822,0.026714,0.421515,-0.906311,0.030419,0.011410,0.038843,0.999180,0,0.98436,0.28179,59.061,0.564,-1,375.000,-1,375.000,-1,300.000,325.000,300.000,300.000,-1,475.000,400.000,-1,675.000,725.000,-1,-1,2,0,2,0,2,0,0,0,0,2,0,0,2,0,0,2,2
75,6250.174,-3740.456,200.029,-204.343,-0.910751,-0.411880,0.029777,0.412686,-0.910392,0.029606,0.014914,0.039253,0.999118,0,0.98436,0.28179,59.061,0.564,-1,375.000,-1,400.000,-1,300.000,325.000,300.000,300.000,-1,500.000,425.000,-1,675.000,750.000,-1,-1,2,0,2,0,2,0,0,0,0,2,0,0,2,0,0,2,2
76,6196.126,-3716.642,200.902,-203.779,-0.914654,-0.402899,0.032860,0.403817,-0.914384,0.028878,0.018412,0.039683,0.999043,0,0.98436,0.28179,59.061,0.564,-1,375.000,-1,400.000,-1,325.000,325.000,300.000,300.000,-1,525.000,450.000,-1,675.000,750.000,-1,-1,2,0,2,0,2,0,0,0,0,2,0,0,2,0,0,2,2
77,6141.847,-3693.361,201.782,-203.216,-0.918462,-0.393880,0.035862,0.394906,-0.918289,0.028179,0.021833,0.040043,0.998959,0,0.98436,0.28179,59.061,0.564,-1,375.000,-1,400.000,-1,325.000,325.000,300.000,300.000,-1,500.000,425.000,-1,700.000,750.000,-1,-1,2,0,2,0,2,0,0,0,0,2,0,0,2,0,0,2,2
78,6091.835,-3672.312,202.580,-202.826,-0.921015,-0.387615,0.038549,0.388735,-0.920938,0.027540,0.024826,0.040350,0.998877,0,0.90436,0.19501,54.261,0.390,-1,375.000,-1,400.000,-1,325.000,325.000,300.000,325.000,-1,450.000,375.000,-1,700.000,775.000,-1,-1,2,0,2,0,2,0,0,0,0,2,0,0,2,0,0,2,2
79,6046.117,-3653.435,203.289,-202.436,-0.923527,-0.381332,0.041026,0.382540,-0.923544,0.027024,0.027584,0.040652,0.998793,0,0.82436,0.19501,49.461,0.390,-1,375.000,-1,400.000,-1,325.000,325.000,300.000,325.000,-1,400.000,325.000,-1,700.000,775.000,-1,-1,2,0,2,0,2,0,0,0,0,2,0,0,2,0,0,2,2
80,6004.720,-3636.673,204.272,-202.046,-0.926034,-0.375010,0.042762,0.376328,-0.926052,0.028384,0.028956,0.042377,0.998682,0,0.74436,0.19501,44.661,0.390,-1,375.000,-1,400.000,-1,325.000,325.000,300.000,300.000,-1,400.000,350.000,-1,725.000,775.000,-1,-1,2,0,2,0,2,0,0,0,0,2,0,0,2,0,0,2,2
81,5964.420,-3620.673,205.303,-201.656,-0.928503,-0.368664,0.044363,0.370104,-0.928500,0.030168,0.030069,0.044430,0.998560,0,0.72266,0.19501,43.360,0.390,-1,375.000,-1,400.000,-1,325.000,325.000,300.000,300.000,-1,425.000,350.000,-1,725.000,775.000,-1,-1,2,0,2,0,2,0,0,0,0,2,0,0,2,0,0,2,2
82,5924.013,-3604.948,206.342,-201.266,-0.930923,-0.362300,0.046056,0.363874,-0.930897,0.032042,0.031265,0.046588,0.998425,0,0.72266,0.19501,43.360,0.390,-1,375.000,-1,400.000,-1,325.000,325.000,300.000,300.000,-1,450.000,350.000,-1,725.000,775.000,-1,-1,2,0,2,0,2,0,0,0,0,2,0,0,2,0,0,2,2
83,5883.499,-3589.499,207.376,-200.876,-0.933296,-0.355917,0.047776,0.357636,-0.933243,0.033969,0.032496,0.048790,0.998280,0,0.72266,0.19501,43.360,0.390,-1,375.000,-1,400.000,-1,325.000,325.000,300.000,300.000,-1,450.000,375.000,-1,750.000,750.000,-1,-1,2,0,2,0,2,0,0,0,0,2,0,0,2,0,0,2,2
84,5842.880,-3574.326,208.437,-200.486,-0.935627,-0.349519,0.049383,0.351381,-0.935545,0.035867,0.033664,0.050910,0.998136,0,0.72266,0.19501,43.360,0.390,-1,375.000,-1,400.000,-1,325.000,325.000,300.000,300.000,-1,475.000,375.000,-1,750.000,750.000,-1,-1,2,0,2,0,2,0,0,0,0,2,0,0,2,0,0,2,2
85,5802.160,-3559.428,209.936,-200.096,-0.937995,-0.343133,0.049245,0.345018,-0.937877,0.036740,0.033579,0.051453,0.998111,0,0.72266,0.19501,43.360,0.390,-1,375.000,-1,400.000,-1,325.000,325.000,300.000,300.000,-1,525.000,425.000,-1,775.000,750.000,-1,-1,2,0,2,0,2,0,0,0,0,2,0,0,2,0,0,2,2
86,5761.340,-3544.808,211.577,-199.706,-0.940303,-0.336740,0.049367,0.338640,-0.940189,0.036983,0.033960,0.051492,0.998096,0,0.72266,0.19501,43.360,0.390,-1,375.000,-1,400.000,-1,325.000,325.000,300.000,300.000,-1,575.000,475.000,-1,775.000,750.000,-1,-1,2,0,2,0,2,0,0,0,0,2,0,0,2,0,0,2,2
87,5720.421,-3530.466,213.242,-199.316,-0.942562,-0.330332,0.049575,0.332249,-0.942461,0.037127,0.034458,0.051466,0.998080,0,0.72266,0.19501,43.360,0.390,-1,375.000,-1,400.000,-1,325.000,325.000,300.000,300.000,-1,600.000,525.000,-1,775.000,750.000,-1,-1,2,0,2,0,2,0,0,0,0,2,0,0,2,0,0,2,2
88,5679.405,-3516.403,214.909,-198.926,-0.944775,-0.323909,0.049836,0.325846,-0.944688,0.037274,0.035006,0.051455,0.998062,0,0.72266,0.19501,43.360,0.390,-1,375.000,-1,400.000,-1,325.000,325.000,300.000,300.000,-1,650.000,550.000,-1,800.000,775.000,-1,-1,2,0,2,0,2,0,0,0,0,2,0,0,2,0,0,2,2
89,5638.295,-3502.619,216.579,-198.535,-0.946941,-0.317471,0.050148,0.319429,-0.946871,0.037424,0.035603,0.051458,0.998040,0,0.72266,0.19501,43.360,0.390,-1,375.000,-1,400.000,-1,325.000,325.000,300.000,300.000,-1,675.000,600.000,-1,800.000,775.000,-1,-1,2,0,2,0,2,0,0,0,0,2,0,0,2,0,0,2,2
90,5597.091,-3489.116,218.251,-198.145,-0.949061,-0.311018,0.050510,0.313001,-0.949009,0.037579,0.036247,0.051475,0.998016,0,0.72266,0.19501,43.360,0.390,-1,375.000,-1,400.000,-1,325.000,325.000,300.000,300.000,-1,700.000,625.000,-1,825.000,775.000,-1,-1,2,0,2,0,2,0,0,0,0,2,0,0,2,0,0,2,2
91,5551.288,-3474.237,220.098,-197.995,-0.949849,-0.308528,0.050966,0.310542,-0.949809,0.037779,0.036752,0.051712,0.997986,0,0.80266,0.07501,48.160,0.150,-1,400.000,-1,400.000,-1,325.000,325.000,300.000,300.000,-1,750.000,675.000,-1,825.000,800.000,-1,-1,2,0,2,0,2,0,0,0,0,2,0,0,2,0,0,2,2
92,5500.944,-3457.797,222.108,-198.085,-0.949335,-0.310012,0.051527,0.312064,-0.949300,0.038016,0.037130,0.052170,0.997948,0,0.88266,-0.04499,52.960,-0.090,-1,400.000,-1,400.000,-1,325.000,325.000,300.000,300.000,-1,800.000,700.000,-1,850.000,800.000,-1,-1,2,0,2,0,2,0,0,0,0,2,0,0,2,0,0,2,2
93,5448.067,-3440.192,224.189,-198.415,-0.947502,-0.315463,0.052177,0.317558,-0.947466,0.038266,0.037365,0.052827,0.997904,0,0.92885,-0.16499,55.731,-0.330,-1,400.000,-1,400.000,-1,325.000,325.000,300.000,300.000,-1,850.000,750.000,-1,850.000,800.000,-1,-1,2,0,2,0,2,0,0,0,0,2,0,0,2,0,0,2,2
94,5395.301,-3422.255,226.231,-198.776,-0.945465,-0.321403,0.052875,0.323544,-0.945430,0.038488,0.037619,0.053497,0.997859,0,0.92885,-0.18016,55.731,-0.360,-1,400.000,-1,400.000,-1,325.000,325.000,300.000,300.000,-1,875.000,800.000,-1,875.000,825.000,-1,-1,2,0,2,0,2,0,0,0,0,2,0,0,2,0,0,2,2
95,5342.650,-3403.986,228.245,-199.136,-0.943388,-0.327330,0.053603,0.329519,-0.943354,0.038729,0.037890,0.054200,0.997811,0,0.92885,-0.18016,55.731,-0.360,-1,425.000,-1,400.000,-1,325.000,325.000,300.000,300.000,-1,925.000,825.000,-1,900.000,825.000,-1,-1,2,0,2,0,2,0,0,0,0,2,0,0,2,0,0,2,2
96,5290.114,-3385.386,230.044,-199.496,-0.941321,-0.333257,0.053421,0.335427,-0.941279,0.038509,0.037451,0.054168,0.997829,0,0.92885,-0.18016,55.731,-0.360,-1,425.000,-1,400.000,-1,325.000,325.000,300.000,300.000,-1,975.000,900.000,-1,900.000,825.000,-1,-1,2,0,2,0,2,0,0,0,0,2,0,0,2,0,0,2,2
97,5237.697,-3366.455,231.602,-199.857,-0.939264,-0.339185,0.052312,0.341268,-0.939208,0.037748,0.036328,0.053308,0.997917,0,0.92885,-0.18016,55.731,-0.360,-1,425.000,-1,400.000,-1,325.000,325.000,300.000,300.000,-1,-1,975.000,-1,900.000,825.000,-1,-1,2,0,2,0,2,0,0,0,0,2,2,0,2,0,0,2,2
98,5185.400,-3347.195,233.161,-200.217,-0.937169,-0.345101,0.051178,0.347096,-0.937099,0.037017,0.035185,0.052454,0.998003,0,0.92885,-0.18016,55.731,-0.360,-1,425.000,-1,400.000,-1,325.000,325.000,300.000,300.000,-1,-1,-1,-1,900.000,825.000,-1,-1,2,0,2,0,2,0,0,0,0,2,2,2,2,0,0,2,2
99,5133.226,-3327.606,234.853,-200.577,-0.935071,-0.351012,0.049320,0.352877,-0.934974,0.036064,0.033455,0.051126,0.998132,0,0.92885,-0.18016,55.731,-0.360,-1,425.000,-1,400.000,-1,325.000,325.000,300.000,300.000,-1,-1,-1,-1,900.000,825.000,-1,-1,2,0,2,0,2,0,0,0,0,2,2,2,2,0,0,2,2
100,5081.175,-3307.690,236.223,-200.938,-0.932963,-0.356887,0.047025,0.358651,-0.932754,0.036594,0.030803,0.051007,0.998223,0,0.92885,-0.18016,55.731,-0.360,-1,425.000,-1,400.000,-1,325.000,325.000,300.000,300.000,-1,-1,-1,-1,900.000,800.000,-1,-1,2,0,2,0,2,0,0,0,0,2,2,2,2,0,0,2,2
101,5029.251,-3287.448,237.576,-201.298,-0.930813,-0.362746,0.044756,0.364412,-0.930493,0.037229,0.028141,0.050963,0.998304,0,0.92885,-0.18016,55.731,-0.360,-1,425.000,-1,400.000,-1,325.000,325.000,300.000,300.000,-1,-1,-1,-1,875.000,775.000,-1,-1,2,0,2,0,2,0,0,0,0,2,2,2,2,0,0,2,2
102,4977.454,-3266.879,238.919,-201.658,-0.928619,-0.368591,0.042526,0.370159,-0.928193,0.037935,0.025490,0.050968,0.998375,0,0.92885,-0.18016,55.731,-0.360,-1,400.000,-1,400.000,-1,325.000,325.000,300.000,300.000,-1,-1,-1,-1,850.000,775.000,-1,-1,2,0,2,0,2,0,0,0,0,2,2,2,2,0,0,2,2
103,4925.789,-3245.985,240.272,-202.019,-0.926380,-0.374421,0.040361,0.375893,-0.925858,0.038628,0.022905,0.050955,0.998438,0,0.92885,-0.18016,55.731,-0.360,-1,400.000,-1,400.000,-1,325.000,325.000,300.000,300.000,-1,-1,-1,-1,850.000,750.000,-1,-1,2,0,2,0,2,0,0,0,0,2,2,2,2,0,0,2,2
104,4874.255,-3224.766,241.633,-202.379,-0.924097,-0.380237,0.038262,0.381613,-0.923486,0.039302,0.020390,0.050921,0.998495,0,0.92885,-0.18016,55.731,-0.360,-1,400.000,-1,400.000,-1,325.000,325.000,300.000,300.000,-1,-1,-1,-1,825.000,750.000,-1,-1,2,0,2,0,2,0,0,0,0,2,2,2,2,0,0,2,2
105,4822.856,-3203.223,242.999,-202.739,-0.921771,-0.386038,0.036236,0.387319,-0.921080,0.039939,0.017959,0.050849,0.998545,0,0.92885,-0.18016,55.731,-0.360,-1,400.000,-1,400.000,-1,325.000,325.000,300.000,300.000,-1,-1,-1,-1,825.000,725.000,-1,-1,2,0,2,0,2,0,0,0,0,2,2,2,2,0,0,2,2
106,4771.594,-3181.358,244.372,-203.100,-0.919401,-0.391825,0.034283,0.393012,-0.918639,0.040533,0.015612,0.050739,0.998590,0,0.92885,-0.18016,55.731,-0.360,-1,400.000,-1,375.000,-1,325.000,325.000,325.000,300.000,-1,-1,-1,-1,825.000,725.000,-1,-1,2,0,2,0,2,0,0,0,0,2,2,2,2,0,0,2,2
107,4720.470,-3159.171,245.645,-203.460,-0.916979,-0.397606,0.032546,0.398701,-0.916184,0.040559,0.013691,0.050168,0.998647,0,0.92885,-0.18016,55.731,-0.360,-1,400.000,-1,375.000,-1,325.000,325.000,325.000,300.000,-1,-1,-1,-1,800.000,700.000,-1,-1,2,0,2,0,2,0,0,0,0,2,2,2,2,0,0,2,2
108,4669.487,-3136.661,246.602,-203.820,-0.914489,-0.403398,0.031296,0.404405,-0.913751,0.038925,0.012894,0.048253,0.998752,0,0.92885,-0.18016,55.731,-0.360,-1,400.000,-1,375.000,-1,325.000,325.000,325.000,300.000,-1,-1,-1,-1,800.000,700.000,-1,-1,2,0,2,0,2,0,0,0,0,2,2,2,2,0,0,2,2
109,4618.647,-3113.832,247.463,-204.181,-0.911973,-0.409182,0.029570,0.410080,-0.911298,0.037012,0.011803,0.045880,0.998877,0,0.92885,-0.18016,55.731,-0.360,-1,400.000,-1,375.000,-1,325.000,325.000,300.000,300.000,-1,-1,-1,-1,775.000,700.000,-1,-1,2,0,2,0,2,0,0,0,0,2,2,2,2,0,0,2,2
110,4567.951,-3090.683,248.351,-204.541,-0.909416,-0.414949,0.027929,0.415747,-0.908802,0.035114,0.010811,0.043545,0.998993,0,0.92885,-0.18016,55.731,-0.360,-1,400.000,-1,375.000,-1,325.000,325.000,300.000,325.000,-1,-1,-1,-1,775.000,700.000,-1,-1,2,0,2,0,2,0,0,0,0,2,2,2,2,0,0,2,2
111,4517.402,-3067.216,249.204,-204.901,-0.906812,-0.420693,0.026631,0.421414,-0.906255,0.033358,0.010101,0.041472,0.999089,0,0.92885,-0.18016,55.731,-0.360,-1,400.000,-1,375.000,-1,325.000,325.000,300.000,325.000,-1,-1,-1,-1,775.000,700.000,-1,-1,2,0,2,0,2,0,0,0,0,2,2,2,2,0,0,2,2
112,4471.433,-3045.288,249.737,-205.502,-0.902351,-0.430180,0.026622,0.430884,-0.901828,0.032316,0.010107,0.040631,0.999123,0,0.84885,-0.30016,50.931,-0.600,-1,400.000,-1,375.000,-1,325.000,325.000,300.000,325.000,-1,-1,-1,-1,775.000,700.000,-1,-1,2,0,2,0,2,0,0,0,0,2,2,2,2,0,0,2,2
113,4427.568,-3023.770,250.235,-206.130,-0.897569,-0.440065,0.026687,0.440757,-0.897076,0.031429,0.010109,0.039973,0.999150,0,0.81432,-0.31446,48.859,-0.629,-1,400.000,-1,375.000,-1,325.000,325.000,300.000,325.000,-1,-1,-1,-1,775.000,700.000,-1,-1,2,0,2,0,2,0,0,0,0,2,2,2,2,0,0,2,2
114,4383.941,-3001.771,250.719,-206.759,-0.892679,-0.449894,0.026832,0.450579,-0.892210,0.030652,0.010150,0.039452,0.999170,0,0.81432,-0.31446,48.859,-0.629,-1,400.000,-1,375.000,-1,325.000,300.000,300.000,325.000,-1,-1,-1,-1,750.000,700.000,-1,-1,2,0,2,0,2,0,0,0,0,2,2,2,2,0,0,2,2
115,4340.558,-2979.294,251.229,-207.388,-0.887679,-0.459670,0.027007,0.460348,-0.887237,0.029842,0.010245,0.038923,0.999190,0,0.81432,-0.31446,48.859,-0.629,-1,400.000,-1,375.000,-1,325.000,300.000,300.000,325.000,-1,-1,-1,-1,750.000,675.000,-1,-1,2,0,2,0,2,0,0,0,0,2,2,2,2,0,0,2,2
116,4297.425,-2956.343,251.768,-208.017,-0.882571,-0.469390,0.027212,0.470064,-0.882156,0.028997,0.010394,0.038383,0.999209,0,0.81432,-0.31446,48.859,-0.629,-1,400.000,-1,375.000,-1,325.000,300.000,325.000,325.000,-1,-1,-1,-1,750.000,675.000,-1,-1,2,0,2,0,2,0,0,0,0,2,2,2,2,0,0,2,2
117,4254.547,-2932.920,252.335,-208.646,-0.877356,-0.479055,0.027443,0.479723,-0.876969,0.028117,0.010597,0.037834,0.999228,0,0.81432,-0.31446,48.859,-0.629,-1,400.000,-1,375.000,-1,325.000,300.000,325.000,325.000,-1,-1,-1,-1,750.000,675.000,-1,-1,2,0,2,0,2,0,0,0,0,2,2,2,2,0,0,2,2
118,4211.928,-2909.027,252.932,-209.275,-0.872033,-0.488662,0.027701,0.489327,-0.871676,0.027200,0.010855,0.037274,0.999246,0,0.81432,-0.31446,48.859,-0.629,-1,400.000,-1,375.000,-1,325.000,300.000,325.000,325.000,-1,-1,-1,-1,750.000,675.000,-1,-1,2,0,2,0,2,0,0,0,0,2,2,2,2,0,0,2,2
119,4169.573,-2884.668,253.559,-209.904,-0.866604,-0.498211,0.027983,0.498872,-0.866278,0.026244,0.011166,0.036703,0.999264,0,0.81432,-0.31446,48.859,-0.629,-1,400.000,-1,375.000,-1,300.000,300.000,325.000,325.000,-1,-1,-1,-1,750.000,675.000,-1,-1,2,0,2,0,2,0,0,0,0,2,2,2,2,0,0,2,2
120,4127.489,-2859.846,254.253,-210.533,-0.861065,-0.507698,0.028456,0.508362,-0.860772,0.025312,0.011644,0.036261,0.999275,0,0.81432,-0.31446,48.859,-0.629,-1,400.000,-1,375.000,-1,300.000,300.000,325.000,325.000,-1,-1,-1,-1,750.000,675.000,-1,-1,2,0,2,0,2,0,0,0,0,2,2,2,2,0,0,2,2
121,4085.680,-2834.563,254.891,-211.162,-0.855413,-0.517131,0.029059,0.517795,-0.855172,0.023857,0.012513,0.035454,0.999293,0,0.81432,-0.31446,48.859,-0.629,-1,400.000,-1,375.000,-1,325.000,300.000,325.000,325.000,-1,-1,-1,-1,750.000,700.000,-1,-1,2,0,2,0,2,0,0,0,0,2,2,2,2,0,0,2,2
122,4044.151,-2808.823,255.568,-211.791,-0.849657,-0.526501,0.029677,0.527166,-0.849468,0.022378,0.013427,0.034659,0.999309,0,0.81432,-0.31446,48.859,-0.629,-1,400.000,-1,375.000,-1,325.000,300.000,325.000,325.000,-1,-1,-1,-1,750.000,700.000,-1,-1,2,0,2,0,2,0,0,0,0,2,2,2,2,0,0,2,2
123,4002.907,-2782.629,256.255,-212.420,-0.843801,-0.535810,0.030131,0.536467,-0.843664,0.020845,0.014251,0.033753,0.999329,0,0.81432,-0.31446,48.859,-0.629,-1,400.000,-1,375.000,-1,325.000,300.000,325.000,325.000,-1,775.000,-1,-1,750.000,700.000,-1,-1,2,0,2,0,2,0,0,0,0,2,0,2,2,0,0,2,2
124,3961.952,-2755.983,256.956,-213.048,-0.837847,-0.545056,0.030431,0.545699,-0.837760,0.019266,0.014993,0.032748,0.999351,0,0.81432,-0.31446,48.859,-0.629,-1,400.000,-1,375.000,-1,325.000,300.000,325.000,325.000,-1,725.000,-1,-1,750.000,700.000,-1,-1,2,0,2,0,2,0,0,0,0,2,0,2,2,0,0,2,2
125,3921.293,-2728.889,257.696,-213.677,-0.831793,-0.554237,0.030699,0.554863,-0.831753,0.017687,0.015731,0.031746,0.999372,0,0.81432,-0.31446,48.859,-0.629,-1,400.000,-1,375.000,-1,325.000,300.000,325.000,325.000,-1,700.000,825.000,-1,750.000,700.000,-1,-1,2,0,2,0,2,0,0,0,0,2,0,0,2,0,0,2,2
126,3880.934,-2701.351,258.477,-214.306,-0.825639,-0.563351,0.030935,0.563959,-0.825646,0.016110,0.016466,0.030747,0.999392,0,0.81432,-0.31446,48.859,-0.629,-1,400.000,-1,375.000,-1,325.000,300.000,325.000,325.000,-1,675.000,775.000,-1,750.000,725.000,-1,-1,2,0,2,0,2,0,0,0,0,2,0,0,2,0,0,2,2
127,3840.879,-2673.371,259.280,-214.935,-0.819382,-0.572395,0.031242,0.572987,-0.819435,0.014545,0.017275,0.029820,0.999406,0,0.81432,-0.31446,48.859,-0.629,-1,400.000,-1,375.000,-1,325.000,325.000,325.000,325.000,-1,650.000,750.000,-1,775.000,725.000,-1,-1,2,0,2,0,2,0,0,0,0,2,0,0,2,0,0,2,2
128,3801.134,-2644.954,260.110,-215.564,-0.813025,-0.581370,0.031618,0.581946,-0.813124,0.012975,0.018166,0.028949,0.999416,0,0.81432,-0.31446,48.859,-0.629,-1,400.000,-1,375.000,-1,325.000,325.000,325.000,325.000,-1,600.000,725.000,-1,775.000,725.000,-1,-1,2,0,2,0,2,0,0,0,0,2,0,0,2,0,0,2,2
129,3761.703,-2616.102,260.980,-216.193,-0.806570,-0.590275,0.031957,0.590832,-0.806714,0.011415,0.019043,0.028089,0.999424,0,0.81432,-0.31446,48.859,-0.629,-1,400.000,-1,375.000,-1,325.000,325.000,325.000,325.000,-1,575.000,700.000,-1,775.000,750.000,-1,-1,2,0,2,0,2,0,0,0,0,2,0,0,2,0,0,2,2
130,3722.591,-2586.819,261.890,-216.822,-0.800018,-0.599108,0.032260,0.599646,-0.800205,0.009868,0.019903,0.027239,0.999431,0,0.81432,-0.31446,48.859,-0.629,-1,400.000,-1,375.000,-1,325.000,325.000,325.000,325.000,-1,575.000,675.000,-1,775.000,750.000,-1,-1,2,0,2,0,2,0,0,0,0,2,0,0,2,0,0,2,2
131,3683.803,-2557.108,262.696,-217.451,-0.793378,-0.607860,0.032511,0.608390,-0.793587,0.009033,0.020309,0.026946,0.999431,0,0.81432,-0.31446,48.859,-0.629,-1,400.000,-1,400.000,-1,325.000,325.000,325.000,325.000,-1,575.000,675.000,-1,775.000,750.000,-1,-1,2,0,2,0,2,0,0,0,0,2,0,0,2,0,0,2,2
132,3645.344,-2526.974,263.545,-218.080,-0.786646,-0.616536,0.032738,0.617062,-0.786869,0.008419,0.020570,0.026824,0.999429,0,0.81432,-0.31446,48.859,-0.629,-1,400.000,-1,400.000,-1,325.000,325.000,325.000,325.000,-1,575.000,675.000,-1,800.000,750.000,-1,-1,2,0,2,0,2,0,0,0,0,2,0,0,2,0,0,2,2
133,3607.217,-2496.419,264.444,-218.709,-0.779821,-0.625136,0.032947,0.625661,-0.780054,0.007999,0.020701,0.026851,0.999425,0,0.81432,-0.31446,48.859,-0.629,-1,400.000,-1,400.000,-1,325.000,325.000,325.000,325.000,-1,600.000,700.000,-1,800.000,750.000,-1,-1,2,0,2,0,2,0,0,0,0,2,0,0,2,0,0,2,2
134,3569.428,-2465.448,265.374,-219.338,-0.772903,-0.633658,0.033144,0.634185,-0.773144,0.007668,0.020766,0.026946,0.999421,0,0.81432,-0.31446,48.859,-0.629,-1,400.000,-1,400.000,-1,325.000,325.000,325.000,325.000,-1,625.000,700.000,-1,800.000,750.000,-1,-1,2,0,2,0,2,0,0,0,0,2,0,0,2,0,0,2,2
135,3531.981,-2434.064,266.329,-219.967,-0.765893,-0.642104,0.033329,0.642633,-0.766139,0.007401,0.020782,0.027086,0.999417,0,0.81432,-0.31446,48.859,-0.629,-1,400.000,-1,400.000,-1,325.000,325.000,325.000,325.000,-1,650.000,725.000,-1,800.000,775.000,-1,-1,2,0,2,0,2,0,0,0,0,2,0,0,2,0,0,2,2
