timestep,x_cm,y_cm,z_cm,yaw_deg,basis_xx,basis_xy,basis_xz,basis_yx,basis_yy,basis_yz,basis_zx,basis_zy,basis_zz,teleport_flag,throttle_cmd,steering_cmd,cmd_move_cm,cmd_turn_deg,lidar_cm_0,lidar_cm_1,lidar_cm_2,lidar_cm_3,lidar_cm_4,lidar_cm_5,lidar_cm_6,lidar_cm_7,lidar_cm_8,lidar_cm_9,lidar_cm_10,lidar_cm_11,lidar_cm_12,lidar_cm_13,lidar_cm_14,lidar_cm_15,lidar_cm_16,lidar_class_0,lidar_class_1,lidar_class_2,lidar_class_3,lidar_class_4,lidar_class_5,lidar_class_6,lidar_class_7,lidar_class_8,lidar_class_9,lidar_class_10,lidar_class_11,lidar_class_12,lidar_class_13,lidar_class_14,lidar_class_15,lidar_class_16
0,-8850.654,-6889.140,-228.196,-22.680,0.922198,0.385549,-0.030059,-0.384832,0.922591,0.027037,0.038157,-0.013366,0.999182,1,0.08000,0.12000,4.800,0.240,-1,375.000,-1,250.000,325.000,275.000,250.000,300.000,400.000,-1,175.000,250.000,-1,700.000,350.000,-1,300.000,2,1,2,1,1,1,1,0,0,2,0,0,2,1,1,2,1
1,-8841.766,-6892.767,-227.552,-22.200,0.925348,0.377795,-0.031658,-0.376950,0.925760,0.029612,0.040496,-0.015468,0.999060,0,0.16000,0.24000,9.600,0.480,-1,375.000,-1,250.000,325.000,275.000,250.000,300.000,400.000,-1,150.000,225.000,-1,700.000,350.000,-1,300.000,2,1,2,1,1,1,1,0,0,2,0,0,2,1,1,2,1
2,-8828.365,-6898.040,-226.578,-21.480,0.929944,0.366112,-0.034141,-0.365057,0.930384,0.033454,0.044012,-0.018647,0.998857,0,0.24000,0.36000,14.400,0.720,-1,375.000,-1,250.000,325.000,275.000,250.000,275.000,400.000,-1,150.000,225.000,-1,725.000,350.000,-1,300.000,2,1,2,1,1,1,1,0,0,2,0,0,2,1,1,2,1
3,-8810.383,-6904.770,-225.265,-20.520,0.935830,0.350441,-0.037604,-0.349071,0.936304,0.038525,0.048709,-0.022926,0.998550,0,0.32000,0.48000,19.200,0.960,-1,400.000,-1,250.000,300.000,275.000,250.000,275.000,425.000,975.000,125.000,225.000,-1,750.000,350.000,-1,275.000,2,1,2,1,1,1,1,0,0,0,0,0,2,1,1,2,1
4,-8787.734,-6912.710,-223.606,-19.320,0.942790,0.330710,-0.042168,-0.328890,0.943307,0.044750,0.054577,-0.028321,0.998108,0,0.40000,0.60000,24.000,1.200,-1,400.000,-1,275.000,300.000,275.000,250.000,275.000,425.000,850.000,125.000,200.000,-1,800.000,350.000,-1,275.000,2,1,2,1,1,1,1,0,0,0,0,0,2,1,1,2,1
5,-8760.323,-6921.551,-221.601,-17.880,0.950552,0.306837,-0.047971,-0.304398,0.951125,0.052001,0.061583,-0.034828,0.997494,0,0.48000,0.72000,28.800,1.440,-1,425.000,-1,275.000,275.000,300.000,250.000,275.000,450.000,725.000,100.000,200.000,-1,850.000,350.000,-1,275.000,2,1,2,1,1,1,1,0,0,0,0,0,2,1,1,2,1
6,-8728.092,-6931.048,-219.274,-16.420,0.957718,0.282427,-0.054875,-0.279167,0.958355,0.060175,0.069584,-0.042311,0.996678,0,0.56000,0.72985,33.600,1.460,-1,450.000,-1,275.000,275.000,325.000,250.000,275.000,475.000,650.000,100.000,200.000,-1,875.000,425.000,-1,275.000,2,1,2,1,1,1,1,0,0,0,0,0,2,0,1,2,1
7,-8691.001,-6940.995,-216.625,-15.016,0.963894,0.258763,-0.062853,-0.254439,0.964606,0.069246,0.078547,-0.050754,0.995618,0,0.64000,0.70187,38.400,1.404,-1,475.000,-1,275.000,250.000,325.000,250.000,275.000,475.000,575.000,75.000,175.000,-1,925.000,625.000,-1,250.000,2,1,2,1,1,1,1,0,1,0,0,0,2,0,1,2,1
8,-8649.023,-6951.207,-213.639,-13.677,0.969082,0.236017,-0.071942,-0.230332,0.969884,0.079200,0.088468,-0.060180,0.994259,0,0.72000,0.66983,43.200,1.340,-1,500.000,-1,300.000,250.000,350.000,300.000,250.000,425.000,500.000,75.000,175.000,-1,1000.000,925.000,-1,250.000,2,1,2,1,1,1,1,0,1,0,0,0,2,0,1,2,1
9,-8602.142,-6961.519,-210.307,-12.411,0.973287,0.214387,-0.082161,-0.206987,0.974193,0.090025,0.099340,-0.070614,0.992545,0,0.80000,0.63291,48.000,1.266,-1,525.000,-1,375.000,225.000,375.000,325.000,250.000,400.000,450.000,75.000,175.000,-1,-1,-1,-1,250.000,2,1,2,1,1,1,1,0,1,0,0,0,2,2,2,2,1
10,-8550.349,-6971.799,-206.064,-11.231,0.976587,0.194137,-0.092676,-0.184936,0.977718,0.099326,0.109894,-0.079861,0.990730,0,0.88000,0.59019,52.800,1.180,-1,550.000,-1,450.000,225.000,425.000,375.000,250.000,350.000,400.000,75.000,175.000,-1,-1,-1,-1,-1,2,0,2,1,1,1,1,0,1,0,0,0,2,2,2,2,2
11,-8493.647,-6981.944,-201.121,-10.149,0.978972,0.175504,-0.103987,-0.164149,0.980367,0.109253,0.121119,-0.089886,0.988560,0,0.96000,0.54057,57.600,1.081,-1,575.000,-1,575.000,975.000,450.000,425.000,250.000,325.000,375.000,75.000,175.000,-1,-1,-1,-1,-1,2,0,2,1,1,1,1,0,1,0,0,0,2,2,2,2,2
12,-2951.166,328.268,-101.761,-53.579,0.644456,0.752247,-0.137118,-0.731949,0.555027,-0.395216,-0.221195,0.355063,0.908297,1,0.00000,0.00000,60.000,0.966,-1,325.000,500.000,175.000,0.000,250.000,175.000,325.000,175.000,200.000,-1,-1,-1,500.000,225.000,850.000,0.000,2,0,0,0,0,0,0,1,0,1,2,2,2,0,0,0,0
13,-3606.339,-2956.322,-147.483,-74.454,0.268810,0.963153,0.008806,-0.961829,0.267931,0.055667,0.051256,-0.023434,0.998411,1,0.08000,-0.12000,4.800,-0.240,-1,400.000,-1,425.000,-1,325.000,325.000,275.000,275.000,-1,550.000,475.000,-1,800.000,-1,-1,-1,2,0,2,0,2,0,0,0,0,2,1,1,2,0,2,2,2
14,-3603.839,-2965.591,-146.973,-74.904,0.261208,0.965244,0.008590,-0.963934,0.260363,0.055154,0.051000,-0.022687,0.998441,0,0.16000,-0.22500,9.600,-0.450,-1,400.000,-1,425.000,-1,325.000,325.000,275.000,275.000,-1,550.000,500.000,-1,800.000,-1,-1,-1,2,0,2,0,2,0,0,0,0,2,1,1,2,0,2,2,2
15,-3600.198,-2979.523,-146.204,-75.351,0.253634,0.967265,0.008304,-0.965980,0.252830,0.054405,0.050524,-0.021820,0.998484,0,0.24000,-0.22348,14.400,-0.447,-1,400.000,-1,425.000,-1,325.000,325.000,275.000,275.000,-1,575.000,500.000,-1,800.000,-1,-1,-1,2,0,2,0,2,0,0,0,0,2,1,1,2,0,2,2,2
16,-3595.486,-2998.136,-145.176,-75.794,0.246115,0.969208,0.007951,-0.967959,0.245359,0.053426,0.049830,-0.020845,0.998540,0,0.32000,-0.22120,19.200,-0.442,-1,400.000,-1,425.000,-1,325.000,325.000,275.000,275.000,-1,625.000,525.000,-1,800.000,-1,-1,-1,2,0,2,0,2,0,0,0,0,2,1,1,2,0,2,2,2
17,-3589.774,-3021.446,-143.886,-76.230,0.238678,0.971070,0.007539,-0.969866,0.237977,0.052226,0.048921,-0.019777,0.998607,0,0.40000,-0.21816,24.000,-0.436,-1,400.000,-1,450.000,-1,325.000,325.000,275.000,275.000,-1,650.000,550.000,-1,825.000,-1,-1,-1,2,0,2,0,2,0,0,0,0,2,1,1,2,0,2,2,2
18,-3583.128,-3049.469,-142.332,-76.659,0.231351,0.972845,0.007073,-0.971695,0.230708,0.050811,0.047800,-0.018628,0.998683,0,0.48000,-0.21437,28.800,-0.429,-1,400.000,-1,450.000,-1,325.000,350.000,275.000,275.000,-1,700.000,600.000,-1,825.000,-1,-1,-1,2,0,2,0,2,0,0,0,0,2,1,1,2,0,2,2,2
19,-3575.615,-3082.218,-140.513,-77.079,0.224163,0.974530,0.006563,-0.973443,0.223582,0.049192,0.046472,-0.017416,0.998768,0,0.56000,-0.20983,33.600,-0.420,-1,400.000,-1,450.000,-1,325.000,350.000,275.000,300.000,-1,775.000,650.000,-1,825.000,-1,-1,-1,2,0,2,0,2,0,0,0,0,2,1,1,2,0,2,2,2
20,-3567.296,-3119.705,-138.426,-77.488,0.217141,0.976122,0.006018,-0.975105,0.216623,0.047377,0.044942,-0.016156,0.998859,0,0.64000,-0.20453,38.400,-0.409,-1,400.000,-1,450.000,-1,325.000,350.000,275.000,300.000,-1,825.000,700.000,-1,825.000,-1,-1,-1,2,0,2,0,2,0,0,0,0,2,1,1,2,0,2,2,2
21,-3558.229,-3161.943,-136.069,-77.885,0.210314,0.977619,0.005449,-0.976678,0.209859,0.045377,0.043218,-0.014865,0.998955,0,0.72000,-0.19848,43.200,-0.397,-1,400.000,-1,450.000,-1,325.000,350.000,275.000,300.000,-1,900.000,750.000,-1,825.000,-1,-1,-1,2,0,2,0,2,0,0,0,0,2,1,1,2,0,2,2,2
22,-3549.235,-3205.249,-133.647,-78.268,0.203714,0.979018,0.004900,-0.978152,0.203317,0.043372,0.041465,-0.013628,0.999047,0,0.73717,-0.19168,44.230,-0.383,-1,400.000,-1,450.000,-1,350.000,350.000,300.000,300.000,-1,1000.000,825.000,-1,825.000,-1,-1,-1,2,0,2,0,2,0,0,0,0,2,1,1,2,0,2,2,2
23,-3540.456,-3248.938,-131.645,-78.637,0.197286,0.980342,0.002640,-0.979515,0.197007,0.041689,0.040349,-0.010811,0.999127,0,0.74270,-0.18471,44.562,-0.369,-1,425.000,-1,450.000,-1,350.000,350.000,300.000,300.000,-1,-1,875.000,-1,825.000,-1,-1,-1,2,0,2,0,2,0,0,0,0,2,2,1,2,0,2,2,2
24,-3531.884,-3293.008,-130.202,-78.993,0.191015,0.981586,-0.001504,-0.980847,0.190930,0.038524,0.038102,-0.005883,0.999257,0,0.74827,-0.17769,44.896,-0.355,-1,425.000,-1,450.000,-1,350.000,350.000,300.000,300.000,-1,-1,925.000,-1,850.000,-1,-1,-1,2,0,2,0,2,0,0,0,0,2,2,1,2,0,2,2,2
25,-3523.512,-3337.459,-128.864,-79.334,0.185017,0.982722,-0.005206,-0.982067,0.185084,0.035903,0.036246,-0.001530,0.999342,0,0.75388,-0.17062,45.233,-0.341,-1,425.000,-1,450.000,-1,350.000,350.000,300.000,275.000,-1,-1,1000.000,-1,850.000,-1,-1,-1,2,0,2,0,2,0,0,0,0,2,2,1,2,0,2,2,2
26,-3515.333,-3382.290,-128.108,-79.661,0.179363,0.983763,-0.006257,-0.983218,0.179472,0.032728,0.033319,0.000282,0.999445,0,0.75952,-0.16350,45.571,-0.327,-1,425.000,-1,450.000,-1,350.000,350.000,300.000,275.000,-1,-1,-1,-1,850.000,-1,-1,-1,2,0,2,0,2,0,0,0,0,2,2,2,2,0,2,2,2
27,-3506.640,-3430.481,-127.276,-79.775,0.177374,0.984116,-0.007372,-0.983682,0.177515,0.029287,0.030130,0.002057,0.999544,0,0.81615,-0.05698,48.969,-0.114,-1,400.000,-1,450.000,-1,350.000,350.000,300.000,275.000,-1,-1,-1,-1,825.000,-1,-1,-1,2,0,2,0,2,0,0,0,0,2,2,2,2,0,2,2,2
28,-3498.045,-3478.656,-126.421,-79.884,0.175470,0.984448,-0.008462,-0.984116,0.175633,0.025871,0.026954,0.003788,0.999629,0,0.81558,-0.05475,48.935,-0.110,-1,400.000,-1,450.000,-1,325.000,350.000,300.000,275.000,-1,-1,-1,-1,825.000,-1,-1,-1,2,0,2,0,2,0,0,0,0,2,2,2,2,0,2,2,2
29,-3489.547,-3526.803,-125.542,-79.990,0.173644,0.984762,-0.009527,-0.984521,0.173819,0.022479,0.023792,0.005476,0.999702,0,0.81486,-0.05273,48.892,-0.105,-1,400.000,-1,425.000,-1,325.000,350.000,300.000,275.000,-1,-1,-1,-1,800.000,1000.000,-1,-1,2,0,2,0,2,0,0,0,0,2,2,2,2,0,0,2,2
30,-3481.143,-3574.914,-124.641,-80.092,0.171889,0.985060,-0.010566,-0.984900,0.172066,0.019112,0.020644,0.007121,0.999762,0,0.81400,-0.05092,48.840,-0.102,-1,400.000,-1,425.000,-1,325.000,350.000,300.000,275.000,-1,-1,-1,-1,800.000,975.000,-1,-1,2,0,2,0,2,0,0,0,0,2,2,2,2,0,0,2,2
31,-3472.832,-3622.980,-123.718,-80.190,0.170198,0.985342,-0.011578,-0.985254,0.170368,0.015770,0.017512,0.008724,0.999809,0,0.81300,-0.04933,48.780,-0.099,-1,400.000,-1,425.000,-1,325.000,325.000,275.000,275.000,-1,-1,-1,-1,775.000,950.000,-1,-1,2,0,2,0,2,0,0,0,0,2,2,2,2,0,0,2,2
32,-3464.612,-3670.995,-122.774,-80.286,0.168562,0.985611,-0.012565,-0.985586,0.168716,0.012454,0.014394,0.010285,0.999843,0,0.81189,-0.04795,48.713,-0.096,-1,400.000,-1,425.000,-1,325.000,325.000,275.000,275.000,-1,-1,-1,-1,775.000,950.000,-1,-1,2,0,2,0,2,0,0,0,0,2,2,2,2,0,0,2,2
33,-3456.483,-3718.952,-121.809,-80.380,0.166973,0.985869,-0.013526,-0.985897,0.167104,0.009162,0.011293,0.011805,0.999867,0,0.81068,-0.04678,48.641,-0.094,-1,400.000,-1,425.000,-1,325.000,325.000,275.000,275.000,-1,-1,-1,-1,775.000,925.000,-1,-1,2,0,2,0,2,0,0,0,0,2,2,2,2,0,0,2,2
34,-3448.444,-3766.846,-120.823,-80.472,0.165424,0.986117,-0.014461,-0.986188,0.165523,0.005897,0.008208,0.013286,0.999878,0,0.80939,-0.04584,48.564,-0.092,-1,400.000,-1,425.000,-1,325.000,325.000,275.000,300.000,-1,-1,-1,-1,750.000,900.000,-1,-1,2,0,2,0,2,0,0,0,0,2,2,2,2,0,0,2,2
35,-3440.494,-3814.672,-119.818,-80.562,0.163907,0.986356,-0.015370,-0.986462,0.163966,0.002656,0.005140,0.014727,0.999878,0,0.80804,-0.04512,48.482,-0.090,-1,400.000,-1,425.000,-1,325.000,325.000,300.000,300.000,-1,-1,-1,-1,750.000,875.000,-1,-1,2,0,2,0,2,0,0,0,0,2,2,2,2,0,0,2,2
36,-3432.631,-3862.427,-118.794,-80.651,0.162413,0.986589,-0.016254,-0.986721,0.162426,-0.000559,0.002088,0.016129,0.999868,0,0.80664,-0.04463,48.398,-0.089,-1,400.000,-1,425.000,-1,325.000,325.000,300.000,300.000,-1,-1,-1,-1,750.000,850.000,-1,-1,2,0,2,0,2,0,0,0,0,2,2,2,2,0,0,2,2
37,-3424.856,-3910.109,-118.140,-80.740,0.160918,0.986791,-0.018691,-0.986968,0.160890,-0.002980,0.000067,0.018927,0.999821,0,0.80520,-0.04435,48.312,-0.089,-1,400.000,-1,425.000,-1,325.000,325.000,300.000,300.000,-1,-1,-1,-1,750.000,825.000,-1,-1,2,0,2,0,2,0,0,0,0,2,2,2,2,0,0,2,2
38,-3417.169,-3957.718,-117.898,-80.828,0.159426,0.986948,-0.022741,-0.987209,0.159350,-0.005157,-0.001466,0.023273,0.999728,0,0.80376,-0.04429,48.226,-0.089,-1,400.000,-1,425.000,-1,325.000,325.000,300.000,300.000,-1,-1,-1,-1,750.000,800.000,-1,-1,2,0,2,0,2,0,0,0,0,2,2,2,2,0,0,2,2
39,-3409.390,-4006.359,-118.098,-80.915,0.157953,0.987132,-0.024913,-0.987445,0.157854,-0.005908,-0.001899,0.025534,0.999672,0,0.82098,-0.04316,49.259,-0.086,-1,400.000,-1,425.000,-1,325.000,325.000,300.000,300.000,-1,-1,-1,-1,750.000,800.000,-1,-1,2,0,2,0,2,0,0,0,0,2,2,2,2,0,0,2,2
40,-3401.687,-4054.965,-118.486,-80.996,0.156567,0.987319,-0.026216,-0.987664,0.156446,-0.006633,-0.002448,0.026931,0.999634,0,0.82021,-0.04069,49.213,-0.081,-1,400.000,-1,400.000,-1,325.000,325.000,300.000,300.000,-1,-1,-1,-1,725.000,775.000,-1,-1,2,0,2,0,2,0,0,0,0,2,2,2,2,0,0,2,2
41,-3394.059,-4103.526,-118.853,-81.073,0.155262,0.987490,-0.027504,-0.987869,0.155116,-0.007379,-0.003020,0.028316,0.999594,0,0.81926,-0.03843,49.156,-0.077,-1,400.000,-1,400.000,-1,325.000,325.000,300.000,300.000,-1,-1,-1,-1,725.000,750.000,-1,-1,2,0,2,0,2,0,0,0,0,2,2,2,2,0,0,2,2
42,-3386.503,-4152.029,-119.200,-81.146,0.154028,0.987647,-0.028777,-0.988060,0.153855,-0.008144,-0.003616,0.029688,0.999553,0,0.81815,-0.03638,49.089,-0.073,-1,400.000,-1,400.000,-1,325.000,325.000,300.000,300.000,-1,-1,-1,-1,725.000,750.000,-1,-1,2,0,2,0,2,0,0,0,0,2,2,2,2,0,0,2,2
43,-3379.017,-4200.466,-119.527,-81.215,0.152860,0.987791,-0.030035,-0.988239,0.152657,-0.008927,-0.004233,0.031047,0.999509,0,0.81687,-0.03456,49.012,-0.069,-1,400.000,-1,400.000,-1,325.000,325.000,300.000,300.000,-1,-1,-1,-1,725.000,725.000,-1,-1,2,0,2,0,2,0,0,0,0,2,2,2,2,0,0,2,2
44,-3371.599,-4248.828,-119.834,-81.281,0.151748,0.987924,-0.031279,-0.988407,0.151514,-0.009729,-0.004873,0.032393,0.999463,0,0.81546,-0.03296,48.927,-0.066,-1,375.000,-1,400.000,-1,325.000,325.000,300.000,300.000,-1,-1,-1,-1,725.000,725.000,-1,-1,2,0,2,0,2,0,0,0,0,2,2,2,2,0,0,2,2
45,-3364.057,-4297.027,-120.104,-81.107,0.154774,0.987416,-0.032481,-0.987935,0.154508,-0.010546,-0.005395,0.033721,0.999417,0,0.81308,0.08704,48.785,0.174,-1,375.000,-1,400.000,-1,325.000,325.000,275.000,300.000,-1,-1,-1,-1,725.000,700.000,-1,-1,2,0,2,0,2,0,0,0,0,2,2,2,2,0,0,2,2
46,-3356.179,-4345.087,-120.331,-80.693,0.161930,0.986229,-0.033636,-0.986785,0.161633,-0.011368,-0.005775,0.035032,0.999370,0,0.81170,0.20704,48.702,0.414,-1,375.000,-1,400.000,-1,325.000,325.000,275.000,300.000,-1,-1,-1,-1,700.000,700.000,-1,-1,2,0,2,0,2,0,0,0,0,2,2,2,2,0,0,2,2
47,-3347.767,-4392.984,-120.511,-80.038,0.173199,0.984274,-0.034737,-0.984869,0.172873,-0.012188,-0.005992,0.036322,0.999322,0,0.81050,0.32704,48.630,0.654,-1,375.000,-1,375.000,-1,325.000,325.000,275.000,300.000,-1,-1,-1,-1,700.000,675.000,-1,-1,2,0,2,0,2,0,0,0,0,2,2,2,2,0,0,2,2
48,-3338.618,-4440.686,-120.634,-79.144,0.188554,0.981411,-0.035778,-0.982044,0.188202,-0.012997,-0.006021,0.037586,0.999275,0,0.80952,0.44704,48.571,0.894,-1,375.000,-1,375.000,-1,300.000,325.000,300.000,300.000,-1,-1,-1,-1,700.000,675.000,-1,-1,2,0,2,0,2,0,0,0,0,2,2,2,2,0,0,2,2
49,-3328.537,-4488.153,-120.694,-78.010,0.207955,0.977448,-0.036751,-0.978121,0.207580,-0.013783,-0.005844,0.038813,0.999229,0,0.80877,0.56704,48.526,1.134,-1,375.000,-1,375.000,-1,300.000,300.000,300.000,300.000,-1,-1,-1,-1,700.000,650.000,-1,-1,2,0,2,0,2,0,0,0,0,2,2,2,2,0,0,2,2
50,-3317.328,-4535.335,-120.736,-76.636,0.231337,0.972136,-0.037880,-0.972859,0.230947,-0.014429,-0.005279,0.040190,0.999178,0,0.80826,0.68704,48.496,1.374,-1,375.000,-1,375.000,-1,300.000,300.000,300.000,300.000,-1,-1,-1,-1,700.000,650.000,-1,-1,2,0,2,0,2,0,0,0,0,2,2,2,2,0,0,2,2
51,-3304.798,-4582.168,-120.373,-75.022,0.258553,0.965241,-0.038212,-0.965993,0.258236,-0.013091,-0.002769,0.040297,0.999184,0,0.80801,0.80704,48.481,1.614,-1,375.000,-1,375.000,-1,300.000,300.000,300.000,300.000,-1,-1,-1,-1,700.000,650.000,-1,-1,2,0,2,0,2,0,0,0,0,2,2,2,2,0,0,2,2
52,-3290.759,-4628.573,-119.746,-73.168,0.289543,0.956376,-0.038861,-0.957165,0.289329,-0.011151,0.000579,0.040425,0.999182,0,0.80804,0.92704,48.482,1.854,-1,375.000,-1,375.000,-1,300.000,300.000,300.000,300.000,-1,-1,-1,-1,725.000,675.000,-1,-1,2,0,2,0,2,0,0,0,0,2,2,2,2,0,0,2,2
53,-3275.103,-4674.476,-119.104,-71.168,0.322618,0.945687,-0.039911,-0.946519,0.322527,-0.008874,0.004481,0.040639,0.999164,0,0.80833,1.00000,48.500,2.000,-1,375.000,-1,375.000,-1,325.000,300.000,300.000,325.000,-1,-1,-1,-1,725.000,675.000,-1,-1,2,0,2,0,2,0,0,0,0,2,2,2,2,0,0,2,2
54,-3257.844,-4719.832,-118.468,-69.168,0.355293,0.933856,-0.040997,-0.934716,0.355335,-0.006506,0.008492,0.040632,0.999138,0,0.80881,1.00000,48.528,2.000,-1,400.000,-1,375.000,-1,325.000,325.000,300.000,325.000,-1,-1,825.000,-1,750.000,700.000,-1,-1,2,0,2,0,2,0,0,0,0,2,2,0,2,0,0,2,2
55,-3239.003,-4764.584,-117.770,-67.168,0.387536,0.920881,-0.042368,-0.921772,0.387707,-0.004420,0.012356,0.040766,0.999092,0,0.80928,1.00000,48.557,2.000,-1,400.000,-1,375.000,-1,325.000,325.000,300.000,300.000,-1,-1,700.000,-1,775.000,725.000,-1,-1,2,0,2,0,2,0,0,0,0,2,2,0,2,0,0,2,2
56,-3218.598,-4808.677,-117.059,-65.168,0.419310,0.906782,-0.043890,-0.907702,0.419606,-0.002680,0.015986,0.040963,0.999033,0,0.80977,1.00000,48.586,2.000,-1,400.000,-1,400.000,-1,325.000,325.000,300.000,300.000,-1,800.000,625.000,-1,800.000,750.000,-1,-1,2,0,2,0,2,0,0,0,0,2,0,0,2,0,0,2,2
57,-3196.654,-4852.058,-116.333,-63.168,0.450578,0.891576,-0.045527,-0.892527,0.450992,-0.001306,0.019368,0.041223,0.998962,0,0.81025,1.00000,48.615,2.000,-1,400.000,-1,400.000,-1,325.000,325.000,300.000,300.000,-1,675.000,550.000,-1,825.000,775.000,-1,-1,2,0,2,0,2,0,0,0,0,2,0,0,2,0,0,2,2
58,-3173.195,-4894.672,-115.592,-61.168,0.481301,0.875281,-0.047240,-0.876267,0.481826,-0.000317,0.022484,0.041547,0.998884,0,0.81075,1.00000,48.645,2.000,-1,400.000,-1,400.000,-1,325.000,325.000,300.000,300.000,-1,575.000,500.000,-1,825.000,800.000,-1,-1,2,0,2,0,2,0,0,0,0,2,0,0,2,0,0,2,2
59,-3148.248,-4936.467,-114.836,-59.168,0.511445,0.857919,-0.048987,-0.858943,0.512071,0.000277,0.025322,0.041935,0.998799,0,0.81125,1.00000,48.675,2.000,-1,400.000,-1,400.000,-1,325.000,325.000,300.000,300.000,-1,500.000,450.000,-1,850.000,825.000,-1,-1,2,0,2,0,2,0,0,0,0,2,0,0,2,0,0,2,2
60,-3121.840,-4977.392,-114.065,-57.168,0.540973,0.839509,-0.050728,-0.840578,0.541690,0.000467,0.027871,0.042388,0.998712,0,0.81176,1.00000,48.705,2.000,-1,400.000,-1,400.000,-1,325.000,325.000,300.000,275.000,-1,450.000,450.000,-1,875.000,850.000,-1,-1,2,0,2,0,2,0,0,0,0,2,0,0,2,0,0,2,2
61,-3094.003,-5017.396,-113.276,-55.168,0.569850,0.820075,-0.052421,-0.821196,0.570646,0.000252,0.030121,0.042904,0.998625,0,0.81227,1.00000,48.736,2.000,-1,400.000,-1,400.000,-1,325.000,325.000,300.000,275.000,-1,450.000,450.000,-1,900.000,875.000,-1,-1,2,0,2,0,2,0,0,0,0,2,0,0,2,0,0,2,2
62,-3064.769,-5056.429,-112.156,-53.168,0.598122,0.799679,-0.052565,-0.800799,0.598933,-0.000409,0.031156,0.042339,0.998617,0,0.81279,1.00000,48.767,2.000,-1,400.000,-1,425.000,-1,325.000,325.000,300.000,275.000,-1,500.000,500.000,-1,900.000,875.000,-1,-1,2,0,2,0,2,0,0,0,0,2,0,0,2,0,0,2,2
63,-3034.171,-5094.443,-110.786,-51.168,0.625735,0.778334,-0.051499,-0.779411,0.626512,-0.001357,0.031208,0.040988,0.998672,0,0.81331,1.00000,48.799,2.000,-1,400.000,-1,425.000,-1,325.000,325.000,300.000,275.000,-1,575.000,575.000,-1,900.000,900.000,-1,-1,2,0,2,0,2,0,0,0,0,2,0,0,2,0,0,2,2
64,-3002.245,-5131.389,-109.457,-49.168,0.652584,0.756027,-0.050577,-0.757077,0.653321,-0.002519,0.031139,0.039935,0.998717,0,0.81384,1.00000,48.830,2.000,-1,400.000,-1,425.000,-1,325.000,325.000,275.000,275.000,-1,675.000,650.000,-1,900.000,900.000,-1,-1,2,0,2,0,2,0,0,0,0,2,0,0,2,0,0,2,2
65,-2969.026,-5167.223,-108.003,-47.168,0.678623,0.732805,-0.049669,-0.733812,0.679345,-0.003111,0.031463,0.038559,0.998761,0,0.81437,1.00000,48.862,2.000,-1,400.000,-1,425.000,-1,325.000,325.000,275.000,275.000,-1,750.000,700.000,-1,900.000,925.000,-1,-1,2,0,2,0,2,0,0,0,0,2,0,0,2,0,0,2,2
66,-2934.555,-5201.898,-106.473,-45.168,0.703825,0.708690,-0.048874,-0.709651,0.704546,-0.003369,0.032047,0.037054,0.998799,0,0.81491,1.00000,48.895,2.000,-1,400.000,-1,425.000,-1,325.000,350.000,275.000,275.000,-1,800.000,775.000,-1,875.000,925.000,-1,-1,2,0,2,0,2,0,0,0,0,2,0,0,2,0,0,2,2
67,-2898.870,-5235.371,-104.965,-43.168,0.728167,0.683696,-0.048298,-0.684633,0.728877,-0.004060,0.032428,0.036023,0.998825,0,0.81545,1.00000,48.927,2.000,-1,400.000,-1,425.000,-1,325.000,350.000,275.000,275.000,-1,875.000,850.000,-1,875.000,950.000,-1,-1,2,0,2,0,2,0,0,0,0,2,0,0,2,0,0,2,2
68,-2862.015,-5267.600,-103.372,-41.168,0.751626,0.657846,-0.047929,-0.658798,0.752298,-0.005695,0.032310,0.035856,0.998834,0,0.81600,1.00000,48.960,2.000,-1,400.000,-1,425.000,-1,325.000,350.000,275.000,275.000,-1,950.000,925.000,-1,875.000,950.000,-1,-1,2,0,2,0,2,0,0,0,0,2,0,0,2,0,0,2,2
69,-2824.031,-5298.543,-101.814,-39.168,0.774165,0.631186,-0.047673,-0.632169,0.774793,-0.007654,0.032105,0.036063,0.998834,0,0.81654,1.00000,48.993,2.000,-1,400.000,-1,425.000,-1,325.000,350.000,275.000,275.000,-1,-1,-1,-1,875.000,950.000,-1,-1,2,0,2,0,2,0,0,0,0,2,2,2,2,0,0,2,2
70,-2784.964,-5328.161,-100.290,-37.168,0.795758,0.603749,-0.047508,-0.604778,0.796332,-0.009941,0.031830,0.036642,0.998821,0,0.81709,1.00000,49.026,2.000,-1,400.000,-1,425.000,-1,325.000,350.000,275.000,300.000,-1,-1,-1,-1,875.000,950.000,-1,-1,2,0,2,0,2,0,0,0,0,2,2,2,2,0,0,2,2
71,-2744.861,-5356.417,-98.789,-35.168,0.816378,0.575569,-0.047407,-0.576659,0.816888,-0.012592,0.031478,0.037617,0.998796,0,0.81764,1.00000,49.058,2.000,-1,400.000,-1,450.000,-1,325.000,350.000,275.000,300.000,-1,-1,-1,-1,850.000,950.000,-1,-1,2,0,2,0,2,0,0,0,0,2,2,2,2,0,0,2,2
72,-2703.768,-5383.274,-97.351,-33.168,0.836000,0.546684,-0.047324,-0.547843,0.836439,-0.015405,0.031162,0.038804,0.998761,0,0.81819,1.00000,49.091,2.000,-1,400.000,-1,450.000,-1,325.000,350.000,275.000,300.000,-1,-1,-1,-1,850.000,950.000,-1,-1,2,0,2,0,2,0,0,0,0,2,2,2,2,0,0,2,2
73,-2661.734,-5408.697,-95.983,-31.168,0.854603,0.517132,-0.047197,-0.518364,0.854963,-0.018347,0.030864,0.040145,0.998717,0,0.81873,1.00000,49.124,2.000,-1,400.000,-1,450.000,-1,325.000,350.000,275.000,300.000,-1,-1,-1,-1,825.000,950.000,-1,-1,2,0,2,0,2,0,0,0,0,2,2,2,2,0,0,2,2
74,-2618.811,-5432.654,-94.663,-29.168,0.872159,0.486949,-0.047108,-0.488260,0.872435,-0.021436,0.030661,0.041696,0.998660,0,0.81928,1.00000,49.157,2.000,-1,400.000,-1,450.000,-1,325.000,350.000,275.000,300.000,-1,-1,-1,-1,825.000,950.000,-1,-1,2,0,2,0,2,0,0,0,0,2,2,2,2,0,0,2,2
75,-2575.049,-5455.113,-93.384,-27.168,0.888648,0.456170,-0.047053,-0.457571,0.888831,-0.024662,0.030573,0.043446,0.998588,0,0.81982,1.00000,49.189,2.000,-1,400.000,-1,450.000,-1,325.000,350.000,275.000,300.000,-1,-1,-1,-1,800.000,950.000,-1,-1,2,0,2,0,2,0,0,0,0,2,2,2,2,0,0,2,2
76,-2530.501,-5476.044,-91.942,-25.168,0.904084,0.424850,-0.046203,-0.426298,0.904162,-0.027609,0.030045,0.044657,0.998550,0,0.82035,1.00000,49.221,2.000,-1,400.000,-1,425.000,-1,325.000,350.000,275.000,300.000,-1,-1,-1,-1,800.000,950.000,-1,-1,2,0,2,0,2,0,0,0,0,2,2,2,2,0,0,2,2
77,-2489.736,-5493.691,-90.561,-23.408,0.916771,0.396865,-0.045047,-0.398333,0.916748,-0.030073,0.029362,0.045514,0.998532,0,0.74035,0.88000,44.421,1.760,-1,400.000,-1,425.000,-1,325.000,350.000,275.000,300.000,-1,-1,-1,-1,775.000,925.000,-1,-1,2,0,2,0,2,0,0,0,0,2,2,2,2,0,0,2,2
78,-2449.968,-5509.667,-89.255,-21.888,0.927028,0.372390,-0.044109,-0.373885,0.926909,-0.032411,0.028816,0.046537,0.998501,0,0.71430,0.76000,42.858,1.520,-1,400.000,-1,425.000,-1,325.000,350.000,300.000,300.000,-1,-1,-1,-1,775.000,925.000,-1,-1,2,0,2,0,2,0,0,0,0,2,2,2,2,0,0,2,2
79,-2409.848,-5524.753,-87.979,-20.608,0.935163,0.351571,-0.043228,-0.353095,0.934942,-0.034756,0.028197,0.047766,0.998461,0,0.71438,0.64000,42.863,1.280,-1,400.000,-1,425.000,-1,325.000,350.000,300.000,300.000,-1,-1,-1,-1,775.000,900.000,-1,-1,2,0,2,0,2,0,0,0,0,2,2,2,2,0,0,2,2
80,-2369.479,-5539.101,-86.737,-19.568,0.941434,0.334521,-0.042394,-0.336074,0.941104,-0.037105,0.027485,0.049180,0.998412,0,0.71404,0.52000,42.843,1.040,-1,400.000,-1,425.000,-1,325.000,350.000,300.000,300.000,-1,-1,-1,-1,750.000,875.000,-1,-1,2,0,2,0,2,0,0,0,0,2,2,2,2,0,0,2,2
81,-2328.959,-5552.869,-85.537,-18.768,0.946056,0.321323,-0.041599,-0.322906,0.945608,-0.039456,0.026658,0.050760,0.998355,0,0.71326,0.40000,42.796,0.800,-1,400.000,-1,425.000,-1,325.000,350.000,300.000,300.000,-1,-1,-1,-1,750.000,875.000,-1,-1,2,0,2,0,2,0,0,0,0,2,2,2,2,0,0,2,2
82,-2288.376,-5566.217,-84.385,-18.208,0.949192,0.312037,-0.040831,-0.313647,0.948619,-0.041805,0.025688,0.052487,0.998291,0,0.71203,0.28000,42.722,0.560,-1,400.000,-1,425.000,-1,325.000,350.000,300.000,300.000,-1,-1,-1,-1,750.000,850.000,-1,-1,2,0,2,0,2,0,0,0,0,2,2,2,2,0,0,2,2
83,-2247.817,-5579.307,-83.290,-17.888,0.950961,0.306704,-0.040081,-0.308336,0.950253,-0.044146,0.024547,0.054340,0.998221,0,0.71032,0.16000,42.619,0.320,-1,400.000,-1,425.000,-1,325.000,350.000,300.000,300.000,-1,-1,-1,-1,750.000,825.000,-1,-1,2,0,2,0,2,0,0,0,0,2,2,2,2,0,0,2,2
84,-2207.364,-5592.300,-82.260,-17.808,0.951429,0.305344,-0.039339,-0.306992,0.950577,-0.046476,0.023204,0.056295,0.998144,0,0.70814,0.04000,42.488,0.080,-1,400.000,-1,425.000,-1,325.000,325.000,300.000,300.000,-1,-1,-1,-1,725.000,825.000,-1,-1,2,0,2,0,2,0,0,0,0,2,2,2,2,0,0,2,2
85,-2167.100,-5605.356,-81.306,-17.968,0.950616,0.307961,-0.038596,-0.309616,0.949609,-0.048789,0.021626,0.058330,0.998063,0,0.70547,-0.08000,42.328,-0.160,-1,400.000,-1,425.000,-1,325.000,325.000,300.000,300.000,-1,-1,-1,-1,725.000,800.000,-1,-1,2,0,2,0,2,0,0,0,0,2,2,2,2,0,0,2,2
86,-2127.107,-5618.634,-80.437,-18.368,0.948488,0.314544,-0.037842,-0.316194,0.947318,-0.051081,0.019781,0.060415,0.997977,0,0.70233,-0.20000,42.140,-0.400,-1,375.000,-1,425.000,-1,325.000,325.000,300.000,300.000,-1,-1,-1,-1,725.000,775.000,-1,-1,2,0,2,0,2,0,0,0,0,2,2,2,2,0,0,2,2
87,-2087.469,-5632.287,-79.665,-19.008,0.944965,0.325064,-0.037067,-0.326694,0.943623,-0.053346,0.017636,0.062520,0.997888,0,0.69873,-0.32000,41.924,-0.640,-1,375.000,-1,400.000,-1,325.000,325.000,300.000,300.000,-1,-1,-1,-1,725.000,775.000,-1,-1,2,0,2,0,2,0,0,0,0,2,2,2,2,0,0,2,2
88,-2048.272,-5646.466,-79.024,-19.888,0.939915,0.339474,-0.036296,-0.341069,0.938400,-0.055477,0.015227,0.064523,0.997800,0,0.69471,-0.44000,41.683,-0.880,-1,375.000,-1,400.000,-1,325.000,325.000,300.000,300.000,-1,-1,-1,-1,725.000,750.000,-1,-1,2,0,2,0,2,0,0,0,0,2,2,2,2,0,0,2,2
89,-2009.605,-5661.313,-78.470,-21.008,0.933154,0.357702,-0.035681,-0.359256,0.931456,-0.057655,0.012612,0.066619,0.997699,0,0.69031,-0.56000,41.419,-1.120,-1,375.000,-1,400.000,-1,325.000,325.000,300.000,300.000,-1,-1,-1,-1,700.000,725.000,-1,-1,2,0,2,0,2,0,0,0,0,2,2,2,2,0,0,2,2
90,-1971.563,-5676.966,-77.997,-22.368,0.924457,0.379652,-0.035276,-0.381161,0.922565,-0.059912,0.009799,0.068832,0.997580,0,0.68560,-0.68000,41.136,-1.360,-1,375.000,-1,400.000,-1,325.000,325.000,300.000,300.000,-1,-1,-1,-1,700.000,700.000,-1,-1,2,0,2,0,2,0,0,0,0,2,2,2,2,1,0,2,2
91,-1934.240,-5693.544,-77.625,-23.952,0.913671,0.404939,-0.035060,-0.406397,0.911576,-0.062208,0.006769,0.071086,0.997447,0,0.68063,-0.79181,40.838,-1.584,-1,375.000,975.000,400.000,-1,325.000,325.000,300.000,300.000,-1,-1,-1,-1,675.000,675.000,-1,-1,2,0,1,0,2,0,0,0,0,2,2,2,2,1,0,2,2
92,-1897.666,-5711.017,-77.369,-25.538,0.902175,0.429950,-0.034961,-0.431353,0.899876,-0.064480,0.003737,0.073253,0.997306,0,0.67554,-0.79313,40.533,-1.586,-1,375.000,975.000,400.000,950.000,300.000,325.000,300.000,300.000,-1,-1,-1,-1,650.000,675.000,900.000,-1,2,0,1,0,0,0,0,0,0,2,2,2,2,1,0,1,2
93,-1861.846,-5729.367,-77.214,-27.128,0.889968,0.454676,-0.035012,-0.456022,0.887464,-0.066725,0.000734,0.075349,0.997157,0,0.67077,-0.79479,40.246,-1.590,-1,375.000,950.000,375.000,900.000,300.000,325.000,300.000,300.000,-1,-1,-1,-1,625.000,650.000,825.000,975.000,2,0,1,0,0,0,0,0,0,2,2,2,2,1,0,1,0
94,-1826.782,-5748.580,-77.165,-28.721,0.877050,0.479105,-0.035233,-0.480394,0.874340,-0.068932,-0.002220,0.077383,0.996999,0,0.66636,-0.79678,39.981,-1.594,-1,375.000,950.000,375.000,825.000,300.000,300.000,300.000,300.000,-1,-1,-1,-1,600.000,625.000,750.000,900.000,2,0,1,0,0,0,0,0,0,2,2,2,2,1,0,1,0
95,-1792.475,-5768.641,-77.174,-30.319,0.863414,0.503233,-0.035664,-0.504471,0.860517,-0.070846,-0.004962,0.079161,0.996850,0,0.66236,-0.79908,39.742,-1.598,-1,375.000,925.000,375.000,775.000,300.000,300.000,300.000,300.000,-1,-1,-1,-1,575.000,600.000,675.000,850.000,2,0,1,0,0,0,0,0,0,2,2,2,2,1,0,1,0
96,-1758.923,-5789.543,-77.055,-31.923,0.849037,0.527079,-0.036390,-0.528288,0.846044,-0.071565,-0.006933,0.079986,0.996772,0,0.65881,-0.80167,39.529,-1.603,825.000,375.000,925.000,375.000,750.000,300.000,300.000,300.000,300.000,-1,-1,-1,-1,575.000,600.000,625.000,800.000,1,0,1,0,0,0,0,0,0,2,2,2,2,1,0,1,0
97,-1722.042,-5814.140,-77.048,-33.700,0.832323,0.553033,-0.037321,-0.554218,0.829234,-0.072200,-0.008981,0.080778,0.996692,0,0.73881,-0.88878,44.329,-1.778,675.000,375.000,950.000,350.000,725.000,300.000,300.000,300.000,275.000,-1,-1,-1,-1,550.000,575.000,575.000,775.000,1,0,1,0,0,0,0,0,0,2,2,2,2,1,0,1,0
98,-1683.446,-5841.636,-77.175,-35.467,0.814914,0.578306,-0.038433,-0.579481,0.811744,-0.072621,-0.010800,0.081451,0.996619,0,0.78978,-0.88343,47.387,-1.767,575.000,375.000,975.000,350.000,675.000,300.000,300.000,300.000,275.000,-1,-1,-1,-1,525.000,575.000,525.000,725.000,1,0,1,0,0,0,0,0,0,2,2,2,2,1,0,1,0
99,-1645.508,-5870.457,-76.763,-37.222,0.796759,0.602988,-0.039760,-0.604208,0.793785,-0.069550,-0.010377,0.079438,0.996786,0,0.79405,-0.87731,47.643,-1.755,525.000,375.000,-1,350.000,700.000,300.000,300.000,300.000,275.000,925.000,-1,-1,-1,500.000,575.000,475.000,725.000,1,0,2,0,0,0,0,0,0,1,2,2,2,1,0,1,0
100,-1608.285,-5900.562,-76.454,-38.963,0.777985,0.626943,-0.041003,-0.628210,0.775242,-0.065974,-0.009575,0.077086,0.996978,0,0.79787,-0.87055,47.872,-1.741,450.000,375.000,-1,350.000,700.000,325.000,300.000,300.000,275.000,875.000,-1,-1,-1,475.000,575.000,450.000,750.000,1,1,2,0,1,0,0,0,0,1,2,2,2,1,0,1,0
101,-1571.837,-5931.904,-76.284,-40.689,0.758646,0.650139,-0.042134,-0.651448,0.756151,-0.062061,-0.008488,0.074530,0.997183,0,0.80116,-0.86313,48.070,-1.726,400.000,375.000,-1,350.000,650.000,325.000,300.000,300.000,300.000,850.000,-1,-1,-1,450.000,575.000,400.000,750.000,1,1,2,0,1,0,0,0,0,1,2,2,2,1,0,1,1
102,-1536.221,-5964.427,-76.166,-42.399,0.738808,0.672533,-0.043160,-0.673876,0.736543,-0.058276,-0.007403,0.072139,0.997367,0,0.80383,-0.85501,48.230,-1.710,350.000,350.000,-1,350.000,625.000,300.000,300.000,300.000,300.000,850.000,-1,-1,-1,425.000,575.000,350.000,700.000,1,1,2,0,1,0,0,0,0,1,2,2,2,1,0,1,1
103,-1498.472,-6000.717,-76.110,-43.869,0.721186,0.691328,-0.044231,-0.692718,0.719173,-0.054136,-0.005616,0.069682,0.997553,0,0.87272,-0.73501,52.363,-1.470,300.000,325.000,-1,350.000,600.000,300.000,300.000,300.000,300.000,875.000,-1,-1,-1,400.000,575.000,325.000,650.000,1,1,2,0,1,0,0,0,0,1,2,2,2,1,0,1,1
104,-1461.438,-6037.881,-76.129,-45.099,0.706039,0.706721,-0.045311,-0.708165,0.704282,-0.049898,-0.003353,0.067318,0.997726,0,0.87443,-0.61501,52.466,-1.230,275.000,300.000,1000.000,350.000,550.000,300.000,300.000,300.000,300.000,900.000,-1,-1,-1,400.000,575.000,275.000,600.000,1,1,1,0,1,0,0,0,0,1,2,2,2,1,0,1,1
105,-1425.004,-6075.729,-76.201,-46.089,0.693569,0.718890,-0.046463,-0.720390,0.692067,-0.045625,-0.000643,0.065116,0.997878,0,0.87557,-0.49501,52.534,-0.990,225.000,300.000,925.000,350.000,525.000,300.000,300.000,300.000,300.000,950.000,550.000,-1,-1,375.000,575.000,225.000,575.000,1,1,1,0,1,1,0,0,0,1,0,2,2,1,0,1,1
106,-1389.041,-6114.072,-74.841,-46.839,0.683661,0.727692,-0.055417,-0.729763,0.682414,-0.041918,0.007314,0.069099,0.997583,0,0.87615,-0.37501,52.569,-0.750,200.000,275.000,875.000,350.000,475.000,275.000,300.000,300.000,300.000,975.000,325.000,350.000,-1,375.000,550.000,200.000,525.000,1,1,1,0,1,1,0,1,0,1,0,0,2,1,1,1,1
107,-1353.408,-6152.727,-70.927,-47.349,0.675842,0.732909,-0.077982,-0.736653,0.675146,-0.038983,0.024078,0.083792,0.996192,0,0.87621,-0.25501,52.572,-0.510,175.000,300.000,850.000,375.000,450.000,300.000,325.000,325.000,275.000,1000.000,250.000,225.000,-1,425.000,550.000,200.000,500.000,1,1,1,0,1,1,0,1,0,1,0,0,2,1,1,1,1
108,-1317.970,-6191.527,-66.715,-47.619,0.670321,0.734983,-0.102323,-0.740872,0.670681,-0.036002,0.042165,0.099941,0.994100,0,0.87576,-0.13501,52.545,-0.270,175.000,325.000,850.000,400.000,425.000,300.000,325.000,325.000,275.000,-1,200.000,175.000,825.000,475.000,525.000,225.000,475.000,1,1,1,0,1,1,1,1,0,2,0,0,0,1,1,1,1
109,-1279.316,-6233.889,-62.633,-47.649,0.667201,0.734071,-0.126423,-0.742411,0.669144,-0.032741,0.060561,0.115703,0.991436,0,0.95576,-0.01501,57.345,-0.030,200.000,350.000,825.000,425.000,400.000,325.000,350.000,325.000,275.000,-1,175.000,125.000,650.000,625.000,500.000,250.000,450.000,1,1,1,1,1,1,1,1,0,2,0,0,0,1,1,1,1
110,-1238.709,-6278.065,-58.842,-47.439,0.666713,0.730305,-0.148823,-0.741203,0.670628,-0.029607,0.078183,0.130047,0.988421,0,1.00000,0.10499,60.000,0.210,225.000,375.000,775.000,400.000,350.000,350.000,375.000,325.000,250.000,-1,150.000,100.000,525.000,-1,475.000,325.000,400.000,1,1,1,1,1,1,1,1,0,2,0,0,0,2,1,1,1
111,-1197.764,-6321.925,-54.480,-46.990,0.669815,0.724147,-0.164191,-0.736859,0.675519,-0.026704,0.091577,0.138873,0.986067,0,1.00000,0.22471,60.000,0.449,225.000,425.000,750.000,375.000,325.000,375.000,400.000,325.000,250.000,-1,150.000,75.000,475.000,-1,450.000,-1,350.000,1,1,1,1,1,1,1,1,0,2,0,0,0,2,1,2,1
112,-1156.434,-6365.422,-50.026,-46.476,0.674256,0.717552,-0.174640,-0.731436,0.681493,-0.023869,0.101888,0.143832,0.984343,0,1.00000,0.25670,60.000,0.513,250.000,475.000,725.000,350.000,275.000,425.000,400.000,275.000,250.000,-1,150.000,100.000,425.000,-1,425.000,-1,325.000,1,1,1,1,1,1,1,1,0,2,0,0,0,2,1,2,1
113,-1114.849,-6408.314,-46.006,-45.895,0.679809,0.710284,-0.182636,-0.724995,0.688426,-0.021247,0.110640,0.146854,0.982951,0,0.99568,0.29055,59.741,0.581,300.000,575.000,675.000,325.000,250.000,475.000,375.000,250.000,250.000,-1,175.000,100.000,400.000,-1,375.000,-1,275.000,1,1,1,1,1,1,1,1,0,2,0,0,0,2,1,2,1
114,-1073.304,-6450.206,-42.417,-45.243,0.686550,0.702279,-0.188291,-0.717462,0.696343,-0.018836,0.117887,0.148023,0.981933,0,0.98332,0.32608,58.999,0.652,-1,675.000,625.000,300.000,200.000,450.000,325.000,200.000,250.000,-1,175.000,125.000,400.000,-1,350.000,-1,225.000,2,1,1,1,1,1,1,1,0,2,0,0,0,2,1,2,1
115,-6887.286,-2951.694,-135.061,-16.026,0.960349,0.276057,-0.039024,-0.276187,0.961101,0.002118,0.038091,0.008744,0.999236,1,0.00000,0.00000,58.092,0.726,-1,400.000,-1,425.000,-1,325.000,325.000,300.000,300.000,-1,-1,-1,-1,825.000,875.000,-1,-1,2,0,2,0,2,0,0,0,0,2,2,2,2,0,0,2,2
116,-6891.905,-2950.388,-135.247,-15.786,0.961494,0.272029,-0.039108,-0.272153,0.962251,0.002239,0.038241,0.008491,0.999232,0,-0.08000,0.12000,-4.800,0.240,-1,400.000,-1,425.000,-1,325.000,325.000,300.000,300.000,-1,-1,-1,-1,825.000,875.000,-1,-1,2,0,2,0,2,0,0,0,0,2,2,2,2,0,0,2,2
117,-6901.165,-2947.854,-135.618,-15.306,0.963734,0.263960,-0.039280,-0.264069,0.964501,0.002474,0.038539,0.007989,0.999225,0,-0.16000,0.24000,-9.600,0.480,-1,400.000,-1,425.000,-1,325.000,325.000,300.000,300.000,-1,-1,-1,-1,825.000,875.000,-1,-1,2,0,2,0,2,0,0,0,0,2,2,2,2,0,0,2,2
118,-6915.095,-2944.209,-136.174,-14.666,0.966609,0.253184,-0.039558,-0.253273,0.967391,0.002804,0.038978,0.007308,0.999213,0,-0.24000,0.31964,-14.400,0.639,-1,400.000,-1,400.000,-1,325.000,325.000,300.000,300.000,-1,-1,-1,-1,825.000,875.000,-1,-1,2,0,2,0,2,0,0,0,0,2,2,2,2,0,0,2,2
119,-6929.832,-2940.527,-136.760,-14.027,0.969363,0.242376,-0.039865,-0.242446,0.970160,0.003131,0.039435,0.006630,0.999200,0,-0.25317,0.31964,-15.190,0.639,-1,400.000,-1,400.000,-1,325.000,325.000,300.000,300.000,-1,-1,-1,-1,825.000,875.000,-1,-1,2,0,2,0,2,0,0,0,0,2,2,2,2,0,0,2,2
120,-6944.610,-2937.010,-137.346,-13.388,0.971996,0.231537,-0.040182,-0.231588,0.972808,0.003440,0.039886,0.005962,0.999186,0,-0.25317,0.31964,-15.190,0.639,-1,400.000,-1,400.000,-1,325.000,325.000,300.000,300.000,-1,-1,-1,-1,825.000,875.000,-1,-1,2,0,2,0,2,0,0,0,0,2,2,2,2,0,0,2,2
121,-6959.425,-2933.658,-137.933,-12.749,0.974507,0.220670,-0.040507,-0.220702,0.975334,0.003730,0.040331,0.005305,0.999172,0,-0.25317,0.31964,-15.190,0.639,-1,400.000,-1,400.000,-1,325.000,325.000,300.000,300.000,-1,-1,-1,-1,825.000,875.000,-1,-1,2,0,2,0,2,0,0,0,0,2,2,2,2,0,0,2,2
122,-6974.277,-2930.471,-138.520,-12.109,0.976896,0.209775,-0.040840,-0.209788,0.977739,0.004002,0.040771,0.004658,0.999158,0,-0.25317,0.31964,-15.190,0.639,-1,400.000,-1,400.000,-1,325.000,325.000,300.000,300.000,-1,-1,-1,-1,825.000,875.000,-1,-1,2,0,2,0,2,0,0,0,0,2,2,2,2,0,0,2,2
123,-6989.164,-2927.451,-139.107,-11.470,0.979164,0.198853,-0.041181,-0.198849,0.980021,0.004257,0.041205,0.004021,0.999143,0,-0.25317,0.31964,-15.190,0.639,-1,400.000,-1,400.000,-1,325.000,325.000,300.000,300.000,-1,-1,-1,-1,825.000,875.000,-1,-1,2,0,2,0,2,0,0,0,0,2,2,2,2,0,0,2,2
124,-7004.083,-2924.597,-139.694,-10.831,0.981308,0.187907,-0.041528,-0.187884,0.982181,0.004494,0.041632,0.003392,0.999127,0,-0.25317,0.31964,-15.190,0.639,-1,400.000,-1,400.000,-1,325.000,325.000,300.000,300.000,-1,-1,-1,-1,850.000,875.000,-1,-1,2,0,2,0,2,0,0,0,0,2,2,2,2,0,0,2,2
125,-7019.034,-2921.909,-140.280,-10.191,0.983331,0.176938,-0.041881,-0.176896,0.984218,0.004715,0.042055,0.002772,0.999111,0,-0.25317,0.31964,-15.190,0.639,-1,400.000,-1,400.000,-1,325.000,325.000,300.000,300.000,-1,-1,-1,-1,850.000,875.000,-1,-1,2,0,2,0,2,0,0,0,0,2,2,2,2,0,0,2,2
126,-7034.013,-2919.388,-140.867,-9.552,0.985230,0.165946,-0.042240,-0.165887,0.986133,0.004919,0.042471,0.002161,0.999095,0,-0.25317,0.31964,-15.190,0.639,-1,400.000,-1,400.000,-1,325.000,325.000,300.000,300.000,-1,-1,-1,-1,850.000,875.000,-1,-1,2,0,2,0,2,0,0,0,0,2,2,2,2,0,0,2,2
127,-7044.271,-2917.736,-141.268,-9.153,0.986352,0.159070,-0.042492,-0.159000,0.987266,0.005047,0.042753,0.001778,0.999084,0,-0.17317,0.19964,-10.390,0.399,-1,400.000,-1,400.000,-1,325.000,325.000,300.000,300.000,-1,-1,-1,-1,850.000,875.000,-1,-1,2,0,2,0,2,0,0,0,0,2,2,2,2,0,0,2,2
128,-7049.792,-2916.862,-141.484,-8.994,0.986785,0.156325,-0.042632,-0.156250,0.987704,0.005111,0.042906,0.001618,0.999078,0,-0.09317,0.07964,-5.590,0.159,-1,400.000,-1,400.000,-1,325.000,325.000,300.000,300.000,-1,-1,-1,-1,850.000,875.000,-1,-1,2,0,2,0,2,0,0,0,0,2,2,2,2,0,0,2,2
129,-7050.572,-2916.737,-141.514,-9.074,0.986563,0.157716,-0.042659,-0.157642,0.987483,0.005114,0.042931,0.001680,0.999077,0,-0.01317,-0.04036,-0.790,-0.081,-1,400.000,-1,400.000,-1,325.000,325.000,300.000,300.000,-1,-1,-1,-1,850.000,875.000,-1,-1,2,0,2,0,2,0,0,0,0,2,2,2,2,0,0,2,2
130,-7046.616,-2917.392,-141.359,-9.395,0.985667,0.163241,-0.042573,-0.163175,0.986584,0.005057,0.042828,0.001963,0.999081,0,0.06683,-0.16036,4.010,-0.321,-1,400.000,-1,400.000,-1,325.000,325.000,300.000,300.000,-1,-1,-1,-1,850.000,875.000,-1,-1,2,0,2,0,2,0,0,0,0,2,2,2,2,0,0,2,2
131,-7037.939,-2918.915,-141.018,-9.956,0.984029,0.172888,-0.042378,-0.172836,0.984938,0.004934,0.042593,0.002469,0.999089,0,0.14683,-0.28036,8.810,-0.561,-1,400.000,-1,400.000,-1,325.000,325.000,300.000,300.000,-1,-1,-1,-1,850.000,875.000,-1,-1,2,0,2,0,2,0,0,0,0,2,2,2,2,0,0,2,2
132,-7024.568,-2921.455,-140.491,-10.757,0.981528,0.186636,-0.042078,-0.186603,0.982424,0.004735,0.042223,0.003204,0.999103,0,0.22683,-0.40036,13.610,-0.801,-1,400.000,-1,400.000,-1,325.000,325.000,300.000,300.000,-1,-1,-1,-1,850.000,875.000,-1,-1,2,0,2,0,2,0,0,0,0,2,2,2,2,0,0,2,2
133,-7006.547,-2925.219,-139.778,-11.797,0.977990,0.204448,-0.041681,-0.204442,0.978869,0.004444,0.041709,0.004175,0.999121,0,0.30683,-0.52036,18.410,-1.041,-1,400.000,-1,400.000,-1,325.000,325.000,300.000,300.000,-1,-1,-1,-1,825.000,875.000,-1,-1,2,0,2,0,2,0,0,0,0,2,2,2,2,0,0,2,2
134,-6983.919,-2930.381,-138.880,-12.851,0.974082,0.222418,-0.041174,-0.222442,0.974937,0.004053,0.041044,0.005211,0.999144,0,0.38683,-0.52700,23.210,-1.054,-1,400.000,-1,400.000,-1,325.000,325.000,300.000,300.000,-1,-1,-1,-1,825.000,875.000,-1,-1,2,0,2,0,2,0,0,0,0,2,2,2,2,0,0,2,2
135,-6956.730,-2937.112,-137.800,-13.905,0.969848,0.240313,-0.040563,-0.240370,0.970675,0.003539,0.040224,0.006318,0.999171,0,0.46683,-0.52700,28.010,-1.054,-1,400.000,-1,400.000,-1,325.000,325.000,300.000,300.000,-1,-1,-1,-1,825.000,875.000,-1,-1,2,0,2,0,2,0,0,0,0,2,2,2,2,0,0,2,2
