timestep,x_cm,y_cm,z_cm,yaw_deg,basis_xx,basis_xy,basis_xz,basis_yx,basis_yy,basis_yz,basis_zx,basis_zy,basis_zz,teleport_flag,throttle_cmd,steering_cmd,cmd_move_cm,cmd_turn_deg,lidar_cm_0,lidar_cm_1,lidar_cm_2,lidar_cm_3,lidar_cm_4,lidar_cm_5,lidar_cm_6,lidar_cm_7,lidar_cm_8,lidar_cm_9,lidar_cm_10,lidar_cm_11,lidar_cm_12,lidar_cm_13,lidar_cm_14,lidar_cm_15,lidar_cm_16,lidar_class_0,lidar_class_1,lidar_class_2,lidar_class_3,lidar_class_4,lidar_class_5,lidar_class_6,lidar_class_7,lidar_class_8,lidar_class_9,lidar_class_10,lidar_class_11,lidar_class_12,lidar_class_13,lidar_class_14,lidar_class_15,lidar_class_16
0,7542.374,5570.696,-177.156,-100.604,-0.180013,0.979155,-0.094076,-0.982669,-0.183308,-0.027570,-0.044240,0.087482,0.995183,1,0.08000,-0.12000,4.800,-0.240,-1,400.000,-1,400.000,-1,325.000,325.000,300.000,300.000,-1,-1,-1,800.000,875.000,825.000,-1,-1,2,0,2,0,2,0,0,0,0,2,2,2,1,0,0,2,2
1,7540.528,5561.275,-177.579,-101.084,-0.188171,0.977616,-0.094119,-0.981099,-0.191511,-0.027725,-0.045130,0.087123,0.995175,0,0.16000,-0.24000,9.600,-0.480,-1,400.000,-1,400.000,-1,325.000,325.000,300.000,300.000,-1,-1,-1,800.000,875.000,825.000,-1,-1,2,0,2,0,2,0,0,0,0,2,2,2,1,0,0,2,2
2,7537.581,5547.179,-178.228,-101.804,-0.200384,0.975179,-0.094191,-0.978615,-0.203790,-0.027952,-0.046454,0.086575,0.995162,0,0.24000,-0.36000,14.400,-0.720,-1,400.000,-1,400.000,-1,325.000,325.000,300.000,300.000,-1,-1,-1,825.000,875.000,825.000,-1,-1,2,0,2,0,2,0,0,0,0,2,2,2,1,0,0,2,2
3,7533.375,5528.445,-179.117,-102.651,-0.214718,0.972114,-0.094289,-0.975494,-0.218205,-0.028247,-0.048033,0.085913,0.995144,0,0.32000,-0.42376,19.200,-0.848,-1,400.000,-1,400.000,-1,325.000,325.000,300.000,300.000,-1,-1,-1,825.000,900.000,825.000,-1,-1,2,0,2,0,2,0,0,0,0,2,2,2,1,0,0,2,2
4,7527.777,5505.106,-180.258,-103.486,-0.228785,0.968888,-0.094407,-0.972210,-0.232357,-0.028608,-0.049654,0.085239,0.995123,0,0.40000,-0.41736,24.000,-0.835,-1,400.000,-1,400.000,-1,325.000,325.000,300.000,300.000,-1,-1,-1,850.000,900.000,825.000,-1,-1,2,0,2,0,2,0,0,0,0,2,2,2,1,0,0,2,2
5,7520.660,5477.198,-181.659,-104.305,-0.242532,0.965525,-0.094553,-0.968786,-0.246194,-0.029028,-0.051306,0.084561,0.995097,0,0.48000,-0.40941,28.800,-0.819,-1,400.000,-1,400.000,-1,325.000,325.000,300.000,300.000,-1,-1,-1,875.000,900.000,825.000,-1,-1,2,0,2,0,2,0,0,0,0,2,2,2,1,0,0,2,2
6,7511.903,5444.759,-183.331,-105.104,-0.255905,0.962049,-0.094735,-0.965249,-0.259662,-0.029499,-0.052978,0.083894,0.995065,0,0.56000,-0.39989,33.600,-0.800,-1,400.000,-1,400.000,-1,325.000,325.000,300.000,300.000,-1,-1,-1,900.000,900.000,825.000,-1,-1,2,0,2,0,2,0,0,0,0,2,2,2,1,0,0,2,2
7,7501.394,5407.824,-185.282,-105.882,-0.268855,0.958488,-0.094961,-0.961629,-0.272709,-0.030007,-0.054658,0.083250,0.995029,0,0.64000,-0.38880,38.400,-0.778,-1,425.000,-1,400.000,-1,325.000,325.000,300.000,300.000,-1,-1,-1,925.000,900.000,825.000,-1,-1,2,0,2,0,2,0,0,0,0,2,2,2,1,0,0,2,2
8,7489.026,5366.432,-187.521,-106.634,-0.281328,0.954873,-0.095242,-0.957957,-0.285283,-0.030542,-0.056335,0.082646,0.994985,0,0.72000,-0.37611,43.200,-0.752,-1,425.000,-1,400.000,-1,325.000,325.000,300.000,300.000,-1,-1,-1,950.000,900.000,825.000,-1,-1,2,0,2,0,2,0,0,0,0,2,2,2,1,0,0,2,2
9,7474.705,5320.618,-190.170,-107.358,-0.293335,0.951274,-0.095042,-0.954271,-0.297344,-0.030873,-0.057629,0.081640,0.994994,0,0.80000,-0.36181,48.000,-0.724,-1,425.000,-1,400.000,-1,325.000,325.000,300.000,300.000,-1,-1,-1,1000.000,900.000,825.000,-1,-1,2,0,2,0,2,0,0,0,0,2,2,2,1,0,0,2,2
10,7458.710,5271.544,-193.456,-108.050,-0.304786,0.947811,-0.093598,-0.950551,-0.308871,-0.032441,-0.059658,0.079082,0.995081,0,0.86024,-0.34586,51.614,-0.692,-1,425.000,-1,400.000,-1,325.000,325.000,300.000,300.000,-1,-1,-1,-1,900.000,800.000,-1,-1,2,0,2,0,2,0,0,0,0,2,2,2,2,0,0,2,2
11,7443.852,5227.149,-196.530,-108.501,-0.312236,0.945523,-0.092166,-0.948011,-0.316392,-0.034211,-0.061508,0.076692,0.995156,0,0.78024,-0.22586,46.814,-0.452,-1,425.000,-1,400.000,-1,325.000,325.000,300.000,300.000,-1,-1,-1,-1,875.000,800.000,-1,-1,2,0,2,0,2,0,0,0,0,2,2,2,2,0,0,2,2
12,7429.272,5184.114,-199.541,-108.713,-0.315721,0.944488,-0.090896,-0.946762,-0.319932,-0.035859,-0.062949,0.074735,0.995215,0,0.75729,-0.10586,45.438,-0.212,-1,425.000,-1,400.000,-1,325.000,325.000,300.000,300.000,-1,-1,-1,-1,875.000,800.000,-1,-1,2,0,2,0,2,0,0,0,0,2,2,2,2,0,0,2,2
13,7414.562,5140.621,-202.704,-108.685,-0.315229,0.944731,-0.090082,-0.946854,-0.319494,-0.037305,-0.064023,0.073535,0.995235,0,0.76522,0.01414,45.913,0.028,-1,425.000,-1,400.000,-1,325.000,325.000,300.000,300.000,-1,-1,-1,-1,850.000,800.000,-1,-1,2,0,2,0,2,0,0,0,0,2,2,2,2,0,0,2,2
14,7399.905,5096.601,-206.109,-108.416,-0.310663,0.946220,-0.090310,-0.948262,-0.315068,-0.039131,-0.065480,0.073481,0.995145,0,0.77327,0.13414,46.396,0.268,-1,425.000,-1,400.000,-1,325.000,325.000,300.000,300.000,-1,-1,-1,-1,850.000,775.000,-1,-1,2,0,2,0,2,0,0,0,0,2,2,2,2,0,0,2,2
15,7385.485,5051.980,-209.517,-107.908,-0.302116,0.948961,-0.090552,-0.950938,-0.306656,-0.040986,-0.066662,0.073727,0.995048,0,0.78155,0.25414,46.893,0.508,-1,425.000,-1,400.000,-1,325.000,325.000,300.000,300.000,-1,-1,-1,-1,825.000,775.000,-1,-1,2,0,2,0,2,0,0,0,0,2,2,2,2,0,0,2,2
16,7371.497,5006.679,-212.924,-107.160,-0.289553,0.952849,-0.090760,-0.954772,-0.294226,-0.042917,-0.067597,0.074229,0.994948,0,0.79020,0.37414,47.412,0.748,-1,425.000,-1,400.000,-1,325.000,325.000,300.000,300.000,-1,-1,-1,-1,825.000,750.000,-1,-1,2,0,2,0,2,0,0,0,0,2,2,2,2,0,0,2,2
17,7358.141,4960.618,-216.300,-106.172,-0.272932,0.957724,-0.090956,-0.959611,-0.277730,-0.044864,-0.068229,0.075038,0.994844,0,0.79931,0.49414,47.959,0.988,-1,400.000,-1,400.000,-1,325.000,325.000,300.000,300.000,-1,-1,-1,-1,825.000,750.000,-1,-1,2,0,2,0,2,0,0,0,0,2,2,2,2,0,0,2,2
18,7345.625,4913.719,-219.632,-104.943,-0.252196,0.963377,-0.091118,-0.965245,-0.257115,-0.046838,-0.068551,0.076139,0.994738,0,0.80901,0.61414,48.541,1.228,-1,400.000,-1,400.000,-1,325.000,325.000,300.000,300.000,-1,-1,-1,-1,800.000,750.000,-1,-1,2,0,2,0,2,0,0,0,0,2,2,2,2,0,0,2,2
19,7334.170,4865.909,-222.903,-103.475,-0.227287,0.969546,-0.091222,-0.971412,-0.232321,-0.048849,-0.068554,0.077511,0.994632,0,0.81940,0.73414,49.164,1.468,-1,400.000,-1,400.000,-1,325.000,325.000,300.000,300.000,-1,-1,-1,-1,800.000,725.000,-1,-1,2,0,2,0,2,0,0,0,0,2,2,2,2,0,0,2,2
20,7324.760,4822.555,-225.772,-102.247,-0.206325,0.974217,-0.091271,-0.976071,-0.211466,-0.050678,-0.068672,0.078631,0.994536,0,0.73940,0.61414,44.364,1.228,-1,400.000,-1,400.000,-1,325.000,325.000,300.000,300.000,-1,-1,-1,-1,775.000,725.000,-1,-1,2,0,2,0,2,0,0,0,0,2,2,2,2,0,0,2,2
21,7316.865,4782.889,-228.324,-101.258,-0.189374,0.977652,-0.091289,-0.979481,-0.194617,-0.052355,-0.068952,0.079501,0.994447,0,0.67407,0.49414,40.444,0.988,-1,400.000,-1,400.000,-1,325.000,325.000,300.000,300.000,-1,-1,-1,-1,775.000,725.000,-1,-1,2,0,2,0,2,0,0,0,0,2,2,2,2,0,0,2,2
22,7309.377,4742.526,-230.863,-100.510,-0.176466,0.980063,-0.091308,-0.981844,-0.181824,-0.054065,-0.069589,0.080109,0.994354,0,0.68420,0.37414,41.052,0.748,-1,400.000,-1,375.000,-1,325.000,325.000,300.000,300.000,-1,-1,-1,-1,775.000,700.000,-1,-1,2,0,2,0,2,0,0,0,0,2,2,2,2,0,0,2,2
23,7302.137,4701.470,-233.402,-100.002,-0.167633,0.981609,-0.091344,-0.983319,-0.173118,-0.055803,-0.070589,0.080466,0.994255,0,0.69482,0.25414,41.689,0.508,-1,400.000,-1,375.000,-1,325.000,325.000,300.000,300.000,-1,-1,-1,-1,750.000,700.000,-1,-1,2,0,2,0,2,0,0,0,0,2,2,2,2,0,0,2,2
24,7295.048,4660.146,-235.929,-99.734,-0.162895,0.982400,-0.091414,-0.984017,-0.168518,-0.057546,-0.071938,0.080579,0.994149,0,0.69879,0.13414,41.928,0.268,-1,400.000,-1,375.000,-1,325.000,325.000,300.000,300.000,-1,-1,-1,-1,750.000,700.000,-1,-1,2,0,2,0,2,0,0,0,0,2,2,2,2,0,0,2,2
25,7287.979,4618.819,-238.666,-99.705,-0.162406,0.982563,-0.090524,-0.984037,-0.168046,-0.058579,-0.072770,0.079566,0.994170,0,0.69879,0.01414,41.928,0.028,-1,400.000,-1,375.000,-1,325.000,300.000,300.000,300.000,-1,-1,-1,-1,750.000,675.000,-1,-1,2,0,2,0,2,0,0,0,0,2,2,2,2,0,0,2,2
26,7280.757,4577.518,-241.427,-99.917,-0.166082,0.982040,-0.089525,-0.983377,-0.171694,-0.059079,-0.073389,0.078225,0.994231,0,0.69879,-0.10586,41.928,-0.212,-1,375.000,-1,375.000,-1,325.000,300.000,300.000,300.000,-1,-1,-1,-1,725.000,675.000,-1,-1,2,0,2,0,2,0,0,0,0,2,2,2,2,0,0,2,2
27,7273.210,4536.275,-244.359,-100.369,-0.173873,0.980738,-0.088998,-0.982000,-0.179446,-0.058954,-0.073789,0.077146,0.994286,0,0.69879,-0.22586,41.928,-0.452,-1,375.000,-1,375.000,-1,325.000,300.000,300.000,300.000,-1,-1,-1,-1,725.000,675.000,-1,-1,2,0,2,0,2,0,0,0,0,2,2,2,2,0,0,2,2
28,7265.165,4495.126,-247.313,-101.060,-0.185812,0.978607,-0.088328,-0.979805,-0.191294,-0.058213,-0.073864,0.075728,0.994389,0,0.69879,-0.34586,41.928,-0.692,-1,375.000,-1,375.000,-1,325.000,300.000,300.000,300.000,-1,-1,-1,-1,725.000,675.000,-1,-1,2,0,2,0,2,0,0,0,0,2,2,2,2,0,0,2,2
29,7256.452,4454.113,-250.308,-101.992,-0.201815,0.975494,-0.087651,-0.976608,-0.207208,-0.057455,-0.074209,0.074005,0.994493,0,0.69879,-0.46586,41.928,-0.932,-1,375.000,-1,375.000,-1,325.000,300.000,325.000,300.000,-1,-1,-1,-1,700.000,675.000,-1,-1,2,0,2,0,2,0,0,0,0,2,2,2,2,0,0,2,2
30,7246.901,4413.288,-253.355,-103.164,-0.221840,0.971198,-0.086961,-0.972210,-0.227146,-0.056680,-0.074801,0.071970,0.994598,0,0.69879,-0.58586,41.928,-1.172,-1,375.000,-1,375.000,-1,325.000,300.000,325.000,300.000,-1,-1,-1,-1,700.000,675.000,-1,-1,2,0,2,0,2,0,0,0,0,2,2,2,2,0,0,2,2
31,7236.348,4372.709,-256.463,-104.576,-0.245826,0.965469,-0.086255,-0.966360,-0.251046,-0.055888,-0.075612,0.069614,0.994704,0,0.69879,-0.70586,41.928,-1.412,-1,375.000,-1,375.000,-1,325.000,300.000,300.000,300.000,-1,-1,-1,-1,700.000,650.000,-1,-1,2,0,2,0,2,0,0,0,0,2,2,2,2,0,0,2,2
32,7224.629,4332.452,-259.641,-106.227,-0.273689,0.958008,-0.085526,-0.958762,-0.278822,-0.055079,-0.076613,0.066925,0.994812,0,0.69879,-0.82586,41.928,-1.652,-1,375.000,-1,375.000,-1,325.000,300.000,300.000,300.000,-1,-1,-1,-1,700.000,650.000,-1,-1,2,0,2,0,2,0,0,0,0,2,2,2,2,0,0,2,2
33,7211.641,4292.586,-262.807,-108.042,-0.304077,0.948902,-0.084396,-0.949495,-0.309080,-0.054115,-0.077435,0.063679,0.994962,0,0.69879,-0.90718,41.928,-1.814,-1,375.000,-1,375.000,-1,325.000,300.000,300.000,300.000,-1,-1,-1,-1,675.000,650.000,-1,-1,2,0,2,0,2,0,0,0,0,2,2,2,2,0,0,2,2
34,7197.398,4253.152,-265.930,-109.856,-0.334225,0.938854,-0.082739,-0.939276,-0.339046,-0.052997,-0.077809,0.060002,0.995161,0,0.69879,-0.90718,41.928,-1.814,-1,375.000,-1,375.000,-1,325.000,325.000,300.000,300.000,-1,-1,-1,-1,675.000,650.000,-1,-1,2,0,2,0,2,0,0,0,0,2,2,2,2,0,0,2,2
35,7181.913,4214.188,-269.113,-111.670,-0.364048,0.927850,-0.081010,-0.928105,-0.368681,-0.051918,-0.078039,0.056285,0.995360,0,0.69879,-0.90718,41.928,-1.814,-1,375.000,-1,375.000,-1,325.000,325.000,300.000,300.000,-1,-1,-1,-1,675.000,650.000,-1,-1,2,0,2,0,2,0,0,0,0,2,2,2,2,0,0,2,2
36,7165.203,4175.734,-272.351,-113.485,-0.393515,0.915900,-0.079201,-0.915993,-0.397955,-0.050878,-0.078118,0.052526,0.995559,0,0.69879,-0.90718,41.928,-1.814,-1,375.000,-1,375.000,-1,325.000,325.000,300.000,300.000,-1,-1,-1,-1,675.000,650.000,-1,-1,2,0,2,0,2,0,0,0,0,2,2,2,2,0,0,2,2
37,7147.284,4137.828,-275.642,-115.299,-0.422596,0.903015,-0.077305,-0.902952,-0.426836,-0.049882,-0.078041,0.048723,0.995759,0,0.69879,-0.90718,41.928,-1.814,-1,375.000,-1,375.000,-1,325.000,325.000,300.000,300.000,-1,575.000,-1,-1,675.000,650.000,-1,-1,2,0,2,0,2,0,0,0,0,2,0,2,2,0,0,2,2
38,7128.173,4100.509,-278.973,-117.113,-0.451254,0.889207,-0.075370,-0.888995,-0.455294,-0.048946,-0.077838,0.044916,0.995954,0,0.69879,-0.90718,41.928,-1.814,-1,375.000,-1,375.000,-1,325.000,325.000,300.000,300.000,-1,525.000,575.000,-1,675.000,650.000,-1,-1,2,0,2,0,2,0,0,0,0,2,0,0,2,0,0,2,2
39,7107.891,4063.813,-282.230,-118.928,-0.479403,0.874474,-0.073952,-0.874134,-0.483290,-0.048164,-0.077859,0.041554,0.996098,0,0.69879,-0.90718,41.928,-1.814,-1,375.000,-1,375.000,-1,325.000,300.000,300.000,300.000,-1,500.000,550.000,-1,675.000,650.000,-1,-1,2,0,2,0,2,0,0,0,0,2,0,0,2,0,0,2,2
40,7086.458,4027.778,-285.520,-120.742,-0.507073,0.858849,-0.072499,-0.858389,-0.510803,-0.047411,-0.077752,0.038191,0.996241,0,0.69879,-0.90718,41.928,-1.814,-1,375.000,-1,375.000,-1,300.000,300.000,300.000,300.000,-1,500.000,525.000,-1,675.000,650.000,-1,-1,2,0,2,0,2,0,0,0,0,2,0,0,2,0,0,2,2
41,7063.895,3992.440,-288.605,-122.557,-0.534226,0.842321,-0.071409,-0.841850,-0.537787,-0.045535,-0.076758,0.035790,0.996407,0,0.69879,-0.90718,41.928,-1.814,-1,375.000,-1,375.000,-1,300.000,300.000,300.000,300.000,-1,475.000,500.000,-1,675.000,650.000,-1,-1,2,0,2,0,2,0,0,0,0,2,0,0,2,0,0,2,2
42,7040.224,3957.833,-291.708,-124.371,-0.560842,0.824939,-0.070228,-0.824462,-0.564233,-0.043638,-0.075624,0.033426,0.996576,0,0.69879,-0.90718,41.928,-1.814,-1,375.000,-1,375.000,-1,300.000,300.000,300.000,300.000,-1,450.000,475.000,-1,675.000,650.000,-1,-1,2,0,2,0,2,0,0,0,0,2,0,0,2,0,0,2,2
43,7015.470,3923.994,-294.843,-126.185,-0.586896,0.806723,-0.068928,-0.806235,-0.590114,-0.041826,-0.074417,0.031025,0.996744,0,0.69879,-0.90718,41.928,-1.814,-1,375.000,-1,375.000,-1,300.000,300.000,300.000,300.000,-1,425.000,450.000,-1,675.000,650.000,-1,-1,2,0,2,0,2,0,0,0,0,2,0,0,2,0,0,2,2
44,6988.124,3888.689,-298.215,-127.760,-0.609051,0.790254,-0.067496,-0.789777,-0.612093,-0.039930,-0.072869,0.028988,0.996920,0,0.74429,-0.78718,44.658,-1.574,-1,375.000,-1,375.000,-1,300.000,300.000,300.000,300.000,-1,400.000,425.000,-1,650.000,650.000,-1,-1,2,0,2,0,2,0,0,0,0,2,0,0,2,0,0,2,2
45,6959.963,3854.030,-301.583,-129.094,-0.627487,0.775824,-0.066005,-0.775363,-0.630361,-0.038167,-0.071218,0.027229,0.997089,0,0.74429,-0.66718,44.658,-1.334,-1,375.000,-1,375.000,-1,300.000,300.000,300.000,300.000,-1,400.000,400.000,-1,650.000,650.000,-1,-1,2,0,2,0,2,0,0,0,0,2,0,0,2,0,0,2,2
46,6931.145,3819.915,-304.871,-130.188,-0.642375,0.763678,-0.064426,-0.763216,-0.645093,-0.036826,-0.069684,0.025515,0.997243,0,0.74429,-0.54718,44.658,-1.094,-1,375.000,-1,375.000,-1,300.000,300.000,300.000,300.000,-1,400.000,400.000,-1,650.000,625.000,-1,-1,2,0,2,0,2,0,0,0,0,2,0,0,2,0,0,2,2
47,6901.744,3786.144,-308.167,-131.043,-0.653860,0.753999,-0.062869,-0.753552,-0.656430,-0.035489,-0.068028,0.024171,0.997391,0,0.74628,-0.42718,44.777,-0.854,-1,375.000,-1,375.000,-1,300.000,300.000,300.000,300.000,-1,400.000,400.000,-1,650.000,625.000,-1,1000.000,2,0,2,0,2,0,0,0,0,2,0,0,2,0,0,2,0
48,6871.848,3752.540,-311.256,-131.657,-0.662061,0.746919,-0.061541,-0.746577,-0.664479,-0.033028,-0.065562,0.024079,0.997558,0,0.74963,-0.30718,44.978,-0.614,-1,375.000,-1,375.000,-1,300.000,300.000,300.000,300.000,-1,375.000,375.000,-1,650.000,625.000,-1,1000.000,2,0,2,0,2,0,0,0,0,2,0,0,2,0,0,2,0
49,6841.607,3718.990,-314.191,-132.031,-0.667067,0.742563,-0.060176,-0.742304,-0.669346,-0.030994,-0.063293,0.023994,0.997707,0,0.75279,-0.18718,45.168,-0.374,-1,375.000,-1,375.000,-1,300.000,300.000,300.000,300.000,-1,350.000,375.000,-1,650.000,625.000,-1,1000.000,2,0,2,0,2,0,0,0,0,2,0,0,2,0,0,2,0
50,6811.167,3685.379,-316.981,-132.166,-0.668933,0.740997,-0.058762,-0.740782,-0.671090,-0.029651,-0.061406,0.023695,0.997832,0,0.75579,-0.06718,45.348,-0.134,-1,375.000,-1,375.000,1000.000,300.000,300.000,300.000,300.000,-1,375.000,375.000,-1,650.000,625.000,-1,1000.000,2,0,2,0,0,0,0,0,0,2,0,0,2,0,0,2,0
51,6780.672,3651.583,-319.501,-132.060,-0.667762,0.742249,-0.056208,-0.742053,-0.669738,-0.028426,-0.058744,0.022727,0.998014,0,0.75867,0.05282,45.520,0.106,-1,375.000,-1,375.000,-1,300.000,300.000,300.000,300.000,-1,350.000,375.000,-1,650.000,625.000,-1,1000.000,2,0,2,0,2,0,0,0,0,2,0,0,2,0,0,2,0
52,6750.270,3617.478,-321.978,-131.715,-0.663459,0.746289,-0.053611,-0.746115,-0.665260,-0.027221,-0.055980,0.021940,0.998191,0,0.76148,0.17282,45.689,0.346,-1,375.000,-1,375.000,-1,300.000,300.000,300.000,300.000,-1,350.000,375.000,-1,650.000,625.000,-1,-1,2,0,2,0,2,0,0,0,0,2,0,0,2,0,0,2,2
53,6720.109,3582.938,-324.420,-131.129,-0.655971,0.753059,-0.051030,-0.752913,-0.657606,-0.026002,-0.053139,0.021365,0.998359,0,0.76426,0.29282,45.855,0.586,975.000,375.000,-1,375.000,-1,300.000,300.000,300.000,300.000,-1,350.000,375.000,-1,675.000,625.000,-1,-1,1,0,2,0,2,0,0,0,0,2,0,0,2,0,0,2,2
54,6690.340,3547.840,-326.822,-130.303,-0.645213,0.762463,-0.048476,-0.762351,-0.646691,-0.024737,-0.050210,0.020995,0.998518,0,0.76705,0.41282,46.023,0.826,950.000,375.000,-1,375.000,-1,300.000,300.000,300.000,300.000,-1,350.000,375.000,-1,675.000,625.000,-1,-1,1,0,2,0,2,0,0,0,0,2,0,0,2,0,0,2,2
55,6661.121,3512.061,-329.057,-129.238,-0.631035,0.774353,-0.046609,-0.774293,-0.632395,-0.023389,-0.047587,0.021329,0.998639,0,0.76991,0.53282,46.195,1.066,900.000,375.000,-1,375.000,-1,300.000,300.000,300.000,300.000,-1,350.000,400.000,-1,675.000,625.000,975.000,1000.000,1,0,2,0,2,0,0,0,0,2,0,0,2,0,0,1,0
56,6632.614,3475.484,-331.191,-127.932,-0.613318,0.788548,-0.045087,-0.788551,-0.614576,-0.021971,-0.045034,0.022078,0.998741,0,0.77288,0.65282,46.373,1.306,875.000,375.000,-1,375.000,-1,300.000,300.000,300.000,300.000,-1,375.000,425.000,-1,675.000,625.000,925.000,975.000,1,0,2,0,2,0,0,0,0,2,0,0,2,0,0,1,0
57,6604.993,3438.001,-333.126,-126.386,-0.591954,0.804833,-0.042828,-0.804884,-0.593079,-0.020445,-0.041856,0.022369,0.998873,0,0.77602,0.77282,46.561,1.546,825.000,375.000,-1,375.000,-1,300.000,300.000,300.000,300.000,-1,375.000,425.000,-1,675.000,625.000,900.000,975.000,1,0,2,0,2,0,0,0,0,2,0,0,2,0,0,1,0
58,6578.424,3399.521,-334.950,-124.624,-0.567061,0.822689,-0.040303,-0.822784,-0.568045,-0.018756,-0.038324,0.022525,0.999011,0,0.77937,0.88118,46.762,1.762,800.000,375.000,-1,375.000,-1,300.000,300.000,300.000,300.000,-1,375.000,450.000,-1,675.000,625.000,850.000,975.000,1,0,2,0,2,0,0,0,0,2,0,0,2,0,0,1,0
59,6552.938,3360.058,-336.708,-122.856,-0.541538,0.839818,-0.037981,-0.839961,-0.542389,-0.016757,-0.034673,0.022828,0.999138,0,0.78296,0.88400,46.978,1.768,775.000,375.000,-1,375.000,1000.000,300.000,300.000,300.000,300.000,-1,400.000,450.000,-1,675.000,625.000,800.000,975.000,1,0,2,0,0,0,0,0,0,2,0,0,2,0,0,1,0
60,6528.157,3319.022,-338.379,-121.127,-0.516074,0.855790,-0.035940,-0.855992,-0.516793,-0.014218,-0.030741,0.023427,0.999253,0,0.79897,0.86459,47.938,1.729,725.000,375.000,-1,375.000,975.000,325.000,300.000,300.000,300.000,-1,400.000,450.000,-1,700.000,625.000,750.000,975.000,1,0,2,0,0,0,0,0,0,2,0,0,2,0,0,1,0
61,6504.453,3276.946,-340.010,-119.396,-0.490101,0.870998,-0.034116,-0.871254,-0.490697,-0.011527,-0.026780,0.024075,0.999351,0,0.80491,0.86556,48.294,1.731,700.000,375.000,-1,375.000,975.000,325.000,300.000,300.000,300.000,-1,400.000,400.000,-1,700.000,625.000,725.000,975.000,1,0,2,0,0,0,0,0,0,2,0,0,2,1,0,1,0
62,6481.863,3233.848,-341.473,-117.663,-0.463626,0.885409,-0.033182,-0.885727,-0.464123,-0.008829,-0.023217,0.025297,0.999410,0,0.81099,0.86631,48.659,1.733,650.000,375.000,-1,375.000,950.000,325.000,300.000,300.000,300.000,-1,400.000,375.000,-1,650.000,625.000,675.000,950.000,1,0,2,0,0,0,0,0,0,2,0,0,2,1,0,1,0
63,6460.423,3189.751,-342.653,-115.929,-0.436694,0.899025,-0.032446,-0.899379,-0.437115,-0.006896,-0.020382,0.026169,0.999450,0,0.81722,0.86681,49.033,1.734,625.000,375.000,975.000,350.000,925.000,325.000,300.000,300.000,300.000,-1,400.000,375.000,-1,625.000,625.000,625.000,950.000,1,0,1,0,0,0,0,0,0,2,0,0,2,1,0,1,0
64,6440.170,3144.677,-343.586,-114.195,-0.409348,0.911838,-0.031395,-0.912199,-0.409707,-0.005712,-0.018072,0.026300,0.999491,0,0.82359,0.86707,49.415,1.734,575.000,400.000,875.000,350.000,900.000,325.000,300.000,300.000,300.000,-1,425.000,400.000,-1,575.000,600.000,575.000,950.000,1,0,1,0,0,0,0,0,0,2,0,0,2,1,0,1,0
65,6421.142,3098.650,-344.226,-112.461,-0.381659,0.923838,-0.029324,-0.924180,-0.381934,-0.004190,-0.015071,0.025502,0.999561,0,0.83009,0.86706,49.805,1.734,550.000,400.000,800.000,350.000,900.000,325.000,300.000,300.000,300.000,-1,425.000,425.000,-1,550.000,625.000,550.000,975.000,1,0,1,0,0,0,0,0,0,2,0,0,2,1,0,1,0
66,6403.374,3051.697,-344.810,-110.728,-0.353622,0.934989,-0.027339,-0.935310,-0.353819,-0.002585,-0.012090,0.024656,0.999623,0,0.83672,0.86678,50.203,1.734,500.000,400.000,725.000,350.000,900.000,325.000,300.000,300.000,300.000,-1,425.000,425.000,-1,500.000,625.000,500.000,-1,1,0,1,0,0,0,0,0,0,2,0,0,2,1,0,1,2
67,6386.901,3003.845,-345.341,-108.995,-0.325271,0.945278,-0.025454,-0.945577,-0.325398,-0.000908,-0.009141,0.023773,0.999676,0,0.84347,0.86620,50.608,1.732,450.000,400.000,650.000,375.000,900.000,325.000,300.000,300.000,300.000,-1,450.000,450.000,-1,450.000,600.000,450.000,-1,1,0,1,0,0,0,0,0,0,2,0,0,2,1,1,1,2
68,6371.759,2955.123,-345.822,-107.265,-0.296644,0.954695,-0.023682,-0.954968,-0.296708,0.000826,-0.006238,0.022861,0.999719,0,0.85034,0.86531,51.020,1.731,425.000,375.000,575.000,375.000,950.000,325.000,325.000,300.000,300.000,-1,450.000,475.000,-1,425.000,550.000,400.000,-1,1,1,1,0,0,0,0,0,0,2,0,0,2,1,1,1,2
69,6357.981,2905.565,-346.017,-105.536,-0.267767,0.963247,-0.021380,-0.963475,-0.267793,0.001695,-0.004093,0.021053,0.999770,0,0.85730,0.86408,51.438,1.728,375.000,325.000,525.000,375.000,975.000,325.000,325.000,300.000,300.000,-1,475.000,500.000,-1,375.000,500.000,375.000,675.000,1,1,1,0,0,1,0,0,0,2,0,0,2,1,1,1,1
70,6345.600,2855.203,-346.164,-103.811,-0.238690,0.970907,-0.019144,-0.971094,-0.238684,0.002607,-0.002039,0.019213,0.999813,0,0.86436,0.86250,51.861,1.725,325.000,300.000,450.000,350.000,-1,300.000,325.000,300.000,300.000,-1,500.000,550.000,-1,325.000,450.000,325.000,575.000,1,1,1,1,2,1,1,0,0,2,0,0,2,1,1,1,1
71,6334.647,2804.074,-346.279,-102.090,-0.209454,0.977670,-0.017029,-0.977818,-0.209423,0.003603,-0.000044,0.017406,0.999849,0,0.87149,0.86054,52.289,1.721,300.000,275.000,400.000,325.000,-1,250.000,275.000,300.000,300.000,-1,525.000,575.000,-1,300.000,400.000,275.000,500.000,1,1,1,1,2,1,1,0,0,2,0,0,2,1,1,1,1
72,6325.153,2752.215,-346.370,-100.374,-0.180103,0.983533,-0.015053,-0.983646,-0.180052,0.004667,0.001880,0.015647,0.999876,0,0.87868,0.85817,52.721,1.716,250.000,225.000,325.000,275.000,-1,225.000,250.000,300.000,300.000,-1,525.000,600.000,-1,250.000,350.000,225.000,425.000,1,1,1,1,2,1,1,0,0,2,0,0,2,1,1,1,1
73,6317.146,2699.666,-346.442,-98.663,-0.150679,0.988494,-0.013232,-0.988576,-0.150614,0.005783,0.003724,0.013952,0.999896,0,0.88592,0.85535,53.155,1.711,200.000,175.000,275.000,225.000,450.000,175.000,200.000,300.000,300.000,-1,550.000,650.000,-1,200.000,275.000,200.000,325.000,1,1,1,1,1,1,1,0,0,2,0,0,2,1,1,1,1
74,6310.654,2646.469,-345.463,-96.959,-0.121300,0.992496,-0.015439,-0.992579,-0.121147,0.010493,0.008544,0.016597,0.999826,0,0.89319,0.85204,53.591,1.704,150.000,150.000,225.000,200.000,325.000,150.000,175.000,300.000,275.000,-1,500.000,625.000,-1,175.000,225.000,150.000,275.000,1,1,1,1,1,1,1,0,0,2,0,0,2,1,1,1,1
75,6305.087,2588.341,-333.091,-95.495,-0.098445,0.993779,-0.052068,-0.993928,-0.095606,0.054475,0.049158,0.057114,0.997157,0,0.97319,0.73204,58.391,1.464,150.000,150.000,200.000,175.000,300.000,125.000,150.000,425.000,275.000,-1,250.000,200.000,925.000,175.000,225.000,150.000,225.000,1,1,1,1,1,1,1,0,0,2,0,0,0,1,1,1,1
76,-8855.097,6887.308,80.760,32.759,0.841234,-0.540153,-0.023656,0.540579,0.839476,0.055273,-0.009997,-0.059285,0.998191,1,0.00000,0.00000,60.000,1.224,-1,375.000,-1,400.000,-1,325.000,325.000,325.000,325.000,-1,-1,-1,-1,725.000,800.000,-1,-1,2,0,2,0,2,0,0,0,0,2,2,2,2,0,0,2,2
77,-8851.050,6889.888,80.703,32.519,0.843483,-0.536631,-0.023725,0.537068,0.841729,0.055218,-0.009661,-0.059317,0.998192,0,0.08000,-0.12000,4.800,-0.240,-1,375.000,-1,400.000,-1,325.000,325.000,325.000,325.000,-1,-1,-1,-1,725.000,800.000,-1,-1,2,0,2,0,2,0,0,0,0,2,2,2,2,0,0,2,2
78,-8842.918,6894.990,80.598,32.103,0.847347,-0.530503,-0.023860,0.530962,0.845602,0.055104,-0.009057,-0.059361,0.998195,0,0.16000,-0.20803,9.600,-0.416,-1,375.000,-1,400.000,-1,325.000,325.000,325.000,325.000,-1,-1,-1,-1,725.000,800.000,-1,-1,2,0,2,0,2,0,0,0,0,2,2,2,2,0,0,2,2
79,-8830.664,6902.554,80.454,31.684,0.851191,-0.524304,-0.024052,0.524789,0.849459,0.054927,-0.008367,-0.059376,0.998201,0,0.24000,-0.20953,14.400,-0.419,-1,375.000,-1,400.000,-1,325.000,325.000,325.000,325.000,-1,-1,-1,-1,725.000,825.000,-1,-1,2,0,2,0,2,0,0,0,0,2,2,2,2,0,0,2,2
80,-8814.251,6912.517,80.280,31.260,0.855029,-0.518010,-0.024298,0.518524,0.853313,0.054686,-0.007594,-0.059358,0.998208,0,0.32000,-0.21180,19.200,-0.424,-1,375.000,-1,400.000,-1,325.000,325.000,325.000,325.000,-1,-1,-1,-1,725.000,825.000,-1,-1,2,0,2,0,2,0,0,0,0,2,2,2,2,0,0,2,2
81,-8793.642,6924.817,80.088,30.831,0.858873,-0.511598,-0.024592,0.512145,0.857176,0.054382,-0.006742,-0.059302,0.998217,0,0.40000,-0.21483,24.000,-0.430,-1,375.000,-1,400.000,-1,325.000,325.000,325.000,325.000,-1,-1,-1,-1,725.000,825.000,-1,-1,2,0,2,0,2,0,0,0,0,2,2,2,2,0,0,2,2
82,-8768.800,6939.388,79.879,30.393,0.862734,-0.505046,-0.024891,0.505625,0.861062,0.053999,-0.005839,-0.059172,0.998231,0,0.48000,-0.21862,28.800,-0.437,-1,375.000,-1,400.000,-1,325.000,325.000,325.000,325.000,-1,-1,-1,-1,725.000,825.000,-1,-1,2,0,2,0,2,0,0,0,0,2,2,2,2,0,0,2,2
83,-8739.685,6956.160,79.662,29.947,0.866623,-0.498329,-0.025161,0.498940,0.864982,0.053527,-0.004910,-0.058941,0.998249,0,0.56000,-0.22319,33.600,-0.446,-1,375.000,-1,400.000,-1,325.000,325.000,325.000,325.000,-1,-1,-1,-1,750.000,850.000,-1,-1,2,0,2,0,2,0,0,0,0,2,2,2,2,0,0,2,2
84,-8706.261,6975.064,79.461,29.492,0.870534,-0.491450,-0.025439,0.492092,0.868929,0.052980,-0.003933,-0.058639,0.998271,0,0.64000,-0.22760,38.400,-0.455,-1,375.000,-1,400.000,-1,325.000,325.000,325.000,325.000,-1,-1,-1,-1,750.000,850.000,-1,-1,2,0,2,0,2,0,0,0,0,2,2,2,2,0,0,2,2
85,-8668.490,6996.032,79.280,29.036,0.874389,-0.484543,-0.025723,0.485217,0.872828,0.052305,-0.002892,-0.058216,0.998300,0,0.72000,-0.22760,43.200,-0.455,-1,375.000,-1,400.000,-1,325.000,325.000,300.000,325.000,-1,-1,-1,-1,750.000,850.000,-1,-1,2,0,2,0,2,0,0,0,0,2,2,2,2,0,0,2,2
86,-8628.071,7018.051,79.144,28.581,0.878189,-0.477608,-0.025991,0.478311,0.876676,0.051555,-0.001838,-0.057707,0.998332,0,0.76713,-0.22760,46.028,-0.455,-1,375.000,-1,400.000,-1,325.000,325.000,300.000,325.000,-1,-1,-1,-1,775.000,875.000,-1,-1,2,0,2,0,2,0,0,0,0,2,2,2,2,0,0,2,2
87,-8587.478,7039.749,78.967,28.126,0.881942,-0.470653,-0.025763,0.471357,0.880490,0.050600,-0.001131,-0.056770,0.998387,0,0.76713,-0.22760,46.028,-0.455,-1,400.000,-1,425.000,-1,325.000,325.000,300.000,325.000,-1,-1,-1,-1,775.000,900.000,-1,-1,2,0,2,0,2,0,0,0,0,2,2,2,2,0,0,2,2
88,-8546.714,7061.123,78.651,27.671,0.885656,-0.463688,-0.024627,0.464340,0.884287,0.049245,-0.001057,-0.055049,0.998483,0,0.76713,-0.22760,46.028,-0.455,-1,400.000,-1,425.000,-1,325.000,325.000,300.000,325.000,-1,-1,-1,-1,775.000,900.000,-1,-1,2,0,2,0,2,0,0,0,0,2,2,2,2,0,0,2,2
89,-8505.782,7082.172,78.395,27.216,0.889316,-0.456692,-0.023461,0.457293,0.888028,0.047857,-0.001021,-0.053289,0.998579,0,0.76713,-0.22760,46.028,-0.455,-1,400.000,-1,425.000,-1,325.000,325.000,325.000,300.000,-1,-1,-1,-1,775.000,900.000,-1,-1,2,0,2,0,2,0,0,0,0,2,2,2,2,0,0,2,2
90,-8464.683,7102.895,78.200,26.761,0.892920,-0.449665,-0.022267,0.450215,0.891712,0.046435,-0.001024,-0.051488,0.998673,0,0.76713,-0.22760,46.028,-0.455,-1,400.000,-1,425.000,-1,325.000,325.000,325.000,300.000,-1,-1,-1,-1,775.000,900.000,-1,-1,2,0,2,0,2,0,0,0,0,2,2,2,2,0,0,2,2
91,-8423.422,7123.292,78.027,26.305,0.896466,-0.442604,-0.021218,0.443112,0.895333,0.045060,-0.000946,-0.049797,0.998759,0,0.76713,-0.22760,46.028,-0.455,-1,400.000,-1,425.000,-1,325.000,325.000,325.000,300.000,-1,-1,-1,-1,775.000,925.000,-1,-1,2,0,2,0,2,0,0,0,0,2,2,2,2,0,0,2,2
92,-8381.999,7143.360,77.883,25.850,0.899955,-0.435512,-0.020279,0.435983,0.898892,0.043718,-0.000811,-0.048186,0.998838,0,0.76713,-0.22760,46.028,-0.455,-1,400.000,-1,425.000,-1,325.000,325.000,325.000,300.000,-1,-1,-1,-1,775.000,925.000,-1,-1,2,0,2,0,2,0,0,0,0,2,2,2,2,0,0,2,2
93,-8340.419,7163.099,77.546,25.395,0.903403,-0.428369,-0.019042,0.428790,0.902351,0.043617,-0.001502,-0.047569,0.998867,0,0.76713,-0.22760,46.028,-0.455,-1,400.000,-1,425.000,-1,325.000,325.000,325.000,300.000,-1,-1,-1,-1,775.000,925.000,-1,-1,2,0,2,0,2,0,0,0,0,2,2,2,2,0,0,2,2
94,-8298.683,7182.507,77.191,24.940,0.906798,-0.421194,-0.017697,0.421559,0.905740,0.043848,-0.002440,-0.047222,0.998881,0,0.76713,-0.22760,46.028,-0.455,-1,400.000,-1,400.000,-1,325.000,325.000,300.000,300.000,-1,-1,-1,-1,775.000,925.000,-1,-1,2,0,2,0,2,0,0,0,0,2,2,2,2,0,0,2,2
95,-8256.795,7201.583,76.886,24.485,0.910134,-0.413992,-0.016326,0.414300,0.909073,0.044057,-0.003398,-0.046862,0.998896,0,0.76713,-0.22760,46.028,-0.455,-1,400.000,-1,400.000,-1,325.000,325.000,300.000,300.000,-1,-1,-1,-1,775.000,925.000,-1,-1,2,0,2,0,2,0,0,0,0,2,2,2,2,0,0,2,2
96,-8214.756,7220.325,76.631,24.029,0.913411,-0.406764,-0.014927,0.407014,0.912350,0.044244,-0.004378,-0.046489,0.998909,0,0.76713,-0.22760,46.028,-0.455,-1,400.000,-1,400.000,-1,325.000,325.000,300.000,325.000,-1,-1,-1,-1,775.000,925.000,-1,-1,2,0,2,0,2,0,0,0,0,2,2,2,2,0,0,2,2
97,-8172.569,7238.733,76.426,23.574,0.916629,-0.399510,-0.013503,0.399702,0.915569,0.044408,-0.005379,-0.046103,0.998922,0,0.76713,-0.22760,46.028,-0.455,-1,400.000,-1,400.000,-1,325.000,325.000,300.000,325.000,-1,-1,-1,-1,775.000,925.000,-1,-1,2,0,2,0,2,0,0,0,0,2,2,2,2,0,0,2,2
98,-8130.238,7256.805,76.237,23.119,0.919787,-0.392233,-0.012091,0.392368,0.918736,0.044407,-0.006309,-0.045589,0.998940,0,0.76713,-0.22760,46.028,-0.455,-1,400.000,-1,425.000,-1,325.000,325.000,300.000,325.000,-1,-1,-1,-1,775.000,925.000,-1,-1,2,0,2,0,2,0,0,0,0,2,2,2,2,0,0,2,2
99,-8087.764,7274.541,76.094,22.664,0.922884,-0.384931,-0.010660,0.385010,0.921845,0.044367,-0.007251,-0.045050,0.998958,0,0.76713,-0.22760,46.028,-0.455,-1,375.000,-1,425.000,-1,325.000,325.000,300.000,325.000,-1,-1,-1,-1,775.000,925.000,-1,-1,2,0,2,0,2,0,0,0,0,2,2,2,2,0,0,2,2
100,-8045.151,7291.938,75.996,22.209,0.925921,-0.377604,-0.009208,0.377627,0.924898,0.044298,-0.008211,-0.044493,0.998976,0,0.76713,-0.22760,46.028,-0.455,-1,375.000,-1,425.000,-1,325.000,325.000,300.000,325.000,-1,-1,-1,-1,775.000,925.000,-1,-1,2,0,2,0,2,0,0,0,0,2,2,2,2,0,0,2,2
101,-8002.401,7308.996,75.943,21.753,0.928898,-0.370254,-0.007734,0.370221,0.927892,0.044197,-0.009188,-0.043918,0.998993,0,0.76713,-0.22760,46.028,-0.455,-1,400.000,-1,425.000,-1,325.000,325.000,300.000,325.000,-1,-1,-1,-1,775.000,900.000,-1,-1,2,0,2,0,2,0,0,0,0,2,2,2,2,0,0,2,2
102,-7959.517,7325.713,75.699,21.298,0.931808,-0.362893,-0.006569,0.362828,0.930863,0.043013,-0.009494,-0.042464,0.999053,0,0.76713,-0.22760,46.028,-0.455,-1,400.000,-1,425.000,-1,325.000,325.000,300.000,325.000,-1,-1,-1,-1,775.000,900.000,-1,-1,2,0,2,0,2,0,0,0,0,2,2,2,2,0,0,2,2
103,-7916.501,7342.089,75.288,20.843,0.934656,-0.355520,-0.004948,0.355413,0.933804,0.041139,-0.010006,-0.040210,0.999141,0,0.76713,-0.22760,46.028,-0.455,-1,400.000,-1,425.000,-1,325.000,325.000,300.000,325.000,-1,-1,-1,-1,775.000,900.000,-1,-1,2,0,2,0,2,0,0,0,0,2,2,2,2,0,0,2,2
104,-7873.356,7358.123,74.730,20.388,0.937443,-0.348130,-0.002558,0.347962,0.936707,0.038765,-0.011099,-0.037230,0.999245,0,0.76713,-0.22760,46.028,-0.455,-1,400.000,-1,425.000,-1,325.000,325.000,300.000,300.000,-1,-1,-1,-1,775.000,900.000,-1,-1,2,0,2,0,2,0,0,0,0,2,2,2,2,0,0,2,2
105,-7830.085,7373.813,74.213,19.933,0.940167,-0.340714,-0.000182,0.340495,0.939544,0.036342,-0.012211,-0.034230,0.999339,0,0.76713,-0.22760,46.028,-0.455,-1,400.000,-1,425.000,-1,325.000,325.000,325.000,300.000,-1,-1,-1,-1,775.000,875.000,-1,-1,2,0,2,0,2,0,0,0,0,2,2,2,2,0,0,2,2
106,-7786.691,7389.159,73.596,19.477,0.942832,-0.333266,0.001561,0.333020,0.942297,0.034255,-0.012887,-0.031777,0.999412,0,0.76713,-0.22760,46.028,-0.455,-1,400.000,-1,425.000,-1,325.000,325.000,325.000,300.000,-1,-1,-1,-1,775.000,875.000,-1,-1,2,0,2,0,2,0,0,0,0,2,2,2,2,0,0,2,2
107,-7743.177,7404.161,72.721,19.022,0.945441,-0.325782,0.002754,0.325516,0.944952,0.033229,-0.013428,-0.030520,0.999444,0,0.76713,-0.22760,46.028,-0.455,-1,400.000,-1,425.000,-1,325.000,325.000,325.000,300.000,-1,-1,-1,-1,775.000,875.000,-1,-1,2,0,2,0,2,0,0,0,0,2,2,2,2,0,0,2,2
108,-7699.545,7418.816,71.704,18.567,0.947991,-0.318269,0.004239,0.317965,0.947526,0.033052,-0.014536,-0.029985,0.999445,0,0.76713,-0.22760,46.028,-0.455,-1,400.000,-1,425.000,-1,325.000,325.000,325.000,300.000,-1,-1,-1,-1,775.000,850.000,-1,-1,2,0,2,0,2,0,0,0,0,2,2,2,2,0,0,2,2
109,-7660.307,7431.468,70.822,17.872,0.951773,-0.306753,0.005578,0.306417,0.951329,0.032878,-0.015392,-0.029583,0.999444,0,0.68713,-0.34760,41.228,-0.695,-1,400.000,-1,425.000,-1,325.000,325.000,300.000,300.000,-1,-1,-1,-1,775.000,850.000,-1,-1,2,0,2,0,2,0,0,0,0,2,2,2,2,0,0,2,2
110,-7625.459,7442.080,70.068,16.937,0.956642,-0.291187,0.006782,0.290826,0.956217,0.032695,-0.016005,-0.029305,0.999442,0,0.60713,-0.46760,36.428,-0.935,-1,400.000,-1,425.000,-1,325.000,325.000,300.000,300.000,-1,-1,-1,-1,750.000,850.000,-1,-1,2,0,2,0,2,0,0,0,0,2,2,2,2,0,0,2,2
111,-7595.030,7450.703,69.433,15.822,0.962113,-0.272538,0.007852,0.272157,0.961704,0.032497,-0.016408,-0.029129,0.999441,0,0.52713,-0.55714,31.628,-1.114,-1,400.000,-1,400.000,-1,325.000,325.000,300.000,300.000,-1,-1,-1,-1,750.000,850.000,-1,-1,2,0,2,0,2,0,0,0,0,2,2,2,2,0,0,2,2
112,-7569.081,7457.515,68.914,14.708,0.967221,-0.253786,0.008785,0.253389,0.966826,0.032284,-0.016687,-0.029000,0.999440,0,0.44713,-0.55714,26.828,-1.114,-1,400.000,-1,400.000,-1,325.000,325.000,300.000,300.000,-1,-1,-1,-1,750.000,850.000,-1,-1,2,0,2,0,2,0,0,0,0,2,2,2,2,0,0,2,2
113,-7547.670,7462.692,68.501,13.594,0.971964,-0.234937,0.009572,0.234528,0.971580,0.032072,-0.016835,-0.028928,0.999440,0,0.36713,-0.55714,22.028,-1.114,-1,400.000,-1,400.000,-1,325.000,325.000,300.000,300.000,-1,-1,-1,-1,750.000,850.000,-1,-1,2,0,2,0,2,0,0,0,0,2,2,2,2,0,0,2,2
114,-7530.850,7466.415,68.183,12.479,0.976340,-0.215998,0.010203,0.215582,0.975965,0.031873,-0.016842,-0.028919,0.999440,0,0.28713,-0.55714,17.228,-1.114,-1,400.000,-1,400.000,-1,325.000,325.000,300.000,300.000,-1,-1,-1,-1,750.000,850.000,-1,-1,2,0,2,0,2,0,0,0,0,2,2,2,2,0,0,2,2
115,-7518.666,7468.864,67.954,11.365,0.980350,-0.196978,0.010668,0.196558,0.979980,0.031702,-0.016699,-0.028982,0.999440,0,0.20713,-0.55714,12.428,-1.114,-1,400.000,-1,400.000,-1,325.000,325.000,300.000,300.000,-1,-1,-1,-1,750.000,850.000,-1,-1,2,0,2,0,2,0,0,0,0,2,2,2,2,0,0,2,2
116,-7511.160,7470.221,67.806,10.251,0.983991,-0.177882,0.010958,0.177464,0.983621,0.031571,-0.016395,-0.029121,0.999441,0,0.12713,-0.55714,7.628,-1.114,-1,400.000,-1,400.000,-1,325.000,325.000,300.000,300.000,-1,-1,-1,-1,750.000,850.000,-1,-1,2,0,2,0,2,0,0,0,0,2,2,2,2,0,0,2,2
117,-7508.368,7470.670,67.733,9.137,0.987262,-0.158719,0.011066,0.158306,0.986888,0.031495,-0.015919,-0.029342,0.999443,0,0.04713,-0.55714,2.828,-1.114,-1,400.000,-1,400.000,-1,325.000,325.000,300.000,300.000,-1,-1,-1,-1,750.000,850.000,-1,-1,2,0,2,0,2,0,0,0,0,2,2,2,2,0,0,2,2
118,-7510.321,7470.395,67.730,8.022,0.990162,-0.139496,0.010982,0.139093,0.989779,0.031487,-0.015262,-0.029650,0.999444,0,-0.03287,-0.55714,-1.972,-1.114,-1,400.000,-1,400.000,-1,325.000,325.000,300.000,300.000,-1,-1,-1,-1,750.000,850.000,-1,-1,2,0,2,0,2,0,0,0,0,2,2,2,2,0,0,2,2
119,-7517.045,7469.581,67.790,6.908,0.992690,-0.120221,0.010700,0.119832,0.992292,0.031561,-0.014412,-0.030048,0.999445,0,-0.11287,-0.55714,-6.772,-1.114,-1,400.000,-1,425.000,-1,325.000,325.000,300.000,300.000,-1,-1,-1,-1,750.000,850.000,-1,-1,2,0,2,0,2,0,0,0,0,2,2,2,2,0,0,2,2
120,-7528.558,7468.412,67.909,5.794,0.994844,-0.100900,0.010213,0.100532,0.994428,0.031729,-0.013358,-0.030539,0.999444,0,-0.19287,-0.55714,-11.572,-1.114,-1,400.000,-1,425.000,-1,325.000,325.000,300.000,300.000,-1,-1,-1,-1,775.000,850.000,-1,-1,2,0,2,0,2,0,0,0,0,2,2,2,2,0,0,2,2
121,-7544.876,7467.077,68.083,4.679,0.996625,-0.081541,0.009515,0.081199,0.996184,0.032006,-0.012089,-0.031126,0.999442,0,-0.27287,-0.55714,-16.372,-1.114,-1,400.000,-1,425.000,-1,325.000,325.000,300.000,300.000,-1,-1,-1,-1,775.000,875.000,-1,-1,2,0,2,0,2,0,0,0,0,2,2,2,2,0,0,2,2
122,-7566.007,7465.761,68.305,3.565,0.998030,-0.062151,0.008601,0.061843,0.997560,0.032406,-0.010594,-0.031810,0.999438,0,-0.35287,-0.55714,-21.172,-1.114,-1,400.000,-1,425.000,-1,325.000,325.000,300.000,300.000,-1,-1,-1,-1,775.000,875.000,-1,-1,2,0,2,0,2,0,0,0,0,2,2,2,2,0,0,2,2
123,-7591.956,7464.650,68.570,2.451,0.999058,-0.042739,0.007466,0.042472,0.998555,0.032940,-0.008863,-0.032592,0.999429,0,-0.43287,-0.55714,-25.972,-1.114,-1,400.000,-1,425.000,-1,325.000,325.000,300.000,300.000,-1,-1,-1,-1,775.000,875.000,-1,-1,2,0,2,0,2,0,0,0,0,2,2,2,2,0,0,2,2
124,-7622.314,7463.942,68.869,1.337,0.999709,-0.023312,0.006125,0.023093,0.999168,0.033616,-0.006903,-0.033464,0.999416,0,-0.50610,-0.55714,-30.366,-1.114,-1,400.000,-1,425.000,-1,325.000,325.000,300.000,300.000,-1,-1,-1,-1,800.000,900.000,-1,-1,2,0,2,0,2,0,0,0,0,2,2,2,2,0,0,2,2
125,-7652.679,7463.824,69.150,0.222,0.999981,-0.003877,0.004770,0.003711,0.999403,0.034347,-0.004900,-0.034329,0.999399,0,-0.50610,-0.55714,-30.366,-1.114,-1,400.000,-1,425.000,-1,325.000,325.000,300.000,300.000,-1,-1,-1,-1,800.000,900.000,-1,-1,2,0,2,0,2,0,0,0,0,2,2,2,2,0,0,2,2
126,-7683.042,7464.297,69.413,-0.892,0.999873,0.015558,0.003405,-0.015669,0.999260,0.035135,-0.002856,-0.035184,0.999377,0,-0.50610,-0.55714,-30.366,-1.114,-1,400.000,-1,425.000,-1,325.000,325.000,300.000,300.000,-1,-1,-1,-1,800.000,925.000,-1,-1,2,0,2,0,2,0,0,0,0,2,2,2,2,0,0,2,2
127,-7713.389,7465.361,69.657,-2.006,0.999386,0.034987,0.002031,-0.035037,0.998738,0.035978,-0.000770,-0.036027,0.999351,0,-0.50610,-0.55714,-30.366,-1.114,-1,400.000,-1,425.000,-1,325.000,350.000,300.000,300.000,-1,-1,-1,-1,825.000,925.000,-1,-1,2,0,2,0,2,0,0,0,0,2,2,2,2,0,0,2,2
128,-7743.710,7467.014,69.880,-3.121,0.998519,0.054401,0.000653,-0.054388,0.997839,0.036877,0.001355,-0.036858,0.999320,0,-0.50610,-0.55714,-30.366,-1.114,-1,400.000,-1,425.000,-1,325.000,350.000,300.000,300.000,-1,-1,-1,-1,825.000,950.000,-1,-1,2,0,2,0,2,0,0,0,0,2,2,2,2,0,0,2,2
129,-7773.994,7469.257,70.082,-4.235,0.997273,0.073793,-0.000729,-0.073713,0.996562,0.037831,0.003518,-0.037674,0.999284,0,-0.50610,-0.55714,-30.366,-1.114,-1,400.000,-1,425.000,-1,325.000,350.000,300.000,300.000,-1,-1,-1,-1,825.000,950.000,-1,-1,2,0,2,0,2,0,0,0,0,2,2,2,2,0,0,2,2
130,-7804.227,7472.088,70.260,-5.349,0.995649,0.093156,-0.002112,-0.093004,0.994908,0.038839,0.005719,-0.038474,0.999243,0,-0.50610,-0.55714,-30.366,-1.114,-1,425.000,-1,425.000,-1,325.000,350.000,300.000,300.000,-1,-1,-1,-1,850.000,975.000,-1,-1,2,0,2,0,2,0,0,0,0,2,2,2,2,0,0,2,2
131,-7834.400,7475.506,70.414,-6.463,0.993648,0.112483,-0.003491,-0.112255,0.992878,0.039902,0.007955,-0.039256,0.999198,0,-0.50610,-0.55714,-30.366,-1.114,-1,425.000,-1,425.000,-1,350.000,350.000,300.000,300.000,-1,-1,-1,-1,850.000,975.000,-1,-1,2,0,2,0,2,0,0,0,0,2,2,2,2,0,0,2,2
132,-7864.501,7479.510,70.186,-7.578,0.991269,0.131772,-0.004649,-0.131487,0.990524,0.039657,0.009830,-0.038700,0.999203,0,-0.50610,-0.55714,-30.366,-1.114,-1,425.000,-1,425.000,-1,350.000,350.000,300.000,300.000,-1,-1,-1,-1,850.000,975.000,-1,-1,2,0,2,0,2,0,0,0,0,2,2,2,2,0,0,2,2
133,-7894.519,7484.098,69.755,-8.692,0.988511,0.151017,-0.006270,-0.150665,0.987821,0.038865,0.012063,-0.037474,0.999225,0,-0.50610,-0.55714,-30.366,-1.114,-1,425.000,-1,425.000,-1,350.000,350.000,300.000,300.000,-1,-1,-1,-1,875.000,975.000,-1,-1,2,0,2,0,2,0,0,0,0,2,2,2,2,0,0,2,2
134,-7924.441,7489.270,69.201,-9.806,0.985380,0.170204,-0.007562,-0.169796,0.984728,0.038484,0.013996,-0.036638,0.999231,0,-0.50610,-0.55714,-30.366,-1.114,-1,425.000,-1,425.000,-1,350.000,350.000,300.000,300.000,-1,-1,-1,-1,875.000,975.000,-1,-1,2,0,2,0,2,0,0,0,0,2,2,2,2,0,0,2,2
135,-7954.257,7495.022,68.444,-10.921,0.981875,0.189322,-0.008862,-0.188848,0.981236,0.038877,0.016056,-0.036499,0.999205,0,-0.50610,-0.55714,-30.366,-1.114,-1,425.000,-1,425.000,-1,350.000,350.000,300.000,300.000,-1,-1,-1,-1,875.000,975.000,-1,-1,2,0,2,0,2,0,0,0,0,2,2,2,2,0,0,2,2
