timestep,x_cm,y_cm,z_cm,yaw_deg,basis_xx,basis_xy,basis_xz,basis_yx,basis_yy,basis_yz,basis_zx,basis_zy,basis_zz,teleport_flag,throttle_cmd,steering_cmd,cmd_move_cm,cmd_turn_deg,lidar_cm_0,lidar_cm_1,lidar_cm_2,lidar_cm_3,lidar_cm_4,lidar_cm_5,lidar_cm_6,lidar_cm_7,lidar_cm_8,lidar_cm_9,lidar_cm_10,lidar_cm_11,lidar_cm_12,lidar_cm_13,lidar_cm_14,lidar_cm_15,lidar_cm_16,lidar_class_0,lidar_class_1,lidar_class_2,lidar_class_3,lidar_class_4,lidar_class_5,lidar_class_6,lidar_class_7,lidar_class_8,lidar_class_9,lidar_class_10,lidar_class_11,lidar_class_12,lidar_class_13,lidar_class_14,lidar_class_15,lidar_class_16
0,-323.235,-6232.190,-83.104,-10.011,0.983618,0.173773,0.047946,-0.172077,0.984369,-0.037504,-0.053714,0.028639,0.998146,1,0.08000,0.12000,4.800,0.240,-1,400.000,-1,400.000,-1,325.000,325.000,275.000,300.000,-1,-1,-1,-1,750.000,725.000,-1,-1,2,0,2,0,2,0,0,0,0,2,2,2,2,0,0,2,2
1,-313.768,-6233.779,-83.605,-9.531,0.985046,0.165518,0.047841,-0.163818,0.985777,-0.037522,-0.053372,0.029124,0.998150,0,0.16000,0.24000,9.600,0.480,-1,400.000,-1,400.000,-1,325.000,325.000,275.000,300.000,-1,-1,-1,-1,750.000,725.000,-1,-1,2,0,2,0,2,0,0,0,0,2,2,2,2,0,0,2,2
2,-299.538,-6235.985,-84.353,-8.811,0.987058,0.153114,0.047680,-0.151408,0.987757,-0.037561,-0.052847,0.029856,0.998156,0,0.24000,0.36000,14.400,0.720,-1,400.000,-1,400.000,-1,325.000,325.000,275.000,300.000,-1,-1,-1,-1,750.000,725.000,-1,-1,2,0,2,0,2,0,0,0,0,2,2,2,2,0,0,2,2
3,-280.518,-6238.607,-85.343,-7.851,0.989497,0.136539,0.047456,-0.134825,0.990154,-0.037637,-0.052128,0.030844,0.998164,0,0.32000,0.48000,19.200,0.960,-1,400.000,-1,400.000,-1,325.000,325.000,275.000,300.000,-1,-1,-1,-1,750.000,725.000,-1,-1,2,0,2,0,2,0,0,0,0,2,2,2,2,0,0,2,2
4,-256.680,-6241.387,-86.569,-6.651,0.992156,0.115768,0.047165,-0.114043,0.992758,-0.037770,-0.051196,0.032094,0.998173,0,0.40000,0.60000,24.000,1.200,-1,400.000,-1,400.000,-1,325.000,325.000,275.000,300.000,-1,-1,1000.000,-1,750.000,750.000,-1,-1,2,0,2,0,2,0,0,0,0,2,2,0,2,0,0,2,2
5,-227.999,-6244.002,-88.022,-5.211,0.994771,0.090779,0.046805,-0.089040,0.995303,-0.037986,-0.050033,0.033620,0.998182,0,0.48000,0.72000,28.800,1.440,-1,400.000,-1,400.000,-1,325.000,325.000,275.000,300.000,-1,-1,950.000,-1,750.000,750.000,-1,-1,2,0,2,0,2,0,0,0,0,2,2,0,2,0,0,2,2
6,-194.463,-6246.071,-89.692,-3.531,0.997026,0.061557,0.046374,-0.059802,0.997474,-0.038321,-0.048615,0.035433,0.998189,0,0.56000,0.84000,33.600,1.680,-1,400.000,-1,400.000,-1,325.000,325.000,275.000,300.000,-1,-1,900.000,-1,750.000,750.000,-1,-1,2,0,2,0,2,0,0,0,0,2,2,0,2,0,0,2,2
7,-156.078,-6247.150,-91.565,-1.611,0.998552,0.028100,0.045877,-0.026327,0.998899,-0.038816,-0.046917,0.037552,0.998193,0,0.64000,0.96000,38.400,1.920,-1,400.000,-1,400.000,-1,325.000,325.000,300.000,300.000,-1,-1,875.000,-1,750.000,750.000,-1,-1,2,0,2,0,2,0,0,0,0,2,2,0,2,0,0,2,2
8,-112.880,-6246.856,-93.628,0.388,0.998949,-0.006765,0.045332,0.008559,0.999183,-0.039496,-0.045028,0.039843,0.998191,0,0.72000,0.99964,43.200,1.999,-1,400.000,-1,400.000,-1,325.000,325.000,300.000,300.000,-1,975.000,850.000,-1,750.000,750.000,-1,-1,2,0,2,0,2,0,0,0,0,2,0,0,2,0,0,2,2
9,-64.922,-6244.855,-95.865,2.388,0.998130,-0.041628,0.044758,0.043443,0.998239,-0.040389,-0.042998,0.042258,0.998181,0,0.80000,1.00000,48.000,2.000,-1,400.000,-1,400.000,-1,325.000,325.000,300.000,300.000,-1,950.000,825.000,-1,750.000,750.000,-1,-1,2,0,2,0,2,0,0,0,0,2,0,0,2,0,0,2,2
10,-12.277,-6240.814,-98.218,4.388,0.996091,-0.076432,0.044287,0.078270,0.996073,-0.041369,-0.040951,0.044674,0.998162,0,0.88000,1.00000,52.800,2.000,-1,400.000,-1,400.000,-1,325.000,325.000,300.000,300.000,-1,925.000,825.000,-1,750.000,775.000,-1,-1,2,0,2,0,2,0,0,0,0,2,0,0,2,0,0,2,2
11,42.021,-6234.734,-100.422,6.388,0.992818,-0.111137,0.044281,0.113002,0.992702,-0.042111,-0.039277,0.046813,0.998131,0,0.91064,1.00000,54.638,2.000,-1,400.000,-1,400.000,-1,325.000,325.000,300.000,275.000,-1,950.000,850.000,-1,725.000,775.000,-1,-1,2,0,2,0,2,0,0,0,0,2,0,0,2,0,0,2,2
12,96.097,-6226.759,-102.528,8.388,0.988330,-0.145698,0.044445,0.147601,0.988110,-0.043040,-0.037646,0.049097,0.998084,0,0.91102,1.00000,54.661,2.000,-1,400.000,-1,400.000,-1,325.000,325.000,300.000,275.000,-1,975.000,875.000,-1,725.000,775.000,-1,-1,2,0,2,0,2,0,0,0,0,2,0,0,2,0,0,2,2
13,149.886,-6216.897,-104.549,10.388,0.982638,-0.180073,0.044677,0.182017,0.982306,-0.044096,-0.035946,0.051462,0.998028,0,0.91142,1.00000,54.685,2.000,-1,400.000,-1,400.000,-1,325.000,325.000,300.000,275.000,-1,1000.000,925.000,-1,725.000,775.000,-1,-1,2,0,2,0,2,0,0,0,0,2,0,0,2,0,0,2,2
14,203.322,-6205.158,-106.481,12.388,0.975750,-0.214217,0.044987,0.216206,0.975297,-0.045277,-0.034177,0.053905,0.997961,0,0.91185,1.00000,54.711,2.000,-1,375.000,-1,400.000,-1,325.000,325.000,300.000,275.000,-1,-1,950.000,-1,725.000,775.000,-1,-1,2,0,2,0,2,0,0,0,0,2,2,0,2,0,0,2,2
15,256.342,-6191.555,-108.321,14.388,0.967673,-0.248090,0.045390,0.250126,0.967092,-0.046578,-0.032341,0.056426,0.997883,0,0.91230,1.00000,54.738,2.000,-1,375.000,-1,400.000,-1,325.000,325.000,300.000,275.000,-1,-1,975.000,-1,725.000,775.000,-1,-1,2,0,2,0,2,0,0,0,0,2,2,0,2,0,0,2,2
16,308.883,-6176.101,-110.067,16.388,0.958420,-0.281647,0.045899,0.283734,0.957701,-0.047995,-0.030440,0.059023,0.997792,0,0.91278,1.00000,54.767,2.000,-1,375.000,-1,400.000,-1,325.000,325.000,300.000,275.000,-1,-1,975.000,-1,725.000,775.000,-1,-1,2,0,2,0,2,0,0,0,0,2,2,0,2,0,0,2,2
17,360.880,-6158.814,-111.715,18.388,0.948001,-0.314848,0.046526,0.316991,0.947135,-0.049521,-0.028475,0.061694,0.997689,0,0.91327,1.00000,54.796,2.000,-1,375.000,-1,400.000,-1,325.000,325.000,300.000,275.000,-1,-1,975.000,-1,700.000,775.000,-1,-1,2,0,2,0,2,0,0,0,0,2,2,0,2,0,0,2,2
18,412.271,-6139.712,-113.262,20.388,0.936431,-0.347650,0.047284,0.349853,0.935407,-0.051149,-0.026448,0.064440,0.997571,0,0.91379,1.00000,54.828,2.000,-1,375.000,-1,400.000,-1,325.000,325.000,300.000,275.000,-1,-1,975.000,-1,700.000,750.000,-1,-1,2,0,2,0,2,0,0,0,0,2,2,0,2,0,0,2,2
19,462.995,-6118.815,-114.591,22.388,0.923746,-0.380024,0.047706,0.382252,0.922559,-0.052605,-0.024020,0.066829,0.997475,0,0.91433,1.00000,54.860,2.000,-1,375.000,-1,400.000,-1,325.000,325.000,300.000,275.000,-1,-1,950.000,-1,700.000,750.000,-1,-1,2,0,2,0,2,0,0,0,0,2,2,0,2,0,0,2,2
20,512.989,-6096.148,-115.503,24.388,0.909995,-0.411953,0.046951,0.414107,0.908654,-0.053511,-0.020618,0.068138,0.997463,0,0.91490,1.00000,54.894,2.000,-1,375.000,-1,400.000,-1,325.000,325.000,300.000,275.000,-1,-1,900.000,-1,700.000,750.000,-1,-1,2,0,2,0,2,0,0,0,0,2,2,0,2,0,0,2,2
21,562.192,-6071.734,-116.292,26.388,0.895143,-0.443373,0.046250,0.445449,0.893642,-0.054580,-0.017132,0.069459,0.997438,0,0.91548,1.00000,54.929,2.000,-1,375.000,-1,400.000,-1,325.000,325.000,300.000,300.000,-1,1000.000,850.000,-1,700.000,750.000,-1,-1,2,0,2,0,2,0,0,0,0,2,0,0,2,0,0,2,2
22,610.546,-6045.600,-116.957,28.388,0.879208,-0.474245,0.045649,0.476243,0.877541,-0.055800,-0.013596,0.070800,0.997398,0,0.91608,1.00000,54.965,2.000,1000.000,375.000,-1,400.000,-1,325.000,325.000,300.000,300.000,-1,950.000,825.000,-1,700.000,750.000,-1,-1,1,0,2,0,2,0,0,0,0,2,0,0,2,0,0,2,2
23,657.990,-6017.776,-117.487,30.388,0.862212,-0.504534,0.045128,0.506450,0.860374,-0.057148,-0.009994,0.072129,0.997345,0,0.91670,1.00000,55.002,2.000,950.000,375.000,-1,400.000,-1,325.000,325.000,300.000,300.000,-1,925.000,750.000,-1,700.000,750.000,-1,-1,1,0,2,0,2,0,0,0,0,2,0,0,2,0,0,2,2
24,704.950,-5987.986,-117.879,32.388,0.844175,-0.534202,0.044672,0.536030,0.842161,-0.058624,-0.006304,0.073434,0.997280,0,0.92688,1.00000,55.613,2.000,900.000,375.000,-1,400.000,-1,325.000,325.000,300.000,300.000,-1,875.000,700.000,-1,725.000,750.000,-1,-1,1,0,2,0,2,0,0,0,0,2,0,0,2,0,0,2,2
25,750.943,-5956.506,-118.085,34.388,0.825129,-0.563208,0.044269,0.564940,0.822917,-0.060428,-0.002396,0.074870,0.997190,0,0.92894,1.00000,55.736,2.000,850.000,375.000,-1,400.000,-1,325.000,325.000,300.000,300.000,-1,825.000,650.000,-1,725.000,750.000,-1,-1,1,0,2,0,2,0,0,0,0,2,0,0,2,0,0,2,2
26,795.912,-5923.364,-118.139,36.388,0.805095,-0.591520,0.043889,0.593144,0.802673,-0.062420,0.001695,0.076286,0.997085,0,0.93105,1.00000,55.863,2.000,800.000,375.000,-1,400.000,-1,325.000,325.000,300.000,300.000,-1,775.000,600.000,-1,725.000,750.000,-1,-1,1,0,2,0,2,0,0,0,0,2,0,0,2,0,0,2,2
27,836.067,-5891.822,-118.071,38.148,0.786667,-0.615834,0.043634,0.617354,0.784051,-0.064328,0.005405,0.077542,0.996974,0,0.85105,0.88000,51.063,1.760,750.000,375.000,-1,400.000,-1,325.000,325.000,300.000,300.000,-1,725.000,575.000,-1,725.000,750.000,-1,-1,1,0,2,0,2,0,0,0,0,2,0,0,2,0,0,2,2
28,873.264,-5860.900,-117.907,39.734,0.769432,-0.637247,0.043475,0.638667,0.766630,-0.066204,0.008859,0.078705,0.996859,0,0.80621,0.79327,48.373,1.587,725.000,375.000,-1,400.000,-1,325.000,325.000,300.000,300.000,-1,700.000,550.000,-1,750.000,750.000,-1,-1,1,0,2,0,2,0,0,0,0,2,0,0,2,0,0,2,2
29,909.674,-5828.883,-117.553,41.324,0.751565,-0.658231,0.043376,0.659547,0.748605,-0.067738,0.012116,0.079518,0.996760,0,0.80808,0.79499,48.485,1.590,675.000,400.000,-1,400.000,-1,325.000,325.000,300.000,300.000,-1,675.000,525.000,-1,750.000,750.000,925.000,-1,1,0,2,0,2,0,0,0,0,2,0,0,2,1,0,1,2
30,945.263,-5795.791,-116.803,42.918,0.733044,-0.678805,0.043247,0.680025,0.730025,-0.068048,0.014620,0.079291,0.996744,0,0.80998,0.79672,48.599,1.593,650.000,400.000,-1,400.000,-1,325.000,325.000,300.000,300.000,-1,675.000,550.000,-1,725.000,750.000,825.000,-1,1,0,2,0,2,0,0,0,0,2,0,0,2,1,0,1,2
31,979.999,-5761.638,-115.937,44.515,0.713917,-0.698902,0.043109,0.700020,0.710841,-0.068382,0.017149,0.078996,0.996727,0,0.81190,0.79846,48.714,1.597,600.000,400.000,-1,400.000,-1,325.000,325.000,300.000,300.000,-1,700.000,575.000,-1,700.000,750.000,750.000,-1,1,0,2,0,2,0,0,0,0,2,0,0,2,1,0,1,2
32,1013.848,-5726.445,-114.960,46.115,0.694195,-0.718504,0.042961,0.719518,0.691065,-0.068720,0.019686,0.078616,0.996711,0,0.81384,0.80019,48.831,1.600,575.000,400.000,-1,400.000,-1,325.000,325.000,300.000,300.000,-1,700.000,600.000,-1,675.000,750.000,675.000,-1,1,0,2,0,2,0,0,0,0,2,0,0,2,1,0,1,2
33,1046.778,-5690.231,-113.877,47.719,0.673889,-0.737591,0.042809,0.738497,0.670708,-0.069083,0.022243,0.078169,0.996692,0,0.81580,0.80194,48.948,1.604,525.000,400.000,-1,400.000,-1,325.000,325.000,300.000,300.000,-1,725.000,625.000,-1,650.000,750.000,625.000,-1,1,0,2,0,2,0,0,0,0,2,0,0,2,1,0,1,2
34,1078.756,-5653.019,-112.678,49.326,0.653011,-0.756147,0.042637,0.756942,0.649782,-0.069438,0.024800,0.077618,0.996675,0,0.81776,0.80370,49.066,1.607,475.000,400.000,-1,400.000,-1,325.000,325.000,300.000,300.000,-1,750.000,625.000,-1,625.000,750.000,575.000,-1,1,0,2,0,2,0,0,0,0,2,0,0,2,1,0,1,2
35,1109.749,-5614.830,-111.358,50.937,0.631570,-0.774156,0.042434,0.774836,0.628300,-0.069770,0.027351,0.076944,0.996660,0,0.81974,0.80548,49.184,1.611,450.000,400.000,-1,400.000,-1,325.000,325.000,300.000,300.000,-1,750.000,650.000,-1,600.000,750.000,525.000,-1,1,0,2,0,2,0,0,0,0,2,0,0,2,1,0,1,2
36,1139.727,-5575.690,-109.929,52.552,0.609580,-0.791598,0.042260,0.792162,0.606273,-0.070081,0.029855,0.076197,0.996646,0,0.82171,0.80729,49.303,1.615,400.000,400.000,-1,400.000,-1,325.000,325.000,300.000,300.000,-1,775.000,675.000,-1,575.000,750.000,475.000,-1,1,1,2,0,2,0,0,0,0,2,0,0,2,1,0,1,2
37,1168.657,-5535.622,-108.393,54.170,0.587051,-0.808454,0.042113,0.808905,0.583713,-0.070370,0.032309,0.075376,0.996632,0,0.82368,0.80912,49.421,1.618,375.000,375.000,-1,400.000,-1,325.000,325.000,300.000,300.000,-1,800.000,700.000,-1,550.000,750.000,425.000,-1,1,1,2,0,2,0,0,0,0,2,0,0,2,1,0,1,2
38,1196.507,-5494.654,-106.749,55.792,0.563999,-0.824708,0.041988,0.825046,0.560634,-0.070635,0.034713,0.074480,0.996618,0,0.82565,0.81099,49.539,1.622,325.000,350.000,-1,400.000,-1,325.000,325.000,300.000,300.000,-1,800.000,725.000,-1,500.000,750.000,375.000,-1,1,1,2,0,2,0,0,0,0,2,0,0,2,1,0,1,2
39,1223.247,-5452.814,-104.997,57.418,0.540435,-0.840343,0.041883,0.840569,0.537048,-0.070876,0.037067,0.073510,0.996605,0,0.82759,0.81291,49.655,1.626,300.000,350.000,-1,400.000,-1,325.000,325.000,300.000,300.000,-1,825.000,750.000,-1,475.000,750.000,325.000,-1,1,1,2,0,2,1,0,0,0,2,0,0,2,1,0,1,2
40,1248.845,-5410.132,-103.087,59.048,0.516375,-0.855329,0.042057,0.855465,0.512963,-0.071058,0.039205,0.072671,0.996585,0,0.82951,0.81488,49.771,1.630,250.000,325.000,-1,400.000,-1,300.000,325.000,300.000,300.000,-1,850.000,775.000,-1,450.000,750.000,275.000,-1,1,1,2,0,2,1,1,0,0,2,0,0,2,1,0,1,2
41,1273.271,-5366.639,-101.050,60.682,0.491832,-0.869667,0.042202,0.869709,0.488401,-0.071208,0.041316,0.071726,0.996568,0,0.83140,0.81691,49.884,1.634,225.000,300.000,-1,400.000,-1,300.000,325.000,300.000,300.000,-1,875.000,825.000,-1,425.000,750.000,225.000,-1,1,1,2,0,2,1,0,0,0,2,0,0,2,1,0,1,2
42,1296.491,-5322.365,-97.762,62.320,0.467160,-0.883051,0.044529,0.882920,0.463226,-0.076644,0.047053,0.075121,0.996064,0,0.83324,0.81901,49.994,1.638,175.000,300.000,-1,400.000,-1,275.000,325.000,325.000,300.000,-1,850.000,775.000,-1,425.000,775.000,200.000,-1,1,1,2,0,2,1,0,0,0,2,0,0,2,1,0,1,2
43,1318.463,-5277.337,-91.059,63.962,0.443329,-0.894701,0.054490,0.894119,0.437108,-0.097406,0.063331,0.091903,0.993752,0,0.83502,0.82120,50.101,1.642,175.000,300.000,-1,425.000,-1,300.000,350.000,350.000,275.000,-1,550.000,425.000,-1,450.000,850.000,200.000,-1,1,1,2,0,2,1,0,0,0,2,0,0,2,1,0,1,2
44,1339.171,-5231.602,-84.393,65.609,0.419468,-0.905421,0.065262,0.904330,0.410545,-0.116789,0.078950,0.108007,0.991010,0,0.83674,0.82349,50.204,1.647,175.000,325.000,-1,450.000,-1,325.000,400.000,400.000,275.000,-1,400.000,250.000,1000.000,475.000,925.000,200.000,-1,1,1,2,0,2,1,0,0,0,2,0,0,0,1,0,1,2
45,1358.586,-5185.197,-77.733,67.261,0.395596,-0.915204,0.076854,0.913601,0.383573,-0.134924,0.094003,0.123589,0.987871,0,0.83837,0.82590,50.302,1.652,175.000,325.000,-1,500.000,-1,350.000,425.000,400.000,275.000,-1,325.000,150.000,825.000,500.000,950.000,200.000,-1,1,1,2,0,2,1,0,1,0,2,0,0,0,1,1,1,2
46,1376.681,-5138.164,-71.028,68.918,0.371735,-0.924033,0.089311,0.921972,0.356226,-0.151889,0.108535,0.138805,0.984354,0,0.83989,0.82844,50.393,1.657,175.000,350.000,-1,525.000,-1,375.000,450.000,400.000,250.000,-1,275.000,125.000,625.000,525.000,900.000,200.000,-1,1,1,2,0,2,1,0,1,0,2,0,0,0,1,1,1,2
47,1393.428,-5090.546,-64.279,70.580,0.347937,-0.931880,0.102664,0.929449,0.328532,-0.167900,0.122734,0.153839,0.980444,0,0.84129,0.83114,50.477,1.662,150.000,350.000,1000.000,550.000,-1,400.000,475.000,375.000,250.000,-1,250.000,75.000,475.000,550.000,850.000,200.000,-1,1,1,1,0,2,1,0,1,0,2,0,0,0,1,1,1,2
48,1408.801,-5042.389,-57.456,72.248,0.324254,-0.938708,0.116988,0.936043,0.300518,-0.183065,0.136687,0.168866,0.976115,0,0.84254,0.83401,50.552,1.668,150.000,350.000,975.000,600.000,-1,425.000,525.000,375.000,250.000,-1,225.000,50.000,400.000,550.000,800.000,200.000,-1,1,1,1,0,2,1,0,1,0,2,0,0,0,1,1,1,2
49,1422.774,-4993.741,-50.523,73.922,0.300753,-0.944472,0.132361,0.941754,0.272212,-0.197484,0.150488,0.184046,0.971329,0,0.84361,0.83709,50.617,1.674,150.000,375.000,950.000,600.000,-1,450.000,525.000,350.000,225.000,-1,225.000,50.000,325.000,525.000,750.000,175.000,950.000,1,1,1,1,2,1,1,1,0,2,0,0,0,1,1,1,1
50,1435.321,-4944.653,-43.440,75.603,0.277515,-0.949116,0.148875,0.946581,0.243639,-0.211245,0.164224,0.199546,0.966029,0,0.84448,0.84039,50.669,1.681,150.000,375.000,900.000,575.000,-1,450.000,500.000,350.000,225.000,-1,200.000,25.000,275.000,525.000,725.000,175.000,875.000,1,1,1,1,2,1,1,1,0,2,0,0,0,1,1,1,1
51,1446.419,-4895.180,-36.173,77.291,0.254636,-0.952572,0.166634,0.950519,0.214830,-0.224414,0.177973,0.215533,0.960141,0,0.84509,0.84397,50.706,1.688,125.000,375.000,875.000,525.000,950.000,425.000,475.000,325.000,225.000,-1,200.000,25.000,225.000,525.000,675.000,175.000,825.000,1,1,1,1,1,1,1,1,0,2,0,0,0,1,1,1,1
52,6887.288,-9511.015,-206.732,38.618,0.781152,-0.624090,0.017711,0.623538,0.781271,0.028559,-0.031661,-0.011266,0.999435,1,0.00000,0.00000,50.725,1.696,-1,400.000,-1,400.000,-1,325.000,325.000,325.000,300.000,-1,-1,-1,-1,775.000,725.000,-1,-1,2,0,2,0,2,0,0,0,0,2,2,2,2,0,0,2,2
53,6891.026,-9508.003,-206.888,38.858,0.778529,-0.627357,0.017751,0.626802,0.778651,0.028663,-0.031804,-0.011188,0.999432,0,0.08000,0.12000,4.800,0.240,-1,400.000,-1,400.000,-1,325.000,325.000,325.000,300.000,-1,-1,-1,-1,775.000,725.000,-1,-1,2,0,2,0,2,0,0,0,0,2,2,2,2,0,0,2,2
54,6898.451,-9501.918,-207.201,39.338,0.773243,-0.633860,0.017826,0.633298,0.773369,0.028872,-0.032087,-0.011036,0.999424,0,0.16000,0.24000,9.600,0.480,-1,400.000,-1,400.000,-1,325.000,325.000,325.000,300.000,-1,-1,-1,-1,775.000,725.000,-1,-1,2,0,2,0,2,0,0,0,0,2,2,2,2,0,0,2,2
55,6909.493,-9492.675,-207.671,39.932,0.766625,-0.641845,0.017904,0.641274,0.766757,0.029184,-0.032459,-0.010892,0.999414,0,0.24000,0.29704,14.400,0.594,-1,400.000,-1,400.000,-1,325.000,325.000,325.000,300.000,-1,-1,-1,-1,775.000,725.000,-1,-1,2,0,2,0,2,0,0,0,0,2,2,2,2,0,0,2,2
56,6924.087,-9480.199,-208.302,40.523,0.759961,-0.649721,0.017956,0.649137,0.760096,0.029592,-0.032875,-0.010833,0.999401,0,0.32000,0.29552,19.200,0.591,-1,400.000,-1,400.000,-1,325.000,325.000,325.000,300.000,-1,-1,-1,-1,775.000,725.000,-1,-1,2,0,2,0,2,0,0,0,0,2,2,2,2,0,0,2,2
57,6942.170,-9464.419,-209.091,41.111,0.753259,-0.657478,0.017975,0.656879,0.753395,0.030093,-0.033327,-0.010860,0.999385,0,0.40000,0.29368,24.000,0.587,-1,400.000,-1,400.000,-1,325.000,325.000,325.000,300.000,-1,-1,-1,-1,750.000,725.000,-1,-1,2,0,2,0,2,0,0,0,0,2,2,2,2,0,0,2,2
58,6963.675,-9445.262,-210.038,41.694,0.746523,-0.665118,0.017950,0.664501,0.746658,0.030676,-0.033805,-0.010972,0.999368,0,0.48000,0.29183,28.800,0.584,-1,400.000,-1,400.000,-1,325.000,325.000,325.000,300.000,-1,-1,-1,-1,750.000,725.000,-1,-1,2,0,2,0,2,0,0,0,0,2,2,2,2,0,0,2,2
59,6988.536,-9422.659,-211.174,42.276,0.739729,-0.672667,0.017883,0.672035,0.739862,0.031181,-0.034205,-0.011048,0.999354,0,0.56000,0.29101,33.600,0.582,-1,400.000,-1,375.000,-1,325.000,325.000,325.000,300.000,-1,-1,-1,-1,750.000,725.000,-1,-1,2,0,2,0,2,0,0,0,0,2,2,2,2,0,0,2,2
60,7016.685,-9396.541,-212.470,42.857,0.732881,-0.680125,0.017759,0.679477,0.733011,0.031720,-0.034591,-0.011180,0.999339,0,0.64000,0.29015,38.400,0.580,-1,400.000,-1,375.000,-1,325.000,325.000,325.000,300.000,-1,-1,-1,-1,750.000,700.000,-1,-1,2,0,2,0,2,0,0,0,0,2,2,2,2,0,0,2,2
61,7048.055,-9366.839,-213.924,43.435,0.725981,-0.687491,0.017569,0.686827,0.726104,0.032274,-0.034945,-0.011364,0.999325,0,0.72000,0.28928,43.200,0.579,-1,400.000,-1,375.000,-1,325.000,325.000,325.000,300.000,-1,-1,-1,-1,750.000,700.000,-1,-1,2,0,2,0,2,0,0,0,0,2,2,2,2,0,0,2,2
62,7082.576,-9333.488,-215.535,44.012,0.719029,-0.694764,0.017304,0.694085,0.719144,0.032824,-0.035249,-0.011591,0.999311,0,0.80000,0.28844,48.000,0.577,-1,400.000,-1,375.000,-1,325.000,325.000,325.000,300.000,-1,-1,-1,-1,725.000,700.000,-1,-1,2,0,2,0,2,0,0,0,0,2,2,2,2,0,0,2,2
63,7113.214,-9303.033,-216.980,44.829,0.709056,-0.704946,0.017041,0.704256,0.709166,0.033269,-0.035537,-0.011588,0.999301,0,0.72000,0.40844,43.200,0.817,-1,400.000,-1,375.000,-1,325.000,325.000,325.000,300.000,-1,-1,-1,-1,725.000,700.000,-1,-1,2,0,2,0,2,0,0,0,0,2,2,2,2,0,0,2,2
64,7139.966,-9275.484,-218.265,45.841,0.696503,-0.717358,0.016779,0.716660,0.696612,0.033631,-0.035814,-0.011399,0.999293,0,0.64000,0.50577,38.400,1.012,-1,400.000,-1,375.000,-1,325.000,325.000,325.000,300.000,-1,-1,-1,-1,725.000,700.000,-1,-1,2,0,2,0,2,0,0,0,1,2,2,2,2,0,0,2,2
65,7162.944,-9250.970,-219.336,46.852,0.683751,-0.729536,0.016160,0.728832,0.683846,0.034042,-0.035886,-0.011498,0.999290,0,0.56000,0.50548,33.600,1.011,-1,400.000,-1,375.000,-1,325.000,325.000,325.000,325.000,-1,-1,-1,-1,725.000,700.000,-1,-1,2,0,2,0,2,0,0,0,1,2,2,2,2,0,0,2,2
66,7182.267,-9229.614,-220.253,47.862,0.670788,-0.741485,0.015603,0.740778,0.670871,0.034353,-0.035939,-0.011485,0.999288,0,0.48000,0.50536,28.800,1.011,-1,375.000,-1,375.000,-1,325.000,325.000,325.000,325.000,-1,-1,-1,-1,725.000,700.000,-1,-1,2,0,2,0,2,0,0,0,1,2,2,2,2,0,0,2,2
67,7198.052,-9211.536,-221.021,48.873,0.657612,-0.753205,0.015133,0.752496,0.657688,0.034582,-0.036000,-0.011354,0.999287,0,0.40000,0.50536,24.000,1.011,-1,375.000,-1,375.000,-1,325.000,300.000,325.000,300.000,-1,-1,-1,-1,725.000,700.000,-1,-1,2,0,2,0,2,0,0,0,1,2,2,2,2,0,0,2,2
68,7210.423,-9196.853,-221.639,49.884,0.644226,-0.764693,0.014758,0.763984,0.644299,0.034747,-0.036079,-0.011110,0.999287,0,0.32000,0.50543,19.200,1.011,-1,375.000,-1,375.000,-1,325.000,300.000,325.000,300.000,-1,-1,-1,-1,725.000,675.000,-1,-1,2,0,2,0,2,0,0,0,0,2,2,2,2,0,0,2,2
69,7219.506,-9185.679,-222.106,50.895,0.630633,-0.775946,0.014481,0.775237,0.630707,0.034861,-0.036184,-0.010758,0.999287,0,0.24000,0.50555,14.400,1.011,-1,375.000,-1,375.000,-1,325.000,300.000,325.000,300.000,-1,-1,-1,-1,725.000,675.000,-1,-1,2,0,2,0,2,0,0,0,0,2,2,2,2,0,0,2,2
70,7225.429,-9178.124,-222.423,51.906,0.616836,-0.786961,0.014308,0.786253,0.616916,0.034935,-0.036320,-0.010299,0.999287,0,0.16000,0.50568,9.600,1.011,-1,375.000,-1,375.000,-1,325.000,300.000,300.000,300.000,-1,-1,-1,-1,725.000,675.000,-1,-1,2,0,2,0,2,0,0,0,0,2,2,2,2,0,0,2,2
71,7228.323,-9174.294,-222.586,52.918,0.602841,-0.797734,0.014242,0.797027,0.602930,0.034975,-0.036488,-0.009733,0.999287,0,0.08000,0.50578,4.800,1.012,-1,400.000,-1,375.000,-1,325.000,300.000,300.000,300.000,-1,-1,-1,-1,725.000,675.000,-1,-1,2,0,2,0,2,0,0,0,0,2,2,2,2,0,0,2,2
72,7228.323,-9174.294,-222.594,53.930,0.588651,-0.808261,0.014288,0.807554,0.588755,0.034984,-0.036688,-0.009055,0.999286,0,-0.00000,0.50585,-0.000,1.012,-1,400.000,-1,375.000,-1,325.000,300.000,300.000,300.000,-1,-1,-1,-1,725.000,675.000,-1,-1,2,0,2,0,2,0,0,0,0,2,2,2,2,0,0,2,2
73,7225.566,-9178.224,-222.444,54.941,0.574274,-0.818536,0.014447,0.817830,0.574396,0.034962,-0.036916,-0.008263,0.999284,0,-0.08000,0.50585,-4.800,1.012,-1,400.000,-1,375.000,-1,325.000,300.000,300.000,300.000,-1,-1,-1,-1,725.000,675.000,-1,-1,2,0,2,0,2,0,0,0,0,2,2,2,2,0,0,2,2
74,7220.191,-9186.178,-222.134,55.953,0.559715,-0.828554,0.014724,0.827851,0.559860,0.034906,-0.037165,-0.007348,0.999282,0,-0.16000,0.50577,-9.600,1.012,-1,400.000,-1,375.000,-1,325.000,325.000,300.000,300.000,-1,-1,-1,-1,725.000,675.000,-1,-1,2,0,2,0,2,0,0,0,0,2,2,2,2,0,0,2,2
75,7212.341,-9198.250,-221.658,56.964,0.544982,-0.838312,0.015124,0.837612,0.545155,0.034809,-0.037425,-0.006302,0.999280,0,-0.24000,0.50560,-14.400,1.011,-1,400.000,-1,375.000,-1,325.000,325.000,300.000,300.000,-1,-1,-1,-1,750.000,675.000,-1,-1,2,0,2,0,2,0,0,0,0,2,2,2,2,0,0,2,2
76,7204.214,-9211.244,-221.146,57.975,0.530084,-0.847802,0.015557,0.847108,0.530287,0.034698,-0.037667,-0.005215,0.999277,0,-0.25545,0.50534,-15.327,1.011,-1,400.000,-1,375.000,-1,325.000,325.000,300.000,300.000,-1,-1,-1,-1,750.000,675.000,-1,-1,2,0,2,0,2,0,0,0,0,2,2,2,2,0,0,2,2
77,7196.303,-9224.403,-220.626,58.985,0.515029,-0.857023,0.016001,0.856335,0.515261,0.034582,-0.037883,-0.004108,0.999274,0,-0.25589,0.50506,-15.353,1.010,-1,400.000,-1,375.000,-1,325.000,325.000,300.000,300.000,-1,-1,-1,-1,750.000,675.000,-1,-1,2,0,2,0,2,0,0,0,0,2,2,2,2,0,0,2,2
78,7188.611,-9237.722,-220.100,59.994,0.499822,-0.865972,0.016458,0.865291,0.500084,0.034461,-0.038073,-0.002983,0.999271,0,-0.25633,0.50476,-15.380,1.010,-1,400.000,-1,375.000,-1,325.000,325.000,300.000,300.000,-1,-1,-1,-1,750.000,675.000,-1,-1,2,0,2,0,2,0,0,0,0,2,2,2,2,0,0,2,2
79,7181.143,-9251.197,-219.567,61.003,0.484467,-0.874646,0.016928,0.873973,0.484759,0.034336,-0.038237,-0.001840,0.999267,0,-0.25678,0.50445,-15.407,1.009,-1,400.000,-1,375.000,-1,325.000,325.000,300.000,300.000,-1,-1,-1,-1,750.000,675.000,-1,-1,2,0,2,0,2,0,0,0,0,2,2,2,2,0,0,2,2
80,7173.900,-9264.825,-219.026,62.012,0.468972,-0.883042,0.017403,0.882379,0.469294,0.034205,-0.038371,-0.000685,0.999263,0,-0.25722,0.50414,-15.433,1.008,-1,400.000,-1,375.000,-1,325.000,325.000,325.000,300.000,-1,-1,-1,-1,750.000,700.000,-1,-1,2,0,2,0,2,0,0,0,0,2,2,2,2,0,0,2,2
81,7166.886,-9278.603,-218.458,63.019,0.453347,-0.891158,0.017707,0.890506,0.453693,0.034101,-0.038423,0.000309,0.999261,0,-0.25767,0.50382,-15.460,1.008,-1,400.000,-1,375.000,-1,325.000,325.000,325.000,300.000,-1,-1,-1,-1,750.000,700.000,-1,-1,2,0,2,0,2,0,0,0,0,2,2,2,2,0,0,2,2
82,7162.233,-9288.194,-218.064,64.120,0.436126,-0.899707,0.017931,0.899063,0.436492,0.034072,-0.038482,0.001261,0.999258,0,-0.17767,0.55027,-10.660,1.101,-1,400.000,-1,375.000,-1,325.000,325.000,325.000,300.000,-1,-1,-1,-1,775.000,700.000,-1,-1,2,0,2,0,2,0,0,0,0,2,2,2,2,0,0,2,2
83,7159.777,-9293.515,-217.841,65.220,0.418754,-0.907920,0.018074,0.907282,0.419138,0.034094,-0.038531,0.002121,0.999255,0,-0.09767,0.55003,-5.860,1.100,-1,400.000,-1,375.000,-1,325.000,325.000,325.000,300.000,-1,-1,-1,-1,775.000,700.000,-1,-1,2,0,2,0,2,0,0,0,0,2,2,2,2,0,0,2,2
84,7159.351,-9294.485,-217.791,66.320,0.401235,-0.915796,0.018131,0.915163,0.401634,0.034168,-0.038573,0.002883,0.999252,0,-0.01767,0.54989,-1.060,1.100,-1,400.000,-1,375.000,-1,325.000,325.000,325.000,300.000,-1,-1,-1,-1,775.000,700.000,-1,-1,2,0,2,0,2,0,0,0,0,2,2,2,2,0,0,2,2
85,7160.787,-9291.032,-217.914,67.419,0.383572,-0.923334,0.018096,0.922703,0.383982,0.034291,-0.038611,0.003544,0.999248,0,0.06233,0.54987,3.740,1.100,-1,400.000,-1,375.000,-1,325.000,325.000,325.000,300.000,-1,-1,-1,-1,775.000,700.000,-1,-1,2,0,2,0,2,0,0,0,0,2,2,2,2,0,0,2,2
86,7163.914,-9283.086,-218.212,68.519,0.365768,-0.930533,0.017964,0.929903,0.366186,0.034461,-0.038645,0.004100,0.999245,0,0.14233,0.54997,8.540,1.100,-1,400.000,-1,375.000,-1,325.000,325.000,300.000,300.000,-1,-1,-1,-1,775.000,700.000,-1,-1,2,0,2,0,2,0,0,0,0,2,2,2,2,0,0,2,2
87,7168.560,-9270.581,-218.684,69.620,0.347825,-0.937392,0.017732,0.936761,0.348247,0.034671,-0.038675,0.004551,0.999241,0,0.22233,0.55021,13.340,1.100,-1,400.000,-1,375.000,-1,325.000,325.000,300.000,300.000,-1,-1,-1,-1,775.000,700.000,-1,-1,2,0,2,0,2,0,0,0,0,2,2,2,2,0,0,2,2
88,7174.549,-9253.459,-219.329,70.721,0.329744,-0.943910,0.017396,0.943277,0.330166,0.034915,-0.038700,0.004896,0.999239,0,0.30233,0.55063,18.140,1.101,-1,400.000,-1,375.000,-1,325.000,325.000,300.000,300.000,-1,-1,-1,-1,775.000,700.000,-1,-1,2,0,2,0,2,0,0,0,0,2,2,2,2,0,0,2,2
89,7181.705,-9231.663,-220.169,71.823,0.311527,-0.950087,0.016892,0.949445,0.311944,0.035278,-0.038787,0.005048,0.999235,0,0.38233,0.55123,22.940,1.102,-1,400.000,-1,375.000,-1,325.000,325.000,300.000,300.000,-1,-1,-1,-1,775.000,700.000,-1,-1,2,0,2,0,2,0,0,0,0,2,2,2,2,0,0,2,2
90,7189.849,-9205.146,-221.191,72.927,0.293172,-0.955922,0.016250,0.955268,0.293578,0.035696,-0.038893,0.005059,0.999231,0,0.46233,0.55206,27.740,1.104,-1,400.000,-1,375.000,-1,325.000,325.000,300.000,300.000,-1,-1,-1,-1,775.000,700.000,-1,-1,2,0,2,0,2,0,0,0,0,2,2,2,2,0,0,2,2
91,7198.800,-9173.862,-222.389,74.034,0.274676,-0.961412,0.015478,0.960745,0.275068,0.036142,-0.039005,0.004943,0.999227,0,0.54233,0.55314,32.540,1.106,-1,400.000,-1,375.000,-1,325.000,325.000,300.000,300.000,-1,-1,-1,-1,775.000,700.000,-1,-1,2,0,2,0,2,0,0,0,0,2,2,2,2,0,0,2,2
92,7208.374,-9137.770,-223.765,75.143,0.256037,-0.966557,0.014583,0.965876,0.256408,0.036596,-0.039111,0.004716,0.999224,0,0.62233,0.55451,37.340,1.109,-1,400.000,-1,375.000,-1,325.000,325.000,300.000,300.000,-1,-1,-1,-1,775.000,700.000,-1,-1,2,0,2,0,2,0,0,0,0,2,2,2,2,0,0,2,2
93,7218.386,-9096.837,-225.415,76.255,0.237240,-0.971353,0.013835,0.970673,0.237595,0.036651,-0.038888,0.004734,0.999232,0,0.70233,0.55620,42.140,1.112,-1,400.000,-1,375.000,-1,325.000,325.000,300.000,300.000,-1,-1,-1,-1,775.000,700.000,-1,-1,2,0,2,0,2,0,0,0,0,2,2,2,2,0,0,2,2
94,7228.648,-9051.033,-227.229,77.372,0.218292,-0.975799,0.012869,0.975120,0.218624,0.036664,-0.038590,0.004545,0.999245,0,0.78233,0.55824,46.940,1.116,-1,400.000,-1,375.000,-1,325.000,325.000,300.000,300.000,-1,-1,-1,-1,775.000,700.000,-1,-1,2,0,2,0,2,0,0,0,0,2,2,2,2,0,0,2,2
95,7238.970,-9000.333,-229.210,78.493,0.199184,-0.979892,0.011736,0.979215,0.199486,0.036654,-0.038258,0.004191,0.999259,0,0.86233,0.56067,51.740,1.121,-1,400.000,-1,375.000,-1,325.000,325.000,300.000,300.000,-1,-1,-1,-1,800.000,700.000,-1,-1,2,0,2,0,2,0,0,0,0,2,2,2,2,0,0,2,2
96,7248.592,-8947.800,-231.219,79.620,0.179906,-0.983628,0.010504,0.982953,0.180174,0.036620,-0.037913,0.003737,0.999274,0,0.89012,0.56352,53.407,1.127,-1,400.000,-1,375.000,-1,325.000,325.000,300.000,300.000,-1,-1,-1,-1,800.000,675.000,-1,-1,2,0,2,0,2,0,0,0,0,2,2,2,2,0,0,2,2
97,7257.173,-8895.091,-233.210,80.753,0.160450,-0.987000,0.009278,0.986327,0.160685,0.036595,-0.037610,0.003279,0.999287,0,0.89005,0.56663,53.403,1.133,-1,400.000,-1,375.000,-1,325.000,325.000,300.000,300.000,-1,-1,-1,-1,800.000,675.000,-1,-1,2,0,2,0,2,0,0,0,0,2,2,2,2,0,0,2,2
98,7264.707,-8842.203,-235.187,81.893,0.140818,-0.990003,0.008056,0.989331,0.141020,0.036585,-0.037355,0.002819,0.999298,0,0.89037,0.56990,53.422,1.140,-1,400.000,-1,375.000,-1,325.000,325.000,300.000,300.000,-1,-1,-1,-1,800.000,675.000,-1,-1,2,0,2,0,2,0,0,0,0,2,2,2,2,0,0,2,2
99,7271.185,-8789.134,-237.153,83.040,0.121010,-0.992628,0.006840,0.991956,0.121181,0.036592,-0.037151,0.002357,0.999307,0,0.89104,0.57332,53.462,1.147,-1,400.000,-1,375.000,-1,325.000,325.000,300.000,300.000,-1,-1,-1,-1,800.000,675.000,-1,-1,2,0,2,0,2,0,0,0,0,2,2,2,2,0,0,2,2
100,7276.600,-8735.885,-239.112,84.193,0.101030,-0.994867,0.005630,0.994195,0.101169,0.036621,-0.037003,0.001897,0.999313,0,0.89206,0.57687,53.523,1.154,-1,400.000,-1,375.000,-1,325.000,325.000,300.000,300.000,-1,-1,-1,-1,825.000,675.000,-1,-1,2,0,2,0,2,0,0,0,0,2,2,2,2,0,0,2,2
101,7280.942,-8682.458,-241.068,85.355,0.080880,-0.996714,0.004424,0.996040,0.080988,0.036677,-0.036914,0.001440,0.999317,0,0.89340,0.58056,53.604,1.161,-1,400.000,-1,375.000,-1,325.000,325.000,300.000,300.000,-1,-1,-1,-1,825.000,675.000,-1,-1,2,0,2,0,2,0,0,0,0,2,2,2,2,0,0,2,2
102,7284.198,-8628.854,-243.024,86.523,0.060564,-0.998159,0.003224,0.997482,0.060642,0.036762,-0.036889,0.000989,0.999319,0,0.89504,0.58437,53.702,1.169,-1,400.000,-1,375.000,-1,325.000,325.000,300.000,300.000,-1,-1,-1,-1,825.000,675.000,-1,-1,2,0,2,0,2,0,0,0,0,2,2,2,2,0,0,2,2
103,7286.358,-8575.080,-244.984,87.700,0.040085,-0.999194,0.002027,0.998513,0.040133,0.036881,-0.036933,0.000546,0.999318,0,0.89696,0.58830,53.817,1.177,-1,400.000,-1,375.000,-1,325.000,325.000,300.000,300.000,-1,-1,-1,-1,825.000,675.000,-1,-1,2,0,2,0,2,0,0,0,0,2,2,2,2,0,0,2,2
104,7287.420,-8520.575,-246.990,88.883,0.019482,-0.999810,0.000620,0.999127,0.019492,0.036956,-0.036961,-0.000101,0.999317,0,0.90859,0.59159,54.515,1.183,-1,400.000,-1,375.000,-1,325.000,325.000,300.000,300.000,-1,-1,-1,-1,825.000,675.000,-1,-1,2,0,2,0,2,0,0,0,0,2,2,2,2,0,0,2,2
105,7287.352,-8466.063,-248.974,90.071,-0.001190,-0.999998,-0.001467,0.999319,-0.001243,0.036873,-0.036875,-0.001423,0.999319,0,0.90854,0.59404,54.513,1.188,-1,400.000,-1,375.000,-1,325.000,325.000,300.000,300.000,-1,-1,-1,-1,825.000,675.000,-1,-1,2,0,2,0,2,0,0,0,0,2,2,2,2,0,0,2,2
106,7286.149,-8411.549,-250.968,91.265,-0.021953,-0.999753,-0.003554,0.999078,-0.022069,0.036822,-0.036891,-0.002742,0.999316,0,0.90878,0.59669,54.527,1.193,-1,400.000,-1,375.000,-1,325.000,325.000,300.000,300.000,-1,-1,-1,-1,850.000,675.000,-1,-1,2,0,2,0,2,0,0,0,0,2,2,2,2,0,0,2,2
107,7283.803,-8357.040,-252.978,92.464,-0.042806,-0.999068,-0.005632,0.998397,-0.042984,0.036813,-0.037020,-0.004047,0.999306,0,0.90932,0.59951,54.559,1.199,-1,400.000,-1,375.000,-1,325.000,325.000,300.000,300.000,-1,-1,-1,-1,850.000,675.000,-1,-1,2,0,2,0,2,0,0,0,0,2,2,2,2,0,0,2,2
108,7280.833,-8307.370,-254.824,93.423,-0.059461,-0.998202,-0.007536,0.997536,-0.059700,0.036855,-0.037239,-0.005326,0.999292,0,0.82932,0.47951,49.759,0.959,-1,400.000,-1,375.000,-1,325.000,325.000,300.000,300.000,-1,-1,-1,-1,850.000,675.000,-1,-1,2,0,2,0,2,0,0,0,0,2,2,2,2,0,0,2,2
109,7277.283,-8258.356,-256.666,94.142,-0.071920,-0.997366,-0.009404,0.996705,-0.072221,0.036925,-0.037507,-0.006718,0.999274,0,0.81904,0.35951,49.143,0.719,-1,400.000,-1,375.000,-1,325.000,325.000,300.000,300.000,-1,-1,-1,-1,850.000,675.000,-1,-1,2,0,2,0,2,0,0,0,0,2,2,2,2,0,0,2,2
110,7273.318,-8209.299,-258.529,94.621,-0.080190,-0.996716,-0.011258,0.996063,-0.080556,0.037014,-0.037799,-0.008245,0.999251,0,0.82029,0.23951,49.217,0.479,-1,400.000,-1,375.000,-1,325.000,325.000,300.000,300.000,-1,-1,-1,-1,825.000,675.000,-1,-1,2,0,2,0,2,0,0,0,0,2,2,2,2,0,0,2,2
111,7269.141,-8160.171,-260.404,94.860,-0.084276,-0.996356,-0.013136,0.995713,-0.084712,0.037140,-0.038117,-0.009950,0.999224,0,0.82174,0.11951,49.304,0.239,-1,400.000,-1,375.000,-1,325.000,325.000,300.000,300.000,-1,-1,-1,-1,825.000,675.000,-1,-1,2,0,2,0,2,0,0,0,0,2,2,2,2,0,0,2,2
112,7264.808,-8110.960,-262.299,95.031,-0.087180,-0.996079,-0.015021,0.995450,-0.087687,0.037285,-0.038456,-0.011702,0.999192,0,0.82336,0.08561,49.402,0.171,-1,400.000,-1,375.000,-1,325.000,325.000,300.000,300.000,-1,-1,-1,-1,825.000,675.000,-1,-1,2,0,2,0,2,0,0,0,0,2,2,2,2,0,0,2,2
113,7260.313,-8061.659,-264.218,95.208,-0.090191,-0.995781,-0.016910,0.995167,-0.090771,0.037448,-0.038825,-0.013450,0.999155,0,0.82510,0.08877,49.506,0.178,-1,400.000,-1,375.000,1000.000,325.000,325.000,300.000,300.000,-1,-1,-1,-1,825.000,675.000,-1,-1,2,0,2,0,0,0,0,0,0,2,2,2,2,0,0,2,2
114,7255.650,-8012.261,-266.161,95.392,-0.093311,-0.995459,-0.018803,0.994864,-0.093966,0.037630,-0.039226,-0.015195,0.999115,0,0.82695,0.09199,49.617,0.184,-1,400.000,-1,375.000,975.000,325.000,325.000,300.000,300.000,-1,-1,-1,-1,825.000,650.000,-1,-1,2,0,2,0,0,0,0,0,0,2,2,2,2,0,0,2,2
115,7250.811,-7962.762,-268.131,95.583,-0.096542,-0.995114,-0.020701,0.994538,-0.097273,0.037832,-0.039661,-0.016935,0.999070,0,0.82891,0.09527,49.735,0.191,-1,400.000,-1,375.000,975.000,325.000,300.000,300.000,300.000,-1,-1,-1,-1,825.000,650.000,-1,-1,2,0,2,0,0,0,0,0,0,2,2,2,2,0,0,2,2
116,7245.803,-7913.254,-270.124,95.775,-0.099795,-0.994751,-0.022600,0.994199,-0.100604,0.038054,-0.040128,-0.018671,0.999020,0,0.82935,0.09599,49.761,0.192,-1,400.000,-1,375.000,950.000,325.000,300.000,300.000,300.000,-1,-1,-1,-1,825.000,650.000,-1,-1,2,0,2,0,0,0,0,0,0,2,2,2,2,0,0,2,2
117,7240.630,-7863.763,-271.961,95.967,-0.103022,-0.994361,-0.025143,0.993858,-0.103931,0.038018,-0.040416,-0.021072,0.998961,0,0.82935,0.09599,49.761,0.192,-1,400.000,-1,375.000,925.000,325.000,300.000,300.000,300.000,-1,-1,-1,-1,800.000,650.000,-1,-1,2,0,2,0,0,0,0,0,0,2,2,2,2,0,0,2,2
118,7235.290,-7814.289,-273.683,96.159,-0.106253,-0.993948,-0.027869,0.993529,-0.107256,0.037361,-0.040124,-0.023719,0.998913,0,0.82935,0.09599,49.761,0.192,-1,400.000,-1,375.000,925.000,325.000,300.000,300.000,300.000,-1,-1,-1,-1,800.000,650.000,-1,-1,2,0,2,0,0,0,0,0,0,2,2,2,2,0,0,2,2
119,7229.785,-7764.833,-275.371,96.351,-0.109504,-0.993525,-0.030280,0.993198,-0.110579,0.036461,-0.039573,-0.026082,0.998876,0,0.82935,0.09599,49.761,0.192,-1,400.000,-1,375.000,925.000,325.000,300.000,300.000,300.000,-1,-1,-1,-1,775.000,650.000,-1,-1,2,0,2,0,0,0,0,0,0,2,2,2,2,0,0,2,2
120,7224.114,-7715.397,-277.091,96.543,-0.112756,-0.993085,-0.032684,0.992855,-0.113900,0.035576,-0.039053,-0.028439,0.998832,0,0.82935,0.09599,49.761,0.192,-1,400.000,-1,375.000,925.000,325.000,300.000,300.000,300.000,-1,-1,-1,-1,775.000,650.000,-1,-1,2,0,2,0,0,0,0,0,0,2,2,2,2,0,0,2,2
121,7218.260,-7665.828,-278.851,96.733,-0.115983,-0.992631,-0.035086,0.992502,-0.117195,0.034706,-0.038562,-0.030798,0.998781,0,0.83189,0.09530,49.913,0.191,-1,400.000,-1,375.000,925.000,325.000,300.000,300.000,300.000,-1,-1,-1,-1,775.000,650.000,-1,-1,2,0,2,0,0,0,0,0,0,2,2,2,2,0,0,2,2
122,7212.219,-7616.080,-280.653,96.922,-0.119177,-0.992165,-0.037490,0.992142,-0.120453,0.033848,-0.038099,-0.033161,0.998724,0,0.83523,0.09432,50.114,0.189,-1,400.000,-1,375.000,925.000,325.000,300.000,300.000,300.000,-1,-1,-1,-1,775.000,650.000,-1,-1,2,0,2,0,0,0,0,0,0,2,2,2,2,0,0,2,2
123,7205.992,-7566.154,-282.500,97.109,-0.122335,-0.991687,-0.039894,0.991774,-0.123673,0.033004,-0.037664,-0.035529,0.998659,0,0.83855,0.09327,50.313,0.187,-1,400.000,-1,375.000,925.000,325.000,325.000,300.000,300.000,-1,-1,-1,-1,750.000,650.000,-1,-1,2,0,2,0,0,0,0,0,0,2,2,2,2,0,0,2,2
124,7199.579,-7516.051,-284.393,97.293,-0.125452,-0.991197,-0.042300,0.991400,-0.126851,0.032174,-0.037257,-0.037900,0.998587,0,0.84186,0.09215,50.512,0.184,-1,400.000,-1,375.000,925.000,325.000,325.000,300.000,300.000,-1,-1,-1,-1,750.000,625.000,-1,-1,2,0,2,0,0,0,0,0,0,2,2,2,2,0,0,2,2
125,7192.981,-7465.773,-286.296,97.475,-0.128539,-0.990704,-0.044543,0.991023,-0.129986,0.031259,-0.036758,-0.040125,0.998518,0,0.84515,0.09095,50.709,0.182,-1,400.000,-1,375.000,925.000,325.000,325.000,300.000,300.000,-1,-1,-1,-1,750.000,625.000,-1,975.000,2,0,2,0,0,0,0,0,0,2,2,2,2,0,0,2,1
126,7185.833,-7410.873,-288.376,97.417,-0.127479,-0.990732,-0.046899,0.991189,-0.128968,0.030203,-0.035972,-0.042636,0.998443,0,0.92272,-0.02905,55.363,-0.058,-1,400.000,-1,375.000,925.000,325.000,300.000,275.000,300.000,-1,-1,-1,-1,725.000,625.000,-1,925.000,2,0,2,0,0,0,0,0,0,2,2,2,2,0,0,2,1
127,7178.922,-7355.728,-290.491,97.141,-0.122653,-0.991223,-0.049325,0.991832,-0.124179,0.029154,-0.035023,-0.045346,0.998357,0,0.92627,-0.13801,55.576,-0.276,-1,400.000,-1,350.000,900.000,325.000,300.000,275.000,300.000,-1,-1,-1,-1,725.000,625.000,-1,900.000,2,0,2,0,0,0,0,0,0,2,2,2,2,0,0,2,1
128,7172.255,-7300.337,-292.637,96.862,-0.117783,-0.991689,-0.051767,0.992456,-0.119340,0.028085,-0.034030,-0.048069,0.998264,0,0.92985,-0.13937,55.791,-0.279,-1,400.000,-1,350.000,875.000,325.000,300.000,275.000,300.000,-1,-1,-1,-1,725.000,625.000,-1,850.000,2,0,2,0,1,0,0,0,0,2,2,2,2,0,0,2,1
129,7165.835,-7244.702,-294.774,96.580,-0.112856,-0.992122,-0.054384,0.993060,-0.114448,0.027096,-0.033107,-0.050949,0.998152,0,0.93341,-0.14079,56.004,-0.282,-1,400.000,-1,350.000,825.000,300.000,300.000,275.000,300.000,-1,-1,-1,-1,700.000,625.000,-1,800.000,2,0,2,0,1,0,0,0,0,2,2,2,2,0,0,2,1
130,7159.667,-7188.823,-296.357,96.296,-0.107843,-0.992418,-0.058955,0.993661,-0.109491,0.025481,-0.031743,-0.055834,0.997935,0,0.93696,-0.14226,56.218,-0.285,-1,400.000,-1,350.000,775.000,300.000,300.000,275.000,300.000,-1,800.000,-1,-1,700.000,625.000,-1,750.000,2,0,2,0,1,0,0,0,0,2,0,2,2,0,0,2,1
131,7153.758,-7132.704,-297.316,96.008,-0.102924,-0.992805,-0.061196,0.994260,-0.104493,0.023007,-0.029236,-0.058477,0.997861,0,0.94049,-0.14381,56.430,-0.288,-1,400.000,-1,350.000,750.000,300.000,300.000,275.000,300.000,-1,650.000,-1,-1,700.000,625.000,-1,700.000,2,0,2,0,1,0,0,0,0,2,0,2,2,0,1,2,1
132,7148.114,-7076.345,-298.222,95.717,-0.097984,-0.993182,-0.063157,0.994837,-0.099438,0.020283,-0.026424,-0.060843,0.997797,0,0.94401,-0.14542,56.641,-0.291,-1,400.000,-1,350.000,700.000,325.000,300.000,275.000,300.000,-1,575.000,-1,-1,700.000,575.000,-1,650.000,2,0,2,0,1,0,0,0,0,2,0,2,2,0,1,2,1
133,7142.740,-7019.750,-299.144,95.423,-0.093000,-0.993532,-0.065161,0.995388,-0.094322,0.017512,-0.023545,-0.063231,0.997721,0,0.94750,-0.14712,56.850,-0.294,-1,400.000,-1,350.000,650.000,325.000,300.000,275.000,300.000,-1,525.000,925.000,-1,700.000,550.000,-1,600.000,2,0,2,0,1,0,0,0,0,2,0,0,2,0,1,2,1
134,7137.641,-6962.920,-300.081,95.125,-0.087967,-0.993854,-0.067209,0.995910,-0.089143,0.014697,-0.020598,-0.065642,0.997631,0,0.95096,-0.14891,57.058,-0.298,-1,400.000,-1,375.000,600.000,325.000,300.000,300.000,300.000,-1,500.000,775.000,-1,675.000,525.000,-1,575.000,2,0,2,0,1,0,0,0,0,2,0,0,2,0,1,2,1
135,7132.824,-6905.860,-301.031,94.824,-0.082883,-0.994147,-0.069305,0.996404,-0.083896,0.011841,-0.017586,-0.068074,0.997525,0,0.95438,-0.15080,57.263,-0.302,-1,400.000,-1,375.000,550.000,325.000,300.000,300.000,300.000,-1,475.000,700.000,-1,675.000,500.000,-1,525.000,2,0,2,0,1,0,0,0,0,2,0,0,2,0,1,2,1
136,7128.295,-6848.573,-301.965,94.518,-0.077740,-0.994417,-0.071355,0.996867,-0.078579,0.009035,-0.014591,-0.070430,0.997410,0,0.95776,-0.15281,57.466,-0.306,-1,400.000,-1,350.000,500.000,325.000,300.000,300.000,300.000,-1,450.000,625.000,-1,675.000,475.000,-1,475.000,2,0,2,1,1,0,0,0,0,2,0,0,2,0,1,2,1
