timestep,x_cm,y_cm,z_cm,yaw_deg,basis_xx,basis_xy,basis_xz,basis_yx,basis_yy,basis_yz,basis_zx,basis_zy,basis_zz,teleport_flag,throttle_cmd,steering_cmd,cmd_move_cm,cmd_turn_deg,lidar_cm_0,lidar_cm_1,lidar_cm_2,lidar_cm_3,lidar_cm_4,lidar_cm_5,lidar_cm_6,lidar_cm_7,lidar_cm_8,lidar_cm_9,lidar_cm_10,lidar_cm_11,lidar_cm_12,lidar_cm_13,lidar_cm_14,lidar_cm_15,lidar_cm_16,lidar_class_0,lidar_class_1,lidar_class_2,lidar_class_3,lidar_class_4,lidar_class_5,lidar_class_6,lidar_class_7,lidar_class_8,lidar_class_9,lidar_class_10,lidar_class_11,lidar_class_12,lidar_class_13,lidar_class_14,lidar_class_15,lidar_class_16
0,5570.669,-5576.132,99.546,-171.539,-0.986064,0.147050,-0.077812,-0.149235,-0.988534,0.023019,-0.073535,0.034311,0.996702,1,0.08000,-0.04522,4.800,-0.090,-1,325.000,-1,375.000,950.000,250.000,225.000,350.000,325.000,-1,-1,-1,-1,575.000,600.000,-1,850.000,2,0,2,1,1,0,0,0,1,2,2,2,2,0,1,2,1
1,5561.171,-5577.529,98.934,-171.634,-0.986245,0.145415,-0.078588,-0.147678,-0.988750,0.023772,-0.074247,0.035051,0.996624,0,0.16000,-0.04729,9.600,-0.095,-1,325.000,-1,375.000,925.000,250.000,225.000,350.000,350.000,-1,-1,-1,-1,575.000,600.000,-1,825.000,2,0,2,1,1,0,0,0,1,2,2,2,2,0,1,2,1
2,5546.921,-5579.599,98.032,-171.738,-0.986418,0.143609,-0.079723,-0.145988,-0.988975,0.024830,-0.075278,0.036132,0.996508,0,0.24000,-0.05214,14.400,-0.104,-1,325.000,-1,350.000,925.000,250.000,225.000,350.000,350.000,-1,-1,-1,-1,575.000,575.000,-1,825.000,2,0,2,1,1,0,0,0,1,2,2,2,2,0,1,2,1
3,5527.914,-5582.318,96.842,-171.857,-0.986598,0.141537,-0.081194,-0.144069,-0.989221,0.026188,-0.076612,0.037535,0.996354,0,0.32000,-0.05980,19.200,-0.120,-1,300.000,-1,350.000,900.000,250.000,225.000,375.000,375.000,-1,-1,-1,-1,575.000,575.000,-1,775.000,2,0,2,1,1,0,0,0,1,2,2,2,2,0,1,2,1
4,5504.148,-5585.659,95.372,-171.998,-0.986797,0.139098,-0.082972,-0.141820,-0.989501,0.027836,-0.078229,0.039235,0.996163,0,0.40000,-0.07036,24.000,-0.141,-1,300.000,-1,325.000,850.000,250.000,225.000,375.000,400.000,-1,-1,-1,-1,550.000,550.000,-1,750.000,2,0,2,1,1,0,0,0,1,2,2,2,2,0,1,2,1
5,5475.616,-5589.585,93.626,-172.166,-0.987028,0.136188,-0.085023,-0.139138,-0.989826,0.029764,-0.080104,0.041207,0.995934,0,0.48000,-0.08392,28.800,-0.168,-1,300.000,-1,325.000,825.000,225.000,225.000,375.000,450.000,-1,-1,-1,-1,550.000,525.000,-1,725.000,2,0,2,1,1,0,0,0,1,2,2,2,2,0,1,2,1
6,5442.313,-5594.049,91.610,-172.367,-0.987303,0.132697,-0.087312,-0.135914,-0.990205,0.031965,-0.082216,0.043426,0.995668,0,0.56000,-0.10065,33.600,-0.201,-1,300.000,-1,300.000,775.000,225.000,200.000,375.000,-1,-1,-1,-1,-1,525.000,500.000,-1,675.000,2,0,2,1,1,0,0,0,2,2,2,2,2,0,1,2,1
7,5404.232,-5598.989,89.330,-172.609,-0.987633,0.128509,-0.089810,-0.132033,-0.990647,0.034441,-0.084544,0.045873,0.995363,0,0.64000,-0.12073,38.400,-0.241,-1,300.000,-1,300.000,725.000,225.000,200.000,375.000,-1,-1,-1,-1,-1,525.000,475.000,-1,625.000,2,0,2,1,1,0,0,0,2,2,2,2,2,0,1,2,1
8,5361.363,-5604.332,86.787,-172.897,-0.988025,0.123499,-0.092491,-0.127374,-0.991157,0.037206,-0.087078,0.048542,0.995018,0,0.72000,-0.14436,43.200,-0.289,-1,275.000,-1,275.000,675.000,225.000,200.000,375.000,-1,-1,-1,-1,-1,500.000,450.000,1000.000,575.000,2,0,2,1,1,0,0,0,2,2,2,2,2,0,1,0,1
9,5313.696,-5609.982,83.977,-173.241,-0.988481,0.117538,-0.095346,-0.121812,-0.991735,0.040296,-0.089821,0.051446,0.994628,0,0.80000,-0.17174,48.000,-0.343,-1,275.000,-1,250.000,600.000,225.000,200.000,375.000,-1,-1,-1,-1,-1,475.000,425.000,925.000,525.000,2,0,2,1,1,0,0,0,2,2,2,2,2,0,1,0,1
10,5261.221,-5615.826,80.464,-173.647,-0.989414,0.110478,-0.094099,-0.115153,-0.992292,0.045775,-0.088316,0.056127,0.994510,0,0.88000,-0.20305,52.800,-0.406,-1,275.000,-1,250.000,550.000,200.000,175.000,400.000,-1,-1,-1,-1,-1,475.000,400.000,925.000,475.000,2,0,2,1,1,0,0,0,2,2,2,2,2,0,1,0,1
11,5203.927,-5621.728,78.541,-174.120,-0.991536,0.102290,-0.079959,-0.106221,-0.993252,0.046554,-0.074657,0.054654,0.995710,0,0.96000,-0.23653,57.600,-0.473,-1,300.000,-1,250.000,525.000,225.000,200.000,400.000,-1,-1,-1,0.000,-1,525.000,400.000,-1,450.000,2,0,2,1,1,0,0,0,2,2,2,1,2,0,1,2,1
12,5144.195,-5627.367,76.869,-174.608,-0.993432,0.093823,-0.065495,-0.097060,-0.994115,0.048110,-0.060596,0.054151,0.996692,0,1.00000,-0.24417,60.000,-0.488,-1,300.000,-1,275.000,500.000,250.000,200.000,400.000,-1,-1,-1,0.000,-1,600.000,425.000,-1,450.000,2,0,2,1,1,0,0,0,2,2,2,1,2,0,1,2,1
13,5084.415,-5632.483,75.248,-175.110,-0.995026,0.085129,-0.051726,-0.087681,-0.994931,0.049243,-0.047271,0.053534,0.997447,0,1.00000,-0.25052,60.000,-0.501,-1,325.000,-1,275.000,500.000,250.000,225.000,400.000,-1,-1,0.000,0.000,-1,650.000,450.000,-1,450.000,2,0,2,1,1,0,0,0,2,2,0,1,2,0,1,2,1
14,5029.361,-5636.479,73.744,-175.851,-0.996582,0.072256,-0.040041,-0.074229,-0.995977,0.050194,-0.036253,0.052995,0.997937,0,0.92000,-0.37052,55.200,-0.741,-1,350.000,-1,275.000,475.000,275.000,225.000,400.000,-1,-1,0.000,0.000,-1,700.000,450.000,-1,450.000,2,0,2,1,1,0,0,0,2,2,0,1,2,0,1,2,1
15,4979.049,-5639.450,72.433,-176.621,-0.997820,0.058860,-0.029829,-0.060319,-0.996894,0.050632,-0.026757,0.052321,0.998272,0,0.84000,-0.38521,50.400,-0.770,-1,375.000,-1,300.000,450.000,275.000,250.000,400.000,-1,-1,0.000,0.000,-1,750.000,475.000,-1,425.000,2,0,2,1,1,0,0,0,2,2,0,1,2,0,0,2,1
16,4933.496,-5641.524,71.315,-177.394,-0.998750,0.045409,-0.020883,-0.046417,-0.997640,0.050600,-0.018536,0.051506,0.998501,0,0.76000,-0.38646,45.600,-0.773,-1,375.000,-1,300.000,425.000,275.000,250.000,400.000,-1,-1,0.000,0.000,-1,800.000,500.000,-1,425.000,2,0,2,1,1,0,0,0,2,2,0,0,2,0,0,2,0
17,4892.550,-5642.835,70.380,-178.167,-0.999404,0.031945,-0.013044,-0.032562,-0.998210,0.050166,-0.011418,0.050561,0.998656,0,0.68278,-0.38656,40.967,-0.773,-1,400.000,-1,300.000,400.000,300.000,250.000,400.000,-1,-1,0.000,0.000,650.000,825.000,525.000,-1,475.000,2,0,2,1,1,0,0,0,2,2,0,0,0,0,0,2,0
18,4852.746,-5643.572,69.539,-178.939,-0.999814,0.018499,-0.005483,-0.018748,-0.998605,0.049362,-0.004563,0.049456,0.998766,0,0.66353,-0.38585,39.812,-0.772,-1,400.000,-1,300.000,375.000,300.000,275.000,400.000,-1,-1,0.000,0.000,675.000,875.000,550.000,-1,675.000,2,0,2,0,1,0,0,0,2,2,0,0,1,0,0,2,0
19,4814.030,-5643.770,68.788,-179.708,-0.999985,0.005097,0.001862,-0.005002,-0.998825,0.048205,0.002105,0.048195,0.998836,0,0.64527,-0.38445,38.716,-0.769,-1,425.000,-1,325.000,425.000,300.000,275.000,400.000,-1,-1,0.000,0.000,700.000,900.000,575.000,-1,-1,2,0,2,0,0,0,0,0,2,2,0,0,1,0,0,2,2
20,4776.344,-5643.459,68.124,-180.472,-0.999925,-0.008237,0.009046,0.008651,-0.998871,0.046709,0.008651,0.046784,0.998868,0,0.62812,-0.38243,37.687,-0.765,-1,425.000,-1,325.000,550.000,325.000,275.000,400.000,-1,-1,0.000,0.000,725.000,950.000,600.000,-1,-1,2,0,2,0,0,0,0,0,2,2,0,0,1,0,0,2,2
21,4739.625,-5642.669,67.543,-181.232,-0.999639,-0.021482,0.016118,0.022186,-0.998746,0.044886,0.015134,0.045228,0.998862,0,0.61211,-0.37985,36.727,-0.760,-1,425.000,-1,325.000,750.000,325.000,300.000,400.000,-1,-1,0.000,0.000,725.000,1000.000,625.000,-1,-1,2,0,2,0,0,0,0,0,2,2,0,0,1,0,0,2,2
22,4703.809,-5641.427,67.040,-181.986,-0.999133,-0.034618,0.023123,0.035584,-0.998452,0.042748,0.021608,0.043534,0.998818,0,0.59728,-0.37679,35.837,-0.754,-1,450.000,-1,350.000,-1,325.000,300.000,400.000,-1,-1,0.000,0.000,750.000,-1,675.000,-1,-1,2,0,2,0,2,0,0,0,2,2,0,0,1,2,0,2,2
23,4668.831,-5639.757,66.612,-182.732,-0.998411,-0.047628,0.030102,0.048824,-0.997994,0.040304,0.028122,0.041710,0.998734,0,0.58361,-0.37328,35.017,-0.747,-1,450.000,-1,350.000,-1,350.000,300.000,400.000,-1,-1,0.000,0.000,775.000,-1,700.000,-1,-1,2,0,2,0,2,0,0,0,2,2,0,0,1,2,0,2,2
24,4634.629,-5637.682,66.254,-183.471,-0.997479,-0.060497,0.037089,0.061888,-0.997376,0.037563,0.034719,0.039763,0.998606,0,0.57108,-0.36939,34.265,-0.739,-1,475.000,-1,375.000,-1,350.000,325.000,400.000,-1,-1,0.000,0.000,800.000,-1,725.000,-1,-1,2,0,2,0,2,0,0,0,2,2,0,0,1,2,0,2,2
25,4601.141,-5635.222,66.065,-184.201,-0.996349,-0.073210,0.043912,0.074768,-0.996588,0.034965,0.041202,0.038121,0.998423,0,0.55962,-0.36516,33.577,-0.730,-1,500.000,-1,375.000,-1,350.000,325.000,400.000,-1,-1,0.000,0.000,800.000,-1,775.000,-1,-1,2,0,2,0,2,0,0,0,2,2,0,0,1,2,0,2,2
26,4568.310,-5632.392,66.802,-184.923,-0.995135,-0.085760,0.048491,0.087284,-0.995725,0.030231,0.045691,0.034316,0.998366,0,0.54920,-0.36061,32.952,-0.721,-1,500.000,-1,400.000,-1,375.000,350.000,400.000,-1,-1,0.000,0.000,825.000,-1,825.000,-1,-1,2,0,2,0,2,0,0,0,2,2,0,0,1,2,0,2,2
27,4536.081,-5629.211,67.668,-185.634,-0.994082,-0.098133,0.046602,0.099398,-0.994717,0.025649,0.043839,0.030130,0.998584,0,0.53976,-0.35579,32.385,-0.712,-1,500.000,-1,400.000,-1,375.000,350.000,375.000,-1,-1,0.000,0.000,875.000,-1,825.000,-1,-1,2,0,2,0,2,0,0,0,2,2,0,0,1,2,0,2,2
28,4504.403,-5625.691,68.410,-186.336,-0.992895,-0.110314,0.044619,0.111360,-0.993544,0.021663,0.041941,0.026478,0.998769,0,0.53122,-0.35071,31.873,-0.701,-1,500.000,-1,400.000,-1,375.000,350.000,375.000,-1,-1,0.000,0.000,-1,-1,825.000,-1,-1,2,0,2,0,2,0,0,0,2,2,0,0,2,2,0,2,2
29,4473.227,-5621.847,69.112,-187.026,-0.991574,-0.122295,0.042727,0.123149,-0.992226,0.017935,0.040201,0.023046,0.998926,0,0.52353,-0.34541,31.412,-0.691,-1,475.000,-1,400.000,-1,350.000,325.000,375.000,475.000,-1,0.000,0.000,-1,-1,825.000,-1,-1,2,0,2,0,2,0,0,0,1,2,0,0,2,2,0,2,2
30,4442.509,-5617.689,69.779,-187.706,-0.990127,-0.134069,0.040907,0.134752,-0.990774,0.014434,0.038595,0.019804,0.999059,0,0.51664,-0.33990,30.998,-0.680,-1,475.000,-1,400.000,-1,350.000,325.000,375.000,450.000,-1,0.000,0.000,-1,-1,825.000,-1,-1,2,0,2,0,2,0,0,0,1,2,0,0,2,2,0,2,2
31,4412.207,-5613.227,70.420,-188.375,-0.988565,-0.145626,0.039144,0.146160,-0.989198,0.011129,0.037101,0.016723,0.999172,0,0.51048,-0.33421,30.629,-0.668,-1,475.000,-1,400.000,-1,350.000,325.000,375.000,400.000,-1,0.000,0.000,-1,-1,825.000,-1,-1,2,0,2,0,2,0,0,0,1,2,0,0,2,2,0,2,2
32,4382.283,-5608.470,71.040,-189.031,-0.986896,-0.156960,0.037421,0.157361,-0.987509,0.007993,0.035699,0.013776,0.999268,0,0.50500,-0.32833,30.300,-0.657,-1,475.000,-1,400.000,-1,350.000,325.000,375.000,375.000,-1,0.000,0.000,-1,-1,825.000,-1,-1,2,0,2,0,2,0,0,0,1,2,0,0,2,2,0,2,2
33,4352.702,-5603.426,71.645,-189.676,-0.985129,-0.168065,0.035720,0.168347,-0.985715,0.005001,0.034369,0.010940,0.999349,0,0.50015,-0.32229,30.009,-0.645,-1,475.000,-1,400.000,-1,350.000,325.000,350.000,350.000,-1,0.000,0.000,-1,-1,825.000,-1,-1,2,0,2,0,2,0,0,0,1,2,0,0,2,2,0,2,2
34,4318.960,-5597.134,72.389,-190.560,-0.982486,-0.183268,0.033683,0.183419,-0.983034,0.001413,0.032853,0.007566,0.999432,0,0.57206,-0.44229,34.323,-0.885,-1,450.000,-1,400.000,-1,350.000,325.000,350.000,325.000,-1,0.000,0.000,-1,-1,825.000,-1,-1,2,0,2,0,2,0,0,0,1,2,0,0,2,2,0,2,2
35,4285.543,-5590.241,73.195,-191.654,-0.978877,-0.202005,0.031533,0.202031,-0.979376,-0.002380,0.031363,0.004041,0.999500,0,0.56868,-0.54690,34.121,-1.094,-1,450.000,-1,400.000,-1,350.000,325.000,350.000,300.000,-1,0.000,0.000,-1,-1,825.000,-1,-1,2,0,2,0,2,0,0,0,1,2,0,0,2,2,0,2,2
36,4252.353,-5582.741,73.982,-192.733,-0.974963,-0.220413,0.029405,0.220334,-0.975406,-0.005940,0.029991,0.000687,0.999550,0,0.56712,-0.53949,34.027,-1.079,-1,450.000,-1,400.000,1000.000,350.000,325.000,350.000,275.000,-1,0.000,0.000,-1,1000.000,825.000,-1,-1,2,0,2,0,1,0,0,0,1,2,0,0,2,1,0,2,2
37,4219.374,-5574.642,74.759,-193.797,-0.970763,-0.238484,0.027269,0.238316,-0.971143,-0.009308,0.028702,-0.002537,0.999585,0,0.56598,-0.53193,33.959,-1.064,-1,450.000,-1,400.000,1000.000,350.000,325.000,350.000,275.000,-1,0.000,0.000,-1,975.000,825.000,-1,-1,2,0,2,0,1,0,0,0,1,2,0,0,2,1,0,2,2
38,4186.592,-5565.953,75.538,-194.846,-0.966295,-0.256212,0.025094,0.255968,-0.966604,-0.012520,0.027463,-0.005675,0.999607,0,0.56523,-0.52425,33.914,-1.048,-1,450.000,-1,400.000,975.000,350.000,325.000,350.000,250.000,-1,0.000,0.000,-1,950.000,825.000,-1,-1,2,0,2,0,1,0,0,0,1,2,0,0,2,1,0,2,2
39,4153.995,-5556.680,76.330,-195.879,-0.961576,-0.273588,0.022843,0.273283,-0.961807,-0.015610,0.026241,-0.008768,0.999617,0,0.56485,-0.51643,33.891,-1.033,-1,450.000,-1,400.000,950.000,350.000,325.000,325.000,250.000,-1,0.000,0.000,-1,950.000,850.000,-1,-1,2,0,2,0,1,0,0,0,0,2,0,0,2,1,1,2,2
40,4121.570,-5546.832,77.145,-196.895,-0.956624,-0.290606,0.020480,0.290252,-0.956769,-0.018609,0.025002,-0.011858,0.999617,0,0.56479,-0.50849,33.887,-1.017,-1,425.000,-1,400.000,925.000,350.000,325.000,325.000,250.000,-1,0.000,0.000,-1,950.000,825.000,-1,-1,2,0,2,0,1,0,0,0,0,2,0,0,2,1,1,2,2
41,4089.308,-5536.414,77.994,-197.896,-0.951456,-0.307261,0.017966,0.306871,-0.951507,-0.021545,0.023714,-0.014986,0.999606,0,0.56504,-0.50042,33.902,-1.001,-1,425.000,-1,400.000,900.000,350.000,325.000,325.000,250.000,-1,0.000,0.000,-1,925.000,800.000,-1,975.000,2,0,2,0,1,0,0,0,0,2,0,0,2,1,1,2,1
42,4057.199,-5525.434,78.888,-198.881,-0.946089,-0.323547,0.015260,0.323135,-0.946037,-0.024442,0.022344,-0.018194,0.999585,0,0.56558,-0.49223,33.935,-0.984,1000.000,425.000,-1,400.000,875.000,350.000,325.000,325.000,275.000,-1,25.000,0.000,-1,875.000,775.000,-1,950.000,1,0,2,0,1,0,0,0,0,2,0,0,2,1,1,2,1
43,4025.234,-5513.896,79.904,-199.849,-0.940541,-0.339460,0.012210,0.339051,-0.940380,-0.027000,0.020647,-0.021254,0.999561,0,0.56639,-0.48392,33.984,-0.968,975.000,425.000,-1,400.000,850.000,325.000,325.000,325.000,275.000,-1,100.000,0.000,-1,850.000,750.000,-1,900.000,1,0,2,0,1,0,0,0,0,2,0,0,2,1,1,2,1
44,3993.405,-5501.806,80.998,-200.800,-0.934827,-0.354995,0.008834,0.354611,-0.934549,-0.029481,0.018721,-0.024427,0.999526,0,0.56745,-0.47549,34.047,-0.951,950.000,425.000,-1,400.000,825.000,325.000,325.000,325.000,275.000,-1,175.000,75.000,-1,825.000,725.000,-1,875.000,1,0,2,0,1,0,0,0,0,2,0,0,2,1,1,2,1
45,3961.705,-5489.171,82.155,-201.733,-0.928960,-0.370146,0.005093,0.369809,-0.928556,-0.032019,0.016581,-0.027860,0.999474,0,0.56875,-0.46693,34.125,-0.934,925.000,425.000,-1,400.000,800.000,325.000,325.000,300.000,275.000,-1,325.000,225.000,-1,800.000,700.000,-1,825.000,1,0,2,0,1,0,0,0,0,2,0,0,2,1,1,2,1
46,3930.127,-5475.996,83.393,-202.650,-0.922954,-0.384909,0.000979,0.384647,-0.922415,-0.034606,0.014223,-0.031563,0.999401,0,0.57028,-0.45826,34.217,-0.917,925.000,400.000,-1,400.000,775.000,325.000,325.000,300.000,300.000,-1,525.000,450.000,-1,775.000,700.000,-1,800.000,1,0,2,0,1,0,0,0,0,2,0,0,2,1,1,2,1
47,3896.774,-5461.282,84.803,-203.806,-0.915020,-0.403391,-0.003827,0.403242,-0.914328,-0.037418,0.011595,-0.035781,0.999292,0,0.60758,-0.57826,36.455,-1.157,925.000,400.000,-1,400.000,750.000,325.000,325.000,300.000,300.000,-1,850.000,800.000,-1,750.000,675.000,-1,750.000,1,0,2,0,1,0,0,0,0,2,0,0,2,1,1,2,1
48,3863.631,-5445.686,86.096,-205.203,-0.904924,-0.425499,-0.007938,0.425462,-0.904107,-0.039643,0.009691,-0.039251,0.999182,0,0.61048,-0.69826,36.629,-1.397,1000.000,400.000,-1,400.000,725.000,325.000,325.000,300.000,300.000,-1,-1,1000.000,-1,700.000,650.000,-1,700.000,1,0,2,0,1,0,0,0,0,2,2,0,2,1,1,2,1
49,3830.730,-5429.038,86.484,-206.840,-0.892413,-0.451145,-0.008202,0.451093,-0.891587,-0.039853,0.010666,-0.039265,0.999172,0,0.61456,-0.81826,36.874,-1.637,-1,400.000,-1,400.000,700.000,325.000,325.000,300.000,300.000,-1,-1,-1,-1,700.000,600.000,-1,675.000,2,0,2,0,1,0,0,0,0,2,2,2,2,1,1,2,1
50,3798.120,-5411.173,86.907,-208.716,-0.877173,-0.480098,-0.008554,0.480031,-0.876335,-0.040088,0.011750,-0.039271,0.999160,0,0.61970,-0.93826,37.182,-1.877,-1,400.000,-1,400.000,675.000,325.000,325.000,300.000,300.000,-1,-1,-1,-1,675.000,575.000,925.000,650.000,2,0,2,1,1,0,0,0,0,2,2,2,2,1,1,1,1
51,3765.840,-5391.994,87.369,-210.716,-0.859896,-0.510389,-0.008998,0.510306,-0.859046,-0.040344,0.012862,-0.039284,0.999145,0,0.62580,-1.00000,37.548,-2.000,-1,400.000,975.000,400.000,650.000,325.000,325.000,300.000,300.000,-1,-1,-1,-1,650.000,550.000,825.000,600.000,2,0,1,1,1,0,0,0,1,2,2,2,2,1,1,1,1
52,3730.209,-5369.105,87.823,-212.716,-0.841569,-0.540065,-0.009627,0.539979,-0.840720,-0.040162,0.013596,-0.038997,0.999147,0,0.70580,-1.00000,42.348,-2.000,-1,400.000,925.000,375.000,625.000,325.000,325.000,300.000,350.000,-1,-1,-1,-1,625.000,525.000,750.000,575.000,2,0,1,1,1,0,0,0,1,2,2,2,2,1,1,1,1
53,3694.370,-5344.274,88.299,-214.716,-0.822214,-0.569084,-0.010355,0.569002,-0.821370,-0.039848,0.014172,-0.038655,0.999152,0,0.72668,-1.00000,43.601,-2.000,825.000,400.000,875.000,350.000,600.000,325.000,325.000,300.000,375.000,-1,-1,-1,-1,600.000,500.000,700.000,525.000,1,0,1,1,1,0,0,0,1,2,2,2,2,1,1,1,1
54,3659.249,-5318.080,88.808,-216.716,-0.801859,-0.597410,-0.011156,0.597334,-0.801019,-0.039512,0.014669,-0.038347,0.999157,0,0.73021,-1.00000,43.813,-2.000,700.000,400.000,800.000,350.000,575.000,325.000,325.000,300.000,425.000,-1,-1,-1,-1,575.000,475.000,625.000,500.000,1,0,1,1,1,0,1,0,1,2,2,2,2,1,1,1,1
55,3624.902,-5290.547,89.528,-218.716,-0.780539,-0.624992,-0.012032,0.624912,-0.779670,-0.039994,0.015615,-0.038736,0.999127,0,0.73367,-1.00000,44.020,-2.000,625.000,400.000,750.000,325.000,550.000,325.000,300.000,300.000,-1,-1,-1,-1,-1,550.000,450.000,575.000,450.000,1,0,1,1,1,0,1,0,2,2,2,2,2,1,1,1,1
56,3591.382,-5261.700,90.533,-220.716,-0.758290,-0.651786,-0.013084,0.651689,-0.757342,-0.041639,0.017231,-0.040101,0.999047,0,0.73705,-1.00000,44.223,-2.000,550.000,400.000,700.000,300.000,525.000,325.000,275.000,300.000,-1,-1,-1,-1,-1,525.000,425.000,525.000,425.000,1,1,1,1,1,1,1,0,2,2,2,2,2,1,1,1,1
57,3555.362,-5228.444,91.935,-222.716,-0.735151,-0.677747,-0.014545,0.677621,-0.734056,-0.044632,0.019573,-0.042667,0.998898,0,0.81705,-1.00000,49.023,-2.000,475.000,400.000,650.000,300.000,500.000,300.000,275.000,300.000,-1,-1,-1,-1,-1,500.000,400.000,500.000,400.000,1,1,1,1,1,1,1,0,2,2,2,2,2,1,1,1,1
58,3518.577,-5192.024,93.710,-224.716,-0.711168,-0.702827,-0.016571,0.702651,-0.709829,-0.049245,0.022848,-0.046665,0.998649,0,0.86275,-1.00000,51.765,-2.000,425.000,350.000,575.000,275.000,475.000,275.000,250.000,300.000,-1,-1,-1,-1,-1,450.000,375.000,450.000,375.000,1,1,1,1,1,1,1,0,2,2,2,2,2,1,1,1,1
59,3482.651,-5153.883,95.817,-226.716,-0.686384,-0.726984,-0.019262,0.726741,-0.684692,-0.055184,0.026930,-0.051876,0.998290,0,0.87325,-1.00000,52.395,-2.000,375.000,325.000,525.000,250.000,475.000,250.000,225.000,275.000,-1,-1,-1,-1,-1,400.000,350.000,400.000,350.000,1,1,1,1,1,1,1,0,2,2,2,2,2,1,1,1,1
60,3447.658,-5114.033,98.291,-228.716,-0.660845,-0.750179,-0.022720,0.749855,-0.658676,-0.062158,0.031665,-0.058113,0.997808,0,0.88388,-1.00000,53.033,-2.000,325.000,300.000,475.000,250.000,475.000,225.000,225.000,275.000,-1,-1,-1,-1,-1,375.000,325.000,350.000,350.000,1,1,1,1,1,1,1,0,2,2,2,2,2,1,1,1,1
61,3413.668,-5072.488,101.074,-230.716,-0.634615,-0.772353,-0.027102,0.771934,-0.631803,-0.070305,0.037177,-0.065537,0.997157,0,0.89462,-1.00000,53.677,-2.000,275.000,250.000,425.000,225.000,475.000,200.000,200.000,275.000,-1,-1,575.000,975.000,-1,325.000,300.000,300.000,325.000,1,1,1,1,1,1,1,0,2,2,0,0,2,1,1,1,1
62,3380.753,-5029.266,104.154,-232.716,-0.607759,-0.793455,-0.032524,0.792933,-0.604100,-0.079494,0.043427,-0.074103,0.996305,0,0.90544,-1.00000,54.326,-2.000,250.000,225.000,375.000,225.000,450.000,200.000,175.000,275.000,-1,-1,375.000,700.000,-1,275.000,275.000,225.000,300.000,1,1,1,1,1,1,1,1,2,2,0,0,2,1,1,1,1
63,3349.003,-4984.375,112.651,-234.716,-0.579761,-0.814697,-0.012120,0.812011,-0.576495,-0.091058,0.067198,-0.062633,0.995772,0,0.91633,-1.00000,54.980,-2.000,225.000,225.000,350.000,225.000,450.000,175.000,175.000,275.000,-1,-1,200.000,300.000,-1,275.000,300.000,225.000,325.000,1,1,1,1,1,1,1,1,2,2,0,0,2,1,1,1,1
64,9328.133,1931.619,-80.501,75.494,0.252386,-0.967623,0.002753,0.961078,0.250347,-0.116857,0.112384,0.032139,0.993145,1,0.00000,0.00000,55.636,-2.000,-1,450.000,-1,375.000,-1,300.000,250.000,375.000,350.000,700.000,100.000,150.000,-1,-1,750.000,-1,-1,2,1,2,1,2,1,1,0,1,0,0,0,2,2,1,2,2
65,4268.162,-8200.514,39.914,-16.481,0.958902,0.283688,0.005232,-0.283722,0.958875,0.007741,-0.002820,-0.008908,0.999956,1,0.08000,0.12000,4.800,0.240,-1,400.000,-1,400.000,-1,325.000,325.000,300.000,300.000,-1,-1,-1,-1,800.000,825.000,-1,-1,2,0,2,0,2,0,0,0,0,2,2,2,2,0,0,2,2
66,4277.383,-8203.186,39.879,-16.164,0.960459,0.278371,0.005370,-0.278407,0.960432,0.007762,-0.002997,-0.008950,0.999955,0,0.16000,0.15870,9.600,0.317,-1,400.000,-1,400.000,-1,325.000,325.000,300.000,300.000,-1,-1,-1,-1,800.000,825.000,-1,-1,2,0,2,0,2,0,0,0,0,2,2,2,2,0,0,2,2
67,4291.236,-8207.118,39.825,-15.846,0.961985,0.273046,0.005566,-0.273084,0.961959,0.007791,-0.003227,-0.009015,0.999954,0,0.24000,0.15870,14.400,0.317,-1,400.000,-1,400.000,-1,325.000,325.000,300.000,300.000,-1,-1,-1,-1,800.000,825.000,-1,-1,2,0,2,0,2,0,0,0,0,2,2,2,2,0,0,2,2
68,4309.735,-8212.259,39.753,-15.529,0.963481,0.267713,0.005820,-0.267753,0.963456,0.007824,-0.003512,-0.009096,0.999952,0,0.32000,0.15870,19.200,0.317,-1,400.000,-1,400.000,-1,325.000,325.000,300.000,300.000,-1,-1,-1,-1,800.000,850.000,-1,-1,2,0,2,0,2,0,0,0,0,2,2,2,2,0,0,2,2
69,4332.894,-8218.556,39.661,-15.211,0.964947,0.262371,0.006133,-0.262415,0.964923,0.007854,-0.003857,-0.009188,0.999950,0,0.40000,0.15870,24.000,0.317,-1,400.000,-1,400.000,-1,325.000,325.000,300.000,300.000,-1,-1,-1,-1,800.000,850.000,-1,-1,2,0,2,0,2,0,0,0,0,2,2,2,2,0,0,2,2
70,4360.726,-8225.958,39.549,-14.894,0.966384,0.257022,0.006508,-0.257069,0.966361,0.007876,-0.004265,-0.009285,0.999948,0,0.48000,0.15870,28.800,0.317,-1,400.000,-1,400.000,-1,325.000,325.000,300.000,300.000,-1,-1,-1,-1,800.000,850.000,-1,-1,2,0,2,0,2,0,0,0,0,2,2,2,2,0,0,2,2
71,4393.245,-8234.414,39.417,-14.577,0.967790,0.251664,0.006947,-0.251715,0.967769,0.007882,-0.004739,-0.009377,0.999945,0,0.56000,0.15870,33.600,0.317,-1,400.000,-1,400.000,-1,325.000,325.000,300.000,300.000,-1,-1,-1,-1,800.000,850.000,-1,-1,2,0,2,0,2,0,0,0,0,2,2,2,2,0,0,2,2
72,4430.462,-8243.873,39.265,-14.259,0.969165,0.246299,0.007453,-0.246355,0.969148,0.007862,-0.005286,-0.009456,0.999941,0,0.64000,0.15870,38.400,0.317,-1,400.000,-1,400.000,-1,325.000,325.000,300.000,300.000,-1,-1,-1,-1,800.000,850.000,-1,-1,2,0,2,0,2,0,0,0,0,2,2,2,2,0,0,2,2
73,4472.389,-8254.281,39.091,-13.942,0.970510,0.240926,0.008028,-0.240987,0.970497,0.007808,-0.005910,-0.009512,0.999937,0,0.72000,0.15870,43.200,0.317,-1,400.000,-1,400.000,-1,325.000,325.000,300.000,300.000,-1,-1,-1,-1,800.000,875.000,-1,-1,2,0,2,0,2,0,0,0,0,2,2,2,2,0,0,2,2
74,4519.038,-8265.588,38.890,-13.624,0.971825,0.235546,0.008663,-0.235613,0.971816,0.007740,-0.006596,-0.009563,0.999933,0,0.80000,0.15870,48.000,0.317,-1,400.000,-1,400.000,-1,325.000,325.000,300.000,300.000,-1,-1,-1,-1,800.000,875.000,-1,-1,2,0,2,0,2,0,0,0,0,2,2,2,2,0,0,2,2
75,4570.421,-8277.741,38.570,-13.307,0.973107,0.230158,0.009531,-0.230235,0.973102,0.007984,-0.007437,-0.009963,0.999923,0,0.88000,0.15870,52.800,0.317,-1,400.000,-1,400.000,-1,325.000,325.000,300.000,300.000,-1,-1,-1,-1,800.000,875.000,-1,-1,2,0,2,0,2,0,0,0,0,2,2,2,2,0,0,2,2
76,4623.783,-8290.050,38.178,-12.990,0.974356,0.224762,0.010641,-0.224854,0.974356,0.008386,-0.008483,-0.010564,0.999908,0,0.91273,0.15870,54.764,0.317,-1,400.000,-1,425.000,-1,325.000,325.000,300.000,300.000,-1,-1,-1,-1,800.000,875.000,-1,-1,2,0,2,0,2,0,0,0,0,2,2,2,2,0,0,2,2
77,4677.213,-8302.064,37.532,-12.672,0.975576,0.219362,0.011466,-0.219458,0.975589,0.007983,-0.009435,-0.010305,0.999902,0,0.91273,0.15870,54.764,0.317,-1,400.000,-1,425.000,-1,325.000,325.000,300.000,300.000,-1,-1,-1,-1,775.000,875.000,-1,-1,2,0,2,0,2,0,0,0,0,2,2,2,2,0,0,2,2
78,4730.709,-8313.782,36.689,-12.355,0.976762,0.213956,0.012578,-0.214052,0.976798,0.006858,-0.010818,-0.009391,0.999897,0,0.91273,0.15870,54.764,0.317,-1,400.000,-1,425.000,-1,325.000,325.000,300.000,300.000,-1,-1,-1,-1,775.000,875.000,-1,-1,2,0,2,0,2,0,0,0,0,2,2,2,2,0,0,2,2
79,4784.269,-8325.203,35.821,-12.037,0.977917,0.208543,0.013733,-0.208636,0.977977,0.005725,-0.012237,-0.008464,0.999889,0,0.91273,0.15870,54.764,0.317,-1,400.000,-1,425.000,-1,325.000,325.000,300.000,300.000,-1,-1,-1,-1,775.000,850.000,-1,-1,2,0,2,0,2,0,0,0,0,2,2,2,2,0,0,2,2
80,4837.891,-8336.327,34.930,-11.720,0.979039,0.203123,0.014931,-0.203211,0.979124,0.004584,-0.013688,-0.007522,0.999878,0,0.91273,0.15870,54.764,0.317,-1,400.000,-1,425.000,-1,325.000,325.000,300.000,300.000,-1,-1,-1,-1,775.000,850.000,-1,-1,2,0,2,0,2,0,0,0,0,2,2,2,2,0,0,2,2
81,4891.575,-8347.154,34.017,-11.403,0.980130,0.197697,0.016168,-0.197777,0.980241,0.003438,-0.015169,-0.006567,0.999863,0,0.91273,0.15870,54.764,0.317,-1,400.000,-1,425.000,-1,325.000,325.000,300.000,300.000,-1,-1,-1,-1,750.000,850.000,-1,-1,2,0,2,0,2,0,0,0,0,2,2,2,2,0,0,2,2
82,4945.317,-8357.684,33.081,-11.085,0.981188,0.192265,0.017444,-0.192333,0.981327,0.002286,-0.016679,-0.005598,0.999845,0,0.91273,0.15870,54.764,0.317,-1,400.000,-1,400.000,-1,325.000,325.000,300.000,300.000,-1,-1,-1,-1,750.000,825.000,-1,-1,2,0,2,0,2,0,0,0,0,2,2,2,2,0,0,2,2
83,4999.117,-8367.915,32.125,-10.768,0.982214,0.186827,0.018758,-0.186881,0.982382,0.001130,-0.018216,-0.004616,0.999823,0,0.91273,0.15870,54.764,0.317,-1,400.000,-1,400.000,-1,325.000,325.000,300.000,300.000,-1,-1,-1,-1,750.000,825.000,-1,-1,2,0,2,0,2,0,0,0,0,2,2,2,2,0,0,2,2
84,5052.972,-8377.849,31.150,-10.450,0.983207,0.181383,0.020106,-0.181419,0.983406,-0.000028,-0.019778,-0.003620,0.999798,0,0.91273,0.15870,54.764,0.317,-1,400.000,-1,400.000,-1,325.000,325.000,300.000,300.000,-1,-1,-1,-1,725.000,825.000,-1,-1,2,0,2,0,2,0,0,0,0,2,2,2,2,0,0,2,2
85,5106.882,-8387.484,30.155,-10.133,0.984168,0.175933,0.021489,-0.175948,0.984399,-0.001188,-0.021362,-0.002612,0.999768,0,0.91273,0.15870,54.764,0.317,-1,375.000,-1,400.000,-1,325.000,325.000,300.000,300.000,-1,-1,-1,-1,725.000,800.000,-1,-1,2,0,2,0,2,0,0,0,0,2,2,2,2,0,0,2,2
86,5160.845,-8396.820,29.142,-9.816,0.985095,0.170477,0.022903,-0.170468,0.985360,-0.002349,-0.022968,-0.001591,0.999735,0,0.91273,0.15870,54.764,0.317,-1,375.000,-1,400.000,-1,325.000,325.000,300.000,300.000,-1,-1,-1,-1,725.000,800.000,-1,-1,2,0,2,0,2,0,0,0,0,2,2,2,2,0,0,2,2
87,5214.858,-8405.857,28.076,-9.498,0.985994,0.165016,0.024181,-0.164984,0.986291,-0.003332,-0.024399,-0.000704,0.999702,0,0.91273,0.15870,54.764,0.317,-1,375.000,-1,400.000,-1,325.000,325.000,300.000,300.000,-1,-1,-1,-1,700.000,775.000,-1,-1,2,0,2,0,2,0,0,0,0,2,2,2,2,0,0,2,2
88,5268.921,-8414.594,27.056,-9.181,0.986877,0.159549,0.024837,-0.159487,0.987190,-0.004474,-0.025233,0.000454,0.999682,0,0.91273,0.15870,54.764,0.317,-1,375.000,-1,400.000,-1,325.000,325.000,300.000,300.000,-1,-1,-1,-1,700.000,775.000,-1,-1,2,0,2,0,2,0,0,0,0,2,2,2,2,0,0,2,2
89,5323.031,-8423.032,25.895,-8.863,0.987757,0.154078,0.024431,-0.153978,0.988057,-0.005916,-0.025051,0.002082,0.999684,0,0.91273,0.15870,54.764,0.317,-1,375.000,-1,400.000,-1,325.000,325.000,300.000,300.000,-1,-1,-1,-1,700.000,775.000,-1,-1,2,0,2,0,2,0,0,0,0,2,2,2,2,0,0,2,2
90,5377.187,-8431.170,24.764,-8.546,0.988613,0.148601,0.023726,-0.148473,0.988891,-0.007099,-0.024517,0.003495,0.999693,0,0.91273,0.15870,54.764,0.317,-1,375.000,-1,400.000,-1,325.000,325.000,300.000,300.000,-1,-1,-1,-1,700.000,775.000,-1,-1,2,0,2,0,2,0,0,0,0,2,2,2,2,0,0,2,2
91,5431.387,-8439.008,23.610,-8.229,0.989438,0.143120,0.022999,-0.142965,0.989693,-0.008276,-0.023946,0.004900,0.999701,0,0.91273,0.15870,54.764,0.317,-1,375.000,-1,400.000,-1,325.000,325.000,300.000,300.000,-1,-1,-1,-1,675.000,750.000,-1,-1,2,0,2,0,2,0,0,0,0,2,2,2,2,0,0,2,2
92,5485.629,-8446.546,22.435,-7.911,0.990233,0.137634,0.022250,-0.137454,0.990463,-0.009448,-0.023338,0.006297,0.999708,0,0.91273,0.15870,54.764,0.317,-1,375.000,-1,400.000,-1,325.000,325.000,300.000,300.000,-1,-1,-1,-1,675.000,750.000,-1,-1,2,0,2,0,2,0,0,0,0,2,2,2,2,0,0,2,2
93,5539.913,-8453.783,21.239,-7.594,0.990998,0.132144,0.021480,-0.131941,0.991201,-0.010615,-0.022694,0.007686,0.999713,0,0.91273,0.15870,54.764,0.317,-1,375.000,-1,400.000,-1,325.000,325.000,300.000,300.000,-1,-1,-1,-1,675.000,750.000,-1,-1,2,0,2,0,2,0,0,0,0,2,2,2,2,0,0,2,2
94,5594.236,-8460.719,20.024,-7.276,0.991732,0.126649,0.020689,-0.126426,0.991906,-0.011780,-0.022014,0.009067,0.999717,0,0.91273,0.15870,54.764,0.317,-1,375.000,-1,400.000,-1,325.000,325.000,300.000,300.000,-1,-1,-1,-1,675.000,725.000,-1,-1,2,0,2,0,2,0,0,0,0,2,2,2,2,0,0,2,2
95,5648.597,-8467.354,18.792,-6.959,0.992435,0.121151,0.019878,-0.120909,0.992579,-0.012943,-0.021299,0.010442,0.999719,0,0.91273,0.15870,54.764,0.317,-1,375.000,-1,400.000,-1,325.000,325.000,300.000,300.000,-1,-1,-1,-1,675.000,725.000,-1,-1,2,0,2,0,2,0,0,0,0,2,2,2,2,0,0,2,2
96,5698.201,-8473.340,17.647,-6.881,0.992613,0.119808,0.019129,-0.119552,0.992729,-0.014000,-0.020667,0.011609,0.999719,0,0.83273,0.03870,49.964,0.077,-1,375.000,-1,400.000,-1,325.000,325.000,300.000,300.000,-1,-1,-1,-1,675.000,725.000,-1,-1,2,0,2,0,2,0,0,0,0,2,2,2,2,0,0,2,2
97,5744.895,-8479.110,16.550,-7.044,0.992282,0.122623,0.018423,-0.122356,0.992373,-0.014981,-0.020119,0.012611,0.999718,0,0.78416,-0.08130,47.050,-0.163,-1,375.000,-1,400.000,-1,300.000,325.000,300.000,300.000,-1,-1,-1,-1,675.000,725.000,-1,-1,2,0,2,0,2,0,0,0,0,2,2,2,2,0,0,2,2
98,5791.548,-8485.207,15.432,-7.447,0.991409,0.129592,0.017724,-0.129315,0.991475,-0.015940,-0.019638,0.013511,0.999716,0,0.78416,-0.20130,47.050,-0.403,-1,375.000,-1,375.000,-1,300.000,325.000,300.000,300.000,-1,-1,-1,-1,650.000,700.000,-1,-1,2,0,2,0,2,0,0,0,0,2,2,2,2,0,0,2,2
99,5838.130,-8491.828,14.288,-8.089,0.989905,0.140702,0.017038,-0.140417,0.989949,-0.016864,-0.019239,0.014302,0.999713,0,0.78416,-0.32130,47.050,-0.643,-1,375.000,-1,375.000,-1,300.000,300.000,300.000,300.000,-1,-1,-1,-1,650.000,700.000,-1,-1,2,0,2,0,2,0,0,0,0,2,2,2,2,0,0,2,2
100,5884.604,-8499.165,13.300,-8.972,0.987635,0.155930,0.016243,-0.155627,0.987643,-0.018490,-0.018925,0.015733,0.999697,0,0.78416,-0.44130,47.050,-0.883,-1,375.000,-1,375.000,-1,300.000,300.000,300.000,300.000,-1,-1,-1,-1,650.000,700.000,-1,-1,2,0,2,0,2,0,0,0,0,2,2,2,2,0,0,2,2
101,5930.925,-8507.411,12.521,-10.094,0.984414,0.175243,0.014775,-0.174919,0.984360,-0.020946,-0.018215,0.018035,0.999671,0,0.78416,-0.56130,47.050,-1.123,-1,375.000,-1,375.000,-1,300.000,300.000,300.000,300.000,-1,-1,-1,-1,650.000,700.000,-1,-1,2,0,2,0,2,0,0,0,0,2,2,2,2,0,0,2,2
102,5977.037,-8516.757,11.967,-11.457,0.979989,0.198596,0.013426,-0.198269,0.979891,-0.022412,-0.017607,0.019301,0.999659,0,0.78416,-0.68130,47.050,-1.363,-1,375.000,-1,375.000,-1,300.000,300.000,300.000,300.000,-1,-1,-1,-1,650.000,700.000,-1,-1,2,0,2,0,2,0,0,0,0,2,2,2,2,0,0,2,2
103,6022.870,-8527.388,11.562,-13.060,0.974075,0.225921,0.011695,-0.225615,0.973945,-0.023006,-0.016588,0.019771,0.999667,0,0.78416,-0.80130,47.050,-1.603,-1,375.000,-1,375.000,-1,300.000,300.000,300.000,300.000,-1,-1,-1,-1,675.000,700.000,-1,-1,2,0,2,0,2,0,0,0,0,2,2,2,2,0,0,2,2
104,6068.337,-8539.488,11.116,-14.902,0.966328,0.257119,0.009963,-0.256835,0.966171,-0.023454,-0.015657,0.020106,0.999675,0,0.78416,-0.92130,47.050,-1.843,-1,375.000,-1,375.000,-1,300.000,300.000,300.000,300.000,-1,-1,-1,-1,675.000,700.000,-1,-1,2,0,2,0,2,0,0,0,0,2,2,2,2,0,0,2,2
105,6113.355,-8553.167,10.670,-16.902,0.956785,0.290680,0.008188,-0.290425,0.956607,-0.023572,-0.014685,0.020175,0.999689,0,0.78416,-1.00000,47.050,-2.000,-1,375.000,-1,375.000,-1,300.000,325.000,300.000,300.000,-1,-1,-1,-1,675.000,700.000,-1,-1,2,0,2,0,2,0,0,0,0,2,2,2,2,0,0,2,2
106,6157.867,-8568.409,10.186,-18.902,0.946073,0.323888,0.006486,-0.323661,0.945880,-0.023550,-0.013762,0.020181,0.999702,0,0.78416,-1.00000,47.050,-2.000,-1,375.000,-1,375.000,-1,300.000,325.000,300.000,300.000,-1,-1,-1,-1,675.000,700.000,-1,-1,2,0,2,0,2,0,0,0,0,2,2,2,2,0,0,2,2
107,6201.820,-8585.195,9.657,-20.902,0.934205,0.356703,0.004849,-0.356504,0.934002,-0.023355,-0.012860,0.020090,0.999715,0,0.78416,-1.00000,47.050,-2.000,-1,375.000,-1,375.000,-1,325.000,325.000,300.000,300.000,-1,-1,-1,-1,675.000,700.000,-1,-1,2,0,2,0,2,0,0,0,0,2,2,2,2,0,0,2,2
108,6245.161,-8603.505,9.079,-22.902,0.921197,0.389083,0.003287,-0.388913,0.920988,-0.022986,-0.011971,0.019896,0.999730,0,0.78416,-1.00000,47.050,-2.000,-1,375.000,-1,375.000,-1,325.000,325.000,300.000,300.000,-1,-1,-1,-1,700.000,700.000,-1,-1,2,0,2,0,2,0,0,0,0,2,2,2,2,0,0,2,2
109,6287.837,-8623.316,8.451,-24.902,0.907063,0.420990,0.001810,-0.420848,0.906853,-0.022443,-0.011090,0.019596,0.999746,0,0.78416,-1.00000,47.050,-2.000,-1,375.000,-1,375.000,-1,325.000,325.000,300.000,300.000,-1,-1,-1,-1,700.000,700.000,-1,-1,2,0,2,0,2,0,0,0,0,2,2,2,2,0,0,2,2
110,6328.492,-8643.730,7.801,-26.662,0.893709,0.448647,0.000456,-0.448532,0.893502,-0.021769,-0.010174,0.019250,0.999763,0,0.75821,-0.88000,45.493,-1.760,-1,375.000,-1,400.000,-1,325.000,325.000,300.000,300.000,-1,-1,900.000,-1,700.000,725.000,-1,-1,2,0,2,0,2,0,0,0,0,2,2,0,2,0,0,2,2
111,6368.592,-8665.215,7.116,-28.182,0.881495,0.472193,-0.000837,-0.472105,0.881293,-0.020968,-0.009163,0.018879,0.999780,0,0.75821,-0.76000,45.493,-1.520,-1,375.000,-1,400.000,-1,325.000,325.000,300.000,300.000,-1,-1,825.000,-1,700.000,725.000,-1,-1,2,0,2,0,2,0,0,0,0,2,2,0,2,0,0,2,2
112,6408.202,-8687.591,6.580,-29.462,0.870729,0.491759,-0.001940,-0.491687,0.870519,-0.020989,-0.008633,0.019229,0.999778,0,0.75821,-0.64000,45.493,-1.280,-1,375.000,-1,400.000,-1,325.000,325.000,300.000,300.000,-1,-1,800.000,-1,700.000,725.000,-1,-1,2,0,2,0,2,0,0,0,0,2,2,0,2,0,0,2,2
113,6447.399,-8710.682,6.108,-30.502,0.861664,0.507471,-0.002984,-0.507412,0.861438,-0.021411,-0.008295,0.019963,0.999766,0,0.75821,-0.52000,45.493,-1.040,-1,375.000,-1,375.000,-1,325.000,325.000,300.000,300.000,-1,-1,825.000,-1,700.000,725.000,-1,-1,2,0,2,0,2,0,0,0,0,2,2,0,2,0,0,2,2
114,6486.270,-8734.318,5.654,-31.302,0.854497,0.519439,-0.004307,-0.519401,0.854252,-0.021831,-0.007661,0.020891,0.999752,0,0.75821,-0.40000,45.493,-0.800,-1,375.000,-1,375.000,-1,325.000,325.000,300.000,300.000,-1,1000.000,800.000,-1,700.000,700.000,-1,-1,2,0,2,0,2,0,0,0,0,2,0,0,2,0,0,2,2
115,6524.908,-8758.332,5.240,-31.862,0.849379,0.527750,-0.006007,-0.527742,0.849112,-0.022291,-0.006664,0.022104,0.999733,0,0.75821,-0.28000,45.493,-0.560,-1,375.000,-1,375.000,-1,325.000,325.000,300.000,300.000,-1,925.000,775.000,-1,700.000,700.000,-1,-1,2,0,2,0,2,0,0,0,0,2,0,0,2,0,0,2,2
116,6563.327,-8782.696,4.803,-32.382,0.844551,0.535419,-0.007747,-0.535445,0.844265,-0.022693,-0.005610,0.023314,0.999712,0,0.75821,-0.25997,45.493,-0.520,-1,375.000,-1,375.000,-1,325.000,325.000,300.000,300.000,-1,850.000,700.000,-1,700.000,700.000,-1,-1,2,0,2,0,2,0,0,0,0,2,0,0,2,0,0,2,2
117,6601.523,-8807.408,4.345,-32.902,0.839651,0.543042,-0.009524,-0.543107,0.839347,-0.023038,-0.004517,0.024516,0.999689,0,0.75821,-0.25997,45.493,-0.520,-1,375.000,-1,375.000,-1,325.000,325.000,300.000,300.000,-1,775.000,625.000,-1,725.000,700.000,-1,-1,2,0,2,0,2,0,0,0,0,2,0,0,2,0,0,2,2
118,6639.493,-8832.465,3.930,-33.422,0.834681,0.550623,-0.011042,-0.550723,0.834365,-0.023228,-0.003577,0.025469,0.999669,0,0.75821,-0.25997,45.493,-0.520,-1,375.000,-1,375.000,-1,325.000,325.000,300.000,300.000,-1,750.000,600.000,-1,725.000,700.000,-1,-1,2,0,2,0,2,0,0,0,0,2,0,0,2,0,0,2,2
119,6677.234,-8857.866,3.803,-33.942,0.829648,0.558175,-0.011196,-0.558276,0.829338,-0.022926,-0.003511,0.025271,0.999674,0,0.75821,-0.25997,45.493,-0.520,-1,375.000,-1,375.000,-1,325.000,300.000,300.000,300.000,-1,775.000,650.000,-1,725.000,700.000,-1,-1,2,0,2,0,2,0,0,0,0,2,0,0,2,0,0,2,2
120,6714.743,-8883.609,3.665,-34.462,0.824546,0.565681,-0.011332,-0.565784,0.824244,-0.022581,-0.003434,0.025030,0.999681,0,0.75821,-0.25997,45.493,-0.520,-1,375.000,-1,375.000,-1,300.000,300.000,300.000,300.000,-1,800.000,675.000,-1,700.000,700.000,-1,-1,2,0,2,0,2,0,0,0,0,2,0,0,2,0,0,2,2
121,6752.017,-8909.691,3.602,-34.982,0.819374,0.573137,-0.011893,-0.573252,0.819075,-0.022324,-0.003053,0.025109,0.999680,0,0.75821,-0.25997,45.493,-0.520,-1,375.000,-1,375.000,-1,300.000,300.000,300.000,300.000,-1,825.000,700.000,-1,700.000,700.000,-1,-1,2,0,2,0,2,0,0,0,0,2,0,0,2,0,0,2,2
122,6789.053,-8936.110,3.666,-35.502,0.814127,0.580547,-0.012709,-0.580682,0.813842,-0.021653,-0.002227,0.025008,0.999685,0,0.75821,-0.25997,45.493,-0.520,-1,375.000,-1,375.000,-1,300.000,300.000,300.000,300.000,-1,825.000,725.000,-1,700.000,700.000,-1,-1,2,0,2,0,2,0,0,0,0,2,0,0,2,0,0,2,2
123,6825.847,-8962.864,3.758,-36.022,0.808812,0.587912,-0.013526,-0.588067,0.808546,-0.020762,-0.001270,0.024747,0.999693,0,0.75821,-0.25997,45.493,-0.520,-1,375.000,-1,375.000,-1,300.000,300.000,300.000,300.000,-1,825.000,725.000,-1,725.000,700.000,-1,-1,2,0,2,0,2,0,0,0,0,2,0,0,2,0,0,2,2
124,6862.397,-8989.951,3.841,-36.542,0.803428,0.595230,-0.014332,-0.595402,0.803183,-0.019821,-0.000287,0.024458,0.999701,0,0.75821,-0.25997,45.493,-0.520,-1,375.000,-1,375.000,-1,325.000,300.000,300.000,300.000,-1,800.000,725.000,-1,725.000,700.000,-1,-1,2,0,2,0,2,0,0,0,0,2,0,0,2,0,0,2,2
125,6898.700,-9017.368,3.915,-37.062,0.797977,0.602498,-0.015125,-0.602688,0.797755,-0.018830,0.000721,0.024141,0.999708,0,0.75821,-0.25997,45.493,-0.520,-1,375.000,-1,375.000,-1,325.000,325.000,300.000,300.000,-1,800.000,725.000,-1,725.000,725.000,-1,-1,2,0,2,0,2,0,0,0,0,2,0,0,2,0,0,2,2
126,6934.752,-9045.114,3.981,-37.582,0.792459,0.609718,-0.015905,-0.609923,0.792261,-0.017788,0.001755,0.023797,0.999715,0,0.75821,-0.25997,45.493,-0.520,-1,375.000,-1,375.000,-1,325.000,325.000,300.000,300.000,-1,800.000,725.000,-1,725.000,725.000,-1,-1,2,0,2,0,2,0,0,0,0,2,0,0,2,0,0,2,2
127,6970.552,-9073.186,4.038,-38.102,0.786875,0.616887,-0.016669,-0.617106,0.786703,-0.016695,0.002815,0.023423,0.999722,0,0.75821,-0.25997,45.493,-0.520,-1,375.000,-1,375.000,-1,325.000,325.000,300.000,300.000,-1,800.000,725.000,-1,725.000,725.000,-1,-1,2,0,2,0,2,0,0,0,0,2,0,0,2,0,0,2,2
128,7009.713,-9104.741,4.209,-38.861,0.778608,0.627266,-0.017504,-0.627500,0.778450,-0.016081,0.003539,0.023505,0.999717,0,0.83821,-0.37997,50.293,-0.760,-1,375.000,-1,375.000,-1,325.000,325.000,300.000,300.000,-1,800.000,750.000,-1,725.000,725.000,-1,-1,2,0,2,0,2,0,0,0,0,2,0,0,2,0,0,2,2
129,7050.788,-9139.038,4.393,-39.861,0.767526,0.640754,-0.018385,-0.641004,0.767384,-0.015371,0.004259,0.023582,0.999713,0,0.89185,-0.49997,53.511,-1.000,-1,375.000,-1,375.000,-1,325.000,325.000,300.000,300.000,-1,825.000,775.000,-1,725.000,725.000,-1,-1,2,0,2,0,2,0,0,0,0,2,0,0,2,0,0,2,2
130,7091.111,-9174.216,4.561,-41.101,0.753463,0.657209,-0.019249,-0.657472,0.753337,-0.014587,0.004914,0.023646,0.999708,0,0.89185,-0.61997,53.511,-1.240,-1,375.000,-1,375.000,-1,325.000,325.000,300.000,300.000,-1,775.000,800.000,-1,725.000,725.000,-1,-1,2,0,2,0,2,0,0,0,0,2,0,0,2,0,0,2,2
131,7130.512,-9210.423,4.703,-42.581,0.736219,0.676445,-0.020095,-0.676721,0.736111,-0.013744,0.005495,0.023717,0.999704,0,0.89185,-0.73997,53.511,-1.480,-1,375.000,-1,375.000,-1,325.000,325.000,300.000,300.000,-1,725.000,750.000,-1,725.000,725.000,-1,-1,2,0,2,0,2,0,0,0,0,2,0,0,2,0,0,2,2
132,7168.809,-9247.797,4.817,-44.301,0.715565,0.698233,-0.020936,-0.698520,0.715475,-0.012830,0.006021,0.023805,0.999698,0,0.89185,-0.85997,53.511,-1.720,-1,375.000,-1,400.000,-1,325.000,325.000,300.000,300.000,-1,700.000,725.000,-1,725.000,725.000,-1,-1,2,0,2,0,2,0,0,0,0,2,0,0,2,0,0,2,2
133,7205.805,-9286.458,4.952,-46.261,0.691249,0.722288,-0.021768,-0.722589,0.691171,-0.012145,0.006274,0.024124,0.999689,0,0.89185,-0.97997,53.511,-1.960,-1,375.000,-1,400.000,-1,325.000,325.000,300.000,300.000,-1,675.000,700.000,-1,725.000,725.000,-1,-1,2,0,2,0,2,0,0,0,0,2,0,0,2,0,0,2,2
134,7241.429,-9326.387,5.164,-48.261,0.665610,0.745956,-0.022658,-0.746275,0.665530,-0.011973,0.006148,0.024878,0.999672,0,0.89185,-1.00000,53.511,-2.000,-1,375.000,-1,400.000,-1,325.000,325.000,300.000,300.000,-1,700.000,700.000,-1,725.000,725.000,-1,-1,2,0,2,0,2,0,0,0,0,2,0,0,2,0,0,2,2
135,7275.638,-9367.535,5.346,-50.261,0.639159,0.768714,-0.023545,-0.769051,0.639079,-0.011756,0.006010,0.025621,0.999654,0,0.89185,-1.00000,53.511,-2.000,-1,375.000,-1,400.000,-1,325.000,325.000,300.000,300.000,-1,700.000,725.000,-1,725.000,725.000,-1,-1,2,0,2,0,2,0,0,0,0,2,0,0,2,0,0,2,2
