timestep,x_cm,y_cm,z_cm,yaw_deg,basis_xx,basis_xy,basis_xz,basis_yx,basis_yy,basis_yz,basis_zx,basis_zy,basis_zz,teleport_flag,throttle_cmd,steering_cmd,cmd_move_cm,cmd_turn_deg,lidar_cm_0,lidar_cm_1,lidar_cm_2,lidar_cm_3,lidar_cm_4,lidar_cm_5,lidar_cm_6,lidar_cm_7,lidar_cm_8,lidar_cm_9,lidar_cm_10,lidar_cm_11,lidar_cm_12,lidar_cm_13,lidar_cm_14,lidar_cm_15,lidar_cm_16,lidar_class_0,lidar_class_1,lidar_class_2,lidar_class_3,lidar_class_4,lidar_class_5,lidar_class_6,lidar_class_7,lidar_class_8,lidar_class_9,lidar_class_10,lidar_class_11,lidar_class_12,lidar_class_13,lidar_class_14,lidar_class_15,lidar_class_16
0,2954.706,-6227.612,-556.585,51.142,0.627020,-0.778596,-0.025195,0.776632,0.627306,-0.057707,0.060735,0.016616,0.998016,1,0.08000,0.12000,4.800,0.240,575.000,350.000,-1,375.000,-1,300.000,300.000,550.000,300.000,-1,225.000,150.000,700.000,550.000,675.000,650.000,-1,0,0,2,0,2,0,0,1,0,2,0,0,0,0,0,0,2
1,2960.666,-6220.086,-555.874,51.622,0.620440,-0.783825,-0.025950,0.781749,0.620762,-0.059361,0.062637,0.016544,0.997899,0,0.16000,0.24000,9.600,0.480,575.000,350.000,-1,375.000,-1,300.000,300.000,575.000,300.000,-1,225.000,150.000,700.000,550.000,675.000,650.000,-1,0,0,2,0,2,0,0,1,0,2,0,0,0,0,0,0,2
2,2969.464,-6208.686,-554.865,52.342,0.610472,-0.791571,-0.027190,0.789360,0.610870,-0.061236,0.065082,0.015920,0.997753,0,0.24000,0.36000,14.400,0.720,575.000,350.000,-1,375.000,-1,300.000,300.000,575.000,300.000,-1,225.000,150.000,700.000,575.000,700.000,675.000,-1,0,0,2,0,2,0,0,1,0,2,0,0,0,0,0,0,2
3,2980.938,-6193.291,-553.567,53.302,0.597021,-0.801707,-0.028829,0.799320,0.597531,-0.063592,0.068209,0.014922,0.997559,0,0.32000,0.48000,19.200,0.960,600.000,350.000,-1,375.000,-1,300.000,300.000,575.000,300.000,-1,200.000,150.000,700.000,575.000,700.000,675.000,-1,0,0,2,0,2,0,0,1,0,2,0,0,0,0,0,0,2
4,2994.875,-6173.751,-551.951,54.502,0.579966,-0.814059,-0.030770,0.811442,0.580620,-0.066654,0.072126,0.013689,0.997302,0,0.40000,0.60000,24.000,1.200,600.000,350.000,-1,400.000,-1,300.000,300.000,575.000,300.000,-1,200.000,125.000,700.000,575.000,700.000,700.000,-1,0,0,2,0,2,0,0,1,0,2,0,0,0,0,0,0,2
5,3011.005,-6149.891,-550.022,55.942,0.559155,-0.828409,-0.032933,0.825495,0.559990,-0.070491,0.076838,0.012229,0.996969,0,0.48000,0.72000,28.800,1.440,625.000,350.000,-1,400.000,-1,300.000,325.000,575.000,300.000,-1,175.000,125.000,700.000,575.000,725.000,700.000,-1,0,0,2,0,2,0,0,1,0,2,0,0,0,0,0,0,2
6,3029.102,-6121.580,-547.830,57.412,0.537512,-0.842517,-0.035304,0.839229,0.538563,-0.075137,0.082317,0.010758,0.996548,0,0.56000,0.73502,33.600,1.470,625.000,350.000,-1,400.000,-1,300.000,325.000,600.000,325.000,-1,175.000,125.000,700.000,575.000,725.000,725.000,-1,0,0,2,0,2,0,0,1,0,2,0,0,0,0,0,0,2
7,3048.946,-6088.703,-545.334,58.885,0.515460,-0.856090,-0.037570,0.852342,0.516739,-0.080584,0.088401,0.009515,0.996040,0,0.64000,0.73630,38.400,1.473,650.000,350.000,-1,400.000,-1,300.000,325.000,600.000,325.000,-1,175.000,125.000,700.000,575.000,725.000,775.000,-1,0,0,2,0,2,0,0,1,0,2,0,0,0,0,0,0,2
8,3070.312,-6051.155,-542.393,60.360,0.493082,-0.869112,-0.038933,0.864822,0.494533,-0.086721,0.094624,0.009091,0.995472,0,0.72000,0.73754,43.200,1.475,700.000,350.000,-1,400.000,-1,300.000,325.000,625.000,325.000,-1,150.000,125.000,700.000,600.000,750.000,825.000,-1,0,0,2,0,2,0,0,1,0,2,0,0,0,0,0,0,2
9,3092.374,-6009.944,-539.117,61.837,0.470407,-0.881569,-0.039412,0.876663,0.471963,-0.093342,0.100888,0.009357,0.994854,0,0.77905,0.73859,46.743,1.477,-1,350.000,-1,400.000,-1,300.000,325.000,-1,350.000,-1,175.000,125.000,700.000,600.000,750.000,-1,-1,2,0,2,0,2,0,0,2,0,2,0,0,0,0,0,2,2
10,3113.094,-5968.716,-535.606,63.315,0.447532,-0.893439,-0.038484,0.887825,0.449053,-0.100587,0.107150,0.010849,0.994184,0,0.76902,0.73925,46.141,1.479,-1,350.000,-1,400.000,-1,300.000,325.000,-1,325.000,-1,175.000,125.000,700.000,600.000,750.000,-1,-1,2,0,2,0,2,0,0,2,0,2,0,0,0,0,0,2,2
11,3132.493,-5927.499,-531.849,64.794,0.424516,-0.904700,-0.036106,0.898278,0.425831,-0.108462,0.113501,0.013611,0.993445,0,0.75920,0.73941,45.552,1.479,-1,350.000,-1,400.000,-1,300.000,325.000,-1,325.000,-1,175.000,125.000,675.000,625.000,775.000,-1,-1,2,0,2,0,2,0,0,2,0,2,0,0,0,0,0,2,2
12,3150.591,-5886.319,-528.031,66.272,0.401354,-0.915339,-0.032716,0.908109,0.402332,-0.116047,0.119385,0.016866,0.992705,0,0.74966,0.73909,44.980,1.478,-1,350.000,-1,400.000,-1,300.000,325.000,-1,300.000,-1,175.000,125.000,650.000,650.000,775.000,-1,-1,2,0,2,0,2,0,0,2,0,2,0,0,0,0,0,2,2
13,3167.412,-5845.198,-524.159,67.749,0.378079,-0.925338,-0.028383,0.917318,0.378584,-0.123293,0.124833,0.020578,0.991964,0,0.74044,0.73832,44.427,1.477,-1,375.000,-1,400.000,-1,300.000,325.000,-1,300.000,-1,200.000,150.000,625.000,675.000,775.000,-1,-1,2,0,2,0,2,0,0,2,0,2,0,0,0,0,0,2,2
14,3182.982,-5804.157,-518.941,69.223,0.354243,-0.934784,-0.026282,0.926599,0.354657,-0.125028,0.126195,0.019938,0.991805,0,0.73159,0.73712,43.895,1.474,-1,375.000,-1,400.000,-1,300.000,325.000,-1,300.000,-1,225.000,175.000,650.000,700.000,775.000,-1,-1,2,0,2,0,2,0,0,2,0,2,0,0,0,0,0,2,2
15,3197.328,-5763.208,-513.142,70.694,0.330015,-0.943621,-0.025898,0.935209,0.330557,-0.126947,0.128351,0.017675,0.991571,0,0.72314,0.73551,43.388,1.471,-1,375.000,-1,400.000,-1,300.000,325.000,-1,300.000,-1,250.000,200.000,700.000,725.000,775.000,-1,-1,2,0,2,0,2,0,0,2,0,2,0,0,0,0,0,2,2
16,3210.472,-5722.365,-507.178,72.161,0.305613,-0.951812,-0.025600,0.943151,0.306302,-0.129013,0.130637,0.015284,0.991312,0,0.71510,0.73352,42.906,1.467,-1,375.000,-1,400.000,-1,300.000,325.000,-1,300.000,-1,300.000,250.000,725.000,750.000,825.000,-1,-1,2,0,2,0,2,0,0,2,0,2,0,0,0,0,0,2,2
17,3222.441,-5681.637,-501.200,73.624,0.281142,-0.959346,-0.024782,0.950453,0.281920,-0.130994,0.132655,0.013274,0.991073,0,0.70750,0.73118,42.450,1.462,-1,375.000,-1,400.000,-1,300.000,325.000,-1,300.000,-1,325.000,275.000,750.000,800.000,875.000,-1,-1,2,0,2,0,2,0,0,2,0,2,0,0,0,0,0,2,2
18,3233.260,-5641.032,-495.213,75.081,0.256630,-0.966224,-0.023490,0.957116,0.257441,-0.132868,0.134427,0.011615,0.990855,0,0.70035,0.72850,42.021,1.457,-1,375.000,-1,400.000,-1,300.000,325.000,-1,300.000,-1,350.000,300.000,775.000,825.000,900.000,-1,-1,2,0,2,0,2,0,0,2,0,2,0,0,0,0,0,2,2
19,3242.954,-5600.557,-489.222,76.532,0.232102,-0.972448,-0.021771,0.963140,0.232895,-0.134613,0.135974,0.010275,0.990659,0,0.69364,0.72552,41.619,1.451,-1,375.000,-1,400.000,-1,300.000,325.000,-1,300.000,-1,400.000,350.000,775.000,850.000,950.000,-1,-1,2,0,2,0,2,0,0,2,0,2,0,0,0,0,0,2,2
20,3251.545,-5560.219,-483.231,77.976,0.207583,-0.978020,-0.019670,0.968531,0.208309,-0.136214,0.137318,0.009225,0.990484,0,0.68739,0.72224,41.243,1.444,-1,375.000,-1,400.000,-1,300.000,325.000,-1,300.000,-1,425.000,375.000,800.000,900.000,975.000,-1,-1,2,0,2,0,2,0,0,2,0,2,0,0,0,0,0,2,2
21,3259.058,-5520.020,-477.245,79.414,0.183096,-0.982944,-0.017233,0.973293,0.183712,-0.137661,0.138479,0.008433,0.990329,0,0.68157,0.71868,40.894,1.437,-1,400.000,-1,400.000,-1,300.000,325.000,-1,325.000,-1,450.000,400.000,825.000,925.000,1000.000,-1,-1,2,0,2,0,2,0,0,2,0,2,0,0,0,0,0,2,2
22,3265.514,-5479.966,-471.269,80.843,0.158663,-0.987226,-0.014503,0.977431,0.159130,-0.138945,0.139478,0.007869,0.990194,0,0.67619,0.71487,40.571,1.430,-1,400.000,-1,400.000,-1,325.000,325.000,-1,300.000,-1,475.000,400.000,850.000,950.000,-1,-1,-1,2,0,2,0,2,0,0,2,0,2,0,0,0,1,2,2,2
23,3270.935,-5440.058,-465.678,82.265,0.134080,-0.990883,-0.013155,0.980816,0.134590,-0.141019,0.141503,0.006006,0.989920,0,0.67123,0.71082,40.274,1.422,-1,425.000,-1,425.000,-1,325.000,325.000,-1,300.000,-1,500.000,375.000,875.000,925.000,-1,-1,-1,2,0,2,0,2,0,0,2,0,2,0,0,0,1,2,2,2
24,3274.942,-5404.811,-460.894,83.514,0.112339,-0.993592,-0.012431,0.983226,0.112959,-0.143203,0.143690,0.003865,0.989615,0,0.59123,0.62456,35.474,1.249,-1,425.000,-1,425.000,-1,325.000,325.000,-1,300.000,-1,425.000,325.000,875.000,900.000,1000.000,-1,-1,2,0,2,0,2,0,0,2,0,2,0,0,0,1,1,2,2
25,3277.747,-5374.265,-456.766,84.755,0.090676,-0.995812,-0.011687,0.985182,0.091411,-0.145125,0.145585,0.001646,0.989344,0,0.51123,0.62057,30.674,1.241,-1,425.000,-1,450.000,-1,350.000,350.000,-1,300.000,-1,375.000,300.000,900.000,875.000,975.000,-1,-1,2,0,2,0,2,0,0,2,0,2,0,0,0,1,1,2,2
26,3279.855,-5344.202,-452.719,85.989,0.069098,-0.997551,-0.010862,0.986656,0.069945,-0.147033,0.147432,-0.000557,0.989072,0,0.50226,0.61699,30.136,1.234,-1,450.000,-1,450.000,-1,350.000,350.000,-1,300.000,-1,350.000,275.000,900.000,875.000,925.000,-1,-1,2,0,2,0,2,0,0,2,0,2,0,0,0,1,1,2,2
27,3281.314,-5314.205,-448.698,87.216,0.047620,-0.998816,-0.009952,0.987651,0.048572,-0.148948,0.149255,-0.002736,0.988795,0,0.50054,0.61338,30.032,1.227,-1,450.000,-1,450.000,-1,350.000,350.000,-1,300.000,-1,325.000,275.000,925.000,850.000,900.000,-1,-1,2,0,2,0,2,0,0,2,0,2,0,0,0,1,1,2,2
28,3282.131,-5284.278,-444.701,88.435,0.026254,-0.999615,-0.008956,0.988177,0.027305,-0.150865,0.151052,-0.004890,0.988514,0,0.49896,0.60969,29.938,1.219,-1,475.000,-1,475.000,-1,375.000,375.000,-1,300.000,-1,300.000,250.000,950.000,850.000,875.000,-1,-1,2,0,2,0,2,0,0,2,0,2,0,0,0,1,1,2,2
29,3282.315,-5254.426,-440.703,89.647,0.005028,-0.999957,-0.007784,0.988252,0.006157,-0.152707,0.152748,-0.006925,0.988241,0,0.49753,0.60593,29.852,1.212,-1,475.000,-1,475.000,-1,375.000,375.000,-1,300.000,-1,275.000,250.000,925.000,825.000,825.000,-1,-1,2,0,2,0,2,0,0,2,0,2,0,0,0,1,1,2,2
30,3281.873,-5224.656,-436.831,90.851,-0.016088,-0.999846,-0.006950,0.988489,-0.014859,-0.150559,0.150433,-0.009293,0.988577,0,0.49623,0.60211,29.774,1.204,-1,475.000,-1,475.000,-1,375.000,375.000,-1,300.000,-1,325.000,275.000,975.000,800.000,800.000,1000.000,-1,2,0,2,0,2,0,0,2,0,2,0,0,0,1,1,1,2
31,3280.634,-5190.106,-432.759,92.052,-0.037106,-0.999293,-0.006082,0.988524,-0.035813,-0.146756,0.146434,-0.011458,0.989154,0,0.57623,0.60054,34.574,1.201,-1,475.000,-1,475.000,-1,375.000,375.000,-1,300.000,-1,400.000,350.000,1000.000,775.000,750.000,975.000,950.000,2,0,2,0,2,0,0,2,0,2,0,0,0,1,1,1,1
32,3278.631,-5154.841,-428.604,93.251,-0.058072,-0.998298,-0.005373,0.988116,-0.056711,-0.142866,0.142318,-0.013606,0.989727,0,0.58873,0.59943,35.324,1.199,-1,450.000,975.000,475.000,-1,375.000,375.000,-1,300.000,-1,475.000,425.000,-1,750.000,725.000,925.000,875.000,2,0,1,0,2,0,0,2,0,2,0,0,2,1,1,1,1
33,3275.904,-5119.785,-424.475,94.448,-0.078973,-0.996865,-0.004829,0.987253,-0.077538,-0.138996,0.138186,-0.015744,0.990281,0,0.58606,0.59814,35.164,1.196,-1,450.000,925.000,475.000,-1,375.000,375.000,-1,300.000,-1,575.000,500.000,-1,725.000,675.000,900.000,800.000,2,0,1,0,2,0,0,2,0,2,0,0,2,1,1,1,1
34,3272.462,-5084.949,-420.373,95.641,-0.099792,-0.994998,-0.004447,0.985939,-0.098279,-0.135151,0.134038,-0.017872,0.990815,0,0.58345,0.59669,35.007,1.193,975.000,450.000,875.000,450.000,975.000,350.000,375.000,-1,300.000,-1,700.000,625.000,-1,700.000,650.000,850.000,725.000,1,0,1,0,1,0,0,2,0,2,0,0,2,1,1,1,1
35,3268.317,-5050.345,-416.298,96.831,-0.120515,-0.992703,-0.004227,0.984179,-0.118921,-0.131336,0.129875,-0.019988,0.991329,0,0.58087,0.59511,34.852,1.190,950.000,450.000,850.000,450.000,825.000,350.000,350.000,-1,275.000,-1,875.000,750.000,-1,675.000,600.000,825.000,675.000,1,0,1,0,1,0,0,2,0,2,0,0,2,1,1,1,1
36,3263.476,-5015.985,-412.344,98.018,-0.141174,-0.989974,-0.004587,0.982011,-0.139448,-0.127310,0.125394,-0.022477,0.991852,0,0.57834,0.59338,34.700,1.187,925.000,425.000,800.000,450.000,725.000,350.000,350.000,-1,275.000,-1,950.000,925.000,-1,650.000,575.000,800.000,625.000,1,0,1,0,1,0,0,2,0,2,0,0,2,1,1,1,1
37,3257.951,-4981.882,-409.422,99.201,-0.162165,-0.986716,-0.009683,0.979726,-0.159830,-0.120797,0.117645,-0.029076,0.992630,0,0.57584,0.59151,34.550,1.183,875.000,425.000,750.000,425.000,650.000,350.000,350.000,-1,300.000,-1,-1,-1,-1,600.000,525.000,750.000,575.000,1,1,1,1,1,0,0,2,0,2,2,2,2,1,1,1,1
38,3251.751,-4948.046,-406.453,100.380,-0.182909,-0.983020,-0.014702,0.976944,-0.180063,-0.114710,0.110115,-0.035344,0.993290,0,0.57336,0.58950,34.402,1.179,825.000,400.000,700.000,400.000,575.000,325.000,325.000,-1,300.000,-1,-1,-1,-1,575.000,500.000,700.000,525.000,1,1,1,1,1,0,0,2,0,2,2,2,2,1,1,1,1
39,3244.888,-4914.488,-403.431,101.555,-0.203399,-0.978900,-0.019587,0.973681,-0.200133,-0.109054,0.102833,-0.041253,0.993843,0,0.57091,0.58736,34.254,1.175,775.000,400.000,650.000,375.000,525.000,325.000,325.000,-1,300.000,-1,-1,-1,-1,525.000,475.000,650.000,500.000,1,1,1,1,1,0,0,2,0,2,2,2,2,1,1,1,1
40,3237.373,-4881.220,-400.350,102.725,-0.223631,-0.974371,-0.024285,0.969952,-0.220029,-0.103830,0.095825,-0.046775,0.994299,0,0.56847,0.58509,34.108,1.170,750.000,375.000,600.000,350.000,475.000,300.000,325.000,-1,325.000,-1,-1,-1,-1,500.000,425.000,625.000,450.000,1,1,1,1,1,0,1,2,0,2,2,2,2,1,1,1,1
41,3229.217,-4848.252,-397.204,103.890,-0.243600,-0.969450,-0.028745,0.965773,-0.239740,-0.099031,0.089114,-0.051885,0.994669,0,0.56606,0.58270,33.963,1.165,700.000,375.000,575.000,325.000,425.000,300.000,300.000,-1,325.000,-1,-1,-1,-1,475.000,400.000,575.000,400.000,1,1,1,1,1,0,1,2,0,2,2,2,2,1,1,1,1
42,3220.432,-4815.595,-393.990,105.051,-0.263306,-0.964151,-0.032918,0.961159,-0.259257,-0.094650,0.082723,-0.056562,0.994966,0,0.56366,0.58018,33.819,1.160,650.000,350.000,525.000,300.000,375.000,300.000,275.000,-1,325.000,-1,-1,-1,-1,450.000,375.000,550.000,350.000,1,1,1,1,1,1,1,2,0,2,2,2,2,1,1,1,1
43,3211.031,-4783.259,-390.702,106.206,-0.282746,-0.958490,-0.036760,0.956126,-0.278571,-0.090673,0.076669,-0.060785,0.995202,0,0.56127,0.57754,33.676,1.155,625.000,325.000,500.000,275.000,325.000,275.000,275.000,-1,325.000,-1,-1,-1,-1,425.000,350.000,500.000,325.000,1,1,1,1,1,1,1,2,0,2,2,2,2,1,1,1,1
44,3201.025,-4751.254,-387.338,107.355,-0.301921,-0.952484,-0.040228,0.950687,-0.297674,-0.087083,0.070970,-0.064537,0.995388,0,0.55890,0.57478,33.534,1.150,600.000,300.000,450.000,250.000,300.000,275.000,250.000,-1,350.000,-1,-1,-1,-1,400.000,325.000,475.000,275.000,1,1,1,1,1,1,1,2,0,2,2,2,2,1,1,1,1
45,3190.427,-4719.588,-383.894,108.499,-0.320832,-0.946146,-0.043283,0.944859,-0.316559,-0.083860,0.065642,-0.067801,0.995537,0,0.55655,0.57191,33.393,1.144,550.000,300.000,425.000,250.000,250.000,250.000,225.000,-1,350.000,-1,-1,-1,-1,375.000,300.000,450.000,250.000,1,1,1,1,1,1,1,2,0,2,2,2,2,1,1,1,1
46,3179.251,-4688.271,-380.599,109.637,-0.339462,-0.939549,-0.044871,0.938615,-0.335241,-0.081333,0.061374,-0.069726,0.995676,0,0.55421,0.56892,33.253,1.138,525.000,275.000,400.000,225.000,225.000,225.000,200.000,-1,350.000,-1,-1,-1,-1,350.000,275.000,425.000,200.000,1,1,1,1,1,1,1,2,0,2,2,2,2,1,1,1,1
47,3167.509,-4657.310,-377.702,110.769,-0.357806,-0.932768,-0.043810,0.931935,-0.353740,-0.079785,0.058924,-0.069376,0.995849,0,0.55189,0.56582,33.114,1.132,500.000,250.000,350.000,200.000,175.000,225.000,200.000,-1,350.000,-1,-1,-1,-1,325.000,250.000,400.000,175.000,1,1,1,1,1,1,1,2,0,2,2,2,2,1,1,1,1
48,3155.203,-4626.715,-370.558,111.894,-0.377387,-0.924599,-0.051912,0.923482,-0.371570,-0.095484,0.068995,-0.083974,0.994076,0,0.54960,0.56261,32.976,1.125,500.000,250.000,375.000,200.000,175.000,225.000,175.000,-1,400.000,-1,-1,-1,-1,325.000,250.000,400.000,175.000,1,1,1,1,1,1,1,2,0,2,2,2,2,1,1,1,1
49,3144.284,-4600.740,-364.073,112.779,-0.393025,-0.917676,-0.058330,0.916149,-0.385360,-0.110309,0.078749,-0.096793,0.992184,0,0.46960,0.44261,28.176,0.885,475.000,250.000,375.000,200.000,175.000,200.000,175.000,-1,425.000,-1,-1,-1,-1,325.000,250.000,400.000,175.000,1,1,1,1,1,1,1,2,0,2,2,2,2,1,1,1,1
50,3134.983,-4579.292,-358.660,113.424,-0.404570,-0.912357,-0.062678,0.910361,-0.395270,-0.122489,0.086979,-0.106615,0.990489,0,0.38960,0.32261,23.376,0.645,475.000,250.000,375.000,200.000,175.000,200.000,175.000,-1,475.000,-1,-1,-1,-1,325.000,250.000,375.000,175.000,1,1,1,1,1,1,1,2,1,2,2,2,2,1,1,1,1
51,3127.472,-4562.302,-354.318,113.829,-0.412025,-0.908818,-0.065462,0.906343,-0.401395,-0.132002,0.093690,-0.113720,0.989086,0,0.30960,0.20261,18.576,0.405,475.000,250.000,375.000,200.000,175.000,200.000,175.000,-1,475.000,-1,-1,-1,-1,325.000,250.000,375.000,150.000,1,1,1,1,1,1,1,2,1,2,2,2,2,1,1,1,1
52,3121.866,-4549.717,-351.051,113.995,-0.415394,-0.907165,-0.067074,0.904252,-0.403795,-0.138845,0.098871,-0.118327,0.988040,0,0.22960,0.08261,13.776,0.165,475.000,250.000,375.000,200.000,150.000,200.000,175.000,-1,475.000,-1,-1,-1,-1,325.000,250.000,375.000,150.000,1,1,1,1,1,1,1,2,1,2,2,2,2,1,1,1,1
53,3118.224,-4541.512,-348.869,113.920,-0.414674,-0.907442,-0.067784,0.904179,-0.402500,-0.143017,0.102497,-0.120594,0.987396,0,0.14960,-0.03739,8.976,-0.075,475.000,250.000,375.000,200.000,150.000,200.000,175.000,-1,475.000,-1,-1,-1,-1,325.000,250.000,375.000,150.000,1,1,1,1,1,1,1,2,1,2,2,2,2,1,1,1,1
54,3116.552,-4537.684,-347.788,113.605,-0.409842,-0.909638,-0.067743,0.906148,-0.397507,-0.144511,0.104524,-0.120612,0.987182,0,0.06960,-0.15739,4.176,-0.315,450.000,250.000,375.000,200.000,150.000,200.000,175.000,-1,475.000,-1,-1,-1,-1,300.000,250.000,375.000,150.000,1,1,1,1,1,1,1,2,1,2,2,2,2,1,1,1,1
55,3116.800,-4538.257,-347.838,113.104,-0.401725,-0.913302,-0.067053,0.909740,-0.389631,-0.143390,0.104833,-0.118604,0.987392,0,-0.01040,-0.25057,-0.624,-0.501,450.000,250.000,375.000,200.000,150.000,200.000,175.000,-1,475.000,-1,-1,-1,-1,300.000,250.000,350.000,150.000,1,1,1,1,1,1,1,2,1,2,2,2,2,1,1,1,1
56,3118.888,-4543.263,-349.073,112.603,-0.393314,-0.917040,-0.065884,0.913596,-0.381783,-0.139941,0.103178,-0.115232,0.987965,0,-0.09040,-0.25049,-5.424,-0.501,450.000,250.000,375.000,200.000,175.000,200.000,175.000,-1,475.000,-1,-1,-1,-1,300.000,250.000,350.000,150.000,1,1,1,1,1,1,1,2,1,2,2,2,2,1,1,1,1
57,3122.739,-4552.734,-351.496,112.103,-0.384637,-0.920838,-0.064115,0.917683,-0.373978,-0.134155,0.099558,-0.110439,0.988884,0,-0.17040,-0.24977,-10.224,-0.500,450.000,250.000,375.000,200.000,175.000,200.000,175.000,-1,475.000,-1,-1,-1,-1,300.000,250.000,350.000,150.000,1,1,1,1,1,1,1,2,1,2,2,2,2,1,1,1,1
58,3128.277,-4566.701,-355.103,111.607,-0.375733,-0.924680,-0.061575,0.921949,-0.366231,-0.126033,0.093989,-0.104123,0.990113,0,-0.25040,-0.24840,-15.024,-0.497,450.000,250.000,350.000,200.000,175.000,200.000,175.000,-1,475.000,-1,-1,-1,-1,300.000,250.000,350.000,175.000,1,1,1,1,1,1,1,2,0,2,2,2,2,1,1,1,1
59,3135.425,-4585.194,-359.880,111.114,-0.366655,-0.928545,-0.058042,0.926326,-0.358554,-0.115585,0.086514,-0.096145,0.991600,0,-0.33040,-0.24640,-19.824,-0.493,450.000,250.000,350.000,200.000,175.000,200.000,175.000,-1,450.000,-1,-1,-1,-1,300.000,250.000,375.000,175.000,1,1,1,1,1,1,1,2,0,2,2,2,2,1,1,1,1
60,3144.106,-4608.238,-365.806,110.626,-0.357471,-0.932405,-0.053254,0.930728,-0.350955,-0.102834,0.077193,-0.086325,0.993272,0,-0.41040,-0.24381,-24.624,-0.488,450.000,250.000,350.000,200.000,175.000,200.000,175.000,-1,400.000,-1,-1,-1,-1,300.000,250.000,375.000,175.000,1,1,1,1,1,1,1,2,0,2,2,2,2,1,1,1,1
61,3154.248,-4635.861,-372.853,110.145,-0.348271,-0.936220,-0.046908,0.935060,-0.343439,-0.087818,0.066107,-0.074446,0.995031,0,-0.49040,-0.24069,-29.424,-0.481,475.000,250.000,350.000,200.000,175.000,200.000,175.000,-1,375.000,-1,-1,-1,-1,300.000,225.000,375.000,175.000,1,1,1,1,1,1,1,2,0,2,2,2,2,1,1,1,1
62,3163.953,-4663.371,-378.113,109.423,-0.335774,-0.940949,-0.043255,0.940012,-0.331794,-0.079311,0.060276,-0.067290,0.995911,0,-0.48618,-0.36069,-29.171,-0.721,475.000,250.000,375.000,200.000,200.000,225.000,200.000,-1,350.000,-1,-1,-1,-1,325.000,250.000,400.000,175.000,1,1,1,1,1,1,1,2,0,2,2,2,2,1,1,1,1
63,3173.126,-4690.847,-380.769,108.462,-0.320079,-0.946339,-0.044638,0.945351,-0.315945,-0.080565,0.062139,-0.067985,0.995749,0,-0.48279,-0.48069,-28.967,-0.961,500.000,275.000,400.000,225.000,225.000,225.000,200.000,-1,350.000,-1,-1,-1,-1,350.000,275.000,400.000,225.000,1,1,1,1,1,1,1,2,0,2,2,2,2,1,1,1,1
64,3181.750,-4718.370,-383.887,107.395,-0.302462,-0.952196,-0.042894,0.950863,-0.298305,-0.082905,0.066146,-0.065862,0.995634,0,-0.48072,-0.53366,-28.843,-1.067,525.000,275.000,425.000,250.000,250.000,250.000,225.000,-1,350.000,-1,-1,-1,-1,350.000,300.000,425.000,250.000,1,1,1,1,1,1,1,2,0,2,2,2,2,1,1,1,1
65,3189.839,-4745.962,-386.981,106.334,-0.284818,-0.957719,-0.040658,0.955984,-0.280670,-0.085555,0.070526,-0.063236,0.995504,0,-0.47924,-0.53049,-28.754,-1.061,550.000,300.000,450.000,250.000,300.000,250.000,250.000,-1,350.000,-1,-1,-1,-1,375.000,300.000,450.000,275.000,1,1,1,1,1,1,1,2,0,2,2,2,2,1,1,1,1
66,3197.395,-4773.610,-390.003,105.279,-0.267150,-0.962898,-0.038182,0.960723,-0.263039,-0.088439,0.075114,-0.060308,0.995350,0,-0.47772,-0.52741,-28.663,-1.055,575.000,325.000,475.000,275.000,325.000,275.000,250.000,-1,325.000,-1,-1,-1,-1,400.000,325.000,475.000,300.000,1,1,1,1,1,1,1,2,0,2,2,2,2,1,1,1,1
67,3204.420,-4801.303,-392.957,104.230,-0.249458,-0.967735,-0.035495,0.965084,-0.245416,-0.091563,0.079897,-0.057096,0.995167,0,-0.47618,-0.52442,-28.571,-1.049,625.000,350.000,500.000,300.000,350.000,275.000,275.000,-1,325.000,-1,-1,-1,-1,425.000,350.000,500.000,350.000,1,1,1,1,1,0,1,2,0,2,2,2,2,1,1,1,1
68,3210.919,-4829.027,-395.844,103.187,-0.231743,-0.972230,-0.032628,0.969069,-0.227804,-0.094928,0.084859,-0.053618,0.994949,0,-0.47461,-0.52151,-28.477,-1.043,650.000,350.000,525.000,325.000,400.000,300.000,300.000,-1,325.000,-1,-1,-1,-1,450.000,375.000,550.000,375.000,1,1,1,1,1,0,1,2,0,2,2,2,2,1,1,1,1
69,3216.894,-4856.771,-398.670,102.150,-0.214006,-0.976384,-0.029612,0.972679,-0.210205,-0.098536,0.089985,-0.049890,0.994693,0,-0.47302,-0.51869,-28.381,-1.037,675.000,375.000,575.000,325.000,450.000,300.000,300.000,-1,325.000,-1,-1,-1,-1,475.000,400.000,575.000,425.000,1,1,1,1,1,0,1,2,0,2,2,2,2,1,1,1,1
70,3222.350,-4884.522,-401.438,101.118,-0.196246,-0.980197,-0.026477,0.975917,-0.192623,-0.102385,0.095257,-0.045932,0.994392,0,-0.47141,-0.51596,-28.284,-1.032,700.000,375.000,600.000,350.000,475.000,300.000,325.000,-1,300.000,-1,-1,-1,-1,500.000,425.000,600.000,450.000,1,1,1,1,1,0,0,2,0,2,2,2,2,1,1,1,1
71,3226.561,-4907.625,-403.720,100.326,-0.182542,-0.982907,-0.023919,0.978136,-0.179083,-0.105735,0.099644,-0.042697,0.994107,0,-0.39141,-0.39596,-23.484,-0.792,725.000,375.000,625.000,375.000,500.000,300.000,325.000,-1,300.000,-1,-1,-1,-1,525.000,450.000,625.000,475.000,1,1,1,1,1,0,0,2,0,2,2,2,2,1,1,1,1
72,3229.734,-4926.037,-405.541,99.774,-0.172953,-0.984685,-0.021991,0.979522,-0.169624,-0.108462,0.103070,-0.040300,0.993857,0,-0.31141,-0.27596,-18.684,-0.552,750.000,375.000,650.000,375.000,550.000,325.000,325.000,-1,300.000,-1,-1,-1,-1,525.000,475.000,650.000,500.000,1,1,1,1,1,0,0,2,0,2,2,2,2,1,1,1,1
73,3232.017,-4939.732,-406.920,99.462,-0.167519,-0.985651,-0.020734,0.980210,-0.164270,-0.110470,0.105479,-0.038830,0.993663,0,-0.23141,-0.15596,-13.884,-0.312,775.000,400.000,675.000,400.000,575.000,325.000,325.000,-1,300.000,-1,-1,-1,-1,550.000,475.000,650.000,525.000,1,1,1,1,1,0,0,2,0,2,2,2,2,1,1,1,1
74,3233.499,-4948.694,-407.871,99.390,-0.166266,-0.985874,-0.020182,0.980278,-0.163036,-0.111693,0.106825,-0.038355,0.993538,0,-0.15141,-0.03596,-9.084,-0.072,800.000,400.000,675.000,400.000,575.000,325.000,325.000,-1,300.000,-1,-1,-1,-1,550.000,500.000,675.000,525.000,1,1,1,1,1,0,0,2,0,2,2,2,2,1,1,1,1
75,3234.210,-4952.919,-408.406,99.558,-0.169206,-0.985370,-0.020367,0.979747,-0.165923,-0.112091,0.107072,-0.038921,0.993489,0,-0.07141,0.08404,-4.284,0.168,800.000,400.000,700.000,400.000,575.000,325.000,325.000,-1,300.000,-1,-1,-1,-1,550.000,500.000,675.000,550.000,1,1,1,1,1,0,0,2,0,2,2,2,2,1,1,1,1
76,3234.121,-4952.411,-408.532,99.966,-0.176334,-0.984099,-0.021328,0.978585,-0.172926,-0.111656,0.106193,-0.040560,0.993518,0,0.00859,0.20404,0.516,0.408,800.000,400.000,700.000,400.000,575.000,325.000,325.000,-1,300.000,-1,-1,-1,-1,550.000,500.000,675.000,550.000,1,1,1,1,1,0,0,2,0,2,2,2,2,1,1,1,1
77,3233.140,-4947.187,-408.254,100.614,-0.187629,-0.981968,-0.023105,0.976701,-0.184025,-0.110409,0.104166,-0.043283,0.993618,0,0.08859,0.32404,5.316,0.648,800.000,400.000,675.000,400.000,550.000,300.000,325.000,-1,300.000,-1,-1,-1,-1,550.000,500.000,675.000,525.000,1,1,1,1,1,0,0,2,0,2,2,2,2,1,1,1,1
78,3231.122,-4937.276,-407.576,101.502,-0.203052,-0.978829,-0.025745,0.973947,-0.199188,-0.108404,0.100981,-0.047086,0.993773,0,0.16859,0.44404,10.116,0.888,800.000,375.000,675.000,400.000,550.000,300.000,325.000,-1,300.000,-1,-1,-1,-1,550.000,475.000,675.000,500.000,1,1,1,1,1,0,0,2,0,2,2,2,2,1,1,1,1
79,3227.858,-4922.723,-406.496,102.630,-0.222541,-0.974483,-0.029290,0.970122,-0.218367,-0.105729,0.096635,-0.051943,0.993964,0,0.24859,0.56404,14.916,1.128,775.000,375.000,650.000,375.000,525.000,300.000,325.000,-1,325.000,-1,-1,-1,-1,525.000,475.000,650.000,500.000,1,1,1,1,1,0,0,2,0,2,2,2,2,1,1,1,1
80,3223.086,-4903.595,-405.012,103.999,-0.246008,-0.968679,-0.033773,0.964973,-0.241493,-0.102507,0.091141,-0.057808,0.994159,0,0.32859,0.68404,19.716,1.368,775.000,375.000,625.000,375.000,475.000,300.000,300.000,-1,325.000,-1,-1,-1,-1,525.000,450.000,650.000,450.000,1,1,1,1,1,0,0,2,0,2,2,2,2,1,1,1,1
81,3216.486,-4879.986,-403.117,105.607,-0.273335,-0.961119,-0.039212,0.958198,-0.268469,-0.098899,0.084527,-0.064606,0.994325,0,0.40859,0.80404,24.516,1.608,750.000,350.000,600.000,350.000,450.000,275.000,300.000,-1,325.000,-1,-1,-1,-1,500.000,425.000,625.000,425.000,1,1,1,1,1,0,0,2,0,2,2,2,2,1,1,1,1
82,3207.687,-4852.024,-400.800,107.455,-0.304369,-0.951462,-0.045593,0.949450,-0.299168,-0.095098,0.076842,-0.072233,0.994423,0,0.48859,0.92404,29.316,1.848,725.000,350.000,575.000,325.000,400.000,275.000,300.000,-1,325.000,-1,-1,-1,-1,475.000,400.000,600.000,400.000,1,1,1,1,1,0,1,2,0,2,2,2,2,1,1,1,1
83,3196.317,-4819.861,-398.010,109.455,-0.337465,-0.939867,-0.052613,0.938852,-0.331989,-0.091323,0.068364,-0.080214,0.994430,0,0.56859,1.00000,34.116,2.000,700.000,325.000,525.000,300.000,350.000,275.000,275.000,-1,350.000,-1,-1,-1,-1,450.000,375.000,575.000,350.000,1,1,1,1,1,1,1,2,0,2,2,2,2,1,1,1,1
84,3182.076,-4783.647,-394.658,111.455,-0.369998,-0.927114,-0.059684,0.927120,-0.364354,-0.087718,0.059578,-0.087789,0.994356,0,0.64859,1.00000,38.916,2.000,675.000,325.000,475.000,275.000,300.000,250.000,250.000,-1,350.000,-1,-1,-1,-1,425.000,325.000,525.000,300.000,1,1,1,1,1,1,1,2,0,2,2,2,2,1,1,1,1
85,3164.668,-4743.549,-390.701,113.455,-0.401933,-0.913251,-0.066508,0.914265,-0.396235,-0.084371,0.050699,-0.094717,0.994212,0,0.72859,1.00000,43.716,2.000,625.000,300.000,450.000,250.000,250.000,250.000,225.000,-1,375.000,-1,-1,-1,-1,400.000,300.000,500.000,250.000,1,1,1,1,1,1,1,2,0,2,2,2,2,1,1,1,1
86,3145.450,-4703.189,-387.134,115.455,-0.433320,-0.898524,-0.069910,0.900161,-0.427703,-0.082345,0.044088,-0.098612,0.994149,0,0.74507,1.00000,44.704,2.000,600.000,300.000,400.000,225.000,200.000,250.000,200.000,-1,375.000,-1,-1,-1,-1,375.000,275.000,475.000,200.000,1,1,1,1,1,1,1,2,0,2,2,2,2,1,1,1,1
87,3124.873,-4663.594,-383.642,117.455,-0.464257,-0.882834,-0.071201,0.884811,-0.458688,-0.081941,0.039681,-0.101041,0.994091,0,0.74374,1.00000,44.625,2.000,-1,275.000,375.000,200.000,175.000,225.000,200.000,-1,375.000,-1,-1,-1,-1,350.000,250.000,450.000,175.000,2,1,1,1,1,1,1,2,0,2,2,2,2,1,1,1,1
88,3102.951,-4624.824,-374.676,119.455,-0.496606,-0.864176,-0.081133,0.866451,-0.488026,-0.105324,0.051423,-0.122602,0.991123,0,0.74232,1.00000,44.539,2.000,-1,275.000,375.000,200.000,150.000,225.000,200.000,-1,425.000,-1,-1,-1,-1,350.000,250.000,450.000,150.000,2,1,1,1,1,1,1,2,0,2,2,2,2,1,1,1,1
89,3079.734,-4586.922,-365.902,121.455,-0.528471,-0.844363,-0.088139,0.846631,-0.516509,-0.128195,0.062718,-0.142369,0.987825,0,0.74081,1.00000,44.449,2.000,-1,275.000,375.000,200.000,150.000,225.000,200.000,-1,425.000,-1,-1,-1,-1,350.000,250.000,450.000,150.000,2,1,1,1,1,1,1,2,1,2,2,2,2,1,1,1,1
90,3055.262,-4549.934,-357.337,123.455,-0.559713,-0.823526,-0.092340,0.825417,-0.544144,-0.150309,0.073537,-0.160349,0.984317,0,0.73921,1.00000,44.353,2.000,-1,275.000,375.000,200.000,150.000,225.000,200.000,-1,375.000,-1,-1,-1,-1,350.000,250.000,450.000,150.000,2,1,1,1,1,1,1,2,1,2,2,2,2,1,1,1,1
91,3029.572,-4513.905,-348.997,125.455,-0.590202,-0.801779,-0.093876,0.802889,-0.570948,-0.171430,0.083850,-0.176550,0.980714,0,0.73753,1.00000,44.252,2.000,-1,275.000,400.000,200.000,150.000,225.000,175.000,-1,350.000,-1,75.000,-1,-1,350.000,250.000,475.000,150.000,2,1,1,1,1,1,1,2,1,2,0,2,2,1,1,1,1
92,2999.884,-4474.859,-340.151,127.215,-0.617076,-0.781434,-0.092617,0.780828,-0.593457,-0.195235,0.097598,-0.192793,0.976374,0,0.81753,0.88000,49.052,1.760,-1,275.000,400.000,200.000,125.000,225.000,175.000,-1,350.000,900.000,25.000,-1,-1,350.000,250.000,-1,150.000,2,1,1,1,1,1,1,2,1,1,0,2,2,1,1,2,1
93,2968.099,-4435.275,-331.093,128.735,-0.640210,-0.763133,-0.088082,0.759811,-0.612145,-0.219013,0.113217,-0.207140,0.971738,0,0.84610,0.76000,50.766,1.520,-1,275.000,400.000,200.000,125.000,225.000,175.000,-1,325.000,675.000,25.000,750.000,-1,350.000,250.000,-1,150.000,2,1,1,1,1,1,1,2,1,1,0,0,2,1,1,2,1
94,2932.336,-4392.742,-322.691,130.015,-0.661622,-0.745357,-0.081855,0.736673,-0.625755,-0.256407,0.139893,-0.229945,0.963097,0,0.92610,0.64000,55.566,1.280,-1,275.000,450.000,200.000,150.000,225.000,200.000,-1,300.000,475.000,0.000,225.000,-1,375.000,250.000,-1,150.000,2,1,1,1,1,1,1,2,1,1,0,0,2,1,1,2,1
95,-2951.672,8199.211,-110.333,-21.547,0.930299,0.365370,0.032379,-0.366765,0.925322,0.096244,0.005203,-0.101411,0.994831,1,0.00000,0.00000,58.110,1.040,-1,400.000,-1,425.000,-1,325.000,325.000,300.000,275.000,-1,-1,-1,-1,850.000,900.000,-1,-1,2,0,2,0,2,0,0,0,0,2,2,2,2,0,0,2,2
96,-2947.200,8197.467,-110.315,-21.307,0.931807,0.361492,0.032529,-0.362924,0.926848,0.096123,0.004598,-0.101374,0.994838,0,0.08000,0.12000,4.800,0.240,-1,400.000,-1,425.000,-1,325.000,325.000,300.000,275.000,-1,-1,-1,-1,850.000,900.000,-1,-1,2,0,2,0,2,0,0,0,0,2,2,2,2,0,0,2,2
97,-2938.228,8194.054,-110.288,-20.827,0.934776,0.353718,0.032826,-0.355222,0.929852,0.095879,0.003390,-0.101286,0.994852,0,0.16000,0.24000,9.600,0.480,-1,400.000,-1,425.000,-1,325.000,325.000,300.000,275.000,-1,-1,-1,-1,850.000,900.000,-1,-1,2,0,2,0,2,0,0,0,0,2,2,2,2,0,0,2,2
98,-2924.706,8189.105,-110.269,-20.107,0.939107,0.342011,0.033265,-0.343622,0.934239,0.095507,0.001587,-0.101122,0.994873,0,0.24000,0.36000,14.400,0.720,-1,400.000,-1,425.000,-1,325.000,325.000,300.000,275.000,-1,-1,-1,-1,850.000,900.000,-1,-1,2,0,2,0,2,0,0,0,0,2,2,2,2,0,0,2,2
99,-2906.569,8182.808,-110.282,-19.147,0.944654,0.326320,0.033838,-0.328069,0.939864,0.095004,-0.000802,-0.100848,0.994902,0,0.32000,0.48000,19.200,0.960,-1,400.000,-1,425.000,-1,325.000,325.000,300.000,275.000,-1,-1,-1,-1,825.000,900.000,1000.000,-1,2,0,2,0,2,0,0,0,0,2,2,2,2,0,0,1,2
100,-2883.738,8175.413,-110.359,-17.947,0.951219,0.306579,0.034537,-0.308495,0.946534,0.094364,-0.003760,-0.100415,0.994939,0,0.40000,0.60000,24.000,1.200,1000.000,400.000,-1,425.000,-1,325.000,325.000,300.000,275.000,-1,-1,-1,-1,825.000,900.000,1000.000,-1,1,0,2,0,2,0,0,0,0,2,2,2,2,0,0,1,2
101,-2856.127,8167.231,-110.536,-16.507,0.958553,0.282714,0.035349,-0.284823,0.954002,0.093580,-0.007267,-0.099769,0.994984,0,0.48000,0.72000,28.800,1.440,975.000,400.000,-1,425.000,-1,325.000,325.000,300.000,275.000,-1,-1,-1,-1,825.000,900.000,950.000,-1,1,0,2,0,2,0,0,0,0,2,2,2,2,0,0,1,2
102,-2823.676,8158.524,-110.849,-15.018,0.965502,0.257861,0.036258,-0.260167,0.961108,0.092654,-0.010956,-0.098891,0.995038,0,0.56000,0.74423,33.600,1.488,950.000,400.000,-1,425.000,-1,325.000,325.000,300.000,275.000,-1,-1,-1,-1,825.000,900.000,925.000,-1,1,0,2,0,2,0,0,0,0,2,2,2,2,0,0,1,2
103,-2786.343,8149.541,-111.330,-13.529,0.971805,0.232824,0.037256,-0.235325,0.967592,0.091580,-0.014727,-0.097765,0.995101,0,0.64000,0.74454,38.400,1.489,925.000,400.000,-1,425.000,-1,325.000,325.000,300.000,300.000,-1,-1,-1,-1,800.000,900.000,900.000,-1,1,0,2,0,2,0,0,0,0,2,2,2,2,0,0,1,2
104,-2744.095,8140.529,-112.006,-12.040,0.977458,0.207619,0.038336,-0.210311,0.973451,0.090347,-0.018561,-0.096373,0.995172,0,0.72000,0.74485,43.200,1.490,900.000,400.000,-1,425.000,-1,325.000,325.000,300.000,300.000,-1,-1,-1,-1,800.000,875.000,850.000,-1,1,0,2,0,2,0,0,0,0,2,2,2,2,1,0,1,2
105,-2698.074,8131.957,-112.879,-10.549,0.982458,0.182260,0.039465,-0.185133,0.978676,0.088985,-0.022406,-0.094730,0.995251,0,0.78022,0.74514,46.813,1.490,850.000,400.000,1000.000,425.000,-1,325.000,325.000,300.000,300.000,-1,-1,-1,-1,775.000,875.000,825.000,-1,1,0,1,0,2,0,0,0,0,2,2,2,2,1,0,1,2
106,-2651.484,8124.528,-113.925,-9.059,0.986801,0.156765,0.040612,-0.159809,0.983243,0.087721,-0.026180,-0.093053,0.995317,0,0.78634,0.74532,47.181,1.491,825.000,400.000,925.000,425.000,-1,325.000,325.000,300.000,300.000,-1,-1,-1,-1,725.000,850.000,775.000,-1,1,0,1,0,2,0,0,0,0,2,2,2,2,1,1,1,2
107,-2604.345,8118.264,-115.213,-7.568,0.990471,0.131153,0.042026,-0.134393,0.987117,0.086823,-0.030097,-0.091644,0.995337,0,0.79257,0.74525,47.554,1.491,775.000,400.000,850.000,425.000,-1,325.000,325.000,300.000,300.000,-1,-1,-1,-1,675.000,825.000,750.000,-1,1,0,1,0,2,0,0,0,0,2,2,2,2,1,1,1,2
108,-2556.683,8113.187,-116.865,-6.078,0.993506,0.105467,0.042697,-0.108800,0.990405,0.085208,-0.033301,-0.089300,0.995448,0,0.79889,0.74491,47.933,1.490,750.000,400.000,775.000,425.000,-1,325.000,325.000,300.000,300.000,-1,-1,-1,-1,650.000,775.000,700.000,-1,1,0,1,0,2,0,0,0,0,2,2,2,2,1,1,1,2
109,-2508.522,8109.318,-118.677,-4.590,0.995877,0.079721,0.043282,-0.083122,0.993036,0.083488,-0.036324,-0.086741,0.995568,0,0.80530,0.74429,48.318,1.489,700.000,400.000,725.000,425.000,-1,325.000,325.000,300.000,300.000,-1,-1,-1,-1,600.000,700.000,650.000,-1,1,0,1,0,2,0,0,0,0,2,2,2,2,1,1,1,2
110,-2459.887,8106.679,-120.629,-3.103,0.997583,0.053942,0.043797,-0.057389,0.995003,0.081709,-0.039171,-0.084025,0.995693,0,0.81179,0.74338,48.707,1.487,675.000,400.000,650.000,425.000,-1,325.000,325.000,300.000,300.000,-1,-1,-1,-1,575.000,650.000,625.000,-1,1,0,1,0,2,0,0,0,0,2,2,2,2,1,1,1,2
111,-2410.807,8105.289,-122.714,-1.619,0.998624,0.028157,0.044250,-0.031630,0.996304,0.079864,-0.041838,-0.081153,0.995823,0,0.81835,0.74215,49.101,1.484,625.000,400.000,600.000,425.000,-1,325.000,325.000,300.000,300.000,-1,-1,-1,-1,525.000,600.000,575.000,-1,1,0,1,0,2,0,0,0,0,2,2,2,2,1,1,1,2
112,-2361.310,8105.167,-124.926,-0.138,0.999000,0.002395,0.044649,-0.005874,0.996941,0.077942,-0.044326,-0.078127,0.995958,0,0.82497,0.74058,49.498,1.481,600.000,400.000,550.000,425.000,-1,325.000,325.000,300.000,300.000,-1,-1,-1,-1,475.000,525.000,550.000,-1,1,0,1,0,2,0,0,0,0,2,2,2,2,1,1,1,2
113,-2311.427,8106.331,-127.258,1.340,0.998715,-0.023314,0.045003,0.019850,0.996915,0.075937,-0.046634,-0.074947,0.996097,0,0.83163,0.73866,49.898,1.477,550.000,400.000,475.000,400.000,-1,325.000,325.000,300.000,300.000,-1,-1,-1,-1,450.000,475.000,500.000,650.000,1,1,1,1,2,0,0,0,0,2,2,2,2,1,1,1,1
114,-2261.189,8108.796,-129.702,2.812,0.997773,-0.048939,0.045322,0.045510,0.996231,0.073842,-0.048765,-0.071614,0.996240,0,0.83832,0.73635,50.299,1.473,500.000,375.000,425.000,375.000,-1,325.000,325.000,300.000,300.000,-1,-1,-1,-1,400.000,425.000,450.000,525.000,1,1,1,1,2,0,1,0,0,2,2,2,2,1,1,1,1
115,-2210.630,8112.576,-132.251,4.280,0.996181,-0.074451,0.045617,0.071074,0.994894,0.071648,-0.050719,-0.068132,0.996386,0,0.84502,0.73363,50.701,1.467,475.000,325.000,375.000,325.000,-1,300.000,300.000,300.000,300.000,-1,-1,-1,-1,350.000,375.000,425.000,450.000,1,1,1,1,2,1,1,0,0,2,2,2,2,1,1,1,1
116,-2159.784,8117.685,-134.896,5.741,0.993947,-0.099816,0.045901,0.096509,0.992913,0.069352,-0.052498,-0.064502,0.996536,0,0.85170,0.73047,51.102,1.461,425.000,300.000,325.000,275.000,550.000,275.000,250.000,300.000,300.000,-1,-1,-1,-1,325.000,325.000,375.000,375.000,1,1,1,1,1,1,1,0,0,2,2,2,2,1,1,1,1
117,-2108.689,8124.131,-137.628,7.194,0.991081,-0.125002,0.046186,0.121783,0.990296,0.066949,-0.054107,-0.060727,0.996687,0,0.85835,0.72682,51.501,1.454,375.000,250.000,275.000,225.000,375.000,225.000,225.000,300.000,300.000,-1,-1,-1,-1,275.000,250.000,325.000,300.000,1,1,1,1,1,1,1,0,0,2,2,2,2,1,1,1,1
118,-2057.383,8131.923,-140.438,8.640,0.987596,-0.149974,0.046486,0.146859,0.987056,0.064436,-0.055548,-0.056810,0.996839,0,0.86492,0.72265,51.895,1.445,325.000,200.000,225.000,200.000,275.000,200.000,175.000,300.000,300.000,-1,-1,-1,-1,225.000,200.000,275.000,225.000,1,1,1,1,1,1,1,0,0,2,2,2,2,1,1,1,1
119,-2005.907,8141.067,-143.326,10.075,0.983509,-0.174699,0.046794,0.171706,0.983209,0.061776,-0.056801,-0.052722,0.996992,0,0.87138,0.71789,52.283,1.436,275.000,175.000,175.000,150.000,200.000,150.000,125.000,300.000,300.000,-1,-1,-1,-1,175.000,150.000,250.000,175.000,1,1,1,1,1,1,1,0,0,2,2,2,2,1,1,1,1
120,-1954.313,8151.593,-135.816,11.500,0.980039,-0.198611,0.008792,0.197015,0.976183,0.090841,-0.026624,-0.087295,0.995827,0,0.87768,0.71248,52.661,1.425,250.000,150.000,150.000,125.000,175.000,125.000,125.000,275.000,400.000,-1,300.000,350.000,-1,150.000,125.000,200.000,150.000,1,1,1,1,1,1,1,0,0,2,0,0,2,1,1,1,1
121,-1902.641,8163.488,-126.764,12.913,0.974427,-0.221628,-0.037045,0.224539,0.966672,0.122994,0.008551,-0.128166,0.991716,0,0.88376,0.70636,53.026,1.413,200.000,125.000,125.000,100.000,175.000,125.000,100.000,250.000,550.000,775.000,100.000,225.000,-1,150.000,100.000,175.000,150.000,1,1,1,1,1,1,1,0,0,0,0,0,2,1,1,1,1
122,-2295.986,-6887.442,-538.069,127.764,-0.592540,-0.776648,0.213809,0.798301,-0.601658,0.026885,0.107760,0.186614,0.976505,1,0.00000,0.00000,53.373,1.399,-1,900.000,-1,575.000,-1,575.000,550.000,150.000,225.000,-1,200.000,75.000,275.000,-1,-1,-1,-1,2,0,2,0,2,1,0,1,0,2,0,0,0,2,2,2,2
123,328.142,8854.769,-209.229,-127.583,-0.495062,0.755470,0.429162,-0.808506,-0.581432,0.090860,0.318170,-0.301998,0.898646,1,0.00000,0.00000,4.800,0.240,-1,375.000,-1,225.000,100.000,275.000,225.000,175.000,225.000,25.000,0.000,150.000,-1,-1,275.000,-1,100.000,2,1,2,1,1,1,1,0,1,0,0,0,2,2,1,2,1
124,-5122.840,-6188.190,-348.853,-182.293,-0.996894,-0.039997,0.067838,0.038723,-0.999050,-0.019999,0.068573,-0.017310,0.997496,1,0.08000,0.12000,4.800,0.240,-1,-1,-1,575.000,550.000,-1,900.000,250.000,275.000,-1,-1,-1,-1,-1,900.000,-1,925.000,2,2,2,1,1,2,1,1,1,2,2,2,2,2,1,2,1
125,-5132.435,-6187.886,-348.044,-181.813,-0.997231,-0.031626,0.067299,0.030348,-0.999341,-0.019932,0.067885,-0.017834,0.997534,0,0.16000,0.24000,9.600,0.480,-1,-1,-1,600.000,550.000,-1,900.000,250.000,275.000,-1,-1,-1,-1,-1,925.000,-1,950.000,2,2,2,1,1,2,1,1,1,2,2,2,2,2,1,2,1
126,-5146.832,-6187.612,-346.837,-181.093,-0.997607,-0.019066,0.066463,0.017787,-0.999646,-0.019777,0.066817,-0.018548,0.997593,0,0.24000,0.36000,14.400,0.720,-1,-1,-1,625.000,550.000,-1,900.000,250.000,275.000,-1,-1,-1,-1,-1,925.000,-1,1000.000,2,2,2,1,1,2,1,1,1,2,2,2,2,2,1,2,1
127,-5166.032,-6187.553,-345.238,-180.176,-0.997862,-0.003068,0.065283,0.001797,-0.999808,-0.019519,0.065330,-0.019360,0.997676,0,0.32000,0.45839,19.200,0.917,-1,-1,-1,650.000,575.000,-1,925.000,250.000,275.000,-1,-1,-1,-1,-1,950.000,-1,-1,2,2,2,1,1,2,1,1,1,2,2,2,2,2,1,2,2
128,-5190.029,-6187.862,-343.249,-179.264,-0.997888,0.012848,0.063678,-0.014104,-0.999714,-0.019317,0.063412,-0.020174,0.997784,0,0.40000,0.45607,24.000,0.912,-1,-1,-1,700.000,600.000,-1,925.000,250.000,275.000,-1,-1,-1,-1,-1,975.000,-1,-1,2,2,2,1,1,2,1,1,1,2,2,2,2,2,1,2,2
129,-5218.817,-6188.688,-340.876,-178.356,-0.997686,0.028688,0.061635,-0.029917,-0.999370,-0.019112,0.061048,-0.020912,0.997916,0,0.48000,0.45399,28.800,0.908,-1,-1,-1,725.000,600.000,-1,950.000,250.000,250.000,-1,-1,-1,-1,-1,1000.000,-1,-1,2,2,2,1,1,2,1,1,1,2,2,2,2,2,1,2,2
130,-5252.383,-6190.182,-339.201,-177.451,-0.997380,0.044459,0.057071,-0.045388,-0.998856,-0.015081,0.056335,-0.017632,0.998256,0,0.56000,0.45214,33.600,0.904,-1,-1,-1,750.000,625.000,-1,950.000,275.000,250.000,-1,-1,-1,-1,-1,1000.000,-1,-1,2,2,2,1,1,2,1,1,1,2,2,2,2,2,1,2,2
131,-5290.711,-6192.494,-342.859,-176.550,-0.997447,0.060158,0.038467,-0.060877,-0.997986,-0.017802,0.037318,-0.020098,0.999101,0,0.64000,0.45053,38.400,0.901,-1,-1,-1,725.000,575.000,975.000,900.000,250.000,225.000,-1,-1,-1,-1,-1,975.000,-1,-1,2,2,2,1,1,1,1,1,1,2,2,2,2,2,1,2,2
