timestep,x_cm,y_cm,z_cm,yaw_deg,basis_xx,basis_xy,basis_xz,basis_yx,basis_yy,basis_yz,basis_zx,basis_zy,basis_zz,teleport_flag,throttle_cmd,steering_cmd,cmd_move_cm,cmd_turn_deg,lidar_cm_0,lidar_cm_1,lidar_cm_2,lidar_cm_3,lidar_cm_4,lidar_cm_5,lidar_cm_6,lidar_cm_7,lidar_cm_8,lidar_cm_9,lidar_cm_10,lidar_cm_11,lidar_cm_12,lidar_cm_13,lidar_cm_14,lidar_cm_15,lidar_cm_16,lidar_class_0,lidar_class_1,lidar_class_2,lidar_class_3,lidar_class_4,lidar_class_5,lidar_class_6,lidar_class_7,lidar_class_8,lidar_class_9,lidar_class_10,lidar_class_11,lidar_class_12,lidar_class_13,lidar_class_14,lidar_class_15,lidar_class_16
0,-4914.795,-7544.203,-328.138,168.270,-0.978702,-0.203119,-0.029736,0.201509,-0.978224,0.049725,-0.039189,0.042674,0.998320,1,-0.08000,-0.12000,-4.800,-0.240,-1,400.000,-1,425.000,-1,325.000,325.000,300.000,300.000,-1,-1,-1,675.000,850.000,950.000,-1,-1,2,0,2,0,2,0,0,0,0,2,2,2,1,0,0,2,2
1,-4905.412,-7546.233,-327.756,167.790,-0.976981,-0.211312,-0.029251,0.209728,-0.976508,0.049470,-0.039017,0.042196,0.998347,0,-0.16000,-0.24000,-9.600,-0.480,-1,400.000,-1,425.000,-1,325.000,325.000,300.000,300.000,-1,-1,-1,675.000,850.000,950.000,-1,-1,2,0,2,0,2,0,0,0,0,2,2,2,1,0,0,2,2
2,-4891.377,-7549.455,-327.177,167.070,-0.974270,-0.223572,-0.028523,0.222029,-0.973804,0.049073,-0.038747,0.041478,0.998388,0,-0.24000,-0.36000,-14.400,-0.720,-1,400.000,-1,425.000,-1,325.000,325.000,300.000,300.000,-1,-1,-1,650.000,850.000,950.000,-1,-1,2,0,2,0,2,0,0,0,0,2,2,2,1,0,0,2,2
3,-4872.726,-7554.012,-326.399,166.268,-0.971074,-0.237182,-0.027556,0.235693,-0.970616,0.048516,-0.038254,0.040618,0.998442,0,-0.32000,-0.40078,-19.200,-0.802,-1,400.000,-1,425.000,-1,325.000,325.000,300.000,300.000,-1,-1,-1,650.000,850.000,950.000,-1,-1,2,0,2,0,2,0,0,0,0,2,2,2,1,0,0,2,2
4,-4849.495,-7560.036,-325.419,165.462,-0.967674,-0.250825,-0.026354,0.249406,-0.967219,0.047788,-0.037476,0.039671,0.998510,0,-0.40000,-0.40311,-24.000,-0.806,-1,400.000,-1,425.000,-1,325.000,325.000,300.000,300.000,-1,-1,-1,625.000,850.000,950.000,-1,-1,2,0,2,0,2,0,0,0,0,2,2,2,1,0,0,2,2
5,-4823.732,-7567.108,-324.323,164.650,-0.964057,-0.264516,-0.025018,0.263174,-0.963605,0.046952,-0.036527,0.038681,0.998584,0,-0.44526,-0.40596,-26.716,-0.812,-1,400.000,-1,425.000,-1,325.000,325.000,300.000,300.000,-1,-1,-1,600.000,875.000,950.000,-1,-1,2,0,2,0,2,0,0,0,0,2,2,2,1,0,0,2,2
6,-4798.083,-7574.544,-323.220,163.832,-0.960214,-0.278258,-0.023683,0.276991,-0.959766,0.046093,-0.035556,0.037700,0.998656,0,-0.44509,-0.40906,-26.705,-0.818,-1,400.000,-1,425.000,-1,325.000,350.000,300.000,300.000,-1,-1,-1,575.000,875.000,975.000,-1,-1,2,0,2,0,2,0,0,0,0,2,2,2,1,0,0,2,2
7,-4772.568,-7582.341,-322.112,163.008,-0.956144,-0.292045,-0.022349,0.290852,-0.955699,0.045213,-0.034563,0.036730,0.998727,0,-0.44466,-0.41207,-26.680,-0.824,-1,425.000,-1,425.000,-1,325.000,350.000,300.000,300.000,-1,-1,-1,575.000,875.000,975.000,-1,-1,2,0,2,0,2,0,0,0,0,2,2,2,1,0,0,2,2
8,-4747.207,-7590.494,-321.001,162.178,-0.951842,-0.305868,-0.021019,0.304748,-0.951402,0.044312,-0.033551,0.035772,0.998797,0,-0.44398,-0.41499,-26.639,-0.830,-1,425.000,-1,425.000,-1,325.000,350.000,300.000,300.000,-1,-1,-1,550.000,900.000,975.000,-1,-1,2,0,2,0,2,0,0,0,0,2,2,2,1,0,0,2,2
9,-4722.023,-7598.997,-319.887,161.342,-0.947307,-0.319721,-0.019692,0.318672,-0.946871,0.043392,-0.032520,0.034830,0.998864,0,-0.44302,-0.41781,-26.581,-0.836,-1,425.000,-1,425.000,-1,350.000,350.000,275.000,300.000,-1,-1,-1,550.000,900.000,975.000,-1,-1,2,0,2,0,2,0,0,0,0,2,2,2,1,0,0,2,2
10,-4697.036,-7607.845,-318.773,160.501,-0.942537,-0.333596,-0.018371,0.332616,-0.942106,0.042454,-0.031470,0.033904,0.998929,0,-0.44178,-0.42052,-26.507,-0.841,-1,425.000,-1,425.000,-1,350.000,350.000,275.000,300.000,-1,-1,-1,525.000,900.000,975.000,-1,-1,2,0,2,0,2,0,0,0,0,2,2,2,1,0,0,2,2
11,-4672.268,-7617.029,-317.869,159.655,-0.937528,-0.347476,-0.017368,0.346523,-0.937080,0.042448,-0.031025,0.033778,0.998948,0,-0.44027,-0.42313,-26.416,-0.846,-1,425.000,-1,425.000,-1,350.000,350.000,300.000,300.000,-1,-1,-1,525.000,900.000,975.000,-1,-1,2,0,2,0,2,0,0,0,0,2,2,2,1,0,0,2,2
12,-4647.740,-7626.541,-316.955,158.804,-0.932281,-0.361361,-0.016474,0.360432,-0.931819,0.042441,-0.030687,0.033630,0.998963,0,-0.43847,-0.42562,-26.308,-0.851,-1,425.000,-1,425.000,-1,350.000,350.000,300.000,300.000,-1,-1,1000.000,525.000,925.000,950.000,-1,-1,2,0,2,0,2,0,0,0,0,2,2,0,1,0,0,2,2
13,-4623.472,-7636.371,-315.895,157.948,-0.926783,-0.375250,-0.016167,0.374335,-0.926338,0.042085,-0.030769,0.032952,0.998983,0,-0.43639,-0.42799,-26.183,-0.856,-1,425.000,-1,425.000,-1,350.000,350.000,300.000,300.000,-1,-1,975.000,525.000,900.000,950.000,-1,-1,2,0,2,0,2,0,0,0,0,2,2,0,1,0,0,2,2
14,-4599.485,-7646.510,-314.954,157.087,-0.921058,-0.389122,-0.015365,0.388230,-0.920605,0.042002,-0.030489,0.032721,0.998999,0,-0.43402,-0.43024,-26.041,-0.860,-1,425.000,-1,425.000,-1,350.000,350.000,300.000,300.000,-1,-1,950.000,550.000,925.000,950.000,-1,-1,2,0,2,0,2,0,0,0,0,2,2,0,1,0,0,2,2
15,-4575.800,-7656.945,-313.928,156.222,-0.915088,-0.402978,-0.014921,0.402102,-0.914644,0.041719,-0.030459,0.032177,0.999018,0,-0.43138,-0.43235,-25.883,-0.865,-1,425.000,-1,425.000,-1,325.000,350.000,300.000,300.000,-1,-1,925.000,550.000,925.000,950.000,-1,-1,2,0,2,0,2,0,0,0,0,2,2,0,1,0,0,2,2
16,-4552.434,-7667.666,-312.906,155.354,-0.908881,-0.416805,-0.014466,0.415945,-0.908445,0.041444,-0.030415,0.031650,0.999036,0,-0.42847,-0.43433,-25.708,-0.869,-1,425.000,-1,425.000,-1,325.000,325.000,300.000,300.000,-1,1000.000,925.000,575.000,925.000,925.000,-1,-1,2,0,2,0,2,0,0,0,0,2,0,0,1,0,0,2,2
17,-4529.405,-7678.658,-311.890,154.481,-0.902437,-0.430594,-0.014000,0.429751,-0.902008,0.041176,-0.030359,0.031142,0.999054,0,-0.42529,-0.43618,-25.518,-0.872,-1,425.000,-1,425.000,-1,325.000,325.000,300.000,300.000,-1,975.000,900.000,600.000,925.000,925.000,-1,-1,2,0,2,0,2,0,0,0,0,2,0,0,1,0,0,2,2
18,-4506.732,-7689.911,-310.893,153.606,-0.895756,-0.444338,-0.013583,0.443510,-0.895336,0.040889,-0.030330,0.030602,0.999071,0,-0.42187,-0.43788,-25.312,-0.876,-1,425.000,-1,425.000,-1,325.000,325.000,300.000,300.000,-1,975.000,875.000,650.000,900.000,925.000,-1,-1,2,0,2,0,2,0,0,0,0,2,0,0,1,0,0,2,2
19,-4484.428,-7701.409,-310.052,152.727,-0.888826,-0.458035,-0.013861,0.457210,-0.888445,0.040296,-0.030772,0.029479,0.999092,0,-0.41822,-0.43944,-25.093,-0.879,-1,425.000,-1,425.000,-1,325.000,325.000,300.000,300.000,-1,950.000,875.000,700.000,900.000,925.000,-1,-1,2,0,2,0,2,0,0,0,0,2,0,0,1,0,0,2,2
20,-4462.509,-7713.139,-309.218,151.845,-0.881664,-0.471667,-0.014131,0.470846,-0.881320,0.039739,-0.031197,0.028383,0.999110,0,-0.41434,-0.44085,-24.861,-0.882,-1,425.000,-1,400.000,-1,325.000,325.000,300.000,300.000,-1,950.000,850.000,775.000,900.000,900.000,-1,-1,2,0,2,0,2,0,0,0,1,2,0,0,1,0,0,2,2
21,-4440.987,-7725.088,-308.392,150.961,-0.874270,-0.485226,-0.014392,0.484409,-0.873962,0.039217,-0.031607,0.027315,0.999127,0,-0.41027,-0.44212,-24.616,-0.884,-1,400.000,-1,400.000,-1,325.000,325.000,300.000,275.000,-1,925.000,850.000,850.000,875.000,900.000,-1,-1,2,0,2,0,2,0,0,0,1,2,0,0,1,0,0,2,2
22,-4419.874,-7737.241,-307.575,150.074,-0.866649,-0.498703,-0.014643,0.497891,-0.866374,0.038731,-0.032002,0.026275,0.999142,0,-0.40603,-0.44324,-24.362,-0.886,-1,400.000,-1,400.000,-1,325.000,325.000,300.000,275.000,-1,925.000,825.000,925.000,875.000,900.000,-1,-1,2,0,2,0,2,0,0,0,1,2,0,0,1,0,0,2,2
23,-4403.115,-7747.331,-306.917,148.948,-0.856668,-0.515653,-0.014856,0.514841,-0.856425,0.038391,-0.032519,0.025239,0.999152,0,-0.32603,-0.56324,-19.562,-1.126,-1,400.000,-1,400.000,-1,325.000,325.000,300.000,275.000,-1,900.000,825.000,-1,875.000,875.000,-1,-1,2,0,2,0,2,0,0,0,1,2,0,0,2,0,0,2,2
24,-4390.654,-7755.244,-306.415,147.581,-0.844120,-0.535944,-0.015030,0.535129,-0.843907,0.038190,-0.033152,0.024194,0.999157,0,-0.24603,-0.68324,-14.762,-1.366,-1,400.000,-1,400.000,-1,325.000,325.000,300.000,250.000,-1,925.000,825.000,-1,875.000,875.000,-1,-1,2,0,2,0,2,0,0,0,1,2,0,0,2,0,0,2,2
25,-4382.398,-7760.818,-306.071,145.975,-0.828755,-0.559407,-0.015167,0.558585,-0.828571,0.038122,-0.033892,0.023122,0.999158,0,-0.16603,-0.80324,-9.962,-1.606,-1,400.000,-1,400.000,-1,325.000,325.000,300.000,250.000,-1,925.000,850.000,-1,875.000,850.000,-1,-1,2,0,2,0,2,0,0,0,1,2,0,0,2,0,0,2,2
26,-4378.215,-7763.842,-305.889,144.128,-0.810291,-0.585829,-0.015266,0.584998,-0.810136,0.038175,-0.034731,0.022002,0.999154,0,-0.08603,-0.92324,-5.162,-1.846,-1,400.000,-1,400.000,-1,325.000,325.000,300.000,250.000,-1,975.000,875.000,-1,875.000,850.000,-1,-1,2,0,2,0,2,0,0,0,1,2,0,0,2,0,0,2,2
27,-4377.930,-7764.064,-305.875,142.128,-0.789344,-0.613760,-0.015328,0.612917,-0.789217,0.038329,-0.035622,0.020860,0.999148,0,-0.00603,-1.00000,-0.362,-2.000,-1,400.000,-1,400.000,-1,325.000,325.000,300.000,250.000,-1,1000.000,900.000,-1,875.000,825.000,-1,-1,2,0,2,0,2,0,0,0,1,2,0,0,2,0,0,2,2
28,-4381.336,-7761.218,-306.036,140.128,-0.767434,-0.640944,-0.015354,0.640088,-0.767333,0.038557,-0.036494,0.019762,0.999138,0,0.07397,-1.00000,4.438,-2.000,-1,400.000,-1,400.000,-1,325.000,325.000,300.000,250.000,-1,-1,950.000,-1,900.000,825.000,-1,-1,2,0,2,0,2,0,0,0,1,2,2,0,2,0,0,2,2
29,-4388.215,-7755.051,-306.380,138.128,-0.744589,-0.667347,-0.015353,0.666478,-0.744512,0.038843,-0.037352,0.018690,0.999127,0,0.15397,-1.00000,9.238,-2.000,-1,400.000,-1,400.000,-1,325.000,325.000,300.000,250.000,-1,-1,1000.000,-1,900.000,800.000,-1,-1,2,0,2,0,2,0,0,0,1,2,2,0,2,0,0,2,2
30,-4398.335,-7745.322,-306.914,136.128,-0.720835,-0.692937,-0.015333,0.692053,-0.720783,0.039175,-0.038197,0.017628,0.999115,0,0.23397,-1.00000,14.038,-2.000,-1,400.000,-1,400.000,-1,325.000,325.000,300.000,250.000,-1,-1,-1,-1,900.000,800.000,-1,-1,2,0,2,0,2,0,0,0,1,2,2,2,2,0,0,2,2
31,-4411.452,-7731.800,-307.647,134.128,-0.696202,-0.717683,-0.015303,0.716784,-0.696173,0.039540,-0.039031,0.016559,0.999101,0,0.31397,-1.00000,18.838,-2.000,-1,400.000,-1,400.000,-1,325.000,325.000,300.000,250.000,-1,-1,-1,-1,900.000,800.000,-1,-1,2,0,2,0,2,0,0,0,1,2,2,2,2,0,0,2,2
32,-4427.308,-7714.268,-308.590,132.128,-0.670719,-0.741555,-0.015273,0.740641,-0.670714,0.039927,-0.039852,0.015468,0.999086,0,0.39397,-1.00000,23.638,-2.000,-1,400.000,-1,400.000,-1,325.000,325.000,300.000,250.000,-1,-1,-1,-1,925.000,775.000,-1,-1,2,0,2,0,2,0,0,0,1,2,2,2,2,0,0,2,2
33,-4445.637,-7692.524,-309.751,130.128,-0.644416,-0.764523,-0.015251,0.763594,-0.644437,0.040325,-0.040658,0.014341,0.999070,0,0.47397,-1.00000,28.438,-2.000,-1,400.000,-1,400.000,-1,325.000,325.000,300.000,250.000,-1,-1,-1,-1,925.000,775.000,-1,-1,2,0,2,0,2,0,0,0,1,2,2,2,2,0,0,2,2
34,-4466.159,-7666.377,-311.143,128.128,-0.617325,-0.786561,-0.015245,0.785616,-0.617372,0.040727,-0.041446,0.013165,0.999054,0,0.55397,-1.00000,33.238,-2.000,-1,425.000,-1,400.000,-1,325.000,325.000,300.000,250.000,-1,-1,-1,-1,950.000,775.000,-1,-1,2,0,2,0,2,0,0,0,1,2,2,2,2,0,0,2,2
35,-4488.586,-7635.654,-312.780,126.128,-0.589477,-0.807640,-0.015294,0.806681,-0.589555,0.041126,-0.042232,0.011905,0.999037,0,0.63397,-1.00000,38.038,-2.000,-1,425.000,-1,400.000,-1,325.000,325.000,300.000,250.000,-1,-1,-1,-1,950.000,750.000,-1,-1,2,0,2,0,2,0,0,0,1,2,2,2,2,0,0,2,2
36,-4512.621,-7600.193,-314.692,124.128,-0.560902,-0.827737,-0.015501,0.826761,-0.561019,0.041524,-0.043068,0.010475,0.999017,0,0.71397,-1.00000,42.838,-2.000,-1,425.000,-1,400.000,-1,325.000,325.000,300.000,250.000,-1,-1,-1,-1,950.000,750.000,-1,-1,2,0,2,0,2,0,0,0,1,2,2,2,2,0,0,2,2
37,-4537.956,-7559.849,-317.013,122.128,-0.531609,-0.846829,-0.016517,0.845828,-0.531800,0.042002,-0.044352,0.008358,0.998981,0,0.79397,-1.00000,47.638,-2.000,-1,425.000,-1,400.000,-1,325.000,325.000,300.000,250.000,-1,-1,-1,-1,925.000,725.000,-1,-1,2,0,2,0,2,0,0,0,1,2,2,2,2,0,0,2,2
38,-4564.467,-7514.606,-319.629,120.368,-0.505277,-0.862776,-0.017702,0.861749,-0.505548,0.042538,-0.045650,0.006238,0.998938,0,0.87397,-0.88000,52.438,-1.760,-1,425.000,-1,400.000,-1,325.000,325.000,300.000,250.000,-1,-1,-1,-1,900.000,725.000,-1,-1,2,0,2,0,2,0,0,0,1,2,2,2,2,0,0,2,2
39,-4592.084,-7464.471,-322.545,118.848,-0.482132,-0.875892,-0.019024,0.874839,-0.482490,0.043137,-0.046962,0.004154,0.998888,0,0.95397,-0.76000,57.238,-1.520,-1,425.000,-1,375.000,-1,325.000,325.000,300.000,250.000,-1,-1,-1,-1,875.000,700.000,-1,-1,2,0,2,0,2,0,0,0,1,2,2,2,2,0,0,2,2
40,-4618.801,-7413.297,-325.544,117.568,-0.462363,-0.886457,-0.020375,0.885379,-0.462806,0.043761,-0.048222,0.002193,0.998834,0,0.96213,-0.64000,57.728,-1.280,-1,425.000,-1,375.000,-1,325.000,325.000,300.000,250.000,-1,-1,-1,-1,875.000,700.000,-1,-1,2,0,2,0,2,0,0,0,1,2,2,2,2,0,0,2,2
41,-4644.479,-7361.858,-328.493,116.528,-0.446090,-0.894713,-0.022181,0.893606,-0.446641,0.044500,-0.049722,0.000029,0.998763,0,0.95820,-0.52000,57.492,-1.040,-1,425.000,-1,375.000,-1,325.000,325.000,300.000,275.000,-1,-1,-1,-1,850.000,675.000,-1,-1,2,0,2,0,2,0,0,0,1,2,2,2,2,0,0,2,2
42,-4669.320,-7310.309,-331.380,115.728,-0.433420,-0.900859,-0.024477,0.899719,-0.434105,0.045382,-0.051508,-0.002353,0.998670,0,0.95371,-0.40000,57.222,-0.800,-1,400.000,-1,375.000,-1,325.000,300.000,300.000,275.000,-1,-1,-1,-1,825.000,675.000,-1,-1,2,0,2,0,2,0,0,0,1,2,2,2,2,0,0,2,2
43,-4693.529,-7258.790,-334.114,115.168,-0.424438,-0.905049,-0.027174,0.903924,-0.425274,0.045427,-0.052670,-0.005282,0.998598,0,0.94871,-0.28000,56.923,-0.560,-1,400.000,-1,375.000,-1,325.000,300.000,300.000,300.000,-1,-1,-1,-1,825.000,650.000,-1,-1,2,0,2,0,2,0,0,0,1,2,2,2,2,0,0,2,2
44,-4717.313,-7207.433,-336.712,114.848,-0.419202,-0.907389,-0.030258,0.906328,-0.420203,0.044707,-0.053282,-0.008682,0.998542,0,0.94329,-0.16000,56.597,-0.320,-1,400.000,-1,375.000,-1,325.000,300.000,300.000,300.000,-1,-1,-1,-1,800.000,650.000,-1,-1,2,0,2,0,2,0,0,0,1,2,2,2,2,0,0,2,2
45,-4740.880,-7156.357,-339.355,114.768,-0.417761,-0.907945,-0.033347,0.906957,-0.418922,0.043979,-0.053900,-0.011872,0.998476,0,0.93752,-0.04000,56.251,-0.080,-1,400.000,-1,350.000,-1,325.000,300.000,300.000,300.000,-1,-1,-1,-1,800.000,650.000,-1,-1,2,0,2,0,2,0,0,0,0,2,2,2,2,0,0,2,2
46,-4764.438,-7105.674,-342.059,114.928,-0.420123,-0.906734,-0.036464,0.905830,-0.421439,0.043153,-0.054496,-0.014901,0.998403,0,0.93151,0.08000,55.890,0.160,-1,400.000,-1,350.000,-1,325.000,300.000,300.000,300.000,-1,-1,-1,-1,775.000,650.000,-1,-1,2,0,2,0,2,0,0,0,0,2,2,2,2,0,0,2,2
47,-4788.192,-7055.489,-344.739,115.328,-0.426300,-0.903734,-0.039157,0.902919,-0.427741,0.042125,-0.054819,-0.017398,0.998345,0,0.92537,0.20000,55.522,0.400,-1,400.000,-1,350.000,-1,325.000,300.000,300.000,300.000,-1,-1,-1,-1,775.000,625.000,-1,-1,2,0,2,0,2,0,0,0,0,2,2,2,2,0,0,2,2
48,-4812.343,-7005.904,-347.173,115.968,-0.436334,-0.898883,-0.040271,0.898151,-0.437801,0.040674,-0.054192,-0.018422,0.998361,0,0.91924,0.32000,55.154,0.640,-1,400.000,-1,350.000,-1,325.000,300.000,300.000,300.000,-1,-1,-1,-1,775.000,625.000,-1,-1,2,0,2,0,2,0,0,0,0,2,2,2,2,0,0,2,2
49,-4837.090,-6957.017,-349.775,116.848,-0.450054,-0.892032,-0.041592,0.891407,-0.451544,0.038739,-0.053338,-0.019641,0.998383,0,0.91323,0.44000,54.794,0.880,-1,400.000,-1,375.000,-1,325.000,300.000,300.000,300.000,-1,-1,-1,-1,775.000,625.000,-1,-1,2,0,2,0,2,0,0,0,0,2,2,2,2,0,0,2,2
50,-4862.626,-6908.927,-352.476,117.968,-0.467376,-0.883016,-0.042922,0.882499,-0.468884,0.036666,-0.052502,-0.020742,0.998405,0,0.90748,0.56000,54.449,1.120,-1,400.000,-1,375.000,-1,325.000,300.000,300.000,300.000,-1,-1,-1,-1,775.000,625.000,-1,-1,2,0,2,0,2,0,0,0,0,2,2,2,2,0,0,2,2
51,-4889.004,-6861.663,-355.243,119.165,-0.485699,-0.873011,-0.044151,0.872595,-0.487217,0.034594,-0.051712,-0.021723,0.998426,0,0.90212,0.59848,54.127,1.197,-1,400.000,-1,375.000,-1,325.000,325.000,300.000,300.000,-1,-1,-1,725.000,775.000,625.000,-1,-1,2,0,2,0,2,0,0,0,0,2,2,2,1,0,0,2,2
52,-4916.231,-6815.201,-358.077,120.371,-0.503944,-0.862549,-0.045268,0.862233,-0.505466,0.032523,-0.050934,-0.022642,0.998445,0,0.89754,0.60276,53.852,1.206,-1,400.000,-1,375.000,-1,325.000,325.000,325.000,300.000,-1,-1,-1,675.000,750.000,625.000,-1,-1,2,0,2,0,2,0,0,0,0,2,2,2,1,0,0,2,2
53,-4944.324,-6769.513,-360.982,121.586,-0.522110,-0.851622,-0.046270,0.851402,-0.523630,0.030452,-0.050162,-0.023495,0.998465,0,0.89390,0.60744,53.634,1.215,-1,400.000,-1,375.000,-1,325.000,325.000,325.000,300.000,-1,-1,-1,650.000,750.000,625.000,-1,-1,2,0,2,0,2,0,0,0,0,2,2,2,1,0,0,2,2
54,-4973.298,-6724.573,-363.907,122.811,-0.540139,-0.840213,-0.047871,0.840064,-0.541704,0.029153,-0.050427,-0.024468,0.998428,0,0.89119,0.61249,53.471,1.225,-1,400.000,-1,375.000,-1,325.000,325.000,325.000,300.000,-1,-1,-1,650.000,750.000,625.000,-1,-1,2,0,2,0,2,0,0,0,0,2,2,2,1,0,0,2,2
55,-5003.175,-6680.358,-366.791,124.047,-0.558020,-0.828307,-0.050210,0.828226,-0.559680,0.028288,-0.051533,-0.025800,0.998338,0,0.88937,0.61790,53.362,1.236,-1,400.000,-1,375.000,-1,325.000,300.000,325.000,300.000,-1,-1,-1,650.000,725.000,625.000,-1,-1,2,0,2,0,2,0,0,0,0,2,2,2,1,0,0,2,2
56,-5033.973,-6636.851,-369.738,125.294,-0.575804,-0.815900,-0.052509,0.815894,-0.577557,0.027289,-0.052592,-0.027129,0.998248,0,0.88842,0.62363,53.305,1.247,-1,400.000,-1,350.000,-1,325.000,300.000,325.000,300.000,-1,-1,-1,675.000,725.000,625.000,-1,-1,2,0,2,0,2,0,0,0,0,2,2,2,1,0,0,2,2
57,-5065.717,-6594.038,-372.303,126.553,-0.593488,-0.802940,-0.055309,0.803143,-0.595298,0.024097,-0.052274,-0.030120,0.998178,0,0.88829,0.62967,53.297,1.259,-1,400.000,-1,350.000,-1,325.000,300.000,325.000,300.000,-1,-1,-1,700.000,700.000,625.000,-1,-1,2,0,2,0,2,0,0,0,0,2,2,2,1,0,0,2,2
58,-5098.426,-6551.910,-374.919,127.825,-0.611069,-0.789451,-0.057981,0.789878,-0.612916,0.020661,-0.051848,-0.033172,0.998104,0,0.88894,0.63599,53.336,1.272,-1,400.000,-1,350.000,-1,325.000,300.000,300.000,300.000,-1,-1,-1,725.000,700.000,625.000,-1,-1,2,0,2,0,2,0,0,0,0,2,2,2,1,0,0,2,2
59,-5133.247,-6509.080,-377.676,129.109,-0.628521,-0.775429,-0.060595,0.776102,-0.630383,0.016848,-0.051262,-0.036439,0.998020,0,0.91997,0.64207,55.198,1.284,-1,400.000,-1,350.000,-1,325.000,300.000,300.000,300.000,-1,-1,-1,750.000,675.000,625.000,-1,-1,2,0,2,0,2,0,0,0,0,2,2,2,1,0,0,2,2
60,-5168.922,-6467.168,-380.456,130.402,-0.645783,-0.760918,-0.062986,0.761844,-0.647633,0.012858,-0.050576,-0.039682,0.997932,0,0.91734,0.64624,55.040,1.292,-1,375.000,-1,350.000,-1,300.000,300.000,300.000,300.000,-1,-1,-1,800.000,675.000,625.000,-1,-1,2,0,2,0,2,0,0,0,0,2,2,2,1,0,0,2,2
61,-5205.463,-6426.162,-382.910,131.703,-0.662840,-0.745956,-0.064746,0.747036,-0.664702,0.010396,-0.050792,-0.041477,0.997848,0,0.91542,0.65082,54.925,1.302,-1,375.000,-1,350.000,-1,300.000,300.000,300.000,300.000,-1,-1,-1,825.000,675.000,625.000,-1,-1,2,0,2,0,2,0,0,0,0,2,2,2,1,0,0,2,2
62,-5242.884,-6386.056,-385.393,133.015,-0.679696,-0.730491,-0.066303,0.731730,-0.681551,0.007743,-0.050845,-0.043253,0.997769,0,0.91422,0.65577,54.853,1.312,-1,375.000,-1,350.000,-1,300.000,300.000,300.000,300.000,-1,-1,-1,850.000,650.000,600.000,-1,1000.000,2,0,2,0,2,0,0,0,0,2,2,2,1,0,0,2,0
63,-5277.708,-6350.104,-387.681,134.086,-0.693208,-0.717563,-0.067581,0.718954,-0.695038,0.005166,-0.050678,-0.045007,0.997700,0,0.83422,0.53577,50.053,1.072,-1,375.000,-1,350.000,-1,300.000,300.000,300.000,300.000,-1,-1,-1,900.000,650.000,600.000,1000.000,975.000,2,0,2,0,2,0,0,0,0,2,2,2,1,0,0,0,0
64,-5309.662,-6318.061,-389.765,134.918,-0.703530,-0.707344,-0.068637,0.708881,-0.705323,0.002717,-0.050333,-0.046743,0.997638,0,0.75422,0.41577,45.253,0.832,1000.000,375.000,-1,350.000,-1,300.000,300.000,300.000,300.000,-1,-1,-1,925.000,650.000,600.000,950.000,975.000,0,0,2,0,2,0,0,0,0,2,2,2,1,0,0,0,0
65,-5338.520,-6289.713,-391.758,135.510,-0.710823,-0.699981,-0.068963,0.701627,-0.712545,0.000511,-0.049497,-0.048023,0.997619,0,0.67422,0.29577,40.453,0.592,975.000,375.000,-1,350.000,-1,300.000,300.000,300.000,300.000,-1,-1,-1,950.000,625.000,600.000,925.000,950.000,0,0,2,0,2,0,0,0,0,2,2,2,1,0,0,0,0
66,-5364.107,-6264.885,-393.568,135.861,-0.715149,-0.695558,-0.069004,0.697291,-0.716786,-0.001456,-0.048448,-0.049157,0.997615,0,0.59422,0.17577,35.653,0.352,950.000,350.000,-1,350.000,-1,300.000,300.000,300.000,300.000,-1,-1,-1,975.000,625.000,600.000,900.000,950.000,0,0,2,0,2,0,0,0,0,2,2,2,1,0,0,0,0
67,-5389.702,-6240.144,-394.980,135.973,-0.716683,-0.694168,-0.067056,0.695885,-0.718146,-0.003199,-0.045935,-0.048956,0.997744,0,0.59331,0.05577,35.599,0.112,925.000,375.000,-1,350.000,-1,300.000,300.000,300.000,300.000,-1,-1,-1,1000.000,625.000,600.000,900.000,950.000,0,0,2,0,2,0,0,0,0,2,2,2,1,0,0,0,0
68,-5415.316,-6215.273,-396.331,135.844,-0.715317,-0.695781,-0.064887,0.697474,-0.716593,-0.004967,-0.043041,-0.048810,0.997880,0,0.59503,-0.06423,35.702,-0.128,925.000,375.000,-1,350.000,-1,300.000,300.000,300.000,300.000,-1,725.000,-1,1000.000,625.000,600.000,900.000,950.000,0,0,2,0,2,0,0,0,0,2,0,2,1,0,0,0,0
69,-5440.854,-6190.155,-397.632,135.476,-0.711024,-0.700376,-0.062588,0.702040,-0.712105,-0.006803,-0.039805,-0.048776,0.998016,0,0.59703,-0.18423,35.822,-0.368,925.000,375.000,-1,350.000,-1,300.000,300.000,300.000,300.000,-1,450.000,-1,-1,625.000,600.000,875.000,975.000,0,0,2,0,2,0,0,0,0,2,0,2,2,0,0,0,0
70,-5466.220,-6164.672,-398.730,134.867,-0.703710,-0.707878,-0.060835,0.709543,-0.704607,-0.008814,-0.036626,-0.049368,0.998109,0,0.59925,-0.30423,35.955,-0.608,900.000,375.000,-1,350.000,-1,300.000,300.000,300.000,300.000,-1,400.000,875.000,-1,625.000,600.000,875.000,1000.000,0,0,2,0,2,0,0,0,0,2,0,0,2,0,0,0,0
71,-5491.306,-6138.712,-399.672,134.019,-0.693298,-0.718198,-0.059410,0.719879,-0.694012,-0.010987,-0.033340,-0.050386,0.998173,0,0.60167,-0.42423,36.100,-0.848,900.000,375.000,-1,350.000,-1,300.000,300.000,300.000,300.000,-1,350.000,450.000,-1,625.000,600.000,875.000,-1,0,0,2,0,2,0,0,0,0,2,0,0,2,0,0,0,2
72,-5519.176,-6108.778,-400.659,132.955,-0.680012,-0.730920,-0.057787,0.732612,-0.680511,-0.013605,-0.029381,-0.051587,0.998236,0,0.68167,-0.53215,40.900,-1.064,875.000,375.000,-1,350.000,-1,300.000,300.000,300.000,300.000,-1,325.000,425.000,-1,600.000,600.000,850.000,-1,0,0,2,0,2,0,0,0,0,2,0,0,2,0,0,0,2
73,-5549.235,-6075.277,-401.635,131.900,-0.666636,-0.743267,-0.056133,0.744966,-0.666891,-0.016800,-0.024948,-0.053017,0.998282,0,0.75016,-0.52738,45.009,-1.055,850.000,375.000,-1,350.000,-1,300.000,300.000,325.000,300.000,-1,300.000,375.000,-1,600.000,600.000,850.000,-1,0,0,2,0,2,0,0,0,0,2,0,0,2,0,0,0,2
74,-5578.802,-6041.091,-402.481,130.856,-0.653181,-0.755231,-0.054593,0.756931,-0.653176,-0.020406,-0.020247,-0.054653,0.998300,0,0.75330,-0.52214,45.198,-1.044,850.000,375.000,-1,350.000,-1,300.000,300.000,325.000,300.000,-1,300.000,350.000,-1,600.000,625.000,850.000,-1,0,0,2,0,2,0,0,0,0,2,0,0,2,0,0,0,2
75,-5607.867,-6006.233,-403.224,129.822,-0.639655,-0.766824,-0.053133,0.768507,-0.639386,-0.024138,-0.015463,-0.056273,0.998296,0,0.75644,-0.51689,45.386,-1.034,825.000,375.000,-1,350.000,-1,300.000,300.000,325.000,300.000,-1,275.000,350.000,-1,600.000,625.000,825.000,-1,0,0,2,0,2,0,0,0,0,2,0,0,2,0,0,0,2
76,-5636.424,-5970.715,-403.858,128.798,-0.626069,-0.778047,-0.051766,0.779696,-0.625532,-0.028019,-0.010582,-0.057903,0.998266,0,0.75956,-0.51164,45.574,-1.023,825.000,375.000,-1,350.000,-1,300.000,300.000,325.000,300.000,-1,275.000,325.000,-1,600.000,625.000,825.000,-1,0,0,2,0,2,0,0,0,0,2,0,0,2,0,0,0,2
77,-5664.463,-5934.550,-404.379,127.786,-0.612437,-0.788904,-0.050508,0.790499,-0.611622,-0.032079,-0.005584,-0.059573,0.998208,0,0.76269,-0.50637,45.761,-1.013,800.000,375.000,-1,375.000,-1,300.000,300.000,325.000,300.000,1000.000,275.000,325.000,-1,600.000,650.000,825.000,-1,0,0,2,0,2,0,0,0,0,0,0,0,2,0,0,0,2
78,-5691.977,-5897.750,-404.793,126.784,-0.598769,-0.799399,-0.049359,0.800922,-0.597669,-0.036274,-0.000503,-0.061252,0.998122,0,0.76580,-0.50109,45.948,-1.002,800.000,375.000,-1,375.000,-1,300.000,300.000,325.000,325.000,1000.000,250.000,300.000,-1,600.000,650.000,825.000,-1,0,0,2,0,2,0,0,0,0,0,0,0,2,0,0,0,2
79,-5718.959,-5860.328,-405.102,125.792,-0.585076,-0.809538,-0.048324,0.810965,-0.583684,-0.040596,0.004658,-0.062941,0.998006,0,0.76891,-0.49580,46.135,-0.992,775.000,350.000,-1,375.000,-1,300.000,300.000,325.000,325.000,1000.000,250.000,300.000,-1,600.000,675.000,825.000,-1,0,0,2,0,2,0,0,0,0,0,0,0,2,0,0,0,2
80,-5745.403,-5822.296,-405.307,124.811,-0.571369,-0.819323,-0.047412,0.820634,-0.569677,-0.045039,0.009892,-0.064642,0.997859,0,0.77202,-0.49049,46.321,-0.981,775.000,350.000,-1,375.000,-1,300.000,300.000,325.000,325.000,1000.000,250.000,300.000,-1,600.000,675.000,825.000,-1,0,0,2,0,2,0,0,0,0,0,0,0,2,0,0,0,2
81,-5771.302,-5783.667,-404.857,123.841,-0.557551,-0.828879,-0.045776,0.830034,-0.555738,-0.046895,0.013431,-0.064142,0.997850,0,0.77511,-0.48518,46.507,-0.970,775.000,350.000,-1,375.000,-1,300.000,300.000,325.000,325.000,-1,275.000,325.000,-1,600.000,700.000,825.000,-1,0,0,2,0,2,0,0,0,0,2,0,0,2,0,0,0,2
82,-5796.619,-5744.497,-404.141,122.878,-0.543651,-0.838162,-0.043918,0.839149,-0.541771,-0.048086,0.016510,-0.062996,0.997877,0,0.77731,-0.48139,46.639,-0.963,750.000,350.000,-1,375.000,-1,300.000,300.000,300.000,325.000,-1,300.000,350.000,-1,600.000,700.000,825.000,-1,0,0,2,0,2,0,0,0,0,2,0,0,2,0,0,0,2
83,-5821.274,-5704.907,-403.291,121.915,-0.529587,-0.847214,-0.042013,0.848029,-0.527654,-0.049272,0.019576,-0.061722,0.997901,0,0.77731,-0.48139,46.639,-0.963,750.000,350.000,-1,375.000,-1,300.000,300.000,300.000,325.000,-1,350.000,375.000,-1,575.000,725.000,825.000,-1,0,0,2,0,2,0,0,0,0,2,0,0,2,0,0,0,2
84,-5845.260,-5664.908,-402.078,120.952,-0.515376,-0.856083,-0.038862,0.856645,-0.513417,-0.050619,0.023381,-0.059379,0.997962,0,0.77731,-0.48139,46.639,-0.963,775.000,350.000,-1,375.000,-1,300.000,300.000,300.000,325.000,-1,375.000,400.000,-1,600.000,725.000,875.000,-1,0,0,2,0,2,0,0,0,0,2,0,0,2,0,0,0,2
85,-5868.570,-5624.512,-400.640,119.990,-0.500999,-0.864732,-0.035177,0.865011,-0.499042,-0.052078,0.027479,-0.056520,0.998023,0,0.77731,-0.48139,46.639,-0.963,800.000,350.000,-1,375.000,-1,300.000,300.000,300.000,325.000,-1,400.000,375.000,-1,600.000,750.000,925.000,-1,0,0,2,0,2,0,0,0,0,2,0,0,2,0,0,0,2
86,-5891.198,-5583.730,-399.112,119.027,-0.486455,-0.873133,-0.031641,0.873140,-0.484518,-0.053561,0.031435,-0.053682,0.998063,0,0.77731,-0.48139,46.639,-0.963,825.000,350.000,-1,375.000,-1,300.000,300.000,300.000,325.000,-1,425.000,375.000,-1,600.000,750.000,975.000,-1,0,0,2,0,2,0,0,0,0,2,0,0,2,0,0,0,2
87,-5913.138,-5542.573,-397.494,118.064,-0.471748,-0.881281,-0.028253,0.881029,-0.469848,-0.055058,0.035247,-0.050865,0.998083,0,0.77731,-0.48139,46.639,-0.963,875.000,350.000,-1,400.000,-1,300.000,325.000,300.000,325.000,-1,450.000,375.000,-1,625.000,775.000,-1,-1,0,0,2,0,2,0,0,0,0,2,0,0,2,0,0,2,2
88,-5934.430,-5500.952,-395.785,117.095,-0.456786,-0.889225,-0.025002,0.888725,-0.454938,-0.056565,0.038924,-0.048058,0.998086,0,0.77917,-0.48456,46.750,-0.969,900.000,350.000,-1,400.000,-1,300.000,325.000,300.000,325.000,-1,450.000,350.000,-1,625.000,775.000,-1,-1,0,0,2,0,2,0,0,0,0,2,0,0,2,0,0,2,2
89,-5955.063,-5458.866,-393.927,116.119,-0.441568,-0.896954,-0.022158,0.896230,-0.439779,-0.058014,0.042291,-0.045476,0.998070,0,0.78119,-0.48800,46.871,-0.976,950.000,350.000,-1,400.000,-1,300.000,325.000,300.000,325.000,-1,450.000,350.000,-1,650.000,800.000,-1,-1,0,0,2,0,2,0,0,0,0,2,0,0,2,0,0,2,2
90,-5975.022,-5416.323,-391.963,115.136,-0.426097,-0.904467,-0.019522,0.903534,-0.424375,-0.059431,0.045469,-0.042963,0.998041,0,0.78320,-0.49146,46.992,-0.983,1000.000,375.000,-1,400.000,-1,300.000,325.000,300.000,325.000,-1,450.000,350.000,-1,650.000,825.000,-1,-1,0,0,2,0,2,0,0,0,0,2,0,0,2,0,0,2,2
91,-5994.293,-5373.331,-389.907,114.146,-0.410374,-0.911758,-0.017040,0.910627,-0.408729,-0.060818,0.048487,-0.040475,0.998003,0,0.78521,-0.49493,47.112,-0.990,-1,375.000,-1,400.000,-1,325.000,325.000,300.000,325.000,-1,450.000,325.000,-1,675.000,825.000,-1,-1,2,0,2,0,2,0,0,0,0,2,0,0,2,0,0,2,2
92,-6012.861,-5329.901,-387.751,113.149,-0.394405,-0.918818,-0.014744,0.917503,-0.392843,-0.062155,0.051317,-0.038042,0.997958,0,0.78721,-0.49841,47.232,-0.997,-1,375.000,-1,425.000,-1,325.000,325.000,275.000,325.000,-1,450.000,325.000,-1,675.000,850.000,-1,-1,2,0,2,0,2,0,0,0,0,2,0,0,2,0,0,2,2
93,-6030.709,-5286.042,-385.629,112.145,-0.378164,-0.925657,-0.012304,0.924184,-0.376725,-0.062942,0.053628,-0.035173,0.997941,0,0.78920,-0.50191,47.352,-1.004,-1,375.000,-1,425.000,-1,325.000,325.000,275.000,325.000,-1,450.000,325.000,-1,700.000,850.000,-1,-1,2,0,2,0,2,0,0,0,0,2,0,0,2,0,0,2,2
94,-6047.824,-5241.764,-383.497,111.135,-0.361663,-0.932257,-0.009799,0.930652,-0.360374,-0.063380,0.055556,-0.032042,0.997941,0,0.79117,-0.50543,47.470,-1.011,-1,375.000,-1,425.000,-1,325.000,325.000,275.000,325.000,-1,475.000,350.000,-1,700.000,875.000,-1,-1,2,0,2,0,2,0,0,0,0,2,0,0,2,0,0,2,2
95,-6064.191,-5197.078,-381.287,110.117,-0.344923,-0.938602,-0.007377,0.936880,-0.343789,-0.063753,0.057302,-0.028901,0.997938,0,0.79314,-0.50896,47.588,-1.018,-1,375.000,-1,425.000,-1,325.000,325.000,275.000,325.000,-1,500.000,350.000,-1,700.000,875.000,-1,-1,2,0,2,0,2,0,0,0,0,2,0,0,2,0,0,2,2
96,-6080.167,-5150.650,-378.890,108.990,-0.326261,-0.945267,-0.004848,0.943450,-0.325306,-0.063863,0.058790,-0.025409,0.997947,0,0.81832,-0.56309,49.099,-1.126,-1,375.000,-1,425.000,-1,325.000,350.000,275.000,300.000,-1,525.000,375.000,-1,725.000,875.000,-1,-1,2,0,2,0,2,0,0,0,0,2,0,0,2,0,0,2,2
97,-6095.299,-5103.646,-376.272,107.845,-0.307109,-0.951671,-0.002409,0.949885,-0.306376,-0.062060,0.058322,-0.021347,0.998070,0,0.82300,-0.57265,49.380,-1.145,-1,375.000,-1,425.000,-1,325.000,325.000,275.000,300.000,-1,650.000,450.000,-1,725.000,875.000,-1,-1,2,0,2,0,2,0,0,0,0,2,0,0,2,0,0,2,2
98,-6109.553,-5056.076,-373.661,106.681,-0.287532,-0.957771,-0.000316,0.956038,-0.286992,-0.060219,0.057585,-0.017617,0.998185,0,0.82766,-0.58228,49.660,-1.165,-1,375.000,-1,425.000,-1,325.000,325.000,275.000,300.000,-1,775.000,525.000,-1,725.000,850.000,-1,-1,2,0,2,0,2,0,0,0,0,2,0,0,2,0,0,2,2
99,-6122.895,-5007.952,-371.003,105.497,-0.267516,-0.963552,0.001713,0.961880,-0.267156,-0.058435,0.056763,-0.013985,0.998290,0,0.83232,-0.59199,49.939,-1.184,-1,375.000,-1,425.000,-1,325.000,325.000,275.000,300.000,-1,925.000,650.000,-1,725.000,850.000,-1,-1,2,0,2,0,2,0,0,0,0,2,0,0,2,0,0,2,2
100,-6135.293,-4959.288,-368.303,104.293,-0.247062,-0.968993,0.003679,0.967389,-0.246869,-0.056702,0.055852,-0.010449,0.998384,0,0.83697,-0.60177,50.218,-1.204,-1,375.000,-1,425.000,-1,325.000,325.000,275.000,300.000,-1,-1,775.000,-1,725.000,850.000,-1,-1,2,0,2,0,2,0,0,0,0,2,2,0,2,0,0,2,2
101,-6146.712,-4910.101,-365.562,103.070,-0.226172,-0.974071,0.005586,0.972542,-0.226132,-0.055011,0.054848,-0.007010,0.998470,0,0.84160,-0.61164,50.496,-1.223,-1,375.000,-1,425.000,-1,325.000,325.000,275.000,300.000,-1,-1,950.000,-1,725.000,825.000,-1,-1,2,0,2,0,2,0,0,0,0,2,2,0,2,0,0,2,2
102,-6157.837,-4855.936,-362.538,101.607,-0.201071,-0.979547,0.007598,0.978107,-0.201188,-0.053190,0.053630,-0.003263,0.998556,0,0.92160,-0.73164,55.296,-1.463,-1,375.000,-1,400.000,-1,325.000,325.000,275.000,300.000,-1,-1,-1,-1,750.000,825.000,-1,-1,2,0,2,0,2,0,0,0,0,2,2,2,2,0,0,2,2
103,-6168.157,-4796.830,-359.239,99.903,-0.171712,-0.985099,0.009703,0.983766,-0.171984,-0.051249,0.052155,0.000746,0.998639,0,1.00000,-0.85164,60.000,-1.703,-1,375.000,-1,400.000,-1,325.000,325.000,275.000,300.000,-1,-1,-1,-1,750.000,800.000,-1,-1,2,0,2,0,2,0,0,0,0,2,2,2,2,0,0,2,2
104,-6176.466,-4737.408,-355.931,97.960,-0.138063,-0.990354,0.011759,0.989136,-0.138479,-0.049322,0.050475,0.004821,0.998714,0,1.00000,-0.97164,60.000,-1.943,-1,400.000,-1,400.000,-1,325.000,325.000,300.000,300.000,-1,-1,-1,-1,750.000,800.000,-1,-1,2,0,2,0,2,0,0,0,0,2,2,2,2,0,0,2,2
105,-6182.697,-4677.733,-352.628,95.960,-0.103286,-0.994556,0.013761,0.993464,-0.103829,-0.047426,0.048597,0.008772,0.998780,0,1.00000,-1.00000,60.000,-2.000,-1,400.000,-1,400.000,1000.000,325.000,325.000,300.000,300.000,-1,-1,-1,-1,750.000,800.000,-1,975.000,2,0,2,0,1,0,0,0,0,2,2,2,2,0,1,2,1
106,-6186.841,-4617.876,-349.338,93.960,-0.068402,-0.997534,0.015717,0.996572,-0.069053,-0.045553,0.046526,0.012547,0.998838,0,1.00000,-1.00000,60.000,-2.000,-1,400.000,-1,400.000,925.000,325.000,325.000,300.000,300.000,-1,-1,-1,-1,750.000,750.000,-1,925.000,2,0,2,0,1,0,0,0,0,2,2,2,2,0,1,2,1
107,-6188.894,-4557.911,-346.458,91.960,-0.033437,-0.999287,0.017542,0.998406,-0.034196,-0.044898,0.045466,0.016013,0.998838,0,1.00000,-1.00000,60.000,-2.000,-1,400.000,-1,400.000,875.000,325.000,325.000,300.000,300.000,-1,-1,-1,-1,750.000,725.000,-1,850.000,2,0,2,0,1,0,0,0,0,2,2,2,2,0,1,2,1
108,-6188.853,-4497.911,-343.866,89.960,0.001511,-0.999834,0.018155,0.999004,0.000699,-0.044617,0.044597,0.018204,0.998839,0,1.00000,-1.00000,60.000,-2.000,-1,400.000,-1,400.000,825.000,325.000,325.000,300.000,300.000,-1,-1,-1,-1,750.000,675.000,-1,800.000,2,0,2,0,1,0,0,0,0,2,2,2,2,0,1,2,1
109,-6186.717,-4437.949,-341.302,87.960,0.036450,-0.999160,0.018714,0.998383,0.035591,-0.044319,0.043616,0.020300,0.998842,0,1.00000,-1.00000,60.000,-2.000,-1,400.000,-1,400.000,775.000,325.000,325.000,300.000,300.000,-1,-1,-1,-1,750.000,650.000,-1,750.000,2,0,2,0,1,0,0,0,0,2,2,2,2,0,1,2,1
110,-6182.491,-4378.098,-338.772,85.960,0.071337,-0.997267,0.019230,0.996545,0.070437,-0.044012,0.042538,0.022303,0.998846,0,1.00000,-1.00000,60.000,-2.000,-1,400.000,-1,400.000,725.000,325.000,325.000,300.000,300.000,-1,-1,-1,-1,750.000,600.000,-1,700.000,2,0,2,0,1,0,0,0,0,2,2,2,2,0,1,2,1
111,-6176.178,-4318.431,-336.282,83.960,0.106131,-0.994157,0.019709,0.993491,0.105193,-0.043708,0.041379,0.024219,0.998850,0,1.00000,-1.00000,60.000,-2.000,-1,400.000,-1,400.000,675.000,325.000,325.000,300.000,300.000,-1,-1,-1,-1,750.000,575.000,-1,650.000,2,0,2,0,1,0,0,0,0,2,2,2,2,0,1,2,1
112,-6167.786,-4259.021,-333.838,81.960,0.140789,-0.989834,0.020157,0.989225,0.139818,-0.043417,0.040157,0.026052,0.998854,0,1.00000,-1.00000,60.000,-2.000,-1,400.000,975.000,400.000,625.000,325.000,325.000,300.000,300.000,-1,-1,-1,-1,750.000,525.000,-1,600.000,2,0,1,0,1,0,0,0,0,2,2,2,2,0,1,2,1
113,-6157.327,-4199.940,-331.445,79.960,0.175270,-0.984305,0.020577,0.983752,0.174270,-0.043151,0.038888,0.027806,0.998857,0,1.00000,-1.00000,60.000,-2.000,-1,400.000,850.000,375.000,575.000,325.000,325.000,300.000,300.000,-1,-1,-1,-1,750.000,500.000,-1,550.000,2,0,1,1,1,1,1,0,0,2,2,2,2,0,1,2,1
114,-6144.812,-4141.259,-329.109,77.960,0.209533,-0.977577,0.020972,0.977079,0.208505,-0.042923,0.037588,0.029485,0.998858,0,1.00000,-1.00000,60.000,-2.000,-1,375.000,750.000,350.000,525.000,300.000,300.000,300.000,300.000,-1,-1,-1,-1,725.000,450.000,-1,500.000,2,1,1,1,1,1,1,0,0,2,2,2,2,0,1,2,1
115,-6130.256,-4083.051,-326.835,75.960,0.243535,-0.969657,0.021340,0.969213,0.242483,-0.042745,0.036273,0.031093,0.998858,0,1.00000,-1.00000,60.000,-2.000,-1,350.000,650.000,325.000,475.000,275.000,275.000,300.000,300.000,-1,-1,-1,-1,625.000,425.000,-1,450.000,2,1,1,1,1,1,1,0,0,2,2,2,2,1,1,2,1
116,-6113.678,-4025.387,-324.640,73.960,0.277237,-0.960558,0.021630,0.960164,0.276163,-0.042648,0.034992,0.032592,0.998856,0,1.00000,-1.00000,60.000,-2.000,-1,325.000,575.000,300.000,425.000,275.000,250.000,300.000,300.000,-1,-1,-1,-1,525.000,375.000,-1,400.000,2,1,1,1,1,1,1,0,0,2,2,2,2,1,1,2,1
117,-6095.097,-3968.336,-322.571,71.960,0.310604,-0.950296,0.021506,0.949919,0.309505,-0.043133,0.034333,0.033826,0.998838,0,1.00000,-1.00000,60.000,-2.000,-1,300.000,475.000,275.000,375.000,250.000,225.000,300.000,300.000,-1,-1,-1,-1,450.000,325.000,-1,350.000,2,1,1,1,1,1,1,0,0,2,2,2,2,1,1,2,1
118,-6074.538,-3911.968,-320.210,69.960,0.343665,-0.938826,0.022342,0.938446,0.342449,-0.045258,0.034838,0.036520,0.998725,0,1.00000,-1.00000,60.000,-2.000,-1,275.000,425.000,225.000,325.000,225.000,200.000,300.000,300.000,-1,-1,-1,-1,375.000,300.000,-1,325.000,2,1,1,1,1,1,1,0,1,2,2,2,2,1,1,2,1
119,-6052.027,-3856.350,-316.867,67.960,0.376528,-0.926050,0.025640,0.925600,0.374902,-0.052086,0.038622,0.043344,0.998313,0,1.00000,-1.00000,60.000,-2.000,-1,225.000,350.000,200.000,275.000,200.000,175.000,325.000,300.000,-1,-1,-1,-1,325.000,250.000,-1,275.000,2,1,1,1,1,1,1,0,1,2,2,2,2,1,1,2,1
120,-6027.590,-3801.550,-312.263,65.960,0.409155,-0.912009,0.028839,0.911288,0.406817,-0.063677,0.046342,0.052335,0.997554,0,1.00000,-1.00000,60.000,-2.000,-1,200.000,300.000,175.000,225.000,175.000,175.000,350.000,275.000,-1,875.000,800.000,-1,275.000,225.000,475.000,225.000,2,1,1,1,1,1,1,0,1,2,0,0,2,1,1,1,1
121,-6001.247,-3747.638,-301.756,63.960,0.440870,-0.897515,0.010032,0.894677,0.438525,-0.085146,0.072020,0.046514,0.996318,0,1.00000,-1.00000,60.000,-2.000,-1,200.000,300.000,175.000,200.000,175.000,150.000,350.000,300.000,-1,275.000,275.000,-1,275.000,225.000,425.000,200.000,2,1,1,1,1,1,1,0,1,2,0,0,2,1,1,1,1
122,-5973.038,-3694.674,-289.888,61.960,0.471509,-0.881802,-0.010230,0.875940,0.469654,-0.110250,0.102023,0.043023,0.993851,0,1.00000,-1.00000,60.000,-2.000,-1,200.000,300.000,175.000,200.000,175.000,150.000,375.000,300.000,-1,175.000,150.000,-1,275.000,225.000,400.000,200.000,2,1,1,1,1,1,1,0,1,2,0,0,2,1,1,1,1
123,8855.081,-7543.220,152.613,99.521,-0.166011,-0.985772,0.026333,0.985894,-0.165336,0.026034,-0.021309,0.030283,0.999314,1,0.00000,0.00000,60.000,-2.000,-1,400.000,-1,375.000,-1,325.000,325.000,300.000,300.000,-1,575.000,600.000,-1,725.000,675.000,-1,-1,2,0,2,0,2,0,0,0,0,2,0,0,2,0,0,2,2
124,8854.306,-7538.483,152.515,99.281,-0.161876,-0.986460,0.026313,0.986582,-0.161206,0.025856,-0.021265,0.030145,0.999319,0,0.08000,-0.12000,4.800,-0.240,-1,400.000,-1,375.000,-1,325.000,325.000,300.000,300.000,-1,575.000,600.000,-1,725.000,675.000,-1,-1,2,0,2,0,2,0,0,0,0,2,0,0,2,0,0,2,2
125,8852.838,-7528.996,152.315,98.801,-0.153597,-0.987784,0.026266,0.987907,-0.152938,0.025500,-0.021171,0.029865,0.999330,0,0.16000,-0.24000,9.600,-0.480,-1,400.000,-1,375.000,-1,325.000,325.000,300.000,300.000,-1,575.000,600.000,-1,725.000,675.000,-1,-1,2,0,2,0,2,0,0,0,0,2,0,0,2,0,0,2,2
126,8850.792,-7514.742,152.007,98.169,-0.142673,-0.989423,0.026184,0.989548,-0.142030,0.024961,-0.020978,0.029471,0.999345,0,0.24000,-0.31611,14.400,-0.632,-1,400.000,-1,375.000,-1,325.000,325.000,300.000,300.000,-1,575.000,600.000,-1,725.000,675.000,-1,-1,2,0,2,0,2,0,0,0,0,2,0,0,2,0,0,2,2
127,8848.273,-7495.708,151.584,97.537,-0.131737,-0.990942,0.026065,0.991071,-0.131116,0.024239,-0.020602,0.029026,0.999366,0,0.32000,-0.31582,19.200,-0.632,-1,400.000,-1,375.000,-1,325.000,325.000,300.000,300.000,-1,575.000,575.000,-1,725.000,675.000,-1,-1,2,0,2,0,2,0,0,0,0,2,0,0,2,0,0,2,2
128,8845.388,-7471.882,151.041,96.906,-0.120789,-0.992340,0.025901,0.992476,-0.120197,0.023333,-0.020041,0.028525,0.999392,0,0.40000,-0.31550,24.000,-0.631,-1,400.000,-1,375.000,-1,325.000,325.000,300.000,300.000,-1,575.000,575.000,-1,725.000,675.000,-1,-1,2,0,2,0,2,0,0,0,0,2,0,0,2,0,0,2,2
129,8842.239,-7443.255,150.376,96.276,-0.109832,-0.993618,0.025681,0.993763,-0.109273,0.022240,-0.019292,0.027964,0.999423,0,0.48000,-0.31521,28.800,-0.630,-1,400.000,-1,375.000,-1,325.000,325.000,300.000,300.000,-1,575.000,575.000,-1,750.000,675.000,-1,-1,2,0,2,0,2,0,0,0,0,2,0,0,2,0,0,2,2
130,8838.934,-7409.818,149.586,95.646,-0.098862,-0.994777,0.025396,0.994932,-0.098342,0.020958,-0.018351,0.027339,0.999458,0,0.56000,-0.31501,33.600,-0.630,-1,400.000,-1,375.000,-1,325.000,325.000,300.000,300.000,-1,575.000,575.000,-1,750.000,675.000,-1,-1,2,0,2,0,2,0,0,0,0,2,0,0,2,0,0,2,2
131,8835.577,-7371.565,148.666,95.016,-0.087877,-0.995817,0.025036,0.995983,-0.087402,0.019484,-0.017214,0.026647,0.999497,0,0.64000,-0.31496,38.400,-0.630,-1,400.000,-1,375.000,-1,325.000,325.000,300.000,300.000,-1,575.000,575.000,-1,750.000,675.000,-1,-1,2,0,2,0,2,0,0,0,0,2,0,0,2,0,0,2,2
132,8832.093,-7328.506,147.612,94.626,-0.081050,-0.996405,0.024642,0.996585,-0.080624,0.017830,-0.015780,0.026003,0.999537,0,0.72000,-0.19496,43.200,-0.390,-1,400.000,-1,375.000,1000.000,325.000,325.000,300.000,300.000,950.000,550.000,575.000,-1,750.000,675.000,-1,-1,2,0,2,0,1,0,0,0,0,1,0,0,2,0,0,2,2
