timestep,x_cm,y_cm,z_cm,yaw_deg,basis_xx,basis_xy,basis_xz,basis_yx,basis_yy,basis_yz,basis_zx,basis_zy,basis_zz,teleport_flag,throttle_cmd,steering_cmd,cmd_move_cm,cmd_turn_deg,lidar_cm_0,lidar_cm_1,lidar_cm_2,lidar_cm_3,lidar_cm_4,lidar_cm_5,lidar_cm_6,lidar_cm_7,lidar_cm_8,lidar_cm_9,lidar_cm_10,lidar_cm_11,lidar_cm_12,lidar_cm_13,lidar_cm_14,lidar_cm_15,lidar_cm_16,lidar_class_0,lidar_class_1,lidar_class_2,lidar_class_3,lidar_class_4,lidar_class_5,lidar_class_6,lidar_class_7,lidar_class_8,lidar_class_9,lidar_class_10,lidar_class_11,lidar_class_12,lidar_class_13,lidar_class_14,lidar_class_15,lidar_class_16
0,-983.877,-2946.895,-320.537,89.447,0.009472,-0.997887,0.064285,0.999951,0.009635,0.002219,-0.002834,0.064260,0.997929,1,0.08000,-0.12000,4.800,-0.240,-1,400.000,-1,400.000,950.000,325.000,325.000,300.000,300.000,-1,-1,-1,775.000,700.000,675.000,-1,-1,2,0,2,0,1,0,0,0,0,2,2,2,1,0,0,2,2
1,-983.704,-2937.296,-320.573,88.967,0.017813,-0.997767,0.064368,0.999836,0.017994,0.002236,-0.003389,0.064318,0.997924,0,0.16000,-0.24000,9.600,-0.480,-1,400.000,-1,400.000,925.000,325.000,325.000,300.000,300.000,-1,-1,-1,775.000,700.000,675.000,-1,-1,2,0,2,0,1,0,0,0,0,2,2,2,1,0,0,2,2
2,-983.264,-2922.903,-320.639,88.247,0.030321,-0.997458,0.064484,0.999531,0.030530,0.002262,-0.004225,0.064385,0.997916,0,0.24000,-0.36000,14.400,-0.720,-1,400.000,-1,400.000,925.000,325.000,325.000,300.000,300.000,-1,-1,-1,800.000,700.000,675.000,-1,-1,2,0,2,0,1,0,0,0,0,2,2,2,1,0,0,2,2
3,-982.355,-2903.724,-320.746,87.287,0.046991,-0.996803,0.064621,0.998881,0.047238,0.002301,-0.005346,0.064440,0.997907,0,0.32000,-0.48000,19.200,-0.960,-1,400.000,-1,400.000,900.000,325.000,325.000,300.000,300.000,-1,-1,-1,825.000,700.000,675.000,-1,-1,2,0,2,0,1,0,0,0,0,2,2,2,1,0,0,2,2
4,-980.716,-2879.779,-320.912,86.087,0.067808,-0.995594,0.064765,0.997676,0.068103,0.002356,-0.006757,0.064455,0.997898,0,0.40000,-0.60000,24.000,-1.200,-1,400.000,-1,400.000,850.000,325.000,325.000,300.000,300.000,-1,-1,-1,850.000,700.000,675.000,-1,-1,2,0,2,0,1,0,0,0,0,2,2,2,1,0,0,2,2
5,-978.029,-2851.104,-321.157,84.647,0.092748,-0.993572,0.064900,0.995654,0.093101,0.002435,-0.008461,0.064392,0.997889,0,0.48000,-0.72000,28.800,-1.440,-1,375.000,-1,375.000,825.000,325.000,325.000,300.000,300.000,-1,-1,-1,875.000,700.000,650.000,-1,-1,2,0,2,0,1,0,0,0,0,2,2,2,1,0,0,2,2
6,-973.922,-2817.755,-321.504,82.979,0.121554,-0.990454,0.065005,0.992530,0.121976,0.002542,-0.010447,0.064211,0.997882,0,0.56000,-0.83376,33.600,-1.668,-1,375.000,-1,375.000,775.000,325.000,325.000,300.000,300.000,-1,-1,-1,925.000,675.000,650.000,-1,-1,2,0,2,0,1,0,0,0,0,2,2,2,1,0,0,2,2
7,-968.123,-2779.795,-321.972,81.316,0.150183,-0.986515,0.065061,0.988580,0.150674,0.002682,-0.012448,0.063915,0.997878,0,0.64000,-0.83159,38.400,-1.663,-1,375.000,-1,375.000,750.000,325.000,325.000,300.000,300.000,-1,-1,-1,975.000,675.000,650.000,-1,975.000,2,0,2,0,1,0,0,0,0,2,2,2,1,0,0,2,1
8,-960.367,-2737.296,-322.578,79.658,0.178602,-0.981769,0.065049,0.983815,0.179164,0.002858,-0.014460,0.063485,0.997878,0,0.72000,-0.82914,43.200,-1.658,-1,375.000,-1,375.000,700.000,325.000,300.000,300.000,300.000,-1,-1,-1,-1,675.000,625.000,-1,900.000,2,0,2,0,1,0,0,0,0,2,2,2,2,0,0,2,1
9,-950.609,-2691.374,-323.330,78.005,0.206783,-0.976229,0.064936,0.978248,0.207415,0.003064,-0.016460,0.062890,0.997885,0,0.78245,-0.82642,46.947,-1.653,-1,375.000,-1,375.000,675.000,300.000,300.000,300.000,300.000,-1,-1,-1,-1,650.000,625.000,-1,825.000,2,0,2,0,1,0,0,0,0,2,2,2,2,0,0,2,1
10,-939.522,-2645.690,-324.015,76.358,0.234746,-0.969870,0.065167,0.971899,0.235388,0.002245,-0.017516,0.062809,0.997872,0,0.78350,-0.82347,47.010,-1.647,-1,375.000,-1,350.000,625.000,300.000,300.000,300.000,300.000,-1,-1,-1,-1,650.000,600.000,-1,750.000,2,0,2,0,1,0,0,0,0,2,2,2,2,0,0,2,1
11,-927.114,-2600.281,-324.616,74.717,0.262443,-0.962701,0.065808,0.964780,0.263058,0.000700,-0.017986,0.063306,0.997832,0,0.78455,-0.82053,47.073,-1.641,-1,375.000,-1,350.000,600.000,300.000,300.000,300.000,300.000,-1,-1,-1,-1,650.000,600.000,-1,700.000,2,0,2,0,1,0,0,0,0,2,2,2,2,0,0,2,1
12,-912.092,-2550.630,-325.336,73.166,0.288436,-0.955199,0.066335,0.957326,0.289009,-0.000995,-0.018221,0.063791,0.997797,0,0.86455,-0.77548,51.873,-1.551,-1,375.000,-1,350.000,550.000,300.000,300.000,300.000,300.000,-1,-1,-1,-1,650.000,600.000,-1,650.000,2,0,2,0,1,0,0,0,0,2,2,2,2,0,0,2,1
13,-895.319,-2500.185,-325.777,71.609,0.314411,-0.947049,0.065146,0.949128,0.314872,-0.003330,-0.017359,0.062879,0.997870,0,0.88598,-0.77843,53.159,-1.557,-1,350.000,-1,350.000,525.000,300.000,300.000,300.000,300.000,-1,-1,-1,-1,625.000,600.000,-1,600.000,2,0,2,0,1,0,0,0,0,2,2,2,2,0,0,2,1
14,-877.077,-2449.941,-326.090,70.046,0.340308,-0.938207,0.062904,0.940181,0.340622,-0.005993,-0.015804,0.061181,0.998002,0,0.89087,-0.78148,53.452,-1.563,-1,350.000,-1,350.000,475.000,300.000,300.000,300.000,300.000,-1,-1,-1,-1,625.000,600.000,-1,550.000,2,0,2,0,1,0,0,0,0,2,2,2,2,0,1,2,1
15,-857.357,-2399.940,-326.467,68.477,0.366054,-0.928628,0.060450,0.930487,0.366224,-0.008641,-0.014114,0.059411,0.998134,0,0.89583,-0.78453,53.750,-1.569,-1,350.000,-1,350.000,450.000,300.000,300.000,300.000,300.000,-1,975.000,-1,-1,625.000,575.000,-1,525.000,2,0,2,0,1,0,0,0,0,2,0,2,2,0,1,2,1
16,-836.152,-2350.222,-326.719,66.902,0.391651,-0.918269,0.058244,0.920040,0.391637,-0.012131,-0.011671,0.058338,0.998229,0,0.90084,-0.78760,54.050,-1.575,-1,350.000,-1,350.000,425.000,300.000,300.000,300.000,300.000,-1,650.000,750.000,-1,625.000,525.000,-1,475.000,2,0,2,0,1,0,0,0,0,2,0,0,2,0,1,2,1
17,-813.457,-2300.833,-326.989,65.321,0.417057,-0.907161,0.055872,0.908836,0.416852,-0.015825,-0.008935,0.057378,0.998313,0,0.90589,-0.79069,54.354,-1.581,-1,375.000,-1,350.000,375.000,300.000,300.000,300.000,300.000,-1,500.000,575.000,-1,625.000,500.000,-1,425.000,2,0,2,0,1,0,0,0,0,2,0,0,2,0,1,2,1
18,-789.267,-2251.818,-327.313,63.733,0.442242,-0.895315,0.053229,0.896875,0.441851,-0.019539,-0.006026,0.056381,0.998391,0,0.91098,-0.79382,54.659,-1.588,-1,375.000,-1,350.000,350.000,300.000,300.000,300.000,300.000,-1,425.000,500.000,-1,625.000,475.000,-1,400.000,2,0,2,0,1,0,0,0,0,2,0,0,2,0,1,2,1
19,-763.579,-2203.223,-327.692,62.139,0.467183,-0.882728,0.050307,0.884156,0.466613,-0.023264,-0.002938,0.055348,0.998463,0,0.91610,-0.79701,54.966,-1.594,-1,350.000,-1,350.000,325.000,300.000,300.000,300.000,300.000,-1,375.000,425.000,-1,625.000,450.000,-1,350.000,2,0,2,1,1,0,0,0,0,2,0,0,2,0,1,2,1
20,-736.393,-2155.097,-328.124,60.538,0.491856,-0.869402,0.047098,0.870676,0.491115,-0.026986,0.000332,0.054280,0.998526,0,0.92122,-0.80028,55.273,-1.601,-1,350.000,950.000,325.000,275.000,300.000,300.000,300.000,300.000,-1,325.000,375.000,-1,625.000,400.000,-1,300.000,2,0,1,1,1,0,0,0,0,2,0,0,2,0,1,2,1
21,-707.710,-2107.489,-328.191,58.931,0.516182,-0.855257,0.045736,0.856475,0.515292,-0.030407,0.002438,0.054867,0.998491,0,0.92634,-0.80366,55.580,-1.607,-1,350.000,850.000,300.000,250.000,300.000,300.000,300.000,300.000,-1,325.000,375.000,-1,625.000,375.000,-1,275.000,2,0,1,1,1,0,0,0,0,2,0,0,2,0,1,2,1
22,-677.528,-2060.453,-325.779,57.317,0.540422,-0.840757,0.032731,0.841311,0.539410,-0.035113,0.011866,0.046513,0.998847,0,0.93143,-0.80717,55.886,-1.614,-1,375.000,825.000,275.000,225.000,325.000,300.000,300.000,325.000,-1,275.000,325.000,-1,650.000,350.000,-1,250.000,2,0,1,1,1,0,1,0,0,2,0,0,2,0,1,2,1
23,-645.856,-2014.040,-322.518,55.695,0.564178,-0.825473,0.017235,0.825301,0.563205,-0.040959,0.024104,0.037332,0.999012,0,0.93647,-0.81085,56.188,-1.622,-1,400.000,800.000,275.000,225.000,325.000,275.000,300.000,325.000,-1,250.000,275.000,-1,700.000,350.000,-1,225.000,2,0,1,1,1,0,1,0,1,2,0,0,2,0,1,2,1
24,-610.851,-1965.309,-318.663,54.313,0.583732,-0.811945,-0.001543,0.811019,0.583155,-0.046678,0.038800,0.025996,0.998909,0,1.00000,-0.69085,60.000,-1.382,-1,425.000,775.000,250.000,200.000,325.000,275.000,300.000,350.000,850.000,200.000,225.000,-1,700.000,325.000,-1,225.000,2,0,1,1,1,1,1,0,1,0,0,0,2,1,1,2,1
25,-574.881,-1917.283,-314.373,53.172,0.599085,-0.800367,-0.022595,0.798790,0.599369,-0.051869,0.055057,0.013025,0.998398,0,1.00000,-0.57085,60.000,-1.142,-1,450.000,800.000,250.000,200.000,325.000,250.000,275.000,350.000,675.000,125.000,200.000,-1,675.000,325.000,-1,200.000,2,1,1,1,1,1,1,0,1,0,0,0,2,1,1,2,1
26,-538.161,-1869.829,-309.075,52.270,0.610285,-0.790901,-0.045028,0.788973,0.611941,-0.055226,0.071233,-0.001822,0.997458,0,1.00000,-0.45085,60.000,-0.902,-1,425.000,800.000,250.000,175.000,325.000,250.000,275.000,350.000,550.000,75.000,200.000,-1,675.000,325.000,-1,200.000,2,1,1,1,1,1,1,0,1,0,0,0,2,1,1,2,1
27,-500.895,-1822.800,-302.945,51.608,0.617265,-0.783630,-0.070051,0.781819,0.620914,-0.056787,0.087996,-0.019715,0.995926,0,1.00000,-0.33085,60.000,-0.662,-1,425.000,-1,250.000,175.000,300.000,250.000,275.000,375.000,450.000,50.000,175.000,-1,675.000,325.000,-1,175.000,2,1,2,1,1,1,1,0,1,0,0,0,2,1,1,2,1
28,-463.286,-1776.045,-296.284,51.187,0.619954,-0.778582,-0.097302,0.777406,0.626297,-0.058245,0.106288,-0.039534,0.993549,0,1.00000,-0.21085,60.000,-0.422,-1,400.000,-1,250.000,175.000,300.000,250.000,250.000,400.000,375.000,25.000,175.000,-1,725.000,350.000,-1,175.000,2,1,2,1,1,1,1,0,1,0,0,0,2,1,1,2,1
29,-425.531,-1729.406,-289.415,51.005,0.618453,-0.775797,-0.125120,0.775810,0.628120,-0.059872,0.125039,-0.060041,0.990333,0,1.00000,-0.09085,60.000,-0.182,-1,400.000,-1,250.000,150.000,300.000,250.000,250.000,400.000,300.000,25.000,150.000,-1,-1,375.000,-1,175.000,2,1,2,1,1,1,1,0,1,0,0,0,2,2,1,2,1
30,-387.636,-1682.881,-283.752,50.832,0.617116,-0.773068,-0.146745,0.774346,0.629781,-0.061346,0.139842,-0.075774,0.987270,0,1.00000,-0.08644,60.000,-0.173,-1,400.000,-1,250.000,150.000,300.000,250.000,225.000,375.000,275.000,25.000,150.000,-1,-1,375.000,-1,175.000,2,1,2,1,1,1,1,0,1,0,0,0,2,2,1,2,1
31,-2951.697,6887.300,-174.351,15.758,0.962315,-0.271375,0.017488,0.270399,0.961721,0.044453,-0.028882,-0.038049,0.998858,1,0.00000,0.00000,60.000,-0.203,-1,400.000,-1,400.000,-1,325.000,325.000,300.000,300.000,-1,625.000,700.000,-1,800.000,875.000,-1,-1,2,0,2,0,2,0,0,0,0,2,0,0,2,0,0,2,2
32,-2956.311,6885.977,-174.219,15.998,0.961170,-0.275402,0.017477,0.274426,0.960582,0.044423,-0.029022,-0.037902,0.998860,0,-0.08000,0.12000,-4.800,0.240,-1,400.000,-1,400.000,-1,325.000,325.000,300.000,300.000,-1,625.000,700.000,-1,800.000,875.000,-1,-1,2,0,2,0,2,0,0,0,0,2,0,0,2,0,0,2,2
33,-2965.517,6883.254,-173.953,16.478,0.958830,-0.283443,0.017452,0.282464,0.958251,0.044363,-0.029298,-0.037607,0.998863,0,-0.16000,0.24000,-9.600,0.480,-1,400.000,-1,400.000,-1,325.000,325.000,300.000,300.000,-1,600.000,700.000,-1,800.000,875.000,-1,-1,2,0,2,0,2,0,0,0,0,2,0,0,2,0,0,2,2
34,-2979.273,6878.996,-173.549,17.198,0.955194,-0.295467,0.017408,0.294485,0.954630,0.044277,-0.029701,-0.037167,0.998868,0,-0.24000,0.36000,-14.400,0.720,-1,400.000,-1,400.000,-1,325.000,325.000,300.000,300.000,-1,600.000,700.000,-1,800.000,875.000,-1,-1,2,0,2,0,2,0,0,0,0,2,0,0,2,0,0,2,2
35,-2997.517,6873.012,-173.001,18.158,0.950112,-0.311426,0.017337,0.310441,0.949566,0.044168,-0.030218,-0.036582,0.998874,0,-0.32000,0.48000,-19.200,0.960,-1,400.000,-1,400.000,-1,325.000,325.000,300.000,300.000,-1,600.000,700.000,-1,800.000,875.000,-1,-1,2,0,2,0,2,0,0,0,0,2,0,0,2,0,0,2,2
36,-3020.160,6865.057,-172.303,19.358,0.943385,-0.331253,0.017228,0.330265,0.942861,0.044038,-0.030831,-0.035855,0.998881,0,-0.40000,0.60000,-24.000,1.200,-1,400.000,-1,400.000,-1,325.000,325.000,300.000,300.000,-1,575.000,675.000,-1,800.000,850.000,-1,-1,2,0,2,0,2,0,0,0,0,2,0,0,2,0,0,2,2
37,-3043.592,6856.157,-171.561,20.798,0.934766,-0.354853,0.017094,0.353861,0.934267,0.043916,-0.031554,-0.035002,0.998889,0,-0.41774,0.72000,-25.065,1.440,-1,400.000,-1,400.000,-1,325.000,325.000,300.000,300.000,-1,550.000,675.000,-1,775.000,850.000,-1,-1,2,0,2,0,2,0,0,0,0,2,0,0,2,0,0,2,2
38,-3066.699,6846.595,-170.807,22.478,0.923964,-0.382104,0.016936,0.381106,0.923493,0.043811,-0.032381,-0.034026,0.998896,0,-0.41678,0.84000,-25.007,1.680,-1,400.000,-1,400.000,-1,325.000,325.000,300.000,300.000,-1,550.000,675.000,-1,775.000,850.000,-1,-1,2,0,2,0,2,0,0,0,0,2,0,0,2,0,0,2,2
39,-3089.429,6836.285,-170.037,24.398,0.910647,-0.412845,0.016747,0.411841,0.910206,0.043727,-0.033296,-0.032923,0.998903,0,-0.41597,0.96000,-24.958,1.920,-1,400.000,-1,400.000,-1,325.000,325.000,300.000,300.000,-1,550.000,675.000,-1,775.000,850.000,-1,-1,2,0,2,0,2,0,0,0,0,2,0,0,2,0,0,2,2
40,-3111.754,6825.204,-169.248,26.398,0.895688,-0.444376,0.016521,0.443367,0.895277,0.043656,-0.034190,-0.031777,0.998910,0,-0.41540,1.00000,-24.924,2.000,-1,400.000,-1,400.000,-1,325.000,325.000,300.000,300.000,-1,525.000,675.000,-1,775.000,825.000,-1,-1,2,0,2,0,2,0,0,0,0,2,0,0,2,0,0,2,2
41,-3133.671,6813.354,-168.416,28.398,0.879637,-0.475368,0.016232,0.474361,0.879257,0.043464,-0.034934,-0.030533,0.998923,0,-0.41526,1.00000,-24.915,2.000,-1,400.000,-1,400.000,-1,325.000,325.000,300.000,300.000,-1,525.000,675.000,-1,775.000,825.000,-1,-1,2,0,2,0,2,0,0,0,0,2,0,0,2,0,0,2,2
42,-3155.181,6800.734,-167.532,30.398,0.862511,-0.505785,0.016010,0.504782,0.862166,0.043184,-0.035645,-0.029165,0.998939,0,-0.41564,1.00000,-24.939,2.000,-1,400.000,-1,400.000,-1,325.000,325.000,300.000,300.000,-1,525.000,700.000,-1,775.000,825.000,-1,-1,2,0,2,0,2,0,0,0,0,2,0,0,2,0,0,2,2
43,-3176.285,6787.342,-166.616,32.398,0.844331,-0.535588,0.015836,0.534588,0.844023,0.042894,-0.036340,-0.027751,0.998954,0,-0.41657,1.00000,-24.994,2.000,-1,400.000,-1,400.000,-1,325.000,325.000,300.000,300.000,-1,525.000,700.000,-1,775.000,825.000,-1,-1,2,0,2,0,2,0,0,0,0,2,0,0,2,0,0,2,2
44,-3196.982,6773.171,-165.610,34.398,0.825112,-0.564743,0.015992,0.563743,0.824855,0.042517,-0.037203,-0.026066,0.998968,0,-0.41805,1.00000,-25.083,2.000,-1,400.000,-1,400.000,-1,325.000,325.000,300.000,300.000,-1,525.000,675.000,-1,775.000,800.000,-1,-1,2,0,2,0,2,0,0,0,0,2,0,0,2,0,0,2,2
45,-3217.270,6758.213,-164.397,36.398,0.804858,-0.593222,0.017075,0.592210,0.804692,0.041930,-0.038615,-0.023636,0.998975,0,-0.42009,1.00000,-25.206,2.000,-1,400.000,-1,400.000,-1,325.000,325.000,300.000,300.000,-1,600.000,675.000,-1,775.000,800.000,-1,-1,2,0,2,0,2,0,0,0,0,2,0,0,2,0,0,2,2
46,-3237.146,6742.460,-163.181,38.398,0.783620,-0.620977,0.018082,0.619956,0.783540,0.041470,-0.039920,-0.021287,0.998976,0,-0.42270,1.00000,-25.362,2.000,-1,400.000,-1,400.000,-1,325.000,325.000,300.000,300.000,-1,650.000,700.000,-1,775.000,775.000,-1,-1,2,0,2,0,2,0,0,0,0,2,0,0,2,0,0,2,2
47,-3256.606,6725.899,-161.960,40.398,0.761426,-0.647973,0.019003,0.646946,0.761426,0.041130,-0.041120,-0.019023,0.998973,0,-0.42587,1.00000,-25.552,2.000,-1,400.000,-1,400.000,-1,325.000,325.000,300.000,300.000,-1,650.000,700.000,-1,775.000,775.000,-1,-1,2,0,2,0,2,0,0,0,0,2,0,0,2,0,0,2,2
48,-3275.641,6708.518,-160.736,42.398,0.738302,-0.674178,0.019831,0.673147,0.738377,0.040901,-0.042218,-0.016848,0.998966,0,-0.42961,1.00000,-25.776,2.000,-1,400.000,-1,400.000,-1,325.000,325.000,300.000,300.000,-1,650.000,700.000,-1,775.000,775.000,-1,-1,2,0,2,0,2,0,0,0,0,2,0,0,2,0,0,2,2
49,-3294.241,6690.304,-159.507,44.398,0.714279,-0.699559,0.020560,0.698526,0.714422,0.040776,-0.043213,-0.014764,0.998957,0,-0.43390,1.00000,-26.034,2.000,-1,400.000,-1,400.000,-1,325.000,325.000,300.000,300.000,-1,675.000,725.000,-1,775.000,750.000,-1,-1,2,0,2,0,2,0,0,0,0,2,0,0,2,0,0,2,2
50,-3312.391,6671.245,-158.274,46.398,0.689384,-0.724086,0.021181,0.723052,0.689591,0.040746,-0.044110,-0.012774,0.998945,0,-0.43863,1.00000,-26.318,2.000,-1,400.000,-1,400.000,-1,325.000,325.000,300.000,300.000,-1,675.000,725.000,-1,775.000,750.000,-1,-1,2,0,2,0,2,0,0,0,0,2,0,0,2,0,0,2,2
51,-3329.949,6651.470,-157.045,48.398,0.663651,-0.747728,0.021685,0.746693,0.663916,0.040804,-0.044908,-0.010888,0.998932,0,-0.44075,1.00000,-26.445,2.000,-1,400.000,-1,400.000,-1,325.000,325.000,300.000,300.000,-1,675.000,725.000,-1,775.000,750.000,-1,-1,2,0,2,0,2,0,0,0,0,2,0,0,2,0,0,2,2
52,-3346.807,6631.094,-155.813,50.398,0.637111,-0.770456,0.022051,0.769419,0.637427,0.041007,-0.045650,-0.009159,0.998915,0,-0.44075,1.00000,-26.445,2.000,-1,400.000,-1,400.000,-1,325.000,325.000,300.000,300.000,-1,675.000,725.000,-1,750.000,750.000,-1,-1,2,0,2,0,2,0,0,0,0,2,0,0,2,0,0,2,2
53,-3362.943,6610.142,-154.514,52.398,0.609803,-0.792242,0.022219,0.791184,0.610157,0.041670,-0.046570,-0.007831,0.998884,0,-0.44075,1.00000,-26.445,2.000,-1,400.000,-1,400.000,-1,325.000,325.000,300.000,300.000,-1,700.000,750.000,-1,750.000,750.000,-1,-1,2,0,2,0,2,0,0,0,0,2,0,0,2,0,0,2,2
54,-3378.338,6588.640,-153.228,54.398,0.581755,-0.813060,0.022230,0.811982,0.582142,0.042389,-0.047406,-0.006609,0.998854,0,-0.44075,1.00000,-26.445,2.000,-1,400.000,-1,400.000,-1,325.000,325.000,275.000,300.000,-1,725.000,775.000,-1,750.000,750.000,-1,-1,2,0,2,0,2,0,0,0,0,2,0,0,2,0,0,2,2
55,-3390.392,6570.662,-152.190,56.158,0.556488,-0.830561,0.022104,0.829465,0.556899,0.043029,-0.048048,-0.005611,0.998829,0,-0.36075,0.88000,-21.645,1.760,-1,400.000,-1,400.000,-1,325.000,325.000,275.000,300.000,-1,725.000,800.000,-1,750.000,750.000,-1,-1,2,0,2,0,2,0,0,0,0,2,0,0,2,0,0,2,2
56,-3399.399,6556.427,-151.394,57.678,0.534247,-0.845045,0.021901,0.843935,0.534674,0.043565,-0.048525,-0.004792,0.998810,0,-0.28075,0.76000,-16.845,1.520,-1,400.000,-1,400.000,-1,325.000,325.000,275.000,300.000,-1,750.000,825.000,-1,750.000,750.000,-1,-1,2,0,2,0,2,0,0,0,0,2,0,0,2,0,0,2,2
57,-3405.580,6546.088,-150.841,59.128,0.512674,-0.858311,0.021635,0.857191,0.513115,0.044010,-0.048875,-0.004018,0.998797,0,-0.20075,0.72521,-12.045,1.450,-1,400.000,-1,400.000,-1,325.000,325.000,275.000,300.000,-1,750.000,-1,-1,750.000,750.000,-1,-1,2,0,2,0,2,0,0,0,0,2,0,2,2,0,0,2,2
58,-3409.139,6539.778,-150.532,60.579,0.490774,-0.871026,0.021324,0.869902,0.491226,0.044360,-0.049114,-0.003221,0.998788,0,-0.12075,0.72521,-7.245,1.450,-1,400.000,-1,400.000,-1,325.000,325.000,275.000,300.000,-1,775.000,-1,-1,750.000,750.000,-1,-1,2,0,2,0,2,0,0,0,0,2,0,2,2,0,0,2,2
59,-3410.285,6537.618,-150.464,62.029,0.468559,-0.883183,0.020996,0.882059,0.469023,0.044604,-0.049241,-0.002380,0.998784,0,-0.04075,0.72521,-2.445,1.450,-1,375.000,-1,400.000,-1,325.000,325.000,275.000,300.000,-1,800.000,-1,-1,725.000,750.000,-1,-1,2,0,2,0,2,0,0,0,0,2,0,2,2,0,0,2,2
60,-3409.234,6539.725,-150.637,63.479,0.446042,-0.894773,0.020679,0.893656,0.446518,0.044736,-0.049262,-0.001474,0.998785,0,0.03925,0.72521,2.355,1.450,-1,375.000,-1,400.000,-1,325.000,325.000,275.000,300.000,-1,800.000,-1,-1,725.000,750.000,-1,-1,2,0,2,0,2,0,0,0,0,2,0,2,2,0,0,2,2
61,-3406.202,6546.205,-151.050,64.930,0.423236,-0.905790,0.020398,0.904684,0.423727,0.044749,-0.049177,-0.000486,0.998790,0,0.11925,0.72521,7.155,1.450,-1,375.000,-1,400.000,-1,325.000,325.000,275.000,300.000,-1,-1,-1,-1,725.000,750.000,-1,-1,2,0,2,0,2,0,0,0,0,2,2,2,2,0,0,2,2
62,-3401.412,6557.159,-151.703,66.380,0.400156,-0.916225,0.020178,0.915137,0.400664,0.044645,-0.048989,0.000601,0.998799,0,0.19925,0.72521,11.955,1.450,-1,375.000,-1,400.000,-1,325.000,325.000,275.000,300.000,-1,-1,-1,-1,725.000,750.000,-1,-1,2,0,2,0,2,0,0,0,0,2,2,2,2,0,0,2,2
63,-3395.090,6572.675,-152.597,67.831,0.376816,-0.926071,0.020041,0.925007,0.377344,0.044423,-0.048701,0.001799,0.998812,0,0.27925,0.72521,16.755,1.450,-1,375.000,-1,400.000,-1,325.000,325.000,275.000,300.000,-1,-1,-1,-1,725.000,750.000,-1,-1,2,0,2,0,2,0,0,0,0,2,2,2,2,0,0,2,2
64,-3387.464,6592.835,-153.730,69.281,0.353229,-0.935323,0.020010,0.934288,0.353781,0.044088,-0.048315,0.003122,0.998827,0,0.35925,0.72521,21.555,1.450,-1,375.000,-1,400.000,-1,325.000,325.000,275.000,300.000,-1,-1,-1,-1,725.000,750.000,-1,-1,2,0,2,0,2,0,0,0,0,2,2,2,2,0,0,2,2
65,-3378.767,6617.714,-155.091,70.732,0.329412,-0.943973,0.020068,0.942972,0.329992,0.043698,-0.047872,0.004529,0.998843,0,0.43925,0.72521,26.355,1.450,-1,375.000,-1,400.000,-1,325.000,325.000,275.000,300.000,-1,-1,-1,-1,725.000,750.000,-1,-1,2,0,2,0,2,0,0,0,0,2,2,2,2,0,0,2,2
66,-3369.234,6647.374,-156.581,72.182,0.305390,-0.952018,0.019978,0.951034,0.305990,0.043639,-0.047658,0.005672,0.998848,0,0.51925,0.72521,31.155,1.450,-1,375.000,-1,400.000,-1,325.000,325.000,275.000,300.000,-1,-1,-1,-1,725.000,750.000,-1,-1,2,0,2,0,2,0,0,0,0,2,2,2,2,0,0,2,2
67,-3359.102,6681.872,-158.197,73.632,0.281191,-0.959453,0.019543,0.958497,0.281793,0.043322,-0.047072,0.006550,0.998870,0,0.59925,0.72521,35.955,1.450,-1,375.000,-1,400.000,-1,325.000,325.000,275.000,300.000,-1,-1,-1,-1,725.000,750.000,-1,-1,2,0,2,0,2,0,0,0,0,2,2,2,2,0,0,2,2
68,-3349.805,6716.776,-159.813,75.084,0.256791,-0.966278,0.019111,0.965354,0.257394,0.042906,-0.046378,0.007431,0.998896,0,0.60202,0.72588,36.121,1.452,-1,375.000,-1,400.000,-1,325.000,325.000,275.000,300.000,-1,-1,-1,-1,725.000,750.000,-1,-1,2,0,2,0,2,0,0,0,0,2,2,2,2,0,0,2,2
69,-3341.280,6752.394,-161.456,76.540,0.232153,-0.972499,0.018752,0.971609,0.232758,0.042417,-0.045615,0.008372,0.998924,0,0.61040,0.72794,36.624,1.456,-1,375.000,-1,400.000,-1,325.000,325.000,275.000,300.000,-1,-1,-1,-1,725.000,750.000,-1,-1,2,0,2,0,2,0,0,0,0,2,2,2,2,0,0,2,2
70,-3333.534,6788.835,-163.127,77.999,0.207302,-0.978103,0.018471,0.977252,0.207912,0.041857,-0.044781,0.009374,0.998953,0,0.62093,0.72974,37.256,1.459,-1,375.000,-1,400.000,-1,325.000,325.000,275.000,300.000,-1,-1,-1,-1,725.000,750.000,-1,-1,2,0,2,0,2,0,0,0,0,2,2,2,2,0,0,2,2
71,-3326.601,6826.101,-164.826,79.461,0.182271,-0.983079,0.018274,0.982269,0.182887,0.041231,-0.043876,0.010435,0.998982,0,0.63176,0.73100,37.905,1.462,-1,375.000,-1,400.000,-1,325.000,325.000,275.000,300.000,-1,-1,-1,-1,725.000,750.000,-1,-1,2,0,2,0,2,0,0,0,0,2,2,2,2,0,0,2,2
72,-3320.517,6864.190,-166.549,80.925,0.157095,-0.987416,0.018165,0.986651,0.157719,0.040545,-0.042900,0.011553,0.999013,0,0.64285,0.73169,38.571,1.463,-1,375.000,-1,400.000,-1,325.000,325.000,275.000,300.000,-1,-1,925.000,-1,725.000,775.000,-1,-1,2,0,2,0,2,0,0,0,0,2,2,0,2,0,0,2,2
73,-3315.318,6903.096,-168.294,82.388,0.131812,-0.991109,0.018148,0.990391,0.132446,0.039804,-0.041854,0.012727,0.999043,0,0.65421,0.73180,39.253,1.464,-1,375.000,-1,400.000,-1,325.000,325.000,275.000,300.000,-1,1000.000,875.000,-1,725.000,775.000,-1,-1,2,0,2,0,2,0,0,0,0,2,0,0,2,0,0,2,2
74,-3311.039,6942.815,-170.059,83.851,0.106460,-0.994150,0.018228,0.993482,0.107104,0.039014,-0.040739,0.013956,0.999072,0,0.66581,0.73127,39.948,1.463,-1,375.000,-1,400.000,-1,325.000,325.000,275.000,300.000,-1,950.000,850.000,-1,725.000,775.000,-1,-1,2,0,2,0,2,0,0,0,0,2,0,0,2,0,0,2,2
75,-3307.716,6983.336,-171.782,85.311,0.081068,-0.996534,0.018652,0.995916,0.081735,0.038347,-0.039739,0.015467,0.999090,0,0.67762,0.73007,40.657,1.460,-1,375.000,-1,400.000,-1,325.000,325.000,275.000,300.000,-1,925.000,825.000,-1,725.000,775.000,-1,-1,2,0,2,0,2,0,0,0,0,2,0,0,2,0,0,2,2
76,-3305.383,7024.648,-173.451,86.767,0.055674,-0.998260,0.019444,0.997692,0.056380,0.037853,-0.038883,0.017292,0.999094,0,0.68963,0.72818,41.378,1.456,-1,375.000,-1,400.000,-1,325.000,325.000,275.000,300.000,-1,925.000,800.000,-1,725.000,775.000,1000.000,-1,2,0,2,0,2,0,0,0,0,2,0,0,2,0,0,1,2
77,-3304.074,7066.735,-175.139,88.219,0.030339,-0.999334,0.020281,0.998820,0.031081,0.037329,-0.037934,0.019125,0.999097,0,0.70180,0.72554,42.108,1.451,-1,375.000,975.000,400.000,-1,325.000,325.000,275.000,300.000,-1,900.000,800.000,-1,725.000,775.000,950.000,-1,2,0,1,0,2,0,0,0,0,2,0,0,2,0,0,1,2
78,-3303.608,7113.641,-177.008,89.430,0.009176,-0.999732,0.021232,0.999276,0.009952,0.036733,-0.036935,0.020879,0.999100,0,0.78180,0.60554,46.908,1.211,1000.000,375.000,925.000,400.000,-1,325.000,325.000,275.000,300.000,-1,900.000,800.000,-1,725.000,775.000,925.000,950.000,1,0,1,0,2,0,0,0,0,2,0,0,2,0,0,1,1
79,-3303.970,7165.348,-179.056,90.401,-0.007800,-0.999721,0.022290,0.999325,-0.006992,0.036068,-0.035902,0.022557,0.999101,0,0.86180,0.48554,51.708,0.971,950.000,375.000,875.000,400.000,-1,325.000,325.000,275.000,300.000,-1,900.000,800.000,-1,725.000,775.000,875.000,900.000,1,0,1,0,2,0,0,0,0,2,0,0,2,0,1,1,1
80,-3305.050,7220.007,-181.142,91.132,-0.020580,-0.999518,0.023246,0.999174,-0.019747,0.035508,-0.035032,0.023957,0.999099,0,0.91117,0.36554,54.670,0.731,900.000,375.000,825.000,400.000,975.000,325.000,325.000,275.000,300.000,-1,900.000,800.000,-1,725.000,725.000,825.000,825.000,1,0,1,0,1,0,0,0,0,2,0,0,2,1,1,1,1
81,-3306.625,7275.591,-183.025,91.623,-0.029162,-0.999291,0.023800,0.998976,-0.028312,0.035293,-0.034594,0.024804,0.999094,0,0.92678,0.24554,55.607,0.491,850.000,375.000,775.000,400.000,900.000,325.000,325.000,275.000,300.000,-1,950.000,850.000,-1,675.000,675.000,775.000,775.000,1,0,1,0,1,0,0,0,0,2,0,0,2,1,1,1,1
82,-3308.647,7332.108,-184.930,92.049,-0.036602,-0.999033,0.024365,0.998746,-0.035736,0.035075,-0.034171,0.025618,0.999088,0,0.94255,0.21287,56.553,0.426,800.000,400.000,725.000,400.000,800.000,325.000,325.000,275.000,300.000,-1,975.000,875.000,-1,625.000,625.000,725.000,700.000,1,0,1,0,1,0,0,0,0,2,0,0,2,1,1,1,1
83,-3311.122,7389.561,-186.855,92.466,-0.043894,-0.998725,0.024943,0.998466,-0.043012,0.034853,-0.033735,0.026434,0.999081,0,0.95844,0.20869,57.507,0.417,725.000,400.000,675.000,400.000,725.000,325.000,325.000,275.000,300.000,-1,-1,925.000,-1,600.000,575.000,675.000,650.000,1,0,1,0,1,0,0,0,0,2,2,0,2,1,1,1,1
84,-3314.053,7447.953,-188.801,92.874,-0.051018,-0.998371,0.025533,0.998143,-0.050121,0.034627,-0.033291,0.027252,0.999074,0,0.97443,0.20397,58.466,0.408,675.000,400.000,600.000,400.000,650.000,325.000,325.000,275.000,300.000,-1,-1,950.000,-1,550.000,525.000,600.000,575.000,1,0,1,0,1,0,0,0,0,2,2,0,2,1,1,1,1
85,-3317.445,7507.285,-190.764,93.271,-0.057954,-0.997977,0.026136,0.997779,-0.057041,0.034399,-0.032839,0.028071,0.999066,0,0.99047,0.19866,59.428,0.397,625.000,400.000,550.000,400.000,575.000,325.000,325.000,275.000,300.000,-1,-1,1000.000,-1,500.000,475.000,550.000,500.000,1,0,1,0,1,0,0,0,0,2,2,0,2,1,1,1,1
86,-3321.272,7567.162,-192.689,93.657,-0.064680,-0.997543,0.026932,0.997385,-0.063751,0.034043,-0.032242,0.029063,0.999057,0,1.00000,0.19270,60.000,0.385,550.000,375.000,500.000,375.000,500.000,325.000,325.000,275.000,300.000,-1,-1,-1,-1,450.000,425.000,500.000,450.000,1,1,1,1,1,0,0,0,0,2,2,2,2,1,1,1,1
87,-3325.488,7627.014,-194.574,94.029,-0.071174,-0.997075,0.027844,0.996964,-0.070227,0.033616,-0.031562,0.030152,0.999047,0,1.00000,0.18608,60.000,0.372,475.000,325.000,425.000,325.000,425.000,300.000,300.000,275.000,300.000,-1,-1,-1,-1,400.000,350.000,425.000,375.000,1,1,1,1,1,1,1,0,0,2,2,2,2,1,1,1,1
88,-3330.077,7686.838,-196.441,94.386,-0.077408,-0.996584,0.028769,0.996521,-0.076445,0.033191,-0.030879,0.031239,0.999035,0,1.00000,0.17878,60.000,0.358,425.000,300.000,375.000,275.000,350.000,275.000,250.000,275.000,300.000,-1,-1,-1,-1,350.000,300.000,375.000,325.000,1,1,1,1,1,1,1,0,0,2,2,2,2,1,1,1,1
89,-3335.023,7746.634,-198.291,94.728,-0.083360,-0.996077,0.029706,0.996062,-0.082381,0.032772,-0.030197,0.032321,0.999021,0,1.00000,0.17076,60.000,0.342,350.000,250.000,325.000,225.000,275.000,225.000,225.000,275.000,300.000,-1,-1,-1,-1,300.000,250.000,325.000,250.000,1,1,1,1,1,1,1,0,0,2,2,2,2,1,1,1,1
90,-3340.307,7806.401,-200.124,95.052,-0.089002,-0.995560,0.030652,0.995594,-0.088009,0.032360,-0.029519,0.033397,0.999006,0,1.00000,0.16197,60.000,0.324,300.000,200.000,250.000,175.000,225.000,175.000,175.000,275.000,300.000,-1,-1,-1,-1,250.000,200.000,250.000,200.000,1,1,1,1,1,1,1,0,0,2,2,2,2,1,1,1,1
91,-3345.906,7866.138,-199.105,95.357,-0.093825,-0.995349,0.021867,0.995375,-0.093327,0.022779,-0.020632,0.023903,0.999501,0,1.00000,0.15235,60.000,0.305,225.000,175.000,200.000,150.000,150.000,150.000,150.000,275.000,325.000,-1,750.000,725.000,-1,200.000,175.000,200.000,150.000,1,1,1,1,1,1,1,0,0,2,0,0,2,1,1,1,1
92,-3351.800,7925.849,-184.366,95.640,-0.098437,-0.995136,-0.003695,0.994689,-0.098280,-0.030584,0.030072,-0.006686,0.999525,0,1.00000,0.14182,60.000,0.284,200.000,175.000,225.000,150.000,150.000,150.000,125.000,275.000,425.000,725.000,125.000,200.000,-1,200.000,175.000,200.000,150.000,1,1,1,1,1,1,1,0,0,0,0,0,2,1,1,1,1
93,6887.280,1639.847,147.775,125.688,-0.581130,-0.812034,-0.053742,0.804877,-0.583254,0.109487,-0.120252,0.020370,0.992534,1,0.00000,0.00000,60.000,0.261,-1,400.000,-1,425.000,-1,325.000,325.000,300.000,300.000,-1,-1,-1,-1,775.000,850.000,-1,-1,2,0,2,0,2,0,0,0,0,2,2,2,2,0,0,2,2
94,6884.497,1643.758,147.189,125.448,-0.577689,-0.814478,-0.053862,0.807303,-0.579853,0.109689,-0.120572,0.019883,0.992505,0,0.08000,-0.12000,4.800,-0.240,-1,400.000,-1,425.000,-1,325.000,325.000,300.000,300.000,-1,-1,-1,-1,775.000,850.000,-1,-1,2,0,2,0,2,0,0,0,0,2,2,2,2,0,0,2,2
95,6878.995,1651.625,146.013,124.968,-0.570774,-0.819323,-0.054101,0.812112,-0.573021,0.110094,-0.121204,0.018903,0.992448,0,0.16000,-0.24000,9.600,-0.480,-1,400.000,-1,425.000,-1,325.000,325.000,300.000,300.000,-1,-1,-1,-1,775.000,850.000,-1,-1,2,0,2,0,2,0,0,0,0,2,2,2,2,0,0,2,2
96,6870.891,1663.528,144.243,124.248,-0.560324,-0.826481,-0.054456,0.819219,-0.562695,0.110703,-0.122136,0.017419,0.992361,0,0.24000,-0.36000,14.400,-0.720,-1,400.000,-1,425.000,-1,325.000,325.000,300.000,300.000,-1,-1,-1,-1,750.000,850.000,-1,-1,2,0,2,0,2,0,0,0,0,2,2,2,2,0,0,2,2
97,6860.353,1679.578,141.874,123.288,-0.546249,-0.835820,-0.054920,0.828491,-0.548787,0.111515,-0.123346,0.015414,0.992244,0,0.32000,-0.48000,19.200,-0.960,-1,400.000,-1,400.000,-1,325.000,325.000,300.000,300.000,-1,-1,-1,-1,750.000,825.000,-1,-1,2,0,2,0,2,0,0,0,0,2,2,2,2,0,0,2,2
98,6847.597,1699.908,138.901,122.106,-0.528688,-0.847000,-0.055490,0.839592,-0.531436,0.112521,-0.124795,0.012900,0.992099,0,0.40000,-0.59138,24.000,-1.183,-1,400.000,-1,400.000,-1,325.000,325.000,300.000,300.000,-1,-1,-1,-1,750.000,825.000,-1,-1,2,0,2,0,2,0,0,0,0,2,2,2,2,0,0,2,2
99,6832.798,1724.616,135.324,120.921,-0.510849,-0.857834,-0.056167,0.850327,-0.513823,0.113712,-0.126406,0.010330,0.991925,0,0.48000,-0.59243,28.800,-1.185,-1,400.000,-1,400.000,-1,325.000,325.000,300.000,300.000,-1,-1,-1,-1,750.000,825.000,-1,-1,2,0,2,0,2,0,0,0,0,2,2,2,2,0,0,2,2
100,6816.133,1753.792,131.137,119.733,-0.492725,-0.868319,-0.056948,0.860693,-0.495946,0.115086,-0.128175,0.007691,0.991722,0,0.56000,-0.59378,33.600,-1.188,-1,400.000,-1,400.000,1000.000,325.000,325.000,300.000,300.000,-1,-1,-1,-1,725.000,825.000,-1,-1,2,0,2,0,1,0,0,0,0,2,2,2,2,0,0,2,2
101,6797.785,1787.526,126.332,118.542,-0.474314,-0.878454,-0.057831,0.870690,-0.477801,0.116642,-0.130096,0.004971,0.991489,0,0.64000,-0.59541,38.400,-1.191,-1,400.000,-1,400.000,975.000,325.000,325.000,300.000,300.000,-1,-1,-1,-1,725.000,825.000,-1,-1,2,0,2,0,1,0,0,0,0,2,2,2,2,0,0,2,2
102,6778.295,1825.209,120.903,117.348,-0.455673,-0.888233,-0.058341,0.880329,-0.459386,0.118260,-0.131843,0.002529,0.991267,0,0.70707,-0.59734,42.424,-1.195,-1,400.000,-1,400.000,950.000,325.000,325.000,300.000,300.000,-1,-1,-1,-1,725.000,800.000,-1,1000.000,2,0,2,0,1,0,0,0,0,2,2,2,2,0,0,2,1
103,6759.484,1863.526,115.292,116.149,-0.436831,-0.897654,-0.058271,0.889631,-0.440701,0.119749,-0.133173,0.000471,0.991093,0,0.71142,-0.59950,42.685,-1.199,-1,400.000,-1,400.000,900.000,325.000,325.000,300.000,300.000,-1,-1,-1,-1,700.000,800.000,-1,950.000,2,0,2,0,1,0,0,0,0,2,2,2,2,0,1,2,1
104,6741.368,1902.470,109.607,114.945,-0.417731,-0.906709,-0.058137,0.898564,-0.421754,0.121269,-0.134475,-0.001582,0.990916,0,0.71585,-0.60160,42.951,-1.203,-1,400.000,-1,400.000,850.000,325.000,325.000,300.000,300.000,-1,-1,-1,-1,700.000,775.000,-1,900.000,2,0,2,0,1,0,0,0,0,2,2,2,2,0,1,2,1
105,6723.969,1942.036,103.757,113.738,-0.398407,-0.915390,-0.057729,0.907068,-0.402554,0.123199,-0.136014,-0.003280,0.990701,0,0.72037,-0.60365,43.222,-1.207,-1,400.000,-1,400.000,825.000,325.000,325.000,300.000,300.000,-1,-1,-1,-1,700.000,750.000,-1,850.000,2,0,2,0,1,0,0,0,0,2,2,2,2,0,1,2,1
106,6707.303,1982.217,97.862,112.527,-0.378837,-0.923689,-0.057287,0.915199,-0.383110,0.125048,-0.137452,-0.005057,0.990495,0,0.72498,-0.60565,43.499,-1.211,-1,400.000,-1,400.000,775.000,325.000,325.000,300.000,300.000,-1,-1,-1,-1,700.000,700.000,-1,800.000,2,0,2,0,1,0,0,0,0,2,2,2,2,0,1,2,1
107,6691.391,2023.003,91.922,111.312,-0.359029,-0.931596,-0.056813,0.922949,-0.363431,0.126817,-0.138790,-0.006904,0.990298,0,0.72966,-0.60760,43.780,-1.215,-1,375.000,-1,400.000,750.000,325.000,325.000,300.000,300.000,-1,-1,-1,-1,675.000,675.000,-1,750.000,2,0,2,0,1,0,0,0,0,2,2,2,2,0,1,2,1
108,6676.252,2064.387,85.762,110.093,-0.338931,-0.939096,-0.056786,0.930417,-0.343522,0.127737,-0.139465,-0.009541,0.990181,0,0.73443,-0.60950,44.066,-1.219,-1,375.000,-1,400.000,700.000,325.000,325.000,300.000,300.000,-1,-1,-1,-1,675.000,650.000,-1,700.000,2,0,2,0,1,0,0,0,0,2,2,2,2,0,1,2,1
109,6661.906,2106.360,79.595,108.870,-0.318663,-0.946186,-0.056441,0.937552,-0.323396,0.128102,-0.139461,-0.012095,0.990154,0,0.73928,-0.61134,44.357,-1.223,-1,375.000,-1,400.000,675.000,325.000,325.000,300.000,300.000,-1,-1,-1,-1,675.000,625.000,-1,675.000,2,0,2,0,1,0,0,0,0,2,2,2,2,0,1,2,1
110,6648.371,2148.912,73.468,107.644,-0.298240,-0.952862,-0.055742,0.944298,-0.303064,0.128271,-0.139118,-0.014382,0.990171,0,0.74421,-0.61315,44.653,-1.226,-1,375.000,-1,400.000,625.000,325.000,325.000,300.000,300.000,-1,-1,-1,-1,675.000,575.000,-1,625.000,2,0,2,0,1,0,0,0,0,2,2,2,2,0,1,2,1
111,6635.668,2192.032,67.318,106.414,-0.277626,-0.959113,-0.055012,0.950632,-0.282533,0.128350,-0.138645,-0.016663,0.990202,0,0.74922,-0.61490,44.953,-1.230,-1,375.000,-1,400.000,600.000,325.000,325.000,300.000,300.000,-1,-1,-1,-1,675.000,550.000,-1,575.000,2,0,2,0,1,0,0,0,0,2,2,2,2,0,1,2,1
112,6623.816,2235.711,61.145,105.181,-0.256830,-0.964932,-0.054259,0.956546,-0.261815,0.128346,-0.138051,-0.018938,0.990244,0,0.75430,-0.61662,45.258,-1.233,-1,375.000,-1,400.000,550.000,325.000,325.000,300.000,300.000,-1,-1,-1,-1,650.000,525.000,-1,550.000,2,0,2,0,1,0,0,0,0,2,2,2,2,0,1,2,1
113,6612.835,2279.935,54.949,103.944,-0.235861,-0.970314,-0.053491,0.962032,-0.240919,0.128264,-0.137343,-0.021208,0.990296,0,0.75945,-0.61829,45.567,-1.237,-1,375.000,-1,375.000,500.000,300.000,325.000,300.000,300.000,-1,-1,-1,-1,650.000,500.000,-1,500.000,2,0,2,1,1,0,0,0,0,2,2,2,2,0,1,2,1
114,6602.744,2324.692,48.733,102.704,-0.214728,-0.975250,-0.052717,0.967084,-0.219855,0.128113,-0.136532,-0.023472,0.990358,0,0.76467,-0.61994,45.880,-1.240,-1,375.000,-1,375.000,475.000,300.000,325.000,300.000,300.000,-1,-1,-1,-1,650.000,475.000,-1,450.000,2,0,2,1,1,0,0,0,0,2,2,2,2,0,1,2,1
115,6592.463,2374.318,41.892,101.704,-0.197641,-0.978899,-0.051916,0.970833,-0.202795,0.127896,-0.135725,-0.025124,0.990428,0,0.84467,-0.49994,50.680,-1.000,1000.000,375.000,-1,350.000,425.000,300.000,300.000,300.000,300.000,-1,-1,-1,-1,650.000,425.000,-1,425.000,0,1,2,1,1,0,1,0,0,2,2,2,2,0,1,2,1
116,6582.251,2427.125,34.662,100.944,-0.184645,-0.981475,-0.051114,0.973496,-0.189790,0.127615,-0.134952,-0.026196,0.990506,0,0.89642,-0.37994,53.785,-0.760,975.000,375.000,-1,300.000,375.000,300.000,275.000,300.000,300.000,-1,-1,-1,-1,625.000,400.000,-1,375.000,0,1,2,1,1,1,1,0,0,2,2,2,2,0,1,2,1
117,6572.459,2480.349,27.417,100.424,-0.175770,-0.983143,-0.050349,0.975235,-0.180874,0.127284,-0.134245,-0.026729,0.990588,0,0.90195,-0.25994,54.117,-0.520,950.000,350.000,-1,275.000,325.000,275.000,275.000,300.000,300.000,-1,-1,-1,-1,625.000,375.000,-1,325.000,0,1,2,1,1,1,1,0,0,2,2,2,2,0,1,2,1
118,6562.873,2533.925,20.152,100.145,-0.171039,-0.984015,-0.049595,0.976165,-0.176070,0.126891,-0.133595,-0.026710,0.990676,0,0.90713,-0.13994,54.428,-0.280,925.000,350.000,-1,250.000,275.000,275.000,250.000,275.000,300.000,-1,-1,-1,-1,625.000,325.000,-1,275.000,0,1,2,1,1,1,1,0,0,2,2,2,2,0,1,2,1
119,6553.274,2587.788,12.802,100.105,-0.170517,-0.984160,-0.048502,0.976371,-0.175389,0.126246,-0.132753,-0.025829,0.990813,0,0.91186,-0.01994,54.712,-0.040,925.000,350.000,-1,225.000,225.000,250.000,225.000,275.000,300.000,-1,-1,-1,-1,625.000,300.000,1000.000,200.000,0,1,2,1,1,1,1,0,0,2,2,2,2,0,1,0,1
120,6543.431,2641.854,11.000,100.305,-0.172663,-0.982894,-0.064078,0.978261,-0.178708,0.105205,-0.114857,-0.044520,0.992384,0,0.91600,0.10006,54.960,0.200,-1,375.000,-1,250.000,200.000,275.000,225.000,275.000,350.000,-1,450.000,550.000,-1,675.000,325.000,-1,200.000,2,1,2,1,1,1,1,0,0,2,0,0,2,0,1,2,1
121,6533.219,2696.059,9.283,100.655,-0.178101,-0.980881,-0.078440,0.979187,-0.184548,0.084464,-0.097326,-0.061764,0.993334,0,0.91938,0.17527,55.163,0.351,-1,425.000,-1,250.000,200.000,300.000,250.000,250.000,425.000,975.000,225.000,300.000,-1,750.000,325.000,-1,200.000,2,0,2,1,1,1,1,0,0,0,0,0,2,0,1,2,1
122,6522.663,2750.353,7.552,100.988,-0.183918,-0.978750,-0.090681,0.979675,-0.190041,0.064203,-0.080072,-0.077030,0.993808,0,0.92191,0.16642,55.315,0.333,-1,450.000,-1,250.000,175.000,325.000,250.000,250.000,475.000,700.000,125.000,225.000,-1,825.000,350.000,-1,200.000,2,0,2,1,1,1,1,0,0,0,0,0,2,0,1,2,1
123,6511.788,2804.693,5.549,101.302,-0.189851,-0.976510,-0.101906,0.979749,-0.195155,0.044791,-0.063627,-0.091339,0.993785,0,0.92369,0.15672,55.421,0.313,-1,475.000,-1,275.000,175.000,350.000,275.000,250.000,500.000,550.000,100.000,200.000,-1,875.000,375.000,-1,200.000,2,0,2,1,1,1,1,0,1,0,0,0,2,0,1,2,1
124,6500.626,2859.030,3.275,101.594,-0.195785,-0.974216,-0.112126,0.979469,-0.199868,0.026309,-0.048041,-0.104673,0.993346,0,0.92456,0.14609,55.473,0.292,-1,525.000,-1,275.000,175.000,400.000,275.000,250.000,450.000,475.000,50.000,175.000,-1,950.000,400.000,-1,175.000,2,0,2,1,1,1,1,0,1,0,0,0,2,0,1,2,1
125,6489.211,2913.302,0.731,101.863,-0.201605,-0.971920,-0.121355,0.978899,-0.204155,0.008829,-0.033357,-0.117015,0.992570,0,0.92436,0.13443,55.462,0.269,-1,550.000,-1,300.000,150.000,425.000,300.000,250.000,400.000,400.000,50.000,150.000,-1,-1,450.000,-1,175.000,2,0,2,1,1,1,1,0,1,0,0,0,2,2,1,2,1
126,6477.585,2967.441,-2.075,102.106,-0.207200,-0.969674,-0.129619,0.978102,-0.207987,-0.007585,-0.019604,-0.128353,0.991535,0,0.92291,0.12166,55.375,0.243,-1,575.000,-1,300.000,150.000,500.000,325.000,225.000,350.000,325.000,25.000,150.000,-1,-1,575.000,-1,175.000,2,0,2,1,1,1,1,0,1,0,0,0,2,2,1,2,1
127,6465.792,3021.366,-5.135,102.321,-0.212460,-0.967525,-0.136951,0.977146,-0.211334,-0.022884,-0.006801,-0.138683,0.990313,0,0.92001,0.10770,55.201,0.215,-1,600.000,-1,350.000,150.000,550.000,375.000,225.000,300.000,300.000,25.000,150.000,-1,-1,700.000,-1,175.000,2,0,2,1,1,1,1,0,1,0,0,0,2,2,1,2,1
128,1639.825,2951.695,-238.829,91.995,-0.034602,-0.998996,-0.028472,0.999372,-0.034806,0.006694,-0.007678,-0.028222,0.999572,1,0.00000,0.00000,54.926,0.185,-1,400.000,-1,375.000,-1,325.000,325.000,300.000,325.000,-1,-1,425.000,725.000,850.000,700.000,-1,-1,2,0,2,0,2,0,0,0,0,2,2,1,1,0,0,2,2
129,1639.673,2956.492,-238.864,91.813,-0.031425,-0.999098,-0.028556,0.999477,-0.031628,0.006697,-0.007594,-0.028330,0.999570,0,0.08000,-0.09112,4.800,-0.182,-1,400.000,-1,375.000,-1,325.000,325.000,300.000,325.000,-1,-1,450.000,725.000,850.000,700.000,-1,-1,2,0,2,0,2,0,0,0,0,2,2,1,1,0,0,2,2
130,1639.399,2966.089,-238.934,91.635,-0.028311,-0.999186,-0.028723,0.999571,-0.028515,0.006691,-0.007505,-0.028522,0.999565,0,0.16000,-0.08927,9.600,-0.179,-1,400.000,-1,375.000,-1,325.000,325.000,300.000,325.000,-1,-1,450.000,725.000,850.000,700.000,-1,-1,2,0,2,0,2,0,0,0,0,2,2,1,1,0,0,2,2
131,1639.031,2980.484,-239.040,91.464,-0.025326,-0.999259,-0.028974,0.999652,-0.025530,0.006677,-0.007412,-0.028795,0.999558,0,0.24000,-0.08557,14.400,-0.171,-1,400.000,-1,375.000,-1,325.000,325.000,300.000,325.000,-1,-1,475.000,750.000,850.000,700.000,-1,-1,2,0,2,0,2,0,0,0,0,2,2,1,1,0,0,2,2
132,1638.594,2999.679,-239.179,91.303,-0.022534,-0.999316,-0.029308,0.999719,-0.022738,0.006653,-0.007315,-0.029150,0.999548,0,0.32000,-0.08002,19.200,-0.160,-1,400.000,-1,375.000,-1,325.000,325.000,300.000,325.000,-1,-1,500.000,775.000,850.000,700.000,-1,-1,2,0,2,0,2,0,0,0,0,2,2,1,1,0,0,2,2
133,1638.109,3023.674,-239.353,91.158,-0.020000,-0.999358,-0.029724,0.999774,-0.020205,0.006621,-0.007217,-0.029585,0.999536,0,0.40000,-0.07262,24.000,-0.145,-1,400.000,-1,375.000,-1,325.000,325.000,300.000,325.000,-1,-1,525.000,800.000,850.000,700.000,-1,-1,2,0,2,0,2,0,0,0,0,2,2,1,1,0,0,2,2
