timestep,x_cm,y_cm,z_cm,yaw_deg,basis_xx,basis_xy,basis_xz,basis_yx,basis_yy,basis_yz,basis_zx,basis_zy,basis_zz,teleport_flag,throttle_cmd,steering_cmd,cmd_move_cm,cmd_turn_deg,lidar_cm_0,lidar_cm_1,lidar_cm_2,lidar_cm_3,lidar_cm_4,lidar_cm_5,lidar_cm_6,lidar_cm_7,lidar_cm_8,lidar_cm_9,lidar_cm_10,lidar_cm_11,lidar_cm_12,lidar_cm_13,lidar_cm_14,lidar_cm_15,lidar_cm_16,lidar_class_0,lidar_class_1,lidar_class_2,lidar_class_3,lidar_class_4,lidar_class_5,lidar_class_6,lidar_class_7,lidar_class_8,lidar_class_9,lidar_class_10,lidar_class_11,lidar_class_12,lidar_class_13,lidar_class_14,lidar_class_15,lidar_class_16
0,8201.717,3603.567,254.960,-58.344,0.521363,0.848279,0.092748,-0.852290,0.523016,0.007429,-0.042207,-0.082921,0.995662,1,0.08000,-0.12000,4.800,-0.240,200.000,275.000,-1,400.000,-1,250.000,300.000,225.000,425.000,-1,225.000,50.000,325.000,425.000,950.000,250.000,-1,0,0,2,0,2,0,0,0,1,2,1,1,1,0,0,0,2
1,8206.684,3595.351,254.642,-58.824,0.514404,0.852834,0.089789,-0.856559,0.516014,0.006046,-0.041176,-0.080019,0.995942,0,0.16000,-0.24000,9.600,-0.480,200.000,275.000,-1,400.000,-1,275.000,300.000,225.000,400.000,-1,250.000,75.000,325.000,450.000,950.000,250.000,-1,0,0,2,0,2,0,0,0,1,2,1,1,1,0,0,0,2
2,8213.979,3582.935,254.186,-59.544,0.503884,0.859540,0.085393,-0.862860,0.505426,0.004071,-0.039660,-0.075734,0.996339,0,0.24000,-0.36000,14.400,-0.720,225.000,300.000,-1,400.000,-1,275.000,300.000,225.000,400.000,-1,275.000,75.000,325.000,450.000,950.000,250.000,-1,0,0,2,0,2,0,0,0,1,2,1,1,1,0,0,0,2
3,8223.427,3566.220,253.617,-60.504,0.489710,0.868243,0.079613,-0.871070,0.491156,0.001615,-0.037700,-0.070139,0.996825,0,0.32000,-0.48000,19.200,-0.960,225.000,300.000,-1,425.000,-1,275.000,300.000,225.000,400.000,-1,300.000,100.000,325.000,450.000,975.000,275.000,-1,0,0,2,0,2,0,0,0,1,2,1,1,1,0,0,0,2
4,8234.857,3545.116,252.961,-61.544,0.474205,0.877418,0.072580,-0.879703,0.475522,-0.000993,-0.035385,-0.063378,0.997362,0,0.40000,-0.52031,24.000,-1.041,250.000,300.000,-1,425.000,-1,275.000,300.000,225.000,375.000,-1,350.000,150.000,325.000,450.000,-1,300.000,-1,0,0,2,0,2,0,0,0,1,2,1,1,1,0,2,0,2
5,8248.117,3519.550,252.263,-62.574,0.458736,0.886231,0.064470,-0.887968,0.459892,-0.003527,-0.032775,-0.055630,0.997913,0,0.48000,-0.51479,28.800,-1.030,275.000,300.000,-1,425.000,-1,275.000,300.000,250.000,375.000,-1,400.000,175.000,325.000,475.000,-1,325.000,-1,0,0,2,0,2,0,0,0,1,2,1,1,1,0,2,0,2
6,8263.056,3489.453,251.582,-63.590,0.443332,0.894640,0.055462,-0.895859,0.444300,-0.005877,-0.029899,-0.047080,0.998444,0,0.56000,-0.50804,33.600,-1.016,300.000,300.000,-1,425.000,-1,275.000,300.000,250.000,375.000,-1,450.000,200.000,325.000,500.000,-1,350.000,-1,0,0,2,0,2,0,0,0,1,2,1,1,1,0,2,0,2
7,8279.528,3454.766,250.982,-64.590,0.428024,0.902608,0.045756,-0.903371,0.428787,-0.007937,-0.026784,-0.037937,0.998921,0,0.64000,-0.49993,38.400,-1.000,375.000,300.000,-1,425.000,-1,275.000,325.000,250.000,375.000,-1,525.000,250.000,325.000,525.000,-1,400.000,-1,0,0,2,0,2,0,0,0,1,2,1,1,1,0,2,0,2
8,8297.373,3415.469,250.609,-65.571,0.412864,0.910095,0.035641,-0.910504,0.413402,-0.009030,-0.022952,-0.028724,0.999324,0,0.71931,-0.49037,43.159,-0.981,500.000,300.000,-1,450.000,-1,275.000,325.000,250.000,375.000,-1,575.000,300.000,325.000,600.000,-1,-1,-1,0,0,2,0,2,0,0,0,1,2,1,1,1,0,2,2,2
9,8314.449,3376.133,249.760,-66.529,0.397937,0.917118,0.023240,-0.917243,0.398223,-0.009131,-0.017629,-0.017683,0.999688,0,0.71471,-0.47924,42.882,-0.958,-1,325.000,-1,450.000,-1,300.000,325.000,250.000,375.000,-1,-1,325.000,325.000,675.000,-1,-1,-1,2,0,2,0,2,0,0,0,1,2,2,1,1,0,2,2,2
10,8330.809,3336.700,248.943,-67.465,0.383138,0.923622,0.011289,-0.923595,0.383246,-0.009755,-0.013337,-0.006689,0.999889,0,0.71154,-0.46779,42.692,-0.936,-1,350.000,-1,475.000,-1,300.000,350.000,250.000,350.000,-1,-1,375.000,325.000,775.000,-1,-1,-1,2,0,2,0,2,0,0,0,1,2,2,1,1,0,2,2,2
11,8346.498,3297.119,247.815,-68.377,0.368537,0.929612,-0.001084,-0.929547,0.368497,-0.012312,-0.011046,0.005546,0.999924,0,0.70962,-0.45606,42.577,-0.912,-1,375.000,-1,475.000,-1,325.000,350.000,275.000,350.000,-1,-1,400.000,350.000,875.000,-1,-1,-1,2,0,2,0,2,0,0,0,1,2,2,1,1,0,2,2,2
12,8361.556,3257.346,246.839,-69.265,0.354185,0.935087,-0.012869,-0.935129,0.353997,-0.014846,-0.009327,0.017292,0.999807,0,0.70880,-0.44404,42.528,-0.888,-1,400.000,-1,475.000,-1,325.000,350.000,275.000,350.000,-1,-1,450.000,350.000,-1,-1,-1,-1,2,0,2,0,2,0,0,0,1,2,2,1,1,2,2,2,2
13,8376.018,3217.342,246.009,-70.128,0.340123,0.940072,-0.024098,-0.940345,0.339776,-0.017389,-0.008159,0.028575,0.999558,0,0.70896,-0.43176,42.538,-0.864,-1,400.000,-1,475.000,-1,350.000,350.000,300.000,325.000,-1,-1,500.000,350.000,-1,-1,-1,-1,2,0,2,0,2,0,0,0,1,2,2,1,1,2,2,2,2
14,8389.914,3177.073,244.892,-70.967,0.326330,0.944658,-0.033626,-0.945236,0.325885,-0.018105,-0.006145,0.037693,0.999270,0,0.70998,-0.41922,42.599,-0.838,-1,425.000,-1,475.000,-1,350.000,375.000,300.000,325.000,-1,-1,550.000,375.000,-1,-1,-1,-1,2,0,2,0,2,0,0,0,1,2,2,1,1,2,2,2,2
15,8403.270,3136.508,242.944,-71.780,0.312970,0.949006,-0.037908,-0.949733,0.312392,-0.020462,-0.007576,0.042406,0.999072,0,0.71178,-0.40642,42.707,-0.813,-1,425.000,-1,475.000,-1,350.000,375.000,300.000,325.000,-1,-1,625.000,375.000,-1,-1,-1,-1,2,0,2,0,2,0,0,0,0,2,2,1,1,2,2,2,2
16,8416.111,3095.620,240.952,-72.566,0.300026,0.953054,-0.040897,-0.953879,0.299284,-0.023331,-0.009995,0.046011,0.998891,0,0.71428,-0.39338,42.857,-0.787,-1,425.000,-1,475.000,-1,350.000,375.000,300.000,300.000,-1,-1,725.000,400.000,-1,-1,-1,-1,2,0,2,0,2,0,0,0,0,2,2,1,1,2,2,2,2
17,8428.463,3054.386,239.057,-73.327,0.287502,0.956799,-0.043346,-0.957693,0.286571,-0.026476,-0.012910,0.049124,0.998709,0,0.71741,-0.38008,43.045,-0.760,-1,450.000,-1,450.000,-1,350.000,350.000,300.000,300.000,-1,-1,850.000,425.000,-1,-1,-1,-1,2,0,2,0,2,0,0,0,0,2,2,1,1,2,2,2,2
18,8440.347,3012.782,237.257,-74.060,0.275414,0.960259,-0.045283,-0.961187,0.274269,-0.029915,-0.016306,0.051764,0.998526,0,0.72112,-0.36654,43.267,-0.733,-1,450.000,-1,-1,-1,350.000,350.000,300.000,300.000,-1,-1,975.000,450.000,-1,-1,-1,-1,2,0,2,2,2,0,0,0,0,2,2,1,1,2,2,2,2
19,8451.784,2970.789,235.548,-74.765,0.263775,0.963451,-0.046732,-0.964373,0.262395,-0.033662,-0.020169,0.053946,0.998340,0,0.72537,-0.35274,43.522,-0.705,-1,450.000,-1,-1,-1,350.000,350.000,275.000,300.000,-1,-1,-1,500.000,-1,-1,-1,-1,2,0,2,2,2,0,0,0,0,2,2,2,1,2,2,2,2
20,8462.796,2928.388,233.926,-75.442,0.252598,0.966394,-0.047719,-0.967261,0.250962,-0.037729,-0.024486,0.055687,0.998148,0,0.73012,-0.33870,43.807,-0.677,-1,450.000,-1,-1,-1,350.000,350.000,275.000,300.000,-1,-1,-1,525.000,-1,-1,-1,-1,2,1,2,2,2,0,1,0,0,2,2,2,1,2,2,2,2
21,8473.402,2885.562,232.388,-76.091,0.241894,0.969102,-0.048265,-0.969862,0.239985,-0.042128,-0.029243,0.057001,0.997946,0,0.73533,-0.32440,44.120,-0.649,-1,725.000,-1,-1,-1,825.000,-1,275.000,300.000,-1,-1,-1,575.000,-1,-1,-1,-1,2,1,2,2,2,1,2,0,0,2,2,2,1,2,2,2,2
22,8483.621,2842.293,230.930,-76.711,0.231671,0.971590,-0.048391,-0.972185,0.229478,-0.046866,-0.034430,0.057902,0.997728,0,0.74097,-0.30984,44.458,-0.620,-1,800.000,-1,-1,-1,1000.000,-1,275.000,300.000,-1,-1,-1,625.000,-1,-1,-1,-1,2,1,2,2,2,1,2,0,0,2,2,2,1,2,2,2,2
23,8493.474,2798.566,229.550,-77.301,0.221938,0.973873,-0.048115,-0.974239,0.219454,-0.051949,-0.040033,0.058405,0.997490,0,0.74704,-0.29502,44.822,-0.590,-1,850.000,-1,-1,-1,-1,-1,300.000,300.000,-1,-1,-1,675.000,-1,-1,-1,-1,2,1,2,2,2,2,2,0,0,2,2,2,1,2,2,2,2
24,8504.063,2750.086,228.144,-77.678,0.215833,0.975286,-0.047261,-0.975327,0.213036,-0.057905,-0.046405,0.058593,0.997203,0,0.82704,-0.18859,49.622,-0.377,-1,900.000,-1,-1,-1,-1,-1,300.000,300.000,-1,-1,-1,725.000,-1,-1,-1,-1,2,1,2,2,2,2,2,0,0,2,2,2,1,2,2,2,2
25,8513.522,2706.273,227.030,-77.815,0.213766,0.975812,-0.045768,-0.975473,0.210705,-0.063678,-0.052494,0.058257,0.996920,0,0.74704,-0.06859,44.822,-0.137,-1,900.000,-1,-1,-1,-1,-1,300.000,300.000,-1,-1,-1,800.000,-1,-1,-1,-1,2,1,2,2,2,2,2,0,0,2,2,2,1,2,2,2,2
26,8522.487,2665.116,225.509,-77.712,0.215807,0.975346,-0.046124,-0.974767,0.212437,-0.068559,-0.057070,0.059756,0.996580,0,0.70201,0.05141,42.121,0.103,-1,925.000,-1,-1,-1,-1,-1,325.000,300.000,-1,-1,-1,850.000,-1,-1,-1,-1,2,1,2,2,2,2,2,0,0,2,2,2,1,2,2,2,2
27,8531.798,2623.660,215.165,-77.370,0.225648,0.971559,-0.071804,-0.970461,0.217709,-0.103963,-0.085374,0.093142,0.991986,0,0.70807,0.17141,42.484,0.343,-1,825.000,-1,-1,-1,975.000,-1,350.000,225.000,-1,-1,-1,850.000,-1,-1,-1,-1,2,1,2,2,2,1,2,0,0,2,2,2,1,2,2,2,2
28,8541.915,2580.703,204.512,-76.787,0.241276,0.965586,-0.097105,-0.963792,0.226710,-0.140381,-0.113536,0.127460,0.985324,0,0.73542,0.29141,44.125,0.583,-1,750.000,-1,-1,-1,825.000,-1,400.000,175.000,-1,-1,-1,850.000,-1,-1,-1,-1,2,1,2,2,2,1,2,0,0,2,2,2,1,2,2,2,2
29,8552.787,2537.345,192.249,-75.964,0.261434,0.958409,-0.114474,-0.954974,0.239598,-0.174978,-0.140273,0.155065,0.977895,0,0.74487,0.41141,44.692,0.823,-1,675.000,-1,-1,-1,700.000,875.000,450.000,125.000,-1,-1,-1,875.000,-1,-1,-1,-1,2,1,2,2,2,1,1,0,0,2,2,2,1,2,2,2,2
30,-2952.003,-4264.225,-337.876,156.911,-0.930717,-0.365324,-0.017434,0.343567,-0.856956,-0.384172,0.125407,-0.363545,0.923097,1,0.00000,0.00000,45.282,1.063,0.000,350.000,-1,900.000,-1,375.000,625.000,225.000,775.000,-1,0.000,0.000,-1,-1,-1,0.000,-1,1,0,2,1,2,0,0,1,1,2,1,1,2,2,2,1,2
31,5575.379,6887.310,413.546,108.331,-0.328361,-0.942879,0.056205,0.930107,-0.312400,0.193152,-0.164561,0.115701,0.979558,1,0.00000,0.00000,4.800,-0.240,-1,350.000,-1,300.000,425.000,275.000,250.000,400.000,275.000,-1,0.000,-1,-1,600.000,475.000,950.000,450.000,2,0,2,0,0,0,0,1,0,2,1,2,2,0,0,0,0
32,8857.923,-3611.508,8.792,-55.074,0.563772,0.814388,0.137602,-0.822546,0.568682,0.004363,-0.074698,-0.115644,0.990478,1,0.08000,0.12000,4.800,0.240,800.000,375.000,-1,375.000,-1,300.000,300.000,300.000,300.000,-1,-1,-1,-1,625.000,675.000,875.000,-1,0,0,2,0,2,0,0,0,0,2,2,2,2,0,0,0,2
33,8863.484,-3619.332,8.113,-54.594,0.570584,0.809651,0.137474,-0.817772,0.575524,0.004615,-0.075384,-0.115056,0.990495,0,0.16000,0.24000,9.600,0.480,800.000,375.000,-1,375.000,-1,300.000,300.000,300.000,300.000,-1,-1,-1,-1,625.000,675.000,875.000,-1,0,0,2,0,2,0,0,0,0,2,2,2,2,0,0,0,2
34,8871.973,-3630.963,7.101,-53.874,0.580738,0.802430,0.137298,-0.810506,0.585707,0.005117,-0.076311,-0.114253,0.990517,0,0.24000,0.36000,14.400,0.720,800.000,375.000,-1,375.000,-1,300.000,300.000,300.000,300.000,-1,-1,-1,-1,625.000,675.000,850.000,-1,0,0,2,0,2,0,0,0,0,2,2,2,2,0,0,0,2
35,8883.549,-3646.279,5.723,-52.914,0.594142,0.792602,0.137035,-0.800620,0.599143,0.005837,-0.077477,-0.113181,0.990549,0,0.32000,0.48000,19.200,0.960,775.000,375.000,-1,375.000,-1,300.000,300.000,300.000,300.000,-1,-1,-1,-1,625.000,675.000,850.000,-1,0,0,2,0,2,0,0,0,0,2,2,2,2,0,0,0,2
36,8898.417,-3665.117,3.941,-51.714,0.610674,0.780005,0.136638,-0.787945,0.615709,0.006741,-0.078871,-0.111780,0.990598,0,0.40000,0.60000,24.000,1.200,775.000,375.000,-1,375.000,-1,300.000,300.000,300.000,300.000,-1,-1,-1,-1,625.000,675.000,825.000,-1,0,0,2,0,2,0,0,0,0,2,2,2,2,0,0,0,2
37,8916.820,-3687.267,1.717,-50.274,0.630177,0.764438,0.136060,-0.772273,0.635243,0.007826,-0.080449,-0.110007,0.990670,0,0.48000,0.72000,28.800,1.440,750.000,375.000,-1,375.000,-1,300.000,300.000,300.000,300.000,-1,-1,-1,-1,600.000,675.000,825.000,-1,0,0,2,0,2,0,0,0,0,2,2,2,2,0,0,0,2
38,8939.039,-3712.468,-1.004,-48.594,0.652456,0.745668,0.135202,-0.753363,0.657542,0.009083,-0.082129,-0.107782,0.990776,0,0.56000,0.84000,33.600,1.680,750.000,375.000,-1,375.000,-1,300.000,300.000,300.000,325.000,-1,-1,-1,-1,600.000,650.000,800.000,-1,0,0,2,0,2,0,0,0,0,2,2,2,2,0,0,0,2
39,8965.367,-3740.417,-4.229,-46.706,0.676830,0.723808,0.134175,-0.731343,0.681930,0.010498,-0.083899,-0.105234,0.990902,0,0.64000,0.94362,38.400,1.887,725.000,375.000,-1,375.000,-1,300.000,300.000,300.000,325.000,-1,-1,-1,-1,600.000,650.000,775.000,-1,0,0,2,0,2,0,0,0,0,2,2,2,2,0,0,0,2
40,8995.879,-3770.996,-7.934,-45.059,0.697567,0.704075,0.132962,-0.711462,0.702622,0.011986,-0.084983,-0.102958,0.991049,0,0.72000,0.82362,43.200,1.647,700.000,350.000,-1,375.000,-1,300.000,300.000,300.000,325.000,-1,-1,-1,-1,575.000,650.000,750.000,-1,0,0,2,0,2,0,0,0,0,2,2,2,2,0,0,0,2
41,9030.606,-3804.130,-12.115,-43.652,0.714889,0.686742,0.131600,-0.694004,0.719843,0.013592,-0.085397,-0.101048,0.991210,0,0.80000,0.70362,48.000,1.407,700.000,350.000,-1,375.000,-1,300.000,300.000,300.000,325.000,-1,-1,-1,-1,575.000,650.000,725.000,-1,0,0,2,0,2,0,0,0,0,2,2,2,2,0,0,0,2
42,9068.097,-3838.214,-16.601,-42.272,0.731466,0.669330,0.130210,-0.676483,0.736298,0.015343,-0.085603,-0.099308,0.991368,0,0.84451,0.68979,50.670,1.380,675.000,350.000,-1,375.000,-1,300.000,300.000,300.000,325.000,-1,-1,-1,-1,550.000,650.000,700.000,-1,0,0,2,0,2,0,0,0,0,2,2,2,2,0,0,0,2
43,9106.396,-3871.387,-20.796,-40.893,0.747841,0.651604,0.127071,-0.658464,0.752423,0.016876,-0.084615,-0.096292,0.991750,0,0.84451,0.68979,50.670,1.380,675.000,350.000,-1,375.000,-1,300.000,300.000,300.000,325.000,-1,600.000,575.000,-1,550.000,625.000,700.000,-1,0,0,2,0,2,0,0,0,0,2,0,0,2,0,0,0,2
44,9145.481,-3903.630,-24.598,-39.513,0.764031,0.633567,0.121863,-0.639932,0.768217,0.018147,-0.082120,-0.091849,0.992381,0,0.84451,0.68979,50.670,1.380,700.000,350.000,-1,375.000,-1,300.000,300.000,300.000,300.000,-1,475.000,450.000,-1,550.000,625.000,725.000,-1,0,0,2,0,2,0,0,0,0,2,0,0,2,0,0,0,2
45,9185.332,-3934.922,-28.449,-38.134,0.779744,0.615122,0.116726,-0.621030,0.783546,0.019423,-0.079513,-0.087635,0.992974,0,0.84451,0.68979,50.670,1.380,700.000,350.000,-1,375.000,-1,300.000,300.000,325.000,300.000,-1,425.000,400.000,-1,575.000,625.000,750.000,-1,0,0,2,0,2,0,0,0,0,2,0,0,2,0,0,0,2
46,9225.925,-3965.246,-32.348,-36.754,0.794971,0.596284,0.111654,-0.601767,0.798403,0.020704,-0.076799,-0.083649,0.993531,0,0.84451,0.68979,50.670,1.380,725.000,350.000,-1,375.000,-1,300.000,300.000,325.000,300.000,-1,375.000,375.000,-1,575.000,625.000,750.000,-1,0,0,2,0,2,0,0,0,0,2,0,0,2,0,0,0,2
47,9267.236,-3994.582,-36.269,-35.374,0.809692,0.577064,0.106752,-0.582163,0.812774,0.022022,-0.074057,-0.079979,0.994042,0,0.84451,0.68979,50.670,1.380,750.000,350.000,-1,350.000,-1,300.000,300.000,325.000,300.000,-1,375.000,325.000,-1,575.000,625.000,775.000,-1,0,0,2,0,2,0,0,0,0,2,0,0,2,0,0,0,2
48,9309.243,-4022.916,-40.027,-33.995,0.823857,0.557491,0.102293,-0.562223,0.826672,0.022764,-0.071872,-0.076266,0.994494,0,0.84451,0.68979,50.670,1.380,775.000,350.000,-1,350.000,-1,300.000,300.000,325.000,300.000,-1,350.000,325.000,-1,575.000,600.000,800.000,-1,0,0,2,0,2,0,0,0,0,2,0,0,2,0,0,0,2
49,9351.919,-4050.231,-43.643,-32.615,0.837492,0.537603,0.097934,-0.541920,0.840130,0.022434,-0.070217,-0.071861,0.994940,0,0.84451,0.68979,50.670,1.380,800.000,350.000,-1,350.000,-1,300.000,300.000,325.000,300.000,-1,375.000,300.000,-1,575.000,600.000,800.000,-1,0,0,2,0,2,0,0,0,0,2,0,0,2,0,0,0,2
50,9395.241,-4076.508,-46.682,-31.236,0.850714,0.517295,0.093232,-0.521390,0.852954,0.024938,-0.066622,-0.069825,0.995332,0,0.84451,0.68979,50.670,1.380,825.000,350.000,-1,350.000,-1,300.000,300.000,325.000,300.000,-1,350.000,300.000,-1,575.000,600.000,850.000,-1,0,0,2,0,2,0,0,0,0,2,0,0,2,0,0,0,2
51,9439.184,-4101.733,-49.467,-29.856,0.863462,0.496640,0.088217,-0.500581,0.865213,0.028720,-0.062063,-0.068958,0.995687,0,0.84451,0.68979,50.670,1.380,875.000,350.000,-1,350.000,-1,300.000,300.000,300.000,300.000,-1,300.000,250.000,-1,600.000,625.000,900.000,-1,0,0,2,0,2,0,0,0,0,2,0,0,2,0,0,0,2
52,9483.722,-4125.894,-52.312,-28.477,0.875681,0.475694,0.083057,-0.479457,0.876972,0.032284,-0.057481,-0.068093,0.996022,0,0.84451,0.68979,50.670,1.380,925.000,350.000,-1,350.000,-1,300.000,300.000,300.000,325.000,-1,250.000,225.000,-1,600.000,625.000,975.000,-1,0,0,2,0,2,0,0,0,0,2,0,0,2,0,0,0,2
53,9528.829,-4148.975,-55.218,-27.097,0.887362,0.454469,0.077762,-0.458031,0.888222,0.035623,-0.052880,-0.067228,0.996335,0,0.84451,0.68979,50.670,1.380,-1,350.000,-1,375.000,-1,300.000,300.000,300.000,325.000,-1,225.000,200.000,-1,625.000,650.000,-1,-1,2,0,2,0,2,0,0,0,0,2,0,0,2,0,0,2,2
54,9574.478,-4170.963,-58.182,-25.717,0.898497,0.432977,0.072338,-0.436318,0.898959,0.038729,-0.048260,-0.066360,0.996628,0,0.84451,0.68979,50.670,1.380,-1,375.000,-1,375.000,-1,300.000,300.000,300.000,325.000,-1,200.000,175.000,-1,625.000,650.000,-1,-1,2,0,2,0,2,0,0,0,0,2,0,0,2,0,0,2,2
55,9620.644,-4191.846,-61.178,-24.338,0.909073,0.411230,0.066906,-0.414339,0.909169,0.041650,-0.043701,-0.065585,0.996890,0,0.84451,0.68979,50.670,1.380,-1,375.000,-1,375.000,-1,300.000,300.000,300.000,325.000,-1,175.000,175.000,-1,625.000,675.000,-1,-1,2,0,2,0,2,0,0,0,0,2,0,0,2,0,0,2,2
56,9667.299,-4211.611,-64.201,-22.958,0.919082,0.389239,0.061490,-0.392109,0.918847,0.044398,-0.039218,-0.064916,0.997120,0,0.84451,0.68979,50.670,1.380,-1,375.000,-1,375.000,-1,300.000,300.000,300.000,325.000,-1,175.000,150.000,-1,650.000,675.000,-1,-1,2,0,2,0,2,0,0,0,0,2,0,0,2,0,0,2,2
57,9714.416,-4230.248,-67.156,-21.579,0.928510,0.367029,0.056207,-0.369643,0.928013,0.046427,-0.035120,-0.063884,0.997339,0,0.84451,0.68979,50.670,1.380,-1,375.000,-1,375.000,-1,300.000,300.000,300.000,325.000,-1,175.000,150.000,-1,650.000,700.000,-1,-1,2,0,2,0,2,0,0,0,0,2,0,0,2,0,0,2,2
58,9761.968,-4247.746,-69.462,-20.199,0.937284,0.344660,0.052049,-0.346975,0.936799,0.044894,-0.033286,-0.060138,0.997635,0,0.84451,0.68979,50.670,1.380,-1,375.000,-1,375.000,-1,300.000,300.000,300.000,325.000,-1,175.000,175.000,-1,675.000,700.000,-1,-1,2,0,2,0,2,0,0,0,0,2,0,0,2,0,0,2,2
59,9809.928,-4264.096,-71.626,-18.820,0.945529,0.322089,0.047271,-0.324068,0.945069,0.042714,-0.030917,-0.055707,0.997968,0,0.84451,0.68979,50.670,1.380,-1,375.000,-1,375.000,-1,300.000,300.000,300.000,300.000,-1,200.000,200.000,-1,675.000,700.000,-1,-1,2,0,2,0,2,0,0,0,0,2,0,0,2,0,0,2,2
60,9858.267,-4279.285,-73.796,-17.440,0.953206,0.299315,0.042537,-0.300978,0.952781,0.040255,-0.028479,-0.051174,0.998284,0,0.84451,0.68979,50.670,1.380,-1,375.000,-1,375.000,-1,300.000,300.000,300.000,300.000,-1,225.000,200.000,-1,700.000,700.000,-1,-1,2,0,2,0,2,0,0,0,0,2,0,0,2,0,0,2,2
61,9903.078,-4291.985,-75.538,-15.820,0.961398,0.272310,0.039509,-0.273789,0.961014,0.038618,-0.027453,-0.047944,0.998473,0,0.77627,0.80979,46.576,1.620,-1,375.000,-1,375.000,-1,325.000,300.000,300.000,300.000,-1,250.000,225.000,-1,725.000,700.000,-1,-1,2,0,2,0,2,0,0,0,0,2,0,0,2,0,0,2,2
62,9948.278,-4303.222,-76.618,-13.961,0.969765,0.240990,0.038468,-0.242444,0.969378,0.039076,-0.027873,-0.047221,0.998495,0,0.77627,0.92979,46.576,1.860,-1,375.000,-1,375.000,-1,325.000,300.000,300.000,300.000,-1,275.000,275.000,-1,750.000,700.000,-1,-1,2,0,2,0,2,0,0,0,0,2,0,0,2,0,0,2,2
63,9993.829,-4312.938,-77.699,-12.040,0.977340,0.208371,0.037255,-0.209800,0.976936,0.039746,-0.028114,-0.046662,0.998515,0,0.77627,0.96033,46.576,1.921,-1,375.000,-1,375.000,-1,325.000,325.000,300.000,300.000,-1,325.000,300.000,-1,750.000,725.000,-1,-1,2,0,2,0,2,0,0,0,0,2,0,0,2,0,0,2,2
64,10039.680,-4321.122,-78.852,-10.120,0.983818,0.175517,0.036009,-0.176917,0.983400,0.040304,-0.028337,-0.046023,0.998538,0,0.77627,0.96033,46.576,1.921,-1,375.000,-1,375.000,-1,325.000,325.000,300.000,300.000,-1,350.000,350.000,-1,750.000,725.000,-1,-1,2,0,2,0,2,0,0,0,0,2,0,0,2,0,0,2,2
65,10085.780,-4327.765,-80.076,-8.199,0.989190,0.142464,0.034735,-0.143833,0.988763,0.040749,-0.028539,-0.045305,0.998565,0,0.77627,0.96033,46.576,1.921,-1,375.000,-1,375.000,-1,325.000,325.000,300.000,300.000,-1,400.000,375.000,-1,775.000,750.000,-1,-1,2,0,2,0,2,0,0,0,0,2,0,0,2,0,0,2,2
66,10132.076,-4332.858,-81.369,-6.278,0.993452,0.109249,0.033439,-0.110583,0.993018,0.041080,-0.028718,-0.044508,0.998596,0,0.77627,0.96033,46.576,1.921,-1,375.000,-1,375.000,-1,325.000,325.000,300.000,300.000,-1,425.000,425.000,-1,775.000,775.000,-1,-1,2,0,2,0,2,0,0,0,0,2,0,0,2,0,0,2,2
67,10178.517,-4336.398,-82.730,-4.358,0.996597,0.075908,0.032127,-0.077206,0.996160,0.041294,-0.028869,-0.043634,0.998630,0,0.77627,0.96033,46.576,1.921,-1,400.000,-1,375.000,-1,325.000,325.000,300.000,300.000,-1,450.000,450.000,-1,800.000,775.000,-1,-1,2,0,2,0,2,0,0,0,0,2,0,0,2,0,0,2,2
68,10225.051,-4338.379,-84.158,-2.437,0.998622,0.042481,0.030805,-0.043739,0.998185,0.041391,-0.028991,-0.042681,0.998668,0,0.77627,0.96033,46.576,1.921,-1,400.000,-1,400.000,-1,325.000,325.000,300.000,300.000,-1,500.000,500.000,-1,800.000,800.000,-1,-1,2,0,2,0,2,0,0,0,0,2,0,0,2,0,0,2,2
69,10271.625,-4338.799,-85.651,-0.516,0.999525,0.009002,0.029479,-0.010219,0.999092,0.041369,-0.029079,-0.041651,0.998709,0,0.77627,0.96033,46.576,1.921,-1,400.000,-1,400.000,-1,325.000,325.000,300.000,300.000,-1,525.000,525.000,-1,825.000,825.000,-1,-1,2,0,2,0,2,0,0,0,0,2,0,0,2,0,0,2,2
70,10318.186,-4337.658,-87.208,1.404,0.999304,-0.024489,0.028154,0.023317,0.998878,0.041228,-0.029132,-0.040543,0.998753,0,0.77627,0.96033,46.576,1.921,-1,400.000,-1,400.000,-1,325.000,325.000,300.000,300.000,-1,550.000,550.000,-1,825.000,825.000,-1,-1,2,0,2,0,2,0,0,0,0,2,0,0,2,0,0,2,2
71,10364.684,-4334.957,-88.827,3.325,0.997958,-0.057956,0.026838,0.056830,0.997543,0.040966,-0.029146,-0.039357,0.998800,0,0.77627,0.96033,46.576,1.921,-1,400.000,-1,400.000,-1,325.000,325.000,300.000,300.000,-1,575.000,600.000,-1,850.000,850.000,-1,-1,2,0,2,0,2,0,0,0,0,2,0,0,2,0,0,2,2
72,10411.065,-4330.700,-90.505,5.246,0.995490,-0.091361,0.025536,0.090283,0.995089,0.040583,-0.029118,-0.038094,0.998850,0,0.77627,0.96033,46.576,1.921,-1,400.000,-1,425.000,-1,325.000,325.000,300.000,300.000,-1,625.000,625.000,-1,850.000,875.000,-1,-1,2,0,2,0,2,0,0,0,0,2,0,0,2,0,0,2,2
73,10457.277,-4324.890,-92.229,7.166,0.991901,-0.124667,0.024289,0.123636,0.991516,0.040132,-0.029087,-0.036804,0.998899,0,0.77627,0.96033,46.576,1.921,-1,425.000,-1,425.000,-1,350.000,350.000,300.000,300.000,-1,650.000,650.000,-1,875.000,900.000,-1,-1,2,0,2,0,2,0,0,0,0,2,0,0,2,0,0,2,2
74,10503.268,-4317.534,-94.082,9.087,0.987159,-0.157837,0.024572,0.156803,0.986839,0.039515,-0.030486,-0.035154,0.998917,0,0.77627,0.96033,46.576,1.921,-1,425.000,-1,425.000,-1,350.000,350.000,300.000,300.000,-1,675.000,675.000,-1,875.000,900.000,-1,-1,2,0,2,0,2,0,0,0,0,2,0,0,2,0,0,2,2
75,10548.988,-4308.642,-96.003,11.008,0.981290,-0.190839,0.025525,0.189800,0.981074,0.038335,-0.032358,-0.032773,0.998939,0,0.77627,0.96033,46.576,1.921,-1,425.000,-1,425.000,-1,350.000,350.000,300.000,300.000,-1,750.000,725.000,-1,875.000,900.000,-1,-1,2,0,2,0,2,0,0,0,0,2,0,0,2,0,0,2,2
76,10594.383,-4298.222,-98.074,12.928,0.974288,-0.223627,0.027456,0.222540,0.974190,0.037804,-0.035201,-0.030722,0.998908,0,0.77627,0.96033,46.576,1.921,-1,425.000,-1,425.000,-1,350.000,350.000,300.000,300.000,-1,800.000,825.000,-1,850.000,900.000,-1,-1,2,0,2,0,2,0,0,0,0,2,0,0,2,0,0,2,2
77,10639.404,-4286.287,-100.239,14.849,0.966182,-0.256167,0.029515,0.255025,0.966204,0.037570,-0.038141,-0.028772,0.998858,0,0.77627,0.96033,46.576,1.921,-1,425.000,-1,425.000,-1,325.000,350.000,300.000,300.000,-1,875.000,900.000,-1,850.000,900.000,-1,-1,2,0,2,0,2,0,0,0,0,2,0,0,2,0,0,2,2
78,10682.740,-4273.426,-102.380,16.530,0.958185,-0.284409,0.031525,0.283218,0.958324,0.037449,-0.040862,-0.026954,0.998801,0,0.75339,0.84033,45.204,1.681,-1,400.000,-1,425.000,-1,325.000,350.000,300.000,300.000,-1,950.000,1000.000,-1,850.000,900.000,-1,-1,2,0,2,0,2,0,0,0,0,2,0,0,2,0,0,2,2
79,10725.739,-4259.480,-104.556,17.970,0.950657,-0.308426,0.033544,0.307189,0.950912,0.037429,-0.043442,-0.025277,0.998736,0,0.75339,0.72033,45.204,1.441,-1,400.000,-1,425.000,-1,325.000,325.000,300.000,300.000,-1,-1,-1,-1,825.000,875.000,-1,-1,2,0,2,0,2,0,0,0,0,2,2,2,2,0,0,2,2
80,10768.436,-4244.636,-106.760,19.171,0.943905,-0.328296,0.035570,0.327012,0.944276,0.037495,-0.045897,-0.023760,0.998664,0,0.75339,0.60033,45.204,1.201,-1,400.000,-1,425.000,-1,325.000,325.000,300.000,300.000,-1,-1,-1,-1,800.000,875.000,-1,-1,2,0,2,0,2,0,0,0,0,2,2,2,2,0,0,2,2
81,10810.878,-4229.078,-108.987,20.132,0.938183,-0.344093,0.037601,0.342762,0.938668,0.037635,-0.048244,-0.022420,0.998584,0,0.75339,0.48033,45.204,0.961,-1,400.000,-1,425.000,-1,325.000,325.000,300.000,300.000,-1,-1,-1,-1,775.000,875.000,-1,-1,2,0,2,0,2,0,0,0,0,2,2,2,2,0,0,2,2
82,10853.121,-4212.988,-111.233,20.852,0.933691,-0.355880,0.039636,0.354503,0.934289,0.037831,-0.050495,-0.021271,0.998498,0,0.75339,0.36033,45.204,0.721,-1,400.000,-1,425.000,-1,325.000,325.000,300.000,300.000,-1,-1,-1,-1,775.000,850.000,-1,-1,2,0,2,0,2,0,0,0,0,2,2,2,2,0,0,2,2
83,10895.228,-4196.543,-113.492,21.333,0.930578,-0.363713,0.041678,0.362286,0.931289,0.038067,-0.052659,-0.020325,0.998406,0,0.75339,0.24033,45.204,0.481,-1,400.000,-1,400.000,-1,325.000,325.000,300.000,300.000,-1,-1,-1,-1,750.000,850.000,-1,-1,2,0,2,0,2,0,0,0,0,2,2,2,2,0,0,2,2
84,10937.265,-4179.922,-115.760,21.574,0.928945,-0.367627,0.043727,0.366148,0.929767,0.038327,-0.054746,-0.019593,0.998308,0,0.75339,0.12033,45.204,0.241,-1,400.000,-1,400.000,-1,325.000,325.000,275.000,300.000,-1,-1,-1,-1,750.000,825.000,-1,-1,2,0,2,0,2,0,0,0,0,2,2,2,2,0,0,2,2
85,10979.302,-4163.300,-118.033,21.574,0.928840,-0.367641,0.045785,0.366108,0.929772,0.038592,-0.056758,-0.019084,0.998206,0,0.75339,0.00033,45.204,0.001,-1,400.000,-1,400.000,-1,325.000,325.000,275.000,300.000,-1,-1,-1,-1,725.000,825.000,-1,-1,2,0,2,0,2,0,0,0,0,2,2,2,2,0,0,2,2
86,11021.557,-4146.796,-120.286,21.335,0.930270,-0.363755,0.047746,0.362162,0.931303,0.038913,-0.058621,-0.018908,0.998101,0,0.75606,-0.11967,45.363,-0.239,-1,400.000,-1,400.000,-1,325.000,325.000,300.000,300.000,-1,-1,-1,-1,725.000,800.000,-1,-1,2,0,2,0,2,0,0,0,0,2,2,2,2,0,0,2,2
87,11064.266,-4130.525,-122.743,20.856,0.933200,-0.355956,0.049324,0.354360,0.934324,0.038296,-0.059716,-0.018259,0.998048,0,0.76172,-0.23967,45.703,-0.479,-1,400.000,-1,400.000,-1,325.000,325.000,300.000,300.000,-1,-1,-1,-1,725.000,800.000,-1,-1,2,0,2,0,2,0,0,0,0,2,2,2,2,0,0,2,2
88,11107.468,-4114.603,-125.324,20.232,0.936931,-0.345778,0.050969,0.344206,0.938156,0.037219,-0.060686,-0.017328,0.998006,0,0.76738,-0.31160,46.043,-0.623,-1,400.000,-1,400.000,-1,325.000,325.000,300.000,300.000,-1,-1,-1,-1,725.000,775.000,-1,-1,2,0,2,0,2,0,0,0,0,2,2,2,2,0,0,2,2
89,11151.157,-4099.035,-127.964,19.613,0.940518,-0.335616,0.052790,0.334075,0.941859,0.035994,-0.061800,-0.016217,0.997957,0,0.77300,-0.30988,46.380,-0.620,-1,400.000,-1,400.000,-1,325.000,325.000,300.000,300.000,-1,-1,-1,-1,725.000,775.000,-1,-1,2,0,2,0,2,0,0,0,0,2,2,2,2,0,0,2,2
90,11195.328,-4083.829,-130.617,18.997,0.943972,-0.325479,0.054597,0.323972,0.945429,0.034731,-0.062922,-0.015097,0.997904,0,0.77858,-0.30794,46.715,-0.616,-1,400.000,-1,400.000,-1,325.000,325.000,300.000,300.000,-1,-1,-1,-1,700.000,750.000,-1,-1,2,0,2,0,2,0,0,0,0,2,2,2,2,0,0,2,2
91,11239.973,-4068.990,-133.494,18.385,0.947346,-0.315370,0.055472,0.313879,0.948853,0.034032,-0.063368,-0.014828,0.997880,0,0.78411,-0.30579,47.046,-0.612,-1,400.000,-1,400.000,-1,325.000,325.000,300.000,300.000,-1,-1,-1,-1,700.000,750.000,950.000,-1,2,0,2,0,2,0,0,0,0,2,2,2,2,0,0,1,2
92,11285.085,-4054.525,-136.543,17.778,0.950621,-0.305301,0.055777,0.303804,0.952135,0.033812,-0.063430,-0.015197,0.997871,0,0.78957,-0.30341,47.374,-0.607,-1,400.000,-1,400.000,-1,325.000,325.000,300.000,300.000,-1,-1,-1,-1,700.000,750.000,900.000,-1,2,0,2,0,2,0,0,0,0,2,2,2,2,0,0,1,2
93,11330.656,-4040.439,-139.614,17.177,0.953762,-0.295286,0.056083,0.293778,0.955282,0.033637,-0.063508,-0.015606,0.997859,0,0.79496,-0.30079,47.698,-0.602,975.000,400.000,-1,400.000,-1,325.000,325.000,300.000,300.000,-1,-1,-1,-1,700.000,725.000,850.000,-1,1,0,2,0,2,0,0,0,0,2,2,2,2,1,0,1,2
94,11376.675,-4026.737,-142.697,16.581,0.956769,-0.285334,0.056373,0.283817,0.958294,0.033462,-0.063570,-0.016016,0.997849,0,0.80026,-0.29792,48.016,-0.596,900.000,400.000,-1,400.000,-1,325.000,325.000,275.000,300.000,-1,-1,-1,-1,675.000,725.000,800.000,-1,1,0,2,0,2,0,0,0,0,2,2,2,2,1,0,1,2
95,11423.132,-4013.423,-145.793,15.991,0.959643,-0.275456,0.056647,0.273930,0.961173,0.033287,-0.063617,-0.016427,0.997839,0,0.80546,-0.29479,48.327,-0.590,825.000,400.000,-1,400.000,-1,325.000,325.000,275.000,300.000,-1,-1,-1,-1,650.000,725.000,750.000,-1,1,0,2,0,2,0,0,0,0,2,2,2,2,1,0,1,2
96,11470.015,-4000.501,-148.901,15.409,0.962385,-0.265664,0.056907,0.264130,0.963919,0.033114,-0.063651,-0.016837,0.997830,0,0.81052,-0.29138,48.631,-0.583,750.000,400.000,-1,400.000,-1,325.000,325.000,275.000,300.000,-1,-1,-1,-1,625.000,700.000,700.000,-1,1,0,2,0,2,0,0,0,0,2,2,2,2,1,0,1,2
97,11517.311,-3987.975,-152.018,14.833,0.964994,-0.255970,0.057153,0.254426,0.966531,0.032941,-0.063673,-0.017247,0.997822,0,0.81545,-0.28768,48.927,-0.575,700.000,400.000,-1,400.000,-1,325.000,325.000,275.000,300.000,-1,-1,-1,-1,600.000,700.000,650.000,-1,1,0,2,0,2,0,0,0,0,2,2,2,2,1,0,1,2
98,11565.006,-3975.848,-155.145,14.266,0.967472,-0.246385,0.057386,0.244833,0.969011,0.032772,-0.063682,-0.017656,0.997814,0,0.82020,-0.28368,49.212,-0.567,625.000,400.000,-1,375.000,-1,325.000,325.000,275.000,300.000,-1,-1,-1,-1,575.000,700.000,600.000,-1,1,0,2,0,2,0,0,0,0,2,2,2,2,1,0,1,2
99,11608.148,-3965.301,-157.960,13.738,0.969693,-0.237442,0.057584,0.235882,0.971234,0.032619,-0.063672,-0.018047,0.997808,0,0.74020,-0.26403,44.412,-0.528,575.000,375.000,-1,375.000,-1,325.000,325.000,275.000,300.000,-1,-1,-1,-1,550.000,675.000,550.000,-1,1,0,2,0,2,0,0,0,0,2,2,2,2,1,0,1,2
100,11650.673,-3955.312,-160.721,13.218,0.971800,-0.228622,0.057767,0.227054,0.973341,0.032471,-0.063651,-0.018439,0.997802,0,0.72804,-0.25983,43.682,-0.520,525.000,375.000,-1,375.000,-1,325.000,300.000,275.000,300.000,-1,-1,-1,-1,550.000,675.000,500.000,-1,1,0,2,0,2,0,0,0,0,2,2,2,2,1,0,1,2
101,11693.496,-3945.656,-163.452,12.707,0.973788,-0.219933,0.058015,0.218346,0.975331,0.032477,-0.063727,-0.018958,0.997787,0,0.73165,-0.25542,43.899,-0.511,475.000,375.000,-1,375.000,-1,300.000,300.000,275.000,300.000,-1,-1,-1,-1,525.000,675.000,475.000,-1,1,0,2,0,2,0,0,0,0,2,2,2,2,1,0,1,2
102,11736.602,-3936.331,-166.113,12.206,0.975672,-0.211387,0.058139,0.209800,0.977213,0.032245,-0.063630,-0.019263,0.997788,0,0.73504,-0.25072,44.102,-0.501,425.000,375.000,-1,375.000,-1,300.000,300.000,275.000,300.000,-1,-1,-1,-1,525.000,675.000,425.000,-1,1,1,2,0,2,0,0,0,0,2,2,2,2,1,0,1,2
103,11779.970,-3927.339,-168.699,11.715,0.977484,-0.202997,0.057597,0.201434,0.978985,0.031812,-0.062844,-0.019493,0.997833,0,0.73819,-0.24573,44.291,-0.491,375.000,375.000,-1,375.000,-1,300.000,300.000,275.000,300.000,-1,-1,-1,-1,500.000,650.000,400.000,-1,1,1,2,0,2,0,0,0,0,2,2,2,2,1,0,1,2
104,11823.582,-3918.676,-171.065,11.234,0.979238,-0.194769,0.056192,0.193205,0.980633,0.032105,-0.061357,-0.020582,0.997904,0,0.74107,-0.24042,44.464,-0.481,350.000,375.000,-1,375.000,-1,300.000,300.000,275.000,300.000,-1,-1,-1,-1,500.000,675.000,375.000,-1,1,1,2,0,2,0,0,0,0,2,2,2,2,1,0,1,2
105,11867.415,-3910.343,-173.430,10.764,0.980890,-0.186722,0.054686,0.185159,0.982174,0.032409,-0.059763,-0.021664,0.997977,0,0.74365,-0.23479,44.619,-0.470,300.000,375.000,-1,375.000,-1,300.000,300.000,275.000,300.000,-1,-1,-1,-1,475.000,650.000,325.000,-1,1,1,2,0,2,0,0,0,0,2,2,2,2,1,0,1,2
106,11911.447,-3902.337,-175.154,10.306,0.982522,-0.178877,0.051518,0.177524,0.983666,0.029779,-0.056003,-0.020112,0.998228,0,0.74590,-0.22882,44.754,-0.458,275.000,375.000,-1,375.000,-1,300.000,300.000,275.000,300.000,-1,-1,-1,-1,475.000,675.000,325.000,-1,1,1,2,0,2,0,0,0,0,2,2,2,2,1,0,1,2
107,11955.651,-3894.654,-176.748,9.861,0.984060,-0.171238,0.047991,0.170114,0.985065,0.026626,-0.051834,-0.018037,0.998493,0,0.74778,-0.22251,44.867,-0.445,250.000,375.000,-1,375.000,-1,325.000,325.000,275.000,300.000,-1,-1,-1,-1,475.000,675.000,300.000,-1,1,1,2,0,2,0,0,0,0,2,2,2,2,1,0,1,2
108,11999.999,-3887.289,-178.223,9.430,0.985503,-0.163819,0.044120,0.162933,0.986369,0.022998,-0.047286,-0.015476,0.998762,0,0.74927,-0.21584,44.956,-0.432,250.000,375.000,-1,375.000,-1,325.000,325.000,275.000,300.000,-1,-1,800.000,-1,475.000,675.000,275.000,-1,1,1,2,0,2,0,0,0,0,2,2,0,2,1,0,1,2
109,12044.463,-3880.238,-179.584,9.012,0.986850,-0.156632,0.039919,0.155981,0.987578,0.018941,-0.042390,-0.012465,0.999023,0,0.75033,-0.20880,45.020,-0.418,225.000,375.000,-1,400.000,-1,325.000,325.000,300.000,300.000,-1,600.000,525.000,-1,475.000,700.000,275.000,-1,1,1,2,0,2,0,0,0,0,2,0,0,2,1,0,1,2
110,12089.009,-3873.495,-180.841,8.609,0.988099,-0.149691,0.035405,0.149262,0.988691,0.014497,-0.037175,-0.009040,0.999268,0,0.75091,-0.20139,45.054,-0.403,200.000,375.000,-1,400.000,-1,325.000,325.000,300.000,300.000,-1,475.000,375.000,-1,475.000,700.000,250.000,-1,1,1,2,0,2,0,0,0,0,2,0,0,2,1,0,1,2
111,12133.604,-3867.052,-181.999,8.222,0.989248,-0.143010,0.030597,0.142777,0.989707,0.009705,-0.031670,-0.005232,0.999485,0,0.75097,-0.19360,45.058,-0.387,200.000,375.000,-1,400.000,-1,350.000,350.000,300.000,300.000,-1,375.000,300.000,-1,500.000,725.000,225.000,-1,1,1,2,0,2,0,0,0,0,2,0,0,2,1,0,1,2
112,12178.210,-3860.901,-183.066,7.851,0.990297,-0.136603,0.025512,0.136530,0.990625,0.004601,-0.025901,-0.001073,0.999664,0,0.75049,-0.18543,45.029,-0.371,175.000,375.000,-1,400.000,-1,350.000,350.000,300.000,300.000,-1,325.000,250.000,-1,525.000,725.000,225.000,-1,1,1,2,0,2,0,0,1,0,2,0,0,2,1,0,1,2
113,12222.790,-3855.034,-184.047,7.498,0.991245,-0.130483,0.020170,0.130525,0.991445,-0.000782,-0.019895,0.003408,0.999796,0,0.74941,-0.17689,44.965,-0.354,175.000,400.000,-1,425.000,-1,350.000,350.000,275.000,275.000,-1,300.000,200.000,-1,550.000,750.000,200.000,-1,1,1,2,0,2,0,0,1,0,2,0,0,2,1,0,1,2
114,12267.303,-3849.441,-184.948,7.162,0.992092,-0.124664,0.014590,0.124768,0.992165,-0.006416,-0.013675,0.008186,0.999873,0,0.74772,-0.16798,44.863,-0.336,150.000,400.000,-1,425.000,-1,375.000,350.000,250.000,275.000,-1,275.000,175.000,1000.000,575.000,775.000,200.000,-1,1,1,2,0,2,0,0,1,0,2,0,0,0,1,0,1,2
115,12311.706,-3844.111,-185.773,6.844,0.992836,-0.119159,0.008791,0.119262,0.992787,-0.012277,-0.007265,0.013237,0.999886,0,0.74537,-0.15871,44.722,-0.317,150.000,400.000,-1,425.000,-1,375.000,375.000,225.000,275.000,-1,250.000,150.000,875.000,650.000,800.000,200.000,-1,1,1,2,0,2,0,0,1,0,2,0,0,0,1,0,1,2
116,12355.956,-3839.032,-186.519,6.546,0.993479,-0.113981,0.002814,0.114013,0.993309,-0.018364,-0.000702,0.018565,0.999827,0,0.74234,-0.14911,44.541,-0.298,125.000,425.000,-1,425.000,-1,400.000,375.000,225.000,275.000,-1,225.000,125.000,775.000,950.000,800.000,175.000,-1,1,1,2,0,2,0,0,1,0,2,0,0,0,0,0,1,2
117,12400.009,-3834.192,-187.096,6.268,0.994022,-0.109139,-0.002974,0.109031,0.993724,-0.025013,0.005685,0.024539,0.999683,0,0.73863,-0.13920,44.318,-0.278,125.000,425.000,-1,450.000,-1,400.000,375.000,200.000,275.000,-1,225.000,125.000,700.000,1000.000,825.000,175.000,-1,1,1,2,0,2,0,0,1,0,2,0,0,0,0,0,1,2
118,12443.819,-3829.577,-187.459,6.010,0.994472,-0.104646,-0.008660,0.104330,0.994052,-0.031234,0.011877,0.030158,0.999475,0,0.73421,-0.12902,44.053,-0.258,125.000,450.000,-1,450.000,-1,400.000,375.000,175.000,275.000,-1,200.000,100.000,650.000,-1,850.000,225.000,-1,1,1,2,0,2,0,0,1,0,2,0,0,0,2,0,1,2
119,12492.446,-3824.883,-187.241,5.511,0.995273,-0.095989,-0.014769,0.095414,0.994798,-0.035682,0.018118,0.034104,0.999254,0,0.81421,-0.24902,48.853,-0.498,125.000,475.000,-1,450.000,-1,425.000,400.000,175.000,275.000,-1,225.000,125.000,600.000,-1,875.000,-1,-1,1,1,2,0,2,0,0,1,0,2,0,0,0,2,0,2,2
120,12545.062,-3820.415,-188.463,4.854,0.996332,-0.084579,-0.012989,0.084107,0.995897,-0.033382,0.015759,0.032167,0.999358,0,0.88008,-0.32856,52.805,-0.657,150.000,475.000,-1,450.000,-1,400.000,400.000,150.000,275.000,-1,250.000,150.000,650.000,-1,850.000,-1,-1,1,1,2,0,2,0,0,1,0,2,0,0,0,2,0,2,2
121,12597.176,-3816.566,-189.585,4.226,0.997233,-0.073650,-0.010096,0.073301,0.996817,-0.031365,0.012374,0.030538,0.999457,0,0.87093,-0.31437,52.256,-0.629,200.000,475.000,-1,450.000,-1,400.000,375.000,125.000,275.000,-1,325.000,200.000,700.000,-1,825.000,-1,-1,1,1,2,0,2,0,0,1,0,2,0,0,0,2,0,2,2
122,12648.724,-3813.318,-190.602,3.606,0.998002,-0.062869,-0.006322,0.062655,0.997593,-0.029691,0.008174,0.029236,0.999539,0,0.86085,-0.30978,51.651,-0.620,-1,475.000,-1,425.000,-1,400.000,375.000,125.000,275.000,-1,375.000,275.000,775.000,975.000,800.000,-1,-1,2,1,2,0,2,0,0,1,0,2,0,0,0,0,0,2,2
123,12699.652,-3810.658,-191.518,2.991,0.998637,-0.052153,-0.001853,0.052079,0.998240,-0.028380,0.003330,0.028245,0.999595,0,0.84996,-0.30768,50.997,-0.615,-1,475.000,-1,425.000,-1,375.000,350.000,100.000,275.000,-1,475.000,350.000,825.000,950.000,775.000,-1,-1,2,1,2,0,2,0,0,1,0,2,0,0,0,0,0,2,2
124,12749.916,-3808.571,-192.333,2.378,0.999134,-0.041483,0.003126,0.041553,0.998759,-0.027457,-0.001983,0.027563,0.999618,0,0.83845,-0.30615,50.307,-0.612,-1,475.000,-1,400.000,-1,375.000,350.000,100.000,275.000,-1,600.000,450.000,900.000,900.000,725.000,-1,-1,2,0,2,0,2,0,0,1,0,2,0,0,0,0,0,2,2
125,12799.485,-3807.041,-193.048,1.768,0.999489,-0.030841,0.008440,0.031059,0.999154,-0.026942,-0.007602,0.027190,0.999601,0,0.82655,-0.30519,49.593,-0.610,-1,450.000,-1,400.000,-1,350.000,350.000,100.000,275.000,-1,725.000,600.000,1000.000,850.000,700.000,-1,-1,2,0,2,0,2,0,0,1,0,2,0,0,0,0,0,2,2
126,12848.346,-3806.054,-193.664,1.158,0.999699,-0.020210,0.013924,0.020578,0.999428,-0.026848,-0.013374,0.027126,0.999543,0,0.81451,-0.30479,48.871,-0.610,-1,450.000,-1,375.000,-1,350.000,325.000,100.000,275.000,-1,925.000,750.000,-1,800.000,675.000,-1,-1,2,0,2,0,2,0,0,1,0,2,0,0,2,0,0,2,2
127,12896.498,-3805.593,-194.181,0.549,0.999766,-0.009570,0.019423,0.010096,0.999579,-0.027183,-0.019155,0.027373,0.999442,0,0.80256,-0.30494,48.154,-0.610,-1,425.000,-1,375.000,-1,325.000,325.000,125.000,275.000,-1,-1,975.000,-1,775.000,650.000,-1,-1,2,0,2,0,2,0,0,1,0,2,2,0,2,0,0,2,2
128,12943.953,-3805.645,-194.601,-0.063,0.999692,0.001093,0.024792,-0.000400,0.999609,-0.027951,-0.024813,0.027933,0.999302,0,0.79092,-0.30561,47.455,-0.611,-1,400.000,-1,350.000,975.000,325.000,300.000,125.000,275.000,275.000,-1,-1,-1,725.000,600.000,-1,-1,2,0,2,0,0,0,0,1,0,1,2,2,2,0,0,2,2
129,12990.737,-3806.198,-194.922,-0.676,0.999483,0.011797,0.029894,-0.010925,0.999515,-0.029150,-0.030223,0.028808,0.999128,0,0.77978,-0.30677,46.787,-0.614,-1,400.000,-1,350.000,800.000,325.000,300.000,150.000,275.000,200.000,-1,-1,-1,700.000,575.000,-1,925.000,2,0,2,0,0,0,0,1,0,1,2,2,2,0,0,2,0
130,13036.884,-3807.239,-195.146,-1.293,0.999147,0.022555,0.034598,-0.021492,0.999295,-0.030775,-0.035267,0.030005,0.998927,0,0.76930,-0.30838,46.158,-0.617,-1,375.000,-1,325.000,675.000,300.000,300.000,150.000,250.000,175.000,-1,-1,-1,675.000,550.000,-1,775.000,2,0,2,0,0,0,0,1,0,1,2,2,2,0,0,2,0
131,13082.435,-3808.761,-195.271,-1.914,0.998690,0.033380,0.038777,-0.032114,0.998945,-0.032814,-0.039831,0.031526,0.998709,0,0.75960,-0.31043,45.576,-0.621,-1,375.000,-1,325.000,600.000,300.000,275.000,175.000,250.000,150.000,-1,-1,-1,650.000,550.000,-1,675.000,2,0,2,0,0,0,0,1,0,1,2,2,2,0,0,2,0
132,13127.436,-3810.757,-195.950,-2.540,0.998282,0.044289,0.038354,-0.043070,0.998558,-0.032049,-0.039718,0.030342,0.998750,0,0.75075,-0.31287,45.045,-0.626,-1,375.000,-1,325.000,600.000,300.000,275.000,200.000,250.000,150.000,-1,-1,-1,650.000,525.000,-1,650.000,2,0,2,0,0,0,0,1,0,1,2,2,2,0,0,2,0
133,13171.936,-3813.223,-196.437,-3.171,0.997875,0.055295,0.034470,-0.054304,0.998102,-0.029031,-0.036010,0.027097,0.998984,0,0.74281,-0.31567,44.568,-0.631,-1,375.000,-1,325.000,675.000,300.000,275.000,225.000,250.000,150.000,-1,-1,-1,650.000,550.000,-1,750.000,2,0,2,0,0,0,0,1,0,1,2,2,2,0,0,2,0
134,13215.985,-3816.156,-196.993,-3.809,0.997330,0.066404,0.030399,-0.065638,0.997516,-0.025545,-0.032020,0.023482,0.999211,0,0.73578,-0.31881,44.147,-0.638,-1,375.000,-1,325.000,825.000,300.000,275.000,250.000,275.000,175.000,-1,-1,-1,650.000,550.000,-1,875.000,2,0,2,0,0,0,0,1,0,1,2,2,2,0,0,2,0
135,13259.633,-3819.556,-197.612,-4.453,0.996637,0.077627,0.026229,-0.077068,0.996790,-0.021696,-0.027829,0.019602,0.999420,0,0.72968,-0.32225,43.781,-0.645,-1,375.000,-1,325.000,-1,300.000,275.000,275.000,275.000,175.000,-1,-1,-1,675.000,575.000,-1,-1,2,0,2,0,2,0,0,1,0,1,2,2,2,0,0,2,2
