timestep,x_cm,y_cm,z_cm,yaw_deg,basis_xx,basis_xy,basis_xz,basis_yx,basis_yy,basis_yz,basis_zx,basis_zy,basis_zz,teleport_flag,throttle_cmd,steering_cmd,cmd_move_cm,cmd_turn_deg,lidar_cm_0,lidar_cm_1,lidar_cm_2,lidar_cm_3,lidar_cm_4,lidar_cm_5,lidar_cm_6,lidar_cm_7,lidar_cm_8,lidar_cm_9,lidar_cm_10,lidar_cm_11,lidar_cm_12,lidar_cm_13,lidar_cm_14,lidar_cm_15,lidar_cm_16,lidar_class_0,lidar_class_1,lidar_class_2,lidar_class_3,lidar_class_4,lidar_class_5,lidar_class_6,lidar_class_7,lidar_class_8,lidar_class_9,lidar_class_10,lidar_class_11,lidar_class_12,lidar_class_13,lidar_class_14,lidar_class_15,lidar_class_16
0,-1643.019,9514.609,-242.016,130.570,-0.645755,-0.755184,0.112682,0.762089,-0.646574,0.034087,0.047115,0.107885,0.993046,1,0.08000,0.04634,4.800,0.093,-1,400.000,-1,375.000,-1,325.000,325.000,325.000,300.000,-1,325.000,350.000,-1,800.000,725.000,-1,-1,2,0,2,0,2,0,0,0,0,2,0,0,2,0,0,2,2
1,-1649.275,9521.892,-241.628,130.662,-0.646921,-0.754144,0.112961,0.761065,-0.647793,0.033821,0.047670,0.107851,0.993024,0,0.16000,0.04618,9.600,0.092,-1,400.000,-1,375.000,-1,325.000,325.000,325.000,300.000,-1,325.000,350.000,-1,800.000,725.000,-1,-1,2,0,2,0,2,0,0,0,0,2,0,0,2,0,0,2,2
2,-1658.675,9532.800,-241.036,130.754,-0.648056,-0.753108,0.113362,0.760053,-0.649001,0.033423,0.048401,0.107821,0.992991,0,0.24000,0.04585,14.400,0.092,-1,400.000,-1,375.000,-1,325.000,325.000,325.000,300.000,-1,325.000,350.000,-1,800.000,725.000,-1,-1,2,0,2,0,2,0,0,0,0,2,0,0,2,0,0,2,2
3,-1671.232,9547.324,-240.237,130.844,-0.649157,-0.752083,0.113873,0.759056,-0.650194,0.032902,0.049294,0.107794,0.992950,0,0.32000,0.04533,19.200,0.091,-1,400.000,-1,375.000,-1,325.000,325.000,325.000,300.000,-1,325.000,350.000,-1,825.000,725.000,-1,-1,2,0,2,0,2,0,0,0,0,2,0,0,2,0,0,2,2
4,-1686.957,9565.455,-239.222,130.933,-0.650219,-0.751072,0.114478,0.758078,-0.651365,0.032272,0.050328,0.107767,0.992902,0,0.40000,0.04457,24.000,0.089,-1,400.000,-1,375.000,-1,325.000,325.000,325.000,300.000,-1,325.000,350.000,-1,825.000,725.000,-1,-1,2,0,2,0,2,0,0,0,0,2,0,0,2,0,0,2,2
5,-1705.859,9587.184,-237.985,131.020,-0.651238,-0.750085,0.115158,0.757125,-0.652508,0.031549,0.051477,0.107735,0.992846,0,0.48000,0.04352,28.800,0.087,-1,400.000,-1,375.000,-1,325.000,325.000,325.000,300.000,-1,325.000,350.000,-1,825.000,725.000,-1,-1,2,0,2,0,2,0,0,0,0,2,0,0,2,0,0,2,2
6,-1727.948,9612.503,-236.300,131.105,-0.652312,-0.749192,0.114897,0.756158,-0.653668,0.030710,0.052097,0.106913,0.992903,0,0.56000,0.04211,33.600,0.084,-1,400.000,-1,375.000,-1,325.000,325.000,325.000,300.000,-1,350.000,375.000,-1,850.000,750.000,-1,-1,2,0,2,0,2,0,0,0,0,2,0,0,2,0,0,2,2
7,-1753.233,9641.403,-234.310,131.185,-0.653360,-0.748358,0.114375,0.755219,-0.654795,0.029805,0.052588,0.105852,0.992990,0,0.64000,0.04025,38.400,0.081,-1,400.000,-1,375.000,-1,325.000,325.000,325.000,300.000,-1,375.000,400.000,-1,850.000,750.000,-1,-1,2,0,2,0,2,0,0,0,0,2,0,0,2,0,0,2,2
8,-1781.722,9673.878,-232.057,131.261,-0.654347,-0.747581,0.113807,0.754330,-0.655860,0.028867,0.053061,0.104738,0.993083,0,0.72000,0.03784,43.200,0.076,-1,400.000,-1,400.000,-1,325.000,325.000,325.000,300.000,-1,400.000,450.000,-1,850.000,750.000,-1,-1,2,0,2,0,2,0,0,0,0,2,0,0,2,0,0,2,2
9,-1813.420,9709.923,-229.536,131.330,-0.655259,-0.746874,0.113199,0.753507,-0.656846,0.027928,0.053495,0.103596,0.993180,0,0.80000,0.03476,48.000,0.070,-1,400.000,-1,400.000,-1,325.000,325.000,325.000,300.000,-1,450.000,475.000,-1,850.000,750.000,-1,-1,2,0,2,0,2,0,0,0,0,2,0,0,2,0,0,2,2
10,-1846.518,9747.478,-226.890,131.392,-0.656075,-0.746250,0.112588,0.752771,-0.657725,0.027066,0.053854,0.102510,0.993273,0,0.83431,0.03089,50.058,0.062,-1,400.000,-1,400.000,-1,325.000,325.000,300.000,300.000,-1,475.000,525.000,-1,875.000,775.000,-1,-1,2,0,2,0,2,0,0,0,0,2,0,0,2,0,0,2,2
11,-1879.590,9784.934,-224.188,131.445,-0.656773,-0.745737,0.111920,0.752135,-0.658493,0.026089,0.054243,0.101313,0.993375,0,0.83279,0.02635,49.967,0.053,-1,400.000,-1,400.000,-1,325.000,325.000,300.000,300.000,-1,525.000,575.000,-1,875.000,775.000,-1,-1,2,0,2,0,2,0,0,0,0,2,0,0,2,0,0,2,2
12,-1915.311,9824.979,-221.448,131.738,-0.660695,-0.742538,0.110092,0.748687,-0.662450,0.025066,0.054318,0.098985,0.993605,0,0.89438,0.14635,53.663,0.293,-1,400.000,-1,400.000,-1,325.000,325.000,300.000,300.000,-1,575.000,650.000,-1,875.000,775.000,-1,-1,2,0,2,0,2,0,0,0,0,2,0,0,2,0,0,2,2
13,-1951.376,9864.660,-218.670,132.270,-0.667690,-0.736519,0.108304,0.742432,-0.669481,0.024266,0.054635,0.096611,0.993822,0,0.89369,0.26635,53.622,0.533,-1,400.000,-1,400.000,-1,325.000,325.000,300.000,300.000,-1,625.000,700.000,-1,875.000,800.000,-1,-1,2,0,2,0,2,0,0,0,0,2,0,0,2,0,0,2,2
14,-1988.632,9904.556,-215.784,133.043,-0.677684,-0.727597,0.106524,0.733281,-0.679514,0.023661,0.055169,0.094147,0.994029,0,0.90980,0.38635,54.588,0.773,-1,400.000,-1,400.000,-1,325.000,325.000,300.000,300.000,-1,700.000,800.000,-1,875.000,800.000,-1,-1,2,0,2,0,2,0,0,0,0,2,0,0,2,0,0,2,2
15,-2026.587,9943.788,-212.795,134.056,-0.690567,-0.715636,0.104800,0.721111,-0.692425,0.023386,0.055830,0.091721,0.994218,0,0.90981,0.50635,54.588,1.013,-1,400.000,-1,400.000,-1,325.000,325.000,300.000,300.000,-1,800.000,900.000,-1,875.000,800.000,-1,-1,2,0,2,0,2,0,0,0,0,2,0,0,2,0,0,2,2
16,-2065.407,9982.196,-209.729,135.308,-0.706163,-0.700470,0.103323,0.705773,-0.708050,0.023447,0.056734,0.089480,0.994371,0,0.91017,0.62635,54.610,1.253,-1,425.000,-1,400.000,-1,325.000,325.000,300.000,300.000,-1,900.000,1000.000,-1,875.000,800.000,-1,-1,2,0,2,0,2,0,0,0,0,2,0,0,2,0,0,2,2
17,-2105.245,10019.608,-206.593,136.801,-0.724277,-0.681932,0.101943,0.687069,-0.726209,0.023571,0.057958,0.087114,0.994511,0,0.91087,0.74635,54.652,1.493,-1,425.000,-1,400.000,-1,325.000,325.000,300.000,300.000,-1,-1,-1,-1,875.000,825.000,-1,-1,2,0,2,0,2,0,0,0,0,2,2,2,2,0,0,2,2
18,-2146.239,10055.838,-203.348,138.534,-0.744674,-0.659810,0.100553,0.664778,-0.746664,0.023734,0.059420,0.084520,0.994649,0,0.91186,0.86635,54.712,1.733,-1,425.000,-1,400.000,-1,325.000,325.000,300.000,300.000,-1,-1,-1,-1,875.000,825.000,-1,-1,2,0,2,0,2,0,0,0,0,2,2,2,2,0,0,2,2
19,-2188.516,10090.683,-199.975,140.506,-0.767061,-0.633867,0.099148,0.638659,-0.769118,0.023920,0.061094,0.081669,0.994785,0,0.91312,0.98635,54.787,1.973,-1,425.000,-1,400.000,-1,325.000,325.000,300.000,300.000,-1,-1,-1,-1,875.000,825.000,-1,-1,2,0,2,0,2,0,0,0,0,2,2,2,2,0,0,2,2
20,-2232.054,10124.087,-196.677,142.506,-0.788871,-0.606744,0.097694,0.611421,-0.790907,0.025121,0.062025,0.079550,0.994899,0,0.91464,1.00000,54.878,2.000,-1,400.000,-1,400.000,-1,325.000,325.000,300.000,300.000,-1,-1,-1,-1,875.000,825.000,-1,-1,2,0,2,0,2,0,0,0,0,2,2,2,2,0,0,2,2
21,-2276.806,10156.002,-193.285,144.506,-0.809742,-0.578863,0.096099,0.583432,-0.811728,0.026540,0.062643,0.077558,0.995018,0,0.91613,1.00000,54.968,2.000,-1,400.000,-1,400.000,-1,325.000,325.000,300.000,300.000,-1,-1,-1,-1,875.000,825.000,-1,-1,2,0,2,0,2,0,0,0,0,2,2,2,2,0,0,2,2
22,-2322.715,10186.385,-189.665,146.506,-0.829669,-0.550281,0.094020,0.554700,-0.831587,0.027770,0.062904,0.075193,0.995183,0,0.91757,1.00000,55.054,2.000,-1,400.000,-1,400.000,-1,325.000,325.000,300.000,300.000,-1,-1,-1,-1,850.000,800.000,-1,-1,2,0,2,0,2,0,0,0,0,2,2,2,2,0,0,2,2
23,-2369.729,10215.190,-185.938,148.506,-0.848577,-0.521014,0.091983,0.525290,-0.850431,0.028946,0.063144,0.072881,0.995340,0,0.91896,1.00000,55.138,2.000,-1,400.000,-1,400.000,-1,325.000,325.000,300.000,300.000,-1,-1,-1,-1,850.000,800.000,-1,-1,2,0,2,0,2,0,0,0,0,2,2,2,2,0,0,2,2
24,-2417.789,10242.377,-182.108,150.506,-0.866445,-0.491097,0.089986,0.495236,-0.868238,0.030072,0.063361,0.070620,0.995489,0,0.92031,1.00000,55.219,2.000,-1,400.000,-1,400.000,-1,325.000,325.000,300.000,300.000,-1,-1,-1,-1,850.000,800.000,-1,-1,2,0,2,0,2,0,0,0,0,2,2,2,2,0,0,2,2
25,-2466.838,10267.906,-178.263,152.506,-0.883240,-0.460579,0.088053,0.464564,-0.885006,0.030745,0.063767,0.068061,0.995641,0,0.92160,1.00000,55.296,2.000,-1,400.000,-1,400.000,-1,325.000,325.000,300.000,300.000,-1,-1,-1,-1,850.000,800.000,-1,-1,2,0,2,0,2,0,0,0,0,2,2,2,2,0,0,2,2
26,-2516.815,10291.740,-174.478,154.506,-0.898926,-0.429502,0.086374,0.433303,-0.900729,0.030586,0.064663,0.064921,0.995793,0,0.92285,1.00000,55.371,2.000,-1,400.000,-1,400.000,-1,325.000,325.000,300.000,300.000,-1,-1,-1,-1,825.000,800.000,-1,-1,2,0,2,0,2,0,0,0,0,2,2,2,2,0,0,2,2
27,-2567.660,10313.844,-170.680,156.506,-0.913535,-0.397892,0.084476,0.401483,-0.915369,0.030191,0.065314,0.061496,0.995968,0,0.92405,1.00000,55.443,2.000,-1,400.000,-1,400.000,-1,325.000,325.000,300.000,300.000,-1,-1,-1,-1,825.000,800.000,-1,-1,2,0,2,0,2,0,0,0,0,2,2,2,2,0,0,2,2
28,-2622.173,10335.344,-166.678,158.480,-0.926889,-0.366222,0.082207,0.369565,-0.928738,0.029457,0.065561,0.057684,0.996180,0,0.97667,0.98658,58.600,1.973,-1,400.000,-1,400.000,-1,325.000,325.000,300.000,300.000,-1,-1,-1,-1,825.000,800.000,-1,-1,2,0,2,0,2,0,0,0,0,2,2,2,2,0,0,2,2
29,-2677.451,10354.975,-162.588,160.451,-0.939116,-0.334132,0.080107,0.337240,-0.940983,0.028637,0.065810,0.053908,0.996375,0,0.97769,0.98553,58.661,1.971,-1,400.000,-1,400.000,-1,325.000,325.000,300.000,300.000,-1,-1,-1,-1,800.000,800.000,-1,-1,2,0,2,0,2,0,0,0,0,2,2,2,2,0,0,2,2
30,-2733.427,10372.712,-158.729,162.420,-0.950128,-0.301642,0.079183,0.304634,-0.952039,0.028624,0.066751,0.051318,0.996449,0,0.97866,0.98461,58.720,1.969,-1,400.000,-1,400.000,-1,325.000,325.000,300.000,300.000,-1,-1,-1,-1,800.000,800.000,-1,-1,2,0,2,0,2,0,0,0,0,2,2,2,2,0,0,2,2
31,-2790.032,10388.532,-154.883,164.387,-0.960020,-0.268805,0.078136,0.271707,-0.961942,0.029037,0.067357,0.049106,0.996520,0,0.97958,0.98382,58.775,1.968,-1,400.000,-1,400.000,-1,325.000,325.000,300.000,300.000,-1,-1,-1,-1,800.000,775.000,-1,-1,2,0,2,0,2,0,0,0,0,2,2,2,2,0,0,2,2
32,-2847.197,10402.412,-150.939,166.354,-0.968771,-0.235666,0.077094,0.238474,-0.970704,0.029379,0.067911,0.046846,0.996591,0,0.98044,0.98317,58.827,1.966,-1,400.000,-1,400.000,-1,325.000,325.000,300.000,300.000,-1,-1,-1,-1,800.000,775.000,-1,-1,2,0,2,0,2,0,0,0,0,2,2,2,2,0,0,2,2
33,-2904.841,10414.327,-146.905,168.322,-0.976385,-0.202207,0.076056,0.204920,-0.978329,0.029652,0.068412,0.044537,0.996663,0,0.98107,0.98417,58.864,1.968,-1,400.000,-1,400.000,-1,325.000,325.000,300.000,300.000,-1,-1,-1,-1,800.000,775.000,-1,-1,2,0,2,0,2,0,0,0,0,2,2,2,2,0,0,2,2
34,-2962.889,10424.256,-142.786,170.295,-0.982855,-0.168426,0.075021,0.171040,-0.984812,0.029858,0.068853,0.042178,0.996735,0,0.98152,0.98640,58.891,1.973,-1,400.000,-1,400.000,-1,325.000,325.000,300.000,300.000,-1,-1,-1,-1,800.000,775.000,-1,-1,2,0,2,0,2,0,0,0,0,2,2,2,2,0,0,2,2
35,-3021.272,10432.180,-138.586,172.272,-0.988167,-0.134360,0.073988,0.136873,-0.990134,0.029998,0.069227,0.039770,0.996808,0,0.98197,0.98864,58.918,1.977,-1,400.000,-1,400.000,-1,325.000,325.000,300.000,300.000,-1,-1,-1,-1,800.000,775.000,-1,-1,2,0,2,0,2,0,0,0,0,2,2,2,2,0,0,2,2
36,-3079.919,10438.083,-134.312,174.254,-0.992304,-0.100049,0.072953,0.102459,-0.994283,0.030073,0.069528,0.037316,0.996882,0,0.98241,0.99088,58.945,1.982,-1,400.000,-1,400.000,-1,325.000,325.000,300.000,300.000,-1,-1,-1,-1,800.000,775.000,-1,-1,2,0,2,0,2,0,0,0,0,2,2,2,2,0,0,2,2
37,-3138.762,10441.951,-129.969,176.240,-0.995256,-0.065533,0.071916,0.067837,-0.997243,0.030082,0.069746,0.034818,0.996957,0,0.98284,0.99313,58.970,1.986,-1,400.000,-1,400.000,-1,325.000,325.000,300.000,300.000,-1,-1,-1,-1,800.000,775.000,-1,-1,2,0,2,0,2,0,0,0,0,2,2,2,2,0,0,2,2
38,-3197.729,10443.774,-125.562,178.231,-0.997008,-0.030853,0.070873,0.033049,-0.999003,0.030025,0.069876,0.032277,0.997033,0,0.98326,0.99539,58.995,1.991,-1,400.000,-1,400.000,-1,325.000,325.000,300.000,300.000,-1,-1,-1,-1,800.000,775.000,-1,-1,2,0,2,0,2,0,0,0,0,2,2,2,2,0,0,2,2
39,-3256.748,10443.542,-121.106,180.226,-0.997550,0.003949,0.069851,-0.001865,-0.999552,0.029864,0.069938,0.029661,0.997110,0,0.98366,0.99765,59.019,1.995,-1,400.000,-1,400.000,-1,325.000,325.000,300.000,300.000,-1,-1,-1,-1,800.000,775.000,-1,-1,2,0,2,0,2,0,0,0,0,2,2,2,2,0,0,2,2
40,-3315.745,10441.249,-116.894,182.226,-0.996834,0.038830,0.069381,-0.036846,-0.998881,0.029651,0.070455,0.027001,0.997149,0,0.98404,0.99990,59.042,2.000,-1,400.000,-1,400.000,-1,325.000,325.000,300.000,300.000,-1,-1,-1,-1,775.000,775.000,-1,-1,2,0,2,0,2,0,0,0,0,2,2,2,2,0,0,2,2
41,-3369.840,10437.253,-113.099,184.226,-0.994888,0.073672,0.069067,-0.071791,-0.996988,0.029335,0.071020,0.024227,0.997181,0,0.90404,1.00000,54.242,2.000,-1,400.000,-1,400.000,-1,325.000,325.000,300.000,300.000,-1,-1,-1,-1,775.000,775.000,-1,-1,2,0,2,0,2,0,0,0,0,2,2,2,2,0,0,2,2
42,-3422.695,10431.488,-109.336,186.226,-0.991724,0.108428,0.068754,-0.106651,-0.993873,0.029025,0.071480,0.021452,0.997211,0,0.88615,1.00000,53.169,2.000,-1,400.000,-1,400.000,-1,325.000,325.000,300.000,300.000,-1,-1,-1,-1,775.000,775.000,-1,-1,2,0,2,0,2,0,0,0,0,2,2,2,2,0,0,2,2
43,-3475.351,10423.877,-105.533,188.226,-0.987346,0.143056,0.068438,-0.141383,-0.989538,0.028715,0.071830,0.018676,0.997242,0,0.88672,1.00000,53.203,2.000,-1,400.000,-1,400.000,-1,325.000,325.000,300.000,300.000,-1,-1,-1,-1,775.000,775.000,-1,-1,2,0,2,0,2,0,0,0,0,2,2,2,2,0,0,2,2
44,-3527.741,10414.426,-101.698,190.226,-0.981758,0.177512,0.068118,-0.175944,-0.983990,0.028409,0.072070,0.015906,0.997273,0,0.88727,1.00000,53.236,2.000,-1,400.000,-1,400.000,-1,325.000,325.000,300.000,300.000,-1,-1,-1,-1,775.000,775.000,-1,-1,2,0,2,0,2,0,0,0,0,2,2,2,2,0,0,2,2
45,-3579.802,10403.146,-97.836,192.226,-0.974969,0.211753,0.067793,-0.210290,-0.977235,0.028111,0.072202,0.013151,0.997303,0,0.88782,1.00000,53.269,2.000,-1,400.000,-1,400.000,-1,325.000,325.000,300.000,300.000,-1,-1,-1,-1,775.000,775.000,-1,-1,2,0,2,0,2,0,0,0,0,2,2,2,2,0,0,2,2
46,-3631.469,10390.048,-93.953,194.226,-0.966986,0.245737,0.067464,-0.244379,-0.969281,0.027822,0.072228,0.010417,0.997334,0,0.88835,1.00000,53.301,2.000,-1,400.000,-1,400.000,-1,325.000,325.000,300.000,300.000,-1,-1,-1,-1,775.000,775.000,-1,-1,2,0,2,0,2,0,0,0,0,2,2,2,2,0,0,2,2
47,-3682.676,10375.146,-90.057,196.226,-0.957819,0.279421,0.067128,-0.278167,-0.960138,0.027546,0.072149,0.007711,0.997364,0,0.88887,1.00000,53.332,2.000,1000.000,400.000,-1,400.000,-1,325.000,325.000,300.000,300.000,-1,-1,-1,-1,775.000,775.000,-1,-1,1,0,2,0,2,0,0,0,0,2,2,2,2,0,0,2,2
48,-3733.361,10358.457,-86.153,198.226,-0.947480,0.312765,0.066786,-0.311613,-0.949817,0.027284,0.071968,0.005040,0.997394,0,0.88936,1.00000,53.362,2.000,925.000,400.000,-1,400.000,-1,325.000,325.000,300.000,300.000,-1,-1,-1,-1,775.000,775.000,-1,-1,1,0,2,0,2,0,0,0,0,2,2,2,2,0,0,2,2
49,-3783.459,10339.999,-82.247,200.226,-0.935981,0.345726,0.066436,-0.344675,-0.938333,0.027041,0.071688,0.002411,0.997424,0,0.88984,1.00000,53.390,2.000,850.000,400.000,-1,400.000,-1,325.000,325.000,300.000,300.000,-1,-1,-1,-1,775.000,775.000,-1,-1,1,0,2,0,2,0,0,0,0,2,2,2,2,0,0,2,2
50,-3832.907,10319.793,-78.368,202.226,-0.923335,0.378263,0.066103,-0.377305,-0.925698,0.026909,0.071370,-0.000095,0.997450,0,0.89029,1.00000,53.417,2.000,775.000,400.000,-1,400.000,-1,325.000,325.000,300.000,300.000,-1,-1,-1,-1,750.000,775.000,-1,-1,1,0,2,0,2,0,0,0,0,2,2,2,2,0,0,2,2
51,-3881.643,10297.864,-74.556,204.226,-0.909563,0.410338,0.065712,-0.409455,-0.911930,0.027012,0.071009,-0.002337,0.997473,0,0.89071,1.00000,53.443,2.000,725.000,400.000,-1,400.000,-1,325.000,325.000,300.000,300.000,-1,-1,-1,-1,750.000,775.000,-1,-1,1,0,2,0,2,0,0,0,0,2,2,2,2,0,0,2,2
52,-3929.606,10274.236,-70.799,206.226,-0.894692,0.441911,0.065121,-0.441094,-0.897048,0.027212,0.070442,-0.004378,0.997506,0,0.89110,1.00000,53.466,2.000,675.000,400.000,-1,400.000,-1,325.000,325.000,300.000,300.000,-1,-1,-1,-1,750.000,775.000,-1,-1,1,0,2,0,2,0,0,0,0,2,2,2,2,0,0,2,2
53,-3976.733,10248.939,-67.050,208.226,-0.878725,0.472943,0.064550,-0.472193,-0.881070,0.027393,0.069829,-0.006409,0.997538,0,0.89146,1.00000,53.488,2.000,625.000,400.000,-1,400.000,-1,325.000,325.000,300.000,300.000,-1,-1,-1,-1,750.000,775.000,-1,-1,1,0,2,0,2,0,0,0,0,2,2,2,2,1,0,2,2
54,-4025.160,10220.724,-63.138,210.226,-0.861683,0.503397,0.063990,-0.502712,-0.864014,0.027565,0.069165,-0.008416,0.997570,0,0.93411,1.00000,56.046,2.000,550.000,400.000,-1,400.000,-1,325.000,325.000,300.000,300.000,-1,-1,-1,-1,700.000,775.000,-1,-1,1,0,2,0,2,0,0,0,0,2,2,2,2,1,0,2,2
55,-4072.749,10190.725,-59.267,212.226,-0.843573,0.533233,0.063624,-0.532619,-0.845903,0.027671,0.068575,-0.010545,0.997590,0,0.93759,1.00000,56.256,2.000,525.000,400.000,-1,400.000,-1,325.000,325.000,300.000,300.000,-1,-1,-1,-1,675.000,775.000,800.000,-1,1,0,2,0,2,0,0,0,0,2,2,2,2,1,0,1,2
56,-4119.435,10158.966,-55.404,214.226,-0.824430,0.562416,0.063273,-0.561871,-0.826758,0.027792,0.067942,-0.012639,0.997609,0,0.94107,1.00000,56.464,2.000,475.000,400.000,-1,400.000,-1,325.000,325.000,300.000,300.000,-1,-1,-1,-1,650.000,750.000,650.000,-1,1,0,2,0,2,0,0,0,0,2,2,2,2,1,0,1,2
57,-4165.151,10125.475,-51.492,216.226,-0.804257,0.590908,0.063232,-0.590441,-0.806601,0.027846,0.067457,-0.014940,0.997610,0,0.94452,1.00000,56.671,2.000,425.000,400.000,-1,400.000,-1,325.000,325.000,300.000,300.000,-1,-1,-1,-1,625.000,750.000,575.000,-1,1,0,2,0,2,0,0,0,0,2,2,2,2,1,0,1,2
58,-4209.831,10090.282,-47.585,218.226,-0.783092,0.618674,0.063311,-0.618288,-0.785457,0.027879,0.066976,-0.017312,0.997604,0,0.94793,1.00000,56.876,2.000,375.000,400.000,-1,400.000,-1,325.000,325.000,300.000,300.000,-1,-1,-1,-1,600.000,750.000,500.000,-1,1,1,2,0,2,0,0,0,0,2,2,2,2,1,0,1,2
59,-4253.408,10053.421,-43.701,220.226,-0.760969,0.645682,0.063408,-0.645374,-0.763354,0.027977,0.066467,-0.019633,0.997595,0,0.95127,1.00000,57.076,2.000,325.000,375.000,-1,400.000,-1,325.000,325.000,300.000,300.000,-1,-1,-1,-1,575.000,750.000,425.000,-1,1,1,2,0,2,0,0,0,0,2,2,2,2,1,0,1,2
60,-4295.817,10014.931,-39.846,222.226,-0.737915,0.671898,0.063518,-0.671665,-0.740320,0.028142,0.065932,-0.021897,0.997584,0,0.95452,1.00000,57.271,2.000,300.000,350.000,-1,400.000,-1,325.000,325.000,300.000,300.000,-1,-1,-1,-1,550.000,750.000,350.000,-1,1,1,2,0,2,0,0,0,0,2,2,2,2,1,0,1,2
61,-4336.991,9974.855,-36.045,224.226,-0.713959,0.697291,0.063623,-0.697124,-0.716385,0.028467,0.065428,-0.024029,0.997568,0,0.95764,1.00000,57.458,2.000,250.000,325.000,-1,400.000,-1,325.000,325.000,300.000,300.000,-1,-1,-1,-1,525.000,750.000,300.000,-1,1,1,2,0,2,1,0,0,0,2,2,2,2,1,0,1,2
62,-4376.864,9933.237,-32.324,226.226,-0.689130,0.721833,0.063692,-0.721715,-0.691581,0.029050,0.065017,-0.025948,0.997547,0,0.96060,1.00000,57.636,2.000,200.000,325.000,-1,400.000,-1,300.000,325.000,300.000,300.000,-1,-1,-1,-1,500.000,750.000,250.000,-1,1,1,2,0,2,1,0,0,0,2,2,2,2,1,0,1,2
63,-4415.373,9890.129,-25.089,228.226,-0.663503,0.745714,0.060609,-0.744288,-0.666133,0.047969,0.076145,-0.013283,0.997008,0,0.96336,1.00000,57.802,2.000,200.000,325.000,-1,425.000,-1,300.000,350.000,325.000,300.000,-1,950.000,675.000,-1,575.000,825.000,250.000,-1,1,1,2,0,2,1,1,1,0,2,0,0,2,1,0,1,2
64,-4452.449,9845.585,-18.071,230.226,-0.637267,0.768575,0.056424,-0.765763,-0.639758,0.065693,0.086588,-0.001344,0.996243,0,0.96588,1.00000,57.953,2.000,200.000,350.000,-1,450.000,-1,325.000,350.000,300.000,300.000,-1,500.000,325.000,-1,725.000,875.000,275.000,-1,1,1,2,0,2,1,0,1,0,2,0,0,2,1,0,1,2
65,-4488.380,9799.613,-11.338,231.986,-0.613738,0.787824,0.051564,-0.783628,-0.615822,0.081795,0.096195,0.009794,0.995314,0,0.97243,0.88000,58.346,1.760,225.000,375.000,-1,450.000,-1,350.000,375.000,300.000,275.000,-1,375.000,225.000,-1,-1,950.000,300.000,-1,1,1,2,0,2,1,0,1,0,2,0,0,2,2,0,1,2
66,-4523.124,9752.640,-4.927,233.506,-0.593135,0.803762,0.046449,-0.798255,-0.594619,0.096009,0.104788,0.019868,0.994296,0,0.97373,0.76000,58.424,1.520,225.000,400.000,-1,475.000,-1,375.000,400.000,300.000,275.000,-1,325.000,175.000,875.000,-1,-1,350.000,-1,1,1,2,0,2,1,0,1,0,2,0,0,0,2,2,1,2
67,-4556.817,9704.892,1.181,234.786,-0.575606,0.816672,0.041519,-0.809998,-0.576395,0.108041,0.112165,0.028559,0.993279,0,0.97394,0.64000,58.436,1.280,225.000,425.000,-1,500.000,-1,425.000,425.000,275.000,275.000,-1,300.000,125.000,725.000,-1,-1,-1,-1,1,1,2,0,2,1,0,1,0,2,0,0,0,2,2,2,2
68,-4589.600,9656.595,6.884,235.826,-0.561272,0.826803,0.037038,-0.819115,-0.561343,0.118087,0.118426,0.035940,0.992312,0,0.97285,0.52000,58.371,1.040,225.000,475.000,-1,525.000,-1,450.000,425.000,250.000,275.000,-1,275.000,100.000,625.000,-1,-1,-1,-1,1,1,2,0,2,0,0,1,0,2,0,0,0,2,2,2,2
69,-4621.627,9607.966,12.227,236.626,-0.550160,0.834379,0.033697,-0.825846,-0.549625,0.126054,0.123698,0.041521,0.991451,0,0.97043,0.40000,58.226,0.800,225.000,550.000,-1,525.000,-1,475.000,450.000,225.000,250.000,-1,250.000,100.000,575.000,-1,-1,-1,-1,1,1,2,0,2,0,0,1,0,2,0,0,0,2,2,2,2
70,-4653.042,9559.238,17.084,237.186,-0.542347,0.839569,0.031374,-0.830407,-0.541352,0.131767,0.127612,0.045410,0.990784,0,0.96627,0.28000,57.976,0.560,250.000,650.000,-1,550.000,-1,475.000,450.000,200.000,250.000,-1,250.000,75.000,550.000,-1,-1,-1,-1,1,1,2,0,2,0,0,1,0,2,0,0,0,2,2,2,2
71,-8855.064,-1639.816,310.649,-51.645,0.618750,0.782872,0.065276,-0.784932,0.619490,0.010660,-0.032092,-0.057833,0.997810,1,0.00000,0.00000,57.607,0.320,-1,400.000,-1,375.000,-1,325.000,325.000,325.000,300.000,-1,-1,-1,-1,750.000,725.000,-1,-1,2,0,2,0,2,0,0,0,0,2,2,2,2,0,0,2,2
72,-8852.070,-1643.567,310.478,-51.405,0.622021,0.780275,0.065276,-0.782334,0.622768,0.010691,-0.032310,-0.057718,0.997810,0,0.08000,0.12000,4.800,0.240,-1,400.000,-1,375.000,-1,325.000,325.000,325.000,300.000,-1,-1,-1,-1,750.000,725.000,-1,-1,2,0,2,0,2,0,0,0,0,2,2,2,2,0,0,2,2
73,-8846.019,-1651.020,310.131,-50.925,0.628530,0.775041,0.065279,-0.777095,0.629291,0.010752,-0.032746,-0.057486,0.997809,0,0.16000,0.24000,9.600,0.480,-1,400.000,-1,375.000,-1,325.000,325.000,325.000,300.000,-1,-1,-1,-1,750.000,725.000,-1,-1,2,0,2,0,2,0,0,0,0,2,2,2,2,0,0,2,2
74,-8836.838,-1662.113,309.608,-50.388,0.635764,0.769117,0.065292,-0.771169,0.636537,0.010878,-0.033194,-0.057267,0.997807,0,0.24000,0.26858,14.400,0.537,-1,400.000,-1,375.000,-1,325.000,325.000,325.000,300.000,-1,-1,-1,-1,750.000,725.000,-1,-1,2,0,2,0,2,0,0,0,0,2,2,2,2,0,0,2,2
75,-8824.458,-1676.789,308.904,-49.851,0.642945,0.763123,0.065315,-0.765176,0.643726,0.011078,-0.033591,-0.057100,0.997803,0,0.32000,0.26858,19.200,0.537,-1,400.000,-1,375.000,-1,325.000,325.000,325.000,300.000,-1,-1,-1,-1,750.000,725.000,-1,-1,2,0,2,0,2,0,0,0,0,2,2,2,2,0,0,2,2
76,-8808.812,-1694.988,308.018,-49.314,0.650070,0.757059,0.065350,-0.759116,0.650857,0.011353,-0.033938,-0.056989,0.997798,0,0.40000,0.26858,24.000,0.537,-1,400.000,-1,375.000,-1,325.000,325.000,325.000,300.000,-1,-1,-1,-1,750.000,725.000,-1,-1,2,0,2,0,2,0,0,0,0,2,2,2,2,0,0,2,2
77,-8789.833,-1716.650,306.948,-48.777,0.657140,0.750926,0.065395,-0.752990,0.657928,0.011703,-0.034237,-0.056933,0.997791,0,0.48000,0.26858,28.800,0.537,-1,400.000,-1,375.000,-1,325.000,325.000,325.000,300.000,-1,-1,-1,-1,750.000,725.000,-1,-1,2,0,2,0,2,0,0,0,0,2,2,2,2,0,0,2,2
78,-8767.455,-1741.713,305.743,-48.239,0.664140,0.744717,0.065679,-0.746805,0.664932,0.012139,-0.034632,-0.057112,0.997767,0,0.56000,0.26858,33.600,0.537,-1,400.000,-1,375.000,-1,325.000,325.000,325.000,300.000,-1,-1,-1,-1,750.000,725.000,-1,-1,2,0,2,0,2,0,0,0,0,2,2,2,2,0,0,2,2
79,-8741.612,-1770.115,304.364,-47.702,0.671081,0.738439,0.066021,-0.740557,0.671874,0.012655,-0.035013,-0.057385,0.997738,0,0.64000,0.26858,38.400,0.537,-1,400.000,-1,375.000,-1,325.000,325.000,325.000,300.000,-1,-1,-1,-1,750.000,725.000,-1,-1,2,0,2,0,2,0,0,0,0,2,2,2,2,0,0,2,2
80,-8712.241,-1801.794,302.808,-47.165,0.677961,0.732093,0.066397,-0.734246,0.678754,0.013249,-0.035368,-0.057734,0.997705,0,0.72000,0.26858,43.200,0.537,-1,400.000,-1,375.000,-1,325.000,325.000,325.000,300.000,-1,-1,-1,-1,750.000,725.000,-1,-1,2,0,2,0,2,0,0,0,0,2,2,2,2,0,0,2,2
81,-8679.278,-1836.685,301.077,-46.628,0.684782,0.725679,0.066806,-0.727873,0.685571,0.013919,-0.035700,-0.058158,0.997669,0,0.80000,0.26858,48.000,0.537,-1,400.000,-1,375.000,-1,325.000,325.000,325.000,300.000,-1,-1,-1,-1,750.000,725.000,-1,-1,2,0,2,0,2,0,0,0,0,2,2,2,2,0,0,2,2
82,-8642.660,-1874.724,299.172,-46.091,0.691542,0.719199,0.067245,-0.721438,0.692324,0.014662,-0.036011,-0.058652,0.997629,0,0.88000,0.26858,52.800,0.537,-1,400.000,-1,375.000,-1,325.000,325.000,325.000,300.000,-1,-1,-1,-1,750.000,725.000,-1,-1,2,0,2,0,2,0,0,0,0,2,2,2,2,0,0,2,2
83,-8605.497,-1912.611,297.335,-45.554,0.698252,0.712648,0.067652,-0.714942,0.699008,0.015710,-0.036093,-0.059337,0.997585,0,0.88452,0.26858,53.071,0.537,-1,400.000,-1,375.000,-1,325.000,325.000,325.000,300.000,-1,-1,-1,-1,750.000,725.000,-1,-1,2,0,2,0,2,0,0,0,0,2,2,2,2,0,0,2,2
84,-8567.981,-1950.148,295.563,-45.016,0.704911,0.706031,0.067970,-0.708382,0.705626,0.016953,-0.035992,-0.060100,0.997543,0,0.88452,0.26858,53.071,0.537,-1,400.000,-1,375.000,-1,325.000,325.000,300.000,300.000,-1,-1,-1,-1,750.000,725.000,-1,-1,2,0,2,0,2,0,0,0,0,2,2,2,2,0,0,2,2
85,-8530.114,-1987.332,293.777,-44.479,0.711507,0.699354,0.068273,-0.701759,0.712183,0.018133,-0.035941,-0.060813,0.997502,0,0.88452,0.26858,53.071,0.537,-1,400.000,-1,375.000,-1,325.000,325.000,300.000,300.000,-1,-1,-1,-1,750.000,725.000,-1,-1,2,0,2,0,2,0,0,0,0,2,2,2,2,0,0,2,2
86,-8495.497,-2020.973,292.155,-44.182,0.715133,0.695620,0.068541,-0.698075,0.715769,0.019162,-0.035730,-0.061550,0.997464,0,0.80452,0.14858,48.271,0.297,-1,400.000,-1,375.000,-1,325.000,325.000,300.000,300.000,-1,-1,-1,-1,750.000,725.000,-1,-1,2,0,2,0,2,0,0,0,0,2,2,2,2,0,0,2,2
87,-8464.292,-2051.238,290.705,-44.125,0.715836,0.694872,0.068784,-0.697373,0.716428,0.020052,-0.035345,-0.062322,0.997430,0,0.72452,0.02858,43.471,0.057,-1,400.000,-1,375.000,-1,325.000,325.000,300.000,300.000,-1,-1,-1,-1,750.000,725.000,-1,-1,2,0,2,0,2,0,0,0,0,2,2,2,2,0,0,2,2
88,-8436.619,-2078.250,289.384,-44.308,0.713646,0.697136,0.068637,-0.699650,0.714188,0.020642,-0.034629,-0.062753,0.997428,0,0.64452,-0.09142,38.671,-0.183,-1,400.000,-1,375.000,-1,325.000,325.000,300.000,300.000,-1,-1,-1,-1,750.000,725.000,-1,-1,2,0,2,0,2,0,0,0,0,2,2,2,2,0,0,2,2
89,-8409.839,-2104.780,288.090,-44.731,0.708526,0.702370,0.068325,-0.704885,0.709006,0.021152,-0.033586,-0.063148,0.997439,0,0.62828,-0.21142,37.697,-0.423,-1,400.000,-1,375.000,-1,325.000,325.000,300.000,300.000,-1,-1,-1,-1,750.000,725.000,-1,-1,2,0,2,0,2,0,0,0,0,2,2,2,2,0,0,2,2
90,-8383.310,-2131.675,286.831,-45.393,0.700400,0.710501,0.068032,-0.713020,0.700809,0.021655,-0.032291,-0.063675,0.997448,0,0.62961,-0.33142,37.776,-0.663,-1,400.000,-1,375.000,-1,325.000,325.000,300.000,300.000,-1,-1,-1,-1,750.000,725.000,-1,-1,2,0,2,0,2,0,0,0,0,2,2,2,2,0,0,2,2
91,-8357.093,-2159.106,285.616,-46.296,0.689169,0.721425,0.067760,-0.723948,0.689499,0.022154,-0.030738,-0.064323,0.997456,0,0.63242,-0.45142,37.945,-0.903,-1,400.000,-1,375.000,-1,325.000,325.000,300.000,300.000,-1,-1,-1,-1,750.000,750.000,-1,-1,2,0,2,0,2,0,0,0,0,2,2,2,2,0,0,2,2
92,-8331.321,-2187.171,284.456,-47.439,0.674700,0.734998,0.067513,-0.737525,0.674940,0.022649,-0.028920,-0.065074,0.997461,0,0.63503,-0.57142,38.102,-1.143,-1,400.000,-1,400.000,-1,325.000,325.000,300.000,300.000,-1,-1,-1,-1,750.000,750.000,-1,-1,2,0,2,0,2,0,0,0,0,2,2,2,2,0,0,2,2
93,-8306.141,-2215.955,283.363,-48.822,0.656829,0.751030,0.067295,-0.753562,0.656970,0.023141,-0.026831,-0.065910,0.997465,0,0.63739,-0.69142,38.243,-1.383,-1,400.000,-1,400.000,-1,325.000,325.000,300.000,300.000,-1,1000.000,-1,-1,750.000,750.000,-1,-1,2,0,2,0,2,0,0,0,0,2,0,2,2,0,0,2,2
94,-8281.708,-2245.536,282.372,-50.445,0.635374,0.769293,0.066991,-0.771819,0.635403,0.023626,-0.024390,-0.066716,0.997474,0,0.63943,-0.81142,38.366,-1.623,-1,400.000,-1,400.000,-1,325.000,325.000,300.000,300.000,-1,900.000,-1,-1,750.000,750.000,-1,-1,2,0,2,0,2,0,0,0,0,2,0,2,2,0,0,2,2
95,-8258.188,-2275.975,281.482,-52.308,0.610119,0.789499,0.066680,-0.792014,0.610026,0.024115,-0.021638,-0.067524,0.997483,0,0.64110,-0.93142,38.466,-1.863,-1,400.000,-1,400.000,-1,325.000,325.000,300.000,300.000,-1,775.000,1000.000,-1,750.000,750.000,-1,-1,2,0,2,0,2,0,0,0,0,2,0,0,2,0,0,2,2
96,-8235.679,-2307.261,280.685,-54.266,0.582873,0.809845,0.066413,-0.812347,0.582656,0.024599,-0.018775,-0.068289,0.997489,0,0.64235,-0.97932,38.541,-1.959,-1,400.000,-1,400.000,-1,325.000,325.000,300.000,300.000,-1,775.000,900.000,-1,750.000,750.000,-1,-1,2,0,2,0,2,0,0,0,0,2,0,0,2,0,0,2,2
97,-8211.433,-2343.186,279.909,-55.985,0.558410,0.826929,0.066082,-0.829406,0.558088,0.024960,-0.016239,-0.068746,0.997502,0,0.72235,-0.85932,43.341,-1.719,-1,400.000,-1,400.000,-1,325.000,325.000,300.000,300.000,-1,800.000,825.000,-1,750.000,750.000,-1,-1,2,0,2,0,2,0,0,0,0,2,0,0,2,0,0,2,2
98,-8185.975,-2383.092,279.147,-57.464,0.536968,0.841038,0.065728,-0.843487,0.536553,0.025319,-0.013973,-0.069036,0.997516,0,0.78890,-0.73932,47.334,-1.479,-1,400.000,-1,400.000,-1,325.000,325.000,300.000,300.000,-1,825.000,825.000,-1,750.000,750.000,-1,-1,2,0,2,0,2,0,0,0,0,2,0,0,2,0,0,2,2
99,-8161.371,-2423.561,278.458,-58.702,0.518736,0.852430,0.065395,-0.854850,0.518240,0.025660,-0.012017,-0.069213,0.997529,0,0.78934,-0.61932,47.360,-1.239,-1,400.000,-1,400.000,-1,325.000,325.000,300.000,300.000,-1,850.000,825.000,-1,750.000,750.000,-1,-1,2,0,2,0,2,0,0,0,0,2,0,0,2,0,0,2,2
100,-8137.473,-2464.460,277.886,-59.701,0.503855,0.861315,0.065320,-0.863724,0.503294,0.025984,-0.010495,-0.069511,0.997526,0,0.78949,-0.49932,47.369,-0.999,-1,400.000,-1,400.000,-1,325.000,325.000,300.000,300.000,-1,875.000,850.000,-1,750.000,750.000,-1,-1,2,0,2,0,2,0,0,0,0,2,0,0,2,0,0,2,2
101,-8114.120,-2505.668,277.419,-60.460,0.492440,0.867876,0.065526,-0.870295,0.491831,0.026242,-0.009452,-0.069949,0.997506,0,0.78941,-0.37932,47.364,-0.759,-1,400.000,-1,400.000,-1,325.000,325.000,300.000,300.000,-1,900.000,900.000,-1,750.000,750.000,-1,-1,2,0,2,0,2,0,0,0,0,2,0,0,2,0,0,2,2
102,-8091.148,-2547.072,276.982,-60.978,0.484587,0.872270,0.065733,-0.874700,0.483942,0.026467,-0.008725,-0.070322,0.997486,0,0.78916,-0.25932,47.350,-0.519,-1,400.000,-1,400.000,-1,325.000,325.000,300.000,300.000,-1,950.000,950.000,-1,750.000,750.000,-1,-1,2,0,2,0,2,0,0,0,0,2,0,0,2,0,0,2,2
103,-8068.388,-2588.569,276.594,-61.257,0.480357,0.874586,0.065997,-0.877034,0.479679,0.026803,-0.008216,-0.070756,0.997460,0,0.78881,-0.13932,47.328,-0.279,-1,400.000,-1,400.000,-1,325.000,325.000,300.000,300.000,-1,975.000,975.000,-1,750.000,750.000,-1,-1,2,0,2,0,2,0,0,0,0,2,0,0,2,0,0,2,2
104,-8045.668,-2630.060,276.205,-61.295,0.479775,0.874886,0.066252,-0.877355,0.479076,0.027104,-0.008027,-0.071131,0.997435,0,0.78840,-0.01932,47.304,-0.039,-1,400.000,-1,400.000,-1,325.000,325.000,300.000,300.000,-1,-1,-1,-1,750.000,775.000,-1,-1,2,0,2,0,2,0,0,0,0,2,2,2,2,0,0,2,2
105,-8022.387,-2672.223,275.793,-61.094,0.482845,0.873178,0.066496,-0.875668,0.482137,0.027372,-0.008160,-0.071445,0.997411,0,0.80275,0.10068,48.165,0.201,-1,400.000,-1,400.000,-1,325.000,325.000,300.000,300.000,-1,-1,-1,-1,750.000,775.000,-1,-1,2,0,2,0,2,0,0,0,0,2,2,2,2,0,0,2,2
106,-7998.729,-2714.299,275.354,-60.653,0.489542,0.869425,0.066706,-0.871937,0.488841,0.027568,-0.008640,-0.071659,0.997392,0,0.80452,0.22068,48.271,0.441,-1,400.000,-1,400.000,-1,325.000,325.000,300.000,300.000,-1,-1,-1,-1,750.000,775.000,-1,-1,2,0,2,0,2,0,0,0,0,2,2,2,2,0,0,2,2
107,-7974.519,-2756.183,274.895,-59.971,0.499816,0.863549,0.066836,-0.866079,0.499145,0.027583,-0.009542,-0.071671,0.997383,0,0.80630,0.34068,48.378,0.681,-1,400.000,-1,400.000,-1,325.000,325.000,300.000,300.000,-1,-1,-1,-1,750.000,775.000,-1,-1,2,0,2,0,2,0,0,0,0,2,2,2,2,0,0,2,2
108,-7949.582,-2797.767,274.366,-59.050,0.513597,0.855416,0.066950,-0.857964,0.512969,0.027575,-0.010755,-0.071604,0.997375,0,0.80814,0.46068,48.488,0.921,-1,400.000,-1,400.000,-1,325.000,325.000,300.000,300.000,-1,-1,-1,-1,750.000,775.000,-1,-1,2,0,2,0,2,0,0,0,0,2,2,2,2,0,0,2,2
109,-7923.746,-2838.936,273.815,-57.889,0.530797,0.844869,0.066719,-0.847413,0.530217,0.027580,-0.012074,-0.071178,0.997391,0,0.81008,0.58068,48.605,1.161,-1,400.000,-1,400.000,-1,325.000,325.000,300.000,300.000,-1,-1,-1,-1,725.000,775.000,-1,-1,2,0,2,0,2,0,0,0,0,2,2,2,2,0,0,2,2
110,-7896.841,-2879.566,273.194,-56.487,0.551268,0.831689,0.066311,-0.834217,0.550747,0.027550,-0.013607,-0.070505,0.997419,0,0.81218,0.70068,48.731,1.401,-1,400.000,-1,400.000,-1,325.000,325.000,300.000,300.000,-1,-1,-1,-1,725.000,800.000,-1,-1,2,0,2,0,2,0,0,0,0,2,2,2,2,0,0,2,2
111,-7868.704,-2919.521,272.463,-54.846,0.574827,0.815622,0.065843,-0.818130,0.574378,0.027457,-0.015424,-0.069651,0.997452,0,0.81449,0.82068,48.870,1.641,-1,400.000,-1,400.000,-1,325.000,325.000,300.000,300.000,-1,-1,-1,-1,725.000,800.000,-1,-1,2,0,2,0,2,0,0,0,0,2,2,2,2,0,0,2,2
112,-7839.178,-2958.655,271.607,-52.965,0.601253,0.796384,0.065316,-0.798866,0.600889,0.027284,-0.017519,-0.068584,0.997492,0,0.81706,0.94068,49.024,1.881,1000.000,400.000,-1,400.000,-1,325.000,325.000,300.000,300.000,-1,-1,-1,-1,725.000,800.000,-1,-1,1,0,2,0,2,0,0,0,0,2,2,2,2,0,0,2,2
113,-7808.196,-2996.867,270.618,-50.965,0.628642,0.774995,0.064744,-0.777444,0.628371,0.027023,-0.019740,-0.067323,0.997536,0,0.81993,1.00000,49.196,2.000,925.000,400.000,-1,400.000,-1,325.000,325.000,300.000,300.000,-1,-1,-1,-1,725.000,800.000,-1,-1,1,0,2,0,2,0,0,0,0,2,2,2,2,0,0,2,2
114,-7775.777,-3034.115,269.515,-48.965,0.655268,0.752661,0.064227,-0.755076,0.655094,0.026679,-0.021994,-0.065978,0.997579,0,0.82301,1.00000,49.381,2.000,850.000,375.000,-1,400.000,-1,325.000,325.000,300.000,300.000,-1,-1,-1,-1,725.000,775.000,-1,-1,1,0,2,0,2,0,0,0,0,2,2,2,2,1,0,2,2
115,-7741.950,-3070.347,268.321,-46.965,0.681094,0.729404,0.063880,-0.731791,0.681022,0.026265,-0.024345,-0.064636,0.997612,0,0.82617,1.00000,49.570,2.000,800.000,375.000,-1,400.000,-1,325.000,325.000,300.000,300.000,-1,-1,-1,-1,725.000,775.000,-1,-1,1,0,2,0,2,0,0,0,0,2,2,2,2,1,0,2,2
116,-7706.741,-3105.514,266.989,-44.965,0.706099,0.705261,0.063488,-0.707611,0.706132,0.025777,-0.026652,-0.063126,0.997650,0,0.82939,1.00000,49.764,2.000,750.000,375.000,-1,400.000,-1,325.000,325.000,300.000,300.000,-1,-1,-1,-1,700.000,775.000,-1,-1,1,0,2,0,2,0,0,0,0,2,2,2,2,1,0,2,2
117,-7670.182,-3139.565,265.519,-42.965,0.730254,0.680259,0.063058,-0.682564,0.730391,0.025209,-0.028908,-0.061450,0.997691,0,0.83269,1.00000,49.962,2.000,700.000,375.000,-1,400.000,-1,325.000,325.000,300.000,300.000,-1,-1,-1,-1,700.000,775.000,-1,-1,1,0,2,0,2,0,0,0,0,2,2,2,2,1,0,2,2
118,-7632.304,-3172.452,263.912,-40.965,0.753529,0.654428,0.062593,-0.656678,0.753771,0.024559,-0.031109,-0.059610,0.997737,0,0.83605,1.00000,50.163,2.000,650.000,375.000,-1,400.000,-1,325.000,325.000,300.000,300.000,-1,-1,-1,-1,675.000,750.000,-1,-1,1,0,2,0,2,0,0,0,0,2,2,2,2,1,0,2,2
119,-7593.426,-3203.896,262.449,-38.965,0.775925,0.627760,0.062112,-0.629990,0.776198,0.025096,-0.032457,-0.058603,0.997754,0,0.83339,1.00000,50.003,2.000,600.000,375.000,-1,400.000,-1,325.000,325.000,300.000,300.000,-1,-1,-1,-1,675.000,750.000,-1,-1,1,0,2,0,2,0,0,0,0,2,2,2,2,1,0,2,2
120,-7553.308,-3234.089,260.848,-36.965,0.797383,0.600330,0.061523,-0.602530,0.797688,0.025533,-0.033748,-0.057429,0.997779,0,0.83684,1.00000,50.211,2.000,550.000,375.000,-1,400.000,-1,325.000,325.000,300.000,300.000,-1,-1,-1,-1,675.000,750.000,-1,-1,1,0,2,0,2,0,0,0,0,2,2,2,2,1,0,2,2
121,-7511.990,-3262.983,259.115,-34.965,0.817877,0.572169,0.060835,-0.574330,0.818215,0.025871,-0.034973,-0.056099,0.997813,0,0.84033,1.00000,50.420,2.000,525.000,375.000,-1,400.000,-1,325.000,325.000,300.000,300.000,-1,-1,-1,-1,650.000,750.000,1000.000,-1,1,1,2,0,2,0,0,0,0,2,2,2,2,1,0,1,2
122,-7469.512,-3290.533,257.269,-32.965,0.837384,0.543307,0.060046,-0.545424,0.837751,0.026201,-0.036068,-0.054690,0.997852,0,0.84385,1.00000,50.631,2.000,475.000,375.000,-1,400.000,-1,325.000,325.000,300.000,300.000,-1,-1,-1,-1,650.000,750.000,675.000,-1,1,1,2,0,2,0,0,0,0,2,2,2,2,1,0,1,2
123,-7425.916,-3316.693,255.312,-30.965,0.855880,0.513780,0.059155,-0.515847,0.856270,0.026511,-0.037032,-0.053205,0.997897,0,0.84738,1.00000,50.843,2.000,450.000,350.000,-1,400.000,-1,325.000,325.000,300.000,300.000,-1,-1,-1,-1,625.000,750.000,575.000,-1,1,1,2,0,2,1,0,0,0,2,2,2,2,1,0,1,2
124,-7381.248,-3341.418,253.285,-28.965,0.873337,0.483628,0.058199,-0.485633,0.873758,0.026588,-0.037993,-0.051484,0.997951,0,0.85092,1.00000,51.055,2.000,400.000,350.000,-1,400.000,-1,300.000,325.000,300.000,325.000,-1,-1,-1,-1,600.000,725.000,525.000,-1,1,1,2,0,2,1,0,0,0,2,2,2,2,1,0,1,2
125,-7335.556,-3364.665,251.211,-26.965,0.889730,0.452886,0.057222,-0.454816,0.890196,0.026322,-0.039018,-0.049445,0.998014,0,0.85444,1.00000,51.266,2.000,375.000,350.000,-1,400.000,-1,300.000,325.000,300.000,325.000,-1,-1,-1,-1,600.000,725.000,450.000,-1,1,1,2,0,2,1,0,0,0,2,2,2,2,1,0,1,2
126,-7288.891,-3386.392,249.309,-24.965,0.905114,0.421609,0.054914,-0.423373,0.905601,0.025342,-0.039045,-0.046187,0.998169,0,0.85793,1.00000,51.476,2.000,325.000,350.000,975.000,375.000,-1,300.000,325.000,300.000,325.000,-1,-1,925.000,-1,575.000,725.000,400.000,-1,1,1,1,0,2,1,0,0,0,2,2,0,2,1,0,1,2
127,-7241.308,-3406.562,248.711,-22.965,0.919702,0.389895,0.046153,-0.391107,0.920112,0.020695,-0.034397,-0.037084,0.998720,0,0.86137,1.00000,51.682,2.000,325.000,350.000,925.000,400.000,-1,325.000,325.000,325.000,300.000,-1,700.000,550.000,-1,575.000,725.000,425.000,-1,1,1,1,0,2,1,0,0,0,2,0,0,2,1,0,1,2
128,-7192.861,-3425.130,247.990,-20.965,0.933091,0.357652,0.037768,-0.358411,0.933436,0.015486,-0.029715,-0.027986,0.999167,0,0.86473,1.00000,51.884,2.000,325.000,350.000,850.000,400.000,-1,325.000,325.000,350.000,300.000,-1,525.000,400.000,-1,600.000,750.000,425.000,-1,1,1,1,0,2,1,0,0,0,2,0,0,2,1,0,1,2
129,-7143.610,-3442.058,247.262,-18.965,0.945261,0.324925,0.030088,-0.325339,0.945545,0.009931,-0.025223,-0.019176,0.999498,0,0.86800,1.00000,52.080,2.000,325.000,350.000,800.000,400.000,-1,325.000,325.000,350.000,300.000,-1,425.000,325.000,-1,600.000,775.000,400.000,975.000,1,1,1,0,2,1,0,0,0,2,0,0,2,1,0,1,1
130,-7093.618,-3457.310,246.849,-16.965,0.956210,0.291762,0.023173,-0.291951,0.956419,0.005158,-0.020658,-0.011697,0.999718,0,0.87113,1.00000,52.268,2.000,300.000,350.000,750.000,425.000,-1,325.000,350.000,375.000,300.000,-1,400.000,275.000,-1,550.000,750.000,400.000,900.000,1,1,1,0,2,1,0,1,0,2,0,0,2,1,1,1,1
131,-7042.952,-3470.854,246.516,-14.965,0.965954,0.258220,0.015980,-0.258260,0.966075,0.000414,-0.015331,-0.004527,0.999872,0,0.87409,1.00000,52.445,2.000,300.000,350.000,700.000,425.000,-1,350.000,350.000,350.000,300.000,-1,350.000,250.000,-1,525.000,675.000,400.000,825.000,1,1,1,0,2,1,0,1,0,2,0,0,2,1,1,1,1
132,-6991.682,-3482.658,246.147,-12.965,0.974469,0.224349,0.008826,-0.224312,0.974504,-0.005030,-0.009729,0.002922,0.999948,0,0.87685,1.00000,52.611,2.000,300.000,350.000,650.000,450.000,900.000,350.000,375.000,350.000,300.000,-1,325.000,225.000,-1,500.000,625.000,375.000,725.000,1,1,1,0,1,1,0,1,0,2,0,0,2,1,1,1,1
133,-6939.885,-3492.692,245.785,-10.965,0.981745,0.190193,0.001763,-0.190162,0.981689,-0.011195,-0.003860,0.010655,0.999936,0,0.87935,1.00000,52.761,2.000,275.000,350.000,600.000,450.000,775.000,350.000,375.000,350.000,300.000,-1,300.000,175.000,925.000,450.000,550.000,350.000,650.000,1,1,1,0,1,1,0,1,0,2,0,0,0,1,1,1,1
134,-6887.638,-3500.932,245.450,-8.965,0.987775,0.155798,-0.005230,-0.155868,0.987611,-0.018168,0.002335,0.018761,0.999821,0,0.88154,1.00000,52.892,2.000,275.000,350.000,550.000,450.000,675.000,350.000,400.000,325.000,275.000,-1,275.000,150.000,825.000,425.000,500.000,350.000,575.000,1,1,1,1,1,1,1,1,0,2,0,0,0,1,1,1,1
135,-6835.028,-3507.356,245.163,-6.965,0.992552,0.121212,-0.012162,-0.121494,0.992250,-0.026044,0.008911,0.027328,0.999587,0,0.88335,1.00000,53.001,2.000,250.000,325.000,500.000,400.000,575.000,325.000,350.000,325.000,275.000,-1,250.000,100.000,750.000,375.000,450.000,325.000,500.000,1,1,1,1,1,1,1,1,0,2,0,0,0,1,1,1,1
136,-6782.144,-3511.946,244.943,-4.965,0.996072,0.086484,-0.019027,-0.087109,0.995587,-0.034922,0.015923,0.036442,0.999209,0,0.88472,1.00000,53.083,2.000,250.000,300.000,450.000,350.000,500.000,300.000,325.000,300.000,275.000,-1,225.000,100.000,700.000,350.000,400.000,300.000,450.000,1,1,1,1,1,1,1,1,0,2,0,0,0,1,1,1,1
