timestep,x_cm,y_cm,z_cm,yaw_deg,basis_xx,basis_xy,basis_xz,basis_yx,basis_yy,basis_yz,basis_zx,basis_zy,basis_zz,teleport_flag,throttle_cmd,steering_cmd,cmd_move_cm,cmd_turn_deg,lidar_cm_0,lidar_cm_1,lidar_cm_2,lidar_cm_3,lidar_cm_4,lidar_cm_5,lidar_cm_6,lidar_cm_7,lidar_cm_8,lidar_cm_9,lidar_cm_10,lidar_cm_11,lidar_cm_12,lidar_cm_13,lidar_cm_14,lidar_cm_15,lidar_cm_16,lidar_class_0,lidar_class_1,lidar_class_2,lidar_class_3,lidar_class_4,lidar_class_5,lidar_class_6,lidar_class_7,lidar_class_8,lidar_class_9,lidar_class_10,lidar_class_11,lidar_class_12,lidar_class_13,lidar_class_14,lidar_class_15,lidar_class_16
0,323.783,-1637.472,-428.520,150.495,-0.869143,-0.492291,-0.047322,0.493083,-0.869961,-0.006035,-0.038197,-0.028579,0.998861,1,0.08000,0.12000,4.800,0.240,-1,375.000,-1,375.000,-1,325.000,325.000,300.000,300.000,-1,-1,-1,-1,675.000,700.000,-1,950.000,2,0,2,0,2,0,0,0,0,2,2,2,2,0,1,2,1
1,315.389,-1632.815,-428.853,150.975,-0.873249,-0.484989,-0.047125,0.485776,-0.874061,-0.006232,-0.038167,-0.028334,0.998870,0,0.16000,0.24000,9.600,0.480,-1,375.000,-1,375.000,-1,325.000,325.000,300.000,300.000,-1,-1,-1,-1,650.000,700.000,-1,950.000,2,0,2,0,2,0,0,0,0,2,2,2,2,0,1,2,1
2,302.711,-1625.987,-429.361,151.695,-0.879294,-0.473973,-0.046812,0.474752,-0.880096,-0.006519,-0.038109,-0.027956,0.998882,0,0.24000,0.36000,14.400,0.720,-1,375.000,-1,375.000,-1,325.000,325.000,300.000,300.000,-1,-1,-1,-1,650.000,700.000,-1,925.000,2,0,2,0,2,0,0,0,0,2,2,2,2,0,1,2,1
3,285.681,-1617.120,-430.056,152.496,-0.885854,-0.461641,-0.046371,0.462410,-0.886639,-0.006882,-0.037937,-0.027538,0.998901,0,0.32000,0.40009,19.200,0.800,-1,375.000,-1,375.000,-1,325.000,325.000,300.000,300.000,-1,-1,-1,-1,650.000,675.000,-1,900.000,2,0,2,0,2,0,0,0,0,2,2,2,2,0,1,2,1
4,264.241,-1606.334,-430.948,153.294,-0.892234,-0.449246,-0.045790,0.450005,-0.892996,-0.007311,-0.037606,-0.027128,0.998924,0,0.40000,0.39921,24.000,0.798,-1,375.000,-1,375.000,-1,325.000,325.000,300.000,300.000,-1,-1,-1,-1,650.000,675.000,-1,875.000,2,0,2,0,2,0,0,0,0,2,2,2,2,0,1,2,1
5,238.336,-1593.749,-432.044,154.090,-0.898431,-0.436798,-0.045056,0.437545,-0.899163,-0.007804,-0.037104,-0.026725,0.998954,0,0.48000,0.39814,28.800,0.796,-1,375.000,-1,375.000,975.000,325.000,325.000,300.000,300.000,-1,-1,-1,-1,650.000,675.000,-1,850.000,2,0,2,0,1,0,0,0,0,2,2,2,2,0,1,2,1
6,207.914,-1579.488,-433.350,154.884,-0.904443,-0.424304,-0.044155,0.425038,-0.905137,-0.008358,-0.036420,-0.026327,0.998990,0,0.56000,0.39686,33.600,0.794,-1,375.000,-1,375.000,900.000,300.000,325.000,300.000,300.000,-1,-1,-1,-1,650.000,650.000,-1,800.000,2,0,2,0,1,0,0,0,0,2,2,2,2,0,1,2,1
7,172.923,-1563.670,-434.872,155.675,-0.910266,-0.411777,-0.043072,0.412496,-0.910915,-0.008972,-0.035541,-0.025934,0.999032,0,0.64000,0.39535,38.400,0.791,-1,375.000,-1,375.000,850.000,300.000,325.000,300.000,300.000,-1,-1,-1,-1,650.000,650.000,-1,775.000,2,0,2,0,1,0,0,0,0,2,2,2,2,0,1,2,1
8,133.318,-1546.418,-436.575,156.462,-0.915895,-0.399230,-0.041853,0.399925,-0.916500,-0.009426,-0.034595,-0.025371,0.999079,0,0.72000,0.39357,43.200,0.787,-1,375.000,-1,375.000,775.000,300.000,325.000,300.000,300.000,-1,-1,-1,-1,650.000,625.000,-1,725.000,2,0,2,0,1,0,0,0,0,2,2,2,2,0,1,2,1
9,89.054,-1527.851,-438.358,157.245,-0.921318,-0.386681,-0.040638,0.387329,-0.921896,-0.009195,-0.033908,-0.024212,0.999132,0,0.80000,0.39147,48.000,0.783,-1,375.000,-1,375.000,725.000,300.000,300.000,300.000,300.000,-1,-1,-1,-1,650.000,625.000,-1,675.000,2,0,2,0,1,0,0,0,0,2,2,2,2,0,1,2,1
10,40.091,-1508.091,-440.087,158.023,-0.926587,-0.374147,-0.038088,0.374695,-0.927112,-0.008188,-0.032248,-0.021858,0.999241,0,0.88000,0.38903,52.800,0.778,-1,375.000,-1,375.000,650.000,300.000,300.000,300.000,300.000,-1,725.000,625.000,-1,650.000,600.000,-1,650.000,2,0,2,0,1,0,0,0,0,2,0,0,2,0,1,2,1
11,-13.608,-1487.256,-441.853,158.795,-0.931675,-0.361639,-0.034629,0.362060,-0.932131,-0.006578,-0.029899,-0.018667,0.999379,0,0.96000,0.38618,57.600,0.772,-1,375.000,-1,375.000,600.000,300.000,300.000,300.000,300.000,-1,625.000,550.000,-1,650.000,600.000,-1,600.000,2,0,2,0,1,0,0,0,0,2,0,0,2,0,1,2,1
12,-67.832,-1467.047,-443.573,159.561,-0.936532,-0.349167,-0.031472,0.349484,-0.936929,-0.005017,-0.027735,-0.015698,0.999492,0,0.96446,0.38287,57.868,0.766,-1,375.000,-1,375.000,525.000,300.000,300.000,300.000,300.000,-1,575.000,525.000,-1,650.000,575.000,-1,550.000,2,0,2,0,1,0,0,0,0,2,0,0,2,0,1,2,1
13,-122.449,-1447.512,-444.818,160.320,-0.941135,-0.336739,-0.029516,0.337017,-0.941486,-0.004871,-0.026149,-0.014531,0.999552,0,0.96675,0.37927,58.005,0.759,-1,375.000,-1,375.000,475.000,300.000,300.000,300.000,300.000,-1,575.000,525.000,-1,675.000,550.000,-1,525.000,2,0,2,0,1,0,0,0,0,2,0,0,2,0,1,2,1
14,-177.430,-1428.656,-445.746,161.070,-0.945543,-0.324374,-0.027013,0.324643,-0.945816,-0.006159,-0.023552,-0.014593,0.999616,0,0.96876,0.37536,58.126,0.751,-1,375.000,-1,375.000,450.000,300.000,300.000,300.000,300.000,-1,550.000,525.000,-1,675.000,550.000,-1,475.000,2,0,2,0,1,0,0,0,0,2,0,0,2,0,1,2,1
15,-232.748,-1410.481,-446.690,161.813,-0.949736,-0.312093,-0.024461,0.312350,-0.949939,-0.007371,-0.020936,-0.014641,0.999674,0,0.97045,0.37114,58.227,0.742,-1,375.000,-1,375.000,400.000,300.000,300.000,300.000,300.000,-1,550.000,525.000,-1,675.000,525.000,-1,450.000,2,0,2,0,1,0,0,0,0,2,0,0,2,0,1,2,1
16,-288.371,-1392.992,-447.648,162.546,-0.953716,-0.299913,-0.021864,0.300151,-0.953854,-0.008507,-0.018304,-0.014675,0.999725,0,0.97179,0.36658,58.307,0.733,-1,375.000,-1,375.000,375.000,300.000,300.000,300.000,300.000,-1,550.000,500.000,-1,675.000,525.000,-1,425.000,2,0,2,0,1,0,0,0,0,2,0,0,2,0,1,2,1
17,-344.263,-1376.191,-448.621,163.269,-0.957483,-0.287847,-0.019227,0.288063,-0.957564,-0.009565,-0.015657,-0.014697,0.999769,0,0.97272,0.36167,58.363,0.723,-1,375.000,-1,375.000,325.000,300.000,300.000,300.000,300.000,-1,525.000,500.000,-1,700.000,525.000,-1,400.000,2,0,2,0,1,0,0,0,0,2,0,0,2,0,1,2,1
18,-400.388,-1360.078,-449.606,163.982,-0.961041,-0.275911,-0.016552,0.276102,-0.961071,-0.010547,-0.012998,-0.014707,0.999807,0,0.97320,0.35641,58.392,0.713,-1,375.000,-1,375.000,300.000,300.000,325.000,300.000,325.000,-1,525.000,500.000,-1,700.000,500.000,-1,375.000,2,0,2,0,1,0,0,0,0,2,0,0,2,0,1,2,1
19,-456.705,-1344.654,-450.603,164.683,-0.964390,-0.264123,-0.013846,0.264284,-0.964377,-0.011453,-0.010327,-0.014704,0.999839,0,0.97318,0.35078,58.391,0.702,-1,375.000,-1,375.000,275.000,325.000,325.000,300.000,300.000,-1,525.000,500.000,-1,700.000,500.000,-1,325.000,2,0,2,1,1,0,0,0,1,2,0,0,2,0,1,2,1
20,-513.170,-1329.917,-451.612,165.373,-0.967534,-0.252498,-0.011111,0.252627,-0.967486,-0.012282,-0.007648,-0.014690,0.999863,0,0.97261,0.34478,58.357,0.690,-1,375.000,-1,375.000,250.000,325.000,325.000,300.000,275.000,-1,475.000,450.000,-1,725.000,500.000,-1,300.000,2,0,2,1,1,0,0,0,1,2,0,0,2,0,1,2,1
21,-569.738,-1315.865,-452.630,166.050,-0.970476,-0.241052,-0.008352,0.241145,-0.970401,-0.013036,-0.004962,-0.014665,0.999880,0,0.97145,0.33842,58.287,0.677,-1,375.000,-1,375.000,225.000,325.000,325.000,300.000,250.000,-1,400.000,375.000,-1,725.000,500.000,-1,275.000,2,0,2,1,1,0,0,0,1,2,0,0,2,0,1,2,1
22,-626.359,-1302.494,-453.268,166.713,-0.973216,-0.229805,-0.006279,0.229866,-0.973149,-0.011931,-0.003369,-0.013055,0.999909,0,0.96964,0.33169,58.179,0.663,-1,375.000,-1,375.000,200.000,325.000,325.000,300.000,225.000,-1,400.000,375.000,-1,725.000,475.000,-1,275.000,2,0,2,1,1,0,0,0,1,2,0,0,2,0,1,2,1
23,-678.398,-1290.611,-453.175,167.137,-0.974903,-0.222607,-0.003242,0.222631,-0.974818,-0.012883,-0.000293,-0.013282,0.999912,0,0.88964,0.21169,53.379,0.423,-1,400.000,-1,375.000,175.000,325.000,325.000,300.000,225.000,-1,400.000,375.000,-1,750.000,475.000,-1,250.000,2,0,2,1,1,0,0,0,1,2,0,0,2,0,1,2,1
24,-725.792,-1279.948,-451.969,167.320,-0.975619,-0.219471,0.000335,0.219429,-0.975459,-0.018199,0.004321,-0.017682,0.999834,0,0.80964,0.09169,48.579,0.183,-1,400.000,-1,375.000,175.000,325.000,325.000,300.000,200.000,-1,375.000,375.000,-1,800.000,475.000,-1,250.000,2,0,2,1,1,0,0,0,1,2,0,0,2,0,1,2,1
25,-772.302,-1269.436,-450.500,167.263,-0.975400,-0.220411,0.003669,0.220258,-0.975134,-0.024488,0.008976,-0.023078,0.999693,0,0.79471,-0.02831,47.683,-0.057,-1,425.000,-1,375.000,175.000,350.000,350.000,300.000,200.000,-1,350.000,375.000,-1,825.000,475.000,-1,250.000,2,0,2,1,1,0,0,0,1,2,0,0,2,0,1,2,1
26,-818.600,-1258.721,-448.821,166.967,-0.974234,-0.225419,0.007329,0.225085,-0.973822,-0.031746,0.014293,-0.029279,0.999469,0,0.79203,-0.14831,47.522,-0.297,-1,425.000,-1,375.000,175.000,350.000,350.000,300.000,200.000,-1,325.000,375.000,-1,850.000,475.000,-1,250.000,2,0,2,1,1,0,0,0,1,2,0,0,2,0,1,2,1
27,-864.638,-1247.611,-446.903,166.430,-0.972057,-0.234475,0.011258,0.233861,-0.971441,-0.040146,0.020350,-0.036391,0.999130,0,0.78932,-0.26831,47.359,-0.537,-1,450.000,-1,350.000,175.000,375.000,375.000,300.000,200.000,-1,325.000,350.000,-1,900.000,475.000,-1,225.000,2,0,2,1,1,0,0,0,1,2,0,0,2,0,1,2,1
28,-910.366,-1235.919,-444.719,165.654,-0.968756,-0.247539,0.015365,0.246517,-0.967855,-0.049861,0.027213,-0.044515,0.998638,0,0.78664,-0.38831,47.198,-0.777,-1,450.000,-1,350.000,150.000,375.000,400.000,275.000,200.000,-1,275.000,350.000,-1,950.000,475.000,-1,225.000,2,0,2,1,1,0,0,0,1,2,0,0,2,0,1,2,1
29,-955.729,-1223.459,-442.245,164.637,-0.964174,-0.264551,0.019513,0.262959,-0.962873,-0.061058,0.034942,-0.053739,0.997943,0,0.78404,-0.50831,47.042,-1.017,-1,475.000,-1,350.000,150.000,400.000,400.000,275.000,175.000,950.000,200.000,350.000,-1,-1,450.000,-1,225.000,2,0,2,1,1,0,1,0,1,0,0,0,2,2,1,2,1
30,-1000.690,-1210.133,-439.535,163.484,-0.958625,-0.283700,0.023503,0.281353,-0.956784,-0.073521,0.043345,-0.063866,0.997017,0,0.78156,-0.57641,46.894,-1.153,-1,500.000,-1,350.000,150.000,425.000,375.000,275.000,175.000,800.000,150.000,300.000,-1,-1,450.000,-1,200.000,2,0,2,1,1,0,1,0,1,0,0,0,2,2,1,2,1
31,-1045.233,-1195.949,-436.672,162.329,-0.952695,-0.302707,0.027213,0.299421,-0.950161,-0.086845,0.052146,-0.074589,0.995850,0,0.77908,-0.57762,46.745,-1.155,-1,525.000,-1,325.000,150.000,450.000,375.000,275.000,175.000,675.000,125.000,275.000,-1,-1,475.000,-1,200.000,2,0,2,1,1,0,1,0,1,0,0,0,2,2,1,2,1
32,-1089.328,-1180.922,-433.657,161.172,-0.946401,-0.321543,0.030591,0.317119,-0.942990,-0.101026,0.061331,-0.085910,0.994413,0,0.77640,-0.57870,46.584,-1.157,-1,550.000,-1,325.000,150.000,475.000,375.000,250.000,175.000,575.000,100.000,250.000,-1,-1,500.000,-1,200.000,2,0,2,1,1,0,1,0,1,0,0,0,2,2,1,2,1
33,-1132.950,-1165.065,-430.491,160.012,-0.939760,-0.340180,0.033580,0.334403,-0.935257,-0.116053,0.070885,-0.097833,0.992675,0,0.77353,-0.57965,46.412,-1.159,-1,575.000,-1,325.000,150.000,500.000,375.000,250.000,175.000,500.000,75.000,225.000,-1,-1,625.000,-1,175.000,2,0,2,1,1,1,1,0,1,0,0,0,2,2,1,2,1
34,-1176.073,-1148.395,-427.176,158.851,-0.932797,-0.358587,0.036126,0.351230,-0.926950,-0.131913,0.080790,-0.110359,0.990603,0,0.77051,-0.58047,46.231,-1.161,-1,625.000,-1,325.000,125.000,500.000,375.000,250.000,175.000,425.000,50.000,225.000,-1,-1,-1,-1,175.000,2,0,2,1,1,1,1,0,1,0,0,0,2,2,2,2,1
35,-1218.676,-1130.927,-423.664,157.689,-0.925536,-0.376738,0.038103,0.367595,-0.918078,-0.148350,0.090871,-0.123296,0.988201,0,0.76735,-0.58115,46.041,-1.162,-1,650.000,-1,350.000,125.000,500.000,375.000,250.000,175.000,375.000,50.000,200.000,-1,-1,-1,-1,175.000,2,0,2,1,1,1,1,0,1,0,0,0,2,2,2,2,1
36,-4919.489,3607.628,-452.624,-45.581,0.700147,0.713981,0.005032,-0.713151,0.699641,-0.043792,-0.034787,0.027072,0.999028,1,0.00000,0.00000,45.845,-1.163,800.000,350.000,-1,400.000,-1,300.000,325.000,300.000,300.000,-1,450.000,300.000,450.000,625.000,775.000,950.000,-1,0,0,2,0,2,0,0,0,0,2,0,0,1,0,0,0,2
37,-4916.115,3604.213,-452.758,-45.341,0.703134,0.711041,0.004816,-0.710225,0.702623,-0.043606,-0.034390,0.027241,0.999037,0,0.08000,0.12000,4.800,0.240,800.000,350.000,-1,400.000,-1,300.000,325.000,300.000,300.000,-1,450.000,300.000,450.000,625.000,775.000,950.000,-1,0,0,2,0,2,0,0,0,0,2,0,0,1,0,0,0,2
38,-4909.310,3597.442,-453.023,-44.861,0.709071,0.705123,0.004376,-0.704337,0.708548,-0.043234,-0.033586,0.027573,0.999055,0,0.16000,0.24000,9.600,0.480,800.000,350.000,-1,400.000,-1,300.000,325.000,300.000,300.000,-1,450.000,300.000,450.000,625.000,775.000,925.000,-1,0,0,2,0,2,0,0,0,0,2,0,0,1,0,0,0,2
39,-4898.976,3587.414,-453.415,-44.141,0.717882,0.696155,0.003698,-0.695412,0.717343,-0.042673,-0.032359,0.028062,0.999082,0,0.24000,0.36000,14.400,0.720,800.000,350.000,-1,400.000,-1,300.000,325.000,300.000,300.000,-1,425.000,275.000,475.000,625.000,775.000,925.000,-1,0,0,2,0,2,0,0,0,0,2,0,0,1,0,0,0,2
40,-4884.976,3574.275,-453.925,-43.181,0.729453,0.684026,0.002758,-0.683343,0.728893,-0.041923,-0.030687,0.028696,0.999117,0,0.32000,0.48000,19.200,0.960,800.000,350.000,-1,400.000,-1,300.000,325.000,300.000,325.000,-1,400.000,275.000,475.000,625.000,775.000,925.000,-1,0,0,2,0,2,0,0,0,0,2,0,0,1,0,0,0,2
41,-4867.195,3558.156,-454.705,-42.195,0.741136,0.671354,0.001014,-0.670757,0.740540,-0.041055,-0.028314,0.029747,0.999156,0,0.40000,0.49328,24.000,0.987,800.000,350.000,-1,400.000,-1,300.000,325.000,300.000,325.000,-1,375.000,250.000,500.000,625.000,775.000,950.000,-1,0,0,2,0,2,0,0,0,0,2,0,0,1,0,0,0,2
42,-4845.526,3539.185,-455.495,-41.205,0.752651,0.658418,-0.001389,-0.657904,0.751977,-0.041147,-0.026047,0.031883,0.999152,0,0.48000,0.49490,28.800,0.990,825.000,350.000,-1,400.000,-1,300.000,325.000,300.000,325.000,-1,375.000,225.000,525.000,625.000,775.000,950.000,-1,0,0,2,0,2,0,0,0,0,2,0,0,1,0,0,0,2
43,-4819.867,3517.493,-456.306,-40.211,0.763987,0.645218,-0.004160,-0.644792,0.763214,-0.041800,-0.023795,0.034617,0.999117,0,0.56000,0.49690,33.600,0.994,850.000,350.000,-1,400.000,-1,300.000,325.000,300.000,325.000,-1,350.000,225.000,550.000,625.000,775.000,975.000,-1,0,0,2,0,2,0,0,0,0,2,0,0,1,0,0,0,2
44,-4790.113,3493.218,-457.193,-39.212,0.775139,0.631749,-0.007268,-0.631430,0.774257,-0.042687,-0.021340,0.037677,0.999062,0,0.64000,0.49929,38.400,0.999,875.000,350.000,-1,400.000,-1,300.000,325.000,300.000,325.000,-1,350.000,225.000,575.000,625.000,775.000,1000.000,-1,0,0,2,0,2,0,0,0,0,2,0,0,1,0,0,0,2
45,-4756.167,3466.500,-458.141,-38.208,0.786105,0.618001,-0.010701,-0.617811,0.785105,-0.043814,-0.018676,0.041054,0.998982,0,0.72000,0.50208,43.200,1.004,900.000,350.000,-1,400.000,-1,300.000,325.000,300.000,325.000,-1,350.000,225.000,600.000,625.000,750.000,-1,-1,0,0,2,0,2,0,0,0,0,2,0,0,1,0,0,2,2
46,-4717.931,3437.482,-459.140,-37.198,0.796882,0.603962,-0.014448,-0.603928,0.795756,-0.045190,-0.015796,0.044737,0.998874,0,0.80000,0.50529,48.000,1.011,925.000,350.000,-1,400.000,-1,300.000,325.000,300.000,325.000,-1,375.000,225.000,625.000,625.000,750.000,-1,-1,0,0,2,0,2,0,0,0,0,2,0,0,1,0,0,2,2
47,-4677.625,3408.007,-460.051,-36.180,0.807467,0.589619,-0.018631,-0.589779,0.806207,-0.046813,-0.012581,0.048788,0.998730,0,0.83224,0.50894,49.935,1.018,975.000,350.000,-1,400.000,-1,300.000,325.000,300.000,325.000,-1,375.000,225.000,675.000,625.000,750.000,-1,-1,0,0,2,0,2,0,0,0,0,2,0,0,1,0,0,2,2
48,-4636.701,3379.192,-460.617,-35.154,0.817837,0.574940,-0.024212,-0.575389,0.816413,-0.048959,-0.008382,0.053972,0.998507,0,0.83418,0.51281,50.051,1.026,-1,350.000,-1,400.000,-1,300.000,325.000,300.000,325.000,-1,375.000,225.000,700.000,625.000,725.000,-1,-1,2,0,2,0,2,0,0,0,0,2,0,0,1,0,0,2,2
49,-4597.340,3352.278,-461.110,-34.369,0.825566,0.563537,-0.029420,-0.564286,0.823994,-0.051141,-0.004578,0.058822,0.998258,0,0.79472,0.39281,47.683,0.786,-1,375.000,-1,400.000,-1,300.000,325.000,325.000,325.000,-1,375.000,225.000,725.000,650.000,725.000,-1,-1,2,0,2,0,2,0,0,0,0,2,0,0,1,0,0,2,2
50,-4557.610,3325.663,-461.587,-33.823,0.830799,0.555500,-0.034534,-0.556571,0.829076,-0.053495,-0.001085,0.063664,0.997971,0,0.79702,0.27281,47.821,0.546,-1,375.000,-1,400.000,-1,300.000,325.000,325.000,325.000,-1,375.000,225.000,775.000,650.000,725.000,-1,-1,2,0,2,0,2,0,0,0,0,2,0,0,1,0,0,2,2
51,-4517.612,3299.177,-462.069,-33.517,0.833639,0.550892,-0.039565,-0.552307,0.831758,-0.056000,0.002059,0.068535,0.997647,0,0.79953,0.15281,47.972,0.306,-1,375.000,-1,400.000,-1,300.000,325.000,325.000,300.000,-1,375.000,250.000,800.000,675.000,725.000,-1,-1,2,0,2,0,2,0,0,0,0,2,0,0,1,0,0,2,2
52,-4477.452,3272.647,-461.812,-33.452,0.834238,0.549856,-0.041301,-0.551398,0.832264,-0.057426,0.002797,0.070680,0.997495,0,0.80220,0.03281,48.132,0.066,-1,375.000,-1,375.000,-1,300.000,300.000,325.000,300.000,-1,425.000,300.000,825.000,675.000,725.000,-1,-1,2,0,2,0,2,0,0,0,0,2,0,0,1,0,0,2,2
53,-4436.939,3245.705,-461.557,-33.626,0.832533,0.552303,-0.043022,-0.553967,0.830461,-0.058789,0.003259,0.072777,0.997343,0,0.81090,-0.08719,48.654,-0.174,-1,375.000,-1,375.000,-1,300.000,300.000,325.000,300.000,-1,475.000,325.000,875.000,675.000,725.000,-1,-1,2,0,2,0,2,0,0,0,0,2,0,0,1,0,0,2,2
54,-4396.544,3218.419,-461.324,-34.041,0.828492,0.558210,-0.044742,-0.559990,0.826319,-0.060067,0.003441,0.074820,0.997191,0,0.81244,-0.20719,48.747,-0.414,-1,375.000,-1,375.000,-1,300.000,300.000,300.000,300.000,-1,525.000,375.000,900.000,675.000,725.000,-1,-1,2,0,2,0,2,0,0,0,0,2,0,0,1,0,0,2,2
55,-4356.278,3190.761,-460.893,-34.486,0.824057,0.564588,-0.046589,-0.566487,0.821923,-0.059461,0.004721,0.075391,0.997143,0,0.81415,-0.22254,48.849,-0.445,-1,375.000,-1,375.000,-1,300.000,300.000,300.000,300.000,-1,550.000,425.000,950.000,675.000,725.000,-1,-1,2,0,2,0,2,0,0,0,0,2,0,0,1,0,0,2,2
56,-4316.138,3162.734,-460.562,-34.924,0.819621,0.570855,-0.048424,-0.572871,0.817564,-0.058371,0.006268,0.075583,0.997120,0,0.81594,-0.21933,48.956,-0.439,-1,375.000,-1,375.000,-1,300.000,325.000,300.000,300.000,-1,575.000,450.000,975.000,675.000,725.000,-1,-1,2,0,2,0,2,0,0,0,0,2,0,0,1,0,0,2,2
57,-4276.120,3134.341,-460.252,-35.356,0.815201,0.576998,-0.050209,-0.579126,0.813224,-0.057267,0.007788,0.075762,0.997096,0,0.81778,-0.21608,49.067,-0.432,-1,375.000,-1,400.000,-1,300.000,325.000,300.000,300.000,-1,600.000,475.000,-1,700.000,750.000,-1,-1,2,0,2,0,2,0,0,0,0,2,0,0,2,0,0,2,2
58,-4236.221,3105.585,-459.963,-35.782,0.810799,0.583015,-0.051945,-0.585251,0.808906,-0.056151,0.009282,0.075928,0.997070,0,0.81969,-0.21279,49.181,-0.426,-1,375.000,-1,400.000,-1,300.000,325.000,300.000,300.000,-1,625.000,500.000,-1,700.000,750.000,-1,-1,2,0,2,0,2,0,0,0,0,2,0,0,2,0,0,2,2
59,-4196.439,3076.468,-459.695,-36.201,0.806419,0.588907,-0.053630,-0.591247,0.804612,-0.055023,0.010748,0.076080,0.997044,0,0.82165,-0.20948,49.299,-0.419,-1,375.000,-1,400.000,-1,325.000,325.000,300.000,300.000,-1,650.000,500.000,-1,700.000,750.000,-1,-1,2,0,2,0,2,0,0,0,0,2,0,0,2,0,0,2,2
60,-4156.770,3046.994,-459.348,-36.613,0.802079,0.594657,-0.055245,-0.597100,0.800321,-0.054392,0.011870,0.076613,0.996990,0,0.82367,-0.20613,49.420,-0.412,-1,375.000,-1,400.000,-1,325.000,325.000,300.000,325.000,-1,575.000,475.000,-1,725.000,750.000,-1,-1,2,0,2,0,2,0,0,0,0,2,0,0,2,0,0,2,2
61,-4117.211,3017.166,-458.742,-37.019,0.797810,0.600229,-0.056773,-0.602788,0.795991,-0.055192,0.012063,0.078254,0.996860,0,0.82573,-0.20275,49.544,-0.405,-1,375.000,-1,400.000,-1,325.000,325.000,300.000,325.000,-1,575.000,500.000,-1,725.000,750.000,-1,-1,2,0,2,0,2,0,0,0,0,2,0,0,2,0,0,2,2
62,-4077.759,2986.986,-458.162,-37.417,0.793574,0.605676,-0.058278,-0.608350,0.791694,-0.055946,0.012253,0.079851,0.996732,0,0.82785,-0.19934,49.671,-0.399,-1,375.000,-1,400.000,-1,325.000,325.000,300.000,325.000,-1,600.000,500.000,-1,725.000,750.000,-1,-1,2,0,2,0,2,0,0,0,0,2,0,0,2,0,0,2,2
63,-4038.412,2956.458,-457.609,-37.809,0.789373,0.610999,-0.059760,-0.613788,0.787435,-0.056656,0.012440,0.081403,0.996604,0,0.83001,-0.19589,49.801,-0.392,-1,375.000,-1,400.000,-1,325.000,325.000,300.000,325.000,-1,625.000,525.000,-1,725.000,750.000,-1,-1,2,0,2,0,2,0,0,0,0,2,0,0,2,0,0,2,2
64,-3999.167,2925.584,-457.101,-38.194,0.785196,0.616186,-0.061495,-0.619114,0.783201,-0.057387,0.012802,0.083132,0.996456,0,0.83222,-0.19242,49.933,-0.385,-1,375.000,-1,400.000,-1,325.000,325.000,300.000,325.000,-1,650.000,550.000,-1,750.000,750.000,-1,-1,2,0,2,0,2,0,0,0,0,2,0,0,2,0,0,2,2
65,-3960.111,2894.433,-456.646,-38.578,0.780997,0.621326,-0.063220,-0.624395,0.778947,-0.058073,0.013162,0.084829,0.996309,0,0.83263,-0.19179,49.958,-0.384,-1,400.000,-1,400.000,-1,325.000,325.000,300.000,325.000,-1,675.000,550.000,-1,750.000,750.000,-1,-1,2,0,2,0,2,0,0,0,0,2,0,0,2,0,0,2,2
66,-3921.263,2863.021,-456.221,-38.961,0.776764,0.626438,-0.064904,-0.629647,0.774660,-0.058710,0.013500,0.086471,0.996163,0,0.83263,-0.19179,49.958,-0.384,-1,400.000,-1,400.000,-1,325.000,325.000,300.000,300.000,-1,675.000,575.000,-1,750.000,750.000,-1,-1,2,0,2,0,2,0,0,0,0,2,0,0,2,0,0,2,2
67,-3882.628,2831.350,-455.829,-39.345,0.772497,0.631522,-0.066546,-0.634868,0.770341,-0.059299,0.013814,0.088056,0.996020,0,0.83263,-0.19179,49.958,-0.384,-1,400.000,-1,400.000,-1,325.000,325.000,300.000,300.000,-1,700.000,575.000,-1,775.000,750.000,-1,-1,2,0,2,0,2,0,0,0,0,2,0,0,2,0,0,2,2
68,-3844.205,2799.420,-455.328,-39.728,0.768228,0.636607,-0.067508,-0.640030,0.766026,-0.059710,0.013701,0.089078,0.995930,0,0.83263,-0.19179,49.958,-0.384,-1,400.000,-1,400.000,-1,325.000,325.000,300.000,300.000,-1,725.000,600.000,-1,775.000,750.000,-1,-1,2,0,2,0,2,0,0,0,0,2,0,0,2,0,0,2,2
69,-3805.998,2767.233,-454.679,-40.112,0.763968,0.641703,-0.067603,-0.645123,0.761726,-0.059921,0.013043,0.089390,0.995911,0,0.83263,-0.19179,49.958,-0.384,-1,400.000,-1,400.000,-1,325.000,325.000,300.000,300.000,-1,800.000,650.000,-1,775.000,750.000,-1,-1,2,0,2,0,2,0,0,0,0,2,0,0,2,0,0,2,2
70,-3768.007,2734.791,-454.066,-40.495,0.759675,0.646773,-0.067668,-0.650185,0.757394,-0.060110,0.012374,0.089661,0.995896,0,0.83263,-0.19179,49.958,-0.384,-1,400.000,-1,400.000,-1,325.000,325.000,300.000,300.000,-1,850.000,725.000,-1,775.000,725.000,-1,-1,2,0,2,0,2,0,0,0,0,2,0,0,2,0,0,2,2
71,-3733.921,2705.170,-453.553,-40.991,0.754078,0.653287,-0.067695,-0.656683,0.751755,-0.060259,0.011523,0.089894,0.995885,0,0.75263,-0.24782,45.158,-0.496,-1,400.000,-1,400.000,-1,325.000,325.000,300.000,300.000,-1,900.000,775.000,-1,775.000,725.000,-1,-1,2,0,2,0,2,0,0,0,0,2,0,0,2,0,0,2,2
72,-3703.688,2678.435,-453.085,-41.487,0.748418,0.659764,-0.067686,-0.663139,0.746074,-0.060165,0.010804,0.089913,0.995891,0,0.67263,-0.24782,40.358,-0.496,-1,400.000,-1,400.000,-1,325.000,325.000,300.000,300.000,-1,950.000,825.000,-1,775.000,725.000,-1,-1,2,0,2,0,2,0,0,0,0,2,0,0,2,0,0,2,2
73,-3677.256,2654.650,-452.679,-41.982,0.742700,0.666199,-0.067649,-0.669548,0.740346,-0.059952,0.010143,0.089820,0.995906,0,0.59263,-0.24782,35.558,-0.496,-1,400.000,-1,400.000,-1,325.000,325.000,300.000,300.000,-1,1000.000,875.000,-1,775.000,725.000,-1,-1,2,0,2,0,2,0,0,0,0,2,0,0,2,0,0,2,2
74,-3654.571,2633.879,-452.360,-42.478,0.736928,0.672583,-0.067597,-0.675905,0.734560,-0.059780,0.009447,0.089743,0.995920,0,0.51263,-0.24782,30.758,-0.496,-1,400.000,-1,400.000,-1,325.000,325.000,300.000,300.000,-1,-1,900.000,-1,775.000,725.000,-1,-1,2,0,2,0,2,0,0,0,0,2,2,0,2,0,0,2,2
75,-3635.579,2616.184,-452.112,-42.974,0.731103,0.678917,-0.067536,-0.682212,0.728720,-0.059622,0.008736,0.089663,0.995934,0,0.43263,-0.24782,25.958,-0.496,-1,400.000,-1,375.000,-1,325.000,325.000,300.000,300.000,-1,-1,950.000,-1,775.000,725.000,-1,-1,2,0,2,0,2,0,0,0,0,2,2,0,2,0,0,2,2
76,-3620.223,2601.628,-451.927,-43.469,0.725224,0.685200,-0.067470,-0.688467,0.722825,-0.059482,0.008012,0.089588,0.995947,0,0.35263,-0.24782,21.158,-0.496,-1,400.000,-1,375.000,-1,325.000,325.000,300.000,300.000,-1,-1,975.000,-1,775.000,725.000,-1,-1,2,0,2,0,2,0,0,0,0,2,2,0,2,0,0,2,2
77,-3608.450,2590.271,-451.797,-43.965,0.719291,0.691431,-0.067405,-0.694670,0.716874,-0.059366,0.007274,0.089526,0.995958,0,0.27263,-0.24782,16.358,-0.496,-1,400.000,-1,375.000,-1,325.000,325.000,300.000,300.000,-1,-1,1000.000,-1,775.000,725.000,-1,-1,2,0,2,0,2,0,0,0,0,2,2,0,2,0,0,2,2
78,-3600.200,2582.176,-451.715,-44.461,0.713307,0.697609,-0.067346,-0.700822,0.710869,-0.059277,0.006522,0.089480,0.995967,0,0.19263,-0.24782,11.558,-0.496,-1,400.000,-1,375.000,-1,325.000,325.000,300.000,300.000,-1,-1,-1,-1,775.000,725.000,-1,-1,2,0,2,0,2,0,0,0,0,2,2,2,2,0,0,2,2
79,-3595.418,2577.400,-451.672,-44.956,0.707270,0.703734,-0.067295,-0.706921,0.704810,-0.059218,0.005756,0.089455,0.995974,0,0.11263,-0.24782,6.758,-0.496,-1,400.000,-1,375.000,-1,325.000,325.000,300.000,300.000,-1,-1,-1,-1,775.000,725.000,-1,-1,2,0,2,0,2,0,0,0,0,2,2,2,2,0,0,2,2
80,-3594.045,2576.005,-451.663,-45.452,0.701181,0.709804,-0.067255,-0.712966,0.698696,-0.059190,0.004977,0.089454,0.995979,0,0.03263,-0.24782,1.958,-0.496,-1,400.000,-1,375.000,-1,325.000,325.000,300.000,300.000,-1,-1,-1,-1,775.000,725.000,-1,-1,2,0,2,0,2,0,0,0,0,2,2,2,2,0,0,2,2
81,-3596.021,2578.047,-451.677,-45.948,0.695041,0.715820,-0.067228,-0.718958,0.692528,-0.059195,0.004185,0.089477,0.995980,0,-0.04737,-0.24782,-2.842,-0.496,-1,400.000,-1,375.000,-1,325.000,325.000,300.000,300.000,-1,-1,-1,-1,775.000,725.000,-1,-1,2,0,2,0,2,0,0,0,0,2,2,2,2,0,0,2,2
82,-3594.666,2576.634,-451.669,-46.203,0.691853,0.718904,-0.067205,-0.722028,0.689328,-0.059175,0.003785,0.089464,0.995983,0,0.03263,-0.12782,1.958,-0.256,-1,400.000,-1,375.000,-1,325.000,325.000,300.000,300.000,-1,-1,-1,-1,775.000,725.000,-1,-1,2,0,2,0,2,0,0,0,0,2,2,2,2,0,0,2,2
83,-3589.990,2571.755,-451.640,-46.219,0.691657,0.719095,-0.067184,-0.722217,0.689135,-0.059131,0.003778,0.089420,0.995987,0,0.11263,-0.00782,6.758,-0.016,-1,400.000,-1,375.000,-1,325.000,325.000,300.000,300.000,-1,-1,-1,-1,775.000,725.000,-1,-1,2,0,2,0,2,0,0,0,0,2,2,2,2,0,0,2,2
84,-3581.961,2563.442,-451.584,-45.994,0.694454,0.716396,-0.067165,-0.719525,0.691950,-0.059060,0.004165,0.089342,0.995992,0,0.19263,0.11218,11.558,0.224,-1,400.000,-1,375.000,-1,325.000,325.000,300.000,300.000,-1,-1,-1,-1,775.000,725.000,-1,-1,2,0,2,0,2,0,0,0,0,2,2,2,2,0,0,2,2
85,-3570.502,2551.769,-451.488,-45.530,0.700211,0.710770,-0.067152,-0.713919,0.697739,-0.058993,0.004924,0.089249,0.995997,0,0.27263,0.23218,16.358,0.464,-1,400.000,-1,375.000,-1,325.000,325.000,300.000,300.000,-1,-1,-1,-1,775.000,725.000,-1,-1,2,0,2,0,2,0,0,0,0,2,2,2,2,0,0,2,2
86,-3555.534,2536.816,-451.341,-44.971,0.707083,0.703937,-0.067132,-0.707107,0.704648,-0.058920,0.005828,0.089131,0.996003,0,0.35263,0.27949,21.158,0.559,-1,400.000,-1,375.000,-1,325.000,325.000,300.000,300.000,-1,-1,-1,-1,775.000,725.000,-1,-1,2,0,2,0,2,0,0,0,0,2,2,2,2,0,0,2,2
87,-3536.992,2518.651,-451.152,-44.412,0.713885,0.697042,-0.067087,-0.700230,0.711495,-0.058754,0.006778,0.088920,0.996016,0,0.43263,0.27949,25.958,0.559,-1,400.000,-1,375.000,-1,325.000,325.000,300.000,300.000,-1,-1,-1,-1,775.000,725.000,-1,-1,2,0,2,0,2,0,0,0,0,2,2,2,2,0,0,2,2
88,-3514.813,2497.342,-450.903,-43.853,0.720619,0.690085,-0.067020,-0.693288,0.718279,-0.058535,0.007745,0.088646,0.996033,0,0.51263,0.27949,30.758,0.559,-1,400.000,-1,375.000,-1,325.000,325.000,300.000,300.000,-1,-1,-1,-1,775.000,725.000,-1,-1,2,0,2,0,2,0,0,0,0,2,2,2,2,0,0,2,2
89,-3488.933,2472.959,-450.586,-43.294,0.727285,0.683065,-0.066928,-0.686280,0.725000,-0.058266,0.008723,0.088307,0.996055,0,0.59263,0.27949,35.558,0.559,-1,400.000,-1,375.000,-1,325.000,325.000,300.000,300.000,-1,-1,-1,-1,775.000,725.000,-1,-1,2,0,2,0,2,0,0,0,0,2,2,2,2,0,0,2,2
90,-3459.291,2445.572,-450.191,-42.735,0.733882,0.675984,-0.066806,-0.679208,0.731656,-0.057938,0.009714,0.087895,0.996082,0,0.67263,0.27949,40.358,0.559,-1,400.000,-1,375.000,-1,325.000,325.000,300.000,300.000,-1,-1,-1,-1,775.000,725.000,-1,-1,2,0,2,0,2,0,0,0,0,2,2,2,2,0,0,2,2
91,-3425.826,2415.253,-449.713,-42.176,0.740410,0.668843,-0.066651,-0.672070,0.738248,-0.057541,0.010719,0.087398,0.996116,0,0.75263,0.27949,45.158,0.559,-1,400.000,-1,375.000,-1,325.000,325.000,300.000,300.000,-1,-1,-1,-1,775.000,725.000,-1,-1,2,0,2,0,2,0,0,0,0,2,2,2,2,0,0,2,2
92,-3389.971,2383.399,-449.166,-41.617,0.746868,0.661642,-0.066466,-0.664869,0.744776,-0.057083,0.011734,0.086824,0.996155,0,0.79935,0.27949,47.961,0.559,-1,400.000,-1,375.000,-1,325.000,325.000,300.000,300.000,-1,-1,-1,-1,775.000,725.000,-1,-1,2,0,2,0,2,0,0,0,0,2,2,2,2,0,0,2,2
93,-3353.807,2351.897,-448.619,-41.058,0.753266,0.654389,-0.066067,-0.657595,0.751246,-0.056550,0.012627,0.086042,0.996211,0,0.79935,0.27949,47.961,0.559,-1,400.000,-1,375.000,-1,325.000,325.000,300.000,300.000,-1,-1,-1,-1,775.000,725.000,-1,-1,2,0,2,0,2,0,0,0,0,2,2,2,2,0,0,2,2
94,-3317.337,2320.749,-448.068,-40.499,0.759603,0.647084,-0.065474,-0.650249,0.757659,-0.055941,0.013409,0.085067,0.996285,0,0.79935,0.27949,47.961,0.559,-1,400.000,-1,375.000,-1,325.000,325.000,300.000,300.000,-1,-1,-1,-1,775.000,725.000,-1,-1,2,0,2,0,2,0,0,0,0,2,2,2,2,0,0,2,2
95,-3280.566,2289.958,-447.447,-39.940,0.765860,0.639710,-0.065035,-0.642848,0.763994,-0.055317,0.014299,0.084173,0.996349,0,0.79935,0.27949,47.961,0.559,-1,400.000,-1,375.000,-1,325.000,325.000,300.000,300.000,-1,-1,-1,-1,775.000,725.000,-1,-1,2,0,2,0,2,0,0,0,0,2,2,2,2,0,0,2,2
96,-3243.495,2259.528,-446.630,-39.381,0.772037,0.632268,-0.064772,-0.635393,0.770250,-0.054689,0.015312,0.083377,0.996400,0,0.79935,0.27949,47.961,0.559,-1,400.000,-1,375.000,-1,325.000,325.000,300.000,300.000,-1,-1,-1,-1,800.000,750.000,-1,-1,2,0,2,0,2,0,0,0,0,2,2,2,2,0,0,2,2
97,-3206.130,2229.460,-445.742,-38.822,0.778150,0.624774,-0.064348,-0.627869,0.776444,-0.053987,0.016233,0.082413,0.996466,0,0.79935,0.27949,47.961,0.559,-1,400.000,-1,375.000,-1,325.000,325.000,300.000,300.000,-1,-1,-1,-1,800.000,750.000,-1,-1,2,0,2,0,2,0,0,0,0,2,2,2,2,0,0,2,2
98,-3164.568,2196.960,-444.725,-38.023,0.786756,0.613943,-0.063939,-0.617014,0.785154,-0.053168,0.017560,0.081281,0.996537,0,0.87935,0.39949,52.761,0.799,-1,400.000,-1,375.000,-1,325.000,325.000,300.000,300.000,-1,-1,-1,-1,800.000,750.000,-1,-1,2,0,2,0,2,0,0,0,0,2,2,2,2,0,0,2,2
99,-3121.044,2164.180,-443.594,-36.984,0.797724,0.599671,-0.063491,-0.602716,0.796244,-0.052245,0.019225,0.079945,0.996614,0,0.90813,0.51949,54.488,1.039,-1,400.000,-1,400.000,-1,325.000,325.000,300.000,300.000,-1,-1,-1,-1,825.000,750.000,-1,-1,2,0,2,0,2,0,0,0,0,2,2,2,2,0,0,2,2
100,-3076.800,2132.379,-442.363,-35.705,0.810872,0.581820,-0.063028,-0.584839,0.809529,-0.051239,0.021211,0.078410,0.996696,0,0.90813,0.63949,54.488,1.279,-1,400.000,-1,400.000,-1,325.000,325.000,300.000,300.000,-1,-1,-1,-1,825.000,775.000,-1,-1,2,0,2,0,2,0,0,0,0,2,2,2,2,0,0,2,2
101,-3031.739,2101.747,-441.198,-34.207,0.825793,0.560501,-0.062495,-0.563507,0.824535,-0.051011,0.022938,0.077341,0.996741,0,0.90813,0.74915,54.488,1.498,-1,400.000,-1,400.000,-1,325.000,325.000,300.000,300.000,-1,-1,-1,-1,825.000,775.000,-1,-1,2,0,2,0,2,0,0,0,0,2,2,2,2,0,0,2,2
102,-2985.892,2072.303,-439.940,-32.709,0.840158,0.538795,-0.061923,-0.541785,0.838979,-0.050833,0.024563,0.076256,0.996786,0,0.90813,0.74915,54.488,1.498,-1,400.000,-1,400.000,-1,325.000,325.000,300.000,300.000,-1,-1,-1,-1,825.000,775.000,-1,-1,2,0,2,0,2,0,0,0,0,2,2,2,2,0,0,2,2
103,-2939.291,2044.068,-438.574,-31.210,0.853957,0.516719,-0.061317,-0.519687,0.852855,-0.050632,0.026132,0.075103,0.996833,0,0.90813,0.74915,54.488,1.498,-1,400.000,-1,400.000,-1,325.000,325.000,300.000,300.000,-1,-1,-1,-1,825.000,775.000,-1,-1,2,0,2,0,2,0,0,0,0,2,2,2,2,0,0,2,2
104,-2891.804,2016.964,-437.097,-29.715,0.867156,0.494327,-0.060677,-0.497269,0.866131,-0.050406,0.027637,0.073882,0.996884,0,0.91132,0.74785,54.679,1.496,-1,400.000,-1,400.000,-1,325.000,325.000,300.000,300.000,-1,-1,-1,-1,850.000,800.000,-1,-1,2,0,2,0,2,0,0,0,0,2,2,2,2,0,0,2,2
105,-2843.453,1991.014,-435.508,-28.222,0.879744,0.471646,-0.060006,-0.474557,0.878795,-0.050148,0.029081,0.072593,0.996938,0,0.91459,0.74621,54.875,1.492,-1,400.000,-1,400.000,-1,325.000,325.000,300.000,300.000,-1,-1,-1,-1,850.000,800.000,-1,-1,2,0,2,0,2,0,0,0,0,2,2,2,2,0,0,2,2
106,-2794.279,1966.244,-433.812,-26.734,0.891713,0.448700,-0.059301,-0.451576,0.890837,-0.049878,0.030447,0.071256,0.996993,0,0.91769,0.74432,55.062,1.489,-1,400.000,-1,400.000,-1,325.000,325.000,300.000,300.000,-1,-1,-1,-1,850.000,800.000,-1,-1,2,0,2,0,2,0,0,0,0,2,2,2,2,0,0,2,2
107,-2748.909,1944.617,-432.245,-25.485,0.901288,0.429225,-0.058705,-0.432060,0.900495,-0.049327,0.031691,0.069822,0.997056,0,0.83769,0.62432,50.262,1.249,-1,400.000,-1,400.000,-1,325.000,325.000,300.000,300.000,-1,-1,-1,-1,850.000,825.000,-1,-1,2,0,2,0,2,0,0,0,0,2,2,2,2,0,0,2,2
108,-2707.533,1925.781,-430.789,-24.476,0.908714,0.413345,-0.058182,-0.416138,0.907994,-0.048740,0.032683,0.068502,0.997115,0,0.75769,0.50432,45.462,1.009,-1,400.000,-1,400.000,-1,325.000,325.000,300.000,300.000,-1,-1,-1,-1,850.000,825.000,-1,-1,2,0,2,0,2,0,0,0,0,2,2,2,2,0,0,2,2
109,-2666.279,1907.663,-429.375,-23.708,0.914231,0.401167,-0.056981,-0.403868,0.913550,-0.048134,0.032745,0.067019,0.997214,0,0.75097,0.38432,45.058,0.769,-1,400.000,-1,400.000,-1,325.000,325.000,300.000,300.000,-1,-1,-1,-1,850.000,825.000,-1,-1,2,0,2,0,2,0,0,0,0,2,2,2,2,0,0,2,2
110,-2624.748,1889.880,-427.912,-23.179,0.917959,0.392755,-0.055624,-0.395357,0.917291,-0.047656,0.032306,0.065738,0.997314,0,0.75297,0.26432,45.178,0.529,-1,400.000,-1,400.000,975.000,325.000,325.000,300.000,300.000,-1,-1,-1,-1,850.000,825.000,-1,-1,2,0,2,0,1,0,0,0,0,2,2,2,2,0,0,2,2
111,-2583.021,1872.261,-426.441,-22.890,0.919996,0.388159,-0.054228,-0.390656,0.919328,-0.047151,0.031551,0.064564,0.997415,0,0.75490,0.14432,45.294,0.289,-1,400.000,-1,400.000,950.000,325.000,325.000,300.000,300.000,-1,-1,-1,-1,850.000,825.000,-1,-1,2,0,2,0,1,0,0,0,0,2,2,2,2,0,0,2,2
112,-2541.175,1854.633,-425.048,-22.842,0.920383,0.387398,-0.053084,-0.389812,0.919705,-0.046799,0.030692,0.063766,0.997493,0,0.75679,0.02432,45.407,0.049,-1,400.000,-1,400.000,900.000,325.000,325.000,300.000,300.000,-1,-1,-1,-1,850.000,825.000,-1,-1,2,0,2,0,1,0,0,0,0,2,2,2,2,0,0,2,2
113,-2499.285,1836.823,-423.753,-23.033,0.919131,0.390478,-0.052204,-0.392828,0.918429,-0.046623,0.029740,0.063360,0.997547,0,0.75865,-0.09568,45.519,-0.191,-1,400.000,-1,400.000,875.000,325.000,325.000,300.000,300.000,-1,-1,-1,-1,825.000,825.000,-1,-1,2,0,2,0,1,0,0,0,0,2,2,2,2,0,0,2,2
114,-2457.357,1818.816,-422.673,-23.242,0.917773,0.393812,-0.051044,-0.396106,0.916983,-0.047354,0.028157,0.063679,0.997573,0,0.76052,-0.10432,45.631,-0.209,-1,400.000,-1,400.000,850.000,325.000,325.000,300.000,300.000,-1,-1,-1,-1,825.000,825.000,-1,-1,2,0,2,0,1,0,0,0,0,2,2,2,2,0,0,2,2
115,-2415.397,1800.611,-421.612,-23.455,0.916372,0.397210,-0.049862,-0.399446,0.915495,-0.048086,0.026548,0.063981,0.997598,0,0.76232,-0.10649,45.739,-0.213,-1,400.000,-1,400.000,800.000,325.000,325.000,300.000,300.000,-1,-1,-1,-1,825.000,825.000,-1,975.000,2,0,2,0,1,0,0,0,0,2,2,2,2,0,0,2,1
116,-2373.412,1782.205,-420.568,-23.672,0.914928,0.400674,-0.048660,-0.402848,0.913964,-0.048811,0.024916,0.064261,0.997622,0,0.76405,-0.10873,45.843,-0.217,-1,400.000,-1,400.000,775.000,325.000,325.000,300.000,300.000,-1,-1,-1,-1,825.000,825.000,-1,950.000,2,0,2,0,1,0,0,0,0,2,2,2,2,0,0,2,1
117,-2331.408,1763.596,-419.543,-23.894,0.913436,0.404207,-0.047438,-0.406316,0.912389,-0.049531,0.023262,0.064518,0.997645,0,0.76569,-0.11105,45.942,-0.222,-1,400.000,-1,400.000,725.000,325.000,325.000,300.000,300.000,-1,-1,-1,-1,825.000,800.000,-1,900.000,2,0,2,0,1,0,0,0,0,2,2,2,2,0,0,2,1
118,-2289.392,1744.783,-418.537,-24.121,0.911897,0.407812,-0.046197,-0.409852,0.910767,-0.050245,0.021584,0.064752,0.997668,0,0.76725,-0.11346,46.035,-0.227,-1,400.000,-1,400.000,700.000,325.000,325.000,300.000,300.000,-1,-1,-1,-1,800.000,800.000,-1,875.000,2,0,2,0,1,0,0,0,0,2,2,2,2,0,0,2,1
119,-2247.373,1725.764,-417.551,-24.353,0.910306,0.411489,-0.044935,-0.413457,0.909097,-0.050954,0.019883,0.064963,0.997690,0,0.76871,-0.11596,46.123,-0.232,-1,400.000,-1,400.000,675.000,325.000,325.000,300.000,300.000,-1,-1,-1,-1,800.000,800.000,-1,825.000,2,0,2,0,1,0,0,0,0,2,2,2,2,0,1,2,1
120,-2205.359,1706.537,-416.587,-24.590,0.908663,0.415242,-0.043663,-0.417136,0.907375,-0.051663,0.018166,0.065157,0.997710,0,0.77007,-0.11854,46.204,-0.237,-1,400.000,-1,400.000,625.000,325.000,325.000,300.000,300.000,-1,-1,-1,-1,800.000,775.000,-1,800.000,2,0,2,0,1,0,0,0,0,2,2,2,2,0,1,2,1
121,-2163.359,1687.101,-415.646,-24.833,0.906963,0.419073,-0.042382,-0.420890,0.905599,-0.052372,0.016433,0.065338,0.997728,0,0.77132,-0.12122,46.279,-0.242,-1,400.000,-1,400.000,600.000,325.000,325.000,300.000,300.000,-1,-1,-1,-1,800.000,750.000,-1,750.000,2,0,2,0,1,0,0,0,0,2,2,2,2,0,1,2,1
122,-2121.382,1667.454,-414.731,-25.081,0.905205,0.422984,-0.041093,-0.424721,0.903766,-0.053083,0.014685,0.065504,0.997744,0,0.77245,-0.12400,46.347,-0.248,-1,400.000,-1,400.000,575.000,325.000,325.000,300.000,300.000,-1,-1,-1,-1,775.000,725.000,-1,700.000,2,0,2,0,1,0,0,0,0,2,2,2,2,0,1,2,1
123,-2079.439,1647.596,-413.998,-25.334,0.903369,0.426996,-0.039985,-0.428654,0.901913,-0.053002,0.013431,0.065020,0.997794,0,0.77345,-0.12688,46.407,-0.254,-1,400.000,-1,400.000,525.000,325.000,325.000,300.000,300.000,-1,-1,-1,-1,775.000,700.000,-1,675.000,2,0,2,0,1,0,0,0,0,2,2,2,2,0,1,2,1
124,-2037.540,1627.526,-413.301,-25.594,0.901469,0.431095,-0.038870,-0.432672,0.899999,-0.052877,0.012188,0.064485,0.997844,0,0.77430,-0.12987,46.458,-0.260,-1,400.000,-1,400.000,500.000,325.000,325.000,300.000,300.000,-1,-1,-1,-1,775.000,675.000,-1,650.000,2,0,2,0,1,0,0,0,0,2,2,2,2,0,1,2,1
125,-1995.696,1607.243,-412.630,-25.860,0.899501,0.435283,-0.037766,-0.436781,0.898021,-0.052736,0.010959,0.063931,0.997894,0,0.77501,-0.13297,46.500,-0.266,-1,400.000,-1,400.000,475.000,325.000,325.000,300.000,300.000,-1,-1,-1,-1,750.000,650.000,-1,600.000,2,0,2,0,1,0,0,0,0,2,2,2,2,0,1,2,1
126,-1953.920,1586.747,-411.984,-26.132,0.897462,0.439563,-0.036689,-0.440983,0.895973,-0.052588,0.009757,0.063375,0.997942,0,0.77555,-0.13618,46.533,-0.272,-1,400.000,-1,400.000,450.000,325.000,325.000,300.000,300.000,-1,-1,-1,-1,750.000,625.000,-1,575.000,2,0,2,0,1,0,0,0,0,2,2,2,2,0,1,2,1
127,-1912.225,1566.038,-411.363,-26.411,0.895349,0.443936,-0.035642,-0.445282,0.893854,-0.052432,0.008582,0.062815,0.997988,0,0.77591,-0.13951,46.555,-0.279,-1,400.000,-1,400.000,425.000,325.000,325.000,300.000,300.000,-1,-1,-1,-1,750.000,600.000,-1,525.000,2,0,2,0,1,0,0,0,0,2,2,2,2,0,1,2,1
128,-1870.623,1545.117,-410.911,-26.697,0.893142,0.448392,-0.035236,-0.449706,0.891630,-0.052548,0.007855,0.062779,0.997997,0,0.77610,-0.14295,46.566,-0.286,-1,400.000,-1,400.000,400.000,325.000,325.000,300.000,300.000,-1,-1,-1,-1,750.000,575.000,-1,500.000,2,0,2,0,1,0,0,0,0,2,2,2,2,0,1,2,1
129,-1829.130,1523.984,-410.503,-26.990,0.890844,0.452937,-0.035282,-0.454248,0.889307,-0.052840,0.007443,0.063098,0.997980,0,0.77608,-0.14652,46.565,-0.293,-1,400.000,-1,400.000,375.000,325.000,325.000,300.000,300.000,-1,-1,-1,-1,725.000,550.000,-1,450.000,2,0,2,0,1,0,0,0,0,2,2,2,2,0,1,2,1
130,-1787.760,1502.640,-410.075,-27.291,0.888459,0.457589,-0.035395,-0.458900,0.886911,-0.052920,0.007177,0.063260,0.997971,0,0.77586,-0.15020,46.552,-0.300,-1,400.000,-1,400.000,350.000,325.000,325.000,300.000,300.000,-1,-1,-1,-1,725.000,525.000,-1,425.000,2,0,2,0,1,0,0,0,0,2,2,2,2,0,1,2,1
131,-1746.528,1481.086,-409.649,-27.599,0.885986,0.462348,-0.035549,-0.463660,0.884433,-0.052890,0.006987,0.063343,0.997967,0,0.77542,-0.15401,46.525,-0.308,-1,400.000,-1,400.000,325.000,325.000,325.000,300.000,300.000,-1,-1,-1,-1,725.000,500.000,-1,400.000,2,0,2,0,1,0,0,0,0,2,2,2,2,0,1,2,1
132,-1705.452,1459.323,-409.241,-27.915,0.883422,0.467215,-0.035729,-0.468529,0.881868,-0.052819,0.006830,0.063402,0.997965,0,0.77475,-0.15793,46.485,-0.316,-1,400.000,-1,375.000,300.000,325.000,325.000,300.000,300.000,-1,-1,-1,-1,725.000,500.000,-1,350.000,2,0,2,1,1,0,0,0,1,2,2,2,2,0,1,2,1
133,-1664.548,1437.355,-408.853,-28.239,0.880763,0.472192,-0.035934,-0.473510,0.879210,-0.052706,0.006706,0.063437,0.997963,0,0.77384,-0.16196,46.430,-0.324,-1,400.000,-1,375.000,250.000,325.000,325.000,300.000,300.000,-1,-1,-1,-1,725.000,475.000,-1,325.000,2,0,2,1,1,0,0,0,1,2,2,2,2,0,1,2,1
134,-1623.832,1415.183,-408.483,-28.571,0.878006,0.477281,-0.036163,-0.478604,0.876457,-0.052551,0.006614,0.063448,0.997963,0,0.77268,-0.16611,46.361,-0.332,-1,400.000,-1,350.000,225.000,325.000,325.000,300.000,275.000,-1,-1,-1,-1,725.000,450.000,-1,300.000,2,0,2,1,1,0,0,0,1,2,2,2,2,0,1,2,1
