timestep,x_cm,y_cm,z_cm,yaw_deg,basis_xx,basis_xy,basis_xz,basis_yx,basis_yy,basis_yz,basis_zx,basis_zy,basis_zz,teleport_flag,throttle_cmd,steering_cmd,cmd_move_cm,cmd_turn_deg,lidar_cm_0,lidar_cm_1,lidar_cm_2,lidar_cm_3,lidar_cm_4,lidar_cm_5,lidar_cm_6,lidar_cm_7,lidar_cm_8,lidar_cm_9,lidar_cm_10,lidar_cm_11,lidar_cm_12,lidar_cm_13,lidar_cm_14,lidar_cm_15,lidar_cm_16,lidar_class_0,lidar_class_1,lidar_class_2,lidar_class_3,lidar_class_4,lidar_class_5,lidar_class_6,lidar_class_7,lidar_class_8,lidar_class_9,lidar_class_10,lidar_class_11,lidar_class_12,lidar_class_13,lidar_class_14,lidar_class_15,lidar_class_16
0,2948.932,331.889,-293.834,-54.594,0.577147,0.814031,-0.065229,-0.815573,0.578633,0.004901,0.041733,0.050371,0.997858,1,-0.08000,0.12000,-4.800,0.240,-1,350.000,-1,375.000,-1,300.000,300.000,325.000,325.000,-1,475.000,375.000,-1,650.000,-1,-1,-1,2,0,2,0,2,0,0,0,0,2,0,0,2,0,2,2,2
1,2943.336,339.689,-294.221,-54.340,0.580768,0.811484,-0.064826,-0.812998,0.582245,0.004927,0.041743,0.049842,0.997884,0,-0.16000,0.12679,-9.600,0.254,-1,350.000,-1,375.000,-1,300.000,300.000,325.000,325.000,-1,475.000,375.000,-1,650.000,-1,-1,-1,2,0,2,0,2,0,0,0,0,2,0,0,2,0,2,2,2
2,2936.212,349.522,-294.709,-54.084,0.584430,0.808891,-0.064320,-0.810372,0.585894,0.004960,0.041696,0.049224,0.997917,0,-0.20237,0.12840,-12.142,0.257,-1,350.000,-1,375.000,-1,300.000,300.000,325.000,325.000,-1,450.000,350.000,-1,650.000,-1,-1,-1,2,0,2,0,2,0,0,0,0,2,0,0,2,0,2,2,2
3,2928.962,359.436,-295.197,-53.822,0.588147,0.806233,-0.063812,-0.807681,0.589598,0.004989,0.041646,0.048605,0.997949,0,-0.20470,0.13076,-12.282,0.262,-1,350.000,-1,375.000,-1,300.000,300.000,325.000,325.000,-1,450.000,350.000,-1,650.000,-1,-1,-1,2,0,2,0,2,0,0,0,0,2,0,0,2,0,2,2,2
4,2921.581,369.430,-295.676,-53.556,0.591919,0.803507,-0.063317,-0.804926,0.593355,0.004959,0.041554,0.048031,0.997981,0,-0.20706,0.13312,-12.424,0.266,-1,350.000,-1,400.000,-1,300.000,300.000,325.000,325.000,-1,450.000,350.000,-1,650.000,-1,-1,-1,2,0,2,0,2,0,0,0,0,2,0,0,2,0,2,2,2
5,2914.067,379.505,-296.131,-53.285,0.595746,0.800710,-0.062852,-0.802106,0.597162,0.004803,0.041379,0.047553,0.998011,0,-0.20947,0.13549,-12.568,0.271,-1,350.000,-1,400.000,-1,300.000,300.000,325.000,325.000,-1,425.000,350.000,-1,650.000,-1,-1,-1,2,0,2,0,2,0,0,0,0,2,0,0,2,0,2,2,2
6,2906.416,389.661,-296.586,-53.009,0.599626,0.797845,-0.062385,-0.799219,0.601022,0.004642,0.041198,0.047076,0.998041,0,-0.21192,0.13785,-12.715,0.276,-1,375.000,-1,400.000,-1,300.000,300.000,325.000,325.000,-1,425.000,350.000,-1,650.000,-1,-1,-1,2,0,2,0,2,0,0,0,0,2,0,0,2,0,2,2,2
7,2898.625,399.898,-297.041,-52.729,0.603558,0.794912,-0.061915,-0.796264,0.604933,0.004475,0.041011,0.046600,0.998071,0,-0.21442,0.14022,-12.865,0.280,-1,375.000,-1,400.000,-1,300.000,300.000,325.000,325.000,-1,425.000,350.000,-1,650.000,-1,-1,-1,2,0,2,0,2,0,0,0,0,2,0,0,2,0,2,2,2
8,2890.690,410.218,-297.497,-52.443,0.607541,0.791908,-0.061442,-0.793239,0.608896,0.004302,0.040818,0.046125,0.998101,0,-0.21696,0.14259,-13.017,0.285,-1,375.000,-1,400.000,-1,300.000,300.000,325.000,325.000,-1,425.000,350.000,-1,650.000,-1,-1,-1,2,0,2,0,2,0,0,0,0,2,0,0,2,0,2,2,2
9,2882.608,420.619,-297.961,-52.153,0.611578,0.788835,-0.060922,-0.790142,0.612909,0.004122,0.040591,0.045617,0.998134,0,-0.21953,0.14497,-13.172,0.290,-1,375.000,-1,400.000,-1,300.000,300.000,325.000,325.000,-1,400.000,325.000,-1,650.000,-1,-1,-1,2,0,2,0,2,0,0,0,0,2,0,0,2,0,2,2,2
10,2874.375,431.102,-298.480,-51.859,0.615682,0.785698,-0.060111,-0.786969,0.616979,0.003934,0.040178,0.044883,0.998184,0,-0.22216,0.14736,-13.329,0.295,-1,375.000,-1,400.000,-1,300.000,300.000,325.000,325.000,-1,400.000,325.000,-1,650.000,-1,-1,-1,2,0,2,0,2,0,0,0,0,2,0,0,2,0,2,2,2
11,2865.988,441.667,-299.000,-51.559,0.619836,0.782488,-0.059294,-0.783724,0.621098,0.003743,0.039756,0.044150,0.998234,0,-0.22482,0.14975,-13.489,0.299,-1,375.000,-1,400.000,-1,300.000,300.000,325.000,325.000,-1,400.000,325.000,-1,650.000,-1,-1,-1,2,0,2,0,2,0,0,0,0,2,0,0,2,0,2,2,2
12,2857.444,452.314,-299.520,-51.255,0.624038,0.779203,-0.058471,-0.780404,0.625266,0.003548,0.039325,0.043417,0.998283,0,-0.22752,0.15215,-13.651,0.304,-1,375.000,-1,375.000,-1,300.000,300.000,325.000,325.000,-1,400.000,325.000,-1,650.000,-1,-1,-1,2,0,2,0,2,0,0,0,0,2,0,0,2,0,2,2,2
13,2851.896,459.212,-299.854,-51.191,0.624946,0.778514,-0.057956,-0.779695,0.626150,0.003443,0.038969,0.043036,0.998313,0,-0.14752,0.03215,-8.851,0.064,-1,350.000,-1,375.000,-1,300.000,300.000,325.000,325.000,-1,400.000,325.000,-1,650.000,-1,-1,-1,2,0,2,0,2,0,0,0,0,2,0,0,2,0,2,2,2
14,2849.367,462.376,-300.007,-51.366,0.622569,0.780432,-0.057742,-0.781608,0.623761,0.003426,0.038691,0.042999,0.998326,0,-0.06752,-0.08785,-4.051,-0.176,-1,350.000,-1,400.000,-1,300.000,300.000,325.000,325.000,-1,400.000,325.000,-1,650.000,-1,-1,-1,2,0,2,0,2,0,0,0,0,2,0,0,2,0,2,2,2
15,2849.830,461.788,-299.985,-51.782,0.616884,0.784926,-0.057831,-0.786112,0.618074,0.003495,0.038488,0.043306,0.998320,0,0.01248,-0.20785,0.749,-0.416,-1,375.000,-1,400.000,-1,300.000,300.000,325.000,325.000,-1,400.000,325.000,-1,650.000,-1,-1,-1,2,0,2,0,2,0,0,0,0,2,0,0,2,0,2,2,2
16,2853.217,457.393,-299.788,-52.384,0.608576,0.791357,-0.058219,-0.792567,0.609774,0.003642,0.038382,0.043926,0.998297,0,0.09248,-0.30108,5.549,-0.602,-1,375.000,-1,400.000,-1,300.000,300.000,325.000,325.000,-1,400.000,325.000,-1,650.000,-1,-1,-1,2,0,2,0,2,0,0,0,0,2,0,0,2,0,2,2,2
17,2859.448,449.131,-299.416,-52.984,0.600216,0.797667,-0.058889,-0.798912,0.601436,0.003835,0.038477,0.044746,0.998257,0,0.17248,-0.29984,10.349,-0.600,-1,375.000,-1,400.000,-1,300.000,300.000,325.000,325.000,-1,400.000,325.000,-1,650.000,-1,-1,-1,2,0,2,0,2,0,0,0,0,2,0,0,2,0,2,2,2
18,2868.441,436.940,-298.865,-53.584,0.591772,0.803881,-0.059848,-0.805173,0.593026,0.004073,0.038765,0.045777,0.998199,0,0.25248,-0.29988,15.149,-0.600,-1,375.000,-1,400.000,-1,300.000,325.000,325.000,325.000,-1,400.000,350.000,-1,650.000,-1,-1,-1,2,0,2,0,2,0,0,0,0,2,0,0,2,0,2,2,2
19,2880.115,420.764,-298.193,-54.186,0.583227,0.810034,-0.060763,-0.811371,0.584515,0.004338,0.039030,0.046771,0.998143,0,0.33248,-0.30117,19.949,-0.602,-1,375.000,-1,400.000,-1,300.000,325.000,325.000,325.000,-1,425.000,350.000,-1,650.000,-1,-1,-1,2,0,2,0,2,0,0,0,0,2,0,0,2,0,2,2,2
20,2894.384,400.543,-297.388,-54.793,0.574544,0.816147,-0.061667,-0.817530,0.575867,0.004617,0.039280,0.047761,0.998086,0,0.41248,-0.30374,24.749,-0.607,-1,375.000,-1,400.000,-1,300.000,325.000,325.000,325.000,-1,425.000,350.000,-1,650.000,-1,-1,-1,2,0,2,0,2,0,0,0,0,2,0,0,2,0,2,2,2
21,2911.160,376.218,-296.397,-55.409,0.565674,0.822237,-0.062767,-0.823676,0.567039,0.004914,0.039632,0.048920,0.998016,0,0.49248,-0.30760,29.549,-0.615,-1,375.000,-1,400.000,-1,300.000,325.000,325.000,325.000,-1,450.000,350.000,-1,650.000,-1,-1,-1,2,0,2,0,2,0,0,0,0,2,0,0,2,0,2,2,2
22,2930.352,347.731,-295.119,-56.034,0.556581,0.828309,-0.064208,-0.829841,0.557980,0.004775,0.039782,0.050625,0.997925,0,0.57248,-0.31280,34.349,-0.626,-1,350.000,-1,400.000,-1,300.000,300.000,325.000,325.000,-1,475.000,375.000,-1,650.000,-1,-1,-1,2,0,2,1,2,0,0,0,0,2,0,0,2,0,2,2,2
23,2951.862,315.021,-293.614,-56.673,0.547216,0.834395,-0.065883,-0.836036,0.548655,0.004590,0.039977,0.052569,0.997817,0,0.65248,-0.31942,39.149,-0.639,-1,350.000,-1,-1,-1,300.000,300.000,325.000,325.000,-1,500.000,400.000,-1,650.000,-1,-1,-1,2,0,2,2,2,0,0,0,0,2,0,0,2,0,2,2,2
24,2975.588,278.027,-291.865,-57.328,0.537531,0.840514,-0.067800,-0.842285,0.539015,0.004351,0.040203,0.054768,0.997689,0,0.73248,-0.32757,43.949,-0.655,-1,350.000,-1,-1,-1,300.000,300.000,325.000,325.000,-1,550.000,425.000,-1,650.000,-1,-1,-1,2,0,2,2,2,0,0,0,0,2,0,0,2,1,2,2,2
25,3001.420,236.685,-289.779,-58.003,0.527466,0.846699,-0.069854,-0.848602,0.529013,0.004375,0.040658,0.056970,0.997548,0,0.81248,-0.33740,48.749,-0.675,-1,350.000,-1,-1,-1,300.000,300.000,325.000,325.000,-1,575.000,450.000,-1,675.000,-1,-1,-1,2,0,2,2,2,0,0,0,0,2,0,0,2,1,2,2,2
26,3029.240,190.930,-287.360,-58.701,0.516963,0.852967,-0.072085,-0.855013,0.518586,0.004532,0.041248,0.059291,0.997388,0,0.89248,-0.34910,53.549,-0.698,-1,350.000,-1,-1,-1,300.000,400.000,325.000,325.000,-1,625.000,475.000,-1,700.000,-1,-1,-1,2,0,2,2,2,0,1,0,0,2,0,0,2,1,2,2,2
27,3058.921,140.694,-284.819,-59.427,0.505883,0.859294,-0.075477,-0.861558,0.507636,0.004783,0.042425,0.062608,0.997136,0,0.97248,-0.36291,58.349,-0.726,-1,350.000,-1,-1,-1,300.000,475.000,325.000,325.000,-1,650.000,500.000,-1,725.000,-1,-1,-1,2,0,2,2,2,1,1,0,0,2,0,0,2,1,2,2,2
28,3088.756,88.637,-282.152,-60.185,0.494198,0.865729,-0.079257,-0.868251,0.496099,0.005044,0.043686,0.066322,0.996841,0,1.00000,-0.37918,60.000,-0.758,-1,375.000,-1,-1,-1,350.000,525.000,325.000,325.000,-1,675.000,500.000,-1,750.000,-1,-1,-1,2,1,2,2,2,1,1,0,0,2,0,0,2,1,2,2,2
29,3117.889,36.186,-286.588,-60.980,0.482995,0.870329,-0.096140,-0.875311,0.482837,-0.026450,0.023399,0.096928,0.995016,0,1.00000,-0.39706,60.000,-0.794,-1,350.000,-1,975.000,-1,325.000,475.000,350.000,250.000,-1,-1,-1,-1,675.000,-1,-1,-1,2,1,2,1,2,1,1,0,0,2,2,2,2,1,2,2,2
30,3146.274,-16.676,-292.755,-61.812,0.472638,0.873400,-0.117415,-0.881254,0.468082,-0.065507,-0.002254,0.134433,0.990920,0,1.00000,-0.41610,60.000,-0.832,-1,325.000,-1,850.000,-1,300.000,425.000,375.000,200.000,-1,-1,-1,925.000,575.000,-1,-1,-1,2,1,2,1,2,1,1,0,0,2,2,2,0,1,2,2,2
31,3173.859,-69.961,-298.246,-62.685,0.462706,0.875576,-0.138812,-0.886131,0.452215,-0.101359,-0.025975,0.169905,0.985118,0,1.00000,-0.43646,60.000,-0.873,-1,275.000,-1,725.000,-1,275.000,375.000,425.000,150.000,-1,-1,-1,775.000,500.000,-1,850.000,-1,2,1,2,1,2,1,1,0,0,2,2,2,0,1,2,1,2
32,3200.596,-123.680,-303.352,-63.601,0.452837,0.877134,-0.159923,-0.890347,0.435389,-0.133115,-0.047131,0.202666,0.978113,0,1.00000,-0.45829,60.000,-0.917,-1,250.000,-1,650.000,-1,250.000,350.000,500.000,100.000,-1,-1,-1,650.000,425.000,975.000,650.000,-1,2,1,2,1,2,1,1,0,0,2,2,2,0,1,1,1,2
33,3226.425,-177.844,-308.582,-64.565,0.443095,0.878651,-0.177876,-0.893860,0.417875,-0.162464,-0.068419,0.230983,0.970549,0,1.00000,-0.48178,60.000,-0.964,-1,225.000,-1,550.000,-1,225.000,325.000,550.000,150.000,-1,-1,0.000,475.000,375.000,850.000,450.000,-1,2,1,2,1,2,1,1,0,1,2,2,0,0,1,1,1,2
34,3251.285,-232.463,-314.156,-65.579,0.433353,0.880586,-0.191764,-0.896639,0.399839,-0.190179,-0.090794,0.254358,0.962839,0,1.00000,-0.50714,60.000,-1.014,650.000,200.000,925.000,500.000,-1,200.000,275.000,600.000,250.000,-1,-1,0.000,300.000,300.000,725.000,275.000,-1,1,1,1,1,2,1,1,0,1,2,2,0,0,1,1,1,2
35,8199.153,1639.830,-214.935,-69.516,0.349851,0.936761,-0.009146,-0.936689,0.349945,0.012357,0.014777,0.004244,0.999882,1,0.00000,0.00000,60.000,-1.069,-1,400.000,-1,375.000,-1,325.000,325.000,300.000,325.000,-1,400.000,450.000,-1,775.000,700.000,-1,-1,2,0,2,0,2,0,0,0,0,2,1,1,2,1,0,2,2
36,8200.814,1635.327,-214.860,-69.756,0.345924,0.938218,-0.009097,-0.938146,0.346018,0.012426,0.014806,0.004236,0.999881,0,0.08000,-0.12000,4.800,-0.240,-1,400.000,-1,375.000,-1,325.000,325.000,300.000,325.000,-1,400.000,450.000,-1,775.000,700.000,-1,-1,2,0,2,0,2,0,0,0,0,2,1,1,2,1,0,2,2
37,8204.060,1626.292,-214.710,-70.236,0.338053,0.941084,-0.008997,-0.941010,0.338146,0.012564,0.014866,0.004219,0.999881,0,0.16000,-0.24000,9.600,-0.480,-1,400.000,-1,375.000,-1,325.000,325.000,300.000,325.000,-1,425.000,450.000,-1,775.000,700.000,-1,-1,2,0,2,0,2,0,0,0,0,2,1,1,2,1,0,2,2
38,8208.759,1612.681,-214.489,-70.956,0.326201,0.945259,-0.008842,-0.945182,0.326294,0.012775,0.014961,0.004190,0.999879,0,0.24000,-0.36000,14.400,-0.720,-1,400.000,-1,375.000,-1,325.000,325.000,300.000,325.000,-1,425.000,450.000,-1,775.000,700.000,-1,-1,2,0,2,0,2,0,0,0,0,2,1,1,2,1,0,2,2
39,8214.719,1594.429,-214.200,-71.916,0.310318,0.950593,-0.008629,-0.950513,0.310411,0.013063,0.015096,0.004148,0.999877,0,0.32000,-0.48000,19.200,-0.960,-1,400.000,-1,375.000,-1,325.000,300.000,300.000,325.000,-1,450.000,475.000,-1,775.000,700.000,-1,-1,2,0,2,0,2,0,0,0,0,2,1,1,2,1,0,2,2
40,8221.786,1571.493,-213.846,-72.875,0.294367,0.955656,-0.008334,-0.955570,0.294458,0.013459,0.015316,0.004001,0.999875,0,0.40000,-0.47949,24.000,-0.959,-1,400.000,-1,375.000,-1,325.000,300.000,325.000,325.000,-1,475.000,500.000,-1,775.000,700.000,-1,-1,2,0,2,0,2,0,0,0,0,2,1,1,2,0,0,2,2
41,8229.808,1543.833,-213.430,-73.826,0.278463,0.960414,-0.007948,-0.960320,0.278551,0.013967,0.015628,0.003744,0.999871,0,0.48000,-0.47566,28.800,-0.951,-1,400.000,-1,375.000,-1,325.000,300.000,325.000,325.000,-1,500.000,525.000,-1,775.000,700.000,-1,-1,2,0,2,0,2,0,0,0,0,2,1,1,2,0,0,2,2
42,8238.635,1511.413,-212.957,-74.768,0.262637,0.964866,-0.007463,-0.964761,0.262722,0.014590,0.016038,0.003368,0.999866,0,0.56000,-0.47107,33.600,-0.942,1000.000,400.000,-1,375.000,-1,325.000,300.000,325.000,325.000,-1,525.000,550.000,-1,775.000,700.000,-1,-1,1,0,2,0,2,0,0,0,0,2,1,1,2,0,0,2,2
43,8248.120,1474.203,-212.428,-75.700,0.246923,0.969011,-0.006869,-0.968894,0.247002,0.015331,0.016553,0.002870,0.999859,0,0.64000,-0.46573,38.400,-0.931,950.000,400.000,-1,375.000,-1,325.000,300.000,325.000,325.000,-1,575.000,575.000,-1,775.000,700.000,-1,-1,1,0,2,0,2,0,0,0,0,2,1,1,2,0,0,2,2
44,8257.252,1435.815,-211.898,-76.619,0.231352,0.972850,-0.006222,-0.972720,0.231424,0.016109,0.017111,0.002325,0.999851,0,0.65765,-0.45965,39.459,-0.919,925.000,400.000,-1,375.000,-1,325.000,300.000,325.000,325.000,-1,600.000,625.000,-1,775.000,700.000,1000.000,-1,1,0,2,0,2,0,0,0,0,2,1,1,2,0,0,1,2
45,8266.984,1392.639,-211.314,-77.298,0.219812,0.975527,-0.005448,-0.975380,0.219874,0.017032,0.017813,0.001570,0.999840,0,0.73765,-0.33965,44.259,-0.679,875.000,400.000,-1,375.000,-1,325.000,300.000,325.000,325.000,-1,650.000,650.000,-1,775.000,725.000,975.000,-1,1,0,2,0,2,0,0,0,0,2,1,1,2,0,0,1,2
46,8276.879,1346.322,-210.604,-77.940,0.208891,0.977930,-0.004172,-0.977767,0.208932,0.017868,0.018345,0.000347,0.999832,0,0.78937,-0.32094,47.362,-0.642,825.000,400.000,-1,375.000,-1,325.000,300.000,300.000,325.000,-1,675.000,700.000,-1,775.000,725.000,975.000,-1,1,0,2,0,2,0,0,0,0,2,1,1,2,0,0,1,2
47,8286.294,1299.750,-209.843,-78.571,0.198137,0.980171,-0.002621,-0.979992,0.198151,0.018735,0.018882,-0.001143,0.999821,0,0.79190,-0.31546,47.514,-0.631,800.000,400.000,-1,375.000,-1,325.000,300.000,300.000,325.000,-1,725.000,725.000,-1,775.000,725.000,975.000,-1,1,0,2,0,2,0,0,0,0,2,1,1,2,0,0,1,2
48,8295.229,1252.951,-209.006,-79.190,0.187554,0.982253,-0.001294,-0.982067,0.187544,0.019269,0.019170,-0.002343,0.999813,0,0.79407,-0.30967,47.644,-0.619,750.000,400.000,-1,375.000,-1,325.000,300.000,300.000,325.000,-1,750.000,775.000,-1,775.000,750.000,975.000,-1,1,0,2,0,2,0,0,0,0,2,1,1,2,0,0,1,2
49,8303.687,1205.955,-207.947,-79.798,0.177142,0.984185,-0.000863,-0.983991,0.177125,0.019705,0.019547,-0.002641,0.999805,0,0.79585,-0.30358,47.751,-0.607,725.000,400.000,-1,375.000,-1,325.000,300.000,300.000,325.000,-1,800.000,825.000,-1,775.000,750.000,975.000,-1,1,0,2,0,2,0,0,0,0,2,1,1,2,0,0,1,2
50,8311.671,1158.793,-206.889,-80.392,0.166931,0.985969,-0.000424,-0.985767,0.166905,0.020153,0.019940,-0.002946,0.999797,0,0.79722,-0.29719,47.833,-0.594,700.000,400.000,-1,375.000,-1,325.000,325.000,300.000,325.000,-1,825.000,875.000,-1,800.000,775.000,1000.000,-1,1,0,2,0,2,0,0,0,0,2,0,1,2,0,0,1,2
51,8319.184,1111.497,-205.833,-80.973,0.156932,0.987609,0.000028,-0.987400,0.156898,0.020606,0.020346,-0.003261,0.999788,0,0.79815,-0.29051,47.889,-0.581,675.000,400.000,-1,375.000,-1,325.000,325.000,325.000,325.000,-1,825.000,900.000,-1,800.000,775.000,1000.000,-1,1,0,2,0,2,0,0,0,0,2,0,1,2,0,0,1,2
52,8326.234,1064.102,-204.780,-81.540,0.147158,0.989113,0.000489,-0.988895,0.147115,0.021064,0.020763,-0.003584,0.999778,0,0.79861,-0.28355,47.916,-0.567,675.000,400.000,-1,375.000,-1,325.000,325.000,325.000,325.000,-1,825.000,950.000,-1,825.000,775.000,-1,-1,1,0,2,0,2,0,0,0,0,2,0,1,2,0,0,2,2
53,8332.825,1016.643,-203.731,-82.093,0.137621,0.990484,0.000959,-0.990258,0.137569,0.021526,0.021189,-0.003912,0.999768,0,0.79857,-0.27630,47.914,-0.553,650.000,400.000,-1,375.000,-1,325.000,325.000,325.000,325.000,-1,825.000,1000.000,-1,825.000,800.000,-1,-1,1,0,2,0,2,0,0,0,0,2,0,1,2,0,0,2,2
54,8338.967,969.157,-202.686,-82.630,0.128332,0.991730,0.001435,-0.991496,0.128269,0.021990,0.021624,-0.004245,0.999757,0,0.79802,-0.26879,47.881,-0.538,650.000,400.000,-1,375.000,-1,325.000,325.000,325.000,325.000,-1,825.000,-1,-1,850.000,800.000,-1,-1,1,0,2,0,2,0,0,0,0,2,0,2,2,0,0,2,2
55,8344.668,921.682,-201.647,-83.152,0.119300,0.992856,0.001915,-0.992613,0.119227,0.022455,0.022066,-0.004580,0.999746,0,0.79694,-0.26104,47.816,-0.522,650.000,400.000,-1,400.000,-1,325.000,325.000,325.000,325.000,-1,825.000,1000.000,-1,850.000,825.000,-1,-1,1,0,2,0,2,0,0,1,0,2,0,0,2,0,0,2,2
56,8349.939,874.255,-200.614,-83.659,0.110535,0.993869,0.002398,-0.993617,0.110452,0.022919,0.022514,-0.004916,0.999734,0,0.79532,-0.25307,47.719,-0.506,650.000,400.000,-1,400.000,-1,325.000,325.000,300.000,325.000,-1,825.000,1000.000,-1,875.000,825.000,-1,-1,1,0,2,0,2,0,0,1,0,2,0,0,2,0,0,2,2
57,8354.791,826.914,-199.587,-84.148,0.102045,0.994776,0.002880,-0.994515,0.101951,0.023383,0.022967,-0.005250,0.999722,0,0.79314,-0.24491,47.589,-0.490,675.000,400.000,-1,400.000,-1,325.000,325.000,300.000,325.000,-1,825.000,975.000,-1,875.000,850.000,-1,-1,1,0,2,0,2,0,0,1,0,2,0,0,2,0,0,2,2
58,8358.967,784.330,-198.662,-84.398,0.097718,0.995209,0.003325,-0.994939,0.097612,0.023839,0.023401,-0.005638,0.999710,0,0.71314,-0.12491,42.789,-0.250,675.000,400.000,-1,400.000,-1,325.000,325.000,300.000,325.000,-1,825.000,975.000,-1,900.000,850.000,1000.000,-1,1,0,2,0,2,0,0,1,0,2,0,0,2,1,1,1,2
59,8362.669,746.522,-197.836,-84.408,0.097559,0.995223,0.003733,-0.994945,0.097441,0.024294,0.023814,-0.006084,0.999698,0,0.63314,-0.00491,37.989,-0.010,650.000,425.000,-1,400.000,-1,325.000,325.000,300.000,325.000,-1,850.000,950.000,-1,875.000,800.000,975.000,-1,1,0,2,0,2,0,0,1,0,2,0,0,2,1,1,1,2
60,8366.166,712.231,-197.080,-84.178,0.101570,0.994820,0.004117,-0.994534,0.101438,0.024768,0.024222,-0.006610,0.999685,0,0.57449,0.11509,34.469,0.230,650.000,425.000,-1,400.000,-1,325.000,325.000,300.000,325.000,-1,850.000,950.000,-1,850.000,800.000,950.000,-1,1,0,2,0,2,0,0,1,0,2,0,0,2,1,1,1,2
61,8369.932,678.072,-196.306,-83.708,0.109746,0.993949,0.004560,-0.993654,0.109597,0.025282,0.024629,-0.007305,0.999670,0,0.57276,0.23509,34.366,0.470,625.000,425.000,-1,425.000,-1,350.000,325.000,300.000,325.000,-1,850.000,975.000,-1,825.000,775.000,925.000,1000.000,1,0,2,0,2,0,0,1,0,2,0,0,2,1,1,1,1
62,8374.111,644.047,-195.738,-82.998,0.122053,0.992514,0.004314,-0.992225,0.121909,0.025040,0.024327,-0.007337,0.999677,0,0.57135,0.35509,34.281,0.710,600.000,425.000,-1,425.000,-1,350.000,350.000,300.000,325.000,-1,900.000,-1,-1,825.000,725.000,875.000,950.000,1,0,2,0,2,0,0,1,0,2,0,2,2,1,1,1,1
63,8378.797,610.150,-195.145,-82.130,0.137064,0.990554,0.004002,-0.990277,0.136926,0.024559,0.023779,-0.007329,0.999690,0,0.57032,0.43389,34.219,0.868,575.000,425.000,-1,425.000,-1,350.000,350.000,275.000,325.000,-1,950.000,-1,-1,800.000,700.000,850.000,900.000,1,0,2,0,2,0,0,1,0,2,0,2,2,1,1,1,1
64,8383.992,576.378,-194.730,-81.255,0.152184,0.988342,0.004555,-0.988097,0.152038,0.023429,0.022464,-0.008066,0.999715,0,0.56950,0.43755,34.170,0.875,550.000,425.000,1000.000,425.000,-1,350.000,350.000,275.000,325.000,-1,-1,-1,-1,775.000,675.000,800.000,825.000,1,0,1,0,2,0,0,1,0,2,2,2,2,1,1,1,1
65,8389.698,542.743,-194.354,-80.372,0.167390,0.985878,0.005050,-0.985667,0.167240,0.022176,0.021018,-0.008690,0.999741,0,0.56859,0.44122,34.115,0.882,525.000,425.000,975.000,425.000,-1,350.000,350.000,275.000,325.000,-1,-1,-1,-1,725.000,650.000,775.000,775.000,1,0,1,0,2,0,0,1,0,2,2,2,2,1,1,1,1
66,8395.914,509.260,-194.068,-79.482,0.182674,0.983159,0.005333,-0.982984,0.182530,0.020607,0.019287,-0.009007,0.999773,0,0.56758,0.44491,34.055,0.890,500.000,425.000,950.000,425.000,900.000,350.000,350.000,275.000,325.000,-1,-1,-1,-1,700.000,625.000,725.000,725.000,1,0,1,0,1,0,0,1,0,2,2,2,2,1,1,1,1
67,8402.640,475.944,-193.786,-78.586,0.198020,0.980181,0.005686,-0.980041,0.197881,0.019029,0.017527,-0.009340,0.999803,0,0.56647,0.44800,33.988,0.896,450.000,425.000,900.000,425.000,800.000,350.000,325.000,275.000,325.000,-1,-1,-1,-1,675.000,600.000,675.000,675.000,1,0,1,0,1,0,0,1,0,2,2,2,2,1,1,1,1
68,8409.873,442.809,-193.508,-77.687,0.213380,0.976950,0.006110,-0.976843,0.213247,0.017442,0.015737,-0.009690,0.999829,0,0.56527,0.44986,33.916,0.900,425.000,425.000,875.000,425.000,725.000,350.000,325.000,275.000,325.000,-1,-1,-1,-1,650.000,575.000,625.000,625.000,1,0,1,0,1,0,0,1,0,2,2,2,2,1,1,1,1
69,8417.610,409.867,-193.235,-76.783,0.228747,0.973463,0.006607,-0.973386,0.228622,0.015848,0.013917,-0.010057,0.999853,0,0.56396,0.45165,33.838,0.903,400.000,425.000,850.000,425.000,675.000,325.000,325.000,250.000,325.000,-1,-1,-1,-1,625.000,550.000,575.000,600.000,1,0,1,0,1,0,0,1,0,2,2,2,2,1,1,1,1
70,8425.846,377.135,-192.967,-75.877,0.244115,0.969720,0.007179,-0.969671,0.243997,0.014249,0.012066,-0.010440,0.999873,0,0.56255,0.45337,33.753,0.907,375.000,425.000,800.000,400.000,600.000,325.000,325.000,250.000,325.000,-1,-1,-1,-1,600.000,525.000,525.000,550.000,1,0,1,1,1,0,0,1,0,2,2,2,2,1,1,1,1
71,8434.577,344.624,-192.703,-74.967,0.259475,0.965718,0.007827,-0.965696,0.259367,0.012647,0.010183,-0.010840,0.999889,0,0.56104,0.45502,33.663,0.910,350.000,425.000,775.000,400.000,550.000,325.000,325.000,250.000,325.000,-1,-1,-1,-1,575.000,500.000,500.000,525.000,1,0,1,1,1,0,0,1,0,2,2,2,2,1,1,1,1
72,8443.800,312.350,-192.445,-74.053,0.274821,0.961457,0.008551,-0.961460,0.274724,0.011044,0.008269,-0.011257,0.999902,0,0.55944,0.45659,33.566,0.913,325.000,425.000,750.000,375.000,500.000,325.000,325.000,250.000,325.000,-1,-1,-1,-1,550.000,475.000,450.000,475.000,1,0,1,1,1,0,0,1,0,2,2,2,2,1,1,1,1
73,8453.507,280.324,-192.191,-73.137,0.290145,0.956937,0.009353,-0.956962,0.290060,0.009443,0.006323,-0.011691,0.999912,0,0.55774,0.45808,33.465,0.916,300.000,425.000,700.000,350.000,450.000,325.000,325.000,225.000,325.000,-1,-1,-1,-1,525.000,450.000,400.000,450.000,1,1,1,1,1,0,1,1,0,2,2,2,2,1,1,1,1
74,8463.694,248.560,-191.942,-72.218,0.305439,0.952157,0.010234,-0.952202,0.305369,0.007846,0.004345,-0.012142,0.999917,0,0.55595,0.45950,33.357,0.919,275.000,400.000,675.000,325.000,400.000,325.000,325.000,225.000,325.000,-1,-1,-1,-1,475.000,425.000,375.000,400.000,1,1,1,1,1,0,1,1,0,2,2,2,2,1,1,1,1
75,8476.080,212.469,-191.666,-71.059,0.324613,0.945779,0.011331,-0.945845,0.324564,0.006026,0.002022,-0.012673,0.999918,0,0.63595,0.57950,38.157,1.159,250.000,375.000,650.000,325.000,375.000,325.000,300.000,225.000,325.000,-1,-1,-1,-1,450.000,400.000,325.000,375.000,1,1,1,1,1,1,1,1,0,2,2,2,2,1,1,1,1
76,8491.011,172.190,-191.183,-69.660,0.347585,0.937574,0.011792,-0.937649,0.347558,0.004291,-0.000075,-0.012548,0.999921,0,0.71595,0.69950,42.957,1.399,225.000,350.000,600.000,300.000,325.000,300.000,275.000,225.000,325.000,-1,-1,-1,-1,425.000,375.000,275.000,325.000,1,1,1,1,1,1,1,1,0,2,2,2,2,1,1,1,1
77,8508.565,128.694,-188.753,-68.021,0.374276,0.927313,0.002811,-0.927310,0.374258,0.005255,0.003821,-0.004573,0.999982,0,0.78175,0.81950,46.905,1.639,200.000,325.000,600.000,275.000,275.000,300.000,250.000,225.000,300.000,-1,-1,-1,-1,400.000,350.000,275.000,275.000,1,1,1,1,1,1,1,1,0,2,2,2,2,1,1,1,1
78,8527.432,85.894,-186.443,-66.212,0.403299,0.915028,-0.008641,-0.915022,0.403355,0.006254,0.009208,0.005384,0.999943,0,0.77957,0.90487,46.774,1.810,200.000,300.000,550.000,250.000,225.000,275.000,250.000,225.000,300.000,-1,-1,-1,-1,375.000,325.000,250.000,250.000,1,1,1,1,1,1,1,1,0,2,2,2,2,1,1,1,1
79,8547.596,43.811,-181.163,-64.399,0.431868,0.901811,-0.015083,-0.901625,0.432098,0.019087,0.023730,0.005357,0.999704,0,0.77772,0.90635,46.663,1.813,200.000,300.000,550.000,250.000,225.000,275.000,250.000,225.000,325.000,-1,-1,-1,-1,375.000,325.000,250.000,225.000,1,1,1,1,1,1,1,1,0,2,2,2,2,1,1,1,1
80,8569.029,2.491,-174.107,-62.583,0.460021,0.887682,-0.020023,-0.886821,0.460457,0.039095,0.043924,-0.000228,0.999035,0,0.77577,0.90772,46.546,1.815,200.000,300.000,575.000,275.000,225.000,275.000,250.000,225.000,350.000,-1,350.000,250.000,-1,375.000,350.000,250.000,225.000,1,1,1,1,1,1,1,1,0,2,0,0,2,1,1,1,1
81,8591.702,-38.021,-167.236,-60.765,0.487603,0.872620,-0.027879,-0.870691,0.488382,0.058141,0.064350,-0.004076,0.997919,0,0.77372,0.90898,46.423,1.818,225.000,300.000,600.000,275.000,225.000,275.000,275.000,225.000,350.000,-1,175.000,150.000,-1,375.000,375.000,275.000,250.000,1,1,1,1,1,1,1,1,1,2,0,0,2,1,1,1,1
82,8618.017,-81.973,-159.800,-59.090,0.512305,0.857949,-0.038302,-0.854434,0.513685,0.077911,0.086519,-0.007188,0.996224,0,0.85372,0.83796,51.223,1.676,225.000,275.000,625.000,300.000,225.000,275.000,275.000,225.000,325.000,-1,125.000,125.000,-1,375.000,375.000,275.000,250.000,1,1,1,1,1,1,1,1,1,2,0,0,2,1,1,1,1
83,-2951.699,-4263.552,-298.042,28.596,0.877808,-0.478285,0.026395,0.478922,0.877382,-0.028886,-0.009343,0.037997,0.999234,1,0.00000,0.00000,56.023,1.436,200.000,150.000,300.000,275.000,-1,150.000,200.000,525.000,275.000,-1,275.000,100.000,775.000,200.000,375.000,175.000,-1,1,1,1,1,2,1,1,0,0,2,0,0,0,1,1,1,2
84,-2947.482,-4261.259,-297.752,28.517,0.878511,-0.477028,0.025741,0.477666,0.877958,-0.032022,-0.007324,0.040428,0.999156,0,0.08000,-0.03953,4.800,-0.079,200.000,150.000,300.000,275.000,-1,150.000,200.000,525.000,275.000,-1,275.000,100.000,750.000,200.000,375.000,175.000,-1,1,1,1,1,2,1,1,0,0,2,0,0,0,1,1,1,2
85,-2939.042,-4256.685,-297.206,28.441,0.879226,-0.475771,0.024581,0.476393,0.878405,-0.038140,-0.003446,0.045243,0.998970,0,0.16000,-0.03780,9.600,-0.076,200.000,150.000,300.000,275.000,-1,150.000,200.000,550.000,250.000,-1,250.000,100.000,675.000,200.000,375.000,175.000,-1,1,1,1,1,2,1,1,0,0,2,0,0,0,1,1,1,2
86,-2926.374,-4249.837,-296.370,28.371,0.879943,-0.474528,0.022881,0.475074,0.878668,-0.047405,0.002391,0.052584,0.998614,0,0.24000,-0.03495,14.400,-0.070,200.000,150.000,300.000,250.000,-1,150.000,200.000,575.000,250.000,-1,250.000,75.000,575.000,175.000,375.000,150.000,-1,1,1,1,1,2,1,1,0,0,2,0,0,0,1,1,1,2
87,-5575.390,-5575.435,-67.681,-7.828,0.977404,0.136133,-0.161706,-0.128945,0.990170,0.054193,0.167494,-0.032118,0.985350,1,0.00000,0.00000,19.200,-0.062,300.000,-1,-1,275.000,175.000,600.000,300.000,300.000,625.000,525.000,50.000,50.000,-1,-1,325.000,-1,200.000,1,2,2,1,1,1,1,1,0,1,0,0,2,2,1,2,1
88,2295.089,979.137,-292.935,-98.642,-0.155736,0.985925,0.060812,-0.984453,-0.149852,-0.091633,-0.081231,-0.074138,0.993934,1,0.08000,-0.12000,4.800,-0.240,275.000,300.000,-1,400.000,-1,275.000,300.000,225.000,375.000,-1,500.000,475.000,200.000,500.000,775.000,350.000,-1,0,0,2,0,2,0,0,0,1,2,1,1,1,0,0,0,2
89,2293.596,969.654,-293.686,-98.930,-0.160410,0.985323,0.058375,-0.983825,-0.154829,-0.090092,-0.079731,-0.071882,0.994221,0,0.16000,-0.14393,9.600,-0.288,300.000,325.000,-1,400.000,-1,275.000,300.000,225.000,375.000,-1,525.000,475.000,200.000,500.000,775.000,350.000,-1,0,0,2,0,2,0,0,0,1,2,1,1,1,0,0,0,2
90,2291.286,955.441,-294.740,-99.216,-0.164955,0.984758,0.055148,-0.983237,-0.159781,-0.087833,-0.077683,-0.068712,0.994608,0,0.24000,-0.14300,14.400,-0.286,300.000,325.000,-1,400.000,-1,275.000,300.000,225.000,400.000,-1,525.000,475.000,200.000,525.000,775.000,375.000,-1,0,0,2,0,2,0,0,0,1,2,1,1,1,0,0,0,2
91,2288.113,936.505,-296.107,-99.499,-0.169362,0.984227,0.051127,-0.982691,-0.164692,-0.084824,-0.075066,-0.064608,0.995083,0,0.32000,-0.14161,19.200,-0.283,325.000,325.000,-1,400.000,-1,300.000,300.000,225.000,425.000,-1,550.000,500.000,200.000,525.000,800.000,425.000,-1,0,0,2,0,2,0,0,0,1,2,1,1,1,0,0,0,2
92,2284.031,912.855,-297.807,-99.779,-0.173626,0.983724,0.046281,-0.982188,-0.169544,-0.081003,-0.071838,-0.059521,0.995639,0,0.40000,-0.13972,24.000,-0.279,350.000,325.000,-1,400.000,-1,300.000,325.000,250.000,450.000,-1,575.000,525.000,200.000,550.000,800.000,475.000,-1,0,0,2,0,2,0,0,0,1,2,1,1,1,0,0,0,2
93,2278.998,884.499,-299.871,-100.053,-0.177737,0.983242,0.040553,-0.981731,-0.174318,-0.076274,-0.067926,-0.053369,0.996262,0,0.48000,-0.13733,28.800,-0.275,400.000,325.000,-1,400.000,-1,300.000,325.000,250.000,425.000,-1,600.000,550.000,200.000,550.000,800.000,550.000,-1,0,0,2,0,2,0,0,0,0,2,1,1,1,0,0,0,2
94,2272.971,851.444,-302.343,-100.322,-0.181692,0.982773,0.033856,-0.981321,-0.178994,-0.070503,-0.063228,-0.046034,0.996937,0,0.56000,-0.13439,33.600,-0.269,450.000,350.000,-1,400.000,-1,300.000,325.000,250.000,425.000,-1,625.000,575.000,225.000,575.000,825.000,650.000,-1,0,0,2,0,2,0,0,0,0,2,1,1,1,0,0,0,2
95,2265.912,813.700,-305.279,-100.584,-0.185489,0.982300,0.026072,-0.980956,-0.183549,-0.063517,-0.057607,-0.037358,0.997640,0,0.64000,-0.13089,38.400,-0.262,550.000,350.000,-1,400.000,-1,300.000,325.000,250.000,400.000,-1,650.000,600.000,225.000,625.000,850.000,825.000,-1,0,0,2,0,2,0,0,0,0,2,1,1,1,0,0,0,2
96,2257.783,771.272,-308.745,-100.838,-0.189139,0.981802,0.017053,-0.980630,-0.187957,-0.055103,-0.050895,-0.027145,0.998335,0,0.72000,-0.12678,43.200,-0.254,675.000,375.000,-1,425.000,-1,325.000,325.000,250.000,375.000,-1,700.000,650.000,250.000,650.000,850.000,-1,-1,0,0,2,0,2,0,0,0,0,2,1,1,1,0,0,2,2
97,2248.802,725.444,-312.711,-101.082,-0.192685,0.981236,0.006905,-0.980313,-0.192185,-0.045289,-0.043112,-0.015495,0.998950,0,0.77835,-0.12203,46.701,-0.244,-1,375.000,-1,425.000,-1,325.000,325.000,250.000,350.000,-1,725.000,675.000,250.000,700.000,875.000,-1,-1,2,0,2,0,2,0,0,0,0,2,1,1,1,0,0,2,2
98,2239.634,679.638,-316.956,-101.315,-0.196198,0.980557,-0.003674,-0.979930,-0.196205,-0.035232,-0.035268,-0.003312,0.999372,0,0.77858,-0.11675,46.715,-0.234,-1,400.000,-1,425.000,-1,325.000,325.000,275.000,325.000,-1,750.000,700.000,275.000,-1,900.000,-1,-1,2,0,2,0,2,0,0,0,0,2,1,1,1,2,1,2,2
99,2230.282,633.829,-321.582,-101.538,-0.199698,0.979752,-0.014365,-0.979478,-0.200007,-0.024890,-0.027259,0.009100,0.999587,0,0.77926,-0.11133,46.755,-0.223,-1,425.000,-1,425.000,-1,350.000,350.000,275.000,300.000,-1,775.000,725.000,275.000,-1,925.000,-1,-1,2,0,2,0,2,0,0,0,0,2,1,1,1,2,0,2,2
100,2220.748,587.988,-323.934,-101.749,-0.203228,0.978965,-0.018035,-0.978779,-0.203615,-0.023069,-0.026256,0.012964,0.999571,0,0.78036,-0.10578,46.821,-0.212,-1,425.000,-1,425.000,-1,350.000,350.000,275.000,300.000,-1,825.000,775.000,300.000,-1,925.000,-1,-1,2,0,2,0,2,0,0,0,0,2,1,1,1,2,0,2,2
101,2211.035,542.094,-325.516,-101.950,-0.206583,0.978237,-0.019400,-0.978015,-0.207032,-0.024982,-0.028454,0.013813,0.999500,0,0.78184,-0.10011,46.911,-0.200,-1,425.000,-1,425.000,-1,350.000,350.000,275.000,300.000,-1,875.000,825.000,350.000,-1,925.000,-1,-1,2,0,2,0,2,0,0,0,0,2,1,1,1,2,0,2,2
102,2201.148,496.124,-327.142,-102.138,-0.209734,0.977538,-0.020742,-0.977278,-0.210249,-0.026903,-0.030660,0.014629,0.999423,0,0.78368,-0.09431,47.021,-0.189,-1,425.000,-1,425.000,-1,325.000,350.000,275.000,300.000,-1,925.000,875.000,400.000,-1,900.000,-1,-1,2,0,2,0,2,0,0,0,0,2,1,1,1,2,0,2,2
103,2191.091,450.058,-328.813,-102.315,-0.212677,0.976874,-0.022061,-0.976570,-0.213262,-0.028832,-0.032870,0.015412,0.999341,0,0.78585,-0.08840,47.151,-0.177,-1,400.000,-1,425.000,-1,325.000,325.000,275.000,300.000,-1,975.000,925.000,450.000,-1,900.000,-1,-1,2,0,2,0,2,0,0,0,0,2,1,1,1,2,0,2,2
104,2180.870,403.877,-330.532,-102.480,-0.215409,0.976245,-0.023355,-0.975893,-0.216068,-0.030768,-0.035084,0.016165,0.999254,0,0.78831,-0.08238,47.299,-0.165,-1,400.000,-1,425.000,-1,325.000,325.000,275.000,300.000,-1,-1,975.000,475.000,-1,875.000,-1,-1,2,0,2,0,2,0,0,0,0,2,2,1,1,2,0,2,2
105,2170.490,357.563,-332.300,-102.632,-0.217927,0.975654,-0.024626,-0.975252,-0.218663,-0.032713,-0.037301,0.016888,0.999161,0,0.79105,-0.07626,47.463,-0.153,-1,-1,-1,425.000,-1,325.000,325.000,275.000,300.000,-1,-1,-1,525.000,-1,875.000,-1,-1,2,2,2,0,2,0,0,0,0,2,2,2,1,2,0,2,2
106,2159.138,306.547,-334.281,-102.545,-0.216344,0.975971,-0.025999,-0.975514,-0.217169,-0.034785,-0.039595,0.017837,0.999057,0,0.87105,0.04374,52.263,0.087,-1,-1,-1,425.000,-1,325.000,325.000,275.000,300.000,-1,-1,-1,575.000,-1,875.000,-1,-1,2,2,2,1,2,0,0,0,0,2,2,2,1,2,0,2,2
107,2146.938,250.803,-336.490,-102.345,-0.212830,0.976703,-0.027470,-0.976186,-0.213758,-0.036996,-0.042006,0.018942,0.998938,0,0.95105,0.09998,57.063,0.200,-1,-1,-1,450.000,-1,750.000,350.000,275.000,300.000,-1,-1,-1,625.000,-1,850.000,-1,-1,2,2,2,1,2,1,1,0,0,2,2,2,1,2,0,2,2
108,2134.324,192.151,-338.868,-102.138,-0.209176,0.977448,-0.028987,-0.976865,-0.210216,-0.039290,-0.044498,0.020097,0.998807,0,0.99988,0.10368,59.993,0.207,-1,-1,-1,475.000,-1,875.000,475.000,275.000,300.000,-1,-1,-1,700.000,-1,850.000,-1,-1,2,2,2,1,2,1,1,0,0,2,2,2,1,2,0,2,2
109,2121.930,133.445,-341.301,-101.922,-0.205371,0.978210,-0.030475,-0.977558,-0.206528,-0.041550,-0.046938,0.021258,0.998672,0,1.00000,0.10791,60.000,0.216,-1,-1,-1,500.000,-1,925.000,550.000,275.000,300.000,-1,-1,-1,775.000,-1,825.000,-1,-1,2,2,2,1,2,1,1,0,0,2,2,2,1,2,0,2,2
110,2109.766,74.691,-343.787,-101.697,-0.201400,0.978988,-0.031934,-0.978266,-0.202680,-0.043773,-0.049325,0.022424,0.998531,0,1.00000,0.11251,60.000,0.225,-1,-1,-1,500.000,-1,900.000,600.000,275.000,300.000,-1,-1,-1,850.000,-1,825.000,-1,-1,2,2,2,1,2,1,1,0,0,2,2,2,1,2,0,2,2
111,2097.842,15.885,-351.651,-101.462,-0.198147,0.980057,-0.015064,-0.977850,-0.198711,-0.065745,-0.067427,0.001703,0.997723,0,1.00000,0.11752,60.000,0.235,-1,-1,-1,475.000,-1,850.000,550.000,225.000,300.000,-1,-1,-1,1000.000,-1,750.000,-1,-1,2,2,2,1,2,1,1,0,0,2,2,2,1,2,0,2,2
112,2086.191,-42.980,-364.644,-101.216,-0.197456,0.980127,0.019029,-0.975043,-0.194347,-0.107335,-0.101504,-0.039748,0.994041,0,1.00000,0.12302,60.000,0.246,-1,-1,-1,425.000,-1,750.000,475.000,150.000,325.000,-1,-1,-1,-1,-1,600.000,-1,-1,2,2,2,1,2,1,1,0,0,2,2,2,2,2,1,2,2
113,2074.821,-101.905,-379.447,-100.957,-0.198090,0.979214,0.043601,-0.970275,-0.189584,-0.150414,-0.139021,-0.072101,0.987661,0,1.00000,0.12909,60.000,0.258,-1,-1,-1,375.000,925.000,625.000,400.000,100.000,350.000,-1,-1,-1,-1,-1,525.000,-1,525.000,2,2,2,1,0,1,1,0,0,2,2,2,2,2,1,2,0
114,2063.745,-160.889,-394.267,-100.686,-0.200292,0.977482,0.066428,-0.963875,-0.184446,-0.192159,-0.175579,-0.102516,0.979113,0,1.00000,0.13582,60.000,0.272,-1,925.000,-1,325.000,325.000,525.000,325.000,50.000,375.000,-1,-1,-1,-1,-1,450.000,-1,275.000,2,1,2,1,0,1,1,0,0,2,2,2,2,2,1,2,1
115,7543.220,-7543.220,-175.158,-134.557,-0.701504,0.712549,0.012935,-0.712541,-0.701605,0.006008,0.013356,-0.005002,0.999898,1,0.00000,0.00000,60.000,0.287,-1,400.000,-1,400.000,-1,325.000,325.000,325.000,325.000,525.000,600.000,625.000,-1,925.000,775.000,-1,-1,2,0,2,0,2,0,0,0,0,1,1,1,2,0,0,2,2
116,7539.838,-7546.627,-175.057,-134.797,-0.704486,0.709604,0.012744,-0.709596,-0.704584,0.005870,0.013145,-0.004907,0.999902,0,0.08000,-0.12000,4.800,-0.240,-1,400.000,-1,400.000,-1,325.000,325.000,325.000,325.000,550.000,600.000,625.000,-1,900.000,775.000,-1,-1,2,0,2,0,2,0,0,0,0,1,1,1,2,0,0,2,2
117,7533.017,-7553.382,-174.854,-135.277,-0.710413,0.703677,0.012361,-0.703670,-0.710505,0.005606,0.012727,-0.004715,0.999908,0,0.16000,-0.24000,9.600,-0.480,-1,400.000,-1,400.000,-1,325.000,325.000,325.000,325.000,550.000,600.000,650.000,-1,900.000,775.000,-1,-1,2,0,2,0,2,0,0,0,0,1,1,1,2,0,0,2,2
118,7522.659,-7563.386,-174.547,-135.997,-0.719209,0.694694,0.011785,-0.694688,-0.719292,0.005234,0.012113,-0.004422,0.999917,0,0.24000,-0.36000,14.400,-0.720,-1,400.000,-1,400.000,-1,325.000,325.000,325.000,325.000,575.000,625.000,675.000,-1,900.000,750.000,-1,-1,2,0,2,0,2,0,0,0,0,1,1,1,2,0,0,2,2
119,7508.641,-7576.506,-174.272,-136.895,-0.730016,0.683329,0.011724,-0.683329,-0.730096,0.004672,0.011752,-0.004601,0.999920,0,0.32000,-0.44922,19.200,-0.898,-1,400.000,-1,400.000,-1,325.000,325.000,325.000,325.000,600.000,625.000,700.000,-1,900.000,750.000,-1,-1,2,0,2,0,2,0,0,0,0,1,1,1,2,0,0,2,2
120,7490.860,-7592.625,-174.027,-137.806,-0.740779,0.671639,0.012143,-0.671648,-0.740860,0.003897,0.011614,-0.005269,0.999919,0,0.40000,-0.45528,24.000,-0.911,-1,400.000,-1,400.000,-1,325.000,325.000,325.000,325.000,625.000,625.000,725.000,-1,875.000,750.000,-1,-1,2,0,2,0,2,0,0,0,0,1,1,1,2,0,0,2,2
121,7469.214,-7611.621,-173.711,-138.732,-0.751535,0.659574,0.012556,-0.659595,-0.751615,0.002991,0.011410,-0.006034,0.999917,0,0.48000,-0.46303,28.800,-0.926,-1,400.000,-1,400.000,-1,325.000,325.000,325.000,325.000,675.000,650.000,750.000,-1,875.000,750.000,-1,-1,2,0,2,0,2,0,0,0,0,1,1,1,2,0,0,2,2
122,7443.597,-7633.364,-173.365,-139.677,-0.762309,0.647084,0.012947,-0.647115,-0.762389,0.002197,0.011293,-0.006704,0.999914,0,0.56000,-0.47255,33.600,-0.945,-1,400.000,-1,400.000,-1,325.000,325.000,325.000,325.000,725.000,675.000,775.000,-1,875.000,750.000,-1,-1,2,0,2,0,2,0,0,0,0,1,1,1,2,0,0,2,2
123,7413.905,-7657.714,-172.962,-140.645,-0.773127,0.634112,0.013321,-0.634152,-0.773207,0.001449,0.011218,-0.007327,0.999910,0,0.64000,-0.48392,38.400,-0.968,-1,400.000,-1,400.000,-1,325.000,325.000,325.000,325.000,775.000,700.000,800.000,-1,850.000,750.000,-1,-1,2,0,2,0,2,0,0,0,0,1,1,1,2,0,0,2,2
124,7380.031,-7684.525,-172.476,-141.639,-0.784013,0.620594,0.013677,-0.620644,-0.784092,0.000693,0.011154,-0.007945,0.999906,0,0.72000,-0.49722,43.200,-0.994,-1,400.000,-1,400.000,-1,325.000,325.000,325.000,325.000,875.000,725.000,825.000,-1,850.000,750.000,-1,-1,2,0,2,0,2,0,0,0,0,1,1,1,2,0,0,2,2
125,7341.867,-7713.636,-171.897,-142.664,-0.794987,0.606464,0.014012,-0.606524,-0.795065,-0.000045,0.011113,-0.008534,0.999902,0,0.80000,-0.51253,48.000,-1.025,-1,400.000,-1,400.000,-1,325.000,325.000,325.000,325.000,975.000,750.000,875.000,-1,850.000,750.000,-1,-1,2,0,2,0,2,0,0,0,0,1,1,1,2,0,0,2,2
126,7302.606,-7742.451,-171.266,-143.724,-0.806066,0.591652,0.014312,-0.591720,-0.806143,-0.000692,0.011129,-0.009026,0.999897,0,0.81166,-0.52992,48.699,-1.060,-1,400.000,-1,400.000,-1,325.000,325.000,325.000,325.000,-1,800.000,900.000,-1,825.000,750.000,-1,-1,2,0,2,0,2,0,0,0,0,2,1,1,2,0,0,2,2
127,7262.421,-7770.777,-170.653,-144.820,-0.817236,0.576126,0.014283,-0.576198,-0.817310,-0.001154,0.011008,-0.009173,0.999897,0,0.81942,-0.54792,49.165,-1.096,-1,400.000,-1,400.000,-1,325.000,325.000,325.000,325.000,-1,825.000,925.000,-1,825.000,750.000,-1,-1,2,0,2,0,2,0,0,0,0,2,1,1,2,0,0,2,2
128,7221.249,-7798.598,-170.067,-145.953,-0.828471,0.559853,0.014114,-0.559929,-0.828539,-0.001787,0.010694,-0.009383,0.999899,0,0.82818,-0.56642,49.691,-1.133,-1,400.000,-1,400.000,-1,325.000,325.000,325.000,325.000,-1,875.000,950.000,-1,825.000,750.000,-1,-1,2,0,2,0,2,0,0,0,0,2,1,1,2,0,0,2,2
129,7179.027,-7825.888,-169.655,-147.124,-0.839749,0.542800,0.013783,-0.542889,-0.839798,-0.003459,0.009697,-0.010387,0.999899,0,0.83788,-0.58545,50.273,-1.171,-1,400.000,-1,400.000,-1,325.000,325.000,325.000,325.000,-1,900.000,1000.000,-1,800.000,750.000,-1,-1,2,0,2,0,2,0,0,0,0,2,1,1,2,0,0,2,2
130,7135.697,-7852.614,-169.177,-148.333,-0.851033,0.524941,0.013368,-0.525038,-0.851065,-0.004914,0.008798,-0.011201,0.999899,0,0.84849,-0.60498,50.910,-1.210,-1,400.000,-1,400.000,-1,325.000,325.000,325.000,325.000,-1,950.000,-1,-1,775.000,750.000,-1,-1,2,0,2,0,2,0,0,0,0,2,1,2,2,0,0,2,2
131,7091.201,-7878.738,-168.694,-149.584,-0.862290,0.506244,0.013169,-0.506349,-0.862306,-0.006254,0.008189,-0.012061,0.999894,0,0.85998,-0.62504,51.599,-1.250,-1,400.000,-1,375.000,-1,325.000,300.000,350.000,325.000,-1,975.000,-1,-1,775.000,750.000,-1,-1,2,0,2,0,2,0,0,0,0,2,1,2,2,0,0,2,2
132,7045.481,-7904.211,-168.147,-150.875,-0.873485,0.486680,0.012917,-0.486791,-0.873488,-0.007381,0.007691,-0.012735,0.999889,0,0.87229,-0.64562,52.337,-1.291,-1,400.000,-1,375.000,-1,300.000,300.000,350.000,325.000,-1,-1,-1,-1,750.000,750.000,-1,-1,2,0,2,0,2,0,0,0,0,2,2,2,2,0,0,2,2
133,6998.485,-7928.981,-167.757,-152.208,-0.884578,0.466221,0.012654,-0.466331,-0.884576,-0.007813,0.007551,-0.012812,0.999889,0,0.88540,-0.66672,53.124,-1.333,-1,400.000,-1,375.000,-1,300.000,300.000,350.000,325.000,-1,-1,-1,-1,750.000,750.000,-1,-1,2,0,2,0,2,0,0,0,0,2,2,2,2,0,0,2,2
