timestep,x_cm,y_cm,z_cm,yaw_deg,basis_xx,basis_xy,basis_xz,basis_yx,basis_yy,basis_yz,basis_zx,basis_zy,basis_zz,teleport_flag,throttle_cmd,steering_cmd,cmd_move_cm,cmd_turn_deg,lidar_cm_0,lidar_cm_1,lidar_cm_2,lidar_cm_3,lidar_cm_4,lidar_cm_5,lidar_cm_6,lidar_cm_7,lidar_cm_8,lidar_cm_9,lidar_cm_10,lidar_cm_11,lidar_cm_12,lidar_cm_13,lidar_cm_14,lidar_cm_15,lidar_cm_16,lidar_class_0,lidar_class_1,lidar_class_2,lidar_class_3,lidar_class_4,lidar_class_5,lidar_class_6,lidar_class_7,lidar_class_8,lidar_class_9,lidar_class_10,lidar_class_11,lidar_class_12,lidar_class_13,lidar_class_14,lidar_class_15,lidar_class_16
0,-330.559,4915.452,-178.479,-122.691,-0.540000,0.841585,-0.011582,-0.841537,-0.540107,-0.009974,-0.014650,0.004361,0.999883,1,0.08000,-0.12000,4.800,-0.240,-1,425.000,-1,425.000,-1,350.000,350.000,300.000,300.000,-1,-1,-1,-1,950.000,825.000,-1,-1,2,0,2,0,2,0,0,0,0,2,2,2,2,0,0,2,2
1,-335.811,4907.416,-178.556,-123.171,-0.547020,0.837031,-0.012199,-0.836974,-0.547138,-0.010668,-0.015604,0.004375,0.999869,0,0.16000,-0.24000,9.600,-0.480,-1,425.000,-1,425.000,-1,350.000,350.000,300.000,300.000,-1,-1,-1,-1,950.000,825.000,-1,-1,2,0,2,0,2,0,0,0,0,2,2,2,2,0,0,2,2
2,-343.841,4895.463,-178.676,-123.891,-0.557476,0.830089,-0.013129,-0.830019,-0.557613,-0.011692,-0.017026,0.004379,0.999845,0,0.24000,-0.36000,14.400,-0.720,-1,425.000,-1,425.000,-1,350.000,325.000,300.000,300.000,-1,-1,-1,-1,925.000,800.000,-1,-1,2,0,2,0,2,0,0,0,0,2,2,2,2,0,0,2,2
3,-354.813,4879.706,-178.845,-124.851,-0.571278,0.820631,-0.014374,-0.820539,-0.571443,-0.013028,-0.018905,0.004352,0.999812,0,0.32000,-0.48000,19.200,-0.960,-1,425.000,-1,400.000,-1,350.000,325.000,300.000,300.000,-1,-1,-1,-1,925.000,800.000,-1,-1,2,0,2,0,2,0,0,0,0,2,2,2,2,0,0,2,2
4,-368.937,4860.302,-179.046,-126.051,-0.588303,0.808483,-0.015971,-0.808364,-0.588503,-0.014524,-0.021141,0.004366,0.999767,0,0.40000,-0.60000,24.000,-1.200,-1,425.000,-1,400.000,-1,350.000,325.000,300.000,300.000,-1,-1,-1,-1,925.000,775.000,-1,-1,2,0,2,0,2,0,0,0,0,2,2,2,2,0,0,2,2
5,-386.423,4837.418,-179.297,-127.383,-0.606887,0.794586,-0.017891,-0.794435,-0.607135,-0.016150,-0.023695,0.004412,0.999709,0,0.48000,-0.66590,28.800,-1.332,-1,425.000,-1,400.000,-1,325.000,325.000,300.000,300.000,-1,-1,-1,-1,900.000,750.000,-1,-1,2,0,2,0,2,0,0,0,0,2,2,2,2,0,0,2,2
6,-407.438,4811.201,-180.012,-128.715,-0.625186,0.780265,-0.018125,-0.780063,-0.625442,-0.017975,-0.025361,0.002901,0.999674,0,0.56000,-0.66590,33.600,-1.332,-1,425.000,-1,400.000,-1,325.000,325.000,300.000,300.000,-1,-1,-1,-1,900.000,750.000,-1,-1,2,0,2,0,2,0,0,0,0,2,2,2,2,0,0,2,2
7,-430.798,4783.408,-180.926,-130.047,-0.643165,0.765520,-0.017823,-0.765261,-0.643411,-0.019957,-0.026745,0.000804,0.999642,0,0.60510,-0.66590,36.306,-1.332,-1,425.000,-1,400.000,-1,325.000,325.000,300.000,300.000,-1,-1,-1,-1,875.000,725.000,-1,-1,2,0,2,0,2,0,0,0,0,2,2,2,2,0,0,2,2
8,-454.797,4756.165,-181.860,-131.378,-0.660797,0.750359,-0.017575,-0.750039,-0.661029,-0.021944,-0.028084,-0.001319,0.999605,0,0.60510,-0.66590,36.306,-1.332,-1,425.000,-1,400.000,-1,325.000,325.000,300.000,300.000,-1,-1,-1,-1,875.000,725.000,-1,-1,2,0,2,0,2,0,0,0,0,2,2,2,2,0,0,2,2
9,-479.423,4729.487,-182.814,-132.710,-0.678073,0.734789,-0.017378,-0.734407,-0.678287,-0.023934,-0.029374,-0.003466,0.999562,0,0.60510,-0.66590,36.306,-1.332,-1,425.000,-1,400.000,-1,325.000,325.000,300.000,300.000,-1,-1,-1,-1,875.000,700.000,-1,-1,2,0,2,0,2,0,0,0,0,2,2,2,2,0,0,2,2
10,-507.876,4699.819,-183.923,-133.802,-0.691965,0.721724,-0.017288,-0.721270,-0.692158,-0.026202,-0.030877,-0.005662,0.999507,0,0.68510,-0.54590,41.106,-1.092,-1,425.000,-1,375.000,-1,325.000,325.000,300.000,300.000,-1,-1,-1,-1,850.000,700.000,-1,-1,2,0,2,0,2,0,0,0,0,2,2,2,2,0,0,2,2
11,-540.216,4667.239,-185.234,-134.789,-0.704306,0.709686,-0.017249,-0.709144,-0.704471,-0.028902,-0.032663,-0.008124,0.999433,0,0.76510,-0.49331,45.906,-0.987,-1,400.000,-1,375.000,-1,325.000,325.000,300.000,300.000,-1,-1,-1,-1,825.000,675.000,-1,-1,2,0,2,0,2,0,0,0,0,2,2,2,2,0,0,2,2
12,-576.553,4631.872,-186.749,-135.775,-0.716442,0.697433,-0.017257,-0.696785,-0.716568,-0.031959,-0.034655,-0.010872,0.999340,0,0.84510,-0.49331,50.706,-0.987,-1,400.000,-1,375.000,-1,325.000,325.000,300.000,300.000,-1,-1,-1,-1,800.000,675.000,-1,-1,2,0,2,0,2,0,0,0,0,2,2,2,2,0,0,2,2
13,-616.989,4593.847,-188.037,-136.762,-0.728426,0.684951,-0.015405,-0.684204,-0.728429,-0.035443,-0.035498,-0.015277,0.999253,0,0.92510,-0.49331,55.506,-0.987,-1,400.000,-1,375.000,-1,325.000,325.000,300.000,300.000,-1,-1,-1,-1,775.000,675.000,-1,-1,2,0,2,0,2,0,0,0,0,2,2,2,2,0,0,2,2
14,-658.654,4555.998,-189.334,-137.749,-0.740201,0.672253,-0.013362,-0.671418,-0.740055,-0.038928,-0.036058,-0.019843,0.999153,0,0.93816,-0.49331,56.290,-0.987,-1,400.000,-1,375.000,-1,325.000,325.000,300.000,300.000,-1,-1,-1,-1,750.000,675.000,-1,-1,2,0,2,0,2,0,0,0,0,2,2,2,2,0,0,2,2
15,-700.964,4518.872,-190.727,-138.735,-0.751752,0.659348,-0.011347,-0.658449,-0.751450,-0.042041,-0.036247,-0.024133,0.999051,0,0.93816,-0.49331,56.290,-0.987,-1,400.000,-1,375.000,-1,325.000,300.000,300.000,300.000,-1,-1,-1,-1,750.000,675.000,-1,-1,2,0,2,0,2,0,0,0,0,2,2,2,2,0,0,2,2
16,-743.907,4482.480,-192.530,-139.722,-0.763056,0.646264,-0.009382,-0.645376,-0.762636,-0.043306,-0.035142,-0.026990,0.999018,0,0.93816,-0.49331,56.290,-0.987,-1,400.000,-1,375.000,1000.000,325.000,300.000,300.000,300.000,-1,-1,-1,-1,725.000,675.000,-1,-1,2,0,2,0,0,0,0,0,0,2,2,2,2,0,0,2,2
17,-787.471,4446.832,-194.271,-140.708,-0.774121,0.632990,-0.007714,-0.632116,-0.773595,-0.044510,-0.034142,-0.029580,0.998979,0,0.93816,-0.49331,56.290,-0.987,-1,400.000,-1,375.000,1000.000,325.000,300.000,300.000,300.000,-1,-1,-1,-1,725.000,650.000,-1,-1,2,0,2,0,0,0,0,0,0,2,2,2,2,0,0,2,2
18,-831.642,4411.940,-196.012,-141.695,-0.784952,0.619527,-0.006034,-0.618675,-0.784316,-0.045710,-0.033051,-0.032147,0.998937,0,0.93817,-0.49328,56.290,-0.987,-1,375.000,-1,375.000,975.000,300.000,300.000,300.000,300.000,-1,-1,-1,-1,700.000,650.000,-1,-1,2,0,2,0,0,0,0,0,0,2,2,2,2,0,0,2,2
19,-876.441,4377.783,-197.757,-142.678,-0.795502,0.605935,-0.004313,-0.605113,-0.794756,-0.046913,-0.031853,-0.034709,0.998890,0,0.93891,-0.49127,56.335,-0.983,-1,375.000,-1,375.000,975.000,300.000,300.000,300.000,300.000,-1,-1,-1,-1,675.000,625.000,-1,-1,2,0,2,0,0,0,0,0,0,2,2,2,2,0,0,2,2
20,-921.909,4344.349,-199.105,-143.671,-0.805905,0.592039,-0.002465,-0.591322,-0.805122,-0.046011,-0.029225,-0.035622,0.998938,0,0.94062,-0.49695,56.437,-0.994,-1,375.000,-1,375.000,975.000,300.000,300.000,300.000,300.000,-1,-1,-1,-1,675.000,625.000,-1,-1,2,0,2,0,0,0,0,0,0,2,2,2,2,0,0,2,2
21,-968.027,4311.659,-200.322,-144.670,-0.816100,0.577910,-0.000460,-0.577323,-0.815307,-0.044421,-0.026046,-0.035987,0.999013,0,0.94216,-0.49929,56.530,-0.999,-1,375.000,-1,375.000,950.000,300.000,300.000,300.000,300.000,-1,-1,-1,-1,675.000,625.000,-1,-1,2,0,2,0,0,0,0,0,0,2,2,2,2,0,0,2,2
22,-1014.787,4279.730,-201.587,-145.673,-0.826090,0.563535,0.001946,-0.563086,-0.825284,-0.042903,-0.022571,-0.036537,0.999077,0,0.94369,-0.50164,56.621,-1.003,-1,375.000,-1,375.000,950.000,300.000,300.000,300.000,300.000,-1,875.000,-1,-1,675.000,625.000,-1,-1,2,0,2,0,1,0,0,0,0,2,0,2,2,0,0,2,2
23,-1062.177,4248.579,-202.857,-146.681,-0.835864,0.548917,0.004537,-0.548609,-0.835053,-0.041408,-0.018941,-0.037101,0.999132,0,0.94518,-0.50401,56.711,-1.008,-1,375.000,-1,375.000,950.000,300.000,300.000,300.000,300.000,-1,575.000,775.000,-1,675.000,625.000,-1,1000.000,2,0,2,0,0,0,0,0,0,2,0,0,2,0,0,2,0
24,-1110.184,4218.223,-204.076,-147.694,-0.845415,0.534060,0.007292,-0.533895,-0.844607,-0.039940,-0.015172,-0.037659,0.999175,0,0.94666,-0.50640,56.799,-1.013,-1,375.000,-1,350.000,925.000,325.000,300.000,325.000,300.000,-1,450.000,575.000,-1,675.000,625.000,-1,975.000,2,0,2,0,0,0,0,0,0,2,0,0,2,0,0,2,0
25,-1158.796,4188.679,-204.925,-148.712,-0.854751,0.518942,0.010038,-0.518896,-0.853902,-0.039980,-0.012176,-0.039381,0.999150,0,0.94810,-0.50880,56.886,-1.018,-1,400.000,-1,350.000,925.000,325.000,300.000,325.000,300.000,-1,400.000,500.000,-1,650.000,625.000,-1,975.000,2,0,2,0,0,0,0,0,0,2,0,0,2,0,0,2,0
26,-1208.001,4159.964,-205.586,-149.734,-0.863857,0.503577,0.012708,-0.503646,-0.862949,-0.040746,-0.009553,-0.041599,0.999089,0,0.94950,-0.51123,56.970,-1.022,-1,375.000,-1,350.000,925.000,300.000,300.000,325.000,300.000,-1,400.000,475.000,-1,650.000,600.000,-1,950.000,2,0,2,0,0,0,0,0,0,2,0,0,2,0,0,2,0
27,-1257.784,4132.096,-205.963,-150.762,-0.872712,0.487958,0.016438,-0.488196,-0.871723,-0.041998,-0.006164,-0.044677,0.998982,0,0.95087,-0.51368,57.052,-1.027,-1,375.000,-1,350.000,925.000,300.000,300.000,325.000,300.000,-1,375.000,450.000,-1,625.000,600.000,-1,950.000,2,0,2,0,0,0,0,0,0,2,0,0,2,0,0,2,0
28,-1308.131,4105.091,-205.978,-151.794,-0.881292,0.472081,0.021537,-0.472568,-0.880198,-0.043936,-0.001785,-0.048898,0.998802,0,0.95220,-0.51615,57.132,-1.032,-1,375.000,-1,350.000,975.000,300.000,300.000,300.000,300.000,-1,350.000,425.000,-1,625.000,625.000,-1,975.000,2,0,2,0,0,0,0,0,0,2,0,0,2,0,0,2,0
29,-1359.026,4078.967,-205.946,-152.831,-0.889597,0.455971,0.026600,-0.456738,-0.888410,-0.046024,0.002646,-0.053092,0.998586,0,0.95347,-0.51865,57.208,-1.037,1000.000,375.000,-1,350.000,1000.000,300.000,300.000,300.000,300.000,-1,325.000,400.000,-1,625.000,625.000,-1,1000.000,0,0,2,0,0,0,0,0,0,2,0,0,2,0,0,2,0
30,-1410.455,4053.741,-205.656,-153.873,-0.897645,0.439653,0.030646,-0.440673,-0.896394,-0.047805,0.006453,-0.056417,0.998386,0,0.95470,-0.52118,57.282,-1.042,950.000,375.000,-1,350.000,-1,300.000,300.000,300.000,325.000,-1,325.000,400.000,-1,625.000,625.000,-1,-1,0,0,2,0,2,0,0,0,0,2,0,0,2,0,0,2,2
31,-1462.400,4029.430,-204.950,-154.921,-0.905455,0.423149,0.033103,-0.424340,-0.904187,-0.048798,0.009283,-0.058231,0.998260,0,0.95586,-0.52375,57.352,-1.047,925.000,375.000,-1,350.000,-1,300.000,300.000,300.000,300.000,-1,350.000,425.000,-1,625.000,625.000,-1,-1,0,0,2,0,2,0,0,0,0,2,0,0,2,0,0,2,2
32,-1514.844,4006.053,-203.633,-155.974,-0.912940,0.406478,0.036275,-0.407854,-0.911836,-0.047014,0.013966,-0.057716,0.998235,0,0.95697,-0.52635,57.418,-1.053,-1,375.000,-1,350.000,-1,300.000,300.000,275.000,300.000,-1,375.000,450.000,-1,625.000,625.000,-1,-1,2,0,2,0,2,0,0,0,0,2,0,0,2,0,0,2,2
33,-1567.768,3983.624,-202.260,-157.032,-0.920142,0.389585,0.039526,-0.391139,-0.919216,-0.045300,0.018685,-0.057143,0.998191,0,0.95800,-0.52898,57.480,-1.058,-1,375.000,-1,375.000,-1,300.000,300.000,275.000,300.000,-1,375.000,450.000,-1,625.000,625.000,-1,-1,2,0,2,0,2,0,0,0,0,2,0,0,2,0,0,2,2
34,-1616.561,3963.762,-200.756,-157.850,-0.925443,0.376453,0.042886,-0.378154,-0.924756,-0.042734,0.023572,-0.055765,0.998166,0,0.87800,-0.40898,52.680,-0.818,-1,375.000,-1,375.000,-1,300.000,300.000,300.000,300.000,-1,400.000,450.000,-1,650.000,625.000,-1,-1,2,0,2,0,2,0,0,0,0,2,0,0,2,0,0,2,2
35,-1661.269,3946.088,-199.367,-158.428,-0.929031,0.367130,0.046008,-0.368950,-0.928568,-0.040450,0.027871,-0.054554,0.998122,0,0.80124,-0.28898,48.075,-0.578,-1,375.000,-1,375.000,-1,300.000,300.000,300.000,300.000,-1,400.000,450.000,-1,650.000,625.000,-1,-1,2,0,2,0,2,0,0,0,0,2,0,0,2,0,0,2,2
36,-1706.106,3928.667,-197.975,-158.765,-0.931010,0.361669,0.049153,-0.363594,-0.930774,-0.038195,0.031937,-0.053432,0.998061,0,0.80169,-0.16898,48.102,-0.338,-1,375.000,-1,375.000,975.000,325.000,300.000,300.000,300.000,-1,375.000,400.000,-1,650.000,625.000,-1,1000.000,2,0,2,0,1,0,0,0,0,2,0,0,2,0,0,2,1
37,-1750.982,3911.319,-196.570,-158.863,-0.931450,0.360095,0.052267,-0.362111,-0.931439,-0.036003,0.035719,-0.052462,0.997984,0,0.80188,-0.04898,48.113,-0.098,-1,375.000,-1,375.000,950.000,325.000,300.000,300.000,300.000,-1,325.000,350.000,-1,650.000,650.000,-1,975.000,2,0,2,0,1,0,0,0,0,2,0,0,2,0,0,2,1
38,-1795.809,3893.862,-195.156,-158.721,-0.930373,0.362419,0.055313,-0.364513,-0.930583,-0.033851,0.039206,-0.051656,0.997895,0,0.80176,0.07102,48.106,0.142,-1,375.000,-1,375.000,900.000,325.000,300.000,300.000,300.000,-1,300.000,300.000,-1,650.000,650.000,-1,950.000,2,0,2,0,1,0,0,0,0,2,0,0,2,0,0,2,1
39,-1840.493,3876.116,-193.765,-158.339,-0.927747,0.368629,0.058291,-0.370787,-0.928180,-0.031606,0.042453,-0.050936,0.997799,0,0.80130,0.19102,48.078,0.382,-1,375.000,-1,375.000,875.000,325.000,300.000,300.000,300.000,-1,275.000,275.000,-1,675.000,650.000,-1,925.000,2,0,2,0,1,0,0,0,0,2,0,0,2,0,0,2,1
40,-1884.934,3857.905,-191.923,-157.717,-0.923554,0.378662,0.060528,-0.380932,-0.924070,-0.031403,0.044041,-0.052059,0.997672,0,0.80047,0.31102,48.028,0.622,-1,375.000,-1,375.000,825.000,325.000,300.000,300.000,300.000,-1,275.000,300.000,-1,675.000,650.000,-1,900.000,2,0,2,0,1,0,0,0,0,2,0,0,2,0,0,2,1
41,-1929.028,3839.055,-189.787,-156.855,-0.917560,0.392471,0.063649,-0.394942,-0.918148,-0.032000,0.045880,-0.054499,0.997459,0,0.79923,0.43102,47.954,0.862,-1,375.000,-1,375.000,800.000,325.000,300.000,275.000,300.000,-1,275.000,300.000,-1,675.000,650.000,-1,875.000,2,0,2,0,1,0,0,0,0,2,0,0,2,0,0,2,1
42,-1972.660,3819.402,-187.543,-155.753,-0.909601,0.409985,0.067362,-0.412714,-0.910271,-0.032763,0.047886,-0.057602,0.997191,0,0.79757,0.55102,47.854,1.102,-1,375.000,-1,375.000,775.000,325.000,325.000,275.000,300.000,-1,300.000,325.000,-1,675.000,675.000,-1,900.000,2,0,2,0,1,0,0,0,0,2,0,0,2,0,1,2,1
43,-2015.705,3798.786,-185.360,-154.411,-0.899499,0.431111,0.071030,-0.434100,-0.900250,-0.033284,0.049596,-0.060773,0.996919,0,0.79546,0.67102,47.728,1.342,-1,375.000,-1,375.000,775.000,325.000,325.000,275.000,300.000,-1,300.000,325.000,-1,700.000,675.000,-1,-1,2,0,2,0,1,0,0,0,0,2,0,0,2,0,1,2,2
44,-2058.029,3777.060,-183.150,-152.829,-0.887027,0.455722,0.074163,-0.458928,-0.887849,-0.033299,0.050670,-0.063572,0.996690,0,0.79291,0.79102,47.575,1.582,-1,375.000,-1,375.000,750.000,300.000,325.000,275.000,300.000,-1,300.000,350.000,-1,700.000,700.000,-1,-1,2,0,2,0,1,0,0,0,0,2,0,0,2,0,0,2,2
45,-2095.664,3756.614,-180.974,-151.487,-0.875989,0.476349,0.075727,-0.479644,-0.876855,-0.032661,0.050844,-0.064932,0.996594,0,0.71385,0.67102,42.831,1.342,-1,375.000,-1,375.000,750.000,300.000,325.000,275.000,300.000,-1,325.000,375.000,-1,700.000,700.000,-1,-1,2,0,2,0,1,0,0,0,0,2,0,0,2,0,0,2,2
46,-2132.756,3735.529,-178.878,-150.385,-0.866542,0.493087,0.077271,-0.496468,-0.867463,-0.032045,0.051228,-0.066131,0.996495,0,0.71110,0.55102,42.666,1.102,-1,375.000,-1,375.000,775.000,300.000,325.000,275.000,300.000,-1,350.000,400.000,-1,700.000,700.000,-1,-1,2,0,2,0,1,0,0,0,0,2,0,0,2,0,0,2,2
47,-2169.392,3713.968,-176.734,-149.523,-0.858881,0.506062,0.078895,-0.509506,-0.859913,-0.030880,0.052216,-0.066719,0.996405,0,0.70849,0.43102,42.509,0.862,-1,375.000,-1,375.000,800.000,325.000,325.000,275.000,300.000,-1,375.000,425.000,-1,725.000,725.000,-1,-1,2,0,2,0,1,0,0,0,0,2,0,0,2,0,0,2,2
48,-2205.667,3692.087,-174.547,-148.901,-0.853174,0.515365,0.080580,-0.518850,-0.854364,-0.029283,0.053754,-0.066793,0.996318,0,0.70606,0.31102,42.363,0.622,-1,375.000,-1,375.000,850.000,325.000,325.000,275.000,300.000,-1,375.000,425.000,-1,750.000,725.000,-1,-1,2,0,2,0,1,0,0,0,0,2,0,0,2,0,0,2,2
49,-2241.681,3670.034,-172.392,-148.519,-0.849554,0.521053,0.082227,-0.524574,-0.850912,-0.027775,0.055496,-0.066730,0.996227,0,0.70383,0.19102,42.230,0.382,-1,375.000,-1,375.000,925.000,325.000,325.000,275.000,300.000,-1,400.000,450.000,-1,750.000,750.000,-1,-1,2,0,2,0,1,0,0,0,0,2,0,0,2,0,0,2,2
50,-2277.540,3647.955,-170.004,-148.377,-0.848192,0.523202,0.082645,-0.526652,-0.849685,-0.025947,0.056647,-0.065533,0.996241,0,0.70185,0.07102,42.111,0.142,-1,400.000,-1,375.000,-1,325.000,325.000,275.000,300.000,-1,425.000,450.000,-1,775.000,750.000,-1,-1,2,0,2,0,2,0,0,0,0,2,0,0,2,0,0,2,2
51,-2313.348,3625.991,-167.621,-148.475,-0.849019,0.521794,0.083060,-0.525170,-0.850651,-0.024257,0.057998,-0.064216,0.996249,0,0.70011,-0.04898,42.007,-0.098,-1,400.000,-1,375.000,-1,325.000,325.000,275.000,300.000,-1,450.000,450.000,-1,825.000,750.000,-1,-1,2,0,2,0,2,0,0,0,0,2,0,0,2,0,0,2,2
52,-2349.148,3604.186,-165.255,-148.654,-0.850578,0.519173,0.083522,-0.522482,-0.852348,-0.022701,0.059404,-0.062948,0.996247,0,0.69863,-0.08959,41.918,-0.179,-1,400.000,-1,400.000,-1,325.000,325.000,275.000,300.000,-1,475.000,450.000,-1,850.000,775.000,-1,-1,2,0,2,0,2,0,0,0,0,2,0,0,2,0,0,2,2
53,-2386.755,3581.425,-162.795,-148.815,-0.851962,0.516809,0.084076,-0.520057,-0.853868,-0.021198,0.060834,-0.061784,0.996234,0,0.73264,-0.08063,43.958,-0.161,-1,400.000,-1,400.000,-1,325.000,325.000,275.000,300.000,-1,500.000,450.000,-1,875.000,775.000,-1,-1,2,0,2,0,2,0,0,0,0,2,0,0,2,0,0,2,2
54,-2424.409,3558.786,-160.334,-148.983,-0.853382,0.514342,0.084798,-0.517547,-0.855424,-0.019870,0.062319,-0.060843,0.996200,0,0.73226,-0.08370,43.936,-0.167,-1,400.000,-1,400.000,-1,325.000,325.000,300.000,275.000,-1,500.000,450.000,-1,925.000,800.000,-1,-1,2,0,2,0,2,0,0,0,0,2,0,0,2,0,0,2,2
55,-2462.104,3536.277,-157.697,-149.156,-0.854853,0.511750,0.085668,-0.514977,-0.856983,-0.019475,0.063450,-0.060765,0.996133,0,0.73173,-0.08682,43.904,-0.174,-1,400.000,-1,400.000,-1,325.000,325.000,300.000,275.000,-1,500.000,475.000,-1,950.000,800.000,-1,-1,2,0,2,0,2,0,0,0,0,2,0,0,2,0,0,2,2
56,-2499.834,3513.906,-154.926,-149.336,-0.856400,0.509036,0.086380,-0.512334,-0.858553,-0.020005,0.063979,-0.061387,0.996061,0,0.73105,-0.08997,43.863,-0.180,-1,400.000,-1,400.000,-1,325.000,325.000,300.000,300.000,-1,525.000,500.000,-1,975.000,825.000,-1,-1,2,0,2,0,2,0,0,0,0,2,0,0,2,0,0,2,2
57,-2537.594,3491.684,-152.197,-149.523,-0.858000,0.506220,0.087043,-0.509593,-0.860168,-0.020643,0.064421,-0.062068,0.995991,0,0.73022,-0.09316,43.813,-0.186,-1,425.000,-1,400.000,-1,325.000,325.000,300.000,300.000,-1,575.000,525.000,-1,-1,850.000,-1,-1,2,0,2,0,2,0,0,0,0,2,0,0,2,2,0,2,2
58,-2575.376,3469.619,-149.563,-149.715,-0.859674,0.503306,0.087427,-0.506739,-0.861836,-0.021301,0.064627,-0.062614,0.995943,0,0.72923,-0.09637,43.754,-0.193,-1,425.000,-1,400.000,-1,325.000,325.000,300.000,300.000,-1,600.000,575.000,-1,-1,900.000,-1,-1,2,0,2,0,2,0,0,0,0,2,0,0,2,2,0,2,2
59,-2613.177,3447.719,-146.994,-149.915,-0.861409,0.500291,0.087657,-0.503777,-0.863553,-0.022023,0.064678,-0.063130,0.995907,0,0.72810,-0.09960,43.686,-0.199,-1,425.000,-1,400.000,-1,350.000,325.000,300.000,300.000,-1,650.000,625.000,-1,-1,950.000,-1,-1,2,0,2,0,2,0,0,0,0,2,0,0,2,2,0,2,2
60,-2650.989,3425.994,-144.473,-150.120,-0.863198,0.497170,0.087809,-0.500711,-0.865313,-0.022837,0.064629,-0.063680,0.995876,0,0.72681,-0.10284,43.609,-0.206,-1,425.000,-1,400.000,-1,350.000,325.000,275.000,300.000,-1,675.000,650.000,-1,-1,1000.000,-1,-1,2,0,2,0,2,0,0,0,0,2,0,0,2,2,0,2,2
61,-2688.805,3404.449,-142.001,-150.330,-0.865018,0.493983,0.087885,-0.497580,-0.867093,-0.023742,0.064476,-0.064267,0.995848,0,0.72539,-0.10479,43.523,-0.210,-1,425.000,-1,425.000,-1,350.000,350.000,275.000,275.000,-1,725.000,700.000,-1,-1,-1,-1,-1,2,0,2,0,2,0,0,0,1,2,0,0,2,2,2,2,2
62,-2726.620,3383.091,-139.440,-150.542,-0.866911,0.490769,0.087242,-0.494364,-0.868910,-0.024476,0.063793,-0.064348,0.995886,0,0.72383,-0.10600,43.430,-0.212,-1,425.000,-1,425.000,-1,350.000,350.000,275.000,275.000,-1,800.000,775.000,-1,-1,-1,-1,-1,2,0,2,0,2,0,0,0,1,2,0,0,2,2,2,2,2
63,-2764.426,3361.924,-136.803,-150.756,-0.868867,0.487529,0.085943,-0.491070,-0.870760,-0.025055,0.062621,-0.063974,0.995985,0,0.72214,-0.10709,43.328,-0.214,-1,450.000,-1,425.000,-1,350.000,350.000,300.000,275.000,-1,900.000,875.000,-1,-1,-1,-1,-1,2,0,2,0,2,0,0,0,1,2,0,0,2,2,2,2,2
64,-2802.217,3340.952,-134.254,-150.972,-0.870833,0.484246,0.084590,-0.487744,-0.872603,-0.025887,0.061278,-0.063802,0.996079,0,0.72033,-0.10808,43.220,-0.216,-1,450.000,-1,425.000,-1,350.000,350.000,300.000,250.000,-1,1000.000,975.000,-1,-1,-1,-1,-1,2,0,2,0,2,0,0,0,1,2,0,0,2,2,2,2,2
65,-2844.300,3317.824,-131.699,-151.209,-0.873013,0.480609,0.082851,-0.484119,-0.874552,-0.028063,0.058971,-0.064609,0.996167,0,0.80033,-0.11845,48.020,-0.237,-1,450.000,-1,425.000,-1,350.000,350.000,300.000,250.000,-1,-1,-1,-1,-1,-1,-1,-1,2,0,2,0,2,0,0,0,1,2,2,2,2,2,2,2,2
66,-2890.570,3292.646,-128.971,-151.448,-0.875212,0.476931,0.080881,-0.480453,-0.876486,-0.030604,0.056295,-0.065644,0.996254,0,0.87797,-0.11928,52.678,-0.239,-1,450.000,-1,425.000,-1,350.000,350.000,300.000,250.000,-1,-1,-1,-1,-1,-1,-1,-1,2,0,2,0,2,0,0,0,1,2,2,2,2,2,2,2,2
67,-2936.806,3267.736,-126.329,-151.688,-0.877410,0.473218,0.078849,-0.476749,-0.878409,-0.033296,0.053505,-0.066806,0.996330,0,0.87533,-0.12003,52.520,-0.240,-1,450.000,-1,425.000,-1,350.000,350.000,300.000,250.000,-1,-1,-1,-1,-1,-1,-1,-1,2,0,2,0,2,0,0,0,1,2,2,2,2,2,2,2,2
68,-2983.002,3243.098,-123.772,-151.929,-0.879603,0.469475,0.076755,-0.473009,-0.880316,-0.036137,0.050603,-0.068092,0.996395,0,0.87258,-0.12059,52.355,-0.241,-1,450.000,-1,425.000,-1,350.000,350.000,300.000,275.000,-1,-1,-1,-1,-1,-1,-1,-1,2,0,2,0,2,0,0,0,1,2,2,2,2,2,2,2,2
69,-3029.151,3218.734,-121.221,-152.171,-0.881799,0.465699,0.074530,-0.469241,-0.882188,-0.039473,0.047367,-0.069779,0.996437,0,0.86977,-0.12096,52.186,-0.242,-1,450.000,-1,425.000,-1,350.000,350.000,275.000,275.000,-1,-1,-1,-1,-1,-1,-1,-1,2,0,2,0,2,0,0,0,1,2,2,2,2,2,2,2,2
70,-3075.252,3194.645,-118.775,-152.413,-0.883979,0.461908,0.072260,-0.465442,-0.884041,-0.042841,0.044092,-0.071503,0.996465,0,0.86692,-0.12116,52.015,-0.242,-1,450.000,-1,450.000,-1,350.000,350.000,275.000,275.000,-1,-1,-1,-1,-1,-1,-1,-1,2,0,2,0,2,0,0,0,1,2,2,2,2,2,2,2,2
71,-3121.302,3170.829,-116.441,-152.655,-0.886140,0.458107,0.069953,-0.461617,-0.885875,-0.046200,0.040805,-0.073231,0.996480,0,0.86407,-0.12117,51.844,-0.242,-1,450.000,-1,450.000,-1,350.000,350.000,275.000,275.000,-1,-1,-1,-1,-1,-1,-1,-1,2,0,2,0,2,0,0,0,0,2,2,2,2,2,2,2,2
72,-3167.300,3147.286,-114.297,-152.897,-0.888267,0.454313,0.067688,-0.457774,-0.887708,-0.049175,0.037747,-0.074666,0.996494,0,0.86123,-0.12100,51.674,-0.242,-1,475.000,-1,475.000,-1,350.000,350.000,275.000,275.000,-1,-1,-1,-1,-1,-1,-1,-1,2,0,2,0,2,0,0,0,0,2,2,2,2,2,2,2,2
73,-3213.250,3124.012,-112.372,-153.139,-0.890391,0.450535,0.064981,-0.453893,-0.889544,-0.051886,0.034427,-0.075693,0.996537,0,0.85846,-0.12065,51.507,-0.241,-1,475.000,-1,475.000,-1,375.000,375.000,275.000,275.000,-1,-1,-1,-1,-1,-1,-1,-1,2,0,2,0,2,0,0,0,0,2,2,2,2,2,2,2,2
74,-3259.152,3101.005,-111.183,-153.379,-0.892625,0.446845,0.059577,-0.449847,-0.891513,-0.053311,0.029292,-0.074387,0.996799,0,0.85577,-0.12013,51.346,-0.240,-1,475.000,-1,475.000,-1,375.000,375.000,300.000,275.000,-1,-1,-1,-1,-1,-1,-1,-1,2,0,2,0,2,0,0,0,0,2,2,2,2,2,2,2,2
75,-3305.011,3078.258,-110.113,-153.618,-0.894802,0.443169,0.054136,-0.445810,-0.893458,-0.054645,0.024152,-0.073031,0.997037,0,0.85318,-0.11944,51.191,-0.239,-1,475.000,-1,475.000,-1,375.000,375.000,300.000,275.000,-1,-1,-1,-1,-1,-1,-1,-1,2,0,2,0,2,0,0,0,0,2,2,2,2,2,2,2,2
76,-3350.833,3055.766,-109.158,-153.855,-0.896918,0.439512,0.048659,-0.441789,-0.895376,-0.055889,0.019004,-0.071625,0.997251,0,0.85074,-0.11858,51.044,-0.237,-1,475.000,-1,475.000,-1,375.000,375.000,300.000,275.000,-1,-1,-1,-1,-1,-1,-1,-1,2,0,2,0,2,0,0,0,0,2,2,2,2,2,2,2,2
77,-3396.622,3033.522,-108.552,-154.090,-0.898931,0.435850,0.044237,-0.437846,-0.897205,-0.057562,0.014601,-0.071113,0.997361,0,0.84844,-0.11756,50.907,-0.235,-1,500.000,-1,475.000,-1,375.000,375.000,300.000,275.000,-1,-1,-1,-1,-1,-1,-1,-1,2,0,2,0,2,0,0,0,0,2,2,2,2,2,2,2,2
78,-3442.386,3011.518,-108.255,-154.323,-0.900902,0.432194,0.039789,-0.433911,-0.898953,-0.060043,0.009818,-0.071358,0.997402,0,0.84632,-0.11638,50.779,-0.233,-1,500.000,-1,475.000,-1,375.000,375.000,300.000,275.000,-1,-1,-1,-1,-1,-1,-1,-1,2,0,2,0,2,0,0,0,0,2,2,2,2,2,2,2,2
79,-3488.133,2989.747,-108.602,-154.553,-0.902873,0.428506,0.034675,-0.429894,-0.900525,-0.065163,0.003303,-0.073740,0.997272,0,0.84438,-0.11506,50.663,-0.230,-1,475.000,-1,450.000,-1,375.000,375.000,300.000,275.000,-1,-1,-1,-1,-1,-1,-1,-1,2,0,2,0,2,0,0,0,0,2,2,2,2,2,2,2,2
80,-3533.870,2968.201,-109.058,-154.780,-0.904779,0.424857,0.029519,-0.425869,-0.902058,-0.070187,-0.003192,-0.076075,0.997097,0,0.84264,-0.11359,50.558,-0.227,-1,475.000,-1,450.000,-1,375.000,375.000,300.000,275.000,-1,-1,-1,-1,-1,-1,-1,-1,2,0,2,0,2,0,0,0,0,2,2,2,2,2,2,2,2
81,-3579.608,2946.873,-109.621,-155.004,-0.906617,0.421252,0.024323,-0.421843,-0.903551,-0.075119,-0.009667,-0.078365,0.996878,0,0.84110,-0.11199,50.466,-0.224,-1,475.000,-1,450.000,-1,375.000,350.000,275.000,275.000,-1,-1,-1,-1,-1,1000.000,-1,-1,2,0,2,0,2,0,0,0,0,2,2,2,2,2,0,2,2
82,-3625.355,2925.755,-110.289,-155.225,-0.908386,0.417697,0.019087,-0.417822,-0.905004,-0.079959,-0.016125,-0.080609,0.996615,0,0.83976,-0.11025,50.386,-0.221,-1,450.000,-1,450.000,-1,350.000,350.000,275.000,275.000,-1,-1,-1,-1,-1,975.000,-1,-1,2,0,2,0,2,0,0,0,0,2,2,2,2,2,0,2,2
83,-3671.120,2904.838,-111.061,-155.441,-0.910083,0.414195,0.013813,-0.413810,-0.906413,-0.084709,-0.022566,-0.082808,0.996310,0,0.83863,-0.10839,50.318,-0.217,-1,450.000,-1,425.000,-1,350.000,350.000,275.000,275.000,-1,-1,-1,-1,1000.000,925.000,-1,-1,2,0,2,0,2,0,0,0,0,2,2,2,2,0,0,2,2
84,-3716.912,2884.114,-111.936,-155.654,-0.911708,0.410751,0.008501,-0.409814,-0.907780,-0.089369,-0.028991,-0.084963,0.995962,0,0.83772,-0.10641,50.263,-0.213,-1,450.000,-1,425.000,-1,350.000,350.000,275.000,275.000,-1,-1,-1,-1,950.000,900.000,-1,-1,2,0,2,0,2,0,0,0,0,2,2,2,2,0,0,2,2
85,-3762.741,2863.574,-112.914,-155.863,-0.913259,0.407368,0.003154,-0.405839,-0.909104,-0.093943,-0.035402,-0.087074,0.995573,0,0.83700,-0.10432,50.220,-0.209,-1,450.000,-1,425.000,-1,350.000,350.000,275.000,275.000,-1,-1,-1,-1,925.000,875.000,-1,-1,2,0,2,0,2,0,0,0,0,2,2,2,2,0,0,2,2
86,-3808.615,2843.211,-114.092,-156.067,-0.914729,0.404064,-0.001970,-0.401946,-0.910412,-0.097922,-0.041361,-0.088780,0.995192,0,0.83650,-0.10211,50.190,-0.204,-1,425.000,-1,425.000,-1,350.000,350.000,275.000,300.000,-1,-1,-1,-1,875.000,825.000,-1,-1,2,0,2,0,2,0,0,0,0,2,2,2,2,0,0,2,2
87,-3850.433,2824.619,-115.806,-156.031,-0.914451,0.404652,-0.005930,-0.402131,-0.910206,-0.099075,-0.045489,-0.088215,0.995062,0,0.76273,0.01789,45.764,0.036,-1,425.000,-1,400.000,-1,350.000,325.000,275.000,275.000,-1,-1,-1,-1,850.000,800.000,-1,-1,2,0,2,0,2,0,0,0,0,2,2,2,2,0,0,2,2
88,-3892.146,2805.834,-117.640,-155.756,-0.912456,0.409057,-0.009808,-0.406122,-0.908311,-0.100176,-0.049887,-0.087423,0.994921,0,0.76246,0.13789,45.747,0.276,-1,425.000,-1,400.000,-1,350.000,325.000,275.000,275.000,-1,-1,-1,-1,850.000,775.000,-1,-1,2,0,2,0,2,0,0,0,0,2,2,2,2,0,0,2,2
89,-3933.674,2786.681,-119.602,-155.240,-0.908688,0.417254,-0.013590,-0.413896,-0.904673,-0.101276,-0.054552,-0.086403,0.994766,0,0.76220,0.25789,45.732,0.516,-1,425.000,-1,400.000,-1,325.000,325.000,275.000,275.000,-1,-1,-1,-1,825.000,775.000,-1,-1,2,0,2,0,2,0,0,0,0,2,2,2,2,0,0,2,2
90,-3974.934,2766.987,-121.710,-154.484,-0.903045,0.429199,-0.017288,-0.425406,-0.899190,-0.102405,-0.059497,-0.085122,0.994593,0,0.76199,0.37789,45.719,0.756,-1,425.000,-1,400.000,-1,325.000,325.000,275.000,275.000,-1,-1,-1,-1,800.000,750.000,-1,-1,2,0,2,0,2,0,0,0,0,2,2,2,2,0,0,2,2
91,-4015.910,2746.725,-123.985,-153.688,-0.896922,0.441699,-0.020816,-0.437479,-0.893237,-0.103638,-0.064371,-0.083848,0.994397,0,0.76187,0.39805,45.712,0.796,-1,425.000,-1,400.000,-1,325.000,325.000,300.000,275.000,-1,-1,-1,1000.000,775.000,725.000,-1,-1,2,0,2,0,2,0,0,0,0,2,2,2,1,0,0,2,2
92,-4056.604,2725.887,-126.958,-152.887,-0.890679,0.454115,-0.021688,-0.449608,-0.886905,-0.106074,-0.067405,-0.084727,0.994122,0,0.76198,0.40071,45.719,0.801,-1,400.000,-1,400.000,-1,325.000,325.000,275.000,275.000,-1,-1,-1,950.000,775.000,700.000,-1,-1,2,0,2,0,2,0,0,0,0,2,2,2,1,0,0,2,2
93,-4097.019,2704.468,-130.072,-152.080,-0.884220,0.466529,-0.022504,-0.461734,-0.880363,-0.108461,-0.070412,-0.085513,0.993846,0,0.76234,0.40347,45.741,0.807,-1,400.000,-1,400.000,-1,325.000,325.000,275.000,275.000,-1,-1,-1,1000.000,750.000,700.000,-1,-1,2,0,2,0,2,0,0,0,0,2,2,2,1,0,0,2,2
94,-4137.159,2682.461,-133.181,-151.267,-0.877529,0.478965,-0.023132,-0.473948,-0.873651,-0.110028,-0.072909,-0.085589,0.993659,0,0.76295,0.40633,45.777,0.813,-1,400.000,-1,400.000,-1,325.000,325.000,275.000,275.000,-1,-1,-1,-1,750.000,675.000,-1,-1,2,0,2,0,2,0,0,0,0,2,2,2,2,0,0,2,2
95,-4177.023,2659.860,-136.260,-150.448,-0.870598,0.491429,-0.023583,-0.486275,-0.866775,-0.110624,-0.074805,-0.084841,0.993582,0,0.76377,0.40929,45.826,0.819,-1,400.000,-1,400.000,-1,325.000,325.000,275.000,275.000,-1,-1,-1,-1,725.000,675.000,-1,-1,2,0,2,0,2,0,0,0,0,2,2,2,2,0,0,2,2
96,-4216.613,2636.655,-139.467,-149.624,-0.863431,0.503895,-0.024010,-0.498619,-0.859682,-0.111022,-0.076585,-0.083888,0.993528,0,0.76482,0.41235,45.889,0.825,-1,400.000,-1,400.000,-1,325.000,325.000,275.000,275.000,-1,-1,-1,-1,725.000,675.000,-1,-1,2,0,2,0,2,0,0,0,0,2,2,2,2,0,0,2,2
97,-4255.927,2612.841,-142.805,-148.793,-0.856023,0.516360,-0.024420,-0.510982,-0.852367,-0.111214,-0.078241,-0.082723,0.993496,0,0.76608,0.41549,45.965,0.831,-1,400.000,-1,400.000,1000.000,325.000,325.000,300.000,275.000,-1,-1,-1,-1,725.000,650.000,-1,-1,2,0,2,0,1,0,0,0,0,2,2,2,2,0,0,2,2
98,-4294.962,2588.408,-146.277,-147.955,-0.848369,0.528823,-0.024819,-0.523361,-0.844825,-0.111191,-0.079768,-0.081342,0.993489,0,0.76753,0.41872,46.052,0.837,-1,400.000,-1,400.000,950.000,325.000,325.000,300.000,275.000,-1,-1,-1,-1,700.000,650.000,-1,1000.000,2,0,2,0,1,0,0,0,0,2,2,2,2,0,0,2,1
99,-4333.716,2563.349,-149.872,-147.111,-0.840465,0.541279,-0.025221,-0.535748,-0.837049,-0.111011,-0.081199,-0.079788,0.993499,0,0.76917,0.42203,46.150,0.844,-1,400.000,-1,375.000,925.000,325.000,325.000,300.000,275.000,-1,-1,-1,-1,700.000,650.000,-1,950.000,2,0,2,0,1,0,0,0,0,2,2,2,2,0,0,2,1
100,-4372.184,2537.658,-153.574,-146.260,-0.832307,0.553722,-0.025640,-0.548129,-0.829028,-0.110757,-0.082585,-0.078130,0.993517,0,0.77099,0.42541,46.259,0.851,-1,375.000,-1,375.000,875.000,325.000,325.000,300.000,275.000,-1,-1,-1,-1,675.000,625.000,-1,925.000,2,0,2,0,1,0,0,0,0,2,2,2,2,0,0,2,1
101,-4412.326,2509.936,-157.601,-145.369,-0.823554,0.566638,-0.026095,-0.560994,-0.820433,-0.110338,-0.083931,-0.076230,0.993551,0,0.81307,0.44577,48.784,0.892,-1,375.000,-1,375.000,825.000,325.000,325.000,300.000,275.000,-1,-1,-1,-1,675.000,625.000,-1,875.000,2,0,2,0,1,0,0,0,0,2,2,2,2,0,0,2,1
102,-4452.154,2481.510,-161.756,-144.482,-0.814638,0.579361,-0.026571,-0.573679,-0.811685,-0.109811,-0.085187,-0.074214,0.993597,0,0.81554,0.44358,48.932,0.887,-1,375.000,-1,375.000,800.000,325.000,325.000,300.000,275.000,-1,-1,-1,-1,650.000,600.000,-1,850.000,2,0,2,0,1,0,0,0,0,2,2,2,2,0,0,2,1
103,-4489.544,2454.181,-165.780,-143.835,-0.807999,0.588566,-0.026997,-0.582871,-0.805191,-0.109219,-0.086020,-0.072513,0.993651,0,0.77188,0.32358,46.313,0.647,-1,375.000,-1,350.000,750.000,325.000,300.000,300.000,275.000,-1,-1,-1,-1,650.000,575.000,-1,800.000,2,0,2,0,1,0,0,0,0,2,2,2,2,0,0,2,1
104,-4526.839,2426.511,-169.602,-143.427,-0.803832,0.594286,-0.026039,-0.588670,-0.801007,-0.108888,-0.085568,-0.072199,0.993713,0,0.77398,0.20358,46.439,0.407,-1,375.000,-1,350.000,725.000,300.000,300.000,300.000,275.000,-1,-1,-1,-1,650.000,575.000,-1,775.000,2,0,2,0,1,0,0,0,0,2,2,2,2,0,0,2,1
105,-4564.150,2398.658,-173.016,-143.260,-0.802260,0.596541,-0.022778,-0.591141,-0.799162,-0.109047,-0.083254,-0.074019,0.993776,0,0.77603,0.08358,46.562,0.167,-1,375.000,-1,350.000,700.000,300.000,300.000,300.000,300.000,-1,-1,-1,-1,625.000,575.000,-1,750.000,2,0,2,0,1,0,0,0,0,2,2,2,2,0,0,2,1
106,-4601.595,2370.779,-176.459,-143.333,-0.803184,0.595420,-0.019258,-0.590279,-0.799780,-0.109190,-0.080416,-0.076332,0.993834,0,0.77806,-0.03642,46.684,-0.073,-1,375.000,-1,350.000,675.000,300.000,300.000,300.000,300.000,-1,-1,-1,-1,625.000,575.000,-1,700.000,2,0,2,0,1,0,0,0,0,2,2,2,2,0,0,2,1
107,-4639.288,2343.032,-179.917,-143.646,-0.806587,0.590913,-0.015459,-0.586073,-0.802842,-0.109379,-0.077045,-0.079164,0.993880,0,0.78008,-0.15642,46.805,-0.313,-1,375.000,-1,350.000,625.000,300.000,300.000,275.000,300.000,-1,-1,-1,-1,625.000,575.000,-1,675.000,2,0,2,0,1,0,0,0,0,2,2,2,2,0,0,2,1
108,-4677.347,2315.578,-183.288,-144.199,-0.812389,0.582996,-0.011805,-0.578476,-0.808308,-0.109561,-0.073416,-0.082178,0.993910,0,0.78213,-0.27642,46.928,-0.553,-1,350.000,1000.000,350.000,600.000,300.000,300.000,275.000,300.000,-1,-1,-1,-1,625.000,575.000,-1,625.000,2,0,1,0,1,0,0,0,0,2,2,2,2,0,0,2,1
109,-4715.887,2288.582,-186.341,-144.992,-0.820449,0.571643,-0.009348,-0.567392,-0.816137,-0.109485,-0.070215,-0.084523,0.993945,0,0.78423,-0.39642,47.054,-0.793,-1,350.000,950.000,350.000,575.000,300.000,300.000,275.000,300.000,-1,-1,-1,-1,625.000,575.000,-1,600.000,2,0,1,0,1,0,0,0,0,2,2,2,2,0,0,2,1
110,-4755.014,2262.210,-189.182,-146.024,-0.830699,0.556687,-0.006266,-0.552766,-0.826083,-0.109709,-0.066249,-0.087671,0.993944,0,0.78641,-0.51642,47.185,-1.033,-1,350.000,900.000,350.000,525.000,300.000,300.000,275.000,300.000,-1,750.000,-1,-1,625.000,550.000,-1,550.000,2,0,1,0,1,0,0,0,0,2,0,2,2,0,1,2,1
111,-4794.834,2236.640,-191.849,-147.297,-0.842919,0.538032,-0.002890,-0.534505,-0.837984,-0.109939,-0.061572,-0.091125,0.993934,0,0.78870,-0.63642,47.322,-1.273,-1,350.000,825.000,350.000,500.000,300.000,275.000,275.000,300.000,-1,525.000,675.000,-1,600.000,525.000,-1,525.000,2,0,1,0,1,0,0,0,0,2,0,0,2,0,1,2,1
112,-4835.441,2212.059,-193.626,-148.810,-0.856765,0.515707,0.000960,-0.512882,-0.851874,-0.106127,-0.053913,-0.091418,0.994352,0,0.79112,-0.75642,47.467,-1.513,-1,350.000,775.000,350.000,475.000,300.000,300.000,300.000,300.000,-1,450.000,500.000,-1,625.000,500.000,-1,500.000,2,0,1,0,1,0,0,0,0,2,0,0,2,0,1,2,1
113,-4876.902,2188.628,-195.301,-150.526,-0.871733,0.489956,0.005014,-0.487831,-0.866903,-0.102469,-0.045858,-0.091772,0.994724,0,0.79370,-0.85781,47.622,-1.716,-1,350.000,725.000,350.000,450.000,300.000,300.000,300.000,300.000,-1,400.000,425.000,-1,650.000,475.000,-1,450.000,2,0,1,0,1,0,0,0,0,2,0,0,2,0,1,2,1
114,-4919.191,2166.375,-196.887,-152.244,-0.885924,0.463736,0.009337,-0.462295,-0.881176,-0.099057,-0.037709,-0.092074,0.995038,0,0.79643,-0.85889,47.786,-1.718,-1,375.000,675.000,350.000,400.000,300.000,300.000,300.000,300.000,-1,375.000,350.000,-1,625.000,450.000,975.000,425.000,2,0,1,0,1,0,0,0,0,2,0,0,2,1,1,1,1
115,-4962.279,2145.327,-198.380,-153.963,-0.899320,0.437070,0.013917,-0.436298,-0.894677,-0.095906,-0.029466,-0.092323,0.995293,0,0.79921,-0.85994,47.953,-1.720,-1,375.000,625.000,350.000,375.000,300.000,300.000,300.000,300.000,-1,325.000,325.000,-1,600.000,400.000,875.000,375.000,2,0,1,1,1,0,0,0,0,2,0,0,2,1,1,1,1
116,-5006.134,2125.514,-199.775,-155.685,-0.911901,0.409981,0.018743,-0.409865,-0.907390,-0.093031,-0.021134,-0.092517,0.995487,0,0.80203,-0.86097,48.122,-1.722,-1,375.000,575.000,325.000,350.000,300.000,300.000,325.000,275.000,-1,325.000,300.000,-1,525.000,375.000,775.000,350.000,2,0,1,1,1,0,1,0,0,2,0,0,2,1,1,1,1
117,-5050.724,2106.963,-201.068,-157.409,-0.923652,0.382493,0.023801,-0.383022,-0.919301,-0.090446,-0.012715,-0.092657,0.995617,0,0.80489,-0.86197,48.294,-1.724,-1,375.000,525.000,275.000,300.000,300.000,275.000,325.000,275.000,-1,275.000,275.000,-1,475.000,350.000,700.000,300.000,2,1,1,1,1,0,1,0,0,2,0,0,2,1,1,1,1
118,-5096.015,2089.702,-202.255,-159.135,-0.934555,0.354629,0.029078,-0.355794,-0.930397,-0.088164,-0.004212,-0.092740,0.995681,0,0.80779,-0.86296,48.467,-1.726,-1,350.000,475.000,250.000,275.000,275.000,250.000,325.000,275.000,-1,225.000,250.000,-1,425.000,325.000,600.000,275.000,2,1,1,1,1,1,1,0,0,2,0,0,2,1,1,1,1
119,-5146.267,2072.028,-203.343,-160.621,-0.943209,0.330370,0.034822,-0.332175,-0.939244,-0.086492,0.004132,-0.093147,0.995644,0,0.88779,-0.74296,53.267,-1.486,-1,300.000,425.000,225.000,225.000,250.000,225.000,325.000,275.000,-1,200.000,250.000,-1,375.000,275.000,525.000,225.000,2,1,1,1,1,1,1,0,0,2,0,0,2,1,1,1,1
120,-5200.262,2054.338,-202.399,-161.867,-0.949823,0.309635,0.044297,-0.312496,-0.945489,-0.091639,0.013508,-0.100884,0.994807,0,0.94697,-0.62296,56.818,-1.246,-1,275.000,375.000,200.000,200.000,225.000,200.000,325.000,300.000,-1,200.000,250.000,-1,325.000,250.000,450.000,200.000,2,1,1,1,1,1,1,0,0,2,0,0,2,1,1,1,1
121,-5254.716,2037.527,-196.319,-162.873,-0.953601,0.292099,0.072969,-0.298807,-0.947892,-0.110518,0.036884,-0.127194,0.991192,0,0.94979,-0.50296,56.987,-1.006,625.000,250.000,350.000,200.000,200.000,200.000,175.000,300.000,350.000,725.000,150.000,225.000,-1,300.000,250.000,375.000,175.000,1,1,1,1,1,1,1,0,0,0,0,0,2,1,1,1,1
122,-5309.535,2021.396,-189.878,-163.639,-0.955176,0.278348,0.100801,-0.290030,-0.948122,-0.130180,0.059336,-0.153580,0.986353,0,0.95231,-0.38296,57.138,-0.766,475.000,225.000,350.000,200.000,200.000,200.000,175.000,275.000,425.000,525.000,125.000,225.000,-1,275.000,250.000,325.000,175.000,1,1,1,1,1,1,1,0,0,0,0,0,2,1,1,1,1
123,-5364.633,2005.763,-178.916,-164.165,-0.954011,0.269205,0.131876,-0.286030,-0.949129,-0.131682,0.089718,-0.163346,0.982481,0,0.95444,-0.26296,57.267,-0.526,-1,225.000,350.000,200.000,200.000,175.000,175.000,275.000,450.000,450.000,125.000,200.000,-1,275.000,250.000,325.000,175.000,2,1,1,1,1,1,1,0,1,0,0,0,2,1,1,1,1
124,-4263.568,3607.649,-19.454,64.496,0.431381,-0.902004,-0.017272,0.895098,0.430314,-0.116747,0.112738,0.034902,0.993012,1,0.00000,0.00000,57.365,-0.286,-1,375.000,975.000,250.000,350.000,275.000,225.000,275.000,375.000,-1,-1,-1,-1,750.000,350.000,-1,300.000,2,1,1,1,1,1,1,0,0,2,2,2,2,1,1,2,1
125,-4261.519,3611.990,-18.692,64.736,0.427456,-0.903846,-0.018548,0.896859,0.426554,-0.117029,0.113688,0.033390,0.992955,0,0.08000,0.12000,4.800,0.240,-1,375.000,1000.000,250.000,325.000,275.000,225.000,250.000,400.000,-1,-1,-1,-1,775.000,350.000,-1,300.000,2,1,1,1,1,1,1,0,0,2,2,2,2,1,1,2,1
126,-4257.493,3620.705,-17.159,65.216,0.419574,-0.907475,-0.021116,0.900329,0.419007,-0.117643,0.115606,0.030348,0.992831,0,0.16000,0.24000,9.600,0.480,-1,375.000,-1,250.000,325.000,275.000,225.000,250.000,400.000,-1,-1,-1,-1,800.000,350.000,-1,300.000,2,1,2,1,1,1,1,0,0,2,2,2,2,1,1,2,1
127,-4251.618,3633.853,-14.841,65.936,0.407670,-0.912787,-0.024999,0.905404,0.407624,-0.118686,0.118525,0.025751,0.992617,0,0.24000,0.36000,14.400,0.720,-1,375.000,-1,250.000,325.000,275.000,225.000,250.000,400.000,-1,-1,-1,-1,825.000,350.000,-1,275.000,2,1,2,1,1,1,1,0,0,2,2,2,2,1,1,2,1
128,-4244.081,3651.513,-11.721,66.896,0.391652,-0.919617,-0.030212,0.911924,0.392328,-0.120301,0.122484,0.019565,0.992278,0,0.32000,0.48000,19.200,0.960,-1,400.000,-1,250.000,300.000,275.000,225.000,250.000,425.000,-1,-1,-1,-1,900.000,350.000,-1,275.000,2,1,2,1,1,1,1,0,0,2,2,2,2,1,1,2,1
129,-4235.124,3673.780,-7.782,68.096,0.371401,-0.927745,-0.036747,0.919674,0.373029,-0.122678,0.127521,0.011768,0.991766,0,0.40000,0.60000,24.000,1.200,-1,425.000,-1,250.000,275.000,275.000,225.000,250.000,450.000,-1,-1,-1,-1,950.000,350.000,-1,275.000,2,1,2,1,1,1,1,0,0,2,2,2,2,1,1,2,1
130,-4225.051,3700.763,-3.011,69.536,0.346779,-0.936889,-0.044540,0.928375,0.349620,-0.126040,0.133658,0.002358,0.991025,0,0.48000,0.72000,28.800,1.440,-1,450.000,-1,250.000,275.000,275.000,225.000,250.000,475.000,-1,875.000,-1,-1,975.000,325.000,-1,250.000,2,1,2,1,1,1,1,0,0,2,0,2,2,1,1,2,1
131,-4214.195,3732.564,2.587,71.156,0.318649,-0.946365,-0.053441,0.937359,0.322987,-0.130527,0.140787,-0.008501,0.990003,0,0.56000,0.80987,33.600,1.620,-1,475.000,-1,250.000,250.000,300.000,250.000,250.000,525.000,975.000,350.000,700.000,-1,975.000,350.000,-1,250.000,2,1,2,1,1,1,1,0,0,0,0,0,2,1,1,2,1
132,-4202.814,3769.242,8.984,72.764,0.290129,-0.954891,-0.063312,0.945378,0.296255,-0.135989,0.148611,-0.020400,0.988685,0,0.64000,0.80395,38.400,1.608,-1,525.000,-1,250.000,225.000,325.000,250.000,250.000,600.000,825.000,200.000,525.000,-1,975.000,375.000,-1,225.000,2,1,2,1,1,1,1,0,0,0,0,0,2,1,1,2,1
133,-4191.000,3810.798,16.170,74.131,0.265061,-0.961368,-0.074261,0.951384,0.273283,-0.142074,0.156880,-0.032992,0.987067,0,0.72000,0.68395,43.200,1.368,-1,575.000,-1,250.000,225.000,350.000,250.000,250.000,650.000,675.000,100.000,400.000,-1,975.000,400.000,-1,225.000,2,1,2,1,1,1,1,0,1,0,0,0,2,1,1,2,1
