timestep,x_cm,y_cm,z_cm,yaw_deg,basis_xx,basis_xy,basis_xz,basis_yx,basis_yy,basis_yz,basis_zx,basis_zy,basis_zz,teleport_flag,throttle_cmd,steering_cmd,cmd_move_cm,cmd_turn_deg,lidar_cm_0,lidar_cm_1,lidar_cm_2,lidar_cm_3,lidar_cm_4,lidar_cm_5,lidar_cm_6,lidar_cm_7,lidar_cm_8,lidar_cm_9,lidar_cm_10,lidar_cm_11,lidar_cm_12,lidar_cm_13,lidar_cm_14,lidar_cm_15,lidar_cm_16,lidar_class_0,lidar_class_1,lidar_class_2,lidar_class_3,lidar_class_4,lidar_class_5,lidar_class_6,lidar_class_7,lidar_class_8,lidar_class_9,lidar_class_10,lidar_class_11,lidar_class_12,lidar_class_13,lidar_class_14,lidar_class_15,lidar_class_16
0,6227.422,981.134,-250.891,-145.123,-0.814268,0.570315,0.108208,-0.574758,-0.818227,-0.012564,0.081373,-0.072424,0.994049,1,0.08000,0.12000,4.800,0.240,600.000,375.000,925.000,375.000,-1,300.000,300.000,325.000,325.000,-1,450.000,400.000,-1,575.000,600.000,600.000,850.000,1,0,1,0,2,0,0,0,0,2,0,0,2,1,1,1,1
1,6219.593,975.578,-250.113,-144.643,-0.809421,0.577126,0.108457,-0.581594,-0.813388,-0.012234,0.081157,-0.072980,0.994026,0,0.16000,0.24000,9.600,0.480,600.000,375.000,925.000,375.000,-1,300.000,300.000,325.000,325.000,-1,450.000,400.000,-1,575.000,575.000,600.000,825.000,1,0,1,0,2,0,0,0,0,2,0,0,2,1,1,1,1
2,6207.955,967.098,-248.957,-143.923,-0.802046,0.587266,0.108818,-0.591769,-0.806022,-0.011737,0.080817,-0.073809,0.993992,0,0.24000,0.36000,14.400,0.720,600.000,375.000,900.000,375.000,-1,300.000,300.000,325.000,325.000,-1,450.000,400.000,-1,575.000,575.000,575.000,800.000,1,0,1,1,2,0,0,0,0,2,0,0,2,1,1,1,1
3,6192.629,955.533,-247.431,-142.963,-0.792016,0.600638,0.109291,-0.605191,-0.796003,-0.011078,0.080342,-0.074916,0.993948,0,0.32000,0.48000,19.200,0.960,575.000,375.000,900.000,375.000,-1,300.000,300.000,325.000,325.000,-1,425.000,400.000,-1,550.000,575.000,575.000,750.000,1,0,1,1,2,0,0,0,0,2,0,0,2,1,1,1,1
4,6173.780,940.678,-245.548,-141.763,-0.779167,0.617111,0.109880,-0.621727,-0.783167,-0.010265,0.079720,-0.076313,0.993892,0,0.40000,0.60000,24.000,1.200,575.000,375.000,875.000,375.000,-1,300.000,300.000,325.000,325.000,-1,425.000,400.000,-1,550.000,550.000,550.000,700.000,1,0,1,1,2,0,0,0,0,2,0,0,2,1,1,1,1
5,6151.615,922.290,-243.322,-140.323,-0.763297,0.636513,0.110581,-0.641208,-0.767311,-0.009304,0.078928,-0.078007,0.993824,0,0.48000,0.72000,28.800,1.440,550.000,375.000,850.000,375.000,-1,300.000,300.000,325.000,325.000,-1,425.000,400.000,-1,525.000,525.000,525.000,650.000,1,0,1,1,2,0,0,0,0,2,0,0,2,1,1,1,1
6,6126.397,900.088,-240.725,-138.643,-0.744182,0.658621,0.111404,-0.663430,-0.748190,-0.008427,0.077801,-0.080180,0.993739,0,0.56000,0.84000,33.600,1.680,550.000,375.000,825.000,350.000,775.000,300.000,300.000,325.000,325.000,-1,425.000,400.000,-1,500.000,525.000,500.000,600.000,1,1,1,1,1,0,0,0,0,2,0,0,2,1,1,1,1
7,6098.402,873.805,-237.797,-136.811,-0.722603,0.682071,0.112357,-0.687019,-0.726601,-0.007547,0.076491,-0.082645,0.993639,0,0.64000,0.91622,38.400,1.832,525.000,350.000,775.000,350.000,675.000,300.000,300.000,325.000,325.000,-1,425.000,425.000,-1,475.000,500.000,475.000,550.000,1,1,1,1,1,0,0,0,0,2,0,0,2,1,1,1,1
8,6067.852,843.263,-234.563,-135.011,-0.700672,0.704408,0.113441,-0.709500,-0.704675,-0.006589,0.075298,-0.085103,0.993523,0,0.72000,0.89985,43.200,1.800,500.000,350.000,725.000,350.000,575.000,300.000,300.000,325.000,325.000,-1,425.000,425.000,-1,450.000,475.000,450.000,500.000,1,1,1,1,1,0,0,0,0,2,0,0,2,1,1,1,1
9,6034.967,808.299,-231.031,-133.248,-0.678506,0.725591,0.114661,-0.730836,-0.682531,-0.005566,0.074221,-0.087574,0.993389,0,0.80000,0.88122,48.000,1.762,475.000,325.000,675.000,325.000,500.000,300.000,300.000,325.000,325.000,-1,425.000,450.000,-1,425.000,450.000,425.000,450.000,1,1,1,1,1,1,0,0,0,2,0,0,2,1,1,1,1
10,5999.964,768.771,-227.203,-131.529,-0.656237,0.745582,0.116020,-0.750990,-0.660298,-0.004494,0.073257,-0.090079,0.993237,0,0.88000,0.85992,52.800,1.720,425.000,300.000,625.000,325.000,425.000,275.000,300.000,325.000,325.000,-1,450.000,450.000,-1,400.000,425.000,375.000,400.000,1,1,1,1,1,1,1,0,0,2,0,0,2,1,1,1,1
11,5963.049,724.555,-221.829,-129.858,-0.633692,0.764521,0.118075,-0.769804,-0.638279,0.001344,0.076392,-0.090043,0.993004,0,0.96000,0.83549,57.600,1.671,400.000,275.000,575.000,300.000,375.000,275.000,300.000,325.000,325.000,-1,400.000,425.000,-1,375.000,400.000,350.000,350.000,1,1,1,1,1,1,1,0,0,2,0,0,2,1,1,1,1
12,5925.907,677.432,-214.090,-128.243,-0.610488,0.782165,0.124591,-0.787297,-0.616452,0.012293,0.086420,-0.090585,0.992132,0,1.00000,0.80736,60.000,1.615,400.000,275.000,575.000,300.000,350.000,250.000,275.000,350.000,325.000,-1,325.000,325.000,-1,350.000,400.000,350.000,350.000,1,1,1,1,1,1,1,0,0,2,0,0,2,1,1,1,1
13,5890.282,629.150,-205.748,-126.421,-0.583566,0.801287,0.131869,-0.806131,-0.591208,0.025000,0.097995,-0.091715,0.990952,0,1.00000,0.91106,60.000,1.822,425.000,250.000,575.000,275.000,325.000,250.000,250.000,350.000,325.000,-1,250.000,250.000,-1,350.000,375.000,325.000,325.000,1,1,1,1,1,1,1,0,1,2,0,0,2,1,1,1,1
14,5856.172,579.787,-196.833,-124.643,-0.556325,0.819136,0.139711,-0.823462,-0.565997,0.039476,0.111412,-0.093086,0.989405,0,1.00000,0.88877,60.000,1.778,450.000,250.000,575.000,275.000,300.000,225.000,250.000,375.000,325.000,-1,200.000,175.000,-1,325.000,375.000,350.000,325.000,1,1,1,1,1,1,1,0,1,2,0,0,2,1,1,1,1
15,5823.565,529.415,-187.399,-122.915,-0.528896,0.835723,0.147770,-0.839203,-0.540954,0.055737,0.126517,-0.094530,0.987450,0,1.00000,0.86436,60.000,1.729,500.000,250.000,625.000,250.000,300.000,225.000,225.000,400.000,325.000,-1,150.000,150.000,-1,325.000,350.000,350.000,300.000,1,1,1,1,1,1,1,0,1,2,0,0,2,1,1,1,1
16,6231.350,4263.567,-33.156,105.133,-0.258991,-0.965243,0.035052,0.961949,-0.261038,-0.080701,0.087046,0.012817,0.996122,1,0.00000,0.00000,60.000,1.676,-1,425.000,-1,450.000,-1,350.000,350.000,275.000,300.000,-1,-1,-1,-1,-1,-1,-1,-1,2,0,2,0,2,0,0,0,0,2,2,2,2,2,2,2,2
17,6230.077,4268.196,-32.729,105.373,-0.263065,-0.964147,0.034906,0.960874,-0.265080,-0.080336,0.086709,0.012406,0.996156,0,0.08000,0.12000,4.800,0.240,-1,425.000,-1,450.000,-1,350.000,350.000,275.000,300.000,-1,-1,-1,-1,-1,-1,-1,-1,2,0,2,0,2,0,0,0,0,2,2,2,2,2,2,2,2
18,6227.455,4277.430,-31.873,105.853,-0.271197,-0.961901,0.034605,0.958671,-0.273151,-0.079610,0.086029,0.011585,0.996225,0,0.16000,0.24000,9.600,0.480,-1,425.000,-1,450.000,-1,350.000,350.000,275.000,300.000,-1,-1,-1,-1,-1,-1,-1,-1,2,0,2,0,2,0,0,0,0,2,2,2,2,2,2,2,2
19,6223.348,4291.232,-30.588,106.573,-0.283360,-0.958406,0.034135,0.955240,-0.285220,-0.078528,0.084997,0.010355,0.996327,0,0.24000,0.36000,14.400,0.720,-1,425.000,-1,450.000,-1,350.000,350.000,275.000,300.000,-1,-1,-1,-1,-1,-1,-1,-1,2,0,2,0,2,0,0,0,0,2,2,2,2,2,2,2,2
20,6217.565,4309.540,-28.872,107.533,-0.299504,-0.953508,0.033469,0.950426,-0.301242,-0.077099,0.083597,0.008718,0.996462,0,0.32000,0.48000,19.200,0.960,-1,425.000,-1,475.000,-1,350.000,350.000,275.000,300.000,-1,-1,-1,-1,-1,-1,-1,-1,2,0,2,0,2,0,0,0,0,2,2,2,2,2,2,2,2
21,6209.858,4332.268,-26.724,108.733,-0.319563,-0.947005,0.032578,0.944027,-0.321150,-0.075339,0.081809,0.006679,0.996626,0,0.40000,0.60000,24.000,1.200,-1,425.000,-1,475.000,-1,325.000,350.000,275.000,300.000,-1,-1,-1,-1,-1,-1,-1,-1,2,0,2,0,2,0,0,0,0,2,2,2,2,2,2,2,2
22,6199.926,4359.301,-24.143,110.173,-0.343443,-0.938648,0.031423,0.935793,-0.344852,-0.073267,0.079608,0.004242,0.996817,0,0.48000,0.72000,28.800,1.440,-1,425.000,-1,475.000,-1,325.000,350.000,275.000,300.000,-1,-1,-1,-1,-1,-1,-1,-1,2,0,2,0,2,0,0,0,0,2,2,2,2,2,2,2,2
23,6187.490,4390.515,-21.137,111.724,-0.368931,-0.928973,0.029979,0.926265,-0.370143,-0.070900,0.076960,0.001611,0.997033,0,0.56000,0.77577,33.600,1.552,-1,425.000,-1,500.000,-1,325.000,350.000,275.000,300.000,-1,-1,-1,-1,-1,-1,-1,-1,2,0,2,0,2,0,0,0,0,2,2,2,2,2,2,2,2
24,6172.315,4425.788,-17.717,113.279,-0.394203,-0.918590,0.028231,0.916052,-0.395211,-0.068249,0.073850,-0.001043,0.997269,0,0.64000,0.77733,38.400,1.555,-1,425.000,-1,500.000,-1,350.000,375.000,275.000,300.000,-1,-1,-1,-1,-1,-1,-1,-1,2,0,2,0,2,0,0,0,0,2,2,2,2,2,2,2,2
25,6154.169,4464.992,-14.078,114.837,-0.419184,-0.907499,0.027012,0.905135,-0.420042,-0.065541,0.070825,-0.003024,0.997484,0,0.72000,0.77912,43.200,1.558,-1,425.000,-1,500.000,-1,350.000,375.000,275.000,300.000,-1,-1,-1,-1,-1,-1,-1,-1,2,0,2,0,2,0,0,0,0,2,2,2,2,2,2,2,2
26,6132.827,4507.986,-10.569,116.400,-0.443763,-0.895711,0.027865,0.893494,-0.444627,-0.063047,0.068861,-0.003081,0.997622,0,0.80000,0.78110,48.000,1.562,-1,450.000,-1,525.000,-1,350.000,375.000,275.000,300.000,-1,-1,-1,-1,-1,-1,-1,-1,2,0,2,0,2,0,0,0,0,2,2,2,2,2,2,2,2
27,6108.066,4554.619,-7.677,117.966,-0.467960,-0.883225,0.030438,0.881443,-0.468949,-0.056085,0.063809,0.000584,0.997962,0,0.88000,0.78325,52.800,1.567,-1,450.000,-1,525.000,-1,350.000,375.000,300.000,300.000,-1,-1,-1,-1,-1,975.000,-1,-1,2,0,2,0,2,0,0,0,0,2,2,2,2,2,1,2,2
28,6079.669,4604.732,-4.848,119.537,-0.491884,-0.870021,0.033360,0.868771,-0.492979,-0.046996,0.057334,0.005866,0.998338,0,0.96000,0.78552,57.600,1.571,-1,450.000,-1,500.000,-1,375.000,375.000,300.000,275.000,-1,-1,-1,-1,-1,900.000,-1,-1,2,0,2,0,2,0,0,0,0,2,2,2,2,2,1,2,2
29,6049.764,4654.279,-2.030,121.113,-0.515573,-0.856098,0.035775,0.855338,-0.516693,-0.037764,0.050814,0.011129,0.998646,0,0.96456,0.78784,57.874,1.576,-1,450.000,-1,500.000,-1,375.000,375.000,300.000,275.000,-1,-1,-1,-1,-1,825.000,-1,-1,2,0,2,0,2,0,0,1,0,2,2,2,2,2,1,2,2
30,6018.572,4702.877,0.448,122.693,-0.539006,-0.841483,0.037150,0.841083,-0.540074,-0.029986,0.045296,0.015083,0.998860,0,0.96247,0.79001,57.748,1.580,-1,450.000,-1,500.000,-1,375.000,375.000,300.000,275.000,-1,-1,-1,-1,-1,775.000,-1,1000.000,2,0,2,0,2,0,0,1,0,2,2,2,2,2,1,2,1
31,5986.124,4750.483,2.607,124.277,-0.562125,-0.826195,0.037652,0.826050,-0.563102,-0.023613,0.040711,0.017829,0.999012,0,0.96021,0.79199,57.613,1.584,-1,450.000,-1,500.000,-1,375.000,375.000,275.000,275.000,-1,-1,-1,-1,-1,725.000,-1,875.000,2,0,2,0,2,0,0,1,0,2,2,2,2,2,1,2,1
32,5952.456,4797.054,4.729,125.864,-0.584886,-0.810235,0.037787,0.810311,-0.585746,-0.017265,0.036122,0.020521,0.999137,0,0.95779,0.79379,57.467,1.588,-1,450.000,-1,500.000,975.000,375.000,375.000,275.000,300.000,-1,-1,-1,-1,-1,675.000,-1,775.000,2,0,2,0,1,0,0,1,0,2,2,2,2,2,1,2,1
33,5917.602,4842.551,6.243,127.455,-0.607383,-0.793657,0.034558,0.793855,-0.608009,-0.010907,0.029668,0.020810,0.999343,0,0.95522,0.79539,57.313,1.591,-1,450.000,-1,475.000,800.000,375.000,375.000,275.000,300.000,-1,-1,-1,-1,-1,625.000,-1,700.000,2,0,2,0,1,0,0,1,0,2,2,2,2,2,1,2,1
34,5881.599,4886.934,7.414,129.049,-0.629484,-0.776458,0.029389,0.776695,-0.629858,-0.004801,0.022239,0.019804,0.999557,0,0.95251,0.79680,57.150,1.594,-1,450.000,-1,450.000,650.000,350.000,375.000,250.000,300.000,-1,-1,-1,-1,-1,575.000,-1,625.000,2,0,2,1,1,0,0,1,0,2,2,2,2,2,1,2,1
35,5844.484,4930.169,8.576,130.645,-0.651081,-0.758627,0.024054,0.758861,-0.651252,0.000959,0.014938,0.018878,0.999710,0,0.94969,0.79801,56.981,1.596,-1,425.000,-1,425.000,550.000,350.000,350.000,250.000,325.000,-1,-1,-1,-1,975.000,550.000,-1,550.000,2,0,2,1,1,0,0,1,0,2,2,2,2,0,1,2,1
36,5806.295,4972.223,9.723,132.243,-0.672150,-0.740182,0.018594,0.740374,-0.672165,0.006366,0.007786,0.018046,0.999807,0,0.94677,0.79902,56.806,1.598,-1,425.000,-1,400.000,475.000,350.000,350.000,225.000,325.000,-1,-1,-1,-1,900.000,550.000,-1,475.000,2,0,2,1,1,0,0,1,0,2,2,2,2,0,1,2,1
37,5767.071,5013.065,10.018,133.842,-0.692627,-0.721097,0.016954,0.721289,-0.692534,0.011772,0.003252,0.020383,0.999787,0,0.94378,0.79982,56.627,1.600,-1,425.000,-1,400.000,400.000,350.000,350.000,225.000,325.000,-1,-1,-1,-1,875.000,525.000,-1,425.000,2,0,2,1,1,0,0,1,0,2,2,2,2,0,1,2,1
38,5730.107,5049.392,9.842,135.497,-0.713201,-0.700741,0.017513,0.700959,-0.713002,0.016833,0.000691,0.024282,0.999705,0,0.86378,0.82722,51.827,1.654,-1,400.000,-1,375.000,350.000,350.000,350.000,225.000,325.000,-1,-1,-1,-1,875.000,525.000,-1,375.000,2,0,2,1,1,0,0,1,0,2,2,2,2,0,1,2,1
39,5694.885,5082.061,9.697,137.152,-0.733190,-0.679789,0.017896,0.680022,-0.732876,0.021505,-0.001504,0.027937,0.999609,0,0.80067,0.82761,48.040,1.655,-1,400.000,-1,350.000,300.000,325.000,350.000,225.000,325.000,-1,-1,-1,-1,875.000,525.000,-1,350.000,2,0,2,1,1,0,0,1,0,2,2,2,2,0,1,2,1
40,5658.821,5113.623,9.571,138.808,-0.752575,-0.658258,0.018075,0.658496,-0.752130,0.026138,-0.003611,0.031573,0.999495,0,0.79875,0.82786,47.925,1.656,-1,400.000,-1,350.000,275.000,325.000,350.000,225.000,325.000,-1,-1,-1,-1,850.000,550.000,-1,350.000,2,0,2,1,1,0,1,1,0,2,2,2,2,0,1,2,1
41,5618.298,5147.355,9.390,140.224,-0.768675,-0.639389,0.017889,0.639608,-0.768061,0.031375,-0.006321,0.035559,0.999348,0,0.87875,0.70786,52.725,1.416,-1,400.000,-1,350.000,250.000,325.000,325.000,250.000,300.000,-1,-1,-1,-1,850.000,625.000,-1,325.000,2,0,2,1,1,0,1,1,1,2,2,2,2,0,1,2,1
42,5576.314,5180.869,9.206,141.399,-0.781706,-0.623403,0.017431,0.623579,-0.780904,0.036593,-0.009200,0.039475,0.999178,0,0.89533,0.58786,53.720,1.176,-1,400.000,-1,350.000,200.000,325.000,325.000,250.000,300.000,-1,-1,-1,-1,850.000,975.000,-1,300.000,2,0,2,1,1,0,1,1,1,2,2,2,2,0,1,2,1
43,5533.914,5213.483,11.968,142.436,-0.792731,-0.609332,0.017068,0.609562,-0.792256,0.027633,-0.003315,0.032310,0.999472,0,0.89155,0.51823,53.493,1.036,-1,425.000,-1,375.000,225.000,350.000,350.000,250.000,275.000,-1,-1,-1,-1,900.000,1000.000,-1,-1,2,0,2,1,1,0,1,1,1,2,2,2,2,0,1,2,2
44,5491.176,5245.172,14.032,143.446,-0.803286,-0.595351,0.016973,0.595593,-0.802988,0.021893,0.000595,0.027695,0.999616,0,0.88675,0.50514,53.205,1.010,-1,450.000,-1,400.000,250.000,350.000,350.000,250.000,275.000,-1,-1,-1,-1,925.000,1000.000,-1,-1,2,0,2,1,1,0,1,1,1,2,2,2,2,0,1,2,2
45,5448.194,5275.911,15.504,144.429,-0.813362,-0.581512,0.016934,0.581755,-0.813120,0.019946,0.002170,0.026074,0.999658,0,0.88071,0.49154,52.843,0.983,-1,450.000,-1,475.000,350.000,375.000,375.000,275.000,250.000,-1,-1,-1,-1,950.000,1000.000,-1,-1,2,0,2,1,1,0,1,1,1,2,2,2,2,0,1,2,2
46,5405.065,5305.682,16.091,145.384,-0.822939,-0.567879,0.016877,0.568124,-0.822701,0.019933,0.002565,0.025992,0.999659,0,0.87344,0.47753,52.406,0.955,-1,450.000,-1,550.000,975.000,375.000,400.000,275.000,225.000,-1,-1,-1,-1,975.000,-1,-1,-1,2,0,2,0,1,0,0,1,1,2,2,2,2,0,2,2,2
47,5361.881,5334.470,15.596,146.311,-0.832016,-0.554497,0.016822,0.554745,-0.831768,0.020477,0.002637,0.026369,0.999649,0,0.86500,0.46325,51.900,0.927,-1,450.000,-1,550.000,975.000,375.000,400.000,275.000,200.000,-1,-1,-1,-1,975.000,-1,-1,-1,2,0,2,0,1,0,0,1,1,2,2,2,2,0,2,2,2
48,5318.731,5362.268,14.180,147.208,-0.840621,-0.541380,0.016271,0.541622,-0.840327,0.022288,0.001607,0.027549,0.999619,0,0.85549,0.44884,51.329,0.898,-1,450.000,-1,525.000,1000.000,375.000,400.000,275.000,175.000,-1,-1,-1,-1,950.000,-1,-1,-1,2,0,2,0,1,0,0,0,1,2,2,2,2,0,2,2,2
49,5275.685,5389.062,12.157,148.099,-0.848985,-0.528203,0.015045,0.528416,-0.848568,0.026627,-0.001297,0.030556,0.999532,0,0.84506,0.44542,50.704,0.891,-1,450.000,-1,525.000,1000.000,375.000,400.000,275.000,175.000,-1,-1,-1,-1,925.000,1000.000,-1,-1,2,0,2,0,1,0,0,0,1,2,2,2,2,0,1,2,2
50,5232.806,5414.838,9.652,148.986,-0.857133,-0.514919,0.013480,0.515064,-0.856499,0.033437,-0.005672,0.035604,0.999350,0,0.83384,0.44345,50.030,0.887,-1,425.000,-1,500.000,-1,375.000,375.000,275.000,150.000,-1,-1,-1,-1,900.000,975.000,-1,-1,2,0,2,0,2,0,0,0,1,2,2,2,2,0,1,2,2
51,5190.146,5439.594,6.704,149.870,-0.865078,-0.501506,0.011484,0.501508,-0.864108,0.042511,-0.011396,0.042534,0.999030,0,0.82204,0.44207,49.322,0.884,-1,425.000,-1,475.000,1000.000,350.000,375.000,300.000,150.000,-1,-1,-1,-1,850.000,925.000,-1,-1,2,0,2,0,1,0,0,0,1,2,2,2,2,0,1,2,2
52,5147.745,5463.333,3.328,150.753,-0.872832,-0.487936,0.009093,0.487678,-0.871371,0.053682,-0.018270,0.051290,0.998517,0,0.80991,0.44127,48.594,0.883,-1,400.000,-1,450.000,925.000,325.000,350.000,300.000,125.000,-1,-1,-1,-1,800.000,850.000,-1,-1,2,0,2,0,1,0,0,0,1,2,2,2,2,0,1,2,2
53,5105.627,5486.066,-0.418,151.635,-0.880404,-0.474185,0.006152,0.473499,-0.878264,0.066709,-0.026230,0.061644,0.997754,0,0.79768,0.44103,47.861,0.882,-1,375.000,-1,400.000,800.000,325.000,325.000,300.000,125.000,-1,-1,-1,-1,750.000,775.000,-1,-1,2,0,2,0,1,0,0,0,1,2,2,2,2,0,1,2,2
54,5063.809,5507.817,-2.251,152.518,-0.887654,-0.460497,0.003439,0.459537,-0.885269,0.071588,-0.029922,0.065126,0.997428,0,0.78561,0.44134,47.137,0.883,-1,375.000,-1,400.000,800.000,300.000,325.000,300.000,125.000,-1,-1,-1,-1,725.000,750.000,-1,-1,2,0,2,0,1,0,0,0,1,2,2,2,2,0,1,2,2
55,5022.292,5528.613,-0.637,153.402,-0.894483,-0.447023,-0.008410,0.445531,-0.892758,0.066978,-0.037449,0.056164,0.997719,0,0.77391,0.44218,46.435,0.884,-1,375.000,-1,400.000,-1,300.000,325.000,300.000,150.000,-1,-1,-1,-1,675.000,725.000,-1,-1,2,0,2,0,2,0,0,0,1,2,2,2,2,0,1,2,2
56,4981.058,5548.473,0.482,154.289,-0.901074,-0.433308,-0.017618,0.431512,-0.899902,0.063044,-0.043172,0.049205,0.997855,0,0.76277,0.44350,45.766,0.887,-1,350.000,-1,400.000,-1,300.000,300.000,300.000,175.000,-1,-1,-1,300.000,650.000,725.000,-1,-1,2,0,2,0,2,0,0,0,1,2,2,2,1,0,0,2,2
57,4940.089,5567.424,1.131,155.179,-0.907489,-0.419368,-0.024358,0.417417,-0.906742,0.059850,-0.047185,0.044145,0.997910,0,0.75234,0.44528,45.140,0.891,-1,350.000,-1,375.000,-1,300.000,300.000,300.000,225.000,-1,-1,-1,300.000,625.000,700.000,-1,-1,2,0,2,0,2,0,0,0,1,2,2,2,1,0,0,2,2
58,4896.695,5586.900,1.197,155.830,-0.912044,-0.409099,-0.028538,0.407072,-0.911562,0.057856,-0.049683,0.041150,0.997917,0,0.79272,0.32528,47.563,0.651,-1,350.000,-1,375.000,-1,300.000,300.000,300.000,250.000,-1,-1,-1,300.000,625.000,675.000,-1,-1,2,0,2,0,2,0,0,0,1,2,2,2,1,0,0,2,2
59,4853.629,5605.859,0.736,156.241,-0.914888,-0.402572,-0.030248,0.400515,-0.914506,0.057151,-0.050669,0.040172,0.997907,0,0.78424,0.20528,47.055,0.411,-1,350.000,-1,375.000,-1,300.000,300.000,300.000,275.000,-1,-1,-1,300.000,600.000,675.000,-1,-1,2,0,2,0,2,0,0,0,1,2,2,2,1,0,0,2,2
60,4810.886,5624.523,-0.182,156.411,-0.916100,-0.399836,-0.029867,0.397770,-0.915673,0.057642,-0.050395,0.040926,0.997890,0,0.77733,0.08528,46.640,0.171,-1,350.000,-1,375.000,-1,300.000,300.000,300.000,325.000,-1,-1,-1,325.000,600.000,675.000,-1,-1,2,0,2,0,2,0,0,0,1,2,2,2,1,0,0,2,2
61,4768.465,5643.106,-1.496,156.342,-0.915700,-0.400908,-0.027695,0.398856,-0.915101,0.059197,-0.049076,0.043160,0.997862,0,0.77189,-0.03472,46.313,-0.069,-1,350.000,-1,375.000,-1,300.000,300.000,300.000,350.000,-1,-1,-1,325.000,625.000,675.000,-1,-1,2,0,2,0,2,0,0,0,1,2,2,2,1,0,0,2,2
62,4726.370,5661.818,-3.199,156.032,-0.913656,-0.405784,-0.023911,0.403789,-0.912786,0.061448,-0.046760,0.046487,0.997824,0,0.76779,-0.15472,46.067,-0.309,-1,350.000,-1,375.000,-1,300.000,300.000,300.000,375.000,-1,-1,-1,325.000,625.000,650.000,-1,-1,2,0,2,0,2,0,0,0,1,2,2,2,1,0,0,2,2
63,4684.612,5680.861,-5.341,155.483,-0.909887,-0.414441,-0.018574,0.412590,-0.908682,0.063761,-0.043303,0.050352,0.997792,0,0.76491,-0.27472,45.895,-0.549,-1,350.000,-1,375.000,-1,300.000,300.000,300.000,375.000,-1,-1,-1,325.000,650.000,650.000,-1,-1,2,0,2,0,2,0,0,0,1,2,2,2,1,0,0,2,2
64,4643.218,5700.430,-7.908,154.693,-0.904243,-0.426828,-0.012767,0.425159,-0.902689,0.066277,-0.039813,0.054502,0.997720,0,0.76312,-0.39472,45.787,-0.789,-1,375.000,-1,375.000,-1,300.000,300.000,325.000,375.000,-1,-1,-1,350.000,650.000,650.000,-1,-1,2,0,2,0,2,0,0,0,1,2,2,2,1,0,0,2,2
65,4602.226,5720.718,-10.762,153.664,-0.896572,-0.442856,-0.006050,0.441431,-0.894631,0.069101,-0.036015,0.059283,0.997591,0,0.76230,-0.51472,45.738,-1.029,-1,375.000,-1,375.000,-1,300.000,300.000,325.000,350.000,950.000,-1,-1,350.000,675.000,650.000,-1,-1,2,0,2,0,2,0,0,0,1,1,2,2,1,0,0,2,2
66,4561.691,5741.910,-13.832,152.394,-0.886665,-0.462408,0.001765,0.461316,-0.884295,0.072174,-0.031813,0.064809,0.997390,0,0.76233,-0.63472,45.740,-1.269,-1,375.000,-1,375.000,-1,300.000,300.000,325.000,325.000,850.000,-1,-1,350.000,675.000,650.000,-1,-1,2,0,2,0,2,0,0,0,1,1,2,2,1,0,0,2,2
67,4521.609,5764.042,-17.106,151.086,-0.875958,-0.482268,0.010747,0.481634,-0.873127,0.075351,-0.026955,0.071180,0.997099,0,0.76311,-0.65414,45.787,-1.308,-1,375.000,-1,375.000,-1,300.000,300.000,325.000,325.000,850.000,-1,-1,350.000,700.000,650.000,-1,-1,2,0,2,0,2,0,0,0,1,1,2,2,1,0,0,2,2
68,4481.987,5787.116,-18.435,149.787,-0.864810,-0.501966,0.011541,0.501336,-0.862001,0.074944,-0.027671,0.070599,0.997121,0,0.76418,-0.64977,45.851,-1.300,-1,375.000,-1,375.000,-1,300.000,300.000,325.000,300.000,850.000,-1,-1,375.000,700.000,650.000,-1,-1,2,0,2,0,2,0,0,0,1,1,2,2,1,0,0,2,2
69,4442.831,5811.115,-19.723,148.496,-0.853299,-0.521276,0.012326,0.520650,-0.850510,0.074538,-0.028372,0.070021,0.997142,0,0.76542,-0.64533,45.925,-1.291,-1,375.000,-1,375.000,-1,300.000,300.000,325.000,300.000,875.000,-1,-1,400.000,700.000,650.000,-1,-1,2,0,2,0,2,0,0,0,1,1,2,2,1,0,0,2,2
70,4400.190,5838.591,-21.119,147.204,-0.841345,-0.540333,0.013383,0.539730,-0.838569,0.074113,-0.028823,0.069578,0.997160,0,0.84542,-0.64585,50.725,-1.292,-1,375.000,-1,375.000,-1,300.000,300.000,325.000,275.000,900.000,-1,-1,425.000,675.000,650.000,-1,-1,2,0,2,0,2,0,0,0,1,1,2,2,1,0,0,2,2
71,4357.335,5867.596,-22.410,145.910,-0.828931,-0.559158,0.014690,0.558609,-0.826194,0.073214,-0.028801,0.068895,0.997208,0,0.86246,-0.64695,51.748,-1.294,-1,375.000,-1,375.000,-1,300.000,300.000,325.000,275.000,925.000,-1,-1,475.000,675.000,650.000,-1,-1,2,0,2,0,2,0,0,0,1,1,2,2,1,0,0,2,2
72,4315.284,5897.464,-23.654,144.615,-0.816074,-0.577721,0.016162,0.577238,-0.813370,0.072286,-0.028616,0.068320,0.997253,0,0.85964,-0.64789,51.579,-1.296,-1,375.000,-1,375.000,-1,300.000,300.000,325.000,275.000,950.000,-1,-1,500.000,675.000,650.000,-1,-1,2,0,2,0,2,0,0,0,1,1,2,2,1,0,0,2,2
73,4274.059,5928.174,-24.860,143.317,-0.802783,-0.596006,0.017792,0.595599,-0.800105,0.071369,-0.028301,0.067891,0.997291,0,0.85676,-0.64866,51.406,-1.297,-1,375.000,-1,375.000,-1,300.000,300.000,325.000,250.000,950.000,-1,-1,525.000,650.000,625.000,-1,-1,2,0,2,0,2,0,0,0,1,1,2,2,1,0,0,2,2
74,4233.679,5959.701,-26.025,142.019,-0.789067,-0.613995,0.019578,0.613675,-0.786409,0.070453,-0.027862,0.067607,0.997323,0,0.85383,-0.64924,51.230,-1.298,-1,375.000,-1,350.000,-1,300.000,300.000,325.000,250.000,1000.000,-1,475.000,550.000,650.000,625.000,-1,-1,2,0,2,0,2,0,0,0,1,1,2,0,1,0,0,2,2
75,4194.161,5992.024,-27.185,140.719,-0.774930,-0.631681,0.021514,0.631462,-0.772300,0.069343,-0.027188,0.067321,0.997361,0,0.85087,-0.64964,51.052,-1.299,-1,375.000,-1,350.000,-1,300.000,300.000,325.000,250.000,-1,675.000,400.000,600.000,650.000,625.000,-1,-1,2,0,2,0,2,0,0,0,1,2,0,0,1,0,0,2,2
76,4153.114,6027.312,-28.605,139.315,-0.759159,-0.650474,0.023690,0.650400,-0.756634,0.066976,-0.025641,0.066253,0.997473,0,0.90216,-0.70248,54.130,-1.405,-1,375.000,-1,375.000,-1,300.000,300.000,325.000,250.000,-1,550.000,375.000,625.000,650.000,650.000,-1,-1,2,0,2,0,2,0,0,0,1,2,0,0,1,0,0,2,2
77,4113.083,6063.472,-29.962,137.909,-0.742927,-0.668868,0.025967,0.668941,-0.740497,0.064666,-0.024025,0.065413,0.997569,0,0.89907,-0.70253,53.944,-1.405,-1,375.000,-1,375.000,-1,300.000,300.000,325.000,250.000,-1,400.000,375.000,650.000,650.000,650.000,-1,-1,2,0,2,0,2,0,0,0,1,2,0,0,1,0,0,2,2
78,4074.083,6100.475,-31.250,136.505,-0.726249,-0.686847,0.028347,0.687068,-0.723905,0.062444,-0.022369,0.064826,0.997646,0,0.89601,-0.70238,53.760,-1.405,-1,375.000,-1,375.000,-1,300.000,300.000,325.000,275.000,-1,350.000,350.000,675.000,650.000,650.000,-1,-1,2,0,2,0,2,0,0,0,1,2,0,0,1,0,0,2,2
79,4036.130,6138.296,-32.467,135.101,-0.709139,-0.704395,0.030832,0.704766,-0.706873,0.060305,-0.020684,0.064494,0.997704,0,0.89300,-0.70205,53.580,-1.404,-1,375.000,-1,375.000,-1,300.000,300.000,325.000,275.000,-1,350.000,325.000,725.000,650.000,650.000,-1,-1,2,0,2,0,2,0,0,0,1,2,0,0,1,0,0,2,2
80,3999.236,6176.906,-33.611,133.698,-0.691612,-0.721494,0.033445,0.722020,-0.689416,0.058248,-0.018968,0.064433,0.997742,0,0.89006,-0.70152,53.403,-1.403,-1,375.000,-1,375.000,-1,300.000,300.000,325.000,275.000,-1,325.000,325.000,750.000,650.000,675.000,-1,-1,2,0,2,0,2,0,0,0,1,2,0,0,1,0,0,2,2
81,3963.412,6216.281,-34.725,132.296,-0.673688,-0.738140,0.035960,0.738811,-0.671560,0.056253,-0.017373,0.064464,0.997769,0,0.88721,-0.70081,53.232,-1.402,-1,375.000,-1,375.000,-1,300.000,300.000,325.000,300.000,-1,325.000,325.000,775.000,650.000,675.000,-1,-1,2,0,2,0,2,0,0,0,1,2,0,0,1,0,0,2,2
82,3928.668,6256.395,-35.785,130.896,-0.655383,-0.754315,0.038507,0.755131,-0.653318,0.054334,-0.015828,0.064688,0.997780,0,0.88446,-0.69992,53.067,-1.400,-1,375.000,-1,375.000,-1,300.000,300.000,325.000,300.000,-1,325.000,300.000,800.000,650.000,675.000,-1,-1,2,0,2,0,2,0,0,0,1,2,0,0,1,0,0,2,2
83,3895.014,6297.222,-36.789,129.498,-0.636712,-0.770005,0.041116,0.770968,-0.634706,0.052493,-0.014324,0.065122,0.997774,0,0.88183,-0.69886,52.910,-1.398,-1,375.000,-1,375.000,-1,300.000,300.000,325.000,325.000,-1,325.000,300.000,850.000,650.000,675.000,-1,-1,2,0,2,0,2,0,0,0,1,2,0,0,1,0,0,2,2
84,3862.456,6338.739,-37.699,128.103,-0.617699,-0.785205,0.043606,0.786308,-0.615749,0.050730,-0.012983,0.065624,0.997760,0,0.87933,-0.69763,52.760,-1.395,-1,375.000,-1,375.000,-1,300.000,300.000,325.000,325.000,-1,325.000,300.000,875.000,650.000,700.000,-1,-1,2,0,2,0,2,0,0,0,1,2,0,0,1,0,0,2,2
85,3831.002,6380.922,-38.458,126.711,-0.598367,-0.799918,0.045701,0.801133,-0.596472,0.049066,-0.011990,0.065972,0.997749,0,0.87697,-0.69623,52.618,-1.392,-1,375.000,-1,375.000,-1,300.000,300.000,325.000,325.000,-1,350.000,300.000,900.000,650.000,700.000,-1,-1,2,0,2,0,2,0,0,0,0,2,0,0,1,0,0,2,2
86,3800.656,6423.746,-39.163,125.321,-0.578728,-0.814116,0.047837,0.815445,-0.576881,0.047506,-0.011079,0.066501,0.997725,0,0.87476,-0.69468,52.486,-1.389,-1,375.000,-1,375.000,-1,300.000,300.000,325.000,325.000,-1,350.000,325.000,925.000,650.000,700.000,-1,-1,2,0,2,0,2,0,0,0,0,2,0,0,1,0,0,2,2
87,3771.423,6467.190,-39.817,123.935,-0.558801,-0.827792,0.050016,0.829238,-0.556995,0.046047,-0.010259,0.067207,0.997686,0,0.87271,-0.69297,52.363,-1.386,-1,375.000,-1,375.000,-1,300.000,300.000,325.000,325.000,-1,375.000,325.000,950.000,675.000,725.000,-1,-1,2,0,2,0,2,0,0,0,0,2,0,0,1,0,0,2,2
88,3743.307,6511.231,-40.399,122.553,-0.538601,-0.840942,0.052203,0.842508,-0.536836,0.044581,-0.009466,0.067993,0.997641,0,0.87082,-0.69112,52.249,-1.382,-1,375.000,-1,375.000,-1,300.000,300.000,325.000,325.000,-1,400.000,325.000,1000.000,675.000,725.000,-1,-1,2,0,2,0,2,0,0,0,0,2,0,0,1,0,0,2,2
89,3716.313,6555.846,-40.940,121.175,-0.518151,-0.853555,0.054435,0.855244,-0.516420,0.043225,-0.008783,0.068952,0.997581,0,0.86910,-0.68913,52.146,-1.378,-1,375.000,-1,375.000,-1,300.000,300.000,325.000,325.000,-1,400.000,350.000,-1,675.000,750.000,-1,-1,2,0,2,0,2,0,0,0,0,2,0,0,2,0,0,2,2
90,3690.442,6601.015,-41.456,119.801,-0.497474,-0.865622,0.056736,0.867440,-0.495764,0.042031,-0.008255,0.070124,0.997504,0,0.86754,-0.68700,52.052,-1.374,-1,375.000,-1,400.000,-1,300.000,325.000,325.000,325.000,-1,425.000,350.000,-1,700.000,750.000,-1,-1,2,0,2,0,2,0,0,0,0,2,0,0,2,0,0,2,2
91,3665.698,6646.716,-41.952,118.431,-0.476588,-0.877137,0.059108,0.879091,-0.474888,0.040989,-0.007883,0.071496,0.997410,0,0.86615,-0.68475,51.969,-1.369,-1,375.000,-1,400.000,-1,300.000,325.000,325.000,325.000,-1,450.000,375.000,-1,700.000,775.000,-1,-1,2,0,2,0,2,0,0,0,0,2,0,0,2,0,0,2,2
92,3642.083,6692.927,-42.471,117.067,-0.455505,-0.888109,0.061472,0.890202,-0.453816,0.039903,-0.007542,0.072899,0.997311,0,0.86492,-0.68237,51.895,-1.365,-1,375.000,-1,400.000,-1,325.000,325.000,325.000,325.000,-1,475.000,375.000,-1,725.000,775.000,-1,-1,2,0,2,0,2,0,0,0,0,2,0,0,2,0,0,2,2
93,3619.599,6739.629,-43.108,115.707,-0.434271,-0.898558,0.063256,0.900749,-0.432580,0.039061,-0.007736,0.073941,0.997233,0,0.86386,-0.67987,51.831,-1.360,-1,375.000,-1,400.000,-1,325.000,325.000,325.000,325.000,-1,500.000,400.000,-1,725.000,775.000,-1,-1,2,0,2,0,2,0,0,0,0,2,0,0,2,0,0,2,2
94,3598.248,6786.800,-43.882,114.352,-0.412912,-0.908491,0.064399,0.910731,-0.411200,0.038518,-0.008512,0.074555,0.997181,0,0.86296,-0.67726,51.778,-1.355,-1,375.000,-1,400.000,-1,325.000,325.000,325.000,325.000,-1,525.000,425.000,-1,725.000,800.000,-1,-1,2,0,2,0,2,0,0,0,0,2,0,0,2,0,0,2,2
95,3578.031,6834.420,-44.677,113.003,-0.391425,-0.917875,0.065516,0.920161,-0.389677,0.038145,-0.009482,0.075217,0.997122,0,0.86222,-0.67455,51.733,-1.349,-1,375.000,-1,400.000,-1,325.000,325.000,325.000,325.000,-1,575.000,450.000,-1,750.000,800.000,-1,-1,2,0,2,0,2,0,0,0,0,2,0,0,2,0,0,2,2
96,3558.949,6882.468,-45.497,111.660,-0.369827,-0.926709,0.066619,0.929040,-0.368030,0.037937,-0.010638,0.075922,0.997057,0,0.86163,-0.67173,51.698,-1.343,-1,375.000,-1,400.000,-1,325.000,325.000,300.000,325.000,-1,625.000,475.000,-1,775.000,800.000,-1,-1,2,0,2,0,2,0,0,0,0,2,0,0,2,0,0,2,2
97,3541.002,6930.924,-46.344,110.322,-0.348137,-0.934994,0.067718,0.937367,-0.346277,0.037887,-0.011975,0.076667,0.996985,0,0.86120,-0.66881,51.672,-1.338,-1,375.000,-1,400.000,-1,325.000,325.000,300.000,325.000,-1,700.000,525.000,-1,800.000,800.000,-1,-1,2,0,2,0,2,0,0,0,0,2,0,0,2,0,0,2,2
98,3524.193,6979.768,-47.220,108.991,-0.326374,-0.942732,0.068825,0.945145,-0.324436,0.037990,-0.013485,0.077448,0.996905,0,0.86091,-0.66580,51.654,-1.332,-1,375.000,-1,400.000,-1,325.000,325.000,300.000,325.000,-1,775.000,575.000,-1,800.000,800.000,-1,-1,2,0,2,0,2,0,0,0,0,2,0,0,2,0,0,2,2
99,3508.520,7028.979,-48.128,107.665,-0.304553,-0.949923,0.069949,0.952375,-0.302524,0.038235,-0.015159,0.078262,0.996818,0,0.86076,-0.66270,51.645,-1.325,-1,400.000,-1,400.000,-1,325.000,325.000,300.000,300.000,-1,875.000,650.000,900.000,825.000,800.000,-1,-1,2,0,2,0,2,0,0,0,0,2,0,0,1,0,0,2,2
100,3493.985,7078.536,-49.073,106.346,-0.282693,-0.956572,0.071099,0.959060,-0.280558,0.038614,-0.016990,0.079104,0.996722,0,0.86074,-0.65952,51.644,-1.319,-1,400.000,-1,400.000,-1,325.000,325.000,300.000,300.000,-1,975.000,725.000,900.000,850.000,800.000,-1,-1,2,0,2,0,2,0,0,0,0,2,0,0,1,0,0,2,2
101,3481.092,7125.769,-49.991,105.267,-0.264715,-0.961618,0.072228,0.964147,-0.262476,0.039079,-0.018621,0.079983,0.996622,0,0.81600,-0.53952,48.960,-1.079,-1,400.000,-1,400.000,-1,325.000,325.000,300.000,300.000,-1,-1,825.000,900.000,850.000,800.000,-1,-1,2,0,2,0,2,0,0,0,0,2,2,0,1,0,0,2,2
102,3468.892,7173.184,-50.892,104.428,-0.250696,-0.965290,0.073256,0.967856,-0.248349,0.039715,-0.020143,0.080858,0.996522,0,0.81598,-0.41952,48.959,-0.839,-1,400.000,-1,400.000,-1,325.000,325.000,300.000,300.000,-1,-1,925.000,900.000,875.000,800.000,-1,-1,2,0,2,0,2,0,0,0,0,2,2,0,1,0,0,2,2
103,3457.192,7220.712,-51.841,103.829,-0.240689,-0.967743,0.074444,0.970364,-0.238221,0.040559,-0.021517,0.082000,0.996400,0,0.81576,-0.29952,48.946,-0.599,-1,400.000,-1,400.000,-1,325.000,325.000,300.000,300.000,-1,-1,-1,900.000,875.000,800.000,-1,-1,2,0,2,0,2,0,0,0,0,2,2,2,1,0,0,2,2
104,3445.795,7268.289,-52.831,103.470,-0.234707,-0.969120,0.075626,0.971805,-0.232129,0.041363,-0.022530,0.083202,0.996278,0,0.81539,-0.17952,48.923,-0.359,-1,400.000,-1,400.000,-1,325.000,325.000,300.000,300.000,-1,-1,-1,900.000,900.000,800.000,-1,-1,2,0,2,0,2,0,0,0,0,2,2,2,1,0,0,2,2
105,3434.504,7315.864,-54.165,103.351,-0.232739,-0.969604,0.075507,0.972262,-0.230116,0.041875,-0.023227,0.083158,0.996266,0,0.81492,-0.05952,48.895,-0.119,-1,425.000,-1,400.000,-1,325.000,325.000,300.000,300.000,-1,-1,-1,900.000,925.000,800.000,-1,-1,2,0,2,0,2,0,0,0,0,2,2,2,1,0,0,2,2
106,3423.121,7363.384,-55.631,103.472,-0.234844,-0.969152,0.074778,0.971735,-0.232171,0.042750,-0.024070,0.082704,0.996283,0,0.81442,0.06048,48.865,0.121,-1,425.000,-1,400.000,-1,325.000,325.000,300.000,300.000,-1,-1,-1,900.000,925.000,800.000,-1,-1,2,0,2,0,2,0,0,0,0,2,2,2,1,0,0,2,2
107,3411.445,7410.803,-57.081,103.833,-0.240995,-0.967696,0.074071,0.970214,-0.238279,0.043686,-0.024625,0.082392,0.996296,0,0.81393,0.18048,48.836,0.361,-1,425.000,-1,400.000,-1,325.000,325.000,300.000,300.000,-1,-1,-1,900.000,925.000,800.000,-1,-1,2,0,2,0,2,0,0,0,0,2,2,2,1,0,0,2,2
108,3399.279,7458.073,-58.502,104.434,-0.251175,-0.965157,0.073376,0.967622,-0.248419,0.044683,-0.024898,0.082224,0.996303,0,0.81352,0.30048,48.811,0.601,-1,425.000,-1,400.000,-1,325.000,325.000,300.000,300.000,-1,-1,-1,900.000,925.000,800.000,-1,-1,2,0,2,0,2,0,0,0,0,2,2,2,1,0,0,2,2
109,3386.424,7505.144,-59.882,105.275,-0.265349,-0.961409,0.072685,0.963831,-0.262559,0.045747,-0.024897,0.082195,0.996305,0,0.81325,0.42048,48.795,0.841,-1,425.000,-1,400.000,-1,325.000,325.000,300.000,300.000,-1,-1,-1,875.000,950.000,800.000,-1,-1,2,0,2,0,2,0,0,0,0,2,2,2,1,0,0,2,2
110,3372.829,7552.004,-61.222,106.179,-0.280518,-0.957147,0.071963,0.959526,-0.277690,0.046887,-0.024894,0.082203,0.996305,0,0.81320,0.45188,48.792,0.904,-1,425.000,-1,400.000,-1,325.000,325.000,300.000,300.000,-1,-1,-1,900.000,950.000,800.000,-1,-1,2,0,2,0,2,0,0,0,0,2,2,2,1,0,0,2,2
111,3358.482,7598.662,-62.524,107.092,-0.295788,-0.952597,0.071196,0.954927,-0.292916,0.048112,-0.024977,0.082218,0.996301,0,0.81358,0.45682,48.815,0.914,-1,425.000,-1,400.000,-1,325.000,325.000,300.000,300.000,-1,-1,-1,925.000,950.000,800.000,-1,-1,2,0,2,0,2,0,0,0,0,2,2,2,1,0,0,2,2
112,3343.368,7645.131,-63.787,108.016,-0.311162,-0.947747,0.070378,0.950024,-0.308239,0.049426,-0.025150,0.082241,0.996295,0,0.81443,0.46199,48.866,0.924,-1,425.000,-1,400.000,-1,325.000,325.000,300.000,300.000,-1,-1,-1,950.000,950.000,800.000,-1,-1,2,0,2,0,2,0,0,0,0,2,2,2,1,0,0,2,2
113,3328.695,7688.446,-64.946,108.714,-0.322743,-0.943928,0.069546,0.946139,-0.319760,0.050744,-0.025661,0.082178,0.996287,0,0.76222,0.34890,45.733,0.698,-1,425.000,-1,400.000,-1,325.000,325.000,300.000,300.000,-1,-1,-1,975.000,950.000,800.000,-1,-1,2,0,2,0,2,0,0,0,0,2,2,2,1,0,0,2,2
114,3313.396,7731.798,-66.088,109.439,-0.334731,-0.939810,0.068646,0.941948,-0.331683,0.052157,-0.026248,0.082120,0.996277,0,0.76622,0.36260,45.973,0.725,-1,425.000,-1,400.000,-1,325.000,325.000,300.000,300.000,-1,-1,-1,-1,975.000,800.000,-1,-1,2,0,2,0,2,0,0,0,0,2,2,2,2,0,0,2,2
115,3297.428,7775.214,-67.270,110.193,-0.347139,-0.935381,0.067502,0.937424,-0.344020,0.053725,-0.027031,0.081928,0.996272,0,0.77100,0.37679,46.260,0.754,-1,425.000,-1,400.000,-1,325.000,325.000,300.000,300.000,-1,-1,-1,-1,975.000,800.000,-1,-1,2,0,2,0,2,0,0,0,0,2,2,2,2,0,0,2,2
116,3280.749,7818.720,-68.471,110.976,-0.359968,-0.930594,0.066469,0.932550,-0.356769,0.055370,-0.027813,0.081917,0.996251,0,0.77657,0.39147,46.594,0.783,-1,425.000,-1,400.000,-1,325.000,325.000,300.000,300.000,-1,-1,-1,-1,975.000,800.000,-1,-1,2,0,2,0,2,0,0,0,0,2,2,2,2,0,0,2,2
117,3263.313,7862.338,-69.698,111.789,-0.373233,-0.925421,0.065523,0.927293,-0.369936,0.057226,-0.028719,0.082118,0.996209,0,0.78290,0.40664,46.974,0.813,-1,425.000,-1,400.000,-1,325.000,325.000,300.000,300.000,-1,-1,-1,-1,975.000,800.000,-1,-1,2,0,2,0,2,0,0,0,0,2,2,2,2,0,0,2,2
118,3245.072,7906.087,-70.921,112.634,-0.386933,-0.919844,0.064568,0.921629,-0.383528,0.059212,-0.029702,0.082419,0.996155,0,0.79000,0.42231,47.400,0.845,-1,425.000,-1,400.000,-1,325.000,325.000,300.000,300.000,-1,-1,-1,-1,950.000,800.000,-1,-1,2,0,2,0,2,0,0,0,0,2,2,2,2,0,0,2,2
119,3225.975,7949.984,-72.181,113.511,-0.401062,-0.913845,0.063541,0.915539,-0.397552,0.061170,-0.030639,0.082707,0.996103,0,0.79786,0.43848,47.872,0.877,-1,425.000,-1,400.000,-1,325.000,325.000,300.000,300.000,-1,-1,-1,-1,950.000,800.000,-1,-1,2,0,2,0,2,0,0,0,0,2,2,2,2,0,0,2,2
120,3205.970,7994.043,-73.683,114.421,-0.415557,-0.907453,0.061982,0.909042,-0.412038,0.062180,-0.030886,0.082183,0.996139,0,0.80648,0.45516,48.389,0.910,-1,425.000,-1,400.000,-1,350.000,325.000,300.000,300.000,-1,-1,-1,-1,950.000,800.000,-1,-1,2,0,2,0,2,0,0,0,0,2,2,2,2,0,0,2,2
121,3185.001,8038.274,-75.248,115.366,-0.430497,-0.900581,0.060219,0.902049,-0.426965,0.063313,-0.031307,0.081577,0.996175,0,0.81584,0.47236,48.950,0.945,-1,425.000,-1,400.000,-1,350.000,325.000,300.000,300.000,-1,-1,-1,-1,950.000,800.000,-1,-1,2,0,2,0,2,0,0,0,0,2,2,2,2,0,0,2,2
122,3163.009,8082.683,-76.890,116.346,-0.445881,-0.893199,0.058190,0.894522,-0.442335,0.064578,-0.031942,0.080846,0.996215,0,0.82594,0.49008,49.556,0.980,-1,425.000,-1,400.000,-1,350.000,325.000,300.000,300.000,-1,-1,-1,-1,925.000,800.000,-1,-1,2,0,2,0,2,0,0,0,0,2,2,2,2,1,0,2,2
123,3139.289,8128.450,-78.602,117.397,-0.462244,-0.884976,0.056101,0.886152,-0.458677,0.065949,-0.032631,0.080199,0.996245,0,0.85916,0.52581,51.549,1.052,-1,425.000,-1,400.000,-1,350.000,325.000,300.000,300.000,-1,-1,-1,-1,900.000,800.000,-1,-1,2,0,2,0,2,0,0,0,0,2,2,2,2,1,0,2,2
124,3114.345,8174.436,-80.347,118.477,-0.478885,-0.876215,0.054005,0.877242,-0.475293,0.067399,-0.033388,0.079652,0.996263,0,0.87193,0.53984,52.316,1.080,-1,425.000,-1,400.000,-1,350.000,325.000,300.000,300.000,-1,-1,-1,-1,875.000,800.000,-1,-1,2,0,2,0,2,0,0,0,0,2,2,2,2,1,0,2,2
125,3090.098,8217.616,-82.019,119.317,-0.491728,-0.869193,0.052036,0.870068,-0.488103,0.068823,-0.034422,0.079117,0.996271,0,0.82537,0.41984,49.522,0.840,-1,425.000,-1,400.000,-1,350.000,325.000,300.000,300.000,-1,-1,-1,-1,850.000,775.000,-1,-1,2,0,2,0,2,0,0,0,0,2,2,2,2,1,0,2,2
126,3065.224,8260.846,-83.740,119.916,-0.500862,-0.864078,0.050070,0.864784,-0.497197,0.070306,-0.035855,0.078513,0.996268,0,0.83126,0.29984,49.875,0.600,-1,425.000,-1,400.000,-1,325.000,325.000,300.000,300.000,-1,-1,-1,-1,825.000,775.000,-1,-1,2,0,2,0,2,0,0,0,0,2,2,2,2,1,0,2,2
127,3039.833,8304.185,-85.521,120.366,-0.507690,-0.860196,0.048109,0.860721,-0.503982,0.071844,-0.037554,0.077883,0.996255,0,0.83716,0.22462,50.229,0.449,-1,425.000,-1,400.000,-1,325.000,325.000,300.000,300.000,-1,-1,-1,-1,800.000,775.000,-1,-1,2,0,2,0,2,0,0,0,0,2,2,2,2,1,0,2,2
128,3013.918,8347.626,-87.386,120.819,-0.514545,-0.856222,0.046126,0.856565,-0.510799,0.073360,-0.039251,0.077257,0.996238,0,0.84306,0.22672,50.584,0.453,-1,425.000,-1,400.000,-1,325.000,325.000,300.000,300.000,-1,-1,-1,-1,775.000,775.000,-1,-1,2,0,2,0,2,0,0,0,0,2,2,2,2,1,0,2,2
129,2987.472,8391.163,-89.407,121.277,-0.521417,-0.852153,0.044267,0.852329,-0.517646,0.074682,-0.040726,0.076670,0.996224,0,0.84900,0.22886,50.940,0.458,-1,425.000,-1,400.000,-1,325.000,325.000,300.000,275.000,-1,-1,-1,-1,750.000,750.000,1000.000,-1,2,0,2,0,2,0,0,0,0,2,2,2,2,1,0,1,2
130,2960.488,8434.790,-91.504,121.739,-0.528323,-0.847980,0.042474,0.847992,-0.524520,0.076084,-0.042239,0.076214,0.996196,0,0.85497,0.23104,51.298,0.462,-1,425.000,-1,400.000,-1,325.000,325.000,300.000,275.000,-1,-1,-1,-1,725.000,750.000,950.000,-1,2,0,2,0,2,0,0,0,0,2,2,2,2,1,0,1,2
131,2932.957,8478.500,-93.555,122.205,-0.535232,-0.843731,0.040555,0.843588,-0.531439,0.077021,-0.043433,0.075436,0.996204,0,0.86096,0.23327,51.658,0.467,-1,425.000,-1,400.000,-1,325.000,325.000,300.000,300.000,-1,-1,-1,-1,700.000,750.000,900.000,-1,2,0,2,0,2,0,0,0,0,2,2,2,2,1,0,1,2
132,2904.873,8522.287,-95.600,122.677,-0.542153,-0.839394,0.038582,0.839105,-0.538397,0.077662,-0.044416,0.074479,0.996233,0,0.86699,0.23555,52.019,0.471,975.000,400.000,-1,400.000,-1,325.000,325.000,300.000,300.000,-1,-1,-1,-1,675.000,750.000,825.000,-1,1,0,2,0,2,0,0,0,0,2,2,2,2,1,0,1,2
133,2876.228,8566.142,-97.694,123.152,-0.549102,-0.834952,0.036644,0.834524,-0.545387,0.078249,-0.045349,0.073547,0.996260,0,0.87303,0.23790,52.382,0.476,900.000,400.000,-1,400.000,-1,325.000,325.000,300.000,300.000,-1,-1,-1,-1,650.000,725.000,775.000,-1,1,0,2,0,2,0,0,0,0,2,2,2,2,1,0,1,2
134,2847.014,8610.059,-99.854,123.633,-0.556084,-0.830399,0.034767,0.829837,-0.552406,0.078847,-0.046269,0.072696,0.996280,0,0.87909,0.24033,52.745,0.481,825.000,400.000,-1,400.000,-1,325.000,325.000,300.000,300.000,-1,-1,-1,-1,600.000,725.000,725.000,-1,1,0,2,0,2,0,0,0,0,2,2,2,2,1,0,1,2
135,2817.225,8654.028,-102.185,124.119,-0.563072,-0.825757,0.032796,0.825079,-0.559473,0.078957,-0.046850,0.071517,0.996338,0,0.88516,0.24284,53.110,0.486,750.000,400.000,-1,400.000,-1,325.000,325.000,300.000,300.000,-1,-1,-1,-1,575.000,725.000,650.000,-1,1,1,2,0,2,0,0,0,0,2,2,2,2,1,0,1,2
136,2786.854,8698.040,-104.604,124.610,-0.570091,-0.821002,0.030871,0.820216,-0.566575,0.078987,-0.047358,0.070351,0.996397,0,0.89124,0.24545,53.474,0.491,675.000,375.000,-1,400.000,-1,325.000,325.000,300.000,300.000,-1,-1,-1,-1,550.000,700.000,600.000,-1,1,1,2,0,2,0,0,0,0,2,2,2,2,1,0,1,2
