timestep,x_cm,y_cm,z_cm,yaw_deg,basis_xx,basis_xy,basis_xz,basis_yx,basis_yy,basis_yz,basis_zx,basis_zy,basis_zz,teleport_flag,throttle_cmd,steering_cmd,cmd_move_cm,cmd_turn_deg,lidar_cm_0,lidar_cm_1,lidar_cm_2,lidar_cm_3,lidar_cm_4,lidar_cm_5,lidar_cm_6,lidar_cm_7,lidar_cm_8,lidar_cm_9,lidar_cm_10,lidar_cm_11,lidar_cm_12,lidar_cm_13,lidar_cm_14,lidar_cm_15,lidar_cm_16,lidar_class_0,lidar_class_1,lidar_class_2,lidar_class_3,lidar_class_4,lidar_class_5,lidar_class_6,lidar_class_7,lidar_class_8,lidar_class_9,lidar_class_10,lidar_class_11,lidar_class_12,lidar_class_13,lidar_class_14,lidar_class_15,lidar_class_16
0,-4917.537,4915.106,-34.739,-65.987,0.407232,0.913312,0.004719,-0.912908,0.406886,0.032286,0.027567,-0.017456,0.999468,1,0.08000,0.10142,4.800,0.203,-1,400.000,-1,400.000,-1,325.000,325.000,300.000,300.000,-1,-1,-1,-1,750.000,825.000,950.000,-1,2,0,2,0,2,0,0,0,0,2,2,2,2,1,0,1,2
1,-4913.599,4906.351,-34.471,-65.784,0.410469,0.911861,0.004907,-0.911466,0.410118,0.032146,0.027300,-0.017668,0.999471,0,0.16000,0.10152,9.600,0.203,-1,400.000,-1,400.000,-1,325.000,325.000,300.000,300.000,-1,-1,-1,-1,750.000,825.000,925.000,-1,2,0,2,0,2,0,0,0,0,2,2,2,2,1,0,1,2
2,-4907.646,4893.239,-34.072,-65.580,0.413713,0.910393,0.005193,-0.910009,0.413356,0.031940,0.026931,-0.017940,0.999476,0,0.24000,0.10188,14.400,0.204,-1,400.000,-1,400.000,-1,325.000,325.000,300.000,300.000,-1,-1,-1,-1,750.000,825.000,925.000,-1,2,0,2,0,2,0,0,0,0,2,2,2,2,1,0,1,2
3,-4899.646,4875.786,-33.544,-65.375,0.416971,0.908903,0.005577,-0.908535,0.416608,0.031666,0.026458,-0.018271,0.999483,0,0.32000,0.10249,19.200,0.205,-1,400.000,-1,400.000,-1,325.000,325.000,300.000,300.000,-1,-1,-1,-1,725.000,825.000,900.000,-1,2,0,2,0,2,0,0,0,0,2,2,2,2,1,0,1,2
4,-4889.567,4854.005,-32.888,-65.168,0.420252,0.907387,0.006060,-0.907038,0.419882,0.031325,0.025879,-0.018661,0.999491,0,0.40000,0.10337,24.000,0.207,1000.000,400.000,-1,400.000,-1,325.000,325.000,300.000,300.000,-1,-1,-1,-1,725.000,825.000,875.000,-1,1,0,2,0,2,0,0,0,0,2,2,2,2,1,0,1,2
5,-4877.377,4827.912,-32.104,-64.959,0.423565,0.905842,0.006641,-0.905515,0.423186,0.030915,0.025194,-0.019108,0.999500,0,0.48000,0.10451,28.800,0.209,975.000,400.000,-1,400.000,-1,325.000,325.000,300.000,300.000,-1,-1,-1,-1,700.000,825.000,850.000,-1,1,0,2,0,2,0,0,0,0,2,2,2,2,1,0,1,2
6,-4863.043,4797.523,-31.195,-64.747,0.426916,0.904262,0.007319,-0.903962,0.426528,0.030436,0.024400,-0.019609,0.999510,0,0.56000,0.10594,33.600,0.212,925.000,400.000,-1,400.000,-1,325.000,325.000,300.000,300.000,-1,-1,-1,-1,700.000,825.000,800.000,-1,1,0,2,0,2,0,0,0,0,2,2,2,2,1,0,1,2
7,-4846.530,4762.854,-30.161,-64.532,0.430315,0.902642,0.008094,-0.902373,0.429919,0.029885,0.023496,-0.020164,0.999521,0,0.64000,0.10767,38.400,0.215,875.000,400.000,-1,400.000,-1,325.000,325.000,300.000,300.000,-1,-1,-1,-1,675.000,825.000,775.000,-1,1,0,2,0,2,0,0,0,0,2,2,2,2,1,0,1,2
8,-4827.805,4723.924,-29.087,-64.313,0.433766,0.900984,0.008675,-0.900744,0.433370,0.029155,0.022509,-0.020461,0.999537,0,0.72000,0.10972,43.200,0.219,825.000,400.000,-1,400.000,-1,325.000,325.000,300.000,300.000,-1,-1,-1,-1,650.000,825.000,725.000,-1,1,0,2,0,2,0,0,0,0,2,2,2,2,1,0,1,2
9,-4808.466,4684.118,-28.116,-64.088,0.437278,0.899284,0.008772,-0.899065,0.436895,0.028388,0.021696,-0.020300,0.999558,0,0.73758,0.11212,44.255,0.224,775.000,400.000,-1,400.000,-1,325.000,325.000,300.000,300.000,-1,-1,-1,-1,625.000,825.000,675.000,-1,1,0,2,0,2,0,0,0,0,2,2,2,2,1,0,1,2
10,-4788.840,4644.130,-27.183,-63.859,0.440859,0.897533,0.008791,-0.897336,0.440494,0.027440,0.020755,-0.019985,0.999585,0,0.74241,0.11468,44.544,0.229,725.000,400.000,-1,400.000,-1,325.000,325.000,300.000,300.000,-1,-1,-1,-1,600.000,825.000,650.000,-1,1,0,2,0,2,0,0,0,0,2,2,2,2,1,0,1,2
11,-4768.923,4603.964,-26.293,-63.624,0.444513,0.895730,0.008722,-0.895557,0.444170,0.026285,0.019670,-0.019496,0.999616,0,0.74721,0.11734,44.833,0.235,650.000,400.000,-1,400.000,-1,325.000,325.000,300.000,300.000,-1,-1,-1,-1,575.000,800.000,600.000,-1,1,0,2,0,2,0,0,0,0,2,2,2,2,1,0,1,2
12,-4748.710,4563.627,-25.406,-63.384,0.448246,0.893869,0.008653,-0.893718,0.447927,0.025106,0.018565,-0.018987,0.999647,0,0.75199,0.12012,45.119,0.240,600.000,400.000,-1,400.000,-1,325.000,325.000,300.000,300.000,-1,-1,-1,-1,550.000,800.000,550.000,-1,1,1,2,0,2,0,0,0,0,2,2,2,2,1,0,1,2
13,-4728.195,4523.122,-24.522,-63.138,0.452062,0.891945,0.008583,-0.891816,0.451766,0.023900,0.017440,-0.018459,0.999678,0,0.75672,0.12304,45.403,0.246,550.000,400.000,-1,400.000,-1,325.000,325.000,300.000,300.000,-1,-1,-1,-1,525.000,800.000,500.000,-1,1,1,2,0,2,0,0,0,0,2,2,2,2,1,0,1,2
14,-4707.373,4482.458,-23.750,-62.886,0.455974,0.889950,0.008748,-0.889837,0.455688,0.023186,0.016648,-0.018356,0.999693,0,0.76142,0.12609,45.685,0.252,500.000,375.000,1000.000,400.000,-1,325.000,325.000,300.000,300.000,-1,-1,-1,-1,500.000,800.000,450.000,-1,1,1,1,0,2,0,0,0,0,2,2,2,2,1,0,1,2
15,-4686.240,4441.641,-23.027,-62.627,0.459981,0.887883,0.009002,-0.887785,0.459700,0.022659,0.015981,-0.018415,0.999703,0,0.76606,0.12930,45.964,0.259,450.000,375.000,950.000,400.000,-1,325.000,325.000,300.000,300.000,-1,-1,-1,-1,475.000,800.000,425.000,-1,1,1,1,0,2,0,0,0,0,2,2,2,2,1,0,1,2
16,-4664.790,4400.678,-22.369,-62.362,0.464083,0.885740,0.009564,-0.885663,0.463805,0.022063,0.015106,-0.018710,0.999711,0,0.77064,0.13268,46.238,0.265,400.000,350.000,900.000,400.000,-1,325.000,325.000,300.000,300.000,-1,-1,-1,-1,450.000,800.000,375.000,-1,1,1,1,0,2,0,0,0,0,2,2,2,2,1,0,1,2
17,-4643.020,4359.580,-21.560,-62.089,0.468282,0.883530,0.009304,-0.883456,0.468015,0.021617,0.014745,-0.018342,0.999723,0,0.77514,0.13625,46.508,0.272,350.000,325.000,825.000,400.000,-1,325.000,325.000,300.000,300.000,-1,-1,-1,-1,400.000,800.000,325.000,-1,1,1,1,0,2,0,0,0,0,2,2,2,2,1,0,1,2
18,-4620.925,4318.355,-20.176,-61.809,0.472568,0.881274,0.006030,-0.881144,0.472350,0.021710,0.016284,-0.015573,0.999746,0,0.77954,0.14002,46.773,0.280,300.000,300.000,775.000,400.000,-1,325.000,325.000,325.000,300.000,-1,-1,-1,-1,375.000,825.000,300.000,-1,1,1,1,0,2,1,0,0,0,2,2,2,2,1,0,1,2
19,-4598.500,4277.015,-18.271,-61.521,0.476923,0.878945,0.000007,-0.878727,0.476805,0.022249,0.019552,-0.010617,0.999752,0,0.78384,0.14402,47.030,0.288,275.000,300.000,750.000,425.000,-1,325.000,350.000,325.000,300.000,-1,-1,-1,-1,375.000,850.000,275.000,-1,1,1,1,0,2,1,0,0,0,2,2,2,2,1,0,1,2
20,-4575.741,4235.573,-15.832,-61.225,0.481303,0.876510,-0.008837,-0.876209,0.481372,0.023199,0.024588,-0.003423,0.999692,0,0.78800,0.14827,47.280,0.297,250.000,275.000,700.000,425.000,-1,300.000,350.000,350.000,300.000,-1,-1,-1,-1,350.000,875.000,250.000,-1,1,1,1,0,2,1,0,0,0,2,2,2,2,1,0,1,2
21,-4552.643,4194.043,-12.850,-60.919,0.485636,0.873919,-0.020578,-0.873596,0.486034,0.024524,0.031433,0.006067,0.999487,0,0.79201,0.15280,47.520,0.306,225.000,275.000,675.000,450.000,-1,300.000,375.000,375.000,275.000,-1,-1,-1,-1,325.000,925.000,225.000,-1,1,1,1,0,2,1,0,0,0,2,2,2,2,1,0,1,2
22,-4529.202,4152.442,-9.371,-60.604,0.489809,0.871104,-0.035572,-0.870898,0.490764,0.026222,0.040300,0.018135,0.999023,0,0.79583,0.15764,47.750,0.315,200.000,250.000,650.000,475.000,-1,275.000,400.000,425.000,275.000,-1,550.000,325.000,-1,300.000,975.000,200.000,-1,1,1,1,0,2,1,1,0,0,2,0,0,2,1,0,1,2
23,-4505.414,4110.789,-5.336,-60.278,0.493692,0.867980,-0.053648,-0.868136,0.495524,0.028199,0.051060,0.032653,0.998162,0,0.79943,0.16282,47.966,0.326,175.000,250.000,625.000,500.000,-1,250.000,375.000,450.000,275.000,-1,400.000,200.000,-1,300.000,975.000,175.000,-1,1,1,1,0,2,1,1,0,0,2,0,0,2,1,1,1,2
24,-4481.276,4069.105,-0.806,-59.941,0.497089,0.864433,-0.075218,-0.865341,0.500259,0.030438,0.063940,0.049959,0.996702,0,0.80278,0.16838,48.167,0.337,175.000,225.000,600.000,525.000,-1,250.000,375.000,525.000,250.000,-1,325.000,125.000,775.000,275.000,925.000,175.000,-1,1,1,1,0,2,1,1,0,0,2,0,0,0,1,1,1,2
25,-4456.785,4027.414,4.300,-59.593,0.499810,0.860342,-0.100008,-0.862550,0.504907,0.032807,0.078720,0.069864,0.994446,0,0.80583,0.17437,48.350,0.349,150.000,225.000,575.000,575.000,-1,225.000,350.000,600.000,250.000,-1,275.000,75.000,525.000,275.000,900.000,150.000,-1,1,1,1,1,2,1,1,0,0,2,0,0,0,1,1,1,2
26,-4431.939,3985.744,9.983,-59.231,0.501623,0.855555,-0.128060,-0.859820,0.509385,0.035155,0.095308,0.092474,0.991143,0,0.80852,0.18084,48.511,0.362,150.000,225.000,575.000,525.000,-1,225.000,350.000,725.000,250.000,-1,225.000,50.000,375.000,250.000,875.000,150.000,-1,1,1,1,1,2,1,1,0,0,2,0,0,0,1,1,1,2
27,-4406.737,3944.128,16.254,-58.855,0.502257,0.849898,-0.159408,-0.857218,0.513594,0.037382,0.113642,0.117872,0.986505,0,0.81079,0.18783,48.647,0.376,125.000,200.000,575.000,525.000,-1,225.000,325.000,875.000,225.000,-1,200.000,25.000,275.000,250.000,900.000,125.000,-1,1,1,1,1,2,1,1,0,0,2,0,0,0,1,1,1,2
28,-4378.923,3898.481,23.869,-58.720,0.496778,0.845067,-0.197668,-0.857179,0.513411,0.040666,0.135851,0.149235,0.979425,0,0.89079,0.06783,53.447,0.136,125.000,200.000,575.000,500.000,-1,225.000,325.000,-1,225.000,-1,200.000,0.000,200.000,250.000,-1,125.000,-1,1,1,1,1,2,1,1,2,0,2,0,0,0,1,2,1,2
29,7543.465,3607.498,136.929,-77.260,0.302312,0.939477,-0.161215,-0.883141,0.212409,-0.418264,-0.358706,0.268821,0.893904,1,0.00000,0.00000,54.656,-0.104,800.000,275.000,375.000,175.000,75.000,225.000,175.000,700.000,300.000,300.000,0.000,150.000,-1,375.000,200.000,525.000,75.000,0,0,0,0,0,0,0,1,0,1,1,1,2,0,0,0,0
30,-4919.492,-5575.424,79.785,90.810,-0.014090,-0.999877,-0.006897,0.999870,-0.014143,0.007711,-0.007808,-0.006788,0.999946,1,0.00000,0.00000,4.800,-0.240,225.000,125.000,-1,500.000,-1,100.000,175.000,-1,850.000,-1,0.000,0.000,525.000,200.000,800.000,150.000,-1,1,1,2,1,2,1,1,2,1,2,1,1,1,1,1,1,2
31,4094.630,-5180.344,-45.472,-136.835,-0.724444,0.684036,0.085293,-0.681508,-0.729307,0.060479,0.103575,-0.014315,0.994519,1,0.08000,0.12000,4.800,0.240,-1,300.000,500.000,250.000,225.000,225.000,225.000,375.000,400.000,1000.000,125.000,150.000,-1,475.000,300.000,725.000,225.000,2,1,1,1,1,1,1,0,0,0,0,0,2,1,1,1,1
32,4087.683,-5186.971,-44.376,-136.355,-0.718361,0.690103,0.087837,-0.687537,-0.723531,0.061612,0.106071,-0.016131,0.994228,0,0.16000,0.24000,9.600,0.480,-1,300.000,500.000,250.000,200.000,225.000,225.000,375.000,400.000,975.000,125.000,150.000,-1,475.000,275.000,750.000,225.000,2,1,1,1,1,1,1,0,0,0,0,0,2,1,1,1,1
33,2295.818,-3608.073,-39.478,-172.120,-0.990605,0.132642,0.033285,-0.119627,-0.958416,0.259091,0.066267,0.252675,0.965279,1,0.00000,0.00000,14.400,0.720,-1,875.000,-1,475.000,825.000,550.000,475.000,50.000,200.000,-1,-1,700.000,375.000,-1,850.000,-1,-1,2,0,2,0,0,0,0,1,0,2,2,0,0,2,0,2,2
34,8851.454,-4266.699,-72.451,40.861,0.756296,-0.654219,-0.003642,0.654192,0.756301,-0.006488,0.006999,0.002524,0.999972,1,-0.08000,0.12000,-4.800,0.240,-1,400.000,-1,400.000,-1,325.000,325.000,300.000,300.000,-1,-1,-1,-1,775.000,775.000,-1,-1,2,0,2,0,2,0,0,0,0,2,2,2,2,0,0,2,2
35,8844.247,-4273.041,-72.522,41.341,0.750789,-0.660532,-0.003695,0.660504,0.750794,-0.006537,0.007092,0.002467,0.999972,0,-0.16000,0.24000,-9.600,0.480,-1,400.000,-1,400.000,-1,325.000,325.000,300.000,300.000,-1,-1,-1,-1,775.000,775.000,-1,-1,2,0,2,0,2,0,0,0,0,2,2,2,2,0,0,2,2
36,8833.531,-4282.660,-72.626,41.912,0.744165,-0.667985,-0.003773,0.667957,0.744171,-0.006610,0.007224,0.002399,0.999971,0,-0.24000,0.28563,-14.400,0.571,-1,400.000,-1,400.000,-1,325.000,325.000,300.000,300.000,-1,-1,-1,-1,775.000,775.000,-1,-1,2,0,2,0,2,0,0,0,0,2,2,2,2,0,0,2,2
37,8819.369,-4295.625,-72.763,42.475,0.737563,-0.675267,-0.003876,0.675238,0.737569,-0.006710,0.007390,0.002331,0.999970,0,-0.32000,0.28159,-19.200,0.563,-1,400.000,-1,400.000,-1,325.000,325.000,300.000,300.000,-1,-1,-1,-1,775.000,775.000,-1,-1,2,0,2,0,2,0,0,0,0,2,2,2,2,0,0,2,2
38,8801.825,-4312.001,-72.942,43.027,0.731018,-0.682346,-0.003958,0.682316,0.731025,-0.006842,0.007562,0.002301,0.999969,0,-0.40000,0.27618,-24.000,0.552,-1,400.000,-1,400.000,-1,325.000,325.000,300.000,300.000,-1,-1,-1,-1,775.000,775.000,-1,-1,2,0,2,0,2,0,0,0,0,2,2,2,2,0,0,2,2
39,8782.148,-4330.717,-73.174,43.566,0.724569,-0.689191,-0.003988,0.689160,0.724577,-0.006911,0.007653,0.002259,0.999968,0,-0.45259,0.26940,-27.156,0.539,-1,400.000,-1,400.000,-1,325.000,325.000,300.000,300.000,-1,-1,-1,-1,775.000,775.000,-1,-1,2,0,2,0,2,0,0,0,0,2,2,2,2,0,0,2,2
40,8762.491,-4349.759,-73.407,44.090,0.718242,-0.695782,-0.004013,0.695750,0.718250,-0.006986,0.007743,0.002226,0.999968,0,-0.45613,0.26174,-27.368,0.523,-1,400.000,-1,400.000,-1,325.000,325.000,300.000,300.000,-1,-1,-1,-1,775.000,775.000,-1,-1,2,0,2,0,2,0,0,0,0,2,2,2,2,0,0,2,2
41,8742.854,-4369.123,-73.640,44.598,0.712044,-0.702124,-0.004031,0.702091,0.712052,-0.007067,0.007832,0.002202,0.999967,0,-0.45965,0.25404,-27.579,0.508,-1,400.000,-1,400.000,-1,325.000,325.000,300.000,300.000,-1,-1,-1,1000.000,775.000,775.000,-1,-1,2,0,2,0,2,0,0,0,0,2,2,2,1,0,0,2,2
42,8723.235,-4388.803,-73.873,45.090,0.705981,-0.708219,-0.004043,0.708186,0.705989,-0.007154,0.007921,0.002187,0.999966,0,-0.46314,0.24629,-27.788,0.493,-1,400.000,-1,400.000,-1,325.000,325.000,300.000,300.000,-1,-1,-1,975.000,775.000,775.000,-1,-1,2,0,2,0,2,0,0,0,0,2,2,2,1,0,0,2,2
43,8703.637,-4408.793,-74.107,45.567,0.700060,-0.714072,-0.004049,0.714039,0.700069,-0.007247,0.008010,0.002182,0.999966,0,-0.46658,0.23850,-27.995,0.477,-1,400.000,-1,400.000,-1,325.000,325.000,300.000,300.000,-1,-1,-1,975.000,775.000,775.000,-1,-1,2,0,2,0,2,0,0,0,0,2,2,2,1,0,0,2,2
44,8684.059,-4429.087,-74.341,46.029,0.694288,-0.719686,-0.004049,0.719652,0.694296,-0.007345,0.008097,0.002186,0.999965,0,-0.46998,0.23069,-28.199,0.461,-1,400.000,-1,400.000,-1,325.000,325.000,300.000,300.000,-1,-1,-1,950.000,775.000,775.000,-1,-1,2,0,2,0,2,0,0,0,0,2,2,2,1,0,0,2,2
45,8664.501,-4449.678,-74.575,46.474,0.688668,-0.725065,-0.004042,0.725030,0.688677,-0.007449,0.008185,0.002199,0.999964,0,-0.47331,0.22285,-28.399,0.446,-1,400.000,-1,400.000,-1,325.000,325.000,300.000,300.000,-1,-1,-1,925.000,775.000,775.000,-1,-1,2,0,2,0,2,0,0,0,0,2,2,2,1,0,0,2,2
46,8644.965,-4470.558,-74.810,46.904,0.683208,-0.730213,-0.004029,0.730177,0.683216,-0.007558,0.008272,0.002222,0.999963,0,-0.47657,0.21499,-28.594,0.430,-1,400.000,-1,400.000,-1,325.000,325.000,300.000,300.000,-1,-1,-1,900.000,775.000,775.000,-1,-1,2,0,2,0,2,0,0,0,0,2,2,2,1,0,0,2,2
47,8625.452,-4491.719,-75.044,47.319,0.677911,-0.735133,-0.004009,0.735097,0.677919,-0.007672,0.008358,0.002254,0.999963,0,-0.47975,0.20712,-28.785,0.414,-1,400.000,-1,400.000,-1,325.000,325.000,300.000,300.000,-1,-1,-1,900.000,775.000,775.000,-1,-1,2,0,2,0,2,0,0,0,0,2,2,2,1,0,0,2,2
48,8605.961,-4513.151,-75.279,47.717,0.672782,-0.739830,-0.003988,0.739793,0.672789,-0.007791,0.008447,0.002292,0.999962,0,-0.48283,0.19925,-28.970,0.398,-1,400.000,-1,400.000,-1,325.000,325.000,300.000,300.000,-1,-1,-1,875.000,775.000,775.000,-1,-1,2,0,2,0,2,0,0,0,0,2,2,2,1,0,0,2,2
49,8586.495,-4534.847,-75.574,48.100,0.667825,-0.744308,-0.003920,0.744267,0.667832,-0.008190,0.008714,0.002552,0.999959,0,-0.48580,0.19137,-29.148,0.383,-1,400.000,-1,400.000,-1,325.000,325.000,300.000,300.000,-1,-1,-1,850.000,775.000,775.000,-1,-1,2,0,2,0,2,0,0,0,0,2,2,2,1,0,0,2,2
50,8567.055,-4556.794,-75.886,48.467,0.663045,-0.748570,-0.003827,0.748525,0.663050,-0.008674,0.009031,0.002887,0.999955,0,-0.48865,0.18351,-29.319,0.367,-1,400.000,-1,400.000,-1,325.000,325.000,300.000,300.000,-1,-1,-1,825.000,775.000,775.000,-1,-1,2,0,2,0,2,0,0,0,0,2,2,2,1,0,0,2,2
51,8547.642,-4578.983,-76.200,48.818,0.658444,-0.752621,-0.003721,0.752572,0.658446,-0.009169,0.009351,0.003237,0.999951,0,-0.49137,0.17567,-29.482,0.351,-1,400.000,-1,400.000,-1,325.000,325.000,300.000,300.000,-1,-1,-1,825.000,775.000,775.000,-1,-1,2,0,2,0,2,0,0,0,0,2,2,2,1,0,0,2,2
52,8528.259,-4601.402,-76.513,49.154,0.654024,-0.756465,-0.003603,0.756412,0.654024,-0.009672,0.009673,0.003601,0.999947,0,-0.49394,0.16785,-29.636,0.336,-1,400.000,-1,400.000,-1,325.000,325.000,300.000,300.000,-1,-1,-1,800.000,775.000,775.000,-1,-1,2,0,2,0,2,0,0,0,0,2,2,2,1,0,0,2,2
53,8508.908,-4624.038,-76.827,49.474,0.649789,-0.760106,-0.003472,0.760049,0.649786,-0.010185,0.009998,0.003979,0.999942,0,-0.49634,0.16008,-29.781,0.320,-1,400.000,-1,400.000,-1,325.000,325.000,300.000,300.000,-1,-1,-1,775.000,775.000,775.000,-1,-1,2,0,2,0,2,0,0,0,0,2,2,2,1,0,0,2,2
54,8492.703,-4643.049,-77.089,49.554,0.648727,-0.761014,-0.003360,0.760952,0.648722,-0.010619,0.010261,0.004333,0.999938,0,-0.41634,0.04008,-24.981,0.080,-1,400.000,-1,400.000,-1,325.000,325.000,300.000,300.000,-1,-1,-1,750.000,775.000,775.000,-1,-1,2,0,2,0,2,0,0,0,0,2,2,2,1,0,0,2,2
55,8479.619,-4658.414,-77.300,49.584,0.648330,-0.761353,-0.003267,0.761288,0.648321,-0.010973,0.010472,0.004627,0.999934,0,-0.33634,0.01503,-20.181,0.030,-1,400.000,-1,400.000,-1,325.000,325.000,300.000,300.000,-1,-1,-1,750.000,775.000,775.000,-1,-1,2,0,2,0,2,0,0,0,0,2,2,2,1,0,0,2,2
56,8469.651,-4670.127,-77.461,49.604,0.648067,-0.761577,-0.003194,0.761509,0.648057,-0.011243,0.010633,0.004854,0.999932,0,-0.25634,0.00994,-15.381,0.020,-1,400.000,-1,400.000,-1,325.000,325.000,300.000,300.000,-1,-1,-1,750.000,800.000,775.000,-1,-1,2,0,2,0,2,0,0,0,0,2,2,2,1,0,0,2,2
57,8462.796,-4678.187,-77.571,49.616,0.647905,-0.761714,-0.003143,0.761645,0.647894,-0.011430,0.010743,0.005011,0.999930,0,-0.17634,0.00611,-10.581,0.012,-1,400.000,-1,400.000,-1,325.000,325.000,300.000,300.000,-1,-1,-1,750.000,800.000,775.000,-1,-1,2,0,2,0,2,0,0,0,0,2,2,2,1,0,0,2,2
58,8459.051,-4682.591,-77.631,49.623,0.647813,-0.761793,-0.003115,0.761723,0.647800,-0.011533,0.010804,0.005098,0.999929,0,-0.09634,0.00350,-5.781,0.007,-1,400.000,-1,400.000,-1,325.000,325.000,300.000,300.000,-1,-1,-1,725.000,800.000,775.000,-1,-1,2,0,2,0,2,0,0,0,0,2,2,2,1,0,0,2,2
59,8458.416,-4683.338,-77.641,49.628,0.647758,-0.761840,-0.003111,0.761769,0.647745,-0.011550,0.010814,0.005112,0.999928,0,-0.01634,0.00208,-0.981,0.004,-1,400.000,-1,400.000,-1,325.000,325.000,300.000,300.000,-1,-1,-1,725.000,800.000,775.000,-1,-1,2,0,2,0,2,0,0,0,0,2,2,2,1,0,0,2,2
60,8460.890,-4680.428,-77.601,49.631,0.647709,-0.761882,-0.003129,0.761812,0.647697,-0.011482,0.010774,0.005054,0.999929,0,0.06366,0.00184,3.819,0.004,-1,400.000,-1,400.000,-1,325.000,325.000,300.000,300.000,-1,-1,-1,725.000,800.000,775.000,-1,-1,2,0,2,0,2,0,0,0,0,2,2,2,1,0,0,2,2
61,8466.472,-4673.860,-77.512,49.637,0.647634,-0.761945,-0.003170,0.761876,0.647623,-0.011330,0.010685,0.004923,0.999931,0,0.14366,0.00277,8.619,0.006,-1,400.000,-1,400.000,-1,325.000,325.000,300.000,300.000,-1,-1,-1,750.000,800.000,775.000,-1,-1,2,0,2,0,2,0,0,0,0,2,2,2,1,0,0,2,2
62,8475.161,-4663.634,-77.372,49.647,0.647503,-0.762056,-0.003232,0.761990,0.647494,-0.011093,0.010546,0.004719,0.999933,0,0.22366,0.00490,13.419,0.010,-1,400.000,-1,400.000,-1,325.000,325.000,300.000,300.000,-1,-1,-1,750.000,800.000,775.000,-1,-1,2,0,2,0,2,0,0,0,0,2,2,2,1,0,0,2,2
63,8486.955,-4649.746,-77.182,49.663,0.647282,-0.762243,-0.003316,0.762180,0.647276,-0.010772,0.010358,0.004445,0.999936,0,0.30366,0.00823,18.219,0.016,-1,400.000,-1,400.000,-1,325.000,325.000,300.000,300.000,-1,-1,-1,750.000,775.000,775.000,-1,-1,2,0,2,0,2,0,0,0,0,2,2,2,1,0,0,2,2
64,8501.847,-4632.193,-76.940,49.689,0.646940,-0.762533,-0.003420,0.762474,0.646936,-0.010370,0.010120,0.004101,0.999940,0,0.38366,0.01280,23.019,0.026,-1,400.000,-1,400.000,-1,325.000,325.000,300.000,300.000,-1,-1,-1,775.000,775.000,775.000,-1,-1,2,0,2,0,2,0,0,0,0,2,2,2,1,0,0,2,2
65,8519.831,-4610.968,-76.648,49.726,0.646441,-0.762956,-0.003542,0.762901,0.646440,-0.009887,0.009833,0.003689,0.999945,0,0.46366,0.01867,27.819,0.037,-1,400.000,-1,400.000,-1,325.000,325.000,300.000,300.000,-1,-1,-1,775.000,775.000,775.000,-1,-1,2,0,2,0,2,0,0,0,0,2,2,2,1,0,0,2,2
66,8540.895,-4586.061,-76.302,49.778,0.645749,-0.763541,-0.003682,0.763491,0.645751,-0.009325,0.009497,0.003211,0.999950,0,0.54366,0.02588,32.619,0.052,-1,400.000,-1,400.000,-1,325.000,325.000,300.000,300.000,-1,-1,-1,800.000,775.000,775.000,-1,-1,2,0,2,0,2,0,0,0,0,2,2,2,1,0,0,2,2
67,8565.024,-4557.461,-75.904,49.847,0.644826,-0.764319,-0.003836,0.764275,0.644832,-0.008686,0.009113,0.002669,0.999955,0,0.62366,0.03450,37.419,0.069,-1,400.000,-1,400.000,-1,325.000,325.000,300.000,300.000,-1,-1,-1,825.000,775.000,775.000,-1,-1,2,0,2,0,2,0,0,0,0,2,2,2,1,0,0,2,2
68,8592.198,-4525.149,-75.451,49.936,0.643633,-0.765323,-0.004004,0.765285,0.643643,-0.007973,0.008679,0.002067,0.999960,0,0.70366,0.04460,42.219,0.089,-1,400.000,-1,400.000,-1,325.000,325.000,300.000,300.000,-1,-1,-1,850.000,775.000,775.000,-1,-1,2,0,2,0,2,0,0,0,0,2,2,2,1,0,0,2,2
69,8620.936,-4490.842,-75.057,50.048,0.642128,-0.766587,-0.004099,0.766551,0.642138,-0.007636,0.008486,0.001762,0.999962,0,0.74589,0.05627,44.753,0.113,-1,400.000,-1,400.000,-1,325.000,325.000,300.000,300.000,-1,-1,-1,875.000,775.000,775.000,-1,-1,2,0,2,0,2,0,0,0,0,2,2,2,1,0,0,2,2
70,8649.739,-4456.288,-74.688,50.186,0.640280,-0.768130,-0.004174,0.768096,0.640292,-0.007432,0.008381,0.001553,0.999964,0,0.74973,0.06893,44.984,0.138,-1,400.000,-1,400.000,-1,325.000,325.000,300.000,300.000,-1,-1,-1,900.000,775.000,775.000,-1,-1,2,0,2,0,2,0,0,0,0,2,2,2,1,0,0,2,2
71,8678.610,-4421.451,-74.311,50.350,0.638079,-0.769959,-0.004245,0.769926,0.638092,-0.007228,0.008274,0.001344,0.999965,0,0.75408,0.08196,45.245,0.164,-1,400.000,-1,400.000,-1,325.000,325.000,300.000,300.000,-1,-1,-1,925.000,775.000,775.000,-1,-1,2,0,2,0,2,0,0,0,0,2,2,2,1,0,0,2,2
72,8707.550,-4386.293,-73.927,50.541,0.635512,-0.772079,-0.004312,0.772048,0.635526,-0.007025,0.008164,0.001136,0.999966,0,0.75896,0.09536,45.537,0.191,-1,400.000,-1,400.000,-1,325.000,325.000,300.000,300.000,-1,-1,-1,975.000,775.000,775.000,-1,-1,2,0,2,0,2,0,0,0,0,2,2,2,1,0,0,2,2
73,8736.560,-4350.774,-73.551,50.759,0.632566,-0.774494,-0.004299,0.774465,0.632580,-0.006823,0.008004,0.000986,0.999967,0,0.76435,0.10914,45.861,0.218,-1,400.000,-1,400.000,-1,325.000,325.000,300.000,300.000,-1,-1,-1,1000.000,775.000,775.000,-1,-1,2,0,2,0,2,0,0,0,0,2,2,2,1,0,0,2,2
74,8765.641,-4314.855,-73.214,51.006,0.629229,-0.777210,-0.004060,0.777182,0.629241,-0.006622,0.007701,0.001011,0.999970,0,0.77025,0.12329,46.215,0.247,-1,400.000,-1,400.000,-1,325.000,325.000,300.000,300.000,-1,-1,-1,-1,775.000,775.000,-1,-1,2,0,2,0,2,0,0,0,0,2,2,2,2,0,0,2,2
75,8794.790,-4278.495,-72.869,51.281,0.625484,-0.780228,-0.003816,0.780202,0.625494,-0.006417,0.007393,0.001037,0.999972,0,0.77669,0.13783,46.601,0.276,-1,400.000,-1,400.000,-1,325.000,325.000,300.000,300.000,-1,-1,-1,-1,775.000,775.000,-1,-1,2,0,2,0,2,0,0,0,0,2,2,2,2,0,0,2,2
76,8824.004,-4241.654,-72.515,51.587,0.621316,-0.783552,-0.003566,0.783528,0.621325,-0.006207,0.007080,0.001062,0.999974,0,0.78365,0.15276,47.019,0.306,-1,400.000,-1,400.000,-1,325.000,325.000,300.000,300.000,-1,-1,-1,-1,775.000,775.000,-1,-1,2,0,2,0,2,0,0,0,0,2,2,2,2,0,0,2,2
77,8853.278,-4204.287,-72.153,51.923,0.616709,-0.787185,-0.003312,0.787163,0.616716,-0.005992,0.006760,0.001088,0.999977,0,0.79114,0.16810,47.468,0.336,-1,400.000,-1,400.000,-1,325.000,325.000,300.000,300.000,-1,-1,-1,-1,775.000,775.000,-1,-1,2,0,2,0,2,0,0,0,0,2,2,2,2,0,0,2,2
78,8883.670,-4164.830,-71.805,52.395,0.610209,-0.792234,-0.003138,0.792214,0.610216,-0.005742,0.006464,0.001017,0.999979,0,0.83009,0.23581,49.805,0.472,-1,400.000,-1,400.000,-1,325.000,325.000,300.000,300.000,-1,-1,-1,-1,775.000,775.000,-1,-1,2,0,2,0,2,0,0,0,0,2,2,2,2,0,0,2,2
79,8913.958,-4124.789,-71.511,52.895,0.603268,-0.797532,-0.003210,0.797514,0.603276,-0.005441,0.006276,0.000723,0.999980,0,0.83676,0.25014,50.206,0.500,-1,400.000,-1,400.000,-1,325.000,325.000,300.000,300.000,-1,-1,-1,-1,775.000,775.000,-1,-1,2,0,2,0,2,0,0,0,0,2,2,2,2,0,0,2,2
80,8944.122,-4084.137,-71.210,53.425,0.595870,-0.803074,-0.003279,0.803058,0.595879,-0.005138,0.006080,0.000429,0.999981,0,0.84368,0.26478,50.621,0.530,-1,400.000,-1,400.000,-1,325.000,325.000,300.000,300.000,-1,-1,-1,-1,775.000,775.000,-1,-1,2,0,2,0,2,0,0,0,0,2,2,2,2,0,0,2,2
81,8974.140,-4042.845,-70.904,53.984,0.588000,-0.808854,-0.003346,0.808840,0.588009,-0.004834,0.005877,0.000136,0.999983,0,0.85082,0.27973,51.049,0.559,-1,400.000,-1,400.000,-1,325.000,325.000,300.000,300.000,-1,-1,-1,-1,775.000,800.000,-1,-1,2,0,2,0,2,0,0,0,0,2,2,2,2,0,0,2,2
82,9003.987,-4000.887,-70.603,54.574,0.579639,-0.814866,-0.003430,0.814854,0.579649,-0.004466,0.005627,-0.000206,0.999984,0,0.85820,0.29501,51.492,0.590,-1,400.000,-1,400.000,-1,325.000,325.000,300.000,300.000,-1,-1,-1,-1,775.000,800.000,-1,-1,2,0,2,0,2,0,0,0,0,2,2,2,2,0,0,2,2
83,9033.473,-3958.497,-70.304,55.177,0.571036,-0.820917,-0.003523,0.820907,0.571047,-0.004068,0.005351,-0.000569,0.999986,0,0.86060,0.30128,51.636,0.603,-1,400.000,-1,400.000,-1,325.000,325.000,300.000,300.000,-1,-1,-1,-1,775.000,800.000,-1,-1,2,0,2,0,2,0,0,0,0,2,2,2,2,0,0,2,2
84,9062.543,-3915.742,-70.001,55.788,0.562252,-0.826958,-0.003618,0.826951,0.562262,-0.003670,0.005069,-0.000929,0.999987,0,0.86170,0.30542,51.702,0.611,-1,400.000,-1,400.000,-1,325.000,325.000,300.000,300.000,-1,-1,-1,-1,775.000,800.000,-1,-1,2,0,2,0,2,0,0,0,0,2,2,2,2,0,0,2,2
85,9091.181,-3872.628,-69.694,56.407,0.553282,-0.832986,-0.003716,0.832980,0.553293,-0.003271,0.004780,-0.001286,0.999988,0,0.86265,0.30959,51.759,0.619,-1,400.000,-1,400.000,-1,325.000,325.000,300.000,300.000,-1,-1,-1,-1,775.000,800.000,-1,-1,2,0,2,0,2,0,0,0,0,2,2,2,2,0,0,2,2
86,9116.904,-3833.340,-69.462,56.786,0.547757,-0.836629,-0.003735,0.836624,0.547768,-0.003123,0.004659,-0.001414,0.999988,0,0.78265,0.18959,46.959,0.379,-1,400.000,-1,400.000,-1,325.000,325.000,300.000,300.000,-1,-1,-1,-1,775.000,800.000,-1,-1,2,0,2,0,2,0,0,0,0,2,2,2,2,0,0,2,2
87,9139.912,-3798.013,-69.298,56.925,0.545724,-0.837957,-0.003582,0.837953,0.545734,-0.003050,0.004511,-0.001337,0.999989,0,0.70265,0.06959,42.159,0.139,-1,400.000,-1,400.000,-1,325.000,325.000,300.000,300.000,-1,-1,-1,-1,775.000,800.000,-1,-1,2,0,2,0,2,0,0,0,0,2,2,2,2,0,0,2,2
88,9160.355,-3766.743,-69.179,56.824,0.547199,-0.836996,-0.003304,0.836991,0.547208,-0.002970,0.004294,-0.001140,0.999990,0,0.62265,-0.05041,37.359,-0.101,-1,400.000,-1,400.000,-1,325.000,325.000,300.000,300.000,-1,-1,-1,-1,775.000,800.000,-1,-1,2,0,2,0,2,0,0,0,0,2,2,2,2,0,0,2,2
89,9178.333,-3739.598,-69.081,56.483,0.552170,-0.833726,-0.003029,0.833722,0.552177,-0.002899,0.004090,-0.000925,0.999991,0,0.54265,-0.17041,32.559,-0.341,-1,400.000,-1,400.000,-1,325.000,325.000,300.000,300.000,-1,-1,-1,-1,775.000,800.000,-1,-1,2,0,2,0,2,0,0,0,0,2,2,2,2,0,0,2,2
90,9193.895,-3716.611,-69.006,55.903,0.560594,-0.828086,-0.002737,0.828082,0.560600,-0.002839,0.003885,-0.000675,0.999992,0,0.46265,-0.29041,27.759,-0.581,-1,400.000,-1,400.000,-1,325.000,325.000,300.000,300.000,-1,-1,-1,-1,775.000,800.000,-1,-1,2,0,2,0,2,0,0,0,0,2,2,2,2,0,0,2,2
91,9207.037,-3697.785,-68.946,55.082,0.572400,-0.819970,-0.002479,0.819966,0.572406,-0.002798,0.003713,-0.000431,0.999993,0,0.38265,-0.41041,22.959,-0.821,-1,400.000,-1,400.000,-1,325.000,325.000,300.000,300.000,-1,-1,-1,-1,775.000,800.000,-1,-1,2,0,2,0,2,0,0,0,0,2,2,2,2,0,0,2,2
92,9217.705,-3683.090,-68.899,54.021,0.587484,-0.809233,-0.002261,0.809228,0.587488,-0.002779,0.003577,-0.000197,0.999994,0,0.30265,-0.53041,18.159,-1.061,-1,400.000,-1,400.000,-1,325.000,325.000,300.000,300.000,-1,-1,-1,-1,775.000,800.000,-1,-1,2,0,2,0,2,0,0,0,0,2,2,2,2,0,0,2,2
93,9225.797,-3672.460,-68.866,52.720,0.605704,-0.795687,-0.002089,0.795682,0.605708,-0.002780,0.003478,0.000022,0.999994,0,0.22265,-0.65041,13.359,-1.301,-1,400.000,-1,400.000,-1,325.000,325.000,300.000,300.000,-1,-1,-1,-1,775.000,800.000,-1,-1,2,0,2,0,2,0,0,0,0,2,2,2,2,0,0,2,2
94,9231.163,-3665.792,-68.845,51.179,0.626881,-0.779113,-0.001971,0.779107,0.626884,-0.002802,0.003418,0.000221,0.999994,0,0.14265,-0.77041,8.559,-1.541,-1,400.000,-1,400.000,-1,325.000,325.000,300.000,300.000,-1,-1,-1,-1,775.000,800.000,-1,-1,2,0,2,0,2,0,0,0,0,2,2,2,2,0,0,2,2
95,9233.609,-3662.938,-68.836,49.399,0.650790,-0.759255,-0.001913,0.759250,0.650793,-0.002839,0.003401,0.000395,0.999994,0,0.06265,-0.89041,3.759,-1.781,-1,400.000,-1,400.000,-1,325.000,325.000,300.000,300.000,-1,-1,-1,-1,775.000,800.000,-1,-1,2,0,2,0,2,0,0,0,0,2,2,2,2,0,0,2,2
96,9232.907,-3663.706,-68.839,47.556,0.674873,-0.737932,-0.001923,0.737926,0.674875,-0.002882,0.003425,0.000526,0.999994,0,-0.01735,-0.92152,-1.041,-1.843,-1,400.000,-1,400.000,-1,325.000,325.000,300.000,300.000,-1,-1,-1,-1,775.000,800.000,-1,-1,2,0,2,0,2,0,0,0,0,2,2,2,2,0,0,2,2
97,9229.093,-3667.616,-68.852,45.712,0.698257,-0.715844,-0.001999,0.715838,0.698260,-0.002923,0.003488,0.000610,0.999994,0,-0.09104,-0.92155,-5.462,-1.843,-1,400.000,-1,400.000,-1,325.000,325.000,300.000,300.000,-1,-1,-1,-1,775.000,800.000,-1,-1,2,0,2,0,2,0,0,0,0,2,2,2,2,0,0,2,2
98,9225.075,-3671.478,-68.871,43.869,0.720923,-0.693012,-0.002051,0.693006,0.720926,-0.002961,0.003530,0.000713,0.999994,0,-0.09288,-0.92169,-5.573,-1.843,-1,400.000,-1,400.000,-1,325.000,325.000,300.000,300.000,-1,-1,-1,-1,775.000,800.000,-1,-1,2,0,2,0,2,0,0,0,0,2,2,2,2,0,0,2,2
99,9220.854,-3675.282,-68.889,42.025,0.742845,-0.669460,-0.002107,0.669454,0.742847,-0.002995,0.003570,0.000814,0.999993,0,-0.09471,-0.92180,-5.683,-1.844,-1,400.000,-1,400.000,-1,325.000,325.000,300.000,300.000,-1,-1,-1,-1,775.000,800.000,-1,-1,2,0,2,0,2,0,0,0,0,2,2,2,2,0,0,2,2
100,9216.428,-3679.020,-68.906,40.182,0.764000,-0.645213,-0.002170,0.645207,0.764002,-0.003024,0.003609,0.000910,0.999993,0,-0.09654,-0.92189,-5.793,-1.844,-1,400.000,-1,400.000,-1,325.000,325.000,300.000,300.000,-1,-1,-1,-1,775.000,800.000,-1,-1,2,0,2,0,2,0,0,0,0,2,2,2,2,0,0,2,2
101,9215.652,-3679.639,-68.907,38.578,0.781758,-0.623578,-0.002176,0.623571,0.781761,-0.003055,0.003607,0.001031,0.999993,0,-0.01654,-0.80189,-0.993,-1.604,-1,400.000,-1,400.000,-1,325.000,325.000,300.000,300.000,-1,-1,-1,-1,800.000,800.000,-1,-1,2,0,2,0,2,0,0,0,0,2,2,2,2,0,0,2,2
102,9218.684,-3677.336,-68.892,37.214,0.796378,-0.604795,-0.002124,0.604788,0.796380,-0.003094,0.003562,0.001180,0.999993,0,0.06346,-0.68189,3.807,-1.364,-1,400.000,-1,400.000,-1,325.000,325.000,300.000,300.000,-1,-1,-1,-1,800.000,800.000,-1,-1,2,0,2,0,2,0,0,0,0,2,2,2,2,0,0,2,2
103,9225.641,-3672.269,-68.863,36.068,0.808318,-0.588742,-0.002009,0.588735,0.808320,-0.003146,0.003476,0.001360,0.999993,0,0.14346,-0.57314,8.607,-1.146,-1,400.000,-1,400.000,-1,325.000,325.000,300.000,300.000,-1,-1,-1,-1,800.000,800.000,-1,-1,2,0,2,0,2,0,0,0,0,2,2,2,2,0,0,2,2
104,9236.635,-3664.594,-68.819,34.922,0.819935,-0.572453,-0.001829,0.572446,0.819936,-0.003221,0.003344,0.001594,0.999993,0,0.22346,-0.57315,13.407,-1.146,-1,400.000,-1,400.000,-1,325.000,325.000,300.000,300.000,-1,-1,-1,-1,800.000,825.000,-1,-1,2,0,2,0,2,0,0,0,0,2,2,2,2,0,0,2,2
105,9251.769,-3654.472,-68.760,33.775,0.831226,-0.555933,-0.001583,0.555926,0.831225,-0.003325,0.003164,0.001884,0.999993,0,0.30346,-0.57323,18.207,-1.146,-1,400.000,-1,400.000,-1,325.000,325.000,300.000,300.000,-1,-1,-1,-1,800.000,825.000,-1,-1,2,0,2,0,2,0,0,0,0,2,2,2,2,0,0,2,2
106,9271.145,-3642.066,-68.696,32.628,0.842187,-0.539184,-0.001314,0.539178,0.842185,-0.003447,0.002966,0.002195,0.999993,0,0.38346,-0.57342,23.007,-1.147,-1,400.000,-1,400.000,-1,325.000,325.000,300.000,300.000,-1,-1,-1,-1,800.000,825.000,-1,-1,2,0,2,0,2,0,0,0,0,2,2,2,2,0,0,2,2
107,9294.860,-3627.545,-68.642,31.481,0.852817,-0.522209,-0.001096,0.522203,0.852814,-0.003564,0.002796,0.002467,0.999993,0,0.46346,-0.57378,27.807,-1.148,-1,400.000,-1,400.000,-1,325.000,325.000,300.000,300.000,-1,-1,-1,-1,800.000,825.000,-1,-1,2,0,2,0,2,0,0,0,0,2,2,2,2,0,0,2,2
108,9323.004,-3611.078,-68.580,30.332,0.863115,-0.505007,-0.000830,0.505001,0.863111,-0.003710,0.002590,0.002783,0.999993,0,0.54346,-0.57436,32.607,-1.149,-1,400.000,-1,400.000,-1,325.000,325.000,300.000,300.000,-1,-1,-1,-1,800.000,825.000,-1,-1,2,0,2,0,2,0,0,0,0,2,2,2,2,0,0,2,2
109,9355.663,-3592.839,-68.510,29.181,0.873081,-0.487575,-0.000514,0.487569,0.873076,-0.003891,0.002346,0.003146,0.999992,0,0.62346,-0.57525,37.407,-1.150,-1,400.000,-1,400.000,-1,325.000,325.000,300.000,300.000,-1,-1,-1,-1,800.000,825.000,-1,-1,2,0,2,0,2,0,0,0,0,2,2,2,2,0,0,2,2
110,9392.920,-3573.006,-68.565,28.028,0.882715,-0.469908,-0.000018,0.469905,0.882710,-0.003424,0.001625,0.003014,0.999994,0,0.70346,-0.57650,42.207,-1.153,-1,400.000,-1,400.000,-1,325.000,325.000,300.000,300.000,-1,-1,-1,-1,800.000,825.000,-1,-1,2,0,2,0,2,0,0,0,0,2,2,2,2,0,0,2,2
111,9434.852,-3551.758,-68.642,26.872,0.892019,-0.451998,0.000588,0.451998,0.892014,-0.002865,0.000770,0.002822,0.999996,0,0.78346,-0.57819,47.007,-1.156,-1,400.000,-1,400.000,-1,325.000,325.000,300.000,300.000,-1,-1,-1,-1,800.000,825.000,-1,-1,2,0,2,0,2,0,0,0,0,2,2,2,2,0,0,2,2
112,9481.244,-3529.420,-68.731,25.711,0.900992,-0.433835,0.001301,0.433837,0.900989,-0.002273,-0.000187,0.002612,0.999997,0,0.85816,-0.58040,51.490,-1.161,-1,400.000,-1,400.000,-1,325.000,325.000,300.000,300.000,-1,-1,-1,-1,800.000,825.000,-1,-1,2,0,2,0,2,0,0,0,0,2,2,2,2,0,0,2,2
113,9527.982,-3508.076,-68.831,24.545,0.909634,-0.415405,0.002078,0.415408,0.909634,-0.001708,-0.001181,0.002417,0.999996,0,0.85636,-0.58320,51.382,-1.166,-1,400.000,-1,400.000,-1,325.000,325.000,300.000,300.000,-1,-1,-1,-1,800.000,825.000,-1,-1,2,0,2,0,2,0,0,0,0,2,2,2,2,0,0,2,2
114,9575.071,-3487.726,-68.937,23.372,0.917943,-0.396701,0.002897,0.396706,0.917945,-0.001165,-0.002197,0.002218,0.999995,0,0.85496,-0.58635,51.298,-1.173,-1,400.000,-1,400.000,-1,325.000,325.000,300.000,300.000,-1,-1,-1,-1,800.000,800.000,-1,-1,2,0,2,0,2,0,0,0,0,2,2,2,2,0,0,2,2
115,9622.514,-3468.372,-69.047,22.192,0.925913,-0.377718,0.003755,0.377723,0.925918,-0.000645,-0.003233,0.002015,0.999993,0,0.85398,-0.58985,51.239,-1.180,-1,400.000,-1,400.000,-1,325.000,325.000,300.000,300.000,-1,-1,-1,-1,800.000,800.000,-1,-1,2,0,2,0,2,0,0,0,0,2,2,2,2,0,0,2,2
116,9670.318,-3450.017,-69.162,21.005,0.933537,-0.358450,0.004650,0.358455,0.933547,-0.000151,-0.004287,0.001808,0.999989,0,0.85345,-0.59369,51.207,-1.187,-1,400.000,-1,400.000,-1,325.000,325.000,300.000,300.000,-1,-1,-1,-1,800.000,800.000,-1,-1,2,0,2,0,2,0,0,0,0,2,2,2,2,0,0,2,2
117,9718.490,-3432.665,-69.280,19.809,0.940809,-0.338892,0.005580,0.338895,0.940824,0.000313,-0.005356,0.001596,0.999984,0,0.85337,-0.59785,51.202,-1.196,-1,400.000,-1,400.000,-1,325.000,325.000,300.000,300.000,-1,-1,-1,-1,800.000,800.000,-1,-1,2,0,2,0,2,0,0,0,0,2,2,2,2,0,0,2,2
118,9767.039,-3416.322,-69.477,18.605,0.947720,-0.319037,0.006424,0.319041,0.947741,0.000417,-0.006221,0.001655,0.999979,0,0.85377,-0.60233,51.226,-1.205,-1,400.000,-1,400.000,-1,325.000,325.000,300.000,300.000,-1,-1,-1,-1,825.000,800.000,-1,-1,2,0,2,0,2,0,0,0,0,2,2,2,2,0,0,2,2
119,9815.974,-3400.996,-69.766,17.391,0.954261,-0.298882,0.007473,0.298889,0.954288,0.000200,-0.007191,0.002043,0.999972,0,0.85464,-0.60710,51.278,-1.214,-1,400.000,-1,400.000,-1,325.000,325.000,300.000,300.000,-1,-1,-1,-1,825.000,800.000,-1,-1,2,0,2,0,2,0,0,0,0,2,2,2,2,0,0,2,2
120,9865.302,-3386.696,-70.088,16.166,0.960420,-0.278424,0.008620,0.278435,0.960455,-0.000149,-0.008237,0.002543,0.999963,0,0.85598,-0.61217,51.359,-1.224,-1,400.000,-1,400.000,-1,325.000,325.000,300.000,300.000,-1,-1,-1,-1,825.000,800.000,-1,-1,2,0,2,0,2,0,0,0,0,2,2,2,2,0,0,2,2
121,9915.031,-3373.435,-70.499,14.931,0.966190,-0.257658,0.009421,0.257672,0.966232,-0.000316,-0.009022,0.002733,0.999956,0,0.85779,-0.61751,51.468,-1.235,-1,400.000,-1,400.000,-1,325.000,325.000,300.000,300.000,-1,-1,-1,-1,825.000,800.000,-1,-1,2,0,2,0,2,0,0,0,0,2,2,2,2,0,0,2,2
122,9965.171,-3361.227,-71.125,13.685,0.971559,-0.236582,0.010083,0.236591,0.971609,0.000306,-0.009869,0.002088,0.999949,0,0.86007,-0.62311,51.604,-1.246,-1,400.000,-1,400.000,-1,325.000,325.000,300.000,300.000,-1,-1,-1,-1,825.000,775.000,-1,-1,2,0,2,0,2,0,0,0,0,2,2,2,2,0,0,2,2
123,10016.093,-3350.001,-71.785,12.432,0.976494,-0.215274,0.010798,0.215276,0.976553,0.000991,-0.010759,0.001357,0.999941,0,0.86909,-0.62668,52.145,-1.253,-1,400.000,-1,400.000,-1,325.000,325.000,300.000,300.000,-1,-1,-1,-1,800.000,775.000,-1,-1,2,0,2,0,2,0,0,0,0,2,2,2,2,0,0,2,2
124,10067.254,-3339.897,-72.454,11.172,0.980982,-0.193758,0.011524,0.193752,0.981049,0.001649,-0.011625,0.000615,0.999932,0,0.86915,-0.62971,52.149,-1.259,-1,400.000,-1,400.000,-1,325.000,325.000,300.000,300.000,-1,-1,-1,-1,800.000,775.000,-1,-1,2,0,2,0,2,0,0,0,0,2,2,2,2,0,0,2,2
125,10118.650,-3330.921,-73.130,9.906,0.985015,-0.172032,0.012257,0.172017,0.985091,0.002279,-0.012466,-0.000137,0.999922,0,0.86956,-0.63309,52.173,-1.266,-1,400.000,-1,400.000,-1,325.000,325.000,300.000,300.000,-1,-1,-1,-1,800.000,775.000,-1,-1,2,0,2,0,2,0,0,0,0,2,2,2,2,0,0,2,2
126,10173.612,-3322.334,-73.860,8.880,0.987928,-0.154362,0.013041,0.154337,0.988014,0.002912,-0.013334,-0.000865,0.999911,0,0.92715,-0.51309,55.629,-1.026,-1,400.000,-1,400.000,-1,325.000,325.000,300.000,300.000,-1,-1,-1,-1,800.000,775.000,-1,-1,2,0,2,0,2,0,0,0,0,2,2,2,2,0,0,2,2
127,10228.763,-3314.491,-74.599,8.094,0.989943,-0.140791,0.013822,0.140755,0.990038,0.003510,-0.014178,-0.001530,0.999898,0,0.92843,-0.39309,55.706,-0.786,-1,400.000,-1,400.000,-1,325.000,325.000,300.000,300.000,-1,-1,-1,-1,800.000,775.000,-1,-1,2,0,2,0,2,0,0,0,0,2,2,2,2,0,0,2,2
128,10284.086,-3307.161,-75.348,7.547,0.991229,-0.131347,0.014600,0.131301,0.991334,0.004085,-0.015010,-0.002133,0.999885,0,0.93011,-0.27309,55.807,-0.546,-1,400.000,-1,400.000,-1,325.000,325.000,300.000,300.000,-1,-1,-1,-1,800.000,750.000,-1,-1,2,0,2,0,2,0,0,0,0,2,2,2,2,0,0,2,2
129,10339.568,-3300.112,-76.105,7.241,0.991905,-0.126047,0.015382,0.125990,0.992021,0.004656,-0.015846,-0.002680,0.999871,0,0.93214,-0.15309,55.928,-0.306,-1,400.000,-1,400.000,-1,325.000,325.000,300.000,300.000,-1,-1,-1,-1,800.000,750.000,-1,-1,2,0,2,0,2,0,0,0,0,2,2,2,2,0,0,2,2
130,10395.076,-3293.124,-76.870,7.175,0.992037,-0.124901,0.016166,0.124832,0.992164,0.005230,-0.016693,-0.003170,0.999856,0,0.93243,-0.03309,55.946,-0.066,-1,400.000,-1,400.000,-1,325.000,325.000,300.000,300.000,-1,-1,-1,-1,800.000,750.000,-1,-1,2,0,2,0,2,0,0,0,0,2,2,2,2,0,0,2,2
131,10450.562,-3285.968,-77.643,7.349,0.991641,-0.127910,0.016953,0.127829,0.991779,0.005816,-0.017558,-0.003600,0.999839,0,0.93243,0.08691,55.946,0.174,-1,400.000,-1,400.000,-1,325.000,325.000,300.000,300.000,-1,-1,-1,-1,775.000,750.000,-1,-1,2,0,2,0,2,0,0,0,0,2,2,2,2,0,0,2,2
132,10505.995,-3278.411,-78.529,7.763,0.990682,-0.135070,0.017497,0.134984,0.990830,0.006013,-0.018149,-0.003595,0.999829,0,0.93243,0.20691,55.946,0.414,-1,400.000,-1,400.000,-1,325.000,325.000,300.000,300.000,-1,-1,-1,-1,775.000,750.000,-1,-1,2,0,2,0,2,0,0,0,0,2,2,2,2,0,0,2,2
133,10561.338,-3270.222,-79.524,8.417,0.989072,-0.146367,0.017717,0.146273,0.989223,0.006524,-0.018481,-0.003861,0.999822,0,0.93243,0.32691,55.946,0.654,-1,400.000,-1,400.000,-1,325.000,325.000,300.000,300.000,-1,-1,-1,-1,775.000,750.000,-1,-1,2,0,2,0,2,0,0,0,0,2,2,2,2,0,0,2,2
134,10616.547,-3261.171,-80.559,9.310,0.986666,-0.161781,0.017801,0.161677,0.986818,0.007105,-0.018715,-0.004132,0.999816,0,0.93243,0.44691,55.946,0.894,-1,400.000,-1,400.000,-1,325.000,325.000,300.000,300.000,-1,-1,-1,-1,775.000,750.000,-1,-1,2,0,2,0,2,0,0,0,0,2,2,2,2,0,0,2,2
135,10671.565,-3251.030,-81.601,10.444,0.983270,-0.181276,0.017873,0.181165,0.983423,0.007629,-0.018960,-0.004264,0.999811,0,0.93243,0.56691,55.946,1.134,-1,400.000,-1,400.000,-1,325.000,325.000,300.000,300.000,-1,-1,-1,-1,775.000,725.000,-1,-1,2,0,2,0,2,0,0,0,0,2,2,2,2,0,0,2,2
136,10726.697,-3239.501,-82.664,11.810,0.978666,-0.204673,0.017953,0.204556,0.978821,0.008119,-0.019234,-0.004274,0.999806,0,0.93873,0.68314,56.324,1.366,-1,400.000,-1,400.000,-1,325.000,325.000,300.000,300.000,-1,-1,-1,-1,775.000,725.000,-1,-1,2,0,2,0,2,0,0,0,0,2,2,2,2,0,0,2,2
137,10781.907,-3226.581,-83.752,13.171,0.973528,-0.227856,0.018045,0.227734,0.973686,0.008581,-0.019526,-0.004244,0.999800,0,0.94503,0.68027,56.702,1.361,-1,400.000,-1,400.000,-1,325.000,325.000,300.000,300.000,-1,-1,-1,-1,775.000,725.000,-1,-1,2,0,2,0,2,0,0,0,0,2,2,2,2,0,0,2,2
