timestep,x_cm,y_cm,z_cm,yaw_deg,basis_xx,basis_xy,basis_xz,basis_yx,basis_yy,basis_yz,basis_zx,basis_zy,basis_zz,teleport_flag,throttle_cmd,steering_cmd,cmd_move_cm,cmd_turn_deg,lidar_cm_0,lidar_cm_1,lidar_cm_2,lidar_cm_3,lidar_cm_4,lidar_cm_5,lidar_cm_6,lidar_cm_7,lidar_cm_8,lidar_cm_9,lidar_cm_10,lidar_cm_11,lidar_cm_12,lidar_cm_13,lidar_cm_14,lidar_cm_15,lidar_cm_16,lidar_class_0,lidar_class_1,lidar_class_2,lidar_class_3,lidar_class_4,lidar_class_5,lidar_class_6,lidar_class_7,lidar_class_8,lidar_class_9,lidar_class_10,lidar_class_11,lidar_class_12,lidar_class_13,lidar_class_14,lidar_class_15,lidar_class_16
0,4264.043,3606.855,44.773,-144.029,-0.832816,0.553411,0.012433,-0.512592,-0.762520,-0.394731,-0.208968,-0.335111,0.918712,1,0.00000,0.00000,-4.800,0.175,-1,350.000,700.000,225.000,0.000,250.000,200.000,700.000,-1,550.000,0.000,-1,-1,525.000,375.000,825.000,0.000,2,1,1,1,0,1,1,1,2,1,0,2,2,1,1,1,0
1,5573.482,-5579.817,-329.956,-114.059,-0.403836,0.911158,-0.081901,-0.913243,-0.406790,-0.022584,-0.053894,0.065675,0.996385,1,0.08000,-0.10712,4.800,-0.214,-1,625.000,-1,-1,-1,-1,-1,350.000,150.000,-1,-1,-1,-1,-1,-1,-1,-1,2,1,2,2,2,2,2,0,0,2,2,2,2,2,2,2,2
2,5569.537,-5588.570,-330.931,-114.272,-0.406781,0.909395,-0.086776,-0.911747,-0.410078,-0.023523,-0.056977,0.069549,0.995950,0,0.16000,-0.10686,9.600,-0.214,-1,675.000,-1,-1,-1,-1,-1,375.000,150.000,-1,-1,-1,-1,-1,-1,-1,-1,2,1,2,2,2,2,2,0,0,2,2,2,2,2,2,2,2
3,5563.572,-5601.677,-332.475,-114.488,-0.409436,0.907437,-0.094445,-0.910239,-0.413319,-0.025159,-0.061866,0.075666,0.995212,0,0.24000,-0.10801,14.400,-0.216,-1,700.000,-1,-1,-1,-1,-1,375.000,125.000,-1,-1,-1,-1,-1,-1,-1,-1,2,1,2,2,2,2,2,0,0,2,2,2,2,2,2,2,2
4,7543.171,2295.762,13.451,92.703,-0.043833,-0.995579,0.083072,0.998228,-0.046995,-0.036499,0.040241,0.081325,0.995875,1,0.00000,0.00000,19.200,-0.221,-1,400.000,-1,400.000,-1,325.000,325.000,300.000,300.000,-1,-1,-1,-1,775.000,775.000,-1,-1,2,0,2,0,2,0,0,0,0,2,2,2,2,0,0,2,2
5,7542.964,2300.558,13.641,92.463,-0.039678,-0.995749,0.083120,0.998419,-0.042823,-0.036405,0.039810,0.081545,0.995874,0,0.08000,-0.12000,4.800,-0.240,-1,400.000,-1,400.000,-1,325.000,325.000,300.000,300.000,-1,-1,-1,-1,775.000,775.000,-1,-1,2,0,2,0,2,0,0,0,0,2,2,2,2,0,0,2,2
6,7542.632,2310.153,14.015,91.983,-0.031367,-0.996037,0.083221,0.998749,-0.034479,-0.036217,0.038943,0.081981,0.995873,0,0.16000,-0.24000,9.600,-0.480,-1,400.000,-1,400.000,-1,325.000,325.000,300.000,300.000,-1,-1,-1,-1,775.000,775.000,-1,-1,2,0,2,0,2,0,0,0,0,2,2,2,2,0,0,2,2
7,7542.314,2324.550,14.561,91.263,-0.018899,-0.996339,0.083379,0.999113,-0.021959,-0.035931,0.037630,0.082626,0.995870,0,0.24000,-0.36000,14.400,-0.720,-1,400.000,-1,400.000,-1,325.000,325.000,300.000,300.000,-1,-1,-1,-1,775.000,775.000,-1,-1,2,0,2,0,2,0,0,0,0,2,2,2,2,0,0,2,2
8,7542.212,2343.750,15.264,90.303,-0.002273,-0.996496,0.083606,0.999354,-0.005262,-0.035545,0.035861,0.083471,0.995865,0,0.32000,-0.48000,19.200,-0.960,-1,400.000,-1,400.000,-1,325.000,325.000,300.000,300.000,-1,-1,-1,-1,775.000,775.000,-1,-1,2,0,2,0,2,0,0,0,0,2,2,2,2,0,0,2,2
9,7542.566,2367.748,16.105,89.155,0.017603,-0.996318,0.083911,0.999277,0.014703,-0.035058,0.033695,0.084468,0.995856,0,0.40000,-0.57401,24.000,-1.148,-1,400.000,-1,400.000,-1,325.000,325.000,300.000,300.000,-1,-1,-1,-1,775.000,775.000,-1,-1,2,0,2,0,2,0,0,0,0,2,2,2,2,0,0,2,2
10,7543.567,2396.532,17.067,88.006,0.037467,-0.995735,0.084303,0.998804,0.034664,-0.034472,0.031402,0.085494,0.995844,0,0.48000,-0.57418,28.800,-1.148,-1,400.000,-1,400.000,-1,325.000,325.000,300.000,300.000,-1,-1,-1,-1,775.000,750.000,-1,-1,2,0,2,0,2,0,0,0,0,2,2,2,2,0,0,2,2
11,7545.409,2430.082,18.134,86.857,0.057317,-0.994749,0.084788,0.997935,0.054621,-0.033787,0.028978,0.086550,0.995826,0,0.56000,-0.57455,33.600,-1.149,-1,400.000,-1,400.000,-1,325.000,325.000,300.000,300.000,-1,-1,-1,-1,750.000,750.000,-1,-1,2,0,2,0,2,0,0,0,0,2,2,2,2,0,0,2,2
12,7548.283,2468.375,19.286,85.707,0.077152,-0.993358,0.085371,0.996669,0.074573,-0.033005,0.026419,0.087633,0.995802,0,0.64000,-0.57517,38.400,-1.150,-1,400.000,-1,400.000,-1,325.000,325.000,300.000,300.000,-1,-1,-1,-1,750.000,750.000,-1,-1,2,0,2,0,2,0,0,0,0,2,2,2,2,0,0,2,2
13,7552.218,2509.667,20.457,84.555,0.096978,-0.991561,0.086033,0.995003,0.094524,-0.032161,0.023758,0.088722,0.995773,0,0.69130,-0.57611,41.478,-1.152,-1,400.000,-1,400.000,-1,325.000,325.000,300.000,300.000,-1,-1,-1,-1,750.000,750.000,-1,-1,2,0,2,0,2,0,0,0,0,2,2,2,2,0,0,2,2
14,7556.979,2550.815,21.549,83.400,0.116802,-0.989361,0.086731,0.992932,0.114477,-0.031322,0.021060,0.089776,0.995739,0,0.69036,-0.57739,41.421,-1.155,-1,400.000,-1,400.000,-1,325.000,325.000,300.000,300.000,-1,-1,-1,-1,750.000,725.000,-1,-1,2,0,2,0,2,0,0,0,0,2,2,2,2,0,0,2,2
15,7562.564,2591.811,22.510,82.242,0.136635,-0.986773,0.087232,0.990449,0.134437,-0.030627,0.018494,0.090584,0.995717,0,0.68957,-0.57894,41.374,-1.158,-1,375.000,-1,375.000,-1,325.000,325.000,300.000,300.000,-1,-1,-1,-1,750.000,725.000,-1,-1,2,0,2,0,2,0,0,0,0,2,2,2,2,0,0,2,2
16,7568.973,2632.649,23.298,81.080,0.156499,-0.983809,0.087339,0.987544,0.154406,-0.030269,0.016293,0.090988,0.995719,0,0.68895,-0.58075,41.337,-1.161,-1,375.000,-1,375.000,-1,325.000,325.000,300.000,300.000,-1,-1,-1,-1,750.000,725.000,-1,-1,2,0,2,0,2,0,0,0,0,2,2,2,2,0,0,2,2
17,7576.207,2673.324,23.954,79.915,0.176385,-0.980410,0.087661,0.984218,0.174377,-0.030125,0.014249,0.091592,0.995695,0,0.68853,-0.58280,41.312,-1.166,-1,375.000,-1,375.000,-1,325.000,325.000,300.000,300.000,-1,-1,-1,-1,725.000,725.000,-1,-1,2,0,2,0,2,0,0,0,0,2,2,2,2,0,0,2,2
18,7584.268,2713.830,24.604,78.745,0.196318,-0.976614,0.087663,0.980458,0.194357,-0.030448,0.012698,0.091927,0.995685,0,0.68832,-0.58511,41.299,-1.170,-1,375.000,-1,375.000,-1,325.000,325.000,300.000,300.000,-1,-1,-1,-1,725.000,725.000,-1,-1,2,0,2,0,2,0,0,0,0,2,2,2,2,0,0,2,2
19,7593.159,2754.164,25.188,77.569,0.216257,-0.972395,0.087637,0.976273,0.214343,-0.030802,0.011168,0.092218,0.995676,0,0.68835,-0.58766,41.301,-1.175,-1,375.000,-1,375.000,-1,325.000,325.000,300.000,300.000,-1,-1,-1,-1,725.000,725.000,-1,-1,2,0,2,0,2,0,0,0,0,2,2,2,2,0,0,2,2
20,7602.883,2794.323,25.699,76.388,0.236200,-0.967748,0.087599,0.971656,0.234332,-0.031181,0.009648,0.092481,0.995668,0,0.68863,-0.59045,41.318,-1.181,-1,375.000,-1,375.000,-1,325.000,325.000,300.000,300.000,-1,-1,-1,-1,725.000,700.000,-1,-1,2,0,2,0,2,0,0,0,0,2,2,2,2,0,0,2,2
21,7613.445,2834.303,26.139,75.201,0.256147,-0.962665,0.087548,0.966603,0.254323,-0.031587,0.008142,0.092715,0.995659,0,0.68918,-0.59348,41.351,-1.187,-1,375.000,-1,375.000,-1,325.000,325.000,300.000,300.000,-1,-1,-1,-1,725.000,700.000,-1,-1,2,0,2,0,2,0,0,0,0,2,2,2,2,0,0,2,2
22,7624.852,2874.101,26.506,74.008,0.276096,-0.957141,0.087479,0.961107,0.274313,-0.032022,0.006653,0.092918,0.995652,0,0.68999,-0.59673,41.399,-1.193,-1,375.000,-1,375.000,-1,325.000,325.000,300.000,300.000,-1,-1,-1,-1,725.000,700.000,-1,-1,2,0,2,0,2,0,0,0,0,2,2,2,2,0,0,2,2
23,7637.108,2913.714,26.799,72.807,0.296042,-0.951169,0.087390,0.955161,0.294300,-0.032489,0.005184,0.093089,0.995644,0,0.69108,-0.60020,41.465,-1.200,-1,375.000,-1,375.000,-1,325.000,325.000,300.000,300.000,-1,-1,-1,-1,725.000,700.000,-1,-1,2,0,2,0,2,0,0,0,0,2,2,2,2,0,0,2,2
24,7650.224,2953.139,27.018,71.600,0.315984,-0.944742,0.087276,0.948757,0.314279,-0.032991,0.003739,0.093229,0.995638,0,0.69247,-0.60389,41.548,-1.208,-1,375.000,-1,375.000,-1,325.000,325.000,300.000,300.000,-1,-1,-1,-1,725.000,700.000,-1,-1,2,0,2,0,2,0,0,0,0,2,2,2,2,0,0,2,2
25,7664.206,2992.372,27.163,70.384,0.335917,-0.937853,0.087134,0.941889,0.334247,-0.033529,0.002320,0.093334,0.995632,0,0.69414,-0.60780,41.649,-1.216,-1,375.000,-1,375.000,-1,325.000,325.000,300.000,325.000,-1,-1,-1,-1,725.000,700.000,-1,-1,2,0,2,0,2,0,0,0,0,2,2,2,2,0,0,2,2
26,7679.062,3031.398,27.231,69.161,0.355826,-0.930498,0.086960,0.934552,0.354189,-0.034104,0.000933,0.093404,0.995628,0,0.69596,-0.61159,41.757,-1.223,-1,375.000,-1,375.000,-1,325.000,325.000,300.000,325.000,-1,-1,-1,-1,700.000,675.000,-1,-1,2,0,2,0,2,0,0,0,0,2,2,2,2,0,0,2,2
27,7694.747,3070.099,27.215,67.938,0.375576,-0.922725,0.086729,0.926791,0.373972,-0.034680,-0.000435,0.093405,0.995628,0,0.69596,-0.61159,41.757,-1.223,-1,375.000,-1,375.000,-1,325.000,325.000,300.000,325.000,-1,-1,-1,-1,700.000,675.000,-1,-1,2,0,2,0,2,0,0,0,0,2,2,2,2,0,0,2,2
28,7711.255,3108.456,27.123,66.715,0.395161,-0.914534,0.086462,0.918610,0.393585,-0.035297,-0.001750,0.093373,0.995630,0,0.69596,-0.61159,41.757,-1.223,-1,375.000,-1,375.000,-1,325.000,325.000,300.000,325.000,-1,-1,-1,-1,700.000,675.000,-1,-1,2,0,2,0,2,0,0,0,0,2,2,2,2,0,0,2,2
29,7730.391,3150.900,26.963,65.731,0.410797,-0.907649,0.086139,0.911723,0.409221,-0.036033,-0.002545,0.093337,0.995631,0,0.77596,-0.49159,46.557,-0.983,-1,375.000,-1,375.000,-1,300.000,300.000,300.000,325.000,-1,-1,-1,-1,700.000,675.000,-1,-1,2,0,2,0,2,0,0,0,0,2,2,2,2,0,0,2,2
30,7751.317,3195.750,26.760,64.988,0.422559,-0.902262,0.085828,0.906331,0.420959,-0.036858,-0.002875,0.093363,0.995628,0,0.82485,-0.37159,49.491,-0.743,-1,375.000,-1,375.000,-1,300.000,300.000,300.000,325.000,-1,-1,-1,-1,700.000,650.000,-1,-1,2,0,2,0,2,0,0,0,0,2,2,2,2,0,0,2,2
31,7772.635,3240.415,26.636,64.485,0.430539,-0.898490,0.085740,0.902569,0.428847,-0.038212,-0.002436,0.093838,0.995584,0,0.82485,-0.25159,49.491,-0.503,-1,375.000,-1,375.000,-1,300.000,300.000,300.000,300.000,-1,-1,-1,-1,700.000,650.000,-1,-1,2,0,2,0,2,0,0,0,0,2,2,2,2,0,0,2,2
32,7794.157,3284.981,26.524,64.222,0.434759,-0.896461,0.085686,0.900545,0.432946,-0.039699,-0.001509,0.094424,0.995531,0,0.82485,-0.13159,49.491,-0.263,-1,375.000,-1,375.000,-1,300.000,300.000,325.000,300.000,-1,-1,-1,-1,700.000,650.000,-1,-1,2,0,2,0,2,0,0,0,0,2,2,2,2,0,0,2,2
33,7815.697,3329.539,26.435,64.199,0.435243,-0.896229,0.085662,0.900313,0.433281,-0.041279,-0.000121,0.095089,0.995469,0,0.82485,-0.01159,49.491,-0.023,-1,375.000,-1,375.000,-1,300.000,300.000,325.000,300.000,-1,-1,-1,-1,700.000,650.000,-1,-1,2,0,2,0,2,0,0,0,0,2,2,2,2,0,0,2,2
34,7837.068,3374.177,26.493,64.415,0.431964,-0.897832,0.085465,0.901890,0.429872,-0.042484,0.001405,0.095431,0.995435,0,0.82485,0.10841,49.491,0.217,-1,375.000,-1,375.000,-1,300.000,300.000,325.000,300.000,-1,-1,-1,-1,700.000,625.000,-1,-1,2,0,2,0,2,0,0,0,0,2,2,2,2,0,0,2,2
35,7858.205,3418.927,26.765,64.717,0.427361,-0.900101,0.084741,0.904075,0.425148,-0.043552,0.003174,0.095224,0.995451,0,0.82485,0.15081,49.491,0.302,-1,375.000,-1,375.000,-1,300.000,300.000,325.000,300.000,-1,900.000,800.000,-1,675.000,625.000,-1,-1,2,0,2,0,2,0,0,0,0,2,0,0,2,0,0,2,2
36,7879.159,3463.902,27.361,65.020,0.422789,-0.902435,0.082827,0.906210,0.420431,-0.044957,0.005748,0.094066,0.995549,0,0.82695,0.15144,49.617,0.303,-1,375.000,-1,375.000,-1,300.000,300.000,325.000,300.000,-1,750.000,700.000,-1,700.000,625.000,-1,-1,2,0,2,0,2,0,0,0,0,2,0,0,2,0,0,2,2
37,7900.023,3509.316,28.031,65.326,0.418145,-0.904772,0.080879,0.908341,0.415644,-0.046430,0.008392,0.092880,0.995642,0,0.83296,0.15324,49.977,0.306,-1,375.000,-1,375.000,-1,300.000,300.000,325.000,300.000,-1,650.000,625.000,-1,700.000,625.000,-1,-1,2,0,2,0,2,0,0,0,0,2,0,0,2,0,0,2,2
38,7920.790,3555.173,28.777,65.637,0.413430,-0.907111,0.078898,0.910468,0.410787,-0.047973,0.011106,0.091668,0.995728,0,0.83900,0.15507,50.340,0.310,-1,375.000,-1,375.000,-1,300.000,300.000,325.000,300.000,-1,600.000,600.000,-1,700.000,625.000,-1,-1,2,0,2,0,2,0,0,0,0,2,0,0,2,0,0,2,2
39,7941.454,3601.475,29.591,65.950,0.408641,-0.909454,0.076844,0.912589,0.405859,-0.049596,0.013918,0.090394,0.995809,0,0.84507,0.15693,50.704,0.314,-1,375.000,-1,375.000,-1,300.000,300.000,325.000,300.000,-1,550.000,575.000,-1,700.000,625.000,-1,-1,2,0,2,0,2,0,0,0,0,2,0,0,2,0,0,2,2
40,7962.009,3648.227,30.484,66.268,0.403776,-0.911797,0.074767,0.914704,0.400858,-0.051290,0.016795,0.089099,0.995881,0,0.85118,0.15883,51.071,0.318,-1,375.000,-1,375.000,-1,300.000,300.000,325.000,300.000,-1,525.000,550.000,-1,700.000,625.000,-1,-1,2,0,2,0,2,0,0,0,0,2,0,0,2,0,0,2,2
41,7982.447,3695.432,31.456,66.590,0.398833,-0.914140,0.072668,0.916811,0.395781,-0.053053,0.019737,0.087782,0.995944,0,0.85733,0.16077,51.440,0.322,-1,375.000,-1,375.000,-1,300.000,300.000,325.000,300.000,-1,475.000,525.000,-1,700.000,625.000,-1,-1,2,0,2,0,2,0,0,0,0,2,0,0,2,0,0,2,2
42,8002.762,3743.092,32.509,66.915,0.393808,-0.916482,0.070549,0.918912,0.390627,-0.054886,0.022744,0.086443,0.995997,0,0.86350,0.16276,51.810,0.326,-1,375.000,-1,375.000,-1,300.000,300.000,325.000,325.000,-1,450.000,500.000,-1,700.000,625.000,-1,-1,2,0,2,0,2,0,0,0,0,2,0,0,2,0,0,2,2
43,8022.947,3791.213,33.644,67.245,0.388699,-0.918821,0.068412,0.921003,0.385393,-0.056791,0.025815,0.085083,0.996039,0,0.86971,0.16480,52.182,0.330,-1,375.000,-1,375.000,1000.000,300.000,300.000,325.000,325.000,-1,400.000,475.000,-1,700.000,625.000,-1,-1,2,0,2,0,0,0,0,0,0,2,0,0,2,0,0,2,2
44,8042.993,3839.796,34.957,67.579,0.383494,-0.921130,0.066731,0.923099,0.380066,-0.058628,0.028642,0.084082,0.996047,0,0.87594,0.16689,52.556,0.334,-1,375.000,-1,375.000,1000.000,300.000,300.000,325.000,300.000,-1,400.000,450.000,-1,700.000,625.000,-1,1000.000,2,0,2,0,0,0,0,0,0,2,0,0,2,0,0,2,0
45,8062.893,3888.844,36.436,67.917,0.378218,-0.923410,0.065307,0.925176,0.374646,-0.060742,0.031623,0.083394,0.996015,0,0.88219,0.16905,52.932,0.338,-1,375.000,-1,350.000,975.000,300.000,300.000,325.000,300.000,-1,375.000,425.000,-1,-1,625.000,-1,1000.000,2,0,2,0,0,0,0,0,0,2,0,0,2,2,0,2,0
46,8082.639,3938.360,38.052,68.259,0.372870,-0.925672,0.064034,0.927232,0.369133,-0.063101,0.034774,0.082903,0.995951,0,0.88847,0.17129,53.308,0.343,-1,375.000,-1,350.000,950.000,300.000,300.000,325.000,300.000,-1,375.000,425.000,-1,-1,625.000,-1,1000.000,2,0,2,0,0,0,0,0,0,2,0,0,2,2,0,2,0
47,8103.613,3992.551,40.002,68.842,0.363616,-0.929446,0.062562,0.930762,0.359729,-0.065405,0.038285,0.082013,0.995896,0,0.96847,0.29129,58.108,0.583,-1,375.000,-1,350.000,950.000,300.000,300.000,325.000,300.000,-1,350.000,400.000,-1,-1,625.000,-1,975.000,2,0,2,0,0,0,0,0,0,2,0,0,2,2,0,2,1
48,8124.466,4048.810,42.517,69.664,0.350310,-0.934695,0.060237,0.935726,0.346415,-0.066432,0.041227,0.079637,0.995971,0,1.00000,0.41129,60.000,0.823,-1,375.000,-1,350.000,925.000,300.000,300.000,325.000,300.000,-1,375.000,425.000,-1,-1,625.000,-1,-1,2,0,2,0,0,0,0,0,0,2,0,0,2,2,0,2,2
49,8144.273,4105.446,45.411,70.727,0.332981,-0.941208,0.057023,0.941861,0.329110,-0.067716,0.044968,0.076256,0.996074,0,1.00000,0.53129,60.000,1.063,-1,400.000,-1,350.000,925.000,300.000,300.000,325.000,300.000,-1,400.000,450.000,-1,-1,625.000,-1,-1,2,0,2,0,0,0,0,0,0,2,0,0,2,2,0,2,2
50,8162.787,4162.517,48.489,72.030,0.311543,-0.948706,0.053832,0.948972,0.307713,-0.069027,0.048922,0.072590,0.996161,0,1.00000,0.65129,60.000,1.303,-1,400.000,-1,350.000,-1,325.000,300.000,325.000,300.000,-1,425.000,500.000,-1,-1,-1,-1,-1,2,0,2,0,2,0,0,0,0,2,0,0,2,2,2,2,2
51,8179.758,4220.067,51.755,73.572,0.285907,-0.956916,0.050683,0.956789,0.282142,-0.070366,0.053034,0.068611,0.996233,0,1.00000,0.77129,60.000,1.543,-1,400.000,-1,350.000,-1,325.000,300.000,325.000,300.000,-1,450.000,525.000,-1,-1,-1,-1,-1,2,1,2,0,2,0,0,0,0,2,0,0,2,2,2,2,2
52,8194.932,4278.116,55.211,75.355,0.255987,-0.965507,0.047602,0.964984,0.252312,-0.071727,0.057242,0.064296,0.996288,0,1.00000,0.89129,60.000,1.783,-1,-1,-1,375.000,-1,325.000,300.000,300.000,300.000,-1,475.000,550.000,-1,-1,-1,-1,-1,2,2,2,0,2,0,0,0,0,2,0,0,2,2,2,2,2
53,8208.070,4336.659,58.852,77.355,0.222083,-0.974006,0.044616,0.973089,0.218526,-0.073102,0.061452,0.059650,0.996326,0,1.00000,1.00000,60.000,2.000,-1,-1,-1,375.000,-1,-1,300.000,300.000,300.000,-1,500.000,600.000,-1,-1,-1,-1,-1,2,2,2,1,2,2,0,0,0,2,0,0,2,2,2,2,2
54,8219.157,4395.625,62.661,79.355,0.187866,-0.981307,0.041742,0.980016,0.184451,-0.074480,0.065389,0.054901,0.996348,0,1.00000,1.00000,60.000,2.000,-1,-1,-1,-1,-1,-1,-1,300.000,300.000,-1,525.000,650.000,-1,-1,-1,-1,-1,2,2,2,2,2,2,2,0,0,2,0,0,2,2,2,2,2
55,8228.179,4454.943,66.618,81.355,0.153380,-0.987398,0.038992,0.985753,0.150129,-0.075844,0.069034,0.050070,0.996357,0,1.00000,1.00000,60.000,2.000,-1,-1,-1,-1,-1,-1,-1,300.000,300.000,-1,550.000,675.000,-1,-1,-1,-1,-1,2,2,2,2,2,2,2,0,0,2,0,0,2,2,2,2,2
56,8235.126,4514.539,70.704,83.355,0.118670,-0.992267,0.036375,0.990293,0.115605,-0.077175,0.072373,0.045180,0.996354,0,1.00000,1.00000,60.000,2.000,-1,-1,-1,-1,-1,-1,-1,300.000,300.000,-1,575.000,750.000,-1,-1,-1,-1,-1,2,2,2,2,2,2,2,0,0,2,0,0,2,2,2,2,2
57,8240.239,4574.320,74.764,85.115,0.087899,-0.995570,0.033379,0.993332,0.085094,-0.077787,0.074602,0.039994,0.996411,0,1.00000,0.88000,60.000,1.760,-1,-1,-1,-1,-1,-1,-1,300.000,300.000,-1,625.000,800.000,-1,-1,-1,-1,-1,2,2,2,2,2,2,2,0,0,2,0,0,2,2,2,2,2
58,8243.769,4634.212,69.997,86.635,0.060003,-0.997858,0.026077,0.997078,0.058678,-0.048915,0.047280,0.028936,0.998462,0,1.00000,0.76000,60.000,1.520,-1,-1,-1,-1,-1,-1,-1,250.000,275.000,-1,-1,-1,-1,-1,-1,-1,-1,2,2,2,2,2,2,2,0,0,2,2,2,2,2,2,2,2
59,-5575.732,-4919.515,-61.970,107.993,-0.361262,-0.915921,-0.174865,0.903524,-0.297481,-0.308464,0.230510,-0.269431,0.935025,1,0.00000,0.00000,60.000,1.280,650.000,325.000,-1,200.000,-1,250.000,200.000,600.000,-1,550.000,0.000,0.000,-1,500.000,-1,625.000,-1,1,1,2,1,2,1,1,1,2,1,1,1,2,1,2,1,2
60,6226.626,6888.106,143.771,170.015,-0.984870,-0.173178,0.006355,0.173280,-0.983664,0.048768,-0.002194,0.049131,0.998790,1,0.08000,-0.12000,4.800,-0.240,-1,375.000,-1,375.000,-1,300.000,300.000,325.000,325.000,-1,-1,-1,-1,725.000,700.000,-1,-1,2,0,2,0,2,0,0,0,0,2,2,2,2,0,0,2,2
61,6217.186,6889.850,143.760,169.535,-0.983385,-0.181412,0.006625,0.181518,-0.982180,0.048714,-0.002330,0.049108,0.998791,0,0.16000,-0.24000,9.600,-0.480,-1,375.000,-1,375.000,-1,300.000,300.000,325.000,325.000,-1,-1,-1,-1,725.000,700.000,-1,-1,2,0,2,0,2,0,0,0,0,2,2,2,2,0,0,2,2
62,6203.059,6892.643,143.736,168.815,-0.981028,-0.193741,0.007039,0.193852,-0.979824,0.048638,-0.002526,0.049080,0.998792,0,0.24000,-0.36000,14.400,-0.720,-1,375.000,-1,375.000,-1,300.000,300.000,325.000,325.000,-1,-1,-1,-1,725.000,700.000,-1,-1,2,0,2,0,2,0,0,0,0,2,2,2,2,0,0,2,2
63,6184.288,6896.682,143.691,167.855,-0.977644,-0.210130,0.007606,0.210249,-0.976442,0.048542,-0.002774,0.049056,0.998792,0,0.32000,-0.48000,19.200,-0.960,-1,375.000,-1,375.000,-1,300.000,300.000,325.000,325.000,-1,-1,-1,-1,725.000,700.000,-1,-1,2,0,2,0,2,0,0,0,0,2,2,2,2,0,0,2,2
64,6160.936,6902.222,143.615,166.655,-0.973029,-0.230533,0.008340,0.230664,-0.971828,0.048427,-0.003059,0.049045,0.998792,0,0.40000,-0.60000,24.000,-1.200,-1,375.000,-1,375.000,-1,300.000,300.000,325.000,325.000,-1,-1,-1,-1,700.000,700.000,-1,-1,2,0,2,0,2,0,0,0,0,2,2,2,2,0,0,2,2
65,6133.089,6909.571,143.497,165.215,-0.966928,-0.254882,0.009262,0.255028,-0.965727,0.048295,-0.003365,0.049060,0.998790,0,0.48000,-0.72000,28.800,-1.440,-1,375.000,-1,375.000,-1,300.000,300.000,325.000,325.000,-1,-1,-1,-1,700.000,700.000,-1,-1,2,0,2,0,2,0,0,0,0,2,2,2,2,0,0,2,2
66,6100.867,6919.095,143.324,163.535,-0.959039,-0.283084,0.010397,0.283251,-0.957837,0.048143,-0.003670,0.049116,0.998786,0,0.56000,-0.84000,33.600,-1.680,-1,375.000,-1,375.000,-1,300.000,300.000,325.000,325.000,-1,-1,-1,-1,700.000,700.000,-1,-1,2,0,2,0,2,0,0,0,0,2,2,2,2,0,0,2,2
67,6064.383,6931.075,143.081,161.821,-0.950139,-0.311605,0.011775,0.311805,-0.948935,0.047962,-0.003771,0.049242,0.998780,0,0.64000,-0.85700,38.400,-1.714,-1,375.000,-1,375.000,-1,300.000,300.000,325.000,325.000,-1,-1,-1,-1,700.000,700.000,-1,-1,2,0,2,0,2,0,0,0,0,2,2,2,2,0,0,2,2
68,6023.756,6945.762,142.762,160.124,-0.940485,-0.339569,0.013425,0.339815,-0.939280,0.047738,-0.003600,0.049459,0.998770,0,0.72000,-0.84858,43.200,-1.697,-1,375.000,-1,375.000,-1,300.000,300.000,325.000,325.000,-1,-1,550.000,-1,700.000,800.000,-1,-1,2,0,2,0,2,0,0,0,0,2,2,0,2,0,1,2,2
69,5979.112,6963.396,142.500,158.446,-0.930130,-0.366917,0.015159,0.367212,-0.928890,0.048143,-0.003584,0.050346,0.998725,0,0.80000,-0.83916,48.000,-1.678,-1,375.000,-1,375.000,-1,300.000,300.000,325.000,325.000,-1,-1,500.000,-1,725.000,850.000,-1,-1,2,0,2,0,2,0,0,0,0,2,2,0,2,0,1,2,2
70,5931.218,6983.934,142.251,156.788,-0.919114,-0.393603,0.017518,0.393980,-0.917824,0.048764,-0.003115,0.051721,0.998657,0,0.86851,-0.82874,52.111,-1.657,-1,375.000,-1,375.000,-1,300.000,325.000,325.000,325.000,-1,650.000,475.000,-1,725.000,850.000,-1,-1,2,0,2,0,2,0,0,0,0,2,0,0,2,0,1,2,2
71,5883.533,7006.014,141.908,155.153,-0.907493,-0.419601,0.019778,0.420058,-0.906162,0.049208,-0.002726,0.052963,0.998593,0,0.87582,-0.81742,52.549,-1.635,-1,375.000,-1,375.000,-1,325.000,325.000,325.000,325.000,-1,600.000,425.000,-1,725.000,875.000,-1,-1,2,0,2,0,2,0,0,0,0,2,0,0,2,0,1,2,2
72,5832.755,7031.193,141.373,153.624,-0.895959,-0.443612,0.021567,0.444129,-0.894606,0.049287,-0.002571,0.053738,0.998552,0,0.94461,-0.76451,56.677,-1.529,-1,375.000,-1,375.000,-1,325.000,325.000,325.000,325.000,-1,600.000,425.000,-1,725.000,850.000,-1,-1,2,0,2,0,2,0,0,0,0,2,0,0,2,0,1,2,2
73,5782.080,7058.011,141.096,152.112,-0.883938,-0.467072,0.022300,0.467593,-0.882593,0.048845,-0.003132,0.053603,0.998557,0,0.95556,-0.75617,57.334,-1.512,-1,375.000,-1,375.000,-1,300.000,300.000,325.000,-1,-1,625.000,450.000,-1,725.000,850.000,-1,-1,2,0,2,0,2,0,0,0,2,2,0,0,2,0,1,2,2
74,5731.568,7086.454,140.821,150.616,-0.871438,-0.489960,0.023130,0.490493,-0.870100,0.048399,-0.003588,0.053522,0.998560,0,0.96616,-0.74812,57.970,-1.496,-1,375.000,-1,450.000,-1,300.000,300.000,325.000,-1,-1,650.000,500.000,-1,725.000,825.000,-1,-1,2,0,2,1,2,0,0,0,2,2,0,0,2,0,1,2,2
75,5681.283,7116.508,140.590,149.135,-0.858477,-0.512287,0.024081,0.512838,-0.857155,0.047765,-0.003828,0.053355,0.998568,0,0.97634,-0.74042,58.581,-1.481,-1,375.000,-1,475.000,-1,300.000,300.000,325.000,-1,-1,700.000,525.000,-1,725.000,800.000,-1,-1,2,0,2,1,2,0,0,0,2,2,0,0,2,0,1,2,2
76,5631.292,7148.149,140.360,147.669,-0.845078,-0.534053,0.025110,0.534628,-0.843770,0.047171,-0.004005,0.053288,0.998571,0,0.98604,-0.73310,59.162,-1.466,-1,375.000,-1,500.000,-1,300.000,300.000,325.000,-1,-1,725.000,550.000,-1,725.000,775.000,-1,-1,2,0,2,1,2,0,0,0,2,2,0,0,2,0,1,2,2
77,5586.202,7178.517,137.407,146.034,-0.829744,-0.557583,0.025034,0.558004,-0.827695,0.059607,-0.012516,0.063428,0.997908,0,0.90604,-0.81761,54.362,-1.635,-1,375.000,-1,475.000,-1,300.000,300.000,325.000,-1,-1,-1,975.000,-1,700.000,725.000,-1,-1,2,0,2,1,2,0,1,0,2,2,2,0,2,0,1,2,2
78,5545.890,7207.352,133.154,144.412,-0.814107,-0.580162,0.025331,0.580180,-0.810710,0.078365,-0.024928,0.078494,0.996603,0,0.82604,-0.81095,49.562,-1.622,-1,350.000,-1,425.000,-1,275.000,300.000,350.000,-1,-1,-1,-1,-1,625.000,675.000,-1,-1,2,0,2,1,2,0,1,0,2,2,2,2,2,0,1,2,2
79,5510.227,7234.407,129.532,142.802,-0.798011,-0.602049,0.026746,0.601595,-0.793223,0.094239,-0.035521,0.091294,0.995190,0,0.74604,-0.80490,44.762,-1.610,-1,325.000,-1,400.000,-1,250.000,275.000,350.000,-1,-1,-1,-1,-1,600.000,625.000,-1,875.000,2,0,2,1,2,0,1,0,2,2,2,2,2,0,1,2,1
80,5479.073,7259.440,126.456,141.203,-0.781466,-0.623273,0.029007,0.622344,-0.775283,0.107815,-0.044710,0.102306,0.993748,0,0.66604,-0.79934,39.962,-1.599,-1,300.000,-1,375.000,-1,250.000,275.000,375.000,-1,-1,-1,-1,-1,550.000,575.000,-1,850.000,2,0,2,1,2,1,1,0,2,2,2,2,2,0,1,2,1
81,5452.282,7282.216,123.838,139.615,-0.764482,-0.643855,0.031912,0.642478,-0.756922,0.119548,-0.052816,0.111895,0.992315,0,0.58604,-0.79420,35.162,-1.588,-1,275.000,-1,375.000,-1,225.000,275.000,375.000,-1,-1,-1,-1,-1,525.000,550.000,-1,800.000,2,0,2,1,2,1,1,0,2,2,2,2,2,0,1,2,1
82,5429.698,7302.514,121.560,138.036,-0.747061,-0.663817,0.035300,0.662046,-0.738177,0.129577,-0.059958,0.120173,0.990941,0,0.50604,-0.78937,30.362,-1.579,-1,275.000,-1,350.000,-1,225.000,250.000,375.000,-1,-1,-1,-1,-1,525.000,550.000,-1,800.000,2,0,2,1,2,1,1,0,2,2,2,2,2,0,1,2,1
83,5411.158,7320.117,119.466,136.466,-0.729186,-0.683203,0.039002,0.681122,-0.719104,0.137703,-0.066033,0.126976,0.989705,0,0.42604,-0.78476,25.562,-1.570,-1,275.000,-1,350.000,-1,225.000,250.000,400.000,-1,-1,-1,-1,-1,500.000,525.000,-1,775.000,2,0,2,1,2,1,1,0,2,2,2,2,2,0,1,2,1
84,5396.494,7334.820,117.633,134.906,-0.710897,-0.701984,0.042933,0.699648,-0.699682,0.144699,-0.071537,0.132905,0.988544,0,0.34604,-0.78030,20.762,-1.561,-1,250.000,-1,350.000,-1,225.000,250.000,400.000,-1,-1,-1,-1,-1,475.000,525.000,-1,775.000,2,0,2,1,2,1,1,0,2,2,2,2,2,0,1,2,1
85,5385.540,7346.435,116.017,133.301,-0.691556,-0.720784,0.047122,0.718243,-0.679260,0.150775,-0.076668,0.138114,0.987444,0,0.26604,-0.80237,15.962,-1.605,-1,250.000,-1,350.000,-1,225.000,250.000,400.000,-1,-1,-1,-1,-1,475.000,525.000,-1,800.000,2,0,2,1,2,1,1,0,2,2,2,2,2,0,1,2,1
86,5378.108,7354.768,114.646,131.702,-0.671756,-0.738989,0.051385,0.736295,-0.658470,0.155842,-0.081330,0.142522,0.986445,0,0.18604,-0.79938,11.162,-1.599,-1,250.000,-1,350.000,-1,225.000,250.000,425.000,-1,-1,-1,-1,-1,450.000,525.000,-1,825.000,2,0,2,1,2,1,1,0,2,2,2,2,2,0,1,2,1
87,5374.004,7359.635,113.547,130.108,-0.651474,-0.756629,0.055618,0.753840,-0.637325,0.159822,-0.085479,0.146047,0.985578,0,0.10604,-0.79713,6.362,-1.594,-1,250.000,-1,375.000,-1,225.000,250.000,425.000,800.000,-1,-1,-1,-1,450.000,550.000,950.000,850.000,2,0,2,1,2,1,1,0,1,2,2,2,2,0,1,0,1
88,5373.027,7360.858,112.769,128.521,-0.630728,-0.773706,0.059678,0.770883,-0.615889,0.162544,-0.089006,0.148526,0.984895,0,0.02604,-0.79374,1.562,-1.587,-1,250.000,-1,375.000,-1,225.000,250.000,425.000,625.000,-1,-1,-1,-1,450.000,575.000,875.000,900.000,2,0,2,1,2,1,1,0,1,2,2,2,2,0,1,0,1
89,5374.970,7358.273,112.385,126.942,-0.609521,-0.790232,0.063383,0.787443,-0.594235,0.163764,-0.091747,0.149728,0.984461,0,-0.05396,-0.78921,-3.238,-1.578,-1,250.000,-1,400.000,-1,225.000,275.000,425.000,500.000,-1,-1,-1,-1,425.000,625.000,850.000,975.000,2,1,2,1,2,1,1,0,1,2,2,2,2,0,1,0,1
90,5379.622,7351.723,112.483,125.375,-0.587847,-0.806234,0.066500,0.803552,-0.572433,0.163171,-0.093487,0.149356,0.984354,0,-0.13396,-0.78358,-8.038,-1.567,-1,250.000,-1,425.000,-1,225.000,275.000,425.000,400.000,-1,-1,-1,-1,425.000,675.000,850.000,-1,2,1,2,1,2,1,1,0,1,2,2,2,2,0,1,0,2
91,5386.770,7341.063,113.172,123.821,-0.565692,-0.821746,0.068743,0.819246,-0.550552,0.160399,-0.093961,0.147054,0.984655,0,-0.21396,-0.77693,-12.838,-1.554,-1,250.000,-1,450.000,-1,225.000,300.000,425.000,300.000,-1,-1,-1,-1,425.000,725.000,875.000,-1,2,1,2,1,2,1,1,0,1,2,2,2,2,0,1,0,2
92,5394.771,7328.409,114.288,122.283,-0.543148,-0.836697,0.070196,0.834422,-0.528582,0.156016,-0.093434,0.143312,0.985257,0,-0.24956,-0.76934,-14.974,-1.539,-1,275.000,-1,500.000,-1,250.000,300.000,425.000,200.000,-1,-1,-1,-1,450.000,800.000,925.000,-1,2,1,2,1,2,1,1,0,1,2,2,2,2,0,1,0,2
93,5402.343,7315.698,115.615,120.756,-0.520275,-0.851035,0.071087,0.848994,-0.506434,0.150777,-0.092316,0.138798,0.986009,0,-0.24663,-0.76327,-14.798,-1.527,-1,275.000,-1,550.000,-1,250.000,325.000,400.000,150.000,-1,-1,-1,-1,450.000,875.000,1000.000,-1,2,1,2,1,2,1,1,0,1,2,2,2,2,0,1,0,2
94,5409.511,7302.908,117.153,119.239,-0.497066,-0.864774,0.071356,0.862969,-0.484088,0.144716,-0.090604,0.133512,0.986897,0,-0.24439,-0.75828,-14.664,-1.517,-1,300.000,-1,625.000,-1,275.000,350.000,400.000,150.000,-1,-1,-1,-1,475.000,975.000,-1,-1,2,1,2,1,2,1,1,0,0,2,2,2,2,0,1,2,2
95,5416.286,7290.040,118.863,117.733,-0.473523,-0.877925,0.070874,0.876356,-0.461560,0.137707,-0.088184,0.127318,0.987934,0,-0.24240,-0.75340,-14.544,-1.507,-1,300.000,-1,700.000,-1,275.000,375.000,400.000,150.000,-1,-1,-1,-1,475.000,-1,-1,-1,2,1,2,1,2,1,1,0,0,2,2,2,2,0,2,2,2
96,5422.675,7277.094,120.752,116.235,-0.449679,-0.890475,0.069594,0.889128,-0.438851,0.129848,-0.085086,0.120268,0.989089,0,-0.24064,-0.74865,-14.438,-1.497,-1,325.000,-1,750.000,-1,300.000,400.000,375.000,175.000,-1,-1,-1,-1,500.000,-1,-1,-1,2,1,2,1,2,1,1,0,0,2,2,2,2,0,2,2,2
97,5428.689,7264.070,122.845,114.747,-0.425579,-0.902399,0.067517,0.901254,-0.415961,0.121318,-0.081393,0.112481,0.990315,0,-0.23910,-0.74400,-14.346,-1.488,-1,325.000,-1,825.000,-1,325.000,425.000,375.000,175.000,-1,-1,-1,-1,525.000,-1,-1,-1,2,1,2,1,2,1,1,0,0,2,2,2,2,0,2,2,2
98,5434.332,7250.969,125.140,113.268,-0.401255,-0.913685,0.064600,0.912715,-0.392899,0.112170,-0.077107,0.103970,0.991587,0,-0.23776,-0.73946,-14.265,-1.479,-1,350.000,-1,900.000,-1,325.000,450.000,375.000,200.000,-1,-1,-1,-1,550.000,-1,-1,-1,2,1,2,1,2,1,1,0,0,2,2,2,2,0,2,2,2
99,5439.612,7237.791,127.633,111.798,-0.376746,-0.924319,0.060800,0.923496,-0.369671,0.102458,-0.072228,0.094749,0.992877,0,-0.23661,-0.73504,-14.196,-1.470,-1,375.000,-1,1000.000,-1,350.000,500.000,350.000,200.000,-1,-1,-1,-1,575.000,-1,-1,-1,2,1,2,1,2,1,1,0,0,2,2,2,2,0,2,2,2
100,5444.533,7224.537,130.321,110.337,-0.352089,-0.934285,0.056080,0.933582,-0.346288,0.092242,-0.066761,0.084833,0.994156,0,-0.23564,-0.73071,-14.138,-1.461,-1,375.000,-1,-1,-1,375.000,550.000,350.000,225.000,-1,-1,-1,-1,600.000,-1,-1,-1,2,1,2,2,2,1,1,0,0,2,2,2,2,0,2,2,2
101,5447.596,7215.716,132.273,109.116,-0.331438,-0.942018,0.052456,0.941383,-0.326489,0.084873,-0.062825,0.077511,0.995010,0,-0.15564,-0.61071,-9.338,-1.221,-1,400.000,-1,-1,-1,400.000,575.000,350.000,225.000,-1,-1,-1,-1,625.000,-1,-1,-1,2,1,2,2,2,1,1,0,0,2,2,2,2,0,2,2,2
102,5449.012,7211.404,133.453,108.134,-0.314873,-0.947803,0.050253,0.947202,-0.310414,0.080321,-0.060529,0.072891,0.995501,0,-0.07564,-0.49071,-4.538,-0.981,-1,425.000,-1,-1,-1,425.000,625.000,325.000,250.000,-1,-1,-1,-1,625.000,-1,-1,-1,2,1,2,2,2,1,1,0,0,2,2,2,2,0,2,2,2
103,5448.935,7211.654,133.698,107.393,-0.302504,-0.951831,0.050085,0.951235,-0.298153,0.079102,-0.060358,0.071572,0.995608,0,0.00436,-0.37071,0.262,-0.741,-1,425.000,-1,-1,-1,450.000,650.000,325.000,250.000,-1,-1,-1,-1,650.000,-1,-1,-1,2,1,2,2,2,1,1,0,0,2,2,2,2,0,2,2,2
104,5447.463,7216.498,132.943,106.891,-0.294410,-0.954250,0.052252,0.953633,-0.289765,0.081365,-0.062501,0.073784,0.995314,0,0.08436,-0.25071,5.062,-0.501,-1,425.000,-1,-1,-1,450.000,650.000,325.000,225.000,-1,-1,-1,-1,625.000,-1,-1,-1,2,1,2,2,2,1,1,0,0,2,2,2,2,0,2,2,2
105,5444.636,7225.947,131.179,106.630,-0.290664,-0.955136,0.056838,0.954478,-0.285280,0.087104,-0.066981,0.079568,0.994576,0,0.16436,-0.13071,9.862,-0.261,-1,425.000,-1,-1,-1,450.000,650.000,350.000,225.000,-1,-1,-1,-1,625.000,-1,-1,-1,2,1,2,2,2,1,1,0,0,2,2,2,2,0,2,2,2
106,5440.439,7239.996,128.405,106.608,-0.291358,-0.954483,0.063821,0.953764,-0.284697,0.096343,-0.073788,0.088941,0.993300,0,0.24436,-0.01071,14.662,-0.021,-1,400.000,-1,-1,-1,425.000,625.000,350.000,200.000,-1,-1,-1,-1,600.000,-1,-1,-1,2,1,2,2,2,1,1,0,0,2,2,2,2,1,2,2,2
107,5434.794,7258.623,124.633,106.827,-0.296600,-0.952202,0.073070,0.951400,-0.287977,0.109119,-0.082861,0.101884,0.991339,0,0.32436,0.10929,19.462,0.219,-1,400.000,-1,-1,-1,400.000,575.000,375.000,175.000,-1,-1,-1,-1,575.000,-1,-1,-1,2,1,2,2,2,1,1,0,0,2,2,2,2,1,2,2,2
108,5427.570,7281.787,120.146,107.286,-0.306290,-0.948282,0.083357,0.947381,-0.295096,0.124044,-0.093030,0.116964,0.988769,0,0.40436,0.22929,24.262,0.459,-1,375.000,-1,-1,-1,375.000,550.000,375.000,150.000,-1,-1,-1,-1,550.000,-1,-1,-1,2,1,2,2,2,1,1,0,0,2,2,2,2,1,2,2,2
109,5418.578,7309.424,114.881,107.984,-0.320451,-0.942551,0.094385,0.941521,-0.305966,0.141151,-0.104163,0.134097,0.985479,0,0.48436,0.34929,29.062,0.699,-1,350.000,-1,925.000,-1,350.000,500.000,400.000,125.000,-1,-1,-1,-1,500.000,-1,-1,-1,2,1,2,1,2,1,1,0,0,2,2,2,2,1,2,2,2
110,5407.578,7341.452,108.467,108.923,-0.338959,-0.935195,0.102556,0.933371,-0.320604,0.161346,-0.118009,0.150413,0.981555,0,0.56436,0.46929,33.862,0.939,-1,325.000,-1,800.000,-1,325.000,450.000,425.000,100.000,-1,-1,-1,-1,450.000,-1,600.000,-1,2,1,2,1,2,1,1,0,0,2,2,2,2,1,2,0,2
111,5394.268,7377.754,101.564,110.101,-0.361633,-0.925907,0.109171,0.922857,-0.338859,0.183056,-0.132499,0.166949,0.977022,0,0.64436,0.58929,38.662,1.179,-1,300.000,1000.000,700.000,-1,275.000,400.000,450.000,75.000,-1,-1,-1,-1,400.000,-1,350.000,-1,2,1,1,1,2,1,1,0,0,2,2,2,2,1,2,0,2
112,5378.299,7418.178,94.847,111.520,-0.388192,-0.914333,0.115337,0.910006,-0.360533,0.204708,-0.145588,0.184423,0.972004,0,0.72436,0.70929,43.462,1.419,1000.000,250.000,825.000,600.000,-1,250.000,350.000,475.000,125.000,-1,-1,0.000,875.000,350.000,925.000,225.000,-1,0,1,1,1,2,1,1,0,1,2,2,0,0,1,1,0,2
113,7543.239,-3607.620,-265.332,-67.829,0.376506,0.924777,-0.055047,-0.926263,0.376853,-0.004332,0.016738,0.052619,0.998474,1,0.00000,0.00000,48.262,1.659,-1,400.000,-1,375.000,-1,325.000,325.000,325.000,325.000,-1,800.000,800.000,-1,850.000,750.000,-1,-1,2,0,2,0,2,0,0,0,0,2,0,0,2,0,0,2,2
114,7545.031,-3612.073,-265.260,-68.069,0.372634,0.926348,-0.054978,-0.927831,0.372977,-0.004276,0.016545,0.052604,0.998478,0,0.08000,-0.12000,4.800,-0.240,-1,400.000,-1,375.000,-1,325.000,325.000,300.000,325.000,-1,800.000,825.000,-1,825.000,750.000,-1,-1,2,0,2,0,2,0,0,0,0,2,0,0,2,0,0,2,2
115,7548.542,-3621.008,-265.121,-68.549,0.364870,0.929442,-0.054842,-0.930918,0.365204,-0.004166,0.016157,0.052573,0.998486,0,0.16000,-0.24000,9.600,-0.480,-1,400.000,-1,375.000,-1,325.000,325.000,300.000,325.000,-1,800.000,825.000,-1,825.000,750.000,-1,-1,2,0,2,0,2,0,0,0,0,2,0,0,2,0,0,2,2
116,7553.639,-3634.476,-264.923,-69.269,0.353176,0.933960,-0.054639,-0.935427,0.353496,-0.004008,0.015571,0.052527,0.998498,0,0.24000,-0.36000,14.400,-0.720,-1,400.000,-1,375.000,-1,325.000,325.000,300.000,325.000,-1,800.000,825.000,-1,825.000,750.000,-1,-1,2,0,2,0,2,0,0,0,0,2,0,0,2,0,0,2,2
117,7560.178,-3652.528,-264.670,-70.088,0.339803,0.938923,-0.054380,-0.940378,0.340109,-0.003807,0.014920,0.052432,0.998513,0,0.32000,-0.40959,19.200,-0.819,-1,400.000,-1,375.000,-1,325.000,325.000,300.000,325.000,-1,825.000,825.000,-1,825.000,750.000,-1,-1,2,0,2,0,2,0,0,0,0,2,0,0,2,0,0,2,2
118,7568.029,-3675.208,-264.371,-70.907,0.326361,0.943697,-0.054072,-0.945137,0.326654,-0.003568,0.014296,0.052270,0.998531,0,0.40000,-0.40957,24.000,-0.819,-1,400.000,-1,375.000,-1,325.000,325.000,300.000,325.000,-1,825.000,850.000,-1,825.000,750.000,-1,-1,2,0,2,0,2,0,0,0,0,2,0,0,2,0,0,2,2
119,7577.059,-3702.556,-264.033,-71.726,0.312849,0.948283,-0.053714,-0.949704,0.313131,-0.003296,0.013694,0.052043,0.998551,0,0.48000,-0.40963,28.800,-0.819,-1,400.000,-1,400.000,-1,325.000,325.000,300.000,325.000,-1,850.000,875.000,-1,825.000,750.000,-1,-1,2,0,2,0,2,0,0,0,0,2,0,0,2,0,0,2,2
120,7587.137,-3734.610,-263.663,-72.546,0.299266,0.952680,-0.053308,-0.954080,0.299538,-0.002998,0.013111,0.051757,0.998574,0,0.56000,-0.40984,33.600,-0.820,-1,400.000,-1,400.000,-1,325.000,325.000,300.000,325.000,-1,875.000,900.000,-1,825.000,750.000,-1,-1,2,0,2,0,2,0,0,0,0,2,0,0,2,0,0,2,2
121,7598.129,-3771.403,-263.268,-73.367,0.285607,0.956888,-0.052854,-0.958265,0.285870,-0.002683,0.012542,0.051414,0.998599,0,0.64000,-0.41024,38.400,-0.820,-1,400.000,-1,400.000,-1,325.000,325.000,300.000,325.000,-1,900.000,900.000,-1,850.000,750.000,-1,-1,2,0,2,0,2,0,0,0,0,2,0,0,2,0,0,2,2
122,7609.899,-3812.969,-262.855,-74.188,0.271868,0.960909,-0.052353,-0.962260,0.272122,-0.002357,0.011982,0.051018,0.998626,0,0.72000,-0.41089,43.200,-0.822,-1,400.000,-1,400.000,-1,325.000,325.000,300.000,325.000,-1,925.000,950.000,-1,850.000,775.000,-1,-1,2,0,2,0,2,0,0,0,0,2,0,0,2,0,0,2,2
123,7621.496,-3856.284,-262.454,-75.012,0.258042,0.964744,-0.051805,-0.966066,0.258285,-0.002067,0.011387,0.050581,0.998655,0,0.74734,-0.41186,44.841,-0.824,-1,400.000,-1,400.000,-1,325.000,325.000,300.000,325.000,-1,950.000,975.000,-1,850.000,775.000,-1,-1,2,0,2,0,2,0,0,0,0,2,0,0,2,0,0,2,2
124,7632.461,-3899.743,-262.003,-75.838,0.244140,0.968404,-0.050897,-0.969684,0.244356,-0.002025,0.010476,0.049849,0.998702,0,0.74701,-0.41312,44.821,-0.826,-1,400.000,-1,400.000,-1,325.000,325.000,300.000,325.000,-1,1000.000,-1,-1,850.000,775.000,-1,-1,2,0,2,0,2,0,0,0,0,2,0,2,2,0,0,2,2
125,7642.793,-3943.344,-261.617,-76.668,0.230136,0.971868,-0.050100,-0.973112,0.230322,-0.002111,0.009488,0.049239,0.998742,0,0.74680,-0.41463,44.808,-0.829,-1,400.000,-1,400.000,-1,325.000,325.000,300.000,325.000,-1,-1,-1,-1,850.000,775.000,-1,-1,2,0,2,0,2,0,0,0,0,2,2,2,2,0,0,2,2
126,7653.735,-3991.730,-261.217,-77.257,0.220162,0.974217,-0.049285,-0.975425,0.220322,-0.002241,0.008676,0.048568,0.998782,0,0.82680,-0.29463,49.608,-0.589,-1,400.000,-1,400.000,-1,325.000,325.000,300.000,325.000,-1,-1,-1,-1,850.000,775.000,-1,-1,2,0,2,0,2,0,0,0,0,2,2,2,2,0,0,2,2
127,7664.737,-4041.797,-260.869,-77.606,0.214260,0.975583,-0.048274,-0.976745,0.214388,-0.002566,0.007846,0.047701,0.998831,0,0.85436,-0.17463,51.261,-0.349,-1,400.000,-1,400.000,-1,325.000,325.000,300.000,325.000,-1,-1,-1,-1,850.000,775.000,-1,-1,2,0,2,0,2,0,0,0,0,2,2,2,2,0,0,2,2
128,7675.648,-4091.907,-260.557,-77.715,0.212436,0.976035,-0.047192,-0.977149,0.212537,-0.002933,0.007168,0.046737,0.998882,0,0.85473,-0.05463,51.284,-0.109,-1,400.000,-1,400.000,-1,325.000,325.000,300.000,325.000,-1,-1,-1,-1,850.000,775.000,-1,-1,2,0,2,0,2,0,0,0,0,2,2,2,2,0,0,2,2
129,7686.681,-4142.024,-260.252,-77.585,0.214694,0.975591,-0.046127,-0.976658,0.214774,-0.003289,0.006698,0.045756,0.998930,0,0.85529,0.06537,51.317,0.131,-1,400.000,-1,400.000,-1,325.000,325.000,300.000,325.000,-1,-1,-1,-1,875.000,775.000,-1,-1,2,0,2,0,2,0,0,0,0,2,2,2,2,0,0,2,2
130,7698.047,-4192.112,-259.942,-77.214,0.221028,0.974226,-0.045068,-0.975246,0.221092,-0.003630,0.006427,0.044754,0.998977,0,0.85601,0.18537,51.361,0.371,-1,400.000,-1,400.000,-1,325.000,325.000,300.000,325.000,-1,-1,-1,-1,875.000,775.000,-1,-1,2,0,2,0,2,0,0,0,0,2,2,2,2,0,0,2,2
131,7709.958,-4242.124,-259.636,-76.603,0.231423,0.971855,-0.044060,-0.972833,0.231474,-0.004022,0.006290,0.043794,0.999021,0,0.85686,0.30537,51.412,0.611,-1,400.000,-1,400.000,-1,325.000,325.000,300.000,325.000,-1,-1,-1,-1,875.000,800.000,-1,-1,2,0,2,0,2,0,0,0,0,2,2,2,2,0,0,2,2
132,7722.613,-4291.963,-259.378,-75.752,0.245854,0.968342,-0.043245,-0.969288,0.245886,-0.004664,0.006117,0.043063,0.999054,0,0.85702,0.42537,51.421,0.851,-1,400.000,-1,400.000,-1,325.000,325.000,325.000,325.000,-1,-1,-1,-1,900.000,800.000,-1,-1,2,0,2,0,2,0,0,0,0,2,2,2,2,0,0,2,2
133,7736.215,-4341.553,-259.097,-74.662,0.264267,0.963516,-0.042426,-0.964431,0.264283,-0.005325,0.006082,0.042324,0.999085,0,0.85702,0.54537,51.421,1.091,-1,400.000,-1,400.000,-1,325.000,325.000,325.000,325.000,-1,-1,-1,-1,900.000,800.000,-1,-1,2,0,2,0,2,0,0,0,0,2,2,2,2,0,0,2,2
134,7749.213,-4386.325,-258.821,-73.811,0.278568,0.959514,-0.041634,-0.960398,0.278568,-0.005937,0.005902,0.041639,0.999115,0,0.77702,0.42537,46.621,0.851,-1,400.000,-1,400.000,-1,325.000,325.000,325.000,300.000,-1,-1,-1,-1,900.000,800.000,-1,-1,2,0,2,0,2,0,0,0,0,2,2,2,2,0,0,2,2
135,7761.300,-4426.361,-258.560,-73.200,0.288806,0.956514,-0.040885,-0.957371,0.288787,-0.006493,0.005596,0.041017,0.999143,0,0.69702,0.30537,41.821,0.611,-1,400.000,-1,400.000,-1,325.000,325.000,325.000,300.000,-1,-1,-1,-1,925.000,800.000,-1,-1,2,0,2,0,2,0,0,0,0,2,2,2,2,0,0,2,2
136,7773.412,-4465.562,-258.298,-72.829,0.295018,0.954650,-0.040110,-0.955478,0.294978,-0.007046,0.005105,0.040403,0.999170,0,0.68382,0.18537,41.029,0.371,-1,400.000,-1,400.000,-1,325.000,325.000,325.000,300.000,-1,-1,-1,-1,925.000,800.000,-1,-1,2,0,2,0,2,0,0,0,0,2,2,2,2,0,0,2,2
137,7785.614,-4504.735,-258.042,-72.699,0.297226,0.953997,-0.039333,-0.954797,0.297162,-0.007595,0.004443,0.039812,0.999197,0,0.68382,0.06537,41.029,0.131,-1,400.000,-1,400.000,-1,325.000,325.000,325.000,300.000,-1,-1,-1,-1,925.000,800.000,-1,-1,2,0,2,0,2,0,0,0,0,2,2,2,2,0,0,2,2
138,7797.741,-4543.931,-257.837,-72.808,0.295439,0.954578,-0.038692,-0.955355,0.295348,-0.008179,0.003620,0.039381,0.999218,0,0.68382,-0.05463,41.029,-0.109,-1,400.000,-1,400.000,-1,325.000,325.000,325.000,300.000,-1,-1,-1,-1,925.000,800.000,-1,-1,2,0,2,0,2,0,0,0,0,2,2,2,2,0,0,2,2
139,7809.660,-4583.190,-257.725,-73.111,0.290419,0.956135,-0.038253,-0.956897,0.290287,-0.009072,0.002431,0.039239,0.999227,0,0.68382,-0.15180,41.029,-0.304,-1,400.000,-1,400.000,-1,325.000,325.000,325.000,300.000,-1,-1,-1,-1,925.000,800.000,-1,-1,2,0,2,0,2,0,0,0,0,2,2,2,2,0,0,2,2
