timestep,x_cm,y_cm,z_cm,yaw_deg,basis_xx,basis_xy,basis_xz,basis_yx,basis_yy,basis_yz,basis_zx,basis_zy,basis_zz,teleport_flag,throttle_cmd,steering_cmd,cmd_move_cm,cmd_turn_deg,lidar_cm_0,lidar_cm_1,lidar_cm_2,lidar_cm_3,lidar_cm_4,lidar_cm_5,lidar_cm_6,lidar_cm_7,lidar_cm_8,lidar_cm_9,lidar_cm_10,lidar_cm_11,lidar_cm_12,lidar_cm_13,lidar_cm_14,lidar_cm_15,lidar_cm_16,lidar_class_0,lidar_class_1,lidar_class_2,lidar_class_3,lidar_class_4,lidar_class_5,lidar_class_6,lidar_class_7,lidar_class_8,lidar_class_9,lidar_class_10,lidar_class_11,lidar_class_12,lidar_class_13,lidar_class_14,lidar_class_15,lidar_class_16
0,-5575.424,-1639.830,185.203,109.543,-0.334562,-0.942374,-0.000268,0.942233,-0.334517,0.017216,-0.016313,0.005507,0.999852,1,0.00000,0.00000,4.800,-0.240,-1,400.000,-1,375.000,-1,325.000,325.000,300.000,300.000,-1,-1,-1,-1,800.000,700.000,-1,-1,2,0,2,0,2,0,0,0,0,2,2,2,2,0,0,2,2
1,-5577.048,-1635.313,185.117,109.783,-0.338506,-0.940964,-0.000300,0.940824,-0.338461,0.017167,-0.016255,0.005529,0.999853,0,0.08000,0.12000,4.800,0.240,-1,400.000,-1,375.000,-1,325.000,325.000,300.000,300.000,-1,-1,-1,-1,800.000,700.000,-1,-1,2,0,2,0,2,0,0,0,0,2,2,2,2,0,0,2,2
2,-5580.373,-1626.308,184.945,110.263,-0.346377,-0.938095,-0.000362,0.937957,-0.346332,0.017072,-0.016140,0.005574,0.999854,0,0.16000,0.24000,9.600,0.480,-1,400.000,-1,375.000,-1,325.000,325.000,300.000,300.000,-1,-1,-1,-1,800.000,700.000,-1,-1,2,0,2,0,2,0,0,0,0,2,2,2,2,0,0,2,2
3,-5585.530,-1612.863,184.687,110.983,-0.358137,-0.933669,-0.000453,0.933533,-0.358093,0.016934,-0.015973,0.005642,0.999857,0,0.24000,0.36000,14.400,0.720,-1,400.000,-1,375.000,-1,325.000,325.000,300.000,300.000,-1,-1,-1,-1,800.000,700.000,-1,-1,2,0,2,0,2,0,0,0,0,2,2,2,2,0,0,2,2
4,-5592.705,-1595.054,184.343,111.943,-0.373729,-0.927538,-0.000572,0.927404,-0.373685,0.016758,-0.015758,0.005733,0.999859,0,0.32000,0.48000,19.200,0.960,-1,400.000,-1,375.000,-1,325.000,325.000,300.000,300.000,-1,-1,-1,-1,800.000,700.000,-1,-1,2,0,2,0,2,0,0,0,0,2,2,2,2,0,0,2,2
5,-5602.087,-1572.964,183.911,113.013,-0.390973,-0.920402,-0.000726,0.920271,-0.390931,0.016554,-0.015520,0.005804,0.999863,0,0.40000,0.53470,24.000,1.069,-1,400.000,-1,375.000,-1,325.000,325.000,300.000,300.000,-1,-1,-1,-1,800.000,700.000,-1,-1,2,0,2,0,2,0,0,0,0,2,2,2,2,0,0,2,2
6,-5613.839,-1546.670,183.391,114.082,-0.408081,-0.912945,-0.000924,0.912818,-0.408041,0.016328,-0.015284,0.005820,0.999866,0,0.48000,0.53470,28.800,1.069,-1,400.000,-1,375.000,-1,325.000,325.000,300.000,300.000,-1,-1,-1,-1,800.000,700.000,-1,-1,2,0,2,0,2,0,0,0,0,2,2,2,2,0,0,2,2
7,-5628.120,-1516.256,182.782,115.152,-0.425046,-0.905171,-0.001170,0.905046,-0.425008,0.016089,-0.015060,0.005780,0.999870,0,0.56000,0.53470,33.600,1.069,-1,400.000,-1,375.000,-1,325.000,325.000,300.000,300.000,-1,-1,-1,-1,800.000,725.000,-1,-1,2,0,2,0,2,0,0,0,0,2,2,2,2,0,0,2,2
8,-5645.086,-1481.808,182.080,116.221,-0.441862,-0.897082,-0.001468,0.896960,-0.441828,0.015846,-0.014864,0.005685,0.999873,0,0.64000,0.53470,38.400,1.069,-1,400.000,-1,375.000,-1,325.000,325.000,300.000,300.000,-1,-1,-1,-1,800.000,725.000,-1,-1,2,0,2,0,2,0,0,0,0,2,2,2,2,0,0,2,2
9,-5664.893,-1443.416,181.323,117.290,-0.458521,-0.888681,-0.002126,0.888556,-0.458495,0.015868,-0.015076,0.005387,0.999872,0,0.72000,0.53470,43.200,1.069,-1,400.000,-1,375.000,-1,325.000,325.000,300.000,300.000,-1,-1,-1,-1,800.000,725.000,-1,-1,2,0,2,0,2,0,0,0,0,2,2,2,2,0,0,2,2
10,-5687.694,-1401.177,180.524,118.360,-0.475016,-0.879972,-0.003184,0.879838,-0.475002,0.016051,-0.015637,0.004823,0.999866,0,0.80000,0.53470,48.000,1.069,-1,400.000,-1,375.000,-1,325.000,325.000,300.000,300.000,-1,-1,-1,-1,800.000,725.000,-1,-1,2,0,2,0,2,0,0,0,0,2,2,2,2,0,0,2,2
11,-5713.637,-1355.190,179.777,119.429,-0.491336,-0.870958,-0.004622,0.870826,-0.491345,0.015567,-0.015829,0.003624,0.999868,0,0.88000,0.53470,52.800,1.069,-1,400.000,-1,375.000,-1,325.000,325.000,300.000,300.000,-1,-1,-1,-1,800.000,725.000,-1,-1,2,0,2,0,2,0,0,0,0,2,2,2,2,0,0,2,2
12,-5740.459,-1309.653,179.061,120.499,-0.507484,-0.861639,-0.006125,0.861515,-0.507516,0.014824,-0.015882,0.002246,0.999871,0,0.88082,0.53470,52.849,1.069,-1,400.000,-1,375.000,-1,325.000,325.000,300.000,300.000,-1,-1,-1,-1,800.000,725.000,-1,-1,2,0,2,0,2,0,0,0,0,2,2,2,2,0,0,2,2
13,-5768.126,-1264.624,178.299,121.568,-0.523457,-0.852019,-0.007553,0.851902,-0.523510,0.014164,-0.016023,0.000980,0.999871,0,0.88082,0.53470,52.849,1.069,-1,400.000,-1,375.000,-1,325.000,325.000,300.000,300.000,-1,-1,-1,-1,800.000,750.000,-1,-1,2,0,2,0,2,0,0,0,0,2,2,2,2,0,0,2,2
14,-5796.629,-1220.120,177.496,122.637,-0.539247,-0.842100,-0.008902,0.841990,-0.539321,0.013614,-0.016266,-0.000154,0.999868,0,0.88082,0.53470,52.849,1.069,-1,400.000,-1,375.000,-1,325.000,325.000,300.000,300.000,-1,-1,-1,-1,800.000,750.000,-1,-1,2,0,2,0,2,0,0,0,0,2,2,2,2,0,0,2,2
15,-5823.126,-1180.037,176.757,123.467,-0.551363,-0.834205,-0.010038,0.834099,-0.551454,0.013342,-0.016666,-0.001016,0.999861,0,0.80082,0.41470,48.049,0.829,-1,400.000,-1,400.000,-1,325.000,325.000,300.000,300.000,-1,-1,-1,-1,800.000,750.000,-1,-1,2,0,2,0,2,0,0,0,0,2,2,2,2,0,0,2,2
16,-5848.429,-1142.602,175.997,124.056,-0.559895,-0.828487,-0.011241,0.828385,-0.560005,0.013133,-0.017175,-0.001959,0.999851,0,0.75307,0.29470,45.184,0.589,-1,400.000,-1,400.000,-1,325.000,325.000,300.000,300.000,-1,-1,-1,-1,800.000,750.000,-1,-1,2,0,2,0,2,0,0,0,0,2,2,2,2,0,0,2,2
17,-5873.961,-1105.322,175.201,124.406,-0.564916,-0.825055,-0.012446,0.824958,-0.565045,0.012951,-0.017718,-0.002951,0.999839,0,0.75307,0.17470,45.184,0.349,-1,400.000,-1,400.000,-1,325.000,325.000,300.000,300.000,-1,-1,-1,-1,800.000,775.000,-1,-1,2,0,2,0,2,0,0,0,0,2,2,2,2,0,0,2,2
18,-5899.563,-1068.091,174.464,124.515,-0.566477,-0.823972,-0.013168,0.823882,-0.566618,0.012760,-0.017975,-0.003621,0.999832,0,0.75307,0.05470,45.184,0.109,-1,400.000,-1,400.000,-1,325.000,325.000,300.000,300.000,-1,-1,-1,-1,800.000,775.000,-1,-1,2,0,2,0,2,0,0,0,0,2,2,2,2,0,0,2,2
19,-5925.081,-1030.802,173.717,124.384,-0.564585,-0.825260,-0.013786,0.825175,-0.564737,0.012581,-0.018168,-0.004273,0.999826,0,0.75307,-0.06530,45.184,-0.131,-1,400.000,-1,400.000,-1,325.000,325.000,300.000,300.000,-1,-1,-1,-1,800.000,775.000,-1,-1,2,0,2,0,2,0,0,0,0,2,2,2,2,0,0,2,2
20,-5950.357,-993.349,172.945,124.014,-0.559222,-0.828893,-0.014398,0.828815,-0.559386,0.012412,-0.018342,-0.004992,0.999819,0,0.75307,-0.18530,45.184,-0.371,-1,400.000,-1,400.000,-1,325.000,325.000,300.000,300.000,-1,-1,-1,-1,800.000,775.000,-1,-1,2,0,2,0,2,0,0,0,0,2,2,2,2,0,0,2,2
21,-5975.232,-955.628,172.109,123.403,-0.550348,-0.834804,-0.014831,0.834733,-0.550518,0.012226,-0.018371,-0.005652,0.999815,0,0.75307,-0.30530,45.184,-0.611,-1,400.000,-1,400.000,-1,325.000,325.000,300.000,300.000,-1,-1,-1,-1,800.000,775.000,-1,-1,2,0,2,0,2,0,0,0,0,2,2,2,2,0,0,2,2
22,-5999.545,-917.542,171.237,122.553,-0.537885,-0.842881,-0.015203,0.842819,-0.538063,0.012016,-0.018308,-0.006350,0.999812,0,0.75307,-0.42530,45.184,-0.851,-1,400.000,-1,400.000,-1,325.000,325.000,300.000,300.000,-1,-1,-1,-1,825.000,775.000,-1,-1,2,0,2,0,2,0,0,0,0,2,2,2,2,0,0,2,2
23,-6023.244,-879.072,170.337,121.635,-0.524308,-0.851386,-0.015580,0.851334,-0.524492,0.011785,-0.018206,-0.007085,0.999809,0,0.75307,-0.45884,45.184,-0.918,-1,400.000,-1,400.000,-1,325.000,325.000,300.000,300.000,-1,-1,-1,-1,825.000,775.000,-1,-1,2,0,2,0,2,0,0,0,0,2,2,2,2,0,0,2,2
24,-6046.325,-840.227,169.408,120.717,-0.510596,-0.859672,-0.015962,0.859631,-0.510786,0.011535,-0.018070,-0.007831,0.999806,0,0.75307,-0.45884,45.184,-0.918,-1,400.000,-1,400.000,-1,325.000,325.000,300.000,300.000,-1,-1,-1,-1,825.000,775.000,-1,-1,2,0,2,0,2,0,0,0,0,2,2,2,2,0,0,2,2
25,-6068.780,-801.017,168.586,119.800,-0.496740,-0.867734,-0.016972,0.867707,-0.496947,0.011361,-0.018292,-0.009083,0.999791,0,0.75307,-0.45884,45.184,-0.918,-1,400.000,-1,400.000,-1,325.000,325.000,300.000,300.000,-1,-1,-1,-1,825.000,775.000,-1,-1,2,0,2,0,2,0,0,0,0,2,2,2,2,0,0,2,2
26,-6090.605,-761.453,167.766,118.882,-0.482752,-0.875570,-0.018119,0.875560,-0.482979,0.011207,-0.018564,-0.010454,0.999773,0,0.75307,-0.45884,45.184,-0.918,-1,400.000,-1,400.000,-1,325.000,325.000,300.000,300.000,-1,-1,-1,-1,800.000,775.000,-1,-1,2,0,2,0,2,0,0,0,0,2,2,2,2,0,0,2,2
27,-6111.793,-721.544,166.907,117.964,-0.468641,-0.883179,-0.019235,0.883188,-0.468887,0.011100,-0.018823,-0.011786,0.999753,0,0.75307,-0.45884,45.184,-0.918,-1,400.000,-1,400.000,-1,325.000,325.000,300.000,300.000,-1,-1,-1,-1,800.000,775.000,-1,-1,2,0,2,0,2,0,0,0,0,2,2,2,2,0,0,2,2
28,-6132.339,-681.301,165.983,117.047,-0.454409,-0.890563,-0.020264,0.890587,-0.454675,0.011158,-0.019151,-0.012976,0.999732,0,0.75307,-0.45884,45.184,-0.918,-1,400.000,-1,400.000,-1,325.000,325.000,300.000,300.000,-1,-1,-1,-1,800.000,775.000,-1,-1,2,0,2,0,2,0,0,0,0,2,2,2,2,0,0,2,2
29,-6152.238,-640.735,165.009,116.129,-0.440061,-0.897714,-0.021347,0.897760,-0.440346,0.011061,-0.019330,-0.014297,0.999711,0,0.75307,-0.45884,45.184,-0.918,-1,400.000,-1,400.000,-1,325.000,325.000,300.000,300.000,-1,-1,-1,-1,800.000,775.000,-1,-1,2,0,2,0,2,0,0,0,0,2,2,2,2,0,0,2,2
30,-6171.485,-599.854,164.016,115.211,-0.425600,-0.904634,-0.022421,0.904702,-0.425903,0.010956,-0.019460,-0.015622,0.999689,0,0.75307,-0.45884,45.184,-0.918,-1,400.000,-1,400.000,-1,325.000,325.000,300.000,300.000,-1,-1,-1,-1,800.000,800.000,-1,-1,2,0,2,0,2,0,0,0,0,2,2,2,2,0,0,2,2
31,-6190.075,-558.671,163.080,114.293,-0.411030,-0.911324,-0.023317,0.911407,-0.411353,0.011175,-0.019776,-0.016658,0.999666,0,0.75307,-0.45884,45.184,-0.918,-1,400.000,-1,400.000,-1,325.000,325.000,300.000,300.000,-1,-1,-1,-1,800.000,800.000,-1,-1,2,0,2,0,2,0,0,0,0,2,2,2,2,0,0,2,2
32,-6208.008,-517.184,162.192,113.376,-0.396361,-0.917780,-0.024039,0.917871,-0.396707,0.011672,-0.020249,-0.017438,0.999643,0,0.75329,-0.45863,45.197,-0.917,-1,400.000,-1,400.000,-1,325.000,325.000,300.000,300.000,-1,-1,-1,-1,800.000,775.000,-1,-1,2,0,2,0,2,0,0,0,0,2,2,2,2,0,0,2,2
33,-6225.316,-475.320,161.290,112.463,-0.381651,-0.923976,-0.024732,0.924075,-0.382017,0.012159,-0.020683,-0.018214,0.999620,0,0.75500,-0.45679,45.300,-0.914,-1,400.000,-1,400.000,-1,325.000,325.000,300.000,300.000,-1,-1,-1,-1,775.000,775.000,-1,-1,2,0,2,0,2,0,0,0,0,2,2,2,2,0,0,2,2
34,-6241.993,-433.100,160.378,111.553,-0.366907,-0.929911,-0.025385,0.930019,-0.367294,0.012630,-0.021068,-0.018974,0.999598,0,0.75657,-0.45486,45.394,-0.910,-1,400.000,-1,400.000,-1,325.000,325.000,300.000,300.000,-1,-1,-1,-1,775.000,775.000,-1,-1,2,0,2,0,2,0,0,0,0,2,2,2,2,0,0,2,2
35,-6258.029,-390.542,159.457,110.647,-0.352137,-0.935587,-0.025999,0.935704,-0.352544,0.013084,-0.021407,-0.019720,0.999576,0,0.75798,-0.45284,45.479,-0.906,-1,400.000,-1,400.000,-1,325.000,325.000,300.000,300.000,-1,-1,-1,-1,775.000,775.000,-1,-1,2,0,2,0,2,0,0,0,0,2,2,2,2,0,0,2,2
36,-6273.420,-347.666,158.528,109.746,-0.337349,-0.941004,-0.026578,0.941129,-0.337776,0.013518,-0.021698,-0.020453,0.999555,0,0.75924,-0.45073,45.554,-0.901,-1,400.000,-1,400.000,-1,325.000,325.000,300.000,300.000,-1,-1,-1,-1,775.000,775.000,-1,-1,2,0,2,0,2,0,0,0,0,2,2,2,2,0,0,2,2
37,-6288.158,-304.493,157.593,108.849,-0.322552,-0.946163,-0.027122,0.946297,-0.322997,0.013933,-0.021943,-0.021172,0.999535,0,0.76032,-0.44855,45.619,-0.897,-1,400.000,-1,400.000,-1,325.000,325.000,300.000,300.000,-1,-1,-1,-1,775.000,775.000,-1,-1,2,0,2,0,2,0,0,0,0,2,2,2,2,0,0,2,2
38,-6302.239,-261.044,156.653,107.956,-0.307751,-0.951065,-0.027635,0.951209,-0.308214,0.014325,-0.022141,-0.021878,0.999515,0,0.76124,-0.44629,45.674,-0.893,-1,400.000,-1,400.000,-1,325.000,325.000,300.000,300.000,-1,-1,-1,-1,775.000,775.000,-1,-1,2,0,2,0,2,0,0,0,0,2,2,2,2,0,0,2,2
39,-6315.658,-217.339,155.709,107.068,-0.292955,-0.955713,-0.028118,0.955866,-0.293434,0.014694,-0.022294,-0.022573,0.999497,0,0.76197,-0.44397,45.718,-0.888,-1,400.000,-1,400.000,-1,325.000,325.000,300.000,300.000,-1,-1,-1,-1,775.000,775.000,-1,-1,2,0,2,0,2,0,0,0,0,2,2,2,2,0,0,2,2
40,-6328.412,-173.400,154.764,106.185,-0.278168,-0.960107,-0.028575,0.960271,-0.278663,0.015039,-0.022402,-0.023256,0.999479,0,0.76254,-0.44159,45.752,-0.883,-1,400.000,-1,400.000,-1,325.000,325.000,300.000,300.000,-1,-1,-1,-1,775.000,775.000,-1,-1,2,0,2,0,2,0,0,0,0,2,2,2,2,0,0,2,2
41,-6340.496,-129.249,153.817,105.307,-0.263399,-0.964251,-0.029007,0.964425,-0.263908,0.015359,-0.022465,-0.023929,0.999461,0,0.76292,-0.43918,45.775,-0.878,-1,400.000,-1,400.000,-1,325.000,325.000,300.000,300.000,-1,-1,-1,-1,775.000,775.000,-1,-1,2,0,2,0,2,0,0,0,0,2,2,2,2,0,0,2,2
42,-6351.908,-84.906,152.872,104.433,-0.248651,-0.968146,-0.029417,0.968332,-0.249174,0.015654,-0.022485,-0.024593,0.999445,0,0.76313,-0.43674,45.788,-0.873,-1,400.000,-1,400.000,-1,325.000,325.000,300.000,300.000,-1,-1,-1,-1,750.000,775.000,-1,-1,2,0,2,0,2,0,0,0,0,2,2,2,2,0,0,2,2
43,-6362.648,-40.394,151.876,103.565,-0.233938,-0.971801,-0.029592,0.971995,-0.234467,0.015861,-0.022352,-0.025053,0.999436,0,0.76316,-0.43428,45.789,-0.869,-1,400.000,-1,400.000,-1,325.000,325.000,300.000,300.000,-1,-1,-1,-1,750.000,775.000,-1,-1,2,0,2,0,2,0,0,0,0,2,2,2,2,0,0,2,2
44,-6372.714,4.267,150.826,102.701,-0.219256,-0.975219,-0.029571,0.975412,-0.219792,0.016228,-0.022326,-0.025286,0.999431,0,0.76302,-0.43182,45.781,-0.864,-1,400.000,-1,400.000,-1,325.000,325.000,300.000,300.000,-1,-1,-1,-1,750.000,775.000,-1,-1,2,0,2,0,2,0,0,0,0,2,2,2,2,0,0,2,2
45,-6382.882,53.815,149.684,101.597,-0.200425,-0.979263,-0.029556,0.979458,-0.200966,0.016574,-0.022170,-0.025627,0.999426,0,0.84302,-0.55182,50.581,-1.104,-1,400.000,-1,400.000,-1,325.000,325.000,300.000,300.000,-1,-1,-1,-1,750.000,775.000,-1,-1,2,0,2,0,2,0,0,0,0,2,2,2,2,0,0,2,2
46,-6391.964,104.018,148.560,100.254,-0.177403,-0.983694,-0.029553,0.983896,-0.177946,0.016857,-0.021841,-0.026086,0.999421,0,0.85029,-0.67182,51.017,-1.344,-1,400.000,-1,400.000,-1,325.000,325.000,300.000,300.000,-1,-1,-1,-1,750.000,775.000,-1,-1,2,0,2,0,2,0,0,0,0,2,2,2,2,0,0,2,2
47,-6399.646,154.399,147.476,98.670,-0.150147,-0.988222,-0.029553,0.988434,-0.150690,0.017078,-0.021330,-0.026646,0.999417,0,0.84939,-0.79182,50.963,-1.584,-1,400.000,-1,400.000,-1,325.000,325.000,300.000,300.000,-1,-1,-1,-1,750.000,775.000,-1,-1,2,0,2,0,2,0,0,0,0,2,2,2,2,0,0,2,2
48,-6405.713,204.927,146.438,96.846,-0.118623,-0.992499,-0.029563,0.992725,-0.119163,0.017239,-0.020632,-0.027303,0.999414,0,0.84818,-0.91182,50.891,-1.824,-1,400.000,-1,400.000,-1,325.000,325.000,300.000,300.000,-1,-1,-1,-1,750.000,750.000,-1,-1,2,0,2,0,2,0,0,0,0,2,2,2,2,0,0,2,2
49,-6410.068,255.540,145.450,94.918,-0.085158,-0.995928,-0.029591,0.996170,-0.085695,0.017356,-0.019822,-0.028000,0.999411,0,0.84667,-0.96424,50.800,-1.928,-1,400.000,-1,400.000,-1,325.000,325.000,300.000,300.000,-1,-1,-1,-1,750.000,750.000,-1,-1,2,0,2,0,2,0,0,0,0,2,2,2,2,0,0,2,2
50,-6412.714,306.169,144.510,92.991,-0.051621,-0.998227,-0.029640,0.998487,-0.052152,0.017449,-0.018964,-0.028694,0.999408,0,0.84497,-0.96360,50.698,-1.927,-1,400.000,-1,400.000,-1,325.000,325.000,300.000,300.000,-1,-1,-1,-1,750.000,750.000,-1,-1,2,0,2,0,2,0,0,0,0,2,2,2,2,0,0,2,2
51,-6413.653,356.750,143.621,91.064,-0.018039,-0.999396,-0.029715,0.999674,-0.018565,0.017525,-0.018066,-0.029389,0.999405,0,0.84316,-0.96325,50.590,-1.927,-1,400.000,-1,400.000,-1,325.000,325.000,300.000,300.000,-1,-1,-1,-1,750.000,750.000,-1,-1,2,0,2,0,2,0,0,0,0,2,2,2,2,0,0,2,2
52,-6412.894,407.224,142.783,89.138,0.015560,-0.999434,-0.029819,0.999732,0.015040,0.017592,-0.017134,-0.030085,0.999400,0,0.84131,-0.96318,50.479,-1.926,-1,400.000,-1,400.000,-1,325.000,325.000,300.000,300.000,-1,-1,-1,-1,750.000,750.000,-1,-1,2,0,2,0,2,0,0,0,0,2,2,2,2,0,0,2,2
53,-6410.863,452.858,142.066,87.451,0.044959,-0.998540,-0.029937,0.998856,0.044444,0.017658,-0.016302,-0.030697,0.999396,0,0.76131,-0.84318,45.679,-1.686,-1,400.000,-1,400.000,-1,325.000,325.000,300.000,300.000,-1,-1,-1,-1,725.000,750.000,-1,-1,2,0,2,0,2,0,0,0,0,2,2,2,2,0,0,2,2
54,-6407.717,497.907,141.392,86.005,0.070145,-0.997083,-0.030072,0.997415,0.069633,0.017750,-0.015605,-0.031239,0.999390,0,0.75265,-0.72318,45.159,-1.446,-1,400.000,-1,400.000,-1,325.000,325.000,300.000,300.000,-1,-1,-1,-1,725.000,750.000,-1,-1,2,0,2,0,2,0,0,0,0,2,2,2,2,0,0,2,2
55,-6403.631,542.798,140.750,84.799,0.091119,-0.995381,-0.030219,0.995726,0.090608,0.017875,-0.015055,-0.031719,0.999383,0,0.75127,-0.60318,45.076,-1.206,-1,400.000,-1,400.000,-1,325.000,325.000,300.000,300.000,-1,-1,-1,-1,725.000,750.000,-1,-1,2,0,2,0,2,0,0,0,0,2,2,2,2,0,0,2,2
56,-6398.796,587.544,140.136,83.832,0.107894,-0.993698,-0.030377,0.994054,0.107381,0.018035,-0.014660,-0.032143,0.999376,0,0.75011,-0.48318,45.006,-0.966,-1,375.000,-1,400.000,-1,325.000,325.000,300.000,300.000,-1,-1,-1,-1,725.000,750.000,-1,-1,2,0,2,0,2,0,0,0,0,2,2,2,2,0,0,2,2
57,-6393.401,632.169,139.549,83.106,0.120484,-0.992246,-0.030522,0.992611,0.119968,0.018203,-0.014400,-0.032490,0.999368,0,0.74917,-0.36318,44.950,-0.726,-1,375.000,-1,400.000,-1,325.000,325.000,300.000,300.000,-1,-1,-1,-1,725.000,750.000,-1,-1,2,0,2,0,2,0,0,0,0,2,2,2,2,0,0,2,2
58,-6387.632,676.705,139.067,82.620,0.128892,-0.991194,-0.030353,0.991560,0.128387,0.018059,-0.014003,-0.032424,0.999376,0,0.74846,-0.24318,44.907,-0.486,-1,375.000,-1,400.000,-1,325.000,325.000,300.000,300.000,-1,-1,-1,-1,725.000,750.000,-1,-1,2,0,2,0,2,0,0,0,0,2,2,2,2,0,0,2,2
59,-6381.604,721.724,138.567,82.373,0.133134,-0.990638,-0.030182,0.991007,0.132648,0.017588,-0.013420,-0.032252,0.999390,0,0.75703,-0.12318,45.422,-0.246,-1,375.000,-1,400.000,-1,325.000,325.000,300.000,300.000,-1,-1,-1,-1,725.000,750.000,-1,-1,2,0,2,0,2,0,0,0,0,2,2,2,2,0,0,2,2
60,-6375.576,766.698,138.096,82.367,0.133227,-0.990627,-0.030146,0.991001,0.132758,0.017067,-0.012905,-0.032148,0.999400,0,0.75627,-0.00318,45.376,-0.006,-1,375.000,-1,400.000,-1,325.000,325.000,300.000,300.000,-1,-1,-1,-1,725.000,750.000,-1,-1,2,0,2,0,2,0,0,0,0,2,2,2,2,0,0,2,2
61,-6369.586,811.638,137.622,82.407,0.132520,-0.990723,-0.030108,0.991102,0.132068,0.016554,-0.012424,-0.032034,0.999410,0,0.75562,0.01998,45.337,0.040,-1,400.000,-1,400.000,-1,325.000,325.000,300.000,300.000,-1,-1,-1,-1,725.000,750.000,-1,-1,2,0,2,0,2,0,0,0,0,2,2,2,2,0,0,2,2
62,-6363.631,856.544,137.143,82.447,0.131817,-0.990818,-0.030069,0.991202,0.131381,0.016045,-0.011947,-0.031919,0.999419,0,0.75499,0.01988,45.299,0.040,-1,400.000,-1,400.000,-1,325.000,325.000,300.000,300.000,-1,-1,-1,-1,725.000,750.000,-1,-1,2,0,2,0,2,0,0,0,0,2,2,2,2,0,0,2,2
63,-6357.712,901.418,136.661,82.486,0.131120,-0.990912,-0.030027,0.991300,0.130701,0.015539,-0.011473,-0.031804,0.999428,0,0.75438,0.01968,45.263,0.039,-1,400.000,-1,400.000,-1,325.000,325.000,300.000,300.000,-1,-1,-1,-1,725.000,750.000,-1,-1,2,0,2,0,2,0,0,0,0,2,2,2,2,0,0,2,2
64,-6351.828,946.260,136.175,82.525,0.130434,-0.991003,-0.029984,0.991396,0.130031,0.015036,-0.011002,-0.031687,0.999437,0,0.75378,0.01938,45.227,0.039,-1,400.000,-1,400.000,-1,325.000,325.000,300.000,300.000,-1,-1,-1,-1,725.000,750.000,-1,-1,2,0,2,0,2,0,0,0,0,2,2,2,2,0,0,2,2
65,-6345.978,991.072,135.685,82.563,0.129762,-0.991093,-0.029938,0.991489,0.129375,0.014537,-0.010535,-0.031569,0.999446,0,0.75321,0.01899,45.192,0.038,-1,400.000,-1,400.000,-1,325.000,325.000,300.000,300.000,-1,-1,-1,-1,725.000,750.000,-1,-1,2,0,2,0,2,0,0,0,0,2,2,2,2,0,0,2,2
66,-6340.162,1035.856,135.192,82.600,0.129106,-0.991180,-0.029889,0.991580,0.128735,0.014042,-0.010070,-0.031451,0.999455,0,0.75266,0.01850,45.160,0.037,-1,400.000,-1,400.000,-1,325.000,325.000,300.000,300.000,-1,-1,-1,-1,725.000,750.000,-1,-1,2,0,2,0,2,0,0,0,0,2,2,2,2,0,0,2,2
67,-6334.377,1080.613,134.694,82.636,0.128471,-0.991264,-0.029839,0.991667,0.128116,0.013549,-0.009608,-0.031331,0.999463,0,0.75216,0.01792,45.129,0.036,-1,375.000,-1,400.000,-1,325.000,325.000,300.000,300.000,-1,-1,-1,-1,725.000,750.000,-1,-1,2,0,2,0,2,0,0,0,0,2,2,2,2,0,0,2,2
68,-6328.623,1125.346,134.193,82.670,0.127859,-0.991345,-0.029787,0.991750,0.127519,0.013060,-0.009149,-0.031211,0.999471,0,0.75169,0.01725,45.101,0.034,-1,375.000,-1,400.000,-1,325.000,325.000,300.000,300.000,-1,-1,-1,-1,725.000,750.000,-1,-1,2,0,2,0,2,0,0,0,0,2,2,2,2,0,0,2,2
69,-6322.614,1171.923,133.668,82.650,0.128200,-0.991302,-0.029735,0.991711,0.127877,0.012552,-0.008640,-0.031097,0.999479,0,0.78273,-0.01031,46.964,-0.021,-1,375.000,-1,400.000,-1,325.000,325.000,300.000,300.000,-1,-1,-1,-1,725.000,750.000,-1,-1,2,0,2,0,2,0,0,0,0,2,2,2,2,0,0,2,2
70,-6316.564,1218.699,133.137,82.630,0.128530,-0.991261,-0.029682,0.991672,0.128223,0.012046,-0.008135,-0.030983,0.999487,0,0.78609,-0.00999,47.166,-0.020,-1,375.000,-1,400.000,-1,325.000,325.000,300.000,300.000,-1,-1,-1,-1,700.000,750.000,-1,-1,2,0,2,0,2,0,0,0,0,2,2,2,2,0,0,2,2
71,-6310.471,1265.674,132.602,82.610,0.128848,-0.991222,-0.029629,0.991635,0.128557,0.011542,-0.007631,-0.030868,0.999494,0,0.78947,-0.00964,47.368,-0.019,-1,375.000,-1,400.000,-1,325.000,325.000,300.000,300.000,-1,-1,-1,-1,700.000,750.000,-1,-1,2,0,2,0,2,0,0,0,0,2,2,2,2,0,0,2,2
72,-6304.337,1312.849,132.245,82.592,0.129149,-0.991206,-0.028826,0.991599,0.128881,0.010983,-0.007171,-0.030002,0.999524,0,0.79286,-0.00927,47.572,-0.019,-1,375.000,-1,375.000,-1,325.000,325.000,300.000,300.000,-1,-1,-1,-1,700.000,750.000,-1,-1,2,0,2,0,2,0,0,0,0,2,2,2,2,1,0,2,2
73,-6298.162,1360.224,132.018,82.574,0.129435,-0.991189,-0.028132,0.991566,0.129191,0.010342,-0.006616,-0.029233,0.999551,0,0.79627,-0.00888,47.776,-0.018,-1,375.000,-1,375.000,-1,325.000,325.000,300.000,300.000,-1,-1,-1,-1,675.000,725.000,-1,-1,2,0,2,0,2,0,0,0,0,2,2,2,2,1,1,2,2
74,-6291.946,1407.800,131.928,82.557,0.129705,-0.991158,-0.027982,0.991535,0.129484,0.009570,-0.005862,-0.028986,0.999563,0,0.79968,-0.00846,47.981,-0.017,-1,375.000,-1,400.000,-1,325.000,325.000,300.000,300.000,-1,-1,-1,-1,650.000,700.000,1000.000,975.000,2,0,2,0,2,0,0,0,0,2,2,2,2,1,1,1,1
75,-6285.691,1455.579,131.832,82.541,0.129960,-0.991129,-0.027826,0.991506,0.129762,0.008796,-0.005107,-0.028733,0.999574,0,0.80311,-0.00801,48.186,-0.016,-1,375.000,-1,400.000,-1,325.000,325.000,300.000,300.000,-1,-1,-1,-1,625.000,675.000,950.000,925.000,2,0,2,0,2,0,0,0,0,2,2,2,2,1,1,1,1
76,-6279.396,1503.560,131.730,82.526,0.130198,-0.991102,-0.027663,0.991478,0.130024,0.008020,-0.004352,-0.028471,0.999585,0,0.80654,-0.00753,48.393,-0.015,-1,375.000,975.000,400.000,-1,325.000,325.000,300.000,300.000,-1,-1,-1,-1,600.000,650.000,875.000,875.000,2,0,1,0,2,0,0,0,0,2,2,2,2,1,1,1,1
77,-6273.062,1551.745,131.622,82.512,0.130419,-0.991078,-0.027493,0.991452,0.130267,0.007243,-0.003597,-0.028203,0.999596,0,0.80999,-0.00701,48.599,-0.014,-1,375.000,925.000,400.000,-1,325.000,325.000,300.000,300.000,-1,-1,-1,-1,575.000,625.000,825.000,825.000,2,0,1,0,2,0,0,0,0,2,2,2,2,1,1,1,1
78,-6266.691,1600.134,131.508,82.499,0.130621,-0.991056,-0.027316,0.991428,0.130492,0.006464,-0.002842,-0.027926,0.999606,0,0.81344,-0.00646,48.807,-0.013,-1,375.000,875.000,400.000,-1,325.000,325.000,300.000,300.000,-1,-1,-1,-1,550.000,600.000,775.000,775.000,2,0,1,0,2,0,0,0,0,2,2,2,2,1,1,1,1
79,-6260.282,1648.728,131.388,82.487,0.130802,-0.991037,-0.027132,0.991406,0.130696,0.005684,-0.002087,-0.027642,0.999616,0,0.81691,-0.00586,49.014,-0.012,-1,375.000,850.000,400.000,-1,325.000,325.000,300.000,300.000,-1,-1,-1,-1,525.000,550.000,725.000,725.000,2,1,1,0,2,0,0,0,0,2,2,2,2,1,1,1,1
80,-6253.838,1697.527,131.262,82.477,0.130962,-0.991021,-0.026940,0.991386,0.130877,0.004902,-0.001332,-0.027350,0.999625,0,0.82038,-0.00522,49.223,-0.010,-1,350.000,800.000,375.000,-1,325.000,325.000,300.000,300.000,-1,-1,-1,-1,500.000,525.000,675.000,675.000,2,1,1,1,2,1,1,0,0,2,2,2,2,1,1,1,1
81,-6247.358,1746.532,131.129,82.468,0.131098,-0.991009,-0.026741,0.991369,0.131035,0.004117,-0.000576,-0.027050,0.999634,0,0.82386,-0.00453,49.431,-0.009,-1,325.000,750.000,350.000,-1,300.000,300.000,300.000,300.000,-1,-1,1000.000,-1,475.000,500.000,600.000,625.000,2,1,1,1,2,1,1,0,0,2,2,0,2,1,1,1,1
82,-6240.844,1795.743,130.990,82.460,0.131209,-0.991000,-0.026534,0.991355,0.131167,0.003331,0.000179,-0.026742,0.999642,0,0.82734,-0.00378,49.640,-0.008,-1,325.000,700.000,325.000,-1,275.000,275.000,300.000,300.000,-1,1000.000,975.000,-1,450.000,475.000,550.000,575.000,2,1,1,1,2,1,1,0,0,2,0,0,2,1,1,1,1
83,-6234.298,1845.161,130.844,82.454,0.131291,-0.990994,-0.026319,0.991343,0.131270,0.002544,0.000934,-0.026425,0.999650,0,0.83083,-0.00296,49.850,-0.006,1000.000,300.000,650.000,325.000,600.000,250.000,275.000,300.000,300.000,-1,975.000,950.000,-1,425.000,450.000,500.000,500.000,1,1,1,1,1,1,1,0,0,2,0,0,2,1,1,1,1
84,-6227.721,1894.786,130.692,82.450,0.131343,-0.990993,-0.026096,0.991335,0.131343,0.001754,0.001689,-0.026100,0.999658,0,0.83432,-0.00206,50.059,-0.004,925.000,275.000,600.000,300.000,550.000,250.000,250.000,300.000,300.000,-1,950.000,925.000,-1,375.000,400.000,450.000,450.000,1,1,1,1,1,1,1,0,0,2,0,0,2,1,1,1,1
85,-6220.951,1944.244,130.911,82.206,0.135529,-0.990471,-0.024466,0.990768,0.135570,-0.000018,0.003335,-0.024237,0.999701,0,0.83199,-0.12206,49.919,-0.244,825.000,250.000,575.000,275.000,475.000,225.000,225.000,300.000,300.000,-1,925.000,875.000,-1,350.000,375.000,400.000,400.000,1,1,1,1,1,1,1,0,0,2,0,0,2,1,1,1,1
86,-6213.826,1993.858,133.173,81.832,0.141920,-0.989757,-0.015485,0.989815,0.142070,-0.009073,0.011180,-0.014040,0.999839,0,0.83539,-0.18729,50.123,-0.375,850.000,250.000,550.000,250.000,450.000,200.000,225.000,325.000,300.000,-1,700.000,600.000,-1,350.000,375.000,400.000,375.000,1,1,1,1,1,1,1,0,0,2,0,0,2,1,1,1,1
87,-6206.353,2043.625,137.745,81.461,0.148152,-0.988847,-0.015280,0.988645,0.148479,-0.023114,0.025125,-0.011683,0.999616,0,0.83873,-0.18545,50.324,-0.371,900.000,250.000,575.000,250.000,450.000,200.000,225.000,350.000,300.000,-1,425.000,375.000,-1,350.000,375.000,425.000,375.000,1,1,1,1,1,1,1,0,0,2,0,0,2,1,1,1,1
88,-6198.531,2093.538,143.364,81.094,0.154161,-0.987867,-0.018794,0.987145,0.154805,-0.039753,0.042181,-0.012424,0.999033,0,0.84201,-0.18340,50.521,-0.367,975.000,250.000,750.000,275.000,525.000,200.000,225.000,350.000,325.000,-1,300.000,250.000,-1,350.000,400.000,475.000,425.000,1,1,1,1,1,1,1,0,0,2,0,0,2,1,1,1,1
89,-6190.362,2143.592,149.080,80.732,0.160028,-0.986865,-0.022089,0.985317,0.161046,-0.056696,0.059508,-0.012691,0.998147,0,0.84524,-0.18109,50.714,-0.362,-1,250.000,950.000,275.000,-1,225.000,225.000,375.000,350.000,-1,225.000,200.000,-1,350.000,400.000,525.000,450.000,2,1,1,1,2,1,1,0,0,2,0,0,2,1,1,1,1
90,-6181.850,2193.781,154.896,80.375,0.165760,-0.985846,-0.025142,0.983148,0.167192,-0.073945,0.077102,-0.012461,0.996945,0,0.84838,-0.17849,50.903,-0.357,-1,250.000,-1,275.000,-1,225.000,225.000,400.000,350.000,-1,175.000,150.000,950.000,375.000,425.000,-1,525.000,2,1,2,1,2,1,1,1,0,2,0,0,0,1,1,2,1
91,-6172.998,2244.096,160.815,80.024,0.171365,-0.984812,-0.027933,0.980621,0.173231,-0.091504,0.094953,-0.011711,0.995413,0,0.85140,-0.17555,51.084,-0.351,-1,250.000,-1,300.000,-1,225.000,250.000,400.000,375.000,-1,150.000,125.000,825.000,375.000,475.000,-1,600.000,2,1,2,1,2,1,1,1,0,2,0,0,0,1,1,2,1
92,6887.371,-8855.077,120.506,-84.471,0.096059,0.988759,0.114581,-0.995373,0.095705,0.008597,-0.002465,-0.114877,0.993377,1,0.00000,0.00000,51.257,-0.344,100.000,325.000,-1,525.000,-1,300.000,350.000,125.000,525.000,-1,375.000,0.000,200.000,525.000,-1,150.000,-1,0,0,2,0,2,0,0,0,1,2,1,1,1,0,2,0,2
93,7545.837,-4923.516,140.642,-56.979,0.545006,0.838417,-0.004992,-0.838392,0.544913,-0.013009,-0.008187,0.011275,0.999903,1,0.08000,0.12000,4.800,0.240,500.000,375.000,-1,375.000,-1,300.000,300.000,300.000,300.000,-1,675.000,825.000,-1,575.000,650.000,525.000,-1,1,0,2,0,2,0,0,0,0,2,0,0,2,1,0,1,2
94,7551.135,-4931.521,140.562,-56.499,0.552008,0.833823,-0.005178,-0.833804,0.551917,-0.012615,-0.007661,0.011282,0.999907,0,0.16000,0.24000,9.600,0.480,500.000,375.000,-1,375.000,-1,300.000,300.000,300.000,300.000,-1,675.000,825.000,-1,575.000,650.000,525.000,-1,1,0,2,0,2,0,0,0,0,2,0,0,2,1,0,1,2
95,7559.234,-4943.428,140.445,-55.779,0.562438,0.826821,-0.005469,-0.826811,0.562351,-0.012030,-0.006871,0.011288,0.999913,0,0.24000,0.36000,14.400,0.720,475.000,375.000,-1,375.000,-1,300.000,300.000,300.000,300.000,-1,675.000,800.000,-1,550.000,650.000,500.000,-1,1,0,2,0,2,0,0,0,0,2,0,0,2,1,0,1,2
96,7570.296,-4959.121,140.289,-54.819,0.576206,0.817283,-0.005883,-0.817284,0.576125,-0.011280,-0.005830,0.011307,0.999919,0,0.32000,0.48000,19.200,0.960,475.000,375.000,975.000,375.000,-1,300.000,300.000,300.000,300.000,-1,650.000,800.000,-1,550.000,650.000,500.000,-1,1,0,1,0,2,0,0,0,0,2,0,0,2,1,0,1,2
97,7584.532,-4978.443,140.100,-53.619,0.593188,0.805038,-0.006430,-0.805051,0.593115,-0.010358,-0.004525,0.011321,0.999926,0,0.40000,0.60000,24.000,1.200,450.000,375.000,925.000,375.000,-1,300.000,300.000,300.000,300.000,-1,650.000,775.000,-1,525.000,650.000,475.000,-1,1,0,1,0,2,0,0,0,0,2,0,0,2,1,0,1,2
98,7602.192,-5001.193,139.884,-52.179,0.613221,0.789879,-0.007129,-0.789906,0.613158,-0.009267,-0.002949,0.011314,0.999932,0,0.48000,0.72000,28.800,1.440,425.000,375.000,875.000,375.000,-1,300.000,300.000,300.000,300.000,-1,650.000,775.000,-1,500.000,650.000,450.000,-1,1,0,1,0,2,0,0,0,0,2,0,0,2,1,0,1,2
99,7623.565,-5027.119,139.771,-50.499,0.636104,0.771568,-0.007423,-0.771602,0.636055,-0.008010,-0.001458,0.010823,0.999940,0,0.56000,0.84000,33.600,1.680,400.000,375.000,800.000,375.000,-1,300.000,300.000,300.000,300.000,-1,650.000,775.000,-1,475.000,650.000,425.000,-1,1,0,1,0,2,0,0,0,0,2,0,0,2,1,0,1,2
100,7648.969,-5055.914,139.837,-48.579,0.661589,0.749834,-0.007005,-0.749866,0.661557,-0.006527,-0.000260,0.009571,0.999954,0,0.64000,0.96000,38.400,1.920,375.000,375.000,725.000,375.000,-1,300.000,300.000,300.000,300.000,-1,675.000,825.000,-1,425.000,650.000,375.000,-1,1,1,1,0,2,0,0,0,0,2,0,0,2,1,0,1,2
101,7678.663,-5087.291,139.939,-46.579,0.687348,0.726298,-0.006663,-0.726328,0.687332,-0.004792,0.001099,0.008133,0.999966,0,0.72000,1.00000,43.200,2.000,350.000,325.000,650.000,375.000,-1,300.000,300.000,300.000,300.000,-1,675.000,875.000,-1,400.000,675.000,350.000,-1,1,1,1,0,2,0,0,0,0,2,0,0,2,1,0,1,2
102,7712.852,-5120.982,140.086,-44.579,0.712270,0.701877,-0.006437,-0.701901,0.712269,-0.002801,0.002619,0.006513,0.999975,0,0.80000,1.00000,48.000,2.000,300.000,300.000,575.000,375.000,-1,300.000,300.000,300.000,300.000,-1,675.000,875.000,-1,375.000,675.000,300.000,-1,1,1,1,0,2,0,0,0,0,2,0,0,2,1,0,1,2
103,7751.105,-5156.131,140.283,-42.579,0.736325,0.676598,-0.006345,-0.676614,0.736338,-0.000589,0.004273,0.004727,0.999980,0,0.86581,1.00000,51.949,2.000,275.000,275.000,500.000,375.000,-1,275.000,300.000,300.000,300.000,-1,675.000,875.000,-1,325.000,625.000,250.000,875.000,1,1,1,0,2,1,0,0,0,2,0,0,2,1,1,1,1
104,7790.732,-5190.070,141.622,-40.579,0.759431,0.650479,-0.011896,-0.650517,0.759491,0.000802,0.009557,0.007129,0.999929,0,0.86957,1.00000,52.174,2.000,250.000,250.000,450.000,375.000,-1,250.000,325.000,325.000,300.000,-1,550.000,675.000,-1,300.000,525.000,225.000,750.000,1,1,1,0,2,1,1,0,0,2,0,0,2,1,1,1,1
105,7831.700,-5222.746,145.346,-38.579,0.781287,0.623483,-0.029314,-0.623764,0.781612,-0.000599,0.022539,0.018753,0.999570,0,0.87339,1.00000,52.403,2.000,225.000,225.000,400.000,375.000,-1,225.000,275.000,350.000,300.000,-1,400.000,425.000,-1,275.000,450.000,225.000,650.000,1,1,1,1,2,1,1,0,0,2,0,0,2,1,1,1,1
106,7873.973,-5254.110,149.512,-36.579,0.801786,0.595623,-0.048701,-0.596474,0.802623,-0.003783,0.036836,0.032082,0.998806,0,0.87727,1.00000,52.636,2.000,225.000,200.000,350.000,325.000,875.000,200.000,250.000,400.000,275.000,-1,325.000,300.000,-1,250.000,400.000,200.000,550.000,1,1,1,1,1,1,1,0,0,2,0,0,2,1,1,1,1
107,7917.513,-5284.109,154.080,-34.579,0.820819,0.566914,-0.069740,-0.568788,0.822436,-0.008917,0.052302,0.046986,0.997525,0,0.88122,1.00000,52.873,2.000,225.000,175.000,300.000,275.000,650.000,175.000,225.000,425.000,275.000,-1,275.000,175.000,-1,225.000,325.000,200.000,475.000,1,1,1,1,1,1,1,0,0,2,0,0,2,1,1,1,1
108,7962.279,-5312.696,159.004,-32.579,0.838295,0.537380,-0.092112,-0.540860,0.840958,-0.016140,0.068789,0.063350,0.995618,0,0.88521,1.00000,53.113,2.000,225.000,175.000,250.000,225.000,525.000,150.000,175.000,475.000,275.000,-1,225.000,100.000,725.000,200.000,275.000,175.000,375.000,1,1,1,1,1,1,1,0,0,2,0,0,0,1,1,1,1
109,8008.229,-5339.820,164.475,-30.579,0.854198,0.507013,-0.115251,-0.512899,0.858032,-0.026751,0.085326,0.081963,0.992976,0,0.88926,1.00000,53.356,2.000,225.000,150.000,225.000,175.000,400.000,125.000,150.000,550.000,250.000,-1,200.000,75.000,525.000,175.000,225.000,175.000,300.000,1,1,1,1,1,1,1,0,0,2,0,0,0,1,1,1,1
110,9511.152,2295.775,180.839,-66.497,0.422945,0.901408,-0.092636,-0.888057,0.391996,-0.240195,-0.180201,0.183855,0.966294,1,0.00000,0.00000,53.602,2.000,25.000,150.000,400.000,650.000,-1,150.000,275.000,675.000,325.000,-1,-1,0.000,0.000,175.000,-1,25.000,-1,1,1,1,1,2,1,1,0,1,2,2,1,1,1,2,1,2
111,-2949.350,-5579.613,208.067,-60.777,0.488475,0.872574,-0.002736,-0.872149,0.488134,-0.032886,-0.027360,0.018450,0.999455,1,0.08000,0.12000,4.800,0.240,-1,375.000,-1,400.000,-1,325.000,325.000,300.000,300.000,-1,-1,-1,-1,700.000,725.000,-1,-1,2,0,2,0,2,0,0,0,0,2,2,2,2,0,0,2,2
112,-2944.593,-5587.952,207.816,-60.297,0.495771,0.868449,-0.002833,-0.868029,0.495424,-0.032874,-0.027146,0.018757,0.999455,0,0.16000,0.24000,9.600,0.480,-1,375.000,-1,400.000,-1,325.000,325.000,300.000,300.000,-1,-1,-1,-1,700.000,725.000,-1,-1,2,0,2,0,2,0,0,0,0,2,2,2,2,0,0,2,2
113,-2937.313,-5600.376,207.444,-59.631,0.505826,0.862630,-0.002982,-0.862218,0.505471,-0.032853,-0.026833,0.019189,0.999456,0,0.24000,0.33266,14.400,0.665,-1,375.000,-1,400.000,-1,325.000,325.000,300.000,300.000,-1,-1,-1,-1,700.000,725.000,-1,-1,2,0,2,0,2,0,0,0,0,2,2,2,2,0,0,2,2
114,-2927.415,-5616.828,206.955,-58.967,0.515791,0.856709,-0.003190,-0.856305,0.515426,-0.032822,-0.026475,0.019661,0.999456,0,0.32000,0.33190,19.200,0.664,-1,375.000,-1,400.000,-1,325.000,325.000,300.000,300.000,-1,-1,-1,-1,700.000,725.000,-1,-1,2,0,2,0,2,0,0,0,0,2,2,2,2,0,0,2,2
115,-2914.806,-5637.248,206.354,-58.306,0.525657,0.850689,-0.003459,-0.850297,0.525282,-0.032779,-0.026068,0.020171,0.999457,0,0.40000,0.33092,24.000,0.662,-1,375.000,-1,400.000,-1,325.000,325.000,300.000,300.000,-1,-1,-1,-1,700.000,725.000,-1,-1,2,0,2,0,2,0,0,0,0,2,2,2,2,0,0,2,2
116,-2899.393,-5661.577,205.670,-57.646,0.535416,0.844580,-0.003753,-0.844202,0.535032,-0.032611,-0.025534,0.020629,0.999461,0,0.48000,0.32970,28.800,0.659,-1,375.000,-1,375.000,-1,325.000,325.000,300.000,300.000,-1,-1,-1,-1,700.000,725.000,-1,-1,2,0,2,0,2,0,0,0,0,2,2,2,2,0,0,2,2
117,-2881.088,-5689.753,204.890,-56.990,0.545061,0.838386,-0.004111,-0.838025,0.544668,-0.032407,-0.024930,0.021109,0.999466,0,0.56000,0.32823,33.600,0.656,-1,375.000,-1,375.000,-1,325.000,325.000,300.000,300.000,-1,-1,-1,-1,700.000,725.000,-1,-1,2,0,2,0,2,0,0,0,0,2,2,2,2,0,0,2,2
118,-2859.803,-5721.714,203.996,-56.337,0.554586,0.832113,-0.004650,-0.831775,0.554181,-0.032159,-0.024183,0.021703,0.999472,0,0.64000,0.32653,38.400,0.653,-1,375.000,-1,375.000,-1,325.000,325.000,300.000,300.000,-1,-1,-1,-1,700.000,725.000,-1,-1,2,0,2,0,2,0,0,0,0,2,2,2,2,0,0,2,2
119,-2835.450,-5757.396,202.986,-55.688,0.563984,0.825768,-0.005413,-0.825458,0.563563,-0.031866,-0.023263,0.022440,0.999477,0,0.72000,0.32456,43.200,0.649,-1,375.000,-1,375.000,-1,325.000,325.000,300.000,300.000,-1,-1,-1,-1,700.000,700.000,-1,-1,2,0,2,0,2,0,0,0,0,2,2,2,2,0,0,2,2
120,-2808.401,-5796.088,201.922,-55.043,0.573245,0.819361,-0.006230,-0.819081,0.572809,-0.031544,-0.022277,0.023186,0.999483,0,0.78683,0.32234,47.210,0.645,-1,375.000,-1,375.000,-1,325.000,325.000,300.000,300.000,-1,-1,-1,-1,700.000,700.000,-1,-1,2,0,2,0,2,0,0,0,0,2,2,2,2,0,0,2,2
121,-2780.907,-5834.494,200.921,-54.403,0.582359,0.812901,-0.007001,-0.812654,0.581915,-0.031116,-0.021220,0.023811,0.999491,0,0.78721,0.31991,47.233,0.640,-1,375.000,-1,375.000,-1,325.000,325.000,300.000,300.000,-1,-1,-1,-1,700.000,700.000,-1,-1,2,0,2,0,2,0,0,0,0,2,2,2,2,0,0,2,2
122,-2752.982,-5872.604,200.026,-53.768,0.591325,0.806397,-0.007675,-0.806186,0.590882,-0.030383,-0.019966,0.024154,0.999509,0,0.78744,0.31745,47.246,0.635,-1,375.000,-1,375.000,-1,325.000,300.000,300.000,300.000,-1,-1,-1,-1,700.000,700.000,-1,-1,2,0,2,0,2,0,0,0,0,2,2,2,2,0,0,2,2
123,-2724.638,-5910.408,199.178,-53.138,0.600147,0.799846,-0.008334,-0.799671,0.599707,-0.029620,-0.018694,0.024440,0.999526,0,0.78750,0.31497,47.250,0.630,-1,375.000,-1,375.000,-1,300.000,300.000,300.000,325.000,-1,-1,-1,-1,700.000,700.000,-1,-1,2,0,2,0,2,0,0,0,0,2,2,2,2,0,0,2,2
124,-2695.886,-5947.895,198.399,-52.513,0.608827,0.793251,-0.009089,-0.793113,0.608392,-0.028823,-0.017334,0.024757,0.999543,0,0.78740,0.31249,47.244,0.625,-1,375.000,-1,375.000,-1,300.000,300.000,300.000,325.000,-1,-1,950.000,-1,700.000,700.000,-1,-1,2,0,2,0,2,0,0,0,0,2,2,0,2,0,0,2,2
125,-2666.740,-5985.057,197.698,-51.893,0.617366,0.786613,-0.009993,-0.786516,0.616935,-0.027996,-0.015857,0.025143,0.999558,0,0.78714,0.31003,47.228,0.620,-1,375.000,-1,375.000,-1,300.000,300.000,300.000,325.000,-1,950.000,875.000,-1,700.000,700.000,-1,-1,2,0,2,0,2,0,0,0,0,2,0,0,2,0,0,2,2
126,-2637.212,-6021.885,197.038,-51.278,0.625763,0.779937,-0.010865,-0.779881,0.625340,-0.027124,-0.014361,0.025447,0.999573,0,0.78673,0.30759,47.204,0.615,-1,375.000,-1,375.000,-1,300.000,300.000,300.000,325.000,-1,875.000,825.000,-1,700.000,700.000,-1,-1,2,0,2,0,2,0,0,0,0,2,0,0,2,0,0,2,2
127,-2607.313,-6058.370,196.425,-50.666,0.634039,0.773213,-0.011713,-0.773195,0.633626,-0.026226,-0.012857,0.025685,0.999587,0,0.78619,0.30582,47.171,0.612,-1,375.000,-1,375.000,-1,300.000,300.000,300.000,325.000,-1,825.000,775.000,-1,700.000,700.000,-1,-1,2,0,2,0,2,0,0,0,0,2,0,0,2,0,0,2,2
128,-2577.054,-6094.504,195.860,-50.057,0.642206,0.766429,-0.012537,-0.766448,0.641808,-0.025310,-0.011352,0.025863,0.999601,0,0.78551,0.30457,47.131,0.609,-1,375.000,-1,375.000,-1,300.000,300.000,300.000,300.000,-1,800.000,725.000,-1,700.000,700.000,-1,-1,2,0,2,0,2,0,0,0,0,2,0,0,2,0,0,2,2
129,-2546.445,-6130.280,195.356,-49.450,0.650271,0.759587,-0.013271,-0.759638,0.649889,-0.024371,-0.009887,0.025929,0.999615,0,0.78471,0.30346,47.083,0.607,-1,375.000,-1,375.000,-1,300.000,300.000,300.000,300.000,-1,750.000,700.000,-1,725.000,700.000,-1,-1,2,0,2,0,2,0,0,0,0,2,0,0,2,0,0,2,2
130,-2515.496,-6165.688,194.927,-48.845,0.658236,0.752683,-0.013898,-0.752764,0.657874,-0.023408,-0.008475,0.025870,0.999629,0,0.78380,0.30250,47.028,0.605,-1,375.000,-1,375.000,-1,300.000,300.000,300.000,300.000,-1,725.000,675.000,-1,725.000,700.000,-1,-1,2,0,2,0,2,0,0,0,0,2,0,0,2,0,0,2,2
131,-2484.217,-6200.724,194.618,-48.242,0.666104,0.745710,-0.014917,-0.745828,0.665761,-0.022443,-0.006805,0.026075,0.999637,0,0.78279,0.30169,46.968,0.603,-1,375.000,-1,375.000,-1,325.000,300.000,300.000,300.000,-1,700.000,650.000,-1,725.000,700.000,-1,-1,2,0,2,0,2,0,0,0,0,2,0,0,2,0,0,2,2
132,-2452.614,-6235.381,194.351,-47.640,0.673879,0.738670,-0.015905,-0.738823,0.673557,-0.021463,-0.005141,0.026215,0.999643,0,0.78170,0.30103,46.902,0.602,-1,375.000,-1,375.000,-1,325.000,325.000,300.000,300.000,-1,675.000,625.000,-1,725.000,725.000,-1,-1,2,0,2,0,2,0,0,0,0,2,0,0,2,0,0,2,2
133,-2420.697,-6269.654,194.126,-47.039,0.681566,0.731562,-0.016864,-0.731748,0.681267,-0.020467,-0.003484,0.026290,0.999648,0,0.78055,0.30052,46.833,0.601,-1,375.000,-1,375.000,-1,325.000,325.000,300.000,300.000,-1,650.000,625.000,-1,725.000,725.000,-1,-1,2,0,2,0,2,0,0,0,0,2,0,0,2,0,0,2,2
134,-2388.473,-6303.539,193.961,-46.438,0.689168,0.724385,-0.017699,-0.724599,0.688896,-0.019445,-0.001892,0.026226,0.999654,0,0.77935,0.30017,46.761,0.600,-1,375.000,-1,375.000,-1,325.000,325.000,300.000,300.000,-1,625.000,625.000,-1,750.000,725.000,-1,-1,2,0,2,0,2,0,0,0,0,2,0,0,2,0,0,2,2
135,-2355.946,-6337.032,193.904,-45.838,0.696693,0.717139,-0.018194,-0.717370,0.696450,-0.018373,-0.000504,0.025852,0.999666,0,0.77812,0.29998,46.687,0.600,-1,400.000,-1,375.000,-1,325.000,325.000,300.000,300.000,-1,625.000,625.000,-1,750.000,725.000,-1,-1,2,0,2,0,2,0,0,0,0,2,0,0,2,0,0,2,2
