timestep,x_cm,y_cm,z_cm,yaw_deg,basis_xx,basis_xy,basis_xz,basis_yx,basis_yy,basis_yz,basis_zx,basis_zy,basis_zz,teleport_flag,throttle_cmd,steering_cmd,cmd_move_cm,cmd_turn_deg,lidar_cm_0,lidar_cm_1,lidar_cm_2,lidar_cm_3,lidar_cm_4,lidar_cm_5,lidar_cm_6,lidar_cm_7,lidar_cm_8,lidar_cm_9,lidar_cm_10,lidar_cm_11,lidar_cm_12,lidar_cm_13,lidar_cm_14,lidar_cm_15,lidar_cm_16,lidar_class_0,lidar_class_1,lidar_class_2,lidar_class_3,lidar_class_4,lidar_class_5,lidar_class_6,lidar_class_7,lidar_class_8,lidar_class_9,lidar_class_10,lidar_class_11,lidar_class_12,lidar_class_13,lidar_class_14,lidar_class_15,lidar_class_16
0,2293.988,9515.477,-219.938,111.698,-0.369690,-0.929130,-0.006792,0.929150,-0.369703,0.000774,-0.003230,-0.006024,0.999977,1,0.08000,0.12000,4.800,0.240,-1,375.000,-1,375.000,-1,300.000,325.000,300.000,300.000,-1,925.000,850.000,575.000,675.000,700.000,-1,-1,2,0,2,0,2,0,0,0,0,2,0,0,1,0,0,2,2
1,2290.364,9524.367,-219.988,112.178,-0.377463,-0.926002,-0.006495,0.926020,-0.377475,0.000595,-0.003003,-0.005790,0.999979,0,0.16000,0.24000,9.600,0.480,-1,375.000,-1,375.000,-1,300.000,325.000,300.000,300.000,-1,875.000,800.000,575.000,675.000,700.000,-1,-1,2,0,2,0,2,0,0,0,0,2,0,0,1,0,0,2,2
2,2284.761,9537.632,-220.065,112.898,-0.389073,-0.921187,-0.006040,0.921203,-0.389082,0.000337,-0.002661,-0.005433,0.999982,0,0.24000,0.36000,14.400,0.720,-1,375.000,-1,375.000,-1,300.000,325.000,300.000,300.000,-1,850.000,775.000,575.000,675.000,700.000,-1,-1,2,0,2,0,2,0,0,0,0,2,0,0,1,0,0,2,2
3,2276.995,9555.191,-220.171,113.858,-0.404456,-0.914541,-0.005415,0.914555,-0.404462,0.000012,-0.002201,-0.004948,0.999985,0,0.32000,0.48000,19.200,0.960,-1,375.000,-1,375.000,-1,300.000,325.000,300.000,300.000,-1,800.000,725.000,575.000,675.000,700.000,-1,-1,2,0,2,0,2,0,0,0,0,2,0,0,1,0,0,2,2
4,2266.831,9576.932,-220.307,115.058,-0.423524,-0.905873,-0.004604,0.905883,-0.423527,-0.000362,-0.001622,-0.004324,0.999989,0,0.40000,0.60000,24.000,1.200,-1,375.000,-1,375.000,-1,300.000,325.000,300.000,300.000,-1,750.000,675.000,575.000,675.000,700.000,-1,-1,2,0,2,0,2,0,0,0,0,2,0,0,1,0,0,2,2
5,2253.981,9602.707,-220.474,116.498,-0.446159,-0.894946,-0.003591,0.894953,-0.446160,-0.000760,-0.000922,-0.003553,0.999993,0,0.48000,0.72000,28.800,1.440,-1,375.000,-1,375.000,-1,300.000,325.000,300.000,300.000,-1,700.000,625.000,575.000,675.000,700.000,-1,-1,2,0,2,0,2,0,0,0,0,2,0,0,1,0,0,2,2
6,2238.115,9632.325,-220.677,118.178,-0.472208,-0.881484,-0.002357,0.881487,-0.472207,-0.001150,-0.000099,-0.002620,0.999997,0,0.56000,0.84000,33.600,1.680,-1,375.000,-1,375.000,-1,300.000,300.000,300.000,300.000,-1,650.000,575.000,600.000,675.000,700.000,-1,-1,2,0,2,0,2,0,0,0,0,2,0,0,1,0,0,2,2
7,2218.897,9665.570,-220.742,120.031,-0.500471,-0.865752,-0.001185,0.865752,-0.500468,-0.002254,0.001359,-0.002154,0.999997,0,0.64000,0.92666,38.400,1.853,-1,375.000,-1,375.000,-1,300.000,300.000,300.000,300.000,-1,575.000,525.000,600.000,700.000,700.000,-1,-1,2,0,2,0,2,0,0,0,0,2,0,0,1,0,0,2,2
8,2198.519,9698.324,-220.558,121.888,-0.528269,-0.849076,-0.000959,0.849074,-0.528264,-0.003338,0.002328,-0.002578,0.999994,0,0.64293,0.92865,38.576,1.857,-1,375.000,-1,375.000,-1,300.000,300.000,300.000,300.000,-1,550.000,525.000,600.000,700.000,700.000,-1,-1,2,0,2,0,2,0,0,0,0,2,0,0,1,0,0,2,2
9,2177.132,9730.331,-220.369,123.750,-0.555575,-0.831466,-0.000641,0.831460,-0.555567,-0.004435,0.003332,-0.002997,0.999990,0,0.64158,0.93080,38.495,1.862,-1,375.000,-1,375.000,-1,300.000,300.000,300.000,300.000,-1,550.000,525.000,625.000,700.000,700.000,-1,-1,2,0,2,0,2,0,0,0,0,2,0,0,1,0,0,2,2
10,2154.749,9761.578,-220.170,125.616,-0.582358,-0.812932,-0.000235,0.812920,-0.582348,-0.005558,0.004381,-0.003427,0.999985,0,0.64061,0.93309,38.436,1.866,-1,375.000,-1,375.000,-1,300.000,300.000,300.000,300.000,-1,550.000,525.000,650.000,700.000,700.000,-1,-1,2,0,2,0,2,0,0,0,0,2,0,0,1,0,0,2,2
11,2131.379,9792.047,-219.884,127.487,-0.608592,-0.793483,0.000176,0.793463,-0.608578,-0.007045,0.005697,-0.004148,0.999975,0,0.64000,0.93550,38.400,1.871,-1,375.000,-1,375.000,-1,300.000,300.000,300.000,300.000,-1,525.000,525.000,675.000,700.000,700.000,-1,-1,2,0,2,0,2,0,0,0,0,2,0,0,1,0,0,2,2
12,2107.035,9821.724,-219.606,129.363,-0.634244,-0.773133,0.000721,0.773101,-0.634226,-0.008458,0.006997,-0.004807,0.999964,0,0.63974,0.93802,38.384,1.876,-1,375.000,-1,375.000,-1,300.000,325.000,300.000,300.000,-1,525.000,500.000,725.000,700.000,725.000,-1,-1,2,0,2,0,2,0,0,0,0,2,0,0,1,0,0,2,2
13,2081.726,9850.589,-219.336,131.244,-0.659284,-0.751892,0.001394,0.751848,-0.659264,-0.009786,0.008277,-0.005404,0.999951,0,0.63981,0.94066,38.389,1.881,-1,375.000,-1,375.000,-1,325.000,325.000,300.000,300.000,-1,500.000,500.000,750.000,700.000,725.000,-1,-1,2,0,2,0,2,0,0,0,0,2,0,0,1,0,0,2,2
14,2055.464,9878.622,-219.069,133.131,-0.683682,-0.729776,0.002203,0.729717,-0.683660,-0.011017,0.009546,-0.005925,0.999937,0,0.64021,0.94340,38.412,1.887,-1,375.000,-1,375.000,-1,325.000,325.000,300.000,300.000,-1,500.000,500.000,800.000,700.000,725.000,975.000,-1,2,0,2,0,2,0,0,0,0,2,0,0,1,0,0,1,2
15,2028.262,9905.802,-218.788,135.024,-0.707406,-0.706800,0.003235,0.706724,-0.707386,-0.012128,0.010860,-0.006293,0.999921,0,0.64090,0.94623,38.454,1.892,-1,375.000,-1,375.000,-1,325.000,325.000,300.000,300.000,-1,500.000,500.000,875.000,700.000,725.000,950.000,-1,2,0,2,0,2,0,0,0,0,2,0,0,1,0,0,1,2
16,2000.131,9932.106,-218.493,136.922,-0.730425,-0.682978,0.004381,0.682886,-0.730410,-0.013011,0.012086,-0.006512,0.999906,0,0.64188,0.94915,38.513,1.898,-1,375.000,-1,375.000,-1,325.000,325.000,300.000,300.000,-1,500.000,500.000,950.000,725.000,725.000,950.000,-1,2,0,2,0,2,0,0,0,0,2,0,0,1,0,0,1,2
17,1971.086,9957.509,-218.122,138.826,-0.752708,-0.658330,0.005634,0.658226,-0.752703,-0.013338,0.013022,-0.006331,0.999895,0,0.64312,0.95215,38.587,1.904,-1,375.000,-1,375.000,-1,325.000,325.000,300.000,300.000,-1,500.000,525.000,-1,725.000,725.000,925.000,-1,2,0,2,0,2,0,0,0,0,2,0,0,2,0,0,1,2
18,1941.141,9981.987,-217.761,140.737,-0.774226,-0.632872,0.006936,0.632756,-0.774233,-0.013546,0.013942,-0.006099,0.999884,0,0.64460,0.95523,38.676,1.910,-1,375.000,-1,375.000,-1,325.000,325.000,300.000,300.000,-1,500.000,525.000,-1,725.000,725.000,925.000,-1,2,0,2,0,2,0,0,0,0,2,0,0,2,1,0,1,2
19,1910.314,10005.510,-217.410,142.654,-0.794947,-0.606623,0.008274,0.606497,-0.794969,-0.013631,0.014846,-0.005817,0.999873,0,0.64630,0.95838,38.778,1.917,-1,375.000,-1,375.000,-1,325.000,325.000,300.000,300.000,-1,525.000,525.000,-1,700.000,725.000,925.000,-1,2,0,2,0,2,0,0,0,0,2,0,0,2,1,0,1,2
20,1878.621,10028.053,-216.981,144.577,-0.814847,-0.579602,0.009235,0.579469,-0.814879,-0.013705,0.015469,-0.005817,0.999863,0,0.64820,0.96159,38.892,1.923,-1,375.000,975.000,375.000,-1,325.000,325.000,300.000,300.000,-1,550.000,525.000,-1,675.000,725.000,925.000,-1,2,0,1,0,2,0,0,0,0,2,0,0,2,1,0,1,2
21,1843.065,10051.518,-216.390,146.577,-0.834575,-0.550809,0.009715,0.550669,-0.834608,-0.013874,0.015750,-0.006229,0.999857,0,0.71001,1.00000,42.601,2.000,-1,375.000,900.000,375.000,-1,325.000,325.000,300.000,300.000,-1,575.000,525.000,-1,650.000,725.000,950.000,-1,2,0,1,0,2,0,0,0,0,2,0,0,2,1,0,1,2
22,1806.550,10073.827,-215.796,148.577,-0.853286,-0.521345,0.010158,0.521199,-0.853320,-0.013991,0.015962,-0.006644,0.999851,0,0.71319,1.00000,42.791,2.000,-1,375.000,850.000,375.000,-1,325.000,325.000,300.000,300.000,-1,600.000,550.000,-1,650.000,725.000,975.000,-1,2,0,1,0,2,0,0,0,0,2,0,0,2,1,0,1,2
23,1769.112,10094.943,-215.120,150.577,-0.870957,-0.491244,0.010616,0.491087,-0.870991,-0.014430,0.016335,-0.007355,0.999840,0,0.71637,1.00000,42.982,2.000,-1,375.000,800.000,375.000,-1,325.000,325.000,300.000,300.000,-1,600.000,575.000,-1,625.000,725.000,-1,-1,2,0,1,0,2,0,0,0,0,2,0,0,2,1,0,2,2
24,1730.790,10114.827,-214.347,152.577,-0.887570,-0.460544,0.010877,0.460372,-0.887597,-0.015139,0.016626,-0.008429,0.999826,0,0.71955,1.00000,43.173,2.000,-1,375.000,775.000,375.000,-1,325.000,325.000,300.000,300.000,-1,625.000,600.000,-1,600.000,725.000,-1,950.000,2,0,1,0,2,0,0,0,0,2,0,0,2,1,0,2,1
25,1691.626,10133.442,-213.536,154.577,-0.903104,-0.429282,0.011010,0.429095,-0.903119,-0.015913,0.016774,-0.009647,0.999813,0,0.72271,1.00000,43.363,2.000,-1,375.000,725.000,375.000,-1,325.000,325.000,300.000,300.000,-1,650.000,625.000,-1,600.000,675.000,-1,850.000,2,0,1,0,2,0,0,0,0,2,0,0,2,1,1,2,1
26,1651.666,10150.756,-212.737,156.574,-0.917518,-0.397535,0.011216,0.397334,-0.917523,-0.016662,0.016914,-0.010831,0.999798,0,0.72583,0.99881,43.550,1.998,-1,375.000,675.000,375.000,1000.000,325.000,325.000,300.000,300.000,-1,675.000,650.000,-1,600.000,600.000,-1,775.000,2,1,1,0,1,0,0,0,0,2,0,0,2,1,1,2,1
27,1610.957,10166.736,-211.952,158.568,-0.930791,-0.365370,0.011489,0.365153,-0.930785,-0.017378,0.017043,-0.011980,0.999783,0,0.72889,0.99683,43.733,1.994,-1,375.000,650.000,375.000,875.000,325.000,325.000,300.000,300.000,-1,675.000,700.000,-1,600.000,550.000,-1,675.000,2,1,1,0,1,0,0,0,0,2,0,0,2,1,1,2,1
28,1565.258,10183.079,-211.102,160.322,-0.941533,-0.336711,0.011881,0.336477,-0.941518,-0.018109,0.017284,-0.013053,0.999765,0,0.80889,0.87683,48.533,1.754,-1,375.000,625.000,375.000,750.000,325.000,325.000,300.000,300.000,-1,725.000,725.000,-1,625.000,500.000,-1,600.000,2,1,1,0,1,1,0,0,0,2,0,0,2,1,1,2,1
29,1514.582,10199.705,-210.185,161.835,-0.950094,-0.311719,0.012390,0.311465,-0.950071,-0.018843,0.017645,-0.014043,0.999746,0,0.88889,0.75683,53.333,1.514,-1,375.000,575.000,375.000,650.000,300.000,300.000,300.000,300.000,-1,750.000,750.000,-1,625.000,450.000,-1,525.000,2,1,1,1,1,1,1,0,0,2,0,0,2,1,1,2,1
30,1461.144,10215.932,-209.236,163.109,-0.956781,-0.290520,0.012985,0.290246,-0.956752,-0.019542,0.018101,-0.014928,0.999725,0,0.93079,0.63683,55.848,1.274,1000.000,350.000,525.000,325.000,550.000,275.000,275.000,300.000,300.000,-1,775.000,775.000,-1,625.000,400.000,975.000,450.000,1,1,1,1,1,1,1,0,0,2,0,0,2,1,1,1,1
31,1407.217,10231.250,-208.291,164.143,-0.961858,-0.273210,0.013632,0.272915,-0.961826,-0.020182,0.018626,-0.015692,0.999703,0,0.93434,0.51683,56.060,1.034,950.000,350.000,475.000,275.000,450.000,250.000,250.000,300.000,300.000,-1,800.000,825.000,-1,625.000,350.000,925.000,375.000,1,1,1,1,1,1,1,0,0,2,0,0,2,1,1,1,1
32,1352.882,10245.873,-207.312,164.936,-0.965542,-0.259859,0.014215,0.259547,-0.965511,-0.020602,0.019078,-0.016202,0.999687,0,0.93780,0.39683,56.268,0.794,900.000,325.000,450.000,250.000,375.000,250.000,225.000,300.000,300.000,-1,825.000,850.000,-1,600.000,300.000,875.000,325.000,1,1,1,1,1,1,1,0,0,2,0,0,2,1,1,1,1
33,1298.211,10260.022,-206.339,165.490,-0.968000,-0.250516,0.014754,0.250187,-0.967969,-0.021011,0.019545,-0.016648,0.999670,0,0.94121,0.27683,56.473,0.554,850.000,300.000,400.000,200.000,275.000,225.000,200.000,300.000,300.000,-1,850.000,875.000,-1,550.000,250.000,825.000,250.000,1,1,1,1,1,1,1,0,0,2,0,0,2,1,1,1,1
34,1243.267,10273.922,-205.295,165.804,-0.969352,-0.245211,0.015095,0.244866,-0.969317,-0.021544,0.019915,-0.017187,0.999654,0,0.94457,0.15683,56.674,0.314,800.000,275.000,325.000,175.000,225.000,200.000,175.000,300.000,300.000,-1,900.000,925.000,-1,500.000,200.000,750.000,175.000,1,1,1,1,1,1,1,0,0,2,0,0,2,1,1,1,1
35,1188.109,10287.792,-196.372,165.877,-0.969361,-0.243732,0.030578,0.241799,-0.968706,-0.056048,0.043282,-0.046937,0.997960,0,0.94790,0.03683,56.874,0.074,775.000,300.000,325.000,175.000,200.000,200.000,150.000,300.000,375.000,-1,300.000,450.000,-1,525.000,200.000,750.000,175.000,1,1,1,1,1,1,1,0,0,2,0,0,2,1,1,1,1
36,1132.794,10301.862,-186.385,165.711,-0.968086,-0.246014,0.047817,0.240766,-0.965916,-0.095068,0.069575,-0.080522,0.994322,0,0.95121,-0.08317,57.072,-0.166,750.000,300.000,350.000,175.000,175.000,200.000,150.000,275.000,500.000,675.000,125.000,275.000,-1,525.000,200.000,750.000,150.000,1,1,1,1,1,1,1,0,0,0,0,0,2,1,1,1,1
37,3607.529,5575.342,-162.420,133.800,-0.699413,-0.712437,0.057057,0.709891,-0.683209,0.171117,-0.082928,0.160186,0.983597,1,0.00000,0.00000,57.271,-0.316,-1,400.000,-1,275.000,150.000,300.000,250.000,300.000,225.000,300.000,-1,-1,-1,725.000,400.000,-1,175.000,2,0,2,0,0,0,0,1,0,1,2,2,2,0,0,2,0
38,2291.248,4265.191,-141.576,160.126,-0.940389,-0.339959,-0.009826,0.339908,-0.940436,0.006481,-0.011444,0.002755,0.999931,1,0.08000,0.10650,4.800,0.213,-1,400.000,-1,425.000,-1,325.000,325.000,275.000,250.000,-1,-1,-1,475.000,800.000,850.000,-1,-1,2,0,2,0,2,0,0,0,1,2,2,2,1,0,0,2,2
39,2282.208,4268.421,-141.466,160.339,-0.941639,-0.336454,-0.010719,0.336400,-0.941696,0.006607,-0.012317,0.002615,0.999921,0,0.16000,0.10668,9.600,0.213,-1,400.000,-1,425.000,-1,325.000,325.000,275.000,275.000,-1,-1,-1,475.000,800.000,850.000,-1,-1,2,0,2,0,2,0,0,0,1,2,2,2,1,0,0,2,2
40,2268.630,4273.215,-141.345,160.553,-0.942875,-0.332933,-0.011900,0.332871,-0.942947,0.006946,-0.013533,0.002588,0.999905,0,0.24000,0.10705,14.400,0.214,-1,400.000,-1,425.000,-1,325.000,325.000,275.000,275.000,-1,-1,-1,475.000,775.000,850.000,-1,-1,2,0,2,0,2,0,0,0,1,2,2,2,1,0,0,2,2
41,2250.501,4279.540,-141.234,160.768,-0.944101,-0.329388,-0.013294,0.329313,-0.944191,0.007542,-0.015037,0.002742,0.999883,0,0.32000,0.10763,19.200,0.215,-1,400.000,-1,400.000,-1,325.000,325.000,275.000,275.000,-1,-1,-1,475.000,775.000,825.000,-1,-1,2,0,2,0,2,0,0,0,1,2,2,2,1,0,0,2,2
42,2227.811,4287.359,-141.158,160.985,-0.945319,-0.325812,-0.014812,0.325718,-0.945429,0.008449,-0.016756,0.003162,0.999855,0,0.40000,0.10842,24.000,0.217,-1,400.000,-1,400.000,-1,325.000,325.000,275.000,300.000,-1,-1,-1,500.000,775.000,825.000,-1,-1,2,0,2,0,2,0,0,0,1,2,2,2,1,0,0,2,2
43,2200.546,4296.639,-141.149,161.204,-0.946532,-0.322196,-0.016344,0.322073,-0.946665,0.009733,-0.018608,0.003948,0.999819,0,0.48000,0.10947,28.800,0.219,-1,400.000,-1,400.000,-1,325.000,325.000,275.000,300.000,-1,-1,-1,500.000,775.000,825.000,-1,-1,2,0,2,0,2,0,0,0,1,2,2,2,1,0,0,2,2
44,2168.696,4307.342,-141.241,161.426,-0.947746,-0.318531,-0.017766,0.318367,-0.947898,0.011473,-0.020495,0.005217,0.999776,0,0.56000,0.11078,33.600,0.222,-1,400.000,-1,400.000,-1,325.000,325.000,275.000,325.000,-1,-1,-1,500.000,775.000,800.000,-1,-1,2,0,2,0,2,0,0,0,1,2,2,2,1,0,0,2,2
45,2132.249,4319.430,-141.477,161.650,-0.948967,-0.314807,-0.018938,0.314586,-0.949129,0.013760,-0.022307,0.007100,0.999726,0,0.64000,0.11239,38.400,0.225,-1,400.000,-1,400.000,-1,325.000,325.000,275.000,325.000,-1,-1,-1,500.000,750.000,800.000,-1,-1,2,0,2,0,2,0,0,0,0,2,2,2,1,0,0,2,2
46,2091.191,4332.867,-141.901,161.879,-0.950202,-0.311010,-0.019707,0.310714,-0.950357,0.016697,-0.023922,0.009742,0.999666,0,0.72000,0.11432,43.200,0.229,-1,400.000,-1,400.000,-1,325.000,325.000,300.000,325.000,-1,-1,-1,525.000,750.000,775.000,-1,-1,2,0,2,0,2,0,0,0,0,2,2,2,1,0,0,2,2
47,2045.512,4347.610,-142.896,162.112,-0.951471,-0.307131,-0.019299,0.306789,-0.951592,0.018793,-0.024137,0.011960,0.999637,0,0.80000,0.11661,48.000,0.233,-1,400.000,-1,400.000,-1,325.000,325.000,300.000,325.000,-1,-1,-1,525.000,750.000,775.000,-1,-1,2,0,2,0,2,0,0,0,0,2,2,2,1,0,0,2,2
48,1998.716,4362.498,-144.376,162.351,-0.952767,-0.303159,-0.018166,0.302795,-0.952840,0.020289,-0.023460,0.013830,0.999629,0,0.81844,0.11929,49.107,0.239,-1,400.000,-1,400.000,-1,325.000,325.000,300.000,300.000,-1,-1,-1,525.000,775.000,775.000,-1,-1,2,0,2,0,2,0,0,0,0,2,2,2,1,0,0,2,2
49,1948.747,4378.398,-146.214,162.349,-0.952796,-0.303171,-0.016361,0.302789,-0.952797,0.022307,-0.022351,0.016301,0.999617,0,0.87397,-0.00071,52.438,-0.001,-1,400.000,-1,400.000,-1,325.000,325.000,300.000,300.000,-1,-1,-1,550.000,775.000,775.000,-1,-1,2,0,2,0,2,0,0,0,0,2,2,2,1,0,0,2,2
50,1898.855,4394.504,-147.939,162.108,-0.951533,-0.307174,-0.015127,0.306776,-0.951481,0.023937,-0.021745,0.018136,0.999599,0,0.87378,-0.12071,52.427,-0.241,-1,400.000,-1,400.000,-1,325.000,325.000,300.000,300.000,-1,-1,-1,550.000,775.000,750.000,-1,-1,2,0,2,0,2,0,0,0,0,2,2,2,1,0,0,2,2
51,1849.079,4411.037,-149.164,161.627,-0.948904,-0.315159,-0.016005,0.314740,-0.948870,0.024161,-0.022801,0.017889,0.999580,0,0.87417,-0.24071,52.450,-0.481,-1,400.000,-1,400.000,-1,325.000,325.000,300.000,300.000,-1,-1,-1,575.000,750.000,750.000,-1,-1,2,0,2,0,2,0,0,0,0,2,2,2,1,0,0,2,2
52,1799.466,4428.212,-150.375,160.905,-0.944849,-0.327082,-0.016680,0.326643,-0.944830,0.024494,-0.023771,0.017695,0.999561,0,0.87503,-0.36071,52.502,-0.721,-1,400.000,-1,400.000,-1,325.000,325.000,300.000,300.000,-1,-1,-1,625.000,750.000,750.000,-1,-1,2,0,2,0,2,0,0,0,0,2,2,2,1,0,0,2,2
53,1750.077,4446.243,-151.589,159.944,-0.939217,-0.342891,-0.017214,0.342433,-0.939213,0.024876,-0.024698,0.017469,0.999542,0,0.87629,-0.48071,52.577,-0.961,-1,400.000,-1,400.000,-1,325.000,325.000,300.000,300.000,-1,-1,-1,650.000,725.000,725.000,-1,-1,2,0,2,0,2,0,0,0,0,2,2,2,1,0,0,2,2
54,1700.988,4465.341,-152.828,158.742,-0.931812,-0.362510,-0.017683,0.362035,-0.931822,0.025254,-0.025633,0.017130,0.999525,0,0.87788,-0.60071,52.673,-1.201,-1,400.000,-1,400.000,-1,325.000,325.000,300.000,300.000,-1,-1,-1,700.000,725.000,725.000,-1,-1,2,0,2,0,2,0,0,0,0,2,2,2,1,0,0,2,2
55,1652.292,4485.710,-154.095,157.301,-0.922389,-0.385839,-0.018079,0.385347,-0.922416,0.025624,-0.026563,0.016668,0.999508,0,0.87975,-0.72071,52.785,-1.441,-1,400.000,-1,400.000,-1,325.000,325.000,300.000,300.000,-1,-1,-1,725.000,725.000,700.000,-1,-1,2,0,2,0,2,0,0,0,0,2,2,2,1,0,0,2,2
56,1604.099,4507.552,-155.392,155.619,-0.910662,-0.412742,-0.018393,0.412237,-0.910706,0.025979,-0.027473,0.016076,0.999493,0,0.88185,-0.84071,52.911,-1.681,-1,400.000,-1,375.000,-1,325.000,325.000,300.000,300.000,-1,-1,-1,775.000,700.000,700.000,-1,-1,2,0,2,0,2,0,0,0,0,2,2,2,1,0,0,2,2
57,1556.543,4531.057,-156.724,153.698,-0.896304,-0.443050,-0.018617,0.442534,-0.896366,0.026307,-0.028343,0.015341,0.999481,0,0.88413,-0.96071,53.048,-1.921,-1,375.000,-1,375.000,-1,325.000,325.000,300.000,300.000,-1,-1,-1,800.000,700.000,675.000,-1,-1,2,0,2,0,2,0,0,0,0,2,2,2,1,0,0,2,2
58,1509.709,4556.277,-158.068,151.698,-0.880288,-0.474069,-0.018731,0.473550,-0.880369,0.026453,-0.029031,0.014416,0.999475,0,0.88655,-1.00000,53.193,-2.000,-1,375.000,-1,375.000,-1,325.000,325.000,300.000,300.000,-1,-1,-1,850.000,700.000,675.000,-1,-1,2,0,2,0,2,0,0,0,0,2,2,2,1,0,0,2,2
59,1463.657,4583.190,-159.430,149.698,-0.863201,-0.504517,-0.018630,0.504029,-0.863309,0.025549,-0.028973,0.012664,0.999500,0,0.88899,-1.00000,53.339,-2.000,-1,375.000,-1,375.000,-1,325.000,325.000,300.000,300.000,-1,-1,-1,900.000,700.000,675.000,-1,-1,2,0,2,0,2,0,0,0,0,2,2,2,1,0,0,2,2
60,1418.451,4611.771,-160.862,147.698,-0.845060,-0.534352,-0.018489,0.533908,-0.845196,0.024206,-0.028562,0.010584,0.999536,0,0.89138,-1.00000,53.483,-2.000,-1,375.000,-1,375.000,-1,325.000,325.000,300.000,300.000,-1,-1,-1,925.000,675.000,675.000,-1,-1,2,0,2,0,2,0,0,0,0,2,2,2,1,0,0,2,2
61,1374.153,4641.991,-162.149,145.698,-0.825907,-0.563532,-0.017591,0.563137,-0.826045,0.022959,-0.027469,0.009055,0.999582,0,0.89374,-1.00000,53.624,-2.000,-1,375.000,-1,375.000,-1,325.000,300.000,300.000,300.000,-1,-1,-1,975.000,675.000,675.000,-1,-1,2,0,2,0,2,0,0,0,0,2,2,2,1,0,0,2,2
62,1330.825,4673.821,-163.357,143.698,-0.805756,-0.592023,-0.016318,0.591678,-0.805883,0.021668,-0.025978,0.007805,0.999632,0,0.89605,-1.00000,53.763,-2.000,-1,375.000,-1,375.000,-1,300.000,300.000,300.000,300.000,-1,-1,-1,-1,675.000,675.000,-1,-1,2,0,2,0,2,0,0,0,0,2,2,2,2,0,0,2,2
63,1288.528,4707.228,-164.486,141.698,-0.784622,-0.619792,-0.015074,0.619487,-0.784737,0.020609,-0.024602,0.006832,0.999674,0,0.89832,-1.00000,53.899,-2.000,-1,375.000,-1,375.000,-1,300.000,300.000,300.000,300.000,-1,-1,-1,-1,675.000,675.000,-1,-1,2,0,2,0,2,0,0,0,0,2,2,2,2,0,0,2,2
64,1247.321,4742.177,-165.607,139.698,-0.762530,-0.646805,-0.013843,0.646540,-0.762633,0.019411,-0.023112,0.005852,0.999716,0,0.90053,-1.00000,54.032,-2.000,-1,375.000,-1,375.000,-1,300.000,300.000,300.000,300.000,-1,-1,-1,-1,675.000,675.000,-1,-1,2,0,2,0,2,0,0,0,0,2,2,2,2,0,0,2,2
65,1207.263,4778.629,-166.720,137.698,-0.739507,-0.673030,-0.012631,0.672805,-0.739599,0.018078,-0.021509,0.004871,0.999757,0,0.90269,-1.00000,54.161,-2.000,-1,375.000,-1,375.000,-1,300.000,300.000,300.000,300.000,-1,-1,-1,-1,675.000,675.000,-1,-1,2,0,2,0,2,0,0,0,0,2,2,2,2,0,0,2,2
66,1168.411,4816.546,-167.816,135.698,-0.715581,-0.698435,-0.011489,0.698248,-0.715663,0.016609,-0.019823,0.003863,0.999796,0,0.90479,-1.00000,54.288,-2.000,-1,375.000,-1,375.000,-1,300.000,300.000,300.000,300.000,-1,-1,-1,-1,675.000,675.000,-1,-1,2,0,2,0,2,0,0,0,0,2,2,2,2,0,0,2,2
67,1130.821,4855.884,-168.892,133.698,-0.690782,-0.722988,-0.010438,0.722838,-0.690855,0.015012,-0.018065,0.002825,0.999833,0,0.90684,-1.00000,54.410,-2.000,-1,375.000,-1,375.000,-1,300.000,300.000,300.000,300.000,-1,675.000,825.000,-1,675.000,675.000,-1,-1,2,0,2,0,2,0,0,0,0,2,0,0,2,0,0,2,2
68,1094.548,4896.599,-169.754,131.698,-0.665153,-0.746659,-0.008476,0.746544,-0.665202,0.013353,-0.015608,0.002554,0.999875,0,0.90883,-1.00000,54.530,-2.000,-1,375.000,-1,375.000,-1,300.000,300.000,300.000,300.000,-1,575.000,650.000,-1,675.000,675.000,-1,-1,2,0,2,0,2,0,0,0,0,2,0,0,2,0,0,2,2
69,1059.644,4938.644,-170.525,129.698,-0.638714,-0.769419,-0.006246,0.769337,-0.638739,0.011525,-0.012857,0.002556,0.999914,0,0.91075,-1.00000,54.645,-2.000,-1,375.000,-1,375.000,-1,300.000,300.000,300.000,300.000,-1,525.000,525.000,-1,675.000,700.000,-1,-1,2,0,2,0,2,0,0,0,0,2,0,0,2,0,0,2,2
70,1026.160,4981.970,-171.276,127.698,-0.611489,-0.791242,-0.004153,0.791189,-0.611498,0.009509,-0.010063,0.002529,0.999946,0,0.91261,-1.00000,54.757,-2.000,-1,375.000,-1,375.000,-1,300.000,300.000,300.000,300.000,-1,475.000,475.000,-1,700.000,700.000,-1,-1,2,0,2,0,2,0,0,0,0,2,0,0,2,0,0,2,2
71,994.146,5026.526,-171.893,125.698,-0.583514,-0.812100,-0.002047,0.812067,-0.583511,0.007901,-0.007611,0.002948,0.999967,0,0.91441,-1.00000,54.865,-2.000,-1,375.000,-1,375.000,-1,300.000,300.000,300.000,300.000,-1,450.000,425.000,-1,700.000,725.000,-1,-1,2,0,2,0,2,0,0,0,0,2,0,0,2,0,0,2,2
72,963.649,5072.258,-172.278,123.698,-0.554823,-0.831968,-0.000283,0.831948,-0.554812,0.006778,-0.005796,0.003525,0.999977,0,0.91614,-1.00000,54.968,-2.000,-1,375.000,-1,375.000,-1,300.000,300.000,300.000,300.000,-1,475.000,425.000,-1,700.000,725.000,-1,-1,2,0,2,0,2,0,0,0,0,2,0,0,2,0,0,2,2
73,937.288,5114.943,-172.541,121.698,-0.525451,-0.850823,0.000989,0.850813,-0.525438,0.005555,-0.004207,0.003760,0.999984,0,0.83614,-1.00000,50.168,-2.000,-1,375.000,-1,375.000,-1,300.000,325.000,300.000,300.000,-1,475.000,450.000,-1,700.000,725.000,-1,-1,2,0,2,0,2,0,0,0,0,2,0,0,2,0,0,2,2
74,914.811,5154.352,-172.759,119.698,-0.495436,-0.868642,0.002011,0.868640,-0.495425,0.004391,-0.002818,0.003923,0.999988,0,0.75614,-1.00000,45.368,-2.000,-1,375.000,-1,375.000,-1,325.000,325.000,300.000,300.000,-1,500.000,450.000,-1,725.000,725.000,-1,-1,2,0,2,0,2,0,0,0,0,2,0,0,2,0,0,2,2
75,894.167,5193.677,-172.961,117.698,-0.464816,-0.885402,0.002880,0.885406,-0.464808,0.003222,-0.001514,0.004047,0.999991,0,0.74024,-1.00000,44.414,-2.000,-1,375.000,-1,375.000,-1,325.000,325.000,300.000,300.000,-1,500.000,450.000,-1,725.000,750.000,-1,-1,2,0,2,0,2,0,0,0,0,2,0,0,2,0,0,2,2
76,874.876,5233.763,-173.152,115.698,-0.433629,-0.901084,0.003612,0.901092,-0.433624,0.002031,-0.000264,0.004136,0.999991,0,0.74145,-1.00000,44.487,-2.000,-1,375.000,-1,400.000,-1,325.000,325.000,300.000,300.000,-1,525.000,475.000,-1,725.000,750.000,-1,-1,2,0,2,0,2,0,0,0,0,2,0,0,2,0,0,2,2
77,856.864,5274.765,-173.334,113.716,-0.402206,-0.915540,0.004211,0.915549,-0.402206,0.000831,0.000933,0.004190,0.999991,0,0.74639,-0.99082,44.783,-1.982,-1,375.000,-1,400.000,-1,325.000,325.000,300.000,300.000,-1,525.000,475.000,-1,750.000,750.000,-1,-1,2,0,2,0,2,0,0,0,0,2,0,0,2,0,0,2,2
78,840.289,5316.343,-173.507,111.734,-0.370291,-0.928904,0.004674,0.928914,-0.370297,-0.000359,0.002064,0.004209,0.999989,0,0.74600,-0.99113,44.760,-1.982,-1,375.000,-1,400.000,-1,325.000,325.000,300.000,300.000,-1,550.000,500.000,-1,750.000,775.000,-1,-1,2,0,2,0,2,0,0,0,0,2,0,0,2,0,0,2,2
79,825.170,5358.450,-173.445,109.751,-0.337917,-0.941159,0.005621,0.941173,-0.337925,-0.000525,0.002394,0.005112,0.999984,0,0.74566,-0.99166,44.740,-1.983,-1,400.000,-1,400.000,-1,325.000,325.000,300.000,300.000,-1,600.000,525.000,-1,750.000,775.000,-1,-1,2,0,2,0,2,0,0,0,0,2,0,0,2,0,0,2,2
80,811.523,5401.042,-173.407,107.766,-0.305115,-0.952294,0.006348,0.952312,-0.305125,-0.000642,0.002549,0.005850,0.999980,0,0.74541,-0.99241,44.725,-1.985,-1,400.000,-1,400.000,-1,325.000,325.000,300.000,300.000,-1,650.000,575.000,-1,750.000,775.000,-1,-1,2,0,2,0,2,0,0,0,0,2,0,0,2,0,0,2,2
81,799.364,5444.074,-173.367,105.779,-0.271914,-0.962296,0.007004,0.962318,-0.271926,-0.000757,0.002633,0.006534,0.999975,0,0.74528,-0.99337,44.717,-1.987,-1,400.000,-1,400.000,-1,325.000,325.000,300.000,300.000,-1,700.000,625.000,-1,775.000,775.000,-1,-1,2,0,2,0,2,0,0,0,0,2,0,0,2,0,0,2,2
82,788.704,5487.502,-173.322,103.790,-0.238347,-0.971150,0.007597,0.971176,-0.238360,-0.000869,0.002655,0.007171,0.999971,0,0.74528,-0.99454,44.717,-1.989,-1,400.000,-1,400.000,-1,325.000,325.000,300.000,300.000,-1,750.000,675.000,-1,775.000,800.000,-1,-1,2,0,2,0,2,0,0,0,0,2,0,0,2,0,0,2,2
83,779.468,5531.750,-173.275,101.790,-0.204307,-0.978873,0.008136,0.978903,-0.204321,-0.000974,0.002616,0.007765,0.999966,0,0.75337,-1.00000,45.202,-2.000,-1,400.000,-1,400.000,-1,325.000,325.000,300.000,300.000,-1,800.000,725.000,-1,775.000,800.000,-1,-1,2,0,2,0,2,0,0,0,0,2,0,0,2,0,0,2,2
84,771.749,5576.487,-173.224,99.790,-0.170024,-0.985402,0.008621,0.985437,-0.170039,-0.001068,0.002519,0.008313,0.999962,0,0.75663,-0.99985,45.398,-2.000,-1,400.000,-1,400.000,-1,325.000,325.000,300.000,300.000,-1,850.000,800.000,-1,775.000,800.000,-1,-1,2,0,2,0,2,0,0,0,0,2,0,0,2,0,0,2,2
85,765.567,5621.660,-173.173,97.792,-0.135553,-0.990729,0.009055,0.990767,-0.135569,-0.001149,0.002366,0.008815,0.999958,0,0.75989,-0.99932,45.594,-1.999,-1,400.000,-1,400.000,-1,325.000,325.000,300.000,300.000,-1,900.000,875.000,-1,800.000,800.000,-1,-1,2,0,2,0,2,0,0,0,0,2,0,0,2,0,0,2,2
86,760.944,5667.213,-173.121,95.795,-0.100945,-0.994847,0.009443,0.994890,-0.100961,-0.001215,0.002162,0.009272,0.999955,0,0.76313,-0.99853,45.788,-1.997,-1,400.000,-1,400.000,-1,325.000,325.000,300.000,300.000,-1,950.000,900.000,-1,800.000,800.000,-1,-1,2,0,2,0,2,0,0,0,0,2,0,0,2,0,0,2,2
87,757.897,5713.091,-173.071,93.800,-0.066251,-0.997755,0.009788,0.997801,-0.066267,-0.001263,0.001909,0.009683,0.999951,0,0.76631,-0.99749,45.979,-1.995,-1,400.000,-1,400.000,-1,325.000,325.000,300.000,300.000,-1,1000.000,950.000,-1,800.000,800.000,-1,-1,2,0,2,0,2,0,0,0,0,2,0,0,2,0,0,2,2
88,756.441,5759.234,-173.030,91.807,-0.031524,-0.999452,0.010122,0.999502,-0.031539,-0.001272,0.001591,0.010077,0.999948,0,0.76944,-0.99617,46.166,-1.992,-1,400.000,-1,400.000,-1,325.000,325.000,300.000,300.000,-1,-1,-1,-1,825.000,825.000,-1,-1,2,0,2,0,2,0,0,0,0,2,2,2,2,0,0,2,2
89,756.588,5805.582,-173.001,89.818,0.003184,-0.999940,0.010457,0.999994,0.003171,-0.001239,0.001206,0.010461,0.999945,0,0.77247,-0.99457,46.348,-1.989,-1,400.000,-1,400.000,-1,325.000,325.000,300.000,300.000,-1,-1,-1,-1,825.000,825.000,-1,-1,2,0,2,0,2,0,0,0,0,2,2,2,2,1,0,2,2
90,758.347,5852.071,-172.985,87.833,0.037822,-0.999226,0.010795,0.999284,0.037812,-0.001173,0.000764,0.010832,0.999941,0,0.77538,-0.99269,46.523,-1.985,-1,400.000,-1,400.000,-1,325.000,325.000,300.000,300.000,-1,-1,-1,-1,800.000,825.000,-1,-1,2,0,2,0,2,0,0,0,0,2,2,2,2,1,0,2,2
91,761.724,5898.638,-173.036,85.852,0.072337,-0.997320,0.010923,0.997380,0.072330,-0.000968,0.000175,0.010965,0.999940,0,0.77815,-0.99050,46.689,-1.981,-1,400.000,-1,400.000,-1,325.000,325.000,300.000,300.000,-1,-1,-1,-1,775.000,825.000,1000.000,-1,2,0,2,0,2,0,0,0,0,2,2,2,2,1,0,1,2
92,766.722,5945.215,-173.303,83.876,0.106671,-0.994239,0.010485,0.994294,0.106677,-0.000049,-0.001070,0.010431,0.999945,0,0.78074,-0.98800,46.844,-1.976,1000.000,400.000,-1,400.000,-1,325.000,325.000,300.000,300.000,-1,-1,-1,-1,750.000,825.000,950.000,-1,1,0,2,0,2,0,0,0,0,2,2,2,2,1,0,1,2
93,773.338,5991.734,-173.671,81.906,0.140780,-0.989985,0.010480,0.990038,0.140799,0.001102,-0.002566,0.010220,0.999944,0,0.78312,-0.98519,46.987,-1.970,925.000,400.000,-1,400.000,-1,325.000,325.000,300.000,300.000,-1,-1,-1,-1,725.000,825.000,925.000,-1,1,0,2,0,2,0,0,0,0,2,2,2,2,1,0,1,2
94,781.567,6038.125,-174.052,79.941,0.174614,-0.984580,0.010575,0.984629,0.174647,0.002238,-0.004050,0.010021,0.999942,0,0.78525,-0.98206,47.115,-1.964,850.000,400.000,-1,400.000,-1,325.000,325.000,300.000,300.000,-1,-1,-1,-1,700.000,825.000,875.000,-1,1,0,2,0,2,0,0,0,0,2,2,2,2,1,0,1,2
95,791.399,6084.317,-174.448,77.984,0.208126,-0.978043,0.010768,0.978087,0.208172,0.003351,-0.005519,0.009835,0.999936,0,0.78711,-0.97860,47.227,-1.957,775.000,400.000,-1,400.000,-1,325.000,325.000,300.000,300.000,-1,-1,-1,-1,675.000,825.000,850.000,-1,1,0,2,0,2,0,0,0,0,2,2,2,2,1,0,1,2
96,802.819,6130.237,-174.856,76.035,0.241265,-0.970396,0.011059,0.970434,0.241325,0.004432,-0.006970,0.009663,0.999929,0,0.78864,-0.97481,47.319,-1.950,750.000,400.000,-1,400.000,-1,325.000,325.000,300.000,300.000,-1,-1,-1,-1,675.000,825.000,850.000,-1,1,0,2,0,2,0,0,0,0,2,2,2,2,1,0,1,2
97,815.807,6175.811,-175.277,74.093,0.273987,-0.961665,0.011444,0.961697,0.274061,0.005473,-0.008400,0.009506,0.999920,0,0.78982,-0.97069,47.389,-1.941,700.000,400.000,-1,400.000,-1,325.000,325.000,300.000,300.000,-1,-1,-1,-1,675.000,800.000,850.000,-1,1,0,2,0,2,0,0,0,0,2,2,2,2,1,0,1,2
98,830.339,6220.967,-175.708,72.161,0.306246,-0.951878,0.011921,0.951902,0.306335,0.006466,-0.009807,0.009367,0.999908,0,0.79060,-0.96623,47.436,-1.932,675.000,400.000,-1,400.000,-1,325.000,325.000,300.000,300.000,-1,-1,-1,-1,700.000,800.000,900.000,-1,1,1,2,0,2,0,0,0,0,2,2,2,2,1,0,1,2
99,846.385,6265.628,-176.150,70.238,0.337999,-0.941064,0.012485,0.941080,0.338103,0.007403,-0.011188,0.009247,0.999895,0,0.79094,-0.96145,47.457,-1.923,650.000,400.000,-1,400.000,-1,325.000,325.000,300.000,300.000,-1,-1,-1,-1,725.000,800.000,-1,-1,1,1,2,0,2,0,0,0,0,2,2,2,2,1,0,2,2
100,863.910,6309.722,-176.601,68.325,0.369204,-0.929255,0.013131,0.929264,0.369325,0.008277,-0.012541,0.009146,0.999880,0,0.79081,-0.95636,47.449,-1.913,650.000,400.000,-1,400.000,-1,325.000,325.000,300.000,300.000,-1,-1,-1,-1,750.000,800.000,-1,-1,1,1,2,0,2,0,0,0,0,2,2,2,2,1,0,2,2
101,882.873,6353.176,-177.061,66.423,0.399825,-0.916487,0.013853,0.916487,0.399962,0.009082,-0.013864,0.009065,0.999863,0,0.79018,-0.95096,47.411,-1.902,675.000,400.000,-1,400.000,-1,325.000,325.000,300.000,300.000,-1,-1,-1,-1,825.000,800.000,-1,-1,1,1,2,0,2,0,0,0,0,2,2,2,2,0,0,2,2
102,903.230,6395.916,-177.529,64.533,0.429825,-0.902793,0.014648,0.902785,0.429980,0.009805,-0.015150,0.009010,0.999845,0,0.78901,-0.94529,47.341,-1.891,700.000,400.000,-1,400.000,-1,325.000,325.000,300.000,300.000,-1,-1,-1,-1,825.000,800.000,-1,-1,1,0,2,0,2,0,0,0,0,2,2,2,2,0,0,2,2
103,924.929,6437.875,-178.179,62.654,0.459191,-0.888217,0.014649,0.888196,0.459349,0.010252,-0.015835,0.008304,0.999840,0,0.78730,-0.93937,47.238,-1.879,-1,400.000,-1,400.000,-1,325.000,325.000,300.000,300.000,-1,-1,-1,-1,825.000,775.000,-1,-1,2,0,2,0,2,0,0,0,0,2,2,2,2,0,0,2,2
104,947.917,6478.986,-178.812,60.787,0.487878,-0.872788,0.014681,0.872761,0.488037,0.010356,-0.016204,0.007760,0.999839,0,0.78503,-0.93323,47.102,-1.866,-1,400.000,-1,400.000,-1,325.000,325.000,300.000,300.000,-1,-1,-1,-1,825.000,775.000,-1,-1,2,0,2,0,2,0,0,0,0,2,2,2,2,0,0,2,2
105,973.106,6521.175,-179.383,59.161,0.512453,-0.858585,0.014960,0.858562,0.512613,0.009949,-0.016211,0.007745,0.999839,0,0.81894,-0.81323,49.136,-1.626,-1,400.000,-1,400.000,-1,325.000,325.000,325.000,300.000,-1,-1,-1,-1,825.000,775.000,-1,-1,2,0,2,0,2,0,0,0,0,2,2,2,2,0,0,2,2
106,999.207,6562.581,-180.270,57.774,0.533078,-0.845937,0.014740,0.845891,0.533241,0.011022,-0.017184,0.006593,0.999831,0,0.81577,-0.69323,48.946,-1.386,-1,400.000,-1,400.000,-1,325.000,325.000,300.000,300.000,-1,-1,-1,-1,825.000,775.000,-1,-1,2,0,2,0,2,0,0,1,0,2,2,2,2,0,0,2,2
107,1026.018,6603.287,-181.448,56.628,0.549902,-0.835109,0.014160,0.835012,0.550067,0.013469,-0.019037,0.004417,0.999809,0,0.81237,-0.57323,48.742,-1.146,-1,400.000,-1,400.000,-1,325.000,325.000,300.000,300.000,-1,-1,-1,-1,800.000,775.000,-1,-1,2,0,2,0,2,0,0,1,0,2,2,2,2,0,0,2,2
108,1053.351,6643.388,-182.487,55.722,0.563047,-0.826306,0.014024,0.826179,0.563212,0.014853,-0.020172,0.003224,0.999791,0,0.80883,-0.45323,48.530,-0.906,-1,400.000,-1,400.000,-1,325.000,325.000,275.000,300.000,-1,-1,-1,-1,800.000,775.000,-1,-1,2,0,2,0,2,0,0,1,0,2,2,2,2,0,0,2,2
109,1081.025,6682.991,-183.560,55.055,0.572617,-0.819700,0.014163,0.819559,0.572786,0.015493,-0.020812,0.002735,0.999780,0,0.80523,-0.33323,48.314,-0.666,-1,400.000,-1,400.000,-1,325.000,325.000,275.000,300.000,-1,-1,-1,-1,800.000,775.000,-1,-1,2,0,2,0,2,0,0,1,0,2,2,2,2,0,0,2,2
110,1108.868,6722.212,-184.620,54.629,0.578699,-0.815415,0.014341,0.815260,0.578871,0.016070,-0.021405,0.002391,0.999768,0,0.80165,-0.21323,48.099,-0.426,-1,400.000,-1,400.000,-1,325.000,325.000,250.000,300.000,-1,-1,-1,-1,775.000,750.000,-1,-1,2,0,2,0,2,0,0,1,0,2,2,2,2,0,0,2,2
111,1136.784,6761.123,-185.668,54.343,0.582748,-0.812522,0.014551,0.812356,0.582926,0.016595,-0.021966,0.002150,0.999756,0,0.79816,-0.14269,47.890,-0.285,-1,400.000,-1,400.000,-1,325.000,325.000,250.000,300.000,-1,-1,-1,-1,775.000,750.000,-1,-1,2,0,2,0,2,0,0,1,0,2,2,2,2,0,0,2,2
112,1164.771,6799.727,-186.754,54.059,0.586758,-0.809623,0.015029,0.809446,0.586946,0.017085,-0.022654,0.002141,0.999741,0,0.79469,-0.14199,47.681,-0.284,-1,400.000,-1,400.000,-1,325.000,325.000,250.000,300.000,-1,-1,-1,-1,775.000,750.000,-1,-1,2,0,2,0,2,0,0,1,0,2,2,2,2,0,0,2,2
113,1192.820,6838.019,-187.830,53.776,0.590737,-0.806715,0.015542,0.806527,0.590937,0.017529,-0.023325,0.002180,0.999726,0,0.79110,-0.14148,47.466,-0.283,-1,400.000,-1,400.000,-1,325.000,325.000,250.000,300.000,-1,-1,-1,-1,775.000,750.000,-1,-1,2,0,2,0,2,0,0,1,0,2,2,2,2,0,0,2,2
114,1220.927,6875.995,-188.886,53.494,0.594693,-0.803793,0.016049,0.803596,0.594905,0.017925,-0.023955,0.002237,0.999711,0,0.78743,-0.14117,47.246,-0.282,-1,400.000,-1,400.000,-1,325.000,325.000,250.000,300.000,-1,-1,-1,-1,775.000,725.000,-1,-1,2,0,2,0,2,0,0,1,0,2,2,2,2,0,0,2,2
115,1249.088,6913.654,-189.924,53.212,0.598631,-0.800854,0.016550,0.800648,0.598856,0.018273,-0.024545,0.002312,0.999696,0,0.78373,-0.14106,47.024,-0.282,-1,400.000,-1,375.000,-1,325.000,325.000,250.000,300.000,-1,-1,-1,-1,775.000,725.000,-1,-1,2,0,2,0,2,0,0,1,0,2,2,2,2,0,0,2,2
116,1277.300,6950.998,-190.919,52.930,0.602561,-0.797893,0.016933,0.797680,0.602794,0.018570,-0.025024,0.002318,0.999684,0,0.78004,-0.14115,46.803,-0.282,-1,400.000,-1,375.000,-1,325.000,325.000,275.000,300.000,-1,-1,-1,-1,775.000,725.000,-1,-1,2,0,2,0,2,0,0,1,0,2,2,2,2,0,0,2,2
117,1305.565,6988.028,-191.839,52.647,0.606477,-0.794907,0.017568,0.794688,0.606726,0.018828,-0.025625,0.002542,0.999668,0,0.77642,-0.14144,46.585,-0.283,-1,400.000,-1,375.000,-1,325.000,325.000,275.000,300.000,-1,-1,-1,-1,750.000,725.000,-1,-1,2,0,2,0,2,0,0,1,0,2,2,2,2,0,0,2,2
118,1333.883,7024.751,-192.720,52.363,0.610389,-0.791891,0.018257,0.791667,0.610656,0.019038,-0.026225,0.002833,0.999652,0,0.77288,-0.14191,46.373,-0.284,-1,400.000,-1,375.000,-1,325.000,325.000,300.000,300.000,-1,-1,-1,-1,750.000,700.000,-1,-1,2,0,2,0,2,0,0,1,0,2,2,2,2,0,0,2,2
119,1362.258,7061.171,-193.793,52.078,0.614336,-0.788844,0.017818,0.788613,0.614590,0.019188,-0.026087,0.002263,0.999657,0,0.76949,-0.14257,46.169,-0.285,-1,400.000,-1,375.000,-1,325.000,325.000,300.000,300.000,-1,-1,-1,-1,750.000,700.000,-1,-1,2,0,2,0,2,0,0,1,0,2,2,2,2,0,0,2,2
120,1390.695,7097.297,-195.055,51.791,0.618319,-0.785759,0.016259,0.785522,0.618532,0.019295,-0.025218,0.000841,0.999682,0,0.76626,-0.14341,45.975,-0.287,-1,400.000,-1,375.000,-1,325.000,325.000,300.000,300.000,-1,-1,-1,-1,750.000,700.000,-1,-1,2,0,2,0,2,0,0,1,0,2,2,2,2,0,0,2,2
121,1419.201,7133.136,-196.178,51.502,0.622297,-0.782631,0.015332,0.782390,0.622486,0.019435,-0.024754,-0.000099,0.999694,0,0.76323,-0.14442,45.794,-0.289,-1,400.000,-1,375.000,-1,325.000,325.000,300.000,300.000,-1,-1,-1,-1,750.000,700.000,-1,-1,2,0,2,0,2,0,0,0,0,2,2,2,2,0,0,2,2
122,1447.783,7168.699,-197.262,51.211,0.626287,-0.779457,0.014549,0.779210,0.626455,0.019643,-0.024425,-0.000966,0.999701,0,0.76041,-0.14560,45.625,-0.291,-1,400.000,-1,375.000,-1,325.000,325.000,300.000,300.000,-1,-1,-1,-1,725.000,700.000,-1,-1,2,0,2,0,2,0,0,0,0,2,2,2,2,0,0,2,2
123,1476.449,7203.995,-198.318,50.917,0.630296,-0.776233,0.013768,0.775982,0.630444,0.019808,-0.024056,-0.001802,0.999709,0,0.75784,-0.14694,45.470,-0.294,-1,400.000,-1,375.000,-1,325.000,325.000,300.000,300.000,-1,-1,-1,-1,725.000,700.000,-1,-1,2,0,2,0,2,0,0,0,0,2,2,2,2,0,0,2,2
124,1505.210,7239.034,-199.348,50.620,0.634328,-0.772955,0.012987,0.772702,0.634456,0.019930,-0.023645,-0.002607,0.999717,0,0.75552,-0.14842,45.331,-0.297,-1,375.000,-1,375.000,-1,325.000,300.000,300.000,300.000,-1,-1,-1,-1,725.000,700.000,-1,-1,2,0,2,0,2,0,0,0,0,2,2,2,2,0,0,2,2
125,1531.217,7270.120,-200.248,50.083,0.641560,-0.766974,0.012292,0.766721,0.641669,0.020007,-0.023232,-0.003411,0.999724,0,0.67552,-0.26842,40.531,-0.537,-1,375.000,-1,375.000,-1,325.000,300.000,300.000,300.000,-1,-1,-1,-1,725.000,700.000,-1,-1,2,0,2,0,2,0,0,0,0,2,2,2,2,0,0,2,2
126,1555.001,7297.837,-201.054,49.367,0.651118,-0.758887,0.011687,0.758635,0.651209,0.019991,-0.022781,-0.004151,0.999732,0,0.60870,-0.35830,36.522,-0.717,-1,375.000,-1,375.000,-1,325.000,300.000,300.000,300.000,850.000,-1,-1,-1,725.000,700.000,-1,-1,2,0,2,0,2,0,0,0,0,1,2,2,2,0,0,2,2
127,1579.062,7325.174,-201.872,48.647,0.660612,-0.750645,0.011111,0.750399,0.660688,0.019812,-0.022213,-0.004750,0.999742,0,0.60697,-0.35986,36.418,-0.720,-1,375.000,-1,375.000,-1,300.000,300.000,300.000,325.000,775.000,-1,-1,-1,700.000,700.000,-1,-1,2,0,2,0,2,0,0,0,0,1,2,2,2,0,0,2,2
128,1603.406,7352.139,-202.666,47.924,0.670045,-0.742246,0.010535,0.742006,0.670106,0.019627,-0.021627,-0.005334,0.999752,0,0.60546,-0.36151,36.328,-0.723,-1,375.000,-1,375.000,-1,300.000,300.000,300.000,325.000,725.000,-1,-1,-1,700.000,675.000,-1,-1,2,0,2,0,2,0,0,0,0,1,2,2,2,0,0,2,2
129,1628.038,7378.736,-203.411,47.197,0.679414,-0.733688,0.009977,0.733457,0.679462,0.019297,-0.020936,-0.005793,0.999764,0,0.60418,-0.36326,36.251,-0.727,-1,375.000,-1,375.000,-1,300.000,300.000,300.000,325.000,725.000,-1,-1,-1,700.000,675.000,-1,-1,2,0,2,0,2,0,0,0,0,1,2,2,2,0,0,2,2
130,1652.963,7404.971,-204.082,46.467,0.688718,-0.724968,0.009450,0.724752,0.688756,0.018697,-0.020063,-0.006028,0.999781,0,0.60313,-0.36511,36.188,-0.730,-1,375.000,-1,375.000,-1,300.000,300.000,300.000,325.000,700.000,-1,-1,-1,700.000,675.000,-1,-1,2,0,2,0,2,0,0,0,0,1,2,2,2,0,0,2,2
131,1678.187,7430.850,-204.725,45.733,0.697958,-0.716083,0.008914,0.715882,0.697987,0.018058,-0.019153,-0.006222,0.999797,0,0.60230,-0.36704,36.138,-0.734,-1,375.000,-1,375.000,-1,300.000,300.000,300.000,325.000,700.000,-1,-1,-1,700.000,675.000,-1,-1,2,0,2,0,2,0,0,0,0,1,2,2,2,0,0,2,2
132,1703.717,7456.375,-205.332,44.995,0.707133,-0.707031,0.008364,0.706846,0.707153,0.017423,-0.018233,-0.006408,0.999813,0,0.60169,-0.36906,36.102,-0.738,-1,375.000,-1,375.000,-1,300.000,300.000,325.000,325.000,700.000,-1,-1,-1,700.000,675.000,-1,-1,2,0,2,0,2,0,0,0,0,1,2,2,2,0,0,2,2
133,1729.558,7481.551,-205.901,44.253,0.716241,-0.697810,0.007799,0.697639,0.716253,0.016796,-0.017306,-0.006589,0.999829,0,0.60129,-0.37116,36.078,-0.742,-1,375.000,-1,375.000,-1,300.000,300.000,325.000,325.000,700.000,-1,-1,-1,700.000,675.000,-1,-1,2,0,2,0,2,0,0,0,0,1,2,2,2,0,0,2,2
134,1759.086,7509.818,-206.504,43.750,0.722339,-0.691503,0.007081,0.691348,0.722342,0.016094,-0.016244,-0.006730,0.999845,0,0.68129,-0.25116,40.878,-0.502,-1,375.000,-1,375.000,-1,300.000,300.000,325.000,325.000,725.000,-1,-1,-1,700.000,675.000,-1,-1,2,0,2,0,2,0,0,0,0,1,2,2,2,0,0,2,2
135,1792.226,7541.254,-207.125,43.488,0.725506,-0.688188,0.006184,0.688052,0.725500,0.015318,-0.015028,-0.006858,0.999864,0,0.76129,-0.13116,45.678,-0.262,-1,375.000,-1,375.000,-1,300.000,300.000,325.000,325.000,725.000,-1,-1,-1,700.000,675.000,-1,-1,2,0,2,0,2,0,0,0,0,1,2,2,2,0,0,2,2
