timestep,x_cm,y_cm,z_cm,yaw_deg,basis_xx,basis_xy,basis_xz,basis_yx,basis_yy,basis_yz,basis_zx,basis_zy,basis_zz,teleport_flag,throttle_cmd,steering_cmd,cmd_move_cm,cmd_turn_deg,lidar_cm_0,lidar_cm_1,lidar_cm_2,lidar_cm_3,lidar_cm_4,lidar_cm_5,lidar_cm_6,lidar_cm_7,lidar_cm_8,lidar_cm_9,lidar_cm_10,lidar_cm_11,lidar_cm_12,lidar_cm_13,lidar_cm_14,lidar_cm_15,lidar_cm_16,lidar_class_0,lidar_class_1,lidar_class_2,lidar_class_3,lidar_class_4,lidar_class_5,lidar_class_6,lidar_class_7,lidar_class_8,lidar_class_9,lidar_class_10,lidar_class_11,lidar_class_12,lidar_class_13,lidar_class_14,lidar_class_15,lidar_class_16
0,-2295.587,2951.935,-209.013,-36.149,0.806794,0.575971,-0.131685,-0.590810,0.788439,-0.171191,0.005225,0.215917,0.976398,1,0.00000,0.00000,4.800,-0.240,-1,375.000,-1,450.000,675.000,325.000,350.000,325.000,225.000,-1,-1,-1,450.000,-1,800.000,-1,-1,2,1,2,1,0,1,1,1,0,2,2,2,0,2,0,2,2
1,7544.642,2947.110,-158.060,-72.785,0.296142,0.955114,0.007527,-0.954982,0.295938,0.020737,0.017578,-0.013330,0.999757,1,0.08000,0.12000,4.800,0.240,-1,375.000,-1,400.000,-1,325.000,325.000,300.000,300.000,-1,-1,-1,-1,725.000,750.000,-1,-1,2,0,2,0,2,0,0,0,0,2,2,2,2,0,0,2,2
2,7547.560,2937.964,-157.887,-72.305,0.304133,0.952601,0.007444,-0.952468,0.303928,0.020774,0.017527,-0.013408,0.999756,0,0.16000,0.24000,9.600,0.480,-1,375.000,-1,400.000,-1,325.000,325.000,300.000,300.000,-1,-1,-1,-1,725.000,750.000,-1,-1,2,0,2,0,2,0,0,0,0,2,2,2,2,0,0,2,2
3,7552.107,2924.301,-157.628,-71.593,0.315947,0.948748,0.007318,-0.948616,0.315743,0.020831,0.017453,-0.013524,0.999756,0,0.24000,0.35602,14.400,0.712,-1,375.000,-1,400.000,-1,325.000,325.000,300.000,300.000,-1,-1,-1,-1,725.000,750.000,-1,-1,2,0,2,0,2,0,0,0,0,2,2,2,2,0,0,2,2
4,7558.395,2906.160,-157.284,-70.881,0.327713,0.944750,0.007139,-0.944617,0.327508,0.020911,0.017418,-0.013597,0.999756,0,0.32000,0.35602,19.200,0.712,-1,375.000,-1,400.000,-1,325.000,325.000,300.000,300.000,-1,-1,-1,-1,725.000,750.000,-1,-1,2,0,2,0,2,0,0,0,0,2,2,2,2,0,0,2,2
5,7566.538,2883.583,-156.856,-70.169,0.339427,0.940607,0.006906,-0.940471,0.339223,0.021017,0.017426,-0.013628,0.999755,0,0.40000,0.35602,24.000,0.712,-1,375.000,-1,400.000,-1,325.000,325.000,300.000,300.000,-1,-1,-1,-1,725.000,750.000,-1,-1,2,0,2,0,2,0,0,0,0,2,2,2,2,0,0,2,2
6,7576.644,2856.615,-156.342,-69.456,0.351088,0.936319,0.006616,-0.936179,0.350886,0.021151,0.017483,-0.013620,0.999754,0,0.48000,0.35602,28.800,0.712,-1,375.000,-1,400.000,-1,325.000,325.000,300.000,300.000,-1,-1,-1,-1,725.000,750.000,-1,-1,2,0,2,0,2,0,0,0,0,2,2,2,2,0,0,2,2
7,7588.825,2825.300,-155.743,-68.744,0.362695,0.931887,0.006268,-0.931742,0.362495,0.021317,0.017593,-0.013571,0.999753,0,0.56000,0.35602,33.600,0.712,-1,375.000,-1,400.000,-1,325.000,325.000,300.000,300.000,-1,-1,-1,-1,725.000,750.000,-1,-1,2,0,2,0,2,0,0,0,0,2,2,2,2,0,0,2,2
8,7602.527,2791.331,-155.089,-68.032,0.374246,0.927311,0.005878,-0.927160,0.374049,0.021510,0.017748,-0.013500,0.999751,0,0.61049,0.35602,36.629,0.712,-1,375.000,-1,400.000,-1,325.000,325.000,300.000,300.000,-1,-1,-1,-1,700.000,750.000,-1,-1,2,0,2,0,2,0,0,0,0,2,2,2,2,0,0,2,2
9,7616.651,2757.534,-154.433,-67.320,0.385739,0.922592,0.005480,-0.922434,0.385544,0.021714,0.017920,-0.013430,0.999749,0,0.61049,0.35602,36.629,0.712,-1,375.000,-1,400.000,-1,325.000,325.000,300.000,300.000,-1,-1,-1,-1,700.000,725.000,-1,-1,2,0,2,0,2,0,0,0,0,2,2,2,2,0,0,2,2
10,7631.193,2723.915,-153.782,-66.608,0.397172,0.917730,0.005045,-0.917565,0.396980,0.021937,0.018130,-0.013341,0.999747,0,0.61049,0.35602,36.629,0.712,-1,375.000,-1,375.000,-1,325.000,325.000,300.000,300.000,-1,-1,-1,-1,700.000,725.000,-1,-1,2,0,2,0,2,0,0,0,0,2,2,2,2,0,0,2,2
11,7646.152,2690.480,-153.114,-65.896,0.408545,0.912726,0.004636,-0.912553,0.408354,0.022236,0.018403,-0.013315,0.999742,0,0.61049,0.35602,36.629,0.712,-1,375.000,-1,375.000,-1,325.000,325.000,300.000,300.000,-1,-1,-1,-1,700.000,725.000,-1,-1,2,0,2,0,2,0,0,0,0,2,2,2,2,0,0,2,2
12,7661.525,2657.233,-152.392,-65.184,0.419859,0.907579,0.004329,-0.907394,0.419664,0.022757,0.018837,-0.013483,0.999732,0,0.61049,0.35602,36.629,0.712,-1,375.000,-1,375.000,-1,325.000,325.000,300.000,300.000,-1,-1,-1,-1,700.000,725.000,-1,-1,2,0,2,0,2,0,0,0,0,2,2,2,2,0,0,2,2
13,7677.311,2624.180,-151.667,-64.472,0.431107,0.902292,0.004015,-0.902095,0.430910,0.023290,0.019285,-0.013663,0.999721,0,0.61049,0.35602,36.629,0.712,-1,375.000,-1,375.000,-1,325.000,325.000,300.000,300.000,-1,-1,-1,-1,700.000,725.000,-1,-1,2,0,2,0,2,0,0,0,0,2,2,2,2,0,0,2,2
14,7693.506,2591.325,-150.937,-63.760,0.442290,0.896865,0.003693,-0.896655,0.442088,0.023837,0.019746,-0.013854,0.999709,0,0.61049,0.35602,36.629,0.712,-1,375.000,-1,375.000,-1,325.000,325.000,300.000,300.000,-1,-1,-1,-1,700.000,725.000,-1,-1,2,0,2,0,2,0,0,0,0,2,2,2,2,0,0,2,2
15,7710.107,2558.675,-150.203,-63.048,0.453404,0.891299,0.003362,-0.891076,0.453198,0.024397,0.020221,-0.014058,0.999697,0,0.61049,0.35602,36.629,0.712,-1,375.000,-1,375.000,-1,325.000,325.000,300.000,300.000,-1,-1,-1,-1,700.000,725.000,-1,-1,2,0,2,0,2,0,0,0,0,2,2,2,2,0,0,2,2
16,7727.114,2526.233,-149.446,-62.336,0.464446,0.885596,0.002985,-0.885361,0.464239,0.024883,0.020651,-0.014200,0.999686,0,0.61049,0.35602,36.629,0.712,-1,375.000,-1,375.000,-1,325.000,325.000,300.000,300.000,-1,-1,-1,-1,700.000,725.000,-1,-1,2,0,2,0,2,0,0,0,0,2,2,2,2,0,0,2,2
17,7744.522,2494.005,-148.667,-61.624,0.475415,0.879758,0.002567,-0.879510,0.475208,0.025299,0.021037,-0.014285,0.999677,0,0.61049,0.35602,36.629,0.712,-1,375.000,-1,375.000,-1,325.000,325.000,300.000,300.000,-1,-1,-1,-1,700.000,725.000,-1,-1,2,0,2,0,2,0,0,0,0,2,2,2,2,0,0,2,2
18,7764.511,2457.717,-147.778,-61.152,0.482646,0.875813,0.002083,-0.875550,0.482440,0.025762,0.021557,-0.014258,0.999666,0,0.69049,0.23602,41.429,0.472,-1,375.000,-1,375.000,-1,325.000,325.000,300.000,300.000,-1,-1,-1,-1,700.000,725.000,-1,-1,2,0,2,0,2,0,0,0,0,2,2,2,2,0,0,2,2
19,7786.980,2417.315,-146.744,-60.920,0.486184,0.873855,0.001406,-0.873572,0.485984,0.026293,0.022293,-0.014011,0.999653,0,0.77049,0.11602,46.229,0.232,-1,375.000,-1,375.000,-1,325.000,325.000,300.000,300.000,-1,-1,1000.000,-1,700.000,725.000,-1,-1,2,0,2,0,2,0,0,0,0,2,2,0,2,0,0,2,2
20,7811.834,2372.748,-145.560,-60.853,0.487192,0.873295,0.000545,-0.872986,0.487003,0.026889,0.023217,-0.013575,0.999638,0,0.85049,0.03331,51.029,0.067,-1,375.000,-1,375.000,-1,325.000,325.000,300.000,300.000,-1,-1,950.000,-1,700.000,725.000,-1,-1,2,0,2,0,2,0,0,0,0,2,2,0,2,0,0,2,2
21,7838.849,2324.435,-144.203,-60.787,0.488193,0.872736,-0.000618,-0.872396,0.488022,0.027566,0.024359,-0.012918,0.999620,0,0.92254,0.03331,55.353,0.067,-1,375.000,-1,400.000,-1,325.000,325.000,300.000,300.000,-1,975.000,900.000,-1,700.000,750.000,-1,-1,2,0,2,0,2,0,0,0,0,2,0,0,2,0,0,2,2
22,7865.921,2276.154,-142.811,-60.720,0.489190,0.872175,-0.001811,-0.871804,0.489041,0.028240,0.025515,-0.012236,0.999600,0,0.92254,0.03331,55.353,0.067,-1,375.000,-1,400.000,-1,325.000,325.000,300.000,300.000,-1,925.000,850.000,-1,700.000,750.000,-1,-1,2,0,2,0,2,0,0,0,0,2,0,0,2,0,0,2,2
23,7893.049,2227.905,-141.384,-60.653,0.490185,0.871613,-0.003033,-0.871210,0.490058,0.028910,0.026685,-0.011529,0.999577,0,0.92254,0.03331,55.353,0.067,-1,375.000,-1,400.000,-1,325.000,325.000,300.000,300.000,-1,875.000,825.000,-1,700.000,750.000,-1,-1,2,0,2,0,2,0,0,0,0,2,0,0,2,0,0,2,2
24,7920.232,2179.687,-139.915,-60.587,0.491176,0.871050,-0.004253,-0.870615,0.491075,0.029572,0.027847,-0.010822,0.999554,0,0.92254,0.03331,55.353,0.067,-1,375.000,-1,400.000,-1,325.000,325.000,300.000,300.000,-1,850.000,775.000,-1,700.000,750.000,-1,-1,2,0,2,0,2,0,0,0,0,2,0,0,2,0,0,2,2
25,7947.472,2131.501,-138.380,-60.520,0.492167,0.870484,-0.005359,-0.870020,0.492091,0.030207,0.028932,-0.010204,0.999529,0,0.92254,0.03331,55.353,0.067,-1,375.000,-1,400.000,-1,325.000,325.000,300.000,300.000,-1,825.000,750.000,-1,700.000,750.000,-1,-1,2,0,2,0,2,0,0,0,0,2,0,0,2,0,0,2,2
26,7974.768,2083.346,-136.756,-60.454,0.493162,0.869915,-0.006247,-0.869425,0.493105,0.030799,0.029872,-0.009758,0.999506,0,0.92254,0.03331,55.353,0.067,-1,375.000,-1,400.000,-1,325.000,325.000,300.000,300.000,-1,825.000,750.000,-1,700.000,750.000,-1,-1,2,0,2,0,2,0,0,0,0,2,0,0,2,0,0,2,2
27,8002.120,2035.223,-135.089,-60.387,0.494154,0.869345,-0.007152,-0.868827,0.494118,0.031418,0.030847,-0.009311,0.999481,0,0.92254,0.03331,55.353,0.067,-1,375.000,-1,400.000,-1,325.000,325.000,300.000,300.000,-1,825.000,750.000,-1,700.000,750.000,-1,-1,2,0,2,0,2,0,0,0,0,2,0,0,2,0,0,2,2
28,8029.528,1987.132,-133.362,-60.320,0.495145,0.868773,-0.008042,-0.868224,0.495130,0.032148,0.031911,-0.008936,0.999451,0,0.92254,0.03331,55.353,0.067,-1,375.000,-1,400.000,-1,325.000,325.000,300.000,300.000,-1,800.000,750.000,-1,700.000,750.000,-1,-1,2,0,2,0,2,0,0,0,0,2,0,0,2,0,0,2,2
29,8056.992,1939.073,-131.611,-60.254,0.496133,0.868200,-0.008983,-0.867621,0.496142,0.032823,0.032954,-0.008490,0.999421,0,0.92254,0.03331,55.353,0.067,-1,375.000,-1,400.000,-1,325.000,325.000,300.000,300.000,-1,800.000,725.000,-1,700.000,750.000,-1,-1,2,0,2,0,2,0,0,0,0,2,0,0,2,0,0,2,2
30,8084.512,1891.046,-129.837,-60.187,0.497116,0.867626,-0.009977,-0.867018,0.497153,0.033441,0.033974,-0.007974,0.999391,0,0.92254,0.03331,55.353,0.067,-1,375.000,-1,400.000,-1,325.000,325.000,300.000,300.000,-1,800.000,725.000,-1,700.000,775.000,-1,-1,2,0,2,0,2,0,0,0,0,2,0,0,2,0,0,2,2
31,8112.087,1843.051,-128.006,-60.121,0.498093,0.867053,-0.011083,-0.866422,0.498164,0.033845,0.034867,-0.007255,0.999366,0,0.92254,0.03331,55.353,0.067,-1,375.000,-1,400.000,-1,325.000,325.000,300.000,300.000,-1,800.000,725.000,-1,700.000,775.000,-1,-1,2,0,2,0,2,0,0,0,0,2,0,0,2,0,0,2,2
32,8139.718,1795.088,-126.117,-60.054,0.499063,0.866478,-0.012308,-0.865833,0.499175,0.034023,0.035624,-0.006323,0.999345,0,0.92254,0.03331,55.353,0.067,-1,375.000,-1,400.000,-1,325.000,325.000,300.000,300.000,-1,800.000,725.000,-1,700.000,775.000,-1,-1,2,0,2,0,2,0,0,0,0,2,0,0,2,0,0,2,2
33,8167.405,1747.158,-124.207,-59.987,0.500031,0.865902,-0.013471,-0.865252,0.500184,0.033980,0.036162,-0.005336,0.999332,0,0.92254,0.03331,55.353,0.067,-1,375.000,-1,400.000,-1,325.000,325.000,300.000,300.000,-1,825.000,750.000,-1,700.000,750.000,-1,-1,2,0,2,0,2,0,0,0,0,2,0,0,2,0,0,2,2
34,8195.148,1699.259,-122.280,-59.921,0.500998,0.865325,-0.014636,-0.864673,0.501193,0.033854,0.036630,-0.004306,0.999320,0,0.92254,0.03331,55.353,0.067,-1,375.000,-1,400.000,-1,325.000,325.000,300.000,300.000,-1,850.000,775.000,-1,700.000,750.000,-1,-1,2,0,2,0,2,0,0,0,0,2,0,0,2,0,0,2,2
35,8222.946,1651.393,-120.330,-59.854,0.501962,0.864745,-0.015837,-0.864096,0.502201,0.033649,0.037051,-0.003206,0.999308,0,0.92254,0.03331,55.353,0.067,-1,375.000,-1,400.000,-1,325.000,325.000,300.000,300.000,-1,875.000,800.000,-1,700.000,750.000,-1,-1,2,0,2,0,2,0,0,0,0,2,0,0,2,0,0,2,2
36,8250.800,1603.559,-118.336,-59.787,0.502923,0.864163,-0.017040,-0.863518,0.503207,0.033452,0.037482,-0.002110,0.999295,0,0.92254,0.03331,55.353,0.067,-1,375.000,-1,400.000,-1,325.000,325.000,300.000,300.000,-1,900.000,825.000,-1,700.000,750.000,-1,-1,2,0,2,0,2,0,0,0,0,2,0,0,2,0,0,2,2
37,8278.710,1555.758,-116.171,-59.721,0.503892,0.863578,-0.018024,-0.862917,0.504212,0.033831,0.038304,-0.001494,0.999265,0,0.92254,0.03331,55.353,0.067,-1,375.000,-1,400.000,-1,325.000,325.000,300.000,300.000,-1,900.000,825.000,-1,725.000,750.000,-1,-1,2,0,2,0,2,0,0,0,0,2,0,0,2,0,0,2,2
38,8306.675,1507.989,-113.969,-59.654,0.504859,0.862992,-0.019022,-0.862315,0.505216,0.034192,0.039118,-0.000859,0.999234,0,0.92254,0.03331,55.353,0.067,-1,375.000,-1,400.000,-1,325.000,325.000,300.000,300.000,-1,925.000,825.000,-1,725.000,750.000,-1,-1,2,0,2,0,2,0,0,0,0,2,0,0,2,0,0,2,2
39,8334.696,1460.252,-111.708,-59.588,0.505827,0.862405,-0.019934,-0.861714,0.506220,0.034520,0.039861,-0.000284,0.999205,0,0.92254,0.03331,55.353,0.067,-1,375.000,-1,400.000,-1,325.000,325.000,300.000,300.000,-1,925.000,850.000,-1,725.000,750.000,-1,-1,2,0,2,0,2,0,0,0,0,2,0,0,2,0,0,2,2
40,8362.772,1412.548,-109.403,-59.521,0.506794,0.861816,-0.020829,-0.861112,0.507222,0.034825,0.040578,0.000287,0.999176,0,0.92254,0.03331,55.353,0.067,-1,375.000,-1,400.000,-1,325.000,325.000,300.000,300.000,-1,950.000,850.000,-1,725.000,750.000,-1,-1,2,0,2,0,2,0,0,0,0,2,0,0,2,0,0,2,2
41,8390.904,1364.877,-107.092,-59.454,0.507755,0.861225,-0.021828,-0.860513,0.508223,0.035032,0.041264,0.000996,0.999148,0,0.92254,0.03331,55.353,0.067,-1,375.000,-1,400.000,-1,325.000,325.000,300.000,300.000,-1,975.000,875.000,-1,725.000,775.000,-1,-1,2,0,2,0,2,0,0,0,0,2,0,0,2,0,0,2,2
42,8419.091,1317.239,-104.780,-59.388,0.508710,0.860632,-0.022938,-0.859918,0.509223,0.035119,0.041905,0.001859,0.999120,0,0.92254,0.03331,55.353,0.067,-1,375.000,-1,400.000,-1,325.000,325.000,300.000,300.000,-1,975.000,900.000,-1,725.000,775.000,-1,-1,2,0,2,0,2,0,0,0,0,2,0,0,2,0,0,2,2
43,8447.333,1269.633,-102.448,-59.321,0.509660,0.860038,-0.024126,-0.859323,0.510223,0.035173,0.042559,0.002806,0.999090,0,0.92254,0.03331,55.353,0.067,-1,375.000,-1,400.000,-1,325.000,325.000,300.000,300.000,-1,1000.000,900.000,-1,750.000,775.000,-1,-1,2,0,2,0,2,0,0,0,0,2,0,0,2,0,0,2,2
44,8475.631,1222.061,-100.104,-59.255,0.510605,0.859441,-0.025363,-0.858728,0.511220,0.035206,0.043224,0.003804,0.999058,0,0.92254,0.03331,55.353,0.067,-1,375.000,-1,400.000,-1,325.000,325.000,300.000,300.000,-1,-1,900.000,-1,750.000,775.000,-1,-1,2,0,2,0,2,0,0,0,0,2,2,0,2,0,0,2,2
45,8503.984,1174.521,-97.779,-59.188,0.511548,0.858843,-0.026596,-0.858127,0.512217,0.035380,0.044008,0.004724,0.999020,0,0.92254,0.03331,55.353,0.067,-1,400.000,-1,400.000,-1,325.000,325.000,300.000,300.000,-1,-1,900.000,-1,750.000,775.000,-1,-1,2,0,2,0,2,0,0,0,0,2,2,0,2,0,0,2,2
46,8532.392,1127.014,-95.439,-59.121,0.512486,0.858243,-0.027892,-0.857525,0.513213,0.035537,0.044814,0.005706,0.998979,0,0.92254,0.03331,55.353,0.067,-1,400.000,-1,400.000,-1,325.000,325.000,300.000,300.000,-1,-1,875.000,-1,750.000,775.000,-1,-1,2,0,2,0,2,0,0,0,0,2,2,0,2,0,0,2,2
47,8560.856,1079.540,-93.164,-59.055,0.513439,0.857642,-0.028833,-0.856926,0.514208,0.035621,0.045377,0.006419,0.998949,0,0.92254,0.03331,55.353,0.067,-1,400.000,-1,400.000,-1,325.000,325.000,300.000,300.000,-1,-1,875.000,-1,750.000,800.000,-1,-1,2,0,2,0,2,0,0,0,0,2,2,0,2,0,0,2,2
48,8589.374,1032.100,-90.795,-58.988,0.514410,0.857041,-0.029374,-0.856327,0.515203,0.035629,0.045669,0.006826,0.998933,0,0.92254,0.03331,55.353,0.067,-1,400.000,-1,400.000,-1,325.000,325.000,300.000,300.000,-1,-1,900.000,-1,750.000,800.000,-1,-1,2,0,2,0,2,0,0,0,0,2,2,0,2,0,0,2,2
49,8617.948,984.692,-88.329,-58.922,0.515399,0.856441,-0.029553,-0.855730,0.516199,0.035565,0.045715,0.006959,0.998930,0,0.92254,0.03331,55.353,0.067,-1,400.000,-1,400.000,-1,325.000,325.000,300.000,300.000,-1,-1,950.000,-1,750.000,800.000,-1,-1,2,0,2,0,2,0,0,0,0,2,2,0,2,0,0,2,2
50,8643.913,941.317,-86.060,-59.095,0.512796,0.857997,-0.029691,-0.857294,0.513604,0.035483,0.045694,0.007258,0.998929,0,0.84254,-0.08669,50.553,-0.173,-1,400.000,-1,400.000,-1,325.000,325.000,300.000,300.000,-1,-1,1000.000,-1,775.000,800.000,-1,-1,2,0,2,0,2,0,0,0,0,2,2,0,2,0,0,2,2
51,8667.852,900.664,-83.929,-59.508,0.506581,0.861677,-0.029800,-0.860985,0.507398,0.035380,0.045607,0.007735,0.998930,0,0.78630,-0.20669,47.178,-0.413,-1,400.000,-1,400.000,-1,325.000,325.000,300.000,300.000,-1,-1,-1,-1,775.000,800.000,-1,-1,2,0,2,0,2,0,0,0,0,2,2,2,2,0,0,2,2
52,8691.325,859.740,-81.788,-60.162,0.496708,0.867403,-0.029898,-0.866727,0.497536,0.035246,0.045447,0.008406,0.998931,0,0.78630,-0.32669,47.178,-0.653,-1,400.000,-1,400.000,-1,325.000,325.000,300.000,300.000,-1,-1,-1,-1,775.000,800.000,-1,-1,2,0,2,0,2,0,0,0,0,2,2,2,2,0,0,2,2
53,8714.158,818.455,-79.641,-61.055,0.483106,0.875048,-0.030005,-0.874394,0.483947,0.035076,0.045214,0.009291,0.998934,0,0.78630,-0.44669,47.178,-0.893,-1,400.000,-1,400.000,-1,325.000,325.000,300.000,300.000,-1,-1,-1,-1,800.000,800.000,-1,-1,2,0,2,0,2,0,0,0,0,2,2,2,2,0,0,2,2
54,8736.170,776.727,-77.515,-62.188,0.465675,0.884439,-0.030244,-0.883813,0.466539,0.034887,0.044966,0.010484,0.998934,0,0.78630,-0.56669,47.178,-1.133,-1,400.000,-1,400.000,-1,325.000,325.000,300.000,300.000,-1,-1,-1,-1,800.000,825.000,-1,-1,2,0,2,0,2,0,0,0,0,2,2,2,2,0,0,2,2
55,8757.175,734.483,-75.390,-63.562,0.444312,0.895352,-0.030503,-0.894760,0.445199,0.034660,0.044613,0.011893,0.998934,0,0.78630,-0.68669,47.178,-1.373,-1,400.000,-1,400.000,-1,325.000,325.000,300.000,300.000,-1,-1,-1,-1,825.000,825.000,-1,-1,2,0,2,0,2,0,0,0,0,2,2,2,2,0,0,2,2
56,8776.983,691.665,-73.369,-65.175,0.418888,0.907509,-0.030982,-0.906977,0.419804,0.034016,0.043876,0.013851,0.998941,0,0.78630,-0.80669,47.178,-1.613,-1,400.000,-1,400.000,-1,325.000,325.000,300.000,300.000,-1,-1,-1,-1,825.000,825.000,-1,-1,2,0,2,0,2,0,0,0,0,2,2,2,2,0,0,2,2
57,8795.521,648.281,-71.375,-66.864,0.391926,0.919455,-0.031566,-0.918992,0.392870,0.033268,0.042989,0.015970,0.998948,0,0.78630,-0.84419,47.178,-1.688,-1,400.000,-1,400.000,-1,325.000,325.000,300.000,300.000,-1,-1,-1,-1,825.000,825.000,-1,-1,2,0,2,0,2,0,0,0,0,2,2,2,2,0,0,2,2
58,8812.772,604.370,-69.394,-68.552,0.364624,0.930597,-0.032220,-0.930206,0.365596,0.032500,0.042024,0.018121,0.998952,0,0.78630,-0.84419,47.178,-1.688,-1,400.000,-1,400.000,-1,325.000,325.000,300.000,300.000,-1,-1,-1,-1,850.000,825.000,-1,-1,2,0,2,0,2,0,0,0,0,2,2,2,2,0,0,2,2
59,8828.723,559.970,-67.485,-70.240,0.337009,0.940930,-0.032786,-0.940601,0.338006,0.031981,0.041174,0.020061,0.998951,0,0.78630,-0.84419,47.178,-1.688,-1,400.000,-1,400.000,-1,325.000,325.000,300.000,300.000,-1,-1,-1,-1,850.000,825.000,-1,-1,2,0,2,0,2,0,0,0,0,2,2,2,2,0,0,2,2
60,8843.357,515.120,-65.799,-71.929,0.309150,0.950459,-0.032466,-0.950179,0.310129,0.031296,0.039814,0.021173,0.998983,0,0.78630,-0.84419,47.178,-1.688,-1,400.000,-1,400.000,-1,325.000,325.000,300.000,300.000,-1,-1,-1,-1,850.000,825.000,-1,-1,2,0,2,0,2,0,0,0,0,2,2,2,2,0,0,2,2
61,8856.664,469.857,-64.218,-73.617,0.281045,0.959168,-0.031799,-0.958937,0.281985,0.030412,0.038137,0.021946,0.999032,0,0.78630,-0.84419,47.178,-1.688,-1,400.000,-1,400.000,-1,325.000,325.000,300.000,300.000,-1,-1,-1,-1,875.000,825.000,-1,-1,2,0,2,0,2,0,0,0,0,2,2,2,2,0,0,2,2
62,8868.324,426.144,-62.723,-75.066,0.256743,0.965975,-0.031213,-0.965788,0.257647,0.029510,0.036548,0.022569,0.999077,0,0.75403,-0.72419,45.242,-1.448,-1,400.000,-1,400.000,-1,325.000,325.000,300.000,300.000,-1,-1,-1,-1,875.000,825.000,-1,-1,2,0,2,0,2,0,0,0,0,2,2,2,2,0,0,2,2
63,8878.960,382.170,-61.247,-76.402,0.234175,0.971710,-0.030675,-0.971565,0.235042,0.028564,0.034966,0.023114,0.999121,0,0.75403,-0.66830,45.242,-1.337,-1,400.000,-1,400.000,-1,325.000,325.000,300.000,300.000,-1,-1,-1,-1,875.000,825.000,-1,-1,2,0,2,0,2,0,0,0,0,2,2,2,2,0,0,2,2
64,8888.568,337.961,-59.794,-77.739,0.211479,0.976916,-0.030177,-0.976813,0.212309,0.027576,0.033347,0.023646,0.999164,0,0.75403,-0.66830,45.242,-1.337,-1,400.000,-1,400.000,-1,325.000,325.000,300.000,300.000,-1,-1,-1,-1,875.000,825.000,-1,-1,2,0,2,0,2,0,0,0,0,2,2,2,2,0,0,2,2
65,8897.142,293.539,-58.364,-79.075,0.188669,0.981591,-0.029725,-0.981529,0.189461,0.026552,0.031695,0.024166,0.999205,0,0.75403,-0.66830,45.242,-1.337,-1,400.000,-1,400.000,-1,325.000,325.000,300.000,300.000,-1,-1,-1,-1,900.000,825.000,-1,-1,2,0,2,0,2,0,0,0,0,2,2,2,2,0,0,2,2
66,8904.678,248.930,-56.957,-80.412,0.165756,0.985731,-0.029322,-0.985710,0.166511,0.025496,0.030015,0.024677,0.999245,0,0.75403,-0.66830,45.242,-1.337,-1,400.000,-1,400.000,-1,325.000,325.000,300.000,300.000,-1,-1,-1,-1,900.000,825.000,-1,-1,2,0,2,0,2,0,0,0,0,2,2,2,2,0,0,2,2
67,8911.171,204.156,-55.572,-81.749,0.142753,0.989334,-0.028972,-0.989353,0.143471,0.024414,0.028311,0.025178,0.999282,0,0.75403,-0.66830,45.242,-1.337,-1,400.000,-1,400.000,-1,325.000,325.000,300.000,300.000,-1,-1,-1,-1,900.000,825.000,-1,-1,2,0,2,0,2,0,0,0,0,2,2,2,2,0,0,2,2
68,8916.618,159.244,-54.211,-83.085,0.119672,0.992399,-0.028679,-0.992457,0.120353,0.023313,0.026588,0.025672,0.999317,0,0.75403,-0.66830,45.242,-1.337,-1,400.000,-1,400.000,-1,325.000,325.000,300.000,300.000,-1,-1,-1,-1,900.000,800.000,-1,-1,2,0,2,0,2,0,0,0,0,2,2,2,2,0,0,2,2
69,8921.015,114.217,-52.872,-84.422,0.096526,0.994924,-0.028445,-0.995020,0.097170,0.022198,0.024850,0.026161,0.999349,0,0.75403,-0.66830,45.242,-1.337,-1,425.000,-1,400.000,-1,325.000,325.000,300.000,300.000,-1,-1,-1,-1,900.000,800.000,-1,-1,2,0,2,0,2,0,0,0,0,2,2,2,2,0,0,2,2
70,8924.362,69.099,-51.557,-85.758,0.073327,0.996907,-0.028273,-0.997040,0.073935,0.021076,0.023101,0.026644,0.999378,0,0.75403,-0.66830,45.242,-1.337,-1,425.000,-1,400.000,-1,325.000,325.000,300.000,300.000,-1,-1,-1,-1,925.000,800.000,-1,-1,2,0,2,0,2,0,0,0,0,2,2,2,2,0,0,2,2
71,8926.654,23.915,-50.266,-87.095,0.050089,0.998348,-0.028166,-0.998517,0.050660,0.019954,0.021348,0.027124,0.999404,0,0.75403,-0.66830,45.242,-1.337,-1,425.000,-1,400.000,-1,325.000,325.000,300.000,300.000,-1,-1,-1,-1,925.000,800.000,-1,-1,2,0,2,0,2,0,0,0,0,2,2,2,2,0,0,2,2
72,8927.893,-21.309,-49.336,-88.432,0.026816,0.999243,-0.028197,-0.999445,0.027358,0.019018,0.019775,0.027672,0.999421,0,0.75403,-0.66830,45.242,-1.337,-1,425.000,-1,400.000,-1,325.000,325.000,300.000,300.000,-1,-1,-1,-1,925.000,800.000,-1,-1,2,0,2,0,2,0,0,0,0,2,2,2,2,0,0,2,2
73,8928.075,-66.550,-48.824,-89.768,0.003559,0.999625,-0.027149,-0.999834,0.004043,0.017772,0.017875,0.027081,0.999473,0,0.75403,-0.66830,45.242,-1.337,-1,425.000,-1,400.000,-1,325.000,325.000,300.000,300.000,-1,-1,-1,-1,925.000,800.000,-1,-1,2,0,2,0,2,0,0,0,0,2,2,2,2,0,0,2,2
74,8927.203,-111.784,-48.335,-91.105,-0.019705,0.999463,-0.026174,-0.999677,-0.019276,0.016536,0.016023,0.026491,0.999521,0,0.75403,-0.66830,45.242,-1.337,-1,425.000,-1,400.000,-1,325.000,325.000,300.000,300.000,-1,-1,-1,-1,925.000,800.000,-1,-1,2,0,2,0,2,0,0,0,0,2,2,2,2,0,0,2,2
75,8925.275,-156.984,-47.865,-92.442,-0.042963,0.998757,-0.025276,-0.998975,-0.042585,0.015318,0.014223,0.025908,0.999563,0,0.75403,-0.66830,45.242,-1.337,-1,400.000,-1,400.000,-1,325.000,325.000,300.000,300.000,-1,-1,-1,-1,925.000,800.000,-1,-1,2,0,2,0,2,0,0,0,0,2,2,2,2,0,0,2,2
76,8922.294,-202.127,-47.414,-93.778,-0.066203,0.997506,-0.024456,-0.997728,-0.065872,0.014125,0.012479,0.025335,0.999601,0,0.75403,-0.66830,45.242,-1.337,-1,400.000,-1,400.000,-1,325.000,325.000,300.000,300.000,-1,-1,-1,-1,925.000,800.000,-1,-1,2,0,2,0,2,0,0,0,0,2,2,2,2,0,0,2,2
77,8918.260,-247.189,-46.977,-95.115,-0.089411,0.995712,-0.023715,-0.995936,-0.089123,0.012965,0.010796,0.024778,0.999635,0,0.75403,-0.66830,45.242,-1.337,-1,400.000,-1,400.000,-1,325.000,325.000,300.000,300.000,-1,-1,-1,-1,900.000,775.000,-1,-1,2,0,2,0,2,0,0,0,0,2,2,2,2,0,0,2,2
78,8913.176,-292.144,-46.554,-96.451,-0.112575,0.993376,-0.023056,-0.993601,-0.112326,0.011844,0.009176,0.024242,0.999664,0,0.75403,-0.66830,45.242,-1.337,-1,400.000,-1,400.000,-1,325.000,325.000,300.000,300.000,-1,-1,-1,-1,900.000,775.000,-1,-1,2,0,2,0,2,0,0,0,0,2,2,2,2,0,0,2,2
79,8907.046,-336.968,-46.141,-97.788,-0.135682,0.990497,-0.022478,-0.990723,-0.135469,0.010771,0.007624,0.023730,0.999689,0,0.75403,-0.66830,45.242,-1.337,-1,400.000,-1,400.000,-1,325.000,325.000,300.000,300.000,-1,-1,-1,-1,900.000,775.000,-1,-1,2,0,2,0,2,0,0,0,0,2,2,2,2,0,0,2,2
80,8899.871,-381.637,-45.737,-99.125,-0.158719,0.987079,-0.021980,-0.987305,-0.158538,0.009752,0.006142,0.023249,0.999711,0,0.75403,-0.66830,45.242,-1.337,-1,400.000,-1,375.000,-1,325.000,325.000,300.000,300.000,-1,-1,-1,-1,900.000,775.000,-1,-1,2,0,2,0,2,0,0,0,0,2,2,2,2,0,0,2,2
81,8891.656,-426.127,-45.338,-100.461,-0.181673,0.983123,-0.021563,-0.983348,-0.181521,0.008796,0.004733,0.022802,0.999729,0,0.75403,-0.66830,45.242,-1.337,-1,400.000,-1,400.000,-1,325.000,325.000,300.000,300.000,-1,-1,-1,-1,900.000,775.000,-1,-1,2,0,2,0,2,0,0,0,0,2,2,2,2,0,0,2,2
82,8882.406,-470.413,-44.944,-101.798,-0.204531,0.978630,-0.021224,-0.978854,-0.204406,0.007909,0.003402,0.022393,0.999743,0,0.75403,-0.66830,45.242,-1.337,-1,400.000,-1,400.000,-1,325.000,325.000,300.000,300.000,-1,-1,-1,-1,900.000,775.000,-1,-1,2,0,2,0,2,0,0,0,0,2,2,2,2,0,0,2,2
83,8873.376,-509.858,-44.594,-102.894,-0.223203,0.974546,-0.020971,-0.974769,-0.223100,0.007175,0.002314,0.022044,0.999754,0,0.67443,-0.54830,40.466,-1.097,-1,400.000,-1,400.000,-1,325.000,325.000,325.000,300.000,-1,-1,-1,-1,900.000,775.000,-1,-1,2,0,2,0,2,0,0,0,0,2,2,2,2,0,0,2,2
84,8863.757,-549.164,-44.247,-103.751,-0.237731,0.971110,-0.020734,-0.971330,-0.237646,0.006492,0.001377,0.021683,0.999764,0,0.67443,-0.42830,40.466,-0.857,-1,400.000,-1,400.000,-1,325.000,325.000,325.000,300.000,-1,-1,-1,-1,925.000,775.000,-1,-1,2,0,2,0,2,0,0,0,0,2,2,2,2,0,0,2,2
85,8853.715,-588.364,-43.987,-104.368,-0.248159,0.968511,-0.020090,-0.968719,-0.248087,0.006032,0.000858,0.020959,0.999780,0,0.67443,-0.30830,40.466,-0.617,-1,425.000,-1,400.000,-1,325.000,325.000,325.000,300.000,-1,-1,-1,-1,925.000,775.000,-1,-1,2,0,2,0,2,0,0,0,0,2,2,2,2,0,0,2,2
86,8843.416,-627.497,-43.987,-104.744,-0.254511,0.966895,-0.018421,-0.967070,-0.254457,0.005228,0.000368,0.019145,0.999817,0,0.67443,-0.18830,40.466,-0.377,-1,425.000,-1,400.000,-1,325.000,325.000,325.000,300.000,-1,-1,-1,-1,925.000,775.000,-1,-1,2,0,2,0,2,0,0,0,0,2,2,2,2,0,0,2,2
87,8833.024,-666.605,-44.044,-104.881,-0.256804,0.966322,-0.016549,-0.966463,-0.256771,0.004114,-0.000273,0.017050,0.999855,0,0.67443,-0.06830,40.466,-0.137,-1,425.000,-1,400.000,-1,325.000,325.000,325.000,300.000,-1,-1,-1,-1,950.000,775.000,-1,-1,2,0,2,0,2,0,0,0,0,2,2,2,2,0,0,2,2
88,8822.702,-705.733,-44.101,-104.777,-0.255053,0.966815,-0.014747,-0.966927,-0.255035,0.003087,-0.000776,0.015046,0.999886,0,0.67443,0.05170,40.466,0.103,-1,400.000,-1,400.000,-1,325.000,325.000,300.000,325.000,-1,-1,-1,-1,950.000,775.000,-1,-1,2,0,2,0,2,0,0,0,0,2,2,2,2,0,0,2,2
89,8812.615,-744.921,-44.341,-104.434,-0.249249,0.968343,-0.013657,-0.968439,-0.249241,0.002335,-0.001142,0.013808,0.999904,0,0.67443,0.17170,40.466,0.343,-1,400.000,-1,400.000,-1,325.000,325.000,300.000,325.000,-1,-1,-1,-1,950.000,775.000,-1,-1,2,0,2,0,2,0,0,0,0,2,2,2,2,0,0,2,2
90,8802.928,-784.210,-44.727,-103.851,-0.239366,0.970839,-0.013283,-0.970928,-0.239370,0.001251,-0.001965,0.013196,0.999911,0,0.67443,0.29170,40.466,0.583,-1,400.000,-1,400.000,-1,325.000,325.000,300.000,300.000,-1,-1,-1,-1,950.000,800.000,-1,-1,2,0,2,0,2,0,0,0,0,2,2,2,2,0,0,2,2
91,8793.687,-823.606,-45.090,-103.201,-0.228333,0.973498,-0.012886,-0.973579,-0.228350,0.000138,-0.002808,0.012577,0.999917,0,0.67443,0.32481,40.466,0.650,-1,400.000,-1,400.000,-1,325.000,325.000,300.000,300.000,-1,-1,-1,-1,975.000,800.000,-1,-1,2,0,2,0,2,0,0,0,0,2,2,2,2,0,0,2,2
92,8784.893,-863.105,-45.431,-102.551,-0.217271,0.976032,-0.012457,-0.976104,-0.217300,-0.001002,-0.003685,0.011941,0.999922,0,0.67443,0.32481,40.466,0.650,-1,400.000,-1,400.000,-1,325.000,325.000,300.000,300.000,-1,-1,-1,-1,975.000,800.000,-1,-1,2,0,2,0,2,0,0,0,0,2,2,2,2,0,0,2,2
93,8776.547,-902.700,-45.750,-101.902,-0.206182,0.978440,-0.011995,-0.978503,-0.206221,-0.002169,-0.004596,0.011290,0.999926,0,0.67443,0.32481,40.466,0.650,-1,400.000,-1,400.000,-1,325.000,325.000,300.000,300.000,-1,-1,-1,-1,975.000,825.000,-1,-1,2,0,2,0,2,0,0,0,0,2,2,2,2,0,0,2,2
94,8767.901,-947.133,-46.085,-101.012,-0.190956,0.981532,-0.011437,-0.981582,-0.191007,-0.003516,-0.005636,0.010555,0.999928,0,0.75443,0.44481,45.266,0.890,-1,400.000,-1,400.000,-1,325.000,325.000,300.000,300.000,-1,-1,-1,-1,975.000,825.000,-1,-1,2,0,2,0,2,0,0,0,0,2,2,2,2,0,0,2,2
95,8759.308,-996.455,-46.430,-99.883,-0.171560,0.985115,-0.010749,-0.985150,-0.171621,-0.005062,-0.006832,0.009721,0.999929,0,0.83443,0.56481,50.066,1.130,-1,400.000,-1,400.000,-1,325.000,325.000,300.000,300.000,-1,-1,-1,-1,1000.000,850.000,-1,-1,2,0,2,0,2,0,0,0,0,2,2,2,2,0,0,2,2
96,8751.186,-1050.717,-46.777,-98.513,-0.147957,0.988944,-0.009892,-0.988960,-0.148027,-0.006826,-0.008215,0.008773,0.999928,0,0.91443,0.68481,54.866,1.370,-1,425.000,-1,400.000,-1,325.000,325.000,300.000,300.000,-1,-1,-1,-1,1000.000,850.000,-1,-1,2,0,2,0,2,0,0,0,0,2,2,2,2,0,0,2,2
97,8744.555,-1105.483,-47.098,-96.903,-0.120114,0.992720,-0.008892,-0.992713,-0.120191,-0.008679,-0.009685,0.007785,0.999923,0,0.91944,0.80481,55.166,1.610,-1,425.000,-1,400.000,-1,325.000,325.000,300.000,300.000,-1,-1,-1,-1,1000.000,875.000,-1,-1,2,0,2,0,2,0,0,0,0,2,2,2,2,0,0,2,2
98,8739.669,-1160.433,-47.395,-95.081,-0.088490,0.996047,-0.007725,-0.996013,-0.088569,-0.010612,-0.011255,0.006755,0.999914,0,0.91944,0.91096,55.166,1.822,-1,425.000,-1,400.000,-1,325.000,325.000,325.000,300.000,-1,-1,-1,-1,1000.000,875.000,-1,-1,2,0,2,0,2,0,0,0,0,2,2,2,2,0,0,2,2
99,8736.532,-1215.510,-47.668,-93.260,-0.056780,0.998366,-0.006397,-0.998303,-0.056858,-0.012605,-0.012948,0.005671,0.999900,0,0.91944,0.91096,55.166,1.822,-1,425.000,-1,425.000,-1,350.000,325.000,325.000,300.000,-1,-1,-1,-1,1000.000,900.000,-1,-1,2,0,2,0,2,0,0,0,0,2,2,2,2,0,0,2,2
100,8735.148,-1270.659,-47.922,-91.438,-0.025018,0.999675,-0.004907,-0.999578,-0.025088,-0.014645,-0.014763,0.004539,0.999881,0,0.91944,0.91096,55.166,1.822,-1,450.000,-1,425.000,-1,350.000,350.000,325.000,300.000,-1,-1,-1,-1,1000.000,900.000,-1,-1,2,0,2,0,2,0,0,0,0,2,2,2,2,0,0,2,2
101,8735.518,-1325.825,-48.646,-89.616,0.006767,0.999971,-0.003540,-0.999839,0.006707,-0.016622,-0.016598,0.003652,0.999856,0,0.91944,0.91096,55.166,1.822,-1,450.000,-1,425.000,-1,350.000,350.000,325.000,300.000,-1,-1,-1,-1,1000.000,925.000,-1,-1,2,0,2,0,2,0,0,0,0,2,2,2,2,0,0,2,2
102,8737.642,-1380.950,-50.643,-87.794,0.038565,0.999252,-0.003027,-0.999054,0.038496,-0.020216,-0.020084,0.003804,0.999791,0,0.91944,0.91096,55.166,1.822,-1,450.000,-1,425.000,-1,350.000,350.000,300.000,300.000,-1,-1,-1,-1,975.000,900.000,-1,-1,2,0,2,0,2,0,0,0,0,2,2,2,2,0,0,2,2
103,8741.517,-1435.981,-52.627,-85.972,0.070319,0.997522,-0.002260,-0.997245,0.070246,-0.023834,-0.023616,0.003929,0.999713,0,0.91944,0.91096,55.166,1.822,-1,425.000,-1,425.000,-1,350.000,350.000,300.000,300.000,-1,-1,-1,-1,950.000,875.000,-1,-1,2,0,2,0,2,0,0,0,0,2,2,2,2,0,0,2,2
104,8747.140,-1490.860,-54.599,-84.150,0.101997,0.994784,-0.001241,-0.994413,0.101925,-0.027454,-0.027184,0.004035,0.999622,0,0.91944,0.91096,55.166,1.822,-1,425.000,-1,425.000,-1,350.000,350.000,300.000,300.000,-1,-1,-1,-1,925.000,875.000,-1,-1,2,0,2,0,2,0,0,0,0,2,2,2,2,0,0,2,2
105,8754.504,-1545.533,-56.564,-82.328,0.133564,0.991040,0.000021,-0.990562,0.133500,-0.031053,-0.030778,0.004126,0.999518,0,0.91944,0.91096,55.166,1.822,-1,425.000,-1,425.000,-1,350.000,325.000,300.000,275.000,-1,-1,-1,-1,900.000,850.000,-1,-1,2,0,2,0,2,0,0,0,0,2,2,2,2,0,0,2,2
106,8763.604,-1599.944,-58.522,-80.506,0.164988,0.986294,0.001521,-0.985696,0.164941,-0.034611,-0.034387,0.004211,0.999400,0,0.91944,0.91096,55.166,1.822,-1,425.000,-1,400.000,-1,325.000,325.000,300.000,300.000,-1,-1,-1,-1,875.000,825.000,-1,-1,2,0,2,0,2,0,0,0,0,2,2,2,2,0,0,2,2
107,8774.428,-1654.039,-60.479,-78.684,0.196235,0.980552,0.003247,-0.979820,0.196215,-0.038105,-0.038001,0.004296,0.999268,0,0.91944,0.91096,55.166,1.822,-1,425.000,-1,400.000,-1,325.000,325.000,300.000,300.000,-1,-1,-1,-1,850.000,825.000,-1,-1,2,0,2,0,2,0,0,0,0,2,2,2,2,0,0,2,2
108,8786.967,-1707.762,-62.435,-76.862,0.227273,0.973817,0.005189,-0.972942,0.227290,-0.041516,-0.041608,0.004387,0.999124,0,0.91944,0.91096,55.166,1.822,-1,400.000,-1,400.000,-1,325.000,325.000,300.000,300.000,-1,-1,-1,-1,825.000,800.000,-1,-1,2,0,2,0,2,0,0,0,0,2,2,2,2,0,0,2,2
109,8801.208,-1761.059,-64.395,-75.040,0.258070,0.966098,0.007335,-0.965068,0.258136,-0.044825,-0.045198,0.004489,0.998968,0,0.91944,0.91096,55.166,1.822,-1,400.000,-1,400.000,-1,325.000,325.000,300.000,300.000,-1,-1,-1,-1,800.000,800.000,-1,-1,2,0,2,0,2,0,0,0,0,2,2,2,2,0,0,2,2
110,8817.136,-1813.876,-66.360,-73.218,0.288595,0.957402,0.009671,-0.956209,0.288720,-0.048013,-0.048760,0.004609,0.998800,0,0.91944,0.91096,55.166,1.822,-1,400.000,-1,400.000,-1,325.000,325.000,300.000,300.000,-1,-1,-1,-1,800.000,775.000,-1,-1,2,0,2,0,2,0,0,0,0,2,2,2,2,0,0,2,2
111,8834.735,-1866.161,-68.347,-71.397,0.318819,0.947738,0.012120,-0.946375,0.319013,-0.051042,-0.052241,0.004803,0.998623,0,0.91944,0.91096,55.166,1.822,-1,400.000,-1,400.000,-1,325.000,325.000,300.000,300.000,-1,-1,-1,-1,775.000,775.000,-1,-1,2,0,2,0,2,0,0,0,0,2,2,2,2,0,0,2,2
112,8853.988,-1917.859,-71.026,-69.575,0.348864,0.937101,0.011651,-0.935641,0.348977,-0.052838,-0.053580,0.007532,0.998535,0,0.91944,0.91096,55.166,1.822,-1,400.000,-1,400.000,-1,325.000,325.000,300.000,300.000,-1,-1,-1,-1,775.000,750.000,-1,-1,2,0,2,0,2,0,0,0,0,2,2,2,2,0,0,2,2
113,8874.874,-1968.919,-73.648,-67.753,0.378546,0.925512,0.011440,-0.923965,0.378586,-0.054425,-0.054702,0.010032,0.998452,0,0.91944,0.91096,55.166,1.822,-1,400.000,-1,400.000,-1,325.000,325.000,300.000,300.000,-1,-1,-1,-1,750.000,725.000,-1,-1,2,0,2,0,2,0,0,0,0,2,2,2,2,0,0,2,2
114,8897.373,-2019.289,-76.267,-65.931,0.407842,0.912982,0.011342,-0.911348,0.407808,-0.056013,-0.055764,0.012507,0.998366,0,0.91944,0.91096,55.166,1.822,-1,400.000,-1,375.000,-1,325.000,325.000,300.000,300.000,-1,-1,-1,-1,750.000,700.000,-1,-1,2,0,2,0,2,0,0,0,0,2,2,2,2,0,0,2,2
115,8921.463,-2068.918,-79.089,-64.109,0.436687,0.899536,0.011813,-0.897863,0.436619,-0.056629,-0.056098,0.014123,0.998325,0,0.91944,0.91096,55.166,1.822,-1,400.000,-1,375.000,-1,325.000,325.000,300.000,300.000,-1,-1,-1,-1,725.000,700.000,-1,-1,2,0,2,0,2,0,0,0,0,2,2,2,2,0,0,2,2
116,8947.118,-2117.757,-82.137,-62.287,0.465062,0.885188,0.012665,-0.883516,0.464990,-0.056424,-0.055835,0.015051,0.998327,0,0.91944,0.91096,55.166,1.822,-1,400.000,-1,375.000,-1,325.000,325.000,300.000,300.000,-1,-1,-1,-1,725.000,675.000,-1,-1,2,0,2,0,2,0,0,0,0,2,2,2,2,0,0,2,2
117,8974.312,-2165.754,-85.127,-60.465,0.492980,0.869941,0.013191,-0.868277,0.492889,-0.056176,-0.055372,0.016240,0.998334,0,0.91944,0.91096,55.166,1.822,-1,400.000,-1,375.000,-1,325.000,325.000,300.000,300.000,-1,-1,-1,-1,725.000,675.000,-1,-1,2,0,2,0,2,0,0,0,0,2,2,2,2,0,0,2,2
118,9003.019,-2212.863,-88.048,-58.643,0.520409,0.853811,0.013461,-0.852164,0.520286,-0.055841,-0.054681,0.017589,0.998349,0,0.91944,0.91096,55.166,1.822,-1,400.000,-1,375.000,-1,325.000,325.000,300.000,300.000,-1,-1,-1,-1,700.000,650.000,-1,-1,2,0,2,0,2,0,0,0,0,2,2,2,2,0,0,2,2
119,9033.210,-2259.035,-90.940,-56.821,0.547311,0.836817,0.013683,-0.835192,0.547155,-0.055460,-0.053897,0.018926,0.998367,0,0.91944,0.91096,55.166,1.822,-1,375.000,-1,375.000,-1,325.000,325.000,300.000,300.000,-1,-1,-1,-1,700.000,650.000,-1,-1,2,0,2,0,2,0,0,0,0,2,2,2,2,0,0,2,2
120,9065.006,-2304.477,-93.817,-55.019,0.573379,0.819173,0.013848,-0.817573,0.573189,-0.055035,-0.053021,0.020234,0.998388,0,0.92436,0.90120,55.462,1.802,-1,375.000,-1,375.000,975.000,325.000,325.000,300.000,300.000,-1,-1,-1,-1,700.000,625.000,-1,1000.000,2,0,2,0,0,0,0,0,0,2,2,2,2,0,0,2,0
121,9098.350,-2349.111,-96.674,-53.238,0.598573,0.800947,0.013949,-0.799375,0.598349,-0.054568,-0.052052,0.021512,0.998413,0,0.92856,0.89024,55.713,1.780,-1,375.000,-1,375.000,950.000,325.000,325.000,300.000,300.000,-1,-1,-1,-1,675.000,625.000,-1,975.000,2,0,2,0,0,0,0,0,0,2,2,2,2,0,0,2,0
122,9133.160,-2392.841,-99.370,-51.480,0.622912,0.782180,0.013254,-0.780658,0.622616,-0.054063,-0.050539,0.023330,0.998450,0,0.93155,0.87910,55.893,1.758,-1,375.000,-1,375.000,900.000,325.000,325.000,300.000,300.000,-1,-1,-1,-1,675.000,625.000,-1,950.000,2,0,2,0,0,0,0,0,0,2,2,2,2,0,0,2,0
123,9169.349,-2435.580,-101.933,-49.744,0.646356,0.762930,0.012712,-0.761456,0.645999,-0.053565,-0.049078,0.024942,0.998483,0,0.93338,0.86795,56.003,1.736,-1,375.000,-1,375.000,850.000,325.000,325.000,300.000,300.000,-1,-1,-1,-1,675.000,600.000,-1,900.000,2,0,2,0,0,0,0,0,0,2,2,2,2,0,0,2,0
124,9206.830,-2477.250,-104.436,-48.030,0.668922,0.743235,0.012028,-0.741814,0.668502,-0.053074,-0.047487,0.026580,0.998518,0,0.93412,0.85700,56.047,1.714,-1,375.000,-1,375.000,825.000,300.000,325.000,300.000,300.000,-1,-1,-1,-1,675.000,600.000,-1,850.000,2,0,2,0,0,0,0,0,0,2,2,2,2,0,0,2,0
125,9245.517,-2517.782,-106.878,-46.335,0.690654,0.723098,0.011199,-0.721736,0.690167,-0.052603,-0.045766,0.028248,0.998553,0,0.93385,0.84771,56.031,1.695,-1,375.000,-1,350.000,800.000,300.000,300.000,300.000,300.000,-1,-1,-1,-1,650.000,575.000,-1,800.000,2,0,2,0,0,0,0,0,0,2,2,2,2,0,0,2,0
126,9282.550,-2554.659,-109.035,-44.879,0.708826,0.705310,0.010168,-0.704030,0.708285,-0.051700,-0.043667,0.029488,0.998611,0,0.87105,0.72771,52.263,1.455,-1,375.000,-1,350.000,750.000,300.000,300.000,300.000,300.000,-1,-1,-1,-1,650.000,575.000,-1,775.000,2,0,2,0,0,0,0,0,0,2,2,2,2,0,0,2,0
127,9320.285,-2590.674,-110.617,-43.664,0.723613,0.690144,0.009184,-0.689046,0.723105,-0.048329,-0.039995,0.028643,0.998789,0,0.86939,0.60771,52.163,1.215,-1,375.000,-1,350.000,750.000,300.000,300.000,300.000,300.000,-1,-1,-1,-1,650.000,575.000,-1,775.000,2,0,2,0,0,0,0,0,0,2,2,2,2,0,0,2,0
128,9358.541,-2625.961,-112.144,-42.689,0.735246,0.677753,0.007999,-0.676825,0.734769,-0.044974,-0.036359,0.027653,0.998956,0,0.86744,0.48771,52.046,0.975,-1,375.000,-1,350.000,750.000,300.000,300.000,300.000,300.000,-1,-1,-1,-1,650.000,575.000,-1,775.000,2,0,2,0,0,0,0,0,0,2,2,2,2,0,0,2,0
129,9397.154,-2660.671,-113.618,-41.953,0.743874,0.668287,0.006650,-0.667517,0.743431,-0.041610,-0.032751,0.026513,0.999112,0,0.86534,0.36771,51.921,0.735,-1,375.000,-1,350.000,725.000,300.000,300.000,300.000,300.000,-1,725.000,975.000,-1,650.000,575.000,-1,775.000,2,0,2,0,0,0,0,0,0,2,0,0,2,0,0,2,0
130,9435.971,-2694.963,-114.994,-41.458,0.749610,0.661859,0.005184,-0.661243,0.749210,-0.037980,-0.029021,0.025042,0.999265,0,0.86324,0.24771,51.794,0.495,-1,375.000,-1,350.000,725.000,300.000,300.000,300.000,300.000,-1,500.000,625.000,-1,650.000,575.000,-1,750.000,2,0,2,0,0,0,0,0,0,2,0,0,2,0,0,2,0
131,9474.988,-2728.841,-115.997,-40.968,0.755221,0.655461,0.003623,-0.655009,0.754885,-0.033341,-0.024589,0.022807,0.999437,0,0.86123,0.24508,51.674,0.490,-1,375.000,-1,350.000,725.000,300.000,300.000,300.000,300.000,-1,425.000,500.000,-1,625.000,575.000,-1,775.000,2,0,2,0,0,0,0,0,0,2,0,0,2,0,0,2,0
132,9514.197,-2762.304,-116.911,-40.479,0.760763,0.649027,0.001903,-0.648714,0.760481,-0.028956,-0.020240,0.020794,0.999579,0,0.85913,0.24433,51.548,0.489,-1,375.000,-1,350.000,725.000,300.000,300.000,300.000,300.000,-1,375.000,425.000,-1,625.000,575.000,-1,775.000,2,0,2,0,0,0,0,0,0,2,0,0,2,0,0,2,0
133,9553.593,-2795.350,-117.778,-39.990,0.766250,0.642543,0.000035,-0.642347,0.766018,-0.024611,-0.015840,0.018836,0.999697,0,0.85700,0.24433,51.420,0.489,-1,375.000,-1,350.000,725.000,300.000,300.000,300.000,300.000,-1,325.000,375.000,-1,625.000,575.000,-1,775.000,2,0,2,0,0,0,0,0,0,2,0,0,2,0,0,2,0
134,9593.173,-2827.977,-118.575,-39.500,0.771697,0.635987,-0.001981,-0.635886,0.771512,-0.020436,-0.011469,0.017030,0.999789,0,0.85491,0.24508,51.294,0.490,-1,375.000,-1,350.000,725.000,300.000,300.000,300.000,300.000,-1,300.000,350.000,-1,625.000,600.000,-1,775.000,2,0,2,0,0,0,0,0,0,2,0,0,2,0,0,2,0
135,9632.939,-2860.187,-119.214,-39.007,0.777122,0.629336,-0.004143,-0.629306,0.776974,-0.016888,-0.007409,0.015731,0.999849,0,0.85290,0.24657,51.174,0.493,-1,375.000,-1,350.000,725.000,300.000,300.000,300.000,300.000,-1,275.000,325.000,-1,625.000,600.000,-1,800.000,2,0,2,0,0,0,0,0,0,2,0,0,2,0,0,2,0
136,9672.895,-2891.981,-119.792,-38.509,0.782533,0.622576,-0.006437,-0.622601,0.782424,-0.013475,-0.003353,0.014552,0.999888,0,0.85105,0.24879,51.063,0.498,-1,375.000,-1,350.000,725.000,300.000,300.000,300.000,300.000,-1,250.000,300.000,-1,625.000,600.000,-1,800.000,2,0,2,0,0,0,0,0,0,2,0,0,2,0,0,2,0
137,9713.052,-2923.361,-120.309,-38.006,0.787942,0.615686,-0.008859,-0.615749,0.787876,-0.010200,0.000700,0.013492,0.999909,0,0.84939,0.25174,50.963,0.503,-1,375.000,-1,350.000,725.000,300.000,300.000,300.000,300.000,-1,250.000,300.000,-1,625.000,600.000,-1,800.000,2,0,2,0,0,0,0,0,0,2,0,0,2,0,0,2,0
138,9753.420,-2954.331,-120.681,-37.495,0.793360,0.608645,-0.011446,-0.608734,0.793343,-0.007075,0.004775,0.012581,0.999909,0,0.84799,0.25541,50.879,0.511,-1,375.000,-1,350.000,750.000,300.000,300.000,300.000,300.000,-1,225.000,275.000,-1,650.000,600.000,-1,800.000,2,0,2,0,0,0,0,0,0,2,0,0,2,0,0,2,0
