timestep,x_cm,y_cm,z_cm,yaw_deg,basis_xx,basis_xy,basis_xz,basis_yx,basis_yy,basis_yz,basis_zx,basis_zy,basis_zz,teleport_flag,throttle_cmd,steering_cmd,cmd_move_cm,cmd_turn_deg,lidar_cm_0,lidar_cm_1,lidar_cm_2,lidar_cm_3,lidar_cm_4,lidar_cm_5,lidar_cm_6,lidar_cm_7,lidar_cm_8,lidar_cm_9,lidar_cm_10,lidar_cm_11,lidar_cm_12,lidar_cm_13,lidar_cm_14,lidar_cm_15,lidar_cm_16,lidar_class_0,lidar_class_1,lidar_class_2,lidar_class_3,lidar_class_4,lidar_class_5,lidar_class_6,lidar_class_7,lidar_class_8,lidar_class_9,lidar_class_10,lidar_class_11,lidar_class_12,lidar_class_13,lidar_class_14,lidar_class_15,lidar_class_16
0,-5577.352,5579.829,510.514,113.552,-0.396602,-0.916475,0.052728,0.914345,-0.399489,-0.066203,0.081738,0.021955,0.996412,1,0.08000,-0.12000,4.800,-0.240,750.000,425.000,-1,425.000,-1,350.000,325.000,300.000,300.000,-1,-1,-1,-1,850.000,-1,-1,-1,1,0,2,0,2,0,0,0,0,2,2,2,2,1,2,2,2
1,-5581.126,5588.655,511.280,113.149,-0.390168,-0.919256,0.052309,0.917174,-0.393026,-0.065744,0.080995,0.022325,0.996464,0,0.16000,-0.20162,9.600,-0.403,750.000,425.000,-1,425.000,-1,325.000,325.000,300.000,300.000,-1,-1,-1,-1,850.000,-1,-1,-1,1,0,2,0,2,0,0,0,0,2,2,2,2,1,2,2,2
2,-5586.694,5601.935,512.435,112.748,-0.383769,-0.921981,0.051691,0.919960,-0.386576,-0.065061,0.079968,0.022585,0.996542,0,0.24000,-0.20064,14.400,-0.401,725.000,425.000,-1,425.000,-1,325.000,325.000,300.000,300.000,-1,-1,-1,-1,850.000,-1,-1,-1,1,0,2,0,2,0,0,0,0,2,2,2,2,1,2,2,2
3,-5593.995,5619.693,513.975,112.349,-0.377415,-0.924646,0.050876,0.922698,-0.380150,-0.064149,0.078656,0.022733,0.996643,0,0.32000,-0.19934,19.200,-0.399,725.000,425.000,-1,450.000,-1,325.000,325.000,300.000,300.000,-1,-1,-1,-1,850.000,-1,-1,-1,1,0,2,0,2,0,0,0,0,2,2,2,2,1,2,2,2
4,-5602.967,5641.952,515.897,111.954,-0.371117,-0.927246,0.049867,0.925383,-0.373760,-0.063003,0.077058,0.022765,0.996767,0,0.40000,-0.19770,24.000,-0.395,700.000,425.000,-1,450.000,-1,325.000,325.000,300.000,300.000,-1,-1,-1,-1,875.000,-1,-1,-1,1,0,2,0,2,0,0,0,0,2,2,2,2,1,2,2,2
5,-5613.551,5668.737,518.196,111.562,-0.364886,-0.929780,0.048662,0.928013,-0.367417,-0.061619,0.075172,0.022675,0.996913,0,0.48000,-0.19570,28.800,-0.391,675.000,425.000,-1,450.000,-1,325.000,350.000,300.000,300.000,-1,-1,-1,-1,875.000,-1,-1,-1,1,0,2,0,2,0,0,0,0,2,2,2,2,1,2,2,2
6,-5625.688,5700.068,520.866,111.176,-0.358734,-0.932242,0.047262,0.930581,-0.361137,-0.059993,0.072996,0.022459,0.997079,0,0.56000,-0.19332,33.600,-0.387,625.000,425.000,-1,475.000,-1,350.000,350.000,300.000,300.000,-1,-1,-1,-1,875.000,-1,-1,-1,1,0,2,0,2,0,0,0,0,2,2,2,2,1,2,2,2
7,-5639.320,5735.966,523.901,110.795,-0.352675,-0.934631,0.045665,0.933084,-0.354931,-0.058121,0.070529,0.022111,0.997265,0,0.64000,-0.19053,38.400,-0.381,625.000,450.000,-1,475.000,-1,350.000,350.000,300.000,325.000,-1,-1,-1,-1,875.000,-1,-1,-1,1,0,2,0,2,0,0,0,0,2,2,2,2,1,2,2,2
8,-5654.392,5776.451,527.297,110.420,-0.346723,-0.936941,0.043868,0.935516,-0.348817,-0.055998,0.067768,0.021623,0.997467,0,0.72000,-0.18729,43.200,-0.375,625.000,450.000,-1,500.000,-1,350.000,375.000,300.000,325.000,-1,-1,-1,-1,875.000,-1,-1,-1,1,0,2,0,2,0,0,0,0,2,2,2,2,1,2,2,2
9,-5671.033,5821.474,530.789,110.285,-0.344616,-0.937757,0.043026,0.936448,-0.346615,-0.054062,0.065611,0.021661,0.997610,0,0.80000,-0.06729,48.000,-0.135,625.000,475.000,-1,500.000,-1,375.000,375.000,300.000,325.000,-1,-1,-1,-1,875.000,-1,-1,-1,1,0,2,0,2,0,0,0,0,2,2,2,2,1,2,2,2
10,-5689.431,5870.964,533.766,110.391,-0.346342,-0.937056,0.044413,0.936080,-0.348317,-0.049284,0.061652,0.024505,0.997797,0,0.88000,0.05271,52.800,0.105,625.000,475.000,-1,500.000,-1,375.000,375.000,300.000,300.000,-1,-1,-1,-1,850.000,-1,-1,-1,1,0,2,0,2,0,0,0,0,2,2,2,2,1,2,2,2
11,-5708.920,5923.012,536.258,110.526,-0.348534,-0.936100,0.047330,0.935642,-0.350474,-0.041732,0.055654,0.029739,0.998007,0,0.92630,0.06748,55.578,0.135,600.000,475.000,-1,500.000,-1,375.000,375.000,300.000,300.000,-1,-1,-1,-1,850.000,-1,-1,-1,1,0,2,0,2,0,0,1,0,2,2,2,2,1,2,2,2
12,-5728.529,5974.983,538.660,110.670,-0.350926,-0.935061,0.050115,0.935082,-0.352771,-0.034275,0.049728,0.034833,0.998155,0,0.92579,0.07211,55.547,0.144,600.000,500.000,-1,500.000,-1,375.000,375.000,300.000,275.000,-1,-1,-1,-1,825.000,-1,-1,-1,1,0,2,0,2,0,0,1,0,2,2,2,2,1,2,2,2
13,-5748.259,6026.852,540.550,110.824,-0.353544,-0.934004,0.051410,0.934341,-0.355240,-0.028481,0.044864,0.037965,0.998271,0,0.92493,0.07692,55.496,0.154,575.000,500.000,-1,500.000,-1,375.000,400.000,300.000,275.000,-1,-1,-1,-1,800.000,-1,-1,-1,1,1,2,0,2,0,0,1,0,2,2,2,2,1,2,2,2
14,-5768.108,6078.598,541.364,110.988,-0.356668,-0.933026,0.047447,0.933514,-0.357924,-0.021018,0.036593,0.036796,0.998653,0,0.92371,0.08189,55.423,0.164,500.000,475.000,-1,475.000,-1,375.000,375.000,300.000,275.000,-1,-1,-1,-1,775.000,-1,-1,-1,1,1,2,0,2,0,0,1,0,2,2,2,2,1,2,2,2
15,-5788.079,6130.194,542.146,111.162,-0.359914,-0.931974,0.043428,0.932556,-0.360771,-0.013572,0.028317,0.035614,0.998964,0,0.92212,0.08701,55.327,0.174,450.000,450.000,-1,475.000,-1,375.000,375.000,275.000,275.000,-1,-1,-1,-1,750.000,-1,-1,-1,1,1,2,0,2,0,0,1,0,2,2,2,2,1,2,2,2
16,-5808.174,6181.615,542.896,111.346,-0.363286,-0.930846,0.039352,0.931462,-0.363786,-0.006149,0.020039,0.034421,0.999206,0,0.92015,0.09227,55.209,0.185,400.000,425.000,-1,475.000,-1,375.000,375.000,250.000,300.000,-1,-1,-1,-1,750.000,-1,675.000,-1,1,1,2,0,2,0,0,1,0,2,2,2,2,1,2,1,2
17,-5828.392,6232.837,543.613,111.541,-0.366785,-0.929639,0.035218,0.930231,-0.366972,0.001245,0.011767,0.033218,0.999379,0,0.91780,0.09763,55.068,0.195,350.000,425.000,-1,475.000,-1,350.000,350.000,250.000,300.000,-1,-1,-1,-1,725.000,-1,550.000,-1,1,1,2,0,2,0,0,1,0,2,2,2,2,1,2,1,2
18,-5848.734,6283.834,544.298,111.748,-0.370412,-0.928349,0.031025,0.928861,-0.370329,0.008601,0.003504,0.032004,0.999482,0,0.91507,0.10308,54.904,0.206,300.000,400.000,-1,475.000,-1,350.000,350.000,225.000,300.000,-1,-1,-1,-1,725.000,-1,475.000,-1,1,1,2,0,2,0,0,1,0,2,2,2,2,1,2,1,2
19,-5869.198,6334.583,545.602,111.961,-0.374061,-0.926917,0.030062,0.927400,-0.373772,0.014931,-0.002603,0.033465,0.999437,0,0.91200,0.10689,54.720,0.214,275.000,375.000,-1,500.000,-1,350.000,375.000,200.000,300.000,-1,-1,-1,-1,775.000,-1,425.000,-1,1,1,2,0,2,0,0,1,0,2,2,2,2,1,2,1,2
20,-5889.779,6385.065,547.631,112.178,-0.377699,-0.925345,0.032870,0.925908,-0.377214,0.020112,-0.006211,0.038031,0.999257,0,0.90859,0.10836,54.515,0.217,275.000,375.000,-1,500.000,-1,375.000,375.000,200.000,300.000,-1,-1,-1,-1,-1,-1,400.000,-1,1,1,2,0,2,0,0,1,0,2,2,2,2,2,2,1,2
21,-5910.467,6435.261,549.580,112.397,-0.381394,-0.923721,0.035739,0.924361,-0.380680,0.025269,-0.009736,0.042674,0.999042,0,0.90488,0.10961,54.293,0.219,275.000,400.000,-1,525.000,-1,375.000,400.000,200.000,300.000,-1,-1,-1,-1,-1,-1,400.000,-1,1,1,2,0,2,1,0,1,0,2,2,2,2,2,2,1,2
22,-5931.261,6485.155,550.231,112.619,-0.385037,-0.921844,0.044168,0.922851,-0.384078,0.028809,-0.009594,0.051853,0.998609,0,0.90090,0.11062,54.054,0.221,275.000,400.000,-1,550.000,-1,400.000,425.000,200.000,300.000,-1,-1,-1,-1,-1,-1,-1,-1,1,1,2,0,2,1,0,1,0,2,2,2,2,2,2,2,2
23,-5952.154,6534.736,550.000,112.841,-0.388836,-0.919689,0.054575,0.921235,-0.387384,0.035483,-0.011492,0.064074,0.997879,0,0.89672,0.11140,53.803,0.223,300.000,425.000,-1,550.000,-1,400.000,425.000,200.000,275.000,-1,-1,-1,-1,-1,-1,-1,-1,1,1,2,0,2,1,0,1,0,2,2,2,2,2,2,2,2
24,-5973.141,6583.995,549.590,113.065,-0.392719,-0.917347,0.065156,0.919555,-0.390625,0.042798,-0.013809,0.076722,0.996957,0,0.89238,0.11193,53.543,0.224,300.000,450.000,-1,550.000,-1,400.000,425.000,225.000,275.000,-1,-1,-1,-1,-1,-1,-1,-1,1,1,2,0,2,1,0,1,0,2,2,2,2,2,2,2,2
25,-5995.488,6636.040,549.001,113.225,-0.395629,-0.915269,0.075904,0.918269,-0.392765,0.050170,-0.016107,0.089549,0.995852,0,0.94402,0.08007,56.641,0.160,-1,475.000,-1,550.000,-1,425.000,450.000,225.000,250.000,-1,-1,-1,-1,-1,-1,-1,-1,2,1,2,0,2,1,0,1,0,2,2,2,2,2,2,2,2
26,-6017.960,6687.950,547.304,113.398,-0.398432,-0.913339,0.084043,0.917075,-0.395200,0.052829,-0.015037,0.098123,0.995061,0,0.94275,0.08631,56.565,0.173,-1,525.000,-1,550.000,-1,425.000,450.000,225.000,250.000,-1,-1,-1,-1,-1,-1,-1,-1,2,1,2,0,2,1,1,1,0,2,2,2,2,2,2,2,2
27,-6040.548,6739.686,544.110,113.584,-0.401758,-0.911816,0.084748,0.915554,-0.398058,0.057538,-0.018730,0.100708,0.994740,0,0.94086,0.09295,56.452,0.186,-1,575.000,-1,550.000,-1,450.000,450.000,200.000,250.000,-1,-1,-1,-1,-1,-1,-1,-1,2,1,2,0,2,1,1,1,0,2,2,2,2,2,2,2,2
28,-6063.252,6791.204,540.393,113.784,-0.405408,-0.910367,0.082923,0.913821,-0.401214,0.062919,-0.024010,0.101284,0.994568,0,0.93831,0.09999,56.299,0.200,-1,625.000,-1,550.000,-1,450.000,450.000,200.000,250.000,-1,-1,-1,-1,-1,-1,-1,-1,2,1,2,0,2,1,1,1,0,2,2,2,2,2,2,2,2
29,-6086.069,6842.458,536.423,113.999,-0.409313,-0.908888,0.079914,0.911901,-0.404639,0.068588,-0.030002,0.100948,0.994439,0,0.93505,0.10742,56.103,0.215,-1,675.000,-1,550.000,-1,450.000,450.000,175.000,250.000,-1,-1,-1,-1,-1,-1,-1,-1,2,0,2,0,2,1,1,1,0,2,2,2,2,2,2,2,2
30,-6108.992,6893.402,532.205,114.229,-0.413462,-0.907367,0.075726,0.909782,-0.408342,0.074522,-0.036697,0.099706,0.994340,0,0.93106,0.11521,55.863,0.230,-1,650.000,-1,550.000,-1,475.000,450.000,175.000,275.000,-1,-1,-1,-1,-1,-1,-1,-1,2,0,2,0,2,0,0,1,0,2,2,2,2,2,2,2,2
31,-6132.018,6943.987,528.679,114.476,-0.418202,-0.905458,0.072478,0.907137,-0.412179,0.084919,-0.047017,0.101261,0.993748,0,0.92632,0.12332,55.579,0.247,-1,625.000,-1,525.000,-1,450.000,425.000,150.000,275.000,-1,-1,-1,-1,-1,-1,-1,-1,2,0,2,0,2,0,0,1,0,2,2,2,2,2,2,2,2
32,7543.197,-3607.615,339.623,100.869,-0.196824,-0.978556,0.060738,0.973755,-0.187886,0.128453,-0.114287,0.084427,0.989854,1,0.00000,0.00000,50.779,0.007,-1,375.000,-1,325.000,450.000,300.000,275.000,350.000,250.000,250.000,525.000,600.000,-1,625.000,500.000,-1,500.000,2,0,2,0,0,0,0,1,0,1,1,1,2,0,0,2,0
33,7542.273,-3602.905,339.098,101.109,-0.200784,-0.977806,0.059841,0.973052,-0.191992,0.127709,-0.113385,0.083870,0.990005,0,0.08000,0.12000,4.800,0.240,-1,375.000,-1,325.000,450.000,300.000,275.000,350.000,250.000,250.000,550.000,600.000,-1,625.000,500.000,-1,500.000,2,0,2,0,0,0,0,1,0,1,1,1,2,0,0,2,0
34,7540.345,-3593.501,338.056,101.589,-0.208704,-0.976252,0.058097,0.971590,-0.200195,0.126230,-0.111602,0.082791,0.990298,0,0.16000,0.24000,9.600,0.480,-1,375.000,-1,325.000,475.000,300.000,275.000,350.000,250.000,250.000,550.000,625.000,-1,625.000,500.000,-1,500.000,2,0,2,0,0,0,0,1,0,1,1,1,2,0,0,2,0
35,7537.275,-3579.433,336.515,102.309,-0.220579,-0.973783,0.055594,0.969263,-0.212474,0.124033,-0.108969,0.081244,0.990720,0,0.24000,0.36000,14.400,0.720,-1,375.000,-1,325.000,475.000,300.000,275.000,350.000,250.000,250.000,550.000,625.000,-1,625.000,500.000,-1,525.000,2,0,2,0,0,0,0,1,0,1,1,1,2,0,0,2,0
36,7532.869,-3560.747,334.497,103.269,-0.236400,-0.970239,0.052455,0.965908,-0.228795,0.121135,-0.105528,0.079303,0.991249,0,0.32000,0.48000,19.200,0.960,-1,375.000,-1,325.000,500.000,300.000,275.000,350.000,250.000,250.000,575.000,650.000,-1,650.000,525.000,-1,550.000,2,0,2,0,0,0,0,1,0,1,1,1,2,0,0,2,0
37,7526.964,-3537.486,332.088,104.248,-0.252444,-0.966359,0.049207,0.962262,-0.245384,0.117633,-0.101601,0.077046,0.991837,0,0.40000,0.48953,24.000,0.979,-1,375.000,-1,325.000,525.000,300.000,275.000,375.000,275.000,275.000,600.000,675.000,-1,650.000,525.000,-1,575.000,2,0,2,0,0,0,0,1,0,1,1,1,2,0,0,2,0
38,7519.402,-3509.698,329.295,105.224,-0.268353,-0.962226,0.045905,0.958405,-0.261872,0.113506,-0.097197,0.074456,0.992476,0,0.48000,0.48835,28.800,0.977,-1,375.000,-1,325.000,550.000,300.000,275.000,375.000,275.000,275.000,625.000,700.000,-1,650.000,525.000,-1,600.000,2,0,2,0,0,0,0,1,0,1,1,1,2,0,0,2,0
39,7510.030,-3477.433,326.106,106.198,-0.284114,-0.957847,0.042529,0.954342,-0.278249,0.108669,-0.092255,0.071462,0.993168,0,0.56000,0.48691,33.600,0.974,-1,375.000,-1,325.000,600.000,300.000,275.000,400.000,275.000,275.000,650.000,725.000,-1,650.000,550.000,-1,650.000,2,0,2,0,0,0,0,1,0,1,1,1,2,0,0,2,0
40,7498.863,-3441.285,322.546,107.169,-0.299717,-0.953228,0.039055,0.950077,-0.294503,0.103062,-0.086740,0.067995,0.993908,0,0.63059,0.48522,37.836,0.970,-1,375.000,-1,325.000,650.000,300.000,275.000,400.000,275.000,275.000,675.000,750.000,-1,650.000,550.000,-1,700.000,2,0,2,0,0,0,0,0,0,1,1,1,2,0,0,2,0
41,7487.088,-3405.330,318.969,108.135,-0.315202,-0.948354,0.035682,0.945556,-0.310616,0.097170,-0.081068,0.064368,0.994628,0,0.63058,0.48327,37.835,0.967,-1,375.000,-1,325.000,700.000,300.000,300.000,400.000,275.000,300.000,700.000,775.000,-1,675.000,575.000,-1,775.000,2,0,2,0,0,0,0,0,0,1,1,1,2,0,0,2,0
42,7474.709,-3369.573,315.441,109.098,-0.330549,-0.943245,0.032034,0.940769,-0.326588,0.091065,-0.075434,0.060238,0.995330,0,0.63068,0.48129,37.841,0.963,-1,375.000,-1,350.000,800.000,300.000,300.000,375.000,275.000,300.000,725.000,800.000,-1,675.000,575.000,-1,875.000,2,0,2,0,0,0,0,0,0,1,1,1,2,0,0,2,0
43,7461.729,-3334.015,312.044,110.056,-0.345733,-0.937922,0.027763,0.935732,-0.342422,0.084576,-0.069819,0.055220,0.996030,0,0.63090,0.47928,37.854,0.959,-1,375.000,-1,350.000,950.000,300.000,300.000,375.000,275.000,300.000,750.000,800.000,-1,675.000,600.000,-1,-1,2,0,2,0,0,0,0,0,0,1,1,1,2,0,0,2,2
44,7448.152,-3298.661,308.781,111.011,-0.360737,-0.932382,0.023086,0.930511,-0.358111,0.076850,-0.063386,0.049205,0.996775,0,0.63121,0.47723,37.873,0.954,-1,375.000,-1,350.000,-1,300.000,300.000,350.000,300.000,325.000,750.000,825.000,-1,700.000,625.000,-1,-1,2,0,2,0,2,0,0,0,0,1,1,1,2,0,0,2,2
45,7433.982,-3263.514,305.461,111.961,-0.375627,-0.926587,0.018441,0.925040,-0.373636,0.068537,-0.056615,0.042803,0.997478,0,0.63162,0.47516,37.897,0.950,-1,375.000,-1,350.000,-1,300.000,300.000,325.000,300.000,325.000,775.000,825.000,-1,700.000,650.000,-1,-1,2,0,2,0,2,0,0,0,0,1,1,1,2,0,0,2,2
46,7419.221,-3228.578,302.109,112.907,-0.390397,-0.920544,0.013746,0.919322,-0.388991,0.059437,-0.049367,0.035841,0.998137,0,0.63212,0.47305,37.927,0.946,-1,375.000,-1,375.000,-1,300.000,300.000,325.000,300.000,325.000,750.000,700.000,-1,700.000,675.000,-1,-1,2,0,2,0,2,0,0,0,0,1,0,0,2,0,0,2,2
47,7403.873,-3193.858,299.371,113.849,-0.405199,-0.914164,0.010807,0.913168,-0.404132,0.052938,-0.044027,0.031319,0.998539,0,0.63270,0.47093,37.962,0.942,-1,375.000,-1,375.000,-1,300.000,300.000,300.000,300.000,325.000,525.000,525.000,-1,725.000,700.000,-1,-1,2,0,2,0,2,0,0,0,0,1,0,0,2,0,0,2,2
48,7387.941,-3159.359,297.845,114.787,-0.420085,-0.907420,0.010880,0.906488,-0.419031,0.051892,-0.042529,0.031661,0.998593,0,0.63335,0.46877,38.001,0.938,-1,375.000,-1,375.000,-1,325.000,300.000,300.000,300.000,350.000,550.000,550.000,-1,725.000,700.000,-1,-1,2,0,2,0,2,0,0,0,0,1,0,0,2,0,0,2,2
49,7371.431,-3125.084,296.342,115.720,-0.434791,-0.900463,0.011046,0.899597,-0.433749,0.050872,-0.041017,0.032056,0.998644,0,0.63407,0.46659,38.044,0.933,-1,375.000,-1,375.000,-1,325.000,300.000,300.000,300.000,375.000,550.000,550.000,-1,725.000,725.000,-1,-1,2,0,2,0,2,0,0,0,0,1,0,0,2,0,0,2,2
50,7354.346,-3091.040,294.927,116.649,-0.449323,-0.893293,0.011639,0.892505,-0.448278,0.049814,-0.039281,0.032771,0.998691,0,0.63485,0.46440,38.091,0.929,-1,375.000,-1,375.000,-1,325.000,325.000,300.000,300.000,400.000,550.000,575.000,-1,750.000,725.000,-1,-1,2,0,2,0,2,0,0,0,0,1,0,0,2,0,0,2,2
51,7336.691,-3057.230,293.524,117.573,-0.463668,-0.885924,0.012260,0.885212,-0.462619,0.048817,-0.037576,0.033488,0.998733,0,0.63570,0.46217,38.142,0.924,-1,375.000,-1,375.000,-1,325.000,325.000,300.000,300.000,425.000,575.000,575.000,-1,750.000,725.000,-1,-1,2,0,2,0,2,0,0,0,0,1,0,0,2,0,0,2,2
52,7318.469,-3023.661,292.131,118.493,-0.477822,-0.878362,0.012907,0.877723,-0.476771,0.047881,-0.035903,0.034207,0.998770,0,0.63659,0.45993,38.196,0.920,-1,400.000,-1,375.000,-1,325.000,325.000,300.000,300.000,450.000,575.000,575.000,-1,750.000,725.000,-1,-1,2,0,2,0,2,0,0,0,0,1,0,0,2,0,0,2,2
53,7299.686,-2990.338,290.751,119.408,-0.491784,-0.870612,0.013575,0.870043,-0.490730,0.047009,-0.034265,0.034929,0.998802,0,0.63754,0.45768,38.253,0.915,-1,400.000,-1,375.000,-1,325.000,325.000,300.000,300.000,475.000,575.000,600.000,925.000,750.000,750.000,-1,-1,2,0,2,0,2,0,0,0,0,1,0,0,1,0,0,2,2
54,7280.345,-2957.266,289.381,120.319,-0.505551,-0.862679,0.014254,0.862178,-0.504494,0.046203,-0.032667,0.035647,0.998830,0,0.63854,0.45540,38.312,0.911,-1,400.000,-1,375.000,-1,325.000,325.000,300.000,300.000,500.000,600.000,600.000,875.000,775.000,750.000,-1,-1,2,0,2,0,2,0,0,0,0,1,0,0,1,0,0,2,2
55,7260.451,-2924.451,288.017,121.225,-0.519121,-0.854571,0.014918,0.854134,-0.518062,0.045466,-0.031125,0.036345,0.998854,0,0.63958,0.45311,38.375,0.906,-1,400.000,-1,375.000,-1,325.000,325.000,300.000,300.000,525.000,600.000,625.000,850.000,775.000,750.000,-1,-1,2,0,2,0,2,0,0,0,0,1,0,0,1,0,0,2,2
56,7240.009,-2891.898,286.666,122.127,-0.532492,-0.846291,0.015595,0.845917,-0.531431,0.044795,-0.029622,0.037045,0.998874,0,0.64065,0.45080,38.439,0.902,-1,400.000,-1,400.000,-1,325.000,325.000,300.000,300.000,550.000,600.000,625.000,850.000,775.000,750.000,-1,-1,2,0,2,0,2,0,0,0,0,1,0,0,1,0,0,2,2
57,7219.023,-2859.614,285.327,123.024,-0.545663,-0.837847,0.016280,0.837532,-0.544599,0.044190,-0.028159,0.037748,0.998890,0,0.64177,0.44847,38.506,0.897,-1,400.000,-1,400.000,-1,325.000,325.000,300.000,300.000,575.000,625.000,625.000,850.000,800.000,775.000,-1,-1,2,0,2,0,2,0,0,0,0,1,0,0,1,0,0,2,2
58,7197.499,-2827.602,284.002,123.916,-0.558632,-0.829242,0.016970,0.828985,-0.557565,0.043652,-0.026737,0.038453,0.998903,0,0.64292,0.44613,38.575,0.892,-1,400.000,-1,400.000,-1,325.000,325.000,300.000,300.000,600.000,625.000,625.000,850.000,800.000,775.000,-1,-1,2,0,2,0,2,0,0,0,0,1,0,0,1,0,0,2,2
59,7178.336,-2799.790,283.026,124.568,-0.568020,-0.822844,0.016761,0.822600,-0.566971,0.043283,-0.026112,0.038373,0.998922,0,0.56292,0.32613,33.775,0.652,-1,400.000,-1,400.000,-1,325.000,325.000,300.000,300.000,625.000,650.000,650.000,850.000,800.000,775.000,-1,-1,2,0,2,0,2,0,0,0,0,1,0,0,1,0,0,2,2
60,7161.724,-2776.050,282.215,124.981,-0.573914,-0.818750,0.016474,0.818510,-0.572881,0.042984,-0.025756,0.038154,0.998940,0,0.48292,0.20613,28.975,0.412,-1,400.000,-1,400.000,-1,325.000,325.000,300.000,300.000,650.000,675.000,675.000,875.000,800.000,775.000,-1,-1,2,0,2,0,2,0,0,0,0,1,0,0,1,0,0,2,2
61,7147.805,-2756.284,281.567,125.153,-0.576363,-0.817035,0.016101,0.816791,-0.575348,0.042746,-0.025661,0.037789,0.998956,0,0.40292,0.08613,24.175,0.172,-1,400.000,-1,400.000,-1,325.000,325.000,300.000,300.000,675.000,700.000,700.000,875.000,800.000,775.000,-1,-1,2,0,2,0,2,0,0,0,0,1,0,0,1,0,0,2,2
62,7136.669,-2740.429,281.049,125.085,-0.575390,-0.817727,0.015788,0.817475,-0.574391,0.042553,-0.025728,0.037390,0.998969,0,0.32292,-0.03387,19.375,-0.068,-1,400.000,-1,400.000,-1,325.000,325.000,300.000,300.000,675.000,725.000,725.000,900.000,800.000,775.000,-1,-1,2,0,2,0,2,0,0,0,0,1,0,0,1,0,0,2,2
63,7128.356,-2728.457,280.654,124.777,-0.570985,-0.820813,0.015565,0.820551,-0.569999,0.042397,-0.025928,0.036980,0.998980,0,0.24292,-0.15387,14.575,-0.308,-1,400.000,-1,400.000,-1,325.000,325.000,300.000,300.000,675.000,725.000,725.000,900.000,800.000,775.000,-1,-1,2,0,2,0,2,0,0,0,0,1,0,0,1,0,0,2,2
64,7122.857,-2720.375,280.383,124.230,-0.563111,-0.826237,0.015429,0.825964,-0.562135,0.042275,-0.026256,0.036549,0.998987,0,0.16292,-0.27387,9.775,-0.548,-1,400.000,-1,400.000,-1,325.000,325.000,300.000,300.000,700.000,750.000,750.000,925.000,800.000,775.000,-1,-1,2,0,2,0,2,0,0,0,0,1,0,0,1,0,0,2,2
65,7120.116,-2716.224,280.240,123.442,-0.551699,-0.833901,0.015379,0.833615,-0.550732,0.042185,-0.026709,0.036093,0.998991,0,0.08292,-0.39387,4.975,-0.788,-1,400.000,-1,400.000,-1,325.000,325.000,300.000,300.000,700.000,750.000,750.000,925.000,800.000,775.000,-1,-1,2,0,2,0,2,0,0,0,0,1,0,0,1,0,0,2,2
66,7120.022,-2716.075,280.230,122.414,-0.536656,-0.843660,0.015415,0.843360,-0.535696,0.042123,-0.027280,0.035606,0.998993,0,0.00292,-0.51387,0.175,-1.028,-1,400.000,-1,400.000,-1,325.000,325.000,300.000,300.000,700.000,750.000,750.000,925.000,800.000,775.000,-1,-1,2,0,2,0,2,0,0,0,0,1,0,0,1,0,0,2,2
67,7122.414,-2720.033,280.358,121.146,-0.517865,-0.855321,0.015541,0.855005,-0.516909,0.042088,-0.027965,0.035084,0.998993,0,-0.07708,-0.63387,-4.625,-1.268,-1,400.000,-1,400.000,-1,325.000,325.000,300.000,300.000,700.000,725.000,750.000,950.000,800.000,775.000,-1,-1,2,0,2,0,2,0,0,0,0,1,0,0,1,0,0,2,2
68,7127.075,-2728.225,280.633,119.639,-0.495187,-0.868643,0.015762,0.868310,-0.494234,0.042076,-0.028759,0.034521,0.998990,0,-0.15708,-0.75387,-9.425,-1.508,-1,400.000,-1,400.000,-1,325.000,325.000,300.000,300.000,700.000,725.000,725.000,950.000,800.000,775.000,-1,-1,2,0,2,0,2,0,0,0,0,1,0,0,1,0,0,2,2
69,7133.730,-2740.797,281.062,117.891,-0.468474,-0.883331,0.016082,0.882980,-0.467521,0.042086,-0.029657,0.033916,0.998985,0,-0.23708,-0.87387,-14.225,-1.748,-1,400.000,-1,400.000,-1,325.000,325.000,300.000,300.000,675.000,675.000,700.000,975.000,800.000,775.000,-1,-1,2,0,2,0,2,0,0,0,0,1,1,0,1,0,0,2,2
70,7142.072,-2757.895,281.653,116.008,-0.439205,-0.898235,0.016506,0.897865,-0.438250,0.042122,-0.030602,0.033320,0.998976,0,-0.31708,-0.94156,-19.025,-1.883,-1,400.000,-1,400.000,-1,325.000,325.000,300.000,300.000,675.000,625.000,675.000,1000.000,800.000,775.000,-1,-1,2,0,2,0,2,0,0,0,0,1,1,0,1,0,0,2,2
71,7151.811,-2779.638,282.535,114.127,-0.409502,-0.912160,0.016492,0.911752,-0.408554,0.042336,-0.031880,0.032373,0.998967,0,-0.39708,-0.94018,-23.825,-1.880,-1,400.000,-1,400.000,-1,325.000,325.000,300.000,300.000,675.000,575.000,675.000,-1,800.000,775.000,-1,-1,2,0,2,0,2,0,0,0,0,1,1,0,2,0,0,2,2
72,7162.651,-2806.131,283.703,112.251,-0.379410,-0.925088,0.016101,0.924623,-0.378475,0.042770,-0.033472,0.031114,0.998955,0,-0.47708,-0.93843,-28.625,-1.877,-1,400.000,-1,400.000,-1,325.000,325.000,300.000,300.000,650.000,550.000,650.000,-1,800.000,775.000,-1,-1,2,0,2,0,2,0,0,0,0,1,1,0,2,0,0,2,2
73,7172.947,-2833.848,284.929,110.378,-0.348980,-0.936998,0.015737,0.936474,-0.348058,0.043279,-0.035075,0.029840,0.998939,0,-0.49279,-0.93629,-29.567,-1.873,-1,400.000,-1,400.000,-1,325.000,325.000,300.000,300.000,650.000,525.000,650.000,-1,800.000,750.000,-1,-1,2,0,2,0,2,0,0,0,0,1,1,0,2,0,0,2,2
74,7182.376,-2862.009,286.180,108.510,-0.318249,-0.947882,0.015409,0.947298,-0.317340,0.043846,-0.036671,0.028551,0.998919,0,-0.49496,-0.93404,-29.697,-1.868,-1,400.000,-1,400.000,-1,325.000,325.000,300.000,300.000,625.000,475.000,575.000,-1,775.000,750.000,-1,-1,2,0,2,0,2,0,0,0,0,1,1,1,2,0,0,2,2
75,7190.921,-2890.588,287.454,106.646,-0.287254,-0.957735,0.015124,0.957090,-0.286359,0.044467,-0.038257,0.027248,0.998896,0,-0.49717,-0.93176,-29.830,-1.864,-1,400.000,-1,375.000,-1,325.000,325.000,300.000,300.000,600.000,450.000,525.000,-1,775.000,750.000,-1,-1,2,0,2,0,2,0,0,0,0,1,1,1,2,0,0,2,2
76,7198.570,-2919.562,288.750,104.788,-0.256032,-0.966554,0.014884,0.965847,-0.255150,0.045137,-0.039830,0.025933,0.998870,0,-0.49944,-0.92944,-29.966,-1.859,-1,400.000,-1,375.000,-1,325.000,325.000,300.000,300.000,600.000,400.000,475.000,-1,775.000,750.000,-1,-1,2,0,2,0,2,0,0,0,0,1,1,1,2,0,0,2,2
77,7205.309,-2948.903,290.068,102.933,-0.224620,-0.974336,0.014696,0.973567,-0.223751,0.045852,-0.041387,0.024607,0.998840,0,-0.50175,-0.92707,-30.105,-1.854,-1,400.000,-1,375.000,-1,325.000,325.000,300.000,300.000,575.000,375.000,425.000,-1,775.000,750.000,-1,-1,2,0,2,0,2,0,0,0,0,1,1,1,2,0,0,2,2
78,7211.124,-2978.585,291.405,101.084,-0.193052,-0.981080,0.014562,0.980249,-0.192197,0.046606,-0.042926,0.023272,0.998807,0,-0.50411,-0.92467,-30.246,-1.849,-1,400.000,-1,375.000,-1,325.000,325.000,300.000,300.000,575.000,350.000,400.000,-1,750.000,725.000,-1,-1,2,0,2,0,2,0,0,0,0,1,1,1,2,0,0,2,2
79,7216.004,-3008.580,292.758,99.240,-0.161366,-0.986788,0.014471,0.985893,-0.160525,0.047401,-0.044452,0.021916,0.998771,0,-0.50651,-0.92224,-30.390,-1.844,-1,400.000,-1,375.000,-1,325.000,325.000,300.000,300.000,550.000,325.000,350.000,-1,750.000,725.000,-1,-1,2,0,2,0,2,0,0,0,0,1,1,1,2,0,0,2,2
80,7219.480,-3034.507,293.930,97.635,-0.133665,-0.990921,0.014438,0.989970,-0.132835,0.048108,-0.045753,0.020723,0.998738,0,-0.43598,-0.80224,-26.159,-1.604,-1,375.000,-1,375.000,-1,325.000,325.000,300.000,300.000,550.000,300.000,325.000,-1,750.000,725.000,-1,-1,2,0,2,0,2,0,0,0,0,1,1,1,2,0,0,2,2
81,7222.351,-3060.637,295.112,96.271,-0.110025,-0.993824,0.014446,0.992820,-0.109204,0.048824,-0.046945,0.019714,0.998703,0,-0.43811,-0.68224,-26.287,-1.364,-1,375.000,-1,375.000,-1,325.000,325.000,300.000,300.000,525.000,250.000,300.000,-1,750.000,725.000,-1,-1,2,0,2,0,2,0,0,0,0,1,1,1,2,0,0,2,2
82,7224.720,-3086.940,296.305,95.146,-0.090498,-0.995791,0.014485,0.994737,-0.089681,0.049545,-0.048037,0.018892,0.998667,0,-0.44016,-0.56224,-26.410,-1.124,-1,375.000,-1,375.000,-1,325.000,300.000,300.000,300.000,500.000,225.000,250.000,-1,750.000,725.000,-1,-1,2,0,2,0,2,0,0,0,0,1,1,1,2,0,0,2,2
83,7226.692,-3113.394,297.506,94.262,-0.075116,-0.997069,0.014543,0.995968,-0.074300,0.050266,-0.049039,0.018260,0.998630,0,-0.44213,-0.44224,-26.528,-0.884,-1,375.000,-1,375.000,-1,325.000,300.000,300.000,300.000,475.000,200.000,225.000,-1,725.000,700.000,-1,-1,2,0,2,0,2,0,0,0,0,1,1,1,2,0,0,2,2
84,7228.372,-3139.981,298.716,93.617,-0.063901,-0.997849,0.014608,0.996705,-0.063081,0.050987,-0.049955,0.017818,0.998592,0,-0.44400,-0.32224,-26.640,-0.644,-1,375.000,-1,375.000,-1,300.000,300.000,300.000,300.000,450.000,175.000,200.000,-1,725.000,700.000,-1,-1,2,0,2,0,2,0,0,0,0,1,1,1,2,0,0,2,2
85,7229.872,-3166.685,299.933,93.213,-0.056863,-0.998274,0.014672,0.997089,-0.056035,0.051704,-0.050793,0.017569,0.998555,0,-0.44578,-0.20224,-26.747,-0.404,-1,375.000,-1,375.000,-1,300.000,300.000,300.000,300.000,425.000,150.000,175.000,-1,725.000,700.000,-1,-1,2,0,2,0,2,0,0,0,0,1,1,1,2,0,0,2,2
86,7231.299,-3193.494,301.157,93.048,-0.054009,-0.998432,0.014722,0.997209,-0.053170,0.052418,-0.051554,0.017512,0.998517,0,-0.44745,-0.08224,-26.847,-0.164,-1,375.000,-1,375.000,-1,300.000,300.000,300.000,300.000,400.000,125.000,150.000,-1,725.000,700.000,-1,-1,2,0,2,0,2,0,0,0,0,1,1,1,2,0,0,2,2
87,7232.767,-3220.394,302.386,93.124,-0.055340,-0.998359,0.014751,0.997100,-0.054486,0.053129,-0.052238,0.017648,0.998479,0,-0.44900,0.03776,-26.940,0.076,-1,375.000,-1,375.000,-1,300.000,300.000,300.000,300.000,375.000,100.000,125.000,-1,725.000,700.000,-1,-1,2,0,2,0,2,0,0,0,0,1,1,1,2,0,0,2,2
88,7234.389,-3247.369,303.620,93.439,-0.060857,-0.998038,0.014748,0.996747,-0.059982,0.053836,-0.052846,0.017977,0.998441,0,-0.45040,0.15776,-27.024,0.316,-1,375.000,-1,375.000,-1,300.000,300.000,300.000,300.000,325.000,75.000,100.000,-1,725.000,700.000,-1,-1,2,0,2,0,2,0,0,0,0,1,1,1,2,0,0,2,2
89,7236.170,-3274.409,305.371,93.770,-0.066764,-0.997629,0.016728,0.996261,-0.065732,0.056057,-0.054824,0.020408,0.998287,0,-0.45164,0.16517,-27.098,0.330,-1,375.000,-1,375.000,-1,300.000,300.000,300.000,300.000,300.000,50.000,75.000,-1,700.000,675.000,-1,-1,2,0,2,0,2,0,0,0,0,1,1,1,2,0,0,2,2
90,7238.112,-3301.506,310.211,94.104,-0.073729,-0.996825,0.030076,0.995080,-0.071531,0.068551,-0.066182,0.034982,0.997194,0,-0.45280,0.16738,-27.168,0.335,-1,375.000,-1,350.000,-1,300.000,300.000,350.000,275.000,300.000,50.000,75.000,-1,700.000,625.000,-1,-1,2,0,2,0,2,0,0,0,0,1,1,1,2,0,0,2,2
91,7240.219,-3328.656,315.388,94.444,-0.080973,-0.995845,0.041667,0.993670,-0.077389,0.081425,-0.077862,0.047997,0.995808,0,-0.45389,0.16959,-27.233,0.339,-1,375.000,-1,350.000,850.000,300.000,300.000,375.000,275.000,275.000,50.000,100.000,-1,675.000,575.000,-1,950.000,2,0,2,0,0,0,0,0,0,1,1,1,2,0,0,2,0
92,7242.492,-3355.852,320.532,94.787,-0.088543,-0.994669,0.052851,0.992055,-0.083301,0.094277,-0.089372,0.060779,0.994142,0,-0.45490,0.17179,-27.294,0.344,-1,375.000,-1,325.000,650.000,300.000,275.000,425.000,275.000,275.000,50.000,125.000,-1,650.000,550.000,-1,700.000,2,0,2,0,0,0,0,0,0,1,1,1,2,0,0,2,0
93,7244.934,-3383.089,325.572,95.135,-0.096433,-0.993288,0.063869,0.990253,-0.089263,0.106916,-0.100498,0.073557,0.992215,0,-0.45581,0.17397,-27.349,0.348,-1,375.000,-1,325.000,500.000,300.000,275.000,450.000,250.000,275.000,50.000,150.000,-1,650.000,525.000,-1,550.000,2,0,2,0,0,0,0,0,0,1,1,1,2,0,0,2,0
94,7247.546,-3410.359,330.499,95.487,-0.104622,-0.991701,0.074721,0.988275,-0.095271,0.119317,-0.111208,0.086328,0.990041,0,-0.45663,0.17614,-27.398,0.352,-1,375.000,-1,300.000,425.000,300.000,275.000,500.000,250.000,250.000,50.000,175.000,-1,625.000,475.000,-1,450.000,2,0,2,0,0,0,0,0,0,1,1,1,2,0,0,2,0
95,7250.331,-3437.654,335.305,95.844,-0.113093,-0.989907,0.085408,0.986131,-0.101320,0.131454,-0.121474,0.099090,0.987636,0,-0.45733,0.17829,-27.440,0.357,-1,375.000,-1,300.000,350.000,300.000,275.000,550.000,250.000,250.000,75.000,225.000,-1,625.000,450.000,-1,375.000,2,0,2,0,0,0,0,0,0,1,1,1,2,0,0,2,0
96,7253.290,-3464.966,339.981,96.205,-0.121824,-0.987905,0.095931,0.983833,-0.107406,0.143303,-0.131266,0.111838,0.985018,0,-0.45791,0.18042,-27.474,0.361,-1,375.000,-1,275.000,300.000,275.000,250.000,600.000,250.000,250.000,75.000,425.000,-1,625.000,450.000,-1,325.000,2,0,2,0,0,0,0,0,0,1,1,1,2,0,0,2,0
97,-327.972,1639.841,389.642,50.587,0.635304,-0.772175,0.011573,0.770089,0.634569,0.065462,-0.057892,-0.032676,0.997788,1,0.00000,0.00000,-27.501,0.365,-1,400.000,-1,375.000,400.000,325.000,325.000,375.000,325.000,-1,0.000,0.000,-1,725.000,525.000,-1,450.000,2,0,2,0,1,0,0,0,0,2,1,1,2,0,1,2,1
98,-324.940,1643.562,388.887,50.827,0.632049,-0.774849,0.011107,0.772864,0.631347,0.063892,-0.056519,-0.031799,0.997895,0,0.08000,0.12000,4.800,0.240,-1,400.000,-1,400.000,400.000,325.000,325.000,375.000,325.000,-1,0.000,0.000,-1,725.000,525.000,-1,450.000,2,0,2,0,1,0,0,0,0,2,1,1,2,0,1,2,1
99,-318.938,1651.053,387.400,51.307,0.625513,-0.780148,0.010167,0.778345,0.624863,0.061028,-0.053964,-0.030260,0.998084,0,0.16000,0.24000,9.600,0.480,-1,400.000,-1,400.000,400.000,325.000,325.000,375.000,325.000,-1,0.000,0.000,-1,750.000,525.000,-1,450.000,2,0,2,0,1,0,0,0,0,2,1,1,2,0,1,2,1
100,-310.078,1662.405,386.083,52.027,0.615739,-0.787911,0.007863,0.786172,0.614989,0.061007,-0.052904,-0.031382,0.998106,0,0.24000,0.36000,14.400,0.720,-1,400.000,-1,400.000,400.000,325.000,325.000,375.000,325.000,-1,0.000,0.000,-1,750.000,525.000,-1,450.000,2,0,2,0,1,0,0,0,0,2,1,1,2,0,1,2,1
101,-298.507,1677.726,384.325,52.935,0.603270,-0.797523,0.004749,0.795876,0.602387,0.060924,-0.051449,-0.032974,0.998131,0,0.32000,0.45428,19.200,0.909,-1,400.000,-1,400.000,375.000,325.000,325.000,375.000,325.000,-1,0.000,0.000,-1,750.000,525.000,-1,450.000,2,0,2,0,1,0,0,0,0,2,1,1,2,0,1,2,1
102,-284.348,1697.104,382.067,53.841,0.590731,-0.806868,0.000450,0.805361,0.589661,0.060764,-0.049294,-0.035533,0.998152,0,0.40000,0.45259,24.000,0.905,-1,400.000,-1,400.000,375.000,325.000,325.000,350.000,325.000,-1,0.000,0.000,-1,750.000,525.000,-1,450.000,2,0,2,0,1,0,0,0,0,2,1,1,2,0,1,2,1
103,-267.724,1720.621,379.364,54.742,0.578118,-0.815939,-0.004772,0.814621,0.576830,0.060501,-0.046612,-0.038864,0.998157,0,0.48000,0.45047,28.800,0.901,-1,400.000,-1,400.000,350.000,325.000,325.000,350.000,325.000,-1,0.000,0.000,-1,750.000,525.000,-1,425.000,2,0,2,0,1,0,0,0,0,2,1,1,2,0,1,2,1
104,-248.761,1748.358,376.288,55.637,0.565430,-0.824728,-0.010593,0.823642,0.563913,0.060130,-0.043617,-0.042725,0.998134,0,0.56000,0.44795,33.600,0.896,-1,400.000,-1,400.000,350.000,325.000,325.000,325.000,325.000,-1,0.000,0.000,-1,750.000,500.000,-1,425.000,2,0,2,0,1,0,0,0,0,2,1,1,2,0,1,2,1
105,-228.477,1779.035,374.278,56.527,0.552541,-0.833425,-0.010101,0.832290,0.551058,0.060236,-0.044636,-0.041690,0.998133,0,0.61296,0.44500,36.777,0.890,-1,400.000,-1,400.000,325.000,325.000,325.000,325.000,325.000,-1,0.000,0.000,-1,750.000,500.000,-1,400.000,2,0,2,0,1,0,0,0,0,2,1,1,2,0,1,2,1
106,-208.580,1810.159,372.462,57.411,0.539591,-0.841882,-0.008704,0.840655,0.538179,0.060516,-0.046263,-0.039971,0.998129,0,0.61566,0.44179,36.940,0.884,-1,400.000,-1,400.000,300.000,325.000,325.000,325.000,325.000,-1,25.000,25.000,-1,725.000,500.000,-1,375.000,2,0,2,1,1,0,0,0,0,2,1,1,2,0,1,2,1
107,-189.077,1841.721,370.640,58.288,0.526608,-0.850075,-0.007434,0.848760,0.525261,0.060889,-0.047855,-0.038374,0.998117,0,0.61837,0.43856,37.102,0.877,-1,375.000,-1,400.000,300.000,325.000,325.000,325.000,325.000,-1,50.000,75.000,-1,725.000,475.000,-1,350.000,2,0,2,1,1,0,0,0,0,2,1,1,2,0,1,2,1
108,-169.972,1873.716,368.813,59.159,0.513600,-0.858006,-0.006293,0.856605,0.512312,0.061348,-0.049413,-0.036899,0.998097,0,0.62108,0.43533,37.265,0.871,-1,375.000,-1,375.000,275.000,325.000,325.000,325.000,325.000,-1,100.000,125.000,-1,725.000,475.000,-1,325.000,2,0,2,1,1,0,0,0,0,2,1,1,2,0,1,2,1
109,-148.805,1910.068,366.871,59.789,0.504078,-0.863643,-0.005005,0.862177,0.502866,0.061456,-0.050559,-0.035294,0.998097,0,0.70108,0.31533,42.065,0.631,-1,375.000,-1,375.000,250.000,325.000,325.000,325.000,325.000,-1,150.000,200.000,-1,725.000,475.000,-1,300.000,2,0,2,1,1,0,0,0,1,2,1,1,2,0,1,2,1
110,-127.523,1947.367,364.916,60.293,0.496426,-0.868070,-0.003817,0.866546,0.495284,0.061572,-0.051558,-0.033874,0.998095,0,0.71572,0.25167,42.943,0.503,-1,375.000,-1,350.000,225.000,325.000,325.000,325.000,300.000,-1,175.000,250.000,-1,725.000,450.000,-1,275.000,2,0,2,1,1,0,0,0,1,2,1,1,2,0,1,2,1
111,-106.656,1984.693,362.978,60.794,0.488770,-0.872408,-0.002763,0.870831,0.487691,0.061741,-0.052516,-0.032583,0.998088,0,0.71271,0.25067,42.763,0.501,-1,375.000,-1,350.000,200.000,325.000,325.000,325.000,275.000,-1,225.000,300.000,-1,700.000,450.000,-1,250.000,2,0,2,1,1,0,0,0,1,2,1,1,2,0,1,2,1
112,-84.540,2024.683,360.919,61.055,0.484751,-0.874650,-0.001820,0.873023,0.483721,0.062002,-0.053349,-0.031645,0.998074,0,0.76164,0.13067,45.698,0.261,-1,375.000,-1,325.000,175.000,300.000,325.000,325.000,250.000,-1,300.000,375.000,-1,700.000,425.000,-1,225.000,2,0,2,1,1,0,0,0,1,2,1,1,2,0,1,2,1
113,-62.447,2064.665,358.698,61.077,0.484370,-0.874863,-0.000717,0.873227,0.483413,0.061535,-0.053488,-0.030432,0.998105,0,0.76133,0.01067,45.680,0.021,-1,375.000,-1,325.000,150.000,300.000,325.000,325.000,250.000,-1,350.000,425.000,-1,675.000,425.000,-1,200.000,2,0,2,1,1,0,0,0,1,2,1,1,2,0,1,2,1
114,-40.213,2104.542,357.185,60.858,0.487771,-0.872965,-0.003247,0.871489,0.486723,0.060074,-0.050862,-0.032132,0.998189,0,0.76095,-0.10933,45.657,-0.219,-1,375.000,-1,300.000,125.000,325.000,325.000,325.000,225.000,-1,375.000,450.000,-1,675.000,425.000,-1,175.000,2,0,2,1,1,0,0,0,1,2,1,1,2,0,1,2,1
115,-17.681,2144.222,359.340,60.399,0.495154,-0.868499,-0.023067,0.868008,0.493387,0.055956,-0.037216,-0.047729,0.998167,0,0.76053,-0.22933,45.632,-0.459,-1,400.000,-1,325.000,125.000,350.000,325.000,300.000,225.000,-1,325.000,375.000,-1,725.000,475.000,-1,175.000,2,0,2,1,1,0,1,0,1,2,1,0,2,0,1,2,1
116,5.319,2183.602,361.295,59.701,0.505677,-0.861700,-0.041999,0.862386,0.503521,0.052503,-0.024094,-0.062768,0.997737,0,0.76010,-0.34933,45.606,-0.699,-1,450.000,-1,325.000,125.000,375.000,350.000,300.000,225.000,-1,125.000,250.000,-1,750.000,1000.000,-1,175.000,2,0,2,1,1,0,1,0,1,2,0,0,2,0,0,2,1
117,28.948,2222.581,363.023,58.762,0.519324,-0.852476,-0.059892,0.854498,0.517048,0.049934,-0.011601,-0.077109,0.996955,0,0.75969,-0.46933,45.582,-0.939,-1,475.000,-1,350.000,125.000,400.000,350.000,275.000,200.000,-1,100.000,225.000,-1,800.000,-1,-1,200.000,2,0,2,1,1,0,1,0,1,2,0,0,2,0,2,2,1
118,53.215,2261.141,364.406,57.803,0.532856,-0.842780,-0.076065,0.846206,0.530674,0.048178,-0.000238,-0.090039,0.995938,0,0.75934,-0.47977,45.560,-0.960,-1,475.000,-1,375.000,150.000,400.000,375.000,275.000,200.000,-1,100.000,225.000,-1,825.000,-1,-1,200.000,2,0,2,1,1,1,1,0,1,2,0,0,2,0,2,2,1
119,78.110,2299.258,365.374,56.835,0.546152,-0.832758,-0.090728,0.837625,0.544210,0.047119,0.010137,-0.101730,0.994760,0,0.75875,-0.48367,45.525,-0.967,-1,500.000,-1,425.000,150.000,425.000,400.000,275.000,200.000,-1,75.000,200.000,-1,850.000,-1,-1,250.000,2,0,2,1,1,1,1,0,1,2,0,0,2,0,2,2,1
120,103.623,2336.904,365.786,55.860,0.559233,-0.822391,-0.104550,0.828770,0.557644,0.046617,0.019964,-0.112718,0.993426,0,0.75792,-0.48775,45.475,-0.976,-1,500.000,-1,500.000,150.000,450.000,450.000,250.000,175.000,825.000,50.000,200.000,-1,875.000,-1,-1,-1,2,0,2,1,1,0,1,0,1,0,0,0,2,0,2,2,2
121,129.740,2374.051,365.855,54.876,0.572239,-0.811781,-0.116423,0.819590,0.571044,0.046713,0.028562,-0.122150,0.992101,0,0.75680,-0.49201,45.408,-0.984,-1,525.000,-1,750.000,150.000,475.000,525.000,250.000,175.000,675.000,50.000,175.000,-1,900.000,-1,-1,-1,2,0,2,0,1,0,0,0,1,0,0,0,2,0,2,2,2
122,156.450,2410.671,365.644,53.883,0.585275,-0.800980,-0.126029,0.810046,0.584453,0.047327,0.035750,-0.129788,0.990897,0,0.75539,-0.49645,45.324,-0.993,-1,525.000,-1,775.000,175.000,475.000,525.000,250.000,175.000,575.000,50.000,175.000,-1,925.000,-1,-1,-1,2,0,2,0,1,0,0,0,1,0,0,0,2,0,2,2,2
123,183.735,2446.735,365.205,52.881,0.598435,-0.790031,-0.133143,0.800100,0.597914,0.048355,0.041406,-0.135465,0.989917,0,0.75368,-0.50106,45.221,-1.002,-1,525.000,-1,800.000,175.000,475.000,550.000,250.000,150.000,500.000,50.000,175.000,-1,950.000,-1,-1,-1,2,0,2,0,1,0,0,0,1,0,0,0,2,0,2,2,2
124,4263.531,6231.330,229.537,133.473,-0.687277,-0.723591,0.063767,0.726290,-0.686020,0.043347,0.012380,0.076105,0.997023,1,0.00000,0.00000,45.098,-1.012,-1,400.000,-1,400.000,775.000,325.000,325.000,300.000,300.000,-1,-1,-1,-1,750.000,550.000,-1,625.000,2,0,2,0,1,0,0,0,0,2,2,2,2,0,1,2,1
125,4260.214,6234.799,229.613,133.713,-0.690300,-0.720715,0.063691,0.723414,-0.689049,0.043405,0.012603,0.076038,0.997025,0,0.08000,0.12000,4.800,0.240,-1,400.000,-1,400.000,775.000,325.000,325.000,300.000,300.000,-1,-1,-1,-1,750.000,550.000,-1,625.000,2,0,2,0,1,0,0,0,0,2,2,2,2,0,1,2,1
126,4253.523,6241.682,229.773,134.193,-0.696308,-0.714925,0.063540,0.717624,-0.695070,0.043518,0.013053,0.075899,0.997030,0,0.16000,0.24000,9.600,0.480,-1,400.000,-1,400.000,725.000,325.000,325.000,300.000,300.000,-1,-1,-1,-1,750.000,550.000,-1,600.000,2,0,2,0,1,0,0,0,0,2,2,2,2,0,1,2,1
127,4243.356,6251.879,230.027,134.913,-0.705230,-0.706146,0.063313,0.708845,-0.704010,0.043676,0.013731,0.075681,0.997038,0,0.24000,0.36000,14.400,0.720,-1,400.000,-1,400.000,700.000,325.000,325.000,300.000,300.000,-1,-1,-1,-1,750.000,550.000,-1,600.000,2,0,2,0,1,0,0,0,0,2,2,2,2,0,1,2,1
128,4229.575,6265.247,230.390,135.873,-0.716953,-0.694268,0.063013,0.696968,-0.715760,0.043870,0.014644,0.075371,0.997048,0,0.32000,0.48000,19.200,0.960,-1,400.000,-1,400.000,650.000,325.000,325.000,300.000,300.000,-1,-1,-1,-1,750.000,525.000,-1,575.000,2,0,2,0,1,0,0,0,0,2,2,2,2,0,1,2,1
129,4212.002,6281.592,230.820,137.073,-0.731310,-0.679136,0.062929,0.681858,-0.730153,0.044119,0.015985,0.075173,0.997042,0,0.40000,0.60000,24.000,1.200,-1,400.000,-1,400.000,600.000,325.000,325.000,300.000,300.000,-1,-1,-1,-1,750.000,525.000,-1,550.000,2,0,2,1,1,0,0,0,0,2,2,2,2,0,1,2,1
130,4190.428,6300.670,231.299,138.513,-0.748096,-0.660575,0.063195,0.663350,-0.746992,0.044391,0.017882,0.075129,0.997013,0,0.48000,0.72000,28.800,1.440,-1,400.000,-1,400.000,550.000,325.000,325.000,300.000,300.000,-1,-1,-1,-1,750.000,500.000,-1,500.000,2,0,2,1,1,0,0,0,0,2,2,2,2,0,1,2,1
131,4164.617,6322.179,231.941,140.193,-0.767084,-0.638397,0.063483,0.641231,-0.766045,0.044699,0.020095,0.074996,0.996981,0,0.56000,0.84000,33.600,1.680,-1,400.000,-1,400.000,475.000,325.000,325.000,300.000,300.000,-1,-1,-1,-1,750.000,500.000,-1,475.000,2,0,2,1,1,0,0,0,0,2,2,2,2,0,1,2,1
132,4134.311,6345.760,232.782,142.113,-0.787982,-0.612385,0.063786,0.615283,-0.787019,0.045037,0.022621,0.074735,0.996947,0,0.64000,0.96000,38.400,1.920,-1,400.000,-1,375.000,425.000,325.000,325.000,300.000,300.000,-1,-1,-1,-1,750.000,475.000,-1,450.000,2,0,2,1,1,0,0,0,0,2,2,2,2,0,1,2,1
133,4099.341,6371.122,233.847,144.049,-0.808160,-0.585467,0.064077,0.588425,-0.807276,0.045395,0.025150,0.074390,0.996912,0,0.72000,0.96787,43.200,1.936,-1,400.000,-1,375.000,400.000,325.000,325.000,325.000,300.000,-1,-1,-1,-1,750.000,450.000,-1,400.000,2,0,2,1,1,0,0,0,0,2,2,2,2,0,1,2,1
