timestep,x_cm,y_cm,z_cm,yaw_deg,basis_xx,basis_xy,basis_xz,basis_yx,basis_yy,basis_yz,basis_zx,basis_zy,basis_zz,teleport_flag,throttle_cmd,steering_cmd,cmd_move_cm,cmd_turn_deg,lidar_cm_0,lidar_cm_1,lidar_cm_2,lidar_cm_3,lidar_cm_4,lidar_cm_5,lidar_cm_6,lidar_cm_7,lidar_cm_8,lidar_cm_9,lidar_cm_10,lidar_cm_11,lidar_cm_12,lidar_cm_13,lidar_cm_14,lidar_cm_15,lidar_cm_16,lidar_class_0,lidar_class_1,lidar_class_2,lidar_class_3,lidar_class_4,lidar_class_5,lidar_class_6,lidar_class_7,lidar_class_8,lidar_class_9,lidar_class_10,lidar_class_11,lidar_class_12,lidar_class_13,lidar_class_14,lidar_class_15,lidar_class_16
0,-8196.300,4259.694,75.434,-53.622,0.593980,0.804478,-0.001675,-0.802457,0.592632,0.069647,0.057022,-0.040024,0.997570,1,0.08000,-0.12000,4.800,-0.240,-1,375.000,-1,375.000,-1,300.000,300.000,325.000,325.000,-1,800.000,725.000,550.000,675.000,650.000,-1,-1,2,0,2,0,2,0,0,0,0,2,0,1,1,0,0,2,2
1,-8190.671,4251.917,76.003,-54.102,0.587211,0.809432,-0.001955,-0.807369,0.585884,0.069962,0.057775,-0.039504,0.997548,0,0.16000,-0.24000,9.600,-0.480,-1,375.000,-1,375.000,-1,300.000,300.000,325.000,325.000,-1,775.000,750.000,575.000,675.000,650.000,-1,-1,2,0,2,0,2,0,0,0,0,2,0,1,1,0,0,2,2
2,-8182.375,4240.147,76.867,-54.822,0.576979,0.816755,-0.002378,-0.814633,0.575684,0.070436,0.058898,-0.038703,0.997513,0,0.24000,-0.36000,14.400,-0.720,-1,375.000,-1,375.000,-1,300.000,300.000,325.000,325.000,-1,725.000,700.000,575.000,675.000,650.000,-1,-1,2,0,2,0,2,0,0,0,0,2,0,0,1,0,0,2,2
3,-8171.579,4224.269,78.039,-55.782,0.563192,0.826321,-0.002942,-0.824117,0.561943,0.071072,0.060382,-0.037602,0.997467,0,0.32000,-0.48000,19.200,-0.960,-1,375.000,-1,375.000,-1,300.000,300.000,325.000,325.000,-1,675.000,650.000,575.000,675.000,650.000,-1,-1,2,0,2,0,2,0,0,0,0,2,0,0,1,0,0,2,2
4,-8158.501,4204.145,79.533,-56.982,0.545731,0.837952,-0.003651,-0.835648,0.544543,0.071871,0.062213,-0.036172,0.997407,0,0.40000,-0.60000,24.000,-1.200,-1,375.000,-1,375.000,-1,300.000,300.000,325.000,325.000,-1,625.000,600.000,600.000,675.000,650.000,-1,-1,2,0,2,0,2,0,0,0,0,2,0,0,1,0,0,2,2
5,-8143.421,4179.608,81.366,-58.422,0.524455,0.851426,-0.004502,-0.849001,0.523347,0.072837,0.064371,-0.034378,0.997334,0,0.48000,-0.72000,28.800,-1.440,-1,375.000,-1,375.000,-1,300.000,300.000,325.000,325.000,-1,575.000,575.000,625.000,675.000,650.000,-1,-1,2,0,2,0,2,0,0,0,0,2,0,0,1,0,0,2,2
6,-8127.730,4152.357,83.417,-60.066,0.499748,0.866154,-0.005429,-0.863598,0.498736,0.073902,0.066718,-0.032243,0.997251,0,0.52408,-0.82214,31.445,-1.644,-1,375.000,-1,375.000,-1,300.000,300.000,325.000,325.000,-1,550.000,525.000,650.000,675.000,650.000,-1,-1,2,0,2,0,2,0,0,0,0,2,0,0,1,0,0,2,2
7,-8112.678,4124.405,85.532,-61.696,0.474847,0.880046,-0.006359,-0.877359,0.473939,0.074983,0.069002,-0.030027,0.997165,0,0.52912,-0.81468,31.747,-1.629,-1,375.000,-1,375.000,-1,300.000,300.000,325.000,300.000,-1,525.000,500.000,675.000,675.000,675.000,-1,-1,2,0,2,0,2,0,0,0,0,2,0,0,1,0,0,2,2
8,-8098.287,4095.777,87.711,-63.310,0.449782,0.893109,-0.007287,-0.890294,0.448985,0.076080,0.071219,-0.027732,0.997075,0,0.53401,-0.80726,32.041,-1.615,-1,375.000,-1,375.000,-1,300.000,300.000,325.000,300.000,-1,500.000,475.000,675.000,675.000,675.000,-1,-1,2,0,2,0,2,0,0,0,0,2,0,0,1,0,0,2,2
9,-8084.580,4066.502,89.989,-64.910,0.424593,0.905349,-0.008029,-0.902416,0.423902,0.077146,0.073248,-0.025511,0.996987,0,0.53876,-0.79987,32.325,-1.600,-1,375.000,-1,375.000,-1,300.000,300.000,325.000,300.000,-1,500.000,475.000,700.000,675.000,675.000,-1,-1,2,0,2,0,2,0,0,0,0,2,0,0,1,0,0,2,2
10,-8071.578,4036.605,92.358,-66.495,0.399309,0.916776,-0.008615,-0.913735,0.398719,0.078174,0.075103,-0.023344,0.996903,0,0.54336,-0.79252,32.601,-1.585,-1,375.000,-1,375.000,-1,300.000,300.000,325.000,300.000,-1,475.000,450.000,725.000,675.000,675.000,-1,-1,2,0,2,0,2,0,0,0,0,2,0,0,1,0,0,2,2
11,-8059.300,4006.114,94.784,-68.066,0.373948,0.927404,-0.009176,-0.924259,0.373463,0.079188,0.076866,-0.021131,0.996817,0,0.54782,-0.78521,32.869,-1.570,-1,375.000,-1,375.000,-1,300.000,300.000,325.000,300.000,-1,475.000,450.000,750.000,675.000,675.000,-1,-1,2,0,2,0,2,0,0,0,0,2,0,0,1,0,0,2,2
12,-8047.764,3975.059,97.425,-69.621,0.348576,0.937234,-0.009319,-0.933945,0.348156,0.080835,0.079006,-0.019474,0.996684,0,0.55215,-0.77793,33.129,-1.556,-1,375.000,-1,375.000,-1,300.000,300.000,325.000,325.000,-1,475.000,450.000,775.000,675.000,675.000,-1,-1,2,0,2,0,2,0,0,0,0,2,0,0,1,0,0,2,2
13,-8036.987,3943.465,100.159,-71.163,0.323193,0.946287,-0.009294,-0.942846,0.322829,0.082604,0.081167,-0.017934,0.996539,0,0.55635,-0.77070,33.381,-1.541,-1,375.000,-1,375.000,-1,300.000,300.000,325.000,325.000,-1,450.000,425.000,800.000,675.000,675.000,-1,-1,2,0,2,0,2,0,0,0,0,2,0,0,1,0,0,2,2
14,-8026.982,3911.363,102.941,-72.690,0.297814,0.954580,-0.009196,-0.950989,0.297506,0.084328,0.083234,-0.016369,0.996396,0,0.56042,-0.76350,33.625,-1.527,-1,375.000,-1,375.000,-1,300.000,300.000,325.000,325.000,-1,450.000,425.000,825.000,675.000,675.000,-1,-1,2,0,2,0,2,0,0,0,0,2,0,0,1,0,0,2,2
15,-8017.763,3878.779,105.783,-74.202,0.272457,0.962125,-0.009065,-0.958392,0.272210,0.085945,0.085158,-0.014728,0.996259,0,0.56437,-0.75634,33.862,-1.513,-1,375.000,-1,375.000,-1,300.000,300.000,300.000,325.000,-1,450.000,425.000,850.000,675.000,700.000,-1,-1,2,0,2,0,2,0,0,0,0,2,0,0,1,0,0,2,2
16,-8009.343,3845.742,108.850,-75.701,0.247090,0.968946,-0.009496,-0.965113,0.246965,0.086982,0.086626,-0.012328,0.996165,0,0.56820,-0.74923,34.092,-1.498,-1,375.000,-1,375.000,-1,300.000,300.000,300.000,325.000,-1,475.000,425.000,875.000,675.000,700.000,-1,-1,2,0,2,0,2,0,0,0,0,2,0,0,1,0,0,2,2
17,-8000.885,3807.781,112.503,-77.439,0.217393,0.976027,-0.010553,-0.972057,0.217464,0.088396,0.088572,-0.008958,0.996030,0,0.64820,-0.86923,38.892,-1.738,-1,375.000,-1,375.000,-1,300.000,300.000,300.000,325.000,-1,475.000,425.000,900.000,675.000,700.000,-1,-1,2,0,2,0,2,0,0,0,0,2,0,0,1,0,0,2,2
18,-7992.830,3764.837,116.634,-79.376,0.184060,0.982846,-0.011669,-0.978734,0.184358,0.089953,0.090561,-0.005136,0.995878,0,0.72820,-0.96840,43.692,-1.937,-1,375.000,-1,375.000,-1,300.000,300.000,300.000,325.000,-1,500.000,450.000,950.000,700.000,725.000,-1,-1,2,0,2,0,2,0,0,0,0,2,0,0,1,0,0,2,2
19,-7985.994,3720.191,120.926,-81.295,0.150807,0.988481,-0.012742,-0.984235,0.151339,0.091533,0.092407,-0.001263,0.995721,0,0.75276,-0.95966,45.166,-1.919,-1,375.000,-1,375.000,-1,300.000,300.000,300.000,325.000,-1,525.000,450.000,975.000,700.000,725.000,-1,-1,2,0,2,0,2,0,0,0,0,2,0,0,1,0,0,2,2
20,-7980.612,3675.081,125.258,-83.197,0.117684,0.992956,-0.013744,-0.988586,0.118455,0.093093,0.094065,0.002632,0.995563,0,0.75715,-0.95078,45.429,-1.902,-1,375.000,-1,375.000,-1,300.000,300.000,325.000,325.000,-1,550.000,475.000,1000.000,725.000,725.000,-1,-1,2,0,2,0,2,0,0,0,0,2,0,0,1,0,0,2,2
21,-7976.694,3629.566,129.620,-85.081,0.084732,0.996296,-0.014676,-0.991813,0.085745,0.094634,0.095542,0.006538,0.995404,0,0.76138,-0.94199,45.683,-1.884,-1,375.000,-1,375.000,-1,300.000,325.000,325.000,325.000,-1,550.000,475.000,-1,725.000,750.000,-1,-1,2,0,2,0,2,0,0,0,0,2,0,0,2,0,0,2,2
22,-7974.247,3583.703,134.004,-86.948,0.051988,0.998527,-0.015541,-0.993941,0.053246,0.096156,0.096842,0.010448,0.995245,0,0.76546,-0.93330,45.928,-1.867,-1,375.000,-1,375.000,-1,325.000,325.000,325.000,325.000,-1,575.000,500.000,-1,750.000,750.000,-1,-1,2,0,2,0,2,0,0,0,0,2,0,0,2,0,0,2,2
23,-7973.277,3537.549,138.398,-88.797,0.019487,0.999676,-0.016346,-0.994999,0.020993,0.097653,0.097965,0.014362,0.995086,0,0.76940,-0.92469,46.164,-1.849,-1,375.000,-1,400.000,-1,325.000,325.000,300.000,325.000,-1,600.000,525.000,-1,750.000,775.000,-1,-1,2,0,2,0,2,0,0,0,0,2,0,0,2,0,0,2,2
24,-7973.785,3491.160,142.795,-90.629,-0.012737,0.999773,-0.017088,-0.995014,-0.010982,0.099133,0.098923,0.018265,0.994927,0,0.77319,-0.91618,46.391,-1.832,-1,400.000,-1,400.000,-1,325.000,325.000,300.000,325.000,-1,625.000,525.000,-1,775.000,775.000,-1,-1,2,0,2,0,2,0,0,0,0,2,0,0,2,0,0,2,2
25,-7975.772,3444.591,147.187,-92.445,-0.044652,0.998845,-0.017764,-0.994013,-0.042647,0.100597,0.099723,0.022149,0.994769,0,0.77685,-0.90775,46.611,-1.815,-1,400.000,-1,400.000,-1,325.000,325.000,300.000,325.000,-1,650.000,550.000,-1,775.000,775.000,-1,-1,2,0,2,0,2,0,0,0,0,2,0,0,2,0,0,2,2
26,-7979.235,3397.897,151.563,-94.244,-0.076229,0.996921,-0.018373,-0.992025,-0.073973,0.102049,0.100376,0.026006,0.994610,0,0.78037,-0.89941,46.822,-1.799,-1,400.000,-1,400.000,-1,325.000,325.000,300.000,300.000,-1,650.000,575.000,-1,800.000,775.000,-1,-1,2,0,2,0,2,0,0,0,0,2,0,0,2,0,0,2,2
27,-7984.170,3351.129,155.918,-96.026,-0.107437,0.994032,-0.018908,-0.989080,-0.104933,0.103485,0.100884,0.029820,0.994451,0,0.78377,-0.89117,47.026,-1.782,-1,400.000,-1,400.000,-1,325.000,325.000,300.000,300.000,-1,675.000,550.000,-1,800.000,800.000,-1,-1,2,0,2,0,2,0,0,0,0,2,0,0,2,0,0,2,2
28,-7990.461,3303.765,160.358,-97.568,-0.134389,0.990733,-0.019686,-0.985759,-0.131635,0.104652,0.101090,0.033470,0.994314,0,0.79634,-0.77117,47.780,-1.542,-1,400.000,-1,400.000,-1,325.000,325.000,300.000,300.000,-1,700.000,550.000,-1,850.000,800.000,-1,-1,2,0,2,0,2,0,0,0,0,2,0,0,2,0,0,2,2
29,-7997.971,3256.624,164.692,-99.054,-0.160214,0.986873,-0.020347,-0.981975,-0.157257,0.104857,0.100280,0.036780,0.994279,0,0.79558,-0.74277,47.735,-1.486,-1,400.000,-1,400.000,-1,325.000,325.000,300.000,300.000,-1,750.000,575.000,-1,850.000,800.000,-1,-1,2,0,2,0,2,0,0,0,0,2,0,0,2,0,0,2,2
30,-8006.897,3208.605,169.341,-100.532,-0.185684,0.982400,-0.020293,-0.977662,-0.182639,0.104023,0.098486,0.039155,0.994368,0,0.81403,-0.73892,48.842,-1.478,-1,400.000,-1,400.000,-1,325.000,325.000,300.000,300.000,-1,850.000,700.000,-1,875.000,800.000,-1,-1,2,0,2,0,2,0,0,0,0,2,0,0,2,0,0,2,2
31,-8017.225,3159.028,174.113,-101.770,-0.206917,0.978146,-0.020398,-0.973578,-0.203803,0.103010,0.096602,0.041173,0.994471,0,0.84403,-0.61892,50.642,-1.238,-1,400.000,-1,400.000,-1,325.000,325.000,300.000,300.000,-1,1000.000,850.000,-1,875.000,800.000,-1,-1,2,0,2,0,2,0,0,0,0,2,0,0,2,0,0,2,2
32,-8028.399,3109.715,178.848,-102.767,-0.223958,0.974382,-0.020554,-0.969969,-0.220791,0.102041,0.094889,0.042789,0.994568,0,0.84271,-0.49892,50.563,-0.998,-1,400.000,-1,400.000,-1,325.000,325.000,300.000,300.000,-1,-1,950.000,-1,875.000,800.000,-1,-1,2,0,2,0,2,0,0,0,0,2,2,0,2,0,0,2,2
33,-8040.207,3060.621,183.553,-103.525,-0.236848,0.971325,-0.020742,-0.967050,-0.233646,0.101114,0.093368,0.044007,0.994659,0,0.84158,-0.37892,50.495,-0.758,-1,400.000,-1,400.000,-1,325.000,325.000,300.000,300.000,-1,-1,-1,-1,875.000,800.000,-1,-1,2,0,2,0,2,0,0,0,0,2,2,2,2,0,0,2,2
34,-8052.447,3011.685,188.237,-104.043,-0.245626,0.969138,-0.020951,-0.964983,-0.242406,0.100231,0.092059,0.044837,0.994744,0,0.84072,-0.25892,50.443,-0.518,-1,400.000,-1,400.000,-1,325.000,325.000,300.000,300.000,-1,-1,-1,-1,875.000,800.000,-1,-1,2,0,2,0,2,0,0,0,0,2,2,2,2,0,0,2,2
35,-8064.916,2962.839,192.907,-104.321,-0.250320,0.967932,-0.021169,-0.963880,-0.247098,0.099392,0.090974,0.045284,0.994823,0,0.84020,-0.13892,50.412,-0.278,-1,400.000,-1,400.000,-1,325.000,325.000,300.000,300.000,-1,-1,-1,-1,900.000,800.000,-1,-1,2,0,2,0,2,0,0,0,0,2,2,2,2,0,0,2,2
36,-8077.416,2914.009,197.574,-104.359,-0.250944,0.967765,-0.021384,-0.963798,-0.247736,0.098594,0.090118,0.045351,0.994898,0,0.84008,-0.01892,50.405,-0.038,-1,400.000,-1,400.000,-1,325.000,325.000,300.000,300.000,-1,-1,-1,-1,900.000,800.000,-1,-1,2,0,2,0,2,0,0,0,0,2,2,2,2,0,0,2,2
37,-8089.749,2865.117,202.247,-104.157,-0.247500,0.968647,-0.021585,-0.964746,-0.244323,0.097832,0.089492,0.045037,0.994969,0,0.84040,0.10108,50.424,0.202,-1,400.000,-1,400.000,-1,325.000,325.000,300.000,300.000,-1,-1,-1,-1,900.000,800.000,-1,-1,2,0,2,0,2,0,0,0,0,2,2,2,2,0,0,2,2
38,-8101.715,2816.084,206.936,-103.714,-0.239978,0.970534,-0.021761,-0.966682,-0.236848,0.097104,0.089089,0.044339,0.995036,0,0.84121,0.22108,50.472,0.442,-1,400.000,-1,400.000,-1,325.000,325.000,300.000,300.000,-1,-1,-1,-1,875.000,800.000,-1,-1,2,0,2,0,2,0,0,0,0,2,2,2,2,1,0,2,2
39,-8113.930,2763.314,211.991,-103.032,-0.228352,0.973332,-0.021921,-0.969516,-0.225287,0.096354,0.088846,0.043255,0.995106,0,0.90276,0.34108,54.165,0.682,-1,425.000,-1,400.000,-1,325.000,325.000,300.000,300.000,-1,-1,-1,-1,850.000,800.000,-1,-1,2,0,2,0,2,0,0,0,0,2,2,2,2,1,0,2,2
40,-8125.407,2709.831,217.124,-102.110,-0.212589,0.976893,-0.022039,-0.973099,-0.209606,0.095625,0.088796,0.041775,0.995173,0,0.91168,0.46108,54.701,0.922,-1,425.000,975.000,400.000,-1,325.000,325.000,300.000,300.000,-1,-1,-1,-1,800.000,800.000,1000.000,-1,2,0,1,0,2,0,0,0,0,2,2,2,2,1,0,1,2
41,-8135.905,2655.566,222.137,-100.948,-0.192575,0.981052,-0.021256,-0.977236,-0.189771,0.094853,0.089022,0.039039,0.995264,0,0.92120,0.58108,55.272,1.162,-1,425.000,925.000,400.000,-1,325.000,325.000,300.000,300.000,-1,-1,-1,-1,750.000,825.000,950.000,1000.000,2,0,1,0,2,0,0,0,0,2,2,2,2,1,0,1,1
42,-8145.176,2600.456,226.875,-99.546,-0.168181,0.985572,-0.019056,-0.981777,-0.165736,0.092977,0.088477,0.034346,0.995486,0,0.93141,0.70108,55.885,1.402,-1,425.000,850.000,400.000,-1,325.000,325.000,300.000,300.000,-1,-1,-1,-1,725.000,775.000,900.000,925.000,2,0,1,0,2,0,0,0,0,2,2,2,2,1,1,1,1
43,-8152.953,2544.449,231.375,-97.904,-0.139627,0.990038,-0.018126,-0.986334,-0.137441,0.090862,0.087465,0.030565,0.995699,0,0.94242,0.82108,56.545,1.642,-1,425.000,800.000,400.000,1000.000,325.000,325.000,300.000,300.000,-1,-1,-1,-1,675.000,725.000,875.000,850.000,2,0,1,0,1,0,0,0,0,2,2,2,2,1,1,1,1
44,-8158.961,2487.507,235.816,-96.021,-0.106823,0.994119,-0.017781,-0.990556,-0.104860,0.088331,0.085947,0.027049,0.995932,0,0.95431,0.94108,57.258,1.882,-1,425.000,725.000,400.000,875.000,325.000,325.000,300.000,300.000,-1,-1,-1,-1,625.000,650.000,850.000,750.000,2,0,1,0,1,0,0,0,0,2,2,2,2,1,1,1,1
45,-8163.129,2429.872,240.353,-94.135,-0.073822,0.997122,-0.017250,-0.993707,-0.072086,0.085736,0.084246,0.023471,0.996169,0,0.96311,0.94320,57.786,1.886,-1,425.000,650.000,400.000,775.000,325.000,325.000,300.000,300.000,-1,-1,-1,-1,600.000,600.000,825.000,675.000,2,0,1,0,1,0,0,0,0,2,2,2,2,1,1,1,1
46,-8165.421,2371.667,244.972,-92.254,-0.040822,0.999030,-0.016535,-0.995767,-0.039314,0.083080,0.082349,0.019856,0.996406,0,0.97086,0.94070,58.251,1.881,-1,425.000,600.000,400.000,675.000,325.000,325.000,300.000,300.000,-1,-1,-1,-1,550.000,525.000,825.000,600.000,2,0,1,0,1,0,0,0,0,2,2,2,2,1,1,1,1
47,-8165.811,2312.952,249.661,-90.378,-0.007883,0.999847,-0.015635,-0.996744,-0.006602,0.080363,0.080247,0.016218,0.996643,0,0.97860,0.93760,58.716,1.875,-1,400.000,550.000,400.000,575.000,325.000,325.000,300.000,300.000,-1,-1,-1,-1,500.000,475.000,-1,525.000,2,1,1,1,1,0,0,0,0,2,2,2,2,1,1,2,1
48,-8164.274,2253.795,254.410,-88.511,0.024933,0.999583,-0.014552,-0.996647,0.025990,0.077585,0.077931,0.012569,0.996880,0,0.98630,0.93386,59.178,1.868,-1,375.000,500.000,350.000,500.000,325.000,325.000,300.000,300.000,-1,-1,-1,-1,475.000,400.000,-1,450.000,2,1,1,1,1,1,1,0,0,2,2,2,2,1,1,2,1
49,-8160.792,2194.262,259.207,-86.652,0.057566,0.998253,-0.013285,-0.995491,0.058402,0.074748,0.075393,0.008922,0.997114,0,0.99391,0.92941,59.635,1.859,-1,350.000,425.000,300.000,400.000,300.000,275.000,300.000,300.000,-1,-1,-1,-1,425.000,350.000,-1,375.000,2,1,1,1,1,1,1,0,0,2,2,2,2,1,1,2,1
50,-8155.358,2134.509,264.034,-84.803,0.089952,0.995876,-0.011835,-0.993294,0.090572,0.071855,0.072631,0.005292,0.997345,0,1.00000,0.92420,60.000,1.848,-1,300.000,375.000,250.000,325.000,250.000,250.000,300.000,300.000,-1,-1,-1,-1,400.000,300.000,-1,300.000,2,1,1,1,1,1,1,0,0,2,2,2,2,1,1,2,1
51,-8148.013,2074.961,268.851,-82.967,0.122024,0.992475,-0.010211,-0.990080,0.122439,0.068925,0.069657,0.001699,0.997570,0,1.00000,0.91813,60.000,1.836,-1,275.000,325.000,200.000,250.000,225.000,200.000,300.000,300.000,-1,-1,-1,-1,350.000,250.000,-1,225.000,2,1,1,1,1,1,1,0,0,2,2,2,2,1,1,2,1
52,-8138.777,2015.677,273.637,-81.145,0.153715,0.988079,-0.008459,-0.985875,0.153937,0.065986,0.066501,-0.001804,0.997785,0,1.00000,0.91114,60.000,1.822,-1,250.000,275.000,175.000,175.000,200.000,150.000,300.000,300.000,-1,-1,-1,-1,325.000,175.000,-1,175.000,2,1,1,1,1,1,1,0,0,2,2,2,2,1,1,2,1
53,-8127.674,1956.707,288.622,-79.339,0.188256,0.981808,0.024774,-0.977418,0.184829,0.102433,0.095991,-0.043498,0.994431,0,1.00000,0.90312,60.000,1.806,-1,250.000,300.000,150.000,150.000,200.000,150.000,275.000,400.000,-1,-1,-1,-1,375.000,175.000,-1,150.000,2,1,1,1,1,1,1,0,0,2,2,2,2,1,1,2,1
54,-8114.710,1898.112,306.993,-77.551,0.226837,0.971636,0.066845,-0.964396,0.214505,0.154690,0.135964,-0.099555,0.985699,0,1.00000,0.89396,60.000,1.788,-1,275.000,375.000,150.000,150.000,225.000,150.000,250.000,600.000,525.000,50.000,375.000,-1,-1,200.000,-1,125.000,2,1,1,1,1,1,1,0,0,0,0,0,2,2,1,2,1
55,327.966,983.899,209.067,113.051,-0.391584,-0.920138,-0.002828,0.919905,-0.391551,0.021513,-0.020902,0.005823,0.999765,1,0.00000,0.00000,60.000,1.767,-1,400.000,-1,400.000,550.000,325.000,325.000,300.000,300.000,-1,-1,-1,-1,875.000,800.000,-1,-1,2,0,2,0,1,0,0,0,0,2,2,2,2,0,0,2,2
56,329.827,979.474,209.167,112.811,-0.387728,-0.921770,-0.002722,0.921538,-0.387694,0.021483,-0.020857,0.005821,0.999766,0,-0.08000,-0.12000,-4.800,-0.240,-1,400.000,-1,400.000,550.000,325.000,325.000,300.000,300.000,-1,-1,-1,-1,875.000,800.000,-1,-1,2,0,2,0,1,0,0,0,0,2,2,2,2,0,0,2,2
57,333.475,970.594,209.366,112.331,-0.379994,-0.924985,-0.002511,0.924756,-0.379958,0.021422,-0.020769,0.005818,0.999767,0,-0.16000,-0.24000,-9.600,-0.480,-1,400.000,-1,400.000,550.000,325.000,325.000,300.000,300.000,-1,-1,-1,-1,875.000,800.000,-1,-1,2,0,2,0,1,0,0,0,0,2,2,2,2,0,0,2,2
58,338.778,957.207,209.664,111.611,-0.368344,-0.929687,-0.002198,0.929460,-0.368305,0.021330,-0.020640,0.005814,0.999770,0,-0.24000,-0.36000,-14.400,-0.720,-1,400.000,-1,400.000,550.000,325.000,325.000,300.000,300.000,-1,-1,-1,-1,850.000,800.000,-1,-1,2,0,2,0,1,0,0,0,0,2,2,2,2,0,0,2,2
59,345.550,939.240,210.061,110.651,-0.352720,-0.935727,-0.001786,0.935505,-0.352677,0.021207,-0.020473,0.005809,0.999774,0,-0.32000,-0.48000,-19.200,-0.960,-1,400.000,-1,400.000,550.000,325.000,325.000,300.000,300.000,-1,-1,-1,-1,850.000,800.000,-1,-1,2,0,2,0,1,0,0,0,0,2,2,2,2,0,0,2,2
60,353.542,916.610,210.556,109.451,-0.333051,-0.942908,-0.001279,0.942691,-0.333003,0.021050,-0.020274,0.005805,0.999778,0,-0.40000,-0.60000,-24.000,-1.200,-1,400.000,-1,400.000,575.000,325.000,325.000,300.000,300.000,-1,-1,-1,-1,850.000,800.000,-1,775.000,2,0,2,0,1,0,0,0,0,2,2,2,2,0,0,2,1
61,361.791,891.239,211.103,108.011,-0.309255,-0.950979,-0.000730,0.950767,-0.309202,0.020874,-0.020076,0.005761,0.999782,0,-0.44465,-0.72000,-26.679,-1.440,-1,400.000,-1,400.000,575.000,325.000,325.000,300.000,300.000,-1,-1,-1,-1,850.000,725.000,-1,700.000,2,0,2,0,1,0,0,0,0,2,2,2,2,0,1,2,1
62,369.288,865.655,211.649,106.331,-0.281246,-0.959636,-0.000202,0.959429,-0.281190,0.020694,-0.019916,0.005627,0.999786,0,-0.44432,-0.84000,-26.659,-1.680,-1,400.000,-1,400.000,600.000,325.000,325.000,300.000,300.000,-1,-1,-1,-1,850.000,675.000,-1,675.000,2,0,2,0,1,0,0,0,0,2,2,2,2,0,1,2,1
63,375.919,839.848,212.194,104.411,-0.248939,-0.968519,0.000304,0.968317,-0.248880,0.020513,-0.019791,0.005401,0.999790,0,-0.44409,-0.96000,-26.646,-1.920,-1,400.000,-1,400.000,625.000,325.000,325.000,300.000,300.000,-1,-1,-1,-1,850.000,650.000,-1,675.000,2,0,2,0,1,0,0,0,0,2,2,2,2,0,1,2,1
64,381.645,813.830,212.740,102.411,-0.214988,-0.976616,0.000790,0.976418,-0.214928,0.020331,-0.019686,0.005142,0.999793,0,-0.44401,-1.00000,-26.641,-2.000,-1,400.000,-1,400.000,650.000,325.000,325.000,300.000,300.000,-1,-1,-1,-1,850.000,650.000,-1,675.000,2,0,2,0,1,0,0,0,0,2,2,2,2,0,1,2,1
65,386.462,787.613,213.287,100.411,-0.180776,-0.983524,0.001256,0.983329,-0.180714,0.020151,-0.019592,0.004878,0.999796,0,-0.44426,-1.00000,-26.655,-2.000,-1,400.000,-1,400.000,675.000,325.000,325.000,300.000,300.000,-1,-1,-1,-1,850.000,650.000,-1,700.000,2,0,2,0,1,0,0,0,0,2,2,2,2,0,1,2,1
66,390.367,761.208,213.837,98.411,-0.146342,-0.989233,0.001703,0.989042,-0.146280,0.019975,-0.019511,0.004607,0.999799,0,-0.44487,-1.00000,-26.692,-2.000,-1,400.000,-1,400.000,725.000,325.000,325.000,300.000,300.000,-1,-1,-1,-1,825.000,650.000,-1,725.000,2,0,2,0,1,0,0,0,0,2,2,2,2,0,1,2,1
67,393.354,734.625,214.389,96.411,-0.111731,-0.993736,0.002129,0.993548,-0.111667,0.019803,-0.019441,0.004328,0.999802,0,-0.44585,-1.00000,-26.751,-2.000,-1,400.000,-1,400.000,775.000,325.000,325.000,300.000,300.000,-1,-1,-1,-1,825.000,650.000,-1,750.000,2,0,2,0,1,0,0,0,0,2,2,2,2,0,1,2,1
68,395.418,707.874,214.945,94.411,-0.076982,-0.997029,0.002534,0.996844,-0.076918,0.019638,-0.019384,0.004038,0.999804,0,-0.44716,-1.00000,-26.830,-2.000,-1,400.000,-1,400.000,800.000,325.000,325.000,300.000,300.000,-1,-1,-1,-1,825.000,675.000,-1,775.000,2,0,2,0,1,0,0,0,0,2,2,2,2,0,1,2,1
69,396.551,680.971,215.506,92.411,-0.042140,-0.999107,0.002917,0.998925,-0.042076,0.019480,-0.019340,0.003735,0.999806,0,-0.44879,-1.00000,-26.928,-2.000,-1,400.000,-1,400.000,850.000,325.000,325.000,300.000,300.000,-1,-1,-1,-1,825.000,700.000,-1,800.000,2,0,2,0,1,0,0,0,0,2,2,2,2,0,1,2,1
70,396.745,653.928,216.063,90.411,-0.007246,-0.999968,0.003254,0.999787,-0.007182,0.019358,-0.019334,0.003394,0.999807,0,-0.45072,-1.00000,-27.043,-2.000,-1,400.000,-1,400.000,925.000,325.000,325.000,300.000,300.000,-1,-1,-1,-1,825.000,725.000,-1,850.000,2,0,2,0,1,0,0,0,0,2,2,2,2,0,1,2,1
71,395.992,626.763,216.551,88.411,0.027658,-0.999611,0.003553,0.999432,0.027721,0.019155,-0.019246,0.003021,0.999810,0,-0.45293,-1.00000,-27.176,-2.000,-1,400.000,-1,400.000,1000.000,325.000,325.000,300.000,300.000,-1,-1,-1,-1,800.000,750.000,-1,875.000,2,0,2,0,1,0,0,0,0,2,2,2,2,0,0,2,1
72,394.282,599.493,217.028,86.411,0.062529,-0.998036,0.003814,0.997860,0.062590,0.018914,-0.019115,0.002624,0.999814,0,-0.45539,-1.00000,-27.323,-2.000,-1,400.000,-1,400.000,-1,325.000,325.000,300.000,300.000,-1,-1,-1,-1,800.000,750.000,-1,925.000,2,0,2,0,2,0,0,0,0,2,2,2,2,0,0,2,1
73,391.605,572.139,217.511,84.411,0.097324,-0.995245,0.004043,0.995072,0.097383,0.018680,-0.018985,0.002205,0.999817,0,-0.45808,-1.00000,-27.485,-2.000,-1,400.000,-1,400.000,-1,325.000,325.000,300.000,300.000,-1,-1,-1,-1,800.000,750.000,-1,975.000,2,0,2,0,2,0,0,0,0,2,2,2,2,0,0,2,1
74,387.953,544.722,217.998,82.411,0.132001,-0.991240,0.004240,0.991070,0.132058,0.018457,-0.018855,0.001766,0.999821,0,-0.46098,-1.00000,-27.659,-2.000,-1,400.000,-1,400.000,-1,325.000,325.000,300.000,300.000,-1,-1,-1,-1,800.000,750.000,-1,-1,2,0,2,0,2,0,0,0,0,2,2,2,2,0,0,2,2
75,383.314,517.267,218.491,80.411,0.166518,-0.986029,0.004405,0.985861,0.166571,0.018246,-0.018724,0.001305,0.999824,0,-0.46408,-1.00000,-27.845,-2.000,-1,400.000,-1,400.000,-1,325.000,325.000,300.000,300.000,-1,-1,-1,-1,775.000,750.000,-1,-1,2,0,2,0,2,0,0,0,0,2,2,2,2,0,0,2,2
76,377.682,489.798,218.989,78.411,0.200832,-0.979615,0.004538,0.979449,0.200882,0.018048,-0.018592,0.000820,0.999827,0,-0.46734,-1.00000,-28.040,-2.000,-1,400.000,-1,400.000,-1,325.000,325.000,300.000,300.000,-1,-1,-1,-1,775.000,750.000,-1,-1,2,0,2,0,2,0,0,0,0,2,2,2,2,0,0,2,2
77,371.046,462.343,219.492,76.411,0.234902,-0.972008,0.004639,0.971844,0.234947,0.017866,-0.018456,0.000312,0.999830,0,-0.47075,-1.00000,-28.245,-2.000,-1,400.000,-1,400.000,-1,325.000,325.000,300.000,300.000,-1,-1,-1,-1,775.000,750.000,-1,-1,2,0,2,0,2,0,0,0,0,2,2,2,2,0,0,2,2
78,363.398,434.933,220.001,74.411,0.268686,-0.963216,0.004708,0.963054,0.268727,0.017701,-0.018315,-0.000221,0.999832,0,-0.47429,-1.00000,-28.457,-2.000,-1,400.000,-1,400.000,-1,325.000,325.000,300.000,300.000,-1,-1,-1,-1,775.000,750.000,-1,-1,2,0,2,0,2,0,0,0,0,2,2,2,2,0,0,2,2
79,354.733,407.597,220.515,72.411,0.302143,-0.953251,0.004746,0.953090,0.302179,0.017556,-0.018169,-0.000781,0.999835,0,-0.47793,-1.00000,-28.676,-2.000,-1,400.000,-1,400.000,-1,325.000,325.000,300.000,300.000,-1,-1,-1,-1,775.000,750.000,-1,-1,2,0,2,0,2,0,0,0,0,2,2,2,2,0,0,2,2
80,345.044,380.370,221.035,70.411,0.335232,-0.942124,0.004752,0.941963,0.335263,0.017431,-0.018015,-0.001367,0.999837,0,-0.48166,-1.00000,-28.900,-2.000,-1,400.000,-1,400.000,-1,325.000,325.000,300.000,300.000,-1,-1,-1,-1,775.000,750.000,-1,-1,2,0,2,0,2,0,0,0,0,2,2,2,2,0,0,2,2
81,334.327,353.286,221.562,68.412,0.367897,-0.929855,0.004727,0.929695,0.367922,0.017330,-0.017853,-0.001981,0.999839,0,-0.48546,-0.99952,-29.127,-1.999,-1,400.000,-1,400.000,-1,325.000,325.000,300.000,300.000,-1,-1,-1,-1,775.000,750.000,-1,-1,2,0,2,0,2,0,0,0,0,2,2,2,2,0,0,2,2
82,322.581,326.380,222.094,66.415,0.400095,-0.916462,0.004671,0.916303,0.400114,0.017253,-0.017681,-0.002623,0.999840,0,-0.48930,-0.99891,-29.358,-1.998,-1,400.000,-1,400.000,-1,325.000,325.000,300.000,300.000,-1,-1,-1,-1,775.000,750.000,-1,-1,2,0,2,0,2,0,0,0,0,2,2,2,2,0,0,2,2
83,312.069,304.186,222.542,64.657,0.428025,-0.903755,0.004606,0.903597,0.428038,0.017208,-0.017523,-0.003204,0.999841,0,-0.40930,-0.87891,-24.558,-1.758,-1,400.000,-1,400.000,-1,325.000,325.000,300.000,300.000,-1,-1,-1,-1,775.000,750.000,-1,-1,2,0,2,0,2,0,0,0,0,2,2,2,2,0,0,2,2
84,303.142,286.560,222.906,63.139,0.451818,-0.892099,0.004543,0.891941,0.451825,0.017186,-0.017384,-0.003713,0.999842,0,-0.32930,-0.75891,-19.758,-1.518,-1,400.000,-1,400.000,-1,325.000,325.000,300.000,300.000,-1,-1,-1,-1,775.000,750.000,-1,-1,2,0,2,0,2,0,0,0,0,2,2,2,2,0,0,2,2
85,296.087,273.369,223.185,61.861,0.471603,-0.881799,0.004491,0.881642,0.471606,0.017179,-0.017267,-0.004142,0.999842,0,-0.24930,-0.63891,-14.958,-1.278,-1,400.000,-1,400.000,-1,325.000,325.000,300.000,300.000,-1,-1,-1,-1,775.000,750.000,-1,-1,2,0,2,0,2,0,0,0,0,2,2,2,2,0,0,2,2
86,291.135,264.500,223.379,60.823,0.487500,-0.873112,0.004459,0.872954,0.487500,0.017179,-0.017172,-0.004482,0.999842,0,-0.16930,-0.51891,-10.158,-1.038,-1,400.000,-1,400.000,-1,325.000,325.000,300.000,300.000,-1,-1,-1,-1,775.000,750.000,-1,-1,2,0,2,0,2,0,0,0,0,2,2,2,2,0,0,2,2
87,288.458,259.859,223.487,60.025,0.499612,-0.866238,0.004449,0.866080,0.499610,0.017180,-0.017105,-0.004730,0.999843,0,-0.08930,-0.39891,-5.358,-0.798,-1,400.000,-1,400.000,-1,325.000,325.000,300.000,300.000,-1,-1,-1,-1,775.000,750.000,-1,-1,2,0,2,0,2,0,0,0,0,2,2,2,2,0,0,2,2
88,288.175,259.378,223.509,59.468,0.508023,-0.861332,0.004467,0.861175,0.508019,0.017177,-0.017065,-0.004879,0.999842,0,-0.00930,-0.27891,-0.558,-0.558,-1,400.000,-1,400.000,-1,325.000,325.000,300.000,300.000,-1,-1,-1,-1,775.000,750.000,-1,-1,2,0,2,0,2,0,0,0,0,2,2,2,2,0,0,2,2
89,290.350,263.020,223.446,59.150,0.512793,-0.858501,0.004514,0.858343,0.512789,0.017169,-0.017054,-0.004930,0.999842,0,0.07070,-0.15891,4.242,-0.318,-1,400.000,-1,400.000,-1,325.000,325.000,300.000,300.000,-1,-1,-1,-1,775.000,750.000,-1,-1,2,0,2,0,2,0,0,0,0,2,2,2,2,0,0,2,2
90,294.997,270.776,223.297,59.072,0.513957,-0.857803,0.004590,0.857646,0.513955,0.017153,-0.017073,-0.004880,0.999842,0,0.15070,-0.03891,9.042,-0.078,-1,400.000,-1,400.000,-1,325.000,325.000,300.000,300.000,-1,-1,-1,-1,775.000,750.000,-1,-1,2,0,2,0,2,0,0,0,0,2,2,2,2,0,0,2,2
91,302.078,282.670,223.064,59.234,0.511526,-0.859255,0.004693,0.859097,0.511525,0.017131,-0.017121,-0.004731,0.999842,0,0.23070,0.08109,13.842,0.162,-1,400.000,-1,400.000,-1,325.000,325.000,300.000,300.000,-1,-1,-1,-1,775.000,750.000,-1,-1,2,0,2,0,2,0,0,0,0,2,2,2,2,0,0,2,2
92,311.501,298.755,222.747,59.636,0.505479,-0.862826,0.004821,0.862668,0.505482,0.017105,-0.017196,-0.004487,0.999842,0,0.31070,0.20109,18.642,0.402,-1,400.000,-1,400.000,-1,325.000,325.000,325.000,300.000,-1,-1,-1,-1,775.000,750.000,-1,-1,2,0,2,0,2,0,0,0,0,2,2,2,2,0,0,2,2
93,323.123,319.113,222.346,60.278,0.495773,-0.868438,0.004970,0.868280,0.495781,0.017080,-0.017296,-0.004153,0.999842,0,0.39070,0.32109,23.442,0.642,-1,400.000,-1,400.000,-1,325.000,325.000,325.000,300.000,-1,-1,-1,-1,775.000,750.000,-1,-1,2,0,2,0,2,0,0,0,0,2,2,2,2,0,0,2,2
94,336.764,343.842,221.865,61.118,0.482990,-0.875611,0.005135,0.875453,0.483003,0.017058,-0.017417,-0.003744,0.999841,0,0.47070,0.41980,28.242,0.840,-1,400.000,-1,400.000,-1,325.000,325.000,325.000,300.000,-1,-1,-1,-1,775.000,750.000,-1,-1,2,0,2,0,2,0,0,0,0,2,2,2,2,0,0,2,2
95,352.298,373.005,221.309,61.959,0.470087,-0.882604,0.005321,0.882446,0.470106,0.017039,-0.017540,-0.003314,0.999841,0,0.55070,0.42029,33.042,0.841,-1,400.000,-1,400.000,-1,325.000,325.000,325.000,300.000,-1,-1,-1,-1,775.000,750.000,-1,-1,2,0,2,0,2,0,0,0,0,2,2,2,2,0,0,2,2
96,369.595,406.663,220.681,62.800,0.457067,-0.889415,0.005525,0.889257,0.457092,0.017021,-0.017664,-0.002867,0.999840,0,0.63070,0.42080,37.842,0.842,-1,400.000,-1,400.000,-1,325.000,325.000,325.000,300.000,-1,-1,-1,-1,775.000,725.000,-1,-1,2,0,2,0,2,0,0,0,0,2,2,2,2,0,0,2,2
97,388.526,444.872,219.983,63.643,0.443932,-0.896042,0.005741,0.895884,0.443963,0.017003,-0.017785,-0.002405,0.999839,0,0.71070,0.42132,42.642,0.843,-1,400.000,-1,400.000,-1,325.000,325.000,325.000,300.000,-1,-1,-1,-1,775.000,725.000,-1,-1,2,0,2,0,2,0,0,0,0,2,2,2,2,0,0,2,2
98,407.421,484.462,219.273,64.487,0.430685,-0.902483,0.005947,0.902325,0.430722,0.016991,-0.017896,-0.001951,0.999838,0,0.73113,0.42183,43.868,0.844,-1,400.000,-1,400.000,-1,325.000,325.000,325.000,300.000,-1,-1,-1,-1,775.000,725.000,-1,-1,2,0,2,0,2,0,0,0,0,2,2,2,2,0,0,2,2
99,425.874,524.638,218.526,65.331,0.417336,-0.908733,0.005939,0.908577,0.417375,0.016934,-0.017867,-0.001671,0.999839,0,0.73684,0.42222,44.211,0.844,-1,400.000,-1,400.000,-1,325.000,325.000,325.000,300.000,-1,-1,-1,-1,775.000,725.000,-1,-1,2,0,2,0,2,0,0,0,0,2,2,2,2,0,0,2,2
100,443.872,565.398,217.747,66.176,0.403890,-0.914789,0.005749,0.914636,0.403928,0.016837,-0.017724,-0.001542,0.999842,0,0.74262,0.42248,44.557,0.845,-1,400.000,-1,400.000,-1,325.000,325.000,325.000,300.000,-1,-1,-1,-1,775.000,725.000,-1,-1,2,0,2,0,2,0,0,0,0,2,2,2,2,1,0,2,2
101,461.403,606.743,216.912,67.021,0.390356,-0.920648,0.005405,0.920492,0.390390,0.017014,-0.017774,-0.001666,0.999841,0,0.74846,0.42260,44.908,0.845,-1,400.000,975.000,400.000,-1,325.000,325.000,325.000,300.000,-1,-1,-1,-1,750.000,725.000,-1,-1,2,0,1,0,2,0,0,0,0,2,2,2,2,1,0,2,2
102,478.457,648.669,216.072,67.866,0.376739,-0.926306,0.005027,0.926147,0.376768,0.017226,-0.017850,-0.001834,0.999839,0,0.75437,0.42257,45.262,0.845,-1,400.000,925.000,400.000,-1,325.000,325.000,325.000,300.000,-1,-1,-1,-1,725.000,725.000,-1,-1,2,0,1,0,2,0,0,0,0,2,2,2,2,1,0,2,2
103,495.020,691.176,215.237,68.711,0.363046,-0.931760,0.004641,0.931599,0.363070,0.017422,-0.017918,-0.002001,0.999837,0,0.76033,0.42238,45.620,0.845,-1,400.000,875.000,400.000,-1,325.000,325.000,325.000,300.000,-1,-1,-1,-1,700.000,725.000,-1,-1,2,0,1,0,2,0,0,0,0,2,2,2,2,1,0,2,2
104,511.081,734.261,214.388,69.555,0.349285,-0.937007,0.004295,0.936845,0.349305,0.017524,-0.017920,-0.002097,0.999837,0,0.76635,0.42204,45.981,0.844,-1,400.000,825.000,375.000,-1,325.000,325.000,325.000,300.000,-1,-1,-1,-1,650.000,725.000,1000.000,-1,2,0,1,0,2,0,0,0,0,2,2,2,2,1,0,1,2
105,526.629,777.920,213.524,70.398,0.335463,-0.942045,0.003988,0.941884,0.335480,0.017534,-0.017856,-0.002126,0.999838,0,0.77243,0.42152,46.346,0.843,-1,400.000,775.000,375.000,-1,325.000,325.000,325.000,300.000,-1,-1,-1,-1,625.000,725.000,975.000,-1,2,0,1,0,2,0,0,0,0,2,2,2,2,1,0,1,2
106,541.653,822.152,212.672,71.240,0.321593,-0.946871,0.003656,0.946711,0.321607,0.017545,-0.017789,-0.002182,0.999839,0,0.77856,0.42082,46.713,0.842,-1,400.000,725.000,375.000,-1,325.000,325.000,325.000,300.000,-1,-1,-1,-1,600.000,700.000,950.000,950.000,2,0,1,0,2,0,0,0,0,2,2,2,2,1,1,1,1
107,556.140,866.952,211.829,72.080,0.307683,-0.951483,0.003301,0.951324,0.307693,0.017559,-0.017722,-0.002262,0.999840,0,0.78473,0.41993,47.084,0.840,-1,400.000,700.000,375.000,-1,325.000,325.000,325.000,300.000,-1,-1,-1,-1,575.000,650.000,950.000,850.000,2,0,1,0,2,0,0,0,0,2,2,2,2,1,1,1,1
108,570.080,912.315,210.996,72.917,0.293744,-0.955880,0.002925,0.955721,0.293749,0.017574,-0.017658,-0.002367,0.999841,0,0.79094,0.41885,47.457,0.838,-1,400.000,650.000,375.000,-1,325.000,325.000,325.000,300.000,-1,-1,-1,-1,550.000,600.000,925.000,775.000,2,0,1,0,2,0,0,0,0,2,2,2,2,1,1,1,1
109,583.463,958.236,210.172,73.752,0.279786,-0.960059,0.002527,0.959901,0.279786,0.017592,-0.017597,-0.002496,0.999842,0,0.79719,0.41754,47.832,0.835,-1,400.000,600.000,375.000,-1,325.000,325.000,325.000,300.000,-1,-1,-1,-1,525.000,550.000,925.000,700.000,2,1,1,0,2,0,0,0,0,2,2,2,2,1,1,1,1
110,596.278,1004.710,209.355,74.585,0.265820,-0.964020,0.002109,0.963863,0.265816,0.017613,-0.017540,-0.002649,0.999843,0,0.80348,0.41602,48.209,0.832,-1,375.000,550.000,375.000,-1,325.000,325.000,325.000,300.000,-1,-1,-1,-1,475.000,500.000,925.000,625.000,2,1,1,0,2,0,0,0,0,2,2,2,2,1,1,1,1
111,608.514,1051.731,208.545,75.413,0.251859,-0.967763,0.001671,0.967606,0.251849,0.017636,-0.017488,-0.002825,0.999843,0,0.80978,0.41425,48.587,0.828,-1,350.000,500.000,375.000,-1,300.000,325.000,325.000,300.000,-1,-1,-1,-1,450.000,450.000,925.000,575.000,2,1,1,0,2,1,0,0,0,2,2,2,2,1,1,1,1
112,621.428,1103.532,207.671,76.002,0.241913,-0.970297,0.001160,0.970142,0.241895,0.017658,-0.017414,-0.003146,0.999843,0,0.88978,0.29425,53.387,0.588,-1,325.000,450.000,350.000,675.000,275.000,300.000,325.000,300.000,-1,-1,-1,-1,400.000,400.000,850.000,500.000,2,1,1,1,1,1,1,0,0,2,2,2,2,1,1,1,1
113,635.160,1160.075,206.737,76.350,0.236016,-0.971749,0.000581,0.971595,0.235989,0.017672,-0.017309,-0.003606,0.999844,0,0.96978,0.17425,58.187,0.348,-1,275.000,400.000,300.000,550.000,250.000,250.000,325.000,300.000,-1,-1,-1,-1,375.000,350.000,725.000,425.000,2,1,1,1,1,1,1,0,0,2,2,2,2,1,1,1,1
114,649.209,1218.407,205.797,76.458,0.234185,-0.972192,-0.000030,0.972040,0.234148,0.017669,-0.017170,-0.004167,0.999844,0,1.00000,0.05425,60.000,0.108,-1,250.000,325.000,250.000,450.000,225.000,225.000,325.000,300.000,-1,-1,-1,-1,325.000,275.000,550.000,350.000,2,1,1,1,1,1,1,0,0,2,2,2,2,1,1,1,1
115,663.392,1276.707,205.559,76.327,0.236384,-0.971659,0.001467,0.971551,0.236380,0.014568,-0.014501,-0.002018,0.999893,0,1.00000,-0.06575,60.000,-0.132,-1,225.000,275.000,200.000,375.000,175.000,175.000,325.000,300.000,-1,-1,-1,-1,275.000,225.000,450.000,300.000,2,1,1,1,1,1,1,0,0,2,2,2,2,1,1,1,1
116,677.952,1334.913,207.593,75.955,0.242638,-0.970067,0.009852,0.970108,0.242666,0.001785,-0.004123,0.009125,0.999950,0,1.00000,-0.18575,60.000,-0.372,-1,175.000,225.000,175.000,300.000,150.000,150.000,350.000,300.000,-1,675.000,650.000,-1,225.000,200.000,400.000,225.000,2,1,1,1,1,1,1,0,0,2,0,0,2,1,1,1,1
117,693.131,1392.962,211.585,75.344,0.253222,-0.967290,0.015139,0.967330,0.252971,-0.016703,0.012327,0.018874,0.999746,0,1.00000,-0.30575,60.000,-0.612,-1,150.000,200.000,125.000,250.000,125.000,125.000,400.000,300.000,-1,375.000,300.000,-1,200.000,150.000,375.000,175.000,2,1,1,1,1,1,1,0,0,2,0,0,2,1,1,1,1
118,-6231.842,6231.683,54.194,76.997,0.294115,-0.949292,-0.111093,0.872481,0.219209,0.436720,-0.390222,-0.225373,0.892712,1,0.00000,0.00000,60.000,-0.852,75.000,175.000,450.000,300.000,-1,175.000,250.000,275.000,-1,-1,-1,0.000,300.000,225.000,425.000,75.000,625.000,0,0,0,0,2,0,0,0,2,2,2,1,1,0,0,0,0
119,4263.593,-6231.359,197.606,-57.566,0.542301,0.840115,0.010791,-0.830208,0.533843,0.160521,0.129095,-0.096009,0.986973,1,0.00000,0.00000,4.800,-0.240,-1,750.000,-1,350.000,300.000,450.000,350.000,250.000,725.000,350.000,50.000,200.000,-1,-1,-1,-1,200.000,2,1,2,1,1,1,1,0,0,0,0,0,2,2,2,2,1
120,-8195.144,6884.640,-104.021,-33.657,0.833069,0.553052,-0.011387,-0.550243,0.830601,0.085641,0.056822,-0.065079,0.996261,1,0.08000,0.12000,4.800,0.240,-1,400.000,-1,400.000,-1,325.000,325.000,300.000,300.000,-1,-1,-1,-1,800.000,875.000,-1,-1,2,0,2,0,2,0,0,0,0,2,2,2,2,0,0,2,2
121,-8187.109,6879.387,-103.495,-33.177,0.837666,0.546063,-0.011436,-0.543280,0.835187,0.085493,0.056236,-0.065402,0.996273,0,0.16000,0.24000,9.600,0.480,-1,400.000,-1,400.000,-1,325.000,325.000,300.000,300.000,-1,-1,-1,-1,800.000,875.000,-1,-1,2,0,2,0,2,0,0,0,0,2,2,2,2,0,0,2,2
122,-8174.959,6871.659,-102.719,-32.457,0.844452,0.535508,-0.011506,-0.532764,0.841957,0.085268,0.055349,-0.065875,0.996292,0,0.24000,0.36000,14.400,0.720,-1,400.000,-1,400.000,-1,325.000,325.000,300.000,300.000,-1,-1,-1,-1,800.000,875.000,-1,-1,2,0,2,0,2,0,0,0,0,2,2,2,2,0,0,2,2
123,-8158.588,6861.629,-101.709,-31.497,0.853292,0.521305,-0.011590,-0.518615,0.850776,0.084962,0.054152,-0.066486,0.996317,0,0.32000,0.48000,19.200,0.960,-1,400.000,-1,400.000,-1,325.000,325.000,300.000,300.000,-1,-1,-1,-1,800.000,875.000,-1,-1,2,0,2,0,2,0,0,0,0,2,2,2,2,0,0,2,2
124,-8137.866,6849.522,-100.483,-30.297,0.864004,0.503349,-0.011683,-0.500726,0.861465,0.084569,0.052632,-0.067218,0.996349,0,0.40000,0.60000,24.000,1.200,-1,400.000,-1,400.000,-1,325.000,325.000,300.000,300.000,-1,-1,-1,-1,825.000,875.000,-1,-1,2,0,2,0,2,0,0,0,0,2,2,2,2,0,0,2,2
125,-8112.642,6835.624,-99.066,-28.857,0.876359,0.481514,-0.011775,-0.478974,0.873793,0.084086,0.050778,-0.068049,0.996389,0,0.48000,0.72000,28.800,1.440,-1,400.000,-1,400.000,-1,325.000,325.000,300.000,300.000,-1,-1,-1,-1,825.000,875.000,-1,-1,2,0,2,0,2,0,0,0,0,2,2,2,2,0,0,2,2
126,-8082.752,6820.278,-97.488,-27.177,0.890074,0.455661,-0.011855,-0.453220,0.887478,0.083509,0.048572,-0.068956,0.996437,0,0.56000,0.84000,33.600,1.680,-1,400.000,-1,400.000,-1,325.000,325.000,300.000,300.000,-1,-1,-1,-1,825.000,875.000,-1,-1,2,0,2,0,2,0,0,0,0,2,2,2,2,0,0,2,2
127,-8048.023,6803.895,-95.784,-25.257,0.904813,0.425643,-0.011908,-0.423317,0.902186,0.082837,0.046003,-0.069911,0.996492,0,0.64000,0.96000,38.400,1.920,-1,400.000,-1,400.000,-1,325.000,325.000,300.000,300.000,-1,-1,-1,-1,825.000,875.000,-1,-1,2,0,2,0,2,0,0,0,0,2,2,2,2,0,0,2,2
128,-8008.366,6786.765,-93.972,-23.364,0.918356,0.395574,-0.011945,-0.393367,0.915712,0.082060,0.043399,-0.070662,0.996556,0,0.72000,0.94693,43.200,1.894,-1,400.000,-1,400.000,-1,325.000,325.000,300.000,300.000,-1,-1,-1,-1,825.000,875.000,-1,-1,2,0,2,0,2,0,0,0,0,2,2,2,2,0,0,2,2
129,-7963.698,6769.196,-92.055,-21.472,0.930885,0.365119,-0.011917,-0.363043,0.928239,0.081061,0.040659,-0.071132,0.996638,0,0.80000,0.94583,48.000,1.892,-1,400.000,-1,400.000,-1,325.000,325.000,325.000,300.000,-1,-1,-1,-1,825.000,875.000,-1,-1,2,0,2,0,2,0,0,0,0,2,2,2,2,0,0,2,2
130,-7916.462,6752.393,-90.257,-19.584,0.942390,0.334318,-0.011518,-0.332392,0.939724,0.080216,0.037641,-0.071767,0.996711,0,0.83561,0.94417,50.137,1.888,-1,400.000,-1,400.000,-1,325.000,325.000,325.000,300.000,-1,-1,-1,-1,825.000,875.000,-1,-1,2,0,2,0,2,0,0,0,0,2,2,2,2,0,0,2,2
131,-7868.356,6737.042,-88.641,-17.700,0.952857,0.303227,-0.010811,-0.301463,0.950152,0.079569,0.034400,-0.072559,0.996771,0,0.84162,0.94195,50.497,1.884,-1,400.000,-1,400.000,-1,325.000,325.000,325.000,300.000,-1,-1,-1,-1,825.000,875.000,-1,-1,2,0,2,0,2,0,0,0,0,2,2,2,2,0,0,2,2
132,-7819.438,6723.181,-87.150,-15.821,0.962271,0.271905,-0.010072,-0.270304,0.959531,0.078975,0.031138,-0.073273,0.996826,0,0.84743,0.93922,50.846,1.878,-1,400.000,-1,400.000,-1,325.000,325.000,325.000,300.000,-1,-1,-1,-1,825.000,850.000,-1,-1,2,0,2,0,2,0,0,0,0,2,2,2,2,0,1,2,2
133,-7769.768,6710.844,-85.868,-13.949,0.970628,0.240411,-0.009207,-0.238988,0.967876,0.078112,0.027690,-0.073617,0.996902,0,0.85299,0.93595,51.179,1.872,-1,400.000,-1,400.000,-1,325.000,325.000,300.000,300.000,-1,-1,-1,-1,825.000,800.000,-1,1000.000,2,0,2,0,2,0,0,0,0,2,2,2,2,0,1,2,1
134,-7719.416,6700.064,-84.793,-12.085,0.977925,0.208797,-0.008171,-0.207569,0.975185,0.077002,0.024046,-0.073606,0.996997,0,0.85825,0.93213,51.495,1.864,-1,400.000,-1,400.000,-1,325.000,325.000,300.000,300.000,-1,-1,-1,-1,825.000,775.000,-1,950.000,2,0,2,0,2,0,0,0,0,2,2,2,2,0,1,2,1
135,-7668.451,6690.867,-83.854,-10.230,0.984165,0.177113,-0.007101,-0.176075,0.981441,0.075966,0.020423,-0.073513,0.997085,0,0.86315,0.92776,51.789,1.856,-1,400.000,-1,400.000,925.000,325.000,325.000,325.000,300.000,-1,-1,-1,-1,825.000,775.000,-1,925.000,2,0,2,0,1,0,0,0,0,2,2,2,2,0,1,2,1
136,-7616.950,6683.278,-83.052,-8.384,0.989353,0.145414,-0.006000,-0.144562,0.986648,0.075013,0.016828,-0.073347,0.997164,0,0.86763,0.92282,52.058,1.846,-1,400.000,-1,400.000,850.000,325.000,325.000,325.000,300.000,-1,-1,-1,-1,825.000,775.000,-1,875.000,2,0,2,0,1,0,0,0,0,2,2,2,2,0,1,2,1
