timestep,x_cm,y_cm,z_cm,yaw_deg,basis_xx,basis_xy,basis_xz,basis_yx,basis_yy,basis_yz,basis_zx,basis_zy,basis_zz,teleport_flag,throttle_cmd,steering_cmd,cmd_move_cm,cmd_turn_deg,lidar_cm_0,lidar_cm_1,lidar_cm_2,lidar_cm_3,lidar_cm_4,lidar_cm_5,lidar_cm_6,lidar_cm_7,lidar_cm_8,lidar_cm_9,lidar_cm_10,lidar_cm_11,lidar_cm_12,lidar_cm_13,lidar_cm_14,lidar_cm_15,lidar_cm_16,lidar_class_0,lidar_class_1,lidar_class_2,lidar_class_3,lidar_class_4,lidar_class_5,lidar_class_6,lidar_class_7,lidar_class_8,lidar_class_9,lidar_class_10,lidar_class_11,lidar_class_12,lidar_class_13,lidar_class_14,lidar_class_15,lidar_class_16
0,4915.442,3605.048,-187.297,-147.513,-0.843395,0.537110,-0.014094,-0.536945,-0.843502,-0.013974,-0.019394,-0.004218,0.999803,1,0.08000,-0.12000,4.800,-0.240,-1,400.000,-1,425.000,-1,325.000,325.000,300.000,300.000,-1,500.000,575.000,-1,-1,-1,-1,-1,2,0,2,1,2,0,0,0,0,2,1,1,2,2,2,2,2
1,4907.302,3599.960,-187.496,-147.993,-0.847861,0.530024,-0.014344,-0.529853,-0.847971,-0.014172,-0.019674,-0.004415,0.999797,0,0.16000,-0.24000,9.600,-0.480,-1,400.000,-1,425.000,-1,325.000,325.000,300.000,300.000,-1,525.000,575.000,-1,-1,-1,-1,-1,2,0,2,1,2,0,0,0,0,2,1,1,2,2,2,2,2
2,4894.996,3592.482,-187.793,-148.713,-0.854449,0.519326,-0.014726,-0.519146,-0.854563,-0.014460,-0.020094,-0.004711,0.999787,0,0.24000,-0.36000,14.400,-0.720,-1,400.000,-1,450.000,-1,325.000,325.000,300.000,300.000,-1,525.000,575.000,-1,-1,-1,-1,-1,2,0,2,1,2,0,0,0,0,2,1,1,2,2,2,2,2
3,4878.423,3582.787,-188.187,-149.673,-0.863023,0.504934,-0.015249,-0.504742,-0.863143,-0.014833,-0.020652,-0.005104,0.999774,0,0.32000,-0.48000,19.200,-0.960,-1,400.000,-1,450.000,-1,325.000,325.000,300.000,300.000,-1,550.000,600.000,-1,-1,-1,-1,-1,2,0,2,1,2,0,0,0,0,2,1,1,2,2,2,2,2
4,4857.458,3571.105,-188.678,-150.873,-0.873398,0.486746,-0.015925,-0.486539,-0.873526,-0.015276,-0.021346,-0.005594,0.999757,0,0.40000,-0.60000,24.000,-1.200,-1,400.000,-1,475.000,-1,325.000,325.000,300.000,300.000,-1,575.000,625.000,-1,-1,-1,-1,-1,2,0,2,1,2,0,0,0,0,2,1,1,2,2,2,2,2
5,4831.956,3557.723,-189.262,-152.313,-0.885341,0.464639,-0.016764,-0.464412,-0.885479,-0.015773,-0.022173,-0.006179,0.999735,0,0.48000,-0.72000,28.800,-1.440,-1,400.000,-1,500.000,-1,325.000,325.000,300.000,300.000,-1,600.000,650.000,-1,-1,-1,-1,-1,2,0,2,1,2,0,1,0,0,2,1,1,2,2,2,2,2
6,4801.759,3542.989,-189.938,-153.993,-0.898566,0.438477,-0.017782,-0.438228,-0.898716,-0.016305,-0.023130,-0.006858,0.999709,0,0.56000,-0.84000,33.600,-1.680,-1,400.000,-1,500.000,-1,325.000,350.000,300.000,300.000,-1,650.000,675.000,-1,-1,-1,-1,-1,2,0,2,1,2,0,1,0,0,2,1,1,2,2,2,2,2
7,4766.702,3527.317,-190.700,-155.913,-0.912731,0.408118,-0.018992,-0.407842,-0.912897,-0.016844,-0.024212,-0.007628,0.999678,0,0.64000,-0.96000,38.400,-1.920,-1,-1,-1,525.000,-1,350.000,400.000,300.000,300.000,-1,700.000,700.000,-1,-1,-1,-1,-1,2,2,2,1,2,1,1,0,0,2,1,1,2,2,2,2,2
8,4726.764,3510.849,-191.535,-157.593,-0.924278,0.381177,-0.020370,-0.380870,-0.924464,-0.017414,-0.025469,-0.008337,0.999641,0,0.72000,-0.84000,43.200,-1.680,-1,-1,-1,550.000,-1,475.000,450.000,300.000,300.000,-1,750.000,750.000,-1,-1,-1,-1,-1,2,2,2,1,2,1,1,0,0,2,1,1,2,2,2,2,2
9,4681.942,3493.673,-192.613,-159.033,-0.933537,0.357825,-0.021678,-0.357506,-0.933751,-0.017259,-0.026418,-0.008362,0.999616,0,0.80000,-0.72000,48.000,-1.440,-1,-1,-1,575.000,-1,-1,525.000,300.000,300.000,-1,825.000,800.000,-1,-1,-1,-1,-1,2,2,2,1,2,2,1,0,0,2,1,1,2,2,2,2,2
10,4632.253,3475.816,-193.980,-160.233,-0.940785,0.338194,-0.023419,-0.337879,-0.941046,-0.016416,-0.027590,-0.007531,0.999591,0,0.88000,-0.60000,52.800,-1.200,-1,-1,-1,600.000,-1,-1,625.000,300.000,300.000,-1,925.000,875.000,-1,-1,-1,-1,-1,2,2,2,1,2,2,1,0,0,2,1,1,2,2,2,2,2
11,4577.989,3457.336,-195.785,-161.193,-0.946237,0.322384,-0.026528,-0.322096,-0.946594,-0.014599,-0.029818,-0.005270,0.999541,0,0.95542,-0.48000,57.325,-0.960,-1,-1,-1,625.000,-1,-1,-1,300.000,300.000,-1,1000.000,950.000,-1,-1,-1,-1,-1,2,2,2,1,2,2,2,0,0,2,1,1,2,2,2,2,2
12,4523.246,3439.573,-197.882,-162.023,-0.950695,0.308640,-0.030341,-0.308407,-0.951176,-0.012179,-0.032619,-0.002221,0.999465,0,0.95921,-0.41506,57.552,-0.830,-1,-1,-1,-1,-1,-1,-1,300.000,300.000,-1,-1,-1,-1,-1,-1,-1,-1,2,2,2,2,2,2,2,0,0,2,2,2,2,2,2,2,2
13,4468.039,3422.532,-202.919,-162.848,-0.954748,0.294902,-0.038586,-0.294245,-0.955480,-0.021852,-0.043312,-0.009509,0.999016,0,0.96293,-0.41243,57.776,-0.825,-1,-1,-1,-1,-1,-1,-1,300.000,300.000,-1,-1,-1,-1,-1,-1,-1,-1,2,2,2,2,2,2,2,0,0,2,2,2,2,2,2,2,2
14,4412.387,3406.214,-211.540,-163.666,-0.958124,0.281103,-0.054580,-0.278737,-0.959210,-0.047129,-0.065601,-0.029942,0.997397,0,0.96654,-0.40944,57.992,-0.819,-1,-1,-1,-1,-1,-1,-1,225.000,300.000,-1,-1,-1,-1,-1,-1,-1,-1,2,2,2,2,2,2,2,0,0,2,2,2,2,2,2,2,2
15,4356.310,3390.622,-220.625,-164.478,-0.960896,0.267254,-0.072486,-0.262158,-0.962284,-0.072681,-0.089177,-0.050836,0.994718,0,0.97000,-0.40604,58.200,-0.812,-1,-1,-1,-1,-1,-1,-1,200.000,325.000,-1,-1,-1,-1,-1,-1,-1,-1,2,2,2,2,2,2,2,0,0,2,2,2,2,2,2,2,2
16,1639.831,6231.354,-205.802,-171.998,-0.990254,0.139182,0.005079,-0.139253,-0.990085,-0.018428,0.002464,-0.018956,0.999817,1,0.00000,0.00000,58.395,-0.804,-1,375.000,-1,400.000,-1,325.000,325.000,300.000,300.000,-1,600.000,475.000,-1,725.000,775.000,-1,-1,2,0,2,0,2,0,0,0,0,2,1,1,2,0,0,2,2
17,1635.080,6230.666,-205.789,-171.758,-0.989662,0.143328,0.005123,-0.143399,-0.989495,-0.018347,0.002440,-0.018892,0.999819,0,0.08000,0.12000,4.800,0.240,-1,375.000,-1,400.000,-1,325.000,325.000,300.000,300.000,-1,600.000,475.000,-1,725.000,775.000,-1,-1,2,0,2,0,2,0,0,0,0,2,1,1,2,0,0,2,2
18,1625.591,6229.210,-205.764,-171.278,-0.988426,0.151613,0.005213,-0.151684,-0.988262,-0.018185,0.002395,-0.018765,0.999821,0,0.16000,0.24000,9.600,0.480,-1,375.000,-1,400.000,-1,325.000,325.000,300.000,300.000,-1,600.000,475.000,-1,725.000,775.000,-1,-1,2,0,2,0,2,0,0,0,0,2,1,1,2,0,0,2,2
19,1611.387,6226.848,-205.729,-170.558,-0.986442,0.164020,0.005350,-0.164091,-0.986282,-0.017938,0.002334,-0.018573,0.999825,0,0.24000,0.36000,14.400,0.720,-1,375.000,-1,400.000,-1,325.000,325.000,300.000,300.000,-1,575.000,475.000,-1,725.000,775.000,-1,-1,2,0,2,0,2,0,0,0,0,2,1,1,2,0,0,2,2
20,1592.502,6223.381,-205.686,-169.598,-0.983555,0.180523,0.005536,-0.180593,-0.983400,-0.017606,0.002266,-0.018316,0.999830,0,0.32000,0.48000,19.200,0.960,-1,375.000,-1,400.000,-1,325.000,325.000,300.000,300.000,-1,575.000,500.000,-1,725.000,775.000,-1,-1,2,0,2,0,2,0,0,0,0,2,1,1,2,0,0,2,2
21,1568.992,6218.555,-205.639,-168.398,-0.979558,0.201079,0.005776,-0.201150,-0.979410,-0.017183,0.002202,-0.017994,0.999836,0,0.40000,0.60000,24.000,1.200,-1,375.000,-1,400.000,-1,325.000,325.000,300.000,300.000,-1,575.000,525.000,-1,725.000,775.000,-1,-1,2,0,2,0,2,0,0,0,0,2,1,1,2,0,0,2,2
22,1540.935,6212.056,-205.591,-166.958,-0.974194,0.225630,0.006071,-0.225701,-0.974054,-0.016667,0.002153,-0.017607,0.999843,0,0.48000,0.72000,28.800,1.440,-1,375.000,-1,400.000,-1,325.000,325.000,300.000,300.000,-1,575.000,550.000,-1,725.000,775.000,-1,-1,2,0,2,0,2,0,0,0,0,2,1,1,2,0,0,2,2
23,1508.439,6203.517,-205.545,-165.278,-0.967159,0.254091,0.006427,-0.254164,-0.967028,-0.016051,0.002137,-0.017157,0.999851,0,0.56000,0.84000,33.600,1.680,-1,375.000,-1,400.000,-1,325.000,325.000,300.000,300.000,-1,600.000,575.000,-1,725.000,775.000,-1,-1,2,0,2,0,2,0,0,0,0,2,1,1,2,0,0,2,2
24,1471.647,6192.520,-205.504,-163.358,-0.958100,0.286351,0.006847,-0.286424,-0.957980,-0.015330,0.002170,-0.016649,0.999859,0,0.64000,0.96000,38.400,1.920,-1,375.000,-1,400.000,-1,325.000,325.000,300.000,300.000,-1,625.000,600.000,-1,725.000,775.000,-1,-1,2,0,2,0,2,0,0,0,0,2,1,1,2,0,0,2,2
25,1430.714,6178.711,-205.469,-161.358,-0.947520,0.319612,0.007338,-0.319688,-0.947412,-0.014498,0.002318,-0.016083,0.999868,0,0.72000,1.00000,43.200,2.000,-1,375.000,-1,400.000,-1,325.000,325.000,300.000,300.000,-1,650.000,650.000,-1,775.000,775.000,-1,-1,2,0,2,0,2,0,0,0,0,2,1,1,2,1,0,2,2
26,1385.795,6161.790,-205.400,-159.358,-0.935785,0.352484,0.007849,-0.352563,-0.935688,-0.013719,0.002508,-0.015606,0.999875,0,0.80000,1.00000,48.000,2.000,-1,375.000,-1,400.000,-1,325.000,325.000,300.000,300.000,-1,675.000,700.000,-1,850.000,775.000,-1,-1,2,0,2,0,2,0,0,0,0,2,1,1,2,1,0,2,2
27,1339.744,6142.581,-205.368,-157.358,-0.922910,0.384928,0.008163,-0.385006,-0.922825,-0.012837,0.002592,-0.014990,0.999884,0,0.83161,1.00000,49.897,2.000,-1,375.000,-1,400.000,-1,325.000,325.000,300.000,300.000,-1,725.000,750.000,-1,850.000,775.000,-1,-1,2,0,2,0,2,0,0,0,0,2,1,1,2,1,0,2,2
28,1294.401,6121.781,-205.331,-155.358,-0.908911,0.416903,0.008510,-0.416981,-0.908836,-0.011962,0.002747,-0.014421,0.999892,0,0.83144,1.00000,49.887,2.000,-1,375.000,-1,400.000,-1,325.000,325.000,300.000,300.000,-1,775.000,775.000,-1,875.000,775.000,-1,-1,2,0,2,0,2,0,0,0,0,2,1,0,2,1,0,2,2
29,1248.030,6098.518,-205.275,-153.358,-0.893803,0.448371,0.008944,-0.448450,-0.893740,-0.011076,0.003027,-0.013911,0.999899,0,0.86465,1.00000,51.879,2.000,-1,375.000,-1,400.000,-1,325.000,325.000,300.000,300.000,-1,825.000,750.000,-1,875.000,800.000,-1,-1,2,0,2,0,2,0,0,0,0,2,1,0,2,1,0,2,2
30,1202.411,6073.602,-205.167,-151.358,-0.877607,0.479293,0.009200,-0.479370,-0.877555,-0.010105,0.003230,-0.013278,0.999907,0,0.86632,1.00000,51.979,2.000,-1,375.000,-1,400.000,-1,325.000,325.000,-1,300.000,-1,800.000,750.000,-1,875.000,800.000,-1,-1,2,0,2,0,2,0,0,2,0,2,0,0,2,1,0,2,2
31,1157.606,6047.060,-205.022,-149.358,-0.860342,0.509631,0.009353,-0.509706,-0.860301,-0.009103,0.003408,-0.012599,0.999915,0,0.86795,1.00000,52.077,2.000,-1,475.000,-1,400.000,-1,325.000,325.000,-1,300.000,-1,800.000,750.000,-1,875.000,800.000,-1,-1,2,1,2,0,2,0,0,2,0,2,0,0,2,1,0,2,2
32,1113.674,6018.919,-204.861,-147.358,-0.842029,0.539349,0.009514,-0.539421,-0.841997,-0.008124,0.003629,-0.011973,0.999922,0,0.86953,1.00000,52.172,2.000,-1,525.000,-1,400.000,-1,325.000,325.000,-1,300.000,-1,800.000,750.000,-1,850.000,800.000,-1,-1,2,1,2,0,2,0,0,2,0,2,0,0,2,1,0,2,2
33,1070.675,5989.211,-204.739,-145.358,-0.822690,0.568408,0.009661,-0.568478,-0.822665,-0.007465,0.003704,-0.011634,0.999925,0,0.87106,1.00000,52.263,2.000,-1,550.000,-1,400.000,-1,325.000,325.000,-1,300.000,-1,800.000,750.000,-1,850.000,800.000,-1,-1,2,1,2,0,2,1,0,2,0,2,0,0,2,1,0,2,2
34,1028.674,5957.963,-208.667,-143.358,-0.802504,0.596577,0.009097,-0.596570,-0.802064,-0.028249,-0.009556,-0.028097,0.999560,0,0.87250,1.00000,52.350,2.000,-1,500.000,-1,375.000,-1,300.000,300.000,-1,325.000,-1,-1,-1,-1,800.000,725.000,-1,-1,2,1,2,0,2,1,0,2,0,2,2,2,2,1,0,2,2
35,987.728,5925.213,-213.315,-141.358,-0.781566,0.623742,0.010066,-0.623314,-0.780175,-0.052978,-0.025192,-0.047680,0.998545,0,0.87386,1.00000,52.431,2.000,-1,475.000,-1,325.000,-1,300.000,275.000,-1,350.000,-1,-1,-1,-1,725.000,650.000,-1,-1,2,1,2,0,2,1,0,2,0,2,2,2,2,1,0,2,2
36,947.897,5891.001,-217.641,-139.358,-0.759908,0.649905,0.012787,-0.648812,-0.757134,-0.076099,-0.039776,-0.066124,0.997018,0,0.87510,1.00000,52.506,2.000,-1,425.000,-1,300.000,-1,275.000,250.000,975.000,375.000,-1,-1,-1,-1,675.000,575.000,975.000,-1,2,1,2,0,2,1,0,1,0,2,2,2,2,1,0,1,2
37,909.239,5855.372,-221.662,-137.358,-0.737572,0.675052,0.017096,-0.673160,-0.733035,-0.097549,-0.053319,-0.083458,0.995084,0,0.87621,1.00000,52.572,2.000,-1,400.000,-1,275.000,-1,275.000,225.000,900.000,375.000,-1,-1,-1,-1,600.000,525.000,925.000,-1,2,1,2,0,2,1,1,1,0,2,2,2,2,1,0,1,2
38,871.809,5818.374,-225.438,-135.358,-0.714580,0.699182,0.022812,-0.696459,-0.707975,-0.117118,-0.065736,-0.099578,0.992856,0,0.87716,1.00000,52.629,2.000,-1,375.000,-1,250.000,-1,250.000,225.000,750.000,400.000,-1,-1,-1,-1,575.000,475.000,875.000,-1,2,1,2,1,2,1,1,1,0,2,2,2,2,1,0,1,2
39,835.665,5780.057,-228.913,-133.358,-0.690970,0.722269,0.029805,-0.718738,-0.682014,-0.135174,-0.077305,-0.114823,0.990373,0,0.87792,1.00000,52.675,2.000,-1,350.000,-1,250.000,-1,250.000,200.000,675.000,425.000,-1,-1,-1,-1,525.000,425.000,825.000,900.000,2,1,2,1,2,1,1,1,0,2,2,2,2,1,0,1,0
40,800.860,5740.477,-232.127,-131.358,-0.666764,0.744303,0.037933,-0.740050,-0.655223,-0.151687,-0.088047,-0.129212,0.987700,0,0.87847,1.00000,52.708,2.000,-1,325.000,875.000,225.000,-1,225.000,200.000,625.000,450.000,-1,-1,-1,-1,475.000,400.000,775.000,675.000,2,1,0,1,2,1,1,1,0,2,2,2,2,1,0,1,0
41,767.448,5699.692,-235.106,-129.358,-0.641986,0.765270,0.047076,-0.760421,-0.627661,-0.166737,-0.098051,-0.142840,0.984877,0,0.87876,1.00000,52.725,2.000,-1,300.000,675.000,200.000,-1,225.000,175.000,625.000,500.000,-1,0.000,-1,-1,450.000,350.000,725.000,525.000,2,1,0,1,2,1,1,1,0,2,0,2,2,1,0,1,0
42,735.481,5657.766,-238.045,-127.358,-0.616637,0.785230,0.056336,-0.779818,-0.599442,-0.180423,-0.107903,-0.155188,0.981974,0,0.87876,1.00000,52.726,2.000,-1,300.000,550.000,200.000,-1,225.000,175.000,600.000,525.000,-1,0.000,-1,-1,425.000,325.000,700.000,425.000,2,1,0,0,2,1,1,1,0,2,0,2,2,1,0,1,0
43,4919.502,327.979,-328.764,-39.736,0.769210,0.638355,-0.028611,-0.638960,0.767916,-0.045112,-0.006826,0.052982,0.998572,1,0.00000,0.00000,57.121,1.760,-1,375.000,-1,375.000,-1,300.000,300.000,300.000,300.000,-1,800.000,875.000,-1,700.000,675.000,-1,-1,2,0,2,0,2,0,0,0,0,2,0,0,2,0,0,2,2
44,4923.181,324.895,-328.787,-39.976,0.766527,0.641567,-0.028763,-0.642175,0.765236,-0.044993,-0.006855,0.052959,0.998573,0,0.08000,-0.12000,4.800,-0.240,-1,375.000,-1,375.000,-1,300.000,300.000,300.000,300.000,-1,775.000,875.000,-1,700.000,675.000,-1,-1,2,0,2,0,2,0,0,0,0,2,0,0,2,0,0,2,2
45,4930.485,318.666,-328.838,-40.456,0.761122,0.647957,-0.029064,-0.648572,0.759837,-0.044750,-0.006912,0.052910,0.998575,0,0.16000,-0.24000,9.600,-0.480,-1,375.000,-1,375.000,-1,300.000,300.000,300.000,300.000,-1,750.000,850.000,-1,700.000,675.000,-1,-1,2,0,2,0,2,0,0,0,0,2,0,0,2,0,0,2,2
46,4941.324,309.185,-328.925,-41.176,0.752914,0.657457,-0.029510,-0.658082,0.751638,-0.044372,-0.006992,0.052829,0.998579,0,0.24000,-0.36000,14.400,-0.720,-1,375.000,-1,375.000,-1,325.000,300.000,300.000,300.000,-1,725.000,800.000,-1,725.000,675.000,-1,-1,2,0,2,0,2,0,0,0,0,2,0,0,2,0,0,2,2
47,4955.562,296.303,-329.059,-42.136,0.741785,0.669962,-0.030096,-0.670600,0.740522,-0.043847,-0.007089,0.052707,0.998585,0,0.32000,-0.48000,19.200,-0.960,-1,375.000,-1,375.000,-1,325.000,300.000,300.000,300.000,-1,700.000,775.000,-1,725.000,675.000,-1,-1,2,0,2,0,2,0,0,0,0,2,0,0,2,0,0,2,2
48,4973.018,279.832,-329.196,-43.336,0.727585,0.685335,-0.030587,-0.685977,0.726341,-0.043177,-0.007374,0.052397,0.998599,0,0.40000,-0.60000,24.000,-1.200,-1,375.000,-1,375.000,-1,325.000,300.000,300.000,300.000,-1,675.000,725.000,-1,725.000,675.000,-1,-1,2,0,2,0,2,0,0,0,0,2,0,0,2,0,0,2,2
49,4993.463,259.547,-329.342,-44.776,0.710131,0.703382,-0.031104,-0.704025,0.708899,-0.042551,-0.007880,0.052114,0.998610,0,0.48000,-0.72000,28.800,-1.440,-1,375.000,-1,375.000,-1,325.000,300.000,300.000,300.000,-1,650.000,700.000,-1,725.000,675.000,-1,-1,2,0,2,0,2,0,0,0,0,2,0,0,2,0,0,2,2
50,5016.610,235.192,-329.560,-46.456,0.689203,0.723877,-0.031661,-0.724519,0.687987,-0.041788,-0.008467,0.051739,0.998625,0,0.56000,-0.84000,33.600,-1.680,-1,375.000,-1,375.000,-1,325.000,325.000,300.000,300.000,-1,625.000,675.000,-1,725.000,675.000,-1,-1,2,0,2,0,2,0,0,0,0,2,0,0,2,0,0,2,2
51,5042.117,206.486,-329.870,-48.376,0.664560,0.746539,-0.032237,-0.747179,0.663364,-0.040879,-0.009133,0.051253,0.998644,0,0.64000,-0.96000,38.400,-1.920,-1,375.000,-1,375.000,-1,325.000,325.000,300.000,300.000,-1,625.000,650.000,-1,725.000,675.000,-1,-1,2,0,2,0,2,0,0,0,0,2,0,0,2,0,0,2,2
52,5069.697,173.236,-330.286,-50.324,0.638790,0.768683,-0.032770,-0.769320,0.637622,-0.039816,-0.009711,0.050645,0.998669,0,0.72000,-0.97408,43.200,-1.948,-1,375.000,-1,375.000,-1,325.000,325.000,300.000,300.000,-1,600.000,625.000,-1,725.000,675.000,-1,-1,2,0,2,0,2,0,0,0,0,2,0,0,2,0,0,2,2
53,5099.068,135.270,-330.821,-52.273,0.612267,0.789952,-0.033244,-0.790585,0.611134,-0.038607,-0.010181,0.049920,0.998701,0,0.80000,-0.97446,48.000,-1.949,-1,375.000,-1,375.000,-1,325.000,300.000,300.000,300.000,-1,575.000,600.000,-1,725.000,675.000,-1,-1,2,0,2,0,2,0,0,0,0,2,0,0,2,0,0,2,2
54,5129.937,92.433,-331.489,-54.223,0.585026,0.810316,-0.033649,-0.810946,0.583933,-0.037260,-0.010544,0.049086,0.998739,0,0.88000,-0.97466,52.800,-1.949,-1,375.000,-1,375.000,-1,325.000,300.000,300.000,300.000,-1,575.000,600.000,-1,700.000,675.000,-1,-1,2,0,2,0,2,0,0,0,0,2,0,0,2,0,0,2,2
55,5160.429,46.932,-332.070,-56.172,0.557080,0.829775,-0.033692,-0.830395,0.556076,-0.034973,-0.010285,0.047461,0.998820,0,0.91288,-0.97466,54.773,-1.949,-1,375.000,-1,375.000,-1,325.000,300.000,300.000,300.000,-1,550.000,575.000,-1,700.000,675.000,-1,-1,2,0,2,0,2,0,0,0,0,2,0,0,2,0,0,2,2
56,5189.481,0.218,-332.630,-58.121,0.528482,0.848280,-0.033571,-0.848889,0.527583,-0.032306,-0.009693,0.045571,0.998914,0,0.91685,-0.97440,55.011,-1.949,-1,375.000,-1,375.000,-1,325.000,300.000,300.000,300.000,-1,525.000,550.000,-1,700.000,675.000,-1,-1,2,0,2,0,2,0,0,0,0,2,0,0,2,0,0,2,2
57,5217.048,-47.664,-333.262,-60.068,0.499288,0.865794,-0.033346,-0.866389,0.498489,-0.029647,-0.009046,0.043693,0.999004,0,0.92082,-0.97386,55.249,-1.948,-1,375.000,-1,375.000,-1,325.000,300.000,300.000,300.000,-1,500.000,525.000,-1,700.000,700.000,-1,-1,2,0,2,0,2,0,0,0,0,2,0,0,2,0,0,2,2
58,5243.085,-96.663,-333.900,-62.014,0.469553,0.882283,-0.033108,-0.882862,0.468833,-0.027396,-0.008649,0.042093,0.999076,0,0.92479,-0.97302,55.487,-1.946,-1,375.000,-1,375.000,-1,325.000,300.000,300.000,300.000,-1,500.000,525.000,-1,725.000,700.000,-1,-1,2,0,2,0,2,0,0,0,0,2,0,0,2,0,0,2,2
59,5267.549,-146.729,-334.430,-63.958,0.439338,0.897710,-0.033142,-0.898278,0.438654,-0.026068,-0.008864,0.041223,0.999111,0,0.92872,-0.97187,55.723,-1.944,-1,375.000,-1,375.000,-1,325.000,300.000,300.000,300.000,-1,500.000,550.000,-1,725.000,700.000,-1,-1,2,0,2,0,2,0,0,0,0,2,0,0,2,0,0,2,2
60,5290.398,-197.807,-334.737,-65.899,0.408649,0.912057,-0.034012,-0.912652,0.408003,-0.024491,-0.008460,0.041050,0.999121,0,0.93259,-0.97039,55.955,-1.941,-1,375.000,-1,375.000,-1,325.000,300.000,300.000,300.000,-1,525.000,550.000,-1,725.000,700.000,-1,-1,2,0,2,0,2,0,0,0,0,2,0,0,2,0,0,2,2
61,5311.593,-249.838,-335.049,-67.836,0.377550,0.925339,-0.034699,-0.925954,0.376944,-0.022868,-0.008081,0.040764,0.999136,0,0.93637,-0.96856,56.182,-1.937,-1,375.000,-1,375.000,-1,325.000,325.000,300.000,300.000,-1,525.000,575.000,-1,-1,700.000,-1,-1,2,0,2,0,2,0,0,0,0,2,0,0,2,2,0,2,2
62,5331.097,-302.760,-335.448,-69.769,0.346090,0.937539,-0.035254,-0.938170,0.345526,-0.021195,-0.007690,0.040409,0.999154,0,0.94003,-0.96637,56.402,-1.933,-1,375.000,-1,375.000,-1,325.000,325.000,300.000,300.000,-1,525.000,575.000,-1,-1,700.000,-1,-1,2,0,2,0,2,0,0,0,0,2,0,0,2,2,0,2,2
63,5348.876,-356.508,-335.934,-71.696,0.314320,0.948646,-0.035675,-0.949289,0.313801,-0.019478,-0.007283,0.039988,0.999174,0,0.94352,-0.96379,56.611,-1.928,-1,400.000,-1,375.000,-1,325.000,325.000,300.000,300.000,-1,550.000,575.000,-1,-1,700.000,-1,-1,2,0,2,0,2,0,0,0,0,2,0,0,2,2,0,2,2
64,5364.898,-411.011,-336.505,-73.618,0.282293,0.958654,-0.035962,-0.959304,0.281819,-0.017724,-0.006857,0.039501,0.999196,0,0.94682,-0.96081,56.809,-1.922,-1,400.000,-1,375.000,-1,325.000,325.000,300.000,300.000,-1,550.000,575.000,-1,-1,700.000,-1,-1,2,1,2,0,2,1,0,0,0,2,0,0,2,2,0,2,2
65,5379.136,-466.197,-337.159,-75.533,0.250061,0.967556,-0.036114,-0.968209,0.249635,-0.015939,-0.006406,0.038951,0.999221,0,0.94987,-0.95741,56.992,-1.915,-1,475.000,-1,375.000,-1,325.000,325.000,300.000,300.000,-1,550.000,575.000,-1,-1,725.000,-1,-1,2,1,2,0,2,1,0,0,0,2,0,0,2,2,0,2,2
66,5391.566,-521.987,-337.879,-77.440,0.217683,0.975349,-0.036181,-0.976001,0.217302,-0.014191,-0.005979,0.038402,0.999244,0,0.95263,-0.95356,57.158,-1.907,-1,-1,-1,375.000,-1,325.000,325.000,300.000,300.000,-1,550.000,575.000,-1,-1,725.000,-1,-1,2,2,2,0,2,1,0,0,0,2,0,0,2,2,0,2,2
67,5402.167,-578.299,-338.657,-79.338,0.185212,0.982032,-0.036190,-0.982683,0.184874,-0.012505,-0.005590,0.037880,0.999267,0,0.95502,-0.94924,57.301,-1.898,-1,-1,-1,375.000,-1,325.000,325.000,300.000,300.000,-1,525.000,550.000,-1,-1,725.000,-1,-1,2,2,2,0,2,1,0,0,0,2,0,0,2,2,0,2,2
68,5410.924,-635.047,-339.315,-81.227,0.152716,0.987640,-0.035282,-0.988254,0.152413,-0.011143,-0.005628,0.036569,0.999315,0,0.95699,-0.94443,57.419,-1.889,-1,-1,-1,375.000,-1,325.000,325.000,300.000,300.000,-1,525.000,525.000,-1,-1,725.000,-1,-1,2,2,2,0,2,1,0,0,0,2,0,0,2,2,0,2,2
69,5417.192,-687.292,-339.763,-83.157,0.119345,0.992277,-0.033802,-0.992835,0.119069,-0.010091,-0.005988,0.034764,0.999378,0,0.87699,-0.96508,52.619,-1.930,-1,-1,-1,375.000,-1,325.000,325.000,300.000,300.000,-1,525.000,550.000,-1,-1,725.000,-1,-1,2,2,2,0,2,0,0,0,0,2,0,0,2,2,0,2,2
70,5421.293,-734.936,-341.818,-85.076,0.086160,0.995960,-0.025307,-0.996197,0.085796,-0.015164,-0.012932,0.026517,0.999565,0,0.79699,-0.95950,47.819,-1.919,-1,-1,-1,375.000,-1,300.000,300.000,275.000,300.000,-1,750.000,800.000,-1,-1,700.000,-1,-1,2,2,2,0,2,0,0,0,0,2,0,0,2,2,0,2,2
71,5423.762,-781.842,-343.889,-86.984,0.052964,0.998446,-0.017307,-0.998402,0.052604,-0.020643,-0.019701,0.018373,0.999637,0,0.78283,-0.95381,46.970,-1.908,-1,-1,-1,350.000,-1,300.000,300.000,275.000,325.000,-1,925.000,1000.000,-1,-1,675.000,-1,-1,2,2,2,0,2,0,0,0,0,2,0,0,2,2,0,2,2
72,5424.678,-828.768,-345.708,-88.880,0.019836,0.999744,-0.010925,-0.999480,0.019551,-0.025624,-0.025404,0.011428,0.999612,0,0.78224,-0.94778,46.935,-1.896,-1,525.000,-1,350.000,-1,275.000,275.000,250.000,325.000,-1,-1,-1,-1,-1,650.000,-1,-1,2,1,2,0,2,0,0,0,0,2,2,2,2,2,0,2,2
73,5424.054,-875.626,-347.199,-90.762,-0.013121,0.999893,-0.006390,-0.999470,-0.013305,-0.029709,-0.029791,0.005997,0.999538,0,0.78104,-0.94136,46.863,-1.883,-1,375.000,-1,350.000,-1,275.000,275.000,250.000,325.000,-1,-1,-1,-1,-1,625.000,-1,-1,2,1,2,0,2,0,0,0,0,2,2,2,2,2,0,2,2
74,5421.908,-922.329,-348.286,-92.632,-0.045811,0.998943,-0.003871,-0.998417,-0.045913,-0.032484,-0.032627,0.002377,0.999465,0,0.77920,-0.93458,46.752,-1.869,-1,325.000,-1,350.000,-1,275.000,275.000,250.000,325.000,-1,-1,-1,-1,-1,625.000,-1,-1,2,0,2,0,2,0,0,1,0,2,2,2,2,2,0,2,2
75,5418.262,-968.787,-348.902,-94.486,-0.078151,0.996935,-0.003477,-0.996372,-0.078224,-0.033530,-0.033699,0.000844,0.999432,0,0.77667,-0.92747,46.600,-1.855,-1,325.000,-1,325.000,-1,275.000,275.000,325.000,325.000,-1,-1,-1,-1,-1,600.000,-1,-1,2,0,2,0,2,0,0,1,0,2,2,2,2,2,0,2,2
76,5413.149,-1014.910,-348.985,-96.327,-0.110082,0.993909,-0.005249,-0.993381,-0.110195,-0.032432,-0.032813,0.001644,0.999460,0,0.77344,-0.92005,46.407,-1.840,-1,325.000,-1,350.000,-1,275.000,275.000,450.000,325.000,-1,-1,-1,-1,-1,625.000,-1,-1,2,0,2,0,2,0,0,1,0,2,2,2,2,2,0,2,2
77,5406.602,-1060.615,-348.477,-98.151,-0.141578,0.989885,-0.009171,-0.989479,-0.141786,-0.028789,-0.029798,0.004998,0.999543,0,0.76952,-0.91238,46.171,-1.825,-1,325.000,-1,350.000,-1,275.000,275.000,800.000,325.000,-1,-1,-1,-1,600.000,625.000,-1,-1,2,0,2,0,2,0,0,1,0,2,2,2,2,0,0,2,2
78,5398.664,-1105.818,-347.332,-99.960,-0.172647,0.984867,-0.015161,-0.984679,-0.172956,-0.022221,-0.024507,0.011092,0.999638,0,0.76492,-0.90452,45.895,-1.809,-1,350.000,-1,350.000,-1,275.000,300.000,-1,325.000,-1,-1,-1,-1,625.000,650.000,-1,-1,2,0,2,0,2,0,0,2,0,2,2,2,2,0,0,2,2
79,5389.381,-1150.443,-345.507,-101.753,-0.203341,0.978836,-0.023083,-0.978963,-0.203660,-0.012379,-0.016818,0.020080,0.999657,0,0.75969,-0.89654,45.581,-1.793,-1,375.000,-1,375.000,-1,300.000,300.000,-1,300.000,-1,925.000,1000.000,-1,700.000,700.000,-1,-1,2,0,2,0,2,0,0,2,0,2,0,0,2,0,0,2,2
80,5378.796,-1194.421,-344.463,-103.535,-0.233740,0.971898,-0.027930,-0.972230,-0.233969,-0.005158,-0.011548,0.025949,0.999597,0,0.75390,-0.89101,45.234,-1.782,-1,400.000,-1,375.000,-1,325.000,325.000,-1,300.000,-1,775.000,800.000,-1,750.000,700.000,-1,-1,2,0,2,0,2,0,0,2,0,2,0,0,2,0,0,2,2
81,5366.946,-1237.686,-345.622,-105.315,-0.263903,0.964234,-0.024654,-0.964500,-0.264063,-0.003387,-0.009776,0.022885,0.999690,0,0.74763,-0.88995,44.858,-1.780,-1,400.000,-1,375.000,-1,325.000,325.000,-1,300.000,-1,700.000,725.000,-1,750.000,725.000,-1,-1,2,0,2,0,2,0,0,2,0,2,0,0,2,0,0,2,2
82,5353.877,-1280.181,-347.917,-107.094,-0.293871,0.955713,-0.015865,-0.955836,-0.293902,0.000448,-0.004235,0.015296,0.999874,0,0.74099,-0.88919,44.459,-1.778,-1,400.000,-1,400.000,-1,325.000,325.000,-1,300.000,-1,300.000,425.000,-1,750.000,750.000,-1,-1,2,0,2,0,2,0,0,2,0,2,0,0,2,0,0,2,2
83,5339.630,-1321.859,-349.994,-108.871,-0.323448,0.946212,-0.007977,-0.946246,-0.323430,0.003418,0.000654,0.008653,0.999962,0,0.73411,-0.88874,44.046,-1.777,-1,400.000,-1,400.000,-1,325.000,325.000,-1,325.000,-1,75.000,200.000,-1,775.000,775.000,-1,-1,2,0,2,0,2,0,0,2,0,2,0,0,2,0,0,2,2
84,5324.245,-1362.684,-351.802,-110.648,-0.352643,0.935757,-0.001308,-0.935746,-0.352631,0.005481,0.004668,0.003157,0.999984,0,0.72712,-0.88860,43.627,-1.777,-1,400.000,-1,400.000,-1,325.000,325.000,-1,325.000,-1,0.000,75.000,-1,775.000,800.000,-1,-1,2,0,2,0,2,0,0,2,0,2,0,0,2,0,0,2,2
85,5307.761,-1402.625,-353.224,-112.426,-0.381470,0.924373,0.003946,-0.924351,-0.381489,0.006429,0.007448,-0.001195,0.999972,0,0.72016,-0.88876,43.209,-1.778,-1,400.000,-1,425.000,-1,325.000,325.000,-1,325.000,-1,0.000,0.000,-1,775.000,800.000,-1,-1,2,0,2,0,2,0,0,2,0,2,0,0,2,0,0,2,2
86,5290.213,-1441.664,-354.255,-114.204,-0.409943,0.912082,0.007345,-0.912067,-0.409989,0.006530,0.008968,-0.004022,0.999952,0,0.71336,-0.88921,42.802,-1.778,-1,400.000,-1,425.000,-1,325.000,325.000,-1,325.000,-1,0.000,0.000,-1,775.000,825.000,-1,-1,2,0,2,0,2,0,0,2,0,2,0,0,2,0,0,2,2
87,5271.631,-1479.788,-354.792,-115.984,-0.438060,0.898902,0.008870,-0.898898,-0.438117,0.006039,0.009314,-0.005328,0.999942,0,0.70685,-0.88994,42.411,-1.780,-1,400.000,-1,425.000,-1,325.000,325.000,-1,325.000,-1,0.000,0.000,-1,775.000,825.000,-1,-1,2,0,2,0,2,0,0,2,0,2,0,0,2,0,0,2,2
88,5249.814,-1521.656,-354.601,-117.524,-0.462079,0.886809,0.007234,-0.886804,-0.462118,0.005051,0.007822,-0.004081,0.999961,0,0.78685,-0.76994,47.211,-1.540,-1,400.000,-1,400.000,-1,325.000,325.000,-1,325.000,-1,0.000,0.000,-1,775.000,800.000,-1,-1,2,0,2,0,2,0,0,2,0,2,0,0,2,0,0,2,2
89,5225.777,-1565.337,-353.633,-118.824,-0.482118,0.876105,0.001479,-0.876098,-0.482120,0.003624,0.003888,0.000451,0.999992,0,0.83096,-0.64994,49.858,-1.300,-1,400.000,-1,400.000,-1,325.000,325.000,-1,325.000,-1,0.000,100.000,-1,775.000,775.000,-1,-1,2,0,2,0,2,0,0,2,0,2,0,0,2,0,0,2,2
90,5201.083,-1608.308,-351.918,-119.884,-0.498225,0.867009,-0.008172,-0.867044,-0.498227,0.001975,-0.002359,0.008069,0.999965,0,0.82602,-0.52994,49.561,-1.060,-1,400.000,-1,400.000,-1,325.000,325.000,-1,300.000,-1,275.000,400.000,-1,750.000,725.000,-1,-1,2,0,2,0,2,0,0,2,0,2,0,0,2,0,0,2,2
91,5175.901,-1650.716,-350.002,-120.704,-0.510447,0.859702,-0.018894,-0.859861,-0.510529,0.000582,-0.009146,0.016543,0.999821,0,0.82201,-0.40994,49.321,-0.820,-1,400.000,-1,375.000,-1,325.000,325.000,-1,300.000,-1,700.000,775.000,-1,750.000,700.000,-1,-1,2,0,2,0,2,0,0,2,0,2,0,0,2,0,0,2,2
92,5150.387,-1692.706,-350.411,-121.284,-0.519145,0.854503,-0.017681,-0.854646,-0.519211,0.001014,-0.008313,0.015637,0.999843,0,0.81889,-0.28994,49.134,-0.580,-1,400.000,-1,375.000,-1,325.000,325.000,-1,300.000,-1,700.000,775.000,-1,750.000,700.000,-1,-1,2,0,2,0,2,0,0,2,0,2,0,0,2,0,0,2,2
93,5124.697,-1734.426,-350.804,-121.623,-0.524226,0.851419,-0.016495,-0.851547,-0.524277,0.001446,-0.007417,0.014804,0.999863,0,0.81659,-0.16994,48.995,-0.340,-1,400.000,-1,375.000,-1,325.000,325.000,300.000,300.000,-1,700.000,775.000,-1,750.000,700.000,-1,-1,2,0,2,0,2,0,0,0,0,2,0,0,2,0,0,2,2
94,5098.984,-1776.021,-351.176,-121.723,-0.525729,0.850513,-0.015358,-0.850627,-0.525766,0.001882,-0.006474,0.014053,0.999880,0,0.81502,-0.04994,48.901,-0.100,-1,400.000,-1,375.000,-1,325.000,325.000,300.000,300.000,-1,700.000,775.000,-1,750.000,700.000,-1,-1,2,0,2,0,2,0,0,0,0,2,0,0,2,0,0,2,2
95,5073.401,-1817.632,-351.509,-121.583,-0.523665,0.851804,-0.014351,-0.851907,-0.523689,0.002321,-0.005539,0.013441,0.999894,0,0.81411,0.07006,48.847,0.140,-1,400.000,-1,375.000,-1,325.000,325.000,300.000,300.000,-1,725.000,775.000,-1,750.000,700.000,-1,-1,2,0,2,0,2,0,0,0,0,2,0,0,2,0,0,2,2
96,5050.267,-1855.115,-351.788,-121.683,-0.525162,0.850896,-0.013428,-0.850989,-0.525177,0.002692,-0.004762,0.012840,0.999906,0,0.73411,-0.04994,44.047,-0.100,-1,400.000,-1,375.000,-1,325.000,325.000,300.000,300.000,-1,750.000,800.000,-1,750.000,700.000,-1,-1,2,0,2,0,2,0,0,0,0,2,1,0,2,0,0,2,2
97,5029.456,-1888.389,-352.014,-122.023,-0.530211,0.847772,-0.012598,-0.847856,-0.530219,0.003029,-0.004112,0.012287,0.999916,0,0.65411,-0.16994,39.247,-0.340,-1,400.000,-1,375.000,-1,325.000,325.000,300.000,300.000,-1,800.000,800.000,-1,750.000,700.000,-1,-1,2,0,2,0,2,0,0,0,0,2,0,0,2,0,0,2,2
98,5010.896,-1917.408,-352.187,-122.603,-0.538773,0.842367,-0.011863,-0.842443,-0.538775,0.003348,-0.003571,0.011798,0.999924,0,0.57411,-0.28994,34.447,-0.580,-1,400.000,-1,375.000,-1,325.000,325.000,300.000,300.000,-1,825.000,800.000,-1,750.000,725.000,-1,-1,2,0,2,0,2,0,0,0,0,2,1,0,2,0,0,2,2
99,4994.566,-1942.152,-352.329,-123.423,-0.550778,0.834576,-0.011196,-0.834646,-0.550776,0.003573,-0.003185,0.011313,0.999931,0,0.49411,-0.40994,29.647,-0.820,-1,400.000,-1,375.000,-1,325.000,325.000,300.000,300.000,-1,850.000,775.000,-1,750.000,725.000,-1,-1,2,0,2,0,2,0,0,0,0,2,1,0,2,0,0,2,2
100,4980.499,-1962.633,-352.443,-124.483,-0.566126,0.824250,-0.010599,-0.824313,-0.566122,0.003701,-0.002950,0.010832,0.999937,0,0.41411,-0.52994,24.847,-1.060,-1,400.000,-1,375.000,-1,325.000,325.000,300.000,300.000,-1,900.000,775.000,-1,750.000,725.000,-1,-1,2,0,2,0,2,0,0,0,0,2,1,0,2,0,0,2,2
101,4968.777,-1978.896,-352.531,-125.782,-0.584682,0.811200,-0.010079,-0.811257,-0.584677,0.003729,-0.002868,0.010356,0.999942,0,0.33411,-0.64994,20.047,-1.300,-1,400.000,-1,375.000,-1,325.000,325.000,300.000,300.000,-1,950.000,750.000,-1,750.000,725.000,-1,-1,2,0,2,0,2,0,0,0,0,2,1,0,2,0,0,2,2
102,4959.580,-1991.056,-352.597,-127.100,-0.603184,0.797544,-0.009658,-0.797597,-0.603180,0.003689,-0.002883,0.009928,0.999947,0,0.25411,-0.65884,15.247,-1.318,-1,400.000,-1,375.000,-1,325.000,325.000,300.000,300.000,-1,975.000,750.000,-1,750.000,725.000,-1,-1,2,0,2,0,2,0,0,0,0,2,1,0,2,0,0,2,2
103,4953.089,-1999.241,-352.640,-128.419,-0.621380,0.783453,-0.009344,-0.783503,-0.621377,0.003589,-0.002994,0.009551,0.999950,0,0.17411,-0.65938,10.447,-1.319,-1,400.000,-1,375.000,-1,325.000,325.000,300.000,300.000,-1,1000.000,725.000,-1,750.000,700.000,-1,-1,2,0,2,0,2,0,0,0,0,2,1,0,2,0,0,2,2
104,4949.479,-2003.583,-352.658,-129.738,-0.639257,0.768939,-0.009142,-0.768986,-0.639256,0.003432,-0.003205,0.009224,0.999952,0,0.09411,-0.65977,5.647,-1.320,-1,400.000,-1,375.000,-1,325.000,325.000,300.000,300.000,-1,-1,925.000,-1,750.000,700.000,-1,-1,2,0,2,0,2,0,0,0,0,2,2,1,2,0,0,2,2
105,4948.923,-2004.221,-352.650,-131.058,-0.656800,0.754011,-0.009056,-0.754057,-0.656801,0.003224,-0.003518,0.008946,0.999954,0,0.01411,-0.66000,0.847,-1.320,-1,400.000,-1,375.000,-1,325.000,325.000,300.000,300.000,-1,-1,950.000,-1,750.000,700.000,-1,-1,2,0,2,0,2,0,0,0,0,2,2,1,2,0,0,2,2
106,4951.587,-2001.301,-352.612,-132.378,-0.673994,0.738681,-0.009092,-0.738726,-0.673999,0.002969,-0.003935,0.008718,0.999954,0,-0.06589,-0.66003,-3.953,-1.320,-1,400.000,-1,375.000,-1,325.000,300.000,300.000,300.000,-1,-1,975.000,-1,750.000,700.000,-1,-1,2,0,2,0,2,0,0,0,0,2,2,1,2,0,0,2,2
107,4957.635,-1994.972,-352.542,-133.698,-0.690825,0.722963,-0.009253,-0.723008,-0.690834,0.002672,-0.004460,0.008536,0.999954,0,-0.14589,-0.65986,-8.753,-1.320,-1,375.000,-1,375.000,-1,325.000,300.000,300.000,300.000,-1,-1,1000.000,-1,750.000,700.000,-1,-1,2,0,2,0,2,0,0,0,0,2,2,1,2,0,0,2,2
108,4967.221,-1985.392,-352.436,-135.017,-0.707278,0.706871,-0.009543,-0.706917,-0.707293,0.002339,-0.005096,0.008401,0.999952,0,-0.22589,-0.65946,-13.553,-1.319,-1,375.000,-1,375.000,-1,325.000,300.000,300.000,300.000,-1,-1,-1,-1,750.000,700.000,-1,-1,2,0,2,0,2,0,0,0,0,2,2,2,2,0,0,2,2
109,4973.528,-1979.321,-352.364,-136.096,-0.720460,0.693428,-0.009735,-0.693474,-0.720478,0.002093,-0.005563,0.008259,0.999950,0,-0.14589,-0.53946,-8.753,-1.079,-1,375.000,-1,375.000,-1,325.000,300.000,300.000,300.000,-1,-1,-1,-1,725.000,700.000,-1,-1,2,0,2,0,2,0,0,0,0,2,2,2,2,0,0,2,2
110,4976.416,-1976.622,-352.330,-136.935,-0.730534,0.682806,-0.009821,-0.682851,-0.730555,0.001927,-0.005859,0.008114,0.999950,0,-0.06589,-0.41946,-3.953,-0.839,-1,375.000,-1,375.000,-1,325.000,300.000,300.000,300.000,-1,-1,-1,-1,725.000,700.000,-1,-1,2,0,2,0,2,0,0,0,0,2,2,2,2,0,0,2,2
111,4975.792,-1977.194,-352.330,-137.534,-0.737631,0.675133,-0.009798,-0.675177,-0.737653,0.001864,-0.005969,0.007991,0.999950,0,0.01411,-0.29946,0.847,-0.599,-1,375.000,-1,375.000,-1,325.000,300.000,300.000,300.000,-1,-1,-1,-1,725.000,700.000,-1,-1,2,0,2,0,2,0,0,0,0,2,2,2,2,0,0,2,2
112,4971.602,-1980.980,-352.344,-137.893,-0.741848,0.670499,-0.009667,-0.670543,-0.741868,0.002003,-0.005828,0.007968,0.999951,0,0.09411,-0.17946,5.647,-0.359,-1,375.000,-1,375.000,-1,325.000,300.000,300.000,300.000,-1,-1,-1,-1,725.000,700.000,-1,-1,2,0,2,0,2,0,0,0,0,2,2,2,2,0,0,2,2
113,4963.838,-1987.968,-352.390,-138.012,-0.743241,0.668957,-0.009421,-0.669001,-0.743258,0.002255,-0.005494,0.007979,0.999953,0,0.17411,-0.05946,10.447,-0.119,-1,375.000,-1,375.000,-1,325.000,300.000,300.000,300.000,-1,-1,-1,-1,750.000,700.000,-1,-1,2,0,2,0,2,0,0,0,0,2,2,2,2,0,0,2,2
114,4952.527,-1998.192,-352.465,-137.891,-0.741830,0.670526,-0.009063,-0.670569,-0.741842,0.002617,-0.004968,0.008019,0.999956,0,0.25411,0.06054,15.247,0.121,-1,375.000,-1,375.000,-1,325.000,300.000,300.000,300.000,-1,-1,-1,-1,750.000,700.000,-1,-1,2,0,2,0,2,0,0,0,0,2,2,2,2,0,0,2,2
115,4937.740,-2011.728,-352.568,-137.530,-0.737596,0.675188,-0.008597,-0.675229,-0.737602,0.003088,-0.004256,0.008083,0.999958,0,0.33411,0.18054,20.047,0.361,-1,375.000,-1,375.000,-1,325.000,300.000,300.000,300.000,-1,-1,-1,-1,750.000,700.000,-1,-1,2,0,2,0,2,0,0,0,0,2,2,2,2,0,0,2,2
116,4919.589,-2028.696,-352.695,-136.928,-0.730479,0.682888,-0.008032,-0.682927,-0.730478,0.003665,-0.003365,0.008162,0.999961,0,0.41411,0.30054,24.847,0.601,-1,400.000,-1,375.000,-1,325.000,300.000,300.000,300.000,-1,-1,-1,-1,750.000,700.000,-1,-1,2,0,2,0,2,0,0,0,0,2,2,2,2,0,0,2,2
117,4898.232,-2049.257,-352.838,-136.087,-0.720384,0.693537,-0.007376,-0.693572,-0.720374,0.004325,-0.002315,0.008231,0.999963,0,0.49411,0.42054,29.647,0.841,-1,400.000,-1,375.000,-1,325.000,325.000,300.000,300.000,-1,-1,650.000,-1,750.000,700.000,-1,-1,2,0,2,0,2,0,0,0,0,2,2,0,2,0,0,2,2
118,4873.872,-2073.612,-352.993,-135.006,-0.707178,0.707004,-0.006642,-0.707035,-0.707161,0.005064,-0.001117,0.008277,0.999965,0,0.57411,0.54054,34.447,1.081,-1,400.000,-1,375.000,-1,325.000,325.000,300.000,300.000,-1,-1,650.000,-1,750.000,725.000,-1,-1,2,0,2,0,2,0,0,0,0,2,2,0,2,0,0,2,2
119,4846.764,-2101.993,-352.993,-133.685,-0.690695,0.723123,-0.005741,-0.723146,-0.690676,0.005135,-0.000252,0.007698,0.999970,0,0.65411,0.66054,39.247,1.321,-1,400.000,-1,375.000,-1,325.000,325.000,300.000,300.000,-1,625.000,675.000,-1,775.000,725.000,-1,-1,2,0,2,0,2,0,0,0,0,2,0,0,2,0,0,2,2
120,4820.023,-2131.535,-352.938,-132.150,-0.671082,0.741368,-0.004803,-0.741383,-0.671063,0.004999,0.000483,0.006916,0.999976,0,0.66412,0.76743,39.847,1.535,-1,400.000,-1,375.000,1000.000,325.000,325.000,300.000,300.000,-1,650.000,700.000,-1,775.000,725.000,-1,-1,2,0,2,0,1,0,0,0,0,2,0,0,2,0,0,2,2
121,4794.037,-2161.833,-352.869,-130.620,-0.651039,0.759035,-0.003860,-0.759043,-0.651022,0.004884,0.001194,0.006109,0.999981,0,0.66525,0.76541,39.915,1.531,-1,400.000,-1,375.000,1000.000,325.000,325.000,300.000,300.000,-1,650.000,725.000,-1,775.000,725.000,-1,-1,2,0,2,0,1,0,0,0,0,2,0,0,2,0,0,2,2
122,4768.826,-2192.864,-352.789,-129.093,-0.630585,0.776115,-0.002913,-0.776118,-0.630570,0.004789,0.001880,0.005281,0.999984,0,0.66637,0.76339,39.982,1.527,-1,400.000,-1,400.000,975.000,325.000,325.000,300.000,300.000,-1,675.000,750.000,-1,775.000,750.000,-1,-1,2,0,2,0,1,0,0,0,0,2,0,0,2,0,0,2,2
123,4744.407,-2224.607,-352.763,-127.570,-0.609738,0.792600,-0.002286,-0.792600,-0.609724,0.004709,0.002338,0.004683,0.999986,0,0.66748,0.76138,40.049,1.523,-1,400.000,-1,400.000,975.000,325.000,325.000,300.000,300.000,-1,725.000,800.000,-1,775.000,750.000,-1,-1,2,0,2,0,1,0,0,0,0,2,0,0,2,0,0,2,2
124,4720.798,-2257.040,-352.742,-126.051,-0.588516,0.808484,-0.001741,-0.808481,-0.588504,0.004628,0.002718,0.004131,0.999988,0,0.66859,0.75938,40.115,1.519,-1,400.000,-1,400.000,975.000,325.000,325.000,300.000,300.000,-1,750.000,850.000,-1,775.000,750.000,-1,-1,2,0,2,0,1,0,0,0,0,2,0,0,2,0,0,2,2
125,4698.018,-2290.140,-352.716,-124.537,-0.566938,0.823760,-0.001234,-0.823755,-0.566928,0.004545,0.003044,0.003593,0.999989,0,0.66969,0.75739,40.182,1.515,-1,400.000,-1,400.000,950.000,325.000,325.000,300.000,300.000,-1,800.000,900.000,-1,775.000,750.000,-1,-1,2,0,2,0,1,0,0,0,0,2,0,0,2,0,0,2,2
126,4676.083,-2323.884,-352.685,-123.026,-0.545021,0.838422,-0.000764,-0.838416,-0.545013,0.004456,0.003319,0.003069,0.999990,0,0.67078,0.75541,40.247,1.511,-1,400.000,-1,400.000,950.000,325.000,325.000,300.000,300.000,-1,825.000,950.000,-1,775.000,775.000,-1,-1,2,0,2,0,1,0,0,0,0,2,0,0,2,0,0,2,2
127,4655.009,-2358.249,-352.649,-121.519,-0.522783,0.852466,-0.000329,-0.852458,-0.522777,0.004359,0.003543,0.002559,0.999990,0,0.67186,0.75344,40.312,1.507,-1,400.000,-1,400.000,950.000,325.000,325.000,300.000,300.000,-1,875.000,1000.000,-1,775.000,775.000,-1,-1,2,0,2,0,1,0,0,0,0,2,0,0,2,0,0,2,2
128,4634.811,-2393.210,-352.599,-120.016,-0.500243,0.865885,0.000108,-0.865877,-0.500239,0.004257,0.003740,0.002036,0.999991,0,0.67293,0.75148,40.376,1.503,-1,400.000,-1,400.000,950.000,325.000,325.000,300.000,300.000,-1,925.000,-1,-1,775.000,775.000,-1,-1,2,0,2,0,1,0,0,0,0,2,0,2,2,0,0,2,2
129,4615.504,-2428.743,-352.521,-118.517,-0.477418,0.878676,0.000620,-0.878667,-0.477416,0.004164,0.003955,0.001443,0.999991,0,0.67399,0.74953,40.440,1.499,975.000,400.000,-1,400.000,975.000,325.000,325.000,300.000,300.000,-1,1000.000,-1,-1,775.000,800.000,-1,-1,1,0,2,0,1,0,0,0,0,2,0,2,2,0,0,2,2
130,4594.785,-2468.959,-352.419,-117.258,-0.457994,0.888955,0.001105,-0.888946,-0.457994,0.004042,0.004099,0.000869,0.999991,0,0.75399,0.62953,45.240,1.259,950.000,400.000,-1,400.000,-1,325.000,325.000,300.000,300.000,-1,-1,-1,-1,775.000,800.000,975.000,-1,1,0,2,0,2,0,0,0,0,2,2,2,2,0,0,1,2
131,4572.662,-2513.842,-352.286,-116.239,-0.442110,0.896960,0.001514,-0.896951,-0.442112,0.003864,0.004136,0.000350,0.999991,0,0.83399,0.50953,50.040,1.019,900.000,400.000,-1,400.000,-1,325.000,325.000,300.000,300.000,-1,-1,-1,-1,800.000,800.000,925.000,-1,1,0,2,0,2,0,0,0,0,2,2,2,2,1,0,1,2
132,4550.050,-2561.335,-352.148,-115.460,-0.429871,0.902888,0.001901,-0.902881,-0.429876,0.003601,0.004069,-0.000168,0.999992,0,0.87669,0.38953,52.601,0.779,850.000,400.000,-1,400.000,-1,325.000,325.000,300.000,300.000,-1,-1,-1,-1,750.000,825.000,875.000,-1,1,0,2,0,2,0,0,0,0,2,2,2,2,1,0,1,2
133,4527.922,-2608.961,-351.972,-114.921,-0.421358,0.906892,0.002010,-0.906887,-0.421362,0.003170,0.003722,-0.000487,0.999993,0,0.87526,0.26953,52.516,0.539,800.000,400.000,-1,400.000,-1,325.000,325.000,300.000,300.000,-1,-1,-1,-1,725.000,825.000,825.000,-1,1,0,2,0,2,0,0,0,0,2,2,2,2,1,0,1,2
134,4506.078,-2656.624,-351.761,-114.622,-0.416619,0.909079,0.001879,-0.909076,-0.416623,0.002613,0.003159,-0.000620,0.999995,0,0.87383,0.14953,52.430,0.299,750.000,400.000,-1,400.000,-1,325.000,325.000,300.000,300.000,-1,-1,-1,-1,700.000,825.000,775.000,-1,1,0,2,0,2,0,0,0,0,2,2,2,2,1,0,1,2
135,4483.892,-2705.167,-351.591,-114.563,-0.415683,0.909508,0.001709,-0.909506,-0.415686,0.002093,0.002614,-0.000684,0.999996,0,0.88953,0.02953,53.372,0.059,700.000,400.000,-1,400.000,-1,325.000,325.000,300.000,300.000,-1,-1,-1,-1,675.000,850.000,725.000,-1,1,0,2,0,2,0,0,0,0,2,2,2,2,1,0,1,2
136,4461.549,-2753.646,-351.501,-114.743,-0.418554,0.908191,0.001431,-0.908189,-0.418556,0.001748,0.002187,-0.000568,0.999997,0,0.88968,-0.09047,53.381,-0.181,675.000,400.000,-1,400.000,-1,325.000,325.000,300.000,300.000,-1,-1,-1,-1,625.000,850.000,675.000,-1,1,0,2,0,2,0,0,0,0,2,2,2,2,1,1,1,2
