timestep,x_cm,y_cm,z_cm,yaw_deg,basis_xx,basis_xy,basis_xz,basis_yx,basis_yy,basis_yz,basis_zx,basis_zy,basis_zz,teleport_flag,throttle_cmd,steering_cmd,cmd_move_cm,cmd_turn_deg,lidar_cm_0,lidar_cm_1,lidar_cm_2,lidar_cm_3,lidar_cm_4,lidar_cm_5,lidar_cm_6,lidar_cm_7,lidar_cm_8,lidar_cm_9,lidar_cm_10,lidar_cm_11,lidar_cm_12,lidar_cm_13,lidar_cm_14,lidar_cm_15,lidar_cm_16,lidar_class_0,lidar_class_1,lidar_class_2,lidar_class_3,lidar_class_4,lidar_class_5,lidar_class_6,lidar_class_7,lidar_class_8,lidar_class_9,lidar_class_10,lidar_class_11,lidar_class_12,lidar_class_13,lidar_class_14,lidar_class_15,lidar_class_16
0,6233.719,-2291.587,563.842,-119.371,-0.488120,0.870289,0.065851,-0.871762,-0.489800,0.011285,0.042075,-0.051898,0.997766,1,-0.08000,-0.12000,-4.800,-0.240,-1,425.000,-1,450.000,-1,325.000,350.000,375.000,375.000,-1,-1,-1,-1,-1,-1,-1,-1,2,0,2,0,2,0,0,0,0,2,2,2,2,2,2,2,2
1,6238.497,-2283.261,563.580,-119.851,-0.495327,0.866133,0.066826,-0.867642,-0.497061,0.011300,0.043004,-0.052384,0.997701,0,-0.16000,-0.24000,-9.600,-0.480,-1,425.000,-1,450.000,-1,325.000,350.000,350.000,375.000,-1,-1,-1,-1,-1,-1,-1,-1,2,0,2,0,2,0,0,0,0,2,2,2,2,2,2,2,2
2,6244.752,-2272.674,563.263,-120.571,-0.506082,0.859791,0.068113,-0.861348,-0.507890,0.011255,0.044270,-0.052973,0.997614,0,-0.20495,-0.36000,-12.297,-0.720,-1,425.000,-1,450.000,-1,350.000,350.000,350.000,375.000,-1,-1,-1,-1,-1,-1,-1,-1,2,0,2,0,2,0,0,0,0,2,2,2,2,2,2,2,2
3,6251.214,-2262.141,562.991,-121.531,-0.520323,0.851139,0.069472,-0.852744,-0.522211,0.011110,0.045736,-0.053461,0.997522,0,-0.20596,-0.48000,-12.358,-0.960,-1,425.000,-1,450.000,-1,350.000,350.000,350.000,375.000,-1,-1,-1,-1,-1,-1,-1,-1,2,0,2,0,2,0,0,0,0,2,2,2,2,2,2,2,2
4,6257.931,-2251.691,562.764,-122.731,-0.537935,0.839998,0.070913,-0.841653,-0.539910,0.010835,0.047388,-0.053855,0.997424,0,-0.20705,-0.60000,-12.423,-1.200,-1,425.000,-1,450.000,-1,350.000,350.000,350.000,375.000,-1,-1,-1,-1,-1,-1,-1,-1,2,0,2,0,2,0,0,0,0,2,2,2,2,2,2,2,2
5,6264.948,-2241.353,562.314,-124.171,-0.558756,0.826196,0.072062,-0.827823,-0.560869,0.011609,0.050009,-0.053167,0.997333,0,-0.20824,-0.72000,-12.495,-1.440,-1,425.000,-1,450.000,-1,350.000,350.000,350.000,375.000,-1,-1,-1,-1,-1,-1,-1,-1,2,0,2,0,2,0,0,0,0,2,2,2,2,2,2,2,2
6,6272.309,-2231.162,561.699,-125.851,-0.582602,0.809464,0.073096,-0.811000,-0.584898,0.013174,0.053418,-0.051606,0.997238,0,-0.20954,-0.84000,-12.572,-1.680,-1,425.000,-1,475.000,-1,350.000,350.000,350.000,375.000,-1,-1,-1,-1,-1,-1,-1,-1,2,0,2,0,2,0,0,0,0,2,2,2,2,2,2,2,2
7,6280.060,-2221.157,561.089,-127.771,-0.609254,0.789486,0.074311,-0.790916,-0.611746,0.014755,0.057109,-0.049784,0.997126,0,-0.21095,-0.96000,-12.657,-1.920,-1,425.000,-1,475.000,-1,350.000,350.000,350.000,375.000,-1,-1,-1,-1,-1,-1,-1,-1,2,0,2,0,2,0,0,0,0,2,2,2,2,2,2,2,2
8,6288.204,-2211.349,560.474,-129.708,-0.635446,0.768424,0.075715,-0.769751,-0.638138,0.016195,0.060761,-0.047991,0.996998,0,-0.21248,-0.96852,-12.749,-1.937,-1,425.000,-1,475.000,-1,350.000,375.000,350.000,375.000,-1,-1,-1,-1,-1,-1,-1,-1,2,0,2,0,2,0,0,0,0,2,2,2,2,2,2,2,2
9,6296.737,-2201.749,559.606,-131.642,-0.660962,0.746548,0.076128,-0.747718,-0.663785,0.017530,0.063620,-0.045335,0.996944,0,-0.21409,-0.96680,-12.845,-1.934,-1,450.000,-1,475.000,-1,350.000,375.000,350.000,375.000,-1,-1,-1,-1,-1,-1,-1,-1,2,0,2,0,2,0,0,0,0,2,2,2,2,2,2,2,2
10,6305.658,-2192.370,558.574,-133.572,-0.685742,0.723869,0.075970,-0.724851,-0.688648,0.018832,0.065949,-0.042153,0.996932,0,-0.21575,-0.96504,-12.945,-1.930,-1,450.000,-1,475.000,-1,350.000,375.000,350.000,375.000,-1,-1,-1,-1,-1,-1,-1,-1,2,0,2,0,2,0,0,0,0,2,2,2,2,2,2,2,2
11,6314.963,-2183.223,557.539,-135.498,-0.709694,0.700399,0.076004,-0.701199,-0.712683,0.020071,0.068224,-0.039050,0.996905,0,-0.21746,-0.96323,-13.048,-1.926,-1,450.000,-1,475.000,-1,350.000,375.000,350.000,375.000,-1,-1,-1,-1,-1,-1,-1,-1,2,0,2,0,2,0,0,0,0,2,2,2,2,2,2,2,2
12,6324.647,-2174.323,556.504,-137.421,-0.732793,0.676169,0.076226,-0.676795,-0.735865,0.021232,0.070448,-0.036031,0.996864,0,-0.21923,-0.96137,-13.154,-1.923,-1,450.000,-1,475.000,-1,350.000,375.000,350.000,375.000,-1,-1,-1,-1,-1,-1,-1,-1,2,0,2,0,2,0,0,0,0,2,2,2,2,2,2,2,2
13,6334.708,-2165.680,555.466,-139.340,-0.755014,0.651215,0.076631,-0.651674,-0.758171,0.022302,0.072623,-0.033101,0.996810,0,-0.22106,-0.95947,-13.263,-1.919,-1,450.000,-1,475.000,-1,350.000,375.000,350.000,350.000,-1,-1,-1,-1,-1,-1,-1,-1,2,0,2,0,2,0,0,0,0,2,2,2,2,2,2,2,2
14,6345.139,-2157.308,554.427,-141.255,-0.776337,0.625571,0.077214,-0.625871,-0.779580,0.023268,0.074751,-0.030262,0.996743,0,-0.22293,-0.95752,-13.376,-1.915,-1,450.000,-1,475.000,-1,350.000,350.000,350.000,350.000,-1,-1,-1,-1,-1,-1,-1,-1,2,0,2,0,2,0,0,0,0,2,2,2,2,2,2,2,2
15,6355.936,-2149.220,553.386,-143.166,-0.796739,0.599273,0.077968,-0.599420,-0.800071,0.024119,0.076834,-0.027519,0.996664,0,-0.22485,-0.95553,-13.491,-1.911,-1,450.000,-1,475.000,-1,350.000,350.000,350.000,350.000,-1,-1,-1,-1,-1,-1,-1,-1,2,0,2,0,2,0,0,0,0,2,2,2,2,2,2,2,2
16,6367.092,-2141.428,552.343,-145.073,-0.816201,0.572357,0.078885,-0.572358,-0.819627,0.024842,0.078875,-0.024874,0.996574,0,-0.22681,-0.95350,-13.608,-1.907,-1,450.000,-1,475.000,-1,350.000,350.000,350.000,350.000,-1,-1,-1,-1,-1,-1,-1,-1,2,0,2,0,2,0,0,0,0,2,2,2,2,2,2,2,2
17,6378.602,-2133.946,551.299,-146.976,-0.834707,0.544858,0.079958,-0.544722,-0.838231,0.025427,0.080877,-0.022331,0.996474,0,-0.22880,-0.95143,-13.728,-1.903,-1,450.000,-1,475.000,-1,350.000,350.000,350.000,325.000,-1,-1,-1,-1,-1,-1,-1,-1,2,0,2,0,2,0,0,0,0,2,2,2,2,2,2,2,2
18,6390.457,-2126.787,550.253,-148.874,-0.852240,0.516814,0.081177,-0.516550,-0.855867,0.025862,0.082843,-0.019891,0.996364,0,-0.23083,-0.94932,-13.850,-1.899,-1,450.000,-1,450.000,-1,350.000,350.000,350.000,325.000,-1,-1,-1,-1,-1,-1,-1,-1,2,0,2,0,2,0,0,0,0,2,2,2,2,2,2,2,2
19,6402.650,-2119.963,549.205,-150.769,-0.868786,0.488261,0.082533,-0.487877,-0.872521,0.026139,0.084774,-0.017557,0.996245,0,-0.23288,-0.94717,-13.973,-1.894,-1,450.000,-1,475.000,-1,350.000,350.000,350.000,325.000,-1,-1,-1,-1,-1,-1,-1,-1,2,0,2,0,2,0,0,0,0,2,2,2,2,2,2,2,2
20,6415.172,-2113.488,548.155,-152.659,-0.884332,0.459237,0.084015,-0.458742,-0.888182,0.026249,0.086675,-0.015329,0.996119,0,-0.23496,-0.94498,-14.097,-1.890,-1,450.000,-1,475.000,-1,350.000,350.000,350.000,325.000,-1,1000.000,-1,-1,-1,-1,-1,-1,2,0,2,0,2,0,0,0,0,2,1,2,2,2,2,2,2
21,6428.014,-2107.375,547.103,-154.544,-0.898867,0.429778,0.085614,-0.429183,-0.902838,0.026182,0.088548,-0.013209,0.995984,0,-0.23705,-0.94275,-14.223,-1.886,-1,450.000,-1,475.000,-1,350.000,350.000,350.000,300.000,-1,950.000,-1,-1,-1,-1,-1,-1,2,0,2,0,2,0,0,0,0,2,1,2,2,2,2,2,2
22,6441.164,-2101.636,546.050,-156.425,-0.912381,0.399922,0.087316,-0.399237,-0.916481,0.025934,0.090395,-0.011198,0.995843,0,-0.23914,-0.94049,-14.349,-1.881,-1,475.000,-1,475.000,-1,350.000,350.000,350.000,300.000,-1,925.000,975.000,-1,-1,-1,-1,-1,2,0,2,0,2,0,0,0,0,2,1,1,2,2,2,2,2
23,6454.613,-2096.285,544.993,-158.302,-0.924866,0.369706,0.089111,-0.368942,-0.929102,0.025497,0.092220,-0.009296,0.995695,0,-0.24124,-0.93820,-14.474,-1.876,-1,475.000,-1,500.000,-1,350.000,350.000,350.000,300.000,-1,925.000,950.000,-1,-1,-1,-1,-1,2,0,2,0,2,0,0,0,0,2,1,1,2,2,2,2,2
24,6468.347,-2091.333,543.935,-160.173,-0.936316,0.339166,0.090986,-0.338337,-0.940696,0.024867,0.094024,-0.007501,0.995542,0,-0.24333,-0.93588,-14.600,-1.872,-1,475.000,-1,500.000,-1,350.000,375.000,350.000,300.000,-1,900.000,925.000,-1,-1,-1,-1,-1,2,0,2,0,2,0,0,0,0,2,1,1,2,2,2,2,2
25,6482.354,-2086.792,542.874,-162.040,-0.946726,0.308341,0.092928,-0.307458,-0.951258,0.024038,0.095811,-0.005814,0.995383,0,-0.24541,-0.93353,-14.725,-1.867,-1,475.000,-1,500.000,-1,350.000,375.000,350.000,300.000,-1,875.000,900.000,-1,-1,-1,-1,-1,2,0,2,0,2,0,0,0,0,2,1,1,2,2,2,2,2
26,6496.619,-2082.675,541.810,-163.903,-0.956092,0.277267,0.094925,-0.276343,-0.960784,0.023010,0.097582,-0.004233,0.995218,0,-0.24747,-0.93115,-14.848,-1.862,-1,475.000,-1,525.000,-1,350.000,375.000,350.000,300.000,-1,875.000,875.000,-1,-1,-1,-1,-1,2,0,2,0,2,0,0,0,0,2,1,1,2,2,2,2,2
27,6511.129,-2078.993,540.737,-165.760,-0.964410,0.245980,0.096991,-0.245032,-0.969271,0.021757,0.099362,-0.002783,0.995047,0,-0.24950,-0.92876,-14.970,-1.858,-1,475.000,-1,525.000,-1,350.000,375.000,350.000,300.000,-1,875.000,850.000,-1,-1,-1,-1,-1,2,0,2,0,2,0,0,0,0,2,1,1,2,2,2,2,2
28,6525.874,-2075.794,539.554,-167.760,-0.972178,0.212003,0.099620,-0.211071,-0.977268,0.019935,0.101582,-0.001646,0.994826,0,-0.25148,-1.00000,-15.089,-2.000,-1,475.000,-1,525.000,-1,350.000,375.000,350.000,300.000,-1,850.000,825.000,-1,-1,-1,-1,-1,2,0,2,0,2,0,0,0,0,2,1,1,2,2,2,2,2
29,6535.991,-2073.923,538.816,-169.520,-0.978070,0.181889,0.101462,-0.180925,-0.983319,0.018703,0.103172,-0.000064,0.994664,0,-0.17148,-0.88000,-10.289,-1.760,-1,475.000,-1,550.000,-1,375.000,400.000,350.000,325.000,-1,875.000,825.000,-1,-1,-1,-1,-1,2,0,2,0,2,0,0,0,0,2,1,1,2,2,2,2,2
30,6541.412,-2073.068,538.520,-171.040,-0.982461,0.155741,0.102548,-0.154689,-0.987796,0.018186,0.104128,0.002004,0.994562,0,-0.09148,-0.76000,-5.489,-1.520,-1,475.000,-1,550.000,-1,375.000,400.000,350.000,325.000,-1,875.000,825.000,-1,-1,-1,-1,-1,2,0,2,0,2,0,0,0,0,2,1,1,2,2,2,2,2
31,6542.095,-2072.977,538.655,-172.320,-0.985670,0.133635,0.102934,-0.132434,-0.991020,0.018452,0.104476,0.004556,0.994517,0,-0.01148,-0.64000,-0.689,-1.280,-1,475.000,-1,550.000,-1,375.000,400.000,350.000,325.000,-1,900.000,825.000,-1,-1,-1,-1,-1,2,0,2,0,2,0,0,0,0,2,1,1,2,2,2,2,2
32,6538.011,-2073.453,539.206,-173.360,-0.987970,0.115624,0.102698,-0.114215,-0.993264,0.019513,0.104263,0.007548,0.994521,0,0.06852,-0.52000,4.111,-1.040,-1,475.000,-1,550.000,-1,375.000,400.000,350.000,325.000,-1,925.000,825.000,-1,-1,-1,-1,-1,2,0,2,0,2,0,0,0,0,2,1,1,2,2,2,2,2
33,6529.147,-2074.360,540.009,-174.160,-0.989524,0.101742,0.102425,-0.100125,-0.994757,0.020815,0.104006,0.010342,0.994523,0,0.14852,-0.40000,8.911,-0.800,-1,475.000,-1,550.000,-1,375.000,400.000,350.000,300.000,-1,950.000,850.000,-1,-1,-1,-1,-1,2,0,2,0,2,0,0,0,0,2,1,1,2,2,2,2,2
34,6515.494,-2075.622,540.796,-174.720,-0.990670,0.092013,0.100527,-0.090337,-0.995688,0.021107,0.102036,0.011829,0.994710,0,0.22852,-0.28000,13.711,-0.560,-1,475.000,-1,550.000,-1,375.000,400.000,350.000,300.000,-1,1000.000,875.000,-1,-1,-1,-1,-1,2,0,2,0,2,0,0,0,0,2,1,1,2,2,2,2,2
35,6497.053,-2077.223,541.813,-175.040,-0.991457,0.086450,0.097670,-0.084744,-0.996171,0.021482,0.099153,0.013022,0.994987,0,0.30852,-0.16000,18.511,-0.320,-1,475.000,-1,550.000,-1,375.000,400.000,325.000,300.000,-1,-1,900.000,-1,-1,-1,-1,-1,2,0,2,0,2,0,0,0,0,2,2,1,2,2,2,2,2
36,6473.827,-2079.206,543.111,-175.120,-0.991932,0.085057,0.094004,-0.083331,-0.996276,0.022144,0.095537,0.014132,0.995326,0,0.38852,-0.04000,23.311,-0.080,-1,475.000,-1,525.000,-1,375.000,400.000,325.000,300.000,-1,-1,950.000,-1,-1,-1,-1,-1,2,0,2,0,2,0,0,0,0,2,2,1,2,2,2,2,2
37,6445.826,-2081.676,544.691,-174.960,-0.992103,0.087838,0.089531,-0.086105,-0.996020,0.023038,0.091198,0.015147,0.995718,0,0.46852,0.08000,28.111,0.160,-1,475.000,-1,525.000,-1,375.000,400.000,325.000,300.000,-1,-1,975.000,-1,-1,-1,-1,-1,2,0,2,0,2,0,0,0,0,2,2,1,2,2,2,2,2
38,6413.064,-2084.796,546.558,-174.560,-0.991925,0.094788,0.084257,-0.093071,-0.995368,0.024084,0.086150,0.016047,0.996153,0,0.54852,0.20000,32.911,0.400,-1,450.000,-1,525.000,-1,375.000,375.000,325.000,300.000,-1,-1,-1,-1,-1,-1,-1,-1,2,0,2,0,2,0,0,0,0,2,2,2,2,2,2,2,2
39,6375.562,-2088.750,548.712,-173.982,-0.991411,0.104828,0.078205,-0.103153,-0.994347,0.025167,0.080401,0.016884,0.996620,0,0.62852,0.28916,37.711,0.578,-1,450.000,-1,500.000,-1,350.000,375.000,325.000,275.000,-1,-1,-1,-1,-1,-1,-1,-1,2,0,2,0,2,0,0,0,0,2,2,2,2,2,2,2,2
40,6333.334,-2093.642,551.152,-173.391,-0.990788,0.115066,0.071413,-0.113460,-0.993198,0.026176,0.073939,0.017832,0.997103,0,0.70852,0.29519,42.511,0.590,-1,450.000,-1,500.000,-1,350.000,375.000,300.000,275.000,-1,-1,-1,-1,-1,-1,-1,-1,2,0,2,0,2,0,0,0,0,2,2,2,2,2,2,2,2
41,6286.399,-2099.582,553.883,-172.787,-0.990031,0.125528,0.063888,-0.124020,-0.991911,0.027055,0.066767,0.018862,0.997590,0,0.78852,0.30201,47.311,0.604,-1,425.000,-1,475.000,-1,350.000,350.000,300.000,275.000,-1,-1,-1,-1,-1,-1,-1,-1,2,0,2,0,2,0,0,0,0,2,2,2,2,2,2,2,2
42,6234.775,-2106.683,556.915,-172.168,-0.989112,0.136237,0.055641,-0.134865,-0.990476,0.027744,0.058890,0.019938,0.998065,0,0.86852,0.30961,52.111,0.619,-1,425.000,-1,475.000,-1,325.000,350.000,300.000,300.000,-1,-1,-1,-1,-1,-1,-1,-1,2,0,2,0,2,0,0,0,0,2,2,2,2,2,2,2,2
43,6180.228,-2114.804,560.155,-171.532,-0.987988,0.147220,0.046958,-0.146015,-0.988882,0.028162,0.050582,0.020967,0.998500,0,0.91915,0.31799,55.149,0.636,-1,425.000,-1,450.000,-1,325.000,350.000,300.000,300.000,-1,-1,-1,-1,-1,-1,-1,-1,2,0,2,0,2,0,0,0,0,2,2,2,2,2,2,2,2
44,6125.354,-2123.614,563.457,-170.879,-0.986619,0.158490,0.038260,-0.157476,-0.987119,0.028244,0.042243,0.021841,0.998869,0,0.92631,0.32687,55.579,0.654,-1,425.000,-1,450.000,-1,325.000,350.000,300.000,300.000,-1,-1,-1,-1,-1,-1,-1,-1,2,0,2,0,2,0,0,0,0,2,2,2,2,2,2,2,2
45,6070.157,-2133.141,566.826,-170.207,-0.984992,0.170048,0.029558,-0.169241,-0.985178,0.027967,0.033876,0.022545,0.999172,0,0.93356,0.33583,56.013,0.672,-1,425.000,-1,425.000,-1,325.000,325.000,300.000,325.000,-1,-1,-1,-1,-1,975.000,-1,-1,2,0,2,0,2,0,0,0,0,2,2,2,2,2,0,2,2
46,6014.647,-2143.412,570.267,-169.517,-0.983097,0.181894,0.020866,-0.181305,-0.983048,0.027309,0.025479,0.023064,0.999409,0,0.94088,0.34487,56.453,0.690,-1,425.000,-1,425.000,-1,325.000,325.000,325.000,325.000,-1,-1,-1,-1,1000.000,925.000,-1,-1,2,0,2,0,2,0,0,0,0,2,2,2,2,0,0,2,2
47,5959.153,-2154.377,573.616,-168.823,-0.980962,0.193791,0.012568,-0.193405,-0.980751,0.026877,0.017534,0.023934,0.999560,0,0.94279,0.34723,56.568,0.694,-1,400.000,-1,425.000,-1,325.000,325.000,325.000,325.000,-1,-1,-1,-1,950.000,875.000,-1,-1,2,0,2,0,2,0,0,0,0,2,2,2,2,0,0,2,2
48,5903.796,-2166.017,575.480,-168.128,-0.978607,0.205629,0.006659,-0.205315,-0.978162,0.032315,0.013159,0.030257,0.999456,0,0.94279,0.34723,56.568,0.694,-1,425.000,-1,400.000,-1,325.000,325.000,350.000,325.000,-1,-1,-1,-1,950.000,850.000,-1,-1,2,0,2,0,2,0,0,0,0,2,2,2,2,0,0,2,2
49,5848.584,-2178.326,576.971,-167.434,-0.976074,0.217432,0.001641,-0.217227,-0.975431,0.036710,0.009583,0.035476,0.999325,0,0.94279,0.34723,56.568,0.694,-1,425.000,-1,400.000,-1,325.000,325.000,350.000,325.000,-1,-1,-1,-1,925.000,800.000,-1,-1,2,0,2,0,2,0,0,0,0,2,2,2,2,0,0,2,2
50,5793.525,-2191.301,577.003,-166.739,-0.973369,0.229245,0.000265,-0.229090,-0.972751,0.035680,0.008437,0.034669,0.999363,0,0.94279,0.34723,56.568,0.694,-1,425.000,-1,400.000,-1,325.000,325.000,350.000,325.000,-1,-1,-1,-1,925.000,800.000,-1,-1,2,0,2,0,2,0,0,0,0,2,2,2,2,0,0,2,2
51,5738.626,-2204.942,576.909,-166.045,-0.970517,0.241030,-0.001463,-0.240940,-0.969949,0.033874,0.006745,0.033227,0.999425,0,0.94279,0.34723,56.568,0.694,-1,425.000,-1,400.000,-1,325.000,325.000,350.000,325.000,-1,-1,-1,-1,900.000,775.000,-1,-1,2,0,2,0,2,0,0,0,0,2,2,2,2,0,0,2,2
52,5683.898,-2219.248,576.827,-165.350,-0.967518,0.252781,-0.003222,-0.252752,-0.967003,0.031954,0.004961,0.031730,0.999484,0,0.94279,0.34723,56.568,0.694,-1,425.000,-1,400.000,-1,325.000,325.000,350.000,325.000,-1,-1,-1,-1,875.000,750.000,-1,-1,2,0,2,0,2,0,0,0,0,2,2,2,2,0,0,2,2
53,5629.346,-2234.216,576.760,-164.656,-0.964374,0.264495,-0.005016,-0.264525,-0.963915,0.029917,0.003078,0.030178,0.999540,0,0.94279,0.34723,56.568,0.694,-1,425.000,-1,400.000,-1,325.000,325.000,325.000,325.000,-1,-1,-1,-1,875.000,750.000,-1,-1,2,0,2,0,2,0,0,0,0,2,2,2,2,0,0,2,2
54,5574.980,-2249.844,576.708,-163.961,-0.961084,0.276172,-0.006847,-0.276255,-0.960684,0.027760,0.001089,0.028572,0.999591,0,0.94279,0.34723,56.568,0.694,-1,425.000,-1,400.000,-1,325.000,325.000,325.000,325.000,-1,-1,-1,-1,850.000,725.000,-1,-1,2,0,2,0,2,0,0,0,0,2,2,2,2,0,0,2,2
55,5520.808,-2266.130,576.671,-163.267,-0.957648,0.287809,-0.008719,-0.287939,-0.957310,0.025480,-0.001014,0.026911,0.999637,0,0.94279,0.34723,56.568,0.694,-1,425.000,-1,375.000,-1,325.000,325.000,325.000,325.000,-1,-1,-1,-1,825.000,700.000,-1,-1,2,0,2,0,2,0,0,0,0,2,2,2,2,0,0,2,2
56,5466.837,-2283.071,576.649,-162.572,-0.954067,0.299404,-0.010635,-0.299575,-0.953794,0.023072,-0.003236,0.025198,0.999677,0,0.94279,0.34723,56.568,0.694,-1,425.000,-1,375.000,-1,325.000,325.000,325.000,325.000,-1,-1,-1,-1,800.000,700.000,-1,-1,2,0,2,0,2,0,0,0,0,2,2,2,2,0,0,2,2
57,5413.075,-2300.665,576.644,-161.878,-0.950341,0.310955,-0.012597,-0.311160,-0.950136,0.020532,-0.005585,0.023432,0.999710,0,0.94279,0.34723,56.568,0.694,-1,400.000,-1,375.000,-1,325.000,325.000,325.000,325.000,-1,-1,-1,-1,800.000,675.000,-1,-1,2,0,2,0,2,0,0,0,0,2,2,2,2,0,0,2,2
58,5359.530,-2318.910,576.655,-161.184,-0.946470,0.322462,-0.014608,-0.322692,-0.946336,0.017856,-0.008066,0.021614,0.999734,0,0.94279,0.34723,56.568,0.694,-1,400.000,-1,375.000,-1,325.000,300.000,325.000,325.000,-1,-1,-1,-1,775.000,675.000,-1,-1,2,0,2,0,2,0,0,0,0,2,2,2,2,0,0,2,2
59,5306.210,-2337.802,576.483,-160.489,-0.942462,0.333916,-0.016298,-0.334163,-0.942380,0.015950,-0.010032,0.020478,0.999740,0,0.94279,0.34723,56.568,0.694,-1,400.000,-1,350.000,-1,325.000,300.000,325.000,325.000,-1,-1,-1,-1,775.000,650.000,-1,-1,2,0,2,0,2,0,0,0,0,2,2,2,2,0,0,2,2
60,5253.124,-2357.339,576.698,-159.795,-0.938342,0.345330,-0.016189,-0.345545,-0.938310,0.013130,-0.010657,0.017914,0.999783,0,0.94279,0.34723,56.568,0.694,-1,400.000,-1,350.000,-1,325.000,300.000,325.000,325.000,-1,-1,-1,-1,800.000,650.000,-1,-1,2,0,2,0,2,0,0,0,0,2,2,2,2,0,0,2,2
61,5200.278,-2377.519,576.916,-159.100,-0.934085,0.356693,-0.015997,-0.356874,-0.934096,0.010323,-0.011261,0.015351,0.999819,0,0.94279,0.34723,56.568,0.694,-1,400.000,-1,375.000,-1,325.000,300.000,325.000,325.000,-1,-1,-1,-1,800.000,650.000,-1,-1,2,0,2,0,2,0,0,0,0,2,2,2,2,0,0,2,2
62,5147.680,-2398.337,576.834,-158.406,-0.929712,0.368007,-0.014359,-0.368127,-0.929751,0.006756,-0.010864,0.011567,0.999874,0,0.94279,0.34723,56.568,0.694,-1,400.000,-1,375.000,-1,300.000,300.000,325.000,350.000,-1,-1,-1,-1,825.000,675.000,-1,-1,2,0,2,0,2,0,0,0,0,2,2,2,2,0,0,2,2
63,5095.339,-2419.791,576.484,-157.711,-0.925205,0.379259,-0.012563,-0.379337,-0.925248,0.004471,-0.009928,0.008902,0.999911,0,0.94279,0.34723,56.568,0.694,-1,375.000,-1,375.000,-1,300.000,300.000,325.000,350.000,-1,-1,-1,-1,825.000,675.000,-1,-1,2,0,2,0,2,0,0,0,0,2,2,2,2,0,0,2,2
64,5043.262,-2441.879,576.294,-157.017,-0.920562,0.390450,-0.010657,-0.390505,-0.920593,0.003655,-0.008384,0.007526,0.999937,0,0.94279,0.34723,56.568,0.694,-1,375.000,-1,375.000,-1,300.000,300.000,325.000,325.000,-1,225.000,-1,-1,850.000,675.000,-1,-1,2,0,2,0,2,0,0,0,0,2,0,2,2,0,0,2,2
65,4991.456,-2464.596,576.102,-156.322,-0.915781,0.401583,-0.008688,-0.401620,-0.915802,0.002928,-0.006780,0.006171,0.999958,0,0.94279,0.34723,56.568,0.694,-1,375.000,-1,375.000,-1,325.000,300.000,350.000,325.000,-1,250.000,-1,-1,875.000,675.000,-1,-1,2,0,2,0,2,0,0,0,0,2,0,2,2,0,0,2,2
66,4939.929,-2487.939,575.907,-155.628,-0.910862,0.412656,-0.006655,-0.412678,-0.910874,0.002298,-0.005114,0.004840,0.999975,0,0.94279,0.34723,56.568,0.694,-1,375.000,-1,375.000,-1,325.000,300.000,350.000,325.000,-1,250.000,-1,-1,900.000,675.000,-1,-1,2,0,2,0,2,0,0,0,0,2,0,2,2,0,0,2,2
67,4888.689,-2511.905,575.709,-154.933,-0.905806,0.423668,-0.004561,-0.423680,-0.905810,0.001771,-0.003381,0.003536,0.999988,0,0.94279,0.34723,56.568,0.694,-1,400.000,-1,375.000,-1,325.000,300.000,375.000,325.000,-1,275.000,-1,-1,925.000,675.000,-1,-1,2,0,2,0,2,0,0,0,0,2,0,2,2,0,0,2,2
68,4837.744,-2536.490,575.507,-154.239,-0.900612,0.434618,-0.002406,-0.434621,-0.900612,0.001351,-0.001579,0.002262,0.999996,0,0.94279,0.34723,56.568,0.694,-1,400.000,-1,375.000,-1,325.000,300.000,375.000,325.000,-1,275.000,-1,-1,950.000,675.000,-1,-1,2,0,2,0,2,0,0,0,0,2,0,2,2,0,0,2,2
69,4791.301,-2559.358,575.331,-153.784,-0.897139,0.441748,-0.000351,-0.441748,-0.897138,0.001033,0.000142,0.001082,0.999999,0,0.86279,0.22723,51.768,0.454,-1,425.000,-1,375.000,-1,325.000,300.000,400.000,325.000,-1,275.000,-1,-1,950.000,675.000,-1,-1,2,0,2,0,2,0,0,0,0,2,0,2,2,0,0,2,2
70,4745.607,-2582.071,574.713,-153.570,-0.895479,0.445103,0.001254,-0.445104,-0.895477,-0.001586,0.000417,-0.001979,0.999998,0,0.85046,0.10723,51.027,0.214,-1,425.000,-1,375.000,-1,300.000,300.000,400.000,325.000,-1,300.000,-1,-1,950.000,675.000,-1,-1,2,0,2,0,2,0,0,0,0,2,0,2,2,0,0,2,2
71,4699.903,-2604.763,574.303,-153.596,-0.895679,0.444694,0.002430,-0.444700,-0.895656,-0.006551,-0.000736,-0.006948,0.999976,0,0.85046,-0.01277,51.027,-0.026,-1,425.000,-1,375.000,-1,300.000,300.000,400.000,325.000,-1,325.000,-1,-1,925.000,675.000,-1,-1,2,0,2,0,2,0,0,0,0,2,0,2,2,0,0,2,2
72,4654.094,-2627.244,573.977,-153.861,-0.897737,0.440517,0.003677,-0.440529,-0.897665,-0.011494,-0.001763,-0.011938,0.999927,0,0.85046,-0.13277,51.027,-0.266,-1,400.000,-1,375.000,-1,300.000,300.000,400.000,325.000,-1,400.000,-1,-1,900.000,675.000,-1,-1,2,0,2,0,2,0,0,0,0,2,0,2,2,0,0,2,2
73,4608.090,-2649.320,573.741,-154.367,-0.901596,0.432549,0.005108,-0.432572,-0.901452,-0.016323,-0.002456,-0.016927,0.999854,0,0.85046,-0.25277,51.027,-0.506,-1,400.000,-1,375.000,-1,300.000,300.000,400.000,325.000,-1,450.000,-1,-1,850.000,675.000,-1,-1,2,0,2,0,2,0,0,0,0,2,0,2,2,0,0,2,2
74,4561.801,-2670.795,573.319,-155.112,-0.907150,0.420751,0.006845,-0.420802,-0.906936,-0.019808,-0.002126,-0.020850,0.999780,0,0.85046,-0.37277,51.027,-0.746,-1,400.000,-1,350.000,-1,300.000,300.000,400.000,325.000,-1,450.000,-1,-1,825.000,675.000,-1,-1,2,0,2,0,2,0,0,0,0,2,0,2,2,0,0,2,2
75,4515.150,-2691.471,572.911,-156.098,-0.914250,0.405059,0.008580,-0.405148,-0.913970,-0.022688,-0.001348,-0.024219,0.999706,0,0.85046,-0.49277,51.027,-0.986,-1,400.000,-1,350.000,-1,300.000,300.000,375.000,325.000,-1,450.000,-1,-1,825.000,675.000,-1,-1,2,0,2,0,2,0,0,0,0,2,0,2,2,0,0,2,2
76,4468.068,-2711.144,573.041,-157.323,-0.922711,0.385406,0.008202,-0.385489,-0.922394,-0.024225,-0.001771,-0.025514,0.999673,0,0.85046,-0.61277,51.027,-1.226,-1,375.000,-1,350.000,-1,300.000,300.000,400.000,325.000,-1,525.000,-1,-1,800.000,675.000,-1,-1,2,0,2,0,2,0,0,0,0,2,0,2,2,0,0,2,2
77,4420.497,-2729.606,573.491,-158.789,-0.932264,0.361688,0.008105,-0.361777,-0.931948,-0.024278,-0.001227,-0.025566,0.999672,0,0.85046,-0.73277,51.027,-1.466,-1,375.000,-1,350.000,-1,300.000,275.000,400.000,325.000,-1,575.000,725.000,-1,775.000,675.000,-1,-1,2,0,2,0,2,0,0,0,0,2,0,0,2,0,0,2,2
78,4372.416,-2746.694,574.090,-160.435,-0.942267,0.334765,0.008108,-0.334863,-0.941968,-0.023721,-0.000303,-0.025067,0.999686,0,0.85046,-0.82328,51.027,-1.647,-1,375.000,-1,350.000,-1,300.000,275.000,400.000,325.000,-1,625.000,750.000,-1,775.000,675.000,-1,-1,2,0,2,0,2,0,0,0,0,2,0,0,2,0,0,2,2
79,4323.863,-2762.392,574.772,-162.082,-0.951491,0.307566,0.008203,-0.307674,-0.951216,-0.022901,0.000759,-0.024314,0.999704,0,0.85046,-0.82328,51.027,-1.647,-1,375.000,-1,350.000,-1,300.000,275.000,425.000,325.000,-1,675.000,775.000,-1,750.000,700.000,-1,-1,2,0,2,0,2,0,0,0,0,2,0,0,2,0,0,2,2
80,4274.880,-2776.689,575.531,-163.728,-0.959930,0.280113,0.008400,-0.280233,-0.959684,-0.021837,0.001944,-0.023316,0.999726,0,0.85046,-0.82328,51.027,-1.647,-1,375.000,-1,350.000,-1,300.000,275.000,425.000,325.000,-1,725.000,800.000,-1,750.000,700.000,-1,-1,2,0,2,0,2,0,0,0,0,2,0,0,2,0,0,2,2
81,4225.505,-2789.573,575.853,-165.375,-0.967558,0.252417,0.010815,-0.252602,-0.967317,-0.022119,0.004878,-0.024134,0.999697,0,0.85046,-0.82328,51.027,-1.647,-1,375.000,-1,375.000,-1,300.000,275.000,425.000,325.000,-1,675.000,775.000,-1,750.000,725.000,-1,-1,2,0,2,0,2,0,0,0,0,2,0,0,2,0,0,2,2
82,4175.781,-2801.033,576.140,-167.022,-0.974375,0.224513,0.013658,-0.224778,-0.974147,-0.022634,0.008224,-0.025124,0.999651,0,0.85046,-0.82328,51.027,-1.647,-1,375.000,-1,375.000,-1,275.000,300.000,425.000,325.000,-1,625.000,725.000,-1,750.000,775.000,-1,-1,2,0,2,0,2,0,0,0,0,2,0,0,2,0,0,2,2
83,4125.723,-2811.062,576.537,-168.671,-0.980393,0.196377,0.016300,-0.196718,-0.980192,-0.022919,0.011477,-0.025677,0.999604,0,0.85088,-0.82472,51.053,-1.649,-1,375.000,-1,375.000,-1,300.000,300.000,425.000,325.000,-1,600.000,675.000,-1,750.000,800.000,-1,-1,2,0,2,0,2,0,0,0,0,2,0,0,2,0,0,2,2
84,4075.341,-2819.650,577.038,-170.327,-0.985612,0.167977,0.018758,-0.168388,-0.985453,-0.022973,0.014626,-0.025801,0.999560,0,0.85181,-0.82774,51.108,-1.655,-1,375.000,-1,400.000,-1,300.000,300.000,400.000,350.000,-1,600.000,650.000,-1,750.000,850.000,-1,-1,2,0,2,0,2,0,0,0,0,2,0,0,2,0,0,2,2
85,4024.674,-2826.781,577.636,-171.988,-0.990022,0.139334,0.021047,-0.139804,-0.989917,-0.022792,0.017659,-0.025507,0.999519,0,0.85278,-0.83078,51.167,-1.662,-1,375.000,-1,400.000,-1,300.000,300.000,400.000,350.000,-1,575.000,625.000,-1,750.000,900.000,-1,-1,2,0,2,0,2,0,0,0,0,2,0,0,2,0,0,2,2
86,3973.759,-2832.442,578.323,-173.656,-0.993609,0.110468,0.023181,-0.110985,-0.993570,-0.022373,0.020560,-0.024803,0.999481,0,0.85381,-0.83385,51.228,-1.668,-1,375.000,-1,400.000,-1,300.000,300.000,400.000,350.000,-1,325.000,525.000,-1,750.000,950.000,-1,-1,2,0,2,0,2,0,0,0,0,2,0,0,2,0,0,2,2
87,3922.636,-2836.618,578.962,-175.330,-0.996380,0.081401,0.024506,-0.081927,-0.996411,-0.021285,0.022686,-0.023216,0.999473,0,0.85488,-0.83693,51.293,-1.674,-1,375.000,-1,425.000,-1,300.000,325.000,375.000,350.000,-1,200.000,400.000,-1,775.000,1000.000,-1,-1,2,0,2,0,2,0,0,0,0,2,0,0,2,0,0,2,2
88,3871.345,-2839.297,579.706,-177.010,-0.998351,0.052156,0.023988,-0.052622,-0.998430,-0.019220,0.022947,-0.020451,0.999527,0,0.85601,-0.84003,51.361,-1.680,-1,375.000,-1,425.000,-1,300.000,325.000,375.000,325.000,-1,225.000,400.000,-1,775.000,-1,-1,-1,2,0,2,0,2,0,0,0,0,2,0,0,2,0,2,2,2
89,3819.927,-2840.466,580.483,-178.696,-0.999471,0.022754,0.023226,-0.023150,-0.999588,-0.016944,0.022830,-0.017473,0.999587,0,0.85719,-0.84315,51.431,-1.686,-1,375.000,-1,425.000,-1,300.000,325.000,375.000,325.000,-1,275.000,425.000,-1,775.000,-1,-1,-1,2,0,2,0,2,0,0,0,0,2,0,0,2,0,2,2,2
90,3768.424,-2840.117,581.326,-180.389,-0.999727,-0.006781,0.022375,0.006463,-0.999877,-0.014264,0.022469,-0.014116,0.999648,0,0.85842,-0.84629,51.505,-1.693,-1,375.000,-1,425.000,-1,300.000,325.000,375.000,325.000,-1,350.000,475.000,-1,775.000,-1,-1,-1,2,0,2,0,2,0,0,0,0,2,0,0,2,0,2,2,2
91,3716.876,-2838.237,582.221,-182.087,-0.999106,-0.036423,0.021466,0.036189,-0.999282,-0.011179,0.021858,-0.010392,0.999707,0,0.85969,-0.84944,51.582,-1.699,-1,375.000,-1,425.000,-1,300.000,325.000,375.000,325.000,-1,0.000,550.000,-1,775.000,-1,-1,-1,2,0,2,0,2,0,0,0,0,2,0,0,2,0,2,2,2
92,3665.328,-2834.820,583.157,-183.793,-0.997599,-0.066145,0.020527,0.065999,-0.997790,-0.007688,0.020990,-0.006315,0.999760,0,0.86102,-0.85261,51.661,-1.705,-1,350.000,-1,450.000,-1,300.000,325.000,375.000,325.000,-1,0.000,675.000,-1,775.000,-1,-1,-1,2,0,2,0,2,0,0,0,0,2,0,0,2,0,2,2,2
93,3613.822,-2829.857,584.120,-185.504,-0.995196,-0.095920,0.019588,0.095863,-0.995387,-0.003793,0.019861,-0.001897,0.999801,0,0.86240,-0.85580,51.744,-1.712,-1,350.000,-1,450.000,-1,300.000,325.000,375.000,325.000,-1,0.000,925.000,-1,775.000,-1,-1,-1,2,0,2,0,2,0,0,0,0,2,0,0,2,0,2,2,2
94,3562.404,-2823.341,585.099,-187.222,-0.991890,-0.125718,0.018680,0.125749,-0.992062,0.000501,0.018469,0.002846,0.999825,0,0.86383,-0.85900,51.830,-1.718,-1,375.000,-1,450.000,-1,325.000,325.000,375.000,325.000,-1,0.000,-1,-1,775.000,-1,-1,-1,2,0,2,0,2,0,0,0,0,2,0,2,2,0,2,2,2
95,3511.117,-2815.267,586.081,-188.947,-0.987673,-0.155510,0.017835,0.155624,-0.987803,0.005189,0.016811,0.007900,0.999827,0,0.86531,-0.86222,51.918,-1.724,-1,375.000,-1,450.000,-1,325.000,350.000,375.000,325.000,-1,0.000,-1,-1,775.000,-1,-1,-1,2,0,2,0,2,0,0,0,0,2,0,2,2,0,2,2,2
96,3461.528,-2806.139,587.018,-190.431,-0.983329,-0.181038,0.017003,0.181223,-0.983391,0.010062,0.014899,0.012976,0.999805,0,0.84038,-0.74222,50.423,-1.484,-1,375.000,-1,450.000,-1,325.000,350.000,375.000,300.000,-1,-1,-1,-1,775.000,-1,-1,-1,2,0,2,0,2,0,0,0,0,2,2,2,2,0,2,2,2
97,3411.961,-2795.897,587.923,-191.676,-0.979183,-0.202336,0.016121,0.202579,-0.979148,0.015221,0.012705,0.018170,0.999754,0,0.84357,-0.62222,50.614,-1.244,-1,400.000,-1,475.000,-1,325.000,350.000,375.000,300.000,-1,-1,-1,-1,800.000,-1,-1,-1,2,0,2,0,2,0,0,0,0,2,2,2,2,0,2,2,2
98,3362.416,-2784.752,588.784,-192.680,-0.975507,-0.219445,0.015173,0.219729,-0.975343,0.020612,0.010276,0.023441,0.999672,0,0.84638,-0.50222,50.783,-1.004,-1,400.000,-1,475.000,-1,325.000,350.000,375.000,300.000,-1,-1,-1,-1,825.000,-1,-1,-1,2,0,2,0,2,0,0,0,0,2,2,2,2,0,2,2,2
99,3312.890,-2772.914,589.337,-193.444,-0.972515,-0.232412,0.014095,0.232707,-0.972222,0.025145,0.007860,0.027734,0.999584,0,0.84868,-0.38222,50.921,-0.764,-1,400.000,-1,475.000,-1,350.000,350.000,375.000,300.000,-1,-1,-1,-1,850.000,-1,-1,-1,2,0,2,0,2,0,0,0,0,2,2,2,2,0,2,2,2
100,3263.389,-2760.556,589.418,-194.018,-0.970181,-0.242115,0.011354,0.242346,-0.969772,0.028474,0.004117,0.030376,0.999530,0,0.85035,-0.28679,51.021,-0.574,-1,400.000,-1,475.000,-1,350.000,350.000,375.000,325.000,-1,-1,-1,-1,825.000,-1,-1,-1,2,0,2,0,2,0,0,0,0,2,2,2,2,0,2,2,2
101,3213.959,-2747.669,589.063,-194.613,-0.967654,-0.252149,0.008151,0.252281,-0.967138,0.031611,-0.000087,0.032645,0.999467,0,0.85137,-0.29735,51.082,-0.595,-1,400.000,-1,450.000,-1,350.000,350.000,375.000,325.000,-1,-1,-1,-1,825.000,-1,-1,-1,2,0,2,0,2,0,0,0,0,2,2,2,2,0,2,2,2
102,3164.628,-2734.241,588.434,-195.228,-0.964916,-0.262500,0.005462,0.262526,-0.964272,0.035501,-0.004052,0.035689,0.999355,0,0.85209,-0.30787,51.126,-0.616,-1,400.000,-1,450.000,-1,350.000,350.000,350.000,325.000,-1,-1,-1,-1,825.000,1000.000,-1,-1,2,0,2,0,2,0,0,0,0,2,2,2,2,0,0,2,2
103,3115.424,-2720.259,587.721,-195.865,-0.961962,-0.273168,0.002785,0.273061,-0.961184,0.039533,-0.008123,0.038789,0.999214,0,0.85253,-0.31835,51.152,-0.637,-1,400.000,-1,450.000,-1,325.000,350.000,350.000,325.000,-1,-1,-1,-1,800.000,975.000,-1,-1,2,0,2,0,2,0,0,0,0,2,2,2,2,0,0,2,2
104,3066.376,-2705.710,586.931,-196.523,-0.958782,-0.284144,0.000149,0.283880,-0.957865,0.043661,-0.012263,0.041903,0.999046,0,0.85268,-0.32876,51.161,-0.658,-1,400.000,-1,450.000,-1,325.000,350.000,350.000,325.000,-1,-1,-1,-1,800.000,950.000,-1,-1,2,0,2,0,2,0,0,0,0,2,2,2,2,0,0,2,2
105,3017.511,-2690.584,586.063,-197.201,-0.955364,-0.295421,-0.002438,0.294972,-0.954305,0.047885,-0.016473,0.045028,0.998850,0,0.85255,-0.33908,51.153,-0.678,-1,400.000,-1,450.000,-1,325.000,350.000,350.000,325.000,-1,-1,-1,-1,800.000,900.000,-1,-1,2,0,2,0,2,0,0,0,0,2,2,2,2,0,0,2,2
106,2968.855,-2674.874,585.112,-197.896,-0.951719,-0.306931,-0.004969,0.306270,-0.950512,0.052207,-0.020747,0.048164,0.998624,0,0.85215,-0.34754,51.129,-0.695,-1,400.000,-1,425.000,-1,325.000,350.000,350.000,300.000,-1,-1,-1,-1,775.000,875.000,-1,-1,2,0,2,0,2,0,0,0,0,2,2,2,2,0,0,2,2
107,2920.436,-2658.575,584.076,-198.605,-0.947851,-0.318626,-0.007433,0.317725,-0.946491,0.056626,-0.025078,0.051311,0.998368,0,0.85147,-0.35470,51.088,-0.709,-1,400.000,-1,425.000,-1,325.000,350.000,350.000,300.000,-1,-1,-1,-1,775.000,850.000,-1,-1,2,0,2,0,2,0,0,0,0,2,2,2,2,0,0,2,2
108,2872.279,-2641.685,582.952,-199.328,-0.943758,-0.330490,-0.009824,0.329320,-0.942237,0.061139,-0.029463,0.054466,0.998081,0,0.85053,-0.36153,51.032,-0.723,-1,400.000,-1,425.000,-1,325.000,350.000,350.000,300.000,-1,-1,-1,-1,750.000,825.000,-1,-1,2,0,2,0,2,0,0,0,0,2,2,2,2,0,0,2,2
109,2824.411,-2624.203,581.730,-200.064,-0.939438,-0.342505,-0.012143,0.341038,-0.937745,0.065777,-0.033916,0.057652,0.997760,0,0.84933,-0.36801,50.960,-0.736,-1,400.000,-1,425.000,-1,325.000,325.000,350.000,300.000,-1,-1,-1,-1,725.000,800.000,-1,-1,2,0,2,0,2,0,0,0,0,2,2,2,2,0,0,2,2
110,2776.857,-2606.129,580.429,-200.813,-0.934887,-0.354656,-0.014349,0.352867,-0.933019,0.070436,-0.038369,0.060786,0.997413,0,0.84788,-0.37415,50.873,-0.748,-1,375.000,-1,400.000,-1,325.000,325.000,350.000,300.000,-1,-1,-1,-1,725.000,775.000,-1,-1,2,0,2,0,2,0,0,0,0,2,2,2,2,0,0,2,2
111,2729.641,-2587.462,578.930,-201.572,-0.930103,-0.366940,-0.016235,0.364845,-0.928086,0.074454,-0.042388,0.063327,0.997092,0,0.84619,-0.37992,50.771,-0.760,-1,375.000,-1,400.000,950.000,325.000,325.000,350.000,300.000,-1,-1,-1,-1,700.000,750.000,-1,-1,2,0,2,0,1,0,0,0,0,2,2,2,2,0,0,2,2
112,2682.787,-2568.205,576.907,-202.343,-0.925083,-0.379374,-0.017195,0.377116,-0.923029,0.076164,-0.044766,0.063973,0.996947,0,0.84427,-0.38534,50.656,-0.771,-1,375.000,-1,400.000,925.000,325.000,325.000,350.000,300.000,-1,-1,-1,-1,700.000,725.000,-1,-1,2,0,2,0,1,0,0,0,0,2,2,2,2,0,0,2,2
113,2640.687,-2550.026,574.945,-203.354,-0.918259,-0.395594,-0.017485,0.393230,-0.916187,0.077276,-0.046589,0.064084,0.996856,0,0.76427,-0.50534,45.856,-1.011,-1,375.000,-1,375.000,875.000,300.000,325.000,325.000,300.000,-1,-1,-1,-1,675.000,725.000,-1,-1,2,0,2,0,1,0,0,0,0,2,2,2,2,0,0,2,2
114,2600.740,-2531.733,573.015,-204.605,-0.909425,-0.415498,-0.017512,0.413035,-0.907338,0.078359,-0.048447,0.064028,0.996771,0,0.73227,-0.62534,43.936,-1.251,-1,375.000,-1,375.000,825.000,300.000,300.000,325.000,300.000,-1,-1,-1,-1,675.000,725.000,-1,-1,2,0,2,0,1,0,0,0,0,2,2,2,2,0,0,2,2
115,2559.615,-2511.589,570.944,-206.095,-0.898338,-0.438966,-0.017268,0.436408,-0.896231,0.079484,-0.050367,0.063867,0.996687,0,0.76321,-0.74534,45.793,-1.491,-1,375.000,-1,375.000,800.000,300.000,300.000,300.000,300.000,-1,-1,-1,-1,675.000,725.000,-1,1000.000,2,0,2,0,1,0,0,0,0,2,2,2,2,0,0,2,1
116,2518.990,-2490.147,568.763,-207.826,-0.884715,-0.465838,-0.016547,0.463202,-0.882575,0.080658,-0.052178,0.063695,0.996604,0,0.76559,-0.86534,45.936,-1.731,-1,375.000,-1,375.000,750.000,300.000,300.000,300.000,300.000,-1,-1,-1,-1,675.000,725.000,-1,925.000,2,0,2,0,1,0,0,0,0,2,2,2,2,0,0,2,1
117,2478.934,-2467.281,566.507,-209.719,-0.868899,-0.494747,-0.015514,0.492047,-0.866721,0.081755,-0.053895,0.063403,0.996532,0,0.76870,-0.94650,46.122,-1.893,-1,375.000,-1,375.000,700.000,300.000,300.000,300.000,300.000,-1,-1,-1,-1,675.000,725.000,-1,850.000,2,0,2,0,1,0,0,0,0,2,2,2,2,0,0,2,1
118,2439.474,-2442.982,564.211,-211.623,-0.852042,-0.523281,-0.014177,0.520548,-0.849830,0.082569,-0.055254,0.062972,0.996485,0,0.77235,-0.95186,46.341,-1.904,-1,375.000,-1,375.000,650.000,300.000,300.000,300.000,300.000,-1,-1,-1,-1,700.000,725.000,-1,800.000,2,0,2,0,1,0,0,0,0,2,2,2,2,0,0,2,1
119,2400.660,-2417.255,561.988,-213.537,-0.834137,-0.551416,-0.012502,0.548717,-0.831926,0.082519,-0.055903,0.061972,0.996511,0,0.77608,-0.95730,46.565,-1.915,-1,375.000,-1,375.000,625.000,300.000,300.000,300.000,300.000,-1,-1,-1,-1,725.000,700.000,-1,725.000,2,0,2,0,1,0,0,0,0,2,2,2,2,0,1,2,1
120,2362.548,-2390.106,559.659,-215.463,-0.815194,-0.579091,-0.010611,0.576441,-0.812973,0.082412,-0.056351,0.061065,0.996542,0,0.77988,-0.96281,46.793,-1.926,-1,375.000,-1,400.000,575.000,300.000,325.000,325.000,300.000,-1,-1,-1,-1,750.000,675.000,-1,675.000,2,0,2,0,1,0,0,0,0,2,2,2,2,0,1,2,1
121,2325.191,-2361.544,557.221,-217.400,-0.795216,-0.606267,-0.008501,0.603680,-0.792976,0.082214,-0.056584,0.060246,0.996578,0,0.78375,-0.96840,47.025,-1.937,-1,375.000,-1,400.000,525.000,300.000,325.000,325.000,300.000,-1,-1,-1,-1,775.000,625.000,-1,625.000,2,0,2,0,1,0,0,0,0,2,2,2,2,0,1,2,1
122,2288.643,-2331.579,554.673,-219.348,-0.774207,-0.632902,-0.006170,0.630397,-0.771941,0.081893,-0.056593,0.059513,0.996622,0,0.78768,-0.97408,47.261,-1.948,-1,375.000,-1,400.000,500.000,325.000,325.000,325.000,300.000,-1,-1,-1,-1,800.000,600.000,-1,575.000,2,0,2,0,1,0,0,0,0,2,2,2,2,0,1,2,1
123,2252.963,-2300.224,551.967,-221.307,-0.752166,-0.658963,-0.003872,0.656545,-0.749885,0.081371,-0.056524,0.058662,0.996676,0,0.79166,-0.97985,47.499,-1.960,-1,400.000,-1,400.000,450.000,325.000,325.000,325.000,300.000,-1,-1,-1,-1,825.000,575.000,-1,525.000,2,0,2,0,1,0,0,0,0,2,2,2,2,0,1,2,1
124,2218.207,-2267.494,548.901,-223.279,-0.729063,-0.684440,-0.002925,0.682037,-0.726847,0.080739,-0.057387,0.056868,0.996731,0,0.79568,-0.98571,47.741,-1.971,-1,400.000,-1,400.000,425.000,325.000,325.000,325.000,300.000,-1,-1,-1,-1,825.000,525.000,-1,475.000,2,0,2,0,1,0,0,0,0,2,2,2,2,0,1,2,1
125,2184.432,-2233.407,545.732,-225.262,-0.704951,-0.709253,-0.002119,0.706838,-0.702791,0.080411,-0.058521,0.055188,0.996760,0,0.79975,-0.99167,47.985,-1.983,-1,400.000,-1,400.000,375.000,325.000,325.000,300.000,300.000,-1,-1,-1,-1,850.000,500.000,-1,425.000,2,0,2,1,1,0,0,0,0,2,2,2,2,0,1,2,1
126,2151.699,-2197.985,542.452,-227.258,-0.679837,-0.733362,-0.001485,0.730915,-0.677731,0.080281,-0.059881,0.053493,0.996771,0,0.80384,-0.99773,48.230,-1.995,-1,400.000,-1,350.000,350.000,325.000,325.000,300.000,300.000,-1,-1,-1,-1,850.000,450.000,-1,375.000,2,0,2,1,1,0,0,0,0,2,2,2,2,1,1,2,1
127,2120.061,-2161.255,539.077,-229.258,-0.653835,-0.756637,-0.001040,0.754135,-0.651783,0.080370,-0.061489,0.051764,0.996765,0,0.80794,-1.00000,48.477,-2.000,-1,400.000,-1,325.000,300.000,325.000,325.000,300.000,300.000,-1,-1,-1,-1,825.000,400.000,-1,325.000,2,0,2,1,1,0,0,0,0,2,2,2,2,1,1,2,1
128,2089.571,-2123.253,535.616,-231.258,-0.627033,-0.778992,-0.000755,0.776413,-0.625036,0.080702,-0.063338,0.050017,0.996738,0,0.81202,-1.00000,48.721,-2.000,-1,400.000,-1,300.000,250.000,325.000,300.000,300.000,300.000,-1,-1,-1,-1,800.000,375.000,-1,275.000,2,0,2,1,1,0,1,0,0,2,2,2,2,1,1,2,1
129,2060.282,-2084.017,532.075,-233.258,-0.599466,-0.800400,-0.000597,0.797722,-0.597520,0.081295,-0.065425,0.048257,0.996690,0,0.81602,-1.00000,48.961,-2.000,-1,425.000,-1,275.000,225.000,325.000,275.000,300.000,300.000,-1,-1,-1,-1,750.000,325.000,-1,225.000,2,0,2,1,1,1,1,0,0,2,2,2,2,1,1,2,1
130,2032.247,-2043.590,528.725,-235.258,-0.571072,-0.820898,-0.001500,0.818160,-0.569315,0.080590,-0.067010,0.044795,0.996746,0,0.81994,-1.00000,49.196,-2.000,-1,400.000,-1,250.000,175.000,300.000,250.000,300.000,300.000,-1,-1,-1,-1,675.000,300.000,-1,200.000,2,1,2,1,1,1,1,0,0,2,2,2,2,1,1,2,1
131,2005.520,-2002.018,529.867,-237.258,-0.541156,-0.840866,-0.009711,0.839093,-0.540704,0.059684,-0.055437,0.024150,0.998170,0,0.82373,-1.00000,49.424,-2.000,-1,375.000,-1,225.000,175.000,275.000,225.000,275.000,350.000,-1,575.000,625.000,-1,700.000,300.000,-1,175.000,2,1,2,1,1,1,1,0,0,2,0,0,2,1,1,2,1
132,1980.145,-1959.352,531.056,-239.258,-0.510816,-0.859470,-0.019446,0.858579,-0.511175,0.039266,-0.043688,0.003361,0.999040,0,0.82738,-1.00000,49.643,-2.000,-1,350.000,-1,225.000,175.000,250.000,225.000,275.000,375.000,-1,350.000,450.000,-1,-1,275.000,-1,175.000,2,1,2,1,1,1,1,0,1,2,0,0,2,2,1,2,1
133,1953.763,-1911.730,532.444,-241.018,-0.483809,-0.874609,-0.031422,0.874648,-0.484451,0.017262,-0.030319,-0.019132,0.999357,0,0.90738,-0.88000,54.443,-1.760,-1,325.000,-1,225.000,150.000,250.000,200.000,275.000,375.000,-1,200.000,375.000,-1,-1,275.000,-1,175.000,2,1,2,1,1,1,1,0,1,2,0,0,2,2,1,2,1
134,1926.434,-1859.169,533.896,-242.538,-0.460530,-0.886444,-0.046137,0.887520,-0.460713,-0.007230,-0.014847,-0.044277,0.998909,0,0.98738,-0.76000,59.243,-1.520,-1,325.000,-1,200.000,150.000,225.000,200.000,250.000,375.000,675.000,100.000,325.000,-1,-1,250.000,-1,150.000,2,1,2,1,1,1,1,0,1,0,0,0,2,2,1,2,1
135,1899.946,-1805.332,535.969,-243.818,-0.441432,-0.895270,-0.060241,0.897288,-0.440184,-0.033336,0.003327,-0.068770,0.997627,0,1.00000,-0.64000,60.000,-1.280,-1,300.000,-1,200.000,150.000,225.000,175.000,250.000,375.000,425.000,50.000,275.000,-1,-1,250.000,-1,150.000,2,1,2,1,1,1,1,0,1,0,0,0,2,2,1,2,1
136,6231.414,6231.326,-16.681,-117.073,-0.456194,0.886001,-0.082997,-0.889795,-0.452869,0.056348,0.012337,0.099556,0.994955,1,0.00000,0.00000,60.000,-1.040,-1,350.000,-1,350.000,875.000,300.000,275.000,325.000,325.000,575.000,1000.000,-1,-1,625.000,550.000,-1,825.000,2,0,2,0,0,0,0,0,0,1,1,2,2,0,0,2,0
137,6229.247,6227.043,-16.580,-116.833,-0.452531,0.887913,-0.082623,-0.891651,-0.449165,0.056643,0.013183,0.099303,0.994970,0,0.08000,0.12000,4.800,0.240,-1,350.000,-1,350.000,875.000,300.000,275.000,325.000,325.000,575.000,-1,-1,-1,625.000,550.000,-1,825.000,2,0,2,0,0,0,0,0,0,1,2,2,2,0,0,2,0
