timestep,x_cm,y_cm,z_cm,yaw_deg,basis_xx,basis_xy,basis_xz,basis_yx,basis_yy,basis_yz,basis_zx,basis_zy,basis_zz,teleport_flag,throttle_cmd,steering_cmd,cmd_move_cm,cmd_turn_deg,lidar_cm_0,lidar_cm_1,lidar_cm_2,lidar_cm_3,lidar_cm_4,lidar_cm_5,lidar_cm_6,lidar_cm_7,lidar_cm_8,lidar_cm_9,lidar_cm_10,lidar_cm_11,lidar_cm_12,lidar_cm_13,lidar_cm_14,lidar_cm_15,lidar_cm_16,lidar_class_0,lidar_class_1,lidar_class_2,lidar_class_3,lidar_class_4,lidar_class_5,lidar_class_6,lidar_class_7,lidar_class_8,lidar_class_9,lidar_class_10,lidar_class_11,lidar_class_12,lidar_class_13,lidar_class_14,lidar_class_15,lidar_class_16
0,-979.288,985.234,-278.309,-163.757,-0.960122,0.279577,-0.001181,-0.279388,-0.959611,-0.033012,-0.010363,-0.031365,0.999454,1,-0.08000,-0.12000,-4.800,-0.240,-1,475.000,-1,525.000,200.000,400.000,425.000,275.000,225.000,-1,200.000,300.000,-1,975.000,-1,-1,-1,2,0,2,1,1,0,0,0,1,2,0,0,2,0,2,2,2
1,-970.060,987.879,-277.790,-164.005,-0.961323,0.275421,-0.001348,-0.275223,-0.960798,-0.033466,-0.010513,-0.031800,0.999439,0,-0.16000,-0.12389,-9.600,-0.248,-1,475.000,-1,500.000,200.000,400.000,425.000,275.000,225.000,-1,200.000,300.000,-1,975.000,-1,-1,-1,2,0,2,1,1,0,0,0,1,2,0,0,2,0,2,2,2
2,-956.201,991.789,-277.115,-164.247,-0.962476,0.271359,-0.001923,-0.271142,-0.961948,-0.033736,-0.011004,-0.031948,0.999429,0,-0.24000,-0.12100,-14.400,-0.242,-1,475.000,-1,500.000,200.000,400.000,425.000,275.000,250.000,-1,200.000,300.000,-1,975.000,-1,-1,-1,2,0,2,1,1,0,0,0,1,2,0,0,2,0,2,2,2
3,-939.260,996.493,-276.375,-164.481,-0.963574,0.267427,-0.002916,-0.267180,-0.963055,-0.033768,-0.011838,-0.031759,0.999425,0,-0.29304,-0.11708,-17.582,-0.234,-1,475.000,-1,475.000,200.000,400.000,425.000,275.000,250.000,-1,200.000,300.000,-1,975.000,-1,-1,375.000,2,0,2,1,1,0,0,0,1,2,0,0,2,0,2,2,1
4,-922.426,1001.097,-275.700,-164.706,-0.964611,0.263645,-0.004132,-0.263364,-0.964111,-0.033615,-0.012846,-0.031337,0.999426,0,-0.29086,-0.11254,-17.452,-0.225,-1,475.000,-1,475.000,200.000,400.000,425.000,275.000,275.000,-1,200.000,300.000,-1,950.000,-1,-1,350.000,2,0,2,1,1,0,0,0,1,2,0,0,2,0,2,2,1
5,-905.691,1005.605,-275.085,-164.922,-0.965590,0.260010,-0.005559,-0.259691,-0.965118,-0.033284,-0.014019,-0.030695,0.999430,0,-0.28886,-0.10811,-17.332,-0.216,-1,475.000,-1,450.000,225.000,400.000,425.000,275.000,300.000,-1,200.000,300.000,-1,950.000,-1,-1,350.000,2,0,2,1,1,0,0,0,1,2,0,0,2,0,2,2,1
6,-889.046,1010.025,-274.530,-165.130,-0.966513,0.256518,-0.007186,-0.256159,-0.966079,-0.032780,-0.015351,-0.029842,0.999437,0,-0.28703,-0.10380,-17.222,-0.208,-1,475.000,-1,450.000,225.000,400.000,425.000,275.000,300.000,-1,200.000,325.000,-1,950.000,1000.000,-1,325.000,2,0,2,1,1,0,0,0,1,2,0,0,2,0,1,2,1
7,-872.483,1014.362,-274.030,-165.329,-0.967381,0.253165,-0.009003,-0.252765,-0.966995,-0.032109,-0.016834,-0.028787,0.999444,0,-0.28536,-0.09961,-17.122,-0.199,-1,475.000,-1,425.000,225.000,400.000,400.000,275.000,325.000,-1,225.000,350.000,-1,925.000,925.000,-1,325.000,2,0,2,1,1,0,0,0,1,2,0,0,2,0,1,2,1
8,-855.993,1018.621,-273.584,-165.520,-0.968197,0.249948,-0.010999,-0.249508,-0.967867,-0.031277,-0.018463,-0.027538,0.999450,0,-0.28385,-0.09553,-17.031,-0.191,-1,450.000,-1,425.000,225.000,400.000,400.000,275.000,325.000,-1,225.000,375.000,-1,925.000,875.000,-1,325.000,2,0,2,1,1,0,0,0,1,2,0,0,2,0,1,2,1
9,-839.570,1022.806,-273.188,-165.703,-0.968961,0.246863,-0.013167,-0.246385,-0.968699,-0.030288,-0.020232,-0.026104,0.999454,0,-0.28248,-0.09155,-16.949,-0.183,-1,450.000,-1,400.000,225.000,375.000,400.000,275.000,350.000,-1,250.000,400.000,-1,925.000,825.000,-1,300.000,2,0,2,1,1,0,0,0,1,2,0,0,2,0,1,2,1
10,-823.205,1026.924,-272.841,-165.878,-0.969675,0.243907,-0.015498,-0.243395,-0.969489,-0.029148,-0.022135,-0.024492,0.999455,0,-0.28125,-0.08769,-16.875,-0.175,-1,450.000,-1,400.000,225.000,375.000,400.000,275.000,375.000,-1,275.000,425.000,-1,900.000,750.000,-1,300.000,2,0,2,1,1,0,0,0,1,2,0,0,2,0,1,2,1
11,-806.891,1030.978,-272.540,-166.046,-0.970339,0.241076,-0.017986,-0.240535,-0.970240,-0.027860,-0.024168,-0.022707,0.999450,0,-0.28016,-0.08392,-16.810,-0.168,-1,450.000,-1,375.000,225.000,375.000,400.000,275.000,375.000,-1,325.000,475.000,-1,900.000,700.000,-1,300.000,2,0,2,1,1,0,0,0,1,2,0,0,2,0,1,2,1
12,-790.622,1034.973,-272.284,-166.207,-0.970956,0.238368,-0.020625,-0.237805,-0.970953,-0.026429,-0.026326,-0.020757,0.999438,0,-0.27920,-0.08026,-16.752,-0.161,-1,450.000,-1,375.000,225.000,375.000,400.000,275.000,400.000,-1,375.000,525.000,-1,875.000,625.000,-1,300.000,2,0,2,1,1,0,0,0,0,2,0,0,2,0,1,2,1
13,-774.392,1038.912,-272.071,-166.360,-0.971525,0.235777,-0.023408,-0.235203,-0.971628,-0.024859,-0.028605,-0.018646,0.999417,0,-0.27837,-0.07669,-16.702,-0.153,-1,450.000,-1,375.000,225.000,375.000,375.000,275.000,375.000,-1,450.000,575.000,-1,850.000,575.000,-1,300.000,2,0,2,1,1,0,0,0,0,2,0,0,2,0,1,2,1
14,-758.193,1042.799,-271.899,-166.507,-0.972048,0.233303,-0.026331,-0.232728,-0.972266,-0.023154,-0.031003,-0.016379,0.999385,0,-0.27765,-0.07321,-16.659,-0.146,-1,425.000,-1,375.000,225.000,375.000,375.000,275.000,375.000,-1,525.000,675.000,-1,850.000,550.000,-1,275.000,2,0,2,1,1,0,0,0,0,2,0,0,2,0,1,2,1
15,-742.020,1046.639,-271.767,-166.646,-0.972524,0.230941,-0.029389,-0.230378,-0.972868,-0.021317,-0.033514,-0.013961,0.999341,0,-0.27705,-0.06983,-16.623,-0.140,-1,425.000,-1,350.000,225.000,350.000,375.000,275.000,375.000,-1,650.000,775.000,-1,825.000,525.000,-1,275.000,2,0,2,1,1,0,0,0,0,2,0,0,2,0,1,2,1
16,-725.867,1050.434,-271.670,-166.779,-0.972955,0.228688,-0.032569,-0.228154,-0.973433,-0.019335,-0.036125,-0.011381,0.999282,0,-0.27655,-0.06653,-16.593,-0.133,-1,425.000,-1,350.000,225.000,350.000,375.000,275.000,350.000,-1,-1,-1,-1,825.000,525.000,-1,275.000,2,0,2,1,1,0,0,0,0,2,2,2,2,0,1,2,1
17,-709.729,1054.189,-271.596,-166.906,-0.973341,0.226543,-0.035844,-0.226055,-0.973963,-0.017161,-0.038799,-0.008600,0.999210,0,-0.27616,-0.06332,-16.570,-0.127,-1,425.000,-1,350.000,225.000,350.000,350.000,275.000,350.000,-1,-1,-1,-1,800.000,500.000,-1,275.000,2,0,2,1,1,0,0,0,0,2,2,2,2,0,1,2,1
18,-693.599,1057.905,-271.581,-167.026,-0.973688,0.224500,-0.039140,-0.224077,-0.974457,-0.014937,-0.041494,-0.005773,0.999122,0,-0.27587,-0.06019,-16.552,-0.120,-1,400.000,-1,325.000,225.000,350.000,350.000,275.000,350.000,-1,-1,-1,-1,800.000,500.000,-1,275.000,2,0,2,1,1,0,1,0,0,2,2,2,2,0,1,2,1
19,-677.474,1061.587,-271.632,-167.141,-0.973996,0.222559,-0.042424,-0.222217,-0.974915,-0.012691,-0.044184,-0.002933,0.999019,0,-0.27567,-0.05713,-16.540,-0.114,-1,400.000,-1,325.000,250.000,350.000,350.000,300.000,325.000,-1,-1,-1,-1,775.000,475.000,-1,275.000,2,0,2,1,1,0,1,0,0,2,2,2,2,0,1,2,1
20,-661.348,1065.237,-271.716,-167.249,-0.974261,0.220717,-0.045822,-0.220475,-0.975338,-0.010323,-0.046971,0.000046,0.998896,0,-0.27557,-0.05416,-16.534,-0.108,-1,400.000,-1,325.000,250.000,325.000,325.000,300.000,325.000,-1,-1,-1,-1,750.000,475.000,-1,275.000,2,0,2,1,1,0,1,0,0,2,2,2,2,0,1,2,1
21,-645.217,1068.857,-271.832,-167.351,-0.974484,0.218970,-0.049334,-0.218853,-0.975726,-0.007835,-0.049853,0.003161,0.998752,0,-0.27555,-0.05126,-16.533,-0.103,-1,400.000,-1,325.000,250.000,325.000,325.000,300.000,325.000,-1,-1,-1,-1,750.000,475.000,-1,275.000,2,0,2,1,1,0,1,0,0,2,2,2,2,0,1,2,1
22,-629.075,1072.451,-271.979,-167.448,-0.974663,0.217317,-0.052957,-0.217349,-0.976080,-0.005231,-0.052827,0.006412,0.998583,0,-0.27562,-0.04843,-16.537,-0.097,-1,400.000,-1,325.000,250.000,325.000,300.000,300.000,300.000,-1,-1,-1,-1,725.000,450.000,-1,275.000,2,0,2,1,1,0,1,0,0,2,2,2,2,0,1,2,1
23,-612.919,1076.021,-272.106,-167.540,-0.974811,0.215756,-0.056502,-0.215953,-0.976400,-0.002663,-0.055743,0.009606,0.998399,0,-0.27577,-0.04566,-16.546,-0.091,-1,375.000,-1,300.000,250.000,325.000,300.000,300.000,300.000,-1,-1,-1,-1,725.000,450.000,-1,275.000,2,0,2,1,1,0,1,0,0,2,2,2,2,0,1,2,1
24,-596.744,1079.570,-271.218,-167.625,-0.975146,0.214292,-0.056298,-0.214460,-0.976728,-0.003117,-0.055656,0.009034,0.998409,0,-0.27600,-0.04297,-16.560,-0.086,-1,375.000,-1,300.000,275.000,325.000,300.000,300.000,300.000,-1,-1,-1,-1,725.000,450.000,-1,275.000,2,0,2,1,1,0,1,0,0,2,2,2,2,0,1,2,1
25,-580.547,1083.100,-270.357,-167.706,-0.975462,0.212917,-0.056037,-0.213062,-0.977033,-0.003447,-0.055484,0.008577,0.998423,0,-0.27630,-0.04034,-16.578,-0.081,-1,375.000,-1,325.000,275.000,325.000,300.000,300.000,300.000,-1,-1,-1,-1,725.000,450.000,-1,300.000,2,0,2,1,1,0,1,0,0,2,2,2,2,0,1,2,1
26,-564.322,1086.613,-269.524,-167.782,-0.975761,0.211629,-0.055712,-0.211759,-0.977315,-0.003640,-0.055218,0.008246,0.998440,0,-0.27667,-0.03777,-16.600,-0.076,-1,375.000,-1,325.000,300.000,325.000,300.000,300.000,300.000,-1,-1,-1,-1,725.000,450.000,-1,325.000,2,0,2,1,1,0,1,0,0,2,2,2,2,0,1,2,1
27,-548.068,1090.112,-268.688,-167.852,-0.976039,0.210427,-0.055387,-0.210541,-0.977577,-0.003829,-0.054951,0.007924,0.998458,0,-0.27711,-0.03526,-16.627,-0.071,-1,375.000,-1,325.000,300.000,325.000,300.000,300.000,300.000,-1,-1,-1,-1,725.000,450.000,-1,325.000,2,0,2,1,1,0,1,0,0,2,2,2,2,0,1,2,1
28,-531.780,1093.598,-267.849,-167.918,-0.976298,0.209307,-0.055062,-0.209407,-0.977820,-0.004013,-0.054681,0.007613,0.998475,0,-0.27762,-0.03281,-16.657,-0.066,-1,375.000,-1,325.000,325.000,325.000,300.000,300.000,300.000,-1,-1,-1,-1,725.000,450.000,-1,350.000,2,0,2,1,1,0,1,0,0,2,2,2,2,0,1,2,1
29,-515.454,1097.075,-267.007,-167.979,-0.976539,0.208269,-0.054738,-0.208356,-0.978044,-0.004192,-0.054410,0.007311,0.998492,0,-0.27819,-0.03042,-16.692,-0.061,-1,375.000,-1,325.000,325.000,325.000,300.000,300.000,300.000,-1,-1,-1,-1,725.000,475.000,-1,350.000,2,0,2,1,1,0,1,0,0,2,2,2,2,0,1,2,1
30,-503.831,1099.588,-266.405,-167.800,-0.975895,0.211327,-0.054506,-0.211409,-0.977388,-0.004314,-0.054185,0.007313,0.998504,0,-0.19819,0.08958,-11.892,0.179,-1,375.000,-1,325.000,350.000,325.000,300.000,300.000,300.000,-1,-1,-1,-1,725.000,475.000,-1,375.000,2,0,2,1,1,0,1,0,0,2,2,2,2,0,1,2,1
31,-496.910,1101.137,-266.042,-167.380,-0.974328,0.218471,-0.054365,-0.218559,-0.975814,-0.004379,-0.054006,0.007615,0.998512,0,-0.11819,0.20958,-7.092,0.419,-1,375.000,-1,325.000,350.000,325.000,300.000,300.000,300.000,-1,-1,-1,-1,725.000,475.000,-1,375.000,2,0,2,1,1,0,1,0,0,2,2,2,2,0,1,2,1
32,-494.680,1101.664,-265.920,-166.721,-0.971749,0.229681,-0.054315,-0.229786,-0.973231,-0.004389,-0.053869,0.008216,0.998514,0,-0.03819,0.32958,-2.292,0.659,-1,375.000,-1,350.000,350.000,325.000,325.000,300.000,300.000,-1,-1,-1,-1,725.000,475.000,-1,375.000,2,0,2,1,1,0,1,0,0,2,2,2,2,0,1,2,1
33,-497.112,1101.049,-266.037,-165.822,-0.968017,0.244923,-0.054358,-0.245054,-0.969500,-0.004343,-0.053764,0.009117,0.998512,0,0.04181,0.44958,2.508,0.899,-1,375.000,-1,350.000,350.000,325.000,325.000,300.000,300.000,-1,-1,-1,-1,725.000,500.000,-1,375.000,2,0,2,1,1,0,1,0,0,2,2,2,2,0,1,2,1
34,-504.161,1099.119,-266.392,-164.683,-0.962942,0.264146,-0.054495,-0.264314,-0.964427,-0.004243,-0.053677,0.010318,0.998505,0,0.12181,0.56958,7.308,1.139,-1,375.000,-1,350.000,350.000,325.000,325.000,300.000,300.000,-1,-1,-1,-1,725.000,500.000,-1,375.000,2,0,2,1,1,0,1,0,0,2,2,2,2,0,1,2,1
35,-515.758,1095.640,-266.982,-163.304,-0.956283,0.287277,-0.054728,-0.287491,-0.957774,-0.004088,-0.053592,0.011825,0.998493,0,0.20181,0.68958,12.108,1.379,-1,375.000,-1,350.000,325.000,325.000,325.000,300.000,300.000,-1,-1,-1,-1,725.000,525.000,-1,375.000,2,0,2,1,1,0,1,0,0,2,2,2,2,0,1,2,1
36,-531.811,1090.330,-267.803,-161.699,-0.947832,0.313980,-0.055061,-0.314251,-0.949332,-0.003878,-0.053489,0.013627,0.998475,0,0.28181,0.80239,16.908,1.605,-1,375.000,-1,350.000,325.000,325.000,325.000,300.000,300.000,-1,-1,-1,-1,700.000,550.000,-1,375.000,2,0,2,1,1,0,0,0,0,2,2,2,2,0,1,2,1
37,-552.224,1082.943,-268.876,-160.106,-0.938703,0.340237,-0.055459,-0.340576,-0.940210,-0.003505,-0.053335,0.015598,0.998455,0,0.36181,0.79642,21.708,1.593,-1,375.000,-1,350.000,325.000,325.000,325.000,300.000,300.000,-1,-1,-1,-1,700.000,600.000,-1,375.000,2,0,2,1,1,0,0,0,0,2,2,2,2,0,1,2,1
38,-576.892,1073.239,-270.267,-158.527,-0.928937,0.366005,-0.055833,-0.366438,-0.930439,-0.002630,-0.052912,0.018016,0.998437,0,0.44181,0.78962,26.508,1.579,-1,375.000,-1,375.000,300.000,325.000,325.000,300.000,300.000,-1,-1,-1,-1,700.000,675.000,-1,400.000,2,0,2,1,1,0,0,0,0,2,2,2,2,0,1,2,1
39,-605.704,1060.988,-271.123,-156.963,-0.918744,0.391263,-0.053133,-0.391651,-0.920108,-0.003330,-0.050191,0.017750,0.998582,0,0.52181,0.78194,31.308,1.564,-1,375.000,-1,400.000,300.000,325.000,325.000,300.000,300.000,-1,-1,-1,-1,725.000,750.000,-1,475.000,2,0,2,0,1,0,0,0,0,2,2,2,2,0,0,2,1
40,-638.538,1045.966,-271.668,-155.416,-0.908100,0.415969,-0.048214,-0.416236,-0.909244,-0.004835,-0.045849,0.015678,0.998825,0,0.60181,0.77329,36.108,1.547,-1,400.000,-1,400.000,325.000,325.000,325.000,300.000,325.000,-1,-1,-1,-1,750.000,775.000,-1,-1,2,0,2,0,1,0,0,0,0,2,2,2,2,0,0,2,2
41,-675.271,1027.962,-272.789,-153.889,-0.896847,0.440058,-0.044888,-0.440290,-0.897841,-0.005111,-0.042552,0.015181,0.998979,0,0.68181,0.76363,40.908,1.527,-1,400.000,-1,425.000,350.000,325.000,325.000,300.000,325.000,-1,-1,-1,-1,750.000,800.000,-1,-1,2,0,2,0,1,0,0,0,0,2,2,2,2,0,0,2,2
42,-715.772,1006.773,-274.638,-152.383,-0.885013,0.463487,-0.043950,-0.463778,-0.885943,-0.003957,-0.040771,0.016881,0.999026,0,0.76181,0.75292,45.708,1.506,-1,400.000,-1,425.000,425.000,325.000,325.000,300.000,300.000,-1,-1,-1,-1,750.000,800.000,-1,-1,2,0,2,0,1,0,0,0,1,2,2,2,2,0,0,2,2
43,-759.905,982.210,-277.455,-150.901,-0.872634,0.486210,-0.045929,-0.486668,-0.873586,-0.001362,-0.040785,0.021163,0.998944,0,0.84181,0.74112,50.508,1.482,-1,400.000,-1,400.000,525.000,325.000,325.000,300.000,275.000,-1,-1,-1,-1,750.000,775.000,-1,-1,2,0,2,0,1,0,0,0,1,2,2,2,2,0,0,2,2
44,-807.371,954.187,-281.423,-149.445,-0.859706,0.508162,-0.051735,-0.508965,-0.860783,0.002778,-0.043121,0.028720,0.998657,0,0.91868,0.72826,55.121,1.457,-1,375.000,-1,400.000,-1,325.000,325.000,300.000,225.000,-1,-1,-1,-1,725.000,750.000,-1,-1,2,0,2,0,2,0,0,0,1,2,2,2,2,0,0,2,2
45,-852.765,926.070,-284.555,-148.228,-0.848577,0.526243,-0.054641,-0.527281,-0.849672,0.005571,-0.043495,0.033538,0.998491,0,0.88994,0.60826,53.396,1.217,-1,375.000,-1,375.000,-1,325.000,325.000,300.000,200.000,-1,-1,-1,-1,700.000,725.000,-1,-1,2,0,2,0,2,0,0,0,1,2,2,2,2,0,0,2,2
46,-897.216,897.479,-286.715,-147.252,-0.839560,0.540628,-0.053473,-0.541691,-0.840551,0.006673,-0.041339,0.034569,0.998547,0,0.88087,0.48826,52.852,0.977,-1,375.000,-1,400.000,-1,325.000,325.000,300.000,200.000,-1,-1,-1,-1,725.000,725.000,-1,-1,2,0,2,0,2,0,0,0,1,2,2,2,2,0,0,2,2
47,-940.838,868.623,-288.851,-146.515,-0.832607,0.551370,-0.052504,-0.552457,-0.833505,0.007806,-0.039459,0.035505,0.998590,0,0.87171,0.36826,52.303,0.737,-1,400.000,-1,400.000,-1,325.000,325.000,300.000,175.000,-1,-1,-1,-1,725.000,725.000,-1,-1,2,0,2,0,2,0,0,0,1,2,2,2,2,0,0,2,2
48,-983.758,839.692,-290.968,-146.019,-0.827853,0.558556,-0.051718,-0.559666,-0.828670,0.008940,-0.037864,0.036346,0.998622,0,0.86267,0.24826,51.760,0.497,-1,400.000,-1,400.000,-1,325.000,325.000,300.000,175.000,-1,-1,925.000,-1,725.000,750.000,-1,-1,2,0,2,0,2,0,0,0,1,2,2,0,2,0,0,2,2
49,-1026.116,810.864,-293.072,-145.762,-0.825390,0.562245,-0.051100,-0.563377,-0.826139,0.010055,-0.036562,0.037088,0.998643,0,0.85396,0.12826,51.238,0.257,-1,400.000,-1,400.000,-1,325.000,325.000,300.000,175.000,-1,-1,725.000,-1,725.000,750.000,-1,-1,2,0,2,0,2,0,0,0,1,2,2,0,2,0,0,2,2
50,-1068.058,782.301,-295.169,-145.745,-0.825266,0.562470,-0.050631,-0.563624,-0.825957,0.011134,-0.035556,0.037726,0.998655,0,0.84574,0.00826,50.744,0.017,-1,400.000,-1,400.000,1000.000,325.000,325.000,300.000,200.000,-1,925.000,625.000,-1,725.000,750.000,-1,-1,2,0,2,0,1,0,0,0,1,2,0,0,2,0,0,2,2
51,-1109.734,754.158,-297.264,-145.969,-0.827484,0.559233,-0.050296,-0.560407,-0.828128,0.012165,-0.034849,0.038253,0.998660,0,0.83814,-0.11174,50.288,-0.223,-1,400.000,-1,400.000,950.000,325.000,325.000,300.000,200.000,-1,850.000,600.000,-1,725.000,750.000,-1,-1,2,0,2,0,1,0,0,0,1,2,0,0,2,0,0,2,2
52,-1151.293,726.581,-298.113,-146.432,-0.831913,0.552596,-0.050580,-0.553605,-0.832746,0.007498,-0.037976,0.034239,0.998692,0,0.83127,-0.23174,49.876,-0.463,-1,375.000,-1,400.000,925.000,325.000,325.000,300.000,225.000,-1,-1,-1,-1,700.000,750.000,-1,975.000,2,0,2,0,1,0,0,0,1,2,2,2,2,0,0,2,1
53,-1192.882,699.715,-299.360,-147.136,-0.838602,0.542367,-0.050837,-0.543294,-0.839525,0.005436,-0.039730,0.032178,0.998692,0,0.82519,-0.35174,49.512,-0.703,-1,375.000,-1,400.000,875.000,325.000,325.000,300.000,225.000,-1,-1,-1,-1,700.000,750.000,-1,925.000,2,0,2,0,1,0,0,0,1,2,2,2,2,0,0,2,1
54,-1234.639,673.702,-301.133,-148.079,-0.847416,0.528474,-0.051005,-0.529407,-0.848348,0.005847,-0.040180,0.031957,0.998681,0,0.81994,-0.47174,49.197,-0.943,-1,375.000,-1,400.000,825.000,325.000,325.000,300.000,225.000,-1,-1,-1,-1,700.000,750.000,-1,875.000,2,0,2,0,1,0,0,0,1,2,2,2,2,0,0,2,1
55,-1276.697,648.693,-303.258,-149.263,-0.858210,0.510824,-0.050344,-0.511814,-0.859056,0.008298,-0.039009,0.032888,0.998697,0,0.81553,-0.59174,48.932,-1.183,-1,375.000,-1,400.000,800.000,325.000,325.000,300.000,250.000,-1,-1,-1,-1,700.000,750.000,-1,850.000,2,0,2,0,1,0,0,0,1,2,2,2,2,0,1,2,1
56,-1319.176,624.840,-305.858,-150.686,-0.870725,0.489284,-0.049385,-0.490394,-0.871406,0.012823,-0.036760,0.035383,0.998698,0,0.81196,-0.71174,48.718,-1.423,-1,400.000,-1,400.000,750.000,325.000,325.000,300.000,250.000,-1,-1,875.000,-1,725.000,725.000,-1,800.000,2,0,2,0,1,0,0,0,1,2,2,0,2,0,1,2,1
57,-1362.149,602.244,-307.993,-152.263,-0.883911,0.465107,-0.048750,-0.466258,-0.884521,0.015040,-0.036125,0.036024,0.998698,0,0.80920,-0.78847,48.552,-1.577,-1,400.000,-1,400.000,725.000,325.000,325.000,300.000,250.000,-1,-1,825.000,-1,750.000,675.000,-1,750.000,2,0,2,0,1,0,0,0,1,2,2,0,2,0,1,2,1
58,-1405.608,580.894,-309.638,-153.837,-0.896360,0.440660,-0.048544,-0.441775,-0.897005,0.014725,-0.037056,0.034645,0.998712,0,0.80700,-0.78691,48.420,-1.574,-1,400.000,1000.000,400.000,675.000,325.000,325.000,300.000,275.000,-1,-1,900.000,-1,750.000,650.000,-1,700.000,2,0,1,0,1,0,0,0,1,2,2,0,2,0,1,2,1
59,-1449.526,560.795,-311.389,-155.408,-0.908121,0.415933,-0.048126,-0.417000,-0.908793,0.014323,-0.037779,0.033075,0.998739,0,0.80497,-0.78523,48.298,-1.570,-1,400.000,950.000,400.000,650.000,325.000,325.000,300.000,275.000,-1,-1,1000.000,-1,750.000,600.000,-1,650.000,2,0,1,0,1,0,0,0,1,2,2,0,2,0,1,2,1
60,-1496.072,540.786,-313.290,-156.738,-0.917557,0.394738,-0.047652,-0.395761,-0.918247,0.013977,-0.038239,0.031684,0.998766,0,0.84440,-0.66523,50.664,-1.330,-1,400.000,875.000,400.000,600.000,325.000,325.000,300.000,300.000,-1,-1,-1,-1,750.000,575.000,1000.000,600.000,2,0,1,0,1,0,0,0,1,2,2,2,2,1,1,1,1
61,-1542.850,521.724,-315.254,-157.828,-0.924927,0.377206,-0.047171,-0.378188,-0.925628,0.013641,-0.038517,0.030457,0.998794,0,0.84188,-0.54523,50.513,-1.090,-1,400.000,825.000,400.000,550.000,325.000,325.000,300.000,300.000,-1,-1,-1,-1,700.000,550.000,925.000,575.000,2,0,1,0,1,0,0,0,1,2,2,2,2,1,1,1,1
62,-1589.748,503.420,-317.273,-158.679,-0.930448,0.363437,-0.046698,-0.364382,-0.931154,0.013331,-0.038638,0.029420,0.998820,0,0.83905,-0.42523,50.343,-0.850,-1,400.000,775.000,400.000,525.000,325.000,325.000,300.000,300.000,-1,-1,-1,550.000,650.000,500.000,850.000,525.000,2,0,1,0,1,0,0,0,0,2,2,2,1,1,1,1,1
63,-1636.665,485.682,-319.339,-159.289,-0.934289,0.353504,-0.046248,-0.354418,-0.934996,0.013072,-0.038621,0.028604,0.998844,0,0.83598,-0.30523,50.159,-0.610,1000.000,400.000,725.000,375.000,475.000,325.000,325.000,300.000,300.000,-1,-1,-1,500.000,600.000,475.000,775.000,475.000,1,0,1,1,1,0,0,0,0,2,2,2,1,1,1,1,1
64,-1683.514,468.318,-321.437,-159.663,-0.936596,0.347398,-0.045864,-0.348290,-0.937298,0.012904,-0.038505,0.028059,0.998864,0,0.83272,-0.18703,49.963,-0.374,900.000,400.000,675.000,350.000,425.000,325.000,350.000,300.000,300.000,-1,-1,-1,500.000,550.000,450.000,725.000,425.000,1,0,1,1,1,0,1,0,0,2,2,2,1,1,1,1,1
65,-1730.283,451.324,-323.493,-160.032,-0.938811,0.341369,-0.045843,-0.342259,-0.939516,0.012974,-0.038641,0.027870,0.998864,0,0.82935,-0.18409,49.761,-0.368,825.000,400.000,625.000,325.000,375.000,325.000,325.000,300.000,275.000,-1,-1,-1,500.000,525.000,400.000,650.000,375.000,1,1,1,1,1,0,1,0,0,2,2,2,1,1,1,1,1
66,-1776.993,434.686,-325.570,-160.393,-0.940947,0.335430,-0.045894,-0.336322,-0.941656,0.013110,-0.038819,0.027771,0.998860,0,0.82642,-0.18092,49.585,-0.362,750.000,375.000,575.000,300.000,325.000,300.000,300.000,275.000,275.000,-1,-1,-1,500.000,475.000,375.000,600.000,325.000,1,1,1,1,1,1,1,0,0,2,2,2,1,1,1,1,1
67,-1828.264,416.545,-327.887,-160.515,-0.941651,0.333424,-0.046058,-0.334331,-0.942360,0.013408,-0.038932,0.028024,0.998849,0,0.90642,-0.06092,54.385,-0.122,650.000,325.000,500.000,275.000,275.000,275.000,250.000,275.000,275.000,-1,-1,-1,500.000,425.000,350.000,525.000,275.000,1,1,1,1,1,1,1,0,0,2,2,2,1,1,1,1,1
68,-1884.097,396.911,-330.352,-160.626,-0.942270,0.331610,-0.046492,-0.332529,-0.942997,0.013448,-0.039382,0.028131,0.998828,0,0.98642,-0.05511,59.185,-0.110,575.000,300.000,450.000,250.000,225.000,250.000,225.000,275.000,275.000,-1,-1,-1,500.000,375.000,300.000,450.000,225.000,1,1,1,1,1,1,1,0,0,2,2,2,1,1,1,1,1
69,-1940.740,377.125,-329.358,-160.743,-0.943471,0.329762,-0.033459,-0.330084,-0.943941,0.004450,-0.030116,0.015242,0.999430,0,1.00000,-0.05892,60.000,-0.118,500.000,275.000,400.000,225.000,200.000,225.000,200.000,275.000,300.000,-1,800.000,925.000,525.000,350.000,275.000,400.000,200.000,1,1,1,1,1,1,1,0,0,2,0,0,1,1,1,1,1
70,-1997.426,357.462,-325.863,-160.870,-0.944723,0.327710,-0.010252,-0.327601,-0.944753,-0.010947,-0.013273,-0.006983,0.999888,0,1.00000,-0.06318,60.000,-0.126,425.000,250.000,400.000,225.000,200.000,225.000,200.000,275.000,350.000,-1,325.000,475.000,550.000,325.000,275.000,350.000,200.000,1,1,1,1,1,1,1,0,0,2,0,0,1,1,1,1,1
71,-2054.157,337.929,-322.339,-161.006,-0.945507,0.325337,0.013091,-0.325579,-0.945144,-0.026490,0.003755,-0.029308,0.999563,0,1.00000,-0.06791,60.000,-0.136,350.000,225.000,375.000,200.000,200.000,200.000,200.000,250.000,425.000,750.000,200.000,350.000,600.000,300.000,275.000,300.000,200.000,1,1,1,1,1,1,1,0,1,0,0,0,1,1,1,1,1
72,-2110.941,318.545,-315.006,-161.152,-0.945460,0.322849,0.043279,-0.324020,-0.945763,-0.023323,0.033401,-0.036075,0.998791,0,1.00000,-0.07321,60.000,-0.146,350.000,225.000,400.000,200.000,200.000,200.000,200.000,275.000,400.000,575.000,125.000,225.000,600.000,300.000,275.000,300.000,200.000,1,1,1,1,1,1,1,0,1,0,0,0,1,1,1,1,1
73,7543.159,-6231.299,351.585,47.784,0.669225,-0.735148,-0.108145,0.742566,0.666964,0.061277,0.027081,-0.121313,0.992245,1,0.00000,0.00000,60.000,-0.158,450.000,400.000,-1,400.000,-1,325.000,325.000,100.000,300.000,-1,-1,-1,-1,625.000,875.000,550.000,-1,1,0,2,0,2,0,0,1,0,2,2,2,2,1,0,1,2
74,7539.948,-6234.867,351.458,48.024,0.666150,-0.737927,-0.108205,0.745340,0.663871,0.061183,0.026685,-0.121407,0.992244,0,-0.08000,0.12000,-4.800,0.240,450.000,400.000,-1,400.000,-1,325.000,325.000,100.000,300.000,-1,-1,-1,-1,600.000,875.000,550.000,-1,1,0,2,0,2,0,0,1,0,2,2,2,2,1,0,1,2
75,7533.586,-6242.058,351.212,48.504,0.659966,-0.743446,-0.108323,0.750850,0.657651,0.060996,0.025892,-0.121589,0.992243,0,-0.16000,0.24000,-9.600,0.480,450.000,400.000,-1,400.000,-1,325.000,325.000,100.000,300.000,-1,-1,-1,-1,600.000,875.000,550.000,-1,1,0,2,0,2,0,0,1,0,2,2,2,2,1,0,1,2
76,7524.186,-6252.968,351.977,49.224,0.650302,-0.752035,-0.107472,0.759148,0.648588,0.055033,0.028318,-0.117375,0.992684,0,-0.24000,0.36000,-14.400,0.720,475.000,425.000,-1,400.000,-1,350.000,325.000,100.000,300.000,-1,-1,-1,-1,625.000,900.000,575.000,-1,1,0,2,0,2,0,0,1,0,2,2,2,2,1,0,1,2
77,7512.387,-6267.138,353.341,50.184,0.637205,-0.763397,-0.105801,0.770009,0.636398,0.045649,0.032483,-0.110556,0.993339,0,-0.30731,0.48000,-18.438,0.960,500.000,450.000,-1,425.000,-1,350.000,350.000,125.000,300.000,-1,-1,-1,-1,650.000,950.000,600.000,-1,1,1,2,0,2,0,0,1,0,2,2,2,2,1,0,1,2
78,7501.357,-6280.867,354.592,51.193,0.623349,-0.775001,-0.103965,0.781115,0.623279,0.037180,0.035984,-0.104385,0.993886,0,-0.29351,0.50433,-17.611,1.009,500.000,475.000,-1,425.000,-1,375.000,350.000,125.000,300.000,-1,-1,-1,-1,675.000,975.000,650.000,-1,1,1,2,0,2,0,0,1,0,2,2,2,2,1,0,1,2
79,7491.067,-6294.144,355.704,52.199,0.609403,-0.786267,-0.102045,0.791908,0.609915,0.029744,0.038852,-0.098937,0.994335,0,-0.27994,0.50308,-16.797,1.006,500.000,475.000,-1,450.000,-1,375.000,375.000,125.000,300.000,-1,1000.000,800.000,-1,675.000,-1,675.000,-1,1,1,2,0,2,0,0,1,0,2,0,0,2,1,2,1,2
80,7481.477,-6306.974,356.688,53.202,0.595367,-0.797197,-0.100078,0.802400,0.596333,0.023262,0.041135,-0.094152,0.994708,0,-0.26696,0.50164,-16.017,1.003,475.000,500.000,-1,450.000,-1,400.000,375.000,150.000,275.000,-1,650.000,475.000,-1,700.000,-1,700.000,-1,1,1,2,0,2,0,0,1,0,2,0,0,2,1,2,1,2
81,7472.546,-6319.366,357.555,54.202,0.581242,-0.807797,-0.098095,0.812600,0.582554,0.017660,0.042880,-0.089976,0.995020,0,-0.25456,0.50003,-15.274,1.000,475.000,500.000,-1,475.000,-1,400.000,375.000,150.000,275.000,-1,525.000,350.000,-1,700.000,-1,725.000,-1,1,1,2,0,2,0,0,1,0,2,0,0,2,1,2,1,2
82,7464.236,-6331.328,358.314,55.199,0.567029,-0.818070,-0.096122,0.822515,0.568598,0.012867,0.044129,-0.086358,0.995286,0,-0.24275,0.49829,-14.565,0.997,450.000,525.000,-1,475.000,-1,400.000,400.000,175.000,275.000,-1,450.000,300.000,-1,725.000,-1,725.000,-1,1,1,2,0,2,0,0,1,0,2,0,0,2,1,2,1,2
83,7456.510,-6342.872,358.975,56.192,0.552732,-0.828020,-0.094185,0.832147,0.554484,0.008819,0.044922,-0.083250,0.995516,0,-0.23151,0.49644,-13.891,0.993,425.000,525.000,-1,475.000,-1,425.000,400.000,175.000,275.000,-1,425.000,275.000,-1,725.000,-1,750.000,-1,1,1,2,0,2,0,0,1,0,2,0,0,2,1,2,1,2
84,7449.330,-6354.009,359.544,57.181,0.538353,-0.837649,-0.092304,0.841501,0.540227,0.005453,0.045298,-0.080610,0.995716,0,-0.22083,0.49450,-13.250,0.989,325.000,550.000,-1,475.000,-1,425.000,400.000,200.000,275.000,-1,400.000,250.000,-1,725.000,-1,750.000,-1,1,1,2,0,2,0,0,1,0,2,0,0,2,1,2,1,2
85,7444.905,-6361.209,360.139,58.410,0.520309,-0.849221,-0.090014,0.852792,0.522245,0.002378,0.044990,-0.078000,0.995938,0,-0.14083,0.61450,-8.450,1.229,275.000,550.000,-1,500.000,-1,425.000,400.000,200.000,275.000,-1,375.000,225.000,-1,725.000,-1,750.000,-1,1,1,2,0,2,0,0,1,0,2,0,0,2,1,2,1,2
86,7443.075,-6364.368,360.791,59.879,0.498459,-0.862517,-0.087192,0.865787,0.500412,-0.000622,0.044169,-0.075180,0.996191,0,-0.06083,0.73450,-3.650,1.469,250.000,550.000,-1,500.000,-1,425.000,425.000,225.000,275.000,-1,350.000,200.000,-1,725.000,-1,725.000,-1,1,1,2,0,2,0,0,1,0,2,0,0,2,1,2,1,2
87,7443.623,-6363.358,361.518,61.588,0.472644,-0.877270,-0.083697,0.880204,0.474581,-0.003732,0.042995,-0.071907,0.996484,0,0.01917,0.85450,1.150,1.709,225.000,550.000,-1,500.000,-1,450.000,425.000,225.000,275.000,-1,350.000,175.000,-1,725.000,-1,675.000,-1,1,1,2,0,2,0,0,1,0,2,0,0,2,1,2,1,2
88,7446.277,-6358.034,362.331,63.537,0.442698,-0.893152,-0.079358,0.895704,0.444594,-0.007105,0.041628,-0.067936,0.996821,0,0.09917,0.97450,5.950,1.949,200.000,550.000,-1,525.000,-1,450.000,425.000,225.000,275.000,-1,325.000,175.000,-1,700.000,-1,600.000,-1,1,1,2,0,2,0,0,1,0,2,0,0,2,1,2,1,2
89,7450.731,-6348.251,363.161,65.537,0.411437,-0.908396,-0.074405,0.910544,0.413277,-0.010591,0.040371,-0.063391,0.997172,0,0.17917,1.00000,10.750,2.000,200.000,550.000,-1,525.000,-1,475.000,450.000,250.000,275.000,-1,325.000,150.000,-1,700.000,-1,525.000,-1,1,1,2,0,2,0,0,1,0,2,0,0,2,1,2,1,2
90,7456.675,-6333.883,364.008,67.537,0.379671,-0.922558,-0.068827,0.924283,0.381443,-0.014236,0.039387,-0.058211,0.997527,0,0.25917,1.00000,15.550,2.000,175.000,525.000,-1,525.000,-1,475.000,450.000,250.000,275.000,-1,300.000,150.000,950.000,675.000,-1,400.000,-1,1,1,2,0,2,0,0,1,0,2,0,0,0,1,2,1,2
91,7463.792,-6314.819,364.862,69.537,0.347440,-0.935620,-0.062448,0.936897,0.349131,-0.018221,0.038850,-0.052176,0.997882,0,0.33917,1.00000,20.350,2.000,175.000,500.000,-1,550.000,-1,475.000,450.000,250.000,250.000,-1,300.000,125.000,825.000,650.000,-1,300.000,-1,1,1,2,0,2,0,0,1,0,2,0,0,0,1,2,1,2
92,7471.761,-6290.965,365.720,71.537,0.314790,-0.947561,-0.055093,0.948364,0.316374,-0.022652,0.038895,-0.045118,0.998224,0,0.41917,1.00000,25.150,2.000,150.000,475.000,-1,550.000,-1,475.000,475.000,250.000,250.000,-1,275.000,100.000,700.000,625.000,-1,250.000,-1,1,1,2,0,2,1,0,1,0,2,0,0,0,1,2,1,2
93,7480.252,-6262.244,366.579,73.537,0.281774,-0.958349,-0.046578,0.958661,0.283208,-0.027606,0.039648,-0.036874,0.998533,0,0.49917,1.00000,29.950,2.000,150.000,450.000,-1,550.000,-1,475.000,475.000,250.000,250.000,-1,275.000,100.000,600.000,575.000,-1,225.000,-1,1,1,2,1,2,1,1,1,0,2,0,0,0,1,2,1,2
94,7488.934,-6228.596,367.437,75.537,0.248457,-0.967948,-0.036690,0.967764,0.249666,-0.033146,0.041244,-0.027272,0.998777,0,0.57917,1.00000,34.750,2.000,125.000,425.000,-1,550.000,-1,450.000,475.000,250.000,250.000,-1,250.000,75.000,500.000,550.000,-1,200.000,-1,1,1,2,1,2,1,1,1,0,2,0,0,0,1,2,1,2
95,7497.632,-6190.015,368.186,77.297,0.218969,-0.975384,-0.026056,0.974744,0.219871,-0.039128,0.043894,-0.016831,0.998894,0,0.65917,0.88000,39.550,1.760,125.000,400.000,-1,525.000,-1,450.000,450.000,225.000,250.000,-1,250.000,75.000,450.000,525.000,-1,175.000,-1,1,1,2,1,2,1,1,1,0,2,0,0,0,1,2,1,2
96,7506.234,-6146.507,368.808,78.817,0.193467,-0.980996,-0.014714,0.979953,0.193945,-0.045585,0.047572,-0.005600,0.998852,0,0.73917,0.76000,44.350,1.520,100.000,375.000,-1,525.000,-1,425.000,425.000,225.000,225.000,-1,225.000,50.000,375.000,500.000,-1,150.000,-1,1,1,2,1,2,1,1,1,0,2,0,0,0,1,2,1,2
97,-9511.016,-2295.763,-252.057,-118.984,-0.484600,0.874703,-0.007549,-0.874729,-0.484544,0.008183,0.003500,0.010569,0.999938,1,0.00000,0.00000,49.150,1.280,-1,400.000,-1,400.000,500.000,325.000,325.000,275.000,300.000,-1,-1,-1,-1,850.000,625.000,-1,575.000,2,0,2,0,1,0,0,0,0,2,2,2,2,0,1,2,1
98,-9513.325,-2299.972,-252.036,-118.744,-0.480931,0.876726,-0.007563,-0.876752,-0.480876,0.008026,0.003400,0.010491,0.999939,0,0.08000,0.12000,4.800,0.240,-1,400.000,-1,400.000,500.000,325.000,325.000,275.000,300.000,-1,-1,-1,-1,850.000,625.000,-1,575.000,2,0,2,0,1,0,0,0,0,2,2,2,2,0,1,2,1
99,-9517.871,-2308.427,-251.992,-118.264,-0.473567,0.880725,-0.007591,-0.880752,-0.473515,0.007713,0.003199,0.010339,0.999941,0,0.16000,0.24000,9.600,0.480,-1,400.000,-1,400.000,475.000,325.000,325.000,275.000,300.000,-1,-1,-1,-1,850.000,625.000,-1,575.000,2,0,2,0,1,0,0,0,0,2,2,2,2,0,1,2,1
100,-9524.530,-2321.195,-251.927,-117.544,-0.462459,0.886608,-0.007630,-0.886636,-0.462411,0.007247,0.002897,0.010117,0.999945,0,0.24000,0.36000,14.400,0.720,-1,400.000,-1,400.000,475.000,325.000,325.000,275.000,300.000,-1,-1,-1,-1,850.000,625.000,-1,550.000,2,0,2,0,1,0,0,0,0,2,2,2,2,0,1,2,1
101,-9533.122,-2338.365,-251.838,-116.584,-0.447535,0.894233,-0.007676,-0.894263,-0.447493,0.006632,0.002496,0.009832,0.999949,0,0.32000,0.48000,19.200,0.960,-1,400.000,-1,400.000,475.000,325.000,325.000,275.000,300.000,-1,-1,-1,-1,850.000,650.000,-1,550.000,2,0,2,0,1,0,0,0,0,2,2,2,2,0,1,2,1
102,-9543.411,-2360.048,-251.723,-115.384,-0.428705,0.903412,-0.007722,-0.903442,-0.428669,0.005872,0.001995,0.009494,0.999953,0,0.40000,0.60000,24.000,1.200,-1,400.000,-1,400.000,450.000,325.000,325.000,275.000,300.000,-1,-1,-1,-1,850.000,650.000,-1,550.000,2,0,2,0,1,0,0,0,0,2,2,2,2,0,1,2,1
103,-9555.099,-2386.369,-251.583,-113.944,-0.405860,0.913902,-0.007763,-0.913934,-0.405832,0.004975,0.001396,0.009114,0.999957,0,0.48000,0.72000,28.800,1.440,-1,400.000,-1,400.000,450.000,325.000,325.000,275.000,300.000,-1,-1,-1,-1,850.000,650.000,-1,550.000,2,0,2,0,1,0,0,0,0,2,2,2,2,0,1,2,1
104,-9567.830,-2417.464,-251.413,-112.264,-0.378886,0.925411,-0.007791,-0.925443,-0.378866,0.003950,0.000704,0.008706,0.999962,0,0.56000,0.84000,33.600,1.680,-1,400.000,-1,400.000,450.000,325.000,325.000,275.000,300.000,-1,-1,-1,-1,850.000,675.000,-1,575.000,2,0,2,0,1,0,0,0,0,2,2,2,2,0,1,2,1
105,-9581.238,-2453.447,-251.212,-110.437,-0.349173,0.937026,-0.007800,-0.937058,-0.349162,0.002797,-0.000102,0.008286,0.999966,0,0.64000,0.91377,38.400,1.828,-1,400.000,-1,400.000,425.000,325.000,325.000,275.000,275.000,-1,-1,-1,-1,850.000,700.000,-1,600.000,2,0,2,0,1,0,0,0,0,2,2,2,2,0,1,2,1
106,-9595.036,-2494.384,-250.983,-108.627,-0.319393,0.947590,-0.007791,-0.947622,-0.319391,0.001507,-0.001060,0.007864,0.999969,0,0.72000,0.90506,43.200,1.810,-1,425.000,-1,400.000,425.000,325.000,325.000,275.000,300.000,-1,-1,-1,-1,850.000,725.000,-1,625.000,2,0,2,0,1,0,0,0,0,2,2,2,2,0,1,2,1
107,-9608.939,-2540.327,-250.795,-106.836,-0.289620,0.957113,-0.007422,-0.957140,-0.289626,0.000221,-0.001938,0.007168,0.999972,0,0.80000,0.89534,48.000,1.791,-1,425.000,-1,400.000,425.000,325.000,325.000,275.000,300.000,-1,-1,-1,-1,850.000,750.000,-1,-1,2,0,2,0,1,0,0,0,0,2,2,2,2,0,1,2,2
108,-9622.664,-2591.312,-250.748,-105.067,-0.259929,0.965607,-0.006334,-0.965623,-0.259942,-0.001276,-0.002879,0.005784,0.999979,0,0.88000,0.88458,52.800,1.769,-1,425.000,-1,400.000,450.000,325.000,325.000,275.000,300.000,-1,-1,-1,-1,850.000,775.000,-1,-1,2,0,2,0,1,0,0,0,0,2,2,2,2,0,1,2,2
109,-9635.936,-2647.362,-250.774,-103.321,-0.230395,0.973085,-0.004854,-0.973088,-0.230412,-0.003129,-0.004163,0.004002,0.999983,0,0.96000,0.87273,57.600,1.745,-1,400.000,-1,400.000,475.000,325.000,325.000,275.000,300.000,-1,-1,-1,-1,825.000,850.000,-1,-1,2,0,2,0,1,0,0,0,0,2,2,2,2,0,0,2,2
110,-9647.685,-2704.591,-251.110,-101.602,-0.201089,0.979563,-0.004387,-0.979560,-0.201107,-0.004334,-0.005128,0.003426,0.999981,0,0.97371,0.85981,58.423,1.720,-1,400.000,-1,400.000,550.000,325.000,325.000,275.000,300.000,-1,-1,-1,-1,825.000,850.000,-1,-1,2,0,2,0,1,0,0,0,1,2,2,2,2,0,0,2,2
111,-9657.664,-2761.715,-251.726,-99.909,-0.172050,0.985075,-0.005060,-0.985067,-0.172077,-0.005653,-0.006439,0.004012,0.999971,0,0.96648,0.84655,57.989,1.693,-1,400.000,-1,400.000,-1,325.000,325.000,275.000,300.000,-1,-1,-1,-1,800.000,850.000,-1,-1,2,0,2,0,2,0,0,0,1,2,2,2,2,0,0,2,2
112,-9665.285,-2814.355,-252.282,-98.238,-0.143250,0.989670,-0.005703,-0.989658,-0.143287,-0.006804,-0.007551,0.004669,0.999961,0,0.88648,0.83525,53.189,1.670,-1,400.000,-1,400.000,-1,325.000,325.000,275.000,300.000,-1,-1,-1,-1,800.000,875.000,-1,-1,2,0,2,0,2,0,0,0,1,2,2,2,2,0,0,2,2
113,-9671.006,-2864.012,-252.791,-96.573,-0.114411,0.993413,-0.006332,-0.993397,-0.114459,-0.007834,-0.008507,0.005394,0.999949,0,0.83310,0.83284,49.986,1.666,-1,400.000,-1,400.000,-1,325.000,325.000,275.000,275.000,-1,-1,-1,-1,800.000,875.000,-1,-1,2,0,2,0,2,0,0,0,1,2,2,2,2,0,0,2,2
114,-9675.238,-2913.267,-253.279,-94.910,-0.085533,0.996311,-0.006975,-0.996291,-0.085593,-0.008818,-0.009382,0.006195,0.999937,0,0.82394,0.83114,49.436,1.662,-1,400.000,-1,400.000,-1,325.000,325.000,275.000,275.000,-1,-1,-1,-1,775.000,875.000,-1,-1,2,0,2,0,2,0,0,0,1,2,2,2,2,0,0,2,2
115,-9678.008,-2962.050,-253.741,-93.250,-0.056621,0.998367,-0.007633,-0.998344,-0.056694,-0.009755,-0.010172,0.007068,0.999923,0,0.81436,0.83003,48.861,1.660,-1,400.000,-1,400.000,-1,325.000,325.000,275.000,275.000,-1,-1,-1,-1,775.000,875.000,-1,-1,2,0,2,0,2,0,0,0,1,2,2,2,2,0,0,2,2
116,-9679.348,-3010.304,-254.174,-91.591,-0.027679,0.999582,-0.008308,-0.999558,-0.027767,-0.010647,-0.010873,0.008010,0.999909,0,0.80454,0.82948,48.272,1.659,-1,400.000,-1,400.000,-1,325.000,325.000,275.000,275.000,-1,-1,-1,-1,750.000,875.000,-1,-1,2,0,2,0,2,0,0,0,1,2,2,2,2,0,0,2,2
117,-9679.292,-3057.985,-254.577,-89.932,0.001287,0.999959,-0.009001,-0.999933,0.001183,-0.011496,-0.011485,0.009015,0.999893,0,0.79469,0.82950,47.681,1.659,-1,400.000,-1,400.000,-1,325.000,325.000,275.000,275.000,-1,-1,-1,-1,750.000,875.000,-1,-1,2,0,2,0,2,0,0,0,1,2,2,2,2,0,0,2,2
118,-9677.872,-3105.063,-254.945,-88.272,0.030272,0.999494,-0.009714,-0.999470,0.030152,-0.012304,-0.012005,0.010081,0.999877,0,0.78500,0.83006,47.100,1.660,-1,400.000,-1,400.000,-1,325.000,325.000,275.000,275.000,-1,-1,-1,-1,725.000,875.000,-1,-1,2,0,2,0,2,0,0,0,1,2,2,2,2,0,0,2,2
119,-9675.120,-3151.520,-255.276,-86.610,0.059270,0.998187,-0.010448,-0.998165,0.059132,-0.013074,-0.012432,0.011204,0.999860,0,0.77563,0.83115,46.538,1.662,-1,400.000,-1,400.000,-1,325.000,325.000,275.000,275.000,-1,-1,-1,-1,725.000,850.000,-1,-1,2,0,2,0,2,0,0,0,1,2,2,2,2,0,0,2,2
120,-9671.065,-3197.346,-255.570,-84.944,0.088274,0.996033,-0.011205,-0.996014,0.088117,-0.013809,-0.012767,0.012379,0.999842,0,0.76675,0.83273,46.005,1.665,-1,400.000,-1,400.000,-1,325.000,325.000,275.000,300.000,-1,-1,-1,525.000,700.000,825.000,-1,-1,2,0,2,0,2,0,0,0,1,2,2,2,1,0,0,2,2
121,-9665.736,-3242.541,-255.831,-83.275,0.117274,0.993027,-0.012020,-0.993015,0.117098,-0.014493,-0.012984,0.013635,0.999823,0,0.75848,0.83478,45.509,1.670,-1,375.000,-1,425.000,-1,325.000,325.000,275.000,300.000,-1,-1,-1,475.000,700.000,825.000,-1,-1,2,0,2,0,2,0,0,0,1,2,2,2,1,0,0,2,2
122,-9659.154,-3287.112,-256.388,-81.600,0.146270,0.989143,-0.014163,-0.989164,0.146060,-0.014880,-0.012649,0.016186,0.999789,0,0.75091,0.83727,45.055,1.675,-1,375.000,-1,400.000,-1,325.000,325.000,275.000,300.000,-1,-1,-1,425.000,700.000,800.000,-1,-1,2,0,2,0,2,0,0,0,1,2,2,2,1,0,0,2,2
123,-9651.339,-3331.071,-256.977,-79.920,0.175235,0.984393,-0.016229,-0.984452,0.174995,-0.015196,-0.012119,0.018639,0.999753,0,0.74413,0.84018,44.648,1.680,-1,375.000,-1,400.000,-1,325.000,325.000,275.000,300.000,-1,-1,-1,425.000,700.000,775.000,-1,-1,2,0,2,0,2,0,0,0,0,2,2,2,1,0,0,2,2
124,-9642.306,-3374.431,-257.578,-78.233,0.204150,0.978773,-0.018048,-0.978875,0.203890,-0.015285,-0.011281,0.020787,0.999720,0,0.73818,0.84346,44.291,1.687,-1,375.000,-1,400.000,-1,325.000,325.000,275.000,300.000,-1,-1,-1,400.000,675.000,750.000,-1,-1,2,0,2,0,2,0,0,0,0,2,2,2,1,0,0,2,2
125,-9632.066,-3417.207,-258.114,-76.539,0.233006,0.972272,-0.019889,-0.972420,0.232727,-0.015377,-0.010321,0.022924,0.999684,0,0.73309,0.84711,43.985,1.694,-1,375.000,-1,400.000,-1,325.000,325.000,275.000,300.000,-1,-1,-1,400.000,675.000,750.000,-1,-1,2,0,2,0,2,0,0,0,0,2,2,2,1,0,0,2,2
126,-9620.626,-3459.416,-258.580,-74.837,0.261786,0.964881,-0.021757,-0.965082,0.261492,-0.015468,-0.009236,0.025047,0.999644,0,0.72886,0.85108,43.732,1.702,-1,375.000,-1,400.000,-1,325.000,325.000,300.000,300.000,-1,-1,-1,425.000,675.000,725.000,-1,-1,2,0,2,0,2,0,0,0,0,2,2,2,1,0,0,2,2
127,-9607.990,-3501.071,-258.975,-73.126,0.290470,0.956592,-0.023651,-0.956850,0.290164,-0.015563,-0.008025,0.027151,0.999599,0,0.72549,0.85536,43.529,1.711,-1,375.000,-1,400.000,-1,325.000,325.000,300.000,300.000,-1,-1,-1,425.000,650.000,725.000,-1,-1,2,0,2,0,2,0,0,0,0,2,2,2,1,0,0,2,2
128,-9594.158,-3542.184,-259.294,-71.406,0.319039,0.947397,-0.025569,-0.947718,0.318725,-0.015662,-0.006689,0.029229,0.999550,0,0.72296,0.85993,43.378,1.720,-1,375.000,-1,400.000,-1,325.000,325.000,300.000,300.000,-1,-1,-1,450.000,650.000,700.000,-1,-1,2,0,2,0,2,0,0,0,0,2,2,2,1,0,0,2,2
129,-9579.127,-3582.765,-259.535,-69.676,0.347470,0.937287,-0.027511,-0.937676,0.347152,-0.015769,-0.005229,0.031275,0.999497,0,0.72125,0.86477,43.275,1.730,-1,375.000,-1,400.000,-1,325.000,325.000,300.000,300.000,-1,-1,-1,475.000,650.000,675.000,-1,-1,2,0,2,0,2,0,0,0,0,2,2,2,1,0,0,2,2
130,-9562.892,-3622.818,-259.695,-67.937,0.375741,0.926256,-0.029476,-0.926718,0.375422,-0.015885,-0.003647,0.033284,0.999439,0,0.72031,0.86985,43.219,1.740,-1,375.000,-1,400.000,-1,300.000,325.000,300.000,300.000,-1,-1,-1,475.000,625.000,675.000,-1,-1,2,0,2,0,2,0,0,0,0,2,2,2,1,0,0,2,2
131,-9545.446,-3662.346,-259.772,-66.186,0.403825,0.914295,-0.031464,-0.914834,0.403512,-0.016013,-0.001944,0.035251,0.999377,0,0.72012,0.87516,43.207,1.750,-1,375.000,-1,400.000,-1,300.000,325.000,300.000,300.000,-1,-1,-1,525.000,625.000,650.000,-1,-1,2,0,2,0,2,0,0,0,0,2,2,2,1,0,0,2,2
132,-9526.780,-3701.346,-259.761,-64.425,0.431696,0.901398,-0.033475,-0.902019,0.431394,-0.016157,-0.000122,0.037170,0.999309,0,0.72062,0.88069,43.237,1.761,-1,375.000,-1,375.000,-1,300.000,325.000,300.000,300.000,-1,-1,750.000,550.000,625.000,625.000,-1,1000.000,2,0,2,0,2,0,0,0,0,2,2,0,1,0,0,2,0
