timestep,x_cm,y_cm,z_cm,yaw_deg,basis_xx,basis_xy,basis_xz,basis_yx,basis_yy,basis_yz,basis_zx,basis_zy,basis_zz,teleport_flag,throttle_cmd,steering_cmd,cmd_move_cm,cmd_turn_deg,lidar_cm_0,lidar_cm_1,lidar_cm_2,lidar_cm_3,lidar_cm_4,lidar_cm_5,lidar_cm_6,lidar_cm_7,lidar_cm_8,lidar_cm_9,lidar_cm_10,lidar_cm_11,lidar_cm_12,lidar_cm_13,lidar_cm_14,lidar_cm_15,lidar_cm_16,lidar_class_0,lidar_class_1,lidar_class_2,lidar_class_3,lidar_class_4,lidar_class_5,lidar_class_6,lidar_class_7,lidar_class_8,lidar_class_9,lidar_class_10,lidar_class_11,lidar_class_12,lidar_class_13,lidar_class_14,lidar_class_15,lidar_class_16
0,3016.346,-6819.134,-315.022,82.582,0.126719,-0.990888,-0.045640,0.990317,0.129008,-0.051276,0.056697,-0.038700,0.997641,1,0.08000,-0.12000,4.800,-0.240,-1,250.000,-1,400.000,-1,225.000,275.000,400.000,325.000,-1,200.000,150.000,800.000,550.000,800.000,-1,-1,2,1,2,1,2,1,1,1,1,2,0,0,0,1,1,2,2
1,3017.666,-6809.625,-314.605,82.102,0.135006,-0.989843,-0.044550,0.989076,0.137314,-0.053599,0.059172,-0.036827,0.997568,0,0.16000,-0.24000,9.600,-0.480,-1,250.000,-1,400.000,-1,225.000,275.000,400.000,325.000,-1,200.000,150.000,775.000,550.000,825.000,-1,-1,2,1,2,1,2,1,1,1,1,2,0,0,0,1,1,2,2
2,3019.825,-6795.387,-313.964,81.382,0.147437,-0.988142,-0.042878,0.987070,0.149757,-0.057152,0.062895,-0.033897,0.997444,0,0.24000,-0.36000,14.400,-0.720,-1,250.000,-1,425.000,-1,225.000,300.000,425.000,325.000,-1,200.000,150.000,725.000,550.000,825.000,-1,-1,2,1,2,1,2,1,1,1,1,2,0,0,0,1,1,2,2
3,3022.990,-6776.449,-313.091,80.515,0.162412,-0.985885,-0.040660,0.984395,0.164721,-0.061920,0.067743,-0.029969,0.997253,0,0.32000,-0.43374,19.200,-0.867,-1,250.000,-1,425.000,-1,225.000,300.000,425.000,325.000,-1,200.000,125.000,675.000,575.000,850.000,-1,-1,2,1,2,1,2,1,1,1,1,2,0,0,0,1,1,2,2
4,3027.302,-6752.838,-311.985,79.654,0.177283,-0.983428,-0.037955,0.981412,0.179536,-0.067802,0.073493,-0.025229,0.996977,0,0.40000,-0.43038,24.000,-0.861,-1,275.000,-1,450.000,-1,250.000,300.000,450.000,325.000,-1,175.000,125.000,650.000,600.000,875.000,-1,-1,2,1,2,1,2,1,1,1,1,2,0,0,0,1,1,2,2
5,3032.896,-6724.585,-310.638,78.801,0.192053,-0.980772,-0.034668,0.978107,0.194177,-0.074851,0.080144,-0.019533,0.996592,0,0.48000,-0.42636,28.800,-0.853,-1,275.000,-1,450.000,-1,250.000,325.000,450.000,325.000,-1,175.000,100.000,600.000,650.000,900.000,-1,-1,2,1,2,1,2,1,1,1,1,2,0,0,0,1,1,2,2
6,239.399,-7620.483,-376.743,164.485,-0.959954,-0.267462,-0.083381,0.267614,-0.963479,0.009565,-0.082894,-0.013132,0.996472,1,0.00000,0.00000,33.600,-0.843,-1,-1,-1,525.000,425.000,-1,-1,225.000,225.000,-1,-1,-1,-1,-1,-1,-1,-1,2,2,2,1,1,2,2,1,1,2,2,2,2,2,2,2,2
7,1640.781,7544.045,-128.534,-41.282,0.610493,0.611889,0.502883,-0.716791,0.696935,0.022170,-0.336911,-0.373996,0.864070,1,0.00000,0.00000,4.800,-0.240,0.000,175.000,500.000,375.000,825.000,200.000,275.000,150.000,300.000,575.000,-1,-1,200.000,225.000,500.000,0.000,675.000,0,0,0,0,1,0,0,0,1,1,2,2,1,0,1,0,1
8,8852.859,-988.156,150.035,-118.028,-0.464346,0.879211,-0.106631,-0.883642,-0.468032,-0.011098,-0.059664,0.089071,0.994237,1,0.08000,0.12000,4.800,0.240,-1,400.000,-1,400.000,-1,325.000,325.000,325.000,325.000,-1,-1,-1,-1,900.000,825.000,-1,-1,2,0,2,0,2,0,0,0,0,2,2,2,2,0,0,2,2
9,8848.405,-996.660,149.440,-117.652,-0.458533,0.882215,-0.106980,-0.886688,-0.462229,-0.011302,-0.059420,0.089676,0.994197,0,0.16000,0.18792,9.600,0.376,-1,400.000,-1,400.000,-1,325.000,325.000,325.000,325.000,-1,-1,-1,-1,900.000,825.000,-1,-1,2,0,2,0,2,0,0,0,0,2,2,2,2,0,0,2,2
10,8841.806,-1009.459,148.571,-117.275,-0.452653,0.885183,-0.107499,-0.889709,-0.456380,-0.011632,-0.059357,0.090377,0.994137,0,0.24000,0.18868,14.400,0.377,-1,400.000,-1,400.000,-1,325.000,325.000,325.000,325.000,-1,-1,-1,-1,900.000,825.000,-1,-1,2,0,2,0,2,0,0,0,0,2,2,2,2,0,0,2,2
11,8833.122,-1026.583,147.436,-116.895,-0.446692,0.888124,-0.108178,-0.892709,-0.450472,-0.012095,-0.059473,0.091169,0.994058,0,0.32000,0.18982,19.200,0.380,-1,400.000,-1,400.000,-1,325.000,325.000,325.000,325.000,-1,-1,-1,-1,900.000,825.000,-1,-1,2,0,2,0,2,0,0,0,0,2,2,2,2,0,0,2,2
12,8822.410,-1048.059,146.042,-116.512,-0.440640,0.891041,-0.109008,-0.895692,-0.444494,-0.012699,-0.059769,0.092042,0.993960,0,0.40000,0.19136,24.000,0.383,-1,400.000,-1,400.000,-1,325.000,325.000,325.000,325.000,-1,-1,-1,-1,900.000,825.000,-1,-1,2,0,2,0,2,0,0,0,0,2,2,2,2,0,0,2,2
13,8809.729,-1073.917,144.397,-116.126,-0.434482,0.893941,-0.109979,-0.898663,-0.438433,-0.013454,-0.060245,0.092989,0.993843,0,0.48000,0.19328,28.800,0.387,-1,400.000,-1,400.000,-1,325.000,325.000,325.000,300.000,-1,-1,-1,-1,875.000,825.000,-1,-1,2,0,2,0,2,0,0,0,0,2,2,2,2,0,0,2,2
14,8795.140,-1104.184,142.509,-115.734,-0.428207,0.896828,-0.111077,-0.901626,-0.432278,-0.014368,-0.060902,0.093997,0.993708,0,0.56000,0.19561,33.600,0.391,-1,400.000,-1,400.000,-1,325.000,325.000,325.000,300.000,-1,-1,-1,-1,875.000,800.000,-1,-1,2,0,2,0,2,0,0,0,0,2,2,2,2,0,0,2,2
15,8778.708,-1138.891,140.389,-115.338,-0.421801,0.899709,-0.112289,-0.904584,-0.426015,-0.015451,-0.061738,0.095057,0.993555,0,0.64000,0.19835,38.400,0.397,-1,425.000,-1,400.000,-1,325.000,325.000,325.000,300.000,-1,-1,-1,-1,875.000,800.000,-1,-1,2,0,2,0,2,0,0,0,0,2,2,2,2,0,0,2,2
16,8760.327,-1177.985,137.898,-115.181,-0.419199,0.900845,-0.112919,-0.905727,-0.423541,-0.016513,-0.062702,0.095352,0.993467,0,0.72000,0.07835,43.200,0.157,-1,425.000,-1,400.000,-1,325.000,325.000,325.000,300.000,-1,-1,-1,-1,875.000,800.000,-1,-1,2,0,2,0,2,0,0,0,0,2,2,2,2,0,0,2,2
17,8740.645,-1219.687,135.048,-115.264,-0.420440,0.900297,-0.112675,-0.905076,-0.424883,-0.017666,-0.063778,0.094552,0.993475,0,0.76855,-0.04165,46.113,-0.083,-1,425.000,-1,400.000,-1,325.000,325.000,325.000,300.000,-1,-1,-1,-1,875.000,800.000,-1,-1,2,0,2,0,2,0,0,0,0,2,2,2,2,0,0,2,2
18,8720.656,-1261.425,131.952,-115.588,-0.425416,0.898056,-0.111879,-0.902593,-0.430037,-0.019843,-0.065933,0.092539,0.993524,0,0.77128,-0.16165,46.277,-0.323,-1,425.000,-1,400.000,-1,325.000,325.000,325.000,300.000,-1,-1,-1,-1,875.000,800.000,-1,-1,2,0,2,0,2,0,0,0,0,2,2,2,2,0,0,2,2
19,8700.182,-1303.116,128.756,-116.151,-0.434124,0.893995,-0.110944,-0.898235,-0.438949,-0.022288,-0.068624,0.089978,0.993577,0,0.77411,-0.28165,46.447,-0.563,-1,425.000,-1,400.000,-1,325.000,325.000,325.000,300.000,-1,-1,-1,-1,875.000,775.000,-1,-1,2,0,2,0,2,0,0,0,0,2,2,2,2,0,0,2,2
20,8679.046,-1344.673,125.500,-116.954,-0.446520,0.887981,-0.110042,-0.891900,-0.451556,-0.024735,-0.071654,0.087102,0.993619,0,0.77703,-0.40165,46.622,-0.803,-1,400.000,-1,400.000,-1,325.000,325.000,300.000,325.000,-1,-1,-1,-1,850.000,775.000,-1,-1,2,0,2,0,2,0,0,0,0,2,2,2,2,0,0,2,2
21,8657.072,-1385.996,122.130,-117.998,-0.462528,0.879844,-0.109285,-0.883436,-0.467772,-0.027020,-0.074894,0.084048,0.993643,0,0.78002,-0.52165,46.801,-1.043,-1,400.000,-1,400.000,-1,325.000,325.000,300.000,325.000,-1,-1,-1,-1,850.000,775.000,-1,-1,2,0,2,0,2,0,0,0,0,2,2,2,2,0,0,2,2
22,8634.091,-1426.976,118.383,-119.281,-0.482057,0.869315,-0.109143,-0.872698,-0.487454,-0.028051,-0.077587,0.081726,0.993630,0,0.78305,-0.64165,46.983,-1.283,-1,400.000,-1,400.000,-1,325.000,325.000,300.000,325.000,-1,-1,-1,-1,825.000,750.000,-1,-1,2,0,2,0,2,0,0,0,0,2,2,2,2,0,0,2,2
23,8609.933,-1467.489,114.539,-120.804,-0.504941,0.856234,-0.109078,-0.859386,-0.510501,-0.029061,-0.080567,0.079066,0.993608,0,0.78611,-0.76165,47.167,-1.523,-1,400.000,-1,400.000,-1,325.000,325.000,300.000,325.000,-1,-1,-1,-1,825.000,750.000,-1,-1,2,0,2,0,2,0,0,0,0,2,2,2,2,0,0,2,2
24,8584.441,-1507.394,110.532,-122.567,-0.530968,0.840304,-0.109370,-0.843222,-0.536724,-0.030058,-0.083959,0.076263,0.993547,0,0.78918,-0.88165,47.351,-1.763,-1,400.000,-1,400.000,1000.000,325.000,325.000,300.000,325.000,-1,-1,-1,-1,825.000,750.000,-1,-1,2,0,2,0,1,0,0,0,0,2,2,2,2,0,0,2,2
25,8557.467,-1546.536,106.318,-124.567,-0.559846,0.821235,-0.110203,-0.823930,-0.565843,-0.031004,-0.087819,0.073442,0.993425,0,0.79225,-1.00000,47.535,-2.000,-1,400.000,-1,400.000,950.000,325.000,325.000,325.000,325.000,-1,-1,-1,-1,825.000,725.000,-1,-1,2,0,2,0,1,0,0,0,0,2,2,2,2,0,0,2,2
26,8527.517,-1586.908,101.775,-126.567,-0.588051,0.801153,-0.111132,-0.803627,-0.594282,-0.031828,-0.091543,0.070592,0.993296,0,0.83777,-1.00000,50.266,-2.000,-1,400.000,-1,400.000,900.000,325.000,325.000,325.000,325.000,-1,-1,-1,-1,800.000,725.000,-1,950.000,2,0,2,0,1,0,0,0,0,2,2,2,2,0,0,2,1
27,8496.063,-1626.351,97.138,-128.567,-0.615556,0.780082,-0.112085,-0.782339,-0.622005,-0.032491,-0.095063,0.067689,0.993167,0,0.84079,-1.00000,50.448,-2.000,-1,400.000,-1,375.000,875.000,325.000,325.000,325.000,325.000,-1,-1,-1,-1,800.000,700.000,-1,900.000,2,0,2,0,1,0,0,0,0,2,2,2,2,0,0,2,1
28,8463.130,-1664.814,92.411,-130.567,-0.642326,0.758048,-0.113049,-0.760091,-0.648978,-0.032995,-0.098378,0.064734,0.993041,0,0.84391,-1.00000,50.635,-2.000,-1,400.000,-1,375.000,825.000,325.000,325.000,325.000,325.000,-1,-1,-1,-1,800.000,700.000,-1,825.000,2,0,2,0,1,0,0,0,0,2,2,2,2,0,0,2,1
29,8428.745,-1702.247,87.493,-132.567,-0.668398,0.735097,-0.113475,-0.736893,-0.675185,-0.033384,-0.101157,0.061306,0.992980,0,0.84713,-1.00000,50.828,-2.000,-1,400.000,-1,375.000,775.000,325.000,325.000,325.000,325.000,-1,-1,-1,-1,775.000,700.000,-1,775.000,2,0,2,0,1,0,0,0,0,2,2,2,2,0,0,2,1
30,8392.347,-1739.506,82.071,-134.327,-0.690885,0.714198,-0.112248,-0.715664,-0.697624,-0.033853,-0.102485,0.056944,0.993103,0,0.86810,-0.88000,52.086,-1.760,-1,400.000,-1,375.000,750.000,325.000,300.000,325.000,325.000,-1,-1,-1,-1,775.000,675.000,-1,725.000,2,0,2,0,1,0,0,0,0,2,2,2,2,0,1,2,1
31,8354.829,-1775.927,76.607,-135.847,-0.709799,0.695592,-0.111073,-0.696765,-0.716478,-0.034324,-0.103457,0.053029,0.993219,0,0.87148,-0.76000,52.289,-1.520,-1,400.000,-1,375.000,700.000,325.000,300.000,325.000,325.000,-1,-1,-1,-1,775.000,625.000,-1,700.000,2,0,2,0,1,0,0,0,0,2,2,2,2,0,1,2,1
32,8316.359,-1811.639,71.117,-137.127,-0.725361,0.679534,-0.109930,-0.680450,-0.731968,-0.034794,-0.104110,0.049564,0.993330,0,0.87484,-0.64000,52.491,-1.280,-1,400.000,-1,375.000,675.000,300.000,300.000,325.000,325.000,-1,-1,-1,-1,775.000,600.000,-1,650.000,2,0,2,0,1,0,0,0,0,2,2,2,2,0,1,2,1
33,8277.098,-1846.781,65.613,-138.167,-0.737764,0.666233,-0.108800,-0.666926,-0.744289,-0.035263,-0.104472,0.046546,0.993438,0,0.87817,-0.52000,52.690,-1.040,-1,400.000,-1,375.000,625.000,300.000,300.000,325.000,325.000,-1,-1,-1,-1,775.000,575.000,-1,600.000,2,0,2,0,1,0,0,0,0,2,2,2,2,0,1,2,1
34,8237.203,-1881.499,60.199,-138.967,-0.747178,0.655843,-0.107682,-0.656392,-0.753595,-0.035270,-0.104280,0.044328,0.993560,0,0.88144,-0.40000,52.887,-0.800,-1,400.000,-1,375.000,575.000,300.000,300.000,325.000,325.000,-1,-1,-1,-1,775.000,525.000,-1,550.000,2,0,2,0,1,0,0,0,0,2,2,2,2,0,1,2,1
35,8196.826,-1915.951,54.756,-139.527,-0.753724,0.648501,-0.106517,-0.648913,-0.760034,-0.035498,-0.103977,0.042364,0.993677,0,0.88463,-0.28000,53.078,-0.560,-1,400.000,-1,375.000,525.000,300.000,300.000,325.000,325.000,-1,-1,-1,-1,800.000,500.000,-1,500.000,2,0,2,0,1,0,0,0,0,2,2,2,2,0,1,2,1
36,8156.116,-1950.295,49.311,-139.847,-0.757497,0.644291,-0.105294,-0.644578,-0.763697,-0.035876,-0.103528,0.040694,0.993794,0,0.88769,-0.16000,53.261,-0.320,-1,400.000,-1,375.000,475.000,325.000,300.000,325.000,325.000,-1,-1,-1,-1,800.000,475.000,-1,450.000,2,0,2,1,1,0,0,0,0,2,2,2,2,0,1,2,1
37,8115.123,-1984.572,43.872,-140.098,-0.760474,0.640984,-0.104010,-0.641138,-0.766562,-0.036392,-0.103057,0.039009,0.993910,0,0.89059,-0.12545,53.436,-0.251,-1,400.000,-1,350.000,425.000,325.000,300.000,325.000,325.000,-1,-1,-1,-1,800.000,425.000,-1,400.000,2,0,2,1,1,0,0,0,0,2,2,2,2,1,1,2,1
38,8077.546,-2015.449,38.932,-140.589,-0.766101,0.634443,-0.102819,-0.634442,-0.772087,-0.036948,-0.102826,0.036927,0.994014,0,0.81059,-0.24545,48.636,-0.491,-1,400.000,-1,325.000,375.000,325.000,300.000,325.000,325.000,-1,-1,-1,-1,825.000,400.000,-1,375.000,2,0,2,1,1,0,0,0,0,2,2,2,2,0,1,2,1
39,8043.326,-2042.844,34.422,-141.320,-0.774292,0.624593,-0.101761,-0.624445,-0.780180,-0.037260,-0.102664,0.034694,0.994111,0,0.73059,-0.36545,43.836,-0.731,-1,400.000,-1,300.000,350.000,325.000,300.000,325.000,325.000,-1,-1,-1,-1,825.000,375.000,-1,325.000,2,0,2,1,1,0,1,0,0,2,2,2,2,0,1,2,1
40,8012.443,-2066.720,30.319,-142.291,-0.784923,0.611330,-0.100853,-0.611055,-0.790712,-0.037230,-0.102505,0.032404,0.994205,0,0.65059,-0.48545,39.036,-0.971,-1,400.000,-1,275.000,300.000,325.000,275.000,325.000,325.000,-1,-1,-1,-1,850.000,350.000,-1,300.000,2,0,2,1,1,0,1,0,0,2,2,2,2,0,1,2,1
41,7984.966,-2087.142,26.714,-143.378,-0.796520,0.596270,-0.100092,-0.595856,-0.802225,-0.037280,-0.102525,0.029946,0.994280,0,0.57059,-0.54335,34.236,-1.087,-1,400.000,-1,250.000,275.000,325.000,275.000,325.000,325.000,-1,-1,-1,-1,850.000,325.000,-1,275.000,2,0,2,1,1,1,1,0,0,2,2,2,2,0,1,2,1
42,7961.012,-2104.250,23.607,-144.465,-0.807822,0.580973,-0.099472,-0.580423,-0.813457,-0.037378,-0.102632,0.027541,0.994338,0,0.49059,-0.54390,29.436,-1.088,-1,400.000,-1,250.000,250.000,300.000,250.000,325.000,325.000,-1,-1,-1,-1,850.000,300.000,-1,250.000,2,1,2,1,1,1,1,0,0,2,2,2,2,0,1,2,1
43,7940.696,-2118.184,21.737,-145.554,-0.819187,0.565489,-0.095681,-0.564623,-0.824450,-0.038523,-0.100668,0.022466,0.994666,0,0.41059,-0.54416,24.636,-1.088,-1,400.000,-1,225.000,250.000,300.000,225.000,325.000,325.000,-1,625.000,-1,-1,875.000,275.000,-1,225.000,2,1,2,1,1,1,1,0,0,2,0,2,2,0,1,2,1
44,7924.129,-2129.090,20.951,-146.642,-0.830491,0.549804,-0.089447,-0.548512,-0.835154,-0.040657,-0.097055,0.015298,0.995161,0,0.33059,-0.54410,19.836,-1.088,-1,375.000,-1,225.000,250.000,300.000,225.000,300.000,350.000,-1,500.000,600.000,-1,925.000,275.000,-1,225.000,2,1,2,1,1,1,1,0,0,2,0,0,2,0,1,2,1
45,7911.417,-2137.118,20.338,-147.729,-0.841280,0.533894,-0.084887,-0.532286,-0.845499,-0.042472,-0.094447,0.009453,0.995485,0,0.25059,-0.54372,15.036,-1.087,-1,375.000,-1,225.000,250.000,275.000,225.000,300.000,350.000,-1,425.000,500.000,-1,925.000,275.000,-1,225.000,2,1,2,1,1,1,1,0,0,2,0,0,2,0,1,2,1
46,7902.661,-2142.418,19.873,-148.816,-0.851560,0.517789,-0.082095,-0.515956,-0.855494,-0.043824,-0.092923,0.005039,0.995661,0,0.17059,-0.54302,10.236,-1.086,-1,375.000,-1,225.000,250.000,275.000,225.000,300.000,375.000,-1,400.000,475.000,-1,950.000,275.000,-1,225.000,2,1,2,1,1,1,1,0,0,2,0,0,2,0,1,2,1
47,7897.959,-2145.144,19.546,-149.900,-0.861339,0.501517,-0.081092,-0.499535,-0.865145,-0.044589,-0.092519,0.002103,0.995709,0,0.09059,-0.54201,5.436,-1.084,-1,350.000,-1,225.000,250.000,275.000,200.000,300.000,375.000,-1,400.000,475.000,-1,950.000,250.000,-1,225.000,2,1,2,1,1,1,1,0,0,2,0,0,2,0,1,2,1
48,7897.403,-2145.453,19.362,-150.981,-0.870621,0.485101,-0.081833,-0.483040,-0.874458,-0.044672,-0.093230,0.000637,0.995644,0,0.01059,-0.54070,0.636,-1.081,-1,350.000,-1,225.000,275.000,275.000,200.000,300.000,375.000,-1,400.000,475.000,-1,950.000,250.000,-1,225.000,2,1,2,1,1,1,1,0,0,2,0,0,2,0,1,2,1
49,7901.081,-2143.501,19.337,-152.059,-0.879409,0.468559,-0.084212,-0.466488,-0.883432,-0.044010,-0.095017,0.000582,0.995475,0,-0.06941,-0.53912,-4.164,-1.078,-1,350.000,-1,225.000,275.000,250.000,200.000,300.000,350.000,-1,425.000,500.000,-1,925.000,250.000,-1,225.000,2,1,2,1,1,1,1,0,0,2,0,0,2,0,1,2,1
50,7909.077,-2139.450,19.500,-153.134,-0.887706,0.451909,-0.088071,-0.449902,-0.892062,-0.042574,-0.097805,0.001830,0.995204,0,-0.14941,-0.53729,-8.964,-1.075,-1,350.000,-1,225.000,275.000,250.000,200.000,300.000,350.000,-1,500.000,550.000,-1,900.000,275.000,-1,250.000,2,1,2,1,1,1,1,0,0,2,0,0,2,0,1,2,1
51,7921.469,-2133.460,19.890,-154.204,-0.895515,0.435160,-0.093208,-0.433304,-0.900343,-0.040374,-0.101488,0.004232,0.994828,0,-0.22941,-0.53526,-13.764,-1.071,-1,325.000,675.000,225.000,300.000,250.000,200.000,300.000,350.000,-1,600.000,625.000,-1,600.000,275.000,-1,250.000,2,1,1,1,1,1,1,0,0,2,0,0,2,1,1,2,1
52,7938.329,-2125.694,20.557,-155.270,-0.902844,0.418324,-0.099384,-0.416714,-0.908266,-0.037454,-0.105935,0.007599,0.994344,0,-0.30941,-0.53306,-18.564,-1.066,-1,325.000,575.000,225.000,300.000,250.000,200.000,325.000,325.000,-1,-1,-1,-1,550.000,275.000,-1,250.000,2,1,1,1,1,1,1,0,0,2,2,2,2,1,1,2,1
53,7959.728,-2116.314,22.919,-156.332,-0.910341,0.401429,-0.100668,-0.399783,-0.915866,-0.036920,-0.107019,0.006635,0.994235,0,-0.38941,-0.53075,-23.364,-1.062,-1,325.000,550.000,250.000,350.000,250.000,225.000,325.000,325.000,-1,-1,-1,-1,525.000,300.000,-1,300.000,2,1,1,1,1,1,1,0,0,2,2,2,2,1,1,2,1
54,7983.556,-2106.390,25.739,-157.389,-0.917571,0.384474,-0.101205,-0.382740,-0.923123,-0.036805,-0.107576,0.004964,0.994185,0,-0.43019,-0.52837,-25.811,-1.057,-1,350.000,550.000,250.000,425.000,275.000,225.000,325.000,325.000,-1,-1,-1,-1,525.000,325.000,-1,325.000,2,1,1,1,1,1,1,0,0,2,2,2,2,1,1,2,1
55,8007.635,-2096.877,28.589,-158.441,-0.924459,0.367462,-0.101718,-0.365631,-0.930033,-0.036773,-0.108114,0.003196,0.994133,0,-0.43152,-0.52604,-25.891,-1.052,-1,350.000,550.000,275.000,500.000,275.000,250.000,325.000,325.000,-1,-1,-1,-1,525.000,350.000,-1,375.000,2,1,1,1,1,1,1,0,0,2,2,2,2,1,1,2,1
56,8031.964,-2087.775,31.466,-159.488,-0.931008,0.350396,-0.102208,-0.348460,-0.936601,-0.036812,-0.108627,0.001343,0.994082,0,-0.43293,-0.52385,-25.976,-1.048,-1,350.000,550.000,275.000,625.000,275.000,250.000,325.000,325.000,-1,-1,-1,-1,525.000,375.000,-1,400.000,2,1,1,1,1,1,1,0,0,2,2,2,2,1,1,2,1
57,8056.539,-2079.088,34.360,-160.532,-0.937221,0.333280,-0.102666,-0.331233,-0.942828,-0.036885,-0.109090,-0.000563,0.994032,0,-0.43442,-0.52179,-26.065,-1.044,-1,375.000,550.000,300.000,925.000,300.000,275.000,325.000,325.000,-1,-1,-1,-1,525.000,400.000,-1,450.000,2,1,1,1,1,1,1,0,0,2,2,2,2,1,1,2,1
58,8081.357,-2070.819,37.271,-161.572,-0.943102,0.316116,-0.103095,-0.313954,-0.948717,-0.036993,-0.109502,-0.002521,0.993983,0,-0.43599,-0.51986,-26.159,-1.040,-1,375.000,550.000,325.000,-1,300.000,275.000,325.000,325.000,-1,-1,-1,-1,525.000,400.000,-1,500.000,2,1,1,1,2,1,1,0,0,2,2,2,2,1,1,2,1
59,8106.414,-2062.971,40.197,-162.608,-0.948653,0.298907,-0.103497,-0.296626,-0.954271,-0.037137,-0.109865,-0.004530,0.993936,0,-0.43762,-0.51806,-26.257,-1.036,-1,375.000,575.000,325.000,-1,300.000,300.000,325.000,325.000,-1,-1,-1,-1,525.000,425.000,-1,550.000,2,1,1,1,2,0,1,0,0,2,2,2,2,1,1,2,1
60,8131.705,-2055.547,43.137,-163.641,-0.953876,0.281656,-0.103875,-0.279251,-0.959493,-0.037315,-0.110177,-0.006587,0.993890,0,-0.43931,-0.51636,-26.359,-1.033,-1,375.000,575.000,350.000,-1,300.000,300.000,325.000,325.000,-1,-1,-1,-1,550.000,450.000,-1,600.000,2,0,1,1,2,0,1,0,0,2,2,2,2,1,1,2,1
61,8157.227,-2048.551,46.091,-164.670,-0.958774,0.264366,-0.104230,-0.261832,-0.964383,-0.037530,-0.110440,-0.008692,0.993845,0,-0.44105,-0.51479,-26.463,-1.030,-1,375.000,600.000,350.000,-1,300.000,300.000,325.000,325.000,-1,-1,-1,-1,550.000,475.000,-1,650.000,2,0,1,1,2,0,0,0,0,2,2,2,2,1,1,2,1
62,8182.974,-2041.988,49.057,-165.697,-0.963347,0.247039,-0.104566,-0.244374,-0.968945,-0.037780,-0.110652,-0.010842,0.993800,0,-0.44284,-0.51332,-26.570,-1.027,-1,375.000,625.000,375.000,-1,300.000,300.000,325.000,325.000,-1,-1,-1,-1,550.000,500.000,-1,750.000,2,0,1,1,2,0,0,0,0,2,2,2,2,1,1,2,1
63,8208.941,-2035.860,52.034,-166.721,-0.967598,0.229679,-0.104885,-0.226877,-0.973179,-0.038066,-0.110814,-0.013036,0.993756,0,-0.44467,-0.51195,-26.680,-1.024,-1,375.000,650.000,375.000,-1,300.000,300.000,325.000,325.000,-1,-1,-1,-1,575.000,525.000,-1,850.000,2,0,1,1,2,0,0,0,0,2,2,2,2,1,1,2,1
64,8235.122,-2030.172,55.020,-167.742,-0.971529,0.212289,-0.105188,-0.209347,-0.977088,-0.038386,-0.110926,-0.015273,0.993711,0,-0.44654,-0.51068,-26.792,-1.021,-1,375.000,675.000,400.000,-1,300.000,325.000,325.000,325.000,-1,-1,-1,-1,575.000,550.000,-1,-1,2,0,1,1,2,0,0,0,0,2,2,2,2,1,1,2,2
65,8261.513,-2024.929,58.014,-168.761,-0.975141,0.194871,-0.105478,-0.191786,-0.980672,-0.038741,-0.110988,-0.017549,0.993667,0,-0.44844,-0.50952,-26.906,-1.019,-1,375.000,725.000,400.000,-1,300.000,325.000,325.000,325.000,-1,-1,-1,-1,600.000,575.000,-1,-1,2,0,1,0,2,0,0,0,0,2,2,2,2,1,1,2,2
66,8288.106,-2020.135,61.016,-169.778,-0.978435,0.177428,-0.105757,-0.174196,-0.983933,-0.039129,-0.111000,-0.019863,0.993622,0,-0.45037,-0.50844,-27.022,-1.017,-1,375.000,750.000,400.000,-1,300.000,325.000,325.000,325.000,-1,-1,-1,-1,600.000,600.000,-1,-1,2,0,1,0,2,0,0,0,0,2,2,2,2,1,1,2,2
67,8314.896,-2015.793,64.022,-170.793,-0.981412,0.159964,-0.106027,-0.156582,-0.986873,-0.039550,-0.110962,-0.022213,0.993576,0,-0.45233,-0.50746,-27.140,-1.015,-1,375.000,775.000,400.000,-1,300.000,325.000,325.000,325.000,-1,-1,-1,-1,625.000,625.000,950.000,-1,2,0,1,0,2,0,0,0,0,2,2,2,2,1,1,1,2
68,8336.995,-2012.518,66.492,-171.568,-0.983474,0.146597,-0.106248,-0.143093,-0.988904,-0.039926,-0.110922,-0.024062,0.993538,0,-0.37233,-0.38746,-22.340,-0.775,-1,375.000,800.000,400.000,-1,300.000,325.000,325.000,325.000,-1,-1,-1,-1,625.000,650.000,925.000,-1,2,0,1,0,2,0,0,0,0,2,2,2,2,1,1,1,2
69,8354.377,-2010.174,68.427,-172.318,-0.985301,0.133637,-0.106409,-0.130026,-0.990695,-0.040211,-0.110792,-0.025784,0.993509,0,-0.29233,-0.37490,-17.540,-0.750,-1,375.000,850.000,400.000,-1,300.000,325.000,325.000,325.000,-1,-1,-1,-1,625.000,675.000,900.000,-1,2,0,1,0,2,0,0,0,0,2,2,2,2,1,1,1,2
70,8367.024,-2008.637,69.831,-173.066,-0.986962,0.120677,-0.106509,-0.116972,-0.992313,-0.040396,-0.110565,-0.027411,0.993491,0,-0.21233,-0.37432,-12.740,-0.749,-1,375.000,850.000,400.000,-1,300.000,325.000,325.000,325.000,-1,-1,-1,-1,625.000,675.000,900.000,-1,2,0,1,0,2,0,0,0,0,2,2,2,2,1,1,1,2
71,8374.917,-2007.782,70.708,-173.814,-0.988456,0.107716,-0.106548,-0.103932,-0.993761,-0.040473,-0.110243,-0.028932,0.993483,0,-0.13233,-0.37375,-7.940,-0.747,-1,375.000,875.000,400.000,-1,300.000,325.000,325.000,325.000,-1,-1,-1,-1,625.000,700.000,875.000,-1,2,0,1,0,2,0,0,0,0,2,2,2,2,1,1,1,2
72,8378.043,-2007.485,71.059,-174.560,-0.989784,0.094759,-0.106527,-0.090910,-0.995038,-0.040437,-0.109830,-0.030340,0.993487,0,-0.05233,-0.37316,-3.140,-0.746,-1,375.000,900.000,400.000,-1,300.000,325.000,325.000,325.000,-1,-1,-1,-1,625.000,700.000,850.000,-1,2,0,1,0,2,0,0,0,0,2,2,2,2,1,1,1,2
73,8376.389,-2007.621,70.890,-175.305,-0.990948,0.081808,-0.106444,-0.077910,-0.996146,-0.040285,-0.109329,-0.031628,0.993502,0,0.02767,-0.37254,1.660,-0.745,-1,375.000,900.000,400.000,-1,300.000,325.000,325.000,325.000,-1,-1,-1,-1,625.000,700.000,850.000,-1,2,0,1,0,2,0,0,0,0,2,2,2,2,1,1,1,2
74,8369.944,-2008.067,70.205,-176.049,-0.991946,0.068868,-0.106299,-0.064937,-0.997087,-0.040014,-0.108745,-0.032789,0.993529,0,0.10767,-0.37188,6.460,-0.744,-1,375.000,900.000,400.000,-1,300.000,325.000,325.000,325.000,-1,-1,-1,-1,625.000,725.000,825.000,-1,2,0,1,0,2,0,0,0,0,2,2,2,2,1,1,1,2
75,8358.701,-2008.698,69.009,-176.791,-0.992781,0.055943,-0.106091,-0.051996,-0.997861,-0.039621,-0.108080,-0.033818,0.993567,0,0.18767,-0.37115,11.260,-0.742,-1,375.000,925.000,400.000,-1,325.000,325.000,325.000,325.000,-1,-1,-1,-1,600.000,725.000,775.000,-1,2,0,1,0,2,0,0,0,0,2,2,2,2,1,1,1,2
76,8342.656,-2009.390,67.295,-177.532,-0.993450,0.043038,-0.105854,-0.039084,-0.998469,-0.039151,-0.107377,-0.034758,0.993611,0,0.26767,-0.37034,16.060,-0.741,-1,375.000,925.000,400.000,-1,325.000,325.000,325.000,325.000,-1,-1,-1,-1,600.000,750.000,750.000,-1,2,0,1,0,2,0,0,0,0,2,2,2,2,1,1,1,2
77,8321.805,-2010.020,65.076,-178.271,-0.993955,0.030158,-0.105569,-0.026212,-0.998912,-0.038577,-0.106618,-0.035576,0.993663,0,0.34767,-0.36942,20.860,-0.739,-1,375.000,925.000,400.000,-1,325.000,325.000,325.000,325.000,-1,-1,-1,-1,575.000,750.000,725.000,-1,2,0,1,0,2,0,0,0,0,2,2,2,2,1,1,1,2
78,8296.149,-2010.465,62.357,-179.007,-0.994297,0.017311,-0.105231,-0.013387,-0.999192,-0.037887,-0.105801,-0.036262,0.993726,0,0.42767,-0.36838,25.660,-0.737,-1,375.000,925.000,400.000,-1,325.000,325.000,325.000,325.000,-1,-1,-1,-1,550.000,775.000,675.000,-1,2,0,1,0,2,0,0,0,0,2,2,2,2,1,1,1,2
79,8265.690,-2010.728,59.142,-179.504,-0.994451,0.008647,-0.104848,-0.004779,-0.999301,-0.037088,-0.105095,-0.036381,0.993796,0,0.50767,-0.24838,30.460,-0.497,-1,375.000,900.000,400.000,-1,325.000,325.000,325.000,325.000,-1,-1,-1,-1,525.000,800.000,650.000,-1,2,0,1,0,2,0,0,0,0,2,2,2,2,1,1,1,2
80,8230.430,-2010.875,55.430,-179.761,-0.994525,0.004169,-0.104420,-0.000391,-0.999345,-0.036176,-0.104502,-0.035937,0.993875,0,0.58767,-0.12838,35.260,-0.257,-1,375.000,875.000,400.000,-1,325.000,325.000,325.000,325.000,-1,-1,-1,-1,500.000,825.000,600.000,-1,2,0,1,0,2,0,0,0,0,2,2,2,2,1,1,1,2
81,8190.371,-2011.029,51.216,-179.778,-0.994576,0.003877,-0.103943,-0.000223,-0.999382,-0.035146,-0.104015,-0.034932,0.993962,0,0.66767,-0.00838,40.060,-0.017,800.000,375.000,850.000,400.000,-1,325.000,325.000,325.000,325.000,-1,-1,-1,-1,475.000,850.000,550.000,-1,1,1,1,1,2,0,0,0,0,2,2,2,2,1,1,1,2
82,8145.512,-2011.377,46.497,-179.554,-0.994608,0.007772,-0.103414,-0.004275,-0.999413,-0.033991,-0.103617,-0.033366,0.994057,0,0.74767,0.11162,44.860,0.223,700.000,350.000,800.000,375.000,-1,325.000,325.000,325.000,325.000,-1,-1,-1,-1,450.000,825.000,500.000,-1,1,1,1,1,2,1,1,0,0,2,2,2,2,1,1,1,2
83,8095.858,-2012.163,41.267,-179.091,-0.994573,0.015853,-0.102823,-0.012548,-0.999386,-0.032705,-0.103278,-0.031238,0.994162,0,0.82767,0.23162,49.660,0.463,625.000,325.000,725.000,375.000,-1,300.000,300.000,325.000,325.000,-1,-1,-1,-1,400.000,750.000,450.000,-1,1,1,1,1,2,1,1,0,0,2,2,2,2,1,1,1,2
84,8041.420,-2013.694,35.523,-178.388,-0.994371,0.028120,-0.102159,-0.025043,-0.999197,-0.031281,-0.102957,-0.028546,0.994276,0,0.90767,0.35162,54.460,0.703,550.000,300.000,650.000,350.000,-1,275.000,275.000,325.000,325.000,-1,-1,-1,-1,375.000,675.000,400.000,-1,1,1,1,1,2,1,1,0,0,2,2,2,2,1,1,1,2
85,7982.219,-2016.334,29.218,-177.445,-0.993833,0.044569,-0.101539,-0.041732,-0.998682,-0.029893,-0.102738,-0.025471,0.994382,0,0.98767,0.47162,59.260,0.943,475.000,275.000,575.000,325.000,-1,250.000,275.000,325.000,325.000,-1,-1,-1,-1,325.000,600.000,350.000,-1,1,1,1,1,2,1,1,0,0,2,2,2,2,1,1,1,2
86,7922.775,-2020.217,22.813,-176.261,-0.992744,0.065187,-0.101046,-0.062583,-0.997626,-0.028733,-0.102679,-0.022201,0.994467,0,0.99286,0.59162,59.571,1.183,400.000,225.000,500.000,300.000,-1,225.000,250.000,325.000,325.000,-1,-1,-1,-1,300.000,525.000,300.000,-1,1,1,1,1,2,1,1,0,0,2,2,2,2,1,1,1,2
87,7863.019,-2025.615,17.036,-174.838,-0.991075,0.089947,-0.098385,-0.087372,-0.995718,-0.030188,-0.100680,-0.021322,0.994690,0,1.00000,0.71162,60.000,1.423,350.000,200.000,425.000,275.000,-1,200.000,225.000,325.000,325.000,-1,-1,-1,-1,250.000,450.000,250.000,900.000,1,1,1,1,2,1,1,0,0,2,2,2,2,1,1,1,1
88,7803.447,-2032.740,15.752,-173.175,-0.989410,0.118828,-0.083356,-0.117355,-0.992838,-0.022375,-0.085418,-0.012356,0.996269,0,1.00000,0.83162,60.000,1.663,425.000,175.000,400.000,275.000,-1,175.000,200.000,350.000,350.000,-1,425.000,350.000,-1,225.000,425.000,250.000,850.000,1,1,1,1,2,1,1,0,0,2,0,0,2,1,1,1,1
89,7744.146,-2041.841,16.596,-171.272,-0.986426,0.151748,-0.062737,-0.151534,-0.988418,-0.008176,-0.063251,0.001442,0.997997,0,1.00000,0.95162,60.000,1.903,-1,175.000,375.000,250.000,-1,175.000,200.000,400.000,350.000,-1,250.000,200.000,-1,225.000,400.000,300.000,775.000,2,1,1,1,2,1,1,0,0,2,0,0,2,1,1,1,1
90,7685.197,-2053.010,17.584,-169.272,-0.981634,0.186140,-0.041803,-0.186433,-0.982462,0.003201,-0.040474,0.010935,0.999121,0,1.00000,1.00000,60.000,2.000,-1,175.000,350.000,250.000,-1,150.000,200.000,450.000,375.000,-1,200.000,125.000,-1,200.000,375.000,-1,725.000,2,1,1,1,2,1,1,0,0,2,0,0,2,1,1,2,1
91,7626.674,-2066.230,18.801,-167.272,-0.975227,0.220300,-0.019992,-0.220557,-0.975304,0.011704,-0.016920,0.015823,0.999732,0,1.00000,1.00000,60.000,2.000,-1,150.000,325.000,250.000,-1,150.000,175.000,475.000,400.000,-1,150.000,100.000,925.000,200.000,350.000,-1,700.000,2,1,1,1,2,1,1,0,0,2,0,0,0,1,1,2,1
92,9511.036,2951.678,-90.499,-75.607,0.242974,0.968238,-0.058979,-0.961365,0.248467,0.118500,0.129391,0.027908,0.991201,1,0.00000,0.00000,60.000,2.000,-1,375.000,-1,350.000,-1,300.000,275.000,325.000,375.000,-1,-1,950.000,-1,800.000,-1,-1,-1,2,0,2,1,2,0,0,0,1,2,2,0,2,0,2,2,2
93,9512.230,2947.029,-89.824,-75.592,0.243248,0.968171,-0.058949,-0.961306,0.248734,0.118413,0.129306,0.027865,0.991213,0,0.08000,0.00787,4.800,0.016,-1,375.000,-1,350.000,-1,300.000,275.000,325.000,375.000,-1,-1,975.000,-1,800.000,-1,-1,-1,2,0,2,1,2,0,0,0,1,2,2,0,2,0,2,2,2
94,9514.621,2937.732,-88.475,-75.577,0.243508,0.968109,-0.058893,-0.961264,0.248979,0.118239,0.129132,0.027820,0.991237,0,0.16000,0.00725,9.600,0.014,-1,375.000,-1,350.000,-1,300.000,275.000,325.000,375.000,-1,-1,1000.000,-1,800.000,-1,-1,-1,2,0,2,1,2,0,0,0,1,2,2,0,2,0,2,2,2
95,9518.211,2923.786,-86.447,-75.565,0.243733,0.968059,-0.058789,-0.961241,0.249183,0.118001,0.128881,0.027750,0.991272,0,0.24000,0.00602,14.400,0.012,-1,375.000,-1,350.000,-1,300.000,275.000,325.000,375.000,-1,-1,-1,-1,800.000,-1,-1,-1,2,0,2,1,2,0,0,0,1,2,2,2,2,0,2,2,2
96,9522.999,2905.193,-83.732,-75.557,0.243908,0.968026,-0.058603,-0.961237,0.249325,0.117731,0.128577,0.027616,0.991315,0,0.32000,0.00418,19.200,0.008,-1,375.000,-1,350.000,-1,300.000,275.000,325.000,400.000,-1,-1,-1,-1,800.000,-1,-1,-1,2,0,2,1,2,0,0,0,1,2,2,2,2,0,2,2,2
97,9528.987,2881.952,-80.322,-75.553,0.244016,0.968018,-0.058291,-0.961254,0.249384,0.117469,0.128249,0.027368,0.991364,0,0.40000,0.00171,24.000,0.003,-1,375.000,-1,325.000,-1,300.000,275.000,325.000,400.000,-1,-1,-1,-1,800.000,-1,-1,-1,2,0,2,1,2,0,0,0,1,2,2,2,2,0,2,2,2
98,9536.170,2854.062,-76.203,-75.556,0.244040,0.968041,-0.057798,-0.961290,0.249339,0.117267,0.127931,0.026943,0.991417,0,0.48000,-0.00142,28.800,-0.003,-1,375.000,-1,325.000,-1,300.000,275.000,325.000,425.000,-1,-1,-1,-1,800.000,-1,-1,-1,2,0,2,1,2,0,0,0,1,2,2,2,2,0,2,2,2
99,9544.544,2821.523,-71.363,-75.567,0.243964,0.968104,-0.057060,-0.961344,0.249167,0.117188,0.127667,0.026265,0.991469,0,0.56000,-0.00523,33.600,-0.010,-1,375.000,-1,325.000,-1,300.000,275.000,325.000,450.000,-1,-1,-1,-1,825.000,-1,-1,-1,2,0,2,0,2,0,0,0,1,2,2,2,2,0,2,2,2
100,9554.102,2784.331,-65.785,-75.586,0.243772,0.968214,-0.056001,-0.961414,0.248844,0.117300,0.127507,0.025245,0.991516,0,0.64000,-0.00975,38.400,-0.019,-1,375.000,-1,350.000,-1,300.000,275.000,325.000,500.000,-1,-1,-1,-1,825.000,925.000,-1,-1,2,0,2,0,2,0,0,0,1,2,2,2,2,0,1,2,2
101,9564.833,2742.485,-59.452,-75.616,0.243449,0.968379,-0.054535,-0.961496,0.248346,0.117683,0.127505,0.023786,0.991553,0,0.72000,-0.01499,43.200,-0.030,-1,375.000,-1,350.000,-1,300.000,300.000,325.000,550.000,-1,-1,-1,-1,825.000,775.000,-1,-1,2,0,2,0,2,0,0,0,1,2,2,2,2,0,1,2,2
102,9576.728,2695.982,-52.474,-75.651,0.243033,0.968563,-0.053118,-0.961521,0.247774,0.118678,0.128109,0.022231,0.991511,0,0.80000,-0.01718,48.000,-0.034,-1,400.000,-1,350.000,-1,300.000,300.000,325.000,600.000,-1,-1,-1,-1,850.000,700.000,-1,-1,2,0,2,0,2,0,0,0,1,2,2,2,2,0,0,2,2
103,9589.783,2644.821,-46.258,-75.687,0.241905,0.968640,-0.056735,-0.961631,0.247132,0.119126,0.129412,0.025741,0.991257,0,0.88000,-0.01837,52.800,-0.037,-1,400.000,-1,350.000,-1,300.000,300.000,325.000,650.000,-1,-1,-1,-1,875.000,700.000,-1,-1,2,0,2,0,2,0,0,0,1,2,2,2,2,0,0,2,2
104,9602.722,2593.974,-40.306,-75.726,0.240728,0.968695,-0.060661,-0.961920,0.246447,0.118210,0.129459,0.029895,0.991134,0,0.87446,-0.01942,52.467,-0.039,-1,400.000,-1,350.000,-1,300.000,300.000,325.000,675.000,-1,-1,-1,-1,900.000,700.000,-1,-1,2,0,2,0,2,0,0,0,1,2,2,2,2,0,0,2,2
105,9615.533,2543.477,-33.935,-75.766,0.239737,0.968808,-0.062745,-0.962036,0.245750,0.118719,0.130435,0.031902,0.990943,0,0.86828,-0.02018,52.097,-0.040,-1,400.000,-1,350.000,-1,325.000,300.000,325.000,-1,-1,-1,-1,-1,900.000,700.000,-1,-1,2,0,2,0,2,0,0,0,2,2,2,2,2,0,0,2,2
106,9628.212,2493.341,-27.337,-75.808,0.239069,0.969010,-0.062176,-0.962031,0.245058,0.120179,0.131691,0.031084,0.990803,0,0.86190,-0.02063,51.714,-0.041,-1,400.000,-1,350.000,-1,325.000,300.000,325.000,-1,-1,-1,-1,-1,925.000,725.000,-1,-1,2,0,2,0,2,0,0,0,2,2,2,2,2,0,0,2,2
107,9640.758,2443.571,-20.308,-75.849,0.238588,0.969265,-0.060004,-0.961859,0.244374,0.122914,0.133800,0.028389,0.990602,0,0.85543,-0.02079,51.326,-0.042,-1,425.000,-1,375.000,-1,325.000,300.000,325.000,-1,-1,-1,0.000,-1,950.000,750.000,-1,-1,2,0,2,0,2,0,0,0,2,2,2,0,2,0,0,2,2
108,9653.174,2394.166,-12.858,-75.891,0.238317,0.969556,-0.056269,-0.961513,0.243704,0.126887,0.136737,0.023864,0.990320,0,0.84901,-0.02066,50.941,-0.041,-1,425.000,-1,375.000,-1,325.000,325.000,325.000,-1,-1,-1,0.000,-1,1000.000,800.000,-1,-1,2,0,2,0,2,0,0,0,2,2,2,0,2,0,0,2,2
109,9666.844,2340.546,-3.975,-75.692,0.242524,0.968867,-0.049792,-0.959713,0.247106,0.133750,0.141890,0.015348,0.989763,0,0.92221,0.09934,55.333,0.199,-1,450.000,-1,400.000,-1,350.000,325.000,325.000,-1,-1,50.000,0.000,-1,-1,900.000,-1,-1,2,0,2,0,2,0,0,0,2,2,0,0,2,2,0,2,2
110,9680.822,2287.440,2.834,-75.253,0.250143,0.966969,-0.048978,-0.957926,0.254523,0.132650,0.140734,0.013736,0.989952,0,0.91527,0.21934,54.916,0.439,-1,450.000,-1,400.000,-1,350.000,325.000,325.000,-1,-1,0.000,0.000,-1,-1,900.000,-1,-1,2,0,2,0,2,0,0,0,2,2,0,0,2,2,0,2,2
111,9695.256,2234.882,9.452,-74.643,0.260644,0.964224,-0.048347,-0.955427,0.264810,0.130516,0.138650,0.012174,0.990267,0,0.90841,0.30505,54.505,0.610,-1,450.000,-1,400.000,-1,350.000,325.000,325.000,-1,-1,0.000,0.000,-1,-1,900.000,-1,-1,2,0,2,0,2,0,0,0,2,2,0,0,2,2,0,2,2
112,9710.143,2182.856,16.147,-74.030,0.271254,0.961358,-0.047034,-0.952827,0.275118,0.128179,0.136166,0.010046,0.990635,0,0.90191,0.30653,54.114,0.613,-1,450.000,-1,400.000,-1,350.000,325.000,325.000,-1,-1,0.000,0.000,-1,-1,875.000,-1,-1,2,0,2,0,2,0,0,0,2,2,0,0,2,2,0,2,2
113,9725.491,2131.326,22.928,-73.413,0.281980,0.958364,-0.045007,-0.950120,0.285455,0.125650,0.133266,0.007331,0.991053,0,0.89613,0.30831,53.768,0.617,-1,425.000,-1,400.000,-1,350.000,325.000,325.000,-1,-1,0.000,0.000,-1,1000.000,875.000,-1,-1,2,0,2,0,2,0,0,0,2,2,0,0,2,0,0,2,2
114,9741.307,2080.252,29.804,-72.793,0.292824,0.955233,-0.042231,-0.947297,0.295827,0.122941,0.129930,0.004005,0.991515,0,0.89113,0.31039,53.468,0.621,-1,425.000,-1,400.000,-1,350.000,325.000,325.000,-1,-1,-1,0.000,-1,975.000,875.000,-1,-1,2,0,2,0,2,0,0,0,2,2,2,0,2,0,0,2,2
115,9757.603,2029.595,35.745,-72.167,0.303199,0.951948,-0.043201,-0.944137,0.306237,0.121752,0.129132,0.003872,0.991620,0,0.88690,0.31272,53.214,0.625,-1,425.000,-1,400.000,-1,350.000,325.000,325.000,-1,-1,0.000,0.000,-1,975.000,875.000,-1,-1,2,0,2,0,2,0,0,0,2,2,0,0,2,0,0,2,2
116,9774.390,1979.317,41.433,-71.537,0.313557,0.948517,-0.044683,-0.940920,0.316694,0.119892,0.127871,0.004450,0.991781,0,0.88344,0.31529,53.007,0.631,-1,425.000,-1,400.000,-1,350.000,325.000,325.000,-1,-1,0.000,0.000,-1,975.000,875.000,-1,-1,2,0,2,0,2,0,0,0,2,2,0,0,2,0,0,2,2
117,9791.680,1929.384,47.631,-70.901,0.324297,0.944948,-0.043639,-0.937663,0.327207,0.117144,0.124974,0.002930,0.992156,0,0.88071,0.31807,52.843,0.636,-1,425.000,-1,400.000,-1,350.000,325.000,325.000,-1,-1,0.000,0.000,-1,950.000,875.000,-1,-1,2,0,2,0,2,0,0,0,2,2,0,0,2,0,0,2,2
118,9810.557,1876.768,54.690,-70.263,0.335452,0.941251,-0.038962,-0.934349,0.337703,0.113792,0.120264,-0.001767,0.992740,0,0.93169,0.31879,55.901,0.638,-1,425.000,-1,400.000,-1,325.000,325.000,325.000,-1,-1,-1,0.000,-1,925.000,850.000,-1,-1,2,0,2,0,2,0,0,0,2,2,2,0,2,0,0,2,2
119,9829.894,1824.700,62.188,-69.625,0.346961,0.937387,-0.030401,-0.930973,0.348151,0.109913,0.113615,-0.009833,0.993476,0,0.92575,0.31915,55.545,0.638,-1,425.000,-1,400.000,-1,325.000,325.000,325.000,-1,-1,-1,-1,-1,875.000,825.000,-1,-1,2,0,2,0,2,0,0,0,2,2,2,2,2,0,0,2,2
120,9849.689,1773.171,70.328,-68.985,0.358647,0.933289,-0.018534,-0.927559,0.358536,0.105288,0.104910,-0.020570,0.994269,0,0.92004,0.31984,55.202,0.640,-1,400.000,-1,400.000,-1,325.000,325.000,325.000,-1,-1,-1,-1,-1,800.000,825.000,-1,-1,2,0,2,0,2,0,0,0,2,2,2,2,2,0,0,2,2
121,9869.941,1722.167,76.703,-68.343,0.369498,0.929122,-0.014286,-0.923698,0.368929,0.103315,0.101263,-0.024978,0.994546,0,0.91464,0.32085,54.879,0.642,-1,400.000,-1,400.000,-1,325.000,325.000,325.000,-1,-1,-1,-1,-1,800.000,800.000,-1,-1,2,0,2,0,2,0,0,0,2,2,2,2,2,0,0,2,2
122,9890.653,1671.671,82.237,-67.699,0.380017,0.924879,-0.013616,-0.919557,0.379339,0.102553,0.100014,-0.026451,0.994634,0,0.90966,0.32215,54.579,0.644,-1,400.000,-1,400.000,-1,325.000,325.000,325.000,-1,-1,-1,-1,-1,775.000,800.000,-1,-1,2,0,2,0,2,0,0,0,2,2,2,2,2,0,0,2,2
123,9911.828,1621.661,87.740,-67.052,0.390539,0.920496,-0.012924,-0.915267,0.389751,0.101881,0.098818,-0.027960,0.994713,0,0.90514,0.32374,54.309,0.647,-1,400.000,-1,400.000,-1,325.000,325.000,325.000,-1,-1,-1,-1,-1,775.000,800.000,-1,-1,2,0,2,0,2,0,0,0,2,2,2,2,2,0,0,2,2
124,9933.475,1572.114,93.215,-66.400,0.401070,0.915966,-0.012214,-0.910825,0.400170,0.101300,0.097675,-0.029504,0.994781,0,0.90115,0.32560,54.069,0.651,-1,400.000,-1,400.000,-1,325.000,325.000,325.000,-1,-1,-1,-1,-1,775.000,800.000,-1,-1,2,0,2,0,2,0,0,0,2,2,2,2,2,0,0,2,2
125,9955.601,1523.008,98.665,-65.745,0.411616,0.911285,-0.011487,-0.906225,0.410601,0.100811,0.096584,-0.031085,0.994839,0,0.89769,0.32769,53.861,0.655,-1,400.000,-1,400.000,-1,325.000,325.000,325.000,-1,-1,-1,-1,-1,775.000,800.000,-1,-1,2,0,2,0,2,0,0,0,2,2,2,2,2,0,0,2,2
126,9978.290,1473.612,104.167,-65.330,0.418285,0.908251,-0.010803,-0.903262,0.417182,0.100382,0.095679,-0.032231,0.994890,0,0.90596,0.20769,54.358,0.415,-1,400.000,-1,400.000,-1,325.000,325.000,325.000,-1,-1,-1,-1,-1,775.000,800.000,-1,-1,2,0,2,0,2,0,0,0,2,2,2,2,2,0,0,2,2
127,10001.077,1424.401,109.551,-65.154,0.421078,0.906962,-0.010689,-0.902004,0.419956,0.100128,0.095301,-0.032520,0.994917,0,0.90384,0.08769,54.230,0.175,-1,400.000,-1,400.000,-1,325.000,325.000,325.000,325.000,-1,-1,-1,-1,775.000,800.000,-1,-1,2,0,2,0,2,0,0,0,0,2,2,2,2,0,0,2,2
128,10023.773,1375.240,114.840,-65.219,0.420014,0.907450,-0.011042,-0.902504,0.418940,0.099876,0.095258,-0.031984,0.994939,0,0.90246,-0.03231,54.148,-0.065,-1,400.000,-1,400.000,-1,325.000,325.000,325.000,325.000,-1,-1,-1,-1,775.000,800.000,-1,-1,2,0,2,0,2,0,0,0,0,2,2,2,2,0,0,2,2
129,10046.189,1325.998,119.982,-65.523,0.415076,0.909710,-0.011783,-0.904830,0.414131,0.098884,0.094836,-0.030383,0.995029,0,0.90173,-0.15231,54.104,-0.305,-1,400.000,-1,400.000,-1,325.000,325.000,325.000,325.000,-1,-1,-1,-1,775.000,800.000,-1,-1,2,0,2,0,2,0,0,0,0,2,2,2,2,0,1,2,2
130,10068.133,1276.553,125.069,-66.068,0.406318,0.913649,-0.012309,-0.908793,0.405484,0.098374,0.094870,-0.028785,0.995073,0,0.90158,-0.27231,54.095,-0.545,-1,400.000,-1,400.000,-1,325.000,325.000,325.000,325.000,-1,-1,-1,-1,775.000,825.000,-1,-1,2,0,2,0,2,0,0,0,0,2,2,2,2,0,1,2,2
131,10090.148,1225.056,130.326,-66.853,0.393675,0.919162,-0.012735,-0.914305,0.392955,0.098148,0.095219,-0.026995,0.995090,0,0.93344,-0.39231,56.006,-0.785,-1,400.000,-1,400.000,-1,325.000,325.000,325.000,325.000,-1,-1,-1,-1,775.000,825.000,-1,-1,2,0,2,0,2,0,0,0,0,2,2,2,2,0,1,2,2
132,10111.328,1173.330,135.572,-67.732,0.379430,0.925129,-0.012981,-0.920270,0.378812,0.098004,0.095584,-0.025240,0.995101,0,0.93156,-0.43989,55.894,-0.880,-1,400.000,-1,400.000,-1,325.000,325.000,325.000,325.000,-1,-1,-1,-1,775.000,850.000,-1,-1,2,0,2,0,2,0,0,0,0,2,2,2,2,0,1,2,2
133,10131.677,1121.378,140.715,-68.610,0.365188,0.930850,-0.012502,-0.926032,0.364608,0.097599,0.095409,-0.024065,0.995147,0,0.92992,-0.43882,55.795,-0.878,-1,400.000,-1,400.000,-1,325.000,325.000,325.000,325.000,-1,-1,-1,-1,750.000,850.000,-1,-1,2,0,2,0,2,0,0,0,0,2,2,2,2,1,1,2,2
134,10151.198,1069.205,145.907,-69.485,0.350893,0.936338,-0.012075,-0.931565,0.350357,0.097145,0.095191,-0.022839,0.995197,0,0.92842,-0.43762,55.705,-0.875,-1,400.000,-1,400.000,-1,325.000,325.000,325.000,325.000,-1,-1,-1,-1,700.000,875.000,-1,-1,2,0,2,0,2,0,0,0,0,2,2,2,2,1,1,2,2
135,10169.896,1016.818,151.144,-70.358,0.336554,0.941591,-0.011700,-0.936867,0.336067,0.096642,0.094929,-0.021564,0.995250,0,0.92706,-0.43629,55.624,-0.873,-1,400.000,-1,400.000,-1,325.000,325.000,325.000,325.000,-1,-1,-1,-1,675.000,875.000,975.000,-1,2,0,2,1,2,0,0,0,0,2,2,2,2,1,1,1,2
