timestep,x_cm,y_cm,z_cm,yaw_deg,basis_xx,basis_xy,basis_xz,basis_yx,basis_yy,basis_yz,basis_zx,basis_zy,basis_zz,teleport_flag,throttle_cmd,steering_cmd,cmd_move_cm,cmd_turn_deg,lidar_cm_0,lidar_cm_1,lidar_cm_2,lidar_cm_3,lidar_cm_4,lidar_cm_5,lidar_cm_6,lidar_cm_7,lidar_cm_8,lidar_cm_9,lidar_cm_10,lidar_cm_11,lidar_cm_12,lidar_cm_13,lidar_cm_14,lidar_cm_15,lidar_cm_16,lidar_class_0,lidar_class_1,lidar_class_2,lidar_class_3,lidar_class_4,lidar_class_5,lidar_class_6,lidar_class_7,lidar_class_8,lidar_class_9,lidar_class_10,lidar_class_11,lidar_class_12,lidar_class_13,lidar_class_14,lidar_class_15,lidar_class_16
0,4268.254,-2952.698,-138.979,-12.148,0.977331,0.210346,-0.024042,-0.210947,0.977153,-0.025962,0.018032,0.030445,0.999374,1,0.08000,0.12000,4.800,0.240,-1,400.000,-1,400.000,-1,325.000,325.000,300.000,300.000,-1,-1,-1,-1,900.000,825.000,-1,-1,2,0,2,0,2,0,0,0,0,2,2,2,2,0,0,2,2
1,4277.655,-2954.640,-138.803,-11.668,0.979066,0.202154,-0.023739,-0.202747,0.978887,-0.025968,0.017988,0.030238,0.999381,0,0.16000,0.24000,9.600,0.480,-1,400.000,-1,400.000,-1,325.000,325.000,300.000,300.000,-1,-1,-1,-1,900.000,800.000,-1,-1,2,0,2,0,2,0,0,0,0,2,2,2,2,0,0,2,2
2,4291.784,-2957.424,-138.538,-11.147,0.980876,0.193231,-0.023305,-0.193813,0.980694,-0.025988,0.017833,0.030008,0.999391,0,0.24000,0.26093,14.400,0.522,-1,400.000,-1,400.000,-1,325.000,325.000,300.000,300.000,-1,-1,-1,-1,900.000,800.000,-1,-1,2,0,2,0,2,0,0,0,0,2,2,2,2,0,0,2,2
3,4310.654,-2960.964,-138.181,-10.624,0.982609,0.184289,-0.022743,-0.184856,0.982421,-0.026027,0.017547,0.029779,0.999402,0,0.32000,0.26105,19.200,0.522,-1,400.000,-1,400.000,-1,325.000,325.000,300.000,300.000,-1,-1,-1,-1,900.000,800.000,-1,-1,2,0,2,0,2,0,0,0,0,2,2,2,2,0,0,2,2
4,4334.282,-2965.173,-137.731,-10.102,0.984264,0.175322,-0.022054,-0.175872,0.984067,-0.026091,0.017129,0.029559,0.999416,0,0.40000,0.26127,24.000,0.523,-1,400.000,-1,400.000,-1,325.000,325.000,300.000,300.000,-1,-1,-1,-1,900.000,800.000,-1,-1,2,0,2,0,2,0,0,0,0,2,2,2,2,0,0,2,2
5,4362.681,-2969.966,-137.184,-9.579,0.985841,0.166330,-0.021239,-0.166859,0.985633,-0.026184,0.016578,0.029357,0.999432,0,0.48000,0.26159,28.800,0.523,-1,400.000,-1,400.000,-1,325.000,325.000,300.000,300.000,-1,-1,-1,-1,900.000,800.000,-1,-1,2,0,2,0,2,0,0,0,0,2,2,2,2,0,0,2,2
6,4395.862,-2975.254,-136.539,-9.055,0.987341,0.157310,-0.020295,-0.157816,0.987118,-0.026311,0.015895,0.029181,0.999448,0,0.56000,0.26200,33.600,0.524,-1,400.000,-1,400.000,-1,325.000,325.000,300.000,300.000,-1,-1,-1,-1,900.000,800.000,-1,-1,2,0,2,0,2,0,0,0,0,2,2,2,2,1,0,2,2
7,4433.837,-2980.949,-135.795,-8.530,0.988762,0.148260,-0.019223,-0.148739,0.988522,-0.026480,0.015077,0.029041,0.999464,0,0.64000,0.26248,38.400,0.525,-1,425.000,-1,400.000,-1,325.000,325.000,300.000,300.000,-1,-1,-1,-1,875.000,800.000,-1,-1,2,0,2,0,2,0,0,0,0,2,2,2,2,1,0,2,2
8,4475.667,-2986.831,-134.968,-8.004,0.990103,0.139178,-0.018049,-0.139629,0.989844,-0.026689,0.014151,0.028945,0.999481,0,0.70403,0.26303,42.242,0.526,-1,425.000,-1,400.000,-1,325.000,325.000,300.000,300.000,-1,-1,-1,-1,850.000,800.000,-1,-1,2,0,2,0,2,0,0,0,0,2,2,2,2,1,0,2,2
9,4517.875,-2992.370,-134.125,-7.476,0.991362,0.130064,-0.016865,-0.130486,0.991085,-0.026916,0.013214,0.028884,0.999495,0,0.70949,0.26362,42.569,0.527,-1,425.000,-1,400.000,-1,325.000,325.000,300.000,300.000,-1,-1,-1,-1,800.000,800.000,-1,-1,2,0,2,0,2,0,0,0,0,2,2,2,2,1,0,2,2
10,4560.459,-2997.560,-133.305,-6.948,0.992537,0.120921,-0.015777,-0.121314,0.992247,-0.026991,0.012391,0.028703,0.999511,0,0.71500,0.26416,42.900,0.528,-1,425.000,-1,400.000,-1,325.000,325.000,300.000,300.000,-1,-1,-1,-1,775.000,800.000,-1,975.000,2,0,2,0,2,0,0,0,0,2,2,2,2,1,1,2,1
11,4603.422,-3002.394,-132.841,-6.419,0.993638,0.111755,-0.013906,-0.112083,0.993368,-0.025633,0.010950,0.027029,0.999575,0,0.72056,0.26464,43.234,0.529,-1,425.000,1000.000,400.000,-1,325.000,325.000,300.000,300.000,-1,-1,-1,-1,750.000,775.000,-1,925.000,2,0,1,0,2,0,0,0,0,2,2,2,2,1,1,2,1
12,4646.763,-3006.865,-132.664,-5.889,0.994648,0.102561,-0.012471,-0.102848,0.994381,-0.025073,0.009829,0.026221,0.999608,0,0.72618,0.26506,43.571,0.530,-1,425.000,950.000,400.000,-1,325.000,325.000,300.000,300.000,-1,-1,-1,-1,725.000,725.000,-1,875.000,2,0,1,0,2,0,0,0,0,2,2,2,2,1,1,2,1
13,4690.482,-3010.965,-132.556,-5.358,0.995573,0.093345,-0.011011,-0.093594,0.995302,-0.024783,0.008646,0.025704,0.999632,0,0.73185,0.26543,43.911,0.531,-1,425.000,900.000,400.000,950.000,325.000,325.000,300.000,300.000,-1,-1,-1,-1,700.000,675.000,-1,800.000,2,0,1,0,1,0,0,0,0,2,2,2,2,1,1,2,1
14,4734.580,-3014.689,-132.439,-4.826,0.996411,0.084110,-0.009561,-0.084322,0.996138,-0.024463,0.007467,0.025182,0.999655,0,0.73758,0.26573,44.255,0.531,-1,425.000,875.000,400.000,875.000,325.000,325.000,300.000,300.000,-1,-1,-1,-1,675.000,650.000,-1,750.000,2,0,1,0,1,0,0,0,0,2,2,2,2,1,1,2,1
15,4779.057,-3018.029,-132.312,-4.294,0.997161,0.074860,-0.008118,-0.075036,0.996889,-0.024116,0.006287,0.024657,0.999676,0,0.74337,0.26597,44.602,0.532,-1,425.000,825.000,400.000,800.000,325.000,325.000,300.000,300.000,-1,-1,-1,-1,625.000,600.000,-1,700.000,2,0,1,0,1,0,0,0,0,2,2,2,2,1,1,2,1
16,4823.912,-3020.979,-132.176,-3.762,0.997824,0.065596,-0.006680,-0.065737,0.997554,-0.023745,0.005106,0.024132,0.999696,0,0.74920,0.26615,44.952,0.532,-1,425.000,775.000,400.000,750.000,325.000,325.000,300.000,300.000,-1,-1,-1,-1,600.000,575.000,975.000,650.000,2,0,1,0,1,0,0,0,0,2,2,2,2,1,1,1,1
17,4869.146,-3023.532,-132.031,-3.230,0.998399,0.056323,-0.005243,-0.056430,0.998133,-0.023351,0.003918,0.023609,0.999714,0,0.75510,0.26626,45.306,0.533,-1,425.000,725.000,400.000,675.000,325.000,325.000,300.000,300.000,-1,-1,-1,-1,575.000,525.000,900.000,600.000,2,1,1,0,1,0,0,0,0,2,2,2,2,1,1,1,1
18,4914.758,-3025.680,-131.877,-2.697,0.998886,0.047043,-0.003806,-0.047118,0.998626,-0.022936,0.002722,0.023090,0.999730,0,0.76104,0.26630,45.663,0.533,-1,400.000,675.000,400.000,600.000,325.000,325.000,300.000,300.000,-1,-1,-1,-1,525.000,500.000,850.000,550.000,2,1,1,1,1,0,0,0,0,2,2,2,2,1,1,1,1
19,4960.748,-3027.419,-131.716,-2.165,0.999284,0.037759,-0.002365,-0.037803,0.999032,-0.022504,0.001513,0.022577,0.999744,0,0.76705,0.26628,46.023,0.533,-1,375.000,625.000,375.000,550.000,325.000,325.000,300.000,300.000,-1,-1,-1,-1,500.000,450.000,775.000,500.000,2,1,1,1,1,1,1,0,0,2,2,2,2,1,1,1,1
20,5007.115,-3028.740,-131.547,-1.632,0.999594,0.028476,-0.000917,-0.028489,0.999351,-0.022055,0.000288,0.022072,0.999756,0,0.77310,0.26618,46.386,0.532,-1,350.000,575.000,350.000,500.000,300.000,300.000,300.000,300.000,-1,-1,-1,-1,475.000,425.000,700.000,450.000,2,1,1,1,1,1,1,0,0,2,2,2,2,1,1,1,1
21,5056.873,-3029.487,-131.359,-0.860,0.999887,0.015002,0.000618,-0.014985,0.999655,-0.021568,-0.000941,0.021557,0.999767,0,0.82939,0.38618,49.763,0.772,-1,325.000,525.000,300.000,425.000,275.000,275.000,300.000,300.000,-1,-1,-1,-1,450.000,375.000,650.000,400.000,2,1,1,1,1,1,1,0,0,2,2,2,2,1,1,1,1
22,5107.032,-3029.354,-131.163,0.153,0.999994,-0.002662,0.002152,0.002707,0.999774,-0.021073,-0.002096,0.021079,0.999776,0,0.83599,0.50618,50.160,1.012,-1,300.000,475.000,275.000,350.000,250.000,250.000,300.000,300.000,-1,-1,-1,-1,400.000,350.000,600.000,325.000,2,1,1,1,1,1,1,0,0,2,2,2,2,1,1,1,1
23,5157.579,-3028.114,-130.960,1.405,0.999693,-0.024513,0.003703,0.024584,0.999486,-0.020574,-0.003196,0.020658,0.999781,0,0.84270,0.62618,50.562,1.252,-1,275.000,425.000,250.000,300.000,225.000,225.000,300.000,300.000,-1,-1,-1,-1,375.000,300.000,550.000,275.000,2,1,1,1,1,1,1,0,0,2,2,2,2,1,1,1,1
24,5208.483,-3025.538,-130.749,2.897,0.998708,-0.050535,0.005291,0.050631,0.998516,-0.020073,-0.004268,0.020315,0.999785,0,0.84948,0.74618,50.969,1.492,-1,250.000,375.000,200.000,225.000,200.000,200.000,300.000,300.000,-1,-1,-1,-1,350.000,250.000,550.000,225.000,2,1,1,1,1,1,1,0,0,2,2,2,2,1,1,1,1
25,5259.708,-3021.580,-127.357,4.421,0.997017,-0.077083,-0.003966,0.077047,0.996991,-0.008527,0.004611,0.008196,0.999956,0,0.85630,0.76190,51.378,1.524,-1,250.000,375.000,200.000,200.000,200.000,175.000,300.000,325.000,-1,-1,-1,-1,350.000,250.000,-1,175.000,2,1,1,1,1,1,1,0,0,2,2,2,2,1,1,2,1
26,5311.216,-3016.224,-119.056,5.936,0.994127,-0.103419,-0.031863,0.103716,0.994576,0.007818,0.030881,-0.011077,0.999462,0,0.86308,0.75769,51.785,1.515,-1,250.000,400.000,200.000,200.000,200.000,175.000,300.000,375.000,-1,475.000,-1,-1,400.000,250.000,-1,175.000,2,1,1,1,1,1,1,0,0,2,0,2,2,1,1,2,1
27,5362.966,-3009.463,-110.328,7.442,0.989673,-0.129476,-0.061506,0.130907,0.991197,0.019813,0.058400,-0.027660,0.997910,0,0.86978,0.75288,52.187,1.506,-1,275.000,500.000,200.000,200.000,225.000,200.000,300.000,450.000,950.000,125.000,275.000,-1,500.000,250.000,-1,175.000,2,1,1,1,1,1,1,0,0,0,0,0,2,1,1,2,1
28,-2951.698,1639.832,133.816,130.023,-0.641930,-0.765750,0.039419,0.765096,-0.643075,-0.032899,0.050542,0.009041,0.998681,1,0.00000,0.00000,52.582,1.495,375.000,375.000,-1,375.000,-1,300.000,300.000,300.000,325.000,-1,300.000,275.000,-1,525.000,725.000,425.000,-1,1,0,2,0,2,0,0,0,0,2,0,0,2,1,0,1,2
29,-2954.801,1643.495,134.064,130.263,-0.645119,-0.763050,0.039703,0.762386,-0.646278,-0.033056,0.050883,0.008944,0.998665,0,0.08000,0.12000,4.800,0.240,375.000,375.000,-1,375.000,-1,300.000,300.000,300.000,325.000,-1,300.000,275.000,-1,500.000,725.000,425.000,-1,1,0,2,0,2,0,0,0,0,2,0,0,2,1,0,1,2
30,-2961.066,1650.768,134.562,130.743,-0.651464,-0.757610,0.040272,0.756926,-0.652649,-0.033363,0.051560,0.008748,0.998632,0,0.16000,0.24000,9.600,0.480,375.000,375.000,-1,375.000,-1,300.000,300.000,300.000,325.000,-1,300.000,275.000,-1,500.000,725.000,425.000,-1,1,0,2,0,2,0,0,0,0,2,0,0,2,1,0,1,2
31,-2970.601,1661.559,135.315,131.463,-0.660894,-0.749351,0.041128,0.748636,-0.662119,-0.033807,0.052565,0.008447,0.998582,0,0.24000,0.36000,14.400,0.720,350.000,375.000,-1,375.000,-1,300.000,300.000,300.000,325.000,-1,300.000,275.000,-1,500.000,725.000,400.000,-1,1,0,2,0,2,0,0,0,0,2,0,0,2,1,0,1,2
32,-2983.554,1675.732,136.328,132.423,-0.673306,-0.738155,0.042271,0.737398,-0.674583,-0.034366,0.053883,0.008031,0.998515,0,0.32000,0.48000,19.200,0.960,350.000,375.000,-1,375.000,-1,300.000,300.000,300.000,325.000,-1,300.000,275.000,-1,475.000,725.000,375.000,-1,1,0,2,0,2,0,0,0,0,2,0,0,2,1,0,1,2
33,-3000.112,1693.106,137.608,133.623,-0.688552,-0.723869,0.043699,0.723060,-0.689897,-0.035014,0.055493,0.007488,0.998431,0,0.40000,0.60000,24.000,1.200,325.000,375.000,-1,375.000,-1,300.000,300.000,300.000,325.000,-1,300.000,275.000,-1,450.000,725.000,350.000,-1,1,0,2,0,2,0,0,0,0,2,0,0,2,1,0,1,2
34,-3020.499,1713.448,139.181,135.063,-0.706453,-0.706307,0.045333,0.705435,-0.707874,-0.035724,0.057322,0.006742,0.998333,0,0.48000,0.72000,28.800,1.440,300.000,375.000,825.000,375.000,-1,300.000,300.000,300.000,325.000,-1,300.000,275.000,-1,425.000,725.000,325.000,-1,1,1,1,0,2,0,0,0,0,2,0,0,2,1,0,1,2
35,-3044.970,1736.473,141.063,136.743,-0.726777,-0.685254,0.047129,0.684307,-0.728281,-0.036469,0.059314,0.005746,0.998223,0,0.56000,0.84000,33.600,1.680,275.000,350.000,725.000,375.000,-1,300.000,300.000,300.000,325.000,-1,300.000,275.000,-1,400.000,725.000,300.000,-1,1,1,1,0,2,0,0,0,0,2,0,0,2,1,0,1,2
36,-3073.767,1761.876,143.269,138.584,-0.748325,-0.661516,0.049054,0.660485,-0.749917,-0.037208,0.061400,0.004556,0.998103,0,0.64000,0.92018,38.400,1.840,250.000,325.000,625.000,375.000,-1,300.000,300.000,300.000,325.000,-1,300.000,275.000,-1,375.000,725.000,275.000,-1,1,1,1,0,2,0,0,0,0,2,0,0,2,1,1,1,2
37,-3107.069,1789.394,145.823,140.433,-0.769194,-0.636974,0.051032,0.635854,-0.770878,-0.037907,0.063485,0.003291,0.997977,0,0.72000,0.92467,43.200,1.849,225.000,300.000,550.000,375.000,-1,300.000,325.000,300.000,325.000,-1,300.000,300.000,-1,325.000,675.000,225.000,-1,1,1,1,0,2,1,0,0,0,2,0,0,2,1,1,1,2
38,-3145.117,1818.659,148.739,142.433,-0.790869,-0.609685,0.053004,0.608465,-0.792642,-0.038588,0.065540,0.001733,0.997848,0,0.80000,1.00000,48.000,2.000,175.000,250.000,475.000,375.000,-1,275.000,325.000,300.000,325.000,-1,325.000,300.000,-1,300.000,600.000,200.000,-1,1,1,1,0,2,1,0,0,0,2,0,0,2,1,1,1,2
39,-3188.067,1849.370,152.399,144.433,-0.811461,-0.581651,0.056686,0.580362,-0.813437,-0.038733,0.068640,0.001468,0.997640,0,0.88000,1.00000,52.800,2.000,150.000,225.000,400.000,400.000,-1,225.000,300.000,300.000,300.000,-1,325.000,325.000,-1,250.000,500.000,150.000,-1,1,1,1,1,2,1,1,0,0,2,0,0,2,1,1,1,2
40,-3236.076,1881.207,165.159,146.433,-0.827048,-0.552535,0.103423,0.553206,-0.832678,-0.024707,0.099770,0.036780,0.994331,0,0.96000,1.00000,57.600,2.000,125.000,200.000,375.000,350.000,-1,225.000,275.000,400.000,275.000,-1,250.000,175.000,-1,250.000,475.000,150.000,-1,1,1,1,1,2,1,1,1,0,2,0,0,2,1,1,1,2
41,-3287.228,1912.586,178.709,148.433,-0.839414,-0.522051,0.151153,0.527251,-0.849684,-0.006598,0.131877,0.074157,0.988488,0,1.00000,1.00000,60.000,2.000,125.000,200.000,350.000,325.000,-1,200.000,250.000,425.000,250.000,-1,225.000,100.000,600.000,225.000,450.000,125.000,-1,1,1,1,1,2,1,1,1,0,2,0,0,0,1,1,1,2
42,-3339.456,1942.138,192.425,150.433,-0.848869,-0.490316,0.197512,0.502782,-0.864277,0.015330,0.163188,0.112319,0.980181,0,1.00000,1.00000,60.000,2.000,125.000,175.000,325.000,300.000,-1,175.000,225.000,475.000,250.000,-1,200.000,50.000,350.000,225.000,425.000,125.000,-1,1,1,1,1,2,1,1,1,0,2,0,0,0,1,1,1,2
43,7543.443,-3607.467,-117.299,-49.313,0.626903,0.745483,0.226379,-0.767468,0.640917,0.014733,-0.134107,-0.182975,0.973928,1,0.00000,0.00000,60.000,2.000,75.000,250.000,-1,400.000,-1,250.000,300.000,200.000,875.000,-1,125.000,0.000,250.000,375.000,725.000,100.000,-1,0,0,2,0,2,0,0,0,0,2,1,1,1,0,0,0,2
44,-8203.588,-3605.791,355.884,157.516,-0.923970,-0.382423,-0.005635,0.382423,-0.923987,0.001144,-0.005644,-0.001098,0.999983,1,0.08000,-0.12000,4.800,-0.240,-1,400.000,-1,400.000,-1,325.000,325.000,300.000,325.000,-1,-1,-1,-1,875.000,825.000,-1,-1,2,0,2,0,2,0,0,0,0,2,2,2,2,0,0,2,2
45,-8212.427,-3602.046,355.882,157.036,-0.920731,-0.390150,-0.006069,0.390148,-0.920751,0.001532,-0.006185,-0.000957,0.999980,0,0.16000,-0.24000,9.600,-0.480,-1,400.000,-1,400.000,-1,325.000,325.000,325.000,325.000,-1,-1,-1,-1,875.000,825.000,-1,-1,2,0,2,0,2,0,0,0,0,2,2,2,2,0,0,2,2
46,-8225.614,-3596.262,355.881,156.316,-0.915751,-0.401690,-0.006695,0.401685,-0.915776,0.002133,-0.006988,-0.000736,0.999975,0,0.24000,-0.36000,14.400,-0.720,-1,400.000,-1,400.000,-1,325.000,325.000,325.000,325.000,-1,-1,-1,-1,875.000,825.000,-1,-1,2,0,2,0,2,0,0,0,0,2,2,2,2,0,0,2,2
47,-8243.065,-3588.256,355.883,155.356,-0.908886,-0.416976,-0.007485,0.416966,-0.908917,0.002966,-0.008040,-0.000425,0.999968,0,0.32000,-0.48000,19.200,-0.960,-1,400.000,-1,400.000,-1,325.000,325.000,325.000,300.000,-1,-1,-1,-1,875.000,825.000,-1,-1,2,0,2,0,2,0,0,0,0,2,2,2,2,0,0,2,2
48,-8264.665,-3577.794,355.891,154.156,-0.899946,-0.435920,-0.008399,0.435901,-0.899985,0.004056,-0.009328,-0.000011,0.999956,0,0.40000,-0.60000,24.000,-1.200,-1,400.000,-1,400.000,-1,325.000,325.000,325.000,300.000,-1,-1,-1,-1,850.000,825.000,-1,-1,2,0,2,0,2,0,0,0,0,2,2,2,2,0,0,2,2
49,-8290.294,-3564.656,355.897,152.859,-0.889836,-0.456184,-0.009395,0.456152,-0.889885,0.005405,-0.010826,0.000524,0.999941,0,0.48000,-0.64865,28.800,-1.297,-1,400.000,-1,400.000,-1,325.000,325.000,325.000,300.000,-1,-1,-1,-1,850.000,800.000,-1,-1,2,0,2,0,2,0,0,0,0,2,2,2,2,0,0,2,2
50,-8319.840,-3548.656,355.894,151.565,-0.879294,-0.476164,-0.010437,0.476114,-0.879356,0.007006,-0.012514,0.001191,0.999921,0,0.56000,-0.64703,33.600,-1.294,-1,400.000,-1,400.000,-1,325.000,325.000,325.000,300.000,-1,-1,-1,-1,850.000,800.000,-1,-1,2,0,2,0,2,0,0,0,0,2,2,2,2,0,0,2,2
51,-8353.187,-3529.616,355.753,150.274,-0.868334,-0.495846,-0.011531,0.495779,-0.868409,0.008262,-0.014110,0.001457,0.999899,0,0.64000,-0.64518,38.400,-1.290,-1,400.000,-1,400.000,-1,325.000,325.000,325.000,300.000,-1,-1,-1,-1,850.000,800.000,-1,-1,2,0,2,0,2,0,0,0,0,2,2,2,2,0,0,2,2
52,-8390.212,-3507.359,355.091,148.988,-0.856962,-0.515214,-0.013064,0.515158,-0.857062,0.007563,-0.015093,-0.000249,0.999886,0,0.72000,-0.64309,43.200,-1.286,-1,400.000,-1,400.000,-1,325.000,325.000,325.000,300.000,-1,-1,-1,-1,825.000,800.000,-1,-1,2,0,2,0,2,0,0,0,0,2,2,2,2,0,0,2,2
53,-8430.788,-3481.714,354.387,147.707,-0.845197,-0.534252,-0.014704,0.534211,-0.845323,0.006940,-0.016138,-0.001989,0.999868,0,0.80000,-0.64076,48.000,-1.282,-1,400.000,-1,400.000,-1,325.000,325.000,325.000,300.000,-1,-1,-1,-1,825.000,800.000,-1,-1,2,0,2,0,2,0,0,0,0,2,2,2,2,0,0,2,2
54,-8474.863,-3452.641,353.545,146.590,-0.834578,-0.550628,-0.016966,0.550608,-0.834741,0.006246,-0.017602,-0.004129,0.999837,0,0.88000,-0.55858,52.800,-1.117,-1,400.000,-1,400.000,-1,325.000,325.000,325.000,300.000,-1,-1,-1,-1,825.000,775.000,-1,-1,2,0,2,0,2,0,0,0,0,2,2,2,2,0,0,2,2
55,-8520.100,-3421.531,352.694,145.483,-0.823743,-0.566634,-0.019317,0.566641,-0.823945,0.005633,-0.019108,-0.006305,0.999798,0,0.91503,-0.55311,54.902,-1.106,-1,400.000,-1,400.000,-1,325.000,325.000,325.000,300.000,-1,-1,-1,-1,800.000,775.000,-1,-1,2,0,2,0,2,0,0,0,0,2,2,2,2,0,0,2,2
56,-8564.735,-3389.563,351.883,144.389,-0.812713,-0.582264,-0.021589,0.582302,-0.812956,0.005142,-0.020545,-0.008393,0.999754,0,0.91504,-0.54737,54.902,-1.095,-1,400.000,-1,400.000,-1,325.000,325.000,325.000,325.000,-1,-1,-1,-1,800.000,775.000,-1,-1,2,0,2,0,2,0,0,0,0,2,2,2,2,0,0,2,2
57,-8608.735,-3356.773,351.048,143.305,-0.801511,-0.597519,-0.023481,0.597586,-0.801791,0.004843,-0.021721,-0.010150,0.999713,0,0.91456,-0.54161,54.874,-1.083,-1,400.000,-1,400.000,-1,325.000,325.000,325.000,325.000,-1,-1,-1,-1,775.000,775.000,-1,-1,2,0,2,0,2,0,0,0,0,2,2,2,2,0,0,2,2
58,-8652.069,-3323.201,349.754,142.234,-0.790185,-0.612412,-0.023651,0.612467,-0.790476,0.005717,-0.022197,-0.009968,0.999704,0,0.91362,-0.53587,54.817,-1.072,-1,400.000,-1,400.000,-1,325.000,325.000,325.000,325.000,-1,-1,-1,-1,775.000,750.000,-1,-1,2,0,2,0,2,0,0,0,0,2,2,2,2,0,0,2,2
59,-8694.710,-3288.883,348.414,141.173,-0.778706,-0.626940,-0.023742,0.626970,-0.779011,0.007097,-0.022944,-0.009359,0.999693,0,0.91225,-0.53020,54.735,-1.060,-1,400.000,-1,400.000,-1,325.000,325.000,325.000,325.000,-1,-1,-1,-1,775.000,750.000,-1,-1,2,0,2,0,2,0,0,0,0,2,2,2,2,0,0,2,2
60,-8736.630,-3253.856,347.124,140.119,-0.767033,-0.641168,-0.023740,0.641170,-0.767352,0.008521,-0.023680,-0.008685,0.999682,0,0.91047,-0.52700,54.628,-1.054,-1,400.000,-1,400.000,-1,325.000,325.000,325.000,325.000,-1,-1,-1,-1,750.000,725.000,-1,-1,2,0,2,0,2,0,0,0,0,2,2,2,2,0,0,2,2
61,-8777.805,-3218.152,345.873,139.070,-0.755159,-0.655116,-0.023642,0.655086,-0.755487,0.010039,-0.024438,-0.007907,0.999670,0,0.90832,-0.52461,54.499,-1.049,-1,375.000,-1,400.000,-1,325.000,325.000,325.000,325.000,-1,-1,-1,-1,750.000,725.000,-1,-1,2,0,2,0,2,0,0,0,0,2,2,2,2,0,0,2,2
62,-8818.212,-3181.801,344.598,138.025,-0.743080,-0.668792,-0.023463,0.668735,-0.743415,0.011353,-0.025036,-0.007254,0.999660,0,0.90586,-0.52263,54.352,-1.045,-1,375.000,-1,375.000,-1,325.000,325.000,325.000,325.000,-1,-1,-1,-1,750.000,700.000,-1,-1,2,0,2,0,2,0,0,0,0,2,2,2,2,0,0,2,2
63,-8857.832,-3144.832,343.284,136.983,-0.730793,-0.682202,-0.023263,0.682137,-0.731128,0.011859,-0.025098,-0.007202,0.999659,0,0.90314,-0.52108,54.189,-1.042,-1,375.000,-1,375.000,-1,300.000,300.000,325.000,325.000,-1,-1,-1,-1,725.000,700.000,-1,-1,2,0,2,0,2,0,0,0,0,2,2,2,2,0,0,2,2
64,-8896.648,-3107.272,342.064,135.943,-0.718294,-0.695359,-0.023020,0.695289,-0.718626,0.012251,-0.025062,-0.007206,0.999660,0,0.90022,-0.51995,54.013,-1.040,-1,375.000,-1,375.000,-1,300.000,300.000,325.000,325.000,-1,-1,-1,-1,725.000,675.000,-1,-1,2,0,2,0,2,0,0,0,0,2,2,2,2,0,0,2,2
65,-8934.648,-3069.145,340.812,134.904,-0.705576,-0.708267,-0.022815,0.708210,-0.705902,0.011891,-0.024527,-0.007768,0.999669,0,0.89717,-0.51926,53.830,-1.039,-1,375.000,-1,375.000,-1,300.000,300.000,325.000,325.000,-1,-1,-1,-1,725.000,675.000,-1,-1,2,0,2,0,2,0,0,0,0,2,2,2,2,0,0,2,2
66,-8971.821,-3030.471,339.653,133.866,-0.692634,-0.720935,-0.022607,0.720893,-0.692952,0.011418,-0.023897,-0.008389,0.999679,0,0.89404,-0.51901,53.642,-1.038,-1,375.000,-1,375.000,-1,300.000,300.000,325.000,325.000,-1,-1,-1,-1,700.000,675.000,-1,-1,2,0,2,0,2,0,0,0,0,2,2,2,2,0,0,2,2
67,-9008.160,-2991.267,338.602,132.828,-0.679463,-0.733370,-0.022307,0.733345,-0.679770,0.010853,-0.023123,-0.008985,0.999692,0,0.89091,-0.51918,53.455,-1.038,-1,375.000,-1,375.000,-1,300.000,300.000,325.000,325.000,-1,-1,-1,-1,700.000,675.000,-1,-1,2,0,2,0,2,0,0,0,0,2,2,2,2,0,0,2,2
68,-9043.658,-2951.548,337.706,131.788,-0.666064,-0.745580,-0.021678,0.745569,-0.666351,0.010210,-0.022058,-0.009362,0.999713,0,0.88784,-0.51977,53.271,-1.040,-1,375.000,-1,375.000,-1,300.000,300.000,325.000,325.000,-1,-1,-1,-1,700.000,675.000,-1,-1,2,0,2,0,2,0,0,0,0,2,2,2,2,0,0,2,2
69,-9075.451,-2914.961,337.004,130.989,-0.655615,-0.754804,-0.020960,0.754805,-0.655880,0.009514,-0.020929,-0.009583,0.999735,0,0.80784,-0.39977,48.471,-0.800,-1,375.000,-1,375.000,-1,300.000,300.000,325.000,325.000,-1,-1,-1,-1,700.000,675.000,-1,-1,2,0,2,0,2,0,0,0,0,2,2,2,2,0,0,2,2
70,-9103.771,-2881.719,336.423,130.429,-0.648229,-0.761171,-0.020441,0.761185,-0.648476,0.008770,-0.019931,-0.009874,0.999753,0,0.72784,-0.27977,43.671,-0.560,-1,375.000,-1,375.000,-1,300.000,300.000,325.000,325.000,-1,-1,-1,-1,700.000,675.000,-1,-1,2,0,2,0,2,0,0,0,0,2,2,2,2,0,0,2,2
71,-9129.553,-2851.112,335.787,130.110,-0.643990,-0.764774,-0.019941,0.764799,-0.644219,0.007977,-0.018947,-0.010114,0.999769,0,0.66698,-0.15977,40.019,-0.320,-1,375.000,-1,375.000,-1,300.000,300.000,325.000,325.000,-1,-1,-1,-1,700.000,675.000,-1,-1,2,0,2,0,2,0,0,0,0,2,2,2,2,0,0,2,2
72,-9155.240,-2820.532,335.102,130.030,-0.642956,-0.765669,-0.018955,0.765701,-0.643158,0.007068,-0.017603,-0.009969,0.999795,0,0.66562,-0.03977,39.937,-0.080,-1,375.000,-1,375.000,-1,300.000,300.000,325.000,350.000,-1,-1,-1,-1,700.000,675.000,-1,-1,2,0,2,0,2,0,0,0,0,2,2,2,2,0,0,2,2
73,-9180.975,-2790.069,334.468,130.191,-0.645125,-0.763866,-0.017958,0.763905,-0.645300,0.006016,-0.016184,-0.009837,0.999821,0,0.66462,0.08023,39.877,0.160,-1,375.000,-1,375.000,-1,300.000,300.000,325.000,350.000,-1,-1,-1,-1,700.000,675.000,-1,-1,2,0,2,0,2,0,0,0,0,2,2,2,2,0,0,2,2
74,-9206.895,-2759.818,333.884,130.591,-0.650476,-0.759338,-0.016957,0.759385,-0.650624,0.004811,-0.014686,-0.009748,0.999845,0,0.66396,0.20023,39.837,0.400,-1,375.000,-1,375.000,-1,300.000,300.000,325.000,350.000,-1,-1,-1,-1,700.000,675.000,-1,-1,2,0,2,0,2,0,0,0,0,2,2,2,2,0,0,2,2
75,-9233.138,-2729.874,333.351,131.231,-0.658950,-0.752018,-0.015954,0.752073,-0.659071,0.003440,-0.013102,-0.009732,0.999867,0,0.66360,0.32023,39.816,0.640,-1,375.000,-1,375.000,-1,300.000,300.000,325.000,350.000,-1,-1,875.000,-1,700.000,675.000,-1,-1,2,0,2,0,2,0,0,0,0,2,2,0,2,0,0,2,2
76,-9259.835,-2700.340,332.862,132.112,-0.670454,-0.741801,-0.014913,0.741863,-0.670548,0.001894,-0.011405,-0.009794,0.999887,0,0.66353,0.44023,39.812,0.880,-1,375.000,-1,375.000,-1,300.000,300.000,325.000,350.000,-1,750.000,750.000,-1,700.000,700.000,-1,-1,2,0,2,0,2,0,0,0,0,2,0,0,2,0,0,2,2
77,-9288.197,-2670.171,332.416,133.232,-0.684858,-0.728545,-0.013843,0.728615,-0.684924,0.000082,-0.009541,-0.010030,0.999904,0,0.69014,0.56023,41.408,1.120,-1,375.000,-1,375.000,-1,300.000,300.000,325.000,350.000,-1,625.000,650.000,-1,725.000,700.000,-1,-1,2,0,2,0,2,0,0,0,0,2,0,0,2,0,0,2,2
78,-9317.273,-2640.679,332.024,134.593,-0.701985,-0.712076,-0.012871,0.712150,-0.702025,-0.001791,-0.007761,-0.010424,0.999916,0,0.69023,0.68023,41.414,1.360,-1,375.000,-1,375.000,-1,300.000,300.000,325.000,350.000,-1,500.000,525.000,-1,750.000,700.000,-1,-1,2,0,2,0,2,0,0,0,0,2,0,0,2,0,0,2,2
79,-9347.173,-2611.999,331.686,136.193,-0.721619,-0.692186,-0.012002,0.692264,-0.721635,-0.003735,-0.006076,-0.011004,0.999921,0,0.69054,0.80023,41.432,1.600,-1,375.000,-1,375.000,-1,300.000,300.000,325.000,350.000,-1,425.000,450.000,-1,775.000,725.000,-1,-1,2,0,2,0,2,0,0,0,0,2,0,0,2,0,0,2,2
80,-9378.004,-2584.272,331.402,138.034,-0.743495,-0.668647,-0.011238,0.668726,-0.743486,-0.005764,-0.004501,-0.011801,0.999920,0,0.69107,0.92023,41.464,1.840,-1,400.000,-1,375.000,-1,325.000,300.000,325.000,350.000,-1,375.000,375.000,-1,800.000,725.000,-1,-1,2,0,2,0,2,0,0,0,0,2,0,0,2,0,0,2,2
81,-9409.819,-2557.608,331.175,140.034,-0.766394,-0.642284,-0.010585,0.642364,-0.766359,-0.007885,-0.003047,-0.012842,0.999913,0,0.69186,1.00000,41.511,2.000,-1,400.000,-1,375.000,-1,325.000,325.000,325.000,325.000,-1,350.000,350.000,-1,825.000,725.000,-1,-1,2,0,2,0,2,0,0,0,0,2,0,0,2,0,0,2,2
82,-9442.592,-2532.034,330.672,142.034,-0.788348,-0.615147,-0.010071,0.615223,-0.788307,-0.008482,-0.002722,-0.012883,0.999913,0,0.69283,1.00000,41.570,2.000,-1,400.000,-1,375.000,-1,325.000,325.000,325.000,325.000,-1,350.000,375.000,-1,850.000,725.000,-1,-1,2,0,2,0,2,0,0,0,0,2,0,0,2,0,0,2,2
83,-9476.286,-2507.584,330.154,144.034,-0.809338,-0.587261,-0.009813,0.587336,-0.809296,-0.008695,-0.002836,-0.012801,0.999914,0,0.69384,1.00000,41.630,2.000,-1,400.000,-1,375.000,-1,325.000,325.000,325.000,325.000,-1,350.000,425.000,-1,850.000,725.000,-1,-1,2,0,2,0,2,0,0,0,0,2,0,0,2,0,0,2,2
84,-9510.865,-2484.290,329.704,146.034,-0.829340,-0.558659,-0.009825,0.558736,-0.829297,-0.008956,-0.003144,-0.012917,0.999912,0,0.69489,1.00000,41.694,2.000,-1,400.000,-1,375.000,-1,325.000,325.000,325.000,325.000,-1,375.000,500.000,-1,875.000,725.000,-1,-1,2,0,2,0,2,0,0,0,0,2,0,0,2,0,0,2,2
85,-9546.292,-2462.182,329.324,148.034,-0.848328,-0.529374,-0.010107,0.529458,-0.848285,-0.009288,-0.003657,-0.013230,0.999906,0,0.69599,1.00000,41.759,2.000,-1,400.000,-1,375.000,-1,325.000,325.000,325.000,325.000,-1,425.000,575.000,-1,875.000,725.000,-1,-1,2,0,2,0,2,0,0,0,0,2,0,0,2,0,0,2,2
86,-9582.528,-2441.289,329.011,150.034,-0.866281,-0.499443,-0.010659,0.499538,-0.866238,-0.009712,-0.004383,-0.013738,0.999896,0,0.69713,1.00000,41.828,2.000,-1,400.000,-1,375.000,-1,325.000,325.000,325.000,300.000,-1,500.000,650.000,-1,900.000,750.000,-1,-1,2,0,2,0,2,0,0,0,0,2,0,0,2,0,0,2,2
87,-9623.619,-2419.251,328.767,151.794,-0.881203,-0.472598,-0.011532,0.472709,-0.881158,-0.010317,-0.005286,-0.014542,0.999880,0,0.77713,0.88000,46.628,1.760,-1,400.000,-1,375.000,-1,325.000,325.000,325.000,300.000,-1,575.000,775.000,-1,900.000,750.000,-1,-1,2,0,2,0,2,0,0,0,0,2,0,0,2,0,0,2,2
88,-9667.947,-2396.970,328.615,153.314,-0.893416,-0.449051,-0.012702,0.449185,-0.893370,-0.011063,-0.006380,-0.015590,0.999858,0,0.82689,0.76000,49.614,1.520,-1,425.000,-1,375.000,-1,325.000,300.000,325.000,300.000,-1,675.000,925.000,-1,925.000,775.000,-1,-1,2,0,2,0,2,0,0,0,0,2,0,0,2,0,0,2,2
89,-9712.838,-2375.776,328.416,154.727,-0.904206,-0.426868,-0.013947,0.427035,-0.904147,-0.012627,-0.007221,-0.017373,0.999823,0,0.82737,0.70663,49.642,1.413,-1,425.000,-1,375.000,-1,325.000,325.000,325.000,300.000,-1,800.000,-1,-1,925.000,775.000,-1,-1,2,0,2,0,2,0,0,0,0,2,0,2,2,0,0,2,2
90,-9758.257,-2355.692,328.229,156.145,-0.914479,-0.404346,-0.015260,0.404553,-0.914399,-0.014531,-0.008078,-0.019461,0.999778,0,0.82769,0.70905,49.661,1.418,-1,425.000,-1,400.000,-1,325.000,325.000,325.000,300.000,-1,950.000,-1,-1,925.000,800.000,-1,-1,2,0,2,0,2,0,0,0,0,2,0,2,2,0,0,2,2
91,-9804.177,-2336.737,327.746,157.568,-0.924198,-0.381488,-0.018024,0.381781,-0.924090,-0.017334,-0.010043,-0.022901,0.999687,0,0.82797,0.71144,49.678,1.423,-1,425.000,-1,400.000,-1,325.000,325.000,325.000,300.000,-1,-1,-1,-1,900.000,800.000,-1,-1,2,0,2,0,2,0,0,0,0,2,2,2,2,0,0,2,2
92,-9850.568,-2318.926,327.257,158.996,-0.933368,-0.358315,-0.020845,0.358715,-0.933225,-0.020367,-0.012156,-0.026487,0.999575,0,0.82822,0.71381,49.693,1.428,-1,425.000,-1,400.000,-1,325.000,325.000,325.000,325.000,-1,-1,-1,-1,900.000,825.000,-1,-1,2,0,2,0,2,0,0,0,0,2,2,2,2,0,0,2,2
93,-9897.402,-2302.277,326.750,160.428,-0.941980,-0.334843,-0.023529,0.335364,-0.941795,-0.023520,-0.014284,-0.030046,0.999446,0,0.82842,0.71614,49.705,1.432,-1,425.000,-1,400.000,-1,325.000,325.000,325.000,325.000,-1,-1,-1,-1,875.000,825.000,-1,-1,2,0,2,0,2,0,0,0,0,2,2,2,2,0,0,2,2
94,-9944.648,-2286.803,325.703,161.865,-0.950056,-0.311106,-0.024634,0.311692,-0.949848,-0.025234,-0.015548,-0.031651,0.999378,0,0.82859,0.71843,49.715,1.437,-1,425.000,-1,400.000,-1,325.000,325.000,300.000,325.000,-1,-1,-1,-1,875.000,850.000,-1,-1,2,0,2,0,2,0,0,0,0,2,2,2,2,0,0,2,2
95,-9992.275,-2272.520,324.173,163.306,-0.957525,-0.287116,-0.026639,0.287765,-0.957378,-0.024895,-0.018356,-0.031503,0.999335,0,0.82871,0.72069,49.722,1.441,-1,425.000,-1,400.000,-1,325.000,325.000,300.000,325.000,-1,-1,-1,-1,875.000,825.000,-1,-1,2,0,2,0,2,0,0,0,0,2,2,2,2,0,0,2,2
96,-10040.251,-2259.442,322.641,164.752,-0.964402,-0.262869,-0.028786,0.263584,-0.964321,-0.024685,-0.021270,-0.031394,0.999281,0,0.82878,0.72292,49.727,1.446,-1,425.000,-1,400.000,-1,325.000,325.000,300.000,300.000,-1,-1,-1,-1,850.000,825.000,-1,-1,2,0,2,0,2,0,0,0,0,2,2,2,2,0,0,2,2
97,-10088.545,-2247.582,321.104,166.202,-0.970675,-0.238380,-0.031065,0.239166,-0.970667,-0.024614,-0.024287,-0.031322,0.999214,0,0.82882,0.72510,49.729,1.450,-1,425.000,-1,400.000,-1,325.000,325.000,300.000,300.000,-1,-1,-1,-1,850.000,825.000,-1,-1,2,0,2,0,2,0,0,0,0,2,2,2,2,0,0,2,2
98,-10137.124,-2236.952,319.561,167.657,-0.976333,-0.213666,-0.033466,0.214528,-0.976406,-0.024687,-0.027401,-0.031282,0.999135,0,0.82880,0.72724,49.728,1.454,-1,425.000,-1,400.000,-1,325.000,325.000,300.000,300.000,-1,-1,-1,-1,825.000,800.000,-1,-1,2,0,2,0,2,0,0,0,0,2,2,2,2,0,0,2,2
99,-10185.953,-2227.563,318.009,169.115,-0.981368,-0.188741,-0.035975,0.189685,-0.981529,-0.024913,-0.030609,-0.031273,0.999042,0,0.82874,0.72934,49.724,1.459,-1,400.000,-1,400.000,-1,325.000,325.000,300.000,300.000,-1,-1,-1,-1,800.000,800.000,-1,-1,2,0,2,0,2,0,0,0,0,2,2,2,2,0,0,2,2
100,-10235.000,-2219.424,316.445,170.578,-0.985768,-0.163623,-0.038582,0.164656,-0.986027,-0.025296,-0.033904,-0.031289,0.998935,0,0.82862,0.73139,49.717,1.463,-1,400.000,-1,400.000,-1,325.000,325.000,300.000,300.000,-1,-1,-1,-1,800.000,800.000,-1,-1,2,0,2,0,2,0,0,0,0,2,2,2,2,0,0,2,2
101,-10284.229,-2212.545,314.868,172.045,-0.989526,-0.138330,-0.041274,0.139459,-0.989891,-0.025842,-0.037282,-0.031328,0.998814,0,0.82846,0.73340,49.708,1.467,-1,400.000,-1,400.000,-1,325.000,325.000,300.000,300.000,-1,-1,-1,-1,775.000,775.000,-1,-1,2,0,2,0,2,0,0,0,0,2,2,2,2,0,0,2,2
102,-10333.606,-2206.933,313.274,173.516,-0.992633,-0.112878,-0.044037,0.114110,-0.993113,-0.026555,-0.040737,-0.031385,0.998677,0,0.82824,0.73535,49.695,1.471,-1,400.000,-1,400.000,-1,325.000,325.000,325.000,300.000,-1,-1,-1,-1,775.000,775.000,-1,-1,2,0,2,0,2,0,0,0,0,2,2,2,2,0,0,2,2
103,-10383.095,-2202.595,311.662,174.990,-0.995081,-0.087285,-0.046858,0.088630,-0.995687,-0.027439,-0.044261,-0.031457,0.998525,0,0.82798,0.73725,49.679,1.475,-1,400.000,-1,400.000,-1,325.000,325.000,325.000,300.000,-1,-1,-1,-1,750.000,750.000,-1,-1,2,0,2,0,2,0,0,0,0,2,2,2,2,0,0,2,2
104,-10432.661,-2199.536,310.027,176.468,-0.996863,-0.061570,-0.049723,0.063038,-0.997604,-0.028496,-0.047850,-0.031541,0.998356,0,0.82766,0.73910,49.660,1.478,-1,375.000,-1,375.000,-1,325.000,325.000,325.000,300.000,-1,-1,-1,-1,750.000,750.000,-1,-1,2,0,2,0,2,0,0,0,0,2,2,2,2,0,0,2,2
105,-10482.266,-2197.761,308.328,177.950,-0.997981,-0.035752,-0.052493,0.037356,-0.998855,-0.029894,-0.051365,-0.031795,0.998174,0,0.82729,0.74089,49.637,1.482,-1,375.000,-1,375.000,-1,300.000,325.000,325.000,300.000,-1,-1,-1,-1,725.000,750.000,-1,-1,2,0,2,0,2,0,0,0,0,2,2,2,2,0,0,2,2
106,-10531.876,-2197.272,306.006,179.435,-0.998574,-0.009850,-0.052475,0.011464,-0.999468,-0.030529,-0.052146,-0.031087,0.998155,0,0.82686,0.74263,49.612,1.485,-1,375.000,-1,375.000,-1,300.000,325.000,325.000,300.000,-1,-1,-1,-1,725.000,725.000,-1,-1,2,0,2,0,2,0,0,0,0,2,2,2,2,0,0,2,2
107,-10581.452,-2198.071,303.548,180.924,-0.998521,0.016118,-0.051916,-0.014539,-0.999424,-0.030657,-0.052380,-0.029857,0.998181,0,0.82639,0.74430,49.583,1.489,-1,375.000,-1,375.000,-1,300.000,325.000,325.000,300.000,-1,-1,-1,-1,725.000,725.000,-1,-1,2,0,2,0,2,0,0,0,0,2,2,2,2,0,0,2,2
108,-10630.959,-2200.159,301.062,182.416,-0.997791,0.042133,-0.051360,-0.040586,-0.998701,-0.030815,-0.052592,-0.028662,0.998205,0,0.82586,0.74592,49.552,1.492,-1,375.000,-1,375.000,-1,300.000,325.000,325.000,300.000,-1,-1,-1,-1,700.000,725.000,-1,-1,2,0,2,0,2,0,0,0,0,2,2,2,2,0,0,2,2
109,-10680.361,-2203.536,298.548,183.911,-0.996379,0.068176,-0.050799,-0.066658,-0.997294,-0.031002,-0.052776,-0.027503,0.998228,0,0.82528,0.74747,49.517,1.495,-1,375.000,-1,375.000,-1,300.000,325.000,325.000,300.000,-1,-1,-1,-1,700.000,725.000,-1,-1,2,0,2,0,2,0,0,0,0,2,2,2,2,0,0,2,2
110,-10729.619,-2208.199,296.008,185.409,-0.994283,0.094225,-0.050223,-0.092735,-0.995201,-0.031217,-0.052923,-0.026381,0.998250,0,0.82465,0.74895,49.479,1.498,-1,375.000,-1,375.000,-1,300.000,300.000,325.000,300.000,-1,-1,-1,-1,700.000,700.000,-1,-1,2,0,2,0,2,0,0,0,0,2,2,2,2,0,0,2,2
111,-10778.698,-2214.146,293.444,186.909,-0.991501,0.120260,-0.049621,-0.118797,-0.992420,-0.031458,-0.053028,-0.025295,0.998273,0,0.82397,0.75037,49.438,1.501,-1,375.000,-1,375.000,-1,300.000,300.000,325.000,300.000,-1,-1,-1,-1,700.000,700.000,-1,-1,2,0,2,0,2,0,0,0,0,2,2,2,2,0,0,2,2
112,-10823.358,-2220.558,291.085,188.170,-0.988641,0.142070,-0.049033,-0.140630,-0.989555,-0.031689,-0.053023,-0.024433,0.998294,0,0.75197,0.63037,45.118,1.261,-1,375.000,-1,375.000,-1,325.000,300.000,325.000,300.000,-1,-1,-1,-1,700.000,700.000,-1,-1,2,0,2,0,2,0,0,0,0,2,2,2,2,0,0,2,2
113,-10867.843,-2227.755,288.714,189.191,-0.985982,0.159678,-0.048397,-0.158257,-0.986882,-0.031918,-0.052859,-0.023811,0.998318,0,0.75106,0.51037,45.063,1.021,-1,375.000,-1,375.000,-1,325.000,300.000,325.000,300.000,-1,-1,-1,-1,675.000,700.000,-1,-1,2,0,2,0,2,0,0,0,0,2,2,2,2,0,0,2,2
114,-10912.120,-2235.666,286.333,190.131,-0.983261,0.175844,-0.047723,-0.174441,-0.984143,-0.032149,-0.052620,-0.023286,0.998343,0,0.74964,0.46985,44.978,0.940,-1,375.000,-1,375.000,-1,325.000,300.000,325.000,300.000,-1,-1,-1,-1,675.000,675.000,-1,-1,2,0,2,0,2,0,0,0,0,2,2,2,2,0,0,2,2
115,-10956.165,-2244.285,283.945,191.072,-0.980269,0.191994,-0.047013,-0.190610,-0.981132,-0.032384,-0.052344,-0.022784,0.998369,0,0.74802,0.47077,44.881,0.942,-1,375.000,-1,375.000,-1,300.000,300.000,325.000,300.000,-1,-1,-1,-1,675.000,675.000,-1,-1,2,0,2,0,2,0,0,0,0,2,2,2,2,0,0,2,2
116,-10999.965,-2253.607,281.550,192.015,-0.977009,0.208120,-0.046264,-0.206755,-0.977849,-0.032620,-0.052028,-0.022305,0.998397,0,0.74635,0.47159,44.781,0.943,-1,375.000,-1,375.000,-1,300.000,300.000,325.000,300.000,-1,-1,-1,-1,675.000,675.000,-1,-1,2,0,2,0,2,0,0,0,0,2,2,2,2,0,0,2,2
117,-11043.505,-2263.627,279.147,192.960,-0.973479,0.224214,-0.045472,-0.222867,-0.974295,-0.032853,-0.051669,-0.021848,0.998425,0,0.74464,0.47228,44.678,0.945,-1,375.000,-1,375.000,-1,300.000,300.000,325.000,300.000,-1,-1,-1,-1,675.000,650.000,-1,-1,2,0,2,0,2,0,0,0,0,2,2,2,2,0,0,2,2
118,-11086.773,-2274.339,276.749,193.906,-0.969679,0.240266,-0.044653,-0.238937,-0.970470,-0.033123,-0.051292,-0.021449,0.998453,0,0.74290,0.47285,44.574,0.946,-1,375.000,-1,350.000,-1,300.000,300.000,325.000,325.000,-1,-1,-1,-1,650.000,650.000,-1,-1,2,0,2,0,2,0,0,0,0,2,2,2,2,0,0,2,2
119,-11129.756,-2285.737,274.578,194.852,-0.965647,0.256264,-0.043075,-0.254932,-0.966358,-0.034096,-0.050363,-0.021944,0.998490,0,0.74114,0.47331,44.469,0.947,-1,375.000,-1,350.000,-1,300.000,300.000,325.000,325.000,-1,-1,-1,-1,650.000,650.000,1000.000,-1,2,0,2,0,2,0,0,0,0,2,2,2,2,0,0,1,2
120,-11172.441,-2297.816,272.545,195.799,-0.961371,0.272199,-0.040906,-0.270860,-0.961966,-0.035438,-0.048997,-0.022989,0.998534,0,0.73936,0.47365,44.362,0.947,-1,375.000,1000.000,350.000,-1,300.000,300.000,300.000,325.000,-1,-1,-1,-1,650.000,650.000,975.000,-1,2,0,1,0,2,0,0,0,0,2,2,2,2,0,0,1,2
121,-11214.819,-2310.568,270.554,196.747,-0.956827,0.288066,-0.038739,-0.286726,-0.957309,-0.036699,-0.047657,-0.024007,0.998575,0,0.73758,0.47388,44.255,0.948,-1,375.000,950.000,350.000,-1,300.000,300.000,300.000,325.000,-1,-1,-1,-1,650.000,650.000,950.000,-1,2,0,1,0,2,0,0,0,0,2,2,2,2,0,0,1,2
122,-11261.489,-2325.674,268.572,197.935,-0.950732,0.307846,-0.036585,-0.306536,-0.951126,-0.037358,-0.046298,-0.024303,0.998632,0,0.81758,0.59388,49.055,1.188,-1,375.000,900.000,350.000,-1,300.000,300.000,300.000,325.000,-1,750.000,-1,-1,650.000,650.000,925.000,-1,2,0,1,0,2,0,0,0,0,2,0,2,2,0,1,1,2
123,-11307.728,-2341.923,266.867,199.363,-0.942865,0.331456,-0.033795,-0.330247,-0.943178,-0.036785,-0.044067,-0.023522,0.998752,0,0.81684,0.71388,49.011,1.428,-1,375.000,850.000,350.000,-1,300.000,300.000,300.000,325.000,-1,625.000,850.000,-1,650.000,625.000,875.000,-1,2,0,1,0,2,0,0,0,0,2,0,0,2,0,1,1,2
124,-11353.404,-2359.484,265.177,201.030,-0.932915,0.358771,-0.030867,-0.357662,-0.933148,-0.036247,-0.041808,-0.022775,0.998866,0,0.81560,0.83388,48.936,1.668,-1,375.000,800.000,375.000,-1,300.000,300.000,300.000,325.000,-1,550.000,700.000,-1,675.000,600.000,875.000,-1,2,0,1,0,2,0,0,0,0,2,0,0,2,0,1,1,2
125,-11398.427,-2378.538,263.504,202.938,-0.920547,0.389643,-0.027779,-0.388631,-0.920701,-0.035720,-0.039494,-0.022086,0.998976,0,0.81483,0.95388,48.890,1.908,-1,375.000,750.000,375.000,-1,300.000,300.000,325.000,325.000,-1,500.000,625.000,-1,675.000,575.000,850.000,1000.000,2,0,1,0,2,0,0,0,0,2,0,0,2,1,1,1,1
126,-11442.742,-2399.143,261.712,204.938,-0.906458,0.421548,-0.025135,-0.420630,-0.906562,-0.034856,-0.037480,-0.021023,0.999076,0,0.81453,1.00000,48.872,2.000,-1,375.000,700.000,375.000,-1,300.000,300.000,325.000,325.000,-1,475.000,575.000,-1,650.000,550.000,825.000,800.000,2,0,1,0,2,0,0,0,0,2,0,0,2,1,1,1,1
127,-11486.305,-2421.280,259.790,206.938,-0.891242,0.452943,-0.023048,-0.452115,-0.891325,-0.033660,-0.035789,-0.019579,0.999168,0,0.81441,1.00000,48.865,2.000,-1,375.000,650.000,375.000,-1,300.000,300.000,325.000,325.000,-1,450.000,525.000,-1,625.000,500.000,825.000,675.000,2,0,1,1,2,0,0,1,0,2,0,0,2,1,1,1,1
128,-11529.063,-2444.920,257.859,208.938,-0.874934,0.483786,-0.021022,-0.483042,-0.874997,-0.032411,-0.034074,-0.018203,0.999254,0,0.81430,1.00000,48.858,2.000,-1,375.000,625.000,350.000,-1,300.000,300.000,325.000,325.000,-1,425.000,500.000,-1,600.000,475.000,800.000,575.000,2,0,1,1,2,0,0,1,0,2,0,0,2,1,1,1,1
129,-11575.100,-2472.484,255.750,210.911,-0.857805,0.513630,-0.018842,-0.512973,-0.857845,-0.031007,-0.032089,-0.016932,0.999342,0,0.89430,0.98631,53.658,1.973,-1,375.000,575.000,325.000,800.000,300.000,300.000,300.000,325.000,-1,375.000,475.000,-1,575.000,425.000,800.000,475.000,2,0,1,1,1,0,0,1,0,2,0,0,2,1,1,1,1
130,-11622.188,-2502.914,253.610,212.872,-0.839764,0.542696,-0.016645,-0.542115,-0.839777,-0.029765,-0.030131,-0.015972,0.999418,0,0.93443,0.98062,56.066,1.961,-1,375.000,525.000,300.000,525.000,325.000,300.000,300.000,325.000,-1,350.000,450.000,-1,550.000,375.000,775.000,400.000,2,0,1,1,1,0,1,1,0,2,0,0,2,1,1,1,1
131,-11668.517,-2535.138,251.858,214.820,-0.820873,0.570924,-0.014595,-0.570359,-0.820836,-0.030314,-0.029287,-0.016559,0.999434,0,0.94055,0.97403,56.433,1.948,-1,375.000,500.000,275.000,400.000,325.000,275.000,300.000,325.000,-1,375.000,475.000,-1,525.000,350.000,750.000,325.000,2,0,1,1,1,0,1,1,0,2,0,0,2,1,1,1,1
132,-11714.005,-2569.110,250.138,216.753,-0.801191,0.598280,-0.012452,-0.597732,-0.801100,-0.030913,-0.028470,-0.017324,0.999445,0,0.94623,0.96653,56.774,1.933,-1,375.000,450.000,250.000,300.000,300.000,250.000,300.000,325.000,-1,400.000,525.000,-1,500.000,300.000,725.000,275.000,2,0,1,1,1,1,1,1,0,2,0,0,2,1,1,1,1
133,-11758.569,-2604.777,250.697,218.669,-0.780944,0.624601,0.000278,-0.624247,-0.780487,-0.034003,-0.021022,-0.026728,0.999422,0,0.95133,0.95803,57.080,1.916,-1,375.000,425.000,225.000,250.000,300.000,225.000,300.000,325.000,-1,300.000,450.000,-1,475.000,275.000,725.000,225.000,2,1,1,1,1,1,1,1,0,2,0,0,2,1,1,1,1
134,-11802.125,-2642.073,253.160,220.566,-0.759859,0.649714,0.022051,-0.650038,-0.758940,-0.038224,-0.008099,-0.043379,0.999026,0,0.95572,0.94846,57.343,1.897,-1,375.000,425.000,225.000,225.000,275.000,225.000,300.000,400.000,1000.000,225.000,375.000,-1,475.000,250.000,725.000,200.000,2,1,1,1,1,1,1,1,0,0,0,0,2,1,1,1,1
