timestep,x_cm,y_cm,z_cm,yaw_deg,basis_xx,basis_xy,basis_xz,basis_yx,basis_yy,basis_yz,basis_zx,basis_zy,basis_zz,teleport_flag,throttle_cmd,steering_cmd,cmd_move_cm,cmd_turn_deg,lidar_cm_0,lidar_cm_1,lidar_cm_2,lidar_cm_3,lidar_cm_4,lidar_cm_5,lidar_cm_6,lidar_cm_7,lidar_cm_8,lidar_cm_9,lidar_cm_10,lidar_cm_11,lidar_cm_12,lidar_cm_13,lidar_cm_14,lidar_cm_15,lidar_cm_16,lidar_class_0,lidar_class_1,lidar_class_2,lidar_class_3,lidar_class_4,lidar_class_5,lidar_class_6,lidar_class_7,lidar_class_8,lidar_class_9,lidar_class_10,lidar_class_11,lidar_class_12,lidar_class_13,lidar_class_14,lidar_class_15,lidar_class_16
0,332.765,-9511.099,115.919,-1.091,0.999819,0.019029,-0.000620,-0.018989,0.999019,0.040009,0.001381,-0.039990,0.999199,1,0.08000,0.12000,4.800,0.240,-1,400.000,-1,400.000,-1,325.000,325.000,300.000,300.000,-1,-1,-1,-1,775.000,750.000,-1,-1,2,0,2,0,2,0,0,0,0,2,2,2,2,0,0,2,2
1,342.365,-9511.201,115.929,-0.611,0.999943,0.010659,-0.000644,-0.010625,0.999144,0.039992,0.001070,-0.039983,0.999200,0,0.16000,0.24000,9.600,0.480,-1,400.000,-1,400.000,-1,325.000,325.000,300.000,300.000,-1,-1,-1,-1,775.000,750.000,-1,-1,2,0,2,0,2,0,0,0,0,2,2,2,2,0,0,2,2
2,356.765,-9511.216,115.937,-0.058,0.999999,0.001017,-0.000674,-0.000990,0.999200,0.039978,0.000714,-0.039977,0.999200,0,0.24000,0.27645,14.400,0.553,-1,400.000,-1,400.000,-1,325.000,325.000,300.000,300.000,-1,-1,-1,-1,775.000,750.000,-1,-1,2,0,2,0,2,0,0,0,0,2,2,2,2,0,0,2,2
3,375.964,-9511.051,115.942,0.491,0.999963,-0.008559,-0.000706,0.008580,0.999164,0.039974,0.000363,-0.039979,0.999200,0,0.32000,0.27457,19.200,0.549,-1,400.000,-1,400.000,-1,325.000,325.000,300.000,300.000,-1,-1,-1,-1,775.000,750.000,-1,-1,2,0,2,0,2,0,0,0,0,2,2,2,2,0,0,2,2
4,399.960,-9510.617,115.938,1.035,0.999837,-0.018052,-0.000740,0.018067,0.999037,0.039985,0.000017,-0.039992,0.999200,0,0.40000,0.27220,24.000,0.544,-1,400.000,-1,400.000,-1,325.000,325.000,300.000,300.000,-1,-1,-1,-1,775.000,750.000,-1,-1,2,0,2,0,2,0,0,0,0,2,2,2,2,0,0,2,2
5,428.749,-9509.826,115.922,1.574,0.999623,-0.027446,-0.000775,0.027456,0.998822,0.040012,-0.000324,-0.040018,0.999199,0,0.48000,0.26942,28.800,0.539,-1,400.000,-1,375.000,-1,325.000,325.000,300.000,300.000,-1,-1,-1,-1,775.000,725.000,-1,-1,2,0,2,0,2,0,0,0,0,2,2,2,2,0,0,2,2
6,462.326,-9508.591,115.891,2.107,0.999325,-0.036731,-0.000812,0.036735,0.998522,0.040059,-0.000661,-0.040061,0.999197,0,0.56000,0.26635,33.600,0.533,-1,400.000,-1,375.000,-1,325.000,325.000,300.000,300.000,-1,-1,-1,-1,775.000,725.000,-1,-1,2,0,2,0,2,0,0,0,0,2,2,2,2,0,0,2,2
7,500.685,-9506.827,115.840,2.633,0.998946,-0.045900,-0.000848,0.045897,0.998140,0.040127,-0.000995,-0.040123,0.999194,0,0.64000,0.26310,38.400,0.526,-1,400.000,-1,375.000,-1,325.000,325.000,300.000,300.000,-1,-1,-1,-1,775.000,725.000,-1,-1,2,0,2,0,2,0,0,0,0,2,2,2,2,0,0,2,2
8,543.820,-9504.451,115.766,3.153,0.998489,-0.054950,-0.000883,0.054941,0.997679,0.040217,-0.001329,-0.040205,0.999191,0,0.72000,0.25981,43.200,0.520,-1,400.000,-1,375.000,-1,325.000,325.000,300.000,300.000,-1,-1,-1,-1,775.000,725.000,-1,-1,2,0,2,0,2,0,0,0,0,2,2,2,2,0,0,2,2
9,590.713,-9501.447,115.667,3.666,0.997957,-0.063884,-0.000914,0.063869,0.997143,0.040328,-0.001665,-0.040304,0.999186,0,0.78316,0.25662,46.989,0.513,-1,400.000,-1,375.000,-1,325.000,300.000,300.000,300.000,-1,-1,-1,-1,775.000,725.000,-1,-1,2,0,2,0,2,0,0,0,0,2,2,2,2,0,0,2,2
10,637.492,-9498.033,115.559,4.173,0.997352,-0.072714,-0.000913,0.072691,0.996533,0.040484,-0.002034,-0.040443,0.999180,0,0.78173,0.25376,46.904,0.508,-1,400.000,-1,375.000,-1,325.000,300.000,300.000,300.000,-1,-1,-1,-1,775.000,725.000,-1,-1,2,0,2,0,2,0,0,0,0,2,2,2,2,0,0,2,2
11,684.143,-9494.217,115.548,4.676,0.996676,-0.081459,-0.001081,0.081434,0.995830,0.041132,-0.002274,-0.041083,0.999153,0,0.78011,0.25154,46.807,0.503,-1,400.000,-1,375.000,-1,325.000,300.000,300.000,300.000,-1,-1,-1,-1,775.000,725.000,-1,-1,2,0,2,0,2,0,0,0,0,2,2,2,2,0,0,2,2
12,730.654,-9490.003,115.545,5.176,0.995928,-0.090142,-0.001472,0.090125,0.995056,0.041725,-0.002296,-0.041688,0.999128,0,0.77836,0.24995,46.702,0.500,-1,400.000,-1,375.000,-1,325.000,300.000,300.000,300.000,-1,-1,-1,-1,775.000,725.000,-1,-1,2,0,2,0,2,0,0,0,0,2,2,2,2,0,0,2,2
13,777.017,-9485.396,115.522,5.674,0.995107,-0.098785,-0.001863,0.098775,0.994209,0.042338,-0.002330,-0.042315,0.999102,0,0.77652,0.24900,46.591,0.498,-1,400.000,-1,375.000,-1,325.000,300.000,300.000,300.000,-1,-1,-1,-1,775.000,725.000,-1,-1,2,0,2,0,2,0,0,0,0,2,2,2,2,0,0,2,2
14,818.585,-9481.077,115.491,5.932,0.994652,-0.103258,-0.002208,0.103258,0.993729,0.042893,-0.002235,-0.042892,0.999077,0,0.69652,0.12900,41.791,0.258,-1,400.000,-1,375.000,-1,325.000,300.000,300.000,300.000,-1,-1,-1,-1,750.000,725.000,-1,-1,2,0,2,0,2,0,0,0,0,2,2,2,2,0,0,2,2
15,855.376,-9477.242,115.460,5.950,0.994619,-0.103568,-0.002505,0.103579,0.993675,0.043383,-0.002004,-0.043409,0.999055,0,0.61652,0.00900,36.991,0.018,-1,400.000,-1,375.000,-1,325.000,300.000,300.000,300.000,-1,-1,-1,-1,750.000,725.000,-1,-1,2,0,2,0,2,0,0,0,0,2,2,2,2,0,0,2,2
16,887.407,-9474.028,115.436,5.728,0.995012,-0.099715,-0.002752,0.099740,0.994049,0.043803,-0.001632,-0.043859,0.999036,0,0.53652,-0.11100,32.191,-0.222,-1,400.000,-1,375.000,-1,325.000,300.000,300.000,325.000,-1,-1,-1,-1,750.000,725.000,-1,-1,2,0,2,0,2,0,0,0,0,2,2,2,2,0,0,2,2
17,914.677,-9471.458,115.422,5.385,0.995591,-0.093753,-0.002954,0.093792,0.994612,0.044153,-0.001202,-0.044235,0.999020,0,0.45652,-0.17172,27.391,-0.343,-1,400.000,-1,375.000,-1,325.000,300.000,300.000,325.000,-1,-1,-1,-1,750.000,725.000,-1,-1,2,0,2,0,2,0,0,0,0,2,2,2,2,0,0,2,2
18,937.181,-9469.472,115.414,5.043,0.996132,-0.087810,-0.003117,0.087862,0.995141,0.044439,-0.000801,-0.044541,0.999007,0,0.37652,-0.17111,22.591,-0.342,-1,400.000,-1,375.000,-1,325.000,300.000,300.000,325.000,-1,-1,-1,-1,750.000,725.000,-1,-1,2,0,2,0,2,0,0,0,0,2,2,2,2,0,0,2,2
19,954.913,-9468.014,115.412,4.702,0.996637,-0.081883,-0.003241,0.081946,0.995636,0.044659,-0.000430,-0.044775,0.998997,0,0.29652,-0.17055,17.791,-0.341,-1,400.000,-1,375.000,-1,325.000,300.000,300.000,325.000,-1,-1,-1,-1,750.000,725.000,-1,-1,2,0,2,0,2,0,0,0,0,2,2,2,2,0,0,2,2
20,967.866,-9467.026,115.414,4.361,0.997105,-0.075971,-0.003327,0.076043,0.996097,0.044814,-0.000091,-0.044938,0.998990,0,0.21652,-0.17007,12.991,-0.340,-1,400.000,-1,375.000,-1,325.000,300.000,300.000,325.000,-1,-1,-1,-1,750.000,725.000,-1,-1,2,0,2,0,2,0,0,0,0,2,2,2,2,0,0,2,2
21,976.037,-9466.451,115.417,4.022,0.997536,-0.070068,-0.003374,0.070149,0.996525,0.044905,0.000216,-0.045031,0.998986,0,0.13652,-0.16971,8.191,-0.339,-1,400.000,-1,375.000,-1,325.000,300.000,300.000,325.000,-1,-1,-1,-1,725.000,725.000,-1,-1,2,0,2,0,2,0,0,0,0,2,2,2,2,0,0,2,2
22,979.422,-9466.233,115.419,3.683,0.997933,-0.064171,-0.003383,0.064259,0.996921,0.044931,0.000490,-0.045056,0.998984,0,0.05652,-0.16949,3.391,-0.339,-1,400.000,-1,375.000,-1,325.000,300.000,300.000,325.000,-1,-1,-1,-1,725.000,725.000,-1,-1,2,0,2,0,2,0,0,0,0,2,2,2,2,0,0,2,2
23,978.015,-9466.315,115.418,3.344,0.998295,-0.058275,-0.003354,0.058367,0.997285,0.044895,0.000729,-0.045014,0.998986,0,-0.02348,-0.16940,-1.409,-0.339,-1,400.000,-1,375.000,-1,325.000,300.000,300.000,325.000,-1,-1,-1,-1,725.000,725.000,-1,-1,2,0,2,0,2,0,0,0,0,2,2,2,2,0,0,2,2
24,971.815,-9466.641,115.412,3.005,0.998622,-0.052376,-0.003287,0.052471,0.997617,0.044798,0.000933,-0.044909,0.998991,0,-0.10348,-0.16943,-6.209,-0.339,-1,400.000,-1,375.000,-1,325.000,300.000,300.000,325.000,-1,-1,-1,-1,725.000,725.000,-1,-1,2,0,2,0,2,0,0,0,0,2,2,2,2,0,0,2,2
25,965.339,-9466.943,115.403,2.666,0.998914,-0.046471,-0.003218,0.046568,0.997915,0.044698,0.001134,-0.044800,0.998995,0,-0.10805,-0.16956,-6.483,-0.339,-1,400.000,-1,375.000,-1,325.000,300.000,300.000,325.000,-1,-1,-1,-1,725.000,725.000,-1,-1,2,0,2,0,2,0,0,0,0,2,2,2,2,0,0,2,2
26,958.893,-9467.205,115.393,2.327,0.999172,-0.040560,-0.003150,0.040661,0.998177,0.044600,0.001335,-0.044691,0.999000,0,-0.10753,-0.16967,-6.452,-0.339,-1,400.000,-1,375.000,-1,325.000,300.000,300.000,325.000,-1,-1,-1,-1,725.000,725.000,-1,-1,2,0,2,0,2,0,0,0,0,2,2,2,2,0,0,2,2
27,952.476,-9467.427,115.382,1.987,0.999395,-0.034645,-0.003082,0.034748,0.998405,0.044503,0.001535,-0.044583,0.999005,0,-0.10701,-0.16975,-6.421,-0.339,-1,400.000,-1,375.000,-1,325.000,300.000,300.000,325.000,-1,-1,-1,-1,725.000,725.000,-1,-1,2,0,2,0,2,0,0,0,0,2,2,2,2,0,0,2,2
28,946.089,-9467.611,115.369,1.648,0.999583,-0.028727,-0.003015,0.028833,0.998597,0.044407,0.001735,-0.044476,0.999009,0,-0.10650,-0.16980,-6.390,-0.340,-1,400.000,-1,375.000,-1,325.000,300.000,300.000,325.000,-1,-1,-1,-1,725.000,725.000,-1,-1,2,0,2,0,2,0,0,0,0,2,2,2,2,0,0,2,2
29,939.732,-9467.756,115.354,1.308,0.999736,-0.022807,-0.002948,0.022915,0.998755,0.044313,0.001934,-0.044369,0.999013,0,-0.10598,-0.16984,-6.359,-0.340,-1,400.000,-1,375.000,-1,325.000,300.000,300.000,325.000,-1,-1,-1,-1,725.000,725.000,-1,-1,2,0,2,0,2,0,0,0,0,2,2,2,2,0,0,2,2
30,933.406,-9467.863,115.338,0.968,0.999853,-0.016885,-0.002882,0.016996,0.998877,0.044220,0.002133,-0.044262,0.999018,0,-0.10546,-0.16984,-6.327,-0.340,-1,400.000,-1,375.000,-1,325.000,300.000,300.000,325.000,-1,-1,-1,-1,725.000,725.000,-1,-1,2,0,2,0,2,0,0,0,0,2,2,2,2,0,0,2,2
31,927.110,-9467.933,115.321,0.629,0.999936,-0.010964,-0.002817,0.011077,0.998964,0.044128,0.002331,-0.044156,0.999022,0,-0.10494,-0.16982,-6.296,-0.340,-1,400.000,-1,375.000,-1,325.000,300.000,300.000,325.000,-1,-1,-1,-1,725.000,725.000,-1,-1,2,0,2,0,2,0,0,0,0,2,2,2,2,0,0,2,2
32,920.845,-9467.964,115.302,0.289,0.999983,-0.005043,-0.002753,0.005159,0.999017,0.044037,0.002528,-0.044051,0.999026,0,-0.10442,-0.16978,-6.265,-0.340,-1,400.000,-1,375.000,-1,325.000,300.000,300.000,325.000,-1,-1,-1,-1,725.000,725.000,-1,-1,2,0,2,0,2,0,0,0,0,2,2,2,2,0,0,2,2
33,919.379,-9467.969,115.297,0.190,0.999991,-0.003307,-0.002737,0.003424,0.999025,0.044015,0.002589,-0.044024,0.999027,0,-0.02442,-0.04978,-1.465,-0.100,-1,400.000,-1,375.000,-1,325.000,300.000,300.000,325.000,-1,-1,-1,-1,725.000,725.000,-1,-1,2,0,2,0,2,0,0,0,0,2,2,2,2,0,0,2,2
34,922.714,-9467.950,115.307,0.330,0.999980,-0.005756,-0.002770,0.005872,0.999012,0.044061,0.002513,-0.044076,0.999025,0,0.05558,0.07022,3.335,0.140,-1,400.000,-1,375.000,-1,325.000,300.000,300.000,325.000,-1,-1,-1,-1,725.000,725.000,-1,-1,2,0,2,0,2,0,0,0,0,2,2,2,2,0,0,2,2
35,930.848,-9467.849,115.330,0.711,0.999919,-0.012389,-0.002851,0.012503,0.998946,0.044176,0.002301,-0.044209,0.999020,0,0.13558,0.19022,8.135,0.380,-1,400.000,-1,375.000,-1,325.000,300.000,300.000,325.000,-1,-1,-1,-1,725.000,725.000,-1,-1,2,0,2,0,2,0,0,0,0,2,2,2,2,0,0,2,2
36,943.779,-9467.548,115.359,1.331,0.999726,-0.023205,-0.002982,0.023314,0.998743,0.044365,0.001948,-0.044423,0.999011,0,0.21558,0.31022,12.935,0.620,-1,400.000,-1,375.000,-1,325.000,300.000,300.000,325.000,-1,-1,-1,-1,725.000,725.000,-1,-1,2,0,2,0,2,0,0,0,0,2,2,2,2,0,0,2,2
37,961.503,-9466.940,115.391,1.967,0.999407,-0.034286,-0.003153,0.034393,0.998412,0.044617,0.001618,-0.044699,0.998999,0,0.29558,0.31792,17.735,0.636,-1,400.000,-1,375.000,-1,325.000,300.000,300.000,325.000,-1,-1,-1,-1,725.000,725.000,-1,-1,2,0,2,0,2,0,0,0,0,2,2,2,2,0,0,2,2
38,984.014,-9465.916,115.422,2.603,0.998965,-0.045368,-0.003365,0.045473,0.997954,0.044934,0.001320,-0.045040,0.998984,0,0.37558,0.31806,22.535,0.636,-1,400.000,-1,375.000,-1,325.000,300.000,300.000,325.000,-1,-1,-1,-1,725.000,725.000,-1,-1,2,0,2,0,2,0,0,0,0,2,2,2,2,0,0,2,2
39,1011.305,-9464.371,115.446,3.240,0.998398,-0.056457,-0.003617,0.056563,0.997370,0.045321,0.001049,-0.045453,0.998966,0,0.45558,0.31844,27.335,0.637,-1,400.000,-1,375.000,-1,325.000,300.000,300.000,325.000,-1,-1,-1,-1,725.000,725.000,-1,-1,2,0,2,0,2,0,0,0,0,2,2,2,2,0,0,2,2
40,1043.366,-9462.197,115.459,3.878,0.997707,-0.067564,-0.003910,0.067672,0.996657,0.045783,0.000804,-0.045943,0.998944,0,0.53558,0.31918,32.135,0.638,-1,400.000,-1,375.000,-1,325.000,300.000,300.000,325.000,-1,-1,-1,-1,725.000,725.000,-1,-1,2,0,2,0,2,0,0,0,0,2,2,2,2,0,0,2,2
41,1078.885,-9459.390,115.454,4.519,0.996889,-0.078703,-0.004233,0.078815,0.995813,0.046310,0.000571,-0.046499,0.998918,0,0.59383,0.32039,35.630,0.641,-1,400.000,-1,375.000,-1,325.000,300.000,300.000,325.000,-1,-1,-1,-1,725.000,725.000,-1,-1,2,0,2,0,2,0,0,0,0,2,2,2,2,0,0,2,2
42,1119.166,-9455.922,115.435,4.920,0.996313,-0.085665,-0.004583,0.085785,0.995209,0.046907,0.000542,-0.047127,0.998889,0,0.67383,0.20039,40.430,0.401,-1,400.000,-1,375.000,-1,325.000,300.000,300.000,325.000,-1,-1,-1,-1,725.000,725.000,-1,-1,2,0,2,0,2,0,0,0,0,2,2,2,2,0,0,2,2
43,1164.202,-9451.740,115.397,5.305,0.995714,-0.092349,-0.004971,0.092481,0.994576,0.047593,0.000549,-0.047848,0.998854,0,0.75383,0.19257,45.230,0.385,-1,375.000,-1,375.000,-1,325.000,300.000,300.000,325.000,-1,-1,-1,-1,725.000,725.000,-1,-1,2,0,2,0,2,0,0,0,0,2,2,2,2,0,0,2,2
44,1213.984,-9446.773,115.336,5.697,0.995059,-0.099142,-0.005401,0.099287,0.993882,0.048375,0.000572,-0.048673,0.998815,0,0.83383,0.19582,50.030,0.392,-1,375.000,-1,375.000,-1,300.000,300.000,300.000,325.000,-1,-1,-1,-1,700.000,725.000,-1,-1,2,0,2,0,2,0,0,0,0,2,2,2,2,0,0,2,2
45,1268.504,-9440.950,115.248,6.097,0.994341,-0.106074,-0.005874,0.106235,0.993120,0.049264,0.000608,-0.049609,0.998769,0,0.91383,0.20004,54.830,0.400,-1,375.000,-1,375.000,-1,300.000,300.000,300.000,325.000,-1,-1,-1,-1,700.000,700.000,-1,-1,2,0,2,0,2,0,0,0,0,2,2,2,2,0,0,2,2
46,1323.970,-9434.622,115.285,6.507,0.993554,-0.113183,-0.006351,0.113360,0.992256,0.050767,0.000556,-0.051160,0.998690,0,0.93043,0.20540,55.826,0.411,-1,375.000,-1,375.000,-1,300.000,300.000,300.000,325.000,-1,-1,-1,-1,700.000,700.000,-1,-1,2,0,2,0,2,0,0,0,0,2,2,2,2,0,0,2,2
47,1379.378,-9427.886,115.586,6.931,0.992686,-0.120504,-0.007305,0.120721,0.991351,0.051481,0.001039,-0.051986,0.998647,0,0.93027,0.21161,55.816,0.423,-1,375.000,-1,375.000,-1,300.000,300.000,300.000,325.000,-1,-1,-1,-1,700.000,700.000,-1,-1,2,0,2,0,2,0,0,0,0,2,2,2,2,0,0,2,2
48,1434.751,-9420.726,116.030,7.368,0.991728,-0.128063,-0.008670,0.128341,0.990393,0.051479,0.001995,-0.052166,0.998636,0,0.93057,0.21858,55.834,0.437,-1,375.000,-1,375.000,-1,300.000,300.000,325.000,325.000,-1,-1,-1,-1,700.000,700.000,-1,-1,2,0,2,0,2,0,0,0,0,2,2,2,2,0,0,2,2
49,1490.906,-9412.948,116.459,7.886,0.990517,-0.137022,-0.010084,0.137362,0.989183,0.051470,0.002922,-0.052367,0.998624,0,0.94486,0.25935,56.692,0.519,-1,375.000,-1,375.000,-1,300.000,300.000,325.000,325.000,-1,-1,-1,-1,675.000,700.000,-1,-1,2,0,2,0,2,0,0,0,0,2,2,2,2,0,0,2,2
50,1547.140,-9404.619,116.869,8.424,0.989173,-0.146302,-0.011528,0.146705,0.987842,0.051437,0.003863,-0.052571,0.998610,0,0.94746,0.26899,56.847,0.538,-1,375.000,-1,375.000,-1,300.000,300.000,325.000,325.000,-1,-1,-1,-1,675.000,700.000,-1,-1,2,0,2,0,2,0,0,0,0,2,2,2,2,0,0,2,2
51,1603.456,-9395.717,117.259,8.983,0.987684,-0.155920,-0.013007,0.156387,0.986359,0.051378,0.004818,-0.052779,0.998595,0,0.95026,0.27916,57.016,0.558,-1,375.000,-1,375.000,-1,300.000,300.000,325.000,325.000,-1,950.000,-1,-1,675.000,700.000,-1,-1,2,0,2,0,2,0,0,0,0,2,0,2,2,0,0,2,2
52,1659.859,-9386.215,117.628,9.562,0.986037,-0.165889,-0.014521,0.166423,0.984720,0.051289,0.005791,-0.052989,0.998578,0,0.95329,0.28985,57.197,0.580,-1,375.000,-1,375.000,-1,300.000,325.000,325.000,325.000,-1,850.000,-1,-1,675.000,700.000,-1,-1,2,0,2,0,2,0,0,0,0,2,0,2,2,0,0,2,2
53,1716.352,-9376.087,117.976,10.165,0.984219,-0.176226,-0.016076,0.176827,0.982911,0.051167,0.006784,-0.053202,0.998561,0,0.95657,0.30104,57.394,0.602,-1,375.000,-1,375.000,-1,325.000,325.000,325.000,325.000,-1,775.000,975.000,-1,675.000,700.000,-1,-1,2,0,2,0,2,0,0,0,0,2,0,0,2,0,0,2,2
54,1772.810,-9365.341,118.300,10.776,0.982257,-0.186703,-0.017668,0.187375,0.980963,0.051009,0.007808,-0.053415,0.998542,0,0.95786,0.30574,57.472,0.611,-1,375.000,-1,375.000,-1,300.000,300.000,325.000,325.000,-1,700.000,875.000,-1,675.000,700.000,-1,-1,2,0,2,0,2,0,0,0,0,2,0,0,2,0,0,2,2
55,1829.210,-9353.972,118.601,11.396,0.980151,-0.197312,-0.019301,0.198055,0.978873,0.050813,0.008867,-0.053627,0.998522,0,0.95891,0.31021,57.535,0.620,-1,375.000,-1,375.000,-1,300.000,300.000,325.000,325.000,-1,650.000,800.000,-1,650.000,700.000,-1,-1,2,0,2,0,2,0,0,0,0,2,0,0,2,0,0,2,2
56,1880.835,-9343.209,118.865,11.777,0.978790,-0.203805,-0.020833,0.204620,0.977532,0.050615,0.010049,-0.053804,0.998501,0,0.87891,0.19021,52.735,0.380,-1,375.000,-1,375.000,-1,300.000,300.000,325.000,325.000,-1,625.000,725.000,-1,650.000,700.000,-1,-1,2,0,2,0,2,0,0,0,0,2,0,0,2,0,0,2,2
57,1927.737,-9333.311,119.136,11.917,0.978260,-0.206197,-0.022122,0.207079,0.977015,0.050601,0.011180,-0.054082,0.998474,0,0.79891,0.07021,47.935,0.140,-1,375.000,-1,375.000,-1,300.000,300.000,300.000,325.000,-1,575.000,675.000,-1,650.000,700.000,-1,-1,2,0,2,0,2,0,0,0,0,2,0,0,2,0,0,2,2
58,1973.403,-9323.755,119.714,11.818,0.978568,-0.204483,-0.024342,0.205500,0.977296,0.051595,0.013239,-0.055491,0.998371,0,0.77760,-0.04979,46.656,-0.100,-1,375.000,-1,375.000,-1,300.000,300.000,300.000,325.000,-1,500.000,575.000,-1,650.000,700.000,-1,-1,2,0,2,0,2,0,0,0,0,2,0,0,2,0,0,2,2
59,2019.111,-9314.473,120.383,11.478,0.979713,-0.198675,-0.026296,0.199821,0.978431,0.052381,0.015322,-0.056573,0.998281,0,0.77734,-0.16979,46.641,-0.340,1000.000,375.000,-1,375.000,-1,300.000,300.000,300.000,325.000,-1,475.000,475.000,-1,650.000,700.000,-1,-1,0,0,2,0,2,0,0,0,0,2,0,0,2,0,0,2,2
60,2064.871,-9305.664,121.521,10.899,0.981627,-0.188775,-0.027805,0.190004,0.980434,0.051464,0.017546,-0.055802,0.998288,0,0.77667,-0.28979,46.600,-0.580,-1,375.000,-1,375.000,-1,300.000,300.000,300.000,325.000,-1,475.000,450.000,-1,650.000,725.000,-1,-1,2,0,2,0,2,0,0,0,0,2,0,0,2,0,0,2,2
61,2110.686,-9297.521,122.776,10.079,0.984173,-0.174743,-0.029468,0.176056,0.983098,0.050223,0.020194,-0.054616,0.998303,0,0.77554,-0.40979,46.533,-0.820,-1,375.000,-1,375.000,-1,300.000,300.000,300.000,325.000,-1,475.000,450.000,-1,650.000,725.000,-1,-1,2,0,2,0,2,0,0,0,0,2,0,0,2,0,0,2,2
62,2156.549,-9290.243,124.089,9.019,0.987180,-0.156545,-0.031123,0.157939,0.986234,0.048975,0.023027,-0.053263,0.998315,0,0.77394,-0.52979,46.437,-1.060,-1,375.000,-1,375.000,-1,300.000,300.000,300.000,325.000,-1,475.000,450.000,-1,650.000,725.000,-1,-1,2,0,2,0,2,0,0,0,0,2,0,0,2,0,0,2,2
63,2202.442,-9284.023,125.462,7.720,0.990420,-0.134148,-0.032764,0.135618,0.989611,0.047737,0.026020,-0.051723,0.998322,0,0.77186,-0.64979,46.311,-1.300,-1,375.000,-1,375.000,-1,300.000,300.000,300.000,325.000,-1,500.000,450.000,-1,675.000,750.000,-1,-1,2,0,2,0,2,0,0,0,0,2,0,0,2,0,0,2,2
64,2248.332,-9279.055,126.899,6.180,0.993608,-0.107521,-0.034387,0.109059,0.992946,0.046527,0.029142,-0.049980,0.998325,0,0.76929,-0.76979,46.158,-1.540,-1,375.000,-1,375.000,-1,300.000,325.000,300.000,325.000,-1,500.000,450.000,-1,675.000,750.000,-1,-1,2,0,2,0,2,0,0,0,0,2,0,0,2,0,0,2,2
65,2294.173,-9275.529,128.399,4.401,0.996409,-0.076641,-0.035982,0.078240,0.995902,0.045365,0.032358,-0.048018,0.998322,0,0.76627,-0.88979,45.976,-1.780,-1,375.000,-1,400.000,-1,300.000,325.000,300.000,325.000,-1,525.000,475.000,-1,700.000,775.000,-1,-1,2,0,2,0,2,0,0,0,0,2,0,0,2,0,0,2,2
66,2339.899,-9273.492,129.955,2.552,0.998305,-0.044475,-0.037551,0.046124,0.997955,0.044253,0.035506,-0.045910,0.998314,0,0.76284,-0.92442,45.770,-1.849,-1,375.000,-1,400.000,-1,300.000,325.000,300.000,325.000,-1,550.000,475.000,-1,700.000,800.000,-1,-1,2,0,2,0,2,0,0,0,0,2,0,0,2,0,0,2,2
67,2385.450,-9272.935,131.547,0.703,0.999162,-0.012265,-0.039060,0.013949,0.998971,0.043152,0.038491,-0.043661,0.998305,0,0.75924,-0.92418,45.554,-1.848,-1,375.000,-1,400.000,-1,325.000,325.000,300.000,325.000,-1,575.000,500.000,-1,725.000,825.000,-1,-1,2,0,2,0,2,0,0,0,0,2,0,0,2,0,0,2,2
68,2430.780,-9273.842,133.145,-1.145,0.998982,0.019972,-0.040443,-0.018271,0.998951,0.041980,0.041239,-0.041199,0.998300,0,0.75564,-0.92437,45.338,-1.849,-1,375.000,-1,400.000,-1,325.000,325.000,300.000,325.000,-1,600.000,500.000,-1,725.000,850.000,-1,-1,2,0,2,0,2,0,0,0,0,2,0,0,2,0,0,2,2
69,2475.846,-9276.202,134.742,-2.995,0.997758,0.052216,-0.041868,-0.050513,0.997892,0.040742,0.043908,-0.038536,0.998292,0,0.75211,-0.92499,45.127,-1.850,-1,375.000,-1,400.000,-1,325.000,325.000,300.000,325.000,-1,625.000,525.000,-1,750.000,875.000,-1,-1,2,0,2,0,2,0,0,0,0,2,0,0,2,0,0,2,2
70,2520.610,-9279.999,136.362,-4.847,0.995489,0.084448,-0.043243,-0.082754,0.995785,0.039558,0.046401,-0.035801,0.998281,0,0.74874,-0.92603,44.924,-1.852,-1,400.000,-1,400.000,-1,325.000,325.000,300.000,325.000,-1,650.000,525.000,-1,750.000,900.000,-1,-1,2,0,2,0,2,0,0,0,0,2,0,0,2,0,0,2,2
71,2565.040,-9285.222,138.006,-6.702,0.992174,0.116648,-0.044544,-0.114975,0.992624,0.038447,0.048700,-0.033025,0.998267,0,0.74559,-0.92748,44.735,-1.855,-1,400.000,-1,425.000,-1,325.000,325.000,300.000,325.000,-1,675.000,525.000,-1,775.000,925.000,-1,-1,2,0,2,0,2,0,0,0,0,2,0,0,2,0,0,2,2
72,2609.107,-9291.857,139.810,-8.561,0.987843,0.148797,-0.045000,-0.147212,0.988424,0.036704,0.049940,-0.029633,0.998312,0,0.74273,-0.92932,44.564,-1.859,-1,400.000,-1,425.000,-1,325.000,325.000,300.000,325.000,-1,725.000,550.000,-1,775.000,925.000,-1,-1,2,0,2,0,2,0,0,0,0,2,0,0,2,0,0,2,2
73,2652.787,-9299.893,141.621,-10.424,0.982486,0.180871,-0.044808,-0.179403,0.983157,0.034888,0.050364,-0.026238,0.998386,0,0.74022,-0.93155,44.413,-1.863,-1,400.000,-1,425.000,-1,325.000,325.000,300.000,300.000,-1,825.000,650.000,-1,800.000,950.000,-1,-1,2,0,2,0,2,0,0,0,0,2,0,0,2,0,0,2,2
74,2697.186,-9309.565,143.704,-12.289,0.976119,0.212783,-0.043751,-0.211431,0.976816,0.033567,0.049880,-0.023516,0.998478,0,0.75733,-0.93243,45.440,-1.865,-1,400.000,-1,425.000,-1,325.000,325.000,300.000,300.000,-1,925.000,800.000,-1,800.000,950.000,-1,-1,2,0,2,0,2,0,0,0,0,2,0,0,2,0,0,2,2
75,2741.062,-9320.631,145.758,-14.155,0.968718,0.244489,-0.042555,-0.243264,0.969433,0.031977,0.049072,-0.020624,0.998582,0,0.75418,-0.93286,45.251,-1.866,-1,400.000,-1,425.000,-1,325.000,325.000,300.000,300.000,-1,-1,925.000,-1,800.000,950.000,-1,-1,2,0,2,0,2,0,0,0,0,2,2,0,2,0,0,2,2
76,2784.380,-9333.071,147.810,-16.022,0.960276,0.275965,-0.041381,-0.274870,0.961005,0.030271,0.048120,-0.017694,0.998685,0,0.75113,-0.93371,45.068,-1.867,-1,400.000,-1,425.000,-1,325.000,325.000,300.000,300.000,-1,-1,-1,-1,800.000,950.000,-1,-1,2,0,2,0,2,0,0,0,0,2,2,2,2,0,0,2,2
77,2827.104,-9346.865,149.853,-17.892,0.950797,0.307191,-0.040242,-0.306225,0.951534,0.028452,0.047032,-0.014729,0.998785,0,0.74827,-0.93497,44.896,-1.870,-1,400.000,-1,425.000,-1,325.000,325.000,300.000,300.000,-1,-1,-1,-1,800.000,950.000,-1,-1,2,0,2,0,2,0,0,0,0,2,2,2,2,0,0,2,2
78,2869.208,-9361.994,151.883,-19.765,0.940279,0.338145,-0.039151,-0.337307,0.941021,0.026527,0.045812,-0.011737,0.998881,0,0.74566,-0.93664,44.740,-1.873,-1,400.000,-1,425.000,-1,325.000,325.000,300.000,300.000,-1,-1,-1,-1,800.000,950.000,-1,-1,2,0,2,0,2,0,0,0,0,2,2,2,2,0,0,2,2
79,2910.666,-9378.444,153.894,-21.643,0.928725,0.368804,-0.038121,-0.368092,0.929466,0.024501,0.044469,-0.008723,0.998973,0,0.74336,-0.93869,44.602,-1.877,-1,400.000,-1,425.000,-1,325.000,325.000,300.000,300.000,-1,-1,-1,-1,800.000,950.000,-1,-1,2,0,2,0,2,0,0,0,0,2,2,2,2,0,1,2,2
80,2951.453,-9396.200,155.883,-23.525,0.916136,0.399142,-0.037165,-0.398555,0.916871,0.022382,0.043009,-0.005692,0.999058,0,0.74142,-0.94112,44.485,-1.882,-1,400.000,-1,425.000,-1,325.000,325.000,300.000,300.000,-1,-1,-1,-1,800.000,900.000,-1,-1,2,0,2,0,2,0,0,0,0,2,2,2,2,0,1,2,2
81,2991.551,-9415.251,157.845,-25.413,0.902511,0.429135,-0.036293,-0.428669,0.903236,0.020177,0.041440,-0.002652,0.999137,0,0.73988,-0.94392,44.393,-1.888,-1,400.000,-1,425.000,-1,325.000,325.000,300.000,300.000,-1,-1,-1,-1,800.000,875.000,-1,-1,2,0,2,0,2,0,0,0,0,2,2,2,2,0,1,2,2
82,3030.938,-9435.586,159.776,-27.307,0.887852,0.458757,-0.035517,-0.458408,0.888562,0.017896,0.039769,0.000392,0.999209,0,0.73879,-0.94706,44.327,-1.894,-1,400.000,-1,425.000,-1,325.000,325.000,300.000,300.000,-1,-1,-1,-1,800.000,850.000,-1,-1,2,0,2,0,2,0,0,0,0,2,2,2,2,0,1,2,2
83,3072.807,-9459.088,161.811,-29.307,0.871315,0.489484,-0.034867,-0.489258,0.872004,0.015323,0.037904,0.003708,0.999274,0,0.80024,-1.00000,48.015,-2.000,-1,400.000,-1,425.000,-1,325.000,325.000,300.000,300.000,-1,-1,-1,-1,825.000,825.000,-1,-1,2,0,2,0,2,0,0,0,0,2,2,2,2,0,1,2,2
84,3114.140,-9484.225,163.696,-31.307,0.853706,0.519610,-0.034515,-0.519488,0.854377,0.013125,0.036308,0.006725,0.999318,0,0.80626,-1.00000,48.376,-2.000,-1,400.000,-1,425.000,-1,325.000,350.000,300.000,300.000,-1,-1,-1,-1,850.000,800.000,-1,-1,2,0,2,0,2,0,0,0,0,2,2,2,2,0,1,2,2
85,3154.880,-9510.993,165.461,-33.307,0.835051,0.549099,-0.034343,-0.549065,0.835704,0.011255,0.034881,0.009458,0.999347,0,0.81245,-1.00000,48.747,-2.000,-1,400.000,-1,425.000,-1,325.000,350.000,300.000,300.000,-1,-1,-1,-1,850.000,775.000,-1,-1,2,0,2,0,2,0,0,0,0,2,2,2,2,0,1,2,2
86,3193.305,-9537.965,167.090,-35.067,0.817796,0.574492,-0.034190,-0.574539,0.818423,0.009389,0.033376,0.011966,0.999371,0,0.78244,-0.88000,46.946,-1.760,-1,425.000,-1,425.000,-1,350.000,350.000,300.000,300.000,-1,-1,-1,-1,850.000,750.000,-1,1000.000,2,0,2,0,2,0,0,0,0,2,2,2,2,0,1,2,1
87,3231.297,-9566.167,168.321,-36.587,0.802340,0.595992,-0.032330,-0.596080,0.802886,0.007883,0.030655,0.012946,0.999446,0,0.78860,-0.76000,47.316,-1.520,-1,425.000,-1,425.000,-1,350.000,350.000,300.000,300.000,-1,-1,-1,-1,850.000,725.000,-1,950.000,2,0,2,0,2,0,0,0,0,2,2,2,2,0,1,2,1
88,3268.943,-9595.438,169.442,-37.867,0.788904,0.613772,-0.030239,-0.613892,0.789365,0.006251,0.027706,0.013631,0.999523,0,0.79479,-0.64000,47.688,-1.280,-1,425.000,-1,425.000,-1,325.000,350.000,300.000,300.000,-1,-1,-1,-1,850.000,675.000,-1,900.000,2,0,2,1,2,0,0,0,0,2,2,2,2,0,1,2,1
89,3306.343,-9625.623,170.514,-38.907,0.777706,0.627993,-0.028248,-0.628140,0.778088,0.004421,0.024756,0.014305,0.999591,0,0.80101,-0.52000,48.061,-1.040,-1,400.000,-1,425.000,-1,325.000,350.000,300.000,300.000,-1,-1,-1,-1,825.000,650.000,-1,875.000,2,0,2,1,2,0,0,0,0,2,2,2,2,0,1,2,1
90,3343.604,-9656.566,171.533,-39.707,0.768930,0.638789,-0.026363,-0.638960,0.769236,0.002412,0.021820,0.014991,0.999650,0,0.80725,-0.40000,48.435,-0.800,-1,400.000,975.000,400.000,-1,325.000,350.000,300.000,300.000,-1,-1,-1,-1,825.000,625.000,-1,800.000,2,0,1,1,2,0,0,0,0,2,2,2,2,0,1,2,1
91,3380.847,-9688.113,172.443,-40.267,0.762707,0.646267,-0.024833,-0.646463,0.762945,0.000191,0.019070,0.015908,0.999692,0,0.81347,-0.28000,48.808,-0.560,-1,400.000,925.000,400.000,-1,325.000,325.000,300.000,300.000,-1,-1,-1,-1,800.000,575.000,-1,750.000,2,0,1,1,2,0,0,0,0,2,2,2,2,0,1,2,1
92,3418.196,-9720.110,173.274,-40.587,0.759136,0.650507,-0.023515,-0.650725,0.759311,-0.002196,0.016427,0.016968,0.999721,0,0.81967,-0.16000,49.180,-0.320,-1,400.000,850.000,375.000,-1,325.000,325.000,300.000,300.000,-1,-1,-1,-1,800.000,550.000,-1,700.000,2,0,1,1,2,0,1,0,0,2,2,2,2,0,1,2,1
93,3455.780,-9752.399,174.045,-40.667,0.758275,0.651554,-0.022299,-0.651788,0.758386,-0.004721,0.013835,0.018114,0.999740,0,0.82583,-0.04000,49.550,-0.080,-1,400.000,800.000,350.000,900.000,325.000,325.000,300.000,300.000,-1,-1,-1,-1,775.000,525.000,-1,625.000,2,0,1,1,1,0,1,0,0,2,2,2,2,1,1,2,1
94,3493.731,-9784.820,174.639,-40.507,0.760141,0.649412,-0.021193,-0.649666,0.760178,-0.007939,0.010955,0.019803,0.999744,0,0.83191,0.08000,49.914,0.160,-1,400.000,725.000,350.000,750.000,325.000,300.000,300.000,300.000,-1,-1,-1,-1,725.000,475.000,-1,550.000,2,0,1,1,1,0,1,0,0,2,2,2,2,1,1,2,1
95,3532.181,-9817.206,175.233,-40.107,0.764702,0.644068,-0.020149,-0.644330,0.764669,-0.011004,0.008320,0.021397,0.999736,0,0.83786,0.20000,50.272,0.400,-1,400.000,675.000,325.000,625.000,325.000,300.000,300.000,300.000,-1,-1,-1,-1,675.000,425.000,-1,475.000,2,0,1,1,1,0,1,0,0,2,2,2,2,1,1,2,1
96,3571.258,-9849.381,176.470,-39.467,0.771865,0.635499,-0.019104,-0.635737,0.771829,-0.010840,0.007856,0.020512,0.999759,0,0.84364,0.32000,50.619,0.640,-1,400.000,650.000,300.000,525.000,325.000,275.000,300.000,300.000,-1,-1,-1,-1,650.000,400.000,-1,425.000,2,0,1,1,1,1,1,0,0,2,2,2,2,1,1,2,1
97,3611.083,-9881.159,178.244,-38.587,0.781528,0.623605,-0.018191,-0.623801,0.781542,-0.007956,0.009255,0.017565,0.999803,0,0.84916,0.44000,50.950,0.880,-1,400.000,600.000,275.000,450.000,300.000,275.000,300.000,325.000,-1,-1,-1,-1,625.000,375.000,-1,375.000,2,0,1,1,1,1,1,0,0,2,2,2,2,1,1,2,1
98,3651.767,-9912.340,180.574,-37.467,0.793546,0.608256,-0.017592,-0.608380,0.793643,-0.002279,0.012576,0.012511,0.999843,0,0.85431,0.56000,51.259,1.120,-1,425.000,600.000,275.000,400.000,300.000,250.000,300.000,350.000,-1,-1,-1,-1,600.000,350.000,1000.000,325.000,2,1,1,1,1,1,1,0,0,2,2,2,2,1,1,1,1
99,3693.404,-9942.712,183.248,-36.107,0.807731,0.589288,-0.017615,-0.589260,0.807911,0.007314,0.018541,0.004472,0.999818,0,0.85895,0.68000,51.537,1.360,-1,400.000,575.000,250.000,325.000,300.000,250.000,275.000,375.000,-1,-1,-1,-1,600.000,325.000,-1,300.000,2,1,1,1,1,1,1,0,0,2,2,2,2,1,1,2,1
100,3736.068,-9972.042,186.357,-34.507,0.823854,0.566495,-0.018633,-0.566169,0.824043,0.020163,0.026777,-0.006062,0.999623,0,0.86288,0.80000,51.773,1.600,-1,400.000,575.000,250.000,300.000,300.000,225.000,275.000,400.000,-1,-1,-1,-1,600.000,325.000,-1,275.000,2,1,1,1,1,1,1,0,0,2,2,2,2,1,1,2,1
101,3779.736,-10000.188,189.930,-32.804,0.840329,0.541673,-0.020901,-0.540826,0.840385,0.035500,0.036794,-0.018528,0.999151,0,0.86586,0.85149,51.952,1.703,-1,400.000,600.000,250.000,250.000,300.000,225.000,275.000,450.000,-1,-1,-1,-1,625.000,300.000,-1,225.000,2,1,1,1,1,1,1,0,0,2,2,2,2,1,1,2,1
102,3824.310,-10027.099,193.933,-31.124,0.855869,0.516611,-0.024511,-0.514937,0.855601,0.052798,0.048247,-0.032567,0.998304,0,0.86778,0.84019,52.067,1.680,-1,425.000,600.000,225.000,225.000,300.000,225.000,275.000,500.000,-1,225.000,450.000,-1,650.000,300.000,-1,225.000,2,1,1,1,1,1,1,0,0,2,0,0,2,1,1,2,1
103,3869.685,-10052.732,198.459,-29.468,0.870416,0.491385,-0.030263,-0.488467,0.869650,0.071477,0.061441,-0.047432,0.996983,0,0.86855,0.82772,52.113,1.655,-1,425.000,650.000,225.000,200.000,300.000,225.000,250.000,575.000,-1,125.000,325.000,-1,675.000,300.000,-1,200.000,2,1,1,1,1,1,1,0,0,2,0,0,2,1,1,2,1
104,3915.741,-10077.049,203.465,-27.840,0.883916,0.466081,-0.038235,-0.461393,0.882503,0.091134,0.076219,-0.062913,0.995104,0,0.86798,0.81400,52.079,1.628,-1,450.000,700.000,225.000,175.000,300.000,225.000,250.000,650.000,650.000,75.000,250.000,-1,725.000,300.000,-1,175.000,2,1,1,1,1,1,1,0,0,0,0,0,2,1,1,2,1
105,3966.672,-10102.379,209.173,-26.452,0.894723,0.444000,-0.048317,-0.436705,0.892393,0.113679,0.093591,-0.080611,0.992342,0,0.94798,0.69400,56.879,1.388,-1,475.000,750.000,250.000,175.000,325.000,250.000,250.000,750.000,450.000,50.000,200.000,-1,850.000,325.000,-1,175.000,2,1,1,1,1,1,1,0,0,0,0,0,2,1,1,2,1
106,4020.925,-10128.014,215.662,-25.304,0.903115,0.425239,-0.059625,-0.414319,0.899433,0.139142,0.112797,-0.100958,0.988476,0,1.00000,0.57400,60.000,1.148,-1,475.000,-1,250.000,150.000,325.000,250.000,250.000,650.000,300.000,25.000,175.000,-1,-1,325.000,-1,150.000,2,1,2,1,1,1,1,0,1,0,0,0,2,2,1,2,1
107,9511.047,3607.670,368.826,-32.016,0.849476,0.527451,-0.013622,-0.525560,0.843582,-0.110258,-0.046665,0.100821,0.993810,1,0.00000,0.00000,60.000,0.908,-1,375.000,-1,350.000,725.000,300.000,300.000,300.000,300.000,-1,425.000,650.000,-1,700.000,600.000,-1,800.000,2,0,2,0,0,0,0,0,0,2,0,0,2,0,0,2,0
108,9515.127,3605.142,368.635,-31.776,0.851658,0.523922,-0.013575,-0.522068,0.845798,-0.109864,-0.046078,0.100653,0.993854,0,0.08000,0.12000,4.800,0.240,-1,375.000,-1,350.000,725.000,300.000,300.000,300.000,300.000,-1,425.000,650.000,-1,700.000,600.000,-1,800.000,2,0,2,0,0,0,0,0,0,2,0,0,2,0,0,2,0
109,9523.330,3600.156,368.264,-31.296,0.855978,0.516836,-0.013493,-0.515058,0.850187,-0.109076,-0.044903,0.100317,0.993942,0,0.16000,0.24000,9.600,0.480,-1,375.000,-1,350.000,725.000,300.000,300.000,300.000,300.000,-1,450.000,650.000,-1,700.000,600.000,-1,800.000,2,0,2,0,0,0,0,0,0,2,0,0,2,0,0,2,0
110,9535.727,3592.831,367.727,-30.576,0.862349,0.506138,-0.013396,-0.504474,0.856658,-0.107899,-0.043136,0.099805,0.994072,0,0.24000,0.36000,14.400,0.720,-1,375.000,-1,350.000,725.000,300.000,300.000,300.000,300.000,-1,450.000,650.000,-1,700.000,600.000,-1,825.000,2,0,2,0,0,0,0,0,0,2,0,0,2,0,0,2,0
111,9552.417,3583.343,367.047,-29.616,0.870636,0.491748,-0.013315,-0.490236,0.865079,-0.106338,-0.040773,0.099110,0.994241,0,0.32000,0.48000,19.200,0.960,-1,375.000,-1,350.000,750.000,300.000,300.000,300.000,300.000,-1,450.000,675.000,-1,700.000,600.000,-1,850.000,2,0,2,0,0,0,0,0,0,2,0,0,2,0,0,2,0
112,9573.524,3571.923,366.255,-28.416,0.880658,0.473566,-0.013288,-0.472241,0.875265,-0.104403,-0.037811,0.098219,0.994446,0,0.40000,0.60000,24.000,1.200,-1,375.000,-1,350.000,750.000,300.000,300.000,300.000,300.000,-1,475.000,675.000,-1,700.000,600.000,-1,875.000,2,0,2,0,0,0,0,0,0,2,0,0,2,0,0,2,0
113,9599.189,3558.859,365.385,-26.976,0.892187,0.451469,-0.013362,-0.450367,0.886986,-0.102109,-0.034247,0.097118,0.994684,0,0.48000,0.72000,28.800,1.440,-1,375.000,-1,350.000,775.000,300.000,300.000,300.000,300.000,-1,500.000,700.000,-1,700.000,600.000,-1,925.000,2,0,2,0,0,0,0,0,0,2,0,0,2,0,0,2,0
114,9629.521,3544.407,364.462,-25.475,0.903610,0.428141,-0.013561,-0.427275,0.898631,-0.099488,-0.030409,0.095693,0.994946,0,0.56000,0.75046,33.600,1.501,-1,375.000,-1,350.000,800.000,300.000,300.000,300.000,300.000,-1,500.000,700.000,-1,700.000,600.000,-1,975.000,2,0,2,0,0,0,0,0,0,2,0,0,2,0,0,2,0
115,9664.606,3528.804,363.514,-23.974,0.914421,0.404525,-0.013909,-0.403901,0.909692,-0.096563,-0.026409,0.093918,0.995230,0,0.64000,0.75046,38.400,1.501,-1,375.000,-1,350.000,850.000,300.000,300.000,275.000,300.000,-1,525.000,725.000,-1,700.000,625.000,-1,-1,2,0,2,0,0,0,0,0,0,2,0,0,2,0,0,2,2
116,9704.524,3512.291,362.576,-22.473,0.924613,0.380634,-0.014433,-0.380257,0.920158,-0.093352,-0.022253,0.091803,0.995529,0,0.72000,0.75046,43.200,1.501,-1,375.000,-1,350.000,925.000,300.000,300.000,275.000,300.000,-1,525.000,725.000,-1,725.000,625.000,-1,-1,2,0,2,0,0,0,0,0,0,2,0,0,2,0,0,2,2
117,9749.342,3495.110,361.689,-20.972,0.934180,0.356480,-0.015140,-0.356348,0.930016,-0.089921,-0.017974,0.089397,0.995834,0,0.80000,0.75046,48.000,1.501,-1,375.000,-1,350.000,1000.000,300.000,300.000,275.000,300.000,-1,550.000,750.000,-1,725.000,625.000,-1,-1,2,0,2,0,0,0,0,0,0,2,0,0,2,0,0,2,2
118,9799.121,3477.509,360.945,-19.471,0.943115,0.332069,-0.016241,-0.332193,0.939238,-0.086480,-0.013463,0.086955,0.996121,0,0.88000,0.75046,52.800,1.501,-1,375.000,-1,350.000,-1,300.000,300.000,275.000,300.000,-1,550.000,775.000,-1,725.000,650.000,-1,-1,2,0,2,0,2,0,0,0,0,2,0,0,2,0,0,2,2
119,9850.329,3460.898,360.410,-17.970,0.951412,0.307415,-0.017618,-0.307791,0.947802,-0.083280,-0.008903,0.084656,0.996370,0,0.89727,0.75046,53.836,1.501,-1,375.000,-1,350.000,-1,300.000,300.000,275.000,300.000,-1,575.000,800.000,-1,725.000,650.000,-1,-1,2,0,2,0,2,0,0,0,0,2,0,0,2,0,0,2,2
120,9901.955,3445.634,360.115,-16.469,0.959069,0.282540,-0.018907,-0.283135,0.955723,-0.080180,-0.004584,0.082251,0.996601,0,0.89727,0.75046,53.836,1.501,-1,400.000,-1,375.000,-1,325.000,300.000,275.000,300.000,-1,600.000,825.000,-1,750.000,650.000,-1,-1,2,0,2,0,2,0,0,0,0,2,0,0,2,0,0,2,2
121,9953.963,3431.728,360.102,-14.968,0.966087,0.257466,-0.019660,-0.258214,0.963006,-0.077104,-0.000919,0.079566,0.996829,0,0.89727,0.75046,53.836,1.501,-1,400.000,-1,375.000,-1,325.000,300.000,275.000,300.000,-1,650.000,875.000,-1,750.000,675.000,-1,-1,2,0,2,0,2,0,0,0,0,2,0,0,2,0,0,2,2
122,10006.318,3419.188,360.256,-13.467,0.972452,0.232198,-0.020510,-0.233088,0.969604,-0.074421,0.002606,0.077152,0.997016,0,0.89727,0.75046,53.836,1.501,-1,400.000,-1,375.000,-1,325.000,300.000,275.000,300.000,-1,700.000,950.000,-1,750.000,675.000,-1,-1,2,0,2,0,2,0,0,0,0,2,0,0,2,0,0,2,2
123,10058.983,3408.025,360.571,-11.966,0.978159,0.206759,-0.021373,-0.207774,0.975528,-0.071934,0.005977,0.074804,0.997180,0,0.89727,0.75046,53.836,1.501,-1,400.000,-1,375.000,-1,325.000,300.000,275.000,300.000,-1,750.000,1000.000,-1,750.000,700.000,-1,-1,2,0,2,0,2,0,0,0,0,2,0,0,2,0,0,2,2
124,10111.922,3398.244,361.032,-10.466,0.983202,0.181167,-0.022190,-0.182291,0.980778,-0.069596,0.009155,0.072472,0.997328,0,0.89727,0.75046,53.836,1.501,-1,400.000,-1,375.000,-1,325.000,300.000,275.000,300.000,-1,825.000,-1,-1,750.000,725.000,-1,-1,2,0,2,0,2,0,0,0,0,2,0,2,2,0,0,2,2
125,10165.100,3389.854,361.633,-8.965,0.987578,0.155441,-0.022960,-0.156657,0.985351,-0.067400,0.012147,0.070160,0.997462,0,0.89727,0.75046,53.836,1.501,-1,400.000,-1,375.000,-1,325.000,325.000,275.000,300.000,-1,900.000,-1,-1,750.000,725.000,-1,-1,2,0,2,0,2,0,0,0,0,2,0,2,2,0,0,2,2
126,10218.479,3382.859,362.379,-7.464,0.991283,0.129598,-0.023709,-0.130894,0.989239,-0.065367,0.014983,0.067901,0.997580,0,0.89727,0.75046,53.836,1.501,-1,400.000,-1,375.000,-1,325.000,325.000,275.000,300.000,-1,975.000,-1,-1,750.000,750.000,-1,-1,2,0,2,0,2,0,0,0,0,2,0,2,2,0,0,2,2
127,10272.024,3377.265,363.286,-5.963,0.994311,0.103657,-0.024514,-0.105029,0.992435,-0.063575,0.017739,0.065788,0.997676,0,0.89727,0.75046,53.836,1.501,-1,400.000,-1,375.000,-1,325.000,325.000,275.000,300.000,-1,-1,-1,-1,775.000,775.000,-1,-1,2,0,2,0,2,0,0,0,0,2,2,2,2,0,0,2,2
128,10325.696,3373.076,364.328,-4.462,0.996661,0.077637,-0.025288,-0.079075,0.994942,-0.061944,0.020351,0.063736,0.997759,0,0.89727,0.75046,53.836,1.501,-1,400.000,-1,400.000,-1,325.000,325.000,275.000,300.000,-1,-1,-1,-1,775.000,775.000,-1,-1,2,0,2,0,2,0,0,0,0,2,2,2,2,0,0,2,2
129,10379.460,3370.293,365.500,-2.961,0.998331,0.051556,-0.026021,-0.053051,0.996760,-0.060460,0.022820,0.061740,0.997831,0,0.89727,0.75046,53.836,1.501,-1,400.000,-1,400.000,-1,325.000,325.000,275.000,300.000,-1,-1,-1,-1,775.000,800.000,-1,-1,2,0,2,0,2,0,0,0,0,2,2,2,2,0,0,2,2
130,10433.278,3368.920,366.792,-1.460,0.999320,0.025433,-0.026706,-0.026976,0.997887,-0.059112,0.025146,0.059793,0.997894,0,0.89727,0.75046,53.836,1.501,-1,400.000,-1,400.000,-1,325.000,325.000,275.000,300.000,-1,-1,-1,-1,775.000,800.000,-1,-1,2,0,2,0,2,0,0,0,0,2,2,2,2,0,0,2,2
131,10487.114,3368.958,368.199,0.041,0.999626,-0.000713,-0.027336,-0.000871,0.998323,-0.057889,0.027331,0.057892,0.997949,0,0.89727,0.75046,53.836,1.501,-1,400.000,-1,400.000,-1,325.000,325.000,275.000,300.000,-1,-1,-1,-1,775.000,825.000,-1,-1,2,0,2,0,2,0,0,0,0,2,2,2,2,0,0,2,2
132,10540.930,3370.406,369.549,1.542,0.999266,-0.026863,-0.027311,0.025242,0.997993,-0.058071,0.028816,0.057339,0.997939,0,0.89727,0.75046,53.836,1.501,-1,400.000,-1,400.000,-1,325.000,325.000,275.000,300.000,-1,-1,-1,-1,775.000,850.000,-1,-1,2,0,2,0,2,0,0,0,0,2,2,2,2,0,0,2,2
133,10594.690,3373.264,370.980,3.043,0.998227,-0.052996,-0.027099,0.051341,0.996967,-0.058490,0.030117,0.056995,0.997920,0,0.89727,0.75046,53.836,1.501,-1,400.000,-1,400.000,-1,325.000,325.000,275.000,300.000,-1,-1,-1,-1,775.000,850.000,-1,-1,2,0,2,0,2,0,0,0,0,2,2,2,2,0,0,2,2
134,10648.459,3377.540,372.528,4.547,0.996502,-0.079152,-0.026818,0.077466,0.995250,-0.058959,0.031358,0.056676,0.997900,0,0.89899,0.75218,53.940,1.504,-1,400.000,-1,400.000,-1,325.000,325.000,275.000,300.000,-1,-1,-1,-1,775.000,875.000,-1,-1,2,0,2,0,2,0,0,0,0,2,2,2,2,0,0,2,2
135,10702.337,3383.259,374.197,6.059,0.994079,-0.105389,-0.026475,0.103674,0.992832,-0.059459,0.032552,0.056362,0.997880,0,0.90301,0.75605,54.181,1.512,-1,400.000,-1,400.000,-1,325.000,325.000,275.000,300.000,-1,-1,-1,-1,775.000,875.000,-1,-1,2,0,2,0,2,0,0,0,0,2,2,2,2,0,0,2,2
136,10756.289,3390.438,375.985,7.579,0.990948,-0.131686,-0.026081,0.129943,0.989706,-0.059969,0.033709,0.056037,0.997859,0,0.90715,0.75988,54.429,1.520,-1,400.000,-1,400.000,-1,325.000,325.000,275.000,300.000,-1,-1,-1,-1,750.000,875.000,-1,-1,2,0,2,0,2,0,0,0,0,2,2,2,2,0,0,2,2
137,10805.326,3398.081,377.703,8.859,0.987775,-0.153760,-0.025661,0.151996,0.986532,-0.060431,0.034607,0.055792,0.997842,0,0.82715,0.63988,49.629,1.280,-1,400.000,-1,400.000,-1,325.000,325.000,275.000,300.000,-1,-1,-1,-1,750.000,875.000,-1,-1,2,0,2,0,2,0,0,0,0,2,2,2,2,0,0,2,2
