timestep,x_cm,y_cm,z_cm,yaw_deg,basis_xx,basis_xy,basis_xz,basis_yx,basis_yy,basis_yz,basis_zx,basis_zy,basis_zz,teleport_flag,throttle_cmd,steering_cmd,cmd_move_cm,cmd_turn_deg,lidar_cm_0,lidar_cm_1,lidar_cm_2,lidar_cm_3,lidar_cm_4,lidar_cm_5,lidar_cm_6,lidar_cm_7,lidar_cm_8,lidar_cm_9,lidar_cm_10,lidar_cm_11,lidar_cm_12,lidar_cm_13,lidar_cm_14,lidar_cm_15,lidar_cm_16,lidar_class_0,lidar_class_1,lidar_class_2,lidar_class_3,lidar_class_4,lidar_class_5,lidar_class_6,lidar_class_7,lidar_class_8,lidar_class_9,lidar_class_10,lidar_class_11,lidar_class_12,lidar_class_13,lidar_class_14,lidar_class_15,lidar_class_16
0,2291.047,7544.116,362.928,169.208,-0.982323,-0.187195,-0.000422,0.187128,-0.982028,0.024580,-0.005016,0.024066,0.999698,1,0.08000,-0.12000,4.800,-0.240,-1,375.000,-1,375.000,-1,325.000,300.000,325.000,325.000,-1,825.000,850.000,-1,725.000,700.000,-1,-1,2,0,2,0,2,0,0,0,0,2,0,0,2,0,0,2,2
1,2281.632,7545.992,362.884,168.728,-0.980720,-0.195416,-0.000241,0.195352,-0.980429,0.024432,-0.005011,0.023913,0.999701,0,0.16000,-0.24000,9.600,-0.480,-1,375.000,-1,375.000,-1,325.000,300.000,325.000,325.000,-1,800.000,825.000,-1,725.000,700.000,-1,-1,2,0,2,0,2,0,0,0,0,2,0,0,2,0,0,2,2
2,2267.546,7548.985,362.815,168.008,-0.978188,-0.207722,0.000034,0.207662,-0.977901,0.024209,-0.004995,0.023688,0.999707,0,0.24000,-0.36000,14.400,-0.720,-1,375.000,-1,375.000,-1,325.000,300.000,325.000,325.000,-1,800.000,825.000,-1,725.000,700.000,-1,-1,2,0,2,0,2,0,0,0,0,2,0,0,2,0,0,2,2
3,2248.835,7553.288,362.718,167.048,-0.974571,-0.224078,0.000410,0.224024,-0.974290,0.023912,-0.004959,0.023396,0.999714,0,0.32000,-0.48000,19.200,-0.960,-1,375.000,-1,375.000,-1,325.000,300.000,325.000,325.000,-1,775.000,800.000,-1,700.000,700.000,-1,-1,2,0,2,0,2,0,0,0,0,2,0,0,2,0,0,2,2
4,2225.563,7559.156,362.590,165.848,-0.969665,-0.244435,0.000893,0.244388,-0.969392,0.023539,-0.004888,0.023044,0.999723,0,0.40000,-0.60000,24.000,-1.200,-1,375.000,-1,375.000,-1,325.000,325.000,325.000,325.000,-1,750.000,800.000,-1,700.000,700.000,-1,-1,2,0,2,0,2,0,0,0,0,2,0,0,2,0,0,2,2
5,2197.823,7566.898,362.427,164.408,-0.963217,-0.268721,0.001494,0.268683,-0.962952,0.023091,-0.004767,0.022643,0.999732,0,0.48000,-0.72000,28.800,-1.440,-1,375.000,-1,375.000,-1,325.000,325.000,325.000,325.000,-1,725.000,775.000,-1,700.000,700.000,-1,-1,2,0,2,0,2,0,0,0,0,2,0,0,2,0,0,2,2
6,2165.738,7576.874,362.226,162.728,-0.954925,-0.296840,0.002222,0.296813,-0.954669,0.022567,-0.004577,0.022209,0.999743,0,0.56000,-0.84000,33.600,-1.680,-1,375.000,-1,375.000,-1,300.000,325.000,325.000,325.000,-1,700.000,750.000,-1,700.000,700.000,-1,-1,2,0,2,0,2,0,0,0,0,2,0,0,2,0,0,2,2
7,2129.460,7589.463,361.984,160.862,-0.944754,-0.327767,0.003091,0.327754,-0.944508,0.021966,-0.004280,0.021765,0.999754,0,0.64000,-0.93286,38.400,-1.866,-1,375.000,-1,375.000,-1,300.000,325.000,325.000,325.000,-1,675.000,700.000,-1,700.000,700.000,-1,-1,2,0,2,0,2,0,0,0,0,2,0,0,2,0,0,2,2
8,2089.131,7604.947,361.711,158.996,-0.933581,-0.358344,0.004093,0.358347,-0.933345,0.021338,-0.003826,0.021387,0.999764,0,0.72000,-0.93277,43.200,-1.866,-1,375.000,-1,375.000,-1,300.000,300.000,325.000,325.000,-1,650.000,675.000,-1,700.000,700.000,-1,-1,2,0,2,0,2,0,0,0,0,2,0,0,2,0,0,2,2
9,2044.904,7623.602,361.505,157.131,-0.921417,-0.388542,0.005113,0.388560,-0.921181,0.021151,-0.003508,0.021476,0.999763,0,0.80000,-0.93291,48.000,-1.866,-1,375.000,-1,375.000,-1,300.000,300.000,325.000,325.000,-1,650.000,675.000,-1,700.000,725.000,-1,-1,2,0,2,0,2,0,0,0,0,2,0,0,2,0,0,2,2
10,1999.387,7644.571,361.452,155.264,-0.908266,-0.418334,0.007037,0.418385,-0.908019,0.021354,-0.002544,0.022339,0.999747,0,0.83524,-0.93333,50.115,-1.867,-1,375.000,-1,375.000,-1,300.000,325.000,325.000,325.000,-1,625.000,625.000,-1,700.000,725.000,-1,-1,2,0,2,0,2,0,0,0,0,2,0,0,2,0,0,2,2
11,1954.764,7666.921,361.311,153.396,-0.894139,-0.447706,0.008616,0.447786,-0.893887,0.021308,-0.001838,0.022910,0.999736,0,0.83179,-0.93407,49.907,-1.868,-1,375.000,-1,375.000,-1,300.000,325.000,325.000,325.000,-1,600.000,600.000,-1,700.000,750.000,-1,-1,2,0,2,0,2,0,0,0,0,2,0,0,2,0,0,2,2
12,1911.065,7690.622,361.134,151.526,-0.879044,-0.476634,0.010079,0.476739,-0.878790,0.021159,-0.001228,0.023404,0.999725,0,0.82855,-0.93509,49.713,-1.870,-1,375.000,-1,375.000,-1,325.000,325.000,325.000,300.000,-1,600.000,600.000,-1,700.000,750.000,-1,-1,2,0,2,0,2,0,0,0,0,2,0,0,2,0,0,2,2
13,1868.316,7715.649,361.025,149.653,-0.862991,-0.505096,0.011197,0.505219,-0.862739,0.020841,-0.000866,0.023643,0.999720,0,0.82559,-0.93638,49.535,-1.873,-1,375.000,-1,375.000,-1,325.000,325.000,325.000,300.000,-1,625.000,600.000,-1,700.000,750.000,-1,-1,2,0,2,0,2,0,0,0,0,2,0,0,2,0,0,2,2
14,1826.544,7741.978,360.946,147.777,-0.845988,-0.533065,0.012135,0.533202,-0.845740,0.020456,-0.000641,0.023776,0.999717,0,0.82295,-0.93794,49.377,-1.876,-1,375.000,-1,400.000,-1,325.000,325.000,325.000,300.000,-1,625.000,600.000,-1,700.000,775.000,-1,-1,2,0,2,0,2,0,0,0,0,2,0,0,2,0,0,2,2
15,1785.771,7769.586,360.861,145.898,-0.828042,-0.560514,0.013051,0.560665,-0.827799,0.020078,-0.000450,0.023943,0.999713,0,0.82069,-0.93974,49.241,-1.879,-1,375.000,-1,400.000,-1,325.000,325.000,325.000,300.000,-1,650.000,600.000,-1,700.000,775.000,-1,-1,2,0,2,0,2,0,0,0,0,2,0,0,2,0,0,2,2
16,1746.017,7798.454,360.802,144.014,-0.809163,-0.587418,0.013954,0.587584,-0.808927,0.019570,-0.000208,0.024035,0.999711,0,0.81881,-0.94179,49.129,-1.884,-1,375.000,-1,400.000,-1,325.000,325.000,325.000,300.000,-1,675.000,625.000,-1,700.000,800.000,-1,-1,2,0,2,0,2,0,0,0,0,2,0,0,2,0,0,2,2
17,1707.306,7828.562,360.655,142.126,-0.789365,-0.613745,0.014823,0.613924,-0.789124,0.019496,-0.000269,0.024490,0.999700,0,0.81736,-0.94406,49.041,-1.888,-1,375.000,-1,400.000,-1,325.000,325.000,300.000,300.000,-1,700.000,650.000,-1,700.000,800.000,-1,-1,2,0,2,0,2,0,0,0,0,2,0,0,2,0,0,2,2
18,1667.097,7861.733,360.437,140.478,-0.771384,-0.636174,0.015761,0.636369,-0.771130,0.019816,-0.000453,0.025316,0.999679,0,0.86877,-0.82406,52.126,-1.648,-1,375.000,-1,400.000,-1,300.000,325.000,300.000,300.000,975.000,750.000,675.000,-1,725.000,800.000,-1,-1,2,0,2,0,2,0,0,0,0,1,0,0,2,0,0,2,2
19,1627.735,7895.866,360.224,139.070,-0.755517,-0.654916,0.016723,0.655129,-0.755246,0.020243,-0.000627,0.026250,0.999655,0,0.86833,-0.70406,52.100,-1.408,-1,375.000,-1,400.000,-1,325.000,325.000,300.000,300.000,975.000,800.000,725.000,-1,725.000,800.000,-1,-1,2,0,2,0,2,0,0,0,0,1,0,0,2,0,0,2,2
20,1589.073,7930.797,360.021,137.901,-0.742007,-0.670158,0.017705,0.670391,-0.741717,0.020776,-0.000791,0.027285,0.999627,0,0.86841,-0.58406,52.105,-1.168,-1,375.000,-1,400.000,-1,325.000,325.000,300.000,300.000,975.000,850.000,750.000,-1,725.000,825.000,-1,-1,2,0,2,0,2,0,0,0,0,1,0,0,2,0,0,2,2
21,1550.958,7966.373,359.944,136.973,-0.731061,-0.682054,0.018745,0.682311,-0.730732,0.021977,-0.001292,0.028856,0.999583,0,0.86897,-0.46406,52.138,-0.928,-1,375.000,-1,400.000,-1,325.000,325.000,300.000,300.000,1000.000,925.000,825.000,-1,750.000,825.000,-1,-1,2,0,2,0,2,0,0,0,0,1,0,0,2,0,0,2,2
22,1513.230,8002.444,359.803,136.285,-0.722820,-0.690754,0.019765,0.691035,-0.722460,0.022849,-0.001503,0.030174,0.999544,0,0.86994,-0.34406,52.196,-0.688,-1,375.000,-1,400.000,-1,325.000,325.000,300.000,300.000,-1,975.000,875.000,-1,750.000,850.000,-1,-1,2,0,2,0,2,0,0,0,0,2,0,0,2,0,0,2,2
23,1475.846,8038.983,359.665,135.654,-0.715170,-0.698641,0.020789,0.698948,-0.714778,0.023739,-0.001726,0.031507,0.999502,0,0.87125,-0.31556,52.275,-0.631,-1,400.000,-1,400.000,-1,325.000,325.000,300.000,300.000,-1,-1,925.000,-1,750.000,850.000,-1,-1,2,0,2,0,2,0,0,0,0,2,2,0,2,0,0,2,2
24,1438.805,8076.003,359.528,135.016,-0.707349,-0.706528,0.021821,0.706862,-0.706922,0.024653,-0.001993,0.032863,0.999458,0,0.87281,-0.31907,52.369,-0.638,-1,400.000,-1,400.000,-1,325.000,325.000,300.000,300.000,-1,-1,975.000,-1,750.000,850.000,-1,-1,2,0,2,0,2,0,0,0,0,2,2,0,2,0,0,2,2
25,1400.791,8114.868,359.391,134.365,-0.699282,-0.714479,0.022917,0.714842,-0.698816,0.025627,-0.002295,0.034303,0.999409,0,0.90608,-0.32547,54.365,-0.651,-1,400.000,-1,400.000,-1,325.000,325.000,300.000,300.000,-1,-1,-1,-1,750.000,875.000,-1,-1,2,0,2,0,2,0,0,0,0,2,2,2,2,0,0,2,2
26,1363.221,8154.155,359.272,133.720,-0.691200,-0.722262,0.024094,0.722659,-0.690692,0.026631,-0.002593,0.035819,0.999355,0,0.90599,-0.32250,54.360,-0.645,-1,400.000,-1,400.000,-1,325.000,325.000,325.000,300.000,-1,-1,-1,-1,775.000,875.000,-1,-1,2,0,2,0,2,0,0,0,0,2,2,2,2,0,0,2,2
27,1326.104,8193.845,358.899,133.081,-0.683127,-0.729908,0.023930,0.730290,-0.682581,0.027551,-0.003776,0.036297,0.999334,0,0.90570,-0.31953,54.342,-0.639,-1,400.000,-1,400.000,-1,325.000,325.000,300.000,300.000,-1,-1,-1,-1,775.000,875.000,-1,-1,2,0,2,0,2,0,0,0,0,2,2,2,2,0,0,2,2
28,1289.447,8233.922,358.519,132.448,-0.675046,-0.737394,0.023723,0.737758,-0.674462,0.028520,-0.005030,0.036754,0.999312,0,0.90520,-0.31659,54.312,-0.633,-1,400.000,-1,400.000,-1,325.000,325.000,300.000,300.000,-1,-1,-1,-1,775.000,875.000,-1,-1,2,0,2,0,2,0,0,0,0,2,2,2,2,0,0,2,2
29,1253.260,8274.367,358.134,131.820,-0.666951,-0.744731,0.023476,0.745074,-0.666327,0.029538,-0.006355,0.037192,0.999288,0,0.90451,-0.31406,54.270,-0.628,-1,400.000,-1,400.000,-1,325.000,325.000,300.000,300.000,-1,-1,-1,-1,775.000,875.000,-1,-1,2,0,2,0,2,0,0,0,0,2,2,2,2,0,0,2,2
30,1217.551,8315.164,357.617,131.195,-0.658811,-0.751932,0.023781,0.752272,-0.658140,0.030632,-0.007382,0.038070,0.999248,0,0.90363,-0.31258,54.218,-0.625,-1,400.000,-1,400.000,-1,325.000,325.000,300.000,300.000,-1,-1,-1,-1,775.000,875.000,-1,-1,2,0,2,0,2,0,0,0,0,2,2,2,2,0,0,2,2
31,1185.569,8352.837,357.137,130.329,-0.647412,-0.761764,0.023948,0.762092,-0.646695,0.031662,-0.008632,0.038749,0.999212,0,0.82363,-0.43258,49.418,-0.865,-1,400.000,-1,425.000,-1,325.000,325.000,300.000,300.000,-1,-1,-1,-1,775.000,875.000,-1,-1,2,0,2,0,2,0,0,0,0,2,2,2,2,0,0,2,2
32,1156.417,8388.550,356.654,129.224,-0.632631,-0.774078,0.024101,0.774388,-0.631868,0.032659,-0.010052,0.039325,0.999176,0,0.76833,-0.55258,46.100,-1.105,-1,400.000,-1,425.000,-1,325.000,325.000,300.000,300.000,-1,-1,-1,-1,775.000,875.000,-1,-1,2,0,2,0,2,0,0,0,0,2,2,2,2,0,0,2,2
33,1128.166,8424.867,356.132,127.879,-0.614322,-0.788682,0.024274,0.788969,-0.613509,0.033695,-0.011683,0.039851,0.999137,0,0.76686,-0.67258,46.011,-1.345,-1,400.000,-1,425.000,-1,325.000,325.000,300.000,300.000,-1,-1,-1,-1,775.000,900.000,-1,-1,2,0,2,0,2,0,0,0,0,2,2,2,2,0,0,2,2
34,1100.991,8461.869,355.480,126.294,-0.592322,-0.805326,0.024585,0.805583,-0.591438,0.035159,-0.013774,0.040630,0.999079,0,0.76514,-0.79258,45.908,-1.585,-1,400.000,-1,425.000,-1,325.000,325.000,300.000,300.000,-1,-1,-1,-1,800.000,900.000,-1,-1,2,0,2,0,2,0,0,0,0,2,2,2,2,0,0,2,2
35,1075.074,8499.622,354.634,124.469,-0.566449,-0.823712,0.025173,0.823931,-0.565460,0.037316,-0.016503,0.041878,0.998986,0,0.76320,-0.91258,45.792,-1.825,-1,400.000,-1,425.000,-1,325.000,325.000,300.000,300.000,-1,-1,-1,-1,800.000,925.000,-1,-1,2,0,2,0,2,0,0,0,0,2,2,2,2,0,0,2,2
36,1050.499,8538.110,353.733,122.558,-0.538755,-0.842064,0.025913,0.842241,-0.537652,0.039503,-0.019332,0.043108,0.998883,0,0.76107,-0.95538,45.664,-1.911,-1,400.000,-1,425.000,-1,325.000,325.000,300.000,300.000,-1,-1,-1,-1,800.000,925.000,-1,-1,2,0,2,0,2,0,0,0,0,2,2,2,2,0,0,2,2
37,1027.288,8577.285,352.808,120.647,-0.510471,-0.859475,0.026869,0.859606,-0.509241,0.041844,-0.022281,0.044457,0.998763,0,0.75890,-0.95556,45.534,-1.911,-1,400.000,-1,425.000,-1,325.000,325.000,300.000,300.000,-1,-1,-1,-1,800.000,925.000,-1,-1,2,0,2,0,2,0,0,0,0,2,2,2,2,0,0,2,2
38,1005.458,8617.100,351.792,118.735,-0.481613,-0.875939,0.027921,0.876024,-0.480257,0.043995,-0.025127,0.045648,0.998642,0,0.75678,-0.95597,45.407,-1.912,-1,400.000,-1,425.000,-1,325.000,325.000,300.000,300.000,-1,-1,-1,-1,800.000,925.000,-1,-1,2,0,2,0,2,0,0,0,0,2,2,2,2,0,0,2,2
39,985.024,8657.515,350.497,116.822,-0.452165,-0.891474,0.028645,0.891518,-0.450739,0.045059,-0.027258,0.045912,0.998574,0,0.75477,-0.95663,45.286,-1.913,-1,400.000,-1,425.000,-1,325.000,325.000,300.000,300.000,-1,-1,-1,-1,825.000,950.000,-1,-1,2,0,2,0,2,0,0,0,0,2,2,2,2,0,0,2,2
40,966.000,8698.488,349.002,114.907,-0.422186,-0.906054,0.028723,0.906019,-0.420703,0.046246,-0.029817,0.045548,0.998517,0,0.75290,-0.95752,45.174,-1.915,-1,400.000,-1,425.000,-1,325.000,325.000,300.000,300.000,-1,-1,-1,-1,825.000,950.000,-1,-1,2,0,2,0,2,0,0,0,0,2,2,2,2,0,0,2,2
41,948.397,8739.982,347.277,112.989,-0.391695,-0.919668,0.028018,0.919507,-0.390174,0.047662,-0.032901,0.044432,0.998470,0,0.75121,-0.95864,45.073,-1.917,-1,400.000,-1,400.000,-1,325.000,325.000,300.000,300.000,-1,-1,-1,-1,825.000,950.000,-1,-1,2,0,2,0,2,0,0,0,0,2,2,2,2,0,0,2,2
42,932.225,8781.960,345.492,111.069,-0.360718,-0.932273,0.027392,0.931981,-0.359162,0.049124,-0.035959,0.043249,0.998417,0,0.74974,-0.95997,44.985,-1.920,-1,400.000,-1,400.000,-1,325.000,325.000,300.000,300.000,-1,-1,-1,-1,850.000,950.000,-1,-1,2,0,2,0,2,0,0,0,0,2,2,2,2,0,0,2,2
43,917.496,8824.388,343.649,109.146,-0.329281,-0.943850,0.026847,0.943427,-0.327693,0.050627,-0.038987,0.041998,0.998357,0,0.74852,-0.96152,44.911,-1.923,-1,400.000,-1,400.000,-1,325.000,325.000,300.000,300.000,-1,-1,-1,-1,850.000,950.000,-1,-1,2,0,2,0,2,0,0,0,0,2,2,2,2,0,0,2,2
44,904.218,8867.232,341.749,107.220,-0.297410,-0.954385,0.026385,0.953827,-0.295793,0.052165,-0.041981,0.040681,0.998290,0,0.74756,-0.96327,44.854,-1.927,-1,400.000,-1,425.000,-1,325.000,325.000,300.000,300.000,-1,-1,-1,-1,875.000,950.000,-1,-1,2,0,2,0,2,0,0,0,0,2,2,2,2,0,0,2,2
45,892.402,8910.460,339.795,105.289,-0.265132,-0.963861,0.026010,0.963164,-0.263491,0.053733,-0.044937,0.039298,0.998217,0,0.74689,-0.96522,44.814,-1.930,-1,400.000,-1,425.000,-1,325.000,325.000,300.000,300.000,-1,-1,-1,-1,875.000,950.000,-1,-1,2,0,2,0,2,0,0,0,0,2,2,2,2,0,0,2,2
46,882.057,8954.041,337.788,103.355,-0.232477,-0.972262,0.025722,0.971424,-0.230813,0.055325,-0.047853,0.037849,0.998137,0,0.74652,-0.96735,44.791,-1.935,-1,400.000,-1,425.000,-1,325.000,325.000,300.000,300.000,-1,-1,-1,-1,900.000,975.000,-1,-1,2,0,2,0,2,0,0,0,0,2,2,2,2,0,0,2,2
47,873.193,8997.943,335.730,101.415,-0.199473,-0.979571,0.025524,0.978590,-0.197790,0.056936,-0.050725,0.036335,0.998051,0,0.74646,-0.96966,44.787,-1.939,-1,400.000,-1,425.000,-1,325.000,325.000,300.000,300.000,-1,-1,-1,-1,900.000,975.000,-1,-1,2,0,2,0,2,0,0,0,0,2,2,2,2,0,0,2,2
48,865.822,9042.135,333.623,99.471,-0.166151,-0.985773,0.025417,0.984645,-0.164451,0.058561,-0.053548,0.034757,0.997960,0,0.74670,-0.97214,44.802,-1.944,-1,425.000,-1,425.000,-1,325.000,350.000,300.000,300.000,-1,-1,-1,-1,900.000,975.000,-1,-1,2,0,2,0,2,0,0,0,0,2,2,2,2,0,0,2,2
49,859.954,9086.584,331.469,97.522,-0.132541,-0.990852,0.025402,0.989576,-0.130827,0.060194,-0.056320,0.033115,0.997863,0,0.74724,-0.97477,44.835,-1.950,-1,425.000,-1,425.000,-1,350.000,350.000,300.000,300.000,-1,-1,-1,-1,925.000,1000.000,-1,-1,2,0,2,0,2,0,0,0,0,2,2,2,2,0,0,2,2
50,855.601,9131.258,329.270,95.566,-0.098677,-0.994793,0.025479,0.993367,-0.096952,0.061828,-0.059036,0.031412,0.997762,0,0.74809,-0.97756,44.885,-1.955,-1,425.000,-1,425.000,-1,350.000,350.000,300.000,300.000,-1,-1,-1,-1,950.000,1000.000,-1,-1,2,0,2,0,2,0,0,0,0,2,2,2,2,0,0,2,2
51,852.774,9176.124,326.873,93.605,-0.064622,-0.997565,0.026224,0.996011,-0.062857,0.063331,-0.061528,0.030212,0.997648,0,0.74923,-0.98050,44.954,-1.961,-1,425.000,-1,425.000,-1,350.000,350.000,300.000,300.000,-1,-1,-1,-1,975.000,1000.000,-1,-1,2,0,2,0,2,0,0,0,0,2,2,2,2,0,0,2,2
52,851.487,9221.144,323.535,91.638,-0.030385,-0.999180,0.026774,0.997446,-0.028578,0.065452,-0.064633,0.028694,0.997496,0,0.75065,-0.98356,45.039,-1.967,-1,425.000,-1,425.000,-1,350.000,350.000,300.000,300.000,-1,-1,-1,-1,975.000,975.000,-1,-1,2,0,2,0,2,0,0,0,0,2,2,2,2,0,0,2,2
53,851.752,9266.284,319.825,89.665,0.004080,-0.999651,0.026099,0.997667,0.005848,0.068022,-0.068151,0.025761,0.997342,0,0.75233,-0.98675,45.140,-1.974,-1,425.000,-1,425.000,-1,350.000,350.000,300.000,300.000,-1,-1,-1,-1,975.000,950.000,-1,-1,2,0,2,0,2,0,0,0,0,2,2,2,2,0,0,2,2
54,853.581,9311.504,316.076,87.685,0.038667,-0.998925,0.025582,0.996686,0.040389,0.070606,-0.071564,0.022767,0.997176,0,0.75427,-0.99006,45.256,-1.980,-1,425.000,-1,425.000,-1,350.000,350.000,300.000,300.000,-1,-1,-1,-1,975.000,950.000,-1,-1,2,0,2,0,2,0,0,0,0,2,2,2,2,0,0,2,2
55,856.987,9356.763,312.291,85.698,0.073336,-0.996988,0.025220,0.994493,0.075004,0.073197,-0.074868,0.019713,0.996999,0,0.75644,-0.99348,45.386,-1.987,-1,425.000,-1,425.000,-1,350.000,350.000,300.000,300.000,-1,-1,-1,-1,975.000,925.000,-1,-1,2,0,2,0,2,0,0,0,0,2,2,2,2,0,0,2,2
56,861.981,9402.018,308.475,83.704,0.108047,-0.993831,0.025014,0.991076,0.109655,0.075785,-0.078060,0.016602,0.996810,0,0.75883,-0.99701,45.530,-1.994,-1,425.000,-1,425.000,-1,350.000,350.000,300.000,300.000,-1,-1,-1,-1,975.000,925.000,-1,-1,2,0,2,0,2,0,0,0,0,2,2,2,2,0,0,2,2
57,868.694,9449.483,304.440,81.950,0.138470,-0.990051,0.024995,0.987031,0.140029,0.078492,-0.081211,0.013802,0.996601,0,0.79894,-0.87701,47.936,-1.754,-1,425.000,-1,400.000,-1,350.000,325.000,300.000,300.000,-1,-1,-1,-1,975.000,900.000,-1,-1,2,0,2,0,2,0,0,0,0,2,2,2,2,0,0,2,2
58,876.680,9496.875,300.381,80.436,0.164624,-0.986036,0.025126,0.982754,0.166144,0.081183,-0.084224,0.011328,0.996382,0,0.80099,-0.75701,48.059,-1.514,-1,425.000,-1,400.000,-1,325.000,325.000,300.000,275.000,-1,-1,-1,-1,950.000,875.000,-1,-1,2,0,2,0,2,0,0,0,0,2,2,2,2,0,0,2,2
59,885.755,9544.275,296.296,79.162,0.186537,-0.982120,0.025375,0.978576,0.188031,0.083862,-0.087133,0.009188,0.996154,0,0.80433,-0.63701,48.260,-1.274,-1,425.000,-1,400.000,-1,325.000,325.000,300.000,275.000,-1,-1,-1,-1,950.000,875.000,-1,-1,2,0,2,0,2,0,0,0,0,2,2,2,2,0,0,2,2
60,895.725,9591.702,292.186,78.128,0.204248,-0.978582,0.025710,0.974776,0.205727,0.086532,-0.089967,0.007387,0.995917,0,0.80773,-0.51701,48.464,-1.034,-1,425.000,-1,400.000,-1,325.000,325.000,300.000,275.000,-1,-1,-1,-1,950.000,875.000,-1,-1,2,0,2,0,2,0,0,0,0,2,2,2,2,0,0,2,2
61,906.397,9639.187,288.054,77.334,0.217792,-0.975646,0.026097,0.971578,0.219270,0.089199,-0.092749,0.005929,0.995672,0,0.81115,-0.39701,48.669,-0.794,-1,425.000,-1,400.000,-1,325.000,325.000,300.000,275.000,-1,-1,-1,-1,950.000,850.000,-1,-1,2,0,2,0,2,0,0,0,0,2,2,2,2,0,0,2,2
62,917.575,9686.769,283.901,76.780,0.227205,-0.973486,0.026507,0.969154,0.228695,0.091870,-0.095496,0.004816,0.995418,0,0.81460,-0.27701,48.876,-0.554,-1,425.000,-1,400.000,-1,350.000,325.000,300.000,300.000,-1,-1,-1,-1,950.000,850.000,-1,-1,2,0,2,0,2,0,0,0,0,2,2,2,2,0,0,2,2
63,929.063,9734.490,279.727,76.466,0.232511,-0.972222,0.026908,0.967621,0.234027,0.094555,-0.098225,0.004052,0.995156,0,0.81806,-0.15701,49.084,-0.314,-1,425.000,-1,400.000,-1,350.000,325.000,300.000,300.000,-1,-1,-1,-1,950.000,850.000,-1,-1,2,0,2,0,2,0,0,0,0,2,2,2,2,0,0,2,2
64,940.660,9782.399,275.318,76.392,0.233829,-0.971923,0.026271,0.967094,0.235284,0.096802,-0.100265,0.002771,0.994957,0,0.82153,-0.03701,49.292,-0.074,-1,425.000,-1,400.000,-1,350.000,325.000,300.000,300.000,-1,-1,-1,-1,950.000,850.000,-1,-1,2,0,2,0,2,0,0,0,0,2,2,2,2,0,0,2,2
65,952.167,9830.543,270.408,76.558,0.231256,-0.972604,0.023709,0.967476,0.232469,0.099746,-0.102525,-0.000129,0.994730,0,0.82500,0.08299,49.500,0.166,-1,425.000,-1,400.000,-1,350.000,325.000,300.000,300.000,-1,-1,-1,-1,925.000,850.000,-1,1000.000,2,0,2,0,2,0,0,0,0,2,2,2,2,0,0,2,1
66,963.414,9878.962,265.449,76.921,0.225330,-0.974056,0.021017,0.968620,0.226290,0.102797,-0.104886,-0.002805,0.994480,0,0.82846,0.18182,49.707,0.364,-1,425.000,-1,400.000,-1,350.000,325.000,300.000,300.000,-1,-1,-1,-1,925.000,800.000,-1,950.000,2,0,2,0,2,0,0,0,0,2,2,2,2,0,1,2,1
67,974.402,9927.652,259.809,77.283,0.219206,-0.975464,0.020442,0.969867,0.220136,0.104395,-0.106334,-0.003058,0.994326,0,0.83189,0.18087,49.913,0.362,-1,425.000,-1,400.000,-1,350.000,325.000,300.000,300.000,-1,-1,-1,-1,925.000,750.000,-1,900.000,2,0,2,0,2,0,0,0,0,2,2,2,2,0,1,2,1
68,985.128,9976.610,253.953,77.643,0.213025,-0.976828,0.020663,0.971020,0.214009,0.106396,-0.108353,-0.002601,0.994109,0,0.83531,0.17983,50.118,0.360,-1,425.000,975.000,400.000,975.000,350.000,325.000,300.000,300.000,-1,-1,-1,-1,900.000,700.000,-1,825.000,2,0,1,0,1,0,0,0,0,2,2,2,2,0,1,2,1
69,995.591,10025.833,248.075,78.000,0.206875,-0.978145,0.020857,0.972121,0.207912,0.108412,-0.110379,-0.002153,0.993887,0,0.83871,0.17868,50.323,0.357,-1,425.000,925.000,400.000,900.000,325.000,325.000,300.000,300.000,-1,-1,-1,-1,900.000,650.000,-1,775.000,2,0,1,0,1,0,0,0,0,2,2,2,2,0,1,2,1
70,1005.790,10075.319,242.176,78.355,0.200760,-0.979415,0.021023,0.973169,0.201851,0.110442,-0.112412,-0.001714,0.993660,0,0.84209,0.17742,50.525,0.355,-1,425.000,875.000,400.000,825.000,325.000,325.000,300.000,300.000,-1,-1,-1,-1,900.000,600.000,-1,700.000,2,0,1,0,1,0,0,0,0,2,2,2,2,0,1,2,1
71,1015.724,10125.064,236.254,78.707,0.194686,-0.980637,0.021162,0.974165,0.195829,0.112486,-0.114452,-0.001284,0.993428,0,0.84544,0.17604,50.727,0.352,-1,425.000,825.000,400.000,750.000,325.000,325.000,300.000,300.000,-1,-1,-1,-1,900.000,550.000,-1,650.000,2,0,1,0,1,0,0,0,0,2,2,2,2,0,1,2,1
72,1025.392,10175.064,230.312,79.056,0.188657,-0.981813,0.021275,0.975109,0.189851,0.114543,-0.116499,-0.000864,0.993190,0,0.84876,0.17453,50.926,0.349,-1,425.000,775.000,400.000,675.000,325.000,325.000,300.000,300.000,-1,-1,-1,-1,875.000,525.000,-1,575.000,2,0,1,0,1,0,0,0,0,2,2,2,2,0,1,2,1
73,1034.795,10225.315,224.349,79.402,0.182678,-0.982941,0.021362,0.975999,0.183922,0.116613,-0.118553,-0.000453,0.992948,0,0.85204,0.17289,51.122,0.346,-1,425.000,725.000,400.000,600.000,325.000,325.000,300.000,300.000,-1,-1,-1,-1,875.000,475.000,-1,525.000,2,0,1,1,1,1,0,0,0,2,2,2,2,0,1,2,1
74,1043.932,10275.812,218.366,79.744,0.176755,-0.984022,0.021423,0.976837,0.178048,0.118695,-0.120613,-0.000053,0.992700,0,0.85527,0.17109,51.316,0.342,-1,425.000,675.000,350.000,525.000,325.000,300.000,300.000,300.000,-1,-1,-1,-1,875.000,425.000,-1,475.000,2,0,1,1,1,1,1,0,0,2,2,2,2,0,1,2,1
75,1052.803,10326.549,212.363,80.082,0.170894,-0.985056,0.021459,0.977622,0.172236,0.120789,-0.122680,0.000337,0.992446,0,0.85844,0.16913,51.507,0.338,-1,425.000,625.000,325.000,475.000,300.000,275.000,300.000,300.000,-1,-1,-1,-1,875.000,375.000,-1,400.000,2,0,1,1,1,1,1,0,0,2,2,2,2,1,1,2,1
76,1061.409,10377.521,206.340,80.416,0.165103,-0.986043,0.021470,0.978355,0.166491,0.122894,-0.124753,0.000715,0.992188,0,0.86154,0.16699,51.693,0.334,-1,425.000,575.000,275.000,400.000,300.000,250.000,300.000,300.000,-1,-1,-1,-1,850.000,350.000,-1,350.000,2,0,1,1,1,1,1,0,0,2,2,2,2,1,1,2,1
77,1069.752,10428.720,200.300,80.745,0.159387,-0.986983,0.021456,0.979035,0.160821,0.125009,-0.126832,0.001082,0.991924,0,0.86456,0.16465,51.874,0.329,-1,425.000,550.000,250.000,325.000,275.000,225.000,300.000,300.000,-1,-1,-1,-1,825.000,300.000,-1,300.000,2,0,1,1,1,1,1,0,0,2,2,2,2,1,1,2,1
78,1077.831,10480.139,193.904,81.070,0.153942,-0.987878,0.019988,0.979705,0.155234,0.126811,-0.128377,0.000061,0.991725,0,0.86748,0.16210,52.049,0.324,1000.000,425.000,500.000,225.000,275.000,250.000,200.000,300.000,300.000,-1,-1,-1,-1,825.000,275.000,-1,250.000,1,0,1,1,1,1,1,0,0,2,2,2,2,1,1,2,1
79,1085.650,10531.767,187.210,81.388,0.148658,-0.988725,0.018014,0.980326,0.149738,0.128608,-0.129855,-0.001459,0.991532,0,0.87027,0.15930,52.216,0.319,950.000,400.000,450.000,200.000,200.000,250.000,175.000,300.000,300.000,-1,-1,-1,-1,800.000,225.000,-1,175.000,1,1,1,1,1,1,1,0,0,2,2,2,2,1,1,2,1
80,1093.198,10583.590,186.671,81.701,0.146320,-0.989192,-0.009503,0.982921,0.144295,0.114212,-0.111606,-0.026052,0.993411,0,0.87293,0.15624,52.376,0.312,925.000,450.000,450.000,175.000,175.000,250.000,175.000,275.000,350.000,-1,-1,-1,-1,875.000,225.000,-1,175.000,1,0,1,1,1,1,1,0,0,2,2,2,2,1,1,2,1
81,1100.482,10635.601,187.236,82.006,0.143393,-0.988789,-0.041643,0.985574,0.138852,0.096768,-0.089901,-0.054918,0.994435,0,0.87540,0.15288,52.524,0.306,900.000,525.000,475.000,175.000,150.000,275.000,175.000,250.000,450.000,950.000,225.000,-1,-1,975.000,225.000,-1,150.000,1,0,1,1,1,1,1,0,0,0,0,2,2,1,1,2,1
82,1107.504,10687.787,188.013,82.305,0.139280,-0.987425,-0.074792,0.987958,0.133420,0.078350,-0.067385,-0.084804,0.994116,0,0.87767,0.14919,52.660,0.298,900.000,575.000,-1,175.000,150.000,275.000,175.000,250.000,525.000,500.000,100.000,325.000,-1,-1,225.000,-1,125.000,1,1,2,1,1,1,1,0,0,0,0,0,2,2,1,2,1
83,2951.695,4919.491,349.569,-66.516,0.398582,0.917130,0.002304,-0.916737,0.398483,-0.028369,-0.026937,0.009195,0.999595,1,0.00000,0.00000,52.782,0.290,-1,400.000,-1,375.000,-1,325.000,325.000,300.000,300.000,-1,-1,-1,725.000,825.000,700.000,-1,-1,2,0,2,0,2,0,0,0,0,2,2,2,1,0,0,2,2
84,2953.626,4915.096,349.439,-66.276,0.402419,0.915452,0.002354,-0.915062,0.402321,-0.028272,-0.026829,0.009223,0.999598,0,0.08000,0.12000,4.800,0.240,-1,400.000,-1,375.000,-1,325.000,325.000,300.000,300.000,-1,-1,-1,750.000,825.000,700.000,-1,-1,2,0,2,0,2,0,0,0,0,2,2,2,1,0,0,2,2
85,2957.562,4906.340,349.182,-65.796,0.410073,0.912049,0.002452,-0.911664,0.409975,-0.028076,-0.026613,0.009278,0.999603,0,0.16000,0.24000,9.600,0.480,-1,400.000,-1,375.000,-1,325.000,325.000,300.000,300.000,-1,-1,-1,750.000,825.000,725.000,-1,-1,2,0,2,0,2,0,0,0,0,2,2,2,1,0,0,2,2
86,2963.631,4893.281,348.796,-65.076,0.421500,0.906825,0.002596,-0.906448,0.421404,-0.027782,-0.026288,0.009357,0.999611,0,0.24000,0.36000,14.400,0.720,-1,400.000,-1,375.000,-1,325.000,325.000,300.000,300.000,-1,-1,-1,775.000,825.000,725.000,-1,-1,2,0,2,0,2,0,0,0,0,2,2,2,1,0,0,2,2
87,2972.013,4876.008,348.282,-64.116,0.436631,0.899636,0.002780,-0.899269,0.436537,-0.027387,-0.025853,0.009458,0.999621,0,0.32000,0.48000,19.200,0.960,-1,400.000,-1,375.000,-1,325.000,325.000,300.000,300.000,-1,-1,-1,800.000,850.000,725.000,-1,-1,2,0,2,0,2,0,0,0,0,2,2,2,1,0,0,2,2
88,2982.940,4854.640,347.643,-62.916,0.455373,0.890296,0.002998,-0.889941,0.455282,-0.026889,-0.025304,0.009576,0.999634,0,0.40000,0.60000,24.000,1.200,-1,400.000,-1,375.000,-1,325.000,325.000,300.000,300.000,-1,-1,-1,825.000,850.000,725.000,-1,-1,2,0,2,0,2,0,0,0,0,2,2,2,1,0,0,2,2
89,2996.693,4829.336,346.878,-61.476,0.477598,0.878572,0.003240,-0.878233,0.477511,-0.026284,-0.024640,0.009708,0.999649,0,0.48000,0.72000,28.800,1.440,-1,400.000,-1,375.000,-1,325.000,325.000,300.000,300.000,-1,-1,-1,875.000,875.000,725.000,-1,-1,2,0,2,0,2,0,0,0,0,2,2,2,1,0,0,2,2
90,3013.550,4800.270,345.942,-59.887,0.501769,0.864995,0.003413,-0.864668,0.501682,-0.025788,-0.024019,0.009989,0.999662,0,0.56000,0.79429,33.600,1.589,-1,400.000,-1,400.000,-1,325.000,325.000,300.000,300.000,-1,-1,-1,950.000,875.000,750.000,-1,-1,2,0,2,0,2,0,0,0,0,2,2,2,1,0,0,2,2
91,3033.732,4767.602,344.830,-58.293,0.525632,0.850704,0.003615,-0.850383,0.525543,-0.025570,-0.023652,0.010366,0.999667,0,0.64000,0.79685,38.400,1.594,-1,400.000,-1,400.000,-1,325.000,325.000,300.000,300.000,-1,-1,-1,-1,900.000,750.000,-1,-1,2,0,2,0,2,0,0,0,0,2,2,2,2,0,0,2,2
92,3057.454,4731.497,343.694,-56.694,0.549165,0.835702,0.004439,-0.835377,0.549087,-0.025454,-0.023710,0.010271,0.999666,0,0.72000,0.79985,43.200,1.600,-1,400.000,-1,400.000,-1,325.000,325.000,300.000,300.000,-1,-1,-1,-1,925.000,750.000,-1,-1,2,0,2,0,2,0,0,0,0,2,2,2,2,0,0,2,2
93,3084.926,4692.136,342.416,-55.087,0.572367,0.819980,0.005370,-0.819650,0.572302,-0.025381,-0.023885,0.010126,0.999663,0,0.80000,0.80330,48.000,1.607,-1,400.000,-1,400.000,-1,325.000,325.000,300.000,300.000,-1,-1,-1,-1,925.000,775.000,-1,-1,2,0,2,0,2,0,0,0,0,2,2,2,2,0,0,2,2
94,3116.353,4649.708,341.038,-53.473,0.595223,0.803534,0.006488,-0.803200,0.595178,-0.025143,-0.024065,0.009754,0.999663,0,0.88000,0.80719,52.800,1.614,-1,425.000,-1,400.000,-1,325.000,325.000,300.000,300.000,-1,-1,-1,-1,950.000,775.000,-1,-1,2,0,2,0,2,0,0,0,0,2,2,2,2,0,0,2,2
95,3150.637,4606.062,339.611,-51.850,0.617723,0.786358,0.007749,-0.786022,0.617703,-0.024751,-0.024250,0.009199,0.999664,0,0.92501,0.81155,55.501,1.623,-1,425.000,-1,400.000,-1,325.000,325.000,300.000,300.000,-1,-1,-1,-1,975.000,775.000,-1,-1,2,0,2,0,2,0,0,0,0,2,2,2,2,0,0,2,2
96,3186.271,4563.267,338.145,-50.217,0.639852,0.768445,0.009037,-0.768105,0.639856,-0.024472,-0.024588,0.008717,0.999660,0,0.92814,0.81621,55.688,1.632,-1,425.000,-1,400.000,-1,325.000,325.000,300.000,300.000,-1,-1,-1,-1,1000.000,800.000,-1,-1,2,0,2,0,2,0,0,0,0,2,2,2,2,0,0,2,2
97,3224.895,4519.695,336.470,-48.445,0.663273,0.748297,0.010979,-0.747945,0.663317,-0.024272,-0.025445,0.007887,0.999645,0,0.97044,0.88601,58.227,1.772,-1,425.000,-1,400.000,-1,325.000,325.000,300.000,300.000,-1,-1,-1,-1,1000.000,825.000,-1,-1,2,0,2,0,2,0,0,0,0,2,2,2,2,0,0,2,2
98,3264.893,4477.297,334.808,-46.669,0.686111,0.727379,0.013084,-0.727002,0.686197,-0.024548,-0.026834,0.007331,0.999613,0,0.97147,0.88817,58.288,1.776,-1,425.000,-1,400.000,-1,325.000,325.000,300.000,300.000,-1,-1,-1,-1,-1,850.000,-1,-1,2,0,2,0,2,0,0,0,0,2,2,2,2,2,0,2,2
99,3306.233,4436.118,333.153,-44.888,0.708338,0.705707,0.015320,-0.705293,0.708469,-0.025148,-0.028601,0.007009,0.999566,0,0.97249,0.89034,58.349,1.781,-1,425.000,-1,400.000,-1,350.000,325.000,300.000,300.000,-1,-1,-1,-1,-1,875.000,-1,-1,2,0,2,0,2,0,0,0,0,2,2,2,2,2,0,2,2
100,3348.880,4396.206,331.442,-43.103,0.729925,0.683297,0.017743,-0.682845,0.730110,-0.025717,-0.030527,0.006656,0.999512,0,0.97350,0.89253,58.410,1.785,-1,425.000,-1,400.000,-1,350.000,325.000,300.000,300.000,-1,-1,-1,-1,-1,900.000,-1,-1,2,0,2,0,2,0,0,0,0,2,2,2,2,2,0,2,2
101,3392.798,4357.604,329.529,-41.314,0.750865,0.660163,0.019652,-0.659672,0.751091,-0.026356,-0.032160,0.006826,0.999459,0,0.97451,0.89475,58.471,1.789,-1,425.000,-1,425.000,-1,350.000,350.000,300.000,300.000,-1,-1,-1,-1,-1,925.000,-1,-1,2,0,2,0,2,0,0,0,0,2,2,2,2,2,0,2,2
102,3437.948,4320.359,327.516,-39.520,0.771121,0.636325,0.021505,-0.635792,0.771388,-0.027010,-0.033776,0.007155,0.999404,0,0.97550,0.89698,58.530,1.794,-1,425.000,-1,425.000,-1,350.000,350.000,275.000,300.000,-1,-1,-1,-1,-1,975.000,-1,-1,2,0,2,0,2,0,0,0,0,2,2,2,2,2,0,2,2
103,3484.292,4284.513,325.420,-37.721,0.790667,0.611801,0.023359,-0.611222,0.790976,-0.027664,-0.035401,0.007595,0.999344,0,0.97648,0.89924,58.589,1.798,-1,425.000,-1,425.000,-1,350.000,350.000,275.000,300.000,-1,-1,-1,-1,-1,1000.000,-1,-1,2,0,2,0,2,0,0,0,0,2,2,2,2,2,0,2,2
104,3531.787,4250.110,322.959,-35.918,0.809472,0.586602,0.025538,-0.585913,0.809822,-0.029887,-0.038213,0.009229,0.999227,0,0.97743,0.90152,58.646,1.803,-1,425.000,-1,425.000,-1,350.000,350.000,275.000,300.000,-1,-1,-1,-1,-1,-1,-1,-1,2,0,2,0,2,0,0,0,0,2,2,2,2,2,2,2,2
105,3580.390,4217.190,320.309,-34.110,0.827508,0.560753,0.028065,-0.559910,0.827905,-0.032778,-0.041616,0.011411,0.999069,0,0.97836,0.90383,58.702,1.808,-1,425.000,-1,425.000,-1,350.000,350.000,275.000,300.000,-1,-1,-1,-1,1000.000,-1,-1,-1,2,0,2,0,2,0,0,0,0,2,2,2,2,0,2,2,2
106,3630.055,4185.796,317.543,-32.298,0.844755,0.534272,0.030710,-0.533253,0.845199,-0.035781,-0.045073,0.013850,0.998888,0,0.97925,0.90617,58.755,1.812,-1,425.000,-1,450.000,-1,350.000,350.000,275.000,275.000,-1,-1,-1,-1,975.000,-1,-1,-1,2,0,2,0,2,0,0,0,0,2,2,2,2,0,2,2,2
107,3680.735,4155.966,314.671,-30.481,0.861188,0.507182,0.033480,-0.505961,0.861680,-0.038869,-0.048563,0.016534,0.998683,0,0.98010,0.90855,58.806,1.817,-1,425.000,-1,450.000,-1,350.000,350.000,275.000,275.000,-1,-1,-1,-1,975.000,-1,-1,-1,2,0,2,0,2,0,0,0,0,2,2,2,2,1,2,2,2
108,3732.379,4127.740,311.705,-28.659,0.876785,0.479505,0.036373,-0.478057,0.877324,-0.042015,-0.052057,0.019450,0.998455,0,0.98091,0.91097,58.855,1.822,-1,425.000,-1,450.000,-1,350.000,350.000,300.000,275.000,-1,-1,-1,-1,925.000,-1,-1,-1,2,0,2,0,2,0,0,0,0,2,2,2,2,1,2,2,2
109,3784.938,4101.154,308.617,-26.832,0.891522,0.451265,0.039341,-0.449576,0.892108,-0.044990,-0.055399,0.022423,0.998213,0,0.98166,0.91342,58.900,1.827,-1,425.000,-1,450.000,-1,350.000,350.000,300.000,275.000,-1,-1,-1,-1,875.000,-1,-1,-1,2,0,2,0,2,0,0,0,0,2,2,2,2,1,2,2,2
110,3838.358,4076.244,305.372,-25.000,0.905381,0.422489,0.042296,-0.420566,0.906017,-0.047522,-0.058398,0.025237,0.997974,0,0.98236,0.91592,58.942,1.832,-1,425.000,-1,450.000,-1,350.000,350.000,300.000,275.000,-1,-1,-1,-1,825.000,-1,-1,-1,2,0,2,0,2,0,0,0,0,2,2,2,2,1,2,2,2
111,3892.583,4053.044,301.957,-23.163,0.918313,0.393203,0.045754,-0.391034,0.919032,-0.049716,-0.061598,0.027764,0.997715,0,0.98298,0.91846,58.979,1.837,-1,425.000,-1,450.000,-1,350.000,350.000,275.000,275.000,-1,-1,-1,-1,775.000,-1,-1,-1,2,0,2,0,2,0,0,0,0,2,2,2,2,1,2,2,2
112,3947.557,4031.588,298.441,-21.321,0.930308,0.363431,0.049435,-0.361008,0.931131,-0.051649,-0.064802,0.030203,0.997441,0,0.98354,0.92106,59.012,1.842,-1,400.000,-1,450.000,-1,350.000,350.000,275.000,275.000,-1,-1,-1,-1,725.000,975.000,-1,-1,2,0,2,0,2,0,0,0,0,2,2,2,2,1,1,2,2
113,4003.220,4011.906,294.796,-19.474,0.941384,0.333194,0.052703,-0.330506,0.942277,-0.053657,-0.067539,0.033093,0.997168,0,0.98400,0.92371,59.040,1.847,900.000,400.000,975.000,450.000,-1,325.000,350.000,275.000,300.000,-1,-1,-1,-1,700.000,875.000,-1,-1,1,0,1,0,2,0,0,0,0,2,2,2,2,1,1,2,2
114,4059.512,3994.028,290.660,-17.621,0.951588,0.302503,0.054517,-0.299501,0.952398,-0.056892,-0.069132,0.037810,0.996891,0,0.98438,0.92642,59.063,1.853,800.000,400.000,900.000,450.000,-1,325.000,350.000,275.000,300.000,-1,-1,-1,-1,650.000,800.000,-1,-1,1,0,1,0,2,0,0,0,0,2,2,2,2,1,1,2,2
115,4111.671,3979.065,286.741,-16.008,0.959647,0.275526,0.056236,-0.272199,0.960354,-0.060234,-0.070602,0.042496,0.996599,0,0.90438,0.80642,54.263,1.613,725.000,400.000,850.000,450.000,-1,325.000,350.000,275.000,300.000,-1,-1,-1,-1,625.000,725.000,-1,950.000,1,0,1,0,2,0,0,1,0,2,2,2,2,1,1,2,1
116,4161.285,3966.110,283.009,-14.635,0.965898,0.252389,0.057804,-0.248750,0.966491,-0.063396,-0.071868,0.046855,0.996313,0,0.85462,0.68642,51.277,1.373,675.000,400.000,800.000,425.000,-1,325.000,350.000,275.000,300.000,-1,-1,-1,-1,600.000,675.000,-1,850.000,1,0,1,0,2,0,0,1,0,2,2,2,2,1,1,2,1
117,4211.132,3954.143,279.250,-13.503,0.970621,0.233184,0.059328,-0.229230,0.971094,-0.066561,-0.073133,0.051006,0.996017,0,0.85438,0.56642,51.263,1.133,650.000,400.000,750.000,425.000,950.000,325.000,350.000,250.000,275.000,-1,-1,-1,-1,575.000,625.000,-1,775.000,1,0,1,0,1,0,0,1,0,2,2,2,2,1,1,2,1
118,4261.120,3942.962,275.462,-12.610,0.974057,0.217979,0.060815,-0.213704,0.974407,-0.069729,-0.074458,0.054923,0.995711,0,0.85372,0.44642,51.223,0.893,650.000,375.000,700.000,425.000,850.000,325.000,350.000,250.000,275.000,-1,-1,-1,-1,550.000,550.000,-1,700.000,1,1,1,0,1,0,0,1,0,2,2,2,2,1,1,2,1
119,4311.167,3932.365,271.642,-11.957,0.976395,0.206819,0.062276,-0.202218,0.976623,-0.072901,-0.075897,0.058587,0.995393,0,0.85261,0.32642,51.156,0.653,650.000,350.000,625.000,400.000,750.000,325.000,350.000,250.000,275.000,-1,-1,-1,-1,500.000,500.000,1000.000,625.000,1,1,1,1,1,1,1,1,0,2,2,2,2,1,1,1,1
120,4361.195,3922.149,267.779,-11.544,0.977777,0.199737,0.063704,-0.194804,0.977889,-0.076055,-0.077487,0.061955,0.995067,0,0.85101,0.20642,51.061,0.413,650.000,350.000,575.000,375.000,675.000,300.000,325.000,225.000,275.000,-1,-1,-1,-1,475.000,450.000,950.000,550.000,1,1,1,1,1,1,1,1,0,2,2,2,2,1,1,1,1
121,4411.130,3912.108,263.865,-11.371,0.978290,0.196748,0.065114,-0.191477,0.978296,-0.079204,-0.079284,0.065016,0.994730,0,0.84890,0.08642,50.934,0.173,675.000,325.000,525.000,325.000,575.000,275.000,300.000,225.000,275.000,-1,-1,-1,-1,450.000,400.000,875.000,500.000,1,1,1,1,1,1,1,1,0,2,2,2,2,1,1,1,1
122,4460.898,3902.039,259.967,-11.438,0.977982,0.197862,0.066353,-0.192280,0.977905,-0.082039,-0.081120,0.067474,0.994418,0,0.84626,-0.03358,50.775,-0.067,700.000,300.000,475.000,300.000,500.000,250.000,250.000,225.000,275.000,-1,-1,-1,-1,400.000,375.000,675.000,425.000,1,1,1,1,1,1,1,1,0,2,2,2,2,1,1,1,1
123,4510.423,3891.743,256.016,-11.746,0.976830,0.203073,0.067557,-0.197179,0.976693,-0.084804,-0.083204,0.069518,0.994105,0,0.84307,-0.15358,50.584,-0.307,750.000,275.000,425.000,275.000,450.000,225.000,225.000,225.000,275.000,-1,-1,-1,-1,350.000,325.000,550.000,375.000,1,1,1,1,1,1,1,1,0,2,2,2,2,1,1,1,1
124,4563.471,3880.187,252.208,-12.293,0.974978,0.212331,0.065836,-0.206184,0.974432,-0.089273,-0.083108,0.073465,0.993829,0,0.90485,-0.27358,54.291,-0.547,775.000,250.000,375.000,225.000,375.000,200.000,200.000,225.000,275.000,-1,-1,-1,-1,325.000,275.000,450.000,325.000,1,1,1,1,1,1,1,1,0,2,2,2,2,1,1,1,1
125,4616.585,3867.855,249.776,-13.080,0.972531,0.225526,0.057639,-0.219263,0.970685,-0.098457,-0.078154,0.083115,0.993471,0,0.90880,-0.39358,54.528,-0.787,775.000,225.000,325.000,200.000,325.000,175.000,175.000,250.000,275.000,-1,-1,-1,-1,300.000,250.000,400.000,275.000,1,1,1,1,1,1,1,1,0,2,2,2,2,1,1,1,1
126,4669.701,3854.516,248.397,-14.107,0.969044,0.242709,0.045239,-0.236958,0.965764,-0.105600,-0.069320,0.091611,0.993379,0,0.91277,-0.51358,54.766,-1.027,775.000,200.000,275.000,175.000,275.000,175.000,150.000,250.000,275.000,-1,-1,-1,-1,275.000,225.000,375.000,225.000,1,1,1,1,1,1,1,1,0,2,2,2,2,1,1,1,1
127,4722.734,3839.929,253.090,-15.374,0.964259,0.264251,0.019377,-0.261577,0.961047,-0.089253,-0.042208,0.080994,0.995820,0,0.91677,-0.63358,55.006,-1.267,750.000,200.000,275.000,175.000,275.000,175.000,150.000,275.000,325.000,-1,475.000,250.000,900.000,275.000,225.000,400.000,225.000,1,1,1,1,1,1,1,1,0,2,0,0,0,1,1,1,1
128,5575.432,-3607.624,-293.436,-22.047,0.925877,0.374939,0.046607,-0.371351,0.925800,-0.070659,-0.069641,0.048114,0.996411,1,0.00000,0.00000,55.245,-1.507,-1,400.000,-1,375.000,625.000,325.000,325.000,300.000,300.000,-1,600.000,700.000,-1,675.000,700.000,-1,750.000,2,0,2,0,1,0,0,0,0,2,0,0,2,0,0,2,1
129,5570.990,-3605.803,-293.106,-22.287,0.924295,0.378817,0.046650,-0.375216,0.924229,-0.070803,-0.069937,0.047939,0.996399,0,-0.08000,-0.12000,-4.800,-0.240,-1,400.000,-1,375.000,625.000,325.000,325.000,300.000,300.000,-1,600.000,700.000,-1,675.000,700.000,-1,750.000,2,0,2,0,1,0,0,0,0,2,0,0,2,0,0,2,1
130,5562.138,-3602.089,-292.442,-22.767,0.921083,0.386552,0.046732,-0.382927,0.921039,-0.071097,-0.070525,0.047591,0.996374,0,-0.16000,-0.24000,-9.600,-0.480,-1,400.000,-1,375.000,625.000,325.000,325.000,300.000,300.000,-1,600.000,700.000,-1,675.000,700.000,-1,750.000,2,0,2,0,1,0,0,0,0,2,0,0,2,0,0,2,1
131,5548.930,-3596.354,-291.438,-23.469,0.916268,0.397818,0.046842,-0.394154,0.916255,-0.071552,-0.071384,0.047097,0.996336,0,-0.24000,-0.35101,-14.400,-0.702,-1,400.000,-1,375.000,625.000,325.000,325.000,300.000,300.000,-1,600.000,675.000,-1,675.000,700.000,-1,750.000,2,0,2,0,1,0,0,0,0,2,0,0,2,0,1,2,1
132,5531.413,-3588.494,-290.081,-24.168,0.911336,0.408972,0.046986,-0.405256,0.911349,-0.072188,-0.072344,0.046746,0.996284,0,-0.32000,-0.34949,-19.200,-0.699,-1,400.000,-1,375.000,625.000,325.000,325.000,300.000,300.000,-1,575.000,675.000,-1,675.000,700.000,-1,750.000,2,0,2,0,1,0,0,0,0,2,0,0,2,0,1,2,1
133,5512.047,-3579.520,-288.557,-24.864,0.906295,0.420009,0.047129,-0.416233,0.906329,-0.072922,-0.073343,0.046473,0.996223,0,-0.35574,-0.34772,-21.345,-0.695,-1,400.000,-1,375.000,650.000,325.000,325.000,300.000,300.000,-1,575.000,650.000,-1,675.000,700.000,-1,750.000,2,0,2,0,1,0,0,0,0,2,0,0,2,0,1,2,1
134,5492.771,-3570.303,-287.021,-25.556,0.901150,0.430926,0.047249,-0.427088,0.901203,-0.073682,-0.074333,0.046219,0.996162,0,-0.35609,-0.34588,-21.366,-0.692,-1,400.000,-1,375.000,650.000,325.000,325.000,300.000,300.000,-1,575.000,650.000,-1,675.000,700.000,-1,750.000,2,0,2,0,1,0,0,0,0,2,0,0,2,0,1,2,1
135,5473.585,-3560.845,-285.474,-26.244,0.895901,0.441723,0.047345,-0.437823,0.895972,-0.074466,-0.075314,0.045985,0.996099,0,-0.35652,-0.34409,-21.391,-0.688,-1,400.000,-1,375.000,675.000,325.000,325.000,300.000,300.000,-1,550.000,625.000,-1,700.000,700.000,-1,750.000,2,0,2,0,1,0,0,0,0,2,0,0,2,0,1,2,1
136,5454.487,-3551.144,-283.915,-26.928,0.890552,0.452403,0.047417,-0.448439,0.890638,-0.075275,-0.076286,0.045773,0.996035,0,-0.35701,-0.34236,-21.421,-0.685,-1,400.000,-1,375.000,675.000,325.000,325.000,300.000,275.000,-1,550.000,600.000,-1,700.000,700.000,-1,750.000,2,0,2,0,1,0,0,0,0,2,0,0,2,0,1,2,1
