timestep,x_cm,y_cm,z_cm,yaw_deg,basis_xx,basis_xy,basis_xz,basis_yx,basis_yy,basis_yz,basis_zx,basis_zy,basis_zz,teleport_flag,throttle_cmd,steering_cmd,cmd_move_cm,cmd_turn_deg,lidar_cm_0,lidar_cm_1,lidar_cm_2,lidar_cm_3,lidar_cm_4,lidar_cm_5,lidar_cm_6,lidar_cm_7,lidar_cm_8,lidar_cm_9,lidar_cm_10,lidar_cm_11,lidar_cm_12,lidar_cm_13,lidar_cm_14,lidar_cm_15,lidar_cm_16,lidar_class_0,lidar_class_1,lidar_class_2,lidar_class_3,lidar_class_4,lidar_class_5,lidar_class_6,lidar_class_7,lidar_class_8,lidar_class_9,lidar_class_10,lidar_class_11,lidar_class_12,lidar_class_13,lidar_class_14,lidar_class_15,lidar_class_16
0,-5576.435,-6891.984,545.765,-103.506,-0.238443,0.964570,0.112914,-0.970279,-0.231671,-0.069902,-0.041266,-0.126226,0.991143,1,0.08000,0.12000,4.800,0.240,-1,425.000,-1,400.000,-1,325.000,325.000,300.000,300.000,-1,-1,-1,-1,975.000,825.000,-1,-1,2,0,2,0,2,0,0,0,0,2,2,2,2,0,0,2,2
1,-5578.598,-6901.336,545.333,-103.026,-0.230501,0.966493,0.112962,-0.972120,-0.223586,-0.070649,-0.043025,-0.126098,0.991084,0,0.16000,0.24000,9.600,0.480,-1,425.000,-1,400.000,-1,325.000,325.000,300.000,300.000,-1,-1,-1,-1,975.000,825.000,-1,-1,2,0,2,0,2,0,0,0,0,2,2,2,2,0,0,2,2
2,-5581.667,-6915.404,544.666,-102.306,-0.218562,0.969250,0.113068,-0.974753,-0.211429,-0.071789,-0.045676,-0.125904,0.990990,0,0.24000,0.36000,14.400,0.720,-1,425.000,-1,400.000,-1,325.000,325.000,300.000,300.000,-1,-1,-1,-1,975.000,825.000,-1,-1,2,0,2,0,2,0,0,0,0,2,2,2,2,0,0,2,2
3,-5585.443,-6934.228,543.743,-101.346,-0.202596,0.972689,0.113274,-0.978024,-0.195166,-0.073343,-0.049233,-0.125644,0.990853,0,0.32000,0.48000,19.200,0.960,-1,425.000,-1,400.000,-1,325.000,325.000,300.000,300.000,-1,-1,-1,-1,975.000,825.000,-1,-1,2,0,2,0,2,0,0,0,0,2,2,2,2,0,0,2,2
4,-5589.669,-6957.851,542.538,-100.146,-0.182569,0.976604,0.113635,-0.981725,-0.174761,-0.075336,-0.053715,-0.125312,0.990662,0,0.40000,0.60000,24.000,1.200,-1,425.000,-1,400.000,-1,325.000,325.000,300.000,300.000,-1,-1,-1,-1,975.000,825.000,-1,-1,2,0,2,0,2,0,0,0,0,2,2,2,2,0,0,2,2
5,-5594.146,-6986.299,541.047,-98.945,-0.162518,0.980078,0.114172,-0.984963,-0.154267,-0.077784,-0.058621,-0.125097,0.990411,0,0.48000,0.60021,28.800,1.200,-1,425.000,-1,400.000,-1,325.000,325.000,325.000,300.000,-1,-1,-1,-1,975.000,825.000,-1,-1,2,0,2,0,2,0,0,0,0,2,2,2,2,0,0,2,2
6,-5598.672,-7019.591,539.247,-97.745,-0.142465,0.983105,0.114924,-0.987731,-0.133702,-0.080698,-0.063969,-0.125011,0.990091,0,0.56000,0.60021,33.600,1.200,-1,425.000,-1,400.000,-1,325.000,325.000,325.000,300.000,-1,-1,-1,-1,950.000,800.000,-1,-1,2,0,2,0,2,0,0,0,0,2,2,2,2,0,0,2,2
7,-5603.046,-7057.740,537.116,-96.544,-0.122426,0.985684,0.115930,-0.990022,-0.113076,-0.084085,-0.069773,-0.125067,0.989692,0,0.64000,0.60021,38.400,1.200,-1,425.000,-1,400.000,-1,325.000,325.000,325.000,300.000,-1,-1,-1,-1,925.000,800.000,-1,-1,2,0,2,0,2,0,0,0,0,2,2,2,2,0,0,2,2
8,-5607.067,-7100.751,534.631,-95.344,-0.102419,0.987810,0.117226,-0.991830,-0.092398,-0.087952,-0.076048,-0.125276,0.989203,0,0.72000,0.60021,43.200,1.200,-1,425.000,-1,400.000,-1,325.000,325.000,325.000,300.000,-1,-1,-1,-1,925.000,800.000,-1,-1,2,0,2,0,2,0,0,0,0,2,2,2,2,0,0,2,2
9,-5610.532,-7148.625,531.768,-94.143,-0.082461,0.989482,0.118850,-0.993148,-0.071680,-0.092300,-0.082810,-0.125647,0.988613,0,0.80000,0.60021,48.000,1.200,-1,425.000,-1,400.000,-1,325.000,325.000,325.000,300.000,-1,-1,-1,-1,900.000,775.000,-1,-1,2,0,2,0,2,0,0,0,0,2,2,2,2,0,0,2,2
10,-5613.238,-7201.354,528.374,-92.943,-0.062568,0.990635,0.121359,-0.994005,-0.050928,-0.096750,-0.089663,-0.126685,0.987882,0,0.88000,0.60021,52.800,1.200,-1,425.000,-1,400.000,-1,325.000,325.000,325.000,300.000,-1,-1,-1,-1,875.000,775.000,-1,-1,2,0,2,0,2,0,0,0,0,2,2,2,2,0,0,2,2
11,-5614.965,-7258.219,522.936,-91.743,-0.042360,0.991350,0.124217,-0.994679,-0.030159,-0.098509,-0.093910,-0.127729,0.987353,0,0.94821,0.60021,56.892,1.200,-1,425.000,-1,400.000,-1,325.000,325.000,325.000,300.000,-1,-1,-1,-1,875.000,800.000,-1,-1,2,0,2,0,2,0,0,0,0,2,2,2,2,0,0,2,2
12,-5615.502,-7315.107,516.887,-90.542,-0.021974,0.991839,0.125587,-0.994946,-0.009385,-0.099969,-0.097974,-0.127149,0.987033,0,0.94821,0.60021,56.892,1.200,-1,400.000,-1,400.000,-1,325.000,325.000,325.000,300.000,-1,-1,-1,-1,850.000,800.000,-1,-1,2,0,2,0,2,0,0,0,0,2,2,2,2,0,0,2,2
13,-5614.848,-7371.994,510.695,-89.342,-0.001599,0.991890,0.127086,-0.994773,0.011397,-0.101471,-0.102097,-0.126584,0.986688,0,0.94821,0.60021,56.892,1.200,-1,400.000,-1,400.000,-1,325.000,325.000,325.000,300.000,-1,-1,-1,-1,850.000,800.000,-1,-1,2,0,2,0,2,0,0,0,0,2,2,2,2,0,0,2,2
14,-5613.002,-7428.854,504.360,-88.141,0.018755,0.991504,0.128714,-0.994161,0.032177,-0.103002,-0.106268,-0.126031,0.986318,0,0.94821,0.60021,56.892,1.200,-1,400.000,-1,400.000,-1,325.000,325.000,325.000,300.000,-1,-1,-1,-1,850.000,800.000,-1,-1,2,0,2,0,2,0,0,0,0,2,2,2,2,0,0,2,2
15,-5609.966,-7485.664,497.877,-86.941,0.039081,0.990682,0.130471,-0.993110,0.052945,-0.104546,-0.110480,-0.125486,0.985925,0,0.94821,0.60021,56.892,1.200,-1,400.000,-1,400.000,-1,325.000,325.000,325.000,300.000,-1,-1,-1,-1,825.000,775.000,-1,-1,2,0,2,0,2,0,0,0,0,2,2,2,2,0,0,2,2
16,-5605.739,-7542.398,491.244,-85.740,0.059370,0.989423,0.132355,-0.991622,0.073693,-0.106091,-0.114722,-0.124947,0.985508,0,0.94821,0.60021,56.892,1.200,-1,400.000,-1,400.000,-1,325.000,325.000,325.000,300.000,-1,-1,-1,-1,825.000,775.000,-1,-1,2,0,2,0,2,0,0,0,0,2,2,2,2,0,0,2,2
17,-5600.325,-7599.030,484.457,-84.540,0.079613,0.987729,0.134364,-0.989699,0.094412,-0.107621,-0.118986,-0.124412,0.985071,0,0.94821,0.60021,56.892,1.200,-1,400.000,-1,400.000,-1,325.000,325.000,325.000,300.000,-1,-1,-1,-1,800.000,775.000,-1,-1,2,0,2,0,2,0,0,0,0,2,2,2,2,0,0,2,2
18,-5593.726,-7655.537,477.515,-83.340,0.099803,0.985601,0.136495,-0.987343,0.115092,-0.109125,-0.123263,-0.123877,0.984612,0,0.94821,0.60021,56.892,1.200,-1,400.000,-1,400.000,-1,325.000,325.000,325.000,300.000,-1,-1,-1,-1,800.000,775.000,-1,-1,2,0,2,0,2,0,0,0,0,2,2,2,2,0,0,2,2
19,-5585.945,-7711.894,470.413,-82.139,0.119931,0.983039,0.138745,-0.984556,0.135724,-0.110586,-0.127542,-0.123339,0.984134,0,0.94821,0.60021,56.892,1.200,-1,400.000,-1,375.000,-1,325.000,300.000,300.000,300.000,-1,-1,-1,-1,775.000,775.000,-1,-1,2,0,2,0,2,0,0,0,0,2,2,2,2,0,0,2,2
20,-5576.984,-7768.074,463.151,-80.939,0.139989,0.980047,0.141108,-0.981340,0.156299,-0.111994,-0.131814,-0.122796,0.983639,0,0.94821,0.60021,56.892,1.200,-1,400.000,-1,375.000,-1,325.000,300.000,300.000,300.000,-1,-1,-1,-1,775.000,750.000,-1,-1,2,0,2,0,2,0,0,0,0,2,2,2,2,0,0,2,2
21,-5566.849,-7824.055,455.667,-79.738,0.160021,0.976649,0.143354,-0.977711,0.176813,-0.113215,-0.135918,-0.122042,0.983174,0,0.94821,0.60021,56.892,1.200,-1,400.000,-1,375.000,-1,325.000,300.000,300.000,325.000,-1,-1,-1,-1,750.000,750.000,-1,-1,2,0,2,0,2,0,0,0,0,2,2,2,2,0,0,2,2
22,-5556.713,-7875.151,448.362,-78.778,0.176185,0.973736,0.144213,-0.974528,0.193196,-0.113890,-0.138761,-0.120474,0.982971,0,0.86821,0.48021,52.092,0.960,-1,400.000,-1,375.000,-1,325.000,300.000,300.000,325.000,-1,-1,-1,-1,750.000,750.000,-1,-1,2,0,2,0,2,0,0,0,0,2,2,2,2,0,0,2,2
23,-5546.927,-7921.419,441.623,-78.057,0.188235,0.971341,0.145135,-0.971959,0.205448,-0.114399,-0.140938,-0.119531,0.982776,0,0.78821,0.36021,47.292,0.720,-1,400.000,-1,375.000,-1,325.000,300.000,300.000,325.000,-1,-1,-1,-1,750.000,750.000,-1,-1,2,0,2,0,2,0,0,0,0,2,2,2,2,0,0,2,2
24,-5537.787,-7962.916,435.534,-77.577,0.196284,0.969634,0.145884,-0.970214,0.213596,-0.114287,-0.141977,-0.119106,0.982678,0,0.70821,0.24021,42.492,0.480,-1,400.000,-1,375.000,-1,325.000,300.000,300.000,325.000,-1,-1,-1,-1,750.000,725.000,-1,-1,2,0,2,0,2,0,0,0,0,2,2,2,2,0,0,2,2
25,-5529.524,-7999.691,430.175,-77.337,0.200324,0.968745,0.146297,-0.969340,0.217666,-0.114027,-0.142307,-0.118969,0.982647,0,0.62821,0.12021,37.692,0.240,-1,400.000,-1,375.000,-1,325.000,300.000,325.000,325.000,-1,-1,-1,-1,750.000,725.000,-1,-1,2,0,2,0,2,0,0,0,0,2,2,2,2,0,0,2,2
26,-5522.312,-8031.783,425.502,-77.336,0.200303,0.968699,0.146632,-0.969370,0.217664,-0.113774,-0.142129,-0.119352,0.982626,0,0.54821,0.00021,32.892,0.000,-1,400.000,-1,375.000,-1,325.000,300.000,325.000,325.000,-1,-1,-1,-1,725.000,725.000,-1,-1,2,0,2,0,2,0,0,0,0,2,2,2,2,0,0,2,2
27,-5516.267,-8059.217,421.525,-77.576,0.196222,0.969496,0.146885,-0.970303,0.213588,-0.113548,-0.141457,-0.120243,0.982615,0,0.46821,-0.11979,28.092,-0.240,-1,400.000,-1,375.000,-1,325.000,300.000,325.000,325.000,-1,-1,-1,-1,725.000,725.000,-1,-1,2,0,2,0,2,0,0,0,0,2,2,2,2,0,0,2,2
28,-5511.444,-8082.006,418.248,-78.055,0.188070,0.971084,0.147055,-0.972084,0.205431,-0.113363,-0.140294,-0.121629,0.982611,0,0.38821,-0.23979,23.292,-0.480,-1,400.000,-1,375.000,-1,325.000,300.000,325.000,325.000,-1,-1,-1,-1,725.000,750.000,-1,-1,2,0,2,0,2,0,0,0,0,2,2,2,2,0,0,2,2
29,-5507.841,-8100.145,415.671,-78.775,0.175832,0.973361,0.147142,-0.974609,0.193174,-0.113229,-0.138637,-0.123496,0.982613,0,0.30821,-0.35979,18.492,-0.720,-1,375.000,-1,375.000,-1,325.000,300.000,325.000,325.000,-1,-1,-1,-1,725.000,750.000,-1,-1,2,0,2,0,2,0,0,0,0,2,2,2,2,0,0,2,2
30,-5505.381,-8113.616,413.785,-79.666,0.160645,0.975980,0.147161,-0.977511,0.177958,-0.113148,-0.136619,-0.125675,0.982620,0,0.22821,-0.44573,13.692,-0.891,-1,375.000,-1,375.000,-1,325.000,300.000,325.000,325.000,-1,-1,-1,-1,725.000,750.000,-1,-1,2,0,2,0,2,0,0,0,0,2,2,2,2,0,0,2,2
31,-5503.919,-8122.389,412.573,-80.558,0.145424,0.978367,0.147139,-0.980170,0.162703,-0.113110,-0.134603,-0.127772,0.982627,0,0.14821,-0.44587,8.892,-0.892,-1,375.000,-1,375.000,-1,325.000,300.000,325.000,325.000,-1,-1,-1,-1,725.000,750.000,-1,-1,2,0,2,0,2,0,0,0,0,2,2,2,2,0,0,2,2
32,-5503.308,-8126.437,412.021,-81.450,0.130178,0.980521,0.147082,-0.982585,0.147420,-0.113115,-0.132594,-0.129795,0.982635,0,0.06821,-0.44581,4.092,-0.892,-1,375.000,-1,375.000,-1,325.000,300.000,325.000,325.000,-1,-1,-1,-1,725.000,750.000,-1,-1,2,0,2,0,2,0,0,0,0,2,2,2,2,0,0,2,2
33,-5503.399,-8125.737,412.109,-82.341,0.114914,0.982439,0.146998,-0.984754,0.132117,-0.113161,-0.130594,-0.131753,0.982643,0,-0.01179,-0.44560,-0.708,-0.891,-1,375.000,-1,375.000,-1,325.000,300.000,325.000,325.000,-1,-1,-1,-1,725.000,750.000,-1,-1,2,0,2,0,2,0,0,0,0,2,2,2,2,0,0,2,2
34,-5504.045,-8120.269,412.822,-83.231,0.099640,0.984121,0.146893,-0.986678,0.116802,-0.113244,-0.128604,-0.133653,0.982648,0,-0.09179,-0.44526,-5.508,-0.891,-1,375.000,-1,375.000,-1,325.000,300.000,325.000,325.000,-1,-1,-1,-1,725.000,775.000,-1,-1,2,0,2,0,2,0,0,0,0,2,2,2,2,0,0,2,2
35,-5505.098,-8110.018,414.141,-84.121,0.084360,0.985566,0.146777,-0.988357,0.101482,-0.113363,-0.126621,-0.135504,0.982652,0,-0.17179,-0.44482,-10.308,-0.890,-1,375.000,-1,375.000,-1,325.000,300.000,325.000,325.000,-1,-1,-1,-1,725.000,775.000,-1,-1,2,0,2,0,2,0,0,0,0,2,2,2,2,0,0,2,2
36,-5506.409,-8094.969,416.049,-85.010,0.069082,0.986772,0.146655,-0.989793,0.086163,-0.113512,-0.124647,-0.137317,0.982653,0,-0.25179,-0.44431,-15.108,-0.889,-1,375.000,-1,375.000,-1,325.000,300.000,325.000,325.000,-1,-1,-1,-1,725.000,775.000,-1,-1,2,0,2,0,2,0,0,0,0,2,2,2,2,0,0,2,2
37,-5507.831,-8075.114,418.525,-85.897,0.053807,0.987741,0.146538,-0.990987,0.070851,-0.113690,-0.122679,-0.139100,0.982650,0,-0.33179,-0.44376,-19.908,-0.888,-1,375.000,-1,375.000,-1,300.000,300.000,325.000,325.000,-1,-1,-1,-1,725.000,775.000,-1,-1,2,0,2,0,2,0,0,0,0,2,2,2,2,0,0,2,2
38,-5509.214,-8050.447,421.552,-86.784,0.038540,0.988470,0.146432,-0.991939,0.055547,-0.113895,-0.120716,-0.140862,0.982642,0,-0.41179,-0.44321,-24.708,-0.886,-1,375.000,-1,375.000,-1,300.000,300.000,325.000,325.000,-1,-1,-1,-1,725.000,775.000,-1,-1,2,0,2,0,2,0,0,0,0,2,2,2,2,0,0,2,2
39,-5510.229,-8025.440,424.572,-87.669,0.023285,0.988959,0.146349,-0.992654,0.040256,-0.114094,-0.118726,-0.142617,0.982631,0,-0.41716,-0.44269,-25.030,-0.885,-1,375.000,-1,375.000,-1,300.000,300.000,325.000,325.000,-1,-1,-1,-1,725.000,775.000,-1,-1,2,0,2,0,2,0,0,0,0,2,2,2,2,0,0,2,2
40,-5510.863,-8000.225,427.567,-88.554,0.008044,0.989209,0.146291,-0.993134,0.024978,-0.114289,-0.116710,-0.144367,0.982617,0,-0.42042,-0.44228,-25.225,-0.885,-1,375.000,-1,375.000,-1,300.000,300.000,325.000,325.000,-1,-1,-1,-1,725.000,775.000,-1,-1,2,0,2,0,2,0,0,0,0,2,2,2,2,0,0,2,2
41,-5511.110,-7974.805,430.536,-89.438,-0.007185,0.989221,0.146256,-0.993378,0.009711,-0.114482,-0.114669,-0.146110,0.982600,0,-0.42371,-0.44198,-25.423,-0.884,-1,375.000,-1,375.000,-1,300.000,300.000,325.000,325.000,-1,-1,-1,-1,725.000,775.000,-1,-1,2,0,2,0,2,0,0,0,0,2,2,2,2,0,0,2,2
42,-5510.964,-7949.185,433.477,-90.321,-0.022400,0.988995,0.146244,-0.993387,-0.005542,-0.114678,-0.112605,-0.147846,0.982579,0,-0.42704,-0.44178,-25.623,-0.884,-1,375.000,-1,400.000,-1,300.000,300.000,325.000,325.000,-1,-1,-1,-1,725.000,775.000,-1,-1,2,0,2,0,2,0,0,0,0,2,2,2,2,0,0,2,2
43,-5510.421,-7923.516,436.374,-91.205,-0.037606,0.988532,0.146256,-0.993162,-0.020786,-0.114877,-0.110519,-0.149576,0.982554,0,-0.42795,-0.44174,-25.677,-0.883,-1,375.000,-1,400.000,-1,300.000,300.000,325.000,325.000,-1,-1,-1,-1,725.000,775.000,-1,-1,2,0,2,0,2,0,0,0,0,2,2,2,2,0,0,2,2
44,-5509.483,-7897.858,439.218,-92.088,-0.052798,0.987832,0.146288,-0.992703,-0.036016,-0.115083,-0.108414,-0.151297,0.982525,0,-0.42795,-0.44174,-25.677,-0.883,-1,375.000,-1,400.000,-1,300.000,300.000,325.000,325.000,-1,-1,-1,-1,725.000,775.000,-1,-1,2,0,2,0,2,0,0,0,0,2,2,2,2,0,0,2,2
45,-5508.150,-7872.218,441.968,-92.972,-0.067962,0.986918,0.146196,-0.992007,-0.051231,-0.115313,-0.106315,-0.152865,0.982512,0,-0.42795,-0.44174,-25.677,-0.883,-1,375.000,-1,400.000,-1,300.000,300.000,325.000,325.000,-1,-1,-1,-1,725.000,775.000,-1,-1,2,0,2,0,2,0,0,0,0,2,2,2,2,0,0,2,2
46,-5506.833,-7851.385,444.070,-93.615,-0.078897,0.986187,0.145637,-0.991390,-0.062305,-0.115170,-0.104505,-0.153470,0.982612,0,-0.34795,-0.32174,-20.877,-0.643,-1,375.000,-1,400.000,-1,300.000,300.000,325.000,325.000,-1,-1,-1,-1,725.000,775.000,-1,-1,2,0,2,0,2,0,0,0,0,2,2,2,2,0,0,2,2
47,-5505.707,-7835.348,445.688,-94.018,-0.085712,0.985686,0.145180,-0.990960,-0.069246,-0.114907,-0.103209,-0.153717,0.982710,0,-0.26795,-0.20174,-16.077,-0.403,-1,375.000,-1,400.000,-1,300.000,300.000,325.000,325.000,-1,-1,-1,-1,725.000,775.000,-1,-1,2,0,2,0,2,0,0,0,0,2,2,2,2,0,0,2,2
48,-5504.884,-7824.102,446.811,-94.182,-0.088448,0.985483,0.144911,-0.990784,-0.072058,-0.114696,-0.102589,-0.153721,0.982774,0,-0.18795,-0.08174,-11.277,-0.163,-1,375.000,-1,400.000,-1,300.000,300.000,325.000,325.000,-1,-1,-1,-1,725.000,775.000,-1,-1,2,0,2,0,2,0,0,0,0,2,2,2,2,0,0,2,2
49,-5504.421,-7817.641,447.455,-94.105,-0.087108,0.985623,0.144775,-0.990893,-0.070745,-0.114569,-0.102680,-0.153437,0.982809,0,-0.10795,0.03826,-6.477,0.077,-1,375.000,-1,400.000,-1,300.000,300.000,325.000,325.000,-1,-1,-1,-1,725.000,775.000,-1,-1,2,0,2,0,2,0,0,0,0,2,2,2,2,0,0,2,2
50,-5504.311,-7815.967,447.621,-93.789,-0.081689,0.986087,0.144771,-0.991272,-0.065305,-0.114525,-0.103477,-0.152862,0.982815,0,-0.02795,0.15826,-1.677,0.317,-1,375.000,-1,400.000,-1,300.000,300.000,325.000,325.000,-1,-1,-1,-1,725.000,775.000,-1,-1,2,0,2,0,2,0,0,0,0,2,2,2,2,0,0,2,2
51,-5504.489,-7819.083,447.299,-93.232,-0.072185,0.986809,0.144904,-0.991851,-0.055731,-0.114565,-0.104978,-0.151993,0.982791,0,0.05205,0.27826,3.123,0.557,-1,375.000,-1,375.000,-1,300.000,300.000,325.000,325.000,-1,-1,-1,-1,725.000,775.000,-1,-1,2,0,2,0,2,0,0,0,0,2,2,2,2,0,0,2,2
52,-5504.827,-7826.997,446.471,-92.436,-0.058588,0.987668,0.145186,-0.992512,-0.042016,-0.114692,-0.107177,-0.150818,0.982734,0,0.13205,0.39826,7.923,0.797,-1,375.000,-1,375.000,-1,300.000,300.000,325.000,325.000,-1,-1,-1,-1,725.000,775.000,-1,-1,2,0,2,0,2,0,0,0,0,2,2,2,2,0,0,2,2
53,-5505.139,-7839.714,445.113,-91.399,-0.040887,0.988493,0.145636,-0.993083,-0.024148,-0.114908,-0.110069,-0.149327,0.982643,0,0.21205,0.51826,12.723,1.037,-1,375.000,-1,375.000,-1,300.000,300.000,325.000,325.000,-1,-1,-1,-1,725.000,775.000,-1,-1,2,0,2,0,2,0,0,0,0,2,2,2,2,0,0,2,2
54,-5505.179,-7857.234,443.192,-90.123,-0.019079,0.989059,0.146279,-0.993338,-0.002121,-0.115215,-0.113644,-0.147503,0.982511,0,0.29205,0.63826,17.523,1.277,-1,375.000,-1,375.000,-1,300.000,300.000,325.000,325.000,-1,-1,-1,-1,725.000,775.000,-1,-1,2,0,2,0,2,0,0,0,0,2,2,2,2,0,0,2,2
55,-5504.640,-7879.547,440.517,-88.606,0.006934,0.989147,0.146762,-0.993043,0.024064,-0.115270,-0.117550,-0.144942,0.982433,0,0.37205,0.75826,22.323,1.517,-1,375.000,-1,375.000,-1,300.000,300.000,325.000,325.000,-1,-1,-1,-1,725.000,775.000,-1,-1,2,0,2,0,2,0,0,0,0,2,2,2,2,0,0,2,2
56,-5503.155,-7906.625,437.145,-86.850,0.037163,0.988443,0.146968,-0.991868,0.054400,-0.115062,-0.121727,-0.141496,0.982426,0,0.45205,0.87826,27.123,1.757,-1,375.000,-1,375.000,-1,300.000,300.000,325.000,325.000,-1,-1,-1,-1,725.000,775.000,-1,-1,2,0,2,0,2,0,0,0,0,2,2,2,2,0,0,2,2
57,-5500.297,-7938.415,433.053,-84.853,0.071510,0.986510,0.147258,-0.989409,0.088854,-0.114781,-0.126317,-0.137491,0.982416,0,0.53205,0.99826,31.923,1.997,-1,375.000,-1,375.000,-1,325.000,300.000,325.000,325.000,-1,-1,-1,-1,725.000,750.000,-1,-1,2,0,2,0,2,0,0,0,0,2,2,2,2,0,0,2,2
58,-5495.735,-7974.850,428.206,-82.853,0.105859,0.983358,0.147653,-0.985751,0.123297,-0.114424,-0.130725,-0.133436,0.982398,0,0.61205,1.00000,36.723,2.000,-1,375.000,-1,375.000,-1,325.000,300.000,325.000,325.000,-1,-1,-1,-1,725.000,750.000,-1,-1,2,0,2,0,2,0,0,0,0,2,2,2,2,0,0,2,2
59,-5489.312,-8015.869,422.595,-81.093,0.136003,0.979571,0.148131,-0.981551,0.153514,-0.113977,-0.134389,-0.129897,0.982378,0,0.69205,0.88000,41.523,1.760,-1,375.000,-1,375.000,-1,325.000,300.000,325.000,325.000,-1,-1,-1,-1,725.000,750.000,-1,-1,2,0,2,0,2,0,0,0,0,2,2,2,2,0,0,2,2
60,-5480.933,-8061.425,416.211,-79.573,0.161950,0.975532,0.148690,-0.977196,0.179513,-0.113418,-0.137335,-0.126931,0.982358,0,0.77205,0.76000,46.323,1.520,-1,375.000,-1,375.000,-1,325.000,300.000,325.000,325.000,-1,-1,-1,-1,725.000,750.000,-1,-1,2,0,2,0,2,0,0,0,0,2,2,2,2,0,0,2,2
61,-5470.564,-8111.483,409.051,-78.293,0.183721,0.971570,0.149325,-0.973017,0.201321,-0.112727,-0.139584,-0.124586,0.982341,0,0.85205,0.64000,51.123,1.280,-1,400.000,-1,375.000,-1,325.000,325.000,325.000,325.000,-1,-1,-1,-1,725.000,725.000,-1,-1,2,0,2,0,2,0,0,0,0,2,2,2,2,0,0,2,2
62,-5458.298,-8165.713,401.163,-77.253,0.201350,0.967962,0.150027,-0.969296,0.218968,-0.111883,-0.141150,-0.122893,0.982331,0,0.92670,0.52000,55.602,1.040,-1,400.000,-1,375.000,-1,325.000,325.000,325.000,325.000,-1,-1,-1,-1,725.000,725.000,-1,-1,2,0,2,0,2,0,0,0,0,2,2,2,2,0,0,2,2
63,-5445.183,-8220.154,393.144,-76.453,0.214871,0.964939,0.150743,-0.966251,0.232493,-0.110933,-0.142090,-0.121819,0.982329,0,0.93332,0.40000,55.999,0.800,-1,400.000,-1,375.000,-1,325.000,325.000,325.000,325.000,-1,-1,-1,-1,725.000,750.000,-1,-1,2,0,2,0,2,0,0,0,0,2,2,2,2,0,0,2,2
64,-5431.440,-8274.844,385.014,-75.893,0.224317,0.962674,0.151461,-0.964053,0.241926,-0.109883,-0.142424,-0.121368,0.982337,0,0.93986,0.28000,56.392,0.560,-1,400.000,-1,375.000,-1,325.000,325.000,325.000,325.000,-1,-1,-1,-1,725.000,750.000,-1,-1,2,0,2,0,2,0,0,0,0,2,2,2,2,0,0,2,2
65,-5417.293,-8329.833,376.781,-75.573,0.229715,0.961295,0.152129,-0.962812,0.247296,-0.108804,-0.142213,-0.121478,0.982354,0,0.94635,0.16000,56.781,0.320,-1,375.000,-1,400.000,-1,325.000,325.000,325.000,325.000,-1,-1,-1,-1,700.000,750.000,-1,1000.000,2,0,2,0,2,0,0,0,0,2,2,2,2,0,0,2,1
66,-5402.973,-8385.178,368.351,-75.493,0.231087,0.960919,0.152423,-0.962543,0.248630,-0.108136,-0.141807,-0.121725,0.982382,0,0.95280,0.04000,57.168,0.080,-1,375.000,-1,400.000,-1,325.000,325.000,325.000,325.000,-1,-1,-1,-1,700.000,750.000,-1,925.000,2,0,2,0,2,0,0,0,0,2,2,2,2,0,0,2,1
67,-5388.710,-8440.937,359.887,-75.653,0.228431,0.961505,0.152735,-0.963326,0.245919,-0.107363,-0.140790,-0.122609,0.982418,0,0.95925,-0.08000,57.555,-0.160,-1,375.000,1000.000,400.000,-1,325.000,325.000,300.000,325.000,-1,-1,-1,-1,700.000,750.000,-1,875.000,2,0,1,0,2,0,0,0,0,2,2,2,2,0,0,2,1
68,-5374.742,-8497.173,351.398,-76.053,0.221770,0.963023,0.152984,-0.965135,0.239157,-0.106385,-0.139039,-0.124057,0.982486,0,0.96573,-0.20000,57.944,-0.400,-1,375.000,950.000,400.000,975.000,325.000,325.000,300.000,325.000,-1,-1,-1,-1,700.000,725.000,-1,825.000,2,0,1,0,1,0,0,0,0,2,2,2,2,0,1,2,1
69,-5361.312,-8553.944,342.973,-76.693,0.211047,0.965361,0.153419,-0.967884,0.228320,-0.105217,-0.136601,-0.126286,0.982544,0,0.97229,-0.32000,58.337,-0.640,-1,375.000,875.000,400.000,925.000,300.000,325.000,300.000,325.000,-1,-1,-1,-1,700.000,675.000,-1,775.000,2,0,1,0,1,0,0,0,0,2,2,2,2,0,1,2,1
70,-5348.510,-8611.271,334.825,-77.414,0.198989,0.967954,0.153191,-0.970745,0.216121,-0.104620,-0.134375,-0.127891,0.982643,0,0.97897,-0.36018,58.738,-0.720,-1,375.000,825.000,400.000,850.000,300.000,325.000,300.000,325.000,-1,-1,-1,-1,700.000,625.000,950.000,725.000,2,0,1,0,1,0,0,0,0,2,2,2,2,0,1,1,1
71,-5336.354,-8669.152,326.973,-78.139,0.186959,0.970526,0.152070,-0.973465,0.203825,-0.104030,-0.131959,-0.128585,0.982880,0,0.98571,-0.36286,59.143,-0.726,-1,375.000,750.000,400.000,775.000,300.000,325.000,300.000,325.000,-1,825.000,-1,-1,675.000,600.000,875.000,650.000,2,0,1,0,1,0,0,0,0,2,0,2,2,1,1,1,1
72,-5324.859,-8727.582,319.200,-78.871,0.174810,0.972965,0.150934,-0.976047,0.191407,-0.103419,-0.129513,-0.129240,0.983119,0,0.99248,-0.36560,59.549,-0.731,-1,375.000,700.000,400.000,700.000,300.000,325.000,300.000,325.000,-1,825.000,850.000,-1,625.000,550.000,775.000,600.000,2,0,1,0,1,0,0,0,0,2,0,0,2,1,1,1,1
73,-5314.043,-8786.556,311.506,-79.607,0.162540,0.975267,0.149785,-0.978490,0.178864,-0.102788,-0.127037,-0.129856,0.983361,0,0.99927,-0.36842,59.956,-0.737,-1,375.000,650.000,400.000,650.000,300.000,325.000,300.000,350.000,-1,825.000,825.000,-1,550.000,500.000,700.000,550.000,2,0,1,0,1,0,0,0,0,2,0,0,2,1,1,1,1
74,-5303.985,-8845.708,303.935,-80.350,0.150146,0.977428,0.148630,-0.980788,0.166195,-0.102145,-0.124541,-0.130438,0.983603,0,1.00000,-0.37134,60.000,-0.743,-1,375.000,575.000,375.000,575.000,300.000,325.000,300.000,350.000,-1,825.000,800.000,-1,500.000,450.000,625.000,500.000,2,0,1,1,1,0,0,0,0,2,0,0,2,1,1,1,1
75,-5294.701,-8904.986,296.493,-81.099,0.137625,0.979444,0.147472,-0.982939,0.153397,-0.101493,-0.122029,-0.130988,0.983845,0,1.00000,-0.37436,60.000,-0.749,750.000,375.000,525.000,350.000,500.000,300.000,325.000,325.000,350.000,-1,850.000,800.000,-1,450.000,400.000,550.000,425.000,1,1,1,1,1,0,1,0,0,2,0,0,2,1,1,1,1
76,-5286.199,-8964.382,289.165,-81.854,0.124983,0.981318,0.146265,-0.984940,0.140470,-0.100808,-0.119471,-0.131463,0.984096,0,1.00000,-0.37749,60.000,-0.755,625.000,325.000,450.000,300.000,425.000,300.000,275.000,325.000,350.000,-1,850.000,800.000,-1,400.000,375.000,475.000,375.000,1,1,1,1,1,1,1,0,0,2,0,0,2,1,1,1,1
77,-5278.488,-9023.886,281.859,-82.615,0.112291,0.983089,0.144662,-0.986808,0.127414,-0.099881,-0.116624,-0.131538,0.984427,0,1.00000,-0.38076,60.000,-0.762,500.000,300.000,400.000,275.000,375.000,250.000,250.000,325.000,350.000,-1,850.000,800.000,-1,350.000,325.000,400.000,325.000,1,1,1,1,1,1,1,0,0,2,0,0,2,1,1,1,1
78,-5271.576,-9083.487,274.679,-83.384,0.099455,0.984702,0.143074,-0.988516,0.114217,-0.098949,-0.113776,-0.131590,0.984753,0,1.00000,-0.38421,60.000,-0.768,400.000,250.000,350.000,225.000,300.000,225.000,200.000,325.000,350.000,-1,875.000,775.000,-1,300.000,275.000,325.000,275.000,1,1,1,1,1,1,1,0,0,2,0,0,2,1,1,1,1
79,-5265.471,-9143.177,267.622,-84.159,0.086468,0.986154,0.141503,-0.990059,0.100875,-0.098015,-0.110932,-0.131621,0.985074,0,1.00000,-0.38786,60.000,-0.776,325.000,200.000,275.000,200.000,225.000,175.000,175.000,325.000,350.000,-1,875.000,775.000,-1,250.000,225.000,250.000,200.000,1,1,1,1,1,1,1,0,0,2,0,0,2,1,1,1,1
80,-5260.150,-9202.938,266.068,-84.943,0.073707,0.984684,0.158000,-0.992994,0.087136,-0.079812,-0.092357,-0.151010,0.984208,0,1.00000,-0.39177,60.000,-0.784,225.000,175.000,250.000,175.000,200.000,150.000,150.000,300.000,400.000,-1,400.000,400.000,-1,200.000,200.000,200.000,175.000,1,1,1,1,1,1,1,0,0,2,0,0,2,1,1,1,1
81,-5255.710,-9262.767,275.185,-85.735,0.067854,0.985991,0.152376,-0.996781,0.073532,-0.031934,-0.042691,-0.149719,0.987807,0,1.00000,-0.39599,60.000,-0.792,250.000,175.000,275.000,175.000,225.000,150.000,150.000,350.000,450.000,-1,150.000,150.000,-1,225.000,225.000,200.000,200.000,1,1,1,1,1,1,1,0,0,2,0,0,2,1,1,1,1
82,6887.273,-2295.775,6.270,130.486,-0.648345,-0.759538,0.052449,0.761085,-0.648389,0.018475,0.019975,0.051897,0.998453,1,0.00000,0.00000,60.000,-0.801,-1,375.000,-1,375.000,-1,300.000,300.000,300.000,300.000,1000.000,800.000,650.000,425.000,675.000,650.000,-1,-1,2,0,2,0,2,0,0,0,0,1,1,1,1,0,0,2,2
83,6884.141,-2292.137,6.380,130.726,-0.651509,-0.756820,0.052528,0.758368,-0.651569,0.018329,0.020353,0.051777,0.998451,0,0.08000,0.12000,4.800,0.240,-1,375.000,-1,375.000,-1,300.000,300.000,300.000,300.000,-1,800.000,650.000,425.000,675.000,650.000,-1,-1,2,0,2,0,2,0,0,0,0,2,1,1,1,0,0,2,2
84,6877.817,-2284.915,6.606,131.206,-0.657803,-0.751344,0.052692,0.752894,-0.657894,0.018046,0.021107,0.051542,0.998448,0,0.16000,0.24000,9.600,0.480,-1,375.000,-1,375.000,-1,300.000,300.000,300.000,300.000,-1,800.000,650.000,425.000,675.000,650.000,-1,-1,2,0,2,0,2,0,0,0,0,2,1,1,1,0,0,2,2
85,6868.196,-2274.201,6.954,131.926,-0.667158,-0.743031,0.052953,0.744584,-0.667296,0.017633,0.022233,0.051192,0.998441,0,0.24000,0.36000,14.400,0.720,-1,375.000,-1,375.000,-1,300.000,300.000,300.000,300.000,-1,800.000,675.000,450.000,675.000,650.000,-1,-1,2,0,2,0,2,0,0,0,0,2,1,1,1,0,0,2,2
86,6855.130,-2260.133,7.433,132.886,-0.679468,-0.731765,0.053329,0.733321,-0.679667,0.017095,0.023736,0.050723,0.998431,0,0.32000,0.48000,19.200,0.960,-1,375.000,-1,375.000,-1,300.000,300.000,300.000,300.000,-1,800.000,675.000,450.000,675.000,650.000,-1,-1,2,0,2,0,2,0,0,0,0,2,1,1,1,0,0,2,2
87,6838.436,-2242.891,8.055,134.073,-0.694427,-0.717546,0.053842,0.719108,-0.694704,0.016447,0.025603,0.050140,0.998414,0,0.40000,0.59361,24.000,1.187,-1,375.000,-1,375.000,-1,300.000,300.000,300.000,300.000,-1,800.000,675.000,475.000,675.000,650.000,-1,-1,2,0,2,0,2,0,0,0,0,2,1,1,1,0,0,2,2
88,6817.974,-2222.624,8.943,135.275,-0.709283,-0.702851,0.054018,0.704394,-0.709636,0.015662,0.027325,0.049159,0.998417,0,0.48000,0.60093,28.800,1.202,-1,375.000,-1,375.000,-1,300.000,300.000,300.000,300.000,-1,800.000,675.000,500.000,675.000,650.000,-1,-1,2,0,2,0,2,0,0,0,0,2,1,1,1,0,0,2,2
89,6793.604,-2199.493,10.047,136.495,-0.724047,-0.687622,0.054156,0.689137,-0.724480,0.014761,0.029085,0.048009,0.998423,0,0.56000,0.60999,33.600,1.220,-1,375.000,-1,375.000,-1,300.000,300.000,300.000,300.000,-1,800.000,700.000,525.000,675.000,650.000,-1,-1,2,0,2,0,2,0,0,0,0,2,1,1,1,0,0,2,2
90,6765.186,-2173.667,11.344,137.737,-0.738733,-0.671797,0.054431,0.673286,-0.739254,0.013772,0.030986,0.046822,0.998423,0,0.64000,0.62091,38.400,1.242,-1,375.000,-1,375.000,-1,325.000,300.000,300.000,300.000,-1,825.000,700.000,550.000,675.000,650.000,-1,-1,2,0,2,0,2,0,0,0,0,2,1,1,1,0,0,2,2
91,6739.929,-2151.508,12.504,138.739,-0.750324,-0.658798,0.054755,0.660266,-0.750920,0.012940,0.032592,0.045862,0.998416,0,0.56000,0.50091,33.600,1.002,1000.000,375.000,-1,375.000,-1,325.000,300.000,300.000,300.000,-1,850.000,725.000,575.000,675.000,650.000,-1,-1,1,0,2,0,2,0,0,0,0,2,1,1,1,0,0,2,2
92,6718.030,-2132.804,13.516,139.501,-0.758981,-0.648778,0.055095,0.650230,-0.759639,0.012256,0.033901,0.045126,0.998406,0,0.48000,0.38091,28.800,0.762,975.000,375.000,-1,375.000,-1,300.000,325.000,300.000,300.000,-1,850.000,750.000,625.000,650.000,625.000,-1,-1,1,0,2,0,2,0,0,0,0,2,1,1,1,0,0,2,2
93,6697.529,-2115.615,14.466,140.022,-0.764823,-0.641848,0.055472,0.643290,-0.765534,0.011657,0.034984,0.044599,0.998392,0,0.44589,0.26091,26.753,0.522,975.000,375.000,-1,375.000,-1,300.000,325.000,300.000,300.000,-1,875.000,750.000,650.000,650.000,625.000,-1,1000.000,1,0,2,0,2,0,0,0,0,2,1,1,1,0,0,2,1
94,6676.786,-2098.397,15.429,140.304,-0.767934,-0.638084,0.055908,0.639522,-0.768693,0.011092,0.035899,0.044272,0.998374,0,0.44930,0.14091,26.958,0.282,950.000,375.000,-1,375.000,-1,300.000,325.000,300.000,300.000,-1,900.000,775.000,675.000,650.000,625.000,-1,1000.000,1,0,2,0,2,0,0,0,0,2,1,1,1,0,0,2,1
95,6655.837,-2081.033,16.404,140.346,-0.768362,-0.637526,0.056397,0.638966,-0.769163,0.010555,0.036649,0.044146,0.998353,0,0.45349,0.02091,27.209,0.042,950.000,375.000,-1,375.000,-1,300.000,325.000,300.000,300.000,-1,925.000,800.000,700.000,650.000,625.000,-1,975.000,1,0,2,0,2,0,0,0,0,2,1,1,1,0,0,2,1
96,6634.724,-2063.410,17.476,140.148,-0.766086,-0.640170,0.057388,0.641641,-0.766938,0.010133,0.037526,0.044586,0.998301,0,0.45836,-0.09909,27.502,-0.198,925.000,375.000,-1,375.000,-1,300.000,300.000,300.000,300.000,925.000,950.000,850.000,725.000,650.000,625.000,-1,950.000,1,0,2,0,2,0,0,0,0,1,1,1,1,0,0,2,1
97,6613.495,-2045.414,18.568,139.710,-0.761096,-0.645997,0.058496,0.647509,-0.761996,0.009732,0.038287,0.045283,0.998240,0,0.46383,-0.21909,27.830,-0.438,925.000,375.000,-1,375.000,-1,300.000,300.000,300.000,300.000,850.000,825.000,875.000,725.000,650.000,625.000,-1,925.000,1,0,2,0,2,0,0,0,0,1,0,1,1,0,0,2,1
98,6592.210,-2026.932,19.794,139.032,-0.753308,-0.654957,0.059647,0.656494,-0.754281,0.008723,0.039278,0.045729,0.998181,0,0.46982,-0.33909,28.189,-0.678,950.000,375.000,-1,375.000,-1,300.000,300.000,300.000,300.000,800.000,700.000,750.000,750.000,650.000,625.000,-1,900.000,1,0,2,0,2,0,0,0,0,1,0,0,1,0,0,2,1
99,6569.679,-2006.726,21.209,138.113,-0.742608,-0.666953,0.060880,0.668497,-0.743681,0.007083,0.040551,0.045958,0.998120,0,0.50439,-0.45909,30.264,-0.918,975.000,375.000,-1,375.000,-1,300.000,300.000,300.000,300.000,775.000,625.000,650.000,775.000,650.000,625.000,-1,900.000,1,0,2,0,2,0,0,0,0,1,0,0,1,0,0,2,1
100,6547.434,-1985.950,22.621,136.955,-0.728863,-0.681836,0.062113,0.683389,-0.730035,0.005358,0.041691,0.046353,0.998055,0,0.50729,-0.57909,30.438,-1.158,-1,375.000,-1,375.000,-1,300.000,300.000,300.000,300.000,775.000,550.000,600.000,800.000,650.000,625.000,-1,875.000,2,0,2,0,2,0,0,0,0,1,0,0,1,0,0,2,1
101,6525.571,-1964.510,24.022,135.557,-0.711892,-0.699429,0.063319,0.700990,-0.713162,0.003530,0.042688,0.046899,0.997987,0,0.51035,-0.69909,30.621,-1.398,-1,375.000,-1,375.000,-1,300.000,300.000,300.000,300.000,775.000,525.000,550.000,825.000,650.000,625.000,-1,875.000,2,0,2,0,2,0,0,0,0,1,0,0,1,0,0,2,1
102,6501.001,-1938.995,25.609,133.919,-0.691468,-0.719509,0.064641,0.721076,-0.692855,0.001311,0.043843,0.047518,0.997908,0,0.59035,-0.81909,35.421,-1.638,-1,375.000,-1,375.000,-1,300.000,300.000,300.000,300.000,775.000,475.000,500.000,825.000,650.000,625.000,-1,850.000,2,0,2,0,2,0,0,0,0,1,0,0,1,0,0,2,1
103,6477.007,-1912.385,27.246,132.041,-0.667396,-0.741814,0.065525,0.743364,-0.668887,-0.001088,0.044636,0.047983,0.997850,0,0.59716,-0.93909,35.829,-1.878,-1,375.000,-1,375.000,-1,300.000,300.000,300.000,300.000,800.000,450.000,475.000,850.000,650.000,625.000,-1,850.000,2,0,2,0,2,0,0,0,0,1,0,0,1,0,0,2,1
104,6453.855,-1884.833,28.905,130.041,-0.641004,-0.764697,0.065968,0.766208,-0.642582,-0.003607,0.045148,0.048233,0.997815,0,0.59980,-1.00000,35.988,-2.000,-1,375.000,-1,375.000,-1,300.000,300.000,300.000,300.000,800.000,425.000,450.000,875.000,650.000,625.000,-1,850.000,2,0,2,0,2,0,0,0,0,1,0,0,1,0,0,2,1
105,6431.605,-1856.397,30.616,128.041,-0.613841,-0.786634,0.066382,0.788128,-0.615485,-0.005677,0.045323,0.048833,0.997778,0,0.60175,-1.00000,36.105,-2.000,-1,375.000,1000.000,375.000,-1,300.000,300.000,300.000,300.000,825.000,425.000,450.000,900.000,650.000,625.000,-1,850.000,2,0,1,0,2,0,0,0,0,1,0,0,1,0,1,2,1
106,6410.313,-1827.139,32.316,126.044,-0.585977,-0.807575,0.066729,0.809058,-0.587680,-0.007595,0.045349,0.049538,0.997742,0,0.60309,-0.99846,36.185,-1.997,-1,375.000,950.000,375.000,-1,300.000,300.000,300.000,300.000,850.000,400.000,450.000,925.000,650.000,625.000,-1,875.000,2,0,1,0,2,0,0,0,0,1,0,0,1,0,1,2,1
107,6390.016,-1797.127,33.962,124.071,-0.557748,-0.827304,0.066966,0.828770,-0.559509,-0.009540,0.045361,0.050178,0.997710,0,0.60383,-0.98656,36.230,-1.973,-1,375.000,900.000,375.000,-1,300.000,300.000,300.000,300.000,900.000,400.000,450.000,950.000,650.000,600.000,-1,900.000,2,0,1,0,2,0,0,0,0,1,0,0,1,0,1,2,1
108,6370.747,-1766.430,35.592,122.115,-0.529106,-0.845883,0.067303,0.847336,-0.530932,-0.011529,0.045486,0.050928,0.997666,0,0.60405,-0.97776,36.243,-1.956,-1,375.000,875.000,375.000,-1,300.000,300.000,300.000,300.000,925.000,400.000,450.000,975.000,650.000,600.000,-1,925.000,2,0,1,0,2,0,0,0,0,1,0,0,1,0,1,2,1
109,6352.535,-1735.112,37.480,120.176,-0.499979,-0.863271,0.069163,0.864782,-0.501958,-0.013784,0.046617,0.052919,0.997510,0,0.60379,-0.96940,36.227,-1.939,-1,375.000,825.000,375.000,-1,300.000,300.000,300.000,300.000,975.000,375.000,425.000,1000.000,650.000,600.000,-1,975.000,2,0,1,0,2,0,0,0,0,1,0,0,1,0,1,2,1
110,6335.404,-1703.237,39.295,118.253,-0.470524,-0.879540,0.070828,0.881098,-0.472658,-0.016152,0.047683,0.054806,0.997358,0,0.60311,-0.96152,36.187,-1.923,-1,375.000,800.000,375.000,-1,300.000,300.000,300.000,300.000,-1,375.000,400.000,-1,650.000,600.000,925.000,-1,2,0,1,0,2,0,0,0,0,2,0,0,2,0,1,1,2
111,6319.370,-1670.863,41.089,116.345,-0.440778,-0.894690,0.072414,0.896304,-0.443059,-0.018356,0.048506,0.056814,0.997206,0,0.60209,-0.95410,36.126,-1.908,-1,375.000,775.000,375.000,-1,300.000,300.000,300.000,300.000,-1,375.000,375.000,-1,650.000,625.000,850.000,-1,2,0,1,0,2,0,0,0,0,2,0,0,2,1,1,1,2
112,6306.290,-1642.398,42.664,114.677,-0.414382,-0.907105,0.073814,0.908788,-0.416778,-0.019999,0.048905,0.058794,0.997072,0,0.52209,-0.83410,31.326,-1.668,-1,375.000,775.000,375.000,-1,300.000,300.000,300.000,300.000,-1,375.000,375.000,-1,600.000,625.000,800.000,-1,2,0,1,1,2,0,0,0,0,2,0,0,2,1,1,1,2
113,6293.471,-1612.562,44.236,113.249,-0.391472,-0.917114,0.075183,0.918854,-0.393997,-0.021745,0.049564,0.060570,0.996933,0,0.54121,-0.71410,32.473,-1.428,950.000,375.000,750.000,375.000,-1,300.000,300.000,300.000,300.000,-1,375.000,350.000,-1,575.000,650.000,725.000,-1,1,0,1,1,2,0,0,0,0,2,0,0,2,1,1,1,2
114,6281.134,-1582.077,45.780,112.029,-0.371683,-0.925202,0.076502,0.926989,-0.374348,-0.023541,0.050419,0.062167,0.996791,0,0.54810,-0.60990,32.886,-1.220,875.000,375.000,725.000,375.000,-1,300.000,300.000,300.000,300.000,-1,350.000,325.000,-1,550.000,650.000,675.000,-1,1,0,1,1,2,0,0,0,0,2,0,0,2,1,1,1,2
115,6269.296,-1550.961,47.304,110.826,-0.352008,-0.932762,0.077757,0.934592,-0.354814,-0.025384,0.051267,0.063735,0.996649,0,0.55484,-0.60123,33.291,-1.202,800.000,375.000,700.000,375.000,-1,300.000,300.000,300.000,300.000,-1,350.000,325.000,-1,500.000,675.000,625.000,-1,1,0,1,1,2,0,1,0,0,2,0,0,2,1,1,1,2
116,6257.971,-1519.232,48.808,109.642,-0.332469,-0.939804,0.078947,0.941673,-0.335421,-0.027270,0.052109,0.065275,0.996506,0,0.56148,-0.59230,33.689,-1.185,725.000,375.000,700.000,375.000,-1,300.000,300.000,300.000,300.000,-1,350.000,325.000,-1,475.000,675.000,575.000,-1,1,1,1,1,2,1,1,0,0,2,0,0,2,1,1,1,2
117,6247.169,-1486.908,50.289,108.476,-0.313093,-0.946341,0.080072,0.948246,-0.316193,-0.029196,0.052948,0.066787,0.996361,0,0.56800,-0.58309,34.080,-1.166,650.000,350.000,675.000,375.000,-1,300.000,300.000,300.000,300.000,-1,325.000,300.000,-1,450.000,700.000,525.000,-1,1,1,1,1,2,1,1,0,0,2,0,0,2,1,0,1,2
118,6236.902,-1454.008,51.746,107.328,-0.293902,-0.952386,0.081133,0.954321,-0.297153,-0.031159,0.053784,0.068269,0.996216,0,0.57439,-0.57359,34.463,-1.147,575.000,325.000,675.000,375.000,-1,275.000,300.000,300.000,300.000,-1,325.000,300.000,-1,425.000,700.000,475.000,-1,1,1,1,1,2,1,1,0,0,2,0,0,2,1,0,1,2
119,6227.181,-1420.554,53.179,106.201,-0.274920,-0.957953,0.082129,0.959914,-0.278326,-0.033156,0.054621,0.069721,0.996070,0,0.58063,-0.56379,34.838,-1.128,525.000,300.000,650.000,375.000,-1,275.000,300.000,300.000,300.000,-1,325.000,300.000,-1,400.000,700.000,425.000,-1,1,1,1,0,2,1,1,0,0,2,0,0,2,1,0,1,2
120,6218.013,-1386.565,54.680,105.093,-0.256214,-0.963079,0.082660,0.965043,-0.259741,-0.035011,0.055189,0.070800,0.995963,0,0.58670,-0.55368,35.202,-1.107,450.000,300.000,650.000,375.000,-1,250.000,275.000,300.000,300.000,-1,325.000,300.000,-1,375.000,700.000,400.000,-1,1,1,1,0,2,1,1,0,0,2,0,0,2,1,0,1,2
121,6209.407,-1352.066,56.406,104.007,-0.237868,-0.967823,0.082084,0.969732,-0.241431,-0.036482,0.055126,0.070922,0.995957,0,0.59259,-0.54323,35.555,-1.086,400.000,275.000,625.000,375.000,-1,250.000,275.000,300.000,300.000,-1,350.000,300.000,-1,350.000,725.000,350.000,-1,1,1,1,0,2,1,1,0,0,2,0,0,2,1,0,1,2
122,6201.371,-1317.095,58.176,102.941,-0.219787,-0.972159,0.081243,0.973983,-0.223387,-0.038146,0.055233,0.070745,0.995964,0,0.59803,-0.53300,35.882,-1.066,350.000,250.000,625.000,375.000,-1,225.000,275.000,300.000,300.000,-1,350.000,325.000,-1,325.000,725.000,300.000,-1,1,1,1,0,2,1,1,0,0,2,0,0,2,1,0,1,2
123,6193.944,-1281.805,59.917,101.886,-0.201815,-0.976125,0.080318,0.977861,-0.205445,-0.039756,0.055308,0.070517,0.995976,0,0.60104,-0.52773,36.063,-1.055,275.000,250.000,625.000,375.000,-1,225.000,275.000,300.000,300.000,-1,375.000,350.000,-1,300.000,750.000,250.000,-1,1,1,1,0,2,1,1,0,0,2,0,0,2,1,0,1,2
124,6187.127,-1246.224,62.398,100.841,-0.183726,-0.979505,0.082549,0.981365,-0.187585,-0.041639,0.056271,0.073361,0.995717,0,0.60380,-0.52207,36.228,-1.044,250.000,225.000,625.000,400.000,-1,225.000,275.000,300.000,300.000,-1,375.000,350.000,-1,300.000,750.000,225.000,-1,1,1,1,0,2,1,1,0,0,2,0,0,2,1,0,1,2
125,6180.909,-1210.381,68.026,99.809,-0.164094,-0.981460,0.099047,0.984177,-0.169694,-0.050985,0.066847,0.089113,0.993776,0,0.60625,-0.51600,36.375,-1.032,225.000,225.000,-1,425.000,-1,225.000,275.000,325.000,300.000,-1,350.000,300.000,-1,300.000,825.000,200.000,-1,1,1,2,0,2,1,1,0,0,2,0,0,2,1,0,1,2
126,6175.306,-1174.309,73.631,98.790,-0.144294,-0.982808,0.115188,0.986504,-0.151978,-0.060929,0.077387,0.104842,0.991473,0,0.60837,-0.50951,36.502,-1.019,225.000,225.000,-1,450.000,-1,225.000,300.000,375.000,275.000,-1,325.000,275.000,875.000,300.000,925.000,200.000,-1,1,1,2,0,2,1,1,0,0,2,0,0,0,1,0,1,2
127,6170.318,-1138.040,79.191,97.785,-0.124372,-0.983567,0.130870,0.988342,-0.134474,-0.071387,0.087813,0.120466,0.988826,0,0.61010,-0.50256,36.606,-1.005,200.000,250.000,-1,475.000,-1,250.000,325.000,425.000,275.000,-1,300.000,250.000,750.000,300.000,1000.000,200.000,-1,1,1,2,0,2,1,1,0,0,2,0,0,0,1,0,1,2
128,6165.946,-1101.613,84.682,96.795,-0.104380,-0.983763,0.145998,0.989693,-0.117219,-0.082270,0.098048,0.135906,0.985858,0,0.61140,-0.49515,36.684,-0.990,200.000,250.000,-1,500.000,-1,250.000,350.000,475.000,275.000,-1,300.000,200.000,625.000,325.000,-1,200.000,-1,1,1,2,0,2,1,1,0,0,2,0,0,0,1,2,1,2
129,6162.186,-1065.067,90.082,95.820,-0.084380,-0.983425,0.160485,0.990561,-0.100248,-0.093482,0.108021,0.151083,0.982601,0,0.61222,-0.48724,36.733,-0.974,175.000,250.000,-1,525.000,-1,250.000,375.000,525.000,250.000,-1,300.000,150.000,550.000,325.000,-1,175.000,-1,1,1,2,0,2,1,1,0,0,2,0,0,0,1,2,1,2
130,6159.032,-1028.447,95.368,94.863,-0.064439,-0.982590,0.174254,0.990960,-0.083596,-0.104927,0.117667,0.165918,0.979094,0,0.61250,-0.47882,36.750,-0.958,175.000,275.000,-1,550.000,-1,275.000,400.000,600.000,250.000,-1,275.000,125.000,450.000,350.000,-1,175.000,-1,1,1,2,0,2,1,1,0,0,2,0,0,0,1,2,1,2
131,6156.479,-991.799,100.518,93.923,-0.044629,-0.981301,0.187237,0.990908,-0.067296,-0.116504,0.126926,0.180335,0.975382,0,0.61218,-0.46987,36.731,-0.940,175.000,275.000,-1,600.000,-1,275.000,425.000,650.000,250.000,-1,250.000,100.000,400.000,350.000,-1,175.000,-1,1,1,2,0,2,1,1,0,0,2,0,0,0,1,2,1,2
132,6154.516,-955.172,105.514,93.002,-0.025028,-0.979604,0.199374,0.990428,-0.051379,-0.128113,0.135743,0.194259,0.971513,0,0.61119,-0.46038,36.671,-0.921,150.000,275.000,-1,625.000,-1,300.000,475.000,625.000,250.000,-1,225.000,75.000,325.000,400.000,-1,175.000,-1,1,1,2,0,2,1,1,1,0,2,0,0,0,1,2,1,2
133,6153.131,-918.622,110.334,92.102,-0.005714,-0.977552,0.210618,0.989550,-0.035873,-0.139654,0.144074,0.207619,0.967542,0,0.60948,-0.45034,36.569,-0.901,150.000,300.000,-1,650.000,-1,325.000,525.000,525.000,225.000,-1,225.000,75.000,300.000,500.000,-1,175.000,-1,1,1,2,0,2,1,1,1,0,2,0,0,0,1,2,1,2
