timestep,x_cm,y_cm,z_cm,yaw_deg,basis_xx,basis_xy,basis_xz,basis_yx,basis_yy,basis_yz,basis_zx,basis_zy,basis_zz,teleport_flag,throttle_cmd,steering_cmd,cmd_move_cm,cmd_turn_deg,lidar_cm_0,lidar_cm_1,lidar_cm_2,lidar_cm_3,lidar_cm_4,lidar_cm_5,lidar_cm_6,lidar_cm_7,lidar_cm_8,lidar_cm_9,lidar_cm_10,lidar_cm_11,lidar_cm_12,lidar_cm_13,lidar_cm_14,lidar_cm_15,lidar_cm_16,lidar_class_0,lidar_class_1,lidar_class_2,lidar_class_3,lidar_class_4,lidar_class_5,lidar_class_6,lidar_class_7,lidar_class_8,lidar_class_9,lidar_class_10,lidar_class_11,lidar_class_12,lidar_class_13,lidar_class_14,lidar_class_15,lidar_class_16
0,2953.387,-3603.135,225.068,68.309,0.368901,-0.922532,0.113341,0.929448,0.366948,-0.038411,-0.006155,0.119515,0.992813,1,0.08000,-0.12000,4.800,-0.240,-1,375.000,-1,350.000,-1,300.000,300.000,400.000,275.000,550.000,50.000,175.000,-1,750.000,675.000,-1,-1,2,0,2,0,2,0,0,0,0,1,1,1,2,0,0,2,2
1,2957.013,-3594.245,224.638,67.829,0.376828,-0.919668,0.110504,0.926270,0.374762,-0.039708,-0.004894,0.117320,0.993082,0,0.16000,-0.24000,9.600,-0.480,-1,375.000,-1,375.000,-1,300.000,300.000,400.000,275.000,575.000,50.000,175.000,-1,750.000,700.000,-1,-1,2,0,2,0,2,0,0,0,0,1,1,1,2,0,0,2,2
2,2962.619,-3580.979,223.987,67.109,0.388651,-0.915237,0.106262,0.921380,0.386437,-0.041541,-0.003043,0.114053,0.993470,0,0.24000,-0.36000,14.400,-0.720,-1,400.000,-1,375.000,-1,325.000,300.000,375.000,275.000,600.000,50.000,150.000,-1,750.000,725.000,-1,-1,2,0,2,0,2,0,0,0,0,1,1,1,2,0,0,2,2
3,2970.388,-3563.420,223.109,66.149,0.404289,-0.909076,0.100651,0.914631,0.401913,-0.043772,-0.000661,0.109755,0.993958,0,0.32000,-0.48000,19.200,-0.960,-1,400.000,-1,375.000,-1,325.000,300.000,375.000,275.000,650.000,50.000,150.000,-1,775.000,750.000,-1,-1,2,0,2,0,2,0,0,0,0,1,1,1,2,0,0,2,2
4,2980.522,-3541.663,222.032,65.038,0.422232,-0.901616,0.093861,0.906485,0.419709,-0.046139,0.002205,0.104565,0.994516,0,0.40000,-0.55580,24.000,-1.112,-1,400.000,-1,375.000,-1,325.000,325.000,350.000,275.000,700.000,50.000,150.000,-1,775.000,775.000,-1,-1,2,0,2,0,2,0,0,0,0,1,1,1,2,0,0,2,2
5,2993.189,-3515.797,220.814,63.922,0.440076,-0.893807,0.086262,0.897944,0.437446,-0.048355,0.005485,0.098738,0.995098,0,0.48000,-0.55782,28.800,-1.116,-1,400.000,-1,400.000,-1,325.000,325.000,325.000,275.000,750.000,50.000,125.000,-1,800.000,825.000,-1,-1,2,0,2,0,2,0,0,0,0,1,1,1,2,0,0,2,2
6,3008.554,-3485.914,219.488,62.801,0.457800,-0.885614,0.078144,0.889010,0.455115,-0.050314,0.008994,0.092505,0.995672,0,0.56000,-0.56027,33.600,-1.121,-1,400.000,-1,400.000,-1,325.000,325.000,325.000,275.000,825.000,50.000,125.000,-1,825.000,875.000,-1,-1,2,0,2,0,2,0,0,0,0,1,1,1,2,0,0,2,2
7,3026.779,-3452.113,218.176,61.675,0.475369,-0.876974,0.070286,0.879701,0.472692,-0.051843,0.012242,0.086475,0.996179,0,0.64000,-0.56314,38.400,-1.126,-1,400.000,-1,425.000,-1,325.000,325.000,300.000,300.000,900.000,50.000,125.000,-1,850.000,925.000,-1,-1,2,0,2,0,2,0,0,0,0,1,1,1,2,0,0,2,2
8,3048.024,-3414.497,218.530,60.542,0.492472,-0.867388,0.071471,0.870278,0.489900,-0.051125,0.009331,0.087378,0.996132,0,0.72000,-0.56646,43.200,-1.133,-1,400.000,-1,425.000,-1,325.000,350.000,300.000,300.000,-1,100.000,150.000,-1,850.000,925.000,-1,-1,2,0,2,0,2,0,0,0,0,2,1,1,2,0,0,2,2
9,3072.457,-3373.180,218.748,59.402,0.509467,-0.857407,0.072778,0.860469,0.507032,-0.050117,0.006070,0.088156,0.996088,0,0.80000,-0.57021,48.000,-1.140,-1,400.000,-1,425.000,-1,325.000,350.000,300.000,300.000,-1,150.000,200.000,-1,850.000,925.000,-1,-1,2,0,2,0,2,0,0,0,0,2,1,1,2,0,0,2,2
10,3099.287,-3329.820,218.712,58.253,0.526338,-0.847045,0.074050,0.850273,0.524105,-0.048481,0.002255,0.088480,0.996075,0,0.84982,-0.57440,50.989,-1.149,-1,400.000,-1,425.000,-1,325.000,350.000,300.000,300.000,-1,225.000,250.000,-1,850.000,925.000,-1,-1,2,0,2,0,2,0,0,0,0,2,1,1,2,0,0,2,2
11,3127.094,-3286.846,218.504,57.095,0.543117,-0.836264,0.075413,0.839656,0.541101,-0.046780,-0.001685,0.088729,0.996054,0,0.85307,-0.57888,51.184,-1.158,-1,400.000,-1,425.000,-1,325.000,350.000,300.000,300.000,-1,275.000,300.000,-1,875.000,925.000,-1,-1,2,0,2,0,2,0,0,0,0,2,1,1,2,0,0,2,2
12,3155.883,-3244.280,218.133,55.929,0.559795,-0.825056,0.076891,0.828612,0.558006,-0.045080,-0.005712,0.088949,0.996020,0,0.85645,-0.58339,51.387,-1.167,-1,400.000,-1,425.000,-1,325.000,350.000,300.000,300.000,-1,350.000,350.000,-1,875.000,925.000,-1,-1,2,0,2,0,2,0,0,0,0,2,1,1,2,0,0,2,2
13,3185.661,-3202.143,217.593,54.753,0.576361,-0.813417,0.078486,0.817136,0.574810,-0.043390,-0.009820,0.089142,0.995970,0,0.85993,-0.58793,51.596,-1.176,-1,400.000,-1,425.000,-1,325.000,325.000,300.000,300.000,-1,400.000,425.000,-1,850.000,900.000,-1,-1,2,0,2,0,2,0,0,0,0,2,1,1,2,0,0,2,2
14,3216.430,-3160.459,216.874,53.568,0.592805,-0.801342,0.080207,0.805224,0.591498,-0.041756,-0.013981,0.089338,0.995903,0,0.86349,-0.59250,51.809,-1.185,-1,400.000,-1,425.000,-1,325.000,325.000,300.000,300.000,-1,475.000,475.000,-1,850.000,900.000,-1,-1,2,0,2,0,2,0,0,0,0,2,1,1,2,0,0,2,2
15,3248.194,-3119.252,215.981,52.373,0.609114,-0.788829,0.082034,0.792874,0.608062,-0.040150,-0.018210,0.089498,0.995820,0,0.86712,-0.59709,52.027,-1.194,-1,400.000,-1,425.000,-1,325.000,325.000,300.000,300.000,-1,550.000,550.000,-1,850.000,900.000,-1,-1,2,0,2,0,2,0,0,0,0,2,1,1,2,0,0,2,2
16,3280.956,-3078.550,214.910,51.170,0.625273,-0.775875,0.083976,0.780082,0.624487,-0.038581,-0.022508,0.089632,0.995721,0,0.87081,-0.60171,52.249,-1.203,-1,400.000,-1,425.000,-1,325.000,325.000,300.000,300.000,-1,625.000,600.000,-1,850.000,875.000,-1,-1,2,0,2,0,2,0,0,0,0,2,1,1,2,0,0,2,2
17,3314.717,-3038.378,213.656,49.957,0.641270,-0.762477,0.086035,0.766845,0.640762,-0.037057,-0.026872,0.089739,0.995603,0,0.87455,-0.60636,52.473,-1.213,-1,400.000,-1,425.000,-1,325.000,325.000,300.000,300.000,-1,700.000,675.000,-1,850.000,875.000,-1,-1,2,0,2,0,2,0,0,0,0,2,1,1,2,0,0,2,2
18,3349.625,-2998.895,212.204,48.520,0.659895,-0.746164,0.088194,0.750692,0.659693,-0.035592,-0.031624,0.089694,0.995467,0,0.87834,-0.71884,52.700,-1.438,-1,400.000,-1,400.000,-1,325.000,325.000,300.000,300.000,-1,775.000,750.000,-1,850.000,850.000,-1,-1,2,0,2,0,2,0,0,0,0,2,1,1,2,0,0,2,2
19,3385.663,-2960.127,210.496,47.091,0.678007,-0.729513,0.090092,0.734165,0.678111,-0.034169,-0.036166,0.089309,0.995347,0,0.88216,-0.71416,52.930,-1.428,-1,400.000,-1,400.000,-1,325.000,325.000,300.000,300.000,-1,850.000,825.000,-1,850.000,825.000,-1,-1,2,0,2,0,2,0,0,0,0,2,1,1,2,0,0,2,2
20,3422.812,-2922.099,208.518,45.672,0.695611,-0.712548,0.091658,0.717279,0.696015,-0.032763,-0.040450,0.088534,0.995251,0,0.88601,-0.70946,53.161,-1.419,-1,400.000,-1,400.000,-1,325.000,325.000,300.000,300.000,-1,950.000,900.000,-1,825.000,825.000,-1,-1,2,0,2,0,2,0,0,0,0,2,1,1,2,0,0,2,2
21,3461.051,-2884.834,206.225,44.263,0.712726,-0.695294,0.092672,0.700040,0.713416,-0.031327,-0.044332,0.087202,0.995204,0,0.88988,-0.70475,53.393,-1.409,-1,400.000,-1,400.000,-1,325.000,325.000,300.000,300.000,-1,-1,950.000,-1,825.000,800.000,-1,-1,2,0,2,0,2,0,0,0,0,2,2,1,2,0,0,2,2
22,3500.361,-2848.356,203.699,42.863,0.729320,-0.677748,0.093543,0.682482,0.730291,-0.029884,-0.048060,0.085636,0.995167,0,0.89376,-0.70002,53.625,-1.400,-1,400.000,-1,400.000,-1,325.000,325.000,300.000,300.000,-1,-1,-1,-1,825.000,800.000,-1,-1,2,0,2,0,2,0,0,0,0,2,2,2,2,0,0,2,2
23,3540.718,-2812.689,200.968,41.472,0.745380,-0.659920,0.094415,0.664631,0.746630,-0.028450,-0.051718,0.083957,0.995126,0,0.89764,-0.69529,53.858,-1.391,-1,400.000,-1,400.000,-1,325.000,325.000,300.000,300.000,-1,-1,-1,-1,825.000,775.000,-1,-1,2,0,2,0,2,0,0,0,0,2,2,2,2,0,0,2,2
24,3581.279,-2778.267,198.102,40.322,0.758323,-0.644878,0.095277,0.649559,0.759830,-0.027059,-0.054945,0.082407,0.995083,0,0.88661,-0.57529,53.196,-1.151,-1,400.000,-1,400.000,-1,325.000,325.000,300.000,300.000,-1,-1,-1,-1,825.000,775.000,-1,-1,2,0,2,0,2,0,0,0,0,2,2,2,2,0,0,2,2
25,3622.557,-2744.350,195.072,39.411,0.768329,-0.632794,0.096140,0.637442,0.770070,-0.025687,-0.057780,0.081020,0.995036,0,0.89041,-0.45529,53.424,-0.911,-1,400.000,-1,400.000,-1,325.000,325.000,300.000,300.000,-1,-1,-1,-1,800.000,750.000,-1,-1,2,0,2,0,2,0,0,0,0,2,2,2,2,0,0,2,2
26,3664.406,-2710.776,191.894,38.741,0.775543,-0.623797,0.097006,0.628415,0.777497,-0.024345,-0.060235,0.079840,0.994986,0,0.89419,-0.33529,53.651,-0.671,-1,400.000,-1,400.000,-1,325.000,325.000,300.000,300.000,-1,-1,-1,-1,800.000,750.000,-1,-1,2,0,2,0,2,0,0,0,0,2,2,2,2,0,0,2,2
27,3706.683,-2677.377,188.600,38.310,0.780078,-0.617980,0.097871,0.622576,0.782218,-0.023118,-0.062270,0.078966,0.994931,0,0.89797,-0.21529,53.878,-0.431,-1,400.000,-1,400.000,-1,325.000,325.000,300.000,300.000,-1,-1,-1,-1,775.000,750.000,-1,-1,2,0,2,0,2,0,0,0,0,2,2,2,2,0,0,2,2
28,3749.249,-2643.978,185.214,38.119,0.782006,-0.615401,0.098738,0.619988,0.784302,-0.022021,-0.063888,0.078437,0.994870,0,0.90174,-0.09529,54.105,-0.191,-1,400.000,-1,400.000,-1,325.000,325.000,300.000,300.000,-1,-1,-1,-1,775.000,725.000,-1,-1,2,0,2,0,2,0,0,0,0,2,2,2,2,0,0,2,2
29,3791.965,-2610.402,181.748,38.169,0.781357,-0.616084,0.099609,0.620681,0.783780,-0.021074,-0.065088,0.078291,0.994803,0,0.90553,0.02471,54.332,0.049,-1,400.000,-1,400.000,-1,325.000,325.000,300.000,300.000,-1,-1,-1,-1,750.000,725.000,-1,-1,2,0,2,0,2,0,0,0,0,2,2,2,2,0,0,2,2
30,3834.590,-2576.548,178.224,38.458,0.778122,-0.620022,0.100490,0.624649,0.780642,-0.020281,-0.065872,0.078552,0.994731,0,0.90723,0.14471,54.434,0.289,-1,400.000,-1,375.000,-1,325.000,325.000,300.000,300.000,-1,-1,-1,-1,750.000,700.000,-1,-1,2,0,2,0,2,0,0,0,0,2,2,2,2,0,0,2,2
31,3876.927,-2542.335,174.806,38.941,0.772820,-0.626576,0.100754,0.631193,0.775381,-0.019487,-0.065912,0.078655,0.994721,0,0.90723,0.24151,54.434,0.483,-1,400.000,-1,375.000,-1,325.000,325.000,300.000,300.000,-1,-1,-1,-1,750.000,700.000,-1,-1,2,0,2,0,2,0,0,0,0,2,2,2,2,0,0,2,2
32,3918.975,-2507.767,171.525,39.424,0.767536,-0.633110,0.100301,0.637657,0.770095,-0.018649,-0.065435,0.078271,0.994782,0,0.90723,0.24151,54.434,0.483,-1,400.000,-1,375.000,-1,325.000,325.000,300.000,300.000,-1,-1,-1,-1,725.000,700.000,-1,-1,2,0,2,0,2,0,0,0,0,2,2,2,2,0,0,2,2
33,3960.730,-2472.845,168.233,39.907,0.762204,-0.639595,0.099812,0.644078,0.764749,-0.017925,-0.064867,0.077949,0.994845,0,0.90723,0.24151,54.434,0.483,-1,400.000,-1,375.000,-1,325.000,325.000,300.000,300.000,-1,-1,-1,-1,725.000,700.000,-1,-1,2,0,2,0,2,0,0,0,0,2,2,2,2,0,0,2,2
34,4002.189,-2437.573,164.928,40.390,0.756825,-0.646033,0.099290,0.650457,0.759346,-0.017317,-0.064208,0.077690,0.994908,0,0.90723,0.24151,54.434,0.483,-1,400.000,-1,375.000,-1,325.000,325.000,300.000,300.000,-1,-1,-1,-1,725.000,700.000,-1,-1,2,0,2,0,2,0,0,0,0,2,2,2,2,0,0,2,2
35,4043.349,-2401.953,161.613,40.873,0.751397,-0.652421,0.098738,0.656792,0.753884,-0.016827,-0.063458,0.077494,0.994971,0,0.90723,0.24151,54.434,0.483,-1,375.000,-1,375.000,-1,325.000,300.000,300.000,300.000,-1,-1,-1,-1,700.000,675.000,-1,-1,2,0,2,0,2,0,0,0,0,2,2,2,2,0,0,2,2
36,4084.208,-2365.986,158.286,41.356,0.745922,-0.658760,0.098159,0.663083,0.748365,-0.016456,-0.062618,0.077363,0.995035,0,0.90723,0.24151,54.434,0.483,-1,375.000,-1,375.000,-1,325.000,300.000,300.000,300.000,-1,-1,-1,-1,700.000,675.000,-1,-1,2,0,2,0,2,0,0,0,0,2,2,2,2,0,0,2,2
37,4124.761,-2329.677,154.948,41.839,0.740401,-0.665049,0.097546,0.669329,0.742789,-0.016204,-0.061679,0.077288,0.995099,0,0.90723,0.24151,54.434,0.483,-1,375.000,-1,375.000,975.000,300.000,300.000,300.000,300.000,-1,-1,-1,-1,700.000,650.000,-1,-1,2,0,2,0,0,0,0,0,0,2,2,2,2,0,0,2,2
38,4165.008,-2293.027,151.800,42.322,0.734921,-0.671327,0.095975,0.675487,0.737200,-0.015924,-0.060062,0.076533,0.995256,0,0.90723,0.24151,54.434,0.483,-1,375.000,-1,375.000,975.000,300.000,300.000,300.000,300.000,-1,-1,-1,-1,700.000,650.000,-1,-1,2,0,2,0,0,0,0,0,0,2,2,2,2,0,0,2,2
39,4204.943,-2256.039,148.662,42.805,0.729395,-0.677554,0.094361,0.681601,0.731554,-0.015779,-0.058339,0.075826,0.995413,0,0.90723,0.24151,54.434,0.483,-1,375.000,-1,375.000,950.000,300.000,300.000,300.000,300.000,-1,-1,-1,-1,700.000,650.000,-1,1000.000,2,0,2,0,0,0,0,0,0,2,2,2,2,0,0,2,0
40,4244.565,-2218.716,145.788,43.288,0.723851,-0.683678,0.092866,0.687700,0.725795,-0.017037,-0.055753,0.076196,0.995533,0,0.90723,0.24151,54.434,0.483,-1,375.000,-1,375.000,925.000,300.000,300.000,300.000,300.000,-1,-1,-1,-1,700.000,625.000,-1,975.000,2,0,2,0,0,0,0,0,0,2,2,2,2,0,0,2,0
41,4283.871,-2181.059,142.959,43.771,0.718261,-0.689742,0.091413,0.693752,0.719975,-0.018573,-0.053004,0.076758,0.995640,0,0.90723,0.24151,54.434,0.483,-1,375.000,-1,375.000,925.000,300.000,300.000,300.000,300.000,-1,-1,-1,-1,700.000,625.000,-1,975.000,2,0,2,0,0,0,0,0,0,2,2,2,2,0,0,2,0
42,4322.858,-2143.072,140.156,44.254,0.712620,-0.695754,0.089993,0.699751,0.714101,-0.020211,-0.050202,0.077375,0.995737,0,0.90723,0.24151,54.434,0.483,-1,375.000,-1,375.000,900.000,325.000,300.000,300.000,300.000,-1,-1,-1,-1,700.000,625.000,-1,975.000,2,0,2,0,0,0,0,0,0,2,2,2,2,0,0,2,0
43,4361.524,-2104.759,137.663,44.737,0.706890,-0.701769,0.088470,0.705681,0.708229,-0.020636,-0.048175,0.077019,0.995865,0,0.90723,0.24151,54.434,0.483,-1,375.000,-1,375.000,900.000,325.000,300.000,300.000,300.000,-1,-1,-1,-1,700.000,625.000,-1,950.000,2,0,2,0,0,0,0,0,0,2,2,2,2,0,0,2,0
44,4399.865,-2066.121,135.200,45.220,0.701109,-0.707731,0.086961,0.711562,0.702305,-0.021147,-0.046107,0.076704,0.995987,0,0.90723,0.24151,54.434,0.483,-1,375.000,-1,375.000,875.000,325.000,300.000,300.000,300.000,-1,-1,-1,-1,700.000,625.000,-1,950.000,2,0,2,0,0,0,0,0,0,2,2,2,2,0,0,2,0
45,4437.565,-2027.806,132.838,45.463,0.698262,-0.710714,0.085529,0.714480,0.699307,-0.022066,-0.044129,0.076517,0.996091,0,0.89588,0.12151,53.753,0.243,-1,375.000,-1,375.000,850.000,325.000,325.000,300.000,300.000,-1,-1,-1,-1,700.000,600.000,-1,925.000,2,0,2,0,0,0,0,0,0,2,2,2,2,0,0,2,0
46,4475.263,-1989.489,130.487,45.467,0.698382,-0.710764,0.084120,0.714470,0.699283,-0.023150,-0.042369,0.076269,0.996187,0,0.89588,0.00151,53.753,0.003,-1,375.000,-1,350.000,825.000,325.000,300.000,300.000,300.000,-1,750.000,875.000,-1,700.000,600.000,-1,900.000,2,0,2,0,0,0,0,0,0,2,0,0,2,0,0,2,0
47,4513.120,-1951.328,128.120,45.230,0.701469,-0.707885,0.082708,0.711528,0.702236,-0.024329,-0.040859,0.075915,0.996277,0,0.89588,-0.11849,53.753,-0.237,-1,375.000,-1,350.000,800.000,325.000,300.000,300.000,300.000,-1,650.000,700.000,-1,700.000,600.000,-1,875.000,2,0,2,0,0,0,0,0,0,2,0,0,2,0,0,2,0
48,4551.294,-1913.484,126.265,44.753,0.707668,-0.702145,0.078724,0.705522,0.708237,-0.025286,-0.038001,0.073436,0.996576,0,0.89588,-0.23849,53.753,-0.477,-1,375.000,-1,350.000,825.000,325.000,300.000,300.000,300.000,-1,525.000,600.000,-1,700.000,600.000,-1,900.000,2,0,2,0,0,0,0,0,0,2,0,0,2,0,0,2,0
49,4589.939,-1876.122,124.534,44.036,0.716717,-0.693390,0.074343,0.696460,0.717135,-0.025698,-0.035495,0.070196,0.996902,0,0.89588,-0.35849,53.753,-0.717,-1,400.000,-1,350.000,850.000,325.000,300.000,300.000,300.000,-1,475.000,550.000,-1,700.000,600.000,-1,900.000,2,0,2,0,0,0,0,0,0,2,0,0,2,0,0,2,0
50,4629.203,-1839.410,122.842,43.079,0.728486,-0.681492,0.069827,0.684243,0.728805,-0.025594,-0.033448,0.066423,0.997231,0,0.89588,-0.47849,53.753,-0.957,-1,375.000,-1,350.000,875.000,325.000,300.000,300.000,300.000,-1,450.000,500.000,-1,700.000,600.000,-1,925.000,2,0,2,0,0,0,0,0,0,2,0,0,2,0,0,2,0
51,4669.229,-1803.523,121.089,41.882,0.742834,-0.666292,0.065211,0.668730,0.743075,-0.025295,-0.031603,0.062398,0.997551,0,0.89596,-0.59849,53.758,-1.197,-1,375.000,-1,350.000,900.000,300.000,300.000,300.000,300.000,-1,400.000,500.000,-1,675.000,625.000,-1,950.000,2,0,2,0,0,0,0,0,0,2,0,0,2,0,0,2,0
52,4710.152,-1768.566,119.473,40.507,0.758802,-0.648405,0.061565,0.650604,0.759007,-0.024956,-0.030547,0.058991,0.997791,0,0.89701,-0.68748,53.821,-1.375,-1,375.000,-1,350.000,925.000,300.000,300.000,300.000,300.000,-1,400.000,500.000,-1,675.000,625.000,-1,975.000,2,0,2,0,0,0,0,0,0,2,0,0,2,0,0,2,0
53,4751.938,-1734.567,117.887,39.136,0.774255,-0.630175,0.058377,0.632175,0.774437,-0.024555,-0.029735,0.055917,0.997993,0,0.89783,-0.68533,53.870,-1.371,-1,375.000,-1,350.000,925.000,300.000,300.000,300.000,300.000,-1,400.000,500.000,-1,675.000,625.000,-1,975.000,2,0,2,0,0,0,0,0,0,2,0,0,2,0,0,2,0
54,4794.550,-1701.552,116.236,37.770,0.789215,-0.611634,0.055164,0.613438,0.789378,-0.024009,-0.028861,0.052788,0.998189,0,0.89841,-0.68318,53.905,-1.366,-1,375.000,-1,350.000,950.000,300.000,300.000,300.000,300.000,-1,400.000,500.000,-1,650.000,600.000,-1,975.000,2,0,2,0,0,0,0,0,0,2,0,0,2,0,0,2,0
55,4837.952,-1669.546,114.787,36.407,0.803706,-0.592761,0.051878,0.594411,0.803781,-0.024708,-0.027052,0.050695,0.998348,0,0.89878,-0.68106,53.927,-1.362,-1,375.000,-1,350.000,975.000,300.000,300.000,300.000,300.000,-1,400.000,475.000,-1,650.000,600.000,-1,1000.000,2,0,2,0,0,0,0,0,0,2,0,0,2,0,0,2,0
56,4882.107,-1638.571,113.796,35.049,0.817725,-0.573546,0.048691,0.575112,0.817604,-0.027729,-0.023906,0.050678,0.998429,0,0.89894,-0.67899,53.936,-1.358,-1,375.000,-1,350.000,1000.000,300.000,300.000,300.000,300.000,-1,375.000,450.000,-1,675.000,625.000,-1,-1,2,0,2,0,0,0,0,0,0,2,0,0,2,0,0,2,2
57,4926.981,-1608.649,112.766,33.695,0.831247,-0.554056,0.045287,0.555519,0.830940,-0.030605,-0.020674,0.050598,0.998505,0,0.89891,-0.67743,53.934,-1.355,-1,375.000,-1,350.000,-1,300.000,300.000,300.000,300.000,-1,325.000,375.000,-1,675.000,625.000,-1,-1,2,0,2,0,2,0,0,0,0,2,0,0,2,0,0,2,2
58,4972.538,-1579.802,111.701,32.342,0.844271,-0.534296,0.041631,0.535635,0.843792,-0.033307,-0.017332,0.050419,0.998578,0,0.89870,-0.67615,53.922,-1.352,-1,375.000,-1,350.000,-1,300.000,300.000,300.000,300.000,-1,300.000,325.000,-1,700.000,625.000,-1,-1,2,0,2,0,2,0,0,0,0,2,0,0,2,0,0,2,2
59,5018.744,-1552.047,110.577,30.992,0.856793,-0.514271,0.037839,0.515472,0.856156,-0.035861,-0.013954,0.050230,0.998640,0,0.89835,-0.67509,53.901,-1.350,-1,375.000,-1,375.000,-1,300.000,300.000,325.000,300.000,-1,275.000,300.000,-1,700.000,625.000,-1,-1,2,0,2,0,2,0,0,0,0,2,0,0,2,0,0,2,2
60,5065.565,-1525.401,109.395,29.644,0.868809,-0.493984,0.033918,0.495035,0.868030,-0.038260,-0.010542,0.050031,0.998692,0,0.89787,-0.67427,53.872,-1.349,-1,375.000,-1,375.000,-1,300.000,300.000,325.000,300.000,-1,250.000,275.000,-1,700.000,625.000,-1,-1,2,0,2,0,2,0,0,0,0,2,0,0,2,0,0,2,2
61,5112.971,-1499.881,108.592,28.296,0.880286,-0.473479,0.030244,0.474370,0.879484,-0.038477,-0.008381,0.048218,0.998802,0,0.89730,-0.67369,53.838,-1.347,-1,375.000,-1,375.000,-1,325.000,300.000,325.000,300.000,-1,250.000,275.000,-1,700.000,650.000,-1,-1,2,0,2,0,2,0,0,0,0,2,0,0,2,0,0,2,2
62,5160.929,-1475.499,107.914,26.950,0.891246,-0.452731,0.026722,0.453469,0.890474,-0.037709,-0.006723,0.045726,0.998931,0,0.89667,-0.67335,53.800,-1.347,-1,375.000,-1,375.000,-1,300.000,300.000,325.000,300.000,-1,250.000,300.000,-1,700.000,650.000,-1,-1,2,0,2,0,2,0,0,0,0,2,0,0,2,0,0,2,2
63,5209.411,-1452.269,107.392,25.603,0.901718,-0.431744,0.022378,0.432301,0.900997,-0.036333,-0.004476,0.042437,0.999089,0,0.89600,-0.67324,53.760,-1.346,-1,375.000,-1,375.000,-1,300.000,300.000,325.000,300.000,-1,275.000,300.000,-1,700.000,650.000,-1,-1,2,0,2,0,2,0,0,0,0,2,0,0,2,0,0,2,2
64,5258.390,-1430.201,106.908,24.256,0.911684,-0.410510,0.017741,0.410888,0.911031,-0.034542,-0.001983,0.038781,0.999246,0,0.89533,-0.67338,53.720,-1.347,-1,375.000,-1,375.000,-1,300.000,300.000,300.000,300.000,-1,275.000,300.000,-1,700.000,675.000,-1,-1,2,0,2,0,2,0,0,0,0,2,0,0,2,0,0,2,2
65,5307.838,-1409.306,106.380,22.909,0.921132,-0.389026,0.013184,0.389249,0.920559,-0.032501,0.000507,0.035069,0.999385,0,0.89470,-0.67375,53.682,-1.347,-1,375.000,-1,375.000,-1,300.000,300.000,300.000,300.000,-1,275.000,325.000,-1,700.000,675.000,-1,-1,2,0,2,0,2,0,0,0,0,2,0,0,2,0,0,2,2
66,5357.732,-1389.592,106.373,21.560,0.930047,-0.367269,0.011257,0.367440,0.929508,-0.031669,0.001167,0.033590,0.999435,0,0.89412,-0.67436,53.647,-1.349,-1,375.000,-1,375.000,-1,300.000,300.000,300.000,300.000,-1,300.000,350.000,-1,700.000,700.000,-1,-1,2,0,2,0,2,0,0,0,0,2,0,0,2,0,0,2,2
67,5408.050,-1371.069,106.710,20.210,0.938457,-0.345261,0.009699,0.345391,0.937904,-0.032277,0.002048,0.033640,0.999432,0,0.89364,-0.67520,53.619,-1.350,-1,375.000,-1,375.000,-1,300.000,300.000,300.000,300.000,-1,325.000,375.000,-1,700.000,700.000,-1,-1,2,0,2,0,2,0,0,0,0,2,0,0,2,0,0,2,2
68,5458.770,-1353.746,107.080,18.857,0.946358,-0.323023,0.007983,0.323106,0.945782,-0.033161,0.003161,0.033962,0.999418,0,0.89328,-0.67628,53.597,-1.353,-1,375.000,-1,375.000,-1,300.000,300.000,300.000,300.000,-1,375.000,425.000,-1,725.000,700.000,-1,-1,2,0,2,0,2,0,0,0,0,2,0,0,2,0,0,2,2
69,5509.874,-1337.631,107.410,17.502,0.953742,-0.300562,0.006229,0.300596,0.953147,-0.033948,0.004266,0.034251,0.999404,0,0.89307,-0.67758,53.584,-1.355,-1,375.000,-1,375.000,-1,325.000,300.000,300.000,300.000,-1,400.000,450.000,-1,725.000,725.000,-1,-1,2,0,2,0,2,0,0,0,0,2,0,0,2,0,0,2,2
70,5559.681,-1322.984,107.700,16.387,0.959418,-0.281953,0.004490,0.281936,0.958808,-0.034636,0.005461,0.034497,0.999390,0,0.86525,-0.55758,51.915,-1.115,-1,375.000,-1,375.000,-1,325.000,300.000,300.000,300.000,-1,425.000,475.000,-1,725.000,725.000,-1,-1,2,0,2,0,2,0,0,0,0,2,0,0,2,0,0,2,2
71,5609.714,-1309.098,107.978,15.512,0.963617,-0.267274,0.002769,0.267204,0.962998,-0.035161,0.006731,0.034622,0.999378,0,0.86541,-0.43758,51.924,-0.875,-1,375.000,-1,375.000,-1,325.000,325.000,300.000,300.000,-1,475.000,500.000,-1,750.000,725.000,-1,-1,2,0,2,0,2,0,0,0,0,2,0,0,2,0,0,2,2
72,5659.918,-1295.761,108.246,14.877,0.966522,-0.256582,0.001070,0.256457,0.965901,-0.035572,0.008094,0.034656,0.999367,0,0.86575,-0.31758,51.945,-0.635,-1,400.000,-1,375.000,-1,325.000,325.000,300.000,300.000,-1,500.000,525.000,-1,750.000,750.000,-1,-1,2,0,2,0,2,0,0,0,0,2,0,0,2,0,0,2,2
73,5710.243,-1282.764,108.494,14.481,0.968268,-0.249915,-0.000629,0.249731,0.967647,-0.035960,0.009595,0.034662,0.999353,0,0.86627,-0.19758,51.976,-0.395,-1,400.000,-1,400.000,-1,325.000,325.000,300.000,300.000,-1,525.000,550.000,-1,775.000,750.000,-1,-1,2,0,2,0,2,0,0,0,0,2,0,0,2,0,0,2,2
74,5760.642,-1269.892,108.732,14.326,0.968938,-0.247294,-0.002320,0.247049,0.968321,-0.036346,0.011234,0.034644,0.999337,0,0.86695,-0.07758,52.017,-0.155,-1,400.000,-1,400.000,-1,325.000,325.000,300.000,300.000,-1,550.000,575.000,-1,775.000,750.000,-1,-1,2,0,2,0,2,0,0,0,0,2,0,0,2,0,0,2,2
75,5811.097,-1257.042,108.964,14.289,0.969092,-0.246668,-0.004000,0.246361,0.968482,-0.036732,0.012935,0.034611,0.999317,0,0.86775,-0.01852,52.065,-0.037,-1,400.000,-1,400.000,-1,325.000,325.000,300.000,300.000,-1,525.000,550.000,-1,775.000,775.000,-1,-1,2,0,2,0,2,0,0,0,0,2,0,0,2,0,0,2,2
76,5861.581,-1244.221,109.408,14.250,0.969251,-0.246017,-0.005201,0.245677,0.968677,-0.036172,0.013937,0.033782,0.999332,0,0.86811,-0.01944,52.087,-0.039,-1,400.000,-1,400.000,-1,325.000,325.000,300.000,300.000,-1,525.000,550.000,-1,800.000,800.000,-1,-1,2,0,2,0,2,0,0,0,0,2,0,0,2,0,0,2,2
77,5912.073,-1231.434,109.856,14.211,0.969412,-0.245367,-0.005934,0.245013,0.968871,-0.035455,0.014449,0.032917,0.999354,0,0.86811,-0.01944,52.087,-0.039,-1,400.000,-1,400.000,-1,325.000,325.000,300.000,300.000,-1,525.000,550.000,-1,800.000,800.000,-1,-1,2,0,2,0,2,0,0,0,0,2,0,0,2,0,0,2,2
78,5962.575,-1218.681,110.356,14.172,0.969574,-0.244714,-0.006425,0.244353,0.969058,-0.034910,0.014769,0.032277,0.999370,0,0.86811,-0.01944,52.087,-0.039,-1,400.000,-1,400.000,-1,325.000,325.000,300.000,300.000,-1,550.000,575.000,-1,800.000,825.000,-1,-1,2,0,2,0,2,0,0,0,0,2,0,0,2,0,0,2,2
79,6008.381,-1206.942,110.958,14.374,0.968712,-0.248115,-0.005993,0.247767,0.968194,-0.034809,0.014439,0.032235,0.999376,0,0.78811,0.10056,47.287,0.201,-1,400.000,-1,400.000,-1,325.000,325.000,300.000,300.000,-1,625.000,650.000,-1,800.000,825.000,-1,-1,2,0,2,0,2,0,0,0,0,2,0,0,2,0,0,2,2
80,6049.456,-1196.079,111.478,14.815,0.966777,-0.255563,-0.005539,0.255229,0.966262,-0.034584,0.014191,0.032022,0.999386,0,0.70811,0.22056,42.487,0.441,-1,400.000,-1,400.000,-1,325.000,325.000,300.000,300.000,-1,675.000,700.000,-1,825.000,825.000,-1,-1,2,0,2,0,2,0,0,0,0,2,0,0,2,0,0,2,2
81,6090.046,-1184.825,112.008,15.496,0.963674,-0.267034,-0.005087,0.266711,0.963164,-0.034359,0.014075,0.031754,0.999397,0,0.70202,0.34056,42.121,0.681,-1,400.000,-1,400.000,-1,325.000,325.000,300.000,300.000,-1,750.000,775.000,-1,825.000,850.000,-1,-1,2,0,2,0,2,0,0,0,0,2,0,0,2,0,0,2,2
82,6130.449,-1172.921,112.557,16.417,0.959260,-0.282486,-0.004635,0.282172,0.958757,-0.034126,0.014084,0.031428,0.999407,0,0.70202,0.46056,42.121,0.921,-1,400.000,-1,400.000,-1,325.000,325.000,300.000,300.000,-1,825.000,850.000,-1,825.000,850.000,-1,-1,2,0,2,0,2,0,0,0,0,2,0,0,2,0,0,2,2
83,6170.604,-1160.200,113.129,17.578,0.953343,-0.301860,-0.004185,0.301554,0.952847,-0.033880,0.014215,0.031037,0.999417,0,0.70202,0.58056,42.121,1.161,-1,400.000,-1,400.000,-1,325.000,325.000,300.000,300.000,-1,900.000,950.000,-1,825.000,850.000,-1,-1,2,0,2,0,2,0,0,0,0,2,0,0,2,0,0,2,2
84,6210.435,-1146.502,113.732,18.979,0.945682,-0.325073,-0.003739,0.324772,0.945195,-0.033616,0.014462,0.030576,0.999428,0,0.70202,0.70056,42.121,1.401,-1,400.000,-1,400.000,-1,325.000,325.000,300.000,300.000,-1,975.000,-1,-1,825.000,875.000,-1,-1,2,0,2,0,2,0,0,0,0,2,0,2,2,0,0,2,2
85,6249.866,-1131.691,114.367,20.587,0.936193,-0.351471,-0.003300,0.351175,0.935717,-0.033329,0.014802,0.030044,0.999439,0,0.70202,0.80392,42.121,1.608,-1,400.000,-1,400.000,-1,325.000,325.000,300.000,300.000,-1,-1,-1,-1,825.000,875.000,-1,-1,2,0,2,0,2,0,0,0,0,2,2,2,2,0,0,2,2
86,6288.866,-1115.780,115.034,22.195,0.925967,-0.377593,-0.002869,0.377301,0.925502,-0.033017,0.015123,0.029490,0.999451,0,0.70202,0.80392,42.121,1.608,-1,400.000,-1,400.000,-1,325.000,325.000,300.000,300.000,-1,-1,-1,-1,850.000,875.000,-1,-1,2,0,2,0,2,0,0,0,0,2,2,2,2,0,0,2,2
87,6327.405,-1098.780,115.733,23.803,0.915012,-0.403420,-0.002441,0.403132,0.914558,-0.032683,0.015417,0.028921,0.999463,0,0.70202,0.80392,42.121,1.608,-1,400.000,-1,400.000,-1,325.000,325.000,300.000,300.000,-1,-1,-1,-1,850.000,875.000,-1,-1,2,0,2,0,2,0,0,0,0,2,2,2,2,0,0,2,2
88,6365.451,-1080.706,116.463,25.411,0.903336,-0.428929,-0.002015,0.428647,0.902894,-0.032327,0.015686,0.028339,0.999475,0,0.70202,0.80392,42.121,1.608,-1,400.000,-1,400.000,-1,325.000,325.000,300.000,300.000,-1,-1,-1,-1,850.000,900.000,-1,-1,2,0,2,0,2,0,0,0,0,2,2,2,2,0,0,2,2
89,6402.975,-1061.572,117.222,27.018,0.890948,-0.454102,-0.001604,0.453825,0.890518,-0.031947,0.015935,0.027735,0.999488,0,0.70202,0.80392,42.121,1.608,-1,400.000,-1,425.000,-1,325.000,325.000,300.000,300.000,-1,-1,-1,-1,850.000,900.000,-1,-1,2,0,2,0,2,0,0,0,0,2,2,2,2,0,0,2,2
90,6439.947,-1041.392,117.931,28.626,0.877861,-0.478914,-0.001271,0.478635,0.877434,-0.031903,0.016394,0.027398,0.999490,0,0.70202,0.80392,42.121,1.608,-1,400.000,-1,425.000,-1,325.000,325.000,300.000,300.000,-1,-1,-1,-1,850.000,925.000,-1,-1,2,0,2,0,2,0,0,0,0,2,2,2,2,0,0,2,2
91,6476.339,-1020.183,118.663,30.234,0.864082,-0.503349,-0.000938,0.503068,0.863659,-0.031853,0.016843,0.027052,0.999492,0,0.70202,0.80392,42.121,1.608,-1,400.000,-1,425.000,-1,325.000,325.000,300.000,300.000,-1,-1,-1,-1,850.000,950.000,-1,-1,2,0,2,0,2,0,0,0,0,2,2,2,2,0,0,2,2
92,6512.121,-997.961,119.188,31.842,0.849631,-0.527377,0.000448,0.527116,0.849185,-0.032155,0.016577,0.027556,0.999483,0,0.70202,0.80392,42.121,1.608,-1,400.000,-1,425.000,-1,325.000,325.000,300.000,300.000,-1,-1,-1,-1,850.000,950.000,-1,-1,2,0,2,0,2,0,0,0,0,2,2,2,2,0,0,2,2
93,6547.265,-974.743,119.692,33.450,0.834512,-0.550986,0.002063,0.550753,0.834038,-0.032442,0.016155,0.028209,0.999471,0,0.70202,0.80392,42.121,1.608,-1,400.000,-1,425.000,-1,325.000,325.000,300.000,300.000,-1,-1,-1,-1,850.000,950.000,-1,-1,2,0,2,0,2,0,0,0,0,2,2,2,2,0,0,2,2
94,6581.744,-950.549,120.216,35.058,0.818735,-0.574160,0.003723,0.573957,0.818234,-0.032644,0.015697,0.028863,0.999460,0,0.70202,0.80392,42.121,1.608,-1,400.000,-1,425.000,-1,325.000,325.000,300.000,300.000,-1,-1,-1,-1,850.000,950.000,-1,-1,2,0,2,0,2,0,0,0,0,2,2,2,2,0,0,2,2
95,6615.531,-925.396,120.758,36.665,0.802312,-0.596881,0.005418,0.596712,0.801787,-0.032756,0.015208,0.029513,0.999449,0,0.70202,0.80392,42.121,1.608,-1,400.000,-1,425.000,-1,325.000,325.000,300.000,300.000,-1,-1,-1,-1,850.000,950.000,-1,-1,2,0,2,0,2,0,0,0,0,2,2,2,2,0,0,2,2
96,6648.598,-899.306,121.329,38.273,0.785255,-0.619132,0.007093,0.618997,0.784709,-0.032765,0.014720,0.030120,0.999438,0,0.70202,0.80392,42.121,1.608,-1,400.000,-1,425.000,-1,325.000,325.000,300.000,300.000,-1,-1,-1,-1,850.000,950.000,-1,-1,2,0,2,0,2,0,0,0,0,2,2,2,2,0,0,2,2
97,6680.921,-872.298,121.877,39.881,0.767579,-0.640899,0.008486,0.640793,0.767020,-0.032621,0.014398,0.030477,0.999432,0,0.70202,0.80392,42.121,1.608,-1,400.000,-1,425.000,-1,325.000,325.000,300.000,300.000,-1,-1,-1,-1,850.000,950.000,-1,-1,2,0,2,0,2,0,0,0,0,2,2,2,2,0,0,2,2
98,6712.473,-844.394,122.452,41.489,0.749297,-0.662161,0.009837,0.662085,0.748729,-0.032393,0.014084,0.030785,0.999427,0,0.70202,0.80392,42.121,1.608,-1,400.000,-1,425.000,-1,325.000,325.000,300.000,300.000,-1,-1,-1,-1,825.000,950.000,-1,-1,2,0,2,0,2,0,0,0,0,2,2,2,2,0,0,2,2
99,6743.230,-815.615,123.056,43.097,0.730424,-0.682903,0.011152,0.682855,0.729849,-0.032086,0.013773,0.031051,0.999423,0,0.70202,0.80392,42.121,1.608,-1,400.000,-1,425.000,-1,325.000,325.000,300.000,300.000,-1,-1,-1,-1,825.000,925.000,-1,-1,2,0,2,0,2,0,0,0,0,2,2,2,2,0,0,2,2
100,6772.577,-786.811,123.665,44.465,0.713913,-0.700124,0.012399,0.700106,0.713332,-0.031749,0.013384,0.031347,0.999419,0,0.68535,0.68392,41.121,1.368,-1,400.000,-1,425.000,-1,325.000,325.000,300.000,300.000,-1,-1,-1,-1,825.000,925.000,-1,-1,2,0,2,0,2,0,0,0,0,2,2,2,2,0,0,2,2
101,6801.351,-757.435,124.289,45.592,0.699991,-0.714021,0.013618,0.714035,0.699406,-0.031398,0.012894,0.031702,0.999414,0,0.68535,0.56392,41.121,1.128,-1,400.000,-1,425.000,-1,325.000,325.000,300.000,300.000,-1,-1,-1,-1,825.000,925.000,-1,-1,2,0,2,0,2,0,0,0,0,2,2,2,2,0,0,2,2
102,6829.667,-727.617,124.894,46.480,0.688836,-0.724766,0.014795,0.724814,0.688251,-0.030909,0.012219,0.032015,0.999413,0,0.68535,0.44392,41.121,0.888,-1,400.000,-1,425.000,-1,325.000,325.000,300.000,300.000,-1,-1,-1,-1,825.000,925.000,-1,-1,2,0,2,0,2,0,0,0,0,2,2,2,2,0,0,2,2
103,6857.644,-697.480,125.488,47.128,0.680587,-0.732494,0.015942,0.732578,0.680005,-0.030364,0.011401,0.032345,0.999412,0,0.68535,0.32392,41.121,0.648,-1,400.000,-1,425.000,-1,325.000,325.000,300.000,300.000,-1,-1,-1,-1,825.000,925.000,-1,-1,2,0,2,0,2,0,0,0,0,2,2,2,2,0,0,2,2
104,6885.406,-667.145,125.957,47.536,0.675333,-0.737318,0.016979,0.737444,0.674776,-0.029214,0.010083,0.032251,0.999429,0,0.68535,0.20392,41.121,0.408,-1,400.000,-1,425.000,-1,325.000,325.000,300.000,300.000,-1,-1,-1,-1,825.000,925.000,-1,-1,2,0,2,0,2,0,0,0,0,2,2,2,2,0,0,2,2
105,6913.079,-636.729,126.365,47.704,0.673140,-0.739297,0.017968,0.739466,0.672618,-0.027834,0.008492,0.032022,0.999451,0,0.68535,0.08392,41.121,0.168,-1,400.000,-1,400.000,-1,325.000,325.000,300.000,300.000,-1,-1,-1,-1,825.000,925.000,-1,-1,2,0,2,0,2,0,0,0,0,2,2,2,2,0,0,2,2
106,6940.790,-606.348,126.599,47.632,0.674049,-0.738440,0.019066,0.738652,0.673541,-0.027134,0.007195,0.032373,0.999450,0,0.68535,-0.03608,41.121,-0.072,-1,400.000,-1,400.000,-1,325.000,325.000,300.000,300.000,-1,-1,-1,-1,825.000,925.000,-1,-1,2,0,2,0,2,0,0,0,0,2,2,2,2,0,0,2,2
107,6968.667,-576.118,126.743,47.319,0.678041,-0.734746,0.020218,0.735000,0.677541,-0.026704,0.005922,0.032967,0.999439,0,0.68535,-0.15608,41.121,-0.312,-1,400.000,-1,425.000,-1,325.000,325.000,300.000,300.000,-1,-1,-1,-1,800.000,925.000,-1,-1,2,0,2,0,2,0,0,0,0,2,2,2,2,0,0,2,2
108,6996.833,-546.158,126.846,46.767,0.685066,-0.728167,0.021391,0.728467,0.684576,-0.026309,0.004513,0.033606,0.999425,0,0.68535,-0.27608,41.121,-0.552,-1,400.000,-1,425.000,-1,325.000,325.000,300.000,300.000,-1,-1,-1,-1,800.000,925.000,-1,-1,2,0,2,0,2,0,0,0,0,2,2,2,2,0,0,2,2
109,7022.721,-518.920,126.924,46.455,0.689002,-0.724412,0.022462,0.724752,0.688519,-0.025997,0.003367,0.034192,0.999410,0,0.62630,-0.15608,37.578,-0.312,-1,400.000,-1,425.000,-1,325.000,325.000,300.000,300.000,-1,-1,-1,-1,800.000,925.000,-1,-1,2,0,2,0,2,0,0,0,0,2,2,2,2,0,0,2,2
110,7048.643,-491.715,126.993,46.383,0.689893,-0.723529,0.023525,0.723908,0.689417,-0.025733,0.002400,0.034783,0.999392,0,0.62630,-0.03608,37.578,-0.072,-1,400.000,-1,425.000,-1,325.000,325.000,300.000,300.000,-1,-1,-1,-1,800.000,925.000,-1,-1,2,0,2,0,2,0,0,0,0,2,2,2,2,0,0,2,2
111,7074.486,-464.434,127.058,46.551,0.687751,-0.725530,0.024576,0.725945,0.687280,-0.025504,0.001614,0.035381,0.999373,0,0.62630,0.08392,37.578,0.168,-1,400.000,-1,425.000,-1,325.000,325.000,300.000,300.000,-1,-1,-1,-1,800.000,925.000,-1,-1,2,0,2,0,2,0,0,0,0,2,2,2,2,0,0,2,2
112,7100.133,-436.970,127.126,46.959,0.682552,-0.730388,0.025609,0.730837,0.682083,-0.025299,0.001011,0.035984,0.999352,0,0.62630,0.20392,37.578,0.408,-1,400.000,-1,425.000,-1,325.000,325.000,300.000,300.000,-1,-1,-1,-1,825.000,900.000,-1,-1,2,0,2,0,2,0,0,0,0,2,2,2,2,0,0,2,2
113,7125.548,-409.290,127.198,47.442,0.676345,-0.736104,0.026630,0.736585,0.675879,-0.025088,0.000469,0.036583,0.999330,0,0.62630,0.24182,37.578,0.484,-1,400.000,-1,425.000,-1,325.000,325.000,300.000,300.000,-1,-1,-1,-1,825.000,900.000,-1,-1,2,0,2,0,2,0,0,0,0,2,2,2,2,0,0,2,2
114,7150.728,-381.397,127.179,47.926,0.670080,-0.741757,0.028090,0.742288,0.669618,-0.024888,-0.000349,0.037528,0.999296,0,0.62630,0.24182,37.578,0.484,-1,400.000,-1,425.000,-1,325.000,325.000,300.000,300.000,-1,-1,-1,-1,825.000,900.000,-1,-1,2,0,2,0,2,0,0,0,0,2,2,2,2,0,0,2,2
115,7175.672,-353.292,127.016,48.410,0.663753,-0.747340,0.030237,0.747950,0.663295,-0.024698,-0.001598,0.039009,0.999238,0,0.62630,0.24182,37.578,0.484,-1,400.000,-1,425.000,-1,325.000,325.000,300.000,300.000,-1,-1,-1,-1,800.000,900.000,-1,-1,2,0,2,0,2,0,0,0,0,2,2,2,2,0,0,2,2
116,7200.377,-324.977,126.864,48.893,0.657375,-0.752869,0.032338,0.753558,0.656926,-0.024472,-0.002820,0.040456,0.999177,0,0.62630,0.24182,37.578,0.484,-1,400.000,-1,425.000,-1,325.000,325.000,300.000,300.000,-1,-1,-1,-1,800.000,875.000,-1,-1,2,0,2,0,2,0,0,0,0,2,2,2,2,0,0,2,2
117,7224.843,-296.455,126.723,49.377,0.650947,-0.758343,0.034392,0.759112,0.650509,-0.024209,-0.004014,0.041867,0.999115,0,0.62630,0.24182,37.578,0.484,-1,400.000,-1,425.000,-1,325.000,325.000,300.000,300.000,-1,-1,-1,-1,800.000,875.000,-1,-1,2,0,2,0,2,0,0,0,0,2,2,2,2,0,0,2,2
118,7249.067,-267.727,126.592,49.861,0.644470,-0.763763,0.036400,0.764612,0.644047,-0.023912,-0.005180,0.043242,0.999051,0,0.62630,0.24182,37.578,0.484,-1,400.000,-1,400.000,-1,325.000,325.000,300.000,300.000,-1,-1,-1,-1,800.000,850.000,-1,-1,2,0,2,0,2,0,0,0,0,2,2,2,2,0,0,2,2
119,7273.047,-238.796,126.454,50.344,0.637947,-0.769129,0.038264,0.770055,0.637542,-0.023579,-0.006260,0.044507,0.998989,0,0.62630,0.24182,37.578,0.484,-1,400.000,-1,400.000,-1,325.000,325.000,300.000,300.000,-1,-1,-1,-1,800.000,850.000,-1,-1,2,0,2,0,2,0,0,0,0,2,2,2,2,0,0,2,2
120,7296.783,-209.664,126.311,50.828,0.631379,-0.774442,0.039999,0.775441,0.630994,-0.023214,-0.007261,0.045674,0.998930,0,0.62630,0.24182,37.578,0.484,-1,400.000,-1,400.000,-1,325.000,325.000,300.000,300.000,-1,-1,-1,-1,800.000,825.000,-1,-1,2,0,2,0,2,0,0,0,0,2,2,2,2,0,0,2,2
121,7320.272,-180.332,126.030,51.311,0.624788,-0.779722,0.040915,0.780756,0.624419,-0.022822,-0.007753,0.046203,0.998902,0,0.62630,0.24182,37.578,0.484,-1,400.000,-1,400.000,-1,325.000,325.000,300.000,300.000,-1,-1,-1,-1,800.000,825.000,-1,-1,2,0,2,0,2,0,0,0,0,2,2,2,2,0,0,2,2
122,7343.513,-150.803,125.748,51.795,0.618154,-0.784949,0.041724,0.786014,0.617802,-0.022415,-0.008182,0.046652,0.998878,0,0.62630,0.24182,37.578,0.484,-1,400.000,-1,400.000,-1,325.000,325.000,300.000,300.000,-1,-1,-1,-1,775.000,825.000,-1,-1,2,0,2,0,2,0,0,0,0,2,2,2,2,0,0,2,2
123,7366.503,-121.080,125.478,52.279,0.611477,-0.790120,0.042494,0.791215,0.611142,-0.021997,-0.008590,0.047073,0.998855,0,0.62630,0.24182,37.578,0.484,-1,400.000,-1,400.000,-1,325.000,325.000,300.000,300.000,-1,-1,-1,-1,775.000,825.000,-1,-1,2,0,2,0,2,0,0,0,0,2,2,2,2,0,0,2,2
124,7389.242,-91.163,125.217,52.762,0.604757,-0.795236,0.043220,0.796359,0.604440,-0.021547,-0.008988,0.047449,0.998833,0,0.62630,0.24182,37.578,0.484,-1,400.000,-1,400.000,-1,325.000,325.000,300.000,325.000,-1,-1,-1,-1,775.000,825.000,-1,-1,2,0,2,0,2,0,0,0,0,2,2,2,2,0,0,2,2
125,7411.728,-61.055,124.930,53.246,0.597990,-0.800303,0.043855,0.801447,0.597700,-0.020895,-0.009489,0.047642,0.998819,0,0.62630,0.24182,37.578,0.484,-1,400.000,-1,400.000,-1,325.000,325.000,300.000,325.000,-1,-1,-1,-1,775.000,800.000,-1,-1,2,0,2,0,2,0,0,0,0,2,2,2,2,0,0,2,2
126,7433.959,-30.759,124.656,53.730,0.591181,-0.805313,0.044446,0.806477,0.590919,-0.020233,-0.009970,0.047806,0.998807,0,0.62630,0.24182,37.578,0.484,-1,400.000,-1,400.000,-1,325.000,325.000,300.000,325.000,-1,-1,-1,-1,775.000,800.000,-1,-1,2,0,2,0,2,0,0,0,0,2,2,2,2,0,0,2,2
127,7455.933,-0.276,124.393,54.213,0.584331,-0.810267,0.044994,0.811449,0.584096,-0.019562,-0.010431,0.047940,0.998796,0,0.62630,0.24182,37.578,0.484,-1,400.000,-1,400.000,-1,325.000,325.000,300.000,325.000,-1,-1,-1,-1,775.000,800.000,-1,-1,2,0,2,0,2,0,0,0,0,2,2,2,2,0,0,2,2
128,7477.649,30.392,124.143,54.697,0.577440,-0.815165,0.045498,0.816361,0.577233,-0.018882,-0.010871,0.048046,0.998786,0,0.62630,0.24182,37.578,0.484,-1,400.000,-1,400.000,-1,325.000,325.000,300.000,325.000,-1,-1,-1,-1,775.000,800.000,-1,-1,2,0,2,0,2,0,0,0,0,2,2,2,2,0,0,2,2
129,7499.105,61.241,123.904,55.181,0.570508,-0.820005,0.045958,0.821214,0.570330,-0.018195,-0.011291,0.048122,0.998778,0,0.62630,0.24182,37.578,0.484,-1,400.000,-1,400.000,-1,325.000,325.000,300.000,325.000,-1,-1,-1,-1,750.000,775.000,-1,-1,2,0,2,0,2,0,0,0,0,2,2,2,2,0,0,2,2
130,7520.301,92.271,123.649,55.664,0.563540,-0.824784,0.046415,0.826007,0.563383,-0.017631,-0.011608,0.048275,0.998767,0,0.62630,0.24182,37.578,0.484,-1,400.000,-1,400.000,-1,325.000,325.000,300.000,325.000,-1,-1,-1,-1,750.000,775.000,-1,-1,2,0,2,0,2,0,0,0,0,2,2,2,2,0,0,2,2
131,7541.233,123.479,123.197,56.148,0.556554,-0.829474,0.047125,0.830735,0.556377,-0.017999,-0.011290,0.049166,0.998727,0,0.62630,0.24182,37.578,0.484,-1,400.000,-1,400.000,-1,325.000,325.000,300.000,325.000,-1,-1,-1,-1,750.000,775.000,-1,-1,2,0,2,0,2,0,0,0,0,2,2,2,2,0,0,2,2
132,7561.901,154.862,122.755,56.632,0.549530,-0.834105,0.047813,0.835402,0.549332,-0.018365,-0.010947,0.050035,0.998687,0,0.62630,0.24182,37.578,0.484,-1,400.000,-1,400.000,-1,325.000,325.000,300.000,325.000,-1,-1,-1,-1,750.000,775.000,-1,-1,2,0,2,0,2,0,0,0,0,2,2,2,2,0,0,2,2
133,7582.303,186.418,122.333,57.115,0.542468,-0.838678,0.048465,0.840010,0.542249,-0.018690,-0.010605,0.050850,0.998650,0,0.62630,0.24182,37.578,0.484,-1,400.000,-1,400.000,-1,325.000,325.000,300.000,325.000,-1,-1,-1,-1,750.000,775.000,-1,-1,2,0,2,0,2,0,0,0,0,2,2,2,2,0,0,2,2
134,7602.438,218.146,121.900,57.599,0.535363,-0.843193,0.049110,0.844558,0.535130,-0.018882,-0.010359,0.051585,0.998615,0,0.62630,0.24182,37.578,0.484,-1,400.000,-1,400.000,-1,325.000,325.000,300.000,325.000,-1,-1,-1,-1,750.000,750.000,-1,-1,2,0,2,0,2,0,0,0,0,2,2,2,2,0,0,2,2
135,7622.305,250.042,121.458,58.082,0.528218,-0.847656,0.049647,0.849048,0.527979,-0.018882,-0.010208,0.052127,0.998588,0,0.62630,0.24182,37.578,0.484,-1,400.000,-1,400.000,-1,325.000,325.000,300.000,325.000,-1,-1,-1,-1,750.000,750.000,-1,-1,2,0,2,0,2,0,0,0,0,2,2,2,2,0,0,2,2
136,7641.902,282.105,121.046,58.566,0.521037,-0.852060,0.050140,0.853475,0.520791,-0.018882,-0.010024,0.052631,0.998564,0,0.62630,0.24182,37.578,0.484,-1,400.000,-1,400.000,-1,325.000,325.000,300.000,325.000,-1,-1,-1,-1,750.000,750.000,-1,-1,2,0,2,0,2,0,0,0,0,2,2,2,2,0,0,2,2
137,7661.228,314.333,120.663,59.050,0.513821,-0.856405,0.050589,0.857841,0.513568,-0.018883,-0.009810,0.053100,0.998541,0,0.62630,0.24182,37.578,0.484,-1,400.000,-1,400.000,-1,325.000,325.000,300.000,325.000,-1,-1,-1,-1,750.000,750.000,-1,-1,2,0,2,0,2,0,0,0,0,2,2,2,2,0,0,2,2
138,7680.281,346.722,120.311,59.533,0.506571,-0.860689,0.050994,0.862145,0.506309,-0.018886,-0.009563,0.053532,0.998520,0,0.62630,0.24182,37.578,0.484,-1,400.000,-1,400.000,-1,325.000,325.000,300.000,325.000,-1,-1,-1,-1,750.000,750.000,-1,-1,2,0,2,0,2,0,0,0,0,2,2,2,2,0,0,2,2
