timestep,x_cm,y_cm,z_cm,yaw_deg,basis_xx,basis_xy,basis_xz,basis_yx,basis_yy,basis_yz,basis_zx,basis_zy,basis_zz,teleport_flag,throttle_cmd,steering_cmd,cmd_move_cm,cmd_turn_deg,lidar_cm_0,lidar_cm_1,lidar_cm_2,lidar_cm_3,lidar_cm_4,lidar_cm_5,lidar_cm_6,lidar_cm_7,lidar_cm_8,lidar_cm_9,lidar_cm_10,lidar_cm_11,lidar_cm_12,lidar_cm_13,lidar_cm_14,lidar_cm_15,lidar_cm_16,lidar_class_0,lidar_class_1,lidar_class_2,lidar_class_3,lidar_class_4,lidar_class_5,lidar_class_6,lidar_class_7,lidar_class_8,lidar_class_9,lidar_class_10,lidar_class_11,lidar_class_12,lidar_class_13,lidar_class_14,lidar_class_15,lidar_class_16
0,-4921.414,-8859.486,82.337,-113.615,-0.399056,0.915942,-0.042466,-0.915775,-0.400448,-0.031581,-0.045932,0.026287,0.998599,1,0.08000,-0.12000,4.800,-0.240,375.000,375.000,850.000,425.000,-1,325.000,325.000,300.000,300.000,-1,-1,-1,-1,400.000,775.000,375.000,-1,1,1,1,0,2,0,0,0,0,2,2,2,2,1,0,1,2
1,-4925.333,-8868.249,81.900,-114.095,-0.406701,0.912556,-0.042845,-0.912389,-0.408107,-0.031549,-0.046276,0.026260,0.998583,0,0.16000,-0.24000,9.600,-0.480,375.000,350.000,-1,425.000,-1,325.000,325.000,300.000,300.000,-1,-1,-1,-1,400.000,775.000,375.000,-1,1,1,2,0,2,0,0,0,0,2,2,2,2,1,0,1,2
2,-4931.377,-8881.320,81.235,-114.815,-0.418113,0.907357,-0.043411,-0.907189,-0.419543,-0.031496,-0.046791,0.026213,0.998561,0,0.24000,-0.36000,14.400,-0.720,350.000,350.000,-1,425.000,-1,325.000,325.000,300.000,300.000,-1,-1,-1,-1,400.000,775.000,350.000,-1,1,1,2,0,2,0,0,0,0,2,2,2,2,1,0,1,2
3,-4939.726,-8898.610,80.335,-115.775,-0.433227,0.900202,-0.044162,-0.900034,-0.434687,-0.031415,-0.047476,0.026137,0.998530,0,0.32000,-0.48000,19.200,-0.960,325.000,350.000,-1,425.000,-1,325.000,325.000,300.000,300.000,-1,-1,-1,-1,375.000,775.000,325.000,-1,1,1,2,0,2,0,0,0,0,2,2,2,2,1,0,1,2
4,-4950.613,-8919.999,79.188,-116.975,-0.451947,0.890904,-0.045092,-0.890734,-0.453445,-0.031295,-0.048328,0.026022,0.998493,0,0.40000,-0.60000,24.000,-1.200,300.000,325.000,-1,425.000,-1,325.000,325.000,300.000,300.000,-1,-1,-1,-1,375.000,775.000,300.000,-1,1,1,2,0,2,0,0,0,0,2,2,2,2,1,0,1,2
5,-4964.317,-8945.329,77.778,-118.415,-0.474150,0.879232,-0.046192,-0.879061,-0.475693,-0.031126,-0.049340,0.025848,0.998448,0,0.48000,-0.72000,28.800,-1.440,275.000,325.000,-1,425.000,-1,325.000,325.000,300.000,300.000,-1,-1,-1,-1,350.000,775.000,275.000,-1,1,1,2,0,2,1,0,0,0,2,2,2,2,1,0,1,2
6,-4981.093,-8974.442,76.089,-119.951,-0.497495,0.866168,-0.047443,-0.865999,-0.499090,-0.030891,-0.050436,0.025717,0.998396,0,0.56000,-0.76796,33.600,-1.536,250.000,300.000,-1,425.000,-1,300.000,325.000,300.000,300.000,-1,-1,-1,-1,350.000,750.000,250.000,-1,1,1,2,0,2,1,0,0,0,2,2,2,2,1,0,1,2
7,-5001.141,-9007.193,74.011,-121.472,-0.520249,0.852626,-0.048687,-0.852436,-0.521908,-0.031079,-0.051909,0.025334,0.998330,0,0.64000,-0.76041,38.400,-1.521,200.000,275.000,-1,425.000,-1,300.000,325.000,300.000,300.000,-1,-1,-1,-1,325.000,750.000,225.000,-1,1,1,2,0,2,1,0,0,0,2,2,2,2,1,0,1,2
8,-5024.654,-9043.434,71.570,-122.975,-0.542371,0.838647,-0.050045,-0.838423,-0.544108,-0.031527,-0.053670,0.024860,0.998249,0,0.72000,-0.75181,43.200,-1.504,175.000,250.000,-1,425.000,-1,275.000,325.000,300.000,300.000,-1,-1,-1,-1,300.000,725.000,175.000,-1,1,1,2,0,2,1,1,0,0,2,2,2,2,1,0,1,2
9,-5051.813,-9083.012,68.790,-124.459,-0.563826,0.824282,-0.051568,-0.824024,-0.565651,-0.032000,-0.055547,0.024451,0.998157,0,0.80000,-0.74202,48.000,-1.484,125.000,250.000,-1,400.000,-1,250.000,325.000,300.000,300.000,-1,-1,-1,-1,300.000,725.000,150.000,-1,1,1,2,0,2,1,1,0,0,2,2,2,2,1,0,1,2
10,-5080.814,-9123.063,72.595,-125.921,-0.584818,0.808741,-0.062663,-0.810394,-0.585883,0.001688,-0.035348,0.051769,0.998033,0,0.82418,-0.73088,49.451,-1.462,125.000,250.000,-1,450.000,-1,275.000,350.000,375.000,275.000,-1,-1,-1,-1,325.000,800.000,125.000,-1,1,1,2,0,2,1,1,1,0,2,2,2,2,1,0,1,2
11,-5110.714,-9162.270,76.501,-127.359,-0.605807,0.792320,-0.072295,-0.795478,-0.604867,0.036751,-0.014611,0.079773,0.996706,0,0.82181,-0.71878,49.309,-1.438,125.000,275.000,-1,475.000,-1,300.000,400.000,350.000,275.000,-1,600.000,150.000,875.000,400.000,875.000,125.000,-1,1,1,2,0,2,1,0,1,0,2,0,0,0,1,0,1,2
12,-5141.435,-9200.566,78.968,-128.771,-0.626327,0.775585,-0.078627,-0.779559,-0.622931,0.065157,0.001556,0.102104,0.994772,0,0.81824,-0.70600,49.094,-1.412,125.000,325.000,-1,500.000,-1,375.000,450.000,325.000,250.000,-1,350.000,75.000,525.000,775.000,950.000,125.000,-1,1,1,2,0,2,1,0,1,0,2,0,0,0,1,0,1,2
13,-5172.888,-9237.885,80.026,-130.156,-0.646021,0.758880,-0.082206,-0.763205,-0.640298,0.086813,0.013245,0.118823,0.992827,0,0.81340,-0.69257,48.804,-1.385,100.000,425.000,-1,525.000,-1,500.000,475.000,275.000,250.000,-1,300.000,50.000,425.000,825.000,975.000,150.000,-1,1,1,2,0,2,0,0,1,0,2,0,0,0,1,0,1,2
14,-5204.978,-9274.169,79.918,-131.513,-0.664694,0.742522,-0.082728,-0.746820,-0.657225,0.101564,0.021043,0.129292,0.991383,0,0.80727,-0.67858,48.436,-1.357,100.000,700.000,-1,550.000,-1,525.000,475.000,225.000,250.000,-1,250.000,50.000,375.000,850.000,1000.000,150.000,-1,1,1,2,0,2,0,0,1,0,2,0,0,0,1,0,1,2
15,-5237.604,-9309.366,78.574,-132.841,-0.682214,0.726616,-0.081322,-0.730733,-0.673823,0.109506,0.024772,0.134131,0.990654,0,0.79984,-0.66412,47.990,-1.328,100.000,675.000,-1,550.000,-1,525.000,475.000,200.000,250.000,-1,250.000,50.000,350.000,850.000,1000.000,875.000,-1,1,1,2,0,2,0,0,1,0,2,0,0,0,1,0,1,2
16,-5270.666,-9343.434,75.992,-134.140,-0.698582,0.711191,-0.078680,-0.715106,-0.690149,0.110981,0.024627,0.133794,0.990703,0,0.79117,-0.64931,47.470,-1.299,125.000,650.000,-1,550.000,-1,525.000,475.000,150.000,250.000,-1,225.000,50.000,350.000,825.000,975.000,875.000,-1,1,1,2,0,2,0,0,1,0,2,0,0,0,1,0,1,2
17,-5304.060,-9376.342,72.243,-135.408,-0.713866,0.696224,-0.075284,-0.699973,-0.706220,0.106260,0.020814,0.128553,0.991484,0,0.78135,-0.63431,46.881,-1.269,125.000,625.000,-1,525.000,-1,500.000,475.000,125.000,250.000,-1,250.000,50.000,375.000,825.000,950.000,850.000,-1,1,1,2,0,2,0,0,1,0,2,0,0,0,1,0,1,2
18,-5337.695,-9408.063,67.394,-136.655,-0.728277,0.681538,-0.071552,-0.685150,-0.722096,0.095637,0.013512,0.118674,0.992841,0,0.77053,-0.62339,46.232,-1.247,525.000,600.000,-1,500.000,-1,475.000,450.000,100.000,250.000,-1,250.000,75.000,400.000,800.000,900.000,800.000,-1,1,1,2,0,2,0,0,1,0,2,0,0,0,1,0,1,2
19,-8855.080,983.896,-90.661,-112.974,-0.389626,0.920131,-0.039383,-0.920766,-0.390089,-0.004542,-0.019542,0.034493,0.999214,1,0.00000,0.00000,51.032,-1.007,-1,400.000,-1,400.000,-1,325.000,325.000,300.000,275.000,-1,-1,-1,-1,750.000,750.000,-1,-1,2,0,2,0,2,0,0,0,0,2,2,2,2,0,0,2,2
20,-8856.965,979.482,-90.763,-113.132,-0.392148,0.919061,-0.039329,-0.919690,-0.392617,-0.004694,-0.019755,0.034330,0.999215,0,0.08000,-0.07868,4.800,-0.157,-1,400.000,-1,400.000,-1,325.000,325.000,300.000,275.000,-1,-1,-1,-1,750.000,750.000,-1,-1,2,0,2,0,2,0,0,0,0,2,2,2,2,0,0,2,2
21,-8860.762,970.664,-90.969,-113.292,-0.394707,0.917969,-0.039234,-0.918587,-0.395187,-0.005004,-0.020098,0.034065,0.999218,0,0.16000,-0.08003,9.600,-0.160,-1,400.000,-1,400.000,-1,325.000,325.000,300.000,275.000,-1,-1,-1,-1,725.000,750.000,-1,-1,2,0,2,0,2,0,0,0,0,2,2,2,2,0,0,2,2
22,-8866.494,957.454,-91.277,-113.457,-0.397347,0.916835,-0.039100,-0.917438,-0.397842,-0.005475,-0.020575,0.033697,0.999220,0,0.24000,-0.08275,14.400,-0.166,-1,400.000,-1,400.000,-1,325.000,325.000,300.000,275.000,-1,-1,-1,-1,725.000,750.000,-1,-1,2,0,2,0,2,0,0,0,0,2,2,2,2,0,0,2,2
23,-8874.190,939.864,-91.691,-113.631,-0.400112,0.915639,-0.038932,-0.916221,-0.400626,-0.006112,-0.021194,0.033225,0.999223,0,0.32000,-0.08687,19.200,-0.174,-1,400.000,-1,400.000,-1,325.000,325.000,300.000,275.000,-1,-1,-1,-1,725.000,750.000,-1,-1,2,0,2,0,2,0,0,0,0,2,2,2,2,0,0,2,2
24,-8883.882,917.908,-92.212,-113.816,-0.403047,0.914359,-0.038735,-0.914916,-0.403585,-0.006921,-0.021961,0.032649,0.999226,0,0.40000,-0.09241,24.000,-0.185,-1,400.000,-1,400.000,-1,325.000,325.000,300.000,275.000,-1,-1,-1,-1,725.000,725.000,-1,-1,2,0,2,0,2,0,0,0,0,2,2,2,2,0,0,2,2
25,-8895.603,891.601,-92.842,-114.015,-0.406197,0.912973,-0.038515,-0.913499,-0.406765,-0.007909,-0.022887,0.031971,0.999227,0,0.48000,-0.09941,28.800,-0.199,-1,400.000,-1,400.000,-1,325.000,325.000,300.000,275.000,-1,-1,-1,-1,700.000,725.000,-1,-1,2,0,2,0,2,0,0,0,0,2,2,2,2,0,0,2,2
26,-8909.393,860.961,-93.583,-114.231,-0.409610,0.911457,-0.038282,-0.911945,-0.410211,-0.009084,-0.023984,0.031190,0.999226,0,0.56000,-0.10792,33.600,-0.216,-1,400.000,-1,400.000,-1,325.000,325.000,300.000,275.000,-1,-1,-1,-1,700.000,725.000,-1,-1,2,0,2,0,2,0,0,0,0,2,2,2,2,0,0,2,2
27,-8925.297,826.009,-94.438,-114.467,-0.413334,0.909784,-0.038046,-0.910229,-0.413973,-0.010456,-0.025263,0.030309,0.999221,0,0.64000,-0.11800,38.400,-0.236,-1,375.000,-1,400.000,-1,325.000,325.000,300.000,275.000,-1,-1,-1,-1,675.000,700.000,-1,-1,2,0,2,0,2,0,0,0,0,2,2,2,2,0,0,2,2
28,-8943.368,786.770,-95.462,-114.726,-0.417429,0.907933,-0.037562,-0.908321,-0.418103,-0.011972,-0.026574,0.029120,0.999223,0,0.72000,-0.12970,43.200,-0.259,-1,375.000,-1,375.000,-1,325.000,325.000,300.000,275.000,-1,-1,-1,-1,675.000,700.000,-1,-1,2,0,2,0,2,0,0,0,0,2,2,2,2,0,0,2,2
29,-8963.646,743.264,-96.676,-114.990,-0.421603,0.906036,-0.036734,-0.906354,-0.422301,-0.013587,-0.027823,0.027566,0.999233,0,0.80000,-0.13203,48.000,-0.264,-1,375.000,-1,375.000,-1,300.000,300.000,300.000,275.000,-1,-1,-1,-1,650.000,700.000,-1,-1,2,0,2,0,2,0,0,0,0,2,2,2,2,0,0,2,2
30,-8984.855,698.303,-97.526,-115.254,-0.425776,0.904077,-0.036877,-0.904404,-0.426471,-0.013269,-0.027723,0.027702,0.999232,0,0.82854,-0.13203,49.713,-0.264,-1,375.000,-1,375.000,-1,300.000,300.000,300.000,300.000,-1,-1,-1,-1,650.000,700.000,-1,-1,2,0,2,0,2,0,0,0,0,2,2,2,2,0,0,2,2
31,-9006.271,653.439,-98.341,-115.518,-0.429941,0.902093,-0.037141,-0.902440,-0.430629,-0.012703,-0.027453,0.028056,0.999229,0,0.82854,-0.13203,49.713,-0.264,-1,375.000,-1,375.000,-1,300.000,300.000,300.000,300.000,-1,-1,-1,-1,650.000,675.000,1000.000,-1,2,0,2,0,2,0,0,0,0,2,2,2,2,0,0,0,2
32,-9027.894,608.676,-99.172,-115.782,-0.434097,0.900089,-0.037407,-0.900456,-0.434778,-0.012130,-0.027182,0.028417,0.999227,0,0.82854,-0.13203,49.713,-0.264,1000.000,375.000,-1,375.000,-1,300.000,300.000,300.000,300.000,-1,-1,-1,-1,650.000,675.000,975.000,-1,0,0,2,0,2,0,0,0,0,2,2,2,2,0,0,0,2
33,-9049.722,564.012,-100.167,-116.046,-0.438247,0.898052,-0.037972,-0.898465,-0.438910,-0.010920,-0.026473,0.029331,0.999219,0,0.82854,-0.13203,49.713,-0.264,975.000,375.000,-1,375.000,-1,300.000,300.000,300.000,300.000,-1,-1,-1,-1,625.000,675.000,950.000,-1,0,0,2,0,2,0,0,0,0,2,2,2,2,0,0,0,2
34,-9071.756,519.449,-101.300,-116.310,-0.442392,0.895983,-0.038777,-0.896462,-0.443026,-0.009179,-0.025404,0.030701,0.999206,0,0.82854,-0.13203,49.713,-0.264,950.000,350.000,-1,375.000,-1,300.000,300.000,300.000,300.000,-1,-1,-1,-1,625.000,675.000,925.000,-1,0,0,2,0,2,0,0,0,0,2,2,2,2,0,0,0,2
35,-9093.996,474.988,-102.059,-116.575,-0.446608,0.893934,-0.037728,-0.894431,-0.447152,-0.006999,-0.023127,0.030619,0.999264,0,0.82854,-0.13203,49.713,-0.264,925.000,375.000,-1,375.000,-1,300.000,300.000,300.000,300.000,-1,-1,-1,-1,625.000,700.000,900.000,-1,0,0,2,0,2,0,0,0,0,2,2,2,2,0,0,0,2
36,-9118.184,427.307,-102.784,-116.899,-0.451780,0.891401,-0.036053,-0.891898,-0.452214,-0.004504,-0.020319,0.030121,0.999340,0,0.89109,-0.16225,53.465,-0.325,925.000,375.000,-1,375.000,-1,300.000,300.000,300.000,300.000,-1,-1,-1,-1,625.000,700.000,900.000,-1,0,0,2,0,2,0,0,0,0,2,2,2,2,0,0,0,2
37,-9142.643,379.765,-103.528,-117.224,-0.456934,0.888838,-0.034322,-0.889330,-0.457262,-0.001975,-0.017450,0.029621,0.999409,0,0.89109,-0.16225,53.465,-0.325,900.000,375.000,-1,375.000,-1,300.000,300.000,300.000,300.000,-1,-1,-1,-1,600.000,725.000,875.000,-1,0,0,2,0,2,0,0,0,0,2,2,2,2,0,0,0,2
38,-9167.370,332.361,-104.334,-117.548,-0.462062,0.886243,-0.032740,-0.886727,-0.462294,0.000547,-0.014651,0.029284,0.999464,0,0.89109,-0.16225,53.465,-0.325,875.000,375.000,-1,375.000,-1,300.000,300.000,300.000,300.000,-1,-1,-1,-1,600.000,725.000,875.000,-1,0,0,2,0,2,0,0,0,0,2,2,2,2,0,0,0,2
39,-9192.365,285.098,-105.177,-117.873,-0.467170,0.883617,-0.031191,-0.884088,-0.467310,0.003088,-0.011847,0.029018,0.999509,0,0.89109,-0.16225,53.465,-0.325,875.000,375.000,-1,375.000,-1,300.000,300.000,300.000,300.000,-1,750.000,950.000,-1,600.000,725.000,850.000,-1,0,0,2,0,2,0,0,0,0,2,0,0,2,0,0,0,2
40,-9217.628,237.978,-106.055,-118.197,-0.472257,0.880962,-0.029661,-0.881415,-0.472309,0.005652,-0.009030,0.028813,0.999544,0,0.89109,-0.16225,53.465,-0.325,850.000,350.000,-1,400.000,-1,300.000,325.000,300.000,325.000,-1,550.000,700.000,-1,600.000,725.000,850.000,-1,0,0,2,0,2,0,0,0,0,2,0,0,2,0,0,0,2
41,-9243.157,191.001,-106.968,-118.522,-0.477324,0.878276,-0.028151,-0.878705,-0.477293,0.008239,-0.006200,0.028669,0.999570,0,0.89109,-0.16225,53.465,-0.325,825.000,350.000,-1,400.000,-1,300.000,325.000,300.000,325.000,-1,500.000,475.000,-1,575.000,725.000,825.000,-1,0,0,2,0,2,0,0,0,0,2,0,0,2,0,0,0,2
42,-9268.951,144.169,-107.513,-118.846,-0.482330,0.875519,-0.028718,-0.875977,-0.482238,0.010496,-0.004659,0.030219,0.999532,0,0.89109,-0.16225,53.465,-0.325,825.000,350.000,-1,400.000,-1,300.000,325.000,300.000,325.000,-1,500.000,450.000,-1,575.000,725.000,825.000,-1,0,0,2,0,2,0,0,0,0,2,0,0,2,0,0,0,2
43,-9295.010,97.484,-107.953,-119.171,-0.487308,0.872714,-0.030028,-0.873223,-0.487156,0.012682,-0.003561,0.032401,0.999469,0,0.89109,-0.16225,53.465,-0.325,800.000,350.000,-1,400.000,-1,300.000,300.000,300.000,325.000,-1,525.000,450.000,-1,575.000,725.000,800.000,-1,0,0,2,0,2,0,0,0,0,2,0,0,2,0,0,0,2
44,-9321.332,50.947,-107.897,-119.495,-0.492324,0.869807,-0.032435,-0.870412,-0.492015,0.017459,-0.000772,0.036828,0.999321,0,0.89109,-0.16225,53.465,-0.325,825.000,350.000,-1,400.000,-1,300.000,300.000,300.000,325.000,-1,525.000,425.000,-1,575.000,725.000,825.000,-1,0,0,2,0,2,0,0,0,0,2,0,0,2,0,0,0,2
45,-9345.352,8.623,-107.736,-119.580,-0.493715,0.868923,-0.034918,-0.869621,-0.493208,0.022485,0.002316,0.041467,0.999137,0,0.81109,-0.04225,48.665,-0.085,875.000,350.000,-1,375.000,-1,300.000,300.000,325.000,300.000,-1,500.000,375.000,-1,575.000,725.000,850.000,-1,0,0,2,0,2,0,0,0,0,2,0,0,2,0,0,0,2
46,-9366.900,-29.586,-107.602,-119.424,-0.491473,0.870097,-0.037235,-0.870877,-0.490757,0.027032,0.005247,0.045713,0.998941,0,0.73109,0.07775,43.865,0.155,925.000,350.000,-1,375.000,-1,300.000,300.000,325.000,300.000,-1,475.000,350.000,-1,575.000,725.000,900.000,-1,0,0,2,0,2,0,0,0,0,2,0,0,2,0,0,0,2
47,-9386.877,-65.588,-107.480,-119.029,-0.485586,0.873294,-0.039534,-0.874151,-0.484646,0.031289,0.008164,0.049752,0.998728,0,0.68623,0.19775,41.174,0.395,975.000,350.000,-1,375.000,-1,300.000,300.000,325.000,300.000,-1,450.000,325.000,-1,600.000,725.000,925.000,-1,0,0,2,0,2,0,0,0,0,2,0,0,2,0,0,0,2
48,-9406.504,-101.902,-106.978,-118.393,-0.475963,0.878494,-0.041319,-0.879407,-0.474864,0.033880,0.010142,0.052462,0.998571,0,0.68797,0.31775,41.278,0.635,1000.000,350.000,-1,375.000,-1,300.000,300.000,325.000,300.000,-1,475.000,350.000,-1,600.000,725.000,950.000,-1,0,0,2,0,2,0,0,0,0,2,0,0,2,0,0,0,2
49,-9425.615,-138.592,-106.390,-117.518,-0.462577,0.885529,-0.043137,-0.886497,-0.461324,0.036102,0.012069,0.054941,0.998417,0,0.68948,0.43775,41.369,0.875,-1,350.000,-1,375.000,-1,300.000,300.000,325.000,300.000,-1,475.000,375.000,-1,600.000,725.000,975.000,-1,2,0,2,0,2,0,0,0,0,2,0,0,2,0,0,0,2
50,-9444.137,-175.663,-105.344,-116.549,-0.447687,0.893154,-0.043045,-0.894058,-0.446273,0.038742,0.015393,0.055829,0.998322,0,0.69069,0.48409,41.441,0.968,-1,350.000,-1,375.000,-1,300.000,300.000,325.000,300.000,-1,475.000,375.000,-1,600.000,725.000,-1,-1,2,0,2,0,2,0,0,0,0,2,0,0,2,0,0,2,2
51,-9462.059,-213.090,-104.076,-115.588,-0.432806,0.900503,-0.042113,-0.901277,-0.431225,0.041764,0.019448,0.056031,0.998240,0,0.69161,0.48053,41.497,0.961,-1,350.000,-1,375.000,-1,300.000,300.000,325.000,300.000,-1,475.000,375.000,-1,600.000,725.000,-1,-1,2,0,2,0,2,0,0,0,0,2,0,0,2,0,0,2,2
52,-9479.372,-250.846,-102.788,-114.635,-0.417919,0.907543,-0.041337,-0.908180,-0.416168,0.044876,0.023524,0.056296,0.998137,0,0.69227,0.47692,41.536,0.954,-1,350.000,-1,375.000,-1,300.000,300.000,325.000,300.000,-1,450.000,375.000,-1,625.000,750.000,-1,-1,2,0,2,0,2,0,0,0,0,2,0,0,2,0,0,2,2
53,-9496.068,-288.905,-101.481,-113.688,-0.403036,0.914278,-0.040715,-0.914767,-0.401111,0.048069,0.027617,0.056618,0.998014,0,0.69267,0.47331,41.560,0.947,-1,350.000,-1,400.000,-1,300.000,300.000,325.000,300.000,-1,450.000,375.000,-1,625.000,775.000,-1,-1,2,0,2,0,2,0,0,0,0,2,0,0,2,0,0,2,2
54,-9512.141,-327.241,-100.155,-112.749,-0.388163,0.920712,-0.040245,-0.921044,-0.386059,0.051335,0.031728,0.056994,0.997870,0,0.69282,0.46970,41.569,0.939,-1,350.000,-1,400.000,-1,300.000,300.000,325.000,325.000,-1,450.000,350.000,-1,625.000,775.000,-1,-1,2,0,2,0,2,0,0,0,0,2,0,0,2,0,0,2,2
55,-9527.587,-365.828,-98.810,-111.816,-0.373307,0.926848,-0.039926,-0.927015,-0.371019,0.054665,0.035852,0.057419,0.997706,0,0.69273,0.46612,41.564,0.932,-1,350.000,-1,400.000,-1,300.000,325.000,325.000,325.000,-1,400.000,300.000,-1,650.000,800.000,-1,-1,2,0,2,0,2,0,0,0,0,2,0,0,2,0,0,2,2
56,-9542.400,-404.641,-97.446,-110.891,-0.358474,0.932693,-0.039755,-0.932683,-0.355996,0.058050,0.039990,0.057888,0.997522,0,0.69240,0.46259,41.544,0.925,-1,350.000,-1,400.000,-1,300.000,325.000,325.000,325.000,-1,350.000,275.000,-1,650.000,800.000,-1,-1,2,0,2,0,2,0,0,0,0,2,0,0,2,0,0,2,2
57,-9556.577,-443.657,-96.064,-109.971,-0.343640,0.938261,-0.039729,-0.938063,-0.340965,0.061482,0.044140,0.058396,0.997317,0,0.69186,0.45998,41.512,0.920,-1,375.000,-1,400.000,-1,300.000,325.000,325.000,325.000,-1,325.000,225.000,-1,675.000,825.000,-1,-1,2,0,2,0,2,0,0,0,0,2,0,0,2,0,0,2,2
58,-9570.114,-482.852,-94.663,-109.055,-0.328792,0.943562,-0.039844,-0.943166,-0.325911,0.064953,0.048302,0.058935,0.997093,0,0.69111,0.45800,41.467,0.916,-1,375.000,-1,400.000,-1,300.000,325.000,325.000,325.000,-1,275.000,200.000,-1,675.000,850.000,-1,-1,2,0,2,0,2,0,0,0,0,2,0,0,2,0,0,2,2
59,-9583.482,-523.877,-93.179,-108.049,-0.312391,0.949106,-0.040121,-0.948491,-0.309288,0.068598,0.052698,0.059484,0.996837,0,0.71912,0.50290,43.147,1.006,-1,375.000,-1,400.000,-1,300.000,325.000,325.000,325.000,-1,250.000,175.000,-1,675.000,850.000,-1,-1,2,0,2,0,2,0,0,0,0,2,0,0,2,0,0,2,2
60,-9596.228,-565.455,-91.505,-107.045,-0.295942,0.954313,-0.041284,-0.953525,-0.292583,0.072014,0.056645,0.060677,0.996549,0,0.72479,0.50220,43.488,1.004,-1,375.000,-1,400.000,-1,325.000,325.000,325.000,325.000,-1,250.000,175.000,-1,700.000,875.000,-1,-1,2,0,2,0,2,0,0,0,0,2,0,0,2,0,0,2,2
61,-9608.337,-607.578,-89.420,-106.042,-0.279490,0.959124,-0.044348,-0.958304,-0.275793,0.074773,0.059486,0.063397,0.996214,0,0.73049,0.50128,43.830,1.003,-1,375.000,-1,400.000,-1,325.000,325.000,325.000,325.000,-1,250.000,175.000,-1,700.000,875.000,-1,-1,2,0,2,0,2,0,0,0,0,2,0,0,2,0,0,2,2
62,-9619.798,-650.238,-87.262,-105.042,-0.263025,0.963612,-0.047646,-0.962768,-0.258959,0.077575,0.062414,0.066276,0.995847,0,0.73621,0.50013,44.173,1.000,-1,375.000,-1,400.000,-1,325.000,325.000,325.000,325.000,-1,275.000,200.000,-1,725.000,-1,-1,-1,2,0,2,0,2,0,0,0,0,2,0,0,2,1,2,2,2
63,-9630.597,-693.424,-85.055,-104.045,-0.246556,0.967781,-0.051098,-0.966923,-0.242097,0.080306,0.065348,0.069207,0.995460,0,0.74194,0.49873,44.516,0.997,-1,375.000,-1,400.000,-1,325.000,325.000,325.000,300.000,-1,275.000,200.000,-1,775.000,-1,-1,-1,2,0,2,0,2,0,0,0,0,2,0,0,2,1,2,2,2
64,-9640.726,-737.126,-82.128,-103.051,-0.229835,0.971799,-0.052742,-0.970957,-0.225261,0.080620,0.066466,0.069740,0.995349,0,0.74767,0.49708,44.860,0.994,-1,375.000,-1,400.000,-1,325.000,325.000,325.000,300.000,-1,300.000,250.000,-1,800.000,-1,-1,-1,2,0,2,0,2,0,0,0,0,2,0,0,2,1,2,2,2
65,-9650.171,-781.331,-79.034,-102.060,-0.213086,0.975537,-0.054054,-0.974699,-0.208429,0.080744,0.067502,0.069892,0.995268,0,0.75339,0.49516,45.203,0.990,-1,375.000,-1,400.000,-1,325.000,325.000,325.000,300.000,-1,350.000,275.000,-1,800.000,-1,-1,-1,2,0,2,0,2,0,0,0,0,2,0,0,2,1,2,2,2
66,-9658.919,-826.027,-75.882,-101.074,-0.196353,0.978968,-0.055392,-0.978135,-0.191611,0.080854,0.068540,0.070057,0.995186,0,0.75908,0.49295,45.545,0.986,-1,375.000,-1,400.000,-1,325.000,325.000,325.000,300.000,-1,400.000,325.000,-1,825.000,-1,-1,-1,2,0,2,0,2,0,0,0,0,2,0,0,2,1,2,2,2
67,-9666.959,-871.201,-72.671,-100.093,-0.179651,0.982092,-0.056752,-0.981267,-0.174822,0.080949,0.069578,0.070231,0.995101,0,0.76473,0.49044,45.884,0.981,-1,375.000,-1,400.000,-1,325.000,325.000,325.000,300.000,-1,425.000,375.000,-1,825.000,-1,-1,-1,2,0,2,0,2,0,0,0,0,2,0,0,2,1,2,2,2
68,-9674.283,-916.836,-69.400,-99.118,-0.162997,0.984913,-0.058125,-0.984096,-0.158080,0.081028,0.070617,0.070408,0.995016,0,0.77033,0.48760,46.220,0.975,-1,375.000,-1,400.000,-1,325.000,325.000,350.000,300.000,-1,475.000,400.000,-1,825.000,-1,-1,-1,2,0,2,0,2,0,0,0,0,2,0,0,2,0,2,2,2
69,-9680.882,-962.916,-66.068,-98.149,-0.146408,0.987433,-0.059506,-0.986625,-0.141401,0.081091,0.071658,0.070583,0.994929,0,0.77585,0.48443,46.551,0.969,-1,375.000,-1,400.000,-1,325.000,325.000,350.000,325.000,-1,525.000,450.000,-1,850.000,-1,-1,-1,2,0,2,0,2,0,0,0,0,2,0,0,2,0,2,2,2
70,-9686.746,-1009.423,-62.676,-97.188,-0.129902,0.989656,-0.060887,-0.988858,-0.124805,0.081140,0.072701,0.070749,0.994841,0,0.78126,0.48090,46.876,0.962,-1,400.000,-1,450.000,-1,325.000,325.000,350.000,325.000,-1,550.000,500.000,-1,875.000,-1,-1,-1,2,1,2,1,2,0,0,0,0,2,0,0,2,0,2,2,2
71,-9691.870,-1056.337,-59.222,-96.234,-0.113497,0.991586,-0.062261,-0.990798,-0.108310,0.081174,0.073747,0.070901,0.994753,0,0.78655,0.47698,47.193,0.954,-1,400.000,-1,-1,-1,325.000,325.000,350.000,325.000,-1,600.000,550.000,-1,900.000,-1,-1,-1,2,1,2,2,2,1,1,0,0,2,0,0,2,0,2,2,2
72,-9696.870,-1108.088,-55.384,-95.520,-0.101242,0.992815,-0.063790,-0.992062,-0.095942,0.081295,0.074591,0.071514,0.994647,0,0.86655,0.35698,51.993,0.714,-1,425.000,-1,-1,-1,350.000,375.000,350.000,325.000,-1,650.000,600.000,-1,925.000,-1,-1,-1,2,1,2,2,2,1,1,0,0,2,0,0,2,1,2,2,2
73,-9701.864,-1164.661,-51.170,-95.046,-0.093156,0.993496,-0.065482,-0.992805,-0.087719,0.081508,0.075234,0.072604,0.994519,0,0.94655,0.23698,56.793,0.474,-1,425.000,-1,-1,-1,375.000,425.000,350.000,325.000,-1,700.000,650.000,-1,875.000,-1,-1,-1,2,1,2,2,2,1,1,0,0,2,0,0,2,1,2,2,2
74,-9706.895,-1224.450,-46.710,-94.812,-0.089247,0.993733,-0.067305,-0.993131,-0.083652,0.081809,0.075666,0.074144,0.994373,0,1.00000,0.11698,60.000,0.234,-1,450.000,-1,-1,-1,400.000,475.000,350.000,325.000,-1,750.000,700.000,-1,850.000,-1,-1,-1,2,1,2,2,2,1,1,0,0,2,0,0,2,1,2,2,2
75,-9711.932,-1284.238,-42.253,-94.818,-0.089511,0.993579,-0.069193,-0.993093,-0.083745,0.082173,0.075851,0.076071,0.994213,0,1.00000,-0.00302,60.000,-0.006,-1,450.000,-1,-1,-1,425.000,550.000,350.000,325.000,-1,800.000,750.000,-1,800.000,-1,-1,-1,2,1,2,2,2,1,1,0,0,2,0,0,2,1,2,2,2
76,-9717.227,-1344.004,-38.818,-95.064,-0.093630,0.993096,-0.070668,-0.992985,-0.088000,0.078968,0.072203,0.077566,0.994369,0,1.00000,-0.12302,60.000,-0.246,-1,475.000,-1,-1,-1,450.000,600.000,350.000,300.000,-1,925.000,850.000,-1,750.000,-1,975.000,-1,2,1,2,2,2,1,1,0,0,2,0,0,2,1,2,1,2
77,-9723.015,-1403.722,-39.166,-95.550,-0.101807,0.991054,-0.086301,-0.993178,-0.096299,0.065757,0.056858,0.092407,0.994097,0,1.00000,-0.24302,60.000,-0.486,975.000,450.000,-1,-1,-1,450.000,600.000,350.000,275.000,-1,-1,-1,-1,675.000,-1,850.000,-1,1,1,2,2,2,1,1,0,0,2,2,2,2,1,2,1,2
78,-9729.556,-1463.363,-39.625,-96.276,-0.113652,0.988212,-0.102569,-0.992671,-0.108680,0.052847,0.041077,0.107824,0.993321,0,1.00000,-0.36302,60.000,-0.726,875.000,450.000,-1,-1,-1,450.000,575.000,350.000,250.000,-1,-1,-1,-1,650.000,-1,750.000,-1,1,1,2,2,2,1,1,0,0,2,2,2,2,1,2,1,2
79,-9737.100,-1522.887,-40.243,-97.242,-0.129092,0.984370,-0.119793,-0.991323,-0.125088,0.040392,0.024776,0.123968,0.991977,0,1.00000,-0.48302,60.000,-0.966,750.000,450.000,-1,-1,-1,450.000,550.000,375.000,200.000,-1,-1,-1,-1,600.000,-1,650.000,-1,1,1,2,2,2,1,1,0,0,2,2,2,2,1,2,1,2
80,-9745.898,-1582.240,-41.848,-98.448,-0.147648,0.979712,-0.135518,-0.989025,-0.145511,0.025599,0.005360,0.137810,0.990444,0,1.00000,-0.60302,60.000,-1.206,625.000,425.000,-1,-1,-1,425.000,550.000,375.000,175.000,-1,-1,-1,-1,575.000,-1,550.000,-1,1,1,2,2,2,1,1,0,0,2,2,2,2,1,2,1,2
81,-9755.696,-1641.437,-44.015,-99.414,-0.161250,0.975149,-0.151928,-0.986796,-0.161681,0.009594,-0.015209,0.151469,0.988345,0,1.00000,-0.48302,60.000,-0.966,525.000,400.000,-1,-1,-1,400.000,525.000,400.000,150.000,-1,-1,-1,-1,525.000,-1,450.000,-1,1,1,2,2,2,1,1,0,0,2,2,2,2,1,2,1,2
82,-9766.242,-1700.506,-46.669,-100.140,-0.169893,0.970857,-0.169035,-0.984781,-0.173638,-0.007513,-0.036645,0.165186,0.985581,0,1.00000,-0.36302,60.000,-0.726,400.000,375.000,-1,-1,-1,375.000,500.000,425.000,150.000,-1,-1,-1,-1,500.000,-1,350.000,-1,1,1,2,2,2,1,1,0,1,2,2,2,2,1,2,1,2
83,8854.934,-7543.179,385.920,77.527,0.226570,-0.966470,0.120841,0.970656,0.213783,-0.110111,0.080585,0.142243,0.986546,1,0.00000,0.00000,60.000,-0.486,-1,400.000,-1,400.000,-1,325.000,325.000,300.000,300.000,-1,-1,-1,-1,1000.000,950.000,-1,-1,2,0,2,0,2,0,0,0,0,2,2,2,2,0,0,2,2
84,8855.990,-7538.496,386.320,77.287,0.230573,-0.965505,0.120978,0.969777,0.217816,-0.109950,0.079806,0.142673,0.986547,0,0.08000,-0.12000,4.800,-0.240,-1,400.000,-1,400.000,-1,325.000,325.000,300.000,300.000,-1,-1,-1,-1,1000.000,950.000,-1,-1,2,0,2,0,2,0,0,0,0,2,2,2,2,0,0,2,2
85,8858.180,-7529.148,387.109,76.807,0.238566,-0.963526,0.121259,0.967969,0.225869,-0.109631,0.078243,0.143529,0.986548,0,0.16000,-0.24000,9.600,-0.480,-1,400.000,-1,400.000,-1,325.000,325.000,300.000,300.000,-1,-1,-1,-1,-1,950.000,-1,-1,2,0,2,0,2,0,0,0,0,2,2,2,2,2,0,2,2
86,8861.641,-7515.168,388.268,76.087,0.250520,-0.960432,0.121698,0.965132,0.237914,-0.109162,0.075889,0.144802,0.986546,0,0.24000,-0.36000,14.400,-0.720,-1,400.000,-1,400.000,-1,325.000,325.000,300.000,300.000,-1,-1,-1,-1,-1,950.000,-1,-1,2,0,2,0,2,0,0,0,0,2,2,2,2,2,0,2,2
87,8866.568,-7496.609,389.767,75.127,0.266391,-0.956073,0.122315,0.961117,0.253909,-0.108556,0.072731,0.146477,0.986537,0,0.32000,-0.48000,19.200,-0.960,-1,400.000,-1,400.000,-1,325.000,325.000,300.000,300.000,-1,-1,-1,-1,-1,950.000,-1,-1,2,0,2,0,2,0,0,0,0,2,2,2,2,2,0,2,2
88,8873.211,-7473.544,391.569,73.927,0.286115,-0.950251,0.123133,0.955725,0.273791,-0.107832,0.068755,0.148534,0.986514,0,0.40000,-0.60000,24.000,-1.200,-1,400.000,-1,400.000,-1,325.000,325.000,300.000,300.000,-1,-1,-1,-1,-1,950.000,-1,-1,2,0,2,0,2,0,0,0,0,2,2,2,2,2,0,2,2
89,8881.875,-7446.074,393.625,72.489,0.309563,-0.942735,0.124182,0.948726,0.297434,-0.107017,0.063953,0.150943,0.986472,0,0.48000,-0.71876,28.800,-1.438,-1,425.000,-1,400.000,-1,325.000,325.000,300.000,300.000,-1,-1,-1,-1,-1,950.000,-1,-1,2,0,2,0,2,0,0,0,0,2,2,2,2,2,0,2,2
90,8892.780,-7414.290,395.891,71.057,0.332709,-0.934647,0.125457,0.941186,0.320791,-0.106123,0.058942,0.153387,0.986407,0,0.56000,-0.71641,33.600,-1.433,-1,425.000,-1,425.000,-1,325.000,325.000,325.000,300.000,-1,-1,-1,-1,-1,925.000,-1,-1,2,0,2,0,2,0,0,0,0,2,2,2,2,2,0,2,2
91,8906.145,-7378.287,398.325,69.629,0.355523,-0.926002,0.126977,0.933122,0.343835,-0.105174,0.053732,0.155877,0.986314,0,0.64000,-0.71359,38.400,-1.427,-1,425.000,-1,425.000,-1,325.000,325.000,325.000,300.000,-1,-1,-1,-1,-1,925.000,-1,-1,2,0,2,0,2,0,0,0,0,2,2,2,2,2,0,2,2
92,8922.181,-7338.169,400.837,68.209,0.377990,-0.916847,0.128513,0.924538,0.366545,-0.104277,0.048501,0.158231,0.986210,0,0.72000,-0.71022,43.200,-1.420,-1,425.000,-1,425.000,-1,350.000,325.000,325.000,300.000,-1,-1,-1,-1,-1,925.000,-1,-1,2,0,2,0,2,0,0,0,0,2,2,2,2,2,0,2,2
93,8941.093,-7294.048,403.150,66.797,0.400142,-0.907336,0.128949,0.915396,0.388948,-0.103775,0.044005,0.159564,0.986206,0,0.80000,-0.70622,48.000,-1.412,-1,450.000,-1,425.000,-1,350.000,350.000,325.000,300.000,-1,-1,-1,-1,-1,925.000,-1,-1,2,0,2,0,2,0,0,0,0,2,2,2,2,2,0,2,2
94,8962.890,-7245.954,404.919,65.624,0.417984,-0.899361,0.128216,0.907654,0.407511,-0.100496,0.038133,0.158381,0.986641,0,0.88000,-0.58622,52.800,-1.172,-1,450.000,-1,425.000,-1,350.000,350.000,325.000,300.000,-1,-1,-1,-1,-1,925.000,-1,-1,2,0,2,0,2,0,0,0,0,2,2,2,2,2,0,2,2
95,8987.521,-7193.884,406.494,64.692,0.431836,-0.892933,0.127232,0.901385,0.422245,-0.095995,0.031994,0.156139,0.987217,0,0.96000,-0.46622,57.600,-0.932,-1,425.000,-1,425.000,-1,350.000,350.000,300.000,300.000,-1,-1,-1,-1,-1,900.000,-1,-1,2,0,2,0,2,0,0,0,0,2,2,2,2,2,0,2,2
96,9013.291,-7141.065,407.932,63.999,0.441934,-0.888080,0.126521,0.896656,0.433159,-0.091552,0.026502,0.153906,0.987730,0,0.97946,-0.34622,58.768,-0.692,-1,425.000,-1,425.000,-1,350.000,350.000,300.000,300.000,-1,-1,-1,-1,-1,900.000,-1,-1,2,0,2,0,2,0,0,0,0,2,2,2,2,2,0,2,2
97,9039.591,-7088.215,409.056,63.547,0.448449,-0.884812,0.126491,0.893527,0.440248,-0.088267,0.022412,0.152607,0.988033,0,0.98386,-0.22622,59.032,-0.452,-1,425.000,-1,425.000,-1,350.000,350.000,300.000,300.000,-1,-1,-1,-1,-1,875.000,-1,-1,2,0,2,0,2,0,0,0,0,2,2,2,2,2,0,2,2
98,9066.198,-7035.239,409.864,63.334,0.451209,-0.883203,0.127915,0.892233,0.443540,-0.084805,0.018164,0.152395,0.988153,0,0.98804,-0.10622,59.282,-0.212,-1,425.000,-1,425.000,-1,350.000,350.000,300.000,300.000,-1,-1,-1,-1,-1,875.000,-1,-1,2,0,2,0,2,0,0,0,0,2,2,2,2,2,0,2,2
99,9092.885,-6982.036,410.514,63.362,0.450258,-0.883356,0.130191,0.892787,0.443085,-0.081285,0.014118,0.152831,0.988151,0,0.99202,0.01378,59.521,0.028,-1,425.000,-1,400.000,-1,325.000,325.000,300.000,300.000,-1,-1,-1,-1,-1,850.000,-1,-1,2,0,2,0,2,0,0,0,0,2,2,2,2,2,0,2,2
100,9119.425,-6928.503,411.217,63.630,0.445645,-0.885354,0.132471,0.895145,0.438924,-0.077858,0.010787,0.153277,0.988124,0,0.99585,0.13378,59.751,0.268,-1,-1,-1,400.000,-1,325.000,325.000,325.000,300.000,-1,-1,-1,-1,-1,825.000,-1,-1,2,2,2,0,2,0,0,0,0,2,2,2,2,2,0,2,2
101,9145.587,-6874.536,412.008,64.137,0.437347,-0.889146,0.134711,0.899256,0.431034,-0.074490,0.008167,0.153718,0.988081,0,0.99958,0.25378,59.975,0.508,-1,-1,-1,400.000,-1,325.000,325.000,325.000,300.000,-1,-1,-1,-1,-1,825.000,-1,-1,2,2,2,0,2,0,0,0,0,2,2,2,2,2,0,2,2
102,9171.052,-6820.211,412.927,64.885,0.425319,-0.894638,0.136845,0.905022,0.419370,-0.071163,0.006276,0.154115,0.988033,0,1.00000,0.37378,60.000,0.748,-1,-1,-1,400.000,-1,325.000,325.000,325.000,300.000,-1,-1,-1,-1,-1,825.000,-1,-1,2,2,2,0,2,1,0,0,0,2,2,2,2,2,0,2,2
103,9195.577,-6765.455,413.998,65.872,0.409491,-0.901682,0.138878,0.912300,0.403865,-0.067832,0.005075,0.154475,0.987984,0,1.00000,0.49378,60.000,0.988,-1,-1,-1,400.000,-1,375.000,325.000,325.000,300.000,-1,-1,-1,-1,-1,800.000,-1,-1,2,2,2,0,2,1,0,0,0,2,2,2,2,2,0,2,2
104,9218.923,-6710.187,415.257,67.100,0.389779,-0.910086,0.140772,0.920897,0.384438,-0.064464,0.004550,0.154764,0.987941,0,1.00000,0.61378,60.000,1.228,-1,-1,-1,400.000,-1,400.000,325.000,325.000,300.000,-1,-1,-1,-1,-1,800.000,-1,-1,2,2,2,0,2,1,0,0,0,2,2,2,2,2,0,2,2
105,9240.849,-6654.341,416.196,68.567,0.366320,-0.919917,0.139867,0.930467,0.361115,-0.061866,0.006404,0.152805,0.988236,0,1.00000,0.73378,60.000,1.468,-1,-1,-1,400.000,-1,425.000,325.000,325.000,300.000,-1,-1,-1,-1,-1,800.000,-1,-1,2,2,2,0,2,1,0,0,0,2,2,2,2,2,0,2,2
106,9261.134,-6597.878,413.139,70.275,0.337065,-0.932860,0.127119,0.941475,0.334472,-0.041871,-0.003458,0.133793,0.991003,0,1.00000,0.85378,60.000,1.708,-1,-1,-1,375.000,-1,400.000,300.000,275.000,300.000,-1,-1,-1,-1,-1,750.000,-1,-1,2,2,2,0,2,1,0,0,0,2,2,2,2,2,0,2,2
107,9279.499,-6540.762,407.672,72.223,0.303089,-0.947129,0.105281,0.952714,0.303679,-0.010773,-0.021768,0.103568,0.994384,0,1.00000,0.97378,60.000,1.948,-1,-1,-1,325.000,-1,375.000,275.000,225.000,350.000,-1,-1,-1,-1,-1,650.000,-1,-1,2,2,2,0,2,1,0,0,0,2,2,2,2,2,0,2,2
108,9295.846,-6483.032,402.328,74.223,0.268884,-0.959677,0.081987,0.962373,0.271153,0.017716,-0.039232,0.074139,0.996476,0,1.00000,1.00000,60.000,2.000,-1,975.000,-1,300.000,-1,350.000,225.000,175.000,375.000,-1,-1,-1,-1,-1,550.000,-1,-1,2,1,2,0,2,1,0,0,0,2,2,2,2,2,0,2,2
109,9310.155,-6424.762,396.381,76.223,0.235075,-0.970134,0.059833,0.970247,0.237883,0.045083,-0.057970,0.047455,0.997190,0,1.00000,1.00000,60.000,2.000,-1,900.000,-1,250.000,-1,325.000,200.000,125.000,400.000,-1,-1,-1,-1,-1,475.000,-1,800.000,2,1,2,0,2,1,1,0,0,2,2,2,2,2,0,2,0
110,9321.657,-6370.771,391.064,77.983,0.205948,-0.977841,0.037594,0.975608,0.208158,0.069711,-0.075992,0.022320,0.996859,0,0.92000,0.88000,55.200,1.760,-1,825.000,-1,225.000,950.000,325.000,175.000,75.000,425.000,-1,-1,-1,-1,-1,400.000,-1,500.000,2,1,2,0,1,1,1,0,0,2,2,2,2,2,0,2,0
111,9331.268,-6318.890,386.130,79.503,0.181612,-0.983260,0.014719,0.978865,0.182191,0.092893,-0.094020,-0.002462,0.995567,0,0.87932,0.76000,52.759,1.520,-1,750.000,850.000,200.000,750.000,300.000,175.000,75.000,475.000,-1,0.000,-1,-1,-1,325.000,-1,325.000,2,1,0,0,0,1,1,1,0,2,0,2,2,2,0,2,0
112,9339.729,-6266.668,381.322,80.783,0.162273,-0.986702,-0.009308,0.980260,0.160119,0.115981,-0.112948,-0.027945,0.993208,0,0.88164,0.64000,52.898,1.280,-1,675.000,650.000,150.000,500.000,300.000,150.000,125.000,525.000,-1,0.000,-1,-1,-1,275.000,-1,200.000,2,1,1,0,0,1,1,1,0,2,0,2,2,2,0,2,0
113,9347.242,-6214.221,376.639,81.823,0.148064,-0.988392,-0.034020,0.980059,0.142032,0.138966,-0.132521,-0.053917,0.989713,0,0.88295,0.52000,52.977,1.040,-1,575.000,600.000,125.000,300.000,275.000,125.000,175.000,600.000,-1,0.000,-1,-1,-1,200.000,-1,125.000,2,1,1,0,0,1,1,1,0,2,0,2,2,2,0,2,0
114,9353.859,-6161.647,372.041,82.788,0.136270,-0.988866,-0.059789,0.978891,0.125125,0.161607,-0.152326,-0.080549,0.985042,0,0.88303,0.48297,52.982,0.966,-1,500.000,525.000,100.000,150.000,250.000,125.000,250.000,675.000,0.000,0.000,-1,-1,-1,150.000,-1,75.000,2,1,1,1,0,1,1,1,0,0,0,2,2,2,0,2,0
115,6887.237,2295.426,-214.438,172.911,-0.986576,-0.120488,-0.110232,0.141040,-0.968917,-0.203243,-0.082317,-0.216062,0.972904,1,0.00000,0.00000,52.923,0.986,-1,200.000,550.000,225.000,-1,125.000,150.000,775.000,-1,400.000,0.000,0.000,-1,450.000,425.000,-1,-1,2,1,0,0,2,1,0,1,2,1,1,0,2,1,0,2,2
116,7545.313,2947.372,-167.830,-64.160,0.435482,0.900012,-0.018274,-0.898828,0.435849,0.046308,0.049643,-0.003741,0.998760,1,0.08000,0.12000,4.800,0.240,-1,400.000,-1,400.000,-1,325.000,325.000,300.000,300.000,-1,-1,-1,-1,750.000,725.000,-1,-1,2,0,2,0,2,0,0,0,0,2,2,2,2,0,0,2,2
117,7549.570,2938.767,-167.342,-63.680,0.443018,0.896327,-0.018215,-0.895139,0.443373,0.046331,0.049604,-0.004221,0.998760,0,0.16000,0.24000,9.600,0.480,-1,400.000,-1,400.000,-1,325.000,325.000,300.000,300.000,-1,-1,-1,-1,750.000,725.000,-1,-1,2,0,2,0,2,0,0,0,0,2,2,2,2,0,0,2,2
118,7556.116,2925.941,-166.610,-62.960,0.454265,0.890682,-0.018123,-0.889488,0.454599,0.046370,0.049540,-0.004944,0.998760,0,0.24000,0.36000,14.400,0.720,-1,400.000,-1,400.000,-1,325.000,325.000,300.000,300.000,-1,-1,-1,-1,750.000,725.000,-1,-1,2,0,2,0,2,0,0,0,0,2,2,2,2,0,0,2,2
119,7565.130,2908.988,-165.634,-62.000,0.469148,0.882936,-0.017999,-0.881734,0.469456,0.046431,0.049445,-0.005913,0.998759,0,0.32000,0.48000,19.200,0.960,-1,400.000,-1,400.000,-1,325.000,325.000,300.000,300.000,-1,-1,-1,-1,750.000,725.000,-1,-1,2,0,2,0,2,0,0,0,0,2,2,2,2,0,0,2,2
120,7576.838,2888.038,-164.416,-60.800,0.487566,0.872904,-0.017839,-0.871693,0.487840,0.046522,0.049311,-0.007132,0.998758,0,0.40000,0.60000,24.000,1.200,-1,400.000,-1,400.000,-1,325.000,325.000,300.000,300.000,-1,-1,-1,-1,750.000,725.000,-1,-1,2,0,2,0,2,0,0,0,0,2,2,2,2,0,0,2,2
121,7591.516,2863.259,-162.963,-59.360,0.509383,0.860359,-0.017653,-0.859138,0.509616,0.046623,0.049109,-0.008582,0.998757,0,0.48000,0.72000,28.800,1.440,-1,400.000,-1,400.000,-1,325.000,325.000,300.000,300.000,-1,-1,-1,-1,750.000,725.000,-1,-1,2,0,2,0,2,0,0,0,0,2,2,2,2,0,0,2,2
122,7609.480,2834.864,-161.331,-57.680,0.534421,0.845037,-0.017522,-0.843816,0.534613,0.046507,0.048668,-0.010069,0.998764,0,0.56000,0.84000,33.600,1.680,-1,400.000,-1,400.000,-1,325.000,325.000,300.000,300.000,-1,-1,-1,-1,750.000,725.000,-1,-1,2,0,2,0,2,0,0,0,0,2,2,2,2,0,0,2,2
123,7630.982,2803.049,-159.494,-55.947,0.559770,0.828465,-0.017437,-0.827245,0.559922,0.046396,0.048201,-0.011546,0.998771,0,0.64000,0.86675,38.400,1.733,-1,400.000,-1,400.000,-1,325.000,325.000,300.000,300.000,-1,-1,-1,-1,750.000,725.000,-1,-1,2,0,2,0,2,0,0,0,0,2,2,2,2,0,0,2,2
124,7656.252,2768.011,-157.461,-54.202,0.584769,0.811013,-0.017408,-0.809795,0.584884,0.046293,0.047726,-0.012974,0.998776,0,0.72000,0.87263,43.200,1.745,-1,400.000,-1,375.000,-1,325.000,325.000,300.000,300.000,-1,-1,-1,-1,750.000,725.000,-1,-1,2,1,2,0,2,0,0,0,0,2,2,2,2,0,0,2,2
125,7685.512,2729.960,-155.217,-52.441,0.609446,0.792638,-0.017333,-0.791422,0.609521,0.046198,0.047183,-0.014437,0.998782,0,0.80000,0.88061,48.000,1.761,-1,400.000,-1,375.000,-1,325.000,325.000,300.000,300.000,-1,-1,-1,-1,750.000,725.000,-1,-1,2,1,2,0,2,0,0,0,0,2,2,2,2,0,0,2,2
126,7718.984,2689.126,-152.732,-50.659,0.633825,0.773286,-0.017165,-0.772067,0.633853,0.046295,0.046679,-0.016090,0.998780,0,0.88000,0.89076,52.800,1.782,-1,400.000,-1,375.000,-1,325.000,325.000,300.000,300.000,-1,-1,-1,-1,750.000,725.000,-1,-1,2,0,2,0,2,0,0,0,0,2,2,2,2,0,0,2,2
127,7756.885,2645.752,-149.964,-48.853,0.657924,0.752895,-0.016871,-0.751656,0.657891,0.046827,0.046355,-0.018127,0.998761,0,0.96000,0.90320,57.600,1.806,-1,400.000,-1,375.000,-1,325.000,325.000,300.000,325.000,-1,-1,-1,-1,750.000,725.000,-1,-1,2,0,2,0,2,0,0,0,1,2,2,2,2,0,0,2,2
128,7797.792,2601.859,-146.389,-47.016,0.681602,0.731440,-0.020339,-0.730124,0.681686,0.047149,0.048352,-0.017287,0.998681,0,1.00000,0.91805,60.000,1.836,-1,400.000,-1,400.000,-1,325.000,325.000,300.000,325.000,-1,-1,-1,-1,775.000,725.000,-1,-1,2,0,2,0,2,0,0,1,1,2,2,2,2,0,0,2,2
129,7840.109,2559.322,-142.066,-45.148,0.704792,0.708867,-0.027863,-0.707443,0.705217,0.046838,0.052851,-0.013299,0.998514,0,1.00000,0.93430,60.000,1.869,-1,425.000,-1,400.000,-1,325.000,325.000,275.000,325.000,-1,-1,-1,-1,825.000,750.000,-1,-1,2,0,2,0,2,0,0,1,1,2,2,2,2,0,0,2,2
130,7883.814,2518.214,-138.116,-43.246,0.727681,0.685095,-0.033537,-0.683614,0.728374,0.046292,0.056142,-0.010759,0.998365,0,1.00000,0.95085,60.000,1.902,-1,425.000,-1,400.000,-1,350.000,350.000,275.000,300.000,-1,-1,975.000,-1,850.000,775.000,-1,-1,2,0,2,0,2,0,0,1,0,2,2,0,2,0,0,2,2
131,7928.883,2478.605,-134.512,-41.311,0.750230,0.660113,-0.037492,-0.658604,0.751106,0.045620,0.058275,-0.009534,0.998255,0,1.00000,0.96770,60.000,1.935,-1,450.000,-1,425.000,-1,350.000,350.000,250.000,300.000,-1,850.000,725.000,-1,875.000,775.000,-1,-1,2,0,2,0,2,0,0,1,0,2,0,0,2,0,0,2,2
132,7975.286,2440.569,-131.302,-39.341,0.772364,0.633909,-0.040182,-0.632383,0.773352,0.044928,0.059555,-0.009290,0.998182,0,1.00000,0.98484,60.000,1.970,-1,450.000,-1,425.000,-1,350.000,350.000,250.000,300.000,-1,725.000,575.000,-1,875.000,800.000,-1,-1,2,0,2,0,2,0,0,1,0,2,0,0,2,0,0,2,2
133,8022.989,2404.175,-128.442,-37.341,0.793968,0.606529,-0.041690,-0.604989,0.794999,0.044320,0.060024,-0.009967,0.998147,0,1.00000,1.00000,60.000,2.000,-1,450.000,-1,425.000,-1,350.000,350.000,225.000,300.000,-1,650.000,525.000,-1,875.000,800.000,-1,-1,2,0,2,0,2,0,0,1,0,2,0,0,2,0,0,2,2
134,8071.932,2369.469,-125.874,-35.341,0.814669,0.578404,-0.041993,-0.576849,0.815668,0.043939,0.059667,-0.011572,0.998151,0,1.00000,1.00000,60.000,2.000,-1,450.000,-1,425.000,-1,350.000,350.000,200.000,300.000,-1,600.000,500.000,-1,875.000,800.000,-1,-1,2,0,2,0,2,0,0,1,0,2,0,0,2,0,0,2,2
135,8122.057,2336.492,-123.557,-33.341,0.834428,0.549568,-0.041288,-0.547990,0.835331,0.043924,0.058628,-0.014026,0.998181,0,1.00000,1.00000,60.000,2.000,-1,450.000,-1,425.000,-1,350.000,350.000,200.000,300.000,-1,600.000,500.000,-1,875.000,800.000,-1,-1,2,0,2,0,2,0,0,1,0,2,0,0,2,0,0,2,2
136,8173.302,2305.285,-121.383,-31.341,0.853227,0.520053,-0.039349,-0.518450,0.853956,0.044380,0.056682,-0.017466,0.998239,0,1.00000,1.00000,60.000,2.000,-1,450.000,-1,425.000,-1,350.000,350.000,175.000,300.000,-1,625.000,525.000,-1,850.000,800.000,-1,-1,2,0,2,0,2,0,0,1,0,2,0,0,2,0,0,2,2
