timestep,x_cm,y_cm,z_cm,yaw_deg,basis_xx,basis_xy,basis_xz,basis_yx,basis_yy,basis_yz,basis_zx,basis_zy,basis_zz,teleport_flag,throttle_cmd,steering_cmd,cmd_move_cm,cmd_turn_deg,lidar_cm_0,lidar_cm_1,lidar_cm_2,lidar_cm_3,lidar_cm_4,lidar_cm_5,lidar_cm_6,lidar_cm_7,lidar_cm_8,lidar_cm_9,lidar_cm_10,lidar_cm_11,lidar_cm_12,lidar_cm_13,lidar_cm_14,lidar_cm_15,lidar_cm_16,lidar_class_0,lidar_class_1,lidar_class_2,lidar_class_3,lidar_class_4,lidar_class_5,lidar_class_6,lidar_class_7,lidar_class_8,lidar_class_9,lidar_class_10,lidar_class_11,lidar_class_12,lidar_class_13,lidar_class_14,lidar_class_15,lidar_class_16
0,6229.303,332.305,6.268,114.428,-0.412924,-0.905141,0.101063,0.910744,-0.411122,0.039029,0.006222,0.108158,0.994114,1,0.08000,0.03359,4.800,0.067,375.000,275.000,750.000,350.000,550.000,250.000,275.000,275.000,275.000,-1,-1,-1,-1,375.000,475.000,350.000,550.000,1,1,1,1,1,1,1,1,0,2,2,2,2,1,1,1,1
1,6225.320,341.040,6.738,114.496,-0.413910,-0.904476,0.102965,0.910291,-0.412112,0.039169,0.007006,0.109941,0.993913,0,0.16000,0.03391,9.600,0.068,375.000,275.000,750.000,350.000,550.000,250.000,275.000,275.000,275.000,-1,-1,-1,-1,375.000,475.000,325.000,525.000,1,1,1,1,1,1,1,1,0,2,2,2,2,1,1,1,1
2,6219.329,354.135,7.457,114.565,-0.414868,-0.903696,0.105914,0.909845,-0.413082,0.039315,0.008222,0.112676,0.993598,0,0.24000,0.03477,14.400,0.070,375.000,275.000,750.000,350.000,525.000,250.000,275.000,300.000,250.000,-1,-1,-1,-1,375.000,475.000,325.000,525.000,1,1,1,1,1,1,1,1,0,2,2,2,2,1,1,1,1
3,6211.320,371.585,8.421,114.638,-0.415794,-0.902790,0.109937,0.909404,-0.414047,0.039365,0.009981,0.116345,0.993159,0,0.32000,0.03618,19.200,0.072,375.000,275.000,750.000,325.000,525.000,225.000,275.000,300.000,250.000,-1,-1,-1,-1,375.000,450.000,325.000,500.000,1,1,1,1,1,1,1,1,0,2,2,2,2,1,1,1,1
4,6201.279,393.383,9.624,114.714,-0.416681,-0.901740,0.115074,0.908968,-0.415022,0.039177,0.012431,0.120923,0.992584,0,0.40000,0.03819,24.000,0.076,350.000,250.000,750.000,325.000,500.000,225.000,250.000,325.000,250.000,-1,-1,-1,-1,350.000,450.000,325.000,475.000,1,1,1,1,1,1,1,1,0,2,2,2,2,1,1,1,1
5,6189.192,419.524,11.056,114.796,-0.417509,-0.900530,0.121376,0.908536,-0.416022,0.038574,0.015758,0.126380,0.991857,0,0.48000,0.04086,28.800,0.082,350.000,250.000,775.000,325.000,475.000,225.000,250.000,350.000,250.000,-1,-1,-1,-1,350.000,425.000,300.000,475.000,1,1,1,1,1,1,1,1,0,2,2,2,2,1,1,1,1
6,6175.042,449.999,12.707,114.884,-0.418249,-0.899139,0.128908,0.908108,-0.417067,0.037346,0.020184,0.132682,0.990953,0,0.56000,0.04428,33.600,0.089,325.000,250.000,775.000,300.000,425.000,225.000,250.000,400.000,250.000,-1,-1,-1,1000.000,350.000,425.000,300.000,425.000,1,1,1,1,1,1,1,1,0,2,2,2,0,1,1,1,1
7,6158.812,484.801,14.566,114.981,-0.418856,-0.897544,0.137751,0.907681,-0.418178,0.035246,0.025970,0.139797,0.989840,0,0.64000,0.04857,38.400,0.097,325.000,250.000,825.000,300.000,400.000,225.000,250.000,425.000,250.000,-1,-1,-1,850.000,325.000,400.000,275.000,400.000,1,1,1,1,1,1,1,1,0,2,2,2,0,1,1,1,1
8,6140.480,523.919,16.986,115.089,-0.419095,-0.895900,0.147387,0.907273,-0.419465,0.030088,0.034868,0.146330,0.988621,0,0.72000,0.05390,43.200,0.108,-1,250.000,-1,275.000,375.000,225.000,225.000,425.000,250.000,550.000,-1,-1,725.000,325.000,375.000,275.000,375.000,2,1,2,1,1,1,1,1,0,1,2,2,0,1,1,1,1
9,-8504.555,-5401.750,-23.340,164.340,-0.963001,-0.268970,0.016878,0.266358,-0.959442,-0.092326,0.041026,-0.084414,0.995586,1,0.00000,0.00000,48.000,0.121,-1,525.000,-1,450.000,250.000,400.000,375.000,250.000,400.000,500.000,75.000,300.000,-1,-1,-1,-1,-1,2,1,2,1,1,1,1,0,1,0,0,0,2,2,2,2,2
10,2295.614,-4919.467,35.685,80.771,0.161809,-0.975443,-0.149431,0.986777,0.158488,0.033948,-0.009432,-0.152948,0.988189,1,0.00000,0.00000,4.800,-0.170,-1,450.000,-1,375.000,500.000,400.000,350.000,250.000,225.000,600.000,650.000,-1,-1,800.000,-1,-1,-1,2,0,2,1,1,1,1,0,1,0,0,2,2,0,2,2,2
11,-979.121,-1639.362,-89.154,5.548,0.995318,-0.096653,-0.000304,0.096611,0.994963,-0.026730,0.002886,0.026576,0.999643,1,0.08000,0.12000,4.800,0.240,-1,400.000,-1,400.000,-1,325.000,325.000,300.000,300.000,-1,-1,-1,-1,750.000,725.000,-1,-1,2,0,2,0,2,0,0,0,0,2,2,2,2,0,0,2,2
12,-969.574,-1638.354,-89.127,6.028,0.994474,-0.104985,-0.000336,0.104939,0.994121,-0.026683,0.003136,0.026501,0.999644,0,0.16000,0.24000,9.600,0.480,-1,400.000,-1,400.000,-1,325.000,325.000,300.000,300.000,-1,-1,-1,-1,750.000,725.000,-1,-1,2,0,2,0,2,0,0,0,0,2,2,2,2,0,0,2,2
13,-955.274,-1636.661,-89.083,6.748,0.993076,-0.117469,-0.000383,0.117418,0.992726,-0.026617,0.003507,0.026388,0.999646,0,0.24000,0.36000,14.400,0.720,-1,400.000,-1,400.000,-1,325.000,325.000,300.000,300.000,-1,-1,-1,-1,750.000,725.000,-1,-1,2,0,2,0,2,0,0,0,0,2,2,2,2,0,0,2,2
14,-936.245,-1634.108,-89.016,7.642,0.991124,-0.132936,-0.000442,0.132878,0.990777,-0.026536,0.003965,0.026242,0.999648,0,0.32000,0.44676,19.200,0.894,-1,400.000,-1,400.000,-1,325.000,325.000,300.000,300.000,-1,-1,-1,-1,750.000,725.000,-1,-1,2,0,2,0,2,0,0,0,0,2,2,2,2,0,0,2,2
15,-912.511,-1630.546,-88.922,8.535,0.988932,-0.148371,-0.000511,0.148306,0.988588,-0.026444,0.004429,0.026075,0.999650,0,0.40000,0.44676,24.000,0.894,-1,400.000,-1,400.000,-1,325.000,325.000,300.000,300.000,-1,-1,-1,-1,750.000,725.000,-1,-1,2,0,2,0,2,0,0,0,0,2,2,2,2,0,0,2,2
16,-884.100,-1625.828,-88.798,9.429,0.986498,-0.163770,-0.000589,0.163698,0.986159,-0.026343,0.004895,0.025891,0.999653,0,0.48000,0.44676,28.800,0.894,-1,400.000,-1,400.000,-1,325.000,325.000,300.000,300.000,-1,-1,-1,-1,750.000,725.000,-1,-1,2,0,2,0,2,0,0,0,0,2,2,2,2,0,0,2,2
17,-851.044,-1619.807,-88.642,10.322,0.983825,-0.179129,-0.000673,0.179050,0.983490,-0.026237,0.005362,0.025692,0.999656,0,0.56000,0.44676,33.600,0.894,-1,400.000,-1,400.000,-1,325.000,325.000,300.000,300.000,-1,-1,-1,-1,750.000,725.000,-1,-1,2,0,2,0,2,0,0,0,0,2,2,2,2,0,0,2,2
18,-813.377,-1612.338,-88.450,11.216,0.980913,-0.194445,-0.000762,0.194359,0.980582,-0.026128,0.005827,0.025481,0.999658,0,0.64000,0.44676,38.400,0.894,-1,400.000,-1,375.000,-1,325.000,325.000,300.000,300.000,-1,-1,-1,-1,750.000,725.000,-1,-1,2,0,2,0,2,0,0,0,0,2,2,2,2,0,0,2,2
19,-771.138,-1603.276,-88.222,12.110,0.977762,-0.209714,-0.000851,0.209621,0.977436,-0.026018,0.006288,0.025261,0.999661,0,0.72000,0.44676,43.200,0.894,-1,400.000,-1,375.000,-1,325.000,325.000,300.000,300.000,-1,-1,-1,-1,750.000,725.000,-1,-1,2,0,2,0,2,0,0,0,0,2,2,2,2,0,0,2,2
20,-724.369,-1592.476,-87.954,13.003,0.974374,-0.224932,-0.000936,0.224833,0.974053,-0.025901,0.006737,0.025027,0.999664,0,0.80000,0.44676,48.000,0.894,-1,400.000,-1,375.000,-1,325.000,325.000,300.000,300.000,-1,-1,-1,-1,750.000,725.000,-1,-1,2,0,2,0,2,0,0,0,0,2,2,2,2,0,0,2,2
21,-673.115,-1579.795,-87.544,13.897,0.970748,-0.240098,-0.001188,0.239991,0.970442,-0.025435,0.007260,0.024406,0.999676,0,0.88000,0.44676,52.800,0.894,-1,400.000,-1,375.000,-1,325.000,325.000,300.000,300.000,-1,-1,-1,-1,750.000,725.000,-1,-1,2,0,2,0,2,0,0,0,0,2,2,2,2,0,0,2,2
22,-617.423,-1565.091,-87.025,14.790,0.966885,-0.255207,-0.001690,0.255089,0.966600,-0.024778,0.007957,0.023526,0.999692,0,0.96000,0.44676,57.600,0.894,-1,400.000,-1,375.000,-1,325.000,325.000,300.000,300.000,-1,-1,-1,-1,750.000,725.000,-1,-1,2,0,2,0,2,0,0,0,0,2,2,2,2,0,0,2,2
23,-561.853,-1549.489,-86.450,15.684,0.962787,-0.270254,-0.002101,0.270125,0.962518,-0.024306,0.008592,0.022834,0.999702,0,0.96199,0.44676,57.719,0.894,-1,375.000,-1,375.000,-1,325.000,325.000,300.000,300.000,-1,-1,-1,-1,750.000,725.000,-1,-1,2,0,2,0,2,0,0,0,0,2,2,2,2,0,0,2,2
24,-506.533,-1533.021,-85.750,16.577,0.958455,-0.285232,-0.002685,0.285085,0.958192,-0.024403,0.009534,0.022624,0.999699,0,0.96199,0.44676,57.719,0.894,-1,400.000,-1,375.000,-1,325.000,325.000,300.000,300.000,-1,-1,-1,-1,750.000,725.000,-1,-1,2,0,2,0,2,0,0,0,0,2,2,2,2,0,0,2,2
25,-451.476,-1515.693,-85.041,17.471,0.953889,-0.300140,-0.003253,0.299976,0.953631,-0.024531,0.010465,0.022424,0.999694,0,0.96199,0.44676,57.719,0.894,-1,400.000,-1,375.000,-1,325.000,325.000,300.000,300.000,-1,-1,-1,-1,750.000,725.000,-1,-1,2,0,2,0,2,0,0,0,0,2,2,2,2,0,0,2,2
26,-396.697,-1497.508,-84.301,18.364,0.949091,-0.314977,-0.003891,0.314793,0.948841,-0.024633,0.011451,0.022154,0.999689,0,0.96199,0.44676,57.719,0.894,-1,400.000,-1,375.000,-1,325.000,325.000,300.000,300.000,-1,-1,-1,-1,750.000,725.000,-1,-1,2,0,2,0,2,0,0,0,0,2,2,2,2,0,0,2,2
27,-346.666,-1480.264,-83.598,19.018,0.945434,-0.325781,-0.004547,0.325578,0.945192,-0.024710,0.012348,0.021882,0.999684,0,0.88199,0.32676,52.919,0.654,-1,400.000,-1,375.000,-1,325.000,325.000,300.000,300.000,-1,-1,-1,-1,750.000,725.000,-1,-1,2,0,2,0,2,0,0,0,0,2,2,2,2,0,0,2,2
28,-299.888,-1463.762,-82.938,19.431,0.943056,-0.332595,-0.005157,0.332376,0.942820,-0.024810,0.013113,0.021683,0.999679,0,0.82673,0.20676,49.604,0.414,-1,400.000,-1,375.000,-1,325.000,325.000,300.000,300.000,-1,-1,-1,-1,750.000,725.000,-1,-1,2,0,2,0,2,0,0,0,0,2,2,2,2,0,0,2,2
29,-253.160,-1447.119,-82.283,19.605,0.942041,-0.335450,-0.005766,0.335216,0.941812,-0.024929,0.013793,0.021551,0.999673,0,0.82673,0.08676,49.604,0.174,-1,400.000,-1,375.000,-1,325.000,325.000,300.000,300.000,-1,-1,-1,-1,750.000,725.000,-1,-1,2,0,2,0,2,0,0,0,0,2,2,2,2,0,0,2,2
30,-206.412,-1430.530,-81.635,19.538,0.942425,-0.334357,-0.006381,0.334108,0.942202,-0.025056,0.014390,0.021481,0.999666,0,0.82673,-0.03324,49.604,-0.066,-1,400.000,-1,375.000,-1,325.000,325.000,300.000,300.000,-1,-1,-1,-1,750.000,725.000,-1,-1,2,0,2,0,2,0,0,0,0,2,2,2,2,0,0,2,2
31,-159.577,-1414.191,-81.000,19.232,0.944195,-0.329312,-0.007009,0.329049,0.943977,-0.025181,0.014908,0.021469,0.999658,0,0.82673,-0.15324,49.604,-0.306,-1,400.000,-1,375.000,-1,325.000,325.000,300.000,300.000,-1,-1,-1,-1,725.000,725.000,-1,-1,2,0,2,0,2,0,0,0,0,2,2,2,2,0,0,2,2
32,-112.587,-1398.300,-80.383,18.685,0.947287,-0.320293,-0.007654,0.320017,0.947074,-0.025292,0.015350,0.021509,0.999651,0,0.82673,-0.27324,49.604,-0.546,-1,400.000,-1,375.000,-1,325.000,325.000,300.000,300.000,-1,-1,-1,-1,725.000,725.000,-1,-1,2,0,2,0,2,0,0,0,0,2,2,2,2,0,0,2,2
33,-65.384,-1383.055,-79.711,17.899,0.951589,-0.307265,-0.008198,0.306983,0.951385,-0.025045,0.015495,0.021316,0.999653,0,0.82673,-0.39324,49.604,-0.786,-1,400.000,-1,375.000,-1,325.000,325.000,300.000,300.000,-1,-1,-1,-1,725.000,725.000,-1,-1,2,0,2,0,2,0,0,0,0,2,2,2,2,0,0,2,2
34,-17.916,-1368.658,-78.959,16.872,0.956931,-0.290175,-0.009066,0.289888,0.956748,-0.024447,0.015768,0.020766,0.999660,0,0.82673,-0.51324,49.604,-1.026,-1,400.000,-1,375.000,-1,325.000,325.000,300.000,300.000,-1,-1,-1,-1,725.000,725.000,-1,-1,2,0,2,0,2,0,0,0,0,2,2,2,2,0,0,2,2
35,29.828,-1355.204,-78.214,15.737,0.962478,-0.271173,-0.010016,0.270882,0.962320,-0.023741,0.016076,0.020137,0.999668,0,0.82673,-0.56740,49.604,-1.135,-1,375.000,-1,375.000,-1,325.000,325.000,300.000,300.000,-1,-1,-1,-1,725.000,725.000,-1,-1,2,0,2,0,2,0,0,0,0,2,2,2,2,0,0,2,2
36,77.830,-1342.699,-77.425,14.603,0.967652,-0.252063,-0.010670,0.251770,0.967509,-0.023193,0.016169,0.019756,0.999674,0,0.82673,-0.56740,49.604,-1.135,-1,375.000,-1,375.000,-1,325.000,325.000,300.000,300.000,-1,-1,-1,-1,725.000,725.000,-1,-1,2,0,2,0,2,0,0,0,0,2,2,2,2,0,0,2,2
37,126.069,-1331.146,-76.470,13.468,0.972446,-0.232851,-0.011371,0.232543,0.972304,-0.023420,0.016509,0.020131,0.999661,0,0.82673,-0.56740,49.604,-1.135,-1,375.000,-1,375.000,-1,325.000,325.000,300.000,300.000,-1,-1,-1,-1,725.000,725.000,-1,-1,2,0,2,0,2,0,0,0,0,2,2,2,2,0,0,2,2
38,174.528,-1320.551,-75.505,12.333,0.976858,-0.213548,-0.012069,0.213226,0.976719,-0.023567,0.016821,0.020448,0.999649,0,0.82673,-0.56740,49.604,-1.135,-1,375.000,-1,375.000,-1,325.000,325.000,300.000,300.000,-1,-1,-1,-1,725.000,725.000,-1,-1,2,0,2,0,2,0,0,0,0,2,2,2,2,0,0,2,2
39,223.188,-1310.918,-74.557,11.198,0.980887,-0.194161,-0.012773,0.193826,0.980751,-0.023657,0.017120,0.020729,0.999639,0,0.82673,-0.56740,49.604,-1.135,-1,400.000,-1,375.000,-1,325.000,325.000,300.000,300.000,-1,-1,-1,-1,725.000,725.000,-1,-1,2,0,2,0,2,0,0,0,0,2,2,2,2,0,0,2,2
40,272.028,-1302.250,-73.630,10.063,0.984530,-0.174698,-0.013498,0.174350,0.984398,-0.023727,0.017433,0.021007,0.999627,0,0.82673,-0.56740,49.604,-1.135,-1,400.000,-1,375.000,-1,325.000,325.000,300.000,300.000,-1,1000.000,-1,-1,725.000,725.000,-1,-1,2,0,2,0,2,0,0,0,0,2,0,2,2,0,0,2,2
41,321.031,-1294.551,-72.729,8.929,0.987786,-0.155167,-0.014236,0.154805,0.987659,-0.023763,0.017748,0.021269,0.999616,0,0.82673,-0.56740,49.604,-1.135,-1,400.000,-1,375.000,-1,325.000,325.000,300.000,300.000,-1,975.000,-1,-1,750.000,725.000,-1,-1,2,0,2,0,2,0,0,0,0,2,0,2,2,0,0,2,2
42,370.176,-1287.824,-71.853,7.794,0.990654,-0.135576,-0.014985,0.135200,0.990533,-0.023765,0.018066,0.021517,0.999605,0,0.82673,-0.56740,49.604,-1.135,-1,400.000,-1,375.000,-1,325.000,325.000,300.000,300.000,-1,925.000,-1,-1,750.000,725.000,-1,-1,2,0,2,0,2,0,0,0,0,2,0,2,2,0,0,2,2
43,419.445,-1282.072,-71.003,6.659,0.993132,-0.115931,-0.015743,0.115542,0.993019,-0.023732,0.018385,0.021750,0.999594,0,0.82673,-0.56740,49.604,-1.135,-1,400.000,-1,375.000,-1,325.000,325.000,300.000,300.000,-1,900.000,975.000,-1,750.000,725.000,-1,-1,2,0,2,0,2,0,0,0,0,2,0,0,2,0,0,2,2
44,468.819,-1277.297,-70.177,5.524,0.995221,-0.096241,-0.016508,0.095839,0.995116,-0.023665,0.018705,0.021970,0.999584,0,0.82673,-0.56740,49.604,-1.135,-1,400.000,-1,400.000,-1,325.000,325.000,300.000,300.000,-1,875.000,950.000,-1,750.000,750.000,-1,-1,2,0,2,0,2,0,0,0,0,2,0,0,2,0,0,2,2
45,518.277,-1273.501,-69.377,4.389,0.996919,-0.076514,-0.017278,0.076098,0.996822,-0.023563,0.019026,0.022175,0.999573,0,0.82673,-0.56740,49.604,-1.135,-1,400.000,-1,400.000,-1,325.000,325.000,300.000,300.000,-1,875.000,900.000,-1,750.000,750.000,-1,-1,2,0,2,0,2,0,0,0,0,2,0,0,2,0,0,2,2
46,567.801,-1270.685,-68.601,3.255,0.998225,-0.056757,-0.018051,0.056328,0.998137,-0.023427,0.019347,0.022368,0.999563,0,0.82673,-0.56740,49.604,-1.135,-1,400.000,-1,400.000,-1,325.000,325.000,300.000,300.000,-1,850.000,900.000,-1,750.000,750.000,-1,-1,2,0,2,0,2,0,0,0,0,2,0,0,2,0,0,2,2
47,617.370,-1268.850,-67.849,2.120,0.999139,-0.036978,-0.018831,0.036536,0.999061,-0.023265,0.019674,0.022557,0.999552,0,0.82673,-0.56740,49.604,-1.135,-1,400.000,-1,400.000,-1,325.000,325.000,300.000,300.000,-1,825.000,875.000,-1,750.000,750.000,-1,-1,2,0,2,0,2,0,0,0,0,2,0,0,2,0,0,2,2
48,662.242,-1267.907,-67.108,1.204,0.999592,-0.021004,-0.019351,0.020557,0.999524,-0.022994,0.019825,0.022587,0.999548,0,0.74802,-0.45793,44.881,-0.916,-1,400.000,-1,400.000,-1,325.000,325.000,300.000,300.000,-1,850.000,875.000,-1,750.000,750.000,-1,-1,2,0,2,0,2,0,0,0,0,2,0,0,2,0,0,2,2
49,707.122,-1267.681,-66.159,0.288,0.999796,-0.005025,-0.019587,0.004573,0.999725,-0.023014,0.019698,0.022920,0.999543,0,0.74802,-0.45793,44.881,-0.916,-1,400.000,-1,400.000,-1,325.000,325.000,300.000,300.000,-1,875.000,900.000,-1,750.000,750.000,-1,-1,2,0,2,0,2,0,0,0,0,2,0,0,2,0,0,2,2
50,752.001,-1268.173,-65.225,-0.628,0.999743,0.010956,-0.019831,-0.011412,0.999670,-0.023036,0.019572,0.023256,0.999538,0,0.74802,-0.45793,44.881,-0.916,-1,400.000,-1,400.000,-1,325.000,325.000,300.000,300.000,-1,900.000,925.000,-1,750.000,750.000,-1,-1,2,0,2,0,2,0,0,0,0,2,0,0,2,0,0,2,2
51,796.866,-1269.382,-64.308,-1.544,0.999436,0.026933,-0.020076,-0.027394,0.999359,-0.023050,0.019442,0.023587,0.999533,0,0.74802,-0.45793,44.881,-0.916,-1,400.000,-1,400.000,-1,325.000,325.000,300.000,300.000,-1,950.000,950.000,-1,750.000,750.000,-1,-1,2,0,2,0,2,0,0,0,0,2,0,0,2,0,0,2,2
52,841.706,-1271.308,-63.408,-2.460,0.998873,0.042903,-0.020320,-0.043369,0.998793,-0.023055,0.019306,0.023910,0.999528,0,0.74802,-0.45793,44.881,-0.916,-1,400.000,-1,400.000,-1,325.000,325.000,300.000,300.000,-1,975.000,975.000,-1,750.000,750.000,-1,-1,2,0,2,0,2,0,0,0,0,2,0,0,2,0,0,2,2
53,886.509,-1273.951,-62.526,-3.375,0.998054,0.058862,-0.020563,-0.059332,0.997972,-0.023053,0.019165,0.024228,0.999523,0,0.74802,-0.45793,44.881,-0.916,-1,400.000,-1,400.000,-1,325.000,325.000,300.000,300.000,-1,1000.000,-1,-1,750.000,750.000,-1,-1,2,0,2,0,2,0,0,0,0,2,0,2,2,0,0,2,2
54,931.264,-1277.309,-61.662,-4.291,0.996981,0.074806,-0.020806,-0.075280,0.996896,-0.023043,0.019018,0.024539,0.999518,0,0.74802,-0.45793,44.881,-0.916,-1,400.000,-1,400.000,-1,325.000,325.000,300.000,300.000,-1,-1,-1,-1,750.000,750.000,-1,-1,2,0,2,0,2,0,0,0,0,2,2,2,2,0,0,2,2
55,975.960,-1281.382,-60.816,-5.207,0.995653,0.090730,-0.021046,-0.091209,0.995566,-0.023026,0.018864,0.024846,0.999513,0,0.74802,-0.45793,44.881,-0.916,-1,400.000,-1,400.000,-1,325.000,325.000,300.000,300.000,-1,-1,-1,-1,750.000,750.000,-1,-1,2,0,2,0,2,0,0,0,0,2,2,2,2,0,0,2,2
56,1020.586,-1286.169,-59.989,-6.123,0.994071,0.106631,-0.021285,-0.107114,0.993981,-0.023000,0.018705,0.025144,0.999509,0,0.74802,-0.45793,44.881,-0.916,-1,400.000,-1,400.000,-1,325.000,325.000,300.000,300.000,-1,-1,-1,-1,750.000,750.000,-1,-1,2,0,2,0,2,0,0,0,0,2,2,2,2,0,0,2,2
57,1065.129,-1291.669,-59.180,-7.039,0.992235,0.122504,-0.021523,-0.122991,0.992142,-0.022966,0.018540,0.025434,0.999505,0,0.74802,-0.45793,44.881,-0.916,-1,400.000,-1,400.000,-1,325.000,325.000,300.000,300.000,-1,-1,-1,-1,750.000,750.000,-1,-1,2,0,2,0,2,0,0,0,0,2,2,2,2,0,0,2,2
58,1109.578,-1297.880,-58.390,-7.955,0.990145,0.138346,-0.021757,-0.138837,0.990050,-0.022925,0.018369,0.025719,0.999500,0,0.74802,-0.45793,44.881,-0.916,-1,400.000,-1,400.000,-1,325.000,325.000,300.000,300.000,-1,-1,-1,-1,750.000,750.000,-1,-1,2,0,2,0,2,0,0,0,0,2,2,2,2,0,0,2,2
59,1153.922,-1304.801,-57.619,-8.871,0.987802,0.154153,-0.021988,-0.154647,0.987705,-0.022877,0.018191,0.025998,0.999496,0,0.74802,-0.45793,44.881,-0.916,-1,400.000,-1,400.000,-1,325.000,325.000,300.000,300.000,-1,-1,-1,-1,750.000,750.000,-1,-1,2,0,2,0,2,0,0,0,0,2,2,2,2,0,0,2,2
60,1198.151,-1312.430,-56.867,-9.787,0.985208,0.169919,-0.022215,-0.170417,0.985108,-0.022821,0.018006,0.026269,0.999493,0,0.74802,-0.45793,44.881,-0.916,-1,400.000,-1,400.000,-1,325.000,325.000,300.000,300.000,-1,-1,-1,-1,750.000,750.000,-1,-1,2,0,2,0,2,0,0,0,0,2,2,2,2,0,0,2,2
61,1242.251,-1320.764,-56.134,-10.702,0.982361,0.185642,-0.022438,-0.186143,0.982259,-0.022759,0.017815,0.026534,0.999489,0,0.74802,-0.45793,44.881,-0.916,-1,400.000,-1,400.000,-1,325.000,325.000,300.000,300.000,-1,-1,-1,-1,750.000,750.000,-1,-1,2,0,2,0,2,0,0,0,0,2,2,2,2,0,0,2,2
62,1286.213,-1329.803,-55.376,-11.618,0.979266,0.201317,-0.022587,-0.201822,0.979155,-0.022890,0.017508,0.026974,0.999483,0,0.74802,-0.45793,44.881,-0.916,-1,400.000,-1,400.000,-1,325.000,325.000,300.000,300.000,-1,-1,-1,-1,750.000,750.000,-1,-1,2,0,2,0,2,0,0,0,0,2,2,2,2,0,0,2,2
63,1330.024,-1339.543,-54.606,-12.534,0.975919,0.216940,-0.022798,-0.217450,0.975801,-0.022985,0.017260,0.027389,0.999476,0,0.74802,-0.45793,44.881,-0.916,-1,400.000,-1,400.000,-1,325.000,325.000,300.000,300.000,-1,-1,-1,-1,750.000,750.000,-1,-1,2,0,2,0,2,0,0,0,0,2,2,2,2,0,0,2,2
64,1373.675,-1349.982,-53.829,-13.450,0.972324,0.232507,-0.022962,-0.233020,0.972200,-0.022971,0.016983,0.027686,0.999472,0,0.74802,-0.45793,44.881,-0.916,-1,400.000,-1,400.000,-1,325.000,325.000,300.000,300.000,-1,-1,-1,-1,750.000,750.000,-1,-1,2,0,2,0,2,0,0,0,0,2,2,2,2,0,0,2,2
65,1417.153,-1361.118,-53.053,-14.366,0.968481,0.248016,-0.023067,-0.248529,0.968354,-0.022892,0.016659,0.027903,0.999472,0,0.74802,-0.45793,44.881,-0.916,-1,400.000,-1,400.000,-1,325.000,325.000,300.000,300.000,-1,-1,-1,-1,750.000,750.000,-1,-1,2,0,2,0,2,0,0,0,0,2,2,2,2,0,0,2,2
66,1460.447,-1372.947,-52.299,-15.282,0.964392,0.263461,-0.023166,-0.263973,0.964261,-0.022800,0.016331,0.028103,0.999472,0,0.74802,-0.45793,44.881,-0.916,-1,400.000,-1,400.000,-1,325.000,325.000,300.000,300.000,-1,-1,-1,-1,750.000,750.000,-1,-1,2,0,2,0,2,0,0,0,0,2,2,2,2,0,0,2,2
67,1503.547,-1385.466,-51.565,-16.198,0.960056,0.278839,-0.023258,-0.279350,0.959921,-0.022698,0.015997,0.028289,0.999472,0,0.74802,-0.45793,44.881,-0.916,-1,400.000,-1,400.000,-1,325.000,325.000,300.000,300.000,-1,-1,-1,-1,750.000,750.000,-1,-1,2,0,2,0,2,0,0,0,0,2,2,2,2,0,0,2,2
68,1546.441,-1398.673,-50.853,-17.113,0.955476,0.294145,-0.023343,-0.294655,0.955337,-0.022587,0.015657,0.028459,0.999472,0,0.74802,-0.45793,44.881,-0.916,-1,400.000,-1,400.000,-1,325.000,325.000,300.000,300.000,-1,-1,-1,-1,750.000,750.000,-1,-1,2,0,2,0,2,0,0,0,0,2,2,2,2,0,0,2,2
69,1593.746,-1413.852,-50.086,-17.789,0.951938,0.305393,-0.023428,-0.305901,0.951798,-0.022471,0.015437,0.028558,0.999473,0,0.82802,-0.33793,49.681,-0.676,-1,400.000,-1,400.000,-1,325.000,325.000,300.000,300.000,-1,-1,-1,-1,750.000,750.000,-1,-1,2,0,2,0,2,0,0,0,0,2,2,2,2,0,0,2,2
70,1644.754,-1430.647,-49.272,-18.225,0.949586,0.312624,-0.023513,-0.313132,0.949446,-0.022354,0.015336,0.028590,0.999474,0,0.89502,-0.21793,53.701,-0.436,-1,400.000,-1,400.000,-1,325.000,325.000,300.000,300.000,-1,-1,-1,-1,775.000,750.000,-1,-1,2,0,2,0,2,0,0,0,0,2,2,2,2,0,0,2,2
71,1695.724,-1447.623,-48.468,-18.421,0.948510,0.315868,-0.023594,-0.316376,0.948373,-0.022246,0.015349,0.028565,0.999474,0,0.89539,-0.09793,53.723,-0.196,-1,400.000,-1,400.000,-1,325.000,325.000,300.000,300.000,-1,-1,-1,-1,775.000,750.000,-1,-1,2,0,2,0,2,0,0,0,0,2,2,2,2,0,0,2,2
72,1746.721,-1464.633,-47.667,-18.446,0.948369,0.316285,-0.023670,-0.316794,0.948236,-0.022147,0.015440,0.028502,0.999474,0,0.89597,-0.01258,53.758,-0.025,-1,400.000,-1,400.000,-1,325.000,325.000,300.000,300.000,-1,-1,-1,-1,775.000,750.000,-1,-1,2,0,2,0,2,0,0,0,0,2,2,2,2,0,0,2,2
73,1797.736,-1481.670,-46.869,-18.467,0.948255,0.316622,-0.023742,-0.317131,0.948125,-0.022047,0.015530,0.028436,0.999475,0,0.89642,-0.01016,53.785,-0.020,-1,400.000,-1,400.000,-1,325.000,325.000,300.000,300.000,-1,-1,-1,-1,775.000,750.000,-1,-1,2,0,2,0,2,0,0,0,0,2,2,2,2,0,0,2,2
74,1848.765,-1498.726,-46.074,-18.482,0.948165,0.316886,-0.023810,-0.317395,0.948039,-0.021948,0.015618,0.028367,0.999476,0,0.89673,-0.00795,53.804,-0.016,-1,400.000,-1,400.000,-1,325.000,325.000,300.000,300.000,-1,-1,-1,-1,775.000,775.000,-1,-1,2,0,2,0,2,0,0,0,0,2,2,2,2,0,0,2,2
75,1899.801,-1515.797,-45.255,-18.494,0.948099,0.317083,-0.023797,-0.317591,0.947976,-0.021872,0.015624,0.028294,0.999478,0,0.89692,-0.00594,53.815,-0.012,-1,400.000,-1,400.000,-1,325.000,325.000,300.000,300.000,-1,-1,-1,-1,775.000,775.000,-1,-1,2,0,2,0,2,0,0,0,0,2,2,2,2,0,0,2,2
76,1950.838,-1532.877,-44.404,-18.503,0.948054,0.317221,-0.023747,-0.317726,0.947932,-0.021786,0.015600,0.028199,0.999481,0,0.89699,-0.00414,53.819,-0.008,-1,400.000,-1,400.000,-1,325.000,325.000,300.000,300.000,-1,-1,-1,-1,775.000,775.000,-1,-1,2,0,2,0,2,0,0,0,0,2,2,2,2,0,0,2,2
77,2001.873,-1549.960,-43.557,-18.508,0.948027,0.317307,-0.023686,-0.317808,0.947907,-0.021691,0.015569,0.028091,0.999484,0,0.89696,-0.00256,53.818,-0.005,-1,400.000,-1,400.000,-1,325.000,325.000,300.000,300.000,-1,-1,-1,-1,775.000,775.000,-1,-1,2,0,2,0,2,0,0,0,0,2,2,2,2,0,0,2,2
78,2052.899,-1567.043,-42.714,-18.510,0.948016,0.317347,-0.023607,-0.317845,0.947897,-0.021582,0.015528,0.027964,0.999488,0,0.89683,-0.00119,53.810,-0.002,-1,400.000,-1,400.000,-1,325.000,325.000,300.000,300.000,-1,-1,-1,-1,775.000,775.000,-1,-1,2,0,2,0,2,0,0,0,0,2,2,2,2,0,0,2,2
79,2103.914,-1584.123,-41.892,-18.510,0.948018,0.317349,-0.023490,-0.317843,0.947899,-0.021534,0.015432,0.027881,0.999492,0,0.89663,-0.00004,53.798,-0.000,-1,400.000,-1,400.000,-1,325.000,325.000,300.000,300.000,-1,-1,-1,-1,775.000,775.000,-1,-1,2,0,2,0,2,0,0,0,0,2,2,2,2,0,0,2,2
80,2154.913,-1601.195,-41.083,-18.508,0.948031,0.317321,-0.023351,-0.317810,0.947910,-0.021511,0.015309,0.027814,0.999496,0,0.89636,0.00089,53.781,0.002,-1,400.000,-1,400.000,-1,325.000,325.000,300.000,300.000,-1,-1,-1,-1,775.000,775.000,-1,-1,2,0,2,0,2,0,0,0,0,2,2,2,2,0,0,2,2
81,2201.426,-1616.548,-40.347,-18.267,0.949364,0.313319,-0.023213,-0.313805,0.949244,-0.021499,0.015299,0.027695,0.999499,0,0.81636,0.12089,48.981,0.242,-1,400.000,-1,400.000,-1,325.000,325.000,300.000,300.000,-1,-1,-1,-1,775.000,775.000,-1,-1,2,0,2,0,2,0,0,0,0,2,2,2,2,0,0,2,2
82,2245.889,-1630.810,-39.637,-17.785,0.951968,0.305328,-0.023076,-0.305811,0.951849,-0.021500,0.015400,0.027525,0.999502,0,0.77823,0.24089,46.694,0.482,-1,400.000,-1,400.000,-1,325.000,325.000,300.000,300.000,-1,-1,-1,-1,775.000,775.000,-1,-1,2,0,2,0,2,0,0,0,0,2,2,2,2,0,0,2,2
83,2290.515,-1644.508,-38.916,-17.063,0.955741,0.293315,-0.022937,-0.293796,0.955626,-0.021515,0.015609,0.027302,0.999505,0,0.77803,0.36089,46.682,0.722,-1,400.000,-1,400.000,-1,325.000,325.000,300.000,300.000,-1,-1,-1,-1,775.000,775.000,-1,-1,2,0,2,0,2,0,0,0,0,2,2,2,2,0,0,2,2
84,2335.357,-1657.452,-38.177,-16.101,0.960531,0.277235,-0.022802,-0.277715,0.960422,-0.021546,0.015926,0.027028,0.999508,0,0.77788,0.48089,46.673,0.962,-1,400.000,-1,400.000,-1,325.000,325.000,300.000,300.000,-1,-1,-1,-1,775.000,775.000,-1,-1,2,0,2,0,2,0,0,0,0,2,2,2,2,0,0,2,2
85,2380.433,-1669.536,-37.417,-15.007,0.965651,0.258851,-0.022672,-0.259330,0.965547,-0.021590,0.016302,0.026728,0.999510,0,0.77779,0.54695,46.668,1.094,-1,400.000,-1,400.000,-1,325.000,325.000,300.000,300.000,-1,-1,-1,-1,775.000,775.000,-1,-1,2,0,2,0,2,0,0,0,0,2,2,2,2,0,0,2,2
86,2425.728,-1680.757,-36.637,-13.913,0.970421,0.240365,-0.022548,-0.240844,0.970322,-0.021646,0.016676,0.026436,0.999511,0,0.77774,0.54716,46.665,1.094,-1,400.000,-1,400.000,-1,325.000,325.000,300.000,300.000,-1,-1,-1,-1,775.000,775.000,-1,-1,2,0,2,0,2,0,0,0,0,2,2,2,2,0,0,2,2
87,2471.227,-1691.109,-35.837,-12.818,0.974838,0.221785,-0.022430,-0.222264,0.974745,-0.021713,0.017048,0.026152,0.999513,0,0.77769,0.54735,46.661,1.095,-1,400.000,-1,400.000,-1,325.000,325.000,300.000,300.000,-1,-1,-1,-1,775.000,775.000,-1,-1,2,0,2,0,2,0,0,0,0,2,2,2,2,0,0,2,2
88,2516.912,-1700.590,-35.016,-11.723,0.978900,0.203118,-0.022319,-0.203597,0.978812,-0.021790,0.017420,0.025875,0.999513,0,0.77764,0.54751,46.658,1.095,-1,400.000,-1,400.000,-1,325.000,325.000,300.000,300.000,-1,-1,-1,-1,750.000,775.000,-1,-1,2,0,2,0,2,0,0,0,0,2,2,2,2,0,0,2,2
89,2562.766,-1709.194,-34.175,-10.628,0.982605,0.184372,-0.022212,-0.184851,0.982523,-0.021882,0.017790,0.025607,0.999514,0,0.77758,0.54764,46.655,1.095,-1,400.000,-1,400.000,-1,325.000,325.000,300.000,300.000,-1,-1,-1,-1,750.000,775.000,-1,-1,2,0,2,0,2,0,0,0,0,2,2,2,2,0,0,2,2
90,2608.774,-1716.920,-33.303,-9.533,0.985953,0.165555,-0.022092,-0.166035,0.985874,-0.022024,0.018134,0.025383,0.999513,0,0.77753,0.54775,46.652,1.096,-1,400.000,-1,400.000,-1,325.000,325.000,300.000,300.000,-1,-1,-1,-1,750.000,775.000,-1,-1,2,0,2,0,2,0,0,0,0,2,2,2,2,0,0,2,2
91,2654.917,-1723.765,-32.414,-8.437,0.988940,0.146674,-0.021991,-0.147156,0.988865,-0.022182,0.018493,0.025173,0.999512,0,0.77747,0.54783,46.648,1.096,-1,400.000,-1,400.000,-1,325.000,325.000,300.000,300.000,-1,-1,-1,-1,750.000,775.000,-1,-1,2,0,2,0,2,0,0,0,0,2,2,2,2,0,0,2,2
92,2701.180,-1729.725,-31.538,-7.341,0.991566,0.127736,-0.021926,-0.128223,0.991491,-0.022470,0.018869,0.025092,0.999507,0,0.77742,0.54789,46.645,1.096,-1,400.000,-1,400.000,-1,325.000,325.000,300.000,300.000,-1,-1,-1,-1,750.000,775.000,-1,-1,2,0,2,0,2,0,0,0,0,2,2,2,2,0,0,2,2
93,2747.544,-1734.799,-30.647,-6.245,0.993829,0.108751,-0.021860,-0.109244,0.993754,-0.022789,0.019245,0.025036,0.999501,0,0.77736,0.54792,46.642,1.096,-1,400.000,-1,400.000,-1,325.000,325.000,300.000,300.000,-1,-1,-1,-1,750.000,775.000,-1,-1,2,0,2,0,2,0,0,0,0,2,2,2,2,0,0,2,2
94,2794.681,-1739.056,-29.723,-5.161,0.995710,0.089920,-0.021801,-0.090419,0.995635,-0.023125,0.019626,0.024997,0.999495,0,0.78881,0.54232,47.328,1.085,-1,400.000,-1,400.000,-1,325.000,325.000,300.000,300.000,-1,-1,-1,-1,750.000,775.000,-1,-1,2,0,2,0,2,0,0,0,0,2,2,2,2,0,0,2,2
95,2842.053,-1742.425,-28.775,-4.069,0.997244,0.070934,-0.021751,-0.071441,0.997169,-0.023476,0.020024,0.024966,0.999488,0,0.79153,0.54584,47.492,1.092,-1,400.000,-1,400.000,-1,325.000,325.000,300.000,300.000,-1,-1,-1,-1,750.000,775.000,-1,-1,2,0,2,0,2,0,0,0,0,2,2,2,2,0,0,2,2
96,2889.645,-1744.895,-27.801,-2.970,0.998421,0.051800,-0.021709,-0.052315,0.998346,-0.023842,0.020438,0.024940,0.999480,0,0.79427,0.54937,47.656,1.099,-1,400.000,-1,400.000,-1,325.000,325.000,300.000,300.000,-1,-1,-1,-1,750.000,775.000,-1,-1,2,0,2,0,2,0,0,0,0,2,2,2,2,0,0,2,2
97,2937.441,-1746.451,-26.802,-1.864,0.999236,0.032524,-0.021675,-0.033047,0.999160,-0.024223,0.020869,0.024920,0.999472,0,0.79703,0.55291,47.822,1.106,-1,400.000,-1,400.000,-1,325.000,325.000,300.000,300.000,-1,-1,-1,-1,750.000,775.000,-1,-1,2,0,2,0,2,0,0,0,0,2,2,2,2,0,0,2,2
98,2985.426,-1747.080,-25.774,-0.751,0.999680,0.013111,-0.021650,-0.013643,0.999604,-0.024618,0.021319,0.024906,0.999462,0,0.79981,0.55646,47.989,1.113,-1,400.000,-1,400.000,-1,325.000,325.000,300.000,300.000,-1,-1,-1,-1,750.000,775.000,-1,-1,2,0,2,0,2,0,0,0,0,2,2,2,2,0,0,2,2
99,3033.581,-1746.770,-24.719,0.369,0.999745,-0.006432,-0.021634,0.005890,0.999669,-0.025029,0.021788,0.024895,0.999453,0,0.80260,0.56003,48.156,1.120,-1,400.000,-1,400.000,-1,325.000,325.000,300.000,300.000,-1,-1,-1,-1,750.000,800.000,-1,-1,2,0,2,0,2,0,0,0,0,2,2,2,2,0,0,2,2
100,3081.888,-1745.508,-23.633,1.496,0.999425,-0.026097,-0.021625,0.025544,0.999350,-0.025455,0.022276,0.024887,0.999442,0,0.80540,0.56362,48.324,1.127,-1,400.000,-1,400.000,-1,325.000,325.000,300.000,300.000,-1,-1,-1,-1,750.000,800.000,-1,-1,2,0,2,0,2,0,0,0,0,2,2,2,2,0,0,2,2
101,3130.330,-1743.283,-22.517,2.630,0.998713,-0.045878,-0.021625,0.045314,0.998637,-0.025896,0.022784,0.024882,0.999431,0,0.80821,0.56723,48.492,1.134,-1,400.000,-1,400.000,-1,325.000,325.000,300.000,300.000,-1,-1,-1,-1,750.000,800.000,-1,-1,2,0,2,0,2,0,0,0,0,2,2,2,2,0,0,2,2
102,3178.885,-1740.082,-21.370,3.772,0.997600,-0.065767,-0.021633,0.065191,0.997525,-0.026352,0.023312,0.024879,0.999419,0,0.81102,0.57087,48.661,1.142,-1,400.000,-1,400.000,-1,325.000,325.000,300.000,300.000,-1,-1,-1,-1,750.000,800.000,-1,-1,2,0,2,0,2,0,0,0,0,2,2,2,2,0,0,2,2
103,3227.534,-1735.893,-20.189,4.921,0.996081,-0.085758,-0.021648,0.085169,0.996005,-0.026824,0.023862,0.024875,0.999406,0,0.81382,0.57454,48.829,1.149,975.000,400.000,-1,400.000,-1,325.000,325.000,300.000,300.000,-1,-1,-1,-1,750.000,800.000,-1,-1,1,0,2,0,2,0,0,0,0,2,2,2,2,0,0,2,2
104,3276.256,-1730.705,-18.999,6.078,0.994147,-0.105843,-0.021657,0.105237,0.994069,-0.027404,0.024429,0.024964,0.999390,0,0.81662,0.57823,48.997,1.156,950.000,400.000,-1,400.000,-1,325.000,325.000,300.000,300.000,-1,-1,-1,-1,750.000,800.000,1000.000,-1,1,0,2,0,2,0,0,0,0,2,2,2,2,0,0,1,2
105,3325.029,-1724.508,-17.813,7.242,0.991794,-0.126013,-0.021588,0.125390,0.991709,-0.028100,0.024950,0.025163,0.999372,0,0.81941,0.58197,49.165,1.164,900.000,400.000,-1,400.000,-1,325.000,325.000,300.000,300.000,-1,-1,-1,-1,725.000,800.000,950.000,-1,1,0,2,0,2,0,0,0,0,2,2,2,2,1,0,1,2
106,3373.828,-1717.290,-16.617,8.413,0.989014,-0.146261,-0.021443,0.145626,0.988924,-0.028688,0.025402,0.025250,0.999358,0,0.82218,0.58574,49.331,1.171,850.000,400.000,-1,400.000,-1,325.000,325.000,300.000,300.000,-1,-1,-1,-1,725.000,800.000,900.000,-1,1,0,2,0,2,0,0,0,0,2,2,2,2,1,0,1,2
107,3427.241,-1708.501,-15.275,9.345,0.986509,-0.162318,-0.021280,0.161669,0.986409,-0.029330,0.025752,0.025494,0.999343,0,0.90218,0.46574,54.131,0.931,825.000,400.000,-1,400.000,-1,325.000,325.000,300.000,300.000,-1,-1,-1,-1,675.000,800.000,850.000,-1,1,0,2,0,2,0,0,0,0,2,2,2,2,1,0,1,2
108,3483.285,-1698.582,-13.838,10.036,0.984483,-0.174209,-0.021105,0.173545,0.984369,-0.030002,0.026002,0.025874,0.999327,0,0.94858,0.34574,56.915,0.691,775.000,400.000,-1,400.000,-1,325.000,325.000,300.000,300.000,-1,-1,-1,-1,650.000,800.000,800.000,-1,1,0,2,0,2,0,0,0,0,2,2,2,2,1,0,1,2
109,3539.550,-1688.167,-12.372,10.487,0.983084,-0.181958,-0.020926,0.181280,0.982953,-0.030677,0.026151,0.026365,0.999310,0,0.95369,0.22574,57.221,0.451,750.000,400.000,-1,400.000,-1,325.000,325.000,300.000,300.000,-1,-1,-1,-1,625.000,800.000,750.000,-1,1,0,2,0,2,0,0,0,0,2,2,2,2,1,0,1,2
110,3596.003,-1677.500,-10.884,10.699,0.982410,-0.185581,-0.020742,0.184891,0.982259,-0.031353,0.026193,0.026966,0.999293,0,0.95753,0.10574,57.452,0.211,700.000,400.000,-1,400.000,-1,325.000,325.000,300.000,300.000,-1,-1,-1,-1,600.000,825.000,700.000,-1,1,0,2,0,2,0,0,0,0,2,2,2,2,1,0,1,2
111,3654.587,-1666.462,-9.329,10.670,0.982507,-0.185089,-0.020547,0.184385,0.982331,-0.032052,0.026117,0.027703,0.999275,0,0.99359,-0.01426,59.616,-0.029,650.000,400.000,-1,400.000,-1,325.000,325.000,300.000,300.000,-1,-1,-1,-1,550.000,825.000,650.000,-1,1,1,2,0,2,0,1,0,0,2,2,2,2,1,0,1,2
112,3713.558,-1655.397,-7.753,10.627,0.982652,-0.184339,-0.020350,0.183623,0.982451,-0.032756,0.026031,0.028451,0.999256,0,1.00000,-0.02175,60.000,-0.044,600.000,375.000,-1,400.000,-1,325.000,325.000,300.000,300.000,-1,-1,-1,-1,525.000,825.000,575.000,-1,1,1,2,0,2,1,1,0,0,2,2,2,2,1,0,1,2
113,3772.531,-1644.342,-6.165,10.616,0.982691,-0.184155,-0.020151,0.183426,0.982464,-0.033460,0.025960,0.029185,0.999237,0,1.00000,-0.00525,60.000,-0.010,550.000,350.000,-1,400.000,-1,300.000,325.000,300.000,300.000,-1,-1,-1,-1,500.000,825.000,525.000,-1,1,1,2,0,2,1,1,0,0,2,2,2,2,1,0,1,2
114,3831.500,-1633.264,-4.563,10.640,0.982619,-0.184556,-0.019952,0.183815,0.982367,-0.034164,0.025905,0.029903,0.999217,0,1.00000,0.01181,60.000,0.024,500.000,325.000,-1,400.000,-1,300.000,325.000,300.000,300.000,-1,-1,-1,-1,475.000,825.000,475.000,-1,1,1,2,0,2,1,1,0,0,2,2,2,2,1,1,1,2
115,3890.456,-1622.125,-2.957,10.699,0.982434,-0.185560,-0.019774,0.184805,0.982155,-0.034911,0.025899,0.030643,0.999195,0,1.00000,0.02940,60.000,0.059,425.000,300.000,-1,400.000,-1,275.000,325.000,300.000,300.000,-1,-1,-1,-1,425.000,825.000,400.000,-1,1,1,2,0,2,1,1,0,0,2,2,2,2,1,1,1,2
116,3949.354,-1610.678,-1.550,10.998,0.981470,-0.190671,-0.018990,0.189901,0.981129,-0.036379,0.025569,0.032099,0.999158,0,1.00000,0.14940,60.000,0.299,375.000,300.000,-1,400.000,-1,275.000,300.000,300.000,300.000,-1,-1,-1,-1,400.000,800.000,350.000,-1,1,1,2,0,2,1,1,0,0,2,2,2,2,1,1,1,2
117,4008.142,-1598.677,0.238,11.536,0.979636,-0.199868,-0.019146,0.199000,0.979192,-0.039787,0.026700,0.035166,0.999025,0,1.00000,0.26940,60.000,0.539,325.000,275.000,-1,425.000,1000.000,250.000,300.000,300.000,300.000,-1,-1,-1,-1,375.000,825.000,300.000,-1,1,1,2,0,1,1,1,0,0,2,2,2,2,1,1,1,2
118,4066.760,-1585.871,4.235,12.315,0.976736,-0.213055,-0.024372,0.211539,0.975905,-0.053483,0.035179,0.047084,0.998271,0,1.00000,0.38940,60.000,0.779,300.000,275.000,-1,425.000,975.000,250.000,300.000,325.000,300.000,-1,-1,950.000,-1,375.000,875.000,275.000,-1,1,1,2,0,1,1,1,0,0,2,2,0,2,1,1,1,2
119,4125.141,-1572.023,8.454,13.334,0.972692,-0.230218,-0.029489,0.227822,0.971309,-0.068237,0.044352,0.059655,0.997233,0,1.00000,0.50940,60.000,1.019,275.000,250.000,-1,425.000,975.000,250.000,300.000,375.000,275.000,-1,775.000,475.000,-1,350.000,975.000,275.000,-1,1,1,2,1,1,1,1,1,0,2,0,0,2,1,1,1,2
120,4183.202,-1556.892,12.931,14.593,0.967306,-0.251277,-0.034319,0.247731,0.965159,-0.084247,0.054293,0.072991,0.995854,0,1.00000,0.62940,60.000,1.259,250.000,250.000,-1,425.000,975.000,225.000,275.000,375.000,275.000,-1,550.000,300.000,975.000,350.000,-1,250.000,-1,1,1,2,1,1,1,1,1,0,2,0,0,0,1,2,1,2
121,4240.846,-1540.243,17.696,16.092,0.960346,-0.276120,-0.038635,0.271113,0.957160,-0.101698,0.065061,0.087191,0.994065,0,1.00000,0.74940,60.000,1.499,250.000,250.000,-1,400.000,-1,225.000,275.000,375.000,275.000,-1,425.000,200.000,775.000,325.000,-1,225.000,-1,1,1,2,1,2,1,1,1,0,2,0,0,0,1,2,1,2
122,4297.957,-1521.848,22.779,17.831,0.951549,-0.304595,-0.042151,0.297780,0.946969,-0.120738,0.076692,0.102336,0.991789,0,1.00000,0.86940,60.000,1.739,225.000,225.000,-1,400.000,-1,225.000,250.000,400.000,250.000,-1,350.000,150.000,625.000,300.000,-1,225.000,-1,1,1,2,1,2,1,1,1,0,2,0,0,0,1,2,1,2
123,9511.015,-3607.611,-40.905,9.769,0.985482,-0.169484,0.010043,0.168782,0.984375,0.050191,-0.018392,-0.047767,0.998689,1,0.00000,0.00000,60.000,1.979,-1,400.000,-1,400.000,-1,325.000,325.000,300.000,300.000,-1,-1,-1,-1,850.000,825.000,-1,-1,2,0,2,0,2,0,0,0,0,2,2,2,2,0,0,2,2
124,9515.748,-3606.816,-40.992,9.529,0.986181,-0.165359,0.010183,0.164653,0.985071,0.050249,-0.018340,-0.047878,0.998685,0,0.08000,-0.12000,4.800,-0.240,-1,400.000,-1,400.000,-1,325.000,325.000,300.000,300.000,-1,-1,-1,-1,850.000,825.000,-1,-1,2,0,2,0,2,0,0,0,0,2,2,2,2,0,0,2,2
125,9525.229,-3605.306,-41.162,9.049,0.987527,-0.157099,0.010464,0.156387,0.986411,0.050363,-0.018234,-0.048098,0.998676,0,0.16000,-0.24000,9.600,-0.480,-1,400.000,-1,400.000,-1,325.000,325.000,300.000,300.000,-1,-1,-1,-1,850.000,825.000,-1,-1,2,0,2,0,2,0,0,0,0,2,2,2,2,0,0,2,2
126,9539.477,-3603.220,-41.408,8.329,0.989417,-0.144689,0.010886,0.143968,0.988292,0.050527,-0.018069,-0.048425,0.998663,0,0.24000,-0.36000,14.400,-0.720,-1,400.000,-1,400.000,-1,325.000,325.000,300.000,300.000,-1,-1,-1,-1,850.000,825.000,-1,-1,2,0,2,0,2,0,0,0,0,2,2,2,2,0,0,2,2
127,9558.518,-3600.753,-41.721,7.381,0.991667,-0.128320,0.011446,0.127588,0.990529,0.050734,-0.017848,-0.048851,0.998647,0,0.32000,-0.47384,19.200,-0.948,-1,400.000,-1,400.000,-1,325.000,325.000,300.000,300.000,-1,-1,-1,-1,850.000,825.000,-1,-1,2,0,2,0,2,0,0,0,0,2,2,2,2,0,0,2,2
128,9582.368,-3598.064,-42.093,6.432,0.993647,-0.111885,0.012144,0.111132,0.992497,0.050981,-0.017756,-0.049307,0.998626,0,0.40000,-0.47479,24.000,-0.950,-1,400.000,-1,400.000,-1,325.000,325.000,300.000,300.000,-1,-1,-1,-1,850.000,825.000,-1,-1,2,0,2,0,2,0,0,0,0,2,2,2,2,0,0,2,2
129,9611.036,-3595.313,-42.516,5.480,0.995357,-0.095378,0.012977,0.094598,0.994195,0.051262,-0.017791,-0.049797,0.998601,0,0.48000,-0.47598,28.800,-0.952,-1,400.000,-1,400.000,-1,325.000,325.000,300.000,300.000,-1,-1,-1,-1,850.000,825.000,-1,-1,2,0,2,0,2,0,0,0,0,2,2,2,2,0,0,2,2
130,9644.532,-3592.662,-42.984,4.525,0.996793,-0.078795,0.013945,0.077981,0.995620,0.051573,-0.017947,-0.050320,0.998572,0,0.56000,-0.47741,33.600,-0.955,-1,400.000,-1,400.000,-1,325.000,325.000,300.000,300.000,-1,-1,-1,-1,850.000,800.000,-1,-1,2,0,2,0,2,0,0,0,0,2,2,2,2,0,0,2,2
131,9682.858,-3590.273,-43.487,3.567,0.997954,-0.062135,0.015046,0.061278,0.996770,0.051907,-0.018222,-0.050879,0.998539,0,0.64000,-0.47905,38.400,-0.958,-1,400.000,-1,400.000,-1,325.000,325.000,300.000,300.000,-1,-1,-1,-1,850.000,800.000,-1,-1,2,0,2,0,2,0,0,0,0,2,2,2,2,0,0,2,2
132,9726.013,-3588.309,-44.018,2.605,0.998837,-0.045393,0.016277,0.044488,0.997642,0.052259,-0.018611,-0.051474,0.998501,0,0.72000,-0.48088,43.200,-0.962,-1,400.000,-1,400.000,-1,325.000,325.000,300.000,300.000,-1,-1,-1,-1,825.000,800.000,-1,-1,2,0,2,0,2,0,0,0,0,2,2,2,2,0,0,2,2
133,9773.999,-3587.132,-44.555,1.403,0.999545,-0.024459,0.017637,0.023501,0.998339,0.052593,-0.018894,-0.052155,0.998460,0,0.80000,-0.60088,48.000,-1.202,-1,400.000,-1,400.000,-1,325.000,325.000,300.000,300.000,-1,-1,-1,-1,825.000,800.000,-1,-1,2,0,2,0,2,0,0,0,0,2,2,2,2,0,0,2,2
134,9826.800,-3587.095,-45.080,0.040,0.999817,-0.000703,0.019119,-0.000309,0.998600,0.052899,-0.019130,-0.052895,0.998417,0,0.88000,-0.68154,52.800,-1.363,-1,400.000,-1,400.000,-1,325.000,325.000,300.000,300.000,-1,-1,-1,-1,825.000,800.000,-1,-1,2,0,2,0,2,0,0,0,0,2,2,2,2,0,0,2,2
135,9880.447,-3588.337,-46.227,-1.327,0.999533,0.023129,0.019947,-0.024167,0.998278,0.053458,-0.018676,-0.053916,0.998371,0,0.89435,-0.68380,53.661,-1.368,-1,400.000,-1,400.000,-1,325.000,325.000,300.000,300.000,-1,-1,-1,-1,825.000,800.000,-1,-1,2,0,2,0,2,0,0,0,0,2,2,2,2,0,0,2,2
136,9933.985,-3590.860,-47.429,-2.699,0.998675,0.047022,0.020930,-0.048092,0.997383,0.053978,-0.018337,-0.054913,0.998323,0,0.89328,-0.68598,53.597,-1.372,-1,400.000,-1,400.000,-1,325.000,325.000,300.000,300.000,-1,-1,-1,-1,825.000,775.000,-1,-1,2,0,2,0,2,0,0,0,0,2,2,2,2,0,0,2,2
137,9987.376,-3594.664,-48.555,-4.075,0.997239,0.070956,0.021902,-0.072058,0.995913,0.054457,-0.017948,-0.055885,0.998276,0,0.89210,-0.68804,53.526,-1.376,-1,400.000,-1,400.000,-1,325.000,325.000,300.000,300.000,-1,-1,-1,-1,825.000,775.000,-1,-1,2,0,2,0,2,0,0,0,0,2,2,2,2,0,0,2,2
138,10040.582,-3599.744,-49.602,-5.455,0.995223,0.094915,0.022860,-0.096046,0.993862,0.054894,-0.017510,-0.056827,0.998230,0,0.89080,-0.68997,53.448,-1.380,-1,400.000,-1,400.000,975.000,325.000,325.000,300.000,300.000,-1,-1,-1,-1,825.000,775.000,-1,-1,2,0,2,0,1,0,0,0,0,2,2,2,2,0,0,2,2
