timestep,x_cm,y_cm,z_cm,yaw_deg,basis_xx,basis_xy,basis_xz,basis_yx,basis_yy,basis_yz,basis_zx,basis_zy,basis_zz,teleport_flag,throttle_cmd,steering_cmd,cmd_move_cm,cmd_turn_deg,lidar_cm_0,lidar_cm_1,lidar_cm_2,lidar_cm_3,lidar_cm_4,lidar_cm_5,lidar_cm_6,lidar_cm_7,lidar_cm_8,lidar_cm_9,lidar_cm_10,lidar_cm_11,lidar_cm_12,lidar_cm_13,lidar_cm_14,lidar_cm_15,lidar_cm_16,lidar_class_0,lidar_class_1,lidar_class_2,lidar_class_3,lidar_class_4,lidar_class_5,lidar_class_6,lidar_class_7,lidar_class_8,lidar_class_9,lidar_class_10,lidar_class_11,lidar_class_12,lidar_class_13,lidar_class_14,lidar_class_15,lidar_class_16
0,982.767,5580.089,299.434,103.628,-0.235469,-0.971841,-0.008947,0.971522,-0.235622,0.025033,-0.026436,-0.002798,0.999647,1,0.08000,-0.12000,4.800,-0.240,-1,375.000,-1,400.000,-1,300.000,300.000,325.000,325.000,-1,-1,-1,675.000,675.000,750.000,-1,-1,2,0,2,0,2,0,0,0,0,2,2,2,1,0,0,2,2
1,980.583,5589.438,299.172,103.148,-0.227327,-0.973781,-0.008553,0.973463,-0.227472,0.025018,-0.026308,-0.002638,0.999650,0,0.16000,-0.24000,9.600,-0.480,-1,375.000,-1,400.000,-1,300.000,300.000,325.000,325.000,-1,-1,-1,675.000,675.000,750.000,-1,-1,2,0,2,0,2,0,0,0,0,2,2,2,1,0,0,2,2
2,977.484,5603.500,298.782,102.428,-0.215084,-0.976563,-0.007950,0.976246,-0.215218,0.025005,-0.026130,-0.002383,0.999656,0,0.24000,-0.36000,14.400,-0.720,-1,375.000,-1,400.000,-1,300.000,300.000,325.000,325.000,-1,-1,-1,675.000,675.000,750.000,-1,-1,2,0,2,0,2,0,0,0,0,2,2,2,1,0,0,2,2
3,973.667,5622.317,298.265,101.468,-0.198708,-0.980033,-0.007127,0.979716,-0.198826,0.025004,-0.025921,-0.002014,0.999662,0,0.32000,-0.48000,19.200,-0.960,-1,375.000,-1,400.000,-1,300.000,325.000,325.000,325.000,-1,-1,-1,700.000,675.000,750.000,-1,-1,2,0,2,0,2,0,0,0,0,2,2,2,1,0,0,2,2
4,969.382,5645.931,297.627,100.284,-0.178434,-0.983933,-0.006071,0.983616,-0.178531,0.025027,-0.025709,-0.001505,0.999668,0,0.40000,-0.59206,24.000,-1.184,-1,375.000,-1,400.000,-1,300.000,325.000,325.000,325.000,-1,-1,-1,725.000,675.000,750.000,-1,-1,2,0,2,0,2,0,0,0,0,2,2,2,1,0,0,2,2
5,964.821,5674.368,296.881,99.113,-0.158308,-0.987378,-0.004798,0.987060,-0.158379,0.025082,-0.025525,-0.000766,0.999674,0,0.48000,-0.58571,28.800,-1.171,-1,375.000,-1,400.000,-1,300.000,300.000,325.000,325.000,-1,-1,-1,725.000,675.000,750.000,-1,-1,2,0,2,0,2,0,0,0,0,2,2,2,1,0,0,2,2
6,960.170,5707.644,296.030,97.957,-0.138382,-0.990373,-0.003299,0.990053,-0.138422,0.025176,-0.025390,0.000218,0.999678,0,0.56000,-0.57814,33.600,-1.156,-1,375.000,-1,400.000,-1,300.000,300.000,325.000,325.000,-1,-1,-1,750.000,675.000,750.000,-1,-1,2,0,2,0,2,0,0,0,0,2,2,2,1,0,0,2,2
7,955.611,5745.773,295.077,96.818,-0.118711,-0.992928,-0.001562,0.992606,-0.118712,0.025319,-0.025325,0.001455,0.999678,0,0.64000,-0.56936,38.400,-1.139,-1,375.000,-1,400.000,-1,300.000,300.000,325.000,325.000,-1,-1,-1,775.000,675.000,750.000,-1,-1,2,0,2,0,2,0,0,0,0,2,2,2,1,0,0,2,2
8,951.322,5788.759,294.022,95.699,-0.099347,-0.995053,0.000423,0.994730,-0.099304,0.025520,-0.025352,0.002956,0.999674,0,0.72000,-0.55935,43.200,-1.119,-1,375.000,-1,400.000,-1,300.000,300.000,325.000,325.000,-1,-1,-1,800.000,675.000,750.000,-1,-1,2,0,2,0,2,0,0,0,0,2,2,2,1,0,0,2,2
9,947.328,5836.593,292.876,94.773,-0.083302,-0.996521,0.002637,0.996199,-0.083207,0.025777,-0.025468,0.004774,0.999664,0,0.80000,-0.46305,48.000,-0.926,-1,375.000,-1,400.000,-1,300.000,300.000,325.000,325.000,-1,-1,-1,825.000,675.000,750.000,1000.000,-1,2,0,2,0,2,0,0,0,0,2,2,2,1,0,0,1,2
10,943.839,5888.140,291.612,93.872,-0.067686,-0.997693,0.005221,0.997379,-0.067529,0.025981,-0.025569,0.006966,0.999649,0,0.86108,-0.45042,51.665,-0.901,-1,375.000,-1,375.000,-1,300.000,300.000,325.000,325.000,-1,-1,-1,850.000,675.000,750.000,950.000,-1,2,0,2,0,2,0,0,0,0,2,2,2,1,0,0,1,2
11,941.120,5940.038,290.516,92.999,-0.052504,-0.998595,0.007128,0.998323,-0.052313,0.024809,-0.024402,0.008419,0.999667,0,0.86616,-0.43669,51.969,-0.873,-1,375.000,-1,400.000,-1,300.000,300.000,300.000,325.000,-1,-1,-1,875.000,700.000,725.000,900.000,-1,2,0,2,0,2,0,0,0,0,2,2,2,1,1,0,1,2
12,939.155,5992.290,289.399,92.153,-0.037790,-0.999247,0.008764,0.999010,-0.037573,0.023824,-0.023477,0.009655,0.999678,0,0.87148,-0.42272,52.289,-0.845,950.000,375.000,-1,400.000,-1,300.000,300.000,300.000,325.000,-1,-1,-1,900.000,675.000,725.000,850.000,-1,1,0,2,0,2,0,0,0,0,2,2,2,1,1,0,1,2
13,937.625,6049.358,288.217,91.536,-0.027049,-0.999579,0.010520,0.999382,-0.026804,0.022750,-0.022459,0.011129,0.999686,0,0.95148,-0.30866,57.089,-0.617,875.000,375.000,-1,400.000,-1,300.000,300.000,300.000,350.000,-1,-1,-1,925.000,650.000,725.000,800.000,-1,1,0,2,0,2,0,0,0,0,2,2,2,1,1,0,1,2
14,936.641,6108.905,286.996,90.947,-0.016789,-0.999783,0.012351,0.999629,-0.016519,0.021667,-0.021459,0.012710,0.999689,0,0.99258,-0.29474,59.555,-0.589,800.000,375.000,-1,400.000,-1,300.000,300.000,300.000,350.000,-1,-1,-1,950.000,625.000,725.000,725.000,-1,1,0,2,0,2,0,0,0,0,2,2,2,1,1,0,1,2
15,936.235,6168.904,285.775,90.387,-0.007050,-0.999874,0.014196,0.999765,-0.006757,0.020605,-0.020506,0.014338,0.999687,0,1.00000,-0.27970,60.000,-0.559,725.000,375.000,-1,400.000,-1,300.000,300.000,300.000,350.000,-1,-1,-1,975.000,600.000,700.000,675.000,-1,1,0,2,0,2,0,0,0,0,2,2,2,1,1,0,1,2
16,936.382,6228.903,284.559,89.859,0.002143,-0.999869,0.016042,0.999806,0.002457,0.019558,-0.019595,0.015997,0.999680,0,1.00000,-0.26397,60.000,-0.528,650.000,375.000,-1,400.000,-1,300.000,300.000,300.000,350.000,-1,-1,-1,1000.000,575.000,700.000,625.000,-1,1,0,2,0,2,0,0,0,0,2,2,2,1,1,0,1,2
17,937.048,6288.900,283.345,89.364,0.010769,-0.999782,0.017890,0.999767,0.011100,0.018516,-0.018710,0.017686,0.999669,0,1.00000,-0.24765,60.000,-0.495,600.000,375.000,-1,375.000,-1,300.000,325.000,300.000,350.000,-1,-1,-1,-1,550.000,675.000,575.000,-1,1,1,2,0,2,0,0,0,0,2,2,2,2,1,0,1,2
18,938.197,6348.889,282.129,88.903,0.018805,-0.999628,0.019739,0.999664,0.019150,0.017466,-0.017837,0.019404,0.999653,0,1.00000,-0.23071,60.000,-0.461,550.000,350.000,-1,375.000,-1,300.000,300.000,300.000,325.000,-1,-1,-1,-1,525.000,675.000,525.000,-1,1,1,2,0,2,1,0,0,0,2,2,2,2,1,0,1,2
19,939.792,6408.867,280.909,88.476,0.026229,-0.999423,0.021589,0.999512,0.026586,0.016398,-0.016963,0.021148,0.999632,0,1.00000,-0.21313,60.000,-0.426,475.000,350.000,-1,375.000,-1,300.000,300.000,300.000,325.000,-1,-1,-1,-1,500.000,675.000,475.000,-1,1,1,2,0,2,1,0,0,0,2,2,2,2,1,0,1,2
20,941.795,6468.834,279.681,88.086,0.033019,-0.999180,0.023439,0.999325,0.033383,0.015303,-0.016073,0.022918,0.999608,0,1.00000,-0.19490,60.000,-0.390,425.000,325.000,-1,375.000,-1,300.000,300.000,300.000,325.000,-1,-1,600.000,-1,475.000,650.000,425.000,-1,1,1,2,0,2,1,0,0,0,2,2,0,2,1,0,1,2
21,944.166,6528.787,278.443,87.735,0.039151,-0.998913,0.025289,0.999118,0.039518,0.014173,-0.015157,0.024712,0.999580,0,1.00000,-0.17597,60.000,-0.352,375.000,325.000,-1,375.000,-1,275.000,300.000,325.000,325.000,-1,-1,550.000,-1,475.000,650.000,375.000,-1,1,1,2,0,2,1,0,0,0,2,2,0,2,1,0,1,2
22,946.863,6588.726,278.837,87.422,0.044682,-0.998519,0.031029,0.998954,0.044960,0.008323,-0.009705,0.030625,0.999484,0,1.00000,-0.15631,60.000,-0.313,350.000,325.000,-1,375.000,-1,275.000,300.000,325.000,325.000,-1,-1,375.000,-1,475.000,650.000,375.000,-1,1,1,2,0,2,1,0,0,0,2,2,0,2,1,0,1,2
23,949.842,6648.652,280.617,87.150,0.049674,-0.998068,0.037327,0.998765,0.049685,-0.000622,-0.001234,0.037312,0.999303,0,1.00000,-0.13590,60.000,-0.272,350.000,325.000,-1,375.000,-1,300.000,325.000,350.000,325.000,-1,500.000,250.000,-1,475.000,675.000,375.000,-1,1,1,2,0,2,1,0,0,0,2,0,0,2,1,0,1,2
24,953.061,6708.566,282.334,86.921,0.054025,-0.997601,0.043281,0.998515,0.053666,-0.009410,0.007065,0.043725,0.999019,0,1.00000,-0.11468,60.000,-0.229,325.000,325.000,-1,400.000,-1,300.000,325.000,375.000,300.000,-1,375.000,225.000,-1,500.000,725.000,375.000,-1,1,1,2,0,2,1,0,0,0,2,0,0,2,1,0,1,2
25,956.494,6768.468,283.990,86.716,0.058033,-0.997116,0.048905,0.998199,0.057211,-0.018033,0.015183,0.049863,0.998641,0,1.00000,-0.10229,60.000,-0.205,325.000,350.000,-1,400.000,-1,325.000,350.000,400.000,300.000,-1,300.000,175.000,-1,525.000,750.000,375.000,-1,1,1,2,0,2,1,0,0,0,2,0,0,2,1,0,1,2
26,960.116,6828.359,285.586,86.533,0.061739,-0.996619,0.054206,0.997825,0.060373,-0.026479,0.023117,0.055723,0.998179,0,1.00000,-0.09140,60.000,-0.183,325.000,350.000,-1,425.000,-1,325.000,350.000,400.000,300.000,-1,275.000,125.000,975.000,550.000,775.000,375.000,-1,1,1,2,0,2,1,0,1,0,2,0,0,0,1,0,1,2
27,963.905,6888.240,287.123,86.374,0.065103,-0.996121,0.059196,0.997401,0.063122,-0.034737,0.030866,0.061303,0.997642,0,1.00000,-0.07963,60.000,-0.159,300.000,350.000,-1,425.000,-1,350.000,375.000,350.000,300.000,-1,225.000,100.000,925.000,600.000,800.000,375.000,-1,1,1,2,0,2,1,0,1,0,2,0,0,0,1,0,1,2
28,967.834,6948.112,288.603,86.240,0.068084,-0.995632,0.063888,0.996939,0.065427,-0.042799,0.038432,0.066606,0.997039,0,1.00000,-0.06693,60.000,-0.134,300.000,375.000,-1,450.000,-1,375.000,375.000,325.000,300.000,-1,200.000,100.000,900.000,650.000,825.000,475.000,-1,1,1,2,0,2,1,0,1,0,2,0,0,0,1,0,1,2
29,971.874,7007.976,290.028,86.134,0.070641,-0.995161,0.068303,0.996449,0.067255,-0.050660,0.045821,0.071640,0.996378,0,1.00000,-0.05327,60.000,-0.107,275.000,400.000,-1,450.000,-1,375.000,400.000,300.000,300.000,-1,200.000,75.000,850.000,700.000,875.000,-1,-1,1,1,2,0,2,1,0,1,0,2,0,0,0,1,0,2,2
30,975.994,7067.836,291.404,86.056,0.072731,-0.994715,0.072468,0.995940,0.068572,-0.058323,0.053045,0.076416,0.995664,0,1.00000,-0.03861,60.000,-0.077,325.000,425.000,-1,475.000,-1,400.000,400.000,275.000,275.000,-1,175.000,75.000,825.000,750.000,900.000,-1,-1,1,1,2,0,2,1,0,1,0,2,0,0,0,1,0,2,2
31,980.162,7127.692,292.735,86.011,0.074317,-0.994303,0.076414,0.995421,0.069344,-0.065790,0.060116,0.080953,0.994903,0,1.00000,-0.02297,60.000,-0.046,475.000,425.000,-1,475.000,-1,425.000,425.000,250.000,275.000,-1,175.000,50.000,800.000,800.000,950.000,-1,-1,1,1,2,0,2,1,0,1,0,2,0,0,0,1,0,2,2
32,984.343,7187.547,294.026,85.998,0.075362,-0.993928,0.080177,0.994899,0.069541,-0.073071,0.067052,0.085275,0.994099,0,1.00000,-0.00639,60.000,-0.013,650.000,450.000,-1,500.000,-1,425.000,425.000,225.000,275.000,-1,150.000,50.000,725.000,850.000,1000.000,-1,-1,1,1,2,0,2,1,0,1,0,2,0,0,0,1,0,2,2
33,-6231.284,-4919.574,371.825,-125.262,-0.583606,0.812036,-0.001103,-0.799213,-0.574149,0.177797,0.143744,0.104645,0.984067,1,0.00000,0.00000,60.000,0.022,275.000,250.000,-1,325.000,-1,225.000,275.000,875.000,300.000,-1,100.000,50.000,325.000,375.000,600.000,200.000,-1,1,1,2,1,2,1,1,0,0,2,0,0,0,1,1,1,2
34,-4917.849,-9506.507,141.352,69.987,0.342234,-0.939602,0.004855,0.939614,0.342236,-0.000508,-0.001184,0.004736,0.999988,1,0.08000,-0.12000,4.800,-0.240,-1,375.000,-1,425.000,-1,325.000,325.000,325.000,325.000,-1,650.000,475.000,675.000,700.000,800.000,-1,-1,2,0,2,0,2,0,0,0,0,2,1,1,1,0,0,2,2
35,-4914.519,-9497.503,141.379,69.703,0.346881,-0.937894,0.005348,0.937908,0.346884,-0.000467,-0.001418,0.005178,0.999986,0,0.16000,-0.14185,9.600,-0.284,-1,375.000,-1,425.000,-1,325.000,325.000,325.000,325.000,-1,700.000,475.000,675.000,700.000,800.000,-1,-1,2,0,2,0,2,0,0,0,0,2,1,1,1,0,0,2,2
36,-4909.458,-9484.022,141.412,69.422,0.351470,-0.936179,0.006074,0.936197,0.351475,-0.000399,-0.001761,0.005827,0.999981,0,0.24000,-0.14040,14.400,-0.281,-1,375.000,-1,425.000,-1,325.000,325.000,325.000,325.000,-1,775.000,500.000,700.000,700.000,800.000,-1,-1,2,0,2,0,2,0,0,0,0,2,1,1,1,0,0,2,2
37,-4902.622,-9466.079,141.452,69.146,0.355978,-0.934468,0.007047,0.934492,0.355985,-0.000320,-0.002209,0.006699,0.999975,0,0.32000,-0.13821,19.200,-0.276,-1,375.000,-1,425.000,-1,325.000,325.000,350.000,325.000,-1,-1,525.000,725.000,700.000,800.000,-1,-1,2,0,2,0,2,0,0,0,0,2,2,1,1,0,0,2,2
38,-4893.973,-9443.692,141.497,68.875,0.360381,-0.932768,0.008283,0.932801,0.360392,-0.000249,-0.002752,0.007816,0.999966,0,0.40000,-0.13530,24.000,-0.271,-1,375.000,-1,425.000,-1,325.000,325.000,350.000,325.000,-1,-1,550.000,725.000,700.000,800.000,-1,-1,2,0,2,0,2,0,0,0,0,2,2,1,1,0,0,2,2
39,-4883.470,-9416.876,141.548,68.612,0.364655,-0.931091,0.009801,0.931137,0.364670,-0.000209,-0.003380,0.009202,0.999952,0,0.48000,-0.13166,28.800,-0.263,-1,375.000,-1,425.000,-1,325.000,325.000,350.000,325.000,-1,-1,600.000,750.000,700.000,775.000,-1,-1,2,0,2,0,2,0,0,0,0,2,2,1,1,0,0,2,2
40,-4871.078,-9385.644,141.604,68.357,0.368775,-0.929446,0.011622,0.929510,0.368798,-0.000224,-0.004078,0.010885,0.999932,0,0.56000,-0.12729,33.600,-0.255,-1,375.000,-1,400.000,-1,325.000,325.000,350.000,325.000,-1,-1,650.000,775.000,700.000,775.000,-1,-1,2,0,2,0,2,0,0,0,0,2,2,1,1,0,0,2,2
41,-4858.077,-9353.281,141.661,68.113,0.372720,-0.927844,0.013574,0.927932,0.372751,-0.000320,-0.004763,0.012715,0.999908,0,0.58129,-0.12219,34.877,-0.244,-1,375.000,-1,400.000,-1,325.000,325.000,350.000,325.000,-1,-1,700.000,825.000,700.000,775.000,-1,-1,2,0,2,0,2,0,0,0,0,2,2,1,1,0,0,2,2
42,-4844.854,-9320.752,141.717,67.879,0.376484,-0.926292,0.015604,0.926407,0.376523,-0.000500,-0.005412,0.014644,0.999878,0,0.58522,-0.11688,35.113,-0.234,-1,375.000,-1,400.000,-1,325.000,325.000,350.000,325.000,-1,-1,750.000,850.000,700.000,750.000,-1,-1,2,0,2,0,2,0,0,0,0,2,2,1,1,0,0,2,2
43,-4831.415,-9288.054,141.603,67.656,0.380081,-0.924800,0.016869,0.924937,0.380119,-0.001012,-0.005476,0.015987,0.999857,0,0.58920,-0.11153,35.352,-0.223,-1,375.000,-1,400.000,-1,325.000,325.000,350.000,325.000,-1,-1,775.000,875.000,700.000,750.000,-1,-1,2,0,2,0,2,0,0,0,0,2,2,1,1,0,0,2,2
44,-4817.762,-9255.183,141.477,67.444,0.383499,-0.923363,0.018131,0.923525,0.383533,-0.001691,-0.005392,0.017393,0.999834,0,0.59323,-0.10614,35.594,-0.212,-1,375.000,-1,400.000,-1,325.000,325.000,375.000,325.000,-1,-1,825.000,900.000,700.000,750.000,-1,-1,2,0,2,0,2,0,0,0,0,2,2,1,1,0,0,2,2
45,-4803.898,-9222.135,141.443,67.242,0.386742,-0.921977,0.019716,0.922175,0.386763,-0.002861,-0.004988,0.019288,0.999802,0,0.59731,-0.10070,35.838,-0.201,-1,375.000,-1,400.000,-1,325.000,325.000,375.000,325.000,-1,-1,850.000,925.000,700.000,750.000,-1,-1,2,0,2,0,2,0,0,0,0,2,2,1,1,0,0,2,2
46,-4789.829,-9188.905,141.249,67.052,0.389796,-0.920662,0.020991,0.920887,0.389815,-0.003358,-0.005091,0.020639,0.999774,0,0.60143,-0.09522,36.086,-0.190,-1,375.000,-1,400.000,-1,325.000,325.000,375.000,325.000,-1,-1,900.000,950.000,700.000,725.000,-1,-1,2,0,2,0,2,0,0,0,0,2,2,1,1,0,0,2,2
47,-4775.557,-9155.489,140.907,66.872,0.392661,-0.919420,0.021989,0.919666,0.392689,-0.003230,-0.005665,0.021491,0.999753,0,0.60559,-0.08969,36.336,-0.179,-1,375.000,-1,400.000,-1,300.000,325.000,375.000,325.000,-1,-1,950.000,975.000,700.000,725.000,-1,-1,2,0,2,0,2,0,0,0,0,2,2,1,1,0,0,2,2
48,-4761.088,-9121.884,140.566,66.704,0.395342,-0.918243,0.023097,0.918513,0.395378,-0.003181,-0.006211,0.022473,0.999728,0,0.60981,-0.08412,36.588,-0.168,-1,375.000,-1,400.000,-1,300.000,325.000,375.000,325.000,-1,-1,1000.000,1000.000,700.000,700.000,-1,-1,2,0,2,0,2,0,0,0,0,2,2,1,1,0,0,2,2
49,-4746.424,-9088.083,140.165,66.547,0.397842,-0.917128,0.024457,0.917431,0.397880,-0.003482,-0.006538,0.023822,0.999695,0,0.61407,-0.07850,36.844,-0.157,-1,375.000,-1,375.000,-1,300.000,325.000,375.000,325.000,-1,-1,-1,-1,700.000,700.000,-1,-1,2,0,2,0,2,0,0,0,0,2,2,2,2,0,0,2,2
50,-4731.572,-9054.083,139.779,66.402,0.400157,-0.916081,0.025883,0.916421,0.400197,-0.003855,-0.006827,0.025263,0.999658,0,0.61838,-0.07284,37.103,-0.146,-1,375.000,-1,375.000,-1,300.000,300.000,350.000,325.000,-1,-1,-1,-1,675.000,700.000,-1,-1,2,0,2,0,2,0,0,0,0,2,2,2,2,0,0,2,2
51,-4716.534,-9019.879,139.723,66.267,0.402318,-0.915132,0.025935,0.915479,0.402339,-0.004667,-0.006163,0.025621,0.999653,0,0.62273,-0.06713,37.364,-0.134,-1,375.000,-1,375.000,-1,300.000,300.000,350.000,325.000,-1,-1,-1,-1,675.000,700.000,-1,-1,2,0,2,0,2,0,0,0,0,2,2,2,2,0,0,2,2
52,-4703.483,-8990.045,139.720,66.373,0.400645,-0.915864,0.026020,0.916217,0.400645,-0.005447,-0.005436,0.026023,0.999647,0,0.54273,0.05287,32.564,0.106,-1,375.000,-1,375.000,-1,300.000,300.000,350.000,325.000,-1,-1,-1,-1,675.000,675.000,-1,-1,2,0,2,0,2,0,0,0,0,2,2,2,2,0,0,2,2
53,-4692.510,-8964.542,139.762,66.719,0.395127,-0.918255,0.026132,0.918615,0.395106,-0.006170,-0.004659,0.026444,0.999639,0,0.46273,0.17287,27.764,0.346,-1,375.000,-1,375.000,-1,300.000,300.000,350.000,325.000,-1,-1,-1,-1,675.000,675.000,-1,-1,2,0,2,0,2,0,0,0,0,2,2,2,2,0,0,2,2
54,-4683.650,-8943.356,139.840,67.305,0.385735,-0.922236,0.026271,0.922602,0.385694,-0.006815,-0.003847,0.026867,0.999632,0,0.38273,0.29287,22.964,0.586,-1,375.000,-1,375.000,-1,300.000,300.000,350.000,325.000,-1,-1,-1,-1,700.000,675.000,-1,-1,2,0,2,0,2,0,0,0,0,2,2,2,2,0,0,2,2
55,-4676.879,-8926.501,139.944,68.114,0.372689,-0.927579,0.026441,0.927951,0.372629,-0.007362,-0.003024,0.027280,0.999623,0,0.30273,0.40454,18.164,0.809,-1,375.000,-1,375.000,-1,300.000,300.000,350.000,325.000,-1,-1,-1,-1,700.000,675.000,-1,-1,2,0,2,0,2,0,0,0,0,2,2,2,2,0,0,2,2
56,-4672.072,-8914.032,140.047,68.918,0.359639,-0.932712,0.026609,0.933089,0.359562,-0.007780,-0.002311,0.027626,0.999616,0,0.22273,0.40233,13.364,0.805,-1,375.000,-1,375.000,-1,300.000,300.000,350.000,325.000,-1,-1,-1,-1,700.000,675.000,-1,-1,2,0,2,0,2,0,0,0,0,2,2,2,2,0,0,2,2
57,-4669.104,-8905.999,140.142,69.719,0.346575,-0.937640,0.026781,0.938021,0.346485,-0.008062,-0.001720,0.027916,0.999609,0,0.14273,0.40050,8.564,0.801,-1,375.000,-1,375.000,-1,300.000,300.000,350.000,325.000,-1,-1,-1,-1,700.000,675.000,-1,-1,2,0,2,0,2,0,0,0,0,2,2,2,2,0,0,2,2
58,-4667.849,-8902.451,140.226,70.517,0.333486,-0.942369,0.026966,0.942754,0.333387,-0.008204,-0.001258,0.028158,0.999603,0,0.06273,0.39910,3.764,0.798,-1,375.000,-1,375.000,-1,300.000,300.000,350.000,325.000,-1,-1,-1,-1,700.000,675.000,-1,-1,2,0,2,0,2,0,0,0,0,2,2,2,2,0,0,2,2
59,-4668.181,-8903.432,140.297,71.314,0.320361,-0.946906,0.027170,0.947295,0.320258,-0.008205,-0.000932,0.028366,0.999597,0,-0.01727,0.39812,-1.036,0.796,-1,375.000,-1,375.000,-1,300.000,300.000,350.000,325.000,-1,-1,-1,-1,700.000,675.000,-1,-1,2,0,2,0,2,0,0,0,0,2,2,2,2,0,0,2,2
60,-4669.974,-8908.986,140.353,72.109,0.307189,-0.951254,0.027401,0.951648,0.307084,-0.008062,-0.000745,0.028552,0.999592,0,-0.09727,0.39758,-5.836,0.795,-1,375.000,-1,375.000,-1,300.000,300.000,350.000,325.000,-1,-1,-1,-1,700.000,675.000,-1,-1,2,0,2,0,2,0,0,0,0,2,2,2,2,0,0,2,2
61,-4673.101,-8919.152,140.394,72.904,0.293957,-0.955418,0.027667,0.955818,0.293855,-0.007779,-0.000698,0.028731,0.999587,0,-0.17727,0.39749,-10.636,0.795,-1,375.000,-1,375.000,-1,300.000,300.000,375.000,325.000,-1,-1,-1,-1,700.000,675.000,-1,-1,2,0,2,0,2,0,0,0,0,2,2,2,2,0,0,2,2
62,-4677.433,-8933.968,140.422,73.700,0.280653,-0.959402,0.027977,0.959809,0.280557,-0.007357,-0.000791,0.028917,0.999581,0,-0.25727,0.39785,-15.436,0.796,-1,375.000,-1,375.000,-1,300.000,300.000,375.000,325.000,-1,-1,1000.000,-1,700.000,675.000,-1,-1,2,0,2,0,2,0,0,0,0,2,2,1,2,0,0,2,2
63,-4682.843,-8953.468,140.436,74.497,0.267263,-0.963207,0.028340,0.963623,0.267178,-0.006799,-0.001023,0.029126,0.999575,0,-0.33727,0.39865,-20.236,0.797,-1,375.000,-1,375.000,-1,300.000,300.000,375.000,325.000,-1,-1,975.000,-1,700.000,675.000,-1,-1,2,0,2,0,2,0,0,0,0,2,2,1,2,0,0,2,2
64,-4689.209,-8977.681,140.438,75.268,0.254259,-0.966709,0.028757,0.967135,0.254190,-0.006111,-0.001402,0.029365,0.999568,0,-0.41727,0.38555,-25.036,0.771,-1,375.000,-1,375.000,-1,300.000,300.000,375.000,325.000,-1,-1,950.000,-1,700.000,675.000,-1,-1,2,0,2,0,2,0,0,0,0,2,2,1,2,0,0,2,2
65,-4696.412,-9006.635,140.431,76.031,0.241341,-0.970000,0.029241,0.970439,0.241290,-0.005296,-0.001918,0.029655,0.999558,0,-0.49727,0.38154,-29.836,0.763,-1,375.000,-1,375.000,-1,300.000,300.000,375.000,325.000,-1,1000.000,925.000,-1,700.000,675.000,-1,-1,2,0,2,0,2,0,0,0,0,2,1,1,2,0,0,2,2
66,-4704.330,-9040.354,140.417,76.785,0.228538,-0.973079,0.029801,0.973532,0.228511,-0.004361,-0.002566,0.030009,0.999546,0,-0.57727,0.37676,-34.636,0.754,-1,375.000,-1,375.000,-1,300.000,300.000,375.000,325.000,-1,950.000,875.000,-1,700.000,675.000,-1,-1,2,0,2,0,2,0,0,0,0,2,1,1,2,0,0,2,2
67,-4712.011,-9075.077,140.409,77.527,0.215884,-0.975946,0.030399,0.976414,0.215881,-0.003412,-0.003233,0.030419,0.999532,0,-0.59270,0.37119,-35.562,0.742,-1,375.000,-1,375.000,-1,300.000,300.000,375.000,325.000,-1,925.000,850.000,-1,700.000,675.000,-1,-1,2,0,2,0,2,0,0,0,0,2,1,1,2,0,0,2,2
68,-4719.305,-9110.170,140.407,78.258,0.203388,-0.978607,0.031028,0.979090,0.203410,-0.002464,-0.003900,0.030880,0.999515,0,-0.59739,0.36547,-35.843,0.731,-1,375.000,-1,375.000,-1,300.000,300.000,375.000,300.000,-1,875.000,800.000,-1,700.000,675.000,-1,-1,2,0,2,0,2,0,0,0,0,2,1,1,2,0,0,2,2
69,-4726.213,-9145.631,140.392,78.977,0.191058,-0.981109,0.030356,0.981568,0.191112,-0.001144,-0.004679,0.030015,0.999539,0,-0.60212,0.35970,-36.127,0.719,-1,375.000,-1,375.000,-1,300.000,300.000,375.000,300.000,-1,825.000,775.000,-1,700.000,675.000,-1,-1,2,0,2,0,2,0,0,0,0,2,1,1,2,0,0,2,2
70,-4732.732,-9181.456,140.429,79.685,0.178911,-0.983433,0.029159,0.983852,0.178985,-0.000066,-0.005155,0.028700,0.999575,0,-0.60689,0.35388,-36.413,0.708,-1,375.000,-1,375.000,-1,300.000,300.000,375.000,300.000,-1,800.000,725.000,-1,700.000,675.000,-1,-1,2,0,2,0,2,0,0,0,0,2,1,1,2,0,0,2,2
71,-4738.865,-9217.642,140.458,80.381,0.166940,-0.985569,0.028007,0.985951,0.167032,0.000970,-0.005634,0.027451,0.999607,0,-0.61170,0.34801,-36.702,0.696,-1,375.000,-1,375.000,-1,300.000,300.000,375.000,325.000,-1,750.000,700.000,-1,700.000,675.000,-1,-1,2,0,2,0,2,0,0,0,0,2,1,1,2,0,0,2,2
72,-4744.610,-9254.187,140.522,81.065,0.155166,-0.987521,0.026941,0.987873,0.155256,0.001270,-0.005437,0.026418,0.999636,0,-0.61656,0.34209,-36.993,0.684,-1,375.000,-1,375.000,-1,300.000,300.000,375.000,325.000,-1,700.000,650.000,-1,700.000,675.000,-1,-1,2,0,2,0,2,0,0,0,0,2,1,1,2,0,0,2,2
73,-4749.968,-9291.087,140.486,81.737,0.143589,-0.989309,0.025477,0.989626,0.143664,0.001161,-0.004809,0.025046,0.999675,0,-0.62145,0.33611,-37.287,0.672,-1,375.000,-1,375.000,-1,300.000,325.000,375.000,325.000,-1,650.000,625.000,-1,700.000,700.000,-1,-1,2,0,2,0,2,0,0,0,0,2,1,1,2,0,0,2,2
74,-4754.393,-9323.271,140.468,82.170,0.136138,-0.990392,0.024291,0.990681,0.136201,0.000955,-0.004254,0.023934,0.999704,0,-0.54145,0.21611,-32.487,0.432,-1,375.000,-1,375.000,-1,300.000,325.000,350.000,325.000,-1,625.000,575.000,-1,700.000,700.000,-1,-1,2,0,2,0,2,0,0,0,0,2,1,1,2,0,0,2,2
75,-4758.073,-9350.712,140.462,82.362,0.132828,-0.990864,0.023346,0.991132,0.132880,0.000686,-0.003782,0.023048,0.999727,0,-0.46145,0.09611,-27.687,0.192,-1,375.000,-1,400.000,-1,300.000,325.000,350.000,325.000,-1,600.000,550.000,-1,700.000,700.000,-1,-1,2,0,2,0,2,0,0,0,0,2,1,1,2,0,0,2,2
76,-4761.134,-9373.393,140.468,82.314,0.133666,-0.990768,0.022615,0.991021,0.133708,0.000379,-0.003399,0.022361,0.999744,0,-0.38145,-0.02389,-22.887,-0.048,-1,375.000,-1,400.000,-1,300.000,325.000,350.000,325.000,-1,575.000,525.000,-1,700.000,725.000,-1,-1,2,0,2,0,2,0,0,0,0,2,1,1,2,0,0,2,2
77,-4763.868,-9392.915,140.483,82.026,0.138650,-0.990096,0.022028,0.990337,0.138685,0.000026,-0.003081,0.021812,0.999757,0,-0.32855,-0.14389,-19.713,-0.288,-1,375.000,-1,400.000,-1,325.000,325.000,350.000,325.000,-1,550.000,500.000,1000.000,700.000,725.000,-1,-1,2,0,2,0,2,0,0,0,0,2,1,1,1,0,0,2,2
78,-4766.805,-9412.564,140.509,81.499,0.147775,-0.988788,0.021465,0.989017,0.147800,-0.000407,-0.002770,0.021289,0.999770,0,-0.33112,-0.26389,-19.867,-0.528,-1,375.000,-1,400.000,-1,325.000,325.000,350.000,325.000,-1,525.000,500.000,950.000,700.000,725.000,-1,-1,2,0,2,0,2,0,0,0,0,2,1,1,1,0,0,2,2
79,-4769.979,-9432.332,140.537,80.878,0.158488,-0.987140,0.020892,0.987358,0.158505,-0.000867,-0.002456,0.020766,0.999781,0,-0.33369,-0.31034,-20.021,-0.621,-1,375.000,-1,400.000,-1,325.000,325.000,350.000,325.000,-1,500.000,475.000,875.000,700.000,725.000,-1,-1,2,0,2,0,2,0,0,0,0,2,1,1,1,0,0,2,2
80,-4773.396,-9452.216,140.564,80.251,0.169293,-0.985357,0.020295,0.985563,0.169301,-0.001324,-0.002131,0.020226,0.999793,0,-0.33625,-0.31357,-20.175,-0.627,-1,375.000,-1,400.000,-1,325.000,325.000,350.000,325.000,-1,500.000,450.000,825.000,725.000,750.000,-1,-1,2,0,2,0,2,0,0,0,0,2,1,1,1,0,0,2,2
81,-4777.059,-9472.212,140.590,79.617,0.180190,-0.983435,0.019673,0.983630,0.180190,-0.001778,-0.001796,0.019672,0.999805,0,-0.33882,-0.31682,-20.329,-0.634,-1,375.000,-1,400.000,-1,325.000,325.000,350.000,325.000,-1,475.000,425.000,800.000,725.000,750.000,-1,-1,2,0,2,0,2,0,0,0,0,2,1,1,1,0,0,2,2
82,-4780.976,-9492.317,140.615,78.977,0.191177,-0.981371,0.019028,0.981555,0.191169,-0.002230,-0.001450,0.019103,0.999816,0,-0.34138,-0.32010,-20.483,-0.640,-1,375.000,-1,400.000,-1,325.000,325.000,350.000,325.000,-1,450.000,400.000,750.000,725.000,750.000,-1,-1,2,0,2,0,2,0,0,0,0,2,1,1,1,0,0,2,2
83,-4785.150,-9512.527,140.638,78.330,0.202252,-0.979161,0.018359,0.979333,0.202237,-0.002678,-0.001091,0.018521,0.999828,0,-0.34394,-0.32339,-20.636,-0.647,-1,375.000,-1,400.000,-1,325.000,325.000,350.000,325.000,-1,450.000,375.000,700.000,725.000,775.000,-1,-1,2,0,2,0,2,0,0,0,0,2,1,1,1,0,0,2,2
84,-4789.586,-9532.836,140.660,77.677,0.213415,-0.976802,0.017667,0.976961,0.213393,-0.003123,-0.000719,0.017927,0.999839,0,-0.34648,-0.32671,-20.789,-0.653,-1,375.000,-1,400.000,-1,325.000,325.000,350.000,325.000,-1,425.000,375.000,675.000,725.000,775.000,-1,-1,2,0,2,0,2,0,0,0,0,2,1,1,1,0,0,2,2
85,-4793.111,-9548.432,140.672,77.263,0.220464,-0.975245,0.017115,0.975395,0.220437,-0.003435,-0.000422,0.017452,0.999848,0,-0.26648,-0.20671,-15.989,-0.413,-1,375.000,-1,400.000,-1,325.000,325.000,350.000,325.000,-1,400.000,350.000,650.000,725.000,775.000,-1,-1,2,0,2,0,2,0,0,0,0,2,1,1,1,0,0,2,2
86,-4795.611,-9559.338,140.675,77.090,0.223419,-0.974579,0.016712,0.974723,0.223390,-0.003618,-0.000207,0.017098,0.999854,0,-0.18648,-0.08671,-11.189,-0.173,-1,375.000,-1,425.000,-1,325.000,325.000,350.000,325.000,-1,400.000,350.000,650.000,725.000,800.000,-1,-1,2,0,2,0,2,0,0,0,0,2,1,1,1,0,0,2,2
87,-4797.031,-9565.567,140.670,77.156,0.222288,-0.974842,0.016460,0.974981,0.222258,-0.003674,-0.000077,0.016864,0.999858,0,-0.10648,0.03329,-6.389,0.067,-1,375.000,-1,425.000,-1,325.000,325.000,350.000,325.000,-1,375.000,325.000,625.000,725.000,800.000,-1,-1,2,0,2,0,2,0,0,0,0,2,1,1,1,0,0,2,2
88,-4797.376,-9567.118,140.658,77.463,0.217069,-0.976019,0.016356,0.976156,0.217039,-0.003602,-0.000034,0.016748,0.999860,0,-0.02648,0.15329,-1.589,0.307,-1,375.000,-1,400.000,-1,325.000,325.000,350.000,325.000,-1,375.000,325.000,625.000,725.000,800.000,-1,-1,2,0,2,0,2,0,0,0,0,2,1,1,1,0,0,2,2
89,-4796.709,-9563.977,140.639,78.010,0.207746,-0.978045,0.016391,0.978183,0.207719,-0.003401,-0.000078,0.016740,0.999860,0,0.05352,0.27329,3.211,0.547,-1,375.000,-1,400.000,-1,325.000,325.000,350.000,325.000,-1,375.000,325.000,650.000,725.000,775.000,-1,-1,2,0,2,0,2,0,0,0,0,2,1,1,1,0,0,2,2
90,-4795.152,-9556.118,140.614,78.796,0.194296,-0.980803,0.016551,0.980943,0.194272,-0.003069,-0.000205,0.016832,0.999858,0,0.13352,0.39329,8.011,0.787,-1,375.000,-1,400.000,-1,325.000,325.000,350.000,325.000,-1,375.000,350.000,650.000,725.000,775.000,-1,-1,2,0,2,0,2,0,0,0,0,2,1,1,1,0,0,2,2
91,-4792.889,-9543.509,140.581,79.823,0.176687,-0.984123,0.016814,0.984267,0.176668,-0.002602,-0.000410,0.017009,0.999855,0,0.21352,0.51329,12.811,1.027,-1,375.000,-1,400.000,-1,325.000,325.000,350.000,325.000,-1,400.000,350.000,700.000,725.000,775.000,-1,-1,2,0,2,0,2,0,0,0,0,2,1,1,1,0,0,2,2
92,-4790.161,-9526.110,140.542,81.089,0.154883,-0.987784,0.017151,0.987933,0.154871,-0.001994,-0.000687,0.017253,0.999851,0,0.29352,0.63329,17.611,1.267,-1,375.000,-1,400.000,-1,325.000,325.000,350.000,325.000,-1,400.000,375.000,750.000,725.000,775.000,-1,-1,2,0,2,0,2,0,0,0,0,2,1,1,1,0,0,2,2
93,-4787.273,-9503.886,140.496,82.596,0.128849,-0.991509,0.017526,0.991664,0.128847,-0.001242,-0.001026,0.017540,0.999846,0,0.37352,0.75329,22.411,1.507,-1,375.000,-1,400.000,-1,325.000,325.000,350.000,325.000,-1,425.000,400.000,825.000,725.000,750.000,-1,-1,2,0,2,0,2,0,0,0,0,2,1,1,1,0,0,2,2
94,-4784.577,-9476.808,140.444,84.313,0.099064,-0.994920,0.017897,0.995080,0.099073,-0.000352,-0.001423,0.017844,0.999840,0,0.45352,0.85868,27.211,1.717,-1,375.000,-1,400.000,-1,300.000,325.000,350.000,325.000,-1,450.000,425.000,925.000,725.000,750.000,-1,-1,2,0,2,0,2,0,0,0,0,2,1,1,1,0,0,2,2
95,-4782.495,-9444.865,140.387,86.271,0.065010,-0.997719,0.018202,0.997883,0.065033,0.000685,-0.001868,0.018119,0.999834,0,0.53352,0.97868,32.011,1.957,-1,375.000,-1,400.000,-1,300.000,325.000,350.000,325.000,-1,475.000,450.000,-1,725.000,725.000,-1,-1,2,0,2,0,2,0,0,0,0,2,1,1,2,0,0,2,2
96,-4781.384,-9408.071,140.329,88.271,0.030135,-0.999376,0.018423,0.999543,0.030173,0.001818,-0.002373,0.018360,0.999829,0,0.61352,1.00000,36.811,2.000,-1,375.000,-1,375.000,-1,300.000,325.000,350.000,325.000,-1,500.000,500.000,-1,725.000,700.000,-1,-1,2,0,2,0,2,0,0,0,0,2,1,1,2,0,0,2,2
97,-4781.580,-9366.460,140.273,90.271,-0.004778,-0.999817,0.018511,0.999984,-0.004723,0.003035,-0.002947,0.018525,0.999824,0,0.69352,1.00000,41.611,2.000,-1,375.000,-1,375.000,-1,300.000,300.000,350.000,325.000,-1,550.000,550.000,-1,725.000,700.000,-1,-1,2,0,2,0,2,0,0,0,0,2,1,1,2,0,0,2,2
98,-4783.269,-9323.880,140.221,92.271,-0.039685,-0.999043,0.018379,0.999206,-0.039613,0.004260,-0.003528,0.018533,0.999822,0,0.71022,1.00000,42.613,2.000,-1,375.000,-1,375.000,-1,300.000,300.000,350.000,325.000,-1,575.000,575.000,-1,750.000,675.000,-1,-1,2,0,2,0,2,0,0,0,0,2,1,1,2,0,0,2,2
99,-4786.468,-9281.036,140.176,94.271,-0.074542,-0.997055,0.018001,0.997209,-0.074455,0.005468,-0.004112,0.018358,0.999823,0,0.71607,1.00000,42.964,2.000,-1,375.000,-1,375.000,-1,300.000,300.000,350.000,325.000,-1,625.000,625.000,-1,750.000,675.000,-1,-1,2,0,2,0,2,0,0,0,0,2,1,1,2,0,0,2,2
100,-4791.199,-9237.977,140.139,96.271,-0.109308,-0.993856,0.017357,0.993997,-0.109207,0.006645,-0.004709,0.017979,0.999827,0,0.72196,1.00000,43.318,2.000,-1,375.000,-1,350.000,-1,300.000,300.000,350.000,325.000,-1,675.000,700.000,-1,750.000,650.000,-1,-1,2,0,2,0,2,0,0,0,0,2,1,1,2,0,0,2,2
101,-4797.481,-9194.758,140.212,98.271,-0.143930,-0.989456,0.016130,0.989576,-0.143828,0.007304,-0.004908,0.017013,0.999843,0,0.72789,1.00000,43.673,2.000,-1,375.000,-1,350.000,-1,300.000,300.000,350.000,325.000,-1,725.000,750.000,-1,750.000,650.000,-1,-1,2,0,2,0,2,0,0,0,0,2,1,1,2,0,0,2,2
102,-4805.331,-9151.434,140.499,100.271,-0.178363,-0.983865,0.014011,0.983955,-0.178278,0.007091,-0.004479,0.015051,0.999877,0,0.73382,1.00000,44.029,2.000,-1,375.000,-1,350.000,-1,300.000,300.000,350.000,325.000,-1,775.000,800.000,-1,750.000,650.000,-1,-1,2,0,2,0,2,0,0,0,0,2,1,1,2,0,0,2,2
103,-4814.764,-9108.064,140.661,102.271,-0.212571,-0.977078,0.011445,0.977139,-0.212513,0.006105,-0.003532,0.012481,0.999916,0,0.73974,1.00000,44.384,2.000,-1,375.000,-1,350.000,-1,300.000,300.000,350.000,325.000,-1,825.000,850.000,-1,750.000,650.000,-1,-1,2,0,2,0,2,0,0,0,0,2,1,1,2,0,0,2,2
104,-4825.791,-9064.707,140.943,104.271,-0.246523,-0.969091,0.009472,0.969134,-0.246489,0.004637,-0.002158,0.010323,0.999944,0,0.74562,1.00000,44.737,2.000,-1,375.000,-1,350.000,-1,300.000,300.000,350.000,325.000,-1,875.000,900.000,-1,750.000,650.000,-1,-1,2,0,2,0,2,0,0,0,0,2,1,1,2,0,0,2,2
105,-4838.424,-9021.426,141.218,106.271,-0.280182,-0.959918,0.007501,0.959947,-0.280166,0.003101,-0.000875,0.008070,0.999967,0,0.75146,1.00000,45.088,2.000,-1,400.000,-1,350.000,-1,300.000,300.000,350.000,350.000,-1,925.000,950.000,-1,750.000,650.000,-1,-1,2,0,2,0,2,0,0,0,0,2,1,1,2,0,0,2,2
106,-4852.667,-8978.282,141.484,108.271,-0.313504,-0.949571,0.005536,0.949587,-0.313501,0.001497,0.000314,0.005726,0.999984,0,0.75723,1.00000,45.434,2.000,-1,400.000,-1,350.000,-1,300.000,300.000,350.000,325.000,-1,975.000,-1,-1,750.000,650.000,-1,-1,2,0,2,0,2,0,0,0,0,2,1,2,2,0,0,2,2
107,-4868.526,-8935.342,141.737,110.271,-0.346450,-0.938061,0.003578,0.938067,-0.346453,-0.000175,0.001404,0.003296,0.999994,0,0.76292,1.00000,45.775,2.000,-1,400.000,-1,350.000,-1,325.000,300.000,350.000,325.000,-1,-1,-1,-1,775.000,650.000,-1,-1,2,0,2,0,2,0,0,0,0,2,2,2,2,0,0,2,2
108,-4886.002,-8892.670,141.976,112.271,-0.378979,-0.925404,0.001629,0.925402,-0.378982,-0.001915,0.002390,0.000781,0.999997,0,0.76853,1.00000,46.112,2.000,-1,400.000,-1,350.000,-1,325.000,300.000,350.000,325.000,-1,-1,-1,-1,775.000,675.000,-1,-1,2,0,2,0,2,0,0,0,0,2,2,2,2,0,0,2,2
109,-4902.825,-8854.939,142.173,114.031,-0.407227,-0.913327,-0.000086,0.913321,-0.407225,-0.003523,0.003182,-0.001513,0.999994,0,0.68853,0.88000,41.312,1.760,-1,400.000,-1,375.000,-1,325.000,300.000,350.000,325.000,-1,-1,-1,-1,775.000,675.000,-1,-1,2,0,2,0,2,0,0,0,0,2,2,2,2,0,0,2,2
110,-4920.085,-8818.834,142.347,115.551,-0.431319,-0.902198,-0.001716,0.902191,-0.431306,-0.005132,0.003890,-0.003762,0.999985,0,0.66698,0.76000,40.019,1.520,-1,400.000,-1,375.000,-1,325.000,300.000,350.000,325.000,-1,-1,-1,-1,775.000,675.000,-1,-1,2,0,2,0,2,0,0,0,0,2,2,2,2,0,0,2,2
111,-4938.270,-8782.882,142.503,116.831,-0.451375,-0.892328,-0.003331,0.892323,-0.451347,-0.006801,0.004566,-0.006042,0.999971,0,0.67148,0.64000,40.289,1.280,-1,400.000,-1,375.000,-1,325.000,325.000,350.000,325.000,-1,-1,-1,-1,775.000,675.000,-1,-1,2,0,2,0,2,0,0,0,0,2,2,2,2,0,0,2,2
112,-4957.227,-8747.034,142.642,117.871,-0.467509,-0.883974,-0.004934,0.883973,-0.467461,-0.008523,0.005228,-0.008347,0.999952,0,0.67587,0.52000,40.552,1.040,-1,400.000,-1,375.000,-1,325.000,325.000,350.000,325.000,-1,-1,-1,-1,775.000,675.000,-1,-1,2,0,2,0,2,0,0,0,0,2,2,2,2,0,0,2,2
113,-4977.277,-8710.368,142.763,118.671,-0.479821,-0.877342,-0.006571,0.877346,-0.479746,-0.010333,0.005913,-0.010723,0.999925,0,0.69648,0.40000,41.789,0.800,-1,400.000,-1,375.000,-1,325.000,325.000,350.000,325.000,-1,-1,-1,-1,750.000,675.000,-1,-1,2,0,2,0,2,0,0,0,0,2,2,2,2,0,0,2,2
114,-4997.683,-8673.903,142.713,119.231,-0.488377,-0.872593,-0.008335,0.872616,-0.488288,-0.010743,0.005304,-0.012520,0.999908,0,0.69645,0.28000,41.787,0.560,-1,400.000,-1,375.000,-1,325.000,325.000,350.000,325.000,-1,-1,-1,-1,750.000,675.000,-1,-1,2,0,2,0,2,0,0,0,0,2,2,2,2,0,0,2,2
115,-5018.289,-8637.558,142.773,119.551,-0.493246,-0.869825,-0.010625,0.869878,-0.493139,-0.011232,0.004530,-0.014783,0.999880,0,0.69633,0.16000,41.780,0.320,-1,400.000,-1,375.000,-1,325.000,300.000,350.000,325.000,-1,-1,-1,-1,725.000,675.000,-1,-1,2,0,2,0,2,0,0,0,0,2,2,2,2,0,0,2,2
116,-5039.036,-8601.309,142.831,119.784,-0.496789,-0.867776,-0.012863,0.867862,-0.496662,-0.011917,0.003953,-0.017084,0.999846,0,0.69611,0.11677,41.767,0.234,-1,400.000,-1,375.000,-1,325.000,300.000,350.000,325.000,-1,-1,-1,-1,725.000,650.000,-1,-1,2,0,2,0,2,0,0,0,0,2,2,2,2,0,0,2,2
117,-5059.924,-8565.159,143.021,120.019,-0.500347,-0.865690,-0.015278,0.865816,-0.500183,-0.013371,0.003933,-0.019918,0.999794,0,0.69585,0.11726,41.751,0.235,-1,400.000,-1,375.000,-1,325.000,300.000,350.000,325.000,-1,-1,-1,-1,700.000,650.000,-1,-1,2,0,2,0,2,0,0,0,0,2,2,2,2,0,0,2,2
118,-5081.505,-8528.096,143.224,120.211,-0.503270,-0.863948,-0.017713,0.864119,-0.503060,-0.015099,0.004134,-0.022905,0.999729,0,0.71480,0.09637,42.888,0.193,-1,375.000,-1,375.000,-1,300.000,300.000,325.000,325.000,-1,-1,-1,-1,700.000,650.000,-1,-1,2,0,2,0,2,0,0,0,0,2,2,2,2,0,0,2,2
119,-5103.382,-8490.817,143.437,120.405,-0.506206,-0.862178,-0.020112,0.862400,-0.505939,-0.017063,0.004536,-0.025982,0.999652,0,0.72040,0.09681,43.224,0.194,-1,375.000,-1,375.000,-1,300.000,300.000,325.000,325.000,-1,175.000,-1,-1,675.000,650.000,-1,-1,2,0,2,0,2,0,0,0,0,2,0,2,2,0,0,2,2
120,-5125.558,-8453.322,143.658,120.600,-0.509157,-0.860380,-0.022472,0.860658,-0.508818,-0.019269,0.005145,-0.029151,0.999562,0,0.72604,0.09724,43.562,0.194,-1,375.000,-1,375.000,-1,300.000,300.000,325.000,325.000,-1,200.000,-1,-1,675.000,650.000,-1,-1,2,0,2,0,2,0,0,0,0,2,0,2,2,0,0,2,2
121,-5148.036,-8415.609,144.071,120.795,-0.512105,-0.858575,-0.024457,0.858906,-0.511709,-0.020841,0.005378,-0.031679,0.999484,0,0.73173,0.09765,43.904,0.195,-1,375.000,-1,375.000,-1,300.000,300.000,325.000,325.000,-1,225.000,-1,-1,650.000,650.000,-1,-1,2,0,2,0,2,0,0,0,0,2,0,2,2,0,0,2,2
122,-5170.820,-8377.678,144.589,120.991,-0.515056,-0.856755,-0.026227,0.857139,-0.514607,-0.022197,0.005520,-0.033913,0.999410,0,0.73746,0.09805,44.248,0.196,-1,375.000,-1,350.000,-1,300.000,300.000,325.000,325.000,-1,275.000,-1,-1,650.000,625.000,-1,-1,2,0,2,0,2,0,0,0,0,2,0,2,2,0,0,2,2
123,-5193.913,-8339.529,145.112,121.188,-0.518015,-0.854912,-0.028057,0.855353,-0.517505,-0.023677,0.005722,-0.036264,0.999326,0,0.74324,0.09844,44.595,0.197,-1,350.000,-1,350.000,-1,300.000,300.000,325.000,325.000,-1,325.000,-1,-1,625.000,625.000,-1,-1,2,0,2,0,2,0,0,0,0,2,0,2,2,0,0,2,2
124,-5217.320,-8301.161,146.002,121.385,-0.521008,-0.853091,-0.028064,0.853522,-0.520431,-0.025525,0.007170,-0.037253,0.999280,0,0.74907,0.09881,44.944,0.198,-1,350.000,-1,350.000,-1,300.000,300.000,325.000,325.000,-1,350.000,-1,-1,625.000,625.000,-1,-1,2,0,2,0,2,0,0,0,0,2,0,2,2,0,0,2,2
125,-5241.045,-8262.574,146.960,121.584,-0.524013,-0.851257,-0.027805,0.851664,-0.523364,-0.027533,0.008886,-0.038108,0.999234,0,0.75495,0.09916,45.297,0.198,-1,350.000,-1,350.000,-1,300.000,300.000,325.000,325.000,-1,375.000,-1,-1,625.000,625.000,1000.000,-1,2,0,2,0,2,0,0,0,0,2,0,2,2,0,0,1,2
126,-5265.090,-8223.767,147.965,121.783,-0.527027,-0.849407,-0.027383,0.849780,-0.526301,-0.029687,0.010804,-0.038916,0.999184,0,0.76087,0.09950,45.652,0.199,-1,350.000,975.000,350.000,-1,300.000,300.000,325.000,325.000,-1,400.000,-1,-1,625.000,625.000,950.000,-1,2,0,1,0,2,0,0,0,0,2,0,2,2,0,0,1,2
127,-5289.460,-8184.741,149.020,121.982,-0.530050,-0.847543,-0.026794,0.847868,-0.529242,-0.031990,0.012932,-0.039674,0.999129,0,0.76684,0.09983,46.011,0.200,-1,350.000,950.000,350.000,-1,300.000,300.000,325.000,325.000,-1,400.000,-1,-1,625.000,625.000,925.000,-1,2,0,1,0,2,0,0,0,0,2,0,2,2,0,0,1,2
128,-5314.158,-8145.494,149.901,122.183,-0.533087,-0.845692,-0.024985,0.845911,-0.532204,-0.034562,0.015931,-0.039560,0.999090,0,0.77286,0.10014,46.372,0.200,-1,350.000,900.000,350.000,-1,300.000,300.000,325.000,325.000,-1,375.000,-1,-1,625.000,625.000,875.000,-1,2,0,1,0,2,0,0,0,0,2,0,2,2,1,0,1,2
129,-5339.189,-8106.025,150.760,122.384,-0.536124,-0.843835,-0.022652,0.843917,-0.535175,-0.037317,0.019367,-0.039123,0.999047,0,0.77893,0.10043,46.736,0.201,-1,350.000,875.000,350.000,-1,300.000,300.000,325.000,325.000,-1,350.000,350.000,-1,600.000,625.000,850.000,-1,2,0,1,0,2,0,0,0,0,2,0,0,2,1,1,1,2
130,-5366.958,-8062.611,151.794,122.605,-0.539455,-0.841776,-0.020044,0.841693,-0.538437,-0.040479,0.023282,-0.038707,0.998979,0,0.85893,0.11061,51.536,0.221,-1,350.000,825.000,350.000,-1,300.000,300.000,325.000,325.000,-1,325.000,325.000,-1,575.000,600.000,800.000,-1,2,0,1,0,2,0,1,0,0,2,0,0,2,1,1,1,2
131,-5396.843,-8016.287,153.202,122.828,-0.542802,-0.839665,-0.018143,0.839425,-0.541698,-0.043909,0.027041,-0.039064,0.998871,0,0.91878,0.11138,55.127,0.223,-1,350.000,800.000,350.000,-1,300.000,300.000,325.000,325.000,-1,300.000,300.000,-1,550.000,575.000,750.000,1000.000,2,0,1,1,2,0,1,0,0,2,0,0,2,1,1,1,1
132,-5427.454,-7969.243,154.781,123.052,-0.546166,-0.837517,-0.016336,0.837106,-0.544971,-0.047545,0.030917,-0.039642,0.998736,0,0.93544,0.11221,56.126,0.224,-1,375.000,750.000,350.000,-1,300.000,275.000,350.000,325.000,-1,300.000,300.000,-1,525.000,550.000,700.000,925.000,2,1,1,1,2,1,1,0,0,2,0,0,2,1,1,1,1
133,-5458.810,-7921.469,156.607,123.278,-0.549559,-0.835325,-0.014712,0.834716,-0.548247,-0.051718,0.035136,-0.040703,0.998553,0,0.95241,0.11302,57.144,0.226,-1,350.000,700.000,350.000,-1,275.000,275.000,350.000,325.000,-1,275.000,300.000,-1,500.000,525.000,650.000,850.000,2,1,1,1,2,1,1,0,0,2,0,0,2,1,1,1,1
134,-5490.927,-7872.955,158.653,123.506,-0.552977,-0.833092,-0.013219,0.832255,-0.551529,-0.056275,0.039592,-0.042120,0.998328,0,0.96968,0.11382,58.181,0.228,-1,325.000,650.000,325.000,-1,275.000,275.000,350.000,350.000,-1,275.000,275.000,-1,450.000,500.000,600.000,775.000,2,1,1,1,2,1,1,0,0,2,0,0,2,1,1,1,1
