timestep,x_cm,y_cm,z_cm,yaw_deg,basis_xx,basis_xy,basis_xz,basis_yx,basis_yy,basis_yz,basis_zx,basis_zy,basis_zz,teleport_flag,throttle_cmd,steering_cmd,cmd_move_cm,cmd_turn_deg,lidar_cm_0,lidar_cm_1,lidar_cm_2,lidar_cm_3,lidar_cm_4,lidar_cm_5,lidar_cm_6,lidar_cm_7,lidar_cm_8,lidar_cm_9,lidar_cm_10,lidar_cm_11,lidar_cm_12,lidar_cm_13,lidar_cm_14,lidar_cm_15,lidar_cm_16,lidar_class_0,lidar_class_1,lidar_class_2,lidar_class_3,lidar_class_4,lidar_class_5,lidar_class_6,lidar_class_7,lidar_class_8,lidar_class_9,lidar_class_10,lidar_class_11,lidar_class_12,lidar_class_13,lidar_class_14,lidar_class_15,lidar_class_16
0,5343.880,5099.053,-50.415,-168.019,-0.978203,0.207611,-0.003949,-0.207592,-0.978204,-0.004765,-0.004852,-0.003842,0.999981,0,0.21055,-0.64505,0.289,-0.000,-1,584.229,-1,558.502,13.446,487.268,477.563,543.574,522.031,-1,-1,-1,-1,986.595,-1,-1,12.191,2,0,2,0,1,0,0,0,0,2,2,2,2,0,2,2,1
1,5343.273,5098.931,-49.559,-168.020,-0.978211,0.207580,-0.003805,-0.207563,-0.978212,-0.004271,-0.004608,-0.003388,0.999984,0,0.21055,-0.64505,0.619,-0.002,-1,586.894,-1,560.665,-1,489.310,479.524,547.037,523.460,-1,-1,-1,-1,992.659,-1,-1,-1,2,0,2,0,2,0,0,0,0,2,2,2,2,0,2,2,2
2,5342.343,5098.764,-49.803,-168.032,-0.978257,0.207383,-0.002577,-0.207372,-0.978255,-0.003749,-0.003298,-0.003134,0.999990,0,0.21055,-0.64505,0.946,-0.011,-1,588.883,-1,562.377,-1,490.689,480.854,546.956,522.385,-1,-1,-1,-1,999.290,-1,-1,-1,2,0,2,0,2,0,0,0,0,2,2,2,2,0,2,2,2
3,5341.114,5098.599,-51.013,-168.059,-0.978359,0.206911,-0.000716,-0.206908,-0.978355,-0.003143,-0.001351,-0.002927,0.999995,0,0.21055,-0.64505,1.240,-0.027,-1,589.769,-1,562.995,-1,491.044,481.142,543.997,518.836,-1,-1,-1,-1,1006.864,-1,-1,-1,2,0,2,0,2,0,0,0,0,2,2,2,2,0,2,2,2
4,5339.614,5098.462,-52.963,-168.103,-0.978520,0.206147,0.001339,-0.206150,-0.978518,-0.002351,0.000826,-0.002576,0.999996,0,0.21055,-0.64505,1.506,-0.044,-1,589.385,-1,562.102,13.287,490.226,480.177,539.180,513.012,-1,-1,-1,-1,-1,-1,-1,24.811,2,0,2,0,1,0,0,0,0,2,2,2,2,2,2,2,1
5,5337.871,5098.343,-55.331,-168.157,-0.978711,0.205218,0.003138,-0.205224,-0.978714,-0.001514,0.002760,-0.002126,0.999994,0,0.21055,-0.64505,1.747,-0.054,-1,587.524,-1,559.562,13.316,488.155,477.902,533.305,505.838,-1,-1,-1,-1,-1,-1,-1,31.649,2,0,2,0,1,0,0,0,0,2,2,2,2,2,2,2,1
6,5335.969,5098.184,-57.624,-168.212,-0.978907,0.204275,0.003507,-0.204282,-0.978910,-0.001879,0.003049,-0.002556,0.999992,0,0.21055,-0.64505,1.909,-0.055,-1,581.931,-1,554.377,13.357,483.529,473.316,525.560,500.379,-1,-1,-1,-1,1001.606,-1,-1,36.801,2,0,2,0,1,0,0,0,0,2,2,2,2,0,2,2,1
7,5333.935,5097.958,-59.391,-168.270,-0.979113,0.203301,0.002507,-0.203308,-0.979110,-0.003121,0.001820,-0.003565,0.999992,0,0.21055,-0.64505,2.047,-0.057,-1,574.198,-1,547.836,13.387,477.544,467.549,517.972,497.280,-1,-1,-1,-1,980.915,-1,13.919,40.503,2,0,2,0,1,0,0,0,0,2,2,2,2,0,2,1,1
8,5331.722,5097.689,-60.329,-168.333,-0.979339,0.202224,0.001129,-0.202228,-0.979328,-0.004579,0.000179,-0.004712,0.999989,0,0.21055,-0.64505,2.229,-0.063,15.914,567.562,-1,542.622,13.383,472.577,462.872,512.480,496.640,-1,-1,-1,-1,964.385,-1,22.423,42.847,1,0,2,0,1,0,0,0,0,2,2,2,2,0,2,1,1
9,5329.306,5097.395,-60.405,-168.404,-0.979588,0.201017,-0.000019,-0.201014,-0.979570,-0.006018,-0.001228,-0.005892,0.999982,0,0.21055,-0.64505,2.433,-0.071,15.902,563.421,-1,539.960,13.378,469.672,460.310,509.457,498.441,-1,-1,-1,-1,953.277,-1,22.428,43.408,1,0,2,0,1,0,0,0,0,2,2,2,2,0,2,1,1
10,5326.676,5097.093,-59.785,-168.482,-0.979861,0.199679,-0.000704,-0.199669,-0.979837,-0.007211,-0.002130,-0.006925,0.999974,0,0.21055,-0.64505,2.647,-0.079,15.889,561.980,-1,539.845,13.372,468.908,459.884,508.794,501.926,-1,-1,-1,-1,948.487,-1,22.436,42.459,1,0,2,0,1,0,0,0,0,2,2,2,2,0,2,1,1
11,5323.825,5096.792,-58.745,-168.565,-0.980148,0.198267,-0.000887,-0.198254,-0.980118,-0.007965,-0.002448,-0.007631,0.999968,0,0.21055,-0.64505,2.867,-0.083,15.938,562.815,-1,541.715,13.395,469.859,461.104,510.057,505.995,-1,-1,-1,-1,949.364,-1,22.409,40.505,1,0,2,0,1,0,0,0,0,2,2,2,2,0,2,1,1
12,5320.740,5096.507,-57.581,-168.652,-0.980447,0.196781,-0.000576,-0.196770,-0.980415,-0.008263,-0.002191,-0.007988,0.999966,0,0.21055,-0.64505,3.098,-0.087,-1,565.138,-1,544.819,13.494,471.930,463.355,512.461,509.785,-1,-1,-1,-1,954.534,-1,15.620,37.952,2,0,2,0,1,0,0,0,0,2,2,2,2,0,2,1,1
13,5317.436,5096.275,-56.549,-168.752,-0.980790,0.195066,0.000021,-0.195059,-0.980757,-0.008264,-0.001591,-0.008110,0.999966,0,0.21055,-0.64505,3.312,-0.100,-1,567.889,-1,548.096,13.633,474.238,465.767,514.994,512.777,-1,-1,-1,-1,961.436,-1,-1,35.330,2,0,2,0,1,0,0,0,0,2,2,2,2,0,2,2,1
14,5313.837,5096.090,-55.823,-168.872,-0.981198,0.192999,0.000865,-0.193000,-0.981165,-0.008128,-0.000720,-0.008143,0.999967,0,0.36080,-0.52996,3.603,-0.120,-1,570.433,-1,551.058,13.727,476.296,467.898,516.866,514.772,-1,-1,-1,-1,972.295,-1,-1,33.081,2,0,2,0,1,0,0,0,0,2,2,2,2,0,2,2,1
15,5309.829,5095.918,-55.485,-169.008,-0.981655,0.190656,0.001974,-0.190666,-0.981625,-0.007732,0.000464,-0.007966,0.999968,0,0.36080,-0.52996,4.012,-0.136,-1,572.800,-1,553.491,13.578,478.001,469.704,518.089,515.298,-1,-1,-1,-1,983.783,-1,-1,31.651,2,0,2,0,1,0,0,0,0,2,2,2,2,0,2,2,1
16,5305.462,5095.757,-55.545,-169.151,-0.982126,0.188200,0.002991,-0.188216,-0.982103,-0.006931,0.001633,-0.007370,0.999972,0,0.36080,-0.52996,4.370,-0.143,-1,574.395,-1,554.587,13.578,478.888,470.544,519.030,513.874,-1,-1,-1,-1,993.983,-1,-1,31.021,2,0,2,0,1,0,0,0,0,2,2,2,2,0,2,2,1
17,5300.736,5095.635,-55.932,-169.310,-0.982644,0.185467,0.003668,-0.185487,-0.982628,-0.006086,0.002476,-0.006661,0.999975,0,0.36080,-0.52996,4.728,-0.159,-1,574.557,-1,554.072,13.672,478.567,470.089,519.239,511.281,-1,-1,-1,-1,1000.179,-1,-1,31.187,2,0,2,0,1,0,0,0,0,2,2,2,2,0,2,2,1
18,5295.692,5095.533,-56.528,-169.486,-0.983208,0.182450,0.003655,-0.182468,-0.983197,-0.005471,0.002595,-0.006046,0.999978,0,0.36080,-0.52996,5.044,-0.176,-1,572.651,-1,551.573,13.744,476.648,467.984,518.578,508.222,-1,-1,-1,-1,999.429,-1,-1,32.632,2,0,2,0,1,0,0,0,0,2,2,2,2,0,2,2,1
19,5290.383,5095.437,-57.180,-169.675,-0.983805,0.179220,0.002775,-0.179233,-0.983792,-0.005341,0.001773,-0.005752,0.999982,0,0.36080,-0.52996,5.310,-0.188,-1,568.488,-1,547.194,13.773,473.089,464.328,516.994,505.510,-1,-1,-1,-1,990.410,-1,-1,34.806,2,0,2,0,1,0,0,0,0,2,2,2,2,0,2,2,1
20,5284.756,5095.337,-57.748,-169.874,-0.984423,0.175807,0.001656,-0.175814,-0.984407,-0.005666,0.000634,-0.005869,0.999983,0,0.36080,-0.52996,5.628,-0.199,-1,563.603,-1,542.612,13.779,469.114,460.382,514.766,503.771,-1,-1,-1,-1,978.633,-1,-1,36.670,2,0,2,0,1,0,0,0,0,2,2,2,2,0,2,2,1
21,5278.804,5095.251,-58.111,-170.089,-0.985076,0.172117,0.000696,-0.172118,-0.985057,-0.006243,-0.000389,-0.006270,0.999980,0,0.36080,-0.52996,5.952,-0.215,-1,559.218,-1,538.910,13.623,465.632,457.022,512.544,503.142,-1,-1,-1,-1,968.434,-1,-1,38.063,2,0,2,0,1,0,0,0,0,2,2,2,2,0,2,2,1
22,5272.451,5095.135,-58.262,-170.308,-0.985726,0.168359,0.000481,-0.168358,-0.985702,-0.006849,-0.000679,-0.006832,0.999976,0,0.36080,-0.52996,6.354,-0.219,-1,556.601,-1,537.232,13.500,463.538,455.157,510.578,503.459,-1,-1,-1,-1,964.771,-1,-1,38.935,2,0,2,0,1,0,0,0,0,2,2,2,2,0,2,2,1
23,5265.712,5094.954,-58.215,-170.525,-0.986357,0.164612,0.001490,-0.164618,-0.986327,-0.007710,0.000200,-0.007850,0.999969,0,0.36080,-0.52996,6.742,-0.217,-1,556.376,-1,538.584,13.411,463.383,455.450,508.158,505.306,-1,-1,-1,-1,969.836,-1,-1,39.892,2,0,2,0,1,0,0,0,0,2,2,2,2,0,2,2,1
24,5258.628,5094.689,-58.015,-170.741,-0.986970,0.160870,0.003290,-0.160893,-0.986934,-0.008680,0.001851,-0.009096,0.999957,0,0.36080,-0.52996,7.088,-0.216,-1,557.808,-1,541.810,13.338,464.582,457.196,505.787,508.094,-1,-1,-1,-1,981.079,-1,-1,39.338,2,0,2,0,1,0,0,0,0,2,2,2,2,0,2,2,1
25,5251.218,5094.355,-57.750,-170.948,-0.987540,0.157287,0.005103,-0.157330,-0.987500,-0.009538,0.003539,-0.010222,0.999941,0,0.36080,-0.52996,7.418,-0.207,-1,559.456,-1,545.168,13.315,465.953,459.081,503.838,510.859,-1,-1,-1,-1,995.018,-1,-1,37.770,2,0,2,0,1,0,0,0,0,2,2,2,2,0,2,2,1
26,5243.514,5094.024,-57.510,-171.157,-0.988103,0.153665,0.006342,-0.153724,-0.988060,-0.010340,0.004677,-0.011192,0.999926,0,0.36080,-0.52996,7.711,-0.209,-1,559.826,-1,547.370,13.381,466.425,460.023,502.060,513.209,-1,-1,-1,-1,-1,-1,-1,35.957,2,0,2,0,1,0,0,0,0,2,2,2,2,2,2,2,1
27,5235.554,5093.803,-57.338,-171.391,-0.988720,0.149622,0.006842,-0.149692,-0.988668,-0.011271,0.005078,-0.012168,0.999913,0,0.36080,-0.52996,7.964,-0.234,-1,558.527,-1,547.994,13.458,465.577,459.648,500.288,515.307,-1,-1,-1,-1,-1,-1,-1,34.811,2,0,2,0,1,0,0,0,0,2,2,2,2,2,2,2,1
28,5227.329,5093.655,-57.270,-171.637,-0.989355,0.145361,0.006777,-0.145434,-0.989295,-0.011979,0.004964,-0.012837,0.999905,0,0.36080,-0.52996,8.226,-0.247,-1,556.106,-1,547.059,13.500,463.728,458.200,498.769,516.426,-1,-1,-1,-1,-1,-1,-1,34.537,2,0,2,0,1,0,0,0,0,2,2,2,2,2,2,2,1
29,5218.826,5093.582,-57.310,-171.897,-0.990005,0.140884,0.006448,-0.140955,-0.989937,-0.012490,0.004623,-0.013274,0.999901,0,0.36080,-0.52996,8.503,-0.259,-1,553.074,-1,545.197,13.560,461.299,456.251,497.366,516.738,-1,-1,-1,-1,-1,-1,-1,34.629,2,0,2,0,1,0,0,0,0,2,2,2,2,2,2,2,1
30,5210.052,5093.618,-57.446,-172.178,-0.990687,0.136025,0.006003,-0.136093,-0.990611,-0.012982,0.004181,-0.013678,0.999898,0,0.36080,-0.52996,8.774,-0.281,-1,549.576,-1,542.821,13.595,458.460,453.892,495.748,516.687,-1,-1,-1,-1,-1,-1,-1,34.662,2,0,2,0,1,0,0,0,0,2,2,2,2,2,2,2,1
31,5201.000,5093.717,-57.625,-172.469,-0.991367,0.130987,0.005772,-0.131054,-0.991285,-0.013386,0.003969,-0.014027,0.999894,0,0.36080,-0.52996,9.052,-0.291,-1,546.435,-1,540.732,13.540,455.831,451.743,494.136,516.418,-1,-1,-1,-1,-1,-1,-1,36.387,2,0,2,0,1,0,0,0,0,2,2,2,2,2,2,2,1
32,5191.684,5093.817,-57.735,-172.758,-0.992014,0.125981,0.006069,-0.126054,-0.991927,-0.013831,0.004278,-0.014486,0.999886,0,0.36080,-0.52996,9.317,-0.289,-1,544.526,-1,539.905,13.451,454.056,450.508,492.518,516.600,-1,-1,-1,-1,-1,-1,-1,38.091,2,0,2,0,1,0,0,0,0,2,2,2,2,2,2,2,1
33,5182.126,5093.912,-57.736,-173.046,-0.992631,0.120988,0.006700,-0.121075,-0.992539,-0.014430,0.004904,-0.015135,0.999873,0,0.36105,-0.33739,9.558,-0.288,-1,543.342,-1,540.008,13.349,453.033,449.976,490.571,517.501,-1,-1,-1,-1,-1,-1,-1,38.459,2,0,2,0,1,0,0,0,0,2,2,2,2,2,2,2,1
34,5172.351,5093.989,-57.647,-173.319,-0.993195,0.116242,0.007117,-0.116336,-0.993101,-0.014718,0.005357,-0.015446,0.999866,0,0.36105,-0.33739,9.775,-0.273,-1,542.112,-1,539.731,13.348,452.012,449.294,489.479,517.926,-1,-1,-1,-1,-1,-1,-1,37.377,2,0,2,0,1,0,0,0,0,2,2,2,2,2,2,2,1
35,5162.350,5094.143,-57.542,-173.606,-0.993763,0.111267,0.007364,-0.111368,-0.993665,-0.015100,0.005638,-0.015826,0.999859,0,0.36105,-0.33739,10.002,-0.287,-1,540.318,-1,539.147,13.295,450.705,448.255,488.463,518.510,-1,-1,-1,-1,-1,-1,-1,36.965,2,0,2,0,1,0,0,0,0,2,2,2,2,2,2,2,1
36,5152.107,5094.216,-57.403,-173.872,-0.994267,0.106633,0.007866,-0.106745,-0.994166,-0.015454,0.006172,-0.016205,0.999850,0,0.36105,-0.33739,10.243,-0.266,-1,539.067,-1,539.257,13.277,449.796,447.621,487.716,519.187,-1,-1,-1,-1,-1,-1,-1,39.005,2,0,2,0,1,0,0,0,0,2,2,2,2,2,2,2,1
37,5141.599,5094.216,-57.243,-174.118,-0.994709,0.102352,0.008854,-0.102485,-0.994602,-0.016220,0.007146,-0.017041,0.999829,0,0.36105,-0.33739,10.508,-0.245,-1,538.406,-1,540.794,13.268,449.425,447.730,486.250,520.894,-1,-1,-1,-1,-1,-1,-1,39.089,2,0,2,0,1,0,0,0,0,2,2,2,2,2,2,2,1
38,5130.846,5094.184,-57.092,-174.363,-0.995130,0.098067,0.009960,-0.098227,-0.995015,-0.017201,0.008224,-0.018095,0.999802,0,0.36105,-0.33739,10.753,-0.245,-1,537.744,-1,542.874,13.268,449.116,448.162,484.380,523.031,-1,-1,-1,-1,-1,-1,-1,38.021,2,0,2,0,1,0,0,0,0,2,2,2,2,2,2,2,1
39,5119.871,5094.195,-56.956,-174.616,-0.995546,0.093640,0.010910,-0.093828,-0.995420,-0.018289,0.009148,-0.019231,0.999773,0,0.36105,-0.33739,10.975,-0.253,-1,536.650,-1,544.624,13.276,448.491,448.354,482.316,525.278,-1,-1,-1,-1,-1,-1,-1,37.068,2,0,2,0,1,0,0,0,0,2,2,2,2,2,2,2,1
40,5108.700,5094.303,-56.824,-174.884,-0.995969,0.088957,0.011524,-0.089168,-0.995828,-0.019381,0.009752,-0.020331,0.999746,0,0.36105,-0.33739,11.172,-0.268,-1,534.902,-1,545.630,13.284,447.340,448.013,480.279,527.316,-1,-1,-1,-1,-1,-1,-1,36.111,2,0,2,0,1,0,0,0,0,2,2,2,2,2,2,2,1
41,5097.343,5094.549,-56.719,-175.170,-0.996399,0.083965,0.011758,-0.084191,-0.996243,-0.020277,0.010012,-0.021194,0.999725,0,0.36105,-0.33739,11.360,-0.286,-1,532.464,-1,545.638,13.297,445.705,447.022,478.287,528.735,-1,-1,-1,-1,-1,-1,-1,35.208,2,0,2,0,1,0,0,0,0,2,2,2,2,2,2,2,1
42,5085.799,5094.943,-56.615,-175.473,-0.996829,0.078688,0.011851,-0.078923,-0.996661,-0.020910,0.010166,-0.021779,0.999711,0,0.36105,-0.33739,11.551,-0.303,-1,530.215,-1,545.204,13.283,444.012,445.794,476.787,529.551,-1,-1,-1,-1,-1,-1,17.249,35.390,2,0,2,0,1,0,0,0,0,2,2,2,2,2,2,1,1
43,5074.131,5095.418,-56.422,-175.770,-0.997223,0.073524,0.011816,-0.073758,-0.997060,-0.020765,0.010255,-0.021579,0.999715,0,0.36105,-0.33739,11.678,-0.297,15.229,528.855,-1,544.315,13.276,442.507,444.510,477.133,528.927,-1,-1,-1,-1,-1,-1,12.622,37.279,1,0,2,0,1,0,0,0,0,2,2,2,2,2,2,1,1
44,5062.281,5095.912,-56.117,-176.054,-0.997570,0.068573,0.012291,-0.068814,-0.997421,-0.020394,0.010861,-0.021190,0.999716,0,0.36105,-0.33739,11.860,-0.284,-1,528.924,-1,544.917,13.268,442.015,444.195,478.135,528.257,-1,-1,-1,-1,-1,-1,-1,38.825,2,0,2,0,1,0,0,0,0,2,2,2,2,2,2,2,1
45,5050.206,5096.372,-55.762,-176.326,-0.997873,0.063813,0.013290,-0.064075,-0.997739,-0.020284,0.011965,-0.021092,0.999706,0,0.36105,-0.33739,12.084,-0.272,-1,529.922,-1,546.971,13.271,442.300,444.814,478.813,528.377,-1,-1,-1,-1,-1,-1,-1,38.312,2,0,2,0,1,0,0,0,0,2,2,2,2,2,2,2,1
46,5037.970,5096.876,-55.357,-176.609,-0.998160,0.058852,0.014580,-0.059149,-0.998031,-0.020851,0.013324,-0.021675,0.999676,0,0.36105,-0.33739,12.246,-0.283,-1,531.108,-1,550.206,13.274,443.037,446.497,478.477,530.113,-1,-1,-1,-1,-1,-1,-1,38.457,2,0,2,0,1,0,0,0,0,2,2,2,2,2,2,2,1
47,5025.565,5097.478,-54.934,-176.904,-0.998429,0.053649,0.016180,-0.053999,-0.998299,-0.022004,0.014972,-0.022843,0.999627,0,0.36105,-0.33739,12.420,-0.295,-1,532.531,-1,555.693,13.294,444.509,448.770,477.221,533.188,-1,-1,-1,-1,-1,-1,-1,36.881,2,0,2,0,1,0,0,0,0,2,2,2,2,2,2,2,1
48,5013.005,5098.171,-54.538,-177.221,-0.998683,0.048069,0.017906,-0.048479,-0.998555,-0.023202,0.016765,-0.024040,0.999570,0,0.36105,-0.33739,12.579,-0.317,-1,534.137,-1,563.051,13.328,446.234,451.211,475.713,536.285,-1,-1,-1,-1,-1,-1,-1,35.326,2,0,2,0,1,0,0,0,0,2,2,2,2,2,2,2,1
49,5000.396,5099.015,-54.300,-177.561,-0.998912,0.042052,0.020143,-0.042541,-0.998794,-0.024501,0.019089,-0.025332,0.999497,0,0.36105,-0.33739,12.637,-0.341,13.523,536.364,-1,571.416,13.361,448.536,454.192,473.565,539.230,-1,-1,-1,-1,-1,-1,11.045,33.087,1,0,2,0,1,0,0,0,0,2,2,2,2,2,2,1,1
50,4988.050,5100.058,-54.258,-177.913,-0.999105,0.035827,0.022465,-0.036400,-0.999009,-0.025623,0.021524,-0.026418,0.999419,0,0.36105,-0.33739,12.390,-0.352,16.489,540.606,-1,579.290,13.979,450.675,456.944,471.551,541.223,-1,-1,-1,-1,-1,-1,22.222,30.328,1,0,2,0,1,0,0,0,0,2,2,2,2,2,2,1,1
51,4976.064,5101.572,-54.027,-178.337,-0.999342,0.028426,0.022524,-0.029014,-0.999235,-0.026222,0.021762,-0.026858,0.999402,0,0.36105,-0.33739,12.082,-0.424,16.792,542.338,-1,581.236,14.665,449.839,456.454,470.892,542.220,-1,-1,-1,-1,-1,-1,22.185,30.295,1,0,2,0,1,0,0,0,0,2,2,2,2,2,2,1,1
52,4964.221,5103.458,-53.588,-178.805,-0.999563,0.020299,0.021504,-0.020854,-0.999447,-0.025904,0.020967,-0.026341,0.999433,0,0.36105,-0.33739,11.992,-0.468,17.717,542.836,-1,580.184,23.107,447.911,454.801,472.238,541.637,-1,-1,-1,-1,-1,-1,22.258,31.166,1,0,2,0,1,0,0,0,0,2,2,2,2,2,2,1,1
53,4952.511,5105.825,-52.976,-179.358,-0.999725,0.010662,0.020903,-0.011209,-0.999594,-0.026198,0.020615,-0.026425,0.999438,0,0.36105,-0.33739,11.947,-0.553,17.616,544.541,-1,581.211,20.912,446.912,454.395,473.093,543.024,-1,-1,-1,-1,-1,-1,22.238,33.243,1,0,2,0,1,0,0,0,0,2,2,2,2,2,2,1,1
54,4940.865,5108.368,-52.243,-179.902,-0.999767,0.001154,0.021563,-0.001709,-0.999668,-0.025709,0.021526,-0.025739,0.999437,0,0.26012,-0.50832,11.921,-0.544,17.631,550.469,-1,585.042,21.145,448.576,456.704,475.667,543.206,-1,-1,-1,-1,-1,-1,22.241,33.758,1,0,2,0,1,0,0,0,0,2,2,2,2,2,2,1,1
55,4929.415,5111.053,-51.460,179.570,-0.999700,-0.008085,0.023125,0.007511,-0.999664,-0.024793,0.023317,-0.024612,0.999425,0,0.26012,-0.50832,11.760,-0.528,17.439,559.234,-1,592.503,18.433,453.925,462.233,478.800,542.558,-1,-1,-1,-1,-1,-1,22.211,33.784,1,0,2,0,1,0,0,0,0,2,2,2,2,2,2,1,1
56,4918.093,5113.770,-50.730,179.068,-0.999528,-0.016862,0.025686,0.016253,-0.999586,-0.023758,0.026076,-0.023329,0.999388,0,0.26012,-0.50832,11.644,-0.501,17.558,573.465,-1,605.471,19.929,461.809,469.526,482.072,541.343,-1,-1,-1,-1,-1,-1,22.229,32.294,1,0,2,0,1,0,0,0,0,2,2,2,2,2,2,1,1
57,4906.972,5116.605,-50.128,178.549,-0.999264,-0.025961,0.028238,0.025310,-0.999411,-0.023185,0.028823,-0.022453,0.999332,0,0.26012,-0.50832,11.477,-0.519,9.010,596.388,-1,618.355,19.268,469.345,476.491,484.385,540.701,-1,-1,-1,-1,-1,-1,22.221,30.167,1,0,2,0,1,0,0,0,0,2,2,2,2,2,2,1,1
58,4896.022,5119.547,-49.671,178.017,-0.998915,-0.035279,0.030401,0.034583,-0.999134,-0.023115,0.031191,-0.022039,0.999270,0,0.26012,-0.50832,11.338,-0.532,9.231,616.881,-1,628.937,23.112,475.664,482.487,485.564,540.650,-1,-1,-1,-1,-1,-1,22.258,28.558,1,0,2,0,1,0,0,0,0,2,2,2,2,2,2,1,1
59,4885.313,5122.630,-49.310,177.469,-0.998481,-0.044881,0.031947,0.044141,-0.998749,-0.023505,0.032962,-0.022059,0.999213,0,0.26012,-0.50832,11.144,-0.548,18.344,634.060,-1,637.136,26.316,480.434,487.163,485.750,541.257,-1,-1,-1,-1,-1,-1,22.417,27.282,1,0,2,0,1,0,0,0,0,2,2,2,2,2,2,1,1
60,4875.153,5126.018,-48.951,176.855,-0.997941,-0.055602,0.031966,0.054840,-0.998201,-0.024227,0.033256,-0.022424,0.999195,0,0.26012,-0.50832,10.710,-0.614,18.752,646.523,-1,640.172,24.962,482.148,488.912,485.245,542.636,-1,-1,-1,-1,-1,-1,22.553,26.154,1,0,2,0,1,0,0,0,0,2,2,2,2,2,2,1,1
61,4865.457,5129.709,-48.626,176.194,-0.997249,-0.067110,0.031489,0.066341,-0.997487,-0.024872,0.033079,-0.022714,0.999195,0,0.26012,-0.50832,10.375,-0.661,18.326,658.361,-1,640.988,25.558,482.806,489.559,484.683,543.836,-1,-1,-1,-1,-1,-1,22.412,26.484,1,0,2,0,1,0,0,0,0,2,2,2,2,2,2,1,1
62,4855.919,5133.403,-48.305,175.570,-0.996440,-0.077957,0.032100,0.077196,-0.996720,-0.024300,0.033890,-0.021736,0.999189,0,0.26012,-0.50832,10.228,-0.624,18.773,677.716,-1,642.370,25.504,487.047,491.842,485.723,542.296,-1,-1,-1,-1,-1,-1,22.561,26.736,1,0,2,0,1,0,0,0,0,2,2,2,2,2,2,1,1
63,4846.674,5137.212,-47.916,174.945,-0.995489,-0.088821,0.033358,0.088056,-0.995832,-0.023762,0.035330,-0.020718,0.999161,0,0.26012,-0.50832,9.999,-0.625,18.496,700.402,-1,645.689,27.533,495.251,497.936,487.116,540.989,-1,-1,-1,-1,-1,-1,22.465,28.656,1,0,2,0,1,0,0,0,0,2,2,2,2,2,2,1,1
64,4837.682,5140.835,-47.466,174.377,-0.994500,-0.098680,0.035086,0.097911,-0.994929,-0.023015,0.037179,-0.019453,0.999119,0,-0.01209,-0.56065,9.695,-0.568,18.140,725.729,-1,651.235,28.352,505.000,505.833,489.199,539.319,-1,-1,-1,-1,-1,-1,22.357,29.235,1,0,2,0,1,0,0,0,0,2,2,2,2,2,2,1,1
65,4829.076,5144.204,-47.026,173.877,-0.993549,-0.107346,0.036557,0.106585,-0.994056,-0.022179,0.038721,-0.018140,0.999085,0,-0.01209,-0.56065,9.242,-0.500,17.945,751.424,-1,656.316,28.013,513.854,512.904,491.424,537.432,-1,-1,-1,-1,-1,-1,22.308,28.737,1,0,2,0,1,0,0,0,0,2,2,2,2,2,2,1,1
66,4820.800,5147.346,-46.646,173.427,-0.992634,-0.115130,0.037730,0.114378,-0.993204,-0.021526,0.039952,-0.017052,0.999056,0,-0.01209,-0.56065,8.852,-0.450,17.618,772.976,-1,660.525,20.990,521.553,518.589,493.179,535.805,-1,-1,-1,-1,-1,-1,22.239,27.850,1,0,2,0,1,0,0,0,0,2,2,2,2,2,2,1,1
67,4812.784,5150.285,-46.332,173.016,-0.991744,-0.122242,0.038749,0.121487,-0.992365,-0.021282,0.041054,-0.016398,0.999022,0,-0.01209,-0.56065,8.538,-0.411,16.854,790.544,-1,664.679,14.852,527.644,523.421,493.930,534.893,-1,-1,-1,-1,-1,-1,22.180,28.194,1,0,2,0,1,0,0,0,0,2,2,2,2,2,2,1,1
68,4804.937,5152.934,-46.051,172.672,-0.990943,-0.128211,0.039918,0.127439,-0.991617,-0.021335,0.042319,-0.016054,0.998975,0,-0.01209,-0.56065,8.282,-0.344,16.844,810.063,-1,669.888,14.814,533.925,528.738,494.019,534.494,-1,-1,-1,-1,-1,-1,22.181,28.222,1,0,2,0,1,0,0,0,0,2,2,2,2,2,2,1,1
69,4797.380,5155.412,-45.721,172.355,-0.990159,-0.133726,0.041249,0.132903,-0.990882,-0.022113,0.043830,-0.016413,0.998904,0,-0.01209,-0.56065,7.953,-0.317,16.769,830.962,-1,677.107,14.590,540.855,535.037,493.114,535.748,-1,-1,-1,-1,-1,-1,22.186,28.820,1,0,2,0,1,0,0,0,0,2,2,2,2,2,2,1,1
70,4790.123,5157.758,-45.338,172.058,-0.989385,-0.138917,0.042646,0.138025,-0.990157,-0.023217,0.045451,-0.017084,0.998820,0,-0.01209,-0.56065,7.627,-0.297,16.683,849.786,-1,685.411,14.376,550.264,541.878,491.889,537.841,-1,-1,-1,-1,-1,-1,22.193,27.453,1,0,2,0,1,0,0,0,0,2,2,2,2,2,2,1,1
71,4783.158,5159.985,-44.957,171.782,-0.988654,-0.143740,0.043624,0.142786,-0.989456,-0.024265,0.046652,-0.017761,0.998753,0,-0.01209,-0.56065,7.312,-0.276,16.551,865.211,-1,691.966,14.097,558.671,547.618,490.675,539.920,-1,-1,-1,-1,-1,-1,22.211,25.824,1,0,2,0,1,0,0,0,0,2,2,2,2,2,2,1,1
72,4776.448,5162.078,-44.623,171.535,-0.987994,-0.148041,0.044183,0.147042,-0.988813,-0.025070,0.047400,-0.018272,0.998709,0,-0.01209,-0.56065,7.029,-0.247,16.459,877.300,-1,696.305,13.935,564.573,552.349,489.651,541.443,-1,-1,-1,-1,-1,-1,22.227,24.851,1,0,2,0,1,0,0,0,0,2,2,2,2,2,2,1,1
73,4769.980,5164.077,-44.341,171.308,-0.987382,-0.151970,0.044525,0.150942,-0.988210,-0.025632,0.047895,-0.018588,0.998679,0,-0.01209,-0.56065,6.770,-0.226,16.395,888.115,-1,699.405,13.838,569.163,556.351,488.864,542.362,-1,-1,-1,-1,-1,-1,22.241,24.439,1,0,2,0,1,0,0,0,0,2,2,2,2,2,2,1,1
74,4763.752,5166.013,-44.106,171.097,-0.986799,-0.155623,0.044826,0.154575,-0.987639,-0.025982,0.048315,-0.018710,0.998657,0,-0.01209,-0.56065,6.522,-0.211,16.346,897.958,-1,702.021,13.768,573.340,559.886,488.332,542.722,-1,-1,-1,-1,-1,-1,22.253,24.504,1,0,2,0,1,0,0,0,0,2,2,2,2,2,2,1,1
75,4757.763,5167.897,-43.896,170.896,-0.986221,-0.159104,0.045311,0.158034,-0.987083,-0.026321,0.048913,-0.018797,0.998626,0,-0.01209,-0.56065,6.278,-0.201,16.304,907.964,-1,705.211,13.712,577.925,563.802,487.809,542.976,-1,-1,-1,-1,-1,-1,22.265,24.760,1,0,2,0,1,0,0,0,0,2,2,2,2,2,2,1,1
76,4752.059,5169.754,-43.658,170.701,-0.985632,-0.162471,0.046175,0.161382,-0.986538,-0.026432,0.049848,-0.018600,0.998584,0,-0.01209,-0.56065,5.999,-0.195,16.284,921.306,-1,709.412,13.686,583.667,568.668,487.673,542.757,-1,-1,-1,-1,-1,-1,22.271,24.345,1,0,2,0,1,0,0,0,0,2,2,2,2,2,2,1,1
77,4746.619,5171.584,-43.386,170.512,-0.985035,-0.165725,0.047343,0.164624,-0.986006,-0.026302,0.051040,-0.018114,0.998532,0,-0.01209,-0.56065,5.740,-0.189,16.035,937.606,-1,714.355,13.456,590.468,574.306,488.204,542.068,-1,-1,-1,-1,-1,-1,22.364,24.033,1,0,2,0,1,0,0,0,0,2,2,2,2,2,2,1,1
78,4741.365,5173.298,-43.100,170.350,-0.984504,-0.168490,0.048614,0.167395,-0.985552,-0.025803,0.052259,-0.017266,0.998484,0,-0.01209,-0.56065,5.526,-0.162,15.696,955.463,-1,719.239,13.299,597.766,580.044,489.475,540.609,-1,-1,-1,-1,-1,-1,22.559,23.715,1,0,2,0,1,0,0,0,0,2,2,2,2,2,2,1,1
79,4736.302,5174.863,-42.814,170.214,-0.984058,-0.170824,0.049493,0.169737,-0.985161,-0.025425,0.053102,-0.016619,0.998451,0,-0.01209,-0.56065,5.300,-0.137,15.644,968.441,-1,723.110,13.286,603.150,584.747,490.430,539.542,-1,-1,-1,-1,-1,-1,22.600,23.276,1,0,2,0,1,0,0,0,0,2,2,2,2,2,2,1,1
80,4731.458,5176.315,-42.522,170.085,-0.983646,-0.173051,0.049942,0.171948,-0.984772,-0.025637,0.053618,-0.016630,0.998423,0,-0.01209,-0.56065,5.057,-0.129,15.633,977.102,-1,726.540,13.285,607.635,588.207,490.261,539.914,-1,-1,-1,-1,-1,-1,22.607,22.802,1,0,2,0,1,0,0,0,0,2,2,2,2,2,2,1,1
81,4726.823,5177.676,-42.239,169.962,-0.983256,-0.175179,0.050203,0.174044,-0.984390,-0.026184,0.054006,-0.017008,0.998396,0,-0.01209,-0.56065,4.830,-0.122,15.627,983.710,-1,729.884,13.283,611.554,591.217,489.458,541.070,-1,-1,-1,-1,-1,-1,22.611,21.504,1,0,2,0,1,0,0,0,0,2,2,2,2,2,2,1,1
82,4722.392,5178.969,-41.980,169.847,-0.982882,-0.177185,0.050476,0.176017,-0.984024,-0.026750,0.054410,-0.017407,0.998367,0,-0.01209,-0.56065,4.616,-0.115,15.615,990.135,-1,733.242,13.281,615.370,594.175,488.602,542.231,-1,-1,-1,-1,-1,-1,22.621,20.089,1,0,2,0,1,0,0,0,0,2,2,2,2,2,2,1,1
83,4718.166,5180.215,-41.745,169.736,-0.982518,-0.179103,0.050791,0.177908,-0.983671,-0.027191,0.054831,-0.017679,0.998339,0,-0.01209,-0.56065,4.405,-0.110,15.600,996.640,-1,736.546,13.279,619.121,597.035,487.949,543.069,-1,-1,-1,-1,-1,-1,22.633,18.751,1,0,2,0,1,0,0,0,0,2,2,2,2,2,2,1,1
84,4714.135,5181.418,-41.535,169.631,-0.982170,-0.180926,0.051068,0.179709,-0.983334,-0.027535,0.055199,-0.017867,0.998316,0,-0.01209,-0.56065,4.207,-0.105,15.586,1002.492,-1,739.415,13.278,622.554,599.598,487.513,543.665,-1,-1,-1,-1,-1,-1,22.645,17.615,1,0,2,0,1,0,0,0,0,2,2,2,2,2,2,1,1
85,4710.279,5182.576,-41.363,169.532,-0.981840,-0.182647,0.051295,0.181411,-0.983013,-0.027841,0.055509,-0.018030,0.998295,0,-0.01209,-0.56065,4.026,-0.099,15.564,1007.638,-1,741.870,8.353,625.602,601.834,487.090,544.111,-1,-1,-1,-1,-1,-1,22.663,16.838,1,0,2,0,1,0,0,0,0,2,2,2,2,2,2,1,1
86,4706.598,5183.678,-41.229,169.439,-0.981532,-0.184244,0.051462,0.182991,-0.982712,-0.028121,0.055754,-0.018185,0.998279,0,-0.01209,-0.56065,3.843,-0.092,15.546,-1,-1,743.904,8.656,628.229,603.761,486.609,544.430,-1,-1,-1,-1,-1,-1,22.679,8.272,1,2,2,0,1,0,0,0,0,2,2,2,2,2,2,1,1
87,4703.077,5184.729,-41.124,169.354,-0.981242,-0.185719,0.051695,0.184451,-0.982433,-0.028349,0.056052,-0.018282,0.998260,0,-0.01209,-0.56065,3.675,-0.085,15.542,-1,-1,745.979,8.634,630.903,605.955,486.191,544.559,-1,-1,-1,-1,-1,-1,22.682,8.249,1,2,2,0,1,0,0,0,0,2,2,2,2,2,2,1,1
88,4699.707,5185.746,-41.039,169.273,-0.980955,-0.187122,0.052082,0.185838,-0.982166,-0.028526,0.056491,-0.018304,0.998235,0,-0.01209,-0.56065,3.520,-0.081,15.539,-1,-1,748.440,8.741,633.961,608.470,485.891,544.495,-1,-1,-1,-1,-1,-1,22.684,8.351,1,2,2,0,1,0,0,0,0,2,2,2,2,2,2,1,1
89,4696.489,5186.732,-40.966,169.195,-0.980670,-0.188458,0.052621,0.187162,-0.981912,-0.028608,0.057061,-0.018207,0.998205,0,-0.01209,-0.56065,3.366,-0.078,15.538,-1,-1,751.223,8.919,637.417,611.296,485.806,544.167,-1,-1,-1,-1,-1,-1,22.688,8.520,1,2,2,0,1,0,0,0,0,2,2,2,2,2,2,1,1
90,4693.427,5187.685,-40.896,169.121,-0.980391,-0.189733,0.053241,0.188429,-0.981671,-0.028575,0.057687,-0.017982,0.998173,0,-0.01209,-0.56065,3.207,-0.074,15.535,-1,-1,754.055,8.972,640.584,614.233,485.967,543.578,-1,-1,-1,-1,-1,-1,22.688,8.570,1,2,2,0,1,0,0,0,0,2,2,2,2,2,2,1,1
91,4690.523,5188.600,-40.814,169.050,-0.980124,-0.190940,0.053833,0.189633,-0.981442,-0.028474,0.058271,-0.017699,0.998144,0,-0.01209,-0.56065,3.045,-0.071,15.533,-1,-1,756.672,8.938,643.571,617.028,486.177,542.906,-1,-1,-1,-1,-1,-1,22.690,8.536,1,2,2,0,1,0,0,0,0,2,2,2,2,2,2,1,1
92,4687.523,5189.582,-40.696,168.972,-0.979794,-0.192298,0.055002,0.190957,-0.981178,-0.028718,0.059489,-0.017635,0.998073,0,0.41269,-0.26893,3.157,-0.078,15.553,-1,-1,762.309,-1,648.742,622.060,486.090,542.900,-1,-1,-1,-1,-1,-1,22.674,-1,1,2,2,0,2,0,0,0,0,2,2,2,2,2,2,1,2
93,4684.078,5190.727,-40.514,168.876,-0.979343,-0.193972,0.057119,0.192560,-0.980847,-0.029313,0.061711,-0.017708,0.997937,0,0.41269,-0.26893,3.631,-0.095,15.580,-1,-1,772.504,-1,657.604,630.117,485.920,543.463,-1,-1,-1,-1,-1,-1,22.650,-1,1,2,2,0,2,0,0,0,0,2,2,2,2,2,2,1,2
94,4680.253,5192.010,-40.281,168.770,-0.978848,-0.195840,0.059188,0.194355,-0.980474,-0.029938,0.063896,-0.017801,0.997798,0,0.41269,-0.26893,4.034,-0.107,15.609,-1,-1,783.095,-1,666.732,638.401,485.765,544.182,-1,-1,-1,-1,-1,-1,22.626,-1,1,2,2,0,2,0,0,0,0,2,2,2,2,2,2,1,2
95,4676.084,5193.442,-40.017,168.653,-0.978348,-0.197874,0.060667,0.196329,-0.980063,-0.030511,0.065494,-0.017939,0.997692,0,0.41269,-0.26893,4.407,-0.117,15.514,-1,-1,791.402,-1,674.589,645.057,485.476,544.885,-1,-1,-1,-1,-1,-1,22.706,-1,1,2,2,0,2,0,0,0,0,2,2,2,2,2,2,1,2
96,4671.547,5194.993,-39.775,168.540,-0.977886,-0.199834,0.061690,0.198250,-0.979665,-0.030886,0.066608,-0.017973,0.997617,0,0.41269,-0.26893,4.795,-0.113,15.368,-1,-1,797.574,-1,681.061,650.206,485.216,544.949,-1,-1,-1,-1,-1,-1,22.854,-1,1,2,2,0,2,0,0,0,0,2,2,2,2,2,2,1,2
97,4666.650,5196.642,-39.591,168.436,-0.977471,-0.201607,0.062485,0.200006,-0.979305,-0.030956,0.067433,-0.017762,0.997566,0,0.41269,-0.26893,5.167,-0.104,15.308,-1,-1,802.145,-1,686.544,654.327,485.173,544.127,-1,-1,-1,-1,-1,-1,22.922,-1,1,2,2,0,2,0,0,0,0,2,2,2,2,2,2,1,2
98,4661.458,5198.417,-39.476,168.327,-0.977046,-0.203453,0.063151,0.201854,-0.978931,-0.030808,0.068089,-0.017354,0.997528,0,0.41269,-0.26893,5.487,-0.109,15.273,-1,-1,805.456,-1,691.111,657.671,485.231,542.574,-1,-1,-1,-1,-1,-1,22.965,-1,1,2,2,0,2,0,0,0,0,2,2,2,2,2,2,1,2
99,4655.958,5200.266,-39.343,168.209,-0.976601,-0.205443,0.063596,0.203864,-0.978525,-0.030454,0.068487,-0.016777,0.997511,0,0.41269,-0.26893,5.802,-0.118,15.208,-1,-1,807.482,-1,694.318,660.238,485.538,540.618,-1,-1,-1,-1,-1,-1,23.045,-1,1,2,2,0,2,0,0,0,0,2,2,2,2,2,2,1,2
100,4650.124,5202.186,-39.127,168.088,-0.976159,-0.207484,0.063750,0.205927,-0.978102,-0.030157,0.068611,-0.016311,0.997510,0,0.41269,-0.26893,6.142,-0.121,15.123,-1,-1,808.872,-1,696.918,662.300,485.774,539.049,-1,-1,-1,-1,-1,-1,23.165,-1,1,2,2,0,2,0,0,0,0,2,2,2,2,2,2,1,2
101,4643.982,5204.137,-38.792,167.972,-0.975743,-0.209447,0.063694,0.207907,-0.977689,-0.029996,0.068555,-0.016026,0.997519,0,0.41269,-0.26893,6.445,-0.116,15.038,-1,-1,810.370,-1,699.393,664.212,485.935,538.124,-1,-1,-1,-1,-1,-1,23.297,-1,1,2,2,0,2,0,0,0,0,2,2,2,2,2,2,1,2
102,4637.564,5206.107,-38.299,167.855,-0.975333,-0.211433,0.063409,0.209893,-0.977260,-0.030115,0.068334,-0.016063,0.997533,0,0.41269,-0.26893,6.713,-0.116,15.063,-1,-1,812.367,-1,701.848,666.228,485.864,538.295,-1,-1,-1,-1,-1,-1,23.257,-1,1,2,2,0,2,0,0,0,0,2,2,2,2,2,2,1,2
103,4630.846,5208.160,-37.732,167.728,-0.974888,-0.213635,0.062881,0.212069,-0.976773,-0.030675,0.067974,-0.016570,0.997549,0,0.41269,-0.26893,7.025,-0.128,15.042,-1,-1,814.895,-1,703.957,668.189,485.066,539.672,-1,-1,-1,-1,-1,-1,23.290,-1,1,2,2,0,2,0,0,0,0,2,2,2,2,2,2,1,2
104,4623.798,5210.286,-37.159,167.600,-0.974439,-0.215843,0.062294,0.214253,-0.976278,-0.031252,0.067562,-0.017107,0.997568,0,0.41269,-0.26893,7.362,-0.128,14.958,-1,-1,817.357,-1,705.993,670.086,484.257,541.047,-1,-1,-1,-1,-1,-1,23.434,-1,1,2,2,0,2,0,0,0,0,2,2,2,2,2,2,1,2
105,4616.408,5212.495,-36.636,167.476,-0.973994,-0.217968,0.061847,0.216362,-0.975800,-0.031650,0.067249,-0.017446,0.997584,0,0.41269,-0.26893,7.713,-0.124,14.884,-1,-1,819.930,-1,708.388,672.201,483.512,541.741,-1,-1,-1,-1,-1,-1,23.572,-1,1,2,2,0,2,0,0,0,0,2,2,2,2,2,2,1,2
106,4608.681,5214.822,-36.208,167.350,-0.973520,-0.220128,0.061661,0.218506,-0.975311,-0.031989,0.067180,-0.017669,0.997584,0,0.41269,-0.26893,8.070,-0.126,14.983,-1,-1,823.125,-1,711.555,674.831,482.765,541.835,-1,-1,-1,-1,-1,-1,23.389,-1,1,2,2,0,2,0,0,0,0,2,2,2,2,2,2,1,2
107,4600.650,5217.322,-35.868,167.206,-0.972955,-0.222583,0.061762,0.220939,-0.974750,-0.032375,0.067408,-0.017854,0.997566,0,0.41269,-0.26893,8.411,-0.143,15.074,-1,-1,827.156,-1,715.226,678.094,481.820,541.586,-1,-1,-1,-1,-1,-1,23.241,-1,1,2,2,0,2,0,0,0,0,2,2,2,2,2,2,1,2
108,4592.354,5219.994,-35.580,167.046,-0.972307,-0.225325,0.062029,0.223651,-0.974117,-0.032821,0.067819,-0.018040,0.997535,0,0.41269,-0.26893,8.715,-0.160,15.146,-1,-1,831.693,-1,719.753,681.735,480.690,541.176,-1,-1,-1,-1,-1,-1,23.133,-1,1,2,2,0,2,0,0,0,0,2,2,2,2,2,2,1,2
109,4583.811,5222.808,-35.284,166.874,-0.971594,-0.228266,0.062444,0.226564,-0.973431,-0.033184,0.068360,-0.018094,0.997497,0,0.41269,-0.26893,8.995,-0.172,15.142,-1,-1,836.609,-1,724.844,685.783,479.773,540.480,-1,-1,-1,-1,-1,-1,23.137,-1,1,2,2,0,2,0,0,0,0,2,2,2,2,2,2,1,2
110,4575.018,5225.725,-34.888,166.704,-0.970869,-0.231137,0.063153,0.229425,-0.972759,-0.033232,0.069114,-0.017775,0.997450,0,0.41269,-0.26893,9.264,-0.169,15.069,-1,-1,842.514,-1,731.330,690.700,479.755,539.191,-1,-1,-1,-1,-1,-1,23.246,-1,1,2,2,0,2,0,0,0,0,2,2,2,2,2,2,1,2
111,4565.962,5228.765,-34.430,166.536,-0.970122,-0.233960,0.064226,0.232265,-0.972099,-0.032815,0.070112,-0.016917,0.997396,0,0.41269,-0.26893,9.552,-0.169,15.039,-1,-1,849.147,-1,739.257,696.606,480.834,536.831,-1,-1,-1,-1,-1,-1,23.295,-1,1,2,2,0,2,0,0,0,0,2,2,2,2,2,2,1,2
112,4556.677,5231.959,-33.927,166.361,-0.969345,-0.236867,0.065302,0.235202,-0.971413,-0.032205,0.071063,-0.015859,0.997346,0,0.41269,-0.26893,9.820,-0.175,15.058,-1,-1,855.480,-1,747.211,702.502,482.340,533.943,-1,-1,-1,-1,-1,-1,23.266,-1,1,2,2,0,2,0,0,0,0,2,2,2,2,2,2,1,2
113,4547.174,5235.243,-33.404,166.185,-0.968595,-0.239803,0.065716,0.238177,-0.970706,-0.031665,0.071384,-0.015019,0.997336,0,0.41269,-0.26893,10.054,-0.176,15.053,-1,-1,859.284,-1,752.106,706.844,483.169,531.396,-1,-1,-1,-1,-1,-1,23.273,-1,1,2,2,0,2,0,0,0,0,2,2,2,2,2,2,1,2
114,4537.563,5238.560,-32.763,165.998,-0.967873,-0.242937,0.064843,0.241352,-0.969931,-0.031360,0.070511,-0.014702,0.997403,0,0.41269,-0.26893,10.167,-0.187,15.078,-1,-1,858.630,-1,752.811,707.588,483.013,530.199,-1,-1,-1,-1,-1,-1,23.232,-1,1,2,2,0,2,0,0,0,0,2,2,2,2,2,2,1,2
115,4527.790,5241.929,-31.963,165.811,-0.967157,-0.246069,0.063696,0.244528,-0.969144,-0.031069,0.069376,-0.014473,0.997486,0,0.41269,-0.26893,10.337,-0.187,15.070,-1,-1,857.610,-1,753.132,708.035,483.360,529.574,-1,-1,-1,-1,-1,-1,23.246,-1,1,2,2,0,2,0,0,0,0,2,2,2,2,2,2,1,2
116,4517.747,5245.387,-31.098,165.626,-0.966412,-0.249188,0.062868,0.247671,-0.968348,-0.030995,0.068602,-0.014383,0.997540,0,0.41269,-0.26893,10.622,-0.185,14.978,-1,-1,858.849,9.353,755.226,709.853,484.236,529.354,-1,-1,-1,-1,-1,-1,23.399,8.757,1,2,2,0,1,0,0,0,0,2,2,2,2,2,2,1,1
117,4507.676,5248.833,-30.301,165.440,-0.965685,-0.252320,0.061545,0.250818,-0.967533,-0.031155,0.067408,-0.014649,0.997618,0,-0.01770,-0.76325,10.644,-0.185,15.218,-1,-1,858.366,8.589,756.615,710.025,484.221,529.650,-1,-1,-1,-1,-1,-1,23.033,8.114,1,2,2,0,1,0,0,0,0,2,2,2,2,2,2,1,1
118,4498.011,5252.265,-29.709,165.229,-0.964900,-0.255904,0.058999,0.254420,-0.966579,-0.031554,0.065102,-0.015436,0.997759,0,-0.01770,-0.76325,10.257,-0.212,15.472,-1,-1,852.264,13.268,752.020,705.515,482.599,530.564,-1,-1,-1,-1,-1,-1,22.747,19.329,1,2,2,0,1,0,0,0,0,2,2,2,2,2,2,1,1
119,4488.683,5255.687,-29.308,164.999,-0.964016,-0.259794,0.056391,0.258318,-0.965524,-0.032177,0.062807,-0.016453,0.997890,0,-0.01770,-0.76325,9.935,-0.229,15.570,-1,-1,845.550,13.276,746.418,700.294,480.079,531.592,-1,-1,-1,-1,-1,-1,22.657,23.692,1,2,2,0,1,0,0,0,0,2,2,2,2,2,2,1,1
120,4479.663,5259.085,-29.066,164.768,-0.963091,-0.263697,0.054027,0.262246,-0.964453,-0.032517,0.060681,-0.017149,0.998010,0,-0.01770,-0.76325,9.639,-0.231,15.560,-1,-1,838.492,13.273,740.869,695.013,477.592,531.570,-1,-1,-1,-1,-1,-1,22.667,25.483,1,2,2,0,1,0,0,0,0,2,2,2,2,2,2,1,1
121,4470.943,5262.447,-28.928,164.544,-0.962162,-0.267464,0.052023,0.266041,-0.963407,-0.032705,0.058867,-0.017627,0.998110,0,-0.01770,-0.76325,9.346,-0.224,15.744,-1,-1,832.155,13.313,736.171,690.419,475.153,530.854,-1,-1,-1,-1,-1,-1,22.526,27.330,1,2,2,0,1,0,0,0,0,2,2,2,2,2,2,1,1
122,4462.580,5265.880,-28.786,164.294,-0.961052,-0.271674,0.050717,0.270250,-0.962217,-0.033213,0.057824,-0.018213,0.998161,0,-0.01770,-0.76325,9.040,-0.250,16.090,-1,-1,828.994,13.498,734.069,688.127,472.630,530.666,-1,-1,-1,-1,-1,-1,22.340,28.686,1,2,2,0,1,0,0,0,0,2,2,2,2,2,2,1,1
123,4454.558,5269.322,-28.547,164.030,-0.959815,-0.276134,0.050052,0.274688,-0.960935,-0.033914,0.057462,-0.018803,0.998171,0,-0.01770,-0.76325,8.729,-0.264,16.052,-1,-1,828.901,13.470,734.730,688.164,470.471,531.005,-1,-1,-1,-1,-1,-1,22.356,31.100,1,2,2,0,1,0,0,0,0,2,2,2,2,2,2,1,1
124,4446.828,5272.708,-28.206,163.775,-0.958583,-0.280406,0.049911,0.278947,-0.959695,-0.034260,0.057506,-0.018918,0.998166,0,-0.01770,-0.76325,8.439,-0.254,16.047,-1,-1,830.329,13.468,737.487,689.724,469.553,530.700,-1,-1,-1,-1,-1,-1,22.357,31.539,1,2,2,0,1,0,0,0,0,2,2,2,2,2,2,1,1
125,4439.422,5276.029,-27.765,163.530,-0.957385,-0.284497,0.049754,0.283052,-0.958496,-0.034148,0.057404,-0.018610,0.998178,0,-0.01770,-0.76325,8.116,-0.245,16.033,-1,-1,830.942,13.458,740.103,690.996,469.722,529.627,-1,-1,-1,-1,-1,-1,22.364,31.873,1,2,2,0,1,0,0,0,0,2,2,2,2,2,2,1,1
126,4432.321,5279.263,-27.245,163.296,-0.956245,-0.288377,0.049340,0.286960,-0.957343,-0.033881,0.057006,-0.018240,0.998207,0,-0.01770,-0.76325,7.803,-0.234,16.024,-1,-1,830.510,13.450,741.825,691.524,471.901,528.614,-1,-1,-1,-1,-1,-1,22.369,32.235,1,2,2,0,1,0,0,0,0,2,2,2,2,2,2,1,1
127,4425.507,5282.422,-26.718,163.070,-0.955123,-0.292144,0.048918,0.290743,-0.956204,-0.033808,0.056652,-0.018068,0.998230,0,-0.01770,-0.76325,7.510,-0.226,16.018,960.638,-1,830.512,13.445,743.579,692.220,474.015,528.126,-1,-1,-1,-1,-1,-1,22.371,32.357,1,1,2,0,1,0,0,0,0,2,2,2,2,2,2,1,1
128,4418.971,5285.495,-26.230,162.846,-0.953998,-0.295868,0.048487,0.294478,-0.955060,-0.033816,0.056313,-0.017982,0.998251,0,-0.01770,-0.76325,7.222,-0.224,15.976,934.629,-1,830.044,13.419,744.818,692.789,475.929,527.798,-1,-1,-1,-1,-1,-1,22.391,32.527,1,1,2,0,1,0,0,0,0,2,2,2,2,2,2,1,1
129,4412.688,5288.426,-25.799,162.639,-0.952948,-0.299300,0.048054,0.297919,-0.953990,-0.033873,0.055982,-0.017963,0.998270,0,-0.01770,-0.76325,6.932,-0.206,15.926,910.555,-1,829.518,13.390,745.671,693.257,477.538,527.472,-1,-1,-1,-1,-1,-1,22.416,33.758,1,1,2,0,1,0,0,0,0,2,2,2,2,2,2,1,1
130,4406.630,5291.204,-25.438,162.452,-0.951984,-0.302421,0.047622,0.301036,-0.953001,-0.034146,0.055711,-0.018170,0.998282,0,-0.01770,-0.76325,6.665,-0.187,15.954,888.318,-1,829.555,13.406,746.497,693.813,478.507,527.449,-1,-1,-1,-1,-1,-1,22.402,34.272,1,1,2,0,1,0,0,0,0,2,2,2,2,2,2,1,1
131,4400.847,5293.901,-25.139,162.265,-0.951018,-0.305548,0.046965,0.304150,-0.951993,-0.034662,0.055302,-0.018680,0.998295,0,-0.01770,-0.76325,6.382,-0.187,16.107,867.941,-1,829.121,13.512,746.389,694.139,478.685,527.981,-1,-1,-1,-1,-1,-1,22.333,34.069,1,1,2,0,1,0,0,0,0,2,2,2,2,2,2,1,1
132,4395.324,5296.487,-24.905,162.082,-0.950082,-0.308601,0.045937,0.307202,-0.950997,-0.035081,0.054512,-0.019218,0.998328,0,-0.01770,-0.76325,6.098,-0.183,9.969,848.973,-1,826.970,13.483,744.606,692.894,478.565,528.425,-1,-1,-1,-1,-1,-1,8.058,34.585,1,1,2,0,1,0,0,0,0,2,2,2,2,2,2,1,1
133,4390.045,5298.935,-24.748,161.911,-0.949225,-0.311433,0.044507,0.310047,-0.950061,-0.035421,0.053316,-0.019823,0.998381,0,-0.01770,-0.76325,5.819,-0.170,14.903,831.118,-1,823.111,13.459,741.106,690.008,478.031,528.791,-1,-1,-1,-1,-1,-1,12.067,35.783,1,1,2,0,1,0,0,0,0,2,2,2,2,2,2,1,1
134,4384.842,5301.372,-24.614,161.744,-0.948361,-0.314234,0.043227,0.312838,-0.949119,-0.036136,0.052383,-0.020747,0.998412,0,0.31388,-0.87625,5.745,-0.168,-1,813.646,-1,820.607,13.345,738.381,688.027,476.830,529.829,-1,-1,-1,-1,-1,-1,18.062,37.161,2,1,2,0,1,0,0,0,0,2,2,2,2,2,2,1,1
135,4379.392,5303.889,-24.466,161.578,-0.947451,-0.317028,0.042777,0.315579,-0.948163,-0.037370,0.052407,-0.021907,0.998385,0,0.31388,-0.87625,6.004,-0.166,-1,796.326,-1,822.220,13.273,739.136,689.532,475.339,531.445,-1,-1,-1,-1,-1,-1,-1,38.089,2,1,2,0,1,0,0,0,0,2,2,2,2,2,2,2,1
136,4373.706,5306.403,-24.289,161.433,-0.946639,-0.319470,0.042572,0.317964,-0.947317,-0.038582,0.052655,-0.022986,0.998348,0,0.31388,-0.87625,6.216,-0.145,-1,779.963,-1,824.955,13.285,741.069,691.702,474.119,532.833,-1,-1,-1,-1,-1,-1,-1,38.611,2,1,2,0,1,0,0,0,0,2,2,2,2,2,2,2,1
137,4367.796,5308.868,-24.117,161.327,-0.946057,-0.321251,0.042130,0.319724,-0.946700,-0.039193,0.052475,-0.023609,0.998343,0,0.31388,-0.87625,6.404,-0.106,-1,765.164,-1,825.839,13.362,743.288,692.561,473.698,532.914,-1,-1,-1,-1,-1,-1,-1,38.647,2,1,2,0,1,0,0,0,0,2,2,2,2,2,2,2,1
138,4361.708,5311.331,-23.981,161.244,-0.945646,-0.322603,0.041009,0.321107,-0.946234,-0.039133,0.051428,-0.023837,0.998392,0,0.31388,-0.87625,6.568,-0.083,-1,751.048,-1,822.996,13.428,742.291,690.683,473.839,531.749,-1,-1,-1,-1,-1,-1,-1,37.645,2,1,2,0,1,0,0,0,0,2,2,2,2,2,2,2,1
139,4355.452,5313.853,-23.906,161.166,-0.945292,-0.323859,0.039223,0.322423,-0.945800,-0.038793,0.049661,-0.024024,0.998477,0,0.31388,-0.87625,6.745,-0.078,-1,739.908,-1,817.205,13.486,738.163,686.402,473.828,530.138,-1,-1,-1,-1,-1,-1,-1,35.202,2,1,2,0,1,0,0,0,0,2,2,2,2,2,2,2,1
140,4348.995,5316.400,-23.883,161.098,-0.945001,-0.324952,0.037133,0.323583,-0.945417,-0.038482,0.047611,-0.024350,0.998569,0,0.31388,-0.87625,6.941,-0.068,-1,736.059,-1,810.517,13.586,732.830,681.282,473.682,528.663,-1,-1,-1,-1,-1,-1,-1,32.390,2,1,2,0,1,0,0,0,0,2,2,2,2,2,2,2,1
141,4342.321,5318.949,-23.879,161.041,-0.944772,-0.325858,0.034965,0.324552,-0.945092,-0.038296,0.045525,-0.024833,0.998654,0,0.31388,-0.87625,7.145,-0.057,-1,731.851,-1,804.055,13.691,727.411,676.255,474.921,527.436,-1,-1,-1,-1,-1,-1,-1,30.398,2,1,2,0,1,0,0,0,0,2,2,2,2,2,2,2,1
142,4335.447,5321.513,-23.836,160.992,-0.944570,-0.326653,0.032958,0.325384,-0.944794,-0.038587,0.043743,-0.025724,0.998712,0,0.31388,-0.87625,7.336,-0.049,-1,727.257,-1,799.517,13.702,723.404,672.594,475.518,527.159,-1,-1,-1,-1,-1,-1,-1,30.241,2,1,2,0,1,0,0,0,0,2,2,2,2,2,2,2,1
143,4328.406,5324.094,-23.678,160.942,-0.944337,-0.327491,0.031269,0.326224,-0.944463,-0.039597,0.042500,-0.027192,0.998726,0,0.31388,-0.87625,7.499,-0.050,-1,722.344,-1,798.103,13.711,721.757,671.251,475.415,528.273,-1,-1,-1,-1,-1,-1,-1,30.078,2,1,2,0,1,0,0,0,0,2,2,2,2,2,2,2,1
144,4321.180,5326.690,-23.400,160.901,-0.944135,-0.328201,0.029879,0.326924,-0.944172,-0.040752,0.041586,-0.028707,0.998722,0,0.31388,-0.87625,7.678,-0.042,-1,716.933,-1,798.496,13.790,721.953,671.448,475.662,529.663,-1,-1,-1,-1,-1,-1,-1,29.038,2,1,2,0,1,0,0,0,0,2,2,2,2,2,2,2,1
145,4313.625,5329.246,-23.029,160.908,-0.944203,-0.328078,0.029066,0.326810,-0.944196,-0.041101,0.040928,-0.029308,0.998732,0,0.51123,-0.20000,7.976,0.007,-1,710.096,-1,799.235,14.186,724.436,672.985,478.023,529.040,-1,-1,-1,-1,-1,-1,-1,25.868,2,1,2,0,1,0,0,0,0,2,2,2,2,2,2,2,1
146,4305.601,5331.810,-22.599,160.975,-0.944592,-0.326948,0.029175,0.325706,-0.944608,-0.040378,0.040760,-0.028638,0.998758,0,0.51123,-0.20000,8.424,0.067,-1,701.429,-1,800.763,14.460,730.386,676.504,483.183,525.449,-1,-1,-1,-1,-1,-1,-1,24.694,2,1,2,0,1,0,0,0,0,2,2,2,2,2,2,2,1
147,4297.162,5334.509,-22.127,161.069,-0.945115,-0.325365,0.029933,0.324150,-0.945192,-0.039220,0.041053,-0.027365,0.998782,0,0.51123,-0.20000,8.861,0.094,-1,691.714,-1,803.601,14.551,738.910,681.754,489.854,520.466,-1,-1,-1,-1,-1,-1,-1,24.393,2,1,2,0,1,0,0,0,0,2,2,2,2,2,2,2,1
148,4288.340,5337.119,-21.635,161.226,-0.945977,-0.322729,0.031204,0.321563,-0.946157,-0.037196,0.041528,-0.025152,0.998821,0,0.51123,-0.20000,9.200,0.156,-1,680.472,-1,806.698,15.105,749.401,687.759,498.539,513.232,-1,-1,-1,-1,-1,-1,-1,23.193,2,1,2,0,1,0,0,0,0,2,2,2,2,2,2,2,1
149,4279.162,5339.541,-21.031,161.441,-0.947170,-0.319086,0.032445,0.318011,-0.947466,-0.034294,0.041683,-0.022165,0.998885,0,0.51123,-0.20000,9.492,0.215,-1,667.969,-1,808.781,15.426,759.632,693.297,509.181,504.452,-1,-1,-1,-1,-1,-1,-1,22.792,2,1,2,0,1,0,0,0,0,2,2,2,2,2,2,2,1
150,4269.764,5341.825,-20.171,161.674,-0.948445,-0.315147,0.033675,0.314144,-0.948838,-0.031945,0.042019,-0.019719,0.998922,0,0.51123,-0.20000,9.672,0.234,-1,654.954,-1,812.773,15.566,772.114,702.245,519.595,497.563,-1,-1,-1,-1,-1,-1,-1,22.662,2,1,2,0,1,0,0,0,0,2,2,2,2,2,2,2,1
151,4260.156,5343.949,-19.030,161.928,-0.949776,-0.310915,0.035467,0.309920,-0.950260,-0.030913,0.043315,-0.018369,0.998893,0,0.51123,-0.20000,9.840,0.254,-1,641.226,-1,822.314,15.739,790.891,715.974,528.597,493.754,-1,-1,-1,-1,-1,-1,-1,22.531,2,1,2,0,1,0,0,0,0,2,2,2,2,2,2,2,1
152,4250.194,5345.952,-17.671,162.204,-0.951150,-0.306368,0.038099,0.305302,-0.951739,-0.031351,0.045865,-0.018187,0.998782,0,0.51123,-0.20000,10.161,0.276,-1,626.582,-1,836.595,15.868,816.215,735.599,535.663,493.346,-1,-1,-1,-1,-1,-1,-1,22.447,2,1,2,0,1,0,0,0,0,2,2,2,2,2,2,2,1
153,4239.815,5347.852,-16.240,162.507,-0.952603,-0.301414,0.041210,0.300235,-0.953313,-0.032451,0.049067,-0.018540,0.998623,0,0.51123,-0.20000,10.551,0.302,-1,611.107,-1,852.524,15.807,842.476,756.388,541.897,493.944,-1,-1,-1,-1,-1,-1,-1,22.486,2,1,2,0,1,0,0,0,0,2,2,2,2,2,2,2,1
154,4229.073,5349.857,-14.954,162.798,-0.953998,-0.296618,0.043657,0.295346,-0.954809,-0.033324,0.051569,-0.018897,0.998491,0,0.51123,-0.20000,10.928,0.292,-1,606.105,-1,866.096,15.655,868.184,775.968,548.136,493.613,-1,-1,-1,-1,-1,-1,-1,22.589,2,1,2,0,1,0,0,0,0,2,2,2,2,2,2,2,1
155,4218.071,5352.021,-14.094,163.077,-0.955421,-0.291922,0.044179,0.290696,-0.956275,-0.032170,0.051638,-0.017894,0.998506,0,0.51123,-0.20000,11.213,0.279,-1,600.994,-1,870.639,-1,882.987,786.553,555.869,489.202,-1,-1,-1,-1,-1,-1,-1,-1,2,1,2,0,2,0,0,0,0,2,2,2,2,2,2,2,2
156,4206.887,5354.361,-13.831,163.349,-0.956938,-0.287211,0.042185,0.286198,-0.957747,-0.028483,0.048583,-0.015183,0.998704,0,0.51123,-0.20000,11.426,0.272,-1,594.013,-1,861.513,-1,882.244,783.184,565.279,479.625,-1,-1,-1,-1,-1,-1,-1,-1,2,1,2,0,2,0,0,0,0,2,2,2,2,2,2,2,2
157,4195.518,5356.527,-14.169,163.698,-0.958940,-0.281093,0.037696,0.280442,-0.959626,-0.021675,0.042267,-0.010213,0.999054,0,0.51123,-0.20000,11.574,0.349,-1,588.924,-1,838.822,-1,867.423,766.716,577.324,463.870,-1,-1,-1,-1,-1,-1,-1,-1,2,1,2,0,2,0,0,0,0,2,2,2,2,2,2,2,2
158,4183.982,5358.592,-14.912,164.062,-0.960990,-0.274794,0.031393,0.274429,-0.961483,-0.015487,0.034440,-0.006268,0.999387,0,0.30515,-0.77289,11.719,0.364,-1,583.220,-1,812.327,15.792,845.228,744.679,585.706,449.060,-1,-1,-1,-1,-1,-1,-1,22.494,2,1,2,0,1,0,0,0,0,2,2,2,2,2,2,2,1
159,4172.436,5360.685,-15.866,164.348,-0.962592,-0.269944,0.023403,0.269711,-0.962858,-0.012667,0.025953,-0.005881,0.999646,0,0.30515,-0.77289,11.734,0.285,-1,573.098,-1,786.981,15.286,817.422,720.799,585.804,441.220,-1,-1,-1,-1,-1,-1,-1,22.947,2,1,2,0,1,0,0,0,0,2,2,2,2,2,2,2,1
160,4160.769,5362.703,-16.929,164.572,-0.963802,-0.266177,0.015362,0.265981,-0.963881,-0.013697,0.018453,-0.009115,0.999788,0,0.30515,-0.77289,11.841,0.225,-1,560.023,-1,767.798,15.027,792.192,701.264,578.186,439.842,-1,-1,-1,-1,-1,-1,-1,23.315,2,1,2,0,1,0,0,0,0,2,2,2,2,2,2,2,1
161,4148.884,5364.697,-18.096,164.758,-0.964751,-0.263044,0.007911,0.262875,-0.964666,-0.017793,0.012312,-0.015086,0.999810,0,0.30515,-0.77289,12.050,0.186,-1,545.044,-1,754.682,14.878,771.480,686.286,565.075,443.050,-1,-1,-1,-1,-1,-1,-1,23.585,2,1,2,0,1,0,0,0,0,2,2,2,2,2,2,2,1
162,4136.892,5366.652,-19.262,164.922,-0.965552,-0.260208,0.000601,0.260127,-0.965305,-0.022817,0.006518,-0.021875,0.999739,0,0.30515,-0.77289,12.151,0.164,-1,529.180,-1,743.803,14.795,752.145,672.790,550.951,447.426,-1,-1,-1,-1,-1,-1,-1,23.758,2,1,2,0,1,0,0,0,0,2,2,2,2,2,2,2,1
163,4124.789,5368.584,-20.366,165.091,-0.966338,-0.257182,-0.007000,0.257277,-0.965958,-0.027098,0.000207,-0.027987,0.999608,0,0.30515,-0.77289,12.256,0.169,-1,513.475,-1,731.781,14.847,731.856,658.529,538.808,450.697,-1,-1,-1,-1,-1,-1,-1,23.645,2,1,2,0,1,0,0,0,0,2,2,2,2,2,2,2,1
164,4112.552,5370.564,-21.415,165.255,-0.967044,-0.254163,-0.015049,0.254518,-0.966583,-0.030618,-0.006764,-0.033439,0.999418,0,0.30515,-0.77289,12.396,0.163,-1,497.268,-1,717.990,14.830,710.563,643.051,527.611,452.950,-1,-1,-1,-1,-1,-1,-1,23.685,2,1,2,0,1,0,0,0,0,2,2,2,2,2,2,2,1
165,4100.217,5372.601,-22.364,165.413,-0.967666,-0.251122,-0.023674,0.251820,-0.967191,-0.033587,-0.014463,-0.038462,0.999155,0,0.30515,-0.77289,12.501,0.159,-1,480.577,-1,701.719,14.826,688.290,626.120,517.887,454.666,-1,-1,-1,-1,-1,-1,-1,23.692,2,1,2,0,1,0,0,0,0,2,2,2,2,2,2,2,1
166,4087.815,5374.640,-23.097,165.576,-0.968221,-0.247894,-0.033125,0.249021,-0.967835,-0.035830,-0.023178,-0.042940,0.998809,0,0.30515,-0.77289,12.568,0.163,-1,463.862,-1,683.431,14.863,665.424,607.278,510.648,455.886,-1,-1,-1,-1,-1,-1,-1,23.618,2,1,2,0,1,0,0,0,0,2,2,2,2,2,2,2,1
167,4075.322,5376.672,-23.562,165.741,-0.968675,-0.244552,-0.043155,0.246182,-0.968494,-0.037612,-0.032598,-0.047058,0.998360,0,0.30515,-0.77289,12.657,0.164,-1,447.075,-1,664.477,14.870,642.721,588.313,504.973,457.660,-1,-1,-1,-1,489.710,-1,-1,23.603,2,1,2,0,1,0,0,0,0,2,2,2,2,1,2,2,1
168,4062.708,5378.681,-23.729,165.896,-0.969001,-0.241257,-0.053223,0.243462,-0.969097,-0.039709,-0.041999,-0.051436,0.997793,0,0.30515,-0.77289,12.774,0.156,-1,431.345,-1,647.306,14.795,622.102,571.347,499.808,462.885,-1,-1,-1,-1,469.065,-1,-1,23.761,2,1,2,0,1,0,0,0,0,2,2,2,2,1,2,2,1
169,4049.951,5380.666,-23.596,166.044,-0.969256,-0.237979,-0.062512,0.240880,-0.969566,-0.043802,-0.050186,-0.057514,0.997083,0,0.30515,-0.77289,12.910,0.147,-1,419.572,-1,635.802,14.620,606.170,559.477,492.510,472.173,-1,-1,-1,-1,449.016,999.769,-1,24.193,2,1,2,0,1,0,0,0,0,2,2,2,2,1,0,2,1
170,4037.072,5382.622,-23.116,166.162,-0.969417,-0.235080,-0.070488,0.238790,-0.969795,-0.049760,-0.056662,-0.065070,0.996271,0,0.30515,-0.77289,13.026,0.119,-1,407.284,-1,630.591,14.552,595.782,553.398,484.138,485.931,-1,-1,-1,-1,429.150,986.712,-1,24.391,2,1,2,0,1,0,0,0,0,2,2,2,2,1,0,2,1
171,4024.292,5384.204,-21.698,166.275,-0.969739,-0.232194,-0.075448,0.236847,-0.969697,-0.059926,-0.059248,-0.075982,0.995347,0,0.30515,-0.77289,12.878,0.113,-1,393.583,-1,639.941,14.513,586.024,560.202,473.214,510.358,-1,-1,-1,-1,413.554,995.830,-1,24.515,2,1,2,0,1,1,0,0,0,2,2,2,2,1,0,2,1
172,4011.675,5385.499,-19.293,166.393,-0.970172,-0.229117,-0.079196,0.234833,-0.969331,-0.072457,-0.060166,-0.088893,0.994222,0,0.30515,-0.77289,12.683,0.118,-1,379.034,-1,654.869,14.336,565.198,571.333,462.291,543.696,-1,-1,-1,-1,401.112,-1,-1,25.164,2,1,2,0,1,1,0,0,0,2,2,2,2,1,2,2,1
173,3999.198,5386.724,-16.210,166.473,-0.970392,-0.226507,-0.083866,0.233460,-0.968625,-0.085219,-0.061932,-0.102276,0.992826,0,0.30515,-0.77289,12.537,0.080,-1,364.825,-1,668.865,14.040,544.637,582.039,453.391,582.366,-1,-1,-1,-1,387.609,-1,-1,26.761,2,1,2,0,1,1,0,0,0,2,2,2,2,1,2,2,1
174,3986.782,5388.079,-12.911,166.484,-0.970212,-0.224786,-0.090328,0.233209,-0.967574,-0.097031,-0.065588,-0.115206,0.991174,0,0.30515,-0.77289,12.490,0.012,-1,351.600,-1,678.901,13.481,524.801,588.477,446.160,624.489,-1,-1,-1,-1,370.403,-1,-1,35.421,2,1,2,0,1,1,0,0,0,2,2,2,2,1,2,2,1
175,3974.685,5389.952,-9.757,166.343,-0.969178,-0.225119,-0.100082,0.235492,-0.965868,-0.107900,-0.072375,-0.128142,0.989111,0,0.30515,-0.77289,12.242,-0.141,-1,341.173,-1,681.537,13.286,509.815,586.350,439.153,668.995,-1,-1,-1,-1,344.922,-1,-1,28.018,2,1,2,0,1,1,0,0,0,2,2,2,2,1,2,2,1
176,3962.927,5392.232,-7.100,166.086,-0.967336,-0.226911,-0.113014,0.239640,-0.963933,-0.115782,-0.082666,-0.139083,0.986824,0,0.30515,-0.77289,11.977,-0.257,-1,333.296,-1,671.965,-1,501.142,574.517,433.189,709.298,-1,-1,-1,-1,313.529,-1,-1,-1,2,1,2,0,2,1,0,0,0,2,2,2,2,1,2,2,2
177,3951.350,5395.042,-5.075,165.744,-0.964926,-0.229895,-0.126755,0.245172,-0.961770,-0.122018,-0.093858,-0.148815,0.984401,0,0.30515,-0.77289,11.913,-0.342,15.827,327.069,-1,657.306,-1,495.658,559.027,427.833,747.208,-1,-1,-1,-1,280.671,993.002,22.473,-1,1,1,2,0,2,1,0,0,0,2,2,2,2,1,0,1,2
178,3939.820,5398.341,-3.685,165.323,-0.962156,-0.234362,-0.139035,0.252002,-0.959393,-0.126731,-0.103689,-0.156972,0.982145,0,0.30515,-0.77289,11.993,-0.421,16.044,321.544,-1,642.722,-1,556.873,544.507,423.920,779.557,-1,-1,-1,-1,273.936,965.481,22.360,-1,1,1,2,0,2,0,0,0,0,2,2,2,2,1,0,1,2
179,3928.366,5402.291,-2.806,164.831,-0.959240,-0.240518,-0.148355,0.260057,-0.956751,-0.130376,-0.110581,-0.163643,0.980302,0,0.30515,-0.77289,12.117,-0.492,16.319,316.296,-1,631.805,-1,544.448,533.886,421.661,806.401,-1,-1,-1,-1,268.391,943.267,22.261,-1,1,1,2,0,2,0,0,0,0,2,2,2,2,1,0,1,2
180,3916.875,5406.774,-2.525,164.304,-0.956383,-0.247935,-0.154468,0.268753,-0.954029,-0.132669,-0.114473,-0.168396,0.979050,0,0.30515,-0.77289,12.334,-0.527,16.389,310.748,-1,624.220,-1,536.840,527.291,421.358,825.211,-1,-1,-1,-1,260.832,926.888,22.243,-1,1,1,2,0,2,0,0,0,0,2,2,2,2,1,0,1,2
181,3905.308,5411.693,-2.899,163.789,-0.953771,-0.255860,-0.157657,0.277288,-0.951491,-0.133328,-0.115896,-0.170881,0.978452,0,0.30515,-0.77289,12.569,-0.515,16.813,304.519,-1,618.397,-1,532.972,523.125,423.101,832.646,-1,-1,-1,-1,250.429,914.446,22.183,-1,1,1,2,0,2,0,0,0,0,2,2,2,2,1,0,1,2
182,3893.868,5417.189,-3.797,163.262,-0.951188,-0.264515,-0.158972,0.286056,-0.949005,-0.132521,-0.115812,-0.171527,0.978349,0,0.30515,-0.77289,12.692,-0.527,17.071,298.567,-1,612.109,-1,530.725,518.891,426.475,830.223,-1,-1,-1,-1,239.956,903.021,22.180,-1,1,1,2,0,2,0,0,0,0,2,2,2,2,1,0,1,2
183,3882.609,5423.374,-5.163,162.700,-0.948476,-0.274157,-0.158844,0.295421,-0.946407,-0.130542,-0.114542,-0.170741,0.978636,0,0.46286,-0.84440,12.845,-0.562,17.751,293.441,-1,606.445,-1,528.877,515.062,431.072,819.834,-1,-1,-1,-1,229.823,891.755,22.265,-1,1,1,2,0,2,0,0,0,0,2,2,2,2,1,0,1,2
184,3871.761,5430.396,-6.888,162.029,-0.945231,-0.285868,-0.157535,0.306596,-0.943182,-0.128086,-0.111969,-0.169370,0.979171,0,0.46286,-0.84440,12.923,-0.671,18.447,283.222,-1,601.082,-1,527.558,511.844,436.153,805.952,-1,-1,-1,-1,220.684,880.886,22.449,-1,1,1,2,0,2,0,0,0,0,2,2,2,2,1,0,1,2
185,3861.395,5438.168,-8.925,161.233,-0.941205,-0.299861,-0.155616,0.319801,-0.939299,-0.124273,-0.108906,-0.166733,0.979969,0,0.46286,-0.84440,12.956,-0.796,18.154,273.134,-1,594.134,-1,525.135,507.320,442.821,786.374,-1,-1,-1,-1,212.971,867.519,22.362,-1,1,1,2,0,2,0,0,0,0,2,2,2,2,1,0,1,2
186,3851.145,5446.485,-11.432,160.432,-0.937036,-0.314397,-0.152047,0.333069,-0.935444,-0.118366,-0.105017,-0.161555,0.981260,0,0.46286,-0.84440,13.200,-0.801,18.744,263.256,-1,585.948,-1,521.304,502.469,452.268,755.831,-1,-1,-1,-1,205.610,852.614,22.550,-1,1,1,2,0,2,0,0,0,0,2,2,2,2,1,0,1,2
187,3841.248,5455.353,-14.326,159.573,-0.932328,-0.330153,-0.147523,0.347230,-0.931272,-0.110289,-0.100972,-0.154050,0.982890,0,0.46286,-0.84440,13.289,-0.859,18.675,254.753,-1,575.322,-1,516.546,495.935,464.721,716.773,-1,-1,-1,-1,204.909,836.075,22.525,-1,1,1,2,0,2,0,0,0,0,2,2,2,2,1,0,1,2
188,3831.855,5464.823,-17.515,158.644,-0.926926,-0.347195,-0.142354,0.362437,-0.926632,-0.099963,-0.097203,-0.144253,0.984755,0,0.46286,-0.84440,13.339,-0.929,18.594,248.210,-1,561.784,-1,510.178,486.176,480.799,671.030,-1,-1,-1,-1,-1,816.489,22.497,-1,1,1,2,0,2,0,0,0,0,2,2,2,2,2,0,1,2
189,3823.063,5474.907,-20.955,157.638,-0.920665,-0.365491,-0.137086,0.378764,-0.921370,-0.087261,-0.094414,-0.132262,0.986708,0,0.46286,-0.84440,13.378,-1.006,18.429,682.800,-1,545.304,-1,501.467,474.437,500.912,620.902,-1,-1,-1,-1,-1,790.756,22.444,-1,1,0,2,0,2,0,0,0,0,2,2,2,2,2,0,1,2
190,3814.302,5485.299,-24.870,156.662,-0.914313,-0.383565,-0.130036,0.394488,-0.916116,-0.071491,-0.091707,-0.116663,0.988929,0,0.46286,-0.84440,13.592,-0.976,17.936,681.980,-1,526.291,-1,493.127,461.587,527.443,565.428,-1,-1,-1,-1,-1,760.837,22.306,-1,1,0,2,0,2,0,0,0,0,2,2,2,2,2,0,1,2
191,3804.599,5495.674,-29.074,155.931,-0.909766,-0.398094,-0.117673,0.406373,-0.911951,-0.056616,-0.084774,-0.099326,0.991437,0,0.46286,-0.84440,14.205,-0.731,10.304,692.632,-1,513.727,18.117,492.049,455.153,557.025,514.868,-1,-1,-1,-1,-1,742.448,22.207,38.074,1,0,2,0,1,0,0,0,0,2,2,2,2,2,0,1,1
192,3793.958,5506.075,-33.192,155.315,-0.906241,-0.410544,-0.100897,0.416535,-0.907901,-0.047061,-0.072284,-0.084676,0.993783,0,0.46286,-0.84440,14.880,-0.616,138.662,713.276,-1,511.852,16.653,498.898,458.185,584.530,475.113,-1,-1,-1,-1,-1,742.859,163.180,46.462,1,0,2,0,1,0,0,0,0,2,2,2,2,2,0,1,1
193,3782.577,5516.239,-36.659,154.731,-0.902849,-0.421858,-0.083063,0.426178,-0.903613,-0.043082,-0.056882,-0.074296,0.995613,0,0.46286,-0.84440,15.259,-0.584,133.610,737.101,-1,518.830,15.650,512.323,468.722,607.052,447.919,-1,-1,-1,-1,-1,757.965,150.334,49.717,1,0,2,0,1,0,0,0,0,2,2,2,2,2,0,1,1
194,3770.681,5525.879,-38.604,154.145,-0.898981,-0.432105,-0.071539,0.435650,-0.899026,-0.044283,-0.045181,-0.070976,0.996454,0,0.46286,-0.84440,15.312,-0.586,127.033,751.037,-1,525.478,15.301,521.771,475.083,617.473,437.606,-1,-1,-1,-1,-1,774.677,138.288,48.882,1,0,2,0,1,0,0,0,0,2,2,2,2,2,0,1,1
195,3758.473,5535.029,-39.037,153.546,-0.894602,-0.441581,-0.068507,0.445132,-0.894083,-0.049721,-0.039296,-0.074975,0.996411,0,0.49019,-0.60294,15.256,-0.599,116.903,748.178,-1,530.343,14.917,523.101,478.165,613.247,443.276,-1,-1,-1,-1,-1,787.471,127.516,45.911,1,0,2,0,1,0,0,0,0,2,2,2,2,2,0,1,1
196,3745.980,5543.731,-38.366,152.959,-0.889993,-0.450079,-0.073085,0.454284,-0.889019,-0.057203,-0.039228,-0.084112,0.995684,0,0.49019,-0.60294,15.225,-0.588,107.733,728.887,-1,531.013,14.257,517.123,476.237,600.310,460.682,-1,-1,-1,-1,-1,792.472,117.726,41.541,1,0,2,0,1,0,0,0,0,2,2,2,2,2,0,1,1
197,3733.269,5551.967,-37.122,152.422,-0.885506,-0.457214,-0.082673,0.462502,-0.884391,-0.062804,-0.044400,-0.093850,0.994596,0,0.49019,-0.60294,15.146,-0.537,98.938,699.939,-1,524.942,13.416,504.499,468.190,587.994,481.401,-1,-1,-1,-1,-1,781.769,108.330,37.549,1,0,2,0,1,0,0,0,0,2,2,2,2,2,0,1,1
198,3720.240,5560.057,-35.977,151.969,-0.881501,-0.462813,-0.093592,0.469324,-0.880557,-0.065989,-0.051873,-0.102094,0.993421,0,0.49019,-0.60294,15.336,-0.453,89.936,669.672,-1,514.672,13.367,489.468,457.113,577.540,499.924,-1,-1,-1,-1,-1,761.771,98.672,33.647,1,0,2,0,1,0,0,0,0,2,2,2,2,2,0,1,1
199,3706.995,5568.261,-35.264,151.540,-0.877591,-0.467837,-0.104698,0.475692,-0.876911,-0.068878,-0.059588,-0.110251,0.992116,0,0.49019,-0.60294,15.580,-0.428,80.944,639.907,-1,503.170,13.269,473.931,445.310,563.638,517.171,-1,-1,-1,-1,989.408,740.169,88.979,31.801,1,0,2,0,1,0,0,0,0,2,2,2,2,0,0,1,1
200,3693.412,5576.583,-35.204,151.154,-0.873972,-0.472141,-0.115130,0.481377,-0.873571,-0.071758,-0.066694,-0.118136,0.990755,0,0.49019,-0.60294,15.930,-0.386,71.756,612.055,-1,491.304,13.275,458.857,433.247,550.015,532.789,-1,-1,-1,-1,940.944,718.997,79.011,30.291,1,0,2,0,1,0,0,0,0,2,2,2,2,0,0,1,1
201,3679.478,5585.156,-35.698,150.788,-0.870554,-0.476223,-0.123887,0.486784,-0.870271,-0.075298,-0.071956,-0.125857,0.989435,0,0.49019,-0.60294,16.360,-0.367,62.113,587.497,-1,481.026,13.294,445.846,422.410,536.602,547.332,-1,-1,-1,-1,899.113,702.251,17.636,29.589,1,0,2,0,1,0,0,0,0,2,2,2,2,0,0,1,1
202,3665.203,5594.084,-36.666,150.452,-0.867512,-0.480108,-0.130069,0.491779,-0.867093,-0.079387,-0.074668,-0.132834,0.988322,0,0.49019,-0.60294,16.837,-0.336,15.071,568.054,-1,473.085,13.321,435.918,413.848,524.184,559.745,-1,-1,-1,-1,866.030,691.437,23.245,28.477,1,0,2,0,1,0,0,0,0,2,2,2,2,0,0,1,1
203,3653.626,5601.022,-37.686,150.601,-0.868305,-0.476509,-0.137786,0.489236,-0.868526,-0.079438,-0.081818,-0.136386,0.987271,0,0.49019,-0.60294,13.496,0.150,16.587,549.141,-1,460.077,14.171,423.798,402.339,516.157,564.462,-1,-1,-1,-1,832.935,667.103,22.205,30.531,1,0,2,0,1,0,0,0,0,2,2,2,2,0,0,1,1
204,3646.474,5605.067,-38.303,150.802,-0.869074,-0.471512,-0.149624,0.485667,-0.870753,-0.076924,-0.094015,-0.139520,0.985746,0,0.49019,-0.60294,8.217,0.201,18.994,524.798,-1,442.832,33.432,407.000,387.342,508.316,568.551,-1,-1,-1,-1,790.828,633.651,22.643,35.248,1,0,2,0,1,0,0,0,0,2,2,2,2,0,0,1,1
205,3644.419,5607.438,-38.016,151.019,-0.869875,-0.466258,-0.160999,0.481807,-0.873087,-0.074713,-0.105731,-0.142562,0.984123,0,0.49019,-0.60294,3.138,0.217,18.737,504.737,-1,429.293,37.911,392.958,375.444,501.329,574.994,-1,-1,-1,-1,756.353,607.112,22.548,39.702,1,0,2,0,1,0,0,0,0,2,2,2,2,0,0,1,1
206,3643.690,5609.383,-37.292,151.251,-0.871462,-0.461793,-0.165228,0.478071,-0.875040,-0.075855,-0.109552,-0.145096,0.983334,0,0.49019,-0.60294,2.077,0.233,18.674,499.678,-1,426.704,37.486,389.772,372.980,497.166,582.447,-1,-1,-1,-1,746.928,602.020,22.526,39.196,1,0,2,0,1,0,0,0,0,2,2,2,2,0,0,1,1
