timestep,x_cm,y_cm,z_cm,yaw_deg,basis_xx,basis_xy,basis_xz,basis_yx,basis_yy,basis_yz,basis_zx,basis_zy,basis_zz,teleport_flag,throttle_cmd,steering_cmd,cmd_move_cm,cmd_turn_deg,lidar_cm_0,lidar_cm_1,lidar_cm_2,lidar_cm_3,lidar_cm_4,lidar_cm_5,lidar_cm_6,lidar_cm_7,lidar_cm_8,lidar_cm_9,lidar_cm_10,lidar_cm_11,lidar_cm_12,lidar_cm_13,lidar_cm_14,lidar_cm_15,lidar_cm_16,lidar_class_0,lidar_class_1,lidar_class_2,lidar_class_3,lidar_class_4,lidar_class_5,lidar_class_6,lidar_class_7,lidar_class_8,lidar_class_9,lidar_class_10,lidar_class_11,lidar_class_12,lidar_class_13,lidar_class_14,lidar_class_15,lidar_class_16
0,-4547.501,-7415.871,161.066,94.900,-0.087003,-0.992830,-0.081970,0.996025,-0.085116,-0.026253,0.019088,-0.083928,0.996289,1,0.08000,0.12000,4.800,0.240,-1,475.000,-1,400.000,-1,350.000,325.000,225.000,225.000,775.000,125.000,250.000,-1,975.000,-1,-1,-1,2,1,2,1,2,1,1,1,1,0,0,0,2,0,2,2,2
1,-4548.381,-7406.312,160.985,95.257,-0.093279,-0.992204,-0.082646,0.995445,-0.091295,-0.027485,0.019726,-0.084834,0.996200,0,0.16000,0.17853,9.600,0.357,-1,475.000,-1,400.000,-1,350.000,325.000,225.000,225.000,750.000,125.000,250.000,-1,975.000,-1,-1,-1,2,1,2,1,2,1,1,1,1,0,0,0,2,0,2,2,2
2,-4549.789,-7391.981,160.877,95.606,-0.099470,-0.991511,-0.083737,0.994822,-0.097332,-0.029249,0.020851,-0.086213,0.996059,0,0.24000,0.17469,14.400,0.349,-1,475.000,-1,425.000,-1,350.000,325.000,225.000,225.000,750.000,125.000,225.000,-1,975.000,-1,-1,-1,2,1,2,1,2,1,1,1,1,0,0,0,2,0,2,2,2
3,-4551.779,-7372.885,160.731,95.945,-0.105527,-0.990757,-0.085235,0.994163,-0.103178,-0.031521,0.022435,-0.088064,0.995862,0,0.32000,0.16946,19.200,0.339,-1,475.000,-1,425.000,-1,375.000,350.000,225.000,225.000,725.000,125.000,225.000,-1,1000.000,-1,-1,-1,2,1,2,1,2,1,1,1,1,0,0,0,2,0,2,2,2
4,-4554.403,-7349.028,160.536,96.271,-0.111398,-0.989948,-0.087137,0.993475,-0.108778,-0.034270,0.024447,-0.090386,0.995607,0,0.40000,0.16264,24.000,0.325,-1,500.000,-1,450.000,-1,375.000,350.000,225.000,225.000,600.000,100.000,225.000,-1,1000.000,-1,-1,-1,2,1,2,1,2,1,1,1,1,1,0,0,2,0,2,2,2
5,-4557.705,-7320.418,160.276,96.579,-0.117022,-0.989093,-0.089443,0.992766,-0.114069,-0.037458,0.026847,-0.093179,0.995287,0,0.48000,0.15401,28.800,0.308,-1,500.000,-1,475.000,-1,375.000,375.000,225.000,225.000,525.000,100.000,225.000,-1,1000.000,-1,-1,-1,2,1,2,1,2,1,1,1,1,1,0,0,2,0,2,2,2
6,-4561.724,-7287.060,159.938,96.865,-0.122326,-0.988202,-0.092155,0.992049,-0.118975,-0.041042,0.029594,-0.096442,0.994899,0,0.56000,0.14321,33.600,0.286,-1,500.000,-1,525.000,-1,400.000,375.000,200.000,225.000,475.000,100.000,225.000,-1,1000.000,-1,-1,-1,2,1,2,1,2,1,1,1,1,1,0,0,2,0,2,2,2
7,-4566.492,-7248.957,159.774,97.125,-0.127178,-0.987190,-0.096342,0.991368,-0.123393,-0.044305,0.031849,-0.101145,0.994362,0,0.64000,0.12978,38.400,0.260,-1,500.000,-1,550.000,-1,400.000,400.000,200.000,225.000,450.000,100.000,225.000,-1,1000.000,-1,-1,-1,2,1,2,1,2,1,1,1,1,1,0,0,2,0,2,2,2
8,-4572.025,-7206.113,159.062,97.351,-0.130509,-0.986353,-0.100379,0.991133,-0.127246,-0.038270,0.024975,-0.104483,0.994213,0,0.72000,0.11314,43.200,0.226,-1,500.000,-1,550.000,-1,400.000,400.000,200.000,225.000,450.000,150.000,300.000,-1,950.000,-1,-1,-1,2,1,2,1,2,1,1,1,1,1,0,0,2,0,2,2,2
9,6231.357,-1639.831,258.121,-84.390,0.098075,0.995092,0.013145,-0.994930,0.097747,0.023650,0.022249,-0.015398,0.999634,1,0.00000,0.00000,48.000,0.185,-1,400.000,-1,400.000,-1,325.000,325.000,300.000,300.000,-1,-1,-1,-1,800.000,775.000,-1,-1,2,0,2,0,2,0,0,0,0,2,2,2,2,0,0,2,2
10,6231.846,-1644.606,258.229,-84.150,0.102243,0.994672,0.013192,-0.994514,0.101914,0.023584,0.022114,-0.015531,0.999635,0,0.08000,0.12000,4.800,0.240,-1,400.000,-1,400.000,-1,325.000,325.000,300.000,300.000,-1,-1,-1,-1,800.000,775.000,-1,-1,2,0,2,0,2,0,0,0,0,2,2,2,2,0,0,2,2
11,6232.904,-1654.147,258.444,-83.670,0.110573,0.993779,0.013289,-0.993628,0.110243,0.023453,0.021842,-0.015797,0.999637,0,0.16000,0.24000,9.600,0.480,-1,400.000,-1,400.000,-1,325.000,325.000,300.000,300.000,-1,-1,-1,-1,800.000,775.000,-1,-1,2,0,2,0,2,0,0,0,0,2,2,2,2,0,0,2,2
12,6234.672,-1668.439,258.764,-82.950,0.123053,0.992309,0.013438,-0.992169,0.122721,0.023257,0.021429,-0.016194,0.999639,0,0.24000,0.36000,14.400,0.720,-1,400.000,-1,400.000,-1,325.000,325.000,300.000,300.000,-1,-1,-1,-1,800.000,775.000,-1,-1,2,0,2,0,2,0,0,0,0,2,2,2,2,0,0,2,2
13,6237.347,-1687.451,259.186,-81.990,0.139663,0.990105,0.013644,-0.989979,0.139328,0.022997,0.020868,-0.016719,0.999642,0,0.32000,0.48000,19.200,0.960,-1,400.000,-1,400.000,-1,325.000,325.000,300.000,300.000,-1,-1,-1,-1,800.000,775.000,-1,-1,2,0,2,0,2,0,0,0,0,2,2,2,2,0,0,2,2
14,6241.189,-1711.142,259.706,-80.790,0.160368,0.986959,0.013914,-0.986852,0.160031,0.022675,0.020153,-0.017367,0.999646,0,0.40000,0.60000,24.000,1.200,-1,400.000,-1,400.000,-1,325.000,325.000,300.000,300.000,-1,-1,-1,-1,800.000,775.000,-1,-1,2,0,2,0,2,0,0,0,0,2,2,2,2,0,0,2,2
15,6246.512,-1739.446,260.319,-79.350,0.185120,0.982613,0.014254,-0.982527,0.184780,0.022297,0.019275,-0.018132,0.999650,0,0.48000,0.72000,28.800,1.440,-1,400.000,-1,400.000,-1,325.000,325.000,300.000,300.000,-1,-1,-1,-1,800.000,775.000,-1,-1,2,0,2,0,2,0,0,0,0,2,2,2,2,0,0,2,2
16,6253.659,-1772.276,261.016,-77.719,0.213012,0.976939,0.014669,-0.976879,0.212671,0.021869,0.018245,-0.018988,0.999653,0,0.56000,0.81553,33.600,1.631,-1,400.000,-1,400.000,-1,325.000,325.000,300.000,300.000,-1,-1,-1,-1,800.000,800.000,-1,-1,2,0,2,0,2,0,0,0,0,2,2,2,2,0,0,2,2
17,6262.886,-1809.551,261.791,-76.097,0.240576,0.970512,0.015149,-0.970479,0.240234,0.021401,0.017130,-0.019851,0.999656,0,0.64000,0.81099,38.400,1.622,-1,400.000,-1,400.000,-1,325.000,325.000,300.000,300.000,-1,-1,-1,-1,800.000,800.000,-1,-1,2,0,2,0,2,0,0,0,0,2,2,2,2,0,0,2,2
18,6274.442,-1851.177,262.634,-74.485,0.267774,0.963354,0.015692,-0.963350,0.267432,0.020902,0.015939,-0.020714,0.999658,0,0.72000,0.80590,43.200,1.612,-1,400.000,-1,400.000,-1,325.000,325.000,300.000,300.000,-1,-1,-1,-1,800.000,800.000,-1,-1,2,0,2,0,2,0,0,0,0,2,2,2,2,0,0,2,2
19,6288.568,-1897.051,263.466,-72.885,0.294567,0.955497,0.015985,-0.955515,0.294229,0.020503,0.014887,-0.021314,0.999662,0,0.80000,0.80021,48.000,1.600,-1,400.000,-1,400.000,-1,325.000,325.000,300.000,300.000,-1,-1,-1,-1,800.000,775.000,-1,-1,2,0,2,0,2,0,0,0,0,2,2,2,2,0,1,2,2
20,6304.815,-1945.043,264.148,-71.297,0.320914,0.946978,0.015711,-0.947006,0.320592,0.019998,0.013901,-0.021296,0.999677,0,0.84446,0.79389,50.668,1.588,-1,400.000,-1,400.000,-1,325.000,325.000,300.000,300.000,-1,-1,-1,-1,800.000,775.000,-1,-1,2,0,2,0,2,0,0,0,0,2,2,2,2,0,1,2,2
21,6322.396,-1992.626,264.769,-69.723,0.346792,0.937815,0.015400,-0.937854,0.346489,0.019357,0.012817,-0.021156,0.999694,0,0.84545,0.78716,50.727,1.574,-1,400.000,-1,400.000,-1,325.000,325.000,300.000,300.000,-1,-1,-1,-1,800.000,750.000,-1,-1,2,0,2,0,2,0,0,0,0,2,2,2,2,0,1,2,2
22,6341.289,-2039.771,265.355,-68.162,0.372190,0.928033,0.015141,-0.928083,0.371904,0.018709,0.011731,-0.021015,0.999710,0,0.84650,0.78037,50.790,1.561,-1,400.000,-1,400.000,-1,325.000,325.000,300.000,300.000,-1,-1,-1,-1,825.000,700.000,-1,-1,2,0,2,0,2,0,0,0,0,2,2,2,2,0,1,2,2
23,6361.474,-2086.450,265.862,-66.615,0.397096,0.917654,0.015042,-0.917714,0.396822,0.018262,0.010789,-0.021056,0.999720,0,0.84760,0.77349,50.856,1.547,-1,400.000,975.000,400.000,-1,325.000,325.000,300.000,300.000,-1,-1,-1,-1,825.000,675.000,-1,-1,2,0,1,0,2,0,0,0,0,2,2,2,2,0,1,2,2
24,6384.747,-2137.006,266.328,-65.282,0.418316,0.908174,0.015199,-0.908250,0.418055,0.017674,0.009698,-0.021198,0.999728,0,0.92760,0.66632,55.656,1.333,-1,400.000,925.000,400.000,-1,325.000,325.000,300.000,300.000,-1,-1,-1,-1,800.000,650.000,-1,925.000,2,0,1,0,2,0,0,0,0,2,2,2,2,1,1,2,1
25,6410.005,-2188.714,266.727,-63.965,0.439069,0.898318,0.015597,-0.898414,0.438821,0.016993,0.008421,-0.021474,0.999734,0,0.95912,0.65866,57.547,1.317,-1,400.000,875.000,400.000,-1,325.000,325.000,300.000,300.000,-1,-1,-1,-1,775.000,600.000,-1,800.000,2,0,1,0,2,0,0,0,0,2,2,2,2,1,1,2,1
26,6436.636,-2240.231,267.085,-62.664,0.459326,0.888123,0.016039,-0.888239,0.459092,0.016288,0.007103,-0.021728,0.999739,0,0.96655,0.65019,57.993,1.300,-1,400.000,825.000,400.000,-1,325.000,325.000,300.000,300.000,-1,-1,-1,-1,750.000,575.000,-1,700.000,2,0,1,0,2,0,0,0,0,2,2,2,2,1,1,2,1
27,6464.626,-2291.531,267.399,-61.382,0.479063,0.877625,0.016526,-0.877762,0.478845,0.015561,0.005743,-0.021961,0.999742,0,0.97398,0.64101,58.439,1.282,-1,400.000,775.000,400.000,975.000,325.000,325.000,300.000,300.000,-1,-1,-1,-1,700.000,525.000,-1,625.000,2,0,1,1,1,0,0,0,0,2,2,2,2,1,1,2,1
28,6493.960,-2342.586,267.664,-60.120,0.498259,0.866860,0.017089,-0.867017,0.498058,0.014808,0.004325,-0.022195,0.999744,0,0.98137,0.63108,58.882,1.262,-1,400.000,750.000,375.000,700.000,325.000,325.000,300.000,300.000,-1,-1,-1,-1,675.000,475.000,975.000,550.000,2,0,1,1,1,0,0,0,0,2,2,2,2,1,1,1,1
29,6524.619,-2393.368,267.828,-58.880,0.516888,0.855864,0.018000,-0.856049,0.516705,0.013999,0.002680,-0.022645,0.999740,0,0.98867,0.62034,59.320,1.241,-1,400.000,700.000,350.000,550.000,325.000,325.000,300.000,300.000,-1,-1,-1,-1,625.000,450.000,925.000,475.000,2,0,1,1,1,0,1,0,0,2,2,2,2,1,1,1,1
30,6556.580,-2443.851,267.928,-57.662,0.534931,0.844685,0.018901,-0.844895,0.534769,0.013193,0.001036,-0.023027,0.999734,0,0.99582,0.60875,59.749,1.217,-1,400.000,650.000,300.000,450.000,325.000,300.000,300.000,300.000,-1,-1,-1,-1,600.000,400.000,875.000,400.000,2,0,1,1,1,0,1,0,0,2,2,2,2,1,1,1,1
31,6589.722,-2493.866,267.889,-56.470,0.552371,0.833372,0.019439,-0.833598,0.552231,0.012423,-0.000382,-0.023066,0.999734,0,1.00000,0.59623,60.000,1.192,-1,400.000,600.000,275.000,350.000,325.000,275.000,300.000,300.000,-1,-1,-1,-1,550.000,350.000,850.000,325.000,2,0,1,1,1,1,1,0,0,2,2,2,2,1,1,1,1
32,6623.876,-2543.197,267.802,-55.304,0.569184,0.821966,0.020036,-0.822208,0.569068,0.011638,-0.001835,-0.023098,0.999732,0,1.00000,0.58276,60.000,1.166,-1,375.000,550.000,250.000,275.000,300.000,250.000,300.000,300.000,-1,-1,-1,-1,525.000,325.000,800.000,250.000,2,1,1,1,1,1,1,0,0,2,2,2,2,1,1,1,1
33,6659.004,-2591.839,271.318,-54.168,0.585625,0.810185,0.025359,-0.810547,0.585021,0.027636,0.007554,-0.036739,0.999296,0,1.00000,0.56829,60.000,1.137,-1,375.000,550.000,225.000,250.000,275.000,225.000,300.000,325.000,-1,-1,-1,-1,500.000,300.000,825.000,225.000,2,1,1,1,1,1,1,0,0,2,2,2,2,1,1,1,1
34,6695.067,-2639.791,275.630,-53.062,0.601669,0.798141,0.031068,-0.798509,0.600088,0.047730,0.019452,-0.053526,0.998377,0,1.00000,0.55275,60.000,1.106,-1,350.000,550.000,225.000,225.000,275.000,225.000,275.000,375.000,-1,600.000,850.000,-1,500.000,275.000,-1,225.000,2,1,1,1,1,1,1,0,1,2,0,0,2,1,1,2,1
35,6732.025,-2687.059,280.609,-51.990,0.617382,0.785801,0.036836,-0.785952,0.614156,0.071355,0.033447,-0.073004,0.996771,0,1.00000,0.53605,60.000,1.072,-1,350.000,575.000,225.000,200.000,275.000,225.000,275.000,425.000,-1,225.000,450.000,-1,500.000,275.000,-1,200.000,2,1,1,1,1,1,1,0,1,2,0,0,2,1,1,2,1
36,6769.836,-2733.647,286.212,-50.954,0.632855,0.773099,0.042575,-0.772679,0.627075,0.098711,0.049615,-0.095367,0.994205,0,1.00000,0.51807,60.000,1.036,-1,350.000,625.000,225.000,200.000,275.000,225.000,250.000,500.000,675.000,125.000,300.000,-1,500.000,275.000,-1,175.000,2,1,1,1,1,1,1,0,1,0,0,0,2,1,1,2,1
37,6808.459,-2779.565,292.417,-49.956,0.648185,0.759957,0.048183,-0.758449,0.638665,0.129857,0.067913,-0.120715,0.990361,0,1.00000,0.49870,60.000,0.997,-1,350.000,675.000,225.000,175.000,275.000,225.000,250.000,625.000,450.000,75.000,250.000,-1,525.000,300.000,-1,150.000,2,1,1,1,1,1,1,0,0,0,0,0,2,1,1,2,1
38,327.968,-8199.159,253.600,-106.745,-0.284738,0.956734,-0.059864,-0.956254,-0.287857,-0.052119,-0.067097,0.042405,0.996845,1,0.00000,0.00000,60.000,0.956,-1,400.000,-1,350.000,850.000,300.000,300.000,375.000,275.000,625.000,125.000,325.000,-1,750.000,600.000,-1,975.000,2,0,2,0,0,0,0,0,0,1,1,1,2,0,0,2,0
39,326.583,-8203.755,253.210,-106.777,-0.285364,0.956605,-0.058941,-0.956109,-0.288404,-0.051746,-0.066500,0.041587,0.996919,0,0.08000,-0.01610,4.800,-0.032,-1,400.000,-1,350.000,850.000,300.000,300.000,375.000,275.000,625.000,125.000,325.000,-1,750.000,600.000,-1,1000.000,2,0,2,0,0,0,0,0,0,1,1,1,2,0,0,2,0
40,323.806,-8212.944,252.438,-106.811,-0.286093,0.956498,-0.057119,-0.955973,-0.288983,-0.051033,-0.065320,0.040004,0.997062,0,0.16000,-0.01678,9.600,-0.034,-1,400.000,-1,350.000,875.000,300.000,300.000,375.000,275.000,625.000,125.000,325.000,-1,750.000,625.000,-1,-1,2,0,2,0,0,0,0,0,0,1,1,1,2,0,0,2,2
41,319.632,-8226.726,251.290,-106.847,-0.286940,0.956401,-0.054429,-0.955837,-0.289615,-0.049994,-0.063578,0.037680,0.997265,0,0.24000,-0.01815,14.400,-0.036,-1,400.000,-1,350.000,925.000,325.000,300.000,350.000,275.000,625.000,125.000,325.000,-1,750.000,625.000,-1,-1,2,0,2,0,0,0,0,0,0,1,1,1,2,0,0,2,2
42,314.054,-8245.097,249.777,-106.888,-0.287915,0.956301,-0.050917,-0.955691,-0.290322,-0.048651,-0.061307,0.034654,0.997517,0,0.32000,-0.02022,19.200,-0.040,-1,400.000,-1,350.000,975.000,325.000,300.000,350.000,275.000,625.000,125.000,325.000,-1,750.000,625.000,-1,-1,2,0,2,0,0,0,0,0,0,1,1,1,2,0,0,2,2
43,307.063,-8268.056,247.915,-106.934,-0.289028,0.956184,-0.046645,-0.955528,-0.291124,-0.047032,-0.058551,0.030977,0.997804,0,0.40000,-0.02298,24.000,-0.046,-1,400.000,-1,350.000,-1,325.000,300.000,350.000,300.000,625.000,125.000,325.000,-1,775.000,650.000,-1,-1,2,0,2,0,2,0,0,0,0,1,1,1,2,0,0,2,2
44,298.649,-8295.599,245.721,-106.987,-0.290284,0.956032,-0.041691,-0.955338,-0.292043,-0.045176,-0.055365,0.026716,0.998109,0,0.48000,-0.02645,28.800,-0.053,-1,400.000,-1,375.000,-1,325.000,300.000,325.000,300.000,650.000,125.000,325.000,-1,775.000,650.000,-1,-1,2,0,2,0,2,0,0,0,0,1,1,1,2,0,0,2,2
45,288.798,-8327.722,243.217,-107.048,-0.291689,0.955830,-0.036151,-0.955109,-0.293100,-0.043125,-0.051817,0.021949,0.998415,0,0.56000,-0.03065,33.600,-0.061,-1,400.000,-1,375.000,-1,325.000,300.000,325.000,300.000,650.000,150.000,325.000,-1,775.000,675.000,-1,-1,2,0,2,0,2,0,0,0,0,1,1,1,2,0,0,2,2
46,277.494,-8364.420,240.431,-107.119,-0.293249,0.955561,-0.030137,-0.954831,-0.294316,-0.040935,-0.047985,0.016771,0.998707,0,0.64000,-0.03557,38.400,-0.071,-1,400.000,-1,375.000,-1,325.000,325.000,325.000,300.000,675.000,150.000,325.000,-1,775.000,700.000,-1,-1,2,0,2,0,2,0,0,0,0,1,1,1,2,0,0,2,2
47,264.718,-8405.687,237.392,-107.201,-0.294973,0.955210,-0.023777,-0.954494,-0.295714,-0.038665,-0.043964,0.011290,0.998969,0,0.72000,-0.04124,43.200,-0.082,-1,400.000,-1,375.000,-1,325.000,325.000,300.000,300.000,700.000,150.000,325.000,-1,800.000,725.000,-1,-1,2,0,2,0,2,0,0,0,0,1,1,1,2,0,0,2,2
48,250.447,-8451.516,234.840,-107.297,-0.296717,0.954743,-0.020619,-0.954036,-0.297311,-0.037708,-0.042131,0.008483,0.999076,0,0.80000,-0.04767,48.000,-0.095,-1,400.000,-1,375.000,-1,325.000,325.000,300.000,300.000,750.000,175.000,350.000,-1,800.000,725.000,-1,-1,2,0,2,0,2,0,0,0,0,1,1,1,2,0,0,2,2
49,235.873,-8498.002,232.745,-107.407,-0.298579,0.954179,-0.019824,-0.953454,-0.299141,-0.037945,-0.042137,0.007571,0.999083,0,0.81195,-0.05486,48.717,-0.110,-1,400.000,-1,375.000,-1,325.000,325.000,300.000,300.000,850.000,225.000,400.000,-1,775.000,725.000,-1,-1,2,0,2,0,2,0,0,0,0,1,1,1,2,0,0,2,2
50,221.112,-8544.730,230.626,-107.531,-0.300690,0.953534,-0.018936,-0.952788,-0.301214,-0.038265,-0.042191,0.006536,0.999088,0,0.81672,-0.06220,49.003,-0.124,-1,400.000,-1,375.000,-1,325.000,325.000,300.000,300.000,950.000,275.000,425.000,-1,775.000,725.000,-1,-1,2,0,2,0,2,0,0,0,0,1,1,1,2,0,0,2,2
51,206.147,-8591.706,228.503,-107.670,-0.303048,0.952805,-0.017992,-0.952038,-0.303533,-0.038611,-0.042250,0.005428,0.999092,0,0.82170,-0.06964,49.302,-0.139,-1,400.000,-1,375.000,-1,325.000,325.000,300.000,300.000,-1,300.000,475.000,-1,775.000,700.000,-1,-1,2,0,2,0,2,0,0,0,0,2,1,1,2,0,0,2,2
52,190.961,-8638.936,226.369,-107.825,-0.305656,0.951990,-0.017035,-0.951199,-0.306100,-0.039039,-0.042379,0.004271,0.999092,0,0.82686,-0.07716,49.612,-0.154,-1,400.000,-1,375.000,-1,325.000,325.000,300.000,300.000,-1,350.000,525.000,-1,750.000,700.000,-1,-1,2,0,2,0,2,0,0,0,0,2,1,1,2,0,0,2,2
53,175.536,-8686.426,224.208,-107.994,-0.308512,0.951084,-0.016118,-0.950268,-0.308917,-0.039521,-0.042566,0.003123,0.999089,0,0.83220,-0.08477,49.932,-0.170,-1,400.000,-1,375.000,-1,325.000,325.000,300.000,300.000,-1,400.000,575.000,-1,750.000,700.000,-1,-1,2,0,2,0,2,0,0,0,0,2,1,1,2,0,0,2,2
54,159.855,-8734.179,222.118,-108.179,-0.311615,0.950084,-0.015361,-0.949258,-0.311986,-0.039681,-0.042493,0.002217,0.999094,0,0.83770,-0.09246,50.262,-0.185,-1,400.000,-1,375.000,-1,325.000,325.000,300.000,300.000,-1,450.000,625.000,-1,750.000,700.000,-1,-1,2,0,2,0,2,0,0,0,0,2,1,1,2,0,0,2,2
55,143.901,-8782.199,220.056,-108.379,-0.314972,0.948988,-0.014633,-0.948158,-0.315309,-0.039716,-0.042304,0.001365,0.999104,0,0.84335,-0.10024,50.601,-0.200,-1,400.000,-1,375.000,-1,325.000,325.000,300.000,300.000,-1,500.000,675.000,-1,750.000,700.000,-1,-1,2,0,2,0,2,0,0,0,0,2,1,1,2,0,0,2,2
56,127.654,-8830.487,217.997,-108.596,-0.318586,0.947792,-0.013867,-0.946960,-0.318887,-0.039724,-0.042072,0.000476,0.999114,0,0.84914,-0.10810,50.948,-0.216,-1,400.000,-1,375.000,-1,325.000,325.000,300.000,300.000,-1,550.000,700.000,-1,750.000,675.000,-1,-1,2,0,2,0,2,0,0,0,0,2,1,1,2,0,0,2,2
57,111.097,-8879.046,215.944,-108.828,-0.322460,0.946493,-0.013059,-0.945660,-0.322724,-0.039703,-0.041793,-0.000453,0.999126,0,0.85506,-0.11604,51.304,-0.232,-1,400.000,-1,375.000,-1,325.000,325.000,300.000,300.000,-1,600.000,750.000,-1,725.000,675.000,-1,-1,2,0,2,0,2,0,0,0,0,2,1,1,2,0,0,2,2
58,94.211,-8927.875,213.896,-109.076,-0.326595,0.945086,-0.012210,-0.944255,-0.326820,-0.039653,-0.041466,-0.001421,0.999139,0,0.86111,-0.12407,51.667,-0.248,-1,400.000,-1,375.000,-1,325.000,325.000,300.000,300.000,-1,650.000,800.000,-1,725.000,675.000,-1,-1,2,0,2,0,2,0,0,0,0,2,1,1,2,0,0,2,2
59,76.978,-8976.976,211.854,-109.340,-0.330991,0.943566,-0.011317,-0.942739,-0.331176,-0.039574,-0.041088,-0.002430,0.999153,0,0.86728,-0.13217,52.037,-0.264,-1,375.000,-1,375.000,-1,325.000,325.000,300.000,300.000,-1,700.000,825.000,-1,725.000,675.000,-1,-1,2,0,2,0,2,0,0,0,0,2,1,1,2,0,0,2,2
60,59.378,-9026.346,209.818,-109.621,-0.335651,0.941929,-0.010378,-0.941108,-0.335794,-0.039463,-0.040657,-0.003480,0.999167,0,0.87357,-0.14036,52.414,-0.281,-1,375.000,-1,375.000,-1,325.000,300.000,300.000,300.000,-1,725.000,875.000,-1,725.000,650.000,-1,-1,2,0,2,0,2,0,0,0,0,2,1,1,2,0,0,2,2
61,41.391,-9075.986,207.774,-109.918,-0.340579,0.940170,-0.009312,-0.939360,-0.340675,-0.039296,-0.040117,-0.004636,0.999184,0,0.87997,-0.14863,52.798,-0.297,-1,375.000,-1,375.000,-1,300.000,300.000,300.000,300.000,-1,775.000,900.000,-1,725.000,650.000,-1,-1,2,0,2,0,2,0,0,0,0,2,1,1,2,0,0,2,2
62,22.997,-9125.893,205.724,-110.232,-0.345775,0.938283,-0.008047,-0.937497,-0.345819,-0.038836,-0.039222,-0.005885,0.999213,0,0.88647,-0.15698,53.188,-0.314,-1,375.000,-1,375.000,-1,300.000,300.000,300.000,300.000,-1,825.000,925.000,-1,725.000,650.000,-1,-1,2,0,2,0,2,0,0,0,0,2,1,1,2,0,0,2,2
63,4.176,-9176.064,203.860,-110.563,-0.351233,0.936264,-0.006745,-0.935528,-0.351229,-0.037749,-0.037712,-0.006949,0.999264,0,0.89308,-0.16542,53.585,-0.331,-1,375.000,-1,375.000,-1,300.000,300.000,300.000,300.000,-1,850.000,950.000,-1,700.000,650.000,-1,-1,2,0,2,0,2,0,0,0,0,2,1,1,2,0,0,2,2
64,-15.093,-9226.495,202.062,-110.911,-0.356962,0.934105,-0.005126,-0.933426,-0.356903,-0.036551,-0.035972,-0.008262,0.999319,0,0.89979,-0.17393,53.988,-0.348,-1,375.000,-1,375.000,-1,300.000,300.000,300.000,300.000,-1,875.000,975.000,-1,700.000,650.000,-1,-1,2,0,2,0,2,0,0,0,0,2,1,1,2,0,0,2,2
65,-34.830,-9277.184,200.258,-111.276,-0.362952,0.931801,-0.003462,-0.931185,-0.362843,-0.035202,-0.034058,-0.009553,0.999374,0,0.90660,-0.18252,54.396,-0.365,-1,375.000,-1,375.000,-1,300.000,300.000,300.000,300.000,-1,900.000,975.000,-1,700.000,650.000,-1,-1,2,0,2,0,2,0,0,0,0,2,1,1,2,0,0,2,2
66,-55.059,-9328.125,198.632,-111.658,-0.369204,0.929347,-0.001753,-0.928796,-0.369049,-0.033787,-0.032047,-0.010846,0.999428,0,0.91350,-0.19120,54.810,-0.382,-1,375.000,-1,375.000,-1,325.000,300.000,300.000,300.000,-1,850.000,975.000,-1,700.000,650.000,-1,-1,2,0,2,0,2,0,0,0,0,2,0,1,2,0,0,2,2
67,-75.800,-9379.312,197.122,-112.058,-0.375720,0.926733,0.000104,-0.926250,-0.375520,-0.032335,-0.029927,-0.012245,0.999477,0,0.92050,-0.19996,55.230,-0.400,-1,375.000,-1,375.000,-1,325.000,300.000,300.000,300.000,-1,750.000,925.000,-1,700.000,650.000,-1,-1,2,0,2,0,2,0,0,0,0,2,0,0,2,0,0,2,2
68,-97.077,-9430.740,195.644,-112.476,-0.382496,0.923955,0.001990,-0.923540,-0.382258,-0.030884,-0.027774,-0.013651,0.999521,0,0.92759,-0.20880,55.655,-0.418,-1,375.000,-1,375.000,-1,325.000,300.000,300.000,300.000,-1,675.000,825.000,-1,700.000,675.000,-1,-1,2,0,2,0,2,0,0,0,0,2,0,0,2,0,0,2,2
69,-118.911,-9482.400,194.199,-112.911,-0.389532,0.921005,0.003906,-0.920657,-0.389260,-0.029434,-0.025589,-0.015061,0.999559,0,0.93476,-0.21772,56.086,-0.435,-1,400.000,-1,375.000,-1,325.000,300.000,300.000,300.000,-1,625.000,750.000,-1,725.000,675.000,-1,-1,2,0,2,0,2,0,0,0,0,2,0,0,2,0,0,2,2
70,-141.221,-9534.069,192.797,-113.355,-0.396667,0.917944,0.005842,-0.917665,-0.396368,-0.027994,-0.023382,-0.016465,0.999591,0,0.93800,-0.22173,56.280,-0.443,-1,400.000,-1,375.000,-1,325.000,300.000,300.000,300.000,-1,550.000,650.000,-1,725.000,675.000,-1,-1,2,0,2,0,2,0,0,0,0,2,0,0,2,0,0,2,2
71,-162.191,-9581.084,191.563,-114.038,-0.407600,0.913128,0.007670,-0.912913,-0.407280,-0.026705,-0.021261,-0.017887,0.999614,0,0.85800,-0.34173,51.480,-0.683,-1,400.000,-1,375.000,-1,325.000,300.000,300.000,300.000,-1,500.000,600.000,-1,725.000,675.000,-1,-1,2,0,2,0,2,0,0,0,0,2,0,0,2,0,0,2,2
72,-182.057,-9623.940,190.477,-114.871,-0.420841,0.907086,0.009401,-0.906931,-0.420504,-0.025555,-0.019227,-0.019280,0.999629,0,0.78728,-0.41658,47.237,-0.833,-1,400.000,-1,375.000,-1,325.000,325.000,300.000,300.000,-1,475.000,550.000,-1,725.000,675.000,-1,-1,2,0,2,0,2,0,0,0,0,2,0,0,2,0,0,2,2
73,-202.546,-9666.508,189.433,-115.702,-0.433947,0.900869,0.011156,-0.900775,-0.433599,-0.024426,-0.017167,-0.020649,0.999639,0,0.78737,-0.41538,47.242,-0.831,-1,375.000,-1,375.000,-1,325.000,300.000,300.000,300.000,-1,450.000,500.000,-1,725.000,675.000,-1,-1,2,0,2,0,2,0,0,0,0,2,0,0,2,0,0,2,2
74,-223.698,-9708.879,188.527,-116.530,-0.446907,0.894494,0.012446,-0.894448,-0.446559,-0.023423,-0.015394,-0.021600,0.999648,0,0.78930,-0.41384,47.358,-0.828,-1,375.000,-1,375.000,-1,325.000,300.000,300.000,300.000,-1,450.000,500.000,-1,700.000,675.000,-1,-1,2,0,2,0,2,0,0,0,0,2,0,0,2,0,0,2,2
75,-245.494,-9751.016,187.710,-117.351,-0.459663,0.887991,0.013519,-0.887987,-0.459319,-0.022474,-0.013747,-0.022336,0.999656,0,0.79067,-0.41039,47.440,-0.821,-1,375.000,-1,375.000,-1,325.000,300.000,300.000,300.000,-1,450.000,500.000,-1,700.000,675.000,-1,-1,2,0,2,0,2,0,0,0,0,2,0,0,2,0,0,2,2
76,-267.917,-9792.898,187.090,-118.164,-0.472205,0.881371,0.014406,-0.881410,-0.471883,-0.021036,-0.011742,-0.022631,0.999675,0,0.79177,-0.40693,47.506,-0.814,-1,375.000,-1,375.000,-1,325.000,300.000,300.000,300.000,-1,425.000,475.000,-1,700.000,675.000,-1,-1,2,0,2,0,2,0,0,0,0,2,0,0,2,0,0,2,2
77,-290.952,-9834.503,186.598,-118.971,-0.484549,0.874628,0.015441,-0.874708,-0.484243,-0.019865,-0.009897,-0.023132,0.999683,0,0.79261,-0.40347,47.556,-0.807,-1,375.000,-1,375.000,-1,325.000,300.000,300.000,300.000,-1,450.000,475.000,-1,700.000,675.000,-1,-1,2,0,2,0,2,0,0,0,0,2,0,0,2,0,0,2,2
78,-314.583,-9875.813,186.160,-119.771,-0.496691,0.867770,0.016519,-0.867890,-0.496403,-0.018734,-0.008057,-0.023641,0.999688,0,0.79319,-0.40005,47.591,-0.800,-1,375.000,-1,375.000,-1,300.000,300.000,300.000,300.000,-1,450.000,475.000,-1,700.000,675.000,-1,-1,2,0,2,0,2,0,0,0,0,2,0,0,2,0,0,2,2
79,-338.794,-9916.808,185.794,-120.565,-0.508634,0.860802,0.017664,-0.860960,-0.508364,-0.017718,-0.006272,-0.024220,0.999687,0,0.79351,-0.39668,47.611,-0.793,-1,375.000,-1,375.000,-1,300.000,300.000,300.000,300.000,-1,450.000,475.000,-1,725.000,675.000,-1,-1,2,0,2,0,2,0,0,0,0,2,0,0,2,0,0,2,2
80,-363.568,-9957.472,185.580,-121.352,-0.520394,0.853715,0.019000,-0.853913,-0.520133,-0.017174,-0.004779,-0.025161,0.999672,0,0.79361,-0.39369,47.616,-0.787,-1,375.000,-1,375.000,-1,300.000,300.000,300.000,300.000,-1,475.000,500.000,-1,725.000,675.000,-1,-1,2,0,2,0,2,0,0,0,0,2,0,0,2,0,0,2,2
81,-388.892,-9997.788,185.437,-122.135,-0.531982,0.846512,0.020308,-0.846749,-0.531735,-0.016544,-0.003206,-0.025997,0.999657,0,0.79348,-0.39134,47.609,-0.783,-1,375.000,-1,375.000,-1,300.000,300.000,300.000,300.000,-1,475.000,525.000,-1,725.000,700.000,-1,-1,2,0,2,0,2,0,0,0,0,2,0,0,2,0,0,2,2
82,-414.750,-10037.738,185.467,-122.913,-0.543398,0.839198,0.021565,-0.839474,-0.543181,-0.015418,-0.001225,-0.026481,0.999649,0,0.79315,-0.38926,47.589,-0.779,-1,375.000,-1,375.000,-1,300.000,300.000,300.000,300.000,-1,500.000,525.000,-1,725.000,700.000,-1,-1,2,0,2,0,2,0,0,0,0,2,0,0,2,0,0,2,2
83,-441.130,-10077.310,185.587,-123.688,-0.554655,0.831760,0.023079,-0.832080,-0.554470,-0.014327,0.000880,-0.027150,0.999631,0,0.79264,-0.38745,47.558,-0.775,-1,375.000,-1,375.000,-1,300.000,300.000,300.000,300.000,-1,500.000,525.000,-1,725.000,700.000,-1,-1,2,0,2,0,2,0,0,0,0,2,0,0,2,0,0,2,2
84,-468.017,-10116.490,185.744,-124.460,-0.565763,0.824201,0.024593,-0.824563,-0.565614,-0.013301,0.002948,-0.027804,0.999609,0,0.79197,-0.38592,47.518,-0.772,-1,375.000,-1,375.000,-1,325.000,300.000,300.000,300.000,-1,500.000,525.000,-1,725.000,700.000,-1,-1,2,0,2,0,2,0,0,0,0,2,0,0,2,0,0,2,2
85,-495.400,-10155.265,185.938,-125.230,-0.576730,0.816518,0.026105,-0.816920,-0.576620,-0.012339,0.004978,-0.028442,0.999583,0,0.79116,-0.38467,47.470,-0.769,-1,375.000,-1,375.000,-1,325.000,325.000,300.000,300.000,-1,500.000,525.000,-1,725.000,725.000,-1,-1,2,0,2,0,2,0,0,0,0,2,0,0,2,0,0,2,2
86,-523.268,-10193.626,186.168,-125.997,-0.587563,0.808707,0.027610,-0.809148,-0.587493,-0.011442,0.006968,-0.029064,0.999553,0,0.79024,-0.38370,47.414,-0.767,-1,375.000,-1,375.000,-1,325.000,325.000,300.000,300.000,-1,500.000,550.000,-1,725.000,725.000,-1,-1,2,0,2,0,2,0,0,0,0,2,0,0,2,0,0,2,2
87,-551.609,-10231.563,186.437,-126.763,-0.598269,0.800766,0.029106,-0.801245,-0.598242,-0.010610,0.008917,-0.029669,0.999520,0,0.78924,-0.38301,47.354,-0.766,-1,375.000,-1,375.000,-1,325.000,325.000,300.000,300.000,-1,475.000,550.000,-1,750.000,725.000,-1,-1,2,0,2,0,2,0,0,0,0,2,0,0,2,0,0,2,2
88,-580.417,-10269.067,186.783,-127.528,-0.608861,0.792695,0.030378,-0.793205,-0.608875,-0.009846,0.010692,-0.030091,0.999490,0,0.78818,-0.38261,47.291,-0.765,-1,375.000,-1,375.000,-1,325.000,325.000,300.000,300.000,-1,475.000,550.000,-1,750.000,725.000,-1,-1,2,0,2,0,2,0,0,0,0,2,0,0,2,0,0,2,2
89,-609.682,-10306.132,187.263,-128.293,-0.619353,0.784495,0.031139,-0.785019,-0.619404,-0.009143,0.012114,-0.030107,0.999473,0,0.78710,-0.38249,47.226,-0.765,-1,400.000,-1,375.000,-1,325.000,325.000,300.000,300.000,-1,500.000,550.000,-1,750.000,750.000,-1,-1,2,0,2,0,2,0,0,0,0,2,0,0,2,0,0,2,2
90,-639.399,-10342.753,187.780,-129.058,-0.629740,0.776152,0.031880,-0.776689,-0.629827,-0.008485,0.013493,-0.030104,0.999456,0,0.78601,-0.38266,47.161,-0.765,-1,400.000,-1,400.000,-1,325.000,325.000,300.000,300.000,-1,525.000,575.000,-1,750.000,750.000,-1,-1,2,0,2,0,2,0,0,0,0,2,0,0,2,0,0,2,2
91,-670.164,-10379.963,188.338,-129.584,-0.636794,0.770343,0.032628,-0.770893,-0.636916,-0.007857,0.014728,-0.030156,0.999437,0,0.80469,-0.26266,48.281,-0.525,-1,400.000,-1,400.000,-1,325.000,325.000,300.000,300.000,-1,525.000,575.000,-1,750.000,750.000,-1,-1,2,0,2,0,2,0,0,0,0,2,0,0,2,0,0,2,2
92,-701.079,-10416.978,188.909,-129.869,-0.640589,0.767158,0.033365,-0.767722,-0.640741,-0.007335,0.015751,-0.030314,0.999416,0,0.80379,-0.14266,48.228,-0.285,-1,400.000,-1,400.000,-1,325.000,325.000,300.000,300.000,-1,550.000,600.000,-1,750.000,750.000,-1,-1,2,0,2,0,2,0,0,0,0,2,0,0,2,0,0,2,2
93,-731.997,-10453.936,189.485,-129.914,-0.641166,0.766645,0.034087,-0.767224,-0.641342,-0.006924,0.016553,-0.030592,0.999395,0,0.80308,-0.02266,48.185,-0.045,-1,400.000,-1,400.000,-1,325.000,325.000,300.000,300.000,-1,575.000,600.000,-1,750.000,750.000,-1,-1,2,0,2,0,2,0,0,0,0,2,0,0,2,0,0,2,2
94,-762.769,-10490.975,190.169,-129.720,-0.638544,0.768821,0.034292,-0.769400,-0.638734,-0.006527,0.016886,-0.030552,0.999391,0,0.80256,0.09734,48.154,0.195,-1,400.000,-1,400.000,-1,325.000,325.000,300.000,300.000,-1,600.000,650.000,-1,775.000,775.000,-1,-1,2,0,2,0,2,0,0,0,0,2,0,0,2,0,0,2,2
95,-793.245,-10528.230,190.890,-129.285,-0.632688,0.773646,0.034314,-0.774221,-0.632885,-0.006154,0.016956,-0.030460,0.999392,0,0.80222,0.21734,48.133,0.435,-1,400.000,-1,400.000,-1,325.000,325.000,300.000,300.000,-1,625.000,675.000,-1,775.000,775.000,-1,-1,2,0,2,0,2,0,0,0,0,2,0,0,2,0,0,2,2
96,-823.275,-10565.833,191.606,-128.610,-0.623530,0.781045,0.034334,-0.781617,-0.623731,-0.005813,0.016875,-0.030461,0.999393,0,0.80204,0.33734,48.122,0.675,-1,400.000,-1,400.000,-1,325.000,325.000,300.000,300.000,-1,675.000,725.000,-1,775.000,775.000,-1,-1,2,0,2,0,2,0,0,0,0,2,0,0,2,0,0,2,2
97,-852.699,-10603.910,192.379,-127.696,-0.610984,0.790894,0.034426,-0.791472,-0.611177,-0.005815,0.016442,-0.030800,0.999390,0,0.80202,0.45734,48.121,0.915,-1,400.000,-1,400.000,-1,325.000,325.000,300.000,300.000,-1,725.000,775.000,-1,775.000,775.000,-1,-1,2,0,2,0,2,0,0,0,0,2,0,0,2,0,0,2,2
98,-881.354,-10642.577,193.136,-126.541,-0.594925,0.803039,0.034529,-0.803625,-0.595107,-0.005858,0.015844,-0.031234,0.999387,0,0.80212,0.57734,48.127,1.155,-1,400.000,-1,400.000,-1,325.000,325.000,300.000,300.000,-1,775.000,825.000,-1,775.000,775.000,-1,-1,2,0,2,0,2,0,0,0,0,2,0,0,2,0,0,2,2
99,-909.070,-10681.937,193.863,-125.153,-0.575303,0.817207,0.034635,-0.817801,-0.575471,-0.005906,0.015105,-0.031722,0.999383,0,0.80233,0.69403,48.140,1.388,-1,400.000,-1,400.000,-1,325.000,325.000,300.000,300.000,-1,825.000,900.000,-1,775.000,775.000,-1,-1,2,0,2,0,2,0,0,0,0,2,0,0,2,0,0,2,2
100,-935.838,-10721.970,194.531,-123.768,-0.555394,0.830867,0.034611,-0.831465,-0.555545,-0.005967,0.014270,-0.032092,0.999383,0,0.80263,0.69246,48.158,1.385,-1,400.000,-1,400.000,-1,325.000,325.000,300.000,300.000,-1,900.000,975.000,-1,775.000,775.000,-1,-1,2,0,2,0,2,0,0,0,0,2,0,0,2,0,0,2,2
101,-961.641,-10762.652,195.152,-122.386,-0.535210,0.844014,0.034521,-0.844613,-0.535343,-0.006048,0.013375,-0.032394,0.999386,0,0.80292,0.69090,48.175,1.382,-1,400.000,-1,400.000,-1,325.000,325.000,300.000,300.000,-1,950.000,-1,-1,775.000,775.000,-1,-1,2,0,2,0,2,0,0,0,0,2,0,2,2,0,0,2,2
102,-986.468,-10803.958,195.740,-121.008,-0.514761,0.856642,0.034426,-0.857243,-0.514876,-0.006141,0.012465,-0.032673,0.999388,0,0.80321,0.68934,48.193,1.379,-1,400.000,-1,400.000,-1,325.000,325.000,300.000,300.000,-1,-1,-1,-1,800.000,775.000,-1,-1,2,0,2,0,2,0,0,0,0,2,2,2,2,0,0,2,2
103,-1010.304,-10845.863,196.293,-119.632,-0.494063,0.868748,0.034328,-0.869349,-0.494158,-0.006240,0.011542,-0.032927,0.999391,0,0.80350,0.68779,48.210,1.376,-1,400.000,-1,400.000,-1,325.000,325.000,300.000,300.000,-1,-1,-1,-1,800.000,775.000,-1,-1,2,0,2,0,2,0,0,0,0,2,2,2,2,0,0,2,2
104,-1035.595,-10892.450,196.871,-118.496,-0.476763,0.878366,0.034215,-0.878966,-0.476841,-0.006348,0.010739,-0.033100,0.999394,0,0.88350,0.56779,53.010,1.136,-1,400.000,-1,400.000,-1,325.000,325.000,300.000,300.000,-1,-1,-1,-1,800.000,800.000,-1,-1,2,0,2,0,2,0,0,0,0,2,2,2,2,0,0,2,2
105,-1060.849,-10940.756,197.444,-117.601,-0.462988,0.885709,0.034088,-0.886307,-0.463052,-0.006455,0.010067,-0.033201,0.999398,0,0.90849,0.44779,54.509,0.896,-1,400.000,-1,400.000,-1,325.000,325.000,300.000,300.000,-1,-1,-1,-1,800.000,800.000,-1,-1,2,0,2,0,2,0,0,0,0,2,2,2,2,0,0,2,2
106,-1085.555,-10989.359,197.990,-116.945,-0.452835,0.890947,0.033982,-0.891544,-0.452887,-0.006593,0.009516,-0.033282,0.999401,0,0.90870,0.32779,54.522,0.656,-1,400.000,-1,400.000,-1,325.000,325.000,300.000,300.000,-1,-1,-1,-1,800.000,800.000,-1,-1,2,0,2,0,2,0,0,0,0,2,2,2,2,0,0,2,2
107,-1109.914,-11038.152,198.480,-116.530,-0.446366,0.894202,0.034061,-0.894803,-0.446409,-0.006760,0.009161,-0.033495,0.999397,0,0.90893,0.20779,54.536,0.416,-1,400.000,-1,400.000,-1,325.000,325.000,300.000,300.000,-1,-1,-1,-1,800.000,800.000,-1,-1,2,0,2,0,2,0,0,0,0,2,2,2,2,0,0,2,2
108,-1134.130,-11087.035,198.917,-116.354,-0.443632,0.895554,0.034243,-0.896166,-0.443661,-0.007165,0.008776,-0.033866,0.999388,0,0.90920,0.08779,54.552,0.176,-1,400.000,-1,400.000,-1,325.000,325.000,300.000,300.000,-1,-1,-1,-1,800.000,800.000,-1,-1,2,0,2,0,2,0,0,0,0,2,2,2,2,0,0,2,2
109,-1158.410,-11135.909,199.286,-116.418,-0.444652,0.895036,0.034575,-0.895665,-0.444658,-0.007921,0.008284,-0.034489,0.999371,0,0.90955,-0.03221,54.573,-0.064,-1,400.000,-1,400.000,-1,325.000,325.000,300.000,300.000,-1,-1,-1,-1,800.000,800.000,-1,-1,2,0,2,0,2,0,0,0,0,2,2,2,2,0,0,2,2
110,-1182.963,-11184.678,199.671,-116.723,-0.449412,0.892644,0.034878,-0.893289,-0.449398,-0.008667,0.007938,-0.035051,0.999354,0,0.91001,-0.15221,54.601,-0.304,-1,400.000,-1,400.000,-1,325.000,325.000,300.000,300.000,-1,-1,-1,-1,800.000,800.000,-1,-1,2,0,2,0,2,0,0,0,0,2,2,2,2,0,0,2,2
111,-1207.995,-11233.245,200.068,-117.267,-0.457882,0.888319,0.035118,-0.888979,-0.457852,-0.009352,0.007771,-0.035501,0.999339,0,0.91064,-0.27221,54.638,-0.544,-1,400.000,-1,400.000,-1,325.000,325.000,300.000,300.000,-1,-1,-1,-1,775.000,800.000,-1,-1,2,0,2,0,2,0,0,0,0,2,2,2,2,0,0,2,2
112,-1233.536,-11281.584,200.464,-117.851,-0.466918,0.883597,0.035258,-0.884267,-0.466877,-0.009896,0.007717,-0.035798,0.999329,0,0.91120,-0.29198,54.672,-0.584,-1,400.000,-1,400.000,-1,325.000,325.000,300.000,300.000,-1,-1,-1,-1,775.000,800.000,-1,-1,2,0,2,0,2,0,0,0,0,2,2,2,2,0,0,2,2
113,-1259.569,-11329.661,200.857,-118.435,-0.475910,0.878789,0.035212,-0.879461,-0.475856,-0.010441,0.007580,-0.035937,0.999325,0,0.91120,-0.29198,54.672,-0.584,-1,400.000,-1,400.000,-1,325.000,325.000,300.000,300.000,-1,-1,-1,-1,775.000,800.000,-1,-1,2,0,2,0,2,0,0,0,0,2,2,2,2,0,0,2,2
114,-1286.091,-11377.469,201.165,-119.019,-0.484867,0.873903,0.034595,-0.874559,-0.484793,-0.011046,0.007118,-0.035612,0.999340,0,0.91120,-0.29198,54.672,-0.584,-1,400.000,-1,400.000,-1,325.000,325.000,300.000,300.000,-1,-1,-1,-1,775.000,800.000,-1,-1,2,0,2,0,2,0,0,0,0,2,2,2,2,0,0,2,2
115,-1313.098,-11425.005,201.460,-119.603,-0.493778,0.868933,0.033738,-0.869564,-0.493684,-0.011641,0.006540,-0.035086,0.999363,0,0.91120,-0.29198,54.672,-0.584,-1,400.000,-1,400.000,-1,325.000,325.000,300.000,300.000,-1,-1,-1,-1,775.000,800.000,-1,-1,2,0,2,0,2,0,0,0,0,2,2,2,2,0,0,2,2
116,-1340.589,-11472.263,201.783,-120.187,-0.502636,0.863874,0.032847,-0.864477,-0.502524,-0.012188,0.005977,-0.034522,0.999386,0,0.91120,-0.29198,54.672,-0.584,-1,400.000,-1,400.000,-1,325.000,325.000,300.000,300.000,-1,-1,-1,-1,750.000,800.000,-1,-1,2,0,2,0,2,0,0,0,0,2,2,2,2,0,0,2,2
117,-1368.560,-11519.238,202.137,-120.771,-0.511441,0.858725,0.031921,-0.859301,-0.511313,-0.012685,0.005428,-0.033918,0.999410,0,0.91120,-0.29198,54.672,-0.584,-1,400.000,-1,400.000,-1,325.000,325.000,300.000,300.000,-1,-1,-1,-1,750.000,800.000,-1,-1,2,0,2,0,2,0,0,0,0,2,2,2,2,0,0,2,2
118,-1394.332,-11561.935,202.464,-121.115,-0.516610,0.855654,0.031149,-0.856207,-0.516467,-0.013098,0.004880,-0.033436,0.999429,0,0.83120,-0.17198,49.872,-0.344,-1,400.000,-1,400.000,-1,325.000,325.000,300.000,300.000,-1,-1,-1,-1,750.000,800.000,-1,-1,2,0,2,0,2,0,0,0,0,2,2,2,2,0,0,2,2
119,-1417.693,-11600.481,202.757,-121.219,-0.518181,0.854726,0.030528,-0.855260,-0.518025,-0.013451,0.004318,-0.033080,0.999443,0,0.75120,-0.05198,45.072,-0.104,-1,400.000,-1,400.000,-1,325.000,325.000,300.000,300.000,-1,-1,-1,-1,750.000,775.000,-1,-1,2,0,2,0,2,0,0,0,0,2,2,2,2,0,0,2,2
120,-1438.484,-11634.971,202.964,-121.083,-0.516163,0.855955,0.030291,-0.856482,-0.515995,-0.013731,0.003877,-0.033031,0.999447,0,0.67120,0.06802,40.272,0.136,-1,375.000,-1,400.000,-1,325.000,325.000,300.000,300.000,-1,-1,-1,-1,750.000,775.000,-1,-1,2,0,2,0,2,0,0,0,0,2,2,2,2,0,0,2,2
121,-1456.598,-11665.469,203.120,-120.707,-0.510544,0.859320,0.030233,-0.859845,-0.510364,-0.013976,0.003420,-0.033131,0.999445,0,0.59120,0.18802,35.472,0.376,-1,375.000,-1,400.000,-1,325.000,325.000,300.000,300.000,-1,-1,-1,-1,750.000,775.000,-1,-1,2,0,2,0,2,0,0,0,0,2,2,2,2,0,0,2,2
122,-1471.976,-11692.008,203.251,-120.091,-0.501287,0.864754,0.030203,-0.865277,-0.501093,-0.014212,0.002844,-0.033258,0.999443,0,0.51120,0.30802,30.672,0.616,-1,375.000,-1,400.000,-1,325.000,325.000,300.000,300.000,-1,-1,-1,-1,750.000,775.000,-1,-1,2,0,2,0,2,0,0,0,0,2,2,2,2,0,0,2,2
123,-1484.612,-11714.585,203.356,-119.235,-0.488324,0.872140,0.030205,-0.872660,-0.488115,-0.014444,0.002146,-0.033412,0.999439,0,0.43120,0.42802,25.872,0.856,-1,375.000,-1,400.000,-1,325.000,325.000,300.000,300.000,-1,-1,-1,-1,750.000,775.000,-1,-1,2,0,2,0,2,0,0,0,0,2,2,2,2,0,0,2,2
124,-1494.549,-11733.166,203.441,-118.139,-0.471566,0.881312,0.030234,-0.881830,-0.471341,-0.014646,0.001342,-0.033568,0.999436,0,0.35120,0.54802,21.072,1.096,-1,375.000,-1,400.000,-1,325.000,325.000,300.000,325.000,-1,-1,-1,-1,750.000,775.000,-1,-1,2,0,2,0,2,0,0,0,0,2,2,2,2,0,0,2,2
125,-1501.886,-11747.690,203.503,-116.803,-0.450905,0.892057,0.030302,-0.892572,-0.450661,-0.014845,0.000413,-0.033741,0.999431,0,0.27120,0.66802,16.272,1.336,-1,375.000,-1,400.000,-1,325.000,325.000,300.000,325.000,-1,-1,-1,-1,750.000,775.000,-1,-1,2,0,2,0,2,0,0,0,0,2,2,2,2,0,0,2,2
126,-1510.867,-11766.752,203.564,-115.227,-0.426219,0.904109,0.030408,-0.904620,-0.425953,-0.015086,-0.000687,-0.033937,0.999424,0,0.35120,0.78802,21.072,1.576,-1,375.000,-1,400.000,-1,325.000,325.000,300.000,325.000,-1,-1,-1,-1,725.000,775.000,-1,-1,2,0,2,0,2,0,0,0,0,2,2,2,2,0,0,2,2
127,-1521.146,-11790.495,203.611,-113.410,-0.397376,0.917147,0.030565,-0.917654,-0.397084,-0.015365,-0.001955,-0.034154,0.999415,0,0.43120,0.90802,25.872,1.816,-1,375.000,-1,400.000,-1,325.000,325.000,300.000,325.000,-1,-1,-1,-1,725.000,775.000,-1,-1,2,0,2,0,2,0,0,0,0,2,2,2,2,0,0,2,2
128,-1532.343,-11819.050,203.615,-111.410,-0.365151,0.930441,0.030748,-0.930943,-0.364832,-0.015606,-0.003303,-0.034323,0.999405,0,0.51120,1.00000,30.672,2.000,-1,375.000,-1,400.000,-1,325.000,325.000,300.000,325.000,-1,-1,-1,-1,725.000,775.000,-1,-1,2,0,2,0,2,0,0,0,0,2,2,2,2,0,0,2,2
129,-1544.131,-11852.506,203.485,-109.410,-0.332472,0.942612,0.030746,-0.943103,-0.332140,-0.015482,-0.004381,-0.034144,0.999407,0,0.59120,1.00000,35.472,2.000,-1,375.000,-1,400.000,-1,325.000,325.000,300.000,325.000,-1,-1,-1,-1,725.000,775.000,-1,-1,2,0,2,0,2,0,0,0,0,2,2,2,2,0,0,2,2
130,-1556.181,-11890.933,203.255,-107.410,-0.299383,0.953641,0.030643,-0.954118,-0.299045,-0.015186,-0.005318,-0.033784,0.999415,0,0.67120,1.00000,40.272,2.000,-1,375.000,-1,400.000,-1,325.000,325.000,300.000,325.000,-1,-1,-1,-1,725.000,775.000,-1,-1,2,0,2,0,2,0,0,0,0,2,2,2,2,0,0,2,2
131,-1568.158,-11934.384,202.938,-105.410,-0.265928,0.963511,0.030480,-0.963973,-0.265585,-0.014870,-0.006232,-0.033336,0.999425,0,0.75120,1.00000,45.072,2.000,-1,375.000,-1,400.000,-1,325.000,325.000,300.000,325.000,-1,-1,-1,-1,725.000,775.000,-1,-1,2,0,2,0,2,0,0,0,0,2,2,2,2,0,0,2,2
132,-1579.725,-11982.896,202.544,-103.410,-0.232149,0.972207,0.030327,-0.972654,-0.231800,-0.014585,-0.007150,-0.032884,0.999434,0,0.83120,1.00000,49.872,2.000,-1,375.000,-1,400.000,-1,325.000,325.000,325.000,325.000,-1,-1,-1,-1,725.000,775.000,-1,-1,2,0,2,0,2,0,0,0,0,2,2,2,2,0,0,2,2
133,-1589.772,-12032.676,202.099,-101.410,-0.198087,0.979719,0.030214,-0.980151,-0.197732,-0.014348,-0.008083,-0.032457,0.999440,0,0.84641,1.00000,50.784,2.000,-1,375.000,-1,400.000,-1,325.000,325.000,325.000,325.000,-1,-1,-1,-1,725.000,750.000,-1,-1,2,0,2,0,2,0,0,0,0,2,2,2,2,0,0,2,2
134,-1597.481,-12078.010,201.661,-99.650,-0.167913,0.985341,0.030150,-0.985762,-0.167551,-0.014171,-0.008912,-0.032100,0.999445,0,0.76641,0.88000,45.984,1.760,-1,400.000,-1,400.000,-1,325.000,325.000,325.000,325.000,-1,-1,-1,-1,725.000,750.000,-1,-1,2,0,2,0,2,0,0,0,0,2,2,2,2,0,0,2,2
