timestep,x_cm,y_cm,z_cm,yaw_deg,basis_xx,basis_xy,basis_xz,basis_yx,basis_yy,basis_yz,basis_zx,basis_zy,basis_zz,teleport_flag,throttle_cmd,steering_cmd,cmd_move_cm,cmd_turn_deg,lidar_cm_0,lidar_cm_1,lidar_cm_2,lidar_cm_3,lidar_cm_4,lidar_cm_5,lidar_cm_6,lidar_cm_7,lidar_cm_8,lidar_cm_9,lidar_cm_10,lidar_cm_11,lidar_cm_12,lidar_cm_13,lidar_cm_14,lidar_cm_15,lidar_cm_16,lidar_class_0,lidar_class_1,lidar_class_2,lidar_class_3,lidar_class_4,lidar_class_5,lidar_class_6,lidar_class_7,lidar_class_8,lidar_class_9,lidar_class_10,lidar_class_11,lidar_class_12,lidar_class_13,lidar_class_14,lidar_class_15,lidar_class_16
0,4264.294,988.644,-202.065,81.207,0.152638,-0.988244,-0.008676,0.987435,0.152864,-0.040069,0.040924,-0.002451,0.999159,1,0.08000,-0.12000,4.800,-0.240,-1,375.000,-1,400.000,-1,325.000,325.000,300.000,300.000,-1,750.000,675.000,-1,750.000,775.000,-1,-1,2,0,2,0,2,0,0,0,0,2,0,0,2,0,0,2,2
1,4265.841,998.118,-201.679,80.727,0.160919,-0.986930,-0.008642,0.986113,0.161138,-0.040193,0.041061,-0.002054,0.999155,0,0.16000,-0.24000,9.600,-0.480,-1,400.000,-1,400.000,-1,325.000,325.000,300.000,300.000,-1,750.000,700.000,-1,750.000,775.000,-1,-1,2,0,2,0,2,0,0,0,0,2,0,0,2,0,0,2,2
2,4268.339,1012.300,-201.101,80.007,0.173320,-0.984828,-0.008594,0.984001,0.173527,-0.040377,0.041256,-0.001459,0.999148,0,0.24000,-0.36000,14.400,-0.720,-1,400.000,-1,400.000,-1,325.000,325.000,300.000,300.000,-1,750.000,700.000,-1,750.000,775.000,-1,-1,2,0,2,0,2,0,0,0,0,2,0,0,2,0,0,2,2
3,4271.987,1031.150,-200.332,79.047,0.189812,-0.981783,-0.008540,0.980943,0.190003,-0.040616,0.041499,-0.000668,0.999138,0,0.32000,-0.48000,19.200,-0.960,-1,400.000,-1,400.000,-1,325.000,325.000,300.000,300.000,-1,775.000,725.000,-1,750.000,775.000,-1,-1,2,0,2,0,2,0,0,0,0,2,0,0,2,0,0,2,2
4,4277.040,1054.612,-199.373,77.847,0.210352,-0.977589,-0.008485,0.976733,0.210523,-0.040905,0.041775,0.000317,0.999127,0,0.40000,-0.60000,24.000,-1.200,-1,400.000,-1,400.000,-1,325.000,325.000,300.000,300.000,-1,800.000,750.000,-1,750.000,800.000,-1,-1,2,0,2,0,2,0,0,0,0,2,0,0,2,0,0,2,2
5,4283.808,1082.606,-198.227,76.407,0.234876,-0.971989,-0.008438,0.971115,0.235023,-0.041237,0.042065,0.001491,0.999114,0,0.48000,-0.72000,28.800,-1.440,-1,400.000,-1,400.000,-1,325.000,325.000,300.000,300.000,-1,825.000,775.000,-1,750.000,800.000,1000.000,-1,2,0,2,0,2,0,0,0,0,2,0,0,2,0,0,1,2
6,4292.659,1115.019,-196.896,74.727,0.263298,-0.964678,-0.008410,0.963785,0.263417,-0.041601,0.042347,0.002848,0.999099,0,0.56000,-0.84000,33.600,-1.680,975.000,400.000,-1,400.000,-1,325.000,325.000,300.000,300.000,-1,850.000,800.000,-1,775.000,800.000,950.000,-1,1,0,2,0,2,0,0,0,0,2,0,0,2,0,0,1,2
7,4304.010,1151.703,-195.388,72.807,0.295501,-0.955305,-0.008410,0.954392,0.295588,-0.041985,0.042594,0.004381,0.999083,0,0.64000,-0.96000,38.400,-1.920,925.000,400.000,-1,400.000,-1,325.000,325.000,300.000,300.000,-1,900.000,825.000,-1,775.000,800.000,925.000,-1,1,0,2,0,2,0,0,0,0,2,0,0,2,0,0,1,2
8,4318.198,1192.507,-193.707,70.826,0.328382,-0.944507,-0.008437,0.943575,0.328436,-0.042377,0.042796,0.005955,0.999066,0,0.72000,-0.99062,43.200,-1.981,875.000,400.000,-1,400.000,-1,325.000,325.000,300.000,300.000,-1,950.000,875.000,-1,775.000,800.000,875.000,-1,1,0,2,0,2,0,0,0,0,2,0,0,2,0,0,1,2
9,4335.517,1237.273,-191.729,68.849,0.360817,-0.932604,-0.007850,0.931667,0.360812,-0.042565,0.042529,0.008044,0.999063,0,0.80000,-0.98829,48.000,-1.977,825.000,400.000,-1,400.000,-1,325.000,325.000,300.000,300.000,-1,-1,925.000,-1,750.000,825.000,825.000,-1,1,0,2,0,2,0,0,0,0,2,2,0,2,1,0,1,2
10,4354.484,1282.202,-189.794,67.113,0.388955,-0.921227,-0.007374,0.920299,0.388903,-0.042473,0.041995,0.009734,0.999070,0,0.81280,-0.86829,48.768,-1.737,775.000,400.000,-1,400.000,-1,325.000,325.000,300.000,300.000,-1,-1,-1,-1,725.000,825.000,800.000,-1,1,0,2,0,2,0,0,0,0,2,2,2,2,1,0,1,2
11,4374.673,1326.742,-187.888,65.616,0.412918,-0.910742,-0.006927,0.909826,0.412824,-0.042353,0.041432,0.011186,0.999079,0,0.81503,-0.74829,48.902,-1.497,725.000,400.000,-1,400.000,-1,325.000,325.000,300.000,300.000,-1,-1,-1,-1,700.000,825.000,750.000,-1,1,0,2,0,2,0,0,0,0,2,2,2,2,1,0,1,2
12,4395.887,1370.939,-186.000,64.359,0.432821,-0.901457,-0.006486,0.900552,0.432691,-0.042243,0.040887,0.012443,0.999086,0,0.81708,-0.62829,49.025,-1.257,675.000,400.000,-1,400.000,-1,325.000,325.000,300.000,300.000,-1,-1,-1,-1,675.000,825.000,725.000,-1,1,0,2,0,2,0,0,0,0,2,2,2,2,1,0,1,2
13,4417.933,1414.855,-184.060,63.343,0.448764,-0.893629,-0.006209,0.892748,0.448612,-0.041807,0.040145,0.013219,0.999106,0,0.81897,-0.50829,49.138,-1.017,625.000,400.000,-1,400.000,-1,325.000,325.000,300.000,300.000,-1,-1,-1,-1,650.000,825.000,675.000,-1,1,0,2,0,2,0,0,0,0,2,2,2,2,1,0,1,2
14,4440.620,1458.560,-182.127,62.566,0.460845,-0.887460,-0.005967,0.886606,0.460679,-0.041290,0.039392,0.013738,0.999129,0,0.82072,-0.38829,49.243,-0.777,600.000,400.000,-1,400.000,-1,325.000,325.000,300.000,300.000,-1,-1,-1,-1,625.000,825.000,650.000,-1,1,0,2,0,2,0,0,0,0,2,2,2,2,1,0,1,2
15,4463.762,1502.138,-180.284,62.030,0.469154,-0.883100,-0.005404,0.882278,0.468966,-0.040703,0.038479,0.014328,0.999157,0,0.82235,-0.26829,49.341,-0.537,550.000,400.000,-1,400.000,-1,325.000,325.000,300.000,300.000,-1,-1,-1,-1,625.000,825.000,600.000,-1,1,0,2,0,2,0,0,0,0,2,2,2,2,1,0,1,2
16,4487.172,1545.677,-178.476,61.733,0.473735,-0.880654,-0.004772,0.879866,0.473528,-0.040099,0.037573,0.014798,0.999184,0,0.82389,-0.14829,49.433,-0.297,525.000,400.000,-1,400.000,-1,325.000,325.000,300.000,300.000,-1,-1,-1,-1,600.000,825.000,575.000,-1,1,0,2,0,2,0,0,0,0,2,2,2,2,1,0,1,2
17,4510.800,1589.198,-176.689,61.503,0.477286,-0.878738,-0.004132,0.877983,0.477061,-0.039484,0.036668,0.015218,0.999212,0,0.82535,-0.11515,49.521,-0.230,475.000,400.000,-1,400.000,-1,325.000,325.000,300.000,300.000,-1,-1,-1,-1,575.000,825.000,525.000,-1,1,0,2,0,2,0,0,0,0,2,2,2,2,1,0,1,2
18,4534.634,1632.695,-174.925,61.279,0.480724,-0.876865,-0.003486,0.876143,0.480483,-0.038859,0.035749,0.015626,0.999239,0,0.82665,-0.11177,49.599,-0.224,425.000,400.000,-1,400.000,-1,325.000,325.000,300.000,300.000,-1,-1,-1,-1,575.000,825.000,475.000,-1,1,1,2,0,2,0,0,0,0,2,2,2,2,1,0,1,2
19,4558.664,1676.158,-173.195,61.063,0.484047,-0.875038,-0.002774,0.874351,0.483788,-0.038212,0.034779,0.016071,0.999266,0,0.82774,-0.10821,49.664,-0.216,400.000,375.000,-1,400.000,-1,325.000,325.000,300.000,300.000,-1,-1,-1,-1,575.000,825.000,450.000,-1,1,1,2,0,2,0,0,0,0,2,2,2,2,1,0,1,2
20,4582.877,1719.579,-171.502,60.854,0.487249,-0.873261,-0.001993,0.872611,0.486971,-0.037545,0.033757,0.016555,0.999293,0,0.82859,-0.10445,49.715,-0.209,350.000,375.000,-1,400.000,-1,325.000,325.000,300.000,300.000,-1,-1,-1,-1,575.000,825.000,400.000,-1,1,1,2,0,2,1,0,0,0,2,2,2,2,1,0,1,2
21,4607.260,1762.945,-169.829,60.653,0.490322,-0.871541,-0.001224,0.870927,0.490028,-0.036870,0.032733,0.017012,0.999319,0,0.82919,-0.10050,49.751,-0.201,325.000,350.000,-1,400.000,-1,325.000,325.000,300.000,300.000,-1,-1,-1,-1,575.000,825.000,375.000,-1,1,1,2,0,2,1,0,0,0,2,2,2,2,1,0,1,2
22,4631.798,1806.246,-168.204,60.460,0.493258,-0.869883,-0.000606,0.869302,0.492953,-0.036210,0.031797,0.017334,0.999344,0,0.82950,-0.09634,49.770,-0.193,300.000,350.000,-1,400.000,-1,325.000,325.000,300.000,300.000,-1,-1,-1,-1,625.000,825.000,350.000,-1,1,1,2,0,2,1,0,0,0,2,2,2,2,1,0,1,2
23,4656.475,1849.468,-166.632,60.276,0.496051,-0.868293,-0.000166,0.867741,0.495742,-0.035567,0.030965,0.017499,0.999367,0,0.82952,-0.09197,49.771,-0.184,250.000,350.000,-1,400.000,-1,325.000,325.000,300.000,300.000,-1,-1,-1,-1,700.000,825.000,300.000,-1,1,1,2,0,2,1,0,0,0,2,2,2,2,1,0,1,2
24,4681.274,1892.600,-164.205,60.102,0.498801,-0.866714,0.001954,0.866088,0.498352,-0.039190,0.032993,0.021241,0.999230,0,0.82921,-0.08739,49.753,-0.175,225.000,375.000,-1,400.000,-1,350.000,325.000,300.000,300.000,-1,-1,-1,-1,925.000,850.000,300.000,-1,1,1,2,0,2,0,0,0,0,2,2,2,2,0,0,1,2
25,4706.175,1935.629,-160.147,59.936,0.501664,-0.865032,0.007196,0.864117,0.500710,-0.050911,0.040437,0.031759,0.998677,0,0.82856,-0.08261,49.714,-0.165,250.000,425.000,-1,425.000,-1,375.000,350.000,325.000,300.000,-1,-1,-1,-1,-1,900.000,350.000,-1,1,1,2,0,2,0,0,0,0,2,2,2,2,2,0,1,2
26,4731.161,1978.537,-156.645,59.781,0.504367,-0.863415,0.011340,0.862256,0.502901,-0.060040,0.046137,0.040060,0.998132,0,0.82754,-0.07761,49.652,-0.155,250.000,475.000,-1,450.000,-1,375.000,375.000,350.000,300.000,-1,-1,-1,-1,-1,950.000,-1,-1,1,1,2,0,2,0,0,1,0,2,2,2,2,2,0,2,2
27,4756.214,2021.309,-153.697,59.636,0.506849,-0.861914,0.014415,0.860577,0.504950,-0.066581,0.050108,0.046152,0.997677,0,0.82614,-0.07242,49.568,-0.145,275.000,525.000,-1,475.000,-1,400.000,375.000,300.000,275.000,-1,-1,775.000,-1,-1,975.000,-1,-1,1,0,2,0,2,0,0,1,0,2,2,0,2,2,0,2,2
28,4781.312,2063.928,-151.351,59.502,0.509080,-0.860561,0.016534,0.859116,0.506865,-0.070760,0.052513,0.050228,0.997356,0,0.82433,-0.06704,49.460,-0.134,275.000,550.000,-1,475.000,-1,400.000,400.000,275.000,275.000,-1,975.000,550.000,-1,-1,1000.000,-1,-1,1,0,2,0,2,0,0,1,0,2,0,0,2,2,0,2,2
29,4806.436,2106.378,-149.591,59.379,0.511030,-0.859381,0.017709,0.857906,0.508658,-0.072551,0.053341,0.052268,0.997207,0,0.82212,-0.06149,49.327,-0.123,325.000,550.000,-1,475.000,-1,425.000,400.000,250.000,275.000,-1,850.000,450.000,-1,-1,1000.000,-1,-1,1,0,2,0,2,0,0,1,0,2,0,0,2,2,0,2,2
30,4831.564,2148.643,-148.412,59.268,0.512684,-0.858387,0.018080,0.856977,0.510330,-0.071791,0.052398,0.052300,0.997256,0,0.81950,-0.05579,49.170,-0.112,350.000,550.000,-1,475.000,-1,425.000,400.000,225.000,275.000,-1,850.000,450.000,-1,-1,1000.000,-1,-1,1,0,2,0,2,0,0,1,0,2,0,0,2,2,0,2,2
31,4856.673,2190.707,-147.947,59.168,0.514059,-0.857559,0.018341,0.856338,0.511864,-0.068420,0.049286,0.050878,0.997488,0,0.81648,-0.04997,48.989,-0.100,425.000,550.000,-1,475.000,-1,400.000,400.000,200.000,275.000,-1,-1,550.000,-1,-1,1000.000,-1,-1,1,0,2,0,2,0,0,1,0,2,2,0,2,2,0,2,2
32,4881.743,2232.555,-148.013,59.080,0.515151,-0.856918,0.017659,0.855938,0.513271,-0.062636,0.044610,0.047382,0.997880,0,0.81306,-0.04407,48.784,-0.088,625.000,525.000,-1,450.000,-1,400.000,375.000,175.000,275.000,-1,-1,-1,-1,-1,950.000,-1,-1,1,0,2,0,2,0,0,1,0,2,2,2,2,2,0,2,2
33,4906.756,2274.173,-148.611,58.998,0.516064,-0.856399,0.016064,0.855689,0.514613,-0.054496,0.038404,0.041869,0.998385,0,0.80928,-0.04066,48.557,-0.081,-1,500.000,-1,450.000,-1,375.000,375.000,150.000,275.000,-1,-1,-1,-1,-1,925.000,-1,-1,2,0,2,0,2,0,0,1,0,2,2,2,2,2,0,2,2
34,4931.700,2315.545,-149.714,58.919,0.516901,-0.855938,0.013536,0.855498,0.515940,-0.043929,0.030617,0.034287,0.998943,0,0.80516,-0.03941,48.310,-0.079,-1,475.000,-1,425.000,-1,375.000,350.000,125.000,300.000,-1,-1,-1,-1,-1,875.000,-1,-1,2,0,2,0,2,0,0,1,0,2,2,2,2,2,0,2,2
35,4956.561,2356.656,-151.316,58.843,0.517722,-0.855489,0.010098,0.855284,0.517233,-0.030965,0.021267,0.024668,0.999469,0,0.80075,-0.03837,48.045,-0.077,-1,450.000,-1,425.000,-1,350.000,350.000,125.000,300.000,-1,-1,-1,-1,925.000,825.000,-1,-1,2,0,2,0,2,0,0,1,0,2,2,2,2,0,0,2,2
36,4981.331,2397.496,-153.407,58.768,0.518600,-0.854998,0.005774,0.854954,0.518468,-0.015639,0.010377,0.013047,0.999861,0,0.79608,-0.03756,47.765,-0.075,975.000,400.000,-1,400.000,-1,325.000,325.000,100.000,300.000,-1,-1,-1,-1,825.000,775.000,-1,-1,1,0,2,0,2,0,0,1,0,2,2,2,2,0,0,2,2
37,5005.999,2438.058,-152.089,58.694,0.519692,-0.854299,0.009683,0.854328,0.519553,-0.013747,0.006713,0.015417,0.999859,0,0.79123,-0.03697,47.474,-0.074,975.000,400.000,-1,375.000,-1,325.000,325.000,100.000,300.000,-1,-1,-1,-1,800.000,750.000,1000.000,-1,1,0,2,0,2,0,0,1,0,2,2,2,2,0,0,1,2
38,5030.562,2478.334,-148.868,58.620,0.520647,-0.853458,0.023161,0.853768,0.520537,-0.011017,-0.002653,0.025510,0.999671,0,0.78626,-0.03661,47.176,-0.073,950.000,400.000,-1,375.000,-1,325.000,300.000,125.000,300.000,-1,-1,-1,-1,775.000,700.000,950.000,-1,1,0,2,0,2,0,0,1,0,2,2,2,2,0,0,1,2
39,5055.019,2518.323,-146.138,58.547,0.521467,-0.852589,0.034118,0.853208,0.521498,-0.008678,-0.010394,0.033635,0.999380,0,0.78125,-0.03648,46.875,-0.073,900.000,400.000,-1,350.000,-1,325.000,300.000,125.000,275.000,-1,-1,-1,-1,775.000,650.000,900.000,-1,1,0,2,0,2,0,0,1,0,2,2,2,2,0,0,1,2
40,5081.042,2561.153,-143.889,58.714,0.518664,-0.853921,0.042506,0.854814,0.518898,-0.006199,-0.016763,0.039550,0.999077,0,0.83526,0.08352,50.116,0.167,850.000,400.000,-1,350.000,-1,300.000,300.000,150.000,275.000,-1,-1,-1,-1,750.000,625.000,875.000,-1,1,0,2,0,2,0,0,1,0,2,2,2,2,0,0,1,2
41,5106.612,2603.915,-142.282,59.121,0.512325,-0.857470,0.047627,0.858530,0.512749,-0.003780,-0.021180,0.042825,0.998858,0,0.83039,0.20352,49.824,0.407,800.000,400.000,-1,350.000,-1,300.000,300.000,150.000,275.000,-1,-1,-1,-1,725.000,625.000,825.000,-1,1,0,2,0,2,0,0,1,0,2,2,2,2,1,0,1,2
42,5131.567,2646.738,-141.242,59.768,0.502457,-0.863171,0.049721,0.864277,0.503013,-0.001530,-0.023690,0.043742,0.998762,0,0.82607,0.32352,49.564,0.647,775.000,400.000,-1,350.000,975.000,300.000,300.000,175.000,275.000,-1,-1,-1,-1,700.000,600.000,775.000,-1,1,0,2,0,0,0,0,1,0,2,2,2,2,1,0,1,2
43,5155.747,2689.746,-140.727,60.656,0.489007,-0.870903,0.048988,0.871937,0.489617,0.000518,-0.024437,0.042461,0.998799,0,0.82232,0.44352,49.339,0.887,725.000,400.000,-1,350.000,1000.000,300.000,300.000,175.000,275.000,-1,-1,-1,-1,650.000,600.000,725.000,-1,1,0,2,0,0,0,0,1,0,2,2,2,2,1,0,1,2
44,5178.986,2733.054,-140.901,61.783,0.471886,-0.880458,0.046015,0.881361,0.472442,0.001375,-0.022950,0.039907,0.998940,0,0.81915,0.56352,49.149,1.127,675.000,400.000,-1,350.000,-1,300.000,300.000,175.000,275.000,-1,-1,-1,-1,625.000,625.000,675.000,-1,1,0,2,0,2,0,0,1,0,2,2,2,2,1,0,1,2
45,5201.116,2776.764,-141.550,63.150,0.450939,-0.891624,0.040753,0.892332,0.451376,0.001726,-0.019934,0.035587,0.999168,0,0.81656,0.68352,48.993,1.367,650.000,400.000,-1,350.000,-1,300.000,300.000,175.000,275.000,400.000,-1,-1,-1,600.000,625.000,625.000,-1,1,0,2,0,2,0,0,1,0,1,2,2,2,1,0,1,2
46,5221.959,2820.967,-142.722,64.757,0.425978,-0.904098,0.033896,0.904593,0.426272,0.001631,-0.015924,0.029967,0.999424,0,0.81452,0.80352,48.871,1.607,600.000,400.000,950.000,350.000,-1,325.000,300.000,200.000,275.000,300.000,-1,-1,-1,550.000,650.000,600.000,-1,1,0,1,0,2,0,0,1,0,1,2,2,2,1,0,1,2
47,5241.331,2865.737,-144.269,66.604,0.396843,-0.917543,0.025126,0.917824,0.396986,0.000781,-0.010691,0.022752,0.999684,0,0.81302,0.92352,48.781,1.847,550.000,400.000,850.000,375.000,-1,325.000,300.000,200.000,300.000,275.000,-1,-1,-1,525.000,675.000,550.000,-1,1,0,1,0,2,0,0,1,0,1,2,2,2,1,1,1,2
48,5259.107,2911.099,-146.130,68.604,0.364755,-0.930986,0.014809,0.931093,0.364780,-0.001049,-0.004426,0.014171,0.999890,0,0.81202,1.00000,48.721,2.000,500.000,400.000,775.000,375.000,-1,325.000,300.000,200.000,300.000,250.000,-1,-1,-1,500.000,650.000,500.000,-1,1,1,1,0,2,0,0,1,0,1,2,2,2,1,1,1,2
49,5275.275,2957.018,-148.231,70.604,0.332111,-0.943234,0.003400,0.943237,0.332097,-0.003985,0.002630,0.004530,0.999986,0,0.81137,1.00000,48.682,2.000,475.000,375.000,700.000,400.000,-1,325.000,325.000,200.000,300.000,250.000,-1,-1,-1,450.000,625.000,450.000,-1,1,1,1,0,2,0,0,1,0,1,2,2,2,1,1,1,2
50,5289.820,3003.443,-148.584,72.604,0.298984,-0.954258,0.000589,0.954249,0.298979,-0.004418,0.004040,0.001883,0.999990,0,0.81083,1.00000,48.650,2.000,425.000,350.000,625.000,400.000,-1,325.000,325.000,200.000,300.000,250.000,-1,-1,-1,425.000,575.000,425.000,-1,1,1,1,0,2,1,0,1,0,1,2,2,2,1,1,1,2
51,5302.730,3050.322,-148.367,74.604,0.265498,-0.964111,0.000457,0.964105,0.265494,-0.003870,0.003610,0.001468,0.999992,0,0.81040,1.00000,48.624,2.000,400.000,325.000,575.000,375.000,-1,300.000,325.000,200.000,300.000,275.000,-1,-1,-1,400.000,500.000,375.000,-1,1,1,1,1,2,1,1,1,0,1,2,2,2,1,1,1,2
52,5313.991,3097.604,-148.136,76.604,0.231687,-0.972790,0.000277,0.972785,0.231685,-0.003292,0.003138,0.001032,0.999995,0,0.81008,1.00000,48.605,2.000,350.000,300.000,500.000,350.000,-1,275.000,275.000,200.000,300.000,300.000,-1,-1,-1,350.000,450.000,325.000,650.000,1,1,1,1,2,1,1,1,0,1,2,2,2,1,1,1,1
53,5323.592,3145.237,-147.895,78.604,0.197595,-0.980284,0.000046,0.980280,0.197594,-0.002688,0.002626,0.000576,0.999996,0,0.80986,1.00000,48.591,2.000,300.000,250.000,450.000,300.000,-1,250.000,250.000,200.000,300.000,300.000,-1,-1,-1,325.000,400.000,300.000,525.000,1,1,1,1,2,1,1,1,0,1,2,2,2,1,1,1,1
54,5331.524,3193.169,-147.644,80.604,0.163262,-0.986583,-0.000238,0.986580,0.163263,-0.002065,0.002076,0.000102,0.999998,0,0.80973,1.00000,48.584,2.000,275.000,225.000,400.000,250.000,-1,225.000,225.000,200.000,300.000,325.000,-1,-1,-1,300.000,325.000,250.000,425.000,1,1,1,1,2,1,1,1,0,1,2,2,2,1,1,1,1
55,5337.778,3241.346,-147.399,82.604,0.128731,-0.991679,-0.000638,0.991678,0.128732,-0.001463,0.001533,-0.000444,0.999999,0,0.80968,1.00000,48.581,2.000,225.000,200.000,350.000,225.000,475.000,200.000,200.000,225.000,300.000,350.000,-1,-1,-1,250.000,275.000,225.000,325.000,1,1,1,1,1,1,1,1,0,1,2,2,2,1,1,1,1
56,5342.897,3294.481,-143.433,84.495,0.096109,-0.995288,0.012809,0.995279,0.095918,-0.014781,0.013482,0.014169,0.999809,0,0.88968,0.94580,53.381,1.892,225.000,200.000,325.000,200.000,350.000,175.000,175.000,225.000,300.000,400.000,-1,-1,-1,250.000,250.000,200.000,275.000,1,1,1,1,1,1,1,1,0,1,2,2,2,1,1,1,1
57,5346.679,3350.647,-132.663,86.147,0.067774,-0.997644,0.010676,0.996598,0.067193,-0.047716,0.046886,0.013873,0.998804,0,0.93819,0.82580,56.291,1.652,225.000,200.000,350.000,200.000,425.000,175.000,175.000,225.000,325.000,400.000,275.000,250.000,-1,250.000,250.000,225.000,275.000,1,1,1,1,1,1,1,1,0,1,0,0,2,1,1,1,1
58,5575.427,-4263.559,-234.540,20.760,0.933929,-0.354448,0.046284,0.354223,0.935067,0.013255,-0.047977,0.004016,0.998840,1,0.00000,0.00000,56.496,1.412,-1,400.000,-1,400.000,-1,325.000,325.000,300.000,300.000,-1,-1,-1,-1,725.000,725.000,-1,-1,2,0,2,0,2,0,0,0,0,2,2,2,2,0,0,2,2
59,5579.922,-4261.876,-234.773,20.520,0.935408,-0.350529,0.046283,0.350300,0.936544,0.013236,-0.047986,0.003832,0.998841,0,0.08000,-0.12000,4.800,-0.240,-1,400.000,-1,400.000,-1,325.000,325.000,300.000,300.000,-1,-1,-1,-1,725.000,725.000,-1,-1,2,0,2,0,2,0,0,0,0,2,2,2,2,0,0,2,2
60,5588.941,-4258.586,-235.239,20.040,0.938315,-0.342671,0.046283,0.342434,0.939449,0.013196,-0.048002,0.003467,0.998841,0,0.16000,-0.24000,9.600,-0.480,-1,400.000,-1,400.000,-1,325.000,325.000,300.000,300.000,-1,-1,-1,-1,725.000,725.000,-1,-1,2,0,2,0,2,0,0,0,0,2,2,2,2,0,0,2,2
61,5602.530,-4253.822,-235.938,19.320,0.942551,-0.330839,0.046286,0.330592,0.943683,0.013133,-0.048025,0.002924,0.998842,0,0.24000,-0.36000,14.400,-0.720,-1,400.000,-1,400.000,-1,325.000,325.000,300.000,300.000,-1,-1,-1,-1,725.000,725.000,-1,-1,2,0,2,0,2,0,0,0,0,2,2,2,2,0,0,2,2
62,5620.753,-4247.775,-236.868,18.360,0.947968,-0.314983,0.046297,0.314720,0.949095,0.013043,-0.048049,0.002206,0.998843,0,0.32000,-0.48000,19.200,-0.960,-1,400.000,-1,400.000,-1,325.000,325.000,300.000,300.000,-1,-1,-1,-1,725.000,725.000,-1,-1,2,0,2,0,2,0,0,0,0,2,2,2,2,0,0,2,2
63,5643.684,-4240.694,-238.030,17.160,0.954362,-0.295038,0.046321,0.294758,0.955485,0.012923,-0.048071,0.001320,0.998843,0,0.40000,-0.60000,24.000,-1.200,-1,400.000,-1,400.000,-1,325.000,325.000,300.000,300.000,-1,-1,-1,-1,725.000,725.000,-1,-1,2,0,2,0,2,0,0,0,0,2,2,2,2,0,0,2,2
64,5671.407,-4232.891,-239.421,15.720,0.961481,-0.270933,0.046362,0.270633,0.962598,0.012765,-0.048087,0.000274,0.998843,0,0.48000,-0.72000,28.800,-1.440,-1,400.000,-1,400.000,-1,325.000,325.000,300.000,300.000,-1,-1,-1,-1,725.000,725.000,-1,-1,2,0,2,0,2,0,0,0,0,2,2,2,2,0,0,2,2
65,5704.003,-4224.739,-241.040,14.040,0.969016,-0.242596,0.046429,0.242272,0.970127,0.012562,-0.048090,-0.000925,0.998843,0,0.56000,-0.84000,33.600,-1.680,-1,375.000,-1,400.000,-1,325.000,325.000,300.000,300.000,-1,-1,-1,-1,725.000,725.000,-1,-1,2,0,2,0,2,0,0,0,0,2,2,2,2,0,0,2,2
66,5740.590,-4216.757,-242.836,12.308,0.975908,-0.213163,0.046521,0.212818,0.977014,0.012317,-0.048078,-0.002120,0.998841,0,0.62412,-0.86600,37.447,-1.732,-1,375.000,-1,375.000,-1,325.000,325.000,300.000,300.000,-1,-1,-1,-1,725.000,725.000,-1,-1,2,0,2,0,2,0,0,0,0,2,2,2,2,0,0,2,2
67,5777.401,-4209.884,-244.624,10.576,0.981906,-0.183535,0.046633,0.183169,0.983008,0.012048,-0.048052,-0.003289,0.998839,0,0.62412,-0.86600,37.447,-1.732,-1,375.000,-1,375.000,-1,325.000,325.000,300.000,300.000,-1,-1,-1,-1,725.000,725.000,-1,-1,2,0,2,0,2,0,0,0,0,2,2,2,2,0,0,2,2
68,5814.403,-4204.127,-246.405,8.844,0.987004,-0.153740,0.046762,0.153354,0.988101,0.011756,-0.048013,-0.004433,0.998837,0,0.62412,-0.86600,37.447,-1.732,-1,375.000,-1,375.000,-1,325.000,325.000,300.000,300.000,-1,-1,-1,-1,700.000,725.000,-1,-1,2,0,2,0,2,0,0,0,0,2,2,2,2,0,0,2,2
69,5851.562,-4199.490,-248.177,7.112,0.991197,-0.123804,0.046907,0.123399,0.992291,0.011441,-0.047962,-0.005552,0.998834,0,0.62412,-0.86600,37.447,-1.732,-1,375.000,-1,375.000,-1,325.000,325.000,300.000,300.000,-1,-1,-1,-1,700.000,725.000,-1,-1,2,0,2,0,2,0,0,0,0,2,2,2,2,0,0,2,2
70,5888.845,-4195.979,-249.943,5.380,0.994486,-0.093755,0.046986,0.093334,0.995573,0.011079,-0.047816,-0.006632,0.998834,0,0.62412,-0.86600,37.447,-1.732,-1,375.000,-1,375.000,-1,300.000,300.000,300.000,300.000,-1,-1,-1,-1,700.000,725.000,-1,-1,2,0,2,0,2,0,0,0,0,2,2,2,2,0,0,2,2
71,5926.216,-4193.597,-251.634,3.648,0.996879,-0.063621,0.046747,0.063175,0.997942,0.010955,-0.047347,-0.007967,0.998847,0,0.62412,-0.86600,37.447,-1.732,-1,375.000,-1,375.000,-1,300.000,300.000,300.000,300.000,-1,-1,-1,-1,700.000,725.000,-1,-1,2,0,2,0,2,0,0,0,0,2,2,2,2,0,0,2,2
72,5963.642,-4192.345,-253.218,1.916,0.998377,-0.033429,0.046112,0.032982,0.999402,0.010418,-0.046433,-0.008880,0.998882,0,0.62412,-0.86600,37.447,-1.732,-1,375.000,-1,375.000,-1,300.000,325.000,300.000,300.000,-1,-1,-1,-1,700.000,750.000,-1,-1,2,0,2,0,2,0,0,0,0,2,2,2,2,0,0,2,2
73,6001.089,-4192.224,-254.793,0.184,0.998960,-0.003208,0.045483,0.002760,0.999947,0.009907,-0.045513,-0.009771,0.998916,0,0.62412,-0.86600,37.447,-1.732,-1,375.000,-1,375.000,-1,300.000,325.000,300.000,300.000,-1,-1,-1,-1,700.000,750.000,-1,-1,2,0,2,0,2,0,0,0,0,2,2,2,2,0,0,2,2
74,6038.523,-4193.236,-256.359,-1.548,0.998628,0.027017,0.044861,-0.027466,0.999578,0.009422,-0.044588,-0.010641,0.998949,0,0.62412,-0.86600,37.447,-1.732,-1,375.000,-1,375.000,-1,300.000,325.000,300.000,300.000,-1,-1,-1,-1,700.000,750.000,-1,-1,2,0,2,0,2,0,0,0,0,2,2,2,2,0,0,2,2
75,6075.909,-4195.379,-257.914,-3.280,0.997381,0.057216,0.044247,-0.057666,0.998296,0.008963,-0.043659,-0.011491,0.998980,0,0.62412,-0.86600,37.447,-1.732,-1,375.000,-1,400.000,-1,325.000,325.000,300.000,300.000,-1,-1,-1,-1,725.000,750.000,-1,-1,2,0,2,0,2,0,0,0,0,2,2,2,2,0,0,2,2
76,6113.213,-4198.650,-259.460,-5.012,0.995220,0.087362,0.043641,-0.087813,0.996100,0.008530,-0.042726,-0.012322,0.999011,0,0.62412,-0.86600,37.447,-1.732,-1,375.000,-1,400.000,-1,325.000,325.000,300.000,300.000,-1,-1,-1,-1,725.000,750.000,-1,-1,2,0,2,0,2,0,0,0,0,2,2,2,2,0,0,2,2
77,6150.401,-4203.048,-260.995,-6.744,0.992148,0.117427,0.043045,-0.117880,0.992995,0.008123,-0.041790,-0.013133,0.999040,0,0.62412,-0.86600,37.447,-1.732,-1,375.000,-1,400.000,-1,325.000,325.000,300.000,300.000,-1,-1,-1,-1,725.000,775.000,-1,-1,2,0,2,0,2,0,0,0,0,2,2,2,2,0,0,2,2
78,6187.439,-4208.567,-262.519,-8.476,0.988167,0.147385,0.042459,-0.147839,0.988981,0.007741,-0.040850,-0.013927,0.999068,0,0.62412,-0.86600,37.447,-1.732,-1,375.000,-1,400.000,-1,325.000,325.000,300.000,300.000,-1,-1,-1,-1,725.000,775.000,-1,-1,2,0,2,0,2,0,0,0,0,2,2,2,2,0,0,2,2
79,6224.294,-4215.204,-264.033,-10.208,0.983282,0.177207,0.041884,-0.177663,0.984064,0.007385,-0.039908,-0.014703,0.999095,0,0.62412,-0.86600,37.447,-1.732,-1,375.000,-1,400.000,-1,325.000,325.000,300.000,300.000,-1,-1,-1,-1,725.000,775.000,-1,-1,2,0,2,0,2,0,0,0,0,2,2,2,2,0,0,2,2
80,6260.931,-4222.951,-265.535,-11.940,0.977496,0.206867,0.041321,-0.207324,0.978247,0.007054,-0.038963,-0.015462,0.999121,0,0.62412,-0.86600,37.447,-1.732,-1,375.000,-1,400.000,-1,325.000,325.000,300.000,300.000,-1,-1,-1,-1,725.000,775.000,-1,-1,2,0,2,0,2,0,0,0,0,2,2,2,2,0,0,2,2
81,6297.317,-4231.802,-267.025,-13.672,0.970816,0.236336,0.040770,-0.236795,0.971536,0.006748,-0.038014,-0.016205,0.999146,0,0.62412,-0.86600,37.447,-1.732,-1,375.000,-1,400.000,-1,325.000,325.000,300.000,300.000,-1,-1,-1,-1,725.000,775.000,-1,-1,2,0,2,0,2,0,0,0,0,2,2,2,2,0,0,2,2
82,6333.419,-4241.749,-268.504,-15.404,0.963246,0.265590,0.040231,-0.266050,0.963937,0.006467,-0.037063,-0.016933,0.999169,0,0.62412,-0.86600,37.447,-1.732,-1,375.000,-1,400.000,-1,325.000,325.000,300.000,300.000,-1,-1,-1,-1,725.000,775.000,-1,-1,2,0,2,0,2,0,0,0,0,2,2,2,2,0,0,2,2
83,6369.204,-4252.783,-269.970,-17.136,0.954796,0.294599,0.039706,-0.295062,0.955458,0.006211,-0.036108,-0.017646,0.999192,0,0.62412,-0.86600,37.447,-1.732,-1,375.000,-1,400.000,-1,325.000,325.000,300.000,300.000,-1,-1,-1,-1,750.000,800.000,-1,-1,2,0,2,0,2,0,0,0,0,2,2,2,2,0,0,2,2
84,6404.639,-4264.893,-271.424,-18.868,0.945471,0.323339,0.039194,-0.323804,0.946105,0.005979,-0.035149,-0.018345,0.999214,0,0.62412,-0.86600,37.447,-1.732,-1,375.000,-1,400.000,-1,325.000,325.000,300.000,300.000,-1,-1,-1,-1,750.000,800.000,-1,-1,2,0,2,0,2,0,0,0,0,2,2,2,2,0,0,2,2
85,6439.692,-4278.069,-272.855,-20.600,0.935281,0.351782,0.038713,-0.352248,0.935889,0.005723,-0.034218,-0.018989,0.999234,0,0.62412,-0.86600,37.447,-1.732,-1,400.000,-1,400.000,-1,325.000,325.000,300.000,300.000,-1,-1,-1,-1,750.000,800.000,-1,-1,2,0,2,0,2,0,0,0,0,2,2,2,2,0,0,2,2
86,6474.331,-4292.298,-274.161,-22.332,0.924227,0.379907,0.038405,-0.380359,0.924826,0.004934,-0.033644,-0.019168,0.999250,0,0.62412,-0.86600,37.447,-1.732,-1,400.000,-1,400.000,-1,325.000,325.000,300.000,300.000,-1,-1,-1,-1,750.000,800.000,-1,-1,2,0,2,0,2,0,0,0,0,2,2,2,2,0,0,2,2
87,6508.524,-4307.567,-275.452,-24.064,0.912329,0.407685,0.038067,-0.408122,0.912918,0.004158,-0.033057,-0.019329,0.999267,0,0.62412,-0.86600,37.447,-1.732,-1,400.000,-1,400.000,-1,325.000,325.000,300.000,300.000,-1,-1,-1,-1,750.000,800.000,-1,-1,2,0,2,0,2,0,0,0,0,2,2,2,2,0,0,2,2
88,6542.239,-4323.863,-276.730,-25.796,0.899597,0.435090,0.037713,-0.435513,0.900176,0.003405,-0.032466,-0.019487,0.999283,0,0.62412,-0.86600,37.447,-1.732,-1,400.000,-1,400.000,-1,325.000,325.000,300.000,300.000,-1,-1,-1,-1,775.000,825.000,-1,-1,2,0,2,0,2,0,0,0,0,2,2,2,2,0,0,2,2
89,6579.785,-4343.233,-278.167,-27.288,0.887973,0.458381,0.037296,-0.458785,0.888544,0.002586,-0.031954,-0.019408,0.999301,0,0.70412,-0.74600,42.247,-1.492,-1,400.000,-1,400.000,-1,325.000,325.000,300.000,300.000,-1,-1,-1,-1,775.000,825.000,-1,-1,2,0,2,0,2,0,0,0,0,2,2,2,2,0,0,2,2
90,6621.115,-4365.711,-279.800,-28.540,0.877751,0.477688,0.036989,-0.478072,0.878319,0.001771,-0.031642,-0.019238,0.999314,0,0.78412,-0.62600,47.047,-1.252,-1,400.000,-1,400.000,-1,325.000,325.000,300.000,300.000,-1,-1,-1,-1,775.000,825.000,-1,-1,2,0,2,0,2,0,0,0,0,2,2,2,2,0,0,2,2
91,6666.218,-4391.283,-281.513,-29.552,0.869162,0.493125,0.037204,-0.493503,0.869744,0.001107,-0.031812,-0.019323,0.999307,0,0.86412,-0.50600,51.847,-1.012,-1,400.000,-1,400.000,-1,325.000,325.000,300.000,300.000,-1,-1,-1,-1,775.000,825.000,-1,-1,2,0,2,0,2,0,0,0,0,2,2,2,2,0,0,2,2
92,6712.303,-4418.239,-283.256,-30.324,0.862421,0.504799,0.037530,-0.505170,0.863020,0.000453,-0.032161,-0.019350,0.999295,0,0.88982,-0.38600,53.389,-0.772,-1,400.000,-1,400.000,-1,325.000,325.000,300.000,300.000,-1,-1,-1,-1,775.000,825.000,-1,-1,2,0,2,0,2,0,0,0,0,2,2,2,2,0,0,2,2
93,6758.270,-4445.702,-285.014,-30.856,0.857679,0.512792,0.037846,-0.513152,0.858297,-0.000207,-0.032590,-0.019243,0.999284,0,0.89245,-0.26600,53.547,-0.532,-1,400.000,-1,400.000,-1,325.000,325.000,300.000,300.000,-1,-1,-1,-1,775.000,825.000,-1,-1,2,0,2,0,2,0,0,0,0,2,2,2,2,0,0,2,2
94,6804.226,-4473.478,-286.791,-31.148,0.855037,0.517162,0.038152,-0.517510,0.855677,-0.000872,-0.033097,-0.018998,0.999272,0,0.89495,-0.14600,53.697,-0.292,-1,400.000,-1,400.000,-1,325.000,325.000,300.000,300.000,-1,-1,-1,-1,775.000,825.000,-1,-1,2,0,2,0,2,0,0,0,0,2,2,2,2,0,0,2,2
95,6850.280,-4501.369,-288.594,-31.200,0.854551,0.517942,0.038450,-0.518273,0.855214,-0.001549,-0.033685,-0.018604,0.999259,0,0.89736,-0.02600,53.842,-0.052,-1,400.000,-1,400.000,-1,325.000,325.000,300.000,300.000,-1,-1,-1,-1,775.000,825.000,-1,-1,2,0,2,0,2,0,0,0,0,2,2,2,2,0,0,2,2
96,6896.545,-4529.182,-290.427,-31.012,0.856231,0.515138,0.038739,-0.515450,0.856917,-0.002237,-0.034349,-0.018053,0.999247,0,0.89969,0.09400,53.981,0.188,-1,400.000,-1,400.000,-1,325.000,325.000,300.000,300.000,-1,-1,-1,-1,775.000,825.000,-1,-1,2,0,2,0,2,0,0,0,0,2,2,2,2,0,0,2,2
97,6943.134,-4556.718,-292.335,-30.584,0.860040,0.508730,0.039049,-0.509011,0.860754,-0.003125,-0.035201,-0.017189,0.999232,0,0.90197,0.21400,54.118,0.428,-1,400.000,-1,400.000,-1,325.000,325.000,300.000,300.000,-1,-1,-1,-1,775.000,825.000,-1,-1,2,0,2,0,2,0,0,0,0,2,2,2,2,0,0,2,2
98,6990.159,-4583.776,-294.312,-29.916,0.865897,0.498670,0.039380,-0.498911,0.866643,-0.004170,-0.036207,-0.016036,0.999216,0,0.90422,0.33400,54.253,0.668,1000.000,400.000,-1,400.000,-1,325.000,325.000,300.000,300.000,-1,-1,-1,-1,775.000,800.000,-1,-1,1,0,2,0,2,0,0,0,0,2,2,2,2,0,0,2,2
99,7037.725,-4610.152,-296.321,-29.008,0.873677,0.484884,0.039710,-0.485080,0.874454,-0.005178,-0.037235,-0.014739,0.999198,0,0.90649,0.45400,54.389,0.908,950.000,400.000,-1,400.000,-1,325.000,325.000,300.000,300.000,-1,-1,-1,-1,775.000,800.000,1000.000,-1,1,0,2,0,2,0,0,0,0,2,2,2,2,0,0,1,2
100,7086.190,-4635.770,-298.376,-27.860,0.883204,0.467276,0.040043,-0.467425,0.884011,-0.006150,-0.038272,-0.013286,0.999179,0,0.91367,0.57400,54.820,1.148,900.000,400.000,-1,400.000,-1,325.000,325.000,300.000,300.000,-1,-1,-1,-1,775.000,800.000,950.000,-1,1,0,2,0,2,0,0,0,0,2,2,2,2,0,0,1,2
101,7135.458,-4660.305,-300.496,-26.472,0.894255,0.445734,0.040365,-0.445836,0.895088,-0.006947,-0.039227,-0.011784,0.999161,0,0.91731,0.69400,55.039,1.388,875.000,400.000,-1,400.000,-1,325.000,325.000,300.000,300.000,-1,-1,-1,-1,775.000,800.000,875.000,-1,1,0,2,0,2,0,0,0,0,2,2,2,2,1,0,1,2
102,7185.607,-4683.524,-302.719,-24.844,0.906545,0.420132,0.040809,-0.420193,0.907404,-0.007472,-0.040169,-0.010374,0.999139,0,0.92105,0.81400,55.263,1.628,825.000,400.000,-1,400.000,-1,325.000,325.000,300.000,300.000,-1,-1,-1,-1,725.000,800.000,825.000,-1,1,0,2,0,2,0,0,0,0,2,2,2,2,1,0,1,2
103,7236.699,-4705.187,-304.979,-22.976,0.919749,0.390336,0.041227,-0.390354,0.920631,-0.007942,-0.041055,-0.008789,0.999118,0,0.92491,0.93400,55.494,1.868,775.000,400.000,-1,400.000,-1,325.000,325.000,300.000,300.000,-1,-1,-1,-1,700.000,775.000,775.000,-1,1,0,2,0,2,0,0,0,0,2,2,2,2,1,0,1,2
104,7288.738,-4725.139,-307.276,-20.976,0.932804,0.357973,0.041621,-0.357946,0.933705,-0.008359,-0.041854,-0.007101,0.999099,0,0.92888,1.00000,55.733,2.000,725.000,400.000,-1,400.000,-1,325.000,325.000,300.000,300.000,-1,-1,-1,-1,650.000,775.000,725.000,-1,1,0,2,0,2,0,0,0,0,2,2,2,2,1,0,1,2
105,7341.673,-4743.341,-309.609,-18.976,0.944721,0.325173,0.042012,-0.325100,0.945639,-0.008754,-0.042575,-0.005388,0.999079,0,0.93296,1.00000,55.977,2.000,675.000,400.000,975.000,400.000,-1,325.000,325.000,300.000,300.000,-1,-1,-1,-1,625.000,775.000,675.000,-1,1,0,1,0,2,0,0,0,0,2,2,2,2,1,1,1,2
106,7395.449,-4759.758,-311.981,-16.976,0.955486,0.291975,0.042383,-0.291854,0.956419,-0.009146,-0.043207,-0.003631,0.999060,0,0.93710,1.00000,56.226,2.000,650.000,400.000,900.000,400.000,-1,325.000,325.000,300.000,300.000,-1,-1,-1,-1,575.000,700.000,625.000,950.000,1,0,1,0,2,0,0,0,0,2,2,2,2,1,1,1,1
107,7450.008,-4774.353,-314.405,-14.976,0.965092,0.258420,0.042614,-0.258248,0.966031,-0.009570,-0.043640,-0.001769,0.999046,0,0.94129,1.00000,56.478,2.000,600.000,400.000,825.000,400.000,-1,325.000,325.000,300.000,300.000,-1,-1,-1,-1,550.000,650.000,575.000,850.000,1,0,1,0,2,0,0,0,0,2,2,2,2,1,1,1,1
108,7505.291,-4787.092,-316.898,-12.976,0.973530,0.224548,0.042637,-0.224321,0.974463,-0.010106,-0.043817,0.000275,0.999040,0,0.94553,1.00000,56.732,2.000,550.000,400.000,775.000,400.000,975.000,325.000,325.000,300.000,300.000,-1,-1,-1,-1,500.000,600.000,525.000,750.000,1,1,1,0,1,0,0,0,0,2,2,2,2,1,1,1,1
109,7561.237,-4797.943,-319.398,-10.976,0.980778,0.190403,0.042681,-0.190121,0.981703,-0.010600,-0.043919,0.002282,0.999033,0,0.94981,1.00000,56.988,2.000,500.000,375.000,700.000,400.000,800.000,325.000,325.000,300.000,300.000,-1,-1,-1,-1,475.000,550.000,475.000,675.000,1,1,1,0,1,0,0,0,0,2,2,2,2,1,1,1,1
110,7617.782,-4806.875,-321.900,-8.976,0.986828,0.156025,0.042745,-0.155691,0.987744,-0.011058,-0.043947,0.004258,0.999025,0,0.95410,1.00000,57.246,2.000,450.000,325.000,625.000,375.000,700.000,300.000,325.000,300.000,300.000,-1,-1,-1,-1,425.000,475.000,425.000,575.000,1,1,1,1,1,1,1,0,0,2,2,2,2,1,1,1,1
111,7674.859,-4813.860,-324.403,-6.976,0.991672,0.121457,0.042828,-0.121072,0.992577,-0.011486,-0.043906,0.006205,0.999016,0,0.95838,1.00000,57.503,2.000,425.000,300.000,575.000,325.000,575.000,275.000,300.000,300.000,300.000,-1,-1,-1,-1,400.000,425.000,375.000,500.000,1,1,1,1,1,1,1,0,0,2,2,2,2,1,1,1,1
112,7732.400,-4818.870,-326.903,-4.976,0.995305,0.086741,0.042930,-0.086306,0.996198,-0.011890,-0.043798,0.008129,0.999007,0,0.96265,1.00000,57.759,2.000,375.000,275.000,500.000,300.000,475.000,250.000,250.000,300.000,300.000,-1,-1,-1,-1,350.000,375.000,350.000,425.000,1,1,1,1,1,1,1,0,0,2,2,2,2,1,1,1,1
113,7790.333,-4821.882,-329.396,-2.977,0.997722,0.051928,0.043051,-0.051444,0.998600,-0.012277,-0.043629,0.010034,0.998997,0,0.96686,0.99980,58.011,2.000,325.000,250.000,450.000,250.000,400.000,225.000,225.000,300.000,300.000,-1,-1,-1,-1,325.000,325.000,300.000,350.000,1,1,1,1,1,1,1,0,0,2,2,2,2,1,1,1,1
114,7848.583,-4822.882,-331.880,-0.983,0.998919,0.017158,0.043195,-0.016626,0.999782,-0.012651,-0.043403,0.011920,0.998987,0,0.97098,0.99675,58.259,1.994,275.000,225.000,375.000,225.000,300.000,200.000,200.000,300.000,300.000,-1,-1,-1,-1,275.000,275.000,250.000,275.000,1,1,1,1,1,1,1,0,0,2,2,2,2,1,1,1,1
115,7907.071,-4821.857,-328.372,1.003,0.999547,-0.017507,0.024490,0.017772,0.999785,-0.010657,-0.024298,0.011088,0.999643,0,0.97497,0.99321,58.498,1.986,250.000,200.000,375.000,200.000,275.000,175.000,175.000,325.000,325.000,-1,575.000,525.000,-1,275.000,275.000,225.000,250.000,1,1,1,1,1,1,1,0,0,2,0,0,2,1,1,1,1
116,7965.718,-4818.802,-320.173,2.981,0.998606,-0.052010,-0.009046,0.051939,0.998619,-0.007945,0.009447,0.007465,0.999928,0,0.97878,0.98910,58.727,1.978,275.000,225.000,425.000,225.000,275.000,200.000,200.000,350.000,375.000,-1,200.000,200.000,-1,300.000,300.000,250.000,250.000,1,1,1,1,1,1,1,0,0,2,0,0,2,1,1,1,1
117,-4263.593,4919.519,-50.877,52.507,0.610320,-0.791065,0.041545,0.791506,0.606858,-0.072395,0.032057,0.077067,0.996510,1,0.00000,0.00000,58.941,1.969,-1,400.000,-1,400.000,-1,325.000,325.000,325.000,300.000,-1,650.000,550.000,1000.000,750.000,725.000,-1,-1,2,0,2,0,2,0,0,0,0,2,1,1,1,0,0,2,2
118,-4260.655,4923.315,-50.703,52.267,0.613621,-0.788504,0.041604,0.788963,0.610157,-0.072430,0.031727,0.077268,0.996505,0,0.08000,-0.12000,4.800,-0.240,-1,400.000,-1,400.000,-1,325.000,325.000,325.000,300.000,-1,650.000,550.000,1000.000,750.000,725.000,-1,-1,2,0,2,0,2,0,0,0,0,2,1,1,1,0,0,2,2
119,-4254.717,4930.859,-50.362,51.787,0.620192,-0.783340,0.041721,0.783834,0.616722,-0.072514,0.031073,0.077675,0.996494,0,0.16000,-0.24000,9.600,-0.480,-1,400.000,-1,400.000,-1,325.000,325.000,325.000,300.000,-1,650.000,575.000,-1,750.000,725.000,-1,-1,2,0,2,0,2,0,0,0,0,2,1,1,2,0,0,2,2
120,-4245.668,4942.061,-49.892,51.067,0.629960,-0.775498,0.041862,0.776047,0.626493,-0.072508,0.030003,0.078164,0.996489,0,0.24000,-0.36000,14.400,-0.720,-1,400.000,-1,400.000,-1,325.000,325.000,325.000,300.000,-1,700.000,600.000,-1,750.000,725.000,-1,-1,2,0,2,0,2,0,0,0,0,2,1,1,2,0,0,2,2
121,-4233.413,4956.842,-49.289,50.339,0.639727,-0.767452,0.042024,0.768059,0.636264,-0.072483,0.028889,0.078646,0.996484,0,0.32000,-0.36374,19.200,-0.727,-1,400.000,-1,400.000,-1,325.000,325.000,325.000,300.000,-1,725.000,625.000,-1,750.000,725.000,-1,-1,2,0,2,0,2,0,0,0,0,2,1,1,2,0,0,2,2
122,-4217.863,4975.124,-48.558,49.616,0.649339,-0.759327,0.042206,0.759992,0.645879,-0.072476,0.027773,0.079138,0.996477,0,0.40000,-0.36175,24.000,-0.724,-1,400.000,-1,400.000,-1,325.000,325.000,325.000,300.000,-1,750.000,650.000,-1,750.000,725.000,-1,-1,2,0,2,0,2,0,0,0,0,2,1,1,2,0,0,2,2
123,-4198.930,4996.826,-47.749,48.897,0.658790,-0.751144,0.042179,0.751849,0.655338,-0.072494,0.026812,0.079470,0.996477,0,0.48000,-0.35946,28.800,-0.719,-1,400.000,-1,375.000,-1,325.000,325.000,325.000,300.000,-1,800.000,700.000,-1,750.000,725.000,-1,-1,2,0,2,0,2,0,0,0,0,2,1,1,2,0,0,2,2
124,-4176.525,5021.867,-46.874,48.180,0.668110,-0.742882,0.041911,0.743607,0.664670,-0.072541,0.026032,0.079631,0.996484,0,0.56000,-0.35820,33.600,-0.716,-1,375.000,-1,375.000,-1,325.000,325.000,325.000,300.000,-1,850.000,725.000,-1,750.000,725.000,-1,-1,2,0,2,0,2,0,0,0,0,2,1,1,2,0,0,2,2
125,-4150.565,5050.163,-45.894,47.466,0.677305,-0.734523,0.041635,0.735267,0.673874,-0.072643,0.025301,0.079814,0.996489,0,0.64000,-0.35731,38.400,-0.715,-1,375.000,-1,375.000,-1,325.000,325.000,325.000,300.000,-1,900.000,775.000,-1,750.000,725.000,-1,-1,2,0,2,0,2,0,0,0,0,2,1,1,2,0,0,2,2
126,-4120.967,5081.630,-44.812,46.753,0.686377,-0.726069,0.041354,0.726829,0.682947,-0.072819,0.024629,0.080039,0.996487,0,0.72000,-0.35642,43.200,-0.713,-1,375.000,-1,375.000,-1,325.000,325.000,325.000,300.000,-1,950.000,825.000,-1,750.000,725.000,-1,-1,2,0,2,0,2,0,0,0,0,2,1,1,2,0,0,2,2
127,-4087.648,5116.184,-43.630,46.042,0.695325,-0.717520,0.041075,0.718293,0.691890,-0.073094,0.024026,0.080328,0.996479,0,0.80000,-0.35557,48.000,-0.711,-1,375.000,-1,375.000,-1,325.000,325.000,325.000,300.000,-1,-1,900.000,-1,725.000,725.000,-1,-1,2,0,2,0,2,0,0,0,0,2,2,1,2,0,0,2,2
128,-4050.530,5153.735,-42.350,45.332,0.704153,-0.708875,0.040802,0.709659,0.700702,-0.073492,0.023507,0.080705,0.996461,0,0.88000,-0.35480,52.800,-0.710,-1,375.000,-1,375.000,-1,325.000,325.000,325.000,300.000,-1,-1,950.000,-1,725.000,725.000,-1,-1,2,0,2,0,2,0,0,1,0,2,2,1,2,0,0,2,2
129,-4009.667,5194.065,-41.031,44.624,0.712853,-0.700143,0.040493,0.700939,0.709398,-0.073754,0.022912,0.080959,0.996454,0,0.95687,-0.35419,57.412,-0.708,-1,375.000,-1,375.000,-1,325.000,325.000,300.000,300.000,-1,-1,-1,1000.000,725.000,725.000,-1,-1,2,0,2,0,2,0,0,1,0,2,2,2,1,0,0,2,2
130,-3968.445,5233.756,-39.644,43.916,0.721445,-0.691327,0.039806,0.692101,0.717987,-0.074098,0.022645,0.081007,0.996456,0,0.95373,-0.35378,57.224,-0.708,-1,375.000,-1,375.000,-1,325.000,325.000,300.000,300.000,-1,-1,-1,1000.000,725.000,725.000,-1,-1,2,0,2,0,2,0,0,1,1,2,2,2,1,0,0,2,2
131,-3926.876,5272.805,-38.289,43.209,0.729928,-0.682399,0.039214,0.683157,0.726453,-0.074580,0.022406,0.081227,0.996444,0,0.95055,-0.35365,57.033,-0.707,-1,375.000,-1,375.000,-1,325.000,325.000,300.000,325.000,-1,-1,-1,1000.000,725.000,725.000,-1,-1,2,0,2,0,2,0,0,1,1,2,2,2,1,0,0,2,2
132,-3884.969,5311.208,-36.966,42.501,0.738306,-0.673354,0.038709,0.674100,0.734802,-0.075203,0.022195,0.081617,0.996417,0,0.94737,-0.35380,56.842,-0.708,-1,375.000,-1,375.000,-1,325.000,325.000,325.000,300.000,-1,-1,-1,1000.000,725.000,725.000,-1,-1,2,0,2,0,2,0,0,0,0,2,2,2,1,0,0,2,2
133,-3842.729,5348.966,-35.648,41.793,0.746580,-0.664195,0.038250,0.664934,0.743046,-0.075801,0.021926,0.082025,0.996389,0,0.94425,-0.35421,56.655,-0.708,-1,375.000,-1,375.000,-1,325.000,325.000,325.000,300.000,-1,-1,-1,-1,725.000,725.000,-1,-1,2,0,2,0,2,0,0,0,0,2,2,2,2,0,0,2,2
134,-3800.160,5386.080,-34.433,41.083,0.754761,-0.654934,0.037379,0.655634,0.751210,-0.076339,0.021917,0.082124,0.996381,0,0.94125,-0.35488,56.475,-0.710,-1,375.000,-1,375.000,-1,325.000,325.000,325.000,300.000,-1,-1,-1,-1,725.000,725.000,-1,-1,2,0,2,0,2,0,0,0,0,2,2,2,2,0,0,2,2
135,-3757.263,5422.551,-33.232,40.372,0.762847,-0.645544,0.036579,0.646209,0.759275,-0.076908,0.021875,0.082307,0.996367,0,0.93842,-0.35582,56.305,-0.712,-1,375.000,-1,375.000,-1,325.000,325.000,325.000,300.000,-1,-1,-1,-1,750.000,725.000,-1,-1,2,0,2,0,2,0,0,0,0,2,2,2,2,0,0,2,2
