timestep,x_cm,y_cm,z_cm,yaw_deg,basis_xx,basis_xy,basis_xz,basis_yx,basis_yy,basis_yz,basis_zx,basis_zy,basis_zz,teleport_flag,throttle_cmd,steering_cmd,cmd_move_cm,cmd_turn_deg,lidar_cm_0,lidar_cm_1,lidar_cm_2,lidar_cm_3,lidar_cm_4,lidar_cm_5,lidar_cm_6,lidar_cm_7,lidar_cm_8,lidar_cm_9,lidar_cm_10,lidar_cm_11,lidar_cm_12,lidar_cm_13,lidar_cm_14,lidar_cm_15,lidar_cm_16,lidar_class_0,lidar_class_1,lidar_class_2,lidar_class_3,lidar_class_4,lidar_class_5,lidar_class_6,lidar_class_7,lidar_class_8,lidar_class_9,lidar_class_10,lidar_class_11,lidar_class_12,lidar_class_13,lidar_class_14,lidar_class_15,lidar_class_16
0,-5572.642,8203.068,144.887,54.600,0.577510,-0.814858,0.049885,0.814839,0.579098,0.026151,-0.050198,0.025546,0.998413,1,0.08000,0.12000,4.800,0.240,350.000,350.000,-1,375.000,-1,300.000,300.000,300.000,325.000,975.000,275.000,250.000,-1,450.000,625.000,375.000,950.000,1,0,2,0,2,0,0,0,0,1,0,0,2,1,0,1,0
1,-5567.147,8210.940,144.406,55.080,0.570705,-0.819673,0.049320,0.819688,0.572245,0.025424,-0.049062,0.025917,0.998459,0,0.16000,0.24000,9.600,0.480,350.000,350.000,-1,375.000,-1,300.000,300.000,300.000,325.000,975.000,275.000,250.000,-1,450.000,625.000,375.000,925.000,1,0,2,0,2,0,0,0,0,1,0,0,2,1,0,1,0
2,-5559.053,8222.850,143.695,55.800,0.560421,-0.826787,0.048479,0.826853,0.561892,0.024331,-0.047357,0.026449,0.998528,0,0.24000,0.36000,14.400,0.720,350.000,350.000,-1,375.000,-1,300.000,300.000,300.000,325.000,975.000,275.000,250.000,-1,425.000,625.000,350.000,925.000,1,0,2,0,2,0,0,0,0,1,0,0,2,1,0,1,0
3,-5548.529,8238.908,142.768,56.760,0.546573,-0.836071,0.047373,0.836197,0.547951,0.022872,-0.045080,0.027112,0.998615,0,0.32000,0.48000,19.200,0.960,325.000,350.000,-1,375.000,1000.000,300.000,300.000,300.000,325.000,950.000,250.000,250.000,-1,425.000,625.000,350.000,925.000,1,1,2,0,0,0,0,0,0,1,0,0,2,1,0,1,0
4,-5535.797,8259.252,141.641,57.960,0.529045,-0.847345,0.046015,0.847542,0.530311,0.021043,-0.042234,0.027867,0.998719,0,0.40000,0.60000,24.000,1.200,300.000,325.000,-1,375.000,1000.000,300.000,300.000,300.000,325.000,950.000,250.000,225.000,-1,400.000,625.000,325.000,925.000,1,1,2,0,0,0,0,0,0,1,0,0,2,1,0,1,0
5,-5521.137,8284.041,140.336,59.400,0.507705,-0.860385,0.044425,0.860656,0.508838,0.018846,-0.038820,0.028666,0.998835,0,0.48000,0.72000,28.800,1.440,300.000,325.000,-1,375.000,975.000,300.000,300.000,300.000,325.000,950.000,225.000,225.000,-1,375.000,625.000,300.000,900.000,1,1,2,0,0,0,0,0,0,1,0,0,2,1,0,1,0
6,-5504.864,8313.437,138.875,61.030,0.483151,-0.874499,0.042615,0.874842,0.484134,0.016289,-0.034876,0.029411,0.998959,0,0.56000,0.81544,33.600,1.631,275.000,300.000,-1,375.000,950.000,300.000,300.000,300.000,325.000,925.000,225.000,225.000,-1,350.000,625.000,275.000,900.000,1,1,2,0,0,1,0,0,0,1,0,0,2,1,0,1,0
7,-5487.230,8347.548,137.272,62.662,0.458212,-0.887917,0.040566,0.888318,0.459032,0.013407,-0.030525,0.029892,0.999087,0,0.64000,0.81579,38.400,1.632,225.000,275.000,-1,375.000,925.000,275.000,300.000,300.000,325.000,925.000,200.000,200.000,-1,325.000,625.000,225.000,900.000,1,1,2,0,0,1,0,0,0,1,0,0,2,1,0,1,0
8,-5468.493,8386.473,135.759,64.295,0.432845,-0.900611,0.039295,0.901082,0.433524,0.010385,-0.026388,0.030913,0.999174,0,0.72000,0.81665,43.200,1.633,200.000,250.000,-1,350.000,900.000,250.000,300.000,300.000,325.000,925.000,200.000,200.000,-1,300.000,625.000,200.000,900.000,1,1,2,1,0,1,1,0,0,1,0,0,2,1,0,1,0
9,-5448.919,8430.300,134.368,65.931,0.407058,-0.912577,0.038823,0.913125,0.407614,0.007336,-0.022519,0.032464,0.999219,0,0.80000,0.81804,48.000,1.636,150.000,225.000,-1,350.000,875.000,225.000,275.000,300.000,325.000,950.000,225.000,225.000,-1,250.000,625.000,150.000,875.000,1,1,2,1,0,1,1,0,0,1,0,0,2,1,0,1,0
10,-5428.788,8479.111,138.300,67.572,0.381477,-0.922918,0.051943,0.924378,0.380936,-0.020332,-0.001022,0.055772,0.998443,0,0.88000,0.82002,52.800,1.640,150.000,200.000,-1,350.000,900.000,200.000,275.000,350.000,300.000,-1,200.000,150.000,-1,250.000,675.000,150.000,1000.000,1,1,2,1,0,1,1,0,0,2,0,0,2,1,0,1,0
11,-5408.393,8532.980,146.441,69.217,0.357702,-0.930601,0.077659,0.933213,0.353189,-0.066114,0.034097,0.096122,0.994785,0,0.96000,0.82267,57.600,1.645,125.000,200.000,-1,400.000,-1,225.000,275.000,475.000,275.000,-1,175.000,100.000,725.000,250.000,775.000,125.000,-1,1,1,2,1,2,1,1,0,0,2,0,0,0,1,0,1,2
12,-5388.800,8589.694,154.987,70.869,0.335966,-0.935859,0.106278,0.939333,0.324637,-0.110744,0.069139,0.137037,0.988150,0,1.00000,0.82608,60.000,1.652,125.000,225.000,-1,525.000,-1,225.000,300.000,650.000,250.000,-1,175.000,50.000,400.000,275.000,875.000,125.000,-1,1,1,2,0,2,1,1,1,0,2,0,0,0,1,1,1,2
13,-5370.869,8646.956,165.327,72.529,0.315875,-0.939849,0.130027,0.942974,0.295807,-0.152640,0.104996,0.170827,0.979691,0,1.00000,0.83008,60.000,1.660,125.000,225.000,-1,600.000,-1,225.000,325.000,875.000,250.000,-1,175.000,25.000,300.000,300.000,900.000,125.000,-1,1,1,2,0,2,1,1,0,0,2,0,0,0,1,1,1,2
14,-8854.639,-6231.295,87.593,-81.912,0.151885,0.952182,0.265104,-0.987585,0.135320,0.079781,0.040092,-0.273930,0.960914,1,0.00000,0.00000,60.000,1.669,325.000,375.000,-1,800.000,-1,400.000,550.000,325.000,125.000,550.000,1000.000,-1,-1,600.000,-1,375.000,-1,1,1,2,1,2,0,0,1,1,1,1,2,2,0,2,1,2
15,-7303.480,5826.038,280.953,-20.542,0.933140,0.346273,-0.096666,-0.357042,0.924067,-0.136457,0.042074,0.161847,0.985919,1,0.00000,0.00000,4.800,-0.240,-1,875.000,-1,650.000,-1,575.000,525.000,200.000,250.000,-1,400.000,125.000,400.000,-1,-1,-1,-1,2,0,2,0,2,1,0,1,0,2,0,0,0,2,2,2,2
16,-6231.729,9511.147,311.929,87.676,-0.053734,-0.950506,-0.306023,0.956895,0.038583,-0.287858,0.285419,-0.308300,0.907462,1,0.00000,0.00000,4.800,-0.240,-1,375.000,-1,250.000,225.000,250.000,225.000,300.000,200.000,175.000,175.000,300.000,-1,-1,325.000,-1,250.000,2,1,2,1,1,1,1,1,1,0,0,1,2,2,1,2,1
17,6227.577,-2948.735,-240.050,141.599,-0.783661,-0.619768,0.041995,0.621189,-0.781932,0.052034,0.000589,0.066863,0.997762,1,0.08000,0.12000,4.800,0.240,375.000,325.000,-1,375.000,-1,275.000,300.000,300.000,300.000,-1,200.000,75.000,450.000,500.000,725.000,425.000,-1,0,0,2,0,2,0,0,0,0,2,0,0,0,0,0,0,2
18,6220.003,-2942.836,-239.929,142.079,-0.788720,-0.613181,0.043934,0.614744,-0.787078,0.050969,0.003326,0.067208,0.997733,0,0.16000,0.24000,9.600,0.480,375.000,325.000,-1,375.000,-1,275.000,300.000,300.000,300.000,-1,200.000,75.000,450.000,500.000,750.000,425.000,-1,0,0,2,0,2,0,0,0,0,2,0,0,0,0,0,0,2
19,6208.533,-2934.131,-239.772,142.799,-0.796189,-0.603217,0.047043,0.605001,-0.794688,0.049448,0.007556,0.067831,0.997668,0,0.24000,0.36000,14.400,0.720,375.000,325.000,-1,400.000,-1,275.000,300.000,300.000,300.000,-1,175.000,75.000,450.000,500.000,750.000,425.000,-1,0,0,2,0,2,0,0,0,0,2,0,0,0,0,0,0,2
20,6193.092,-2922.721,-239.680,143.533,-0.803611,-0.592967,0.050979,0.595017,-0.802317,0.047365,0.012816,0.068397,0.997576,0,0.32000,0.36689,19.200,0.734,375.000,325.000,-1,400.000,-1,275.000,300.000,300.000,325.000,-1,175.000,75.000,475.000,500.000,750.000,425.000,-1,0,0,2,0,2,0,0,0,0,2,0,0,0,0,1,0,2
21,6173.608,-2908.708,-239.633,144.273,-0.810883,-0.582534,0.055873,0.584894,-0.809874,0.044769,0.019171,0.068982,0.997434,0,0.40000,0.36993,24.000,0.740,375.000,325.000,-1,400.000,-1,275.000,300.000,300.000,325.000,-1,150.000,50.000,475.000,500.000,750.000,425.000,-1,0,0,2,0,2,0,0,0,0,2,0,0,0,0,1,0,2
22,6150.009,-2892.199,-239.612,145.022,-0.818011,-0.571870,0.061826,0.574583,-0.817382,0.041715,0.026680,0.069648,0.997215,0,0.48000,0.37455,28.800,0.749,375.000,325.000,-1,400.000,-1,300.000,325.000,275.000,325.000,-1,150.000,50.000,475.000,500.000,750.000,450.000,-1,0,0,2,0,2,0,0,0,0,2,0,0,0,0,1,0,2
23,6122.223,-2873.307,-239.609,145.784,-0.824996,-0.560925,0.068877,0.564031,-0.824867,0.038251,0.035358,0.070406,0.996892,0,0.56000,0.38078,33.600,0.762,400.000,325.000,-1,400.000,-1,300.000,325.000,275.000,350.000,-1,125.000,50.000,500.000,525.000,750.000,450.000,-1,0,0,2,0,2,0,0,0,0,2,0,0,0,0,1,0,2
24,6090.175,-2852.152,-238.544,146.561,-0.831998,-0.549476,0.076516,0.553207,-0.832087,0.039928,0.041728,0.075549,0.996269,0,0.64000,0.38864,38.400,0.777,400.000,325.000,-1,400.000,-1,300.000,325.000,275.000,350.000,-1,150.000,50.000,500.000,525.000,725.000,475.000,-1,0,0,2,0,2,0,0,0,0,2,0,0,0,0,1,0,2
25,6053.794,-2828.857,-237.111,147.357,-0.838928,-0.537571,0.084950,0.542115,-0.839193,0.043196,0.048068,0.082291,0.995448,0,0.72000,0.39815,43.200,0.796,425.000,325.000,-1,400.000,-1,300.000,325.000,300.000,350.000,-1,175.000,75.000,500.000,525.000,700.000,525.000,-1,0,0,2,0,2,0,0,0,0,2,0,0,0,0,1,0,2
26,6013.004,-2803.555,-235.468,148.176,-0.845760,-0.525176,0.094233,0.530728,-0.846224,0.047244,0.054931,0.089970,0.994428,0,0.80000,0.40933,48.000,0.819,475.000,325.000,-1,400.000,-1,300.000,325.000,300.000,350.000,-1,175.000,100.000,475.000,550.000,675.000,550.000,1000.000,0,0,2,1,2,0,0,0,0,2,0,0,0,0,1,0,1
27,5967.728,-2776.390,-233.254,149.020,-0.852321,-0.512153,0.106053,0.519158,-0.853046,0.052791,0.063431,0.100053,0.992958,0,0.88000,0.42218,52.800,0.844,525.000,325.000,-1,400.000,-1,300.000,325.000,300.000,375.000,-1,200.000,100.000,475.000,550.000,650.000,650.000,925.000,0,0,2,1,2,0,0,0,0,2,0,0,0,0,1,0,1
28,5926.307,-2752.134,-230.963,149.625,-0.856478,-0.502569,0.117767,0.511210,-0.857449,0.058702,0.071478,0.110481,0.991305,0,0.80000,0.30218,48.000,0.604,625.000,350.000,-1,400.000,-1,300.000,325.000,325.000,350.000,-1,225.000,125.000,450.000,575.000,625.000,725.000,875.000,0,0,2,1,2,0,0,0,0,2,0,0,0,0,1,1,1
29,5886.082,-2728.921,-228.729,149.989,-0.858416,-0.496501,0.128877,0.506888,-0.859580,0.064703,0.078655,0.120868,0.989548,0,0.77402,0.18218,46.441,0.364,700.000,350.000,-1,400.000,-1,300.000,325.000,325.000,325.000,-1,250.000,150.000,425.000,600.000,625.000,725.000,825.000,1,0,2,1,2,0,0,1,0,2,0,0,0,0,1,1,1
30,5846.090,-2705.962,-226.510,150.113,-0.858186,-0.493962,0.139704,0.506234,-0.859487,0.070784,0.085109,0.131469,0.987660,0,0.76855,0.06218,46.113,0.124,775.000,350.000,-1,375.000,-1,300.000,325.000,325.000,300.000,-1,250.000,150.000,425.000,625.000,600.000,725.000,775.000,1,0,2,1,2,0,0,1,0,2,0,0,0,0,1,1,1
31,5806.520,-2683.128,-223.030,149.998,-0.856582,-0.495280,0.144790,0.508586,-0.857768,0.074664,0.087217,0.137594,0.986641,0,0.76142,-0.05782,45.685,-0.116,750.000,350.000,1000.000,375.000,-1,300.000,325.000,300.000,300.000,-1,300.000,200.000,425.000,625.000,575.000,700.000,725.000,1,0,1,1,2,0,0,1,0,2,0,0,0,1,1,1,1
32,5767.550,-2660.312,-218.983,149.642,-0.853337,-0.500309,0.146652,0.514142,-0.854188,0.077592,0.086448,0.141612,0.986140,0,0.75261,-0.17782,45.157,-0.356,725.000,350.000,975.000,375.000,775.000,300.000,300.000,300.000,300.000,-1,350.000,250.000,475.000,600.000,550.000,675.000,675.000,1,0,1,1,1,0,1,1,0,2,0,0,0,1,1,1,1
33,5729.358,-2637.416,-215.165,149.046,-0.847983,-0.508817,0.148424,0.523199,-0.848367,0.080849,0.084780,0.146214,0.985613,0,0.74213,-0.29782,44.528,-0.596,675.000,350.000,925.000,350.000,725.000,300.000,300.000,300.000,300.000,-1,400.000,300.000,500.000,575.000,525.000,625.000,625.000,1,0,1,1,1,0,1,1,0,2,0,0,0,1,1,1,1
34,5692.123,-2614.345,-210.899,148.211,-0.840217,-0.520934,0.150544,0.535660,-0.840530,0.081105,0.084286,0.148786,0.985271,0,0.73003,-0.41782,43.802,-0.836,625.000,375.000,900.000,350.000,675.000,300.000,300.000,275.000,300.000,-1,450.000,325.000,525.000,575.000,500.000,600.000,575.000,1,0,1,1,1,0,1,1,0,2,0,0,0,1,1,1,1
35,5651.295,-2587.973,-206.128,147.135,-0.829982,-0.536428,0.152888,0.551465,-0.830304,0.080503,0.083760,0.151128,0.984959,0,0.81003,-0.53782,48.602,-1.076,575.000,375.000,850.000,325.000,650.000,300.000,300.000,275.000,300.000,-1,500.000,375.000,550.000,550.000,475.000,575.000,550.000,1,0,1,1,1,0,1,1,0,2,0,0,0,1,1,1,1
36,5610.678,-2560.394,-201.340,145.819,-0.817133,-0.555175,0.155159,0.570454,-0.817510,0.079118,0.082920,0.153161,0.984716,0,0.81818,-0.65782,49.091,-1.316,525.000,375.000,825.000,325.000,625.000,300.000,275.000,275.000,300.000,-1,575.000,450.000,575.000,525.000,475.000,525.000,525.000,1,0,1,1,1,1,1,1,0,2,0,0,0,1,1,1,1
37,5571.014,-2531.857,-196.848,144.264,-0.801400,-0.577077,0.157292,0.592443,-0.802017,0.076025,0.082279,0.154113,0.984621,0,0.81431,-0.77782,48.859,-1.556,500.000,375.000,825.000,325.000,600.000,300.000,275.000,275.000,325.000,-1,625.000,500.000,625.000,500.000,450.000,500.000,500.000,1,0,1,1,1,1,1,0,0,2,0,0,0,1,1,1,1
38,5532.363,-2502.376,-192.641,142.667,-0.784588,-0.599244,0.159145,0.614520,-0.785682,0.071192,0.082376,0.153654,0.984685,0,0.81008,-0.79837,48.605,-1.597,450.000,375.000,800.000,300.000,-1,275.000,275.000,275.000,325.000,-1,675.000,475.000,650.000,475.000,450.000,450.000,475.000,1,1,1,1,2,1,1,0,0,2,0,0,0,1,1,1,1
39,5494.738,-2471.978,-188.539,141.068,-0.767139,-0.621059,0.160574,0.636123,-0.768798,0.065552,0.082737,0.152432,0.984845,0,0.80608,-0.79969,48.365,-1.599,400.000,350.000,825.000,300.000,-1,275.000,250.000,275.000,325.000,-1,725.000,375.000,675.000,450.000,425.000,400.000,475.000,1,1,1,1,2,1,1,0,0,2,0,0,0,1,1,1,1
40,5454.183,-2437.594,-183.306,139.708,-0.751861,-0.639147,0.161853,0.654122,-0.753877,0.061597,0.082647,0.152184,0.984891,0,0.88608,-0.67969,53.165,-1.359,350.000,325.000,850.000,275.000,-1,250.000,250.000,275.000,350.000,-1,775.000,375.000,725.000,400.000,400.000,375.000,450.000,1,1,1,1,2,1,1,0,0,2,0,0,0,1,1,1,1
41,5412.960,-2400.915,-177.937,138.342,-0.736015,-0.657093,0.162820,0.671815,-0.738586,0.056174,0.083345,0.150730,0.985055,0,0.91958,-0.68329,55.175,-1.367,300.000,300.000,-1,275.000,-1,250.000,225.000,275.000,375.000,-1,400.000,375.000,750.000,375.000,400.000,325.000,425.000,1,1,2,1,2,1,1,0,0,2,0,0,0,1,1,1,1
42,5372.696,-2363.316,-172.656,136.965,-0.719601,-0.674909,0.163318,0.689210,-0.722867,0.049519,0.084637,0.148195,0.985330,0,0.91808,-0.68831,55.085,-1.377,275.000,275.000,-1,250.000,-1,225.000,225.000,275.000,375.000,-1,375.000,375.000,800.000,350.000,375.000,275.000,400.000,1,1,2,1,2,1,1,0,0,2,0,0,0,1,1,1,1
43,5333.372,-2324.778,-166.510,135.577,-0.701872,-0.692204,0.168015,0.706666,-0.706285,0.042233,0.089432,0.148373,0.984879,0,0.91758,-0.69410,55.055,-1.388,225.000,250.000,-1,250.000,-1,225.000,225.000,275.000,400.000,-1,325.000,325.000,825.000,350.000,350.000,250.000,375.000,1,1,2,1,2,1,1,0,0,2,0,0,0,1,1,1,1
44,5294.939,-2285.295,-155.555,134.176,-0.679257,-0.707162,0.196295,0.725680,-0.687099,0.035827,0.109539,0.166783,0.979890,0,0.91817,-0.70064,55.090,-1.401,250.000,275.000,-1,275.000,-1,225.000,225.000,300.000,400.000,800.000,250.000,225.000,750.000,375.000,375.000,275.000,-1,1,1,2,1,2,1,1,1,0,1,0,0,0,1,1,1,2
45,8855.229,-8855.445,187.219,-157.875,-0.922175,0.364239,0.130088,-0.385109,-0.895873,-0.221591,0.035830,-0.254443,0.966424,1,0.00000,0.00000,55.196,-1.416,-1,-1,-1,150.000,50.000,325.000,175.000,400.000,450.000,75.000,0.000,75.000,-1,-1,175.000,-1,50.000,2,2,2,1,1,1,1,1,1,1,1,1,2,2,1,2,1
46,-988.637,-327.270,111.037,-7.266,0.986367,0.125801,0.106082,-0.135511,0.986688,0.089908,-0.093359,-0.103057,0.990284,1,-0.08000,0.12000,-4.800,0.240,-1,-1,-1,325.000,-1,275.000,275.000,300.000,325.000,-1,-1,-1,-1,-1,750.000,-1,-1,2,2,2,0,2,0,0,1,0,2,2,2,2,2,1,2,2
47,-997.006,-326.276,111.692,-6.786,0.987483,0.117545,0.105165,-0.127133,0.987826,0.089646,-0.093347,-0.101894,0.990406,0,-0.14044,0.24000,-8.426,0.480,-1,-1,-1,325.000,-1,275.000,275.000,275.000,325.000,-1,-1,-1,-1,-1,775.000,-1,-1,2,2,2,0,2,1,0,1,0,2,2,2,2,2,1,2,2
48,-1005.292,-325.398,112.327,-6.066,0.988987,0.105138,0.104164,-0.114608,0.989368,0.089529,-0.093644,-0.100481,0.990522,0,-0.13886,0.36000,-8.332,0.720,-1,-1,-1,350.000,-1,275.000,275.000,275.000,325.000,-1,-1,-1,-1,-1,775.000,-1,-1,2,2,2,0,2,1,0,1,0,2,2,2,2,2,1,2,2
49,-1013.470,-324.669,112.952,-5.106,0.990726,0.088562,0.103046,-0.097911,0.991162,0.089510,-0.094208,-0.098769,0.990641,0,-0.13682,0.48000,-8.209,0.960,-1,-1,-1,350.000,-1,275.000,275.000,250.000,325.000,-1,-1,-1,-1,-1,800.000,-1,-1,2,2,2,0,2,1,0,1,0,2,2,2,2,2,1,2,2
50,-1021.515,-324.122,113.578,-3.906,0.992494,0.067799,0.101775,-0.077015,0.993002,0.089532,-0.094992,-0.096698,0.990770,0,-0.13437,0.60000,-8.062,1.200,-1,-1,-1,350.000,-1,275.000,275.000,250.000,325.000,-1,-1,-1,-1,-1,825.000,-1,-1,2,2,2,0,2,1,0,1,0,2,2,2,2,2,1,2,2
51,-1029.402,-323.786,114.219,-2.466,0.994033,0.042834,0.100313,-0.051894,0.994631,0.089529,-0.095940,-0.094201,0.990920,0,-0.13153,0.72000,-7.892,1.440,-1,-1,-1,350.000,-1,300.000,275.000,250.000,325.000,-1,-1,-1,-1,-1,875.000,-1,-1,2,2,2,0,2,1,0,1,0,2,2,2,2,2,1,2,2
52,-1037.105,-323.684,114.890,-0.786,0.995030,0.013659,0.098629,-0.022533,0.995739,0.089423,-0.096988,-0.091201,0.991098,0,-0.12837,0.84000,-7.702,1.680,-1,-1,-1,350.000,-1,300.000,275.000,225.000,325.000,-1,-1,-1,-1,-1,925.000,-1,-1,2,2,2,0,2,1,0,0,0,2,2,2,2,2,1,2,2
53,-1044.602,-323.836,115.607,1.134,0.995119,-0.019716,0.096697,0.011072,0.995959,0.089125,-0.098064,-0.087619,0.991315,0,-0.12493,0.96000,-7.496,1.920,-1,-1,-1,350.000,-1,325.000,275.000,225.000,325.000,-1,-1,-1,-1,-1,1000.000,-1,-1,2,2,2,0,2,1,0,0,0,2,2,2,2,2,1,2,2
54,-1051.869,-324.239,116.384,3.134,0.994023,-0.054481,0.094602,0.046112,0.995008,0.088507,-0.098952,-0.083616,0.991573,0,-0.12126,1.00000,-7.276,2.000,-1,-1,-1,350.000,-1,325.000,275.000,225.000,325.000,-1,-1,-1,-1,-1,-1,-1,-1,2,2,2,0,2,1,0,0,0,2,2,2,2,2,2,2,2
55,-1058.905,-324.876,117.221,5.134,0.991716,-0.089205,0.092422,0.081150,0.992851,0.087531,-0.099570,-0.079306,0.991865,0,-0.11772,1.00000,-7.063,2.000,-1,-1,-1,350.000,-1,350.000,275.000,225.000,325.000,-1,-1,-1,-1,-1,-1,-1,-1,2,2,2,0,2,1,0,0,0,2,2,2,2,2,2,2,2
56,-1065.721,-325.734,118.117,7.134,0.988194,-0.123845,0.090197,0.116139,0.989485,0.086200,-0.099924,-0.074707,0.992187,0,-0.11445,1.00000,-6.867,2.000,-1,-1,-1,350.000,-1,375.000,275.000,250.000,325.000,-1,-1,-1,-1,-1,-1,-1,-1,2,2,2,0,2,1,0,0,0,2,2,2,2,2,2,2,2
57,-1072.324,-326.801,119.069,9.134,0.983456,-0.158358,0.087964,0.151032,0.984909,0.084519,-0.100020,-0.069835,0.992532,0,-0.11145,1.00000,-6.687,2.000,-1,-1,-1,350.000,-1,375.000,300.000,250.000,325.000,-1,-1,-1,-1,-1,-1,-1,-1,2,2,2,0,2,1,1,0,0,2,2,2,2,2,2,2,2
58,-1078.724,-328.066,120.072,11.134,0.977503,-0.192701,0.085760,0.185783,0.979122,0.082496,-0.099866,-0.064708,0.992895,0,-0.10870,1.00000,-6.522,2.000,-1,-1,-1,350.000,-1,400.000,300.000,250.000,325.000,-1,-1,-1,-1,-1,-1,-1,-1,2,2,2,0,2,1,1,0,0,2,2,2,2,2,2,2,2
59,-1084.930,-329.519,121.126,13.134,0.970338,-0.226830,0.083620,0.220341,0.972125,0.080144,-0.099469,-0.059342,0.993270,0,-0.10621,1.00000,-6.373,2.000,-1,-1,-1,375.000,-1,425.000,325.000,250.000,325.000,-1,-1,-1,-1,-1,-1,-1,-1,2,2,2,0,2,1,1,0,0,2,2,2,2,2,2,2,2
60,-1090.952,-331.153,122.226,15.134,0.961967,-0.260701,0.081579,0.254661,0.963922,0.077478,-0.098835,-0.053756,0.993651,0,-0.10397,1.00000,-6.238,2.000,-1,-1,-1,375.000,-1,450.000,350.000,250.000,300.000,-1,-1,-1,-1,-1,-1,-1,-1,2,2,2,0,2,1,1,0,0,2,2,2,2,2,2,2,2
61,-1096.799,-332.961,123.371,17.134,0.952396,-0.294270,0.079668,0.288692,0.954518,0.074515,-0.097972,-0.047968,0.994032,0,-0.10197,1.00000,-6.118,2.000,-1,-1,-1,375.000,-1,475.000,375.000,275.000,300.000,-1,-1,-1,-1,-1,-1,-1,-1,2,2,2,0,2,1,1,0,0,2,2,2,2,2,2,2,2
62,-1102.479,-334.936,124.557,19.134,0.941636,-0.327491,0.077916,0.322387,0.943921,0.071277,-0.096889,-0.041998,0.994409,0,-0.10022,1.00000,-6.013,2.000,-1,-1,-1,400.000,-1,500.000,375.000,275.000,300.000,-1,-1,-1,-1,-1,-1,-1,-1,2,2,2,1,2,1,1,0,0,2,2,2,2,2,2,2,2
63,-1108.002,-337.075,125.780,21.126,0.929750,-0.360186,0.076356,0.355564,0.932190,0.067796,-0.095597,-0.035884,0.994773,0,-0.09869,0.99590,-5.921,1.992,-1,-1,-1,425.000,-1,525.000,400.000,275.000,300.000,-1,-1,-1,-1,-1,-1,-1,-1,2,2,2,1,2,1,1,0,0,2,2,2,2,2,2,2,2
64,-1109.035,-337.514,126.364,22.878,0.918319,-0.388577,0.075493,0.384280,0.920890,0.065502,-0.094973,-0.031141,0.994993,0,-0.01869,0.87590,-1.121,1.752,-1,-1,-1,450.000,-1,550.000,425.000,275.000,300.000,-1,-1,-1,-1,-1,-1,-1,-1,2,2,2,1,2,1,1,0,0,2,2,2,2,2,2,2,2
65,-1105.684,-335.996,126.288,24.390,0.907722,-0.412778,0.075203,0.408654,0.910407,0.064510,-0.095093,-0.027825,0.995079,0,0.06131,0.75590,3.679,1.512,-1,-1,-1,475.000,-1,575.000,450.000,300.000,300.000,-1,-1,-1,-1,-1,-1,-1,-1,2,2,2,1,2,1,1,0,0,2,2,2,2,2,2,2,2
66,-1098.042,-332.325,125.533,25.661,0.898282,-0.432904,0.075385,0.428797,0.901065,0.064916,-0.096030,-0.025988,0.995039,0,0.14131,0.63590,8.479,1.272,-1,-1,-1,500.000,-1,600.000,475.000,300.000,300.000,-1,-1,-1,-1,-1,-1,-1,-1,2,2,2,1,2,1,1,0,0,2,2,2,2,2,2,2,2
67,-1086.178,-326.360,124.076,26.693,0.890264,-0.449063,0.075972,0.444807,0.893131,0.066814,-0.097857,-0.025689,0.994869,0,0.22131,0.51590,13.279,1.032,-1,950.000,-1,-1,-1,625.000,500.000,275.000,300.000,-1,-1,-1,-1,-1,-1,-1,-1,2,1,2,2,2,1,1,0,0,2,2,2,2,2,2,2,2
68,-1070.140,-318.015,121.891,27.485,0.883879,-0.461347,0.076929,0.456757,0.886809,0.070309,-0.100658,-0.027007,0.994554,0,0.30131,0.39590,18.079,0.792,-1,900.000,-1,-1,-1,-1,525.000,275.000,300.000,-1,-1,-1,-1,-1,-1,-1,-1,2,1,2,2,2,2,1,0,0,2,2,2,2,2,2,2,2
69,-1049.947,-307.259,118.944,28.037,0.879283,-0.469825,0.078263,0.464687,0.882248,0.075524,-0.104530,-0.030039,0.994068,0,0.38131,0.27590,22.879,0.552,-1,900.000,-1,-1,-1,-1,-1,275.000,300.000,-1,-1,-1,-1,-1,-1,-1,-1,2,1,2,2,2,2,2,0,0,2,2,2,2,2,2,2,2
70,-1025.588,-294.113,115.196,28.349,0.876587,-0.474544,0.080023,0.468602,0.879539,0.082604,-0.109583,-0.034910,0.993364,0,0.46131,0.15590,27.679,0.312,-1,875.000,-1,-1,-1,-1,-1,250.000,300.000,-1,-1,-1,-1,-1,-1,-1,-1,2,1,2,2,2,2,2,0,0,2,2,2,2,2,2,2,2
71,-997.025,-278.649,110.603,28.420,0.875846,-0.475521,0.082307,0.468459,0.878712,0.091712,-0.115935,-0.041768,0.992378,0,0.54131,0.03590,32.479,0.072,-1,900.000,-1,-1,-1,-1,-1,250.000,325.000,-1,-1,-1,-1,-1,-1,-1,-1,2,1,2,2,2,2,2,0,0,2,2,2,2,2,2,2,2
72,-964.236,-260.908,104.855,28.404,0.875670,-0.475110,0.086446,0.466579,0.878550,0.102240,-0.124522,-0.049194,0.990997,0,0.62131,-0.00816,37.279,-0.016,-1,900.000,-1,-1,-1,-1,-1,225.000,325.000,-1,-1,-1,-1,-1,-1,-1,-1,2,1,2,2,2,2,2,0,0,2,2,2,2,2,2,2,2
73,-927.219,-240.890,97.430,28.394,0.875000,-0.474801,0.094548,0.464378,0.878357,0.113324,-0.136853,-0.055252,0.989049,0,0.70131,-0.00515,42.079,-0.010,925.000,900.000,-1,-1,-1,-1,-1,200.000,325.000,-1,-1,-1,-1,-1,-1,-1,-1,1,1,2,2,2,2,2,0,0,2,2,2,2,2,2,2,2
74,-885.979,-218.589,88.744,28.391,0.873985,-0.474570,0.104563,0.461686,0.878037,0.126082,-0.151645,-0.061918,0.986494,0,0.78131,-0.00147,46.879,-0.003,825.000,875.000,-1,-1,-1,-1,-1,175.000,325.000,-1,-1,-1,-1,-1,-1,-1,-1,1,1,2,2,2,2,2,0,0,2,2,2,2,2,2,2,2
75,-328.705,-2950.603,149.446,39.544,0.810692,-0.585465,-0.003168,0.510200,0.709106,-0.486687,0.287185,0.392936,0.873571,1,0.00000,0.00000,51.679,0.006,-1,-1,-1,400.000,0.000,-1,-1,-1,325.000,0.000,0.000,0.000,-1,-1,-1,-1,0.000,2,2,2,0,1,2,2,2,1,0,1,1,2,2,2,2,1
76,983.896,2951.688,-121.477,-173.099,-0.991710,0.120120,0.045636,-0.118832,-0.992462,0.029957,0.048891,0.024285,0.998509,1,0.00000,0.00000,4.800,-0.240,-1,400.000,-1,375.000,-1,300.000,300.000,325.000,325.000,-1,425.000,500.000,-1,825.000,850.000,-1,-1,2,0,2,0,2,0,0,0,0,2,0,0,2,0,0,2,2
77,979.133,2951.091,-121.239,-172.859,-0.991194,0.124276,0.045708,-0.122993,-0.991957,0.029913,0.049058,0.024028,0.998507,0,0.08000,0.12000,4.800,0.240,-1,400.000,-1,375.000,-1,300.000,300.000,325.000,325.000,-1,425.000,500.000,-1,825.000,850.000,-1,-1,2,0,2,0,2,0,0,0,0,2,0,0,2,0,0,2,2
78,969.617,2949.828,-120.762,-172.438,-0.990247,0.131563,0.045851,-0.130286,-0.991028,0.029822,0.049363,0.023557,0.998503,0,0.16000,0.21050,9.600,0.421,-1,400.000,-1,375.000,-1,325.000,300.000,325.000,325.000,-1,450.000,525.000,-1,825.000,850.000,-1,-1,2,0,2,0,2,0,0,0,0,2,0,0,2,0,0,2,2
79,955.356,2947.828,-120.046,-172.017,-0.989242,0.138850,0.046064,-0.137581,-0.990046,0.029680,0.049727,0.023023,0.998497,0,0.24000,0.21069,14.400,0.421,-1,400.000,-1,375.000,-1,325.000,300.000,325.000,325.000,-1,450.000,525.000,-1,825.000,850.000,-1,-1,2,0,2,0,2,0,0,0,0,2,0,0,2,0,0,2,2
80,936.363,2945.022,-119.088,-171.595,-0.988178,0.146139,0.046348,-0.144880,-0.989010,0.029482,0.050147,0.022419,0.998490,0,0.32000,0.21098,19.200,0.422,-1,400.000,-1,375.000,-1,325.000,300.000,325.000,325.000,-1,475.000,550.000,-1,825.000,850.000,-1,-1,2,0,2,0,2,0,0,0,0,2,0,0,2,0,0,2,2
81,912.647,2941.339,-117.887,-171.172,-0.987055,0.153434,0.046705,-0.152185,-0.987920,0.029225,0.050625,0.021739,0.998481,0,0.40000,0.21134,24.000,0.423,-1,400.000,-1,400.000,-1,325.000,300.000,325.000,325.000,-1,500.000,575.000,-1,850.000,850.000,-1,-1,2,0,2,0,2,0,0,0,0,2,0,0,2,0,0,2,2
82,884.221,2936.709,-116.441,-170.748,-0.985871,0.160735,0.047137,-0.159500,-0.986775,0.028904,0.051160,0.020977,0.998470,0,0.48000,0.21176,28.800,0.424,-1,400.000,-1,400.000,-1,325.000,300.000,325.000,325.000,-1,525.000,600.000,-1,850.000,875.000,-1,-1,2,0,2,0,2,0,0,0,0,2,0,0,2,0,0,2,2
83,851.099,2931.062,-114.749,-170.324,-0.984628,0.168043,0.047645,-0.166824,-0.985574,0.028514,0.051750,0.020128,0.998457,0,0.56000,0.21221,33.600,0.424,-1,400.000,-1,400.000,-1,325.000,325.000,325.000,325.000,-1,550.000,625.000,-1,850.000,875.000,-1,-1,2,0,2,0,2,0,0,0,0,2,0,0,2,0,0,2,2
84,813.294,2924.327,-112.810,-169.899,-0.983323,0.175357,0.048232,-0.174158,-0.984318,0.028052,0.052395,0.019184,0.998442,0,0.64000,0.21264,38.400,0.425,-1,400.000,-1,400.000,-1,325.000,325.000,325.000,325.000,-1,575.000,650.000,-1,850.000,900.000,-1,-1,2,0,2,0,2,0,0,0,0,2,0,0,2,0,0,2,2
85,770.821,2916.435,-110.621,-169.473,-0.981957,0.182674,0.048900,-0.181499,-0.983006,0.027512,0.053094,0.018140,0.998425,0,0.72000,0.21300,43.200,0.426,-1,400.000,-1,400.000,-1,325.000,325.000,325.000,325.000,-1,600.000,700.000,-1,875.000,950.000,-1,-1,2,0,2,0,2,0,0,0,0,2,0,0,2,0,0,2,2
86,723.696,2907.314,-108.181,-169.046,-0.980530,0.189990,0.049650,-0.188843,-0.981639,0.026889,0.053847,0.016989,0.998405,0,0.80000,0.21325,48.000,0.426,-1,425.000,-1,400.000,-1,325.000,325.000,325.000,325.000,-1,625.000,725.000,-1,875.000,975.000,-1,-1,2,0,2,0,2,0,0,0,0,2,0,0,2,0,0,2,2
87,672.083,2896.926,-105.610,-168.620,-0.979096,0.197296,0.049457,-0.196187,-0.980211,0.026408,0.053688,0.016153,0.998427,0,0.87747,0.21330,52.648,0.427,-1,425.000,-1,425.000,-1,325.000,325.000,325.000,325.000,-1,700.000,800.000,-1,875.000,-1,-1,-1,2,0,2,0,2,0,0,0,0,2,0,0,2,0,2,2,2
88,620.781,2886.202,-103.310,-168.193,-0.977662,0.204582,0.048201,-0.203486,-0.978714,0.026687,0.052635,0.016283,0.998481,0,0.87352,0.21310,52.411,0.426,-1,425.000,-1,425.000,-1,325.000,325.000,325.000,325.000,-1,775.000,875.000,-1,875.000,-1,-1,-1,2,0,2,0,2,0,0,0,0,2,0,0,2,0,2,2,2
89,566.250,2874.396,-100.894,-167.784,-0.976269,0.211574,0.046199,-0.210524,-0.977227,0.026574,0.050769,0.016217,0.998579,0,0.92990,0.20483,55.794,0.410,-1,425.000,-1,425.000,-1,325.000,325.000,325.000,325.000,-1,875.000,975.000,-1,875.000,-1,-1,-1,2,0,2,0,2,0,0,0,0,2,0,0,2,0,2,2,2
90,511.952,2862.219,-98.638,-167.359,-0.974783,0.218816,0.043781,-0.217860,-0.975645,0.025582,0.048312,0.015399,0.998714,0,0.92745,0.21238,55.647,0.425,-1,425.000,-1,425.000,-1,325.000,325.000,325.000,325.000,-1,1000.000,-1,-1,875.000,-1,-1,-1,2,0,2,0,2,0,0,1,0,2,0,2,2,0,2,2,2
91,457.917,2849.663,-96.366,-166.919,-0.973175,0.226304,0.041434,-0.225438,-0.973948,0.024551,0.045911,0.014552,0.998840,0,0.92458,0.21997,55.475,0.440,-1,400.000,-1,425.000,-1,325.000,325.000,325.000,325.000,-1,-1,-1,-1,850.000,1000.000,-1,-1,2,0,2,0,2,0,0,1,0,2,2,2,2,0,0,2,2
92,404.174,2836.729,-94.080,-166.468,-0.971454,0.233975,0.039162,-0.233195,-0.972146,0.023483,0.043565,0.013680,0.998957,0,0.92129,0.22577,55.278,0.452,-1,400.000,-1,425.000,-1,325.000,325.000,300.000,325.000,-1,-1,-1,-1,850.000,1000.000,-1,-1,2,0,2,0,2,0,0,1,0,2,2,2,2,0,0,2,2
93,350.751,2823.420,-91.780,-166.010,-0.969640,0.241727,0.036967,-0.241029,-0.970260,0.022378,0.041277,0.012789,0.999066,0,0.91761,0.22859,55.057,0.457,-1,400.000,-1,425.000,-1,325.000,325.000,300.000,325.000,-1,-1,-1,-1,825.000,1000.000,-1,-1,2,0,2,0,2,0,0,1,0,2,2,2,2,0,0,2,2
94,297.672,2809.740,-89.467,-165.548,-0.967735,0.249549,0.034852,-0.248927,-0.968289,0.021238,0.039046,0.011877,0.999167,0,0.91355,0.23110,54.813,0.462,-1,400.000,-1,425.000,-1,325.000,325.000,300.000,325.000,-1,-1,-1,-1,825.000,1000.000,-1,-1,2,0,2,0,2,0,0,1,0,2,2,2,2,0,0,2,2
95,244.962,2795.697,-87.169,-165.082,-0.965744,0.257428,0.032713,-0.256877,-0.966234,0.020145,0.036794,0.011052,0.999262,0,0.90915,0.23328,54.549,0.467,-1,400.000,-1,425.000,-1,325.000,325.000,300.000,325.000,-1,-1,-1,-1,825.000,1000.000,-1,-1,2,0,2,0,2,0,0,1,0,2,2,2,2,0,0,2,2
96,192.641,2781.297,-84.994,-164.611,-0.963681,0.265351,0.030138,-0.264858,-0.964092,0.019398,0.034203,0.010711,0.999358,0,0.90445,0.23514,54.267,0.470,-1,400.000,-1,425.000,-1,325.000,325.000,275.000,325.000,-1,-1,-1,-1,800.000,975.000,-1,-1,2,0,2,0,2,0,0,1,0,2,2,2,2,0,0,2,2
97,140.726,2766.546,-82.805,-164.138,-0.961529,0.273307,0.027654,-0.272869,-0.961871,0.018605,0.031684,0.010344,0.999444,0,0.89950,0.23665,53.970,0.473,-1,400.000,-1,425.000,-1,325.000,325.000,275.000,325.000,-1,-1,-1,-1,800.000,975.000,-1,-1,2,0,2,0,2,0,0,1,0,2,2,2,2,0,0,2,2
98,89.231,2751.451,-80.608,-163.662,-0.959292,0.281284,0.025272,-0.280897,-0.959573,0.017794,0.029256,0.009971,0.999522,0,0.89436,0.23783,53.661,0.476,-1,400.000,-1,425.000,-1,325.000,325.000,275.000,350.000,-1,-1,-1,-1,775.000,950.000,-1,-1,2,0,2,0,2,0,0,1,0,2,2,2,2,0,0,2,2
99,38.168,2736.019,-79.056,-163.185,-0.956966,0.289262,0.023328,-0.288848,-0.957175,0.019578,0.027992,0.011998,0.999536,0,0.88907,0.23867,53.344,0.477,-1,400.000,-1,425.000,-1,325.000,325.000,275.000,325.000,-1,-1,-1,-1,775.000,950.000,-1,-1,2,0,2,0,2,0,0,1,0,2,2,2,2,0,0,2,2
100,-12.458,2720.257,-77.797,-162.707,-0.954593,0.297230,0.020179,-0.296791,-0.954686,0.022136,0.025844,0.015142,0.999551,0,0.88371,0.23917,53.023,0.478,-1,400.000,-1,425.000,-1,325.000,325.000,275.000,325.000,-1,-1,-1,-1,750.000,925.000,-1,-1,2,0,2,0,2,0,0,1,0,2,2,2,2,0,0,2,2
101,-62.642,2704.171,-76.522,-162.228,-0.952139,0.305181,0.017211,-0.304733,-0.952123,0.024504,0.023865,0.018086,0.999552,0,0.87833,0.23935,52.700,0.479,-1,400.000,-1,425.000,-1,325.000,325.000,275.000,325.000,-1,-1,-1,-1,750.000,900.000,-1,-1,2,0,2,0,2,0,0,1,0,2,2,2,2,0,0,2,2
102,-112.387,2687.766,-75.535,-161.750,-0.949591,0.313111,0.015461,-0.312667,-0.949514,0.025733,0.022738,0.019601,0.999549,0,0.87299,0.23919,52.380,0.478,-1,400.000,-1,425.000,-1,325.000,325.000,275.000,325.000,-1,-1,-1,-1,750.000,875.000,-1,-1,2,0,2,0,2,0,0,1,0,2,2,2,2,0,0,2,2
103,-161.695,2671.050,-74.698,-161.272,-0.946981,0.321008,0.013428,-0.320600,-0.946860,0.025910,0.021032,0.020231,0.999574,0,0.86775,0.23871,52.065,0.477,-1,400.000,-1,425.000,-1,325.000,325.000,275.000,325.000,-1,-1,-1,-1,725.000,875.000,-1,-1,2,0,2,0,2,0,0,1,0,2,2,2,2,0,0,2,2
104,-210.574,2654.024,-73.803,-160.796,-0.944310,0.328857,0.011500,-0.328484,-0.944150,0.026057,0.019427,0.020828,0.999594,0,0.86266,0.23793,51.760,0.476,-1,375.000,-1,425.000,-1,325.000,325.000,275.000,325.000,-1,-1,-1,-1,725.000,850.000,-1,-1,2,0,2,0,2,0,0,1,0,2,2,2,2,0,0,2,2
105,-259.035,2636.694,-72.853,-160.323,-0.941581,0.336647,0.009674,-0.336309,-0.941388,0.026166,0.017916,0.021384,0.999611,0,0.85777,0.23684,51.466,0.474,-1,375.000,-1,400.000,-1,325.000,325.000,275.000,325.000,-1,-1,-1,-1,700.000,825.000,-1,-1,2,0,2,0,2,0,0,1,0,2,2,2,2,0,0,2,2
106,-307.089,2619.063,-71.840,-159.852,-0.938801,0.344369,0.007959,-0.344064,-0.938579,0.026271,0.016517,0.021925,0.999623,0,0.85311,0.23546,51.187,0.471,-1,375.000,-1,400.000,-1,325.000,325.000,275.000,325.000,-1,-1,-1,-1,700.000,825.000,-1,-1,2,0,2,0,2,0,0,1,0,2,2,2,2,0,0,2,2
107,-354.751,2601.133,-70.846,-159.384,-0.935974,0.352010,0.006475,-0.351730,-0.935720,0.026744,0.015473,0.022754,0.999621,0,0.84872,0.23380,50.923,0.468,-1,375.000,-1,400.000,-1,325.000,325.000,275.000,325.000,-1,-1,-1,-1,675.000,800.000,-1,-1,2,0,2,0,2,0,0,1,0,2,2,2,2,0,0,2,2
108,-397.856,2584.721,-69.966,-159.157,-0.934579,0.355715,0.005295,-0.355450,-0.934291,0.027499,0.014729,0.023818,0.999608,0,0.76872,0.11380,46.123,0.228,-1,375.000,-1,400.000,-1,325.000,325.000,300.000,325.000,-1,-1,-1,-1,675.000,800.000,-1,-1,2,0,2,0,2,0,0,1,0,2,2,2,2,0,0,2,2
109,-436.478,2570.026,-69.145,-159.169,-0.934665,0.355504,0.004275,-0.355253,-0.934344,0.028223,0.014028,0.024861,0.999592,0,0.68872,-0.00620,41.323,-0.012,-1,375.000,-1,400.000,-1,300.000,325.000,300.000,325.000,-1,-1,-1,-1,675.000,800.000,-1,-1,2,0,2,0,2,0,0,1,0,2,2,2,2,0,0,2,2
110,-471.176,2556.998,-68.393,-159.421,-0.936229,0.351375,0.003375,-0.351139,-0.935876,0.028938,0.013327,0.025907,0.999576,0,0.61772,-0.12620,37.063,-0.252,-1,375.000,-1,400.000,-1,300.000,325.000,300.000,325.000,-1,-1,-1,-1,675.000,800.000,-1,-1,2,0,2,0,2,0,0,1,0,2,2,2,2,0,0,2,2
111,-505.759,2544.267,-67.627,-159.791,-0.938483,0.345316,0.002489,-0.345096,-0.938097,0.029702,0.012591,0.027016,0.999556,0,0.61419,-0.18493,36.852,-0.370,-1,375.000,-1,400.000,-1,300.000,325.000,300.000,325.000,-1,-1,-1,-1,675.000,775.000,-1,-1,2,0,2,0,2,0,0,0,0,2,2,2,2,0,0,2,2
112,-540.229,2531.834,-66.844,-160.165,-0.940723,0.339171,0.001620,-0.338967,-0.940304,0.030497,0.011867,0.028140,0.999534,0,0.61074,-0.18713,36.644,-0.374,-1,375.000,-1,400.000,-1,300.000,325.000,300.000,325.000,-1,-1,-1,-1,650.000,775.000,-1,-1,2,0,2,0,2,0,0,0,0,2,2,2,2,0,0,2,2
113,-574.603,2519.690,-66.283,-160.544,-0.942953,0.332924,0.001134,-0.332715,-0.942472,0.032378,0.011849,0.030153,0.999475,0,0.60760,-0.18950,36.456,-0.379,-1,375.000,-1,400.000,-1,300.000,325.000,300.000,325.000,-1,-1,-1,-1,650.000,775.000,-1,-1,2,0,2,0,2,0,0,0,0,2,2,2,2,0,0,2,2
114,-608.898,2507.833,-65.745,-160.929,-0.945171,0.326576,0.000769,-0.326357,-0.944618,0.034470,0.011983,0.032329,0.999405,0,0.60478,-0.19204,36.287,-0.384,-1,375.000,-1,400.000,-1,300.000,325.000,300.000,325.000,-1,-1,-1,-1,650.000,775.000,-1,-1,2,0,2,0,2,0,0,0,0,2,2,2,2,0,0,2,2
115,-643.131,2496.256,-65.180,-161.318,-0.947375,0.320124,0.000455,-0.319895,-0.946748,0.036542,0.012128,0.034474,0.999332,0,0.60229,-0.19474,36.138,-0.389,-1,375.000,-1,400.000,-1,300.000,325.000,325.000,325.000,-1,-1,-1,-1,650.000,775.000,-1,-1,2,0,2,0,2,0,0,0,0,2,2,2,2,0,0,2,2
116,-677.320,2484.957,-64.597,-161.713,-0.949567,0.313563,0.000155,-0.313323,-0.948861,0.038617,0.012256,0.036621,0.999254,0,0.60013,-0.19759,36.008,-0.395,-1,375.000,-1,400.000,-1,300.000,325.000,325.000,325.000,-1,-1,-1,-1,650.000,750.000,-1,-1,2,0,2,0,2,0,0,0,0,2,2,2,2,0,0,2,2
117,-711.482,2473.931,-63.997,-162.114,-0.951746,0.306887,-0.000130,-0.306638,-0.950956,0.040695,0.012365,0.038771,0.999172,0,0.59828,-0.20059,35.897,-0.401,-1,375.000,-1,400.000,-1,300.000,325.000,325.000,325.000,-1,-1,-1,-1,650.000,750.000,-1,-1,2,0,2,0,2,0,0,0,0,2,2,2,2,0,0,2,2
118,-745.635,2463.177,-63.548,-162.522,-0.953908,0.300099,0.000312,-0.299818,-0.953058,0.042299,0.012991,0.040256,0.999105,0,0.59676,-0.20372,35.805,-0.407,-1,375.000,-1,400.000,-1,300.000,325.000,325.000,325.000,-1,-1,-1,-1,675.000,750.000,-1,-1,2,0,2,0,2,0,0,0,0,2,2,2,2,0,0,2,2
119,-779.794,2452.690,-63.127,-162.936,-0.956054,0.293189,0.000795,-0.292876,-0.955150,0.043722,0.013578,0.041568,0.999043,0,0.59554,-0.20699,35.732,-0.414,-1,375.000,-1,400.000,-1,300.000,325.000,325.000,325.000,-1,-1,-1,-1,675.000,750.000,-1,-1,2,0,2,0,2,0,0,0,0,2,2,2,2,0,0,2,2
120,-813.977,2442.471,-62.698,-163.357,-0.958184,0.286151,0.001249,-0.285806,-0.957226,0.045102,0.014101,0.042859,0.998982,0,0.59463,-0.21039,35.678,-0.421,-1,375.000,-1,400.000,-1,300.000,325.000,325.000,325.000,950.000,-1,-1,-1,675.000,750.000,-1,-1,2,0,2,0,2,0,0,0,0,1,2,2,2,0,0,2,2
121,-848.200,2432.517,-62.251,-163.784,-0.960296,0.278979,0.001677,-0.278603,-0.959280,0.046488,0.014577,0.044175,0.998917,0,0.59401,-0.21392,35.641,-0.428,-1,375.000,-1,400.000,-1,300.000,325.000,325.000,325.000,950.000,-1,-1,-1,675.000,750.000,-1,-1,2,0,2,0,2,0,0,0,0,1,2,2,2,0,0,2,2
122,-882.478,2422.829,-61.788,-164.220,-0.962388,0.271670,0.002080,-0.271263,-0.961314,0.047880,0.015007,0.045515,0.998851,0,0.59369,-0.21756,35.621,-0.435,-1,375.000,-1,400.000,-1,300.000,325.000,325.000,325.000,950.000,-1,-1,-1,675.000,750.000,-1,-1,2,0,2,0,2,0,0,0,0,1,2,2,2,0,0,2,2
123,-916.828,2413.407,-61.309,-164.662,-0.964460,0.264219,0.002458,-0.263782,-0.963323,0.049280,0.015389,0.046880,0.998782,0,0.59364,-0.22132,35.619,-0.443,-1,375.000,-1,400.000,-1,300.000,325.000,300.000,325.000,975.000,-1,-1,-1,675.000,750.000,-1,-1,2,0,2,0,2,0,0,0,0,1,2,2,2,0,0,2,2
124,-951.264,2404.251,-60.815,-165.113,-0.966508,0.256621,0.002813,-0.256155,-0.965306,0.050688,0.015723,0.048270,0.998711,0,0.59387,-0.22519,35.632,-0.450,-1,375.000,-1,400.000,-1,300.000,325.000,300.000,325.000,1000.000,-1,-1,-1,675.000,750.000,-1,-1,2,0,2,0,2,0,0,0,0,1,2,2,2,0,0,2,2
125,-985.800,2395.364,-60.308,-165.571,-0.968531,0.248874,0.003144,-0.248378,-0.967261,0.052105,0.016009,0.049684,0.998637,0,0.59436,-0.22918,35.662,-0.458,-1,375.000,-1,400.000,-1,300.000,325.000,300.000,325.000,1000.000,-1,-1,-1,675.000,750.000,-1,-1,2,0,2,0,2,0,0,0,0,1,2,2,2,0,0,2,2
126,-1020.452,2386.748,-59.789,-166.037,-0.970526,0.240972,0.003452,-0.240449,-0.969185,0.053531,0.016245,0.051123,0.998560,0,0.59511,-0.23326,35.706,-0.467,-1,375.000,-1,400.000,-1,300.000,325.000,300.000,325.000,-1,-1,-1,-1,675.000,750.000,-1,-1,2,0,2,0,2,0,0,0,0,2,2,2,2,0,0,2,2
127,-1055.231,2378.405,-59.258,-166.512,-0.972490,0.232913,0.003737,-0.232362,-0.971075,0.054967,0.016432,0.052587,0.998481,0,0.59610,-0.23746,35.766,-0.475,-1,375.000,-1,400.000,-1,300.000,325.000,300.000,325.000,-1,-1,-1,-1,675.000,750.000,-1,-1,2,0,2,0,2,0,0,0,0,2,2,2,2,0,0,2,2
128,-1090.152,2370.339,-58.717,-166.996,-0.974422,0.224692,0.004000,-0.224116,-0.972928,0.056414,0.016568,0.054074,0.998399,0,0.59733,-0.24175,35.840,-0.484,-1,375.000,-1,400.000,-1,300.000,325.000,300.000,325.000,-1,-1,-1,-1,675.000,750.000,-1,-1,2,0,2,0,2,0,0,0,0,2,2,2,2,0,0,2,2
129,-1125.226,2362.555,-58.168,-167.488,-0.976316,0.216306,0.004242,-0.215706,-0.974742,0.057871,0.016653,0.055586,0.998315,0,0.59879,-0.24614,35.928,-0.492,-1,375.000,-1,400.000,-1,300.000,325.000,300.000,325.000,-1,-1,-1,-1,675.000,725.000,-1,-1,2,0,2,0,2,0,0,0,0,2,2,2,2,0,0,2,2
130,-1160.466,2355.056,-57.611,-167.989,-0.978171,0.207753,0.004461,-0.207129,-0.976512,0.059340,0.016685,0.057121,0.998228,0,0.60048,-0.25063,36.029,-0.501,-1,375.000,-1,400.000,-1,300.000,325.000,300.000,325.000,-1,-1,-1,-1,675.000,725.000,-1,-1,2,0,2,0,2,0,0,0,0,2,2,2,2,0,0,2,2
131,-1195.883,2347.849,-57.048,-168.500,-0.979983,0.199027,0.004660,-0.198383,-0.978236,0.060821,0.016664,0.058679,0.998138,0,0.60238,-0.25522,36.143,-0.510,-1,375.000,-1,400.000,-1,300.000,325.000,300.000,300.000,-1,-1,-1,-1,675.000,725.000,-1,-1,2,0,2,0,2,0,0,0,0,2,2,2,2,0,0,2,2
132,-1236.107,2340.211,-56.419,-169.250,-0.982504,0.186177,0.004854,-0.185517,-0.980651,0.062503,0.016396,0.060509,0.998033,0,0.68238,-0.37522,40.943,-0.750,-1,375.000,-1,400.000,-1,300.000,325.000,300.000,300.000,-1,-1,-1,-1,675.000,725.000,-1,-1,2,0,2,0,2,0,0,0,0,2,2,2,2,0,0,2,2
133,-1277.133,2333.011,-55.779,-170.047,-0.984997,0.172500,0.004999,-0.171830,-0.983033,0.064190,0.015987,0.062368,0.997925,0,0.69421,-0.39847,41.653,-0.797,-1,375.000,-1,375.000,-1,300.000,325.000,300.000,300.000,-1,-1,-1,-1,675.000,725.000,-1,-1,2,0,2,0,2,0,0,0,0,2,2,2,2,0,0,2,2
134,-1318.424,2326.363,-54.936,-170.855,-0.987325,0.158607,0.005828,-0.157897,-0.985300,0.065215,0.016086,0.063468,0.997854,0,0.69704,-0.40407,41.822,-0.808,-1,375.000,-1,375.000,-1,300.000,325.000,300.000,300.000,-1,-1,-1,-1,700.000,725.000,-1,-1,2,0,2,0,2,0,0,0,0,2,2,2,2,0,0,2,2
135,-1359.990,2320.280,-54.124,-171.675,-0.989484,0.144487,0.006687,-0.143736,-0.987401,0.066177,0.016165,0.064520,0.997785,0,0.70014,-0.40979,42.008,-0.820,-1,375.000,-1,400.000,-1,300.000,325.000,300.000,325.000,-1,-1,-1,-1,700.000,725.000,-1,-1,2,0,2,0,2,0,0,0,0,2,2,2,2,0,0,2,2
136,-1401.840,2314.774,-53.341,-172.506,-0.991467,0.130138,0.007620,-0.129342,-0.989327,0.067101,0.016272,0.065543,0.997717,0,0.70350,-0.41564,42.210,-0.831,-1,375.000,-1,400.000,-1,325.000,325.000,300.000,325.000,-1,-1,-1,-1,700.000,725.000,-1,-1,2,0,2,0,2,0,0,0,0,2,2,2,2,0,0,2,2
