timestep,x_cm,y_cm,z_cm,yaw_deg,basis_xx,basis_xy,basis_xz,basis_yx,basis_yy,basis_yz,basis_zx,basis_zy,basis_zz,teleport_flag,throttle_cmd,steering_cmd,cmd_move_cm,cmd_turn_deg,lidar_cm_0,lidar_cm_1,lidar_cm_2,lidar_cm_3,lidar_cm_4,lidar_cm_5,lidar_cm_6,lidar_cm_7,lidar_cm_8,lidar_cm_9,lidar_cm_10,lidar_cm_11,lidar_cm_12,lidar_cm_13,lidar_cm_14,lidar_cm_15,lidar_cm_16,lidar_class_0,lidar_class_1,lidar_class_2,lidar_class_3,lidar_class_4,lidar_class_5,lidar_class_6,lidar_class_7,lidar_class_8,lidar_class_9,lidar_class_10,lidar_class_11,lidar_class_12,lidar_class_13,lidar_class_14,lidar_class_15,lidar_class_16
0,1636.066,330.945,20.336,141.478,-0.781936,-0.622198,-0.038021,0.623217,-0.781602,-0.026421,-0.013278,-0.044355,0.998928,1,0.08000,-0.12000,4.800,-0.240,-1,400.000,-1,400.000,-1,325.000,325.000,300.000,300.000,-1,-1,-1,-1,775.000,775.000,-1,-1,2,0,2,0,2,0,0,0,0,2,2,2,2,0,0,2,2
1,1628.606,336.987,20.227,140.998,-0.776694,-0.628721,-0.038172,0.629742,-0.776359,-0.026308,-0.013095,-0.044472,0.998925,0,0.16000,-0.24000,9.600,-0.480,-1,400.000,-1,400.000,-1,325.000,325.000,300.000,300.000,-1,-1,-1,-1,775.000,750.000,-1,-1,2,0,2,0,2,0,0,0,0,2,2,2,2,0,0,2,2
2,1617.524,346.183,20.085,140.313,-0.769114,-0.637963,-0.038309,0.638984,-0.768776,-0.026122,-0.012786,-0.044569,0.998924,0,0.24000,-0.34281,14.400,-0.686,-1,400.000,-1,400.000,-1,325.000,325.000,300.000,300.000,-1,-1,-1,-1,775.000,750.000,-1,-1,2,0,2,0,2,0,0,0,0,2,2,2,2,0,0,2,2
3,1602.896,358.619,19.897,139.630,-0.761451,-0.647079,-0.038483,0.648101,-0.761114,-0.025887,-0.012539,-0.044653,0.998924,0,0.32000,-0.34148,19.200,-0.683,-1,400.000,-1,400.000,-1,325.000,325.000,300.000,300.000,-1,-1,-1,-1,775.000,750.000,-1,-1,2,0,2,0,2,0,0,0,0,2,2,2,2,0,0,2,2
4,1584.797,374.380,19.669,138.950,-0.753718,-0.656058,-0.038697,0.657082,-0.753384,-0.025608,-0.012353,-0.044728,0.998923,0,0.40000,-0.33977,24.000,-0.680,-1,400.000,-1,400.000,-1,325.000,325.000,300.000,300.000,-1,-1,-1,-1,750.000,750.000,-1,-1,2,0,2,0,2,0,0,0,0,2,2,2,2,0,0,2,2
5,1563.302,393.548,19.362,138.275,-0.745929,-0.664885,-0.038960,0.665916,-0.745591,-0.025510,-0.012087,-0.044973,0.998915,0,0.48000,-0.33768,28.800,-0.675,-1,400.000,-1,400.000,-1,325.000,325.000,300.000,300.000,-1,-1,-1,-1,750.000,750.000,-1,-1,2,0,2,0,2,0,0,0,0,2,2,2,2,0,0,2,2
6,1538.488,416.203,18.991,137.604,-0.738095,-0.673552,-0.039275,0.674594,-0.737747,-0.025537,-0.011775,-0.045343,0.998902,0,0.56000,-0.33522,33.600,-0.670,-1,400.000,-1,400.000,-1,325.000,325.000,300.000,300.000,-1,-1,-1,-1,750.000,750.000,-1,-1,2,0,2,0,2,0,0,0,0,2,2,2,2,0,0,2,2
7,1510.431,442.421,18.583,136.940,-0.730227,-0.682054,-0.039638,0.683108,-0.729869,-0.025581,-0.011482,-0.045757,0.998887,0,0.64000,-0.33239,38.400,-0.665,-1,400.000,-1,400.000,-1,325.000,325.000,300.000,300.000,-1,-1,-1,-1,750.000,750.000,-1,-1,2,0,2,0,2,0,0,0,0,2,2,2,2,0,0,2,2
8,1479.208,472.278,18.139,136.281,-0.722336,-0.690381,-0.040049,0.691451,-0.721968,-0.025652,-0.011205,-0.046221,0.998868,0,0.72000,-0.32922,43.200,-0.658,-1,400.000,-1,400.000,-1,325.000,325.000,300.000,300.000,-1,-1,-1,-1,750.000,750.000,-1,-1,2,0,2,0,2,0,0,0,0,2,2,2,2,0,0,2,2
9,1444.896,505.843,17.664,135.630,-0.714435,-0.698528,-0.040511,0.699617,-0.714054,-0.025757,-0.010935,-0.046744,0.998847,0,0.80000,-0.32573,48.000,-0.651,-1,400.000,-1,400.000,-1,325.000,325.000,300.000,300.000,-1,-1,-1,-1,750.000,750.000,-1,-1,2,0,2,0,2,0,0,0,0,2,2,2,2,0,0,2,2
10,1409.480,541.277,17.186,134.986,-0.706535,-0.706490,-0.040998,0.707598,-0.706140,-0.025899,-0.010653,-0.047309,0.998824,0,0.83497,-0.32195,50.098,-0.644,-1,400.000,-1,400.000,-1,325.000,325.000,300.000,300.000,-1,-1,-1,-1,750.000,750.000,-1,-1,2,0,2,0,2,0,0,0,0,2,2,2,2,0,0,2,2
11,1374.476,577.086,16.784,134.348,-0.698628,-0.714298,-0.041187,0.715413,-0.698217,-0.026045,-0.010153,-0.047661,0.998812,0,0.83459,-0.31905,50.075,-0.638,-1,400.000,-1,400.000,-1,325.000,325.000,300.000,300.000,-1,-1,-1,-1,750.000,750.000,-1,-1,2,0,2,0,2,0,0,0,0,2,2,2,2,0,0,2,2
12,1339.896,613.254,16.431,133.714,-0.690700,-0.721958,-0.041353,0.723078,-0.690264,-0.026337,-0.009531,-0.048093,0.998797,0,0.83397,-0.31668,50.038,-0.633,-1,400.000,-1,400.000,-1,325.000,325.000,300.000,300.000,-1,-1,-1,-1,750.000,750.000,-1,-1,2,0,2,0,2,0,0,0,0,2,2,2,2,0,0,2,2
13,1305.750,649.762,16.099,133.085,-0.682743,-0.729477,-0.041540,0.730605,-0.682279,-0.026692,-0.008871,-0.048573,0.998780,0,0.83315,-0.31458,49.989,-0.629,-1,400.000,-1,400.000,-1,325.000,325.000,300.000,300.000,-1,-1,-1,-1,750.000,750.000,-1,-1,2,0,2,0,2,0,0,0,0,2,2,2,2,0,0,2,2
14,1272.045,686.597,15.787,132.460,-0.674752,-0.736863,-0.041748,0.738000,-0.674257,-0.027101,-0.008179,-0.049096,0.998761,0,0.83213,-0.31278,49.928,-0.626,-1,400.000,-1,400.000,-1,325.000,325.000,300.000,300.000,-1,-1,-1,-1,725.000,750.000,-1,-1,2,0,2,0,2,0,0,0,0,2,2,2,2,0,0,2,2
15,1238.789,723.742,15.478,131.837,-0.666723,-0.744127,-0.041907,0.745269,-0.666194,-0.027558,-0.007412,-0.049606,0.998741,0,0.83094,-0.31126,49.857,-0.623,-1,400.000,-1,400.000,-1,325.000,325.000,300.000,300.000,-1,-1,-1,-1,725.000,750.000,-1,-1,2,0,2,0,2,0,0,0,0,2,2,2,2,0,0,2,2
16,1205.990,761.185,15.130,131.217,-0.658658,-0.751288,-0.041670,0.752415,-0.658098,-0.027914,-0.006451,-0.049739,0.998741,0,0.82962,-0.31004,49.777,-0.620,-1,400.000,-1,400.000,-1,325.000,325.000,300.000,300.000,-1,-1,-1,-1,725.000,750.000,-1,-1,2,0,2,0,2,0,0,0,0,2,2,2,2,0,0,2,2
17,1173.654,798.915,14.850,130.599,-0.650536,-0.758346,-0.041412,0.759455,-0.649953,-0.028089,-0.005614,-0.049723,0.998747,0,0.82818,-0.30912,49.691,-0.618,-1,375.000,-1,400.000,-1,325.000,325.000,300.000,300.000,-1,-1,-1,-1,725.000,750.000,-1,-1,2,0,2,0,2,0,0,0,0,2,2,2,2,0,0,2,2
18,1141.784,836.921,14.597,129.982,-0.642355,-0.765301,-0.041167,0.766392,-0.641750,-0.028282,-0.004775,-0.049717,0.998752,0,0.82666,-0.30849,49.600,-0.617,-1,375.000,-1,400.000,-1,325.000,325.000,300.000,300.000,-1,-1,-1,-1,725.000,750.000,-1,-1,2,0,2,0,2,0,0,0,0,2,2,2,2,0,0,2,2
19,1110.384,875.195,14.372,129.365,-0.634109,-0.772160,-0.040937,0.773234,-0.633480,-0.028492,-0.003933,-0.049721,0.998755,0,0.82510,-0.30816,49.506,-0.616,-1,375.000,-1,400.000,-1,325.000,325.000,300.000,300.000,-1,-1,-1,-1,725.000,750.000,-1,-1,2,0,2,0,2,0,0,0,0,2,2,2,2,0,0,2,2
20,1079.457,913.730,14.193,128.749,-0.625792,-0.778931,-0.040632,0.779984,-0.625140,-0.028718,-0.003031,-0.049663,0.998761,0,0.82351,-0.30814,49.411,-0.616,-1,375.000,-1,400.000,-1,325.000,325.000,300.000,300.000,-1,-1,-1,-1,725.000,725.000,-1,-1,2,0,2,0,2,0,0,0,0,2,2,2,2,0,0,2,2
21,1049.005,952.522,14.076,128.132,-0.617401,-0.785623,-0.040154,0.786646,-0.616725,-0.028963,-0.002010,-0.049469,0.998774,0,0.82194,-0.30840,49.317,-0.617,-1,375.000,-1,400.000,-1,325.000,325.000,300.000,300.000,-1,-1,-1,-1,725.000,725.000,-1,-1,2,0,2,0,2,0,0,0,0,2,2,2,2,0,0,2,2
22,1019.029,991.568,13.990,127.514,-0.608923,-0.792236,-0.039680,0.793228,-0.608222,-0.029230,-0.000977,-0.049274,0.998785,0,0.82042,-0.30896,49.225,-0.618,-1,375.000,-1,400.000,-1,325.000,325.000,300.000,300.000,-1,-1,-1,-1,725.000,725.000,-1,-1,2,0,2,0,2,0,0,0,0,2,2,2,2,0,0,2,2
23,989.529,1030.866,13.969,126.895,-0.600346,-0.798781,-0.039163,0.799740,-0.599629,-0.029337,-0.000049,-0.048933,0.998802,0,0.81897,-0.30982,49.138,-0.620,-1,375.000,-1,400.000,-1,325.000,325.000,300.000,300.000,-1,-1,-1,-1,725.000,725.000,-1,-1,2,0,2,0,2,0,0,0,0,2,2,2,2,0,0,2,2
24,960.505,1070.416,14.043,126.273,-0.591667,-0.805255,-0.038648,0.806182,-0.590934,-0.029473,0.000895,-0.048596,0.998818,0,0.81762,-0.31096,49.057,-0.622,-1,375.000,-1,400.000,-1,325.000,325.000,300.000,300.000,-1,-1,-1,-1,700.000,725.000,-1,-1,2,0,2,0,2,0,0,0,0,2,2,2,2,0,0,2,2
25,931.957,1110.221,14.162,125.648,-0.582879,-0.811662,-0.038179,0.812557,-0.582126,-0.029685,0.001869,-0.048325,0.998830,0,0.81640,-0.31238,48.984,-0.625,-1,400.000,-1,400.000,-1,325.000,325.000,300.000,300.000,-1,-1,-1,-1,700.000,725.000,-1,-1,2,0,2,0,2,0,0,0,0,2,2,2,2,0,0,2,2
26,903.884,1150.284,14.328,125.020,-0.573971,-0.818003,-0.037804,0.818871,-0.573198,-0.029910,0.002797,-0.048124,0.998837,0,0.81533,-0.31408,48.920,-0.628,-1,400.000,-1,375.000,-1,325.000,325.000,300.000,300.000,-1,-1,-1,-1,700.000,725.000,-1,-1,2,0,2,0,2,0,0,0,0,2,2,2,2,0,0,2,2
27,878.811,1186.587,14.495,124.632,-0.568436,-0.821873,-0.037485,0.822720,-0.567647,-0.030135,0.003489,-0.047970,0.998843,0,0.73533,-0.19408,44.120,-0.388,1000.000,400.000,-1,375.000,-1,325.000,325.000,300.000,300.000,-1,-1,-1,-1,700.000,725.000,-1,-1,1,0,2,0,2,0,0,0,0,2,2,2,2,0,0,2,2
28,856.549,1218.998,14.653,124.484,-0.566323,-0.823343,-0.037216,0.824174,-0.565523,-0.030353,0.003944,-0.047862,0.998846,0,0.65533,-0.07408,39.320,-0.148,1000.000,400.000,-1,375.000,-1,325.000,325.000,300.000,300.000,-1,-1,-1,-1,700.000,725.000,-1,-1,1,0,2,0,2,0,0,0,0,2,2,2,2,0,0,2,2
29,837.066,1247.494,14.815,124.362,-0.564584,-0.824545,-0.037011,0.825364,-0.563770,-0.030633,0.004393,-0.047842,0.998845,0,0.57533,-0.06098,34.520,-0.122,975.000,375.000,-1,375.000,-1,325.000,325.000,300.000,300.000,-1,-1,-1,-1,700.000,725.000,-1,-1,1,0,2,0,2,0,0,0,0,2,2,2,2,0,0,2,2
30,820.345,1272.064,14.976,124.237,-0.562799,-0.825772,-0.036860,0.826580,-0.561968,-0.030952,0.004845,-0.047888,0.998841,0,0.49533,-0.06251,29.720,-0.125,950.000,375.000,-1,375.000,-1,325.000,325.000,300.000,300.000,-1,-1,-1,-1,700.000,725.000,-1,-1,1,0,2,0,2,0,0,0,0,2,2,2,2,0,0,2,2
31,806.371,1292.697,15.115,124.109,-0.560970,-0.827021,-0.036737,0.827820,-0.560125,-0.031223,0.005245,-0.047927,0.998837,0,0.41533,-0.06385,24.920,-0.128,925.000,375.000,-1,375.000,-1,325.000,325.000,300.000,300.000,-1,-1,-1,-1,700.000,725.000,-1,-1,1,0,2,0,2,0,0,0,0,2,2,2,2,0,1,2,2
32,795.126,1309.381,15.230,123.979,-0.559104,-0.828287,-0.036640,0.829079,-0.558247,-0.031445,0.005591,-0.047958,0.998834,0,0.33533,-0.06496,20.120,-0.130,925.000,375.000,-1,375.000,-1,325.000,325.000,300.000,300.000,-1,-1,-1,-1,700.000,725.000,-1,-1,1,0,2,0,2,0,0,0,0,2,2,2,2,0,1,2,2
33,786.593,1322.105,15.320,123.847,-0.557208,-0.829568,-0.036567,0.830352,-0.556341,-0.031614,0.005882,-0.047979,0.998831,0,0.25533,-0.06585,15.320,-0.132,925.000,375.000,-1,375.000,-1,325.000,325.000,300.000,300.000,-1,-1,-1,-1,700.000,725.000,-1,1000.000,1,0,2,0,2,0,0,0,0,2,2,2,2,0,1,2,1
34,780.754,1330.855,15.383,123.714,-0.555288,-0.830856,-0.036518,0.831636,-0.554414,-0.031730,0.006117,-0.047989,0.998829,0,0.17533,-0.06649,10.520,-0.133,900.000,375.000,-1,375.000,-1,325.000,325.000,300.000,300.000,-1,-1,-1,-1,700.000,725.000,-1,1000.000,1,0,2,0,2,0,0,0,0,2,2,2,2,0,1,2,1
35,777.590,1335.621,15.417,123.581,-0.553351,-0.832148,-0.036490,0.832924,-0.552473,-0.031791,0.006296,-0.047985,0.998828,0,0.09533,-0.06688,5.720,-0.134,900.000,375.000,-1,375.000,-1,325.000,325.000,300.000,300.000,-1,-1,-1,-1,700.000,725.000,-1,1000.000,1,0,2,0,2,0,0,0,0,2,2,2,2,0,1,2,1
36,777.083,1336.388,15.422,123.447,-0.551405,-0.833439,-0.036483,0.834213,-0.550525,-0.031798,0.006417,-0.047969,0.998828,0,0.01533,-0.06702,0.920,-0.134,900.000,375.000,-1,375.000,-1,325.000,325.000,300.000,300.000,-1,-1,-1,-1,700.000,725.000,-1,1000.000,1,0,2,0,2,0,0,0,0,2,2,2,2,0,1,2,1
37,779.214,1333.146,15.397,123.313,-0.549458,-0.834724,-0.036498,0.835496,-0.548578,-0.031749,0.006480,-0.047938,0.998829,0,-0.06467,-0.06691,-3.880,-0.134,925.000,375.000,-1,375.000,-1,325.000,325.000,300.000,300.000,-1,-1,-1,-1,700.000,725.000,-1,1000.000,1,0,2,0,2,0,0,0,0,2,2,2,2,0,1,2,1
38,783.965,1325.881,15.339,123.180,-0.547516,-0.835998,-0.036532,0.836770,-0.546639,-0.031646,0.006486,-0.047895,0.998831,0,-0.14467,-0.06654,-8.680,-0.133,925.000,375.000,-1,375.000,-1,325.000,325.000,300.000,300.000,-1,-1,-1,-1,700.000,725.000,-1,1000.000,1,0,2,0,2,0,0,0,0,2,2,2,2,0,1,2,1
39,791.316,1314.582,15.250,123.048,-0.545586,-0.837256,-0.036586,0.838030,-0.544714,-0.031487,0.006434,-0.047840,0.998834,0,-0.22467,-0.06594,-13.480,-0.132,925.000,375.000,-1,375.000,-1,325.000,325.000,300.000,300.000,-1,-1,-1,-1,700.000,725.000,-1,-1,1,0,2,0,2,0,0,0,0,2,2,2,2,0,1,2,2
40,801.250,1299.236,15.127,122.918,-0.543675,-0.838495,-0.036662,0.839272,-0.542812,-0.031275,0.006324,-0.047772,0.998838,0,-0.30467,-0.06512,-18.280,-0.130,950.000,375.000,-1,375.000,-1,325.000,325.000,300.000,300.000,-1,-1,-1,-1,700.000,725.000,-1,-1,1,0,2,0,2,0,0,0,0,2,2,2,2,0,1,2,2
41,813.642,1280.000,14.972,122.789,-0.541790,-0.839710,-0.036757,0.840491,-0.540937,-0.031013,0.006159,-0.047696,0.998843,0,-0.38136,-0.06408,-22.882,-0.128,950.000,375.000,-1,375.000,-1,325.000,325.000,300.000,300.000,-1,-1,-1,-1,700.000,725.000,-1,-1,1,0,2,0,2,0,0,0,0,2,2,2,2,0,0,2,2
42,826.077,1260.603,14.816,122.664,-0.539938,-0.840897,-0.036853,0.841683,-0.539095,-0.030752,0.005992,-0.047623,0.998847,0,-0.38401,-0.06285,-23.041,-0.126,975.000,375.000,-1,375.000,-1,325.000,325.000,300.000,300.000,-1,-1,-1,-1,700.000,725.000,-1,-1,1,0,2,0,2,0,0,0,0,2,2,2,2,0,0,2,2
43,838.557,1241.044,14.657,122.540,-0.538119,-0.842059,-0.036951,0.842849,-0.537286,-0.030491,0.005822,-0.047552,0.998852,0,-0.38670,-0.06166,-23.202,-0.123,975.000,375.000,-1,375.000,-1,325.000,325.000,300.000,300.000,-1,-1,-1,-1,700.000,725.000,-1,-1,1,0,2,0,2,0,0,0,0,2,2,2,2,0,0,2,2
44,851.084,1221.320,14.512,122.419,-0.536333,-0.843192,-0.037075,0.843987,-0.535506,-0.030305,0.005699,-0.047545,0.998853,0,-0.38942,-0.06051,-23.365,-0.121,1000.000,400.000,-1,375.000,-1,325.000,325.000,300.000,300.000,-1,-1,-1,-1,700.000,725.000,-1,-1,1,0,2,0,2,0,0,0,0,2,2,2,2,0,0,2,2
45,863.658,1201.430,14.373,122.301,-0.534578,-0.844299,-0.037215,0.845100,-0.533756,-0.030160,0.005600,-0.047573,0.998852,0,-0.39218,-0.05939,-23.531,-0.119,-1,400.000,-1,375.000,-1,325.000,325.000,300.000,300.000,-1,-1,-1,-1,700.000,725.000,-1,-1,2,0,2,0,2,0,0,0,0,2,2,2,2,0,0,2,2
46,873.568,1185.536,14.257,121.942,-0.529281,-0.847626,-0.037314,0.848427,-0.528459,-0.030035,0.005740,-0.047555,0.998852,0,-0.31218,-0.17939,-18.731,-0.359,-1,400.000,-1,375.000,-1,325.000,325.000,300.000,300.000,-1,-1,-1,-1,700.000,725.000,-1,-1,2,0,2,0,2,0,0,0,0,2,2,2,2,0,0,2,2
47,880.814,1173.638,14.163,121.343,-0.520399,-0.853105,-0.037370,0.853901,-0.519574,-0.029930,0.006117,-0.047486,0.998853,0,-0.23218,-0.29939,-13.931,-0.599,-1,400.000,-1,375.000,-1,325.000,325.000,300.000,300.000,-1,-1,-1,-1,700.000,725.000,-1,-1,2,0,2,0,2,0,0,0,0,2,2,2,2,0,0,2,2
48,885.449,1165.771,14.092,120.504,-0.507866,-0.860625,-0.037383,0.861410,-0.507033,-0.029845,0.006731,-0.047359,0.998855,0,-0.15218,-0.41939,-9.131,-0.839,-1,400.000,-1,375.000,-1,325.000,325.000,300.000,300.000,-1,-1,-1,-1,700.000,725.000,-1,-1,2,0,2,0,2,0,0,0,0,2,2,2,2,0,0,2,2
49,887.577,1161.999,14.050,119.425,-0.491588,-0.870026,-0.037352,0.870795,-0.490744,-0.029781,0.007580,-0.047166,0.998858,0,-0.07218,-0.53939,-4.331,-1.079,-1,400.000,-1,375.000,-1,325.000,325.000,300.000,300.000,-1,-1,-1,-1,700.000,725.000,-1,-1,2,0,2,0,2,0,0,0,0,2,2,2,2,0,0,2,2
50,887.356,1162.413,14.046,118.107,-0.471456,-0.881102,-0.037278,0.881847,-0.470596,-0.029742,0.008662,-0.046896,0.998862,0,0.00782,-0.65939,0.469,-1.319,-1,400.000,-1,375.000,-1,325.000,325.000,300.000,300.000,-1,-1,-1,-1,700.000,725.000,-1,-1,2,0,2,0,2,0,0,0,0,2,2,2,2,0,0,2,2
51,885.001,1167.126,14.090,116.548,-0.447339,-0.893592,-0.037166,0.894309,-0.446461,-0.029730,0.009973,-0.046537,0.998867,0,0.08782,-0.77939,5.269,-1.559,-1,400.000,-1,375.000,-1,325.000,325.000,300.000,300.000,-1,-1,-1,-1,725.000,725.000,-1,-1,2,0,2,0,2,0,0,0,0,2,2,2,2,0,0,2,2
52,880.786,1176.271,14.196,114.749,-0.419100,-0.907185,-0.037019,0.907867,-0.418201,-0.029751,0.011508,-0.046077,0.998872,0,0.16782,-0.89939,10.069,-1.799,-1,375.000,-1,375.000,-1,325.000,325.000,300.000,300.000,-1,-1,-1,-1,725.000,725.000,-1,-1,2,0,2,0,2,0,0,0,0,2,2,2,2,0,0,2,2
53,874.993,1189.966,14.380,112.930,-0.390120,-0.920026,-0.036856,0.920671,-0.389199,-0.029813,0.013085,-0.045563,0.998876,0,0.24782,-0.90964,14.869,-1.819,-1,375.000,-1,375.000,-1,325.000,325.000,300.000,300.000,-1,-1,-1,-1,725.000,725.000,-1,-1,2,0,2,0,2,0,0,0,0,2,2,2,2,0,0,2,2
54,867.909,1208.315,14.654,111.113,-0.360786,-0.931927,-0.036687,0.932533,-0.359843,-0.029918,0.014680,-0.045006,0.998879,0,0.32782,-0.90844,19.669,-1.817,-1,375.000,-1,375.000,-1,325.000,325.000,300.000,300.000,-1,-1,-1,-1,725.000,725.000,-1,-1,2,0,2,0,2,0,0,0,0,2,2,2,2,0,0,2,2
55,859.822,1231.409,15.034,109.299,-0.331132,-0.942878,-0.036518,0.943444,-0.330166,-0.030066,0.016292,-0.044408,0.998881,0,0.40782,-0.90716,24.469,-1.814,-1,375.000,-1,375.000,-1,325.000,325.000,300.000,300.000,-1,-1,-1,-1,725.000,725.000,-1,-1,2,0,2,0,2,0,0,0,0,2,2,2,2,0,0,2,2
56,851.028,1259.326,15.542,107.487,-0.301194,-0.952868,-0.036382,0.953394,-0.300204,-0.030292,0.017943,-0.043810,0.998879,0,0.48782,-0.90573,29.269,-1.811,-1,375.000,-1,375.000,-1,325.000,325.000,300.000,300.000,-1,-1,-1,-1,725.000,725.000,-1,-1,2,0,2,0,2,0,0,0,0,2,2,2,2,0,1,2,2
57,841.821,1292.128,16.211,105.679,-0.271017,-0.961888,-0.036348,0.962373,-0.269994,-0.030673,0.019690,-0.043294,0.998868,0,0.56782,-0.90409,34.069,-1.808,-1,375.000,-1,400.000,-1,325.000,325.000,300.000,300.000,-1,-1,-1,-1,725.000,725.000,-1,-1,2,0,2,0,2,0,0,0,0,2,2,2,2,0,1,2,2
58,832.501,1329.863,17.030,103.875,-0.240636,-0.969934,-0.036362,0.970378,-0.239580,-0.031101,0.021455,-0.042769,0.998855,0,0.64782,-0.90215,38.869,-1.804,-1,375.000,-1,400.000,-1,325.000,325.000,300.000,300.000,-1,-1,-1,-1,725.000,725.000,-1,-1,2,0,2,0,2,0,0,0,0,2,2,2,2,0,1,2,2
59,823.366,1372.566,18.035,102.075,-0.210092,-0.977006,-0.036355,0.977407,-0.209007,-0.031478,0.023156,-0.042147,0.998843,0,0.72782,-0.89983,43.669,-1.800,-1,375.000,-1,400.000,-1,325.000,325.000,300.000,300.000,-1,-1,-1,-1,725.000,725.000,-1,-1,2,0,2,0,2,0,0,0,0,2,2,2,2,0,1,2,2
60,814.716,1420.258,19.329,100.281,-0.179428,-0.983115,-0.035932,0.983454,-0.178324,-0.031904,0.024958,-0.041062,0.998845,0,0.80782,-0.89705,48.469,-1.794,-1,375.000,-1,400.000,-1,325.000,325.000,300.000,300.000,-1,-1,-1,-1,700.000,725.000,-1,-1,2,0,2,0,2,0,0,0,0,2,2,2,2,1,1,2,2
61,806.849,1472.943,20.831,98.494,-0.148702,-0.988245,-0.035486,0.988519,-0.147580,-0.032403,0.026785,-0.039897,0.998845,0,0.88782,-0.89371,53.269,-1.787,-1,375.000,-1,400.000,-1,325.000,325.000,300.000,300.000,-1,-1,-1,-1,675.000,725.000,1000.000,-1,2,0,2,0,2,0,0,0,0,2,2,2,2,1,1,1,2
62,800.060,1530.614,22.545,96.714,-0.117968,-0.992398,-0.035063,0.992605,-0.116828,-0.032953,0.028607,-0.038691,0.998842,0,0.96782,-0.88969,58.069,-1.779,-1,375.000,-1,400.000,-1,325.000,325.000,300.000,300.000,-1,-1,-1,-1,650.000,725.000,875.000,-1,2,0,2,0,2,0,0,0,0,2,2,2,2,1,0,1,2
63,794.890,1590.391,24.392,94.944,-0.087285,-0.995579,-0.034685,0.995720,-0.086129,-0.033527,0.030392,-0.037463,0.998836,0,1.00000,-0.88486,60.000,-1.770,-1,400.000,-1,400.000,-1,325.000,325.000,300.000,300.000,-1,-1,-1,-1,600.000,725.000,800.000,-1,2,0,2,0,2,0,0,0,0,2,2,2,2,1,0,1,2
64,791.556,1650.299,26.311,93.186,-0.056711,-0.997799,-0.034366,0.997874,-0.055541,-0.034103,0.032119,-0.036227,0.998827,0,1.00000,-0.87921,60.000,-1.758,925.000,400.000,-1,400.000,-1,325.000,325.000,300.000,300.000,-1,-1,-1,-1,575.000,725.000,700.000,-1,1,1,2,1,2,0,0,0,0,2,2,2,2,1,0,1,2
65,790.048,1710.280,28.299,91.441,-0.026307,-0.999072,-0.034104,0.999083,-0.025124,-0.034675,0.033786,-0.034984,0.998817,0,1.00000,-0.87275,60.000,-1.745,775.000,375.000,-1,400.000,-1,325.000,325.000,300.000,300.000,-1,-1,-1,-1,550.000,725.000,625.000,-1,1,1,2,1,2,1,1,0,0,2,2,2,2,1,0,1,2
66,790.353,1770.279,30.352,89.710,0.003870,-0.999418,-0.033897,0.999366,0.005064,-0.035238,0.035389,-0.033739,0.998804,0,1.00000,-0.86543,60.000,-1.731,650.000,350.000,-1,400.000,-1,300.000,325.000,300.000,300.000,-1,-1,-1,-1,525.000,725.000,575.000,-1,1,1,2,0,2,1,1,0,0,2,2,2,2,1,0,1,2
67,792.452,1830.243,32.465,87.995,0.033758,-0.998860,-0.033744,0.998748,0.034963,-0.035787,0.036926,-0.032494,0.998790,0,1.00000,-0.85719,60.000,-1.714,525.000,350.000,-1,400.000,-1,300.000,300.000,300.000,300.000,-1,-1,-1,-1,500.000,725.000,500.000,-1,1,1,2,0,2,1,1,0,0,2,2,2,2,1,0,1,2
68,796.325,1890.118,34.637,86.299,0.063299,-0.997427,-0.033643,0.997256,0.064513,-0.036316,0.038393,-0.031251,0.998774,0,1.00000,-0.84799,60.000,-1.696,450.000,325.000,-1,375.000,-1,300.000,300.000,300.000,300.000,-1,-1,-1,-1,500.000,725.000,450.000,-1,1,1,2,0,2,1,1,0,0,2,2,2,2,1,0,1,2
69,801.948,1949.854,36.978,84.624,0.092442,-0.995167,-0.033138,0.994913,0.093654,-0.037097,0.040021,-0.029540,0.998762,0,1.00000,-0.83775,60.000,-1.675,400.000,325.000,-1,375.000,-1,275.000,300.000,300.000,300.000,-1,-1,-1,-1,475.000,750.000,400.000,-1,1,1,2,0,2,1,1,0,0,2,2,2,2,1,0,1,2
70,809.285,2009.405,41.394,82.978,0.121165,-0.992305,-0.025504,0.991491,0.122218,-0.044822,0.047595,-0.019856,0.998669,0,1.00000,-0.82266,60.000,-1.645,400.000,325.000,-1,400.000,-1,300.000,325.000,325.000,300.000,-1,900.000,800.000,-1,500.000,775.000,425.000,-1,1,1,2,0,2,1,1,0,0,2,0,0,2,1,0,1,2
71,818.301,2068.724,45.817,81.358,0.149409,-0.988581,-0.019618,0.987262,0.150248,-0.052334,0.054684,-0.011549,0.998437,0,1.00000,-0.81018,60.000,-1.620,400.000,325.000,-1,400.000,-1,300.000,350.000,350.000,300.000,-1,675.000,550.000,-1,525.000,800.000,450.000,-1,1,1,2,0,2,1,0,0,0,2,0,0,2,1,0,1,2
72,828.962,2127.771,50.062,79.765,0.177106,-0.984079,-0.014884,0.982301,0.177682,-0.059276,0.060977,-0.004123,0.998131,0,1.00000,-0.79649,60.000,-1.593,400.000,350.000,-1,425.000,-1,325.000,350.000,350.000,300.000,-1,550.000,425.000,-1,575.000,825.000,475.000,-1,1,1,2,0,2,1,0,0,0,2,0,0,2,1,0,1,2
73,841.229,2186.504,54.107,78.202,0.204161,-0.978872,-0.011292,0.976682,0.204460,-0.065488,0.066413,0.002341,0.997789,0,1.00000,-0.78153,60.000,-1.563,400.000,375.000,-1,425.000,-1,325.000,350.000,350.000,275.000,-1,475.000,350.000,-1,625.000,875.000,625.000,-1,1,1,2,0,2,1,0,1,0,2,0,0,2,1,0,1,2
74,855.060,2244.889,57.930,76.672,0.230489,-0.973035,-0.008813,0.970486,0.230526,-0.070816,0.070938,0.007770,0.997450,0,1.00000,-0.76527,60.000,-1.531,400.000,375.000,-1,450.000,-1,350.000,375.000,325.000,275.000,-1,450.000,300.000,-1,700.000,900.000,-1,-1,1,1,2,0,2,1,0,1,0,2,0,0,2,1,0,2,2
75,870.410,2302.893,61.512,75.176,0.256009,-0.966646,-0.007400,0.963799,0.255830,-0.075122,0.074509,0.012100,0.997147,0,1.00000,-0.74772,60.000,-1.495,500.000,400.000,-1,450.000,-1,375.000,375.000,275.000,275.000,-1,425.000,275.000,-1,775.000,925.000,-1,-1,1,1,2,0,2,1,0,1,0,2,0,0,2,1,0,2,2
76,887.231,2360.488,64.836,73.718,0.280657,-0.959783,-0.006996,0.956707,0.280328,-0.078277,0.077090,0.015276,0.996907,0,1.00000,-0.72893,60.000,-1.458,650.000,425.000,-1,450.000,-1,375.000,375.000,275.000,275.000,-1,400.000,250.000,-1,825.000,925.000,-1,-1,1,1,2,0,2,0,0,1,0,2,0,0,2,1,0,2,2
77,905.472,2417.648,67.888,72.300,0.304380,-0.952521,-0.007530,0.949298,0.303984,-0.080168,0.078651,0.017253,0.996753,0,1.00000,-0.70900,60.000,-1.418,825.000,450.000,-1,450.000,-1,375.000,375.000,250.000,275.000,-1,400.000,250.000,-1,900.000,950.000,-1,-1,1,1,2,0,2,0,0,1,0,2,0,0,2,1,0,2,2
78,925.082,2474.353,70.657,70.924,0.327142,-0.944933,-0.008925,0.941653,0.326769,-0.080697,0.079170,0.017995,0.996699,0,1.00000,-0.68812,60.000,-1.376,950.000,475.000,-1,450.000,-1,375.000,375.000,225.000,275.000,-1,400.000,250.000,-1,975.000,950.000,-1,-1,1,1,2,0,2,0,0,1,0,2,0,0,2,1,0,2,2
79,945.866,2530.208,73.996,69.588,0.349261,-0.937001,-0.006757,0.933957,0.348692,-0.078353,0.075773,0.021055,0.996903,0,0.99329,-0.66803,59.597,-1.336,-1,475.000,-1,450.000,-1,375.000,375.000,200.000,275.000,-1,500.000,325.000,-1,-1,925.000,-1,-1,2,0,2,0,2,0,0,1,0,2,0,0,2,2,0,2,2
80,967.556,2584.598,77.706,68.257,0.371211,-0.928548,-0.001145,0.926090,0.370317,-0.072274,0.067533,0.025769,0.997384,0,0.97593,-0.66536,58.556,-1.331,-1,475.000,-1,425.000,-1,375.000,350.000,200.000,275.000,-1,900.000,650.000,-1,975.000,875.000,-1,-1,2,0,2,0,2,0,0,1,0,2,0,0,2,0,0,2,2
81,990.061,2637.440,80.874,66.930,0.392721,-0.919653,0.003066,0.917766,0.391698,-0.065406,0.058950,0.028500,0.997854,0,0.95727,-0.66366,57.436,-1.327,-1,450.000,-1,400.000,-1,350.000,350.000,200.000,275.000,-1,-1,-1,-1,925.000,800.000,-1,-1,2,0,2,0,2,0,0,1,0,2,2,2,2,0,0,2,2
82,1013.306,2688.692,83.673,65.604,0.413892,-0.910304,0.006338,0.908916,0.412854,-0.058504,0.050640,0.029975,0.998267,0,0.93797,-0.66292,56.278,-1.326,-1,425.000,-1,400.000,-1,350.000,325.000,200.000,275.000,-1,-1,-1,-1,850.000,750.000,-1,-1,2,0,2,0,2,0,0,1,0,2,2,2,2,0,0,2,2
83,1037.231,2738.354,86.221,64.278,0.434752,-0.900511,0.008415,0.899557,0.433816,-0.050995,0.042270,0.029740,0.998663,0,0.91875,-0.66312,55.125,-1.326,-1,400.000,-1,375.000,-1,325.000,325.000,200.000,275.000,-1,-1,-1,-1,800.000,725.000,-1,-1,2,0,2,0,2,0,0,1,0,2,2,2,2,0,0,2,2
84,1061.797,2786.459,88.406,62.949,0.455370,-0.890251,0.009520,0.889642,0.454595,-0.043364,0.034277,0.028217,0.999014,0,0.90025,-0.66418,54.015,-1.328,-1,400.000,-1,375.000,-1,325.000,300.000,200.000,275.000,-1,-1,-1,-1,750.000,675.000,-1,-1,2,0,2,0,2,0,0,1,0,2,2,2,2,0,0,2,2
85,1086.982,2833.071,91.222,61.617,0.475918,-0.879413,0.011611,0.878981,0.475152,-0.040289,0.029914,0.029380,0.999121,0,0.88302,-0.66605,52.981,-1.332,-1,375.000,-1,350.000,-1,300.000,300.000,200.000,275.000,-1,-1,-1,-1,725.000,675.000,-1,-1,2,0,2,0,2,0,0,1,0,2,2,2,2,0,0,2,2
86,1112.782,2878.271,94.452,60.280,0.496365,-0.867999,0.014140,0.867647,0.495497,-0.040887,0.028483,0.032564,0.999064,0,0.86741,-0.66864,52.045,-1.337,-1,375.000,-1,350.000,-1,300.000,300.000,225.000,275.000,-1,-1,-1,-1,725.000,675.000,-1,-1,2,0,2,0,2,0,0,1,0,2,2,2,2,0,0,2,2
87,1139.210,2922.146,97.386,58.936,0.516618,-0.856075,0.015542,0.855769,0.515676,-0.041680,0.027667,0.034833,0.999010,0,0.85366,-0.67187,51.220,-1.344,-1,375.000,-1,350.000,-1,300.000,300.000,225.000,275.000,-1,-1,-1,-1,725.000,675.000,-1,-1,2,0,2,0,2,0,0,1,0,2,2,2,2,0,0,2,2
88,1166.286,2964.788,100.027,57.585,0.536684,-0.843635,0.015791,0.843336,0.535696,-0.042596,0.027476,0.036178,0.998968,0,0.84186,-0.67567,50.511,-1.351,-1,400.000,-1,350.000,-1,300.000,300.000,250.000,275.000,-1,-1,-1,-1,750.000,675.000,-1,-1,2,0,2,0,2,0,0,1,0,2,2,2,2,0,0,2,2
89,1194.038,3006.282,102.376,56.225,0.556565,-0.830671,0.014864,0.830335,0.555560,-0.043557,0.027924,0.036584,0.998940,0,0.83198,-0.67998,49.919,-1.360,-1,400.000,-1,350.000,-1,300.000,300.000,250.000,275.000,-1,-1,-1,-1,750.000,675.000,-1,-1,2,0,2,0,2,0,0,1,0,2,2,2,2,0,0,2,2
90,1222.497,3046.708,104.433,54.856,0.576252,-0.817173,0.012732,0.816757,0.575265,-0.044484,0.029027,0.036033,0.998929,0,0.82396,-0.68473,49.438,-1.369,-1,400.000,-1,375.000,-1,325.000,300.000,275.000,275.000,-1,-1,-1,-1,750.000,700.000,-1,-1,2,0,2,0,2,0,0,1,0,2,2,2,2,0,0,2,2
91,1251.696,3086.133,105.961,53.476,0.595717,-0.803153,0.008224,0.802576,0.594825,-0.045335,0.031520,0.033607,0.998938,0,0.81767,-0.68986,49.060,-1.380,-1,400.000,-1,375.000,-1,325.000,300.000,275.000,275.000,500.000,-1,-1,-1,775.000,725.000,-1,-1,2,0,2,0,2,0,0,1,0,1,2,2,2,0,0,2,2
92,1281.671,3124.615,107.153,52.085,0.614961,-0.788550,0.003303,0.787816,0.614196,-0.045916,0.034179,0.030839,0.998940,0,0.81297,-0.69534,48.778,-1.391,-1,400.000,-1,375.000,-1,325.000,325.000,275.000,275.000,475.000,-1,-1,-1,775.000,750.000,-1,-1,2,0,2,0,2,0,0,1,0,1,2,2,2,0,0,2,2
93,1312.455,3162.200,108.194,50.683,0.633969,-0.773356,-0.002097,0.772470,0.633368,-0.046198,0.037055,0.027668,0.998930,0,0.80971,-0.70112,48.582,-1.402,-1,400.000,-1,400.000,-1,325.000,325.000,300.000,275.000,475.000,-1,-1,-1,800.000,775.000,-1,-1,2,0,2,0,2,0,0,1,0,1,2,2,2,0,0,2,2
94,1344.080,3198.925,109.072,49.269,0.652719,-0.757558,-0.007989,0.756537,0.652325,-0.046081,0.040121,0.024034,0.998906,0,0.80774,-0.70718,48.464,-1.414,-1,400.000,-1,400.000,-1,325.000,325.000,300.000,300.000,450.000,-1,-1,-1,800.000,800.000,-1,-1,2,0,2,0,2,0,0,1,0,1,2,2,2,0,0,2,2
95,1376.577,3234.814,109.780,47.842,0.671190,-0.741146,-0.014379,0.740016,0.671049,-0.045491,0.043364,0.019892,0.998861,0,0.80692,-0.71349,48.415,-1.427,-1,400.000,-1,400.000,-1,325.000,325.000,300.000,300.000,450.000,375.000,-1,-1,825.000,875.000,-1,-1,2,0,2,0,2,0,0,0,0,1,1,2,2,0,0,2,2
96,1406.515,3266.532,110.616,46.655,0.686247,-0.727124,-0.018856,0.725946,0.686295,-0.044747,0.045477,0.017019,0.998820,0,0.72692,-0.59349,43.615,-1.187,-1,400.000,-1,400.000,-1,325.000,325.000,300.000,300.000,450.000,350.000,-1,-1,850.000,925.000,-1,-1,2,0,2,0,2,0,0,0,0,1,1,2,2,0,0,2,2
97,1433.698,3294.395,112.294,45.708,0.698213,-0.715667,-0.017857,0.714522,0.698203,-0.044398,0.044242,0.018240,0.998854,0,0.64877,-0.47349,38.926,-0.947,-1,400.000,-1,400.000,-1,325.000,325.000,300.000,300.000,475.000,375.000,-1,-1,850.000,925.000,-1,-1,2,0,2,0,2,0,0,0,0,1,1,2,2,0,0,2,2
98,1463.803,3324.286,114.082,44.795,0.709569,-0.704436,-0.016775,0.703329,0.709501,-0.044014,0.042907,0.019433,0.998890,0,0.70706,-0.45646,42.424,-0.913,-1,400.000,-1,400.000,-1,325.000,325.000,300.000,300.000,500.000,425.000,-1,-1,850.000,925.000,-1,-1,2,0,2,0,2,0,0,0,0,1,1,2,2,0,0,2,2
99,1494.346,3353.632,115.828,43.855,0.721064,-0.692690,-0.015700,0.691622,0.720941,-0.043617,0.041532,0.020592,0.998925,0,0.70595,-0.46983,42.357,-0.940,-1,400.000,-1,400.000,-1,325.000,325.000,300.000,300.000,525.000,450.000,-1,-1,875.000,950.000,-1,-1,2,0,2,0,2,0,0,0,0,1,1,2,2,0,0,2,2
100,1525.381,3382.460,117.559,42.888,0.732689,-0.680406,-0.014640,0.679385,0.732516,-0.043090,0.040043,0.021626,0.998964,0,0.70597,-0.48362,42.358,-0.967,-1,400.000,-1,400.000,-1,325.000,325.000,300.000,300.000,550.000,475.000,775.000,-1,875.000,950.000,-1,-1,2,0,2,0,2,0,0,0,0,1,1,1,2,0,0,2,2
101,1553.221,3407.669,119.058,42.161,0.741292,-0.671043,-0.013701,0.670063,0.741080,-0.042623,0.038756,0.022416,0.998997,0,0.62597,-0.36362,37.558,-0.727,-1,400.000,-1,400.000,-1,325.000,325.000,300.000,300.000,575.000,525.000,775.000,-1,875.000,950.000,-1,-1,2,0,2,0,2,0,0,0,0,1,1,1,2,0,0,2,2
102,1577.690,3429.450,120.336,41.673,0.746992,-0.664708,-0.012884,0.663765,0.746750,-0.042190,0.037665,0.022963,0.999027,0,0.54597,-0.24362,32.758,-0.487,-1,400.000,-1,400.000,-1,325.000,325.000,300.000,300.000,600.000,550.000,825.000,-1,875.000,975.000,-1,-1,2,0,2,0,2,0,0,0,0,1,1,1,2,0,0,2,2
103,1598.653,3447.948,121.333,41.426,0.749864,-0.661479,-0.012206,0.660581,0.749611,-0.041414,0.036544,0.022992,0.999068,0,0.46597,-0.12362,27.958,-0.247,-1,400.000,-1,400.000,-1,325.000,325.000,300.000,300.000,625.000,575.000,-1,-1,875.000,975.000,-1,-1,2,0,2,0,2,0,0,0,0,1,1,2,2,0,0,2,2
104,1616.019,3463.269,122.153,41.419,0.749956,-0.661386,-0.011644,0.660524,0.749697,-0.040776,0.035698,0.022889,0.999100,0,0.38597,-0.00362,23.158,-0.007,-1,400.000,-1,400.000,-1,325.000,325.000,300.000,300.000,625.000,625.000,-1,-1,875.000,975.000,-1,-1,2,0,2,0,2,0,0,0,0,1,1,2,2,0,0,2,2
105,1629.736,3475.469,122.803,41.652,0.747267,-0.664429,-0.011201,0.663595,0.747008,-0.040274,0.035127,0.022662,0.999126,0,0.30597,0.11638,18.358,0.233,-1,400.000,-1,400.000,-1,325.000,325.000,300.000,300.000,650.000,650.000,-1,-1,875.000,975.000,-1,-1,2,0,2,0,2,0,0,0,0,1,1,2,2,0,0,2,2
106,1639.792,3484.563,123.288,42.124,0.741762,-0.670575,-0.010881,0.669759,0.741506,-0.039907,0.034829,0.022314,0.999144,0,0.22597,0.23638,13.558,0.473,-1,400.000,-1,400.000,-1,325.000,325.000,300.000,300.000,650.000,675.000,-1,-1,875.000,975.000,-1,-1,2,0,2,0,2,0,0,0,0,1,1,2,2,0,0,2,2
107,1646.214,3490.518,123.613,42.837,0.733362,-0.679755,-0.010685,0.678947,0.733114,-0.039675,0.034803,0.021842,0.999155,0,0.14597,0.35638,8.758,0.713,-1,400.000,-1,400.000,-1,325.000,325.000,300.000,300.000,675.000,700.000,-1,-1,875.000,975.000,-1,-1,2,0,2,0,2,0,0,0,0,1,1,2,2,0,0,2,2
108,1649.072,3493.257,123.776,43.790,0.721954,-0.691860,-0.010612,0.691053,0.721719,-0.039577,0.035041,0.021239,0.999160,0,0.06597,0.47638,3.958,0.953,-1,400.000,-1,400.000,-1,325.000,325.000,300.000,300.000,675.000,750.000,-1,-1,875.000,975.000,-1,-1,2,0,2,0,2,0,0,0,0,1,1,2,2,0,0,2,2
109,1648.476,3492.661,123.778,44.983,0.707389,-0.706744,-0.010660,0.705931,0.707172,-0.039612,0.035535,0.020496,0.999158,0,-0.01403,0.59638,-0.842,1.193,-1,400.000,-1,400.000,-1,325.000,325.000,300.000,300.000,675.000,800.000,-1,-1,875.000,975.000,-1,-1,2,0,2,0,2,0,0,0,0,1,1,2,2,0,0,2,2
110,1644.587,3488.574,123.612,46.415,0.689486,-0.724218,-0.010826,0.723390,0.689292,-0.039781,0.036272,0.019597,0.999150,0,-0.09403,0.71638,-5.642,1.433,-1,400.000,-1,400.000,-1,325.000,325.000,300.000,300.000,675.000,-1,-1,-1,875.000,975.000,-1,-1,2,0,2,0,2,0,0,0,0,1,2,2,2,0,0,2,2
111,1637.612,3480.804,123.275,48.088,0.668036,-0.744046,-0.011102,0.743197,0.667872,-0.040081,0.037237,0.018524,0.999135,0,-0.17403,0.83638,-10.442,1.673,-1,400.000,-1,425.000,-1,325.000,325.000,300.000,300.000,675.000,-1,-1,-1,875.000,975.000,-1,-1,2,0,2,0,2,0,0,0,0,1,2,2,2,0,0,2,2
112,1627.815,3469.127,122.723,50.001,0.642806,-0.765943,-0.011517,0.765072,0.642681,-0.040332,0.038294,0.017115,0.999120,0,-0.25403,0.95638,-15.242,1.913,-1,400.000,-1,425.000,-1,325.000,325.000,300.000,300.000,675.000,-1,-1,-1,875.000,975.000,-1,-1,2,0,2,0,2,0,0,0,0,1,2,2,2,0,0,2,2
113,1615.477,3453.333,121.920,52.001,0.615648,-0.787928,-0.012106,0.787041,0.615576,-0.040407,0.039290,0.015349,0.999110,0,-0.33403,1.00000,-20.042,2.000,-1,400.000,-1,425.000,-1,325.000,325.000,300.000,300.000,675.000,-1,-1,-1,850.000,975.000,-1,-1,2,0,2,0,2,0,0,0,0,1,2,2,2,0,0,2,2
114,1600.876,3433.235,120.903,54.001,0.587734,-0.808953,-0.012820,0.808048,0.587719,-0.040565,0.040350,0.013482,0.999095,0,-0.41403,1.00000,-24.842,2.000,-1,400.000,-1,425.000,-1,325.000,325.000,300.000,300.000,675.000,-1,-1,-1,850.000,950.000,-1,-1,2,0,2,0,2,0,0,0,0,1,2,2,2,0,0,2,2
115,1584.301,3408.661,119.665,56.001,0.559094,-0.828992,-0.013652,0.828067,0.559142,-0.040806,0.041462,0.011510,0.999074,0,-0.49403,1.00000,-29.642,2.000,-1,400.000,-1,425.000,-1,325.000,325.000,300.000,300.000,675.000,-1,-1,-1,850.000,950.000,-1,-1,2,0,2,0,2,0,0,0,0,1,2,2,2,0,0,2,2
116,1566.050,3379.452,118.197,58.001,0.529765,-0.848019,-0.014596,0.847074,0.529882,-0.041129,0.042612,0.009425,0.999047,0,-0.57403,1.00000,-34.442,2.000,-1,400.000,-1,425.000,-1,325.000,325.000,300.000,300.000,675.000,-1,-1,-1,825.000,925.000,-1,-1,2,0,2,0,2,0,0,0,0,1,2,2,2,0,0,2,2
117,1547.289,3346.955,116.572,60.001,0.499781,-0.866011,-0.015609,0.865047,0.499973,-0.041488,0.043733,0.007232,0.999017,0,-0.62540,1.00000,-37.524,2.000,-1,400.000,-1,425.000,-1,325.000,325.000,300.000,300.000,675.000,-1,-1,-1,825.000,925.000,-1,-1,2,0,2,0,2,0,0,0,0,1,2,2,2,0,0,2,2
118,1529.917,3314.281,114.971,62.001,0.469182,-0.882945,-0.016647,0.881971,0.469452,-0.041739,0.044669,0.004901,0.998990,0,-0.61674,1.00000,-37.005,2.000,-1,400.000,-1,400.000,-1,325.000,325.000,300.000,300.000,675.000,-1,-1,-1,800.000,900.000,-1,-1,2,0,2,0,2,0,0,0,0,1,2,2,2,0,0,2,2
119,1513.964,3281.571,113.375,64.001,0.438006,-0.898798,-0.017664,0.897820,0.438355,-0.041994,0.045488,0.002535,0.998962,0,-0.60656,1.00000,-36.394,2.000,-1,400.000,-1,400.000,-1,325.000,325.000,300.000,300.000,700.000,-1,-1,-1,800.000,875.000,-1,-1,2,0,2,0,2,0,0,0,0,1,2,2,2,0,0,2,2
120,1499.446,3248.960,111.795,66.001,0.406294,-0.913552,-0.018655,0.912575,0.406722,-0.042251,0.046186,0.000142,0.998933,0,-0.59494,1.00000,-35.697,2.000,-1,400.000,-1,400.000,-1,325.000,325.000,300.000,300.000,800.000,-1,-1,-1,775.000,875.000,-1,-1,2,0,2,0,2,0,0,0,0,1,2,2,2,0,0,2,2
121,1484.903,3212.964,110.057,68.001,0.374079,-0.927187,-0.019708,0.926214,0.374591,-0.042539,0.046824,-0.002341,0.998900,0,-0.64705,1.00000,-38.823,2.000,-1,400.000,-1,400.000,-1,325.000,325.000,300.000,300.000,-1,-1,-1,-1,775.000,875.000,-1,-1,2,0,2,0,2,0,0,0,0,2,2,2,2,0,0,2,2
122,1471.850,3177.098,108.309,70.001,0.341403,-0.939687,-0.020808,0.938729,0.342001,-0.042697,0.047239,-0.004956,0.998871,0,-0.63613,1.00000,-38.168,2.000,-1,400.000,-1,400.000,-1,325.000,325.000,300.000,300.000,-1,-1,-1,-1,775.000,875.000,-1,-1,2,0,2,0,2,0,0,1,0,2,2,2,2,0,0,2,2
123,1460.296,3141.536,106.625,72.001,0.308320,-0.951035,-0.021698,0.950103,0.308993,-0.042749,0.047360,-0.007435,0.998850,0,-0.62319,1.00000,-37.392,2.000,-1,400.000,-1,400.000,-1,325.000,325.000,300.000,300.000,-1,-1,-1,-1,750.000,850.000,-1,-1,2,0,2,0,2,0,0,1,0,2,2,2,2,0,0,2,2
124,1450.235,3106.448,105.001,74.001,0.274867,-0.961220,-0.022459,0.960319,0.275608,-0.042742,0.047274,-0.009820,0.998834,0,-0.60837,1.00000,-36.502,2.000,-1,400.000,-1,400.000,-1,325.000,325.000,275.000,300.000,-1,-1,-1,-1,750.000,850.000,-1,-1,2,0,2,0,2,0,0,1,0,2,2,2,2,0,0,2,2
125,1441.644,3071.991,103.424,76.001,0.241081,-0.970228,-0.023202,0.969363,0.241888,-0.042716,0.047057,-0.012193,0.998818,0,-0.59186,1.00000,-35.512,2.000,-1,400.000,-1,400.000,-1,325.000,325.000,275.000,300.000,-1,-1,-1,-1,750.000,850.000,-1,-1,2,0,2,0,2,0,0,1,0,2,2,2,2,0,0,2,2
126,1434.485,3038.309,101.902,78.001,0.207004,-0.978047,-0.023927,0.977224,0.207874,-0.042672,0.046709,-0.014549,0.998803,0,-0.57391,1.00000,-34.434,2.000,-1,400.000,-1,400.000,-1,325.000,325.000,275.000,325.000,-1,-1,-1,-1,750.000,850.000,-1,-1,2,0,2,0,2,0,0,1,0,2,2,2,2,0,0,2,2
127,1428.705,3005.527,100.440,80.001,0.172678,-0.984670,-0.024632,0.983893,0.173607,-0.042613,0.046236,-0.016877,0.998788,0,-0.55479,1.00000,-33.287,2.000,-1,375.000,-1,400.000,-1,325.000,325.000,275.000,325.000,-1,-1,-1,-1,750.000,825.000,-1,-1,2,0,2,0,2,0,0,1,0,2,2,2,2,0,0,2,2
128,1424.240,2973.750,99.044,82.001,0.138145,-0.990088,-0.025319,0.989360,0.139131,-0.042540,0.045641,-0.019173,0.998774,0,-0.53481,1.00000,-32.089,2.000,925.000,375.000,-1,400.000,-1,325.000,325.000,275.000,325.000,-1,-1,-1,-1,750.000,825.000,-1,-1,1,0,2,0,2,0,0,1,0,2,2,2,2,0,0,2,2
129,1421.014,2943.062,97.719,84.001,0.103449,-0.994295,-0.025985,0.993619,0.104488,-0.042456,0.044929,-0.021428,0.998760,0,-0.51429,1.00000,-30.858,2.000,850.000,375.000,-1,400.000,-1,325.000,325.000,275.000,325.000,-1,-1,-1,-1,725.000,825.000,-1,-1,1,0,2,0,2,0,0,1,0,2,2,2,2,0,0,2,2
130,1418.948,2913.522,96.462,86.001,0.068632,-0.997287,-0.026619,0.996666,0.069721,-0.042376,0.044117,-0.023622,0.998747,0,-0.49353,1.00000,-29.612,2.000,775.000,375.000,-1,400.000,-1,325.000,325.000,275.000,325.000,-1,-1,-1,-1,725.000,825.000,-1,-1,1,0,2,0,2,0,0,1,0,2,2,2,2,0,0,2,2
131,1417.958,2885.171,95.249,88.001,0.033740,-0.999063,-0.027122,0.998493,0.034872,-0.042383,0.043289,-0.025651,0.998733,0,-0.47280,1.00000,-28.368,2.000,725.000,375.000,-1,400.000,-1,325.000,325.000,275.000,325.000,-1,-1,-1,-1,725.000,800.000,-1,-1,1,0,2,0,2,0,0,1,0,2,2,2,2,0,0,2,2
132,1417.958,2858.029,94.108,90.001,-0.001187,-0.999619,-0.027590,0.999101,-0.000016,-0.042383,0.042367,-0.027616,0.998720,0,-0.45236,1.00000,-27.141,2.000,675.000,375.000,-1,400.000,-1,325.000,325.000,275.000,325.000,-1,-1,-1,-1,725.000,800.000,-1,-1,1,0,2,0,2,0,0,1,0,2,2,2,2,0,0,2,2
133,1418.695,2835.700,93.187,91.891,-0.034183,-0.999024,-0.027969,0.998556,-0.032980,-0.042395,0.041432,-0.029378,0.998709,0,-0.37236,0.94493,-22.341,1.890,650.000,375.000,-1,400.000,-1,325.000,325.000,275.000,325.000,-1,-1,-1,-1,725.000,800.000,-1,-1,1,0,2,0,2,0,0,1,0,2,2,2,2,0,0,2,2
134,1419.850,2818.196,92.484,93.778,-0.067094,-0.997346,-0.028266,0.996926,-0.065863,-0.042433,0.040459,-0.031026,0.998699,0,-0.29236,0.94371,-17.541,1.887,625.000,375.000,-1,400.000,-1,325.000,325.000,275.000,325.000,-1,-1,975.000,-1,725.000,775.000,925.000,-1,1,0,2,0,2,0,0,1,0,2,2,0,2,0,0,1,2
135,1421.107,2805.517,91.966,95.663,-0.099874,-0.994595,-0.028401,0.994220,-0.098625,-0.042423,0.039392,-0.032474,0.998696,0,-0.21236,0.94238,-12.741,1.885,575.000,375.000,-1,400.000,-1,325.000,325.000,275.000,325.000,-1,-1,925.000,-1,725.000,775.000,850.000,-1,1,0,2,0,2,0,0,1,0,2,2,0,2,0,0,1,2
136,1422.149,2797.644,91.637,97.545,-0.132496,-0.990776,-0.028429,0.990444,-0.131235,-0.042402,0.038280,-0.033775,0.998696,0,-0.13236,0.94117,-7.941,1.882,550.000,375.000,-1,400.000,-1,325.000,325.000,275.000,325.000,-1,1000.000,900.000,-1,725.000,775.000,800.000,-1,1,0,2,0,2,0,0,1,0,2,0,0,2,1,0,1,2
137,1422.663,2794.544,91.500,99.426,-0.164941,-0.985895,-0.028388,0.985603,-0.163671,-0.042409,0.037164,-0.034974,0.998697,0,-0.05236,0.94028,-3.141,1.881,525.000,375.000,-1,400.000,-1,325.000,325.000,275.000,325.000,-1,950.000,875.000,-1,700.000,775.000,750.000,-1,1,0,2,0,2,0,0,1,0,2,0,0,2,1,0,1,2
