timestep,x_cm,y_cm,z_cm,yaw_deg,basis_xx,basis_xy,basis_xz,basis_yx,basis_yy,basis_yz,basis_zx,basis_zy,basis_zz,teleport_flag,throttle_cmd,steering_cmd,cmd_move_cm,cmd_turn_deg,lidar_cm_0,lidar_cm_1,lidar_cm_2,lidar_cm_3,lidar_cm_4,lidar_cm_5,lidar_cm_6,lidar_cm_7,lidar_cm_8,lidar_cm_9,lidar_cm_10,lidar_cm_11,lidar_cm_12,lidar_cm_13,lidar_cm_14,lidar_cm_15,lidar_cm_16,lidar_class_0,lidar_class_1,lidar_class_2,lidar_class_3,lidar_class_4,lidar_class_5,lidar_class_6,lidar_class_7,lidar_class_8,lidar_class_9,lidar_class_10,lidar_class_11,lidar_class_12,lidar_class_13,lidar_class_14,lidar_class_15,lidar_class_16
0,2951.986,-2946.904,264.056,-93.448,-0.059737,0.997917,0.024348,-0.998070,-0.060125,0.015526,0.016958,-0.023374,0.999583,1,-0.08000,0.12000,-4.800,0.240,750.000,375.000,-1,425.000,-1,325.000,325.000,300.000,300.000,-1,400.000,375.000,700.000,600.000,750.000,850.000,-1,0,0,2,0,2,0,0,0,0,2,1,1,1,0,0,0,2
1,2952.521,-2937.319,263.916,-93.196,-0.055336,0.998157,0.024907,-0.998328,-0.055729,0.015347,0.016707,-0.024016,0.999572,0,-0.16000,0.12617,-9.600,0.252,750.000,375.000,-1,425.000,-1,325.000,325.000,300.000,300.000,-1,375.000,350.000,700.000,600.000,750.000,850.000,-1,0,0,2,0,2,0,0,0,0,2,1,1,1,0,0,0,2
2,2953.261,-2922.938,263.700,-92.945,-0.050962,0.998368,0.025761,-0.998566,-0.051361,0.015077,0.016375,-0.024956,0.999554,0,-0.24000,0.12532,-14.400,0.251,750.000,375.000,-1,425.000,-1,325.000,325.000,300.000,300.000,-1,375.000,350.000,700.000,625.000,750.000,850.000,-1,0,0,2,0,2,0,0,0,0,2,1,1,1,0,0,0,2
3,2954.165,-2903.759,263.407,-92.697,-0.046629,0.998550,0.026915,-0.998785,-0.047036,0.014712,0.015957,-0.026196,0.999529,0,-0.32000,0.12404,-19.200,0.248,750.000,375.000,-1,425.000,-1,325.000,325.000,300.000,300.000,-1,350.000,325.000,675.000,625.000,750.000,850.000,-1,0,0,2,0,2,0,0,0,0,2,1,1,1,0,0,0,2
4,2955.193,-2879.781,263.038,-92.452,-0.042353,0.998700,0.028372,-0.998983,-0.042770,0.014250,0.015445,-0.027740,0.999496,0,-0.40000,0.12233,-24.000,0.245,750.000,375.000,-1,425.000,-1,325.000,325.000,300.000,300.000,-1,325.000,300.000,650.000,625.000,750.000,850.000,-1,0,0,2,0,2,0,0,0,0,2,1,1,1,0,0,0,2
5,2956.202,-2853.663,262.634,-92.212,-0.038152,0.998822,0.029972,-0.999161,-0.038577,0.013739,0.014879,-0.029423,0.999456,0,-0.43563,0.12020,-26.138,0.240,750.000,375.000,-1,425.000,-1,325.000,325.000,300.000,300.000,-1,300.000,275.000,625.000,625.000,750.000,850.000,-1,0,0,2,0,2,0,0,0,0,2,1,1,1,0,0,0,2
6,2957.108,-2827.427,262.227,-91.976,-0.034034,0.998921,0.031591,-0.999319,-0.034465,0.013215,0.014290,-0.031119,0.999414,0,-0.43752,0.11788,-26.251,0.236,750.000,375.000,-1,425.000,-1,325.000,325.000,300.000,300.000,-1,275.000,250.000,600.000,625.000,775.000,850.000,-1,0,0,2,0,2,0,0,0,0,2,1,1,1,0,0,0,2
7,2957.911,-2801.074,261.818,-91.745,-0.029999,0.998998,0.033227,-0.999456,-0.030434,0.012682,0.013680,-0.032829,0.999367,0,-0.43943,0.11555,-26.366,0.231,750.000,375.000,-1,425.000,-1,325.000,325.000,300.000,300.000,-1,250.000,225.000,575.000,625.000,775.000,850.000,-1,0,0,2,0,2,0,0,0,0,2,1,1,1,0,0,0,2
8,2958.614,-2774.603,261.406,-91.519,-0.026047,0.999052,0.034882,-0.999576,-0.026485,0.012137,0.013050,-0.034551,0.999318,0,-0.44134,0.11321,-26.480,0.226,750.000,375.000,-1,425.000,-1,325.000,325.000,300.000,300.000,-1,225.000,200.000,550.000,625.000,775.000,850.000,-1,0,0,2,0,2,0,0,0,0,2,1,1,1,0,0,0,2
9,2959.216,-2748.014,260.994,-91.297,-0.022180,0.999086,0.036553,-0.999677,-0.022617,0.011583,0.012400,-0.036284,0.999265,0,-0.44326,0.11085,-26.595,0.222,750.000,375.000,-1,425.000,-1,325.000,325.000,300.000,300.000,-1,175.000,175.000,525.000,625.000,775.000,850.000,-1,0,0,2,0,2,0,0,0,0,2,1,1,1,0,0,0,2
10,2959.721,-2721.308,260.581,-91.080,-0.018398,0.999099,0.038241,-0.999762,-0.018832,0.011020,0.011730,-0.038030,0.999208,0,-0.44518,0.10849,-26.711,0.217,750.000,375.000,-1,400.000,-1,325.000,325.000,300.000,300.000,-1,150.000,150.000,500.000,625.000,800.000,850.000,-1,0,0,2,0,2,0,0,0,0,2,1,1,1,0,0,0,2
11,2960.128,-2694.484,260.167,-90.868,-0.014702,0.999094,0.039946,-0.999831,-0.015130,0.010448,0.011043,-0.039786,0.999147,0,-0.44712,0.10612,-26.827,0.212,725.000,375.000,-1,400.000,-1,325.000,325.000,300.000,300.000,-1,125.000,125.000,475.000,625.000,800.000,850.000,-1,0,0,2,0,2,0,0,0,0,2,1,1,1,0,0,0,2
12,2960.439,-2667.542,259.754,-90.660,-0.011091,0.999070,0.041666,-0.999885,-0.011512,0.009867,0.010338,-0.041552,0.999083,0,-0.44906,0.10373,-26.944,0.207,725.000,375.000,-1,400.000,-1,325.000,325.000,300.000,300.000,-1,100.000,100.000,450.000,625.000,800.000,850.000,-1,0,0,2,0,2,0,0,0,0,2,1,1,1,0,0,0,2
13,2960.656,-2640.483,259.341,-90.457,-0.007567,0.999029,0.043401,-0.999925,-0.007977,0.009279,0.009616,-0.043328,0.999015,0,-0.45101,0.10134,-27.061,0.203,725.000,375.000,-1,400.000,-1,325.000,325.000,300.000,300.000,-1,75.000,75.000,425.000,625.000,800.000,850.000,-1,0,0,2,0,2,0,0,0,0,2,1,1,1,0,0,0,2
14,2960.781,-2613.305,259.391,-90.260,-0.004162,0.998938,0.045889,-0.999959,-0.004526,0.007842,0.008041,-0.045854,0.998916,0,-0.45297,0.09893,-27.178,0.198,725.000,350.000,-1,400.000,-1,325.000,325.000,300.000,300.000,-1,50.000,50.000,400.000,625.000,800.000,850.000,-1,0,0,2,0,2,0,0,0,0,2,1,1,1,0,0,0,2
15,2960.816,-2586.009,262.990,-90.067,-0.001348,0.998777,0.049428,-0.999992,-0.001160,-0.003823,-0.003761,-0.049433,0.998770,0,-0.45494,0.09652,-27.296,0.193,650.000,350.000,-1,400.000,-1,300.000,325.000,300.000,325.000,-1,50.000,25.000,425.000,600.000,775.000,750.000,-1,0,0,2,0,2,0,0,0,0,2,1,1,1,0,0,0,2
16,2960.762,-2558.594,266.613,-89.878,0.001293,0.998592,0.053029,-0.999877,0.002120,-0.015541,-0.015631,-0.053002,0.998472,0,-0.45691,0.09409,-27.415,0.188,600.000,350.000,-1,400.000,-1,300.000,325.000,300.000,325.000,-1,50.000,25.000,450.000,575.000,750.000,650.000,-1,0,0,2,0,2,0,0,0,0,2,1,1,1,0,0,0,2
17,2960.619,-2531.062,270.262,-89.695,0.003759,0.998385,0.056683,-0.999613,0.005314,-0.027308,-0.027565,-0.056558,0.998019,0,-0.45889,0.09166,-27.534,0.183,550.000,325.000,-1,375.000,-1,300.000,300.000,325.000,350.000,-1,50.000,25.000,475.000,550.000,700.000,600.000,-1,0,0,2,0,2,0,0,0,0,2,1,1,1,0,0,0,2
18,2960.391,-2503.411,273.937,-89.517,0.006048,0.998157,0.060382,-0.999199,0.008421,-0.039122,-0.039558,-0.060097,0.997408,0,-0.46088,0.08921,-27.653,0.178,500.000,325.000,-1,375.000,-1,300.000,300.000,325.000,350.000,-1,25.000,25.000,500.000,525.000,675.000,550.000,-1,0,0,2,0,2,0,0,0,0,2,1,1,1,0,0,0,2
19,2960.178,-2480.560,276.982,-89.454,0.006380,0.997954,0.063618,-0.998759,0.009502,-0.048892,-0.049397,-0.063227,0.996776,0,-0.38088,0.03108,-22.853,0.062,475.000,325.000,-1,375.000,-1,275.000,300.000,325.000,375.000,-1,25.000,0.000,525.000,500.000,650.000,500.000,-1,0,0,2,0,2,0,0,0,0,2,1,1,1,0,0,0,2
20,-3607.631,-4919.486,416.739,32.986,0.838830,-0.544124,-0.017125,0.544392,0.838339,0.028718,-0.001269,-0.033412,0.999441,1,0.00000,0.00000,-18.053,0.058,-1,375.000,-1,375.000,-1,300.000,300.000,350.000,325.000,-1,425.000,525.000,-1,675.000,700.000,-1,-1,2,0,2,0,2,0,0,0,0,2,1,1,2,0,0,2,2
21,-3603.616,-4916.855,416.747,33.226,0.836540,-0.547628,-0.017430,0.547904,0.836048,0.028712,-0.001151,-0.033569,0.999436,0,0.08000,0.12000,4.800,0.240,-1,375.000,-1,375.000,-1,300.000,300.000,350.000,325.000,-1,450.000,525.000,-1,675.000,700.000,-1,-1,2,0,2,0,2,0,0,0,0,2,1,1,2,0,0,2,2
22,-3595.630,-4911.528,416.760,33.706,0.831917,-0.554607,-0.018047,0.554900,0.831422,0.028701,-0.000913,-0.033891,0.999425,0,0.16000,0.24000,9.600,0.480,-1,375.000,-1,375.000,-1,300.000,300.000,350.000,325.000,-1,450.000,550.000,-1,700.000,700.000,-1,-1,2,0,2,0,2,0,0,0,0,2,1,1,2,0,0,2,2
23,-3583.752,-4903.387,416.781,34.426,0.824872,-0.565001,-0.018990,0.565320,0.824373,0.028681,-0.000550,-0.034394,0.999408,0,0.24000,0.36000,14.400,0.720,-1,375.000,-1,375.000,-1,300.000,300.000,350.000,325.000,-1,475.000,550.000,-1,700.000,700.000,-1,-1,2,0,2,0,2,0,0,0,0,2,1,1,2,0,0,2,2
24,-3568.099,-4892.269,416.665,35.386,0.815283,-0.578730,-0.019627,0.579062,0.814786,0.028461,-0.000479,-0.034569,0.999402,0,0.32000,0.48000,19.200,0.960,-1,375.000,-1,375.000,-1,300.000,300.000,350.000,325.000,-1,500.000,600.000,-1,700.000,700.000,-1,-1,2,0,2,0,2,0,0,0,0,2,1,1,2,0,0,2,2
25,-3548.808,-4877.991,416.501,36.508,0.803784,-0.594572,-0.020395,0.594921,0.803290,0.028178,-0.000371,-0.034782,0.999395,0,0.40000,0.56109,24.000,1.122,-1,375.000,-1,375.000,-1,300.000,300.000,350.000,325.000,-1,525.000,625.000,-1,700.000,700.000,-1,-1,2,0,2,0,2,0,0,0,0,2,1,1,2,0,0,2,2
26,-3525.998,-4860.408,416.322,37.626,0.792015,-0.610123,-0.021486,0.610501,0.791525,0.027863,0.000007,-0.035185,0.999381,0,0.48000,0.55899,28.800,1.118,-1,375.000,-1,375.000,-1,300.000,300.000,350.000,325.000,-1,550.000,675.000,-1,700.000,700.000,-1,-1,2,0,2,0,2,0,0,0,0,2,1,1,2,0,0,2,2
27,-3499.790,-4839.382,416.188,38.739,0.779996,-0.625365,-0.022916,0.625784,0.779503,0.027717,0.000530,-0.035959,0.999353,0,0.56000,0.55647,33.600,1.113,-1,375.000,-1,375.000,-1,300.000,300.000,350.000,325.000,-1,550.000,700.000,-1,725.000,700.000,-1,-1,2,0,2,0,2,0,0,0,0,2,0,1,2,0,0,2,2
28,-3470.308,-4814.778,416.174,39.846,0.767746,-0.640277,-0.024715,0.640753,0.767237,0.027982,0.001046,-0.037319,0.999303,0,0.64000,0.55355,38.400,1.107,-1,375.000,-1,375.000,-1,300.000,300.000,350.000,325.000,-1,525.000,725.000,-1,725.000,700.000,-1,-1,2,0,2,0,2,0,0,0,0,2,0,0,2,0,0,2,2
29,-3437.679,-4786.466,416.214,40.946,0.755277,-0.654853,-0.026902,0.655403,0.754752,0.028226,0.001821,-0.038950,0.999239,0,0.72000,0.55021,43.200,1.100,-1,375.000,-1,375.000,-1,300.000,300.000,350.000,325.000,-1,500.000,725.000,-1,725.000,700.000,-1,-1,2,0,2,0,2,0,0,0,0,2,0,0,2,0,0,2,2
30,-3402.031,-4754.323,416.338,42.039,0.742606,-0.669079,-0.029487,0.669723,0.742067,0.028422,0.002865,-0.040855,0.999161,0,0.80000,0.54647,48.000,1.093,-1,375.000,-1,375.000,-1,300.000,300.000,350.000,325.000,-1,450.000,700.000,-1,725.000,700.000,-1,-1,2,0,2,0,2,0,0,0,0,2,0,0,2,0,0,2,2
31,-3363.494,-4718.230,416.575,43.124,0.729749,-0.682944,-0.032473,0.683703,0.729202,0.028540,0.004188,-0.043029,0.999065,0,0.88000,0.54233,52.800,1.085,-1,375.000,-1,375.000,-1,300.000,300.000,350.000,325.000,-1,425.000,700.000,-1,750.000,700.000,-1,-1,2,0,2,0,2,0,0,0,0,2,0,0,2,0,0,2,2
32,-3322.766,-4678.623,416.773,44.199,0.716744,-0.696449,-0.035160,0.697316,0.716190,0.028675,0.005211,-0.045071,0.998970,0,0.94686,0.53778,56.811,1.076,-1,375.000,-1,375.000,-1,300.000,300.000,350.000,325.000,-1,375.000,700.000,-1,750.000,700.000,-1,-1,2,0,2,0,2,0,0,0,0,2,0,0,2,0,0,2,2
33,-3282.617,-4638.098,416.764,45.265,0.703638,-0.709548,-0.037872,0.710539,0.703010,0.030185,0.005207,-0.048149,0.998827,0,0.95077,0.53291,57.046,1.066,-1,375.000,-1,375.000,-1,300.000,300.000,350.000,325.000,-1,375.000,750.000,-1,750.000,725.000,-1,-1,2,0,2,0,2,0,0,0,0,2,0,0,2,0,0,2,2
34,-3243.060,-4596.671,416.855,46.321,0.690413,-0.722274,-0.040616,0.723397,0.689708,0.031628,0.005169,-0.051218,0.998674,0,0.95466,0.52803,57.280,1.056,-1,375.000,-1,375.000,-1,300.000,300.000,350.000,325.000,-1,350.000,800.000,-1,750.000,725.000,-1,-1,2,0,2,0,2,0,0,0,0,2,0,0,2,0,0,2,2
35,-3204.109,-4554.357,417.049,47.368,0.677081,-0.734629,-0.043383,0.735891,0.676295,0.033007,0.005092,-0.054274,0.998513,0,0.95854,0.52314,57.512,1.046,-1,375.000,-1,375.000,-1,300.000,300.000,350.000,325.000,-1,375.000,850.000,-1,750.000,725.000,-1,-1,2,0,2,0,2,0,0,0,0,2,0,0,2,0,0,2,2
36,-3165.776,-4511.173,417.366,48.404,0.663658,-0.746639,-0.045705,0.748020,0.662803,0.034024,0.004890,-0.056769,0.998375,0,0.96240,0.51825,57.744,1.036,-1,375.000,-1,375.000,-1,300.000,300.000,350.000,350.000,-1,400.000,925.000,-1,775.000,750.000,-1,-1,2,0,2,0,2,0,0,0,0,2,0,0,2,0,0,2,2
37,-3128.072,-4467.134,417.483,49.431,0.650114,-0.758345,-0.047590,0.759817,0.649275,0.033461,0.005524,-0.057913,0.998306,0,0.96624,0.51335,57.975,1.027,-1,375.000,-1,375.000,-1,325.000,300.000,350.000,350.000,-1,350.000,925.000,-1,800.000,750.000,-1,-1,2,0,2,0,2,0,0,0,0,2,0,0,2,0,0,2,2
38,-3091.009,-4422.256,417.727,50.448,0.636496,-0.769692,-0.049478,0.771257,0.635668,0.033014,0.006041,-0.059173,0.998229,0,0.97007,0.50845,58.204,1.017,-1,400.000,-1,375.000,-1,325.000,325.000,350.000,350.000,-1,375.000,950.000,-1,850.000,775.000,-1,-1,2,0,2,0,2,0,0,0,0,2,0,0,2,0,0,2,2
39,-3054.599,-4376.554,418.099,51.455,0.622815,-0.780681,-0.051371,0.782343,0.621990,0.032686,0.006435,-0.060547,0.998145,0,0.97388,0.50354,58.433,1.007,-1,400.000,-1,400.000,-1,325.000,325.000,350.000,350.000,-1,400.000,1000.000,-1,875.000,800.000,-1,-1,2,0,2,0,2,0,0,0,0,2,0,0,2,0,0,2,2
40,-3018.896,-4330.100,418.247,52.455,0.609102,-0.791411,-0.051599,0.793071,0.608260,0.032517,0.005652,-0.060728,0.998138,0,0.97650,0.50014,58.590,1.000,-1,400.000,-1,400.000,-1,325.000,325.000,350.000,350.000,-1,450.000,-1,-1,900.000,800.000,-1,-1,2,0,2,0,2,0,0,0,0,2,0,2,2,0,0,2,2
41,-2984.009,-4283.030,418.425,53.455,0.595228,-0.801912,-0.051386,0.803545,0.594354,0.032552,0.004438,-0.060667,0.998148,0,0.97650,0.50014,58.590,1.000,-1,400.000,-1,375.000,-1,325.000,325.000,350.000,325.000,-1,525.000,-1,-1,925.000,800.000,-1,-1,2,0,2,0,2,0,0,0,0,2,0,2,2,0,0,2,2
42,-2949.948,-4235.357,418.660,54.456,0.581171,-0.812175,-0.051119,0.813775,0.580270,0.032501,0.003266,-0.060488,0.998164,0,0.97650,0.50014,58.590,1.000,-1,400.000,-1,375.000,-1,325.000,325.000,350.000,325.000,-1,575.000,-1,-1,950.000,850.000,-1,-1,2,0,2,0,2,0,0,0,0,2,0,2,2,0,0,2,2
43,-2916.726,-4187.098,418.886,55.456,0.566925,-0.822207,-0.050702,0.823766,0.566022,0.032076,0.002326,-0.059952,0.998199,0,0.97650,0.50014,58.590,1.000,-1,400.000,-1,375.000,-1,325.000,325.000,350.000,325.000,-1,-1,-1,-1,975.000,875.000,-1,-1,2,0,2,0,2,0,0,0,0,2,2,2,2,0,0,2,2
44,-2884.351,-4138.265,418.940,56.456,0.552532,-0.831936,-0.050899,0.833491,0.551564,0.032709,0.000862,-0.060497,0.998168,0,0.97650,0.50014,58.590,1.000,-1,425.000,-1,375.000,-1,325.000,325.000,350.000,325.000,-1,-1,-1,-1,1000.000,925.000,-1,-1,2,0,2,0,2,0,0,0,0,2,2,2,2,0,0,2,2
45,-2852.834,-4088.875,418.769,57.456,0.537936,-0.841344,-0.052590,0.842986,0.536897,0.033418,0.000119,-0.062309,0.998057,0,0.97650,0.50014,58.590,1.000,-1,425.000,-1,375.000,-1,325.000,300.000,350.000,325.000,-1,-1,-1,-1,-1,975.000,-1,-1,2,0,2,0,2,0,0,0,0,2,2,2,2,2,0,2,2
46,-2822.185,-4038.941,418.670,58.457,0.523182,-0.850487,-0.054335,0.852221,0.522065,0.034167,-0.000692,-0.064181,0.997938,0,0.97650,0.50014,58.590,1.000,-1,450.000,-1,375.000,-1,325.000,325.000,350.000,325.000,-1,-1,-1,-1,-1,1000.000,-1,-1,2,0,2,0,2,0,0,0,0,2,2,2,2,2,0,2,2
47,-2794.659,-3992.728,418.231,59.217,0.511943,-0.857141,-0.056775,0.859015,0.510616,0.036933,-0.002666,-0.067678,0.997704,0,0.89650,0.38014,53.790,0.760,-1,450.000,-1,400.000,-1,350.000,325.000,350.000,325.000,-1,-1,-1,-1,-1,-1,-1,-1,2,0,2,0,2,0,0,0,0,2,2,2,2,2,2,2,2
48,-2770.137,-3950.318,417.721,59.958,0.500938,-0.863444,-0.059376,0.865468,0.499344,0.040260,-0.005114,-0.071556,0.997423,0,0.81650,0.37078,48.990,0.742,-1,450.000,-1,400.000,-1,350.000,325.000,325.000,325.000,-1,-1,-1,-1,-1,-1,-1,-1,2,0,2,0,2,0,0,0,0,2,2,2,2,2,2,2,2
49,-2748.514,-3911.780,417.294,60.700,0.489860,-0.869607,-0.061821,0.871769,0.488000,0.043299,-0.007484,-0.075104,0.997148,0,0.73650,0.37078,44.190,0.742,-1,450.000,-1,425.000,-1,350.000,325.000,325.000,325.000,-1,-1,-1,-1,-1,-1,-1,-1,2,0,2,0,2,0,0,0,0,2,2,2,2,2,2,2,2
50,-2727.415,-3873.005,416.891,61.442,0.478719,-0.875605,-0.064377,0.877912,0.476571,0.046378,-0.009928,-0.078719,0.996847,0,0.73573,0.37078,44.144,0.742,-1,450.000,-1,425.000,-1,350.000,325.000,325.000,350.000,-1,-1,-1,-1,-1,-1,-1,-1,2,0,2,0,2,0,0,0,0,2,2,2,2,2,2,2,2
51,-2706.818,-3833.962,416.235,62.183,0.467456,-0.881509,-0.066537,0.883940,0.465098,0.048317,-0.011646,-0.081401,0.996613,0,0.73573,0.37078,44.144,0.742,-1,450.000,-1,425.000,-1,350.000,325.000,325.000,350.000,-1,-1,-1,-1,-1,-1,-1,-1,2,0,2,0,2,0,0,0,0,2,2,2,2,2,2,2,2
52,-2686.729,-3794.655,415.535,62.925,0.456114,-0.887269,-0.068660,0.889823,0.453555,0.050032,-0.013251,-0.083916,0.996385,0,0.73573,0.37078,44.144,0.742,-1,450.000,-1,450.000,-1,350.000,350.000,325.000,375.000,-1,-1,-1,-1,-1,-1,-1,-1,2,0,2,0,2,0,0,0,0,2,2,2,2,2,2,2,2
53,-2667.148,-3755.092,414.214,63.666,0.444809,-0.893049,-0.067881,0.895467,0.442026,0.052460,-0.016844,-0.084120,0.996313,0,0.73573,0.37078,44.144,0.742,-1,450.000,-1,450.000,-1,350.000,350.000,325.000,375.000,-1,-1,-1,-1,1000.000,-1,-1,-1,2,0,2,0,2,0,0,0,0,2,2,2,2,0,2,2,2
54,-2648.079,-3715.279,412.552,64.408,0.433483,-0.898775,-0.065542,0.900903,0.430469,0.055403,-0.021581,-0.083063,0.996311,0,0.73573,0.37078,44.144,0.742,-1,450.000,-1,450.000,-1,350.000,325.000,325.000,350.000,-1,-1,-1,-1,975.000,-1,-1,-1,2,0,2,0,2,0,0,0,0,2,2,2,2,0,2,2,2
55,-2629.528,-3675.223,410.764,65.149,0.422092,-0.904386,-0.062648,0.906156,0.418854,0.058679,-0.026829,-0.081537,0.996309,0,0.73573,0.37078,44.144,0.742,-1,425.000,-1,425.000,-1,350.000,325.000,325.000,350.000,-1,-1,-1,-1,950.000,-1,-1,-1,2,0,2,0,2,0,0,0,0,2,2,2,2,0,2,2,2
56,-2611.496,-3634.931,408.998,65.891,0.410618,-0.909838,-0.059900,0.911241,0.407161,0.062129,-0.032138,-0.080095,0.996269,0,0.73573,0.37078,44.144,0.742,-1,425.000,-1,425.000,-1,325.000,325.000,325.000,350.000,-1,-1,-1,-1,925.000,1000.000,-1,-1,2,0,2,0,2,0,0,0,0,2,2,2,2,0,0,2,2
57,-2593.987,-3594.408,407.251,66.633,0.399065,-0.915130,-0.057304,0.916155,0.395395,0.065746,-0.037509,-0.078736,0.996190,0,0.73573,0.37078,44.144,0.742,-1,425.000,-1,425.000,-1,325.000,325.000,325.000,350.000,-1,-1,-1,-1,900.000,950.000,-1,-1,2,0,2,0,2,0,0,0,0,2,2,2,2,0,0,2,2
58,-2577.004,-3553.662,405.502,67.374,0.387434,-0.920257,-0.054971,0.920901,0.383553,0.069492,-0.042866,-0.077546,0.996067,0,0.73573,0.37078,44.144,0.742,-1,425.000,-1,425.000,-1,325.000,325.000,325.000,325.000,-1,-1,-1,-1,875.000,925.000,-1,-1,2,0,2,0,2,0,0,0,0,2,2,2,2,0,0,2,2
59,-2560.551,-3512.699,403.615,68.116,0.375732,-0.925180,-0.053557,0.925496,0.371625,0.073158,-0.047781,-0.077054,0.995881,0,0.73573,0.37078,44.144,0.742,-1,400.000,-1,400.000,-1,325.000,325.000,325.000,325.000,-1,-1,-1,-1,850.000,900.000,-1,-1,2,0,2,0,2,0,0,0,0,2,2,2,2,0,0,2,2
60,-2544.629,-3471.526,401.741,68.857,0.363969,-0.929941,-0.052310,0.929917,0.359631,0.076945,-0.052742,-0.076649,0.995662,0,0.73573,0.37078,44.144,0.742,-1,400.000,-1,400.000,-1,325.000,325.000,325.000,325.000,-1,-1,-1,-1,850.000,875.000,-1,-1,2,0,2,0,2,0,0,0,0,2,2,2,2,0,0,2,2
61,-2529.241,-3430.151,399.879,69.599,0.352149,-0.934541,-0.051232,0.934161,0.347574,0.080848,-0.057748,-0.076330,0.995409,0,0.73573,0.37078,44.144,0.742,-1,400.000,-1,400.000,-1,325.000,325.000,325.000,325.000,-1,-1,-1,-1,825.000,850.000,-1,-1,2,0,2,0,2,0,0,0,0,2,2,2,2,0,0,2,2
62,-2514.391,-3388.580,397.916,70.340,0.340284,-0.938946,-0.050865,0.938247,0.335444,0.084671,-0.062439,-0.076536,0.995110,0,0.73573,0.37078,44.144,0.742,-1,400.000,-1,400.000,-1,325.000,325.000,325.000,325.000,-1,-1,-1,-1,800.000,825.000,-1,-1,2,0,2,0,2,0,0,0,0,2,2,2,2,0,0,2,2
63,-2500.082,-3346.820,395.585,71.082,0.328407,-0.943077,-0.052491,0.942231,0.323219,0.087923,-0.065952,-0.078333,0.994743,0,0.73573,0.37078,44.144,0.742,-1,400.000,-1,400.000,-1,325.000,325.000,325.000,350.000,-1,-1,-1,-1,775.000,825.000,-1,-1,2,0,2,0,2,0,0,0,0,2,2,2,2,0,0,2,2
64,-2486.314,-3304.878,393.226,71.824,0.316510,-0.947029,-0.054388,0.946037,0.310936,0.091290,-0.069543,-0.080348,0.994338,0,0.73573,0.37078,44.144,0.742,-1,400.000,-1,400.000,-1,300.000,325.000,325.000,350.000,-1,-1,-1,-1,750.000,825.000,-1,-1,2,0,2,0,2,0,0,0,0,2,2,2,2,0,0,2,2
65,-2473.091,-3262.761,390.859,72.565,0.304590,-0.950806,-0.056498,0.949671,0.298600,0.094674,-0.073146,-0.082492,0.993904,0,0.73573,0.37078,44.144,0.742,-1,375.000,-1,400.000,-1,300.000,325.000,325.000,350.000,-1,-1,-1,-1,750.000,800.000,-1,-1,2,0,2,0,2,0,0,0,0,2,2,2,2,0,0,2,2
66,-2460.413,-3220.477,388.293,73.307,0.292567,-0.954465,-0.058319,0.953203,0.286232,0.097346,-0.076221,-0.084070,0.993540,0,0.73573,0.37078,44.144,0.742,-1,375.000,-1,400.000,-1,300.000,325.000,325.000,375.000,-1,-1,-1,-1,725.000,800.000,-1,-1,2,0,2,0,2,0,0,0,0,2,2,2,2,0,0,2,2
67,-2448.281,-3178.034,385.032,74.048,0.280230,-0.958154,-0.058411,0.956788,0.273873,0.097725,-0.077638,-0.083273,0.993498,0,0.73573,0.37078,44.144,0.742,-1,375.000,-1,400.000,-1,300.000,325.000,325.000,375.000,-1,-1,-1,-1,725.000,800.000,-1,-1,2,0,2,0,2,0,0,0,0,2,2,2,2,0,0,2,2
68,-2436.698,-3135.438,381.444,74.790,0.267740,-0.961765,-0.057652,0.960280,0.261489,0.097392,-0.078593,-0.081438,0.993575,0,0.73573,0.37078,44.144,0.742,-1,375.000,-1,400.000,-1,300.000,325.000,325.000,350.000,-1,-1,-1,-1,725.000,775.000,-1,-1,2,0,2,0,2,0,0,0,0,2,2,2,2,0,0,2,2
69,-2425.666,-3092.695,377.751,75.531,0.255172,-0.965230,-0.056734,0.963638,0.249061,0.096803,-0.079306,-0.079373,0.993685,0,0.73573,0.37078,44.144,0.742,-1,375.000,-1,400.000,-1,300.000,325.000,325.000,350.000,-1,-1,-1,-1,725.000,775.000,-1,-1,2,0,2,0,2,0,0,0,0,2,2,2,2,0,0,2,2
70,-2415.189,-3049.813,374.049,76.273,0.242569,-0.968521,-0.055917,0.966826,0.236584,0.096313,-0.080052,-0.077424,0.993779,0,0.73573,0.37078,44.144,0.742,-1,375.000,-1,400.000,-1,300.000,325.000,325.000,350.000,-1,-1,-1,-1,700.000,775.000,-1,-1,2,0,2,0,2,0,0,0,0,2,2,2,2,0,0,2,2
71,-2406.187,-3011.514,370.756,76.775,0.234015,-0.970661,-0.055263,0.968888,0.228122,0.095999,-0.080576,-0.076009,0.993846,0,0.65573,0.25078,39.344,0.502,-1,375.000,-1,400.000,-1,300.000,325.000,325.000,350.000,-1,-1,-1,-1,700.000,750.000,-1,-1,2,0,2,0,2,0,0,0,0,2,2,2,2,0,0,2,2
72,-2398.436,-2977.851,367.879,77.036,0.229532,-0.971761,-0.054740,0.969936,0.223704,0.095818,-0.080867,-0.075087,0.993893,0,0.57573,0.13078,34.544,0.262,-1,375.000,-1,400.000,-1,300.000,325.000,325.000,350.000,-1,-1,-1,-1,700.000,750.000,-1,-1,2,0,2,0,2,0,0,0,0,2,2,2,2,0,0,2,2
73,-2391.774,-2948.863,365.420,77.058,0.229133,-0.971878,-0.054318,0.970026,0.223346,0.095738,-0.080914,-0.074627,0.993923,0,0.49573,0.01078,29.744,0.022,-1,375.000,-1,400.000,-1,300.000,325.000,325.000,350.000,-1,-1,-1,-1,700.000,750.000,-1,-1,2,0,2,0,2,0,0,0,0,2,2,2,2,0,0,2,2
74,-2386.095,-2924.574,363.382,76.839,0.232817,-0.971021,-0.053980,0.969166,0.227050,0.095737,-0.080707,-0.074604,0.993942,0,0.41573,-0.10922,24.944,-0.218,-1,375.000,-1,400.000,-1,300.000,325.000,325.000,350.000,-1,-1,-1,-1,700.000,750.000,-1,-1,2,0,2,0,2,0,0,0,0,2,2,2,2,0,0,2,2
75,-2381.352,-2904.996,361.763,76.381,0.240569,-0.969145,-0.053710,0.967310,0.234805,0.095802,-0.080235,-0.075001,0.993950,0,0.33573,-0.22922,20.144,-0.458,-1,375.000,-1,400.000,-1,300.000,325.000,325.000,350.000,-1,-1,-1,-1,700.000,750.000,-1,-1,2,0,2,0,2,0,0,0,0,2,2,2,2,0,0,2,2
76,-2377.558,-2890.128,360.560,75.682,0.252365,-0.966152,-0.053504,0.964362,0.246586,0.095926,-0.079486,-0.075806,0.993949,0,0.25573,-0.34922,15.344,-0.698,-1,375.000,-1,400.000,-1,300.000,325.000,325.000,350.000,-1,-1,-1,-1,700.000,750.000,-1,-1,2,0,2,0,2,0,0,0,0,2,2,2,2,0,0,2,2
77,-2374.784,-2879.955,359.770,74.744,0.268163,-0.961894,-0.053362,0.960174,0.262352,0.096112,-0.078450,-0.077011,0.993939,0,0.17573,-0.46922,10.544,-0.938,-1,375.000,-1,400.000,-1,300.000,325.000,325.000,350.000,-1,-1,-1,-1,675.000,750.000,-1,-1,2,0,2,0,2,0,0,0,0,2,2,2,2,0,0,2,2
78,-2373.160,-2874.445,359.383,73.566,0.287904,-0.956175,-0.053292,0.954549,0.282043,0.096369,-0.077115,-0.078615,0.993918,0,0.09573,-0.58922,5.744,-1.178,-1,375.000,-1,400.000,-1,300.000,325.000,325.000,350.000,-1,-1,-1,-1,675.000,750.000,-1,-1,2,0,2,0,2,0,0,0,0,2,2,2,2,0,0,2,2
79,-2372.873,-2873.545,359.389,72.147,0.311505,-0.948748,-0.053307,0.947243,0.305577,0.096715,-0.075469,-0.080622,0.993884,0,0.01573,-0.70922,0.944,-1.418,-1,375.000,-1,400.000,-1,300.000,325.000,325.000,350.000,-1,-1,-1,-1,675.000,750.000,-1,-1,2,0,2,0,2,0,0,0,0,2,2,2,2,0,0,2,2
80,-2374.162,-2877.178,359.774,70.489,0.338857,-0.939320,-0.053424,0.937962,0.332840,0.097179,-0.073501,-0.083040,0.993832,0,-0.06427,-0.82922,-3.856,-1.658,-1,375.000,-1,400.000,-1,300.000,325.000,325.000,350.000,-1,-1,-1,-1,675.000,750.000,-1,-1,2,0,2,0,2,0,0,0,0,2,2,2,2,0,0,2,2
81,-2377.324,-2885.234,360.522,68.590,0.369817,-0.927554,-0.053666,0.926373,0.363687,0.097802,-0.071199,-0.085883,0.993758,0,-0.14427,-0.94922,-8.656,-1.898,-1,375.000,-1,400.000,-1,300.000,325.000,325.000,350.000,-1,-1,-1,-1,675.000,750.000,-1,-1,2,0,2,0,2,0,0,0,0,2,2,2,2,0,0,2,2
82,-2382.673,-2897.580,361.604,66.590,0.401993,-0.914046,-0.054055,0.913060,0.395728,0.098595,-0.068729,-0.088990,0.993658,0,-0.22427,-1.00000,-13.456,-2.000,-1,375.000,-1,400.000,-1,300.000,325.000,325.000,350.000,-1,-1,-1,-1,675.000,775.000,-1,-1,2,0,2,0,2,0,0,0,0,2,2,2,2,0,0,2,2
83,-2390.508,-2914.068,362.795,64.590,0.433608,-0.899469,-0.054218,0.898706,0.427288,0.098759,-0.065664,-0.091549,0.993633,0,-0.30427,-1.00000,-18.256,-2.000,-1,375.000,-1,400.000,-1,300.000,325.000,325.000,350.000,-1,-1,-1,-1,675.000,775.000,-1,-1,2,0,2,0,2,0,0,0,0,2,2,2,2,0,0,2,2
84,-2401.122,-2934.533,364.015,62.590,0.464612,-0.883857,-0.054154,0.883352,0.458339,0.098052,-0.061843,-0.093393,0.993707,0,-0.38427,-1.00000,-23.056,-2.000,-1,375.000,-1,400.000,-1,300.000,325.000,325.000,350.000,-1,-1,-1,-1,675.000,800.000,-1,-1,2,0,2,0,2,0,0,0,0,2,2,2,2,0,0,2,2
85,-2414.801,-2958.797,365.435,60.590,0.495045,-0.867167,-0.054333,0.866941,0.488819,0.097311,-0.057826,-0.095277,0.993770,0,-0.46427,-1.00000,-27.856,-2.000,-1,375.000,-1,400.000,-1,300.000,325.000,325.000,350.000,-1,-1,-1,-1,700.000,800.000,-1,-1,2,0,2,0,2,0,0,0,0,2,2,2,2,0,0,2,2
86,-2431.721,-2986.502,367.017,58.590,0.524869,-0.849418,-0.054791,0.849493,0.518686,0.096569,-0.053608,-0.097230,0.993817,0,-0.54108,-1.00000,-32.465,-2.000,-1,375.000,-1,400.000,-1,325.000,325.000,325.000,350.000,-1,-1,-1,-1,700.000,825.000,-1,-1,2,0,2,0,2,0,0,0,0,2,2,2,2,0,0,2,2
87,-2449.597,-3013.600,368.511,56.590,0.554048,-0.830638,-0.055419,0.831024,0.547909,0.095889,-0.049284,-0.099181,0.993848,0,-0.54108,-1.00000,-32.465,-2.000,-1,375.000,-1,400.000,-1,325.000,325.000,325.000,350.000,-1,-1,-1,-1,725.000,850.000,-1,-1,2,0,2,0,2,0,0,0,0,2,2,2,2,0,0,2,2
88,-2465.626,-3036.145,369.696,54.590,0.582549,-0.810861,-0.056048,0.811550,0.576457,0.095304,-0.044969,-0.101005,0.993869,0,-0.46108,-1.00000,-27.665,-2.000,-1,375.000,-1,425.000,-1,325.000,325.000,325.000,350.000,-1,-1,-1,-1,725.000,850.000,-1,-1,2,0,2,0,2,0,0,0,0,2,2,2,2,0,0,2,2
89,-2479.517,-3054.305,370.601,52.590,0.610338,-0.790113,-0.056640,0.791096,0.604301,0.094801,-0.040675,-0.102669,0.993884,0,-0.38108,-1.00000,-22.865,-2.000,-1,375.000,-1,425.000,-1,325.000,325.000,325.000,350.000,-1,-1,-1,-1,725.000,875.000,-1,-1,2,0,2,0,2,0,0,0,0,2,2,2,2,0,0,2,2
90,-2490.984,-3068.260,371.198,50.590,0.637387,-0.768440,-0.056903,0.769675,0.631424,0.094359,-0.036580,-0.103940,0.993911,0,-0.30108,-1.00000,-18.065,-2.000,-1,375.000,-1,425.000,-1,325.000,325.000,325.000,325.000,-1,-1,-1,-1,750.000,875.000,-1,-1,2,0,2,0,2,0,0,0,0,2,2,2,2,0,0,2,2
91,-2499.757,-3078.206,371.564,48.590,0.663663,-0.745855,-0.057029,0.747323,0.657786,0.093942,-0.032554,-0.104964,0.993943,0,-0.22108,-1.00000,-13.265,-2.000,-1,375.000,-1,425.000,-1,325.000,325.000,325.000,325.000,-1,-1,-1,-1,750.000,900.000,-1,-1,2,0,2,0,2,0,0,0,0,2,2,2,2,0,0,2,2
92,-2505.573,-3084.354,371.748,46.590,0.689135,-0.722382,-0.057064,0.724069,0.683357,0.093526,-0.028567,-0.105771,0.993980,0,-0.14108,-1.00000,-8.465,-2.000,-1,400.000,-1,425.000,-1,325.000,325.000,325.000,325.000,-1,-1,-1,-1,750.000,900.000,-1,-1,2,0,2,0,2,0,0,0,0,2,2,2,2,0,0,2,2
93,-2508.180,-3086.925,371.781,44.590,0.713777,-0.698052,-0.056978,0.699940,0.708109,0.093092,-0.024636,-0.106328,0.994026,0,-0.06108,-1.00000,-3.665,-2.000,-1,400.000,-1,425.000,-1,325.000,325.000,325.000,325.000,-1,-1,-1,-1,775.000,925.000,-1,-1,2,0,2,0,2,0,0,0,0,2,2,2,2,0,0,2,2
94,-2507.342,-3086.155,371.696,42.590,0.737560,-0.672893,-0.056743,0.674962,0.732017,0.092614,-0.020783,-0.106608,0.994084,0,0.01892,-1.00000,1.135,-2.000,-1,400.000,-1,425.000,-1,325.000,325.000,325.000,325.000,-1,-1,-1,-1,775.000,925.000,-1,-1,2,0,2,0,2,0,0,0,0,2,2,2,2,0,0,2,2
95,-2502.833,-3082.293,371.527,40.590,0.760459,-0.646938,-0.056334,0.649163,0.755057,0.092066,-0.017026,-0.106582,0.994158,0,0.09892,-1.00000,5.935,-2.000,-1,400.000,-1,425.000,-1,325.000,325.000,325.000,325.000,-1,-1,-1,-1,775.000,950.000,-1,-1,2,0,2,0,2,0,0,0,0,2,2,2,2,0,0,2,2
96,-2494.439,-3075.596,371.312,38.590,0.782448,-0.620217,-0.055730,0.622572,0.777204,0.091421,-0.013387,-0.106228,0.994252,0,0.17892,-1.00000,10.735,-2.000,-1,400.000,-1,425.000,-1,325.000,325.000,325.000,325.000,-1,-1,-1,-1,800.000,950.000,-1,-1,2,0,2,0,2,0,0,0,0,2,2,2,2,0,0,2,2
97,-2481.962,-3066.336,371.086,36.590,0.803505,-0.592760,-0.054915,0.595216,0.798437,0.090648,-0.009886,-0.105523,0.994368,0,0.25892,-1.00000,15.535,-2.000,-1,400.000,-1,425.000,-1,325.000,350.000,325.000,325.000,-1,-1,-1,-1,800.000,975.000,-1,-1,2,0,2,0,2,0,0,0,0,2,2,2,2,0,0,2,2
98,-2465.267,-3054.722,370.883,34.830,0.821249,-0.568021,-0.053875,0.570527,0.816356,0.089792,-0.007022,-0.104479,0.994502,0,0.33892,-0.88000,20.335,-1.760,-1,400.000,-1,425.000,-1,325.000,350.000,325.000,300.000,-1,-1,-1,-1,800.000,975.000,-1,-1,2,0,2,0,2,0,0,0,0,2,2,2,2,0,0,2,2
99,-2444.259,-3040.919,370.724,33.310,0.835974,-0.546243,-0.052591,0.548748,0.831253,0.088844,-0.004814,-0.103130,0.994656,0,0.41892,-0.76000,25.135,-1.520,-1,400.000,-1,425.000,-1,325.000,350.000,325.000,300.000,-1,-1,-1,-1,800.000,975.000,-1,-1,2,0,2,0,2,0,0,0,0,2,2,2,2,0,0,2,2
100,-2418.868,-3025.061,370.511,31.992,0.848312,-0.527037,-0.050977,0.529485,0.843703,0.088384,-0.003572,-0.101968,0.994781,0,0.49892,-0.65918,29.935,-1.318,-1,400.000,-1,425.000,-1,325.000,350.000,325.000,300.000,-1,-1,-1,-1,800.000,975.000,-1,-1,2,0,2,0,2,0,0,0,0,2,2,2,2,0,0,2,2
101,-2388.991,-3007.340,370.036,30.673,0.860275,-0.507489,-0.048814,0.509818,0.855610,0.089544,-0.003677,-0.101919,0.994786,0,0.57892,-0.65918,34.735,-1.318,-1,400.000,-1,425.000,-1,325.000,350.000,325.000,325.000,-1,-1,-1,-1,800.000,975.000,-1,-1,2,0,2,0,2,0,0,0,0,2,2,2,2,0,0,2,2
102,-2354.531,-2987.958,369.629,29.355,0.871797,-0.487677,-0.046274,0.489850,0.867073,0.090723,-0.004120,-0.101759,0.994801,0,0.65892,-0.65918,39.535,-1.318,-1,400.000,-1,425.000,-1,325.000,350.000,300.000,325.000,-1,-1,-1,-1,775.000,950.000,-1,-1,2,0,2,0,2,0,0,0,0,2,2,2,2,0,0,2,2
103,-2315.397,-2967.118,369.317,28.037,0.882870,-0.467611,-0.043371,0.469592,0.878087,0.091900,-0.004890,-0.101503,0.994823,0,0.73892,-0.65918,44.335,-1.318,-1,400.000,-1,425.000,-1,325.000,325.000,300.000,325.000,-1,-1,-1,-1,775.000,950.000,-1,-1,2,0,2,0,2,0,0,0,0,2,2,2,2,0,0,2,2
104,-2271.507,-2945.026,369.129,26.718,0.893484,-0.447300,-0.040104,0.449055,0.888645,0.093055,-0.005985,-0.101152,0.994853,0,0.81892,-0.65918,49.135,-1.318,-1,400.000,-1,425.000,-1,325.000,325.000,300.000,325.000,-1,-1,-1,-1,750.000,925.000,-1,-1,2,0,2,0,2,0,0,0,0,2,2,2,2,0,0,2,2
105,-2222.784,-2921.891,369.094,25.400,0.903631,-0.426756,-0.036478,0.428248,0.898742,0.094162,-0.007400,-0.100709,0.994888,0,0.89892,-0.65918,53.935,-1.318,-1,400.000,-1,425.000,-1,325.000,325.000,300.000,325.000,-1,-1,-1,-1,750.000,925.000,-1,-1,2,0,2,0,2,0,0,0,0,2,2,2,2,0,0,2,2
106,-2172.603,-2899.463,369.223,24.082,0.913293,-0.405986,-0.032736,0.407207,0.908370,0.095117,-0.008880,-0.100200,0.994928,0,0.91606,-0.65918,54.963,-1.318,-1,375.000,-1,425.000,-1,325.000,325.000,300.000,325.000,-1,-1,-1,-1,725.000,900.000,-1,-1,2,0,2,0,2,0,0,0,0,2,2,2,2,0,0,2,2
107,-2121.919,-2878.196,369.512,22.763,0.922462,-0.385001,-0.028945,0.385949,0.917523,0.095894,-0.010362,-0.099630,0.994971,0,0.91606,-0.65918,54.963,-1.318,-1,375.000,-1,425.000,-1,325.000,325.000,300.000,325.000,-1,-1,-1,-1,725.000,875.000,-1,-1,2,0,2,0,2,0,0,0,0,2,2,2,2,0,0,2,2
108,-2070.758,-2858.103,369.658,21.445,0.931107,-0.363852,-0.025520,0.364580,0.926297,0.095164,-0.010987,-0.097912,0.995134,0,0.91606,-0.65918,54.963,-1.318,-1,375.000,-1,425.000,-1,325.000,325.000,300.000,325.000,-1,-1,-1,-1,725.000,875.000,-1,-1,2,0,2,0,2,0,0,0,0,2,2,2,2,0,0,2,2
109,-2019.148,-2839.194,369.433,20.127,0.939222,-0.342566,-0.022603,0.343153,0.934757,0.092064,-0.010410,-0.094225,0.995497,0,0.91606,-0.65918,54.963,-1.318,-1,375.000,-1,425.000,-1,325.000,325.000,300.000,325.000,-1,-1,-1,-1,725.000,875.000,-1,-1,2,0,2,0,2,0,0,0,0,2,2,2,2,0,0,2,2
110,-1967.117,-2821.478,369.155,18.808,0.946854,-0.321103,-0.018971,0.321492,0.942784,0.088319,-0.010474,-0.089725,0.995912,0,0.91606,-0.65918,54.963,-1.318,-1,375.000,-1,425.000,-1,325.000,325.000,300.000,325.000,-1,-1,-1,-1,725.000,850.000,-1,-1,2,0,2,0,2,0,0,0,0,2,2,2,2,0,0,2,2
111,-1914.692,-2804.964,369.008,17.490,0.953988,-0.299448,-0.015407,0.299656,0.950309,0.084374,-0.010625,-0.085108,0.996315,0,0.91606,-0.65918,54.963,-1.318,-1,375.000,-1,400.000,-1,325.000,325.000,300.000,325.000,-1,-1,-1,-1,700.000,825.000,-1,-1,2,0,2,0,2,0,0,0,0,2,2,2,2,0,0,2,2
112,-1861.902,-2789.658,368.339,16.172,0.960601,-0.277551,-0.014559,0.277789,0.957107,0.082336,-0.008918,-0.083136,0.996498,0,0.91606,-0.65918,54.963,-1.318,-1,375.000,-1,400.000,-1,325.000,325.000,300.000,325.000,-1,-1,-1,-1,700.000,825.000,-1,-1,2,0,2,0,2,0,0,0,0,2,2,2,2,0,0,2,2
113,-1808.773,-2775.570,367.640,14.853,0.966716,-0.255485,-0.013714,0.255743,0.963344,0.081017,-0.007487,-0.081827,0.996618,0,0.91606,-0.65918,54.963,-1.318,-1,375.000,-1,400.000,-1,325.000,325.000,300.000,325.000,-1,-1,-1,-1,700.000,825.000,-1,-1,2,0,2,0,2,0,0,0,0,2,2,2,2,0,0,2,2
114,-1755.335,-2762.708,367.093,13.535,0.972325,-0.233280,-0.012830,0.233551,0.969079,0.079620,-0.006141,-0.080413,0.996743,0,0.91606,-0.65918,54.963,-1.318,-1,375.000,-1,400.000,-1,325.000,325.000,300.000,325.000,-1,-1,-1,-1,700.000,825.000,-1,-1,2,0,2,0,2,0,0,0,0,2,2,2,2,0,0,2,2
115,-1701.615,-2751.078,366.694,12.217,0.977425,-0.210947,-0.011905,0.211227,0.974308,0.078147,-0.004886,-0.078897,0.996871,0,0.91606,-0.65918,54.963,-1.318,-1,375.000,-1,400.000,-1,325.000,325.000,300.000,325.000,-1,-1,-1,-1,700.000,825.000,-1,-1,2,0,2,0,2,0,0,0,0,2,2,2,2,0,0,2,2
116,-1647.642,-2740.688,366.434,10.898,0.982012,-0.188499,-0.010939,0.188779,0.979028,0.076600,-0.003730,-0.077287,0.997002,0,0.91606,-0.65918,54.963,-1.318,-1,375.000,-1,400.000,-1,325.000,325.000,300.000,325.000,-1,-1,-1,-1,700.000,825.000,-1,-1,2,0,2,0,2,0,0,0,0,2,2,2,2,0,0,2,2
117,-1593.444,-2731.543,366.307,9.580,0.986085,-0.165946,-0.009930,0.166221,0.983234,0.074980,-0.002679,-0.075587,0.997136,0,0.91606,-0.65918,54.963,-1.318,-1,375.000,-1,400.000,-1,325.000,325.000,300.000,325.000,-1,-1,-1,-1,675.000,825.000,-1,-1,2,0,2,0,2,0,0,0,0,2,2,2,2,0,0,2,2
118,-1539.050,-2723.647,366.305,8.261,0.989640,-0.143299,-0.008877,0.143563,0.986924,0.073289,-0.001741,-0.073804,0.997271,0,0.91606,-0.65918,54.963,-1.318,-1,375.000,-1,400.000,-1,325.000,325.000,300.000,325.000,-1,-1,-1,-1,675.000,825.000,-1,-1,2,0,2,0,2,0,0,0,0,2,2,2,2,0,0,2,2
119,-1484.488,-2717.005,366.420,6.943,0.992674,-0.120571,-0.007779,0.120818,0.990094,0.071528,-0.000922,-0.071943,0.997408,0,0.91606,-0.65918,54.963,-1.318,-1,375.000,-1,400.000,-1,325.000,325.000,300.000,325.000,-1,-1,-1,-1,675.000,825.000,-1,-1,2,0,2,0,2,0,0,0,0,2,2,2,2,0,0,2,2
120,-1429.789,-2711.619,366.645,5.625,0.995187,-0.097773,-0.006635,0.097997,0.992743,0.069697,-0.000227,-0.070012,0.997546,0,0.91606,-0.65918,54.963,-1.318,-1,375.000,-1,400.000,-1,325.000,325.000,300.000,325.000,-1,-1,-1,-1,675.000,825.000,-1,-1,2,0,2,0,2,0,0,0,0,2,2,2,2,0,0,2,2
121,-1374.980,-2707.494,366.971,4.306,0.997175,-0.074917,-0.005444,0.075113,0.994868,0.067797,0.000337,-0.068014,0.997684,0,0.91606,-0.65918,54.963,-1.318,-1,375.000,-1,400.000,-1,300.000,325.000,300.000,325.000,-1,-1,-1,-1,675.000,825.000,-1,-1,2,0,2,0,2,0,0,0,0,2,2,2,2,0,0,2,2
122,-1323.350,-2704.584,367.299,3.228,0.998410,-0.056188,-0.004441,0.056359,0.996243,0.065750,0.000730,-0.065895,0.997826,0,0.86185,-0.53918,51.711,-1.078,-1,375.000,-1,400.000,-1,300.000,325.000,300.000,325.000,-1,-1,-1,-1,675.000,825.000,-1,-1,2,0,2,0,2,0,0,0,0,2,2,2,2,0,0,2,2
123,-1271.683,-2702.429,367.515,2.390,0.999123,-0.041612,-0.004670,0.041824,0.997105,0.063496,0.002015,-0.063635,0.997971,0,0.86185,-0.41918,51.711,-0.838,-1,375.000,-1,400.000,-1,300.000,325.000,300.000,325.000,-1,-1,-1,-1,675.000,825.000,-1,-1,2,0,2,0,2,0,0,0,0,2,2,2,2,0,0,2,2
124,-1219.997,-2700.815,367.769,1.791,0.999500,-0.031201,-0.005206,0.031462,0.997626,0.061260,0.003282,-0.061393,0.998108,0,0.86185,-0.29918,51.711,-0.598,-1,375.000,-1,400.000,-1,300.000,325.000,300.000,325.000,-1,-1,-1,-1,675.000,825.000,-1,-1,2,0,2,0,2,0,0,0,0,2,2,2,2,0,0,2,2
125,-1168.302,-2699.524,368.052,1.433,0.999672,-0.024964,-0.005742,0.025260,0.997937,0.059022,0.004257,-0.059147,0.998240,0,0.86185,-0.17918,51.711,-0.358,-1,375.000,-1,400.000,-1,300.000,325.000,300.000,325.000,-1,-1,-1,-1,675.000,825.000,-1,-1,2,0,2,0,2,0,0,0,0,2,2,2,2,0,0,2,2
126,-1116.603,-2698.416,368.346,1.230,0.999751,-0.021423,-0.006296,0.021747,0.998151,0.056760,0.005069,-0.056883,0.998368,0,0.86185,-0.10172,51.711,-0.203,-1,375.000,-1,400.000,-1,325.000,325.000,300.000,325.000,-1,-1,-1,-1,675.000,825.000,-1,-1,2,0,2,0,2,0,0,0,0,2,2,2,2,0,0,2,2
127,-1064.900,-2697.491,368.653,1.026,0.999817,-0.017881,-0.006850,0.018228,0.998348,0.054490,0.005864,-0.054605,0.998491,0,0.86185,-0.10172,51.711,-0.203,-1,375.000,-1,400.000,-1,325.000,325.000,300.000,325.000,-1,-1,-1,-1,675.000,850.000,-1,-1,2,0,2,0,2,0,0,0,0,2,2,2,2,0,0,2,2
128,-1013.194,-2696.750,368.974,0.823,0.999870,-0.014338,-0.007396,0.014705,0.998527,0.052223,0.006637,-0.052325,0.998608,0,0.86185,-0.10172,51.711,-0.203,-1,375.000,-1,400.000,-1,325.000,325.000,300.000,325.000,-1,-1,-1,-1,700.000,850.000,-1,-1,2,0,2,0,2,0,0,0,0,2,2,2,2,0,0,2,2
129,-961.486,-2696.193,369.307,0.619,0.999910,-0.010794,-0.007934,0.011177,0.998689,0.049959,0.007385,-0.050043,0.998720,0,0.86185,-0.10172,51.711,-0.203,-1,375.000,-1,400.000,-1,325.000,325.000,300.000,325.000,-1,-1,-1,-1,700.000,850.000,-1,-1,2,0,2,0,2,0,0,0,0,2,2,2,2,0,0,2,2
130,-909.776,-2695.819,369.651,0.416,0.999938,-0.007248,-0.008464,0.007644,0.998833,0.047698,0.008109,-0.047759,0.998826,0,0.86185,-0.10172,51.711,-0.203,-1,375.000,-1,400.000,-1,325.000,325.000,300.000,325.000,-1,-1,-1,-1,700.000,850.000,-1,-1,2,0,2,0,2,0,0,0,0,2,2,2,2,0,0,2,2
131,-858.065,-2695.629,370.006,0.212,0.999953,-0.003702,-0.008986,0.004107,0.998959,0.045439,0.008809,-0.045474,0.998927,0,0.86185,-0.10172,51.711,-0.203,-1,375.000,-1,400.000,-1,325.000,325.000,300.000,325.000,-1,-1,-1,-1,700.000,850.000,-1,-1,2,0,2,0,2,0,0,0,0,2,2,2,2,0,0,2,2
132,-806.354,-2695.622,370.370,0.009,0.999955,-0.000155,-0.009501,0.000565,0.999067,0.043183,0.009485,-0.043187,0.999022,0,0.86185,-0.10172,51.711,-0.203,-1,375.000,-1,400.000,-1,325.000,325.000,300.000,325.000,-1,-1,-1,-1,700.000,850.000,-1,-1,2,0,2,0,2,0,0,0,0,2,2,2,2,0,0,2,2
133,-754.643,-2695.799,370.741,-0.195,0.999944,0.003393,-0.010007,-0.002980,0.999158,0.040931,0.010137,-0.040898,0.999112,0,0.86185,-0.10172,51.711,-0.203,-1,375.000,-1,400.000,-1,325.000,325.000,300.000,325.000,-1,-1,-1,-1,700.000,850.000,-1,-1,2,0,2,0,2,0,0,0,0,2,2,2,2,0,0,2,2
134,-702.933,-2696.159,371.118,-0.398,0.999921,0.006941,-0.010505,-0.006530,0.999230,0.038681,0.010765,-0.038609,0.999196,0,0.86185,-0.10172,51.711,-0.203,-1,375.000,-1,400.000,-1,325.000,325.000,300.000,325.000,-1,-1,-1,-1,725.000,850.000,-1,-1,2,0,2,0,2,0,0,0,0,2,2,2,2,0,0,2,2
135,-651.224,-2696.703,371.534,-0.601,0.999886,0.010490,-0.010845,-0.010088,0.999285,0.036435,0.011219,-0.036322,0.999277,0,0.86185,-0.10172,51.711,-0.203,-1,375.000,-1,400.000,-1,325.000,325.000,300.000,325.000,-1,-1,-1,-1,725.000,875.000,-1,-1,2,0,2,0,2,0,0,0,0,2,2,2,2,0,0,2,2
136,-599.518,-2697.430,372.066,-0.805,0.999844,0.014039,-0.010715,-0.013659,0.999302,0.034767,0.011195,-0.034616,0.999338,0,0.86185,-0.10172,51.711,-0.203,-1,375.000,-1,400.000,-1,325.000,325.000,300.000,325.000,-1,-1,-1,-1,725.000,875.000,-1,-1,2,0,2,0,2,0,0,0,0,2,2,2,2,0,0,2,2
137,-547.815,-2698.341,372.603,-1.008,0.999789,0.017588,-0.010583,-0.017229,0.999303,0.033103,0.011157,-0.032913,0.999396,0,0.86185,-0.10172,51.711,-0.203,-1,375.000,-1,400.000,-1,325.000,325.000,300.000,325.000,-1,-1,-1,-1,725.000,875.000,-1,-1,2,0,2,0,2,0,0,0,0,2,2,2,2,0,0,2,2
