timestep,x_cm,y_cm,z_cm,yaw_deg,basis_xx,basis_xy,basis_xz,basis_yx,basis_yy,basis_yz,basis_zx,basis_zy,basis_zz,teleport_flag,throttle_cmd,steering_cmd,cmd_move_cm,cmd_turn_deg,lidar_cm_0,lidar_cm_1,lidar_cm_2,lidar_cm_3,lidar_cm_4,lidar_cm_5,lidar_cm_6,lidar_cm_7,lidar_cm_8,lidar_cm_9,lidar_cm_10,lidar_cm_11,lidar_cm_12,lidar_cm_13,lidar_cm_14,lidar_cm_15,lidar_cm_16,lidar_class_0,lidar_class_1,lidar_class_2,lidar_class_3,lidar_class_4,lidar_class_5,lidar_class_6,lidar_class_7,lidar_class_8,lidar_class_9,lidar_class_10,lidar_class_11,lidar_class_12,lidar_class_13,lidar_class_14,lidar_class_15,lidar_class_16
0,7222.426,-105.040,141.473,91.288,-0.019061,-0.999266,-0.033219,0.994161,-0.022472,0.105545,-0.106214,-0.031013,0.993859,1,0.07953,0.12000,4.772,0.240,-1,-1,-1,375.000,725.000,550.000,375.000,825.000,350.000,-1,-1,-1,-1,-1,575.000,-1,450.000,2,2,2,1,0,1,1,1,0,2,2,2,2,2,1,2,0
1,7222.283,-100.254,140.980,91.715,-0.026454,-0.999075,-0.033914,0.993927,-0.029912,0.105894,-0.106810,-0.030907,0.993799,0,0.07981,0.21333,4.789,0.427,-1,-1,-1,375.000,700.000,550.000,375.000,775.000,350.000,-1,-1,-1,-1,-1,575.000,-1,425.000,2,2,2,1,0,1,1,1,0,2,2,2,2,2,1,2,0
2,7222.102,-95.427,140.479,92.141,-0.033839,-0.998828,-0.034612,0.993637,-0.037345,0.106254,-0.107422,-0.030796,0.993736,0,0.08051,0.21316,4.831,0.426,-1,-1,-1,375.000,675.000,575.000,375.000,750.000,350.000,-1,-1,-1,-1,-1,575.000,-1,425.000,2,2,2,1,0,1,1,1,0,2,2,2,2,2,1,2,0
3,7221.884,-90.559,139.971,92.567,-0.041216,-0.998526,-0.035313,0.993291,-0.044771,0.106627,-0.108051,-0.030681,0.993672,0,0.08121,0.21300,4.872,0.426,-1,-1,-1,375.000,650.000,600.000,375.000,725.000,350.000,-1,-1,-1,-1,-1,600.000,-1,400.000,2,2,2,1,0,1,1,1,0,2,2,2,2,2,1,2,1
4,7221.627,-85.652,139.455,92.993,-0.048585,-0.998169,-0.036016,0.992887,-0.052189,0.107012,-0.108696,-0.030561,0.993605,0,0.08190,0.21287,4.914,0.426,-1,-1,-1,375.000,625.000,600.000,400.000,725.000,350.000,-1,-1,-1,-1,-1,600.000,-1,425.000,2,2,2,1,0,1,1,1,0,2,2,2,2,2,1,2,1
5,7221.332,-80.706,138.933,93.418,-0.055946,-0.997758,-0.036723,0.992427,-0.059601,0.107410,-0.109358,-0.030435,0.993536,0,0.08258,0.21275,4.955,0.425,-1,-1,-1,375.000,600.000,625.000,400.000,700.000,350.000,-1,-1,-1,-1,-1,600.000,-1,425.000,2,2,2,1,0,1,1,1,0,2,2,2,2,2,1,2,1
6,7220.997,-75.721,138.403,93.844,-0.063300,-0.997292,-0.037432,0.991910,-0.067005,0.107821,-0.110038,-0.030304,0.993465,0,0.08327,0.21264,4.996,0.425,-1,-1,-1,375.000,575.000,650.000,400.000,700.000,350.000,-1,-1,-1,-1,-1,625.000,-1,425.000,2,2,2,1,0,1,1,1,0,2,2,2,2,2,1,2,1
7,7220.622,-70.698,137.866,94.269,-0.070646,-0.996772,-0.038145,0.991336,-0.074403,0.108246,-0.110735,-0.030168,0.993392,0,0.08394,0.21256,5.037,0.425,-1,-1,-1,400.000,550.000,675.000,400.000,675.000,350.000,-1,-1,-1,-1,-1,625.000,-1,450.000,2,2,2,1,0,1,1,1,0,2,2,2,2,2,1,2,1
8,7220.206,-65.638,137.322,94.694,-0.077985,-0.996197,-0.038862,0.990705,-0.081795,0.108685,-0.111450,-0.030025,0.993316,0,0.08461,0.21249,5.077,0.425,-1,-1,-1,400.000,525.000,700.000,425.000,675.000,350.000,-1,-1,-1,-1,-1,650.000,-1,450.000,2,2,2,1,0,1,1,1,0,2,2,2,2,2,1,2,1
9,7219.749,-60.542,136.770,95.119,-0.085317,-0.995567,-0.039582,0.990018,-0.089181,0.109138,-0.112184,-0.029876,0.993238,0,0.08528,0.21245,5.117,0.425,-1,-1,-1,400.000,500.000,725.000,425.000,675.000,350.000,-1,-1,-1,-1,-1,650.000,-1,450.000,2,2,2,1,0,1,1,1,0,2,2,2,2,2,1,2,1
10,7219.251,-55.409,136.210,95.544,-0.092643,-0.994883,-0.040306,0.989274,-0.096561,0.109605,-0.112936,-0.029720,0.993158,0,0.08594,0.21242,5.156,0.425,-1,-1,-1,400.000,475.000,775.000,450.000,650.000,350.000,-1,-1,-1,-1,-1,675.000,-1,475.000,2,2,2,1,0,1,1,1,0,2,2,2,2,2,1,2,1
11,7218.711,-50.242,135.643,95.968,-0.099961,-0.994145,-0.041035,0.988473,-0.103935,0.110088,-0.113708,-0.029557,0.993074,0,0.08659,0.21241,5.196,0.425,-1,-1,-1,400.000,450.000,800.000,450.000,650.000,350.000,-1,-1,-1,-1,-1,675.000,-1,475.000,2,2,2,1,0,1,1,1,0,2,2,2,2,2,1,2,1
12,-983.894,-5575.421,201.475,-53.743,0.590857,0.806123,0.032459,-0.806495,0.591235,-0.002644,-0.021322,-0.024616,0.999470,1,0.00000,0.00000,5.235,0.425,-1,375.000,-1,400.000,-1,325.000,325.000,300.000,300.000,-1,-1,-1,-1,700.000,725.000,-1,-1,2,0,2,0,2,0,0,0,0,2,2,2,2,0,0,2,2
13,-986.749,-5571.563,201.570,-53.503,0.594228,0.803640,0.032504,-0.804013,0.594607,-0.002556,-0.021381,-0.024615,0.999468,0,-0.08000,0.12000,-4.800,0.240,-1,375.000,-1,400.000,-1,325.000,325.000,300.000,300.000,-1,-1,-1,-1,700.000,725.000,-1,-1,2,0,2,0,2,0,0,0,0,2,2,2,2,0,0,2,2
14,-990.185,-5566.998,201.689,-53.023,0.600938,0.798631,0.032576,-0.799005,0.601319,-0.002448,-0.021544,-0.024557,0.999466,0,-0.09522,0.24000,-5.713,0.480,-1,375.000,-1,400.000,-1,325.000,325.000,300.000,300.000,-1,-1,-1,-1,700.000,725.000,-1,-1,2,0,2,0,2,0,0,0,0,2,2,2,2,0,0,2,2
15,-993.681,-5562.476,201.813,-52.303,0.610924,0.791015,0.032668,-0.791388,0.611309,-0.002337,-0.021818,-0.024425,0.999464,0,-0.09526,0.36000,-5.716,0.720,-1,375.000,-1,400.000,-1,325.000,325.000,300.000,300.000,-1,-1,-1,-1,700.000,725.000,-1,-1,2,0,2,0,2,0,0,0,0,2,2,2,2,0,0,2,2
16,-997.227,-5558.004,201.940,-51.579,0.620861,0.783236,0.032755,-0.783609,0.621250,-0.002228,-0.022094,-0.024284,0.999461,0,-0.09511,0.36172,-5.707,0.723,-1,375.000,-1,400.000,-1,325.000,325.000,300.000,300.000,-1,-1,-1,-1,700.000,725.000,-1,-1,2,0,2,0,2,0,0,0,0,2,2,2,2,0,0,2,2
17,-1000.826,-5553.583,202.080,-50.860,0.630638,0.775383,0.032827,-0.775754,0.631032,-0.002174,-0.022401,-0.024095,0.999459,0,-0.09501,0.35946,-5.701,0.719,-1,375.000,-1,400.000,-1,325.000,325.000,300.000,300.000,-1,-1,-1,-1,700.000,725.000,-1,-1,2,0,2,0,2,0,0,0,0,2,2,2,2,0,0,2,2
18,-1004.477,-5549.209,202.223,-50.146,0.640255,0.767458,0.032896,-0.767827,0.640654,-0.002119,-0.022702,-0.023902,0.999457,0,-0.09496,0.35723,-5.698,0.714,-1,375.000,-1,400.000,-1,325.000,325.000,300.000,300.000,-1,-1,-1,-1,700.000,725.000,-1,-1,2,0,2,0,2,0,0,0,0,2,2,2,2,0,0,2,2
19,-1008.182,-5544.880,202.370,-49.436,0.649715,0.759463,0.032965,-0.759830,0.650118,-0.002051,-0.022989,-0.023716,0.999454,0,-0.09496,0.35503,-5.698,0.710,-1,375.000,-1,400.000,-1,325.000,325.000,300.000,300.000,-1,-1,-1,-1,700.000,725.000,-1,-1,2,0,2,0,2,0,0,0,0,2,2,2,2,0,0,2,2
20,-1011.943,-5540.596,202.521,-48.730,0.659018,0.751401,0.033032,-0.751767,0.659426,-0.001977,-0.023268,-0.023529,0.999452,0,-0.09502,0.35285,-5.701,0.706,-1,375.000,-1,400.000,-1,325.000,325.000,300.000,300.000,-1,-1,-1,-1,700.000,725.000,-1,-1,2,0,2,0,2,0,0,0,0,2,2,2,2,0,0,2,2
21,-1015.759,-5536.352,202.673,-48.029,0.668166,0.743276,0.033095,-0.743640,0.668578,-0.001905,-0.023543,-0.023338,0.999450,0,-0.09512,0.35070,-5.707,0.701,-1,375.000,-1,400.000,-1,325.000,325.000,300.000,300.000,-1,-1,-1,-1,700.000,725.000,-1,-1,2,0,2,0,2,0,0,0,0,2,2,2,2,0,0,2,2
22,-1019.634,-5532.149,202.828,-47.331,0.677159,0.735089,0.033155,-0.735451,0.677575,-0.001834,-0.023813,-0.023142,0.999449,0,-0.09527,0.34858,-5.716,0.697,-1,375.000,-1,400.000,-1,325.000,325.000,300.000,300.000,-1,-1,-1,-1,700.000,725.000,-1,-1,2,0,2,0,2,0,0,0,0,2,2,2,2,0,0,2,2
23,-1023.567,-5527.984,202.985,-46.638,0.685999,0.726844,0.033211,-0.727204,0.686419,-0.001764,-0.024079,-0.022941,0.999447,0,-0.09548,0.34649,-5.729,0.693,-1,375.000,-1,400.000,-1,325.000,325.000,300.000,300.000,-1,-1,-1,-1,700.000,725.000,-1,-1,2,0,2,0,2,0,0,0,0,2,2,2,2,0,0,2,2
24,-1027.561,-5523.855,203.133,-45.950,0.694685,0.718542,0.033319,-0.718901,0.695110,-0.001690,-0.024375,-0.022779,0.999443,0,-0.09574,0.34442,-5.744,0.689,-1,375.000,-1,400.000,-1,325.000,325.000,300.000,300.000,-1,-1,-1,-1,700.000,725.000,-1,-1,2,0,2,0,2,0,0,0,0,2,2,2,2,0,0,2,2
25,-1031.618,-5519.762,203.277,-45.265,0.703219,0.710186,0.033459,-0.710545,0.703650,-0.001612,-0.024688,-0.022640,0.999439,0,-0.09605,0.34238,-5.763,0.685,-1,375.000,-1,400.000,-1,325.000,325.000,300.000,300.000,-1,-1,-1,-1,700.000,725.000,-1,-1,2,0,2,0,2,0,0,0,0,2,2,2,2,0,0,2,2
26,-1035.738,-5515.701,203.423,-44.584,0.711603,0.701778,0.033596,-0.702137,0.712041,-0.001533,-0.024998,-0.022498,0.999434,0,-0.09641,0.34037,-5.785,0.681,-1,375.000,-1,400.000,-1,325.000,325.000,300.000,300.000,-1,-1,-1,-1,700.000,725.000,-1,-1,2,0,2,0,2,0,0,0,0,2,2,2,2,0,0,2,2
27,-1039.923,-5511.672,203.571,-43.907,0.719839,0.693321,0.033731,-0.693679,0.720282,-0.001453,-0.025304,-0.022352,0.999430,0,-0.09682,0.33839,-5.809,0.677,-1,375.000,-1,400.000,-1,325.000,325.000,300.000,300.000,-1,-1,-1,-1,700.000,725.000,-1,-1,2,0,2,0,2,0,0,0,0,2,2,2,2,0,0,2,2
28,-1044.176,-5507.674,203.721,-43.234,0.727928,0.684817,0.033864,-0.685175,0.728377,-0.001373,-0.025606,-0.022204,0.999426,0,-0.09729,0.33643,-5.837,0.673,-1,375.000,-1,400.000,-1,325.000,325.000,300.000,300.000,-1,-1,-1,-1,700.000,725.000,-1,-1,2,0,2,0,2,0,0,0,0,2,2,2,2,0,0,2,2
29,-1048.498,-5503.705,203.873,-42.565,0.735871,0.676268,0.033995,-0.676626,0.736326,-0.001292,-0.025905,-0.022052,0.999421,0,-0.09780,0.33450,-5.868,0.669,-1,375.000,-1,400.000,-1,325.000,325.000,300.000,325.000,-1,-1,-1,-1,700.000,725.000,-1,-1,2,0,2,0,2,0,0,0,0,2,2,2,2,0,0,2,2
30,-1052.890,-5499.763,204.028,-41.900,0.743670,0.667676,0.034124,-0.668033,0.744130,-0.001209,-0.026200,-0.021896,0.999417,0,-0.09837,0.33261,-5.902,0.665,-1,375.000,-1,400.000,-1,325.000,325.000,300.000,325.000,-1,-1,-1,-1,700.000,725.000,-1,-1,2,0,2,0,2,0,0,0,0,2,2,2,2,0,0,2,2
31,-1057.357,-5495.848,204.185,-41.239,0.751325,0.659043,0.034251,-0.659400,0.751791,-0.001127,-0.026492,-0.021739,0.999413,0,-0.09898,0.33074,-5.939,0.661,-1,375.000,-1,400.000,-1,325.000,325.000,300.000,325.000,-1,-1,-1,-1,700.000,725.000,-1,-1,2,0,2,0,2,0,0,0,0,2,2,2,2,0,0,2,2
32,-1061.898,-5491.959,204.344,-40.581,0.758839,0.650371,0.034376,-0.650728,0.759310,-0.001043,-0.026780,-0.021578,0.999408,0,-0.09965,0.32889,-5.979,0.658,-1,375.000,-1,400.000,-1,325.000,325.000,300.000,325.000,-1,-1,-1,-1,700.000,725.000,-1,-1,2,0,2,0,2,0,0,0,0,2,2,2,2,0,0,2,2
33,-1066.516,-5488.093,204.506,-39.927,0.766212,0.641662,0.034498,-0.642018,0.766689,-0.000959,-0.027065,-0.021414,0.999404,0,-0.10038,0.32708,-6.023,0.654,-1,375.000,-1,400.000,-1,325.000,325.000,300.000,325.000,-1,-1,-1,-1,700.000,725.000,-1,-1,2,0,2,0,2,0,0,0,0,2,2,2,2,0,0,2,2
34,-1071.214,-5484.251,204.671,-39.276,0.773445,0.632917,0.034620,-0.633273,0.773928,-0.000873,-0.027346,-0.021248,0.999400,0,-0.10115,0.32530,-6.069,0.651,-1,375.000,-1,400.000,-1,325.000,325.000,300.000,325.000,-1,-1,-1,-1,700.000,725.000,-1,-1,2,0,2,0,2,0,0,0,0,2,2,2,2,0,0,2,2
35,-1075.994,-5480.432,204.838,-38.629,0.780541,0.624138,0.034739,-0.624494,0.781029,-0.000788,-0.027624,-0.021079,0.999396,0,-0.10198,0.32354,-6.119,0.647,-1,375.000,-1,400.000,-1,325.000,325.000,300.000,325.000,-1,-1,-1,-1,700.000,725.000,-1,-1,2,0,2,0,2,0,0,0,0,2,2,2,2,0,0,2,2
36,-1080.858,-5476.633,205.008,-37.986,0.787500,0.615328,0.034856,-0.615683,0.787994,-0.000701,-0.027898,-0.020908,0.999392,0,-0.10285,0.32181,-6.171,0.644,-1,375.000,-1,400.000,-1,325.000,325.000,300.000,325.000,-1,-1,-1,-1,700.000,725.000,-1,-1,2,0,2,0,2,0,0,0,0,2,2,2,2,0,0,2,2
37,-1085.809,-5472.856,205.181,-37.345,0.794324,0.606487,0.034972,-0.606841,0.794823,-0.000614,-0.028169,-0.020735,0.999388,0,-0.10378,0.32012,-6.227,0.640,-1,375.000,-1,400.000,-1,325.000,325.000,300.000,325.000,-1,-1,-1,-1,700.000,725.000,-1,-1,2,0,2,0,2,0,0,0,0,2,2,2,2,0,0,2,2
38,-1090.848,-5469.099,205.357,-36.708,0.801014,0.597616,0.035086,-0.597969,0.801519,-0.000526,-0.028437,-0.020559,0.999384,0,-0.10477,0.31845,-6.286,0.637,-1,375.000,-1,400.000,-1,325.000,325.000,300.000,325.000,-1,-1,-1,-1,700.000,725.000,-1,-1,2,0,2,0,2,0,0,0,0,2,2,2,2,0,0,2,2
39,-1095.979,-5465.360,205.535,-36.075,0.807572,0.588718,0.035199,-0.589071,0.808082,-0.000438,-0.028701,-0.020381,0.999380,0,-0.10581,0.31681,-6.348,0.634,-1,375.000,-1,400.000,-1,325.000,325.000,300.000,325.000,-1,-1,-1,-1,700.000,725.000,-1,-1,2,0,2,0,2,0,0,0,0,2,2,2,2,0,0,2,2
40,-1101.204,-5461.641,205.717,-35.444,0.813998,0.579794,0.035310,-0.580145,0.814513,-0.000349,-0.028963,-0.020201,0.999376,0,-0.10690,0.31521,-6.414,0.630,-1,375.000,-1,400.000,-1,325.000,325.000,300.000,325.000,-1,-1,-1,-1,700.000,725.000,-1,-1,2,0,2,0,2,0,0,0,0,2,2,2,2,0,0,2,2
41,-1106.526,-5457.940,205.902,-34.817,0.820294,0.570844,0.035419,-0.571195,0.820815,-0.000259,-0.029221,-0.020018,0.999373,0,-0.10804,0.31363,-6.482,0.627,-1,375.000,-1,400.000,-1,325.000,325.000,300.000,325.000,-1,-1,-1,-1,700.000,725.000,-1,-1,2,0,2,0,2,0,0,0,0,2,2,2,2,0,0,2,2
42,-1111.948,-5454.256,206.091,-34.193,0.826462,0.561870,0.035527,-0.562220,0.826987,-0.000169,-0.029475,-0.019834,0.999369,0,-0.10924,0.31209,-6.554,0.624,-1,375.000,-1,400.000,-1,325.000,325.000,300.000,325.000,-1,-1,-1,-1,700.000,725.000,-1,-1,2,0,2,0,2,0,0,0,0,2,2,2,2,0,0,2,2
43,-1117.472,-5450.590,206.283,-33.572,0.832502,0.552874,0.035633,-0.553223,0.833033,-0.000078,-0.029727,-0.019648,0.999365,0,-0.11049,0.31057,-6.630,0.621,-1,375.000,-1,400.000,-1,325.000,325.000,300.000,325.000,-1,-1,-1,-1,700.000,725.000,-1,-1,2,0,2,0,2,0,0,0,0,2,2,2,2,0,0,2,2
44,-1123.101,-5446.941,206.478,-32.954,0.838417,0.543856,0.035738,-0.544204,0.838953,0.000014,-0.029975,-0.019460,0.999361,0,-0.11180,0.30909,-6.708,0.618,-1,375.000,-1,400.000,-1,325.000,325.000,300.000,325.000,-1,-1,-1,-1,700.000,725.000,-1,-1,2,0,2,0,2,0,0,0,0,2,2,2,2,0,0,2,2
45,-1124.712,-5445.920,206.547,-32.377,0.843847,0.535387,0.035808,-0.535734,0.844387,0.000097,-0.030184,-0.019266,0.999359,0,-0.03180,0.28833,-1.908,0.577,-1,375.000,-1,400.000,-1,300.000,325.000,300.000,325.000,-1,-1,-1,-1,700.000,725.000,-1,-1,2,0,2,0,2,0,0,0,0,2,2,2,2,0,0,2,2
46,-1122.254,-5447.444,206.489,-31.801,0.849182,0.526882,0.035847,-0.527227,0.849725,0.000180,-0.030366,-0.019052,0.999357,0,0.04820,0.28771,2.892,0.575,-1,375.000,-1,400.000,-1,300.000,325.000,300.000,325.000,-1,-1,-1,-1,700.000,725.000,-1,-1,2,0,2,0,2,0,0,0,0,2,2,2,2,0,0,2,2
47,-1115.677,-5451.431,206.303,-31.226,0.854435,0.518320,0.035854,-0.518661,0.854980,0.000264,-0.030518,-0.018822,0.999357,0,0.12820,0.28787,7.692,0.576,-1,375.000,-1,400.000,-1,300.000,325.000,300.000,325.000,-1,-1,-1,-1,700.000,725.000,-1,-1,2,0,2,0,2,0,0,0,0,2,2,2,2,0,0,2,2
48,-1104.930,-5457.799,205.987,-30.648,0.859619,0.509678,0.035828,-0.510016,0.860165,0.000356,-0.030636,-0.018579,0.999358,0,0.20820,0.28875,12.492,0.578,-1,375.000,-1,375.000,-1,300.000,325.000,300.000,325.000,-1,-1,-1,-1,700.000,725.000,-1,-1,2,0,2,0,2,0,0,0,0,2,2,2,2,0,0,2,2
49,-1089.965,-5466.463,205.541,-30.068,0.864745,0.500936,0.035766,-0.501271,0.865290,0.000462,-0.030716,-0.018328,0.999360,0,0.28820,0.29035,17.292,0.581,-1,375.000,-1,375.000,-1,300.000,325.000,300.000,325.000,-1,-1,-1,-1,700.000,725.000,-1,-1,2,0,2,0,2,0,0,0,0,2,2,2,2,0,0,2,2
50,-1070.734,-5477.336,204.965,-29.482,0.869823,0.492074,0.035666,-0.492405,0.870366,0.000591,-0.030751,-0.018076,0.999364,0,0.36820,0.29264,22.092,0.585,-1,375.000,-1,375.000,-1,300.000,325.000,300.000,325.000,-1,-1,-1,-1,700.000,725.000,-1,-1,2,0,2,0,2,0,0,0,0,2,2,2,2,0,0,2,2
51,-1047.189,-5490.328,204.259,-28.891,0.874862,0.483069,0.035524,-0.483397,0.875401,0.000753,-0.030734,-0.017831,0.999369,0,0.44820,0.29561,26.892,0.591,-1,375.000,-1,375.000,-1,325.000,325.000,300.000,325.000,-1,-1,-1,-1,700.000,725.000,-1,-1,2,0,2,0,2,0,0,0,0,2,2,2,2,0,0,2,2
52,-1019.283,-5505.349,203.423,-28.293,0.879869,0.473900,0.035337,-0.474226,0.880403,0.000960,-0.030656,-0.017602,0.999375,0,0.52820,0.29926,31.692,0.599,-1,375.000,-1,375.000,-1,325.000,325.000,300.000,325.000,-1,-1,-1,-1,700.000,725.000,-1,-1,2,0,2,0,2,0,0,0,0,2,2,2,2,0,0,2,2
53,-986.969,-5522.304,202.366,-27.685,0.884868,0.464548,0.034703,-0.464860,0.885384,0.001050,-0.030237,-0.017061,0.999397,0,0.60820,0.30359,36.492,0.607,-1,375.000,-1,375.000,-1,325.000,325.000,300.000,325.000,-1,-1,-1,-1,700.000,700.000,-1,-1,2,0,2,0,2,0,0,0,0,2,2,2,2,0,0,2,2
54,-950.200,-5541.094,201.138,-27.068,0.889855,0.454988,0.033831,-0.455282,0.890346,0.001121,-0.029612,-0.016400,0.999427,0,0.68820,0.30861,41.292,0.617,-1,375.000,-1,375.000,-1,325.000,325.000,300.000,325.000,-1,-1,-1,-1,700.000,700.000,-1,-1,2,0,2,0,2,0,0,0,0,2,2,2,2,0,0,2,2
55,-909.020,-5561.798,199.784,-26.691,0.892865,0.449120,0.032908,-0.449400,0.893330,0.001247,-0.028838,-0.015903,0.999458,0,0.76820,0.18861,46.092,0.377,-1,375.000,-1,375.000,-1,325.000,325.000,300.000,325.000,-1,-1,-1,-1,700.000,700.000,-1,-1,2,0,2,0,2,0,0,0,0,2,2,2,2,0,0,2,2
56,-863.496,-5584.548,198.311,-26.554,0.893973,0.446982,0.031932,-0.447251,0.894407,0.001456,-0.027909,-0.015583,0.999489,0,0.84820,0.06861,50.892,0.137,-1,375.000,-1,375.000,-1,325.000,325.000,300.000,325.000,-1,-1,-1,-1,700.000,700.000,-1,-1,2,0,2,0,2,0,0,0,0,2,2,2,2,0,0,2,2
57,-813.670,-5609.425,196.731,-26.531,0.894182,0.446635,0.030896,-0.446896,0.894584,0.001743,-0.026861,-0.015366,0.999521,0,0.92820,0.01114,55.692,0.022,-1,375.000,-1,375.000,-1,300.000,325.000,300.000,325.000,-1,-1,-1,-1,675.000,700.000,-1,-1,2,0,2,0,2,0,0,0,0,2,2,2,2,0,0,2,2
58,-760.759,-5635.794,195.147,-26.489,0.894544,0.445979,0.029883,-0.446227,0.894918,0.001822,-0.025930,-0.014964,0.999552,0,0.98529,0.02109,59.117,0.042,-1,375.000,-1,375.000,-1,300.000,300.000,300.000,325.000,-1,-1,-1,-1,675.000,675.000,-1,-1,2,0,2,0,2,0,0,0,0,2,2,2,2,0,0,2,2
59,-707.117,-5662.451,193.723,-26.425,0.895098,0.444980,0.028148,-0.445198,0.895431,0.001670,-0.024461,-0.014026,0.999602,0,0.99833,0.03218,59.900,0.064,-1,375.000,-1,375.000,-1,300.000,300.000,300.000,325.000,-1,-1,-1,-1,675.000,675.000,-1,-1,2,0,2,0,2,0,0,0,0,2,2,2,2,0,0,2,2
60,-653.345,-5689.070,192.430,-26.337,0.895844,0.443612,0.025938,-0.443793,0.896128,0.001393,-0.022626,-0.012759,0.999663,0,1.00000,0.04400,60.000,0.088,-1,375.000,-1,375.000,-1,300.000,300.000,325.000,325.000,-1,-1,-1,-1,-1,675.000,-1,-1,2,0,2,0,2,0,0,0,0,2,2,2,2,2,0,2,2
61,-599.521,-5715.583,191.174,-26.224,0.896775,0.441852,0.023708,-0.442001,0.897014,0.001200,-0.020736,-0.011555,0.999718,0,1.00000,0.05644,60.000,0.113,-1,375.000,-1,375.000,-1,300.000,300.000,325.000,325.000,-1,-1,-1,-1,-1,675.000,-1,-1,2,0,2,0,2,0,0,0,0,2,2,2,2,2,0,2,2
62,-545.633,-5741.965,190.068,-26.085,0.897888,0.439678,0.021938,-0.439809,0.898090,0.001313,-0.019125,-0.010828,0.999758,0,1.00000,0.06952,60.000,0.139,-1,375.000,-1,375.000,-1,300.000,300.000,325.000,325.000,-1,850.000,725.000,-1,-1,675.000,-1,-1,2,0,2,0,2,0,0,0,0,2,0,0,2,2,0,2,2
63,-491.668,-5768.191,189.111,-25.918,0.899201,0.437066,0.020239,-0.437190,0.899367,0.001920,-0.017363,-0.010575,0.999793,0,1.00000,0.08327,60.000,0.167,-1,375.000,-1,375.000,-1,300.000,300.000,325.000,300.000,-1,750.000,650.000,-1,-1,675.000,-1,-1,2,0,2,0,2,0,0,0,0,2,0,0,2,2,0,2,2
64,-437.614,-5794.232,188.308,-25.723,0.900726,0.433995,0.018453,-0.434118,0.900850,0.003124,-0.015268,-0.010824,0.999825,0,1.00000,0.09773,60.000,0.195,-1,375.000,-1,375.000,-1,300.000,300.000,300.000,300.000,-1,675.000,575.000,-1,-1,675.000,-1,-1,2,0,2,0,2,0,0,0,0,2,0,0,2,2,0,2,2
65,-383.457,-5820.060,187.543,-25.497,0.902466,0.430438,0.016698,-0.430560,0.902551,0.004385,-0.013183,-0.011147,0.999851,0,1.00000,0.11294,60.000,0.226,-1,375.000,-1,375.000,-1,300.000,300.000,300.000,300.000,-1,625.000,525.000,-1,-1,950.000,-1,-1,2,0,2,0,2,0,0,0,0,2,0,0,2,2,1,2,2
66,-329.185,-5845.644,186.816,-25.239,0.904425,0.426369,0.014973,-0.426487,0.904476,0.005704,-0.011111,-0.011544,0.999872,0,1.00000,0.12896,60.000,0.258,-1,-1,-1,375.000,-1,300.000,300.000,300.000,300.000,-1,575.000,500.000,-1,-1,975.000,-1,-1,2,2,2,0,2,0,0,0,0,2,0,0,2,2,1,2,2
67,-274.784,-5870.951,186.126,-24.948,0.906611,0.421757,0.013277,-0.421869,0.906629,0.007077,-0.009053,-0.012017,0.999887,0,1.00000,0.14582,60.000,0.292,-1,-1,-1,375.000,-1,325.000,300.000,300.000,300.000,-1,525.000,475.000,-1,-1,1000.000,-1,-1,2,2,2,0,2,0,0,0,0,2,0,0,2,2,1,2,2
68,-220.238,-5895.947,185.557,-24.620,0.909031,0.416569,0.011512,-0.416673,0.909013,0.008890,-0.006761,-0.012878,0.999894,0,1.00000,0.16358,60.000,0.327,-1,-1,-1,375.000,-1,-1,325.000,300.000,300.000,-1,475.000,475.000,-1,-1,1000.000,-1,-1,2,2,2,0,2,2,0,0,0,2,0,0,2,2,1,2,2
69,-165.535,-5920.595,185.025,-24.256,0.911686,0.410771,0.009765,-0.410863,0.911634,0.010763,-0.004480,-0.013825,0.999894,0,1.00000,0.18231,60.000,0.365,-1,-1,-1,650.000,-1,-1,-1,300.000,300.000,-1,425.000,450.000,-1,-1,1000.000,-1,-1,2,2,2,1,2,2,2,0,0,2,0,0,2,2,1,2,2
70,-110.722,-5944.998,184.695,-23.998,0.913539,0.406668,0.008261,-0.406742,0.913466,0.011866,-0.002720,-0.014200,0.999895,0,1.00000,0.12875,60.000,0.258,-1,-1,-1,700.000,-1,-1,-1,300.000,300.000,-1,425.000,475.000,-1,-1,975.000,-1,-1,2,2,2,1,2,2,2,0,0,2,0,0,2,2,1,2,2
71,-55.783,-5969.118,179.437,-23.710,0.915193,0.401864,0.030446,-0.402620,0.915028,0.024919,-0.017845,-0.035063,0.999226,0,1.00000,0.14401,60.000,0.288,-1,-1,-1,700.000,-1,-1,-1,250.000,325.000,-1,975.000,-1,-1,-1,950.000,-1,-1,2,2,2,1,2,2,2,0,0,2,0,2,2,2,1,2,2
72,-0.691,-5992.893,167.045,-23.390,0.914434,0.395527,0.085841,-0.400796,0.914451,0.056053,-0.056327,-0.085662,0.994731,0,1.00000,0.16016,60.000,0.320,-1,-1,-1,650.000,-1,-1,900.000,175.000,375.000,-1,-1,-1,-1,-1,875.000,-1,900.000,2,2,2,1,2,2,1,0,0,2,2,2,2,2,1,2,1
73,54.567,-6016.290,154.751,-23.035,0.911039,0.387632,0.140534,-0.401462,0.911638,0.088000,-0.094004,-0.136591,0.986157,0,1.00000,0.17726,60.000,0.355,-1,-1,-1,600.000,700.000,-1,775.000,75.000,425.000,-1,-1,-1,-1,-1,800.000,-1,800.000,2,2,2,1,0,2,1,0,0,2,2,2,2,2,1,2,1
74,-2951.700,-2951.695,204.139,-164.725,-0.962496,0.263406,0.064946,-0.264056,-0.964506,-0.001476,0.062252,-0.018570,0.997888,1,0.00000,0.00000,60.000,0.391,-1,525.000,-1,550.000,175.000,425.000,450.000,275.000,225.000,-1,175.000,450.000,-1,-1,-1,-1,-1,2,0,2,1,1,0,0,0,1,2,0,0,2,2,2,2,2
75,-2947.075,-2950.412,203.868,-164.485,-0.961409,0.267447,0.064530,-0.268044,-0.963407,-0.000603,0.062008,-0.017877,0.997916,0,-0.08000,0.12000,-4.800,0.240,-1,525.000,-1,550.000,175.000,425.000,450.000,275.000,225.000,-1,175.000,475.000,-1,-1,-1,-1,-1,2,0,2,1,1,0,0,0,1,2,0,0,2,2,2,2,2
76,-2937.846,-2947.766,203.332,-164.005,-0.959183,0.275515,0.063715,-0.276008,-0.961155,0.001107,0.061545,-0.016524,0.997968,0,-0.16000,0.24000,-9.600,0.480,-1,500.000,-1,575.000,200.000,425.000,450.000,275.000,225.000,-1,175.000,500.000,-1,-1,-1,-1,-1,2,0,2,1,1,0,0,0,1,2,0,0,2,2,2,2,2
77,-2924.055,-2943.625,202.540,-163.285,-0.955714,0.287580,0.062521,-0.287927,-0.957646,0.003589,0.060905,-0.014572,0.998037,0,-0.24000,0.36000,-14.400,0.720,-1,500.000,-1,575.000,200.000,425.000,450.000,275.000,225.000,-1,200.000,525.000,-1,-1,-1,-1,-1,2,0,2,1,1,0,0,0,1,2,0,0,2,2,2,2,2
78,-2905.761,-2937.795,201.504,-162.325,-0.950848,0.303595,0.060974,-0.303760,-0.952725,0.006760,0.060144,-0.012094,0.998116,0,-0.32000,0.48000,-19.200,0.960,-1,500.000,-1,575.000,200.000,425.000,450.000,275.000,250.000,-1,225.000,600.000,-1,-1,-1,-1,-1,2,0,2,1,1,0,0,0,1,2,0,0,2,2,2,2,2
79,-2883.032,-2930.088,200.299,-161.267,-0.945175,0.321140,0.059276,-0.321114,-0.946985,0.010227,0.059418,-0.009368,0.998189,0,-0.40000,0.52889,-24.000,1.058,-1,500.000,-1,600.000,200.000,425.000,425.000,275.000,250.000,-1,225.000,650.000,-1,-1,-1,-1,-1,2,0,2,0,1,0,0,0,1,2,0,0,2,2,2,2,2
80,-2859.798,-2921.725,199.078,-160.205,-0.939152,0.338647,0.057555,-0.338440,-0.940890,0.013606,0.058761,-0.006701,0.998250,0,-0.41156,0.53108,-24.694,1.062,-1,500.000,-1,575.000,225.000,400.000,425.000,275.000,250.000,-1,275.000,725.000,-1,-1,-1,-1,-1,2,0,2,0,1,0,0,0,1,2,0,0,2,2,2,2,2
81,-2836.706,-2912.925,197.854,-159.138,-0.932777,0.356110,0.055791,-0.355733,-0.934435,0.016886,0.058146,-0.004096,0.998300,0,-0.41186,0.53336,-24.712,1.067,-1,500.000,-1,575.000,225.000,400.000,425.000,275.000,250.000,-1,375.000,825.000,-1,-1,-1,-1,-1,2,0,2,0,1,0,0,0,1,2,0,0,2,2,2,2,2
82,-2813.762,-2903.687,196.621,-158.067,-0.926052,0.373518,0.053963,-0.372981,-0.927622,0.020080,0.057558,-0.001533,0.998341,0,-0.41223,0.53557,-24.734,1.071,-1,475.000,-1,550.000,250.000,400.000,425.000,275.000,275.000,-1,500.000,900.000,-1,-1,-1,-1,-1,2,0,2,0,1,0,0,0,1,2,0,0,2,2,2,2,2
83,-2790.971,-2894.010,195.375,-156.992,-0.918976,0.390863,0.052049,-0.390175,-0.920448,0.023201,0.056976,0.001013,0.998375,0,-0.41267,0.53773,-24.760,1.075,-1,475.000,-1,550.000,250.000,400.000,425.000,275.000,275.000,-1,625.000,-1,-1,-1,-1,-1,-1,2,0,2,0,1,0,0,0,1,2,0,2,2,2,2,2,2
84,-2768.340,-2883.892,194.107,-155.912,-0.911550,0.408135,0.050023,-0.407305,-0.912915,0.026260,0.056385,0.003563,0.998403,0,-0.41316,0.53982,-24.790,1.080,-1,475.000,-1,525.000,250.000,400.000,400.000,300.000,275.000,-1,775.000,-1,-1,-1,-1,-1,-1,2,0,2,0,1,0,0,0,1,2,0,2,2,2,2,2,2
85,-2745.874,-2873.335,192.681,-154.828,-0.903783,0.425325,0.047703,-0.424399,-0.905024,0.028591,0.055332,0.005595,0.998452,0,-0.41371,0.54187,-24.823,1.084,-1,475.000,-1,525.000,275.000,400.000,400.000,300.000,300.000,-1,-1,-1,-1,1000.000,-1,-1,-1,2,0,2,0,1,0,0,0,1,2,2,2,2,0,2,2,2
86,-2723.580,-2862.337,191.206,-153.741,-0.895666,0.442423,0.045228,-0.441416,-0.896774,0.030787,0.054180,0.007611,0.998502,0,-0.41432,0.54387,-24.859,1.088,-1,475.000,-1,500.000,275.000,375.000,400.000,300.000,300.000,-1,-1,-1,-1,1000.000,-1,-1,-1,2,0,2,0,1,0,0,0,1,2,2,2,2,0,2,2,2
87,-2701.464,-2850.898,189.658,-152.649,-0.887190,0.459420,0.042753,-0.458343,-0.888168,0.032861,0.053069,0.009559,0.998545,0,-0.41497,0.54582,-24.898,1.092,-1,450.000,-1,500.000,275.000,375.000,375.000,300.000,325.000,-1,-1,-1,-1,975.000,-1,-1,-1,2,0,2,0,1,0,0,0,1,2,2,2,2,0,2,2,2
88,-2679.535,-2839.018,187.943,-151.554,-0.878337,0.476308,0.040675,-0.475176,-0.879208,0.034647,0.052265,0.011104,0.998572,0,-0.41567,0.54773,-24.940,1.095,-1,450.000,-1,500.000,300.000,375.000,375.000,300.000,325.000,-1,-1,-1,-1,950.000,-1,-1,-1,2,0,2,0,1,0,0,0,1,2,2,2,2,0,2,2,2
89,-2657.799,-2826.698,186.179,-150.454,-0.869139,0.493077,0.038381,-0.491896,-0.869892,0.036423,0.051346,0.012778,0.998599,0,-0.41642,0.54960,-24.985,1.099,-1,450.000,-1,475.000,300.000,375.000,375.000,300.000,325.000,-1,-1,1000.000,-1,950.000,-1,-1,-1,2,0,2,0,1,0,0,0,1,2,2,1,2,0,2,2,2
90,-2636.263,-2813.938,184.360,-149.351,-0.859596,0.509716,0.035838,-0.508493,-0.860219,0.038188,0.050294,0.014603,0.998628,0,-0.41720,0.55143,-25.032,1.103,-1,450.000,-1,475.000,300.000,350.000,375.000,300.000,350.000,-1,-1,1000.000,-1,925.000,-1,-1,-1,2,0,2,0,1,0,0,0,1,2,2,1,2,0,2,2,2
91,-2619.103,-2803.219,182.796,-148.009,-0.847510,0.529724,0.033454,-0.528472,-0.848018,0.039782,0.049443,0.016036,0.998648,0,-0.33720,0.67143,-20.232,1.343,-1,425.000,-1,450.000,325.000,350.000,350.000,300.000,325.000,-1,-1,975.000,-1,900.000,-1,-1,-1,2,0,2,0,1,0,0,0,0,2,2,1,2,0,2,2,2
92,-2606.245,-2794.685,181.536,-146.426,-0.832629,0.552939,0.031420,-0.551667,-0.833051,0.041118,0.048910,0.016903,0.998660,0,-0.25720,0.79143,-15.432,1.583,-1,425.000,-1,450.000,325.000,350.000,350.000,300.000,325.000,-1,1000.000,975.000,-1,900.000,-1,-1,-1,2,0,2,0,1,0,0,0,0,2,1,1,2,0,2,2,2
93,-2597.565,-2788.545,180.615,-144.726,-0.815910,0.577408,0.029852,-0.576125,-0.816275,0.042141,0.048700,0.017185,0.998666,0,-0.17720,0.85008,-10.632,1.700,-1,425.000,-1,450.000,375.000,350.000,350.000,300.000,325.000,-1,975.000,975.000,-1,875.000,1000.000,-1,-1,2,0,2,0,1,0,0,0,0,2,1,1,2,0,0,2,2
94,-2592.906,-2785.038,180.045,-143.030,-0.798498,0.601309,0.028769,-0.600019,-0.798836,0.042861,0.048754,0.016962,0.998667,0,-0.09720,0.84774,-5.832,1.695,-1,425.000,-1,450.000,425.000,350.000,350.000,300.000,325.000,-1,950.000,1000.000,-1,875.000,1000.000,-1,-1,2,0,2,0,1,0,0,0,1,2,1,1,2,0,0,2,2
95,-2592.100,-2784.393,179.807,-141.341,-0.780438,0.624602,0.028083,-0.623310,-0.780773,0.043344,0.048999,0.016323,0.998665,0,-0.01720,0.84457,-1.032,1.689,-1,425.000,-1,450.000,-1,350.000,350.000,300.000,325.000,-1,975.000,-1,-1,875.000,975.000,-1,-1,2,0,2,0,2,0,0,0,1,2,1,2,2,0,0,2,2
96,-2594.972,-2786.832,179.868,-139.660,-0.761779,0.647248,0.027635,-0.645957,-0.762124,0.043663,0.049322,0.015410,0.998664,0,0.06280,0.84057,3.768,1.681,-1,425.000,-1,425.000,-1,350.000,350.000,300.000,300.000,-1,975.000,-1,-1,875.000,975.000,-1,-1,2,0,2,0,2,0,0,0,1,2,1,2,2,0,0,2,2
97,-2601.338,-2792.566,180.181,-137.988,-0.742574,0.669212,0.027192,-0.667928,-0.742931,0.043879,0.049566,0.014421,0.998667,0,0.14280,0.83574,8.568,1.671,-1,425.000,-1,425.000,-1,350.000,350.000,300.000,300.000,-1,1000.000,-1,-1,875.000,950.000,-1,-1,2,0,2,0,2,0,0,0,1,2,1,2,2,0,0,2,2
98,-2611.007,-2801.797,180.683,-136.328,-0.722884,0.690463,0.026447,-0.689192,-0.723240,0.044037,0.049534,0.013607,0.998680,0,0.22280,0.83008,13.368,1.660,-1,400.000,-1,425.000,-1,325.000,350.000,300.000,275.000,-1,-1,-1,-1,875.000,950.000,-1,-1,2,0,2,0,2,0,0,0,1,2,2,2,2,0,0,2,2
99,-2623.782,-2814.716,181.297,-134.678,-0.702740,0.711007,0.025021,-0.709759,-0.703060,0.044156,0.048987,0.013271,0.998711,0,0.30280,0.82509,18.168,1.650,-1,400.000,-1,425.000,-1,325.000,350.000,300.000,250.000,-1,-1,-1,-1,850.000,925.000,-1,-1,2,0,2,0,2,0,0,0,1,2,2,2,2,0,0,2,2
100,-2639.454,-2831.505,181.929,-133.030,-0.682080,0.730932,0.022461,-0.729724,-0.682311,0.044216,0.047644,0.013768,0.998769,0,0.38280,0.82421,22.968,1.648,-1,400.000,-1,425.000,-1,325.000,350.000,300.000,250.000,-1,-1,-1,-1,850.000,925.000,-1,-1,2,0,2,0,2,0,0,0,1,2,2,2,2,0,0,2,2
101,-2657.811,-2852.340,182.476,-131.383,-0.660940,0.750217,0.018259,-0.749077,-0.661010,0.044147,0.045189,0.015502,0.998858,0,0.46280,0.82328,27.768,1.647,-1,400.000,-1,425.000,-1,325.000,325.000,300.000,225.000,-1,-1,-1,-1,825.000,875.000,-1,-1,2,0,2,0,2,0,0,0,1,2,2,2,2,0,0,2,2
102,-2678.630,-2877.384,183.419,-129.738,-0.639241,0.768865,0.014706,-0.767800,-0.639193,0.043767,0.043051,0.016686,0.998934,0,0.54280,0.82236,32.568,1.645,-1,400.000,-1,400.000,-1,325.000,325.000,300.000,225.000,-1,-1,-1,-1,825.000,850.000,-1,-1,2,0,2,0,2,0,0,0,1,2,2,2,2,0,0,2,2
103,-2701.685,-2906.792,185.051,-128.095,-0.616960,0.786884,0.013215,-0.785868,-0.616888,0.043147,0.042103,0.016235,0.998981,0,0.62280,0.82158,37.368,1.643,-1,400.000,-1,400.000,-1,325.000,325.000,300.000,200.000,-1,-1,-1,-1,825.000,850.000,-1,-1,2,0,2,0,2,0,0,0,1,2,2,2,2,0,0,2,2
104,-2726.740,-2940.709,186.822,-126.453,-0.594172,0.804248,0.012070,-0.803278,-0.594092,0.042405,0.041274,0.015500,0.999028,0,0.70280,0.82105,42.168,1.642,-1,400.000,-1,400.000,-1,325.000,325.000,300.000,200.000,-1,-1,-1,-1,825.000,825.000,-1,-1,2,0,2,0,2,0,0,0,1,2,2,2,2,0,0,2,2
105,-2753.553,-2979.271,188.795,-124.811,-0.570898,0.820948,0.010963,-0.820028,-0.570813,0.041555,0.040372,0.014734,0.999076,0,0.78280,0.82089,46.968,1.642,-1,400.000,-1,400.000,-1,325.000,325.000,300.000,200.000,-1,-1,-1,-1,800.000,825.000,-1,-1,2,0,2,0,2,0,0,0,1,2,2,2,2,0,0,2,2
106,-2781.876,-3022.604,190.986,-123.169,-0.547144,0.836981,0.009836,-0.836112,-0.547054,0.040599,0.039361,0.013989,0.999127,0,0.86280,0.82124,51.768,1.642,-1,400.000,-1,400.000,-1,325.000,325.000,300.000,225.000,-1,-1,-1,-1,800.000,825.000,-1,-1,2,0,2,0,2,0,0,0,1,2,2,2,2,0,0,2,2
107,-2809.484,-3067.614,193.234,-121.524,-0.522908,0.852344,0.008799,-0.851526,-0.522815,0.039599,0.038352,0.013214,0.999177,0,0.88004,0.82223,52.802,1.644,-1,400.000,-1,400.000,-1,325.000,325.000,300.000,225.000,-1,-1,-1,-1,800.000,800.000,-1,-1,2,0,2,0,2,0,0,0,1,2,2,2,2,0,0,2,2
108,-2835.475,-3112.855,195.418,-119.877,-0.498178,0.867036,0.008142,-0.866261,-0.498096,0.038627,0.037547,0.012190,0.999221,0,0.86960,0.82389,52.176,1.648,-1,400.000,-1,400.000,-1,325.000,325.000,300.000,275.000,-1,-1,-1,675.000,800.000,800.000,-1,-1,2,0,2,0,2,0,0,0,1,2,2,2,1,0,0,2,2
109,-2859.875,-3158.315,197.546,-118.224,-0.472958,0.881050,0.007820,-0.880311,-0.472896,0.037706,0.036919,0.010950,0.999258,0,0.85991,0.82614,51.595,1.652,-1,400.000,-1,400.000,-1,325.000,325.000,300.000,300.000,-1,-1,-1,500.000,800.000,800.000,-1,-1,2,0,2,0,2,0,0,0,1,2,2,2,1,0,0,2,2
110,-2882.715,-3203.991,199.868,-116.566,-0.447229,0.894383,0.008121,-0.893713,-0.447218,0.035699,0.035560,0.008708,0.999330,0,0.85113,0.82894,51.068,1.658,-1,400.000,-1,400.000,-1,325.000,325.000,300.000,325.000,-1,-1,-1,450.000,875.000,775.000,-1,-1,2,0,2,0,2,0,0,0,0,2,2,2,1,1,0,2,2
111,-2902.735,-3246.633,202.223,-115.149,-0.424886,0.905198,0.009433,-0.904644,-0.424961,0.032065,0.033034,0.005091,0.999441,0,0.78515,0.70894,47.109,1.418,-1,400.000,-1,400.000,-1,325.000,325.000,300.000,325.000,-1,-1,-1,425.000,900.000,775.000,-1,-1,2,0,2,0,2,0,0,0,0,2,2,2,1,1,0,2,2
112,-2921.549,-3289.427,203.817,-113.732,-0.402376,0.915427,0.009321,-0.914889,-0.402462,0.031657,0.032731,0.004210,0.999455,0,0.77912,0.70805,46.747,1.416,-1,400.000,-1,400.000,-1,325.000,325.000,300.000,325.000,-1,-1,-1,400.000,975.000,775.000,-1,-1,2,0,2,0,2,0,0,0,0,2,2,2,1,1,0,2,2
113,-2939.178,-3332.393,204.689,-112.309,-0.379558,0.925137,0.007634,-0.924523,-0.379588,0.034207,0.034544,0.005926,0.999386,0,0.77402,0.71191,46.441,1.424,-1,400.000,-1,400.000,-1,325.000,325.000,300.000,325.000,-1,-1,-1,400.000,-1,775.000,-1,-1,2,0,2,0,2,0,0,0,0,2,2,2,1,2,0,2,2
114,-2955.637,-3375.550,206.029,-110.876,-0.356326,0.934335,0.006992,-0.933706,-0.356347,0.034777,0.034985,0.005864,0.999371,0,0.76982,0.71610,46.189,1.432,-1,400.000,-1,400.000,-1,325.000,325.000,300.000,325.000,-1,-1,-1,425.000,1000.000,775.000,-1,-1,2,0,2,0,2,0,0,0,0,2,2,2,1,1,0,2,2
115,-2970.940,-3418.920,207.509,-109.435,-0.332711,0.943006,0.006583,-0.942393,-0.332735,0.034404,0.034633,0.005243,0.999386,0,0.76651,0.72061,45.991,1.441,-1,400.000,-1,400.000,-1,325.000,325.000,300.000,325.000,-1,-1,-1,450.000,950.000,-1,-1,-1,2,0,2,0,2,0,0,0,0,2,2,2,1,1,2,2,2
116,-2985.095,-3462.524,208.972,-107.984,-0.308727,0.951131,0.006145,-0.950536,-0.308753,0.033943,0.034181,0.004638,0.999405,0,0.76407,0.72541,45.844,1.451,-1,400.000,-1,400.000,-1,325.000,325.000,300.000,325.000,-1,-1,-1,475.000,900.000,-1,-1,-1,2,0,2,0,2,0,0,0,0,2,2,2,1,1,2,2,2
117,-2998.106,-3506.382,210.448,-106.523,-0.284372,0.958696,0.005808,-0.958121,-0.284404,0.033442,0.033712,0.003945,0.999424,0,0.76245,0.73049,45.747,1.461,-1,400.000,-1,400.000,-1,325.000,325.000,300.000,325.000,-1,-1,-1,500.000,875.000,-1,-1,-1,2,0,2,0,2,0,0,0,0,2,2,2,1,1,2,2,2
118,-3009.973,-3550.511,211.935,-105.052,-0.259649,0.965687,0.005565,-0.965131,-0.259690,0.032905,0.033222,0.003172,0.999443,0,0.76161,0.73581,45.697,1.472,-1,400.000,-1,400.000,-1,325.000,325.000,300.000,325.000,-1,-1,-1,550.000,825.000,-1,-1,-1,2,0,2,0,2,0,0,0,0,2,2,2,1,1,2,2,2
119,-3020.693,-3594.927,213.432,-103.569,-0.234564,0.972086,0.005414,-0.971550,-0.234615,0.032338,0.032705,0.002326,0.999462,0,0.76152,0.74137,45.691,1.483,-1,400.000,-1,400.000,-1,325.000,325.000,300.000,300.000,-1,-1,-1,600.000,825.000,-1,-1,-1,2,1,2,0,2,0,0,0,0,2,2,2,1,0,2,2,2
120,-3030.259,-3639.643,214.940,-102.075,-0.209122,0.977875,0.005347,-0.977361,-0.209186,0.031742,0.032159,0.001412,0.999482,0,0.76214,0.74716,45.728,1.494,-1,400.000,-1,400.000,-1,325.000,325.000,300.000,300.000,-1,-1,-1,650.000,825.000,-1,-1,-1,2,1,2,0,2,0,0,0,0,2,2,2,1,0,2,2,2
121,-3039.358,-3689.345,216.612,-100.375,-0.180009,0.983650,0.005370,-0.983160,-0.180088,0.031057,0.031516,0.000311,0.999503,0,0.84214,0.84988,50.528,1.700,-1,400.000,-1,-1,-1,350.000,325.000,300.000,300.000,-1,-1,-1,700.000,825.000,-1,-1,-1,2,1,2,2,2,1,1,0,0,2,2,2,1,0,2,2,2
122,-3047.714,-3744.039,218.450,-98.687,-0.150931,0.988529,0.005500,-0.988066,-0.151029,0.030274,0.030757,-0.000865,0.999527,0,0.92214,0.84418,55.328,1.688,-1,400.000,-1,-1,-1,375.000,450.000,300.000,300.000,-1,-1,-1,775.000,825.000,-1,-1,-1,2,0,2,2,2,1,1,0,0,2,2,2,1,0,2,2,2
123,-3054.711,-3800.928,220.356,-97.012,-0.121952,0.992519,0.005734,-0.992085,-0.122068,0.029438,0.029918,-0.002099,0.999550,0,0.95529,0.83751,57.318,1.675,-1,400.000,-1,-1,-1,375.000,600.000,300.000,300.000,-1,-1,-1,875.000,825.000,-1,-1,-1,2,0,2,2,2,1,1,0,0,2,2,2,1,0,2,2,2
124,-3060.086,-3858.301,222.269,-95.352,-0.093133,0.995635,0.006060,-0.995231,-0.093269,0.028578,0.029018,-0.003369,0.999573,0,0.96042,0.82990,57.625,1.660,-1,400.000,-1,-1,-1,400.000,700.000,300.000,300.000,-1,-1,-1,975.000,825.000,-1,-1,-1,2,0,2,2,2,1,1,0,0,2,2,2,1,0,2,2,2
125,-3063.831,-3916.075,224.163,-93.709,-0.064530,0.997894,0.006559,-0.997519,-0.064688,0.027760,0.028126,-0.004751,0.999593,0,0.96492,0.82136,57.895,1.643,-1,400.000,-1,-1,-1,400.000,725.000,300.000,300.000,-1,-1,850.000,-1,825.000,-1,-1,-1,2,0,2,2,2,1,1,0,0,2,2,1,2,0,2,2,2
126,-3065.945,-3974.155,222.963,-92.085,-0.036452,0.999331,-0.002964,-0.999150,-0.036388,0.019379,0.019258,0.003667,0.999808,0,0.96865,0.81182,58.119,1.624,-1,400.000,-1,-1,-1,375.000,650.000,325.000,275.000,-1,-1,925.000,-1,775.000,-1,-1,-1,2,0,2,2,2,1,1,0,0,2,2,1,2,0,2,2,2
127,-3066.432,-4032.441,217.802,-90.483,-0.008397,0.999606,-0.026776,-0.999964,-0.008425,-0.000947,-0.001172,0.026767,0.999641,0,0.97147,0.80122,58.288,1.602,-1,350.000,-1,-1,-1,325.000,525.000,325.000,225.000,-1,-1,-1,-1,650.000,-1,-1,-1,2,0,2,2,2,1,1,0,0,2,2,2,2,0,2,2,2
128,-3065.308,-4090.822,213.038,-88.904,0.020115,0.998645,-0.047993,-0.999589,0.019106,-0.021394,-0.020448,0.048403,0.998619,0,0.97319,0.78948,58.392,1.579,-1,300.000,-1,-1,-1,275.000,425.000,350.000,175.000,-1,-1,-1,-1,575.000,-1,-1,-1,2,0,2,2,2,1,1,0,0,2,2,2,2,0,2,2,2
129,-3062.597,-4149.178,208.761,-87.351,0.048799,0.996602,-0.066362,-0.998076,0.046111,-0.041444,-0.038244,0.068256,0.996935,0,0.97362,0.77652,58.417,1.553,-1,275.000,-1,-1,-1,225.000,375.000,375.000,150.000,-1,-1,-1,-1,500.000,-1,-1,-1,2,0,2,2,2,1,1,0,0,2,2,2,2,0,2,2,2
130,-3058.338,-4207.375,205.055,-85.826,0.077345,0.993652,-0.081691,-0.995526,0.072511,-0.060580,-0.054272,0.086011,0.994815,0,0.97253,0.76229,58.352,1.525,-1,250.000,-1,-1,-1,200.000,325.000,400.000,125.000,-1,-1,-1,-1,425.000,-1,750.000,-1,2,0,2,2,2,0,1,0,1,2,2,2,2,0,2,0,2
131,-3052.580,-4265.272,201.996,-84.333,0.105440,0.989987,-0.093853,-0.992078,0.098241,-0.078289,-0.068285,0.101364,0.992503,0,0.96969,0.74674,58.181,1.493,-1,225.000,875.000,-1,-1,175.000,275.000,425.000,200.000,-1,-1,-1,-1,375.000,-1,550.000,-1,2,0,0,2,2,0,1,0,1,2,2,2,2,0,2,0,2
132,-3045.386,-4322.716,199.649,-82.873,0.132784,0.985801,-0.102787,-0.987904,0.123257,-0.094088,-0.080083,0.114037,0.990244,0,0.96487,0.72985,57.892,1.460,-1,200.000,700.000,550.000,-1,150.000,250.000,450.000,300.000,-1,-1,-1,-1,350.000,-1,425.000,-1,2,0,0,1,2,0,1,0,1,2,2,2,2,0,2,0,2
133,-3036.831,-4379.549,198.070,-81.450,0.159112,0.981280,-0.108501,-0.983194,0.147532,-0.107532,-0.089511,0.123787,0.988263,0,0.95788,0.71166,57.473,1.423,-1,200.000,575.000,425.000,-1,150.000,225.000,475.000,450.000,-1,-1,-1,-1,325.000,-1,350.000,-1,2,0,0,1,2,0,1,0,1,2,2,2,2,0,2,0,2
134,7543.220,-983.894,191.759,84.969,0.086223,-0.995848,0.029212,0.994752,0.087675,0.052740,-0.055083,0.024511,0.998181,1,0.00000,0.00000,56.913,1.385,-1,375.000,-1,400.000,-1,325.000,325.000,300.000,325.000,-1,-1,-1,-1,875.000,750.000,-1,-1,2,1,2,0,2,0,0,0,0,2,2,2,2,1,0,2,2
135,7542.779,-988.674,192.023,84.729,0.090403,-0.995480,0.029113,0.994373,0.091846,0.052784,-0.055219,0.024177,0.998182,0,-0.08000,-0.12000,-4.800,-0.240,-1,375.000,-1,400.000,-1,325.000,325.000,300.000,325.000,-1,-1,-1,-1,875.000,750.000,-1,-1,2,1,2,0,2,0,0,0,0,2,2,2,2,1,0,2,2
136,7541.835,-998.228,192.553,84.354,0.096919,-0.994872,0.028916,0.993747,0.098346,0.052866,-0.055439,0.023612,0.998183,0,-0.16000,-0.18707,-9.600,-0.374,-1,375.000,-1,400.000,-1,325.000,325.000,300.000,325.000,-1,-1,-1,-1,850.000,750.000,-1,-1,2,1,2,0,2,0,0,0,0,2,2,2,2,1,0,2,2
137,7540.325,-1012.548,193.352,83.979,0.103464,-0.994221,0.028624,0.993074,0.104870,0.052984,-0.055680,0.022944,0.998185,0,-0.24000,-0.18787,-14.400,-0.376,-1,375.000,-1,400.000,-1,325.000,325.000,300.000,325.000,-1,-1,-1,-1,850.000,750.000,-1,-1,2,0,2,0,2,0,0,0,0,2,2,2,2,1,0,2,2
138,7538.531,-1028.539,194.246,83.599,0.110076,-0.993520,0.028297,0.992349,0.111459,0.053113,-0.055923,0.022234,0.998188,0,-0.26818,-0.18988,-16.091,-0.380,-1,375.000,-1,400.000,-1,325.000,325.000,300.000,325.000,-1,-1,-1,-1,825.000,750.000,-1,-1,2,0,2,0,2,0,0,0,0,2,2,2,2,1,0,2,2
139,7536.604,-1044.731,195.154,83.214,0.116769,-0.992765,0.027963,0.991570,0.118128,0.053242,-0.056160,0.021511,0.998190,0,-0.27178,-0.19230,-16.307,-0.385,-1,375.000,-1,400.000,-1,325.000,325.000,300.000,325.000,-1,-1,-1,-1,825.000,775.000,-1,-1,2,0,2,0,2,0,0,0,0,2,2,2,2,1,0,2,2
