timestep,x_cm,y_cm,z_cm,yaw_deg,basis_xx,basis_xy,basis_xz,basis_yx,basis_yy,basis_yz,basis_zx,basis_zy,basis_zz,teleport_flag,throttle_cmd,steering_cmd,cmd_move_cm,cmd_turn_deg,lidar_cm_0,lidar_cm_1,lidar_cm_2,lidar_cm_3,lidar_cm_4,lidar_cm_5,lidar_cm_6,lidar_cm_7,lidar_cm_8,lidar_cm_9,lidar_cm_10,lidar_cm_11,lidar_cm_12,lidar_cm_13,lidar_cm_14,lidar_cm_15,lidar_cm_16,lidar_class_0,lidar_class_1,lidar_class_2,lidar_class_3,lidar_class_4,lidar_class_5,lidar_class_6,lidar_class_7,lidar_class_8,lidar_class_9,lidar_class_10,lidar_class_11,lidar_class_12,lidar_class_13,lidar_class_14,lidar_class_15,lidar_class_16
0,985.889,323.592,428.738,-65.514,0.414419,0.909960,-0.015164,-0.907437,0.414425,0.069358,0.069397,-0.014983,0.997477,1,0.08000,0.12000,4.800,0.240,300.000,275.000,-1,425.000,-1,250.000,300.000,-1,300.000,-1,0.000,0.000,-1,375.000,-1,275.000,-1,1,1,2,1,2,1,1,2,0,2,0,0,2,1,2,1,2
1,989.941,314.889,429.402,-65.034,0.421903,0.906476,-0.017279,-0.903960,0.422043,0.068821,0.069677,-0.013416,0.997479,0,0.16000,0.24000,9.600,0.480,300.000,275.000,-1,425.000,-1,250.000,275.000,-1,300.000,-1,0.000,0.000,-1,350.000,-1,275.000,-1,1,1,2,1,2,1,1,2,0,2,0,0,2,1,2,1,2
2,996.183,301.912,430.400,-64.314,0.433070,0.901127,-0.020479,-0.898626,0.433413,0.068000,0.070153,-0.011046,0.997475,0,0.24000,0.36000,14.400,0.720,300.000,250.000,-1,425.000,-1,250.000,275.000,-1,300.000,-1,0.000,0.000,-1,350.000,-1,275.000,-1,1,1,2,1,2,1,1,2,0,2,0,0,2,1,2,1,2
3,1004.794,284.751,431.736,-63.354,0.447846,0.893766,-0.024802,-0.891297,0.448464,0.066861,0.070880,-0.007837,0.997454,0,0.32000,0.48000,19.200,0.960,300.000,250.000,-1,400.000,-1,225.000,275.000,-1,300.000,-1,0.000,0.000,-1,350.000,-1,275.000,-1,1,1,2,1,2,1,1,2,0,2,0,0,2,1,2,1,2
4,1015.952,263.502,433.399,-62.297,0.463914,0.885362,-0.030289,-0.882929,0.464887,0.065695,0.072245,-0.003734,0.997380,0,0.40000,0.52853,24.000,1.057,300.000,250.000,-1,400.000,-1,225.000,275.000,-1,300.000,-1,0.000,0.000,-1,350.000,-1,275.000,-1,1,1,2,1,2,1,1,2,0,2,0,0,2,1,2,1,2
5,1029.810,238.255,435.415,-61.241,0.479701,0.876647,-0.037111,-0.874263,0.481132,0.064624,0.074508,0.001445,0.997219,0,0.48000,0.52815,28.800,1.056,300.000,250.000,-1,400.000,-1,225.000,250.000,-1,300.000,-1,0.000,0.000,-1,325.000,-1,250.000,-1,1,1,2,1,2,1,1,2,0,2,0,0,2,1,2,1,2
6,1046.517,209.102,438.555,-60.185,0.495254,0.867619,-0.044275,-0.865079,0.497201,0.066557,0.079760,0.005339,0.996800,0,0.56000,0.52802,33.600,1.056,275.000,225.000,-1,400.000,-1,225.000,250.000,-1,300.000,-1,0.000,0.000,-1,325.000,-1,250.000,-1,1,1,2,1,2,1,1,2,0,2,0,0,2,1,2,1,2
7,1066.223,176.141,443.279,-59.128,0.510544,0.858297,-0.051675,-0.855211,0.513106,0.073048,0.089212,0.006899,0.995989,0,0.64000,0.52816,38.400,1.056,275.000,225.000,-1,450.000,-1,200.000,250.000,-1,325.000,-1,0.000,0.000,-1,325.000,-1,250.000,-1,1,1,2,1,2,1,1,2,0,2,0,0,2,1,2,1,2
8,3607.683,-328.082,419.347,-141.486,-0.757084,0.613158,0.225524,-0.636172,-0.770463,-0.040888,0.148687,-0.174427,0.973379,1,0.00000,0.00000,43.200,1.057,-1,825.000,-1,750.000,150.000,750.000,475.000,250.000,-1,225.000,25.000,175.000,-1,-1,-1,-1,-1,2,0,2,1,1,0,1,0,2,0,0,0,2,2,2,2,2
9,-6226.554,1639.757,142.841,-1.082,0.998941,0.018866,-0.041955,-0.020688,0.998842,-0.043440,0.041086,0.044262,0.998175,1,0.08000,-0.12000,4.800,-0.240,-1,400.000,-1,400.000,-1,325.000,325.000,300.000,300.000,-1,-1,-1,-1,775.000,775.000,-1,-1,2,0,2,0,2,0,0,0,0,2,2,2,2,0,0,2,2
10,-6216.958,1639.495,143.232,-1.562,0.998750,0.027232,-0.041907,-0.029054,0.998631,-0.043487,0.040666,0.044650,0.998175,0,0.16000,-0.24000,9.600,-0.480,-1,400.000,-1,400.000,-1,325.000,325.000,300.000,300.000,-1,-1,-1,-1,775.000,775.000,-1,-1,2,0,2,0,2,0,0,0,0,2,2,2,2,0,0,2,2
11,-6202.569,1638.922,143.810,-2.282,0.998332,0.039778,-0.041836,-0.041597,0.998184,-0.043561,0.040027,0.045228,0.998174,0,0.24000,-0.36000,14.400,-0.720,-1,400.000,-1,400.000,-1,325.000,325.000,300.000,300.000,-1,-1,-1,-1,775.000,775.000,-1,-1,2,0,2,0,2,0,0,0,0,2,2,2,2,0,0,2,2
12,-6183.400,1637.837,144.567,-3.242,0.997530,0.056494,-0.041740,-0.058311,0.997343,-0.043666,0.039162,0.045992,0.998174,0,0.32000,-0.48000,19.200,-0.960,-1,400.000,-1,400.000,-1,325.000,325.000,300.000,300.000,-1,-1,-1,-1,775.000,775.000,-1,-1,2,0,2,0,2,0,0,0,0,2,2,2,2,0,0,2,2
13,-6159.471,1635.978,145.490,-4.442,0.996134,0.077365,-0.041619,-0.079177,0.995897,-0.043808,0.038059,0.046934,0.998173,0,0.40000,-0.60000,24.000,-1.200,-1,400.000,-1,400.000,-1,325.000,325.000,300.000,300.000,-1,-1,-1,-1,775.000,775.000,-1,-1,2,0,2,0,2,0,0,0,0,2,2,2,2,0,0,2,2
14,-6130.823,1633.027,146.563,-5.882,0.993882,0.102362,-0.041475,-0.104168,0.993586,-0.043994,0.036705,0.048045,0.998171,0,0.48000,-0.72000,28.800,-1.440,-1,400.000,-1,400.000,-1,325.000,325.000,300.000,300.000,-1,-1,-1,-1,775.000,775.000,-1,-1,2,0,2,0,2,0,0,0,0,2,2,2,2,0,0,2,2
15,-6097.514,1628.606,147.768,-7.562,0.990463,0.131440,-0.041308,-0.133236,0.990097,-0.044230,0.035085,0.049312,0.998167,0,0.56000,-0.84000,33.600,-1.680,-1,400.000,-1,400.000,-1,325.000,325.000,300.000,300.000,-1,-1,-1,-1,775.000,775.000,-1,-1,2,0,2,0,2,0,0,0,0,2,2,2,2,0,0,2,2
16,-6059.615,1622.422,149.088,-9.269,0.986121,0.160857,-0.041123,-0.162642,0.985680,-0.044520,0.033373,0.050591,0.998162,0,0.64000,-0.85330,38.400,-1.707,-1,400.000,-1,400.000,-1,325.000,325.000,300.000,300.000,-1,-1,-1,-1,775.000,775.000,-1,-1,2,0,2,0,2,0,0,0,0,2,2,2,2,0,0,2,2
17,-6017.205,1614.198,150.506,-10.976,0.980905,0.190134,-0.040925,-0.191905,0.980387,-0.044866,0.031592,0.051863,0.998154,0,0.72000,-0.85345,43.200,-1.707,-1,400.000,-1,400.000,-1,325.000,325.000,300.000,300.000,-1,-1,-1,-1,775.000,775.000,-1,-1,2,0,2,0,2,0,0,0,0,2,2,2,2,0,0,2,2
18,-5970.375,1603.660,151.997,-12.683,0.974820,0.219243,-0.040732,-0.221000,0.974224,-0.045239,0.029764,0.053102,0.998145,0,0.80000,-0.85362,48.000,-1.707,-1,400.000,-1,400.000,-1,325.000,325.000,300.000,300.000,-1,-1,-1,-1,775.000,775.000,-1,-1,2,0,2,0,2,0,0,0,0,2,2,2,2,0,0,2,2
19,-5919.231,1590.537,153.448,-14.390,0.967875,0.248165,-0.040390,-0.249886,0.967216,-0.045280,0.027829,0.053919,0.998157,0,0.88000,-0.85378,52.800,-1.708,-1,400.000,-1,400.000,-1,325.000,325.000,300.000,300.000,-1,-1,-1,-1,800.000,775.000,-1,-1,2,0,2,0,2,0,0,0,0,2,2,2,2,0,0,2,2
20,-5867.104,1575.494,154.822,-16.098,0.960077,0.276871,-0.039926,-0.278545,0.959355,-0.045279,0.025766,0.054593,0.998176,0,0.90423,-0.85392,54.254,-1.708,-1,400.000,-1,400.000,-1,325.000,325.000,300.000,300.000,-1,-1,-1,-1,800.000,775.000,-1,-1,2,0,2,0,2,0,0,0,0,2,2,2,2,0,0,2,2
21,-5815.493,1558.917,156.083,-17.806,0.951425,0.305330,-0.039555,-0.306964,0.950638,-0.045384,0.023745,0.055322,0.998186,0,0.90346,-0.85400,54.208,-1.708,-1,400.000,-1,400.000,-1,325.000,325.000,300.000,300.000,-1,-1,-1,-1,800.000,775.000,-1,-1,2,0,2,0,2,0,0,0,0,2,2,2,2,0,0,2,2
22,-5764.442,1540.825,157.210,-19.514,0.941931,0.333514,-0.039170,-0.335109,0.941070,-0.045708,0.021618,0.056180,0.998187,0,0.90268,-0.85403,54.161,-1.708,-1,400.000,-1,400.000,-1,325.000,325.000,300.000,300.000,-1,-1,-1,-1,800.000,775.000,-1,-1,2,0,2,0,2,0,0,0,0,2,2,2,2,0,0,2,2
23,-5718.354,1523.150,158.160,-20.982,0.933105,0.357499,-0.038842,-0.359060,0.932178,-0.046050,0.019745,0.056916,0.998184,0,0.82268,-0.73403,49.361,-1.468,-1,400.000,-1,400.000,-1,325.000,325.000,300.000,300.000,-1,-1,-1,-1,800.000,775.000,-1,-1,2,0,2,0,2,0,0,0,0,2,2,2,2,0,0,2,2
24,-5677.099,1506.306,158.956,-22.210,0.925255,0.377383,-0.038535,-0.378912,0.924271,-0.046353,0.018123,0.057490,0.998182,0,0.74268,-0.61403,44.561,-1.228,-1,400.000,-1,400.000,-1,325.000,325.000,300.000,300.000,-1,-1,-1,-1,800.000,775.000,-1,-1,2,0,2,0,2,0,0,0,0,2,2,2,2,0,0,2,2
25,-5640.076,1490.439,159.615,-23.198,0.918636,0.393256,-0.038184,-0.394752,0.917606,-0.046589,0.016717,0.057872,0.998184,0,0.67132,-0.49403,40.279,-0.988,-1,400.000,-1,400.000,-1,325.000,325.000,300.000,300.000,-1,-1,-1,-1,800.000,775.000,-1,-1,2,0,2,0,2,0,0,0,0,2,2,2,2,0,0,2,2
26,-5603.311,1474.112,160.243,-23.946,0.913446,0.405196,-0.037857,-0.406663,0.912377,-0.046837,0.015562,0.058178,0.998185,0,0.67045,-0.37403,40.227,-0.748,-1,400.000,-1,400.000,-1,325.000,325.000,300.000,300.000,-1,-1,-1,-1,800.000,775.000,-1,-1,2,0,2,0,2,0,0,0,1,2,2,2,2,0,0,2,2
27,-5566.755,1457.487,160.849,-24.455,0.909837,0.413264,-0.037549,-0.414707,0.908736,-0.047090,0.014661,0.058416,0.998185,0,0.66932,-0.25403,40.159,-0.508,-1,400.000,-1,400.000,-1,325.000,325.000,300.000,325.000,-1,-1,-1,-1,800.000,750.000,-1,-1,2,0,2,0,2,0,0,0,1,2,2,2,2,0,0,2,2
28,-5530.350,1440.726,161.442,-24.723,0.907910,0.417507,-0.037257,-0.418932,0.906783,-0.047343,0.014018,0.058591,0.998184,0,0.66796,-0.13403,40.077,-0.268,-1,400.000,-1,400.000,-1,325.000,325.000,300.000,325.000,-1,-1,-1,-1,800.000,750.000,-1,-1,2,0,2,0,2,0,0,0,1,2,2,2,2,0,0,2,2
29,-5494.041,1423.987,162.031,-24.751,0.907718,0.417948,-0.036979,-0.419359,0.906572,-0.047590,0.013634,0.058706,0.998182,0,0.66636,-0.01403,39.982,-0.028,-1,400.000,-1,400.000,-1,325.000,325.000,300.000,325.000,-1,-1,-1,-1,800.000,750.000,-1,-1,2,0,2,0,2,0,0,0,1,2,2,2,2,0,0,2,2
30,-5457.769,1407.427,162.625,-24.539,0.909267,0.414590,-0.036711,-0.415993,0.908109,-0.047829,0.013508,0.058761,0.998181,0,0.66456,0.10597,39.874,0.212,-1,400.000,-1,400.000,-1,325.000,325.000,300.000,325.000,-1,-1,-1,-1,800.000,750.000,-1,-1,2,0,2,0,2,0,0,0,1,2,2,2,2,0,0,2,2
31,-5421.476,1391.202,163.235,-24.087,0.912516,0.407415,-0.036449,-0.408815,0.911351,-0.048054,0.013640,0.058751,0.998179,0,0.66258,0.22597,39.755,0.452,-1,400.000,-1,400.000,-1,325.000,325.000,300.000,300.000,-1,-1,-1,-1,800.000,750.000,-1,-1,2,0,2,0,2,0,0,0,1,2,2,2,2,0,0,2,2
32,-5385.108,1375.468,163.863,-23.395,0.917372,0.396382,-0.036199,-0.397783,0.916211,-0.048235,0.014046,0.058649,0.998180,0,0.66044,0.34597,39.626,0.692,-1,400.000,-1,400.000,-1,325.000,325.000,300.000,300.000,-1,-1,-1,-1,800.000,750.000,-1,-1,2,0,2,0,2,0,0,0,0,2,2,2,2,0,0,2,2
33,-5348.653,1360.284,164.478,-22.612,0.922702,0.383828,-0.036009,-0.385233,0.921560,-0.048199,0.014684,0.058345,0.998188,0,0.65818,0.39160,39.491,0.783,-1,400.000,-1,400.000,-1,325.000,325.000,300.000,300.000,-1,-1,-1,-1,800.000,750.000,-1,-1,2,0,2,0,2,0,0,0,0,2,2,2,2,0,0,2,2
34,-5312.116,1345.651,165.096,-21.826,0.927878,0.371171,-0.035706,-0.372573,0.926756,-0.048086,0.015242,0.057921,0.998205,0,0.65598,0.39264,39.359,0.785,-1,400.000,-1,400.000,-1,325.000,325.000,300.000,300.000,-1,-1,-1,-1,800.000,750.000,-1,-1,2,0,2,0,2,0,0,0,0,2,2,2,2,0,0,2,2
35,-5275.494,1331.564,165.674,-21.039,0.932904,0.358411,-0.035097,-0.359789,0.931810,-0.047779,0.015579,0.057201,0.998241,0,0.65396,0.39381,39.238,0.788,-1,400.000,-1,400.000,-1,325.000,325.000,300.000,300.000,-1,-1,-1,-1,800.000,750.000,-1,-1,2,0,2,0,2,0,0,0,0,2,2,2,2,0,0,2,2
36,-5238.785,1318.022,166.299,-20.249,0.937768,0.345542,-0.034532,-0.346896,0.936706,-0.047379,0.015975,0.056410,0.998280,0,0.65213,0.39510,39.128,0.790,-1,400.000,-1,400.000,-1,325.000,325.000,300.000,300.000,-1,-1,-1,-1,800.000,750.000,-1,-1,2,0,2,0,2,0,0,0,0,2,2,2,2,0,0,2,2
37,-5201.984,1305.022,166.956,-19.456,0.942469,0.332559,-0.033994,-0.333890,0.941442,-0.046950,0.016389,0.055599,0.998319,0,0.65049,0.39652,39.029,0.793,-1,400.000,-1,400.000,-1,325.000,325.000,300.000,300.000,-1,-1,-1,-1,800.000,750.000,-1,-1,2,0,2,0,2,0,0,0,0,2,2,2,2,0,0,2,2
38,-5165.088,1292.562,167.614,-18.659,0.947005,0.319459,-0.033584,-0.320775,0.946009,-0.046584,0.016889,0.054888,0.998350,0,0.64906,0.39806,38.943,0.796,-1,400.000,-1,400.000,-1,325.000,325.000,300.000,300.000,-1,-1,-1,-1,800.000,750.000,-1,-1,2,0,2,0,2,0,0,0,0,2,2,2,2,0,0,2,2
39,-5128.092,1280.641,168.243,-17.860,0.951377,0.306238,-0.033158,-0.307542,0.950402,-0.046406,0.017302,0.054347,0.998372,0,0.64783,0.39971,38.870,0.799,-1,400.000,-1,400.000,-1,325.000,325.000,300.000,300.000,-1,-1,-1,-1,800.000,750.000,-1,-1,2,0,2,0,2,0,0,0,0,2,2,2,2,0,0,2,2
40,-5090.991,1269.257,168.862,-17.057,0.955584,0.292898,-0.032714,-0.294188,0.954627,-0.046274,0.017676,0.053843,0.998393,0,0.64681,0.40147,38.809,0.803,-1,400.000,-1,400.000,-1,325.000,325.000,300.000,300.000,-1,-1,-1,-1,800.000,750.000,-1,-1,2,0,2,0,2,0,0,0,0,2,2,2,2,0,0,2,2
41,-5053.779,1258.410,169.513,-16.250,0.959622,0.279436,-0.032273,-0.280714,0.958682,-0.046130,0.018049,0.053327,0.998414,0,0.64601,0.40334,38.760,0.807,-1,400.000,-1,400.000,-1,325.000,325.000,300.000,300.000,-1,-1,-1,-1,800.000,750.000,-1,-1,2,0,2,0,2,0,0,0,0,2,2,2,2,0,0,2,2
42,-5016.452,1248.100,170.195,-15.440,0.963488,0.265853,-0.031833,-0.267118,0.962567,-0.045975,0.018419,0.052800,0.998435,0,0.64541,0.40531,38.725,0.811,-1,400.000,-1,400.000,-1,325.000,325.000,300.000,300.000,-1,-1,-1,-1,800.000,750.000,-1,-1,2,0,2,0,2,0,0,0,0,2,2,2,2,0,0,2,2
43,-4979.005,1238.328,170.909,-14.625,0.967180,0.252146,-0.031395,-0.253397,0.966277,-0.045809,0.018786,0.052261,0.998457,0,0.64502,0.40737,38.701,0.815,-1,400.000,-1,400.000,-1,325.000,325.000,300.000,300.000,-1,-1,-1,-1,800.000,750.000,-1,-1,2,0,2,0,2,0,0,0,0,2,2,2,2,0,0,2,2
44,-4941.433,1229.095,171.654,-13.806,0.970695,0.238314,-0.030958,-0.239552,0.969810,-0.045632,0.019148,0.051711,0.998479,0,0.64484,0.40953,38.690,0.819,-1,400.000,-1,400.000,-1,325.000,325.000,300.000,300.000,-1,-1,-1,-1,800.000,750.000,-1,-1,2,0,2,0,2,0,0,0,0,2,2,2,2,0,0,2,2
45,-4903.731,1220.403,172.430,-12.982,0.974029,0.224357,-0.030520,-0.225582,0.973164,-0.045445,0.019505,0.051149,0.998501,0,0.64485,0.41177,38.691,0.824,-1,400.000,-1,400.000,-1,325.000,325.000,300.000,300.000,-1,-1,-1,-1,800.000,750.000,-1,-1,2,0,2,0,2,0,0,0,0,2,2,2,2,0,0,2,2
46,-4865.895,1212.254,173.237,-12.154,0.977180,0.210273,-0.030081,-0.211484,0.976334,-0.045246,0.019855,0.050576,0.998523,0,0.64506,0.41410,38.704,0.828,-1,400.000,-1,400.000,-1,325.000,325.000,300.000,300.000,-1,-1,-1,-1,800.000,750.000,-1,-1,2,0,2,0,2,0,0,0,0,2,2,2,2,0,0,2,2
47,-4827.922,1204.651,174.075,-11.321,0.980143,0.196062,-0.029640,-0.197259,0.979316,-0.045038,0.020196,0.049991,0.998545,0,0.64546,0.41651,38.728,0.833,-1,400.000,-1,400.000,-1,325.000,325.000,300.000,300.000,-1,-1,-1,-1,800.000,750.000,-1,-1,2,0,2,0,2,0,0,0,0,2,2,2,2,0,0,2,2
48,-4789.807,1197.598,174.943,-10.483,0.982916,0.181724,-0.029196,-0.182906,0.982108,-0.044820,0.020529,0.049394,0.998568,0,0.64604,0.41899,38.762,0.838,-1,400.000,-1,400.000,-1,325.000,325.000,300.000,300.000,-1,-1,-1,-1,800.000,750.000,-1,-1,2,0,2,0,2,0,0,0,0,2,2,2,2,0,0,2,2
49,-4751.548,1191.099,175.842,-9.640,0.985494,0.167258,-0.028749,-0.168425,0.984705,-0.044591,0.020851,0.048786,0.998592,0,0.64679,0.42155,38.807,0.843,-1,400.000,-1,400.000,-1,325.000,325.000,300.000,300.000,-1,-1,-1,-1,800.000,750.000,-1,-1,2,0,2,0,2,0,0,0,0,2,2,2,2,0,0,2,2
50,-4713.142,1185.159,176.770,-8.792,0.987873,0.152665,-0.028298,-0.153816,0.987104,-0.044352,0.021162,0.048167,0.998615,0,0.64771,0.42418,38.863,0.848,-1,400.000,-1,400.000,-1,325.000,325.000,300.000,300.000,-1,-1,-1,-1,800.000,725.000,-1,-1,2,0,2,0,2,0,0,0,0,2,2,2,2,0,0,2,2
51,-4673.750,1179.666,177.756,-7.938,0.990049,0.137950,-0.027812,-0.139084,0.989299,-0.044079,0.021433,0.047509,0.998641,0,0.66289,0.42671,39.773,0.853,-1,400.000,-1,400.000,-1,325.000,325.000,300.000,300.000,-1,-1,-1,-1,800.000,725.000,-1,-1,2,0,2,0,2,0,0,0,0,2,2,2,2,0,0,2,2
52,-4634.321,1174.767,178.782,-7.082,0.992012,0.123157,-0.027277,-0.124269,0.991284,-0.043735,0.021653,0.046775,0.998671,0,0.66221,0.42806,39.733,0.856,-1,400.000,-1,400.000,-1,325.000,325.000,300.000,300.000,-1,-1,-1,-1,800.000,725.000,-1,-1,2,0,2,0,2,0,0,0,0,2,2,2,2,0,0,2,2
53,-4591.593,1170.249,179.791,-6.034,0.994108,0.105013,-0.026861,-0.106098,0.993435,-0.042783,0.022192,0.045381,0.998723,0,0.71610,0.52398,42.966,1.048,-1,400.000,-1,400.000,-1,325.000,325.000,300.000,300.000,-1,-1,-1,-1,800.000,725.000,-1,-1,2,0,2,0,2,0,0,0,0,2,2,2,2,0,0,2,2
54,-4548.818,1166.519,180.746,-4.983,0.995875,0.086772,-0.026527,-0.087836,0.995249,-0.041992,0.022757,0.044149,0.998766,0,0.71564,0.52569,42.938,1.051,-1,400.000,-1,400.000,-1,325.000,325.000,300.000,300.000,-1,-1,-1,-1,800.000,725.000,-1,-1,2,0,2,0,2,0,0,0,0,2,2,2,2,0,0,2,2
55,-4505.997,1163.579,181.683,-3.928,0.997311,0.068434,-0.026220,-0.069482,0.996724,-0.041391,0.023302,0.043102,0.998799,0,0.71536,0.52754,42.922,1.055,-1,400.000,-1,400.000,-1,325.000,325.000,300.000,300.000,-1,-1,-1,-1,800.000,725.000,-1,-1,2,0,2,0,2,0,0,0,0,2,2,2,2,0,0,2,2
56,-4463.135,1161.430,182.654,-2.869,0.998413,0.050003,-0.025907,-0.051034,0.997864,-0.040790,0.023813,0.042047,0.998832,0,0.71527,0.52951,42.916,1.059,-1,400.000,-1,400.000,-1,325.000,325.000,300.000,300.000,-1,-1,-1,-1,800.000,725.000,-1,-1,2,0,2,0,2,0,0,0,0,2,2,2,2,0,0,2,2
57,-4420.233,1160.077,183.657,-1.805,0.999177,0.031480,-0.025588,-0.032493,0.998664,-0.040189,0.024288,0.040987,0.998864,0,0.71538,0.53161,42.923,1.063,-1,400.000,-1,400.000,-1,325.000,325.000,300.000,300.000,-1,-1,-1,-1,800.000,725.000,-1,-1,2,0,2,0,2,0,0,0,0,2,2,2,2,0,0,2,2
58,-4377.296,1159.524,184.690,-0.738,0.999598,0.012867,-0.025260,-0.013861,0.999120,-0.039588,0.024728,0.039922,0.998897,0,0.71569,0.53382,42.941,1.068,-1,400.000,-1,400.000,-1,325.000,325.000,300.000,300.000,-1,-1,-1,-1,800.000,725.000,-1,-1,2,0,2,0,2,0,0,0,0,2,2,2,2,0,0,2,2
59,-4334.325,1159.774,185.752,0.334,0.999672,-0.005833,-0.024922,0.004858,0.999228,-0.038986,0.025130,0.038852,0.998929,0,0.71619,0.53615,42.972,1.072,-1,400.000,-1,400.000,-1,325.000,325.000,300.000,300.000,-1,-1,-1,-1,800.000,725.000,-1,-1,2,0,2,0,2,0,0,0,0,2,2,2,2,0,0,2,2
60,-4291.325,1160.833,186.842,1.412,0.999395,-0.024618,-0.024573,0.023664,0.998983,-0.038384,0.025493,0.037779,0.998961,0,0.71689,0.53859,43.013,1.077,-1,400.000,-1,400.000,-1,325.000,325.000,300.000,300.000,-1,-1,-1,-1,800.000,725.000,-1,-1,2,0,2,0,2,0,0,0,0,2,2,2,2,0,0,2,2
61,-4248.300,1162.707,187.959,2.494,0.998761,-0.043484,-0.024212,0.042551,0.998380,-0.037781,0.025816,0.036704,0.998993,0,0.71777,0.54113,43.066,1.082,-1,400.000,-1,400.000,-1,325.000,325.000,300.000,300.000,-1,-1,-1,-1,800.000,725.000,-1,-1,2,0,2,0,2,0,0,0,0,2,2,2,2,0,0,2,2
62,-4205.253,1165.400,189.100,3.581,0.997765,-0.062428,-0.023838,0.061518,0.997413,-0.037178,0.026097,0.035628,0.999024,0,0.71884,0.54378,43.131,1.088,-1,400.000,-1,400.000,-1,325.000,325.000,300.000,300.000,-1,-1,-1,-1,800.000,725.000,-1,-1,2,0,2,0,2,0,0,0,0,2,2,2,2,0,0,2,2
63,-4162.191,1168.921,190.266,4.675,0.996402,-0.081446,-0.023449,0.080559,0.996079,-0.036572,0.026336,0.034552,0.999056,0,0.72010,0.54652,43.206,1.093,-1,400.000,-1,400.000,-1,325.000,325.000,300.000,300.000,-1,-1,-1,-1,800.000,725.000,-1,-1,2,0,2,0,2,0,0,0,0,2,2,2,2,0,0,2,2
64,-4119.119,1173.275,191.454,5.773,0.994667,-0.100535,-0.023045,0.099672,0.994370,-0.035965,0.026531,0.033477,0.999087,0,0.72153,0.54936,43.292,1.099,-1,400.000,-1,400.000,-1,325.000,325.000,300.000,300.000,-1,-1,-1,-1,800.000,725.000,-1,-1,2,0,2,0,2,0,0,0,0,2,2,2,2,0,0,2,2
65,-4076.044,1178.471,192.663,6.878,0.992554,-0.119689,-0.022623,0.118851,0.992282,-0.035356,0.026680,0.032404,0.999119,0,0.72313,0.55229,43.388,1.105,-1,400.000,-1,400.000,-1,325.000,325.000,300.000,300.000,-1,-1,-1,-1,800.000,725.000,-1,-1,2,0,2,0,2,0,0,0,0,2,2,2,2,0,0,2,2
66,-4032.973,1184.514,193.897,7.988,0.990057,-0.138904,-0.022200,0.138091,0.989811,-0.034727,0.026798,0.031316,0.999150,0,0.72489,0.55530,43.493,1.111,-1,400.000,-1,375.000,-1,325.000,325.000,300.000,300.000,-1,-1,-1,-1,800.000,725.000,-1,-1,2,0,2,0,2,0,0,0,0,2,2,2,2,0,0,2,2
67,-3989.914,1191.415,195.166,9.105,0.987170,-0.158175,-0.021818,0.157388,0.986950,-0.034042,0.026918,0.030172,0.999182,0,0.72681,0.55840,43.609,1.117,-1,400.000,-1,375.000,-1,325.000,325.000,300.000,300.000,-1,-1,-1,-1,800.000,725.000,-1,-1,2,0,2,0,2,0,0,0,0,2,2,2,2,0,0,2,2
68,-3946.876,1199.180,196.433,10.228,0.983885,-0.177496,-0.021561,0.176728,0.983691,-0.033450,0.027147,0.029101,0.999208,0,0.72888,0.56157,43.733,1.123,-1,400.000,-1,375.000,-1,325.000,325.000,300.000,300.000,-1,-1,-1,-1,800.000,725.000,-1,-1,2,0,2,0,2,0,0,0,0,2,2,2,2,0,0,2,2
69,-3904.637,1207.844,197.709,11.591,0.979388,-0.200854,-0.021356,0.200105,0.979224,-0.032826,0.027505,0.027876,0.999233,0,0.71864,0.68157,43.119,1.363,-1,400.000,-1,375.000,-1,325.000,325.000,300.000,300.000,-1,-1,-1,-1,800.000,725.000,-1,-1,2,0,2,0,2,0,0,0,0,2,2,2,2,0,0,2,2
70,-3862.657,1217.685,198.963,13.195,0.973386,-0.228180,-0.021287,0.227449,0.973261,-0.032080,0.028038,0.026385,0.999259,0,0.71864,0.80157,43.119,1.603,-1,400.000,-1,400.000,-1,325.000,325.000,300.000,300.000,-1,-1,-1,-1,800.000,725.000,-1,-1,2,0,2,0,2,0,0,0,0,2,2,2,2,0,0,2,2
71,-3821.015,1228.872,200.236,15.038,0.965542,-0.259376,-0.021276,0.258662,0.965458,-0.031378,0.028680,0.024793,0.999281,0,0.71864,0.92157,43.119,1.843,-1,400.000,-1,400.000,-1,325.000,325.000,300.000,300.000,-1,-1,-1,-1,800.000,725.000,-1,-1,2,0,2,0,2,0,0,0,0,2,2,2,2,0,0,2,2
72,-3779.788,1241.505,201.524,17.038,0.955900,-0.292923,-0.021237,0.292228,0.955856,-0.030702,0.029293,0.023142,0.999303,0,0.71864,1.00000,43.119,2.000,-1,400.000,-1,400.000,-1,325.000,325.000,300.000,300.000,-1,-1,-1,-1,800.000,725.000,-1,-1,2,0,2,0,2,0,0,0,0,2,2,2,2,0,0,2,2
73,-3739.028,1255.570,202.825,19.038,0.945093,-0.326116,-0.021169,0.325440,0.945085,-0.030059,0.029809,0.021519,0.999324,0,0.71864,1.00000,43.119,2.000,-1,400.000,-1,400.000,-1,325.000,325.000,300.000,300.000,-1,-1,-1,-1,800.000,725.000,-1,-1,2,0,2,0,2,0,0,0,0,2,2,2,2,0,0,2,2
74,-3698.784,1271.048,204.133,21.038,0.933134,-0.358912,-0.021068,0.358256,0.933159,-0.029448,0.030229,0.019931,0.999344,0,0.71864,1.00000,43.119,2.000,-1,400.000,-1,400.000,-1,325.000,325.000,300.000,300.000,-1,-1,-1,-1,800.000,725.000,-1,-1,2,0,2,0,2,0,0,0,0,2,2,2,2,0,0,2,2
75,-3659.104,1287.921,205.438,23.038,0.920037,-0.391272,-0.020924,0.390639,0.920092,-0.028838,0.030536,0.018358,0.999365,0,0.71864,1.00000,43.119,2.000,-1,400.000,-1,400.000,-1,325.000,325.000,300.000,300.000,-1,-1,-1,-1,800.000,725.000,-1,-1,2,0,2,0,2,0,0,0,0,2,2,2,2,0,0,2,2
76,-3620.037,1306.169,206.743,25.038,0.905820,-0.423155,-0.020747,0.422546,0.905901,-0.028261,0.030753,0.016832,0.999385,0,0.71864,1.00000,43.119,2.000,-1,400.000,-1,400.000,-1,325.000,325.000,300.000,300.000,-1,-1,-1,-1,800.000,750.000,-1,-1,2,0,2,0,2,0,0,0,0,2,2,2,2,0,0,2,2
77,-3581.631,1325.770,208.045,27.038,0.890498,-0.454524,-0.020534,0.453938,0.890602,-0.027716,0.030885,0.015360,0.999405,0,0.71864,1.00000,43.119,2.000,-1,400.000,-1,400.000,-1,325.000,325.000,300.000,300.000,-1,-1,-1,-1,800.000,750.000,-1,-1,2,0,2,0,2,0,0,0,0,2,2,2,2,0,0,2,2
78,-3543.932,1346.699,209.340,29.038,0.874091,-0.485339,-0.020285,0.484776,0.874215,-0.027204,0.030936,0.013945,0.999424,0,0.71864,1.00000,43.119,2.000,-1,400.000,-1,400.000,-1,325.000,325.000,300.000,300.000,-1,-1,-1,-1,800.000,750.000,-1,-1,2,0,2,0,2,0,0,0,0,2,2,2,2,0,0,2,2
79,-3506.987,1368.930,210.641,31.038,0.856619,-0.515562,-0.019987,0.515026,0.856760,-0.026649,0.030863,0.012534,0.999445,0,0.71864,1.00000,43.119,2.000,-1,400.000,-1,400.000,-1,325.000,325.000,300.000,300.000,-1,-1,-1,-1,800.000,750.000,-1,-1,2,0,2,0,2,0,0,0,0,2,2,2,2,0,0,2,2
80,-3470.840,1392.438,211.943,33.038,0.838103,-0.545158,-0.019648,0.544649,0.838260,-0.026055,0.030674,0.011136,0.999467,0,0.71864,1.00000,43.119,2.000,-1,400.000,-1,400.000,-1,325.000,325.000,300.000,300.000,-1,-1,-1,-1,800.000,750.000,-1,-1,2,0,2,0,2,0,0,0,0,2,2,2,2,0,0,2,2
81,-3435.536,1417.193,213.264,35.038,0.818566,-0.574089,-0.019268,0.573612,0.818736,-0.025330,0.030318,0.009682,0.999493,0,0.71864,1.00000,43.119,2.000,-1,400.000,-1,400.000,-1,325.000,325.000,300.000,300.000,-1,-1,-1,-1,800.000,750.000,-1,-1,2,0,2,0,2,0,0,0,0,2,2,2,2,0,0,2,2
82,-3401.117,1443.165,214.567,37.038,0.798031,-0.602320,-0.018868,0.601874,0.798211,-0.024630,0.029896,0.008299,0.999519,0,0.71864,1.00000,43.119,2.000,-1,400.000,-1,400.000,-1,325.000,325.000,300.000,300.000,-1,-1,-1,-1,800.000,750.000,-1,-1,2,0,2,0,2,0,0,0,0,2,2,2,2,0,0,2,2
83,-3367.625,1470.322,215.849,39.038,0.776525,-0.629817,-0.018448,0.629400,0.776712,-0.023955,0.029416,0.006990,0.999543,0,0.71864,1.00000,43.119,2.000,-1,400.000,-1,400.000,-1,325.000,325.000,300.000,300.000,-1,-1,-1,-1,800.000,750.000,-1,-1,2,0,2,0,2,0,0,0,0,2,2,2,2,0,0,2,2
84,-3335.102,1498.631,217.190,41.038,0.754062,-0.656546,-0.018387,0.656158,0.754266,-0.023236,0.029125,0.005457,0.999561,0,0.71864,1.00000,43.119,2.000,-1,400.000,-1,400.000,-1,325.000,325.000,300.000,300.000,-1,-1,-1,-1,800.000,750.000,-1,-1,2,0,2,0,2,0,0,0,0,2,2,2,2,0,0,2,2
85,-3303.586,1528.059,218.531,43.038,0.730677,-0.682475,-0.018433,0.682113,0.730899,-0.022553,0.028865,0.003905,0.999576,0,0.71864,1.00000,43.119,2.000,-1,400.000,-1,400.000,-1,325.000,325.000,300.000,300.000,-1,-1,-1,-1,800.000,775.000,-1,-1,2,0,2,0,2,0,0,0,0,2,2,2,2,0,0,2,2
86,-3273.117,1558.568,219.840,45.038,0.706403,-0.707570,-0.018429,0.707235,0.706639,-0.021935,0.028543,0.002462,0.999590,0,0.71864,1.00000,43.119,2.000,-1,400.000,-1,400.000,-1,325.000,325.000,300.000,300.000,-1,-1,-1,-1,800.000,775.000,-1,-1,2,0,2,0,2,0,0,0,0,2,2,2,2,0,0,2,2
87,-3243.731,1590.122,221.114,47.038,0.681269,-0.731802,-0.018375,0.731491,0.681516,-0.021381,0.028170,0.001125,0.999603,0,0.71864,1.00000,43.119,2.000,-1,400.000,-1,400.000,-1,325.000,325.000,300.000,300.000,-1,-1,-1,-1,800.000,775.000,-1,-1,2,0,2,0,2,0,0,0,0,2,2,2,2,0,0,2,2
88,-3215.464,1622.683,222.353,49.038,0.655307,-0.755142,-0.018275,0.754853,0.655562,-0.020886,0.027752,-0.000108,0.999615,0,0.71864,1.00000,43.119,2.000,-1,400.000,-1,400.000,-1,325.000,325.000,300.000,300.000,-1,-1,-1,-1,800.000,775.000,-1,-1,2,0,2,0,2,0,0,0,0,2,2,2,2,0,0,2,2
89,-3188.351,1656.210,223.559,51.038,0.628548,-0.777560,-0.018106,0.777292,0.628808,-0.020449,0.027285,-0.001220,0.999627,0,0.71864,1.00000,43.119,2.000,-1,400.000,-1,400.000,-1,325.000,325.000,300.000,300.000,-1,-1,-1,-1,800.000,775.000,-1,-1,2,0,2,0,2,0,0,0,0,2,2,2,2,0,0,2,2
90,-3162.424,1690.663,224.738,53.038,0.601027,-0.799030,-0.017839,0.798781,0.601287,-0.020063,0.026757,-0.002191,0.999640,0,0.71864,1.00000,43.119,2.000,-1,400.000,-1,400.000,-1,325.000,325.000,300.000,300.000,-1,-1,-1,-1,800.000,775.000,-1,-1,2,0,2,0,2,0,0,0,0,2,2,2,2,0,0,2,2
91,-3137.715,1726.000,225.878,55.038,0.572774,-0.819526,-0.017523,0.819294,0.573034,-0.019724,0.026205,-0.003059,0.999652,0,0.71864,1.00000,43.119,2.000,-1,400.000,-1,400.000,-1,325.000,325.000,300.000,300.000,-1,-1,-1,-1,800.000,775.000,-1,-1,2,0,2,0,2,0,0,0,0,2,2,2,2,0,0,2,2
92,-3114.255,1762.178,226.979,57.038,0.543825,-0.839023,-0.017157,0.838807,0.544082,-0.019428,0.025636,-0.003826,0.999664,0,0.71864,1.00000,43.119,2.000,-1,400.000,-1,400.000,-1,325.000,325.000,300.000,300.000,-1,-1,-1,-1,800.000,800.000,-1,-1,2,0,2,0,2,0,0,0,0,2,2,2,2,0,0,2,2
93,-3092.072,1799.152,228.036,59.038,0.514214,-0.857498,-0.016774,0.857295,0.514468,-0.019178,0.025075,-0.004519,0.999675,0,0.71864,1.00000,43.119,2.000,-1,400.000,-1,400.000,-1,325.000,325.000,300.000,300.000,-1,-1,-1,-1,800.000,800.000,-1,-1,2,0,2,0,2,0,0,0,0,2,2,2,2,0,0,2,2
94,-3071.193,1836.878,229.055,61.038,0.483978,-0.874928,-0.016339,0.874737,0.484227,-0.018968,0.024507,-0.005112,0.999687,0,0.71864,1.00000,43.119,2.000,-1,400.000,-1,400.000,-1,325.000,325.000,300.000,300.000,-1,-1,-1,-1,800.000,800.000,-1,-1,2,0,2,0,2,0,0,0,0,2,2,2,2,0,0,2,2
95,-3051.643,1875.310,230.038,63.038,0.453154,-0.891291,-0.015851,0.891111,0.453396,-0.018793,0.023937,-0.005609,0.999698,0,0.71864,1.00000,43.119,2.000,-1,400.000,-1,400.000,-1,325.000,325.000,300.000,300.000,-1,-1,-1,-1,800.000,800.000,-1,-1,2,0,2,0,2,0,0,0,0,2,2,2,2,0,0,2,2
96,-3033.446,1914.401,230.987,65.038,0.421777,-0.906569,-0.015391,0.906401,0.422013,-0.018493,0.023260,-0.006150,0.999711,0,0.71864,1.00000,43.119,2.000,-1,400.000,-1,400.000,-1,325.000,325.000,300.000,300.000,-1,-1,-1,-1,800.000,800.000,-1,-1,2,0,2,0,2,0,0,0,0,2,2,2,2,0,0,2,2
97,-3016.624,1954.103,231.988,67.038,0.389885,-0.920740,-0.015107,0.920593,0.390115,-0.017830,0.022310,-0.006956,0.999727,0,0.71864,1.00000,43.119,2.000,-1,400.000,-1,400.000,-1,325.000,325.000,300.000,300.000,-1,-1,-1,-1,775.000,800.000,-1,-1,2,0,2,0,2,0,0,0,0,2,2,2,2,0,0,2,2
98,-3001.868,1992.143,232.896,68.798,0.361426,-0.932283,-0.014816,0.932154,0.361651,-0.017273,0.021462,-0.007568,0.999741,0,0.68004,0.88000,40.802,1.760,-1,400.000,-1,400.000,-1,325.000,325.000,300.000,300.000,-1,-1,-1,-1,775.000,800.000,-1,-1,2,0,2,0,2,0,0,0,0,2,2,2,2,0,0,2,2
99,-2988.125,2030.561,233.767,70.318,0.336576,-0.941545,-0.014505,0.941429,0.336793,-0.016778,0.020683,-0.008008,0.999754,0,0.68004,0.76000,40.802,1.520,-1,400.000,-1,400.000,-1,325.000,325.000,300.000,300.000,-1,-1,-1,-1,775.000,800.000,-1,-1,2,0,2,0,2,0,0,0,0,2,2,2,2,0,0,2,2
100,-2975.245,2069.277,234.606,71.598,0.315466,-0.948831,-0.014176,0.948727,0.315675,-0.016331,0.019970,-0.008297,0.999766,0,0.68004,0.64000,40.802,1.280,-1,400.000,-1,400.000,-1,325.000,325.000,300.000,300.000,-1,-1,-1,-1,775.000,800.000,-1,-1,2,0,2,0,2,0,0,0,0,2,2,2,2,0,0,2,2
101,-2963.069,2108.220,235.419,72.638,0.298200,-0.954403,-0.013842,0.954308,0.298401,-0.015927,0.019332,-0.008460,0.999777,0,0.68004,0.52000,40.802,1.040,-1,400.000,-1,400.000,-1,325.000,325.000,300.000,300.000,-1,-1,-1,-1,775.000,800.000,-1,-1,2,0,2,0,2,0,0,0,0,2,2,2,2,0,0,2,2
102,-2951.438,2147.329,236.207,73.438,0.284854,-0.958476,-0.013495,0.958387,0.285047,-0.015557,0.018757,-0.008502,0.999788,0,0.68004,0.40000,40.802,0.800,-1,400.000,-1,400.000,-1,325.000,325.000,300.000,300.000,-1,-1,-1,-1,775.000,800.000,-1,-1,2,0,2,0,2,0,0,0,0,2,2,2,2,0,0,2,2
103,-2940.241,2186.565,236.973,74.072,0.274229,-0.961575,-0.013135,0.961491,0.274413,-0.015211,0.018231,-0.008457,0.999798,0,0.68004,0.31730,40.802,0.635,-1,400.000,-1,400.000,-1,325.000,325.000,300.000,300.000,-1,-1,-1,-1,775.000,800.000,-1,-1,2,0,2,0,2,0,0,0,0,2,2,2,2,0,0,2,2
104,-2929.479,2225.922,237.720,74.707,0.263571,-0.964556,-0.012764,0.964477,0.263747,-0.014889,0.017728,-0.008386,0.999808,0,0.68004,0.31730,40.802,0.635,-1,400.000,-1,400.000,-1,325.000,325.000,300.000,300.000,-1,-1,-1,-1,775.000,800.000,-1,-1,2,0,2,0,2,0,0,0,0,2,2,2,2,0,0,2,2
105,-2919.154,2265.397,238.450,75.342,0.252880,-0.967418,-0.012383,0.967344,0.253048,-0.014589,0.017247,-0.008289,0.999817,0,0.68004,0.31730,40.802,0.635,-1,400.000,-1,400.000,-1,325.000,325.000,300.000,300.000,-1,-1,-1,-1,775.000,800.000,-1,-1,2,0,2,0,2,0,0,0,0,2,2,2,2,0,0,2,2
106,-2909.266,2304.983,239.162,75.976,0.242158,-0.970163,-0.011991,0.970091,0.242317,-0.014311,0.016789,-0.008167,0.999826,0,0.68004,0.31730,40.802,0.635,-1,400.000,-1,400.000,-1,325.000,325.000,300.000,300.000,-1,-1,-1,-1,775.000,800.000,-1,-1,2,0,2,0,2,0,0,0,0,2,2,2,2,0,0,2,2
107,-2899.818,2344.676,239.859,76.611,0.231406,-0.972788,-0.011588,0.972720,0.231558,-0.014053,0.016354,-0.008020,0.999834,0,0.68004,0.31730,40.802,0.635,-1,400.000,-1,400.000,-1,325.000,325.000,300.000,300.000,-1,-1,-1,-1,775.000,800.000,-1,-1,2,0,2,0,2,0,0,0,0,2,2,2,2,0,0,2,2
108,-2889.937,2389.195,240.619,77.485,0.216539,-0.976210,-0.011125,0.976145,0.216682,-0.013795,0.015877,-0.007873,0.999843,0,0.76004,0.43730,45.602,0.875,-1,400.000,-1,400.000,-1,325.000,325.000,300.000,300.000,-1,-1,-1,-1,750.000,800.000,-1,-1,2,0,2,0,2,0,0,0,0,2,2,2,2,0,0,2,2
109,-2880.354,2435.838,241.392,78.390,0.201104,-0.979512,-0.010623,0.979449,0.201238,-0.013553,0.015414,-0.007679,0.999852,0,0.79362,0.45245,47.617,0.905,-1,400.000,-1,400.000,-1,325.000,325.000,300.000,300.000,-1,-1,-1,-1,750.000,800.000,-1,-1,2,0,2,0,2,0,0,0,0,2,2,2,2,0,0,2,2
110,-2871.509,2482.626,242.145,79.295,0.185618,-0.982570,-0.010102,0.982508,0.185744,-0.013340,0.014984,-0.007449,0.999860,0,0.79362,0.45245,47.617,0.905,-1,400.000,-1,400.000,-1,325.000,325.000,300.000,300.000,-1,-1,-1,-1,750.000,800.000,-1,-1,2,0,2,0,2,0,0,0,0,2,2,2,2,0,0,2,2
111,-2863.404,2529.549,242.880,80.200,0.170086,-0.985383,-0.009563,0.985321,0.170203,-0.013153,0.014588,-0.007185,0.999868,0,0.79362,0.45245,47.617,0.905,-1,400.000,-1,400.000,-1,325.000,325.000,300.000,300.000,-1,-1,-1,-1,750.000,800.000,-1,-1,2,0,2,0,2,0,0,0,0,2,2,2,2,0,0,2,2
112,-2856.041,2576.593,243.592,81.105,0.154511,-0.987950,-0.009023,0.987888,0.154620,-0.013000,0.014239,-0.006905,0.999875,0,0.79362,0.45245,47.617,0.905,-1,400.000,-1,400.000,-1,325.000,325.000,300.000,300.000,-1,-1,-1,-1,750.000,800.000,-1,-1,2,0,2,0,2,0,0,0,0,2,2,2,2,0,0,2,2
113,-2849.423,2623.749,244.255,82.010,0.138895,-0.990270,-0.008606,0.990209,0.138998,-0.012887,0.013957,-0.006732,0.999880,0,0.79362,0.45245,47.617,0.905,-1,400.000,-1,400.000,-1,325.000,325.000,300.000,300.000,-1,-1,-1,-1,750.000,800.000,-1,-1,2,0,2,0,2,0,0,0,0,2,2,2,2,0,0,2,2
114,-2843.549,2671.002,244.902,82.915,0.123244,-0.992343,-0.008190,0.992282,0.123342,-0.012774,0.013687,-0.006552,0.999885,0,0.79362,0.45245,47.617,0.905,-1,400.000,-1,400.000,-1,325.000,325.000,300.000,300.000,-1,-1,-1,-1,750.000,800.000,-1,-1,2,0,2,0,2,0,0,0,0,2,2,2,2,0,0,2,2
115,-2838.423,2718.343,245.541,83.820,0.107562,-0.994168,-0.007767,0.994108,0.107655,-0.012680,0.013442,-0.006358,0.999889,0,0.79362,0.45245,47.617,0.905,-1,400.000,-1,400.000,-1,325.000,325.000,300.000,300.000,-1,-1,-1,-1,750.000,800.000,-1,-1,2,0,2,0,2,0,0,0,0,2,2,2,2,0,0,2,2
116,-2834.045,2765.759,246.171,84.725,0.091853,-0.995746,-0.007328,0.995685,0.091940,-0.012601,0.013221,-0.006139,0.999894,0,0.79362,0.45245,47.617,0.905,-1,400.000,-1,400.000,-1,325.000,325.000,300.000,300.000,-1,-1,-1,-1,750.000,800.000,-1,-1,2,0,2,0,2,0,0,0,0,2,2,2,2,0,0,2,2
117,-2830.416,2813.237,246.792,85.630,0.076121,-0.997075,-0.006872,0.997014,0.076203,-0.012536,0.013023,-0.005897,0.999898,0,0.79362,0.45245,47.617,0.905,-1,400.000,-1,400.000,-1,325.000,325.000,300.000,300.000,-1,-1,-1,-1,750.000,800.000,-1,-1,2,0,2,0,2,0,0,0,0,2,2,2,2,0,0,2,2
118,-2827.538,2860.768,247.406,86.534,0.060371,-0.998156,-0.006400,0.998093,0.060447,-0.012484,0.012848,-0.005635,0.999902,0,0.79362,0.45245,47.617,0.905,-1,400.000,-1,400.000,-1,325.000,325.000,300.000,300.000,-1,-1,-1,-1,750.000,800.000,-1,-1,2,0,2,0,2,0,0,0,0,2,2,2,2,0,0,2,2
119,-2825.410,2908.337,248.013,87.439,0.044605,-0.998987,-0.005913,0.998924,0.044676,-0.012444,0.012695,-0.005352,0.999905,0,0.79362,0.45245,47.617,0.905,-1,400.000,-1,400.000,-1,325.000,325.000,300.000,300.000,-1,-1,-1,-1,750.000,800.000,-1,-1,2,0,2,0,2,0,0,0,0,2,2,2,2,0,0,2,2
120,-2824.035,2955.935,248.614,88.344,0.028828,-0.999570,-0.005411,0.999505,0.028893,-0.012414,0.012565,-0.005051,0.999908,0,0.79362,0.45245,47.617,0.905,-1,400.000,-1,400.000,-1,325.000,325.000,300.000,300.000,-1,-1,-1,-1,750.000,800.000,-1,-1,2,0,2,0,2,0,0,0,0,2,2,2,2,0,0,2,2
121,-2823.411,3003.548,249.210,89.249,0.013043,-0.999903,-0.004895,0.999837,0.013103,-0.012392,0.012455,-0.004732,0.999911,0,0.79362,0.45245,47.617,0.905,-1,400.000,-1,400.000,-1,325.000,325.000,300.000,300.000,-1,-1,-1,-1,750.000,800.000,-1,-1,2,0,2,0,2,0,0,0,0,2,2,2,2,0,0,2,2
122,-2823.539,3051.165,249.804,90.154,-0.002744,-0.999987,-0.004365,0.999920,-0.002690,-0.012379,0.012367,-0.004399,0.999914,0,0.79362,0.45245,47.617,0.905,-1,400.000,-1,400.000,-1,325.000,325.000,300.000,300.000,-1,-1,-1,-1,750.000,800.000,-1,-1,2,0,2,0,2,0,0,0,0,2,2,2,2,0,0,2,2
123,-2824.419,3098.775,250.394,91.059,-0.018531,-0.999821,-0.003823,0.999753,-0.018482,-0.012372,0.012299,-0.004051,0.999916,0,0.79362,0.45245,47.617,0.905,-1,400.000,-1,400.000,-1,325.000,325.000,300.000,300.000,-1,-1,-1,-1,750.000,800.000,-1,-1,2,0,2,0,2,0,0,0,0,2,2,2,2,0,0,2,2
124,-2826.051,3146.364,250.983,91.964,-0.034313,-0.999406,-0.003268,0.999336,-0.034270,-0.012371,0.012251,-0.003691,0.999918,0,0.79362,0.45245,47.617,0.905,-1,400.000,-1,400.000,-1,325.000,325.000,300.000,300.000,-1,-1,-1,-1,750.000,800.000,-1,-1,2,0,2,0,2,0,0,0,0,2,2,2,2,0,0,2,2
125,-2828.434,3193.922,251.571,92.869,-0.050087,-0.998741,-0.002703,0.998670,-0.050050,-0.012373,0.012222,-0.003319,0.999920,0,0.79362,0.45245,47.617,0.905,-1,400.000,-1,400.000,-1,325.000,325.000,300.000,300.000,-1,-1,-1,-1,750.000,800.000,-1,-1,2,0,2,0,2,0,0,0,0,2,2,2,2,0,0,2,2
126,-2831.451,3242.772,252.177,93.534,-0.061667,-0.998095,-0.002111,0.998022,-0.061636,-0.012367,0.012213,-0.002870,0.999921,0,0.81572,0.33245,48.943,0.665,-1,400.000,-1,400.000,-1,325.000,325.000,300.000,300.000,-1,-1,-1,-1,750.000,800.000,-1,-1,2,0,2,0,2,0,0,0,0,2,2,2,2,0,0,2,2
127,-2834.830,3291.599,252.764,93.959,-0.069060,-0.997611,-0.001449,0.997539,-0.069037,-0.012282,0.012152,-0.002294,0.999924,0,0.81572,0.21245,48.943,0.425,-1,400.000,-1,400.000,-1,325.000,325.000,300.000,300.000,-1,-1,-1,-1,750.000,800.000,-1,-1,2,0,2,0,2,0,0,0,0,2,2,2,2,0,0,2,2
128,-2838.366,3340.414,253.279,94.144,-0.072272,-0.997384,-0.000939,0.997313,-0.072256,-0.012071,0.011972,-0.001809,0.999927,0,0.81572,0.09245,48.943,0.185,-1,400.000,-1,400.000,-1,325.000,325.000,300.000,300.000,-1,-1,-1,-1,750.000,800.000,-1,-1,2,0,2,0,2,0,0,0,0,2,2,2,2,0,0,2,2
129,-2841.856,3389.233,253.786,94.088,-0.071308,-0.997454,-0.000480,0.997385,-0.071297,-0.011820,0.011756,-0.001322,0.999930,0,0.81572,-0.02755,48.943,-0.055,-1,400.000,-1,400.000,-1,325.000,325.000,300.000,300.000,-1,-1,-1,-1,775.000,800.000,-1,-1,2,0,2,0,2,0,0,0,0,2,2,2,2,0,0,2,2
130,-2845.094,3438.069,254.295,93.793,-0.066164,-0.997809,-0.000029,0.997742,-0.066159,-0.011559,0.011532,-0.000794,0.999933,0,0.81572,-0.14755,48.943,-0.295,-1,400.000,-1,400.000,-1,325.000,325.000,300.000,300.000,-1,-1,-1,-1,775.000,800.000,-1,-1,2,0,2,0,2,0,0,0,0,2,2,2,2,0,0,2,2
131,-2847.875,3486.934,254.805,93.258,-0.056836,-0.998383,0.000416,0.998320,-0.056838,-0.011286,0.011292,-0.000226,0.999936,0,0.81572,-0.26755,48.943,-0.535,-1,400.000,-1,400.000,-1,325.000,325.000,300.000,300.000,-1,-1,-1,-1,775.000,825.000,-1,-1,2,0,2,0,2,0,0,0,0,2,2,2,2,0,0,2,2
132,-2849.996,3535.831,255.314,92.483,-0.043320,-0.999061,0.000855,0.999000,-0.043327,-0.011002,0.011029,0.000378,0.999939,0,0.81572,-0.38755,48.943,-0.775,-1,400.000,-1,400.000,-1,325.000,325.000,300.000,300.000,-1,-1,-1,-1,775.000,825.000,-1,-1,2,0,2,0,2,0,0,0,0,2,2,2,2,0,0,2,2
133,-2851.250,3584.758,255.823,91.468,-0.025608,-0.999671,0.001291,0.999614,-0.025621,-0.010705,0.010734,0.001017,0.999942,0,0.81572,-0.50755,48.943,-1.015,-1,400.000,-1,400.000,-1,325.000,325.000,300.000,300.000,-1,-1,-1,-1,800.000,825.000,-1,-1,2,0,2,0,2,0,0,0,0,2,2,2,2,0,0,2,2
134,-2851.515,3633.701,256.330,90.310,-0.005397,-0.999984,0.001725,0.999931,-0.005415,-0.010398,0.010407,0.001669,0.999944,0,0.81572,-0.57894,48.943,-1.158,-1,400.000,-1,400.000,-1,325.000,325.000,300.000,300.000,-1,-1,-1,-1,800.000,825.000,-1,-1,2,0,2,0,2,0,0,0,0,2,2,2,2,0,0,2,2
135,-2850.791,3682.639,256.834,89.152,0.014816,-0.999888,0.002157,0.999840,0.014793,-0.010085,0.010052,0.002306,0.999947,0,0.81572,-0.57894,48.943,-1.158,-1,400.000,-1,400.000,-1,325.000,325.000,300.000,300.000,-1,-1,-1,-1,800.000,825.000,-1,-1,2,0,2,0,2,0,0,0,0,2,2,2,2,0,0,2,2
136,-2849.078,3731.553,257.335,87.994,0.035022,-0.999383,0.002587,0.999340,0.034996,-0.009767,0.009670,0.002927,0.999949,0,0.81572,-0.57894,48.943,-1.158,-1,400.000,-1,400.000,-1,325.000,325.000,300.000,300.000,-1,-1,-1,-1,800.000,825.000,-1,-1,2,0,2,0,2,0,0,0,0,2,2,2,2,0,0,2,2
137,-2846.377,3780.421,257.830,86.837,0.055214,-0.998470,0.003016,0.998432,0.055183,-0.009443,0.009262,0.003533,0.999951,0,0.81572,-0.57894,48.943,-1.158,-1,400.000,-1,400.000,-1,325.000,325.000,300.000,300.000,-1,-1,-1,-1,825.000,825.000,-1,-1,2,0,2,0,2,0,0,0,0,2,2,2,2,0,0,2,2
138,-2842.690,3829.226,258.319,85.679,0.075382,-0.997149,0.003446,0.997116,0.075348,-0.009114,0.008829,0.004123,0.999953,0,0.81572,-0.57894,48.943,-1.158,-1,400.000,-1,400.000,-1,325.000,325.000,300.000,300.000,-1,-1,-1,-1,825.000,825.000,-1,-1,2,0,2,0,2,0,0,0,0,2,2,2,2,0,0,2,2
139,-2838.016,3877.945,258.800,84.521,0.095519,-0.995420,0.003876,0.995392,0.095483,-0.008781,0.008371,0.004697,0.999954,0,0.81572,-0.57894,48.943,-1.158,-1,400.000,-1,400.000,-1,325.000,325.000,300.000,300.000,-1,-1,-1,-1,850.000,850.000,-1,-1,2,0,2,0,2,0,0,0,0,2,2,2,2,0,0,2,2
140,-2832.359,3926.561,259.164,83.363,0.115613,-0.993287,0.003887,0.993264,0.115578,-0.008250,0.007745,0.004815,0.999958,0,0.81572,-0.57894,48.943,-1.158,-1,400.000,-1,400.000,-1,325.000,325.000,300.000,300.000,-1,-1,-1,-1,875.000,850.000,-1,-1,2,0,2,0,2,0,0,0,0,2,2,2,2,0,0,2,2
