timestep,x_cm,y_cm,z_cm,yaw_deg,basis_xx,basis_xy,basis_xz,basis_yx,basis_yy,basis_yz,basis_zx,basis_zy,basis_zz,teleport_flag,throttle_cmd,steering_cmd,cmd_move_cm,cmd_turn_deg,lidar_cm_0,lidar_cm_1,lidar_cm_2,lidar_cm_3,lidar_cm_4,lidar_cm_5,lidar_cm_6,lidar_cm_7,lidar_cm_8,lidar_cm_9,lidar_cm_10,lidar_cm_11,lidar_cm_12,lidar_cm_13,lidar_cm_14,lidar_cm_15,lidar_cm_16,lidar_class_0,lidar_class_1,lidar_class_2,lidar_class_3,lidar_class_4,lidar_class_5,lidar_class_6,lidar_class_7,lidar_class_8,lidar_class_9,lidar_class_10,lidar_class_11,lidar_class_12,lidar_class_13,lidar_class_14,lidar_class_15,lidar_class_16
0,2296.370,1635.069,-82.919,-82.727,0.126585,0.991951,0.003057,-0.991943,0.126599,-0.004628,-0.004978,-0.002446,0.999985,1,0.08000,0.12000,4.800,0.240,725.000,400.000,-1,375.000,-1,325.000,325.000,300.000,300.000,-1,-1,-1,-1,750.000,700.000,-1,-1,1,0,2,0,2,0,0,0,0,2,2,2,2,0,0,2,2
1,2297.666,1625.557,-82.977,-82.247,0.134892,0.990856,0.003035,-0.990849,0.134904,-0.004458,-0.004826,-0.002406,0.999985,0,0.16000,0.24000,9.600,0.480,700.000,400.000,-1,375.000,-1,325.000,325.000,300.000,300.000,-1,-1,-1,-1,750.000,700.000,-1,-1,1,0,2,0,2,0,0,0,0,2,2,2,2,0,0,2,2
2,2299.787,1611.314,-83.067,-81.527,0.147333,0.989082,0.002993,-0.989076,0.147345,-0.004207,-0.004602,-0.002340,0.999987,0,0.24000,0.36000,14.400,0.720,675.000,400.000,-1,375.000,-1,325.000,325.000,300.000,300.000,-1,-1,-1,-1,750.000,700.000,-1,-1,1,0,2,0,2,0,0,0,0,2,2,2,2,0,0,2,2
3,2302.934,1592.374,-83.190,-80.567,0.163885,0.986475,0.002920,-0.986470,0.163896,-0.003883,-0.004309,-0.002245,0.999988,0,0.32000,0.48000,19.200,0.960,650.000,400.000,-1,375.000,-1,325.000,325.000,300.000,300.000,-1,-1,-1,-1,750.000,700.000,1000.000,-1,1,0,2,0,2,0,0,0,0,2,2,2,2,0,0,1,2
4,2307.363,1568.786,-83.349,-79.367,0.184510,0.982827,0.002803,-0.982823,0.184519,-0.003495,-0.003952,-0.002110,0.999990,0,0.40000,0.60000,24.000,1.200,625.000,400.000,-1,375.000,-1,325.000,325.000,300.000,300.000,-1,-1,-1,-1,775.000,700.000,925.000,-1,1,0,2,0,2,0,0,0,0,2,2,2,2,0,0,1,2
5,2313.386,1540.623,-83.549,-77.927,0.209152,0.977880,0.002624,-0.977877,0.209159,-0.003059,-0.003540,-0.001926,0.999992,0,0.48000,0.72000,28.800,1.440,600.000,400.000,-1,375.000,-1,325.000,325.000,300.000,300.000,-1,-1,-1,-1,775.000,700.000,875.000,-1,1,0,2,0,2,0,0,0,0,2,2,2,2,0,0,1,2
6,2321.299,1507.968,-83.793,-76.379,0.235486,0.971875,0.002375,-0.971873,0.235492,-0.002585,-0.003072,-0.001699,0.999994,0,0.56000,0.77376,33.600,1.548,575.000,400.000,-1,375.000,-1,325.000,325.000,300.000,300.000,-1,-1,-1,775.000,775.000,700.000,800.000,-1,1,0,2,0,2,0,0,0,0,2,2,2,1,0,0,1,2
7,2331.348,1470.906,-84.081,-74.830,0.261680,0.965153,0.002049,-0.965151,0.261684,-0.002088,-0.002552,-0.001431,0.999996,0,0.64000,0.77471,38.400,1.549,525.000,400.000,-1,375.000,-1,325.000,325.000,300.000,300.000,-1,-1,-1,675.000,775.000,700.000,750.000,-1,1,0,2,0,2,0,0,0,0,2,2,2,1,0,0,1,2
8,2343.602,1429.480,-84.412,-73.521,0.283669,0.958921,0.001658,-0.958920,0.283671,-0.001569,-0.001975,-0.001145,0.999997,0,0.72000,0.65471,43.200,1.309,500.000,400.000,-1,375.000,-1,325.000,325.000,300.000,300.000,-1,-1,-1,625.000,775.000,700.000,675.000,-1,1,0,2,0,2,0,0,0,0,2,2,2,1,1,0,1,2
9,2357.997,1383.960,-84.681,-72.451,0.301517,0.953459,0.001657,-0.953459,0.301519,-0.001214,-0.001657,-0.001214,0.999998,0,0.79571,0.53471,47.742,1.069,475.000,400.000,-1,375.000,-1,325.000,325.000,300.000,300.000,-1,-1,-1,625.000,750.000,700.000,625.000,-1,1,0,2,0,2,0,0,0,0,2,2,2,1,1,0,1,2
10,2373.062,1338.616,-84.724,-71.622,0.315286,0.948993,0.002439,-0.948996,0.315289,-0.000561,-0.001301,-0.002138,0.999997,0,0.79636,0.41471,47.781,0.829,425.000,400.000,-1,375.000,-1,325.000,325.000,300.000,300.000,-1,-1,-1,625.000,700.000,700.000,575.000,-1,1,0,2,0,2,0,0,0,0,2,2,2,1,1,0,1,2
11,2388.599,1293.411,-84.724,-71.032,0.325032,0.945697,0.003315,-0.945703,0.325033,0.000301,-0.000793,-0.003233,0.999994,0,0.79666,0.29471,47.800,0.589,400.000,400.000,-1,375.000,-1,325.000,325.000,300.000,300.000,-1,-1,-1,625.000,675.000,700.000,550.000,-1,1,0,2,0,2,0,0,0,0,2,2,2,1,1,0,1,2
12,2404.409,1248.307,-84.745,-70.683,0.330795,0.943694,0.004122,-0.943703,0.330793,0.001091,-0.000334,-0.004251,0.999991,0,0.79658,0.17471,47.795,0.349,375.000,400.000,-1,375.000,-1,325.000,325.000,300.000,300.000,-1,-1,-1,625.000,650.000,700.000,500.000,-1,1,0,2,0,2,0,0,0,0,2,2,2,1,1,0,1,2
13,2420.295,1203.263,-84.678,-70.573,0.332597,0.943058,0.004621,-0.943069,0.332594,0.001397,-0.000219,-0.004822,0.999988,0,0.79605,0.05471,47.763,0.109,350.000,400.000,-1,375.000,-1,325.000,325.000,300.000,300.000,-1,-1,-1,650.000,625.000,675.000,475.000,-1,1,0,2,0,2,0,0,1,0,2,2,2,1,1,0,1,2
14,2436.058,1158.241,-84.580,-70.704,0.330448,0.943810,0.005230,-0.943824,0.330442,0.001880,0.000047,-0.005558,0.999985,0,0.79503,-0.06529,47.702,-0.131,350.000,400.000,-1,375.000,1000.000,325.000,325.000,300.000,300.000,-1,-1,-1,675.000,625.000,675.000,450.000,-1,1,0,2,0,0,0,0,1,0,2,2,2,1,1,0,1,2
15,2451.499,1113.207,-84.518,-71.075,0.324338,0.945923,0.005871,-0.945941,0.324330,0.002298,0.000270,-0.006299,0.999980,0,0.79346,-0.18529,47.608,-0.371,325.000,400.000,-1,375.000,975.000,325.000,325.000,275.000,300.000,-1,-1,-1,700.000,600.000,675.000,425.000,-1,1,0,2,0,0,0,0,1,0,2,2,2,1,1,0,1,2
16,2466.419,1068.134,-84.486,-71.685,0.314240,0.949321,0.006558,-0.949343,0.314229,0.002662,0.000466,-0.007063,0.999975,0,0.79131,-0.30529,47.478,-0.611,300.000,400.000,-1,375.000,950.000,325.000,325.000,275.000,300.000,-1,-1,-1,725.000,600.000,650.000,425.000,-1,1,0,2,0,0,0,0,1,0,2,2,2,1,1,0,1,2
17,2480.617,1023.003,-84.480,-72.536,0.300114,0.953875,0.007301,-0.953903,0.300100,0.002984,0.000655,-0.007860,0.999969,0,0.78852,-0.42529,47.311,-0.851,300.000,400.000,-1,375.000,900.000,325.000,325.000,275.000,300.000,1000.000,-1,-1,750.000,600.000,650.000,400.000,1000.000,1,0,2,0,0,0,0,1,0,1,2,2,1,1,0,1,0
18,2494.058,977.856,-84.495,-73.421,0.285343,0.958391,0.008101,-0.958425,0.285325,0.003279,0.000832,-0.008700,0.999962,0,0.78509,-0.44263,47.105,-0.885,275.000,400.000,-1,375.000,875.000,325.000,325.000,250.000,300.000,975.000,-1,-1,775.000,600.000,625.000,375.000,975.000,1,0,2,0,0,0,0,1,0,1,2,2,1,1,0,1,0
19,2506.740,932.727,-84.528,-74.304,0.270545,0.962666,0.008953,-0.962707,0.270523,0.003552,0.000997,-0.009581,0.999954,0,0.78128,-0.44138,46.877,-0.883,275.000,400.000,-1,375.000,850.000,325.000,325.000,250.000,300.000,950.000,-1,-1,800.000,575.000,625.000,375.000,925.000,1,0,2,0,0,0,0,1,0,1,2,2,1,1,0,1,0
20,2518.664,887.646,-84.577,-75.185,0.255718,0.966701,0.009854,-0.966751,0.255692,0.003804,0.001157,-0.010499,0.999944,0,0.77719,-0.44036,46.631,-0.881,250.000,400.000,-1,375.000,825.000,325.000,325.000,225.000,300.000,925.000,-1,-1,825.000,575.000,600.000,375.000,900.000,1,0,2,0,0,0,0,1,0,1,2,2,1,1,0,1,0
21,2529.833,842.640,-84.639,-76.064,0.240858,0.970500,0.010798,-0.970560,0.240827,0.004037,0.001317,-0.011452,0.999934,0,0.77286,-0.43957,46.371,-0.879,250.000,400.000,-1,350.000,775.000,325.000,300.000,225.000,300.000,925.000,-1,-1,850.000,575.000,600.000,350.000,850.000,1,0,2,0,0,0,0,1,0,1,2,2,1,1,0,1,0
22,2540.640,796.912,-84.719,-76.703,0.230019,0.973115,0.011790,-0.973185,0.229984,0.004253,0.001428,-0.012452,0.999921,0,0.78314,-0.31957,46.988,-0.639,250.000,375.000,-1,350.000,750.000,325.000,300.000,200.000,300.000,925.000,-1,-1,875.000,575.000,575.000,350.000,800.000,1,0,2,0,0,0,0,1,0,1,2,2,1,1,0,1,0
23,2550.995,751.345,-84.818,-77.197,0.221618,0.975049,0.012805,-0.975132,0.221579,0.004443,0.001495,-0.013471,0.999908,0,0.77880,-0.24711,46.728,-0.494,225.000,375.000,-1,350.000,725.000,300.000,300.000,200.000,300.000,950.000,-1,-1,900.000,575.000,575.000,325.000,775.000,1,0,2,0,0,0,0,1,0,1,2,2,1,1,0,1,0
24,2560.904,705.936,-84.859,-77.691,0.213203,0.976906,0.014146,-0.977007,0.213160,0.004457,0.001339,-0.014771,0.999890,0,0.77463,-0.24699,46.478,-0.494,225.000,375.000,-1,325.000,675.000,300.000,300.000,200.000,300.000,975.000,-1,-1,925.000,575.000,550.000,325.000,725.000,1,0,2,0,0,0,0,1,0,1,2,2,1,1,0,1,0
25,2570.370,660.687,-84.228,-78.185,0.204797,0.978644,0.017704,-0.978801,0.204714,0.006395,0.002634,-0.018638,0.999823,0,0.77047,-0.24708,46.228,-0.494,200.000,375.000,-1,325.000,700.000,300.000,275.000,175.000,300.000,1000.000,-1,-1,925.000,575.000,550.000,300.000,725.000,1,0,2,0,0,0,0,1,0,1,2,2,1,1,0,1,0
26,2579.397,615.599,-83.479,-78.680,0.196385,0.980287,0.021696,-0.980517,0.196237,0.008774,0.004344,-0.022997,0.999726,0,0.76638,-0.24739,45.983,-0.495,200.000,350.000,-1,325.000,700.000,300.000,275.000,175.000,300.000,-1,-1,-1,950.000,575.000,550.000,300.000,700.000,1,0,2,0,0,0,0,1,0,2,2,2,1,1,0,1,0
27,2588.524,567.794,-82.199,-79.191,0.187719,0.981938,0.023647,-0.982192,0.187468,0.012455,0.007797,-0.025564,0.999643,0,0.81114,-0.25572,48.668,-0.511,200.000,350.000,-1,325.000,700.000,300.000,275.000,175.000,300.000,-1,950.000,-1,975.000,575.000,550.000,300.000,700.000,1,0,2,0,0,0,0,1,0,2,0,2,1,1,0,1,0
28,2597.200,520.095,-80.553,-79.691,0.179270,0.983508,0.023975,-0.983720,0.178893,0.017068,0.012497,-0.026644,0.999567,0,0.80802,-0.24981,48.481,-0.500,200.000,350.000,-1,350.000,700.000,300.000,275.000,175.000,300.000,500.000,750.000,975.000,1000.000,625.000,575.000,325.000,700.000,1,0,2,0,0,0,0,1,0,1,0,0,1,1,0,1,0
29,2605.434,472.532,-78.902,-80.179,0.171022,0.984962,0.024513,-0.985118,0.170510,0.021655,0.017150,-0.027852,0.999465,0,0.80450,-0.24384,48.270,-0.488,200.000,375.000,-1,350.000,700.000,300.000,300.000,150.000,325.000,425.000,550.000,800.000,-1,625.000,575.000,950.000,700.000,1,0,2,0,0,0,0,1,0,1,0,0,2,0,0,0,0
30,2613.230,425.132,-77.276,-80.660,0.162875,0.986327,0.025129,-0.986405,0.162218,0.026278,0.021842,-0.029067,0.999339,0,0.80062,-0.24082,48.037,-0.482,225.000,375.000,-1,350.000,725.000,300.000,300.000,150.000,325.000,375.000,450.000,625.000,-1,625.000,550.000,950.000,700.000,1,0,2,0,0,0,0,1,0,1,0,0,2,0,0,0,0
31,2620.590,377.917,-75.674,-81.140,0.154769,0.987613,0.025821,-0.987593,0.153957,0.030931,0.026572,-0.030287,0.999188,0,0.79641,-0.23963,47.785,-0.479,225.000,375.000,-1,350.000,725.000,300.000,300.000,150.000,325.000,350.000,375.000,525.000,-1,625.000,550.000,925.000,700.000,1,0,2,0,0,0,0,1,0,1,0,0,2,0,0,0,0
32,2627.517,330.910,-74.095,-81.617,0.146696,0.988824,0.026588,-0.988685,0.145718,0.035607,0.031335,-0.031510,0.999012,0,0.79191,-0.23867,47.515,-0.477,325.000,375.000,-1,350.000,725.000,300.000,300.000,150.000,300.000,325.000,325.000,450.000,-1,625.000,550.000,925.000,700.000,1,0,2,0,0,0,0,1,0,1,0,0,2,0,0,0,0
33,2634.015,284.127,-72.536,-82.093,0.138651,0.989961,0.027429,-0.989682,0.137495,0.040303,0.036127,-0.032734,0.998811,0,0.78719,-0.23794,47.231,-0.476,-1,375.000,-1,350.000,725.000,300.000,300.000,150.000,300.000,300.000,275.000,375.000,-1,600.000,550.000,925.000,725.000,2,0,2,0,0,0,0,1,0,1,0,0,2,0,0,0,0
34,2640.086,237.583,-70.996,-82.568,0.130625,0.991027,0.028345,-0.990586,0.129280,0.045012,0.040943,-0.033958,0.998584,0,0.78230,-0.23745,46.938,-0.475,1000.000,375.000,-1,350.000,750.000,300.000,300.000,150.000,300.000,275.000,250.000,325.000,-1,600.000,550.000,900.000,725.000,0,0,2,0,0,0,0,1,0,1,0,0,2,0,0,0,0
35,2645.736,191.287,-69.365,-83.042,0.122602,0.992037,0.028848,-0.991383,0.121067,0.050030,0.046139,-0.034733,0.998331,0,0.77732,-0.23720,46.639,-0.474,1000.000,375.000,-1,350.000,750.000,300.000,300.000,150.000,300.000,275.000,200.000,275.000,-1,600.000,550.000,900.000,725.000,0,0,2,0,0,0,0,1,0,1,0,0,2,0,0,0,0
36,2650.969,145.242,-67.704,-83.516,0.114576,0.992984,0.029226,-0.992078,0.112847,0.055189,0.051503,-0.035318,0.998048,0,0.77233,-0.23718,46.340,-0.474,1000.000,375.000,-1,350.000,775.000,300.000,300.000,150.000,300.000,250.000,200.000,250.000,-1,600.000,550.000,900.000,725.000,0,0,2,0,0,0,0,1,0,1,0,0,2,0,0,0,0
37,2655.788,99.451,-66.160,-83.991,0.106557,0.993850,0.030140,-0.992697,0.104611,0.060071,0.056548,-0.036321,0.997739,0,0.76739,-0.23739,46.044,-0.475,975.000,350.000,-1,350.000,775.000,300.000,300.000,150.000,300.000,225.000,175.000,225.000,-1,600.000,550.000,900.000,750.000,0,0,2,0,0,0,0,1,0,1,0,0,2,0,0,0,0
38,2660.200,53.909,-64.710,-84.467,0.098540,0.994635,0.031496,-0.993241,0.096352,0.064718,0.061337,-0.037661,0.997406,0,0.76258,-0.23783,45.755,-0.476,950.000,350.000,-1,325.000,800.000,300.000,275.000,150.000,300.000,225.000,150.000,200.000,-1,600.000,550.000,900.000,750.000,0,0,2,0,0,0,0,1,0,1,0,0,2,0,0,0,0
39,2664.209,8.608,-62.817,-84.944,0.090622,0.995265,0.035156,-0.993744,0.088057,0.068691,0.065270,-0.041161,0.997018,0,0.75795,-0.23849,45.477,-0.477,900.000,350.000,-1,325.000,825.000,275.000,275.000,150.000,300.000,200.000,150.000,200.000,-1,575.000,550.000,875.000,775.000,0,0,2,0,0,0,0,1,0,1,0,0,2,0,0,0,0
40,2667.818,-36.463,-59.401,-85.423,0.082762,0.995773,0.039827,-0.994166,0.079723,0.072651,0.069169,-0.045608,0.996562,0,0.75357,-0.23935,45.214,-0.479,850.000,350.000,-1,325.000,925.000,275.000,275.000,150.000,300.000,200.000,175.000,225.000,-1,575.000,550.000,850.000,825.000,0,0,2,0,0,0,0,1,0,1,0,0,2,0,0,0,0
41,2671.030,-81.316,-54.830,-85.903,0.074597,0.996422,0.039717,-0.994444,0.071365,0.077387,0.074275,-0.045269,0.996210,0,0.74946,-0.24042,44.968,-0.481,950.000,350.000,-1,350.000,-1,275.000,275.000,175.000,300.000,200.000,200.000,250.000,-1,575.000,575.000,950.000,925.000,0,0,2,0,2,0,0,1,0,1,0,0,2,0,0,0,0
42,2673.849,-125.969,-50.275,-86.387,0.066385,0.997004,0.039699,-0.994633,0.062957,0.082111,0.079365,-0.044937,0.995832,0,0.74567,-0.24167,44.740,-0.483,-1,350.000,-1,350.000,-1,300.000,275.000,200.000,325.000,200.000,250.000,275.000,-1,600.000,575.000,-1,-1,2,0,2,0,2,0,0,1,0,1,0,0,2,0,0,2,2
43,2676.278,-170.437,-45.734,-86.873,0.058119,0.997517,0.039774,-0.994732,0.054495,0.086822,0.084439,-0.044610,0.995430,0,0.74223,-0.24311,44.534,-0.486,-1,350.000,-1,350.000,-1,300.000,300.000,200.000,325.000,200.000,250.000,300.000,-1,600.000,600.000,-1,-1,2,0,2,0,2,0,0,1,0,1,0,0,2,0,0,2,2
44,2678.318,-214.740,-41.203,-87.362,0.049797,0.997960,0.039940,-0.994742,0.045973,0.091519,0.089496,-0.044288,0.995002,0,0.73914,-0.24471,44.348,-0.489,-1,350.000,-1,350.000,-1,300.000,300.000,225.000,325.000,200.000,275.000,300.000,-1,625.000,600.000,-1,-1,2,0,2,0,2,0,0,1,0,1,0,0,2,0,0,2,2
45,2679.970,-258.895,-36.681,-87.855,0.041412,0.998333,0.040199,-0.994660,0.037386,0.096201,0.094537,-0.043968,0.994550,0,0.73642,-0.24648,44.185,-0.493,-1,350.000,-1,350.000,-1,300.000,300.000,275.000,325.000,200.000,300.000,325.000,-1,650.000,625.000,-1,-1,2,0,2,0,2,0,0,1,0,1,0,0,2,0,0,2,2
46,2681.236,-302.922,-32.165,-88.352,0.032962,0.998634,0.040551,-0.994485,0.028729,0.100865,0.099562,-0.043652,0.994073,0,0.73407,-0.24839,44.044,-0.497,-1,375.000,-1,350.000,-1,300.000,300.000,325.000,325.000,225.000,300.000,325.000,-1,650.000,650.000,-1,-1,2,0,2,0,2,0,0,1,0,1,0,0,2,0,0,2,2
47,2682.115,-346.839,-27.652,-88.853,0.024442,0.998860,0.040996,-0.994217,0.019998,0.105511,0.104571,-0.043338,0.993573,0,0.73208,-0.25045,43.925,-0.501,-1,375.000,-1,350.000,-1,300.000,300.000,300.000,325.000,225.000,275.000,300.000,-1,675.000,650.000,-1,-1,2,0,2,0,2,0,0,0,0,1,0,0,2,0,0,2,2
48,2682.605,-390.665,-23.140,-89.358,0.015850,0.999011,0.041535,-0.993853,0.011189,0.110138,0.109564,-0.043025,0.993048,0,0.73045,-0.25263,43.827,-0.505,-1,375.000,-1,375.000,-1,300.000,300.000,300.000,325.000,250.000,250.000,275.000,-1,700.000,675.000,-1,-1,2,0,2,0,2,0,0,0,0,1,0,0,2,0,0,2,2
49,2682.705,-434.416,-18.607,-89.868,0.007171,0.999088,0.042088,-0.993400,0.002299,0.114679,0.114478,-0.042633,0.992511,0,0.72916,-0.25494,43.750,-0.510,-1,375.000,-1,375.000,-1,300.000,300.000,300.000,325.000,250.000,225.000,250.000,-1,725.000,700.000,-1,-1,2,0,2,0,2,0,0,0,0,1,0,0,2,0,0,2,2
50,2682.412,-478.108,-13.930,-90.383,-0.001671,0.999109,0.042175,-0.992892,-0.006677,0.118834,0.119010,-0.041677,0.992018,0,0.72821,-0.25736,43.692,-0.515,-1,375.000,-1,375.000,-1,300.000,300.000,300.000,325.000,275.000,200.000,225.000,-1,725.000,700.000,-1,-1,2,0,2,0,2,0,0,0,0,1,0,0,2,0,0,2,2
51,2681.723,-521.759,-9.321,-90.903,-0.010548,0.999034,0.042651,-0.992244,-0.015741,0.123306,0.123858,-0.041020,0.991452,0,0.72757,-0.25989,43.654,-0.520,-1,400.000,-1,375.000,-1,325.000,325.000,300.000,325.000,300.000,200.000,200.000,-1,750.000,725.000,-1,-1,2,0,2,0,2,0,0,0,0,1,0,0,2,0,0,2,2
52,2680.635,-565.380,-4.774,-91.428,-0.019464,0.998863,0.043510,-0.991463,-0.024895,0.127991,0.128929,-0.040648,0.990820,0,0.72723,-0.26252,43.634,-0.525,-1,400.000,-1,400.000,-1,325.000,325.000,300.000,300.000,325.000,175.000,200.000,-1,775.000,750.000,-1,-1,2,0,2,0,2,0,0,0,0,1,0,0,2,0,0,2,2
53,2679.259,-611.381,-0.047,-91.713,-0.024101,0.998710,0.044691,-0.990648,-0.029864,0.133136,0.134299,-0.041064,0.990090,0,0.76699,-0.14252,46.020,-0.285,-1,400.000,-1,400.000,-1,325.000,325.000,275.000,300.000,350.000,175.000,175.000,-1,825.000,775.000,-1,-1,2,0,2,0,2,0,0,0,0,1,0,0,2,0,0,2,2
54,2677.846,-657.406,5.046,-91.758,-0.024748,0.998700,0.044572,-0.990095,-0.030650,0.137011,0.138199,-0.040740,0.989566,0,0.76742,-0.02252,46.045,-0.045,-1,400.000,-1,400.000,-1,325.000,325.000,275.000,300.000,375.000,175.000,175.000,-1,850.000,800.000,-1,-1,2,0,2,0,2,0,0,0,0,1,0,0,2,0,0,2,2
55,2676.450,-703.479,11.203,-91.737,-0.024347,0.998689,0.045024,-0.990225,-0.030279,0.136155,0.137340,-0.041269,0.989664,0,0.76824,0.01062,46.094,0.021,-1,400.000,-1,400.000,-1,325.000,325.000,275.000,300.000,425.000,225.000,225.000,-1,850.000,800.000,-1,-1,2,0,2,0,2,0,0,0,0,1,0,0,2,0,0,2,2
56,2675.063,-749.615,17.344,-91.722,-0.024070,0.998679,0.045386,-0.990359,-0.030016,0.135232,0.136416,-0.041693,0.989774,0,0.76929,0.00753,46.157,0.015,-1,400.000,-1,400.000,-1,325.000,325.000,275.000,300.000,475.000,275.000,275.000,-1,875.000,800.000,-1,-1,2,0,2,0,2,0,0,0,0,1,0,0,2,0,0,2,2
57,2673.682,-795.824,23.497,-91.713,-0.023906,0.998667,0.045748,-0.990490,-0.029863,0.134308,0.135495,-0.042102,0.989883,0,0.77050,0.00437,46.230,0.009,-1,400.000,-1,400.000,-1,325.000,325.000,275.000,300.000,525.000,325.000,325.000,-1,875.000,825.000,-1,-1,2,0,2,0,2,0,0,0,0,1,0,0,2,0,1,2,2
58,2672.299,-842.115,29.661,-91.710,-0.023855,0.998652,0.046109,-0.990616,-0.029822,0.133384,0.134579,-0.042494,0.989991,0,0.77186,0.00116,46.312,0.002,-1,400.000,-1,400.000,1000.000,325.000,325.000,275.000,300.000,575.000,375.000,375.000,-1,875.000,825.000,-1,-1,2,0,2,0,1,0,0,0,0,1,0,0,2,0,1,2,2
59,2670.911,-888.496,35.850,-91.715,-0.023927,0.998635,0.046428,-0.990742,-0.029895,0.132428,0.133635,-0.042829,0.990105,0,0.77337,-0.00210,46.402,-0.004,-1,400.000,-1,400.000,950.000,325.000,325.000,275.000,300.000,625.000,425.000,425.000,-1,875.000,825.000,-1,-1,2,0,2,0,1,0,0,0,0,1,0,0,2,0,1,2,2
60,2669.511,-934.974,42.052,-91.726,-0.024116,0.998616,0.046747,-0.990863,-0.030083,0.131472,0.132696,-0.043149,0.990217,0,0.77500,-0.00542,46.500,-0.011,-1,400.000,-1,400.000,925.000,325.000,325.000,275.000,300.000,675.000,475.000,500.000,-1,875.000,825.000,-1,-1,2,0,2,0,1,0,0,0,0,1,0,0,2,0,1,2,2
61,2668.094,-981.558,48.271,-91.743,-0.024424,0.998593,0.047066,-0.990980,-0.030389,0.130515,0.131762,-0.043454,0.990329,0,0.77676,-0.00879,46.606,-0.018,-1,400.000,-1,400.000,875.000,325.000,325.000,275.000,300.000,725.000,550.000,550.000,-1,900.000,825.000,-1,-1,2,0,2,0,1,0,0,0,0,1,0,0,2,0,1,2,2
62,2666.653,-1028.254,54.507,-91.768,-0.024853,0.998567,0.047385,-0.991093,-0.030815,0.129559,0.130834,-0.043743,0.990439,0,0.77864,-0.01221,46.718,-0.024,-1,400.000,-1,400.000,850.000,325.000,325.000,275.000,300.000,775.000,600.000,625.000,-1,900.000,825.000,-1,-1,2,0,2,0,1,0,0,0,0,1,0,0,2,0,1,2,2
63,2664.924,-1079.020,61.297,-91.950,-0.028064,0.998466,0.047725,-0.991124,-0.034001,0.128520,0.129946,-0.043695,0.990558,0,0.84660,-0.09141,50.796,-0.183,-1,400.000,-1,400.000,800.000,325.000,325.000,275.000,300.000,850.000,675.000,675.000,-1,900.000,825.000,-1,-1,2,0,2,0,1,0,0,0,0,1,0,0,2,0,1,2,2
64,2663.025,-1129.894,68.111,-92.138,-0.031367,0.998352,0.048059,-0.991140,-0.037278,0.127484,0.129066,-0.043634,0.990676,0,0.84848,-0.09402,50.909,-0.188,-1,425.000,-1,400.000,750.000,325.000,325.000,275.000,300.000,900.000,750.000,750.000,-1,900.000,825.000,-1,1000.000,2,0,2,0,1,0,0,0,0,1,0,0,2,0,1,2,1
65,2660.949,-1180.866,74.950,-92.332,-0.034766,0.998223,0.048386,-0.991139,-0.040649,0.126452,0.128195,-0.043561,0.990792,0,0.85025,-0.09675,51.015,-0.193,-1,425.000,-1,400.000,725.000,325.000,325.000,275.000,300.000,975.000,825.000,825.000,-1,900.000,800.000,-1,950.000,2,0,2,0,1,0,0,0,0,1,0,0,2,0,1,2,1
66,2658.692,-1231.929,81.812,-92.531,-0.038265,0.998080,0.048706,-0.991122,-0.044119,0.125425,0.127333,-0.043474,0.990907,0,0.85189,-0.09960,51.113,-0.199,-1,425.000,-1,400.000,700.000,325.000,325.000,275.000,300.000,-1,900.000,900.000,-1,925.000,800.000,-1,925.000,2,0,2,0,1,0,0,0,0,2,0,0,2,0,1,2,1
67,2655.842,-1286.843,89.219,-92.970,-0.045978,0.997739,0.049016,-0.990890,-0.051770,0.124327,0.126584,-0.042854,0.991030,0,0.91648,-0.21960,54.989,-0.439,-1,425.000,-1,425.000,650.000,350.000,325.000,275.000,325.000,-1,975.000,1000.000,-1,925.000,800.000,-1,900.000,2,0,2,0,1,0,0,0,0,2,0,0,2,0,1,2,1
68,2652.336,-1341.816,96.010,-93.649,-0.057713,0.997038,0.050836,-0.990383,-0.063592,0.122871,0.125740,-0.043256,0.991120,0,0.91807,-0.33960,55.084,-0.679,-1,425.000,-1,425.000,600.000,350.000,325.000,275.000,325.000,-1,-1,-1,-1,925.000,775.000,-1,825.000,2,0,2,0,1,0,0,0,0,2,2,2,2,0,1,2,1
69,2648.097,-1396.833,102.344,-94.406,-0.070976,0.996146,0.051538,-0.989741,-0.076755,0.120502,0.123994,-0.042457,0.991374,0,0.91968,-0.37829,55.181,-0.757,-1,425.000,-1,400.000,575.000,350.000,325.000,275.000,325.000,-1,-1,-1,-1,900.000,750.000,-1,750.000,2,0,2,0,1,0,0,0,0,2,2,2,2,0,1,2,1
70,2643.117,-1451.879,108.725,-95.169,-0.084339,0.995070,0.052178,-0.988909,-0.090012,0.118141,0.122255,-0.041635,0.991625,0,0.92120,-0.38137,55.272,-0.763,-1,425.000,-1,400.000,525.000,325.000,325.000,275.000,300.000,-1,-1,-1,-1,900.000,725.000,-1,700.000,2,0,2,0,1,0,0,0,0,2,2,2,2,0,1,2,1
71,2637.390,-1506.937,115.155,-95.938,-0.097802,0.993807,0.052753,-0.987881,-0.103366,0.115790,0.120525,-0.040789,0.991872,0,0.92258,-0.38459,55.355,-0.769,-1,425.000,-1,400.000,475.000,325.000,325.000,275.000,300.000,-1,-1,-1,-1,875.000,675.000,-1,625.000,2,0,2,0,1,0,0,0,0,2,2,2,2,0,1,2,1
72,2630.910,-1561.984,121.631,-96.714,-0.111369,0.992351,0.053263,-0.986652,-0.116818,0.113450,0.118804,-0.039917,0.992115,0,0.92379,-0.38796,55.428,-0.776,-1,425.000,-1,400.000,425.000,325.000,325.000,275.000,300.000,-1,-1,-1,-1,850.000,650.000,-1,575.000,2,0,2,0,1,0,0,0,0,2,2,2,2,0,1,2,1
73,2623.670,-1616.998,128.154,-97.497,-0.125040,0.990697,0.053706,-0.985218,-0.130372,0.111122,0.117090,-0.039018,0.992354,0,0.92482,-0.39148,55.489,-0.783,-1,400.000,-1,400.000,400.000,325.000,325.000,275.000,300.000,-1,-1,-1,-1,850.000,625.000,-1,525.000,2,0,2,0,1,0,0,0,0,2,2,2,2,0,1,2,1
74,2615.665,-1671.956,134.723,-98.287,-0.138819,0.988840,0.054082,-0.983573,-0.144031,0.108811,0.115386,-0.038088,0.992590,0,0.92564,-0.39518,55.538,-0.790,-1,400.000,-1,400.000,350.000,325.000,325.000,275.000,300.000,-1,-1,-1,-1,825.000,600.000,-1,450.000,2,0,2,0,1,0,0,0,0,2,2,2,2,0,1,2,1
75,2606.889,-1726.832,141.338,-99.085,-0.152709,0.986774,0.054389,-0.981710,-0.157796,0.106516,0.113690,-0.037128,0.992822,0,0.92623,-0.39905,55.574,-0.798,-1,400.000,-1,400.000,325.000,325.000,325.000,300.000,300.000,-1,-1,-1,-1,825.000,575.000,-1,400.000,2,0,2,0,1,0,0,0,1,2,2,2,2,0,1,2,1
76,2597.339,-1781.599,147.996,-99.892,-0.166712,0.984491,0.054626,-0.979624,-0.171671,0.104241,0.112002,-0.036135,0.993051,0,0.92657,-0.40312,55.594,-0.806,-1,400.000,-1,400.000,275.000,325.000,325.000,300.000,275.000,-1,-1,-1,-1,800.000,550.000,-1,350.000,2,0,2,1,1,0,0,0,1,2,2,2,2,0,1,2,1
77,2587.010,-1836.229,155.410,-100.706,-0.180423,0.981891,0.057766,-0.977147,-0.185642,0.103540,0.112389,-0.037765,0.992946,0,0.92663,-0.40739,55.598,-0.815,-1,400.000,-1,375.000,250.000,325.000,325.000,300.000,275.000,-1,-1,-1,-1,800.000,525.000,-1,325.000,2,0,2,1,1,0,0,0,1,2,2,2,2,0,1,2,1
78,2575.900,-1890.691,163.448,-101.530,-0.193904,0.978975,0.063325,-0.974319,-0.199709,0.104011,0.114471,-0.041531,0.992558,0,0.92638,-0.41187,55.583,-0.824,-1,400.000,-1,375.000,225.000,325.000,325.000,300.000,250.000,-1,-1,-1,-1,825.000,525.000,-1,325.000,2,0,2,1,1,0,0,0,1,2,2,2,2,0,1,2,1
79,2564.008,-1944.952,171.507,-102.363,-0.207052,0.975693,0.071787,-0.971121,-0.213863,0.105768,0.118550,-0.047814,0.991796,0,0.92579,-0.41658,55.547,-0.833,-1,425.000,-1,375.000,225.000,350.000,350.000,300.000,250.000,-1,-1,-1,-1,875.000,525.000,-1,300.000,2,0,2,1,1,0,0,0,1,2,2,2,2,0,1,2,1
80,2551.332,-1998.977,179.882,-103.206,-0.219992,0.972052,0.081970,-0.967617,-0.228105,0.108100,0.123776,-0.055534,0.990755,0,0.92484,-0.42152,55.490,-0.843,-1,425.000,-1,375.000,225.000,350.000,350.000,300.000,250.000,-1,-1,-1,-1,900.000,500.000,-1,300.000,2,0,2,1,1,0,0,0,1,2,2,2,2,0,1,2,1
81,2537.872,-2052.729,188.158,-104.060,-0.232880,0.968132,0.092131,-0.963701,-0.242453,0.111793,0.130568,-0.062753,0.989451,0,0.92349,-0.42669,55.410,-0.853,-1,450.000,-1,350.000,225.000,375.000,375.000,275.000,250.000,-1,-1,-1,-1,975.000,500.000,-1,300.000,2,0,2,1,1,0,0,0,1,2,2,2,2,0,1,2,1
82,2523.631,-2106.170,196.194,-104.924,-0.245953,0.963971,0.101330,-0.959559,-0.256921,0.115053,0.136942,-0.068935,0.988178,0,0.92173,-0.43208,55.304,-0.864,-1,450.000,-1,350.000,225.000,375.000,375.000,275.000,250.000,950.000,500.000,-1,-1,-1,500.000,-1,300.000,2,0,2,1,1,0,1,0,1,0,0,2,2,2,1,2,1
83,2508.611,-2159.261,204.373,-105.799,-0.258963,0.959475,0.111113,-0.955151,-0.271489,0.118238,0.143612,-0.075511,0.986749,0,0.91954,-0.43770,55.172,-0.875,-1,475.000,-1,350.000,200.000,400.000,375.000,275.000,225.000,800.000,200.000,725.000,-1,-1,500.000,-1,300.000,2,0,2,1,1,0,1,0,1,0,0,0,2,2,1,2,1
84,2492.816,-2211.961,212.691,-106.686,-0.271896,0.954627,0.121487,-0.950474,-0.286151,0.121315,0.150574,-0.082485,0.985152,0,0.91689,-0.44351,55.014,-0.887,-1,500.000,-1,350.000,200.000,400.000,375.000,275.000,225.000,700.000,150.000,425.000,-1,-1,500.000,-1,275.000,2,0,2,1,1,0,1,0,1,0,0,0,2,2,1,2,1
85,2476.253,-2264.231,221.147,-107.585,-0.284733,0.949412,0.132454,-0.945526,-0.300902,0.124250,0.157820,-0.089861,0.983371,0,0.91379,-0.44951,54.828,-0.899,-1,525.000,-1,350.000,200.000,425.000,350.000,275.000,225.000,625.000,125.000,300.000,-1,-1,475.000,-1,275.000,2,0,2,1,1,0,1,0,1,0,0,0,2,2,1,2,1
86,2458.930,-2316.029,229.737,-108.496,-0.297441,0.943816,0.144013,-0.940315,-0.315717,0.127008,0.165339,-0.097640,0.981392,0,0.91025,-0.45522,54.615,-0.910,-1,550.000,-1,350.000,200.000,450.000,350.000,275.000,200.000,575.000,100.000,275.000,-1,-1,475.000,-1,275.000,2,0,2,1,1,0,1,0,1,0,0,0,2,2,1,2,1
87,2440.863,-2367.321,238.453,-109.409,-0.309864,0.937873,0.156137,-0.934890,-0.330447,0.129559,0.173105,-0.105826,0.979201,0,0.90628,-0.45679,54.377,-0.914,-1,575.000,-1,325.000,200.000,450.000,350.000,250.000,200.000,500.000,100.000,250.000,-1,-1,550.000,-1,250.000,2,0,2,1,1,1,1,0,1,0,0,0,2,2,1,2,1
88,2422.070,-2418.071,247.290,-110.326,-0.321973,0.931576,0.168817,-0.929266,-0.345072,0.131872,0.181103,-0.114417,0.976786,0,0.90190,-0.45813,54.114,-0.916,-1,600.000,-1,325.000,200.000,450.000,350.000,250.000,175.000,450.000,75.000,250.000,-1,-1,-1,-1,250.000,2,0,2,1,1,1,1,0,1,0,0,0,2,2,2,2,1
89,983.636,-1639.629,228.217,68.163,0.402543,-0.913403,-0.060451,0.877203,0.366026,0.310708,-0.261674,-0.178101,0.948581,1,0.00000,0.00000,53.830,-0.918,150.000,250.000,850.000,350.000,-1,225.000,275.000,250.000,450.000,-1,-1,50.000,375.000,350.000,550.000,150.000,1000.000,0,0,0,0,2,0,0,0,1,2,2,1,1,0,0,0,0
90,-2292.904,3611.496,56.849,53.331,0.589376,-0.799881,-0.113253,0.802819,0.595550,-0.028311,0.090093,-0.074236,0.993163,1,0.08000,-0.06165,4.800,-0.123,-1,200.000,300.000,175.000,300.000,175.000,150.000,275.000,425.000,950.000,175.000,275.000,600.000,275.000,225.000,-1,225.000,2,1,1,1,1,1,1,0,0,0,0,0,1,1,1,2,1
91,-2287.155,3619.185,58.246,53.207,0.590543,-0.798417,-0.117427,0.801632,0.597132,-0.028627,0.092975,-0.077228,0.992669,0,0.16000,-0.06157,9.600,-0.123,-1,200.000,275.000,175.000,300.000,175.000,150.000,275.000,450.000,925.000,150.000,250.000,600.000,275.000,225.000,-1,225.000,2,1,1,1,1,1,1,0,0,0,0,0,1,1,1,2,1
92,-8855.109,-2951.692,62.339,91.876,-0.029958,-0.998040,-0.054941,0.998244,-0.032685,0.049412,-0.051111,-0.053364,0.997266,1,0.00000,0.00000,14.400,-0.123,-1,375.000,-1,375.000,-1,325.000,325.000,300.000,300.000,-1,575.000,550.000,-1,750.000,725.000,-1,-1,2,0,2,0,2,0,0,0,0,2,0,0,2,0,0,2,2
93,-8855.258,-2946.895,62.093,91.774,-0.028200,-0.998092,-0.054931,0.998308,-0.030916,0.049245,-0.050849,-0.053449,0.997275,0,0.08000,-0.05075,4.800,-0.101,-1,375.000,-1,375.000,-1,325.000,325.000,300.000,300.000,-1,575.000,550.000,-1,750.000,725.000,-1,-1,2,0,2,0,2,0,0,0,0,2,0,0,2,0,0,2,2
94,-8855.538,-2937.299,61.599,91.673,-0.026451,-0.998141,-0.054916,0.998378,-0.029148,0.048909,-0.050419,-0.053533,0.997292,0,0.16000,-0.05075,9.600,-0.101,-1,375.000,-1,375.000,-1,325.000,325.000,300.000,300.000,-1,575.000,550.000,-1,750.000,725.000,-1,-1,2,0,2,0,2,0,0,0,0,2,0,0,2,0,0,2,2
95,-8855.933,-2922.904,60.861,91.571,-0.024711,-0.998186,-0.054899,0.998452,-0.027380,0.048406,-0.049821,-0.053618,0.997318,0,0.24000,-0.05075,14.400,-0.101,-1,375.000,-1,375.000,-1,325.000,325.000,300.000,300.000,-1,575.000,550.000,-1,750.000,725.000,-1,-1,2,0,2,0,2,0,0,0,0,2,0,0,2,0,0,2,2
96,-8856.426,-2903.711,59.878,91.470,-0.022980,-0.998228,-0.054881,0.998532,-0.025612,0.047734,-0.049055,-0.053703,0.997351,0,0.32000,-0.05075,19.200,-0.101,-1,375.000,-1,375.000,-1,325.000,325.000,300.000,300.000,-1,575.000,575.000,-1,750.000,725.000,-1,-1,2,0,2,0,2,0,0,0,0,2,0,0,2,0,0,2,2
97,-8856.999,-2879.718,58.652,91.368,-0.021259,-0.998268,-0.054864,0.998615,-0.023843,0.046893,-0.048120,-0.053791,0.997392,0,0.40000,-0.05075,24.000,-0.101,-1,400.000,-1,375.000,-1,325.000,325.000,300.000,300.000,-1,575.000,575.000,-1,750.000,725.000,-1,-1,2,0,2,0,2,0,0,0,0,2,0,0,2,0,0,2,2
98,-8857.635,-2850.925,57.184,91.267,-0.019546,-0.998303,-0.054849,0.998703,-0.022075,0.045885,-0.047018,-0.053881,0.997440,0,0.48000,-0.05075,28.800,-0.101,-1,400.000,-1,375.000,-1,325.000,325.000,300.000,300.000,-1,575.000,575.000,-1,775.000,750.000,-1,-1,2,0,2,0,2,0,0,0,0,2,0,0,2,0,0,2,2
99,-8858.318,-2817.332,55.475,91.165,-0.017842,-0.998336,-0.054838,0.998794,-0.020306,0.044709,-0.045748,-0.053975,0.997494,0,0.56000,-0.05075,33.600,-0.101,-1,400.000,-1,400.000,-1,325.000,325.000,300.000,300.000,-1,600.000,600.000,-1,775.000,750.000,-1,-1,2,0,2,0,2,0,0,0,0,2,0,0,2,0,0,2,2
100,-8859.031,-2778.938,53.525,91.064,-0.016147,-0.998365,-0.054834,0.998887,-0.018537,0.043365,-0.044310,-0.054073,0.997553,0,0.64000,-0.05075,38.400,-0.101,-1,400.000,-1,400.000,-1,325.000,325.000,300.000,300.000,-1,600.000,600.000,-1,775.000,750.000,-1,-1,2,0,2,0,2,0,0,0,0,2,0,0,2,0,0,2,2
101,-8859.937,-2735.748,51.323,91.202,-0.018642,-0.998323,-0.054811,0.998904,-0.020951,0.041852,-0.042930,-0.053971,0.997619,0,0.72000,0.06925,43.200,0.139,-1,400.000,-1,400.000,-1,325.000,325.000,300.000,300.000,-1,600.000,600.000,-1,775.000,750.000,-1,-1,2,0,2,0,2,0,0,0,0,2,0,0,2,0,0,2,2
102,-8861.261,-2687.767,48.857,91.581,-0.025327,-0.998179,-0.054745,0.998813,-0.027546,0.040174,-0.041609,-0.053662,0.997692,0,0.80000,0.18925,48.000,0.379,-1,400.000,-1,400.000,-1,325.000,325.000,300.000,300.000,-1,625.000,600.000,-1,800.000,775.000,-1,-1,2,0,2,0,2,0,0,0,0,2,0,0,2,0,0,2,2
103,-8863.287,-2635.006,46.153,92.199,-0.036185,-0.997843,-0.054767,0.998525,-0.038320,0.038456,-0.040471,-0.053295,0.997758,0,0.88000,0.30925,52.800,0.619,-1,400.000,-1,400.000,-1,325.000,325.000,300.000,300.000,-1,575.000,550.000,-1,800.000,775.000,-1,-1,2,0,2,0,2,0,0,0,0,2,0,0,2,0,0,2,2
104,-8866.134,-2581.700,43.716,93.058,-0.051088,-0.997171,-0.055143,0.997826,-0.053267,0.038801,-0.041629,-0.053040,0.997724,0,0.88971,0.42925,53.383,0.859,-1,400.000,-1,400.000,-1,325.000,325.000,300.000,300.000,-1,650.000,625.000,-1,800.000,775.000,-1,-1,2,0,2,0,2,0,0,0,0,2,0,0,2,0,0,2,2
105,-8870.007,-2528.403,41.216,94.156,-0.070133,-0.995997,-0.055427,0.996592,-0.072377,0.039576,-0.043429,-0.052462,0.997678,0,0.89062,0.54925,53.437,1.099,-1,400.000,-1,400.000,-1,325.000,325.000,300.000,300.000,-1,725.000,675.000,-1,800.000,775.000,-1,-1,2,0,2,0,2,0,0,0,0,2,0,0,2,0,0,2,2
106,-8875.077,-2475.153,38.645,95.439,-0.092356,-0.994167,-0.055691,0.994690,-0.094666,0.040368,-0.045404,-0.051667,0.997632,0,0.89152,0.64156,53.491,1.283,-1,400.000,-1,400.000,-1,325.000,325.000,300.000,300.000,-1,825.000,750.000,-1,775.000,775.000,-1,-1,2,0,2,0,2,0,0,0,0,2,0,0,2,0,0,2,2
107,-8881.349,-2421.977,36.002,96.727,-0.114606,-0.991835,-0.055942,0.992280,-0.116980,0.041180,-0.047388,-0.050790,0.997584,0,0.89243,0.64359,53.546,1.287,-1,400.000,-1,400.000,-1,325.000,325.000,300.000,300.000,-1,900.000,850.000,-1,775.000,775.000,-1,-1,2,0,2,0,2,0,0,0,0,2,0,0,2,0,0,2,2
108,-8888.825,-2368.901,33.289,98.018,-0.136871,-0.988995,-0.056180,0.989357,-0.139308,0.042015,-0.049379,-0.049831,0.997536,0,0.89334,0.64563,53.600,1.291,-1,400.000,-1,400.000,-1,325.000,325.000,300.000,300.000,-1,950.000,925.000,-1,775.000,775.000,-1,-1,2,0,2,0,2,0,0,0,0,2,0,0,2,0,0,2,2
109,-8897.507,-2315.953,30.503,99.313,-0.159140,-0.985643,-0.056406,0.985918,-0.161638,0.042876,-0.051378,-0.048788,0.997487,0,0.89425,0.64768,53.655,1.295,-1,400.000,-1,400.000,-1,325.000,325.000,300.000,300.000,-1,-1,-1,-1,775.000,775.000,-1,-1,2,0,2,0,2,0,0,0,0,2,2,2,2,0,0,2,2
110,-8907.398,-2263.163,27.645,100.613,-0.181401,-0.981778,-0.056622,0.981959,-0.183959,0.043766,-0.053385,-0.047661,0.997436,0,0.89515,0.64972,53.709,1.299,-1,400.000,-1,400.000,-1,325.000,325.000,300.000,300.000,-1,-1,-1,-1,750.000,775.000,-1,-1,2,0,2,0,2,0,0,0,0,2,2,2,2,0,0,2,2
111,-8918.499,-2210.558,24.716,101.916,-0.203642,-0.977395,-0.056829,0.977477,-0.206258,0.044688,-0.055399,-0.046449,0.997383,0,0.89606,0.65178,53.764,1.304,-1,400.000,-1,400.000,-1,325.000,325.000,300.000,300.000,-1,-1,-1,-1,750.000,750.000,-1,-1,2,0,2,0,2,0,0,0,0,2,2,2,2,0,0,2,2
112,-8930.809,-2158.168,21.714,103.224,-0.225851,-0.972491,-0.057030,0.972468,-0.228523,0.045643,-0.057420,-0.045151,0.997329,0,0.89696,0.65384,53.818,1.308,-1,400.000,-1,400.000,-1,325.000,325.000,300.000,300.000,-1,-1,-1,-1,750.000,750.000,-1,-1,2,0,2,0,2,0,0,0,0,2,2,2,2,0,0,2,2
113,-8944.329,-2106.021,18.639,104.536,-0.248016,-0.967064,-0.057227,0.966930,-0.250742,0.046634,-0.059448,-0.043768,0.997271,0,0.89785,0.65590,53.871,1.312,-1,400.000,-1,400.000,-1,325.000,325.000,300.000,300.000,-1,-1,-1,-1,725.000,750.000,-1,-1,2,0,2,0,2,0,0,0,0,2,2,2,2,0,0,2,2
114,-8959.058,-2054.147,15.491,105.852,-0.270126,-0.961112,-0.057414,0.960860,-0.272902,0.047661,-0.061476,-0.042293,0.997212,0,0.89874,0.65797,53.924,1.316,-1,375.000,-1,400.000,-1,325.000,325.000,300.000,300.000,-1,-1,-1,-1,725.000,725.000,-1,-1,2,0,2,0,2,0,0,0,0,2,2,2,2,0,0,2,2
115,-8974.992,-2002.576,12.171,107.172,-0.292219,-0.954646,-0.057096,0.954276,-0.294996,0.048327,-0.062978,-0.040363,0.997198,0,0.89961,0.66005,53.977,1.320,-1,375.000,-1,375.000,-1,325.000,325.000,300.000,300.000,-1,-1,-1,-1,725.000,725.000,-1,-1,2,0,2,0,2,0,0,0,0,2,2,2,2,0,0,2,2
116,-8992.132,-1951.338,8.897,108.496,-0.314225,-0.947632,-0.057062,0.947182,-0.317000,0.048555,-0.064101,-0.038791,0.997189,0,0.90047,0.66214,54.028,1.324,-1,375.000,-1,375.000,-1,325.000,325.000,300.000,300.000,-1,-1,-1,-1,700.000,725.000,-1,-1,2,0,2,0,2,0,0,0,0,2,2,2,2,0,0,2,2
117,-9010.471,-1900.464,5.638,109.824,-0.336133,-0.940074,-0.057225,0.939576,-0.338901,0.048411,-0.064904,-0.037494,0.997187,0,0.90132,0.66424,54.079,1.328,-1,375.000,-1,375.000,-1,325.000,325.000,300.000,300.000,-1,-1,-1,-1,700.000,725.000,-1,-1,2,0,2,0,2,0,0,0,0,2,2,2,2,0,0,2,2
118,-9030.007,-1849.984,2.231,111.157,-0.357928,-0.931971,-0.057604,0.931461,-0.360687,0.047799,-0.065324,-0.036548,0.997195,0,0.90215,0.66635,54.129,1.333,-1,375.000,-1,375.000,-1,300.000,325.000,300.000,300.000,-1,-1,-1,-1,700.000,725.000,-1,-1,2,0,2,0,2,0,0,0,0,2,2,2,2,0,0,2,2
119,-9050.734,-1799.929,-1.103,112.494,-0.379657,-0.923351,-0.057304,0.922822,-0.382354,0.046955,-0.065266,-0.035055,0.997252,0,0.90295,0.66848,54.177,1.337,-1,375.000,-1,375.000,-1,300.000,325.000,300.000,300.000,-1,-1,-1,-1,700.000,725.000,-1,-1,2,0,2,0,2,0,0,0,0,2,2,2,2,0,0,2,2
120,-9072.646,-1750.329,-4.469,113.835,-0.401261,-0.914199,-0.056839,0.913650,-0.403884,0.046064,-0.065068,-0.033447,0.997320,0,0.90373,0.67061,54.224,1.341,1000.000,375.000,-1,375.000,-1,325.000,325.000,300.000,300.000,-1,-1,-1,-1,700.000,725.000,-1,-1,1,0,2,0,2,0,0,0,0,2,2,2,2,0,0,2,2
121,-9095.735,-1701.217,-7.881,115.181,-0.422719,-0.904512,-0.056278,0.903943,-0.425262,0.045152,-0.064774,-0.031786,0.997394,0,0.90449,0.67276,54.269,1.346,950.000,375.000,-1,375.000,-1,325.000,325.000,300.000,300.000,-1,-1,-1,-1,700.000,725.000,-1,-1,1,0,2,0,2,0,0,0,0,2,2,2,2,0,0,2,2
122,-9119.995,-1652.624,-11.337,116.531,-0.444018,-0.894290,-0.055615,0.893702,-0.446476,0.044224,-0.064380,-0.030067,0.997472,0,0.90522,0.67492,54.313,1.350,900.000,375.000,-1,375.000,-1,325.000,325.000,300.000,300.000,-1,-1,-1,-1,700.000,725.000,-1,-1,1,0,2,0,2,0,0,0,0,2,2,2,2,0,0,2,2
123,-9145.415,-1604.580,-14.678,117.885,-0.465208,-0.883551,-0.054033,0.882930,-0.467519,0.043131,-0.063370,-0.027642,0.997607,0,0.90591,0.67710,54.355,1.354,850.000,375.000,-1,375.000,-1,325.000,325.000,300.000,300.000,-1,-1,-1,-1,700.000,725.000,-1,-1,1,0,2,0,2,0,0,0,0,2,2,2,2,0,0,2,2
124,-9171.986,-1557.118,-18.038,119.244,-0.486217,-0.872277,-0.052212,0.871623,-0.488369,0.042051,-0.062179,-0.025064,0.997750,0,0.90657,0.67930,54.394,1.359,825.000,375.000,-1,375.000,-1,325.000,325.000,300.000,300.000,-1,-1,-1,-1,700.000,725.000,1000.000,-1,1,0,2,0,2,0,0,0,0,2,2,2,2,0,0,1,2
125,-9199.698,-1510.270,-21.444,120.607,-0.507018,-0.860467,-0.050296,0.859782,-0.509011,0.041016,-0.060894,-0.022447,0.997892,0,0.90719,0.68151,54.431,1.363,775.000,375.000,-1,375.000,-1,325.000,325.000,300.000,300.000,-1,-1,-1,-1,700.000,725.000,950.000,-1,1,0,2,0,2,0,0,0,0,2,2,2,2,0,0,1,2
126,-9228.539,-1464.067,-24.817,121.974,-0.527571,-0.848117,-0.048639,0.847408,-0.529428,0.040075,-0.059739,-0.020075,0.998012,0,0.90776,0.68374,54.466,1.367,750.000,375.000,-1,400.000,-1,325.000,325.000,300.000,300.000,-1,-1,-1,-1,700.000,725.000,875.000,-1,1,0,2,0,2,0,0,0,0,2,2,2,2,0,0,1,2
127,-9257.480,-1419.673,-27.983,123.101,-0.544260,-0.837560,-0.047679,0.836846,-0.546030,0.039246,-0.058905,-0.018540,0.998091,0,0.88325,0.56374,52.995,1.127,700.000,375.000,-1,400.000,-1,325.000,325.000,300.000,300.000,-1,-1,775.000,-1,700.000,725.000,825.000,-1,1,0,2,0,2,0,0,0,0,2,2,0,2,0,0,1,2
128,-9287.116,-1375.717,-31.132,123.989,-0.557254,-0.829019,-0.046855,0.828316,-0.558948,0.038329,-0.057965,-0.017451,0.998166,0,0.88356,0.44374,53.014,0.887,650.000,375.000,-1,400.000,-1,325.000,325.000,300.000,300.000,-1,825.000,725.000,-1,700.000,725.000,775.000,-1,1,0,2,0,2,0,0,0,0,2,0,0,2,0,0,1,2
129,-9317.248,-1332.096,-34.250,124.636,-0.566661,-0.822658,-0.046139,0.821990,-0.568287,0.037194,-0.056818,-0.016850,0.998242,0,0.88361,0.32374,53.017,0.647,625.000,375.000,-1,400.000,-1,325.000,325.000,300.000,300.000,-1,750.000,675.000,-1,700.000,725.000,725.000,-1,1,0,2,0,2,0,0,0,0,2,0,0,2,0,0,1,2
130,-9347.683,-1288.703,-37.366,125.044,-0.572568,-0.818593,-0.045501,0.817971,-0.574133,0.035975,-0.055572,-0.016621,0.998316,0,0.88337,0.20401,53.002,0.408,600.000,375.000,-1,400.000,-1,325.000,325.000,300.000,300.000,-1,700.000,650.000,-1,700.000,725.000,700.000,-1,1,0,2,0,2,0,0,0,0,2,0,0,2,0,0,1,2
131,-9379.013,-1244.643,-40.537,125.416,-0.577923,-0.814854,-0.044922,0.814285,-0.579430,0.034660,-0.054272,-0.016548,0.998389,0,0.90106,0.18578,54.064,0.372,550.000,375.000,-1,375.000,-1,325.000,325.000,300.000,300.000,-1,675.000,625.000,-1,675.000,725.000,650.000,-1,1,0,2,0,2,0,0,0,0,2,0,0,2,1,0,1,2
