timestep,x_cm,y_cm,z_cm,yaw_deg,basis_xx,basis_xy,basis_xz,basis_yx,basis_yy,basis_yz,basis_zx,basis_zy,basis_zz,teleport_flag,throttle_cmd,steering_cmd,cmd_move_cm,cmd_turn_deg,lidar_cm_0,lidar_cm_1,lidar_cm_2,lidar_cm_3,lidar_cm_4,lidar_cm_5,lidar_cm_6,lidar_cm_7,lidar_cm_8,lidar_cm_9,lidar_cm_10,lidar_cm_11,lidar_cm_12,lidar_cm_13,lidar_cm_14,lidar_cm_15,lidar_cm_16,lidar_class_0,lidar_class_1,lidar_class_2,lidar_class_3,lidar_class_4,lidar_class_5,lidar_class_6,lidar_class_7,lidar_class_8,lidar_class_9,lidar_class_10,lidar_class_11,lidar_class_12,lidar_class_13,lidar_class_14,lidar_class_15,lidar_class_16
0,329.740,-8859.549,-98.624,-68.444,0.365419,0.929661,-0.046890,-0.929283,0.367259,0.039416,0.053865,0.029171,0.998122,1,0.08000,-0.12000,4.800,-0.240,-1,450.000,-1,400.000,-1,350.000,325.000,300.000,300.000,-1,-1,-1,-1,-1,850.000,-1,-1,2,0,2,0,2,0,0,0,0,2,2,2,2,2,0,2,2
1,333.193,-8868.506,-98.109,-68.916,0.357775,0.932661,-0.046273,-0.932296,0.359576,0.039111,0.053116,0.029147,0.998163,0,0.16000,-0.23638,9.600,-0.473,-1,450.000,-1,400.000,-1,350.000,325.000,300.000,300.000,-1,-1,-1,-1,-1,850.000,-1,-1,2,0,2,0,2,0,0,0,0,2,2,2,2,2,0,2,2
2,338.261,-8881.985,-97.346,-69.392,0.350090,0.935618,-0.045344,-0.935263,0.351832,0.038691,0.052153,0.028863,0.998222,0,0.24000,-0.23757,14.400,-0.475,-1,450.000,-1,400.000,-1,350.000,325.000,300.000,300.000,-1,-1,-1,-1,-1,850.000,-1,-1,2,0,2,0,2,0,0,0,0,2,2,2,2,2,0,2,2
3,344.868,-8900.012,-96.345,-69.870,0.342341,0.938540,-0.044096,-0.938192,0.344007,0.038157,0.050981,0.028308,0.998298,0,0.32000,-0.23939,19.200,-0.479,-1,450.000,-1,400.000,-1,350.000,325.000,300.000,300.000,-1,-1,-1,-1,-1,850.000,-1,-1,2,0,2,0,2,0,0,0,0,2,2,2,2,2,0,2,2
4,352.937,-8922.615,-95.117,-70.354,0.334509,0.941433,-0.042521,-0.941086,0.336080,0.037511,0.049605,0.027468,0.998391,0,0.40000,-0.24184,24.000,-0.484,-1,450.000,-1,400.000,-1,350.000,325.000,300.000,300.000,-1,-1,-1,-1,1000.000,825.000,-1,-1,2,0,2,0,2,0,0,0,0,2,2,2,2,0,0,2,2
5,362.387,-8949.821,-93.675,-70.844,0.326568,0.944301,-0.040607,-0.943953,0.328028,0.036756,0.048029,0.026327,0.998499,0,0.48000,-0.24494,28.800,-0.490,-1,450.000,-1,400.000,-1,350.000,325.000,300.000,300.000,-1,-1,-1,-1,1000.000,825.000,-1,-1,2,0,2,0,2,0,0,0,0,2,2,2,2,0,0,2,2
6,373.135,-8981.655,-92.035,-71.341,0.318497,0.947148,-0.038341,-0.946795,0.319831,0.035894,0.046259,0.024869,0.998620,0,0.56000,-0.24869,33.600,-0.497,-1,450.000,-1,400.000,-1,350.000,325.000,300.000,300.000,-1,-1,-1,-1,975.000,825.000,-1,-1,2,0,2,0,2,0,0,0,0,2,2,2,2,0,0,2,2
7,385.098,-9018.144,-90.213,-71.848,0.310268,0.949978,-0.035709,-0.949616,0.311463,0.034925,0.044300,0.023073,0.998752,0,0.64000,-0.25313,38.400,-0.506,-1,450.000,-1,400.000,-1,350.000,325.000,300.000,300.000,-1,-1,-1,-1,975.000,825.000,-1,-1,2,0,2,0,2,0,0,0,0,2,2,2,2,0,0,2,2
8,398.188,-9059.312,-88.227,-72.360,0.301928,0.952770,-0.032694,-0.952398,0.302972,0.033853,0.042160,0.020916,0.998892,0,0.72000,-0.25611,43.200,-0.512,-1,450.000,-1,400.000,-1,350.000,325.000,300.000,300.000,-1,-1,-1,-1,950.000,825.000,-1,-1,2,0,2,0,2,0,0,0,0,2,2,2,2,0,0,2,2
9,412.324,-9105.184,-86.125,-72.872,0.293567,0.955486,-0.029411,-0.955104,0.294457,0.032733,0.039936,0.018481,0.999031,0,0.80000,-0.25611,48.000,-0.512,-1,425.000,-1,400.000,-1,350.000,325.000,300.000,300.000,-1,-1,-1,-1,925.000,825.000,-1,-1,2,0,2,0,2,0,0,0,0,2,2,2,2,0,0,2,2
10,427.421,-9155.779,-84.160,-73.384,0.285164,0.958112,-0.026516,-0.957760,0.285913,0.030811,0.037102,0.016610,0.999173,0,0.88000,-0.25611,52.800,-0.512,-1,425.000,-1,400.000,-1,350.000,325.000,300.000,300.000,-1,-1,-1,-1,925.000,825.000,-1,-1,2,0,2,0,2,0,0,0,0,2,2,2,2,0,0,2,2
11,443.397,-9211.119,-82.305,-73.896,0.276732,0.960652,-0.023808,-0.960363,0.277343,0.028016,0.033517,0.015111,0.999324,0,0.96000,-0.25611,57.600,-0.512,-1,425.000,-1,400.000,-1,325.000,325.000,300.000,300.000,-1,-1,-1,-1,875.000,825.000,-1,-1,2,0,2,0,2,0,0,0,0,2,2,2,2,0,0,2,2
12,459.028,-9267.136,-80.602,-74.409,0.268270,0.963121,-0.020736,-0.962869,0.268751,0.025614,0.030243,0.013095,0.999457,0,0.96929,-0.25611,58.157,-0.512,-1,425.000,-1,400.000,-1,325.000,325.000,300.000,300.000,-1,-1,-1,-1,850.000,800.000,-1,-1,2,0,2,0,2,0,0,0,0,2,2,2,2,0,0,2,2
13,474.157,-9323.291,-78.890,-74.921,0.259748,0.965506,-0.018166,-0.965275,0.260136,0.023943,0.027843,0.011315,0.999548,0,0.96929,-0.25611,58.157,-0.512,-1,425.000,-1,400.000,-1,325.000,325.000,300.000,300.000,-1,-1,-1,-1,825.000,800.000,-1,-1,2,0,2,0,2,0,0,0,0,2,2,2,2,0,0,2,2
14,488.784,-9379.578,-77.284,-75.433,0.251189,0.967809,-0.015823,-0.967602,0.251499,0.022248,0.025511,0.009722,0.999627,0,0.96929,-0.25611,58.157,-0.512,-1,425.000,-1,400.000,-1,325.000,325.000,300.000,300.000,-1,-1,-1,-1,800.000,800.000,-1,-1,2,0,2,0,2,0,0,0,0,2,2,2,2,0,0,2,2
15,502.907,-9435.994,-75.789,-75.945,0.242597,0.970031,-0.013658,-0.969849,0.242840,0.020515,0.023217,0.008269,0.999696,0,0.96929,-0.25611,58.157,-0.512,-1,400.000,-1,400.000,-1,325.000,325.000,300.000,300.000,-1,-1,-1,-1,800.000,800.000,-1,-1,2,0,2,0,2,0,0,0,0,2,2,2,2,0,0,2,2
16,516.525,-9492.535,-74.343,-76.457,0.233976,0.972174,-0.011498,-0.972013,0.234161,0.018966,0.021130,0.006738,0.999754,0,0.96929,-0.25611,58.157,-0.512,-1,400.000,-1,400.000,-1,325.000,325.000,300.000,300.000,-1,-1,-1,-1,775.000,800.000,-1,-1,2,0,2,0,2,0,0,0,0,2,2,2,2,0,0,2,2
17,529.637,-9549.194,-72.946,-76.970,0.225328,0.974238,-0.009339,-0.974093,0.225463,0.017590,0.019242,0.005134,0.999802,0,0.96929,-0.25611,58.157,-0.512,-1,400.000,-1,400.000,-1,325.000,325.000,300.000,325.000,-1,-1,-1,-1,750.000,800.000,-1,-1,2,0,2,0,2,0,0,0,0,2,2,2,2,0,0,2,2
18,542.242,-9605.969,-71.596,-77.482,0.216655,0.976222,-0.007179,-0.976091,0.216746,0.016379,0.017546,0.003459,0.999840,0,0.96929,-0.25611,58.157,-0.512,-1,400.000,-1,400.000,-1,325.000,325.000,325.000,325.000,-1,-1,-1,-1,725.000,800.000,-1,-1,2,0,2,0,2,0,0,0,0,2,2,2,2,0,0,2,2
19,554.388,-9663.068,-70.287,-77.992,0.208000,0.978116,-0.005006,-0.977998,0.208053,0.015321,0.016027,0.001709,0.999870,0,0.97294,-0.25490,58.376,-0.510,-1,400.000,-1,400.000,-1,325.000,325.000,300.000,325.000,-1,-1,-1,-1,725.000,775.000,-1,-1,2,0,2,0,2,0,0,0,0,2,2,2,2,0,0,2,2
20,566.111,-9720.674,-69.013,-78.497,0.199407,0.979913,-0.002810,-0.979807,0.199427,0.014404,0.014675,-0.000119,0.999892,0,0.97979,-0.25242,58.788,-0.505,-1,375.000,-1,400.000,-1,325.000,325.000,300.000,325.000,-1,-1,-1,-1,700.000,775.000,-1,-1,2,0,2,0,2,0,0,0,0,2,2,2,2,0,0,2,2
21,577.410,-9778.780,-67.776,-78.996,0.190888,0.981612,-0.000602,-0.981519,0.190879,0.013631,0.013495,-0.002011,0.999907,0,0.98656,-0.24967,59.194,-0.499,-1,375.000,-1,400.000,-1,325.000,325.000,300.000,325.000,-1,-1,-1,-1,700.000,800.000,-1,-1,2,0,2,0,2,0,0,0,0,2,2,2,2,0,0,2,2
22,588.281,-9837.373,-67.071,-79.489,0.182433,0.983218,-0.000373,-0.983124,0.182421,0.013746,0.013584,-0.002141,0.999905,0,0.99323,-0.24664,59.594,-0.493,-1,375.000,-1,400.000,-1,325.000,325.000,300.000,325.000,-1,-1,-1,-1,675.000,800.000,-1,-1,2,0,2,0,2,0,0,0,0,2,2,2,2,0,0,2,2
23,598.723,-9896.444,-66.343,-79.976,0.174075,0.984732,-0.000430,-0.984640,0.174064,0.013647,0.013514,-0.001952,0.999907,0,0.99977,-0.24330,59.986,-0.487,-1,375.000,-1,400.000,-1,300.000,325.000,300.000,325.000,-1,-1,-1,-1,675.000,800.000,-1,-1,2,0,2,0,2,0,0,0,0,2,2,2,2,0,0,2,2
24,608.672,-9955.613,-65.273,-80.455,0.165811,0.986156,-0.001883,-0.986059,0.165821,0.013788,0.013910,-0.000429,0.999903,0,1.00000,-0.23964,60.000,-0.479,1000.000,375.000,-1,400.000,-1,300.000,325.000,300.000,325.000,-1,-1,-1,-1,675.000,800.000,975.000,-1,1,0,2,0,2,0,0,0,0,2,2,2,2,1,0,1,2
25,617.141,-10010.160,-64.257,-81.174,0.153398,0.988159,-0.003245,-0.988061,0.153428,0.013973,0.014305,0.001063,0.999897,0,0.92000,-0.35964,55.200,-0.719,950.000,375.000,-1,400.000,-1,300.000,325.000,300.000,325.000,-1,-1,-1,-1,675.000,800.000,925.000,-1,1,0,2,0,2,0,0,0,0,2,2,2,2,1,0,1,2
26,624.039,-10060.085,-63.409,-82.134,0.136805,0.990586,-0.004903,-0.990485,0.136863,0.014406,0.014941,0.002886,0.999884,0,0.84000,-0.47964,50.400,-0.959,900.000,375.000,-1,400.000,-1,300.000,325.000,300.000,325.000,-1,-1,-1,-1,675.000,800.000,900.000,-1,1,0,2,0,2,0,0,0,0,2,2,2,2,1,0,1,2
27,629.334,-10105.377,-62.660,-83.333,0.116014,0.993226,-0.006502,-0.993126,0.116099,0.014882,0.015536,0.004731,0.999868,0,0.76000,-0.59964,45.600,-1.199,850.000,375.000,-1,400.000,-1,300.000,325.000,325.000,325.000,-1,-1,-1,-1,675.000,825.000,875.000,-1,1,0,2,0,2,0,0,0,0,2,2,2,2,1,0,1,2
28,633.051,-10146.007,-62.001,-84.772,0.091001,0.995819,-0.007942,-0.995722,0.091114,0.015334,0.015994,0.006512,0.999851,0,0.68000,-0.71964,40.800,-1.439,800.000,375.000,-1,400.000,-1,300.000,325.000,325.000,325.000,-1,-1,-1,-1,675.000,825.000,875.000,-1,1,0,2,0,2,0,0,0,0,2,2,2,2,1,0,1,2
29,635.280,-10181.938,-61.442,-86.451,0.061753,0.998049,-0.009207,-0.997959,0.061892,0.015751,0.016291,0.008216,0.999834,0,0.60000,-0.83964,36.000,-1.679,775.000,375.000,-1,400.000,-1,325.000,325.000,325.000,325.000,-1,-1,-1,-1,700.000,825.000,875.000,-1,1,0,2,0,2,0,0,0,0,2,2,2,2,1,0,1,2
30,636.171,-10213.126,-60.987,-88.363,0.028401,0.999544,-0.010283,-0.999462,0.028565,0.016124,0.016410,0.009820,0.999817,0,0.52000,-0.95580,31.200,-1.912,750.000,375.000,-1,400.000,-1,325.000,325.000,325.000,325.000,-1,-1,-1,-1,725.000,850.000,900.000,-1,1,0,2,0,2,0,0,0,0,2,2,2,2,0,0,1,2
31,636.050,-10239.525,-60.632,-90.264,-0.004787,0.999926,-0.011157,-0.999854,-0.004603,0.016432,0.016379,0.011234,0.999803,0,0.44000,-0.95036,26.400,-1.901,750.000,375.000,-1,400.000,-1,325.000,325.000,300.000,325.000,-1,-1,-1,-1,725.000,850.000,975.000,-1,1,0,2,0,2,0,0,0,0,2,2,2,2,0,0,1,2
32,635.238,-10261.110,-60.371,-92.154,-0.037783,0.999216,-0.011832,-0.999154,-0.037583,0.016681,0.016223,0.012452,0.999791,0,0.36000,-0.94513,21.600,-1.890,750.000,375.000,-1,425.000,-1,325.000,325.000,300.000,325.000,-1,-1,-1,-1,750.000,875.000,-1,-1,1,0,2,0,2,0,0,0,0,2,2,2,2,0,0,2,2
33,634.057,-10277.869,-60.198,-94.034,-0.070562,0.997431,-0.012311,-0.997380,-0.070350,0.016877,0.015968,0.013469,0.999782,0,0.28000,-0.94021,16.800,-1.880,775.000,375.000,-1,425.000,-1,325.000,325.000,300.000,325.000,-1,-1,-1,-1,750.000,875.000,-1,-1,1,0,2,0,2,0,0,0,0,2,2,2,2,0,0,2,2
34,632.822,-10289.805,-60.105,-95.906,-0.103103,0.994591,-0.012598,-0.994548,-0.102882,0.017032,0.015643,0.014286,0.999776,0,0.20000,-0.93567,12.000,-1.871,800.000,400.000,-1,425.000,-1,325.000,325.000,300.000,325.000,-1,-1,-1,-1,750.000,900.000,-1,-1,1,0,2,0,2,0,0,0,0,2,2,2,2,0,0,2,2
35,631.849,-10296.939,-60.084,-97.769,-0.135388,0.990711,-0.012700,-0.990675,-0.135163,0.017157,0.015281,0.014904,0.999772,0,0.12000,-0.93158,7.200,-1.863,825.000,400.000,-1,425.000,-1,325.000,325.000,300.000,325.000,-1,-1,-1,-1,775.000,900.000,-1,-1,1,0,2,0,2,0,0,0,0,2,2,2,2,0,0,2,2
36,631.448,-10299.305,-60.127,-99.625,-0.167405,0.985808,-0.012618,-0.985776,-0.167178,0.017265,0.014910,0.015329,0.999771,0,0.04000,-0.92799,2.400,-1.856,875.000,400.000,-1,425.000,-1,325.000,325.000,300.000,325.000,-1,-1,-1,-1,775.000,900.000,-1,-1,1,0,2,0,2,0,0,0,0,2,2,2,2,0,0,2,2
37,631.925,-10296.953,-60.229,-101.475,-0.199138,0.979893,-0.012379,-0.979863,-0.198913,0.017357,0.014546,0.015587,0.999773,0,-0.04000,-0.92494,-2.400,-1.850,925.000,400.000,-1,425.000,-1,325.000,325.000,300.000,325.000,-1,-1,-1,-1,775.000,925.000,-1,-1,1,0,2,0,2,0,0,0,0,2,2,2,2,0,0,2,2
38,633.271,-10291.267,-60.403,-103.320,-0.230579,0.972977,-0.012178,-0.972951,-0.230356,0.017373,0.014098,0.015854,0.999775,0,-0.09739,-0.92246,-5.843,-1.845,-1,400.000,-1,425.000,-1,325.000,325.000,300.000,325.000,-1,1000.000,-1,-1,775.000,925.000,-1,-1,2,0,2,0,2,0,0,0,0,2,0,2,2,0,0,2,2
39,634.835,-10285.498,-60.572,-105.161,-0.261712,0.965072,-0.011949,-0.965049,-0.261490,0.017393,0.013661,0.016083,0.999777,0,-0.09963,-0.92039,-5.978,-1.841,-1,400.000,-1,425.000,-1,325.000,325.000,300.000,300.000,-1,975.000,-1,-1,775.000,925.000,-1,-1,2,0,2,0,2,0,0,0,0,2,0,2,2,0,0,2,2
40,636.621,-10279.652,-60.727,-106.997,-0.292506,0.956192,-0.011723,-0.956172,-0.292286,0.017406,0.013217,0.016301,0.999780,0,-0.10187,-0.91836,-6.112,-1.837,-1,400.000,-1,425.000,-1,325.000,325.000,300.000,300.000,-1,950.000,1000.000,-1,800.000,925.000,-1,-1,2,0,2,0,2,0,0,0,0,2,0,0,2,0,0,2,2
41,638.638,-10273.740,-60.871,-108.830,-0.322933,0.946352,-0.011501,-0.946336,-0.322716,0.017412,0.012766,0.016507,0.999782,0,-0.10412,-0.91636,-6.247,-1.833,-1,400.000,-1,425.000,-1,325.000,325.000,300.000,300.000,-1,925.000,975.000,-1,800.000,950.000,-1,-1,2,0,2,0,2,0,0,0,0,2,0,0,2,0,0,2,2
42,640.889,-10267.768,-61.008,-110.659,-0.352966,0.935568,-0.011251,-0.935555,-0.352752,0.017424,0.012332,0.016676,0.999785,0,-0.10636,-0.91439,-6.382,-1.829,-1,400.000,-1,425.000,-1,325.000,325.000,300.000,300.000,-1,925.000,950.000,-1,800.000,950.000,-1,-1,2,0,2,0,2,0,0,0,0,2,0,0,2,0,0,2,2
43,643.381,-10261.748,-61.138,-112.484,-0.382577,0.923858,-0.010973,-0.923847,-0.382365,0.017439,0.011916,0.016809,0.999788,0,-0.10860,-0.91245,-6.516,-1.825,-1,400.000,-1,425.000,-1,325.000,325.000,300.000,300.000,-1,900.000,925.000,-1,800.000,950.000,-1,-1,2,0,2,0,2,0,0,0,0,2,0,0,2,0,0,2,2
44,646.118,-10255.688,-61.261,-114.305,-0.411740,0.911239,-0.010667,-0.911229,-0.411530,0.017457,0.011518,0.016908,0.999791,0,-0.11083,-0.91054,-6.650,-1.821,-1,400.000,-1,425.000,-1,325.000,350.000,300.000,300.000,-1,900.000,900.000,-1,825.000,950.000,-1,-1,2,0,2,0,2,0,0,0,0,2,0,0,2,0,0,2,2
45,649.104,-10249.597,-61.377,-116.122,-0.440427,0.897729,-0.010334,-0.897719,-0.440221,0.017475,0.011139,0.016974,0.999794,0,-0.11305,-0.90865,-6.783,-1.817,-1,400.000,-1,425.000,-1,325.000,350.000,300.000,300.000,-1,900.000,900.000,-1,825.000,975.000,-1,-1,2,0,2,0,2,0,0,0,0,2,0,0,2,0,0,2,2
46,652.344,-10243.488,-61.485,-117.936,-0.468613,0.883347,-0.009975,-0.883338,-0.468411,0.017492,0.010780,0.017008,0.999797,0,-0.11526,-0.90678,-6.916,-1.814,-1,400.000,-1,425.000,-1,325.000,350.000,300.000,300.000,-1,875.000,875.000,-1,825.000,975.000,-1,-1,2,0,2,0,2,0,0,0,0,2,0,0,2,0,0,2,2
47,655.841,-10237.369,-61.585,-119.745,-0.496275,0.868112,-0.009589,-0.868103,-0.496076,0.017506,0.010441,0.017012,0.999801,0,-0.11746,-0.90493,-7.048,-1.810,-1,400.000,-1,425.000,-1,325.000,350.000,300.000,300.000,-1,875.000,850.000,-1,825.000,975.000,-1,-1,2,0,2,0,2,0,0,0,0,2,0,0,2,0,0,2,2
48,659.597,-10231.251,-61.677,-121.552,-0.523387,0.852046,-0.009178,-0.852035,-0.523192,0.017516,0.010122,0.016988,0.999804,0,-0.11964,-0.90310,-7.179,-1.806,-1,400.000,-1,425.000,-1,325.000,350.000,300.000,300.000,-1,875.000,850.000,-1,825.000,975.000,-1,-1,2,0,2,0,2,0,0,0,0,2,0,0,2,0,0,2,2
49,663.615,-10225.146,-61.760,-123.354,-0.549926,0.835168,-0.008742,-0.835156,-0.549734,0.017519,0.009825,0.016935,0.999808,0,-0.12182,-0.90128,-7.309,-1.803,-1,400.000,-1,425.000,-1,325.000,350.000,300.000,300.000,-1,875.000,850.000,-1,850.000,1000.000,-1,-1,2,0,2,0,2,0,0,0,0,2,0,0,2,0,0,2,2
50,667.898,-10219.065,-61.835,-125.157,-0.575920,0.817464,-0.008283,-0.817450,-0.575733,0.017513,0.009548,0.016857,0.999812,0,-0.12397,-0.90124,-7.438,-1.802,-1,400.000,-1,425.000,-1,325.000,350.000,275.000,300.000,-1,875.000,825.000,-1,850.000,1000.000,-1,-1,2,0,2,0,2,0,0,0,0,2,0,0,2,0,0,2,2
51,669.476,-10216.950,-61.896,-126.719,-0.597992,0.801462,-0.008020,-0.801449,-0.597808,0.017435,0.009179,0.016854,0.999816,0,-0.04397,-0.78124,-2.638,-1.562,-1,400.000,-1,450.000,-1,325.000,350.000,275.000,300.000,-1,875.000,825.000,-1,850.000,-1,-1,-1,2,0,2,0,2,0,0,0,0,2,0,0,2,0,2,2,2
52,668.144,-10218.653,-61.951,-128.042,-0.616327,0.787450,-0.007966,-0.787442,-0.616146,0.017287,0.008704,0.016927,0.999819,0,0.03603,-0.66124,2.162,-1.322,-1,400.000,-1,450.000,-1,325.000,350.000,275.000,300.000,-1,900.000,850.000,-1,850.000,-1,-1,-1,2,0,2,0,2,0,0,0,0,2,0,0,2,0,2,2,2
53,663.751,-10224.054,-62.005,-129.124,-0.631089,0.775668,-0.008130,-0.775668,-0.630911,0.017068,0.008109,0.017078,0.999821,0,0.11603,-0.54124,6.962,-1.082,-1,400.000,-1,450.000,-1,325.000,350.000,275.000,300.000,-1,925.000,850.000,-1,875.000,-1,-1,-1,2,0,2,0,2,0,0,0,0,2,0,0,2,0,2,2,2
54,656.196,-10233.068,-62.064,-129.967,-0.642422,0.766304,-0.008522,-0.766316,-0.642245,0.016775,0.007381,0.017307,0.999823,0,0.19603,-0.42124,11.762,-0.842,-1,425.000,-1,450.000,-1,325.000,350.000,275.000,300.000,-1,950.000,900.000,-1,875.000,-1,-1,-1,2,0,2,0,2,0,0,0,0,2,0,0,2,0,2,2,2
55,645.425,-10245.649,-62.078,-130.569,-0.650437,0.759501,-0.009441,-0.759534,-0.650261,0.016411,0.006325,0.017845,0.999821,0,0.27603,-0.30124,16.562,-0.602,-1,425.000,-1,450.000,-1,325.000,350.000,275.000,300.000,-1,1000.000,925.000,-1,875.000,-1,-1,-1,2,0,2,0,2,0,0,0,0,2,0,0,2,0,2,2,2
56,631.429,-10261.787,-62.074,-130.932,-0.655219,0.755362,-0.010784,-0.755422,-0.655044,0.015965,0.004995,0.018607,0.999814,0,0.35603,-0.18124,21.362,-0.362,-1,400.000,-1,425.000,-1,325.000,350.000,275.000,300.000,-1,-1,975.000,-1,875.000,-1,-1,-1,2,0,2,0,2,0,0,0,0,2,2,0,2,0,2,2,2
57,614.247,-10281.516,-62.086,-131.054,-0.656818,0.753947,-0.012397,-0.754041,-0.656646,0.015412,0.003480,0.019471,0.999804,0,0.43603,-0.06124,26.162,-0.122,-1,400.000,-1,425.000,-1,325.000,350.000,275.000,300.000,-1,-1,-1,-1,875.000,1000.000,-1,-1,2,0,2,0,2,0,0,0,0,2,2,2,2,0,0,2,2
58,593.961,-10304.906,-62.120,-130.937,-0.655249,0.755278,-0.014277,-0.755411,-0.655086,0.014725,0.001769,0.020434,0.999790,0,0.51603,0.05876,30.962,0.118,-1,400.000,-1,425.000,-1,325.000,350.000,275.000,300.000,-1,-1,-1,-1,850.000,1000.000,-1,-1,2,0,2,0,2,0,0,0,0,2,2,2,2,0,0,2,2
59,570.566,-10331.954,-62.190,-130.857,-0.654169,0.756170,-0.016441,-0.756348,-0.654022,0.013864,-0.000269,0.021505,0.999769,0,0.59603,0.03976,35.762,0.080,-1,400.000,-1,425.000,-1,325.000,350.000,275.000,300.000,-1,-1,-1,-1,850.000,975.000,-1,-1,2,0,2,0,2,0,0,0,0,2,2,2,2,0,0,2,2
60,544.075,-10362.670,-62.313,-130.776,-0.653058,0.757073,-0.018848,-0.757303,-0.652938,0.012803,-0.002614,0.022635,0.999740,0,0.67603,0.04044,40.562,0.081,-1,400.000,-1,425.000,-1,325.000,350.000,275.000,300.000,-1,-1,-1,-1,850.000,975.000,-1,-1,2,0,2,0,2,0,0,0,0,2,2,2,2,0,0,2,2
61,514.499,-10397.064,-62.515,-130.694,-0.651915,0.757989,-0.021442,-0.758274,-0.651835,0.011508,-0.005254,0.023761,0.999704,0,0.75603,0.04107,45.362,0.082,-1,400.000,-1,425.000,-1,325.000,350.000,275.000,300.000,-1,-1,-1,-1,850.000,950.000,-1,-1,2,0,2,0,2,0,0,0,0,2,2,2,2,0,0,2,2
62,483.508,-10433.208,-62.826,-130.611,-0.650744,0.758917,-0.024024,-0.759254,-0.650720,0.009885,-0.008131,0.024672,0.999663,0,0.79352,0.04158,47.611,0.083,-1,400.000,-1,425.000,-1,325.000,350.000,275.000,300.000,-1,-1,-1,-1,825.000,950.000,-1,-1,2,0,2,0,2,0,0,0,0,2,2,2,2,0,0,2,2
63,452.664,-10469.286,-63.189,-130.527,-0.649555,0.759852,-0.026501,-0.760236,-0.649595,0.008249,-0.010947,0.025505,0.999615,0,0.79109,0.04190,47.466,0.084,-1,400.000,-1,425.000,-1,325.000,350.000,275.000,300.000,-1,-1,-1,-1,825.000,925.000,-1,-1,2,0,2,0,2,0,0,0,0,2,2,2,2,0,0,2,2
64,421.969,-10505.299,-63.601,-130.443,-0.648357,0.760789,-0.028879,-0.761213,-0.648468,0.006621,-0.013690,0.026276,0.999561,0,0.78865,0.04200,47.319,0.084,-1,400.000,-1,425.000,-1,325.000,325.000,300.000,300.000,-1,-1,-1,-1,800.000,900.000,-1,-1,2,0,2,0,2,0,0,0,0,2,2,2,2,0,0,2,2
65,391.420,-10541.245,-64.059,-130.359,-0.647155,0.761721,-0.031159,-0.762183,-0.647343,0.005002,-0.016360,0.026986,0.999502,0,0.78622,0.04187,47.173,0.084,-1,400.000,-1,425.000,-1,325.000,325.000,300.000,300.000,-1,-1,-1,-1,800.000,900.000,-1,-1,2,0,2,0,2,0,0,0,0,2,2,2,2,0,0,2,2
66,361.017,-10577.126,-64.580,-130.276,-0.645958,0.762644,-0.033355,-0.763139,-0.646225,0.003464,-0.018914,0.027692,0.999438,0,0.78382,0.04153,47.029,0.083,-1,400.000,-1,425.000,-1,325.000,325.000,300.000,300.000,-1,-1,-1,-1,775.000,875.000,-1,-1,2,0,2,0,2,0,0,0,0,2,2,2,2,0,0,2,2
67,330.756,-10612.942,-65.221,-130.194,-0.644773,0.763548,-0.035519,-0.764080,-0.645117,0.002258,-0.021190,0.028595,0.999366,0,0.78148,0.04097,46.889,0.082,-1,400.000,-1,425.000,-1,325.000,325.000,300.000,300.000,-1,-1,-1,-1,775.000,875.000,-1,-1,2,0,2,0,2,0,0,0,0,2,2,2,2,0,0,2,2
68,300.633,-10648.696,-66.097,-130.114,-0.643606,0.764434,-0.037592,-0.765000,-0.644030,0.001076,-0.023388,0.029450,0.999293,0,0.77920,0.04020,46.752,0.080,-1,400.000,-1,400.000,-1,325.000,325.000,300.000,300.000,-1,-1,-1,-1,750.000,850.000,-1,-1,2,0,2,0,2,0,0,0,0,2,2,2,2,0,0,2,2
69,270.644,-10684.392,-67.221,-130.035,-0.642470,0.765278,-0.039766,-0.765906,-0.642952,0.000874,-0.024899,0.031018,0.999209,0,0.77701,0.03921,46.621,0.078,-1,400.000,-1,400.000,-1,325.000,325.000,300.000,300.000,-1,-1,-1,-1,750.000,850.000,-1,-1,2,0,2,0,2,0,0,0,0,2,2,2,2,0,0,2,2
70,240.783,-10720.031,-68.393,-129.959,-0.641365,0.766093,-0.041857,-0.766784,-0.641904,0.000717,-0.026319,0.032556,0.999123,0,0.77493,0.03802,46.496,0.076,-1,400.000,-1,400.000,-1,325.000,325.000,300.000,300.000,-1,-1,-1,-1,725.000,850.000,-1,-1,2,0,2,0,2,0,0,0,0,2,2,2,2,0,0,2,2
71,211.043,-10755.618,-69.522,-129.886,-0.640314,0.766884,-0.043447,-0.767625,-0.640899,0.000597,-0.027387,0.033733,0.999056,0,0.77297,0.03663,46.378,0.073,-1,400.000,-1,400.000,-1,325.000,325.000,300.000,300.000,-1,-1,-1,-1,725.000,825.000,-1,-1,2,0,2,0,2,0,0,0,0,2,2,2,2,0,0,2,2
72,181.416,-10791.157,-70.649,-129.816,-0.639317,0.767642,-0.044726,-0.768425,-0.639939,0.000517,-0.028225,0.034700,0.998999,0,0.77114,0.03505,46.268,0.070,-1,400.000,-1,400.000,-1,325.000,325.000,300.000,300.000,-1,-1,-1,-1,725.000,825.000,-1,-1,2,0,2,0,2,0,0,0,0,2,2,2,2,0,0,2,2
73,151.895,-10826.653,-71.813,-129.750,-0.638372,0.768360,-0.045877,-0.769184,-0.639027,0.000484,-0.028945,0.035597,0.998947,0,0.76946,0.03327,46.168,0.067,-1,400.000,-1,400.000,-1,325.000,325.000,300.000,300.000,-1,-1,-1,-1,725.000,825.000,-1,-1,2,0,2,0,2,0,0,0,0,2,2,2,2,0,0,2,2
74,125.614,-10858.600,-72.879,-129.443,-0.634211,0.771744,-0.046773,-0.772604,-0.634888,0.000501,-0.029309,0.036455,0.998905,0,0.68946,0.15327,41.368,0.307,-1,400.000,-1,400.000,-1,325.000,325.000,300.000,300.000,-1,-1,-1,-1,700.000,825.000,-1,-1,2,0,2,0,2,0,0,0,0,2,2,2,2,0,0,2,2
75,100.128,-10890.189,-73.940,-128.896,-0.626788,0.777739,-0.047533,-0.778635,-0.627477,0.000557,-0.029393,0.037361,0.998869,0,0.67648,0.27327,40.589,0.547,-1,400.000,-1,400.000,-1,325.000,325.000,300.000,300.000,-1,-1,-1,-1,700.000,825.000,-1,-1,2,0,2,0,2,0,0,0,0,2,2,2,2,0,0,2,2
76,75.097,-10922.102,-75.021,-128.110,-0.616030,0.786251,-0.048118,-0.787182,-0.616720,0.000654,-0.029161,0.038281,0.998841,0,0.67597,0.39327,40.558,0.787,-1,375.000,-1,400.000,-1,325.000,325.000,300.000,300.000,-1,-1,-1,-1,700.000,800.000,-1,-1,2,0,2,0,2,0,0,0,0,2,2,2,2,0,0,2,2
77,50.647,-10954.451,-76.160,-127.083,-0.601816,0.797136,-0.048904,-0.798114,-0.602506,0.000788,-0.028837,0.039505,0.998803,0,0.67583,0.51327,40.550,1.027,-1,375.000,-1,400.000,-1,325.000,325.000,300.000,300.000,-1,-1,-1,-1,700.000,800.000,-1,-1,2,0,2,0,2,0,0,0,0,2,2,2,2,0,0,2,2
78,26.912,-10987.342,-77.313,-125.817,-0.584016,0.810210,-0.049860,-0.811246,-0.584704,0.000946,-0.028387,0.041001,0.998756,0,0.67602,0.63327,40.561,1.267,-1,375.000,-1,400.000,-1,325.000,325.000,300.000,300.000,-1,-1,-1,-1,675.000,775.000,-1,-1,2,0,2,0,2,0,0,0,0,2,2,2,2,0,0,2,2
79,3.976,-11020.831,-78.430,-124.407,-0.563878,0.824296,-0.050772,-0.825392,-0.564558,0.001129,-0.027733,0.042544,0.998710,0,0.67650,0.70485,40.590,1.410,-1,375.000,-1,400.000,-1,325.000,325.000,300.000,300.000,-1,-1,-1,-1,675.000,775.000,-1,-1,2,0,2,0,2,0,0,0,0,2,2,2,2,0,0,2,2
80,-18.152,-11054.905,-79.514,-123.002,-0.543464,0.837841,-0.051658,-0.838998,-0.544132,0.001341,-0.026985,0.044069,0.998664,0,0.67715,0.70281,40.629,1.406,-1,375.000,-1,400.000,-1,300.000,325.000,300.000,325.000,-1,-1,-1,-1,675.000,775.000,-1,-1,2,0,2,0,2,0,0,0,0,2,2,2,2,0,0,2,2
81,-39.460,-11089.543,-80.453,-121.600,-0.522799,0.850824,-0.052722,-0.852066,-0.523430,0.002141,-0.025775,0.046042,0.998607,0,0.67780,0.70078,40.668,1.402,-1,375.000,-1,400.000,-1,300.000,325.000,300.000,325.000,-1,-1,-1,-1,675.000,750.000,-1,-1,2,0,2,0,2,0,0,0,0,2,2,2,2,0,0,2,2
82,-59.937,-11124.724,-81.335,-120.202,-0.501891,0.863253,-0.053838,-0.864586,-0.502475,0.003074,-0.024399,0.048091,0.998545,0,0.67843,0.69876,40.706,1.398,-1,375.000,-1,400.000,-1,300.000,325.000,300.000,325.000,-1,-1,-1,-1,675.000,750.000,-1,-1,2,0,2,0,2,0,0,0,0,2,2,2,2,0,0,2,2
83,-79.569,-11160.425,-82.231,-118.809,-0.480769,0.875139,-0.054716,-0.876552,-0.481289,0.004100,-0.022746,0.049932,0.998494,0,0.67907,0.69675,40.744,1.394,-1,375.000,-1,400.000,-1,300.000,300.000,300.000,325.000,-1,-1,-1,-1,675.000,750.000,-1,-1,2,0,2,0,2,0,0,0,0,2,2,2,2,0,0,2,2
84,-98.348,-11196.626,-83.104,-117.419,-0.459437,0.886472,-0.055544,-0.887963,-0.459885,0.005197,-0.020937,0.051709,0.998443,0,0.67970,0.69475,40.782,1.390,-1,375.000,-1,375.000,-1,300.000,300.000,300.000,325.000,-1,-1,-1,-1,675.000,725.000,-1,-1,2,0,2,0,2,0,0,0,0,2,2,2,2,0,0,2,2
85,-116.263,-11233.304,-83.879,-116.034,-0.437901,0.897258,-0.056319,-0.898818,-0.438279,0.006106,-0.019204,0.053295,0.998394,0,0.68032,0.69276,40.819,1.386,-1,375.000,-1,375.000,-1,300.000,300.000,325.000,300.000,-1,-1,-1,-1,675.000,725.000,-1,-1,2,0,2,0,2,0,0,0,0,2,2,2,2,0,0,2,2
86,-133.303,-11270.436,-84.515,-114.652,-0.416169,0.907502,-0.056947,-0.909116,-0.416490,0.006668,-0.017666,0.054547,0.998355,0,0.68094,0.69079,40.856,1.382,-1,375.000,-1,375.000,-1,300.000,300.000,325.000,300.000,-1,-1,-1,-1,675.000,725.000,-1,-1,2,0,2,0,2,0,0,0,0,2,2,2,2,0,0,2,2
87,-149.461,-11308.001,-84.895,-113.275,-0.394308,0.917230,-0.056660,-0.918848,-0.394541,0.007482,-0.015492,0.055012,0.998365,0,0.68155,0.68882,40.893,1.378,-1,375.000,-1,375.000,-1,300.000,300.000,325.000,325.000,-1,-1,-1,-1,675.000,725.000,-1,-1,2,0,2,0,2,0,0,0,0,2,2,2,2,0,0,2,2
88,-164.727,-11345.975,-85.122,-111.901,-0.372307,0.926422,-0.055948,-0.928019,-0.372437,0.008469,-0.012991,0.055074,0.998398,0,0.68215,0.68687,40.929,1.374,-1,375.000,-1,375.000,-1,300.000,300.000,325.000,325.000,-1,-1,-1,-1,700.000,725.000,-1,-1,2,0,2,0,2,0,0,0,0,2,2,2,2,0,0,2,2
89,-179.093,-11384.338,-85.295,-110.531,-0.350156,0.935059,-0.055272,-0.936633,-0.350183,0.009511,-0.010462,0.055100,0.998426,0,0.68274,0.68492,40.965,1.370,-1,375.000,-1,375.000,-1,300.000,300.000,325.000,325.000,-1,-1,-1,-1,700.000,725.000,-1,-1,2,0,2,0,2,0,0,0,0,2,2,2,2,0,0,2,2
90,-192.553,-11423.065,-85.415,-109.165,-0.327869,0.943142,-0.054630,-0.944690,-0.327793,0.010603,-0.007907,0.055085,0.998450,0,0.68333,0.68299,41.000,1.366,-1,375.000,-1,375.000,-1,300.000,300.000,325.000,325.000,-1,-1,-1,-1,700.000,750.000,-1,-1,2,0,2,0,2,0,0,0,0,2,2,2,2,0,0,2,2
91,-205.098,-11462.134,-85.543,-107.803,-0.305469,0.950659,-0.054180,-0.952188,-0.305278,0.011979,-0.005152,0.055249,0.998459,0,0.68391,0.68108,41.034,1.362,-1,375.000,-1,375.000,-1,300.000,300.000,325.000,325.000,-1,-1,825.000,-1,725.000,750.000,-1,-1,2,0,2,0,2,0,0,0,0,2,2,0,2,0,0,2,2
92,-216.723,-11501.522,-85.654,-106.445,-0.282966,0.957616,-0.053869,-0.959127,-0.282652,0.013525,-0.002275,0.055494,0.998456,0,0.68448,0.67918,41.069,1.358,-1,375.000,-1,375.000,-1,300.000,300.000,325.000,325.000,-1,875.000,725.000,-1,725.000,775.000,-1,-1,2,0,2,0,2,0,0,0,0,2,0,0,2,0,0,2,2
93,-227.423,-11541.207,-85.704,-105.090,-0.260369,0.964021,-0.053584,-0.965509,-0.259933,0.015065,0.000595,0.055659,0.998450,0,0.68504,0.67729,41.102,1.355,-1,375.000,-1,375.000,-1,300.000,300.000,325.000,325.000,-1,750.000,650.000,-1,750.000,775.000,-1,-1,2,0,2,0,2,0,0,0,0,2,0,0,2,0,0,2,2
94,-237.192,-11581.165,-85.693,-103.739,-0.237689,0.969877,-0.053323,-0.971335,-0.237134,0.016598,0.003453,0.055739,0.998439,0,0.68559,0.67541,41.135,1.351,-1,375.000,-1,375.000,-1,300.000,300.000,325.000,325.000,-1,675.000,625.000,-1,750.000,775.000,-1,-1,2,0,2,0,2,0,0,0,0,2,0,0,2,0,0,2,2
95,-246.801,-11624.584,-85.619,-102.479,-0.216419,0.974857,-0.053073,-0.976280,-0.215742,0.018236,0.006327,0.055761,0.998424,0,0.74117,0.63021,44.470,1.260,-1,375.000,-1,400.000,-1,300.000,300.000,325.000,325.000,-1,625.000,575.000,-1,775.000,800.000,-1,-1,2,0,2,0,2,0,0,0,0,2,0,0,2,0,0,2,2
96,-256.239,-11672.296,-85.469,-101.190,-0.194566,0.979466,-0.052824,-0.980845,-0.193760,0.020013,0.009366,0.055706,0.998403,0,0.81061,0.64444,48.636,1.289,-1,400.000,-1,400.000,-1,300.000,325.000,325.000,325.000,-1,600.000,550.000,-1,800.000,800.000,-1,-1,2,0,2,0,2,0,0,0,0,2,0,0,2,0,0,2,2
97,-264.753,-11721.078,-85.248,-99.901,-0.172608,0.983586,-0.052589,-0.984912,-0.171675,0.021809,0.012423,0.055560,0.998378,0,0.82534,0.64463,49.521,1.289,-1,400.000,-1,400.000,-1,325.000,325.000,325.000,325.000,-1,525.000,500.000,-1,775.000,825.000,-1,-1,2,0,2,0,2,0,0,0,0,2,0,0,2,1,0,2,2
98,-272.304,-11770.935,-84.893,-98.612,-0.150571,0.987197,-0.052636,-0.988481,-0.149516,0.023465,0.015295,0.055563,0.998338,0,0.84042,0.64419,50.425,1.288,-1,400.000,975.000,400.000,-1,325.000,325.000,325.000,325.000,-1,475.000,450.000,-1,750.000,825.000,-1,-1,2,0,1,0,2,0,0,0,0,2,0,0,2,1,1,2,2
99,-278.852,-11821.866,-84.527,-97.326,-0.128443,0.990325,-0.052532,-0.991567,-0.127322,0.024166,0.017244,0.055193,0.998327,0,0.85584,0.64309,51.351,1.286,-1,400.000,900.000,400.000,-1,325.000,325.000,325.000,325.000,-1,475.000,450.000,-1,725.000,800.000,-1,-1,2,0,1,0,2,0,0,0,0,2,0,0,2,1,1,2,2
100,-284.358,-11873.870,-83.901,-96.044,-0.106219,0.992988,-0.051884,-0.994186,-0.105130,0.023286,0.017668,0.054055,0.998382,0,0.87159,0.64129,52.295,1.283,-1,400.000,825.000,400.000,-1,325.000,325.000,325.000,325.000,-1,550.000,525.000,-1,675.000,750.000,-1,-1,2,0,1,0,2,0,0,0,0,2,0,0,2,1,1,2,2
101,-289.336,-11930.748,-83.208,-95.001,-0.088077,0.994788,-0.051381,-0.995963,-0.087049,0.021914,0.017327,0.053103,0.998439,0,0.95159,0.52129,57.095,1.043,-1,400.000,750.000,400.000,-1,325.000,325.000,325.000,325.000,-1,625.000,625.000,-1,650.000,700.000,-1,-1,2,0,1,0,2,0,0,0,0,2,0,0,2,1,1,2,2
102,-293.521,-11990.601,-82.414,-93.999,-0.070607,0.996211,-0.050775,-0.997362,-0.069646,0.020455,0.016841,0.052085,0.998501,0,1.00000,0.50092,60.000,1.002,-1,400.000,700.000,400.000,-1,325.000,325.000,325.000,325.000,-1,750.000,750.000,-1,600.000,650.000,-1,-1,2,0,1,0,2,0,0,0,0,2,0,0,2,1,1,2,2
103,-296.665,-12050.519,-81.557,-93.003,-0.053209,0.997327,-0.050077,-0.998450,-0.052316,0.018982,0.016311,0.051009,0.998565,0,1.00000,0.49816,60.000,0.996,-1,400.000,625.000,400.000,-1,325.000,325.000,325.000,325.000,-1,900.000,900.000,-1,550.000,575.000,-1,-1,2,0,1,0,2,0,0,0,0,2,0,0,2,1,1,2,2
104,-298.774,-12110.481,-80.639,-92.014,-0.035917,0.998139,-0.049275,-0.999231,-0.035092,0.017499,0.015737,0.049866,0.998632,0,1.00000,0.49462,60.000,0.989,-1,400.000,550.000,400.000,-1,325.000,300.000,325.000,325.000,-1,-1,-1,-1,500.000,525.000,-1,-1,2,1,1,0,2,0,0,0,0,2,2,2,2,1,1,2,2
105,-299.857,-12170.471,-79.663,-91.033,-0.018763,0.998654,-0.048359,-0.999710,-0.018008,0.016010,0.015117,0.048645,0.998702,0,1.00000,0.49024,60.000,0.980,-1,375.000,475.000,375.000,-1,325.000,300.000,325.000,325.000,-1,-1,-1,-1,475.000,475.000,-1,725.000,2,1,1,1,2,1,0,0,0,2,2,2,2,1,1,2,1
106,-299.924,-12230.471,-78.630,-90.063,-0.001786,0.998878,-0.047317,-0.999894,-0.001101,0.014518,0.014450,0.047338,0.998774,0,1.00000,0.48497,60.000,0.970,-1,325.000,425.000,325.000,-1,300.000,275.000,325.000,325.000,-1,-1,-1,-1,425.000,400.000,-1,550.000,2,1,1,1,2,1,1,0,0,2,2,2,2,1,1,2,1
107,-298.988,-12290.463,-77.545,-89.106,0.014976,0.998823,-0.046139,-0.999794,0.015593,0.013029,0.013733,0.045934,0.998850,0,1.00000,0.47875,60.000,0.958,-1,300.000,375.000,275.000,-1,250.000,250.000,325.000,325.000,-1,-1,-1,-1,375.000,350.000,-1,450.000,2,1,1,1,2,1,1,0,0,2,2,2,2,1,1,2,1
108,-297.065,-12350.432,-76.409,-88.163,0.031484,0.998499,-0.044816,-0.999420,0.032032,0.011549,0.012967,0.044427,0.998928,0,1.00000,0.47151,60.000,0.943,-1,250.000,325.000,225.000,-1,225.000,200.000,325.000,325.000,-1,-1,-1,-1,325.000,275.000,-1,350.000,2,1,1,1,2,1,1,0,0,2,2,2,2,1,1,2,1
109,-294.173,-12410.362,-75.225,-87.236,0.047694,0.997921,-0.043340,-0.998788,0.048173,0.010083,0.012150,0.042807,0.999009,0,1.00000,0.46317,60.000,0.926,-1,225.000,250.000,175.000,400.000,175.000,175.000,325.000,325.000,-1,-1,-1,-1,275.000,225.000,-1,275.000,2,1,1,1,1,1,1,0,0,2,2,2,2,1,1,2,1
110,-290.336,-12470.239,-71.679,-86.329,0.063399,0.997423,-0.033581,-0.997807,0.063992,0.016893,0.018999,0.032436,0.999293,0,1.00000,0.45360,60.000,0.907,-1,200.000,225.000,150.000,300.000,150.000,125.000,325.000,350.000,-1,-1,-1,-1,250.000,175.000,-1,200.000,2,1,1,1,1,1,1,0,0,2,2,2,2,1,1,2,1
111,-285.575,-12530.053,-59.627,-85.444,0.078633,0.996759,-0.017005,-0.995433,0.079432,0.052956,0.054135,0.012763,0.998452,0,1.00000,0.44268,60.000,0.885,-1,200.000,225.000,125.000,-1,150.000,125.000,325.000,450.000,-1,150.000,350.000,-1,275.000,150.000,-1,225.000,2,1,1,1,2,1,1,0,0,2,0,0,2,1,1,2,1
112,6231.354,-984.007,211.004,-158.427,-0.902967,0.362478,0.230784,-0.390001,-0.916793,-0.085970,0.180419,-0.167634,0.969200,1,0.00000,0.00000,60.000,0.861,-1,-1,-1,225.000,175.000,375.000,250.000,275.000,475.000,225.000,0.000,125.000,-1,-1,325.000,-1,150.000,2,2,2,1,1,1,1,0,1,0,0,0,2,2,1,2,1
113,1644.565,5576.131,-207.102,-171.491,-0.983264,0.147817,0.106501,-0.151725,-0.987982,-0.029531,0.100856,-0.045196,0.993874,1,-0.08000,0.12000,-4.800,0.240,-1,400.000,-1,350.000,-1,300.000,300.000,325.000,300.000,550.000,350.000,375.000,-1,850.000,675.000,-1,-1,2,0,2,0,2,0,0,0,0,1,1,1,2,0,0,2,2
114,1654.048,5577.630,-208.106,-171.011,-0.982043,0.156084,0.105965,-0.159991,-0.986681,-0.029374,0.099968,-0.045800,0.993936,0,-0.16000,0.24000,-9.600,0.480,-1,375.000,-1,350.000,-1,300.000,300.000,325.000,300.000,525.000,350.000,375.000,-1,825.000,675.000,-1,-1,2,0,2,0,2,0,0,0,0,1,1,1,2,0,0,2,2
115,1668.242,5580.058,-209.607,-170.291,-0.980081,0.168463,0.105176,-0.172369,-0.984601,-0.029160,0.098644,-0.046709,0.994026,0,-0.24000,0.36000,-14.400,0.720,-1,375.000,-1,350.000,-1,300.000,300.000,325.000,300.000,500.000,325.000,350.000,-1,825.000,675.000,-1,-1,2,0,2,0,2,0,0,0,0,1,1,1,2,0,0,2,2
116,1687.111,5583.612,-211.603,-169.331,-0.977217,0.184925,0.104158,-0.188834,-0.981583,-0.028916,0.096892,-0.047926,0.994140,0,-0.32000,0.48000,-19.200,0.960,-1,375.000,-1,350.000,-1,300.000,300.000,325.000,300.000,475.000,300.000,350.000,-1,825.000,675.000,-1,-1,2,0,2,0,2,0,0,0,0,1,1,1,2,0,0,2,2
117,1710.598,5588.548,-214.088,-168.131,-0.973244,0.205426,0.102939,-0.209341,-0.977422,-0.028677,0.094724,-0.049459,0.994274,0,-0.40000,0.60000,-24.000,1.200,-1,375.000,-1,350.000,-1,300.000,300.000,300.000,300.000,450.000,275.000,325.000,-1,825.000,675.000,-1,-1,2,0,2,0,2,0,0,0,0,1,1,1,2,0,0,2,2
118,1738.626,5595.176,-217.056,-166.691,-0.967900,0.229902,0.101563,-0.233832,-0.971860,-0.028488,0.092156,-0.051322,0.994421,0,-0.48000,0.72000,-28.800,1.440,-1,375.000,-1,350.000,-1,300.000,300.000,300.000,300.000,400.000,250.000,300.000,-1,800.000,650.000,-1,-1,2,0,2,0,2,0,0,0,0,1,1,1,2,0,0,2,2
119,1767.497,5602.905,-220.129,-165.011,-0.960857,0.258264,0.100269,-0.262236,-0.964584,-0.028461,0.089368,-0.053641,0.994553,0,-0.49812,0.84000,-29.887,1.680,-1,375.000,-1,350.000,-1,300.000,300.000,300.000,300.000,350.000,225.000,275.000,-1,775.000,650.000,-1,-1,2,0,2,0,2,0,0,0,0,1,1,1,2,0,0,2,2
120,1796.230,5611.638,-223.209,-163.091,-0.951758,0.290392,0.099146,-0.294438,-0.955242,-0.028633,0.086394,-0.056444,0.994661,0,-0.50050,0.96000,-30.030,1.920,-1,375.000,-1,350.000,-1,300.000,300.000,300.000,300.000,325.000,200.000,250.000,-1,775.000,650.000,-1,-1,2,0,2,0,2,0,0,0,0,1,1,1,2,0,0,2,2
121,1824.748,5621.404,-226.284,-161.091,-0.941120,0.323496,0.098202,-0.327633,-0.944361,-0.028964,0.083369,-0.059433,0.994745,0,-0.50237,1.00000,-30.142,2.000,-1,375.000,-1,350.000,-1,300.000,300.000,275.000,300.000,275.000,175.000,225.000,-1,750.000,650.000,-1,-1,2,0,2,0,2,0,0,0,0,1,1,1,2,0,0,2,2
122,1852.983,5632.189,-229.275,-159.091,-0.929305,0.356197,0.097553,-0.360413,-0.932339,-0.029080,0.080594,-0.062183,0.994805,0,-0.50374,1.00000,-30.224,2.000,-1,375.000,-1,350.000,-1,300.000,300.000,275.000,300.000,225.000,150.000,225.000,-1,750.000,625.000,-1,-1,2,0,2,0,2,0,0,0,0,1,1,1,2,0,0,2,2
123,1880.872,5643.974,-231.841,-157.091,-0.916264,0.388490,0.097652,-0.392672,-0.919275,-0.027255,0.079181,-0.063318,0.994847,0,-0.50460,1.00000,-30.276,2.000,-1,400.000,-1,350.000,-1,325.000,300.000,275.000,300.000,200.000,125.000,200.000,-1,775.000,650.000,-1,-1,2,0,2,0,2,0,0,0,0,1,1,1,2,0,0,2,2
124,1908.348,5656.738,-230.877,-155.091,-0.903533,0.420645,0.081759,-0.423295,-0.905823,-0.017497,0.066700,-0.050417,0.996498,0,-0.50488,1.00000,-30.293,2.000,-1,400.000,-1,350.000,-1,300.000,300.000,300.000,300.000,175.000,125.000,200.000,-1,775.000,600.000,-1,-1,2,0,2,0,2,0,0,0,0,1,1,1,2,0,0,2,2
125,1935.342,5670.445,-226.854,-153.091,-0.890335,0.452433,0.051077,-0.453134,-0.891439,-0.002438,0.044429,-0.025315,0.998692,0,-0.50453,1.00000,-30.272,2.000,-1,400.000,-1,325.000,525.000,300.000,275.000,375.000,275.000,175.000,125.000,225.000,-1,750.000,525.000,-1,575.000,2,0,2,0,0,0,0,0,0,1,1,1,2,0,0,2,0
126,1961.788,5685.051,-223.571,-151.091,-0.875087,0.483420,0.022972,-0.483349,-0.875382,0.008920,0.024422,-0.003298,0.999696,0,-0.50348,1.00000,-30.209,2.000,-1,400.000,-1,300.000,350.000,300.000,275.000,425.000,250.000,175.000,150.000,-1,-1,725.000,475.000,-1,400.000,2,0,2,0,0,0,0,0,0,1,1,2,2,0,0,2,0
127,1987.615,5700.512,-221.041,-149.091,-0.858017,0.513617,-0.002122,-0.513576,-0.857879,0.016835,0.006826,0.015535,0.999856,0,-0.50168,1.00000,-30.101,2.000,-1,400.000,-1,275.000,275.000,300.000,275.000,450.000,250.000,150.000,175.000,-1,-1,700.000,450.000,-1,300.000,2,0,2,0,0,0,0,1,0,1,1,2,2,0,0,2,0
128,2012.755,5716.777,-219.252,-147.091,-0.839363,0.543045,-0.023912,-0.543508,-0.839125,0.021639,-0.008314,0.031159,0.999480,0,-0.49905,1.00000,-29.943,2.000,-1,400.000,-1,275.000,225.000,300.000,250.000,425.000,225.000,150.000,250.000,-1,-1,700.000,425.000,-1,250.000,2,0,2,0,0,0,0,1,0,1,1,2,2,0,0,2,0
129,2037.141,5733.789,-218.195,-145.091,-0.819356,0.571735,-0.042130,-0.572901,-0.819283,0.023679,-0.020978,0.043538,0.998832,0,-0.49556,1.00000,-29.734,2.000,-1,400.000,-1,275.000,175.000,300.000,250.000,400.000,225.000,150.000,-1,-1,-1,675.000,400.000,-1,200.000,2,0,2,0,0,0,0,1,0,1,2,2,2,0,0,2,0
130,2060.707,5751.485,-217.720,-143.091,-0.798242,0.599731,-0.055967,-0.601549,-0.798500,0.023177,-0.030790,0.052168,0.998164,0,-0.49117,1.00000,-29.470,2.000,-1,400.000,-1,275.000,150.000,300.000,250.000,350.000,225.000,150.000,-1,-1,-1,675.000,375.000,-1,175.000,2,0,2,0,0,0,0,1,0,1,2,2,2,0,0,2,0
131,2083.391,5769.792,-217.850,-141.091,-0.776212,0.627057,-0.065537,-0.629328,-0.776865,0.020654,-0.037962,0.057276,0.997636,0,-0.48584,1.00000,-29.150,2.000,-1,375.000,-1,250.000,150.000,300.000,250.000,325.000,200.000,125.000,-1,-1,-1,675.000,375.000,-1,175.000,2,0,2,0,0,0,0,1,0,1,2,2,2,0,0,2,0
132,2105.137,5788.634,-218.646,-139.091,-0.753384,0.653710,-0.071248,-0.656182,-0.754419,0.016653,-0.042865,0.059298,0.997320,0,-0.47956,1.00000,-28.774,2.000,-1,375.000,-1,275.000,150.000,300.000,250.000,275.000,200.000,125.000,-1,-1,-1,700.000,375.000,-1,175.000,2,0,2,0,0,0,0,1,0,1,2,2,2,0,0,2,0
133,2125.895,5807.931,-220.067,-137.091,-0.729852,0.679677,-0.073172,-0.682081,-0.731185,0.011594,-0.045623,0.058371,0.997252,0,-0.47236,1.00000,-28.341,2.000,-1,375.000,-1,275.000,150.000,300.000,250.000,250.000,200.000,125.000,-1,-1,-1,700.000,375.000,-1,175.000,2,0,2,0,0,0,0,1,0,1,2,2,2,0,0,2,0
134,2145.622,5827.598,-222.067,-135.091,-0.705669,0.704929,-0.071456,-0.707022,-0.707167,0.005888,-0.046381,0.054676,0.997426,0,-0.46425,1.00000,-27.855,2.000,-1,375.000,-1,275.000,150.000,300.000,250.000,200.000,200.000,125.000,-1,-1,-1,675.000,400.000,-1,200.000,2,0,2,0,0,0,0,1,0,1,2,2,2,0,0,2,0
135,7542.980,-6887.135,374.267,59.058,0.497470,-0.835120,0.234729,0.864188,0.500651,-0.050286,-0.075523,0.227866,0.970759,1,0.00000,0.00000,-27.319,2.000,-1,500.000,-1,300.000,250.000,350.000,300.000,200.000,225.000,-1,-1,-1,-1,-1,500.000,-1,325.000,2,0,2,0,0,0,0,1,0,2,2,2,2,2,0,2,0
136,3604.460,8858.694,-345.294,131.077,-0.655340,-0.753117,0.057834,0.754370,-0.656449,-0.000243,0.038148,0.043469,0.998326,1,0.08000,-0.12000,4.800,-0.240,-1,400.000,-1,375.000,425.000,325.000,325.000,300.000,300.000,-1,-1,-1,-1,750.000,550.000,-1,500.000,2,0,2,0,1,0,0,0,0,2,2,2,2,0,1,2,1
