timestep,x_cm,y_cm,z_cm,yaw_deg,basis_xx,basis_xy,basis_xz,basis_yx,basis_yy,basis_yz,basis_zx,basis_zy,basis_zz,teleport_flag,throttle_cmd,steering_cmd,cmd_move_cm,cmd_turn_deg,lidar_cm_0,lidar_cm_1,lidar_cm_2,lidar_cm_3,lidar_cm_4,lidar_cm_5,lidar_cm_6,lidar_cm_7,lidar_cm_8,lidar_cm_9,lidar_cm_10,lidar_cm_11,lidar_cm_12,lidar_cm_13,lidar_cm_14,lidar_cm_15,lidar_cm_16,lidar_class_0,lidar_class_1,lidar_class_2,lidar_class_3,lidar_class_4,lidar_class_5,lidar_class_6,lidar_class_7,lidar_class_8,lidar_class_9,lidar_class_10,lidar_class_11,lidar_class_12,lidar_class_13,lidar_class_14,lidar_class_15,lidar_class_16
0,-8756.032,6106.089,232.715,-14.457,0.964506,0.249440,-0.086645,-0.252076,0.967484,-0.020776,0.078645,0.041880,0.996023,1,0.08000,-0.12000,4.800,-0.240,-1,325.000,-1,500.000,-1,300.000,350.000,425.000,275.000,-1,300.000,125.000,550.000,675.000,825.000,-1,-1,2,1,2,1,2,1,1,1,1,2,0,0,1,1,1,2,2
1,-8746.756,6103.617,233.319,-14.937,0.962160,0.257504,-0.089106,-0.260406,0.965238,-0.022447,0.080228,0.044801,0.995769,0,0.16000,-0.24000,9.600,-0.480,-1,325.000,-1,500.000,-1,300.000,350.000,450.000,275.000,-1,275.000,125.000,550.000,675.000,825.000,-1,-1,2,1,2,1,2,1,1,1,1,2,0,0,1,1,1,2,2
2,-8732.888,6099.734,234.227,-15.657,0.958494,0.269555,-0.092889,-0.272884,0.961722,-0.024982,0.082599,0.049293,0.995363,0,0.24000,-0.36000,14.400,-0.720,-1,350.000,-1,500.000,-1,325.000,375.000,450.000,275.000,-1,275.000,100.000,525.000,725.000,825.000,-1,-1,2,1,2,1,2,1,1,1,1,2,0,0,0,1,1,2,2
3,-8714.475,6094.289,235.425,-16.489,0.953995,0.283396,-0.097874,-0.287323,0.957413,-0.028379,0.085664,0.055195,0.994794,0,0.32000,-0.41577,19.200,-0.832,-1,375.000,-1,500.000,-1,325.000,375.000,475.000,275.000,-1,275.000,100.000,500.000,750.000,825.000,-1,-1,2,1,2,1,2,1,1,1,1,2,0,0,0,1,1,2,2
4,-8429.580,5710.777,238.616,76.469,0.231269,-0.971932,-0.043166,0.969615,0.233901,-0.071673,0.079758,-0.025278,0.996494,1,0.00000,0.00000,24.000,-0.788,-1,550.000,-1,275.000,-1,325.000,250.000,325.000,275.000,625.000,75.000,150.000,-1,-1,-1,-1,-1,2,1,2,1,2,1,1,0,1,0,0,0,2,2,2,2,2
5,-8858.976,-1642.641,127.453,-144.373,-0.813122,0.581778,0.019139,-0.581963,-0.811806,-0.047855,-0.012304,-0.050051,0.998671,1,0.08000,-0.12000,4.800,-0.240,-1,375.000,-1,400.000,-1,325.000,325.000,300.000,300.000,-1,-1,-1,-1,700.000,850.000,-1,-1,2,0,2,0,2,0,0,0,0,2,2,2,2,0,0,2,2
6,-8866.826,-1648.167,127.350,-144.853,-0.817960,0.574959,0.019080,-0.575153,-0.816654,-0.047696,-0.011841,-0.049987,0.998680,0,0.16000,-0.24000,9.600,-0.480,-1,375.000,-1,400.000,-1,325.000,325.000,300.000,300.000,-1,-1,-1,-1,700.000,850.000,-1,-1,2,0,2,0,2,0,0,0,0,2,2,2,2,0,0,2,2
7,-8878.673,-1656.353,127.202,-145.355,-0.822955,0.567789,0.019000,-0.567994,-0.821663,-0.047463,-0.011337,-0.049851,0.998692,0,0.24000,-0.25087,14.400,-0.502,-1,375.000,-1,400.000,-1,325.000,325.000,300.000,300.000,-1,975.000,-1,-1,700.000,875.000,-1,-1,2,0,2,0,2,0,0,0,0,2,0,2,2,0,0,2,2
8,-8894.563,-1667.131,127.033,-145.854,-0.827859,0.560615,0.018992,-0.560833,-0.826583,-0.047184,-0.010753,-0.049713,0.998706,0,0.32000,-0.24953,19.200,-0.499,-1,375.000,-1,400.000,-1,325.000,325.000,300.000,300.000,-1,1000.000,-1,-1,700.000,875.000,-1,-1,2,0,2,0,2,0,0,0,0,2,0,2,2,0,0,2,2
9,-8914.542,-1680.430,126.838,-146.349,-0.832665,0.553451,0.019007,-0.553685,-0.831408,-0.046844,-0.010123,-0.049529,0.998721,0,0.40000,-0.24772,24.000,-0.495,-1,375.000,-1,400.000,-1,325.000,325.000,300.000,300.000,-1,1000.000,-1,-1,725.000,875.000,-1,-1,2,0,2,0,2,0,0,0,0,2,0,2,2,0,0,2,2
10,-8938.652,-1696.182,126.621,-146.840,-0.837364,0.546314,0.019044,-0.546564,-0.836129,-0.046441,-0.009448,-0.049296,0.998740,0,0.48000,-0.24546,28.800,-0.491,-1,375.000,-1,400.000,-1,325.000,325.000,300.000,300.000,-1,-1,-1,-1,725.000,875.000,-1,-1,2,0,2,0,2,0,0,0,0,2,2,2,2,0,0,2,2
11,-8966.935,-1714.322,126.390,-147.325,-0.841950,0.539218,0.019106,-0.539486,-0.840739,-0.045973,-0.008726,-0.049014,0.998760,0,0.56000,-0.24271,33.600,-0.485,-1,375.000,-1,400.000,-1,325.000,325.000,300.000,300.000,-1,-1,-1,-1,725.000,900.000,-1,-1,2,0,2,0,2,0,0,0,0,2,2,2,2,0,0,2,2
12,-8999.431,-1734.782,126.144,-147.804,-0.846413,0.532181,0.019199,-0.532468,-0.845231,-0.045415,-0.007941,-0.048663,0.998784,0,0.64000,-0.23946,38.400,-0.479,-1,375.000,-1,400.000,-1,325.000,325.000,300.000,300.000,-1,-1,-1,-1,750.000,900.000,-1,-1,2,0,2,0,2,0,0,0,0,2,2,2,2,0,0,2,2
13,-9036.176,-1757.497,125.863,-148.276,-0.850745,0.525222,0.019347,-0.525532,-0.849603,-0.044629,-0.007003,-0.048135,0.998816,0,0.72000,-0.23569,43.200,-0.471,-1,375.000,-1,425.000,-1,325.000,325.000,300.000,300.000,-1,-1,-1,-1,750.000,925.000,-1,-1,2,0,2,0,2,0,0,0,0,2,2,2,2,0,0,2,2
14,-9076.419,-1781.928,125.592,-148.738,-0.854941,0.518358,0.019533,-0.518691,-0.853840,-0.043787,-0.006019,-0.047567,0.998850,0,0.78463,-0.23137,47.078,-0.463,-1,375.000,-1,425.000,-1,325.000,325.000,300.000,300.000,-1,-1,-1,-1,775.000,950.000,-1,-1,2,0,2,0,2,0,0,0,0,2,2,2,2,0,0,2,2
15,-9116.916,-1806.076,125.236,-149.192,-0.859001,0.511613,0.019208,-0.511945,-0.857953,-0.042758,-0.005396,-0.046562,0.998901,0,0.78583,-0.22656,47.150,-0.453,-1,400.000,-1,425.000,-1,325.000,325.000,300.000,300.000,-1,-1,-1,-1,775.000,975.000,-1,-1,2,0,2,0,2,0,0,0,0,2,2,2,2,0,0,2,2
16,-9157.673,-1829.953,124.574,-149.635,-0.862937,0.505012,0.017397,-0.505279,-0.861974,-0.041154,-0.005788,-0.044303,0.999001,0,0.78725,-0.22164,47.235,-0.443,-1,400.000,-1,425.000,-1,325.000,325.000,300.000,300.000,-1,-1,-1,-1,775.000,975.000,-1,-1,2,0,2,0,2,0,0,0,0,2,2,2,2,0,0,2,2
17,-9198.693,-1853.570,123.942,-150.068,-0.866733,0.498529,0.015598,-0.498734,-0.865853,-0.039524,-0.006198,-0.042036,0.999097,0,0.78888,-0.21663,47.333,-0.433,-1,400.000,-1,425.000,-1,325.000,325.000,300.000,300.000,-1,-1,-1,-1,800.000,1000.000,-1,-1,2,0,2,0,2,0,0,0,0,2,2,2,2,0,0,2,2
18,-9239.982,-1876.937,123.339,-150.491,-0.870390,0.492169,0.013812,-0.492318,-0.869591,-0.037870,-0.006627,-0.039762,0.999187,0,0.79071,-0.21151,47.443,-0.423,-1,400.000,-1,425.000,-1,325.000,350.000,300.000,300.000,-1,-1,-1,-1,800.000,1000.000,-1,-1,2,0,2,0,2,0,0,0,0,2,2,2,2,0,0,2,2
19,-9281.545,-1900.065,122.766,-150.904,-0.873911,0.485937,0.012035,-0.486034,-0.873190,-0.036190,-0.007077,-0.037476,0.999272,0,0.79273,-0.20630,47.564,-0.413,-1,400.000,-1,425.000,-1,325.000,350.000,300.000,300.000,-1,-1,-1,-1,800.000,1000.000,-1,-1,2,0,2,0,2,0,0,0,0,2,2,2,2,0,0,2,2
20,-9323.384,-1922.965,122.268,-151.306,-0.877294,0.479842,0.010290,-0.479895,-0.876657,-0.034250,-0.007414,-0.034986,0.999360,0,0.79494,-0.20099,47.696,-0.402,-1,400.000,-1,425.000,-1,325.000,350.000,300.000,300.000,-1,-1,-1,-1,800.000,1000.000,-1,-1,2,0,2,0,2,0,0,0,0,2,2,2,2,0,0,2,2
21,-9361.241,-1943.138,121.744,-151.948,-0.882614,0.470019,0.008652,-0.470032,-0.882032,-0.032997,-0.007878,-0.033191,0.999418,0,0.71494,-0.32099,42.896,-0.642,-1,400.000,-1,425.000,-1,325.000,350.000,300.000,300.000,-1,-1,-1,-1,800.000,1000.000,-1,-1,2,0,2,0,2,0,0,0,0,2,2,2,2,0,0,2,2
22,-9396.144,-1961.052,120.966,-152.830,-0.889753,0.456390,0.006842,-0.456349,-0.889171,-0.033480,-0.009196,-0.032911,0.999416,0,0.65387,-0.44099,39.232,-0.882,-1,400.000,-1,425.000,-1,325.000,350.000,300.000,300.000,-1,-1,-1,-1,800.000,1000.000,-1,-1,2,0,2,0,2,0,0,0,0,2,2,2,2,0,0,2,2
23,-9431.529,-1978.348,120.208,-153.952,-0.898525,0.438895,0.004979,-0.438799,-0.897944,-0.033947,-0.010428,-0.032687,0.999411,0,0.65643,-0.56099,39.386,-1.122,-1,400.000,-1,425.000,-1,325.000,350.000,300.000,300.000,-1,-1,-1,-1,800.000,975.000,-1,-1,2,0,2,0,2,0,0,0,0,2,2,2,2,0,0,2,2
24,-9467.465,-1994.866,119.476,-155.314,-0.908704,0.417431,0.003045,-0.417281,-0.908127,-0.034375,-0.011584,-0.032507,0.999404,0,0.65917,-0.68099,39.550,-1.362,-1,400.000,-1,425.000,-1,325.000,350.000,300.000,300.000,-1,-1,-1,-1,800.000,975.000,-1,-1,2,0,2,0,2,0,0,0,0,2,2,2,2,0,0,2,2
25,-9504.008,-2010.442,118.835,-156.916,-0.920016,0.391879,0.000955,-0.391670,-0.919440,-0.034997,-0.012837,-0.032572,0.999387,0,0.66206,-0.80099,39.724,-1.602,-1,400.000,-1,425.000,-1,325.000,325.000,300.000,300.000,-1,-1,-1,-1,800.000,975.000,-1,-1,2,0,2,0,2,0,0,0,0,2,2,2,2,0,0,2,2
26,-9541.200,-2024.899,118.237,-158.758,-0.932130,0.362122,-0.001253,-0.361852,-0.931558,-0.035537,-0.014036,-0.032672,0.999368,0,0.66505,-0.92099,39.903,-1.842,-1,400.000,-1,425.000,-1,325.000,325.000,300.000,300.000,-1,-1,-1,-1,800.000,950.000,-1,-1,2,0,2,0,2,0,0,0,0,2,2,2,2,0,0,2,2
27,-9579.031,-2038.154,117.692,-160.691,-0.943803,0.330490,-0.003578,-0.330157,-0.943241,-0.035947,-0.015255,-0.032746,0.999347,0,0.66809,-0.96658,40.085,-1.933,-1,400.000,-1,425.000,-1,325.000,325.000,275.000,300.000,-1,-1,-1,-1,800.000,950.000,-1,-1,2,0,2,0,2,0,0,0,0,2,2,2,2,0,0,2,2
28,-9617.456,-2050.185,117.204,-162.615,-0.954351,0.298626,-0.006012,-0.298228,-0.953807,-0.036215,-0.016549,-0.032769,0.999326,0,0.67107,-0.96226,40.264,-1.925,-1,400.000,-1,425.000,-1,325.000,325.000,275.000,300.000,-1,-1,-1,-1,800.000,950.000,-1,-1,2,0,2,0,2,0,0,0,0,2,2,2,2,0,0,2,2
29,-9656.428,-2060.970,116.774,-164.531,-0.963778,0.266569,-0.008547,-0.266104,-0.963259,-0.036334,-0.017918,-0.032743,0.999303,0,0.67393,-0.95801,40.436,-1.916,-1,400.000,-1,425.000,-1,325.000,325.000,275.000,300.000,-1,-1,-1,-1,800.000,925.000,-1,-1,2,0,2,0,2,0,0,0,0,2,2,2,2,0,0,2,2
30,-9695.896,-2070.490,116.401,-166.439,-0.972087,0.234356,-0.011173,-0.233822,-0.971601,-0.036300,-0.019363,-0.032674,0.999278,0,0.67667,-0.95383,40.600,-1.908,-1,400.000,-1,425.000,-1,325.000,325.000,275.000,300.000,-1,-1,-1,-1,800.000,925.000,-1,-1,2,0,2,0,2,0,0,0,0,2,2,2,2,0,0,2,2
31,-9735.812,-2078.728,116.083,-168.338,-0.979282,0.202024,-0.013880,-0.201421,-0.978839,-0.036109,-0.020881,-0.032565,0.999251,0,0.67928,-0.94971,40.757,-1.899,-1,400.000,-1,425.000,-1,325.000,325.000,300.000,300.000,-1,-1,-1,-1,800.000,900.000,-1,-1,2,0,2,0,2,0,0,0,0,2,2,2,2,0,0,2,2
32,-9779.150,-2086.265,115.811,-170.135,-0.985085,0.171242,-0.016864,-0.170562,-0.984698,-0.035766,-0.022731,-0.032356,0.999218,0,0.73314,-0.89820,43.989,-1.796,-1,400.000,-1,425.000,-1,325.000,350.000,300.000,300.000,-1,-1,-1,-1,800.000,875.000,-1,-1,2,0,2,0,2,0,0,0,0,2,2,2,2,0,0,2,2
33,-9822.997,-2092.485,115.217,-171.925,-0.989903,0.140399,-0.019484,-0.139700,-0.989626,-0.033521,-0.023988,-0.030460,0.999248,0,0.73808,-0.89528,44.285,-1.791,-1,400.000,-1,425.000,-1,325.000,350.000,300.000,300.000,-1,-1,-1,-1,800.000,875.000,-1,-1,2,0,2,0,2,0,0,0,0,2,2,2,2,1,0,2,2
34,-9867.296,-2097.368,114.356,-173.709,-0.993740,0.109533,-0.022001,-0.108835,-0.993584,-0.030743,-0.025227,-0.028156,0.999285,0,0.74280,-0.89190,44.568,-1.784,-1,400.000,-1,425.000,-1,325.000,325.000,300.000,300.000,-1,-1,-1,-1,775.000,850.000,-1,-1,2,0,2,0,2,0,0,0,0,2,2,2,2,1,0,2,2
35,-9911.992,-2100.897,112.806,-175.485,-0.996622,0.078683,-0.023518,-0.077948,-0.996484,-0.030710,-0.025852,-0.028773,0.999252,0,0.74725,-0.88806,44.835,-1.776,-1,400.000,-1,425.000,-1,325.000,325.000,300.000,300.000,-1,-1,-1,-1,775.000,850.000,-1,-1,2,0,2,0,2,0,0,0,0,2,2,2,2,1,0,2,2
36,-9957.024,-2103.058,111.254,-177.253,-0.998534,0.047910,-0.025177,-0.047129,-0.998415,-0.030755,-0.026610,-0.029523,0.999210,0,0.75139,-0.88375,45.083,-1.767,975.000,400.000,-1,425.000,-1,325.000,325.000,300.000,300.000,-1,-1,-1,-1,750.000,825.000,975.000,-1,1,0,2,0,2,0,0,0,0,2,2,2,2,1,0,1,2
37,-10002.328,-2103.841,109.735,-179.011,-0.999490,0.017259,-0.026879,-0.016431,-0.999393,-0.030730,-0.027393,-0.030273,0.999166,0,0.75517,-0.87896,45.310,-1.758,900.000,400.000,-1,425.000,-1,325.000,325.000,300.000,300.000,-1,-1,-1,-1,725.000,825.000,950.000,-1,1,0,2,0,2,0,0,0,0,2,2,2,2,1,0,1,2
38,-10047.837,-2103.239,108.249,-180.758,-0.999503,-0.013223,-0.028620,0.014099,-0.999431,-0.030637,-0.028199,-0.031026,0.999121,0,0.75854,-0.87368,45.513,-1.747,850.000,400.000,-1,400.000,-1,325.000,325.000,300.000,300.000,-1,-1,-1,-1,725.000,800.000,925.000,-1,1,0,2,0,2,0,0,0,0,2,2,2,2,1,0,1,2
39,-10093.481,-2101.252,106.796,-182.494,-0.998591,-0.043491,-0.030398,0.044416,-0.998548,-0.030481,-0.029028,-0.031788,0.999073,0,0.76145,-0.86793,45.687,-1.736,800.000,400.000,-1,400.000,-1,325.000,325.000,275.000,300.000,-1,-1,-1,-1,725.000,800.000,900.000,-1,1,0,2,0,2,0,0,0,0,2,2,2,2,1,0,1,2
40,-10139.189,-2097.882,105.376,-184.217,-0.996775,-0.073500,-0.032208,0.074477,-0.996763,-0.030263,-0.029879,-0.032564,0.999023,0,0.76386,-0.86170,45.831,-1.723,750.000,400.000,-1,400.000,-1,325.000,325.000,275.000,300.000,-1,-1,-1,-1,725.000,775.000,900.000,-1,1,0,2,0,2,0,0,0,0,2,2,2,2,1,0,1,2
41,-10184.885,-2093.138,103.991,-185.927,-0.994077,-0.103208,-0.034047,0.104238,-0.994100,-0.029987,-0.030751,-0.033359,0.998970,0,0.76570,-0.85500,45.942,-1.710,725.000,400.000,-1,400.000,-1,325.000,325.000,275.000,300.000,-1,-1,-1,-1,750.000,775.000,925.000,-1,1,0,2,0,2,0,0,0,0,2,2,2,2,1,0,1,2
42,-10230.494,-2087.034,102.639,-187.623,-0.990522,-0.132576,-0.035911,0.133659,-0.990583,-0.029658,-0.031641,-0.034177,0.998915,0,0.76693,-0.84784,46.016,-1.696,700.000,400.000,-1,400.000,-1,325.000,325.000,300.000,300.000,-1,-1,-1,-1,750.000,750.000,950.000,-1,1,0,2,0,2,0,0,0,0,2,2,2,2,0,0,1,2
43,-10279.344,-2079.229,101.224,-189.079,-0.986761,-0.157694,-0.037877,0.158834,-0.986872,-0.029244,-0.032768,-0.034873,0.998854,0,0.82449,-0.72784,49.469,-1.456,675.000,400.000,-1,400.000,-1,325.000,325.000,300.000,300.000,-1,-1,-1,-1,725.000,750.000,-1,-1,1,0,2,0,2,0,0,0,0,2,2,2,2,0,0,2,2
44,-10328.034,-2070.386,99.900,-190.294,-0.983127,-0.178594,-0.039567,0.179774,-0.983293,-0.028575,-0.033803,-0.035205,0.998808,0,0.82476,-0.60784,49.486,-1.216,675.000,400.000,-1,400.000,-1,325.000,325.000,300.000,300.000,-1,-1,-1,-1,725.000,725.000,-1,-1,1,0,2,0,2,0,0,0,0,2,2,2,2,0,0,2,2
45,-10376.556,-2060.717,98.596,-191.270,-0.979875,-0.195310,-0.041227,0.196529,-0.980101,-0.027903,-0.034957,-0.035444,0.998760,0,0.82461,-0.48784,49.476,-0.976,650.000,375.000,-1,375.000,-1,325.000,325.000,300.000,300.000,-1,-1,-1,-1,725.000,725.000,-1,-1,1,0,2,0,2,0,0,0,0,2,2,2,2,0,0,2,2
46,-10424.921,-2050.432,97.298,-192.006,-0.977216,-0.207876,-0.042848,0.209134,-0.977506,-0.027280,-0.036213,-0.035620,0.998709,0,0.82409,-0.36784,49.446,-0.736,650.000,375.000,-1,375.000,-1,325.000,325.000,300.000,300.000,-1,-1,-1,-1,700.000,725.000,-1,-1,1,0,2,0,2,0,0,0,0,2,2,2,2,0,0,2,2
47,-10473.147,-2039.739,95.839,-192.501,-0.975360,-0.216319,-0.043355,0.217610,-0.975645,-0.027610,-0.036327,-0.036365,0.998678,0,0.82328,-0.24784,49.397,-0.496,650.000,375.000,-1,375.000,-1,300.000,300.000,300.000,300.000,-1,-1,-1,-1,700.000,700.000,-1,-1,1,0,2,0,2,0,0,0,0,2,2,2,2,0,0,2,2
48,-10521.247,-2028.772,94.488,-192.844,-0.974042,-0.222156,-0.043454,0.223453,-0.974323,-0.027630,-0.036200,-0.036623,0.998673,0,0.82225,-0.17157,49.335,-0.343,650.000,375.000,-1,375.000,-1,300.000,300.000,300.000,300.000,-1,-1,-1,-1,700.000,700.000,-1,-1,1,0,2,0,2,0,0,0,0,2,2,2,2,0,0,2,2
49,-10569.206,-2017.548,92.973,-193.172,-0.972786,-0.227729,-0.042739,0.228987,-0.973049,-0.027226,-0.035387,-0.036272,0.998715,0,0.82091,-0.16388,49.255,-0.328,675.000,375.000,-1,375.000,-1,300.000,300.000,300.000,300.000,-1,-1,-1,-1,700.000,700.000,-1,-1,1,0,2,0,2,0,0,0,0,2,2,2,2,0,0,2,2
50,-10616.994,-2006.088,91.580,-193.484,-0.971590,-0.233024,-0.041380,0.234242,-0.971791,-0.027457,-0.033815,-0.036370,0.998766,0,0.81906,-0.15602,49.143,-0.312,725.000,375.000,-1,375.000,-1,300.000,300.000,300.000,300.000,-1,-1,-1,-1,700.000,725.000,-1,-1,1,0,2,0,2,0,0,0,0,2,2,2,2,0,0,2,2
51,-10664.585,-1994.416,90.193,-193.780,-0.970430,-0.238041,-0.040024,0.239219,-0.970570,-0.027721,-0.032248,-0.036476,0.998814,0,0.81668,-0.14802,49.001,-0.296,775.000,375.000,-1,375.000,-1,300.000,325.000,300.000,300.000,-1,-1,-1,-1,700.000,725.000,-1,-1,1,0,2,0,2,0,0,1,0,2,2,2,2,0,0,2,2
52,-10711.950,-1982.554,88.812,-194.060,-0.969311,-0.242777,-0.038673,0.243915,-0.969392,-0.028018,-0.030687,-0.036591,0.998859,0,0.81380,-0.13989,48.828,-0.280,825.000,375.000,-1,375.000,-1,300.000,325.000,275.000,300.000,-1,-1,-1,-1,700.000,725.000,-1,-1,1,0,2,0,2,0,0,1,0,2,2,2,2,0,0,2,2
53,-10759.064,-1970.524,87.437,-194.324,-0.968238,-0.247230,-0.037325,0.248328,-0.968261,-0.028346,-0.029133,-0.036715,0.998901,0,0.81042,-0.13170,48.625,-0.263,875.000,375.000,-1,375.000,-1,325.000,325.000,275.000,300.000,-1,-1,-1,-1,700.000,750.000,-1,-1,1,0,2,0,2,0,0,1,0,2,2,2,2,0,0,2,2
54,-10805.901,-1958.350,86.069,-194.570,-0.967214,-0.251399,-0.035982,0.252459,-0.967182,-0.028707,-0.027584,-0.036850,0.998940,0,0.80657,-0.12347,48.394,-0.247,925.000,375.000,-1,375.000,-1,325.000,325.000,275.000,300.000,-1,-1,-1,-1,725.000,750.000,-1,-1,1,0,2,0,2,0,0,1,0,2,2,2,2,0,0,2,2
55,-10852.439,-1946.051,84.755,-194.803,-0.966234,-0.255323,-0.034667,0.256343,-0.966149,-0.029046,-0.026077,-0.036952,0.998977,0,0.80227,-0.11632,48.136,-0.233,1000.000,375.000,-1,400.000,-1,325.000,325.000,275.000,300.000,-1,-1,-1,-1,725.000,750.000,-1,-1,1,0,2,0,2,0,0,1,0,2,2,2,2,0,0,2,2
56,-10898.656,-1933.640,83.465,-195.031,-0.965256,-0.259162,-0.033413,0.260141,-0.965126,-0.029285,-0.024658,-0.036960,0.999013,0,0.79756,-0.11388,47.854,-0.228,-1,375.000,-1,400.000,-1,325.000,325.000,250.000,300.000,-1,-1,-1,-1,725.000,775.000,-1,-1,2,0,2,0,2,0,0,1,0,2,2,2,2,0,0,2,2
57,-10944.529,-1921.130,82.179,-195.254,-0.964279,-0.262926,-0.032183,0.263864,-0.964108,-0.029507,-0.023270,-0.036945,0.999046,0,0.79247,-0.11178,47.548,-0.224,-1,375.000,-1,400.000,-1,325.000,325.000,250.000,300.000,-1,-1,-1,-1,725.000,775.000,-1,-1,2,0,2,0,2,0,0,1,0,2,2,2,2,0,0,2,2
58,-10990.040,-1908.530,80.899,-195.474,-0.963302,-0.266627,-0.030977,0.267525,-0.963093,-0.029712,-0.021912,-0.036909,0.999078,0,0.78705,-0.11002,47.223,-0.220,-1,375.000,-1,400.000,-1,325.000,325.000,250.000,300.000,-1,-1,-1,-1,725.000,775.000,-1,-1,2,0,2,0,2,0,0,1,0,2,2,2,2,0,0,2,2
59,-11035.174,-1895.851,79.624,-195.692,-0.962322,-0.270276,-0.029796,0.271133,-0.962077,-0.029900,-0.020585,-0.036852,0.999109,0,0.78136,-0.10859,46.881,-0.217,-1,400.000,-1,400.000,-1,325.000,325.000,250.000,300.000,-1,-1,-1,-1,750.000,800.000,-1,-1,2,0,2,0,2,0,0,1,0,2,2,2,2,0,0,2,2
60,-11079.920,-1883.099,78.459,-195.907,-0.961329,-0.273889,-0.028846,0.274704,-0.961074,-0.029577,-0.019622,-0.036357,0.999146,0,0.77545,-0.10750,46.527,-0.215,-1,400.000,-1,400.000,-1,325.000,325.000,275.000,300.000,-1,-1,-1,-1,750.000,800.000,-1,-1,2,0,2,0,2,0,0,1,0,2,2,2,2,0,0,2,2
61,-11124.269,-1870.281,77.417,-196.120,-0.960323,-0.277479,-0.028038,0.278247,-0.960081,-0.028708,-0.018953,-0.035371,0.999195,0,0.76940,-0.10675,46.164,-0.214,-1,400.000,-1,400.000,-1,325.000,325.000,275.000,300.000,-1,-1,-1,-1,750.000,800.000,-1,-1,2,0,2,0,2,0,0,1,0,2,2,2,2,0,0,2,2
62,-11168.217,-1857.401,76.384,-196.333,-0.959307,-0.281050,-0.027221,0.281772,-0.959078,-0.027812,-0.018290,-0.034351,0.999242,0,0.76328,-0.10634,45.797,-0.213,-1,400.000,-1,400.000,-1,325.000,325.000,275.000,300.000,-1,750.000,675.000,-1,775.000,800.000,-1,-1,2,0,2,0,2,0,0,1,0,2,0,0,2,0,0,2,2
63,-11211.765,-1844.464,75.414,-196.545,-0.958272,-0.284613,-0.026653,0.285302,-0.958055,-0.027070,-0.017831,-0.033545,0.999278,0,0.75715,-0.10625,45.429,-0.212,-1,400.000,-1,400.000,-1,325.000,325.000,275.000,300.000,-1,750.000,700.000,-1,775.000,800.000,-1,-1,2,0,2,0,2,0,0,1,0,2,0,0,2,0,0,2,2
64,-11254.915,-1831.470,74.595,-196.758,-0.957206,-0.288175,-0.026671,0.288857,-0.957000,-0.026713,-0.017826,-0.033274,0.999287,0,0.75108,-0.10649,45.065,-0.213,-1,400.000,-1,400.000,-1,325.000,325.000,275.000,300.000,-1,825.000,750.000,-1,775.000,825.000,-1,-1,2,0,2,0,2,0,0,1,0,2,0,0,2,0,0,2,2
65,-11297.676,-1818.419,73.776,-196.972,-0.956121,-0.291751,-0.026703,0.292427,-0.955925,-0.026338,-0.017842,-0.032991,0.999296,0,0.74513,-0.10703,44.708,-0.214,-1,400.000,-1,400.000,-1,325.000,325.000,300.000,300.000,-1,875.000,800.000,-1,800.000,825.000,-1,-1,2,0,2,0,2,0,0,1,0,2,0,0,2,0,0,2,2
66,-11340.056,-1805.310,72.957,-197.188,-0.955014,-0.295352,-0.026751,0.296021,-0.954829,-0.025939,-0.017881,-0.032691,0.999306,0,0.73936,-0.10789,44.362,-0.216,-1,400.000,-1,400.000,-1,325.000,325.000,300.000,300.000,-1,-1,850.000,-1,800.000,850.000,-1,-1,2,0,2,0,2,0,0,1,0,2,2,0,2,0,0,2,2
67,-11382.070,-1792.139,72.138,-197.406,-0.953880,-0.298987,-0.026814,0.299650,-0.953708,-0.025517,-0.017944,-0.032375,0.999315,0,0.73382,-0.10903,44.029,-0.218,-1,400.000,-1,400.000,-1,325.000,325.000,300.000,300.000,-1,-1,900.000,-1,800.000,850.000,-1,-1,2,0,2,0,2,0,0,1,0,2,2,0,2,0,0,2,2
68,-11423.731,-1778.901,71.317,-197.627,-0.952717,-0.302665,-0.026893,0.303322,-0.952558,-0.025072,-0.018029,-0.032044,0.999324,0,0.72856,-0.11046,43.714,-0.221,-1,400.000,-1,400.000,-1,325.000,325.000,300.000,300.000,-1,-1,975.000,-1,800.000,850.000,-1,-1,2,0,2,0,2,0,0,0,0,2,2,0,2,0,0,2,2
69,-11465.057,-1765.592,70.512,-197.851,-0.951520,-0.306395,-0.027048,0.307049,-0.951375,-0.024642,-0.018182,-0.031753,0.999330,0,0.72361,-0.11216,43.416,-0.224,-1,400.000,-1,400.000,-1,325.000,325.000,300.000,300.000,-1,-1,-1,-1,825.000,875.000,-1,-1,2,0,2,0,2,0,0,0,0,2,2,2,2,0,0,2,2
70,-11506.067,-1752.204,69.704,-198.080,-0.950286,-0.310185,-0.027217,0.310836,-0.950156,-0.024188,-0.018357,-0.031445,0.999337,0,0.71900,-0.11411,43.140,-0.228,-1,400.000,-1,400.000,-1,325.000,325.000,300.000,300.000,-1,-1,-1,-1,825.000,875.000,-1,-1,2,0,2,0,2,0,0,0,0,2,2,2,2,0,0,2,2
71,-11546.780,-1738.729,68.891,-198.312,-0.949014,-0.314044,-0.027381,0.314690,-0.948899,-0.023697,-0.018540,-0.031105,0.999344,0,0.71475,-0.11631,42.885,-0.233,-1,400.000,-1,400.000,-1,325.000,325.000,300.000,300.000,-1,-1,-1,-1,825.000,875.000,-1,-1,2,0,2,0,2,0,0,0,0,2,2,2,2,0,0,2,2
72,-11592.052,-1723.752,67.969,-198.305,-0.949047,-0.313927,-0.027574,0.314567,-0.948954,-0.023110,-0.018912,-0.030606,0.999353,0,0.79475,0.00369,47.685,0.007,-1,400.000,-1,400.000,-1,325.000,325.000,300.000,300.000,-1,-1,-1,-1,825.000,900.000,-1,-1,2,0,2,0,2,0,0,0,0,2,2,2,2,0,0,2,2
73,-11639.990,-1708.037,66.969,-198.151,-0.949881,-0.311376,-0.027776,0.312010,-0.949814,-0.022439,-0.019396,-0.029981,0.999362,0,0.84082,0.07715,50.449,0.154,-1,400.000,-1,400.000,-1,325.000,325.000,300.000,300.000,-1,-1,-1,-1,850.000,900.000,-1,-1,2,0,2,0,2,0,0,0,0,2,2,2,2,0,0,2,2
74,-11687.811,-1692.496,65.944,-198.003,-0.950672,-0.308935,-0.027967,0.309561,-0.950632,-0.021716,-0.019878,-0.029302,0.999373,0,0.83805,0.07377,50.283,0.148,-1,400.000,-1,425.000,-1,325.000,325.000,300.000,300.000,-1,-1,-1,-1,850.000,900.000,-1,-1,2,0,2,0,2,0,0,0,0,2,2,2,2,0,0,2,2
75,-11735.538,-1677.114,64.913,-197.863,-0.951417,-0.306613,-0.028182,0.307228,-0.951408,-0.020852,-0.020419,-0.028497,0.999385,0,0.83573,0.07016,50.144,0.140,-1,400.000,-1,425.000,-1,325.000,325.000,300.000,300.000,-1,-1,-1,-1,850.000,925.000,-1,-1,2,0,2,0,2,0,0,0,0,2,2,2,2,0,0,2,2
76,-11783.193,-1661.878,63.645,-197.730,-0.952089,-0.304410,-0.029350,0.305051,-0.952114,-0.020548,-0.021689,-0.028517,0.999358,0,0.83385,0.06632,50.031,0.133,-1,400.000,-1,425.000,-1,325.000,325.000,300.000,300.000,825.000,-1,-1,-1,850.000,925.000,-1,-1,2,0,2,0,2,0,0,0,0,1,2,2,2,0,0,2,2
77,-11830.798,-1646.772,62.310,-197.606,-0.952707,-0.302338,-0.030682,0.303013,-0.952770,-0.020324,-0.023088,-0.028660,0.999323,0,0.83242,0.06227,49.945,0.125,-1,400.000,-1,425.000,-1,325.000,325.000,300.000,300.000,775.000,-1,-1,-1,850.000,-1,-1,-1,2,0,2,0,2,0,0,0,0,1,2,2,2,0,2,2,2
78,-11881.316,-1630.858,60.863,-197.486,-0.953291,-0.300344,-0.032096,0.301053,-0.953397,-0.020053,-0.024578,-0.028779,0.999284,0,0.88274,0.05991,52.964,0.120,-1,400.000,-1,425.000,-1,325.000,325.000,300.000,300.000,775.000,-1,-1,-1,850.000,-1,-1,-1,2,0,2,0,2,0,0,0,0,1,2,2,2,0,2,2,2
79,-11931.630,-1615.121,59.212,-197.368,-0.953848,-0.298382,-0.033808,0.299111,-0.954030,-0.018962,-0.026596,-0.028199,0.999248,0,0.87864,0.05909,52.718,0.118,-1,400.000,-1,425.000,-1,325.000,325.000,300.000,300.000,750.000,-1,-1,-1,875.000,-1,-1,-1,2,0,2,0,2,0,0,0,0,1,2,2,2,1,2,2,2
80,-11981.751,-1599.557,57.450,-197.252,-0.954380,-0.296459,-0.035656,0.297197,-0.954656,-0.017464,-0.028862,-0.027264,0.999212,0,0.87469,0.05796,52.482,0.116,-1,400.000,-1,425.000,-1,325.000,325.000,300.000,300.000,775.000,-1,-1,-1,925.000,-1,-1,-1,2,0,2,0,2,0,0,0,0,1,2,2,2,1,2,2,2
81,-12031.688,-1584.157,55.667,-197.139,-0.954891,-0.294582,-0.037487,0.295324,-0.955264,-0.015959,-0.031109,-0.026309,0.999170,0,0.87095,0.05653,52.257,0.113,-1,400.000,-1,425.000,-1,325.000,325.000,300.000,300.000,775.000,-1,-1,-1,975.000,-1,-1,-1,2,0,2,0,2,0,0,0,0,1,2,2,2,1,2,2,2
82,-12081.452,-1568.915,53.863,-197.029,-0.955378,-0.292761,-0.039300,0.293500,-0.955850,-0.014445,-0.033336,-0.025335,0.999123,0,0.86743,0.05481,52.046,0.110,-1,400.000,-1,425.000,-1,325.000,325.000,300.000,300.000,800.000,-1,-1,-1,-1,-1,-1,-1,2,0,2,0,2,0,0,0,0,1,2,2,2,2,2,2,2
83,-12131.057,-1553.821,52.039,-196.923,-0.955838,-0.291006,-0.041097,0.291736,-0.956411,-0.012924,-0.035544,-0.024342,0.999072,0,0.86417,0.05281,51.850,0.106,-1,425.000,-1,425.000,-1,325.000,325.000,300.000,300.000,825.000,-1,-1,-1,-1,-1,-1,-1,2,1,2,0,2,0,0,0,0,1,2,2,2,2,2,2,2
84,-12180.517,-1538.867,50.194,-196.822,-0.956270,-0.289326,-0.042878,0.290041,-0.956946,-0.011394,-0.037735,-0.023332,0.999015,0,0.86120,0.05053,51.672,0.101,-1,450.000,-1,400.000,-1,325.000,325.000,300.000,300.000,850.000,-1,-1,-1,-1,-1,-1,-1,2,1,2,0,2,1,0,0,0,1,2,2,2,2,2,2,2
85,-12234.533,-1522.392,48.157,-196.961,-0.955475,-0.291652,-0.044800,0.292347,-0.956263,-0.009684,-0.040016,-0.022350,0.998949,0,0.94120,-0.06947,56.472,-0.139,-1,500.000,-1,-1,-1,425.000,-1,300.000,300.000,875.000,-1,-1,-1,-1,-1,-1,-1,2,1,2,2,2,1,2,0,0,1,2,2,2,2,2,2,2
86,-12291.866,-1504.702,45.966,-197.148,-0.954421,-0.294768,-0.046821,0.295434,-0.955331,-0.007829,-0.042422,-0.021304,0.998873,0,1.00000,-0.09321,60.000,-0.186,-1,575.000,-1,-1,-1,-1,-1,300.000,300.000,900.000,-1,-1,-1,-1,-1,-1,-1,2,1,2,2,2,2,2,0,0,1,2,2,2,2,2,2,2
87,-12349.140,-1486.823,43.747,-197.337,-0.953340,-0.297923,-0.048823,0.298551,-0.954375,-0.005934,-0.044828,-0.020234,0.998790,0,1.00000,-0.09446,60.000,-0.189,-1,675.000,-1,-1,-1,-1,-1,300.000,300.000,925.000,-1,-1,-1,-1,-1,-1,-1,2,1,2,2,2,2,2,0,0,1,2,2,2,2,2,2,2
88,-12406.355,-1468.752,41.172,-197.528,-0.952246,-0.301112,-0.050596,0.301757,-0.953369,-0.005459,-0.046593,-0.020466,0.998704,0,1.00000,-0.09580,60.000,-0.192,-1,800.000,-1,-1,-1,-1,-1,300.000,300.000,925.000,-1,-1,-1,-1,-1,-1,-1,2,1,2,2,2,2,2,0,0,1,2,2,2,2,2,2,2
89,-12463.508,-1450.489,37.875,-197.723,-0.950979,-0.304325,-0.054994,0.305150,-0.952278,-0.007084,-0.050214,-0.023518,0.998462,0,1.00000,-0.09723,60.000,-0.194,-1,825.000,-1,-1,-1,-1,-1,300.000,300.000,950.000,-1,-1,-1,-1,-1,-1,-1,2,1,2,2,2,2,2,0,0,1,2,2,2,2,2,2,2
90,-12520.599,-1432.030,33.867,-197.920,-0.949501,-0.307562,-0.062082,0.308758,-0.951083,-0.010461,-0.055828,-0.029101,0.998016,0,1.00000,-0.09878,60.000,-0.198,-1,825.000,-1,-1,-1,-1,-1,275.000,300.000,950.000,-1,-1,-1,-1,-1,-1,-1,2,1,2,2,2,2,2,0,0,1,2,2,2,2,2,2,2
91,-12577.625,-1413.366,25.427,-198.121,-0.947324,-0.310942,-0.076762,0.311824,-0.950140,0.000517,-0.073095,-0.023447,0.997049,0,1.00000,-0.10048,60.000,-0.201,-1,800.000,-1,-1,-1,-1,-1,275.000,275.000,-1,-1,-1,-1,-1,-1,-1,-1,2,1,2,2,2,2,2,0,0,2,2,2,2,2,2,2,2
92,-12634.588,-1394.489,9.427,-198.326,-0.943417,-0.314417,-0.105392,0.311876,-0.949272,0.040212,-0.112689,0.005067,0.993617,0,1.00000,-0.10234,60.000,-0.205,550.000,725.000,-1,-1,-1,1000.000,-1,275.000,200.000,-1,-1,-1,-1,-1,-1,-1,-1,0,1,2,2,2,1,2,0,0,2,2,2,2,2,2,2,2
93,4263.556,-6887.273,110.173,110.197,-0.344479,-0.938437,0.025884,0.932395,-0.345214,-0.107083,0.109426,-0.012754,0.993913,1,0.00000,0.00000,60.000,-0.209,-1,325.000,-1,275.000,-1,250.000,225.000,375.000,425.000,975.000,100.000,150.000,-1,500.000,-1,-1,-1,2,1,2,1,2,1,1,0,1,0,0,0,2,1,2,2,2
94,-2951.715,6887.262,414.940,142.273,-0.791220,-0.610207,-0.040220,0.611495,-0.788743,-0.062915,0.006668,-0.074374,0.997208,1,0.00000,0.00000,4.800,0.240,-1,400.000,-1,400.000,-1,325.000,325.000,300.000,300.000,-1,600.000,525.000,-1,750.000,775.000,-1,-1,2,0,2,0,2,0,0,0,0,2,1,1,2,0,0,2,2
95,-2955.524,6890.183,414.966,142.513,-0.793762,-0.606897,-0.040224,0.608195,-0.791291,-0.062902,0.006346,-0.074393,0.997209,0,0.08000,0.12000,4.800,0.240,-1,400.000,-1,400.000,-1,325.000,325.000,300.000,300.000,-1,625.000,525.000,-1,750.000,775.000,-1,-1,2,0,2,0,2,0,0,0,0,2,1,1,2,0,0,2,2
96,-2963.190,6895.961,415.012,142.993,-0.798803,-0.600245,-0.040233,0.601565,-0.796346,-0.062875,0.005701,-0.074427,0.997210,0,0.16000,0.24000,9.600,0.480,-1,400.000,-1,400.000,-1,325.000,325.000,300.000,300.000,-1,625.000,525.000,-1,750.000,775.000,-1,-1,2,0,2,0,2,0,0,0,0,2,1,1,2,0,0,2,2
97,-2974.797,6904.483,415.067,143.713,-0.806261,-0.590189,-0.040248,0.591541,-0.803823,-0.062833,0.004731,-0.074469,0.997212,0,0.24000,0.36000,14.400,0.720,-1,400.000,-1,400.000,-1,325.000,325.000,300.000,300.000,-1,625.000,550.000,-1,750.000,775.000,-1,-1,2,0,2,0,2,0,0,0,0,2,1,1,2,0,0,2,2
98,-2990.461,6915.585,415.115,144.673,-0.816007,-0.576637,-0.040271,0.578032,-0.813596,-0.062775,0.003434,-0.074503,0.997215,0,0.32000,0.48000,19.200,0.960,-1,400.000,-1,400.000,-1,325.000,325.000,300.000,300.000,-1,625.000,550.000,-1,725.000,775.000,-1,-1,2,0,2,0,2,0,0,0,0,2,1,1,2,0,0,2,2
99,-3010.328,6929.049,415.138,145.873,-0.827869,-0.559472,-0.040300,0.560918,-0.825494,-0.062698,0.001810,-0.074511,0.997219,0,0.40000,0.60000,24.000,1.200,-1,400.000,-1,400.000,-1,325.000,325.000,300.000,300.000,-1,650.000,575.000,-1,725.000,775.000,-1,-1,2,0,2,0,2,0,0,0,0,2,1,1,2,0,0,2,2
100,-3034.567,6944.601,415.113,147.313,-0.841627,-0.538553,-0.040320,0.540060,-0.839296,-0.062593,-0.000130,-0.074455,0.997224,0,0.48000,0.72000,28.800,1.440,-1,400.000,-1,400.000,-1,325.000,325.000,300.000,300.000,-1,650.000,575.000,-1,725.000,775.000,-1,-1,2,0,2,0,2,0,0,0,0,2,1,1,2,0,0,2,2
101,-3063.364,6961.909,415.009,148.993,-0.857008,-0.513720,-0.040352,0.515297,-0.854732,-0.062465,-0.002401,-0.074326,0.997231,0,0.56000,0.84000,33.600,1.680,-1,400.000,-1,400.000,-1,325.000,325.000,300.000,300.000,-1,675.000,600.000,-1,725.000,750.000,-1,-1,2,0,2,0,2,0,0,0,0,2,1,1,2,0,0,2,2
102,-3096.921,6980.576,414.793,150.913,-0.873690,-0.484803,-0.040401,0.486458,-0.871479,-0.062311,-0.004999,-0.074094,0.997239,0,0.64000,0.96000,38.400,1.920,-1,375.000,-1,400.000,-1,325.000,325.000,300.000,300.000,-1,700.000,625.000,-1,725.000,750.000,-1,-1,2,0,2,0,2,0,0,0,0,2,1,1,2,0,0,2,2
103,-3135.381,7000.247,414.457,152.913,-0.890026,-0.454108,-0.040494,0.455844,-0.887896,-0.062024,-0.007789,-0.073662,0.997253,0,0.72000,1.00000,43.200,2.000,-1,375.000,-1,400.000,-1,325.000,325.000,300.000,300.000,-1,725.000,675.000,-1,725.000,750.000,-1,-1,2,0,2,0,2,0,0,0,0,2,1,1,2,0,0,2,2
104,-3178.852,7020.598,413.959,154.913,-0.905283,-0.422862,-0.040627,0.424676,-0.903241,-0.061696,-0.010607,-0.073105,0.997268,0,0.80000,1.00000,48.000,2.000,-1,375.000,-1,400.000,-1,325.000,325.000,300.000,300.000,-1,750.000,700.000,-1,725.000,750.000,-1,-1,2,0,2,0,2,0,0,0,0,2,1,1,2,0,0,2,2
105,-3227.422,7041.302,413.350,156.913,-0.919456,-0.391110,-0.040425,0.392973,-0.917514,-0.061154,-0.013172,-0.072114,0.997309,0,0.88000,1.00000,52.800,2.000,-1,375.000,-1,400.000,-1,325.000,325.000,300.000,300.000,-1,800.000,750.000,-1,700.000,725.000,-1,-1,2,0,2,0,2,0,0,0,0,2,1,1,2,0,0,2,2
106,-3281.163,7062.027,412.606,158.913,-0.932527,-0.358887,-0.039906,0.360768,-0.930700,-0.060368,-0.015475,-0.070691,0.997378,0,0.96000,1.00000,57.600,2.000,-1,375.000,-1,375.000,-1,325.000,325.000,300.000,300.000,-1,825.000,825.000,-1,-1,725.000,-1,-1,2,0,2,0,2,0,0,0,0,2,1,1,2,2,0,2,2
107,-3336.876,7081.306,411.689,160.913,-0.944471,-0.326223,-0.039412,0.328116,-0.942759,-0.059536,-0.017734,-0.069162,0.997448,0,0.98258,1.00000,58.955,2.000,-1,375.000,-1,375.000,-1,325.000,325.000,300.000,300.000,-1,875.000,875.000,-1,-1,725.000,-1,-1,2,0,2,0,2,0,0,0,0,2,1,1,2,2,0,2,2
108,-3393.298,7098.651,410.696,162.913,-0.955285,-0.293149,-0.038659,0.295040,-0.953656,-0.059084,-0.019547,-0.067849,0.997504,0,0.98382,1.00000,59.029,2.000,-1,375.000,-1,375.000,-1,300.000,325.000,300.000,300.000,-1,925.000,950.000,-1,-1,725.000,-1,-1,2,0,2,0,2,0,0,0,0,2,1,1,2,2,0,2,2
109,-3450.353,7114.032,409.740,164.913,-0.964960,-0.259700,-0.037516,0.261578,-0.963351,-0.059427,-0.020708,-0.067159,0.997527,0,0.98488,1.00000,59.093,2.000,-1,375.000,-1,375.000,-1,325.000,325.000,325.000,300.000,-1,975.000,-1,-1,-1,725.000,-1,-1,2,0,2,0,2,0,0,1,0,2,1,2,2,2,0,2,2
110,-3507.960,7127.424,408.630,166.913,-0.973466,-0.225933,-0.036299,0.227791,-0.971879,-0.059694,-0.021792,-0.066379,0.997557,0,0.98574,1.00000,59.144,2.000,-1,375.000,-1,375.000,-1,325.000,325.000,325.000,300.000,-1,-1,-1,-1,-1,725.000,-1,-1,2,0,2,0,2,0,0,1,0,2,2,2,2,2,0,2,2
111,-3566.036,7138.805,407.368,168.913,-0.980792,-0.191889,-0.035017,0.193721,-0.979228,-0.059877,-0.022800,-0.065510,0.997591,0,0.98636,1.00000,59.182,2.000,-1,375.000,-1,375.000,-1,325.000,325.000,350.000,300.000,-1,-1,-1,-1,-1,725.000,-1,-1,2,0,2,0,2,0,0,1,0,2,2,2,2,2,0,2,2
112,-3624.496,7148.156,405.957,170.913,-0.986927,-0.157607,-0.033679,0.159408,-0.985390,-0.059970,-0.023736,-0.064555,0.997632,0,0.98674,1.00000,59.204,2.000,-1,-1,-1,375.000,-1,325.000,325.000,350.000,300.000,-1,-1,-1,-1,-1,750.000,-1,-1,2,2,2,0,2,0,0,1,0,2,2,2,2,2,0,2,2
113,-3683.252,7155.462,404.402,172.913,-0.991865,-0.123130,-0.032296,0.124895,-0.990356,-0.059968,-0.024601,-0.063514,0.997678,0,0.98682,1.00000,59.209,2.000,-1,-1,-1,400.000,-1,450.000,325.000,375.000,300.000,-1,-1,-1,-1,-1,750.000,-1,-1,2,2,2,1,2,1,1,1,0,2,2,2,2,2,0,2,2
114,-3742.214,7160.712,402.705,174.913,-0.995598,-0.088498,-0.030879,0.090224,-0.994121,-0.059867,-0.025399,-0.062389,0.997729,0,0.98661,1.00000,59.196,2.000,-1,-1,-1,450.000,-1,725.000,425.000,400.000,300.000,-1,-1,-1,-1,-1,750.000,-1,-1,2,2,2,1,2,1,1,1,0,2,2,2,2,2,0,2,2
115,-3801.291,7163.899,400.872,176.913,-0.998120,-0.053754,-0.029439,0.055436,-0.996678,-0.059663,-0.026134,-0.061183,0.997784,0,0.98605,1.00000,59.163,2.000,-1,-1,-1,475.000,-1,950.000,525.000,400.000,300.000,-1,925.000,850.000,-1,-1,775.000,-1,-1,2,2,2,1,2,1,1,1,0,2,0,0,2,2,0,2,2
116,-3860.387,7165.021,398.909,178.913,-0.999429,-0.018939,-0.027993,0.020575,-0.998025,-0.059347,-0.026814,-0.059889,0.997845,0,0.98514,1.00000,59.108,2.000,-1,-1,-1,525.000,-1,-1,700.000,425.000,300.000,-1,800.000,750.000,-1,-1,825.000,-1,-1,2,2,2,1,2,2,1,1,0,2,0,0,2,2,1,2,2
117,-3919.410,7164.082,396.829,180.913,-0.999520,0.015904,-0.026582,-0.014317,-0.998162,-0.058886,-0.027470,-0.058477,0.997911,0,0.98385,1.00000,59.031,2.000,-1,-1,-1,600.000,-1,-1,850.000,450.000,300.000,-1,700.000,650.000,-1,-1,900.000,-1,-1,2,2,2,1,2,2,1,1,0,2,0,0,2,2,1,2,2
118,-3976.582,7161.399,388.109,182.673,-0.997764,0.046520,-0.047997,-0.043011,-0.996497,-0.071727,-0.051165,-0.069502,0.996269,0,0.95388,0.88000,57.233,1.760,-1,-1,-1,600.000,-1,-1,825.000,400.000,300.000,-1,-1,-1,-1,-1,900.000,-1,-1,2,2,2,1,2,2,1,1,0,2,2,2,2,2,1,2,2
119,-4033.512,7157.188,374.205,184.193,-0.993789,0.072792,-0.084165,-0.064286,-0.992938,-0.099704,-0.090828,-0.093674,0.991451,0,0.95133,0.76000,57.080,1.520,-1,-1,-1,575.000,925.000,1000.000,750.000,325.000,300.000,-1,-1,-1,-1,-1,825.000,-1,800.000,2,2,2,1,0,1,1,1,0,2,2,2,2,2,1,2,1
120,-1639.830,-4263.558,135.076,75.403,0.251781,-0.967714,-0.011668,0.967362,0.252009,-0.026512,0.028596,-0.004612,0.999580,1,0.00000,0.00000,60.000,1.280,-1,375.000,-1,400.000,-1,325.000,325.000,300.000,300.000,-1,-1,-1,-1,725.000,825.000,-1,-1,2,0,2,0,2,0,0,0,0,2,2,2,2,0,0,2,2
121,-1638.640,-4258.908,135.211,75.643,0.247726,-0.968761,-0.011563,0.968409,0.247953,-0.026532,0.028570,-0.004625,0.999581,0,0.08000,0.12000,4.800,0.240,-1,375.000,-1,400.000,-1,325.000,325.000,300.000,300.000,-1,-1,-1,-1,725.000,825.000,-1,-1,2,0,2,0,2,0,0,0,0,2,2,2,2,0,0,2,2
122,-1636.338,-4249.588,135.479,76.123,0.239605,-0.970804,-0.011355,0.970452,0.239828,-0.026573,0.028520,-0.004652,0.999582,0,0.16000,0.24000,9.600,0.480,-1,375.000,-1,400.000,-1,325.000,325.000,300.000,300.000,-1,-1,-1,-1,725.000,825.000,-1,-1,2,0,2,0,2,0,0,0,0,2,2,2,2,0,0,2,2
123,-1633.060,-4235.566,135.880,76.843,0.227391,-0.973741,-0.011043,0.973388,0.227610,-0.026633,0.028447,-0.004693,0.999584,0,0.24000,0.36000,14.400,0.720,-1,375.000,-1,400.000,-1,325.000,325.000,300.000,300.000,-1,-1,-1,-1,725.000,825.000,-1,-1,2,0,2,0,2,0,0,0,0,2,2,2,2,0,0,2,2
124,-1628.976,-4216.806,136.412,77.720,0.212466,-0.977111,-0.010634,0.976757,0.212680,-0.026712,0.028362,-0.004711,0.999587,0,0.32000,0.43848,19.200,0.877,-1,375.000,-1,400.000,-1,325.000,325.000,300.000,300.000,-1,-1,-1,-1,725.000,800.000,-1,-1,2,0,2,0,2,0,0,0,0,2,2,2,2,0,0,2,2
125,-1624.230,-4193.280,137.071,78.593,0.197572,-0.980236,-0.010132,0.979880,0.197777,-0.026808,0.028283,-0.004632,0.999589,0,0.40000,0.43623,24.000,0.872,-1,375.000,-1,400.000,-1,325.000,325.000,300.000,300.000,-1,-1,-1,-1,725.000,800.000,-1,-1,2,0,2,0,2,0,0,0,0,2,2,2,2,0,0,2,2
126,-1618.962,-4164.966,137.856,79.460,0.182726,-0.983118,-0.009540,0.982759,0.182921,-0.026923,0.028213,-0.004456,0.999592,0,0.48000,0.43355,28.800,0.867,-1,375.000,-1,400.000,-1,325.000,325.000,300.000,300.000,-1,-1,-1,-1,725.000,800.000,-1,-1,2,0,2,0,2,0,0,0,0,2,2,2,2,0,0,2,2
127,-1613.312,-4131.844,138.763,80.321,0.167946,-0.985756,-0.008861,0.985394,0.168128,-0.027055,0.028159,-0.004188,0.999595,0,0.56000,0.43048,33.600,0.861,-1,375.000,-1,400.000,-1,325.000,325.000,300.000,300.000,-1,-1,-1,-1,725.000,800.000,-1,-1,2,0,2,0,2,0,0,0,0,2,2,2,2,0,0,2,2
128,-1607.421,-4093.899,139.791,81.175,0.153248,-0.988155,-0.008097,0.987787,0.153414,-0.027205,0.028125,-0.003829,0.999597,0,0.64000,0.42708,38.400,0.854,-1,375.000,-1,400.000,-1,325.000,325.000,300.000,300.000,-1,-1,-1,-1,725.000,800.000,-1,-1,2,0,2,0,2,0,0,0,0,2,2,2,2,0,0,2,2
129,-1601.425,-4051.117,140.937,82.022,0.138646,-0.990315,-0.007250,0.989943,0.138794,-0.027375,0.028116,-0.003382,0.999599,0,0.72000,0.42339,43.200,0.847,-1,375.000,-1,400.000,-1,325.000,325.000,300.000,300.000,-1,-1,-1,-1,725.000,800.000,-1,-1,2,0,2,0,2,0,0,0,0,2,2,2,2,0,0,2,2
130,-1595.460,-4003.489,142.199,82.861,0.124152,-0.992243,-0.006323,0.991864,0.124280,-0.027564,0.028136,-0.002850,0.999600,0,0.80000,0.41946,48.000,0.839,-1,375.000,-1,400.000,-1,325.000,325.000,300.000,300.000,-1,-1,-1,-1,725.000,800.000,-1,-1,2,0,2,0,2,0,0,0,0,2,2,2,2,0,0,2,2
131,-1589.663,-3951.008,143.628,83.697,0.109684,-0.993953,-0.005102,0.993569,0.109784,-0.027726,0.028118,-0.002028,0.999603,0,0.88000,0.41816,52.800,0.836,-1,375.000,-1,400.000,-1,325.000,325.000,300.000,300.000,-1,-1,-1,-1,725.000,800.000,-1,-1,2,0,2,0,2,0,0,0,0,2,2,2,2,0,0,2,2
132,-1584.182,-3893.669,145.323,84.539,0.095103,-0.995461,-0.003521,0.995066,0.095164,-0.028051,0.028259,-0.000836,0.999600,0,0.96000,0.42105,57.600,0.842,-1,375.000,-1,400.000,-1,325.000,325.000,300.000,300.000,-1,-1,-1,-1,700.000,775.000,-1,-1,2,0,2,0,2,0,0,0,0,2,2,2,2,0,0,2,2
133,-1579.449,-3834.990,147.151,85.388,0.080368,-0.996762,-0.002337,0.996353,0.080402,-0.028562,0.028658,-0.000033,0.999589,0,0.98116,0.42455,58.870,0.849,-1,375.000,-1,400.000,-1,325.000,325.000,300.000,300.000,-1,-1,-1,-1,700.000,775.000,-1,-1,2,0,2,0,2,0,0,0,0,2,2,2,2,0,0,2,2
134,-1575.589,-3776.175,148.971,86.245,0.065480,-0.997853,-0.001157,0.997429,0.065486,-0.029091,0.029104,0.000750,0.999576,0,0.98237,0.42846,58.942,0.857,-1,375.000,-1,400.000,-1,325.000,325.000,300.000,300.000,-1,-1,-1,-1,700.000,775.000,-1,-1,2,0,2,0,2,0,0,0,0,2,2,2,2,0,0,2,2
135,-1572.610,-3717.288,150.783,87.104,0.050545,-0.998722,0.000019,0.998283,0.050522,-0.029636,0.029597,0.001517,0.999561,0,0.98269,0.42941,58.961,0.859,-1,375.000,-1,400.000,-1,325.000,325.000,300.000,300.000,-1,-1,-1,-1,700.000,775.000,-1,-1,2,0,2,0,2,0,0,0,0,2,2,2,2,0,0,2,2
136,-1570.514,-3658.362,152.589,87.963,0.035599,-0.999365,0.001194,0.998912,0.035547,-0.030199,0.030137,0.002267,0.999543,0,0.98272,0.42942,58.963,0.859,-1,375.000,-1,400.000,-1,325.000,325.000,300.000,300.000,-1,-1,-1,-1,700.000,775.000,-1,-1,2,0,2,0,2,0,0,0,0,2,2,2,2,0,0,2,2
137,-1569.299,-3599.010,154.404,88.827,0.020550,-0.999786,0.002375,0.999317,0.020467,-0.030783,0.030728,0.003006,0.999523,0,0.98941,0.43218,59.365,0.864,-1,375.000,-1,400.000,-1,325.000,325.000,300.000,300.000,-1,-1,-1,-1,700.000,775.000,-1,-1,2,0,2,0,2,0,0,0,0,2,2,2,2,0,0,2,2
