timestep,x_cm,y_cm,z_cm,yaw_deg,basis_xx,basis_xy,basis_xz,basis_yx,basis_yy,basis_yz,basis_zx,basis_zy,basis_zz,teleport_flag,throttle_cmd,steering_cmd,cmd_move_cm,cmd_turn_deg,lidar_cm_0,lidar_cm_1,lidar_cm_2,lidar_cm_3,lidar_cm_4,lidar_cm_5,lidar_cm_6,lidar_cm_7,lidar_cm_8,lidar_cm_9,lidar_cm_10,lidar_cm_11,lidar_cm_12,lidar_cm_13,lidar_cm_14,lidar_cm_15,lidar_cm_16,lidar_class_0,lidar_class_1,lidar_class_2,lidar_class_3,lidar_class_4,lidar_class_5,lidar_class_6,lidar_class_7,lidar_class_8,lidar_class_9,lidar_class_10,lidar_class_11,lidar_class_12,lidar_class_13,lidar_class_14,lidar_class_15,lidar_class_16
0,7546.189,-6227.583,-111.917,51.794,0.618414,-0.785785,-0.010307,0.785500,0.618476,-0.021840,0.023537,0.005410,0.999708,1,0.08000,-0.12000,4.800,-0.240,450.000,250.000,475.000,250.000,575.000,225.000,200.000,275.000,325.000,-1,700.000,650.000,-1,350.000,325.000,400.000,350.000,1,1,1,1,1,1,1,0,0,2,0,0,2,1,1,1,1
1,7552.190,-6220.090,-111.513,51.314,0.624944,-0.780579,-0.011874,0.780273,0.625039,-0.022343,0.024862,0.004698,0.999680,0,0.16000,-0.24000,9.600,-0.480,425.000,250.000,475.000,250.000,600.000,200.000,200.000,275.000,325.000,-1,675.000,600.000,-1,350.000,325.000,400.000,350.000,1,1,1,1,1,1,1,0,0,2,0,0,2,1,1,1,1
2,7561.331,-6208.963,-110.263,50.594,0.634678,-0.772657,-0.013599,0.772234,0.634794,-0.026288,0.028944,0.006183,0.999562,0,0.24000,-0.36000,14.400,-0.720,425.000,250.000,475.000,250.000,650.000,200.000,200.000,275.000,325.000,-1,450.000,475.000,-1,350.000,325.000,375.000,350.000,1,1,1,1,1,1,1,0,0,2,0,0,2,1,1,1,1
3,7573.766,-6194.333,-108.534,49.634,0.647494,-0.761901,-0.016085,0.761283,0.647640,-0.031784,0.034633,0.008335,0.999365,0,0.32000,-0.48000,19.200,-0.960,425.000,250.000,475.000,250.000,750.000,200.000,200.000,275.000,350.000,-1,325.000,350.000,-1,350.000,325.000,375.000,350.000,1,1,1,1,1,1,1,0,0,2,0,0,2,1,1,1,1
4,7589.689,-6176.375,-106.279,48.434,0.663244,-0.748149,-0.019509,0.747216,0.663435,-0.039015,0.042132,0.011299,0.999048,0,0.40000,-0.60000,24.000,-1.200,400.000,250.000,450.000,250.000,925.000,200.000,200.000,300.000,350.000,-1,250.000,275.000,-1,350.000,325.000,350.000,400.000,1,1,1,1,1,1,1,0,0,2,0,0,2,1,1,1,1
5,7609.332,-6155.312,-103.188,46.994,0.681791,-0.731191,-0.022823,0.729776,0.681979,-0.048280,0.050867,0.016261,0.998573,0,0.48000,-0.72000,28.800,-1.440,375.000,250.000,450.000,250.000,-1,200.000,200.000,300.000,350.000,-1,225.000,225.000,-1,325.000,325.000,350.000,450.000,1,1,1,1,2,1,1,0,0,2,0,0,2,1,1,1,1
6,7632.959,-6131.420,-99.342,45.314,0.702883,-0.710791,-0.027064,0.708639,0.703032,-0.059810,0.061540,0.022861,0.997843,0,0.56000,-0.84000,33.600,-1.680,375.000,250.000,450.000,250.000,-1,200.000,200.000,325.000,350.000,-1,200.000,175.000,975.000,325.000,325.000,325.000,525.000,1,1,1,1,2,1,1,0,0,2,0,0,0,1,1,1,1
7,7660.861,-6105.034,-94.725,43.394,0.726214,-0.686684,-0.032859,0.683416,0.726289,-0.073805,0.074545,0.031142,0.996731,0,0.64000,-0.96000,38.400,-1.920,350.000,225.000,-1,250.000,-1,200.000,200.000,350.000,350.000,-1,200.000,150.000,825.000,325.000,375.000,325.000,725.000,1,1,2,1,2,1,1,0,0,2,0,0,0,1,1,1,1
8,-6887.268,1639.937,91.515,-4.954,0.991160,0.085788,0.101207,-0.096435,0.989734,0.105483,-0.091119,-0.114310,0.989258,1,0.00000,0.00000,43.200,-1.992,350.000,300.000,-1,375.000,-1,275.000,300.000,275.000,500.000,-1,475.000,450.000,225.000,450.000,600.000,375.000,975.000,0,0,2,0,2,0,0,0,1,2,1,1,1,0,0,0,0
9,-6892.052,1640.334,92.005,-4.714,0.991411,0.081630,0.102176,-0.092530,0.989952,0.106926,-0.092421,-0.115462,0.989003,0,-0.08000,0.12000,-4.800,0.240,350.000,300.000,-1,375.000,-1,275.000,300.000,250.000,500.000,-1,475.000,450.000,225.000,450.000,600.000,375.000,975.000,0,0,2,0,2,0,0,0,1,2,1,1,1,0,0,0,0
10,-6901.626,1641.048,93.001,-4.234,0.991859,0.073314,0.104123,-0.084735,0.990327,0.109879,-0.095060,-0.117807,0.988476,0,-0.16000,0.24000,-9.600,0.480,325.000,300.000,-1,375.000,-1,250.000,300.000,250.000,500.000,-1,450.000,425.000,225.000,450.000,600.000,350.000,950.000,0,0,2,0,2,0,0,0,1,2,1,1,1,0,0,0,0
11,-6915.999,1641.938,94.533,-3.514,0.992390,0.060837,0.107055,-0.073084,0.990734,0.114474,-0.099099,-0.121427,0.987641,0,-0.24000,0.36000,-14.400,0.720,300.000,300.000,-1,375.000,-1,250.000,300.000,250.000,500.000,-1,450.000,425.000,225.000,450.000,600.000,350.000,950.000,0,0,2,0,2,0,0,0,1,2,1,1,1,0,0,0,0
12,-6935.179,1642.823,96.620,-2.609,0.992794,0.045160,0.110997,-0.058578,0.990951,0.120770,-0.104538,-0.126402,0.986455,0,-0.32000,0.45229,-19.200,0.905,275.000,275.000,1000.000,375.000,-1,250.000,275.000,250.000,500.000,-1,425.000,400.000,225.000,450.000,600.000,325.000,950.000,0,0,0,0,2,0,0,0,1,2,1,1,1,0,0,0,0
13,-6959.168,1643.556,99.235,-1.715,0.992802,0.029668,0.116037,-0.044621,0.990709,0.128474,-0.111147,-0.132727,0.984901,0,-0.40000,0.44700,-24.000,0.894,250.000,275.000,975.000,375.000,-1,250.000,275.000,250.000,475.000,-1,400.000,375.000,200.000,425.000,600.000,275.000,950.000,0,0,0,0,2,0,0,0,1,2,1,1,1,0,0,0,0
14,-6987.964,1643.994,102.415,-0.834,0.992399,0.014420,0.122215,-0.031348,0.989972,0.137745,-0.119003,-0.140529,0.982899,0,-0.48000,0.44040,-28.800,0.881,225.000,275.000,925.000,375.000,-1,250.000,275.000,250.000,450.000,-1,375.000,350.000,200.000,425.000,600.000,250.000,925.000,0,0,0,0,2,0,0,0,1,2,1,1,1,0,0,0,0
15,-7018.947,1644.000,105.936,0.031,0.991651,-0.000528,0.128950,-0.018730,0.988797,0.148088,-0.127583,-0.149267,0.980531,0,-0.51639,0.43255,-30.983,0.865,200.000,275.000,900.000,375.000,-1,250.000,275.000,250.000,450.000,-1,350.000,325.000,200.000,400.000,600.000,225.000,925.000,0,0,0,0,2,0,0,0,1,2,1,1,1,0,0,0,0
16,-7049.903,1643.550,109.588,0.879,0.990631,-0.015148,0.135726,-0.006688,0.987256,0.159001,-0.136405,-0.158419,0.977904,0,-0.51598,0.42422,-30.959,0.848,175.000,250.000,875.000,350.000,-1,250.000,275.000,225.000,425.000,-1,325.000,300.000,200.000,375.000,600.000,200.000,925.000,0,0,0,0,2,0,0,0,1,2,1,1,1,0,0,0,0
17,-7080.785,1642.654,113.373,1.711,0.989353,-0.029436,0.142530,0.004755,0.985347,0.170493,-0.145460,-0.168000,0.974996,0,-0.51493,0.41604,-30.896,0.832,150.000,250.000,850.000,350.000,-1,225.000,275.000,225.000,400.000,-1,300.000,250.000,200.000,375.000,600.000,175.000,925.000,0,0,0,0,2,0,0,0,1,2,1,1,1,0,0,0,0
18,-3607.512,-8855.047,338.074,6.992,0.946264,-0.121700,-0.299621,0.108214,0.992238,-0.061264,0.304751,0.025548,0.952089,1,0.00000,0.00000,-30.792,0.816,425.000,225.000,375.000,200.000,225.000,200.000,175.000,625.000,575.000,275.000,50.000,50.000,475.000,300.000,250.000,350.000,200.000,1,1,1,1,1,1,1,0,1,0,0,0,0,1,1,1,1
19,-5575.416,-1639.824,262.771,-16.491,0.957765,0.283479,-0.048235,-0.279971,0.957564,0.068468,0.065597,-0.052072,0.996487,1,0.00000,0.00000,4.800,-0.240,-1,375.000,-1,425.000,-1,325.000,325.000,300.000,300.000,-1,-1,850.000,-1,750.000,950.000,-1,-1,2,0,2,0,2,0,0,0,0,2,2,0,2,0,0,2,2
20,-5570.819,-1641.206,263.085,-16.731,0.956565,0.287495,-0.048271,-0.284004,0.956396,0.068187,0.065770,-0.051516,0.996504,0,0.08000,-0.12000,4.800,-0.240,-1,375.000,-1,425.000,-1,325.000,325.000,300.000,300.000,-1,-1,875.000,-1,750.000,950.000,-1,-1,2,0,2,0,2,0,0,0,0,2,2,0,2,0,0,2,2
21,-5561.649,-1644.047,263.718,-17.211,0.954114,0.295514,-0.048344,-0.292055,0.954008,0.067625,0.066104,-0.050403,0.996539,0,0.16000,-0.24000,9.600,-0.480,-1,375.000,-1,425.000,-1,325.000,325.000,300.000,300.000,-1,-1,900.000,-1,750.000,950.000,-1,-1,2,0,2,0,2,0,0,0,0,2,2,0,2,0,0,2,2
22,-5547.949,-1648.482,264.671,-17.931,0.950312,0.307505,-0.048452,-0.304095,0.950298,0.066785,0.066581,-0.048732,0.996590,0,0.24000,-0.36000,14.400,-0.720,-1,375.000,-1,425.000,-1,325.000,325.000,300.000,300.000,-1,-1,950.000,-1,750.000,975.000,-1,-1,2,0,2,0,2,0,0,0,0,2,2,0,2,0,0,2,2
23,-5529.783,-1654.699,265.952,-18.891,0.945008,0.323418,-0.048598,-0.320077,0.945113,0.065669,0.067169,-0.046502,0.996657,0,0.32000,-0.48000,19.200,-0.960,-1,375.000,-1,425.000,-1,325.000,325.000,300.000,300.000,-1,-1,-1,-1,750.000,975.000,-1,-1,2,0,2,0,2,0,0,0,0,2,2,2,2,0,0,2,2
24,-5507.223,-1662.887,267.565,-19.946,0.938871,0.340797,-0.048776,-0.337544,0.939111,0.064298,0.067719,-0.043904,0.996738,0,0.40000,-0.52729,24.000,-1.055,-1,375.000,-1,425.000,-1,325.000,325.000,300.000,300.000,-1,-1,-1,-1,775.000,975.000,-1,-1,2,0,2,0,2,0,0,0,0,2,2,2,2,0,0,2,2
25,-5480.338,-1673.213,269.509,-21.008,0.932358,0.358203,-0.048986,-0.355057,0.932741,0.062685,0.068145,-0.041052,0.996830,0,0.48000,-0.53147,28.800,-1.063,-1,400.000,-1,425.000,-1,325.000,325.000,300.000,300.000,-1,-1,-1,-1,775.000,975.000,-1,-1,2,0,2,0,2,0,0,0,0,2,2,2,2,0,0,2,2
26,-5449.203,-1685.846,271.776,-22.082,0.925449,0.375659,-0.049239,-0.372638,0.925981,0.060829,0.068445,-0.037946,0.996933,0,0.56000,-0.53666,33.600,-1.073,-1,400.000,-1,425.000,-1,325.000,325.000,300.000,300.000,-1,-1,-1,-1,800.000,975.000,-1,-1,2,0,2,0,2,0,0,0,0,2,2,2,2,0,0,2,2
27,-5413.900,-1700.954,274.352,-23.167,0.918123,0.393185,-0.049548,-0.390309,0.918809,0.058731,0.068617,-0.034584,0.997043,0,0.64000,-0.54287,38.400,-1.086,-1,400.000,-1,425.000,-1,325.000,350.000,300.000,300.000,-1,-1,-1,-1,800.000,975.000,-1,-1,2,0,2,0,2,0,0,0,0,2,2,2,2,0,0,2,2
28,-5374.517,-1718.710,277.248,-24.268,0.910357,0.410805,-0.049900,-0.408102,0.911201,0.056269,0.068585,-0.030861,0.997168,0,0.72000,-0.55012,43.200,-1.100,-1,400.000,-1,425.000,-1,325.000,350.000,300.000,300.000,-1,-1,-1,-1,825.000,1000.000,-1,-1,2,0,2,0,2,0,0,0,0,2,2,2,2,0,0,2,2
29,-5331.152,-1739.288,280.462,-25.385,0.902122,0.428540,-0.050301,-0.426044,0.903129,0.053331,0.068283,-0.026680,0.997309,0,0.80000,-0.55844,48.000,-1.117,-1,400.000,-1,425.000,-1,325.000,350.000,300.000,300.000,-1,-1,-1,-1,825.000,1000.000,-1,-1,2,0,2,0,2,0,0,0,0,2,2,2,2,0,0,2,2
30,-5285.810,-1761.916,283.482,-26.520,0.893481,0.446391,-0.049268,-0.444108,0.894527,0.050889,0.066788,-0.023588,0.997488,0,0.84459,-0.56786,50.675,-1.136,-1,400.000,-1,425.000,-1,325.000,350.000,300.000,300.000,-1,-1,-1,-1,850.000,975.000,-1,-1,2,0,2,0,2,0,0,0,0,2,2,2,2,0,0,2,2
31,-5240.627,-1785.614,286.423,-27.676,0.884331,0.464376,-0.048094,-0.462304,0.885399,0.048404,0.065060,-0.020571,0.997669,0,0.85034,-0.57793,51.021,-1.156,-1,400.000,-1,425.000,-1,325.000,350.000,300.000,300.000,-1,-1,-1,-1,850.000,975.000,-1,-1,2,0,2,0,2,0,0,0,0,2,2,2,2,0,0,2,2
32,-5195.638,-1810.401,289.318,-28.852,0.874645,0.482481,-0.046982,-0.480622,0.875732,0.045780,0.063232,-0.017461,0.997846,0,0.85610,-0.58810,51.366,-1.176,-1,400.000,-1,425.000,-1,325.000,350.000,300.000,300.000,-1,-1,-1,-1,850.000,950.000,-1,-1,2,0,2,0,2,0,0,0,0,2,2,2,2,0,0,2,2
33,-5150.877,-1836.294,292.289,-30.049,0.864437,0.500688,-0.045394,-0.499035,0.865502,0.043236,0.060937,-0.014722,0.998033,0,0.86185,-0.59838,51.711,-1.197,-1,400.000,-1,425.000,-1,325.000,350.000,300.000,300.000,-1,-1,-1,-1,850.000,950.000,-1,-1,2,0,2,0,2,0,0,0,0,2,2,2,2,0,0,2,2
34,-5106.383,-1863.312,295.302,-31.267,0.853680,0.518983,-0.043446,-0.517530,0.854697,0.040695,0.058253,-0.012255,0.998227,0,0.86759,-0.60876,52.055,-1.218,-1,400.000,-1,425.000,-1,325.000,350.000,300.000,300.000,-1,-1,-1,-1,850.000,925.000,-1,-1,2,0,2,0,2,0,0,0,0,2,2,2,2,0,0,2,2
35,-5062.194,-1891.469,298.260,-32.505,0.842334,0.537351,-0.041559,-0.536094,0.843303,0.037985,0.055458,-0.009717,0.998414,0,0.87330,-0.61927,52.398,-1.239,-1,400.000,-1,425.000,-1,325.000,350.000,300.000,300.000,-1,-1,-1,-1,850.000,900.000,-1,-1,2,0,2,0,2,0,0,0,0,2,2,2,2,0,0,2,2
36,-5018.351,-1920.780,301.189,-33.765,0.830383,0.555773,-0.039761,-0.554700,0.831302,0.035269,0.052655,-0.007232,0.998587,0,0.87898,-0.62990,52.739,-1.260,-1,400.000,-1,425.000,-1,325.000,325.000,300.000,300.000,-1,-1,-1,-1,850.000,900.000,-1,-1,2,0,2,0,2,0,0,0,0,2,2,2,2,0,0,2,2
37,-4974.898,-1951.259,304.044,-35.046,0.817808,0.574232,-0.038045,-0.573339,0.818679,0.032357,0.049727,-0.004649,0.998752,0,0.88461,-0.64067,53.077,-1.281,-1,400.000,-1,425.000,-1,325.000,325.000,300.000,300.000,-1,-1,-1,-1,850.000,875.000,-1,-1,2,0,2,0,2,0,0,0,0,2,2,2,2,0,0,2,2
38,-4931.880,-1982.916,306.851,-36.349,0.804593,0.592708,-0.036436,-0.591982,0.805415,0.029402,0.046773,-0.002087,0.998903,0,0.89018,-0.65158,53.411,-1.303,-1,400.000,-1,425.000,1000.000,325.000,325.000,300.000,300.000,-1,-1,-1,-1,850.000,850.000,-1,-1,2,0,2,0,1,0,0,0,0,2,2,2,2,0,0,2,2
39,-4889.345,-2015.761,309.604,-37.675,0.790721,0.611179,-0.034943,-0.610608,0.791492,0.026412,0.043799,0.000452,0.999040,0,0.89569,-0.66265,53.741,-1.325,-1,400.000,-1,400.000,900.000,325.000,325.000,300.000,300.000,-1,-1,-1,-1,850.000,850.000,-1,-1,2,0,2,0,1,0,0,0,0,2,2,2,2,0,0,2,2
40,-4847.341,-2049.801,312.300,-39.023,0.776174,0.629624,-0.033573,-0.629196,0.776894,0.023394,0.040812,0.002966,0.999162,0,0.90110,-0.67389,54.066,-1.348,1000.000,400.000,-1,400.000,825.000,325.000,325.000,300.000,300.000,-1,-1,-1,-1,850.000,825.000,-1,-1,1,0,2,0,1,0,0,0,0,2,2,2,2,0,0,2,2
41,-4805.922,-2085.044,314.564,-40.393,0.760935,0.648025,-0.032274,-0.647654,0.761609,0.022262,0.039007,0.003962,0.999231,0,0.90640,-0.68531,54.384,-1.371,950.000,400.000,-1,400.000,775.000,325.000,325.000,300.000,300.000,-1,-1,-1,-1,875.000,825.000,-1,-1,1,0,2,0,1,0,0,0,0,2,2,2,2,0,0,2,2
42,-4765.140,-2121.490,316.724,-41.787,0.744988,0.666357,-0.031012,-0.666033,0.745618,0.021311,0.037324,0.004779,0.999292,0,0.91157,-0.69693,54.694,-1.394,900.000,400.000,-1,400.000,725.000,325.000,325.000,300.000,300.000,-1,-1,-1,-1,875.000,825.000,1000.000,-1,1,0,2,0,1,0,0,0,0,2,2,2,2,0,0,1,2
43,-4725.053,-2159.140,318.806,-43.205,0.728315,0.684595,-0.029790,-0.684314,0.728903,0.020379,0.035666,0.005544,0.999348,0,0.91660,-0.70876,54.996,-1.418,850.000,400.000,-1,400.000,675.000,325.000,325.000,300.000,300.000,-1,-1,-1,-1,875.000,825.000,975.000,-1,1,0,2,0,1,0,0,0,0,2,2,2,2,0,0,1,2
44,-4687.893,-2195.507,320.694,-44.382,0.714129,0.699427,-0.028676,-0.699181,0.714678,0.019531,0.034154,0.006102,0.999398,0,0.86657,-0.58876,51.994,-1.178,825.000,400.000,-1,400.000,625.000,325.000,325.000,300.000,300.000,-1,-1,-1,-1,900.000,800.000,950.000,-1,1,0,2,0,1,0,0,0,0,2,2,2,2,1,0,1,2
45,-4651.176,-2232.637,322.456,-45.320,0.702635,0.711026,-0.027307,-0.710806,0.703138,0.018749,0.032532,0.006236,0.999451,0,0.87032,-0.46876,52.219,-0.938,800.000,400.000,-1,400.000,600.000,325.000,325.000,300.000,300.000,-1,-1,-1,-1,875.000,800.000,925.000,-1,1,0,2,0,1,0,0,0,0,2,2,2,2,1,0,1,2
46,-4614.809,-2270.318,324.146,-46.017,0.693971,0.719533,-0.026007,-0.719335,0.694430,0.018000,0.031012,0.006216,0.999500,0,0.87280,-0.34876,52.368,-0.698,750.000,425.000,-1,400.000,575.000,325.000,325.000,300.000,300.000,-1,-1,-1,-1,850.000,800.000,875.000,-1,1,0,2,0,1,0,0,0,0,2,2,2,2,1,0,1,2
47,-4578.702,-2308.333,325.756,-46.475,0.688244,0.725056,-0.024761,-0.724875,0.688663,0.017294,0.029591,0.006046,0.999544,0,0.87382,-0.22876,52.429,-0.458,725.000,425.000,-1,400.000,550.000,325.000,325.000,300.000,300.000,-1,-1,-1,-1,825.000,825.000,850.000,-1,1,0,2,0,1,0,0,0,0,2,2,2,2,1,0,1,2
48,-4542.768,-2346.455,327.272,-46.692,0.685527,0.727667,-0.023524,-0.727499,0.685907,0.016642,0.028245,0.005705,0.999585,0,0.87315,-0.10876,52.389,-0.218,700.000,425.000,-1,400.000,575.000,325.000,325.000,300.000,300.000,-1,-1,-1,-1,800.000,825.000,800.000,-1,1,0,2,0,1,0,0,0,0,2,2,2,2,1,0,1,2
49,-4506.925,-2384.451,328.681,-46.670,0.685850,0.727399,-0.022363,-0.727241,0.686194,0.016043,0.027015,0.005260,0.999621,0,0.87058,0.01124,52.235,0.022,650.000,425.000,-1,400.000,950.000,325.000,325.000,300.000,300.000,-1,-1,-1,-1,750.000,825.000,750.000,-1,1,0,2,0,1,0,0,0,0,2,2,2,2,1,0,1,2
50,-4471.101,-2422.079,330.025,-46.407,0.689214,0.724250,-0.021092,-0.724099,0.689522,0.015518,0.025783,0.004577,0.999657,0,0.86589,0.13124,51.954,0.262,625.000,425.000,-1,400.000,950.000,325.000,325.000,300.000,300.000,-1,-1,-1,-1,725.000,825.000,700.000,-1,1,0,2,0,1,0,0,0,0,2,2,2,2,1,0,1,2
51,-4435.240,-2459.091,331.303,-45.905,0.695579,0.718178,-0.019740,-0.718029,0.695849,0.015073,0.024561,0.003690,0.999692,0,0.85892,0.25124,51.535,0.502,575.000,425.000,-1,400.000,925.000,325.000,325.000,300.000,300.000,-1,-1,-1,-1,700.000,850.000,675.000,-1,1,0,2,0,1,0,0,0,0,2,2,2,2,1,0,1,2
52,-4399.300,-2495.235,332.515,-45.162,0.704867,0.709103,-0.018323,-0.708955,0.705100,0.014713,0.023353,0.002619,0.999724,0,0.84953,0.37124,50.972,0.742,525.000,425.000,-1,400.000,900.000,350.000,325.000,300.000,300.000,-1,-1,-1,-1,650.000,875.000,625.000,-1,1,0,2,0,1,0,0,0,0,2,2,2,2,1,0,1,2
53,-4363.257,-2530.261,333.665,-44.180,0.716960,0.696910,-0.016865,-0.696762,0.717157,0.014450,0.022165,0.001391,0.999753,0,0.83765,0.49124,50.259,0.982,500.000,425.000,-1,400.000,875.000,350.000,325.000,300.000,300.000,-1,-1,-1,-1,625.000,900.000,575.000,-1,1,0,2,0,1,0,0,0,0,2,2,2,2,1,1,1,2
54,-4327.140,-2563.961,334.738,-43.018,0.730982,0.682223,-0.015389,-0.682075,0.731144,0.014216,0.020950,0.000105,0.999781,0,0.82328,0.58105,49.397,1.162,450.000,425.000,-1,425.000,875.000,350.000,350.000,300.000,300.000,-1,-1,-1,-1,575.000,900.000,525.000,-1,1,0,2,0,1,0,0,0,1,2,2,2,2,1,1,1,2
55,-4291.088,-2596.270,335.497,-41.866,0.744577,0.667391,-0.013954,-0.667267,0.744707,0.012866,0.018979,-0.000268,0.999820,0,0.80685,0.57578,48.411,1.152,425.000,425.000,975.000,425.000,850.000,350.000,350.000,300.000,275.000,-1,-1,-1,-1,550.000,900.000,475.000,-1,1,0,1,0,1,0,0,0,1,2,2,2,2,1,1,1,2
56,-4255.183,-2627.178,336.161,-40.722,0.757777,0.652395,-0.012465,-0.652295,0.757879,0.011432,0.016905,-0.000532,0.999857,0,0.78960,0.57181,47.376,1.144,375.000,425.000,900.000,425.000,875.000,350.000,350.000,300.000,250.000,-1,-1,-1,-1,500.000,925.000,425.000,-1,1,1,1,0,1,0,0,0,1,2,2,2,2,1,1,1,2
57,-4219.493,-2656.686,336.735,-39.584,0.770612,0.637212,-0.010921,-0.637135,0.770689,0.009929,0.014743,-0.000693,0.999891,0,0.77182,0.56910,46.309,1.138,350.000,400.000,825.000,425.000,900.000,350.000,350.000,300.000,250.000,-1,-1,-1,-1,475.000,875.000,375.000,-1,1,1,1,0,1,0,0,0,1,2,2,2,2,1,1,1,2
58,-4179.599,-2688.632,337.293,-38.686,0.780530,0.625052,-0.009074,-0.624998,0.780583,0.008246,0.012237,-0.000765,0.999925,0,0.85182,0.44910,51.109,0.898,300.000,350.000,750.000,425.000,-1,350.000,350.000,300.000,225.000,-1,-1,-1,-1,425.000,800.000,325.000,-1,1,1,1,0,2,0,0,0,1,2,2,2,2,1,1,1,2
59,-4137.587,-2721.488,337.739,-38.028,0.787681,0.616044,-0.007007,-0.616008,0.787711,0.006695,0.009644,-0.000957,0.999953,0,0.88890,0.32910,53.334,0.658,250.000,325.000,675.000,425.000,-1,325.000,350.000,300.000,225.000,-1,-1,-1,-1,375.000,725.000,275.000,-1,1,1,1,0,2,1,0,0,1,2,2,2,2,1,1,1,2
60,-4096.166,-2753.397,338.088,-37.610,0.792173,0.610278,-0.004852,-0.610257,0.792187,0.005130,0.006974,-0.001103,0.999975,0,0.87144,0.20910,52.286,0.418,225.000,300.000,600.000,425.000,-1,300.000,350.000,300.000,250.000,-1,-1,-1,-1,350.000,650.000,225.000,-1,1,1,1,0,2,1,0,0,1,2,2,2,2,1,1,1,2
61,-4050.835,-2788.095,338.353,-37.431,0.794078,0.607811,-0.002356,-0.607802,0.794081,0.003446,0.003965,-0.001305,0.999991,0,0.95144,0.08910,57.086,0.178,175.000,250.000,550.000,425.000,-1,275.000,325.000,300.000,250.000,-1,-1,-1,-1,300.000,600.000,175.000,-1,1,1,1,0,2,1,1,0,1,2,2,2,2,1,1,1,2
62,-4003.843,-2824.142,342.584,-37.493,0.793215,0.608597,-0.020491,-0.608777,0.793334,-0.003453,0.014155,0.015214,0.999784,0,0.98708,-0.03090,59.225,-0.062,150.000,250.000,525.000,425.000,-1,250.000,325.000,325.000,275.000,-1,-1,-1,-1,300.000,550.000,150.000,-1,1,1,1,1,2,1,1,0,1,2,2,2,2,1,1,1,2
63,-3957.217,-2860.285,349.737,-37.795,0.788814,0.612238,-0.054188,-0.613676,0.789435,-0.013924,0.034254,0.044237,0.998434,0,0.98322,-0.15090,58.993,-0.302,150.000,250.000,525.000,400.000,-1,250.000,300.000,325.000,250.000,-1,-1,-1,-1,300.000,525.000,150.000,-1,1,1,1,1,2,1,1,1,0,2,2,2,2,1,1,1,2
64,-3911.098,-2896.722,356.407,-38.337,0.780900,0.618682,-0.086181,-0.622400,0.782354,-0.023255,0.053037,0.071799,0.996008,0,0.97956,-0.27090,58.774,-0.542,125.000,225.000,525.000,375.000,-1,225.000,300.000,300.000,250.000,-1,525.000,175.000,600.000,275.000,525.000,150.000,-1,1,1,1,1,2,1,1,1,0,2,0,0,1,1,1,1,2
65,-3865.648,-2933.637,362.546,-39.119,0.769547,0.627909,-0.116306,-0.634707,0.772130,-0.031032,0.070318,0.097701,0.992729,0,0.97582,-0.39090,58.549,-0.782,125.000,225.000,525.000,375.000,-1,225.000,275.000,300.000,225.000,-1,325.000,100.000,375.000,275.000,525.000,150.000,-1,1,1,1,1,2,1,1,1,0,2,0,0,1,1,1,1,2
66,-3821.046,-2971.188,368.158,-40.140,0.754365,0.639666,-0.147514,-0.650544,0.758541,-0.037519,0.087896,0.124268,0.988348,0,0.97166,-0.51090,58.300,-1.022,125.000,225.000,550.000,350.000,-1,225.000,275.000,275.000,225.000,-1,250.000,50.000,250.000,275.000,550.000,125.000,-1,1,1,1,1,2,1,1,1,0,2,0,0,1,1,1,1,2
67,-4263.559,6231.354,-120.781,-109.575,-0.334013,0.941944,0.034294,-0.941871,-0.334944,0.026292,0.036252,-0.023519,0.999066,1,0.00000,0.00000,57.998,-1.262,-1,400.000,-1,400.000,-1,325.000,325.000,300.000,300.000,-1,700.000,650.000,-1,675.000,800.000,-1,-1,2,0,2,0,2,0,0,0,0,2,0,0,2,0,0,2,2
68,-4265.148,6226.825,-120.608,-109.335,-0.330063,0.943337,0.034255,-0.943264,-0.330995,0.026367,0.036211,-0.023609,0.999065,0,0.08000,0.12000,4.800,0.240,-1,400.000,-1,400.000,-1,325.000,325.000,300.000,300.000,-1,700.000,650.000,-1,675.000,800.000,-1,-1,2,0,2,0,2,0,0,0,0,2,0,0,2,0,0,2,2
69,-4268.250,6217.740,-120.265,-108.855,-0.322146,0.946073,0.034171,-0.946000,-0.323079,0.026522,0.036132,-0.023781,0.999064,0,0.16000,0.24000,9.600,0.480,-1,400.000,-1,400.000,-1,325.000,325.000,300.000,300.000,-1,700.000,650.000,-1,675.000,800.000,-1,-1,2,0,2,0,2,0,0,0,0,2,0,0,2,0,0,2,2
70,-4272.732,6204.055,-119.757,-108.135,-0.310229,0.950053,0.034030,-0.949979,-0.311164,0.026765,0.036017,-0.024024,0.999062,0,0.24000,0.36000,14.400,0.720,1000.000,375.000,-1,400.000,-1,325.000,325.000,300.000,300.000,-1,700.000,650.000,-1,675.000,800.000,-1,-1,0,0,2,0,2,0,0,0,0,2,0,0,2,0,0,2,2
71,-4278.402,6185.711,-119.091,-107.175,-0.294264,0.955126,0.033815,-0.955051,-0.295200,0.027105,0.035870,-0.024319,0.999061,0,0.32000,0.48000,19.200,0.960,1000.000,375.000,-1,400.000,-1,325.000,325.000,300.000,300.000,-1,700.000,650.000,-1,675.000,800.000,-1,-1,0,0,2,0,2,0,0,0,0,2,0,0,2,0,0,2,2
72,-4285.007,6162.638,-118.277,-105.975,-0.274193,0.961091,0.033504,-0.961012,-0.275131,0.027555,0.035701,-0.024642,0.999059,0,0.40000,0.60000,24.000,1.200,975.000,375.000,-1,400.000,-1,325.000,325.000,300.000,300.000,-1,700.000,650.000,-1,650.000,800.000,-1,-1,0,0,2,0,2,0,0,0,0,2,0,0,2,0,0,2,2
73,-4292.306,6134.778,-117.332,-104.682,-0.252436,0.967048,0.033094,-0.966959,-0.253375,0.028125,0.035583,-0.024901,0.999056,0,0.48000,0.64640,28.800,1.293,975.000,375.000,-1,400.000,-1,325.000,325.000,300.000,300.000,-1,700.000,675.000,-1,650.000,800.000,-1,-1,0,0,2,0,2,0,0,0,0,2,0,0,2,0,0,2,2
74,-4300.088,6102.092,-116.269,-103.392,-0.230600,0.972503,0.032580,-0.972398,-0.231541,0.028819,0.035570,-0.025035,0.999054,0,0.56000,0.64494,33.600,1.290,950.000,375.000,-1,400.000,-1,325.000,325.000,300.000,300.000,-1,725.000,675.000,-1,650.000,800.000,-1,-1,0,0,2,0,2,0,0,0,0,2,0,0,2,0,0,2,2
75,-4308.141,6064.546,-115.096,-102.106,-0.208707,0.977456,0.031943,-0.977327,-0.209648,0.029644,0.035673,-0.025032,0.999050,0,0.64000,0.64325,38.400,1.286,925.000,375.000,-1,400.000,-1,325.000,325.000,300.000,300.000,-1,725.000,675.000,-1,650.000,775.000,-1,-1,0,0,2,0,2,0,0,0,0,2,0,0,2,0,0,2,2
76,-4315.430,6026.417,-113.944,-100.823,-0.186777,0.981906,0.031221,-0.981749,-0.187717,0.030513,0.035822,-0.024952,0.999047,0,0.64700,0.64129,38.820,1.283,900.000,375.000,-1,400.000,-1,300.000,325.000,275.000,300.000,-1,725.000,675.000,-1,625.000,775.000,-1,-1,0,0,2,0,2,0,0,0,0,2,0,0,2,0,0,2,2
77,-4321.868,5988.130,-112.821,-99.544,-0.164823,0.985854,0.030418,-0.985665,-0.165761,0.031419,0.036016,-0.024804,0.999043,0,0.64708,0.63929,38.825,1.279,900.000,375.000,-1,400.000,-1,300.000,325.000,275.000,300.000,-1,725.000,675.000,-1,625.000,775.000,1000.000,-1,0,0,2,0,2,0,0,0,0,2,0,0,2,0,0,0,2
78,-4327.454,5949.701,-111.701,-98.270,-0.142865,0.989305,0.029419,-0.989081,-0.143793,0.032292,0.036177,-0.024485,0.999045,0,0.64720,0.63727,38.832,1.275,875.000,350.000,-1,400.000,-1,300.000,325.000,275.000,300.000,-1,725.000,675.000,-1,625.000,775.000,975.000,-1,0,0,2,0,2,0,0,0,0,2,0,0,2,0,0,0,2
79,-4332.187,5911.149,-110.252,-96.999,-0.120962,0.992292,0.026908,-0.991992,-0.121829,0.033324,0.036345,-0.022662,0.999082,0,0.64737,0.63521,38.842,1.270,875.000,350.000,-1,375.000,-1,300.000,300.000,300.000,300.000,-1,750.000,700.000,-1,625.000,775.000,975.000,-1,0,0,2,0,2,0,0,0,0,2,0,0,2,0,0,0,2
80,-4336.069,5872.489,-108.646,-95.733,-0.099074,0.994787,0.024139,-0.994398,-0.099875,0.034610,0.036841,-0.020574,0.999109,0,0.64757,0.63314,38.854,1.266,900.000,350.000,-1,375.000,-1,300.000,300.000,300.000,300.000,-1,750.000,675.000,-1,625.000,750.000,975.000,-1,0,0,2,0,2,0,0,0,0,2,0,0,2,0,0,0,2
81,-4339.313,5830.959,-106.504,-94.467,-0.077061,0.996765,0.022808,-0.996293,-0.077861,0.036570,0.038228,-0.019905,0.999071,0,0.69427,0.63334,41.656,1.267,925.000,350.000,-1,375.000,-1,300.000,300.000,300.000,300.000,-1,750.000,600.000,-1,625.000,750.000,975.000,-1,0,0,2,0,2,0,0,0,0,2,0,0,2,0,0,0,2
82,-4341.635,5789.407,-104.394,-93.198,-0.054985,0.998258,0.021376,-0.997698,-0.055781,0.038577,0.039703,-0.019206,0.999027,0,0.69360,0.63414,41.616,1.268,925.000,350.000,-1,400.000,-1,300.000,300.000,300.000,300.000,-1,700.000,550.000,-1,625.000,750.000,1000.000,-1,0,0,2,0,2,0,0,0,0,2,0,0,2,0,0,0,2
83,-4343.034,5747.856,-102.311,-91.928,-0.032861,0.999263,0.019850,-0.998608,-0.033646,0.040628,0.041266,-0.018487,0.998977,0,0.69292,0.63489,41.575,1.270,975.000,350.000,-1,400.000,-1,300.000,300.000,300.000,300.000,-1,675.000,525.000,-1,625.000,750.000,-1,-1,0,0,2,0,2,0,0,0,0,2,0,0,2,0,0,2,2
84,-4343.511,5706.325,-100.252,-90.657,-0.010699,0.999776,0.018235,-0.999021,-0.011470,0.042720,0.042919,-0.017760,0.998921,0,0.69221,0.63559,41.533,1.271,975.000,350.000,-1,400.000,-1,300.000,300.000,300.000,300.000,-1,650.000,500.000,-1,625.000,750.000,-1,-1,1,0,2,0,2,0,0,0,0,2,0,0,2,0,0,2,2
85,-4343.066,5664.838,-98.212,-89.385,0.011487,0.999797,0.016537,-0.998936,0.010735,0.044850,0.044663,-0.017034,0.998857,0,0.69149,0.63624,41.489,1.272,925.000,350.000,-1,400.000,-1,300.000,300.000,300.000,300.000,-1,600.000,475.000,-1,625.000,725.000,-1,-1,1,0,2,0,2,0,0,0,0,2,0,0,2,0,0,2,2
86,-4341.700,5623.415,-96.187,-88.111,0.033684,0.999324,0.014761,-0.998350,0.032956,0.047017,0.046499,-0.016321,0.998785,0,0.69075,0.63684,41.445,1.274,900.000,350.000,-1,400.000,-1,300.000,300.000,300.000,325.000,-1,575.000,450.000,-1,625.000,725.000,-1,-1,1,0,2,0,2,0,0,0,0,2,0,0,2,0,0,2,2
87,-4339.415,5582.078,-94.173,-86.836,0.055879,0.998354,0.012914,-0.997263,0.055181,0.049219,0.048425,-0.015629,0.998705,0,0.69000,0.63739,41.400,1.275,850.000,350.000,-1,400.000,-1,300.000,300.000,300.000,325.000,-1,550.000,425.000,-1,625.000,725.000,-1,-1,1,0,2,0,2,0,0,0,0,2,0,0,2,0,0,2,2
88,-4336.214,5540.849,-92.166,-85.561,0.078059,0.996888,0.011001,-0.995672,0.077396,0.051455,0.050443,-0.014970,0.998615,0,0.68923,0.63789,41.354,1.276,825.000,350.000,-1,400.000,-1,300.000,300.000,300.000,325.000,-1,525.000,400.000,-1,625.000,725.000,-1,-1,1,0,2,0,2,0,0,0,0,2,0,0,2,0,0,2,2
89,-4332.100,5499.747,-90.161,-84.284,0.100212,0.994925,0.009027,-0.993577,0.099589,0.053724,0.052552,-0.014353,0.998515,0,0.68845,0.63834,41.307,1.277,800.000,350.000,-1,375.000,-1,300.000,300.000,300.000,325.000,-1,500.000,375.000,-1,625.000,725.000,-1,-1,1,0,2,0,2,0,0,0,0,2,0,0,2,0,0,2,2
90,-4327.076,5458.794,-88.156,-83.006,0.122325,0.992465,0.006997,-0.990979,0.121746,0.056025,0.054751,-0.013787,0.998405,0,0.68766,0.63874,41.260,1.277,750.000,350.000,-1,375.000,-1,300.000,300.000,300.000,325.000,-1,475.000,350.000,-1,625.000,725.000,-1,-1,1,0,2,0,2,0,0,0,0,2,0,0,2,0,0,2,2
91,-4321.147,5418.010,-86.145,-81.728,0.144384,0.989510,0.004916,-0.987876,0.143855,0.058359,0.057040,-0.013283,0.998284,0,0.68686,0.63909,41.212,1.278,725.000,375.000,-1,375.000,-1,300.000,300.000,300.000,325.000,-1,450.000,325.000,-1,650.000,725.000,-1,-1,1,0,2,0,2,0,0,0,0,2,0,0,2,0,0,2,2
92,-4314.317,5377.417,-84.126,-80.449,0.166377,0.986058,0.002788,-0.984271,0.165903,0.060725,0.059416,-0.012848,0.998151,0,0.68606,0.63939,41.164,1.279,700.000,375.000,-1,375.000,-1,300.000,300.000,300.000,325.000,-1,400.000,300.000,-1,650.000,700.000,-1,-1,1,0,2,0,2,0,0,0,0,2,0,0,2,0,0,2,2
93,-4305.871,5332.236,-81.857,-79.411,0.184148,0.982898,0.000381,-0.980927,0.183754,0.063381,0.062227,-0.012045,0.997989,0,0.76606,0.51939,45.964,1.039,675.000,375.000,-1,375.000,-1,300.000,300.000,300.000,325.000,-1,375.000,275.000,-1,650.000,700.000,975.000,-1,1,0,2,0,2,0,0,0,0,2,0,0,2,0,0,1,2
94,-4295.847,5282.471,-79.084,-78.612,0.197785,0.980245,-0.001308,-0.978095,0.197439,0.065932,0.064888,-0.011761,0.997823,0,0.84606,0.39939,50.764,0.799,650.000,375.000,-1,375.000,-1,300.000,300.000,300.000,325.000,-1,350.000,275.000,-1,650.000,700.000,925.000,-1,1,0,2,0,2,0,0,0,0,2,0,0,2,0,0,1,2
95,-4284.324,5228.208,-75.538,-78.011,0.208116,0.978103,-0.001426,-0.975738,0.207714,0.069214,0.067995,-0.013013,0.997601,0,0.92455,0.30069,55.473,0.601,625.000,375.000,-1,375.000,-1,300.000,300.000,300.000,325.000,-1,350.000,275.000,-1,675.000,725.000,900.000,-1,1,0,2,0,2,0,0,0,0,2,0,0,2,0,0,1,2
96,-4271.621,5171.258,-71.471,-77.426,0.218063,0.975931,-0.002529,-0.973392,0.217681,0.071577,0.070405,-0.013147,0.997432,0,0.97249,0.29228,58.349,0.585,600.000,375.000,-1,375.000,-1,300.000,300.000,300.000,325.000,-1,375.000,300.000,-1,675.000,725.000,850.000,-1,1,0,2,0,2,0,0,0,0,2,0,0,2,0,0,1,2
97,-4258.346,5114.538,-67.077,-76.828,0.228144,0.973616,-0.004663,-0.970920,0.227864,0.073436,0.072561,-0.012227,0.997289,0,0.97087,0.29919,58.252,0.598,575.000,375.000,950.000,375.000,-1,300.000,300.000,300.000,325.000,-1,400.000,325.000,-1,675.000,725.000,800.000,-1,1,0,1,0,2,0,0,0,0,2,0,0,2,1,0,1,2
98,-4244.495,5058.080,-62.651,-76.215,0.238439,0.971134,-0.006699,-0.968280,0.238257,0.075276,0.074699,-0.011462,0.997140,0,0.96886,0.30613,58.132,0.612,550.000,375.000,900.000,375.000,-1,300.000,300.000,300.000,325.000,-1,425.000,375.000,-1,650.000,725.000,750.000,-1,1,0,1,0,2,0,0,0,0,2,0,0,2,1,0,1,2
99,-4230.063,5001.915,-58.190,-75.590,0.248938,0.968481,-0.008630,-0.965468,0.248851,0.077097,0.076815,-0.010860,0.996986,0,0.96648,0.31289,57.989,0.626,525.000,375.000,825.000,375.000,-1,300.000,300.000,300.000,325.000,-1,450.000,400.000,-1,600.000,725.000,700.000,-1,1,0,1,0,2,0,0,0,0,2,0,0,2,1,0,1,2
100,-4215.056,4946.071,-53.696,-74.958,0.259518,0.965682,-0.010448,-0.962509,0.259519,0.078901,0.078904,-0.010419,0.996828,0,0.96375,0.31599,57.825,0.632,500.000,375.000,775.000,375.000,-1,300.000,300.000,300.000,325.000,-1,475.000,425.000,-1,575.000,725.000,650.000,-1,1,0,1,0,2,0,0,0,0,2,0,0,2,1,0,1,2
101,-4199.477,4890.576,-49.166,-74.320,0.270168,0.962737,-0.012145,-0.959403,0.270250,0.080688,0.080963,-0.010147,0.996665,0,0.96066,0.31880,57.640,0.638,475.000,375.000,725.000,375.000,-1,300.000,325.000,300.000,325.000,-1,500.000,450.000,-1,525.000,675.000,600.000,-1,1,0,1,1,2,0,0,0,0,2,0,0,2,1,1,1,2
102,-4183.336,4835.456,-44.601,-73.677,0.280876,0.959646,-0.013712,-0.956149,0.281031,0.082461,0.082987,-0.010050,0.996500,0,0.95724,0.32131,57.435,0.643,450.000,375.000,650.000,375.000,-1,325.000,300.000,300.000,325.000,-1,525.000,450.000,-1,475.000,625.000,550.000,1000.000,1,1,1,1,2,1,1,0,0,2,0,0,2,1,1,1,1
103,-4166.637,4780.735,-40.000,-73.030,0.291633,0.956411,-0.015142,-0.952749,0.291849,0.084224,0.084972,-0.010136,0.996332,0,0.95353,0.32351,57.212,0.647,425.000,350.000,600.000,350.000,-1,300.000,300.000,325.000,325.000,-1,550.000,450.000,-1,450.000,575.000,500.000,950.000,1,1,1,1,2,1,1,1,0,2,0,0,2,1,1,1,1
104,-4149.391,4726.435,-35.362,-72.380,0.302426,0.953031,-0.016427,-0.949202,0.302693,0.085979,0.086913,-0.010410,0.996162,0,0.94954,0.32539,56.972,0.651,375.000,325.000,550.000,325.000,950.000,275.000,275.000,300.000,325.000,-1,550.000,425.000,-1,400.000,500.000,450.000,900.000,1,1,1,1,1,1,1,0,0,2,0,0,2,1,1,1,1
105,-4131.606,4672.576,-30.594,-71.726,0.313279,0.949506,-0.017140,-0.945529,0.313547,0.087535,0.088489,-0.011217,0.996014,0,0.94533,0.32696,56.720,0.654,350.000,300.000,475.000,300.000,900.000,250.000,250.000,300.000,325.000,-1,550.000,425.000,-1,350.000,450.000,400.000,825.000,1,1,1,1,1,1,1,1,0,2,0,0,2,1,1,1,1
106,-4112.380,4615.739,-25.279,-71.312,0.320199,0.947201,-0.016832,-0.943097,0.320393,0.088972,0.089667,-0.012614,0.995892,0,1.00000,0.20696,60.000,0.414,325.000,250.000,425.000,275.000,825.000,225.000,225.000,300.000,325.000,-1,550.000,450.000,-1,300.000,400.000,350.000,750.000,1,1,1,1,1,1,1,1,0,2,0,0,2,1,1,1,1
107,-4094.535,4563.503,-19.800,-71.138,0.323285,0.946182,-0.015052,-0.941780,0.323252,0.092512,0.092398,-0.015732,0.995598,0,0.92000,0.08696,55.200,0.174,275.000,225.000,375.000,250.000,775.000,200.000,200.000,275.000,325.000,-1,525.000,475.000,-1,275.000,350.000,300.000,675.000,1,1,1,1,1,1,1,1,0,2,0,0,2,1,1,1,1
108,-4078.296,4515.789,-14.324,-71.204,0.322502,0.946488,-0.012384,-0.941687,0.322138,0.097222,0.096009,-0.019693,0.995186,0,0.84000,-0.03304,50.400,-0.066,250.000,200.000,325.000,225.000,725.000,175.000,175.000,250.000,350.000,-1,475.000,450.000,-1,225.000,325.000,250.000,625.000,1,1,1,1,1,1,1,1,0,2,0,0,2,1,1,1,1
109,-4063.834,4472.541,-7.152,-71.510,0.316954,0.948259,-0.018574,-0.942515,0.317099,0.105427,0.105862,-0.015909,0.994254,0,0.76000,-0.15304,45.600,-0.306,200.000,175.000,300.000,225.000,700.000,150.000,175.000,250.000,350.000,950.000,350.000,350.000,-1,200.000,325.000,200.000,600.000,1,1,1,1,1,1,1,1,0,1,0,0,2,1,1,1,1
110,-4051.258,4433.720,3.666,-72.056,0.304904,0.951347,-0.044423,-0.943643,0.308082,0.120930,0.128732,0.005048,0.991667,0,0.68000,-0.27304,40.800,-0.546,200.000,175.000,300.000,225.000,675.000,150.000,175.000,250.000,350.000,900.000,250.000,200.000,-1,200.000,325.000,200.000,575.000,1,1,1,1,1,1,1,1,0,1,0,0,2,1,1,1,1
111,-8199.134,-2951.721,275.551,-143.452,-0.801433,0.593666,-0.072564,-0.597218,-0.800890,0.043669,-0.032191,0.078335,0.996407,1,0.00000,0.00000,36.000,-0.559,825.000,350.000,-1,375.000,-1,300.000,300.000,300.000,275.000,-1,-1,-1,500.000,600.000,600.000,825.000,950.000,0,0,2,0,2,0,0,0,0,2,2,2,1,0,0,0,0
112,-8202.978,-2954.596,275.420,-143.212,-0.798948,0.597003,-0.072592,-0.600559,-0.798379,0.043815,-0.031798,0.078601,0.996399,0,0.08000,0.12000,4.800,0.240,825.000,350.000,-1,375.000,-1,300.000,300.000,300.000,275.000,-1,-1,-1,500.000,600.000,600.000,825.000,925.000,0,0,2,0,2,0,0,0,0,2,2,2,1,0,0,0,0
113,-8210.618,-2960.409,275.283,-142.732,-0.793970,0.603666,-0.072098,-0.607183,-0.793344,0.043978,-0.030650,0.078694,0.996428,0,0.16000,0.24000,9.600,0.480,825.000,350.000,-1,375.000,1000.000,300.000,300.000,300.000,275.000,-1,-1,-1,500.000,600.000,600.000,825.000,925.000,0,0,2,0,0,0,0,0,0,2,2,2,1,0,0,0,0
114,-8221.984,-2969.249,275.083,-142.129,-0.787649,0.611972,-0.071409,-0.615437,-0.786939,0.044312,-0.029077,0.078850,0.996462,0,0.24000,0.30139,14.400,0.603,825.000,350.000,-1,375.000,1000.000,300.000,300.000,300.000,275.000,-1,-1,-1,500.000,600.000,600.000,825.000,925.000,0,0,2,0,0,0,0,0,0,2,2,2,1,0,0,0,0
115,-8237.013,-2981.197,274.826,-141.519,-0.781176,0.620308,-0.070580,-0.623717,-0.780360,0.044900,-0.027226,0.079096,0.996495,0,0.32000,0.30520,19.200,0.610,825.000,350.000,-1,375.000,975.000,300.000,300.000,300.000,275.000,-1,-1,-1,500.000,600.000,600.000,825.000,925.000,0,0,2,0,0,0,0,0,0,2,2,2,1,0,0,0,0
116,-8255.637,-2996.334,274.517,-140.898,-0.774519,0.628710,-0.069605,-0.632054,-0.773571,0.045779,-0.025063,0.079451,0.996524,0,0.40000,0.31042,24.000,0.621,825.000,350.000,-1,375.000,975.000,300.000,300.000,300.000,275.000,-1,-1,-1,500.000,600.000,600.000,825.000,925.000,0,0,2,0,0,0,0,0,0,2,2,2,1,0,0,0,0
117,-8277.783,-3014.745,274.165,-140.264,-0.767643,0.637209,-0.068483,-0.640481,-0.766534,0.046995,-0.022549,0.079937,0.996545,0,0.48000,0.31711,28.800,0.634,825.000,350.000,-1,375.000,950.000,300.000,300.000,300.000,275.000,-1,-1,-1,525.000,600.000,600.000,825.000,900.000,0,0,2,0,0,0,0,0,0,2,2,2,1,0,0,0,0
118,-8303.375,-3036.517,273.798,-139.613,-0.760505,0.645844,-0.067207,-0.649033,-0.759213,0.048495,-0.019704,0.080500,0.996560,0,0.56000,0.32537,33.600,0.651,825.000,350.000,-1,375.000,950.000,300.000,300.000,300.000,300.000,-1,-1,-1,525.000,600.000,600.000,800.000,900.000,0,0,2,0,0,0,0,0,0,2,2,2,1,0,0,0,0
119,-8332.329,-3061.739,273.437,-138.942,-0.753063,0.654653,-0.065768,-0.657741,-0.751564,0.050283,-0.016511,0.081125,0.996567,0,0.64000,0.33531,38.400,0.671,825.000,350.000,-1,350.000,925.000,300.000,300.000,300.000,300.000,-1,-1,-1,550.000,575.000,600.000,800.000,875.000,0,0,2,0,0,0,0,0,0,2,2,2,1,0,0,0,0
120,-8364.511,-3090.466,273.087,-138.248,-0.745270,0.663668,-0.064164,-0.666638,-0.743535,0.052435,-0.012909,0.081852,0.996561,0,0.71899,0.34700,43.139,0.694,825.000,350.000,-1,350.000,900.000,300.000,300.000,300.000,300.000,-1,-1,-1,575.000,575.000,600.000,800.000,875.000,0,0,2,0,0,0,0,0,0,2,2,2,1,0,0,0,0
121,-8396.422,-3119.681,272.798,-137.527,-0.737057,0.672932,-0.062535,-0.675769,-0.735080,0.054714,-0.009149,0.082586,0.996542,0,0.72109,0.36053,43.265,0.721,825.000,350.000,-1,350.000,875.000,300.000,300.000,300.000,300.000,-1,-1,-1,600.000,575.000,575.000,800.000,875.000,0,0,2,0,0,0,0,0,0,2,2,2,1,0,0,0,0
122,-8428.080,-3149.435,272.570,-136.778,-0.728401,0.682441,-0.060886,-0.685132,-0.726176,0.057129,-0.005227,0.083328,0.996508,0,0.72410,0.37449,43.446,0.749,850.000,350.000,-1,350.000,850.000,300.000,300.000,300.000,300.000,-1,-1,525.000,625.000,575.000,575.000,800.000,850.000,0,0,2,0,0,0,0,0,0,2,2,0,1,0,0,0,0
123,-8459.500,-3179.778,272.520,-136.001,-0.719300,0.692216,-0.058687,-0.694699,-0.716825,0.059621,-0.000798,0.083656,0.996494,0,0.72800,0.38888,43.680,0.778,850.000,350.000,-1,350.000,850.000,300.000,300.000,300.000,300.000,-1,525.000,425.000,650.000,575.000,575.000,800.000,850.000,0,0,2,0,0,0,0,0,0,2,0,0,1,0,0,0,0
124,-8490.691,-3210.761,273.057,-135.193,-0.709797,0.702239,-0.055210,-0.704385,-0.706990,0.063295,0.005416,0.083816,0.996467,0,0.73274,0.40371,43.965,0.807,900.000,350.000,-1,350.000,875.000,300.000,300.000,300.000,300.000,-1,450.000,375.000,675.000,575.000,575.000,825.000,875.000,0,0,2,0,0,0,0,0,0,2,0,0,1,0,0,0,0
125,-8521.659,-3242.437,273.741,-134.355,-0.699785,0.712469,-0.051858,-0.714252,-0.696612,0.067646,0.012071,0.084377,0.996361,0,0.73832,0.41896,44.299,0.838,950.000,350.000,-1,350.000,875.000,300.000,300.000,300.000,325.000,-1,400.000,325.000,700.000,575.000,600.000,850.000,875.000,0,0,2,0,0,0,0,0,0,2,0,0,1,0,0,0,0
126,-8552.406,-3274.856,274.501,-133.486,-0.689225,0.722915,-0.048613,-0.724300,-0.685684,0.072297,0.018932,0.085039,0.996198,0,0.74470,0.43465,44.682,0.869,-1,350.000,-1,350.000,900.000,300.000,300.000,300.000,325.000,-1,350.000,300.000,725.000,575.000,600.000,900.000,875.000,2,0,2,0,0,0,0,0,0,2,0,0,1,0,0,0,0
127,-8583.649,-3308.852,275.361,-132.588,-0.678142,0.733526,-0.045420,-0.734466,-0.674219,0.077379,0.026137,0.085834,0.995967,0,0.76954,0.44917,46.172,0.898,-1,350.000,-1,350.000,950.000,300.000,300.000,325.000,300.000,-1,325.000,300.000,750.000,600.000,600.000,950.000,875.000,2,0,2,0,0,0,0,0,0,2,0,0,1,0,0,0,0
128,-8614.529,-3343.565,276.309,-131.659,-0.666503,0.744294,-0.042427,-0.744749,-0.662192,0.082771,0.033511,0.086765,0.995665,0,0.77434,0.46422,46.460,0.928,-1,350.000,-1,350.000,950.000,300.000,300.000,325.000,300.000,-1,325.000,275.000,775.000,600.000,600.000,-1,900.000,2,0,2,0,0,0,0,0,0,2,0,0,1,0,0,2,0
129,-8645.045,-3379.045,278.039,-130.700,-0.654178,0.755260,-0.040430,-0.755335,-0.649618,0.086400,0.038990,0.087059,0.995440,0,0.77997,0.47976,46.798,0.960,-1,350.000,-1,350.000,950.000,300.000,300.000,325.000,300.000,-1,325.000,275.000,800.000,600.000,600.000,-1,900.000,2,0,2,0,0,0,0,0,0,2,0,0,1,0,0,2,0
130,-8675.190,-3415.346,280.093,-129.708,-0.641198,0.766413,-0.038416,-0.766113,-0.636471,0.089300,0.043990,0.086690,0.995264,0,0.78644,0.49578,47.186,0.992,-1,350.000,-1,350.000,950.000,300.000,300.000,325.000,300.000,-1,325.000,300.000,825.000,600.000,575.000,-1,900.000,2,0,2,0,0,0,0,0,0,2,0,0,1,0,0,2,0
