timestep,x_cm,y_cm,z_cm,yaw_deg,basis_xx,basis_xy,basis_xz,basis_yx,basis_yy,basis_yz,basis_zx,basis_zy,basis_zz,teleport_flag,throttle_cmd,steering_cmd,cmd_move_cm,cmd_turn_deg,lidar_cm_0,lidar_cm_1,lidar_cm_2,lidar_cm_3,lidar_cm_4,lidar_cm_5,lidar_cm_6,lidar_cm_7,lidar_cm_8,lidar_cm_9,lidar_cm_10,lidar_cm_11,lidar_cm_12,lidar_cm_13,lidar_cm_14,lidar_cm_15,lidar_cm_16,lidar_class_0,lidar_class_1,lidar_class_2,lidar_class_3,lidar_class_4,lidar_class_5,lidar_class_6,lidar_class_7,lidar_class_8,lidar_class_9,lidar_class_10,lidar_class_11,lidar_class_12,lidar_class_13,lidar_class_14,lidar_class_15,lidar_class_16
0,-8855.084,3607.628,133.084,-52.720,0.605559,0.795639,0.016031,-0.795715,0.605666,-0.002491,-0.011691,-0.011247,0.999868,1,0.00000,0.00000,-4.800,-0.240,-1,400.000,-1,400.000,-1,325.000,325.000,300.000,300.000,-1,-1,-1,-1,800.000,775.000,-1,-1,2,0,2,0,2,0,0,0,0,2,2,2,2,0,0,2,2
1,-8852.192,3603.796,133.024,-52.960,0.602219,0.798168,0.016097,-0.798245,0.602328,-0.002499,-0.011690,-0.011345,0.999867,0,0.08000,-0.12000,4.800,-0.240,-1,400.000,-1,400.000,-1,325.000,325.000,300.000,300.000,-1,-1,-1,-1,800.000,775.000,-1,-1,2,0,2,0,2,0,0,0,0,2,2,2,2,0,0,2,2
2,-8846.474,3596.085,132.906,-53.440,0.595509,0.803185,0.016231,-0.803264,0.595619,-0.002514,-0.011687,-0.011541,0.999865,0,0.16000,-0.24000,9.600,-0.480,-1,400.000,-1,400.000,-1,325.000,325.000,300.000,300.000,-1,-1,-1,-1,800.000,775.000,-1,-1,2,0,2,0,2,0,0,0,0,2,2,2,2,0,0,2,2
3,-8838.043,3584.412,132.729,-54.160,0.585366,0.810603,0.016432,-0.810685,0.585477,-0.002538,-0.011678,-0.011836,0.999862,0,0.24000,-0.36000,14.400,-0.720,-1,400.000,-1,400.000,-1,325.000,325.000,300.000,300.000,-1,-1,-1,-1,800.000,775.000,-1,-1,2,0,2,0,2,0,0,0,0,2,2,2,2,0,0,2,2
4,-8827.008,3568.699,132.493,-54.919,0.574574,0.818283,0.016695,-0.818369,0.574687,-0.002583,-0.011708,-0.012179,0.999857,0,0.32000,-0.37943,19.200,-0.759,-1,400.000,-1,400.000,-1,325.000,325.000,300.000,300.000,-1,-1,-1,-1,800.000,775.000,-1,-1,2,0,2,0,2,0,0,0,0,2,2,2,2,0,0,2,2
5,-8813.474,3548.879,132.196,-55.675,0.563720,0.825791,0.017020,-0.825882,0.563837,-0.002653,-0.011787,-0.012561,0.999852,0,0.40000,-0.37802,24.000,-0.756,-1,400.000,-1,400.000,-1,325.000,325.000,300.000,300.000,-1,-1,-1,-1,800.000,775.000,-1,-1,2,0,2,0,2,0,0,0,0,2,2,2,2,0,0,2,2
6,-8797.548,3524.883,131.839,-56.428,0.552819,0.833120,0.017404,-0.833216,0.552940,-0.002747,-0.011912,-0.012983,0.999845,0,0.48000,-0.37624,28.800,-0.752,-1,400.000,-1,400.000,-1,325.000,325.000,300.000,300.000,-1,-1,-1,-1,800.000,775.000,-1,-1,2,0,2,0,2,0,0,0,0,2,2,2,2,0,0,2,2
7,-8779.335,3496.648,131.420,-57.176,0.541885,0.840263,0.017848,-0.840366,0.542012,-0.002865,-0.012081,-0.013446,0.999837,0,0.56000,-0.37405,33.600,-0.748,-1,400.000,-1,400.000,-1,325.000,325.000,300.000,300.000,-1,-1,-1,-1,775.000,775.000,-1,-1,2,0,2,0,2,0,0,0,0,2,2,2,2,0,0,2,2
8,-8758.940,3464.112,130.936,-57.919,0.530936,0.847213,0.018350,-0.847323,0.531070,-0.003005,-0.012291,-0.013953,0.999827,0,0.64000,-0.37140,38.400,-0.743,-1,400.000,-1,400.000,-1,325.000,325.000,300.000,300.000,-1,-1,-1,-1,775.000,750.000,-1,-1,2,0,2,0,2,0,0,0,0,2,2,2,2,0,0,2,2
9,-8736.468,3427.217,130.386,-58.655,0.519992,0.853962,0.018914,-0.854079,0.520134,-0.003167,-0.012543,-0.014507,0.999816,0,0.72000,-0.36819,43.200,-0.736,-1,400.000,-1,400.000,-1,325.000,325.000,300.000,300.000,-1,-1,-1,-1,775.000,750.000,-1,-1,2,0,2,0,2,0,0,0,0,2,2,2,2,0,0,2,2
10,-8712.022,3385.908,129.768,-59.384,0.509077,0.860499,0.019538,-0.860626,0.509227,-0.003351,-0.012833,-0.015108,0.999804,0,0.80000,-0.36433,48.000,-0.729,-1,400.000,-1,400.000,-1,325.000,325.000,300.000,300.000,-1,-1,-1,-1,775.000,750.000,-1,-1,2,0,2,0,2,0,0,0,0,2,2,2,2,0,0,2,2
11,-8686.078,3340.786,129.102,-60.103,0.498217,0.866816,0.020233,-0.866953,0.498378,-0.003495,-0.013114,-0.015800,0.999789,0,0.86748,-0.35971,52.049,-0.719,-1,400.000,-1,400.000,-1,325.000,325.000,300.000,300.000,-1,-1,-1,-1,775.000,750.000,-1,-1,2,0,2,0,2,0,0,0,0,2,2,2,2,0,0,2,2
12,-8660.785,3295.508,128.457,-60.812,0.487445,0.872902,0.020976,-0.873052,0.487614,-0.003515,-0.013297,-0.016600,0.999774,0,0.86439,-0.35428,51.863,-0.709,-1,400.000,-1,400.000,-1,325.000,325.000,300.000,300.000,-1,-1,-1,-1,775.000,750.000,-1,-1,2,0,2,0,2,0,0,0,0,2,2,2,2,0,0,2,2
13,-8636.124,3250.071,127.808,-61.509,0.476777,0.878755,0.021726,-0.878921,0.476954,-0.003524,-0.013459,-0.017415,0.999758,0,0.86163,-0.34844,51.698,-0.697,-1,400.000,-1,400.000,-1,325.000,325.000,300.000,300.000,-1,-1,-1,-1,775.000,750.000,-1,-1,2,0,2,0,2,0,0,0,0,2,2,2,2,0,0,2,2
14,-8612.074,3204.471,127.155,-62.193,0.466232,0.884377,0.022481,-0.884558,0.466417,-0.003522,-0.013600,-0.018244,0.999741,0,0.85922,-0.34219,51.553,-0.684,-1,400.000,-1,400.000,-1,325.000,325.000,300.000,300.000,-1,-1,-1,-1,750.000,750.000,-1,-1,2,0,2,0,2,0,0,0,0,2,2,2,2,0,0,2,2
15,-8588.617,3158.704,126.505,-62.864,0.455827,0.889765,0.023228,-0.889962,0.456020,-0.003540,-0.013743,-0.019058,0.999724,0,0.85715,-0.33555,51.429,-0.671,-1,400.000,-1,400.000,-1,325.000,325.000,300.000,300.000,-1,-1,-1,-1,750.000,750.000,-1,-1,2,0,2,0,2,0,0,0,0,2,2,2,2,0,0,2,2
16,-8565.733,3112.762,125.891,-63.521,0.445583,0.894925,0.023783,-0.895135,0.445781,-0.003514,-0.013747,-0.019723,0.999711,0,0.85543,-0.32852,51.326,-0.657,-1,400.000,-1,400.000,-1,325.000,325.000,300.000,300.000,-1,-1,-1,-1,750.000,750.000,-1,-1,2,0,2,0,2,0,0,0,0,2,2,2,2,0,0,2,2
17,-8543.400,3066.640,125.338,-64.163,0.435522,0.899858,0.024013,-0.900077,0.435718,-0.003402,-0.013524,-0.020132,0.999706,0,0.85407,-0.32112,51.244,-0.642,-1,400.000,-1,400.000,-1,325.000,325.000,300.000,300.000,-1,-1,-1,-1,750.000,750.000,-1,-1,2,0,2,0,2,0,0,0,0,2,2,2,2,0,0,2,2
18,-8521.599,3020.331,124.785,-64.790,0.425652,0.904562,0.024236,-0.904790,0.425846,-0.003268,-0.013277,-0.020538,0.999701,0,0.85307,-0.31335,51.184,-0.627,-1,400.000,-1,400.000,-1,325.000,325.000,300.000,300.000,-1,-1,-1,-1,750.000,725.000,-1,-1,2,0,2,0,2,0,0,0,0,2,2,2,2,0,0,2,2
19,-8500.308,2973.827,124.231,-65.401,0.415990,0.909040,0.024453,-0.909276,0.416182,-0.003112,-0.013006,-0.020940,0.999696,0,0.85243,-0.30522,51.146,-0.610,-1,400.000,-1,400.000,-1,325.000,325.000,300.000,300.000,-1,-1,-1,-1,750.000,725.000,-1,-1,2,0,2,0,2,0,0,0,0,2,2,2,2,0,0,2,2
20,-8479.507,2927.121,123.626,-65.994,0.406558,0.913298,0.024435,-0.913539,0.406742,-0.002876,-0.012566,-0.021153,0.999697,0,0.85214,-0.29673,51.129,-0.593,-1,400.000,-1,400.000,-1,325.000,325.000,300.000,300.000,-1,-1,-1,-1,750.000,725.000,-1,-1,2,0,2,0,2,0,0,0,0,2,2,2,2,0,0,2,2
21,-8459.175,2880.204,123.019,-66.570,0.397366,0.917336,0.024406,-0.917580,0.397542,-0.002612,-0.012099,-0.021356,0.999699,0,0.85222,-0.28789,51.133,-0.576,-1,400.000,-1,400.000,-1,325.000,325.000,300.000,300.000,-1,-1,-1,-1,750.000,725.000,-1,-1,2,0,2,0,2,0,0,0,0,2,2,2,2,0,0,2,2
22,-8439.290,2833.067,122.411,-67.127,0.388430,0.921156,0.024378,-0.921405,0.388597,-0.002324,-0.011614,-0.021559,0.999700,0,0.85266,-0.27871,51.160,-0.557,-1,400.000,-1,400.000,-1,325.000,325.000,300.000,300.000,-1,-1,-1,-1,725.000,725.000,-1,-1,2,0,2,0,2,0,0,0,0,2,2,2,2,0,0,2,2
23,-8419.830,2785.701,121.803,-67.666,0.379766,0.924762,0.024352,-0.925016,0.379923,-0.002013,-0.011114,-0.021761,0.999701,0,0.85347,-0.26918,51.208,-0.538,-1,400.000,-1,375.000,-1,325.000,325.000,300.000,300.000,-1,-1,-1,-1,725.000,725.000,-1,-1,2,0,2,0,2,0,0,0,0,2,2,2,2,0,0,2,2
24,-8400.774,2738.095,121.200,-68.184,0.371387,0.928159,0.024357,-0.928417,0.371535,-0.001688,-0.010617,-0.021986,0.999702,0,0.85463,-0.25931,51.278,-0.519,-1,400.000,-1,375.000,-1,325.000,325.000,300.000,300.000,-1,-1,-1,-1,725.000,725.000,-1,-1,2,0,2,0,2,0,0,0,0,2,2,2,2,0,0,2,2
25,-8382.099,2690.240,120.630,-68.682,0.363307,0.931347,0.024517,-0.931614,0.363447,-0.001390,-0.010205,-0.022335,0.999698,0,0.85617,-0.24911,51.370,-0.498,-1,400.000,-1,375.000,-1,325.000,325.000,300.000,300.000,-1,-1,-1,-1,725.000,725.000,-1,-1,2,0,2,0,2,0,0,0,0,2,2,2,2,0,0,2,2
26,-8363.782,2642.124,120.155,-69.159,0.355547,0.934326,0.024914,-0.934610,0.355673,-0.000697,-0.009512,-0.023037,0.999689,0,0.85807,-0.23856,51.484,-0.477,-1,375.000,-1,375.000,-1,325.000,325.000,300.000,300.000,-1,-1,-1,-1,725.000,725.000,-1,-1,2,0,2,0,2,0,0,0,0,2,2,2,2,0,0,2,2
27,-8345.801,2593.737,119.689,-69.615,0.348120,0.937107,0.025354,-0.937409,0.348231,0.000044,-0.008788,-0.023783,0.999679,0,0.86033,-0.22768,51.620,-0.455,-1,375.000,-1,375.000,-1,325.000,325.000,300.000,300.000,-1,-1,-1,-1,725.000,725.000,-1,-1,2,0,2,0,2,0,0,0,0,2,2,2,2,0,0,2,2
28,-8327.836,2544.240,119.262,-70.051,0.340981,0.939718,0.025720,-0.940035,0.341079,0.000642,-0.008170,-0.024397,0.999669,0,0.87762,-0.21818,52.657,-0.436,-1,375.000,-1,375.000,-1,325.000,325.000,300.000,300.000,-1,-1,-1,-1,725.000,725.000,-1,-1,2,0,2,0,2,0,0,0,0,2,2,2,2,0,0,2,2
29,-8312.040,2499.065,118.980,-70.728,0.329876,0.943674,0.025727,-0.943994,0.329960,0.001009,-0.007536,-0.024619,0.999668,0,0.79762,-0.33818,47.857,-0.676,-1,375.000,-1,375.000,-1,325.000,325.000,300.000,300.000,-1,-1,-1,-1,725.000,725.000,-1,-1,2,0,2,0,2,0,0,0,0,2,2,2,2,0,0,2,2
30,-8298.480,2458.198,118.836,-71.644,0.314763,0.948833,0.025286,-0.949148,0.314827,0.001508,-0.006530,-0.024475,0.999679,0,0.71762,-0.45818,43.057,-0.916,-1,375.000,-1,375.000,-1,325.000,325.000,300.000,300.000,-1,-1,-1,-1,725.000,725.000,-1,-1,2,0,2,0,2,0,0,0,0,2,2,2,2,0,0,2,2
31,-8285.927,2417.644,118.718,-72.800,0.295573,0.954997,0.024858,-0.955305,0.295616,0.002024,-0.005416,-0.024345,0.999689,0,0.70755,-0.57818,42.453,-1.156,-1,375.000,-1,375.000,-1,325.000,325.000,300.000,300.000,-1,-1,-1,-1,725.000,725.000,-1,-1,2,0,2,0,2,0,0,0,0,2,2,2,2,0,0,2,2
32,-8274.326,2376.656,118.626,-74.197,0.272237,0.961920,0.024444,-0.962221,0.272257,0.002569,-0.004183,-0.024220,0.999698,0,0.70997,-0.69818,42.598,-1.396,-1,375.000,-1,375.000,-1,325.000,325.000,300.000,300.000,-1,-1,-1,-1,725.000,725.000,-1,-1,2,0,2,0,2,0,0,0,0,2,2,2,2,0,0,2,2
33,-8263.727,2335.231,118.557,-75.648,0.247809,0.968510,0.024061,-0.968805,0.247806,0.003148,-0.002914,-0.024090,0.999706,0,0.71266,-0.72570,42.760,-1.451,-1,375.000,-1,400.000,-1,325.000,325.000,300.000,300.000,-1,-1,-1,-1,725.000,725.000,-1,-1,2,0,2,0,2,0,0,0,0,2,2,2,2,0,0,2,2
34,-8254.134,2293.394,118.512,-77.085,0.223473,0.974421,0.023714,-0.974709,0.223448,0.003756,-0.001639,-0.023954,0.999712,0,0.71537,-0.71828,42.922,-1.437,-1,375.000,-1,400.000,-1,325.000,325.000,300.000,300.000,-1,-1,-1,-1,725.000,750.000,-1,-1,2,0,2,0,2,0,0,0,0,2,2,2,2,0,0,2,2
35,-8245.550,2251.179,118.489,-78.506,0.199249,0.979669,0.023405,-0.979949,0.199201,0.004392,-0.000360,-0.023811,0.999716,0,0.71798,-0.71093,43.079,-1.422,-1,375.000,-1,400.000,-1,325.000,325.000,300.000,300.000,-1,-1,-1,-1,725.000,750.000,-1,-1,2,0,2,0,2,0,0,0,0,2,2,2,2,0,0,2,2
36,-8237.979,2208.616,118.488,-79.914,0.175152,0.984269,0.023135,-0.984541,0.175082,0.005049,0.000920,-0.023662,0.999720,0,0.72052,-0.70363,43.231,-1.407,-1,375.000,-1,400.000,-1,325.000,325.000,300.000,300.000,-1,-1,-1,-1,725.000,750.000,-1,-1,2,0,2,0,2,0,0,0,0,2,2,2,2,0,0,2,2
37,-8231.422,2165.736,118.510,-81.306,0.151199,0.988238,0.022906,-0.988501,0.151107,0.005727,0.002198,-0.023508,0.999721,0,0.72297,-0.69639,43.378,-1.393,-1,375.000,-1,400.000,-1,325.000,325.000,300.000,300.000,-1,-1,-1,-1,725.000,750.000,-1,-1,2,0,2,0,2,0,0,0,0,2,2,2,2,0,0,2,2
38,-8225.631,2121.986,118.549,-82.459,0.131309,0.991081,0.022706,-0.991336,0.131195,0.006425,0.003389,-0.023353,0.999722,0,0.73552,-0.57639,44.131,-1.153,-1,375.000,-1,400.000,-1,325.000,325.000,300.000,300.000,-1,-1,-1,-1,725.000,750.000,-1,-1,2,0,2,0,2,0,0,0,0,2,2,2,2,0,0,2,2
39,-8220.522,2078.020,118.604,-83.372,0.115524,0.993049,0.022528,-0.993295,0.115391,0.007131,0.004481,-0.023201,0.999721,0,0.73769,-0.45639,44.262,-0.913,-1,375.000,-1,400.000,-1,325.000,325.000,300.000,300.000,-1,975.000,1000.000,-1,725.000,750.000,-1,-1,2,0,2,0,2,0,0,0,0,2,0,0,2,0,0,2,2
40,-8215.918,2033.877,118.670,-84.045,0.103875,0.994339,0.022364,-0.994575,0.103723,0.007841,0.005477,-0.023057,0.999719,0,0.73971,-0.33639,44.383,-0.673,-1,375.000,-1,400.000,-1,325.000,325.000,300.000,300.000,-1,950.000,950.000,-1,725.000,750.000,-1,-1,2,0,2,0,2,0,0,0,0,2,0,0,2,0,0,2,2
41,-8211.635,1989.585,118.767,-84.478,0.096378,0.995095,0.022294,-0.995325,0.096210,0.008493,0.006307,-0.023008,0.999715,0,0.74165,-0.21639,44.499,-0.433,-1,375.000,-1,400.000,-1,325.000,325.000,300.000,300.000,-1,925.000,925.000,-1,725.000,750.000,-1,-1,2,0,2,0,2,0,0,0,0,2,0,0,2,0,0,2,2
42,-8207.491,1945.162,118.988,-84.670,0.093043,0.995407,0.022517,-0.995638,0.092860,0.009005,0.006873,-0.023257,0.999706,0,0.74359,-0.09639,44.615,-0.193,-1,375.000,-1,400.000,-1,325.000,325.000,300.000,300.000,-1,925.000,925.000,-1,725.000,750.000,-1,-1,2,0,2,0,2,0,0,0,0,2,0,0,2,0,0,2,2
43,-8203.250,1900.095,119.364,-84.623,0.093867,0.995338,0.022185,-0.995559,0.093682,0.009248,0.007127,-0.022954,0.999711,0,0.75445,0.02361,45.267,0.047,-1,375.000,-1,400.000,-1,325.000,325.000,300.000,300.000,-1,950.000,950.000,-1,725.000,750.000,-1,-1,2,0,2,0,2,0,0,0,0,2,0,0,2,0,0,2,2
44,-8198.786,1855.088,119.744,-84.336,0.098858,0.994862,0.021830,-0.995075,0.098671,0.009513,0.007310,-0.022663,0.999716,0,0.75378,0.14361,45.227,0.287,-1,375.000,-1,400.000,-1,325.000,325.000,300.000,300.000,-1,1000.000,975.000,-1,725.000,775.000,-1,-1,2,0,2,0,2,0,0,0,0,2,0,0,2,0,0,2,2
45,-8193.914,1810.173,120.117,-83.809,0.108011,0.993918,0.021479,-0.994122,0.107822,0.009779,0.007404,-0.022409,0.999721,0,0.75298,0.26361,45.179,0.527,-1,375.000,-1,400.000,-1,325.000,325.000,300.000,300.000,-1,-1,1000.000,-1,725.000,775.000,-1,-1,2,0,2,0,2,0,0,0,0,2,2,0,2,0,0,2,2
46,-8188.447,1765.382,120.481,-83.041,0.121311,0.992390,0.021129,-0.992587,0.121121,0.010049,0.007413,-0.022191,0.999726,0,0.75206,0.38361,45.124,0.767,-1,375.000,-1,400.000,-1,325.000,325.000,300.000,300.000,-1,-1,-1,-1,750.000,775.000,-1,-1,2,0,2,0,2,0,0,0,0,2,2,2,2,0,0,2,2
47,-8182.279,1720.744,120.831,-82.134,0.137022,0.990350,0.020773,-0.990541,0.136832,0.010322,0.007380,-0.021991,0.999731,0,0.75104,0.45397,45.062,0.908,-1,375.000,-1,400.000,-1,325.000,325.000,300.000,300.000,-1,-1,-1,-1,750.000,775.000,-1,-1,2,0,2,0,2,0,0,0,0,2,2,2,2,0,0,2,2
48,-8175.414,1676.271,121.170,-81.224,0.152720,0.988059,0.020408,-0.988242,0.152529,0.010598,0.007359,-0.021787,0.999736,0,0.74999,0.45459,44.999,0.909,-1,375.000,-1,400.000,-1,325.000,325.000,300.000,300.000,-1,-1,-1,-1,750.000,775.000,-1,-1,2,0,2,0,2,0,0,0,0,2,2,2,2,0,0,2,2
49,-8167.852,1631.971,121.497,-80.313,0.168411,0.985513,0.020036,-0.985689,0.168220,0.010879,0.007351,-0.021581,0.999740,0,0.74902,0.45548,44.941,0.911,-1,375.000,-1,400.000,-1,325.000,325.000,300.000,300.000,-1,-1,-1,-1,750.000,775.000,-1,-1,2,0,2,0,2,0,0,0,0,2,2,2,2,0,0,2,2
50,-8159.595,1587.848,121.813,-79.400,0.184099,0.982711,0.019656,-0.982880,0.183908,0.011163,0.007355,-0.021374,0.999744,0,0.74815,0.45665,44.889,0.913,-1,375.000,-1,400.000,-1,325.000,325.000,300.000,300.000,-1,-1,-1,-1,750.000,775.000,-1,-1,2,0,2,0,2,0,0,0,0,2,2,2,2,0,0,2,2
51,-8150.642,1543.905,122.119,-78.484,0.199791,0.979649,0.019268,-0.979811,0.199599,0.011452,0.007373,-0.021167,0.999749,0,0.74742,0.45809,44.845,0.916,-1,400.000,-1,400.000,-1,325.000,325.000,300.000,300.000,-1,-1,-1,-1,750.000,775.000,-1,-1,2,0,2,0,2,0,0,0,0,2,2,2,2,0,0,2,2
52,-8140.993,1500.147,122.415,-77.564,0.215490,0.976324,0.018874,-0.976478,0.215297,0.011745,0.007403,-0.020961,0.999753,0,0.74683,0.45980,44.810,0.920,-1,400.000,-1,400.000,-1,325.000,325.000,300.000,300.000,-1,-1,-1,-1,750.000,775.000,-1,-1,2,0,2,0,2,0,0,0,0,2,2,2,2,0,0,2,2
53,-8130.645,1456.573,122.702,-76.641,0.231200,0.972731,0.018473,-0.972878,0.231006,0.012043,0.007447,-0.020756,0.999757,0,0.74643,0.46177,44.786,0.924,-1,400.000,-1,400.000,-1,325.000,325.000,300.000,300.000,-1,-1,-1,-1,750.000,775.000,-1,-1,2,0,2,0,2,0,0,0,0,2,2,2,2,0,0,2,2
54,-8119.596,1413.185,122.980,-75.713,0.246926,0.968866,0.018065,-0.969005,0.246731,0.012345,0.007504,-0.020553,0.999761,0,0.74621,0.46399,44.773,0.928,-1,400.000,-1,400.000,-1,325.000,325.000,300.000,300.000,-1,-1,-1,-1,750.000,775.000,-1,-1,2,0,2,0,2,0,0,0,0,2,2,2,2,0,0,2,2
55,-8107.842,1369.983,123.269,-74.780,0.262670,0.964723,0.017735,-0.964857,0.262474,0.012616,0.007516,-0.020426,0.999763,0,0.74622,0.46647,44.773,0.933,-1,400.000,-1,400.000,-1,325.000,325.000,300.000,300.000,-1,-1,-1,-1,750.000,775.000,-1,-1,2,0,2,0,2,0,0,0,0,2,2,2,2,0,0,2,2
56,-8095.378,1326.965,123.528,-73.841,0.278432,0.960299,0.017367,-0.960428,0.278240,0.012704,0.007367,-0.020217,0.999768,0,0.74645,0.46919,44.787,0.938,-1,400.000,-1,400.000,-1,325.000,325.000,300.000,300.000,-1,-1,-1,-1,750.000,775.000,-1,-1,2,0,2,0,2,0,0,0,0,2,2,2,2,0,0,2,2
57,-8082.198,1284.131,123.772,-72.897,0.294218,0.955587,0.016979,-0.955711,0.294030,0.012761,0.007202,-0.019982,0.999774,0,0.74692,0.47216,44.815,0.944,-1,400.000,-1,400.000,-1,325.000,325.000,300.000,300.000,-1,-1,-1,-1,750.000,800.000,-1,-1,2,0,2,0,2,0,0,0,0,2,2,2,2,0,0,2,2
58,-8068.296,1241.480,124.019,-71.946,0.310031,0.950582,0.016566,-0.950701,0.309846,0.012777,0.007013,-0.019711,0.999781,0,0.74766,0.47536,44.859,0.951,-1,400.000,-1,400.000,-1,325.000,325.000,300.000,300.000,-1,-1,-1,-1,750.000,800.000,-1,-1,2,0,2,0,2,0,0,0,0,2,2,2,2,0,0,2,2
59,-8053.663,1199.011,124.294,-70.989,0.325869,0.945277,0.016125,-0.945391,0.325692,0.012695,0.006748,-0.019381,0.999789,0,0.74865,0.47880,44.919,0.958,-1,400.000,-1,400.000,-1,325.000,325.000,300.000,300.000,-1,-1,-1,-1,750.000,800.000,-1,-1,2,0,2,0,2,0,0,0,0,2,2,2,2,0,0,2,2
60,-8038.292,1156.723,124.527,-70.024,0.341736,0.939662,0.015873,-0.939774,0.341565,0.012551,0.006372,-0.019206,0.999795,0,0.74992,0.48246,44.995,0.965,-1,400.000,-1,400.000,-1,325.000,325.000,300.000,300.000,-1,-1,-1,-1,750.000,800.000,-1,-1,2,0,2,0,2,0,0,0,0,2,2,2,2,0,0,2,2
61,-8022.171,1114.615,124.754,-69.051,0.357634,0.933731,0.015632,-0.933843,0.357469,0.012410,0.006000,-0.019036,0.999801,0,0.75147,0.48634,45.088,0.973,-1,400.000,-1,400.000,-1,325.000,325.000,300.000,300.000,-1,-1,-1,-1,750.000,800.000,-1,-1,2,0,2,0,2,0,0,0,0,2,2,2,2,0,0,2,2
62,-8005.307,1072.721,124.976,-68.073,0.373518,0.927495,0.015402,-0.927606,0.373359,0.012273,0.005633,-0.018871,0.999806,0,0.75269,0.48912,45.162,0.978,-1,400.000,-1,400.000,-1,325.000,325.000,300.000,300.000,-1,-1,-1,-1,750.000,800.000,-1,-1,2,0,2,0,2,0,0,0,0,2,2,2,2,0,0,2,2
63,-7987.729,1031.120,125.192,-67.095,0.389294,0.920988,0.015184,-0.921098,0.389141,0.012139,0.005271,-0.018711,0.999811,0,0.75269,0.48912,45.162,0.978,-1,400.000,-1,400.000,-1,325.000,325.000,300.000,300.000,-1,-1,-1,-1,750.000,800.000,-1,-1,2,0,2,0,2,0,0,0,0,2,2,2,2,0,0,2,2
64,-7969.444,989.826,125.403,-66.116,0.404957,0.914213,0.014979,-0.914323,0.404809,0.012008,0.004914,-0.018559,0.999816,0,0.75269,0.48912,45.162,0.978,-1,400.000,-1,400.000,-1,325.000,325.000,300.000,300.000,-1,-1,-1,-1,750.000,800.000,-1,-1,2,0,2,0,2,0,0,0,0,2,2,2,2,0,0,2,2
65,-7950.457,948.850,125.609,-65.138,0.420502,0.907171,0.014788,-0.907280,0.420359,0.011882,0.004563,-0.018413,0.999820,0,0.75269,0.48912,45.162,0.978,-1,400.000,-1,400.000,-1,325.000,325.000,300.000,300.000,-1,-1,-1,-1,775.000,800.000,-1,-1,2,0,2,0,2,0,0,0,0,2,2,2,2,0,0,2,2
66,-7930.773,908.204,125.811,-64.160,0.435925,0.899864,0.014610,-0.899973,0.435787,0.011759,0.004215,-0.018275,0.999824,0,0.75269,0.48912,45.162,0.978,-1,400.000,-1,400.000,-1,325.000,325.000,300.000,300.000,-1,-1,-1,-1,775.000,825.000,-1,-1,2,0,2,0,2,0,0,0,0,2,2,2,2,0,0,2,2
67,-7910.398,867.900,126.038,-63.182,0.451222,0.892297,0.014303,-0.892403,0.451088,0.011671,0.003962,-0.018031,0.999830,0,0.75269,0.48912,45.162,0.978,-1,400.000,-1,400.000,-1,325.000,325.000,300.000,300.000,-1,-1,-1,-1,775.000,825.000,-1,-1,2,0,2,0,2,0,0,0,0,2,2,2,2,0,0,2,2
68,-7889.338,827.949,126.262,-62.204,0.466387,0.884470,0.014003,-0.884573,0.466258,0.011585,0.003717,-0.017790,0.999835,0,0.75269,0.48912,45.162,0.978,-1,400.000,-1,400.000,-1,325.000,325.000,300.000,300.000,-1,-1,-1,-1,775.000,825.000,-1,-1,2,0,2,0,2,0,0,0,0,2,2,2,2,0,0,2,2
69,-7867.598,788.364,126.444,-61.225,0.481418,0.876386,0.013563,-0.876484,0.481294,0.011524,0.003572,-0.017436,0.999842,0,0.75269,0.48912,45.162,0.978,-1,400.000,-1,400.000,-1,325.000,325.000,300.000,300.000,-1,-1,-1,-1,775.000,825.000,-1,-1,2,0,2,0,2,0,0,0,0,2,2,2,2,0,0,2,2
70,-7842.623,745.093,126.620,-60.007,0.499941,0.865961,0.013031,-0.866053,0.499821,0.011463,0.003413,-0.017016,0.999849,0,0.83269,0.60912,49.962,1.218,-1,400.000,-1,400.000,-1,325.000,325.000,300.000,300.000,-1,-1,-1,-1,775.000,825.000,-1,-1,2,0,2,0,2,0,0,0,0,2,2,2,2,0,0,2,2
71,-7814.438,699.011,126.665,-58.549,0.521808,0.852974,0.012286,-0.853058,0.521704,0.010766,0.002773,-0.016098,0.999867,0,0.90031,0.72912,54.018,1.458,-1,400.000,-1,400.000,-1,325.000,325.000,300.000,300.000,-1,-1,-1,-1,775.000,825.000,-1,-1,2,0,2,0,2,0,0,0,0,2,2,2,2,0,0,2,2
72,-7785.040,653.693,126.651,-57.028,0.544256,0.838840,0.011568,-0.838917,0.544171,0.009806,0.001931,-0.015041,0.999885,0,0.90031,0.76051,54.018,1.521,-1,400.000,-1,400.000,-1,325.000,325.000,300.000,300.000,-1,-1,-1,-1,775.000,825.000,-1,-1,2,0,2,0,2,0,0,0,0,2,2,2,2,0,0,2,2
73,-7754.449,609.171,126.624,-55.507,0.566321,0.824112,0.010934,-0.824184,0.566254,0.008828,0.001083,-0.014011,0.999901,0,0.90031,0.76051,54.018,1.521,-1,400.000,-1,400.000,-1,325.000,325.000,300.000,300.000,-1,-1,-1,-1,775.000,825.000,-1,-1,2,0,2,0,2,0,0,0,0,2,2,2,2,0,0,2,2
74,-7722.687,565.477,126.582,-53.986,0.587989,0.808802,0.010387,-0.808869,0.587937,0.007840,0.000234,-0.013012,0.999915,0,0.90031,0.76051,54.018,1.521,-1,400.000,-1,400.000,-1,325.000,325.000,300.000,300.000,-1,-1,-1,-1,775.000,825.000,-1,-1,2,0,2,0,2,0,0,0,0,2,2,2,2,0,0,2,2
75,-7689.776,522.642,126.479,-52.465,0.609245,0.792919,0.009985,-0.792982,0.609204,0.007083,-0.000467,-0.012233,0.999925,0,0.90031,0.76051,54.018,1.521,-1,400.000,-1,400.000,-1,325.000,325.000,300.000,300.000,-1,-1,-1,-1,775.000,825.000,-1,-1,2,0,2,0,2,0,0,0,0,2,2,2,2,0,0,2,2
76,-7655.740,480.695,126.364,-50.944,0.630073,0.776476,0.009657,-0.776535,0.630043,0.006323,-0.001174,-0.011483,0.999933,0,0.90031,0.76051,54.018,1.521,-1,400.000,-1,400.000,-1,325.000,325.000,300.000,300.000,-1,-1,-1,-1,775.000,825.000,-1,-1,2,0,2,0,2,0,0,0,0,2,2,2,2,0,0,2,2
77,-7620.603,439.667,126.236,-49.423,0.650457,0.759485,0.009403,-0.759540,0.650436,0.005565,-0.001889,-0.010762,0.999940,0,0.90031,0.76051,54.018,1.521,-1,400.000,-1,400.000,-1,325.000,325.000,300.000,300.000,-1,-1,-1,-1,775.000,825.000,-1,-1,2,0,2,0,2,0,0,0,0,2,2,2,2,0,0,2,2
78,-7584.389,399.585,126.097,-47.902,0.670384,0.741957,0.009222,-0.742010,0.670372,0.004813,-0.002611,-0.010070,0.999946,0,0.90031,0.76051,54.018,1.521,-1,400.000,-1,400.000,-1,325.000,325.000,300.000,300.000,-1,-1,-1,-1,775.000,825.000,-1,-1,2,0,2,0,2,0,0,0,0,2,2,2,2,0,0,2,2
79,-7547.123,360.479,125.907,-46.381,0.689836,0.723904,0.009437,-0.723957,0.689832,0.004187,-0.003479,-0.009721,0.999947,0,0.90031,0.76051,54.018,1.521,-1,400.000,-1,400.000,-1,325.000,325.000,300.000,300.000,-1,-1,-1,-1,775.000,825.000,-1,-1,2,0,2,0,2,0,0,0,0,2,2,2,2,0,0,2,2
80,-7508.833,322.376,125.670,-44.860,0.708801,0.705339,0.009906,-0.705395,0.708805,0.003620,-0.004468,-0.009554,0.999944,0,0.90031,0.76051,54.018,1.521,-1,400.000,-1,400.000,-1,325.000,325.000,300.000,300.000,-1,-1,-1,-1,775.000,825.000,-1,-1,2,0,2,0,2,0,0,0,0,2,2,2,2,0,0,2,2
81,-7469.545,285.303,125.460,-43.339,0.727265,0.686279,0.010367,-0.686334,0.727280,0.002897,-0.005552,-0.009222,0.999942,0,0.90031,0.76051,54.018,1.521,-1,400.000,-1,400.000,-1,325.000,325.000,300.000,300.000,-1,-1,-1,-1,775.000,825.000,-1,-1,2,0,2,0,2,0,0,0,0,2,2,2,2,0,0,2,2
82,-7429.287,249.286,125.056,-41.818,0.745225,0.666738,0.009999,-0.666785,0.745247,0.002066,-0.006074,-0.008206,0.999948,0,0.90031,0.76051,54.018,1.521,-1,400.000,-1,400.000,-1,325.000,325.000,300.000,300.000,-1,-1,-1,-1,775.000,825.000,-1,-1,2,0,2,0,2,0,0,0,0,2,2,2,2,0,0,2,2
83,-7388.086,214.350,124.644,-40.296,0.762661,0.646726,0.009679,-0.646765,0.762688,0.001246,-0.006576,-0.007210,0.999952,0,0.90031,0.76051,54.018,1.521,-1,400.000,-1,400.000,-1,325.000,325.000,300.000,300.000,-1,-1,-1,-1,775.000,825.000,-1,-1,2,0,2,0,2,0,0,0,0,2,2,2,2,0,0,2,2
84,-7347.864,182.031,124.242,-38.782,0.779492,0.626342,0.009411,-0.626373,0.779523,0.000476,-0.007038,-0.006266,0.999956,0,0.85997,0.75742,51.598,1.515,-1,400.000,-1,400.000,-1,325.000,325.000,300.000,300.000,-1,-1,-1,-1,750.000,825.000,-1,-1,2,0,2,0,2,0,0,0,0,2,2,2,2,0,0,2,2
85,-7306.800,150.786,123.834,-37.267,0.795778,0.605519,0.009180,-0.605543,0.795813,-0.000281,-0.007476,-0.005335,0.999958,0,0.85997,0.75742,51.598,1.515,-1,400.000,-1,400.000,-1,325.000,325.000,300.000,300.000,-1,-1,-1,-1,750.000,800.000,-1,-1,2,0,2,0,2,0,0,0,0,2,2,2,2,0,0,2,2
86,-7264.925,120.639,123.436,-35.752,0.811509,0.584272,0.008906,-0.584288,0.811546,-0.001044,-0.007837,-0.004356,0.999960,0,0.85997,0.75742,51.598,1.515,-1,400.000,-1,400.000,-1,325.000,325.000,300.000,300.000,-1,-1,-1,-1,750.000,800.000,-1,-1,2,0,2,0,2,0,0,0,0,2,2,2,2,0,0,2,2
87,-7222.268,91.608,123.030,-34.237,0.826672,0.562617,0.008673,-0.562624,0.826711,-0.001792,-0.008179,-0.003398,0.999961,0,0.85997,0.75742,51.598,1.515,-1,400.000,-1,400.000,-1,325.000,325.000,300.000,300.000,-1,-1,-1,-1,750.000,800.000,-1,-1,2,0,2,0,2,0,0,0,0,2,2,2,2,0,0,2,2
88,-7178.859,63.716,122.618,-32.722,0.841258,0.540567,0.008481,-0.540566,0.841298,-0.002522,-0.008499,-0.002463,0.999961,0,0.85997,0.75742,51.598,1.515,-1,400.000,-1,400.000,-1,325.000,325.000,300.000,300.000,-1,-1,-1,-1,750.000,800.000,-1,-1,2,0,2,0,2,0,0,0,0,2,2,2,2,0,0,2,2
89,-7134.727,36.981,122.154,-31.208,0.855256,0.518139,0.008374,-0.518129,0.855296,-0.003461,-0.008955,-0.001379,0.999959,0,0.85997,0.75742,51.598,1.515,-1,400.000,-1,400.000,-1,325.000,325.000,300.000,300.000,-1,-1,-1,-1,750.000,800.000,-1,-1,2,0,2,0,2,0,0,0,0,2,2,2,2,0,0,2,2
90,-7089.903,11.421,121.671,-29.693,0.868654,0.495348,0.008410,-0.495327,0.868695,-0.004488,-0.009529,-0.000267,0.999955,0,0.85997,0.75742,51.598,1.515,-1,400.000,-1,400.000,-1,325.000,325.000,300.000,300.000,-1,-1,-1,-1,750.000,775.000,-1,-1,2,0,2,0,2,0,0,0,0,2,2,2,2,0,0,2,2
91,-7044.420,-12.944,121.194,-28.178,0.881445,0.472210,0.008482,-0.472179,0.881486,-0.005424,-0.010038,0.000776,0.999949,0,0.85997,0.75742,51.598,1.515,-1,400.000,-1,400.000,-1,325.000,325.000,300.000,300.000,-1,-1,-1,-1,750.000,775.000,-1,-1,2,0,2,0,2,0,0,0,0,2,2,2,2,0,0,2,2
92,-6998.309,-36.098,120.737,-26.663,0.893620,0.448742,0.008571,-0.448702,0.893660,-0.006207,-0.010445,0.001701,0.999944,0,0.85997,0.75742,51.598,1.515,-1,400.000,-1,400.000,-1,325.000,325.000,300.000,300.000,-1,-1,-1,-1,750.000,775.000,-1,-1,2,0,2,0,2,0,0,0,0,2,2,2,2,0,0,2,2
93,-6951.601,-58.026,120.265,-25.148,0.905171,0.424960,0.008656,-0.424912,0.905209,-0.006807,-0.010728,0.002484,0.999939,0,0.85997,0.75742,51.598,1.515,-1,400.000,-1,400.000,-1,325.000,325.000,300.000,300.000,-1,-1,-1,-1,750.000,775.000,-1,-1,2,0,2,0,2,0,0,0,0,2,2,2,2,0,0,2,2
94,-6904.330,-78.711,119.726,-23.633,0.916089,0.400881,0.008656,-0.400831,0.916126,-0.006975,-0.010726,0.002920,0.999938,0,0.85997,0.75742,51.598,1.515,-1,400.000,-1,400.000,-1,325.000,325.000,300.000,325.000,-1,-1,-1,-1,750.000,775.000,-1,-1,2,0,2,0,2,0,0,0,0,2,2,2,2,0,0,2,2
95,-6856.529,-98.139,119.198,-22.119,0.926367,0.376522,0.008650,-0.376469,0.926402,-0.007102,-0.010687,0.003323,0.999937,0,0.85997,0.75742,51.598,1.515,-1,400.000,-1,400.000,-1,325.000,325.000,300.000,325.000,-1,-1,-1,-1,750.000,775.000,-1,-1,2,0,2,0,2,0,0,0,0,2,2,2,2,0,0,2,2
96,-6808.231,-116.296,118.680,-20.604,0.935998,0.351900,0.008635,-0.351846,0.936030,-0.007191,-0.010614,0.003693,0.999937,0,0.85997,0.75742,51.598,1.515,-1,400.000,-1,400.000,-1,325.000,325.000,300.000,325.000,-1,-1,-1,-1,750.000,750.000,-1,-1,2,0,2,0,2,0,0,0,0,2,2,2,2,0,0,2,2
97,-6759.470,-133.171,118.171,-19.089,0.944974,0.327032,0.008610,-0.326976,0.945005,-0.007247,-0.010506,0.004033,0.999937,0,0.85997,0.75742,51.598,1.515,-1,400.000,-1,400.000,-1,325.000,325.000,300.000,325.000,-1,-1,-1,-1,750.000,750.000,-1,-1,2,0,2,0,2,0,0,0,0,2,2,2,2,0,0,2,2
98,-6710.280,-148.750,117.672,-17.574,0.953290,0.301935,0.008572,-0.301879,0.953319,-0.007273,-0.010367,0.004346,0.999937,0,0.85997,0.75742,51.598,1.515,-1,400.000,-1,400.000,-1,325.000,325.000,300.000,325.000,-1,-1,-1,-1,750.000,750.000,-1,-1,2,0,2,0,2,0,0,0,0,2,2,2,2,0,0,2,2
99,-6660.695,-163.024,117.183,-16.059,0.960939,0.276628,0.008519,-0.276571,0.960966,-0.007273,-0.010199,0.004633,0.999937,0,0.85997,0.75742,51.598,1.515,-1,400.000,-1,400.000,-1,325.000,325.000,300.000,325.000,-1,-1,-1,-1,750.000,750.000,-1,-1,2,0,2,0,2,0,0,0,0,2,2,2,2,0,0,2,2
100,-6610.750,-175.982,116.702,-14.544,0.967918,0.251127,0.008409,-0.251069,0.967941,-0.007382,-0.009994,0.005034,0.999937,0,0.85997,0.75742,51.598,1.515,-1,400.000,-1,400.000,-1,325.000,325.000,300.000,325.000,-1,-1,-1,-1,750.000,750.000,-1,-1,2,0,2,0,2,0,0,0,0,2,2,2,2,0,0,2,2
101,-6560.480,-187.615,116.188,-13.030,0.974222,0.225450,0.007990,-0.225390,0.974238,-0.007731,-0.009527,0.005731,0.999938,0,0.85997,0.75742,51.598,1.515,-1,400.000,-1,400.000,-1,325.000,325.000,300.000,325.000,-1,-1,-1,-1,750.000,750.000,-1,-1,2,0,2,0,2,0,0,0,0,2,2,2,2,0,0,2,2
102,-6509.920,-197.915,115.697,-11.515,0.979845,0.199616,0.007623,-0.199555,0.979854,-0.008042,-0.009075,0.006359,0.999939,0,0.85997,0.75742,51.598,1.515,-1,400.000,-1,400.000,-1,325.000,325.000,300.000,325.000,-1,-1,-1,-1,750.000,750.000,-1,-1,2,0,2,0,2,0,0,0,0,2,2,2,2,0,0,2,2
103,-6459.106,-206.875,115.266,-10.000,0.984782,0.173642,0.007289,-0.173582,0.984785,-0.008169,-0.008596,0.006780,0.999940,0,0.85997,0.75742,51.598,1.515,-1,400.000,-1,400.000,-1,325.000,325.000,300.000,300.000,-1,-1,-1,-1,750.000,750.000,-1,-1,2,0,2,0,2,0,0,0,0,2,2,2,2,0,0,2,2
104,-6408.072,-214.488,114.858,-8.485,0.989030,0.147548,0.006974,-0.147489,0.989029,-0.008249,-0.008115,0.007130,0.999942,0,0.85997,0.75742,51.598,1.515,-1,400.000,-1,400.000,-1,325.000,325.000,300.000,300.000,-1,-1,-1,-1,750.000,750.000,-1,-1,2,0,2,0,2,0,0,0,0,2,2,2,2,0,0,2,2
105,-6356.855,-220.750,114.469,-6.970,0.992587,0.121350,0.006686,-0.121294,0.992582,-0.008306,-0.007644,0.007433,0.999943,0,0.85997,0.75742,51.598,1.515,-1,400.000,-1,400.000,-1,325.000,325.000,300.000,300.000,-1,-1,-1,-1,750.000,750.000,-1,-1,2,0,2,0,2,0,0,0,0,2,2,2,2,0,0,2,2
106,-6305.490,-225.655,114.097,-5.455,0.995450,0.095068,0.006422,-0.095013,0.995441,-0.008343,-0.007186,0.007694,0.999945,0,0.85997,0.75742,51.598,1.515,-1,400.000,-1,400.000,-1,325.000,325.000,300.000,300.000,-1,-1,-1,-1,750.000,725.000,-1,-1,2,0,2,0,2,0,0,0,0,2,2,2,2,0,0,2,2
107,-6254.014,-229.201,113.741,-3.941,0.997617,0.068719,0.006181,-0.068667,0.997605,-0.008363,-0.006741,0.007919,0.999946,0,0.85997,0.75742,51.598,1.515,-1,400.000,-1,400.000,-1,325.000,325.000,300.000,300.000,-1,-1,-1,-1,750.000,725.000,-1,-1,2,0,2,0,2,0,0,0,0,2,2,2,2,0,0,2,2
108,-6202.462,-231.385,113.400,-2.426,0.999086,0.042323,0.005961,-0.042272,0.999071,-0.008371,-0.006309,0.008112,0.999947,0,0.85997,0.75742,51.598,1.515,-1,400.000,-1,400.000,-1,325.000,325.000,300.000,300.000,-1,-1,-1,-1,725.000,725.000,-1,-1,2,0,2,0,2,0,0,0,0,2,2,2,2,0,0,2,2
109,-6150.870,-232.205,113.074,-0.911,0.999857,0.015897,0.005760,-0.015849,0.999839,-0.008372,-0.005892,0.008279,0.999948,0,0.85997,0.75742,51.598,1.515,-1,400.000,-1,400.000,-1,325.000,325.000,300.000,300.000,-1,-1,-1,-1,725.000,725.000,-1,-1,2,0,2,0,2,0,0,0,0,2,2,2,2,0,0,2,2
110,-6099.274,-231.661,112.761,0.604,0.999929,-0.010540,0.005579,0.010586,0.999909,-0.008368,-0.005490,0.008426,0.999949,0,0.85997,0.75742,51.598,1.515,-1,400.000,-1,400.000,-1,325.000,325.000,300.000,300.000,-1,-1,-1,-1,725.000,725.000,-1,-1,2,0,2,0,2,0,0,0,0,2,2,2,2,0,0,2,2
111,-6047.711,-229.753,112.461,2.119,0.999302,-0.036970,0.005417,0.037014,0.999280,-0.008364,-0.005104,0.008559,0.999950,0,0.85997,0.75742,51.598,1.515,-1,400.000,-1,375.000,-1,325.000,325.000,300.000,300.000,-1,-1,-1,-1,725.000,725.000,-1,-1,2,0,2,0,2,0,0,0,0,2,2,2,2,0,0,2,2
112,-6000.995,-226.983,112.198,3.394,0.998233,-0.059192,0.005287,0.059235,0.998209,-0.008360,-0.004783,0.008658,0.999951,0,0.77997,0.63742,46.798,1.275,-1,375.000,-1,375.000,-1,325.000,325.000,300.000,300.000,-1,-1,-1,-1,725.000,725.000,-1,-1,2,0,2,0,2,0,0,0,0,2,2,2,2,0,0,2,2
113,-5959.122,-223.740,111.968,4.428,0.997001,-0.077211,0.005182,0.077252,0.996977,-0.008356,-0.004521,0.008731,0.999952,0,0.69997,0.51742,41.998,1.035,-1,375.000,-1,375.000,-1,325.000,325.000,300.000,300.000,-1,-1,-1,-1,725.000,725.000,-1,-1,2,0,2,0,2,0,0,0,0,2,2,2,2,0,0,2,2
114,-5921.607,-220.311,111.773,5.223,0.995835,-0.091033,0.005114,0.091074,0.995809,-0.008322,-0.004335,0.008753,0.999952,0,0.62785,0.39742,37.671,0.795,-1,375.000,-1,375.000,-1,325.000,325.000,300.000,300.000,-1,-1,-1,-1,725.000,725.000,-1,-1,2,0,2,0,2,0,0,0,0,2,2,2,2,0,0,2,2
115,-5884.128,-216.518,111.706,5.778,0.994908,-0.100672,0.004727,0.100707,0.994885,-0.007858,-0.003912,0.008294,0.999958,0,0.62785,0.27742,37.671,0.555,-1,375.000,-1,375.000,-1,325.000,325.000,300.000,300.000,-1,-1,-1,-1,725.000,725.000,-1,-1,2,0,2,0,2,0,0,0,0,2,2,2,2,0,0,2,2
116,-5846.670,-212.520,111.709,6.093,0.994342,-0.106138,0.004238,0.106168,0.994318,-0.007702,-0.003397,0.008108,0.999961,0,0.62785,0.15742,37.671,0.315,-1,375.000,-1,375.000,-1,325.000,325.000,300.000,300.000,-1,-1,-1,-1,725.000,725.000,-1,-1,2,0,2,0,2,0,0,0,0,2,2,2,2,0,0,2,2
117,-5809.217,-208.473,111.743,6.168,0.994205,-0.107436,0.003665,0.107462,0.994179,-0.007697,-0.002816,0.008047,0.999964,0,0.62785,0.03742,37.671,0.075,-1,375.000,-1,375.000,-1,325.000,325.000,300.000,300.000,-1,-1,-1,-1,725.000,700.000,-1,-1,2,0,2,0,2,0,0,0,0,2,2,2,2,0,0,2,2
118,-5771.753,-204.533,111.777,6.003,0.994513,-0.104570,0.003089,0.104591,0.994485,-0.007704,-0.002267,0.007985,0.999966,0,0.62785,-0.08258,37.671,-0.165,-1,375.000,-1,375.000,-1,325.000,325.000,300.000,300.000,-1,-1,-1,-1,725.000,700.000,-1,-1,2,0,2,0,2,0,0,0,0,2,2,2,2,0,0,2,2
119,-5734.261,-200.859,111.811,5.597,0.995229,-0.097535,0.002510,0.097551,0.995201,-0.007716,-0.001745,0.007924,0.999967,0,0.62785,-0.20258,37.671,-0.405,-1,375.000,-1,375.000,-1,325.000,325.000,300.000,300.000,-1,-1,-1,-1,725.000,700.000,-1,-1,2,0,2,0,2,0,0,0,0,2,2,2,2,0,0,2,2
120,-5696.731,-197.607,111.842,4.952,0.996265,-0.086322,0.001924,0.086335,0.996236,-0.007724,-0.001250,0.007861,0.999968,0,0.62785,-0.32258,37.671,-0.645,-1,375.000,-1,375.000,-1,325.000,325.000,300.000,300.000,-1,-1,-1,-1,725.000,700.000,-1,-1,2,0,2,0,2,0,0,0,0,2,2,2,2,0,0,2,2
121,-5659.155,-194.935,111.869,4.067,0.997481,-0.070922,0.001329,0.070930,0.997451,-0.007720,-0.000778,0.007795,0.999969,0,0.62785,-0.44258,37.671,-0.885,-1,375.000,-1,375.000,-1,325.000,325.000,300.000,300.000,-1,-1,-1,-1,700.000,700.000,-1,-1,2,0,2,0,2,0,0,0,0,2,2,2,2,0,0,2,2
122,-5621.534,-193.002,111.893,2.942,0.998682,-0.051322,0.000725,0.051326,0.998652,-0.007696,-0.000329,0.007723,0.999970,0,0.62785,-0.56258,37.671,-1.125,-1,400.000,-1,400.000,-1,325.000,325.000,300.000,300.000,-1,-1,-1,-1,700.000,700.000,-1,-1,2,0,2,0,2,0,0,0,0,2,2,2,2,0,0,2,2
123,-5579.090,-191.478,111.910,2.057,0.999356,-0.035888,0.000043,0.035887,0.999327,-0.007659,0.000232,0.007656,0.999971,0,0.70785,-0.44258,42.471,-0.885,-1,400.000,-1,400.000,-1,325.000,325.000,300.000,300.000,-1,-1,-1,-1,700.000,700.000,-1,-1,2,0,2,0,2,0,0,0,0,2,2,2,2,0,0,2,2
124,-5531.834,-190.313,111.922,1.412,0.999696,-0.024633,-0.000718,0.024627,0.999668,-0.007614,0.000905,0.007594,0.999971,0,0.78785,-0.32258,47.271,-0.645,-1,375.000,-1,375.000,-1,325.000,325.000,300.000,300.000,-1,-1,-1,-1,700.000,700.000,-1,-1,2,0,2,0,2,0,0,0,0,2,2,2,2,0,0,2,2
125,-5482.633,-189.449,111.929,1.006,0.999845,-0.017563,-0.001510,0.017551,0.999817,-0.007568,0.001643,0.007540,0.999970,0,0.82014,-0.20258,49.208,-0.405,-1,375.000,-1,375.000,-1,325.000,325.000,300.000,300.000,-1,-1,-1,-1,700.000,675.000,-1,-1,2,0,2,0,2,0,0,0,0,2,2,2,2,0,0,2,2
126,-5433.430,-188.726,111.933,0.841,0.999890,-0.014681,-0.002301,0.014663,0.999864,-0.007531,0.002411,0.007496,0.999969,0,0.82014,-0.08258,49.208,-0.165,-1,375.000,-1,375.000,-1,325.000,325.000,300.000,300.000,-1,-1,-1,-1,700.000,675.000,-1,-1,2,0,2,0,2,0,0,0,0,2,2,2,2,0,0,2,2
127,-5384.229,-187.940,111.935,0.916,0.999867,-0.015987,-0.003086,0.015963,0.999844,-0.007514,0.003206,0.007463,0.999967,0,0.82014,0.03742,49.208,0.075,-1,375.000,-1,375.000,-1,300.000,300.000,300.000,300.000,-1,-1,-1,-1,675.000,675.000,-1,-1,2,0,2,0,2,0,0,0,0,2,2,2,2,0,0,2,2
128,-5335.032,-186.886,111.937,1.226,0.999763,-0.021403,-0.003864,0.021373,0.999743,-0.007526,0.004025,0.007442,0.999964,0,0.82014,0.15519,49.208,0.310,-1,375.000,-1,375.000,-1,300.000,300.000,300.000,300.000,-1,975.000,950.000,-1,675.000,675.000,-1,-1,2,0,2,0,2,0,0,0,0,2,0,0,2,0,0,2,2
129,-5285.841,-185.567,111.940,1.537,0.999630,-0.026818,-0.004639,0.026782,0.999613,-0.007551,0.004840,0.007424,0.999961,0,0.82014,0.15519,49.208,0.310,-1,375.000,-1,375.000,-1,300.000,300.000,300.000,300.000,-1,925.000,900.000,-1,675.000,675.000,-1,-1,2,0,2,0,2,0,0,0,0,2,0,0,2,0,0,2,2
130,-5236.659,-183.981,112.150,1.847,0.999466,-0.032233,-0.005442,0.032194,0.999457,-0.007021,0.005665,0.006842,0.999961,0,0.82014,0.15519,49.208,0.310,-1,375.000,-1,375.000,-1,300.000,300.000,300.000,300.000,-1,900.000,875.000,-1,675.000,675.000,-1,-1,2,0,2,0,2,0,0,0,0,2,0,0,2,0,0,2,2
131,-5187.485,-182.128,113.032,2.158,0.999264,-0.037646,-0.007355,0.037595,0.999269,-0.006925,0.007611,0.006643,0.999949,0,0.82014,0.15519,49.208,0.310,-1,375.000,-1,375.000,-1,300.000,300.000,300.000,300.000,-1,825.000,825.000,-1,675.000,675.000,-1,-1,2,0,2,0,2,0,0,0,0,2,0,0,2,0,0,2,2
132,-5138.323,-180.009,113.921,2.468,0.999029,-0.043059,-0.009286,0.042996,0.999052,-0.006879,0.009573,0.006473,0.999933,0,0.82014,0.15519,49.208,0.310,-1,375.000,-1,375.000,-1,300.000,300.000,300.000,300.000,-1,750.000,775.000,-1,675.000,675.000,-1,-1,2,0,2,0,2,0,0,0,0,2,0,0,2,0,0,2,2
133,-5089.173,-177.624,114.810,2.778,0.998762,-0.048470,-0.011213,0.048395,0.998805,-0.006857,0.011532,0.006306,0.999914,0,0.82014,0.15519,49.208,0.310,-1,375.000,-1,375.000,-1,300.000,300.000,300.000,300.000,-1,700.000,725.000,-1,675.000,675.000,-1,-1,2,0,2,0,2,0,0,0,0,2,0,0,2,0,0,2,2
134,-5040.036,-174.973,115.700,3.089,0.998461,-0.053880,-0.013137,0.053793,0.998529,-0.006860,0.013487,0.006143,0.999890,0,0.82014,0.15519,49.208,0.310,-1,375.000,-1,375.000,-1,300.000,300.000,300.000,300.000,-1,675.000,675.000,-1,700.000,675.000,-1,-1,2,0,2,0,2,0,0,0,0,2,0,0,2,0,0,2,2
135,-4990.914,-172.055,116.590,3.399,0.998127,-0.059288,-0.015057,0.059190,0.998223,-0.006887,0.015439,0.005983,0.999863,0,0.82014,0.15519,49.208,0.310,-1,375.000,-1,375.000,-1,300.000,300.000,300.000,300.000,-1,625.000,650.000,-1,700.000,675.000,-1,-1,2,0,2,0,2,0,0,0,0,2,0,0,2,0,0,2,2
136,-4941.809,-168.872,117.479,3.709,0.997761,-0.064695,-0.016974,0.064585,0.997888,-0.006940,0.017387,0.005828,0.999832,0,0.82014,0.15519,49.208,0.310,-1,375.000,-1,375.000,-1,300.000,300.000,325.000,300.000,-1,600.000,625.000,-1,700.000,675.000,-1,-1,2,0,2,0,2,0,0,0,0,2,0,0,2,0,0,2,2
137,-4892.722,-165.422,118.369,4.020,0.997361,-0.070099,-0.018886,0.069978,0.997524,-0.007018,0.019332,0.005678,0.999797,0,0.82014,0.15519,49.208,0.310,-1,375.000,-1,375.000,-1,325.000,325.000,325.000,300.000,-1,575.000,600.000,-1,700.000,675.000,-1,-1,2,0,2,0,2,0,0,0,0,2,0,0,2,0,0,2,2
138,-4843.654,-161.707,119.258,4.330,0.996929,-0.075502,-0.020795,0.075368,0.997130,-0.007122,0.021273,0.005533,0.999758,0,0.82014,0.15519,49.208,0.310,-1,375.000,-1,375.000,-1,325.000,325.000,300.000,300.000,-1,550.000,575.000,-1,700.000,700.000,-1,-1,2,0,2,0,2,0,0,0,0,2,0,0,2,0,0,2,2
139,-4794.533,-157.716,120.147,4.644,0.996458,-0.080965,-0.022702,0.080819,0.996702,-0.007252,0.023214,0.005392,0.999716,0,0.82139,0.15698,49.283,0.314,-1,375.000,-1,375.000,-1,325.000,325.000,300.000,300.000,-1,550.000,550.000,-1,700.000,700.000,-1,-1,2,0,2,0,2,0,0,0,0,2,0,0,2,0,0,2,2
