timestep,x_cm,y_cm,z_cm,yaw_deg,basis_xx,basis_xy,basis_xz,basis_yx,basis_yy,basis_yz,basis_zx,basis_zy,basis_zz,teleport_flag,throttle_cmd,steering_cmd,cmd_move_cm,cmd_turn_deg,lidar_cm_0,lidar_cm_1,lidar_cm_2,lidar_cm_3,lidar_cm_4,lidar_cm_5,lidar_cm_6,lidar_cm_7,lidar_cm_8,lidar_cm_9,lidar_cm_10,lidar_cm_11,lidar_cm_12,lidar_cm_13,lidar_cm_14,lidar_cm_15,lidar_cm_16,lidar_class_0,lidar_class_1,lidar_class_2,lidar_class_3,lidar_class_4,lidar_class_5,lidar_class_6,lidar_class_7,lidar_class_8,lidar_class_9,lidar_class_10,lidar_class_11,lidar_class_12,lidar_class_13,lidar_class_14,lidar_class_15,lidar_class_16
0,-5571.977,-4260.219,-147.658,44.089,0.718285,-0.695749,-0.000583,0.695697,0.718221,0.012829,-0.008507,-0.009621,0.999918,1,0.08000,0.12000,4.800,0.240,-1,400.000,-1,400.000,-1,325.000,325.000,325.000,300.000,-1,-1,-1,-1,850.000,825.000,-1,-1,2,0,2,0,2,0,0,0,0,2,2,2,2,0,0,2,2
1,-5565.121,-4253.498,-147.735,44.431,0.714126,-0.700017,-0.000317,0.699960,0.714062,0.013082,-0.008932,-0.009564,0.999914,0,0.16000,0.17075,9.600,0.341,-1,400.000,-1,400.000,-1,325.000,325.000,325.000,300.000,-1,-1,-1,-1,850.000,825.000,-1,-1,2,0,2,0,2,0,0,0,0,2,2,2,2,0,0,2,2
2,-5554.899,-4243.356,-147.856,44.773,0.709929,-0.704273,0.000079,0.704209,0.709865,0.013469,-0.009542,-0.009506,0.999909,0,0.24000,0.17123,14.400,0.342,-1,400.000,-1,400.000,-1,325.000,325.000,325.000,300.000,-1,-1,-1,-1,850.000,825.000,-1,-1,2,0,2,0,2,0,0,0,0,2,2,2,2,0,0,2,2
3,-5541.350,-4229.752,-148.021,45.117,0.705688,-0.708523,0.000601,0.708448,0.705625,0.013992,-0.010338,-0.009448,0.999902,0,0.32000,0.17199,19.200,0.344,-1,400.000,-1,400.000,-1,325.000,325.000,325.000,300.000,-1,-1,-1,-1,850.000,825.000,-1,-1,2,0,2,0,2,0,0,0,0,2,2,2,2,0,0,2,2
4,-5524.517,-4212.645,-148.276,45.464,0.701395,-0.712772,0.001037,0.712685,0.701331,0.014649,-0.011169,-0.009536,0.999892,0,0.40000,0.17305,24.000,0.346,-1,400.000,-1,400.000,-1,325.000,325.000,325.000,300.000,-1,-1,-1,-1,850.000,825.000,-1,-1,2,0,2,0,2,0,0,0,0,2,2,2,2,0,0,2,2
5,-5504.444,-4191.994,-148.711,45.812,0.697040,-0.717031,0.001565,0.716936,0.696980,0.014918,-0.011787,-0.009276,0.999888,0,0.48000,0.17445,28.800,0.349,-1,400.000,-1,400.000,-1,325.000,325.000,325.000,300.000,-1,-1,-1,-1,850.000,825.000,-1,-1,2,0,2,0,2,0,0,0,0,2,2,2,2,0,0,2,2
6,-5481.173,-4167.757,-149.221,46.165,0.692613,-0.721306,0.002178,0.721201,0.692558,0.015241,-0.012502,-0.008985,0.999881,0,0.56000,0.17622,33.600,0.352,-1,400.000,-1,400.000,-1,325.000,325.000,325.000,300.000,-1,-1,-1,-1,850.000,825.000,-1,-1,2,0,2,0,2,0,0,0,0,2,2,2,2,0,0,2,2
7,-5454.750,-4139.892,-149.808,46.522,0.688103,-0.725608,0.002879,0.725491,0.688054,0.015618,-0.013314,-0.008658,0.999874,0,0.64000,0.17841,38.400,0.357,-1,400.000,-1,400.000,-1,325.000,325.000,325.000,300.000,-1,-1,-1,-1,825.000,800.000,-1,-1,2,0,2,0,2,0,0,0,0,2,2,2,2,0,0,2,2
8,-5425.224,-4108.358,-150.471,46.884,0.683497,-0.729945,0.003674,0.729815,0.683456,0.016047,-0.014225,-0.008287,0.999864,0,0.72000,0.18108,43.200,0.362,-1,400.000,-1,400.000,-1,325.000,325.000,300.000,300.000,-1,-1,-1,-1,825.000,800.000,-1,-1,2,0,2,0,2,0,0,0,0,2,2,2,2,0,0,2,2
9,-5399.038,-4080.271,-151.064,47.006,0.681933,-0.731402,0.004375,0.731261,0.681900,0.016451,-0.015015,-0.008019,0.999855,0,0.64000,0.06108,38.400,0.122,-1,400.000,-1,400.000,-1,325.000,325.000,300.000,300.000,-1,-1,-1,-1,825.000,800.000,-1,-1,2,0,2,0,2,0,0,0,0,2,2,2,2,0,0,2,2
10,-5373.630,-4053.130,-151.641,46.888,0.683430,-0.729999,0.005052,0.729846,0.683404,0.016860,-0.015760,-0.007836,0.999845,0,0.61963,-0.05892,37.178,-0.118,-1,400.000,-1,400.000,-1,325.000,325.000,300.000,300.000,-1,-1,-1,-1,825.000,800.000,-1,-1,2,0,2,0,2,0,0,0,0,2,2,2,2,0,0,2,2
11,-5348.056,-4026.153,-152.238,46.530,0.687970,-0.725716,0.005722,0.725550,0.687950,0.017383,-0.016551,-0.007807,0.999833,0,0.61953,-0.17892,37.172,-0.358,-1,400.000,-1,400.000,-1,325.000,325.000,300.000,300.000,-1,-1,-1,-1,825.000,800.000,-1,-1,2,0,2,0,2,0,0,0,0,2,2,2,2,0,0,2,2
12,-5322.214,-3999.407,-152.975,45.984,0.694859,-0.719118,0.006319,0.718925,0.694837,0.018642,-0.017796,-0.008410,0.999806,0,0.61986,-0.27326,37.191,-0.547,-1,400.000,-1,400.000,-1,325.000,325.000,300.000,300.000,-1,-1,-1,-1,825.000,800.000,-1,-1,2,0,2,0,2,0,0,0,0,2,2,2,2,0,0,2,2
13,-5296.092,-3972.878,-153.692,45.443,0.701607,-0.712530,0.006958,0.712311,0.701584,0.019807,-0.018995,-0.008940,0.999780,0,0.62051,-0.27015,37.230,-0.540,-1,400.000,-1,400.000,-1,325.000,325.000,300.000,300.000,-1,-1,-1,-1,825.000,800.000,-1,-1,2,0,2,0,2,0,0,0,0,2,2,2,2,0,0,2,2
14,-5269.694,-3946.562,-154.394,44.910,0.708212,-0.705958,0.007664,0.705712,0.708192,0.020875,-0.020165,-0.009375,0.999753,0,0.62124,-0.26699,37.274,-0.534,-1,400.000,-1,400.000,-1,325.000,325.000,300.000,300.000,-1,-1,-1,-1,800.000,775.000,-1,-1,2,0,2,0,2,0,0,0,0,2,2,2,2,0,0,2,2
15,-5243.019,-3920.457,-155.083,44.382,0.714676,-0.699405,0.008436,0.699131,0.714659,0.021844,-0.021307,-0.009714,0.999726,0,0.62206,-0.26378,37.323,-0.528,-1,400.000,-1,400.000,-1,325.000,325.000,300.000,300.000,-1,-1,-1,-1,800.000,775.000,-1,-1,2,0,2,0,2,0,0,0,0,2,2,2,2,0,0,2,2
16,-5216.069,-3894.558,-155.757,43.861,0.720997,-0.692876,0.009270,0.692575,0.720988,0.022714,-0.022421,-0.009957,0.999699,0,0.62296,-0.26052,37.377,-0.521,-1,400.000,-1,400.000,-1,325.000,325.000,300.000,300.000,-1,-1,-1,-1,800.000,775.000,-1,-1,2,0,2,0,2,0,0,0,0,2,2,2,2,0,0,2,2
17,-5188.845,-3868.861,-156.418,43.347,0.727178,-0.686374,0.010163,0.686047,0.727179,0.023483,-0.023508,-0.010104,0.999673,0,0.62393,-0.25720,37.436,-0.514,-1,400.000,-1,400.000,-1,325.000,325.000,300.000,300.000,-1,-1,-1,-1,800.000,775.000,-1,-1,2,0,2,0,2,0,0,0,0,2,2,2,2,0,0,2,2
18,-5161.348,-3843.364,-157.129,42.839,0.733215,-0.679905,0.011135,0.679559,0.733233,0.023853,-0.024382,-0.009923,0.999653,0,0.62499,-0.25383,37.500,-0.508,-1,400.000,-1,400.000,-1,325.000,325.000,325.000,300.000,-1,-1,-1,-1,800.000,775.000,-1,-1,2,0,2,0,2,0,0,0,0,2,2,2,2,0,0,2,2
19,-5133.578,-3818.062,-157.987,42.338,0.739129,-0.673468,0.011367,0.673111,0.739145,0.024217,-0.024711,-0.010248,0.999642,0,0.62613,-0.25040,37.568,-0.501,-1,400.000,-1,400.000,-1,325.000,325.000,325.000,300.000,-1,-1,-1,-1,800.000,775.000,-1,-1,2,0,2,0,2,0,0,0,0,2,2,2,2,0,0,2,2
20,-5105.538,-3792.952,-158.863,41.844,0.744907,-0.667070,0.011480,0.666703,0.744920,0.024528,-0.024914,-0.010617,0.999633,0,0.62734,-0.24693,37.640,-0.494,-1,400.000,-1,400.000,-1,325.000,325.000,325.000,300.000,-1,-1,-1,-1,775.000,750.000,-1,-1,2,0,2,0,2,0,0,0,0,2,2,2,2,0,0,2,2
21,-5077.227,-3768.030,-159.729,41.357,0.750548,-0.660714,0.011610,0.660340,0.750558,0.024767,-0.025078,-0.010923,0.999626,0,0.62862,-0.24341,37.717,-0.487,-1,400.000,-1,400.000,-1,325.000,325.000,325.000,300.000,-1,-1,-1,-1,775.000,750.000,-1,-1,2,0,2,0,2,0,0,0,0,2,2,2,2,0,0,2,2
22,-5048.648,-3743.293,-160.586,40.878,0.756052,-0.654406,0.011754,0.654026,0.756061,0.024934,-0.025204,-0.011164,0.999620,0,0.62997,-0.23983,37.798,-0.480,-1,400.000,-1,400.000,-1,325.000,325.000,325.000,300.000,-1,-1,-1,-1,775.000,750.000,-1,-1,2,0,2,0,2,0,0,0,0,2,2,2,2,0,0,2,2
23,-5019.800,-3718.737,-161.433,40.405,0.761421,-0.648149,0.011912,0.647764,0.761429,0.025029,-0.025293,-0.011341,0.999616,0,0.63140,-0.23621,37.884,-0.472,-1,400.000,-1,400.000,-1,325.000,325.000,325.000,300.000,-1,-1,-1,-1,775.000,750.000,-1,-1,2,0,2,0,2,0,0,0,0,2,2,2,2,0,0,2,2
24,-4990.684,-3694.358,-162.281,39.940,0.766655,-0.641946,0.012080,0.641557,0.766664,0.025106,-0.025378,-0.011498,0.999612,0,0.63290,-0.23254,37.974,-0.465,-1,400.000,-1,400.000,-1,325.000,325.000,325.000,300.000,-1,-1,-1,-1,775.000,750.000,-1,-1,2,0,2,0,2,0,0,0,0,2,2,2,2,0,0,2,2
25,-4961.303,-3670.152,-163.190,39.483,0.771758,-0.635799,0.012252,0.635399,0.771764,0.025472,-0.025651,-0.011873,0.999600,0,0.63447,-0.22882,38.068,-0.458,-1,400.000,-1,400.000,-1,325.000,325.000,325.000,300.000,-1,-1,-1,-1,775.000,750.000,-1,-1,2,0,2,0,2,0,0,0,0,2,2,2,2,0,0,2,2
26,-4931.656,-3646.117,-164.098,39.032,0.776728,-0.629714,0.012439,0.629303,0.776731,0.025816,-0.025919,-0.012224,0.999589,0,0.63610,-0.22505,38.166,-0.450,-1,400.000,-1,400.000,-1,325.000,325.000,325.000,300.000,-1,-1,-1,-1,775.000,750.000,-1,-1,2,0,2,0,2,0,0,0,0,2,2,2,2,0,0,2,2
27,-4901.744,-3622.247,-165.008,38.590,0.781566,-0.623694,0.012639,0.623273,0.781568,0.026138,-0.026180,-0.012551,0.999578,0,0.63780,-0.22123,38.268,-0.442,-1,400.000,-1,400.000,-1,325.000,325.000,325.000,300.000,-1,-1,-1,-1,775.000,750.000,-1,-1,2,0,2,0,2,0,0,0,0,2,2,2,2,0,0,2,2
28,-4871.569,-3598.540,-166.097,38.155,0.786287,-0.617740,0.012257,0.617312,0.786270,0.026577,-0.026055,-0.013330,0.999572,0,0.63957,-0.21737,38.374,-0.435,-1,400.000,-1,400.000,-1,325.000,325.000,325.000,300.000,-1,-1,-1,-1,775.000,750.000,-1,-1,2,0,2,0,2,0,0,0,0,2,2,2,2,0,0,2,2
29,-4841.131,-3574.990,-167.195,37.728,0.790879,-0.611858,0.011866,0.611424,0.790842,0.027008,-0.025909,-0.014105,0.999565,0,0.64141,-0.21346,38.484,-0.427,-1,400.000,-1,400.000,-1,325.000,325.000,325.000,300.000,-1,-1,-1,-1,775.000,750.000,-1,-1,2,0,2,0,2,0,0,0,0,2,2,2,2,0,0,2,2
30,-4810.431,-3551.595,-168.274,37.309,0.795342,-0.606052,0.011538,0.605613,0.795287,0.027416,-0.025791,-0.014817,0.999558,0,0.64331,-0.20950,38.598,-0.419,-1,400.000,-1,400.000,-1,325.000,325.000,325.000,300.000,-1,-1,-1,-1,750.000,750.000,-1,-1,2,0,2,0,2,0,0,0,0,2,2,2,2,0,0,2,2
31,-4779.470,-3528.350,-169.331,36.898,0.799676,-0.600326,0.011272,0.599881,0.799606,0.027814,-0.025711,-0.015481,0.999550,0,0.64527,-0.20549,38.716,-0.411,-1,400.000,-1,400.000,-1,325.000,325.000,325.000,300.000,-1,-1,-1,-1,750.000,750.000,-1,-1,2,0,2,0,2,0,0,0,0,2,2,2,2,0,0,2,2
32,-4748.248,-3505.250,-170.373,36.496,0.803884,-0.594683,0.011067,0.594233,0.803800,0.028174,-0.025650,-0.016072,0.999542,0,0.64730,-0.20143,38.838,-0.403,-1,400.000,-1,400.000,-1,325.000,325.000,325.000,300.000,-1,-1,-1,-1,750.000,750.000,-1,-1,2,0,2,0,2,0,0,0,0,2,2,2,2,0,0,2,2
33,-4716.767,-3482.293,-171.398,36.101,0.807967,-0.589127,0.010922,0.588672,0.807870,0.028492,-0.025609,-0.016591,0.999534,0,0.64939,-0.19733,38.963,-0.395,-1,400.000,-1,400.000,-1,325.000,325.000,300.000,300.000,-1,-1,-1,-1,750.000,750.000,-1,-1,2,0,2,0,2,0,0,0,0,2,2,2,2,0,0,2,2
34,-4685.026,-3459.472,-172.409,35.714,0.811925,-0.583662,0.010836,0.583201,0.811818,0.028769,-0.025588,-0.017039,0.999527,0,0.65154,-0.19318,39.093,-0.386,-1,400.000,-1,400.000,-1,325.000,325.000,300.000,300.000,-1,-1,-1,-1,750.000,750.000,-1,-1,2,0,2,0,2,0,0,0,0,2,2,2,2,0,0,2,2
35,-4652.009,-3436.044,-173.420,35.359,0.815539,-0.578603,0.010740,0.578138,0.815422,0.029028,-0.025554,-0.017464,0.999521,0,0.67474,-0.17797,40.485,-0.356,-1,400.000,-1,400.000,-1,325.000,325.000,300.000,300.000,-1,-1,-1,-1,750.000,750.000,-1,-1,2,0,2,0,2,0,0,0,0,2,2,2,2,0,0,2,2
36,-4618.586,-3412.639,-174.409,35.002,0.819122,-0.573521,0.010653,0.573052,0.818996,0.029257,-0.025505,-0.017860,0.999515,0,0.68006,-0.17803,40.804,-0.356,-1,400.000,-1,400.000,-1,325.000,325.000,300.000,300.000,-1,-1,-1,-1,750.000,750.000,-1,-1,2,0,2,0,2,0,0,0,0,2,2,2,2,0,0,2,2
37,-4584.753,-3389.258,-175.388,34.646,0.822672,-0.568417,0.010633,0.567945,0.822540,0.029438,-0.025479,-0.018178,0.999510,0,0.68542,-0.17802,41.125,-0.356,-1,400.000,-1,400.000,-1,325.000,325.000,300.000,300.000,-1,-1,-1,-1,750.000,750.000,-1,-1,2,0,2,0,2,0,0,0,0,2,2,2,2,0,0,2,2
38,-4550.508,-3365.906,-176.357,34.291,0.826187,-0.563294,0.010680,0.562819,0.826051,0.029567,-0.025477,-0.018417,0.999506,0,0.69082,-0.17795,41.449,-0.356,-1,400.000,-1,400.000,-1,325.000,325.000,300.000,300.000,-1,-1,-1,-1,725.000,750.000,-1,-1,2,0,2,0,2,0,0,0,0,2,2,2,2,0,0,2,2
39,-4512.245,-3339.927,-177.428,34.175,0.827323,-0.561622,0.010816,0.561141,0.827188,0.029681,-0.025616,-0.018487,0.999501,0,0.77082,-0.05795,46.249,-0.116,-1,400.000,-1,400.000,-1,325.000,325.000,300.000,300.000,-1,-1,-1,-1,725.000,750.000,-1,-1,2,0,2,0,2,0,0,0,0,2,2,2,2,0,0,2,2
40,-4470.072,-3311.161,-178.666,34.299,0.826108,-0.563411,0.010660,0.562930,0.825967,0.029809,-0.025600,-0.018625,0.999499,0,0.85082,0.06205,51.049,0.124,-1,400.000,-1,400.000,-1,325.000,325.000,300.000,300.000,-1,-1,-1,-1,725.000,750.000,-1,-1,2,0,2,0,2,0,0,0,0,2,2,2,2,0,0,2,2
41,-4426.558,-3281.071,-179.958,34.663,0.822515,-0.568648,0.010404,0.568170,0.822370,0.029841,-0.025525,-0.018633,0.999501,0,0.88174,0.18205,52.904,0.364,975.000,375.000,-1,400.000,-1,325.000,325.000,300.000,300.000,-1,-1,-1,-1,725.000,725.000,1000.000,-1,1,0,2,0,2,0,0,0,0,2,2,2,2,0,0,1,2
42,-4383.023,-3250.285,-181.254,35.267,0.816477,-0.577289,0.010155,0.576817,0.816332,0.029738,-0.025457,-0.018423,0.999506,0,0.88868,0.30205,53.321,0.604,925.000,375.000,-1,400.000,-1,325.000,325.000,300.000,300.000,-1,-1,-1,-1,725.000,725.000,950.000,-1,1,0,2,0,2,0,0,0,0,2,2,2,2,0,1,1,2
43,-4339.608,-3218.613,-182.572,36.111,0.807885,-0.589257,0.009916,0.588792,0.807745,0.029528,-0.025409,-0.018016,0.999515,0,0.89566,0.42205,53.740,0.844,900.000,375.000,975.000,400.000,-1,325.000,325.000,325.000,300.000,-1,-1,-1,-1,725.000,675.000,900.000,-1,1,0,1,0,2,0,0,0,0,2,2,2,2,0,1,1,2
44,-4296.465,-3185.872,-183.957,37.195,0.796590,-0.604442,0.009690,0.603992,0.796462,0.029026,-0.025262,-0.017269,0.999532,0,0.90267,0.54205,54.160,1.084,850.000,375.000,925.000,400.000,-1,325.000,325.000,325.000,300.000,-1,-1,-1,-1,725.000,650.000,850.000,975.000,1,0,1,0,2,0,0,0,0,2,2,2,2,0,1,1,1
45,-4253.761,-3151.880,-185.356,38.519,0.782407,-0.622695,0.009496,0.622258,0.782293,0.028484,-0.025166,-0.016377,0.999549,0,0.90967,0.66205,54.580,1.324,800.000,375.000,875.000,400.000,-1,325.000,325.000,325.000,300.000,-1,-1,-1,-1,725.000,600.000,800.000,875.000,1,0,1,1,2,0,0,0,0,2,2,2,2,1,1,1,1
46,-4211.682,-3116.468,-186.773,40.083,0.765115,-0.643826,0.009344,0.643404,0.765018,0.027908,-0.025116,-0.015341,0.999567,0,0.91663,0.78205,54.998,1.564,750.000,375.000,825.000,375.000,-1,325.000,325.000,325.000,300.000,-1,-1,-1,-1,675.000,575.000,750.000,775.000,1,0,1,1,2,0,0,0,0,2,2,2,2,1,1,1,1
47,-4170.433,-3079.474,-188.194,41.887,0.744467,-0.667595,0.009237,0.667185,0.744389,0.027382,-0.025156,-0.014222,0.999582,0,0.92346,0.90175,55.408,1.803,725.000,375.000,775.000,375.000,-1,325.000,325.000,325.000,300.000,-1,-1,-1,-1,650.000,525.000,700.000,650.000,1,0,1,1,2,0,0,0,0,2,2,2,2,1,1,1,1
48,-4127.976,-3039.255,-189.667,43.450,0.725970,-0.687666,0.009141,0.687267,0.725906,0.026919,-0.025147,-0.013260,0.999596,0,0.97470,0.78175,58.482,1.563,675.000,375.000,750.000,350.000,800.000,325.000,325.000,325.000,300.000,-1,-1,-1,-1,600.000,500.000,650.000,575.000,1,0,1,1,1,0,0,0,0,2,2,2,2,1,1,1,1
49,-4086.171,-2997.778,-191.124,44.774,0.709890,-0.704256,0.008949,0.703871,0.709837,0.026397,-0.024942,-0.012440,0.999611,0,0.98149,0.66175,58.889,1.323,625.000,375.000,700.000,325.000,625.000,300.000,325.000,325.000,300.000,-1,-1,-1,-1,575.000,450.000,600.000,500.000,1,0,1,1,1,0,1,0,0,2,2,2,2,1,1,1,1
50,-4044.881,-2955.234,-192.452,45.857,0.696454,-0.717555,0.008150,0.717192,0.696395,0.025856,-0.024229,-0.012163,0.999632,0,0.98811,0.54175,59.287,1.083,575.000,375.000,650.000,325.000,525.000,300.000,300.000,325.000,300.000,-1,-1,-1,-1,550.000,425.000,550.000,425.000,1,0,1,1,1,0,1,0,0,2,2,2,2,1,1,1,1
51,-4003.956,-2911.804,-193.643,46.701,0.685834,-0.727727,0.006730,0.727394,0.685754,0.025266,-0.023002,-0.012433,0.999658,0,0.99458,0.42175,59.675,0.843,525.000,375.000,600.000,300.000,425.000,325.000,275.000,325.000,300.000,-1,-1,-1,-1,500.000,375.000,500.000,375.000,1,0,1,1,1,0,1,0,0,2,2,2,2,1,1,1,1
52,-3963.270,-2867.705,-193.522,47.304,0.678227,-0.734851,-0.000968,0.734638,0.677998,0.025016,-0.017727,-0.017678,0.999687,0,1.00000,0.30175,60.000,0.603,475.000,375.000,550.000,275.000,375.000,325.000,275.000,300.000,325.000,-1,775.000,-1,-1,475.000,350.000,450.000,325.000,1,1,1,1,1,1,1,0,0,2,0,2,2,1,1,1,1
53,-3922.867,-2823.349,-192.628,47.668,0.673586,-0.739010,-0.012072,0.739038,0.673206,0.024814,-0.010211,-0.025636,0.999619,0,1.00000,0.18175,60.000,0.363,425.000,350.000,500.000,250.000,325.000,300.000,250.000,300.000,350.000,-1,500.000,575.000,-1,450.000,325.000,425.000,275.000,1,1,1,1,1,1,1,0,0,2,0,0,2,1,1,1,1
54,-3882.559,-2778.904,-190.978,47.791,0.671847,-0.740218,-0.026427,0.740690,0.671393,0.024721,-0.000556,-0.036183,0.999345,0,1.00000,0.06175,60.000,0.123,375.000,325.000,475.000,250.000,300.000,275.000,225.000,300.000,375.000,-1,325.000,425.000,-1,400.000,300.000,375.000,250.000,1,1,1,1,1,1,1,0,0,2,0,0,2,1,1,1,1
55,-3842.163,-2734.540,-188.596,47.675,0.672889,-0.738439,-0.043915,0.739660,0.672521,0.024885,0.011158,-0.049227,0.998725,0,1.00000,-0.05825,60.000,-0.117,325.000,300.000,425.000,225.000,250.000,250.000,225.000,275.000,400.000,-1,225.000,325.000,-1,375.000,275.000,325.000,225.000,1,1,1,1,1,1,1,0,0,2,0,0,2,1,1,1,1
56,-3801.489,-2690.430,-183.835,47.318,0.676315,-0.733903,-0.063124,0.735984,0.676791,0.016756,0.030425,-0.057791,0.997865,0,1.00000,-0.17825,60.000,-0.357,300.000,275.000,425.000,225.000,250.000,250.000,200.000,300.000,450.000,-1,150.000,250.000,-1,350.000,275.000,325.000,225.000,1,1,1,1,1,1,1,1,0,2,0,0,2,1,1,1,1
57,-3760.354,-2646.746,-176.993,46.722,0.681880,-0.726594,-0.084270,0.729305,0.684185,0.002063,0.056157,-0.062865,0.996441,0,1.00000,-0.29825,60.000,-0.597,300.000,250.000,425.000,200.000,250.000,225.000,200.000,300.000,475.000,750.000,100.000,175.000,-1,325.000,275.000,325.000,225.000,1,1,1,1,1,1,1,1,0,0,0,0,2,1,1,1,1
58,-3718.583,-2603.666,-169.030,45.885,0.689386,-0.716280,-0.108121,0.719377,0.694479,-0.013994,0.085111,-0.068133,0.994039,0,1.00000,-0.41825,60.000,-0.837,300.000,250.000,450.000,200.000,250.000,225.000,200.000,300.000,525.000,600.000,75.000,150.000,-1,325.000,250.000,300.000,200.000,1,1,1,1,1,1,1,1,0,0,0,0,2,1,1,1,1
59,-2295.766,2951.695,-230.260,99.707,-0.168007,-0.985511,-0.023294,0.985361,-0.168581,0.025376,-0.028935,-0.018690,0.999407,1,0.00000,0.00000,60.000,-1.077,-1,425.000,-1,400.000,-1,325.000,325.000,300.000,300.000,-1,-1,-1,-1,950.000,750.000,-1,-1,2,0,2,0,2,0,0,0,0,2,2,2,2,0,0,2,2
60,-2296.596,2956.423,-230.404,99.947,-0.172127,-0.984795,-0.023467,0.984643,-0.172708,0.025499,-0.029164,-0.018718,0.999399,0,0.08000,0.12000,4.800,0.240,-1,425.000,-1,400.000,-1,325.000,325.000,300.000,300.000,-1,-1,-1,-1,950.000,750.000,-1,-1,2,0,2,0,2,0,0,0,0,2,2,2,2,0,0,2,2
61,-2298.333,2965.865,-230.695,100.427,-0.180357,-0.983313,-0.023816,0.983155,-0.180952,0.025747,-0.029627,-0.018771,0.999385,0,0.16000,0.24000,9.600,0.480,-1,425.000,-1,400.000,-1,325.000,325.000,300.000,300.000,-1,-1,-1,-1,950.000,750.000,-1,-1,2,0,2,0,2,0,0,0,0,2,2,2,2,0,0,2,2
62,-2301.100,2979.996,-231.136,101.078,-0.191501,-0.981190,-0.024350,0.981024,-0.192117,0.026127,-0.030314,-0.018885,0.999362,0,0.24000,0.32565,14.400,0.651,-1,425.000,-1,400.000,-1,325.000,325.000,300.000,300.000,-1,-1,-1,-1,950.000,750.000,-1,-1,2,0,2,0,2,0,0,0,0,2,2,2,2,0,0,2,2
63,-2305.003,2998.795,-231.731,101.730,-0.202610,-0.978938,-0.025086,0.978763,-0.203257,0.026649,-0.031187,-0.019154,0.999330,0,0.32000,0.32565,19.200,0.651,-1,425.000,-1,400.000,-1,325.000,325.000,300.000,300.000,-1,-1,-1,-1,950.000,750.000,-1,-1,2,0,2,0,2,0,0,0,0,2,2,2,2,0,0,2,2
64,-2310.150,3022.237,-232.485,102.381,-0.213682,-0.976556,-0.026028,0.976370,-0.214370,0.027320,-0.032259,-0.019575,0.999288,0,0.40000,0.32565,24.000,0.651,-1,425.000,-1,400.000,-1,325.000,325.000,300.000,300.000,-1,-1,-1,-1,950.000,775.000,-1,-1,2,0,2,0,2,0,0,0,0,2,2,2,2,0,0,2,2
65,-2316.644,3050.295,-233.407,103.032,-0.224714,-0.974046,-0.027180,0.973847,-0.225454,0.028145,-0.033542,-0.020145,0.999234,0,0.48000,0.32565,28.800,0.651,-1,425.000,-1,400.000,-1,325.000,325.000,300.000,300.000,-1,-1,-1,-1,950.000,775.000,-1,-1,2,0,2,0,2,0,0,0,0,2,2,2,2,0,0,2,2
66,-2324.593,3082.942,-234.506,103.684,-0.235704,-0.971406,-0.028549,0.971193,-0.236508,0.029134,-0.035053,-0.020860,0.999168,0,0.56000,0.32565,33.600,0.651,-1,425.000,-1,400.000,-1,325.000,325.000,300.000,300.000,-1,-1,-1,-1,950.000,775.000,-1,-1,2,0,2,0,2,0,0,0,0,2,2,2,2,0,0,2,2
67,-2334.101,3120.146,-235.792,104.335,-0.246646,-0.968637,-0.030139,0.968406,-0.247530,0.030296,-0.036807,-0.021714,0.999086,0,0.64000,0.32565,38.400,0.651,-1,425.000,-1,400.000,-1,325.000,325.000,300.000,300.000,-1,-1,-1,-1,950.000,775.000,-1,-1,2,0,2,0,2,0,0,0,0,2,2,2,2,0,0,2,2
68,-2345.118,3161.301,-237.257,104.986,-0.257541,-0.965740,-0.031931,0.965488,-0.258520,0.031626,-0.038797,-0.022684,0.998990,0,0.71007,0.32565,42.604,0.651,-1,425.000,-1,400.000,-1,325.000,325.000,300.000,300.000,-1,-1,-1,-1,925.000,775.000,-1,-1,2,0,2,0,2,0,0,0,0,2,2,2,2,0,0,2,2
69,-2356.603,3202.328,-238.783,105.637,-0.268400,-0.962719,-0.033665,0.962443,-0.269475,0.032961,-0.040804,-0.023554,0.998890,0,0.71007,0.32565,42.604,0.651,-1,425.000,-1,400.000,-1,325.000,325.000,300.000,300.000,-1,-1,-1,-1,925.000,775.000,-1,-1,2,0,2,0,2,0,0,0,0,2,2,2,2,0,0,2,2
70,-2368.553,3243.223,-240.444,106.289,-0.279239,-0.959582,-0.035036,0.959274,-0.280398,0.034200,-0.042642,-0.024059,0.998801,0,0.71007,0.32565,42.604,0.651,-1,425.000,-1,400.000,-1,325.000,325.000,300.000,300.000,-1,-1,-1,-1,925.000,775.000,-1,-1,2,0,2,0,2,0,0,0,0,2,2,2,2,0,0,2,2
71,-2380.966,3283.978,-242.168,106.940,-0.290039,-0.956324,-0.036365,0.955977,-0.291285,0.035511,-0.044553,-0.024464,0.998707,0,0.71007,0.32565,42.604,0.651,-1,425.000,-1,400.000,-1,325.000,325.000,300.000,300.000,-1,-1,-1,-1,925.000,750.000,-1,-1,2,0,2,0,2,0,0,0,0,2,2,2,2,0,0,2,2
72,-2393.843,3324.590,-243.954,107.591,-0.300800,-0.952943,-0.037663,0.952552,-0.302134,0.036874,-0.046518,-0.024784,0.998610,0,0.71007,0.32565,42.604,0.651,-1,425.000,-1,400.000,-1,325.000,325.000,300.000,300.000,-1,-1,-1,-1,900.000,750.000,-1,-1,2,0,2,0,2,0,0,0,0,2,2,2,2,0,0,2,2
73,-2407.180,3365.053,-245.921,108.243,-0.311513,-0.949430,-0.039267,0.949021,-0.312941,0.037771,-0.048149,-0.025499,0.998515,0,0.71007,0.32565,42.604,0.651,-1,425.000,-1,400.000,-1,325.000,325.000,300.000,300.000,-1,-1,-1,-1,900.000,750.000,-1,-1,2,0,2,0,2,0,0,0,0,2,2,2,2,0,0,2,2
74,-2420.977,3405.361,-248.038,108.894,-0.322174,-0.945788,-0.041099,0.945376,-0.323705,0.038464,-0.049682,-0.026462,0.998414,0,0.71007,0.32565,42.604,0.651,-1,425.000,-1,400.000,-1,325.000,325.000,300.000,300.000,-1,-1,-1,-1,900.000,750.000,-1,-1,2,0,2,0,2,0,0,0,0,2,2,2,2,0,0,2,2
75,-2437.024,3449.967,-250.514,109.785,-0.336718,-0.940617,-0.043134,0.940188,-0.338371,0.039396,-0.051652,-0.027289,0.998292,0,0.79007,0.44565,47.404,0.891,-1,425.000,-1,400.000,-1,325.000,325.000,300.000,300.000,-1,-1,-1,-1,875.000,750.000,-1,-1,2,0,2,0,2,0,0,0,0,2,2,2,2,0,0,2,2
76,-2455.661,3498.731,-253.339,110.917,-0.355080,-0.933736,-0.045335,0.933278,-0.356869,0.040447,-0.053946,-0.027948,0.998153,0,0.87007,0.56565,52.204,1.131,-1,425.000,-1,400.000,-1,325.000,325.000,300.000,300.000,-1,-1,-1,-1,875.000,750.000,-1,-1,2,0,2,0,2,0,0,0,0,2,2,2,2,0,0,2,2
77,-2475.598,3547.368,-256.293,112.288,-0.377181,-0.924920,-0.047508,0.924419,-0.379110,0.041531,-0.056424,-0.028253,0.998007,0,0.87607,0.68565,52.564,1.371,-1,425.000,-1,400.000,-1,325.000,325.000,300.000,300.000,-1,-1,-1,-1,850.000,750.000,-1,-1,2,0,2,0,2,0,0,0,0,2,2,2,2,0,0,2,2
78,-2496.893,3595.425,-259.367,113.899,-0.402900,-0.913897,-0.049638,0.913336,-0.404969,0.042642,-0.059072,-0.028156,0.997857,0,0.87607,0.80565,52.564,1.611,-1,425.000,-1,400.000,-1,325.000,325.000,300.000,300.000,-1,-1,-1,-1,850.000,750.000,-1,-1,2,0,2,0,2,0,0,0,0,2,2,2,2,0,0,2,2
79,-2519.730,3642.770,-262.570,115.751,-0.432080,-0.900351,-0.051724,0.899710,-0.434288,0.043779,-0.061879,-0.027620,0.997701,0,0.87607,0.92565,52.564,1.851,-1,425.000,-1,400.000,-1,325.000,325.000,300.000,300.000,-1,-1,-1,-1,850.000,750.000,-1,-1,2,0,2,0,2,0,0,0,0,2,2,2,2,0,0,2,2
80,-2544.205,3689.288,-265.906,117.751,-0.463112,-0.884668,-0.053766,0.883929,-0.465457,0.044939,-0.064782,-0.026713,0.997542,0,0.87607,1.00000,52.564,2.000,-1,425.000,-1,400.000,-1,325.000,325.000,300.000,300.000,-1,-1,-1,-1,825.000,750.000,-1,-1,2,0,2,0,2,0,0,0,0,2,2,2,2,0,0,2,2
81,-2570.289,3734.925,-269.349,119.751,-0.493593,-0.867912,-0.055624,0.867062,-0.496063,0.046096,-0.067600,-0.025477,0.997387,0,0.87607,1.00000,52.564,2.000,-1,400.000,-1,400.000,-1,325.000,325.000,300.000,300.000,-1,-1,-1,-1,825.000,750.000,-1,-1,2,0,2,0,2,0,0,0,0,2,2,2,2,0,0,2,2
82,-2597.949,3779.623,-272.891,121.751,-0.523500,-0.850107,-0.057156,0.849126,-0.526073,0.047250,-0.070236,-0.023798,0.997247,0,0.87607,1.00000,52.564,2.000,-1,400.000,-1,400.000,-1,325.000,325.000,300.000,300.000,-1,-1,-1,-1,800.000,775.000,-1,-1,2,0,2,0,2,0,0,0,0,2,2,2,2,0,0,2,2
83,-2627.152,3823.329,-276.566,123.751,-0.552789,-0.831268,-0.058472,0.830140,-0.555446,0.048442,-0.072746,-0.021762,0.997113,0,0.87607,1.00000,52.564,2.000,-1,400.000,-1,400.000,-1,325.000,325.000,300.000,300.000,-1,-1,-1,-1,800.000,775.000,-1,-1,2,0,2,0,2,0,0,0,0,2,2,2,2,0,0,2,2
84,-2657.863,3865.989,-280.327,125.751,-0.581421,-0.811414,-0.059641,0.810138,-0.584146,0.049495,-0.075000,-0.019540,0.996992,0,0.87607,1.00000,52.564,2.000,-1,400.000,-1,400.000,-1,325.000,325.000,300.000,300.000,-1,-1,-1,-1,800.000,775.000,-1,-1,2,0,2,0,2,0,0,0,0,2,2,2,2,0,0,2,2
85,-2690.043,3907.551,-284.077,127.751,-0.609362,-0.790563,-0.060729,0.789177,-0.612131,0.049951,-0.076663,-0.017487,0.996904,0,0.87607,1.00000,52.564,2.000,-1,400.000,-1,400.000,-1,325.000,325.000,300.000,300.000,-1,-1,-1,-1,800.000,775.000,-1,-1,2,0,2,0,2,0,0,0,0,2,2,2,2,0,0,2,2
86,-2723.655,3947.965,-287.980,129.751,-0.636588,-0.768750,-0.061482,0.767232,-0.639374,0.050557,-0.078176,-0.014986,0.996827,0,0.87607,1.00000,52.564,2.000,-1,400.000,-1,400.000,-1,325.000,325.000,300.000,300.000,-1,-1,-1,-1,775.000,775.000,-1,-1,2,0,2,0,2,0,0,0,0,2,2,2,2,0,0,2,2
87,-2758.656,3987.181,-291.999,131.751,-0.663052,-0.745996,-0.062065,0.744327,-0.665839,0.051333,-0.079620,-0.012160,0.996751,0,0.87607,1.00000,52.564,2.000,-1,400.000,-1,400.000,-1,325.000,325.000,300.000,300.000,-1,-1,-1,-1,775.000,775.000,-1,-1,2,0,2,0,2,0,0,0,0,2,2,2,2,0,0,2,2
88,-2795.071,4025.220,-296.140,133.751,-0.688721,-0.722328,-0.062492,0.720489,-0.691492,0.052290,-0.080983,-0.009011,0.996675,0,0.87765,1.00000,52.659,2.000,-1,400.000,-1,400.000,-1,325.000,325.000,300.000,275.000,-1,-1,-1,-1,775.000,775.000,-1,-1,2,0,2,0,2,0,0,0,0,2,2,2,2,0,0,2,2
89,-2833.088,4062.255,-300.465,135.750,-0.713560,-0.697774,-0.062799,0.695763,-0.716296,0.053235,-0.082129,-0.005707,0.996605,0,0.88456,0.99996,53.074,2.000,-1,400.000,-1,400.000,-1,325.000,325.000,300.000,275.000,-1,-1,-1,-1,775.000,775.000,-1,-1,2,0,2,0,2,0,0,0,0,2,2,2,2,0,0,2,2
90,-2872.682,4098.221,-304.932,137.749,-0.737527,-0.672376,-0.062964,0.670177,-0.740207,0.054372,-0.083165,-0.002096,0.996534,0,0.89151,0.99936,53.491,1.999,-1,400.000,-1,400.000,-1,325.000,325.000,300.000,275.000,-1,-1,-1,-1,775.000,775.000,-1,-1,2,0,2,0,2,0,0,0,0,2,2,2,2,0,0,2,2
91,-2909.711,4129.839,-308.826,139.508,-0.757877,-0.649343,-0.063047,0.647067,-0.760495,0.054325,-0.083223,0.000376,0.996531,0,0.81151,0.87936,48.691,1.759,-1,400.000,-1,400.000,-1,325.000,325.000,300.000,275.000,-1,-1,-1,-1,775.000,775.000,-1,-1,2,0,2,0,2,0,0,0,0,2,2,2,2,0,0,2,2
92,-2945.823,4159.055,-312.591,141.027,-0.774885,-0.628957,-0.062972,0.626615,-0.777435,0.054300,-0.083109,0.002617,0.996537,0,0.77419,0.75936,46.451,1.519,-1,400.000,-1,400.000,-1,325.000,325.000,300.000,275.000,-1,-1,-1,-1,775.000,775.000,-1,-1,2,0,2,0,2,0,0,0,0,2,2,2,2,0,0,2,2
93,-2982.858,4187.673,-316.448,142.305,-0.788793,-0.611447,-0.062755,0.609043,-0.791272,0.054369,-0.082900,0.004666,0.996547,0,0.78006,0.63936,46.803,1.279,-1,400.000,-1,400.000,-1,325.000,325.000,300.000,275.000,-1,-1,-1,-1,800.000,800.000,-1,-1,2,0,2,0,2,0,0,0,0,2,2,2,2,0,1,2,2
94,-3020.686,4215.824,-320.396,143.344,-0.799813,-0.596996,-0.062411,0.594537,-0.802218,0.054521,-0.082616,0.006501,0.996560,0,0.78589,0.51936,47.154,1.039,-1,400.000,-1,400.000,-1,325.000,325.000,300.000,275.000,-1,-1,-1,-1,800.000,750.000,-1,-1,2,0,2,0,2,0,0,0,0,2,2,2,2,0,1,2,2
95,-3059.185,4243.649,-324.423,144.143,-0.808121,-0.585748,-0.061958,0.583237,-0.810452,0.054790,-0.082307,0.008141,0.996574,0,0.79170,0.39936,47.502,0.799,-1,400.000,-1,400.000,-1,325.000,325.000,300.000,300.000,-1,-1,-1,-1,800.000,725.000,-1,950.000,2,0,2,0,2,0,0,0,0,2,2,2,2,0,1,2,1
96,-3098.238,4271.299,-328.381,144.701,-0.813820,-0.577811,-0.061891,0.575240,-0.816117,0.055249,-0.082434,0.009361,0.996553,0,0.79749,0.27936,47.849,0.559,-1,400.000,-1,400.000,-1,325.000,325.000,300.000,300.000,-1,-1,-1,-1,800.000,700.000,-1,900.000,2,0,2,0,2,0,0,0,0,2,2,2,2,0,1,2,1
97,-3137.728,4298.929,-332.380,145.020,-0.817036,-0.573258,-0.061874,0.570628,-0.819311,0.055795,-0.082679,0.010280,0.996523,0,0.80328,0.15936,48.197,0.319,-1,400.000,-1,400.000,-1,325.000,325.000,300.000,300.000,-1,-1,-1,-1,800.000,675.000,-1,825.000,2,0,2,0,2,0,0,0,0,2,2,2,2,0,1,2,1
98,-3177.543,4326.706,-336.484,145.099,-0.817829,-0.572127,-0.061848,0.569442,-0.820092,0.056437,-0.083010,0.010937,0.996489,0,0.80910,0.03936,48.546,0.079,-1,400.000,-1,400.000,-1,325.000,325.000,300.000,300.000,-1,-1,-1,-1,825.000,625.000,-1,775.000,2,0,2,0,2,0,0,0,0,2,2,2,2,0,1,2,1
99,-3217.568,4354.796,-340.727,144.938,-0.816202,-0.574432,-0.061989,0.571695,-0.818476,0.057116,-0.083546,0.011180,0.996441,0,0.81498,-0.08064,48.899,-0.161,-1,400.000,975.000,400.000,925.000,325.000,325.000,300.000,300.000,-1,-1,-1,-1,825.000,600.000,-1,725.000,2,0,1,0,1,0,0,0,0,2,2,2,2,0,1,2,1
100,-3257.686,4383.374,-345.080,144.536,-0.812133,-0.580151,-0.062165,0.577364,-0.814433,0.057867,-0.084201,0.011103,0.996387,0,0.82093,-0.20064,49.256,-0.401,-1,400.000,900.000,400.000,875.000,325.000,325.000,300.000,300.000,-1,-1,-1,-1,825.000,575.000,-1,675.000,2,0,1,1,1,0,0,0,0,2,2,2,2,0,1,2,1
101,-3301.625,4414.860,-349.925,144.375,-0.810481,-0.582438,-0.062345,0.579578,-0.812793,0.058788,-0.084914,0.011513,0.996322,0,0.90093,-0.08064,54.056,-0.161,-1,400.000,850.000,400.000,775.000,325.000,325.000,300.000,300.000,-1,-1,-1,-1,825.000,525.000,-1,600.000,2,0,1,1,1,0,0,0,0,2,2,2,2,0,1,2,1
102,-3349.513,4449.077,-355.282,144.454,-0.811275,-0.581314,-0.062502,0.578352,-0.813583,0.059925,-0.085685,0.012468,0.996244,0,0.98093,0.03936,58.856,0.079,-1,400.000,775.000,375.000,675.000,325.000,325.000,300.000,300.000,-1,-1,-1,-1,850.000,500.000,-1,550.000,2,0,1,1,1,0,0,0,0,2,2,2,2,0,1,2,1
103,-3398.411,4483.847,-360.584,144.584,-0.812509,-0.579455,-0.063728,0.576387,-0.814904,0.060905,-0.087224,0.012753,0.996107,0,1.00000,0.06534,60.000,0.131,-1,400.000,725.000,350.000,575.000,325.000,325.000,300.000,300.000,-1,-1,-1,-1,850.000,450.000,-1,475.000,2,0,1,1,1,0,0,0,0,2,2,2,2,0,1,2,1
104,-3447.385,4518.512,-365.942,144.708,-0.813657,-0.577693,-0.065058,0.574507,-0.816149,0.061980,-0.088902,0.013054,0.995955,0,1.00000,0.06181,60.000,0.124,-1,400.000,675.000,325.000,475.000,325.000,325.000,300.000,300.000,-1,-1,-1,-1,850.000,400.000,-1,400.000,2,0,1,1,1,0,1,0,0,2,2,2,2,0,1,2,1
105,-3496.428,4553.078,-371.193,144.824,-0.814725,-0.576043,-0.066315,0.572808,-0.817320,0.062278,-0.090076,0.012754,0.995853,0,1.00000,0.05797,60.000,0.116,-1,400.000,600.000,300.000,400.000,325.000,300.000,300.000,300.000,-1,-1,-1,-1,850.000,375.000,-1,350.000,2,0,1,1,1,0,1,0,0,2,2,2,2,0,1,2,1
106,-3545.536,4587.550,-375.479,144.932,-0.815713,-0.574533,-0.067262,0.571689,-0.818436,0.057747,-0.088227,0.008652,0.996063,0,1.00000,0.05379,60.000,0.108,-1,425.000,550.000,275.000,325.000,350.000,275.000,300.000,300.000,-1,-1,-1,-1,850.000,325.000,-1,300.000,2,0,1,1,1,0,1,0,0,2,2,2,2,1,1,2,1
107,-3594.703,4621.937,-378.686,145.030,-0.816639,-0.573147,-0.067845,0.571147,-0.819453,0.047837,-0.083013,0.000316,0.996548,0,1.00000,0.04922,60.000,0.098,-1,425.000,500.000,250.000,275.000,350.000,250.000,275.000,325.000,-1,-1,-1,-1,850.000,300.000,-1,250.000,2,0,1,1,1,1,1,0,0,2,2,2,2,1,1,2,1
108,-3643.924,4656.247,-380.815,145.118,-0.817539,-0.571839,-0.068042,0.571043,-0.820275,0.032544,-0.074423,-0.012250,0.997152,0,1.00000,0.04421,60.000,0.088,-1,450.000,500.000,225.000,225.000,325.000,250.000,275.000,350.000,-1,-1,-1,-1,850.000,275.000,-1,225.000,2,0,1,1,1,1,1,0,0,2,2,2,2,1,1,2,1
109,-3693.192,4690.486,-381.889,145.196,-0.818470,-0.570530,-0.067839,0.571152,-0.820760,0.011753,-0.062385,-0.029127,0.997627,0,1.00000,0.03872,60.000,0.077,-1,475.000,550.000,225.000,200.000,300.000,225.000,275.000,400.000,-1,450.000,700.000,-1,-1,250.000,-1,200.000,2,1,1,1,1,1,1,0,0,2,0,0,2,2,1,2,1
110,-3742.503,4724.665,-381.952,145.261,-0.819510,-0.569108,-0.067223,0.571155,-0.820709,-0.014811,-0.046741,-0.050532,0.997628,0,1.00000,0.03266,60.000,0.065,-1,475.000,-1,200.000,175.000,275.000,200.000,250.000,450.000,800.000,175.000,425.000,-1,-1,225.000,-1,175.000,2,1,2,1,1,1,1,0,0,0,0,0,2,2,1,2,1
111,-3791.849,4758.793,-380.996,145.313,-0.820759,-0.567423,-0.066218,0.570610,-0.819866,-0.047158,-0.027532,-0.076490,0.996690,0,1.00000,0.02598,60.000,0.052,-1,450.000,-1,175.000,150.000,275.000,200.000,250.000,550.000,500.000,75.000,300.000,-1,-1,225.000,-1,150.000,2,1,2,1,1,1,1,0,0,0,0,0,2,2,1,2,1
112,-3841.225,4792.881,-378.991,145.350,-0.822334,-0.565293,-0.064891,0.568985,-0.817920,-0.085225,-0.004898,-0.107005,0.994246,0,1.00000,0.01856,60.000,0.037,-1,475.000,-1,175.000,125.000,275.000,175.000,225.000,650.000,325.000,50.000,225.000,-1,-1,200.000,-1,125.000,2,1,2,1,1,1,1,0,0,0,0,0,2,2,1,2,1
113,6231.355,4263.561,205.516,35.638,0.812454,-0.582548,-0.023582,0.582844,0.812545,0.007990,0.014507,-0.020236,0.999690,1,0.00000,0.00000,60.000,0.021,-1,400.000,-1,400.000,-1,325.000,325.000,175.000,300.000,-1,-1,-1,-1,800.000,950.000,-1,-1,2,0,2,0,2,0,0,1,0,2,2,2,2,0,0,2,2
114,6227.466,4260.748,205.140,35.878,0.809967,-0.585931,-0.025273,0.586267,0.810076,0.008260,0.015633,-0.021507,0.999646,0,-0.08000,0.12000,-4.800,0.240,-1,400.000,-1,425.000,-1,325.000,325.000,175.000,300.000,-1,-1,-1,-1,800.000,950.000,-1,-1,2,0,2,0,2,0,0,1,0,2,2,2,2,0,0,2,2
115,6219.964,4255.227,204.385,36.358,0.804940,-0.592661,-0.028700,0.593086,0.805091,0.008788,0.017898,-0.024096,0.999549,0,-0.15524,0.24000,-9.314,0.480,-1,400.000,-1,425.000,-1,325.000,325.000,150.000,300.000,-1,-1,-1,-1,800.000,975.000,-1,-1,2,0,2,0,2,0,0,1,0,2,2,2,2,0,0,2,2
116,6212.677,4249.720,203.510,37.078,0.797307,-0.602681,-0.032835,0.603227,0.797513,0.009476,0.020475,-0.027362,0.999416,0,-0.15223,0.36000,-9.134,0.720,-1,400.000,-1,425.000,-1,325.000,350.000,150.000,300.000,-1,-1,-1,-1,825.000,1000.000,-1,-1,2,0,2,0,2,0,0,1,0,2,2,2,2,0,0,2,2
117,6205.657,4244.229,202.792,38.038,0.786981,-0.615908,-0.036311,0.616568,0.787239,0.009923,0.022474,-0.030198,0.999291,0,-0.14853,0.48000,-8.912,0.960,-1,400.000,-1,425.000,-1,325.000,350.000,150.000,300.000,-1,-1,-1,-1,825.000,-1,-1,-1,2,0,2,0,2,0,0,1,0,2,2,2,2,0,2,2,2
118,6198.958,4238.759,202.720,39.238,0.773896,-0.632251,-0.036662,0.632920,0.774158,0.009593,0.022317,-0.030628,0.999282,0,-0.14415,0.60000,-8.649,1.200,-1,400.000,-1,425.000,-1,325.000,350.000,150.000,300.000,-1,-1,-1,-1,825.000,-1,-1,-1,2,0,2,0,2,0,0,1,0,2,2,2,2,0,2,2,2
119,6192.629,4233.319,202.683,40.678,0.757751,-0.651496,-0.036968,0.652174,0.758013,0.009278,0.021978,-0.031139,0.999273,0,-0.13909,0.72000,-8.345,1.440,-1,400.000,-1,425.000,-1,325.000,350.000,150.000,300.000,-1,-1,-1,-1,800.000,-1,-1,-1,2,0,2,0,2,0,0,1,0,2,2,2,2,0,2,2,2
120,6186.716,4227.928,202.691,42.358,0.738315,-0.673426,-0.037264,0.674114,0.738573,0.008987,0.021470,-0.031756,0.999265,0,-0.13337,0.84000,-8.002,1.680,-1,400.000,-1,425.000,-1,325.000,350.000,150.000,300.000,-1,-1,-1,-1,800.000,-1,-1,-1,2,0,2,0,2,0,0,1,0,2,2,2,2,0,2,2,2
121,6181.260,4222.608,203.050,44.278,0.715310,-0.697802,-0.037465,0.698468,0.715605,0.007226,0.021768,-0.031337,0.999272,0,-0.12700,0.96000,-7.620,1.920,-1,400.000,-1,425.000,-1,325.000,350.000,150.000,300.000,-1,-1,-1,-1,800.000,-1,-1,-1,2,0,2,0,2,0,0,1,0,2,2,2,2,0,2,2,2
122,6176.285,4217.404,204.093,46.278,0.690462,-0.722418,-0.037082,0.722967,0.690880,0.002084,0.024114,-0.028248,0.999310,0,-0.12000,1.00000,-7.200,2.000,-1,425.000,-1,450.000,-1,350.000,350.000,150.000,300.000,-1,-1,-1,-1,825.000,-1,-1,-1,2,0,2,0,2,0,0,1,0,2,2,2,2,0,2,2,2
123,6171.778,4212.348,205.110,48.278,0.664787,-0.746147,-0.036371,0.746572,0.665299,-0.002746,0.026246,-0.025328,0.999335,0,-0.11288,1.00000,-6.773,2.000,-1,425.000,-1,450.000,-1,350.000,350.000,150.000,300.000,-1,-1,-1,-1,875.000,-1,-1,-1,2,0,2,0,2,0,0,1,0,2,2,2,2,0,2,2,2
124,6170.511,4210.835,205.959,50.038,0.641542,-0.766268,-0.035465,0.766595,0.642101,-0.006169,0.027499,-0.023229,0.999352,0,-0.03288,0.88000,-1.973,1.760,-1,425.000,-1,450.000,-1,350.000,350.000,175.000,300.000,-1,-1,-1,-1,875.000,-1,-1,-1,2,0,2,0,2,0,0,1,0,2,2,2,2,0,2,2,2
125,6172.269,4213.049,206.667,51.558,0.620995,-0.783056,-0.034489,0.783314,0.621570,-0.008405,0.028019,-0.021797,0.999370,0,0.04712,0.76000,2.827,1.520,-1,450.000,-1,450.000,-1,350.000,350.000,175.000,300.000,-1,-1,-1,-1,900.000,-1,-1,-1,2,0,2,0,2,0,0,1,0,2,2,2,2,0,2,2,2
126,6176.877,4219.127,207.242,52.838,0.603365,-0.796760,-0.033538,0.796977,0.603933,-0.009596,0.027901,-0.020939,0.999391,0,0.12712,0.64000,7.627,1.280,-1,450.000,-1,450.000,-1,350.000,375.000,175.000,300.000,-1,-1,-1,-1,900.000,-1,-1,-1,2,0,2,0,2,0,0,1,0,2,2,2,2,0,2,2,2
127,6184.202,4229.166,207.681,53.878,0.588831,-0.807595,-0.032692,0.807799,0.589376,-0.009798,0.027181,-0.020639,0.999417,0,0.20712,0.52000,12.427,1.040,-1,450.000,-1,450.000,-1,350.000,375.000,175.000,300.000,-1,-1,-1,-1,900.000,-1,-1,-1,2,0,2,0,2,0,0,1,0,2,2,2,2,0,2,2,2
128,6194.162,4243.221,207.960,54.678,0.577531,-0.815740,-0.032029,0.815960,0.578039,-0.008973,0.025834,-0.020953,0.999447,0,0.28712,0.40000,17.227,0.800,-1,450.000,-1,450.000,-1,350.000,375.000,175.000,300.000,-1,-1,-1,-1,875.000,-1,-1,-1,2,0,2,0,2,0,0,1,0,2,2,2,2,0,2,2,2
129,6206.721,4261.318,208.040,55.238,0.569573,-0.821332,-0.031637,0.821597,0.570026,-0.006977,0.023764,-0.022019,0.999475,0,0.36712,0.28000,22.027,0.560,-1,425.000,-1,450.000,-1,350.000,350.000,175.000,300.000,-1,-1,-1,-1,875.000,-1,-1,-1,2,0,2,0,2,0,0,1,0,2,2,2,2,0,2,2,2
130,6221.893,4283.442,207.699,55.558,0.565027,-0.824475,-0.031388,0.824798,0.565411,-0.004284,0.021280,-0.023468,0.999498,0,0.44712,0.16000,26.827,0.320,-1,425.000,-1,450.000,-1,350.000,350.000,150.000,300.000,-1,-1,-1,-1,850.000,-1,-1,-1,2,0,2,0,2,0,0,1,0,2,2,2,2,0,2,2,2
131,6239.686,4309.589,206.994,55.764,0.562129,-0.826455,-0.031355,0.826852,0.562419,-0.000553,0.018092,-0.025615,0.999508,0,0.52712,0.10279,31.627,0.206,-1,425.000,-1,450.000,-1,350.000,350.000,150.000,300.000,-1,-1,-1,-1,825.000,-1,-1,-1,2,0,2,0,2,0,0,1,0,2,2,2,2,0,2,2,2
132,6260.070,4339.779,205.988,55.971,0.559224,-0.828412,-0.031650,0.828900,0.559378,0.004611,0.013884,-0.028813,0.999488,0,0.60712,0.10362,36.427,0.207,-1,400.000,-1,425.000,-1,325.000,350.000,150.000,325.000,-1,-1,-1,-1,775.000,-1,-1,-1,2,0,2,0,2,0,0,1,0,2,2,2,2,0,2,2,2
133,6283.015,4374.030,205.196,56.180,0.556290,-0.830392,-0.031473,0.830923,0.556321,0.008579,0.010385,-0.030924,0.999468,0,0.68712,0.10437,41.227,0.209,-1,400.000,-1,425.000,-1,325.000,325.000,125.000,325.000,-1,-1,-1,-1,750.000,1000.000,-1,-1,2,0,2,0,2,0,0,1,0,2,2,2,2,0,0,2,2
134,6308.211,4411.934,206.951,56.390,0.553455,-0.832613,-0.021048,0.832869,0.553400,0.008888,0.004248,-0.022449,0.999739,0,0.75857,0.10497,45.514,0.210,-1,400.000,-1,425.000,-1,325.000,325.000,150.000,300.000,-1,-1,-1,-1,725.000,925.000,-1,-1,2,0,2,0,2,0,0,1,0,2,2,2,2,0,0,2,2
135,6332.999,4449.525,208.667,56.600,0.550495,-0.834770,-0.010693,0.834836,0.550420,0.009297,-0.001875,-0.014045,0.999900,0,0.75047,0.10530,45.028,0.211,-1,375.000,-1,400.000,-1,325.000,325.000,150.000,300.000,-1,-1,-1,-1,725.000,875.000,-1,-1,2,0,2,0,2,0,0,1,0,2,2,2,2,0,0,2,2
136,6357.384,4486.803,210.059,56.811,0.547429,-0.836850,-0.001883,0.836822,0.547390,0.009665,-0.007057,-0.006866,0.999952,0,0.74242,0.10528,44.545,0.211,-1,375.000,-1,400.000,-1,325.000,325.000,150.000,300.000,-1,-1,-1,-1,725.000,825.000,-1,-1,2,0,2,0,2,0,0,1,0,2,2,2,2,0,0,2,2
137,6381.373,4523.773,211.216,57.021,0.544305,-0.838869,0.005567,0.838814,0.544333,0.009595,-0.011079,-0.000553,0.999938,0,0.73452,0.10493,44.071,0.210,-1,375.000,-1,375.000,-1,325.000,325.000,175.000,300.000,-1,-1,-1,-1,725.000,800.000,-1,-1,2,0,2,0,2,0,0,1,0,2,2,2,2,0,0,2,2
