timestep,x_cm,y_cm,z_cm,yaw_deg,basis_xx,basis_xy,basis_xz,basis_yx,basis_yy,basis_yz,basis_zx,basis_zy,basis_zz,teleport_flag,throttle_cmd,steering_cmd,cmd_move_cm,cmd_turn_deg,lidar_cm_0,lidar_cm_1,lidar_cm_2,lidar_cm_3,lidar_cm_4,lidar_cm_5,lidar_cm_6,lidar_cm_7,lidar_cm_8,lidar_cm_9,lidar_cm_10,lidar_cm_11,lidar_cm_12,lidar_cm_13,lidar_cm_14,lidar_cm_15,lidar_cm_16,lidar_class_0,lidar_class_1,lidar_class_2,lidar_class_3,lidar_class_4,lidar_class_5,lidar_class_6,lidar_class_7,lidar_class_8,lidar_class_9,lidar_class_10,lidar_class_11,lidar_class_12,lidar_class_13,lidar_class_14,lidar_class_15,lidar_class_16
0,4453.698,6624.960,107.485,-136.420,-0.721456,0.689191,0.067208,-0.688748,-0.724237,0.033280,0.071611,-0.022279,0.997184,1,0.08000,-0.12000,4.800,-0.240,-1,-1,-1,275.000,525.000,-1,225.000,225.000,350.000,-1,-1,-1,-1,-1,400.000,-1,400.000,2,2,2,1,1,2,1,1,0,2,2,2,2,2,1,2,1
1,4446.690,6618.400,107.036,-136.900,-0.727205,0.682995,0.068482,-0.683110,-0.729874,0.025403,0.067333,-0.028308,0.997329,0,0.16000,-0.24000,9.600,-0.480,-1,-1,-1,250.000,500.000,-1,225.000,225.000,375.000,-1,-1,-1,-1,-1,375.000,-1,400.000,2,2,2,1,1,2,1,1,0,2,2,2,2,2,1,2,1
2,4436.083,6608.662,106.364,-137.456,-0.733826,0.675677,0.070425,-0.676596,-0.736231,0.013499,0.060970,-0.037743,0.997426,0,0.24000,-0.27771,14.400,-0.555,-1,-1,-1,250.000,475.000,-1,225.000,200.000,375.000,-1,-1,-1,-1,-1,375.000,-1,375.000,2,2,2,1,1,2,1,1,0,2,2,2,2,2,1,2,1
3,4421.764,6595.874,105.505,-138.251,-0.743278,0.665028,0.072639,-0.666913,-0.745132,-0.002303,0.052594,-0.050156,0.997356,0,0.32000,-0.39771,19.200,-0.795,-1,-1,-1,225.000,450.000,-1,200.000,200.000,400.000,-1,-1,-1,-1,-1,350.000,-1,325.000,2,2,2,1,1,2,1,1,0,2,2,2,2,2,1,2,1
4,4403.641,6580.141,104.448,-139.064,-0.752925,0.653783,0.075317,-0.656749,-0.753782,-0.022211,0.042252,-0.066188,0.996912,0,0.40000,-0.40625,24.000,-0.813,-1,-1,-1,225.000,425.000,-1,175.000,175.000,425.000,-1,-1,-1,-1,-1,300.000,-1,300.000,2,2,2,1,1,2,1,1,0,2,2,2,2,2,1,2,1
5,4381.640,6561.558,103.194,-139.854,-0.762382,0.642348,0.078500,-0.646432,-0.761560,-0.046386,0.029987,-0.086109,0.995834,0,0.48000,-0.39494,28.800,-0.790,-1,-1,-1,200.000,375.000,-1,150.000,125.000,475.000,1000.000,-1,-1,-1,-1,275.000,-1,250.000,2,2,2,1,1,2,1,1,0,0,2,2,2,2,1,2,1
6,4355.691,6540.213,101.748,-140.615,-0.771683,0.630669,0.082229,-0.635809,-0.768191,-0.075027,0.015851,-0.110180,0.993785,0,0.56000,-0.38056,33.600,-0.761,-1,-1,-1,175.000,325.000,925.000,125.000,100.000,525.000,675.000,-1,-1,-1,-1,225.000,-1,200.000,2,2,2,1,1,1,1,1,0,0,2,2,2,2,1,2,1
7,4325.731,6516.192,101.192,-141.339,-0.780554,0.619072,0.086519,-0.625079,-0.773798,-0.102530,0.003475,-0.134111,0.990960,0,0.64000,-0.36197,38.400,-0.724,-1,-1,-1,150.000,275.000,825.000,125.000,950.000,575.000,425.000,0.000,-1,-1,-1,200.000,-1,175.000,2,2,2,1,1,1,1,1,0,0,1,2,2,2,1,2,1
8,4291.713,6489.562,101.233,-142.013,-0.788926,0.607604,0.091722,-0.614436,-0.778075,-0.130644,-0.008013,-0.159426,0.987177,0,0.72000,-0.33740,43.200,-0.675,-1,-1,-1,125.000,200.000,750.000,100.000,1000.000,675.000,225.000,0.000,-1,-1,-1,150.000,-1,125.000,2,2,2,1,1,1,1,1,0,1,1,2,2,2,1,2,1
9,4253.612,6460.364,101.308,-142.622,-0.796854,0.596135,0.098220,-0.603829,-0.780329,-0.162717,-0.020357,-0.188969,0.981772,0,0.80000,-0.30420,48.000,-0.608,-1,-1,-1,75.000,150.000,675.000,75.000,1000.000,825.000,50.000,0.000,-1,-1,-1,125.000,-1,100.000,2,2,2,1,1,1,1,1,0,1,1,2,2,2,1,2,1
10,4919.492,-9511.016,400.154,-13.426,0.972518,0.232155,0.017704,-0.231781,0.972544,-0.020887,-0.022067,0.016209,0.999625,1,0.00000,0.00000,52.800,-0.517,-1,375.000,-1,400.000,-1,300.000,325.000,325.000,325.000,-1,-1,-1,-1,725.000,875.000,-1,-1,2,0,2,0,2,0,0,0,0,2,2,2,2,0,0,2,2
11,4924.166,-9512.111,400.038,-13.186,0.973483,0.228078,0.017634,-0.227702,0.973504,-0.021020,-0.021961,0.016448,0.999624,0,0.08000,0.12000,4.800,0.240,-1,375.000,-1,400.000,-1,300.000,325.000,325.000,325.000,-1,-1,-1,-1,750.000,875.000,-1,-1,2,0,2,0,2,0,0,0,0,2,2,2,2,0,0,2,2
12,4933.531,-9514.223,399.808,-12.706,0.975363,0.219913,0.017499,-0.219534,0.975373,-0.021281,-0.021748,0.016915,0.999620,0,0.16000,0.24000,9.600,0.480,-1,375.000,-1,400.000,-1,300.000,325.000,325.000,325.000,-1,-1,-1,-1,750.000,875.000,-1,-1,2,0,2,0,2,0,0,0,0,2,2,2,2,0,0,2,2
13,4947.617,-9517.213,399.467,-11.986,0.978053,0.207637,0.017309,-0.207252,0.978048,-0.021656,-0.021425,0.017594,0.999616,0,0.24000,0.36000,14.400,0.720,-1,375.000,-1,400.000,-1,300.000,325.000,325.000,325.000,-1,-1,-1,-1,750.000,875.000,-1,-1,2,0,2,0,2,0,0,0,0,2,2,2,2,0,0,2,2
14,4966.462,-9520.885,399.022,-11.026,0.981399,0.191218,0.017078,-0.190828,0.981374,-0.022127,-0.020991,0.018457,0.999609,0,0.32000,0.48000,19.200,0.960,-1,375.000,-1,400.000,-1,300.000,325.000,325.000,325.000,-1,-1,-1,-1,750.000,875.000,-1,-1,2,0,2,0,2,0,0,0,0,2,2,2,2,0,0,2,2
15,4990.110,-9524.980,398.479,-9.826,0.985193,0.170620,0.016822,-0.170225,0.985144,-0.022669,-0.020440,0.019470,0.999601,0,0.40000,0.60000,24.000,1.200,-1,375.000,-1,400.000,-1,300.000,325.000,325.000,325.000,-1,-1,-1,-1,750.000,875.000,-1,-1,2,0,2,0,2,0,0,0,0,2,2,2,2,0,0,2,2
16,5018.602,-9529.180,397.849,-8.386,0.989175,0.145806,0.016556,-0.145406,0.989099,-0.023249,-0.019766,0.020590,0.999593,0,0.48000,0.72000,28.800,1.440,-1,375.000,-1,400.000,-1,300.000,325.000,325.000,325.000,-1,-1,775.000,-1,750.000,875.000,-1,-1,2,0,2,0,2,0,0,0,0,2,2,0,2,0,0,2,2
17,5051.972,-9533.103,397.142,-6.706,0.993028,0.116743,0.016293,-0.116340,0.992924,-0.023826,-0.018959,0.021765,0.999583,0,0.56000,0.84000,33.600,1.680,-1,375.000,-1,400.000,-1,300.000,325.000,325.000,325.000,-1,-1,600.000,-1,750.000,850.000,-1,-1,2,0,2,0,2,0,0,0,0,2,2,0,2,0,0,2,2
18,5090.231,-9536.395,396.372,-4.918,0.996192,0.085702,0.016032,-0.085299,0.996058,-0.024358,-0.018056,0.022897,0.999575,0,0.64000,0.89403,38.400,1.788,-1,375.000,-1,400.000,-1,300.000,325.000,325.000,325.000,-1,-1,525.000,-1,775.000,850.000,-1,-1,2,0,2,0,2,0,0,0,0,2,2,0,2,0,0,2,2
19,5133.366,-9538.753,395.548,-3.130,0.998385,0.054585,0.015763,-0.054184,0.998223,-0.024809,-0.017089,0.023915,0.999568,0,0.72000,0.89390,43.200,1.788,-1,375.000,-1,400.000,-1,300.000,325.000,325.000,325.000,-1,925.000,600.000,-1,775.000,850.000,-1,-1,2,0,2,0,2,0,0,0,0,2,0,0,2,0,0,2,2
20,5181.353,-9539.876,394.679,-1.340,0.999607,0.023387,0.015471,-0.022993,0.999419,-0.025149,-0.016050,0.024784,0.999564,0,0.80000,0.89471,48.000,1.789,-1,400.000,-1,400.000,-1,300.000,325.000,325.000,325.000,-1,775.000,675.000,-1,775.000,875.000,-1,-1,2,0,2,0,2,0,0,0,0,2,0,0,2,0,0,2,2
21,5234.151,-9539.458,393.775,0.453,0.999854,-0.007902,0.015135,0.008285,0.999644,-0.025353,-0.014929,0.025475,0.999564,0,0.88000,0.89671,52.800,1.793,-1,400.000,-1,400.000,-1,300.000,325.000,325.000,325.000,-1,700.000,775.000,-1,800.000,875.000,-1,-1,2,0,2,0,2,0,0,0,0,2,0,0,2,0,0,2,2
22,5288.442,-9537.322,392.815,2.253,0.999104,-0.039304,0.015679,0.039700,0.998878,-0.025810,-0.014647,0.026409,0.999544,0,0.90554,0.90018,54.333,1.800,-1,400.000,-1,400.000,-1,325.000,325.000,325.000,325.000,-1,700.000,950.000,-1,800.000,875.000,-1,-1,2,0,2,0,2,0,0,0,0,2,0,0,2,0,0,2,2
23,5342.441,-9533.485,391.857,4.063,0.997352,-0.070835,0.016461,0.071249,0.997117,-0.026095,-0.014565,0.027199,0.999524,0,0.90225,0.90507,54.135,1.810,-1,400.000,-1,400.000,-1,325.000,325.000,325.000,325.000,-1,825.000,-1,-1,825.000,875.000,-1,-1,2,0,2,0,2,0,0,0,0,2,0,2,2,0,0,2,2
24,5396.137,-9527.949,390.967,5.886,0.994584,-0.102508,0.017165,0.102935,0.994344,-0.026155,-0.014387,0.027780,0.999511,0,0.89969,0.91124,53.982,1.822,-1,400.000,-1,400.000,-1,325.000,300.000,325.000,325.000,-1,-1,-1,-1,825.000,875.000,-1,-1,2,0,2,0,2,0,0,0,0,2,2,2,2,0,0,2,2
25,5449.529,-9520.708,390.152,7.723,0.990777,-0.134334,0.017766,0.134768,0.990537,-0.025981,-0.014108,0.028136,0.999505,0,0.89801,0.91865,53.881,1.837,-1,400.000,-1,400.000,-1,325.000,300.000,325.000,325.000,-1,-1,-1,-1,825.000,875.000,-1,-1,2,0,2,0,2,0,0,0,0,2,2,2,2,0,0,2,2
26,5502.618,-9511.750,389.414,9.578,0.985903,-0.166319,0.018241,0.166753,0.985667,-0.025570,-0.013727,0.028251,0.999507,0,0.89733,0.92727,53.840,1.855,-1,400.000,-1,375.000,-1,325.000,300.000,325.000,325.000,-1,-1,-1,-1,850.000,875.000,-1,-1,2,0,2,0,2,0,0,0,0,2,2,2,2,0,0,2,2
27,5555.411,-9501.056,388.760,11.452,0.979932,-0.198467,0.018561,0.198893,0.979704,-0.024917,-0.013239,0.028109,0.999517,0,0.89775,0.93707,53.865,1.874,-1,400.000,-1,375.000,-1,325.000,300.000,325.000,325.000,-1,-1,-1,-1,850.000,875.000,-1,-1,2,0,2,0,2,0,0,0,0,2,2,2,2,0,0,2,2
28,5608.858,-9488.300,388.188,13.423,0.972525,-0.232048,0.018693,0.232458,0.972310,-0.023995,-0.012607,0.027681,0.999537,0,0.91581,0.98551,54.949,1.971,-1,400.000,-1,375.000,-1,325.000,300.000,325.000,325.000,-1,-1,-1,-1,850.000,875.000,-1,-1,2,0,2,0,2,0,0,0,0,2,2,2,2,0,0,2,2
29,5662.049,-9473.632,387.713,15.417,0.963865,-0.265740,0.018598,0.266126,0.963668,-0.022815,-0.011860,0.026940,0.999567,0,0.91961,0.99687,55.176,1.994,-1,400.000,-1,400.000,-1,325.000,325.000,325.000,325.000,-1,-1,-1,-1,875.000,875.000,-1,-1,2,0,2,0,2,0,0,0,0,2,2,2,2,0,0,2,2
30,5714.965,-9457.033,387.341,17.417,0.954010,-0.299218,0.018246,0.299572,0.953834,-0.021382,-0.011006,0.025865,0.999605,0,0.92431,1.00000,55.459,2.000,-1,400.000,-1,400.000,-1,325.000,325.000,325.000,350.000,-1,-1,-1,-1,875.000,875.000,-1,-1,2,0,2,0,2,0,0,0,0,2,2,2,2,0,0,2,2
31,5767.588,-9438.485,387.077,19.417,0.942997,-0.332336,0.017605,0.332650,0.942844,-0.019705,-0.010050,0.024438,0.999651,0,0.92994,1.00000,55.796,2.000,-1,400.000,-1,400.000,-1,325.000,325.000,325.000,350.000,-1,-1,-1,-1,900.000,925.000,-1,-1,2,0,2,0,2,0,0,0,0,2,2,2,2,0,0,2,2
32,5819.837,-9417.992,386.823,21.417,0.930841,-0.365051,0.016498,0.365320,0.930703,-0.018262,-0.008689,0.023026,0.999697,0,0.93539,1.00000,56.124,2.000,-1,425.000,-1,425.000,-1,325.000,325.000,325.000,350.000,-1,-1,-1,-1,900.000,975.000,-1,-1,2,0,2,0,2,0,0,0,0,2,2,2,2,0,0,2,2
33,5871.482,-9395.625,385.963,23.417,0.917518,-0.397301,0.017709,0.397595,0.917376,-0.018411,-0.008931,0.023933,0.999674,0,0.93801,1.00000,56.281,2.000,-1,425.000,-1,425.000,-1,350.000,350.000,325.000,350.000,-1,-1,-1,-1,900.000,975.000,-1,-1,2,0,2,0,2,0,0,0,0,2,2,2,2,0,0,2,2
34,5922.463,-9371.398,384.754,25.417,0.903042,-0.429050,0.020753,0.429423,0.902900,-0.019155,-0.010520,0.026209,0.999601,0,0.94074,1.00000,56.445,2.000,-1,425.000,-1,425.000,-1,325.000,350.000,325.000,325.000,-1,-1,-1,-1,900.000,950.000,-1,-1,2,0,2,0,2,0,0,0,0,2,2,2,2,0,0,2,2
35,5972.718,-9345.329,383.648,27.417,0.887459,-0.460275,0.023751,0.460728,0.887329,-0.019423,-0.012134,0.028180,0.999529,0,0.94358,1.00000,56.615,2.000,-1,425.000,-1,425.000,-1,325.000,325.000,325.000,325.000,-1,-1,-1,-1,900.000,950.000,-1,-1,2,0,2,0,2,0,0,0,0,2,2,2,2,0,0,2,2
36,6022.187,-9317.436,382.578,29.417,0.870794,-0.490943,0.026314,0.491461,0.870691,-0.019070,-0.013549,0.029539,0.999472,0,0.94651,1.00000,56.791,2.000,-1,425.000,-1,425.000,-1,325.000,325.000,325.000,325.000,-1,-1,-1,-1,875.000,925.000,-1,-1,2,0,2,0,2,0,0,0,0,2,2,2,2,0,0,2,2
37,6070.807,-9287.738,381.597,31.417,0.853067,-0.521016,0.028631,0.521588,0.853003,-0.018217,-0.014931,0.030473,0.999424,0,0.94954,1.00000,56.972,2.000,-1,425.000,-1,425.000,-1,325.000,325.000,325.000,325.000,-1,-1,-1,-1,875.000,925.000,-1,-1,2,0,2,0,2,0,0,0,0,2,2,2,2,0,0,2,2
38,6118.517,-9256.259,380.668,33.417,0.834292,-0.550462,0.030797,0.551074,0.834292,-0.016562,-0.016577,0.030788,0.999388,0,0.95266,1.00000,57.160,2.000,-1,425.000,-1,400.000,-1,325.000,325.000,325.000,325.000,-1,-1,-1,-1,875.000,900.000,-1,-1,2,0,2,0,2,0,0,0,0,2,2,2,2,0,0,2,2
39,6165.257,-9223.023,379.606,35.417,0.814481,-0.579262,0.032788,0.579875,0.814600,-0.013117,-0.019111,0.029697,0.999376,0,0.95587,1.00000,57.352,2.000,-1,400.000,-1,400.000,-1,325.000,325.000,325.000,325.000,-1,-1,-1,-1,850.000,875.000,-1,-1,2,0,2,0,2,0,0,0,0,2,2,2,2,0,0,2,2
40,6210.966,-9188.056,378.678,37.417,0.793679,-0.607364,0.034395,0.607951,0.793920,-0.009278,-0.021672,0.028275,0.999365,0,0.95916,1.00000,57.550,2.000,-1,400.000,-1,400.000,-1,325.000,325.000,325.000,325.000,-1,-1,-1,-1,825.000,875.000,-1,-1,2,0,2,0,2,0,0,0,0,2,2,2,2,0,0,2,2
41,6255.582,-9151.387,377.889,39.417,0.771913,-0.634732,0.035580,0.635265,0.772277,-0.005067,-0.024262,0.026514,0.999354,0,0.96252,1.00000,57.751,2.000,-1,400.000,-1,400.000,-1,325.000,325.000,325.000,325.000,-1,-1,-1,-1,800.000,850.000,-1,-1,2,0,2,0,2,0,0,0,0,2,2,2,2,0,0,2,2
42,6300.191,-9112.368,377.151,41.177,0.751976,-0.658185,0.036383,0.658640,0.752458,-0.000697,-0.026918,0.024488,0.999338,0,0.98776,0.88000,59.266,1.760,-1,400.000,-1,400.000,-1,325.000,325.000,300.000,325.000,-1,-1,-1,-1,-1,850.000,-1,-1,2,0,2,0,2,0,0,0,0,2,2,2,2,2,0,2,2
43,6343.889,-9072.048,375.546,42.697,0.734221,-0.677893,0.037149,0.678379,0.734712,-0.000667,-0.026841,0.025691,0.999310,0,0.99097,0.76000,59.458,1.520,-1,400.000,-1,400.000,-1,325.000,325.000,300.000,325.000,-1,-1,-1,-1,-1,850.000,-1,-1,2,0,2,0,2,0,0,0,0,2,2,2,2,2,0,2,2
44,6386.801,-9030.642,373.934,43.977,0.718870,-0.694113,0.037856,0.694636,0.719361,-0.000926,-0.026589,0.026962,0.999283,0,0.99385,0.64000,59.631,1.280,-1,400.000,-1,400.000,-1,325.000,325.000,300.000,325.000,-1,-1,-1,-1,-1,850.000,-1,-1,2,0,2,0,2,0,0,0,0,2,2,2,2,2,0,2,2
45,6429.058,-8988.360,372.404,45.017,0.706130,-0.707036,0.038483,0.707588,0.706625,-0.001046,-0.026453,0.027968,0.999259,0,0.99631,0.52000,59.779,1.040,-1,400.000,-1,400.000,-1,325.000,325.000,300.000,325.000,-1,-1,-1,-1,-1,850.000,-1,-1,2,0,2,0,2,0,0,0,0,2,2,2,2,2,0,2,2
46,6470.802,-8945.408,370.947,45.817,0.696168,-0.716817,0.039033,0.717392,0.696669,-0.001050,-0.026440,0.028732,0.999237,0,0.99824,0.40000,59.894,0.800,-1,400.000,-1,400.000,-1,325.000,325.000,300.000,325.000,-1,-1,-1,-1,-1,825.000,-1,-1,2,0,2,0,2,0,0,0,0,2,2,2,2,2,0,2,2
47,6512.177,-8901.995,369.284,46.377,0.689056,-0.723559,0.040799,0.724192,0.689598,-0.001075,-0.027357,0.030287,0.999167,0,0.99954,0.28000,59.972,0.560,-1,400.000,-1,400.000,-1,325.000,325.000,325.000,325.000,-1,-1,-1,-1,-1,825.000,-1,-1,2,0,2,0,2,0,0,0,0,2,2,2,2,2,0,2,2
48,6553.249,-8858.255,367.460,46.801,0.683557,-0.728597,0.043543,0.729321,0.684171,-0.001101,-0.028989,0.032510,0.999051,0,1.00000,0.21225,60.000,0.425,-1,400.000,-1,400.000,-1,325.000,325.000,325.000,325.000,-1,-1,-1,-1,-1,800.000,-1,-1,2,0,2,0,2,0,0,0,0,2,2,2,2,2,0,2,2
49,6593.981,-8814.205,365.705,47.241,0.677826,-0.733772,0.046154,0.734588,0.678513,-0.001041,-0.030552,0.034610,0.998934,0,0.99993,0.21977,59.996,0.440,-1,-1,-1,400.000,-1,325.000,325.000,325.000,325.000,-1,-1,-1,-1,-1,800.000,-1,-1,2,2,2,0,2,0,0,0,0,2,2,2,2,2,0,2,2
50,6634.454,-8769.911,363.895,47.581,0.673365,-0.737750,0.048010,0.738629,0.674111,-0.000867,-0.031725,0.036045,0.998846,0,1.00000,0.17006,60.000,0.340,-1,-1,-1,400.000,-1,325.000,325.000,325.000,325.000,-1,-1,-1,-1,-1,800.000,-1,-1,2,2,2,0,2,0,0,0,0,2,2,2,2,2,0,2,2
51,6674.654,-8725.370,361.951,47.932,0.668784,-0.741860,0.048709,0.742760,0.669558,-0.000567,-0.032193,0.036558,0.998813,0,1.00000,0.17583,60.000,0.352,-1,-1,-1,400.000,-1,325.000,325.000,325.000,325.000,-1,-1,-1,-1,-1,-1,-1,-1,2,2,2,0,2,0,0,0,0,2,2,2,2,2,2,2,2
52,6714.571,-8680.574,360.017,48.297,0.664036,-0.746094,0.048990,0.746997,0.664827,-0.000203,-0.032418,0.036730,0.998799,0,1.00000,0.18201,60.000,0.364,-1,-1,-1,400.000,-1,-1,325.000,325.000,325.000,-1,-1,-1,-1,-1,-1,-1,-1,2,2,2,0,2,2,0,0,0,2,2,2,2,2,2,2,2
53,6754.191,-8635.516,358.160,48.674,0.659091,-0.750453,0.049196,0.751356,0.659897,0.000203,-0.032616,0.036830,0.998789,0,1.00000,0.18865,60.000,0.377,-1,-1,-1,400.000,-1,-1,325.000,325.000,325.000,-1,-1,-1,-1,-1,-1,-1,-1,2,2,2,0,2,2,0,0,0,2,2,2,2,2,2,2,2
54,6793.509,-8590.190,347.954,49.065,0.653898,-0.755456,0.041278,0.754163,0.655196,0.044240,-0.060467,0.002202,0.998168,0,1.00000,0.19579,60.000,0.392,-1,-1,-1,350.000,-1,-1,275.000,250.000,350.000,-1,-1,-1,-1,-1,-1,-1,-1,2,2,2,0,2,2,0,0,0,2,2,2,2,2,2,2,2
55,6832.482,-8544.559,333.665,49.472,0.650301,-0.759145,0.028412,0.752838,0.649003,0.109678,-0.101701,-0.049934,0.993561,0,1.00000,0.20351,60.000,0.407,-1,-1,-1,250.000,-1,-1,200.000,150.000,425.000,-1,-1,-1,-1,-1,-1,-1,-1,2,2,2,0,2,2,0,0,0,2,2,2,2,2,2,2,2
56,6871.081,-8498.606,319.000,49.896,0.648995,-0.760670,0.013701,0.747126,0.640631,0.177188,-0.143559,-0.104758,0.984082,0,1.00000,0.21187,60.000,0.424,-1,-1,-1,200.000,-1,-1,775.000,50.000,525.000,-1,0.000,-1,-1,-1,950.000,-1,350.000,2,2,2,0,2,2,1,0,0,2,0,2,2,2,1,2,0
57,6909.289,-8452.323,304.602,50.338,0.649958,-0.759966,-0.002331,0.737599,0.630084,0.242780,-0.183036,-0.159517,0.970078,0,1.00000,0.22095,60.000,0.442,-1,-1,-1,375.000,-1,950.000,650.000,0.000,850.000,-1,0.000,-1,-1,-1,850.000,-1,175.000,2,2,2,1,2,1,1,0,0,2,0,2,2,2,1,2,0
58,6947.092,-8405.707,290.332,50.800,0.652693,-0.757383,-0.019065,0.725645,0.617712,0.303102,-0.217788,-0.211666,0.952767,0,1.00000,0.23084,60.000,0.462,-1,-1,-1,425.000,175.000,825.000,550.000,0.000,-1,0.000,0.000,-1,-1,-1,775.000,-1,50.000,2,2,2,1,0,1,1,1,2,0,0,2,2,2,1,2,0
59,-6887.292,9511.035,139.599,13.739,0.970738,-0.237086,-0.038171,0.238844,0.969715,0.051058,0.024910,-0.058681,0.997966,1,0.00000,0.00000,60.000,0.483,-1,425.000,-1,400.000,-1,325.000,325.000,300.000,300.000,-1,-1,-1,-1,-1,975.000,-1,-1,2,0,2,0,2,0,0,0,0,2,2,2,2,2,0,2,2
60,-6882.624,9512.155,139.717,13.499,0.971732,-0.233023,-0.037905,0.234773,0.970700,0.051209,0.024862,-0.058661,0.997968,0,0.08000,-0.12000,4.800,-0.240,-1,425.000,-1,400.000,-1,325.000,325.000,300.000,300.000,-1,-1,-1,-1,-1,975.000,-1,-1,2,0,2,0,2,0,0,0,0,2,2,2,2,2,0,2,2
61,-6873.271,9514.318,139.959,13.019,0.973669,-0.224883,-0.037373,0.226618,0.972621,0.051505,0.024768,-0.058618,0.997973,0,0.16000,-0.24000,9.600,-0.480,-1,425.000,-1,400.000,-1,325.000,325.000,300.000,300.000,-1,-1,-1,-1,-1,975.000,-1,-1,2,0,2,0,2,0,0,0,0,2,2,2,2,2,0,2,2
62,-6859.201,9517.385,140.330,12.299,0.976445,-0.212644,-0.036573,0.214356,0.975374,0.051933,0.024629,-0.058550,0.997981,0,0.24000,-0.36000,14.400,-0.720,-1,425.000,-1,400.000,-1,325.000,325.000,300.000,300.000,-1,-1,-1,-1,-1,975.000,-1,-1,2,0,2,0,2,0,0,0,0,2,2,2,2,2,0,2,2
63,-6840.375,9521.160,140.843,11.339,0.979906,-0.196274,-0.035503,0.197955,0.978806,0.052475,0.024451,-0.058449,0.997991,0,0.32000,-0.48000,19.200,-0.960,-1,425.000,-1,400.000,-1,325.000,325.000,300.000,300.000,-1,-1,-1,-1,-1,975.000,-1,-1,2,0,2,0,2,0,0,0,0,2,2,2,2,2,0,2,2
64,-6816.750,9525.385,141.510,10.139,0.983845,-0.175734,-0.034161,0.177375,0.982710,0.053104,0.024238,-0.058305,0.998005,0,0.40000,-0.60000,24.000,-1.200,-1,425.000,-1,425.000,-1,325.000,325.000,300.000,300.000,-1,-1,-1,-1,-1,975.000,-1,-1,2,0,2,0,2,0,0,0,0,2,2,2,2,2,0,2,2
65,-6788.281,9529.740,142.351,8.699,0.988000,-0.150984,-0.032548,0.152577,0.986827,0.053784,0.023998,-0.058105,0.998022,0,0.48000,-0.72000,28.800,-1.440,-1,425.000,-1,425.000,-1,325.000,325.000,300.000,300.000,-1,-1,-1,-1,-1,975.000,-1,-1,2,0,2,0,2,0,0,0,0,2,2,2,2,2,0,2,2
66,-6754.944,9533.939,143.382,7.178,0.991715,-0.124741,-0.030678,0.126273,0.990497,0.054500,0.023588,-0.057923,0.998042,0,0.56000,-0.76044,33.600,-1.521,-1,425.000,-1,425.000,-1,325.000,325.000,300.000,300.000,-1,-1,-1,-1,-1,975.000,-1,-1,2,0,2,0,2,0,0,0,0,2,2,2,2,2,0,2,2
67,-6716.729,9537.717,144.619,5.646,0.994755,-0.098221,-0.028560,0.099682,0.993485,0.055235,0.022949,-0.057792,0.998065,0,0.64000,-0.76584,38.400,-1.532,-1,425.000,-1,425.000,-1,350.000,325.000,300.000,300.000,-1,-1,-1,-1,-1,975.000,-1,-1,2,0,2,0,2,0,0,0,0,2,2,2,2,2,0,2,2
68,-6673.640,9540.807,146.074,4.102,0.997102,-0.071416,-0.026202,0.072792,0.995776,0.055959,0.022095,-0.057704,0.998089,0,0.72000,-0.77202,43.200,-1.544,-1,450.000,-1,425.000,-1,350.000,325.000,300.000,300.000,-1,-1,-1,-1,-1,975.000,-1,-1,2,0,2,0,2,0,0,0,0,2,2,2,2,2,0,2,2
69,-6625.687,9542.938,147.764,2.544,0.998739,-0.044316,-0.023611,0.045594,0.997353,0.056641,0.021038,-0.057646,0.998115,0,0.80000,-0.77899,48.000,-1.558,-1,450.000,-1,425.000,-1,350.000,325.000,300.000,300.000,-1,-1,-1,-1,-1,975.000,-1,-1,2,0,2,0,2,0,0,0,0,2,2,2,2,2,0,2,2
70,-6572.894,9543.841,149.704,0.980,0.999638,-0.017080,-0.020799,0.018246,0.998193,0.057248,0.019783,-0.057607,0.998143,0,0.88000,-0.78196,52.800,-1.564,-1,450.000,-1,425.000,-1,350.000,350.000,300.000,300.000,-1,-1,-1,-1,-1,975.000,-1,-1,2,0,2,0,2,0,0,0,0,2,2,2,2,2,0,2,2
71,-6518.322,9543.286,150.150,-0.584,0.999788,0.010169,-0.017885,-0.009115,0.998271,0.058076,0.018445,-0.057901,0.998152,0,0.90957,-0.78196,54.574,-1.564,-1,450.000,-1,425.000,-1,350.000,350.000,300.000,300.000,-1,-1,-1,-1,-1,975.000,-1,-1,2,0,2,0,2,0,0,0,0,2,2,2,2,2,0,2,2
72,-6463.786,9541.242,150.235,-2.148,0.999200,0.037408,-0.014170,-0.036506,0.997572,0.059312,0.016355,-0.058748,0.998139,0,0.90957,-0.78196,54.574,-1.564,-1,425.000,-1,425.000,-1,350.000,325.000,300.000,300.000,-1,-1,-1,-1,-1,950.000,-1,-1,2,0,2,0,2,0,0,0,0,2,2,2,2,2,0,2,2
73,-6409.280,9537.703,150.418,-3.715,0.997850,0.064686,-0.010495,-0.063941,0.996132,0.060278,0.014353,-0.059478,0.998126,0,0.91034,-0.78393,54.620,-1.568,-1,425.000,-1,425.000,-1,325.000,325.000,300.000,300.000,-1,-1,-1,-1,-1,925.000,-1,-1,2,0,2,0,2,0,0,0,0,2,2,2,2,2,0,2,2
74,-6354.805,9532.659,150.705,-5.291,0.995732,0.092040,-0.006873,-0.091454,0.993941,0.060964,0.012443,-0.060075,0.998116,0,0.91180,-0.78757,54.708,-1.575,-1,425.000,-1,425.000,-1,325.000,325.000,300.000,300.000,-1,-1,-1,-1,-1,925.000,-1,-1,2,0,2,0,2,0,0,0,0,2,2,2,2,2,0,2,2
75,-6300.400,9526.102,151.101,-6.873,0.992835,0.119450,-0.003325,-0.119023,0.990994,0.061360,0.010625,-0.060524,0.998110,0,0.91330,-0.79122,54.798,-1.582,-1,425.000,-1,400.000,-1,325.000,325.000,300.000,300.000,-1,-1,-1,-1,-1,900.000,-1,-1,2,0,2,0,2,0,0,0,0,2,2,2,2,2,0,2,2
76,-6246.106,9518.024,151.610,-8.463,0.989152,0.146894,0.000129,-0.146625,0.987281,0.061456,0.008900,-0.060808,0.998110,0,0.91485,-0.79488,54.891,-1.590,-1,425.000,-1,400.000,-1,325.000,325.000,300.000,300.000,-1,-1,-1,-1,975.000,900.000,-1,-1,2,0,2,0,2,0,0,0,0,2,2,2,2,0,0,2,2
77,-6191.964,9508.420,152.240,-10.060,0.984677,0.174352,0.003469,-0.174235,0.982798,0.061245,0.007269,-0.060911,0.998117,0,0.91644,-0.79854,54.986,-1.597,-1,425.000,-1,400.000,-1,325.000,325.000,300.000,300.000,-1,-1,-1,-1,950.000,875.000,-1,-1,2,0,2,0,2,0,0,0,0,2,2,2,2,0,0,2,2
78,-6138.017,9497.283,152.993,-11.664,0.979403,0.201803,0.006672,-0.201832,0.977536,0.060721,0.005732,-0.060817,0.998132,0,0.91807,-0.80222,55.084,-1.604,-1,400.000,-1,400.000,-1,325.000,325.000,325.000,300.000,-1,-1,-1,-1,925.000,850.000,-1,-1,2,0,2,0,2,0,0,0,0,2,2,2,2,0,0,2,2
79,-6084.306,9484.610,153.876,-13.276,0.973325,0.229223,0.009713,-0.229389,0.971491,0.059879,0.004289,-0.060510,0.998158,0,0.91974,-0.80591,55.185,-1.612,-1,400.000,-1,400.000,-1,325.000,325.000,325.000,300.000,-1,-1,-1,-1,925.000,850.000,-1,-1,2,0,2,0,2,0,0,0,0,2,2,2,2,0,0,2,2
80,-6030.876,9470.398,154.893,-14.895,0.966438,0.256591,0.012570,-0.256882,0.964657,0.058717,0.002941,-0.059975,0.998196,0,0.92145,-0.80961,55.287,-1.619,-1,400.000,-1,400.000,-1,325.000,325.000,325.000,300.000,-1,-1,-1,-1,900.000,850.000,-1,-1,2,0,2,0,2,0,0,0,0,2,2,2,2,0,0,2,2
81,-5977.771,9454.645,155.803,-16.522,0.958750,0.283867,0.014735,-0.284239,0.956973,0.058411,0.002480,-0.060190,0.998184,0,0.92320,-0.81332,55.392,-1.627,-1,400.000,-1,400.000,-1,325.000,325.000,325.000,300.000,-1,-1,-1,-1,900.000,825.000,-1,-1,2,0,2,0,2,0,0,0,0,2,2,2,2,0,0,2,2
82,-5925.034,9437.353,156.201,-18.156,0.950260,0.310991,0.017059,-0.311447,0.948336,0.060494,0.002635,-0.062798,0.998023,0,0.92498,-0.81704,55.499,-1.634,-1,400.000,-1,400.000,-1,325.000,325.000,325.000,300.000,-1,-1,-1,-1,900.000,850.000,-1,-1,2,0,2,0,2,0,0,0,0,2,2,2,2,0,0,2,2
83,-5872.712,9418.521,156.670,-19.798,0.940950,0.337972,0.019699,-0.338536,0.938878,0.062465,0.002616,-0.065446,0.997853,0,0.92679,-0.82078,55.607,-1.642,-1,400.000,-1,400.000,-1,325.000,325.000,325.000,325.000,-1,-1,-1,-1,900.000,850.000,-1,-1,2,0,2,0,2,0,0,0,0,2,2,2,2,0,0,2,2
84,-5825.342,9400.149,157.001,-21.199,0.932401,0.360802,0.021202,-0.361411,0.930245,0.063459,0.003173,-0.066832,0.997759,0,0.84679,-0.70078,50.807,-1.402,-1,400.000,-1,400.000,-1,325.000,325.000,325.000,325.000,-1,-1,-1,-1,900.000,850.000,-1,-1,2,0,2,0,2,0,0,0,0,2,2,2,2,0,0,2,2
85,-5778.367,9380.825,157.077,-22.361,0.924905,0.379580,0.021677,-0.380176,0.922727,0.063564,0.004126,-0.067032,0.997742,0,0.84656,-0.58078,50.794,-1.162,-1,425.000,-1,400.000,-1,325.000,325.000,325.000,325.000,-1,-1,-1,-1,900.000,850.000,-1,-1,2,0,2,0,2,0,0,0,0,2,2,2,2,0,0,2,2
86,-5731.629,9360.714,156.817,-23.282,0.918656,0.394367,0.023360,-0.395043,0.916492,0.063122,0.003484,-0.067216,0.997732,0,0.84800,-0.46078,50.880,-0.922,-1,400.000,-1,400.000,-1,325.000,325.000,325.000,325.000,-1,-1,-1,-1,900.000,850.000,-1,-1,2,0,2,0,2,0,0,0,0,2,2,2,2,0,0,2,2
87,-5685.069,9340.020,156.626,-23.964,0.913869,0.405240,0.024979,-0.406001,0.911733,0.062501,0.002554,-0.067259,0.997732,0,0.84919,-0.34078,50.952,-0.682,-1,400.000,-1,400.000,-1,325.000,325.000,325.000,325.000,-1,-1,-1,-1,875.000,850.000,-1,-1,2,0,2,0,2,0,0,0,0,2,2,2,2,0,0,2,2
88,-5638.621,9318.945,156.490,-24.405,0.910681,0.412256,0.026544,-0.413107,0.908588,0.061730,0.001331,-0.067182,0.997740,0,0.85009,-0.22078,51.005,-0.442,-1,400.000,-1,400.000,-1,325.000,325.000,325.000,300.000,-1,-1,-1,-1,875.000,825.000,-1,-1,2,0,2,0,2,0,0,0,0,2,2,2,2,0,0,2,2
89,-5592.219,9297.694,156.393,-24.607,0.909181,0.415455,0.028068,-0.416402,0.907143,0.060839,-0.000186,-0.067001,0.997753,0,0.85062,-0.10078,51.037,-0.202,-1,400.000,-1,400.000,-1,325.000,325.000,325.000,300.000,-1,-1,-1,-1,875.000,825.000,-1,-1,2,0,2,0,2,0,0,0,0,2,2,2,2,0,0,2,2
90,-5545.795,9276.470,156.322,-24.568,0.909408,0.414853,0.029569,-0.415901,0.907438,0.059855,-0.002001,-0.066730,0.997769,0,0.85074,0.01922,51.045,0.038,-1,400.000,-1,400.000,-1,325.000,325.000,325.000,300.000,-1,-1,-1,-1,875.000,825.000,-1,-1,2,0,2,0,2,0,0,0,0,2,2,2,2,0,0,2,2
91,-5499.289,9255.482,156.260,-24.290,0.911355,0.410448,0.031065,-0.411601,0.909465,0.058809,-0.004114,-0.066382,0.997786,0,0.85039,0.13922,51.024,0.278,-1,400.000,-1,400.000,-1,325.000,325.000,325.000,300.000,-1,-1,-1,-1,850.000,825.000,-1,-1,2,0,2,0,2,0,0,0,0,2,2,2,2,0,0,2,2
92,-5452.664,9234.886,156.195,-23.832,0.914541,0.403178,0.032575,-0.404441,0.912740,0.057733,-0.006456,-0.065974,0.997800,0,0.84952,0.22893,50.971,0.458,-1,400.000,-1,400.000,-1,325.000,325.000,325.000,300.000,-1,-1,-1,-1,850.000,800.000,-1,-1,2,0,2,0,2,0,0,0,0,2,2,2,2,0,0,2,2
93,-5405.954,9214.689,156.128,-23.384,0.917600,0.396038,0.034109,-0.397406,0.915892,0.056653,-0.008804,-0.065540,0.997811,0,0.84816,0.22409,50.890,0.448,-1,400.000,-1,400.000,-1,325.000,325.000,325.000,300.000,-1,-1,-1,-1,850.000,800.000,-1,-1,2,0,2,0,2,0,0,0,0,2,2,2,2,0,0,2,2
94,-5359.180,9194.892,155.856,-22.941,0.920576,0.388945,0.035515,-0.390414,0.918928,0.056109,-0.010812,-0.065518,0.997793,0,0.84652,0.22149,50.791,0.443,-1,400.000,-1,400.000,-1,325.000,325.000,325.000,300.000,-1,-1,-1,-1,850.000,800.000,-1,-1,2,0,2,0,2,0,0,0,0,2,2,2,2,0,0,2,2
95,-5312.362,9175.497,155.403,-22.503,0.923464,0.381891,0.037060,-0.383473,0.921848,0.056081,-0.012747,-0.066000,0.997738,0,0.84460,0.21918,50.676,0.438,-1,400.000,-1,400.000,-1,325.000,325.000,325.000,300.000,-1,-1,-1,-1,850.000,775.000,-1,-1,2,0,2,0,2,0,0,0,0,2,2,2,2,0,0,2,2
96,-5265.518,9156.508,154.775,-22.068,0.926244,0.374863,0.039375,-0.376618,0.924645,0.056483,-0.015235,-0.067147,0.997627,0,0.84245,0.21717,50.547,0.434,-1,400.000,-1,400.000,-1,325.000,325.000,325.000,300.000,-1,-1,-1,-1,825.000,775.000,-1,-1,2,0,2,0,2,0,0,0,0,2,2,2,2,0,0,2,2
97,-5218.664,9137.923,154.106,-21.637,0.928948,0.367867,0.041598,-0.369794,0.927359,0.057079,-0.017579,-0.068406,0.997503,0,0.84008,0.21547,50.405,0.431,-1,400.000,-1,400.000,-1,325.000,325.000,325.000,325.000,-1,-1,-1,-1,825.000,775.000,-1,-1,2,0,2,0,2,0,0,0,0,2,2,2,2,0,0,2,2
98,-5171.815,9119.745,153.190,-21.209,0.931609,0.360890,0.043171,-0.362958,0.929987,0.058193,-0.019148,-0.069882,0.997371,0,0.83754,0.21407,50.252,0.428,-1,400.000,-1,400.000,-1,325.000,325.000,325.000,325.000,-1,-1,-1,-1,825.000,775.000,-1,-1,2,0,2,0,2,0,0,0,0,2,2,2,2,0,0,2,2
99,-5124.984,9101.972,152.067,-20.783,0.934227,0.353949,0.044043,-0.356102,0.932598,0.058756,-0.020278,-0.070576,0.997300,0,0.83485,0.21298,50.091,0.426,-1,400.000,-1,400.000,-1,325.000,325.000,325.000,325.000,-1,-1,-1,-1,825.000,750.000,-1,-1,2,0,2,0,2,0,0,0,0,2,2,2,2,0,0,2,2
100,-5078.180,9084.604,150.853,-20.359,0.936775,0.347023,0.045031,-0.349261,0.935172,0.058902,-0.021672,-0.070906,0.997248,0,0.83205,0.21219,49.923,0.424,-1,400.000,-1,400.000,-1,325.000,325.000,325.000,325.000,-1,-1,-1,-1,800.000,750.000,-1,-1,2,0,2,0,2,0,0,0,0,2,2,2,2,0,0,2,2
101,-5031.410,9067.642,149.647,-19.935,0.939266,0.340094,0.045991,-0.342416,0.937689,0.059086,-0.023030,-0.071246,0.997193,0,0.82917,0.21172,49.750,0.423,-1,400.000,-1,400.000,-1,325.000,325.000,325.000,325.000,-1,-1,-1,-1,800.000,750.000,-1,-1,2,0,2,0,2,0,0,0,0,2,2,2,2,0,0,2,2
102,-4984.681,9051.084,148.449,-19.512,0.941705,0.333152,0.046923,-0.335558,0.940151,0.059307,-0.024357,-0.071595,0.997136,0,0.82627,0.21156,49.576,0.423,-1,400.000,-1,400.000,-1,325.000,325.000,325.000,325.000,-1,-1,-1,-1,800.000,750.000,-1,-1,2,0,2,0,2,0,0,0,0,2,2,2,2,0,0,2,2
103,-4937.995,9034.928,147.258,-19.089,0.944094,0.326187,0.047829,-0.328676,0.942563,0.059564,-0.025653,-0.071954,0.997078,0,0.82337,0.21170,49.402,0.423,-1,400.000,-1,375.000,-1,325.000,325.000,325.000,325.000,-1,-1,-1,-1,800.000,750.000,-1,-1,2,0,2,0,2,0,0,0,0,2,2,2,2,0,0,2,2
104,-4891.353,9019.173,146.073,-18.665,0.946438,0.319190,0.048709,-0.321761,0.944927,0.059856,-0.026921,-0.072322,0.997018,0,0.82052,0.21214,49.231,0.424,-1,400.000,-1,375.000,-1,325.000,325.000,325.000,325.000,-1,-1,-1,-1,800.000,725.000,-1,-1,2,0,2,0,2,0,0,0,0,2,2,2,2,0,0,2,2
105,-4844.754,9003.818,144.892,-18.239,0.948739,0.312151,0.049564,-0.314804,0.947247,0.060181,-0.028163,-0.072699,0.996956,0,0.81774,0.21288,49.065,0.426,-1,400.000,-1,375.000,-1,325.000,325.000,325.000,325.000,-1,-1,-1,-1,800.000,725.000,-1,-1,2,0,2,0,2,0,0,0,0,2,2,2,2,0,0,2,2
106,-4798.193,8988.859,143.708,-17.811,0.951000,0.305061,0.050370,-0.307794,0.949526,0.060523,-0.029364,-0.073061,0.996895,0,0.81508,0.21391,48.905,0.428,-1,400.000,-1,375.000,-1,325.000,300.000,325.000,325.000,-1,-1,-1,-1,800.000,725.000,-1,-1,2,0,2,0,2,0,0,0,0,2,2,2,2,0,0,2,2
107,-4751.665,8974.296,142.463,-17.381,0.953234,0.297916,0.050905,-0.300705,0.951782,0.060728,-0.030358,-0.073196,0.996855,0,0.81257,0.21523,48.754,0.430,-1,400.000,-1,375.000,-1,325.000,300.000,325.000,325.000,-1,-1,-1,-1,800.000,725.000,975.000,-1,2,0,2,0,2,0,0,0,0,2,2,2,2,0,0,1,2
108,-4705.163,8960.126,141.216,-16.947,0.955432,0.290701,0.051413,-0.293545,0.954000,0.060956,-0.031328,-0.073331,0.996815,0,0.81022,0.21683,48.613,0.434,975.000,400.000,-1,375.000,-1,325.000,325.000,325.000,325.000,-1,-1,-1,-1,800.000,725.000,925.000,-1,1,0,2,0,2,0,0,0,0,2,2,2,2,1,0,1,2
109,-4658.677,8946.349,139.815,-16.510,0.957614,0.283394,0.051601,-0.286294,0.956139,0.061927,-0.031788,-0.074075,0.996746,0,0.80808,0.21871,48.485,0.437,925.000,400.000,-1,375.000,-1,325.000,325.000,325.000,325.000,-1,-1,-1,-1,750.000,725.000,900.000,-1,1,0,2,0,2,0,0,0,0,2,2,2,2,1,0,1,2
110,-4612.196,8932.963,138.280,-16.068,0.959757,0.275988,0.051942,-0.278973,0.958203,0.063411,-0.032270,-0.075350,0.996635,0,0.80616,0.22085,48.370,0.442,875.000,400.000,-1,375.000,-1,325.000,325.000,325.000,325.000,-1,-1,-1,-1,725.000,725.000,850.000,-1,1,0,2,0,2,0,0,0,0,2,2,2,2,1,0,1,2
111,-4560.941,8918.824,136.561,-15.424,0.962780,0.265168,0.052347,-0.268257,0.961146,0.065090,-0.033053,-0.076710,0.996505,0,0.88616,0.32214,53.170,0.644,825.000,400.000,-1,375.000,-1,325.000,325.000,325.000,325.000,-1,-1,-1,-1,675.000,725.000,800.000,-1,1,0,2,0,2,0,0,0,0,2,2,2,2,1,0,1,2
112,-4508.655,8905.033,134.685,-14.777,0.965711,0.254281,0.052383,-0.257438,0.964006,0.066470,-0.033595,-0.077676,0.996412,0,0.90125,0.32343,54.075,0.647,775.000,400.000,-1,375.000,-1,325.000,325.000,325.000,325.000,-1,-1,-1,-1,650.000,725.000,750.000,-1,1,0,2,0,2,0,0,0,0,2,2,2,2,1,0,1,2
113,-4455.819,8891.736,132.654,-14.127,0.968523,0.243329,0.052478,-0.246543,0.966787,0.067372,-0.034341,-0.078189,0.996347,0,0.90807,0.32472,54.484,0.649,725.000,400.000,-1,375.000,-1,325.000,325.000,325.000,325.000,-1,-1,-1,-1,600.000,725.000,700.000,-1,1,0,2,0,2,0,0,0,0,2,2,2,2,1,1,1,2
114,-4402.433,8878.944,130.601,-13.475,0.971220,0.232302,0.052606,-0.235579,0.969451,0.068313,-0.035130,-0.078739,0.996276,0,0.91495,0.32597,54.897,0.652,675.000,400.000,-1,375.000,-1,325.000,325.000,325.000,325.000,-1,-1,-1,-1,575.000,700.000,650.000,-1,1,0,2,0,2,0,0,0,0,2,2,2,2,1,1,1,2
115,-4348.499,8866.671,128.523,-12.821,0.973799,0.221204,0.052769,-0.224550,0.971996,0.069294,-0.035963,-0.079328,0.996200,0,0.92189,0.32721,55.314,0.654,625.000,400.000,-1,375.000,-1,325.000,325.000,325.000,325.000,-1,-1,-1,-1,525.000,675.000,575.000,-1,1,0,2,0,2,0,0,0,0,2,2,2,2,1,1,1,2
116,-4292.428,8854.337,126.381,-12.406,0.975363,0.214154,0.052964,-0.217567,0.973508,0.070339,-0.036498,-0.080129,0.996116,0,0.95686,0.20721,57.412,0.414,550.000,400.000,975.000,375.000,-1,325.000,325.000,325.000,325.000,-1,-1,-1,-1,500.000,650.000,525.000,-1,1,1,1,0,2,0,0,0,0,2,2,2,2,1,1,1,2
117,-4235.900,8842.083,124.256,-12.232,0.976001,0.211173,0.053171,-0.214647,0.974078,0.071401,-0.036715,-0.081101,0.996029,0,0.96402,0.08721,57.841,0.174,500.000,350.000,900.000,375.000,-1,325.000,325.000,325.000,325.000,-1,-1,-1,-1,450.000,625.000,475.000,-1,1,1,1,0,2,0,0,0,0,2,2,2,2,1,1,1,2
118,-4178.971,8829.675,122.169,-12.298,0.975753,0.212269,0.053374,-0.215796,0.973746,0.072466,-0.036591,-0.082227,0.995942,0,0.97109,-0.03279,58.265,-0.066,425.000,325.000,850.000,375.000,-1,300.000,325.000,325.000,325.000,-1,-1,-1,-1,425.000,625.000,425.000,-1,1,1,1,1,2,1,1,0,0,2,2,2,2,1,1,1,2
119,-4121.674,8817.005,120.126,-12.469,0.975107,0.215167,0.053566,-0.218743,0.973008,0.073527,-0.036300,-0.083414,0.995854,0,0.97801,-0.08591,58.681,-0.172,375.000,300.000,800.000,350.000,-1,275.000,300.000,325.000,325.000,-1,-1,-1,-1,375.000,600.000,350.000,-1,1,1,1,1,2,1,1,0,0,2,2,2,2,1,1,1,2
120,-4064.016,8804.083,118.125,-12.634,0.974483,0.217933,0.053746,-0.221557,0.972291,0.074583,-0.036003,-0.084588,0.995765,0,0.98480,-0.08212,59.088,-0.164,300.000,275.000,750.000,325.000,-1,250.000,275.000,325.000,325.000,-1,-1,-1,-1,325.000,600.000,300.000,-1,1,1,1,1,2,1,1,0,0,2,2,2,2,1,1,1,2
121,-4006.003,8790.915,116.157,-12.790,0.973885,0.220554,0.053894,-0.224223,0.971595,0.075682,-0.035671,-0.085790,0.995674,0,0.99148,-0.07791,59.489,-0.156,250.000,225.000,700.000,325.000,-1,225.000,250.000,325.000,325.000,-1,-1,-1,-1,300.000,575.000,225.000,-1,1,1,1,1,2,1,1,0,0,2,2,2,2,1,1,1,2
122,-3947.646,8777.495,117.694,-12.936,0.973967,0.223266,0.039251,-0.225472,0.972029,0.065747,-0.023474,-0.072885,0.997064,0,0.99801,-0.07322,59.880,-0.146,225.000,225.000,-1,325.000,-1,225.000,250.000,350.000,300.000,-1,675.000,-1,-1,275.000,875.000,200.000,-1,1,1,2,1,2,1,1,0,0,2,0,2,2,1,0,1,2
123,-3889.206,8763.905,121.298,-13.072,0.974024,0.225872,0.016103,-0.226399,0.972789,0.049252,-0.004540,-0.051619,0.998657,0,1.00000,-0.06796,60.000,-0.136,225.000,225.000,-1,325.000,-1,225.000,250.000,425.000,300.000,-1,350.000,200.000,-1,300.000,-1,200.000,-1,1,1,2,1,2,1,1,0,0,2,0,0,2,1,2,1,2
124,-3830.793,8750.197,125.967,-13.196,0.973578,0.228147,-0.009708,-0.227638,0.973012,0.037793,0.018068,-0.034584,0.999238,0,1.00000,-0.06209,60.000,-0.124,200.000,225.000,-1,375.000,-1,225.000,275.000,500.000,275.000,-1,225.000,100.000,-1,300.000,-1,200.000,-1,1,1,2,1,2,1,1,0,0,2,0,0,2,1,2,1,2
125,-3772.403,8736.381,131.041,-13.307,0.972488,0.230126,-0.036185,-0.229183,0.972969,0.028414,0.041745,-0.019339,0.998941,0,1.00000,-0.05549,60.000,-0.111,200.000,250.000,-1,450.000,-1,225.000,300.000,500.000,275.000,-1,175.000,50.000,775.000,325.000,-1,200.000,-1,1,1,2,1,2,1,1,1,0,2,0,0,0,1,2,1,2
126,-3714.035,8722.471,135.824,-13.403,0.970794,0.231799,-0.061866,-0.231114,0.972758,0.018112,0.064379,-0.003285,0.997920,0,1.00000,-0.04803,60.000,-0.096,200.000,250.000,-1,575.000,-1,250.000,325.000,475.000,275.000,-1,150.000,50.000,525.000,350.000,-1,200.000,-1,1,1,2,1,2,1,1,1,0,2,0,0,0,1,2,1,2
127,-8199.208,9510.976,100.104,128.531,-0.618818,-0.778677,0.103573,0.784186,-0.620085,0.023391,0.046010,0.095695,0.994347,1,0.00000,0.00000,60.000,-0.079,200.000,250.000,-1,325.000,-1,225.000,250.000,525.000,250.000,-1,175.000,25.000,300.000,325.000,-1,200.000,-1,1,1,2,1,2,1,1,1,0,2,0,0,0,1,2,1,2
128,8854.962,-4268.358,228.751,-91.812,-0.031976,0.997235,0.067083,-0.999475,-0.031552,-0.007369,-0.005232,-0.067284,0.997720,1,0.08000,-0.12000,4.800,-0.240,-1,425.000,-1,375.000,-1,325.000,325.000,300.000,300.000,-1,-1,-1,-1,950.000,-1,-1,-1,2,0,2,0,2,0,0,0,0,2,2,2,2,0,2,2,2
129,8854.579,-4277.950,228.730,-92.292,-0.040325,0.996903,0.067513,-0.999175,-0.039904,-0.007573,-0.004855,-0.067763,0.997690,0,0.16000,-0.24000,9.600,-0.480,-1,425.000,-1,375.000,-1,325.000,325.000,300.000,300.000,-1,-1,-1,-1,950.000,-1,-1,-1,2,0,2,1,2,0,0,0,0,2,2,2,2,0,2,2,2
130,8853.822,-4292.331,228.711,-93.012,-0.052840,0.996275,0.068148,-0.998594,-0.052425,-0.007868,-0.004266,-0.068468,0.997644,0,0.24000,-0.36000,14.400,-0.720,-1,425.000,-1,-1,-1,325.000,325.000,300.000,300.000,-1,-1,-1,-1,925.000,-1,-1,-1,2,0,2,2,2,0,0,0,0,2,2,2,2,0,2,2,2
131,8852.493,-4311.485,228.712,-93.972,-0.069510,0.995194,0.068977,-0.997575,-0.069105,-0.008242,-0.003436,-0.069383,0.997584,0,0.32000,-0.48000,19.200,-0.960,-1,425.000,-1,-1,-1,325.000,325.000,300.000,300.000,-1,-1,-1,-1,925.000,-1,-1,-1,2,0,2,2,2,0,1,0,0,2,2,2,2,0,2,2,2
132,8850.330,-4335.388,228.752,-95.172,-0.090313,0.993451,0.069984,-0.995911,-0.089925,-0.008679,-0.002329,-0.070481,0.997510,0,0.40000,-0.60000,24.000,-1.200,-1,425.000,-1,-1,-1,325.000,325.000,300.000,300.000,-1,-1,-1,-1,925.000,-1,-1,-1,2,0,2,2,2,0,1,0,0,2,2,2,2,0,2,2,2
133,8847.116,-4364.009,228.846,-96.410,-0.111717,0.991189,0.071162,-0.993739,-0.111346,-0.009164,-0.001160,-0.071740,0.997423,0,0.48000,-0.61866,28.800,-1.237,-1,425.000,-1,-1,-1,325.000,350.000,325.000,300.000,-1,-1,-1,-1,900.000,-1,-1,-1,2,0,2,2,2,1,1,0,0,2,2,2,2,0,2,2,2
134,8842.646,-4397.311,229.014,-97.646,-0.133051,0.988454,0.072500,-0.991109,-0.132698,-0.009684,0.000048,-0.073144,0.997321,0,0.56000,-0.61831,33.600,-1.237,-1,400.000,-1,-1,-1,325.000,425.000,325.000,300.000,-1,-1,-1,-1,900.000,-1,-1,-1,2,0,2,2,2,1,1,0,0,2,2,2,2,0,2,2,2
135,8836.717,-4435.251,229.281,-98.883,-0.154326,0.985246,0.073984,-0.988019,-0.153993,-0.010224,0.001320,-0.074675,0.997207,0,0.64000,-0.61863,38.400,-1.237,-1,400.000,-1,-1,-1,350.000,-1,325.000,300.000,-1,-1,-1,-1,875.000,-1,-1,-1,2,0,2,2,2,1,2,0,0,2,2,2,2,0,2,2,2
136,8829.126,-4477.780,229.675,-100.123,-0.175552,0.981563,0.075598,-0.984466,-0.175242,-0.010767,0.002680,-0.076314,0.997080,0,0.72000,-0.61960,43.200,-1.239,-1,400.000,-1,-1,-1,375.000,-1,325.000,300.000,-1,-1,-1,-1,875.000,-1,-1,-1,2,0,2,2,2,1,2,0,0,2,2,2,2,0,2,2,2
137,8819.668,-4524.840,230.224,-101.365,-0.196738,0.977401,0.077337,-0.980447,-0.196458,-0.011289,0.004160,-0.078046,0.996941,0,0.80000,-0.62122,48.000,-1.242,-1,400.000,-1,-1,-1,475.000,-1,325.000,300.000,-1,-1,-1,-1,875.000,-1,-1,-1,2,0,2,2,2,1,2,0,0,2,2,2,2,0,2,2,2
138,8808.142,-4576.367,230.657,-102.612,-0.217858,0.972657,0.080472,-0.975961,-0.217630,-0.011708,0.006126,-0.081088,0.996688,0,0.88000,-0.62352,52.800,-1.247,-1,400.000,-1,-1,-1,-1,-1,325.000,325.000,-1,-1,-1,-1,850.000,-1,-1,-1,2,0,2,2,2,2,2,0,0,2,2,2,2,0,2,2,2
139,8794.342,-4632.291,231.217,-103.865,-0.238970,0.967383,0.084045,-0.970994,-0.238779,-0.012464,0.008010,-0.084586,0.996384,0,0.96000,-0.62655,57.600,-1.253,-1,450.000,-1,-1,-1,-1,-1,325.000,325.000,-1,-1,-1,-1,850.000,-1,-1,-1,2,1,2,2,2,2,2,0,0,2,2,2,2,0,2,2,2
140,8778.778,-4689.837,228.352,-105.126,-0.260904,0.962661,0.072202,-0.965365,-0.260213,-0.018970,0.000526,-0.074650,0.997210,0,0.99356,-0.63038,59.613,-1.261,-1,525.000,-1,-1,-1,-1,-1,325.000,275.000,-1,-1,-1,-1,900.000,-1,-1,-1,2,1,2,2,2,2,2,0,0,2,2,2,2,1,2,2,2
