timestep,x_cm,y_cm,z_cm,yaw_deg,basis_xx,basis_xy,basis_xz,basis_yx,basis_yy,basis_yz,basis_zx,basis_zy,basis_zz,teleport_flag,throttle_cmd,steering_cmd,cmd_move_cm,cmd_turn_deg,lidar_cm_0,lidar_cm_1,lidar_cm_2,lidar_cm_3,lidar_cm_4,lidar_cm_5,lidar_cm_6,lidar_cm_7,lidar_cm_8,lidar_cm_9,lidar_cm_10,lidar_cm_11,lidar_cm_12,lidar_cm_13,lidar_cm_14,lidar_cm_15,lidar_cm_16,lidar_class_0,lidar_class_1,lidar_class_2,lidar_class_3,lidar_class_4,lidar_class_5,lidar_class_6,lidar_class_7,lidar_class_8,lidar_class_9,lidar_class_10,lidar_class_11,lidar_class_12,lidar_class_13,lidar_class_14,lidar_class_15,lidar_class_16
0,-2956.001,6885.165,-275.267,-153.845,-0.897671,0.440595,0.007949,-0.440011,-0.897173,0.038364,0.024035,0.030941,0.999232,1,0.08000,-0.02810,4.800,-0.056,-1,425.000,-1,425.000,-1,350.000,350.000,300.000,300.000,-1,-1,-1,-1,950.000,950.000,-1,-1,2,0,2,0,2,0,0,0,0,2,2,2,2,0,0,2,2
1,-2964.622,6880.942,-275.062,-153.901,-0.898105,0.439717,0.007446,-0.439160,-0.897609,0.037891,0.023345,0.030760,0.999254,0,0.16000,-0.02810,9.600,-0.056,-1,425.000,-1,425.000,-1,350.000,350.000,300.000,300.000,-1,-1,-1,-1,950.000,950.000,-1,-1,2,0,2,0,2,0,0,0,0,2,2,2,2,0,0,2,2
2,-2977.560,6874.620,-274.754,-153.957,-0.898541,0.438840,0.006683,-0.438323,-0.898048,0.037185,0.022320,0.030483,0.999286,0,0.24000,-0.02812,14.400,-0.056,-1,425.000,-1,425.000,-1,350.000,350.000,300.000,300.000,-1,-1,-1,-1,925.000,950.000,-1,-1,2,0,2,0,2,0,0,0,0,2,2,2,2,0,0,2,2
3,-2994.819,6866.207,-274.344,-154.013,-0.898976,0.437962,0.005650,-0.437497,-0.898489,0.036250,0.020953,0.030116,0.999327,0,0.32000,-0.02815,19.200,-0.056,-1,425.000,-1,425.000,-1,350.000,350.000,300.000,300.000,-1,-1,-1,-1,925.000,925.000,-1,-1,2,0,2,0,2,0,0,0,0,2,2,2,2,0,0,2,2
4,-3016.403,6855.713,-273.833,-154.070,-0.899411,0.437083,0.004335,-0.436681,-0.898932,0.035087,0.019233,0.029664,0.999375,0,0.40000,-0.02821,24.000,-0.056,-1,425.000,-1,425.000,-1,350.000,350.000,300.000,300.000,-1,-1,-1,-1,925.000,925.000,-1,-1,2,0,2,0,2,0,0,0,0,2,2,2,2,0,0,2,2
5,-3042.316,6843.145,-273.224,-154.126,-0.899845,0.436201,0.002726,-0.435872,-0.899377,0.033697,0.017150,0.029134,0.999428,0,0.48000,-0.02832,28.800,-0.057,-1,425.000,-1,425.000,-1,325.000,325.000,300.000,300.000,-1,-1,-1,-1,900.000,925.000,-1,-1,2,0,2,0,2,0,0,0,0,2,2,2,2,0,0,2,2
6,-3072.562,6828.513,-272.518,-154.183,-0.900279,0.435314,0.000804,-0.435066,-0.899827,0.032084,0.014690,0.028535,0.999485,0,0.56000,-0.02850,33.600,-0.057,-1,425.000,-1,425.000,-1,325.000,325.000,300.000,300.000,-1,-1,-1,-1,900.000,900.000,-1,-1,2,0,2,0,2,0,0,0,0,2,2,2,2,0,0,2,2
7,-3107.147,6811.826,-271.718,-154.241,-0.900710,0.434418,-0.001449,-0.434259,-0.900280,0.030249,0.011836,0.027875,0.999541,0,0.64000,-0.02878,38.400,-0.058,-1,425.000,-1,425.000,-1,325.000,325.000,300.000,325.000,-1,-1,-1,-1,875.000,900.000,-1,-1,2,0,2,0,2,0,0,0,0,2,2,2,2,0,0,2,2
8,-3146.073,6793.091,-270.996,-154.299,-0.901143,0.433501,-0.004133,-0.433432,-0.900724,0.028852,0.008784,0.027792,0.999575,0,0.72000,-0.02918,43.200,-0.058,-1,400.000,-1,425.000,-1,325.000,325.000,275.000,325.000,-1,-1,-1,-1,875.000,875.000,-1,-1,2,0,2,0,2,0,0,0,0,2,2,2,2,0,0,2,2
9,-3185.033,6774.390,-270.558,-154.359,-0.901584,0.432554,-0.006629,-0.432557,-0.901149,0.028716,0.006448,0.028757,0.999566,0,0.72027,-0.02974,43.216,-0.059,-1,400.000,-1,425.000,-1,325.000,325.000,300.000,300.000,-1,-1,-1,-1,850.000,875.000,-1,-1,2,0,2,0,2,0,0,0,0,2,2,2,2,0,0,2,2
10,-3223.937,6755.767,-270.185,-154.420,-0.902025,0.431582,-0.009340,-0.431665,-0.901576,0.028740,0.003983,0.029957,0.999543,0,0.71886,-0.03042,43.132,-0.061,-1,400.000,-1,425.000,-1,325.000,325.000,300.000,300.000,-1,-1,-1,-1,850.000,850.000,-1,-1,2,0,2,0,2,0,0,0,0,2,2,2,2,0,0,2,2
11,-3262.789,6737.220,-269.900,-154.482,-0.902468,0.430580,-0.012376,-0.430756,-0.902003,0.028979,0.001314,0.031484,0.999503,0,0.71754,-0.03120,43.052,-0.062,-1,400.000,-1,400.000,-1,325.000,325.000,300.000,300.000,-1,-1,-1,-1,825.000,825.000,-1,-1,2,0,2,0,2,0,0,0,0,2,2,2,2,0,0,2,2
12,-3301.595,6718.748,-269.630,-154.546,-0.902913,0.429547,-0.015416,-0.429822,-0.902439,0.029277,-0.001336,0.033061,0.999452,0,0.71630,-0.03209,42.978,-0.064,-1,400.000,-1,400.000,-1,325.000,325.000,300.000,300.000,-1,-1,-1,-1,825.000,825.000,-1,-1,2,0,2,0,2,0,0,0,0,2,2,2,2,0,0,2,2
13,-3340.361,6700.351,-269.375,-154.612,-0.903362,0.428481,-0.018461,-0.428860,-0.902885,0.029635,-0.003970,0.034689,0.999390,0,0.71516,-0.03308,42.909,-0.066,-1,400.000,-1,400.000,-1,325.000,325.000,300.000,300.000,-1,-1,-1,-1,825.000,800.000,-1,-1,2,0,2,0,2,0,0,0,0,2,2,2,2,0,0,2,2
14,-3379.091,6682.027,-269.419,-154.681,-0.903839,0.427396,-0.020184,-0.427834,-0.903379,0.029405,-0.005666,0.035213,0.999364,0,0.71411,-0.03418,42.847,-0.068,-1,400.000,-1,400.000,-1,325.000,325.000,325.000,300.000,-1,-1,-1,-1,800.000,800.000,-1,-1,2,0,2,0,2,0,0,0,0,2,2,2,2,0,0,2,2
15,-3417.794,6663.775,-269.685,-154.752,-0.904347,0.426284,-0.020948,-0.426746,-0.903914,0.028758,-0.006676,0.034947,0.999367,0,0.71317,-0.03538,42.790,-0.071,-1,400.000,-1,400.000,-1,325.000,325.000,325.000,300.000,-1,-1,-1,-1,800.000,800.000,-1,-1,2,0,2,0,2,0,0,0,0,2,2,2,2,0,0,2,2
16,-3456.475,6645.594,-270.039,-154.825,-0.904868,0.425134,-0.021782,-0.425618,-0.904476,0.027802,-0.007881,0.034428,0.999376,0,0.71234,-0.03667,42.741,-0.073,-1,400.000,-1,400.000,-1,325.000,325.000,325.000,300.000,-1,-1,-1,-1,800.000,775.000,-1,-1,2,0,2,0,2,0,0,0,0,2,2,2,2,0,0,2,2
17,-3495.141,6627.483,-270.439,-154.901,-0.905407,0.423940,-0.022634,-0.424446,-0.905058,0.026756,-0.009142,0.033832,0.999386,0,0.71163,-0.03806,42.698,-0.076,-1,400.000,-1,400.000,-1,325.000,325.000,325.000,300.000,-1,-1,-1,-1,775.000,775.000,-1,-1,2,0,2,0,2,0,0,0,0,2,2,2,2,0,0,2,2
18,-3533.800,6609.440,-270.868,-154.980,-0.905966,0.422699,-0.023486,-0.423223,-0.905661,0.025696,-0.010409,0.033220,0.999394,0,0.71103,-0.03954,42.662,-0.079,-1,400.000,-1,400.000,-1,325.000,325.000,325.000,300.000,-1,-1,-1,-1,775.000,775.000,-1,-1,2,0,2,0,2,0,0,0,0,2,2,2,2,0,0,2,2
19,-3572.458,6591.465,-271.347,-155.062,-0.906543,0.421409,-0.024362,-0.421950,-0.906288,0.024526,-0.011744,0.032513,0.999402,0,0.71055,-0.04111,42.633,-0.082,-1,400.000,-1,400.000,-1,325.000,325.000,325.000,300.000,-1,-1,-1,-1,750.000,775.000,-1,-1,2,0,2,0,2,0,0,0,0,2,2,2,2,0,0,2,2
20,-3611.124,6573.556,-271.829,-155.148,-0.907144,0.420064,-0.025205,-0.420619,-0.906933,0.023485,-0.012994,0.031906,0.999406,0,0.71020,-0.04276,42.612,-0.086,1000.000,400.000,-1,400.000,-1,325.000,325.000,325.000,300.000,-1,-1,-1,-1,750.000,750.000,-1,-1,1,0,2,0,2,0,0,0,0,2,2,2,2,0,0,2,2
21,-3649.805,6555.714,-272.312,-155.237,-0.907770,0.418662,-0.026013,-0.419230,-0.907599,0.022573,-0.014159,0.031397,0.999407,0,0.70996,-0.04450,42.598,-0.089,975.000,400.000,-1,400.000,-1,325.000,325.000,325.000,300.000,-1,-1,-1,-1,750.000,750.000,-1,-1,1,0,2,0,2,0,0,0,0,2,2,2,2,0,0,2,2
22,-3688.508,6537.937,-272.798,-155.329,-0.908420,0.417199,-0.026787,-0.417780,-0.908287,0.021790,-0.015240,0.030985,0.999404,0,0.70985,-0.04632,42.591,-0.093,950.000,400.000,-1,400.000,-1,325.000,325.000,325.000,300.000,-1,-1,-1,-1,725.000,750.000,-1,-1,1,0,2,0,2,0,0,0,0,2,2,2,2,0,0,2,2
23,-3727.242,6520.224,-273.325,-155.426,-0.909099,0.415672,-0.027483,-0.416268,-0.908992,0.021309,-0.016125,0.030812,0.999395,0,0.70986,-0.04821,42.591,-0.096,925.000,400.000,-1,400.000,-1,325.000,325.000,325.000,300.000,-1,-1,-1,-1,725.000,750.000,-1,-1,1,0,2,0,2,0,0,0,0,2,2,2,2,0,0,2,2
24,-3768.415,6501.506,-273.906,-155.551,-0.909987,0.413679,-0.028164,-0.414291,-0.909902,0.021016,-0.016933,0.030792,0.999382,0,0.75380,-0.06280,45.228,-0.126,900.000,400.000,-1,400.000,-1,325.000,325.000,325.000,300.000,-1,-1,-1,-1,725.000,725.000,-1,-1,1,0,2,0,2,0,0,0,0,2,2,2,2,0,0,2,2
25,-3809.674,6482.852,-274.517,-155.672,-0.910835,0.411767,-0.028775,-0.412397,-0.910763,0.020983,-0.017567,0.030978,0.999366,0,0.75466,-0.06011,45.280,-0.120,875.000,375.000,-1,400.000,-1,325.000,325.000,325.000,300.000,-1,-1,-1,-1,725.000,725.000,-1,-1,1,0,2,0,2,0,0,0,0,2,2,2,2,0,0,2,2
26,-3851.009,6464.263,-275.214,-155.786,-0.911646,0.409935,-0.029247,-0.410589,-0.911568,0.021465,-0.017862,0.031577,0.999342,0,0.75539,-0.05733,45.323,-0.115,850.000,375.000,-1,375.000,-1,325.000,325.000,325.000,300.000,-1,-1,-1,-1,725.000,725.000,-1,-1,1,0,2,0,2,0,0,0,0,2,2,2,2,0,0,2,2
27,-3892.412,6445.739,-275.814,-155.895,-0.912423,0.408197,-0.029310,-0.408859,-0.912336,0.021840,-0.017826,0.031911,0.999332,0,0.75596,-0.05448,45.358,-0.109,825.000,375.000,-1,375.000,-1,325.000,325.000,325.000,300.000,-1,-1,-1,-1,725.000,725.000,-1,-1,1,0,2,0,2,0,0,0,0,2,2,2,2,0,0,2,2
28,-3933.871,6427.278,-276.353,-155.998,-0.913164,0.406552,-0.029119,-0.407215,-0.913063,0.022186,-0.017567,0.032117,0.999330,0,0.75638,-0.05155,45.383,-0.103,825.000,375.000,-1,375.000,-1,325.000,325.000,325.000,300.000,-1,-1,-1,-1,725.000,750.000,-1,-1,1,0,2,0,2,0,0,0,0,2,2,2,2,0,0,2,2
29,-3975.375,6408.882,-276.887,-156.096,-0.913859,0.405001,-0.028907,-0.405664,-0.913742,0.022623,-0.017251,0.032401,0.999326,0,0.75664,-0.04854,45.398,-0.097,800.000,375.000,-1,375.000,-1,325.000,325.000,325.000,300.000,-1,-1,-1,-1,725.000,775.000,1000.000,-1,1,0,2,0,2,0,0,0,0,2,2,2,2,0,0,1,2
30,-4012.587,6392.650,-277.372,-156.433,-0.916235,0.399615,-0.028658,-0.400279,-0.916103,0.023070,-0.017035,0.032608,0.999323,0,0.67664,-0.16854,40.598,-0.337,775.000,375.000,-1,375.000,-1,325.000,325.000,325.000,300.000,-1,-1,-1,-1,725.000,800.000,1000.000,-1,1,0,2,0,2,0,0,0,0,2,2,2,2,0,0,1,2
31,-4045.495,6378.559,-277.876,-156.819,-0.918930,0.393421,-0.028074,-0.394071,-0.918784,0.023332,-0.016614,0.032503,0.999334,0,0.59664,-0.19346,35.798,-0.387,775.000,375.000,-1,400.000,-1,325.000,325.000,325.000,300.000,-1,-1,-1,-1,725.000,825.000,1000.000,-1,1,0,2,0,2,0,0,0,0,2,2,2,2,0,0,1,2
32,-4074.072,6366.547,-278.316,-157.201,-0.921542,0.387299,-0.027553,-0.387938,-0.921384,0.023589,-0.016251,0.032428,0.999342,0,0.51664,-0.19065,30.998,-0.381,750.000,375.000,-1,400.000,-1,325.000,325.000,325.000,300.000,-1,-1,-1,-1,725.000,850.000,-1,-1,1,0,2,0,2,0,0,0,0,2,2,2,2,0,0,2,2
33,-4098.289,6356.554,-278.702,-157.577,-0.924079,0.381241,-0.027075,-0.381868,-0.923911,0.023782,-0.015948,0.032315,0.999350,0,0.43664,-0.18814,26.198,-0.376,750.000,375.000,-1,400.000,-1,325.000,325.000,325.000,300.000,-1,-1,-1,-1,725.000,875.000,-1,-1,1,0,2,0,2,0,0,0,0,2,2,2,2,0,0,2,2
34,-4118.122,6348.520,-279.048,-157.949,-0.926547,0.375239,-0.026568,-0.375852,-0.926372,0.023866,-0.015656,0.032099,0.999362,0,0.35664,-0.18594,21.398,-0.372,750.000,375.000,-1,400.000,-1,325.000,325.000,325.000,300.000,-1,-1,-1,-1,725.000,875.000,-1,-1,1,0,2,0,2,0,0,0,0,2,2,2,2,0,0,2,2
35,-4133.546,6342.387,-279.318,-158.317,-0.928949,0.369281,-0.026180,-0.369884,-0.928770,0.023927,-0.015479,0.031911,0.999371,0,0.27664,-0.18407,16.598,-0.368,750.000,375.000,-1,400.000,-1,325.000,325.000,300.000,300.000,-1,-1,-1,-1,750.000,900.000,-1,-1,1,0,2,0,2,0,0,0,0,2,2,2,2,0,0,2,2
36,-4144.537,6338.098,-279.513,-158.682,-0.931290,0.363358,-0.025900,-0.363954,-0.931109,0.023960,-0.015410,0.031740,0.999377,0,0.19664,-0.18253,11.798,-0.365,750.000,375.000,-1,400.000,-1,325.000,325.000,300.000,300.000,-1,-1,-1,-1,750.000,900.000,-1,-1,1,0,2,0,2,0,0,0,0,2,2,2,2,0,0,2,2
37,-4151.073,6335.595,-279.631,-159.045,-0.933575,0.357459,-0.025720,-0.358050,-0.933395,0.023962,-0.015441,0.031580,0.999382,0,0.11664,-0.18134,6.998,-0.363,750.000,375.000,-1,400.000,-1,325.000,325.000,300.000,300.000,-1,-1,-1,-1,750.000,900.000,-1,-1,1,0,2,0,2,0,0,0,0,2,2,2,2,0,0,2,2
38,-4153.131,6334.822,-279.671,-159.406,-0.935809,0.351573,-0.025634,-0.352162,-0.935633,0.023934,-0.015569,0.031425,0.999385,0,0.03664,-0.18048,2.198,-0.361,750.000,375.000,-1,400.000,-1,325.000,325.000,300.000,300.000,-1,-1,-1,-1,750.000,900.000,-1,-1,1,0,2,0,2,0,0,0,0,2,2,2,2,0,0,2,2
39,-4150.690,6335.722,-279.633,-159.766,-0.937998,0.345690,-0.025639,-0.346280,-0.937827,0.023875,-0.015792,0.031273,0.999386,0,-0.04336,-0.17997,-2.602,-0.360,750.000,375.000,-1,400.000,-1,325.000,325.000,300.000,300.000,-1,-1,-1,-1,750.000,900.000,-1,-1,1,0,2,0,2,0,0,0,0,2,2,2,2,0,0,2,2
40,-4143.729,6338.238,-279.515,-160.125,-0.940146,0.339799,-0.025737,-0.340392,-0.939983,0.023788,-0.016109,0.031125,0.999386,0,-0.12336,-0.17979,-7.402,-0.360,775.000,375.000,-1,400.000,-1,325.000,325.000,300.000,300.000,-1,-1,-1,-1,750.000,900.000,-1,-1,1,0,2,0,2,0,0,0,0,2,2,2,2,0,0,2,2
41,-4132.805,6342.110,-279.326,-160.485,-0.942256,0.333889,-0.025918,-0.334487,-0.942103,0.023680,-0.016511,0.030982,0.999384,0,-0.19317,-0.17996,-11.590,-0.360,775.000,375.000,-1,400.000,-1,325.000,325.000,300.000,300.000,-1,-1,-1,-1,750.000,875.000,-1,-1,1,0,2,0,2,0,0,0,0,2,2,2,2,0,0,2,2
42,-4121.852,6345.915,-279.135,-160.846,-0.944334,0.327951,-0.026102,-0.328553,-0.944191,0.023577,-0.016914,0.030840,0.999381,0,-0.19326,-0.18042,-11.595,-0.361,775.000,375.000,-1,400.000,-1,325.000,325.000,300.000,300.000,-1,-1,-1,-1,750.000,875.000,-1,-1,1,0,2,0,2,0,0,0,0,2,2,2,2,0,0,2,2
43,-4110.869,6349.652,-278.943,-161.208,-0.946380,0.321984,-0.026291,-0.322591,-0.946247,0.023478,-0.017318,0.030700,0.999379,0,-0.19335,-0.18088,-11.601,-0.362,800.000,375.000,-1,400.000,-1,325.000,325.000,300.000,300.000,-1,-1,-1,-1,750.000,850.000,-1,-1,1,0,2,0,2,0,0,0,0,2,2,2,2,0,0,2,2
44,-4104.426,6351.829,-278.828,-161.330,-0.947058,0.319973,-0.026414,-0.320583,-0.946930,0.023432,-0.017515,0.030659,0.999376,0,-0.11335,-0.06088,-6.801,-0.122,800.000,375.000,-1,400.000,-1,325.000,325.000,300.000,300.000,-1,-1,-1,-1,750.000,850.000,-1,-1,1,0,2,0,2,0,0,0,0,2,2,2,2,0,0,2,2
45,-4102.529,6352.466,-278.796,-161.444,-0.947693,0.318085,-0.026441,-0.318696,-0.947568,0.023410,-0.017609,0.030612,0.999376,0,-0.03335,-0.05710,-2.001,-0.114,800.000,375.000,-1,400.000,-1,325.000,325.000,300.000,300.000,-1,-1,-1,-1,750.000,850.000,-1,-1,1,0,2,0,2,0,0,0,0,2,2,2,2,0,0,2,2
46,-4105.185,6351.580,-278.846,-161.558,-0.948327,0.316195,-0.026372,-0.316805,-0.948202,0.023409,-0.017604,0.030554,0.999378,0,0.04665,-0.05713,2.799,-0.114,800.000,375.000,-1,400.000,-1,325.000,325.000,300.000,300.000,-1,-1,-1,-1,750.000,850.000,-1,-1,1,0,2,0,2,0,0,0,0,2,2,2,2,0,0,2,2
47,-4112.398,6349.191,-278.980,-161.672,-0.948957,0.314315,-0.026207,-0.314919,-0.948829,0.023430,-0.017502,0.030487,0.999382,0,0.12665,-0.05683,7.599,-0.114,800.000,375.000,-1,400.000,-1,325.000,325.000,300.000,300.000,-1,-1,-1,-1,750.000,850.000,-1,-1,1,0,2,0,2,0,0,0,0,2,2,2,2,0,0,2,2
48,-4124.176,6345.315,-279.197,-161.784,-0.949578,0.312454,-0.025951,-0.313052,-0.949446,0.023476,-0.017305,0.030416,0.999388,0,0.20665,-0.05619,12.399,-0.112,800.000,375.000,-1,400.000,-1,325.000,325.000,300.000,300.000,-1,-1,-1,-1,750.000,875.000,-1,-1,1,0,2,0,2,0,0,0,0,2,2,2,2,0,0,2,2
49,-4140.524,6339.970,-279.497,-161.895,-0.950188,0.310624,-0.025612,-0.311213,-0.950048,0.023549,-0.017018,0.030346,0.999395,0,0.28665,-0.05522,17.199,-0.110,800.000,375.000,-1,400.000,-1,325.000,325.000,300.000,300.000,-1,-1,-1,-1,750.000,875.000,-1,-1,1,0,2,0,2,0,0,0,0,2,2,2,2,0,0,2,2
50,-4161.446,6333.173,-279.879,-162.002,-0.950782,0.308836,-0.025196,-0.309414,-0.950633,0.023655,-0.016647,0.030287,0.999403,0,0.36665,-0.05392,21.999,-0.108,775.000,400.000,-1,400.000,-1,325.000,325.000,300.000,300.000,-1,-1,-1,-1,775.000,900.000,-1,-1,1,0,2,0,2,0,0,0,0,2,2,2,2,0,0,2,2
51,-4186.949,6324.939,-280.342,-162.107,-0.951356,0.307101,-0.024717,-0.307667,-0.951196,0.023801,-0.016201,0.030248,0.999411,0,0.44665,-0.05228,26.799,-0.105,775.000,400.000,-1,400.000,-1,325.000,325.000,300.000,300.000,-1,-1,-1,-1,775.000,900.000,-1,-1,1,0,2,0,2,0,0,0,0,2,2,2,2,0,0,2,2
52,-4217.037,6315.283,-280.886,-162.208,-0.951907,0.305430,-0.024185,-0.305984,-0.951734,0.023995,-0.015689,0.030241,0.999419,0,0.52665,-0.05031,31.599,-0.101,775.000,400.000,-1,400.000,-1,325.000,325.000,300.000,300.000,-1,-1,-1,-1,800.000,925.000,-1,-1,1,0,2,0,2,0,0,0,0,2,2,2,2,0,0,2,2
53,-4251.714,6304.219,-281.510,-162.304,-0.952435,0.303824,-0.023618,-0.304365,-0.952247,0.024246,-0.015123,0.030281,0.999427,0,0.60665,-0.04831,36.399,-0.097,750.000,400.000,-1,400.000,-1,325.000,325.000,300.000,300.000,-1,-1,-1,-1,825.000,950.000,-1,-1,1,0,2,0,2,0,0,0,0,2,2,2,2,0,0,2,2
54,-4290.984,6291.761,-282.211,-162.399,-0.952950,0.302252,-0.023030,-0.302780,-0.952744,0.024566,-0.014517,0.030384,0.999433,0,0.68665,-0.04726,41.199,-0.095,750.000,400.000,-1,400.000,-1,325.000,325.000,300.000,300.000,-1,-1,-1,-1,850.000,975.000,-1,-1,1,0,2,0,2,0,0,0,0,2,2,2,2,0,0,2,2
55,-4334.852,6277.922,-282.987,-162.491,-0.953450,0.300714,-0.022443,-0.301230,-0.953224,0.024968,-0.013885,0.030566,0.999436,0,0.76665,-0.04618,45.999,-0.092,775.000,400.000,-1,425.000,-1,325.000,325.000,300.000,300.000,-1,-1,-1,-1,850.000,1000.000,-1,-1,1,0,2,0,2,0,0,0,0,2,2,2,2,0,0,2,2
56,-4378.929,6264.092,-283.762,-162.581,-0.953935,0.299211,-0.021924,-0.299718,-0.953689,0.025417,-0.013304,0.030817,0.999437,0,0.76993,-0.04509,46.196,-0.090,825.000,400.000,-1,425.000,-1,325.000,325.000,300.000,300.000,-1,-1,-1,-1,875.000,-1,-1,-1,1,0,2,0,2,0,0,0,0,2,2,2,2,1,2,2,2
57,-4422.921,6250.365,-284.528,-162.670,-0.954406,0.297738,-0.021476,-0.298238,-0.954140,0.025910,-0.012777,0.031133,0.999434,0,0.76805,-0.04413,46.083,-0.088,875.000,400.000,-1,450.000,-1,325.000,350.000,300.000,300.000,-1,-1,-1,-1,900.000,-1,-1,-1,1,0,2,0,2,0,0,0,0,2,2,2,2,1,2,2,2
58,-4466.818,6236.739,-285.286,-162.756,-0.954864,0.296292,-0.021098,-0.296787,-0.954577,0.026446,-0.012304,0.031514,0.999428,0,0.76606,-0.04332,45.964,-0.087,-1,425.000,-1,450.000,-1,350.000,350.000,300.000,300.000,-1,-1,-1,-1,900.000,-1,-1,-1,2,0,2,0,2,0,0,0,0,2,2,2,2,1,2,2,2
59,-4510.616,6223.216,-285.987,-162.841,-0.955310,0.294868,-0.020873,-0.295361,-0.955009,0.026814,-0.012027,0.031780,0.999423,0,0.76397,-0.04265,45.838,-0.085,-1,425.000,-1,475.000,-1,350.000,350.000,300.000,300.000,-1,-1,-1,-1,900.000,-1,-1,-1,2,0,2,0,2,0,0,0,0,2,2,2,2,1,2,2,2
60,-4554.310,6209.795,-286.842,-162.926,-0.955721,0.293455,-0.021943,-0.293991,-0.955413,0.027480,-0.012900,0.032715,0.999381,0,0.76180,-0.04212,45.708,-0.084,-1,425.000,-1,475.000,-1,350.000,350.000,300.000,300.000,-1,-1,-1,-1,925.000,-1,-1,-1,2,0,2,0,2,0,0,0,0,2,2,2,2,1,2,2,2
61,-4597.895,6196.477,-288.097,-163.009,-0.956089,0.292037,-0.024674,-0.292692,-0.955758,0.029299,-0.015026,0.035235,0.999266,0,0.75958,-0.04174,45.575,-0.083,-1,425.000,-1,475.000,-1,350.000,350.000,300.000,275.000,-1,-1,-1,-1,900.000,-1,-1,-1,2,0,2,0,2,0,0,0,0,2,2,2,2,1,2,2,2
62,-4643.121,6182.749,-289.412,-163.117,-0.956562,0.290216,-0.027627,-0.291012,-0.956207,0.031294,-0.017335,0.037975,0.999128,0,0.78772,-0.05370,47.263,-0.107,-1,425.000,-1,475.000,-1,350.000,375.000,300.000,275.000,-1,-1,-1,-1,850.000,-1,-1,-1,2,0,2,0,2,0,0,0,0,2,2,2,2,1,2,2,2
63,-4688.313,6169.118,-290.764,-163.216,-0.956978,0.288524,-0.030763,-0.289481,-0.956605,0.033271,-0.019828,0.040745,0.998973,0,0.78672,-0.04974,47.203,-0.099,-1,450.000,1000.000,475.000,-1,350.000,375.000,300.000,275.000,-1,-1,-1,-1,800.000,950.000,975.000,-1,2,0,1,0,2,0,0,0,0,2,2,2,2,1,1,1,2
64,-4733.457,6155.581,-292.732,-163.307,-0.957289,0.286992,-0.035120,-0.288110,-0.957048,0.032433,-0.024304,0.041166,0.998857,0,0.78549,-0.04571,47.129,-0.091,-1,425.000,950.000,450.000,-1,350.000,350.000,300.000,275.000,-1,-1,-1,-1,750.000,900.000,925.000,-1,2,0,1,0,2,0,0,0,0,2,2,2,2,1,1,1,2
65,-4778.535,6142.135,-294.719,-163.391,-0.957535,0.285595,-0.039530,-0.286876,-0.957443,0.031693,-0.028796,0.041688,0.998716,0,0.78401,-0.04162,47.041,-0.083,-1,425.000,875.000,450.000,-1,350.000,350.000,300.000,275.000,-1,-1,-1,-1,700.000,825.000,850.000,-1,2,0,1,0,2,0,0,0,0,2,2,2,2,1,1,1,2
66,-4827.177,6127.924,-296.891,-163.714,-0.958924,0.280184,-0.044285,-0.281641,-0.959021,0.030941,-0.033801,0.042143,0.998540,0,0.84458,-0.16162,50.675,-0.323,925.000,425.000,825.000,450.000,-1,350.000,350.000,300.000,275.000,-1,-1,-1,-1,650.000,775.000,775.000,-1,1,0,1,1,2,0,0,0,0,2,2,2,2,1,1,1,2
67,-4875.819,6114.231,-299.092,-164.277,-0.961404,0.270739,-0.049018,-0.272370,-0.961716,0.030270,-0.038946,0.042452,0.998339,0,0.84219,-0.28162,50.532,-0.563,850.000,425.000,775.000,425.000,-1,350.000,350.000,300.000,275.000,-1,-1,-1,-1,600.000,725.000,725.000,-1,1,0,1,1,2,0,0,1,0,2,2,2,2,1,1,1,2
68,-4924.476,6101.267,-301.321,-165.080,-0.964857,0.257229,-0.053709,-0.259031,-0.965412,0.029708,-0.044210,0.042576,0.998115,0,0.83922,-0.40162,50.353,-0.803,750.000,400.000,725.000,400.000,-1,325.000,350.000,275.000,275.000,-1,-1,-1,-1,550.000,700.000,650.000,-1,1,0,1,1,2,0,0,0,0,2,2,2,2,1,1,1,2
69,-4973.118,6089.106,-303.575,-165.962,-0.968434,0.242338,-0.058382,-0.244309,-0.969255,0.029292,-0.049489,0.042631,0.997864,0,0.83566,-0.44098,50.139,-0.882,675.000,400.000,675.000,400.000,-1,325.000,325.000,275.000,275.000,-1,-1,-1,-1,500.000,650.000,575.000,-1,1,1,1,1,2,0,1,1,0,2,2,2,2,1,1,1,2
70,-5021.713,6077.747,-305.850,-166.842,-0.971753,0.227422,-0.063046,-0.229565,-0.972860,0.029026,-0.054734,0.042679,0.997588,0,0.83173,-0.44001,49.904,-0.880,600.000,375.000,625.000,375.000,-1,325.000,300.000,275.000,275.000,-1,-1,-1,-1,450.000,625.000,500.000,-1,1,1,1,1,2,1,1,1,0,2,2,2,2,1,1,1,2
71,-5070.234,6067.187,-308.145,-167.721,-0.974819,0.212478,-0.067689,-0.214793,-0.976232,0.028901,-0.059939,0.042712,0.997288,0,0.82760,-0.43929,49.656,-0.879,525.000,325.000,575.000,350.000,-1,300.000,300.000,275.000,275.000,-1,-1,-1,-1,400.000,600.000,450.000,-1,1,1,1,1,2,1,1,1,0,2,2,2,2,1,1,1,2
72,-5118.659,6057.422,-310.455,-168.599,-0.977633,0.197500,-0.072302,-0.199989,-0.979372,0.028907,-0.065101,0.042720,0.996964,0,0.82332,-0.43883,49.399,-0.878,450.000,300.000,525.000,325.000,-1,250.000,275.000,275.000,275.000,-1,-1,-1,-1,350.000,575.000,375.000,-1,1,1,1,1,2,1,1,1,0,2,2,2,2,1,1,1,2
73,-5166.972,6048.447,-312.754,-169.476,-0.980206,0.182483,-0.076790,-0.185139,-0.982285,0.028961,-0.070145,0.042605,0.996627,0,0.81896,-0.43862,49.138,-0.877,375.000,250.000,475.000,325.000,-1,225.000,250.000,275.000,275.000,-1,-1,-1,-1,300.000,550.000,325.000,-1,1,1,1,1,2,1,1,1,0,2,2,2,2,1,1,1,2
74,-5215.158,6040.257,-315.366,-170.353,-0.982605,0.167414,-0.080373,-0.170296,-0.984924,0.030394,-0.074072,0.043552,0.996301,0,0.81460,-0.43867,48.876,-0.877,300.000,225.000,425.000,300.000,1000.000,200.000,225.000,275.000,275.000,-1,-1,-1,-1,275.000,525.000,275.000,-1,1,1,1,1,0,1,1,1,0,2,2,2,2,1,1,1,2
75,-5268.106,6032.226,-318.439,-171.375,-0.985262,0.149811,-0.082556,-0.152944,-0.987684,0.032999,-0.076595,0.045139,0.996040,0,0.89257,-0.51096,53.554,-1.022,225.000,200.000,400.000,275.000,925.000,175.000,225.000,275.000,275.000,-1,-1,-1,-1,225.000,500.000,200.000,-1,1,1,1,1,0,1,1,1,0,2,2,2,2,1,1,1,2
76,-5322.473,6024.727,-318.013,-172.157,-0.988165,0.136200,-0.070570,-0.140008,-0.988776,0.052142,-0.062676,0.061406,0.996143,0,0.91474,-0.39096,54.884,-0.782,175.000,175.000,375.000,300.000,950.000,175.000,200.000,300.000,250.000,-1,-1,-1,-1,225.000,575.000,175.000,-1,1,1,1,1,0,1,1,1,0,2,2,2,2,1,1,1,2
77,-5377.075,6017.701,-314.181,-172.699,-0.990797,0.126552,-0.048016,-0.130319,-0.987759,0.085731,-0.036579,0.091199,0.995161,0,0.91757,-0.27096,55.054,-0.542,175.000,175.000,425.000,325.000,-1,175.000,225.000,350.000,250.000,-1,-1,-1,-1,225.000,775.000,150.000,-1,1,1,1,1,2,1,1,1,0,2,2,2,2,1,1,1,2
78,-327.931,-4263.551,-263.821,-69.472,0.346539,0.934511,-0.081239,-0.936244,0.349928,0.031594,0.057952,0.065111,0.996194,1,0.00000,0.00000,55.218,-0.302,-1,400.000,-1,425.000,-1,325.000,325.000,275.000,300.000,-1,675.000,550.000,-1,850.000,925.000,-1,-1,2,0,2,0,2,0,0,0,0,2,0,0,2,0,0,2,2
79,-326.229,-4268.039,-263.564,-69.232,0.350444,0.933039,-0.081407,-0.934777,0.353840,0.031442,0.058142,0.065079,0.996185,0,0.08000,0.12000,4.800,0.240,-1,400.000,-1,425.000,-1,325.000,325.000,275.000,300.000,-1,675.000,550.000,-1,850.000,925.000,-1,-1,2,0,2,0,2,0,0,0,0,2,0,0,2,0,0,2,2
80,-322.750,-4276.986,-263.044,-68.752,0.358235,0.930046,-0.081744,-0.931796,0.361645,0.031133,0.058518,0.065016,0.996167,0,0.16000,0.24000,9.600,0.480,-1,400.000,-1,425.000,-1,325.000,325.000,275.000,300.000,-1,675.000,575.000,-1,850.000,925.000,-1,-1,2,0,2,0,2,0,0,0,0,2,0,0,2,0,0,2,2
81,-317.418,-4290.362,-262.254,-68.268,0.366051,0.926956,-0.082212,-0.928736,0.369472,0.030650,0.058787,0.065134,0.996143,0,0.24000,0.24158,14.400,0.483,-1,400.000,-1,425.000,-1,325.000,325.000,275.000,300.000,-1,700.000,575.000,-1,850.000,925.000,-1,-1,2,0,2,0,2,0,0,0,0,2,0,0,2,0,0,2,2
82,-310.159,-4308.136,-261.187,-67.785,0.373841,0.923789,-0.082806,-0.925618,0.377269,0.029983,0.058938,0.065438,0.996115,0,0.32000,0.24158,19.200,0.483,-1,400.000,-1,425.000,-1,325.000,325.000,275.000,300.000,-1,725.000,600.000,-1,850.000,925.000,-1,-1,2,0,2,0,2,0,0,0,0,2,0,0,2,0,0,2,2
83,-300.897,-4330.277,-259.836,-67.302,0.381604,0.920545,-0.083516,-0.922443,0.385033,0.029117,0.058960,0.065928,0.996081,0,0.40000,0.24158,24.000,0.483,-1,400.000,-1,425.000,-1,325.000,325.000,275.000,300.000,-1,750.000,625.000,-1,850.000,925.000,-1,-1,2,0,2,0,2,0,0,0,0,2,0,0,2,0,0,2,2
84,-289.560,-4356.752,-258.193,-66.819,0.389343,0.917224,-0.084332,-0.919212,0.392764,0.028033,0.058835,0.066605,0.996043,0,0.48000,0.24158,28.800,0.483,-1,400.000,-1,425.000,-1,325.000,325.000,275.000,300.000,-1,775.000,650.000,-1,850.000,925.000,-1,-1,2,0,2,0,2,0,0,0,0,2,0,0,2,0,0,2,2
85,-276.073,-4387.526,-256.251,-66.336,0.397059,0.913826,-0.085239,-0.915924,0.400462,0.026711,0.058544,0.067467,0.996002,0,0.56000,0.24158,33.600,0.483,-1,400.000,-1,425.000,-1,325.000,325.000,275.000,300.000,-1,825.000,700.000,-1,875.000,925.000,-1,-1,2,0,2,0,2,0,0,0,0,2,0,0,2,0,0,2,2
86,-260.364,-4422.565,-253.999,-65.853,0.404754,0.910352,-0.086219,-0.912580,0.408125,0.025127,0.058063,0.068512,0.995959,0,0.64000,0.24158,38.400,0.483,-1,400.000,-1,425.000,-1,325.000,325.000,275.000,300.000,-1,875.000,750.000,-1,875.000,925.000,-1,-1,2,0,2,0,2,0,0,0,0,2,0,0,2,0,0,2,2
87,-242.358,-4461.833,-251.444,-65.369,0.412424,0.906797,-0.087326,-0.909181,0.415750,0.023273,0.057410,0.069797,0.995908,0,0.72000,0.24158,43.200,0.483,-1,400.000,-1,425.000,-1,325.000,325.000,275.000,300.000,-1,950.000,825.000,-1,875.000,925.000,-1,-1,2,0,2,0,2,0,0,0,0,2,0,0,2,0,0,2,2
88,-221.986,-4505.295,-248.428,-64.886,0.420030,0.903197,-0.088370,-0.905696,0.423353,0.022084,0.057358,0.070760,0.995843,0,0.80000,0.24158,48.000,0.483,-1,400.000,-1,425.000,-1,325.000,350.000,275.000,300.000,-1,-1,875.000,-1,875.000,950.000,-1,-1,2,0,2,0,2,0,0,0,0,2,2,0,2,0,0,2,2
89,-199.173,-4552.912,-245.256,-64.403,0.427620,0.899477,-0.089902,-0.902180,0.430898,0.019939,0.056673,0.072581,0.995751,0,0.88000,0.24158,52.800,0.483,-1,425.000,-1,425.000,-1,350.000,350.000,275.000,275.000,-1,-1,950.000,-1,900.000,950.000,-1,-1,2,0,2,0,2,0,0,0,0,2,2,0,2,0,0,2,2
90,-174.242,-4603.839,-241.964,-63.920,0.435196,0.895638,-0.091855,-0.898629,0.438383,0.016901,0.055405,0.075188,0.995629,0,0.94504,0.24158,56.703,0.483,-1,425.000,-1,425.000,-1,350.000,350.000,300.000,275.000,-1,-1,-1,-1,900.000,950.000,-1,-1,2,0,2,0,2,0,0,0,0,2,2,2,2,0,0,2,2
91,-148.878,-4654.569,-238.699,-63.438,0.442728,0.891724,-0.093920,-0.895034,0.445794,0.013503,0.053909,0.078083,0.995488,0,0.94531,0.24073,56.719,0.481,-1,425.000,-1,425.000,-1,350.000,350.000,300.000,275.000,-1,-1,-1,-1,900.000,925.000,-1,-1,2,0,2,0,2,0,0,0,0,2,2,2,2,0,0,2,2
92,-123.079,-4705.112,-235.725,-62.961,0.450158,0.887824,-0.095532,-0.891373,0.453138,0.010977,0.053035,0.080213,0.995366,0,0.94578,0.23892,56.747,0.478,-1,450.000,-1,450.000,-1,350.000,350.000,300.000,275.000,-1,-1,-1,-1,925.000,925.000,-1,-1,2,0,2,0,2,0,0,0,0,2,2,2,2,0,0,2,2
93,-96.853,-4755.458,-232.922,-62.486,0.457501,0.883906,-0.096972,-0.887665,0.460407,0.008752,0.052382,0.082074,0.995249,0,0.94613,0.23729,56.768,0.475,-1,450.000,-1,450.000,-1,350.000,350.000,300.000,275.000,-1,-1,-1,-1,925.000,950.000,-1,-1,2,0,2,0,2,0,0,0,0,2,2,2,2,0,0,2,2
94,-70.210,-4805.599,-230.866,-62.014,0.465122,0.880141,-0.094935,-0.883872,0.467696,0.005583,0.049315,0.081314,0.995468,0,0.94635,0.23582,56.781,0.472,-1,425.000,-1,450.000,-1,375.000,350.000,300.000,275.000,-1,-1,-1,-1,900.000,925.000,-1,-1,2,0,2,0,2,0,0,0,0,2,2,2,2,0,0,2,2
95,-43.016,-4855.768,-228.738,-61.540,0.472696,0.876247,-0.093543,-0.880002,0.474965,0.002283,0.046430,0.081239,0.995613,0,0.95110,0.23703,57.066,0.474,-1,425.000,-1,450.000,-1,375.000,350.000,300.000,275.000,-1,-1,-1,-1,875.000,900.000,-1,-1,2,0,2,0,2,0,0,0,0,2,2,2,2,0,0,2,2
96,-15.338,-4905.848,-226.599,-61.071,0.480143,0.872297,-0.092522,-0.876109,0.482112,-0.001212,0.043549,0.081641,0.995710,0,0.95368,0.23471,57.221,0.469,-1,425.000,-1,450.000,-1,350.000,350.000,275.000,275.000,-1,-1,-1,-1,850.000,900.000,-1,-1,2,0,2,0,2,0,0,0,0,2,2,2,2,0,0,2,2
97,11.301,-4953.593,-224.632,-60.841,0.483917,0.870308,-0.091583,-0.874184,0.485572,-0.004749,0.040337,0.082358,0.995786,0,0.91122,0.11471,54.673,0.229,-1,425.000,-1,425.000,-1,350.000,375.000,275.000,275.000,-1,-1,-1,-1,825.000,875.000,-1,-1,2,0,2,0,2,0,0,0,0,2,2,2,2,0,0,2,2
98,37.995,-5001.458,-222.750,-60.852,0.484060,0.870324,-0.090673,-0.874268,0.485370,-0.008473,0.036636,0.083374,0.995845,0,0.91343,-0.00529,54.806,-0.011,-1,425.000,-1,425.000,-1,350.000,350.000,275.000,275.000,-1,-1,-1,-1,800.000,875.000,-1,-1,2,0,2,0,2,0,0,0,0,2,2,2,2,0,0,2,2
99,64.541,-5049.552,-220.742,-61.103,0.480654,0.872407,-0.088760,-0.876334,0.481541,-0.012547,0.031795,0.083814,0.995974,0,0.91557,-0.12529,54.934,-0.251,-1,425.000,-1,425.000,1000.000,350.000,350.000,275.000,275.000,-1,-1,-1,-1,775.000,850.000,-1,-1,2,0,2,0,1,0,0,0,0,2,2,2,2,0,0,2,2
100,90.734,-5097.983,-218.886,-61.593,0.473572,0.876439,-0.087085,-0.880353,0.474022,-0.016755,0.026595,0.084600,0.996060,0,0.91766,-0.24529,55.060,-0.491,-1,400.000,-1,425.000,950.000,350.000,350.000,250.000,275.000,-1,-1,-1,-1,750.000,825.000,-1,-1,2,0,2,0,1,0,0,0,0,2,2,2,2,0,0,2,2
101,116.560,-5146.751,-217.352,-62.097,0.466180,0.880448,-0.086530,-0.884419,0.466223,-0.020955,0.021892,0.086297,0.996029,0,0.91974,-0.25210,55.185,-0.504,-1,400.000,-1,425.000,875.000,350.000,350.000,250.000,275.000,-1,-1,-1,-1,725.000,800.000,-1,-1,2,0,2,0,1,0,0,0,0,2,2,2,2,0,1,2,2
102,142.006,-5195.855,-215.824,-62.607,0.458646,0.884444,-0.086040,-0.888444,0.458321,-0.024659,0.017625,0.087751,0.995986,0,0.92175,-0.25461,55.305,-0.509,-1,400.000,-1,400.000,825.000,325.000,350.000,275.000,275.000,-1,-1,-1,-1,725.000,775.000,-1,-1,2,0,2,0,1,0,0,0,0,2,2,2,2,0,1,2,2
103,167.062,-5245.288,-214.246,-63.121,0.450953,0.888444,-0.085490,-0.892439,0.450323,-0.027618,0.013961,0.088749,0.995956,0,0.92367,-0.25720,55.420,-0.514,-1,400.000,-1,400.000,775.000,325.000,325.000,275.000,275.000,-1,-1,-1,-1,700.000,725.000,-1,1000.000,2,0,2,0,1,0,0,0,0,2,2,2,2,0,0,2,1
104,191.718,-5295.045,-212.784,-63.641,0.443131,0.892400,-0.085189,-0.896396,0.442199,-0.030549,0.010409,0.089900,0.995896,0,0.92551,-0.25986,55.530,-0.520,-1,375.000,-1,400.000,725.000,325.000,325.000,275.000,275.000,-1,-1,-1,-1,700.000,700.000,-1,925.000,2,0,2,0,1,0,0,0,0,2,2,2,2,0,0,2,1
105,215.962,-5345.120,-211.741,-64.166,0.435105,0.896409,-0.084464,-0.900344,0.433998,-0.032030,0.007945,0.089983,0.995912,0,0.92724,-0.26260,55.635,-0.525,-1,375.000,-1,400.000,700.000,325.000,325.000,275.000,275.000,-1,-1,-1,-1,675.000,675.000,-1,875.000,2,0,2,0,1,0,0,0,0,2,2,2,2,0,0,2,1
106,239.781,-5395.506,-211.184,-64.697,0.426852,0.900493,-0.083124,-0.904296,0.425722,-0.031771,0.006778,0.088730,0.996033,0,0.92887,-0.26543,55.732,-0.531,-1,375.000,-1,400.000,650.000,325.000,325.000,275.000,275.000,-1,-1,-1,-1,675.000,650.000,-1,825.000,2,0,2,0,1,0,0,0,0,2,2,2,2,0,0,2,1
107,263.167,-5446.195,-210.264,-65.234,0.418344,0.904374,-0.084237,-0.908262,0.417237,-0.031193,0.006936,0.089559,0.995957,0,0.93038,-0.26835,55.823,-0.537,-1,375.000,-1,400.000,625.000,325.000,325.000,275.000,275.000,-1,-1,-1,-1,675.000,650.000,-1,800.000,2,0,2,0,1,0,0,0,0,2,2,2,2,0,0,2,1
108,286.107,-5497.178,-209.453,-65.776,0.409690,0.908205,-0.085545,-0.912196,0.408615,-0.030530,0.007228,0.090542,0.995866,0,0.93176,-0.27137,55.906,-0.543,-1,375.000,-1,400.000,575.000,325.000,325.000,275.000,275.000,-1,-1,-1,-1,675.000,625.000,-1,775.000,2,0,2,0,1,0,0,0,0,2,2,2,2,0,0,2,1
109,308.587,-5548.447,-208.763,-66.325,0.400891,0.911987,-0.086981,-0.916094,0.399855,-0.029789,0.007612,0.091625,0.995764,0,0.93301,-0.27449,55.980,-0.549,-1,375.000,-1,400.000,550.000,325.000,325.000,275.000,275.000,-1,-1,-1,-1,675.000,600.000,-1,750.000,2,0,2,0,1,0,0,0,0,2,2,2,2,0,0,2,1
110,330.595,-5599.992,-208.194,-66.881,0.391941,0.915720,-0.088538,-0.919955,0.390953,-0.028966,0.008090,0.092804,0.995651,0,0.93409,-0.27771,56.046,-0.555,-1,375.000,-1,375.000,500.000,325.000,325.000,275.000,275.000,-1,-1,-1,-1,650.000,600.000,-1,700.000,2,0,2,0,1,0,0,0,0,2,2,2,2,0,0,2,1
111,352.117,-5651.801,-207.744,-67.443,0.382836,0.919401,-0.090209,-0.923776,0.381905,-0.028054,0.008658,0.094073,0.995528,0,0.93502,-0.28105,56.101,-0.562,-1,375.000,-1,375.000,475.000,325.000,325.000,300.000,275.000,-1,-1,-1,-1,625.000,575.000,-1,675.000,2,0,2,0,1,0,0,0,0,2,2,2,2,0,0,2,1
112,373.141,-5703.862,-207.413,-68.012,0.373571,0.923029,-0.091985,-0.927555,0.372707,-0.027048,0.009318,0.095426,0.995393,0,0.93576,-0.28450,56.145,-0.569,-1,375.000,-1,350.000,450.000,325.000,300.000,300.000,275.000,-1,-1,-1,-1,625.000,550.000,-1,650.000,2,0,2,0,1,0,0,0,0,2,2,2,2,0,0,2,1
113,393.652,-5756.163,-207.199,-68.588,0.364142,0.926602,-0.093859,-0.931289,0.363356,-0.025942,0.010066,0.096856,0.995247,0,0.93631,-0.28808,56.178,-0.576,-1,375.000,-1,350.000,400.000,300.000,300.000,300.000,250.000,-1,-1,-1,-1,600.000,550.000,-1,625.000,2,0,2,0,1,0,0,0,0,2,2,2,2,0,0,2,1
114,413.132,-5806.705,-206.970,-68.924,0.358595,0.928628,-0.095187,-0.933431,0.357879,-0.025079,0.010776,0.097843,0.995143,0,0.90276,-0.16808,54.166,-0.336,-1,350.000,-1,325.000,375.000,300.000,300.000,300.000,250.000,-1,-1,-1,-1,600.000,525.000,1000.000,600.000,2,0,2,0,1,0,0,0,0,2,2,2,2,0,0,0,0
115,432.522,-5857.275,-206.173,-69.020,0.356868,0.929345,-0.094673,-0.934070,0.356365,-0.022745,0.012600,0.096548,0.995249,0,0.90266,-0.04808,54.160,-0.096,-1,350.000,-1,325.000,375.000,300.000,275.000,300.000,250.000,-1,-1,-1,-1,575.000,500.000,1000.000,575.000,2,0,2,0,1,0,0,0,0,2,2,2,2,0,0,0,0
116,452.022,-5907.763,-204.341,-68.876,0.358794,0.928906,-0.091656,-0.933246,0.358875,-0.016166,0.017877,0.091338,0.995660,0,0.90205,0.07192,54.123,0.144,-1,350.000,-1,325.000,400.000,275.000,275.000,275.000,275.000,-1,675.000,750.000,-1,575.000,525.000,-1,600.000,2,0,2,0,1,0,0,0,0,2,0,0,2,0,0,2,0
117,471.833,-5958.053,-202.309,-68.493,0.364595,0.926973,-0.088273,-0.930855,0.365284,-0.008803,0.024084,0.085379,0.996057,0,0.90087,0.19192,54.052,0.384,-1,350.000,-1,325.000,425.000,275.000,275.000,275.000,275.000,-1,550.000,550.000,-1,575.000,525.000,-1,625.000,2,0,2,0,1,0,0,0,0,2,0,0,2,0,0,2,0
118,492.152,-6008.024,-199.964,-67.869,0.374337,0.923314,-0.085812,-0.926816,0.375507,-0.002695,0.029735,0.080541,0.996308,0,0.89906,0.31192,53.944,0.624,-1,350.000,-1,325.000,475.000,275.000,275.000,275.000,300.000,-1,525.000,525.000,-1,575.000,525.000,-1,625.000,2,0,2,0,1,0,0,0,1,2,0,0,2,0,0,2,0
119,513.102,-6057.571,-197.080,-67.078,0.386581,0.918241,-0.085960,-0.921530,0.388292,0.003489,0.036582,0.077865,0.996293,0,0.89657,0.39526,53.794,0.791,-1,350.000,-1,325.000,575.000,275.000,275.000,275.000,275.000,-1,500.000,475.000,-1,600.000,550.000,-1,650.000,2,0,2,0,1,0,0,0,1,2,0,0,2,0,0,2,0
120,534.651,-6106.657,-193.744,-66.299,0.398369,0.912920,-0.088764,-0.916128,0.400756,0.010153,0.044842,0.077275,0.996001,0,0.89347,0.38942,53.608,0.779,-1,350.000,-1,325.000,650.000,300.000,275.000,275.000,250.000,-1,475.000,450.000,-1,625.000,550.000,-1,675.000,2,0,2,0,0,0,0,0,1,2,0,0,2,0,0,2,0
121,556.772,-6155.258,-190.444,-65.528,0.409951,0.907477,-0.091796,-0.910569,0.413024,0.016568,0.052949,0.076795,0.995640,0,0.88997,0.38563,53.398,0.771,-1,375.000,-1,350.000,650.000,300.000,300.000,275.000,250.000,-1,450.000,425.000,-1,650.000,550.000,-1,700.000,2,0,2,0,0,0,0,0,1,2,0,0,2,0,0,2,0
122,579.445,-6203.349,-187.184,-64.759,0.421400,0.901881,-0.095042,-0.904827,0.425172,0.022726,0.060905,0.076420,0.995214,0,0.88611,0.38429,53.167,0.769,-1,375.000,-1,350.000,675.000,300.000,300.000,300.000,250.000,1000.000,425.000,425.000,-1,675.000,575.000,-1,725.000,2,0,2,0,0,0,0,0,1,0,0,0,2,0,0,2,0
123,602.649,-6250.907,-183.948,-63.993,0.432711,0.896126,-0.098591,-0.898906,0.437204,0.028641,0.068771,0.076230,0.994716,0,0.88195,0.38322,52.917,0.766,-1,375.000,-1,350.000,700.000,300.000,300.000,300.000,250.000,975.000,400.000,375.000,-1,700.000,575.000,-1,775.000,2,0,2,0,0,0,0,0,1,0,0,0,2,0,0,2,0
124,626.368,-6297.915,-180.653,-63.228,0.443833,0.890187,-0.102859,-0.892811,0.449116,0.034392,0.076811,0.076569,0.994101,0,0.87754,0.38243,52.652,0.765,-1,400.000,-1,350.000,700.000,325.000,300.000,300.000,225.000,950.000,300.000,350.000,975.000,725.000,600.000,-1,825.000,2,0,2,0,0,0,0,0,1,0,0,0,0,0,0,2,0
125,650.584,-6344.360,-177.424,-62.464,0.454840,0.884095,-0.107225,-0.886542,0.460930,0.039830,0.084637,0.076943,0.993437,0,0.87297,0.38192,52.378,0.764,-1,400.000,-1,350.000,725.000,325.000,300.000,300.000,250.000,925.000,225.000,325.000,925.000,775.000,600.000,-1,900.000,2,0,2,0,0,0,0,0,1,0,0,0,0,0,0,2,0
126,675.285,-6390.232,-174.263,-61.701,0.465738,0.877847,-0.111680,-0.880101,0.472653,0.044954,0.092248,0.077353,0.992727,0,0.86831,0.38169,52.098,0.763,-1,400.000,-1,350.000,750.000,325.000,300.000,300.000,250.000,900.000,200.000,275.000,875.000,800.000,625.000,-1,-1,2,0,2,0,0,0,0,0,1,0,0,0,0,0,0,2,2
127,700.453,-6435.527,-169.998,-60.937,0.477288,0.871726,-0.110860,-0.873452,0.484450,0.048883,0.096318,0.073499,0.992633,0,0.86363,0.38174,51.818,0.763,-1,400.000,-1,350.000,850.000,325.000,300.000,300.000,250.000,875.000,200.000,275.000,900.000,825.000,625.000,-1,-1,2,0,2,0,0,0,0,0,1,0,0,0,0,0,0,2,2
128,726.084,-6480.245,-165.210,-60.173,0.489166,0.865556,-0.107377,-0.866611,0.496243,0.052239,0.098501,0.067501,0.992845,0,0.85903,0.38206,51.542,0.764,-1,400.000,-1,350.000,-1,325.000,300.000,300.000,275.000,875.000,225.000,325.000,950.000,825.000,625.000,-1,-1,2,0,2,0,2,0,0,0,1,0,0,0,0,0,0,2,2
129,752.172,-6524.386,-160.102,-59.408,0.501001,0.859258,-0.103309,-0.859449,0.508001,0.057296,0.101713,0.060083,0.992998,0,0.85457,0.38265,51.274,0.765,-1,400.000,-1,375.000,-1,325.000,300.000,300.000,275.000,825.000,250.000,350.000,-1,825.000,650.000,-1,-1,2,0,2,0,2,0,0,0,0,0,0,0,2,0,0,2,2
130,778.717,-6567.957,-155.050,-58.641,0.512804,0.852740,-0.099326,-0.852081,0.519677,0.062407,0.104835,0.052631,0.993096,0,0.85033,0.38350,51.020,0.767,-1,400.000,-1,375.000,-1,325.000,325.000,300.000,300.000,800.000,275.000,375.000,-1,850.000,675.000,-1,-1,2,0,2,0,2,0,0,0,0,0,0,0,2,0,0,2,2
131,805.718,-6610.964,-150.086,-57.872,0.524575,0.845993,-0.095482,-0.844515,0.531270,0.067436,0.107777,0.045261,0.993144,0,0.84635,0.38460,50.781,0.769,-1,400.000,-1,375.000,-1,325.000,325.000,275.000,300.000,775.000,300.000,425.000,-1,850.000,700.000,-1,-1,2,0,2,0,2,0,0,0,0,0,0,0,2,0,0,2,2
132,833.178,-6653.420,-145.071,-57.100,0.536304,0.838996,-0.091999,-0.836813,0.542772,0.071714,0.110103,0.038526,0.993173,0,0.84269,0.38594,50.561,0.772,-1,400.000,-1,375.000,-1,325.000,325.000,275.000,300.000,775.000,325.000,450.000,675.000,850.000,750.000,-1,-1,2,0,2,0,2,0,0,0,0,0,0,0,1,0,0,2,2
133,861.101,-6695.333,-139.444,-56.325,0.547933,0.831695,-0.089741,-0.829255,0.554148,0.072496,0.110025,0.034696,0.993323,0,0.83938,0.38750,50.363,0.775,-1,400.000,-1,375.000,-1,325.000,325.000,275.000,300.000,775.000,375.000,525.000,625.000,850.000,750.000,-1,-1,2,0,2,0,2,0,0,0,0,0,0,0,1,0,0,2,2
134,889.492,-6736.718,-133.922,-55.546,0.559515,0.824191,-0.087475,-0.821510,0.565469,0.073255,0.109841,0.030874,0.993470,0,0.83646,0.38928,50.187,0.779,-1,400.000,-1,375.000,-1,325.000,325.000,275.000,300.000,800.000,450.000,600.000,600.000,850.000,775.000,-1,-1,2,0,2,0,2,0,0,0,0,0,0,0,1,0,0,2,2
