timestep,x_cm,y_cm,z_cm,yaw_deg,basis_xx,basis_xy,basis_xz,basis_yx,basis_yy,basis_yz,basis_zx,basis_zy,basis_zz,teleport_flag,throttle_cmd,steering_cmd,cmd_move_cm,cmd_turn_deg,lidar_cm_0,lidar_cm_1,lidar_cm_2,lidar_cm_3,lidar_cm_4,lidar_cm_5,lidar_cm_6,lidar_cm_7,lidar_cm_8,lidar_cm_9,lidar_cm_10,lidar_cm_11,lidar_cm_12,lidar_cm_13,lidar_cm_14,lidar_cm_15,lidar_cm_16,lidar_class_0,lidar_class_1,lidar_class_2,lidar_class_3,lidar_class_4,lidar_class_5,lidar_class_6,lidar_class_7,lidar_class_8,lidar_class_9,lidar_class_10,lidar_class_11,lidar_class_12,lidar_class_13,lidar_class_14,lidar_class_15,lidar_class_16
0,-5572.461,4923.275,112.027,51.742,0.614478,-0.783543,0.092077,0.786202,0.617870,0.011121,-0.065605,0.065557,0.995690,1,0.08000,-0.12000,4.800,-0.240,-1,400.000,-1,325.000,350.000,300.000,275.000,425.000,250.000,-1,-1,-1,-1,825.000,500.000,-1,425.000,2,0,2,0,1,0,0,1,0,2,2,2,2,0,1,2,1
1,-5566.453,4930.763,111.991,51.262,0.620915,-0.778326,0.093133,0.781024,0.624401,0.011143,-0.066825,0.065820,0.995591,0,0.16000,-0.24000,9.600,-0.480,-1,400.000,-1,325.000,350.000,300.000,275.000,425.000,250.000,-1,-1,-1,-1,800.000,500.000,-1,425.000,2,0,2,0,1,0,0,1,0,2,2,2,2,0,1,2,1
2,-5557.306,4941.885,112.163,50.565,0.630217,-0.770631,0.094628,0.773423,0.633802,0.010603,-0.068146,0.066505,0.995456,0,0.24000,-0.34879,14.400,-0.698,-1,400.000,-1,300.000,350.000,300.000,275.000,450.000,250.000,-1,-1,-1,-1,800.000,500.000,-1,400.000,2,0,2,0,1,0,0,1,0,2,2,2,2,0,1,2,1
3,-5544.928,4956.563,112.256,49.859,0.639537,-0.762748,0.095963,0.765607,0.643227,0.010278,-0.069566,0.066897,0.995332,0,0.32000,-0.35279,19.200,-0.706,-1,400.000,-1,300.000,325.000,300.000,275.000,475.000,250.000,-1,-1,-1,-1,800.000,475.000,-1,375.000,2,0,2,0,1,0,0,1,0,2,2,2,2,0,1,2,1
4,-5529.227,4974.716,112.230,49.142,0.648929,-0.754645,0.096963,0.757533,0.652718,0.010160,-0.070957,0.066860,0.995236,0,0.40000,-0.35831,24.000,-0.717,-1,400.000,1000.000,300.000,325.000,300.000,275.000,525.000,250.000,-1,-1,-1,-1,800.000,475.000,-1,375.000,2,0,1,0,1,0,0,1,0,2,2,2,2,0,1,2,1
5,-5510.108,4996.254,110.834,48.411,0.659083,-0.746525,0.091155,0.748960,0.662530,0.010616,-0.068318,0.061274,0.995780,0,0.48000,-0.36546,28.800,-0.731,-1,400.000,975.000,325.000,325.000,300.000,275.000,525.000,250.000,-1,-1,-1,-1,800.000,450.000,-1,350.000,2,0,1,0,1,0,0,1,0,2,2,2,2,0,1,2,1
6,-5488.138,5020.361,108.482,47.663,0.669744,-0.738198,0.080664,0.739924,0.672588,0.011704,-0.062894,0.051847,0.996673,0,0.54362,-0.37438,32.617,-0.749,-1,400.000,925.000,325.000,325.000,300.000,275.000,500.000,250.000,-1,-1,-1,-1,800.000,450.000,-1,350.000,2,0,1,0,1,0,0,1,0,2,2,2,2,0,1,2,1
7,-5466.117,5043.882,106.247,46.893,0.680405,-0.729405,0.070827,0.730552,0.682734,0.012962,-0.057811,0.042924,0.997404,0,0.53703,-0.38486,32.222,-0.770,-1,400.000,900.000,325.000,325.000,300.000,300.000,475.000,250.000,-1,-1,-1,-1,825.000,450.000,-1,350.000,2,0,1,1,1,0,0,1,0,2,2,2,2,0,1,2,1
8,-5443.976,5066.888,104.121,46.102,0.691083,-0.720145,0.061610,0.720826,0.692967,0.014385,-0.053053,0.034469,0.997997,0,0.53217,-0.39557,31.930,-0.791,-1,400.000,875.000,325.000,325.000,325.000,300.000,475.000,250.000,-1,-1,-1,-1,825.000,425.000,-1,350.000,2,0,1,1,1,0,0,0,0,2,2,2,2,0,1,2,1
9,-5418.828,5092.521,101.887,45.551,0.698565,-0.713632,0.052301,0.713907,0.700045,0.016518,-0.048401,0.025799,0.998495,0,0.59848,-0.27557,35.909,-0.551,-1,400.000,850.000,325.000,325.000,325.000,300.000,450.000,250.000,-1,100.000,-1,-1,825.000,425.000,-1,350.000,2,0,1,1,1,0,0,0,0,2,1,2,2,1,1,2,1
10,-5393.575,5117.985,99.795,45.240,0.702887,-0.709943,0.043936,0.709916,0.704032,0.018931,-0.044372,0.017885,0.998855,0,0.59772,-0.15557,35.863,-0.311,-1,400.000,825.000,300.000,325.000,325.000,300.000,425.000,275.000,-1,75.000,-1,-1,775.000,400.000,-1,325.000,2,0,1,1,1,0,0,0,0,2,1,2,2,1,1,2,1
11,-5368.230,5143.479,97.828,45.168,0.704125,-0.709141,0.036424,0.708895,0.704986,0.021516,-0.040936,0.010671,0.999105,0,0.59916,-0.03557,35.950,-0.071,-1,400.000,800.000,300.000,300.000,325.000,300.000,400.000,275.000,-1,75.000,-1,-1,750.000,400.000,-1,325.000,2,0,1,1,1,0,1,0,0,2,1,2,2,1,1,2,1
12,-5342.821,5169.188,95.916,45.337,0.702313,-0.711251,0.029644,0.710841,0.702928,0.024462,-0.038237,0.003892,0.999261,0,0.60244,0.08443,36.146,0.169,-1,400.000,775.000,300.000,300.000,325.000,275.000,375.000,275.000,-1,100.000,-1,-1,725.000,375.000,-1,300.000,2,0,1,1,1,0,1,0,0,2,1,2,2,1,1,2,1
13,-5317.396,5195.286,94.260,45.746,0.697479,-0.716250,0.022558,0.715720,0.697836,0.027727,-0.035601,-0.003194,0.999361,0,0.60726,0.20443,36.436,0.409,-1,400.000,750.000,275.000,275.000,325.000,275.000,350.000,275.000,-1,125.000,-1,-1,700.000,375.000,-1,275.000,2,0,1,1,1,0,1,0,0,2,1,2,2,1,1,2,1
14,-5292.014,5221.937,93.739,46.395,0.689666,-0.724043,0.011049,0.723492,0.689620,0.031377,-0.030338,-0.013646,0.999447,0,0.61340,0.32443,36.804,0.649,-1,425.000,750.000,275.000,275.000,325.000,275.000,350.000,300.000,-1,150.000,-1,-1,700.000,350.000,-1,275.000,2,0,1,1,1,1,1,0,0,2,1,2,2,1,1,2,1
15,-5266.674,5249.226,93.475,47.116,0.680747,-0.732518,-0.000940,0.732096,0.680311,0.034821,-0.024868,-0.024393,0.999393,0,0.62068,0.36067,37.241,0.721,-1,425.000,750.000,275.000,275.000,325.000,275.000,325.000,300.000,625.000,175.000,-1,-1,675.000,350.000,-1,275.000,2,0,1,1,1,1,1,0,1,1,1,2,2,1,1,2,1
16,-5241.353,5277.168,93.475,47.810,0.671973,-0.740453,-0.013471,0.740329,0.671169,0.038020,-0.019111,-0.035522,0.999186,0,0.62847,0.34682,37.708,0.694,-1,450.000,775.000,275.000,250.000,325.000,275.000,300.000,325.000,600.000,200.000,-1,-1,675.000,350.000,-1,250.000,2,1,1,1,1,1,1,0,1,1,1,2,2,1,1,2,1
17,-5213.060,5308.892,93.804,48.264,0.666098,-0.745336,-0.028060,0.745764,0.664922,0.041413,-0.012209,-0.048511,0.998748,0,0.70847,0.22682,42.508,0.454,-1,425.000,775.000,275.000,250.000,325.000,250.000,300.000,350.000,575.000,225.000,-1,-1,675.000,350.000,-1,250.000,2,1,1,1,1,1,1,0,1,1,1,2,2,1,1,2,1
18,-5181.705,5344.317,94.327,48.477,0.663073,-0.747232,-0.044477,0.748547,0.661627,0.043894,-0.003372,-0.062398,0.998046,0,0.78847,0.10682,47.308,0.214,-1,425.000,775.000,275.000,250.000,325.000,250.000,275.000,350.000,550.000,225.000,500.000,-1,650.000,350.000,-1,250.000,2,1,1,1,1,1,1,0,1,1,1,1,2,1,1,2,1
19,-5147.206,5383.369,95.520,48.531,0.661836,-0.747124,-0.061475,0.749622,0.660276,0.045853,0.006333,-0.076430,0.997055,0,0.86847,0.02699,52.108,0.054,-1,400.000,775.000,275.000,225.000,300.000,250.000,275.000,375.000,525.000,250.000,475.000,-1,650.000,350.000,-1,225.000,2,1,1,1,1,1,1,0,1,1,1,1,2,1,1,2,1
20,-5110.574,5424.856,97.597,48.542,0.660868,-0.746345,-0.078881,0.750326,0.659329,0.047910,0.016251,-0.090849,0.995732,0,0.92241,0.00557,55.345,0.011,-1,400.000,-1,250.000,225.000,300.000,250.000,275.000,400.000,500.000,175.000,475.000,-1,650.000,350.000,-1,225.000,2,1,2,1,1,1,1,0,1,1,0,1,2,1,1,2,1
21,-5073.638,5466.637,100.039,48.506,0.660082,-0.744737,-0.098283,0.750694,0.658746,0.050128,0.027411,-0.106869,0.993895,0,0.92944,-0.01809,55.766,-0.036,-1,375.000,-1,250.000,200.000,300.000,250.000,250.000,400.000,475.000,125.000,325.000,-1,650.000,350.000,-1,200.000,2,1,2,1,1,1,1,0,1,1,0,0,2,1,1,2,1
22,-5036.387,5508.652,102.439,48.420,0.659585,-0.742355,-0.117716,0.750639,0.658626,0.052464,0.038584,-0.122967,0.991660,0,0.93583,-0.04295,56.150,-0.086,-1,375.000,-1,250.000,200.000,275.000,250.000,250.000,425.000,425.000,75.000,275.000,-1,725.000,350.000,-1,225.000,2,1,2,1,1,1,1,0,1,1,0,0,2,1,1,2,1
23,-4998.813,5550.825,104.177,48.282,0.659741,-0.739410,-0.134217,0.749961,0.659208,0.054799,0.047958,-0.136810,0.989436,0,0.94136,-0.06912,56.482,-0.138,-1,350.000,-1,250.000,200.000,275.000,225.000,250.000,425.000,375.000,50.000,250.000,-1,-1,350.000,-1,200.000,2,1,2,1,1,1,1,0,1,1,0,0,2,2,1,2,1
24,-2295.800,-3607.643,-35.529,177.979,-0.984717,-0.035246,-0.170561,0.039598,-0.998969,-0.022183,-0.169603,-0.028598,0.985097,1,0.00000,0.00000,56.747,-0.193,300.000,275.000,875.000,300.000,800.000,250.000,250.000,325.000,550.000,-1,50.000,0.000,425.000,400.000,475.000,300.000,625.000,0,0,0,0,0,0,0,0,1,2,1,1,1,0,0,0,0
25,-3603.248,-2293.796,-143.361,24.176,0.912293,-0.409536,0.001186,0.409511,0.912263,0.008774,-0.004675,-0.007519,0.999961,1,0.08000,0.12000,4.800,0.240,-1,375.000,-1,375.000,-1,300.000,300.000,300.000,300.000,-1,375.000,350.000,-1,700.000,675.000,-1,-1,2,0,2,0,2,0,0,0,0,2,0,0,2,0,0,2,2
26,-3594.510,-2289.821,-143.453,24.461,0.910251,-0.414057,0.000609,0.414039,0.910222,0.008246,-0.003969,-0.007254,0.999966,0,0.16000,0.14212,9.600,0.284,-1,375.000,-1,375.000,-1,300.000,300.000,300.000,300.000,-1,375.000,350.000,-1,700.000,675.000,-1,-1,2,0,2,0,2,0,0,0,0,2,0,0,2,0,0,2,2
27,-3581.432,-2283.794,-143.581,24.747,0.908173,-0.418595,-0.000245,0.418585,0.908147,0.007453,-0.002897,-0.006871,0.999972,0,0.24000,0.14293,14.400,0.286,-1,375.000,-1,375.000,-1,300.000,300.000,300.000,300.000,-1,350.000,325.000,-1,700.000,675.000,-1,-1,2,0,2,0,2,0,0,0,0,2,0,0,2,0,0,2,2
28,-3564.036,-2275.669,-143.746,25.035,0.906050,-0.423169,-0.001368,0.423169,0.906028,0.006393,-0.001466,-0.006372,0.999979,0,0.32000,0.14442,19.200,0.289,-1,375.000,-1,375.000,-1,300.000,300.000,300.000,300.000,-1,350.000,325.000,-1,700.000,700.000,-1,-1,2,0,2,0,2,0,0,0,0,2,0,0,2,0,0,2,2
29,-3542.343,-2265.401,-143.948,25.329,0.903868,-0.427802,-0.002750,0.427811,0.903854,0.005065,0.000319,-0.005754,0.999983,0,0.40000,0.14662,24.000,0.293,-1,375.000,-1,375.000,-1,300.000,300.000,300.000,300.000,-1,350.000,325.000,-1,725.000,700.000,-1,-1,2,0,2,0,2,0,0,0,0,2,0,0,2,0,0,2,2
30,-3516.376,-2252.945,-144.189,25.628,0.901616,-0.432516,-0.004378,0.432531,0.901612,0.003466,0.002448,-0.005019,0.999984,0,0.48000,0.14953,28.800,0.299,-1,375.000,-1,375.000,-1,300.000,300.000,300.000,275.000,-1,325.000,300.000,-1,725.000,700.000,-1,-1,2,0,2,0,2,0,0,0,0,2,0,0,2,0,0,2,2
31,-3486.160,-2238.250,-144.470,25.934,0.899279,-0.437331,-0.006239,0.437348,0.899291,0.001598,0.004912,-0.004166,0.999979,0,0.56000,0.15314,33.600,0.306,-1,375.000,-1,375.000,-1,325.000,300.000,300.000,275.000,-1,325.000,300.000,-1,725.000,725.000,-1,-1,2,0,2,0,2,0,0,0,0,2,0,0,2,0,0,2,2
32,-3451.720,-2221.267,-144.792,26.249,0.896844,-0.442269,-0.008318,0.442280,0.896877,-0.000538,0.007698,-0.003196,0.999965,0,0.64000,0.15747,38.400,0.315,-1,400.000,-1,375.000,-1,325.000,325.000,300.000,275.000,-1,300.000,275.000,-1,750.000,725.000,-1,-1,2,0,2,0,2,0,0,0,0,2,0,0,2,0,0,2,2
33,-3415.275,-2203.041,-144.762,26.570,0.894326,-0.447285,-0.010811,0.447297,0.894385,-0.001431,0.010309,-0.003557,0.999941,0,0.67914,0.16045,40.748,0.321,-1,400.000,-1,375.000,-1,325.000,325.000,300.000,275.000,-1,300.000,275.000,-1,750.000,750.000,-1,-1,2,0,2,0,2,0,0,0,0,2,0,0,2,0,0,2,2
34,-3379.068,-2184.677,-144.391,26.895,0.891748,-0.452349,-0.012907,0.452378,0.891826,-0.000725,0.011838,-0.005192,0.999916,0,0.67662,0.16254,40.597,0.325,-1,400.000,-1,400.000,-1,325.000,325.000,300.000,275.000,-1,325.000,300.000,-1,775.000,750.000,-1,-1,2,0,2,0,2,0,0,0,0,2,0,0,2,0,0,2,2
35,-3343.113,-2166.179,-144.056,27.224,0.889108,-0.457457,-0.014820,0.457506,0.889206,-0.000070,0.013210,-0.006718,0.999890,0,0.67391,0.16446,40.434,0.329,-1,400.000,-1,400.000,-1,325.000,325.000,300.000,275.000,-1,350.000,325.000,-1,775.000,775.000,-1,-1,2,0,2,0,2,0,0,0,0,2,0,0,2,0,0,2,2
36,-3307.420,-2147.554,-143.789,27.556,0.886413,-0.462604,-0.016403,0.462673,0.886529,0.000472,0.014324,-0.008008,0.999865,0,0.67101,0.16621,40.261,0.332,-1,400.000,-1,400.000,-1,325.000,325.000,300.000,275.000,-1,375.000,350.000,-1,775.000,800.000,-1,-1,2,0,2,0,2,0,0,1,0,2,0,0,2,0,0,2,2
37,-3271.998,-2128.805,-143.538,27.892,0.883662,-0.467783,-0.017884,0.467874,0.883795,0.001006,0.015335,-0.009256,0.999840,0,0.66795,0.16779,40.077,0.336,-1,400.000,-1,400.000,-1,325.000,325.000,300.000,275.000,-1,375.000,375.000,-1,775.000,825.000,-1,-1,2,0,2,0,2,0,0,1,0,2,0,0,2,0,0,2,2
38,-3236.857,-2109.939,-143.304,28.230,0.880858,-0.472989,-0.019261,0.473102,0.881006,0.001532,0.016244,-0.010462,0.999813,0,0.66475,0.16919,39.885,0.338,-1,400.000,-1,400.000,-1,325.000,325.000,275.000,300.000,-1,400.000,400.000,-1,775.000,850.000,-1,-1,2,0,2,0,2,0,0,1,0,2,0,0,2,0,0,2,2
39,-3202.006,-2090.960,-143.087,28.571,0.878002,-0.478215,-0.020535,0.478352,0.878166,0.002053,0.017051,-0.011626,0.999787,0,0.66141,0.17042,39.685,0.341,-1,400.000,-1,400.000,-1,325.000,325.000,275.000,300.000,-1,425.000,425.000,-1,800.000,875.000,-1,-1,2,0,2,0,2,0,0,1,0,2,0,0,2,0,0,2,2
40,-3167.449,-2071.873,-142.557,28.914,0.875133,-0.483464,-0.020128,0.483595,0.875290,0.001917,0.016691,-0.011411,0.999796,0,0.65796,0.17146,39.478,0.343,-1,400.000,-1,400.000,-1,325.000,325.000,275.000,300.000,-1,450.000,450.000,-1,800.000,900.000,-1,-1,2,0,2,0,2,0,0,1,0,2,0,0,2,0,0,2,2
41,-3133.193,-2052.682,-142.009,29.259,0.872222,-0.488723,-0.019446,0.488844,0.872370,0.001729,0.016119,-0.011014,0.999809,0,0.65443,0.17233,39.266,0.345,-1,400.000,-1,400.000,-1,325.000,325.000,250.000,300.000,-1,500.000,500.000,-1,800.000,900.000,-1,-1,2,0,2,0,2,0,0,1,0,2,0,0,2,0,0,2,2
42,-3099.241,-2033.391,-141.485,29.605,0.869268,-0.493985,-0.018742,0.494096,0.869406,0.001547,0.015530,-0.010605,0.999823,0,0.65082,0.17303,39.049,0.346,-1,400.000,-1,400.000,-1,325.000,325.000,250.000,300.000,-1,550.000,550.000,-1,800.000,900.000,-1,-1,2,0,2,0,2,0,0,1,0,2,0,0,2,0,0,2,2
43,-3065.597,-2014.004,-140.924,29.952,0.866272,-0.499246,-0.018065,0.499344,0.866403,0.001053,0.015126,-0.009933,0.999836,0,0.64716,0.17355,38.830,0.347,-1,400.000,-1,400.000,-1,325.000,325.000,250.000,300.000,-1,600.000,600.000,-1,800.000,925.000,-1,-1,2,0,2,0,2,0,0,1,0,2,0,0,2,0,0,2,2
44,-3032.262,-1994.525,-140.396,30.300,0.863238,-0.504499,-0.017358,0.504584,0.863362,0.000608,0.014680,-0.009283,0.999849,0,0.64349,0.17389,38.609,0.348,-1,400.000,-1,400.000,-1,325.000,325.000,250.000,300.000,-1,650.000,625.000,-1,800.000,925.000,-1,-1,2,0,2,0,2,0,0,1,0,2,0,0,2,0,0,2,2
45,-2999.236,-1974.957,-139.900,30.648,0.860169,-0.509738,-0.016621,0.509812,0.860286,0.000210,0.014192,-0.008654,0.999862,0,0.63980,0.17407,38.388,0.348,-1,400.000,-1,400.000,-1,325.000,325.000,250.000,300.000,-1,675.000,675.000,-1,800.000,950.000,-1,-1,2,0,2,0,2,0,0,1,0,2,0,0,2,0,0,2,2
46,-2962.196,-1952.748,-139.379,30.946,0.857520,-0.514209,-0.015758,0.514270,0.857628,-0.000174,0.013604,-0.007954,0.999876,0,0.71980,0.14899,43.188,0.298,-1,400.000,-1,425.000,-1,325.000,325.000,250.000,300.000,-1,725.000,725.000,-1,825.000,950.000,-1,-1,2,0,2,0,2,0,0,1,0,2,0,0,2,0,0,2,2
47,-2921.167,-1927.858,-138.845,31.243,0.854854,-0.518659,-0.014760,0.518709,0.854951,-0.000523,0.012890,-0.007209,0.999891,0,0.79980,0.14879,47.988,0.298,-1,400.000,-1,425.000,-1,325.000,325.000,250.000,300.000,-1,800.000,800.000,-1,825.000,975.000,-1,-1,2,0,2,0,2,0,0,1,0,2,0,0,2,0,0,2,2
48,-2876.177,-1900.245,-138.170,31.540,0.852177,-0.523079,-0.013539,0.523125,0.852256,-0.000156,0.011621,-0.006950,0.999908,0,0.87980,0.14830,52.788,0.297,-1,400.000,-1,425.000,-1,325.000,350.000,250.000,300.000,-1,875.000,875.000,-1,825.000,975.000,-1,-1,2,0,2,0,2,0,0,1,0,2,0,0,2,0,0,2,2
49,-2829.690,-1871.383,-137.495,31.835,0.849493,-0.527459,-0.012218,0.527503,0.849553,0.000498,0.010117,-0.006868,0.999925,0,0.91198,0.14744,54.719,0.295,-1,400.000,-1,425.000,-1,325.000,350.000,250.000,300.000,-1,975.000,950.000,-1,825.000,975.000,-1,-1,2,0,2,0,2,0,0,1,0,2,0,0,2,0,0,2,2
50,-2783.619,-1842.452,-136.963,32.127,0.846807,-0.531788,-0.010912,0.531828,0.846852,0.000884,0.008771,-0.006552,0.999940,0,0.90668,0.14620,54.401,0.292,-1,400.000,-1,425.000,-1,325.000,350.000,250.000,300.000,-1,-1,-1,-1,825.000,950.000,-1,-1,2,0,2,0,2,0,0,1,0,2,2,2,2,0,0,2,2
51,-2737.950,-1813.451,-136.561,32.416,0.844126,-0.536058,-0.009612,0.536091,0.844159,0.001063,0.007544,-0.006050,0.999953,0,0.90167,0.14461,54.100,0.289,-1,400.000,-1,450.000,-1,325.000,350.000,275.000,300.000,-1,-1,-1,-1,825.000,950.000,-1,-1,2,0,2,0,2,0,0,1,0,2,2,2,2,0,0,2,2
52,-2692.661,-1784.374,-136.328,32.702,0.841462,-0.540259,-0.007923,0.540283,0.841483,0.001100,0.006072,-0.005206,0.999968,0,0.89699,0.14269,53.819,0.285,-1,400.000,-1,450.000,-1,325.000,350.000,275.000,275.000,-1,-1,-1,-1,825.000,950.000,-1,-1,2,0,2,0,2,0,0,0,0,2,2,2,2,0,0,2,2
53,-2647.732,-1755.217,-136.501,32.983,0.838823,-0.544383,-0.004774,0.544391,0.838831,0.000647,0.003653,-0.003142,0.999988,0,0.89268,0.14046,53.561,0.281,-1,400.000,-1,425.000,-1,325.000,350.000,275.000,275.000,-1,-1,-1,-1,800.000,925.000,-1,-1,2,0,2,0,2,0,0,0,0,2,2,2,2,0,0,2,2
54,-2603.141,-1725.972,-136.735,33.259,0.836203,-0.548417,-0.001714,0.548418,0.836204,0.000233,0.001305,-0.001135,0.999999,0,0.88876,0.13792,53.325,0.276,-1,400.000,-1,425.000,-1,325.000,350.000,275.000,275.000,-1,-1,-1,-1,800.000,900.000,-1,-1,2,0,2,0,2,0,0,0,0,2,2,2,2,0,0,2,2
55,-2558.864,-1696.634,-137.030,33.529,0.833608,-0.552355,0.001261,0.552355,0.833609,-0.000143,-0.000972,0.000816,0.999999,0,0.88525,0.13510,53.115,0.270,-1,400.000,-1,425.000,-1,325.000,350.000,275.000,275.000,-1,-1,-1,-1,775.000,900.000,-1,-1,2,0,2,0,2,0,0,0,0,2,2,2,2,0,0,2,2
56,-2514.876,-1667.194,-137.293,33.793,0.831044,-0.556187,0.004614,0.556196,0.831051,-0.000632,-0.003483,0.003091,0.999989,0,0.88217,0.13200,52.930,0.264,-1,400.000,-1,425.000,-1,325.000,325.000,275.000,275.000,1000.000,-1,-1,-1,775.000,875.000,-1,-1,2,0,2,0,2,0,0,0,0,1,2,2,2,0,0,2,2
57,-2471.152,-1637.647,-137.604,34.050,0.828516,-0.559908,0.007948,0.559933,0.828537,-0.001104,-0.005967,0.005365,0.999968,0,0.87953,0.12865,52.772,0.257,-1,400.000,-1,425.000,-1,325.000,325.000,275.000,275.000,925.000,-1,-1,-1,750.000,850.000,-1,-1,2,0,2,0,2,0,0,0,0,1,2,2,2,0,0,2,2
58,-2427.667,-1607.983,-137.877,34.300,0.826037,-0.563513,0.010757,0.563557,0.826076,-0.001404,-0.008095,0.007221,0.999941,0,0.87731,0.12504,52.639,0.250,-1,400.000,-1,425.000,-1,325.000,325.000,300.000,275.000,850.000,-1,-1,-1,750.000,850.000,-1,-1,2,0,2,0,2,0,0,0,0,1,2,2,2,0,0,2,2
59,-2384.397,-1578.197,-138.181,34.543,0.823618,-0.566999,0.012866,0.567055,0.823679,-0.000864,-0.010108,0.008008,0.999917,0,0.87553,0.12121,52.532,0.242,-1,400.000,-1,425.000,-1,325.000,325.000,300.000,300.000,850.000,-1,-1,-1,750.000,825.000,-1,-1,2,0,2,0,2,0,0,0,0,1,2,2,2,0,0,2,2
60,-2341.316,-1548.281,-138.606,34.777,0.821259,-0.570360,0.014923,0.570424,0.821350,-0.000005,-0.012255,0.008516,0.999889,0,0.87416,0.11715,52.450,0.234,-1,400.000,-1,400.000,-1,325.000,325.000,300.000,300.000,825.000,-1,-1,-1,725.000,825.000,-1,-1,2,0,2,0,2,0,0,0,0,1,2,2,2,0,0,2,2
61,-2298.399,-1518.227,-139.080,35.003,0.818969,-0.573589,0.016901,0.573660,0.819093,0.000795,-0.014299,0.009044,0.999857,0,0.87321,0.11287,52.393,0.226,-1,400.000,-1,400.000,-1,325.000,325.000,300.000,300.000,825.000,-1,-1,-1,725.000,800.000,-1,-1,2,0,2,0,2,0,0,0,0,1,2,2,2,0,0,2,2
62,-2255.624,-1488.031,-139.603,35.219,0.816753,-0.576682,0.018800,0.576759,0.816913,0.001533,-0.016242,0.009591,0.999822,0,0.87266,0.10840,52.359,0.217,-1,400.000,-1,400.000,-1,325.000,325.000,300.000,300.000,825.000,-1,-1,-1,700.000,800.000,-1,-1,2,0,2,0,2,0,0,0,0,1,2,2,2,0,0,2,2
63,-2216.159,-1460.196,-140.145,35.196,0.816946,-0.576348,0.020534,0.576433,0.817142,0.002121,-0.018002,0.010103,0.999787,0,0.80490,-0.01160,48.294,-0.023,-1,375.000,-1,400.000,-1,325.000,325.000,300.000,300.000,850.000,-1,-1,-1,700.000,775.000,-1,-1,2,0,2,0,2,0,0,0,0,1,2,2,2,0,0,2,2
64,-2176.571,-1432.545,-140.746,34.933,0.819543,-0.572585,0.022255,0.572677,0.819777,0.002612,-0.019740,0.010604,0.999749,0,0.80481,-0.13160,48.288,-0.263,-1,375.000,-1,400.000,-1,325.000,325.000,300.000,300.000,850.000,-1,-1,-1,700.000,775.000,-1,-1,2,0,2,0,2,0,0,0,0,1,2,2,2,0,0,2,2
65,-2136.743,-1405.243,-141.716,34.430,0.824504,-0.565353,0.023856,0.565483,0.824759,0.001571,-0.020563,0.012195,0.999714,0,0.80479,-0.25160,48.287,-0.503,-1,375.000,-1,400.000,-1,325.000,325.000,275.000,300.000,850.000,-1,-1,-1,700.000,775.000,-1,-1,2,0,2,0,2,0,0,0,0,1,2,2,2,0,0,2,2
66,-2096.558,-1378.457,-142.658,33.687,0.831735,-0.554594,0.025357,0.554773,0.832002,-0.000056,-0.021066,0.014114,0.999678,0,0.80491,-0.37160,48.295,-0.743,-1,375.000,-1,400.000,-1,325.000,325.000,275.000,300.000,850.000,-1,-1,-1,700.000,750.000,-1,-1,2,0,2,0,2,0,0,0,0,1,2,2,2,0,0,2,2
67,-2055.902,-1352.353,-143.521,32.703,0.841102,-0.540217,0.026706,0.540460,0.841367,-0.002288,-0.021233,0.016358,0.999641,0,0.80524,-0.49160,48.314,-0.983,-1,375.000,-1,400.000,-1,325.000,325.000,275.000,300.000,875.000,-1,-1,-1,700.000,750.000,-1,-1,2,0,2,0,2,0,0,0,0,1,2,2,2,0,0,2,2
68,-2014.669,-1327.104,-144.359,31.480,0.852429,-0.522118,0.027530,0.522412,0.852683,-0.004269,-0.021245,0.018021,0.999612,0,0.80583,-0.61160,48.350,-1.223,-1,375.000,-1,400.000,-1,325.000,325.000,275.000,300.000,900.000,-1,-1,-1,700.000,750.000,-1,-1,2,0,2,0,2,0,0,0,0,1,2,2,2,0,0,2,2
69,-1972.756,-1302.889,-145.235,30.017,0.865476,-0.500163,0.028075,0.500498,0.865716,-0.006060,-0.021274,0.019297,0.999587,0,0.80676,-0.73160,48.405,-1.463,-1,375.000,-1,400.000,-1,325.000,325.000,275.000,300.000,925.000,-1,-1,-1,725.000,750.000,-1,-1,2,0,2,0,2,0,0,0,0,1,2,2,2,0,0,2,2
70,-1930.072,-1279.893,-146.184,28.314,0.879956,-0.474202,0.028461,0.474573,0.880183,-0.007690,-0.021404,0.020274,0.999565,0,0.80807,-0.85160,48.484,-1.703,-1,375.000,-1,400.000,-1,325.000,325.000,275.000,300.000,950.000,-1,-1,-1,725.000,750.000,-1,-1,2,0,2,0,2,0,0,0,0,1,2,2,2,0,0,2,2
71,-1884.915,-1257.505,-147.102,26.371,0.895524,-0.444083,0.028759,0.444468,0.895756,-0.008398,-0.022032,0.020303,0.999551,0,0.84004,-0.97160,50.403,-1.943,-1,375.000,-1,400.000,-1,325.000,325.000,275.000,300.000,1000.000,-1,-1,-1,725.000,725.000,-1,-1,2,0,2,0,2,0,0,0,0,1,2,2,2,0,0,2,2
72,-1838.950,-1236.683,-148.233,24.371,0.910496,-0.412561,0.028111,0.412921,0.910730,-0.008235,-0.022204,0.019106,0.999571,0,0.84101,-1.00000,50.461,-2.000,-1,400.000,-1,400.000,-1,325.000,325.000,275.000,300.000,-1,-1,-1,-1,725.000,725.000,-1,-1,2,0,2,0,2,0,0,0,0,2,2,2,2,0,0,2,2
73,-1792.231,-1217.456,-149.342,22.371,0.924364,-0.380532,0.027334,0.380873,0.924590,-0.008351,-0.022095,0.018130,0.999591,0,0.84202,-1.00000,50.521,-2.000,-1,400.000,-1,400.000,-1,325.000,325.000,275.000,300.000,-1,-1,-1,-1,750.000,725.000,-1,-1,2,0,2,0,2,0,0,0,0,2,2,2,2,0,0,2,2
74,-1744.814,-1199.849,-150.485,20.371,0.937106,-0.348039,0.026495,0.348358,0.937324,-0.008427,-0.021901,0.017127,0.999613,0,0.84299,-1.00000,50.580,-2.000,-1,400.000,-1,400.000,-1,325.000,325.000,275.000,300.000,-1,-1,-1,-1,750.000,725.000,-1,-1,2,0,2,0,2,0,0,0,0,2,2,2,2,0,0,2,2
75,-1696.758,-1183.891,-151.687,18.371,0.948705,-0.315121,0.025644,0.315416,0.948917,-0.008328,-0.021710,0.015989,0.999636,0,0.84394,-1.00000,50.637,-2.000,-1,400.000,-1,400.000,-1,325.000,325.000,275.000,300.000,-1,-1,-1,-1,750.000,725.000,-1,-1,2,0,2,0,2,0,0,0,0,2,2,2,2,0,0,2,2
76,-1648.122,-1169.604,-152.943,16.371,0.959148,-0.281818,0.024793,0.282087,0.959355,-0.008062,-0.021513,0.014727,0.999660,0,0.84486,-1.00000,50.692,-2.000,-1,400.000,-1,400.000,-1,325.000,325.000,275.000,300.000,-1,-1,-1,-1,750.000,700.000,-1,-1,2,0,2,0,2,0,0,0,0,2,2,2,2,0,0,2,2
77,-1598.964,-1157.009,-154.165,14.371,0.968412,-0.248169,0.024290,0.248420,0.968620,-0.007899,-0.021567,0.013684,0.999674,0,0.84575,-1.00000,50.745,-2.000,-1,400.000,-1,400.000,-1,325.000,325.000,275.000,300.000,-1,-1,-1,-1,750.000,700.000,-1,-1,2,0,2,0,2,0,0,0,0,2,2,2,2,0,0,2,2
78,-1549.347,-1146.127,-155.297,12.371,0.976484,-0.214215,0.024319,0.214463,0.976699,-0.008050,-0.022028,0.013076,0.999672,0,0.84661,-1.00000,50.796,-2.000,-1,400.000,-1,375.000,-1,325.000,325.000,275.000,300.000,-1,-1,-1,-1,750.000,700.000,-1,-1,2,0,2,0,2,0,0,0,0,2,2,2,2,0,0,2,2
79,-1499.332,-1136.974,-156.489,10.371,0.983368,-0.180000,0.024235,0.180239,0.983590,-0.008054,-0.022387,0.012288,0.999674,0,0.84743,-1.00000,50.846,-2.000,-1,400.000,-1,375.000,-1,325.000,325.000,275.000,300.000,-1,-1,-1,-1,750.000,675.000,-1,-1,2,0,2,0,2,0,0,0,0,2,2,2,2,0,0,2,2
80,-1448.980,-1129.566,-157.735,8.371,0.989056,-0.145565,0.024048,0.145791,0.989284,-0.007913,-0.022638,0.011333,0.999679,0,0.84823,-1.00000,50.894,-2.000,-1,400.000,-1,375.000,-1,325.000,325.000,275.000,300.000,-1,-1,-1,-1,750.000,675.000,-1,-1,2,0,2,0,2,0,0,0,0,2,2,2,2,0,0,2,2
81,-1398.355,-1123.914,-159.029,6.371,0.993541,-0.110952,0.023770,0.111161,0.993773,-0.007630,-0.022775,0.010223,0.999688,0,0.84900,-1.00000,50.940,-2.000,-1,400.000,-1,375.000,-1,325.000,325.000,275.000,300.000,-1,-1,-1,-1,725.000,675.000,-1,-1,2,0,2,0,2,0,0,0,0,2,2,2,2,0,0,2,2
82,-1347.519,-1120.028,-160.364,4.371,0.996817,-0.076203,0.023409,0.076391,0.997052,-0.007208,-0.022791,0.008973,0.999700,0,0.84973,-1.00000,50.984,-2.000,-1,375.000,-1,375.000,-1,325.000,300.000,300.000,300.000,-1,-1,-1,-1,725.000,650.000,-1,-1,2,0,2,0,2,0,0,0,0,2,2,2,2,0,0,2,2
83,-1297.254,-1117.737,-161.441,2.611,0.998701,-0.045546,0.022828,0.045690,0.998939,-0.005823,-0.022538,0.006859,0.999722,0,0.83863,-0.88000,50.318,-1.760,-1,375.000,-1,375.000,-1,325.000,300.000,300.000,300.000,-1,-1,-1,-1,725.000,650.000,-1,-1,2,0,2,0,2,0,0,0,0,2,2,2,2,0,0,2,2
84,-1245.983,-1116.761,-162.046,1.091,0.999591,-0.019032,0.021327,0.019144,0.999804,-0.005036,-0.021227,0.005443,0.999760,0,0.85466,-0.76000,51.280,-1.520,-1,375.000,-1,375.000,-1,325.000,300.000,300.000,300.000,-1,-1,-1,-1,725.000,650.000,-1,-1,2,0,2,0,2,0,0,0,0,2,2,2,2,0,0,2,2
85,-1194.699,-1116.930,-162.662,-0.189,0.999800,0.003307,0.019726,-0.003227,0.999986,-0.004076,-0.019739,0.004012,0.999797,0,0.85474,-0.64000,51.284,-1.280,-1,375.000,-1,375.000,-1,325.000,300.000,300.000,300.000,-1,-1,-1,-1,725.000,650.000,-1,-1,2,0,2,0,2,0,0,0,0,2,2,2,2,0,0,2,2
86,-1143.435,-1118.030,-163.286,-1.229,0.999607,0.021456,0.018054,-0.021406,0.999766,-0.002960,-0.018114,0.002573,0.999833,0,0.85461,-0.52000,51.277,-1.040,-1,375.000,-1,375.000,-1,325.000,300.000,300.000,300.000,-1,-1,-1,-1,750.000,650.000,-1,-1,2,0,2,0,2,0,0,0,0,2,2,2,2,0,0,2,2
87,-1092.211,-1119.846,-163.911,-2.029,0.999239,0.035413,0.016325,-0.035390,0.999372,-0.001723,-0.016376,0.001144,0.999865,0,0.85426,-0.40000,51.256,-0.800,-1,400.000,-1,375.000,-1,325.000,300.000,300.000,300.000,-1,875.000,-1,-1,750.000,650.000,-1,-1,2,0,2,0,2,0,0,0,0,2,0,2,2,0,0,2,2
88,-1041.043,-1122.160,-164.535,-2.589,0.998873,0.045179,0.014549,-0.045178,0.998979,-0.000398,-0.014552,-0.000260,0.999894,0,0.85368,-0.28000,51.221,-0.560,-1,400.000,-1,375.000,-1,325.000,300.000,300.000,300.000,-1,800.000,850.000,-1,750.000,650.000,-1,-1,2,0,2,0,2,0,0,0,0,2,0,0,2,0,0,2,2
89,-989.947,-1124.947,-165.151,-3.123,0.998434,0.054477,0.012751,-0.054493,0.998514,0.000974,-0.012679,-0.001667,0.999918,0,0.85287,-0.26669,51.172,-0.533,-1,400.000,-1,375.000,-1,325.000,300.000,300.000,325.000,-1,750.000,800.000,-1,750.000,675.000,-1,-1,2,0,2,0,2,0,0,0,0,2,0,0,2,0,0,2,2
90,-938.931,-1128.208,-165.758,-3.657,0.997903,0.063790,0.010934,-0.063820,0.997959,0.002388,-0.010759,-0.003080,0.999937,0,0.85200,-0.26728,51.120,-0.535,-1,400.000,-1,375.000,-1,325.000,300.000,300.000,300.000,-1,700.000,750.000,-1,775.000,675.000,-1,-1,2,0,2,0,2,0,0,0,0,2,0,0,2,0,0,2,2
91,-888.002,-1131.942,-166.353,-4.193,0.997282,0.073113,0.009097,-0.073150,0.997314,0.003840,-0.008792,-0.004495,0.999951,0,0.85110,-0.26772,51.066,-0.535,-1,400.000,-1,375.000,-1,325.000,300.000,300.000,300.000,-1,675.000,700.000,-1,775.000,675.000,-1,-1,2,0,2,0,2,0,0,0,0,2,0,0,2,0,0,2,2
92,-837.165,-1136.147,-166.934,-4.729,0.996570,0.082439,0.007239,-0.082479,0.996579,0.005330,-0.006775,-0.005909,0.999960,0,0.85018,-0.26801,51.011,-0.536,-1,400.000,-1,375.000,-1,325.000,300.000,300.000,300.000,-1,625.000,675.000,-1,775.000,675.000,-1,-1,2,0,2,0,2,0,0,0,0,2,0,0,2,0,0,2,2
93,-786.424,-1140.823,-167.500,-5.265,0.995767,0.091762,0.005359,-0.091798,0.995754,0.006854,-0.004707,-0.007317,0.999962,0,0.84926,-0.26814,50.955,-0.536,-1,400.000,-1,375.000,-1,325.000,300.000,300.000,300.000,-1,600.000,650.000,-1,800.000,675.000,-1,-1,2,0,2,0,2,0,0,0,0,2,0,0,2,0,0,2,2
94,-735.785,-1145.968,-168.048,-5.801,0.994873,0.101076,0.003455,-0.101102,0.994840,0.008411,-0.002587,-0.008717,0.999959,0,0.84833,-0.26812,50.900,-0.536,-1,400.000,-1,375.000,-1,325.000,325.000,300.000,300.000,-1,550.000,625.000,-1,800.000,675.000,-1,-1,2,0,2,0,2,0,0,0,0,2,0,0,2,0,0,2,2
95,-685.251,-1151.580,-168.530,-6.337,0.993889,0.110375,0.001652,-0.110386,0.993840,0.009799,-0.000560,-0.009922,0.999951,0,0.84741,-0.26794,50.845,-0.536,-1,400.000,-1,375.000,-1,325.000,325.000,300.000,300.000,-1,525.000,575.000,-1,800.000,700.000,-1,-1,2,0,2,0,2,0,0,0,0,2,0,0,2,0,0,2,2
96,-634.825,-1157.657,-168.813,-6.872,0.992816,0.119653,0.000468,-0.119652,0.992760,0.010523,0.000794,-0.010503,0.999945,0,0.84651,-0.26761,50.791,-0.535,-1,400.000,-1,375.000,-1,325.000,325.000,300.000,300.000,-1,500.000,550.000,-1,800.000,700.000,-1,-1,2,0,2,0,2,0,0,0,0,2,0,0,2,0,0,2,2
97,-584.510,-1164.198,-168.750,-7.407,0.991657,0.128903,0.000367,-0.128897,0.991581,0.012333,0.001226,-0.012277,0.999924,0,0.84563,-0.26713,50.738,-0.534,-1,400.000,-1,375.000,-1,325.000,325.000,300.000,300.000,-1,525.000,600.000,-1,800.000,675.000,-1,-1,2,0,2,0,2,0,0,0,0,2,0,0,2,0,0,2,2
98,-534.309,-1171.199,-168.662,-7.940,0.990416,0.138118,0.000256,-0.138108,0.990316,0.014142,0.001700,-0.014041,0.999900,0,0.84479,-0.26651,50.687,-0.533,-1,400.000,-1,375.000,-1,325.000,325.000,300.000,300.000,-1,550.000,625.000,-1,800.000,675.000,-1,-1,2,0,2,0,2,0,0,0,0,2,0,0,2,0,0,2,2
99,-484.223,-1178.659,-168.544,-8.471,0.989093,0.147294,0.000133,-0.147278,0.988967,0.015950,0.002218,-0.015796,0.999873,0,0.84398,-0.26573,50.639,-0.531,-1,400.000,-1,375.000,-1,325.000,325.000,300.000,300.000,-1,575.000,675.000,-1,800.000,675.000,-1,-1,2,0,2,0,2,0,0,0,0,2,0,0,2,0,0,2,2
100,-434.252,-1186.573,-168.395,-9.001,0.987690,0.156425,0.000000,-0.156400,0.987534,0.017757,0.002777,-0.017538,0.999842,0,0.84322,-0.26480,50.593,-0.530,-1,400.000,-1,375.000,-1,325.000,300.000,300.000,300.000,-1,600.000,700.000,-1,800.000,675.000,-1,-1,2,0,2,0,2,0,0,0,0,2,0,0,2,0,0,2,2
101,-384.399,-1194.941,-168.212,-9.528,0.986209,0.165504,-0.000143,-0.165469,0.986021,0.019559,0.003378,-0.019266,0.999809,0,0.84251,-0.26373,50.550,-0.527,-1,400.000,-1,375.000,-1,325.000,300.000,300.000,300.000,-1,625.000,725.000,-1,800.000,675.000,-1,-1,2,0,2,0,2,0,0,0,0,2,0,0,2,0,0,2,2
102,-334.663,-1203.758,-167.965,-10.053,0.984652,0.174527,-0.000412,-0.174479,0.984431,0.021255,0.004115,-0.020857,0.999774,0,0.84186,-0.26252,50.511,-0.525,-1,400.000,-1,375.000,-1,325.000,300.000,300.000,300.000,-1,650.000,750.000,-1,800.000,675.000,-1,-1,2,0,2,0,2,0,0,0,0,2,0,0,2,0,0,2,2
103,-285.044,-1213.022,-167.675,-10.576,0.983022,0.183488,-0.000711,-0.183424,0.982767,0.022931,0.004907,-0.022411,0.999737,0,0.84127,-0.26117,50.476,-0.522,-1,400.000,-1,375.000,-1,325.000,300.000,300.000,300.000,-1,675.000,775.000,-1,800.000,675.000,-1,-1,2,0,2,0,2,0,0,0,0,2,0,0,2,0,0,2,2
104,-235.542,-1222.729,-167.344,-11.095,0.981320,0.192381,-0.001026,-0.192298,0.981028,0.024598,0.005738,-0.023941,0.999697,0,0.84076,-0.25967,50.445,-0.519,-1,400.000,-1,375.000,-1,325.000,300.000,300.000,300.000,-1,700.000,800.000,-1,800.000,675.000,-1,-1,2,0,2,0,2,0,0,0,0,2,0,0,2,0,0,2,2
105,-186.155,-1232.876,-166.971,-11.611,0.979549,0.201202,-0.001355,-0.201098,0.979219,0.026255,0.006609,-0.025445,0.999654,0,0.84032,-0.25804,50.419,-0.516,-1,400.000,-1,375.000,-1,325.000,300.000,300.000,300.000,-1,725.000,825.000,-1,800.000,675.000,-1,-1,2,0,2,0,2,0,0,0,0,2,0,0,2,0,0,2,2
106,-136.881,-1243.461,-166.553,-12.124,0.977712,0.209945,-0.001699,-0.209818,0.977342,0.027901,0.007518,-0.026923,0.999609,0,0.83996,-0.25627,50.397,-0.513,-1,400.000,-1,375.000,-1,325.000,300.000,300.000,300.000,-1,725.000,850.000,-1,800.000,675.000,-1,-1,2,0,2,0,2,0,0,0,0,2,0,0,2,0,0,2,2
107,-87.720,-1254.478,-166.087,-12.632,0.975811,0.218606,-0.002057,-0.218452,0.975401,0.029536,0.008463,-0.028372,0.999562,0,0.83968,-0.25436,50.381,-0.509,-1,400.000,-1,375.000,-1,325.000,300.000,300.000,300.000,-1,750.000,875.000,-1,775.000,675.000,-1,-1,2,0,2,0,2,0,0,0,0,2,0,0,2,0,0,2,2
108,-38.668,-1265.926,-165.599,-13.137,0.973850,0.227179,-0.002449,-0.226994,0.973394,0.031269,0.009487,-0.029896,0.999508,0,0.83950,-0.25233,50.370,-0.505,-1,400.000,-1,375.000,-1,325.000,300.000,300.000,300.000,-1,775.000,900.000,-1,775.000,675.000,-1,-1,2,0,2,0,2,0,0,0,0,2,0,0,2,0,0,2,2
109,9.224,-1277.336,-165.114,-13.402,0.972793,0.231661,-0.002773,-0.231446,0.972286,0.033069,0.010357,-0.031528,0.999449,0,0.82053,-0.13233,49.232,-0.265,-1,400.000,-1,375.000,-1,325.000,300.000,300.000,300.000,-1,800.000,900.000,-1,775.000,675.000,-1,-1,2,0,2,0,2,0,0,0,0,2,0,0,2,0,0,2,2
110,57.104,-1288.765,-164.602,-13.426,0.972695,0.232067,-0.003106,-0.231821,0.972133,0.034876,0.011113,-0.033203,0.999387,0,0.82042,-0.01233,49.225,-0.025,-1,400.000,-1,375.000,-1,325.000,300.000,300.000,300.000,-1,800.000,925.000,-1,775.000,675.000,-1,-1,2,0,2,0,2,0,0,0,0,2,0,0,2,0,0,2,2
111,105.020,-1300.013,-164.097,-13.211,0.973562,0.228399,-0.003383,-0.228127,0.972945,0.036567,0.011643,-0.034828,0.999325,0,0.82031,0.10767,49.219,0.215,-1,400.000,-1,375.000,-1,325.000,325.000,300.000,300.000,-1,850.000,950.000,-1,750.000,675.000,-1,-1,2,0,2,0,2,0,0,0,0,2,0,0,2,0,0,2,2
112,153.020,-1310.879,-163.587,-12.756,0.975347,0.220646,-0.003631,-0.220351,0.974671,0.038224,0.011973,-0.036482,0.999263,0,0.82025,0.22767,49.215,0.455,-1,400.000,-1,375.000,-1,325.000,325.000,300.000,300.000,-1,875.000,1000.000,-1,750.000,675.000,-1,-1,2,0,2,0,2,0,0,0,0,2,0,0,2,0,0,2,2
113,201.151,-1321.161,-163.054,-12.060,0.977953,0.208789,-0.003820,-0.208476,0.977217,0.039805,0.012044,-0.038131,0.999200,0,0.82028,0.34767,49.217,0.695,-1,400.000,-1,375.000,-1,325.000,325.000,300.000,300.000,-1,925.000,-1,-1,750.000,675.000,-1,-1,2,0,2,0,2,0,0,0,0,2,0,2,2,0,0,2,2
114,249.454,-1330.659,-162.506,-11.125,0.981231,0.192797,-0.003936,-0.192474,0.980433,0.041300,0.011822,-0.039767,0.999139,0,0.82047,0.46767,49.228,0.935,-1,400.000,-1,375.000,-1,325.000,325.000,300.000,300.000,-1,975.000,-1,-1,750.000,675.000,-1,-1,2,0,2,0,2,0,0,0,0,2,0,2,2,0,0,2,2
115,297.964,-1339.168,-161.974,-9.950,0.984978,0.172633,-0.004016,-0.172307,0.984113,0.042805,0.011342,-0.041470,0.999075,0,0.82086,0.58767,49.251,1.175,-1,400.000,-1,375.000,-1,325.000,325.000,300.000,300.000,-1,-1,-1,-1,750.000,675.000,-1,-1,2,0,2,0,2,0,0,0,0,2,2,2,2,0,0,2,2
116,346.709,-1346.482,-161.473,-8.534,0.988940,0.148262,-0.004053,-0.147940,0.988003,0.044323,0.010576,-0.043233,0.999009,0,0.82151,0.70767,49.290,1.415,-1,400.000,-1,375.000,-1,325.000,325.000,300.000,300.000,-1,-1,-1,-1,750.000,675.000,-1,-1,2,0,2,0,2,0,0,0,0,2,2,2,2,0,0,2,2
117,395.703,-1352.391,-161.017,-6.879,0.992808,0.119650,-0.004040,-0.119341,0.991794,0.045857,0.009494,-0.045045,0.998940,0,0.82249,0.82767,49.349,1.655,-1,400.000,-1,375.000,-1,325.000,325.000,300.000,300.000,-1,-1,-1,-1,750.000,650.000,-1,-1,2,0,2,0,2,0,0,0,0,2,2,2,2,0,0,2,2
118,445.755,-1356.755,-160.616,-4.984,0.996220,0.086775,-0.003971,-0.086490,0.995123,0.047437,0.008068,-0.046914,0.998866,0,0.83738,0.94767,50.243,1.895,-1,400.000,-1,375.000,-1,325.000,300.000,300.000,300.000,-1,-1,-1,-1,750.000,650.000,-1,-1,2,0,2,0,2,0,0,0,0,2,2,2,2,0,0,2,2
119,496.042,-1359.374,-160.286,-2.984,0.998640,0.051988,-0.003844,-0.051738,0.997456,0.049038,0.006383,-0.048772,0.998790,0,0.83925,1.00000,50.355,2.000,-1,400.000,-1,375.000,-1,325.000,300.000,300.000,300.000,-1,-1,-1,-1,750.000,650.000,-1,-1,2,0,2,0,2,0,0,0,0,2,2,2,2,0,0,2,2
120,546.510,-1360.239,-160.035,-0.984,0.999846,0.017144,-0.003660,-0.016937,0.998572,0.050659,0.004524,-0.050589,0.998709,0,0.84126,1.00000,50.476,2.000,-1,400.000,-1,375.000,-1,325.000,300.000,300.000,300.000,-1,-1,-1,-1,750.000,650.000,-1,-1,2,0,2,0,2,0,0,0,0,2,2,2,2,0,0,2,2
121,598.133,-1359.322,-159.867,1.016,0.999837,-0.017714,-0.003417,0.017869,0.998470,0.052332,0.002485,-0.052384,0.998624,0,0.86054,1.00000,51.633,2.000,-1,375.000,-1,375.000,-1,325.000,300.000,300.000,300.000,-1,-1,-1,-1,750.000,650.000,-1,-1,2,0,2,0,2,0,0,0,0,2,2,2,2,0,0,2,2
122,650.011,-1356.587,-159.791,3.016,0.998613,-0.052545,-0.003210,0.052642,0.997150,0.054049,0.000361,-0.054143,0.998533,0,0.86583,1.00000,51.950,2.000,-1,375.000,-1,375.000,-1,300.000,300.000,300.000,300.000,-1,-1,-1,-1,725.000,650.000,-1,-1,2,0,2,0,2,0,0,0,0,2,2,2,2,0,0,2,2
123,702.094,-1352.013,-159.478,5.016,0.996172,-0.087302,-0.004382,0.087410,0.994580,0.056298,-0.000557,-0.056465,0.998404,0,0.87141,1.00000,52.285,2.000,-1,375.000,-1,375.000,-1,300.000,300.000,300.000,300.000,-1,-1,-1,-1,725.000,650.000,-1,-1,2,0,2,0,2,0,0,0,0,2,2,2,2,0,0,2,2
124,754.336,-1345.582,-159.161,7.016,0.992519,-0.121947,-0.005923,0.122085,0.990829,0.057910,-0.001193,-0.058200,0.998304,0,0.87729,1.00000,52.637,2.000,-1,400.000,-1,375.000,-1,325.000,300.000,300.000,300.000,-1,-1,-1,-1,750.000,650.000,-1,-1,2,0,2,0,2,0,0,0,0,2,2,2,2,0,0,2,2
125,806.688,-1337.274,-158.972,9.016,0.987660,-0.156437,-0.007413,0.156600,0.985874,0.059408,-0.001985,-0.059836,0.998206,0,0.88345,1.00000,53.007,2.000,-1,400.000,-1,375.000,-1,325.000,300.000,300.000,300.000,-1,-1,-1,-1,750.000,675.000,-1,-1,2,0,2,0,2,0,0,0,0,2,2,2,2,0,0,2,2
126,859.097,-1327.070,-158.921,11.016,0.981603,-0.190730,-0.008846,0.190913,0.979723,0.060790,-0.002928,-0.061361,0.998111,0,0.88990,1.00000,53.394,2.000,-1,400.000,-1,375.000,-1,325.000,300.000,300.000,300.000,-1,-1,-1,-1,750.000,675.000,-1,-1,2,0,2,0,2,0,0,0,0,2,2,2,2,0,0,2,2
127,911.511,-1314.952,-158.995,13.016,0.974354,-0.224788,-0.010271,0.224988,0.972391,0.061940,-0.003936,-0.062662,0.998027,0,0.89663,1.00000,53.798,2.000,-1,400.000,-1,375.000,-1,325.000,300.000,300.000,300.000,-1,-1,-1,-1,750.000,675.000,-1,-1,2,0,2,0,2,0,0,0,0,2,2,2,2,0,0,2,2
128,963.877,-1300.904,-159.145,15.016,0.965920,-0.258573,-0.011793,0.258797,0.963903,0.062569,-0.004812,-0.063488,0.997971,0,0.90363,1.00000,54.218,2.000,-1,400.000,-1,375.000,-1,325.000,325.000,300.000,300.000,-1,-1,-1,-1,750.000,700.000,-1,-1,2,0,2,0,2,0,0,0,0,2,2,2,2,0,0,2,2
129,1016.137,-1284.909,-159.456,17.016,0.956314,-0.292043,-0.013219,0.292285,0.954252,0.063022,-0.005791,-0.064133,0.997925,0,0.91090,1.00000,54.654,2.000,-1,400.000,-1,375.000,-1,325.000,325.000,300.000,300.000,-1,-1,-1,-1,750.000,700.000,-1,-1,2,0,2,0,2,0,0,0,0,2,2,2,2,0,0,2,2
130,1068.233,-1266.953,-159.939,19.016,0.945548,-0.325159,-0.014540,0.325411,0.943452,0.063299,-0.006865,-0.064584,0.997889,0,0.91842,1.00000,55.105,2.000,1000.000,400.000,-1,375.000,-1,325.000,325.000,300.000,300.000,-1,-1,-1,-1,750.000,700.000,-1,-1,1,0,2,0,2,0,0,0,0,2,2,2,2,0,0,2,2
131,1120.107,-1247.024,-160.602,21.016,0.933635,-0.357881,-0.015743,0.358137,0.931514,0.063398,-0.008024,-0.064829,0.997864,0,0.92618,1.00000,55.571,2.000,950.000,400.000,-1,375.000,-1,325.000,325.000,300.000,300.000,-1,-1,-1,-1,750.000,700.000,-1,-1,1,0,2,0,2,0,0,0,0,2,2,2,2,0,0,2,2
132,1171.694,-1225.109,-161.457,23.016,0.920589,-0.390172,-0.016818,0.390424,0.918455,0.063320,-0.009260,-0.064858,0.997852,0,0.93417,1.00000,56.050,2.000,900.000,400.000,-1,375.000,-1,325.000,325.000,300.000,300.000,-1,-1,-1,-1,750.000,725.000,-1,-1,1,0,2,0,2,0,0,0,0,2,2,2,2,0,0,2,2
133,1222.930,-1201.198,-162.229,25.016,0.906445,-0.421964,-0.017437,0.422171,0.904229,0.064357,-0.011389,-0.065698,0.997775,0,0.94236,1.00000,56.542,2.000,825.000,400.000,-1,375.000,-1,325.000,325.000,300.000,300.000,-1,-1,-1,-1,750.000,725.000,-1,-1,1,0,2,0,2,0,0,0,0,2,2,2,2,0,0,2,2
134,1273.748,-1175.285,-163.043,27.016,0.891205,-0.453228,-0.018399,0.453402,0.888880,0.065727,-0.013435,-0.066918,0.997668,0,0.95075,1.00000,57.045,2.000,775.000,400.000,-1,400.000,-1,325.000,325.000,300.000,300.000,-1,-1,-1,-1,750.000,725.000,1000.000,-1,1,0,2,0,2,0,0,0,0,2,2,2,2,0,0,1,2
135,1324.079,-1147.365,-164.003,29.016,0.874885,-0.483932,-0.019628,0.484088,0.872447,0.067046,-0.015321,-0.068159,0.997557,0,0.95929,1.00000,57.558,2.000,725.000,400.000,-1,400.000,-1,325.000,325.000,300.000,300.000,-1,-1,-1,-1,750.000,750.000,900.000,-1,1,0,2,0,2,0,0,0,0,2,2,2,2,0,0,1,2
