timestep,x_cm,y_cm,z_cm,yaw_deg,basis_xx,basis_xy,basis_xz,basis_yx,basis_yy,basis_yz,basis_zx,basis_zy,basis_zz,teleport_flag,throttle_cmd,steering_cmd,cmd_move_cm,cmd_turn_deg,lidar_cm_0,lidar_cm_1,lidar_cm_2,lidar_cm_3,lidar_cm_4,lidar_cm_5,lidar_cm_6,lidar_cm_7,lidar_cm_8,lidar_cm_9,lidar_cm_10,lidar_cm_11,lidar_cm_12,lidar_cm_13,lidar_cm_14,lidar_cm_15,lidar_cm_16,lidar_class_0,lidar_class_1,lidar_class_2,lidar_class_3,lidar_class_4,lidar_class_5,lidar_class_6,lidar_class_7,lidar_class_8,lidar_class_9,lidar_class_10,lidar_class_11,lidar_class_12,lidar_class_13,lidar_class_14,lidar_class_15,lidar_class_16
0,6888.667,2951.936,-33.585,-169.834,-0.984314,0.176426,0.000459,-0.176356,-0.983844,-0.030804,-0.004983,-0.030402,0.999525,1,-0.02333,0.12000,-1.400,0.240,725.000,375.000,950.000,375.000,525.000,300.000,300.000,325.000,325.000,-1,525.000,600.000,-1,550.000,550.000,625.000,550.000,1,0,1,1,1,0,0,0,0,2,0,0,2,1,1,1,1
1,6893.884,2952.871,-33.560,-169.834,-0.984314,0.176426,0.000190,-0.176348,-0.983845,-0.030843,-0.005254,-0.030392,0.999524,0,-0.08834,0.00000,-5.300,0.000,725.000,375.000,975.000,375.000,525.000,300.000,300.000,325.000,325.000,-1,525.000,625.000,-1,550.000,550.000,625.000,550.000,1,0,1,1,1,0,0,0,0,2,0,0,2,1,1,1,1
2,6899.086,2953.800,-33.535,-169.884,-0.984470,0.175553,-0.000077,-0.175467,-0.984001,-0.030880,-0.005497,-0.030387,0.999523,0,-0.08807,-0.02542,-5.284,-0.051,750.000,375.000,975.000,375.000,550.000,300.000,300.000,325.000,325.000,-1,550.000,625.000,-1,550.000,550.000,650.000,550.000,1,0,1,1,1,0,0,0,0,2,0,0,2,1,1,1,1
3,6904.270,2954.720,-33.511,-169.935,-0.984624,0.174688,-0.000343,-0.174594,-0.984155,-0.030916,-0.005739,-0.030381,0.999522,0,-0.08773,-0.02517,-5.264,-0.050,750.000,375.000,975.000,375.000,550.000,300.000,300.000,325.000,325.000,-1,550.000,650.000,-1,550.000,550.000,650.000,550.000,1,0,1,1,1,0,0,0,0,2,0,0,2,1,1,1,1
4,6909.434,2955.632,-33.486,-169.985,-0.984775,0.173832,-0.000608,-0.173730,-0.984307,-0.030953,-0.005980,-0.030376,0.999521,0,-0.08740,-0.02492,-5.244,-0.050,750.000,375.000,975.000,375.000,550.000,300.000,300.000,325.000,325.000,-1,575.000,650.000,-1,550.000,550.000,650.000,550.000,1,0,1,1,1,0,0,0,0,2,0,0,2,1,1,1,1
5,6914.579,2956.536,-33.461,-170.034,-0.984924,0.172984,-0.000873,-0.172875,-0.984456,-0.030989,-0.006220,-0.030371,0.999519,0,-0.08707,-0.02467,-5.224,-0.049,750.000,375.000,1000.000,375.000,550.000,300.000,300.000,325.000,325.000,-1,575.000,675.000,-1,550.000,550.000,650.000,575.000,1,0,1,0,1,0,0,0,0,2,0,0,2,1,1,1,1
6,6919.706,2957.432,-33.437,-170.083,-0.985071,0.172145,-0.001136,-0.172028,-0.984603,-0.031024,-0.006459,-0.030366,0.999518,0,-0.08675,-0.02442,-5.205,-0.049,750.000,375.000,1000.000,375.000,550.000,300.000,300.000,325.000,325.000,-1,600.000,675.000,-1,550.000,550.000,650.000,575.000,1,0,1,0,1,0,0,0,0,2,0,0,2,1,1,1,1
7,6924.815,2958.321,-33.413,-170.131,-0.985215,0.171315,-0.001398,-0.171190,-0.984748,-0.031059,-0.006697,-0.030361,0.999517,0,-0.08643,-0.02416,-5.186,-0.048,775.000,375.000,1000.000,375.000,550.000,300.000,300.000,325.000,325.000,-1,600.000,700.000,-1,550.000,550.000,650.000,575.000,1,0,1,0,1,0,0,0,0,2,0,0,2,1,1,1,1
8,6929.907,2959.202,-33.389,-170.179,-0.985357,0.170493,-0.001658,-0.170360,-0.984891,-0.031094,-0.006935,-0.030356,0.999515,0,-0.08612,-0.02390,-5.167,-0.048,775.000,375.000,1000.000,375.000,575.000,300.000,300.000,325.000,325.000,-1,625.000,700.000,-1,575.000,550.000,675.000,575.000,1,0,1,0,1,0,0,0,0,2,0,0,2,1,1,1,1
9,6934.980,2960.076,-33.365,-170.226,-0.985497,0.169681,-0.001918,-0.169540,-0.985032,-0.031128,-0.007171,-0.030351,0.999514,0,-0.08581,-0.02364,-5.149,-0.047,775.000,375.000,1000.000,375.000,575.000,300.000,300.000,325.000,325.000,-1,625.000,725.000,-1,575.000,550.000,675.000,575.000,1,0,1,0,1,0,0,0,0,2,0,0,2,1,1,1,1
10,6940.037,2960.943,-33.342,-170.273,-0.985635,0.168877,-0.002177,-0.168728,-0.985170,-0.031162,-0.007407,-0.030347,0.999512,0,-0.08551,-0.02337,-5.131,-0.047,775.000,375.000,-1,375.000,575.000,300.000,300.000,325.000,325.000,-1,650.000,750.000,-1,575.000,575.000,675.000,575.000,1,0,2,0,1,0,0,0,0,2,0,0,2,1,1,1,1
11,6945.077,2961.803,-33.318,-170.319,-0.985770,0.168082,-0.002435,-0.167926,-0.985306,-0.031195,-0.007643,-0.030343,0.999510,0,-0.08521,-0.02311,-5.113,-0.046,775.000,375.000,-1,375.000,575.000,300.000,300.000,325.000,325.000,-1,650.000,750.000,-1,575.000,575.000,675.000,575.000,1,0,2,0,1,0,0,0,0,2,0,0,2,1,1,1,1
12,6950.101,2962.656,-33.295,-170.365,-0.985903,0.167297,-0.002692,-0.167133,-0.985440,-0.031229,-0.007877,-0.030338,0.999509,0,-0.08492,-0.02284,-5.095,-0.046,800.000,375.000,-1,375.000,575.000,300.000,300.000,325.000,325.000,-1,675.000,775.000,-1,575.000,575.000,675.000,600.000,1,0,2,0,1,0,0,0,0,2,0,0,2,1,1,1,1
13,6955.108,2963.502,-33.272,-170.410,-0.986034,0.166520,-0.002948,-0.166349,-0.985571,-0.031261,-0.008111,-0.030334,0.999507,0,-0.08464,-0.02257,-5.078,-0.045,800.000,375.000,-1,375.000,575.000,300.000,300.000,325.000,325.000,-1,675.000,775.000,-1,575.000,575.000,700.000,600.000,1,0,2,0,1,0,0,0,0,2,0,0,2,1,1,1,1
14,6960.099,2964.341,-33.249,-170.455,-0.986162,0.165753,-0.003203,-0.165574,-0.985701,-0.031294,-0.008344,-0.030331,0.999505,0,-0.08436,-0.02230,-5.061,-0.045,800.000,375.000,-1,375.000,600.000,300.000,300.000,325.000,325.000,-1,700.000,800.000,-1,575.000,575.000,700.000,600.000,1,0,2,0,1,0,0,0,0,2,0,0,2,1,1,1,1
15,6965.075,2965.174,-33.226,-170.499,-0.986288,0.164995,-0.003457,-0.164809,-0.985828,-0.031326,-0.008577,-0.030327,0.999503,0,-0.08408,-0.02202,-5.045,-0.044,800.000,375.000,-1,375.000,600.000,300.000,300.000,325.000,325.000,-1,725.000,825.000,-1,575.000,575.000,700.000,600.000,1,0,2,0,1,0,0,0,0,2,0,0,2,1,1,1,1
16,6970.035,2966.000,-33.203,-170.542,-0.986412,0.164247,-0.003711,-0.164053,-0.985953,-0.031358,-0.008809,-0.030323,0.999501,0,-0.08381,-0.02174,-5.029,-0.043,800.000,375.000,-1,375.000,600.000,300.000,300.000,325.000,325.000,-1,725.000,825.000,-1,600.000,575.000,700.000,600.000,1,0,2,0,1,0,0,0,0,2,0,0,2,1,1,1,1
17,6974.980,2966.820,-33.181,-170.584,-0.986532,0.163519,-0.003963,-0.163317,-0.986074,-0.031390,-0.009040,-0.030320,0.999499,0,-0.08355,-0.02115,-5.013,-0.042,825.000,375.000,-1,375.000,600.000,300.000,300.000,325.000,325.000,-1,750.000,850.000,-1,600.000,575.000,700.000,600.000,1,0,2,0,1,0,0,0,0,2,0,0,2,1,1,1,1
18,6979.911,2967.634,-33.158,-170.625,-0.986648,0.162814,-0.004214,-0.162604,-0.986191,-0.031421,-0.009272,-0.030316,0.999497,0,-0.08329,-0.02050,-4.997,-0.041,825.000,375.000,-1,375.000,600.000,300.000,300.000,325.000,325.000,-1,775.000,875.000,-1,600.000,575.000,700.000,625.000,1,0,2,0,1,0,0,0,0,2,0,0,2,1,1,1,1
19,6984.827,2968.442,-33.136,-170.665,-0.986759,0.162130,-0.004465,-0.161912,-0.986304,-0.031452,-0.009503,-0.030313,0.999495,0,-0.08304,-0.01986,-4.982,-0.040,825.000,375.000,-1,375.000,625.000,300.000,300.000,325.000,325.000,-1,775.000,900.000,-1,600.000,575.000,725.000,625.000,1,0,2,0,1,0,0,0,0,2,0,0,2,1,1,1,1
20,6989.729,2969.244,-33.114,-170.704,-0.986867,0.161468,-0.004715,-0.161243,-0.986412,-0.031483,-0.009734,-0.030309,0.999493,0,-0.08279,-0.01923,-4.967,-0.038,825.000,375.000,-1,375.000,625.000,300.000,300.000,325.000,325.000,-1,800.000,-1,-1,600.000,575.000,725.000,625.000,1,0,2,0,1,0,0,0,0,2,0,2,2,1,1,1,1
21,6994.618,2970.041,-33.092,-170.741,-0.986970,0.160827,-0.004964,-0.160595,-0.986517,-0.031514,-0.009965,-0.030306,0.999491,0,-0.08255,-0.01860,-4.953,-0.037,825.000,375.000,-1,375.000,625.000,300.000,300.000,325.000,325.000,-1,825.000,-1,-1,600.000,575.000,725.000,625.000,1,0,2,0,1,0,0,0,0,2,0,2,2,1,1,1,1
22,6994.769,2970.065,-33.089,-171.018,-0.987736,0.156053,-0.004969,-0.155823,-0.987283,-0.031484,-0.009819,-0.030324,0.999492,0,-0.00255,-0.13860,-0.153,-0.277,825.000,375.000,-1,375.000,625.000,300.000,300.000,325.000,325.000,-1,825.000,-1,-1,600.000,575.000,725.000,625.000,1,0,2,0,1,0,0,0,0,2,0,2,2,1,1,1,1
23,6990.172,2969.381,-33.104,-171.535,-0.989105,0.147134,-0.004729,-0.146917,-0.988651,-0.031396,-0.009295,-0.030359,0.999496,0,0.07745,-0.25860,4.647,-0.517,825.000,375.000,-1,375.000,625.000,300.000,300.000,325.000,325.000,-1,800.000,900.000,-1,600.000,575.000,700.000,625.000,1,0,2,0,1,0,0,0,0,2,0,0,2,1,1,1,1
24,6980.811,2968.114,-33.133,-172.292,-0.990965,0.134056,-0.004244,-0.133860,-0.990507,-0.031254,-0.008393,-0.030404,0.999502,0,0.15745,-0.37860,9.447,-0.757,800.000,375.000,-1,375.000,625.000,300.000,300.000,325.000,325.000,-1,750.000,850.000,-1,600.000,575.000,700.000,625.000,1,0,2,0,1,0,0,0,0,2,0,0,2,1,1,1,1
25,6966.666,2966.405,-33.174,-173.111,-0.992781,0.119890,-0.003513,-0.119724,-0.992320,-0.031085,-0.007213,-0.030440,0.999511,0,0.23745,-0.40934,14.247,-0.819,775.000,375.000,-1,375.000,600.000,300.000,300.000,325.000,325.000,-1,675.000,775.000,-1,575.000,550.000,675.000,600.000,1,0,2,0,1,0,0,0,0,2,0,0,2,1,1,1,1
26,6947.726,2964.392,-33.222,-173.930,-0.994396,0.105687,-0.002538,-0.105559,-0.993933,-0.030901,-0.005788,-0.030460,0.999519,0,0.31745,-0.40969,19.047,-0.819,725.000,375.000,-1,375.000,600.000,300.000,300.000,325.000,325.000,-1,625.000,700.000,-1,575.000,550.000,650.000,575.000,1,0,2,0,1,0,0,0,0,2,0,0,2,1,1,1,1
27,6923.979,2962.210,-33.275,-174.752,-0.995811,0.091431,-0.001318,-0.091347,-0.995346,-0.030707,-0.004119,-0.030458,0.999528,0,0.39745,-0.41061,23.847,-0.821,700.000,375.000,-1,375.000,575.000,300.000,300.000,325.000,325.000,-1,550.000,625.000,-1,550.000,550.000,625.000,575.000,1,0,2,0,1,0,0,0,0,2,0,0,2,1,1,1,1
28,6895.417,2960.001,-33.327,-175.576,-0.997023,0.077103,0.000148,-0.077072,-0.996559,-0.030509,-0.002205,-0.030429,0.999534,0,0.47745,-0.41212,28.647,-0.824,650.000,375.000,-1,375.000,550.000,300.000,300.000,325.000,325.000,-1,500.000,575.000,-1,525.000,525.000,600.000,550.000,1,0,2,1,1,0,0,0,0,2,0,0,2,1,1,1,1
29,6862.036,2957.903,-33.374,-176.404,-0.998032,0.062687,0.001858,-0.062714,-0.997571,-0.030313,-0.000047,-0.030370,0.999539,0,0.55745,-0.41421,33.447,-0.828,600.000,375.000,-1,375.000,525.000,300.000,300.000,325.000,325.000,-1,475.000,500.000,-1,525.000,500.000,575.000,525.000,1,1,2,1,1,0,0,0,0,2,0,0,2,1,1,1,1
30,6823.838,2955.975,-33.416,-177.110,-0.998722,0.050401,0.003809,-0.050493,-0.998270,-0.030122,0.002284,-0.030275,0.999539,0,0.63745,-0.35269,38.247,-0.705,550.000,350.000,-1,350.000,500.000,300.000,300.000,325.000,325.000,-1,425.000,450.000,-1,500.000,500.000,525.000,475.000,1,1,2,1,1,0,1,0,0,2,0,0,2,1,1,1,1
31,6780.822,2954.338,-33.448,-177.820,-0.999259,0.038023,0.006003,-0.038186,-0.998822,-0.029938,0.004857,-0.030146,0.999534,0,0.71745,-0.35513,43.047,-0.710,525.000,350.000,-1,350.000,475.000,300.000,300.000,325.000,325.000,-1,400.000,400.000,-1,475.000,475.000,475.000,450.000,1,1,2,1,1,1,1,0,0,2,0,0,2,1,1,1,1
32,6732.990,2953.116,-33.467,-178.536,-0.999638,0.025535,0.008439,-0.025776,-0.999224,-0.029769,0.007672,-0.029976,0.999521,0,0.79745,-0.35810,47.847,-0.716,450.000,325.000,-1,325.000,425.000,300.000,300.000,325.000,325.000,-1,375.000,350.000,-1,475.000,450.000,450.000,400.000,1,1,2,1,1,1,1,0,0,2,0,0,2,1,1,1,1
33,6680.348,2952.435,-33.470,-179.259,-0.999855,0.012920,0.011114,-0.013244,-0.999474,-0.029618,0.010726,-0.029761,0.999499,0,0.87745,-0.36164,52.647,-0.723,400.000,325.000,-1,300.000,375.000,275.000,275.000,325.000,325.000,-1,325.000,325.000,-1,450.000,425.000,400.000,375.000,1,1,2,1,1,1,1,0,0,2,0,0,2,1,1,1,1
34,6622.900,2952.427,-33.454,-179.991,-0.999902,0.000155,0.014026,-0.000569,-0.999565,-0.029493,0.014016,-0.029498,0.999467,0,0.95745,-0.36584,57.447,-0.732,350.000,300.000,-1,300.000,325.000,275.000,275.000,325.000,325.000,-1,300.000,300.000,-1,425.000,400.000,350.000,325.000,1,1,2,1,1,1,1,0,0,2,0,0,2,1,1,1,1
35,6562.905,2953.194,-33.342,-180.733,-0.999777,-0.012782,0.016821,0.012288,-0.999499,-0.029179,0.017186,-0.028966,0.999433,0,1.00000,-0.37080,60.000,-0.742,300.000,300.000,-1,275.000,275.000,275.000,250.000,300.000,300.000,-1,300.000,275.000,-1,400.000,350.000,300.000,250.000,1,1,2,1,1,1,1,0,0,2,0,0,2,1,1,1,1
36,6502.924,2954.751,-25.924,-181.485,-0.998992,-0.025912,0.036658,0.024833,-0.999254,-0.029584,0.037397,-0.028643,0.998890,0,1.00000,-0.37636,60.000,-0.753,275.000,300.000,-1,275.000,250.000,300.000,275.000,325.000,325.000,-1,225.000,200.000,-1,425.000,375.000,300.000,250.000,1,1,2,1,1,1,1,0,0,2,0,0,2,1,1,1,1
37,6442.967,2957.108,-17.605,-182.250,-0.997493,-0.039240,0.058897,0.037297,-0.998735,-0.033732,0.060146,-0.031451,0.997694,0,1.00000,-0.38228,60.000,-0.765,275.000,350.000,-1,300.000,250.000,350.000,300.000,350.000,375.000,-1,175.000,175.000,-1,475.000,375.000,300.000,250.000,1,1,2,1,1,1,1,0,0,2,0,0,2,1,1,1,1
38,6383.047,2960.278,-9.229,-183.027,-0.995325,-0.052776,0.080888,0.049673,-0.997968,-0.039917,0.082830,-0.035712,0.995924,0,1.00000,-0.38862,60.000,-0.777,275.000,375.000,-1,300.000,225.000,400.000,325.000,375.000,400.000,-1,150.000,150.000,-1,525.000,400.000,325.000,250.000,1,1,2,1,1,1,1,0,0,2,0,0,2,1,1,1,1
39,6323.175,2964.274,-0.791,-183.818,-0.992505,-0.066531,0.102505,0.061830,-0.996913,-0.048379,0.105407,-0.041679,0.993555,0,1.00000,-0.39545,60.000,-0.791,275.000,400.000,-1,300.000,225.000,475.000,325.000,375.000,425.000,950.000,100.000,125.000,-1,625.000,400.000,350.000,250.000,1,1,2,1,1,1,1,0,1,0,0,0,2,1,1,1,1
40,983.878,6231.368,93.402,155.705,-0.905462,-0.410982,0.105982,0.401727,-0.910455,-0.098425,0.136943,-0.046544,0.989485,1,0.00000,0.00000,60.000,-0.806,475.000,375.000,350.000,175.000,175.000,250.000,175.000,175.000,525.000,525.000,75.000,150.000,-1,525.000,200.000,750.000,150.000,1,1,1,1,1,1,1,1,1,0,0,0,2,1,1,1,1
41,981.191,324.002,65.381,-124.328,-0.563932,0.825818,0.002266,-0.825811,-0.563937,0.003406,0.004090,0.000050,0.999992,1,0.08000,0.12000,4.800,0.240,-1,425.000,-1,400.000,-1,325.000,325.000,300.000,300.000,525.000,900.000,-1,-1,925.000,800.000,-1,-1,2,0,2,0,2,0,0,0,0,1,1,2,2,0,0,2,2
42,975.844,316.029,65.397,-123.848,-0.556995,0.830513,0.002091,-0.830508,-0.556999,0.003059,0.003706,-0.000033,0.999993,0,0.16000,0.24000,9.600,0.480,-1,425.000,-1,400.000,-1,325.000,325.000,300.000,300.000,525.000,950.000,-1,-1,925.000,825.000,-1,-1,2,0,2,0,2,0,0,0,0,1,1,2,2,0,0,2,2
43,967.932,303.998,65.432,-123.330,-0.549456,0.835520,0.001838,-0.835517,-0.549459,0.002526,0.003120,-0.000147,0.999995,0,0.24000,0.25927,14.400,0.519,-1,425.000,-1,400.000,-1,325.000,325.000,300.000,300.000,550.000,-1,-1,-1,925.000,825.000,-1,-1,2,0,2,0,2,0,0,0,0,1,2,2,2,0,0,2,2
44,957.526,287.862,65.493,-122.818,-0.541974,0.840394,0.001508,-0.840392,-0.541976,0.001798,0.002328,-0.000293,0.999997,0,0.32000,0.25585,19.200,0.512,-1,425.000,-1,400.000,-1,325.000,325.000,300.000,300.000,550.000,-1,-1,-1,925.000,825.000,-1,-1,2,0,2,0,2,0,0,0,0,1,2,2,2,0,0,2,2
45,944.696,267.579,65.579,-122.316,-0.534583,0.845115,0.001106,-0.845115,-0.534584,0.000868,0.001325,-0.000471,0.999999,0,0.40000,0.25127,24.000,0.503,-1,425.000,-1,400.000,-1,325.000,325.000,300.000,300.000,575.000,-1,-1,-1,925.000,825.000,-1,-1,2,0,2,0,2,0,0,0,0,1,2,2,2,0,0,2,2
46,929.509,243.109,65.695,-121.825,-0.527322,0.849666,0.000635,-0.849666,-0.527321,-0.000271,0.000105,-0.000682,1.000000,0,0.48000,0.24551,28.800,0.491,-1,425.000,-1,400.000,-1,325.000,325.000,300.000,300.000,600.000,-1,-1,-1,925.000,825.000,-1,-1,2,0,2,0,2,0,0,0,0,1,2,2,2,0,0,2,2
47,912.030,214.414,65.851,-121.348,-0.520230,0.854026,0.000082,-0.854025,-0.520229,-0.001581,-0.001308,-0.000892,0.999999,0,0.56000,0.23852,33.600,0.477,-1,425.000,-1,400.000,-1,325.000,325.000,325.000,300.000,625.000,-1,-1,-1,925.000,825.000,-1,-1,2,0,2,0,2,0,0,0,0,1,2,2,2,1,0,2,2
48,894.551,185.194,65.964,-120.887,-0.513349,0.858180,-0.000179,-0.858176,-0.513348,-0.002881,-0.002564,-0.001325,0.999996,0,0.56748,0.23025,34.049,0.461,-1,425.000,-1,400.000,-1,325.000,325.000,325.000,300.000,650.000,-1,-1,-1,900.000,825.000,-1,-1,2,0,2,0,2,0,0,0,0,1,2,2,2,1,0,2,2
49,877.258,155.770,65.922,-120.444,-0.506695,0.862125,0.000419,-0.862119,-0.506689,-0.004084,-0.003309,-0.002431,0.999992,0,0.56882,0.22173,34.129,0.443,-1,425.000,-1,400.000,-1,325.000,325.000,325.000,300.000,650.000,-1,-1,-1,900.000,825.000,-1,-1,2,0,2,0,2,0,0,0,0,1,2,2,2,1,0,2,2
50,860.137,126.138,65.885,-120.018,-0.500273,0.865867,0.001048,-0.865858,-0.500262,-0.005298,-0.004063,-0.003558,0.999985,0,0.57037,0.21306,34.222,0.426,-1,425.000,-1,400.000,-1,325.000,325.000,300.000,300.000,675.000,-1,-1,-1,875.000,850.000,-1,-1,2,0,2,0,2,0,0,0,0,1,2,2,2,1,0,2,2
51,843.176,96.292,65.853,-119.609,-0.494094,0.869407,0.001707,-0.869395,-0.494074,-0.006520,-0.004825,-0.004705,0.999977,0,0.57215,0.20422,34.329,0.408,-1,425.000,-1,400.000,-1,325.000,325.000,300.000,300.000,700.000,-1,-1,-1,850.000,850.000,-1,-1,2,0,2,0,2,0,0,0,0,1,2,2,2,1,0,2,2
52,826.361,66.226,65.677,-119.219,-0.488169,0.872745,0.002691,-0.872728,-0.488133,-0.008480,-0.006087,-0.006488,0.999960,0,0.57414,0.19523,34.448,0.390,-1,425.000,-1,400.000,-1,325.000,325.000,300.000,300.000,725.000,-1,-1,-1,825.000,850.000,-1,-1,2,0,2,0,2,0,0,0,0,1,2,2,2,1,0,2,2
53,809.677,35.937,65.446,-118.847,-0.482508,0.875883,0.003834,-0.875859,-0.482447,-0.010736,-0.007554,-0.008538,0.999935,0,0.57634,0.18607,34.580,0.372,-1,425.000,-1,400.000,-1,325.000,325.000,300.000,300.000,725.000,-1,-1,-1,800.000,850.000,-1,-1,2,0,2,0,2,0,0,0,0,1,2,2,2,1,0,2,2
54,793.112,5.417,65.219,-118.493,-0.477117,0.878826,0.005019,-0.878794,-0.477025,-0.013004,-0.009034,-0.010615,0.999903,0,0.57876,0.17674,34.725,0.353,-1,425.000,-1,400.000,-1,325.000,325.000,300.000,300.000,750.000,-1,-1,-1,775.000,850.000,-1,-1,2,0,2,0,2,0,0,0,0,1,2,2,2,1,0,2,2
55,776.650,-25.338,64.995,-118.159,-0.472004,0.881574,0.006245,-0.881533,-0.471874,-0.015285,-0.010528,-0.012720,0.999864,0,0.58139,0.16725,34.883,0.335,-1,425.000,-1,400.000,-1,325.000,325.000,300.000,300.000,775.000,-1,-1,-1,775.000,850.000,-1,-1,2,0,2,0,2,0,0,0,0,1,2,2,2,1,0,2,2
56,760.278,-56.334,64.774,-117.843,-0.467180,0.884130,0.007511,-0.884080,-0.467004,-0.017580,-0.012035,-0.014853,0.999817,0,0.58424,0.15759,35.054,0.315,-1,425.000,-1,400.000,-1,325.000,325.000,300.000,300.000,800.000,-1,-1,-1,750.000,875.000,-1,-1,2,0,2,0,2,0,0,0,0,1,2,2,2,1,0,2,2
57,743.982,-87.577,64.371,-117.548,-0.462638,0.886507,0.008460,-0.886452,-0.462427,-0.019087,-0.013009,-0.016329,0.999782,0,0.58730,0.14775,35.238,0.296,-1,425.000,-1,400.000,-1,325.000,325.000,300.000,325.000,825.000,-1,-1,-1,725.000,875.000,-1,-1,2,0,2,0,2,0,0,0,0,1,2,2,2,1,0,2,2
58,727.745,-119.072,63.835,-117.272,-0.458388,0.888705,0.009175,-0.888648,-0.458152,-0.020031,-0.013598,-0.017336,0.999757,0,0.59058,0.13774,35.435,0.275,-1,425.000,-1,400.000,-1,325.000,325.000,300.000,325.000,850.000,-1,-1,-1,700.000,875.000,1000.000,-1,2,0,2,0,2,0,0,0,0,1,2,2,2,1,0,1,2
59,709.376,-154.869,63.197,-117.165,-0.456742,0.889545,0.009823,-0.889484,-0.456477,-0.021151,-0.014331,-0.018398,0.999728,0,0.67058,0.05367,40.235,0.107,-1,425.000,-1,425.000,-1,325.000,325.000,300.000,325.000,875.000,-1,-1,-1,675.000,875.000,950.000,-1,2,0,2,0,2,0,0,0,0,1,2,2,2,1,1,1,2
60,689.366,-194.023,62.209,-117.069,-0.455273,0.890305,0.009146,-0.890208,-0.454990,-0.022660,-0.016013,-0.018458,0.999701,0,0.73285,0.04786,43.971,0.096,-1,425.000,-1,400.000,-1,325.000,325.000,300.000,325.000,900.000,-1,-1,-1,650.000,825.000,875.000,-1,2,0,2,0,2,0,0,0,0,1,2,2,2,1,1,1,2
61,669.195,-233.635,61.131,-116.986,-0.453997,0.890967,0.008068,-0.890822,-0.453703,-0.024270,-0.017964,-0.018206,0.999673,0,0.74086,0.04147,44.452,0.083,-1,400.000,1000.000,400.000,-1,325.000,325.000,300.000,325.000,950.000,-1,-1,-1,625.000,800.000,825.000,-1,2,0,1,0,2,0,0,0,0,1,2,2,2,1,1,1,2
62,646.726,-277.462,59.955,-117.143,-0.456449,0.889723,0.006865,-0.889524,-0.456146,-0.026059,-0.020054,-0.018001,0.999637,0,0.82086,-0.07853,49.252,-0.157,-1,400.000,950.000,400.000,-1,325.000,325.000,300.000,325.000,1000.000,-1,-1,-1,575.000,750.000,750.000,-1,2,0,1,0,2,0,0,0,0,1,2,2,2,1,1,1,2
63,621.733,-325.389,58.685,-117.540,-0.462613,0.886543,0.005510,-0.886281,-0.462302,-0.028000,-0.022276,-0.017837,0.999593,0,0.90086,-0.19853,54.052,-0.397,-1,400.000,875.000,400.000,-1,325.000,325.000,300.000,300.000,-1,-1,-1,-1,550.000,700.000,675.000,1000.000,2,1,1,0,2,0,0,0,0,2,2,2,2,1,1,1,1
64,594.849,-375.576,57.376,-118.178,-0.472446,0.881350,0.004022,-0.881018,-0.472131,-0.029995,-0.024537,-0.017714,0.999542,0,0.94891,-0.31853,56.934,-0.637,825.000,375.000,825.000,400.000,-1,325.000,325.000,300.000,300.000,-1,-1,-1,-1,500.000,650.000,600.000,925.000,1,1,1,0,2,0,0,0,0,2,2,2,2,1,1,1,1
65,567.079,-426.008,56.101,-118.839,-0.482585,0.875846,0.002346,-0.875437,-0.482274,-0.031976,-0.026874,-0.017485,0.999486,0,0.95952,-0.33065,57.571,-0.661,650.000,350.000,750.000,400.000,-1,325.000,325.000,325.000,300.000,-1,-1,-1,-1,450.000,625.000,500.000,850.000,1,1,1,0,2,1,0,0,0,2,2,2,2,1,1,1,1
66,538.393,-476.683,54.814,-119.513,-0.492857,0.870110,0.000714,-0.869622,-0.492553,-0.033898,-0.029144,-0.017328,0.999425,0,0.97051,-0.33728,58.231,-0.675,525.000,325.000,700.000,400.000,-1,300.000,325.000,325.000,300.000,-1,-1,-1,-1,425.000,575.000,450.000,775.000,1,1,1,0,2,1,0,0,0,2,2,2,2,1,1,1,1
67,508.761,-527.596,53.167,-120.201,-0.503288,0.864118,0.000921,-0.863590,-0.502943,-0.035498,-0.030211,-0.018661,0.999369,0,0.98181,-0.34366,58.908,-0.687,425.000,300.000,650.000,375.000,-1,275.000,300.000,325.000,300.000,-1,-1,-1,-1,375.000,525.000,375.000,725.000,1,1,1,1,2,1,1,0,0,2,2,2,2,1,1,1,1
68,478.154,-578.735,52.139,-120.900,-0.513762,0.857933,-0.000048,-0.857433,-0.513464,-0.034115,-0.029293,-0.017486,0.999418,0,0.99331,-0.34969,59.599,-0.699,350.000,275.000,600.000,350.000,-1,250.000,275.000,325.000,300.000,-1,-1,-1,-1,350.000,500.000,300.000,650.000,1,1,1,1,2,1,1,0,0,2,2,2,2,1,1,1,1
69,446.704,-629.831,53.339,-121.611,-0.524156,0.851608,-0.004936,-0.851360,-0.524130,-0.021779,-0.021134,-0.007213,0.999751,0,1.00000,-0.35525,60.000,-0.711,325.000,250.000,575.000,350.000,-1,225.000,275.000,350.000,300.000,-1,-1,-1,-1,325.000,475.000,275.000,625.000,1,1,1,1,2,1,1,0,0,2,2,2,2,1,1,1,1
70,416.995,-676.354,54.878,-122.561,-0.538120,0.842812,-0.009749,-0.842781,-0.538195,-0.008166,-0.012129,0.003822,0.999919,0,0.92000,-0.47525,55.200,-0.951,300.000,250.000,550.000,325.000,-1,225.000,250.000,375.000,300.000,-1,-1,-1,-1,325.000,450.000,250.000,600.000,1,1,1,1,2,1,1,1,0,2,2,2,2,1,1,1,1
71,388.994,-718.260,56.692,-123.752,-0.555560,0.831356,-0.014165,-0.831473,-0.555528,0.006486,-0.002477,0.015381,0.999879,0,0.84000,-0.59525,50.400,-1.191,275.000,250.000,550.000,325.000,-1,225.000,250.000,400.000,300.000,-1,-1,825.000,-1,325.000,425.000,250.000,650.000,1,1,1,1,2,1,1,1,0,2,2,0,2,1,1,1,1
72,362.724,-755.532,58.522,-125.182,-0.576345,0.817006,-0.018108,-0.817166,-0.575952,0.022784,0.008185,0.027929,0.999576,0,0.76000,-0.71525,45.600,-1.431,250.000,225.000,550.000,300.000,-1,225.000,250.000,450.000,275.000,-1,525.000,175.000,-1,325.000,425.000,225.000,-1,1,1,1,1,2,1,1,1,0,2,0,0,2,1,1,1,2
73,338.259,-788.184,60.431,-126.853,-0.600274,0.799518,-0.021011,-0.799563,-0.599262,0.039807,0.019235,0.040695,0.998986,0,0.68000,-0.83525,40.800,-1.671,250.000,225.000,550.000,300.000,-1,225.000,250.000,475.000,275.000,-1,325.000,125.000,-1,325.000,425.000,200.000,-1,1,1,1,1,2,1,1,1,0,2,0,0,2,1,1,1,2
74,315.792,-816.314,62.284,-128.627,-0.625202,0.780138,-0.022524,-0.779897,-0.623389,0.056108,0.029731,0.052645,0.998171,0,0.60000,-0.88743,36.000,-1.775,225.000,250.000,575.000,300.000,-1,225.000,250.000,500.000,275.000,-1,275.000,100.000,750.000,325.000,450.000,200.000,-1,1,1,1,1,2,1,1,1,0,2,0,0,0,1,1,1,2
75,295.585,-840.088,63.296,-130.377,-0.649075,0.760404,-0.022075,-0.759821,-0.646618,0.067503,0.037055,0.060587,0.997475,0,0.52000,-0.87456,31.200,-1.749,200.000,225.000,575.000,300.000,-1,225.000,250.000,500.000,250.000,-1,275.000,75.000,625.000,325.000,475.000,200.000,-1,1,1,1,1,2,1,1,1,0,2,0,0,0,1,1,1,2
76,277.890,-859.682,64.178,-132.101,-0.671969,0.740290,-0.020693,-0.739308,-0.668918,0.077274,0.043363,0.067225,0.996795,0,0.44000,-0.86203,26.400,-1.724,200.000,225.000,575.000,325.000,-1,225.000,250.000,475.000,250.000,-1,250.000,50.000,550.000,325.000,575.000,200.000,-1,1,1,1,1,2,1,1,1,0,2,0,0,0,1,1,1,2
77,4263.320,-6887.398,-209.951,115.355,-0.418668,-0.886445,0.197312,0.906749,-0.420060,0.036827,0.050238,0.194330,0.979649,1,0.00000,0.00000,21.600,-1.700,350.000,350.000,-1,475.000,-1,325.000,350.000,225.000,225.000,-1,500.000,225.000,350.000,-1,1000.000,-1,-1,1,1,2,1,2,1,1,1,0,2,0,0,0,2,1,2,2
78,-9509.042,-4267.934,-174.515,114.321,-0.411887,-0.911127,0.014063,0.911232,-0.411797,0.008870,-0.002290,0.016468,0.999862,1,-0.08000,-0.12000,-4.800,-0.240,-1,375.000,-1,375.000,-1,325.000,325.000,300.000,300.000,700.000,-1,-1,-1,700.000,675.000,-1,-1,2,0,2,0,2,0,0,0,0,1,2,2,2,0,0,2,2
79,-9505.131,-4276.701,-174.506,114.041,-0.407432,-0.913129,0.013967,0.913232,-0.407340,0.009007,-0.002536,0.016425,0.999862,0,-0.16000,-0.14001,-9.600,-0.280,-1,375.000,-1,375.000,-1,325.000,325.000,300.000,300.000,675.000,-1,-1,-1,700.000,675.000,-1,-1,2,0,2,0,2,0,0,0,0,1,2,2,2,0,0,2,2
80,-9500.666,-4286.842,-174.494,113.763,-0.402998,-0.915096,0.013855,0.915196,-0.402904,0.009166,-0.002805,0.016374,0.999862,0,-0.18467,-0.13903,-11.080,-0.278,-1,375.000,-1,375.000,-1,325.000,325.000,300.000,300.000,675.000,-1,-1,-1,700.000,675.000,-1,-1,2,0,2,0,2,0,0,0,0,1,2,2,2,0,0,2,2
81,-9496.238,-4297.031,-174.482,113.487,-0.398592,-0.917025,0.013746,0.917123,-0.398494,0.009323,-0.003071,0.016323,0.999862,0,-0.18517,-0.13790,-11.110,-0.276,-1,375.000,-1,375.000,-1,325.000,325.000,300.000,300.000,675.000,-1,-1,-1,700.000,675.000,-1,-1,2,0,2,0,2,0,0,0,0,1,2,2,2,0,0,2,2
82,-9491.847,-4307.269,-174.467,113.214,-0.394212,-0.918918,0.013639,0.919013,-0.394112,0.009479,-0.003335,0.016271,0.999862,0,-0.18565,-0.13677,-11.139,-0.274,-1,375.000,-1,375.000,-1,325.000,325.000,300.000,300.000,675.000,-1,-1,-1,700.000,675.000,-1,-1,2,0,2,0,2,0,0,0,0,1,2,2,2,0,0,2,2
83,-9487.494,-4317.553,-174.452,112.943,-0.389860,-0.920775,0.013534,0.920867,-0.389757,0.009634,-0.003596,0.016219,0.999862,0,-0.18613,-0.13564,-11.168,-0.271,-1,375.000,-1,375.000,-1,325.000,325.000,300.000,300.000,650.000,-1,-1,-1,700.000,675.000,-1,-1,2,0,2,0,2,0,0,0,0,1,2,2,2,0,0,2,2
84,-9483.178,-4327.884,-174.435,112.674,-0.385535,-0.922595,0.013431,0.922685,-0.385430,0.009788,-0.003853,0.016166,0.999862,0,-0.18660,-0.13451,-11.196,-0.269,-1,375.000,-1,375.000,-1,325.000,325.000,300.000,300.000,650.000,-1,-1,-1,700.000,675.000,-1,-1,2,0,2,0,2,0,0,0,0,1,2,2,2,0,0,2,2
85,-9478.899,-4338.261,-174.417,112.407,-0.381238,-0.924381,0.013330,0.924468,-0.381131,0.009940,-0.004108,0.016113,0.999862,0,-0.18706,-0.13338,-11.224,-0.267,-1,375.000,-1,375.000,-1,325.000,325.000,300.000,300.000,650.000,-1,-1,-1,700.000,675.000,-1,-1,2,0,2,0,2,0,0,0,0,1,2,2,2,0,0,2,2
86,-9474.659,-4348.682,-174.397,112.142,-0.376970,-0.926131,0.013231,0.926215,-0.376860,0.010092,-0.004360,0.016059,0.999862,0,-0.18752,-0.13224,-11.251,-0.264,-1,375.000,-1,375.000,-1,325.000,325.000,300.000,300.000,650.000,-1,-1,-1,700.000,675.000,-1,-1,2,0,2,0,2,0,0,0,0,1,2,2,2,0,0,2,2
87,-9470.456,-4359.147,-174.377,111.880,-0.372730,-0.927847,0.013135,0.927928,-0.372618,0.010242,-0.004609,0.016006,0.999861,0,-0.18796,-0.13111,-11.278,-0.262,-1,375.000,-1,375.000,-1,325.000,325.000,300.000,300.000,625.000,-1,-1,-1,700.000,675.000,-1,-1,2,0,2,0,2,0,0,0,0,1,2,2,2,0,0,2,2
88,-9466.291,-4369.656,-174.354,111.620,-0.368519,-0.929529,0.013040,0.929607,-0.368405,0.010391,-0.004855,0.015951,0.999861,0,-0.18839,-0.12997,-11.304,-0.260,-1,375.000,-1,375.000,-1,325.000,325.000,300.000,300.000,625.000,-1,-1,-1,700.000,675.000,-1,-1,2,0,2,0,2,0,0,0,0,1,2,2,2,0,0,2,2
89,-9462.164,-4380.206,-174.331,111.362,-0.364338,-0.931177,0.012947,0.931253,-0.364221,0.010539,-0.005099,0.015897,0.999861,0,-0.18882,-0.12884,-11.329,-0.258,-1,375.000,-1,375.000,-1,325.000,325.000,300.000,300.000,625.000,-1,-1,-1,700.000,675.000,-1,-1,2,0,2,0,2,0,0,0,0,1,2,2,2,0,0,2,2
90,-9458.076,-4390.798,-174.306,111.107,-0.360186,-0.932792,0.012856,0.932865,-0.360067,0.010686,-0.005339,0.015842,0.999860,0,-0.18923,-0.12770,-11.354,-0.255,-1,375.000,-1,375.000,-1,325.000,325.000,300.000,300.000,600.000,-1,-1,-1,700.000,700.000,-1,-1,2,0,2,0,2,0,0,0,0,1,2,2,2,0,0,2,2
91,-9454.026,-4401.430,-174.280,110.854,-0.356063,-0.934375,0.012767,0.934445,-0.355942,0.010832,-0.005577,0.015786,0.999860,0,-0.18963,-0.12657,-11.378,-0.253,-1,375.000,-1,375.000,-1,325.000,325.000,300.000,300.000,600.000,-1,-1,-1,700.000,700.000,-1,-1,2,0,2,0,2,0,0,0,0,1,2,2,2,0,0,2,2
92,-9450.014,-4412.102,-174.253,110.603,-0.351971,-0.935925,0.012679,0.935993,-0.351848,0.010976,-0.005811,0.015731,0.999859,0,-0.19002,-0.12544,-11.401,-0.251,-1,375.000,-1,375.000,-1,325.000,325.000,300.000,300.000,600.000,-1,-1,-1,700.000,700.000,-1,-1,2,0,2,0,2,0,0,0,0,1,2,2,2,0,0,2,2
93,-9446.040,-4422.812,-174.224,110.354,-0.347909,-0.937444,0.012594,0.937509,-0.347784,0.011119,-0.006043,0.015675,0.999859,0,-0.19039,-0.12430,-11.424,-0.249,-1,375.000,-1,375.000,-1,325.000,325.000,300.000,300.000,600.000,-1,-1,-1,700.000,700.000,-1,-1,2,0,2,0,2,0,0,0,0,1,2,2,2,0,0,2,2
94,-9442.105,-4433.560,-174.194,110.108,-0.343878,-0.938931,0.012510,0.938993,-0.343751,0.011260,-0.006272,0.015619,0.999858,0,-0.19076,-0.12317,-11.445,-0.246,-1,375.000,-1,375.000,-1,325.000,325.000,300.000,300.000,575.000,-1,-1,-1,700.000,700.000,-1,-1,2,0,2,0,2,0,0,0,0,1,2,2,2,0,0,2,2
95,-9438.209,-4444.344,-174.163,109.864,-0.339877,-0.940388,0.012428,0.940447,-0.339748,0.011400,-0.006498,0.015562,0.999858,0,-0.19111,-0.12204,-11.466,-0.244,-1,375.000,-1,375.000,-1,325.000,325.000,300.000,300.000,575.000,-1,-1,-1,700.000,700.000,-1,-1,2,0,2,0,2,0,0,0,0,1,2,2,2,0,0,2,2
96,-9434.352,-4455.163,-174.130,109.622,-0.335907,-0.941814,0.012347,0.941871,-0.335776,0.011539,-0.006722,0.015505,0.999857,0,-0.19144,-0.12091,-11.487,-0.242,-1,375.000,-1,375.000,-1,325.000,325.000,300.000,300.000,575.000,-1,-1,-1,700.000,700.000,-1,-1,2,0,2,0,2,0,0,0,0,1,2,2,2,0,0,2,2
97,-9430.533,-4466.017,-174.096,109.383,-0.331968,-0.943211,0.012268,0.943265,-0.331835,0.011677,-0.006943,0.015448,0.999857,0,-0.19177,-0.11978,-11.506,-0.240,-1,375.000,-1,375.000,-1,325.000,325.000,300.000,300.000,575.000,-1,-1,-1,700.000,700.000,-1,-1,2,0,2,0,2,0,0,0,0,1,2,2,2,0,0,2,2
98,-9426.754,-4476.904,-174.061,109.145,-0.328061,-0.944578,0.012191,0.944630,-0.327926,0.011813,-0.007160,0.015391,0.999856,0,-0.19208,-0.11866,-11.525,-0.237,-1,375.000,-1,375.000,-1,325.000,325.000,300.000,300.000,550.000,-1,-1,-1,700.000,700.000,-1,-1,2,0,2,0,2,0,0,0,0,1,2,2,2,0,0,2,2
99,-9423.013,-4487.824,-174.010,108.910,-0.324184,-0.945915,0.012189,0.945966,-0.324048,0.011921,-0.007326,0.015395,0.999855,0,-0.19237,-0.11754,-11.542,-0.235,-1,375.000,-1,375.000,-1,325.000,325.000,300.000,300.000,550.000,-1,-1,-1,700.000,700.000,-1,-1,2,0,2,0,2,0,0,0,0,1,2,2,2,0,0,2,2
100,-9419.311,-4498.774,-173.939,108.677,-0.320339,-0.947223,0.012277,0.947274,-0.320201,0.011995,-0.007431,0.015472,0.999853,0,-0.19265,-0.11642,-11.559,-0.233,-1,375.000,-1,375.000,-1,325.000,325.000,300.000,300.000,550.000,-1,-1,-1,700.000,700.000,-1,-1,2,0,2,0,2,0,0,0,0,1,2,2,2,0,0,2,2
101,-9415.649,-4509.754,-173.868,108.447,-0.316526,-0.948503,0.012366,0.948554,-0.316386,0.012067,-0.007533,0.015549,0.999851,0,-0.19291,-0.11530,-11.575,-0.231,-1,375.000,-1,375.000,-1,325.000,325.000,300.000,300.000,550.000,-1,-1,-1,700.000,700.000,-1,-1,2,0,2,0,2,0,0,0,0,1,2,2,2,0,0,2,2
102,-9412.025,-4520.762,-173.795,108.218,-0.312745,-0.949756,0.012456,0.949807,-0.312602,0.012136,-0.007633,0.015626,0.999849,0,-0.19316,-0.11418,-11.590,-0.228,-1,375.000,-1,375.000,-1,325.000,325.000,300.000,300.000,525.000,-1,-1,-1,700.000,700.000,-1,-1,2,0,2,0,2,0,0,0,0,1,2,2,2,0,0,2,2
103,-9408.441,-4531.798,-173.721,107.992,-0.308995,-0.950981,0.012548,0.951032,-0.308851,0.012205,-0.007731,0.015704,0.999847,0,-0.19339,-0.11307,-11.603,-0.226,-1,375.000,-1,375.000,-1,325.000,325.000,300.000,300.000,525.000,-1,-1,-1,700.000,700.000,-1,-1,2,0,2,0,2,0,0,0,0,1,2,2,2,0,0,2,2
104,-9404.896,-4542.861,-173.563,107.768,-0.305284,-0.952174,0.012876,0.952227,-0.305130,0.012624,-0.008092,0.016115,0.999837,0,-0.19360,-0.11196,-11.616,-0.224,-1,375.000,-1,375.000,-1,325.000,325.000,300.000,300.000,525.000,-1,-1,-1,700.000,700.000,-1,-1,2,0,2,0,2,0,0,0,0,1,2,2,2,0,0,2,2
105,-9401.391,-4553.947,-173.411,107.547,-0.301604,-0.953342,0.013189,0.953396,-0.301441,0.013013,-0.008430,0.016499,0.999828,0,-0.19380,-0.11086,-11.628,-0.222,-1,375.000,-1,375.000,-1,325.000,325.000,300.000,300.000,525.000,-1,-1,-1,725.000,725.000,-1,-1,2,0,2,0,2,0,0,0,0,1,2,2,2,0,0,2,2
106,-9397.925,-4565.058,-173.263,107.327,-0.297956,-0.954484,0.013488,0.954540,-0.297784,0.013370,-0.008745,0.016858,0.999820,0,-0.19398,-0.10976,-11.639,-0.220,-1,375.000,-1,375.000,-1,325.000,325.000,300.000,300.000,525.000,-1,-1,-1,725.000,725.000,-1,-1,2,0,2,0,2,0,0,0,0,1,2,2,2,0,0,2,2
107,-9394.498,-4576.191,-173.121,107.110,-0.294340,-0.955602,0.013771,0.955658,-0.294160,0.013697,-0.009038,0.017192,0.999811,0,-0.19414,-0.10867,-11.648,-0.217,-1,375.000,-1,375.000,-1,325.000,325.000,300.000,300.000,525.000,-1,-1,-1,725.000,725.000,-1,-1,2,0,2,0,2,0,0,0,0,1,2,2,2,0,0,2,2
108,-9392.480,-4582.735,-173.044,107.132,-0.294721,-0.955482,0.013916,0.955540,-0.294537,0.013857,-0.009142,0.017381,0.999807,0,-0.11414,0.01133,-6.848,0.023,-1,375.000,-1,375.000,-1,325.000,325.000,300.000,300.000,525.000,-1,-1,-1,725.000,725.000,-1,-1,2,0,2,0,2,0,0,0,0,1,2,2,2,0,0,2,2
109,-9391.868,-4584.690,-173.031,107.395,-0.299098,-0.954121,0.013929,0.954179,-0.298914,0.013867,-0.009068,0.017438,0.999807,0,-0.03414,0.13133,-2.048,0.263,-1,375.000,-1,375.000,-1,325.000,325.000,300.000,300.000,525.000,-1,-1,-1,725.000,725.000,-1,-1,2,0,2,0,2,0,0,0,0,1,2,2,2,0,0,2,2
110,-9392.714,-4582.071,-173.074,107.898,-0.307454,-0.951463,0.013824,0.951522,-0.307273,0.013745,-0.008830,0.017380,0.999810,0,0.04586,0.25133,2.752,0.503,-1,375.000,-1,375.000,-1,325.000,325.000,300.000,300.000,525.000,-1,-1,-1,725.000,725.000,-1,-1,2,0,2,0,2,0,0,0,0,1,2,2,2,0,0,2,2
111,-9395.127,-4574.916,-173.168,108.640,-0.319755,-0.947402,0.013623,0.947463,-0.319581,0.013510,-0.008445,0.017227,0.999816,0,0.12586,0.37133,7.552,0.743,-1,375.000,-1,375.000,-1,325.000,325.000,300.000,300.000,525.000,-1,-1,-1,725.000,725.000,-1,-1,2,0,2,0,2,0,0,0,0,1,2,2,2,0,0,2,2
112,-9399.230,-4563.265,-173.299,109.401,-0.332302,-0.943079,0.013360,0.943139,-0.332136,0.013198,-0.008009,0.016986,0.999824,0,0.20586,0.38046,12.352,0.761,-1,375.000,-1,375.000,-1,325.000,325.000,300.000,300.000,525.000,-1,-1,-1,725.000,725.000,-1,-1,2,0,2,0,2,0,0,0,0,1,2,2,2,0,0,2,2
113,-9405.142,-4547.165,-173.469,110.160,-0.344753,-0.938603,0.013030,0.938664,-0.344597,0.012787,-0.007512,0.016639,0.999833,0,0.28586,0.37937,17.152,0.759,-1,375.000,-1,375.000,-1,325.000,325.000,300.000,300.000,550.000,-1,-1,-1,725.000,700.000,-1,-1,2,0,2,0,2,0,0,0,0,1,2,2,2,0,0,2,2
114,-9412.978,-4526.659,-173.688,110.916,-0.357092,-0.933984,0.012603,0.934044,-0.356950,0.012212,-0.006908,0.016133,0.999846,0,0.36586,0.37786,21.952,0.756,-1,375.000,-1,375.000,-1,325.000,325.000,300.000,300.000,550.000,-1,-1,-1,700.000,700.000,-1,-1,2,0,2,0,2,0,0,0,0,1,2,2,2,0,0,2,2
115,-9422.855,-4501.798,-173.840,111.668,-0.369312,-0.929223,0.012377,0.929282,-0.369176,0.011974,-0.006557,0.015924,0.999852,0,0.44586,0.37593,26.752,0.752,-1,375.000,-1,375.000,-1,325.000,325.000,300.000,300.000,575.000,-1,-1,-1,700.000,700.000,-1,-1,2,0,2,0,2,0,0,0,0,1,2,2,2,0,0,2,2
116,-9434.886,-4472.630,-173.994,112.415,-0.381393,-0.924333,0.012161,0.924392,-0.381263,0.011750,-0.006224,0.015723,0.999857,0,0.52586,0.37357,31.552,0.747,-1,375.000,-1,375.000,-1,325.000,325.000,300.000,300.000,575.000,-1,-1,-1,700.000,700.000,-1,-1,2,0,2,0,2,0,0,0,0,1,2,2,2,0,0,2,2
117,-9449.181,-4439.207,-174.100,113.156,-0.393317,-0.919321,0.012230,0.919385,-0.393193,0.011382,-0.005655,0.015721,0.999860,0,0.60586,0.37076,36.352,0.742,-1,375.000,-1,375.000,-1,325.000,325.000,300.000,300.000,600.000,-1,-1,-1,700.000,700.000,-1,-1,2,0,2,0,2,0,0,0,0,1,2,2,2,0,0,2,2
118,-9465.848,-4401.582,-174.158,113.891,-0.405069,-0.914200,0.012578,0.914273,-0.404952,0.010877,-0.004850,0.015906,0.999862,0,0.68586,0.36748,41.152,0.735,-1,375.000,-1,375.000,-1,325.000,325.000,300.000,300.000,625.000,-1,-1,-1,700.000,675.000,-1,-1,2,0,2,0,2,0,0,0,0,1,2,2,2,0,0,2,2
119,-9484.991,-4359.807,-174.205,114.619,-0.416633,-0.908982,0.013013,0.909066,-0.416524,0.010284,-0.003928,0.016114,0.999862,0,0.76586,0.36371,45.952,0.727,-1,375.000,-1,375.000,-1,325.000,325.000,300.000,300.000,650.000,-1,-1,-1,700.000,675.000,-1,-1,2,0,2,0,2,0,0,0,0,1,2,2,2,0,0,2,2
120,-9506.710,-4313.937,-174.237,115.338,-0.427992,-0.903681,0.013546,0.903778,-0.427894,0.009596,-0.002876,0.016350,0.999862,0,0.84586,0.35942,50.752,0.719,-1,375.000,-1,375.000,-1,325.000,325.000,300.000,300.000,675.000,-1,-1,-1,700.000,675.000,-1,-1,2,0,2,0,2,0,0,0,0,1,2,2,2,0,0,2,2
121,-9530.232,-4265.809,-174.248,116.047,-0.439129,-0.898312,0.014166,0.898422,-0.439044,0.008831,-0.001713,0.016605,0.999861,0,0.89282,0.35457,53.569,0.709,-1,375.000,-1,375.000,-1,325.000,325.000,300.000,300.000,700.000,-1,-1,-1,700.000,675.000,-1,-1,2,0,2,0,2,0,0,0,0,1,2,2,2,0,0,2,2
122,-9554.373,-4217.906,-174.238,116.745,-0.450034,-0.892888,0.014845,0.893011,-0.449963,0.008024,-0.000485,0.016868,0.999858,0,0.89404,0.34934,53.642,0.699,-1,375.000,-1,375.000,-1,325.000,325.000,300.000,300.000,725.000,-1,-1,-1,700.000,650.000,-1,-1,2,0,2,0,2,0,0,0,0,1,2,2,2,0,0,2,2
123,-9576.702,-4174.466,-174.211,117.204,-0.457152,-0.889253,0.015524,0.889389,-0.457095,0.007252,0.000647,0.017122,0.999853,0,0.81404,0.22934,48.842,0.459,-1,375.000,-1,375.000,-1,325.000,325.000,300.000,300.000,750.000,-1,-1,-1,675.000,650.000,-1,-1,2,0,2,0,2,0,0,0,0,1,2,2,2,0,0,2,2
124,-9598.276,-4132.886,-174.146,117.423,-0.460524,-0.887500,0.016180,0.887645,-0.460484,0.006362,0.001804,0.017292,0.999849,0,0.78072,0.10934,46.843,0.219,-1,375.000,-1,375.000,-1,325.000,300.000,300.000,300.000,775.000,-1,-1,-1,675.000,650.000,-1,-1,2,0,2,0,2,0,0,0,0,1,2,2,2,0,0,2,2
125,-9619.870,-4091.229,-174.070,117.401,-0.460175,-0.887668,0.016875,0.887823,-0.460152,0.005429,0.002946,0.017480,0.999843,0,0.78202,-0.01066,46.921,-0.021,-1,375.000,-1,375.000,-1,325.000,300.000,300.000,300.000,775.000,-1,-1,-1,675.000,650.000,-1,-1,2,0,2,0,2,0,0,0,0,1,2,2,2,0,0,2,2
126,-9641.311,-4049.404,-173.930,117.140,-0.456105,-0.889757,0.017322,0.889918,-0.456099,0.004526,0.003874,0.017480,0.999840,0,0.78334,-0.13066,47.000,-0.261,-1,375.000,-1,375.000,-1,300.000,300.000,325.000,300.000,800.000,-1,-1,-1,675.000,650.000,-1,-1,2,0,2,0,2,0,0,0,0,1,2,2,2,0,0,2,2
127,-9662.421,-4007.318,-173.775,116.639,-0.448285,-0.893714,0.017744,0.893878,-0.448296,0.003577,0.004758,0.017464,0.999836,0,0.78473,-0.25066,47.084,-0.501,-1,375.000,-1,350.000,-1,300.000,300.000,300.000,300.000,850.000,-1,-1,-1,675.000,625.000,-1,-1,2,0,2,0,2,0,0,0,0,1,2,2,2,0,0,2,2
128,-9683.025,-3964.880,-173.242,115.898,-0.436656,-0.899461,0.017365,0.899604,-0.436706,0.000983,0.006699,0.016051,0.999849,0,0.78625,-0.37066,47.175,-0.741,-1,375.000,-1,375.000,-1,300.000,300.000,300.000,300.000,850.000,-1,-1,-1,675.000,650.000,-1,-1,2,0,2,0,2,0,0,0,0,1,2,2,2,0,0,2,2
129,-9703.065,-3922.060,-172.705,115.079,-0.423740,-0.905626,0.016895,0.905743,-0.423825,-0.001612,0.008621,0.014619,0.999856,0,0.78796,-0.40918,47.277,-0.818,-1,375.000,-1,375.000,-1,300.000,300.000,300.000,325.000,900.000,725.000,750.000,-1,650.000,650.000,-1,-1,2,0,2,0,2,0,0,0,0,1,0,0,2,0,0,2,2
130,-9722.532,-3878.841,-172.164,114.249,-0.410559,-0.911688,0.016326,0.911773,-0.410672,-0.004209,0.010541,0.013158,0.999858,0,0.79002,-0.41492,47.401,-0.830,-1,375.000,-1,375.000,-1,300.000,300.000,300.000,325.000,925.000,625.000,675.000,-1,650.000,650.000,-1,-1,2,0,2,0,2,0,0,0,0,1,0,0,2,0,0,2,2
131,-9741.422,-3835.206,-171.517,113.408,-0.397107,-0.917635,0.015901,0.917692,-0.397241,-0.006340,0.012135,0.012074,0.999853,0,0.79246,-0.42084,47.548,-0.842,-1,375.000,-1,375.000,-1,300.000,300.000,300.000,325.000,950.000,600.000,625.000,-1,650.000,650.000,-1,-1,2,0,2,0,2,0,0,0,0,1,0,0,2,0,0,2,2
