timestep,x_cm,y_cm,z_cm,yaw_deg,basis_xx,basis_xy,basis_xz,basis_yx,basis_yy,basis_yz,basis_zx,basis_zy,basis_zz,teleport_flag,throttle_cmd,steering_cmd,cmd_move_cm,cmd_turn_deg,lidar_cm_0,lidar_cm_1,lidar_cm_2,lidar_cm_3,lidar_cm_4,lidar_cm_5,lidar_cm_6,lidar_cm_7,lidar_cm_8,lidar_cm_9,lidar_cm_10,lidar_cm_11,lidar_cm_12,lidar_cm_13,lidar_cm_14,lidar_cm_15,lidar_cm_16,lidar_class_0,lidar_class_1,lidar_class_2,lidar_class_3,lidar_class_4,lidar_class_5,lidar_class_6,lidar_class_7,lidar_class_8,lidar_class_9,lidar_class_10,lidar_class_11,lidar_class_12,lidar_class_13,lidar_class_14,lidar_class_15,lidar_class_16
0,-4263.956,3602.843,-131.271,-94.910,-0.085954,0.995257,-0.045562,-0.996269,-0.085506,0.011693,0.007742,0.046397,0.998893,1,0.08000,0.12000,4.800,0.240,-1,400.000,-1,375.000,-1,325.000,325.000,300.000,300.000,-1,-1,-1,675.000,850.000,750.000,-1,-1,2,0,2,0,2,0,0,0,0,2,2,2,1,0,0,2,2
1,-4264.698,3593.272,-131.198,-94.430,-0.077617,0.995955,-0.045279,-0.996950,-0.077166,0.011627,0.008086,0.046043,0.998907,0,0.16000,0.24000,9.600,0.480,-1,400.000,-1,375.000,-1,325.000,325.000,300.000,300.000,-1,-1,-1,700.000,850.000,750.000,-1,-1,2,0,2,0,2,0,0,0,0,2,2,2,1,0,0,2,2
2,-4265.630,3578.903,-131.080,-93.710,-0.065102,0.996870,-0.044849,-0.997842,-0.064647,0.011524,0.008589,0.045502,0.998927,0,0.24000,0.36000,14.400,0.720,-1,400.000,-1,375.000,-1,325.000,325.000,300.000,300.000,-1,-1,-1,725.000,850.000,750.000,-1,-1,2,0,2,0,2,0,0,0,0,2,2,2,1,0,0,2,2
3,-4266.586,3559.727,-130.906,-92.855,-0.050217,0.997757,-0.044271,-0.998696,-0.049759,0.011380,0.009152,0.044785,0.998955,0,0.32000,0.42769,19.200,0.855,-1,400.000,-1,375.000,-1,325.000,325.000,300.000,300.000,-1,-1,-1,750.000,875.000,750.000,-1,-1,2,0,2,0,2,0,0,0,0,2,2,2,1,0,0,2,2
4,-4267.422,3535.741,-130.666,-91.994,-0.035221,0.998430,-0.043547,-0.999333,-0.034765,0.011192,0.009660,0.043912,0.998989,0,0.40000,0.43041,24.000,0.861,-1,400.000,-1,375.000,-1,325.000,325.000,300.000,300.000,-1,-1,-1,800.000,875.000,750.000,-1,-1,2,0,2,0,2,0,0,0,0,2,2,2,1,0,0,2,2
5,-4267.989,3506.947,-130.354,-91.127,-0.020093,0.998887,-0.042672,-0.999747,-0.019642,0.010955,0.010105,0.042881,0.999029,0,0.48000,0.43385,28.800,0.868,-1,400.000,-1,375.000,-1,325.000,325.000,300.000,300.000,-1,-1,775.000,850.000,875.000,750.000,-1,-1,2,0,2,0,2,0,0,0,0,2,2,1,1,0,0,2,2
6,-4268.136,3473.348,-129.965,-90.250,-0.004808,0.999121,-0.041641,-0.999934,-0.004367,0.010666,0.010475,0.041689,0.999076,0,0.56000,0.43803,33.600,0.876,1000.000,400.000,-1,375.000,-1,325.000,325.000,300.000,300.000,-1,-1,725.000,925.000,875.000,750.000,-1,-1,1,0,2,0,2,0,0,0,0,2,2,1,1,0,0,2,2
7,-4267.711,3434.950,-129.493,-89.365,0.010656,0.999125,-0.040447,-0.999885,0.011082,0.010321,0.010760,0.040332,0.999128,0,0.64000,0.44296,38.400,0.886,975.000,400.000,-1,400.000,-1,325.000,325.000,300.000,300.000,-1,-1,725.000,1000.000,875.000,750.000,-1,-1,1,0,2,0,2,0,0,0,0,2,2,1,1,0,0,2,2
8,-4266.556,3391.766,-128.935,-88.467,0.026323,0.998889,-0.039084,-0.999594,0.026729,0.009915,0.010949,0.038807,0.999187,0,0.72000,0.44866,43.200,0.897,925.000,400.000,-1,400.000,-1,325.000,325.000,300.000,300.000,-1,-1,725.000,-1,900.000,750.000,-1,975.000,1,0,2,0,2,0,0,0,0,2,2,1,2,0,0,2,1
9,-4264.511,3343.810,-128.287,-87.557,0.042216,0.998403,-0.037543,-0.999048,0.042598,0.009446,0.011030,0.037108,0.999250,0,0.80000,0.45514,48.000,0.910,900.000,425.000,-1,400.000,975.000,325.000,325.000,300.000,300.000,-1,-1,775.000,-1,900.000,775.000,-1,925.000,1,0,2,0,1,0,0,0,0,2,2,1,2,0,1,2,1
10,-4262.149,3300.367,-127.684,-86.887,0.053919,0.997891,-0.036138,-0.998485,0.054278,0.009011,0.010954,0.035597,0.999306,0,0.72511,0.33514,43.507,0.670,850.000,425.000,-1,400.000,925.000,325.000,325.000,300.000,300.000,-1,-1,800.000,-1,900.000,750.000,-1,875.000,1,0,2,0,1,0,0,0,0,2,2,1,2,0,1,2,1
11,-4259.453,3256.822,-127.285,-86.456,0.061441,0.997486,-0.035299,-0.998055,0.061772,0.008377,0.010536,0.034716,0.999342,0,0.72715,0.21514,43.629,0.430,825.000,425.000,-1,400.000,875.000,325.000,325.000,300.000,300.000,-1,-1,850.000,-1,900.000,725.000,-1,850.000,1,0,2,0,1,0,0,0,0,2,2,1,2,0,1,2,1
12,-4256.605,3213.185,-127.061,-86.266,0.064799,0.997319,-0.033995,-0.997852,0.065087,0.007452,0.009645,0.033439,0.999394,0,0.72883,0.09514,43.730,0.190,825.000,425.000,-1,400.000,825.000,325.000,325.000,300.000,300.000,-1,-1,900.000,-1,900.000,700.000,-1,800.000,1,0,2,0,1,0,0,0,0,2,2,1,2,0,1,2,1
13,-4253.791,3169.471,-126.840,-86.316,0.063979,0.997416,-0.032673,-0.997914,0.064225,0.006528,0.008610,0.032187,0.999445,0,0.73008,-0.02486,43.805,-0.050,800.000,425.000,-1,400.000,775.000,325.000,325.000,300.000,300.000,-1,-1,950.000,-1,900.000,675.000,-1,750.000,1,0,2,0,1,0,0,0,0,2,2,1,2,0,1,2,1
14,-4251.195,3125.698,-126.628,-86.605,0.058979,0.997767,-0.031347,-0.998231,0.059183,0.005609,0.007452,0.030961,0.999493,0,0.73083,-0.14486,43.850,-0.290,800.000,425.000,-1,400.000,725.000,325.000,325.000,300.000,300.000,-1,-1,1000.000,-1,900.000,650.000,-1,725.000,1,0,2,0,1,0,0,0,0,2,2,1,2,0,1,2,1
15,-4249.004,3081.892,-126.432,-87.135,0.049794,0.998308,-0.030033,-0.998740,0.049957,0.004700,0.006192,0.029761,0.999538,0,0.73101,-0.26486,43.860,-0.530,825.000,400.000,-1,400.000,700.000,325.000,325.000,300.000,300.000,-1,-1,-1,-1,900.000,625.000,-1,675.000,1,0,2,0,1,0,0,0,0,2,2,2,2,0,1,2,1
16,-4247.402,3038.090,-126.256,-87.905,0.036419,0.998923,-0.028749,-0.999325,0.036543,0.003804,0.004850,0.028591,0.999579,0,0.73052,-0.38486,43.831,-0.770,850.000,400.000,-1,400.000,650.000,325.000,325.000,300.000,300.000,-1,-1,-1,-1,900.000,600.000,-1,625.000,1,0,2,0,1,0,0,0,0,2,2,2,2,0,1,2,1
17,-4246.574,2994.339,-126.102,-88.915,0.018847,0.999444,-0.027511,-0.999816,0.018935,0.002928,0.003447,0.027450,0.999617,0,0.72931,-0.50486,43.758,-1.010,875.000,400.000,-1,375.000,625.000,325.000,325.000,300.000,300.000,-1,-1,-1,-1,875.000,550.000,-1,600.000,1,0,2,0,1,0,0,0,0,2,2,2,2,0,1,2,1
18,-4246.615,2950.702,-125.974,-90.054,-0.000997,0.999653,-0.026331,-0.999997,-0.000943,0.002078,0.002052,0.026333,0.999651,0,0.72728,-0.56970,43.637,-1.139,925.000,400.000,-1,375.000,575.000,325.000,325.000,300.000,300.000,-1,-1,-1,-1,875.000,525.000,-1,550.000,1,0,2,1,1,0,0,0,0,2,2,2,2,0,1,2,1
19,-4247.510,2907.238,-125.868,-91.179,-0.020588,0.999470,-0.025211,-0.999788,-0.020563,0.001257,0.000738,0.025232,0.999681,0,0.72456,-0.56229,43.474,-1.125,975.000,400.000,-1,375.000,550.000,325.000,325.000,300.000,300.000,-1,-1,-1,-1,875.000,500.000,-1,525.000,1,0,2,1,1,0,1,0,0,2,2,2,2,0,1,2,1
20,-4249.239,2863.990,-125.783,-92.288,-0.039916,0.998911,-0.024153,-0.999203,-0.039916,0.000466,-0.000499,0.024152,0.999708,0,0.72137,-0.55485,43.282,-1.110,-1,400.000,-1,350.000,500.000,325.000,300.000,300.000,300.000,-1,-1,-1,-1,875.000,475.000,-1,475.000,2,0,2,1,1,0,1,0,0,2,2,2,2,0,1,2,1
21,-4252.189,2817.592,-125.711,-93.638,-0.063411,0.997720,-0.023100,-0.997986,-0.063436,-0.000346,-0.001811,0.023032,0.999733,0,0.77486,-0.67485,46.492,-1.350,-1,400.000,-1,325.000,475.000,325.000,300.000,325.000,300.000,-1,-1,-1,-1,875.000,450.000,-1,425.000,2,0,2,1,1,0,1,0,0,2,2,2,2,0,1,2,1
22,-4256.337,2770.962,-125.656,-95.082,-0.088521,0.995828,-0.022132,-0.996070,-0.088567,-0.001119,-0.003075,0.021946,0.999754,0,0.78024,-0.72221,46.814,-1.444,-1,400.000,-1,325.000,425.000,325.000,300.000,325.000,300.000,-1,-1,-1,-1,850.000,425.000,-1,400.000,2,0,2,1,1,0,1,0,0,2,2,2,2,0,1,2,1
23,-4261.698,2724.121,-125.615,-96.529,-0.113625,0.993297,-0.021247,-0.993515,-0.113689,-0.001849,-0.004252,0.020899,0.999773,0,0.78578,-0.72352,47.147,-1.447,-1,400.000,-1,300.000,375.000,325.000,275.000,325.000,300.000,-1,-1,-1,-1,850.000,375.000,-1,350.000,2,0,2,1,1,0,1,0,0,2,2,2,2,0,1,2,1
24,-4268.290,2677.096,-125.584,-97.979,-0.138703,0.990123,-0.020452,-0.990320,-0.138783,-0.002531,-0.005345,0.019903,0.999788,0,0.79141,-0.72477,47.485,-1.450,-1,400.000,-1,275.000,350.000,325.000,250.000,325.000,300.000,-1,-1,-1,-1,850.000,350.000,-1,325.000,2,0,2,1,1,1,1,0,0,2,2,2,2,0,1,2,1
25,-4276.127,2629.914,-125.781,-99.431,-0.163744,0.986323,-0.018839,-0.986483,-0.163832,-0.003214,-0.006257,0.018058,0.999817,0,0.79713,-0.72596,47.828,-1.452,-1,400.000,750.000,250.000,300.000,300.000,250.000,325.000,325.000,-1,-1,-1,-1,850.000,325.000,-1,275.000,2,0,1,1,1,1,1,0,0,2,2,2,2,0,1,2,1
26,-4285.225,2582.606,-126.101,-100.885,-0.188722,0.981882,-0.017104,-0.982004,-0.188816,-0.004043,-0.007200,0.016033,0.999846,0,0.80292,-0.72710,48.175,-1.454,-1,400.000,600.000,225.000,250.000,275.000,225.000,325.000,325.000,-1,-1,-1,-1,825.000,300.000,-1,225.000,2,0,1,1,1,1,1,0,0,2,2,2,2,0,1,2,1
27,-4295.598,2535.200,-124.167,-102.342,-0.213735,0.976876,-0.005589,-0.976891,-0.213735,0.000614,-0.000595,0.005591,0.999984,0,0.80880,-0.72820,48.528,-1.456,-1,425.000,550.000,225.000,225.000,275.000,200.000,300.000,350.000,-1,-1,-1,-1,875.000,275.000,-1,200.000,2,0,1,1,1,1,1,0,0,2,2,2,2,0,1,2,1
28,-4307.259,2487.726,-120.609,-103.800,-0.238405,0.971076,0.013199,-0.971104,-0.238521,0.008007,0.010924,-0.010909,0.999881,0,0.81474,-0.72927,48.885,-1.459,-1,450.000,500.000,200.000,225.000,275.000,200.000,300.000,375.000,-1,400.000,800.000,-1,950.000,250.000,-1,200.000,2,1,1,1,1,1,1,0,0,2,0,0,2,0,1,2,1
29,-4320.218,2440.216,-116.621,-105.261,-0.262471,0.964332,0.034245,-0.964647,-0.263101,0.015314,0.023777,-0.029015,0.999296,0,0.82075,-0.73031,49.245,-1.461,-1,400.000,475.000,200.000,200.000,250.000,200.000,275.000,450.000,900.000,175.000,425.000,-1,-1,250.000,-1,175.000,2,1,1,1,1,1,1,0,0,0,0,0,2,2,1,2,1
30,-4334.487,2392.701,-112.167,-106.723,-0.285761,0.956561,0.057725,-0.957546,-0.287408,0.022418,0.038035,-0.048868,0.998081,0,0.82683,-0.73135,49.610,-1.463,-1,375.000,425.000,200.000,200.000,250.000,175.000,275.000,525.000,575.000,100.000,275.000,-1,925.000,225.000,-1,175.000,2,1,1,1,1,1,1,0,0,1,0,0,2,1,1,2,1
31,9511.017,-3607.626,-78.534,52.838,0.604059,-0.796891,0.008839,0.796471,0.604047,0.027584,-0.027321,-0.009622,0.999580,1,0.00000,0.00000,49.977,-1.465,475.000,400.000,-1,400.000,-1,325.000,325.000,175.000,300.000,-1,-1,-1,-1,600.000,725.000,550.000,-1,1,1,2,0,2,0,0,1,0,2,2,2,2,1,0,1,2
32,9513.932,-3603.812,-78.912,52.598,0.607408,-0.794344,0.008517,0.793894,0.607373,0.028836,-0.028079,-0.010753,0.999548,0,0.08000,-0.12000,4.800,-0.240,475.000,400.000,-1,400.000,-1,325.000,325.000,175.000,300.000,-1,-1,-1,-1,575.000,725.000,550.000,-1,1,1,2,0,2,0,0,1,0,2,2,2,2,1,0,1,2
33,9519.796,-3596.211,-79.595,52.347,0.610909,-0.791660,0.007994,0.791155,0.610832,0.030957,-0.029390,-0.012588,0.999489,0,0.16000,-0.12543,9.600,-0.251,450.000,400.000,-1,400.000,-1,325.000,325.000,175.000,300.000,-1,-1,-1,-1,575.000,725.000,525.000,-1,1,1,2,0,2,0,0,1,0,2,2,2,2,1,0,1,2
34,9528.642,-3584.849,-80.357,52.097,0.614383,-0.788972,0.007554,0.788418,0.614265,0.032795,-0.030515,-0.014193,0.999434,0,0.24000,-0.12495,14.400,-0.250,450.000,400.000,-1,375.000,-1,325.000,325.000,175.000,300.000,-1,-1,-1,-1,575.000,725.000,525.000,-1,1,1,2,0,2,0,0,1,0,2,2,2,2,1,0,1,2
35,9540.503,-3569.750,-80.892,51.848,0.617803,-0.786297,0.007557,0.785743,0.617683,0.032800,-0.030458,-0.014326,0.999433,0,0.32000,-0.12434,19.200,-0.249,425.000,375.000,-1,375.000,-1,325.000,325.000,175.000,300.000,-1,-1,-1,-1,575.000,725.000,500.000,-1,1,1,2,0,2,0,0,1,0,2,2,2,2,1,0,1,2
36,9555.410,-3550.941,-81.558,51.601,0.621194,-0.783621,0.007547,0.783068,0.621071,0.032805,-0.030394,-0.014469,0.999433,0,0.40000,-0.12370,24.000,-0.247,425.000,375.000,-1,375.000,-1,325.000,325.000,175.000,300.000,-1,-1,-1,-1,575.000,700.000,500.000,-1,1,1,2,0,2,0,0,1,0,2,2,2,2,1,0,1,2
37,9573.396,-3528.448,-82.354,51.355,0.624559,-0.780941,0.007518,0.780389,0.624433,0.032811,-0.030318,-0.014625,0.999433,0,0.48000,-0.12318,28.800,-0.246,400.000,375.000,-1,375.000,-1,325.000,325.000,175.000,300.000,-1,-1,-1,-1,575.000,700.000,475.000,-1,1,1,2,0,2,0,0,1,0,2,2,2,2,1,0,1,2
38,9594.492,-3502.296,-82.269,51.109,0.627774,-0.778292,0.012671,0.777675,0.627811,0.032790,-0.033475,-0.010730,0.999382,0,0.56000,-0.12297,33.600,-0.246,375.000,350.000,-1,375.000,-1,325.000,325.000,175.000,300.000,-1,-1,-1,-1,550.000,700.000,450.000,-1,1,1,2,0,2,0,0,1,0,2,2,2,2,1,0,1,2
39,9618.731,-3472.512,-82.251,50.862,0.630952,-0.775611,0.018076,0.774949,0.631176,0.032719,-0.036787,-0.006636,0.999301,0,0.64000,-0.12326,38.400,-0.247,375.000,350.000,-1,375.000,-1,325.000,300.000,175.000,300.000,-1,-1,-1,-1,550.000,675.000,450.000,-1,1,1,2,0,2,1,0,1,0,2,2,2,2,1,0,1,2
40,9646.144,-3439.124,-82.457,50.613,0.634140,-0.772879,0.022901,0.772197,0.634546,0.032605,-0.039731,-0.002993,0.999206,0,0.72000,-0.12430,43.200,-0.249,350.000,350.000,-1,375.000,-1,300.000,300.000,200.000,300.000,-1,-1,-1,-1,550.000,650.000,425.000,-1,1,1,2,0,2,1,0,1,0,2,2,2,2,1,0,1,2
41,9674.584,-3404.794,-82.910,50.361,0.637400,-0.770076,0.026525,0.769392,0.637952,0.032464,-0.041921,-0.000284,0.999121,0,0.74300,-0.12635,44.580,-0.253,325.000,350.000,-1,350.000,-1,300.000,300.000,200.000,300.000,-1,-1,-1,-1,575.000,650.000,400.000,-1,1,1,2,0,2,1,0,1,0,2,2,2,2,1,0,1,2
42,9702.440,-3371.476,-83.430,50.102,0.640774,-0.767185,0.028911,0.766540,0.641423,0.031521,-0.042726,0.001963,0.999085,0,0.72381,-0.12942,43.428,-0.259,300.000,325.000,-1,350.000,-1,300.000,300.000,225.000,300.000,-1,-1,-1,-1,600.000,625.000,400.000,-1,1,1,2,0,2,1,0,1,0,2,2,2,2,1,0,1,2
43,9729.757,-3339.111,-82.622,49.835,0.644256,-0.764158,0.031558,0.763881,0.644959,0.022661,-0.037670,0.009507,0.999245,0,0.70589,-0.13333,42.353,-0.267,325.000,350.000,-1,375.000,-1,300.000,325.000,250.000,275.000,-1,-1,-1,-1,700.000,650.000,575.000,-1,1,1,2,0,2,1,0,1,0,2,2,2,2,1,0,1,2
44,9756.584,-3307.634,-82.279,49.559,0.647941,-0.760992,0.032626,0.760987,0.648589,0.015216,-0.032740,0.014969,0.999352,0,0.68931,-0.13800,41.359,-0.276,375.000,375.000,-1,375.000,-1,325.000,325.000,275.000,275.000,-1,-1,-1,-1,825.000,675.000,-1,-1,1,1,2,0,2,1,0,1,0,2,2,2,2,0,0,2,2
45,9782.974,-3276.981,-82.330,49.273,0.651823,-0.757695,0.032011,0.757861,0.652352,0.009128,-0.027798,0.018310,0.999446,0,0.67413,-0.14334,40.448,-0.287,400.000,400.000,-1,375.000,-1,325.000,325.000,275.000,275.000,-1,-1,-1,-1,875.000,675.000,-1,-1,1,1,2,0,2,1,0,1,0,2,2,2,2,0,0,2,2
46,9808.980,-3247.092,-82.753,48.974,0.655892,-0.754266,0.029809,0.754509,0.656275,0.004342,-0.022838,0.019643,0.999546,0,0.66032,-0.14929,39.619,-0.299,475.000,425.000,-1,400.000,-1,350.000,325.000,275.000,275.000,-1,-1,-1,-1,900.000,700.000,-1,-1,1,1,2,0,2,0,0,1,0,2,2,2,2,0,0,2,2
47,9838.355,-3213.774,-83.722,48.599,0.660985,-0.749959,0.025677,0.750200,0.661211,0.000412,-0.017287,0.018990,0.999670,0,0.74032,-0.18770,44.419,-0.375,-1,450.000,-1,400.000,-1,350.000,350.000,275.000,275.000,550.000,-1,-1,-1,925.000,725.000,-1,-1,2,1,2,0,2,0,0,1,0,1,2,2,2,0,0,2,2
48,9869.621,-3178.763,-85.358,48.234,0.665914,-0.745775,0.019460,0.745944,0.666005,-0.002287,-0.011255,0.016039,0.999808,0,0.78233,-0.18231,46.940,-0.365,-1,475.000,-1,400.000,-1,375.000,350.000,250.000,275.000,475.000,-1,800.000,-1,950.000,750.000,-1,-1,2,0,2,0,2,0,0,1,0,1,2,0,2,0,0,2,2
49,9900.606,-3144.496,-87.551,47.880,0.670632,-0.741702,0.011489,0.741772,0.670644,-0.003303,-0.005255,0.010738,0.999929,0,0.76996,-0.17687,46.198,-0.354,-1,475.000,-1,425.000,-1,375.000,350.000,225.000,275.000,425.000,600.000,475.000,-1,975.000,775.000,-1,-1,2,0,2,0,2,0,0,1,0,1,0,0,2,0,0,2,2
50,9931.309,-3110.947,-89.966,47.537,0.675116,-0.737704,0.003380,0.737712,0.675110,-0.002724,-0.000272,0.004332,0.999991,0,0.75797,-0.17172,45.478,-0.343,-1,475.000,-1,425.000,-1,375.000,350.000,225.000,300.000,400.000,300.000,300.000,-1,975.000,800.000,-1,-1,2,0,2,0,2,0,0,1,0,1,1,0,2,0,0,2,2
51,9961.733,-3078.089,-91.267,47.203,0.679402,-0.733764,0.002023,0.733766,0.679401,-0.001125,-0.000549,0.002248,0.999997,0,0.74633,-0.16688,44.780,-0.334,-1,475.000,-1,425.000,-1,375.000,350.000,200.000,300.000,400.000,325.000,325.000,-1,950.000,800.000,-1,-1,2,0,2,0,2,0,0,1,0,1,1,0,2,0,0,2,2
52,9991.889,-3045.906,-92.794,46.862,0.683760,-0.729707,0.000476,0.729705,0.683760,0.001886,-0.001702,-0.000942,0.999998,0,0.73506,-0.17060,44.104,-0.341,-1,450.000,-1,425.000,-1,350.000,350.000,200.000,300.000,400.000,350.000,350.000,-1,925.000,775.000,-1,-1,2,0,2,0,2,0,0,1,0,1,1,0,2,0,0,2,2
53,10021.789,-3014.387,-94.542,46.510,0.688233,-0.725489,-0.001214,0.725480,0.688214,0.006260,-0.003706,-0.005189,0.999980,0,0.72408,-0.17574,43.445,-0.351,-1,450.000,-1,400.000,-1,350.000,350.000,175.000,300.000,425.000,375.000,375.000,-1,900.000,750.000,-1,-1,2,0,2,0,2,0,0,1,0,1,1,0,2,0,0,2,2
54,10051.444,-2983.519,-96.514,46.147,0.692840,-0.721085,-0.002959,0.721061,0.692768,0.011947,-0.006565,-0.010410,0.999924,0,0.71341,-0.18149,42.805,-0.363,-1,425.000,-1,400.000,-1,350.000,325.000,175.000,300.000,425.000,425.000,450.000,-1,850.000,750.000,-1,-1,2,0,2,0,2,0,0,1,0,1,1,0,2,0,0,2,2
55,10080.868,-2953.290,-98.686,45.772,0.697604,-0.716467,-0.004802,0.716411,0.697422,0.018908,-0.010198,-0.016631,0.999810,0,0.70308,-0.18782,42.185,-0.376,-1,425.000,-1,400.000,-1,325.000,325.000,150.000,300.000,450.000,475.000,575.000,-1,800.000,725.000,-1,-1,2,0,2,0,2,0,0,1,0,1,1,0,2,0,0,2,2
56,10110.078,-2923.684,-101.052,45.382,0.702545,-0.711607,-0.006708,0.711490,0.702174,0.027105,-0.014578,-0.023816,0.999610,0,0.69316,-0.19470,41.590,-0.389,-1,400.000,-1,375.000,-1,325.000,325.000,150.000,300.000,450.000,525.000,800.000,-1,750.000,700.000,-1,-1,2,0,2,0,2,0,0,1,0,1,1,0,2,0,0,2,2
57,10139.096,-2894.688,-101.702,44.978,0.707580,-0.706630,-0.002087,0.706315,0.707170,0.032106,-0.021211,-0.024192,0.999482,0,0.68370,-0.20209,41.022,-0.404,-1,375.000,-1,375.000,-1,300.000,300.000,150.000,300.000,450.000,-1,-1,-1,700.000,650.000,-1,-1,2,0,2,0,2,0,0,1,0,1,2,2,2,0,0,2,2
58,10167.945,-2866.283,-100.729,44.558,0.712633,-0.701519,0.005019,0.701097,0.712422,0.030307,-0.024837,-0.018079,0.999528,0,0.67476,-0.20996,40.486,-0.420,-1,375.000,-1,350.000,-1,300.000,300.000,175.000,300.000,475.000,-1,-1,-1,700.000,625.000,-1,-1,2,0,2,0,2,0,0,1,0,1,2,2,2,0,0,2,2
59,10196.649,-2838.447,-99.961,44.122,0.717839,-0.696125,0.010837,0.695661,0.717804,0.028532,-0.027640,-0.012942,0.999534,0,0.66640,-0.21830,39.984,-0.437,-1,375.000,-1,350.000,-1,300.000,300.000,175.000,300.000,500.000,-1,-1,-1,700.000,625.000,-1,-1,2,0,2,0,2,0,0,1,0,1,2,2,2,0,0,2,2
60,10225.238,-2811.159,-99.391,43.667,0.723220,-0.690446,0.015404,0.689981,0.723331,0.026798,-0.029645,-0.008752,0.999522,0,0.65869,-0.22706,39.522,-0.454,-1,375.000,-1,350.000,975.000,300.000,300.000,200.000,300.000,525.000,-1,-1,-1,675.000,600.000,-1,1000.000,2,0,2,0,0,0,0,1,0,1,2,2,2,0,0,2,0
61,10253.744,-2784.396,-98.946,43.195,0.728798,-0.684473,0.018725,0.684023,0.729016,0.025455,-0.031073,-0.005743,0.999501,0,0.65168,-0.23623,39.101,-0.472,-1,375.000,-1,350.000,900.000,300.000,300.000,200.000,300.000,525.000,-1,-1,-1,675.000,600.000,-1,950.000,2,0,2,0,0,0,0,1,0,1,2,2,2,0,0,2,0
62,10282.202,-2758.133,-98.674,42.703,0.734582,-0.678200,0.020853,0.677775,0.734868,0.024267,-0.031782,-0.003693,0.999488,0,0.64541,-0.24578,38.724,-0.492,-1,375.000,-1,350.000,875.000,300.000,300.000,225.000,275.000,525.000,-1,-1,-1,675.000,575.000,-1,900.000,2,0,2,0,0,0,0,1,0,1,2,2,2,0,0,2,0
63,10310.648,-2732.346,-98.587,42.192,0.740578,-0.671616,0.021816,0.671220,0.740895,0.023198,-0.031744,-0.002536,0.999493,0,0.63991,-0.25571,38.395,-0.511,-1,375.000,-1,350.000,850.000,300.000,300.000,225.000,275.000,525.000,-1,-1,-1,675.000,575.000,-1,875.000,2,0,2,0,0,0,0,1,0,1,2,2,2,0,0,2,0
64,10342.788,-2703.488,-98.790,41.921,0.743770,-0.668099,0.021217,0.667725,0.744068,0.022500,-0.030820,-0.002568,0.999522,0,0.71991,-0.13571,43.195,-0.271,-1,375.000,-1,350.000,825.000,300.000,300.000,250.000,275.000,525.000,-1,-1,-1,675.000,575.000,-1,875.000,2,0,2,0,0,0,0,1,0,1,2,2,2,0,0,2,0
65,10378.663,-2671.606,-99.282,41.628,0.747241,-0.664283,0.018975,0.663928,0.747471,0.022037,-0.028822,-0.003869,0.999577,0,0.79991,-0.14648,47.995,-0.293,-1,375.000,-1,350.000,850.000,300.000,300.000,275.000,275.000,475.000,-1,-1,-1,675.000,575.000,-1,900.000,2,0,2,0,0,0,0,1,0,1,2,2,2,0,0,2,0
66,10415.544,-2639.196,-100.056,41.307,0.751045,-0.660081,0.014998,0.659752,0.751167,0.021826,-0.025673,-0.006497,0.999649,0,0.81829,-0.16031,49.097,-0.321,-1,375.000,-1,350.000,900.000,300.000,300.000,300.000,300.000,425.000,-1,-1,-1,675.000,600.000,-1,950.000,2,0,2,0,0,0,0,1,0,1,2,2,2,0,0,2,0
67,10452.568,-2607.059,-100.989,40.957,0.755183,-0.655455,0.008788,0.655176,0.755156,0.022009,-0.021062,-0.010863,0.999719,0,0.81712,-0.17498,49.027,-0.350,-1,375.000,-1,350.000,1000.000,300.000,300.000,325.000,300.000,400.000,-1,-1,-1,675.000,600.000,-1,-1,2,0,2,0,0,0,0,1,0,1,2,2,2,0,0,2,2
68,10489.805,-2575.168,-102.198,40.577,0.759610,-0.650379,0.000867,0.650199,0.759430,0.022533,-0.015314,-0.016553,0.999746,0,0.81710,-0.19012,49.026,-0.380,-1,375.000,-1,350.000,-1,300.000,300.000,350.000,300.000,375.000,-1,-1,-1,700.000,625.000,-1,-1,2,0,2,0,2,0,0,1,0,1,2,2,2,0,0,2,2
69,10527.319,-2543.503,-103.704,40.165,0.764286,-0.644818,-0.008765,0.644823,0.763974,0.023402,-0.008394,-0.023537,0.999688,0,0.81821,-0.20573,49.093,-0.411,-1,375.000,-1,350.000,-1,300.000,300.000,350.000,300.000,350.000,1000.000,-1,-1,700.000,650.000,-1,-1,2,0,2,0,2,0,0,0,0,1,1,2,2,0,0,2,2
70,10565.180,-2512.043,-105.512,39.722,0.769162,-0.638737,-0.020138,0.639054,0.768766,0.024673,-0.000278,-0.031846,0.999493,0,0.82043,-0.22179,49.226,-0.444,-1,375.000,-1,375.000,-1,300.000,300.000,325.000,300.000,325.000,700.000,750.000,-1,725.000,700.000,-1,-1,2,0,2,0,2,0,0,0,0,1,0,0,2,0,0,2,2
71,10603.454,-2480.775,-106.469,39.245,0.774310,-0.632210,-0.027469,0.632784,0.773917,0.025221,0.005314,-0.036911,0.999304,0,0.82371,-0.23830,49.423,-0.477,-1,375.000,-1,375.000,-1,325.000,325.000,325.000,325.000,350.000,275.000,550.000,-1,725.000,725.000,-1,-1,2,0,2,0,2,0,0,0,0,1,1,0,2,0,0,2,2
72,10642.209,-2449.688,-106.133,38.735,0.779871,-0.625288,-0.028570,0.625902,0.779518,0.024462,0.006975,-0.036959,0.999292,0,0.82804,-0.25526,49.682,-0.511,-1,375.000,-1,375.000,-1,325.000,325.000,325.000,325.000,375.000,300.000,550.000,-1,725.000,725.000,-1,-1,2,0,2,0,2,0,0,0,0,1,1,0,2,0,0,2,2
73,10677.584,-2422.065,-105.764,37.984,0.787954,-0.615025,-0.029543,0.615673,0.787643,0.023764,0.008654,-0.036914,0.999281,0,0.74804,-0.37526,44.882,-0.751,-1,375.000,-1,375.000,-1,325.000,325.000,325.000,325.000,400.000,325.000,550.000,-1,750.000,725.000,-1,-1,2,0,2,0,2,0,0,0,0,1,1,0,2,0,0,2,2
74,10709.599,-2397.947,-105.375,36.994,0.798430,-0.601320,-0.030396,0.601999,0.798162,0.023137,0.010348,-0.036771,0.999270,0,0.66804,-0.49526,40.082,-0.991,-1,375.000,-1,375.000,-1,325.000,325.000,325.000,300.000,425.000,350.000,550.000,-1,750.000,725.000,-1,-1,2,0,2,0,2,0,0,0,0,1,1,0,2,0,0,2,2
75,10739.350,-2376.519,-104.966,35.763,0.811123,-0.584046,-0.031162,0.584752,0.810898,0.022594,0.012073,-0.036549,0.999259,0,0.61108,-0.61526,36.665,-1.231,-1,400.000,-1,375.000,-1,325.000,325.000,325.000,300.000,450.000,375.000,500.000,-1,750.000,725.000,-1,-1,2,0,2,0,2,0,0,0,0,1,1,1,2,0,0,2,2
76,10769.868,-2355.707,-104.507,34.293,0.825807,-0.563049,-0.031913,0.563782,0.825628,0.022119,0.013894,-0.036258,0.999246,0,0.61565,-0.73526,36.939,-1.471,-1,400.000,-1,375.000,-1,325.000,325.000,325.000,300.000,500.000,400.000,500.000,-1,750.000,725.000,-1,-1,2,0,2,0,2,0,0,0,0,1,1,1,2,0,0,2,2
77,10801.208,-2335.588,-104.003,32.699,0.841113,-0.539871,-0.032687,0.540630,0.840980,0.021713,0.015767,-0.035935,0.999230,0,0.62069,-0.79702,37.241,-1.594,-1,400.000,-1,375.000,-1,325.000,325.000,325.000,300.000,575.000,425.000,500.000,-1,750.000,725.000,-1,-1,2,0,2,0,2,0,0,0,0,1,1,1,2,0,0,2,2
78,10833.401,-2316.187,-103.451,31.076,0.856028,-0.515845,-0.033472,0.516629,0.855943,0.021369,0.017627,-0.035585,0.999211,0,0.62644,-0.81139,37.586,-1.623,-1,400.000,-1,400.000,-1,325.000,325.000,300.000,300.000,625.000,450.000,525.000,-1,750.000,725.000,-1,-1,2,0,2,0,2,0,0,0,0,1,1,1,2,0,0,2,2
79,10866.482,-2297.529,-102.836,29.424,0.870511,-0.490959,-0.034205,0.491765,0.870473,0.021061,0.019434,-0.035155,0.999193,0,0.63301,-0.82612,37.980,-1.652,-1,400.000,-1,400.000,-1,325.000,325.000,300.000,300.000,700.000,475.000,550.000,-1,750.000,750.000,-1,-1,2,0,2,0,2,0,0,0,0,1,1,1,2,0,0,2,2
80,10900.488,-2279.645,-102.157,27.741,0.884519,-0.465199,-0.034882,0.466023,0.884528,0.020786,0.021184,-0.034641,0.999175,0,0.64036,-0.84121,38.422,-1.682,-1,400.000,-1,400.000,-1,325.000,325.000,300.000,300.000,825.000,500.000,550.000,-1,775.000,750.000,-1,-1,2,0,2,0,2,0,0,0,0,1,1,1,2,0,0,2,2
81,10935.450,-2262.573,-101.411,26.028,0.898004,-0.438553,-0.035499,0.439393,0.898060,0.020535,0.022875,-0.034039,0.999159,0,0.64845,-0.85667,38.907,-1.713,-1,400.000,-1,400.000,-1,325.000,325.000,300.000,300.000,1000.000,525.000,575.000,-1,775.000,750.000,-1,-1,2,0,2,0,2,0,0,0,0,1,1,1,2,0,0,2,2
82,10971.396,-2246.356,-100.596,24.283,0.910916,-0.411012,-0.036056,0.411863,0.911020,0.020303,0.024503,-0.033344,0.999144,0,0.65725,-0.87249,39.435,-1.745,-1,400.000,-1,400.000,-1,325.000,325.000,300.000,300.000,-1,550.000,600.000,-1,775.000,750.000,-1,-1,2,0,2,0,2,0,0,0,0,2,1,1,2,0,0,2,2
83,11008.056,-2231.155,-99.718,22.522,0.923096,-0.382829,-0.036545,0.383686,0.923245,0.020082,0.026052,-0.032559,0.999130,0,0.66144,-0.88060,39.687,-1.761,-1,400.000,-1,400.000,-1,325.000,325.000,300.000,300.000,-1,575.000,625.000,-1,775.000,750.000,-1,-1,2,0,2,0,2,0,0,0,0,2,1,1,2,0,0,2,2
84,11045.348,-2217.028,-98.747,20.748,0.934484,-0.354086,-0.036920,0.354947,0.934672,0.020009,0.027423,-0.031802,0.999118,0,0.66463,-0.88662,39.878,-1.773,-1,400.000,-1,400.000,-1,325.000,325.000,300.000,300.000,-1,600.000,650.000,-1,775.000,750.000,-1,-1,2,0,2,0,2,0,0,0,0,2,1,1,2,0,0,2,2
85,11083.265,-2204.000,-97.660,18.963,0.945054,-0.324798,-0.037136,0.325665,0.945270,0.020167,0.028553,-0.031152,0.999107,0,0.66820,-0.89274,40.092,-1.785,-1,400.000,-1,400.000,-1,325.000,325.000,300.000,300.000,-1,650.000,675.000,-1,775.000,750.000,-1,-1,2,0,2,0,2,0,0,0,0,2,1,1,2,0,0,2,2
86,11121.796,-2192.098,-96.476,17.165,0.954769,-0.294986,-0.037411,0.295861,0.955013,0.020402,0.029709,-0.030548,0.999092,0,0.67212,-0.89898,40.327,-1.798,-1,400.000,-1,400.000,-1,325.000,325.000,300.000,300.000,-1,675.000,700.000,-1,775.000,750.000,-1,-1,2,0,2,0,2,0,0,0,0,2,1,1,2,0,0,2,2
87,11160.929,-2181.353,-95.219,15.354,0.963604,-0.264669,-0.037647,0.265551,0.963876,0.020653,0.030821,-0.029898,0.999078,0,0.67636,-0.90531,40.581,-1.811,-1,400.000,-1,375.000,-1,325.000,325.000,300.000,300.000,-1,700.000,750.000,-1,775.000,725.000,-1,-1,2,0,2,0,2,0,0,0,0,2,1,1,2,0,0,2,2
88,11200.648,-2171.795,-93.902,13.531,0.971533,-0.233869,-0.037802,0.234754,0.971831,0.020881,0.031853,-0.029161,0.999067,0,0.68087,-0.91174,40.852,-1.823,-1,400.000,-1,375.000,-1,325.000,325.000,300.000,300.000,-1,750.000,775.000,-1,775.000,725.000,-1,-1,2,0,2,0,2,0,0,0,0,2,1,1,2,0,0,2,2
89,11240.932,-2163.457,-92.529,11.694,0.978524,-0.202609,-0.037954,0.203494,0.978849,0.021073,0.032882,-0.028344,0.999057,0,0.68563,-0.91825,41.138,-1.836,-1,400.000,-1,375.000,-1,325.000,325.000,300.000,325.000,-1,775.000,800.000,-1,775.000,725.000,-1,-1,2,0,2,0,2,0,0,0,0,2,1,1,2,0,0,2,2
90,11281.758,-2156.373,-91.101,9.845,0.984548,-0.170913,-0.038119,0.171797,0.984903,0.021234,0.033915,-0.027455,0.999048,0,0.69060,-0.92484,41.436,-1.850,-1,400.000,-1,375.000,-1,325.000,325.000,300.000,325.000,-1,825.000,850.000,-1,775.000,725.000,-1,-1,2,0,2,0,2,0,0,0,0,2,1,1,2,0,0,2,2
91,11323.100,-2150.577,-89.629,7.982,0.989580,-0.138807,-0.038274,0.139689,0.989964,0.021406,0.034919,-0.026530,0.999038,0,0.69576,-0.93151,41.746,-1.863,-1,400.000,-1,375.000,-1,325.000,325.000,300.000,325.000,-1,875.000,875.000,-1,750.000,725.000,-1,-1,2,0,2,0,2,0,0,0,0,2,1,1,2,0,0,2,2
92,11364.927,-2146.103,-88.112,6.105,0.993590,-0.106319,-0.038420,0.107198,0.994003,0.021583,0.035895,-0.025564,0.999029,0,0.70108,-0.93824,42.065,-1.876,-1,400.000,-1,375.000,-1,325.000,325.000,300.000,325.000,-1,900.000,900.000,-1,750.000,725.000,-1,-1,2,0,2,0,2,0,0,0,0,2,1,1,2,0,0,2,2
93,11407.204,-2142.988,-86.549,4.215,0.996551,-0.073479,-0.038558,0.074353,0.996995,0.021760,0.036843,-0.024552,0.999019,0,0.70653,-0.94504,42.392,-1.890,-1,400.000,-1,375.000,-1,325.000,325.000,300.000,325.000,-1,950.000,950.000,-1,750.000,725.000,-1,-1,2,0,2,0,2,0,0,0,0,2,1,1,2,0,0,2,2
94,11449.897,-2141.337,-84.941,2.215,0.998504,-0.038640,-0.038684,0.039508,0.998979,0.021924,0.037798,-0.023419,0.999011,0,0.71208,-1.00000,42.725,-2.000,-1,400.000,-1,375.000,-1,325.000,325.000,300.000,325.000,-1,1000.000,1000.000,-1,750.000,725.000,-1,-1,2,0,2,0,2,0,0,0,0,2,1,1,2,0,0,2,2
95,11492.960,-2141.175,-83.287,0.215,0.999240,-0.003753,-0.038811,0.004612,0.999746,0.022073,0.038719,-0.022236,0.999003,0,0.71772,-1.00000,43.063,-2.000,-1,400.000,-1,375.000,-1,325.000,325.000,300.000,325.000,-1,-1,-1,-1,725.000,725.000,-1,-1,2,0,2,0,2,0,0,0,0,2,2,2,2,0,0,2,2
96,11536.343,-2142.528,-81.588,-1.785,0.998756,0.031141,-0.038943,-0.030292,0.999294,0.022204,0.039607,-0.020996,0.998995,0,0.72340,-1.00000,43.404,-2.000,-1,400.000,-1,375.000,-1,325.000,325.000,300.000,325.000,-1,-1,-1,-1,725.000,725.000,-1,-1,2,0,2,0,2,0,0,0,0,2,2,2,2,0,0,2,2
97,11579.995,-2145.416,-79.843,-3.785,0.997054,0.065998,-0.039085,-0.065162,0.997625,0.022309,0.040464,-0.019696,0.998987,0,0.72912,-1.00000,43.747,-2.000,-1,375.000,-1,375.000,-1,325.000,325.000,300.000,325.000,-1,-1,-1,-1,725.000,725.000,-1,-1,2,0,2,0,2,0,0,0,0,2,2,2,2,0,0,2,2
98,11623.861,-2149.860,-78.055,-5.785,0.994135,0.100778,-0.039243,-0.099955,0.994740,0.022384,0.041293,-0.018330,0.998979,0,0.73484,-1.00000,44.090,-2.000,-1,375.000,-1,375.000,-1,325.000,300.000,300.000,325.000,-1,-1,-1,-1,725.000,725.000,-1,-1,2,0,2,0,2,0,0,0,0,2,2,2,2,0,0,2,2
99,11667.884,-2155.879,-76.225,-7.785,0.990001,0.135435,-0.039425,-0.134630,0.990642,0.022424,0.042093,-0.016892,0.998971,0,0.74054,-1.00000,44.433,-2.000,-1,375.000,-1,375.000,-1,325.000,300.000,300.000,325.000,-1,-1,-1,-1,725.000,725.000,-1,-1,2,0,2,0,2,0,0,0,0,2,2,2,2,0,0,2,2
100,11712.473,-2163.556,-74.333,-9.768,0.984708,0.169642,-0.039642,-0.168856,0.985386,0.022428,0.042867,-0.015391,0.998962,0,0.75407,-0.99162,45.244,-1.983,-1,375.000,-1,375.000,-1,300.000,300.000,300.000,325.000,-1,-1,-1,-1,725.000,725.000,-1,-1,2,0,2,0,2,0,0,0,0,2,2,2,2,0,0,2,2
101,11756.793,-2172.771,-72.407,-11.745,0.978254,0.203543,-0.039876,-0.202781,0.978969,0.022352,0.043587,-0.013780,0.998955,0,0.75447,-0.98861,45.268,-1.977,-1,375.000,-1,375.000,-1,300.000,300.000,300.000,325.000,-1,-1,-1,-1,725.000,725.000,-1,-1,2,0,2,0,2,0,0,0,0,2,2,2,2,0,0,2,2
102,11800.774,-2183.507,-70.302,-13.718,0.970626,0.237125,-0.040707,-0.236406,0.971412,0.021710,0.044692,-0.011449,0.998935,0,0.75454,-0.98622,45.272,-1.972,-1,375.000,-1,375.000,-1,300.000,300.000,300.000,325.000,-1,-1,-1,-1,725.000,725.000,-1,-1,2,0,2,0,2,0,0,0,0,2,2,2,2,0,0,2,2
103,11844.348,-2195.744,-68.176,-15.687,0.961858,0.270363,-0.041622,-0.269692,0.962716,0.021062,0.045765,-0.009034,0.998911,0,0.75433,-0.98434,45.260,-1.969,-1,375.000,-1,375.000,-1,300.000,325.000,325.000,325.000,-1,-1,-1,-1,725.000,750.000,-1,-1,2,0,2,0,2,0,0,0,0,2,2,2,2,0,0,2,2
104,11887.451,-2209.460,-66.003,-17.652,0.951974,0.303231,-0.042382,-0.302608,0.952893,0.020571,0.046623,-0.006758,0.998890,0,0.75387,-0.98284,45.232,-1.966,-1,375.000,-1,375.000,-1,300.000,325.000,325.000,300.000,-1,-1,-1,-1,725.000,750.000,-1,-1,2,0,2,0,2,0,0,0,0,2,2,2,2,0,0,2,2
105,11934.649,-2226.061,-63.536,-19.378,0.942361,0.331793,-0.043237,-0.331204,0.943340,0.020345,0.047538,-0.004852,0.998858,0,0.83387,-0.86284,50.032,-1.726,-1,375.000,-1,400.000,-1,300.000,325.000,325.000,300.000,-1,-1,-1,-1,725.000,750.000,-1,-1,2,0,2,0,2,0,0,0,0,2,2,2,2,0,0,2,2
106,11985.887,-2245.589,-60.801,-20.864,0.933386,0.356142,-0.044190,-0.355579,0.934426,0.020276,0.048513,-0.003212,0.998817,0,0.91387,-0.74284,54.832,-1.486,-1,375.000,-1,400.000,-1,325.000,325.000,325.000,300.000,-1,-1,-1,-1,725.000,750.000,-1,-1,2,0,2,0,2,0,0,0,0,2,2,2,2,0,0,2,2
107,12037.043,-2266.371,-58.044,-22.109,0.925369,0.376373,-0.045116,-0.375833,0.926467,0.020237,0.049415,-0.001771,0.998777,0,0.92028,-0.62284,55.217,-1.246,-1,375.000,-1,400.000,-1,325.000,325.000,325.000,325.000,-1,-1,-1,-1,725.000,750.000,-1,-1,2,0,2,0,2,0,0,0,0,2,2,2,2,0,0,2,2
108,12087.785,-2288.030,-55.288,-23.115,0.918568,0.392577,-0.046009,-0.392056,0.919719,0.020216,0.050252,-0.000532,0.998736,0,0.91951,-0.50284,55.171,-1.006,-1,375.000,-1,400.000,-1,325.000,325.000,300.000,325.000,-1,-1,-1,-1,725.000,750.000,-1,-1,2,0,2,0,2,0,0,0,0,2,2,2,2,0,0,2,2
109,12138.196,-2310.348,-52.530,-23.881,0.913189,0.404832,-0.046869,-0.404328,0.914391,0.020204,0.051036,0.000501,0.998697,0,0.91884,-0.38284,55.130,-0.766,-1,375.000,-1,400.000,-1,325.000,325.000,300.000,325.000,-1,-1,-1,-1,725.000,750.000,-1,-1,2,0,2,0,2,0,0,0,0,2,2,2,2,0,0,2,2
110,12188.369,-2333.115,-49.771,-24.406,0.909388,0.413204,-0.047700,-0.412713,0.910638,0.020190,0.051780,0.001326,0.998658,0,0.91829,-0.26284,55.097,-0.526,-1,375.000,-1,400.000,-1,325.000,325.000,300.000,325.000,-1,-1,-1,-1,725.000,750.000,-1,-1,2,0,2,0,2,0,0,0,0,2,2,2,2,0,0,2,2
111,12238.407,-2356.121,-47.008,-24.692,0.907272,0.417739,-0.048504,-0.417256,0.908565,0.020167,0.052494,0.001941,0.998619,0,0.91788,-0.14284,55.073,-0.286,-1,375.000,-1,400.000,-1,325.000,325.000,300.000,325.000,-1,-1,-1,-1,725.000,750.000,-1,-1,2,0,2,0,2,0,0,0,0,2,2,2,2,0,0,2,2
112,12288.396,-2379.197,-44.242,-24.779,0.906591,0.419122,-0.049282,-0.418645,0.907927,0.020133,0.053183,0.002379,0.998582,0,0.91764,-0.04364,55.058,-0.087,-1,375.000,-1,400.000,-1,325.000,325.000,300.000,325.000,-1,-1,-1,-1,725.000,775.000,-1,-1,2,0,2,0,2,0,0,0,0,2,2,2,2,0,0,2,2
113,12338.343,-2402.350,-41.392,-24.870,0.905892,0.420554,-0.049935,-0.420104,0.907262,0.019697,0.053588,0.003135,0.998558,0,0.91754,-0.04523,55.052,-0.090,-1,375.000,-1,400.000,-1,325.000,325.000,300.000,325.000,-1,-1,-1,-1,725.000,775.000,-1,-1,2,0,2,0,2,0,0,0,0,2,2,2,2,0,0,2,2
114,12388.253,-2425.585,-38.503,-24.964,0.905176,0.422042,-0.050365,-0.421633,0.906567,0.019016,0.053685,0.004022,0.998550,0,0.91755,-0.04705,55.053,-0.094,-1,375.000,-1,400.000,-1,325.000,325.000,300.000,325.000,-1,-1,-1,-1,725.000,750.000,-1,-1,2,0,2,0,2,0,0,0,0,2,2,2,2,0,0,2,2
115,12439.060,-2449.371,-35.472,-25.088,0.904209,0.424004,-0.051250,-0.423648,0.905645,0.018159,0.054114,0.005292,0.998521,0,0.93499,-0.06209,56.099,-0.124,-1,375.000,-1,400.000,-1,325.000,325.000,300.000,300.000,-1,-1,-1,-1,725.000,750.000,-1,-1,2,0,2,0,2,0,0,0,0,2,2,2,2,0,0,2,2
116,12490.203,-2473.453,-32.422,-25.215,0.903217,0.426003,-0.052162,-0.425700,0.904698,0.017349,0.054582,0.006536,0.998488,0,0.94214,-0.06338,56.528,-0.127,-1,375.000,-1,400.000,-1,325.000,325.000,300.000,300.000,-1,-1,-1,-1,725.000,750.000,-1,-1,2,0,2,0,2,0,0,0,0,2,2,2,2,0,0,2,2
117,12541.681,-2497.834,-29.322,-25.344,0.902204,0.428042,-0.052981,-0.427787,0.903726,0.016646,0.055005,0.007647,0.998457,0,0.94934,-0.06471,56.960,-0.129,-1,375.000,-1,400.000,-1,325.000,325.000,300.000,300.000,-1,-1,-1,-1,750.000,750.000,-1,-1,2,0,2,0,2,0,0,0,0,2,2,2,2,0,0,2,2
118,12593.494,-2522.522,-26.112,-25.476,0.901187,0.430124,-0.053446,-0.429901,0.902731,0.016178,0.055206,0.008397,0.998440,0,0.95657,-0.06610,57.394,-0.132,-1,375.000,-1,400.000,-1,325.000,325.000,300.000,300.000,-1,-1,-1,-1,750.000,750.000,-1,-1,2,0,2,0,2,0,0,0,0,2,2,2,2,0,0,2,2
119,12645.644,-2547.520,-22.822,-25.611,0.900138,0.432249,-0.053969,-0.432044,0.901710,0.016022,0.055590,0.008895,0.998414,0,0.96386,-0.06755,57.831,-0.135,-1,400.000,-1,400.000,-1,325.000,325.000,300.000,300.000,-1,-1,-1,-1,750.000,750.000,-1,-1,2,0,2,0,2,0,0,0,0,2,2,2,2,0,0,2,2
120,12698.128,-2572.835,-19.498,-25.750,0.899060,0.434420,-0.054498,-0.434226,0.900662,0.015967,0.056021,0.009309,0.998386,0,0.97118,-0.06907,58.271,-0.138,-1,400.000,-1,400.000,-1,325.000,325.000,300.000,300.000,-1,-1,-1,-1,750.000,750.000,-1,-1,2,0,2,0,2,0,0,0,0,2,2,2,2,0,1,2,2
121,12750.948,-2598.473,-16.171,-25.891,0.897954,0.436639,-0.055000,-0.436459,0.899584,0.015868,0.056406,0.009756,0.998360,0,0.97854,-0.07066,58.712,-0.141,-1,400.000,-1,400.000,-1,325.000,325.000,300.000,300.000,-1,-1,-1,-1,750.000,725.000,-1,975.000,2,0,2,0,2,0,0,0,0,2,2,2,2,0,1,2,1
122,12799.489,-2621.930,-13.143,-25.792,0.898681,0.435087,-0.055423,-0.434921,0.900332,0.015671,0.056718,0.010021,0.998340,0,0.89854,0.04934,53.912,0.099,-1,400.000,-1,400.000,-1,325.000,325.000,300.000,300.000,-1,-1,-1,-1,750.000,675.000,-1,925.000,2,0,2,0,2,0,0,0,0,2,2,2,2,0,1,2,1
123,12847.325,-2644.699,-10.157,-25.454,0.901216,0.429758,-0.055835,-0.429594,0.902889,0.015531,0.057087,0.009990,0.998319,0,0.88296,0.16934,52.978,0.339,-1,400.000,-1,400.000,-1,325.000,325.000,300.000,300.000,-1,-1,-1,-1,750.000,650.000,-1,875.000,2,0,2,0,2,0,0,0,0,2,2,2,2,0,1,2,1
124,12895.685,-2667.263,-7.140,-25.013,0.904475,0.422802,-0.056244,-0.422634,0.906169,0.015445,0.057496,0.009801,0.998298,0,0.88943,0.22032,53.366,0.441,-1,400.000,-1,400.000,-1,325.000,325.000,300.000,300.000,-1,-1,-1,-1,750.000,625.000,-1,800.000,2,0,2,0,2,0,0,0,0,2,2,2,2,0,1,2,1
125,12944.565,-2689.619,-4.124,-24.578,0.907637,0.415911,-0.056685,-0.415727,0.909356,0.015564,0.058020,0.009439,0.998271,0,0.89582,0.21753,53.749,0.435,-1,400.000,-1,400.000,925.000,325.000,325.000,300.000,300.000,-1,-1,-1,-1,750.000,600.000,-1,750.000,2,0,2,1,1,0,1,0,0,2,2,2,2,0,1,2,1
126,12993.958,-2711.764,-1.043,-24.149,0.910705,0.409094,-0.057080,-0.408901,0.912446,0.015554,0.058445,0.009175,0.998248,0,0.90216,0.21444,54.130,0.429,-1,400.000,-1,375.000,825.000,325.000,325.000,300.000,300.000,-1,-1,-1,-1,775.000,550.000,-1,675.000,2,0,2,1,1,0,1,0,0,2,2,2,2,0,1,2,1
127,13043.856,-2733.696,2.125,-23.727,0.913680,0.402361,-0.057392,-0.402173,0.915436,0.015301,0.058695,0.009101,0.998234,0,0.90842,0.21104,54.505,0.422,-1,400.000,-1,350.000,725.000,325.000,300.000,300.000,300.000,-1,-1,-1,-1,775.000,525.000,-1,625.000,2,0,2,1,1,0,1,0,0,2,2,2,2,0,1,2,1
128,13094.250,-2755.412,5.322,-23.312,0.916556,0.395727,-0.057666,-0.395541,0.918324,0.015084,0.058925,0.008984,0.998222,0,0.91458,0.20730,54.875,0.415,-1,400.000,-1,350.000,650.000,325.000,300.000,300.000,300.000,-1,-1,-1,-1,775.000,500.000,-1,550.000,2,0,2,1,1,0,1,0,0,2,2,2,2,0,1,2,1
129,13145.131,-2776.912,8.548,-22.906,0.919330,0.389204,-0.057899,-0.389019,0.921109,0.014904,0.059132,0.008822,0.998211,0,0.92061,0.20319,55.237,0.406,-1,400.000,-1,325.000,575.000,325.000,300.000,300.000,300.000,-1,-1,-1,-1,775.000,475.000,-1,500.000,2,0,2,1,1,0,1,0,0,2,2,2,2,0,1,2,1
130,13196.486,-2798.192,11.822,-22.509,0.922005,0.382808,-0.058005,-0.382617,0.923788,0.014810,0.059254,0.008539,0.998206,0,0.92649,0.19866,55.589,0.397,-1,400.000,-1,300.000,500.000,325.000,275.000,300.000,300.000,-1,-1,-1,-1,800.000,450.000,-1,450.000,2,0,2,1,1,1,1,0,0,2,2,2,2,0,1,2,1
131,13248.299,-2819.254,15.476,-22.121,0.924556,0.376559,-0.058307,-0.376271,0.926367,0.016268,0.060140,0.006898,0.998166,0,0.93217,0.19368,55.930,0.387,-1,400.000,-1,300.000,425.000,325.000,275.000,300.000,325.000,-1,-1,-1,-1,800.000,400.000,-1,375.000,2,0,2,1,1,1,1,0,0,2,2,2,2,0,1,2,1
132,13300.553,-2840.097,20.624,-21.745,0.926862,0.370474,-0.060630,-0.369665,0.928843,0.024470,0.065381,-0.000267,0.997860,0,0.93761,0.18820,56.257,0.376,-1,400.000,-1,300.000,375.000,325.000,275.000,300.000,325.000,-1,875.000,950.000,-1,850.000,400.000,-1,350.000,2,0,2,1,1,1,1,0,0,2,0,0,2,0,1,2,1
133,13353.227,-2860.720,26.056,-21.381,0.929007,0.364548,-0.063641,-0.363061,0.931146,0.033966,0.071642,-0.008449,0.997395,0,0.94277,0.18215,56.566,0.364,-1,425.000,-1,275.000,350.000,325.000,250.000,300.000,350.000,-1,600.000,700.000,-1,900.000,375.000,-1,325.000,2,0,2,1,1,1,1,0,0,2,0,0,2,0,1,2,1
134,13406.294,-2881.123,31.812,-21.030,0.930996,0.358794,-0.067180,-0.356426,0.933247,0.044833,0.078782,-0.017794,0.996733,0,0.94756,0.17547,56.854,0.351,-1,450.000,-1,275.000,325.000,300.000,250.000,275.000,375.000,-1,425.000,550.000,-1,975.000,375.000,-1,300.000,2,0,2,1,1,1,1,0,0,2,0,0,2,0,1,2,1
