timestep,x_cm,y_cm,z_cm,yaw_deg,basis_xx,basis_xy,basis_xz,basis_yx,basis_yy,basis_yz,basis_zx,basis_zy,basis_zz,teleport_flag,throttle_cmd,steering_cmd,cmd_move_cm,cmd_turn_deg,lidar_cm_0,lidar_cm_1,lidar_cm_2,lidar_cm_3,lidar_cm_4,lidar_cm_5,lidar_cm_6,lidar_cm_7,lidar_cm_8,lidar_cm_9,lidar_cm_10,lidar_cm_11,lidar_cm_12,lidar_cm_13,lidar_cm_14,lidar_cm_15,lidar_cm_16,lidar_class_0,lidar_class_1,lidar_class_2,lidar_class_3,lidar_class_4,lidar_class_5,lidar_class_6,lidar_class_7,lidar_class_8,lidar_class_9,lidar_class_10,lidar_class_11,lidar_class_12,lidar_class_13,lidar_class_14,lidar_class_15,lidar_class_16
0,-5570.652,2296.377,305.305,7.208,0.988157,-0.125436,-0.088379,0.122517,0.991749,-0.037727,0.092382,0.026453,0.995372,1,0.08000,-0.10927,4.800,-0.219,-1,400.000,-1,400.000,-1,325.000,325.000,300.000,300.000,-1,-1,-1,-1,-1,-1,-1,-1,2,0,2,0,2,0,0,0,0,2,2,2,2,2,2,2,2
1,-5561.124,2297.545,306.195,6.990,0.988662,-0.121651,-0.088027,0.118736,0.992212,-0.037642,0.091921,0.026763,0.995407,0,0.16000,-0.10927,9.600,-0.219,-1,400.000,-1,400.000,-1,325.000,325.000,300.000,300.000,-1,-1,-1,-1,-1,-1,-1,-1,2,0,2,0,2,0,0,0,0,2,2,2,2,2,2,2,2
2,-5546.824,2299.243,307.530,6.771,0.989167,-0.117865,-0.087502,0.114962,0.992661,-0.037515,0.091282,0.027049,0.995458,0,0.24000,-0.10927,14.400,-0.219,-1,400.000,-1,400.000,-1,325.000,325.000,300.000,300.000,-1,-1,-1,-1,-1,-1,-1,-1,2,0,2,0,2,0,0,0,0,2,2,2,2,2,2,2,2
3,-5527.750,2301.434,309.309,6.553,0.989672,-0.114077,-0.086804,0.111195,0.993097,-0.037348,0.090465,0.027311,0.995525,0,0.32000,-0.10927,19.200,-0.219,-1,400.000,-1,425.000,-1,325.000,325.000,300.000,300.000,-1,-1,-1,-1,-1,-1,-1,-1,2,0,2,0,2,0,0,0,0,2,2,2,2,2,2,2,2
4,-5503.897,2304.082,311.531,6.334,0.990178,-0.110287,-0.085931,0.107436,0.993518,-0.037144,0.089470,0.027547,0.995608,0,0.40000,-0.10927,24.000,-0.219,-1,425.000,-1,425.000,-1,325.000,325.000,300.000,300.000,-1,-1,-1,-1,-1,-1,-1,-1,2,0,2,0,2,0,0,0,0,2,2,2,2,2,2,2,2
5,-5475.261,2307.150,314.194,6.116,0.990683,-0.106496,-0.084882,0.103683,0.993926,-0.036903,0.088296,0.027759,0.995707,0,0.48000,-0.10927,28.800,-0.219,-1,425.000,-1,425.000,-1,325.000,325.000,300.000,300.000,-1,-1,-1,-1,-1,-1,-1,-1,2,0,2,0,2,0,0,0,0,2,2,2,2,2,2,2,2
6,-5441.839,2310.602,317.297,5.897,0.991188,-0.102704,-0.083657,0.099937,0.994319,-0.036628,0.086943,0.027944,0.995821,0,0.56000,-0.10927,33.600,-0.219,-1,425.000,-1,425.000,-1,325.000,325.000,300.000,300.000,-1,-1,-1,-1,-1,-1,-1,-1,2,0,2,0,2,0,0,0,0,2,2,2,2,2,2,2,2
7,-5403.628,2314.402,320.839,5.679,0.991691,-0.098910,-0.082254,0.096198,0.994699,-0.036319,0.085410,0.028104,0.995949,0,0.64000,-0.10927,38.400,-0.219,-1,425.000,-1,425.000,-1,350.000,350.000,300.000,300.000,-1,-1,-1,-1,-1,-1,-1,-1,2,0,2,0,2,0,0,0,0,2,2,2,2,2,2,2,2
8,-5360.624,2318.513,324.818,5.460,0.992192,-0.095115,-0.080673,0.092465,0.995066,-0.035977,0.083697,0.028237,0.996091,0,0.72000,-0.10927,43.200,-0.219,-1,450.000,-1,450.000,-1,350.000,350.000,300.000,300.000,-1,-1,-1,-1,-1,-1,-1,-1,2,0,2,0,2,0,0,0,0,2,2,2,2,2,2,2,2
9,-5312.825,2322.897,329.234,5.242,0.992690,-0.091319,-0.078913,0.088739,0.995418,-0.035605,0.081803,0.028342,0.996245,0,0.80000,-0.10927,48.000,-0.219,-1,450.000,-1,450.000,-1,350.000,350.000,300.000,300.000,-1,-1,-1,-1,-1,-1,-1,-1,2,0,2,0,2,0,0,0,0,2,2,2,2,2,2,2,2
10,-5263.613,2327.217,333.668,5.017,0.993171,-0.087409,-0.077268,0.084864,0.995755,-0.035631,0.080055,0.028830,0.996373,0,0.82335,-0.11247,49.401,-0.225,-1,450.000,-1,450.000,-1,350.000,350.000,300.000,300.000,-1,-1,-1,-1,-1,-1,-1,-1,2,0,2,0,2,0,0,0,0,2,2,2,2,2,2,2,2
11,-5214.186,2331.356,336.956,4.784,0.993777,-0.083363,-0.073881,0.080715,0.996007,-0.038138,0.076765,0.031937,0.996538,0,0.82669,-0.11616,49.601,-0.232,-1,475.000,-1,450.000,-1,375.000,350.000,300.000,300.000,-1,-1,-1,-1,-1,-1,-1,-1,2,0,2,0,2,0,0,0,0,2,2,2,2,2,2,2,2
12,-5164.547,2335.301,339.407,4.544,0.994453,-0.079193,-0.069219,0.076760,0.996358,-0.037141,0.071908,0.031622,0.996910,0,0.82992,-0.11994,49.795,-0.240,-1,450.000,-1,450.000,-1,350.000,350.000,300.000,300.000,-1,-1,-1,-1,-1,-1,-1,-1,2,0,2,0,2,0,0,0,0,2,2,2,2,2,2,2,2
13,-5114.706,2339.045,341.858,4.297,0.995102,-0.074887,-0.064524,0.072662,0.996700,-0.036179,0.067020,0.031313,0.997260,0,0.83304,-0.12381,49.982,-0.248,-1,450.000,-1,450.000,-1,350.000,350.000,300.000,300.000,-1,-1,-1,-1,-1,-1,-1,-1,2,0,2,0,2,0,0,0,0,2,2,2,2,2,2,2,2
14,-5060.067,2342.993,344.537,4.134,0.995632,-0.072054,-0.059367,0.070049,0.996923,-0.035194,0.061720,0.030882,0.997616,0,0.91304,-0.08146,54.782,-0.163,-1,450.000,-1,425.000,-1,350.000,350.000,300.000,300.000,-1,-1,-1,-1,-1,-1,-1,-1,2,0,2,0,2,0,0,0,0,2,2,2,2,2,2,2,2
15,-5003.589,2346.904,347.298,3.962,0.996148,-0.069064,-0.054024,0.067278,0.997148,-0.034206,0.056232,0.030440,0.997954,0,0.94357,-0.08595,56.614,-0.172,-1,450.000,-1,425.000,-1,350.000,350.000,300.000,275.000,-1,-1,-1,-1,-1,-1,-1,-1,2,0,2,0,2,0,0,0,0,2,2,2,2,2,2,2,2
16,-4946.922,2350.648,350.058,3.781,0.996639,-0.065907,-0.048649,0.064333,0.997375,-0.033246,0.050712,0.030005,0.998262,0,0.94653,-0.09070,56.792,-0.181,-1,425.000,-1,425.000,-1,350.000,350.000,275.000,300.000,-1,-1,-1,-1,-1,-1,-1,-1,2,0,2,0,2,0,0,0,0,2,2,2,2,2,2,2,2
17,-4890.078,2354.214,352.817,3.589,0.997103,-0.062579,-0.043245,0.061209,0.997602,-0.032319,0.045164,0.029579,0.998542,0,0.94926,-0.09560,56.956,-0.191,-1,425.000,-1,425.000,-1,350.000,325.000,275.000,300.000,-1,-1,-1,-1,-1,1000.000,-1,-1,2,0,2,0,2,0,0,0,0,2,2,2,2,2,0,2,2
18,-4833.073,2357.588,355.574,3.388,0.997537,-0.059076,-0.037814,0.057901,0.997827,-0.031428,0.039588,0.029161,0.998790,0,0.95177,-0.10062,57.106,-0.201,-1,425.000,-1,425.000,-1,350.000,325.000,275.000,300.000,-1,-1,-1,-1,-1,975.000,-1,-1,2,0,2,0,2,0,0,0,0,2,2,2,2,2,0,2,2
19,-4775.919,2360.759,358.328,3.177,0.997940,-0.055391,-0.032358,0.054406,0.998051,-0.030577,0.033988,0.028754,0.999009,0,0.95403,-0.10578,57.242,-0.212,-1,425.000,-1,425.000,-1,350.000,325.000,300.000,300.000,-1,-1,-1,-1,-1,950.000,-1,-1,2,0,2,0,2,0,0,0,0,2,2,2,2,2,0,2,2
20,-4718.635,2363.715,361.079,2.954,0.998310,-0.051522,-0.026880,0.050718,0.998269,-0.029770,0.028367,0.028357,0.999195,0,0.95602,-0.11107,57.361,-0.222,-1,425.000,-1,425.000,-1,350.000,325.000,300.000,300.000,-1,-1,-1,-1,-1,925.000,-1,-1,2,0,2,0,2,0,0,0,0,2,2,2,2,2,0,2,2
21,-4661.235,2366.443,363.826,2.722,0.998644,-0.047463,-0.021382,0.046834,0.998481,-0.029012,0.022727,0.027971,0.999350,0,0.95775,-0.11649,57.465,-0.233,-1,425.000,-1,425.000,-1,350.000,325.000,300.000,300.000,-1,-1,-1,-1,1000.000,925.000,-1,-1,2,0,2,0,2,0,0,0,0,2,2,2,2,0,0,2,2
22,-4603.737,2368.931,366.464,2.477,0.998935,-0.043209,-0.016157,0.042734,0.998674,-0.028701,0.017375,0.027980,0.999457,0,0.95919,-0.12203,57.551,-0.244,-1,425.000,-1,425.000,-1,350.000,350.000,300.000,325.000,-1,-1,-1,-1,975.000,900.000,-1,-1,2,0,2,0,2,0,0,0,0,2,2,2,2,0,0,2,2
23,-4546.161,2371.165,366.974,2.222,0.999162,-0.038757,-0.013171,0.038358,0.998834,-0.029323,0.014292,0.028793,0.999483,0,0.96033,-0.12768,57.620,-0.255,-1,425.000,-1,425.000,-1,350.000,325.000,300.000,300.000,-1,-1,-1,-1,975.000,875.000,-1,-1,2,0,2,0,2,0,0,0,0,2,2,2,2,0,0,2,2
24,-4488.525,2373.132,366.977,1.955,0.999366,-0.034105,-0.010182,0.033806,0.999028,-0.028274,0.011136,0.027912,0.999548,0,0.96116,-0.13344,57.670,-0.267,-1,425.000,-1,425.000,-1,350.000,325.000,300.000,300.000,-1,-1,-1,-1,950.000,875.000,-1,-1,2,0,2,0,2,0,0,0,0,2,2,2,2,0,0,2,2
25,-4430.850,2374.819,366.968,1.677,0.999546,-0.029248,-0.007190,0.029042,0.999206,-0.027260,0.007982,0.027038,0.999603,0,0.96167,-0.13930,57.700,-0.279,-1,425.000,-1,400.000,-1,325.000,325.000,300.000,300.000,-1,-1,-1,-1,950.000,850.000,-1,-1,2,0,2,0,2,0,0,0,0,2,2,2,2,0,0,2,2
26,-4373.155,2376.215,366.949,1.386,0.999699,-0.024182,-0.004198,0.024064,0.999365,-0.026282,0.004830,0.026173,0.999646,0,0.96186,-0.14524,57.712,-0.290,-1,425.000,-1,400.000,-1,325.000,325.000,300.000,300.000,-1,-1,-1,-1,925.000,850.000,-1,-1,2,0,2,0,2,0,0,0,0,2,2,2,2,0,0,2,2
27,-4315.462,2377.306,366.919,1.084,0.999821,-0.018906,-0.001206,0.018869,0.999501,-0.025342,0.001685,0.025315,0.999678,0,0.96172,-0.15125,57.703,-0.303,-1,425.000,-1,400.000,-1,325.000,325.000,300.000,300.000,-1,-1,-1,-1,900.000,825.000,-1,-1,2,0,2,0,2,0,0,0,0,2,2,2,2,0,0,2,2
28,-4257.793,2378.079,366.879,0.769,0.999908,-0.013417,0.001782,0.013457,0.999611,-0.024444,-0.001453,0.024466,0.999700,0,0.96124,-0.15732,57.674,-0.315,-1,425.000,-1,400.000,-1,325.000,325.000,300.000,300.000,-1,-1,-1,-1,900.000,825.000,-1,-1,2,0,2,0,2,0,0,0,0,2,2,2,2,0,0,2,2
29,-4200.169,2378.524,366.831,0.442,0.999959,-0.007715,0.004764,0.007825,0.999691,-0.023590,-0.004581,0.023626,0.999710,0,0.96043,-0.16342,57.626,-0.327,-1,425.000,-1,400.000,-1,325.000,325.000,300.000,300.000,-1,-1,-1,-1,875.000,800.000,-1,-1,2,0,2,0,2,0,0,0,0,2,2,2,2,0,0,2,2
30,-4142.612,2378.627,366.773,0.103,0.999968,-0.001799,0.007739,0.001975,0.999739,-0.022780,-0.007696,0.022795,0.999711,0,0.95929,-0.16954,57.557,-0.339,-1,400.000,-1,400.000,-1,325.000,325.000,300.000,300.000,-1,-1,-1,-1,875.000,800.000,-1,-1,2,0,2,0,2,0,0,0,0,2,2,2,2,0,0,2,2
31,-4085.143,2378.378,366.707,-0.248,0.999933,0.004331,0.010704,-0.004094,0.999749,-0.022018,-0.010797,0.021973,0.999700,0,0.95782,-0.17564,57.469,-0.351,-1,400.000,-1,400.000,-1,325.000,325.000,300.000,300.000,-1,-1,-1,-1,850.000,775.000,-1,-1,2,0,2,0,2,0,0,0,0,2,2,2,2,0,0,2,2
32,-4027.784,2377.768,366.634,-0.609,0.999850,0.010623,0.013657,-0.010330,0.999720,-0.021305,-0.013879,0.021161,0.999680,0,0.95604,-0.18029,57.363,-0.361,-1,400.000,-1,400.000,-1,325.000,325.000,300.000,300.000,-1,-1,-1,-1,850.000,775.000,-1,-1,2,0,2,0,2,0,0,0,0,2,2,2,2,0,0,2,2
33,-3970.554,2376.793,366.555,-0.975,0.999717,0.017017,0.016594,-0.016673,0.999648,-0.020641,-0.016940,0.020359,0.999649,0,0.95396,-0.18322,57.238,-0.366,-1,400.000,-1,400.000,-1,325.000,325.000,300.000,300.000,-1,-1,-1,-1,825.000,750.000,-1,-1,2,0,2,0,2,0,0,0,0,2,2,2,2,0,0,2,2
34,-3913.474,2375.451,365.902,-1.347,0.999559,0.023503,0.018155,-0.023149,0.999542,-0.019478,-0.018604,0.019049,0.999645,0,0.95159,-0.18588,57.095,-0.372,-1,400.000,-1,400.000,-1,325.000,325.000,300.000,300.000,-1,-1,-1,-1,825.000,750.000,-1,-1,2,0,2,0,2,0,0,0,0,2,2,2,2,0,0,2,2
35,-3856.563,2373.738,364.675,-1.723,0.999372,0.030071,0.018727,-0.029722,0.999385,-0.018617,-0.019276,0.018049,0.999651,0,0.94895,-0.18824,56.937,-0.376,-1,400.000,-1,400.000,-1,325.000,325.000,300.000,300.000,-1,-1,-1,-1,825.000,750.000,-1,-1,2,0,2,0,2,0,0,0,0,2,2,2,2,0,0,2,2
36,-3799.837,2371.654,363.447,-2.104,0.999140,0.036710,0.019291,-0.036368,0.999180,-0.017774,-0.019927,0.017058,0.999656,0,0.94607,-0.19031,56.764,-0.381,-1,400.000,-1,400.000,-1,325.000,325.000,300.000,300.000,-1,-1,-1,-1,800.000,750.000,-1,-1,2,0,2,0,2,0,0,0,0,2,2,2,2,0,0,2,2
37,-3743.313,2369.197,362.221,-2.488,0.998860,0.043409,0.019844,-0.043075,0.998928,-0.016949,-0.020558,0.016075,0.999659,0,0.94297,-0.19208,56.578,-0.384,-1,400.000,-1,400.000,-1,325.000,325.000,300.000,300.000,-1,-1,-1,-1,800.000,750.000,-1,-1,2,0,2,0,2,0,0,0,0,2,2,2,2,0,0,2,2
38,-3687.002,2366.369,360.996,-2.875,0.998533,0.050158,0.020387,-0.049833,0.998627,-0.016140,-0.021168,0.015101,0.999662,0,0.93969,-0.19355,56.381,-0.387,-1,400.000,-1,400.000,-1,325.000,325.000,300.000,300.000,-1,-1,-1,-1,800.000,750.000,-1,-1,2,0,2,0,2,0,0,0,0,2,2,2,2,0,0,2,2
39,-3630.918,2363.169,359.776,-3.265,0.998158,0.056945,0.020919,-0.056630,0.998277,-0.015348,-0.021757,0.014135,0.999663,0,0.93626,-0.19471,56.175,-0.389,-1,400.000,-1,400.000,-1,325.000,325.000,300.000,300.000,-1,-1,-1,-1,800.000,750.000,-1,-1,2,0,2,0,2,0,0,0,0,2,2,2,2,0,0,2,2
40,-3575.069,2359.601,358.560,-3.656,0.997735,0.063759,0.021442,-0.063455,0.997878,-0.014572,-0.022325,0.013178,0.999664,0,0.93272,-0.19556,55.963,-0.391,-1,400.000,-1,400.000,-1,325.000,325.000,300.000,300.000,-1,-1,-1,-1,800.000,750.000,-1,-1,2,0,2,0,2,0,0,0,0,2,2,2,2,0,0,2,2
41,-3519.462,2355.665,357.350,-4.048,0.997264,0.070589,0.021953,-0.070297,0.997431,-0.013810,-0.022871,0.012229,0.999664,0,0.92911,-0.19611,55.747,-0.392,-1,400.000,-1,400.000,-1,325.000,325.000,300.000,300.000,-1,-1,-1,-1,800.000,750.000,-1,-1,2,0,2,0,2,0,0,0,0,2,2,2,2,0,0,2,2
42,-3464.100,2351.366,356.146,-4.441,0.996745,0.077425,0.022454,-0.077145,0.996934,-0.013063,-0.023396,0.011289,0.999663,0,0.92547,-0.19635,55.528,-0.393,-1,400.000,-1,400.000,-1,325.000,325.000,300.000,300.000,-1,-1,-1,-1,800.000,750.000,-1,-1,2,0,2,0,2,0,0,0,0,2,2,2,2,0,0,2,2
43,-3408.987,2346.705,354.952,-4.833,0.996180,0.084254,0.022943,-0.083988,0.996390,-0.012330,-0.023899,0.010356,0.999661,0,0.92183,-0.19629,55.310,-0.393,-1,400.000,-1,400.000,-1,325.000,325.000,300.000,300.000,-1,-1,-1,-1,800.000,750.000,-1,-1,2,0,2,0,2,0,0,0,0,2,2,2,2,0,0,2,2
44,-3353.095,2341.357,353.744,-5.466,0.995177,0.095251,0.023433,-0.095000,0.995410,-0.011607,-0.024431,0.009324,0.999658,0,0.93578,-0.31629,56.147,-0.633,-1,400.000,-1,375.000,-1,325.000,325.000,300.000,300.000,-1,-1,-1,-1,775.000,750.000,-1,-1,2,0,2,0,2,0,0,0,0,2,2,2,2,0,0,2,2
45,-3297.479,2335.179,352.512,-6.339,0.993602,0.110400,0.023812,-0.110170,0.993854,-0.010768,-0.024855,0.008076,0.999658,0,0.93264,-0.43629,55.958,-0.873,-1,400.000,-1,375.000,-1,325.000,325.000,300.000,300.000,-1,-1,-1,-1,775.000,750.000,-1,-1,2,0,2,0,2,0,0,0,0,2,2,2,2,0,0,2,2
46,-3242.147,2327.942,351.196,-7.451,0.991268,0.129678,0.023918,-0.129477,0.991534,-0.009789,-0.024985,0.006606,0.999666,0,0.93004,-0.55629,55.803,-1.113,-1,400.000,-1,400.000,-1,325.000,325.000,300.000,300.000,-1,-1,-1,-1,775.000,750.000,-1,-1,2,0,2,0,2,0,0,0,0,2,2,2,2,0,0,2,2
47,-3184.116,2318.955,349.704,-8.804,0.987930,0.153048,0.023903,-0.152868,0.988204,-0.009169,-0.025024,0.005404,0.999672,0,0.97872,-0.67629,58.723,-1.353,-1,400.000,-1,400.000,-1,325.000,325.000,300.000,300.000,-1,-1,-1,-1,775.000,750.000,-1,-1,2,0,2,0,2,0,0,0,0,2,2,2,2,0,0,2,2
48,-3126.410,2308.367,348.220,-10.396,0.983294,0.180454,0.023868,-0.180298,0.983575,-0.008562,-0.025021,0.004116,0.999678,0,0.97783,-0.79629,58.670,-1.593,-1,400.000,-1,400.000,-1,325.000,325.000,300.000,300.000,-1,-1,-1,-1,775.000,750.000,-1,-1,2,0,2,0,2,0,0,0,0,2,2,2,2,0,0,2,2
49,-3069.108,2295.948,346.746,-12.229,0.977019,0.211816,0.023809,-0.211684,0.977306,-0.007971,-0.024957,0.002748,0.999685,0,0.97719,-0.91629,58.632,-1.833,-1,400.000,-1,375.000,-1,325.000,325.000,300.000,300.000,-1,-1,-1,-1,775.000,750.000,-1,-1,2,0,2,0,2,0,0,0,0,2,2,2,2,0,0,2,2
50,-3012.295,2281.542,345.285,-14.229,0.969031,0.245796,0.023725,-0.245688,0.969321,-0.007401,-0.024816,0.001343,0.999691,0,0.97685,-1.00000,58.611,-2.000,-1,400.000,-1,375.000,-1,325.000,325.000,300.000,300.000,-1,-1,-1,-1,775.000,750.000,-1,-1,2,0,2,0,2,0,0,0,0,2,2,2,2,0,0,2,2
51,-2956.029,2265.164,343.841,-16.229,0.959863,0.279475,0.023615,-0.279391,0.960153,-0.006855,-0.024590,-0.000017,0.999698,0,0.97670,-1.00000,58.602,-2.000,-1,400.000,-1,375.000,-1,325.000,325.000,300.000,300.000,-1,-1,-1,-1,775.000,750.000,-1,-1,2,0,2,0,2,0,0,0,0,2,2,2,2,0,0,2,2
52,-2900.384,2246.838,342.419,-18.229,0.949524,0.312813,0.023481,-0.312752,0.949814,-0.006334,-0.024284,-0.001330,0.999704,0,0.97641,-1.00000,58.584,-2.000,-1,400.000,-1,375.000,-1,325.000,325.000,300.000,300.000,-1,-1,-1,-1,775.000,750.000,-1,-1,2,0,2,0,2,0,0,0,0,2,2,2,2,0,0,2,2
53,-2845.438,2226.590,341.024,-20.229,0.938029,0.345770,0.023327,-0.345730,0.938316,-0.005834,-0.023905,-0.002592,0.999711,0,0.97598,-1.00000,58.559,-2.000,-1,400.000,-1,375.000,-1,325.000,325.000,300.000,300.000,-1,-1,-1,-1,775.000,750.000,-1,-1,2,0,2,0,2,0,0,0,0,2,2,2,2,0,0,2,2
54,-2791.263,2204.450,339.663,-22.229,0.925392,0.378305,0.023155,-0.378286,0.925673,-0.005358,-0.023460,-0.003801,0.999718,0,0.97540,-1.00000,58.524,-2.000,-1,400.000,-1,375.000,-1,325.000,325.000,300.000,300.000,-1,-1,-1,-1,775.000,750.000,-1,-1,2,0,2,0,2,0,0,0,0,2,2,2,2,0,0,2,2
55,-2737.934,2180.451,338.338,-24.229,0.911626,0.410378,0.022977,-0.410378,0.911902,-0.004895,-0.022961,-0.004967,0.999724,0,0.97467,-1.00000,58.480,-2.000,-1,400.000,-1,400.000,-1,325.000,325.000,300.000,300.000,-1,-1,-1,-1,775.000,750.000,-1,-1,2,0,2,0,2,0,0,0,0,2,2,2,2,0,0,2,2
56,-2689.681,2156.929,337.116,-25.989,0.898589,0.438188,0.022979,-0.438209,0.898862,-0.004387,-0.022577,-0.006127,0.999726,0,0.89467,-0.88000,53.680,-1.760,-1,400.000,-1,400.000,-1,325.000,325.000,300.000,300.000,-1,-1,-1,-1,775.000,750.000,-1,-1,2,0,2,0,2,0,0,0,0,2,2,2,2,0,0,2,2
57,-2646.397,2134.218,336.012,-27.685,0.885222,0.464596,0.023081,-0.464636,0.885493,-0.003889,-0.022245,-0.007282,0.999726,0,0.81467,-0.84799,48.880,-1.696,-1,400.000,-1,400.000,-1,325.000,325.000,300.000,300.000,-1,-1,-1,-1,775.000,750.000,-1,-1,2,0,2,0,2,0,0,0,0,2,2,2,2,0,0,2,2
58,-2606.805,2111.924,335.014,-29.385,0.871046,0.490653,0.023189,-0.490713,0.871315,-0.003435,-0.021891,-0.008387,0.999725,0,0.75729,-0.84990,45.437,-1.700,-1,400.000,-1,400.000,-1,325.000,325.000,300.000,300.000,-1,-1,-1,-1,775.000,750.000,-1,-1,2,0,2,0,2,0,0,0,1,2,2,2,2,0,0,2,2
59,-2567.929,2088.484,334.044,-31.088,0.856073,0.516329,0.023306,-0.516407,0.856338,-0.002997,-0.021506,-0.009470,0.999724,0,0.75660,-0.85160,45.396,-1.703,-1,400.000,-1,400.000,-1,325.000,325.000,300.000,300.000,-1,-1,-1,-1,775.000,750.000,-1,-1,2,0,2,0,2,0,0,0,1,2,2,2,2,0,0,2,2
60,-2529.807,2063.921,333.087,-32.794,0.840315,0.541596,0.023354,-0.541691,0.840574,-0.002603,-0.021040,-0.010463,0.999724,0,0.75584,-0.85326,45.350,-1.707,-1,400.000,-1,400.000,-1,325.000,325.000,300.000,300.000,-1,-1,-1,-1,775.000,750.000,-1,-1,2,0,2,0,2,0,0,0,1,2,2,2,2,0,0,2,2
61,-2492.476,2038.260,332.146,-34.504,0.823781,0.566428,0.023340,-0.566538,0.824033,-0.002244,-0.020504,-0.011375,0.999725,0,0.75500,-0.85485,45.300,-1.710,-1,400.000,-1,400.000,-1,325.000,325.000,300.000,275.000,-1,-1,-1,-1,775.000,750.000,-1,-1,2,0,2,0,2,0,0,0,1,2,2,2,2,0,0,2,2
62,-2455.972,2011.527,331.345,-36.217,0.806485,0.590795,0.023310,-0.590929,0.806722,-0.001381,-0.019620,-0.012661,0.999727,0,0.75410,-0.85638,45.246,-1.713,-1,400.000,-1,400.000,-1,325.000,325.000,300.000,275.000,-1,-1,-1,-1,775.000,750.000,-1,-1,2,0,2,0,2,0,0,0,1,2,2,2,2,0,0,2,2
63,-2420.331,1983.749,330.481,-37.933,0.788435,0.614676,0.023321,-0.614825,0.788663,-0.000996,-0.019004,-0.013553,0.999728,0,0.75312,-0.85785,45.187,-1.716,-1,400.000,-1,400.000,-1,325.000,325.000,300.000,275.000,-1,-1,-1,-1,775.000,750.000,-1,-1,2,0,2,0,2,0,0,0,1,2,2,2,2,0,0,2,2
64,-2385.588,1954.955,329.480,-39.651,0.769642,0.638049,0.023325,-0.638196,0.769872,-0.001449,-0.018882,-0.013771,0.999727,0,0.75207,-0.85925,45.124,-1.718,-1,400.000,-1,400.000,-1,325.000,325.000,300.000,275.000,-1,-1,-1,-1,775.000,750.000,-1,-1,2,0,2,0,2,0,0,0,1,2,2,2,2,0,0,2,2
65,-2351.775,1925.174,328.610,-41.372,0.750130,0.660880,0.023311,-0.661033,0.750355,-0.001465,-0.018460,-0.014311,0.999727,0,0.75096,-0.86058,45.058,-1.721,-1,400.000,-1,400.000,-1,325.000,325.000,300.000,250.000,-1,-1,-1,-1,775.000,750.000,-1,-1,2,0,2,0,2,0,0,0,1,2,2,2,2,0,0,2,2
66,-2318.925,1894.438,327.776,-43.096,0.729910,0.683146,0.023284,-0.683305,0.730131,-0.001496,-0.018022,-0.014818,0.999728,0,0.74978,-0.86185,44.987,-1.724,-1,400.000,-1,400.000,-1,325.000,325.000,300.000,250.000,-1,-1,-1,-1,775.000,750.000,-1,-1,2,0,2,0,2,0,0,0,1,2,2,2,2,0,0,2,2
67,-2287.068,1862.779,326.967,-44.822,0.709002,0.704823,0.023251,-0.704989,0.709217,-0.001471,-0.017527,-0.015349,0.999729,0,0.74854,-0.86304,44.913,-1.726,-1,400.000,-1,400.000,-1,325.000,325.000,300.000,250.000,-1,-1,-1,-1,775.000,750.000,-1,-1,2,0,2,0,2,0,0,0,1,2,2,2,2,0,0,2,2
68,-2256.235,1830.230,326.176,-46.550,0.687423,0.725886,0.023225,-0.726059,0.687631,-0.001355,-0.016953,-0.015931,0.999729,0,0.74724,-0.86416,44.835,-1.728,-1,400.000,-1,400.000,-1,325.000,325.000,300.000,250.000,-1,-1,-1,-1,775.000,750.000,-1,-1,2,0,2,0,2,0,0,0,1,2,2,2,2,0,0,2,2
69,-2226.452,1796.826,325.404,-48.281,0.665192,0.746311,0.023212,-0.746494,0.665391,-0.001158,-0.016309,-0.016558,0.999730,0,0.74589,-0.86521,44.753,-1.730,-1,400.000,-1,400.000,-1,325.000,325.000,300.000,225.000,-1,-1,-1,-1,750.000,750.000,-1,-1,2,0,2,0,2,0,0,0,1,2,2,2,2,0,0,2,2
70,-2197.747,1762.601,324.671,-50.013,0.642329,0.766078,0.023205,-0.766269,0.642519,-0.000971,-0.015653,-0.017158,0.999730,0,0.74448,-0.86618,44.669,-1.732,-1,400.000,-1,400.000,-1,325.000,325.000,300.000,225.000,-1,-1,-1,-1,750.000,750.000,-1,-1,2,0,2,0,2,0,0,0,1,2,2,2,2,0,0,2,2
71,-2170.145,1727.592,323.978,-51.747,0.618854,0.785163,0.023202,-0.785363,0.619035,-0.000796,-0.014988,-0.017729,0.999730,0,0.74302,-0.86707,44.581,-1.734,-1,400.000,-1,400.000,-1,325.000,325.000,300.000,225.000,-1,-1,-1,-1,750.000,750.000,-1,-1,2,0,2,0,2,0,0,0,1,2,2,2,2,0,0,2,2
72,-2143.670,1691.835,323.327,-53.483,0.594791,0.803546,0.023181,-0.803753,0.594963,-0.000634,-0.014302,-0.018255,0.999731,0,0.74153,-0.86788,44.492,-1.736,-1,400.000,-1,400.000,-1,325.000,325.000,300.000,225.000,-1,-1,-1,-1,750.000,750.000,-1,-1,2,0,2,0,2,0,0,0,1,2,2,2,2,0,0,2,2
73,-2118.343,1655.368,322.718,-55.220,0.570162,0.821206,0.023156,-0.821420,0.570324,-0.000484,-0.013604,-0.018744,0.999732,0,0.73999,-0.86862,44.399,-1.737,-1,400.000,-1,400.000,-1,325.000,325.000,300.000,225.000,-1,-1,-1,-1,750.000,750.000,-1,-1,2,0,2,0,2,0,0,0,1,2,2,2,2,0,0,2,2
74,-2094.186,1618.228,322.150,-56.959,0.544990,0.838124,0.023125,-0.838343,0.545142,-0.000347,-0.012898,-0.019198,0.999733,0,0.73842,-0.86928,44.305,-1.739,-1,400.000,-1,400.000,-1,325.000,325.000,300.000,225.000,-1,-1,-1,-1,725.000,750.000,-1,-1,2,0,2,0,2,0,0,0,1,2,2,2,2,1,0,2,2
75,-2071.218,1580.454,321.623,-58.698,0.519299,0.854280,0.023092,-0.854506,0.519442,-0.000223,-0.012186,-0.019616,0.999733,0,0.73682,-0.86986,44.209,-1.740,-1,400.000,-1,400.000,-1,325.000,325.000,300.000,225.000,-1,-1,-1,-1,700.000,750.000,1000.000,-1,2,0,2,0,2,0,0,0,1,2,2,2,2,1,0,1,2
76,-2049.455,1542.084,321.136,-60.439,0.493115,0.869658,0.023054,-0.869888,0.493249,-0.000114,-0.011470,-0.019999,0.999734,0,0.73520,-0.87036,44.112,-1.741,-1,400.000,-1,400.000,-1,325.000,325.000,300.000,225.000,-1,-1,-1,-1,675.000,750.000,925.000,-1,2,0,2,0,2,0,0,0,1,2,2,2,2,1,0,1,2
77,-2028.915,1503.157,320.688,-62.181,0.466463,0.884241,0.023022,-0.884475,0.466588,-0.000020,-0.010759,-0.020353,0.999735,0,0.73356,-0.87078,44.013,-1.742,-1,400.000,-1,400.000,-1,325.000,325.000,300.000,225.000,-1,-1,-1,-1,650.000,775.000,850.000,-1,2,0,2,0,2,0,0,0,1,2,2,2,2,1,0,1,2
78,-2009.611,1463.713,320.266,-63.923,0.439369,0.898011,0.023059,-0.898250,0.439485,0.000042,-0.010097,-0.020731,0.999734,0,0.73191,-0.87112,43.914,-1.742,975.000,375.000,-1,400.000,-1,325.000,325.000,300.000,225.000,-1,-1,-1,-1,625.000,775.000,800.000,-1,1,1,2,0,2,0,0,0,1,2,2,2,2,1,0,1,2
79,-1991.556,1423.790,320.070,-65.666,0.411841,0.910941,0.023939,-0.911201,0.411962,-0.000133,-0.009983,-0.021759,0.999713,0,0.73025,-0.87138,43.815,-1.743,850.000,375.000,-1,400.000,-1,325.000,325.000,300.000,250.000,-1,-1,-1,-1,600.000,775.000,725.000,-1,1,1,2,0,2,0,0,0,1,2,2,2,2,1,0,1,2
80,-1974.762,1383.429,319.752,-67.409,0.383944,0.923043,0.024075,-0.923309,0.384059,-0.000172,-0.009405,-0.022162,0.999710,0,0.72860,-0.87156,43.716,-1.743,750.000,375.000,-1,400.000,-1,325.000,325.000,300.000,250.000,-1,-1,-1,-1,575.000,775.000,675.000,-1,1,1,2,0,2,0,0,0,1,2,2,2,2,1,0,1,2
81,-1959.240,1342.668,319.257,-69.152,0.355706,0.934308,0.023278,-0.934561,0.355803,-0.000054,-0.008332,-0.021735,0.999729,0,0.72695,-0.87166,43.617,-1.743,675.000,375.000,-1,400.000,-1,325.000,325.000,300.000,250.000,-1,-1,-1,-1,550.000,775.000,625.000,-1,1,1,2,0,2,0,0,0,1,2,2,2,2,1,0,1,2
82,-1944.996,1301.546,318.831,-70.896,0.327134,0.944707,0.022626,-0.944949,0.327217,0.000023,-0.007382,-0.021388,0.999744,0,0.72531,-0.87169,43.518,-1.743,600.000,375.000,-1,400.000,-1,325.000,325.000,300.000,250.000,-1,-1,-1,-1,550.000,775.000,575.000,-1,1,1,2,0,2,0,0,0,1,2,2,2,2,1,0,1,2
83,-1933.289,1264.640,318.540,-72.399,0.302245,0.952969,0.022305,-0.953207,0.302320,0.000007,-0.006737,-0.021263,0.999751,0,0.64531,-0.75169,38.718,-1.503,550.000,350.000,-1,400.000,-1,325.000,325.000,300.000,250.000,-1,-1,-1,-1,550.000,775.000,550.000,-1,1,1,2,0,2,0,0,0,1,2,2,2,2,1,0,1,2
84,-1923.747,1232.091,318.308,-73.662,0.281167,0.959406,0.022013,-0.959639,0.281236,-0.000014,-0.006205,-0.021121,0.999758,0,0.56531,-0.63169,33.918,-1.263,525.000,350.000,-1,400.000,-1,325.000,325.000,300.000,250.000,-1,-1,-1,-1,525.000,775.000,525.000,-1,1,1,2,0,2,0,0,0,1,2,2,2,2,1,0,1,2
85,-1916.057,1204.006,318.280,-74.686,0.264008,0.964292,0.021002,-0.964506,0.264060,0.000286,-0.005269,-0.020332,0.999779,0,0.48531,-0.51169,29.118,-1.023,475.000,350.000,-1,400.000,-1,325.000,325.000,300.000,250.000,-1,-1,-1,-1,525.000,775.000,500.000,-1,1,1,2,0,2,0,0,0,1,2,2,2,2,1,0,1,2
86,-1909.956,1180.466,318.352,-75.469,0.250822,0.967832,0.019755,-0.968024,0.250857,0.000737,-0.004243,-0.019308,0.999805,0,0.40531,-0.39169,24.318,-0.783,475.000,350.000,-1,400.000,-1,325.000,325.000,325.000,250.000,-1,-1,-1,-1,525.000,800.000,475.000,-1,1,1,2,0,2,0,0,0,1,2,2,2,2,1,0,1,2
87,-1905.238,1161.526,318.425,-76.012,0.241649,0.970183,0.018716,-0.970358,0.241671,0.001133,-0.003423,-0.018435,0.999824,0,0.32531,-0.27169,19.518,-0.543,450.000,350.000,-1,400.000,-1,325.000,325.000,325.000,250.000,-1,-1,-1,-1,525.000,800.000,475.000,-1,1,1,2,0,2,0,0,0,1,2,2,2,2,1,0,1,2
88,-1901.756,1147.225,318.488,-76.316,0.236521,0.971461,0.017907,-0.971622,0.236533,0.001449,-0.002828,-0.017742,0.999839,0,0.24531,-0.15169,14.718,-0.303,450.000,350.000,-1,400.000,-1,325.000,325.000,325.000,250.000,-1,-1,-1,-1,525.000,800.000,475.000,-1,1,1,2,0,2,0,0,0,1,2,2,2,2,1,0,1,2
89,-1899.421,1137.585,318.535,-76.379,0.235454,0.971731,0.017346,-0.971882,0.235461,0.001664,-0.002468,-0.017250,0.999848,0,0.16531,-0.03169,9.918,-0.063,425.000,350.000,-1,400.000,-1,325.000,325.000,325.000,250.000,-1,-1,-1,-1,525.000,800.000,450.000,-1,1,1,2,0,2,0,0,0,1,2,2,2,2,1,0,1,2
90,-1898.200,1132.615,318.561,-76.203,0.238451,0.971005,0.017048,-0.971152,0.238456,0.001760,-0.002356,-0.016976,0.999853,0,0.08531,0.08831,5.118,0.177,425.000,350.000,-1,400.000,-1,325.000,325.000,325.000,250.000,-1,-1,-1,-1,525.000,800.000,450.000,-1,1,1,2,0,2,0,0,0,1,2,2,2,2,1,0,1,2
91,-1898.123,1132.306,318.561,-76.001,0.241872,0.970159,0.017031,-0.970305,0.241878,0.001749,-0.002422,-0.016948,0.999853,0,0.00531,0.10100,0.318,0.202,425.000,350.000,-1,400.000,-1,325.000,325.000,325.000,250.000,-1,-1,-1,-1,525.000,800.000,450.000,-1,1,1,2,0,2,0,0,0,1,2,2,2,2,1,0,1,2
92,-1899.222,1136.650,318.537,-75.799,0.245287,0.969296,0.017302,-0.969447,0.245296,0.001631,-0.002663,-0.017174,0.999849,0,-0.07469,0.10101,-4.482,0.202,425.000,350.000,-1,400.000,-1,325.000,325.000,325.000,250.000,-1,-1,-1,-1,525.000,800.000,450.000,-1,1,1,2,0,2,0,0,0,1,2,2,2,2,1,0,1,2
93,-1901.531,1145.640,318.491,-75.597,0.248693,0.968418,0.017852,-0.968578,0.248708,0.001414,-0.003071,-0.017643,0.999840,0,-0.15469,0.10093,-9.282,0.202,450.000,350.000,-1,400.000,-1,325.000,325.000,325.000,250.000,-1,-1,-1,-1,525.000,800.000,450.000,-1,1,1,2,0,2,0,0,0,1,2,2,2,2,1,0,1,2
94,-1905.081,1159.267,318.430,-75.395,0.252086,0.967525,0.018651,-0.967698,0.252110,0.001112,-0.003626,-0.018329,0.999825,0,-0.23469,0.10078,-14.082,0.202,450.000,350.000,-1,400.000,-1,325.000,325.000,325.000,250.000,-1,-1,-1,-1,525.000,800.000,475.000,-1,1,1,2,0,2,0,0,0,1,2,2,2,2,1,0,1,2
95,-1909.906,1177.521,318.366,-75.194,0.255465,0.966619,0.019653,-0.966809,0.255500,0.000750,-0.004296,-0.019193,0.999807,0,-0.31469,0.10056,-18.882,0.201,475.000,350.000,-1,400.000,-1,325.000,325.000,325.000,250.000,-1,-1,-1,-1,525.000,800.000,475.000,-1,1,1,2,0,2,0,0,0,1,2,2,2,2,1,0,1,2
96,-1915.513,1198.791,318.322,-75.233,0.254793,0.966774,0.020677,-0.966983,0.254839,0.000406,-0.004877,-0.020098,0.999786,0,-0.36661,-0.01944,-21.997,-0.039,475.000,350.000,-1,400.000,-1,325.000,325.000,300.000,250.000,-1,-1,-1,-1,525.000,800.000,500.000,-1,1,1,2,0,2,0,0,0,1,2,2,2,2,1,0,1,2
97,-1920.905,1219.661,318.313,-75.512,0.250072,0.967988,0.021513,-0.968213,0.250127,0.000145,-0.005241,-0.020866,0.999769,0,-0.35925,-0.13944,-21.555,-0.279,500.000,375.000,-1,400.000,-1,325.000,325.000,300.000,250.000,-1,-1,-1,-1,550.000,775.000,500.000,-1,1,1,2,0,2,0,0,0,1,2,2,2,2,1,0,1,2
98,-1926.025,1240.060,318.370,-75.912,0.243298,0.969702,0.022004,-0.969937,0.243356,0.000032,-0.005324,-0.021351,0.999758,0,-0.35054,-0.20013,-21.032,-0.400,500.000,375.000,-1,400.000,-1,325.000,325.000,300.000,250.000,-1,-1,-1,-1,550.000,775.000,525.000,-1,1,1,2,0,2,0,0,0,1,2,2,2,2,1,0,1,2
99,-1930.869,1259.953,318.491,-76.312,0.236515,0.971375,0.022159,-0.971614,0.236572,0.000069,-0.005175,-0.021546,0.999754,0,-0.34123,-0.20023,-20.474,-0.400,525.000,375.000,-1,400.000,-1,325.000,325.000,300.000,250.000,-1,-1,-1,-1,550.000,775.000,550.000,-1,1,1,2,0,2,0,0,0,1,2,2,2,2,1,0,1,2
100,-1935.449,1279.346,318.608,-76.713,0.229725,0.973000,0.022309,-0.973243,0.229780,0.000101,-0.005028,-0.021735,0.999751,0,-0.33211,-0.20009,-19.927,-0.400,550.000,375.000,-1,400.000,-1,325.000,325.000,300.000,250.000,-1,-1,-1,-1,575.000,775.000,575.000,-1,1,1,2,0,2,0,0,0,1,2,2,2,2,1,0,1,2
101,-1939.774,1298.249,318.721,-77.112,0.222936,0.974574,0.022456,-0.974821,0.222990,0.000132,-0.004879,-0.021920,0.999748,0,-0.32319,-0.19974,-19.392,-0.399,575.000,375.000,-1,400.000,-1,325.000,325.000,300.000,250.000,-1,-1,-1,-1,575.000,775.000,575.000,-1,1,1,2,0,2,0,0,0,1,2,2,2,2,1,0,1,2
102,-1942.989,1312.482,318.805,-77.272,0.220223,0.975188,0.022572,-0.975438,0.220275,0.000153,-0.004823,-0.022052,0.999745,0,-0.24319,-0.07974,-14.592,-0.159,575.000,375.000,-1,400.000,-1,325.000,325.000,300.000,250.000,-1,-1,-1,-1,575.000,775.000,600.000,-1,1,1,2,0,2,0,0,0,1,2,2,2,2,1,0,1,2
103,-1945.160,1322.030,318.862,-77.191,0.221592,0.974876,0.022656,-0.975127,0.221645,0.000163,-0.004863,-0.022128,0.999743,0,-0.16319,0.04026,-9.792,0.081,575.000,375.000,-1,400.000,-1,325.000,325.000,300.000,250.000,-1,-1,-1,-1,575.000,775.000,600.000,-1,1,1,2,0,2,0,0,0,1,2,2,2,2,1,0,1,2
104,-1946.294,1326.891,318.891,-76.871,0.227040,0.973621,0.022705,-0.973873,0.227095,0.000163,-0.004997,-0.022149,0.999742,0,-0.08319,0.16026,-4.992,0.321,600.000,375.000,-1,400.000,-1,325.000,325.000,300.000,250.000,-1,-1,-1,-1,575.000,775.000,600.000,-1,1,1,2,0,2,0,0,0,1,2,2,2,2,1,0,1,2
105,-1946.339,1327.077,318.890,-76.310,0.236551,0.971353,0.022721,-0.971605,0.236609,0.000153,-0.005227,-0.022113,0.999742,0,-0.00319,0.28026,-0.192,0.561,600.000,375.000,-1,400.000,-1,325.000,325.000,300.000,250.000,-1,-1,-1,-1,575.000,775.000,600.000,-1,1,1,2,0,2,0,0,0,1,2,2,2,2,1,0,1,2
106,-1945.194,1322.614,318.859,-75.610,0.248404,0.968390,0.022703,-0.968641,0.248465,0.000137,-0.005508,-0.022025,0.999742,0,0.07681,0.35019,4.608,0.700,600.000,375.000,-1,400.000,-1,325.000,325.000,300.000,250.000,-1,-1,-1,-1,575.000,775.000,600.000,-1,1,1,2,0,2,0,0,0,1,2,2,2,2,1,0,1,2
107,-1942.744,1313.530,318.794,-74.910,0.260215,0.965285,0.022648,-0.965533,0.260279,0.000116,-0.005783,-0.021897,0.999744,0,0.15681,0.35004,9.408,0.700,600.000,375.000,-1,400.000,-1,325.000,325.000,300.000,250.000,-1,-1,-1,-1,575.000,775.000,600.000,-1,1,1,2,0,2,0,0,0,1,2,2,2,2,1,0,1,2
108,-1938.878,1299.858,318.693,-74.210,0.271980,0.962038,0.022557,-0.962284,0.272047,0.000092,-0.006049,-0.021732,0.999746,0,0.23681,0.34981,14.208,0.700,575.000,375.000,-1,400.000,-1,325.000,325.000,300.000,250.000,-1,-1,-1,-1,550.000,775.000,575.000,-1,1,1,2,0,2,0,0,0,1,2,2,2,2,1,0,1,2
109,-1933.483,1281.631,318.555,-73.511,0.283699,0.958651,0.022435,-0.958893,0.283769,0.000064,-0.006305,-0.021531,0.999748,0,0.31681,0.34961,19.008,0.699,575.000,375.000,-1,400.000,-1,325.000,325.000,300.000,250.000,-1,-1,-1,-1,550.000,775.000,550.000,-1,1,1,2,0,2,0,0,0,1,2,2,2,2,1,0,1,2
110,-1926.447,1258.886,318.379,-72.812,0.295374,0.955122,0.022283,-0.955359,0.295446,0.000035,-0.006550,-0.021298,0.999752,0,0.39681,0.34956,23.808,0.699,550.000,350.000,-1,400.000,-1,325.000,325.000,300.000,250.000,-1,-1,-1,-1,525.000,775.000,525.000,-1,1,1,2,0,2,0,0,0,1,2,2,2,2,1,0,1,2
111,-1917.660,1231.661,318.163,-72.112,0.307014,0.951448,0.022100,-0.951681,0.307089,-0.000001,-0.006787,-0.021031,0.999756,0,0.47681,0.34983,28.608,0.700,525.000,350.000,-1,400.000,-1,325.000,325.000,300.000,250.000,-1,-1,-1,-1,525.000,775.000,500.000,-1,1,1,2,0,2,0,0,0,1,2,2,2,2,1,0,1,2
112,-1907.010,1199.995,317.964,-71.411,0.318640,0.947629,0.021614,-0.947851,0.318713,0.000060,-0.006832,-0.020506,0.999766,0,0.55681,0.35061,33.408,0.701,500.000,350.000,-1,400.000,-1,325.000,325.000,300.000,250.000,-1,-1,-1,-1,500.000,775.000,475.000,-1,1,1,2,0,2,1,0,0,1,2,2,2,2,1,0,1,2
113,-1894.387,1163.933,318.033,-70.707,0.330296,0.943674,0.019574,-0.943859,0.330347,0.000650,-0.005853,-0.018690,0.999808,0,0.63681,0.35209,38.208,0.704,475.000,350.000,-1,400.000,-1,325.000,325.000,325.000,275.000,-1,-1,-1,-1,500.000,775.000,450.000,-1,1,1,2,0,2,1,0,0,1,2,2,2,2,1,0,1,2
114,-1879.676,1123.518,318.239,-69.998,0.341992,0.939556,0.016613,-0.939693,0.342015,0.001494,-0.004279,-0.016122,0.999861,0,0.71681,0.35452,43.008,0.709,450.000,325.000,-1,400.000,-1,300.000,325.000,325.000,275.000,-1,-1,-1,-1,475.000,800.000,425.000,-1,1,1,2,0,2,1,0,0,1,2,2,2,2,1,0,1,2
115,-1862.763,1078.802,318.634,-69.281,0.353756,0.935254,0.012477,-0.935336,0.353752,0.002638,-0.001947,-0.012603,0.999919,0,0.79681,0.35814,47.808,0.716,400.000,325.000,-1,400.000,-1,300.000,325.000,325.000,275.000,-1,-1,-1,-1,450.000,825.000,400.000,-1,1,1,2,0,2,1,0,0,1,2,2,2,2,1,0,1,2
116,-1843.868,1030.696,319.261,-68.555,0.365619,0.930738,0.006982,-0.930764,0.365599,0.004094,0.001258,-0.007995,0.999967,0,0.86139,0.36323,51.684,0.726,375.000,325.000,-1,400.000,-1,300.000,325.000,350.000,300.000,-1,1000.000,825.000,-1,450.000,825.000,375.000,-1,1,1,2,0,2,1,0,0,1,2,0,0,2,1,0,1,2
117,-1824.733,983.773,320.079,-67.815,0.377606,0.925966,0.000543,-0.925953,0.377597,0.005694,0.005067,-0.002653,0.999984,0,0.84458,0.36991,50.675,0.740,350.000,300.000,-1,425.000,-1,300.000,350.000,350.000,300.000,-1,775.000,600.000,600.000,425.000,850.000,350.000,-1,1,1,2,0,2,1,0,0,1,2,0,0,1,1,0,1,2
118,-1802.911,932.771,321.204,-66.835,0.393320,0.919369,-0.007728,-0.919348,0.393374,0.007519,0.009953,0.004147,0.999942,0,0.92458,0.48991,55.475,0.980,325.000,300.000,-1,425.000,-1,275.000,350.000,375.000,300.000,-1,600.000,425.000,475.000,400.000,900.000,325.000,-1,1,1,2,0,2,1,1,0,0,2,0,0,1,1,0,1,2
119,-1779.056,878.956,322.700,-66.095,0.404976,0.914149,-0.018040,-0.914183,0.405184,0.009753,0.016226,0.012542,0.999790,0,0.98108,0.36991,58.865,0.740,325.000,300.000,-1,450.000,-1,275.000,325.000,400.000,300.000,-1,475.000,325.000,450.000,400.000,925.000,300.000,-1,1,1,2,0,2,1,1,0,0,2,0,0,1,1,0,1,2
120,-1754.798,825.495,324.508,-65.596,0.412585,0.910428,-0.029897,-0.910614,0.413074,0.012321,0.023567,0.022141,0.999477,0,0.97844,0.24991,58.706,0.500,300.000,275.000,-1,475.000,-1,275.000,325.000,425.000,275.000,-1,400.000,225.000,425.000,375.000,925.000,275.000,-1,1,1,2,0,2,1,1,0,0,2,0,0,1,1,1,1,2
121,-1730.334,772.232,326.590,-65.336,0.416124,0.908276,-0.043306,-0.908741,0.417075,0.015462,0.032105,0.032920,0.998942,0,0.97688,0.12991,58.613,0.260,275.000,275.000,-1,475.000,-1,250.000,325.000,450.000,275.000,-1,350.000,175.000,400.000,375.000,950.000,250.000,-1,1,1,2,1,2,1,1,0,0,2,0,0,1,1,1,1,2
122,-1705.871,719.026,328.951,-65.316,0.415542,0.907702,-0.058329,-0.908616,0.417192,0.019163,0.041729,0.045036,0.998113,0,0.97598,0.00991,58.559,0.020,250.000,275.000,-1,475.000,-1,275.000,325.000,500.000,275.000,-1,300.000,125.000,400.000,400.000,1000.000,250.000,-1,1,1,2,1,2,1,1,0,0,2,0,0,1,1,1,1,2
123,-1681.627,665.768,331.524,-65.536,0.410769,0.908652,-0.074972,-0.910251,0.413406,0.023194,0.052069,0.058716,0.996916,0,0.97525,-0.11009,58.515,-0.220,225.000,275.000,-1,475.000,-1,275.000,325.000,475.000,250.000,-1,250.000,100.000,400.000,400.000,-1,225.000,-1,1,1,2,1,2,1,1,1,0,2,0,0,1,1,2,1,2
124,-1657.836,612.381,334.396,-65.996,0.401709,0.911045,-0.092882,-0.913574,0.405695,0.028168,0.063344,0.073539,0.995279,0,0.97411,-0.23009,58.447,-0.460,200.000,275.000,-1,475.000,-1,275.000,325.000,450.000,250.000,-1,225.000,75.000,400.000,425.000,-1,200.000,-1,1,1,2,1,2,1,1,1,0,2,0,0,1,1,2,1,2
125,-1634.745,558.831,337.869,-66.696,0.388279,0.914635,-0.112618,-0.918538,0.393972,0.032778,0.074348,0.090717,0.993098,0,0.97189,-0.35009,58.314,-0.700,200.000,300.000,-1,500.000,-1,275.000,350.000,450.000,250.000,-1,225.000,50.000,400.000,450.000,-1,225.000,-1,1,1,2,1,2,1,1,1,0,2,0,0,1,1,2,1,2
126,8199.138,9511.018,48.247,89.108,0.014553,-0.998549,-0.051854,0.999704,0.015541,-0.018701,0.019480,-0.051567,0.998480,1,0.00000,0.00000,58.072,-0.940,900.000,450.000,-1,425.000,-1,400.000,375.000,250.000,175.000,800.000,700.000,-1,-1,875.000,-1,-1,-1,1,0,2,1,2,0,1,0,1,0,0,2,2,0,2,2,2
127,332.009,-4260.972,236.783,32.613,0.842245,-0.538934,0.013190,0.539024,0.842279,-0.004356,-0.008761,0.010779,0.999904,1,0.08000,0.12000,4.800,0.240,-1,400.000,-1,425.000,-1,325.000,350.000,300.000,175.000,-1,-1,-1,-1,775.000,875.000,-1,-1,2,0,2,0,2,0,0,0,1,2,2,2,2,0,0,2,2
128,340.052,-4255.730,236.155,33.093,0.837666,-0.545957,0.015696,0.546086,0.837713,-0.005211,-0.010304,0.012936,0.999863,0,0.16000,0.24000,9.600,0.480,-1,400.000,-1,425.000,-1,325.000,325.000,300.000,175.000,-1,-1,-1,-1,775.000,850.000,-1,-1,2,0,2,0,2,0,0,0,1,2,2,2,2,0,0,2,2
129,352.016,-4247.716,235.167,33.813,0.830672,-0.556413,0.019705,0.556616,0.830745,-0.006491,-0.012758,0.016360,0.999785,0,0.24000,0.36000,14.400,0.720,-1,400.000,-1,400.000,-1,325.000,325.000,300.000,175.000,-1,-1,-1,-1,750.000,825.000,-1,-1,2,0,2,0,2,0,0,0,1,2,2,2,2,0,0,2,2
130,367.787,-4236.766,234.530,34.773,0.821188,-0.570233,0.022007,0.570486,0.821277,-0.007127,-0.014010,0.018408,0.999732,0,0.32000,0.48000,19.200,0.960,-1,400.000,-1,400.000,-1,325.000,325.000,300.000,175.000,-1,-1,-1,-1,750.000,800.000,-1,-1,2,0,2,0,2,0,0,0,1,2,2,2,2,0,0,2,2
131,387.242,-4222.712,234.322,35.842,0.810400,-0.585454,0.022250,0.585713,0.810488,-0.007096,-0.013879,0.018783,0.999727,0,0.40000,0.53459,24.000,1.069,-1,400.000,-1,400.000,-1,325.000,325.000,300.000,175.000,-1,-1,-1,-1,750.000,800.000,-1,-1,2,0,2,0,2,0,0,0,1,2,2,2,2,0,0,2,2
132,410.269,-4205.416,234.073,36.911,0.799336,-0.600460,0.022577,0.600726,0.799423,-0.007077,-0.013799,0.019220,0.999720,0,0.48000,0.53422,28.800,1.068,-1,400.000,-1,400.000,-1,325.000,325.000,300.000,175.000,-1,-1,-1,-1,750.000,800.000,-1,-1,2,0,2,0,2,0,0,0,1,2,2,2,2,0,0,2,2
133,436.754,-4184.739,234.093,37.979,0.787986,-0.615264,0.023005,0.615519,0.788102,-0.005634,-0.014664,0.018600,0.999719,0,0.56000,0.53399,33.600,1.068,-1,375.000,-1,400.000,-1,325.000,325.000,300.000,175.000,-1,-1,-1,-1,750.000,800.000,-1,-1,2,0,2,0,2,0,0,0,1,2,2,2,2,0,0,2,2
134,466.578,-4160.550,235.175,39.047,0.776328,-0.629894,0.023427,0.630049,0.776555,0.000956,-0.018794,0.014017,0.999725,0,0.64000,0.53401,38.400,1.068,-1,375.000,-1,400.000,-1,325.000,325.000,300.000,175.000,-1,-1,-1,-1,725.000,800.000,-1,-1,2,0,2,0,2,0,0,0,1,2,2,2,2,0,0,2,2
135,499.615,-4132.715,236.047,40.116,0.764406,-0.644299,0.023710,0.644345,0.764706,0.006690,-0.022441,0.010164,0.999697,0,0.72000,0.53440,43.200,1.069,-1,375.000,-1,400.000,-1,300.000,325.000,275.000,200.000,-1,-1,-1,-1,700.000,775.000,-1,-1,2,0,2,0,2,0,0,0,1,2,2,2,2,0,0,2,2
136,535.739,-4101.106,236.598,41.186,0.752209,-0.658490,0.023926,0.658440,0.752553,0.011035,-0.025272,0.007454,0.999653,0,0.80000,0.53527,48.000,1.071,-1,375.000,-1,400.000,-1,300.000,325.000,275.000,225.000,-1,-1,-1,-1,675.000,775.000,-1,-1,2,0,2,0,2,0,0,0,1,2,2,2,2,0,0,2,2
137,573.088,-4067.169,236.726,42.260,0.739722,-0.672479,0.024150,0.672375,0.740089,0.013401,-0.026885,0.006325,0.999619,0,0.84107,0.53676,50.464,1.074,-1,375.000,-1,400.000,-1,300.000,325.000,275.000,225.000,-1,-1,-1,-1,675.000,775.000,-1,-1,2,0,2,0,2,0,0,0,1,2,2,2,2,0,0,2,2
138,609.317,-4032.984,236.365,43.337,0.726922,-0.686277,0.024654,0.686180,0.727306,0.013546,-0.027228,0.007070,0.999604,0,0.83019,0.53887,49.811,1.078,-1,375.000,-1,400.000,-1,300.000,325.000,275.000,250.000,-1,-1,-1,-1,675.000,775.000,-1,-1,2,0,2,0,2,0,0,0,1,2,2,2,2,0,0,2,2
