timestep,x_cm,y_cm,z_cm,yaw_deg,basis_xx,basis_xy,basis_xz,basis_yx,basis_yy,basis_yz,basis_zx,basis_zy,basis_zz,teleport_flag,throttle_cmd,steering_cmd,cmd_move_cm,cmd_turn_deg,lidar_cm_0,lidar_cm_1,lidar_cm_2,lidar_cm_3,lidar_cm_4,lidar_cm_5,lidar_cm_6,lidar_cm_7,lidar_cm_8,lidar_cm_9,lidar_cm_10,lidar_cm_11,lidar_cm_12,lidar_cm_13,lidar_cm_14,lidar_cm_15,lidar_cm_16,lidar_class_0,lidar_class_1,lidar_class_2,lidar_class_3,lidar_class_4,lidar_class_5,lidar_class_6,lidar_class_7,lidar_class_8,lidar_class_9,lidar_class_10,lidar_class_11,lidar_class_12,lidar_class_13,lidar_class_14,lidar_class_15,lidar_class_16
0,-2948.974,-2955.649,97.314,125.043,-0.573543,-0.816076,0.071190,0.819122,-0.572327,0.038479,0.009342,0.080382,0.996720,1,-0.08000,0.12000,-4.800,0.240,-1,375.000,-1,400.000,-1,300.000,325.000,300.000,300.000,-1,-1,-1,-1,650.000,750.000,-1,-1,2,0,2,0,2,0,0,0,0,2,2,2,2,0,0,2,2
1,-2943.395,-2963.462,97.221,125.523,-0.580339,-0.811289,0.070821,0.814313,-0.579169,0.038176,0.010046,0.079826,0.996758,0,-0.16000,0.24000,-9.600,0.480,-1,375.000,-1,400.000,-1,300.000,325.000,300.000,300.000,-1,-1,-1,-1,650.000,750.000,-1,-1,2,0,2,0,2,0,0,0,0,2,2,2,2,0,0,2,2
2,-2934.881,-2975.076,97.071,126.243,-0.590460,-0.804002,0.070278,0.806991,-0.589358,0.037718,0.011093,0.078985,0.996814,0,-0.24000,0.36000,-14.400,0.720,-1,375.000,-1,400.000,-1,300.000,325.000,300.000,300.000,-1,-1,-1,-1,650.000,750.000,-1,-1,2,0,2,0,2,0,0,0,0,2,2,2,2,0,0,2,2
3,-2923.271,-2990.369,96.900,127.203,-0.603820,-0.794073,0.069630,0.797025,-0.602791,0.037340,0.012322,0.078044,0.996874,0,-0.32000,0.48000,-19.200,0.960,-1,375.000,-1,400.000,-1,300.000,325.000,300.000,300.000,-1,-1,-1,-1,650.000,750.000,-1,-1,2,0,2,0,2,0,0,0,0,2,2,2,2,0,0,2,2
4,-2908.495,-3009.010,96.761,128.403,-0.620305,-0.781323,0.068961,0.784244,-0.619326,0.037372,0.013510,0.077264,0.996919,0,-0.39643,0.60000,-23.786,1.200,-1,375.000,-1,400.000,-1,300.000,325.000,300.000,300.000,-1,-1,-1,-1,650.000,750.000,-1,-1,2,0,2,0,2,0,0,0,0,2,2,2,2,0,0,2,2
5,-2893.255,-3027.273,96.593,129.843,-0.639729,-0.765561,0.068292,0.768455,-0.638805,0.037472,0.014938,0.076451,0.996961,0,-0.39643,0.72000,-23.786,1.440,-1,375.000,-1,400.000,-1,300.000,325.000,300.000,300.000,-1,-1,-1,-1,650.000,750.000,-1,-1,2,0,2,0,2,0,0,0,0,2,2,2,2,0,0,2,2
6,-2877.553,-3045.140,96.259,131.307,-0.659103,-0.749068,0.066937,0.751884,-0.658227,0.037526,0.015950,0.075062,0.997051,0,-0.39643,0.73206,-23.786,1.464,-1,375.000,-1,400.000,-1,300.000,325.000,300.000,300.000,-1,-1,-1,-1,650.000,750.000,-1,-1,2,0,2,0,2,0,0,0,0,2,2,2,2,0,0,2,2
7,-2861.399,-3062.600,95.885,132.771,-0.678052,-0.732084,0.065567,0.734819,-0.677224,0.037521,0.016935,0.073621,0.997143,0,-0.39643,0.73206,-23.786,1.464,-1,375.000,-1,400.000,-1,300.000,325.000,300.000,300.000,-1,-1,-1,-1,650.000,725.000,-1,-1,2,0,2,0,2,0,0,0,0,2,2,2,2,0,0,2,2
8,-2844.805,-3079.642,95.478,134.235,-0.696561,-0.714618,0.064210,0.717274,-0.695784,0.037458,0.017909,0.072148,0.997233,0,-0.39643,0.73206,-23.786,1.464,-1,375.000,-1,400.000,-1,300.000,325.000,300.000,300.000,-1,-1,-1,-1,650.000,725.000,-1,-1,2,0,2,0,2,0,0,0,0,2,2,2,2,0,0,2,2
9,-2827.780,-3096.255,95.037,135.699,-0.714619,-0.696682,0.062872,0.699259,-0.713893,0.037337,0.018872,0.070646,0.997323,0,-0.39643,0.73206,-23.786,1.464,-1,350.000,-1,400.000,-1,300.000,300.000,325.000,300.000,-1,-1,-1,-1,625.000,725.000,-1,-1,2,0,2,0,2,0,0,0,0,2,2,2,2,0,0,2,2
10,-2810.337,-3112.426,94.563,137.163,-0.732214,-0.678287,0.061556,0.680786,-0.731539,0.037162,0.019824,0.069117,0.997412,0,-0.39643,0.73206,-23.786,1.464,-1,350.000,-1,400.000,-1,300.000,300.000,325.000,300.000,-1,-1,-1,-1,625.000,725.000,-1,-1,2,0,2,0,2,0,0,0,0,2,2,2,2,0,0,2,2
11,-2792.486,-3128.147,94.056,138.627,-0.749334,-0.659445,0.060265,0.661867,-0.748711,0.036933,0.020766,0.067562,0.997499,0,-0.39643,0.73206,-23.786,1.464,-1,350.000,-1,375.000,-1,300.000,300.000,325.000,300.000,-1,-1,-1,-1,625.000,725.000,-1,-1,2,0,2,0,2,0,0,0,0,2,2,2,2,0,0,2,2
12,-2774.240,-3143.407,93.518,140.091,-0.765967,-0.640167,0.059004,0.642514,-0.765397,0.036652,0.021698,0.065985,0.997585,0,-0.39643,0.73206,-23.786,1.464,-1,350.000,-1,375.000,-1,300.000,300.000,325.000,300.000,-1,-1,-1,-1,625.000,700.000,-1,-1,2,0,2,0,2,0,0,0,0,2,2,2,2,0,0,2,2
13,-2755.609,-3158.195,92.948,141.555,-0.782102,-0.620466,0.057775,0.622740,-0.781585,0.036321,0.022620,0.064385,0.997669,0,-0.39643,0.73206,-23.786,1.464,-1,350.000,-1,375.000,-1,300.000,300.000,325.000,300.000,-1,-1,-1,-1,625.000,700.000,-1,-1,2,0,2,0,2,0,0,0,0,2,2,2,2,0,0,2,2
14,-2736.607,-3172.503,92.347,143.020,-0.797729,-0.600356,0.056581,0.602557,-0.797266,0.035943,0.023531,0.062767,0.997751,0,-0.39643,0.73206,-23.786,1.464,-1,350.000,-1,375.000,-1,300.000,300.000,325.000,300.000,-1,-1,-1,-1,625.000,700.000,-1,-1,2,0,2,0,2,0,0,0,0,2,2,2,2,0,0,2,2
15,-2717.245,-3186.320,91.715,144.484,-0.812837,-0.579848,0.055426,0.581978,-0.812428,0.035521,0.024433,0.061129,0.997831,0,-0.39643,0.73206,-23.786,1.464,-1,350.000,-1,375.000,-1,300.000,300.000,325.000,300.000,-1,-1,-1,-1,625.000,700.000,-1,-1,2,0,2,0,2,0,0,0,0,2,2,2,2,0,0,2,2
16,-2701.559,-3197.016,91.191,145.708,-0.825062,-0.562406,0.054525,0.564480,-0.824697,0.035155,0.025195,0.059783,0.997893,0,-0.31643,0.61206,-18.986,1.224,-1,350.000,-1,375.000,-1,300.000,300.000,325.000,300.000,-1,-1,-1,-1,625.000,700.000,-1,-1,2,0,2,0,2,0,0,0,0,2,2,2,2,0,0,2,2
17,-2689.703,-3204.806,90.856,146.692,-0.834630,-0.548200,0.053557,0.550214,-0.834299,0.034767,0.025623,0.058486,0.997959,0,-0.23643,0.49206,-14.186,0.984,-1,350.000,-1,375.000,-1,300.000,300.000,325.000,300.000,-1,-1,-1,-1,625.000,700.000,-1,-1,2,0,2,0,2,0,0,0,0,2,2,2,2,0,0,2,2
18,-2681.792,-3209.857,90.633,147.436,-0.841701,-0.537351,0.052839,0.539318,-0.841399,0.034406,0.025971,0.057457,0.998010,0,-0.15643,0.37206,-9.386,0.744,-1,350.000,-1,375.000,-1,300.000,300.000,325.000,300.000,-1,-1,-1,-1,625.000,700.000,-1,-1,2,0,2,0,2,0,0,0,0,2,2,2,2,0,0,2,2
19,-2677.905,-3212.291,90.520,147.940,-0.846406,-0.529946,0.052478,0.531889,-0.846123,0.034214,0.026271,0.056871,0.998036,0,-0.07643,0.25206,-4.586,0.504,-1,350.000,-1,375.000,-1,300.000,300.000,325.000,300.000,-1,-1,-1,-1,625.000,700.000,-1,-1,2,0,2,0,2,0,0,0,0,2,2,2,2,0,0,2,2
20,-2678.087,-3212.178,90.526,148.204,-0.848839,-0.526043,0.052457,0.527987,-0.848562,0.034245,0.026498,0.056765,0.998036,0,0.00357,0.13206,0.214,0.264,-1,350.000,-1,375.000,-1,300.000,300.000,325.000,300.000,-1,-1,-1,-1,625.000,700.000,-1,-1,2,0,2,0,2,0,0,0,0,2,2,2,2,0,0,2,2
21,-2682.351,-3209.538,90.655,148.228,-0.849047,-0.525674,0.052775,0.527644,-0.848765,0.034502,0.026657,0.057141,0.998010,0,0.08357,0.01206,5.014,0.024,-1,350.000,-1,375.000,-1,300.000,300.000,325.000,300.000,-1,-1,-1,-1,625.000,700.000,-1,-1,2,0,2,0,2,0,0,0,0,2,2,2,2,0,0,2,2
22,-2690.675,-3204.339,90.874,148.013,-0.847033,-0.528846,0.053456,0.530863,-0.846741,0.034840,0.026839,0.057888,0.997962,0,0.16357,-0.10794,9.814,-0.216,-1,350.000,-1,375.000,-1,300.000,300.000,325.000,300.000,-1,-1,-1,-1,625.000,700.000,-1,-1,2,0,2,0,2,0,0,0,0,2,2,2,2,0,0,2,2
23,-2703.009,-3196.500,91.247,147.557,-0.842767,-0.535535,0.054283,0.537609,-0.842457,0.035258,0.026849,0.058897,0.997903,0,0.24357,-0.22794,14.614,-0.456,-1,350.000,-1,375.000,-1,300.000,300.000,325.000,300.000,-1,-1,-1,-1,625.000,700.000,-1,-1,2,0,2,0,2,0,0,0,0,2,2,2,2,0,0,2,2
24,-2719.266,-3185.887,91.802,146.861,-0.836174,-0.545690,0.055102,0.547821,-0.835834,0.035693,0.026578,0.060032,0.997843,0,0.32357,-0.34794,19.414,-0.696,-1,350.000,-1,375.000,-1,300.000,300.000,325.000,300.000,-1,-1,-1,-1,625.000,700.000,-1,-1,2,0,2,0,2,0,0,0,0,2,2,2,2,0,0,2,2
25,-2739.324,-3172.321,92.477,145.925,-0.827115,-0.559220,0.056167,0.561423,-0.826736,0.036218,0.026182,0.061490,0.997764,0,0.40357,-0.46794,24.214,-0.936,-1,350.000,-1,375.000,-1,300.000,300.000,325.000,300.000,-1,-1,-1,-1,625.000,700.000,-1,-1,2,0,2,0,2,0,0,0,0,2,2,2,2,0,0,2,2
26,-2763.019,-3155.576,93.258,144.749,-0.815422,-0.576004,0.057502,0.578298,-0.814995,0.036816,0.025658,0.063274,0.997666,0,0.48357,-0.58794,29.014,-1.176,-1,350.000,-1,375.000,-1,300.000,300.000,325.000,300.000,-1,-1,-1,-1,625.000,700.000,-1,-1,2,0,2,0,2,0,0,0,0,2,2,2,2,0,0,2,2
27,-2790.144,-3135.384,94.129,143.333,-0.800890,-0.595884,0.059133,0.598289,-0.800404,0.037464,0.025006,0.065383,0.997547,0,0.56357,-0.70794,33.814,-1.416,-1,350.000,-1,375.000,-1,300.000,300.000,325.000,300.000,-1,-1,-1,-1,625.000,700.000,-1,-1,2,0,2,0,2,0,0,0,0,2,2,2,2,0,0,2,2
28,-2820.640,-3111.695,95.086,142.157,-0.788430,-0.612094,0.060983,0.614629,-0.787890,0.038212,0.024658,0.067610,0.997407,0,0.64357,-0.58794,38.614,-1.176,-1,350.000,-1,375.000,-1,300.000,300.000,325.000,300.000,-1,-1,-1,-1,625.000,700.000,-1,-1,2,0,2,0,2,0,0,0,0,2,2,2,2,0,0,2,2
29,-2854.486,-3084.506,96.167,141.221,-0.778246,-0.624784,0.063067,0.627472,-0.777666,0.038913,0.024733,0.069857,0.997250,0,0.72357,-0.46794,43.414,-0.936,-1,350.000,-1,375.000,-1,300.000,300.000,325.000,300.000,-1,-1,-1,-1,625.000,700.000,-1,-1,2,0,2,0,2,0,0,0,0,2,2,2,2,0,0,2,2
30,-2891.704,-3053.855,97.735,140.525,-0.770451,-0.634139,0.065369,0.636957,-0.769968,0.037884,0.026308,0.070825,0.997142,0,0.80357,-0.34794,48.214,-0.696,-1,350.000,-1,375.000,-1,300.000,300.000,325.000,300.000,-1,-1,700.000,-1,625.000,700.000,-1,-1,2,0,2,0,2,0,0,0,0,2,2,0,2,0,0,2,2
31,-2929.270,-3022.412,99.357,140.070,-0.765212,-0.640208,0.067707,0.643157,-0.764853,0.036719,0.028278,0.071644,0.997029,0,0.81646,-0.22794,48.988,-0.456,-1,350.000,-1,375.000,-1,300.000,300.000,325.000,300.000,-1,-1,600.000,-1,625.000,700.000,-1,-1,2,0,2,0,2,0,0,0,0,2,2,0,2,0,0,2,2
32,-2966.717,-2990.828,101.021,139.854,-0.762609,-0.643055,0.070054,0.646135,-0.762400,0.035449,0.030613,0.072298,0.996913,0,0.81646,-0.10794,48.988,-0.216,-1,375.000,-1,375.000,-1,300.000,300.000,325.000,300.000,-1,-1,575.000,-1,625.000,725.000,-1,-1,2,0,2,0,2,0,0,0,0,2,2,0,2,0,0,2,2
33,-3004.178,-2959.260,102.741,139.878,-0.762677,-0.642712,0.072422,0.645920,-0.762644,0.034086,0.033325,0.072776,0.996791,0,0.81646,0.01206,48.988,0.024,-1,375.000,-1,375.000,-1,300.000,300.000,325.000,325.000,-1,800.000,550.000,-1,625.000,725.000,-1,-1,2,0,2,0,2,0,0,0,0,2,0,0,2,0,0,2,2
34,-3041.783,-2927.865,104.508,140.142,-0.765462,-0.639169,0.074368,0.642490,-0.765574,0.033218,0.035702,0.073208,0.996677,0,0.81646,0.13206,48.988,0.264,-1,375.000,-1,375.000,-1,300.000,300.000,300.000,325.000,-1,625.000,500.000,-1,625.000,725.000,-1,-1,2,0,2,0,2,0,0,0,0,2,0,0,2,0,0,2,2
35,-3079.594,-2896.717,106.337,140.517,-0.769433,-0.634084,0.076880,0.637586,-0.769667,0.033123,0.038169,0.074503,0.996490,0,0.81646,0.18751,48.988,0.375,-1,375.000,-1,375.000,-1,300.000,300.000,325.000,325.000,-1,600.000,450.000,-1,625.000,725.000,-1,-1,2,0,2,0,2,0,0,0,0,2,0,0,2,0,0,2,2
36,-3117.607,-2865.818,108.237,140.892,-0.773358,-0.628968,0.079475,0.632662,-0.773722,0.033068,0.040693,0.075854,0.996288,0,0.81646,0.18751,48.988,0.375,-1,350.000,-1,375.000,-1,300.000,300.000,325.000,325.000,-1,550.000,425.000,-1,625.000,725.000,-1,-1,2,0,2,0,2,0,0,0,0,2,0,0,2,0,0,2,2
37,-3155.822,-2835.168,110.208,141.267,-0.777236,-0.623823,0.082154,0.627719,-0.777738,0.033053,0.043274,0.077260,0.996071,0,0.81646,0.18751,48.988,0.375,-1,350.000,-1,375.000,-1,300.000,300.000,325.000,325.000,-1,525.000,400.000,-1,625.000,725.000,-1,-1,2,0,2,0,2,0,0,0,0,2,0,0,2,0,0,2,2
38,-3194.238,-2804.769,112.305,141.642,-0.781045,-0.618637,0.085192,0.622772,-0.781701,0.033147,0.046089,0.078945,0.995813,0,0.81646,0.18751,48.988,0.375,-1,350.000,-1,375.000,-1,300.000,300.000,325.000,325.000,-1,500.000,375.000,-1,625.000,700.000,-1,-1,2,0,2,0,2,0,0,0,0,2,0,0,2,0,0,2,2
39,-3232.852,-2774.624,114.654,142.017,-0.784728,-0.613384,0.089226,0.617857,-0.785576,0.033506,0.049542,0.081422,0.995448,0,0.81646,0.18751,48.988,0.375,-1,350.000,-1,375.000,-1,300.000,300.000,325.000,325.000,-1,475.000,350.000,-1,625.000,700.000,-1,-1,2,0,2,0,2,0,0,0,0,2,0,0,2,0,0,2,2
40,-3271.663,-2744.731,117.074,142.392,-0.788354,-0.608101,0.093337,0.612931,-0.789408,0.033928,0.053049,0.083956,0.995056,0,0.81646,0.18751,48.988,0.375,-1,375.000,-1,375.000,-1,300.000,300.000,325.000,325.000,-1,450.000,325.000,-1,650.000,725.000,-1,-1,2,0,2,0,2,0,0,0,0,2,0,0,2,0,0,2,2
41,-3310.668,-2715.094,119.564,142.767,-0.791920,-0.602787,0.097523,0.607995,-0.793195,0.034414,0.056610,0.086547,0.994638,0,0.81646,0.18751,48.988,0.375,-1,375.000,-1,375.000,-1,300.000,300.000,325.000,325.000,-1,425.000,300.000,-1,650.000,725.000,-1,-1,2,0,2,0,2,0,0,0,0,2,0,0,2,0,0,2,2
42,-3349.867,-2685.713,122.123,143.142,-0.795427,-0.597442,0.101783,0.603051,-0.796936,0.034977,0.060217,0.089202,0.994192,0,0.81646,0.18751,48.988,0.375,-1,375.000,-1,375.000,-1,300.000,300.000,325.000,325.000,-1,400.000,300.000,-1,650.000,725.000,-1,-1,2,0,2,0,2,0,0,0,0,2,0,0,2,0,0,2,2
43,-3389.257,-2656.587,125.152,143.517,-0.799088,-0.592145,0.104031,0.597971,-0.800738,0.035358,0.062364,0.090461,0.993945,0,0.81646,0.18751,48.988,0.375,-1,375.000,-1,375.000,-1,300.000,300.000,325.000,325.000,-1,425.000,300.000,-1,650.000,725.000,-1,-1,2,0,2,0,2,0,0,0,0,2,0,0,2,0,0,2,2
44,-3428.835,-2627.720,128.321,143.892,-0.802743,-0.586834,0.105967,0.592851,-0.804518,0.035754,0.064271,0.091524,0.993727,0,0.81646,0.18751,48.988,0.375,-1,375.000,-1,375.000,-1,300.000,300.000,325.000,300.000,-1,450.000,325.000,-1,675.000,700.000,-1,-1,2,0,2,0,2,0,0,0,0,2,0,0,2,0,0,2,2
45,-3468.602,-2599.112,131.566,144.267,-0.806365,-0.581496,0.107877,0.587710,-0.808259,0.036239,0.066120,0.092623,0.993504,0,0.81646,0.18751,48.988,0.375,-1,375.000,-1,375.000,-1,300.000,300.000,325.000,300.000,-1,475.000,350.000,-1,675.000,700.000,-1,-1,2,0,2,0,2,0,0,0,0,2,0,0,2,0,0,2,2
46,-3508.555,-2570.765,135.052,144.642,-0.809923,-0.576166,0.109806,0.582533,-0.812009,0.036019,0.068410,0.093138,0.993300,0,0.81646,0.18751,48.988,0.375,-1,375.000,-1,375.000,-1,300.000,300.000,325.000,300.000,-1,500.000,400.000,-1,675.000,700.000,-1,-1,2,0,2,0,2,0,0,0,0,2,0,0,2,0,0,2,2
47,-3548.692,-2542.679,138.723,145.017,-0.813419,-0.570840,0.111763,0.577315,-0.815764,0.035153,0.071105,0.093117,0.993113,0,0.81646,0.18751,48.988,0.375,-1,375.000,-1,375.000,-1,300.000,300.000,325.000,300.000,-1,500.000,425.000,-1,700.000,725.000,-1,-1,2,0,2,0,2,0,0,0,0,2,0,0,2,0,0,2,2
48,-3589.012,-2514.856,142.354,145.392,-0.816856,-0.565513,0.113755,0.572056,-0.819520,0.033742,0.074144,0.092637,0.992936,0,0.81646,0.18751,48.988,0.375,-1,375.000,-1,375.000,-1,300.000,300.000,325.000,325.000,-1,500.000,425.000,-1,725.000,725.000,-1,-1,2,0,2,0,2,0,0,0,0,2,0,0,2,0,0,2,2
49,-3629.514,-2487.298,146.064,145.767,-0.820258,-0.560161,0.115744,0.566769,-0.823240,0.032392,0.077141,0.092170,0.992751,0,0.81646,0.18751,48.988,0.375,-1,375.000,-1,375.000,-1,300.000,300.000,325.000,325.000,-1,450.000,400.000,-1,725.000,725.000,-1,-1,2,0,2,0,2,0,0,0,0,2,0,0,2,0,0,2,2
50,-3670.195,-2460.005,149.853,146.142,-0.823623,-0.554784,0.117729,0.561454,-0.826923,0.031104,0.080097,0.091717,0.992559,0,0.81646,0.18751,48.988,0.375,-1,375.000,-1,375.000,-1,300.000,300.000,325.000,325.000,-1,400.000,400.000,-1,750.000,750.000,-1,-1,2,0,2,0,2,0,0,0,0,2,0,0,2,0,0,2,2
51,-3711.053,-2432.979,153.719,146.517,-0.826952,-0.549382,0.119707,0.556111,-0.830571,0.029878,0.083011,0.091278,0.992360,0,0.81646,0.18751,48.988,0.375,-1,375.000,-1,400.000,-1,300.000,325.000,325.000,325.000,-1,400.000,375.000,-1,750.000,775.000,-1,-1,2,0,2,0,2,0,0,0,0,2,0,0,2,0,0,2,2
52,-3752.088,-2406.222,157.811,146.892,-0.830276,-0.543926,0.121604,0.550771,-0.834136,0.029470,0.085404,0.091444,0.992141,0,0.81646,0.18751,48.988,0.375,-1,375.000,-1,400.000,-1,300.000,325.000,325.000,325.000,-1,400.000,375.000,-1,775.000,775.000,-1,-1,2,0,2,0,2,0,0,0,0,2,0,0,2,0,0,2,2
53,-3793.298,-2379.734,162.071,147.267,-0.833583,-0.538427,0.123432,0.545427,-0.837636,0.029590,0.087459,0.091989,0.991912,0,0.81646,0.18751,48.988,0.375,-1,400.000,-1,400.000,-1,325.000,325.000,325.000,325.000,-1,425.000,400.000,-1,800.000,800.000,-1,-1,2,0,2,0,2,0,0,0,0,2,0,0,2,0,0,2,2
54,-3834.679,-2353.517,166.408,147.642,-0.836856,-0.532905,0.125236,0.540062,-0.841098,0.029773,0.089470,0.092551,0.991680,0,0.81646,0.18751,48.988,0.375,-1,400.000,-1,400.000,-1,325.000,325.000,325.000,325.000,-1,425.000,400.000,-1,800.000,825.000,-1,-1,2,0,2,0,2,0,0,0,0,2,0,0,2,0,0,2,2
55,-3876.232,-2327.571,170.642,148.017,-0.840187,-0.527391,0.126272,0.534615,-0.844572,0.029755,0.090953,0.092506,0.991549,0,0.81646,0.18751,48.988,0.375,-1,400.000,-1,400.000,-1,325.000,325.000,325.000,325.000,-1,450.000,425.000,-1,850.000,825.000,-1,-1,2,0,2,0,2,0,0,0,0,2,0,0,2,0,0,2,2
56,-3917.952,-2301.896,174.830,148.392,-0.843496,-0.521856,0.127207,0.529139,-0.848013,0.029760,0.092343,0.092413,0.991430,0,0.81646,0.18751,48.988,0.375,-1,400.000,-1,400.000,-1,325.000,325.000,325.000,325.000,-1,475.000,425.000,-1,900.000,850.000,-1,-1,2,0,2,0,2,0,0,0,0,2,0,0,2,0,0,2,2
57,-3959.840,-2276.496,179.060,148.767,-0.846772,-0.516298,0.128115,0.523641,-0.851417,0.029813,0.093687,0.092331,0.991311,0,0.81646,0.18751,48.988,0.375,-1,400.000,-1,400.000,-1,325.000,325.000,325.000,325.000,-1,500.000,450.000,-1,925.000,850.000,-1,-1,2,0,2,0,2,0,0,0,0,2,0,0,2,0,0,2,2
58,-4001.894,-2251.370,183.332,149.142,-0.850017,-0.510717,0.128995,0.518121,-0.854784,0.029913,0.094986,0.092262,0.991194,0,0.81646,0.18751,48.988,0.375,-1,400.000,-1,400.000,-1,325.000,325.000,325.000,325.000,-1,500.000,475.000,-1,975.000,875.000,-1,-1,2,0,2,0,2,0,0,0,0,2,0,0,2,0,0,2,2
59,-4044.110,-2226.519,187.896,149.518,-0.853374,-0.505159,0.128712,0.512478,-0.858190,0.029623,0.095495,0.091241,0.991240,0,0.81646,0.18751,48.988,0.375,-1,425.000,-1,400.000,-1,325.000,325.000,325.000,325.000,-1,550.000,525.000,-1,1000.000,875.000,-1,-1,2,0,2,0,2,0,0,0,0,2,0,0,2,0,0,2,2
60,-4082.242,-2204.192,191.974,149.653,-0.854681,-0.503188,0.127757,0.510360,-0.859467,0.029136,0.095142,0.090105,0.991377,0,0.73646,0.06751,44.188,0.135,-1,425.000,-1,400.000,-1,325.000,325.000,325.000,325.000,-1,600.000,575.000,-1,-1,875.000,-1,-1,2,0,2,0,2,0,0,0,0,2,0,0,2,2,0,2,2
61,-4116.196,-2184.229,195.554,149.548,-0.853881,-0.504781,0.126820,0.511864,-0.858576,0.029007,0.094242,0.089683,0.991502,0,0.65646,-0.05249,39.388,-0.105,-1,425.000,-1,400.000,-1,325.000,325.000,325.000,325.000,-1,650.000,625.000,-1,-1,875.000,-1,-1,2,0,2,0,2,0,0,0,0,2,0,0,2,2,0,2,2
62,-4145.906,-2166.520,198.551,149.203,-0.850967,-0.509916,0.125861,0.516993,-0.855479,0.029569,0.092593,0.090231,0.991607,0,0.57646,-0.17249,34.588,-0.345,-1,400.000,-1,400.000,-1,325.000,325.000,325.000,325.000,-1,725.000,700.000,-1,-1,875.000,-1,-1,2,0,2,0,2,0,0,0,0,2,0,0,2,2,0,2,2
63,-4175.288,-2148.599,201.517,148.618,-0.845859,-0.518580,0.124885,0.525665,-0.850158,0.030135,0.090545,0.091138,0.991713,0,0.57359,-0.29249,34.415,-0.585,-1,400.000,-1,400.000,-1,325.000,325.000,325.000,325.000,-1,800.000,750.000,-1,-1,900.000,-1,-1,2,0,2,0,2,0,0,0,0,2,0,0,2,2,0,2,2
64,-4204.415,-2130.267,204.456,147.814,-0.838648,-0.530393,0.123904,0.537498,-0.842705,0.030729,0.088116,0.092369,0.991818,0,0.57359,-0.40182,34.415,-0.804,-1,400.000,-1,400.000,-1,325.000,325.000,325.000,325.000,-1,875.000,825.000,-1,-1,900.000,-1,-1,2,0,2,0,2,0,0,0,0,2,0,0,2,2,0,2,2
65,-4233.282,-2111.529,207.362,147.010,-0.831273,-0.542097,0.122950,0.549225,-0.835084,0.031393,0.085656,0.093623,0.991916,0,0.57359,-0.40182,34.415,-0.804,-1,400.000,-1,400.000,-1,325.000,325.000,325.000,300.000,-1,950.000,925.000,-1,-1,925.000,-1,-1,2,0,2,0,2,0,0,0,0,2,0,0,2,2,0,2,2
66,-4261.884,-2092.388,210.237,146.207,-0.823735,-0.553689,0.122025,0.560843,-0.827299,0.032126,0.083163,0.094900,0.992007,0,0.57359,-0.40182,34.415,-0.804,-1,400.000,-1,400.000,-1,325.000,325.000,325.000,300.000,-1,-1,1000.000,-1,-1,925.000,-1,-1,2,0,2,0,2,0,0,0,0,2,2,0,2,2,0,2,2
67,-4290.214,-2072.848,213.080,145.403,-0.816035,-0.565167,0.121131,0.572349,-0.819348,0.032929,0.080638,0.096200,0.992090,0,0.57359,-0.40182,34.415,-0.804,-1,400.000,-1,400.000,-1,325.000,325.000,325.000,300.000,-1,-1,-1,-1,-1,925.000,-1,-1,2,0,2,0,2,0,0,0,0,2,2,2,2,2,0,2,2
68,-4318.268,-2052.912,215.890,144.599,-0.808177,-0.576529,0.120270,0.583741,-0.811236,0.033802,0.078080,0.097525,0.992166,0,0.57359,-0.40182,34.415,-0.804,-1,425.000,-1,400.000,-1,325.000,325.000,325.000,300.000,-1,-1,-1,-1,-1,950.000,-1,-1,2,0,2,0,2,0,0,0,0,2,2,2,2,2,0,2,2
69,-4346.039,-2032.585,218.667,143.796,-0.800161,-0.587772,0.119446,0.595016,-0.802962,0.034745,0.075489,0.098873,0.992233,0,0.57359,-0.40182,34.415,-0.804,-1,425.000,-1,400.000,-1,325.000,325.000,325.000,300.000,-1,-1,-1,-1,-1,950.000,-1,-1,2,0,2,0,2,0,0,0,0,2,2,2,2,2,0,2,2
70,-4373.523,-2011.870,221.198,142.992,-0.791996,-0.598886,0.118654,0.606175,-0.794520,0.035916,0.072764,0.100371,0.992286,0,0.57359,-0.40182,34.415,-0.804,-1,425.000,-1,400.000,-1,325.000,325.000,325.000,300.000,-1,-1,-1,-1,-1,975.000,-1,-1,2,0,2,0,2,0,0,0,0,2,2,2,2,2,0,2,2
71,-4400.713,-1990.772,223.584,142.188,-0.783663,-0.609893,0.117914,0.617204,-0.785941,0.036806,0.070226,0.101620,0.992342,0,0.57359,-0.40182,34.415,-0.804,-1,425.000,-1,400.000,-1,325.000,325.000,325.000,300.000,-1,-1,-1,-1,-1,1000.000,-1,-1,2,0,2,0,2,0,0,0,0,2,2,2,2,2,0,2,2
72,-4427.605,-1969.294,225.923,141.385,-0.775176,-0.620776,0.117212,0.628110,-0.777210,0.037729,0.067676,0.102869,0.992390,0,0.57359,-0.40182,34.415,-0.804,-1,425.000,-1,400.000,-1,325.000,325.000,325.000,300.000,-1,-1,-1,-1,-1,-1,-1,-1,2,0,2,0,2,0,0,0,0,2,2,2,2,2,2,2,2
73,-4454.193,-1947.441,228.215,140.581,-0.766539,-0.631534,0.116549,0.638888,-0.768326,0.038686,0.065116,0.104116,0.992431,0,0.57359,-0.40182,34.415,-0.804,-1,425.000,-1,400.000,-1,325.000,325.000,325.000,300.000,-1,-1,-1,-1,-1,-1,-1,-1,2,0,2,0,2,0,0,0,0,2,2,2,2,2,2,2,2
74,-4480.472,-1925.218,230.461,139.777,-0.757752,-0.642163,0.115926,0.649539,-0.759293,0.039674,0.062544,0.105361,0.992465,0,0.57359,-0.40182,34.415,-0.804,-1,425.000,-1,400.000,-1,325.000,325.000,325.000,300.000,-1,-1,-1,-1,-1,-1,-1,-1,2,0,2,0,2,0,0,0,0,2,2,2,2,2,2,2,2
75,-4506.435,-1902.627,232.528,138.974,-0.748887,-0.652700,0.114677,0.660017,-0.750154,0.040571,0.059544,0.106072,0.992574,0,0.57359,-0.40182,34.415,-0.804,-1,425.000,-1,400.000,-1,325.000,325.000,300.000,300.000,-1,-1,-1,-1,-1,-1,-1,-1,2,0,2,0,2,0,0,0,0,2,2,2,2,2,2,2,2
76,-4532.079,-1879.674,234.310,138.170,-0.739991,-0.663175,0.112306,0.670296,-0.740945,0.041281,0.055836,0.105826,0.992816,0,0.57359,-0.40182,34.415,-0.804,-1,425.000,-1,400.000,-1,325.000,325.000,300.000,300.000,-1,-1,-1,-1,-1,-1,-1,-1,2,0,2,0,2,0,0,0,0,2,2,2,2,2,2,2,2
77,-4557.397,-1856.362,235.940,137.367,-0.730916,-0.673550,0.109964,0.680445,-0.731622,0.041506,0.052496,0.105162,0.993069,0,0.57359,-0.40182,34.415,-0.804,-1,450.000,-1,400.000,-1,325.000,325.000,300.000,300.000,-1,-1,-1,-1,-1,-1,-1,-1,2,0,2,0,2,0,0,0,0,2,2,2,2,2,2,2,2
78,-4582.386,-1832.698,237.530,136.563,-0.721689,-0.683791,0.107676,0.690469,-0.722152,0.041822,0.049161,0.104530,0.993306,0,0.57359,-0.40182,34.415,-0.804,-1,450.000,-1,400.000,-1,350.000,325.000,325.000,300.000,-1,-1,-1,-1,-1,-1,-1,-1,2,0,2,0,2,0,0,0,0,2,2,2,2,2,2,2,2
79,-4607.091,-1808.633,239.082,135.755,-0.712264,-0.693947,0.105441,0.700415,-0.712486,0.042229,0.045820,0.103931,0.993529,0,0.57479,-0.40385,34.488,-0.808,-1,450.000,-1,400.000,-1,350.000,325.000,325.000,300.000,-1,-1,-1,-1,-1,-1,-1,-1,2,0,2,0,2,0,0,0,0,2,2,2,2,2,2,2,2
80,-4631.582,-1784.092,240.602,134.945,-0.702654,-0.704000,0.103254,0.710264,-0.702638,0.042726,0.042471,0.103359,0.993737,0,0.57783,-0.40534,34.670,-0.811,-1,450.000,-1,400.000,-1,350.000,325.000,325.000,325.000,-1,-1,-1,-1,-1,-1,-1,-1,2,0,2,0,2,0,0,0,0,2,2,2,2,2,2,2,2
81,-4655.843,-1759.080,242.087,134.129,-0.692837,-0.713969,0.101121,0.720033,-0.692587,0.043312,0.039111,0.102819,0.993931,0,0.58075,-0.40770,34.845,-0.815,-1,450.000,-1,400.000,-1,350.000,325.000,325.000,325.000,-1,-1,-1,-1,-1,-1,-1,-1,2,0,2,0,2,0,0,0,0,2,2,2,2,2,2,2,2
82,-4679.866,-1733.594,243.410,133.309,-0.682767,-0.723812,0.099629,0.729744,-0.682301,0.044033,0.036105,0.102768,0.994050,0,0.58371,-0.41004,35.022,-0.820,-1,450.000,-1,400.000,-1,350.000,325.000,325.000,325.000,-1,-1,-1,-1,-1,-1,-1,-1,2,0,2,0,2,0,0,0,0,2,2,2,2,2,2,2,2
83,-4703.642,-1707.633,244.654,132.484,-0.672477,-0.733548,0.098400,0.739372,-0.671802,0.044836,0.033216,0.102905,0.994136,0,0.58671,-0.41238,35.203,-0.825,-1,450.000,-1,425.000,-1,350.000,350.000,325.000,325.000,-1,-1,-1,-1,-1,-1,-1,-1,2,0,2,0,2,0,0,0,0,2,2,2,2,2,2,2,2
84,-4727.160,-1681.192,245.659,131.655,-0.662068,-0.743246,0.096186,0.748856,-0.661158,0.045650,0.029665,0.102253,0.994316,0,0.58975,-0.41469,35.385,-0.829,-1,450.000,-1,425.000,-1,350.000,350.000,325.000,325.000,-1,-1,-1,-1,-1,-1,-1,-1,2,0,2,0,2,0,0,0,0,2,2,2,2,2,2,2,2
85,-4750.411,-1654.272,246.511,130.821,-0.651498,-0.752875,0.093435,0.758214,-0.650343,0.046535,0.025730,0.101161,0.994537,0,0.59284,-0.41700,35.571,-0.834,-1,450.000,-1,425.000,-1,350.000,350.000,325.000,325.000,-1,-1,-1,-1,-1,-1,-1,-1,2,0,2,0,2,0,0,0,0,2,2,2,2,2,2,2,2
86,-4773.386,-1626.870,247.302,129.982,-0.640726,-0.762402,0.090631,0.767463,-0.639329,0.047525,0.021710,0.100007,0.994750,0,0.59598,-0.41930,35.759,-0.839,-1,450.000,-1,425.000,-1,350.000,350.000,325.000,325.000,-1,-1,-1,-1,-1,-1,-1,-1,2,0,2,0,2,0,0,0,0,2,2,2,2,2,2,2,2
87,-4796.076,-1598.985,248.032,129.139,-0.629751,-0.771822,0.087777,0.776598,-0.628118,0.048625,0.017605,0.098789,0.994953,0,0.59915,-0.42159,35.949,-0.843,-1,450.000,-1,425.000,-1,350.000,350.000,325.000,325.000,-1,-1,-1,-1,-1,-1,-1,-1,2,0,2,0,2,0,0,0,0,2,2,2,2,2,2,2,2
88,-4818.470,-1570.616,248.699,128.291,-0.618573,-0.781130,0.084878,0.785613,-0.616708,0.049837,0.013416,0.097510,0.995144,0,0.60237,-0.42387,36.142,-0.848,-1,450.000,-1,425.000,-1,350.000,350.000,325.000,325.000,-1,-1,-1,-1,-1,-1,-1,-1,2,0,2,0,2,0,0,0,0,2,2,2,2,2,2,2,2
89,-4840.558,-1541.761,249.303,127.439,-0.607191,-0.790320,0.081939,0.794504,-0.605100,0.051166,0.009144,0.096168,0.995323,0,0.60563,-0.42613,36.338,-0.852,-1,450.000,-1,425.000,975.000,350.000,350.000,325.000,325.000,-1,-1,-1,-1,-1,-1,-1,-1,2,0,2,0,1,0,0,0,0,2,2,2,2,2,2,2,2
90,-4859.461,-1516.515,249.696,126.827,-0.598934,-0.796813,0.079795,0.800776,-0.596674,0.052320,0.005923,0.095234,0.995437,0,0.52563,-0.30613,31.538,-0.612,-1,450.000,-1,425.000,950.000,350.000,350.000,325.000,325.000,-1,-1,-1,-1,-1,1000.000,-1,-1,2,0,2,0,1,0,0,0,0,2,2,2,2,2,1,2,2
91,-4875.292,-1494.968,249.956,126.309,-0.591882,-0.802227,0.078153,0.806018,-0.589483,0.053337,0.003281,0.094562,0.995514,0,0.44563,-0.25904,26.738,-0.518,-1,450.000,-1,425.000,925.000,350.000,350.000,325.000,325.000,-1,-1,-1,-1,-1,975.000,-1,-1,2,0,2,0,1,0,0,0,0,2,2,2,2,2,1,2,2
92,-4888.120,-1477.171,250.137,125.787,-0.584707,-0.807603,0.076783,0.811244,-0.582187,0.054231,0.000906,0.093999,0.995572,0,0.36563,-0.26078,21.938,-0.522,-1,450.000,-1,450.000,925.000,350.000,350.000,325.000,325.000,-1,-1,-1,-1,-1,950.000,-1,-1,2,0,2,0,1,0,0,0,0,2,2,2,2,2,1,2,2
93,-4898.013,-1463.177,250.068,125.263,-0.577376,-0.812986,0.075434,0.816478,-0.574838,0.054081,-0.000604,0.092815,0.995683,0,0.28563,-0.26211,17.138,-0.524,-1,450.000,-1,450.000,900.000,350.000,350.000,300.000,325.000,-1,-1,-1,-1,-1,925.000,-1,-1,2,0,2,0,1,0,0,0,0,2,2,2,2,2,1,2,2
94,-4905.042,-1453.037,249.991,124.737,-0.569958,-0.818297,0.074424,0.821672,-0.567395,0.054024,-0.001980,0.091943,0.995762,0,0.20563,-0.26305,12.338,-0.526,-1,450.000,-1,450.000,875.000,350.000,350.000,300.000,325.000,-1,-1,-1,-1,-1,925.000,-1,-1,2,0,2,0,1,0,0,0,0,2,2,2,2,2,1,2,2
95,-4909.280,-1446.802,249.917,124.210,-0.562465,-0.823525,0.073757,0.826815,-0.559872,0.054041,-0.003209,0.091380,0.995811,0,0.12563,-0.26357,7.538,-0.527,-1,450.000,-1,450.000,875.000,350.000,350.000,300.000,325.000,-1,-1,-1,-1,-1,925.000,-1,-1,2,0,2,0,1,0,0,0,0,2,2,2,2,2,1,2,2
96,-4910.794,-1444.521,249.845,123.574,-0.553354,-0.829705,0.073410,0.832934,-0.550718,0.054134,-0.004487,0.091101,0.995832,0,0.04563,-0.31773,2.738,-0.635,-1,450.000,-1,450.000,875.000,350.000,350.000,300.000,325.000,-1,-1,-1,-1,-1,900.000,-1,-1,2,0,2,0,1,0,0,0,0,2,2,2,2,2,1,2,2
97,-4909.672,-1446.251,249.797,122.941,-0.544196,-0.835741,0.073404,0.838940,-0.541512,0.054265,-0.005603,0.091113,0.995825,0,-0.03437,-0.31668,-2.062,-0.633,-1,450.000,-1,450.000,875.000,350.000,350.000,300.000,325.000,-1,-1,-1,-1,-1,900.000,-1,1000.000,2,0,2,0,1,0,0,0,0,2,2,2,2,2,1,2,1
98,-4906.005,-1452.050,249.783,122.312,-0.535022,-0.841615,0.073731,0.844813,-0.532288,0.054415,-0.006550,0.091403,0.995792,0,-0.11437,-0.31460,-6.862,-0.629,-1,450.000,-1,425.000,875.000,350.000,350.000,300.000,325.000,-1,-1,-1,-1,-1,900.000,-1,1000.000,2,0,2,0,1,0,0,0,0,2,2,2,2,2,1,2,1
99,-4899.879,-1461.974,249.815,121.689,-0.525865,-0.847310,0.074379,0.850537,-0.523077,0.054566,-0.007328,0.091956,0.995736,0,-0.19437,-0.31155,-11.662,-0.623,-1,450.000,-1,425.000,900.000,350.000,350.000,300.000,325.000,-1,-1,-1,-1,-1,900.000,-1,1000.000,2,0,2,0,1,0,0,0,0,2,2,2,2,2,1,2,1
100,-4891.383,-1476.074,249.900,121.073,-0.516753,-0.852814,0.075330,0.856097,-0.513911,0.054700,-0.007936,0.092756,0.995657,0,-0.27437,-0.30759,-16.462,-0.615,-1,450.000,-1,425.000,925.000,350.000,350.000,300.000,325.000,-1,-1,-1,-1,-1,900.000,-1,1000.000,2,0,2,0,1,0,0,0,0,2,2,2,2,2,1,2,1
101,-4881.728,-1492.487,249.998,120.468,-0.507716,-0.858117,0.076554,0.861484,-0.504821,0.054786,-0.008367,0.093765,0.995559,0,-0.31739,-0.30280,-19.043,-0.606,-1,450.000,-1,425.000,925.000,350.000,350.000,300.000,325.000,-1,-1,-1,-1,-1,925.000,-1,1000.000,2,0,2,0,1,0,0,0,0,2,2,2,2,2,1,2,1
102,-4874.586,-1504.810,250.011,120.102,-0.502211,-0.861236,0.077826,0.864705,-0.499286,0.054763,-0.008307,0.094800,0.995462,0,-0.23739,-0.18280,-14.243,-0.366,-1,450.000,-1,425.000,950.000,350.000,325.000,325.000,325.000,-1,-1,-1,-1,-1,925.000,-1,1000.000,2,0,2,0,1,0,0,0,0,2,2,2,2,2,1,2,1
103,-4869.868,-1512.990,250.035,119.977,-0.500301,-0.862271,0.078663,0.865814,-0.497364,0.054731,-0.008069,0.095489,0.995398,0,-0.15739,-0.06280,-9.443,-0.126,-1,450.000,-1,425.000,950.000,350.000,325.000,325.000,325.000,-1,-1,-1,-1,-1,925.000,-1,-1,2,0,2,0,1,0,0,0,0,2,2,2,2,2,1,2,2
104,-4867.541,-1517.008,250.067,120.091,-0.501998,-0.861247,0.079073,0.864835,-0.499067,0.054702,-0.007649,0.095845,0.995367,0,-0.07739,0.05720,-4.643,0.114,-1,450.000,-1,425.000,950.000,350.000,325.000,325.000,325.000,-1,-1,-1,-1,-1,925.000,-1,-1,2,0,2,0,1,0,0,0,0,2,2,2,2,2,1,2,2
105,-4866.120,-1519.426,250.121,120.445,-0.507280,-0.858123,0.079322,0.861754,-0.504373,0.054669,-0.006906,0.096088,0.995349,0,-0.04672,0.17720,-2.803,0.354,-1,450.000,-1,425.000,950.000,350.000,325.000,325.000,325.000,-1,-1,-1,-1,-1,925.000,-1,-1,2,0,2,0,1,0,0,0,0,2,2,2,2,2,1,2,2
106,-4864.654,-1521.881,250.181,120.862,-0.513466,-0.854412,0.079577,0.858089,-0.510587,0.054638,-0.006052,0.096339,0.995330,0,-0.04766,0.20832,-2.859,0.417,-1,450.000,-1,425.000,950.000,350.000,325.000,325.000,325.000,-1,-1,-1,-1,-1,950.000,-1,-1,2,0,2,0,1,0,0,0,0,2,2,2,2,2,1,2,2
107,-4863.138,-1524.376,250.240,121.278,-0.519615,-0.850662,0.079841,0.854385,-0.516763,0.054613,-0.005198,0.096592,0.995310,0,-0.04865,0.20796,-2.919,0.416,-1,450.000,-1,425.000,950.000,350.000,325.000,325.000,325.000,-1,-1,-1,-1,-1,950.000,-1,-1,2,0,2,0,1,0,0,0,0,2,2,2,2,2,1,2,2
108,-4861.573,-1526.912,250.298,121.693,-0.525726,-0.846873,0.080111,0.850643,-0.522901,0.054594,-0.004343,0.096847,0.995290,0,-0.04966,0.20763,-2.980,0.415,-1,450.000,-1,425.000,975.000,350.000,325.000,325.000,325.000,-1,-1,-1,-1,-1,950.000,-1,-1,2,0,2,0,1,0,0,0,0,2,2,2,2,2,1,2,2
109,-4859.957,-1529.488,250.340,122.108,-0.531796,-0.843050,0.080366,0.846865,-0.529006,0.054513,-0.003443,0.097049,0.995274,0,-0.05067,0.20732,-3.040,0.415,-1,450.000,-1,425.000,975.000,350.000,325.000,325.000,325.000,-1,-1,-1,-1,-1,950.000,-1,-1,2,0,2,0,1,0,0,0,0,2,2,2,2,2,1,2,2
110,-4858.290,-1532.104,250.327,122.522,-0.537816,-0.839206,0.080541,0.843059,-0.535085,0.054179,-0.002371,0.097040,0.995278,0,-0.05170,0.20704,-3.102,0.414,-1,450.000,-1,425.000,975.000,350.000,325.000,325.000,325.000,-1,-1,-1,-1,-1,950.000,-1,-1,2,0,2,0,1,0,0,0,0,2,2,2,2,2,1,2,2
111,-4856.570,-1534.760,250.311,122.935,-0.543800,-0.835323,0.080727,0.839214,-0.541129,0.053847,-0.001296,0.097030,0.995281,0,-0.05273,0.20678,-3.164,0.414,-1,450.000,-1,425.000,975.000,350.000,325.000,325.000,325.000,-1,-1,-1,-1,-1,975.000,-1,-1,2,0,2,0,1,0,0,0,0,2,2,2,2,2,1,2,2
112,-4854.796,-1537.455,250.293,123.349,-0.549749,-0.831401,0.080924,0.835330,-0.547138,0.053517,-0.000217,0.097019,0.995283,0,-0.05376,0.20654,-3.226,0.413,-1,450.000,-1,425.000,975.000,350.000,325.000,325.000,325.000,-1,-1,-1,-1,-1,975.000,-1,-1,2,0,2,0,1,0,0,0,0,2,2,2,2,2,1,2,2
113,-4852.969,-1540.189,250.272,123.761,-0.555663,-0.827440,0.081131,0.831407,-0.553112,0.053188,0.000865,0.097008,0.995283,0,-0.05481,0.20633,-3.289,0.413,-1,450.000,-1,425.000,975.000,350.000,325.000,325.000,325.000,-1,-1,-1,-1,-1,975.000,-1,-1,2,0,2,0,1,0,0,0,0,2,2,2,2,2,1,2,2
114,-4851.086,-1542.963,250.249,124.173,-0.561542,-0.823439,0.081349,0.827446,-0.559052,0.052861,0.001951,0.096996,0.995283,0,-0.05586,0.20614,-3.352,0.412,-1,450.000,-1,425.000,975.000,350.000,325.000,325.000,325.000,-1,-1,-1,-1,-1,975.000,-1,-1,2,0,2,0,1,0,0,0,0,2,2,2,2,2,1,2,2
115,-4849.148,-1545.775,250.222,124.585,-0.567388,-0.819400,0.081578,0.823445,-0.564959,0.052536,0.003040,0.096983,0.995281,0,-0.05692,0.20597,-3.415,0.412,-1,450.000,-1,425.000,975.000,350.000,325.000,325.000,325.000,-1,-1,-1,-1,-1,1000.000,-1,-1,2,0,2,0,1,0,0,0,0,2,2,2,2,2,1,2,2
116,-4847.152,-1548.625,250.193,124.997,-0.573200,-0.815320,0.081817,0.819405,-0.570832,0.052214,0.004133,0.096970,0.995279,0,-0.05799,0.20583,-3.479,0.412,-1,450.000,-1,425.000,975.000,350.000,350.000,325.000,325.000,-1,-1,-1,-1,-1,1000.000,-1,-1,2,0,2,0,1,0,0,0,0,2,2,2,2,2,1,2,2
117,-4845.099,-1551.514,250.160,125.409,-0.578979,-0.811202,0.082067,0.815325,-0.576673,0.051894,0.005229,0.096957,0.995275,0,-0.05906,0.20571,-3.544,0.411,-1,450.000,-1,425.000,1000.000,350.000,350.000,325.000,325.000,-1,-1,-1,-1,-1,1000.000,-1,-1,2,0,2,0,1,0,0,0,0,2,2,2,2,2,1,2,2
118,-4842.987,-1554.441,250.124,125.820,-0.584726,-0.807043,0.082327,0.811206,-0.582481,0.051577,0.006329,0.096943,0.995270,0,-0.06014,0.20562,-3.608,0.411,-1,450.000,-1,425.000,1000.000,350.000,350.000,325.000,325.000,-1,-1,-1,-1,-1,1000.000,-1,-1,2,0,2,0,1,0,0,0,0,2,2,2,2,2,1,2,2
119,-4840.816,-1557.404,250.084,126.231,-0.590440,-0.802844,0.082597,0.807047,-0.588258,0.051263,0.007432,0.096928,0.995264,0,-0.06122,0.20556,-3.673,0.411,-1,450.000,-1,425.000,1000.000,350.000,350.000,325.000,325.000,-1,-1,-1,-1,-1,-1,-1,-1,2,0,2,0,1,0,0,0,0,2,2,2,2,2,2,2,2
120,-4838.584,-1560.405,250.041,126.642,-0.596123,-0.798604,0.082878,0.802848,-0.594003,0.050952,0.008539,0.096912,0.995256,0,-0.06232,0.20551,-3.739,0.411,-1,450.000,-1,425.000,1000.000,350.000,350.000,325.000,325.000,-1,-1,-1,-1,-1,-1,-1,-1,2,0,2,0,1,0,0,0,0,2,2,2,2,2,2,2,2
121,-4836.292,-1563.442,249.995,127.053,-0.601774,-0.794324,0.083169,0.798608,-0.599717,0.050644,0.009650,0.096896,0.995248,0,-0.06341,0.20549,-3.805,0.411,-1,450.000,-1,425.000,1000.000,350.000,350.000,325.000,325.000,-1,-1,-1,-1,-1,-1,-1,-1,2,0,2,0,1,0,0,0,0,2,2,2,2,2,2,2,2
122,-4833.937,-1566.515,249.945,127.464,-0.607394,-0.790003,0.083471,0.794328,-0.605400,0.050340,0.010764,0.096879,0.995238,0,-0.06451,0.20550,-3.871,0.411,-1,450.000,-1,425.000,1000.000,350.000,350.000,325.000,325.000,-1,-1,-1,-1,-1,-1,-1,-1,2,0,2,0,1,0,0,0,0,2,2,2,2,2,2,2,2
123,-4831.520,-1569.623,249.890,127.875,-0.612984,-0.785641,0.083782,0.790006,-0.611053,0.050040,0.011882,0.096862,0.995227,0,-0.06562,0.20553,-3.937,0.411,-1,450.000,-1,425.000,-1,350.000,350.000,325.000,325.000,-1,-1,-1,-1,-1,-1,-1,-1,2,0,2,0,2,0,0,0,0,2,2,2,2,2,2,2,2
124,-4829.039,-1572.766,249.832,128.286,-0.618543,-0.781237,0.084103,0.785643,-0.616677,0.049743,0.013004,0.096843,0.995215,0,-0.06673,0.20559,-4.004,0.411,-1,450.000,-1,425.000,-1,350.000,350.000,325.000,325.000,-1,-1,-1,-1,-1,-1,-1,-1,2,0,2,0,2,0,0,0,0,2,2,2,2,2,2,2,2
125,-4826.494,-1575.944,249.770,128.697,-0.624073,-0.776791,0.084435,0.781239,-0.622271,0.049450,0.014129,0.096824,0.995201,0,-0.06785,0.20567,-4.071,0.411,-1,450.000,-1,425.000,-1,350.000,350.000,325.000,325.000,-1,-1,-1,-1,-1,-1,-1,-1,2,0,2,0,2,0,0,0,0,2,2,2,2,2,2,2,2
126,-4823.883,-1579.155,249.703,129.109,-0.629572,-0.772303,0.084776,0.776792,-0.627836,0.049162,0.015258,0.096804,0.995187,0,-0.06897,0.20577,-4.138,0.412,-1,450.000,-1,425.000,-1,350.000,350.000,325.000,325.000,-1,-1,-1,-1,-1,-1,-1,-1,2,0,2,0,2,0,0,0,0,2,2,2,2,2,2,2,2
127,-4821.207,-1582.400,249.632,129.521,-0.635043,-0.767772,0.085127,0.772303,-0.633371,0.048877,0.016390,0.096783,0.995171,0,-0.07009,0.20591,-4.206,0.412,-1,450.000,-1,425.000,-1,350.000,350.000,325.000,325.000,-1,-1,-1,-1,-1,-1,-1,-1,2,0,2,0,2,0,0,0,0,2,2,2,2,2,2,2,2
128,-4818.464,-1585.677,249.557,129.933,-0.640485,-0.763198,0.085487,0.767771,-0.638879,0.048598,0.017526,0.096761,0.995153,0,-0.07122,0.20606,-4.273,0.412,-1,450.000,-1,425.000,-1,350.000,350.000,325.000,325.000,-1,-1,-1,-1,-1,-1,-1,-1,2,0,2,0,2,0,0,0,0,2,2,2,2,2,2,2,2
129,-4815.653,-1588.987,249.477,130.345,-0.645898,-0.758581,0.085858,0.763196,-0.644358,0.048323,0.018666,0.096738,0.995135,0,-0.07235,0.20624,-4.341,0.412,-1,450.000,-1,425.000,-1,350.000,350.000,325.000,325.000,-1,-1,-1,-1,-1,-1,-1,-1,2,0,2,0,2,0,0,0,0,2,2,2,2,2,2,2,2
130,-4812.774,-1592.327,249.392,130.758,-0.651283,-0.753919,0.086237,0.758577,-0.649809,0.048053,0.019809,0.096714,0.995115,0,-0.07349,0.20645,-4.409,0.413,-1,450.000,-1,425.000,-1,350.000,350.000,325.000,325.000,-1,-1,-1,-1,-1,-1,-1,-1,2,0,2,0,2,0,0,0,0,2,2,2,2,2,2,2,2
131,-4809.827,-1595.698,249.303,131.172,-0.656639,-0.749213,0.086626,0.753914,-0.655233,0.047789,0.020956,0.096688,0.995094,0,-0.07463,0.20668,-4.478,0.413,-1,450.000,-1,425.000,-1,350.000,350.000,325.000,325.000,-1,-1,-1,-1,-1,-1,-1,-1,2,0,2,0,2,0,0,0,0,2,2,2,2,2,2,2,2
132,-4806.809,-1599.099,249.208,131.586,-0.661968,-0.744463,0.087024,0.749206,-0.660630,0.047529,0.022107,0.096662,0.995072,0,-0.07577,0.20693,-4.546,0.414,-1,450.000,-1,425.000,-1,350.000,350.000,325.000,325.000,-1,-1,-1,-1,-1,-1,-1,-1,2,0,2,0,2,0,0,0,0,2,2,2,2,2,2,2,2
133,-4806.978,-1598.910,249.225,131.759,-0.664211,-0.742464,0.087014,0.747208,-0.662893,0.047460,0.022444,0.096541,0.995076,0,0.00423,0.08693,0.254,0.174,-1,450.000,-1,425.000,-1,350.000,350.000,325.000,325.000,-1,-1,-1,-1,-1,-1,-1,-1,2,0,2,0,2,0,0,0,0,2,2,2,2,2,2,2,2
134,-4810.339,-1595.136,249.353,131.693,-0.663393,-0.743244,0.086593,0.747948,-0.662050,0.047575,0.021969,0.096328,0.995107,0,0.08423,-0.03307,5.054,-0.066,-1,450.000,-1,425.000,-1,350.000,350.000,325.000,325.000,-1,-1,-1,-1,-1,-1,-1,-1,2,0,2,0,2,0,0,0,0,2,2,2,2,2,2,2,2
135,-4816.854,-1587.742,249.586,131.387,-0.659504,-0.746793,0.085760,0.751416,-0.658089,0.047885,0.020677,0.096022,0.995164,0,0.16423,-0.15307,9.854,-0.306,-1,450.000,-1,425.000,-1,350.000,350.000,325.000,325.000,-1,-1,-1,-1,-1,-1,-1,-1,2,0,2,0,2,0,0,0,0,2,2,2,2,2,2,2,2
136,-4826.436,-1576.655,249.913,130.841,-0.652500,-0.753061,0.084515,0.757561,-0.650966,0.048410,0.018561,0.095612,0.995246,0,0.24423,-0.27307,14.654,-0.546,-1,450.000,-1,425.000,-1,350.000,350.000,325.000,325.000,-1,-1,-1,-1,-1,-1,-1,-1,2,0,2,0,2,0,0,0,0,2,2,2,2,2,2,2,2
137,-4838.955,-1561.763,250.312,130.055,-0.642301,-0.761960,0.082863,0.766294,-0.640605,0.049183,0.015607,0.095087,0.995347,0,0.32423,-0.39307,19.454,-0.786,-1,450.000,-1,425.000,-1,350.000,350.000,325.000,325.000,-1,-1,-1,-1,-1,-1,-1,-1,2,0,2,0,2,0,0,0,0,2,2,2,2,2,2,2,2
138,-4854.227,-1542.920,250.741,129.029,-0.628792,-0.773354,0.080895,0.777483,-0.626893,0.050250,0.011851,0.094491,0.995455,0,0.40423,-0.51307,24.254,-1.026,-1,450.000,-1,425.000,1000.000,350.000,350.000,325.000,325.000,-1,-1,-1,-1,-1,-1,-1,-1,2,0,2,0,1,0,0,0,0,2,2,2,2,2,2,2,2
139,-4872.023,-1519.953,251.107,127.773,-0.611963,-0.786940,0.078914,0.790851,-0.609825,0.051653,0.007476,0.094019,0.995542,0,0.48423,-0.62774,29.054,-1.255,-1,450.000,-1,450.000,975.000,350.000,350.000,325.000,325.000,-1,-1,-1,-1,-1,1000.000,-1,-1,2,0,2,0,1,0,0,0,0,2,2,2,2,2,1,2,2
