timestep,x_cm,y_cm,z_cm,yaw_deg,basis_xx,basis_xy,basis_xz,basis_yx,basis_yy,basis_yz,basis_zx,basis_zy,basis_zz,teleport_flag,throttle_cmd,steering_cmd,cmd_move_cm,cmd_turn_deg,lidar_cm_0,lidar_cm_1,lidar_cm_2,lidar_cm_3,lidar_cm_4,lidar_cm_5,lidar_cm_6,lidar_cm_7,lidar_cm_8,lidar_cm_9,lidar_cm_10,lidar_cm_11,lidar_cm_12,lidar_cm_13,lidar_cm_14,lidar_cm_15,lidar_cm_16,lidar_class_0,lidar_class_1,lidar_class_2,lidar_class_3,lidar_class_4,lidar_class_5,lidar_class_6,lidar_class_7,lidar_class_8,lidar_class_9,lidar_class_10,lidar_class_11,lidar_class_12,lidar_class_13,lidar_class_14,lidar_class_15,lidar_class_16
0,327.462,332.743,-256.988,94.967,-0.092617,-0.987992,0.123670,0.994564,-0.085858,0.058920,-0.047594,0.128455,0.990573,1,0.08000,0.00680,4.800,0.014,-1,350.000,-1,275.000,250.000,275.000,250.000,525.000,250.000,200.000,475.000,475.000,-1,550.000,400.000,925.000,275.000,2,0,2,0,0,0,0,1,0,1,1,1,2,0,0,0,0
1,326.632,342.307,-257.321,94.979,-0.092370,-0.988272,0.121601,0.994720,-0.086101,0.055849,-0.044724,0.126118,0.991007,0,0.16000,0.00630,9.600,0.013,-1,350.000,-1,275.000,250.000,275.000,250.000,550.000,250.000,200.000,475.000,475.000,-1,550.000,400.000,950.000,275.000,2,0,2,0,0,0,0,1,0,1,1,1,2,0,0,0,0
2,325.383,356.652,-257.825,94.990,-0.091878,-0.988696,0.118489,0.994950,-0.086322,0.051206,-0.040399,0.122595,0.991634,0,0.24000,0.00530,14.400,0.011,-1,350.000,-1,275.000,250.000,275.000,250.000,550.000,250.000,200.000,475.000,500.000,-1,575.000,425.000,950.000,300.000,2,0,2,0,0,0,0,1,0,1,1,1,2,0,0,0,0
3,323.716,375.779,-258.511,94.997,-0.091145,-0.989257,0.114293,0.995237,-0.086502,0.044951,-0.034582,0.117846,0.992430,0,0.32000,0.00377,19.200,0.008,-1,350.000,-1,275.000,275.000,275.000,250.000,550.000,250.000,200.000,500.000,500.000,-1,575.000,425.000,975.000,325.000,2,0,2,0,0,0,0,0,0,1,1,1,2,0,0,0,0
4,321.630,399.688,-259.392,95.001,-0.090187,-0.989947,0.108959,0.995553,-0.086622,0.037031,-0.027221,0.111814,0.993356,0,0.40000,0.00170,24.000,0.003,-1,350.000,-1,300.000,325.000,275.000,250.000,525.000,250.000,200.000,500.000,525.000,-1,575.000,425.000,-1,350.000,2,0,2,0,0,0,0,0,0,1,1,1,2,0,0,2,0
5,319.127,428.378,-260.486,94.999,-0.089030,-0.990750,0.102414,0.995862,-0.086660,0.027378,-0.018250,0.104427,0.994365,0,0.48000,-0.00093,28.800,-0.002,-1,350.000,-1,300.000,350.000,275.000,275.000,500.000,250.000,225.000,525.000,550.000,-1,600.000,450.000,-1,375.000,2,0,2,0,0,0,0,0,0,1,1,1,2,0,0,2,0
6,316.213,461.851,-261.815,94.991,-0.087715,-0.991647,0.094567,0.996117,-0.086593,0.015912,-0.007591,0.095595,0.995391,0,0.56000,-0.00415,33.600,-0.008,-1,350.000,-1,300.000,400.000,300.000,275.000,475.000,250.000,225.000,525.000,550.000,-1,600.000,475.000,-1,425.000,2,0,2,0,0,0,0,0,0,1,1,1,2,0,0,2,0
7,312.934,499.623,-263.384,94.975,-0.086312,-0.992598,0.085431,0.996257,-0.086397,0.002714,0.004687,0.085345,0.996340,0,0.63190,-0.00800,37.914,-0.016,-1,350.000,-1,325.000,475.000,300.000,275.000,450.000,275.000,225.000,550.000,575.000,-1,625.000,500.000,-1,500.000,2,0,2,0,0,0,0,0,0,1,1,1,2,0,0,2,0
8,309.671,537.392,-265.027,94.950,-0.084980,-0.993481,0.075989,0.996234,-0.086039,-0.010759,0.017227,0.074788,0.997051,0,0.63183,-0.01245,37.910,-0.025,-1,375.000,-1,325.000,575.000,300.000,275.000,400.000,275.000,250.000,575.000,600.000,1000.000,625.000,525.000,-1,600.000,2,0,2,0,0,0,0,0,0,1,1,1,0,0,0,2,0
9,306.429,575.183,-266.748,94.916,-0.083734,-0.994285,0.066224,0.996035,-0.085514,-0.024509,0.030032,0.063909,0.997504,0,0.63214,-0.01700,37.928,-0.034,-1,375.000,-1,325.000,725.000,300.000,300.000,375.000,275.000,250.000,300.000,625.000,1000.000,650.000,550.000,-1,775.000,2,0,2,0,0,0,0,0,0,1,1,1,0,0,0,2,0
10,303.211,613.015,-268.549,94.872,-0.082590,-0.995002,0.056119,0.995651,-0.084818,-0.038541,0.043108,0.052692,0.997680,0,0.63279,-0.02165,37.967,-0.043,-1,375.000,-1,350.000,-1,300.000,300.000,350.000,275.000,250.000,175.000,475.000,975.000,675.000,600.000,-1,-1,2,0,2,0,2,0,0,0,0,1,1,0,0,0,0,2,2
11,300.024,650.908,-269.922,94.820,-0.081720,-0.995697,0.043702,0.995114,-0.083953,-0.051970,0.055415,0.039241,0.997692,0,0.63376,-0.02640,38.026,-0.053,-1,375.000,-1,375.000,-1,300.000,300.000,300.000,300.000,275.000,125.000,300.000,975.000,675.000,650.000,-1,-1,2,0,2,0,2,0,0,0,0,1,1,0,0,0,0,2,2
12,296.868,688.880,-269.074,94.757,-0.080820,-0.996057,0.036590,0.994804,-0.082889,-0.059116,0.061915,0.031622,0.997580,0,0.63504,-0.03124,38.102,-0.062,-1,375.000,-1,375.000,-1,300.000,300.000,300.000,300.000,300.000,125.000,275.000,975.000,700.000,675.000,-1,-1,2,0,2,0,2,0,0,0,0,1,1,0,0,0,0,2,2
13,293.749,726.948,-266.307,94.685,-0.079507,-0.996157,0.036740,0.994825,-0.081632,-0.060490,0.063256,0.031741,0.997492,0,0.63658,-0.03616,38.195,-0.072,-1,375.000,-1,375.000,-1,300.000,300.000,300.000,300.000,325.000,175.000,300.000,1000.000,700.000,675.000,-1,-1,2,0,2,0,2,0,0,0,0,1,1,0,0,0,0,2,2
14,290.675,765.128,-263.535,94.602,-0.078020,-0.996270,0.036872,0.994857,-0.080200,-0.061866,0.064592,0.031856,0.997403,0,0.63839,-0.04118,38.303,-0.082,-1,375.000,-1,375.000,-1,300.000,300.000,300.000,300.000,375.000,200.000,325.000,-1,700.000,700.000,-1,-1,2,0,2,0,2,0,0,0,0,1,1,0,2,0,0,2,2
15,287.653,803.435,-260.755,94.510,-0.076357,-0.996394,0.036987,0.994899,-0.078590,-0.063244,0.065923,0.031969,0.997312,0,0.64043,-0.04627,38.426,-0.093,-1,375.000,-1,375.000,-1,300.000,300.000,300.000,300.000,425.000,250.000,350.000,-1,725.000,700.000,-1,-1,2,0,2,0,2,0,0,0,0,1,1,0,2,0,0,2,2
16,284.690,841.884,-257.968,94.407,-0.074514,-0.996530,0.037082,0.994950,-0.076800,-0.064626,0.067250,0.032079,0.997220,0,0.64270,-0.05145,38.562,-0.103,-1,375.000,-1,375.000,-1,300.000,300.000,300.000,300.000,450.000,275.000,375.000,-1,725.000,700.000,-1,-1,2,0,2,0,2,0,0,0,0,1,1,0,2,0,0,2,2
17,281.792,880.486,-255.171,94.294,-0.072488,-0.996677,0.037157,0.995009,-0.074827,-0.066011,0.068572,0.032186,0.997127,0,0.64518,-0.05670,38.711,-0.113,-1,375.000,-1,375.000,-1,300.000,300.000,300.000,300.000,500.000,300.000,425.000,-1,750.000,725.000,-1,-1,2,0,2,0,2,0,0,0,0,1,1,0,2,0,0,2,2
18,278.965,919.255,-252.366,94.169,-0.070277,-0.996833,0.037212,0.995076,-0.072669,-0.067400,0.069891,0.032292,0.997032,0,0.64786,-0.06204,38.872,-0.124,-1,375.000,-1,375.000,-1,300.000,300.000,300.000,300.000,550.000,350.000,450.000,-1,750.000,725.000,-1,-1,2,0,2,0,2,0,0,0,0,1,1,0,2,0,0,2,2
19,276.218,958.203,-249.551,94.035,-0.067877,-0.996998,0.037246,0.995149,-0.070321,-0.068793,0.071206,0.032396,0.996935,0,0.65073,-0.06745,39.044,-0.135,-1,375.000,-1,375.000,-1,325.000,300.000,300.000,300.000,575.000,375.000,475.000,-1,750.000,725.000,-1,-1,2,0,2,0,2,0,0,0,0,1,1,0,2,0,0,2,2
20,274.032,992.377,-247.088,93.660,-0.061297,-0.997423,0.037277,0.995504,-0.063796,-0.070014,0.072211,0.032818,0.996849,0,0.57073,-0.18745,34.244,-0.375,-1,375.000,-1,375.000,-1,325.000,300.000,300.000,300.000,625.000,400.000,500.000,-1,775.000,750.000,-1,-1,2,0,2,0,2,0,0,0,0,1,1,0,2,0,0,2,2
21,272.453,1021.778,-244.980,93.074,-0.051042,-0.998000,0.037297,0.996031,-0.053597,-0.071064,0.072921,0.033522,0.996774,0,0.49073,-0.29279,29.444,-0.586,-1,375.000,-1,375.000,-1,325.000,300.000,300.000,300.000,675.000,425.000,500.000,-1,775.000,750.000,-1,-1,2,0,2,0,2,0,0,0,0,1,1,0,2,0,0,2,2
22,271.386,1046.399,-243.224,92.480,-0.040641,-0.998478,0.037293,0.996471,-0.043246,-0.071944,0.073448,0.034238,0.996711,0,0.41073,-0.29702,24.644,-0.594,-1,400.000,-1,375.000,-1,325.000,300.000,300.000,300.000,725.000,450.000,525.000,-1,775.000,750.000,-1,-1,2,0,2,0,2,0,0,0,0,1,1,0,2,0,0,2,2
23,270.735,1066.232,-241.816,91.879,-0.030117,-0.998851,0.037276,0.996819,-0.032767,-0.072656,0.073794,0.034969,0.996660,0,0.33073,-0.30059,19.844,-0.601,-1,400.000,-1,375.000,-1,325.000,325.000,300.000,300.000,750.000,450.000,525.000,-1,800.000,750.000,-1,-1,2,0,2,0,2,0,0,0,0,1,1,0,2,0,0,2,2
24,270.401,1081.272,-240.755,91.272,-0.019493,-0.999116,0.037255,0.997071,-0.022183,-0.073198,0.073959,0.035719,0.996621,0,0.25073,-0.30349,15.044,-0.607,-1,400.000,-1,375.000,-1,325.000,325.000,300.000,300.000,800.000,475.000,550.000,-1,800.000,750.000,-1,-1,2,0,2,0,2,0,0,0,0,1,1,0,2,0,0,2,2
25,270.282,1091.515,-240.037,90.660,-0.008796,-0.999268,0.037239,0.997224,-0.011520,-0.073570,0.073945,0.036488,0.996595,0,0.17073,-0.30570,10.244,-0.611,-1,400.000,-1,375.000,-1,325.000,325.000,300.000,300.000,825.000,475.000,550.000,-1,800.000,750.000,-1,-1,2,0,2,0,2,0,0,0,0,1,1,0,2,0,0,2,2
26,270.277,1096.959,-239.658,90.046,0.001950,-0.999305,0.037235,0.997275,-0.000803,-0.073773,0.073752,0.037277,0.996580,0,0.09073,-0.30722,5.444,-0.614,-1,400.000,-1,375.000,-1,325.000,325.000,300.000,300.000,825.000,475.000,550.000,-1,800.000,750.000,-1,-1,2,0,2,0,2,0,0,0,0,1,1,1,2,0,0,2,2
27,270.283,1097.603,-239.615,89.430,0.012718,-0.999225,0.037252,0.997223,0.009941,-0.073807,0.073380,0.038087,0.996577,0,0.01073,-0.30803,0.644,-0.616,-1,400.000,-1,375.000,-1,325.000,325.000,300.000,300.000,850.000,475.000,525.000,-1,800.000,750.000,-1,-1,2,0,2,0,2,0,0,0,0,1,1,1,2,0,0,2,2
28,270.197,1093.447,-239.905,88.814,0.023484,-0.999028,0.037297,0.997068,0.020687,-0.073673,0.072830,0.038918,0.996585,0,-0.06927,-0.30813,-4.156,-0.616,-1,400.000,-1,375.000,-1,325.000,325.000,300.000,300.000,850.000,475.000,525.000,-1,800.000,750.000,-1,-1,2,0,2,0,2,0,0,0,0,1,1,1,2,0,0,2,2
29,269.915,1084.495,-240.524,88.199,0.034219,-0.998715,0.037378,0.996810,0.031408,-0.073371,0.072102,0.039769,0.996604,0,-0.14927,-0.30750,-8.956,-0.615,-1,400.000,-1,375.000,-1,325.000,325.000,300.000,300.000,850.000,475.000,500.000,-1,800.000,750.000,-1,-1,2,0,2,0,2,0,0,0,0,1,1,1,2,0,0,2,2
30,269.335,1070.751,-241.469,87.586,0.044899,-0.998287,0.037502,0.996451,0.042078,-0.072902,0.071199,0.040643,0.996634,0,-0.22927,-0.30615,-13.756,-0.612,-1,400.000,-1,375.000,-1,325.000,325.000,300.000,300.000,850.000,450.000,500.000,-1,775.000,750.000,-1,-1,2,0,2,0,2,0,0,0,0,1,1,1,2,0,0,2,2
31,268.356,1052.221,-242.735,86.978,0.055496,-0.997748,0.037680,0.995994,0.052669,-0.072268,0.070121,0.041540,0.996673,0,-0.30927,-0.30407,-18.556,-0.608,-1,400.000,-1,375.000,-1,325.000,300.000,300.000,300.000,850.000,450.000,475.000,-1,775.000,750.000,-1,-1,2,0,2,0,2,0,0,0,0,1,1,1,2,0,0,2,2
32,267.543,1038.488,-243.670,86.610,0.061905,-0.997365,0.037818,0.995668,0.059077,-0.071799,0.069375,0.042099,0.996702,0,-0.22927,-0.18407,-13.756,-0.368,-1,400.000,-1,375.000,-1,325.000,300.000,300.000,300.000,825.000,425.000,450.000,-1,775.000,750.000,-1,-1,2,0,2,0,2,0,0,0,0,1,1,1,2,0,0,2,2
33,266.993,1029.549,-244.277,86.482,0.064132,-0.997221,0.037905,0.995555,0.061307,-0.071489,0.068967,0.042321,0.996721,0,-0.14927,-0.06407,-8.956,-0.128,-1,375.000,-1,375.000,-1,325.000,300.000,300.000,300.000,825.000,425.000,450.000,-1,775.000,750.000,-1,-1,2,0,2,0,2,0,0,0,0,1,1,1,2,0,0,2,2
34,266.746,1025.400,-244.557,86.594,0.062177,-0.997344,0.037931,0.995684,0.059361,-0.071338,0.068897,0.042203,0.996731,0,-0.06927,0.05593,-4.156,0.112,-1,375.000,-1,375.000,-1,325.000,300.000,300.000,300.000,825.000,425.000,450.000,-1,775.000,750.000,-1,-1,2,0,2,0,2,0,0,0,0,1,1,1,2,0,0,2,2
35,266.781,1026.042,-244.510,86.946,0.056040,-0.997709,0.037898,0.996030,0.053236,-0.071344,0.069164,0.041746,0.996732,0,0.01073,0.17593,0.644,0.352,-1,375.000,-1,375.000,-1,325.000,300.000,300.000,300.000,800.000,425.000,450.000,-1,775.000,750.000,-1,-1,2,0,2,0,2,0,0,0,0,1,1,1,2,0,0,2,2
36,267.015,1031.481,-244.132,87.538,0.045716,-0.998239,0.037810,0.996516,0.042929,-0.071512,0.069763,0.040948,0.996723,0,0.09073,0.29593,5.444,0.592,-1,375.000,-1,375.000,-1,325.000,300.000,300.000,300.000,800.000,425.000,450.000,-1,775.000,750.000,-1,-1,2,0,2,0,2,0,0,0,0,1,1,1,2,0,0,2,2
37,267.307,1041.720,-243.420,88.369,0.031199,-0.998803,0.037679,0.997010,0.028433,-0.071845,0.070688,0.039808,0.996704,0,0.17073,0.41593,10.244,0.832,-1,400.000,-1,375.000,-1,325.000,300.000,300.000,300.000,800.000,425.000,475.000,-1,775.000,750.000,-1,-1,2,0,2,0,2,0,0,0,0,1,1,1,2,0,0,2,2
38,267.455,1056.763,-242.367,89.441,0.012485,-0.999218,0.037522,0.997332,0.009744,-0.072349,0.071927,0.038326,0.996673,0,0.25073,0.53593,15.044,1.072,-1,400.000,-1,375.000,-1,325.000,300.000,300.000,300.000,800.000,450.000,500.000,-1,775.000,750.000,-1,-1,2,0,2,0,2,0,0,0,0,1,1,1,2,0,0,2,2
39,267.195,1076.605,-240.967,90.753,-0.010425,-0.999247,0.037364,0.997243,-0.013135,-0.073030,0.073466,0.036499,0.996630,0,0.33073,0.65593,19.844,1.312,-1,400.000,-1,375.000,-1,325.000,325.000,300.000,300.000,800.000,475.000,550.000,-1,800.000,750.000,-1,-1,2,0,2,0,2,0,0,0,0,1,1,1,2,0,0,2,2
40,266.258,1101.231,-239.213,92.180,-0.035338,-0.998682,0.037232,0.996541,-0.038017,-0.073893,0.075211,0.034492,0.996571,0,0.41073,0.71346,24.644,1.427,-1,400.000,-1,375.000,-1,325.000,325.000,300.000,300.000,800.000,500.000,550.000,-1,800.000,775.000,-1,-1,2,0,2,0,2,0,0,0,0,1,1,0,2,0,0,2,2
41,264.410,1130.616,-237.099,93.600,-0.060100,-0.997501,0.037151,0.995212,-0.062753,-0.074936,0.077080,0.032469,0.996496,0,0.49073,0.70985,29.444,1.420,-1,400.000,-1,400.000,-1,325.000,325.000,300.000,300.000,800.000,525.000,575.000,-1,800.000,775.000,-1,-1,2,0,2,0,2,0,0,0,0,1,1,0,2,0,0,2,2
42,261.565,1163.077,-234.739,95.011,-0.084675,-0.995717,0.037129,0.993271,-0.087304,-0.076095,0.079011,0.030436,0.996409,0,0.54308,0.70557,32.585,1.411,-1,400.000,-1,400.000,-1,325.000,325.000,300.000,300.000,825.000,550.000,575.000,-1,825.000,775.000,-1,-1,2,0,2,0,2,0,0,0,0,1,1,0,2,0,0,2,2
43,257.900,1195.695,-232.342,96.413,-0.109037,-0.993342,0.037171,0.990740,-0.111643,-0.077263,0.080899,0.028403,0.996318,0,0.54705,0.70087,32.823,1.402,-1,400.000,-1,400.000,-1,325.000,325.000,300.000,300.000,850.000,575.000,600.000,-1,825.000,775.000,-1,-1,2,0,2,0,2,0,0,0,0,1,1,0,2,0,0,2,2
44,253.411,1228.447,-229.909,97.805,-0.133173,-0.990392,0.037271,0.987633,-0.135754,-0.078435,0.082741,0.026365,0.996222,0,0.55097,0.69617,33.058,1.392,-1,400.000,-1,400.000,-1,325.000,325.000,300.000,300.000,850.000,600.000,625.000,-1,850.000,800.000,-1,-1,2,0,2,0,2,0,0,0,0,1,1,0,2,0,0,2,2
45,248.096,1261.311,-227.438,99.188,-0.157073,-0.986878,0.037407,0.983963,-0.159626,-0.079598,0.084525,0.024305,0.996125,0,0.55484,0.69148,33.290,1.383,-1,400.000,-1,400.000,-1,325.000,325.000,300.000,300.000,875.000,625.000,575.000,-1,850.000,825.000,-1,-1,2,0,2,0,2,0,0,0,0,1,1,0,2,0,0,2,2
46,241.954,1294.262,-224.747,100.562,-0.180817,-0.982830,0.036741,0.979816,-0.183248,-0.079884,0.085245,0.021555,0.996127,0,0.55866,0.68679,33.519,1.374,-1,400.000,-1,400.000,-1,325.000,325.000,300.000,300.000,900.000,675.000,600.000,-1,875.000,850.000,-1,-1,2,0,2,0,2,0,0,0,0,1,0,0,2,0,0,2,2
47,234.981,1327.279,-222.104,101.926,-0.204283,-0.978238,0.036321,0.975156,-0.206606,-0.079903,0.085668,0.019096,0.996141,0,0.56242,0.68211,33.745,1.364,-1,400.000,-1,400.000,-1,325.000,325.000,300.000,300.000,900.000,675.000,600.000,-1,900.000,875.000,-1,-1,2,0,2,0,2,0,0,0,0,1,0,0,2,0,0,2,2
48,227.179,1360.338,-219.417,103.281,-0.227473,-0.973121,0.035936,0.969981,-0.229688,-0.079875,0.085982,0.016688,0.996157,0,0.56612,0.67744,33.967,1.355,-1,425.000,-1,400.000,-1,325.000,325.000,300.000,300.000,925.000,700.000,625.000,-1,925.000,900.000,-1,-1,2,0,2,0,2,0,0,0,0,1,0,0,2,0,0,2,2
49,218.547,1393.417,-216.571,104.626,-0.250350,-0.967488,0.035940,0.964345,-0.252483,-0.079318,0.085813,0.014802,0.996201,0,0.56977,0.67277,34.186,1.346,-1,425.000,-1,400.000,-1,325.000,325.000,300.000,300.000,950.000,725.000,675.000,-1,950.000,925.000,-1,-1,2,0,2,0,2,0,0,0,0,1,0,0,2,0,0,2,2
50,209.087,1426.492,-213.792,105.962,-0.272977,-0.961367,0.035447,0.958234,-0.274984,-0.078562,0.085274,0.012521,0.996279,0,0.57336,0.66811,34.402,1.336,-1,425.000,-1,400.000,-1,325.000,325.000,300.000,300.000,975.000,775.000,725.000,-1,950.000,950.000,-1,-1,2,0,2,0,2,0,0,0,0,1,0,0,2,0,0,2,2
51,198.801,1459.541,-210.987,107.289,-0.295302,-0.954766,0.034902,0.951645,-0.297181,-0.077819,0.084671,0.010234,0.996356,0,0.57689,0.66346,34.613,1.327,-1,425.000,-1,400.000,-1,325.000,325.000,300.000,300.000,1000.000,850.000,775.000,-1,975.000,950.000,-1,-1,2,0,2,0,2,0,0,0,0,1,0,0,2,0,0,2,2
52,187.691,1492.543,-208.187,108.607,-0.317308,-0.947699,0.034381,0.944602,-0.319064,-0.076979,0.083922,0.008050,0.996440,0,0.58036,0.65883,34.821,1.318,-1,425.000,-1,400.000,-1,325.000,325.000,300.000,300.000,-1,900.000,850.000,-1,975.000,975.000,-1,-1,2,0,2,0,2,0,0,0,0,2,0,0,2,0,0,2,2
53,175.761,1525.474,-205.392,109.915,-0.338990,-0.940180,0.033867,0.937118,-0.340625,-0.076048,0.083035,0.005957,0.996529,0,0.58377,0.65420,35.026,1.308,-1,400.000,-1,400.000,-1,325.000,325.000,300.000,300.000,-1,950.000,925.000,-1,975.000,1000.000,-1,-1,2,0,2,0,2,0,0,0,0,2,0,0,2,0,0,2,2
54,161.454,1562.641,-202.219,111.053,-0.357714,-0.933240,0.033211,0.930232,-0.359230,-0.074978,0.081903,0.004074,0.996632,0,0.66377,0.56887,39.826,1.138,-1,400.000,-1,400.000,-1,325.000,325.000,300.000,300.000,-1,1000.000,-1,-1,1000.000,1000.000,-1,-1,2,0,2,0,2,0,0,0,0,2,0,2,2,0,0,2,2
55,144.607,1603.965,-198.674,112.180,-0.376136,-0.925998,0.032407,0.923057,-0.377523,-0.073767,0.080543,0.002167,0.996749,0,0.74377,0.56365,44.626,1.127,-1,400.000,-1,400.000,-1,325.000,325.000,300.000,300.000,-1,-1,-1,-1,1000.000,-1,-1,-1,2,0,2,0,2,0,0,0,0,2,2,2,2,0,2,2,2
56,125.476,1648.397,-194.845,113.296,-0.394230,-0.918473,0.031454,0.915612,-0.395482,-0.072445,0.078979,0.000239,0.996876,0,0.80628,0.55784,48.377,1.116,-1,400.000,-1,425.000,-1,325.000,325.000,300.000,300.000,-1,-1,-1,-1,-1,1000.000,-1,-1,2,0,2,0,2,0,0,0,0,2,2,2,2,2,1,2,2
57,104.352,1695.154,-190.802,114.312,-0.410595,-0.911313,0.030350,0.908541,-0.411712,-0.071035,0.077231,-0.001592,0.997012,0,0.85513,0.50819,51.308,1.016,-1,400.000,-1,425.000,-1,325.000,325.000,300.000,300.000,-1,-1,-1,-1,-1,975.000,-1,-1,2,0,2,0,2,0,0,0,0,2,2,2,2,2,1,2,2
58,82.293,1741.777,-186.760,115.321,-0.426700,-0.903923,0.029147,0.901245,-0.427681,-0.069615,0.075392,-0.003436,0.997148,0,0.85963,0.50409,51.578,1.008,-1,400.000,-1,425.000,-1,325.000,325.000,300.000,300.000,-1,-1,-1,-1,-1,950.000,-1,-1,2,0,2,0,2,0,0,0,0,2,2,2,2,2,1,2,2
59,59.313,1788.233,-182.720,116.320,-0.442533,-0.896320,0.027840,0.893738,-0.443376,-0.068189,0.073463,-0.005294,0.997284,0,0.86382,0.49962,51.829,0.999,-1,425.000,-1,425.000,-1,325.000,325.000,300.000,300.000,-1,-1,-1,-1,-1,900.000,-1,-1,2,0,2,0,2,0,0,0,0,2,2,2,2,2,1,2,2
60,35.428,1834.490,-178.911,117.309,-0.458089,-0.888518,0.026273,0.886038,-0.458784,-0.066732,0.071346,-0.007290,0.997425,0,0.86767,0.49479,52.060,0.990,-1,425.000,-1,450.000,-1,325.000,350.000,300.000,300.000,-1,-1,-1,-1,-1,875.000,-1,-1,2,0,2,0,2,0,0,0,0,2,2,2,2,2,1,2,2
61,10.657,1880.517,-175.262,118.289,-0.473310,-0.880537,0.025156,0.878150,-0.473895,-0.065385,0.069495,-0.008857,0.997543,0,0.87115,0.48960,52.269,0.979,-1,425.000,-1,450.000,1000.000,350.000,350.000,300.000,300.000,-1,-1,-1,-1,-1,850.000,-1,975.000,2,0,2,0,1,0,0,0,0,2,2,2,2,2,1,2,1
62,-17.155,1930.015,-171.872,119.331,-0.489290,-0.871770,0.024746,0.869633,-0.489839,-0.061606,0.065828,-0.008623,0.997794,0,0.94629,0.52127,56.777,1.043,-1,425.000,-1,450.000,925.000,350.000,350.000,300.000,300.000,-1,-1,-1,-1,-1,800.000,-1,900.000,2,0,2,0,1,0,0,0,0,2,2,2,2,2,1,2,1
63,-46.377,1979.802,-168.649,120.410,-0.505644,-0.862398,0.024388,0.860548,-0.506171,-0.056993,0.061495,-0.007831,0.998077,0,0.96216,0.53947,57.730,1.079,-1,425.000,-1,450.000,850.000,350.000,350.000,300.000,300.000,-1,-1,-1,-1,-1,750.000,-1,850.000,2,0,2,0,1,0,0,0,0,2,2,2,2,2,1,2,1
64,-76.711,2029.341,-165.511,121.480,-0.521679,-0.852803,0.024037,0.851217,-0.522187,-0.052439,0.057272,-0.006896,0.998335,0,0.96815,0.53488,58.089,1.070,-1,425.000,-1,425.000,775.000,350.000,350.000,300.000,300.000,-1,-1,-1,-1,-1,700.000,-1,775.000,2,0,2,0,1,0,0,0,0,2,2,2,2,2,1,2,1
65,-108.139,2078.598,-162.501,122.539,-0.537402,-0.843004,0.023303,0.841640,-0.537869,-0.048367,0.053308,-0.006380,0.998558,0,0.97384,0.52977,58.430,1.060,-1,425.000,-1,425.000,700.000,350.000,350.000,300.000,300.000,-1,-1,-1,-1,-1,675.000,-1,725.000,2,0,2,0,1,0,0,0,0,2,2,2,2,2,1,2,1
66,-140.641,2127.539,-159.624,123.588,-0.552791,-0.833024,0.022214,0.831842,-0.553201,-0.044799,0.049608,-0.006286,0.998749,0,0.97917,0.52409,58.750,1.048,-1,425.000,-1,425.000,650.000,350.000,350.000,300.000,300.000,-1,-1,-1,-1,1000.000,650.000,-1,650.000,2,0,2,0,1,0,0,0,0,2,2,2,2,0,1,2,1
67,-174.189,2176.127,-156.790,124.623,-0.567815,-0.822889,0.020941,0.821877,-0.568167,-0.041290,0.045876,-0.006234,0.998928,0,0.98409,0.51782,59.046,1.036,-1,425.000,-1,425.000,575.000,350.000,350.000,325.000,300.000,-1,-1,-1,-1,1000.000,600.000,-1,600.000,2,0,2,0,1,0,0,0,0,2,2,2,2,0,1,2,1
68,-208.753,2224.326,-154.368,125.645,-0.582532,-0.812617,0.017572,0.811777,-0.582746,-0.037752,0.040918,-0.007728,0.999133,0,0.98853,0.51093,59.312,1.022,-1,425.000,-1,425.000,525.000,350.000,350.000,300.000,300.000,-1,-1,-1,-1,975.000,575.000,-1,550.000,2,0,2,0,1,0,0,0,0,2,2,2,2,0,1,2,1
69,-244.298,2272.097,-152.037,126.652,-0.596840,-0.802241,0.013825,0.801561,-0.596926,-0.034353,0.035812,-0.009421,0.999314,0,0.99241,0.50338,59.544,1.007,-1,425.000,-1,425.000,450.000,350.000,350.000,300.000,300.000,-1,-1,-1,-1,950.000,550.000,-1,500.000,2,0,2,1,1,0,0,0,0,2,2,2,2,0,1,2,1
70,-280.782,2319.399,-149.739,127.642,-0.610709,-0.791791,0.010024,0.791257,-0.610691,-0.031116,0.030759,-0.011071,0.999466,0,0.99563,0.49514,59.738,0.990,-1,425.000,-1,400.000,400.000,350.000,350.000,300.000,325.000,-1,-1,-1,-1,925.000,525.000,-1,450.000,2,0,2,1,1,0,0,0,0,2,2,2,2,0,1,2,1
71,-318.156,2366.192,-147.495,128.615,-0.624126,-0.781299,0.006184,0.780898,-0.624028,-0.028037,0.025765,-0.012669,0.999588,0,0.99812,0.48619,59.887,0.972,-1,425.000,-1,375.000,350.000,325.000,350.000,300.000,325.000,-1,-1,-1,-1,900.000,500.000,-1,400.000,2,0,2,1,1,0,0,0,0,2,2,2,2,0,1,2,1
72,-356.366,2412.433,-146.030,129.568,-0.637048,-0.770813,0.004125,0.770518,-0.636937,-0.024760,0.021713,-0.012595,0.999685,0,0.99975,0.47649,59.985,0.953,-1,400.000,-1,350.000,300.000,325.000,325.000,300.000,325.000,-1,-1,-1,-1,875.000,500.000,-1,350.000,2,0,2,1,1,0,0,0,0,2,2,2,2,0,1,2,1
73,-395.332,2458.057,-144.980,130.500,-0.649488,-0.760363,0.003731,0.760138,-0.649402,-0.021600,0.018847,-0.011193,0.999760,0,1.00000,0.46602,60.000,0.932,-1,400.000,-1,325.000,275.000,325.000,325.000,300.000,325.000,-1,-1,-1,-1,875.000,475.000,-1,325.000,2,0,2,1,1,0,1,0,0,2,2,2,2,0,1,2,1
74,-435.018,2503.058,-143.966,131.409,-0.661466,-0.749969,0.003220,0.749804,-0.661400,-0.018564,0.016052,-0.009865,0.999822,0,1.00000,0.45479,60.000,0.910,-1,400.000,-1,325.000,225.000,325.000,300.000,300.000,325.000,-1,-1,-1,-1,850.000,500.000,-1,275.000,2,0,2,1,1,0,1,0,0,2,2,2,2,0,1,2,1
75,-475.335,2547.374,-142.886,132.295,-0.672973,-0.739663,0.002523,0.739541,-0.672917,-0.016152,0.013645,-0.009003,0.999866,0,0.99853,0.44277,59.912,0.886,-1,400.000,-1,325.000,200.000,325.000,300.000,300.000,300.000,-1,-1,-1,-1,850.000,525.000,-1,225.000,2,0,2,1,1,1,1,0,0,2,2,2,2,0,1,2,1
76,-516.200,2590.956,-137.723,133.155,-0.684187,-0.729306,-0.001075,0.728925,-0.683781,-0.033352,0.023589,-0.023603,0.999443,0,0.99572,0.43000,59.743,0.860,1000.000,450.000,-1,350.000,200.000,350.000,325.000,300.000,300.000,-1,-1,-1,-1,925.000,850.000,-1,275.000,1,0,2,1,1,0,1,0,1,2,2,2,2,0,1,2,1
77,-557.520,2633.759,-133.627,133.988,-0.694939,-0.719060,-0.003549,0.718420,-0.694093,-0.045924,0.030559,-0.034464,0.998939,0,0.99156,0.41652,59.493,0.833,975.000,475.000,-1,400.000,225.000,375.000,375.000,275.000,275.000,-1,-1,-1,-1,950.000,850.000,-1,975.000,1,0,2,1,1,0,1,0,1,2,2,2,2,1,1,2,1
78,-599.203,2675.741,-130.759,134.793,-0.705159,-0.709023,-0.006077,0.708232,-0.703909,-0.054038,0.034037,-0.042409,0.998520,0,0.98599,0.40240,59.160,0.805,925.000,475.000,-1,500.000,250.000,400.000,400.000,275.000,250.000,-1,-1,-1,-1,925.000,850.000,-1,1000.000,1,0,2,1,1,0,0,0,1,2,2,2,2,1,1,2,1
79,-641.150,2716.861,-128.981,135.568,-0.714797,-0.699286,-0.008071,0.698467,-0.713291,-0.057962,0.034775,-0.047069,0.998286,0,0.97901,0.38773,58.740,0.775,875.000,475.000,-1,525.000,350.000,400.000,400.000,275.000,225.000,-1,-1,-1,-1,900.000,850.000,-1,1000.000,1,0,2,0,1,0,0,0,1,2,2,2,2,1,1,2,1
80,-683.265,2757.086,-128.560,136.313,-0.723880,-0.689858,-0.009695,0.689086,-0.722233,-0.059505,0.034048,-0.049755,0.998181,0,0.97064,0.37266,58.238,0.745,825.000,475.000,-1,525.000,650.000,400.000,400.000,275.000,200.000,-1,225.000,-1,-1,875.000,825.000,-1,-1,1,0,2,0,1,0,0,0,1,2,0,2,2,1,1,2,2
81,-725.453,2796.388,-129.054,137.028,-0.732368,-0.680822,-0.010897,0.680217,-0.730810,-0.056758,0.030679,-0.048980,0.998328,0,0.96098,0.35735,57.659,0.715,750.000,475.000,-1,525.000,675.000,400.000,400.000,275.000,175.000,-1,275.000,-1,-1,825.000,800.000,-1,1000.000,1,0,2,0,1,0,0,0,1,2,0,2,2,1,1,2,1
82,-767.640,2834.736,-130.637,137.731,-0.740508,-0.671959,-0.010893,0.671569,-0.739273,-0.049705,0.025347,-0.044122,0.998705,0,0.95020,0.35139,57.012,0.703,700.000,450.000,-1,500.000,675.000,375.000,400.000,275.000,150.000,-1,350.000,-1,-1,775.000,775.000,975.000,950.000,1,0,2,0,1,0,0,0,1,2,0,2,2,1,1,1,1
83,-809.762,2872.100,-133.084,138.429,-0.748439,-0.663117,-0.010712,0.662970,-0.747649,-0.038619,0.017600,-0.036006,0.999197,0,0.93844,0.34909,56.306,0.698,650.000,450.000,-1,475.000,600.000,375.000,375.000,300.000,150.000,-1,-1,-1,-1,750.000,725.000,850.000,825.000,1,0,2,0,1,0,0,0,1,2,2,2,2,1,1,1,1
84,-851.768,2908.460,-136.335,139.124,-0.756229,-0.654221,-0.010603,0.654264,-0.755894,-0.023702,0.007492,-0.024861,0.999663,0,0.92596,0.34749,55.558,0.695,600.000,425.000,-1,425.000,550.000,350.000,350.000,300.000,125.000,-1,-1,-1,-1,675.000,675.000,750.000,700.000,1,0,2,0,1,0,0,0,1,2,2,2,2,1,1,1,1
85,-893.620,2943.810,-140.349,139.817,-0.763947,-0.645191,-0.010709,0.645261,-0.763945,-0.005153,-0.004856,-0.010846,0.999929,0,0.91305,0.34658,54.783,0.693,550.000,400.000,-1,375.000,475.000,325.000,325.000,300.000,100.000,-1,-1,-1,-1,625.000,600.000,650.000,575.000,1,0,2,0,1,0,0,0,1,2,2,2,2,1,1,1,1
86,-935.296,2978.151,-139.229,140.510,-0.771605,-0.635867,-0.017295,0.636032,-0.771639,-0.006125,-0.009450,-0.015726,0.999832,0,0.90002,0.34634,54.001,0.693,500.000,375.000,-1,375.000,450.000,325.000,325.000,300.000,125.000,-1,-1,-1,-1,600.000,575.000,575.000,550.000,1,0,2,0,1,0,0,0,1,2,2,2,2,1,1,1,1
87,-973.515,3009.136,-136.113,140.963,-0.776246,-0.629586,-0.032600,0.630129,-0.776435,-0.009269,-0.019476,-0.027737,0.999426,0,0.82002,0.22634,49.201,0.453,425.000,375.000,-1,375.000,425.000,300.000,300.000,300.000,150.000,-1,-1,-1,-1,550.000,575.000,500.000,525.000,1,0,2,0,1,0,0,0,1,2,2,2,2,1,1,1,1
88,-1010.259,3038.699,-133.828,141.175,-0.778174,-0.626522,-0.043769,0.627479,-0.778546,-0.011667,-0.026766,-0.036543,0.998974,0,0.78600,0.10634,47.160,0.213,375.000,350.000,-1,375.000,400.000,300.000,300.000,300.000,150.000,-1,-1,-1,-1,525.000,575.000,450.000,525.000,1,0,2,0,1,0,0,0,1,2,2,2,2,1,1,1,1
89,-1046.549,3067.927,-132.200,141.148,-0.777516,-0.626738,-0.051655,0.628056,-0.778055,-0.013296,-0.031857,-0.042780,0.998576,0,0.77660,-0.01366,46.596,-0.027,350.000,350.000,-1,375.000,400.000,300.000,300.000,300.000,175.000,-1,-1,-1,-1,500.000,575.000,400.000,500.000,1,1,2,1,1,0,0,0,1,2,2,2,2,1,1,1,1
90,-1082.324,3097.016,-131.259,140.881,-0.774334,-0.630237,-0.056632,0.631828,-0.774969,-0.014685,-0.034633,-0.047153,0.998287,0,0.76847,-0.13366,46.108,-0.267,300.000,325.000,-1,350.000,375.000,300.000,300.000,275.000,200.000,-1,-1,-1,425.000,500.000,575.000,350.000,475.000,1,1,2,1,1,0,0,0,1,2,2,2,1,1,1,1,1
91,-1117.522,3126.159,-130.914,140.373,-0.768608,-0.636991,-0.059028,0.638743,-0.769258,-0.015784,-0.035354,-0.049835,0.998132,0,0.76161,-0.25366,45.697,-0.507,275.000,325.000,-1,350.000,350.000,300.000,300.000,275.000,225.000,-1,-1,-1,400.000,500.000,575.000,325.000,475.000,1,1,2,1,1,0,0,0,1,2,2,2,1,1,1,1,1
92,-1152.192,3155.407,-130.935,139.848,-0.762733,-0.643974,-0.059460,0.645777,-0.763349,-0.016455,-0.034792,-0.050948,0.998095,0,0.75599,-0.26240,45.359,-0.525,250.000,325.000,-1,350.000,325.000,300.000,300.000,275.000,250.000,-1,-1,-1,375.000,500.000,600.000,300.000,475.000,1,1,2,1,1,1,0,0,1,2,2,2,1,1,0,1,1
93,-1186.366,3184.772,-131.305,139.329,-0.756957,-0.650887,-0.057991,0.652631,-0.757490,-0.016785,-0.033003,-0.050552,0.998176,0,0.75095,-0.25992,45.057,-0.520,225.000,325.000,-1,350.000,325.000,275.000,300.000,275.000,250.000,-1,-1,-1,375.000,525.000,600.000,275.000,475.000,1,1,2,1,1,1,1,0,1,2,2,2,1,1,0,1,1
94,-1220.071,3214.265,-131.508,138.814,-0.751346,-0.657697,-0.053985,0.659296,-0.751656,-0.018476,-0.028426,-0.049474,0.998371,0,0.74645,-0.25721,44.787,-0.514,225.000,325.000,-1,350.000,300.000,300.000,300.000,300.000,275.000,-1,-1,-1,350.000,600.000,625.000,275.000,950.000,1,1,2,1,1,1,1,0,1,2,2,2,1,1,0,1,1
95,-1253.332,3243.899,-128.931,138.306,-0.746236,-0.664418,-0.040998,0.665557,-0.745873,-0.026598,-0.012907,-0.047135,0.998805,0,0.74247,-0.25429,44.548,-0.509,250.000,350.000,-1,375.000,350.000,325.000,325.000,300.000,275.000,-1,-1,-1,325.000,725.000,700.000,400.000,1000.000,1,1,2,1,1,1,0,1,1,2,2,2,1,0,0,1,1
96,-1282.662,3270.726,-127.532,137.557,-0.737963,-0.674199,-0.029435,0.674841,-0.737230,-0.032886,0.000471,-0.044132,0.999026,0,0.66247,-0.37429,39.748,-0.749,300.000,400.000,-1,400.000,400.000,350.000,350.000,275.000,300.000,-1,-1,-1,300.000,800.000,750.000,-1,-1,1,1,2,0,1,0,0,1,1,2,2,2,1,0,0,2,2
97,-1310.585,3297.164,-126.943,136.568,-0.726497,-0.686915,-0.018722,0.687050,-0.725591,-0.038474,0.012844,-0.040815,0.999084,0,0.64088,-0.49429,38.453,-0.989,425.000,450.000,-1,425.000,475.000,350.000,350.000,275.000,275.000,-1,-1,-1,300.000,900.000,800.000,-1,-1,1,0,2,0,1,0,0,1,1,2,2,2,1,0,1,2,2
98,-1341.426,3327.491,-127.122,135.486,-0.713504,-0.700613,-0.007333,0.700180,-0.712601,-0.044135,0.025695,-0.036625,0.998999,0,0.72088,-0.54119,43.253,-1.082,-1,475.000,-1,450.000,-1,375.000,375.000,250.000,250.000,-1,450.000,625.000,300.000,-1,800.000,-1,-1,2,0,2,0,2,0,0,1,1,2,0,0,1,2,1,2,2
99,-1373.952,3360.706,-128.315,134.403,-0.700046,-0.714085,0.004384,0.713071,-0.699354,-0.049331,0.038292,-0.031408,0.998773,0,0.77479,-0.54157,46.488,-1.083,-1,500.000,-1,475.000,-1,400.000,375.000,225.000,250.000,-1,200.000,225.000,300.000,-1,800.000,-1,1000.000,2,0,2,0,2,0,0,1,1,2,0,1,1,2,1,2,1
100,-1405.693,3394.366,-128.388,133.319,-0.686456,-0.727149,0.005647,0.725875,-0.685676,-0.054355,0.043396,-0.033213,0.998506,0,0.77108,-0.54217,46.265,-1.084,-1,500.000,-1,475.000,-1,400.000,375.000,225.000,225.000,-1,175.000,200.000,300.000,-1,775.000,-1,975.000,2,0,2,0,2,0,0,1,1,2,0,0,1,2,1,2,1
101,-1436.645,3428.460,-128.346,132.233,-0.672745,-0.739873,0.001350,0.738558,-0.671657,-0.058386,0.044105,-0.038282,0.998293,0,0.76746,-0.54270,46.047,-1.085,-1,500.000,-1,475.000,-1,400.000,375.000,200.000,225.000,-1,175.000,225.000,325.000,-1,750.000,-1,950.000,2,0,2,0,2,0,0,1,1,2,0,0,1,2,1,2,1
102,-1466.807,3462.970,-128.904,131.151,-0.658856,-0.752253,-0.004957,0.751058,-0.657408,-0.061042,0.042660,-0.043941,0.998123,0,0.76390,-0.54117,45.834,-1.082,-1,475.000,-1,475.000,-1,375.000,375.000,200.000,200.000,-1,175.000,250.000,375.000,-1,725.000,-1,925.000,2,0,2,0,2,0,0,1,1,2,0,0,1,2,1,2,1
103,-1496.182,3497.877,-130.039,130.077,-0.644823,-0.764219,-0.013127,0.763329,-0.643002,-0.062259,0.039139,-0.050166,0.997974,0,0.76036,-0.53704,45.622,-1.074,-1,450.000,975.000,450.000,-1,375.000,375.000,175.000,200.000,-1,175.000,275.000,400.000,-1,675.000,-1,875.000,2,0,1,0,2,0,0,1,1,2,0,0,1,2,1,2,1
104,-1524.767,3533.157,-131.310,129.012,-0.630594,-0.775833,-0.020833,0.775324,-0.628516,-0.061966,0.034981,-0.055228,0.997861,0,0.75679,-0.53260,45.408,-1.065,-1,425.000,900.000,425.000,-1,350.000,350.000,175.000,175.000,-1,200.000,325.000,425.000,-1,650.000,-1,825.000,2,0,1,0,2,0,0,1,1,2,0,0,1,2,1,2,1
105,-1552.561,3568.791,-131.114,127.956,-0.616139,-0.787393,-0.019609,0.786839,-0.614203,-0.060325,0.035456,-0.052598,0.997986,0,0.75318,-0.52784,45.191,-1.056,-1,425.000,825.000,425.000,-1,350.000,350.000,175.000,175.000,-1,200.000,325.000,450.000,950.000,600.000,-1,775.000,2,0,1,0,2,0,0,1,1,2,0,0,1,1,1,2,1
106,-1579.567,3604.749,-131.084,126.910,-0.601575,-0.798612,-0.018069,0.798041,-0.599840,-0.057644,0.035196,-0.049097,0.998174,0,0.74951,-0.52277,44.970,-1.046,-1,425.000,775.000,425.000,-1,350.000,350.000,175.000,150.000,900.000,225.000,325.000,475.000,875.000,575.000,-1,750.000,2,0,1,1,2,0,0,1,1,1,0,0,1,1,1,2,1
107,-1605.788,3641.008,-131.210,125.876,-0.586926,-0.809479,-0.016171,0.808917,-0.585439,-0.053990,0.034237,-0.044769,0.998411,0,0.74578,-0.51739,44.747,-1.035,-1,425.000,725.000,400.000,-1,350.000,325.000,200.000,150.000,675.000,250.000,350.000,500.000,800.000,525.000,-1,700.000,2,0,1,1,2,0,0,1,1,1,0,0,1,1,1,2,1
108,-1631.226,3677.545,-130.005,124.852,-0.572009,-0.820164,-0.011712,0.819774,-0.571135,-0.042135,0.027868,-0.033703,0.999043,0,0.74201,-0.51172,44.521,-1.023,-1,400.000,650.000,375.000,-1,325.000,325.000,200.000,125.000,625.000,450.000,525.000,525.000,725.000,500.000,-1,625.000,2,0,1,1,2,0,0,1,1,1,0,0,1,1,1,2,1
109,-1655.890,3714.335,-129.208,123.841,-0.557167,-0.830371,-0.006985,0.830116,-0.556737,-0.030839,0.021719,-0.022981,0.999500,0,0.73821,-0.50576,44.292,-1.012,-1,400.000,600.000,325.000,-1,325.000,300.000,225.000,125.000,550.000,725.000,725.000,525.000,650.000,450.000,950.000,550.000,2,0,1,1,2,0,0,1,1,1,0,0,1,1,1,1,1
110,-1679.786,3751.357,-127.353,122.842,-0.542518,-0.840019,-0.006565,0.839860,-0.542218,-0.025175,0.017588,-0.019171,0.999662,0,0.73439,-0.49950,44.063,-0.999,-1,400.000,550.000,325.000,-1,325.000,300.000,275.000,125.000,450.000,1000.000,-1,550.000,575.000,425.000,850.000,500.000,2,0,1,1,2,0,1,1,1,1,0,2,1,1,1,1,1
111,-1702.922,3788.589,-123.726,121.856,-0.527994,-0.849119,-0.014799,0.849165,-0.527619,-0.023192,0.011885,-0.024812,0.999621,0,0.73059,-0.49297,43.836,-0.986,-1,375.000,500.000,300.000,-1,300.000,275.000,300.000,125.000,425.000,-1,-1,600.000,500.000,375.000,750.000,475.000,2,0,1,1,2,0,1,1,1,1,2,2,1,1,1,1,1
112,-1725.309,3826.015,-120.728,120.883,-0.513492,-0.857803,-0.022359,0.858055,-0.513046,-0.022932,0.008200,-0.030961,0.999487,0,0.72684,-0.48615,43.611,-0.972,-1,350.000,450.000,275.000,-1,300.000,250.000,325.000,125.000,400.000,-1,-1,650.000,425.000,350.000,650.000,425.000,2,1,1,1,2,1,1,1,1,1,2,2,1,1,1,1,1
113,-1746.958,3863.618,-118.300,119.925,-0.499074,-0.866060,-0.029422,0.866534,-0.498513,-0.024552,0.006596,-0.037748,0.999266,0,0.72317,-0.47907,43.390,-0.958,850.000,325.000,400.000,250.000,-1,250.000,225.000,350.000,150.000,400.000,-1,-1,700.000,375.000,325.000,575.000,400.000,1,1,1,1,2,1,1,1,1,1,2,2,1,1,1,1,1
114,-1766.330,3898.681,-116.149,118.916,-0.483847,-0.874407,-0.036120,0.875112,-0.483017,-0.029548,0.008390,-0.045906,0.998911,0,0.66763,-0.50460,40.058,-1.009,725.000,275.000,375.000,250.000,-1,225.000,225.000,325.000,150.000,375.000,-1,-1,750.000,350.000,300.000,500.000,400.000,1,1,1,1,2,1,1,0,1,1,2,2,1,1,1,1,1
115,-1785.021,3933.939,-114.242,117.921,-0.468830,-0.882234,-0.043137,0.883199,-0.467530,-0.037078,0.012544,-0.055482,0.998381,0,0.66509,-0.49758,39.905,-0.995,625.000,250.000,325.000,225.000,-1,225.000,200.000,325.000,150.000,375.000,-1,-1,775.000,300.000,300.000,425.000,400.000,1,1,1,1,2,1,1,0,1,1,2,2,1,1,1,1,1
116,-1803.041,3969.381,-112.579,116.940,-0.454100,-0.889514,-0.050566,0.890749,-0.452059,-0.046993,0.018942,-0.066381,0.997615,0,0.66266,-0.49037,39.760,-0.981,525.000,225.000,300.000,225.000,-1,200.000,175.000,300.000,175.000,350.000,-1,-1,825.000,275.000,275.000,375.000,400.000,1,1,1,1,2,1,1,0,1,1,2,2,1,1,1,1,1
117,-1820.402,4004.998,-111.162,115.974,-0.439743,-0.896217,-0.058488,0.897703,-0.436613,-0.059138,0.027464,-0.078510,0.996535,0,0.66037,-0.48298,39.622,-0.966,425.000,200.000,275.000,200.000,-1,175.000,175.000,275.000,175.000,350.000,-1,-1,850.000,225.000,250.000,300.000,400.000,1,1,1,1,2,1,1,0,1,1,2,2,1,1,1,1,1
118,-1837.113,4040.783,-108.451,115.023,-0.425330,-0.902809,-0.063480,0.904433,-0.421434,-0.066285,0.033090,-0.085606,0.995779,0,0.65823,-0.47541,39.494,-0.951,325.000,175.000,250.000,200.000,-1,150.000,150.000,275.000,200.000,350.000,975.000,-1,875.000,200.000,250.000,250.000,375.000,1,1,1,1,2,1,1,0,1,1,0,2,1,1,1,1,1
119,-1853.189,4076.730,-105.292,114.088,-0.411042,-0.909131,-0.067270,0.910806,-0.406445,-0.072360,0.038443,-0.091013,0.995107,0,0.65628,-0.46767,39.377,-0.935,250.000,150.000,225.000,175.000,-1,125.000,150.000,275.000,200.000,375.000,875.000,-1,925.000,175.000,225.000,200.000,375.000,1,1,1,1,2,1,1,0,1,1,0,2,1,1,1,1,1
120,-1868.617,4112.849,-95.078,113.168,-0.396766,-0.917238,-0.035373,0.915402,-0.392531,-0.089204,0.067937,-0.067774,0.995385,0,0.65452,-0.45975,39.271,-0.919,250.000,150.000,225.000,175.000,-1,125.000,150.000,350.000,200.000,400.000,475.000,600.000,850.000,175.000,225.000,175.000,425.000,1,1,1,1,2,1,1,0,1,1,0,0,1,1,1,1,1
121,4263.567,1639.810,-326.391,-121.024,-0.505463,0.854360,-0.120733,-0.856382,-0.513838,-0.050794,-0.105434,0.077720,0.991385,1,0.00000,0.00000,39.179,-0.903,-1,375.000,925.000,250.000,150.000,275.000,250.000,425.000,200.000,275.000,100.000,325.000,650.000,600.000,375.000,1000.000,150.000,2,0,0,0,0,0,0,1,0,1,1,1,1,0,0,0,0
122,-4919.466,2295.795,-168.429,-21.011,0.932485,0.356688,-0.056966,-0.347257,0.928657,0.130419,0.099421,-0.101832,0.989821,1,0.00000,0.00000,-4.800,0.240,700.000,400.000,825.000,250.000,275.000,300.000,250.000,275.000,425.000,-1,875.000,-1,-1,525.000,350.000,600.000,275.000,1,1,1,1,1,1,1,0,0,2,0,2,2,1,1,1,1
123,-4914.977,2294.094,-167.791,-20.771,0.933964,0.352739,-0.057323,-0.343156,0.929996,0.131724,0.099774,-0.103355,0.989628,0,0.08000,0.12000,4.800,0.240,700.000,400.000,850.000,250.000,275.000,300.000,250.000,275.000,425.000,-1,800.000,-1,-1,525.000,350.000,600.000,275.000,1,1,1,1,1,1,1,0,0,2,0,2,2,1,1,1,1
124,-4905.972,2290.768,-166.516,-20.291,0.936869,0.344824,-0.058067,-0.334933,0.932617,0.134336,0.100476,-0.106407,0.989233,0,0.16000,0.24000,9.600,0.480,700.000,400.000,850.000,250.000,275.000,300.000,250.000,275.000,425.000,-1,425.000,-1,-1,525.000,350.000,575.000,250.000,1,1,1,1,1,1,1,0,0,2,0,2,2,1,1,1,1
125,-4892.403,2285.949,-164.609,-19.571,0.941095,0.332910,-0.059259,-0.322545,0.936403,0.138254,0.101517,-0.110997,0.988622,0,0.24000,0.36000,14.400,0.720,700.000,400.000,875.000,250.000,275.000,300.000,250.000,275.000,425.000,-1,375.000,-1,-1,500.000,350.000,575.000,250.000,1,1,1,1,1,1,1,0,0,2,0,2,2,1,1,1,1
126,-4874.205,2279.828,-162.076,-18.611,0.946479,0.316950,-0.060988,-0.305932,0.941183,0.143462,0.102871,-0.117125,0.987775,0,0.32000,0.48000,19.200,0.960,700.000,400.000,875.000,250.000,250.000,300.000,250.000,275.000,450.000,-1,325.000,-1,-1,500.000,350.000,575.000,250.000,1,1,1,1,1,1,1,0,1,2,0,2,2,1,1,1,1
127,-4851.302,2272.656,-158.934,-17.411,0.952807,0.296891,-0.063362,-0.285027,0.946725,0.149907,0.104493,-0.124773,0.986668,0,0.40000,0.60000,24.000,1.200,700.000,375.000,900.000,250.000,250.000,325.000,250.000,275.000,450.000,925.000,275.000,-1,-1,500.000,350.000,575.000,250.000,1,1,1,1,1,1,1,0,1,0,0,2,2,1,1,1,1
128,-4823.614,2264.734,-155.210,-15.990,0.959715,0.272999,-0.066474,-0.260082,0.952656,0.157490,0.106322,-0.133857,0.985281,0,0.48000,0.71041,28.800,1.421,725.000,375.000,875.000,275.000,225.000,300.000,250.000,275.000,450.000,825.000,200.000,-1,-1,475.000,350.000,550.000,225.000,1,1,1,1,1,1,1,0,1,0,0,2,2,1,1,1,1
129,-4791.100,2256.269,-150.935,-14.619,0.965774,0.249755,-0.070018,-0.235580,0.957544,0.166168,0.108546,-0.143986,0.983609,0,0.56000,0.68589,33.600,1.372,750.000,375.000,875.000,275.000,225.000,300.000,250.000,250.000,425.000,725.000,150.000,900.000,-1,475.000,375.000,550.000,225.000,1,1,1,1,1,1,1,0,1,0,0,0,2,1,1,1,1
130,-4753.727,2247.450,-146.112,-13.303,0.971004,0.227311,-0.074039,-0.211641,0.961377,0.175959,0.111177,-0.155187,0.981609,0,0.64000,0.65791,38.400,1.316,925.000,350.000,850.000,275.000,200.000,300.000,250.000,250.000,425.000,625.000,125.000,625.000,-1,450.000,375.000,525.000,225.000,1,1,1,1,1,1,1,0,1,0,0,0,2,1,1,1,1
