timestep,x_cm,y_cm,z_cm,yaw_deg,basis_xx,basis_xy,basis_xz,basis_yx,basis_yy,basis_yz,basis_zx,basis_zy,basis_zz,teleport_flag,throttle_cmd,steering_cmd,cmd_move_cm,cmd_turn_deg,lidar_cm_0,lidar_cm_1,lidar_cm_2,lidar_cm_3,lidar_cm_4,lidar_cm_5,lidar_cm_6,lidar_cm_7,lidar_cm_8,lidar_cm_9,lidar_cm_10,lidar_cm_11,lidar_cm_12,lidar_cm_13,lidar_cm_14,lidar_cm_15,lidar_cm_16,lidar_class_0,lidar_class_1,lidar_class_2,lidar_class_3,lidar_class_4,lidar_class_5,lidar_class_6,lidar_class_7,lidar_class_8,lidar_class_9,lidar_class_10,lidar_class_11,lidar_class_12,lidar_class_13,lidar_class_14,lidar_class_15,lidar_class_16
0,983.942,-4268.376,-38.115,-91.295,-0.003542,0.983729,0.179624,-0.994522,-0.022230,0.102137,0.104468,-0.178278,0.978419,1,0.08000,-0.12000,4.800,-0.240,-1,575.000,-1,300.000,175.000,500.000,375.000,250.000,500.000,550.000,75.000,225.000,-1,-1,450.000,-1,200.000,2,0,2,1,1,0,1,0,1,0,0,0,2,2,1,2,1
1,983.662,-4277.973,-36.936,-91.699,-0.009732,0.983053,0.183063,-0.994175,-0.029163,0.103755,0.107335,-0.180987,0.977611,0,0.16000,-0.20234,9.600,-0.405,-1,575.000,-1,300.000,175.000,500.000,350.000,250.000,500.000,525.000,75.000,225.000,-1,-1,450.000,-1,200.000,2,0,2,1,1,0,1,0,1,0,0,0,2,2,1,2,1
2,983.139,-4292.366,-35.174,-92.108,-0.015596,0.982053,0.187961,-0.993667,-0.036143,0.106391,0.111275,-0.185112,0.976397,0,0.24000,-0.20425,14.400,-0.409,-1,600.000,-1,300.000,175.000,525.000,375.000,250.000,475.000,500.000,50.000,225.000,-1,-1,450.000,-1,175.000,2,0,2,1,1,0,1,0,1,0,0,0,2,2,1,2,1
3,982.302,-4311.551,-32.798,-92.525,-0.021165,0.980688,0.194429,-0.992984,-0.043250,0.110056,0.116340,-0.190736,0.974723,0,0.32000,-0.20873,19.200,-0.417,-1,600.000,-1,300.000,150.000,525.000,375.000,250.000,475.000,450.000,50.000,225.000,-1,-1,450.000,-1,175.000,2,0,2,1,1,0,1,0,1,0,0,0,2,2,1,2,1
4,981.076,-4335.523,-29.775,-92.957,-0.026454,0.978904,0.202599,-0.992105,-0.050564,0.114766,0.122590,-0.197963,0.972513,0,0.40000,-0.21585,24.000,-0.432,-1,625.000,-1,300.000,150.000,550.000,375.000,250.000,450.000,400.000,50.000,200.000,-1,-1,475.000,-1,175.000,2,0,2,1,1,0,1,0,1,0,0,0,2,2,1,2,1
5,979.379,-4364.277,-26.062,-93.408,-0.031460,0.976626,0.212629,-0.991003,-0.058166,0.120540,0.130091,-0.206924,0.969669,0,0.48000,-0.22577,28.800,-0.452,-1,650.000,-1,325.000,150.000,575.000,400.000,250.000,425.000,375.000,50.000,200.000,-1,-1,500.000,-1,175.000,2,0,2,1,1,0,1,0,1,0,0,0,2,2,1,2,1
6,977.123,-4397.806,-21.610,-93.886,-0.036152,0.973754,0.224715,-0.989644,-0.066142,0.127399,0.138918,-0.217782,0.966060,0,0.56000,-0.23869,33.600,-0.477,-1,675.000,-1,325.000,150.000,625.000,400.000,225.000,375.000,325.000,25.000,200.000,-1,-1,550.000,-1,175.000,2,0,2,1,1,0,1,0,1,0,0,0,2,2,1,2,1
7,974.205,-4436.101,-16.356,-94.396,-0.040470,0.970153,0.239095,-0.987985,-0.074575,0.135365,0.149155,-0.230744,0.961514,0,0.64000,-0.25491,38.400,-0.510,-1,725.000,-1,350.000,150.000,650.000,425.000,225.000,350.000,275.000,25.000,200.000,-1,-1,600.000,-1,175.000,2,0,2,1,1,1,1,0,1,0,0,0,2,2,1,2,1
8,983.913,983.915,-141.963,-40.542,0.759542,0.648909,0.044855,-0.650389,0.758659,0.037824,-0.009485,-0.057902,0.998277,1,0.00000,0.00000,43.200,-0.270,-1,400.000,-1,425.000,-1,325.000,325.000,300.000,300.000,-1,-1,-1,-1,775.000,825.000,-1,-1,2,0,2,0,2,0,0,0,0,2,2,2,2,0,0,2,2
9,987.548,980.780,-142.016,-40.782,0.756814,0.652080,0.044978,-0.653562,0.755933,0.037700,-0.009417,-0.057928,0.998276,0,0.08000,-0.12000,4.800,-0.240,-1,400.000,-1,425.000,-1,325.000,325.000,300.000,300.000,-1,-1,-1,-1,800.000,825.000,-1,-1,2,0,2,0,2,0,0,0,0,2,2,2,2,0,0,2,2
10,994.764,974.449,-142.119,-41.262,0.751318,0.658388,0.045225,-0.659875,0.750442,0.037450,-0.009282,-0.057980,0.998275,0,0.16000,-0.24000,9.600,-0.480,-1,400.000,-1,425.000,-1,325.000,325.000,300.000,300.000,-1,-1,-1,-1,800.000,825.000,-1,-1,2,0,2,0,2,0,0,0,0,2,2,2,2,0,0,2,2
11,1005.469,964.816,-142.266,-41.982,0.742976,0.667763,0.045596,-0.669257,0.742106,0.037071,-0.009082,-0.058059,0.998272,0,0.24000,-0.36000,14.400,-0.720,-1,400.000,-1,400.000,-1,325.000,325.000,300.000,300.000,-1,-1,-1,-1,800.000,825.000,-1,-1,2,0,2,0,2,0,0,0,0,2,2,2,2,0,0,2,2
12,1019.524,951.736,-142.447,-42.942,0.731670,0.680099,0.046092,-0.681602,0.730809,0.036559,-0.008821,-0.058166,0.998268,0,0.32000,-0.48000,19.200,-0.960,-1,400.000,-1,400.000,-1,325.000,325.000,300.000,300.000,-1,-1,-1,-1,800.000,825.000,-1,-1,2,0,2,0,2,0,0,0,0,2,2,2,2,0,0,2,2
13,1036.748,935.021,-142.658,-44.142,0.717250,0.695252,0.046663,-0.696764,0.716403,0.035877,-0.008486,-0.058246,0.998266,0,0.40000,-0.60000,24.000,-1.200,-1,400.000,-1,400.000,-1,325.000,325.000,300.000,300.000,-1,-1,-1,-1,800.000,825.000,-1,-1,2,0,2,0,2,0,0,0,0,2,2,2,2,0,0,2,2
14,1056.905,914.451,-142.920,-45.582,0.699539,0.713039,0.047130,-0.714550,0.698708,0.034996,-0.007977,-0.058158,0.998276,0,0.48000,-0.72000,28.800,-1.440,-1,400.000,-1,400.000,-1,325.000,325.000,300.000,300.000,-1,-1,-1,-1,800.000,800.000,-1,-1,2,0,2,0,2,0,0,0,0,2,2,2,2,0,0,2,2
15,1079.360,890.149,-143.183,-47.262,0.678319,0.733220,0.047652,-0.734730,0.677507,0.033992,-0.007361,-0.058069,0.998285,0,0.55146,-0.84000,33.087,-1.680,-1,400.000,-1,400.000,-1,325.000,325.000,300.000,300.000,-1,-1,-1,-1,800.000,800.000,-1,-1,2,0,2,0,2,0,0,0,0,2,2,2,2,0,0,2,2
16,1100.988,865.108,-143.401,-49.182,0.653363,0.755510,0.048185,-0.757017,0.652562,0.032993,-0.006517,-0.058033,0.998293,0,0.55146,-0.96000,33.087,-1.920,-1,400.000,-1,400.000,-1,325.000,325.000,300.000,300.000,-1,-1,-1,-1,800.000,800.000,-1,-1,2,0,2,0,2,0,0,0,0,2,2,2,2,0,0,2,2
17,1121.730,839.328,-143.571,-51.182,0.626592,0.777825,0.048701,-0.779328,0.625799,0.032003,-0.005584,-0.058007,0.998301,0,0.55146,-1.00000,33.087,-2.000,-1,400.000,-1,400.000,-1,325.000,325.000,300.000,300.000,-1,-1,-1,-1,800.000,775.000,-1,-1,2,0,2,0,2,0,0,0,0,2,2,2,2,0,0,2,2
18,1141.559,812.839,-143.693,-53.182,0.599059,0.799192,0.049189,-0.800691,0.598273,0.031030,-0.004629,-0.057974,0.998307,0,0.55146,-1.00000,33.087,-2.000,-1,400.000,-1,400.000,-1,325.000,325.000,300.000,300.000,-1,-1,-1,-1,800.000,775.000,-1,-1,2,0,2,0,2,0,0,0,0,2,2,2,2,0,0,2,2
19,1160.451,785.675,-143.767,-55.182,0.570800,0.819587,0.049649,-0.821081,0.570018,0.030077,-0.003651,-0.057934,0.998314,0,0.55146,-1.00000,33.087,-2.000,-1,400.000,-1,400.000,-1,325.000,325.000,300.000,300.000,-1,-1,-1,-1,800.000,775.000,-1,-1,2,0,2,0,2,0,0,0,0,2,2,2,2,0,0,2,2
20,1181.119,753.921,-143.813,-56.942,0.545346,0.836712,0.050105,-0.838206,0.544581,0.029036,-0.002992,-0.057833,0.998322,0,0.63146,-0.88000,37.887,-1.760,-1,400.000,-1,400.000,-1,325.000,325.000,300.000,300.000,-1,-1,-1,-1,800.000,750.000,-1,-1,2,0,2,0,2,0,0,0,0,2,2,2,2,0,0,2,2
21,1203.447,717.538,-143.784,-58.462,0.522945,0.850860,0.050648,-0.852363,0.522193,0.028142,-0.002503,-0.057887,0.998320,0,0.71146,-0.76000,42.687,-1.520,-1,400.000,-1,400.000,-1,325.000,325.000,300.000,300.000,-1,-1,-1,-1,800.000,750.000,-1,-1,2,0,2,0,2,0,0,0,0,2,2,2,2,0,0,2,2
22,1227.377,676.520,-143.655,-59.742,0.503794,0.862296,0.051357,-0.863821,0.503046,0.027527,-0.002098,-0.058231,0.998301,0,0.79146,-0.64000,47.487,-1.280,-1,400.000,-1,400.000,-1,325.000,325.000,300.000,300.000,-1,-1,-1,-1,800.000,750.000,-1,-1,2,0,2,0,2,0,0,0,0,2,2,2,2,0,0,2,2
23,1252.901,630.885,-143.478,-60.782,0.488042,0.871267,0.052036,-0.872818,0.487302,0.026928,-0.001896,-0.058560,0.998282,0,0.87146,-0.52000,52.287,-1.040,-1,400.000,-1,400.000,-1,325.000,325.000,300.000,300.000,-1,-1,-1,-1,800.000,725.000,-1,-1,2,0,2,0,2,0,0,0,0,2,2,2,2,0,0,2,2
24,1278.260,584.019,-143.254,-61.582,0.475814,0.877975,0.052537,-0.879544,0.475084,0.026411,-0.001772,-0.058775,0.998270,0,0.88812,-0.40000,53.287,-0.800,-1,400.000,-1,375.000,-1,325.000,325.000,300.000,300.000,-1,-1,-1,-1,800.000,725.000,-1,-1,2,0,2,0,2,0,0,0,0,2,2,2,2,0,0,2,2
25,1303.055,536.852,-143.165,-62.271,0.465218,0.883585,0.053373,-0.885195,0.464463,0.026529,-0.001349,-0.059587,0.998222,0,0.88812,-0.34471,53.287,-0.689,-1,400.000,-1,375.000,-1,325.000,325.000,300.000,300.000,-1,-1,-1,-1,800.000,725.000,-1,-1,2,0,2,0,2,0,0,0,0,2,2,2,2,0,0,2,2
26,1327.280,489.390,-143.100,-62.960,0.454563,0.889058,0.054290,-0.890714,0.453772,0.026824,-0.000787,-0.060550,0.998165,0,0.88812,-0.34471,53.287,-0.689,-1,400.000,-1,375.000,-1,325.000,325.000,300.000,300.000,-1,-1,-1,-1,800.000,725.000,-1,-1,2,0,2,0,2,0,0,0,0,2,2,2,2,0,0,2,2
27,1351.088,441.317,-142.908,-63.654,0.443803,0.894460,0.054589,-0.896124,0.442964,0.027278,0.000219,-0.061024,0.998136,0,0.89408,-0.34678,53.645,-0.694,-1,400.000,-1,375.000,-1,325.000,325.000,300.000,300.000,-1,-1,-1,-1,800.000,725.000,-1,-1,2,0,2,0,2,0,0,0,0,2,2,2,2,0,0,2,2
28,1374.473,392.613,-142.748,-64.352,0.432914,0.899762,0.054894,-0.901434,0.432025,0.027771,0.001271,-0.061506,0.998106,0,0.90044,-0.34892,54.026,-0.698,-1,400.000,-1,400.000,-1,325.000,325.000,300.000,300.000,-1,-1,-1,-1,825.000,725.000,-1,-1,2,0,2,0,2,0,0,0,0,2,2,2,2,0,0,2,2
29,1397.423,343.278,-142.598,-65.054,0.421895,0.904956,0.055301,-0.906642,0.420953,0.028279,0.002312,-0.062070,0.998069,0,0.90687,-0.35103,54.412,-0.702,-1,400.000,-1,400.000,-1,325.000,325.000,300.000,300.000,-1,-1,-1,-1,825.000,725.000,-1,-1,2,0,2,0,2,0,0,0,0,2,2,2,2,0,0,2,2
30,1419.922,293.307,-142.455,-65.760,0.410748,0.910039,0.055809,-0.911743,0.409751,0.028802,0.003343,-0.062714,0.998026,0,0.91336,-0.35310,54.802,-0.706,-1,400.000,-1,375.000,-1,325.000,325.000,300.000,300.000,-1,-1,-1,-1,825.000,725.000,-1,-1,2,0,2,0,2,0,0,0,0,2,2,2,2,0,0,2,2
31,1441.958,242.701,-142.320,-66.470,0.399475,0.915007,0.056415,-0.916734,0.398420,0.029337,0.004366,-0.063437,0.997976,0,0.91993,-0.35513,55.196,-0.710,-1,400.000,-1,375.000,-1,325.000,325.000,300.000,300.000,-1,-1,-1,-1,850.000,725.000,-1,-1,2,0,2,0,2,0,0,0,0,2,2,2,2,0,0,2,2
32,1463.516,191.456,-142.189,-67.185,0.388077,0.919855,0.057120,-0.921611,0.386962,0.029881,0.005383,-0.064238,0.997920,0,0.92657,-0.35714,55.594,-0.714,-1,400.000,-1,375.000,-1,325.000,325.000,300.000,300.000,-1,-1,-1,-1,850.000,725.000,-1,975.000,2,0,2,0,2,0,0,0,0,2,2,2,2,0,0,2,1
33,1484.582,139.572,-142.062,-67.903,0.376557,0.924581,0.057920,-0.926371,0.375380,0.030432,0.006395,-0.065115,0.997857,0,0.93328,-0.35911,55.997,-0.718,-1,400.000,-1,375.000,-1,325.000,325.000,300.000,300.000,-1,-1,-1,-1,850.000,725.000,-1,925.000,2,0,2,0,2,0,0,0,0,2,2,2,2,0,0,2,1
34,1505.140,87.049,-141.831,-68.625,0.364902,0.929156,0.059283,-0.931019,0.363666,0.030841,0.007097,-0.066448,0.997765,0,0.94005,-0.36106,56.403,-0.722,-1,400.000,-1,375.000,975.000,325.000,325.000,300.000,300.000,-1,-1,-1,-1,850.000,725.000,-1,875.000,2,0,2,0,1,0,0,0,0,2,2,2,2,0,0,2,1
35,1525.176,33.885,-141.385,-69.351,0.353123,0.933586,0.061003,-0.935546,0.351825,0.031201,0.007667,-0.068089,0.997650,0,0.94690,-0.36298,56.814,-0.726,-1,400.000,-1,375.000,925.000,325.000,325.000,300.000,300.000,-1,-1,-1,-1,875.000,700.000,-1,825.000,2,0,2,0,1,0,0,0,0,2,2,2,2,0,1,2,1
36,1544.676,-19.920,-140.870,-70.081,0.341245,0.937859,0.063028,-0.939936,0.339858,0.031878,0.008476,-0.070120,0.997503,0,0.95381,-0.36488,57.228,-0.730,-1,400.000,-1,375.000,875.000,325.000,325.000,300.000,300.000,-1,-1,-1,-1,875.000,675.000,-1,775.000,2,0,2,0,1,0,0,0,0,2,2,2,2,0,1,2,1
37,1563.622,-74.364,-140.322,-70.814,0.329247,0.941997,0.065097,-0.944199,0.327776,0.032428,0.009210,-0.072142,0.997352,0,0.96078,-0.36678,57.647,-0.734,-1,400.000,-1,375.000,800.000,325.000,325.000,300.000,300.000,-1,-1,-1,-1,875.000,625.000,-1,725.000,2,0,2,0,1,0,0,0,0,2,2,2,2,1,1,2,1
38,1581.999,-129.449,-139.587,-71.552,0.317117,0.946040,0.066675,-0.948336,0.315594,0.032529,0.009732,-0.073546,0.997244,0,0.96782,-0.36866,58.069,-0.737,-1,400.000,-1,375.000,750.000,325.000,325.000,300.000,300.000,-1,-1,-1,-1,900.000,600.000,-1,675.000,2,0,2,0,1,0,0,0,0,2,2,2,2,0,1,2,1
39,1599.792,-185.173,-138.778,-72.293,0.304892,0.949955,0.068018,-0.952328,0.303304,0.032825,0.010552,-0.074784,0.997144,0,0.97491,-0.37055,58.495,-0.741,-1,400.000,-1,375.000,700.000,325.000,325.000,300.000,300.000,-1,-1,-1,-1,900.000,550.000,-1,625.000,2,0,2,0,1,0,0,0,0,2,2,2,2,0,1,2,1
40,1616.984,-241.534,-137.968,-73.038,0.292561,0.953717,0.069508,-0.956179,0.290898,0.033176,0.011421,-0.076168,0.997030,0,0.98207,-0.37244,58.924,-0.745,-1,400.000,-1,375.000,625.000,325.000,325.000,300.000,300.000,-1,-1,-1,-1,925.000,525.000,-1,575.000,2,0,2,0,1,0,0,0,0,2,2,2,2,0,1,2,1
41,1633.559,-298.530,-137.154,-73.786,0.280124,0.957324,0.071140,-0.959885,0.278378,0.033577,0.012340,-0.077692,0.996901,0,0.98928,-0.37436,59.357,-0.749,-1,400.000,-1,375.000,575.000,325.000,325.000,300.000,300.000,-1,-1,-1,-1,925.000,475.000,-1,525.000,2,0,2,0,1,0,0,0,0,2,2,2,2,0,1,2,1
42,1649.500,-356.158,-136.334,-74.539,0.267582,0.960773,0.072912,-0.963443,0.265744,0.034022,0.013312,-0.079350,0.996758,0,0.99654,-0.37632,59.792,-0.753,-1,425.000,-1,350.000,525.000,325.000,325.000,300.000,300.000,-1,-1,-1,-1,950.000,425.000,-1,450.000,2,0,2,1,1,0,0,0,0,2,2,2,2,0,1,2,1
43,1664.731,-414.193,-135.505,-75.296,0.254936,0.964060,0.074810,-0.966852,0.252997,0.034505,0.014339,-0.081126,0.996601,0,1.00000,-0.37833,60.000,-0.757,-1,400.000,-1,325.000,450.000,325.000,300.000,300.000,300.000,-1,-1,-1,-1,975.000,375.000,-1,400.000,2,1,2,1,1,1,1,0,0,2,2,2,2,0,1,2,1
44,1679.191,-472.425,-134.668,-76.056,0.242186,0.967184,0.076821,-0.970107,0.240136,0.035020,0.015423,-0.083006,0.996430,0,1.00000,-0.38039,60.000,-0.761,-1,375.000,875.000,275.000,400.000,300.000,275.000,300.000,300.000,-1,-1,-1,-1,975.000,350.000,-1,350.000,2,1,1,1,1,1,1,0,0,2,2,2,2,0,1,2,1
45,1692.872,-530.845,-133.817,-76.821,0.229332,0.970142,0.078937,-0.973207,0.227163,0.035561,0.016567,-0.084978,0.996245,0,1.00000,-0.38253,60.000,-0.765,-1,350.000,750.000,250.000,325.000,275.000,250.000,300.000,300.000,-1,-1,-1,-1,1000.000,300.000,-1,300.000,2,1,1,1,1,1,1,0,0,2,2,2,2,1,1,2,1
46,1705.768,-589.444,-132.944,-77.591,0.216372,0.972931,0.081172,-0.976149,0.214075,0.036114,0.017759,-0.087050,0.996046,0,1.00000,-0.38475,60.000,-0.770,-1,325.000,625.000,225.000,275.000,250.000,200.000,300.000,300.000,-1,-1,-1,-1,950.000,275.000,-1,225.000,2,1,1,1,1,1,1,0,0,2,2,2,2,1,1,2,1
47,1717.504,-646.215,-128.831,-78.333,0.204890,0.974319,0.093397,-0.978396,0.201186,0.047590,0.027578,-0.101130,0.994491,0,0.96618,-0.37108,57.971,-0.742,-1,300.000,625.000,200.000,250.000,225.000,200.000,300.000,350.000,-1,725.000,-1,-1,900.000,250.000,-1,200.000,2,1,1,1,1,1,1,0,0,2,0,2,2,1,1,2,1
48,1728.592,-703.542,-122.010,-79.080,0.194811,0.974193,0.114003,-0.979807,0.187951,0.068211,0.045024,-0.124989,0.991136,0,0.97312,-0.37352,58.387,-0.747,-1,325.000,-1,200.000,250.000,225.000,200.000,275.000,400.000,825.000,250.000,525.000,-1,900.000,250.000,-1,200.000,2,1,2,1,1,1,1,0,0,0,0,0,2,1,1,2,1
49,1738.990,-761.423,-113.010,-79.832,0.185743,0.974394,0.126714,-0.980207,0.174752,0.093039,0.068513,-0.141487,0.987566,0,0.98004,-0.37618,58.803,-0.752,-1,350.000,-1,200.000,275.000,250.000,200.000,275.000,475.000,625.000,125.000,300.000,-1,900.000,250.000,-1,200.000,2,1,2,1,1,1,1,0,0,0,0,0,2,1,1,2,1
50,3607.618,8199.136,-315.409,151.262,-0.876881,-0.480085,-0.024467,0.480703,-0.875508,-0.049087,0.002145,-0.054805,0.998495,1,0.00000,0.00000,59.216,-0.758,875.000,375.000,-1,375.000,-1,300.000,325.000,300.000,300.000,-1,875.000,675.000,-1,625.000,725.000,950.000,-1,0,0,2,0,2,0,0,0,0,2,0,0,2,0,0,0,2
51,3603.419,8201.462,-315.419,151.022,-0.874871,-0.483748,-0.024264,0.484349,-0.873489,-0.049226,0.002619,-0.054818,0.998493,0,0.08000,-0.12000,4.800,-0.240,875.000,375.000,-1,375.000,-1,300.000,325.000,300.000,300.000,-1,825.000,650.000,-1,625.000,725.000,950.000,-1,0,0,2,0,2,0,0,0,0,2,0,0,2,0,0,0,2
52,3595.060,8206.183,-315.437,150.542,-0.870806,-0.491048,-0.023867,0.491615,-0.869404,-0.049509,0.003561,-0.054846,0.998488,0,0.16000,-0.24000,9.600,-0.480,875.000,375.000,-1,375.000,-1,300.000,325.000,300.000,300.000,-1,775.000,625.000,-1,625.000,725.000,950.000,-1,0,0,2,0,2,0,0,0,0,2,0,0,2,0,0,0,2
53,3582.612,8213.422,-315.457,149.822,-0.864593,-0.501933,-0.023291,0.502448,-0.863163,-0.049948,0.004966,-0.054887,0.998480,0,0.24000,-0.36000,14.400,-0.720,875.000,375.000,-1,375.000,-1,300.000,325.000,300.000,300.000,-1,700.000,575.000,-1,625.000,725.000,975.000,-1,0,0,2,0,2,0,0,0,0,2,0,0,2,0,0,0,2
54,3566.178,8223.351,-315.470,148.862,-0.856097,-0.516323,-0.022562,0.516770,-0.854630,-0.050559,0.006823,-0.054943,0.998466,0,0.32000,-0.48000,19.200,-0.960,875.000,375.000,-1,400.000,-1,300.000,325.000,300.000,300.000,-1,625.000,525.000,-1,625.000,725.000,975.000,-1,0,0,2,0,2,0,0,0,0,2,0,0,2,0,0,0,2
55,3545.894,8236.181,-315.465,147.687,-0.845373,-0.533736,-0.021710,0.534099,-0.843860,-0.051361,0.009093,-0.055015,0.998444,0,0.40000,-0.58744,24.000,-1.175,875.000,375.000,-1,400.000,-1,325.000,325.000,300.000,300.000,-1,575.000,500.000,-1,625.000,725.000,1000.000,-1,0,0,2,0,2,0,0,0,0,2,0,0,2,0,0,0,2
56,3521.875,8252.072,-315.402,146.512,-0.834299,-0.550925,-0.020673,0.551190,-0.832737,-0.052325,0.011612,-0.055049,0.998416,0,0.48000,-0.58744,28.800,-1.175,875.000,375.000,-1,400.000,-1,325.000,325.000,300.000,300.000,-1,525.000,450.000,-1,625.000,725.000,1000.000,-1,0,0,2,0,2,0,0,0,0,2,0,0,2,0,0,0,2
57,3494.238,8271.182,-315.204,145.337,-0.822876,-0.567892,-0.019332,0.568040,-0.821279,-0.053214,0.014343,-0.054770,0.998396,0,0.56000,-0.58744,33.600,-1.175,875.000,375.000,-1,400.000,-1,325.000,325.000,275.000,300.000,-1,500.000,425.000,-1,625.000,750.000,-1,-1,0,0,2,0,2,0,0,0,0,2,0,0,2,0,0,2,2
58,3463.109,8293.667,-314.570,144.162,-0.811072,-0.584669,-0.017993,0.584725,-0.809539,-0.052366,0.016050,-0.052994,0.998466,0,0.64000,-0.58744,38.400,-1.175,875.000,375.000,-1,400.000,-1,325.000,325.000,300.000,300.000,-1,525.000,450.000,-1,625.000,750.000,-1,-1,0,0,2,0,2,0,0,0,0,2,0,0,2,0,0,2,2
59,3428.614,8319.674,-313.836,142.987,-0.798925,-0.601204,-0.016515,0.601167,-0.797460,-0.051540,0.017816,-0.051105,0.998534,0,0.72000,-0.58744,43.200,-1.175,900.000,375.000,-1,400.000,-1,300.000,325.000,300.000,300.000,-1,550.000,475.000,-1,625.000,750.000,-1,-1,0,0,2,0,2,0,0,0,0,2,0,0,2,0,0,2,2
60,3390.887,8349.351,-313.001,141.813,-0.786437,-0.617491,-0.014914,0.617359,-0.785043,-0.050751,0.019630,-0.049119,0.998600,0,0.80000,-0.58744,48.000,-1.175,900.000,375.000,-1,400.000,-1,300.000,325.000,300.000,300.000,-1,575.000,500.000,-1,625.000,725.000,-1,-1,0,0,2,0,2,0,0,0,0,2,0,0,2,0,0,2,2
61,3350.066,8382.839,-311.773,140.638,-0.773608,-0.633556,-0.011715,0.633267,-0.772337,-0.049693,0.022435,-0.045861,0.998696,0,0.88000,-0.58744,52.800,-1.175,975.000,375.000,-1,400.000,-1,300.000,325.000,300.000,300.000,-1,600.000,500.000,-1,625.000,750.000,-1,-1,0,0,2,0,2,0,0,0,0,2,0,0,2,0,0,2,2
62,3308.892,8418.055,-310.305,139.463,-0.760432,-0.649374,-0.007497,0.648902,-0.759319,-0.048590,0.025860,-0.041814,0.998791,0,0.90298,-0.58744,54.179,-1.175,-1,375.000,-1,400.000,-1,300.000,325.000,300.000,300.000,-1,600.000,500.000,-1,650.000,750.000,-1,-1,2,0,2,0,2,0,0,0,0,2,0,0,2,0,0,2,2
63,3268.448,8454.107,-308.840,138.288,-0.746915,-0.664911,-0.003425,0.664279,-0.745960,-0.047707,0.029165,-0.037908,0.998856,0,0.90298,-0.58744,54.179,-1.175,-1,375.000,-1,400.000,-1,325.000,325.000,300.000,300.000,-1,600.000,500.000,-1,650.000,750.000,-1,-1,2,0,2,0,2,0,0,0,0,2,0,0,2,0,0,2,2
64,3228.752,8490.980,-307.330,137.113,-0.733069,-0.680154,0.000474,0.679378,-0.732265,-0.047267,0.032496,-0.034328,0.998882,0,0.90298,-0.58744,54.179,-1.175,-1,375.000,-1,400.000,-1,325.000,325.000,300.000,300.000,-1,600.000,475.000,-1,675.000,750.000,-1,-1,2,0,2,0,2,0,0,0,0,2,0,0,2,0,0,2,2
65,3189.821,8528.659,-305.628,135.938,-0.718917,-0.695088,0.003291,0.694207,-0.718229,-0.047147,0.035135,-0.031610,0.998883,0,0.90298,-0.58744,54.179,-1.175,-1,375.000,-1,400.000,-1,325.000,325.000,300.000,300.000,-1,625.000,500.000,-1,700.000,775.000,-1,-1,2,0,2,0,2,0,0,0,0,2,0,0,2,0,0,2,2
66,3151.669,8567.128,-303.694,134.763,-0.704482,-0.709706,0.004808,0.708760,-0.703863,-0.047292,0.036947,-0.029908,0.998870,0,0.90298,-0.58744,54.179,-1.175,-1,375.000,-1,400.000,-1,325.000,325.000,300.000,300.000,-1,650.000,525.000,-1,700.000,775.000,-1,-1,2,0,2,0,2,0,0,0,0,2,0,0,2,0,0,2,2
67,3114.315,8606.371,-301.780,133.588,-0.689748,-0.724023,0.006188,0.723016,-0.689195,-0.047519,0.038670,-0.028303,0.998851,0,0.90298,-0.58744,54.179,-1.175,-1,375.000,-1,400.000,-1,325.000,325.000,300.000,300.000,-1,700.000,575.000,-1,700.000,775.000,-1,-1,2,0,2,0,2,0,0,0,0,2,0,0,2,0,0,2,2
68,3077.773,8646.372,-299.816,132.413,-0.674718,-0.738038,0.007486,0.736987,-0.674238,-0.047471,0.040083,-0.026512,0.998845,0,0.90298,-0.58744,54.179,-1.175,-1,375.000,-1,400.000,-1,325.000,325.000,275.000,300.000,-1,750.000,625.000,-1,725.000,775.000,-1,-1,2,0,2,0,2,0,0,0,0,2,0,0,2,0,0,2,2
69,3041.881,8687.330,-297.838,131.229,-0.659276,-0.751850,0.008687,0.750763,-0.658870,-0.047375,0.041342,-0.024711,0.998839,0,0.90765,-0.59215,54.459,-1.184,-1,375.000,-1,400.000,-1,325.000,325.000,275.000,275.000,-1,800.000,675.000,-1,725.000,800.000,-1,-1,2,0,2,0,2,0,0,0,0,2,0,0,2,0,0,2,2
70,3006.467,8729.497,-295.861,130.025,-0.643286,-0.765564,0.009773,0.764443,-0.642949,-0.047363,0.042543,-0.022997,0.998830,0,0.91775,-0.60216,55.065,-1.204,-1,375.000,-1,400.000,-1,325.000,325.000,275.000,275.000,-1,850.000,700.000,-1,725.000,800.000,-1,-1,2,0,2,0,2,0,0,0,0,2,0,0,2,0,0,2,2
71,2971.575,8772.895,-293.885,128.800,-0.626739,-0.779155,0.010738,0.778003,-0.626467,-0.047432,0.043684,-0.021373,0.998817,0,0.92809,-0.61217,55.685,-1.224,-1,375.000,-1,400.000,-1,325.000,325.000,275.000,275.000,-1,900.000,750.000,-1,750.000,800.000,-1,-1,2,0,2,0,2,0,0,0,0,2,0,0,2,0,0,2,2
72,2937.246,8817.543,-291.301,127.556,-0.609607,-0.792615,0.011868,0.791479,-0.609428,-0.046453,0.044052,-0.018925,0.998850,0,0.93866,-0.62219,56.320,-1.244,-1,400.000,-1,400.000,-1,325.000,325.000,275.000,275.000,-1,1000.000,850.000,-1,750.000,800.000,-1,-1,2,0,2,0,2,0,0,0,0,2,0,0,2,0,0,2,2
73,2906.564,8858.930,-288.815,126.552,-0.595561,-0.803207,0.012849,0.802095,-0.595464,-0.045456,0.044162,-0.016766,0.998884,0,0.85866,-0.50219,51.520,-1.004,-1,400.000,-1,400.000,-1,325.000,325.000,275.000,275.000,-1,-1,925.000,-1,750.000,800.000,-1,-1,2,0,2,0,2,0,0,0,0,2,2,0,2,0,0,2,2
74,2879.243,8896.829,-286.613,125.787,-0.584746,-0.811101,0.013653,0.810011,-0.584712,-0.044651,0.044200,-0.015050,0.998909,0,0.77866,-0.38219,46.720,-0.764,-1,400.000,-1,400.000,-1,325.000,325.000,275.000,275.000,-1,-1,1000.000,-1,775.000,800.000,-1,-1,2,0,2,0,2,0,0,0,0,2,2,0,2,0,0,2,2
75,2855.042,8931.057,-284.678,125.263,-0.577261,-0.816434,0.014309,0.815363,-0.577275,-0.044004,0.044186,-0.013735,0.998929,0,0.69866,-0.26219,41.920,-0.524,-1,400.000,-1,400.000,-1,325.000,325.000,275.000,275.000,-1,-1,-1,-1,775.000,800.000,-1,-1,2,0,2,0,2,0,0,0,0,2,2,2,2,0,0,2,2
76,2833.762,8961.471,-282.999,124.979,-0.573173,-0.819300,0.014839,0.818245,-0.573223,-0.043486,0.044134,-0.012783,0.998944,0,0.61866,-0.14219,37.120,-0.284,-1,400.000,-1,400.000,1000.000,325.000,325.000,275.000,275.000,-1,-1,-1,-1,775.000,800.000,-1,-1,2,0,2,0,1,0,0,0,0,2,2,2,2,0,0,2,2
77,2815.255,8987.967,-281.548,124.934,-0.572521,-0.819749,0.015192,0.818708,-0.572592,-0.043074,0.044009,-0.012223,0.998956,0,0.53866,-0.02219,32.320,-0.044,-1,400.000,-1,400.000,975.000,325.000,325.000,275.000,275.000,-1,-1,-1,-1,800.000,800.000,-1,-1,2,0,2,0,1,0,0,0,0,2,2,2,2,0,0,2,2
78,2799.419,9010.474,-280.312,125.130,-0.575309,-0.817792,0.015375,0.816762,-0.575389,-0.042756,0.043812,-0.012040,0.998967,0,0.45866,0.09781,27.520,0.196,-1,400.000,-1,400.000,950.000,325.000,325.000,275.000,275.000,-1,-1,-1,-1,800.000,800.000,-1,-1,2,0,2,0,1,0,0,0,0,2,2,2,2,0,0,2,2
79,2786.205,9028.956,-279.305,125.565,-0.581509,-0.813392,0.015502,0.812370,-0.581589,-0.042530,0.043609,-0.012139,0.998975,0,0.37866,0.21781,22.720,0.436,-1,400.000,-1,400.000,950.000,325.000,325.000,275.000,275.000,-1,-1,-1,-1,800.000,825.000,-1,-1,2,0,2,0,1,0,0,0,0,2,2,2,2,0,0,2,2
80,2775.611,9043.408,-278.517,126.241,-0.591064,-0.806474,0.015580,0.805456,-0.591137,-0.042397,0.043402,-0.012511,0.998979,0,0.29866,0.33781,17.920,0.676,-1,400.000,-1,400.000,925.000,325.000,325.000,275.000,275.000,-1,-1,-1,-1,800.000,825.000,-1,-1,2,0,2,0,1,0,0,0,0,2,2,2,2,0,0,2,2
81,2767.687,9053.865,-277.943,127.157,-0.603885,-0.796918,0.015614,0.795901,-0.603944,-0.042361,0.043189,-0.013154,0.998980,0,0.21866,0.45781,13.120,0.916,-1,400.000,-1,400.000,925.000,325.000,325.000,275.000,275.000,-1,-1,-1,-1,800.000,825.000,-1,1000.000,2,0,2,0,1,0,0,0,0,2,2,2,2,0,0,2,1
82,2762.529,9060.393,-277.576,128.312,-0.619849,-0.784566,0.015605,0.783544,-0.619885,-0.042431,0.042963,-0.014074,0.998978,0,0.13866,0.57781,8.320,1.156,-1,400.000,-1,400.000,925.000,325.000,325.000,275.000,300.000,-1,-1,-1,-1,800.000,825.000,-1,-1,2,0,2,0,1,0,0,0,0,2,2,2,2,0,0,2,2
83,2760.290,9063.108,-277.413,129.497,-0.635956,-0.771568,0.015562,0.770540,-0.635968,-0.042582,0.042752,-0.015089,0.998972,0,0.05866,0.59247,3.520,1.185,-1,400.000,-1,400.000,925.000,325.000,325.000,275.000,300.000,-1,-1,-1,-1,800.000,825.000,-1,-1,2,0,2,0,1,0,0,0,0,2,2,2,2,0,0,2,2
84,2761.124,9062.137,-277.451,130.674,-0.651689,-0.758328,0.015478,0.757291,-0.651672,-0.042822,0.042560,-0.016185,0.998963,0,-0.02134,0.58851,-1.280,1.177,-1,400.000,-1,400.000,925.000,325.000,325.000,275.000,300.000,-1,-1,-1,-1,775.000,850.000,-1,-1,2,0,2,0,1,0,0,0,0,2,2,2,2,0,0,2,2
85,2765.181,9057.608,-277.687,131.846,-0.667077,-0.744831,0.015340,0.743782,-0.667027,-0.043168,0.042385,-0.017387,0.998950,0,-0.10134,0.58577,-6.080,1.172,-1,400.000,-1,400.000,950.000,325.000,325.000,275.000,300.000,-1,-1,-1,-1,775.000,850.000,-1,-1,2,0,2,0,1,0,0,0,0,2,2,2,2,0,0,2,2
86,2771.955,9050.346,-278.080,133.014,-0.682150,-0.731055,0.015149,0.729993,-0.682062,-0.043612,0.042215,-0.018691,0.998934,0,-0.16551,0.58429,-9.931,1.169,-1,400.000,-1,400.000,950.000,325.000,325.000,275.000,300.000,-1,-1,975.000,-1,775.000,850.000,-1,-1,2,0,2,0,1,0,0,0,0,2,2,0,2,0,0,2,2
87,2778.996,9043.102,-278.480,134.182,-0.696927,-0.716986,0.014956,0.715910,-0.696800,-0.044081,0.042027,-0.020014,0.998916,0,-0.16837,0.58383,-10.102,1.168,-1,400.000,-1,400.000,975.000,325.000,325.000,275.000,300.000,-1,-1,950.000,-1,775.000,850.000,-1,-1,2,0,2,0,1,0,0,0,0,2,2,0,2,0,0,2,2
88,2786.302,9035.883,-278.887,135.349,-0.711405,-0.702627,0.014763,0.701537,-0.711237,-0.044575,0.041820,-0.021355,0.998897,0,-0.17119,0.58346,-10.271,1.167,-1,400.000,-1,400.000,1000.000,325.000,325.000,275.000,300.000,-1,-1,900.000,-1,750.000,850.000,-1,-1,2,0,2,0,1,0,0,0,0,2,2,0,2,0,0,2,2
89,2793.875,9028.700,-279.301,136.515,-0.725580,-0.687984,0.014568,0.686880,-0.725370,-0.045096,0.041592,-0.022714,0.998876,0,-0.17396,0.58318,-10.438,1.166,-1,400.000,-1,400.000,1000.000,325.000,325.000,275.000,300.000,-1,975.000,850.000,-1,750.000,850.000,-1,-1,2,0,2,0,1,0,0,0,0,2,0,0,2,0,0,2,2
90,2801.714,9021.562,-279.721,137.681,-0.739449,-0.673060,0.014371,0.671942,-0.739196,-0.045642,0.041343,-0.024093,0.998854,0,-0.17669,0.58297,-10.602,1.166,-1,400.000,-1,400.000,-1,325.000,325.000,275.000,300.000,-1,950.000,800.000,-1,750.000,850.000,-1,-1,2,0,2,0,2,0,0,0,0,2,0,0,2,0,0,2,2
91,2809.818,9014.479,-280.148,138.847,-0.753007,-0.657859,0.014175,0.656729,-0.752709,-0.046215,0.041072,-0.025491,0.998831,0,-0.17938,0.58285,-10.763,1.166,-1,400.000,-1,400.000,-1,325.000,325.000,275.000,300.000,-1,900.000,750.000,-1,750.000,850.000,-1,-1,2,0,2,0,2,0,0,0,0,2,0,0,2,0,0,2,2
92,2818.185,9007.461,-280.581,140.013,-0.766252,-0.642388,0.013977,0.641244,-0.765907,-0.046814,0.040778,-0.026908,0.998806,0,-0.18201,0.58280,-10.921,1.166,-1,400.000,-1,400.000,-1,325.000,325.000,275.000,300.000,-1,850.000,725.000,-1,750.000,850.000,-1,-1,2,0,2,0,2,0,0,0,0,2,0,0,2,0,0,2,2
93,2826.814,9000.517,-281.019,141.178,-0.779180,-0.626649,0.013780,0.625493,-0.778786,-0.047440,0.040460,-0.028345,0.998779,0,-0.18460,0.58282,-11.076,1.166,-1,400.000,-1,400.000,-1,325.000,325.000,275.000,300.000,-1,825.000,675.000,-1,750.000,850.000,-1,-1,2,0,2,0,2,0,0,0,0,2,0,0,2,0,0,2,2
94,2835.703,8993.657,-281.463,142.344,-0.791785,-0.610649,0.013583,0.609481,-0.791341,-0.048093,0.040117,-0.029801,0.998751,0,-0.18714,0.58290,-11.228,1.166,-1,375.000,-1,400.000,-1,325.000,325.000,275.000,300.000,-1,775.000,650.000,-1,725.000,850.000,-1,-1,2,0,2,0,2,0,0,0,0,2,0,0,2,0,0,2,2
95,2844.850,8986.891,-281.912,143.510,-0.804065,-0.594391,0.013387,0.593212,-0.803568,-0.048773,0.039747,-0.031276,0.998720,0,-0.18962,0.58305,-11.377,1.166,-1,375.000,-1,400.000,-1,325.000,325.000,275.000,300.000,-1,725.000,600.000,-1,725.000,850.000,-1,-1,2,0,2,0,2,0,0,0,0,2,0,0,2,0,0,2,2
96,2854.251,8980.228,-282.277,144.677,-0.816010,-0.577888,0.013166,0.576716,-0.815472,-0.049022,0.039065,-0.032409,0.998711,0,-0.19205,0.58325,-11.523,1.167,-1,375.000,-1,400.000,-1,325.000,325.000,275.000,300.000,-1,700.000,575.000,-1,725.000,850.000,-1,-1,2,0,2,0,2,0,0,0,0,2,0,0,2,0,0,2,2
97,2863.905,8973.678,-282.524,145.844,-0.827616,-0.561147,0.012879,0.560010,-0.827055,-0.048669,0.037962,-0.033067,0.998732,0,-0.19443,0.58351,-11.666,1.167,-1,375.000,-1,400.000,-1,325.000,325.000,275.000,300.000,-1,675.000,575.000,-1,725.000,850.000,-1,-1,2,0,2,0,2,0,0,0,0,2,0,0,2,0,0,2,2
98,2873.807,8967.249,-282.772,147.011,-0.838884,-0.544166,0.012549,0.543063,-0.838300,-0.048334,0.036822,-0.033732,0.998752,0,-0.19675,0.58381,-11.805,1.168,-1,375.000,-1,400.000,-1,325.000,325.000,275.000,300.000,-1,675.000,550.000,-1,725.000,850.000,-1,-1,2,0,2,0,2,0,0,0,0,2,0,0,2,0,0,2,2
99,2883.953,8960.953,-283.022,148.180,-0.849811,-0.526948,0.012176,0.525882,-0.849201,-0.048018,0.035643,-0.034403,0.998772,0,-0.19902,0.58416,-11.941,1.168,-1,375.000,-1,400.000,-1,325.000,325.000,275.000,300.000,-1,650.000,550.000,-1,700.000,825.000,-1,-1,2,0,2,0,2,0,0,0,0,2,0,0,2,0,0,2,2
100,2894.341,8954.797,-283.272,149.349,-0.860391,-0.509499,0.011759,0.508471,-0.859756,-0.047723,0.034425,-0.035081,0.998791,0,-0.20124,0.58455,-12.074,1.169,-1,375.000,-1,400.000,-1,325.000,325.000,300.000,300.000,-1,625.000,525.000,-1,700.000,825.000,-1,-1,2,0,2,0,2,0,0,0,0,2,0,0,2,0,0,2,2
101,2900.658,8951.190,-283.404,150.278,-0.868542,-0.495482,0.011494,0.494480,-0.867888,-0.047531,0.033526,-0.035599,0.998804,0,-0.12124,0.46455,-7.274,0.929,-1,375.000,-1,400.000,-1,325.000,325.000,300.000,300.000,-1,625.000,525.000,-1,700.000,825.000,-1,-1,2,0,2,0,2,0,0,0,0,2,0,0,2,0,0,2,2
102,2902.822,8949.989,-283.421,150.967,-0.874439,-0.485002,0.011405,0.484015,-0.873774,-0.047428,0.032968,-0.035952,0.998810,0,-0.04124,0.34455,-2.474,0.689,-1,375.000,-1,400.000,-1,325.000,325.000,300.000,300.000,-1,625.000,525.000,-1,700.000,825.000,-1,-1,2,0,2,0,2,0,0,0,0,2,0,0,2,0,0,2,2
103,2900.779,8951.101,-283.326,151.416,-0.878211,-0.478135,0.011509,0.477150,-0.877543,-0.047400,0.032763,-0.036136,0.998810,0,0.03876,0.22455,2.326,0.449,-1,375.000,-1,400.000,-1,325.000,325.000,300.000,300.000,-1,600.000,500.000,-1,700.000,825.000,-1,-1,2,0,2,0,2,0,0,0,0,2,0,0,2,0,0,2,2
104,2894.510,8954.488,-283.119,151.625,-0.879945,-0.474929,0.011810,0.473934,-0.879281,-0.047445,0.032917,-0.036152,0.998804,0,0.11876,0.10455,7.126,0.209,-1,375.000,-1,400.000,-1,325.000,325.000,300.000,300.000,-1,600.000,500.000,-1,700.000,825.000,-1,-1,2,0,2,0,2,0,0,0,0,2,0,0,2,0,0,2,2
105,2884.020,8960.161,-282.802,151.594,-0.879681,-0.475406,0.012305,0.474389,-0.879030,-0.047560,0.033427,-0.036001,0.998793,0,0.19876,-0.01545,11.926,-0.031,-1,375.000,-1,400.000,-1,325.000,325.000,300.000,300.000,-1,600.000,525.000,-1,700.000,825.000,-1,-1,2,0,2,0,2,0,0,0,0,2,0,0,2,0,0,2,2
106,2869.346,8968.187,-282.377,151.323,-0.877412,-0.479562,0.012982,0.478511,-0.876782,-0.047754,0.034284,-0.035688,0.998775,0,0.27876,-0.13545,16.726,-0.271,-1,375.000,-1,400.000,-1,325.000,325.000,300.000,300.000,-1,625.000,525.000,-1,700.000,825.000,-1,-1,2,0,2,0,2,0,0,0,0,2,0,0,2,0,0,2,2
107,2850.554,8978.685,-281.845,150.812,-0.873087,-0.487369,0.013821,0.486273,-0.872486,-0.048037,0.035470,-0.035220,0.998750,0,0.35876,-0.25545,21.526,-0.511,-1,375.000,-1,400.000,-1,325.000,325.000,275.000,300.000,-1,625.000,525.000,-1,700.000,850.000,-1,-1,2,0,2,0,2,0,0,0,0,2,0,0,2,0,0,2,2
108,2827.741,8991.823,-281.206,150.061,-0.866607,-0.498772,0.014789,0.497620,-0.866042,-0.048426,0.036961,-0.034607,0.998717,0,0.43876,-0.37545,26.326,-0.751,-1,375.000,-1,400.000,-1,325.000,325.000,275.000,300.000,-1,625.000,500.000,-1,725.000,850.000,-1,-1,2,0,2,0,2,0,0,0,0,2,0,0,2,0,0,2,2
109,2801.042,9007.822,-280.286,149.071,-0.857826,-0.513699,0.015727,0.512521,-0.857329,-0.048044,0.038163,-0.033153,0.998721,0,0.51876,-0.49545,31.126,-0.991,-1,375.000,-1,400.000,-1,325.000,325.000,275.000,300.000,-1,625.000,500.000,-1,725.000,850.000,-1,-1,2,0,2,0,2,0,0,0,0,2,0,0,2,0,0,2,2
110,2770.629,9026.946,-278.984,147.840,-0.846555,-0.532043,0.016580,0.530893,-0.846169,-0.046370,0.038700,-0.030452,0.998787,0,0.59876,-0.61545,35.926,-1.231,-1,375.000,-1,425.000,-1,325.000,325.000,275.000,300.000,-1,700.000,550.000,-1,725.000,850.000,-1,-1,2,0,2,0,2,0,0,0,0,2,0,0,2,0,0,2,2
111,2736.720,9049.502,-277.523,146.369,-0.832574,-0.553637,0.017507,0.552522,-0.832306,-0.044554,0.039238,-0.027421,0.998854,0,0.67876,-0.73545,40.726,-1.471,-1,375.000,-1,425.000,-1,325.000,325.000,275.000,300.000,-1,800.000,600.000,-1,750.000,850.000,-1,-1,2,0,2,0,2,0,0,0,0,2,0,0,2,0,0,2,2
112,2699.500,9075.716,-275.879,144.844,-0.817496,-0.575631,0.018696,0.574557,-0.817355,-0.042605,0.039806,-0.024088,0.998917,0,0.75876,-0.76215,45.526,-1.524,-1,400.000,-1,425.000,-1,325.000,325.000,275.000,300.000,-1,875.000,675.000,-1,750.000,875.000,-1,-1,2,0,2,0,2,0,0,0,0,2,0,0,2,0,0,2,2
113,2659.014,9105.609,-274.052,143.560,-0.804320,-0.593852,0.020241,0.592824,-0.804310,-0.040555,0.040363,-0.020620,0.998972,0,0.83876,-0.64215,50.326,-1.284,-1,400.000,-1,425.000,-1,325.000,325.000,300.000,300.000,-1,950.000,750.000,-1,750.000,875.000,-1,-1,2,0,2,0,2,0,0,0,0,2,0,0,2,0,0,2,2
114,2615.908,9138.667,-272.135,142.516,-0.793289,-0.608452,0.021889,0.607479,-0.793404,-0.038460,0.040768,-0.017213,0.999020,0,0.90538,-0.52215,54.323,-1.044,-1,400.000,-1,425.000,975.000,325.000,325.000,300.000,300.000,-1,-1,800.000,-1,775.000,875.000,-1,-1,2,0,2,0,1,0,0,0,0,2,2,0,2,0,0,2,2
115,2572.249,9173.133,-270.240,141.712,-0.784596,-0.619560,0.023548,0.618650,-0.784825,-0.036370,0.041015,-0.013967,0.999061,0,0.92705,-0.40215,55.623,-0.804,-1,400.000,-1,425.000,925.000,325.000,325.000,300.000,300.000,-1,-1,850.000,-1,800.000,875.000,-1,-1,2,0,2,0,1,0,0,0,0,2,2,0,2,0,0,2,2
116,2528.728,9208.192,-268.188,141.147,-0.778421,-0.627278,0.024162,0.626437,-0.778707,-0.034517,0.040467,-0.011733,0.999112,0,0.93144,-0.28215,55.886,-0.564,-1,400.000,-1,425.000,875.000,325.000,325.000,300.000,300.000,-1,-1,975.000,-1,800.000,850.000,-1,-1,2,0,2,0,1,0,0,0,0,2,2,0,2,0,1,2,2
117,2485.246,9243.626,-265.955,140.823,-0.774868,-0.631683,0.023585,0.630916,-0.775154,-0.032875,0.039048,-0.010594,0.999181,0,0.93487,-0.16215,56.092,-0.324,-1,400.000,-1,425.000,850.000,325.000,325.000,300.000,300.000,-1,-1,-1,-1,800.000,850.000,-1,-1,2,0,2,0,1,0,0,0,0,2,2,2,2,0,1,2,2
118,2441.709,9279.211,-263.812,140.739,-0.773948,-0.632830,0.023029,0.632135,-0.774232,-0.031149,0.037542,-0.009550,0.999249,0,0.93716,-0.04215,56.230,-0.084,-1,400.000,-1,400.000,825.000,325.000,325.000,300.000,275.000,-1,-1,-1,-1,800.000,825.000,-1,-1,2,0,2,0,1,0,0,0,0,2,2,2,2,0,1,2,2
119,2398.197,9314.919,-261.769,140.626,-0.772712,-0.634358,0.022503,0.633734,-0.772994,-0.029373,0.036028,-0.008437,0.999315,0,0.93813,-0.05634,56.288,-0.113,-1,400.000,-1,400.000,800.000,325.000,325.000,300.000,275.000,-1,-1,-1,-1,800.000,825.000,-1,-1,2,0,2,0,1,0,0,0,0,2,2,2,2,0,1,2,2
120,2354.761,9350.743,-259.708,140.486,-0.771174,-0.636245,0.021995,0.635669,-0.771449,-0.028141,0.034873,-0.007720,0.999362,0,0.93840,-0.06987,56.304,-0.140,-1,400.000,-1,425.000,775.000,325.000,325.000,300.000,275.000,-1,-1,-1,-1,800.000,825.000,-1,-1,2,0,2,0,1,0,0,0,0,2,2,2,2,0,1,2,2
121,2311.446,9386.673,-257.729,140.324,-0.769380,-0.638429,0.021512,0.637897,-0.769648,-0.026989,0.033787,-0.007042,0.999404,0,0.93796,-0.08109,56.278,-0.162,-1,400.000,-1,425.000,750.000,325.000,325.000,300.000,300.000,-1,-1,-1,-1,800.000,850.000,-1,-1,2,0,2,0,1,0,0,0,0,2,2,2,2,0,1,2,2
122,2268.299,9422.698,-255.855,140.140,-0.767333,-0.640903,0.021055,0.640414,-0.767596,-0.025815,0.032707,-0.006325,0.999445,0,0.93681,-0.09209,56.209,-0.184,-1,400.000,-1,425.000,750.000,325.000,325.000,300.000,300.000,-1,-1,-1,-1,825.000,900.000,-1,-1,2,0,2,0,1,0,0,0,0,2,2,2,2,0,0,2,2
123,2225.368,9458.806,-254.086,139.934,-0.765035,-0.643658,0.020622,0.643211,-0.765293,-0.024622,0.031630,-0.005572,0.999484,0,0.93495,-0.10288,56.097,-0.206,-1,400.000,-1,425.000,775.000,325.000,325.000,300.000,300.000,-1,-1,-1,-1,825.000,925.000,-1,-1,2,0,2,0,1,0,0,0,0,2,2,2,2,0,0,2,2
124,2182.697,9494.984,-252.330,139.707,-0.762487,-0.646687,0.020229,0.646295,-0.762743,-0.022924,0.030254,-0.004405,0.999533,0,0.93240,-0.11342,55.944,-0.227,-1,400.000,-1,425.000,-1,325.000,325.000,300.000,300.000,-1,-1,-1,-1,825.000,925.000,-1,-1,2,0,2,0,2,0,0,0,0,2,2,2,2,0,0,2,2
125,2140.330,9531.220,-250.738,139.460,-0.759703,-0.649977,0.019529,0.649639,-0.759946,-0.021239,0.028646,-0.003449,0.999584,0,0.92916,-0.12371,55.750,-0.247,-1,400.000,-1,425.000,-1,325.000,325.000,300.000,300.000,-1,-1,-1,-1,825.000,925.000,-1,-1,2,0,2,0,2,0,0,0,0,2,2,2,2,0,0,2,2
126,2098.309,9567.501,-249.294,139.192,-0.756679,-0.653519,0.018689,0.653232,-0.756905,-0.019542,0.026917,-0.002579,0.999634,0,0.92527,-0.13374,55.516,-0.267,-1,400.000,-1,425.000,-1,325.000,325.000,300.000,300.000,-1,-1,-1,-1,825.000,925.000,-1,-1,2,0,2,1,2,0,0,0,0,2,2,2,2,0,0,2,2
127,2056.675,9603.814,-247.965,138.905,-0.753414,-0.657303,0.017863,0.657064,-0.753624,-0.017807,0.025166,-0.001679,0.999682,0,0.92076,-0.14348,55.246,-0.287,-1,400.000,-1,425.000,-1,325.000,325.000,300.000,300.000,-1,-1,-1,-1,825.000,925.000,-1,-1,2,0,2,1,2,0,0,0,0,2,2,2,2,0,0,2,2
128,2015.465,9640.146,-246.733,138.600,-0.749910,-0.661318,0.017143,0.661124,-0.750106,-0.016018,0.023452,-0.000679,0.999725,0,0.91565,-0.15292,54.939,-0.306,-1,400.000,-1,425.000,-1,325.000,325.000,300.000,300.000,-1,-1,-1,-1,825.000,925.000,-1,-1,2,0,2,0,2,0,0,0,0,2,2,2,2,0,0,2,2
129,1974.714,9676.485,-245.607,138.275,-0.746171,-0.665550,0.016481,0.665399,-0.746353,-0.014191,0.021745,0.000378,0.999763,0,0.90999,-0.16205,54.600,-0.324,-1,400.000,-1,425.000,-1,325.000,325.000,300.000,300.000,-1,-1,-1,-1,825.000,925.000,-1,-1,2,0,2,0,2,0,0,0,0,2,2,2,2,0,0,2,2
130,1934.456,9712.818,-244.586,137.934,-0.742202,-0.669988,0.015878,0.669877,-0.742370,-0.012327,0.020046,0.001487,0.999798,0,0.90383,-0.17084,54.230,-0.342,-1,400.000,-1,425.000,-1,325.000,325.000,300.000,300.000,-1,-1,-1,-1,825.000,925.000,-1,-1,2,0,2,0,2,0,0,0,0,2,2,2,2,0,0,2,2
131,1894.719,9749.134,-243.667,137.575,-0.738007,-0.674619,0.015334,0.674544,-0.738161,-0.010431,0.018356,0.002645,0.999828,0,0.89720,-0.17927,53.832,-0.359,-1,400.000,-1,425.000,-1,325.000,325.000,300.000,300.000,-1,-1,-1,-1,825.000,925.000,-1,-1,2,0,2,0,2,0,0,0,0,2,2,2,2,0,0,2,2
132,1855.530,9785.423,-242.297,137.201,-0.733603,-0.679432,0.014084,0.679352,-0.733736,-0.010605,0.017539,0.001788,0.999845,0,0.89018,-0.18732,53.411,-0.375,-1,400.000,-1,425.000,-1,325.000,350.000,300.000,275.000,-1,-1,-1,-1,850.000,950.000,-1,-1,2,0,2,0,2,0,0,0,1,2,2,2,2,0,0,2,2
133,1816.910,9821.675,-240.960,136.812,-0.728995,-0.684399,0.012835,0.684310,-0.729108,-0.011051,0.016921,0.000727,0.999857,0,0.88281,-0.19447,52.968,-0.389,-1,400.000,-1,425.000,-1,325.000,350.000,300.000,275.000,-1,-1,-1,-1,850.000,950.000,-1,-1,2,0,2,0,2,0,0,0,1,2,2,2,2,0,0,2,2
134,1778.872,9857.873,-240.143,136.419,-0.724309,-0.689375,0.011789,0.689311,-0.724403,-0.009462,0.015063,0.001273,0.999886,0,0.87515,-0.19618,52.509,-0.392,-1,400.000,-1,425.000,-1,350.000,350.000,300.000,250.000,-1,-1,-1,-1,875.000,950.000,-1,-1,2,0,2,0,2,0,0,0,1,2,2,2,2,0,0,2,2
135,1741.426,9894.003,-239.830,136.025,-0.719562,-0.694341,0.010982,0.694325,-0.719638,-0.005902,0.012001,0.003378,0.999922,0,0.86724,-0.19719,52.034,-0.394,-1,400.000,-1,425.000,-1,325.000,350.000,300.000,225.000,-1,-1,-1,-1,850.000,950.000,-1,-1,2,0,2,0,2,0,0,0,1,2,2,2,2,0,0,2,2
