timestep,x_cm,y_cm,z_cm,yaw_deg,basis_xx,basis_xy,basis_xz,basis_yx,basis_yy,basis_yz,basis_zx,basis_zy,basis_zz,teleport_flag,throttle_cmd,steering_cmd,cmd_move_cm,cmd_turn_deg,lidar_cm_0,lidar_cm_1,lidar_cm_2,lidar_cm_3,lidar_cm_4,lidar_cm_5,lidar_cm_6,lidar_cm_7,lidar_cm_8,lidar_cm_9,lidar_cm_10,lidar_cm_11,lidar_cm_12,lidar_cm_13,lidar_cm_14,lidar_cm_15,lidar_cm_16,lidar_class_0,lidar_class_1,lidar_class_2,lidar_class_3,lidar_class_4,lidar_class_5,lidar_class_6,lidar_class_7,lidar_class_8,lidar_class_9,lidar_class_10,lidar_class_11,lidar_class_12,lidar_class_13,lidar_class_14,lidar_class_15,lidar_class_16
0,-3605.494,2300.064,48.772,63.141,0.449699,-0.888835,0.087992,0.892816,0.450141,-0.015884,-0.025491,0.085704,0.995995,1,0.08000,0.12000,4.800,0.240,-1,375.000,-1,325.000,-1,300.000,300.000,450.000,275.000,-1,0.000,50.000,-1,700.000,575.000,-1,-1,2,0,2,0,2,0,0,0,0,2,1,1,2,0,0,2,2
1,-3601.227,2308.663,48.354,63.621,0.442436,-0.892749,0.085149,0.896495,0.442765,-0.016008,-0.023410,0.083418,0.996240,0,0.16000,0.24000,9.600,0.480,-1,375.000,-1,350.000,-1,300.000,300.000,425.000,275.000,-1,0.000,75.000,-1,700.000,575.000,-1,-1,2,0,2,0,2,0,0,0,0,2,1,1,2,0,0,2,2
2,-3594.990,2321.641,47.751,64.341,0.431459,-0.898490,0.080982,0.901903,0.431632,-0.016269,-0.020337,0.080057,0.996583,0,0.24000,0.36000,14.400,0.720,-1,375.000,-1,350.000,-1,300.000,300.000,425.000,275.000,-1,0.000,75.000,-1,700.000,600.000,-1,-1,2,0,2,0,2,0,0,0,0,2,1,1,2,0,0,2,2
3,-3586.895,2339.050,46.904,65.072,0.420310,-0.904254,0.075261,0.907236,0.420276,-0.017057,-0.016207,0.075448,0.997018,0,0.32000,0.36577,19.200,0.732,-1,375.000,-1,350.000,-1,300.000,300.000,400.000,275.000,-1,25.000,100.000,-1,725.000,600.000,-1,-1,2,0,2,0,2,0,0,0,0,2,1,1,2,0,0,2,2
4,-3577.048,2360.937,45.847,65.788,0.409376,-0.909817,0.068156,0.912298,0.409112,-0.018428,-0.011117,0.069723,0.997504,0,0.40000,0.35809,24.000,0.716,-1,375.000,-1,350.000,-1,300.000,300.000,400.000,275.000,-1,25.000,125.000,-1,725.000,-1,-1,-1,2,0,2,0,2,0,0,0,0,2,1,1,2,0,2,2,2
5,-3565.554,2387.343,44.629,66.485,0.398678,-0.915132,0.059918,0.917076,0.398190,-0.020382,-0.005206,0.063075,0.997995,0,0.48000,0.34850,28.800,0.697,-1,375.000,-1,350.000,-1,300.000,300.000,375.000,300.000,-1,25.000,125.000,-1,725.000,-1,-1,-1,2,0,2,0,2,0,0,0,0,2,1,1,2,0,2,2,2
6,-3554.176,2414.347,43.497,67.159,0.388197,-0.920103,0.052082,0.921576,0.387546,-0.022486,0.000506,0.056726,0.998390,0,0.48838,0.33700,29.303,0.674,-1,375.000,-1,375.000,-1,300.000,300.000,350.000,300.000,-1,25.000,150.000,-1,750.000,-1,-1,-1,2,0,2,0,2,0,0,0,0,2,1,1,2,0,2,2,2
7,-3542.922,2441.929,42.455,67.810,0.377956,-0.924745,0.044673,0.925804,0.377195,-0.024709,0.005999,0.050698,0.998696,0,0.49650,0.32531,29.790,0.651,-1,400.000,-1,375.000,-1,325.000,300.000,350.000,300.000,-1,50.000,150.000,-1,750.000,-1,-1,-1,2,0,2,0,2,0,0,0,0,2,1,1,2,0,2,2,2
8,-3531.790,2470.090,41.508,68.437,0.367976,-0.929070,0.037709,0.929767,0.367155,-0.027023,0.011261,0.045004,0.998923,0,0.50469,0.31344,30.282,0.627,-1,400.000,-1,375.000,-1,325.000,325.000,325.000,300.000,550.000,50.000,175.000,-1,775.000,-1,-1,-1,2,0,2,0,2,0,0,0,0,1,1,1,2,0,2,2,2
9,-3520.777,2498.830,40.701,69.040,0.358278,-0.933086,0.031413,0.933475,0.357440,-0.029332,0.016141,0.039832,0.999076,0,0.51296,0.30138,30.778,0.603,-1,400.000,-1,400.000,-1,325.000,325.000,325.000,325.000,550.000,50.000,175.000,-1,775.000,-1,-1,-1,2,0,2,0,2,0,0,0,0,1,1,1,2,0,2,2,2
10,-3509.884,2528.151,41.204,69.618,0.348863,-0.936643,0.031528,0.937022,0.348004,-0.029712,0.016858,0.039907,0.999061,0,0.52131,0.28912,31.279,0.578,-1,400.000,-1,400.000,-1,325.000,325.000,325.000,325.000,675.000,75.000,225.000,-1,775.000,-1,-1,-1,2,0,2,0,2,0,0,0,0,1,1,1,2,0,2,2,2
11,-3499.102,2558.051,41.718,70.171,0.339821,-0.939957,0.031648,0.940326,0.338941,-0.030086,0.017553,0.039983,0.999046,0,0.52975,0.27666,31.785,0.553,-1,400.000,-1,400.000,-1,325.000,325.000,325.000,325.000,-1,100.000,250.000,-1,800.000,-1,-1,-1,2,0,2,0,2,0,0,0,0,2,1,1,2,0,2,2,2
12,-3488.427,2588.533,42.193,70.699,0.331155,-0.943046,0.031636,0.943403,0.330266,-0.030234,0.018064,0.039858,0.999042,0,0.53829,0.26401,32.297,0.528,-1,400.000,-1,400.000,-1,325.000,325.000,325.000,325.000,-1,150.000,300.000,-1,800.000,-1,-1,-1,2,0,2,0,2,0,0,0,0,2,1,1,2,0,2,2,2
13,-3477.852,2619.598,42.686,71.201,0.322887,-0.945908,0.031646,0.946255,0.321988,-0.030412,0.018578,0.039765,0.999036,0,0.54692,0.25115,32.815,0.502,-1,400.000,-1,400.000,-1,325.000,325.000,325.000,325.000,-1,175.000,350.000,-1,800.000,-1,-1,-1,2,0,2,0,2,0,0,0,1,2,1,1,2,0,2,2,2
14,-3465.894,2655.262,43.265,71.464,0.318565,-0.947371,0.031687,0.947711,0.317653,-0.030673,0.018993,0.039801,0.999027,0,0.62692,0.13115,37.615,0.262,-1,400.000,-1,400.000,-1,325.000,325.000,325.000,300.000,-1,200.000,375.000,-1,800.000,-1,-1,-1,2,0,2,0,2,0,0,0,0,2,1,1,2,0,2,2,2
15,-3452.426,2695.482,43.958,71.486,0.318200,-0.947496,0.031620,0.947830,0.317285,-0.030794,0.019145,0.039769,0.999025,0,0.70692,0.01115,42.415,0.022,-1,400.000,-1,400.000,-1,325.000,325.000,325.000,500.000,-1,250.000,425.000,-1,825.000,-1,-1,-1,2,0,2,0,2,0,0,0,1,2,1,1,2,0,2,2,2
16,-3437.985,2738.245,44.670,71.341,0.320582,-0.946703,0.031318,0.947035,0.319689,-0.030382,0.018750,0.039399,0.999048,0,0.75227,-0.07259,45.136,-0.145,-1,400.000,-1,400.000,-1,325.000,325.000,325.000,675.000,-1,300.000,475.000,-1,825.000,-1,-1,-1,2,0,2,0,2,0,0,0,1,2,1,1,2,0,2,2,2
17,-3423.326,2781.205,45.367,71.159,0.323573,-0.945689,0.031174,0.946027,0.322702,-0.029927,0.018241,0.039175,0.999066,0,0.75653,-0.09114,45.392,-0.182,-1,400.000,-1,400.000,-1,325.000,325.000,325.000,825.000,-1,350.000,500.000,-1,825.000,-1,-1,-1,2,0,2,0,2,0,0,0,1,2,1,1,2,0,2,2,2
18,-3410.255,2819.634,46.010,71.216,0.322607,-0.946023,0.031080,0.946363,0.321752,-0.029542,0.017947,0.038944,0.999080,0,0.67653,0.02886,40.592,0.058,-1,400.000,-1,400.000,-1,325.000,325.000,325.000,950.000,-1,375.000,550.000,-1,825.000,-1,-1,-1,2,0,2,0,2,0,0,0,1,2,1,1,2,0,2,2,2
19,-3398.906,2853.579,46.599,71.514,0.317678,-0.947691,0.031025,0.948030,0.316835,-0.029219,0.017861,0.038695,0.999091,0,0.59653,0.14886,35.792,0.298,-1,400.000,-1,400.000,-1,325.000,325.000,325.000,1000.000,-1,425.000,600.000,-1,825.000,1000.000,-1,-1,2,0,2,0,2,0,0,0,1,2,1,1,2,0,1,2,2
20,-3389.298,2883.044,47.129,71.940,0.310625,-0.950027,0.030990,0.950364,0.309791,-0.028945,0.017898,0.038443,0.999100,0,0.51653,0.21278,30.992,0.426,-1,400.000,-1,400.000,-1,325.000,325.000,325.000,-1,-1,450.000,650.000,-1,825.000,1000.000,-1,-1,2,0,2,0,2,0,0,0,2,2,1,1,2,0,1,2,2
21,-3381.351,2908.001,47.590,72.336,0.304036,-0.952157,0.030958,0.952491,0.303209,-0.028714,0.017953,0.038217,0.999108,0,0.43653,0.19831,26.192,0.397,-1,400.000,-1,400.000,-1,325.000,325.000,325.000,-1,-1,500.000,700.000,-1,825.000,975.000,-1,-1,2,0,2,0,2,0,0,0,2,2,1,1,2,0,1,2,2
22,-3374.992,2928.426,47.976,72.708,0.297843,-0.954114,0.030932,0.954445,0.297022,-0.028525,0.018028,0.038019,0.999114,0,0.35653,0.18604,21.392,0.372,-1,400.000,-1,400.000,-1,325.000,325.000,325.000,-1,-1,525.000,725.000,-1,825.000,950.000,-1,-1,2,0,2,0,2,0,0,0,2,2,1,1,2,0,1,2,2
23,-3370.160,2944.298,48.283,73.067,0.291856,-0.955963,0.030915,0.956291,0.291038,-0.028378,0.018131,0.037846,0.999119,0,0.27653,0.17955,16.592,0.359,-1,400.000,-1,400.000,-1,325.000,325.000,325.000,-1,-1,525.000,775.000,-1,850.000,950.000,-1,-1,2,0,2,0,2,0,0,0,2,2,1,1,2,0,1,2,2
24,-3366.794,2955.599,48.505,73.417,0.286024,-0.957724,0.030910,0.958048,0.285208,-0.028274,0.018262,0.037700,0.999122,0,0.19653,0.17458,11.792,0.349,-1,400.000,-1,400.000,-1,325.000,325.000,325.000,-1,-1,550.000,800.000,-1,850.000,950.000,-1,-1,2,0,2,0,2,0,0,0,2,2,1,1,2,0,1,2,2
25,-3364.839,2962.312,48.641,73.759,0.280300,-0.959414,0.030919,0.959735,0.279485,-0.028212,0.018426,0.037581,0.999124,0,0.11653,0.17108,6.992,0.342,-1,400.000,-1,400.000,-1,325.000,325.000,325.000,-1,-1,575.000,825.000,-1,850.000,925.000,-1,-1,2,0,2,0,2,0,0,0,2,2,1,1,2,0,1,2,2
26,-3364.238,2964.420,48.686,74.097,0.274637,-0.961050,0.030943,0.961367,0.273820,-0.028194,0.018623,0.037491,0.999123,0,0.03653,0.16903,2.192,0.338,-1,400.000,-1,400.000,-1,325.000,325.000,325.000,-1,-1,575.000,850.000,-1,850.000,925.000,-1,-1,2,0,2,0,2,0,0,0,2,2,1,1,2,0,1,2,2
27,-3364.938,2961.907,48.639,74.434,0.268988,-0.962645,0.030987,0.962959,0.268167,-0.028221,0.018857,0.037430,0.999121,0,-0.04347,0.16839,-2.608,0.337,-1,400.000,-1,400.000,-1,325.000,325.000,325.000,-1,-1,575.000,875.000,-1,850.000,925.000,-1,-1,2,0,2,0,2,0,0,0,2,2,1,1,2,0,1,2,2
28,-3366.884,2954.759,48.498,74.772,0.263306,-0.964213,0.031053,0.964523,0.262479,-0.028293,0.019130,0.037401,0.999117,0,-0.12347,0.16915,-7.408,0.338,-1,400.000,-1,400.000,-1,325.000,325.000,325.000,-1,-1,575.000,875.000,-1,850.000,925.000,-1,-1,2,0,2,0,2,0,0,0,2,2,1,1,2,0,1,2,2
29,-3370.020,2942.960,48.262,75.114,0.257544,-0.965765,0.031143,0.966071,0.256709,-0.028413,0.019446,0.037404,0.999111,0,-0.20347,0.17129,-12.208,0.343,-1,400.000,-1,400.000,-1,325.000,325.000,325.000,-1,-1,575.000,900.000,-1,850.000,925.000,-1,-1,2,0,2,0,2,0,0,0,2,2,1,1,2,0,1,2,2
30,-3374.289,2926.496,47.931,75.464,0.251655,-0.967312,0.031262,0.967614,0.250810,-0.028582,0.019807,0.037443,0.999102,0,-0.28347,0.17483,-17.008,0.350,-1,400.000,-1,400.000,-1,325.000,325.000,325.000,-1,-1,550.000,900.000,-1,850.000,925.000,-1,-1,2,0,2,0,2,0,0,0,2,2,1,1,2,0,1,2,2
31,-3379.630,2905.352,47.504,75.824,0.245593,-0.968864,0.031414,0.969162,0.244735,-0.028803,0.020218,0.037519,0.999091,0,-0.36347,0.17976,-21.808,0.360,-1,400.000,-1,400.000,-1,325.000,325.000,325.000,-1,-1,550.000,900.000,-1,850.000,925.000,-1,-1,2,0,2,0,2,0,0,0,2,2,1,1,2,0,1,2,2
32,-3385.979,2879.512,46.981,76.196,0.239310,-0.970429,0.031602,0.970723,0.238435,-0.029077,0.020683,0.037635,0.999077,0,-0.44347,0.18609,-26.608,0.372,-1,400.000,-1,400.000,-1,325.000,325.000,325.000,-1,-1,525.000,900.000,-1,825.000,925.000,-1,-1,2,0,2,0,2,0,0,0,2,2,1,1,2,0,1,2,2
33,-3393.267,2848.961,46.363,76.584,0.232755,-0.972014,0.031832,0.972304,0.231862,-0.029408,0.021205,0.037795,0.999061,0,-0.52347,0.19386,-31.408,0.388,-1,400.000,-1,400.000,-1,325.000,325.000,325.000,-1,-1,500.000,900.000,-1,825.000,925.000,-1,-1,2,0,2,0,2,0,0,0,2,2,1,1,2,0,1,2,2
34,-3401.401,2813.759,45.651,76.990,0.225881,-0.973626,0.032107,0.973911,0.224964,-0.029797,0.021788,0.038000,0.999040,0,-0.60216,0.20307,-36.130,0.406,-1,400.000,-1,400.000,-1,325.000,325.000,325.000,-1,-1,475.000,900.000,-1,825.000,925.000,-1,-1,2,0,2,0,2,0,0,0,2,2,1,1,2,0,1,2,2
35,-3409.295,2778.393,44.937,77.418,0.218623,-0.975271,0.032405,0.975552,0.217682,-0.030197,0.022396,0.038214,0.999019,0,-0.60394,0.21403,-36.236,0.428,-1,400.000,-1,400.000,-1,325.000,325.000,325.000,-1,900.000,450.000,875.000,-1,825.000,925.000,-1,-1,2,0,2,0,2,0,0,0,2,1,1,1,2,0,1,2,2
36,-3416.930,2742.857,44.191,77.874,0.210871,-0.976969,0.032630,0.977245,0.209912,-0.030491,0.022939,0.038317,0.999002,0,-0.60578,0.22801,-36.347,0.456,-1,400.000,-1,400.000,-1,325.000,325.000,325.000,-1,750.000,425.000,875.000,-1,825.000,900.000,-1,-1,2,0,2,0,2,0,0,0,2,1,1,1,2,0,1,2,2
37,-3424.288,2707.147,43.410,78.357,0.202628,-0.978707,0.032771,0.978976,0.201657,-0.030669,0.023408,0.038297,0.998992,0,-0.60766,0.24186,-36.460,0.484,-1,400.000,-1,400.000,-1,325.000,325.000,325.000,1000.000,650.000,400.000,875.000,-1,825.000,900.000,-1,-1,2,0,2,0,2,0,0,0,1,1,1,1,2,0,1,2,2
38,-3431.349,2671.262,42.613,78.869,0.193904,-0.980466,0.032986,0.980730,0.192919,-0.030841,0.023874,0.038331,0.998980,0,-0.60956,0.25554,-36.574,0.511,-1,400.000,-1,400.000,-1,325.000,325.000,325.000,975.000,600.000,375.000,900.000,-1,825.000,875.000,-1,-1,2,0,2,0,2,0,0,0,1,1,1,1,2,0,1,2,2
39,-3438.094,2635.201,41.840,79.407,0.184691,-0.982236,0.033178,0.982501,0.183702,-0.030739,0.024098,0.038274,0.998977,0,-0.61144,0.26905,-36.686,0.538,-1,400.000,-1,400.000,-1,325.000,325.000,325.000,850.000,550.000,375.000,900.000,-1,825.000,825.000,-1,-1,2,0,2,0,2,0,0,0,1,1,1,1,2,0,1,2,2
40,-3443.529,2603.781,41.190,80.185,0.171334,-0.984651,0.033267,0.984911,0.170348,-0.030519,0.024383,0.037994,0.998980,0,-0.53144,0.38905,-31.886,0.778,-1,400.000,-1,400.000,-1,325.000,325.000,325.000,750.000,500.000,375.000,950.000,-1,800.000,775.000,-1,-1,2,0,2,0,2,0,0,0,1,1,1,1,2,0,1,2,2
41,-3447.672,2577.013,40.594,81.203,0.153808,-0.987540,0.033276,0.987790,0.152829,-0.030222,0.024760,0.037518,0.998989,0,-0.45144,0.50905,-27.086,1.018,-1,400.000,-1,400.000,-1,325.000,325.000,325.000,700.000,475.000,400.000,-1,-1,800.000,750.000,-1,-1,2,0,2,0,2,0,0,0,1,1,1,2,2,0,0,2,2
42,-3450.596,2554.919,40.679,82.461,0.132070,-0.990588,0.035966,0.990970,0.131100,-0.028139,0.023159,0.039357,0.998957,0,-0.37144,0.62905,-22.286,1.258,-1,400.000,-1,400.000,-1,325.000,325.000,325.000,650.000,450.000,500.000,-1,-1,800.000,750.000,-1,-1,2,0,2,0,2,0,0,0,1,1,1,2,2,0,0,2,2
43,-3452.438,2537.530,40.886,83.959,0.106103,-0.993602,0.038701,0.994119,0.105149,-0.025901,0.021666,0.041222,0.998915,0,-0.29144,0.74905,-17.486,1.498,-1,400.000,-1,375.000,-1,325.000,325.000,325.000,625.000,425.000,650.000,-1,-1,800.000,725.000,-1,-1,2,0,2,0,2,0,0,0,1,1,1,2,2,0,0,2,2
44,-3453.390,2524.879,41.015,85.697,0.075894,-0.996290,0.040567,0.996896,0.074961,-0.024064,0.020934,0.042267,0.998887,0,-0.21144,0.86905,-12.686,1.738,-1,400.000,-1,375.000,-1,325.000,325.000,325.000,675.000,425.000,950.000,-1,-1,800.000,725.000,-1,-1,2,0,2,0,2,0,0,0,1,1,1,2,2,0,0,2,2
45,-3453.739,2517.000,41.060,87.464,0.045123,-0.998118,0.041529,0.998763,0.044204,-0.022779,0.020900,0.042505,0.998878,0,-0.13144,0.88348,-7.886,1.767,-1,400.000,-1,375.000,-1,325.000,325.000,350.000,900.000,400.000,-1,-1,-1,800.000,725.000,-1,-1,2,0,2,0,2,0,0,0,1,1,2,2,2,0,0,2,2
46,-3453.780,2513.914,41.046,89.234,0.014271,-0.999027,0.041719,0.999667,0.013359,-0.022060,0.021482,0.042020,0.998886,0,-0.05144,0.88488,-3.086,1.770,-1,400.000,-1,375.000,-1,325.000,325.000,350.000,-1,400.000,-1,-1,-1,800.000,725.000,-1,-1,2,0,2,0,2,0,0,0,2,1,2,2,2,0,0,2,2
47,-3453.810,2515.627,41.011,91.005,-0.016605,-0.999009,0.041300,0.999607,-0.017520,-0.021878,0.022580,0.040921,0.998907,0,0.02856,0.88539,1.714,1.771,-1,400.000,-1,375.000,-1,325.000,325.000,350.000,-1,400.000,-1,-1,-1,800.000,725.000,-1,-1,2,0,2,0,2,0,0,0,2,1,2,2,2,0,0,2,2
48,-3454.124,2522.133,40.992,92.775,-0.047452,-0.998054,0.040446,0.998583,-0.048376,-0.022170,0.024083,0.039337,0.998936,0,0.10856,0.88512,6.514,1.770,-1,400.000,-1,375.000,-1,325.000,325.000,325.000,-1,400.000,-1,-1,-1,825.000,725.000,-1,-1,2,0,2,0,2,0,0,0,2,1,2,2,2,0,0,2,2
49,-3455.020,2533.411,41.033,94.543,-0.078220,-0.996160,0.039321,0.996600,-0.079157,-0.022848,0.025873,0.037400,0.998965,0,0.18856,0.88417,11.314,1.768,-1,400.000,-1,375.000,-1,325.000,325.000,325.000,-1,400.000,-1,-1,-1,825.000,725.000,-1,-1,2,0,2,0,2,0,0,0,2,1,2,2,2,0,0,2,2
50,-3456.789,2549.427,41.169,96.309,-0.108865,-0.993327,0.038067,0.993667,-0.109815,-0.023818,0.027840,0.035233,0.998991,0,0.26856,0.88264,16.114,1.765,-1,400.000,-1,375.000,-1,325.000,325.000,325.000,-1,400.000,-1,-1,-1,850.000,725.000,-1,-1,2,0,2,0,2,0,0,0,2,1,2,2,2,0,0,2,2
51,-3459.724,2570.133,41.436,98.070,-0.139342,-0.989561,0.036793,0.989793,-0.140304,-0.024985,0.029886,0.032936,0.999011,0,0.34856,0.88064,20.914,1.761,-1,400.000,-1,375.000,-1,325.000,325.000,325.000,-1,425.000,-1,-1,-1,850.000,750.000,-1,-1,2,0,2,0,2,0,0,0,2,1,2,2,2,0,0,2,2
52,-3464.112,2595.470,41.947,99.826,-0.169635,-0.984879,0.035181,0.985000,-0.170585,-0.026010,0.031618,0.030241,0.999042,0,0.42856,0.87826,25.714,1.757,-1,400.000,-1,400.000,-1,325.000,325.000,325.000,300.000,425.000,-1,-1,-1,850.000,750.000,-1,-1,2,0,2,0,2,0,0,0,0,1,2,2,2,0,0,2,2
53,-3470.234,2625.363,42.624,101.578,-0.199695,-0.979283,0.033559,0.979302,-0.200618,-0.026840,0.033017,0.027504,0.999076,0,0.50856,0.87560,30.514,1.751,-1,400.000,-1,400.000,-1,325.000,325.000,325.000,300.000,450.000,-1,-1,-1,875.000,775.000,-1,-1,2,0,2,0,2,0,0,0,0,1,2,2,2,0,0,2,2
54,-3478.371,2659.726,43.475,103.323,-0.229478,-0.972791,0.031886,0.972709,-0.230367,-0.027713,0.034304,0.024656,0.999107,0,0.58856,0.87262,35.314,1.745,-1,400.000,-1,400.000,-1,325.000,325.000,325.000,300.000,475.000,-1,-1,-1,875.000,775.000,-1,-1,2,0,2,0,2,0,0,0,0,1,2,2,2,0,0,2,2
55,-3488.790,2698.463,44.728,105.056,-0.258851,-0.965424,0.030856,0.965293,-0.259700,-0.027670,0.034726,0.022622,0.999141,0,0.66856,0.86671,40.114,1.733,-1,400.000,-1,400.000,-1,325.000,325.000,325.000,300.000,500.000,-1,-1,-1,875.000,800.000,-1,-1,2,0,2,0,2,0,0,0,0,1,2,2,2,0,0,2,2
56,-3501.754,2741.465,46.205,106.777,-0.287795,-0.957230,0.029748,0.957071,-0.288588,-0.027058,0.034486,0.020684,0.999191,0,0.74856,0.86046,44.914,1.721,-1,425.000,-1,400.000,-1,325.000,325.000,325.000,300.000,525.000,-1,-1,-1,875.000,800.000,-1,-1,2,0,2,0,2,0,0,0,0,1,2,2,2,0,0,2,2
57,-3516.679,2786.112,47.736,108.485,-0.316274,-0.948243,0.028395,0.948057,-0.317003,-0.026402,0.034037,0.018570,0.999248,0,0.78459,0.85397,47.075,1.708,-1,425.000,-1,400.000,-1,325.000,325.000,300.000,300.000,550.000,-1,-1,-1,875.000,800.000,-1,-1,2,0,2,0,2,0,0,0,0,1,2,2,2,0,0,2,2
58,-3532.814,2830.014,49.261,110.180,-0.344268,-0.938484,0.026976,0.938274,-0.344932,-0.025786,0.033504,0.016434,0.999303,0,0.77956,0.84770,46.773,1.695,-1,425.000,-1,400.000,-1,325.000,325.000,300.000,300.000,600.000,-1,-1,-1,875.000,800.000,-1,-1,2,0,2,0,2,0,0,0,0,1,2,2,2,0,0,2,2
59,-3550.131,2873.170,50.777,111.864,-0.371774,-0.927973,0.025495,0.927740,-0.372374,-0.025214,0.032892,0.014279,0.999357,0,0.77503,0.84199,46.502,1.684,-1,425.000,-1,400.000,-1,325.000,325.000,300.000,300.000,625.000,-1,-1,-1,900.000,800.000,-1,-1,2,0,2,0,2,0,0,0,0,1,2,2,2,0,0,2,2
60,-3568.608,2915.587,52.281,113.538,-0.398793,-0.916728,0.023953,0.916475,-0.399329,-0.024692,0.032201,0.012106,0.999408,0,0.77111,0.83681,46.266,1.674,-1,425.000,-1,400.000,-1,325.000,325.000,300.000,300.000,650.000,-1,-1,-1,900.000,825.000,-1,-1,2,0,2,0,2,0,0,0,0,1,2,2,2,0,0,2,2
61,-3588.225,2957.274,53.774,115.202,-0.425324,-0.904765,0.022353,0.904495,-0.425795,-0.024223,0.031434,0.009916,0.999457,0,0.76787,0.83214,46.072,1.664,-1,425.000,-1,400.000,-1,325.000,325.000,300.000,300.000,675.000,-1,-1,-1,925.000,825.000,-1,-1,2,0,2,0,2,0,0,0,0,1,2,2,2,0,0,2,2
62,-3608.972,2998.243,55.253,116.858,-0.451363,-0.892100,0.020698,0.891816,-0.451771,-0.023812,0.030594,0.007711,0.999502,0,0.76537,0.82796,45.922,1.656,-1,425.000,-1,400.000,-1,325.000,325.000,300.000,300.000,725.000,-1,-1,-1,925.000,825.000,-1,-1,2,0,2,0,2,0,0,0,0,1,2,2,2,0,0,2,2
63,-3630.840,3038.507,56.716,118.507,-0.476908,-0.878748,0.018990,0.878452,-0.477255,-0.023465,0.029683,0.005491,0.999544,0,0.76366,0.82423,45.820,1.648,-1,425.000,-1,400.000,-1,325.000,325.000,300.000,300.000,750.000,-1,-1,-1,925.000,825.000,-1,-1,2,0,2,0,2,0,0,0,0,1,2,2,2,0,0,2,2
64,-3653.825,3078.081,58.165,120.149,-0.501957,-0.864721,0.017231,0.864416,-0.502242,-0.023185,0.028703,0.003257,0.999583,0,0.76275,0.82094,45.765,1.642,-1,425.000,-1,400.000,-1,325.000,325.000,300.000,300.000,775.000,-1,-1,-1,925.000,850.000,-1,-1,2,0,2,0,2,0,0,0,0,1,2,2,2,0,0,2,2
65,-3677.927,3116.978,59.341,121.785,-0.526490,-0.850032,0.015955,0.849749,-0.526728,-0.022027,0.027128,0.001960,0.999630,0,0.76264,0.81805,45.759,1.636,-1,425.000,-1,400.000,-1,325.000,325.000,300.000,300.000,825.000,-1,-1,-1,925.000,825.000,-1,-1,2,0,2,0,2,0,0,0,0,1,2,2,2,0,0,2,2
66,-3703.149,3155.207,60.424,123.416,-0.550511,-0.834696,0.014853,0.834436,-0.550710,-0.020829,0.025566,0.000927,0.999673,0,0.76333,0.81554,45.800,1.631,-1,425.000,-1,400.000,-1,325.000,325.000,300.000,300.000,850.000,-1,-1,-1,925.000,825.000,-1,-1,2,0,2,0,2,0,0,0,0,1,2,2,2,0,0,2,2
67,-3729.497,3192.776,61.476,125.043,-0.574022,-0.818726,0.013682,0.818490,-0.574185,-0.019633,0.023930,-0.000071,0.999714,0,0.76480,0.81338,45.888,1.627,-1,425.000,-1,400.000,-1,325.000,325.000,300.000,300.000,900.000,-1,-1,-1,925.000,825.000,-1,-1,2,0,2,0,2,0,0,0,0,1,2,2,2,0,0,2,2
68,-3756.979,3229.691,62.414,126.666,-0.597013,-0.802133,0.012543,0.801930,-0.597144,-0.018064,0.021979,-0.000726,0.999758,0,0.76702,0.81156,46.021,1.623,-1,425.000,-1,400.000,-1,325.000,325.000,300.000,300.000,950.000,-1,-1,-1,925.000,825.000,-1,-1,2,0,2,0,2,0,0,0,0,1,2,2,2,0,0,2,2
69,-3785.602,3265.953,63.317,128.286,-0.619482,-0.784930,0.011315,0.784757,-0.619583,-0.016494,0.019957,-0.001338,0.999800,0,0.76996,0.81005,46.197,1.620,-1,425.000,-1,400.000,-1,325.000,325.000,300.000,300.000,1000.000,-1,-1,-1,925.000,800.000,-1,-1,2,0,2,0,2,0,0,0,0,1,2,2,2,0,0,2,2
70,-3815.376,3301.559,64.209,129.903,-0.641420,-0.767125,0.009976,0.766980,-0.641494,-0.015047,0.017942,-0.002000,0.999837,0,0.77357,0.80883,46.414,1.618,-1,425.000,-1,400.000,-1,325.000,325.000,300.000,300.000,-1,-1,-1,-1,925.000,800.000,-1,-1,2,0,2,0,2,0,0,0,0,2,2,2,2,0,0,2,2
71,-3847.358,3337.686,65.107,131.516,-0.662782,-0.748765,0.008428,0.748645,-0.662830,-0.013694,0.015840,-0.002766,0.999871,0,0.80416,0.80640,48.250,1.613,-1,425.000,-1,400.000,-1,325.000,325.000,300.000,300.000,-1,-1,-1,-1,925.000,800.000,-1,-1,2,0,2,0,2,0,0,0,0,2,2,2,2,0,0,2,2
72,-3879.804,3372.034,65.705,133.369,-0.686681,-0.726938,0.005480,0.726843,-0.686687,-0.012654,0.012961,-0.004706,0.999905,0,0.78750,0.92640,47.250,1.853,-1,425.000,-1,400.000,-1,325.000,325.000,300.000,300.000,-1,-1,-1,-1,925.000,800.000,-1,-1,2,0,2,0,2,0,0,0,0,2,2,2,2,0,0,2,2
73,-3913.482,3405.281,66.205,135.369,-0.711660,-0.702520,0.002406,0.702448,-0.711629,-0.012275,0.010335,-0.007046,0.999922,0,0.78874,1.00000,47.324,2.000,-1,425.000,-1,400.000,-1,325.000,325.000,300.000,300.000,-1,-1,-1,-1,900.000,800.000,-1,-1,2,0,2,0,2,0,0,0,0,2,2,2,2,0,0,2,2
74,-3948.383,3437.409,66.685,137.369,-0.735758,-0.677244,-0.000698,0.677200,-0.735698,-0.012169,0.007727,-0.009426,0.999926,0,0.79061,1.00000,47.436,2.000,-1,425.000,-1,400.000,-1,325.000,325.000,300.000,300.000,-1,-1,-1,-1,900.000,800.000,-1,-1,2,0,2,0,2,0,0,0,0,2,2,2,2,0,0,2,2
75,-3984.498,3468.396,67.145,139.369,-0.758949,-0.651139,-0.003810,0.651130,-0.758866,-0.012337,0.005142,-0.011844,0.999917,0,0.79312,1.00000,47.587,2.000,-1,425.000,-1,400.000,-1,325.000,325.000,300.000,300.000,-1,-1,-1,-1,900.000,800.000,-1,-1,2,0,2,0,2,0,0,0,0,2,2,2,2,0,0,2,2
76,-4021.820,3498.223,67.508,141.369,-0.781205,-0.624241,-0.006567,0.624269,-0.781106,-0.012702,0.002799,-0.014022,0.999898,0,0.79626,1.00000,47.776,2.000,-1,425.000,-1,400.000,-1,325.000,325.000,300.000,300.000,-1,-1,-1,-1,900.000,800.000,-1,-1,2,0,2,0,2,0,0,0,0,2,2,2,2,0,0,2,2
77,-4060.340,3526.862,67.668,143.369,-0.802504,-0.596586,-0.008476,0.596646,-0.802398,-0.013100,0.001014,-0.015570,0.999878,0,0.80002,1.00000,48.001,2.000,-1,425.000,-1,400.000,-1,325.000,325.000,300.000,325.000,-1,-1,-1,-1,925.000,800.000,-1,-1,2,0,2,0,2,0,0,0,0,2,2,2,2,0,0,2,2
78,-4100.051,3554.288,67.791,145.369,-0.822822,-0.568206,-0.010295,0.568298,-0.822709,-0.013671,-0.000702,-0.017100,0.999854,0,0.80435,1.00000,48.261,2.000,-1,425.000,-1,400.000,-1,325.000,325.000,300.000,325.000,-1,-1,-1,-1,925.000,800.000,-1,-1,2,0,2,0,2,0,0,0,0,2,2,2,2,0,0,2,2
79,-4140.941,3580.470,67.706,147.369,-0.842131,-0.539139,-0.011998,0.539265,-0.842025,-0.013670,-0.002733,-0.017982,0.999835,0,0.80923,1.00000,48.554,2.000,-1,425.000,-1,400.000,-1,325.000,325.000,300.000,325.000,-1,-1,-1,-1,925.000,800.000,-1,-1,2,0,2,0,2,0,0,0,0,2,2,2,2,0,0,2,2
80,-4182.999,3605.373,67.217,149.369,-0.860408,-0.509429,-0.013463,0.509579,-0.860335,-0.012343,-0.005294,-0.017481,0.999833,0,0.81463,1.00000,48.878,2.000,-1,425.000,-1,400.000,-1,325.000,325.000,300.000,300.000,-1,-1,-1,-1,925.000,800.000,-1,-1,2,0,2,0,2,0,0,0,0,2,2,2,2,0,1,2,2
81,-4226.209,3628.962,66.710,151.369,-0.877632,-0.479097,-0.015085,0.479269,-0.877597,-0.011170,-0.007887,-0.017033,0.999824,0,0.82049,1.00000,49.230,2.000,-1,400.000,-1,400.000,-1,325.000,325.000,300.000,300.000,-1,-1,-1,-1,925.000,775.000,-1,-1,2,0,2,0,2,0,0,0,0,2,2,2,2,0,1,2,2
82,-4274.493,3653.174,66.144,153.369,-0.893781,-0.448180,-0.017031,0.448376,-0.893788,-0.010071,-0.010708,-0.016638,0.999804,0,0.90024,1.00000,54.015,2.000,-1,425.000,-1,400.000,-1,325.000,325.000,300.000,300.000,-1,-1,-1,-1,925.000,750.000,-1,-1,2,0,2,0,2,0,0,0,0,2,2,2,2,0,1,2,2
83,-4324.036,3675.889,65.555,155.369,-0.908835,-0.416717,-0.019124,0.416935,-0.908890,-0.009168,-0.013561,-0.016306,0.999775,0,0.90836,1.00000,54.502,2.000,-1,425.000,-1,400.000,-1,325.000,325.000,300.000,300.000,-1,-1,-1,-1,925.000,725.000,-1,975.000,2,0,2,0,2,0,0,0,0,2,2,2,2,0,1,2,1
84,-4374.766,3697.038,64.944,157.369,-0.922776,-0.384745,-0.021348,0.384986,-0.922884,-0.008468,-0.016444,-0.016032,0.999736,0,0.91604,1.00000,54.962,2.000,-1,425.000,-1,400.000,950.000,325.000,325.000,300.000,300.000,-1,-1,-1,-1,925.000,725.000,-1,925.000,2,0,2,0,1,0,0,0,0,2,2,2,2,0,1,2,1
85,-4426.606,3716.555,64.311,159.369,-0.935586,-0.352304,-0.023683,0.352568,-0.935752,-0.007976,-0.019351,-0.015812,0.999688,0,0.92319,1.00000,55.392,2.000,-1,425.000,-1,400.000,875.000,325.000,325.000,300.000,300.000,-1,-1,-1,-1,925.000,700.000,-1,875.000,2,0,2,0,1,0,0,0,0,2,2,2,2,0,1,2,1
86,-4479.059,3734.484,63.666,161.129,-0.945903,-0.323398,-0.026102,0.323688,-0.946133,-0.007660,-0.022219,-0.015695,0.999630,0,0.92388,0.88000,55.433,1.760,-1,425.000,-1,400.000,800.000,325.000,325.000,300.000,300.000,-1,-1,-1,-1,925.000,700.000,-1,825.000,2,0,2,0,1,0,0,0,0,2,2,2,2,0,1,2,1
87,-4532.308,3751.121,62.633,162.649,-0.954097,-0.298180,-0.028053,0.298533,-0.954355,-0.009259,-0.024012,-0.017209,0.999564,0,0.92979,0.76000,55.788,1.520,-1,425.000,-1,400.000,725.000,325.000,325.000,300.000,300.000,-1,-1,-1,-1,925.000,700.000,-1,800.000,2,0,2,0,1,0,0,0,0,2,2,2,2,0,1,2,1
88,-4586.227,3766.653,61.235,163.929,-0.960422,-0.276771,-0.031413,0.277251,-0.960722,-0.012046,-0.026845,-0.020278,0.999434,0,0.93519,0.64000,56.111,1.280,-1,425.000,-1,400.000,700.000,325.000,325.000,300.000,300.000,-1,-1,-1,-1,925.000,700.000,-1,775.000,2,0,2,0,1,0,0,0,0,2,2,2,2,0,1,2,1
89,-4640.705,3781.280,59.777,164.969,-0.965186,-0.259270,-0.034569,0.259895,-0.965522,-0.014918,-0.029510,-0.023383,0.999291,0,0.94013,0.52000,56.408,1.040,-1,425.000,-1,400.000,650.000,325.000,325.000,300.000,300.000,-1,-1,-1,-1,900.000,700.000,-1,750.000,2,0,2,0,1,0,0,0,0,2,2,2,2,0,1,2,1
90,-4695.648,3795.214,57.642,165.769,-0.968641,-0.245760,-0.036551,0.246447,-0.969031,-0.015589,-0.031588,-0.024108,0.999210,0,0.94470,0.40000,56.682,0.800,-1,425.000,-1,400.000,600.000,325.000,325.000,275.000,300.000,-1,-1,-1,-1,900.000,700.000,-1,725.000,2,0,2,0,1,0,0,0,0,2,2,2,2,0,1,2,1
91,-4750.975,3808.672,55.277,166.329,-0.970903,-0.236277,-0.038984,0.237010,-0.971386,-0.015334,-0.034245,-0.024127,0.999122,0,0.94900,0.28000,56.940,0.560,-1,425.000,-1,400.000,550.000,325.000,325.000,275.000,300.000,-1,-1,-1,-1,875.000,675.000,-1,675.000,2,0,2,0,1,0,0,0,0,2,2,2,2,0,1,2,1
92,-4806.514,3821.852,52.915,166.649,-0.972107,-0.230847,-0.041440,0.231631,-0.972686,-0.015162,-0.036808,-0.024338,0.999026,0,0.95135,0.16000,57.081,0.320,-1,425.000,-1,400.000,525.000,325.000,325.000,275.000,300.000,-1,-1,-1,-1,875.000,675.000,-1,625.000,2,0,2,0,1,0,0,0,0,2,2,2,2,0,1,2,1
93,-4862.184,3834.982,50.562,166.729,-0.972321,-0.229486,-0.043905,0.230325,-0.972997,-0.015043,-0.039267,-0.024739,0.998922,0,0.95328,0.04000,57.197,0.080,-1,425.000,-1,400.000,475.000,325.000,325.000,300.000,300.000,-1,-1,-1,-1,850.000,650.000,-1,600.000,2,0,2,0,1,0,0,0,0,2,2,2,2,0,1,2,1
94,-4917.933,3848.214,48.219,166.648,-0.971881,-0.230862,-0.046366,0.231760,-0.972658,-0.014948,-0.041648,-0.025273,0.998813,0,0.95496,-0.04061,57.297,-0.081,-1,400.000,-1,400.000,425.000,325.000,325.000,300.000,300.000,-1,-1,-1,-1,850.000,625.000,-1,550.000,2,0,2,0,1,0,0,0,0,2,2,2,2,0,1,2,1
95,-4973.737,3861.558,45.884,166.551,-0.971370,-0.232504,-0.048817,0.233462,-0.972252,-0.014870,-0.044005,-0.025841,0.998697,0,0.95630,-0.04845,57.378,-0.097,-1,400.000,-1,400.000,400.000,325.000,325.000,300.000,300.000,-1,-1,-1,-1,825.000,600.000,-1,500.000,2,0,2,0,1,0,0,0,0,2,2,2,2,0,1,2,1
96,-5029.560,3875.024,43.558,166.437,-0.970782,-0.234425,-0.051256,0.235446,-0.971775,-0.014809,-0.046338,-0.026445,0.998576,0,0.95705,-0.05672,57.423,-0.113,-1,400.000,-1,400.000,375.000,325.000,325.000,300.000,275.000,-1,-1,-1,-1,825.000,575.000,-1,475.000,2,0,2,0,1,0,0,0,1,2,2,2,2,0,1,2,1
97,-5085.358,3888.619,41.242,166.307,-0.970114,-0.236640,-0.053679,0.237726,-0.971220,-0.014763,-0.048641,-0.027082,0.998449,0,0.95717,-0.06543,57.430,-0.131,-1,400.000,-1,400.000,325.000,325.000,325.000,300.000,275.000,-1,-1,-1,-1,800.000,575.000,-1,425.000,2,0,2,0,1,0,0,0,1,2,2,2,2,0,1,2,1
98,-5141.088,3902.351,38.940,166.157,-0.969358,-0.239163,-0.056085,0.240317,-0.970583,-0.014729,-0.050913,-0.027756,0.998317,0,0.95660,-0.07459,57.396,-0.149,-1,400.000,-1,400.000,300.000,325.000,325.000,300.000,275.000,-1,-1,-1,-1,800.000,550.000,-1,400.000,2,0,2,0,1,0,0,0,1,2,2,2,2,0,1,2,1
99,-5196.700,3916.227,36.411,165.989,-0.968543,-0.242003,-0.057957,0.243272,-0.969829,-0.015848,-0.052373,-0.029448,0.998193,0,0.95529,-0.08419,57.317,-0.168,-1,400.000,-1,375.000,275.000,325.000,325.000,300.000,250.000,-1,-1,-1,-1,775.000,525.000,-1,350.000,2,0,2,1,1,0,0,0,1,2,2,2,2,0,1,2,1
100,-5252.144,3930.255,33.680,165.801,-0.967645,-0.245172,-0.059615,0.246608,-0.968949,-0.017944,-0.053365,-0.032065,0.998060,0,0.95318,-0.09423,57.191,-0.188,-1,400.000,-1,375.000,250.000,325.000,325.000,300.000,250.000,-1,-1,-1,-1,775.000,500.000,-1,325.000,2,0,2,1,1,0,0,0,1,2,2,2,2,0,1,2,1
101,-5307.365,3944.441,30.844,165.591,-0.966675,-0.248693,-0.060749,0.250260,-0.967980,-0.019593,-0.053932,-0.034143,0.997961,0,0.95024,-0.10468,57.014,-0.209,-1,400.000,-1,350.000,225.000,325.000,325.000,300.000,225.000,-1,-1,-1,-1,775.000,475.000,-1,300.000,2,0,2,1,1,0,0,0,1,2,2,2,2,0,1,2,1
102,-5362.308,3958.790,29.236,165.360,-0.965853,-0.252535,-0.057919,0.254365,-0.966742,-0.026632,-0.049267,-0.040455,0.997966,0,0.94643,-0.11552,56.786,-0.231,-1,400.000,-1,350.000,200.000,325.000,325.000,300.000,225.000,-1,-1,-1,-1,775.000,475.000,-1,275.000,2,0,2,1,1,0,0,0,1,2,2,2,2,0,1,2,1
103,-5416.915,3973.308,27.896,165.107,-0.964932,-0.256728,-0.054743,0.258791,-0.965315,-0.034567,-0.043970,-0.047522,0.997902,0,0.94175,-0.12669,56.505,-0.253,-1,425.000,-1,350.000,200.000,350.000,350.000,300.000,225.000,-1,-1,-1,-1,800.000,475.000,-1,275.000,2,0,2,1,1,0,0,0,1,2,2,2,2,0,1,2,1
104,-5471.131,3988.003,26.721,164.831,-0.963894,-0.261278,-0.051393,0.263519,-0.963693,-0.043058,-0.038277,-0.055046,0.997750,0,0.93621,-0.13813,56.172,-0.276,-1,425.000,-1,350.000,200.000,350.000,350.000,300.000,225.000,-1,-1,-1,-1,825.000,475.000,-1,250.000,2,0,2,1,1,0,0,0,1,2,2,2,2,0,1,2,1
105,-5524.901,4002.877,25.718,164.531,-0.962731,-0.266187,-0.047883,0.268537,-0.961858,-0.052116,-0.032184,-0.063032,0.997492,0,0.92983,-0.14977,55.790,-0.300,-1,450.000,-1,350.000,200.000,350.000,375.000,300.000,200.000,-1,-1,-1,-1,850.000,450.000,-1,250.000,2,0,2,1,1,0,0,0,1,2,2,2,2,0,1,2,1
106,-5578.175,4017.929,24.885,164.216,-0.961474,-0.271314,-0.044235,0.273691,-0.959834,-0.061732,-0.025710,-0.071461,0.997112,0,0.92266,-0.15743,55.360,-0.315,-1,450.000,-1,350.000,175.000,375.000,375.000,275.000,200.000,-1,275.000,-1,-1,900.000,450.000,-1,250.000,2,0,2,1,1,0,1,0,1,2,0,2,2,0,1,2,1
107,-5630.909,4033.146,24.219,163.896,-0.960165,-0.276487,-0.040468,0.278794,-0.957657,-0.071881,-0.018880,-0.080299,0.996592,0,0.91478,-0.16009,54.887,-0.320,-1,475.000,-1,325.000,175.000,375.000,375.000,275.000,200.000,925.000,200.000,375.000,-1,925.000,475.000,-1,225.000,2,0,2,1,1,0,1,0,1,0,0,0,2,0,1,2,1
108,-5683.067,4048.516,23.720,163.571,-0.958809,-0.281684,-0.036596,0.283810,-0.955320,-0.082555,-0.011707,-0.089541,0.995914,0,0.90625,-0.16227,54.375,-0.325,-1,475.000,-1,325.000,175.000,400.000,375.000,275.000,200.000,800.000,175.000,325.000,-1,950.000,500.000,-1,225.000,2,0,2,1,1,0,1,0,1,0,0,0,2,0,1,2,1
109,-5734.617,4064.027,23.386,163.243,-0.957409,-0.286884,-0.032637,0.288704,-0.952818,-0.093748,-0.004203,-0.099177,0.995061,0,0.89721,-0.16397,53.833,-0.328,-1,500.000,-1,325.000,175.000,425.000,375.000,275.000,200.000,700.000,125.000,300.000,-1,1000.000,575.000,-1,225.000,2,0,2,1,1,0,1,0,1,0,0,0,2,0,1,2,1
110,-5785.538,4079.668,23.215,162.913,-0.955971,-0.292064,-0.028605,0.293439,-0.950144,-0.105449,0.003619,-0.109200,0.994013,0,0.88780,-0.16517,53.268,-0.330,-1,500.000,-1,350.000,150.000,425.000,375.000,275.000,200.000,625.000,100.000,275.000,-1,-1,-1,-1,200.000,2,0,2,1,1,0,1,0,1,0,0,0,2,2,2,2,1
111,-5835.817,4095.429,23.177,162.581,-0.954502,-0.297198,-0.024460,0.297968,-0.947281,-0.117787,0.011836,-0.119716,0.992738,0,0.87819,-0.16589,52.692,-0.332,-1,525.000,-1,375.000,150.000,450.000,375.000,250.000,200.000,525.000,75.000,250.000,-1,-1,-1,-1,200.000,2,0,2,1,1,0,1,0,1,0,0,0,2,2,2,2,1
112,-5885.453,4111.305,23.405,162.249,-0.953013,-0.302286,-0.019737,0.302218,-0.944289,-0.130316,0.020755,-0.130158,0.991276,0,0.86854,-0.16613,52.112,-0.332,-1,550.000,-1,400.000,150.000,475.000,400.000,250.000,175.000,475.000,50.000,225.000,-1,-1,-1,-1,200.000,2,0,2,1,1,1,1,0,1,0,0,0,2,2,2,2,1
113,-5934.454,4127.289,23.805,161.917,-0.951498,-0.307293,-0.014935,0.306193,-0.941126,-0.143278,0.029973,-0.140902,0.989570,0,0.85900,-0.16591,51.540,-0.332,-1,575.000,-1,450.000,150.000,475.000,425.000,250.000,175.000,425.000,50.000,200.000,-1,-1,-1,-1,-1,2,0,2,1,1,1,1,0,1,0,0,0,2,2,2,2,2
114,-5987.953,4144.957,25.741,161.696,-0.950574,-0.310138,-0.014913,0.308409,-0.937531,-0.160993,0.035949,-0.157636,0.986843,0,0.93900,-0.11083,56.340,-0.222,-1,575.000,-1,575.000,150.000,500.000,475.000,250.000,175.000,375.000,75.000,250.000,-1,-1,-1,-1,-1,2,0,2,1,1,1,1,0,1,0,0,0,2,2,2,2,2
115,3607.612,4263.574,314.247,55.106,0.573332,-0.819292,0.007143,0.817466,0.571424,-0.072286,0.055142,0.047283,0.997358,1,0.00000,0.00000,58.525,-0.248,-1,425.000,-1,400.000,675.000,325.000,325.000,325.000,300.000,-1,650.000,800.000,-1,-1,825.000,-1,-1,2,0,2,0,1,0,0,0,0,2,0,0,2,2,0,2,2
116,3610.342,4267.522,314.505,55.346,0.569887,-0.821692,0.007155,0.819870,0.567996,-0.072073,0.055158,0.046939,0.997374,0,0.08000,0.12000,4.800,0.240,-1,425.000,-1,400.000,700.000,325.000,325.000,325.000,300.000,-1,675.000,825.000,-1,-1,850.000,-1,-1,2,0,2,0,1,0,0,0,0,2,0,0,2,2,0,2,2
117,3615.735,4275.464,315.027,55.826,0.562968,-0.826448,0.007177,0.824635,0.561110,-0.071646,0.055184,0.046253,0.997404,0,0.16000,0.24000,9.600,0.480,-1,425.000,-1,400.000,-1,325.000,325.000,325.000,300.000,-1,725.000,875.000,-1,-1,850.000,-1,-1,2,0,2,0,2,0,0,0,0,2,0,0,2,2,0,2,2
118,3623.673,4287.478,315.818,56.546,0.552514,-0.833473,0.007208,0.831674,0.550707,-0.071002,0.055209,0.045224,0.997450,0,0.24000,0.36000,14.400,0.720,-1,425.000,-1,400.000,-1,325.000,325.000,325.000,300.000,-1,775.000,950.000,-1,-1,850.000,-1,-1,2,0,2,0,2,0,0,0,0,2,0,0,2,2,0,2,2
119,3633.989,4303.672,316.888,57.506,0.538438,-0.842634,0.007242,0.840854,0.536698,-0.070139,0.055214,0.043855,0.997511,0,0.32000,0.48000,19.200,0.960,-1,425.000,-1,400.000,-1,325.000,325.000,325.000,300.000,-1,850.000,-1,975.000,-1,875.000,-1,-1,2,0,2,0,2,0,0,0,0,2,0,2,1,2,0,2,2
120,3646.495,4324.155,318.251,58.594,0.522289,-0.852737,0.007272,0.850986,0.520627,-0.069071,0.055114,0.042264,0.997585,0,0.40000,0.54432,24.000,1.089,-1,425.000,-1,400.000,-1,325.000,325.000,325.000,300.000,-1,975.000,-1,950.000,-1,900.000,-1,-1,2,0,2,0,2,0,0,0,0,2,0,2,1,2,0,2,2
121,3661.047,4349.008,319.924,59.652,0.506415,-0.862259,0.007302,0.860547,0.504835,-0.067828,0.054799,0.040633,0.997670,0,0.48000,0.52875,28.800,1.058,-1,450.000,-1,400.000,-1,325.000,325.000,325.000,300.000,-1,-1,-1,925.000,-1,900.000,-1,-1,2,0,2,0,2,0,0,0,0,2,2,2,1,2,0,2,2
122,3677.504,4378.301,321.914,60.674,0.490894,-0.871188,0.007350,0.869528,0.489398,-0.066411,0.054259,0.038992,0.997765,0,0.56000,0.51128,33.600,1.023,-1,450.000,-1,400.000,-1,325.000,325.000,325.000,300.000,-1,-1,-1,925.000,-1,925.000,-1,-1,2,0,2,0,2,0,0,0,0,2,2,2,1,2,0,2,2
123,3695.735,4412.097,324.227,61.658,0.475808,-0.879518,0.007424,0.877923,0.474398,-0.064795,0.053466,0.037348,0.997871,0,0.64000,0.49191,38.400,0.984,-1,450.000,-1,400.000,-1,350.000,325.000,325.000,300.000,-1,-1,-1,925.000,-1,950.000,-1,-1,2,0,2,0,2,0,0,0,0,2,2,2,1,2,0,2,2
124,3715.617,4450.450,326.661,62.600,0.461199,-0.887273,0.006502,0.885710,0.459924,-0.063144,0.053036,0.034881,0.997983,0,0.72000,0.47070,43.200,0.941,-1,475.000,-1,400.000,-1,350.000,325.000,325.000,300.000,-1,-1,-1,925.000,-1,975.000,-1,-1,2,0,2,0,2,0,0,0,0,2,2,2,1,2,0,2,2
125,3736.217,4491.786,329.252,63.512,0.446906,-0.894565,0.005302,0.893032,0.445776,-0.061457,0.052613,0.032200,0.998096,0,0.76975,0.45624,46.185,0.912,-1,475.000,-1,400.000,-1,350.000,325.000,325.000,300.000,-1,-1,-1,950.000,-1,1000.000,-1,-1,2,0,2,0,2,0,0,0,0,2,2,2,1,2,0,2,2
126,3755.806,4532.692,331.381,64.413,0.432589,-0.901586,0.003111,0.900164,0.431707,-0.057731,0.050706,0.027774,0.998327,0,0.75591,0.45064,45.355,0.901,-1,475.000,-1,425.000,-1,350.000,350.000,300.000,300.000,-1,-1,-1,975.000,-1,-1,-1,-1,2,0,2,0,2,0,0,0,0,2,2,2,1,2,2,2,2
127,3774.390,4573.099,333.185,65.306,0.418263,-0.908326,0.000161,0.907069,0.417674,-0.052666,0.047771,0.022174,0.998612,0,0.74127,0.44611,44.476,0.892,-1,475.000,-1,425.000,-1,350.000,350.000,300.000,300.000,-1,-1,-1,-1,-1,-1,-1,-1,2,0,2,0,2,0,0,0,1,2,2,2,2,2,2,2,2
128,3791.977,4612.953,334.977,66.191,0.403969,-0.914768,-0.002839,0.913672,0.403634,-0.047775,0.044849,0.016705,0.998854,0,0.72605,0.44263,43.563,0.885,-1,475.000,-1,425.000,-1,350.000,350.000,300.000,300.000,-1,-1,-1,-1,-1,-1,-1,-1,2,0,2,0,2,0,0,0,1,2,2,2,2,2,2,2,2
129,3808.585,4652.211,336.754,67.071,0.389682,-0.920931,-0.005883,0.919994,0.389561,-0.043059,0.041946,0.011367,0.999055,0,0.71045,0.44017,42.627,0.880,-1,475.000,-1,425.000,-1,375.000,350.000,275.000,300.000,-1,-1,-1,-1,-1,-1,-1,-1,2,0,2,0,2,0,0,0,1,2,2,2,2,2,2,2,2
130,3824.235,4690.843,338.164,67.949,0.375412,-0.926822,-0.008156,0.925990,0.375427,-0.039960,0.040098,0.007449,0.999168,0,0.69470,0.43870,41.682,0.877,-1,475.000,-1,450.000,-1,375.000,350.000,275.000,300.000,-1,-1,-1,-1,-1,-1,-1,-1,2,0,2,0,2,0,0,0,1,2,2,2,2,2,2,2,2
131,3838.951,4728.832,339.089,68.825,0.361157,-0.932468,-0.008318,0.931773,0.361213,-0.036388,0.036935,0.005391,0.999303,0,0.67899,0.43816,40.739,0.876,-1,475.000,-1,450.000,-1,375.000,350.000,275.000,275.000,-1,-1,-1,-1,-1,-1,-1,-1,2,0,2,0,2,0,0,0,1,2,2,2,2,2,2,2,2
132,3852.761,4766.169,339.645,69.702,0.346864,-0.937890,-0.006894,0.937345,0.346899,-0.032340,0.032723,0.004756,0.999453,0,0.66350,0.43850,39.810,0.877,-1,475.000,-1,450.000,-1,350.000,350.000,275.000,275.000,-1,-1,-1,-1,-1,-1,-1,-1,2,0,2,0,2,0,0,0,1,2,2,2,2,2,2,2,2
133,3865.695,4802.859,340.204,70.581,0.332445,-0.943106,-0.005590,0.942690,0.332466,-0.028326,0.028572,0.004147,0.999583,0,0.64840,0.43966,38.904,0.879,-1,450.000,-1,425.000,-1,350.000,350.000,275.000,275.000,-1,-1,-1,-1,-1,-1,-1,-1,2,0,2,0,2,0,0,0,1,2,2,2,2,2,2,2,2
134,3877.784,4838.915,340.764,71.465,0.317880,-0.948121,-0.004406,0.947815,0.317890,-0.024345,0.024482,0.003563,0.999694,0,0.63381,0.44160,38.029,0.883,-1,450.000,-1,425.000,-1,350.000,350.000,275.000,275.000,-1,-1,-1,-1,-1,1000.000,-1,-1,2,0,2,0,2,0,0,0,1,2,2,2,2,2,0,2,2
135,3889.059,4874.356,341.325,72.353,0.303146,-0.952938,-0.003341,0.952725,0.303150,-0.020397,0.020450,0.003000,0.999786,0,0.61985,0.44426,37.191,0.889,-1,450.000,-1,425.000,-1,350.000,350.000,300.000,275.000,-1,-1,-1,-1,-1,975.000,-1,-1,2,0,2,0,2,0,0,0,1,2,2,2,2,2,0,2,2
136,3899.550,4909.208,341.884,73.248,0.288226,-0.957559,-0.002396,0.957421,0.288226,-0.016481,0.016472,0.002456,0.999861,0,0.60661,0.44758,36.397,0.895,-1,450.000,-1,425.000,-1,350.000,350.000,300.000,275.000,-1,-1,-1,-1,-1,950.000,-1,-1,2,0,2,0,2,0,0,0,1,2,2,2,2,2,0,2,2
137,3910.972,4948.789,342.554,73.903,0.277262,-0.960793,-0.001411,0.960721,0.277258,-0.011991,0.011912,0.001969,0.999927,0,0.68661,0.32758,41.197,0.655,-1,450.000,-1,425.000,-1,350.000,325.000,300.000,275.000,-1,-1,-1,-1,-1,950.000,-1,-1,2,0,2,0,2,0,0,0,1,2,2,2,2,2,0,2,2
