timestep,x_cm,y_cm,z_cm,yaw_deg,basis_xx,basis_xy,basis_xz,basis_yx,basis_yy,basis_yz,basis_zx,basis_zy,basis_zz,teleport_flag,throttle_cmd,steering_cmd,cmd_move_cm,cmd_turn_deg,lidar_cm_0,lidar_cm_1,lidar_cm_2,lidar_cm_3,lidar_cm_4,lidar_cm_5,lidar_cm_6,lidar_cm_7,lidar_cm_8,lidar_cm_9,lidar_cm_10,lidar_cm_11,lidar_cm_12,lidar_cm_13,lidar_cm_14,lidar_cm_15,lidar_cm_16,lidar_class_0,lidar_class_1,lidar_class_2,lidar_class_3,lidar_class_4,lidar_class_5,lidar_class_6,lidar_class_7,lidar_class_8,lidar_class_9,lidar_class_10,lidar_class_11,lidar_class_12,lidar_class_13,lidar_class_14,lidar_class_15,lidar_class_16
0,-6891.824,-6229.786,607.583,160.775,-0.944332,-0.328960,-0.004751,0.328829,-0.943300,-0.045356,0.010439,-0.044393,0.998960,1,0.08000,-0.12000,4.800,-0.240,-1,425.000,-1,425.000,-1,325.000,325.000,325.000,300.000,600.000,-1,-1,-1,-1,975.000,-1,-1,2,0,2,0,2,0,0,0,0,1,2,2,2,2,0,2,2
1,-6900.862,-6226.549,607.735,160.295,-0.941541,-0.336857,-0.005313,0.336747,-0.940526,-0.044859,0.010114,-0.044025,0.998979,0,0.16000,-0.24000,9.600,-0.480,-1,425.000,-1,425.000,-1,325.000,325.000,325.000,300.000,600.000,-1,-1,-1,-1,975.000,-1,-1,2,0,2,0,2,0,0,0,0,1,2,2,2,2,0,2,2
2,-6914.357,-6221.523,607.973,159.575,-0.937230,-0.348658,-0.006131,0.348579,-0.936242,-0.044084,0.009630,-0.043454,0.999009,0,0.24000,-0.36000,14.400,-0.720,-1,425.000,-1,425.000,-1,325.000,325.000,325.000,300.000,600.000,-1,-1,-1,-1,975.000,-1,-1,2,0,2,0,2,0,0,0,0,1,2,2,2,2,0,2,2
3,-6932.235,-6214.522,608.309,158.615,-0.931251,-0.364307,-0.007171,0.364267,-0.930301,-0.042999,0.008994,-0.042655,0.999049,0,0.32000,-0.48000,19.200,-0.960,-1,425.000,-1,425.000,-1,325.000,325.000,325.000,300.000,625.000,-1,-1,-1,-1,975.000,-1,-1,2,0,2,0,2,0,0,0,0,1,2,2,2,2,0,2,2
4,-6954.394,-6205.304,608.758,157.415,-0.923408,-0.383728,-0.008388,0.383731,-0.922509,-0.041560,0.008210,-0.041596,0.999101,0,0.40000,-0.60000,24.000,-1.200,-1,425.000,-1,425.000,-1,325.000,325.000,325.000,300.000,650.000,-1,-1,-1,-1,950.000,-1,-1,2,0,2,0,2,0,0,0,0,1,2,2,2,2,0,2,2
5,-6980.713,-6193.608,609.333,156.041,-0.913931,-0.405754,-0.009734,0.405806,-0.913095,-0.039734,0.007234,-0.040264,0.999163,0,0.48000,-0.68681,28.800,-1.374,-1,425.000,-1,425.000,-1,325.000,325.000,325.000,300.000,700.000,-1,-1,-1,-1,950.000,-1,-1,2,0,2,0,2,0,0,0,0,1,2,2,2,2,0,2,2
6,-7011.082,-6179.231,610.029,154.667,-0.903919,-0.427557,-0.011187,0.427663,-0.903160,-0.037512,0.005935,-0.038692,0.999234,0,0.56000,-0.68697,33.600,-1.374,-1,425.000,-1,425.000,-1,325.000,325.000,325.000,300.000,750.000,-1,-1,-1,-1,925.000,-1,-1,2,0,2,0,2,0,0,0,0,1,2,2,2,2,0,2,2
7,-7045.384,-6161.971,610.857,153.291,-0.893367,-0.449148,-0.012689,0.449306,-0.892698,-0.034860,0.004330,-0.036844,0.999312,0,0.64000,-0.68781,38.400,-1.376,-1,425.000,-1,425.000,-1,350.000,325.000,350.000,300.000,800.000,-1,-1,-1,-1,925.000,-1,-1,2,0,2,0,2,0,0,0,0,1,2,2,2,2,0,2,2
8,-7083.497,-6141.631,611.255,151.912,-0.882290,-0.470500,-0.013918,0.470689,-0.881625,-0.034491,0.003957,-0.036982,0.999308,0,0.72000,-0.68955,43.200,-1.379,-1,450.000,-1,425.000,-1,350.000,350.000,350.000,300.000,900.000,-1,-1,-1,-1,925.000,-1,-1,2,0,2,0,2,0,0,0,0,1,2,2,2,2,0,2,2
9,-7124.845,-6118.265,611.349,150.527,-0.870639,-0.491641,-0.016631,0.491915,-0.869943,-0.034917,0.002699,-0.038581,0.999252,0,0.79157,-0.69245,47.494,-1.385,-1,450.000,-1,425.000,-1,350.000,350.000,325.000,300.000,1000.000,-1,-1,-1,-1,925.000,-1,-1,2,0,2,0,2,0,0,0,0,1,2,2,2,2,0,2,2
10,-7165.033,-6094.247,611.091,149.134,-0.858373,-0.512588,-0.021206,0.513026,-0.857625,-0.035813,0.000171,-0.041620,0.999133,0,0.78030,-0.69671,46.818,-1.393,-1,425.000,-1,425.000,-1,350.000,325.000,325.000,300.000,-1,-1,-1,-1,-1,900.000,-1,-1,2,0,2,0,2,0,0,0,0,2,2,2,2,2,0,2,2
11,-7204.094,-6069.584,610.875,147.730,-0.845484,-0.533381,-0.025721,0.533996,-0.844705,-0.036365,-0.002331,-0.044481,0.999008,0,0.76992,-0.70198,46.195,-1.404,-1,425.000,-1,425.000,-1,350.000,325.000,325.000,300.000,-1,-1,-1,-1,-1,900.000,-1,-1,2,0,2,0,2,0,0,0,0,2,2,2,2,2,0,2,2
12,-7242.065,-6044.277,610.727,146.314,-0.831953,-0.554032,-0.030034,0.554825,-0.831164,-0.036534,-0.004722,-0.047058,0.998881,0,0.76051,-0.70819,45.631,-1.416,-1,425.000,-1,400.000,-1,325.000,325.000,325.000,300.000,-1,-1,-1,-1,1000.000,875.000,-1,-1,2,0,2,0,2,0,0,0,0,2,2,2,2,0,0,2,2
13,-7278.982,-6018.316,610.645,144.883,-0.817760,-0.574546,-0.034129,0.575516,-0.816983,-0.036335,-0.007006,-0.049355,0.998757,0,0.75219,-0.71530,45.131,-1.431,-1,425.000,-1,400.000,-1,325.000,325.000,300.000,300.000,-1,-1,-1,-1,975.000,875.000,-1,-1,2,0,2,0,2,0,0,0,0,2,2,2,2,0,0,2,2
14,-7314.886,-5991.688,610.335,143.437,-0.802920,-0.594959,-0.036661,0.596029,-0.802181,-0.035431,-0.008329,-0.050299,0.998699,0,0.74500,-0.72324,44.700,-1.446,-1,425.000,-1,400.000,-1,325.000,325.000,300.000,300.000,-1,-1,-1,-1,950.000,850.000,-1,-1,2,0,2,0,2,0,0,0,0,2,2,2,2,0,0,2,2
15,-7349.853,-5964.595,609.984,142.230,-0.790152,-0.611709,-0.038375,0.612840,-0.789465,-0.034229,-0.009357,-0.050564,0.998677,0,0.73724,-0.60324,44.234,-1.206,-1,400.000,-1,400.000,-1,325.000,325.000,325.000,300.000,-1,-1,-1,-1,950.000,850.000,-1,-1,2,0,2,0,2,0,0,0,0,2,2,2,2,0,0,2,2
16,-7384.166,-5937.070,609.792,141.264,-0.779665,-0.624925,-0.039897,0.626113,-0.779018,-0.033358,-0.010234,-0.050988,0.998647,0,0.73314,-0.48324,43.988,-0.966,-1,400.000,-1,400.000,-1,325.000,325.000,325.000,300.000,-1,-1,-1,-1,950.000,850.000,-1,-1,2,0,2,0,2,0,0,0,0,2,2,2,2,0,0,2,2
17,-7418.016,-5909.203,609.643,140.537,-0.771619,-0.634744,-0.041265,0.635984,-0.771023,-0.032359,-0.011277,-0.051213,0.998624,0,0.73076,-0.36324,43.846,-0.726,-1,400.000,-1,400.000,-1,325.000,325.000,325.000,300.000,-1,-1,-1,-1,950.000,850.000,-1,-1,2,0,2,0,2,0,0,0,0,2,2,2,2,0,0,2,2
18,-7451.592,-5881.080,609.521,140.051,-0.766140,-0.641267,-0.042500,0.642552,-0.765604,-0.031255,-0.012496,-0.051254,0.998607,0,0.72994,-0.24324,43.797,-0.486,-1,400.000,-1,400.000,-1,325.000,325.000,325.000,300.000,-1,-1,-1,-1,950.000,850.000,-1,-1,2,0,2,0,2,0,0,0,0,2,2,2,2,0,0,2,2
19,-7485.072,-5852.791,609.211,139.804,-0.763290,-0.644583,-0.043598,0.645893,-0.762873,-0.029112,-0.014495,-0.050381,0.998625,0,0.73052,-0.12324,43.831,-0.246,-1,400.000,-1,400.000,-1,325.000,325.000,325.000,300.000,-1,-1,-1,-1,950.000,825.000,-1,-1,2,0,2,0,2,0,0,0,0,2,2,2,2,0,0,2,2
20,-7518.631,-5824.428,608.878,139.798,-0.763129,-0.644705,-0.044607,0.646029,-0.762842,-0.026800,-0.016750,-0.049269,0.998645,0,0.73232,-0.00324,43.939,-0.006,-1,400.000,-1,400.000,-1,325.000,325.000,325.000,300.000,-1,-1,-1,-1,975.000,825.000,-1,-1,2,0,2,0,2,0,0,0,0,2,2,2,2,0,0,2,2
21,-7552.438,-5796.092,608.262,140.031,-0.765682,-0.641602,-0.045592,0.642954,-0.765476,-0.025605,-0.018471,-0.048919,0.998632,0,0.73519,0.11676,44.112,0.234,-1,400.000,-1,400.000,-1,325.000,325.000,325.000,300.000,-1,-1,-1,-1,975.000,825.000,-1,-1,2,0,2,0,2,0,0,0,0,2,2,2,2,0,0,2,2
22,-7586.653,-5767.892,607.521,140.505,-0.770892,-0.635263,-0.046551,0.636645,-0.770763,-0.024638,-0.020228,-0.048630,0.998612,0,0.73898,0.23676,44.339,0.474,-1,400.000,-1,400.000,-1,325.000,325.000,325.000,300.000,-1,-1,-1,-1,975.000,825.000,-1,-1,2,0,2,0,2,0,0,0,0,2,2,2,2,0,0,2,2
23,-7621.430,-5739.949,606.705,141.218,-0.778672,-0.625630,-0.047500,0.627037,-0.778633,-0.023575,-0.022236,-0.048141,0.998593,0,0.74354,0.35676,44.612,0.714,-1,425.000,-1,400.000,-1,325.000,325.000,325.000,300.000,-1,-1,-1,-1,975.000,825.000,-1,-1,2,0,2,0,2,0,0,0,0,2,2,2,2,0,0,2,2
24,-7656.913,-5712.398,605.547,142.172,-0.788925,-0.612576,-0.048444,0.614033,-0.788924,-0.023735,-0.023680,-0.048472,0.998544,0,0.74873,0.47676,44.924,0.954,-1,425.000,-1,400.000,-1,325.000,325.000,325.000,300.000,-1,-1,-1,-1,1000.000,850.000,-1,-1,2,0,2,0,2,0,0,0,0,2,2,2,2,0,0,2,2
25,-7693.237,-5685.388,604.289,143.365,-0.801459,-0.596008,-0.049381,0.597510,-0.801508,-0.023798,-0.025395,-0.048579,0.998496,0,0.75443,0.59676,45.266,1.194,-1,425.000,-1,400.000,-1,325.000,325.000,325.000,300.000,-1,-1,-1,-1,-1,875.000,-1,-1,2,0,2,0,2,0,0,0,0,2,2,2,2,2,0,2,2
26,-7730.523,-5659.084,602.942,144.799,-0.816057,-0.575776,-0.050333,0.577319,-0.816175,-0.023672,-0.027450,-0.048376,0.998452,0,0.76052,0.71676,45.631,1.434,-1,425.000,-1,400.000,-1,325.000,325.000,325.000,275.000,-1,-1,-1,-1,-1,875.000,-1,-1,2,0,2,0,2,0,0,0,0,2,2,2,2,2,0,2,2
27,-7768.805,-5633.556,601.502,146.303,-0.830823,-0.554168,-0.051295,0.555746,-0.831022,-0.023414,-0.029652,-0.047960,0.998409,0,0.76688,0.75194,46.013,1.504,-1,425.000,-1,425.000,-1,350.000,325.000,325.000,275.000,-1,-1,-1,-1,-1,900.000,-1,-1,2,0,2,0,2,0,0,0,0,2,2,2,2,2,0,2,2
28,-7808.055,-5608.822,599.659,147.781,-0.844699,-0.532515,-0.053956,0.534223,-0.845013,-0.023639,-0.033005,-0.048793,0.998263,0,0.77323,0.73942,46.394,1.479,-1,425.000,-1,425.000,-1,350.000,325.000,325.000,275.000,-1,-1,-1,-1,-1,900.000,-1,-1,2,0,2,0,2,0,0,0,0,2,2,2,2,2,0,2,2
29,-7848.242,-5584.901,597.725,149.235,-0.857718,-0.510862,-0.057785,0.512774,-0.858180,-0.024294,-0.037179,-0.050468,0.998033,0,0.77945,0.72690,46.767,1.454,-1,425.000,-1,425.000,-1,350.000,325.000,325.000,300.000,-1,-1,-1,-1,-1,900.000,-1,-1,2,0,2,0,2,0,0,0,0,2,2,2,2,2,0,2,2
30,-7889.331,-5561.811,595.689,150.664,-0.869957,-0.489266,-0.061591,0.491388,-0.870582,-0.024996,-0.041390,-0.052010,0.997788,0,0.78554,0.71439,47.133,1.429,-1,425.000,-1,425.000,-1,350.000,350.000,300.000,300.000,-1,-1,-1,-1,-1,900.000,-1,-1,2,0,2,0,2,0,0,0,0,2,2,2,2,2,0,2,2
31,-7931.649,-5539.378,593.537,152.070,-0.881450,-0.467727,-0.065405,0.470066,-0.882256,-0.025750,-0.045660,-0.053442,0.997527,0,0.79827,0.70284,47.896,1.406,-1,425.000,-1,425.000,-1,350.000,350.000,300.000,300.000,-1,-1,-1,-1,-1,900.000,-1,-1,2,0,2,0,2,0,0,0,0,2,2,2,2,2,0,2,2
32,-7974.719,-5517.863,591.056,153.455,-0.892302,-0.446258,-0.068194,0.448741,-0.893281,-0.026088,-0.049275,-0.053880,0.997331,0,0.80242,0.69243,48.145,1.385,-1,425.000,-1,425.000,-1,350.000,350.000,300.000,300.000,-1,-1,-1,-1,-1,900.000,-1,-1,2,0,2,0,2,0,0,0,0,2,2,2,2,2,0,2,2
33,-8018.509,-5497.275,588.348,154.819,-0.902489,-0.424871,-0.070699,0.427459,-0.903661,-0.025995,-0.052844,-0.053681,0.997159,0,0.80649,0.68203,48.389,1.364,-1,425.000,-1,425.000,-1,350.000,350.000,300.000,300.000,-1,-1,-1,-1,-1,900.000,-1,-1,2,0,2,0,2,0,0,0,0,2,2,2,2,2,0,2,2
34,-8062.990,-5477.620,585.276,156.162,-0.911984,-0.403599,-0.073435,0.406230,-0.913438,-0.024677,-0.057119,-0.052337,0.996995,0,0.81049,0.67164,48.629,1.343,-1,425.000,-1,425.000,-1,350.000,325.000,300.000,300.000,-1,-1,-1,-1,-1,900.000,-1,-1,2,0,2,0,2,0,0,0,0,2,2,2,2,2,0,2,2
35,-8108.131,-5458.907,582.121,157.484,-0.920840,-0.382438,-0.076128,0.385097,-0.922579,-0.023419,-0.061278,-0.050882,0.996823,0,0.81443,0.66126,48.866,1.323,-1,425.000,-1,400.000,-1,325.000,325.000,300.000,300.000,-1,-1,-1,-1,-1,900.000,-1,-1,2,0,2,0,2,0,0,0,0,2,2,2,2,2,0,2,2
36,-8153.903,-5441.140,578.881,158.786,-0.929073,-0.361408,-0.078789,0.364082,-0.931102,-0.022217,-0.065331,-0.049327,0.996644,0,0.81832,0.65089,49.099,1.302,-1,425.000,-1,400.000,-1,325.000,325.000,325.000,300.000,-1,-1,-1,-1,-1,900.000,-1,-1,2,0,2,0,2,0,0,0,0,2,2,2,2,2,0,2,2
37,-8200.278,-5424.322,575.513,160.067,-0.936685,-0.340526,-0.081633,0.343221,-0.939016,-0.021196,-0.069437,-0.047872,0.996437,0,0.82216,0.64052,49.330,1.281,-1,425.000,-1,400.000,-1,325.000,325.000,325.000,300.000,-1,-1,-1,-1,-1,875.000,-1,-1,2,0,2,0,2,0,0,0,0,2,2,2,2,2,0,2,2
38,-8247.121,-5408.500,572.078,161.337,-0.943767,-0.319654,-0.084413,0.322355,-0.946403,-0.020214,-0.073427,-0.046288,0.996226,0,0.82404,0.63499,49.443,1.270,-1,425.000,-1,400.000,-1,325.000,325.000,325.000,300.000,-1,-1,-1,-1,-1,875.000,-1,-1,2,0,2,0,2,0,0,0,0,2,2,2,2,2,0,2,2
39,-8294.343,-5393.703,568.585,162.602,-0.950358,-0.298711,-0.087132,0.301404,-0.953302,-0.019271,-0.077306,-0.044576,0.996010,0,0.82478,0.63235,49.487,1.265,-1,425.000,-1,400.000,-1,325.000,325.000,325.000,300.000,-1,-1,-1,-1,-1,875.000,-1,-1,2,0,2,0,2,0,0,0,0,2,2,2,2,2,0,2,2
40,-8341.922,-5379.934,565.032,163.861,-0.956459,-0.277709,-0.089799,0.280378,-0.959714,-0.018363,-0.081082,-0.042741,0.995791,0,0.82551,0.62970,49.531,1.259,-1,425.000,-1,400.000,-1,325.000,325.000,325.000,300.000,-1,-1,-1,-1,-1,875.000,-1,-1,2,0,2,0,2,0,0,0,0,2,2,2,2,2,0,2,2
41,-8389.834,-5367.199,561.423,165.115,-0.962073,-0.256659,-0.092425,0.259291,-0.965641,-0.017491,-0.084760,-0.040792,0.995566,0,0.82625,0.62706,49.575,1.254,-1,425.000,-1,400.000,-1,350.000,325.000,325.000,300.000,-1,-1,-1,-1,-1,850.000,-1,-1,2,0,2,0,2,0,0,0,0,2,2,2,2,2,0,2,2
42,-8438.054,-5355.500,557.758,166.364,-0.967201,-0.235571,-0.095018,0.238153,-0.971085,-0.016654,-0.088347,-0.038736,0.995336,0,0.82698,0.62441,49.619,1.249,-1,450.000,-1,400.000,-1,350.000,325.000,325.000,300.000,-1,-1,-1,-1,-1,850.000,-1,-1,2,0,2,0,2,0,0,0,0,2,2,2,2,2,0,2,2
43,-8486.558,-5344.843,553.564,167.608,-0.971907,-0.214439,-0.097014,0.217128,-0.975978,-0.017940,-0.090837,-0.038501,0.995121,0,0.82768,0.62189,49.661,1.244,-1,450.000,-1,400.000,-1,350.000,325.000,325.000,300.000,-1,-1,-1,-1,-1,850.000,-1,-1,2,0,2,0,2,0,0,0,0,2,2,2,2,2,0,2,2
44,-8536.568,-5334.773,548.632,168.612,-0.975182,-0.197290,-0.100486,0.200361,-0.979490,-0.021347,-0.094213,-0.040951,0.994709,0,0.85022,0.50189,51.013,1.004,-1,450.000,-1,400.000,-1,350.000,325.000,325.000,300.000,-1,-1,-1,-1,-1,875.000,-1,-1,2,0,2,0,2,0,0,0,0,2,2,2,2,2,0,2,2
45,-8586.718,-5325.424,543.416,169.438,-0.977648,-0.183127,-0.103293,0.186515,-0.982157,-0.024072,-0.097042,-0.042799,0.994360,0,0.85022,0.41322,51.013,0.826,-1,450.000,-1,400.000,-1,350.000,325.000,325.000,325.000,-1,-1,-1,-1,-1,875.000,-1,-1,2,0,2,0,2,0,0,0,0,2,2,2,2,2,0,2,2
46,-8636.998,-5316.798,537.590,170.265,-0.979858,-0.168944,-0.106470,0.172454,-0.984710,-0.024596,-0.100687,-0.042462,0.994012,0,0.85022,0.41322,51.013,0.826,-1,450.000,-1,400.000,-1,350.000,325.000,300.000,300.000,-1,-1,-1,-1,-1,850.000,-1,-1,2,0,2,0,2,0,0,0,0,2,2,2,2,2,0,2,2
47,-8687.396,-5308.898,531.754,171.091,-0.981854,-0.154726,-0.109649,0.158366,-0.987057,-0.025255,-0.104322,-0.042161,0.993650,0,0.85022,0.41322,51.013,0.826,-1,425.000,-1,400.000,-1,350.000,325.000,300.000,300.000,-1,-1,-1,-1,-1,850.000,-1,-1,2,0,2,0,2,0,0,0,0,2,2,2,2,2,0,2,2
48,-8737.904,-5301.726,525.903,171.918,-0.983634,-0.140474,-0.112830,0.144256,-0.989198,-0.026045,-0.107952,-0.041895,0.993273,0,0.85022,0.41322,51.013,0.826,-1,425.000,-1,400.000,-1,350.000,325.000,300.000,300.000,-1,-1,-1,-1,1000.000,850.000,-1,-1,2,0,2,0,2,0,0,0,0,2,2,2,2,0,0,2,2
49,-8788.509,-5295.283,520.037,172.744,-0.985199,-0.126193,-0.116014,0.130128,-0.991131,-0.026963,-0.111582,-0.041660,0.992882,0,0.85022,0.41322,51.013,0.826,-1,425.000,-1,400.000,-1,325.000,325.000,300.000,300.000,-1,-1,-1,-1,975.000,825.000,-1,-1,2,0,2,0,2,0,0,0,0,2,2,2,2,0,0,2,2
50,-8839.203,-5289.571,514.151,173.570,-0.986546,-0.111886,-0.119202,0.115985,-0.992856,-0.028006,-0.115217,-0.041455,0.992475,0,0.85022,0.41322,51.013,0.826,-1,425.000,-1,400.000,-1,325.000,325.000,300.000,300.000,-1,-1,-1,-1,975.000,825.000,-1,-1,2,0,2,0,2,0,0,0,0,2,2,2,2,0,0,2,2
51,-8889.973,-5284.590,508.244,174.397,-0.987675,-0.097554,-0.122394,0.101831,-0.994374,-0.029172,-0.118860,-0.041276,0.992053,0,0.85022,0.41322,51.013,0.826,-1,425.000,-1,400.000,-1,325.000,325.000,300.000,300.000,-1,-1,-1,-1,950.000,800.000,-1,-1,2,0,2,0,2,0,0,0,0,2,2,2,2,0,0,2,2
52,-8940.810,-5280.343,502.313,175.223,-0.988587,-0.083202,-0.125593,0.087669,-0.995684,-0.030458,-0.122517,-0.041121,0.991614,0,0.85022,0.41322,51.013,0.826,-1,425.000,-1,400.000,-1,325.000,325.000,300.000,300.000,-1,-1,-1,-1,925.000,800.000,-1,-1,2,0,2,0,2,0,0,0,0,2,2,2,2,0,0,2,2
53,-8991.703,-5276.829,496.311,176.050,-0.989296,-0.068832,-0.128666,0.073522,-0.996778,-0.032056,-0.126045,-0.041173,0.991170,0,0.85022,0.41322,51.013,0.826,-1,425.000,-1,400.000,-1,325.000,325.000,300.000,325.000,-1,-1,-1,-1,925.000,800.000,-1,-1,2,0,2,0,2,0,0,0,0,2,2,2,2,0,0,2,2
54,-9038.149,-5274.100,490.826,176.636,-0.989584,-0.058625,-0.131475,0.063549,-0.997414,-0.033570,-0.129167,-0.041576,0.990751,0,0.77543,0.29322,46.526,0.586,-1,425.000,-1,400.000,-1,325.000,325.000,325.000,325.000,-1,-1,-1,-1,925.000,775.000,-1,-1,2,0,2,0,2,0,0,0,0,2,2,2,2,0,0,2,2
55,-9084.613,-5271.691,485.341,177.031,-0.989589,-0.051752,-0.134295,0.056941,-0.997761,-0.035091,-0.132179,-0.042372,0.990320,0,0.77543,0.19733,46.526,0.395,-1,425.000,-1,400.000,-1,325.000,325.000,325.000,325.000,-1,-1,-1,-1,900.000,775.000,-1,-1,2,0,2,0,2,0,0,0,0,2,2,2,2,0,0,2,2
56,-9131.093,-5269.602,479.848,177.425,-0.989537,-0.044877,-0.137119,0.050342,-0.998059,-0.036650,-0.135209,-0.043169,0.989876,0,0.77543,0.19733,46.526,0.395,-1,425.000,-1,400.000,-1,325.000,325.000,325.000,325.000,-1,-1,-1,-1,900.000,775.000,-1,-1,2,0,2,0,2,0,0,0,0,2,2,2,2,0,0,2,2
57,-9177.585,-5267.834,474.188,177.820,-0.989495,-0.037999,-0.139487,0.043819,-0.998282,-0.038894,-0.137769,-0.044597,0.989460,0,0.77543,0.19733,46.526,0.395,-1,425.000,-1,400.000,-1,325.000,325.000,325.000,325.000,-1,-1,-1,-1,900.000,775.000,-1,-1,2,0,2,0,2,0,0,0,0,2,2,2,2,0,0,2,2
58,-9224.088,-5266.386,467.535,178.215,-0.989628,-0.031120,-0.140245,0.037191,-0.998472,-0.040880,-0.138758,-0.045672,0.989273,0,0.77543,0.19733,46.526,0.395,-1,425.000,-1,400.000,-1,325.000,325.000,325.000,325.000,-1,-1,-1,-1,900.000,775.000,-1,-1,2,0,2,0,2,0,0,0,0,2,2,2,2,0,0,2,2
59,-9270.601,-5265.258,460.707,178.609,-0.989693,-0.024241,-0.141137,0.030487,-0.998641,-0.042261,-0.139920,-0.046128,0.989088,0,0.77543,0.19733,46.526,0.395,-1,425.000,-1,400.000,-1,325.000,325.000,325.000,325.000,-1,-1,-1,-1,900.000,800.000,-1,-1,2,0,2,0,2,0,0,0,0,2,2,2,2,0,0,2,2
60,-9317.119,-5264.450,453.872,179.004,-0.989708,-0.017362,-0.142047,0.023786,-0.998763,-0.043655,-0.141113,-0.046584,0.988897,0,0.77543,0.19733,46.526,0.395,-1,425.000,-1,400.000,-1,325.000,325.000,325.000,325.000,-1,-1,-1,-1,900.000,800.000,-1,-1,2,0,2,0,2,0,0,0,0,2,2,2,2,0,0,2,2
61,-9363.642,-5263.963,447.027,179.399,-0.989671,-0.010482,-0.142973,0.017089,-0.998838,-0.045062,-0.142335,-0.047040,0.988700,0,0.77543,0.19733,46.526,0.395,-1,400.000,-1,400.000,-1,325.000,325.000,300.000,325.000,-1,-1,-1,-1,900.000,825.000,-1,-1,2,0,2,0,2,0,0,0,0,2,2,2,2,0,0,2,2
62,-9410.168,-5263.796,440.172,179.793,-0.989584,-0.003601,-0.143912,0.010395,-0.998865,-0.046483,-0.143582,-0.047495,0.988498,0,0.77543,0.19733,46.526,0.395,-1,400.000,-1,400.000,-1,325.000,325.000,300.000,325.000,-1,-1,-1,-1,900.000,825.000,-1,-1,2,0,2,0,2,0,0,0,0,2,2,2,2,0,0,2,2
63,-9456.693,-5263.949,433.306,180.188,-0.989446,0.003279,-0.144863,0.003705,-0.998844,-0.047917,-0.144852,-0.047948,0.988291,0,0.77543,0.19733,46.526,0.395,-1,400.000,-1,400.000,-1,325.000,325.000,300.000,325.000,-1,-1,-1,-1,925.000,850.000,-1,-1,2,0,2,0,2,0,0,0,0,2,2,2,2,0,0,2,2
64,-9503.217,-5264.423,426.427,180.583,-0.989259,0.010159,-0.145821,-0.002980,-0.998776,-0.049365,-0.146144,-0.048400,0.988079,0,0.77543,0.19733,46.526,0.395,-1,400.000,-1,400.000,-1,325.000,325.000,300.000,325.000,-1,-1,-1,-1,925.000,850.000,-1,-1,2,0,2,0,2,0,0,0,0,2,2,2,2,0,0,2,2
65,-9549.736,-5265.218,419.535,180.977,-0.989022,0.017038,-0.146785,-0.009660,-0.998661,-0.050825,-0.147454,-0.048849,0.987862,0,0.77543,0.19733,46.526,0.395,-1,400.000,-1,400.000,-1,325.000,325.000,300.000,325.000,-1,-1,-1,-1,925.000,875.000,-1,-1,2,0,2,0,2,0,0,0,0,2,2,2,2,0,0,2,2
66,-9596.248,-5266.332,412.628,181.372,-0.988735,0.023915,-0.147752,-0.016336,-0.998498,-0.052299,-0.148781,-0.049296,0.987641,0,0.77543,0.19733,46.526,0.395,-1,425.000,-1,400.000,-1,325.000,325.000,300.000,325.000,-1,-1,-1,-1,925.000,875.000,-1,-1,2,0,2,0,2,0,0,0,0,2,2,2,2,0,0,2,2
67,-9642.752,-5267.768,405.706,181.767,-0.988400,0.030792,-0.148720,-0.023007,-0.998287,-0.053786,-0.150121,-0.049740,0.987416,0,0.77543,0.19733,46.526,0.395,-1,425.000,-1,400.000,-1,325.000,325.000,300.000,325.000,-1,-1,-1,-1,925.000,875.000,-1,-1,2,0,2,0,2,0,0,0,0,2,2,2,2,0,0,2,2
68,-9689.245,-5269.523,398.767,182.161,-0.988016,0.037666,-0.149685,-0.029673,-0.998030,-0.055284,-0.151473,-0.050180,0.987187,0,0.77543,0.19733,46.526,0.395,-1,425.000,-1,400.000,-1,325.000,325.000,300.000,325.000,-1,-1,-1,-1,925.000,900.000,-1,-1,2,0,2,0,2,0,0,0,0,2,2,2,2,0,0,2,2
69,-9735.724,-5271.599,391.809,182.556,-0.987584,0.044539,-0.150647,-0.036333,-0.997725,-0.056795,-0.152834,-0.050617,0.986955,0,0.77543,0.19733,46.526,0.395,-1,425.000,-1,425.000,-1,325.000,325.000,300.000,325.000,-1,-1,-1,-1,925.000,900.000,-1,-1,2,0,2,0,2,0,0,0,0,2,2,2,2,0,0,2,2
70,-9782.188,-5273.995,384.833,182.951,-0.987104,0.051409,-0.151601,-0.042987,-0.997372,-0.058318,-0.154201,-0.051049,0.986720,0,0.77543,0.19733,46.526,0.395,-1,425.000,-1,425.000,-1,350.000,350.000,300.000,350.000,-1,-1,-1,-1,900.000,925.000,-1,-1,2,0,2,0,2,0,0,0,0,2,2,2,2,0,0,2,2
71,-9828.635,-5276.710,377.759,183.345,-0.986604,0.058277,-0.152368,-0.049693,-0.996987,-0.059559,-0.155380,-0.051190,0.986528,0,0.77543,0.19733,46.526,0.395,-1,425.000,-1,425.000,-1,350.000,350.000,300.000,350.000,-1,-1,-1,-1,900.000,925.000,-1,-1,2,0,2,0,2,0,0,0,0,2,2,2,2,0,0,2,2
72,-9875.062,-5279.743,369.840,183.740,-0.985878,0.065150,-0.154276,-0.056659,-0.996660,-0.058814,-0.157592,-0.049243,0.986276,0,0.77543,0.19733,46.526,0.395,-1,425.000,-1,425.000,-1,350.000,350.000,325.000,325.000,-1,-1,-1,-1,900.000,925.000,-1,-1,2,0,2,0,2,0,0,0,0,2,2,2,2,0,0,2,2
73,-9921.467,-5283.097,361.696,184.135,-0.985024,0.072017,-0.156659,-0.063457,-0.996240,-0.058981,-0.160318,-0.048157,0.985890,0,0.77543,0.19733,46.526,0.395,-1,425.000,-1,425.000,-1,350.000,350.000,300.000,325.000,-1,-1,-1,-1,875.000,900.000,-1,-1,2,0,2,0,2,0,0,0,0,2,2,2,2,0,0,2,2
74,-9972.650,-5286.936,352.691,184.289,-0.984398,0.074707,-0.159312,-0.065990,-0.996055,-0.059326,-0.163115,-0.047887,0.985444,0,0.85543,0.07733,51.326,0.155,-1,425.000,-1,425.000,-1,325.000,350.000,300.000,325.000,-1,-1,-1,-1,850.000,875.000,-1,-1,2,0,2,0,2,0,0,0,0,2,2,2,2,0,0,2,2
75,-10026.213,-5290.874,343.278,184.204,-0.984064,0.073221,-0.162042,-0.064289,-0.996144,-0.059702,-0.165788,-0.048333,0.984976,0,0.89512,-0.04267,53.707,-0.085,-1,425.000,-1,425.000,-1,325.000,325.000,300.000,325.000,-1,-1,-1,-1,825.000,875.000,-1,-1,2,0,2,0,2,0,0,0,0,2,2,2,2,0,0,2,2
76,-10079.799,-5294.509,333.886,183.879,-0.984023,0.067560,-0.164727,-0.058363,-0.996488,-0.060052,-0.168205,-0.049479,0.984509,0,0.89512,-0.16267,53.707,-0.325,-1,400.000,-1,425.000,-1,325.000,325.000,300.000,325.000,-1,-1,-1,-1,825.000,850.000,-1,-1,2,0,2,0,2,0,0,0,0,2,2,2,2,0,0,2,2
77,-10133.417,-5297.614,324.524,183.313,-0.984204,0.057719,-0.167367,-0.048210,-0.997013,-0.060339,-0.170350,-0.051317,0.984046,0,0.89512,-0.28267,53.707,-0.565,-1,400.000,-1,400.000,-1,325.000,325.000,300.000,325.000,-1,-1,-1,-1,800.000,850.000,-1,-1,2,0,2,0,2,0,0,0,0,2,2,2,2,0,0,2,2
78,-10187.074,-5299.967,315.207,182.508,-0.984481,0.043694,-0.169962,-0.033827,-0.997593,-0.060523,-0.172198,-0.053835,0.983590,0,0.89512,-0.40267,53.707,-0.805,-1,400.000,-1,400.000,-1,325.000,325.000,300.000,325.000,-1,-1,-1,-1,775.000,825.000,-1,-1,2,0,2,0,2,0,0,0,0,2,2,2,2,0,0,2,2
79,-10240.760,-5301.519,305.934,181.652,-0.984583,0.028791,-0.172531,-0.018562,-0.997989,-0.060608,-0.173929,-0.056471,0.983138,0,0.89512,-0.42773,53.707,-0.855,-1,400.000,-1,400.000,-1,325.000,325.000,325.000,325.000,-1,-1,-1,-1,775.000,825.000,-1,-1,2,0,2,0,2,0,0,0,0,2,2,2,2,0,0,2,2
80,-10294.463,-5302.268,296.706,180.797,-0.984456,0.013886,-0.175080,-0.003302,-0.998157,-0.060598,-0.175598,-0.059078,0.982688,0,0.89512,-0.42773,53.707,-0.855,-1,400.000,-1,400.000,-1,325.000,325.000,325.000,325.000,-1,-1,-1,-1,750.000,800.000,-1,-1,2,0,2,0,2,0,0,0,0,2,2,2,2,0,0,2,2
81,-10348.171,-5302.216,287.509,179.942,-0.984091,-0.001018,-0.177663,0.011967,-0.998093,-0.060563,-0.177263,-0.061726,0.982226,0,0.89512,-0.42773,53.707,-0.855,-1,400.000,-1,400.000,-1,325.000,325.000,325.000,325.000,-1,-1,-1,-1,725.000,800.000,-1,-1,2,0,2,0,2,0,0,0,0,2,2,2,2,0,0,2,2
82,-10401.873,-5301.363,278.348,179.086,-0.983491,-0.015917,-0.180255,0.027236,-0.997797,-0.060490,-0.178895,-0.064401,0.981758,0,0.89512,-0.42773,53.707,-0.855,-1,375.000,-1,400.000,-1,325.000,325.000,325.000,325.000,-1,-1,-1,-1,725.000,775.000,-1,-1,2,0,2,0,2,0,0,0,0,2,2,2,2,0,0,2,2
83,-10455.556,-5299.707,269.225,178.231,-0.982664,-0.030807,-0.182821,0.042498,-0.997270,-0.060378,-0.180461,-0.067101,0.981291,0,0.89512,-0.42773,53.707,-0.855,-1,375.000,-1,400.000,-1,325.000,325.000,325.000,325.000,-1,-1,-1,-1,700.000,775.000,-1,-1,2,0,2,0,2,0,0,0,0,2,2,2,2,0,0,2,2
84,-10509.208,-5297.251,259.889,177.375,-0.981832,-0.045684,-0.184169,0.057700,-0.996504,-0.060420,-0.180765,-0.069949,0.981036,0,0.89512,-0.42773,53.707,-0.855,-1,375.000,-1,400.000,-1,325.000,325.000,325.000,325.000,-1,-1,-1,-1,700.000,775.000,-1,-1,2,0,2,0,2,0,0,0,0,2,2,2,2,0,0,2,2
85,-10562.816,-5293.992,250.225,176.520,-0.981164,-0.060550,-0.183442,0.072562,-0.995588,-0.059491,-0.179031,-0.071681,0.981229,0,0.89512,-0.42773,53.707,-0.855,-1,375.000,-1,400.000,-1,325.000,325.000,325.000,325.000,-1,-1,-1,-1,700.000,775.000,-1,-1,2,0,2,0,2,0,0,0,0,2,2,2,2,0,0,2,2
86,-10616.369,-5289.933,240.612,175.664,-0.980265,-0.075398,-0.182746,0.087408,-0.994449,-0.058574,-0.177315,-0.073391,0.981414,0,0.89512,-0.42773,53.707,-0.855,-1,375.000,-1,400.000,-1,325.000,325.000,325.000,325.000,-1,-1,-1,-1,675.000,750.000,-1,-1,2,0,2,0,2,0,0,0,0,2,2,2,2,0,0,2,2
87,-10669.856,-5285.075,231.050,174.809,-0.979135,-0.090225,-0.182084,0.102235,-0.993088,-0.057665,-0.175623,-0.075077,0.981591,0,0.89512,-0.42773,53.707,-0.855,-1,375.000,-1,400.000,-1,325.000,325.000,325.000,325.000,-1,-1,-1,-1,675.000,750.000,-1,-1,2,0,2,0,2,0,0,0,0,2,2,2,2,0,0,2,2
88,-10723.265,-5279.419,221.539,173.953,-0.977773,-0.105029,-0.181461,0.117038,-0.991504,-0.056763,-0.173957,-0.076739,0.981759,0,0.89512,-0.42773,53.707,-0.855,1000.000,375.000,-1,400.000,-1,325.000,325.000,325.000,325.000,-1,-1,-1,-1,650.000,750.000,1000.000,-1,0,0,2,0,2,0,0,0,0,2,2,2,2,0,0,0,2
89,-10776.583,-5272.966,212.078,173.098,-0.976181,-0.119805,-0.180879,0.131815,-0.989699,-0.055866,-0.172323,-0.078378,0.981917,0,0.89512,-0.42773,53.707,-0.855,950.000,375.000,-1,400.000,-1,325.000,325.000,325.000,325.000,-1,-1,-1,-1,650.000,750.000,950.000,-1,0,0,2,0,2,0,0,0,0,2,2,2,2,0,0,0,2
90,-10829.799,-5265.718,202.669,172.242,-0.974358,-0.134551,-0.180342,0.146564,-0.987673,-0.054971,-0.170723,-0.079993,0.982067,0,0.89512,-0.42773,53.707,-0.855,900.000,375.000,-1,400.000,-1,325.000,325.000,325.000,325.000,-1,-1,-1,-1,625.000,750.000,925.000,-1,0,0,2,0,2,0,0,0,0,2,2,2,2,0,0,0,2
91,-10882.901,-5257.676,193.296,171.387,-0.972310,-0.149262,-0.179818,0.161287,-0.985421,-0.054140,-0.169116,-0.081643,0.982209,0,0.89512,-0.42773,53.707,-0.855,875.000,375.000,-1,400.000,-1,325.000,325.000,325.000,325.000,-1,-1,-1,-1,625.000,725.000,875.000,-1,0,0,2,0,2,0,0,0,0,2,2,2,2,0,0,0,2
92,-10936.235,-5248.779,183.902,170.527,-0.970023,-0.164008,-0.179322,0.176052,-0.982935,-0.053343,-0.167513,-0.083314,0.982343,0,0.90117,-0.42986,54.070,-0.860,825.000,375.000,-1,400.000,-1,300.000,325.000,300.000,325.000,-1,-1,-1,-1,600.000,725.000,850.000,-1,0,0,2,0,2,0,0,0,0,2,2,2,2,0,0,0,2
93,-10989.807,-5239.009,174.488,169.663,-0.967492,-0.178786,-0.178869,0.190853,-0.980211,-0.052559,-0.165932,-0.084988,0.982468,0,0.90758,-0.43201,54.455,-0.864,775.000,350.000,-1,375.000,-1,300.000,325.000,300.000,325.000,-1,-1,-1,-1,600.000,725.000,800.000,-1,0,0,2,0,2,0,0,0,0,2,2,2,2,0,0,0,2
94,-11043.607,-5228.353,165.055,168.795,-0.964715,-0.193589,-0.178463,0.205684,-0.977247,-0.051786,-0.164378,-0.086666,0.982583,0,0.91408,-0.43408,54.845,-0.868,725.000,350.000,-1,375.000,-1,300.000,300.000,300.000,325.000,-1,-1,-1,-1,575.000,725.000,775.000,-1,0,0,2,0,2,0,0,0,0,2,2,2,2,0,0,0,2
95,-11097.625,-5216.796,155.577,167.923,-0.961628,-0.208421,-0.178414,0.220473,-0.974090,-0.050404,-0.163286,-0.087806,0.982664,0,0.92066,-0.43608,55.240,-0.872,675.000,350.000,-1,375.000,-1,300.000,300.000,300.000,325.000,-1,-1,-1,-1,575.000,700.000,725.000,-1,0,0,2,0,2,0,0,0,0,2,2,2,2,0,0,0,2
96,-11151.848,-5204.319,146.985,167.047,-0.958793,-0.223343,-0.175595,0.234565,-0.971025,-0.045719,-0.160296,-0.085024,0.983400,0,0.92734,-0.43800,55.640,-0.876,700.000,350.000,-1,375.000,-1,300.000,300.000,300.000,325.000,-1,-1,-1,-1,575.000,725.000,750.000,-1,0,0,2,0,2,0,0,0,0,2,2,2,2,0,0,0,2
97,-11201.264,-5192.368,139.270,166.411,-0.956742,-0.234171,-0.172652,0.244576,-0.968747,-0.041382,-0.157565,-0.081819,0.984113,0,0.84734,-0.31800,50.840,-0.636,700.000,350.000,-1,375.000,-1,300.000,300.000,325.000,325.000,-1,-1,-1,-1,575.000,725.000,750.000,-1,0,0,2,0,2,0,0,0,0,2,2,2,2,0,0,0,2
98,-11245.938,-5181.238,132.648,166.015,-0.955629,-0.240898,-0.169530,0.250767,-0.967258,-0.039103,-0.154559,-0.079881,0.984749,0,0.76734,-0.19800,46.040,-0.396,725.000,350.000,-1,375.000,-1,300.000,300.000,325.000,325.000,-1,-1,-1,-1,575.000,725.000,775.000,-1,0,0,2,0,2,0,0,0,0,2,2,2,2,0,0,0,2
99,-11285.927,-5171.161,126.947,165.859,-0.955521,-0.243556,-0.166313,0.253054,-0.966697,-0.038204,-0.151470,-0.078591,0.985333,0,0.68734,-0.07800,41.240,-0.156,725.000,350.000,-1,375.000,-1,300.000,300.000,325.000,325.000,-1,-1,-1,-1,600.000,-1,800.000,-1,0,0,2,0,2,0,0,0,0,2,2,2,2,0,2,0,2
100,-11321.275,-5162.307,121.899,165.943,-0.956358,-0.242170,-0.163504,0.251320,-0.967177,-0.037498,-0.149056,-0.076953,0.985830,0,0.60734,0.04200,36.440,0.084,750.000,350.000,-1,375.000,-1,300.000,300.000,325.000,325.000,-1,-1,700.000,-1,600.000,-1,825.000,-1,0,0,2,0,2,0,0,0,0,2,2,0,2,0,2,0,2
101,-11352.009,-5154.793,117.506,166.267,-0.958129,-0.236733,-0.161080,0.245551,-0.968679,-0.036949,-0.147288,-0.074955,0.986249,0,0.52734,0.16200,31.640,0.324,750.000,350.000,-1,375.000,-1,300.000,300.000,325.000,325.000,-1,850.000,600.000,-1,600.000,-1,850.000,-1,0,0,2,0,2,0,0,0,0,2,0,0,2,0,2,0,2
102,-11378.142,-5148.676,113.774,166.831,-0.960770,-0.227226,-0.159027,0.235723,-0.971133,-0.036531,-0.146136,-0.072585,0.986598,0,0.44734,0.28200,26.840,0.564,775.000,350.000,-1,400.000,-1,300.000,300.000,325.000,325.000,-1,750.000,525.000,-1,600.000,-1,875.000,-1,0,0,2,0,2,0,0,0,0,2,0,0,2,0,2,0,2
103,-11399.669,-5143.953,110.709,167.635,-0.964164,-0.213619,-0.157334,0.221803,-0.974418,-0.036231,-0.145570,-0.069830,0.986881,0,0.36734,0.40200,22.040,0.804,775.000,350.000,-1,400.000,-1,300.000,300.000,325.000,325.000,-1,675.000,500.000,-1,600.000,-1,875.000,-1,0,0,2,0,2,0,0,0,0,2,0,0,2,0,2,0,2
104,-11416.573,-5140.566,108.323,168.679,-0.968142,-0.195871,-0.156000,0.203746,-0.978360,-0.036042,-0.145564,-0.066678,0.987099,0,0.28734,0.52200,17.240,1.044,775.000,350.000,-1,400.000,-1,300.000,300.000,325.000,325.000,-1,625.000,450.000,-1,600.000,-1,875.000,-1,0,0,2,0,2,0,0,0,0,2,0,0,2,0,2,0,2
105,-11428.821,-5138.394,106.625,169.963,-0.972477,-0.173939,-0.155027,0.181508,-0.982731,-0.035971,-0.146093,-0.063119,0.987255,0,0.20734,0.64200,12.440,1.284,775.000,350.000,-1,400.000,-1,300.000,300.000,325.000,350.000,-1,575.000,425.000,-1,600.000,-1,875.000,-1,0,0,2,0,2,0,0,0,0,2,0,0,2,0,2,0,2
106,-11436.373,-5137.240,105.616,171.335,-0.976491,-0.150395,-0.154423,0.157681,-0.986833,-0.036006,-0.146974,-0.059510,0.987349,0,0.12734,0.68594,7.640,1.372,800.000,350.000,-1,400.000,-1,300.000,300.000,325.000,350.000,-1,550.000,400.000,-1,600.000,-1,850.000,-1,0,0,2,0,2,0,0,0,0,2,0,0,2,0,2,0,2
107,-11439.190,-5136.876,105.303,172.702,-0.979865,-0.126833,-0.154203,0.133879,-0.990338,-0.036159,-0.148127,-0.056075,0.987377,0,0.04734,0.68356,2.840,1.367,800.000,350.000,-1,375.000,-1,300.000,300.000,325.000,350.000,-1,525.000,400.000,-1,600.000,-1,850.000,-1,0,0,2,0,2,0,0,0,0,2,0,0,2,0,2,0,2
108,-11437.240,-5137.076,105.697,174.065,-0.982600,-0.103258,-0.154384,0.110105,-0.993251,-0.036455,-0.149578,-0.052819,0.987338,0,-0.03266,0.68150,-1.960,1.363,800.000,350.000,-1,375.000,-1,300.000,300.000,325.000,350.000,-1,500.000,375.000,-1,600.000,-1,825.000,-1,0,0,2,0,2,0,0,0,0,2,0,0,2,0,2,0,2
109,-11430.501,-5137.613,106.800,175.424,-0.984703,-0.079675,-0.154961,0.086362,-0.995580,-0.036898,-0.151336,-0.049716,0.987231,0,-0.11266,0.67979,-6.760,1.360,800.000,350.000,-1,375.000,-1,300.000,300.000,325.000,350.000,-1,500.000,375.000,-1,600.000,-1,825.000,-1,0,0,2,0,2,0,0,0,0,2,0,0,2,0,2,0,2
110,-11418.960,-5138.260,108.548,176.781,-0.986206,-0.056085,-0.155729,0.062603,-0.997343,-0.037266,-0.153226,-0.046501,0.987097,0,-0.19266,0.67848,-11.560,1.357,800.000,350.000,-1,375.000,-1,300.000,300.000,350.000,350.000,-1,475.000,375.000,-1,600.000,-1,800.000,-1,0,0,2,0,2,0,0,0,0,2,0,0,2,0,2,0,2
111,-11404.368,-5138.733,110.759,178.137,-0.987098,-0.032486,-0.156788,0.038863,-0.998530,-0.037777,-0.155330,-0.043383,0.986910,0,-0.24332,0.67760,-14.599,1.355,800.000,350.000,-1,375.000,-1,300.000,300.000,350.000,350.000,-1,475.000,375.000,-1,575.000,950.000,800.000,-1,0,0,2,0,2,0,0,0,0,2,0,0,2,0,1,0,2
112,-11389.641,-5138.862,112.990,179.491,-0.987420,-0.008882,-0.157867,0.015116,-0.999151,-0.038333,-0.157392,-0.040237,0.986716,0,-0.24547,0.67704,-14.728,1.354,800.000,350.000,-1,375.000,-1,300.000,300.000,325.000,350.000,-1,450.000,375.000,-1,575.000,800.000,800.000,-1,0,0,2,0,2,0,0,0,0,2,0,0,2,0,1,0,2
113,-11374.788,-5138.641,115.241,180.844,-0.987175,0.014716,-0.158964,-0.008626,-0.999205,-0.038933,-0.159411,-0.037062,0.986516,0,-0.24759,0.67655,-14.855,1.353,825.000,350.000,-1,375.000,-1,300.000,300.000,325.000,350.000,-1,450.000,350.000,-1,575.000,750.000,800.000,-1,0,0,2,0,2,0,0,0,0,2,0,0,2,0,1,0,2
114,-11359.818,-5138.065,117.511,182.196,-0.986361,0.038296,-0.160078,-0.032352,-0.998693,-0.039576,-0.161384,-0.033858,0.986311,0,-0.24969,0.67612,-14.981,1.352,825.000,350.000,-1,375.000,-1,300.000,300.000,325.000,350.000,-1,450.000,350.000,-1,575.000,700.000,800.000,-1,0,0,2,0,2,0,0,0,0,2,0,0,2,0,1,0,2
115,-11344.741,-5137.129,119.799,183.548,-0.984981,0.061848,-0.161206,-0.056052,-0.997616,-0.040262,-0.163311,-0.030622,0.986099,0,-0.25176,0.67577,-15.106,1.352,825.000,350.000,-1,375.000,-1,300.000,300.000,325.000,350.000,-1,450.000,350.000,-1,575.000,675.000,800.000,-1,0,0,2,0,2,0,0,0,0,2,0,0,2,0,1,0,2
116,-11329.569,-5135.827,122.104,184.899,-0.983035,0.085360,-0.162345,-0.079714,-0.995975,-0.040990,-0.165190,-0.027353,0.985882,0,-0.25381,0.67549,-15.229,1.351,850.000,350.000,-1,375.000,-1,300.000,300.000,325.000,350.000,-1,425.000,350.000,-1,575.000,650.000,800.000,-1,0,0,2,0,2,0,0,0,0,2,0,0,2,0,1,0,2
117,-11314.310,-5134.155,124.385,186.249,-0.980502,0.108820,-0.163625,-0.103347,-0.993774,-0.041622,-0.167136,-0.023900,0.985644,0,-0.25584,0.67527,-15.350,1.351,850.000,350.000,-1,350.000,-1,300.000,300.000,325.000,350.000,-1,425.000,350.000,-1,575.000,650.000,800.000,-1,0,0,2,0,2,0,0,0,0,2,0,0,2,0,0,0,2
118,-11298.977,-5132.107,126.682,187.599,-0.977406,0.132217,-0.164915,-0.126919,-0.991011,-0.042303,-0.169026,-0.020416,0.985400,0,-0.25783,0.67511,-15.470,1.350,850.000,350.000,-1,350.000,-1,300.000,300.000,325.000,350.000,-1,425.000,350.000,-1,575.000,650.000,800.000,-1,0,0,2,0,2,0,0,0,0,2,0,0,2,0,0,0,2
119,-11283.580,-5129.681,128.995,188.949,-0.973746,0.155539,-0.166211,-0.150420,-0.987685,-0.043032,-0.170857,-0.016901,0.985151,0,-0.25979,0.67502,-15.588,1.350,875.000,350.000,-1,350.000,-1,275.000,300.000,325.000,350.000,-1,425.000,350.000,-1,575.000,625.000,800.000,-1,0,0,2,0,2,0,0,0,0,2,0,0,2,0,0,0,2
120,-11268.130,-5126.872,131.323,190.299,-0.969526,0.178774,-0.167510,-0.173837,-0.983800,-0.043807,-0.172627,-0.013353,0.984897,0,-0.26172,0.67498,-15.703,1.350,875.000,350.000,-1,350.000,-1,275.000,300.000,325.000,350.000,-1,425.000,350.000,-1,575.000,625.000,800.000,-1,0,0,2,0,2,0,0,0,0,2,0,0,2,0,0,0,2
121,-11252.640,-5123.678,133.665,191.649,-0.964746,0.201911,-0.168809,-0.197160,-0.979355,-0.044627,-0.174334,-0.009772,0.984638,0,-0.26362,0.67500,-15.817,1.350,875.000,350.000,-1,350.000,-1,275.000,300.000,325.000,350.000,-1,425.000,350.000,-1,550.000,625.000,800.000,-1,0,0,2,0,2,0,0,0,0,2,0,0,2,0,0,0,2
122,-11237.120,-5120.094,136.019,192.999,-0.959410,0.224938,-0.170105,-0.220376,-0.974354,-0.045490,-0.175975,-0.006156,0.984375,0,-0.26548,0.67508,-15.929,1.350,900.000,350.000,-1,350.000,-1,275.000,275.000,325.000,350.000,-1,425.000,350.000,-1,550.000,600.000,800.000,-1,0,0,2,0,2,0,0,0,0,2,0,0,2,0,0,0,2
123,-11221.583,-5116.118,138.540,194.350,-0.953575,0.247842,-0.171084,-0.243605,-0.968799,-0.045669,-0.177064,-0.001872,0.984197,0,-0.26730,0.67521,-16.038,1.350,900.000,350.000,-1,350.000,-1,275.000,275.000,325.000,350.000,-1,425.000,525.000,-1,550.000,600.000,825.000,-1,0,0,2,0,2,0,0,0,0,2,0,0,2,0,0,0,2
124,-11206.041,-5111.748,141.309,195.701,-0.947266,0.270610,-0.171632,-0.266907,-0.962683,-0.044745,-0.177336,0.003424,0.984144,0,-0.26909,0.67539,-16.145,1.351,950.000,350.000,-1,350.000,-1,275.000,300.000,325.000,350.000,-1,400.000,-1,-1,575.000,600.000,850.000,-1,0,0,2,0,2,0,0,0,0,2,0,2,2,0,0,0,2
125,-11195.181,-5108.465,143.279,196.811,-0.941661,0.289214,-0.172136,-0.285957,-0.957233,-0.043980,-0.177494,0.007809,0.984091,0,-0.18909,0.55539,-11.345,1.111,1000.000,350.000,-1,350.000,-1,300.000,300.000,325.000,350.000,-1,375.000,-1,-1,575.000,600.000,875.000,-1,0,0,2,0,2,0,0,0,0,2,0,2,2,0,0,0,2
126,-11188.949,-5106.467,144.420,197.774,-0.936533,0.305251,-0.172416,-0.302358,-0.952203,-0.043457,-0.177441,0.011433,0.984065,0,-0.10909,0.48153,-6.545,0.963,-1,350.000,-1,350.000,-1,300.000,300.000,325.000,350.000,-1,375.000,-1,-1,575.000,600.000,900.000,-1,2,0,2,0,2,0,0,0,0,2,0,2,2,0,0,0,2
127,-11187.296,-5105.906,144.734,198.737,-0.931186,0.321190,-0.172423,-0.318621,-0.946900,-0.043149,-0.177126,0.014758,0.984077,0,-0.02909,0.48127,-1.745,0.963,-1,350.000,-1,350.000,-1,300.000,300.000,325.000,350.000,-1,375.000,-1,-1,575.000,600.000,900.000,-1,2,0,2,0,2,0,0,0,0,2,0,2,2,0,0,0,2
128,-11190.172,-5106.936,144.226,199.698,-0.925629,0.337012,-0.172143,-0.334723,-0.941333,-0.043053,-0.176553,0.017769,0.984131,0,0.05091,0.48057,3.055,0.961,-1,350.000,-1,350.000,-1,300.000,300.000,325.000,350.000,-1,350.000,-1,-1,575.000,600.000,925.000,-1,2,0,2,0,2,0,0,0,0,2,0,2,2,0,0,0,2
129,-11197.521,-5109.707,142.901,200.657,-0.919875,0.352699,-0.171559,-0.350644,-0.935513,-0.043167,-0.175721,0.020448,0.984228,0,0.13091,0.47942,7.855,0.959,-1,350.000,-1,350.000,-1,300.000,300.000,325.000,350.000,-1,350.000,-1,-1,575.000,600.000,925.000,1000.000,2,0,2,0,2,0,0,0,0,2,0,2,2,0,0,0,0
130,-11209.286,-5114.368,140.767,201.613,-0.913937,0.368233,-0.170653,-0.366366,-0.929454,-0.043483,-0.174626,0.022781,0.984371,0,0.21091,0.47780,12.655,0.956,-1,350.000,-1,350.000,-1,300.000,300.000,325.000,350.000,-1,325.000,-1,-1,575.000,600.000,925.000,1000.000,2,0,2,0,2,0,0,0,0,2,0,2,2,0,0,0,0
131,-11225.404,-5121.066,137.838,202.564,-0.907825,0.383597,-0.169432,-0.381873,-0.923168,-0.043975,-0.173283,0.024780,0.984560,0,0.29091,0.47570,17.455,0.951,-1,350.000,-1,350.000,-1,300.000,275.000,325.000,350.000,-1,325.000,-1,-1,575.000,575.000,925.000,975.000,2,0,2,0,2,0,0,0,0,2,0,2,2,0,0,0,0
132,-11245.811,-5129.944,134.148,203.510,-0.901535,0.398772,-0.167973,-0.397160,-0.916666,-0.044577,-0.171752,0.026524,0.984783,0,0.37091,0.47311,22.255,0.946,-1,350.000,-1,350.000,-1,300.000,275.000,325.000,350.000,-1,300.000,-1,-1,575.000,575.000,925.000,975.000,2,0,2,0,2,0,0,0,0,2,0,2,2,0,0,0,0
133,-11270.439,-5141.142,129.688,204.450,-0.895102,0.413741,-0.166162,-0.412198,-0.909966,-0.045328,-0.169956,0.027919,0.985056,0,0.45091,0.47001,27.055,0.940,-1,350.000,-1,350.000,-1,275.000,275.000,325.000,350.000,-1,300.000,-1,-1,575.000,575.000,925.000,950.000,2,0,2,0,2,0,0,0,0,2,0,2,2,0,0,0,0
134,-11299.217,-5154.798,124.473,205.383,-0.888545,0.428487,-0.163971,-0.426972,-0.903084,-0.046206,-0.167878,0.028954,0.985382,0,0.53091,0.46638,31.855,0.933,-1,350.000,-1,350.000,-1,275.000,275.000,325.000,350.000,-1,300.000,-1,-1,575.000,575.000,925.000,950.000,2,0,2,0,2,0,0,0,0,2,0,2,2,0,0,0,0
135,-11332.074,-5171.043,118.943,206.307,-0.881976,0.442969,-0.160923,-0.441789,-0.895988,-0.045035,-0.164134,0.031375,0.985939,0,0.61091,0.46221,36.655,0.924,-1,350.000,-1,350.000,-1,275.000,275.000,325.000,350.000,-1,300.000,-1,-1,575.000,575.000,950.000,950.000,2,0,2,0,2,0,0,0,0,2,0,2,2,0,0,0,0
