timestep,x_cm,y_cm,z_cm,yaw_deg,basis_xx,basis_xy,basis_xz,basis_yx,basis_yy,basis_yz,basis_zx,basis_zy,basis_zz,teleport_flag,throttle_cmd,steering_cmd,cmd_move_cm,cmd_turn_deg,lidar_cm_0,lidar_cm_1,lidar_cm_2,lidar_cm_3,lidar_cm_4,lidar_cm_5,lidar_cm_6,lidar_cm_7,lidar_cm_8,lidar_cm_9,lidar_cm_10,lidar_cm_11,lidar_cm_12,lidar_cm_13,lidar_cm_14,lidar_cm_15,lidar_cm_16,lidar_class_0,lidar_class_1,lidar_class_2,lidar_class_3,lidar_class_4,lidar_class_5,lidar_class_6,lidar_class_7,lidar_class_8,lidar_class_9,lidar_class_10,lidar_class_11,lidar_class_12,lidar_class_13,lidar_class_14,lidar_class_15,lidar_class_16
0,-8850.811,-8201.338,450.351,-27.135,0.889704,0.455963,-0.022907,-0.456337,0.889680,-0.015032,0.013526,0.023827,0.999625,1,0.08000,0.12000,4.800,0.240,-1,400.000,-1,375.000,-1,325.000,300.000,300.000,300.000,-1,-1,-1,-1,700.000,675.000,-1,-1,2,0,2,0,2,0,0,0,0,2,2,2,2,0,0,2,2
1,-8842.231,-8205.645,450.506,-26.655,0.893491,0.448498,-0.022888,-0.448867,0.893479,-0.014621,0.013893,0.023337,0.999631,0,0.16000,0.24000,9.600,0.480,-1,400.000,-1,375.000,-1,325.000,300.000,300.000,300.000,-1,-1,-1,-1,700.000,675.000,-1,-1,2,0,2,0,2,0,0,0,0,2,2,2,2,0,0,2,2
2,-8829.282,-8211.943,450.742,-25.935,0.899053,0.437243,-0.022871,-0.437603,0.899059,-0.014013,0.014435,0.022607,0.999640,0,0.24000,0.36000,14.400,0.720,-1,400.000,-1,375.000,-1,325.000,300.000,300.000,300.000,-1,-1,-1,-1,700.000,675.000,-1,-1,2,0,2,0,2,0,0,0,0,2,2,2,2,0,0,2,2
3,-8811.877,-8220.050,451.064,-24.975,0.906248,0.422127,-0.022869,-0.422475,0.906278,-0.013220,0.015145,0.021642,0.999651,0,0.32000,0.48000,19.200,0.960,-1,400.000,-1,375.000,-1,325.000,300.000,300.000,300.000,-1,-1,-1,-1,675.000,675.000,-1,-1,2,0,2,0,2,0,0,0,0,2,2,2,2,0,0,2,2
4,-8789.914,-8229.726,451.479,-23.775,0.914885,0.403065,-0.022896,-0.403397,0.914943,-0.012255,0.016009,0.020448,0.999663,0,0.40000,0.60000,24.000,1.200,-1,375.000,-1,375.000,-1,325.000,300.000,300.000,300.000,-1,-1,-1,-1,675.000,650.000,-1,-1,2,0,2,0,2,0,0,0,0,2,2,2,2,0,0,2,2
5,-8763.275,-8240.671,451.994,-22.335,0.924719,0.379956,-0.022970,-0.380269,0.924809,-0.011137,0.017011,0.019033,0.999674,0,0.48000,0.72000,28.800,1.440,-1,375.000,-1,375.000,-1,325.000,300.000,300.000,300.000,-1,-1,-1,-1,675.000,650.000,-1,-1,2,0,2,0,2,0,0,0,0,2,2,2,2,0,0,2,2
6,-8731.835,-8252.523,452.617,-20.655,0.935455,0.352690,-0.023109,-0.352981,0.935578,-0.009886,0.018134,0.017405,0.999684,0,0.56000,0.84000,33.600,1.680,-1,375.000,-1,375.000,-1,325.000,325.000,300.000,300.000,-1,-1,-1,-1,675.000,650.000,-1,-1,2,0,2,0,2,0,0,0,0,2,2,2,2,0,0,2,2
7,-8695.470,-8264.858,453.355,-18.735,0.946739,0.321156,-0.023331,-0.321420,0.946898,-0.008528,0.019353,0.015573,0.999691,0,0.64000,0.96000,38.400,1.920,-1,375.000,-1,375.000,-1,325.000,300.000,300.000,300.000,-1,-1,-1,-1,675.000,650.000,-1,-1,2,0,2,0,2,0,0,0,0,2,2,2,2,0,0,2,2
8,-8654.100,-8277.297,454.213,-16.735,0.957362,0.287923,-0.023644,-0.288156,0.957557,-0.007093,0.020598,0.013604,0.999695,0,0.72000,1.00000,43.200,2.000,-1,375.000,-1,375.000,-1,300.000,300.000,300.000,300.000,-1,-1,-1,-1,675.000,650.000,-1,-1,2,0,2,0,2,0,0,0,0,2,2,2,2,0,0,2,2
9,-8607.680,-8289.511,455.202,-14.741,0.966792,0.254431,-0.024035,-0.254632,0.967022,-0.005634,0.021809,0.011567,0.999695,0,0.80000,0.99716,48.000,1.994,-1,375.000,-1,375.000,-1,300.000,300.000,300.000,300.000,-1,-1,-1,-1,675.000,650.000,-1,-1,2,0,2,0,2,0,0,0,0,2,2,2,2,0,0,2,2
10,-8559.595,-8300.398,456.389,-12.757,0.975001,0.220809,-0.024842,-0.220989,0.975265,-0.004747,0.023179,0.010119,0.999680,0,0.82169,0.99185,49.301,1.984,-1,375.000,-1,375.000,-1,300.000,300.000,300.000,300.000,-1,-1,-1,-1,675.000,625.000,-1,975.000,2,0,2,0,2,0,0,0,0,2,2,2,2,0,0,2,1
11,-8510.313,-8309.788,457.806,-10.787,0.981979,0.187148,-0.026318,-0.187330,0.982286,-0.004612,0.024989,0.009459,0.999643,0,0.83614,0.98515,50.168,1.970,-1,375.000,-1,350.000,-1,300.000,300.000,300.000,300.000,-1,-1,-1,-1,675.000,625.000,-1,900.000,2,0,2,0,2,0,0,0,0,2,2,2,2,0,0,2,1
12,-8459.890,-8317.623,459.534,-8.833,0.987742,0.153549,-0.028090,-0.153712,0.988109,-0.003727,0.027184,0.007999,0.999598,0,0.85048,0.97699,51.029,1.954,-1,375.000,-1,350.000,975.000,300.000,300.000,300.000,300.000,-1,-1,-1,-1,675.000,625.000,-1,850.000,2,0,2,0,1,0,0,0,0,2,2,2,2,0,0,2,1
13,-8408.390,-8323.854,461.667,-6.898,0.992285,0.120107,-0.030723,-0.120215,0.992746,-0.001690,0.030297,0.005370,0.999527,0,0.86458,0.96727,51.875,1.935,-1,375.000,-1,375.000,900.000,300.000,300.000,300.000,300.000,-1,-1,-1,-1,675.000,650.000,-1,775.000,2,0,2,0,1,0,0,0,0,2,2,2,2,0,1,2,1
14,-8355.891,-8328.435,463.844,-4.987,0.995652,0.086921,-0.033485,-0.086970,0.996211,0.000002,0.033358,0.002911,0.999439,0,0.87831,0.95592,52.699,1.912,-1,375.000,-1,375.000,800.000,300.000,300.000,300.000,300.000,-1,-1,-1,-1,675.000,600.000,-1,725.000,2,0,2,0,1,0,0,0,0,2,2,2,2,0,1,2,1
15,-8302.478,-8331.329,466.059,-3.101,0.997874,0.054094,-0.036340,-0.054081,0.998536,0.001342,0.036359,0.000626,0.999339,0,0.89152,0.94284,53.491,1.886,-1,375.000,-1,375.000,725.000,325.000,300.000,300.000,300.000,-1,875.000,-1,-1,700.000,575.000,-1,650.000,2,0,2,0,1,0,0,0,0,2,0,2,2,0,1,2,1
16,-8248.248,-8332.508,468.307,-1.245,0.998993,0.021728,-0.039249,-0.021653,0.999763,0.002332,0.039291,-0.001480,0.999227,0,0.90404,0.92793,54.242,1.856,-1,375.000,-1,375.000,650.000,325.000,300.000,300.000,325.000,-1,800.000,800.000,-1,700.000,550.000,-1,600.000,2,0,2,0,1,0,0,0,0,2,0,0,2,0,1,2,1
17,-8193.311,-8331.954,470.579,0.577,0.999059,-0.010074,-0.042176,0.010209,0.999943,0.002979,0.042144,-0.003406,0.999106,0,0.91567,0.91112,54.940,1.822,-1,375.000,-1,375.000,575.000,325.000,325.000,300.000,300.000,-1,725.000,725.000,-1,700.000,525.000,-1,550.000,2,0,2,1,1,0,0,0,0,2,0,0,2,0,1,2,1
18,-8137.785,-8329.664,472.870,2.362,0.998133,-0.041210,-0.045085,0.041400,0.999137,0.003293,0.044911,-0.005153,0.998978,0,0.92621,0.89230,55.572,1.785,-1,400.000,-1,350.000,525.000,325.000,325.000,300.000,300.000,-1,650.000,625.000,-1,725.000,500.000,-1,500.000,2,0,2,1,1,1,1,0,0,2,0,0,2,0,1,2,1
19,-8081.804,-8325.647,475.171,4.105,0.996282,-0.071577,-0.047944,0.071816,0.997412,0.003291,0.047584,-0.006722,0.998845,0,0.93541,0.87140,56.125,1.743,-1,400.000,-1,350.000,450.000,325.000,300.000,300.000,300.000,-1,600.000,575.000,-1,725.000,475.000,-1,450.000,2,0,2,1,1,1,1,0,0,2,0,0,2,0,1,2,1
20,-8022.091,-8319.784,477.624,5.607,0.993915,-0.097709,-0.050852,0.097989,0.995183,0.003025,0.050311,-0.007990,0.998702,0,1.00000,0.75140,60.000,1.503,-1,400.000,-1,325.000,400.000,325.000,300.000,300.000,300.000,-1,550.000,525.000,-1,725.000,475.000,-1,400.000,2,0,2,1,1,0,1,0,0,2,0,0,2,0,1,2,1
21,-7962.522,-8312.607,480.065,6.870,0.991371,-0.119616,-0.053631,0.119925,0.992780,0.002567,0.052937,-0.008976,0.998558,0,1.00000,0.63140,60.000,1.263,-1,400.000,-1,325.000,350.000,325.000,300.000,300.000,300.000,-1,500.000,450.000,-1,750.000,450.000,-1,350.000,2,0,2,1,1,0,1,0,0,2,0,0,2,0,1,2,1
22,-7903.090,-8304.367,482.610,7.893,0.988942,-0.137317,-0.056017,0.137669,0.990475,0.002451,0.055147,-0.010136,0.998427,0,1.00000,0.51140,60.000,1.023,-1,400.000,-1,300.000,300.000,325.000,300.000,300.000,300.000,-1,450.000,425.000,-1,750.000,450.000,-1,300.000,2,0,2,1,1,0,1,0,0,2,0,0,2,0,1,2,1
23,-7843.775,-8295.316,488.351,8.676,0.986300,-0.150804,-0.066857,0.151993,0.988296,0.013031,0.064110,-0.023014,0.997677,0,1.00000,0.39140,60.000,0.783,-1,400.000,-1,325.000,275.000,350.000,300.000,275.000,325.000,-1,350.000,375.000,-1,800.000,475.000,-1,325.000,2,0,2,1,1,0,1,0,0,2,0,0,2,0,1,2,1
24,-7784.549,-8285.702,494.426,9.219,0.984143,-0.160113,-0.076335,0.162168,0.986529,0.021500,0.071865,-0.033538,0.996850,0,1.00000,0.27140,60.000,0.543,-1,425.000,-1,325.000,275.000,350.000,325.000,275.000,350.000,925.000,325.000,375.000,-1,850.000,500.000,-1,325.000,2,0,2,1,1,0,1,0,0,0,0,0,2,0,1,2,1
25,-7725.374,-8275.775,500.283,9.521,0.982581,-0.165267,-0.084979,0.168223,0.985327,0.028839,0.078965,-0.042632,0.995965,0,1.00000,0.15140,60.000,0.303,-1,450.000,-1,350.000,275.000,375.000,350.000,275.000,375.000,825.000,300.000,375.000,-1,925.000,525.000,-1,325.000,2,0,2,1,1,0,1,0,0,0,0,0,2,0,1,2,1
26,-7666.211,-8265.783,505.926,9.584,0.981700,-0.166284,-0.092821,0.170168,0.984773,0.035578,0.085492,-0.050722,0.995047,0,1.00000,0.03140,60.000,0.063,-1,450.000,-1,350.000,250.000,375.000,375.000,275.000,375.000,775.000,300.000,375.000,-1,975.000,575.000,-1,325.000,2,0,2,1,1,0,1,0,1,0,0,0,2,0,1,2,1
27,-7607.017,-8255.973,511.415,9.407,0.981516,-0.163172,-0.100002,0.168014,0.984889,0.042022,0.091634,-0.058047,0.994099,0,1.00000,-0.08860,60.000,-0.177,-1,475.000,-1,375.000,250.000,400.000,400.000,275.000,325.000,700.000,275.000,375.000,-1,-1,650.000,-1,325.000,2,0,2,1,1,0,1,0,1,0,0,0,2,2,1,2,1
28,-7547.753,-8246.595,516.819,8.990,0.981989,-0.155931,-0.106690,0.161777,0.985635,0.048484,0.097597,-0.064871,0.993110,0,1.00000,-0.20860,60.000,-0.417,-1,500.000,-1,375.000,250.000,400.000,425.000,275.000,300.000,675.000,250.000,375.000,-1,-1,725.000,-1,325.000,2,0,2,1,1,0,1,0,1,0,0,0,2,2,1,2,1
29,-7488.385,-8237.897,522.211,8.333,0.983016,-0.144550,-0.113068,0.151482,0.986912,0.055290,0.103596,-0.071479,0.992048,0,1.00000,-0.32860,60.000,-0.657,-1,500.000,-1,400.000,225.000,425.000,450.000,250.000,275.000,625.000,200.000,350.000,-1,-1,775.000,-1,325.000,2,0,2,1,1,0,1,0,1,0,0,0,2,2,1,2,1
30,-7428.888,-8230.129,527.670,7.435,0.984438,-0.129014,-0.119323,0.137164,0.988557,0.062784,0.109857,-0.078174,0.990868,0,1.00000,-0.44860,60.000,-0.897,-1,525.000,-1,425.000,225.000,450.000,475.000,250.000,250.000,575.000,175.000,325.000,-1,-1,825.000,-1,-1,2,0,2,1,1,0,1,0,1,0,0,0,2,2,1,2,2
31,-7369.248,-8223.543,533.282,6.298,0.986038,-0.109305,-0.125622,0.118871,0.990344,0.071340,0.116611,-0.085277,0.989510,0,1.00000,-0.56860,60.000,-1.137,-1,550.000,-1,450.000,200.000,475.000,500.000,250.000,225.000,525.000,150.000,300.000,-1,-1,-1,-1,-1,2,0,2,1,1,0,1,0,1,0,0,0,2,2,2,2,2
32,-7309.467,-8218.391,539.133,4.921,0.987550,-0.085411,-0.132096,0.096678,0.991985,0.081362,0.124088,-0.093120,0.987892,0,1.00000,-0.68860,60.000,-1.377,-1,575.000,-1,475.000,175.000,500.000,500.000,250.000,225.000,475.000,125.000,275.000,-1,-1,-1,-1,-1,2,0,2,1,1,0,1,0,1,0,0,0,2,2,2,2,2
33,-7249.564,-8214.927,545.311,3.304,0.988657,-0.057331,-0.138820,0.070689,0.993127,0.093287,0.132517,-0.102042,0.985914,0,1.00000,-0.80860,60.000,-1.617,-1,600.000,-1,475.000,300.000,525.000,525.000,250.000,200.000,400.000,100.000,250.000,-1,-1,-1,-1,-1,2,0,2,1,1,0,1,0,1,0,0,0,2,2,2,2,2
34,6231.344,-4919.582,36.636,-147.043,-0.800810,0.537335,0.264525,-0.559483,-0.828778,-0.010238,0.213732,-0.156196,0.964324,1,0.00000,0.00000,59.472,-1.797,-1,800.000,-1,300.000,150.000,500.000,325.000,125.000,825.000,75.000,100.000,200.000,-1,-1,725.000,-1,125.000,2,1,2,1,1,1,1,1,0,1,0,0,2,2,1,2,1
35,-3609.219,6891.826,-476.410,108.348,-0.324110,-0.940786,-0.099371,0.942466,-0.312010,-0.120031,0.081919,-0.132557,0.987784,1,0.08000,-0.12000,4.800,-0.240,-1,500.000,-1,450.000,150.000,425.000,425.000,275.000,200.000,500.000,125.000,200.000,-1,975.000,575.000,-1,375.000,2,1,2,1,1,1,1,0,1,0,0,0,2,0,1,2,1
36,-3612.166,6900.964,-475.698,107.868,-0.316533,-0.943217,-0.100744,0.944835,-0.304069,-0.121775,0.084227,-0.133732,0.987432,0,0.16000,-0.24000,9.600,-0.480,-1,500.000,-1,450.000,150.000,425.000,425.000,275.000,200.000,500.000,125.000,200.000,-1,975.000,575.000,-1,375.000,2,1,2,1,1,1,1,0,1,0,0,0,2,0,1,2,1
37,-3616.414,6914.725,-474.592,107.148,-0.305159,-0.946721,-0.102943,0.948249,-0.292118,-0.124461,0.087758,-0.135596,0.986870,0,0.24000,-0.36000,14.400,-0.720,-1,500.000,-1,450.000,150.000,425.000,425.000,275.000,200.000,500.000,100.000,200.000,-1,1000.000,575.000,-1,350.000,2,1,2,1,1,1,1,0,1,0,0,0,2,0,1,2,1
38,-3621.769,6933.166,-473.050,106.188,-0.289984,-0.951127,-0.106143,0.952541,-0.276112,-0.128170,0.092598,-0.138273,0.986056,0,0.32000,-0.48000,19.200,-0.960,-1,500.000,-1,450.000,150.000,425.000,400.000,275.000,175.000,475.000,100.000,200.000,-1,-1,575.000,-1,325.000,2,1,2,1,1,1,1,0,1,0,0,0,2,2,1,2,1
39,-3627.980,6956.352,-471.010,104.988,-0.271019,-0.956199,-0.110600,0.957483,-0.255998,-0.133009,0.098869,-0.141945,0.984925,0,0.40000,-0.60000,24.000,-1.200,-1,500.000,-1,425.000,150.000,400.000,400.000,275.000,175.000,450.000,100.000,200.000,-1,-1,550.000,-1,300.000,2,1,2,1,1,1,1,0,1,0,0,0,2,2,1,2,1
40,-3634.780,6984.342,-468.497,103.646,-0.249866,-0.961281,-0.116215,0.962423,-0.233377,-0.138846,0.106348,-0.146540,0.983471,0,0.48000,-0.67097,28.800,-1.342,-1,475.000,-1,425.000,125.000,400.000,400.000,275.000,175.000,425.000,100.000,200.000,-1,-1,525.000,-1,275.000,2,1,2,1,1,1,1,0,1,0,0,0,2,2,1,2,1
41,2295.761,327.945,-3.497,177.634,-0.998613,-0.041232,0.032747,0.042857,-0.997799,0.050598,0.030589,0.051931,0.998182,1,0.00000,0.00000,33.600,-1.348,-1,400.000,-1,400.000,-1,325.000,325.000,300.000,300.000,-1,-1,-1,925.000,725.000,750.000,-1,-1,2,0,2,0,2,0,0,0,0,2,2,2,1,0,0,2,2
42,2290.965,328.145,-3.351,177.610,-0.998593,-0.041649,0.032819,0.043279,-0.997780,0.050616,0.030638,0.051965,0.998179,0,0.08000,-0.01199,4.800,-0.024,-1,400.000,-1,400.000,-1,325.000,325.000,300.000,300.000,-1,-1,-1,925.000,725.000,750.000,-1,-1,2,0,2,0,2,0,0,0,0,2,2,2,1,0,0,2,2
43,2281.372,328.518,-3.057,177.775,-0.998705,-0.038767,0.032955,0.040407,-0.997898,0.050656,0.030922,0.051922,0.998172,0,0.16000,0.08274,9.600,0.165,-1,400.000,-1,400.000,-1,325.000,325.000,300.000,300.000,-1,-1,-1,950.000,725.000,750.000,-1,-1,2,0,2,0,2,0,0,0,0,2,2,2,1,0,0,2,2
44,2266.981,329.034,-2.614,177.946,-0.998809,-0.035799,0.033161,0.037454,-0.998010,0.050718,0.031280,0.051900,0.998162,0,0.24000,0.08522,14.400,0.170,-1,400.000,-1,400.000,-1,325.000,325.000,300.000,300.000,-1,-1,-1,950.000,725.000,750.000,-1,-1,2,0,2,0,2,0,0,0,0,2,2,2,1,0,0,2,2
45,2247.792,329.663,-2.020,178.124,-0.998906,-0.032697,0.033439,0.034372,-0.998117,0.050804,0.031714,0.051898,0.998149,0,0.32000,0.08902,19.200,0.178,-1,400.000,-1,400.000,-1,325.000,325.000,300.000,300.000,-1,-1,-1,950.000,725.000,750.000,-1,-1,2,0,2,0,2,0,0,0,0,2,2,2,1,0,0,2,2
46,2223.802,330.370,-1.274,178.312,-0.998996,-0.029416,0.033786,0.031115,-0.998218,0.050914,0.032229,0.051914,0.998131,0,0.40000,0.09417,24.000,0.188,-1,375.000,-1,400.000,-1,325.000,325.000,300.000,300.000,-1,-1,-1,950.000,725.000,750.000,-1,-1,2,0,2,0,2,0,0,0,0,2,2,2,1,0,0,2,2
47,2195.012,331.117,-0.374,178.513,-0.999079,-0.025906,0.034205,0.027634,-0.998314,0.051052,0.032825,0.051950,0.998110,0,0.48000,0.10072,28.800,0.201,-1,375.000,-1,400.000,-1,325.000,325.000,300.000,300.000,-1,-1,-1,975.000,725.000,775.000,-1,-1,2,0,2,0,2,0,0,0,0,2,2,2,1,0,0,2,2
48,2161.420,331.861,0.683,178.731,-0.999153,-0.022118,0.034694,0.023880,-0.998402,0.051219,0.033506,0.052004,0.998085,0,0.56000,0.10870,33.600,0.217,-1,375.000,-1,400.000,-1,325.000,325.000,300.000,300.000,-1,-1,-1,1000.000,725.000,775.000,-1,-1,2,0,2,0,2,0,0,0,0,2,2,2,1,0,0,2,2
49,2123.026,332.553,1.899,178.967,-0.999216,-0.018000,0.035254,0.019801,-0.998481,0.051419,0.034275,0.052077,0.998055,0,0.64000,0.11816,38.400,0.236,-1,375.000,-1,400.000,-1,325.000,325.000,300.000,300.000,-1,-1,-1,-1,725.000,775.000,-1,-1,2,0,2,0,2,0,0,0,0,2,2,2,2,0,0,2,2
50,2079.830,333.136,3.277,179.226,-0.999265,-0.013498,0.035886,0.015343,-0.998547,0.051654,0.035137,0.052166,0.998020,0,0.72000,0.12916,43.200,0.258,-1,375.000,-1,400.000,-1,325.000,325.000,300.000,300.000,-1,-1,-1,-1,725.000,775.000,-1,-1,2,0,2,0,2,0,0,0,0,2,2,2,2,0,0,2,2
51,2031.832,333.548,4.821,179.509,-0.999294,-0.008556,0.036589,0.010452,-0.998596,0.051927,0.036094,0.052273,0.997980,0,0.80000,0.14177,48.000,0.284,-1,375.000,-1,400.000,-1,325.000,325.000,300.000,300.000,-1,-1,-1,-1,725.000,775.000,-1,-1,2,0,2,0,2,0,0,0,0,2,2,2,2,0,0,2,2
52,1982.442,333.701,6.424,179.821,-0.999299,-0.003117,0.037315,0.005065,-0.998623,0.052224,0.037101,0.052377,0.997938,0,0.82317,0.15604,49.390,0.312,-1,375.000,-1,400.000,-1,325.000,325.000,300.000,300.000,-1,-1,1000.000,-1,725.000,775.000,-1,-1,2,0,2,0,2,0,0,0,0,2,2,0,2,0,0,2,2
53,1932.683,333.559,8.311,180.163,-0.999290,0.002843,0.037564,-0.000856,-0.998604,0.052817,0.037662,0.052747,0.997897,0,0.82933,0.17099,49.760,0.342,-1,375.000,-1,400.000,-1,325.000,325.000,300.000,300.000,-1,-1,-1,-1,725.000,800.000,-1,-1,2,0,2,0,2,0,0,0,0,2,2,2,2,0,0,2,2
54,1882.548,333.090,10.288,180.536,-0.999241,0.009337,0.037808,-0.007307,-0.998543,0.053473,0.038252,0.053156,0.997853,0,0.83561,0.18630,50.137,0.373,-1,375.000,-1,400.000,-1,325.000,325.000,300.000,300.000,-1,-1,-1,-1,725.000,800.000,-1,-1,2,0,2,0,2,0,0,0,0,2,2,2,2,0,0,2,2
55,1832.036,332.261,12.300,180.940,-0.999141,0.016376,0.038059,-0.014302,-0.998431,0.054143,0.038885,0.053553,0.997808,0,0.84199,0.20196,50.520,0.404,-1,375.000,-1,400.000,-1,325.000,325.000,300.000,300.000,-1,-1,-1,-1,725.000,800.000,-1,-1,2,0,2,0,2,0,0,0,0,2,2,2,2,0,0,2,2
56,1781.495,331.122,14.331,181.291,-0.999013,0.022495,0.038315,-0.020376,-0.998288,0.054828,0.039482,0.053993,0.997760,0,0.84256,0.17560,50.553,0.351,-1,375.000,-1,400.000,-1,325.000,325.000,300.000,300.000,-1,-1,-1,-1,750.000,825.000,-1,-1,2,0,2,0,2,0,0,0,0,2,2,2,2,0,0,2,2
57,1730.933,329.663,16.383,181.653,-0.998840,0.028803,0.038576,-0.026637,-0.998102,0.055517,0.040102,0.054425,0.997712,0,0.84305,0.18105,50.583,0.362,-1,375.000,-1,400.000,-1,325.000,325.000,300.000,300.000,-1,-1,-1,-1,750.000,825.000,-1,-1,2,0,2,0,2,0,0,0,0,2,2,2,2,0,0,2,2
58,1680.369,327.873,18.455,182.026,-0.998622,0.035302,0.038843,-0.033090,-0.997871,0.056210,0.040745,0.054847,0.997663,0,0.84327,0.18660,50.596,0.373,-1,375.000,-1,400.000,-1,325.000,325.000,300.000,300.000,-1,-1,-1,-1,750.000,825.000,-1,-1,2,0,2,0,2,0,0,0,0,2,2,2,2,0,0,2,2
59,1629.820,325.745,20.550,182.411,-0.998352,0.041997,0.039116,-0.039735,-0.997589,0.056903,0.041412,0.055255,0.997613,0,0.84322,0.19224,50.593,0.384,1000.000,375.000,-1,400.000,-1,325.000,325.000,300.000,300.000,-1,-1,-1,-1,750.000,850.000,-1,-1,1,0,2,0,2,0,0,0,0,2,2,2,2,0,0,2,2
60,1579.307,323.268,22.667,182.807,-0.998027,0.048889,0.039396,-0.046577,-0.997253,0.057594,0.042104,0.055645,0.997562,0,0.84290,0.19797,50.574,0.396,1000.000,400.000,-1,400.000,-1,325.000,325.000,300.000,300.000,-1,-1,-1,-1,750.000,850.000,-1,-1,1,0,2,0,2,0,0,0,0,2,2,2,2,0,0,2,2
61,1528.850,320.434,24.807,183.214,-0.997643,0.055979,0.039684,-0.053617,-0.996859,0.058280,0.042822,0.056015,0.997511,0,0.84229,0.20376,50.537,0.408,975.000,400.000,-1,400.000,-1,325.000,325.000,300.000,300.000,-1,-1,-1,-1,750.000,850.000,-1,-1,1,0,2,0,2,0,0,0,0,2,2,2,2,0,0,2,2
62,1478.468,317.235,26.970,183.633,-0.997195,0.063270,0.039980,-0.060856,-0.996404,0.058959,0.043566,0.056360,0.997460,0,0.84139,0.20961,50.484,0.419,975.000,400.000,-1,400.000,-1,325.000,325.000,300.000,300.000,-1,-1,-1,-1,775.000,875.000,-1,-1,1,0,2,0,2,0,0,0,0,2,2,2,2,0,0,2,2
63,1428.182,313.661,29.157,184.064,-0.996679,0.070763,0.040284,-0.068296,-0.995882,0.059628,0.044337,0.056678,0.997408,0,0.84021,0.21551,50.413,0.431,975.000,400.000,-1,400.000,-1,325.000,325.000,300.000,300.000,-1,-1,-1,-1,775.000,875.000,-1,-1,1,0,2,0,2,0,0,0,0,2,2,2,2,0,0,2,2
64,1378.013,309.706,31.369,184.507,-0.996091,0.078457,0.040598,-0.075937,-0.995289,0.060284,0.045137,0.056965,0.997355,0,0.83875,0.22143,50.325,0.443,950.000,400.000,-1,425.000,-1,325.000,325.000,300.000,300.000,-1,-1,-1,-1,775.000,900.000,-1,-1,1,0,2,0,2,0,0,0,0,2,2,2,2,0,0,2,2
65,1327.981,305.362,33.609,184.962,-0.995425,0.086352,0.040886,-0.083781,-0.994621,0.060908,0.045925,0.057204,0.997306,0,0.83701,0.22737,50.221,0.455,950.000,400.000,-1,425.000,-1,325.000,325.000,300.000,300.000,-1,-1,-1,-1,775.000,925.000,-1,-1,1,0,2,0,2,0,0,0,0,2,2,2,2,0,0,2,2
66,1278.105,300.622,35.629,185.428,-0.994722,0.094436,0.040121,-0.091834,-0.993818,0.062382,0.045764,0.058368,0.997246,0,0.83500,0.23311,50.100,0.466,925.000,400.000,-1,425.000,-1,325.000,325.000,300.000,300.000,-1,-1,-1,-1,775.000,925.000,-1,-1,1,0,2,0,2,0,0,0,0,2,2,2,2,0,0,2,2
67,1228.406,295.485,37.583,185.900,-0.993961,0.102608,0.038910,-0.100025,-0.992965,0.063373,0.045139,0.059099,0.997231,0,0.83273,0.23579,49.964,0.472,900.000,400.000,-1,425.000,-1,325.000,325.000,300.000,300.000,-1,-1,-1,-1,775.000,925.000,-1,-1,1,0,2,0,2,0,0,0,0,2,2,2,2,0,0,2,2
68,1178.903,289.953,39.571,186.376,-0.993120,0.110858,0.037728,-0.108293,-0.992036,0.064324,0.044558,0.059795,0.997216,0,0.83021,0.23825,49.812,0.477,875.000,400.000,-1,400.000,-1,325.000,325.000,300.000,300.000,-1,-1,-1,-1,775.000,925.000,-1,-1,1,0,2,0,2,0,0,0,0,2,2,2,2,0,0,2,2
69,1129.612,284.025,41.594,186.857,-0.992199,0.119177,0.036577,-0.116632,-0.991031,0.065230,0.044023,0.060455,0.997200,0,0.82744,0.24049,49.646,0.481,850.000,400.000,-1,400.000,-1,325.000,325.000,300.000,300.000,-1,-1,-1,-1,775.000,925.000,-1,-1,1,0,2,0,2,0,0,0,0,2,2,2,2,0,0,2,2
70,1080.551,277.703,43.651,187.342,-0.991197,0.127557,0.035460,-0.125032,-0.989949,0.066090,0.043533,0.061074,0.997183,0,0.82444,0.24250,49.466,0.485,825.000,400.000,-1,400.000,-1,325.000,325.000,300.000,300.000,-1,-1,-1,-1,775.000,925.000,-1,-1,1,0,2,0,2,0,0,0,0,2,2,2,2,0,0,2,2
71,1031.737,270.989,45.744,187.831,-0.990114,0.135988,0.034379,-0.133483,-0.988790,0.066900,0.043091,0.061650,0.997167,0,0.82124,0.24427,49.275,0.489,800.000,400.000,-1,400.000,-1,325.000,325.000,300.000,300.000,-1,-1,-1,-1,775.000,925.000,-1,-1,1,0,2,0,2,0,0,0,0,2,2,2,2,0,0,2,2
72,983.182,263.886,47.873,188.322,-0.988949,0.144462,0.033337,-0.141978,-0.987555,0.067660,0.042696,0.062179,0.997151,0,0.81786,0.24581,49.072,0.492,750.000,400.000,-1,400.000,-1,325.000,325.000,300.000,300.000,-1,-1,-1,-1,775.000,925.000,-1,-1,1,0,2,0,2,0,0,0,0,2,2,2,2,0,0,2,2
73,938.204,257.104,49.871,188.574,-0.988338,0.148792,0.032393,-0.146331,-0.986872,0.068346,0.042137,0.062809,0.997136,0,0.75810,0.12581,45.486,0.252,750.000,375.000,-1,400.000,-1,325.000,325.000,300.000,300.000,-1,-1,-1,-1,775.000,925.000,-1,-1,1,0,2,0,2,0,0,0,0,2,2,2,2,0,0,2,2
74,893.457,250.348,51.868,188.586,-0.988339,0.148984,0.031465,-0.146553,-0.986791,0.069027,0.041333,0.063611,0.997118,0,0.75425,0.00581,45.255,0.012,725.000,400.000,-1,400.000,-1,325.000,325.000,300.000,300.000,-1,-1,-1,-1,775.000,925.000,-1,-1,1,0,2,0,2,0,0,0,0,2,2,2,2,0,0,2,2
75,848.949,243.808,53.847,188.357,-0.988954,0.145040,0.030544,-0.142647,-0.987315,0.069715,0.040268,0.064588,0.997099,0,0.74976,-0.11419,44.986,-0.228,725.000,400.000,-1,425.000,-1,325.000,325.000,300.000,300.000,-1,-1,-1,-1,775.000,925.000,-1,-1,1,0,2,0,2,0,0,0,0,2,2,2,2,0,0,2,2
76,804.691,237.675,55.792,187.889,-0.990134,0.136954,0.029623,-0.134606,-0.988393,0.070423,0.038924,0.065741,0.997077,0,0.74469,-0.23419,44.681,-0.468,725.000,400.000,-1,425.000,-1,325.000,325.000,300.000,300.000,-1,-1,-1,-1,775.000,950.000,-1,-1,1,0,2,0,2,0,0,0,0,2,2,2,2,0,0,2,2
77,760.694,232.131,57.686,187.180,-0.991778,0.124713,0.028693,-0.122421,-0.989924,0.071165,0.037279,0.067067,0.997052,0,0.73907,-0.35419,44.344,-0.708,725.000,400.000,-1,425.000,-1,325.000,325.000,300.000,325.000,-1,-1,-1,-1,775.000,950.000,-1,-1,1,0,2,0,2,0,0,0,0,2,2,2,2,0,0,2,2
78,716.976,227.356,59.512,186.232,-0.993731,0.108300,0.027745,-0.106075,-0.991751,0.071954,0.035309,0.068560,0.997022,0,0.73297,-0.47419,43.978,-0.948,725.000,400.000,-1,425.000,-1,325.000,325.000,300.000,325.000,-1,-1,-1,-1,775.000,950.000,-1,-1,1,0,2,0,2,0,0,0,0,2,2,2,2,0,0,2,2
79,673.555,223.523,61.181,185.044,-0.995782,0.087696,0.026959,-0.085530,-0.993651,0.073087,0.033197,0.070473,0.996961,0,0.72648,-0.59419,43.589,-1.188,750.000,400.000,-1,425.000,-1,325.000,325.000,300.000,325.000,-1,-1,-1,-1,775.000,975.000,-1,-1,1,0,2,0,2,0,0,1,0,2,2,2,2,0,0,2,2
80,630.466,220.688,62.313,183.761,-0.997525,0.065410,0.025798,-0.063304,-0.995143,0.075392,0.030604,0.073572,0.996820,0,0.71970,-0.64153,43.182,-1.283,775.000,400.000,-1,425.000,-1,325.000,325.000,300.000,300.000,-1,-1,-1,-1,775.000,975.000,-1,-1,1,0,2,0,2,0,0,1,0,2,2,2,2,0,0,2,2
81,583.790,218.666,63.136,182.479,-0.998777,0.043130,0.024182,-0.041165,-0.996211,0.076610,0.027394,0.075521,0.996768,0,0.77865,-0.64077,46.719,-1.282,775.000,400.000,-1,425.000,-1,325.000,325.000,300.000,300.000,-1,-1,-1,-1,775.000,975.000,-1,-1,1,0,2,0,2,0,0,1,0,2,2,2,2,0,0,2,2
82,537.482,217.693,63.877,181.202,-0.999527,0.020906,0.022543,-0.019092,-0.996779,0.077889,0.024099,0.077422,0.996707,0,0.77196,-0.63875,46.318,-1.278,875.000,400.000,-1,425.000,-1,325.000,325.000,300.000,300.000,-1,-1,-1,-1,775.000,975.000,-1,-1,1,0,2,0,2,0,0,1,0,2,2,2,2,0,0,2,2
83,491.591,217.750,64.531,179.927,-0.999781,-0.001267,0.020885,0.002918,-0.996853,0.079225,0.020718,0.079268,0.996638,0,0.76484,-0.63718,45.891,-1.274,-1,400.000,-1,425.000,-1,325.000,325.000,300.000,300.000,-1,-1,-1,-1,775.000,975.000,-1,-1,2,0,2,0,2,0,0,1,0,2,2,2,2,0,0,2,2
84,446.158,218.816,65.095,178.655,-0.999542,-0.023394,0.019210,0.024870,-0.996435,0.080616,0.017255,0.081057,0.996560,0,0.75741,-0.63605,45.444,-1.272,-1,400.000,-1,425.000,-1,325.000,325.000,300.000,300.000,-1,-1,-1,-1,775.000,950.000,-1,-1,2,0,2,0,2,0,0,1,0,2,2,2,2,0,0,2,2
85,401.218,220.868,65.566,177.384,-0.998812,-0.045479,0.017521,0.046769,-0.995529,0.082061,0.013711,0.082783,0.996473,0,0.74977,-0.63536,44.986,-1.271,-1,400.000,-1,425.000,-1,325.000,325.000,300.000,300.000,-1,-1,-1,-1,775.000,950.000,-1,-1,2,0,2,0,2,0,0,0,0,2,2,2,2,0,0,2,2
86,356.797,223.884,65.942,176.114,-0.997592,-0.067527,0.015821,0.068619,-0.994138,0.083559,0.010086,0.084443,0.996377,0,0.74204,-0.63512,44.523,-1.270,-1,400.000,-1,425.000,-1,325.000,325.000,300.000,300.000,-1,-1,-1,-1,800.000,950.000,-1,-1,2,0,2,0,2,0,0,0,0,2,2,2,2,0,0,2,2
87,312.913,227.843,66.219,174.844,-0.995883,-0.089543,0.014112,0.090423,-0.992260,0.085108,0.006382,0.086033,0.996272,0,0.73436,-0.63530,44.061,-1.271,-1,400.000,-1,425.000,-1,325.000,325.000,300.000,300.000,-1,-1,-1,-1,800.000,950.000,-1,-1,2,0,2,0,2,0,0,0,0,2,2,2,2,0,0,2,2
88,269.577,232.725,66.397,173.572,-0.993684,-0.111529,0.012396,0.112186,-0.989897,0.086707,0.002600,0.087550,0.996157,0,0.72681,-0.63590,43.609,-1.272,-1,400.000,-1,425.000,-1,325.000,325.000,300.000,300.000,800.000,-1,-1,-1,800.000,950.000,-1,-1,2,0,2,0,2,0,0,0,0,1,2,2,2,0,0,2,2
89,226.794,238.510,66.473,172.298,-0.990993,-0.133490,0.010674,0.133911,-0.987047,0.088356,-0.001259,0.088990,0.996032,0,0.71952,-0.63690,43.171,-1.274,-1,400.000,-1,425.000,-1,325.000,325.000,300.000,300.000,800.000,-1,-1,-1,800.000,925.000,-1,-1,2,0,2,0,2,0,0,0,0,1,2,2,2,0,0,2,2
90,184.563,245.182,66.446,171.021,-0.987807,-0.155428,0.008950,0.155599,-0.983707,0.090056,-0.005193,0.090350,0.995897,0,0.71256,-0.63829,42.754,-1.277,-1,400.000,-1,425.000,-1,325.000,325.000,300.000,300.000,800.000,-1,-1,-1,800.000,925.000,-1,-1,2,0,2,0,2,0,0,0,0,1,2,2,2,0,0,2,2
91,142.878,252.726,66.314,169.741,-0.984122,-0.177344,0.007223,0.177253,-0.979874,0.091805,-0.009203,0.091628,0.995751,0,0.70602,-0.64004,42.361,-1.280,-1,400.000,-1,425.000,-1,325.000,325.000,300.000,300.000,800.000,-1,-1,-1,800.000,925.000,-1,-1,2,0,2,0,2,0,0,0,0,1,2,2,2,0,0,2,2
92,101.729,261.129,66.074,168.457,-0.979935,-0.199239,0.005497,0.198872,-0.975545,0.093605,-0.013287,0.092820,0.995594,0,0.69996,-0.64213,41.997,-1.284,-1,400.000,-1,425.000,-1,325.000,325.000,300.000,300.000,800.000,-1,-1,-1,800.000,925.000,-1,-1,2,0,2,0,2,0,0,0,0,1,2,2,2,0,0,2,2
93,61.103,270.383,65.656,167.168,-0.975239,-0.221119,0.003931,0.220483,-0.970741,0.095130,-0.017219,0.093641,0.995457,0,0.69442,-0.64456,41.665,-1.289,-1,400.000,-1,425.000,-1,325.000,325.000,300.000,300.000,800.000,-1,-1,-1,800.000,900.000,-1,-1,2,0,2,0,2,0,0,0,0,1,2,2,2,0,0,2,2
94,20.985,280.481,64.866,165.873,-0.970023,-0.243002,0.002272,0.242099,-0.965526,0.095643,-0.021048,0.093326,0.995413,0,0.68946,-0.64730,41.367,-1.295,-1,400.000,-1,425.000,-1,325.000,325.000,300.000,300.000,825.000,-1,-1,-1,800.000,900.000,-1,-1,2,0,2,0,2,0,0,0,0,1,2,2,2,0,0,2,2
95,-18.639,291.418,63.929,164.573,-0.964284,-0.264870,0.000404,0.263681,-0.959811,0.096097,-0.025066,0.092772,0.995372,0,0.68508,-0.65033,41.105,-1.301,-1,400.000,-1,425.000,-1,325.000,325.000,300.000,300.000,825.000,-1,-1,-1,800.000,900.000,-1,-1,2,0,2,0,2,0,0,0,0,1,2,2,2,0,0,2,2
96,-60.956,304.140,62.715,163.268,-0.958032,-0.286658,-0.001352,0.285184,-0.953565,0.096869,-0.029057,0.092419,0.995296,0,0.73643,-0.65214,44.186,-1.304,-1,400.000,-1,425.000,-1,325.000,325.000,300.000,300.000,825.000,-1,-1,-1,800.000,900.000,-1,-1,2,0,2,0,2,0,0,0,0,1,2,2,2,0,0,2,2
97,-102.599,317.701,61.185,161.963,-0.951287,-0.308297,-0.002458,0.306578,-0.946764,0.098220,-0.032608,0.092682,0.995162,0,0.72992,-0.65264,43.795,-1.305,-1,400.000,-1,425.000,-1,325.000,325.000,300.000,300.000,825.000,-1,-1,-1,775.000,875.000,-1,-1,2,0,2,0,2,0,0,0,0,1,2,2,2,0,0,2,2
98,-143.565,332.083,59.488,160.656,-0.944043,-0.329803,-0.003658,0.327815,-0.939457,0.099792,-0.036348,0.093009,0.995002,0,0.72359,-0.65354,43.415,-1.307,-1,400.000,-1,425.000,-1,325.000,325.000,300.000,300.000,850.000,-1,-1,-1,775.000,850.000,-1,-1,2,0,2,0,2,0,0,0,0,1,2,2,2,0,0,2,2
99,-183.851,347.270,57.678,159.346,-0.936294,-0.351183,-0.004854,0.348918,-0.931658,0.101343,-0.040112,0.093193,0.994840,0,0.71753,-0.65481,43.052,-1.310,-1,400.000,-1,425.000,-1,325.000,325.000,300.000,300.000,875.000,-1,-1,-1,775.000,850.000,-1,-1,2,0,2,0,2,0,0,0,0,1,2,2,2,0,0,2,2
100,-223.461,363.247,55.756,158.033,-0.928038,-0.372436,-0.006047,0.369889,-0.923363,0.102868,-0.043895,0.093228,0.994677,0,0.71182,-0.65644,42.709,-1.313,-1,400.000,-1,425.000,-1,325.000,325.000,300.000,300.000,850.000,-1,-1,-1,775.000,825.000,-1,-1,2,0,2,0,2,0,0,0,0,1,2,2,2,0,0,2,2
101,-262.400,380.004,53.719,156.717,-0.919270,-0.393562,-0.007239,0.390728,-0.914571,0.104365,-0.047694,0.093111,0.994513,0,0.70651,-0.65842,42.390,-1.317,-1,400.000,-1,425.000,-1,325.000,325.000,300.000,300.000,850.000,-1,-1,-1,775.000,825.000,-1,-1,2,0,2,0,2,0,0,0,0,1,2,2,2,0,0,2,2
102,-300.677,397.534,51.567,155.395,-0.909983,-0.414559,-0.008430,0.411434,-0.905274,0.105832,-0.051505,0.092837,0.994348,0,0.70165,-0.66073,42.099,-1.321,-1,400.000,-1,400.000,-1,325.000,325.000,300.000,300.000,850.000,-1,-1,-1,775.000,800.000,-1,-1,2,0,2,0,2,0,0,0,0,1,2,2,2,0,0,2,2
103,-338.302,415.831,49.298,154.068,-0.900173,-0.435426,-0.009623,0.432004,-0.895470,0.107267,-0.055323,0.092402,0.994184,0,0.69728,-0.66335,41.837,-1.327,-1,400.000,-1,400.000,-1,325.000,325.000,300.000,300.000,850.000,-1,-1,-1,750.000,775.000,-1,-1,2,0,2,0,2,0,0,0,0,1,2,2,2,0,0,2,2
104,-371.298,432.658,47.200,152.982,-0.891779,-0.452347,-0.010628,0.448671,-0.887082,0.108534,-0.058523,0.092020,0.994036,0,0.61728,-0.54335,37.037,-1.087,-1,400.000,-1,400.000,-1,325.000,325.000,300.000,300.000,850.000,-1,-1,-1,750.000,775.000,-1,-1,2,0,2,0,2,0,0,0,0,1,2,2,2,0,0,2,2
105,-403.150,449.499,45.095,152.135,-0.885018,-0.465414,-0.011519,0.461514,-0.880317,0.109763,-0.061226,0.091826,0.993891,0,0.60049,-0.42335,36.029,-0.847,-1,400.000,-1,400.000,-1,325.000,325.000,300.000,300.000,850.000,-1,-1,-1,750.000,750.000,-1,-1,2,0,2,0,2,0,0,0,0,1,2,2,2,0,0,2,2
106,-434.714,466.618,42.935,151.528,-0.880055,-0.474710,-0.012367,0.470607,-0.875339,0.110955,-0.063496,0.091826,0.993749,0,0.59845,-0.30335,35.907,-0.607,-1,400.000,-1,400.000,-1,325.000,325.000,300.000,300.000,850.000,-1,-1,-1,750.000,750.000,-1,-1,2,0,2,0,2,0,0,0,0,1,2,2,2,0,0,2,2
107,-466.098,483.898,40.733,151.162,-0.877009,-0.480293,-0.013179,0.476011,-0.872266,0.112102,-0.065338,0.092041,0.993609,0,0.59710,-0.18335,35.826,-0.367,-1,400.000,-1,400.000,-1,325.000,325.000,300.000,300.000,875.000,-1,-1,-1,750.000,750.000,-1,-1,2,0,2,0,2,0,0,0,0,1,2,2,2,0,0,2,2
108,-497.405,501.227,38.432,151.035,-0.875944,-0.482212,-0.013907,0.477801,-0.871186,0.112879,-0.066548,0.092231,0.993511,0,0.59638,-0.06335,35.783,-0.127,-1,400.000,-1,400.000,-1,325.000,325.000,300.000,300.000,875.000,-1,-1,-1,725.000,725.000,-1,-1,2,0,2,0,2,0,0,0,0,1,2,2,2,0,0,2,2
109,-528.738,518.489,36.078,151.148,-0.876887,-0.480475,-0.014582,0.475972,-0.872113,0.113444,-0.067224,0.092537,0.993437,0,0.59622,0.05665,35.773,0.113,-1,400.000,-1,400.000,-1,325.000,325.000,300.000,300.000,900.000,-1,-1,-1,725.000,725.000,-1,-1,2,0,2,0,2,0,0,0,0,1,2,2,2,0,0,2,2
110,-560.194,535.567,33.720,151.502,-0.879820,-0.475062,-0.015235,0.470492,-0.875011,0.113986,-0.067481,0.093119,0.993366,0,0.59656,0.17665,35.794,0.353,-1,375.000,-1,400.000,-1,325.000,325.000,300.000,300.000,925.000,-1,-1,-1,725.000,725.000,-1,-1,2,0,2,0,2,0,0,0,0,1,2,2,2,0,0,2,2
111,-591.868,552.340,31.454,152.095,-0.884690,-0.465923,-0.015458,0.461336,-0.879783,0.114677,-0.067031,0.094323,0.993283,0,0.59735,0.29665,35.841,0.593,-1,375.000,-1,400.000,-1,325.000,325.000,300.000,300.000,950.000,-1,-1,-1,725.000,700.000,-1,-1,2,0,2,0,2,0,0,0,0,1,2,2,2,0,0,2,2
112,-623.781,568.806,29.231,152.705,-0.889608,-0.456462,-0.015478,0.451875,-0.884582,0.115432,-0.066382,0.095695,0.993195,0,0.59852,0.30526,35.911,0.611,-1,375.000,-1,400.000,-1,325.000,325.000,300.000,300.000,950.000,-1,-1,-1,725.000,700.000,-1,-1,2,0,2,0,2,0,0,0,0,1,2,2,2,0,0,2,2
113,-655.935,584.969,27.016,153.309,-0.894370,-0.447061,-0.015468,0.442478,-0.889222,0.116179,-0.065694,0.097063,0.993108,0,0.59980,0.30173,35.988,0.603,-1,375.000,-1,400.000,-1,325.000,325.000,300.000,300.000,975.000,-1,-1,-1,725.000,700.000,-1,-1,2,0,2,0,2,0,0,0,0,1,2,2,2,0,0,2,2
114,-688.327,600.833,24.807,153.905,-0.898977,-0.437724,-0.015428,0.433151,-0.893706,0.116918,-0.064966,0.098424,0.993022,0,0.60115,0.29815,36.069,0.596,-1,375.000,-1,375.000,-1,325.000,325.000,300.000,300.000,1000.000,-1,-1,-1,700.000,700.000,-1,-1,2,0,2,0,2,0,0,0,0,1,2,2,2,0,0,2,2
115,-720.957,616.399,22.606,154.494,-0.903433,-0.428455,-0.015358,0.423896,-0.898037,0.117651,-0.064200,0.099779,0.992936,0,0.60256,0.29453,36.153,0.589,-1,375.000,-1,375.000,-1,325.000,325.000,300.000,300.000,-1,-1,-1,-1,700.000,700.000,-1,-1,2,0,2,0,2,0,0,0,0,2,2,2,2,0,0,2,2
116,-753.824,631.670,20.420,155.076,-0.907744,-0.419259,-0.014947,0.414762,-0.902220,0.118199,-0.063041,0.101095,0.992877,0,0.60404,0.29086,36.242,0.582,-1,375.000,-1,375.000,-1,325.000,325.000,300.000,300.000,-1,-1,-1,-1,700.000,700.000,-1,-1,2,0,2,0,2,0,0,0,0,2,2,2,2,0,0,2,2
117,-786.927,646.649,18.302,155.650,-0.911904,-0.410149,-0.014443,0.405741,-0.906277,0.118478,-0.061683,0.102180,0.992852,0,0.60558,0.28716,36.335,0.574,-1,375.000,-1,375.000,-1,325.000,325.000,300.000,275.000,-1,-1,-1,-1,700.000,700.000,-1,-1,2,0,2,0,2,0,0,0,0,2,2,2,2,0,0,2,2
118,-820.264,661.340,16.352,156.217,-0.915913,-0.401143,-0.013731,0.396890,-0.910244,0.118042,-0.059850,0.102666,0.992914,0,0.60718,0.28342,36.431,0.567,-1,375.000,-1,375.000,-1,325.000,325.000,300.000,275.000,-1,-1,-1,-1,700.000,700.000,-1,-1,2,0,2,0,2,0,0,0,0,2,2,2,2,0,0,2,2
119,-853.834,675.743,14.423,156.776,-0.919780,-0.392221,-0.012975,0.388130,-0.914075,0.117568,-0.057973,0.103101,0.992980,0,0.60885,0.27964,36.531,0.559,-1,375.000,-1,375.000,-1,325.000,325.000,300.000,300.000,-1,-1,-1,-1,700.000,700.000,-1,-1,2,0,2,0,2,0,0,0,0,2,2,2,2,0,0,2,2
120,-887.638,689.863,12.504,157.328,-0.923508,-0.383386,-0.012186,0.379458,-0.917769,0.117096,-0.056077,0.103515,0.993046,0,0.61057,0.27581,36.634,0.552,-1,375.000,-1,375.000,-1,325.000,325.000,300.000,300.000,-1,-1,-1,-1,700.000,700.000,-1,-1,2,0,2,0,2,0,0,0,0,2,2,2,2,0,0,2,2
121,-917.078,701.973,10.843,157.640,-0.925579,-0.378382,-0.011478,0.374582,-0.919824,0.116672,-0.054704,0.103689,0.993104,0,0.53057,0.15581,31.834,0.312,-1,375.000,-1,375.000,-1,325.000,325.000,300.000,300.000,-1,-1,-1,-1,700.000,700.000,-1,-1,2,0,2,0,2,0,0,0,0,2,2,2,2,0,0,2,2
122,-942.092,712.226,9.435,157.711,-0.926055,-0.377233,-0.010874,0.373523,-0.920300,0.116308,-0.053883,0.103646,0.993154,0,0.45057,0.03581,27.034,0.072,-1,400.000,-1,375.000,-1,325.000,325.000,300.000,300.000,-1,-1,-1,-1,675.000,700.000,-1,-1,2,0,2,0,2,0,0,0,0,2,2,2,2,0,0,2,2
123,-962.641,720.720,8.268,157.543,-0.924950,-0.379947,-0.010379,0.376290,-0.919215,0.115969,-0.053603,0.103360,0.993199,0,0.37057,-0.08419,22.234,-0.168,-1,400.000,-1,375.000,-1,325.000,325.000,300.000,300.000,-1,-1,-1,-1,675.000,700.000,-1,-1,2,0,2,0,2,0,0,0,0,2,2,2,2,0,0,2,2
124,-978.705,727.495,7.340,157.134,-0.922231,-0.386511,-0.010001,0.382869,-0.916535,0.115648,-0.053865,0.102826,0.993240,0,0.29057,-0.20419,17.434,-0.408,-1,400.000,-1,375.000,-1,325.000,325.000,300.000,300.000,-1,-1,-1,-1,675.000,700.000,-1,-1,2,0,2,0,2,0,0,0,0,2,2,2,2,0,0,2,2
125,-990.300,732.515,6.656,156.595,-0.918565,-0.395151,-0.009741,0.391498,-0.912918,0.115365,-0.054480,0.102157,0.993275,0,0.21057,-0.26974,12.634,-0.539,-1,400.000,-1,375.000,-1,325.000,325.000,300.000,300.000,-1,-1,-1,-1,675.000,700.000,-1,-1,2,0,2,0,2,0,0,0,0,2,2,2,2,0,0,2,2
126,-997.460,735.696,6.226,156.053,-0.914796,-0.403802,-0.009594,0.400123,-0.909199,0.115149,-0.055220,0.101499,0.993302,0,0.13057,-0.27117,7.834,-0.542,-1,400.000,-1,375.000,-1,325.000,325.000,300.000,300.000,-1,-1,-1,-1,700.000,700.000,-1,-1,2,0,2,0,2,0,0,0,0,2,2,2,2,0,0,2,2
127,-1000.222,736.955,6.058,155.508,-0.910932,-0.412445,-0.009555,0.408726,-0.905382,0.115006,-0.056084,0.100857,0.993319,0,0.05057,-0.27207,3.034,-0.544,-1,400.000,-1,375.000,-1,325.000,325.000,300.000,300.000,-1,-1,-1,-1,700.000,700.000,-1,-1,2,0,2,0,2,0,0,0,0,2,2,2,2,0,0,2,2
128,-998.622,736.209,6.163,154.964,-0.906981,-0.421062,-0.009620,0.417287,-0.901476,0.114944,-0.057071,0.100238,0.993325,0,-0.02943,-0.27242,-1.766,-0.545,-1,400.000,-1,375.000,-1,325.000,325.000,300.000,300.000,-1,-1,-1,-1,700.000,700.000,-1,-1,2,0,2,0,2,0,0,0,0,2,2,2,2,0,0,2,2
129,-992.700,733.375,6.548,154.419,-0.902950,-0.429634,-0.009782,0.425790,-0.897488,0.114972,-0.058176,0.099649,0.993321,0,-0.10943,-0.27221,-6.566,-0.544,-1,400.000,-1,375.000,-1,325.000,325.000,300.000,300.000,-1,-1,-1,-1,700.000,700.000,-1,-1,2,0,2,0,2,0,0,0,0,2,2,2,2,0,0,2,2
130,-982.496,728.372,7.221,153.876,-0.898849,-0.438143,-0.010038,0.434214,-0.893426,0.115096,-0.059397,0.099096,0.993304,0,-0.18943,-0.27144,-11.366,-0.543,-1,400.000,-1,375.000,-1,325.000,325.000,300.000,300.000,-1,-1,-1,-1,700.000,700.000,-1,-1,2,0,2,0,2,0,0,0,0,2,2,2,2,0,0,2,2
131,-968.049,721.119,8.190,153.336,-0.894689,-0.446569,-0.010380,0.442542,-0.889301,0.115323,-0.060730,0.098584,0.993274,0,-0.26943,-0.27009,-16.166,-0.540,-1,400.000,-1,375.000,-1,325.000,325.000,300.000,300.000,-1,-1,-1,-1,700.000,700.000,-1,-1,2,0,2,0,2,0,0,0,0,2,2,2,2,0,0,2,2
132,-949.403,711.537,9.463,152.800,-0.890480,-0.454895,-0.010805,0.450754,-0.885122,0.115671,-0.062181,0.098132,0.993229,0,-0.34943,-0.26817,-20.966,-0.536,-1,400.000,-1,375.000,-1,325.000,325.000,300.000,300.000,-1,-1,-1,-1,700.000,700.000,-1,-1,2,0,2,0,2,0,0,0,0,2,2,2,2,0,0,2,2
133,-926.643,699.573,11.046,152.268,-0.886234,-0.463100,-0.011311,0.458829,-0.880897,0.116173,-0.063763,0.097767,0.993165,0,-0.42855,-0.26567,-25.713,-0.531,-1,400.000,-1,375.000,-1,325.000,325.000,300.000,300.000,-1,-1,-1,-1,700.000,700.000,-1,-1,2,0,2,0,2,0,0,0,0,2,2,2,2,0,0,2,2
134,-903.899,687.349,12.649,151.743,-0.881962,-0.471172,-0.011796,0.466772,-0.876647,0.116684,-0.065319,0.097405,0.993099,0,-0.43037,-0.26260,-25.822,-0.525,-1,400.000,-1,375.000,-1,325.000,325.000,300.000,300.000,-1,-1,-1,-1,700.000,700.000,-1,-1,2,0,2,0,2,0,0,0,0,2,2,2,2,0,0,2,2
135,-881.170,674.867,14.269,151.224,-0.877669,-0.479111,-0.012261,0.474583,-0.872373,0.117204,-0.066850,0.097047,0.993032,0,-0.43218,-0.25952,-25.931,-0.519,-1,400.000,-1,375.000,-1,325.000,325.000,300.000,300.000,-1,-1,-1,-1,700.000,700.000,-1,-1,2,0,2,0,2,0,0,0,0,2,2,2,2,0,0,2,2
136,-858.460,662.130,15.907,150.711,-0.873356,-0.486917,-0.012706,0.482263,-0.868080,0.117730,-0.068354,0.096693,0.992964,0,-0.43399,-0.25643,-26.039,-0.513,-1,375.000,-1,375.000,-1,325.000,325.000,300.000,300.000,-1,-1,-1,-1,700.000,700.000,-1,-1,2,0,2,0,2,0,0,0,0,2,2,2,2,0,0,2,2
137,-835.769,649.138,17.562,150.205,-0.869026,-0.494591,-0.013130,0.489813,-0.863769,0.118263,-0.069833,0.096342,0.992896,0,-0.43579,-0.25333,-26.147,-0.507,-1,375.000,-1,375.000,-1,325.000,325.000,300.000,300.000,-1,-1,-1,-1,700.000,700.000,-1,-1,2,0,2,0,2,0,0,0,0,2,2,2,2,0,0,2,2
