timestep,x_cm,y_cm,z_cm,yaw_deg,basis_xx,basis_xy,basis_xz,basis_yx,basis_yy,basis_yz,basis_zx,basis_zy,basis_zz,teleport_flag,throttle_cmd,steering_cmd,cmd_move_cm,cmd_turn_deg,lidar_cm_0,lidar_cm_1,lidar_cm_2,lidar_cm_3,lidar_cm_4,lidar_cm_5,lidar_cm_6,lidar_cm_7,lidar_cm_8,lidar_cm_9,lidar_cm_10,lidar_cm_11,lidar_cm_12,lidar_cm_13,lidar_cm_14,lidar_cm_15,lidar_cm_16,lidar_class_0,lidar_class_1,lidar_class_2,lidar_class_3,lidar_class_4,lidar_class_5,lidar_class_6,lidar_class_7,lidar_class_8,lidar_class_9,lidar_class_10,lidar_class_11,lidar_class_12,lidar_class_13,lidar_class_14,lidar_class_15,lidar_class_16
0,-9515.811,4919.262,-250.418,2.867,0.998548,-0.049991,0.020085,0.049217,0.998090,0.037339,-0.021913,-0.036296,0.999101,1,-0.08000,-0.12000,-4.800,-0.240,-1,350.000,-1,425.000,-1,300.000,325.000,250.000,450.000,-1,-1,-1,350.000,750.000,-1,-1,-1,2,0,2,0,2,0,0,0,0,2,2,2,1,0,2,2,2
1,-9525.402,4918.849,-250.195,2.467,0.998866,-0.043016,0.020420,0.042206,0.998364,0.038565,-0.022045,-0.037660,0.999047,0,-0.16000,-0.20012,-9.600,-0.400,-1,350.000,-1,425.000,-1,300.000,325.000,250.000,450.000,-1,-1,-1,350.000,750.000,-1,-1,-1,2,0,2,0,2,0,0,0,0,2,2,2,1,0,2,2,2
2,-9538.344,4918.384,-249.891,2.065,0.999136,-0.035999,0.020764,0.035141,0.998570,0.040295,-0.022185,-0.039531,0.998972,0,-0.21584,-0.20126,-12.950,-0.403,-1,350.000,-1,425.000,-1,300.000,325.000,250.000,450.000,-1,-1,-1,350.000,725.000,-1,-1,-1,2,0,2,0,2,0,0,0,0,2,2,2,1,0,2,2,2
3,-9551.224,4918.012,-249.602,1.659,0.999359,-0.028928,0.021094,0.028024,0.998726,0.041964,-0.022281,-0.041346,0.998896,0,-0.21476,-0.20277,-12.885,-0.406,-1,350.000,-1,425.000,-1,300.000,325.000,250.000,450.000,-1,-1,-1,350.000,725.000,-1,-1,-1,2,0,2,0,2,0,0,0,0,2,2,2,1,0,2,2,2
4,-9564.034,4917.733,-249.327,1.251,0.999533,-0.021805,0.021405,0.020857,0.998833,0.043568,-0.022330,-0.043101,0.998821,0,-0.21356,-0.20424,-12.814,-0.408,-1,350.000,-1,425.000,-1,300.000,325.000,250.000,475.000,-1,-1,-1,325.000,725.000,-1,-1,-1,2,0,2,0,2,0,0,0,0,2,2,2,1,0,2,2,2
5,-9576.768,4917.547,-249.069,0.839,0.999658,-0.014632,0.021694,0.013642,0.998889,0.045104,-0.022329,-0.044793,0.998747,0,-0.21225,-0.20569,-12.735,-0.411,-1,350.000,-1,425.000,-1,300.000,325.000,250.000,450.000,-1,-1,-1,325.000,725.000,-1,-1,-1,2,0,2,0,2,0,0,0,1,2,2,2,1,0,2,2,2
6,-9589.417,4917.455,-248.827,0.425,0.999731,-0.007410,0.021957,0.006381,0.998895,0.046569,-0.022278,-0.046416,0.998674,0,-0.21083,-0.20710,-12.650,-0.414,-1,350.000,-1,425.000,-1,300.000,325.000,250.000,425.000,-1,-1,-1,325.000,700.000,-1,-1,-1,2,0,2,0,2,0,0,0,1,2,2,2,1,0,2,2,2
7,-9601.974,4917.454,-248.604,0.008,0.999754,-0.000141,0.022191,-0.000923,0.998849,0.047959,-0.022172,-0.047968,0.998603,0,-0.20928,-0.20847,-12.557,-0.417,-1,350.000,-1,425.000,-1,300.000,325.000,250.000,400.000,-1,-1,-1,325.000,700.000,-1,-1,-1,2,0,2,0,2,0,0,0,1,2,2,2,1,0,2,2,2
8,-9614.430,4917.544,-248.399,-0.411,0.999724,0.007173,0.022393,-0.008270,0.998751,0.049273,-0.022011,-0.049444,0.998534,0,-0.20761,-0.20980,-12.457,-0.420,-1,350.000,-1,425.000,-1,300.000,325.000,250.000,400.000,-1,-1,-1,325.000,700.000,-1,-1,-1,2,0,2,0,2,0,0,0,1,2,2,2,1,0,2,2,2
9,-9626.778,4917.725,-248.214,-0.834,0.999640,0.014532,0.022559,-0.015656,0.998601,0.050507,-0.021793,-0.050842,0.998469,0,-0.20582,-0.21110,-12.349,-0.422,-1,350.000,-1,425.000,-1,300.000,325.000,250.000,375.000,-1,-1,-1,300.000,700.000,-1,-1,-1,2,0,2,0,2,0,0,0,1,2,2,2,1,0,2,2,2
10,-9639.010,4917.994,-248.049,-1.258,0.999502,0.021932,0.022686,-0.023080,0.998398,0.051659,-0.021516,-0.052157,0.998407,0,-0.20392,-0.21236,-12.235,-0.425,-1,350.000,-1,425.000,-1,300.000,325.000,250.000,375.000,-1,-1,-1,300.000,700.000,-1,-1,-1,2,0,2,0,2,0,0,0,1,2,2,2,1,0,2,2,2
11,-9651.118,4918.352,-247.906,-1.686,0.999309,0.029373,0.022770,-0.030540,0.998142,0.052728,-0.021179,-0.053386,0.998349,0,-0.20189,-0.21357,-12.114,-0.427,-1,350.000,-1,450.000,-1,300.000,325.000,250.000,350.000,-1,-1,-1,300.000,675.000,-1,-1,-1,2,0,2,0,2,0,0,0,1,2,2,2,1,0,2,2,2
12,-9663.094,4918.795,-247.784,-2.115,0.999060,0.036852,0.022808,-0.038033,0.997832,0.053711,-0.020780,-0.054528,0.998296,0,-0.19975,-0.21475,-11.985,-0.429,-1,350.000,-1,450.000,-1,300.000,325.000,250.000,350.000,-1,-1,-1,300.000,675.000,-1,-1,-1,2,0,2,0,2,0,0,0,1,2,2,2,1,0,2,2,2
13,-9670.271,4919.144,-247.842,-2.785,0.998560,0.048508,0.022896,-0.049676,0.997328,0.053558,-0.020237,-0.054618,0.998302,0,-0.11975,-0.33475,-7.185,-0.669,-1,350.000,-1,450.000,-1,300.000,325.000,250.000,325.000,-1,-1,-1,300.000,675.000,-1,-1,-1,2,0,2,0,2,0,0,0,1,2,2,2,1,0,2,2,2
14,-9672.651,4919.296,-248.073,-3.694,0.997663,0.064336,0.023015,-0.065466,0.996484,0.052281,-0.019571,-0.053665,0.998367,0,-0.03975,-0.45475,-2.385,-0.909,-1,350.000,-1,450.000,-1,300.000,325.000,250.000,325.000,-1,-1,-1,300.000,700.000,-1,-1,-1,2,0,2,0,2,0,0,0,1,2,2,2,1,0,2,2,2
15,-9670.244,4919.091,-248.461,-4.844,0.996170,0.084323,0.023150,-0.085392,0.995096,0.049922,-0.018827,-0.051708,0.998485,0,0.04025,-0.57475,2.415,-1.149,-1,350.000,-1,450.000,-1,300.000,325.000,250.000,300.000,-1,-1,-1,300.000,700.000,-1,-1,-1,2,0,2,0,2,0,0,0,1,2,2,2,1,0,2,2,2
16,-9663.071,4918.309,-248.976,-6.205,0.993883,0.107956,0.023295,-0.108947,0.992955,0.046597,-0.018100,-0.048850,0.998642,0,0.12025,-0.68067,7.215,-1.361,-1,350.000,-1,450.000,-1,300.000,325.000,250.000,300.000,-1,-1,-1,300.000,700.000,-1,-1,-1,2,0,2,0,2,0,0,0,1,2,2,2,1,0,2,2,2
17,-9651.161,4916.725,-249.521,-7.565,0.991036,0.131515,0.023498,-0.132428,0.990269,0.042776,-0.017643,-0.045505,0.998808,0,0.20025,-0.68007,12.015,-1.360,-1,350.000,-1,450.000,-1,300.000,325.000,250.000,300.000,-1,-1,-1,300.000,725.000,-1,-1,-1,2,0,2,0,2,0,0,0,1,2,2,2,1,0,2,2,2
18,-9634.549,4914.115,-250.068,-8.923,0.987631,0.154976,0.023833,-0.155812,0.987035,0.038533,-0.017552,-0.041770,0.998973,0,0.28025,-0.67909,16.815,-1.358,-1,350.000,-1,450.000,-1,300.000,325.000,250.000,300.000,-1,-1,-1,300.000,750.000,-1,-1,-1,2,0,2,0,2,0,0,0,1,2,2,2,1,0,2,2,2
19,-9613.281,4910.256,-250.598,-10.279,0.983673,0.178309,0.024360,-0.179073,0.983251,0.033916,-0.017904,-0.037724,0.999128,0,0.36025,-0.67773,21.615,-1.355,-1,350.000,-1,450.000,-1,300.000,325.000,250.000,300.000,-1,-1,-1,325.000,750.000,-1,-1,-1,2,0,2,0,2,0,0,0,1,2,2,2,1,0,2,2,2
20,-9587.409,4904.928,-251.096,-11.631,0.979168,0.201490,0.025118,-0.202182,0.978920,0.028947,-0.018756,-0.033422,0.999265,0,0.44025,-0.67601,26.415,-1.352,-1,350.000,-1,450.000,-1,300.000,325.000,275.000,300.000,-1,-1,-1,325.000,775.000,-1,-1,-1,2,0,2,0,2,0,0,0,1,2,2,2,1,0,2,2,2
21,-9556.991,4897.916,-251.560,-12.978,0.974126,0.224492,0.026115,-0.225107,0.974048,0.023618,-0.020135,-0.028886,0.999380,0,0.52025,-0.67389,31.215,-1.348,-1,350.000,-1,425.000,-1,300.000,325.000,275.000,300.000,-1,-1,-1,350.000,775.000,-1,-1,-1,2,0,2,0,2,0,0,0,1,2,2,2,1,0,2,2,2
22,-9522.096,4889.006,-251.998,-14.321,0.968557,0.247286,0.027321,-0.247813,0.968643,0.017893,-0.022039,-0.024101,0.999467,0,0.60025,-0.67137,36.015,-1.343,-1,375.000,-1,425.000,-1,300.000,325.000,275.000,300.000,-1,-1,-1,350.000,800.000,-1,-1,-1,2,0,2,0,2,0,0,0,1,2,2,2,1,0,2,2,2
23,-9484.293,4878.408,-252.423,-15.658,0.962479,0.269846,0.028583,-0.270264,0.962713,0.011868,-0.024314,-0.019148,0.999521,0,0.65433,-0.66841,39.260,-1.337,-1,375.000,-1,425.000,-1,300.000,325.000,275.000,325.000,-1,-1,-1,375.000,800.000,-1,-1,-1,2,0,2,0,2,0,0,0,1,2,2,2,1,0,2,2,2
24,-9446.778,4866.946,-252.845,-16.988,0.955913,0.292146,0.029668,-0.292436,0.956267,0.005833,-0.026666,-0.014251,0.999543,0,0.65379,-0.66511,39.227,-1.330,-1,375.000,-1,425.000,-1,300.000,325.000,300.000,325.000,-1,-1,-1,400.000,825.000,-1,-1,-1,2,0,2,0,2,0,0,0,1,2,2,2,1,0,2,2,2
25,-9409.554,4854.625,-253.277,-18.312,0.948875,0.314174,0.030527,-0.314313,0.949319,-0.000241,-0.029056,-0.009366,0.999534,0,0.65350,-0.66175,39.210,-1.324,-1,375.000,-1,425.000,-1,325.000,325.000,300.000,350.000,-1,-1,-1,400.000,850.000,-1,-1,-1,2,0,2,0,2,0,0,0,1,2,2,2,1,0,2,2,2
26,-9373.638,4841.980,-253.704,-19.395,0.942736,0.332080,0.031179,-0.332060,0.943239,-0.005966,-0.031391,-0.004729,0.999496,0,0.63461,-0.54175,38.077,-1.084,-1,400.000,-1,425.000,-1,325.000,325.000,300.000,350.000,-1,-1,-1,425.000,850.000,-1,-1,-1,2,0,2,0,2,0,0,0,1,2,2,2,1,0,2,2,2
27,-9337.929,4828.813,-254.172,-20.239,0.937727,0.345933,0.031594,-0.345741,0.938259,-0.011535,-0.033634,-0.000106,0.999434,0,0.63432,-0.42175,38.059,-0.844,-1,400.000,-1,425.000,-1,325.000,325.000,300.000,350.000,-1,-1,-1,450.000,875.000,-1,-1,-1,2,0,2,0,2,0,0,0,0,2,2,2,1,0,2,2,2
28,-9302.391,4815.284,-254.815,-20.842,0.934032,0.355793,0.031533,-0.355434,0.934555,-0.016539,-0.035354,0.004240,0.999366,0,0.63376,-0.30175,38.026,-0.604,-1,400.000,-1,425.000,-1,325.000,325.000,325.000,350.000,-1,-1,-1,450.000,875.000,-1,-1,-1,2,0,2,0,2,0,0,0,0,2,2,2,1,0,2,2,2
29,-9266.985,4801.546,-256.127,-21.206,0.931801,0.361711,0.030215,-0.361283,0.932267,-0.018769,-0.034957,0.006573,0.999367,0,0.63297,-0.18175,37.978,-0.364,-1,425.000,-1,425.000,-1,325.000,350.000,325.000,350.000,-1,-1,-1,450.000,900.000,-1,-1,-1,2,0,2,0,2,0,0,0,0,2,2,2,1,0,2,2,2
30,-9231.661,4787.753,-257.781,-21.329,0.931045,0.363714,0.029447,-0.363231,0.931472,-0.020570,-0.034911,0.008455,0.999355,0,0.63202,-0.06175,37.921,-0.124,-1,425.000,-1,425.000,-1,350.000,350.000,325.000,350.000,-1,-1,-1,475.000,925.000,-1,-1,-1,2,0,2,0,2,0,0,0,0,2,2,2,1,0,2,2,2
31,-9196.369,4774.056,-259.793,-21.213,0.931797,0.361814,0.029051,-0.361281,0.932196,-0.022061,-0.035064,0.010061,0.999334,0,0.63094,0.05825,37.857,0.116,-1,425.000,-1,425.000,-1,350.000,350.000,325.000,350.000,-1,-1,-1,475.000,925.000,-1,-1,-1,2,0,2,0,2,0,0,0,0,2,2,2,1,0,2,2,2
32,-9161.057,4760.602,-261.975,-20.856,0.934069,0.355998,0.027935,-0.355411,0.934405,-0.023891,-0.034608,0.012388,0.999324,0,0.62981,0.17825,37.789,0.356,-1,425.000,-1,425.000,-1,350.000,350.000,325.000,325.000,-1,-1,-1,475.000,925.000,-1,-1,-1,2,0,2,0,2,0,0,0,0,2,2,2,1,0,2,2,2
33,-9125.670,4747.541,-264.330,-20.260,0.937788,0.346235,0.025968,-0.345596,0.938019,-0.026173,-0.033421,0.015570,0.999320,0,0.62868,0.29825,37.721,0.596,-1,450.000,-1,450.000,-1,350.000,350.000,325.000,325.000,-1,-1,-1,475.000,950.000,-1,-1,-1,2,0,2,0,2,0,0,0,0,2,2,2,1,0,2,2,2
34,-9090.156,4735.018,-265.792,-19.423,0.942703,0.332503,0.027428,-0.331833,0.942971,-0.026308,-0.034611,0.015699,0.999278,0,0.62761,0.41825,37.657,0.836,-1,450.000,-1,450.000,-1,350.000,350.000,300.000,325.000,-1,-1,-1,500.000,925.000,-1,-1,-1,2,0,2,0,2,0,0,0,0,2,2,2,1,0,2,2,2
35,-9054.467,4723.183,-267.632,-18.347,0.948727,0.314720,0.029482,-0.313942,0.949024,-0.028177,-0.036847,0.017476,0.999168,0,0.62667,0.53825,37.600,1.076,-1,425.000,-1,450.000,-1,350.000,350.000,300.000,325.000,-1,-1,-1,525.000,925.000,1000.000,-1,-1,2,0,2,0,2,0,0,0,0,2,2,2,1,0,0,2,2
36,-9018.559,4712.184,-269.583,-17.030,0.955639,0.292819,0.031799,-0.291900,0.955960,-0.030566,-0.039349,0.019927,0.999027,0,0.62590,0.65825,37.554,1.316,-1,425.000,-1,425.000,-1,350.000,350.000,325.000,325.000,-1,-1,-1,550.000,900.000,975.000,-1,-1,2,0,2,0,2,0,0,0,0,2,2,2,1,0,0,2,2
37,-8982.396,4702.173,-271.512,-15.474,0.963164,0.266730,0.034207,-0.265658,0.963507,-0.032859,-0.041723,0.022562,0.998874,0,0.62538,0.77825,37.523,1.556,-1,425.000,-1,425.000,-1,350.000,350.000,325.000,325.000,-1,-1,-1,575.000,875.000,950.000,-1,-1,2,0,2,0,2,0,0,0,0,2,2,2,1,0,0,2,2
38,-8945.965,4693.241,-273.411,-13.777,0.970555,0.238061,0.036730,-0.236827,0.970922,-0.034975,-0.043988,0.025246,0.998713,0,0.62516,0.84859,37.510,1.697,-1,425.000,-1,425.000,-1,350.000,350.000,325.000,300.000,-1,-1,-1,650.000,875.000,900.000,-1,-1,2,0,2,0,2,0,0,0,0,2,2,2,1,0,0,2,2
39,-8909.270,4685.396,-275.279,-12.069,0.977120,0.209014,0.039370,-0.207615,0.977517,-0.036835,-0.046184,0.027818,0.998546,0,0.62540,0.85364,37.524,1.707,-1,425.000,-1,425.000,-1,350.000,350.000,325.000,300.000,-1,-1,-1,825.000,850.000,875.000,-1,-1,2,0,2,0,2,0,0,0,0,2,2,2,1,0,0,2,2
40,-8867.668,4677.609,-277.367,-10.602,0.982028,0.183904,0.042436,-0.182327,0.982485,-0.038467,-0.048767,0.030038,0.998358,0,0.70540,0.73364,42.324,1.467,-1,425.000,-1,425.000,-1,350.000,350.000,325.000,300.000,-1,-1,-1,-1,825.000,850.000,-1,-1,2,0,2,0,2,0,0,0,0,2,2,2,2,0,0,2,2
41,-8824.365,4670.652,-279.501,-9.127,0.986295,0.158544,0.045677,-0.156783,0.986828,-0.039863,-0.051395,0.032155,0.998161,0,0.73096,0.73747,43.858,1.475,-1,400.000,-1,425.000,-1,325.000,325.000,325.000,300.000,-1,-1,-1,-1,800.000,825.000,-1,-1,2,0,2,0,2,0,0,0,0,2,2,2,2,0,0,2,2
42,-8780.739,4664.801,-281.610,-7.639,0.989924,0.132862,0.048976,-0.130918,0.990546,-0.040986,-0.053958,0.034161,0.997959,0,0.73361,0.74381,44.016,1.488,-1,400.000,-1,400.000,-1,325.000,325.000,325.000,300.000,-1,-1,-1,-1,800.000,800.000,-1,-1,2,0,2,0,2,0,0,0,0,2,2,2,2,0,0,2,2
43,-8736.789,4660.075,-283.692,-6.139,0.992896,0.106869,0.052318,-0.104743,0.993619,-0.041835,-0.056455,0.036057,0.997754,0,0.73673,0.75031,44.204,1.501,-1,400.000,-1,400.000,-1,325.000,325.000,325.000,300.000,-1,-1,-1,-1,775.000,775.000,-1,-1,2,0,2,0,2,0,0,0,0,2,2,2,2,0,0,2,2
44,-8692.515,4656.493,-285.745,-4.625,0.995192,0.080576,0.055686,-0.078271,0.996030,-0.042409,-0.058882,0.037846,0.997547,0,0.74030,0.75693,44.418,1.514,-1,400.000,-1,400.000,-1,325.000,325.000,325.000,300.000,-1,-1,-1,-1,750.000,750.000,-1,-1,2,0,2,0,2,0,0,0,0,2,2,2,2,0,0,2,2
45,-8647.924,4654.081,-287.768,-3.098,0.996793,0.053996,0.059063,-0.051517,0.997758,-0.042709,-0.061237,0.039529,0.997340,0,0.74426,0.76369,44.656,1.527,-1,400.000,-1,400.000,-1,325.000,325.000,350.000,300.000,-1,-1,-1,-1,750.000,750.000,-1,-1,2,0,2,0,2,0,0,0,0,2,2,2,2,0,0,2,2
46,-8603.025,4652.861,-289.759,-1.557,0.997680,0.027140,0.062432,-0.024496,0.998786,-0.042736,-0.063516,0.041108,0.997134,0,0.74859,0.77056,44.915,1.541,-1,375.000,-1,375.000,-1,325.000,325.000,350.000,325.000,-1,-1,-1,-1,725.000,725.000,-1,-1,2,0,2,0,2,0,0,0,0,2,2,2,2,0,0,2,2
47,-8557.830,4652.860,-291.750,-0.001,0.997827,0.000025,0.065887,0.002771,0.999099,-0.042354,-0.065829,0.042444,0.996928,0,0.75324,0.77754,45.195,1.555,-1,375.000,-1,375.000,-1,300.000,300.000,350.000,325.000,-1,-1,-1,-1,700.000,700.000,-1,-1,2,0,2,0,2,0,0,0,0,2,2,2,2,0,0,2,2
48,-8512.356,4654.106,-294.223,1.568,0.997346,-0.027334,0.067477,0.030201,0.998668,-0.041834,-0.066244,0.043761,0.996843,0,0.75819,0.78464,45.491,1.569,-1,375.000,-1,375.000,-1,300.000,300.000,350.000,325.000,-1,-1,-1,-1,700.000,700.000,-1,-1,2,0,2,0,2,0,0,0,0,2,2,2,2,0,0,2,2
49,-8466.622,4656.625,-296.903,3.151,0.996274,-0.054921,0.066493,0.057742,0.997478,-0.041272,-0.064059,0.044958,0.996933,0,0.76340,0.79183,45.804,1.584,-1,375.000,-1,375.000,-1,300.000,300.000,350.000,325.000,-1,-1,-1,-1,700.000,700.000,-1,-1,2,0,2,0,2,0,0,0,0,2,2,2,2,0,0,2,2
50,-8420.650,4660.445,-299.548,4.750,0.994420,-0.082716,0.065474,0.085490,0.995505,-0.040768,-0.061807,0.046138,0.997021,0,0.76884,0.79912,46.130,1.598,-1,375.000,-1,375.000,-1,300.000,300.000,350.000,325.000,-1,-1,-1,-1,700.000,700.000,-1,-1,2,0,2,0,2,0,0,0,0,2,2,2,2,0,0,2,2
51,-8374.468,4665.596,-302.154,6.363,0.991764,-0.110699,0.064422,0.113426,0.992728,-0.040330,-0.059489,0.047305,0.997107,0,0.77448,0.80650,46.469,1.613,-1,375.000,-1,375.000,-1,300.000,300.000,350.000,325.000,-1,-1,-1,-1,700.000,700.000,-1,-1,2,0,2,0,2,0,0,0,0,2,2,2,2,0,0,2,2
52,-8328.105,4672.105,-304.717,7.991,0.988286,-0.138849,0.063342,0.141529,0.989127,-0.039967,-0.057104,0.048464,0.997191,0,0.78030,0.81397,46.818,1.628,-1,375.000,-1,375.000,-1,300.000,300.000,350.000,325.000,-1,-1,-1,-1,700.000,700.000,-1,-1,2,0,2,0,2,0,0,0,0,2,2,2,2,0,0,2,2
53,-8281.595,4680.001,-307.231,9.634,0.983966,-0.167143,0.062236,0.169775,0.984683,-0.039687,-0.054649,0.049617,0.997272,0,0.78627,0.82151,47.176,1.643,-1,375.000,-1,375.000,-1,300.000,300.000,350.000,325.000,-1,-1,-1,-1,700.000,700.000,-1,-1,2,0,2,0,2,0,0,0,0,2,2,2,2,0,0,2,2
54,-8232.315,4689.827,-309.827,11.275,0.978848,-0.195272,0.061042,0.197853,0.979435,-0.039514,-0.052070,0.050756,0.997353,0,0.83751,0.82082,50.251,1.642,-1,375.000,-1,375.000,-1,300.000,300.000,350.000,325.000,-1,-1,-1,-1,700.000,700.000,-1,-1,2,0,2,0,2,0,0,0,0,2,2,2,2,0,0,2,2
55,-8183.455,4701.031,-312.336,12.914,0.972937,-0.223185,0.059846,0.225716,0.973394,-0.039449,-0.049450,0.051889,0.997428,0,0.83547,0.81926,50.128,1.639,-1,375.000,-1,375.000,-1,300.000,300.000,350.000,325.000,-1,-1,-1,-1,675.000,700.000,-1,-1,2,0,2,0,2,0,0,0,0,2,2,2,2,0,0,2,2
56,-8135.066,4713.591,-314.755,14.550,0.966241,-0.250874,0.058658,0.253356,0.966567,-0.039494,-0.046788,0.053022,0.997497,0,0.83322,0.81814,49.993,1.636,-1,375.000,-1,375.000,-1,300.000,300.000,350.000,325.000,-1,-1,-1,-1,675.000,700.000,-1,-1,2,0,2,0,2,0,0,0,0,2,2,2,2,0,0,2,2
57,-8087.194,4727.487,-317.079,16.185,0.958763,-0.278332,0.057484,0.280765,0.958957,-0.039654,-0.044088,0.054158,0.997559,0,0.83082,0.81746,49.849,1.635,-1,375.000,-1,375.000,-1,300.000,300.000,350.000,300.000,-1,-1,-1,-1,675.000,700.000,-1,-1,2,0,2,0,2,0,0,0,0,2,2,2,2,0,0,2,2
58,-8039.878,4742.697,-319.307,17.820,0.950508,-0.305551,0.056336,0.307938,0.950568,-0.039929,-0.041351,0.055301,0.997613,0,0.82835,0.81723,49.701,1.634,-1,375.000,-1,375.000,-1,300.000,300.000,350.000,300.000,-1,-1,-1,-1,675.000,700.000,-1,-1,2,0,2,0,2,0,0,0,0,2,2,2,2,0,0,2,2
59,-7993.156,4759.202,-321.435,19.454,0.941476,-0.332526,0.055221,0.334865,0.941403,-0.040321,-0.038577,0.056453,0.997660,0,0.82587,0.81745,49.552,1.635,-1,375.000,-1,375.000,-1,300.000,300.000,350.000,300.000,-1,-1,-1,-1,675.000,700.000,-1,-1,2,0,2,0,2,0,0,0,0,2,2,2,2,0,0,2,2
60,-7947.059,4776.981,-323.237,21.091,0.931645,-0.359264,0.054466,0.361538,0.931506,-0.039826,-0.036428,0.056795,0.997721,0,0.82345,0.81811,49.407,1.636,-1,375.000,-1,375.000,-1,300.000,300.000,350.000,300.000,-1,-1,-1,-1,650.000,700.000,-1,-1,2,0,2,0,2,0,0,0,0,2,2,2,2,0,0,2,2
61,-7901.616,4796.018,-324.778,22.729,0.921061,-0.385758,0.053261,0.387925,0.920873,-0.038823,-0.034071,0.056420,0.997826,0,0.82118,0.81920,49.271,1.638,-1,375.000,-1,375.000,-1,300.000,300.000,350.000,300.000,-1,-1,-1,-1,650.000,700.000,-1,-1,2,0,2,0,2,0,0,0,0,2,2,2,2,0,0,2,2
62,-7853.862,4817.758,-326.347,24.478,0.908960,-0.413705,0.051393,0.415721,0.908712,-0.037656,-0.031122,0.055593,0.997968,0,0.87450,0.87452,52.470,1.749,-1,375.000,-1,375.000,-1,300.000,300.000,350.000,300.000,-1,-1,-1,-1,650.000,700.000,-1,-1,2,0,2,0,2,0,0,0,0,2,2,2,2,0,1,2,2
63,-7806.421,4841.128,-327.829,26.224,0.896037,-0.441226,0.049362,0.443092,0.895726,-0.036663,-0.028038,0.054724,0.998108,0,0.88143,0.87316,52.886,1.746,-1,375.000,-1,375.000,-1,300.000,300.000,325.000,300.000,-1,775.000,875.000,-1,625.000,675.000,-1,-1,2,0,2,0,2,0,0,0,0,2,0,0,2,0,1,2,2
64,-7759.345,4866.124,-329.105,27.967,0.882294,-0.468272,0.047732,0.470024,0.881915,-0.036101,-0.025190,0.054287,0.998208,0,0.88836,0.87132,53.301,1.743,-1,375.000,975.000,375.000,-1,300.000,300.000,325.000,300.000,-1,775.000,875.000,-1,625.000,650.000,-1,-1,2,0,1,0,2,0,0,0,0,2,0,0,2,0,1,2,2
65,-7712.226,4892.749,-330.251,29.470,0.869793,-0.491246,0.046222,0.492899,0.869348,-0.035840,-0.022577,0.053956,0.998288,0,0.90202,0.75132,54.121,1.503,-1,350.000,925.000,375.000,-1,300.000,300.000,325.000,300.000,-1,775.000,-1,-1,600.000,625.000,-1,900.000,2,0,1,0,2,0,0,0,0,2,0,2,2,0,1,2,1
66,-7665.349,4920.619,-331.191,30.732,0.858853,-0.510280,0.044568,0.511845,0.858306,-0.036418,-0.019669,0.054089,0.998342,0,0.90894,0.63132,54.537,1.263,-1,350.000,875.000,375.000,-1,300.000,300.000,325.000,300.000,-1,750.000,875.000,-1,600.000,600.000,-1,825.000,2,0,1,0,2,0,0,0,0,2,0,0,2,0,1,2,1
67,-7618.625,4949.539,-331.908,31.755,0.849717,-0.525496,0.042827,0.526983,0.849028,-0.037960,-0.016414,0.054824,0.998361,0,0.91584,0.51132,54.950,1.023,-1,350.000,825.000,375.000,-1,300.000,300.000,325.000,300.000,-1,700.000,825.000,-1,600.000,550.000,975.000,725.000,2,0,1,0,2,0,0,0,0,2,0,0,2,0,1,1,1
68,-7571.953,4979.317,-332.367,32.538,0.842591,-0.537033,0.040445,0.538403,0.841754,-0.039660,-0.012746,0.055193,0.998394,0,0.92272,0.39132,55.363,0.783,-1,350.000,775.000,350.000,-1,300.000,300.000,325.000,300.000,-1,650.000,750.000,-1,600.000,525.000,950.000,675.000,2,0,1,0,2,0,0,0,0,2,0,0,2,0,1,1,1
69,-7525.219,5009.761,-332.629,33.080,0.837606,-0.544973,0.037693,0.546203,0.836617,-0.041639,-0.008843,0.055465,0.998421,0,0.92959,0.27132,55.776,0.543,-1,350.000,725.000,350.000,975.000,300.000,300.000,325.000,300.000,-1,600.000,700.000,-1,600.000,500.000,900.000,600.000,2,0,1,0,1,0,0,0,0,2,0,0,2,0,1,1,1
70,-7478.301,5040.678,-332.736,33.383,0.834854,-0.549374,0.034742,0.550450,0.833710,-0.043959,-0.004815,0.055823,0.998429,0,0.93649,0.15132,56.189,0.303,1000.000,350.000,700.000,350.000,825.000,300.000,300.000,325.000,300.000,-1,525.000,625.000,-1,600.000,475.000,850.000,550.000,1,0,1,1,1,0,0,0,0,2,0,0,2,0,1,1,1
71,-7431.069,5071.877,-332.696,33.446,0.834389,-0.550269,0.031611,0.551176,0.833085,-0.046627,-0.000678,0.056328,0.998412,0,0.94342,0.03132,56.605,0.063,950.000,350.000,650.000,325.000,725.000,300.000,300.000,350.000,325.000,-1,425.000,475.000,-1,575.000,450.000,800.000,500.000,1,0,1,1,1,0,0,0,0,2,0,0,2,1,1,1,1
72,-7383.390,5103.159,-332.437,33.268,0.836211,-0.547675,0.028350,0.548398,0.834765,-0.049255,0.003310,0.056735,0.998384,0,0.95043,-0.08868,57.026,-0.177,925.000,350.000,600.000,300.000,625.000,300.000,275.000,350.000,325.000,-1,325.000,375.000,-1,525.000,425.000,725.000,450.000,1,0,1,1,1,0,1,0,0,2,0,0,2,1,1,1,1
73,-7335.125,5134.325,-331.990,32.851,0.840287,-0.541567,0.024965,0.542094,0.838712,-0.051924,0.007182,0.057165,0.998339,0,0.95753,-0.20868,57.452,-0.417,875.000,350.000,550.000,300.000,550.000,300.000,275.000,350.000,325.000,-1,300.000,325.000,-1,475.000,375.000,650.000,400.000,1,0,1,1,1,1,1,0,0,2,0,0,2,1,1,1,1
74,-7286.139,5165.167,-331.181,32.193,0.846554,-0.531915,0.020331,0.532172,0.844880,-0.054512,0.011818,0.056967,0.998306,0,0.96477,-0.32868,57.886,-0.657,825.000,325.000,500.000,275.000,500.000,275.000,250.000,350.000,325.000,-1,250.000,275.000,-1,425.000,350.000,600.000,375.000,1,1,1,1,1,1,1,0,0,2,0,0,2,1,1,1,1
75,-7241.008,5193.119,-328.765,31.776,0.850487,-0.525921,0.008857,0.525575,0.849014,-0.054270,0.021022,0.050811,0.998487,0,0.88477,-0.20868,53.086,-0.417,725.000,300.000,475.000,250.000,475.000,250.000,225.000,325.000,350.000,-1,225.000,225.000,-1,400.000,350.000,525.000,350.000,1,1,1,1,1,1,1,0,0,2,0,0,2,1,1,1,1
76,-7199.878,5218.417,-326.200,31.599,0.852046,-0.523459,-0.002938,0.522578,0.850912,-0.053490,0.030499,0.044040,0.998564,0,0.80477,-0.08868,48.286,-0.177,675.000,275.000,450.000,250.000,475.000,225.000,225.000,325.000,350.000,-1,200.000,200.000,-1,375.000,325.000,500.000,350.000,1,1,1,1,1,1,1,0,0,2,0,0,2,1,1,1,1
77,-7162.862,5241.241,-323.537,31.661,0.851256,-0.524541,-0.014837,0.523214,0.850586,-0.052440,0.040127,0.036877,0.998514,0,0.72477,0.03132,43.486,0.063,625.000,275.000,425.000,225.000,450.000,225.000,200.000,325.000,375.000,-1,175.000,200.000,-1,350.000,300.000,450.000,325.000,1,1,1,1,1,1,1,0,0,2,0,0,2,1,1,1,1
78,-7130.039,5261.719,-320.842,31.964,0.848106,-0.529157,-0.026639,0.527487,0.848012,-0.051314,0.049743,0.029468,0.998327,0,0.64477,0.15132,38.686,0.303,575.000,250.000,400.000,225.000,450.000,200.000,200.000,300.000,400.000,-1,150.000,175.000,-1,325.000,300.000,425.000,300.000,1,1,1,1,1,1,1,0,0,2,0,0,2,1,1,1,1
79,-7101.459,5279.928,-318.003,32.507,0.842592,-0.537260,-0.037295,0.535352,0.843112,-0.050596,0.058627,0.022666,0.998023,0,0.56477,0.27132,33.886,0.543,550.000,250.000,400.000,225.000,425.000,200.000,200.000,300.000,425.000,-1,125.000,175.000,-1,325.000,275.000,400.000,300.000,1,1,1,1,1,1,1,0,0,2,0,0,2,1,1,1,1
80,-7077.143,5295.891,-315.275,33.289,0.834602,-0.548798,-0.047539,0.546734,0.835805,-0.050121,0.067240,0.015840,0.997611,0,0.48477,0.39132,29.086,0.783,525.000,250.000,375.000,200.000,400.000,200.000,175.000,300.000,450.000,950.000,100.000,175.000,-1,325.000,275.000,400.000,275.000,1,1,1,1,1,1,1,0,0,0,0,0,2,1,1,1,1
81,-7057.023,5309.495,-312.768,34.068,0.826434,-0.560159,-0.056828,0.558030,0.828332,-0.049683,0.074903,0.009348,0.997147,0,0.40477,0.38958,24.286,0.779,525.000,225.000,375.000,200.000,375.000,200.000,175.000,300.000,475.000,875.000,75.000,150.000,-1,300.000,275.000,400.000,275.000,1,1,1,1,1,1,1,0,0,0,0,0,2,1,1,1,1
82,-7041.028,5320.626,-310.584,34.839,0.818198,-0.571262,-0.064899,0.569132,0.820760,-0.049414,0.081495,0.003494,0.996668,0,0.32477,0.38503,19.486,0.770,525.000,225.000,375.000,200.000,350.000,200.000,175.000,300.000,475.000,775.000,75.000,150.000,-1,300.000,250.000,375.000,250.000,1,1,1,1,1,1,1,0,0,0,0,0,2,1,1,1,1
83,-7029.085,5329.175,-308.812,35.600,0.809949,-0.582123,-0.071528,0.580022,0.813100,-0.049431,0.086935,-0.001451,0.996213,0,0.24477,0.38074,14.686,0.761,525.000,225.000,375.000,200.000,325.000,200.000,175.000,300.000,500.000,725.000,75.000,150.000,-1,300.000,250.000,400.000,250.000,1,1,1,1,1,1,1,0,0,0,0,0,2,1,1,1,1
84,-7021.122,5335.035,-307.512,36.354,0.801737,-0.592758,-0.076524,0.590691,0.805363,-0.049744,0.091116,-0.005320,0.995826,0,0.16477,0.37679,9.886,0.754,550.000,225.000,375.000,200.000,325.000,200.000,175.000,300.000,525.000,675.000,50.000,150.000,-1,300.000,250.000,400.000,250.000,1,1,1,1,1,1,1,0,0,0,0,0,2,1,1,1,1
85,-7017.064,5338.104,-306.726,37.100,0.793601,-0.603191,-0.079737,0.601140,0.797557,-0.050340,0.093959,-0.007983,0.995544,0,0.08477,0.37328,5.086,0.747,575.000,225.000,375.000,200.000,300.000,200.000,175.000,300.000,525.000,650.000,50.000,150.000,-1,325.000,250.000,400.000,250.000,1,1,1,1,1,1,1,0,0,0,0,0,2,1,1,1,1
86,-7016.838,5338.279,-306.484,37.841,0.785568,-0.613442,-0.081061,0.611375,0.789684,-0.051188,0.095413,-0.009347,0.995394,0,0.00477,0.37030,0.286,0.741,600.000,250.000,375.000,200.000,300.000,200.000,175.000,300.000,525.000,625.000,50.000,150.000,-1,325.000,250.000,425.000,225.000,1,1,1,1,1,1,1,0,0,0,0,0,2,1,1,1,1
87,-7012.848,5341.435,-305.756,38.341,0.779862,-0.620304,-0.083898,0.618264,0.784275,-0.051596,0.097804,-0.011634,0.995138,0,0.08477,0.25030,5.086,0.501,600.000,250.000,375.000,200.000,300.000,200.000,175.000,275.000,525.000,600.000,50.000,150.000,-1,325.000,250.000,425.000,225.000,1,1,1,1,1,1,1,0,0,0,0,0,2,1,1,1,1
88,-7005.121,5347.603,-304.519,38.602,0.776546,-0.623837,-0.088332,0.621883,0.781412,-0.051544,0.101179,-0.014906,0.994757,0,0.16477,0.13030,9.886,0.261,600.000,250.000,375.000,200.000,300.000,200.000,175.000,275.000,550.000,575.000,50.000,150.000,-1,325.000,250.000,425.000,225.000,1,1,1,1,1,1,1,0,0,0,0,0,2,1,1,1,1
89,-8855.078,4919.494,-270.192,-54.040,0.585809,0.809155,0.045777,-0.809365,0.587012,-0.018582,-0.041908,-0.026165,0.998779,1,0.00000,0.00000,14.686,0.021,-1,425.000,-1,425.000,-1,350.000,350.000,325.000,325.000,-1,-1,-1,-1,900.000,-1,-1,-1,2,0,2,0,2,0,0,0,0,2,2,2,2,0,2,2,2
90,-8852.275,4915.597,-270.413,-54.280,0.582390,0.811597,0.046173,-0.811819,0.583611,-0.018674,-0.042103,-0.026609,0.998759,0,0.08000,-0.12000,4.800,-0.240,-1,425.000,-1,425.000,-1,350.000,350.000,325.000,325.000,-1,-1,-1,-1,900.000,-1,-1,-1,2,0,2,0,2,0,0,0,0,2,2,2,2,0,2,2,2
91,-8846.736,4907.756,-270.853,-54.760,0.575520,0.816439,0.046960,-0.816683,0.576778,-0.018871,-0.042493,-0.027491,0.998718,0,0.16000,-0.24000,9.600,-0.480,-1,425.000,-1,425.000,-1,350.000,350.000,325.000,325.000,-1,-1,-1,-1,900.000,-1,-1,-1,2,0,2,0,2,0,0,0,0,2,2,2,2,0,2,2,2
92,-8838.575,4895.892,-271.509,-55.480,0.565138,0.823592,0.048128,-0.823871,0.566452,-0.019201,-0.043076,-0.028800,0.998657,0,0.24000,-0.36000,14.400,-0.720,-1,425.000,-1,425.000,-1,350.000,350.000,325.000,325.000,-1,-1,-1,-1,900.000,-1,-1,-1,2,0,2,0,2,0,0,0,0,2,2,2,2,0,2,2,2
93,-8827.960,4879.892,-272.407,-56.440,0.551154,0.832927,0.049612,-0.833245,0.552547,-0.019849,-0.043945,-0.030399,0.998571,0,0.32000,-0.48000,19.200,-0.960,-1,425.000,-1,425.000,-1,350.000,350.000,325.000,325.000,-1,-1,-1,-1,875.000,-1,-1,-1,2,0,2,0,2,0,0,0,0,2,2,2,2,0,2,2,2
94,-8815.114,4859.620,-273.530,-57.640,0.533455,0.844266,0.051393,-0.844627,0.534951,-0.020816,-0.045067,-0.032303,0.998462,0,0.40000,-0.60000,24.000,-1.200,-1,425.000,-1,425.000,-1,350.000,350.000,300.000,325.000,-1,-1,-1,-1,875.000,-1,-1,-1,2,0,2,0,2,0,0,0,0,2,2,2,2,0,2,2,2
95,-8800.314,4834.913,-274.852,-59.080,0.511904,0.857378,0.053453,-0.857789,0.513527,-0.022083,-0.046383,-0.034547,0.998326,0,0.48000,-0.72000,28.800,-1.440,-1,425.000,-1,425.000,-1,350.000,350.000,300.000,325.000,-1,-1,-1,-1,875.000,-1,-1,-1,2,0,2,0,2,0,0,0,0,2,2,2,2,0,2,2,2
96,-8783.900,4805.594,-276.357,-60.760,0.486350,0.871985,0.055740,-0.872452,0.488125,-0.023699,-0.047873,-0.037105,0.998164,0,0.56000,-0.84000,33.600,-1.680,-1,425.000,-1,425.000,-1,325.000,350.000,300.000,325.000,-1,-1,-1,-1,875.000,-1,-1,-1,2,0,2,0,2,0,0,0,0,2,2,2,2,0,2,2,2
97,-8766.275,4771.478,-278.026,-62.680,0.456629,0.887752,0.058191,-0.888278,0.458586,-0.025716,-0.049514,-0.039947,0.997974,0,0.64000,-0.96000,38.400,-1.920,-1,425.000,-1,425.000,-1,325.000,350.000,300.000,350.000,-1,-1,-1,-1,850.000,-1,-1,-1,2,0,2,0,2,0,0,0,0,2,2,2,2,0,2,2,2
98,-8749.097,4735.174,-279.715,-64.680,0.425123,0.903108,0.060553,-0.903689,0.427273,-0.028003,-0.051162,-0.042816,0.997772,0,0.66936,-1.00000,40.162,-2.000,-1,425.000,-1,425.000,-1,325.000,350.000,300.000,350.000,-1,-1,-1,-1,850.000,1000.000,-1,-1,2,0,2,0,2,0,0,0,0,2,2,2,2,0,0,2,2
99,-8733.152,4698.188,-281.694,-66.680,0.393219,0.917409,0.061145,-0.917988,0.395469,-0.030037,-0.051737,-0.044319,0.997677,0,0.67126,-1.00000,40.276,-2.000,-1,425.000,-1,425.000,-1,350.000,350.000,300.000,350.000,-1,-1,-1,-1,850.000,1000.000,-1,-1,2,0,2,0,2,0,0,0,0,2,2,2,2,0,0,2,2
100,-8718.468,4660.565,-283.616,-68.680,0.360844,0.930593,0.061542,-0.931162,0.363188,-0.032114,-0.052237,-0.045717,0.997588,0,0.67312,-1.00000,40.387,-2.000,-1,425.000,-1,450.000,-1,350.000,350.000,300.000,350.000,-1,-1,-1,-1,850.000,1000.000,-1,-1,2,0,2,0,2,0,0,0,0,2,2,2,2,0,0,2,2
101,-8705.069,4622.348,-285.779,-70.680,0.328037,0.942695,0.060975,-0.943144,0.330487,-0.035460,-0.053579,-0.045876,0.997509,0,0.67495,-1.00000,40.497,-2.000,-1,425.000,-1,425.000,-1,350.000,350.000,300.000,350.000,-1,-1,-1,-1,850.000,1000.000,-1,-1,2,0,2,0,2,0,0,0,0,2,2,2,2,0,0,2,2
102,-8692.981,4583.583,-287.932,-72.680,0.294844,0.953661,0.059979,-0.953960,0.297389,-0.038985,-0.055015,-0.045723,0.997438,0,0.67674,-1.00000,40.605,-2.000,-1,425.000,-1,425.000,-1,350.000,350.000,300.000,325.000,-1,-1,-1,-1,850.000,975.000,-1,-1,2,0,2,0,2,0,0,0,0,2,2,2,2,0,0,2,2
103,-8682.225,4544.318,-290.015,-74.680,0.261306,0.963471,0.058683,-0.963608,0.263928,-0.042444,-0.056382,-0.045457,0.997374,0,0.67851,-1.00000,40.710,-2.000,-1,425.000,-1,425.000,-1,350.000,350.000,300.000,325.000,-1,-1,-1,-1,850.000,950.000,-1,-1,2,0,2,0,2,0,0,0,0,2,2,2,2,1,0,2,2
104,-8672.821,4504.601,-292.537,-76.680,0.227413,0.972019,0.058844,-0.972153,0.230125,-0.044283,-0.056585,-0.047135,0.997285,0,0.68025,-1.00000,40.815,-2.000,-1,425.000,-1,425.000,-1,350.000,350.000,300.000,325.000,-1,-1,-1,-1,825.000,950.000,-1,-1,2,0,2,0,2,0,0,0,0,2,2,2,2,1,0,2,2
105,-8664.788,4464.479,-295.300,-78.680,0.193142,0.979323,0.060195,-0.979493,0.196035,-0.046517,-0.057356,-0.049976,0.997102,0,0.68196,-1.00000,40.917,-2.000,-1,425.000,-1,425.000,-1,350.000,350.000,300.000,325.000,-1,-1,-1,-1,825.000,950.000,-1,-1,2,0,2,0,2,0,0,0,0,2,2,2,2,1,0,2,2
106,-8658.143,4424.002,-297.996,-80.680,0.158642,0.985428,0.061358,-0.985629,0.161715,-0.048819,-0.058030,-0.052731,0.996921,0,0.68364,-1.00000,41.018,-2.000,-1,425.000,-1,425.000,-1,350.000,350.000,300.000,325.000,-1,-1,-1,-1,825.000,925.000,-1,-1,2,0,2,0,2,0,0,0,0,2,2,2,2,1,0,2,2
107,-8652.902,4383.218,-300.625,-82.680,0.123957,0.990328,0.062330,-0.990555,0.127207,-0.051178,-0.058612,-0.055398,0.996743,0,0.68530,-1.00000,41.118,-2.000,-1,425.000,-1,425.000,-1,325.000,350.000,300.000,325.000,-1,-1,-1,-1,825.000,925.000,-1,-1,2,0,2,0,2,0,0,0,0,2,2,2,2,1,0,2,2
108,-8649.079,4342.178,-303.280,-84.680,0.089132,0.994039,0.062781,-0.994247,0.092556,-0.053904,-0.059394,-0.057616,0.996571,0,0.68694,-1.00000,41.217,-2.000,1000.000,400.000,-1,425.000,-1,325.000,325.000,300.000,325.000,-1,-1,-1,-1,825.000,925.000,-1,-1,1,0,2,0,2,0,0,0,0,2,2,2,2,0,0,2,2
109,-8646.685,4300.932,-305.881,-86.680,0.054209,0.996543,0.062951,-0.996716,0.057801,-0.056707,-0.060149,-0.059670,0.996404,0,0.68856,-1.00000,41.314,-2.000,975.000,400.000,-1,425.000,-1,325.000,325.000,300.000,325.000,-1,-1,-1,-1,800.000,900.000,-1,-1,1,0,2,0,2,0,0,0,0,2,2,2,2,0,0,2,2
110,-8645.729,4259.532,-308.420,-88.680,0.019230,0.997837,0.062860,-0.997961,0.022984,-0.059546,-0.060862,-0.061587,0.996244,0,0.69017,-1.00000,41.410,-2.000,950.000,400.000,-1,425.000,-1,325.000,325.000,300.000,325.000,-1,-1,-1,-1,800.000,900.000,-1,-1,1,0,2,0,2,0,0,0,0,2,2,2,2,0,0,2,2
111,-8646.221,4218.029,-310.894,-90.680,-0.015761,0.997920,0.062507,-0.997981,-0.011853,-0.062405,-0.061535,-0.063364,0.996092,0,0.69175,-1.00000,41.505,-2.000,925.000,400.000,-1,400.000,-1,325.000,325.000,300.000,325.000,-1,-1,-1,-1,800.000,900.000,-1,-1,1,0,2,0,2,0,0,0,0,2,2,2,2,0,0,2,2
112,-8648.165,4176.474,-313.301,-92.680,-0.050721,0.996793,0.061890,-0.996776,-0.046667,-0.065269,-0.062171,-0.065001,0.995947,0,0.69332,-1.00000,41.599,-2.000,925.000,400.000,-1,400.000,-1,325.000,325.000,300.000,325.000,-1,-1,-1,-1,775.000,875.000,-1,-1,1,0,2,0,2,0,0,0,0,2,2,2,2,0,0,2,2
113,-8651.566,4134.919,-315.639,-94.680,-0.085607,0.994459,0.061010,-0.994349,-0.081419,-0.068119,-0.062775,-0.066496,0.995810,0,0.69487,-1.00000,41.692,-2.000,925.000,400.000,-1,400.000,-1,325.000,325.000,300.000,325.000,-1,-1,-1,-1,775.000,875.000,-1,-1,1,0,2,0,2,0,0,0,0,2,2,2,2,0,0,2,2
114,-8656.425,4093.416,-317.905,-96.680,-0.120377,0.990922,0.059866,-0.990705,-0.116065,-0.070941,-0.063348,-0.067849,0.995682,0,0.69641,-1.00000,41.785,-2.000,950.000,400.000,-1,400.000,-1,325.000,325.000,300.000,325.000,-1,-1,-1,-1,775.000,850.000,-1,-1,1,0,2,0,2,0,0,0,0,2,2,2,2,0,0,2,2
115,-8663.262,4047.335,-320.362,-98.440,-0.150865,0.986828,0.058403,-0.986456,-0.146435,-0.073900,-0.064374,-0.068760,0.995554,0,0.77641,-0.88000,46.585,-1.760,950.000,400.000,-1,400.000,-1,325.000,325.000,300.000,325.000,-1,-1,-1,-1,750.000,850.000,1000.000,-1,1,0,2,0,2,0,0,0,0,2,2,2,2,0,0,1,2
116,-8672.150,3996.723,-323.010,-99.960,-0.177095,0.982564,0.056624,-0.981987,-0.172554,-0.076989,-0.065876,-0.069238,0.995423,0,0.85641,-0.76000,51.385,-1.520,925.000,400.000,-1,400.000,-1,325.000,325.000,300.000,325.000,-1,-1,-1,-1,750.000,825.000,925.000,-1,1,0,2,0,2,0,0,0,0,2,2,2,2,1,0,1,2
117,-8682.845,3942.900,-326.190,-101.240,-0.199132,0.978346,0.056438,-0.977715,-0.194436,-0.079166,-0.066478,-0.070944,0.995263,0,0.91456,-0.64000,54.874,-1.280,900.000,375.000,-1,400.000,-1,325.000,325.000,300.000,325.000,-1,-1,-1,-1,700.000,825.000,875.000,-1,1,0,2,0,2,0,0,0,0,2,2,2,2,1,1,1,2
118,-8695.072,3886.725,-329.621,-102.280,-0.216939,0.974587,0.055826,-0.973881,-0.212147,-0.080924,-0.067024,-0.071924,0.995156,0,0.95816,-0.52000,57.490,-1.040,825.000,375.000,-1,400.000,-1,325.000,325.000,300.000,350.000,-1,-1,-1,-1,675.000,800.000,800.000,-1,1,0,2,0,2,0,0,0,0,2,2,2,2,1,1,1,2
119,-8708.018,3831.011,-333.468,-103.080,-0.230428,0.971597,0.053866,-0.970809,-0.225749,-0.081034,-0.066572,-0.070966,0.995255,0,0.95329,-0.40000,57.198,-0.800,775.000,375.000,-1,400.000,-1,325.000,325.000,300.000,325.000,-1,-1,-1,-1,625.000,775.000,750.000,-1,1,0,2,0,2,0,0,0,0,2,2,2,2,1,1,1,2
120,-8721.429,3775.755,-337.281,-103.640,-0.239818,0.969426,0.051975,-0.968547,-0.235254,-0.081064,-0.066358,-0.069781,0.995353,0,0.94767,-0.28000,56.860,-0.560,725.000,375.000,-1,400.000,-1,325.000,325.000,300.000,325.000,-1,-1,-1,-1,600.000,750.000,700.000,-1,1,0,2,0,2,0,0,1,0,2,2,2,2,1,1,1,2
121,-8735.066,3720.939,-341.066,-103.969,-0.245276,0.968153,0.050187,-0.967180,-0.240829,-0.081025,-0.066358,-0.068414,0.995448,0,0.94143,-0.16419,56.486,-0.328,650.000,375.000,-1,400.000,-1,325.000,325.000,300.000,325.000,-1,-1,-1,-1,575.000,725.000,625.000,-1,1,0,2,0,2,0,0,0,0,2,2,2,2,1,1,1,2
122,-8748.904,3666.588,-344.818,-104.283,-0.250499,0.966901,0.048504,-0.965840,-0.246161,-0.080982,-0.066362,-0.067133,0.995535,0,0.93476,-0.15726,56.085,-0.315,600.000,375.000,-1,400.000,-1,325.000,325.000,300.000,325.000,-1,-1,-1,-1,525.000,700.000,575.000,-1,1,0,2,0,2,0,0,0,0,2,2,2,2,1,1,1,2
123,-8764.242,3608.581,-348.808,-104.809,-0.259275,0.964669,0.046805,-0.963533,-0.255040,-0.080980,-0.066182,-0.066095,0.995616,0,1.00000,-0.26285,60.000,-0.526,550.000,375.000,-1,400.000,-1,325.000,325.000,300.000,325.000,-1,-1,-1,-1,500.000,675.000,525.000,-1,1,1,2,0,2,0,0,0,0,2,2,2,2,1,1,1,2
124,-8780.098,3550.714,-352.782,-105.323,-0.267838,0.962402,0.045214,-0.961200,-0.263700,-0.080975,-0.066007,-0.065148,0.995690,0,1.00000,-0.25698,60.000,-0.514,475.000,350.000,-1,400.000,-1,325.000,325.000,300.000,325.000,-1,-1,-1,-1,450.000,650.000,450.000,-1,1,1,2,0,2,1,0,0,0,2,2,2,2,1,1,1,2
125,-8796.460,3492.987,-356.740,-105.824,-0.276163,0.960115,0.043736,-0.958853,-0.272112,-0.080969,-0.065839,-0.064297,0.995757,0,1.00000,-0.25026,60.000,-0.501,425.000,325.000,-1,375.000,-1,300.000,325.000,300.000,325.000,-1,-1,-1,-1,425.000,625.000,400.000,-1,1,1,2,1,2,1,1,0,0,2,2,2,2,1,1,1,2
126,-8813.310,3435.402,-360.683,-106.309,-0.284221,0.957822,0.042377,-0.956507,-0.280248,-0.080969,-0.065678,-0.063547,0.995815,0,1.00000,-0.24267,60.000,-0.485,350.000,300.000,-1,350.000,-1,275.000,300.000,300.000,325.000,-1,-1,-1,-1,375.000,600.000,350.000,-1,1,1,2,1,2,1,1,0,0,2,2,2,2,1,1,1,2
127,-8829.777,3381.654,-364.345,-107.034,-0.296274,0.954213,0.041227,-0.952870,-0.292356,-0.081030,-0.065267,-0.063291,0.995859,0,0.93689,-0.36267,56.213,-0.725,300.000,275.000,-1,350.000,-1,250.000,275.000,300.000,325.000,-1,-1,-1,-1,350.000,575.000,300.000,-1,1,1,2,1,2,1,1,0,0,2,2,2,2,1,1,1,2
128,-8847.235,3327.938,-366.851,-108.000,-0.311851,0.949412,0.036949,-0.948171,-0.308475,-0.076253,-0.060998,-0.058813,0.996404,0,0.94137,-0.48267,56.482,-0.965,250.000,250.000,-1,325.000,-1,225.000,275.000,325.000,325.000,-1,-1,-1,-1,325.000,600.000,250.000,-1,1,1,2,1,2,1,1,0,0,2,2,2,2,1,1,1,2
129,-8865.918,3274.347,-366.464,-109.205,-0.330502,0.943473,0.025064,-0.942624,-0.328643,-0.058770,-0.047211,-0.043049,0.997957,0,0.94593,-0.60267,56.756,-1.205,250.000,250.000,-1,350.000,-1,225.000,275.000,350.000,300.000,-1,-1,-1,-1,325.000,725.000,250.000,-1,1,1,2,1,2,1,1,0,0,2,2,2,2,1,1,1,2
130,-8886.035,3220.996,-365.936,-110.650,-0.353310,0.935402,0.013949,-0.934932,-0.352532,-0.040285,-0.032765,-0.027275,0.999091,0,0.95030,-0.72267,57.018,-1.445,250.000,250.000,-1,350.000,-1,250.000,275.000,400.000,300.000,-1,650.000,200.000,-1,350.000,800.000,225.000,-1,1,1,2,1,2,1,1,0,0,2,0,0,2,1,0,1,2
131,-8907.662,3167.989,-365.304,-112.190,-0.377799,0.925880,0.003790,-0.925715,-0.377647,-0.020840,-0.017864,-0.011382,0.999776,0,0.95417,-0.76962,57.250,-1.539,250.000,250.000,-1,375.000,-1,250.000,300.000,400.000,275.000,-1,375.000,100.000,-1,375.000,850.000,225.000,-1,1,1,2,1,2,1,1,1,0,2,0,0,2,1,0,1,2
132,-8930.741,3115.405,-363.408,-113.695,-0.401872,0.915696,0.000066,-0.915695,-0.401872,0.000728,0.000693,0.000232,1.000000,0,0.95710,-0.75288,57.426,-1.506,250.000,275.000,-1,450.000,-1,275.000,325.000,375.000,275.000,-1,275.000,50.000,700.000,425.000,950.000,225.000,-1,1,1,2,1,2,1,1,1,0,2,0,0,0,1,0,1,2
133,-8955.200,3063.338,-361.426,-115.164,-0.425346,0.905027,-0.002555,-0.904824,-0.425187,0.022583,0.019352,0.011918,0.999742,0,0.95876,-0.73457,57.526,-1.469,250.000,300.000,-1,525.000,-1,300.000,350.000,375.000,275.000,-1,200.000,50.000,550.000,-1,-1,225.000,-1,1,1,2,0,2,1,1,1,0,2,0,0,0,2,2,1,2
134,-8980.952,3011.892,-360.854,-116.593,-0.447996,0.894031,-0.002778,-0.893419,-0.447570,0.038534,0.033207,0.019745,0.999253,0,0.95885,-0.71452,57.531,-1.429,225.000,325.000,-1,550.000,-1,325.000,375.000,350.000,275.000,-1,175.000,25.000,475.000,-1,-1,250.000,-1,1,1,2,0,2,1,1,1,0,2,0,0,0,2,2,1,2
135,-9007.889,2961.180,-361.179,-117.979,-0.469692,0.882828,-0.002204,-0.881737,-0.468985,0.050932,0.043931,0.025866,0.998700,0,0.95700,-0.69257,57.420,-1.385,200.000,375.000,-1,575.000,-1,350.000,425.000,325.000,275.000,-1,175.000,25.000,425.000,-1,-1,325.000,-1,1,1,2,0,2,1,1,1,0,2,0,0,0,2,2,1,2
