timestep,x_cm,y_cm,z_cm,yaw_deg,basis_xx,basis_xy,basis_xz,basis_yx,basis_yy,basis_yz,basis_zx,basis_zy,basis_zz,teleport_flag,throttle_cmd,steering_cmd,cmd_move_cm,cmd_turn_deg,lidar_cm_0,lidar_cm_1,lidar_cm_2,lidar_cm_3,lidar_cm_4,lidar_cm_5,lidar_cm_6,lidar_cm_7,lidar_cm_8,lidar_cm_9,lidar_cm_10,lidar_cm_11,lidar_cm_12,lidar_cm_13,lidar_cm_14,lidar_cm_15,lidar_cm_16,lidar_class_0,lidar_class_1,lidar_class_2,lidar_class_3,lidar_class_4,lidar_class_5,lidar_class_6,lidar_class_7,lidar_class_8,lidar_class_9,lidar_class_10,lidar_class_11,lidar_class_12,lidar_class_13,lidar_class_14,lidar_class_15,lidar_class_16
0,4260.000,-6884.068,-140.264,-42.107,0.741805,0.670424,0.016017,-0.670587,0.741781,0.008590,-0.006122,-0.017113,0.999835,1,-0.08000,0.12000,-4.800,0.240,800.000,375.000,-1,375.000,-1,300.000,300.000,325.000,300.000,-1,0.000,0.000,-1,550.000,675.000,650.000,-1,1,0,2,0,2,0,0,0,0,2,1,1,2,1,0,1,2
1,4252.824,-6877.691,-139.692,-41.627,0.747363,0.664200,0.016929,-0.664361,0.747387,0.006186,-0.008544,-0.015871,0.999838,0,-0.16000,0.24000,-9.600,0.480,800.000,375.000,-1,375.000,-1,300.000,300.000,325.000,300.000,-1,0.000,0.000,-1,575.000,650.000,675.000,-1,1,0,2,0,2,0,0,0,0,2,1,1,2,1,0,1,2
2,4241.941,-6868.262,-138.779,-40.907,0.755603,0.654776,0.018258,-0.654917,0.755697,0.002454,-0.012190,-0.013812,0.999830,0,-0.24000,0.36000,-14.400,0.720,850.000,375.000,-1,375.000,-1,300.000,300.000,325.000,300.000,-1,0.000,0.000,-1,575.000,650.000,675.000,-1,1,0,2,0,2,0,0,0,0,2,1,1,2,1,0,1,2
3,4227.221,-6855.934,-137.490,-39.947,0.766402,0.642046,0.020128,-0.642132,0.766589,-0.002721,-0.017177,-0.010840,0.999794,0,-0.32000,0.48000,-19.200,0.960,900.000,375.000,-1,350.000,-1,300.000,300.000,325.000,300.000,-1,0.000,0.000,-1,575.000,625.000,700.000,-1,1,0,2,0,2,0,0,0,0,2,1,1,2,1,0,1,2
4,4208.503,-6840.913,-135.793,-38.747,0.779593,0.625873,0.022752,-0.625839,0.779895,-0.009464,-0.023668,-0.006861,0.999696,0,-0.40000,0.60000,-24.000,1.200,975.000,375.000,-1,350.000,-1,300.000,300.000,350.000,300.000,-1,0.000,0.000,-1,575.000,600.000,725.000,-1,1,0,2,0,2,0,0,0,0,2,1,1,2,1,0,1,2
5,4185.596,-6823.459,-133.640,-37.307,0.794960,0.606090,0.026335,-0.605828,0.795394,-0.017915,-0.031804,-0.001713,0.999493,0,-0.48000,0.72000,-28.800,1.440,-1,350.000,1000.000,350.000,925.000,300.000,300.000,350.000,300.000,-1,0.000,0.000,-1,575.000,600.000,750.000,900.000,2,0,1,0,0,0,0,0,0,2,1,1,2,1,0,1,0
6,4160.507,-6805.479,-131.211,-35.627,0.812251,0.582505,0.030589,-0.581871,0.812814,-0.027574,-0.040925,0.004598,0.999152,0,-0.51445,0.84000,-30.867,1.680,-1,350.000,950.000,325.000,775.000,300.000,275.000,375.000,300.000,-1,0.000,0.000,-1,575.000,575.000,775.000,775.000,2,0,1,0,0,0,0,0,0,2,1,1,2,1,0,1,0
7,4134.501,-6788.131,-128.657,-33.707,0.831159,0.554911,0.035333,-0.553737,0.831822,-0.038035,-0.050497,0.012048,0.998652,0,-0.52104,0.96000,-31.263,1.920,-1,350.000,950.000,325.000,650.000,300.000,275.000,400.000,300.000,-1,0.000,25.000,-1,575.000,525.000,825.000,675.000,2,0,1,0,0,0,0,0,0,2,1,1,2,1,0,1,0
8,2951.694,9511.016,-23.789,143.443,-0.803066,-0.595561,0.019773,0.595723,-0.803184,0.003032,0.014076,0.014214,0.999800,1,0.00000,0.00000,-31.585,2.000,-1,400.000,-1,425.000,-1,325.000,325.000,325.000,325.000,-1,-1,-1,-1,850.000,900.000,-1,-1,2,0,2,0,2,0,0,0,0,2,2,2,2,0,0,2,2
9,2947.850,9513.891,-23.703,143.203,-0.800564,-0.598918,0.019851,0.599085,-0.800679,0.003236,0.013956,0.014483,0.999798,0,0.08000,-0.12000,4.800,-0.240,-1,400.000,-1,425.000,-1,325.000,325.000,325.000,325.000,-1,-1,-1,-1,850.000,900.000,-1,-1,2,0,2,0,2,0,0,0,0,2,2,2,2,0,0,2,2
10,2940.211,9519.705,-23.531,142.723,-0.795517,-0.605600,0.020015,0.605775,-0.795627,0.003647,0.013716,0.015026,0.999793,0,0.16000,-0.24000,9.600,-0.480,-1,400.000,-1,425.000,-1,325.000,325.000,325.000,325.000,-1,-1,-1,-1,850.000,900.000,-1,-1,2,0,2,0,2,0,0,0,0,2,2,2,2,0,0,2,2
11,2928.863,9528.570,-23.319,142.003,-0.787847,-0.615544,0.020059,0.615729,-0.787947,0.004211,0.013213,0.015669,0.999790,0,0.24000,-0.36000,14.400,-0.720,-1,400.000,-1,425.000,-1,325.000,325.000,325.000,325.000,-1,-1,-1,-1,850.000,900.000,-1,-1,2,0,2,0,2,0,0,0,0,2,2,2,2,0,0,2,2
12,2913.933,9540.642,-23.154,141.043,-0.777438,-0.628655,0.019565,0.628842,-0.777518,0.004846,0.012166,0.016071,0.999797,0,0.32000,-0.48000,19.200,-0.960,-1,400.000,-1,400.000,-1,325.000,325.000,325.000,325.000,-1,-1,-1,-1,850.000,900.000,-1,-1,2,0,2,0,2,0,0,0,0,2,2,2,2,0,0,2,2
13,2895.590,9556.119,-22.956,139.843,-0.764120,-0.644795,0.018990,0.644983,-0.764176,0.005678,0.010850,0.016587,0.999804,0,0.40000,-0.60000,24.000,-1.200,-1,400.000,-1,400.000,-1,325.000,325.000,325.000,325.000,-1,-1,-1,-1,825.000,900.000,-1,-1,2,0,2,0,2,0,0,0,0,2,2,2,2,0,0,2,2
14,2874.007,9575.187,-22.787,138.541,-0.749284,-0.661993,0.018380,0.662180,-0.749317,0.006435,0.009513,0.016992,0.999810,0,0.48000,-0.65121,28.800,-1.302,-1,400.000,-1,400.000,-1,325.000,325.000,325.000,325.000,-1,-1,-1,-1,825.000,900.000,-1,-1,2,0,2,0,2,0,0,0,0,2,2,2,2,0,0,2,2
15,2849.339,9598.001,-22.654,137.235,-0.734020,-0.678895,0.017765,0.679078,-0.734032,0.007117,0.008208,0.017288,0.999817,0,0.56000,-0.65295,33.600,-1.306,-1,400.000,-1,400.000,1000.000,325.000,325.000,325.000,325.000,-1,-1,-1,-1,825.000,900.000,-1,-1,2,0,2,0,1,0,0,0,0,2,2,2,2,0,0,2,2
16,2821.752,9624.712,-22.509,135.925,-0.718324,-0.695497,0.017171,0.695676,-0.718312,0.007997,0.006772,0.017690,0.999821,0,0.64000,-0.65510,38.400,-1.310,-1,400.000,-1,400.000,975.000,325.000,325.000,325.000,325.000,-1,-1,-1,-1,825.000,900.000,-1,-1,2,0,2,0,1,0,0,0,0,2,2,2,2,0,0,2,2
17,2791.414,9655.467,-22.356,134.609,-0.702190,-0.711796,0.016620,0.711971,-0.702151,0.009086,0.005203,0.018213,0.999821,0,0.72000,-0.65768,43.200,-1.315,-1,400.000,-1,425.000,925.000,325.000,325.000,300.000,325.000,-1,-1,-1,-1,825.000,900.000,-1,-1,2,0,2,0,1,0,0,0,0,2,2,2,2,0,0,2,2
18,2758.502,9690.407,-22.197,133.288,-0.685611,-0.727789,0.016138,0.727959,-0.685541,0.010395,0.003498,0.018875,0.999816,0,0.80000,-0.66068,48.000,-1.321,-1,400.000,-1,425.000,875.000,325.000,325.000,300.000,325.000,-1,-1,-1,-1,825.000,900.000,-1,975.000,2,0,2,0,1,0,0,0,0,2,2,2,2,0,0,2,1
19,2723.199,9729.670,-22.035,131.960,-0.668581,-0.743473,0.015750,0.743638,-0.668476,0.011933,0.001657,0.019691,0.999805,0,0.88000,-0.66413,52.800,-1.328,-1,400.000,-1,425.000,850.000,325.000,325.000,300.000,325.000,-1,-1,-1,-1,825.000,900.000,-1,925.000,2,0,2,0,1,0,0,0,0,2,2,2,2,0,1,2,1
20,2687.977,9770.731,-22.050,130.623,-0.651097,-0.758846,0.015005,0.758994,-0.650949,0.013888,-0.000771,0.020431,0.999791,0,0.90164,-0.66805,54.098,-1.336,-1,400.000,-1,425.000,800.000,325.000,325.000,300.000,300.000,-1,-1,-1,-1,825.000,850.000,-1,850.000,2,0,2,0,1,0,0,0,0,2,2,2,2,0,1,2,1
21,2653.611,9812.749,-22.319,129.279,-0.633162,-0.773884,0.014487,0.774009,-0.632948,0.016953,-0.003950,0.021947,0.999751,0,0.90469,-0.67212,54.281,-1.344,-1,400.000,-1,425.000,750.000,325.000,325.000,300.000,300.000,-1,-1,-1,-1,825.000,800.000,-1,800.000,2,0,2,0,1,0,0,0,0,2,2,2,2,0,1,2,1
22,2620.134,9855.709,-22.593,127.927,-0.614771,-0.788577,0.014258,0.788674,-0.614482,0.020143,-0.007123,0.023628,0.999695,0,0.90773,-0.67623,54.464,-1.352,-1,400.000,-1,400.000,700.000,325.000,325.000,300.000,300.000,-1,-1,-1,-1,800.000,750.000,-1,750.000,2,0,2,0,1,0,0,0,0,2,2,2,2,0,1,2,1
23,2586.906,9900.413,-22.877,126.623,-0.596728,-0.802315,0.014322,0.802377,-0.596355,0.023500,-0.010313,0.025515,0.999621,0,0.92834,-0.65181,55.700,-1.304,-1,400.000,-1,400.000,650.000,325.000,325.000,325.000,300.000,-1,-1,-1,-1,800.000,700.000,-1,700.000,2,0,2,0,1,0,0,0,0,2,2,2,2,0,1,2,1
24,2554.493,9946.166,-23.366,125.315,-0.578301,-0.815692,0.014612,0.815722,-0.577854,0.026125,-0.012866,0.027028,0.999552,0,0.93450,-0.65427,56.070,-1.309,-1,400.000,-1,400.000,600.000,325.000,325.000,325.000,300.000,-1,-1,-1,-1,800.000,650.000,-1,625.000,2,0,2,0,1,0,0,0,0,2,2,2,2,0,1,2,1
25,2522.928,9992.961,-24.198,124.001,-0.559484,-0.828705,0.015019,0.828717,-0.558994,0.027452,-0.014354,0.027806,0.999510,0,0.94076,-0.65668,56.446,-1.313,-1,400.000,-1,400.000,550.000,325.000,325.000,325.000,300.000,-1,-1,-1,-1,800.000,600.000,-1,575.000,2,0,2,0,1,0,0,0,0,2,2,2,2,0,1,2,1
26,2492.242,10040.790,-25.052,122.683,-0.540307,-0.841325,0.015533,0.841319,-0.539771,0.028802,-0.015847,0.028630,0.999464,0,0.94711,-0.65904,56.827,-1.318,-1,400.000,-1,400.000,500.000,325.000,325.000,325.000,300.000,-1,-1,-1,-1,800.000,550.000,-1,525.000,2,0,2,0,1,0,0,0,0,2,2,2,2,0,1,2,1
27,2462.468,10089.645,-26.261,121.360,-0.520774,-0.853572,0.014433,0.853496,-0.520213,0.030389,-0.018431,0.028144,0.999434,0,0.95355,-0.66136,57.213,-1.323,-1,400.000,-1,400.000,450.000,325.000,325.000,325.000,300.000,-1,-1,-1,-1,775.000,500.000,-1,475.000,2,0,2,0,1,0,0,0,0,2,2,2,2,0,1,2,1
28,2433.637,10139.515,-27.489,120.033,-0.500894,-0.865404,0.013479,0.865254,-0.500308,0.032064,-0.021004,0.027724,0.999395,0,0.96007,-0.66366,57.604,-1.327,-1,400.000,-1,400.000,400.000,325.000,325.000,325.000,300.000,-1,-1,-1,-1,775.000,450.000,-1,425.000,2,0,2,1,1,0,0,0,0,2,2,2,2,0,1,2,1
29,2405.783,10190.389,-28.738,118.701,-0.480675,-0.876807,0.012674,0.876582,-0.480062,0.033820,-0.023569,0.027366,0.999348,0,0.96666,-0.66593,58.000,-1.332,-1,400.000,700.000,350.000,350.000,325.000,325.000,325.000,300.000,-1,-1,-1,-1,775.000,400.000,-1,375.000,2,0,1,1,1,0,0,0,0,2,2,2,2,0,1,2,1
30,2378.940,10242.254,-30.048,117.365,-0.460121,-0.887776,0.011932,0.887476,-0.459488,0.035456,-0.025995,0.026903,0.999300,0,0.97333,-0.66820,58.400,-1.336,-1,400.000,575.000,325.000,300.000,325.000,325.000,300.000,300.000,-1,-1,-1,-1,750.000,350.000,-1,300.000,2,0,1,1,1,0,1,0,0,2,2,2,2,0,1,2,1
31,2353.141,10295.095,-31.484,116.024,-0.439231,-0.898306,0.011101,0.897935,-0.438596,0.036680,-0.028081,0.026079,0.999265,0,0.98005,-0.67048,58.803,-1.341,-1,400.000,500.000,275.000,250.000,325.000,275.000,300.000,300.000,-1,-1,-1,-1,750.000,300.000,-1,250.000,2,0,1,1,1,0,1,0,0,2,2,2,2,0,1,2,1
32,2328.419,10348.898,-32.927,114.678,-0.418029,-0.908374,0.010429,0.907931,-0.417388,0.038058,-0.030218,0.025378,0.999221,0,0.98683,-0.67280,59.210,-1.346,-1,350.000,400.000,225.000,200.000,300.000,225.000,300.000,325.000,-1,-1,-1,-1,550.000,250.000,-1,200.000,2,1,1,1,1,1,1,0,0,2,2,2,2,1,1,2,1
33,2304.811,10403.643,-34.643,113.328,-0.396544,-0.917948,0.011130,0.917471,-0.395861,0.039251,-0.031625,0.025776,0.999167,0,0.99365,-0.67518,59.619,-1.350,-1,300.000,325.000,175.000,150.000,250.000,200.000,300.000,325.000,-1,-1,-1,-1,450.000,200.000,-1,150.000,2,1,1,1,1,1,1,0,0,2,2,2,2,1,1,2,1
34,2282.363,10459.284,-27.401,111.973,-0.374116,-0.927339,-0.008931,0.927362,-0.374154,0.002990,-0.006114,-0.007164,0.999956,0,1.00000,-0.67765,60.000,-1.355,-1,300.000,300.000,150.000,125.000,225.000,175.000,275.000,400.000,-1,-1,-1,-1,875.000,175.000,-1,125.000,2,1,1,1,1,1,1,0,0,2,2,2,2,0,1,2,1
35,2261.220,10515.438,-12.757,110.612,-0.354381,-0.933818,-0.048971,0.934182,-0.351224,-0.062818,0.041460,-0.068010,0.996823,0,1.00000,-0.68026,60.000,-1.361,-1,300.000,325.000,150.000,125.000,225.000,150.000,250.000,575.000,600.000,25.000,250.000,-1,1000.000,175.000,-1,125.000,2,1,1,1,1,1,1,0,1,0,0,0,2,1,1,2,1
36,2241.386,10572.074,1.927,109.246,-0.339373,-0.936022,-0.093214,0.936425,-0.326802,-0.127705,0.089072,-0.130628,0.987422,0,1.00000,-0.68300,60.000,-1.366,-1,350.000,425.000,150.000,100.000,225.000,150.000,225.000,625.000,250.000,0.000,175.000,-1,-1,175.000,-1,100.000,2,1,1,1,1,1,1,0,1,0,0,0,2,2,1,2,1
37,-1639.884,1639.836,-207.925,85.185,0.085978,-0.992607,-0.085670,0.996019,0.083605,0.030913,-0.023522,-0.087987,0.995844,1,0.00000,0.00000,60.000,-1.372,600.000,375.000,-1,500.000,-1,325.000,375.000,225.000,200.000,-1,-1,-1,425.000,625.000,975.000,850.000,-1,0,0,2,0,2,0,1,0,1,2,2,2,1,0,0,0,2
38,3607.487,6236.160,-79.648,91.210,-0.016424,-0.997584,0.067503,0.997409,-0.021076,-0.068784,0.070041,0.066199,0.995345,1,0.08000,-0.10728,4.800,-0.215,175.000,325.000,-1,525.000,-1,350.000,450.000,450.000,275.000,-1,275.000,100.000,550.000,-1,-1,200.000,-1,1,1,2,0,2,1,0,1,0,2,0,0,0,2,2,1,2
39,3607.316,6245.759,-79.024,91.004,-0.012546,-0.997493,0.069651,0.997342,-0.017482,-0.070728,0.071768,0.068579,0.995061,0,0.16000,-0.10311,9.600,-0.206,175.000,325.000,-1,550.000,-1,350.000,450.000,450.000,250.000,-1,275.000,75.000,525.000,-1,-1,200.000,-1,1,1,2,0,2,1,0,1,0,2,0,0,0,2,2,1,2
40,3607.108,6260.158,-78.083,90.811,-0.008742,-0.997295,0.072986,0.997194,-0.014121,-0.073518,0.074350,0.072139,0.994620,0,0.24000,-0.09643,14.400,-0.193,175.000,325.000,-1,550.000,-1,375.000,450.000,425.000,250.000,-1,275.000,75.000,500.000,-1,-1,200.000,-1,1,1,2,0,2,1,0,1,0,2,0,0,0,2,2,1,2
41,3606.888,6279.358,-76.827,90.637,-0.005087,-0.996980,0.077498,0.996958,-0.011083,-0.077146,0.077772,0.076870,0.994003,0,0.32000,-0.08715,19.200,-0.174,175.000,325.000,-1,550.000,-1,375.000,475.000,400.000,250.000,-1,250.000,75.000,475.000,-1,-1,200.000,-1,1,1,2,0,2,1,0,1,0,2,0,0,0,2,2,1,2
42,3606.676,6303.358,-75.256,90.487,-0.001653,-0.996533,0.083186,0.996629,-0.008465,-0.081604,0.082025,0.082770,0.993187,0,0.40000,-0.07513,24.000,-0.150,150.000,350.000,-1,575.000,-1,400.000,475.000,375.000,250.000,-1,250.000,75.000,450.000,-1,-1,175.000,-1,1,1,2,0,2,1,0,1,0,2,0,0,0,2,2,1,2
43,3606.482,6332.158,-73.371,90.366,0.001489,-0.995935,0.090057,0.996198,-0.006367,-0.086882,0.087103,0.089845,0.992140,0,0.48000,-0.06020,28.800,-0.120,150.000,375.000,-1,575.000,-1,425.000,500.000,350.000,250.000,-1,225.000,50.000,425.000,-1,-1,175.000,-1,1,1,2,0,2,1,0,1,0,2,0,0,0,2,2,1,2
44,3606.304,6365.759,-71.169,90.282,0.004268,-0.995164,0.098139,0.995657,-0.004899,-0.092974,0.093005,0.098110,0.990820,0,0.56000,-0.04211,33.600,-0.084,150.000,425.000,-1,600.000,-1,475.000,500.000,325.000,250.000,-1,225.000,50.000,375.000,-1,-1,175.000,-1,1,1,2,0,2,1,0,1,0,2,0,0,0,2,2,1,2
45,3606.126,6404.161,-68.642,90.241,0.006611,-0.994186,0.107477,0.994991,-0.004181,-0.099873,0.099741,0.107599,0.989179,0,0.64000,-0.02056,38.400,-0.041,150.000,525.000,-1,600.000,-1,500.000,525.000,300.000,250.000,-1,225.000,50.000,350.000,-1,-1,175.000,-1,1,1,2,0,2,1,0,1,0,2,0,0,0,2,2,1,2
46,3605.917,6447.362,-65.779,90.251,0.008448,-0.992960,0.118145,0.994187,-0.004342,-0.107577,0.107332,0.118367,0.987152,0,0.72000,0.00479,43.200,0.010,125.000,750.000,-1,625.000,-1,550.000,550.000,275.000,250.000,-1,200.000,25.000,300.000,-1,-1,175.000,-1,1,1,2,0,2,1,0,1,0,2,0,0,0,2,2,1,2
47,-6887.288,3607.627,-125.109,-91.906,-0.033363,0.999429,0.005276,-0.999291,-0.033265,-0.017622,-0.017437,-0.005860,0.999831,1,0.00000,0.00000,48.000,0.069,600.000,400.000,-1,400.000,-1,325.000,325.000,300.000,300.000,-1,-1,-1,-1,550.000,725.000,575.000,-1,1,1,2,0,2,0,0,0,0,2,2,2,2,1,0,1,2
48,-6887.427,3602.829,-125.194,-91.666,-0.029176,0.999560,0.005304,-0.999422,-0.029078,-0.017612,-0.017450,-0.005815,0.999831,0,0.08000,0.12000,4.800,0.240,600.000,400.000,-1,400.000,-1,325.000,325.000,300.000,300.000,-1,-1,-1,-1,550.000,725.000,575.000,-1,1,1,2,0,2,0,0,0,0,2,2,2,2,1,0,1,2
49,-6887.626,3593.231,-125.363,-91.186,-0.020801,0.999769,0.005360,-0.999631,-0.020703,-0.017591,-0.017476,-0.005724,0.999831,0,0.16000,0.24000,9.600,0.480,575.000,400.000,-1,400.000,-1,325.000,325.000,300.000,300.000,-1,-1,-1,-1,550.000,725.000,575.000,-1,1,1,2,0,2,0,0,0,0,2,2,2,2,1,0,1,2
50,-6887.743,3578.831,-125.619,-90.466,-0.008235,0.999951,0.005440,-0.999813,-0.008139,-0.017561,-0.017516,-0.005584,0.999831,0,0.24000,0.36000,14.400,0.720,575.000,375.000,-1,400.000,-1,325.000,325.000,300.000,300.000,-1,-1,-1,-1,550.000,725.000,550.000,-1,1,1,2,0,2,0,0,0,0,2,2,2,2,1,0,1,2
51,-6887.578,3559.632,-125.962,-89.506,0.008520,0.999948,0.005541,-0.999809,0.008616,-0.017526,-0.017573,-0.005390,0.999831,0,0.32000,0.48000,19.200,0.960,575.000,375.000,-1,400.000,-1,325.000,325.000,300.000,300.000,-1,-1,-1,-1,525.000,725.000,550.000,-1,1,1,2,0,2,1,0,0,0,2,2,2,2,1,0,1,2
52,-6886.868,3535.643,-126.394,-88.306,0.029461,0.999550,0.005655,-0.999410,0.029556,-0.017488,-0.017648,-0.005137,0.999831,0,0.40000,0.60000,24.000,1.200,550.000,375.000,-1,400.000,-1,325.000,325.000,300.000,300.000,-1,-1,-1,-1,525.000,725.000,525.000,-1,1,1,2,0,2,1,0,0,0,2,2,2,2,1,0,1,2
53,-6885.408,3506.880,-126.916,-87.094,0.050607,0.998702,0.005786,-0.998561,0.050701,-0.017450,-0.017721,-0.004895,0.999831,0,0.48000,0.60629,28.800,1.213,525.000,350.000,-1,400.000,-1,325.000,325.000,300.000,300.000,-1,-1,-1,-1,500.000,725.000,500.000,-1,1,1,2,0,2,1,0,0,0,2,2,2,2,1,0,1,2
54,-6882.995,3473.366,-127.529,-85.881,0.071728,0.997407,0.005929,-0.997265,0.071822,-0.017415,-0.017795,-0.004663,0.999831,0,0.56000,0.60622,33.600,1.212,500.000,350.000,-1,375.000,-1,300.000,325.000,300.000,300.000,-1,-1,-1,-1,475.000,725.000,475.000,-1,1,1,2,0,2,1,0,0,0,2,2,2,2,1,0,1,2
55,-6879.427,3435.132,-128.236,-84.669,0.092814,0.995665,0.006076,-0.995523,0.092907,-0.017385,-0.017874,-0.004435,0.999830,0,0.64000,0.60612,38.400,1.212,475.000,325.000,-1,375.000,-1,300.000,325.000,300.000,300.000,-1,-1,-1,-1,450.000,725.000,450.000,-1,1,1,2,0,2,1,0,0,0,2,2,2,2,1,0,1,2
56,-6874.644,3392.198,-129.035,-83.643,0.110624,0.993843,0.006230,-0.993700,0.110717,-0.017360,-0.017943,-0.004271,0.999830,0,0.72000,0.51289,43.200,1.026,425.000,325.000,-1,375.000,-1,275.000,325.000,300.000,300.000,-1,-1,-1,-1,425.000,725.000,400.000,-1,1,1,2,0,2,1,1,0,0,2,2,2,2,1,0,1,2
57,-6868.474,3344.596,-129.932,-82.614,0.128456,0.991695,0.006379,-0.991551,0.128549,-0.017347,-0.018022,-0.004097,0.999829,0,0.80000,0.51456,48.000,1.029,375.000,300.000,-1,375.000,-1,275.000,300.000,300.000,300.000,-1,-1,-1,-1,400.000,725.000,350.000,-1,1,1,2,0,2,1,1,0,0,2,2,2,2,1,0,1,2
58,-6860.743,3292.365,-130.868,-81.581,0.146316,0.989215,0.006723,-0.989074,0.146412,-0.017215,-0.018014,-0.004131,0.999829,0,0.88000,0.51666,52.800,1.033,325.000,275.000,-1,375.000,-1,250.000,300.000,300.000,300.000,-1,-1,-1,-1,375.000,725.000,300.000,-1,1,1,2,0,2,1,1,0,0,2,2,2,2,1,0,1,2
59,-6851.442,3236.526,-131.753,-80.542,0.164212,0.986397,0.007457,-0.986266,0.164316,-0.016702,-0.017700,-0.004612,0.999833,0,0.94348,0.51925,56.609,1.038,275.000,250.000,-1,375.000,-1,225.000,275.000,300.000,300.000,-1,-1,-1,-1,325.000,700.000,250.000,-1,1,1,2,0,2,1,1,0,0,2,2,2,2,1,0,1,2
60,-6841.056,3180.503,-129.712,-79.498,0.182323,0.983223,-0.005536,-0.983208,0.182269,-0.008959,-0.007800,0.007077,0.999945,0,0.94964,0.52230,56.978,1.045,250.000,250.000,-1,400.000,-1,225.000,275.000,325.000,300.000,-1,-1,-1,-1,325.000,750.000,225.000,-1,1,1,2,0,2,1,1,0,0,2,2,2,2,1,0,1,2
61,-6829.568,3124.319,-126.807,-78.447,0.200167,0.979491,-0.023016,-0.979749,0.200229,0.000401,0.005002,0.022470,0.999735,0,0.95577,0.52555,57.346,1.051,250.000,225.000,-1,425.000,-1,225.000,275.000,375.000,275.000,-1,550.000,400.000,-1,300.000,800.000,225.000,-1,1,1,2,0,2,1,1,1,0,2,0,0,2,1,0,1,2
62,-6816.959,3068.003,-123.595,-77.389,0.217575,0.975120,-0.042456,-0.975861,0.218169,0.009842,0.018860,0.039290,0.999050,0,0.96184,0.52903,57.710,1.058,225.000,225.000,-1,450.000,-1,225.000,275.000,375.000,275.000,-1,375.000,225.000,-1,300.000,875.000,200.000,-1,1,1,2,1,2,1,1,1,0,2,0,0,2,1,0,1,2
63,-6803.215,3011.583,-120.053,-76.323,0.234413,0.970027,-0.064018,-0.971548,0.236054,0.019306,0.033839,0.057671,0.997762,0,0.96782,0.53280,58.069,1.066,200.000,225.000,-1,425.000,-1,225.000,275.000,400.000,275.000,-1,300.000,150.000,750.000,275.000,950.000,200.000,-1,1,1,2,1,2,1,1,1,0,2,0,0,0,1,0,1,2
64,-6788.319,2955.092,-116.156,-75.249,0.250526,0.964114,-0.087866,-0.966818,0.253846,0.028717,0.049991,0.077756,0.995718,0,0.97367,0.53694,58.420,1.074,200.000,225.000,-1,425.000,-1,200.000,275.000,425.000,250.000,-1,250.000,100.000,550.000,275.000,-1,175.000,-1,1,1,2,1,2,1,1,1,0,2,0,0,0,1,2,1,2
65,-3607.628,5575.425,-129.559,142.006,-0.787560,-0.615579,0.028494,0.614992,-0.788066,-0.027155,0.039171,-0.003863,0.999225,1,0.00000,0.00000,58.761,1.083,-1,400.000,-1,400.000,750.000,325.000,325.000,300.000,300.000,-1,-1,-1,-1,825.000,775.000,-1,-1,2,0,2,0,1,0,0,0,0,2,2,2,2,0,1,2,2
66,-3611.399,5578.396,-129.374,141.766,-0.784974,-0.618875,0.028445,0.618292,-0.785481,-0.027107,0.039119,-0.003691,0.999228,0,0.08000,-0.12000,4.800,-0.240,-1,400.000,-1,400.000,750.000,325.000,325.000,300.000,300.000,-1,-1,-1,-1,825.000,775.000,-1,-1,2,0,2,0,1,0,0,0,0,2,2,2,2,0,1,2,2
67,-3618.889,5584.400,-129.003,141.286,-0.779761,-0.625435,0.028349,0.624860,-0.780269,-0.027012,0.039014,-0.003349,0.999233,0,0.16000,-0.24000,9.600,-0.480,-1,400.000,-1,400.000,725.000,325.000,325.000,300.000,300.000,-1,-1,-1,-1,825.000,775.000,-1,-1,2,0,2,0,1,0,0,0,0,2,2,2,2,0,1,2,2
68,-3630.011,5593.547,-128.442,140.566,-0.771840,-0.635191,0.028192,0.634629,-0.772350,-0.026873,0.038843,-0.002850,0.999241,0,0.24000,-0.36000,14.400,-0.720,-1,400.000,-1,400.000,700.000,325.000,325.000,300.000,300.000,-1,-1,-1,-1,825.000,775.000,-1,-1,2,0,2,0,1,0,0,0,0,2,2,2,2,0,1,2,2
69,-3644.674,5605.942,-127.698,139.791,-0.763184,-0.645575,0.027975,0.645027,-0.763693,-0.026685,0.038591,-0.002321,0.999252,0,0.32000,-0.38728,19.200,-0.775,-1,400.000,-1,400.000,675.000,325.000,325.000,300.000,300.000,-1,-1,-1,-1,825.000,775.000,-1,-1,2,0,2,0,1,0,0,0,0,2,2,2,2,0,1,2,2
70,-3662.790,5621.684,-126.775,139.010,-0.754319,-0.655924,0.027694,0.655393,-0.754825,-0.026449,0.038253,-0.001801,0.999266,0,0.40000,-0.39044,24.000,-0.781,-1,400.000,-1,400.000,650.000,325.000,325.000,300.000,300.000,-1,-1,-1,-1,825.000,775.000,-1,-1,2,0,2,0,1,0,0,0,0,2,2,2,2,0,1,2,2
71,-3684.266,5640.873,-125.681,138.219,-0.745199,-0.666281,0.027346,0.665768,-0.745699,-0.026184,0.037838,-0.001306,0.999283,0,0.48000,-0.39547,28.800,-0.791,-1,400.000,-1,400.000,625.000,325.000,325.000,300.000,300.000,-1,-1,-1,-1,825.000,775.000,-1,-1,2,0,2,1,1,0,0,0,0,2,2,2,2,0,1,2,2
72,-3709.005,5663.610,-124.422,137.414,-0.735775,-0.676691,0.026929,0.676196,-0.736267,-0.025884,0.037342,-0.000835,0.999302,0,0.56000,-0.40244,33.600,-0.805,-1,400.000,-1,400.000,600.000,325.000,325.000,300.000,300.000,-1,-1,-1,-1,825.000,800.000,-1,-1,2,0,2,1,1,0,0,0,0,2,2,2,2,0,1,2,2
73,-3736.901,5689.998,-123.004,136.592,-0.725992,-0.687195,0.026440,0.686720,-0.726473,-0.025537,0.036757,-0.000383,0.999324,0,0.64000,-0.41142,38.400,-0.823,-1,400.000,-1,400.000,575.000,325.000,325.000,300.000,300.000,-1,-1,-1,-1,825.000,800.000,-1,-1,2,0,2,1,1,0,0,0,0,2,2,2,2,0,0,2,2
74,-3767.844,5720.144,-121.435,135.746,-0.715792,-0.697834,0.025876,0.697381,-0.716259,-0.025142,0.036079,0.000049,0.999349,0,0.72000,-0.42253,43.200,-0.845,-1,400.000,-1,375.000,550.000,325.000,325.000,300.000,300.000,-1,-1,-1,-1,825.000,800.000,-1,-1,2,0,2,1,1,0,0,0,0,2,2,2,2,0,0,2,2
75,-3801.710,5754.159,-119.727,134.875,-0.705107,-0.708652,0.025236,0.708221,-0.705558,-0.024698,0.035308,0.000458,0.999376,0,0.80000,-0.43590,48.000,-0.872,-1,400.000,-1,375.000,525.000,325.000,325.000,300.000,300.000,-1,-1,-1,-1,825.000,800.000,-1,-1,2,0,2,1,1,0,1,0,0,2,2,2,2,0,0,2,2
76,-3838.369,5792.159,-117.889,133.971,-0.693865,-0.719688,0.024517,0.719281,-0.694297,-0.024202,0.034440,0.000842,0.999406,0,0.88000,-0.45171,52.800,-0.903,-1,400.000,-1,375.000,500.000,325.000,325.000,300.000,300.000,-1,-1,-1,-1,825.000,800.000,-1,-1,2,0,2,1,1,0,1,0,0,2,2,2,2,0,0,2,2
77,-3877.675,5834.264,-115.699,133.031,-0.681999,-0.730985,0.023210,0.730555,-0.682394,-0.025064,0.034160,-0.000138,0.999416,0,0.96000,-0.47014,57.600,-0.940,-1,400.000,-1,375.000,500.000,325.000,325.000,300.000,300.000,-1,-1,-1,-1,825.000,800.000,-1,-1,2,0,2,1,1,0,1,0,0,2,2,2,2,0,0,2,2
78,-3917.860,5878.819,-112.245,132.048,-0.669446,-0.742570,0.020800,0.741914,-0.669744,-0.031743,0.037502,-0.005818,0.999280,0,1.00000,-0.49142,60.000,-0.983,-1,425.000,-1,400.000,650.000,350.000,350.000,300.000,300.000,-1,-1,-1,-1,850.000,825.000,-1,-1,2,0,2,1,1,0,0,0,1,2,2,2,2,0,1,2,2
79,-3957.239,5924.089,-109.144,131.019,-0.656098,-0.754451,0.018400,0.753618,-0.656274,-0.036940,0.039945,-0.010369,0.999148,0,1.00000,-0.51458,60.000,-1.029,-1,425.000,-1,425.000,750.000,350.000,350.000,300.000,275.000,-1,-1,-1,-1,875.000,825.000,-1,-1,2,0,2,1,1,0,0,0,1,2,2,2,2,0,1,2,2
80,-3995.760,5970.091,-106.386,129.942,-0.641900,-0.766620,0.016064,0.765663,-0.641952,-0.040717,0.041527,-0.013836,0.999042,0,1.00000,-0.53845,60.000,-1.077,-1,425.000,-1,450.000,775.000,350.000,350.000,300.000,275.000,-1,-1,-1,-1,900.000,800.000,-1,-1,2,0,2,0,1,0,0,0,1,2,2,2,2,0,1,2,2
81,-4033.369,6016.840,-103.967,128.816,-0.626795,-0.779060,0.013918,0.778034,-0.626740,-0.043127,0.042322,-0.016204,0.998973,0,1.00000,-0.56301,60.000,-1.126,-1,425.000,-1,450.000,775.000,350.000,350.000,300.000,250.000,-1,-1,-1,-1,925.000,775.000,-1,-1,2,0,2,0,1,0,0,0,1,2,2,2,2,0,1,2,2
82,-4069.876,6064.177,-101.869,127.640,-0.610735,-0.791745,0.011960,0.790702,-0.610599,-0.044273,0.042356,-0.017582,0.998948,0,0.99631,-0.58821,59.779,-1.176,-1,450.000,-1,450.000,725.000,350.000,375.000,300.000,250.000,-1,-1,-1,-1,925.000,775.000,-1,-1,2,0,2,0,1,0,0,0,1,2,2,2,2,0,1,2,2
83,-4105.025,6111.831,-100.082,126.412,-0.593677,-0.804639,0.010225,0.803622,-0.593490,-0.044297,0.041711,-0.018081,0.998966,0,0.98692,-0.61385,59.215,-1.228,-1,450.000,-1,450.000,700.000,350.000,375.000,300.000,225.000,-1,-1,-1,-1,925.000,725.000,-1,-1,2,0,2,0,1,0,0,0,1,2,2,2,2,0,1,2,2
84,-4138.733,6159.735,-98.561,125.133,-0.575588,-0.817692,0.008834,0.816735,-0.575382,-0.043349,0.040529,-0.017736,0.999021,0,0.97625,-0.63960,58.575,-1.279,-1,450.000,-1,450.000,650.000,350.000,375.000,300.000,225.000,-1,-1,-1,-1,925.000,700.000,-1,925.000,2,0,2,0,1,0,0,0,1,2,2,2,2,1,1,2,1
85,-4172.366,6209.423,-97.360,124.094,-0.560652,-0.828013,0.008026,0.827157,-0.560471,-0.041031,0.038473,-0.016365,0.999126,0,1.00000,-0.51960,60.000,-1.039,-1,425.000,-1,450.000,575.000,350.000,350.000,300.000,200.000,-1,-1,-1,-1,875.000,675.000,-1,825.000,2,0,2,1,1,0,0,0,1,2,2,2,2,1,1,2,1
86,-4205.302,6259.574,-96.546,123.294,-0.549007,-0.835781,0.007870,0.835065,-0.548887,-0.037271,0.035470,-0.013890,0.999274,0,1.00000,-0.39960,60.000,-0.799,-1,425.000,-1,425.000,525.000,350.000,350.000,300.000,200.000,-1,-1,-1,-1,850.000,625.000,-1,725.000,2,0,2,1,1,0,0,0,1,2,2,2,2,1,1,2,1
87,-4237.747,6310.045,-96.202,122.735,-0.540762,-0.841134,0.008354,0.840582,-0.540727,-0.032176,0.031581,-0.010378,0.999447,0,1.00000,-0.27960,60.000,-0.559,-1,425.000,-1,400.000,475.000,350.000,350.000,300.000,175.000,-1,-1,-1,-1,800.000,600.000,-1,625.000,2,0,2,1,1,0,1,0,1,2,2,2,2,1,1,2,1
88,-4269.911,6360.695,-96.320,122.416,-0.535996,-0.844166,0.009587,0.843803,-0.536054,-0.025373,0.026558,-0.005511,0.999632,0,1.00000,-0.15960,60.000,-0.319,-1,425.000,-1,350.000,400.000,325.000,325.000,300.000,175.000,-1,-1,-1,-1,750.000,550.000,-1,525.000,2,0,2,1,1,0,1,0,1,2,2,2,2,1,1,2,1
89,-4302.004,6411.390,-95.020,122.337,-0.534906,-0.844903,0.003744,0.844748,-0.534884,-0.017314,0.016632,-0.006099,0.999843,0,1.00000,-0.03960,60.000,-0.079,-1,400.000,-1,325.000,350.000,325.000,300.000,300.000,175.000,-1,-1,-1,-1,700.000,500.000,950.000,425.000,2,0,2,1,1,1,1,0,1,2,2,2,2,1,1,1,1
90,-4333.463,6461.150,-92.233,122.301,-0.534451,-0.845187,-0.004539,0.845124,-0.534325,-0.016174,0.011245,-0.012480,0.999859,0,0.98117,-0.01789,58.870,-0.036,-1,375.000,-1,325.000,325.000,300.000,300.000,300.000,175.000,-1,-1,-1,-1,650.000,500.000,875.000,400.000,2,1,2,1,1,1,1,0,1,2,2,2,2,1,1,1,1
91,-4363.978,6509.481,-88.460,122.265,-0.534021,-0.845367,-0.013248,0.845396,-0.533698,-0.021741,0.011309,-0.022810,0.999676,0,0.95264,-0.01795,57.159,-0.036,950.000,375.000,-1,325.000,325.000,300.000,300.000,275.000,200.000,-1,-1,-1,-1,625.000,500.000,800.000,400.000,1,1,2,1,1,1,1,0,1,2,2,2,2,1,1,1,1
92,-4393.590,6556.439,-84.300,122.232,-0.533733,-0.845378,-0.021546,0.845523,-0.533031,-0.031134,0.014835,-0.034835,0.999283,0,0.92525,-0.01634,55.515,-0.033,875.000,400.000,-1,325.000,350.000,325.000,300.000,275.000,200.000,-1,-1,-1,-1,625.000,550.000,750.000,450.000,1,1,2,1,1,1,1,0,1,2,2,2,2,1,1,1,1
93,-4422.357,6602.101,-80.809,122.206,-0.533570,-0.845297,-0.027864,0.845554,-0.532433,-0.039416,0.018483,-0.044592,0.998834,0,0.89947,-0.01325,53.968,-0.026,800.000,400.000,-1,350.000,375.000,325.000,300.000,275.000,225.000,-1,-1,-1,-1,600.000,575.000,700.000,525.000,1,1,2,1,1,1,1,0,1,2,2,2,2,1,1,1,1
94,-4450.348,6646.563,-77.937,122.188,-0.533555,-0.845146,-0.032358,0.845473,-0.531975,-0.046680,0.022238,-0.052264,0.998386,0,0.87564,-0.00882,52.538,-0.018,725.000,400.000,-1,350.000,400.000,325.000,325.000,275.000,250.000,-1,-1,-1,-1,575.000,675.000,650.000,-1,1,1,2,1,1,1,1,0,1,2,2,2,2,1,1,1,2
95,-4477.640,6689.927,-75.617,122.182,-0.533705,-0.844941,-0.035131,0.845270,-0.531713,-0.052917,0.026032,-0.057937,0.997981,0,0.85396,-0.00321,51.238,-0.006,675.000,400.000,-1,375.000,425.000,350.000,325.000,275.000,250.000,-1,-1,-1,-1,575.000,875.000,625.000,-1,1,1,2,1,1,1,1,0,1,2,2,2,2,1,1,1,2
96,-4507.610,6737.277,-73.650,122.329,-0.536133,-0.843351,-0.036332,0.843591,-0.533750,-0.058863,0.030250,-0.062208,0.997605,0,0.93396,0.07379,56.038,0.148,600.000,375.000,-1,375.000,450.000,375.000,350.000,275.000,250.000,-1,-1,-1,-1,550.000,1000.000,575.000,-1,1,1,2,1,1,1,1,0,1,2,2,2,2,1,1,1,2
97,-4539.712,6787.742,-72.121,122.461,-0.538306,-0.842028,-0.034876,0.842006,-0.535632,-0.064213,0.035388,-0.063932,0.997327,0,0.99683,0.06597,59.810,0.132,550.000,375.000,-1,400.000,-1,350.000,350.000,275.000,250.000,-1,-1,-1,-1,525.000,-1,525.000,-1,1,1,2,1,2,1,1,0,1,2,2,2,2,1,2,1,2
98,-4571.413,6837.362,-70.902,122.576,-0.540129,-0.841076,-0.029195,0.840532,-0.537398,-0.068625,0.042030,-0.061606,0.997215,0,0.98135,0.05741,58.881,0.115,525.000,375.000,-1,425.000,-1,350.000,375.000,275.000,250.000,-1,700.000,-1,-1,500.000,-1,500.000,-1,1,1,2,1,2,1,1,0,1,2,0,2,2,1,2,1,2
99,-4602.700,6886.155,-69.979,122.673,-0.541511,-0.840468,-0.019490,0.839199,-0.539021,-0.072125,0.050113,-0.055412,0.997205,0,0.96601,0.04864,57.961,0.097,475.000,350.000,-1,475.000,-1,350.000,425.000,275.000,225.000,-1,375.000,675.000,600.000,475.000,-1,475.000,-1,1,1,2,1,2,1,1,0,1,2,0,0,1,1,2,1,2
100,-4633.554,6934.129,-69.333,122.753,-0.542334,-0.840142,-0.005955,0.838048,-0.540453,-0.074738,0.059572,-0.045523,0.997185,0,0.95065,0.03962,57.039,0.079,450.000,350.000,-1,525.000,-1,350.000,400.000,300.000,200.000,1000.000,225.000,325.000,475.000,475.000,-1,450.000,-1,1,1,2,1,2,1,1,0,1,0,0,1,1,1,2,1,2
101,-4663.956,6981.287,-67.509,122.813,-0.542797,-0.839852,0.004486,0.837259,-0.541526,-0.075804,0.066094,-0.037391,0.997113,0,0.93512,0.03037,56.107,0.061,425.000,350.000,-1,550.000,-1,325.000,400.000,325.000,200.000,-1,175.000,275.000,425.000,450.000,-1,425.000,-1,1,1,2,1,2,1,1,0,1,2,0,0,1,1,2,1,2
102,-4691.623,7024.496,-65.137,122.634,-0.539700,-0.841753,0.013270,0.838838,-0.539031,-0.076128,0.071234,-0.029955,0.997010,0,0.85512,-0.08963,51.307,-0.179,400.000,325.000,-1,575.000,-1,325.000,400.000,325.000,175.000,-1,175.000,225.000,400.000,425.000,-1,375.000,-1,1,1,2,1,2,1,1,0,1,2,0,0,1,1,2,1,2
103,-4716.416,7063.843,-60.890,122.215,-0.533474,-0.845706,0.013709,0.842820,-0.532877,-0.075473,0.071133,-0.028708,0.997054,0,0.77512,-0.20963,46.507,-0.419,350.000,325.000,-1,575.000,-1,300.000,400.000,350.000,175.000,-1,225.000,300.000,425.000,425.000,-1,350.000,-1,1,1,2,1,2,1,1,0,1,2,0,0,1,1,2,1,2
104,-4738.242,7099.384,-57.066,121.556,-0.523544,-0.851848,0.016012,0.848908,-0.523152,-0.075280,0.072504,-0.025820,0.997034,0,0.69512,-0.32963,41.707,-0.659,300.000,300.000,-1,575.000,-1,300.000,375.000,350.000,175.000,-1,275.000,325.000,450.000,400.000,-1,300.000,-1,1,1,2,1,2,1,1,0,1,2,0,0,1,1,2,1,2
105,-4758.171,7133.007,-53.435,120.656,-0.509851,-0.860037,0.019693,0.856971,-0.509768,-0.075743,0.075180,-0.021741,0.996933,0,0.65143,-0.44963,39.086,-0.899,275.000,300.000,-1,575.000,-1,300.000,400.000,375.000,175.000,-1,300.000,350.000,450.000,425.000,-1,275.000,-1,1,1,2,1,2,1,1,0,1,2,0,0,1,1,2,1,2
106,-4777.226,7166.666,-50.617,119.517,-0.492134,-0.870129,0.026067,0.867140,-0.492639,-0.073306,0.076628,-0.013473,0.996969,0,0.64463,-0.56963,38.678,-1.139,250.000,300.000,-1,575.000,-1,300.000,400.000,400.000,175.000,-1,350.000,375.000,475.000,425.000,-1,250.000,-1,1,1,2,1,2,1,1,0,1,2,0,0,1,1,2,1,2
107,-4795.419,7200.424,-47.857,118.320,-0.473206,-0.880308,0.033683,0.877438,-0.474385,-0.071146,0.078609,-0.004112,0.996897,0,0.63913,-0.59879,38.348,-1.198,225.000,300.000,-1,575.000,-1,300.000,400.000,375.000,175.000,-1,375.000,375.000,450.000,450.000,-1,225.000,-1,1,1,2,1,2,1,1,1,1,2,0,0,1,1,2,1,2
108,-4812.767,7234.272,-44.997,117.134,-0.454159,-0.889927,0.042080,0.887193,-0.456070,-0.069920,0.081415,0.005579,0.996665,0,0.63391,-0.59267,38.035,-1.185,200.000,325.000,-1,575.000,-1,325.000,400.000,375.000,150.000,-1,375.000,375.000,450.000,475.000,-1,225.000,-1,1,1,2,1,2,1,1,1,1,2,0,0,1,1,2,1,2
109,-2295.763,-9511.018,-126.690,-147.059,-0.838960,0.543723,-0.022607,-0.543883,-0.839160,0.001154,-0.018343,0.013264,0.999744,1,0.00000,0.00000,37.717,-1.173,-1,400.000,-1,400.000,-1,325.000,325.000,300.000,300.000,-1,-1,-1,-1,800.000,825.000,-1,-1,2,0,2,0,2,0,0,0,0,2,2,2,2,0,0,2,2
110,-2291.745,-9508.391,-126.593,-146.819,-0.836678,0.547232,-0.022522,-0.547394,-0.836874,0.001229,-0.018176,0.013356,0.999746,0,-0.08000,0.12000,-4.800,0.240,-1,400.000,-1,400.000,-1,325.000,325.000,300.000,300.000,-1,-1,-1,-1,800.000,825.000,-1,-1,2,0,2,0,2,0,0,0,0,2,2,2,2,0,0,2,2
111,-2286.143,-9504.673,-126.457,-146.430,-0.832944,0.552903,-0.022406,-0.553067,-0.833136,0.001335,-0.017929,0.013504,0.999748,0,-0.11207,0.19461,-6.724,0.389,-1,400.000,-1,400.000,-1,325.000,325.000,300.000,300.000,-1,-1,-1,-1,800.000,825.000,-1,-1,2,0,2,0,2,0,0,0,0,2,2,2,2,0,0,2,2
112,-2280.523,-9500.888,-126.320,-146.041,-0.829169,0.558553,-0.022290,-0.558718,-0.829357,0.001444,-0.017680,0.013651,0.999750,0,-0.11292,0.19474,-6.775,0.389,-1,400.000,-1,400.000,-1,325.000,325.000,300.000,300.000,-1,-1,-1,-1,800.000,825.000,-1,-1,2,0,2,0,2,0,0,0,0,2,2,2,2,0,0,2,2
113,-2274.888,-9497.037,-126.183,-145.651,-0.825354,0.564180,-0.022177,-0.564347,-0.825536,0.001555,-0.017431,0.013799,0.999753,0,-0.11377,0.19488,-6.826,0.390,-1,400.000,-1,400.000,-1,325.000,325.000,300.000,300.000,-1,-1,-1,-1,800.000,825.000,-1,-1,2,0,2,0,2,0,0,0,0,2,2,2,2,0,0,2,2
114,-2269.236,-9493.118,-126.046,-145.261,-0.821497,0.569786,-0.022065,-0.569955,-0.821675,0.001668,-0.017180,0.013946,0.999755,0,-0.11462,0.19503,-6.877,0.390,-1,400.000,-1,400.000,-1,325.000,325.000,300.000,300.000,-1,-1,-1,-1,800.000,825.000,-1,-1,2,0,2,0,2,0,0,0,0,2,2,2,2,0,0,2,2
115,-2263.570,-9489.131,-125.907,-144.870,-0.817598,0.575371,-0.021954,-0.575540,-0.817771,0.001784,-0.016927,0.014094,0.999757,0,-0.11548,0.19520,-6.929,0.390,-1,400.000,-1,400.000,-1,325.000,325.000,300.000,300.000,-1,-1,-1,-1,800.000,825.000,-1,-1,2,0,2,0,2,0,0,0,0,2,2,2,2,0,0,2,2
116,-2257.889,-9485.075,-125.769,-144.480,-0.813658,0.580933,-0.021845,-0.581104,-0.813827,0.001902,-0.016673,0.014242,0.999760,0,-0.11633,0.19538,-6.980,0.391,-1,400.000,-1,400.000,-1,325.000,325.000,300.000,300.000,-1,-1,-1,-1,800.000,825.000,-1,-1,2,0,2,0,2,0,0,0,0,2,2,2,2,0,0,2,2
117,-2252.193,-9480.951,-125.630,-144.089,-0.809676,0.586474,-0.021738,-0.586647,-0.809840,0.002022,-0.016418,0.014390,0.999762,0,-0.11719,0.19557,-7.032,0.391,-1,400.000,-1,400.000,-1,325.000,325.000,300.000,300.000,-1,-1,-1,-1,800.000,825.000,-1,-1,2,0,2,0,2,0,0,0,0,2,2,2,2,0,0,2,2
118,-2246.485,-9476.758,-125.496,-143.697,-0.805653,0.591993,-0.021605,-0.592167,-0.805812,0.002137,-0.016144,0.014516,0.999764,0,-0.11805,0.19577,-7.083,0.392,-1,400.000,-1,400.000,-1,325.000,325.000,300.000,300.000,-1,-1,-1,-1,800.000,825.000,-1,-1,2,0,2,0,2,0,0,0,0,2,2,2,2,0,0,2,2
119,-2240.764,-9472.494,-125.362,-143.305,-0.801588,0.597491,-0.021469,-0.597666,-0.801742,0.002254,-0.015866,0.014638,0.999767,0,-0.11892,0.19598,-7.135,0.392,-1,400.000,-1,400.000,-1,325.000,325.000,300.000,300.000,-1,-1,-1,-1,800.000,825.000,-1,-1,2,0,2,0,2,0,0,0,0,2,2,2,2,0,0,2,2
120,-2235.031,-9468.160,-125.228,-142.913,-0.797481,0.602967,-0.021335,-0.603143,-0.797630,0.002373,-0.015586,0.014761,0.999770,0,-0.11978,0.19621,-7.187,0.392,-1,400.000,-1,400.000,-1,325.000,325.000,300.000,300.000,-1,-1,-1,-1,800.000,825.000,-1,-1,2,0,2,0,2,0,0,0,0,2,2,2,2,0,0,2,2
121,-2229.286,-9463.755,-125.094,-142.520,-0.793331,0.608421,-0.021203,-0.608598,-0.793475,0.002495,-0.015306,0.014884,0.999772,0,-0.12065,0.19645,-7.239,0.393,-1,400.000,-1,400.000,-1,325.000,325.000,300.000,300.000,-1,-1,-1,-1,800.000,825.000,-1,-1,2,0,2,0,2,0,0,0,0,2,2,2,2,0,0,2,2
122,-2223.531,-9459.279,-124.959,-142.126,-0.789139,0.613853,-0.021072,-0.614031,-0.789277,0.002620,-0.015024,0.015007,0.999775,0,-0.12152,0.19670,-7.291,0.393,-1,400.000,-1,400.000,-1,325.000,325.000,300.000,300.000,-1,-1,-1,-1,800.000,825.000,-1,-1,2,0,2,0,2,0,0,0,0,2,2,2,2,0,0,2,2
123,-2217.765,-9454.731,-124.824,-141.732,-0.784903,0.619264,-0.020944,-0.619443,-0.785037,0.002748,-0.014740,0.015130,0.999777,0,-0.12239,0.19696,-7.343,0.394,-1,400.000,-1,400.000,-1,325.000,325.000,300.000,300.000,-1,-1,-1,-1,800.000,825.000,-1,-1,2,0,2,0,2,0,0,0,0,2,2,2,2,0,0,2,2
124,-2211.990,-9450.111,-124.688,-141.338,-0.780625,0.624653,-0.020818,-0.624833,-0.780753,0.002878,-0.014456,0.015254,0.999779,0,-0.12326,0.19723,-7.396,0.394,-1,400.000,-1,400.000,-1,325.000,325.000,300.000,300.000,-1,-1,-1,-1,800.000,825.000,-1,-1,2,0,2,0,2,0,0,0,0,2,2,2,2,0,0,2,2
125,-2206.207,-9445.418,-124.583,-140.943,-0.776302,0.630021,-0.020692,-0.630199,-0.776428,0.002845,-0.014273,0.015248,0.999782,0,-0.12413,0.19752,-7.448,0.395,-1,400.000,-1,400.000,-1,325.000,325.000,300.000,300.000,-1,-1,-1,-1,800.000,825.000,-1,-1,2,0,2,0,2,0,0,0,0,2,2,2,2,0,0,2,2
126,-2200.415,-9440.652,-124.484,-140.547,-0.771936,0.635368,-0.020566,-0.635544,-0.772060,0.002784,-0.014109,0.015219,0.999785,0,-0.12501,0.19782,-7.500,0.396,-1,400.000,-1,400.000,-1,325.000,325.000,300.000,300.000,-1,-1,-1,-1,800.000,825.000,-1,-1,2,0,2,0,2,0,0,0,0,2,2,2,2,0,0,2,2
127,-2194.617,-9435.812,-124.385,-140.151,-0.767525,0.640693,-0.020439,-0.640867,-0.767647,0.002725,-0.013944,0.015190,0.999787,0,-0.12588,0.19813,-7.553,0.396,-1,400.000,-1,400.000,-1,325.000,325.000,300.000,300.000,-1,-1,-1,-1,800.000,825.000,-1,-1,2,0,2,0,2,0,0,0,0,2,2,2,2,0,0,2,2
128,-2188.812,-9430.899,-124.286,-139.754,-0.763071,0.645995,-0.020311,-0.646168,-0.763191,0.002669,-0.013778,0.015161,0.999790,0,-0.12675,0.19845,-7.605,0.397,-1,400.000,-1,400.000,-1,325.000,325.000,300.000,300.000,-1,-1,-1,-1,800.000,825.000,-1,-1,2,0,2,0,2,0,0,0,0,2,2,2,2,0,0,2,2
129,-2183.009,-9425.918,-124.186,-139.357,-0.758574,0.651274,-0.020184,-0.651444,-0.758692,0.002614,-0.013611,0.015132,0.999793,0,-0.12745,0.19872,-7.647,0.397,-1,400.000,-1,400.000,-1,325.000,325.000,300.000,300.000,-1,-1,-1,-1,800.000,825.000,-1,-1,2,0,2,0,2,0,0,0,0,2,2,2,2,0,0,2,2
130,-2177.241,-9420.897,-124.087,-138.959,-0.754041,0.656521,-0.020057,-0.656690,-0.754156,0.002562,-0.013444,0.015103,0.999796,0,-0.12745,0.19872,-7.647,0.397,-1,400.000,-1,400.000,-1,325.000,325.000,300.000,300.000,-1,-1,-1,-1,800.000,825.000,-1,-1,2,0,2,0,2,0,0,0,0,2,2,2,2,0,0,2,2
131,-2171.509,-9415.836,-123.989,-138.562,-0.749471,0.661737,-0.019930,-0.661904,-0.749585,0.002512,-0.013277,0.015075,0.999798,0,-0.12745,0.19872,-7.647,0.397,-1,400.000,-1,400.000,-1,325.000,325.000,300.000,300.000,-1,-1,-1,-1,800.000,825.000,-1,-1,2,0,2,0,2,0,0,0,0,2,2,2,2,0,0,2,2
132,-2165.811,-9410.735,-123.891,-138.164,-0.744865,0.666921,-0.019804,-0.667086,-0.744977,0.002464,-0.013111,0.015047,0.999801,0,-0.12745,0.19872,-7.647,0.397,-1,400.000,-1,400.000,-1,325.000,325.000,300.000,300.000,-1,-1,-1,-1,800.000,825.000,-1,-1,2,0,2,0,2,0,0,0,0,2,2,2,2,0,0,2,2
133,-2160.149,-9405.595,-123.793,-137.767,-0.740224,0.672073,-0.019679,-0.672236,-0.740333,0.002418,-0.012944,0.015019,0.999803,0,-0.12745,0.19872,-7.647,0.397,-1,400.000,-1,400.000,-1,325.000,325.000,300.000,300.000,-1,-1,-1,-1,800.000,825.000,-1,-1,2,0,2,0,2,0,0,0,0,2,2,2,2,0,0,2,2
134,-2154.523,-9400.416,-123.696,-137.369,-0.735546,0.677192,-0.019554,-0.677354,-0.735653,0.002375,-0.012777,0.014992,0.999806,0,-0.12745,0.19872,-7.647,0.397,-1,400.000,-1,400.000,-1,325.000,325.000,300.000,300.000,-1,-1,-1,-1,800.000,825.000,-1,-1,2,0,2,0,2,0,0,0,0,2,2,2,2,0,0,2,2
