timestep,x_cm,y_cm,z_cm,yaw_deg,basis_xx,basis_xy,basis_xz,basis_yx,basis_yy,basis_yz,basis_zx,basis_zy,basis_zz,teleport_flag,throttle_cmd,steering_cmd,cmd_move_cm,cmd_turn_deg,lidar_cm_0,lidar_cm_1,lidar_cm_2,lidar_cm_3,lidar_cm_4,lidar_cm_5,lidar_cm_6,lidar_cm_7,lidar_cm_8,lidar_cm_9,lidar_cm_10,lidar_cm_11,lidar_cm_12,lidar_cm_13,lidar_cm_14,lidar_cm_15,lidar_cm_16,lidar_class_0,lidar_class_1,lidar_class_2,lidar_class_3,lidar_class_4,lidar_class_5,lidar_class_6,lidar_class_7,lidar_class_8,lidar_class_9,lidar_class_10,lidar_class_11,lidar_class_12,lidar_class_13,lidar_class_14,lidar_class_15,lidar_class_16
0,4263.632,5570.625,-108.826,90.887,-0.015208,-0.999841,0.009343,0.999435,-0.015481,-0.029846,0.029986,0.008884,0.999511,1,-0.08000,-0.12000,-4.800,-0.240,-1,400.000,-1,375.000,-1,325.000,325.000,300.000,300.000,-1,775.000,775.000,-1,775.000,725.000,-1,-1,2,0,2,0,2,0,0,0,0,2,0,0,2,0,0,2,2
1,4263.700,5561.111,-109.109,90.407,-0.006827,-0.999932,0.009410,0.999532,-0.007104,-0.029739,0.029804,0.009202,0.999513,0,-0.15857,-0.24000,-9.514,-0.480,-1,400.000,-1,375.000,-1,325.000,325.000,300.000,300.000,-1,775.000,775.000,-1,775.000,725.000,-1,-1,2,0,2,0,2,0,0,0,0,2,0,0,2,0,0,2,2
2,4263.649,5551.707,-109.387,89.687,0.005745,-0.999939,0.009482,0.999546,0.005461,-0.029632,0.029578,0.009648,0.999516,0,-0.15675,-0.36000,-9.405,-0.720,-1,400.000,-1,375.000,-1,325.000,325.000,300.000,300.000,-1,750.000,775.000,-1,775.000,725.000,-1,-1,2,0,2,0,2,0,0,0,0,2,0,0,2,0,0,2,2
3,4263.443,5542.442,-109.659,88.727,0.022505,-0.999701,0.009562,0.999317,0.022214,-0.029526,0.029304,0.010220,0.999518,0,-0.15445,-0.48000,-9.267,-0.960,-1,400.000,-1,375.000,-1,325.000,325.000,300.000,300.000,-1,750.000,775.000,-1,775.000,725.000,-1,-1,2,0,2,0,2,0,0,0,0,2,0,0,2,0,0,2,2
4,4263.050,5533.350,-109.925,87.527,0.043445,-0.999009,0.009651,0.998636,0.043145,-0.029421,0.028976,0.010916,0.999521,0,-0.15167,-0.60000,-9.100,-1.200,-1,400.000,-1,375.000,-1,325.000,325.000,300.000,300.000,-1,750.000,775.000,-1,750.000,725.000,-1,-1,2,0,2,0,2,0,0,0,0,2,0,0,2,0,0,2,2
5,4262.442,5524.465,-110.184,86.087,0.068547,-0.997600,0.009751,0.997238,0.068236,-0.029320,0.028584,0.011734,0.999523,0,-0.14844,-0.72000,-8.906,-1.440,-1,400.000,-1,375.000,-1,325.000,325.000,300.000,300.000,-1,750.000,775.000,-1,750.000,725.000,-1,-1,2,0,2,0,2,0,0,0,0,2,0,0,2,0,0,2,2
6,4261.595,5515.821,-110.434,84.407,0.097776,-0.995160,0.009865,0.994811,0.097452,-0.029224,0.028121,0.012671,0.999524,0,-0.14476,-0.84000,-8.685,-1.680,-1,400.000,-1,375.000,-1,325.000,325.000,300.000,300.000,-1,725.000,750.000,-1,750.000,725.000,-1,-1,2,0,2,0,2,0,0,0,0,2,0,0,2,0,0,2,2
7,4260.492,5507.455,-110.677,82.487,0.131075,-0.991322,0.009992,0.990989,0.130738,-0.029135,0.027576,0.013721,0.999526,0,-0.14064,-0.96000,-8.438,-1.920,-1,400.000,-1,375.000,-1,325.000,325.000,300.000,300.000,-1,725.000,750.000,-1,750.000,725.000,-1,-1,2,0,2,0,2,0,0,0,0,2,0,0,2,0,0,2,2
8,4259.142,5499.401,-110.911,80.487,0.165604,-0.986140,0.010131,0.985823,0.165252,-0.029055,0.026978,0.014799,0.999526,0,-0.13611,-1.00000,-8.167,-2.000,-1,400.000,-1,375.000,-1,325.000,325.000,300.000,300.000,-1,725.000,725.000,-1,750.000,725.000,-1,-1,2,0,2,0,2,0,0,0,0,2,0,0,2,0,0,2,2
9,4257.567,5491.669,-111.137,78.487,0.199929,-0.979756,0.010278,0.979456,0.199564,-0.028985,0.026347,0.015861,0.999527,0,-0.13151,-1.00000,-7.891,-2.000,-1,400.000,-1,375.000,-1,325.000,325.000,300.000,300.000,-1,725.000,725.000,-1,750.000,725.000,-1,-1,2,0,2,0,2,0,0,0,0,2,0,0,2,0,0,2,2
10,4255.786,5484.260,-111.355,76.487,0.234010,-0.972178,0.010431,0.971895,0.233631,-0.028924,0.025682,0.016906,0.999527,0,-0.12701,-1.00000,-7.621,-2.000,-1,400.000,-1,375.000,-1,325.000,325.000,300.000,300.000,-1,725.000,725.000,-1,750.000,725.000,-1,-1,2,0,2,0,2,0,0,0,0,2,0,0,2,0,0,2,2
11,4253.818,5477.171,-111.564,74.487,0.267804,-0.963415,0.010590,0.963149,0.267413,-0.028874,0.024986,0.017932,0.999527,0,-0.12262,-1.00000,-7.357,-2.000,-1,400.000,-1,375.000,-1,325.000,325.000,300.000,300.000,-1,725.000,725.000,-1,750.000,725.000,-1,-1,2,0,2,0,2,0,0,0,0,2,0,0,2,0,0,2,2
12,4251.681,5470.399,-111.766,72.487,0.301271,-0.953478,0.010753,0.953230,0.300867,-0.028836,0.024259,0.018938,0.999526,0,-0.11835,-1.00000,-7.101,-2.000,-1,400.000,-1,375.000,-1,325.000,325.000,300.000,300.000,-1,725.000,725.000,-1,750.000,725.000,-1,-1,2,0,2,0,2,0,0,0,0,2,0,0,2,0,0,2,2
13,4249.392,5463.941,-111.959,70.487,0.334369,-0.942379,0.010920,0.942149,0.333953,-0.028809,0.023502,0.019921,0.999525,0,-0.11420,-1.00000,-6.852,-2.000,-1,400.000,-1,375.000,-1,325.000,325.000,300.000,300.000,-1,725.000,700.000,-1,750.000,725.000,-1,-1,2,0,2,0,2,0,0,0,0,2,0,0,2,0,0,2,2
14,4246.968,5457.791,-112.146,68.487,0.367058,-0.930132,0.011088,0.929921,0.366631,-0.028794,0.022717,0.020880,0.999524,0,-0.11018,-1.00000,-6.611,-2.000,-1,400.000,-1,375.000,-1,325.000,325.000,300.000,300.000,-1,725.000,700.000,-1,750.000,725.000,-1,-1,2,0,2,0,2,0,0,0,0,2,0,0,2,0,0,2,2
15,4244.423,5451.942,-112.325,66.487,0.399299,-0.916752,0.011257,0.916559,0.398861,-0.028791,0.021904,0.021814,0.999522,0,-0.10630,-1.00000,-6.378,-2.000,-1,400.000,-1,375.000,-1,325.000,325.000,300.000,300.000,-1,725.000,700.000,-1,750.000,700.000,-1,-1,2,0,2,0,2,0,0,0,0,2,0,0,2,0,0,2,2
16,4241.772,5446.389,-112.498,64.487,0.431051,-0.902255,0.011425,0.902082,0.430604,-0.028800,0.021065,0.022720,0.999520,0,-0.10256,-1.00000,-6.153,-2.000,-1,400.000,-1,375.000,-1,325.000,325.000,300.000,300.000,-1,750.000,700.000,-1,750.000,-1,-1,-1,2,0,2,0,2,0,0,0,0,2,0,0,2,0,2,2,2
17,4239.030,5441.124,-112.664,62.487,0.462277,-0.886660,0.011591,0.886505,0.461820,-0.028821,0.020201,0.023599,0.999517,0,-0.09895,-1.00000,-5.937,-2.000,-1,375.000,-1,375.000,-1,325.000,325.000,300.000,300.000,-1,750.000,725.000,-1,750.000,-1,-1,-1,2,0,2,0,2,0,0,0,0,2,0,0,2,0,2,2,2
18,4236.207,5436.138,-112.824,60.487,0.492939,-0.869984,0.011755,0.869849,0.492473,-0.028853,0.019313,0.024448,0.999515,0,-0.09549,-1.00000,-5.730,-2.000,-1,375.000,-1,375.000,-1,325.000,325.000,300.000,300.000,-1,750.000,725.000,-1,725.000,-1,-1,-1,2,0,2,0,2,0,0,0,0,2,0,0,2,0,2,2,2
19,4233.316,5431.423,-112.978,58.487,0.522999,-0.852250,0.011915,0.852135,0.522524,-0.028897,0.018402,0.025266,0.999511,0,-0.09218,-1.00000,-5.531,-2.000,-1,375.000,-1,375.000,-1,325.000,325.000,300.000,300.000,-1,775.000,725.000,-1,725.000,-1,-1,-1,2,0,2,0,2,0,0,0,0,2,0,0,2,0,2,2,2
20,4230.367,5426.970,-113.082,56.487,0.552419,-0.833482,0.011911,0.833383,0.551940,-0.028895,0.017510,0.025889,0.999511,0,-0.08902,-1.00000,-5.341,-2.000,-1,375.000,-1,375.000,-1,325.000,325.000,300.000,300.000,-1,775.000,725.000,-1,725.000,-1,-1,-1,2,0,2,0,2,0,0,0,0,2,0,0,2,0,2,2,2
21,4227.370,5422.770,-113.139,54.487,0.581162,-0.813702,0.011811,0.813620,0.580685,-0.028754,0.016539,0.026321,0.999517,0,-0.08600,-1.00000,-5.160,-2.000,-1,375.000,-1,375.000,-1,325.000,325.000,300.000,300.000,-1,800.000,750.000,-1,725.000,-1,-1,-1,2,0,2,0,2,0,0,0,0,2,0,0,2,0,2,2,2
22,4227.152,5422.484,-113.127,52.727,0.605871,-0.795477,0.011694,0.795407,0.605397,-0.028670,0.015726,0.026672,0.999521,0,-0.00600,-0.88000,-0.360,-1.760,-1,375.000,-1,375.000,-1,325.000,325.000,300.000,300.000,-1,800.000,750.000,-1,725.000,-1,-1,-1,2,0,2,0,2,0,0,0,0,2,0,0,2,0,2,2,2
23,4229.934,5425.945,-113.051,51.207,0.626753,-0.779132,0.011551,0.779072,0.626280,-0.028644,0.015083,0.026952,0.999523,0,0.07400,-0.76000,4.440,-1.520,-1,375.000,-1,375.000,-1,325.000,325.000,300.000,300.000,-1,825.000,775.000,-1,725.000,-1,-1,-1,2,0,2,0,2,0,0,0,0,2,0,0,2,0,2,2,2
24,4235.882,5433.016,-112.918,49.927,0.643997,-0.764943,0.011378,0.764888,0.643525,-0.028679,0.014616,0.027172,0.999524,0,0.15400,-0.64000,9.240,-1.280,-1,375.000,-1,375.000,-1,325.000,325.000,300.000,300.000,-1,825.000,775.000,-1,725.000,-1,-1,-1,2,0,2,0,2,0,0,0,0,2,0,0,2,0,2,2,2
25,4245.114,5443.594,-112.730,48.887,0.657773,-0.753133,0.011170,0.753080,0.657300,-0.028777,0.014331,0.027341,0.999523,0,0.23400,-0.52000,14.040,-1.040,-1,375.000,-1,375.000,-1,325.000,325.000,300.000,300.000,-1,825.000,775.000,-1,725.000,-1,-1,-1,2,0,2,0,2,0,0,0,0,2,0,0,2,0,2,2,2
26,4257.699,5457.614,-112.466,48.087,0.668226,-0.743878,0.010944,0.743821,0.667747,-0.029053,0.014304,0.027554,0.999518,0,0.31400,-0.40000,18.840,-0.800,-1,375.000,-1,375.000,-1,325.000,325.000,300.000,300.000,-1,825.000,775.000,-1,725.000,-1,-1,-1,2,0,2,0,2,0,0,0,0,2,0,0,2,0,2,2,2
27,4273.662,5475.051,-112.126,47.527,0.675469,-0.737311,0.010695,0.737245,0.674981,-0.029500,0.014532,0.027811,0.999508,0,0.39400,-0.28000,23.640,-0.560,-1,375.000,-1,375.000,-1,325.000,325.000,300.000,300.000,-1,825.000,775.000,-1,725.000,-1,-1,-1,2,0,2,0,2,0,0,0,0,2,0,0,2,0,2,2,2
28,4292.983,5495.921,-111.726,47.207,0.679583,-0.733525,0.010410,0.733446,0.679084,-0.030035,0.014962,0.028046,0.999495,0,0.47400,-0.16000,28.440,-0.320,-1,375.000,-1,375.000,-1,325.000,325.000,300.000,300.000,-1,825.000,775.000,-1,725.000,-1,-1,-1,2,0,2,0,2,0,0,0,0,2,0,0,2,0,2,2,2
29,4315.599,5520.281,-111.184,47.127,0.680612,-0.732577,0.009886,0.732478,0.680108,-0.030470,0.015599,0.027980,0.999487,0,0.55400,-0.04000,33.240,-0.080,-1,375.000,-1,375.000,-1,325.000,325.000,300.000,300.000,-1,825.000,775.000,-1,725.000,-1,-1,-1,2,0,2,0,2,0,0,0,0,2,0,0,2,0,2,2,2
30,4335.065,5541.016,-110.688,46.807,0.684695,-0.728770,0.009355,0.728653,0.684191,-0.030774,0.016027,0.027887,0.999483,0,0.47400,-0.16000,28.440,-0.320,-1,375.000,-1,-1,-1,325.000,325.000,300.000,300.000,-1,800.000,775.000,-1,725.000,-1,-1,-1,2,0,2,2,2,0,0,0,0,2,0,0,2,0,2,2,2
31,4351.413,5558.092,-110.283,46.247,0.691786,-0.722047,0.008915,0.721919,0.691281,-0.031050,0.016257,0.027915,0.999478,0,0.39400,-0.28000,23.640,-0.560,-1,375.000,-1,-1,-1,325.000,325.000,300.000,300.000,-1,800.000,775.000,-1,725.000,-1,-1,-1,2,0,2,2,2,0,0,0,0,2,0,0,2,0,2,2,2
32,4364.614,5571.534,-109.968,45.519,0.700908,-0.713200,0.008563,0.713065,0.700400,-0.031288,0.016317,0.028036,0.999474,0,0.31400,-0.36413,18.840,-0.728,-1,375.000,-1,-1,-1,325.000,325.000,300.000,300.000,-1,825.000,775.000,-1,725.000,-1,-1,-1,2,0,2,2,2,0,0,0,0,2,0,0,2,0,2,2,2
33,4374.578,5581.425,-109.740,44.788,0.709945,-0.704208,0.008299,0.704069,0.709434,-0.031475,0.016277,0.028189,0.999470,0,0.23400,-0.36529,14.040,-0.731,-1,375.000,-1,-1,-1,325.000,325.000,300.000,300.000,-1,825.000,775.000,-1,725.000,-1,-1,-1,2,0,2,2,2,0,0,0,0,2,0,0,2,0,2,2,2
34,4381.219,5587.850,-109.596,44.057,0.718876,-0.695091,0.008124,0.694951,0.718362,-0.031614,0.016139,0.028372,0.999467,0,0.15400,-0.36574,9.240,-0.731,-1,375.000,-1,-1,-1,325.000,325.000,300.000,300.000,-1,825.000,775.000,-1,725.000,-1,-1,-1,2,0,2,2,2,0,0,0,0,2,0,0,2,0,2,2,2
35,4384.449,5590.897,-109.535,43.326,0.727683,-0.685866,0.008039,0.685729,0.727166,-0.031707,0.015901,0.028585,0.999465,0,0.07400,-0.36544,4.440,-0.731,-1,375.000,-1,-1,-1,325.000,325.000,300.000,300.000,-1,825.000,775.000,-1,725.000,-1,-1,-1,2,0,2,2,2,0,0,0,0,2,0,0,2,0,2,2,2
36,4384.184,5590.654,-109.553,42.597,0.736347,-0.676557,0.008044,0.676425,0.735826,-0.031757,0.015566,0.028825,0.999463,0,-0.00600,-0.36441,-0.360,-0.729,-1,375.000,-1,-1,-1,325.000,325.000,300.000,300.000,-1,825.000,775.000,-1,725.000,-1,-1,-1,2,0,2,2,2,0,0,0,0,2,0,0,2,0,2,2,2
37,4382.521,5589.163,-109.598,41.872,0.744850,-0.667183,0.008092,0.667059,0.744326,-0.031792,0.015188,0.029078,0.999462,0,-0.03722,-0.36266,-2.233,-0.725,-1,375.000,-1,-1,-1,325.000,325.000,300.000,300.000,-1,825.000,775.000,-1,725.000,-1,-1,-1,2,0,2,2,2,0,0,0,0,2,0,0,2,0,2,2,2
38,4380.889,5587.737,-109.639,41.150,0.753188,-0.657755,0.008157,0.657639,0.752660,-0.031832,0.014798,0.029340,0.999460,0,-0.03613,-0.36064,-2.168,-0.721,-1,375.000,-1,-1,-1,325.000,325.000,300.000,300.000,-1,825.000,775.000,-1,725.000,-1,-1,-1,2,0,2,2,2,0,0,0,0,2,0,0,2,1,2,2,2
39,4379.287,5586.372,-109.678,40.433,0.761361,-0.648276,0.008219,0.648168,0.760830,-0.031874,0.014409,0.029595,0.999458,0,-0.03506,-0.35865,-2.104,-0.717,-1,375.000,-1,-1,-1,325.000,325.000,300.000,300.000,-1,825.000,775.000,-1,750.000,-1,-1,-1,2,0,2,2,2,0,0,0,0,2,0,0,2,1,2,2,2
40,4381.369,5588.087,-109.643,39.476,0.772083,-0.635468,0.008221,0.635367,0.771547,-0.031978,0.013978,0.029913,0.999455,0,0.04494,-0.47865,2.696,-0.957,-1,375.000,-1,-1,-1,325.000,325.000,300.000,300.000,-1,850.000,800.000,-1,800.000,-1,-1,-1,2,0,2,2,2,0,0,0,0,2,0,0,2,1,2,2,2
41,4387.253,5592.731,-109.542,38.279,0.785190,-0.619201,0.008159,0.619107,0.784648,-0.032144,0.013502,0.030290,0.999450,0,0.12494,-0.59865,7.496,-1.197,-1,375.000,-1,-1,-1,325.000,325.000,300.000,300.000,-1,850.000,800.000,-1,850.000,-1,-1,-1,2,0,2,2,2,0,1,0,0,2,0,0,2,1,2,2,2
42,4397.094,5600.104,-109.380,36.841,0.800472,-0.599317,0.008030,0.599230,0.799922,-0.032365,0.012973,0.030720,0.999444,0,0.20494,-0.71865,12.296,-1.437,-1,375.000,-1,-1,-1,325.000,325.000,300.000,300.000,-1,850.000,800.000,-1,900.000,-1,-1,-1,2,0,2,2,2,0,1,0,0,2,0,0,2,1,2,2,2
43,4411.068,5609.954,-109.167,35.179,0.817515,-0.575855,0.007832,0.575774,0.816957,-0.032637,0.012395,0.031191,0.999437,0,0.28494,-0.83104,17.096,-1.662,-1,375.000,-1,-1,-1,325.000,450.000,300.000,300.000,-1,850.000,825.000,-1,950.000,-1,-1,-1,2,0,2,2,2,0,1,0,0,2,0,0,2,1,2,2,2
44,4429.323,5622.046,-108.907,33.520,0.833840,-0.551955,0.007558,0.551879,0.833274,-0.032932,0.011879,0.031632,0.999429,0,0.36494,-0.82946,21.896,-1.659,-1,375.000,-1,-1,-1,325.000,600.000,300.000,300.000,-1,850.000,825.000,-1,1000.000,-1,-1,-1,2,0,2,2,2,0,1,0,0,2,0,0,2,1,2,2,2
45,4451.996,5636.139,-108.608,31.863,0.849448,-0.527623,0.007211,0.527548,0.848874,-0.033248,0.011421,0.032046,0.999421,0,0.44494,-0.82848,26.696,-1.657,-1,375.000,-1,-1,-1,325.000,725.000,300.000,300.000,-1,850.000,825.000,-1,-1,-1,-1,-1,2,0,2,2,2,1,1,0,0,2,0,0,2,2,2,2,2
46,4479.216,5651.986,-108.275,30.207,0.864340,-0.502862,0.006793,0.502787,0.863758,-0.033578,0.011018,0.032438,0.999413,0,0.52494,-0.82808,31.496,-1.656,-1,500.000,-1,-1,-1,525.000,875.000,300.000,300.000,-1,850.000,825.000,-1,-1,-1,-1,-1,2,1,2,2,2,1,1,0,0,2,0,0,2,2,2,2,2
47,4511.098,5669.333,-107.915,28.551,0.878513,-0.477676,0.006309,0.477599,0.877923,-0.033919,0.010663,0.032811,0.999405,0,0.60494,-0.82828,36.296,-1.657,-1,600.000,-1,-1,-1,700.000,975.000,300.000,300.000,-1,850.000,825.000,-1,-1,-1,-1,-1,2,1,2,2,2,1,1,0,0,2,0,0,2,2,2,2,2
48,4547.747,5687.928,-111.646,26.892,0.891815,-0.451784,0.023611,0.452396,0.890809,-0.042391,-0.001881,0.048487,0.998822,0,0.68494,-0.82909,41.096,-1.658,-1,650.000,-1,-1,-1,750.000,925.000,325.000,275.000,-1,-1,-1,-1,-1,-1,-1,-1,2,1,2,2,2,1,1,0,0,2,2,2,2,2,2,2,2
49,4589.245,5707.536,-116.807,25.275,0.903555,-0.425934,0.046558,0.428067,0.902078,-0.054903,-0.018614,0.069538,0.997406,0,0.76494,-0.80853,45.896,-1.617,-1,650.000,-1,-1,-1,750.000,900.000,325.000,225.000,-1,-1,-1,-1,-1,-1,-1,-1,2,1,2,2,2,1,1,0,0,2,2,2,2,2,2,2,2
50,4635.677,5727.893,-122.572,23.654,0.913968,-0.399471,0.071308,0.404093,0.912026,-0.070118,-0.037025,0.092900,0.994987,0,0.84494,-0.81084,50.696,-1.622,-1,675.000,-1,-1,-1,775.000,850.000,350.000,175.000,-1,-1,-1,-1,-1,-1,-1,-1,2,1,2,2,2,1,1,0,0,2,2,2,2,2,2,2,2
51,4687.116,5748.731,-128.893,22.026,0.922909,-0.372363,0.097903,0.380745,0.920447,-0.088377,-0.057206,0.118840,0.991264,0,0.92494,-0.81400,55.496,-1.628,-1,675.000,-1,975.000,-1,775.000,775.000,400.000,150.000,-1,-1,-1,-1,1000.000,-1,-1,-1,2,1,2,1,2,1,1,0,0,2,2,2,2,1,2,2,2
52,-3607.707,4919.299,-0.577,-151.302,-0.781286,0.467385,0.413695,-0.520346,-0.853763,-0.018136,0.344721,-0.229434,0.910235,1,0.00000,0.00000,59.009,-1.636,-1,325.000,-1,225.000,150.000,250.000,225.000,325.000,300.000,150.000,25.000,125.000,-1,500.000,300.000,-1,150.000,2,1,2,1,1,1,1,0,1,0,0,0,2,1,1,2,1
53,-987.107,-2955.265,-14.106,48.133,0.667467,-0.744281,-0.023091,0.744634,0.667021,0.024569,-0.002885,-0.033593,0.999431,1,-0.08000,-0.12000,-4.800,-0.240,-1,400.000,-1,400.000,-1,325.000,325.000,300.000,100.000,-1,-1,-1,-1,825.000,800.000,-1,-1,2,0,2,0,2,0,0,0,1,2,2,2,2,0,0,2,2
54,-993.574,-2962.360,-14.086,47.653,0.673671,-0.738667,-0.023223,0.739028,0.673232,0.024412,-0.002398,-0.033608,0.999432,0,-0.16000,-0.24000,-9.600,-0.480,-1,400.000,-1,400.000,-1,325.000,325.000,300.000,100.000,-1,-1,-1,-1,825.000,800.000,-1,-1,2,0,2,0,2,0,0,0,1,2,2,2,2,0,0,2,2
55,-1003.407,-2972.880,-14.065,46.933,0.682887,-0.730148,-0.023424,0.730522,0.682461,0.024175,-0.001666,-0.033621,0.999433,0,-0.24000,-0.36000,-14.400,-0.720,-1,400.000,-1,400.000,-1,325.000,325.000,300.000,100.000,-1,-1,-1,-1,825.000,800.000,-1,-1,2,0,2,0,2,0,0,0,1,2,2,2,2,0,0,2,2
56,-1016.750,-2986.685,-14.050,45.973,0.695008,-0.718611,-0.023697,0.719002,0.694598,0.023865,-0.000689,-0.033624,0.999434,0,-0.32000,-0.48000,-19.200,-0.960,-1,400.000,-1,400.000,-1,325.000,325.000,300.000,100.000,-1,-1,-1,-1,825.000,800.000,-1,-1,2,0,2,0,2,0,0,0,1,2,2,2,2,0,0,2,2
57,-1033.399,-3003.202,-14.055,44.773,0.709885,-0.703907,-0.024040,0.704318,0.709496,0.023508,0.000509,-0.033620,0.999435,0,-0.39087,-0.60000,-23.452,-1.200,-1,400.000,-1,400.000,-1,325.000,325.000,300.000,100.000,-1,-1,-1,-1,825.000,800.000,-1,-1,2,0,2,0,2,0,0,0,1,2,2,2,2,0,0,2,2
58,-1049.686,-3018.563,-11.304,43.333,0.727031,-0.685581,-0.037474,0.686531,0.726670,0.025014,0.010082,-0.043913,0.998984,0,-0.37314,-0.72000,-22.389,-1.440,-1,425.000,-1,425.000,-1,350.000,350.000,300.000,100.000,-1,-1,-1,-1,875.000,925.000,-1,-1,2,0,2,0,2,0,0,0,1,2,2,2,2,0,0,2,2
59,-1065.580,-3032.694,-8.339,41.653,0.746273,-0.663617,-0.051849,0.665326,0.746047,0.027489,0.020439,-0.055011,0.998277,0,-0.35447,-0.84000,-21.268,-1.680,-1,450.000,-1,475.000,-1,375.000,375.000,300.000,125.000,-1,-1,-1,-1,925.000,-1,-1,-1,2,0,2,0,2,0,0,0,1,2,2,2,2,0,2,2,2
60,-1081.041,-3045.538,-5.625,39.733,0.767414,-0.637858,-0.064906,0.640441,0.767391,0.030756,0.030190,-0.065171,0.997417,0,-0.33501,-0.96000,-20.100,-1.920,-1,475.000,-1,500.000,-1,375.000,400.000,275.000,125.000,-1,475.000,800.000,-1,1000.000,-1,-1,-1,2,0,2,0,2,0,0,0,1,2,0,0,2,0,2,2,2
61,-1095.987,-3057.097,-3.291,37.733,0.788504,-0.610315,-0.076012,0.613802,0.788703,0.034571,0.038852,-0.073915,0.996507,0,-0.31493,-1.00000,-18.896,-2.000,-1,475.000,-1,550.000,-1,400.000,425.000,275.000,150.000,-1,300.000,550.000,-1,-1,-1,-1,-1,2,0,2,0,2,0,0,0,1,2,0,0,2,2,2,2,2
62,-1110.376,-3067.443,-1.377,35.733,0.808669,-0.582092,-0.084992,0.586442,0.809068,0.038656,0.046263,-0.081103,0.995632,0,-0.29541,-1.00000,-17.724,-2.000,-1,500.000,-1,575.000,375.000,425.000,425.000,275.000,175.000,925.000,225.000,450.000,-1,-1,-1,-1,-1,2,0,2,0,1,0,0,0,1,0,0,0,2,2,2,2,2
63,-1124.198,-3076.668,0.151,33.733,0.827931,-0.553232,-0.091999,0.558365,0.828488,0.042845,0.052517,-0.086842,0.994837,0,-0.27700,-1.00000,-16.620,-2.000,-1,500.000,-1,600.000,225.000,425.000,450.000,275.000,200.000,825.000,175.000,400.000,-1,-1,-1,-1,-1,2,0,2,0,1,0,0,0,1,0,0,0,2,2,2,2,2
64,-1137.450,-3084.861,1.323,31.733,0.846295,-0.523775,-0.097185,0.529581,0.846957,0.046990,0.057700,-0.091235,0.994156,0,-0.25970,-1.00000,-15.582,-2.000,-1,525.000,-1,625.000,200.000,425.000,450.000,275.000,225.000,750.000,150.000,375.000,-1,-1,-1,-1,-1,2,0,2,0,1,0,0,0,1,0,0,0,2,2,2,2,2
65,-1150.135,-3092.103,2.164,29.733,0.863753,-0.493752,-0.100698,0.500101,0.864466,0.050957,0.061890,-0.094373,0.993611,0,-0.24349,-1.00000,-14.609,-2.000,-1,525.000,-1,625.000,175.000,450.000,475.000,275.000,250.000,700.000,150.000,350.000,-1,-1,-1,-1,-1,2,0,2,0,1,0,0,0,1,0,0,0,2,2,2,2,2
66,-1162.260,-3098.476,2.700,27.733,0.880288,-0.463194,-0.102681,0.469943,0.881005,0.054628,0.065159,-0.096342,0.993213,0,-0.22832,-1.00000,-13.699,-2.000,-1,525.000,-1,650.000,175.000,450.000,475.000,275.000,275.000,675.000,125.000,325.000,-1,-1,-1,-1,-1,2,0,2,0,1,0,0,0,1,0,0,0,2,2,2,2,2
67,-1173.833,-3104.055,2.953,25.733,0.895880,-0.432129,-0.103270,0.439129,0.896556,0.057898,0.067567,-0.097219,0.992967,0,-0.21416,-1.00000,-12.849,-2.000,-1,525.000,-1,550.000,150.000,450.000,475.000,275.000,300.000,650.000,125.000,325.000,-1,-1,-1,-1,250.000,2,0,2,1,1,0,0,0,1,0,0,0,2,2,2,2,1
68,-1184.868,-3108.908,2.942,23.736,0.910480,-0.400624,-0.102595,0.407727,0.911086,0.060669,0.069168,-0.097068,0.992871,0,-0.20095,-0.99867,-12.057,-1.997,-1,550.000,-1,450.000,150.000,450.000,475.000,275.000,325.000,650.000,125.000,325.000,-1,-1,-1,-1,225.000,2,0,2,1,1,0,0,0,1,0,0,0,2,2,2,2,1
69,-1195.378,-3113.109,2.674,21.781,0.923809,-0.369351,-0.100775,0.376406,0.924325,0.062783,0.069960,-0.095931,0.992926,0,-0.18867,-0.97747,-11.320,-1.955,-1,525.000,-1,400.000,150.000,450.000,475.000,275.000,375.000,650.000,125.000,300.000,-1,-1,-1,-1,200.000,2,0,2,1,1,0,0,0,1,0,0,0,2,2,2,2,1
70,-1205.389,-3116.729,2.174,19.867,0.935913,-0.338332,-0.097973,0.345203,0.936330,0.064194,0.070016,-0.093901,0.993116,0,-0.17745,-0.95722,-10.647,-1.914,-1,525.000,-1,350.000,150.000,450.000,475.000,275.000,400.000,675.000,125.000,300.000,-1,-1,575.000,-1,175.000,2,0,2,1,1,0,0,0,1,0,0,0,2,2,1,2,1
71,-1214.930,-3119.830,1.465,17.991,0.946832,-0.307585,-0.094341,0.314153,0.947153,0.064873,0.069402,-0.091062,0.993424,0,-0.16721,-0.93785,-10.033,-1.876,-1,525.000,-1,325.000,150.000,450.000,425.000,275.000,450.000,700.000,125.000,325.000,-1,-1,500.000,-1,175.000,2,0,2,1,1,0,1,0,1,0,0,0,2,2,1,2,1
72,-1224.027,-3122.468,0.565,16.152,0.956607,-0.277127,-0.090016,0.283292,0.956842,0.064800,0.068173,-0.087489,0.993830,0,-0.15788,-0.91931,-9.473,-1.839,-1,525.000,-1,300.000,150.000,425.000,375.000,275.000,475.000,725.000,125.000,325.000,-1,-1,425.000,-1,175.000,2,0,2,1,1,0,1,0,0,0,0,0,2,2,1,2,1
73,-1232.708,-3124.693,-0.532,14.349,0.965268,-0.246971,-0.085225,0.252667,0.965431,0.064043,0.066462,-0.083352,0.994301,0,-0.14937,-0.90155,-8.962,-1.803,-1,525.000,-1,275.000,150.000,425.000,325.000,275.000,475.000,775.000,150.000,325.000,-1,-1,375.000,-1,175.000,2,0,2,1,1,0,1,0,0,0,0,0,2,2,1,2,1
74,-1236.766,-3125.616,-1.176,12.786,0.971910,-0.220592,-0.082037,0.226016,0.972021,0.063965,0.065632,-0.080710,0.994574,0,-0.06937,-0.78155,-4.162,-1.563,-1,500.000,-1,275.000,150.000,425.000,300.000,275.000,450.000,800.000,150.000,325.000,-1,-1,350.000,-1,150.000,2,0,2,1,1,0,1,0,0,0,0,0,2,2,1,2,1
75,-1236.140,-3125.490,-1.229,11.463,0.976843,-0.198100,-0.080835,0.203500,0.976908,0.065104,0.066071,-0.080047,0.994599,0,0.01063,-0.66155,0.638,-1.323,-1,500.000,-1,250.000,150.000,425.000,275.000,275.000,450.000,825.000,150.000,325.000,-1,-1,350.000,-1,150.000,2,0,2,1,1,0,1,0,0,0,0,0,2,2,1,2,1
76,-1230.791,-3124.509,-0.597,10.380,0.980333,-0.179574,-0.081851,0.185243,0.980346,0.067873,0.068054,-0.081700,0.994331,0,0.09063,-0.54155,5.438,-1.083,-1,525.000,-1,250.000,150.000,425.000,275.000,275.000,475.000,775.000,125.000,325.000,-1,-1,325.000,-1,150.000,2,0,2,1,1,0,1,0,0,0,0,0,2,2,1,2,1
77,-1220.694,-3122.810,0.777,9.537,0.982595,-0.165071,-0.085202,0.171351,0.982536,0.072541,0.071739,-0.085878,0.993720,0,0.17063,-0.42155,10.238,-0.843,-1,525.000,-1,250.000,150.000,425.000,275.000,275.000,475.000,725.000,125.000,300.000,-1,-1,325.000,-1,150.000,2,0,2,1,1,0,1,0,0,0,0,0,2,2,1,2,1
78,-1205.838,-3120.469,2.913,8.934,0.983781,-0.154626,-0.090918,0.161922,0.983618,0.079224,0.077179,-0.092660,0.992702,0,0.25063,-0.30155,15.038,-0.603,-1,525.000,-1,250.000,150.000,450.000,275.000,275.000,500.000,650.000,100.000,275.000,-1,-1,325.000,-1,150.000,2,0,2,1,1,0,1,0,0,0,0,0,2,2,1,2,1
79,-1186.222,-3117.505,5.799,8.571,0.983986,-0.148253,-0.098960,0.157044,0.983674,0.087876,0.084316,-0.102010,0.991204,0,0.33063,-0.18155,19.838,-0.363,-1,550.000,-1,250.000,150.000,475.000,275.000,250.000,550.000,575.000,75.000,275.000,-1,-1,325.000,-1,150.000,2,0,2,1,1,0,1,0,0,0,0,0,2,2,1,2,1
80,-1161.851,-3113.875,9.384,8.448,0.983244,-0.145952,-0.109218,0.156792,0.982729,0.098282,0.092987,-0.113760,0.989147,0,0.41063,-0.06155,24.638,-0.123,-1,575.000,-1,250.000,150.000,500.000,300.000,250.000,600.000,475.000,75.000,250.000,-1,-1,350.000,-1,150.000,2,0,2,1,1,0,1,0,0,0,0,0,2,2,1,2,1
81,-1132.742,-3109.476,13.581,8.565,0.981540,-0.147706,-0.121499,0.161212,0.980764,0.110053,0.102906,-0.127609,0.986472,0,0.49063,0.05845,29.438,0.117,-1,600.000,-1,275.000,125.000,525.000,325.000,250.000,600.000,400.000,50.000,225.000,-1,-1,350.000,-1,150.000,2,0,2,1,1,0,1,0,1,0,0,0,2,2,1,2,1
82,-1098.918,-3104.148,18.256,8.921,0.978817,-0.153484,-0.135499,0.170289,0.977736,0.122616,0.113662,-0.143092,0.983161,0,0.57063,0.17845,34.238,0.357,-1,650.000,-1,275.000,125.000,575.000,350.000,250.000,550.000,350.000,25.000,225.000,-1,-1,375.000,-1,150.000,2,0,2,1,1,0,1,0,1,0,0,0,2,2,1,2,1
83,-1060.419,-3097.670,23.226,9.518,0.974999,-0.163245,-0.150759,0.183917,0.973598,0.135206,0.124707,-0.159553,0.979281,0,0.65063,0.29845,39.038,0.597,-1,675.000,-1,300.000,125.000,600.000,400.000,225.000,475.000,275.000,25.000,200.000,-1,-1,425.000,-1,150.000,2,0,2,1,1,0,1,0,1,0,0,0,2,2,1,2,1
84,-1017.298,-3089.765,28.246,10.355,0.970017,-0.176942,-0.166610,0.201862,0.968339,0.146871,0.135347,-0.176100,0.975023,0,0.73063,0.41845,43.838,0.837,-1,725.000,-1,325.000,125.000,650.000,525.000,225.000,375.000,250.000,25.000,200.000,-1,-1,600.000,-1,150.000,2,0,2,1,1,0,1,0,1,0,0,0,2,2,1,2,1
85,-969.630,-3080.098,33.001,11.432,0.963845,-0.194537,-0.182096,0.223729,0.962008,0.156480,0.144737,-0.191563,0.970750,0,0.81063,0.53845,48.638,1.077,-1,775.000,-1,375.000,100.000,700.000,775.000,225.000,300.000,200.000,0.000,200.000,-1,-1,1000.000,-1,150.000,2,0,2,1,1,0,1,0,1,0,0,0,2,2,1,2,1
86,7543.186,-7543.134,-16.709,22.529,0.921925,-0.380008,0.075158,0.386344,0.916118,-0.107078,-0.028163,0.127755,0.991406,1,0.00000,0.00000,49.646,1.156,-1,700.000,-1,500.000,-1,500.000,450.000,150.000,225.000,-1,-1,-1,550.000,-1,950.000,-1,-1,2,0,2,0,2,0,0,1,0,2,2,2,0,2,0,2,2
87,5576.436,-6882.595,4.853,77.812,0.210363,-0.977228,0.027814,0.977126,0.211078,0.025910,-0.031191,0.021727,0.999277,1,0.08000,-0.12000,4.800,-0.240,-1,400.000,-1,400.000,-1,325.000,325.000,300.000,300.000,-1,-1,-1,-1,750.000,750.000,-1,-1,2,0,2,0,2,0,0,0,0,2,2,2,2,0,0,2,2
88,5578.542,-6873.229,4.546,77.332,0.218546,-0.975430,0.027827,0.975325,0.219259,0.025819,-0.031286,0.021498,0.999279,0,0.16000,-0.24000,9.600,-0.480,-1,400.000,-1,400.000,-1,325.000,325.000,300.000,300.000,-1,-1,-1,-1,750.000,775.000,-1,-1,2,0,2,0,2,0,0,0,0,2,2,2,2,0,0,2,2
89,5581.854,-6859.215,4.082,76.700,0.229292,-0.972959,0.027846,0.972851,0.230001,0.025684,-0.031394,0.021201,0.999282,0,0.24000,-0.31586,14.400,-0.632,-1,400.000,-1,400.000,-1,325.000,325.000,300.000,300.000,-1,-1,-1,-1,750.000,775.000,-1,-1,2,0,2,0,2,0,0,0,0,2,2,2,2,0,0,2,2
90,5586.478,-6840.580,3.458,76.067,0.240027,-0.970366,0.027870,0.970256,0.240733,0.025508,-0.031461,0.020918,0.999286,0,0.32000,-0.31636,19.200,-0.633,-1,400.000,-1,400.000,-1,325.000,325.000,300.000,300.000,-1,-1,-1,-1,750.000,775.000,-1,-1,2,0,2,0,2,0,0,0,0,2,2,2,2,0,0,2,2
91,5592.514,-6817.351,2.674,75.433,0.250757,-0.967648,0.027898,0.967538,0.251457,0.025292,-0.031489,0.020650,0.999291,0,0.40000,-0.31702,24.000,-0.634,-1,400.000,-1,400.000,-1,325.000,325.000,300.000,300.000,-1,-1,-1,-1,750.000,775.000,-1,-1,2,0,2,0,2,0,0,0,0,2,2,2,2,0,0,2,2
92,5600.066,-6789.559,1.725,74.797,0.261483,-0.964804,0.027930,0.964695,0.262178,0.025038,-0.031480,0.020397,0.999296,0,0.48000,-0.31783,28.800,-0.636,-1,400.000,-1,400.000,-1,325.000,325.000,300.000,300.000,-1,-1,-1,-1,750.000,775.000,-1,-1,2,0,2,0,2,0,0,0,0,2,2,2,2,0,0,2,2
93,5609.238,-6757.235,0.609,74.160,0.272209,-0.961832,0.027966,0.961725,0.272898,0.024748,-0.031435,0.020159,0.999302,0,0.56000,-0.31875,33.600,-0.638,-1,400.000,-1,400.000,-1,325.000,325.000,300.000,300.000,-1,-1,-1,-1,750.000,775.000,-1,-1,2,0,2,0,2,0,0,0,0,2,2,2,2,0,0,2,2
94,5620.131,-6720.412,-0.678,73.520,0.282935,-0.958730,0.028006,0.958626,0.283618,0.024423,-0.031358,0.019937,0.999309,0,0.64000,-0.31977,38.400,-0.640,-1,400.000,-1,400.000,-1,325.000,325.000,300.000,300.000,-1,-1,-1,-1,750.000,775.000,-1,-1,2,0,2,0,2,0,0,0,0,2,2,2,2,0,1,2,2
95,5632.849,-6679.127,-2.137,72.879,0.293662,-0.955498,0.028049,0.955398,0.294338,0.024067,-0.031252,0.019731,0.999317,0,0.72000,-0.32083,43.200,-0.642,-1,400.000,-1,400.000,-1,325.000,325.000,300.000,300.000,-1,-1,-1,-1,750.000,-1,-1,-1,2,0,2,0,2,0,0,0,0,2,2,2,2,0,2,2,2
96,5647.494,-6633.416,-3.717,72.235,0.304376,-0.952130,0.028368,0.952038,0.305055,0.023784,-0.031299,0.019768,0.999315,0,0.80000,-0.32188,48.000,-0.644,-1,400.000,-1,400.000,-1,325.000,325.000,300.000,300.000,-1,-1,-1,-1,750.000,-1,-1,-1,2,0,2,0,2,0,0,0,0,2,2,2,2,1,2,2,2
97,5664.170,-6583.318,-5.411,71.589,0.315074,-0.948625,0.028961,0.948549,0.315764,0.023426,-0.031367,0.020090,0.999306,0,0.88000,-0.32286,52.800,-0.646,-1,400.000,-1,400.000,-1,325.000,325.000,300.000,300.000,-1,-1,-1,-1,825.000,-1,-1,-1,2,0,2,0,2,0,0,0,0,2,2,2,2,1,2,2,2
98,5681.656,-6532.703,-7.142,70.942,0.325759,-0.944990,0.029573,0.944930,0.326460,0.023034,-0.031421,0.020441,0.999297,0,0.89251,-0.32370,53.551,-0.647,-1,400.000,-1,400.000,-1,325.000,325.000,300.000,300.000,-1,-1,-1,-1,-1,-1,-1,-1,2,0,2,0,2,0,0,0,0,2,2,2,2,2,2,2,2
99,5700.858,-6478.935,-8.971,70.347,0.335545,-0.941542,0.030126,0.941495,0.336257,0.022765,-0.031565,0.020725,0.999287,0,0.95156,-0.29761,57.094,-0.595,-1,400.000,-1,400.000,-1,325.000,325.000,300.000,300.000,-1,-1,-1,-1,-1,-1,-1,-1,2,0,2,0,2,0,0,0,0,2,2,2,2,2,2,2,2
100,5720.612,-6425.429,-10.767,69.736,0.345554,-0.937903,0.030505,0.937860,0.346275,0.022655,-0.031812,0.020781,0.999278,0,0.95060,-0.30541,57.036,-0.611,-1,400.000,-1,400.000,-1,325.000,325.000,300.000,300.000,-1,-1,-1,-1,-1,-1,-1,-1,2,0,2,0,2,0,0,0,0,2,2,2,2,2,2,2,2
101,5740.919,-6372.225,-12.587,69.109,0.355788,-0.934059,0.030790,0.934016,0.356516,0.022598,-0.032085,0.020718,0.999270,0,0.94913,-0.31344,56.948,-0.627,-1,400.000,-1,400.000,-1,325.000,325.000,300.000,300.000,-1,-1,-1,-1,-1,-1,-1,-1,2,0,2,0,2,0,0,0,1,2,2,2,2,2,2,2,2
102,5761.779,-6319.364,-14.429,68.466,0.366246,-0.929999,0.031077,0.929955,0.366982,0.022554,-0.032380,0.020640,0.999263,0,0.94713,-0.32167,56.828,-0.643,-1,400.000,-1,400.000,-1,325.000,325.000,300.000,300.000,-1,-1,-1,-1,-1,-1,-1,-1,2,0,2,0,2,0,0,0,1,2,2,2,2,2,2,2,2
103,5783.188,-6266.888,-16.294,67.805,0.376929,-0.925711,0.031366,0.925665,0.377673,0.022522,-0.032694,0.020545,0.999254,0,0.94459,-0.33008,56.676,-0.660,-1,400.000,-1,400.000,-1,325.000,325.000,300.000,275.000,-1,-1,-1,-1,-1,-1,-1,-1,2,1,2,0,2,0,0,0,1,2,2,2,2,2,2,2,2
104,5805.145,-6214.838,-18.180,67.128,0.387837,-0.921184,0.031657,0.921136,0.388590,0.022502,-0.033030,0.020434,0.999245,0,0.94152,-0.33864,56.491,-0.677,-1,-1,-1,-1,-1,325.000,325.000,300.000,275.000,-1,-1,-1,-1,-1,-1,-1,-1,2,2,2,2,2,0,0,0,1,2,2,2,2,2,2,2,2
105,5825.598,-6167.366,-19.925,66.691,0.394848,-0.918191,0.031931,0.918143,0.395610,0.022491,-0.033284,0.020437,0.999237,0,0.86152,-0.21864,51.691,-0.437,-1,-1,-1,-1,-1,325.000,325.000,300.000,250.000,-1,-1,-1,-1,-1,-1,-1,-1,2,2,2,2,2,1,0,0,1,2,2,2,2,2,2,2,2
106,5845.424,-6121.784,-21.616,66.494,0.397997,-0.916821,0.032204,0.916776,0.398768,0.022486,-0.033458,0.020574,0.999228,0,0.82846,-0.09864,49.707,-0.197,-1,-1,-1,-1,-1,-1,325.000,300.000,250.000,-1,-1,-1,-1,-1,-1,-1,-1,2,2,2,2,2,2,0,0,1,2,2,2,2,2,2,2,2
107,5865.092,-6076.472,-23.304,66.536,0.397302,-0.917113,0.032486,0.917074,0.398082,0.022484,-0.033552,0.020859,0.999219,0,0.82327,0.02136,49.396,0.043,-1,-1,-1,-1,-1,-1,-1,300.000,250.000,-1,-1,-1,-1,-1,-1,-1,-1,2,2,2,2,2,2,2,0,1,2,2,2,2,2,2,2,2
108,5884.388,-6031.409,-25.301,66.819,0.392686,-0.919032,0.034312,0.919023,0.393537,0.022905,-0.034553,0.022539,0.999149,0,0.81700,0.14136,49.020,0.283,-1,-1,-1,-1,-1,-1,-1,300.000,250.000,-1,-1,-1,-1,-1,-1,-1,-1,2,2,2,2,2,2,2,0,1,2,2,2,2,2,2,2,2
109,5903.102,-5986.578,-28.189,67.342,0.383967,-0.922460,0.040471,0.922554,0.385085,0.024587,-0.038265,0.027897,0.998878,0,0.80966,0.26136,48.579,0.523,-1,-1,-1,-1,-1,-1,-1,300.000,225.000,-1,-1,-1,-1,-1,-1,-1,-1,2,2,2,2,2,2,2,0,1,2,2,2,2,2,2,2,2
110,5921.032,-5941.968,-33.542,68.104,0.371231,-0.927543,0.043031,0.927199,0.372787,0.036502,-0.049899,0.026348,0.998407,0,0.80129,0.38136,48.078,0.763,-1,-1,-1,-1,-1,-1,-1,300.000,250.000,-1,-1,-1,-1,-1,-1,-1,-1,2,2,2,2,2,2,2,0,1,2,2,2,2,2,2,2,2
111,5937.981,-5897.571,-39.763,69.107,0.354461,-0.933986,0.045029,0.932862,0.356521,0.051590,-0.064238,0.023720,0.997653,0,0.79200,0.50136,47.520,1.003,-1,-1,-1,-1,-1,-1,-1,275.000,250.000,-1,-1,-1,-1,-1,-1,-1,-1,2,2,2,2,2,2,2,0,1,2,2,2,2,2,2,2,2
112,5955.679,-5848.331,-47.227,70.232,0.335449,-0.940857,0.047564,0.938501,0.338140,0.069841,-0.081794,0.021211,0.996424,0,0.87200,0.56232,52.320,1.125,975.000,-1,-1,-1,-1,-1,-1,250.000,275.000,-1,-1,-1,-1,-1,-1,-1,-1,1,2,2,2,2,2,2,0,1,2,2,2,2,2,2,2,2
113,5973.472,-5794.858,-57.613,71.596,0.311205,-0.948533,0.058629,0.944229,0.315601,0.093953,-0.107621,0.026121,0.993849,0,0.93916,0.68232,56.350,1.365,775.000,975.000,-1,-1,-1,-1,-1,225.000,275.000,-1,-1,-1,-1,-1,-1,-1,-1,1,1,2,2,2,2,2,0,1,2,2,2,2,2,2,2,2
114,3607.623,-1639.836,-53.110,-130.523,-0.648012,0.760140,0.047624,-0.758010,-0.649759,0.056875,0.074177,0.000756,0.997245,1,0.00000,0.00000,56.803,1.415,-1,200.000,325.000,200.000,-1,175.000,175.000,300.000,375.000,-1,425.000,600.000,-1,275.000,250.000,425.000,275.000,2,1,1,1,2,1,1,0,0,2,0,0,2,1,1,1,1
115,3604.489,-1643.472,-52.226,-130.763,-0.651151,0.757411,0.048291,-0.755133,-0.652936,0.058718,0.076005,0.001768,0.997106,0,0.08000,-0.12000,4.800,-0.240,-1,200.000,325.000,200.000,-1,175.000,175.000,300.000,375.000,-1,400.000,550.000,-1,275.000,250.000,400.000,275.000,2,1,1,1,2,1,1,0,0,2,0,0,2,1,1,1,1
116,3598.160,-1650.691,-50.432,-131.243,-0.657392,0.751910,0.049671,-0.749317,-0.659255,0.062514,0.079750,0.003877,0.996807,0,0.16000,-0.24000,9.600,-0.480,-1,200.000,325.000,200.000,-1,175.000,175.000,300.000,375.000,-1,350.000,475.000,-1,275.000,250.000,400.000,275.000,2,1,1,1,2,1,1,0,0,2,0,0,2,1,1,1,1
117,3589.874,-1659.906,-48.057,-131.963,-0.666713,0.743552,0.051234,-0.740482,-0.668638,0.067892,0.084738,0.007326,0.996376,0,0.20652,-0.36000,12.391,-0.720,-1,200.000,325.000,200.000,-1,175.000,175.000,300.000,375.000,-1,300.000,400.000,-1,275.000,250.000,375.000,275.000,2,1,1,1,2,1,1,0,0,2,0,0,2,1,1,1,1
118,3581.271,-1669.159,-45.567,-132.923,-0.679073,0.732208,0.052259,-0.728538,-0.680968,0.074262,0.089962,0.012356,0.995869,0,0.21055,-0.48000,12.633,-0.960,1000.000,200.000,300.000,200.000,-1,175.000,175.000,325.000,375.000,-1,250.000,325.000,-1,250.000,250.000,375.000,275.000,1,1,1,1,2,1,1,0,0,2,0,0,2,1,1,1,1
119,3572.346,-1678.447,-42.974,-133.870,-0.691062,0.720808,0.053568,-0.716463,-0.692913,0.080953,0.095470,0.017564,0.995277,0,0.21467,-0.47308,12.880,-0.946,950.000,200.000,300.000,200.000,-1,175.000,175.000,350.000,375.000,-1,225.000,275.000,-1,250.000,250.000,350.000,300.000,1,1,1,1,2,1,1,0,0,2,0,0,2,1,1,1,1
120,3563.097,-1687.764,-40.303,-134.801,-0.702662,0.709371,0.055308,-0.704269,-0.704466,0.087939,0.101344,0.022839,0.994589,0,0.21877,-0.46581,13.126,-0.932,900.000,200.000,300.000,200.000,-1,175.000,175.000,350.000,375.000,-1,200.000,225.000,-1,250.000,250.000,325.000,300.000,1,1,1,1,2,1,1,0,0,2,0,0,2,1,1,1,1
121,3553.526,-1697.102,-37.539,-135.718,-0.713878,0.697912,0.057420,-0.691963,-0.715627,0.095211,0.107540,0.028237,0.993800,0,0.22284,-0.45840,13.370,-0.917,850.000,200.000,300.000,200.000,-1,175.000,175.000,375.000,375.000,-1,175.000,200.000,-1,250.000,250.000,325.000,300.000,1,1,1,1,2,1,1,0,0,2,0,0,2,1,1,1,1
122,3543.634,-1706.456,-34.672,-136.620,-0.724714,0.686445,0.059856,-0.679550,-0.726396,0.102764,0.114021,0.033799,0.992903,0,0.22688,-0.45085,13.613,-0.902,800.000,200.000,300.000,200.000,-1,175.000,175.000,375.000,375.000,-1,175.000,175.000,-1,250.000,250.000,300.000,-1,1,1,1,1,2,1,1,0,0,2,0,0,2,1,1,1,2
123,3533.421,-1715.819,-31.699,-137.506,-0.735169,0.674985,0.062629,-0.667037,-0.736772,0.110583,0.120785,0.039521,0.991892,0,0.23088,-0.44315,13.853,-0.886,775.000,200.000,300.000,200.000,-1,175.000,175.000,400.000,375.000,-1,150.000,150.000,-1,250.000,250.000,275.000,-1,1,1,1,1,2,1,1,0,0,2,0,0,2,1,1,1,2
124,-8199.153,-4263.559,-67.268,-30.750,0.859395,0.511292,-0.004571,-0.511273,0.859405,0.004726,0.006345,-0.001725,0.999978,1,0.00000,0.00000,18.653,-0.646,-1,400.000,-1,400.000,-1,325.000,325.000,300.000,300.000,-1,-1,-1,-1,750.000,-1,-1,-1,2,0,2,0,2,0,0,0,0,2,2,2,2,0,2,2,2
125,-8203.285,-4261.117,-67.298,-30.581,0.860901,0.508752,-0.004579,-0.508733,0.860911,0.004692,0.006329,-0.001710,0.999979,0,-0.08000,0.08460,-4.800,0.169,-1,400.000,-1,400.000,-1,325.000,325.000,300.000,300.000,-1,-1,-1,-1,750.000,-1,-1,-1,2,0,2,0,2,0,0,0,0,2,2,2,2,0,2,2,2
126,-8211.564,-4256.258,-67.358,-30.411,0.862406,0.506197,-0.004593,-0.506178,0.862416,0.004624,0.006302,-0.001663,0.999979,0,-0.16000,0.08496,-9.600,0.170,-1,400.000,-1,400.000,-1,325.000,325.000,300.000,300.000,-1,-1,-1,-1,750.000,-1,-1,-1,2,0,2,0,2,0,0,0,0,2,2,2,2,0,2,2,2
127,-8224.005,-4249.006,-67.448,-30.239,0.863922,0.503605,-0.004614,-0.503587,0.863932,0.004523,0.006265,-0.001584,0.999979,0,-0.24000,0.08601,-14.400,0.172,-1,400.000,-1,400.000,-1,325.000,325.000,300.000,300.000,-1,-1,-1,-1,750.000,-1,-1,-1,2,0,2,0,2,0,0,0,0,2,2,2,2,0,2,2,2
128,-8240.622,-4239.388,-67.568,-30.063,0.865460,0.500957,-0.004642,-0.500939,0.865471,0.004390,0.006216,-0.001474,0.999980,0,-0.32000,0.08775,-19.200,0.176,-1,400.000,-1,400.000,-1,325.000,325.000,300.000,300.000,-1,-1,-1,-1,750.000,-1,-1,-1,2,0,2,0,2,0,0,0,0,2,2,2,2,0,2,2,2
129,-8258.366,-4229.191,-67.695,-29.883,0.867032,0.498230,-0.004669,-0.498214,0.867044,0.004247,0.006165,-0.001356,0.999980,0,-0.34109,0.09017,-20.465,0.180,-1,400.000,-1,400.000,-1,325.000,325.000,300.000,300.000,-1,-1,-1,-1,750.000,-1,-1,-1,2,0,2,0,2,0,0,0,0,2,2,2,2,0,2,2,2
130,-8276.134,-4219.057,-67.821,-29.698,0.868640,0.495421,-0.004696,-0.495406,0.868652,0.004106,0.006113,-0.001240,0.999981,0,-0.34091,0.09273,-20.455,0.185,-1,400.000,-1,400.000,-1,325.000,325.000,300.000,300.000,-1,-1,-1,-1,750.000,-1,-1,-1,2,0,2,0,2,0,0,0,0,2,2,2,2,0,2,2,2
131,-8293.930,-4208.986,-67.946,-29.507,0.870282,0.492530,-0.004721,-0.492516,0.870295,0.003965,0.006062,-0.001126,0.999981,0,-0.34080,0.09525,-20.448,0.191,-1,400.000,-1,400.000,-1,325.000,325.000,300.000,300.000,-1,-1,-1,-1,750.000,-1,-1,-1,2,0,2,0,2,0,0,0,0,2,2,2,2,0,2,2,2
132,-8311.758,-4198.977,-68.059,-29.312,0.871958,0.489558,-0.004699,-0.489544,0.871970,0.003844,0.005979,-0.001051,0.999982,0,-0.34076,0.09774,-20.446,0.195,-1,400.000,-1,400.000,-1,325.000,325.000,300.000,300.000,-1,-1,-1,-1,750.000,-1,-1,-1,2,0,2,0,2,0,0,0,0,2,2,2,2,0,2,2,2
133,-8329.622,-4189.029,-68.170,-29.111,0.873665,0.486506,-0.004671,-0.486493,0.873677,0.003725,0.005893,-0.000982,0.999982,0,-0.34078,0.10018,-20.447,0.200,-1,400.000,-1,400.000,-1,325.000,325.000,300.000,300.000,-1,-1,-1,-1,750.000,-1,-1,-1,2,0,2,0,2,0,0,0,0,2,2,2,2,0,2,2,2
134,-8347.526,-4179.143,-68.280,-28.906,0.875402,0.483374,-0.004642,-0.483361,0.875413,0.003607,0.005807,-0.000914,0.999983,0,-0.34086,0.10260,-20.451,0.205,-1,400.000,-1,400.000,-1,325.000,325.000,300.000,300.000,-1,-1,-1,-1,750.000,-1,-1,-1,2,0,2,0,2,0,0,0,0,2,2,2,2,0,2,2,2
135,-8365.473,-4169.319,-68.390,-28.696,0.877167,0.480163,-0.004613,-0.480151,0.877179,0.003490,0.005722,-0.000847,0.999983,0,-0.34100,0.10498,-20.460,0.210,-1,400.000,-1,400.000,-1,325.000,325.000,300.000,300.000,-1,-1,-1,-1,750.000,-1,-1,-1,2,0,2,0,2,0,0,0,0,2,2,2,2,0,2,2,2
136,-8383.466,-4159.557,-68.498,-28.481,0.878960,0.476873,-0.004584,-0.476862,0.878972,0.003374,0.005638,-0.000780,0.999984,0,-0.34119,0.10732,-20.471,0.215,-1,400.000,-1,400.000,-1,325.000,325.000,300.000,300.000,-1,-1,-1,-1,750.000,-1,-1,-1,2,0,2,0,2,0,0,0,0,2,2,2,2,0,2,2,2
137,-8401.511,-4149.857,-68.606,-28.262,0.880779,0.473506,-0.004554,-0.473495,0.880790,0.003259,0.005554,-0.000714,0.999984,0,-0.34144,0.10964,-20.487,0.219,-1,400.000,-1,400.000,-1,325.000,325.000,300.000,300.000,-1,-1,-1,-1,750.000,750.000,-1,-1,2,0,2,0,2,0,0,0,0,2,2,2,2,0,1,2,2
138,-8419.609,-4140.218,-68.713,-28.038,0.882622,0.470061,-0.004524,-0.470051,0.882633,0.003144,0.005471,-0.000648,0.999985,0,-0.34175,0.11192,-20.505,0.224,-1,400.000,-1,400.000,-1,325.000,325.000,300.000,300.000,-1,-1,-1,-1,750.000,750.000,-1,-1,2,0,2,0,2,0,0,0,0,2,2,2,2,0,0,2,2
