timestep,x_cm,y_cm,z_cm,yaw_deg,basis_xx,basis_xy,basis_xz,basis_yx,basis_yy,basis_yz,basis_zx,basis_zy,basis_zz,teleport_flag,throttle_cmd,steering_cmd,cmd_move_cm,cmd_turn_deg,lidar_cm_0,lidar_cm_1,lidar_cm_2,lidar_cm_3,lidar_cm_4,lidar_cm_5,lidar_cm_6,lidar_cm_7,lidar_cm_8,lidar_cm_9,lidar_cm_10,lidar_cm_11,lidar_cm_12,lidar_cm_13,lidar_cm_14,lidar_cm_15,lidar_cm_16,lidar_class_0,lidar_class_1,lidar_class_2,lidar_class_3,lidar_class_4,lidar_class_5,lidar_class_6,lidar_class_7,lidar_class_8,lidar_class_9,lidar_class_10,lidar_class_11,lidar_class_12,lidar_class_13,lidar_class_14,lidar_class_15,lidar_class_16
0,2292.717,8858.795,229.738,129.375,-0.634351,-0.773006,0.007757,0.773009,-0.634387,-0.003323,0.007490,0.003888,0.999964,1,0.08000,0.03287,4.800,0.066,-1,400.000,-1,400.000,-1,325.000,325.000,300.000,300.000,-1,-1,-1,475.000,875.000,975.000,-1,-1,2,0,2,0,2,0,0,0,0,2,2,2,1,0,0,2,2
1,2286.618,8866.209,229.789,129.443,-0.635276,-0.772249,0.007421,0.772252,-0.635309,-0.003091,0.007102,0.003768,0.999968,0,0.16000,0.03416,9.600,0.068,-1,400.000,-1,400.000,-1,325.000,325.000,300.000,300.000,-1,-1,-1,475.000,875.000,975.000,-1,-1,2,0,2,0,2,0,0,0,0,2,2,2,1,0,0,2,2
2,2277.456,8877.318,229.863,129.517,-0.636272,-0.771434,0.006916,0.771437,-0.636300,-0.002749,0.006522,0.003587,0.999972,0,0.24000,0.03677,14.400,0.074,-1,400.000,-1,400.000,-1,325.000,325.000,300.000,300.000,-1,-1,-1,475.000,875.000,975.000,-1,-1,2,0,2,0,2,0,0,0,0,2,2,2,1,0,0,2,2
3,2265.218,8892.112,229.958,129.598,-0.637374,-0.770529,0.006241,0.770533,-0.637396,-0.002298,0.005749,0.003344,0.999978,0,0.32000,0.04072,19.200,0.081,-1,400.000,-1,400.000,-1,325.000,325.000,300.000,300.000,-1,-1,-1,475.000,875.000,975.000,-1,-1,2,0,2,0,2,0,0,0,0,2,2,2,1,0,0,2,2
4,2249.890,8910.580,230.071,129.690,-0.638619,-0.769504,0.005395,0.769509,-0.638634,-0.001740,0.004784,0.003040,0.999984,0,0.40000,0.04605,24.000,0.092,-1,400.000,-1,425.000,-1,325.000,325.000,300.000,300.000,-1,-1,-1,500.000,875.000,975.000,-1,-1,2,0,2,0,2,0,0,0,0,2,2,2,1,0,0,2,2
5,2231.457,8932.708,230.200,129.796,-0.640043,-0.768327,0.004377,0.768331,-0.640052,-0.001077,0.003629,0.002674,0.999990,0,0.48000,0.05281,28.800,0.106,-1,400.000,-1,425.000,-1,325.000,325.000,300.000,300.000,-1,-1,-1,525.000,875.000,975.000,-1,-1,2,0,2,0,2,0,0,0,0,2,2,2,1,0,0,2,2
6,2209.896,8958.478,230.267,129.918,-0.641685,-0.766961,0.003519,0.766965,-0.641689,-0.000304,0.002492,0.002504,0.999994,0,0.56000,0.06108,33.600,0.122,-1,400.000,-1,425.000,-1,325.000,325.000,300.000,300.000,-1,-1,-1,525.000,875.000,975.000,-1,-1,2,0,2,0,2,0,0,0,0,2,2,2,1,0,0,2,2
7,2185.182,8987.868,230.270,130.060,-0.643585,-0.765370,0.002820,0.765374,-0.643586,0.000576,0.001374,0.002529,0.999996,0,0.64000,0.07092,38.400,0.142,-1,400.000,-1,425.000,-1,325.000,325.000,300.000,300.000,-1,-1,-1,575.000,875.000,975.000,-1,-1,2,0,2,0,2,0,0,0,0,2,2,2,1,0,1,2,2
8,2157.284,9020.852,230.256,130.225,-0.645787,-0.763515,0.002024,0.763518,-0.645785,0.001556,0.000119,0.002550,0.999997,0,0.72000,0.08241,43.200,0.165,-1,400.000,-1,425.000,-1,325.000,325.000,300.000,300.000,-1,-1,-1,600.000,875.000,950.000,-1,-1,2,0,2,0,2,0,0,0,0,2,2,2,1,0,1,2,2
9,2127.398,9055.948,230.220,130.416,-0.648334,-0.761355,0.001164,0.761355,-0.648330,0.002590,-0.001217,0.002565,0.999996,0,0.76828,0.09562,46.097,0.191,1000.000,400.000,-1,425.000,-1,325.000,325.000,300.000,300.000,-1,-1,-1,625.000,875.000,925.000,-1,-1,1,0,2,0,2,0,0,0,0,2,2,2,1,0,1,2,2
10,2097.222,9091.110,230.164,130.636,-0.651255,-0.758859,0.000289,0.758855,-0.651250,0.003617,-0.002556,0.002575,0.999993,0,0.77225,0.11005,46.335,0.220,975.000,400.000,-1,425.000,-1,325.000,325.000,300.000,300.000,-1,-1,-1,675.000,875.000,900.000,-1,-1,1,0,2,0,2,0,0,0,0,2,2,2,1,0,1,2,2
11,2066.710,9126.352,229.850,130.886,-0.654559,-0.756011,-0.000398,0.755997,-0.654550,0.005744,-0.004603,0.003459,0.999983,0,0.77693,0.12488,46.616,0.250,925.000,400.000,-1,425.000,-1,325.000,325.000,300.000,300.000,-1,-1,-1,725.000,875.000,850.000,-1,1000.000,1,0,2,0,2,0,0,0,0,2,2,2,1,0,1,2,1
12,2035.814,9161.687,229.329,131.166,-0.658251,-0.752797,-0.001192,0.752763,-0.658236,0.008547,-0.007219,0.004729,0.999963,0,0.78229,0.14010,46.937,0.280,875.000,400.000,-1,425.000,1000.000,325.000,325.000,300.000,300.000,-1,-1,-1,750.000,875.000,825.000,-1,950.000,1,0,2,0,1,0,0,0,0,2,2,2,1,0,1,2,1
13,2004.486,9197.124,228.772,131.477,-0.662336,-0.749203,-0.002132,0.749141,-0.662314,0.011310,-0.009886,0.005894,0.999934,0,0.78832,0.15572,47.299,0.311,850.000,400.000,-1,425.000,925.000,325.000,325.000,300.000,300.000,-1,-1,-1,800.000,850.000,800.000,975.000,900.000,1,0,2,0,1,0,0,0,0,2,2,2,1,0,1,1,1
14,1972.679,9232.672,228.198,131.821,-0.666818,-0.745214,-0.003129,0.745115,-0.666788,0.014036,-0.012546,0.007028,0.999897,0,0.79501,0.17175,47.700,0.343,800.000,400.000,-1,425.000,850.000,325.000,325.000,300.000,300.000,-1,-1,-1,850.000,850.000,775.000,925.000,850.000,1,0,2,0,1,0,0,0,0,2,2,2,1,1,1,1,1
15,1937.355,9271.512,227.552,132.286,-0.672850,-0.739766,-0.004295,0.739618,-0.672814,0.016957,-0.015434,0.008233,0.999847,0,0.87501,0.23271,52.500,0.465,750.000,400.000,-1,425.000,775.000,325.000,325.000,300.000,300.000,-1,-1,-1,925.000,800.000,725.000,875.000,800.000,1,0,2,0,1,0,0,0,0,2,2,2,1,1,1,1,1
16,1899.354,9312.601,226.696,132.764,-0.678990,-0.734125,-0.005725,0.733927,-0.678957,0.019210,-0.017990,0.008842,0.999799,0,0.93279,0.23895,55.968,0.478,700.000,400.000,-1,425.000,725.000,325.000,325.000,300.000,300.000,-1,-1,-1,975.000,775.000,700.000,825.000,750.000,1,0,2,0,1,0,0,0,0,2,2,2,1,1,1,1,1
17,1860.604,9353.786,225.618,133.255,-0.685259,-0.728272,-0.006328,0.728027,-0.685214,0.021441,-0.019951,0.010086,0.999750,0,0.94248,0.24544,56.549,0.491,650.000,400.000,-1,425.000,675.000,325.000,325.000,300.000,300.000,-1,-1,-1,-1,725.000,675.000,750.000,700.000,1,0,2,0,1,0,0,0,0,2,2,2,2,1,1,1,1
18,1821.088,9395.052,224.507,133.759,-0.691636,-0.722213,-0.006962,0.721915,-0.691578,0.023629,-0.021880,0.011317,0.999697,0,0.95225,0.25177,57.135,0.504,625.000,400.000,-1,425.000,600.000,325.000,325.000,300.000,300.000,-1,-1,-1,-1,700.000,650.000,700.000,650.000,1,0,2,0,1,0,0,0,0,2,2,2,2,1,1,1,1
19,1780.793,9436.381,223.368,134.274,-0.698112,-0.715948,-0.007645,0.715594,-0.698041,0.025771,-0.023787,0.012520,0.999639,0,0.96202,0.25788,57.721,0.516,575.000,400.000,-1,425.000,550.000,325.000,325.000,300.000,300.000,-1,-1,-1,-1,650.000,600.000,650.000,600.000,1,0,2,0,1,0,0,0,0,2,2,2,2,1,1,1,1
20,1739.710,9477.748,222.144,134.802,-0.704669,-0.709483,-0.008673,0.709065,-0.704594,0.027830,-0.025855,0.013461,0.999575,0,0.97168,0.26374,58.301,0.527,525.000,400.000,-1,425.000,500.000,325.000,325.000,300.000,325.000,-1,-1,-1,-1,625.000,575.000,600.000,550.000,1,0,2,0,1,0,0,0,0,2,2,2,2,1,1,1,1
21,1697.837,9519.127,220.654,135.340,-0.711274,-0.702829,-0.010979,0.702330,-0.711232,0.029691,-0.028676,0.013407,0.999499,0,0.98114,0.26928,58.869,0.539,475.000,400.000,-1,425.000,450.000,325.000,325.000,300.000,325.000,-1,-1,-1,-1,575.000,550.000,550.000,525.000,1,0,2,0,1,0,0,0,0,2,2,2,2,1,1,1,1
22,1655.176,9560.484,219.039,135.889,-0.717942,-0.695979,-0.013098,0.695386,-0.717930,0.031857,-0.031576,0.013764,0.999407,0,0.99028,0.27447,59.417,0.549,425.000,400.000,-1,400.000,400.000,325.000,325.000,300.000,325.000,-1,-1,-1,-1,550.000,500.000,500.000,450.000,1,0,2,1,1,0,0,0,0,2,2,2,2,1,1,1,1
23,1611.735,9601.782,216.935,136.448,-0.724714,-0.688927,-0.013007,0.688258,-0.724657,0.034242,-0.033016,0.015864,0.999329,0,0.99898,0.27926,59.939,0.559,400.000,400.000,-1,375.000,375.000,325.000,325.000,300.000,325.000,-1,-1,-1,-1,500.000,475.000,425.000,400.000,1,1,2,1,1,0,0,0,0,2,2,2,2,1,1,1,1
24,1571.247,9639.213,214.983,137.246,-0.734267,-0.678738,-0.012918,0.678006,-0.734164,0.036200,-0.034054,0.017822,0.999261,0,0.91898,0.39926,55.139,0.799,350.000,375.000,-1,350.000,325.000,325.000,325.000,300.000,325.000,-1,-1,-1,-1,475.000,450.000,375.000,375.000,1,1,2,1,1,0,0,0,0,2,2,2,2,1,1,1,1
25,1533.671,9672.710,213.193,138.285,-0.746468,-0.665297,-0.012839,0.664515,-0.746319,0.037781,-0.034717,0.019671,0.999204,0,0.83898,0.51926,50.339,1.039,300.000,350.000,-1,350.000,300.000,325.000,325.000,300.000,325.000,-1,-1,-1,-1,450.000,425.000,350.000,325.000,1,1,2,1,1,0,0,0,0,2,2,2,2,1,1,1,1
26,1499.010,9702.246,211.599,139.564,-0.761147,-0.648454,-0.012766,0.647629,-0.760949,0.039167,-0.035112,0.021544,0.999151,0,0.75898,0.63926,45.539,1.279,275.000,325.000,800.000,325.000,250.000,325.000,325.000,300.000,325.000,-1,-1,-1,-1,400.000,425.000,300.000,300.000,1,1,1,1,1,1,0,0,0,2,2,2,2,1,1,1,1
27,1467.313,9727.839,210.204,141.082,-0.778082,-0.628034,-0.012708,0.627174,-0.777832,0.040374,-0.035241,0.023445,0.999104,0,0.67898,0.75926,40.739,1.519,250.000,300.000,725.000,325.000,225.000,300.000,325.000,300.000,300.000,-1,-1,-1,-1,375.000,400.000,275.000,275.000,1,1,1,1,1,1,1,0,0,2,2,2,2,1,1,1,1
28,1438.694,9749.577,209.005,142.779,-0.796360,-0.604691,-0.012673,0.603802,-0.796058,0.041418,-0.035133,0.025331,0.999062,0,0.59898,0.84872,35.939,1.697,225.000,275.000,675.000,300.000,225.000,275.000,325.000,300.000,300.000,-1,-1,-1,-1,350.000,400.000,225.000,250.000,1,1,1,1,1,1,1,0,1,2,2,2,2,1,1,1,1
29,1413.357,9767.679,207.995,144.455,-0.813714,-0.581128,-0.012679,0.580218,-0.813362,0.042301,-0.034895,0.027064,0.999024,0,0.51898,0.83783,31.139,1.676,200.000,250.000,600.000,300.000,200.000,250.000,300.000,300.000,275.000,-1,-1,-1,-1,325.000,375.000,200.000,225.000,1,1,1,1,1,1,1,0,1,2,2,2,2,1,1,1,1
30,1391.492,9782.363,208.531,146.111,-0.830314,-0.557264,-0.005872,0.556484,-0.829628,0.045190,-0.030054,0.034254,0.998961,0,0.43898,0.82775,26.339,1.655,175.000,250.000,600.000,300.000,200.000,250.000,300.000,325.000,250.000,-1,-1,-1,-1,325.000,375.000,200.000,225.000,1,1,1,1,1,1,1,0,1,2,2,2,2,1,1,1,1
31,1373.275,9793.854,210.541,147.748,-0.845968,-0.533223,0.003420,0.532816,-0.845033,0.045011,-0.021111,0.039900,0.998981,0,0.35898,0.81855,21.539,1.637,175.000,250.000,600.000,300.000,200.000,250.000,300.000,350.000,250.000,-1,-1,-1,-1,325.000,375.000,200.000,225.000,1,1,1,1,1,1,1,0,1,2,2,2,2,1,1,1,1
32,1358.869,9802.377,211.900,149.380,-0.860810,-0.508822,0.010342,0.508717,-0.859692,0.046216,-0.014625,0.045045,0.998878,0,0.27898,0.81624,16.739,1.632,175.000,250.000,600.000,300.000,200.000,250.000,275.000,350.000,250.000,-1,-1,-1,-1,300.000,375.000,200.000,250.000,1,1,1,1,1,1,1,0,1,2,2,2,2,1,1,1,1
33,1348.424,9808.160,212.618,151.011,-0.874919,-0.484044,0.014754,0.484153,-0.873641,0.048449,-0.010562,0.049532,0.998717,0,0.19898,0.81551,11.939,1.631,175.000,250.000,575.000,300.000,200.000,225.000,275.000,375.000,225.000,-1,-1,375.000,-1,300.000,375.000,200.000,250.000,1,1,1,1,1,1,1,0,1,2,2,0,2,1,1,1,1
34,1342.083,9811.439,212.700,152.641,-0.888330,-0.458908,0.016539,0.459120,-0.886889,0.051338,-0.008891,0.053198,0.998544,0,0.11898,0.81507,7.139,1.630,175.000,250.000,550.000,300.000,200.000,225.000,275.000,375.000,225.000,-1,-1,350.000,-1,300.000,375.000,200.000,250.000,1,1,1,1,1,1,1,0,1,2,2,0,2,1,1,1,1
35,1339.976,9812.452,212.150,154.271,-0.901049,-0.433437,0.015607,0.433611,-0.899450,0.054505,-0.009587,0.055879,0.998392,0,0.03898,0.81484,2.339,1.630,175.000,225.000,525.000,300.000,200.000,225.000,250.000,375.000,225.000,-1,-1,400.000,-1,300.000,375.000,200.000,275.000,1,1,1,1,1,1,1,0,1,2,2,0,2,1,1,1,1
36,1342.222,9811.447,210.973,155.901,-0.913062,-0.407648,0.011896,0.407626,-0.911333,0.057560,-0.012623,0.057405,0.998271,0,-0.04102,0.81478,-2.461,1.630,175.000,225.000,500.000,300.000,200.000,225.000,250.000,375.000,225.000,-1,-1,500.000,-1,275.000,350.000,175.000,275.000,1,1,1,1,1,1,1,0,1,2,2,0,2,1,1,1,1
37,1348.933,9808.674,210.036,157.530,-0.924292,-0.381630,0.006520,0.381375,-0.922714,0.056140,-0.015408,0.054376,0.998402,0,-0.12102,0.81484,-7.261,1.630,175.000,225.000,475.000,300.000,225.000,225.000,250.000,375.000,225.000,-1,-1,-1,-1,275.000,350.000,175.000,275.000,1,1,1,1,1,1,1,0,1,2,2,2,2,1,1,1,1
38,1360.207,9804.387,208.778,159.160,-0.934739,-0.355334,-0.001008,0.354794,-0.933468,0.052515,-0.019602,0.048730,0.998620,0,-0.20102,0.81496,-12.061,1.630,200.000,225.000,450.000,300.000,225.000,200.000,250.000,350.000,225.000,-1,-1,-1,-1,275.000,350.000,200.000,300.000,1,1,1,1,1,1,1,0,1,2,2,2,2,1,1,1,1
39,1375.567,9799.040,207.120,160.790,-0.944360,-0.328747,-0.010480,0.327934,-0.943527,0.047080,-0.025366,0.041023,0.998836,0,-0.27106,0.81514,-16.264,1.630,200.000,225.000,450.000,300.000,250.000,200.000,250.000,325.000,225.000,-1,-1,-1,-1,275.000,375.000,200.000,300.000,1,1,1,1,1,1,1,0,1,2,2,2,2,1,1,1,1
40,1391.184,9794.092,207.121,162.421,-0.953299,-0.301775,-0.012340,0.300936,-0.952533,0.046026,-0.025644,0.040164,0.998864,0,-0.27303,0.81534,-16.382,1.631,200.000,225.000,450.000,300.000,250.000,225.000,250.000,325.000,225.000,-1,-1,-1,-1,275.000,375.000,200.000,325.000,1,1,1,1,1,1,1,0,1,2,2,2,2,1,1,1,1
41,1407.048,9789.558,207.558,164.052,-0.961501,-0.274530,-0.012231,0.273713,-0.960699,0.046252,-0.024448,0.041123,0.998855,0,-0.27499,0.81550,-16.499,1.631,225.000,225.000,450.000,300.000,275.000,225.000,250.000,325.000,225.000,-1,-1,-1,-1,300.000,375.000,225.000,350.000,1,1,1,1,1,1,1,0,1,2,2,2,2,1,1,1,1
42,1423.148,9785.449,207.938,165.683,-0.968925,-0.247063,-0.012046,0.246275,-0.968093,0.046297,-0.023100,0.041892,0.998855,0,-0.27692,0.81563,-16.615,1.631,250.000,250.000,450.000,300.000,300.000,225.000,250.000,325.000,225.000,-1,-1,-1,-1,300.000,375.000,250.000,350.000,1,1,1,1,1,1,1,0,1,2,2,2,2,1,1,1,1
43,1439.470,9781.775,208.308,167.315,-0.975564,-0.219394,-0.011873,0.218636,-0.974704,0.046384,-0.021749,0.042655,0.998853,0,-0.27884,0.81573,-16.731,1.631,275.000,250.000,475.000,300.000,325.000,250.000,250.000,325.000,225.000,-1,-1,-1,-1,325.000,400.000,275.000,375.000,1,1,1,1,1,1,1,0,1,2,2,2,2,1,1,1,1
44,1456.002,9778.544,208.667,168.946,-0.981414,-0.191546,-0.011716,0.190817,-0.980523,0.046513,-0.020398,0.043413,0.998849,0,-0.28074,0.81579,-16.845,1.632,325.000,275.000,475.000,300.000,350.000,250.000,275.000,325.000,225.000,-1,-1,-1,-1,325.000,400.000,300.000,400.000,1,1,1,1,1,1,1,0,1,2,2,2,2,1,1,1,1
45,1472.732,9775.768,209.015,170.578,-0.986468,-0.163544,-0.011580,0.162843,-0.985547,0.046683,-0.019048,0.044166,0.998843,0,-0.28263,0.81582,-16.958,1.632,350.000,275.000,500.000,325.000,375.000,250.000,275.000,325.000,225.000,-1,-1,-1,-1,350.000,400.000,325.000,400.000,1,1,1,1,1,1,1,0,1,2,2,2,2,1,1,1,1
46,1489.644,9773.453,209.352,172.210,-0.990723,-0.135411,-0.011468,0.134738,-0.989771,0.046894,-0.017701,0.044914,0.998834,0,-0.28450,0.81581,-17.070,1.632,400.000,300.000,500.000,325.000,400.000,275.000,275.000,325.000,225.000,-1,-1,-1,-1,350.000,400.000,350.000,425.000,1,1,1,1,1,1,1,0,1,2,2,2,2,1,1,1,1
47,1506.726,9771.610,209.676,173.841,-0.994175,-0.107172,-0.011383,0.106526,-0.993192,0.047144,-0.016358,0.045657,0.998823,0,-0.28635,0.81578,-17.181,1.632,450.000,300.000,525.000,325.000,400.000,275.000,275.000,325.000,225.000,-1,-1,-1,-1,375.000,425.000,375.000,450.000,1,1,1,1,1,1,1,0,1,2,2,2,2,1,1,1,1
48,1523.964,9770.244,209.988,175.473,-0.996822,-0.078850,-0.011330,0.078231,-0.995806,0.047432,-0.015022,0.046395,0.998810,0,-0.28819,0.81570,-17.291,1.631,500.000,300.000,525.000,325.000,425.000,275.000,300.000,325.000,225.000,-1,-1,-1,-1,375.000,425.000,400.000,450.000,1,1,1,1,1,1,1,0,1,2,2,2,2,1,1,1,1
49,1541.342,9769.364,210.287,177.104,-0.998662,-0.050470,-0.011312,0.049876,-0.997613,0.047756,-0.013695,0.047128,0.998795,0,-0.29001,0.81559,-17.401,1.631,550.000,325.000,550.000,350.000,450.000,300.000,300.000,325.000,225.000,-1,-1,-1,-1,400.000,425.000,450.000,475.000,1,1,1,1,1,1,1,0,1,2,2,2,2,1,1,1,1
50,1558.848,9768.977,210.536,178.735,-0.999691,-0.022056,-0.011456,0.021483,-0.998618,0.047966,-0.012498,0.047705,0.998783,0,-0.29182,0.81545,-17.509,1.631,650.000,350.000,550.000,350.000,450.000,300.000,300.000,325.000,225.000,-1,-1,-1,-1,425.000,425.000,475.000,475.000,1,1,1,1,1,1,1,0,1,2,2,2,2,1,1,1,1
51,1576.464,9769.089,210.736,180.365,-0.999911,0.006368,-0.011748,-0.006925,-0.998821,0.048057,-0.011428,0.048134,0.998776,0,-0.29362,0.81527,-17.617,1.631,-1,350.000,575.000,350.000,475.000,325.000,325.000,325.000,225.000,-1,-1,-1,-1,425.000,450.000,525.000,500.000,2,1,1,1,1,1,1,0,1,2,2,2,2,1,1,1,1
52,1594.178,9769.706,210.927,181.995,-0.999322,0.034778,-0.012055,-0.035321,-0.998214,0.048182,-0.010357,0.048575,0.998766,0,-0.29540,0.81506,-17.724,1.630,-1,375.000,575.000,350.000,500.000,325.000,325.000,325.000,225.000,-1,-1,-1,-1,450.000,450.000,575.000,500.000,2,1,1,1,1,1,1,0,1,2,2,2,2,1,1,1,1
53,1607.080,9770.469,210.974,183.386,-0.998186,0.058984,-0.012051,-0.059498,-0.997076,0.047962,-0.009187,0.048592,0.998776,0,-0.21540,0.69506,-12.924,1.390,-1,375.000,600.000,375.000,500.000,325.000,325.000,325.000,225.000,-1,-1,-1,-1,475.000,450.000,600.000,500.000,2,1,1,1,1,0,0,0,1,2,2,2,2,1,1,1,1
54,1615.179,9771.111,210.986,184.536,-0.996803,0.078986,-0.012066,-0.079476,-0.995691,0.047775,-0.008240,0.048581,0.998785,0,-0.13540,0.57506,-8.124,1.150,-1,375.000,600.000,375.000,525.000,325.000,325.000,325.000,225.000,-1,-1,-1,-1,475.000,450.000,650.000,500.000,2,1,1,1,1,0,0,0,1,2,2,2,2,1,1,1,1
55,1618.488,9771.427,210.971,185.446,-0.995424,0.094791,-0.012108,-0.095265,-0.994313,0.047612,-0.007526,0.048548,0.998793,0,-0.05540,0.45506,-3.324,0.910,-1,400.000,600.000,375.000,525.000,325.000,325.000,325.000,225.000,-1,-1,-1,-1,500.000,450.000,675.000,500.000,2,1,1,1,1,0,0,0,1,2,2,2,2,1,1,1,1
56,1617.020,9771.269,210.933,186.116,-0.994247,0.106414,-0.012186,-0.106877,-0.993139,0.047467,-0.007051,0.048497,0.998798,0,0.02460,0.33506,1.476,0.670,-1,400.000,600.000,375.000,525.000,325.000,325.000,325.000,225.000,-1,-1,-1,-1,500.000,450.000,675.000,500.000,2,1,1,1,1,0,0,0,1,2,2,2,2,1,1,1,1
57,1610.785,9770.554,210.877,186.546,-0.993420,0.113867,-0.012305,-0.114327,-0.992315,0.047336,-0.006820,0.048431,0.998803,0,0.10460,0.21506,6.276,0.430,-1,400.000,600.000,350.000,525.000,325.000,325.000,325.000,225.000,-1,-1,-1,-1,500.000,450.000,675.000,500.000,2,1,1,1,1,0,0,0,1,2,2,2,2,1,1,1,1
58,1599.786,9769.255,210.804,186.736,-0.993035,0.117159,-0.012467,-0.117622,-0.991935,0.047218,-0.006834,0.048356,0.998807,0,0.18460,0.09506,11.076,0.190,-1,375.000,600.000,350.000,500.000,325.000,325.000,325.000,225.000,-1,-1,-1,-1,475.000,450.000,675.000,475.000,2,1,1,1,1,0,1,0,1,2,2,2,2,1,1,1,1
59,1584.017,9767.406,210.711,186.686,-0.993134,0.116296,-0.012673,-0.116770,-0.992041,0.047116,-0.007092,0.048272,0.998809,0,0.26460,-0.02494,15.876,-0.050,-1,375.000,575.000,350.000,500.000,325.000,325.000,325.000,250.000,-1,-1,-1,-1,475.000,425.000,650.000,450.000,2,1,1,1,1,1,1,0,1,2,2,2,2,1,1,1,1
60,1563.470,9765.103,210.594,186.396,-0.993706,0.111276,-0.012922,-0.111766,-0.992621,0.047035,-0.007592,0.048183,0.998810,0,0.34460,-0.14494,20.676,-0.290,-1,350.000,550.000,325.000,475.000,325.000,300.000,325.000,250.000,-1,-1,-1,-1,450.000,425.000,600.000,450.000,2,1,1,1,1,1,1,0,1,2,2,2,2,1,1,1,1
61,1538.127,9762.499,210.448,185.866,-0.994687,0.102092,-0.013210,-0.102606,-0.993612,0.046985,-0.008329,0.048091,0.998808,0,0.42460,-0.26494,25.476,-0.530,-1,350.000,525.000,325.000,450.000,300.000,300.000,325.000,250.000,-1,-1,-1,-1,425.000,400.000,575.000,425.000,2,1,1,1,1,1,1,0,1,2,2,2,2,1,1,1,1
62,1507.971,9759.810,210.264,185.097,-0.995964,0.088733,-0.013532,-0.089276,-0.994898,0.046978,-0.009294,0.047996,0.998804,0,0.50460,-0.38494,30.276,-0.770,-1,325.000,500.000,300.000,425.000,275.000,275.000,325.000,250.000,-1,-1,-1,-1,400.000,375.000,500.000,400.000,2,1,1,1,1,1,1,0,1,2,2,2,2,1,1,1,1
63,1472.983,9757.310,210.027,184.087,-0.997367,0.071184,-0.013871,-0.071763,-0.996313,0.047019,-0.010473,0.047890,0.998798,0,0.58460,-0.50494,35.076,-1.010,-1,300.000,450.000,275.000,400.000,250.000,250.000,325.000,250.000,-1,-1,-1,-1,350.000,350.000,450.000,350.000,2,1,1,1,1,1,1,0,1,2,2,2,2,1,1,1,1
64,1433.156,9755.337,209.641,182.837,-0.998680,0.049436,-0.013929,-0.050038,-0.997650,0.046798,-0.011582,0.047433,0.998807,0,0.66460,-0.62494,39.876,-1.250,550.000,275.000,425.000,250.000,350.000,225.000,225.000,325.000,250.000,-1,-1,-1,-1,325.000,325.000,400.000,325.000,1,1,1,1,1,1,1,0,1,2,2,2,2,1,1,1,1
65,1388.492,9754.287,209.174,181.347,-0.999626,0.023481,-0.013999,-0.024110,-0.998621,0.046645,-0.012884,0.046965,0.998813,0,0.74460,-0.74494,44.676,-1.490,425.000,225.000,375.000,225.000,325.000,200.000,200.000,325.000,250.000,-1,-1,-1,-1,300.000,300.000,325.000,300.000,1,1,1,1,1,1,1,0,1,2,2,2,2,1,1,1,1
66,1339.016,9754.520,208.617,179.731,-0.999889,-0.004691,-0.014115,0.004029,-0.998906,0.046585,-0.014318,0.046523,0.998815,0,0.82460,-0.80801,49.476,-1.616,300.000,200.000,325.000,200.000,275.000,175.000,175.000,325.000,250.000,-1,-1,-1,-1,250.000,250.000,250.000,250.000,1,1,1,1,1,1,1,0,1,2,2,2,2,1,1,1,1
67,1284.768,9756.285,213.223,178.129,-0.999463,-0.032593,0.003493,0.032734,-0.997985,0.054351,0.001714,0.054437,0.998516,0,0.90460,-0.80073,54.276,-1.601,275.000,200.000,325.000,200.000,250.000,175.000,175.000,375.000,250.000,-1,-1,-1,-1,225.000,250.000,225.000,225.000,1,1,1,1,1,1,1,0,1,2,2,2,2,1,1,1,1
68,1225.796,9759.832,225.442,176.545,-0.997124,-0.060141,0.046111,0.062915,-0.996136,0.061279,0.042247,0.064004,0.997055,0,0.98460,-0.79224,59.076,-1.584,300.000,200.000,350.000,225.000,300.000,175.000,175.000,450.000,250.000,-1,200.000,150.000,575.000,250.000,275.000,225.000,250.000,1,1,1,1,1,1,1,0,1,2,0,0,1,1,1,1,1
69,-8855.095,9511.019,-27.763,78.818,0.193542,-0.980144,-0.043123,0.981051,0.193748,-0.000609,0.008952,-0.042188,0.999070,1,0.00000,0.00000,60.000,-1.564,-1,400.000,-1,400.000,-1,325.000,325.000,300.000,300.000,-1,750.000,850.000,-1,725.000,750.000,-1,-1,2,0,2,0,2,0,0,0,0,2,0,0,2,0,0,2,2
70,-8854.158,9515.727,-27.725,78.749,0.194725,-0.979907,-0.043172,0.980816,0.194937,-0.000706,0.009107,-0.042206,0.999067,0,0.08000,-0.03476,4.800,-0.070,-1,400.000,-1,400.000,-1,325.000,325.000,300.000,300.000,-1,750.000,825.000,-1,725.000,750.000,-1,-1,2,0,2,0,2,0,0,0,0,2,0,0,2,0,0,2,2
71,-8852.274,9525.140,-27.647,78.680,0.195897,-0.979670,-0.043267,0.980580,0.196118,-0.000897,0.009364,-0.042251,0.999063,0,0.16000,-0.03456,9.600,-0.069,-1,400.000,-1,400.000,-1,325.000,325.000,300.000,300.000,-1,750.000,825.000,-1,725.000,750.000,-1,-1,2,0,2,0,2,0,0,0,0,2,0,0,2,0,0,2,2
72,-8849.430,9539.257,-27.530,78.611,0.197050,-0.979432,-0.043409,0.980345,0.197286,-0.001180,0.009720,-0.042323,0.999057,0,0.24000,-0.03416,14.400,-0.068,-1,400.000,-1,400.000,-1,325.000,325.000,300.000,300.000,-1,750.000,825.000,-1,725.000,750.000,-1,-1,2,0,2,0,2,0,0,0,0,2,0,0,2,0,0,2,2
73,-8845.617,9558.074,-27.372,78.544,0.198178,-0.979196,-0.043598,0.980113,0.198433,-0.001554,0.010173,-0.042423,0.999048,0,0.32000,-0.03358,19.200,-0.067,-1,400.000,-1,400.000,-1,325.000,325.000,300.000,300.000,-1,750.000,825.000,-1,725.000,750.000,-1,-1,2,0,2,0,2,0,0,0,0,2,0,0,2,0,0,2,2
74,-8840.823,9581.590,-27.172,78.479,0.199276,-0.978962,-0.043833,0.979885,0.199554,-0.002016,0.010721,-0.042550,0.999037,0,0.40000,-0.03285,24.000,-0.066,-1,400.000,-1,400.000,-1,325.000,325.000,300.000,300.000,-1,750.000,800.000,-1,725.000,750.000,-1,-1,2,0,2,0,2,0,0,0,0,2,0,0,2,0,0,2,2
75,-8835.039,9609.804,-26.931,78.415,0.200341,-0.978732,-0.044116,0.979660,0.200646,-0.002561,0.011358,-0.042706,0.999023,0,0.48000,-0.03199,28.800,-0.064,-1,375.000,-1,400.000,-1,325.000,325.000,300.000,300.000,-1,725.000,800.000,-1,725.000,750.000,-1,-1,2,0,2,0,2,0,0,0,0,2,0,0,2,0,0,2,2
76,-8828.256,9642.712,-26.647,78.352,0.201368,-0.978507,-0.044445,0.979441,0.201705,-0.003186,0.012082,-0.042890,0.999007,0,0.56000,-0.03105,33.600,-0.062,-1,375.000,-1,400.000,-1,325.000,325.000,300.000,300.000,-1,725.000,775.000,-1,725.000,750.000,-1,-1,2,0,2,0,2,0,0,0,0,2,0,0,2,0,0,2,2
77,-8820.464,9680.313,-26.319,78.292,0.202358,-0.978285,-0.044821,0.979227,0.202731,-0.003884,0.012887,-0.043104,0.998987,0,0.64000,-0.03007,38.400,-0.060,-1,375.000,-1,400.000,-1,325.000,325.000,300.000,300.000,-1,725.000,775.000,-1,725.000,750.000,-1,-1,2,0,2,0,2,0,0,0,0,2,0,0,2,0,0,2,2
78,-8811.655,9722.605,-25.947,78.234,0.203310,-0.978069,-0.045243,0.979018,0.203722,-0.004652,0.013766,-0.043348,0.998965,0,0.72000,-0.02911,43.200,-0.058,-1,375.000,-1,400.000,-1,325.000,325.000,300.000,300.000,-1,700.000,750.000,-1,725.000,750.000,-1,-1,2,0,2,0,2,0,0,0,0,2,0,0,2,0,0,2,2
79,-8801.821,9769.587,-25.527,78.178,0.204228,-0.977856,-0.045697,0.978813,0.204684,-0.005474,0.014706,-0.043611,0.998940,0,0.80000,-0.02823,48.000,-0.056,-1,375.000,-1,400.000,-1,325.000,325.000,300.000,300.000,-1,700.000,750.000,-1,725.000,775.000,-1,-1,2,0,2,0,2,0,0,0,0,2,0,0,2,0,0,2,2
80,-8791.734,9817.545,-24.833,78.123,0.205158,-0.977692,-0.045032,0.978611,0.205629,-0.006059,0.015183,-0.042826,0.998967,0,0.81679,-0.02750,49.007,-0.055,-1,375.000,-1,400.000,-1,325.000,325.000,300.000,300.000,-1,725.000,775.000,-1,725.000,775.000,-1,-1,2,0,2,0,2,0,0,0,0,2,0,0,2,0,0,2,2
81,-8781.646,9865.283,-24.086,78.069,0.206068,-0.977539,-0.044194,0.978410,0.206561,-0.006855,0.015830,-0.041828,0.998999,0,0.81319,-0.02704,48.792,-0.054,-1,375.000,-1,400.000,-1,325.000,325.000,300.000,300.000,-1,750.000,800.000,-1,725.000,775.000,-1,-1,2,0,2,0,2,0,0,0,0,2,0,0,2,0,0,2,2
82,-8771.558,9912.798,-23.238,78.015,0.206976,-0.977369,-0.043713,0.978211,0.207482,-0.007326,0.016230,-0.041245,0.999017,0,0.80957,-0.02685,48.574,-0.054,-1,375.000,-1,400.000,-1,325.000,325.000,300.000,300.000,-1,800.000,825.000,-1,725.000,775.000,-1,-1,2,0,2,0,2,0,0,0,0,2,0,0,2,0,0,2,2
83,-8761.472,9960.092,-22.340,77.961,0.207883,-0.977188,-0.043464,0.978012,0.208405,-0.007780,0.016661,-0.040891,0.999025,0,0.80596,-0.02695,48.358,-0.054,-1,375.000,-1,400.000,-1,325.000,325.000,300.000,300.000,-1,825.000,850.000,-1,725.000,775.000,-1,-1,2,0,2,0,2,0,0,0,0,2,0,0,2,0,0,2,2
84,-8751.385,10007.167,-21.456,77.906,0.208803,-0.977003,-0.043210,0.977809,0.209339,-0.008217,0.017074,-0.040535,0.999032,0,0.80239,-0.02731,48.144,-0.055,-1,375.000,-1,400.000,-1,325.000,325.000,300.000,300.000,-1,850.000,875.000,-1,725.000,775.000,-1,-1,2,0,2,0,2,0,0,0,0,2,0,0,2,0,0,2,2
85,-8741.296,10054.028,-20.585,77.850,0.209746,-0.976812,-0.042950,0.977600,0.210295,-0.008637,0.017469,-0.040176,0.999040,0,0.79891,-0.02795,47.934,-0.056,-1,400.000,-1,400.000,-1,325.000,325.000,300.000,300.000,-1,875.000,925.000,-1,725.000,775.000,-1,-1,2,0,2,0,2,0,0,0,0,2,0,0,2,0,0,2,2
86,-8731.203,10100.680,-19.726,77.793,0.210721,-0.976614,-0.042684,0.977383,0.211282,-0.009040,0.017847,-0.039813,0.999048,0,0.79553,-0.02885,47.732,-0.058,-1,400.000,-1,400.000,-1,325.000,325.000,300.000,300.000,-1,925.000,950.000,-1,725.000,800.000,-1,-1,2,0,2,0,2,0,0,0,0,2,0,0,2,0,0,2,2
87,-8721.103,10147.133,-18.880,77.733,0.211736,-0.976406,-0.042412,0.977157,0.212308,-0.009426,0.018208,-0.039448,0.999056,0,0.79230,-0.03001,47.538,-0.060,-1,400.000,-1,400.000,-1,325.000,325.000,300.000,300.000,-1,950.000,975.000,-1,725.000,800.000,-1,-1,2,0,2,0,2,0,0,0,0,2,0,0,2,0,0,2,2
88,-8711.397,10190.667,-18.091,77.433,0.216836,-0.975297,-0.042159,0.976029,0.217421,-0.009767,0.018691,-0.039030,0.999063,0,0.74338,-0.15001,44.603,-0.300,-1,400.000,-1,400.000,-1,325.000,325.000,300.000,300.000,-1,975.000,975.000,-1,750.000,800.000,-1,-1,2,0,2,0,2,0,0,0,0,2,0,0,2,0,0,2,2
89,-8701.349,10233.932,-17.305,76.925,0.225461,-0.973350,-0.041915,0.974061,0.226059,-0.010078,0.019285,-0.038555,0.999070,0,0.74027,-0.25386,44.416,-0.508,-1,400.000,-1,400.000,-1,325.000,325.000,300.000,300.000,-1,1000.000,1000.000,-1,750.000,800.000,-1,-1,2,0,2,0,2,0,0,0,0,2,0,0,2,0,0,2,2
90,-8690.960,10276.918,-16.520,76.414,0.234131,-0.971311,-0.041679,0.972002,0.234742,-0.010364,0.019851,-0.038085,0.999077,0,0.73706,-0.25570,44.224,-0.511,-1,400.000,-1,400.000,-1,325.000,325.000,300.000,300.000,-1,-1,-1,-1,750.000,800.000,-1,-1,2,0,2,0,2,0,0,0,0,2,2,2,2,0,0,2,2
91,-8680.228,10319.637,-15.734,75.898,0.242855,-0.969177,-0.041449,0.969848,0.243478,-0.010624,0.020388,-0.037620,0.999084,0,0.73412,-0.25780,44.047,-0.516,-1,400.000,-1,400.000,-1,325.000,325.000,300.000,300.000,-1,-1,-1,-1,750.000,800.000,-1,-1,2,0,2,0,2,0,0,0,0,2,2,2,2,0,0,2,2
92,-8669.148,10362.103,-14.938,75.378,0.251639,-0.966944,-0.041189,0.967595,0.252273,-0.010905,0.020936,-0.037111,0.999092,0,0.73146,-0.26013,43.887,-0.520,-1,400.000,-1,400.000,-1,325.000,325.000,300.000,300.000,-1,-1,-1,-1,750.000,825.000,-1,-1,2,0,2,0,2,0,0,0,0,2,2,2,2,0,0,2,2
93,-8657.716,10404.330,-14.130,74.852,0.260490,-0.964610,-0.040895,0.965237,0.261135,-0.011216,0.021498,-0.036552,0.999101,0,0.72910,-0.26271,43.746,-0.525,-1,400.000,-1,400.000,-1,325.000,325.000,300.000,300.000,-1,-1,-1,-1,750.000,825.000,-1,-1,2,0,2,0,2,0,0,0,0,2,2,2,2,0,0,2,2
94,-8645.927,10446.330,-13.212,74.321,0.269438,-0.962183,-0.040081,0.962774,0.270073,-0.011279,0.021678,-0.035550,0.999133,0,0.72707,-0.26551,43.624,-0.531,-1,400.000,-1,400.000,-1,325.000,325.000,300.000,300.000,-1,-1,-1,-1,750.000,825.000,-1,-1,2,0,2,0,2,0,0,0,0,2,2,2,2,0,0,2,2
95,-8633.773,10488.120,-12.292,73.784,0.278465,-0.959644,-0.039258,0.960198,0.279090,-0.011340,0.021839,-0.034538,0.999165,0,0.72535,-0.26853,43.521,-0.537,-1,400.000,-1,400.000,-1,325.000,325.000,300.000,300.000,-1,-1,-1,-1,750.000,825.000,-1,-1,2,0,2,0,2,0,0,0,0,2,2,2,2,0,0,2,2
96,-8621.247,10529.713,-11.376,73.241,0.287577,-0.956985,-0.038451,0.957506,0.288190,-0.011381,0.021973,-0.033544,0.999196,0,0.72397,-0.27176,43.438,-0.544,-1,400.000,-1,400.000,-1,325.000,325.000,300.000,300.000,-1,-1,-1,-1,750.000,825.000,-1,-1,2,0,2,0,2,0,0,0,0,2,2,2,2,0,0,2,2
97,-8608.341,10571.125,-10.436,72.690,0.296778,-0.954200,-0.037739,0.954693,0.297378,-0.011286,0.021992,-0.032680,0.999224,0,0.72293,-0.27519,43.376,-0.550,-1,400.000,-1,400.000,-1,325.000,325.000,300.000,300.000,-1,-1,-1,-1,775.000,825.000,-1,-1,2,0,2,0,2,0,0,0,0,2,2,2,2,0,0,2,2
98,-8595.045,10612.368,-9.488,72.133,0.306075,-0.951286,-0.037068,0.951755,0.306659,-0.011109,0.021935,-0.031880,0.999251,0,0.72222,-0.27882,43.333,-0.558,-1,400.000,-1,400.000,-1,325.000,325.000,300.000,300.000,-1,-1,-1,-1,775.000,825.000,-1,-1,2,0,2,0,2,0,0,0,0,2,2,2,2,0,0,2,2
99,-8581.350,10653.457,-8.550,71.567,0.315469,-0.948238,-0.036395,0.948684,0.316037,-0.010916,0.021853,-0.031083,0.999278,0,0.72185,-0.28264,43.311,-0.565,-1,400.000,-1,400.000,-1,325.000,325.000,300.000,300.000,-1,-1,-1,-1,775.000,825.000,-1,-1,2,0,2,0,2,0,0,0,0,2,2,2,2,0,0,2,2
100,-8567.246,10694.404,-7.621,70.994,0.324966,-0.945051,-0.035723,0.945476,0.325516,-0.010709,0.021749,-0.030295,0.999304,0,0.72181,-0.28664,43.309,-0.573,-1,400.000,-1,400.000,-1,325.000,325.000,300.000,300.000,-1,-1,-1,-1,775.000,825.000,-1,-1,2,0,2,0,2,0,0,0,0,2,2,2,2,0,0,2,2
101,-8552.721,10735.223,-6.701,70.412,0.334567,-0.941720,-0.035052,0.942124,0.335101,-0.010487,0.021622,-0.029515,0.999330,0,0.72211,-0.29082,43.326,-0.582,-1,400.000,-1,400.000,-1,325.000,325.000,300.000,300.000,-1,-1,-1,-1,775.000,825.000,-1,-1,2,0,2,0,2,0,0,0,0,2,2,2,2,0,0,2,2
102,-8537.763,10775.925,-5.793,69.822,0.344278,-0.938239,-0.034370,0.938622,0.344794,-0.010246,0.021464,-0.028733,0.999357,0,0.72272,-0.29517,43.363,-0.590,-1,400.000,-1,400.000,-1,325.000,325.000,300.000,300.000,-1,-1,-1,-1,775.000,825.000,-1,-1,2,0,2,0,2,0,0,0,0,2,2,2,2,0,0,2,2
103,-8522.360,10816.521,-4.905,69.223,0.354101,-0.934602,-0.033642,0.934966,0.354598,-0.009975,0.021252,-0.027922,0.999384,0,0.72366,-0.29969,43.420,-0.599,-1,400.000,-1,400.000,-1,325.000,325.000,300.000,300.000,-1,-1,-1,-1,775.000,825.000,-1,-1,2,0,2,0,2,0,0,0,0,2,2,2,2,0,0,2,2
104,-8506.500,10857.021,-4.026,68.614,0.364038,-0.930802,-0.032918,0.931147,0.364515,-0.009691,0.021019,-0.027123,0.999411,0,0.72491,-0.30437,43.495,-0.609,-1,400.000,-1,400.000,-1,325.000,325.000,300.000,300.000,-1,-1,-1,-1,775.000,825.000,-1,-1,2,0,2,0,2,0,0,0,0,2,2,2,2,0,0,2,2
105,-8490.168,10897.433,-3.157,67.996,0.374090,-0.926833,-0.032196,0.927160,0.374548,-0.009393,0.020765,-0.026337,0.999437,0,0.72646,-0.30920,43.588,-0.618,-1,400.000,-1,400.000,-1,325.000,325.000,300.000,300.000,-1,-1,-1,-1,800.000,825.000,-1,-1,2,0,2,0,2,0,0,0,0,2,2,2,2,0,0,2,2
106,-8473.352,10937.767,-2.282,67.367,0.384262,-0.922690,-0.031395,0.922998,0.384698,-0.009057,0.020434,-0.025497,0.999466,0,0.72831,-0.31419,43.699,-0.628,-1,400.000,-1,400.000,-1,325.000,325.000,300.000,300.000,-1,-1,-1,-1,800.000,825.000,-1,-1,2,0,2,0,2,0,0,0,0,2,2,2,2,0,0,2,2
107,-8456.036,10978.028,-1.409,66.729,0.394554,-0.918365,-0.030550,0.918654,0.394968,-0.008696,0.020053,-0.024634,0.999495,0,0.73045,-0.31932,43.827,-0.639,-1,400.000,-1,400.000,-1,325.000,325.000,300.000,300.000,-1,-1,-1,-1,800.000,825.000,-1,-1,2,0,2,0,2,0,0,0,0,2,2,2,2,0,0,2,2
108,-8438.206,11018.224,-0.546,66.079,0.404965,-0.913849,-0.029702,0.914121,0.405356,-0.008321,0.019644,-0.023782,0.999524,0,0.73288,-0.32460,43.973,-0.649,-1,400.000,-1,400.000,-1,325.000,325.000,300.000,300.000,-1,-1,-1,-1,800.000,825.000,-1,-1,2,0,2,0,2,0,0,0,0,2,2,2,2,0,0,2,2
109,-8419.847,11058.359,0.308,65.419,0.415497,-0.909137,-0.028839,0.909392,0.415865,-0.007930,0.019202,-0.022931,0.999553,0,0.73557,-0.33002,44.134,-0.660,-1,400.000,-1,400.000,-1,325.000,325.000,300.000,300.000,-1,-1,-1,-1,800.000,825.000,-1,-1,2,0,2,0,2,0,0,0,0,2,2,2,2,0,0,2,2
110,-8403.223,11094.007,1.012,64.999,0.422179,-0.906075,-0.028177,0.906322,0.422523,-0.007381,0.018593,-0.022421,0.999576,0,0.65557,-0.21002,39.334,-0.420,-1,400.000,-1,400.000,-1,325.000,325.000,300.000,300.000,-1,-1,-1,-1,800.000,825.000,-1,-1,2,0,2,0,2,0,0,0,0,2,2,2,2,0,0,2,2
111,-8388.128,11126.115,1.616,64.819,0.425049,-0.904749,-0.027626,0.904993,0.425371,-0.006803,0.017906,-0.022110,0.999595,0,0.59132,-0.09002,35.479,-0.180,-1,400.000,-1,400.000,-1,325.000,325.000,300.000,300.000,-1,-1,-1,-1,800.000,825.000,-1,-1,2,0,2,0,2,0,0,0,0,2,2,2,2,0,0,2,2
112,-8372.995,11158.389,2.207,64.879,0.424126,-0.905198,-0.027077,0.905441,0.424427,-0.006236,0.017137,-0.021872,0.999614,0,0.59410,0.02998,35.646,0.060,-1,400.000,-1,400.000,-1,325.000,325.000,300.000,300.000,-1,-1,-1,-1,800.000,825.000,-1,-1,2,0,2,0,2,0,0,0,0,2,2,2,2,0,0,2,2
113,-8357.958,11190.902,2.784,65.179,0.419406,-0.907411,-0.026533,0.907653,0.419683,-0.005681,0.016290,-0.021700,0.999632,0,0.59702,0.14998,35.821,0.300,-1,400.000,-1,400.000,-1,325.000,325.000,300.000,300.000,-1,-1,-1,-1,800.000,825.000,-1,-1,2,0,2,0,2,0,0,0,0,2,2,2,2,0,0,2,2
114,-8343.153,11223.720,3.341,65.719,0.410859,-0.911328,-0.025994,0.911569,0.411114,-0.005143,0.015374,-0.021582,0.999649,0,0.60006,0.26998,36.004,0.540,-1,400.000,-1,400.000,-1,325.000,325.000,300.000,300.000,-1,-1,-1,-1,800.000,825.000,-1,-1,2,0,2,0,2,0,0,0,0,2,2,2,2,0,0,2,2
115,-8328.722,11256.908,3.874,66.499,0.398439,-0.916842,-0.025460,0.917082,0.398672,-0.004634,0.014399,-0.021502,0.999665,0,0.60317,0.38998,36.190,0.780,-1,400.000,-1,400.000,-1,325.000,325.000,300.000,300.000,-1,-1,-1,-1,800.000,825.000,-1,-1,2,0,2,0,2,0,0,0,0,2,2,2,2,0,0,2,2
116,-8314.812,11290.522,4.368,67.519,0.382079,-0.923795,-0.024879,0.924034,0.382289,-0.004130,0.013326,-0.021411,0.999682,0,0.60630,0.50998,36.378,1.020,-1,400.000,-1,400.000,-1,325.000,325.000,300.000,300.000,-1,-1,-1,-1,800.000,825.000,-1,-1,2,0,2,0,2,0,0,0,0,2,2,2,2,0,0,2,2
117,-8301.479,11324.571,4.813,68.616,0.364349,-0.930947,-0.024224,0.931182,0.364536,-0.003656,0.012234,-0.021225,0.999700,0,0.60943,0.54845,36.566,1.097,-1,400.000,-1,400.000,-1,325.000,325.000,300.000,300.000,-1,-1,-1,-1,800.000,825.000,-1,-1,2,0,2,0,2,0,0,0,0,2,2,2,2,0,0,2,2
118,-8288.731,11359.040,5.221,69.703,0.346638,-0.937703,-0.023556,0.937932,0.346804,-0.003230,0.011198,-0.020975,0.999717,0,0.61253,0.54374,36.752,1.087,-1,400.000,-1,400.000,-1,325.000,325.000,300.000,300.000,-1,-1,-1,-1,800.000,825.000,-1,-1,2,0,2,0,2,0,0,0,0,2,2,2,2,0,0,2,2
119,-8276.628,11393.772,5.603,70.789,0.328825,-0.944113,-0.022903,0.944336,0.328971,-0.002815,0.010192,-0.020703,0.999734,0,0.61300,0.54300,36.780,1.086,-1,400.000,-1,400.000,-1,325.000,325.000,300.000,300.000,-1,-1,-1,-1,800.000,800.000,-1,-1,2,0,2,0,2,0,0,0,0,2,2,2,2,0,0,2,2
120,-8265.187,11428.727,5.957,71.875,0.310892,-0.950184,-0.022265,0.950401,0.311019,-0.002410,0.009215,-0.020411,0.999749,0,0.61300,0.54300,36.780,1.086,-1,400.000,-1,400.000,-1,325.000,325.000,300.000,300.000,-1,-1,-1,-1,800.000,800.000,-1,-1,2,0,2,0,2,0,0,0,0,2,2,2,2,0,0,2,2
121,-8254.410,11463.893,6.286,72.961,0.292846,-0.955915,-0.021639,0.956124,0.292956,-0.002017,0.008268,-0.020099,0.999764,0,0.61300,0.54300,36.780,1.086,-1,400.000,-1,400.000,-1,325.000,325.000,300.000,300.000,-1,-1,-1,-1,800.000,800.000,-1,-1,2,0,2,0,2,0,0,0,0,2,2,2,2,0,0,2,2
122,-8244.301,11499.257,6.589,74.047,0.274694,-0.961302,-0.021027,0.961504,0.274788,-0.001635,0.007350,-0.019769,0.999778,0,0.61300,0.54300,36.780,1.086,-1,400.000,-1,400.000,-1,325.000,325.000,300.000,300.000,-1,-1,-1,-1,800.000,800.000,-1,-1,2,0,2,0,2,0,0,0,0,2,2,2,2,0,0,2,2
123,-8234.864,11534.805,6.868,75.133,0.256442,-0.966344,-0.020427,0.966538,0.256520,-0.001265,0.006462,-0.019420,0.999791,0,0.61300,0.54300,36.780,1.086,-1,400.000,-1,400.000,-1,325.000,325.000,300.000,300.000,-1,-1,-1,-1,800.000,800.000,-1,-1,2,0,2,0,2,0,0,0,0,2,2,2,2,0,0,2,2
124,-8226.103,11570.527,7.123,76.219,0.238096,-0.971039,-0.019840,0.971225,0.238161,-0.000905,0.005604,-0.019053,0.999803,0,0.61300,0.54300,36.780,1.086,-1,400.000,-1,400.000,-1,325.000,325.000,300.000,300.000,-1,-1,-1,-1,800.000,800.000,-1,-1,2,0,2,0,2,0,0,0,0,2,2,2,2,0,0,2,2
125,-8218.021,11606.408,7.355,77.305,0.219664,-0.975385,-0.019263,0.975564,0.219715,-0.000557,0.004776,-0.018670,0.999814,0,0.61300,0.54300,36.780,1.086,-1,400.000,-1,400.000,-1,325.000,325.000,300.000,300.000,-1,-1,-1,-1,800.000,800.000,-1,-1,2,0,2,0,2,0,0,0,0,2,2,2,2,0,0,2,2
126,-8210.619,11642.435,7.565,78.391,0.201151,-0.979382,-0.018698,0.979552,0.201190,-0.000220,0.003978,-0.018271,0.999825,0,0.61300,0.54300,36.780,1.086,-1,400.000,-1,400.000,-1,325.000,325.000,300.000,300.000,-1,-1,-1,-1,800.000,800.000,-1,-1,2,0,2,0,2,0,0,0,0,2,2,2,2,0,0,2,2
127,-8203.903,11678.597,7.753,79.477,0.182565,-0.983026,-0.018143,0.983189,0.182593,0.000106,0.003209,-0.017857,0.999835,0,0.61300,0.54300,36.780,1.086,-1,400.000,-1,400.000,-1,325.000,325.000,300.000,300.000,-1,-1,-1,-1,800.000,800.000,-1,-1,2,0,2,0,2,0,0,0,0,2,2,2,2,0,0,2,2
128,-8197.872,11714.879,7.921,80.563,0.163912,-0.986318,-0.017598,0.986472,0.163930,0.000421,0.002470,-0.017429,0.999845,0,0.61300,0.54300,36.780,1.086,-1,400.000,-1,400.000,-1,325.000,325.000,300.000,300.000,-1,-1,-1,-1,800.000,800.000,-1,-1,2,0,2,0,2,0,0,0,0,2,2,2,2,0,0,2,2
129,-8192.531,11751.269,8.070,81.649,0.145199,-0.989255,-0.017063,0.989401,0.145208,0.000726,0.001760,-0.016988,0.999854,0,0.61300,0.54300,36.780,1.086,-1,400.000,-1,400.000,-1,325.000,325.000,300.000,300.000,-1,-1,-1,-1,800.000,800.000,-1,-1,2,0,2,0,2,0,0,0,0,2,2,2,2,0,0,2,2
130,-8187.880,11787.754,8.126,82.735,0.126431,-0.991832,-0.016844,0.991975,0.126432,0.001016,0.001122,-0.016838,0.999858,0,0.61300,0.54300,36.780,1.086,-1,400.000,-1,400.000,-1,325.000,325.000,300.000,300.000,-1,-1,-1,-1,800.000,800.000,-1,-1,2,0,2,0,2,0,0,0,0,2,2,2,2,0,0,2,2
131,-8183.232,11829.074,8.070,83.582,0.111785,-0.993588,-0.016952,0.993732,0.111774,0.001606,0.000299,-0.017025,0.999855,0,0.69300,0.42300,41.580,0.846,-1,400.000,-1,400.000,-1,325.000,325.000,300.000,300.000,-1,-1,-1,-1,800.000,800.000,-1,-1,2,0,2,0,2,0,0,0,0,2,2,2,2,0,0,2,2
132,-8178.535,11875.215,7.916,84.188,0.101282,-0.994715,-0.016831,0.994858,0.101259,0.002261,-0.000545,-0.016974,0.999856,0,0.77300,0.30300,46.380,0.606,-1,400.000,-1,400.000,-1,325.000,325.000,300.000,300.000,-1,-1,-1,-1,800.000,775.000,-1,-1,2,0,2,0,2,0,0,0,0,2,2,2,2,0,0,2,2
133,-8173.677,11926.164,7.723,84.554,0.094940,-0.995343,-0.016680,0.995482,0.094902,0.003012,-0.001415,-0.016891,0.999856,0,0.85300,0.18300,51.180,0.366,-1,400.000,-1,400.000,-1,325.000,325.000,300.000,300.000,-1,-1,-1,-1,800.000,775.000,-1,-1,2,0,2,0,2,0,0,0,0,2,2,2,2,0,0,2,2
134,-8168.833,11978.552,7.518,84.717,0.092106,-0.995612,-0.016542,0.995747,0.092056,0.003778,-0.002238,-0.016820,0.999856,0,0.87686,0.08192,52.611,0.164,-1,400.000,-1,400.000,-1,325.000,325.000,300.000,300.000,-1,-1,-1,-1,800.000,775.000,-1,-1,2,0,2,0,2,0,0,0,0,2,2,2,2,0,0,2,2
