timestep,x_cm,y_cm,z_cm,yaw_deg,basis_xx,basis_xy,basis_xz,basis_yx,basis_yy,basis_yz,basis_zx,basis_zy,basis_zz,teleport_flag,throttle_cmd,steering_cmd,cmd_move_cm,cmd_turn_deg,lidar_cm_0,lidar_cm_1,lidar_cm_2,lidar_cm_3,lidar_cm_4,lidar_cm_5,lidar_cm_6,lidar_cm_7,lidar_cm_8,lidar_cm_9,lidar_cm_10,lidar_cm_11,lidar_cm_12,lidar_cm_13,lidar_cm_14,lidar_cm_15,lidar_cm_16,lidar_class_0,lidar_class_1,lidar_class_2,lidar_class_3,lidar_class_4,lidar_class_5,lidar_class_6,lidar_class_7,lidar_class_8,lidar_class_9,lidar_class_10,lidar_class_11,lidar_class_12,lidar_class_13,lidar_class_14,lidar_class_15,lidar_class_16
0,-6890.963,4916.397,510.921,-140.152,-0.763906,0.639114,-0.089336,-0.642827,-0.765794,0.018246,-0.056752,0.071366,0.995834,1,0.08000,-0.12000,4.800,-0.240,-1,400.000,-1,425.000,-1,325.000,350.000,325.000,300.000,-1,-1,-1,-1,925.000,925.000,-1,-1,2,0,2,0,2,0,0,0,0,2,2,2,2,0,0,2,2
1,-6898.385,4910.308,510.299,-140.632,-0.769191,0.632701,-0.089640,-0.636400,-0.771151,0.017907,-0.057797,0.070821,0.995813,0,0.16000,-0.24000,9.600,-0.480,-1,400.000,-1,425.000,-1,325.000,350.000,300.000,300.000,-1,-1,-1,-1,925.000,925.000,-1,-1,2,0,2,0,2,0,0,0,0,2,2,2,2,0,0,2,2
2,-6909.632,4901.315,509.353,-141.352,-0.777015,0.622997,-0.090122,-0.626675,-0.779086,0.017396,-0.059375,0.069994,0.995779,0,0.24000,-0.36000,14.400,-0.720,-1,400.000,-1,425.000,-1,325.000,350.000,300.000,300.000,-1,-1,-1,-1,925.000,900.000,-1,-1,2,0,2,0,2,0,0,0,0,2,2,2,2,0,0,2,2
3,-6924.828,4889.577,508.070,-142.312,-0.787255,0.609904,-0.090812,-0.613553,-0.789476,0.016715,-0.061500,0.068877,0.995728,0,0.32000,-0.48000,19.200,-0.960,-1,400.000,-1,425.000,-1,325.000,350.000,300.000,300.000,-1,-1,-1,-1,925.000,900.000,-1,-1,2,0,2,0,2,0,0,0,0,2,2,2,2,0,0,2,2
4,-6944.125,4875.307,506.433,-143.512,-0.799740,0.593294,-0.091752,-0.596906,-0.802154,0.015870,-0.064184,0.067459,0.995655,0,0.40000,-0.60000,24.000,-1.200,-1,400.000,-1,425.000,-1,325.000,350.000,300.000,300.000,-1,-1,-1,-1,925.000,900.000,-1,-1,2,0,2,0,2,0,0,0,0,2,2,2,2,0,0,2,2
5,-6967.705,4858.769,504.422,-144.952,-0.814252,0.573015,-0.092990,-0.576580,-0.816905,0.014871,-0.067443,0.065725,0.995556,0,0.48000,-0.72000,28.800,-1.440,-1,400.000,-1,425.000,-1,325.000,325.000,300.000,300.000,-1,-1,-1,-1,925.000,875.000,-1,-1,2,0,2,0,2,0,0,0,0,2,2,2,2,0,0,2,2
6,-6995.768,4840.290,502.017,-146.632,-0.830524,0.548893,-0.094586,-0.552402,-0.833465,0.013742,-0.071291,0.063662,0.995422,0,0.56000,-0.84000,33.600,-1.680,-1,400.000,-1,425.000,-1,325.000,325.000,300.000,300.000,-1,-1,-1,-1,950.000,875.000,-1,-1,2,0,2,0,2,0,0,0,0,2,2,2,2,0,0,2,2
7,-7028.530,4820.257,499.194,-148.552,-0.848233,0.520739,-0.096605,-0.524180,-0.851516,0.012518,-0.075742,0.061256,0.995244,0,0.64000,-0.96000,38.400,-1.920,-1,400.000,-1,400.000,-1,325.000,325.000,275.000,300.000,-1,-1,-1,-1,950.000,850.000,-1,-1,2,0,2,0,2,0,0,0,0,2,2,2,2,0,0,2,2
8,-7066.151,4799.020,495.798,-150.552,-0.865652,0.490764,-0.098982,-0.494183,-0.869276,0.011941,-0.080182,0.059252,0.995018,0,0.72000,-1.00000,43.200,-2.000,-1,400.000,-1,400.000,-1,325.000,325.000,275.000,300.000,-1,-1,-1,-1,950.000,825.000,-1,-1,2,0,2,0,2,0,0,0,0,2,2,2,2,0,0,2,2
9,-7108.750,4776.896,491.889,-152.552,-0.881979,0.460175,-0.101749,-0.463605,-0.885964,0.011714,-0.084756,0.057502,0.994741,0,0.80000,-1.00000,48.000,-2.000,-1,400.000,-1,400.000,-1,325.000,325.000,275.000,300.000,-1,-1,-1,-1,950.000,800.000,-1,-1,2,0,2,0,2,0,0,0,0,2,2,2,2,0,0,2,2
10,-7156.429,4754.210,487.539,-154.552,-0.897211,0.429018,-0.104669,-0.432464,-0.901576,0.011648,-0.089370,0.055716,0.994439,0,0.88000,-1.00000,52.800,-2.000,-1,400.000,-1,400.000,-1,325.000,325.000,275.000,300.000,-1,-1,-1,-1,950.000,775.000,-1,-1,2,0,2,0,2,0,0,0,0,2,2,2,2,0,0,2,2
11,-7205.778,4732.808,483.166,-156.552,-0.911402,0.397342,-0.107081,-0.400750,-0.916115,0.011513,-0.093524,0.053405,0.994184,0,0.89648,-1.00000,53.789,-2.000,-1,425.000,-1,400.000,-1,325.000,325.000,300.000,300.000,-1,-1,-1,-1,950.000,775.000,-1,-1,2,0,2,0,2,0,0,0,0,2,2,2,2,0,0,2,2
12,-7255.915,4713.113,478.678,-158.552,-0.924459,0.365171,-0.109661,-0.368558,-0.929531,0.011670,-0.097671,0.051205,0.993901,0,0.89776,-1.00000,53.866,-2.000,-1,425.000,-1,400.000,-1,325.000,325.000,300.000,300.000,-1,-1,-1,-1,950.000,750.000,-1,-1,2,0,2,0,2,0,0,0,0,2,2,2,2,0,0,2,2
13,-7306.776,4695.157,473.722,-160.552,-0.936551,0.332567,-0.110780,-0.335775,-0.941876,0.011136,-0.100638,0.047626,0.993783,0,0.89895,-1.00000,53.937,-2.000,-1,425.000,-1,400.000,875.000,325.000,325.000,300.000,300.000,-1,-1,-1,-1,950.000,750.000,-1,-1,2,0,2,0,1,0,0,0,0,2,2,2,2,0,0,2,2
14,-7358.295,4678.968,468.174,-162.552,-0.947658,0.299568,-0.110465,-0.302372,-0.953146,0.009176,-0.102541,0.042097,0.993838,0,0.90002,-1.00000,54.001,-2.000,-1,425.000,-1,375.000,775.000,325.000,325.000,300.000,300.000,-1,-1,-1,-1,975.000,750.000,-1,-1,2,0,2,0,1,0,0,0,1,2,2,2,2,0,0,2,2
15,-7410.401,4664.570,462.448,-164.552,-0.957598,0.266182,-0.110242,-0.268546,-0.963242,0.006906,-0.104352,0.036218,0.993881,0,0.90098,-1.00000,54.059,-2.000,-1,425.000,-1,375.000,700.000,325.000,325.000,300.000,275.000,-1,-1,-1,-1,975.000,750.000,-1,-1,2,0,2,0,1,0,0,0,1,2,2,2,2,0,0,2,2
16,-7463.026,4651.989,456.604,-166.552,-0.966364,0.232450,-0.110031,-0.234356,-0.972140,0.004537,-0.105911,0.030171,0.993918,0,0.90179,-1.00000,54.107,-2.000,-1,425.000,-1,375.000,650.000,325.000,325.000,300.000,275.000,-1,-1,-1,-1,975.000,725.000,-1,-1,2,0,2,0,1,0,0,0,1,2,2,2,2,0,0,2,2
17,-7516.096,4641.243,450.668,-168.552,-0.973947,0.198415,-0.109814,-0.199848,-0.979825,0.002089,-0.107184,0.023980,0.993950,0,0.90244,-1.00000,54.146,-2.000,-1,425.000,-1,375.000,575.000,325.000,325.000,300.000,275.000,-1,-1,-1,-1,975.000,725.000,-1,-1,2,0,2,0,1,0,0,0,1,2,2,2,2,0,0,2,2
18,-7569.536,4632.351,444.665,-170.552,-0.980336,0.164120,-0.109572,-0.165068,-0.986282,-0.000423,-0.108139,0.017672,0.993979,0,0.90292,-1.00000,54.175,-2.000,-1,425.000,-1,375.000,550.000,325.000,325.000,300.000,250.000,-1,-1,-1,-1,975.000,725.000,-1,-1,2,0,2,0,1,0,0,0,1,2,2,2,2,0,0,2,2
19,-7623.272,4625.327,438.674,-172.552,-0.985509,0.129612,-0.109416,-0.130044,-0.991503,-0.003206,-0.108902,0.011070,0.993991,0,0.90321,-1.00000,54.193,-2.000,-1,425.000,-1,375.000,500.000,325.000,325.000,300.000,250.000,-1,-1,-1,-1,975.000,725.000,-1,-1,2,0,2,0,1,0,0,0,1,2,2,2,2,0,0,2,2
20,-7677.225,4620.181,432.702,-174.552,-0.989465,0.094935,-0.109299,-0.094831,-0.995474,-0.006161,-0.109389,0.004269,0.993990,0,0.90330,-1.00000,54.198,-2.000,-1,425.000,-1,375.000,450.000,325.000,325.000,300.000,250.000,-1,-1,-1,-1,975.000,700.000,-1,-1,2,0,2,0,1,0,0,0,1,2,2,2,2,0,0,2,2
21,-7731.316,4616.921,426.736,-176.552,-0.992209,0.060136,-0.109107,-0.059495,-0.998187,-0.009119,-0.109458,-0.002557,0.993988,0,0.90315,-1.00000,54.189,-2.000,-1,425.000,-1,375.000,425.000,325.000,325.000,300.000,250.000,-1,-1,-1,-1,975.000,700.000,-1,825.000,2,0,2,0,1,0,0,0,1,2,2,2,2,0,0,2,1
22,-7785.465,4615.550,420.802,-178.552,-0.993741,0.025262,-0.108813,-0.024090,-0.999637,-0.012073,-0.109078,-0.009376,0.993989,0,0.90277,-1.00000,54.166,-2.000,-1,425.000,-1,375.000,375.000,325.000,325.000,300.000,225.000,-1,-1,-1,-1,1000.000,700.000,-1,700.000,2,0,2,0,1,0,0,0,1,2,2,2,2,0,0,2,1
23,-7839.590,4616.070,414.922,-180.552,-0.994062,-0.009640,-0.108389,0.011333,-0.999823,-0.015020,-0.108225,-0.016159,0.993995,0,0.90213,-1.00000,54.128,-2.000,-1,425.000,-1,375.000,350.000,325.000,325.000,325.000,225.000,-1,-1,-1,-1,1000.000,675.000,-1,600.000,2,0,2,0,1,0,0,0,1,2,2,2,2,0,1,2,1
24,-7893.609,4618.475,409.017,-182.552,-0.993120,-0.044520,-0.108304,0.046829,-0.998725,-0.018864,-0.107326,-0.023806,0.993939,0,0.90121,-1.00000,54.073,-2.000,-1,425.000,-1,375.000,325.000,325.000,325.000,300.000,225.000,-1,-1,-1,-1,1000.000,650.000,-1,525.000,2,0,2,0,1,0,0,0,1,2,2,2,2,0,1,2,1
25,-7947.440,4622.756,403.014,-184.552,-0.990847,-0.079331,-0.109222,0.082300,-0.996344,-0.022942,-0.107003,-0.031721,0.993753,0,0.90001,-1.00000,54.001,-2.000,-1,425.000,-1,375.000,275.000,325.000,325.000,300.000,225.000,-1,700.000,-1,-1,975.000,600.000,-1,450.000,2,0,2,0,1,0,0,0,1,2,0,2,2,0,1,2,1
26,-8000.999,4628.903,397.118,-186.552,-0.987369,-0.114023,-0.110002,0.117636,-0.992692,-0.026920,-0.106129,-0.039521,0.993567,0,0.89851,-1.00000,53.910,-2.000,-1,425.000,-1,375.000,250.000,325.000,325.000,300.000,200.000,-1,650.000,-1,-1,950.000,575.000,-1,375.000,2,0,2,0,1,0,0,0,1,2,0,2,2,0,1,2,1
27,-8054.203,4636.897,392.015,-188.552,-0.982871,-0.148531,-0.109102,0.152974,-0.987662,-0.033504,-0.102780,-0.049620,0.993466,0,0.89669,-1.00000,53.802,-2.000,-1,425.000,-1,375.000,225.000,325.000,325.000,300.000,200.000,-1,525.000,-1,-1,925.000,525.000,-1,350.000,2,0,2,1,1,0,0,0,1,2,0,2,2,0,1,2,1
28,-8106.971,4646.715,388.031,-190.552,-0.977408,-0.182770,-0.106154,0.188254,-0.981131,-0.044084,-0.096093,-0.063071,0.993372,0,0.89456,-1.00000,53.674,-2.000,-1,425.000,-1,350.000,225.000,325.000,325.000,300.000,200.000,-1,350.000,675.000,-1,950.000,525.000,-1,325.000,2,0,2,1,1,0,0,0,1,2,0,0,2,0,1,2,1
29,-8163.788,4659.102,383.839,-192.312,-0.971658,-0.212616,-0.103323,0.219056,-0.974135,-0.055461,-0.088859,-0.076523,0.993100,0,0.96919,-0.88000,58.152,-1.760,-1,450.000,-1,350.000,225.000,350.000,325.000,300.000,200.000,-1,275.000,550.000,-1,1000.000,525.000,-1,300.000,2,0,2,1,1,0,0,0,1,2,0,0,2,0,1,2,1
30,-8220.010,4672.931,379.872,-193.832,-0.965999,-0.238126,-0.100708,0.245378,-0.967114,-0.066927,-0.081460,-0.089363,0.992662,0,0.96498,-0.76000,57.899,-1.520,-1,450.000,-1,350.000,225.000,350.000,350.000,300.000,200.000,-1,225.000,475.000,-1,-1,525.000,-1,300.000,2,0,2,1,1,0,0,0,1,2,0,0,2,2,1,2,1
31,-8275.601,4687.927,376.125,-195.112,-0.960766,-0.259365,-0.098278,0.267290,-0.960424,-0.078375,-0.074061,-0.101569,0.992068,0,0.95962,-0.64000,57.577,-1.280,-1,475.000,-1,350.000,225.000,375.000,350.000,300.000,200.000,925.000,175.000,425.000,-1,-1,550.000,-1,300.000,2,0,2,1,1,0,1,0,1,0,0,0,2,2,1,2,1
32,-8330.536,4703.822,372.585,-196.152,-0.956235,-0.276407,-0.095992,0.284870,-0.954360,-0.089704,-0.066816,-0.113123,0.991332,0,0.95314,-0.52000,57.188,-1.040,-1,475.000,-1,350.000,225.000,375.000,350.000,300.000,200.000,825.000,150.000,375.000,-1,-1,625.000,-1,275.000,2,0,2,1,1,0,1,0,1,0,0,0,2,2,1,2,1
33,-8384.807,4720.360,369.240,-196.964,-0.952566,-0.289515,-0.093805,0.298393,-0.949101,-0.100838,-0.059836,-0.124046,0.990471,0,0.94557,-0.40575,56.734,-0.811,-1,500.000,-1,350.000,200.000,400.000,350.000,300.000,200.000,725.000,125.000,350.000,-1,-1,-1,-1,275.000,2,0,2,1,1,0,1,0,1,0,0,0,2,2,2,2,1
34,-8438.349,4737.509,366.140,-197.777,-0.948731,-0.302517,-0.091612,0.311706,-0.943505,-0.112415,-0.052429,-0.135208,0.989429,0,0.93703,-0.40679,56.222,-0.814,-1,525.000,-1,375.000,200.000,425.000,350.000,300.000,200.000,650.000,100.000,325.000,-1,-1,-1,-1,275.000,2,0,2,1,1,0,1,0,1,0,0,0,2,2,2,2,1
35,-8491.151,4755.249,363.072,-198.592,-0.944707,-0.315345,-0.089919,0.324837,-0.937450,-0.125174,-0.044821,-0.147462,0.988052,0,0.92834,-0.40738,55.701,-0.815,-1,550.000,-1,400.000,200.000,425.000,375.000,300.000,200.000,575.000,75.000,300.000,-1,-1,-1,-1,-1,2,0,2,1,1,1,1,0,1,0,0,0,2,2,2,2,2
36,-8543.204,4773.563,360.147,-199.407,-0.940479,-0.327980,-0.089043,0.337781,-0.930974,-0.138530,-0.037461,-0.160362,0.986347,0,0.91966,-0.40751,55.180,-0.815,-1,550.000,-1,425.000,200.000,450.000,400.000,275.000,200.000,525.000,50.000,275.000,-1,-1,-1,-1,-1,2,0,2,1,1,1,1,0,1,0,0,0,2,2,2,2,2
37,-8593.621,4791.870,357.359,-199.982,-0.937508,-0.336614,-0.088149,0.346609,-0.925730,-0.151284,-0.030678,-0.172383,0.984552,0,0.89394,-0.28751,53.636,-0.575,-1,575.000,-1,475.000,-1,450.000,425.000,275.000,200.000,475.000,50.000,250.000,-1,-1,975.000,-1,-1,2,0,2,1,2,1,1,0,1,0,0,0,2,2,1,2,2
38,-8643.792,4810.418,354.834,-200.317,-0.935633,-0.341259,-0.090187,0.351909,-0.921689,-0.163249,-0.027414,-0.184478,0.982454,0,0.89148,-0.16751,53.489,-0.335,-1,575.000,-1,550.000,-1,475.000,450.000,275.000,200.000,450.000,75.000,275.000,-1,-1,925.000,-1,-1,2,0,2,1,2,1,1,0,1,0,0,0,2,2,1,2,2
39,-8693.612,4829.183,350.936,-200.659,-0.933022,-0.346314,-0.097658,0.358411,-0.918482,-0.167132,-0.031817,-0.190939,0.981086,0,0.88725,-0.17084,53.235,-0.342,-1,575.000,-1,600.000,-1,475.000,450.000,275.000,200.000,450.000,100.000,350.000,-1,-1,875.000,-1,-1,2,0,2,1,2,1,1,0,1,0,0,0,2,2,1,2,2
40,1639.839,984.136,93.814,10.204,0.969864,-0.174966,-0.169563,0.142743,0.972023,-0.186539,0.197457,0.156713,0.967704,1,0.00000,0.00000,52.902,-0.368,-1,375.000,-1,350.000,-1,275.000,250.000,200.000,350.000,-1,350.000,200.000,425.000,-1,-1,-1,-1,2,1,2,1,2,1,1,1,1,2,0,0,0,2,2,2,2
41,-1642.160,-5571.225,244.800,118.261,-0.470692,-0.876859,0.097816,0.881765,-0.471361,0.017611,0.030664,0.094539,0.995049,1,0.08000,-0.12000,4.800,-0.240,175.000,275.000,-1,425.000,-1,250.000,300.000,350.000,275.000,-1,200.000,50.000,275.000,375.000,-1,200.000,-1,1,1,2,1,2,1,1,1,0,2,0,0,0,1,2,1,2
42,-8199.056,4263.635,362.406,-49.850,0.637526,0.758081,-0.137382,-0.767994,0.639493,-0.035144,0.061213,0.127914,0.989894,1,0.00000,0.00000,9.600,-0.339,-1,375.000,-1,375.000,-1,325.000,300.000,350.000,300.000,575.000,275.000,300.000,-1,750.000,725.000,-1,-1,2,0,2,0,2,0,0,0,0,1,0,0,2,0,0,2,2
43,-8195.946,4259.979,362.661,-49.610,0.640640,0.755415,-0.137583,-0.765336,0.642678,-0.035006,0.061978,0.127723,0.989871,0,0.08000,0.12000,4.800,0.240,-1,375.000,-1,375.000,-1,325.000,300.000,350.000,300.000,575.000,275.000,300.000,-1,750.000,725.000,-1,-1,2,0,2,0,2,0,0,0,0,1,0,0,2,0,0,2,2
44,-8189.665,4252.720,363.185,-49.130,0.646837,0.750043,-0.137978,-0.759980,0.649018,-0.034732,0.063500,0.127327,0.989826,0,0.16000,0.24000,9.600,0.480,-1,375.000,-1,375.000,-1,325.000,300.000,350.000,300.000,575.000,275.000,300.000,-1,750.000,725.000,-1,-1,2,0,2,0,2,0,0,0,0,1,0,0,2,0,0,2,2
45,-8180.107,4241.951,363.999,-48.410,0.656052,0.741888,-0.138556,-0.751845,0.658445,-0.034332,0.065761,0.126696,0.989759,0,0.24000,0.36000,14.400,0.720,-1,375.000,-1,375.000,-1,325.000,300.000,350.000,300.000,600.000,275.000,300.000,-1,750.000,725.000,-1,-1,2,0,2,0,2,0,0,0,0,1,0,0,2,0,0,2,2
46,-8167.137,4227.796,365.135,-47.499,0.667561,0.731410,-0.139288,-0.741385,0.670228,-0.033803,0.068631,0.125832,0.989675,0,0.32000,0.45536,19.200,0.911,-1,375.000,-1,375.000,-1,325.000,300.000,350.000,300.000,600.000,275.000,300.000,-1,750.000,725.000,-1,-1,2,0,2,0,2,0,0,0,0,1,0,0,2,0,0,2,2
47,-8150.646,4210.360,366.628,-46.593,0.678824,0.720809,-0.140116,-0.730795,0.681794,-0.033100,0.071672,0.124865,0.989582,0,0.40000,0.45303,24.000,0.906,-1,400.000,-1,375.000,-1,325.000,300.000,350.000,300.000,625.000,275.000,300.000,-1,775.000,750.000,-1,-1,2,0,2,0,2,0,0,0,0,1,0,0,2,0,0,2,2
48,-8130.532,4189.751,368.670,-45.693,0.689926,0.710155,-0.140289,-0.720046,0.693180,-0.032171,0.074399,0.123210,0.989588,0,0.48000,0.45014,28.800,0.900,-1,400.000,-1,375.000,-1,325.000,325.000,350.000,300.000,625.000,275.000,325.000,-1,775.000,750.000,-1,-1,2,0,2,0,2,0,0,0,0,1,0,0,2,0,0,2,2
49,-8106.693,4166.074,371.257,-44.800,0.700839,0.699453,-0.139967,-0.709164,0.704361,-0.031025,0.076887,0.121003,0.989670,0,0.56000,0.44667,33.600,0.893,-1,400.000,-1,375.000,-1,325.000,325.000,350.000,300.000,650.000,300.000,350.000,-1,775.000,775.000,-1,-1,2,0,2,0,2,0,0,0,0,1,0,0,2,0,0,2,2
50,-8079.034,4139.439,374.303,-43.914,0.711483,0.688681,-0.139679,-0.698200,0.715285,-0.029736,0.079432,0.118680,0.989750,0,0.64000,0.44263,38.400,0.885,-1,400.000,-1,375.000,-1,325.000,325.000,325.000,300.000,700.000,325.000,375.000,-1,775.000,800.000,-1,-1,2,0,2,0,2,0,0,0,0,1,0,0,2,0,0,2,2
51,-8048.303,4110.739,377.744,-43.038,0.721849,0.677856,-0.139447,-0.687177,0.725935,-0.028384,0.081989,0.116314,0.989823,0,0.70083,0.43801,42.050,0.876,-1,400.000,-1,375.000,-1,325.000,325.000,325.000,300.000,725.000,350.000,400.000,-1,800.000,825.000,-1,-1,2,0,2,0,2,0,0,0,0,1,0,0,2,0,0,2,2
52,-8017.015,4082.392,381.308,-42.173,0.731934,0.666987,-0.139289,-0.676120,0.736293,-0.027116,0.084471,0.114023,0.989880,0,0.70368,0.43293,42.221,0.866,-1,400.000,-1,400.000,-1,325.000,325.000,325.000,300.000,750.000,375.000,450.000,-1,800.000,850.000,-1,-1,2,0,2,0,2,0,0,0,0,1,0,0,2,0,0,2,2
53,-7985.175,4054.400,384.995,-41.317,0.741740,0.656084,-0.139200,-0.665038,0.746359,-0.025938,0.086875,0.111812,0.989925,0,0.70660,0.42781,42.396,0.856,-1,400.000,-1,400.000,-1,325.000,325.000,325.000,300.000,775.000,400.000,475.000,-1,800.000,875.000,-1,-1,2,0,2,0,2,0,0,0,0,1,0,0,2,0,0,2,2
54,-7952.791,4026.765,388.756,-40.472,0.751302,0.645169,-0.138933,-0.653924,0.756154,-0.024811,0.089047,0.109492,0.989991,0,0.70957,0.42265,42.574,0.845,-1,400.000,-1,400.000,-1,325.000,325.000,325.000,300.000,825.000,450.000,525.000,-1,825.000,900.000,-1,-1,2,0,2,0,2,0,0,0,0,1,0,0,2,0,0,2,2
55,-7919.867,3999.488,392.550,-39.637,0.760646,0.634257,-0.138330,-0.642777,0.765686,-0.023739,0.090860,0.106972,0.990102,0,0.71259,0.41746,42.756,0.835,-1,400.000,-1,400.000,-1,325.000,325.000,325.000,300.000,850.000,475.000,575.000,-1,825.000,925.000,-1,-1,2,0,2,0,2,0,0,0,0,1,0,0,2,0,0,2,2
56,-7886.411,3972.573,396.385,-38.812,0.769739,0.623320,-0.137750,-0.631645,0.774914,-0.023102,0.092344,0.104792,0.990198,0,0.71567,0.41223,42.940,0.824,-1,400.000,-1,400.000,-1,325.000,325.000,325.000,300.000,875.000,525.000,625.000,-1,875.000,950.000,-1,-1,2,0,2,0,2,0,0,0,0,1,0,0,2,0,0,2,2
57,-7852.428,3946.021,400.287,-37.998,0.778577,0.612373,-0.137176,-0.620533,0.783850,-0.022773,0.093580,0.102853,0.990285,0,0.71879,0.40697,43.127,0.814,-1,400.000,-1,400.000,-1,325.000,325.000,325.000,300.000,925.000,575.000,675.000,-1,925.000,1000.000,-1,-1,2,0,2,0,2,0,0,0,0,1,0,0,2,0,0,2,2
58,-7817.924,3919.833,404.257,-37.195,0.787163,0.601428,-0.136594,-0.609452,0.792497,-0.022752,0.094567,0.101157,0.990366,0,0.72196,0.40166,43.317,0.803,-1,400.000,-1,425.000,-1,325.000,325.000,325.000,300.000,950.000,625.000,725.000,-1,950.000,-1,-1,-1,2,0,2,0,2,0,0,0,0,1,0,0,2,0,2,2,2
59,-7782.906,3894.011,408.284,-36.402,0.795495,0.590492,-0.136043,-0.598414,0.800855,-0.023053,0.095338,0.099749,0.990435,0,0.72517,0.39633,43.510,0.793,-1,400.000,-1,425.000,-1,325.000,325.000,325.000,300.000,1000.000,700.000,800.000,-1,975.000,-1,-1,-1,2,0,2,0,2,0,0,0,0,1,0,0,2,0,2,2,2
60,-7747.380,3868.556,412.366,-35.620,0.803575,0.579573,-0.135510,-0.587428,0.808930,-0.023680,0.095893,0.098631,0.990493,0,0.72842,0.39095,43.705,0.782,-1,400.000,-1,425.000,-1,325.000,325.000,300.000,300.000,-1,775.000,900.000,-1,-1,-1,-1,-1,2,0,2,0,2,0,0,0,0,2,0,0,2,2,2,2,2
61,-7711.352,3843.469,416.491,-34.849,0.811413,0.568694,-0.134896,-0.576487,0.816741,-0.024417,0.096289,0.097578,0.990559,0,0.73172,0.38554,43.903,0.771,-1,400.000,-1,425.000,-1,325.000,325.000,300.000,300.000,-1,850.000,975.000,-1,-1,-1,-1,-1,2,0,2,0,2,0,0,0,0,2,0,0,2,2,2,2,2
62,-7674.829,3818.749,420.648,-34.089,0.819011,0.557863,-0.134201,-0.565596,0.824296,-0.025223,0.096550,0.096562,0.990633,0,0.73505,0.38010,44.103,0.760,-1,400.000,-1,425.000,-1,325.000,350.000,300.000,300.000,-1,925.000,-1,-1,-1,-1,-1,-1,2,0,2,0,2,0,0,0,0,2,0,2,2,2,2,2,2
63,-7637.816,3794.399,424.684,-33.340,0.826412,0.547051,-0.133336,-0.554805,0.831542,-0.027012,0.096097,0.096299,0.990703,0,0.73842,0.37462,44.305,0.749,-1,400.000,-1,425.000,-1,325.000,350.000,300.000,300.000,-1,-1,-1,-1,-1,-1,-1,-1,2,0,2,0,2,0,0,0,0,2,2,2,2,2,2,2,2
64,-7604.445,3773.260,428.335,-32.351,0.835909,0.532652,-0.132430,-0.540392,0.840925,-0.028677,0.096089,0.095536,0.990777,0,0.65842,0.49462,39.505,0.989,-1,400.000,-1,425.000,-1,325.000,350.000,325.000,300.000,-1,-1,-1,-1,-1,-1,-1,-1,2,0,2,0,2,0,0,0,0,2,2,2,2,2,2,2,2
65,-7574.754,3755.293,431.600,-31.178,0.846809,0.515387,-0.131495,-0.523079,0.851750,-0.030165,0.096454,0.094326,0.990858,0,0.57842,0.58645,34.705,1.173,-1,400.000,-1,425.000,-1,325.000,350.000,325.000,300.000,-1,-1,-1,-1,-1,-1,-1,-1,2,0,2,0,2,0,0,0,0,2,2,2,2,2,2,2,2
66,-7548.861,3740.334,434.466,-30.013,0.857269,0.498037,-0.130576,-0.505665,0.862157,-0.031440,0.096918,0.092980,0.990940,0,0.49842,0.58216,29.905,1.164,-1,400.000,-1,425.000,-1,325.000,350.000,325.000,300.000,-1,-1,-1,-1,-1,-1,-1,-1,2,0,2,0,2,0,0,0,0,2,2,2,2,2,2,2,2
67,-7526.875,3728.217,436.917,-28.856,0.867299,0.480593,-0.129702,-0.488144,0.872158,-0.032486,0.097508,0.091488,0.991021,0,0.41842,0.57850,25.105,1.157,-1,400.000,-1,425.000,-1,325.000,325.000,325.000,300.000,-1,-1,-1,-1,-1,-1,-1,-1,2,0,2,0,2,0,0,0,0,2,2,2,2,2,2,2,2
68,-7508.900,3718.775,438.934,-27.706,0.876910,0.463048,-0.128900,-0.470507,0.881768,-0.033293,0.098244,0.089843,0.991099,0,0.33842,0.57546,20.305,1.151,-1,400.000,-1,425.000,-1,325.000,325.000,325.000,300.000,-1,-1,-1,-1,-1,-1,-1,-1,2,0,2,0,2,0,0,0,0,2,2,2,2,2,2,2,2
69,-7495.033,3711.841,440.501,-26.560,0.886111,0.445391,-0.128196,-0.452745,0.890997,-0.033858,0.099143,0.088042,0.991171,0,0.25842,0.57302,15.505,1.146,-1,400.000,-1,425.000,-1,325.000,325.000,325.000,300.000,-1,-1,-1,-1,-1,-1,-1,-1,2,0,2,0,2,0,0,0,0,2,2,2,2,2,2,2,2
70,-7485.366,3707.245,441.601,-25.417,0.894909,0.427612,-0.127613,-0.434849,0.899854,-0.034183,0.100217,0.086083,0.991235,0,0.17842,0.57119,10.705,1.142,-1,400.000,-1,425.000,-1,325.000,325.000,325.000,300.000,-1,-1,-1,-1,-1,-1,-1,-1,2,0,2,0,2,0,0,0,0,2,2,2,2,2,2,2,2
71,-7479.985,3704.815,442.218,-24.277,0.903312,0.409700,-0.127172,-0.416810,0.908347,-0.034276,0.101473,0.083969,0.991288,0,0.09842,0.56994,5.905,1.140,-1,400.000,-1,425.000,-1,325.000,325.000,325.000,300.000,-1,-1,-1,-1,-1,-1,-1,-1,2,0,2,0,2,0,0,0,0,2,2,2,2,2,2,2,2
72,-7478.970,3704.379,442.332,-23.139,0.911323,0.391645,-0.126902,-0.398618,0.916481,-0.034160,0.102925,0.081717,0.991327,0,0.01842,0.56926,1.105,1.139,-1,400.000,-1,425.000,-1,325.000,325.000,325.000,300.000,-1,-1,-1,-1,-1,-1,-1,-1,2,0,2,0,2,0,0,0,0,2,2,2,2,2,2,2,2
73,-7482.397,3705.761,441.927,-22.000,0.918947,0.373433,-0.126821,-0.380264,0.924258,-0.033854,0.104573,0.079336,0.991348,0,-0.06158,0.56914,-3.695,1.138,-1,400.000,-1,425.000,-1,325.000,325.000,325.000,300.000,-1,-1,-1,-1,-1,-1,-1,-1,2,0,2,0,2,0,0,0,0,2,2,2,2,2,2,2,2
74,-7490.144,3708.711,441.017,-20.861,0.926192,0.355056,-0.126901,-0.361734,0.931684,-0.033372,0.106383,0.076813,0.991354,0,-0.13814,0.56954,-8.288,1.139,-1,400.000,-1,425.000,-1,325.000,325.000,325.000,300.000,-1,-1,-1,-1,-1,-1,-1,-1,2,0,2,0,2,0,0,0,0,2,2,2,2,2,2,2,2
75,-7497.950,3711.507,440.098,-19.721,0.933081,0.336501,-0.126996,-0.343023,0.938751,-0.032894,0.108149,0.074255,0.991358,0,-0.13818,0.57044,-8.291,1.141,-1,400.000,-1,425.000,-1,325.000,325.000,325.000,300.000,-1,-1,-1,-1,-1,-1,-1,-1,2,0,2,0,2,0,0,0,0,2,2,2,2,2,2,2,2
76,-7505.810,3714.146,439.171,-18.578,0.939608,0.317775,-0.127106,-0.324137,0.945454,-0.032420,0.109871,0.071662,0.991359,0,-0.13817,0.57130,-8.290,1.143,-1,400.000,-1,425.000,-1,325.000,325.000,325.000,300.000,-1,-1,-1,-1,-1,-1,-1,-1,2,0,2,0,2,0,0,0,0,2,2,2,2,2,2,2,2
77,-7513.718,3716.626,438.236,-17.434,0.945770,0.298885,-0.127230,-0.305086,0.951789,-0.031952,0.111546,0.069036,0.991358,0,-0.13812,0.57215,-8.287,1.144,-1,400.000,-1,425.000,-1,300.000,325.000,300.000,300.000,-1,-1,-1,-1,-1,-1,-1,-1,2,0,2,0,2,0,0,0,0,2,2,2,2,2,2,2,2
78,-7517.062,3717.617,437.844,-16.529,0.950385,0.283866,-0.127235,-0.289940,0.956520,-0.031678,0.112711,0.066997,0.991367,0,-0.05812,0.45215,-3.487,0.904,-1,400.000,-1,425.000,-1,300.000,325.000,300.000,300.000,-1,-1,-1,-1,-1,-1,-1,-1,2,0,2,0,2,0,0,0,0,2,2,2,2,2,2,2,2
79,-7515.800,3717.257,438.004,-15.865,0.953641,0.272784,-0.127115,-0.278767,0.959839,-0.031587,0.113394,0.065558,0.991385,0,0.02188,0.33215,1.313,0.664,-1,400.000,-1,425.000,-1,300.000,325.000,300.000,300.000,-1,-1,-1,-1,-1,-1,-1,-1,2,0,2,0,2,0,0,0,0,2,2,2,2,2,2,2,2
80,-7509.908,3715.629,438.719,-15.441,0.955677,0.265683,-0.126865,-0.271614,0.961885,-0.031679,0.113613,0.064734,0.991414,0,0.10188,0.21215,6.113,0.424,-1,400.000,-1,425.000,-1,300.000,325.000,300.000,300.000,-1,-1,-1,-1,-1,-1,-1,-1,2,0,2,0,2,0,0,0,0,2,2,2,2,2,2,2,2
81,-7499.380,3712.757,439.989,-15.256,0.956581,0.262590,-0.126485,-0.268509,0.962747,-0.031961,0.113380,0.064536,0.991454,0,0.18188,0.09215,10.913,0.184,-1,400.000,-1,425.000,-1,300.000,325.000,300.000,300.000,-1,-1,-1,-1,-1,-1,-1,-1,2,0,2,0,2,0,0,0,0,2,2,2,2,2,2,2,2
82,-7484.225,3708.608,441.810,-15.312,0.956393,0.263519,-0.125975,-0.269465,0.962463,-0.032446,0.112696,0.064977,0.991503,0,0.26188,-0.02785,15.713,-0.056,-1,400.000,-1,425.000,-1,300.000,325.000,325.000,300.000,-1,-1,-1,-1,-1,-1,-1,-1,2,0,2,0,2,0,0,0,0,2,2,2,2,2,2,2,2
83,-7464.452,3703.149,444.178,-15.435,0.955913,0.265565,-0.125323,-0.271557,0.961852,-0.033116,0.111748,0.065688,0.991563,0,0.34188,-0.06130,20.513,-0.123,-1,400.000,-1,425.000,-1,300.000,325.000,325.000,300.000,-1,-1,-1,-1,-1,-1,-1,-1,2,0,2,0,2,0,0,0,0,2,2,2,2,2,2,2,2
84,-7440.067,3696.359,447.089,-15.561,0.955428,0.267674,-0.124529,-0.273722,0.961209,-0.033977,0.110603,0.066549,0.991634,0,0.42188,-0.06328,25.313,-0.127,-1,425.000,-1,425.000,-1,325.000,325.000,325.000,300.000,-1,-1,-1,-1,-1,-1,-1,-1,2,0,2,0,2,0,0,0,0,2,2,2,2,2,2,2,2
85,-7411.076,3688.215,450.536,-15.693,0.954933,0.269861,-0.123602,-0.275978,0.960524,-0.035056,0.109263,0.067588,0.991712,0,0.50188,-0.06576,30.113,-0.132,-1,425.000,-1,425.000,-1,325.000,325.000,325.000,300.000,-1,-1,-1,-1,-1,-1,-1,-1,2,0,2,0,2,0,0,0,0,2,2,2,2,2,2,2,2
86,-7377.487,3678.692,454.510,-15.830,0.954421,0.272142,-0.122555,-0.278345,0.959792,-0.036383,0.107726,0.068837,0.991795,0,0.58188,-0.06876,34.913,-0.138,-1,425.000,-1,450.000,-1,325.000,325.000,325.000,300.000,-1,-1,-1,-1,-1,-1,-1,-1,2,0,2,0,2,0,0,0,0,2,2,2,2,2,2,2,2
87,-7339.308,3667.764,459.003,-15.975,0.953883,0.274535,-0.121399,-0.280843,0.959002,-0.037991,0.105992,0.070333,0.991876,0,0.66188,-0.07230,39.713,-0.145,-1,425.000,-1,450.000,-1,325.000,350.000,325.000,300.000,-1,-1,-1,-1,-1,-1,-1,-1,2,0,2,0,2,0,0,0,0,2,2,2,2,2,2,2,2
88,-7296.547,3655.401,463.947,-16.128,0.953297,0.277060,-0.120261,-0.283477,0.958159,-0.039659,0.104241,0.071898,0.991950,0,0.74188,-0.07641,44.513,-0.153,-1,450.000,-1,450.000,-1,350.000,350.000,325.000,300.000,-1,-1,-1,-1,-1,-1,-1,-1,2,0,2,0,2,0,0,0,0,2,2,2,2,2,2,2,2
89,-7249.214,3641.568,468.828,-16.290,0.952842,0.279780,-0.117537,-0.286025,0.957396,-0.039787,0.101398,0.071529,0.992271,0,0.82188,-0.08111,49.313,-0.162,-1,450.000,-1,450.000,-1,350.000,350.000,325.000,325.000,-1,-1,-1,-1,-1,-1,-1,-1,2,0,2,0,2,0,0,0,0,2,2,2,2,2,2,2,2
90,-7197.322,3626.230,473.728,-16.463,0.952535,0.282705,-0.112943,-0.288548,0.956674,-0.038924,0.097046,0.069665,0.992839,0,0.90188,-0.08644,54.113,-0.173,-1,425.000,-1,450.000,-1,350.000,350.000,300.000,325.000,-1,-1,-1,-1,-1,-1,-1,-1,2,0,2,0,2,0,0,0,0,2,2,2,2,2,2,2,2
91,-7143.543,3610.147,478.635,-16.648,0.952104,0.285816,-0.108659,-0.291335,0.955845,-0.038525,0.092850,0.068336,0.993332,0,0.93554,-0.09242,56.133,-0.185,-1,425.000,-1,450.000,-1,350.000,350.000,300.000,325.000,-1,-1,-1,-1,-1,-1,-1,-1,2,0,2,0,2,0,0,0,0,2,2,2,2,2,2,2,2
92,-7089.774,3593.877,482.884,-16.835,0.951671,0.288922,-0.104151,-0.294339,0.954833,-0.040724,0.087681,0.069412,0.993727,0,0.93630,-0.09378,56.178,-0.188,-1,425.000,-1,450.000,-1,350.000,350.000,300.000,325.000,-1,-1,-1,-1,-1,-1,-1,-1,2,0,2,0,2,0,0,0,0,2,2,2,2,2,2,2,2
93,-7036.057,3577.432,486.922,-17.023,0.951235,0.292008,-0.099411,-0.297361,0.953760,-0.043798,0.082025,0.071224,0.994082,0,0.93630,-0.09378,56.178,-0.188,-1,425.000,-1,450.000,-1,350.000,350.000,300.000,325.000,-1,-1,-1,-1,-1,-1,-1,-1,2,0,2,0,2,0,0,0,0,2,2,2,2,2,2,2,2
94,-6982.395,3560.812,490.937,-17.210,0.950757,0.295090,-0.094778,-0.300360,0.952672,-0.046912,0.076449,0.073069,0.994393,0,0.93630,-0.09378,56.178,-0.188,-1,425.000,-1,425.000,-1,350.000,350.000,300.000,325.000,-1,-1,-1,-1,-1,-1,-1,-1,2,0,2,0,2,0,0,0,0,2,2,2,2,2,2,2,2
95,-6928.788,3544.015,494.930,-17.398,0.950238,0.298165,-0.090252,-0.303337,0.951567,-0.050063,0.070954,0.074949,0.994660,0,0.93630,-0.09378,56.178,-0.188,-1,425.000,-1,425.000,-1,350.000,350.000,325.000,300.000,-1,-1,-1,-1,-1,-1,-1,-1,2,0,2,0,2,0,0,0,0,2,2,2,2,2,2,2,2
96,-6875.235,3527.043,498.901,-17.585,0.949679,0.301234,-0.085837,-0.306291,0.950447,-0.053251,0.065542,0.076863,0.994885,0,0.93630,-0.09378,56.178,-0.188,-1,450.000,-1,425.000,-1,325.000,350.000,325.000,300.000,-1,-1,-1,-1,-1,-1,-1,-1,2,0,2,0,2,0,0,0,0,2,2,2,2,2,2,2,2
97,-6821.738,3509.896,502.849,-17.773,0.949081,0.304297,-0.081535,-0.309223,0.949311,-0.056475,0.060217,0.078812,0.995069,0,0.93630,-0.09378,56.178,-0.188,-1,450.000,-1,425.000,-1,350.000,325.000,325.000,300.000,-1,-1,-1,-1,-1,-1,-1,-1,2,0,2,0,2,0,0,0,0,2,2,2,2,2,2,2,2
98,-6770.907,3493.655,506.574,-17.721,0.949709,0.303390,-0.077503,-0.308169,0.949470,-0.059492,0.055538,0.080384,0.995216,0,0.88940,0.02622,53.364,0.052,-1,475.000,-1,425.000,-1,350.000,325.000,325.000,300.000,-1,-1,-1,-1,-1,-1,-1,-1,2,0,2,0,2,0,0,0,0,2,2,2,2,2,2,2,2
99,-6719.993,3477.673,510.288,-17.428,0.951574,0.298509,-0.073485,-0.303119,0.950907,-0.062404,0.051249,0.081657,0.995342,0,0.88940,0.14622,53.364,0.292,-1,500.000,-1,425.000,-1,350.000,350.000,350.000,300.000,-1,-1,-1,-1,-1,-1,-1,-1,2,0,2,0,2,0,0,0,0,2,2,2,2,2,2,2,2
100,-6668.933,3462.164,514.004,-16.896,0.954614,0.289637,-0.069445,-0.294058,0.953564,-0.065157,0.047349,0.082620,0.995456,0,0.88940,0.26622,53.364,0.532,-1,500.000,-1,450.000,-1,375.000,350.000,350.000,300.000,-1,-1,-1,-1,-1,-1,-1,-1,2,0,2,0,2,0,0,0,0,2,2,2,2,2,2,2,2
101,-6617.669,3447.342,517.094,-16.123,0.958624,0.276799,-0.066495,-0.280971,0.957534,-0.064684,0.045767,0.080690,0.995688,0,0.88940,0.38622,53.364,0.772,-1,525.000,-1,450.000,-1,375.000,375.000,350.000,300.000,-1,-1,-1,-1,-1,-1,-1,-1,2,0,2,0,2,0,0,0,0,2,2,2,2,2,2,2,2
102,-6566.153,3433.423,518.986,-15.111,0.963792,0.259983,-0.059274,-0.263409,0.962818,-0.059980,0.041476,0.073422,0.996438,0,0.88940,0.50622,53.364,1.012,-1,525.000,-1,450.000,-1,375.000,375.000,325.000,325.000,-1,-1,-1,-1,-1,-1,-1,-1,2,0,2,0,2,0,0,0,0,2,2,2,2,2,2,2,2
103,-6514.346,3420.634,520.883,-13.858,0.969609,0.239001,-0.052321,-0.241763,0.968777,-0.054980,0.037548,0.065959,0.997116,0,0.88940,0.62622,53.364,1.252,-1,500.000,-1,450.000,-1,375.000,375.000,325.000,325.000,-1,-1,-1,-1,-1,-1,-1,-1,2,0,2,0,2,0,0,0,0,2,2,2,2,2,2,2,2
104,-6462.234,3409.145,521.499,-12.430,0.975553,0.214811,-0.046402,-0.217199,0.974599,-0.054608,0.033493,0.063352,0.997429,0,0.88940,0.71426,53.364,1.429,-1,500.000,-1,450.000,-1,375.000,375.000,300.000,325.000,-1,-1,-1,-1,-1,-1,-1,-1,2,0,2,0,2,0,0,0,0,2,2,2,2,2,2,2,2
105,-6409.852,3398.960,521.649,-11.001,0.980913,0.190456,-0.039190,-0.192465,0.979692,-0.056213,0.027688,0.062683,0.997649,0,0.88940,0.71426,53.364,1.429,-1,500.000,-1,450.000,-1,375.000,375.000,300.000,325.000,-1,-1,-1,-1,-1,-1,-1,-1,2,0,2,0,2,0,0,0,0,2,2,2,2,2,2,2,2
106,-6357.232,3390.084,521.902,-9.573,0.985614,0.165982,-0.031856,-0.167594,0.984188,-0.057317,0.021838,0.061831,0.997848,0,0.88940,0.71426,53.364,1.429,-1,475.000,-1,450.000,-1,375.000,350.000,300.000,300.000,-1,-1,-1,-1,-1,-1,-1,-1,2,0,2,0,2,0,0,0,0,2,2,2,2,2,2,2,2
107,-6304.407,3382.523,522.252,-8.144,0.989651,0.141404,-0.024416,-0.142609,0.988083,-0.057925,0.015935,0.060808,0.998022,0,0.88940,0.71426,53.364,1.429,-1,475.000,-1,425.000,-1,375.000,350.000,300.000,300.000,-1,-1,-1,-1,-1,-1,-1,-1,2,0,2,0,2,0,0,0,0,2,2,2,2,2,2,2,2
108,-6251.410,3376.280,522.691,-6.716,0.993019,0.116735,-0.016890,-0.117529,0.991372,-0.058043,0.009968,0.059623,0.998171,0,0.88940,0.71426,53.364,1.429,-1,475.000,-1,425.000,-1,350.000,350.000,300.000,275.000,-1,-1,-1,-1,-1,-1,-1,-1,2,0,2,0,2,0,0,0,0,2,2,2,2,2,2,2,2
109,-6198.274,3371.361,523.199,-5.287,0.995717,0.091992,-0.009242,-0.092373,0.994056,-0.057625,0.003886,0.058231,0.998296,0,0.88940,0.71426,53.364,1.429,-1,500.000,-1,425.000,-1,350.000,350.000,300.000,275.000,-1,-1,-1,-1,-1,-1,-1,-1,2,0,2,0,2,0,0,0,0,2,2,2,2,2,2,2,2
110,-6145.031,3367.768,523.774,-3.859,0.997739,0.067187,-0.001514,-0.067165,0.996130,-0.056696,-0.002301,0.056669,0.998390,0,0.88940,0.71426,53.364,1.429,-1,500.000,-1,450.000,-1,350.000,350.000,300.000,300.000,-1,-1,-1,-1,-1,-1,-1,-1,2,0,2,0,2,0,0,0,0,2,2,2,2,2,2,2,2
111,-6096.503,3365.910,524.368,-2.190,0.999256,0.038158,0.005617,-0.037789,0.997751,-0.055367,-0.007717,0.055113,0.998450,0,0.80940,0.83426,48.564,1.669,-1,500.000,-1,450.000,-1,375.000,350.000,300.000,300.000,-1,-1,-1,-1,-1,-1,-1,-1,2,0,2,0,2,0,0,0,0,2,2,2,2,2,2,2,2
112,-6052.740,3365.694,524.975,-0.282,0.999914,0.004908,0.012126,-0.004250,0.998551,-0.053643,-0.012372,0.053587,0.998487,0,0.72940,0.95426,43.764,1.909,-1,500.000,-1,475.000,-1,375.000,375.000,325.000,300.000,-1,-1,-1,-1,-1,-1,-1,-1,2,0,2,0,2,0,0,0,0,2,2,2,2,2,2,2,2
113,-6010.049,3366.973,525.643,1.718,0.999381,-0.029947,0.018485,0.030863,0.998198,-0.051457,-0.016911,0.051996,0.998504,0,0.71185,1.00000,42.711,2.000,-1,500.000,-1,475.000,-1,375.000,375.000,325.000,300.000,-1,-1,-1,-1,-1,-1,-1,-1,2,0,2,0,2,0,0,0,0,2,2,2,2,2,2,2,2
114,-5967.428,3369.741,526.381,3.718,0.997592,-0.064771,0.024797,0.065921,0.996630,-0.048811,-0.021552,0.050328,0.998500,0,0.71185,1.00000,42.711,2.000,-1,500.000,-1,475.000,-1,375.000,375.000,325.000,300.000,-1,-1,-1,-1,-1,-1,-1,-1,2,0,2,0,2,0,0,0,0,2,2,2,2,2,2,2,2
115,-5924.929,3373.996,526.907,5.718,0.994574,-0.099517,0.030327,0.100867,0.993798,-0.046817,-0.025480,0.049622,0.998443,0,0.71185,1.00000,42.711,2.000,-1,475.000,-1,500.000,-1,375.000,375.000,325.000,300.000,-1,-1,-1,-1,-1,-1,-1,-1,2,0,2,0,2,0,0,0,0,2,2,2,2,2,2,2,2
116,-5882.606,3379.736,525.396,7.718,0.990255,-0.134091,0.037616,0.135936,0.989366,-0.051736,-0.030278,0.056345,0.997952,0,0.71185,1.00000,42.711,2.000,-1,475.000,-1,475.000,-1,375.000,375.000,325.000,300.000,-1,-1,-1,-1,-1,-1,-1,-1,2,0,2,0,2,0,0,0,0,2,2,2,2,2,2,2,2
117,-5840.508,3386.947,523.092,9.718,0.984764,-0.168506,0.042957,0.170673,0.983897,-0.053081,-0.033321,0.059604,0.997666,0,0.71185,1.00000,42.711,2.000,-1,475.000,-1,475.000,-1,375.000,375.000,325.000,275.000,-1,-1,-1,-1,-1,-1,-1,-1,2,0,2,0,2,0,0,0,0,2,2,2,2,2,2,2,2
118,-5798.687,3395.622,520.511,11.718,0.978028,-0.202722,0.048628,0.205178,0.977325,-0.052324,-0.036918,0.061152,0.997445,0,0.71185,1.00000,42.711,2.000,-1,450.000,-1,475.000,-1,375.000,375.000,325.000,275.000,-1,-1,-1,-1,950.000,-1,-1,-1,2,0,2,0,2,0,0,0,0,2,2,2,2,0,2,2,2
119,-5757.195,3405.752,518.071,13.718,0.970077,-0.236683,0.054145,0.239420,0.969561,-0.051281,-0.040360,0.062710,0.997215,0,0.71185,1.00000,42.711,2.000,-1,450.000,-1,475.000,-1,375.000,375.000,325.000,250.000,-1,-1,-1,-1,900.000,-1,-1,-1,2,0,2,0,2,0,0,0,0,2,2,2,2,0,2,2,2
120,-5716.082,3417.323,515.774,15.718,0.960923,-0.270349,0.059477,0.273356,0.960614,-0.049980,-0.043622,0.064286,0.996978,0,0.71185,1.00000,42.711,2.000,-1,425.000,-1,450.000,-1,350.000,350.000,325.000,250.000,-1,-1,-1,-1,850.000,-1,-1,-1,2,0,2,0,2,0,0,0,0,2,2,2,2,0,2,2,2
121,-5675.397,3430.322,513.618,17.718,0.950583,-0.303678,0.064593,0.306942,0.950494,-0.048456,-0.046681,0.065888,0.996735,0,0.71185,1.00000,42.711,2.000,-1,425.000,-1,450.000,-1,350.000,350.000,325.000,275.000,-1,-1,-1,-1,800.000,-1,-1,-1,2,0,2,0,2,0,0,0,0,2,2,2,2,0,2,2,2
122,-5635.191,3444.734,511.602,19.718,0.939072,-0.336628,0.069470,0.340136,0.939214,-0.046742,-0.049513,0.067524,0.996488,0,0.71185,1.00000,42.711,2.000,-1,400.000,-1,450.000,-1,350.000,350.000,325.000,275.000,-1,-1,-1,-1,775.000,-1,-1,-1,2,0,2,0,2,0,0,0,0,2,2,2,2,0,2,2,2
123,-5595.513,3460.539,509.725,21.718,0.926409,-0.369158,0.074087,0.372897,0.926787,-0.044874,-0.052097,0.069199,0.996242,0,0.71185,1.00000,42.711,2.000,-1,400.000,-1,450.000,-1,325.000,350.000,325.000,275.000,-1,-1,-1,-1,725.000,-1,-1,-1,2,0,2,0,2,0,0,0,0,2,2,2,2,0,2,2,2
124,-5556.410,3477.720,507.985,23.718,0.912614,-0.401229,0.078427,0.405185,0.913228,-0.042890,-0.054413,0.070919,0.995997,0,0.71185,1.00000,42.711,2.000,-1,375.000,-1,450.000,-1,325.000,350.000,325.000,300.000,-1,-1,-1,-1,700.000,1000.000,-1,-1,2,0,2,0,2,0,0,0,0,2,2,2,2,0,0,2,2
125,-5517.931,3496.256,506.379,25.718,0.897709,-0.432801,0.082479,0.436959,0.898554,-0.040824,-0.056443,0.072689,0.995756,0,0.71185,1.00000,42.711,2.000,-1,375.000,-1,425.000,-1,325.000,325.000,300.000,300.000,-1,-1,-1,-1,675.000,950.000,-1,-1,2,0,2,0,2,0,0,0,0,2,2,2,2,0,0,2,2
126,-5480.122,3516.123,504.905,27.718,0.881715,-0.463833,0.086237,0.468182,0.882783,-0.038716,-0.058170,0.074511,0.995522,0,0.71185,1.00000,42.711,2.000,950.000,375.000,-1,425.000,-1,300.000,325.000,300.000,300.000,-1,-1,-1,-1,650.000,900.000,-1,-1,0,0,2,0,2,0,0,0,0,2,2,2,2,0,0,2,2
127,-5443.030,3537.297,503.531,29.718,0.864670,-0.494294,0.089553,0.498806,0.865943,-0.036544,-0.059485,0.076268,0.995311,0,0.71185,1.00000,42.711,2.000,850.000,350.000,-1,425.000,-1,300.000,325.000,300.000,325.000,-1,-1,-1,-1,625.000,850.000,975.000,-1,0,0,2,0,2,0,0,0,0,2,2,2,2,0,0,0,2
128,-5406.701,3559.755,501.644,31.718,0.846689,-0.524045,0.092162,0.528853,0.847892,-0.037331,-0.058581,0.080348,0.995044,0,0.71185,1.00000,42.711,2.000,825.000,350.000,-1,400.000,-1,300.000,325.000,325.000,325.000,-1,-1,-1,-1,600.000,800.000,900.000,-1,0,0,2,0,2,0,0,0,0,2,2,2,2,0,0,0,2
129,-5371.179,3583.469,499.319,33.718,0.827791,-0.553030,0.094448,0.558267,0.828656,-0.040832,-0.055683,0.086528,0.994692,0,0.71185,1.00000,42.711,2.000,850.000,350.000,-1,400.000,-1,300.000,300.000,325.000,325.000,-1,-1,-1,-1,600.000,775.000,875.000,-1,0,0,2,0,2,0,0,0,0,2,2,2,2,0,0,0,2
130,-5336.508,3608.408,497.167,35.718,0.807908,-0.581294,0.096860,0.586958,0.808409,-0.044232,-0.052591,0.092588,0.994315,0,0.71185,1.00000,42.711,2.000,850.000,350.000,-1,400.000,-1,300.000,300.000,325.000,325.000,-1,-1,-1,-1,600.000,750.000,875.000,-1,0,0,2,0,2,0,0,0,0,2,2,2,2,0,0,0,2
131,-5302.727,3634.542,495.547,37.718,0.787212,-0.608884,0.097764,0.614790,0.787282,-0.047121,-0.048276,0.097198,0.994094,0,0.71185,1.00000,42.711,2.000,875.000,350.000,-1,375.000,-1,300.000,300.000,325.000,325.000,-1,-1,-1,-1,600.000,725.000,875.000,-1,0,0,2,0,2,0,0,0,0,2,2,2,2,0,0,0,2
132,-5269.880,3661.838,494.230,39.718,0.765638,-0.635734,0.098185,0.641804,0.765245,-0.049881,-0.043425,0.101206,0.993917,0,0.71185,1.00000,42.711,2.000,900.000,350.000,-1,375.000,-1,300.000,300.000,325.000,325.000,-1,-1,-1,-1,575.000,700.000,875.000,-1,0,0,2,0,2,0,0,0,0,2,2,2,2,0,0,0,2
133,-5238.005,3690.263,493.133,41.718,0.743183,-0.661798,0.098500,0.667992,0.742306,-0.052626,-0.038290,0.104908,0.993745,0,0.71185,1.00000,42.711,2.000,950.000,350.000,-1,375.000,-1,300.000,300.000,350.000,325.000,-1,-1,-1,-1,575.000,700.000,900.000,-1,0,0,2,0,2,0,0,0,0,2,2,2,2,0,0,0,2
134,-5210.500,3716.351,492.335,43.478,0.722715,-0.684061,0.098708,0.690332,0.721395,-0.055062,-0.033542,0.107936,0.993592,0,0.63185,0.88000,37.911,1.760,-1,350.000,-1,375.000,-1,300.000,300.000,350.000,325.000,-1,-1,-1,-1,575.000,675.000,900.000,-1,2,0,2,0,2,0,0,0,0,2,2,2,2,0,0,0,2
135,-5187.091,3739.766,491.770,44.998,0.704521,-0.702766,0.098840,0.709079,0.702805,-0.057197,-0.029269,0.110382,0.993458,0,0.55185,0.76000,33.111,1.520,-1,350.000,-1,375.000,-1,300.000,300.000,350.000,325.000,-1,-1,-1,-1,575.000,675.000,925.000,-1,2,0,2,0,2,0,0,0,0,2,2,2,2,0,0,0,2
136,-5167.528,3760.227,491.381,46.278,0.688840,-0.718133,0.098919,0.724464,0.686781,-0.059033,-0.025542,0.112327,0.993343,0,0.47185,0.64000,28.311,1.280,-1,350.000,-1,375.000,-1,300.000,300.000,350.000,325.000,-1,-1,325.000,-1,600.000,675.000,975.000,-1,2,0,2,0,2,0,0,0,0,2,2,0,2,0,0,0,2
137,-5151.592,3777.512,491.003,47.318,0.675908,-0.730393,0.098358,0.736656,0.673553,-0.060530,-0.022039,0.113369,0.993309,0,0.39185,0.52000,23.511,1.040,-1,350.000,-1,375.000,-1,300.000,300.000,350.000,325.000,-1,-1,325.000,-1,600.000,675.000,-1,-1,2,0,2,0,2,0,0,0,0,2,2,0,2,0,0,2,2
138,-5139.102,3791.443,490.652,48.118,0.665854,-0.739691,0.097450,0.745841,0.663258,-0.061727,-0.018975,0.113783,0.993324,0,0.31185,0.40000,18.711,0.800,-1,350.000,-1,375.000,-1,300.000,300.000,350.000,325.000,-1,-1,300.000,-1,600.000,650.000,-1,-1,2,0,2,0,2,0,0,0,0,2,2,0,2,0,0,2,2
139,-5129.918,3801.890,490.416,48.678,0.658747,-0.746113,0.096791,0.752178,0.655975,-0.062648,-0.016750,0.114073,0.993331,0,0.23185,0.28000,13.911,0.560,-1,350.000,-1,375.000,-1,300.000,300.000,350.000,325.000,-1,-1,300.000,-1,600.000,650.000,-1,-1,2,0,2,0,2,0,0,0,0,2,2,0,2,0,0,2,2
