timestep,x_cm,y_cm,z_cm,yaw_deg,basis_xx,basis_xy,basis_xz,basis_yx,basis_yy,basis_yz,basis_zx,basis_zy,basis_zz,teleport_flag,throttle_cmd,steering_cmd,cmd_move_cm,cmd_turn_deg,lidar_cm_0,lidar_cm_1,lidar_cm_2,lidar_cm_3,lidar_cm_4,lidar_cm_5,lidar_cm_6,lidar_cm_7,lidar_cm_8,lidar_cm_9,lidar_cm_10,lidar_cm_11,lidar_cm_12,lidar_cm_13,lidar_cm_14,lidar_cm_15,lidar_cm_16,lidar_class_0,lidar_class_1,lidar_class_2,lidar_class_3,lidar_class_4,lidar_class_5,lidar_class_6,lidar_class_7,lidar_class_8,lidar_class_9,lidar_class_10,lidar_class_11,lidar_class_12,lidar_class_13,lidar_class_14,lidar_class_15,lidar_class_16
0,-982.380,-979.343,-186.660,71.573,0.315586,-0.948700,-0.019358,0.948115,0.316088,-0.034139,0.038507,-0.007580,0.999230,1,0.08000,-0.12000,4.800,-0.240,-1,400.000,725.000,250.000,250.000,300.000,250.000,275.000,400.000,700.000,225.000,475.000,-1,525.000,325.000,650.000,225.000,2,1,1,1,1,1,1,0,0,0,0,0,2,1,1,1,1
1,-979.269,-970.261,-186.102,71.093,0.323420,-0.946001,-0.021958,0.945436,0.324019,-0.034105,0.039378,-0.009730,0.999177,0,0.16000,-0.24000,9.600,-0.480,-1,400.000,725.000,250.000,250.000,300.000,250.000,275.000,425.000,675.000,225.000,475.000,-1,525.000,325.000,625.000,225.000,2,1,1,1,1,1,1,0,0,0,0,0,2,1,1,1,1
2,-974.432,-956.697,-185.248,70.373,0.335118,-0.941819,-0.025944,0.941294,0.335868,-0.034020,0.040754,-0.013020,0.999084,0,0.24000,-0.36000,14.400,-0.720,825.000,400.000,725.000,250.000,225.000,300.000,225.000,275.000,425.000,675.000,200.000,475.000,-1,500.000,325.000,600.000,225.000,1,1,1,1,1,1,1,0,0,0,0,0,2,1,1,1,1
3,-967.681,-938.723,-184.079,69.413,0.350608,-0.935995,-0.031413,0.935547,0.351576,-0.033841,0.042719,-0.017524,0.998933,0,0.32000,-0.48000,19.200,-0.960,725.000,375.000,700.000,250.000,225.000,275.000,225.000,275.000,425.000,625.000,175.000,450.000,-1,500.000,325.000,575.000,225.000,1,1,1,1,1,1,1,0,0,0,0,0,2,1,1,1,1
4,-958.774,-916.437,-182.566,68.213,0.369792,-0.928317,-0.038498,0.928006,0.371057,-0.033497,0.045380,-0.023340,0.998697,0,0.40000,-0.60000,24.000,-1.200,625.000,350.000,675.000,225.000,225.000,275.000,225.000,275.000,450.000,600.000,150.000,425.000,-1,475.000,300.000,525.000,200.000,1,1,1,1,1,1,1,0,0,0,0,0,2,1,1,1,1
5,-947.519,-889.927,-180.638,66.993,0.388979,-0.920021,-0.047497,0.919937,0.390658,-0.033207,0.049107,-0.030777,0.998319,0,0.48000,-0.60995,28.800,-1.220,550.000,325.000,675.000,225.000,225.000,275.000,225.000,275.000,475.000,550.000,125.000,400.000,-1,450.000,300.000,500.000,200.000,1,1,1,1,1,1,1,0,0,0,0,0,2,1,1,1,1
6,-933.733,-859.284,-178.237,65.773,0.407780,-0.911194,-0.058661,0.911477,0.410029,-0.032959,0.054085,-0.040028,0.997734,0,0.56000,-0.61016,33.600,-1.220,500.000,300.000,675.000,225.000,200.000,250.000,200.000,275.000,500.000,500.000,100.000,375.000,-1,425.000,275.000,450.000,200.000,1,1,1,1,1,1,1,0,0,0,0,0,2,1,1,1,1
7,2295.732,1639.729,-123.078,164.461,-0.964152,-0.265299,0.005254,0.261742,-0.954106,-0.145510,0.043617,-0.138918,0.989343,1,0.00000,0.00000,38.400,-1.222,-1,550.000,-1,275.000,150.000,375.000,275.000,225.000,250.000,250.000,100.000,225.000,-1,1000.000,375.000,-1,175.000,2,0,2,1,1,1,1,0,1,0,0,0,2,1,1,2,1
8,-2300.359,326.560,-195.731,-163.000,-0.953737,0.292369,0.070052,-0.291182,-0.956292,0.026816,0.074830,0.005177,0.997183,1,0.08000,0.12000,4.800,0.240,825.000,375.000,600.000,350.000,425.000,300.000,300.000,300.000,275.000,625.000,275.000,350.000,-1,525.000,425.000,675.000,425.000,1,0,1,1,1,0,0,0,0,1,0,0,2,1,1,1,1
9,-2309.516,323.676,-195.080,-162.520,-0.951161,0.300371,0.071211,-0.299176,-0.953812,0.027137,0.076073,0.004507,0.997092,0,0.16000,0.24000,9.600,0.480,825.000,375.000,575.000,350.000,400.000,300.000,300.000,300.000,275.000,625.000,250.000,350.000,-1,525.000,425.000,675.000,400.000,1,0,1,1,1,0,0,0,0,1,0,0,2,1,1,1,1
10,-2323.214,319.233,-194.078,-162.031,-0.948419,0.308506,0.072970,-0.307288,-0.951215,0.027646,0.077939,0.003797,0.996951,0,0.24000,0.24465,14.400,0.489,825.000,375.000,575.000,350.000,400.000,300.000,300.000,300.000,275.000,625.000,250.000,325.000,-1,525.000,400.000,675.000,400.000,1,0,1,1,1,0,0,0,0,1,0,0,2,1,1,1,1
11,-2341.428,313.158,-192.730,-161.553,-0.945621,0.316433,0.075313,-0.315173,-0.948610,0.028373,0.080421,0.003093,0.996756,0,0.32000,0.23903,19.200,0.478,825.000,375.000,575.000,325.000,375.000,300.000,300.000,325.000,275.000,650.000,250.000,300.000,-1,525.000,400.000,650.000,375.000,1,0,1,1,1,0,0,0,0,1,0,0,2,1,1,1,1
12,-2364.133,305.379,-191.043,-161.089,-0.942784,0.324099,0.078221,-0.322777,-0.946020,0.029349,0.083511,0.002422,0.996504,0,0.40000,0.23183,24.000,0.464,825.000,375.000,550.000,325.000,350.000,300.000,300.000,325.000,275.000,650.000,225.000,275.000,-1,500.000,375.000,650.000,350.000,1,0,1,1,1,0,0,0,0,1,0,0,2,1,1,1,1
13,-2391.306,295.833,-189.026,-160.643,-0.939930,0.331454,0.081674,-0.330042,-0.943470,0.030610,0.087203,0.001815,0.996189,0,0.48000,0.22300,28.800,0.446,800.000,375.000,525.000,300.000,325.000,300.000,300.000,325.000,275.000,675.000,225.000,275.000,-1,475.000,350.000,625.000,325.000,1,0,1,1,1,0,1,0,0,1,0,0,2,1,1,1,1
14,-2422.924,284.461,-186.692,-160.218,-0.937081,0.338443,0.085652,-0.336911,-0.940986,0.032191,0.091492,0.001308,0.995805,0,0.56000,0.21249,33.600,0.425,775.000,375.000,500.000,275.000,300.000,300.000,275.000,325.000,275.000,675.000,225.000,250.000,-1,475.000,350.000,600.000,300.000,1,1,1,1,1,1,1,0,0,1,0,0,2,1,1,1,1
15,-2458.967,271.212,-184.053,-159.818,-0.934261,0.345011,0.090134,-0.343321,-0.938598,0.034127,0.096374,0.000939,0.995345,0,0.64000,0.20023,38.400,0.400,750.000,350.000,475.000,275.000,275.000,300.000,250.000,325.000,250.000,700.000,200.000,225.000,-1,450.000,325.000,575.000,275.000,1,1,1,1,1,1,1,0,0,1,0,0,2,1,1,1,1
16,-2499.418,256.044,-181.128,-159.445,-0.931495,0.351102,0.095099,-0.349205,-0.936337,0.036457,0.101845,0.000750,0.994800,0,0.72000,0.18613,43.200,0.372,725.000,325.000,450.000,250.000,225.000,275.000,225.000,325.000,250.000,725.000,200.000,225.000,-1,400.000,300.000,525.000,225.000,1,1,1,1,1,1,1,0,0,1,0,0,2,1,1,1,1
17,-2544.263,238.925,-176.910,-159.105,-0.928966,0.356654,0.099099,-0.354977,-0.934232,0.034664,0.104945,-0.002976,0.994474,0,0.80000,0.17008,48.000,0.340,650.000,300.000,400.000,225.000,200.000,250.000,200.000,325.000,250.000,725.000,225.000,225.000,-1,375.000,250.000,475.000,200.000,1,1,1,1,1,1,1,0,0,1,0,0,2,1,1,1,1
18,-2589.667,221.318,-168.202,-158.801,-0.924638,0.361507,0.119822,-0.361609,-0.932078,0.021663,0.119515,-0.023298,0.992559,0,0.81158,0.15195,48.695,0.304,600.000,275.000,375.000,200.000,175.000,225.000,200.000,300.000,300.000,650.000,200.000,250.000,-1,350.000,250.000,450.000,175.000,1,1,1,1,1,1,1,0,0,0,0,0,2,1,1,1,1
19,-2635.595,203.256,-156.776,-158.535,-0.918440,0.365407,0.151478,-0.369314,-0.929301,0.002508,0.141685,-0.053639,0.988457,0,0.82240,0.13312,49.344,0.266,575.000,275.000,375.000,200.000,175.000,225.000,200.000,275.000,350.000,475.000,175.000,225.000,-1,350.000,250.000,425.000,175.000,1,1,1,1,1,1,1,0,0,0,0,0,2,1,1,1,1
20,-2682.038,184.770,-145.254,-158.308,-0.911457,0.368306,0.183293,-0.377451,-0.925882,-0.016494,0.163633,-0.084218,0.982920,0,0.83299,0.11352,49.979,0.227,525.000,250.000,375.000,200.000,175.000,225.000,200.000,250.000,425.000,375.000,150.000,250.000,-1,325.000,250.000,400.000,175.000,1,1,1,1,1,1,1,0,1,0,0,0,2,1,1,1,1
21,-2728.991,165.897,-132.776,-158.122,-0.904569,0.370322,0.211225,-0.385265,-0.922213,-0.033060,0.182552,-0.111283,0.976878,0,0.84325,0.09311,50.595,0.186,475.000,250.000,375.000,200.000,175.000,200.000,175.000,250.000,450.000,325.000,150.000,250.000,-1,325.000,250.000,375.000,175.000,1,1,1,1,1,1,1,0,1,0,0,0,2,1,1,1,1
22,2951.699,2951.695,-64.616,-78.352,0.202413,0.978993,-0.024533,-0.979104,0.201808,-0.025073,-0.019596,0.029096,0.999385,1,0.00000,0.00000,51.186,0.144,425.000,400.000,-1,500.000,-1,375.000,450.000,200.000,150.000,-1,-1,-1,-1,600.000,950.000,625.000,-1,0,0,2,1,2,0,0,0,1,2,2,2,2,0,1,0,2
23,-4263.513,-8199.131,-441.230,-64.336,0.434643,0.897299,-0.077067,-0.900402,0.431148,-0.058195,-0.018991,0.094686,0.995326,1,0.00000,0.00000,-4.800,-0.240,225.000,300.000,-1,500.000,-1,300.000,350.000,275.000,150.000,1000.000,200.000,100.000,350.000,425.000,-1,250.000,-1,1,1,2,1,2,1,1,1,1,0,0,0,0,1,2,1,2
24,7547.914,7544.226,-122.535,12.052,0.977753,-0.208721,0.020855,0.209189,0.977591,-0.023574,-0.015468,0.027412,0.999505,1,0.08000,-0.12000,4.800,-0.240,-1,375.000,-1,375.000,800.000,300.000,300.000,325.000,300.000,-1,325.000,350.000,-1,650.000,600.000,-1,900.000,2,0,2,0,0,0,0,0,0,2,0,0,2,0,0,2,0
25,7557.319,7546.152,-122.671,11.572,0.979487,-0.200525,0.019856,0.200969,0.979311,-0.023676,-0.014697,0.027181,0.999522,0,0.16000,-0.24000,9.600,-0.480,-1,375.000,-1,375.000,800.000,300.000,300.000,325.000,300.000,-1,325.000,350.000,-1,650.000,600.000,-1,900.000,2,0,2,0,0,0,0,0,0,2,0,0,2,0,0,2,0
26,7571.461,7548.863,-122.881,10.852,0.981958,-0.188205,0.018344,0.188612,0.981763,-0.023792,-0.013532,0.026822,0.999549,0,0.24000,-0.36000,14.400,-0.720,-1,375.000,-1,375.000,800.000,300.000,300.000,325.000,300.000,-1,300.000,325.000,-1,650.000,625.000,-1,925.000,2,0,2,0,0,0,0,0,0,2,0,0,2,0,0,2,0
27,7590.376,7552.161,-123.171,9.892,0.985009,-0.171732,0.016306,0.172089,0.984792,-0.023874,-0.011958,0.026322,0.999582,0,0.32000,-0.48000,19.200,-0.960,-1,375.000,-1,375.000,800.000,300.000,300.000,325.000,300.000,-1,300.000,300.000,-1,650.000,625.000,-1,925.000,2,0,2,0,0,0,0,0,0,2,0,0,2,0,0,2,0
28,7614.100,7555.788,-123.551,8.692,0.988427,-0.151073,0.013727,0.151368,0.988189,-0.023861,-0.009961,0.025663,0.999621,0,0.40000,-0.60000,24.000,-1.200,-1,375.000,-1,375.000,825.000,325.000,300.000,325.000,300.000,-1,275.000,300.000,-1,650.000,625.000,-1,925.000,2,0,2,0,0,0,0,0,0,2,0,0,2,0,0,2,0
29,7642.670,7559.424,-124.029,7.252,0.991949,-0.126195,0.010594,0.126415,0.991695,-0.023672,-0.007519,0.024821,0.999664,0,0.48000,-0.72000,28.800,-1.440,-1,375.000,-1,375.000,825.000,325.000,325.000,325.000,300.000,-1,275.000,275.000,-1,675.000,625.000,-1,950.000,2,0,2,0,0,0,0,0,0,2,0,0,2,0,0,2,1
30,7676.103,7562.769,-124.621,5.714,0.995010,-0.099538,0.006911,0.099673,0.994748,-0.023266,-0.004558,0.023839,0.999705,0,0.56000,-0.76890,33.600,-1.538,-1,375.000,-1,375.000,850.000,325.000,325.000,325.000,300.000,-1,250.000,250.000,-1,675.000,625.000,-1,950.000,2,0,2,0,0,0,0,0,0,2,0,0,2,0,0,2,1
31,7714.402,7565.559,-125.337,4.167,0.997355,-0.072638,0.002681,0.072680,0.997099,-0.022604,-0.001032,0.022739,0.999741,0,0.64000,-0.77379,38.400,-1.548,-1,375.000,-1,375.000,875.000,325.000,325.000,300.000,300.000,-1,225.000,250.000,-1,675.000,625.000,-1,925.000,2,0,2,0,0,0,0,0,0,2,0,0,2,0,0,2,1
32,7757.557,7567.524,-126.179,2.607,0.998963,-0.045472,-0.002094,0.045416,0.998734,-0.021622,0.003075,0.021505,0.999764,0,0.72000,-0.77987,43.200,-1.560,-1,375.000,-1,375.000,900.000,325.000,325.000,300.000,300.000,-1,200.000,225.000,-1,675.000,625.000,-1,900.000,2,0,2,0,0,0,0,0,0,2,0,0,2,0,0,2,1
33,7805.549,7568.389,-127.150,1.033,0.999810,-0.018016,-0.007413,0.017863,0.999635,-0.020250,0.007775,0.020114,0.999767,0,0.80000,-0.78717,48.000,-1.574,-1,375.000,-1,375.000,925.000,325.000,325.000,300.000,300.000,-1,200.000,225.000,-1,700.000,625.000,-1,875.000,2,0,2,0,1,0,0,0,0,2,0,0,2,0,0,2,1
34,7858.347,7567.873,-128.250,-0.559,0.999864,0.009753,-0.013267,-0.009996,0.999781,-0.018412,0.013085,0.018542,0.999742,0,0.88000,-0.79571,52.800,-1.591,-1,375.000,-1,375.000,875.000,325.000,325.000,300.000,300.000,-1,175.000,200.000,-1,700.000,650.000,-1,850.000,2,0,2,0,1,0,0,0,0,2,0,0,2,0,0,2,1
35,7915.906,7565.692,-127.117,-2.170,0.999162,0.037859,-0.015539,-0.038130,0.999118,-0.017562,0.014860,0.018140,0.999725,0,0.96000,-0.80557,57.600,-1.611,-1,375.000,-1,375.000,825.000,325.000,300.000,300.000,300.000,-1,225.000,250.000,-1,700.000,650.000,-1,800.000,2,0,2,0,1,0,0,0,0,2,0,0,2,0,0,2,1
36,7975.774,7561.712,-125.584,-3.804,0.997636,0.066328,-0.017955,-0.066615,0.997652,-0.015928,0.016857,0.017087,0.999712,0,1.00000,-0.81680,60.000,-1.634,-1,375.000,-1,375.000,800.000,325.000,325.000,300.000,300.000,-1,275.000,300.000,-1,725.000,650.000,-1,775.000,2,0,2,0,1,0,0,0,0,2,0,0,2,0,1,2,1
37,8035.502,7556.001,-124.076,-5.461,0.995254,0.095160,-0.020365,-0.095454,0.995335,-0.014022,0.018935,0.015900,0.999694,0,1.00000,-0.82878,60.000,-1.658,-1,400.000,-1,375.000,750.000,325.000,325.000,300.000,300.000,-1,300.000,325.000,-1,725.000,625.000,-1,725.000,2,0,2,0,1,0,0,0,0,2,0,0,2,0,1,2,1
38,8095.036,7548.540,-122.586,-7.143,0.991980,0.124331,-0.022741,-0.124621,0.992134,-0.011833,0.021091,0.014572,0.999671,0,1.00000,-0.84084,60.000,-1.682,-1,400.000,-1,375.000,700.000,325.000,325.000,300.000,300.000,-1,350.000,375.000,-1,750.000,575.000,-1,675.000,2,0,2,0,1,0,0,0,0,2,0,0,2,0,1,2,1
39,8154.322,7539.310,-121.110,-8.849,0.987782,0.153815,-0.025058,-0.154088,0.988013,-0.009352,0.023319,0.013099,0.999642,0,1.00000,-0.85298,60.000,-1.706,-1,400.000,-1,375.000,650.000,325.000,300.000,300.000,300.000,-1,400.000,400.000,-1,750.000,550.000,-1,650.000,2,0,2,0,1,0,0,0,0,2,0,0,2,0,1,2,1
40,8213.303,7528.294,-119.645,-10.579,0.982625,0.183584,-0.027285,-0.183825,0.982937,-0.006572,0.025613,0.011474,0.999606,0,1.00000,-0.86523,60.000,-1.730,-1,400.000,-1,375.000,600.000,325.000,300.000,300.000,300.000,-1,425.000,450.000,-1,775.000,525.000,-1,600.000,2,0,2,0,1,0,0,0,0,2,0,0,2,0,1,2,1
41,8271.918,7515.477,-118.186,-12.335,0.976477,0.213609,-0.029392,-0.213801,0.976871,-0.003490,0.027967,0.009692,0.999562,0,1.00000,-0.87761,60.000,-1.755,-1,400.000,950.000,375.000,575.000,325.000,300.000,300.000,300.000,-1,450.000,475.000,-1,775.000,500.000,-1,550.000,2,0,1,1,1,1,0,0,0,2,0,0,2,0,1,2,1
42,8330.142,7500.986,-116.722,-13.975,0.969895,0.241494,-0.031363,-0.241617,0.970372,-0.000136,0.030401,0.007710,0.999508,0,1.00000,-0.82030,60.000,-1.641,-1,400.000,850.000,350.000,525.000,300.000,300.000,300.000,300.000,-1,425.000,500.000,-1,800.000,475.000,-1,525.000,2,1,1,1,1,1,1,0,0,2,0,0,2,0,1,2,1
43,8387.923,7484.819,-115.251,-15.632,0.962443,0.269452,-0.033163,-0.269487,0.962998,0.003499,0.032878,0.005569,0.999444,0,1.00000,-0.82840,60.000,-1.657,-1,400.000,775.000,325.000,475.000,300.000,275.000,275.000,300.000,-1,375.000,500.000,-1,775.000,450.000,-1,475.000,2,1,1,1,1,1,1,0,0,2,0,0,2,1,1,2,1
44,8445.207,7466.971,-113.641,-17.305,0.954113,0.297449,-0.034521,-0.297396,0.954730,0.006794,0.034980,0.003784,0.999381,0,1.00000,-0.83632,60.000,-1.673,-1,375.000,675.000,300.000,425.000,275.000,275.000,275.000,300.000,-1,375.000,475.000,-1,650.000,400.000,-1,425.000,2,1,1,1,1,1,1,0,0,2,0,0,2,1,1,2,1
45,8501.941,7447.444,-111.813,-18.993,0.944919,0.325446,-0.034834,-0.325328,0.945557,0.009187,0.035928,0.002652,0.999351,0,1.00000,-0.84405,60.000,-1.688,-1,350.000,600.000,275.000,375.000,275.000,250.000,275.000,300.000,-1,375.000,500.000,-1,575.000,375.000,-1,375.000,2,1,1,1,1,1,1,0,0,2,0,0,2,1,1,2,1
46,8553.665,7428.166,-110.160,-20.441,0.936387,0.349239,-0.034819,-0.349045,0.937033,0.011691,0.036709,0.001206,0.999325,0,0.92000,-0.72405,55.200,-1.448,-1,300.000,525.000,250.000,350.000,250.000,225.000,275.000,300.000,-1,400.000,500.000,-1,500.000,325.000,-1,325.000,2,1,1,1,1,1,1,0,0,2,0,0,2,1,1,2,1
47,8600.510,7409.572,-108.470,-21.649,0.928812,0.368918,-0.034760,-0.368649,0.929462,0.014087,0.037505,-0.000270,0.999296,0,0.84000,-0.60405,50.400,-1.208,-1,275.000,475.000,225.000,300.000,225.000,200.000,275.000,300.000,-1,425.000,525.000,-1,425.000,300.000,-1,300.000,2,1,1,1,1,1,1,0,0,2,0,0,2,1,1,2,1
48,8642.603,7392.036,-105.795,-22.617,0.922297,0.384569,-0.038399,-0.384307,0.923095,0.014291,0.040942,0.001577,0.999160,0,0.76000,-0.48405,45.600,-0.968,-1,275.000,425.000,225.000,275.000,200.000,200.000,300.000,300.000,-1,425.000,500.000,-1,400.000,275.000,-1,250.000,2,1,1,1,1,1,1,0,0,2,0,0,2,1,1,2,1
49,8680.064,7375.867,-100.996,-23.345,0.917008,0.396266,-0.045502,-0.395566,0.918128,0.023852,0.051228,-0.003873,0.998679,0,0.68000,-0.36405,40.800,-0.728,-1,250.000,425.000,200.000,250.000,200.000,175.000,300.000,300.000,-1,350.000,450.000,-1,375.000,275.000,-1,250.000,2,1,1,1,1,1,1,0,1,2,0,0,2,1,1,2,1
50,8712.996,7361.319,-95.888,-23.833,0.913186,0.404053,-0.053223,-0.402656,0.914673,0.035239,0.062920,-0.010749,0.997961,0,0.60000,-0.24405,36.000,-0.488,-1,250.000,400.000,200.000,250.000,200.000,175.000,300.000,325.000,925.000,300.000,400.000,-1,375.000,275.000,-1,225.000,2,1,1,1,1,1,1,0,1,0,0,0,2,1,1,2,1
51,8741.482,7348.587,-91.153,-24.081,0.910988,0.407972,-0.060493,-0.405747,0.912831,0.045930,0.073958,-0.017297,0.997111,0,0.52000,-0.12405,31.200,-0.248,-1,250.000,400.000,200.000,225.000,200.000,175.000,300.000,325.000,825.000,250.000,350.000,-1,375.000,250.000,-1,225.000,2,1,1,1,1,1,1,0,1,0,0,0,2,1,1,2,1
52,8765.584,7337.811,-86.928,-24.089,0.910499,0.408048,-0.066998,-0.404909,0.912654,0.055788,0.083910,-0.023667,0.996192,0,0.44000,-0.00405,26.400,-0.008,-1,250.000,400.000,200.000,225.000,200.000,175.000,300.000,325.000,750.000,225.000,325.000,-1,375.000,250.000,-1,225.000,2,1,1,1,1,1,1,0,1,0,0,0,2,1,1,2,1
53,8785.340,7329.074,-83.332,-23.858,0.911756,0.404283,-0.072496,-0.400198,0.914143,0.064677,0.092420,-0.029957,0.995269,0,0.36000,0.11595,21.600,0.232,-1,250.000,400.000,200.000,225.000,200.000,175.000,300.000,325.000,675.000,200.000,325.000,-1,375.000,250.000,-1,225.000,2,1,1,1,1,1,1,0,1,0,0,0,2,1,1,2,1
54,-6887.306,9511.035,99.597,46.126,0.692440,-0.719293,-0.056082,0.721370,0.691573,0.036760,0.012344,-0.065909,0.997749,1,0.00000,0.00000,16.800,0.472,-1,400.000,-1,350.000,-1,325.000,300.000,275.000,275.000,425.000,550.000,700.000,-1,725.000,650.000,-1,-1,2,0,2,0,2,0,0,0,0,1,1,1,2,0,0,2,2
55,-6883.994,9514.508,99.619,46.366,0.689410,-0.722181,-0.056285,0.724265,0.688552,0.036551,0.012359,-0.065964,0.997745,0,0.08000,0.12000,4.800,0.240,-1,400.000,-1,350.000,-1,325.000,300.000,275.000,275.000,425.000,575.000,700.000,-1,725.000,650.000,-1,-1,2,0,2,0,2,0,0,0,0,1,1,1,2,0,0,2,2
56,-6877.428,9521.512,99.655,46.846,0.683317,-0.727919,-0.056679,0.730017,0.682473,0.036131,0.012382,-0.066066,0.997738,0,0.16000,0.24000,9.600,0.480,-1,400.000,-1,350.000,-1,325.000,300.000,275.000,275.000,425.000,575.000,725.000,-1,725.000,650.000,-1,-1,2,0,2,0,2,0,0,0,0,1,1,1,2,0,0,2,2
57,-6867.669,9532.100,99.739,47.333,0.677064,-0.733694,-0.057247,0.735815,0.676252,0.035488,0.012676,-0.066151,0.997729,0,0.24000,0.24372,14.400,0.487,-1,400.000,-1,350.000,-1,325.000,300.000,275.000,275.000,450.000,600.000,750.000,-1,725.000,650.000,-1,-1,2,0,2,0,2,0,0,0,0,1,1,1,2,0,0,2,2
58,-6854.776,9546.327,99.862,47.817,0.670787,-0.739381,-0.057976,0.741532,0.670024,0.034620,0.013247,-0.066214,0.997718,0,0.32000,0.24212,19.200,0.484,-1,400.000,-1,375.000,-1,325.000,300.000,275.000,275.000,450.000,600.000,750.000,-1,725.000,650.000,-1,-1,2,0,2,0,2,0,0,0,0,1,0,0,2,0,0,2,2
59,-6838.811,9564.246,100.395,48.297,0.664554,-0.744896,-0.059146,0.747128,0.663743,0.035291,0.012969,-0.067642,0.997625,0,0.40000,0.23999,24.000,0.480,-1,400.000,-1,375.000,-1,325.000,300.000,275.000,275.000,475.000,625.000,775.000,-1,725.000,650.000,-1,-1,2,0,2,0,2,0,0,0,0,1,0,0,2,0,0,2,2
60,-6819.831,9585.907,101.007,48.772,0.658336,-0.750277,-0.060645,0.752616,0.657469,0.036105,0.012784,-0.069411,0.997506,0,0.48000,0.23732,28.800,0.475,-1,400.000,-1,375.000,-1,325.000,300.000,275.000,275.000,475.000,650.000,800.000,-1,725.000,650.000,-1,-1,2,0,2,0,2,0,0,0,0,1,0,0,2,0,0,2,2
61,-6798.896,9610.198,101.641,49.240,0.652151,-0.755521,-0.062354,0.757983,0.651227,0.036950,0.012690,-0.071360,0.997370,0,0.53446,0.23409,32.067,0.468,975.000,400.000,-1,375.000,-1,325.000,300.000,275.000,275.000,500.000,675.000,850.000,-1,725.000,675.000,-1,-1,1,0,2,0,2,0,0,0,0,1,0,0,2,0,0,2,2
62,-6778.101,9634.722,102.238,49.701,0.646020,-0.760629,-0.064051,0.763217,0.645038,0.037767,0.012589,-0.073283,0.997232,0,0.53590,0.23047,32.154,0.461,950.000,400.000,-1,375.000,-1,325.000,300.000,275.000,275.000,525.000,700.000,875.000,-1,725.000,675.000,975.000,-1,1,0,2,0,2,0,0,0,0,1,0,0,2,0,0,1,2
63,-6757.443,9659.479,102.798,50.155,0.639946,-0.765603,-0.065738,0.768319,0.638905,0.038557,0.012481,-0.075182,0.997092,0,0.53741,0.22681,32.245,0.454,925.000,400.000,-1,375.000,-1,325.000,300.000,275.000,275.000,550.000,700.000,900.000,-1,725.000,675.000,950.000,-1,1,0,2,0,2,0,0,0,0,1,0,0,2,0,0,1,2
64,-6736.917,9684.471,103.323,50.601,0.633932,-0.770445,-0.067414,0.773290,0.632832,0.039320,0.012368,-0.077057,0.996950,0,0.53901,0.22310,32.340,0.446,900.000,375.000,-1,375.000,-1,325.000,325.000,275.000,275.000,575.000,725.000,925.000,-1,700.000,675.000,925.000,-1,1,0,2,0,2,0,0,0,0,1,0,0,2,0,0,1,2
65,-6716.521,9709.697,103.811,51.040,0.627983,-0.775155,-0.069079,0.778131,0.626823,0.040060,0.012248,-0.078909,0.996807,0,0.54067,0.21936,32.440,0.439,875.000,375.000,-1,375.000,-1,325.000,325.000,300.000,275.000,575.000,725.000,950.000,-1,700.000,675.000,900.000,-1,1,0,2,0,2,0,0,0,0,1,0,0,2,0,0,1,2
66,-6696.250,9735.157,104.263,51.471,0.622101,-0.779736,-0.070734,0.782843,0.620881,0.040775,0.012124,-0.080740,0.996661,0,0.54241,0.21558,32.545,0.431,825.000,375.000,-1,375.000,-1,325.000,325.000,300.000,275.000,600.000,750.000,975.000,-1,700.000,675.000,850.000,-1,1,0,2,0,2,0,0,0,0,1,0,0,2,0,0,1,2
67,-6676.100,9760.852,104.783,51.894,0.616269,-0.784214,-0.072255,0.787440,0.615031,0.040942,0.012331,-0.082128,0.996546,0,0.54422,0.21176,32.653,0.424,800.000,375.000,-1,375.000,-1,325.000,325.000,300.000,275.000,625.000,725.000,1000.000,-1,700.000,700.000,825.000,-1,1,0,2,0,2,0,0,0,0,1,0,0,2,0,0,1,2
68,-6656.069,9786.781,105.328,52.310,0.610497,-0.788583,-0.073684,0.791916,0.609266,0.040785,0.012731,-0.083251,0.996447,0,0.54610,0.20790,32.766,0.416,775.000,375.000,-1,375.000,-1,325.000,325.000,300.000,275.000,650.000,725.000,1000.000,-1,700.000,700.000,800.000,-1,1,0,2,0,2,0,0,0,0,1,0,0,2,0,0,1,2
69,-6636.151,9812.945,105.838,52.718,0.604802,-0.792828,-0.075092,0.796268,0.603579,0.040610,0.013127,-0.084354,0.996349,0,0.54804,0.20400,32.882,0.408,750.000,375.000,-1,375.000,-1,325.000,325.000,300.000,275.000,650.000,700.000,1000.000,-1,700.000,700.000,775.000,-1,1,0,2,0,2,0,0,0,0,1,0,0,2,0,0,1,2
70,-6616.345,9839.343,106.337,53.118,0.599178,-0.796944,-0.076593,0.800500,0.597968,0.040414,0.013592,-0.085528,0.996243,0,0.55004,0.20006,33.003,0.400,725.000,375.000,-1,375.000,-1,325.000,325.000,300.000,275.000,675.000,700.000,1000.000,-1,725.000,725.000,750.000,-1,1,0,2,0,2,0,0,0,0,1,0,0,2,1,0,1,2
71,-6595.760,9867.175,106.877,53.510,0.593616,-0.800921,-0.078395,0.804622,0.592426,0.040177,0.014264,-0.086928,0.996112,0,0.57697,0.19611,34.618,0.392,700.000,375.000,-1,375.000,-1,325.000,325.000,300.000,275.000,700.000,675.000,1000.000,-1,700.000,725.000,725.000,-1,1,0,2,0,2,0,0,0,0,1,0,0,2,1,0,1,2
72,-6575.364,9895.146,107.379,53.898,0.588093,-0.804810,-0.080172,0.808656,0.586926,0.039923,0.014925,-0.088310,0.995981,0,0.57696,0.19371,34.617,0.387,675.000,375.000,1000.000,375.000,-1,325.000,325.000,300.000,275.000,725.000,675.000,975.000,-1,675.000,750.000,675.000,-1,1,0,1,0,2,0,0,0,0,1,0,0,2,1,0,1,2
73,-6552.288,9927.102,107.891,54.165,0.584205,-0.807439,-0.082135,0.811448,0.583091,0.039468,0.016025,-0.089706,0.995839,0,0.65696,0.13369,39.417,0.267,625.000,375.000,975.000,400.000,-1,325.000,325.000,300.000,275.000,725.000,650.000,975.000,-1,650.000,750.000,650.000,-1,1,0,1,0,2,0,0,0,0,1,0,0,2,1,0,1,2
74,-6528.444,9960.455,108.338,54.437,0.580220,-0.810106,-0.084104,0.814276,0.579180,0.038792,0.017286,-0.090991,0.995702,0,0.68332,0.13610,40.999,0.272,600.000,375.000,925.000,400.000,-1,325.000,325.000,300.000,300.000,750.000,625.000,900.000,-1,625.000,775.000,625.000,-1,1,0,1,0,2,0,0,0,0,1,0,0,2,1,0,1,2
75,-6504.614,9994.132,108.739,54.715,0.576145,-0.812804,-0.086060,0.817137,0.575183,0.038090,0.018540,-0.092269,0.995562,0,0.68759,0.13871,41.255,0.277,550.000,375.000,875.000,400.000,-1,325.000,325.000,300.000,300.000,775.000,600.000,875.000,-1,600.000,775.000,575.000,-1,1,0,1,0,2,0,0,0,0,1,0,0,2,1,0,1,2
76,-6480.804,10028.134,109.131,54.998,0.571987,-0.815548,-0.087822,0.820027,0.571104,0.037375,0.019674,-0.093395,0.995435,0,0.69184,0.14141,41.510,0.283,525.000,375.000,825.000,400.000,-1,325.000,325.000,300.000,300.000,800.000,600.000,850.000,-1,550.000,800.000,550.000,-1,1,0,1,0,2,0,0,0,0,1,0,0,2,1,0,1,2
77,-6457.021,10062.463,110.030,55.286,0.567852,-0.818431,-0.087836,0.822895,0.567004,0.036758,0.019720,-0.093153,0.995457,0,0.69605,0.14422,41.763,0.288,500.000,400.000,800.000,400.000,-1,325.000,325.000,300.000,300.000,825.000,625.000,875.000,-1,525.000,825.000,500.000,-1,1,0,1,0,2,0,0,0,0,1,0,0,2,1,0,1,2
78,-6430.859,10100.980,111.015,55.814,0.560248,-0.823627,-0.088090,0.828093,0.559432,0.036028,0.019607,-0.093132,0.995461,0,0.77605,0.26422,46.563,0.528,450.000,400.000,725.000,400.000,-1,325.000,325.000,300.000,300.000,850.000,675.000,925.000,-1,500.000,850.000,475.000,-1,1,0,1,0,2,0,0,0,0,1,0,0,2,1,0,1,2
79,-6402.572,10143.851,111.972,56.583,0.549136,-0.831064,-0.088220,0.835514,0.548341,0.035190,0.019130,-0.093033,0.995479,0,0.85605,0.38422,51.363,0.768,400.000,400.000,675.000,400.000,-1,325.000,325.000,300.000,300.000,875.000,725.000,975.000,-1,450.000,800.000,425.000,-1,1,0,1,0,2,0,0,0,0,1,0,0,2,1,1,1,2
80,-6372.472,10191.266,112.849,57.591,0.534425,-0.840604,-0.088171,0.845018,0.533641,0.034225,0.018282,-0.092797,0.995517,0,0.93605,0.50422,56.163,1.008,350.000,375.000,600.000,400.000,-1,325.000,325.000,300.000,300.000,925.000,800.000,-1,-1,400.000,700.000,375.000,-1,1,1,1,0,2,0,0,0,0,1,0,2,2,1,1,1,2
81,-6342.895,10240.179,113.544,58.840,0.516006,-0.852064,-0.087894,0.856416,0.515219,0.033181,0.017012,-0.092395,0.995577,0,0.95269,0.62422,57.162,1.248,325.000,325.000,550.000,400.000,-1,325.000,325.000,300.000,300.000,950.000,850.000,-1,-1,375.000,625.000,325.000,900.000,1,1,1,0,2,0,0,0,0,1,0,2,2,1,1,1,1
82,-6314.414,10290.169,114.024,60.328,0.493744,-0.865208,-0.087363,0.869472,0.492940,0.032060,0.015326,-0.091789,0.995660,0,0.95891,0.74422,57.535,1.488,275.000,275.000,475.000,425.000,-1,300.000,325.000,300.000,300.000,1000.000,925.000,-1,-1,325.000,550.000,275.000,750.000,1,1,1,0,2,1,0,0,0,1,0,2,2,1,1,1,1
83,-6287.272,10341.338,114.428,62.057,0.467534,-0.879777,-0.086047,0.883883,0.466669,0.031157,0.012744,-0.090623,0.995804,0,0.96540,0.86422,57.924,1.728,225.000,250.000,400.000,400.000,-1,250.000,300.000,300.000,300.000,-1,-1,-1,-1,275.000,450.000,225.000,625.000,1,1,1,1,2,1,1,0,0,2,2,2,2,1,1,1,1
84,-6261.723,10393.776,114.826,64.025,0.437233,-0.895414,-0.084031,0.899303,0.436236,0.030862,0.009023,-0.089063,0.995985,0,0.97221,0.98422,58.332,1.968,175.000,200.000,325.000,325.000,-1,200.000,250.000,300.000,300.000,-1,-1,-1,-1,225.000,375.000,175.000,500.000,1,1,1,1,2,1,1,0,0,2,2,2,2,1,1,1,1
85,-6237.824,10447.457,120.349,66.025,0.404859,-0.911775,-0.068968,0.914092,0.405468,0.005546,0.022907,-0.065288,0.997603,0,0.97936,1.00000,58.762,2.000,150.000,175.000,275.000,275.000,600.000,175.000,225.000,350.000,275.000,-1,525.000,350.000,-1,200.000,325.000,150.000,425.000,1,1,1,1,1,1,1,0,0,2,0,0,2,1,1,1,1
86,-6215.651,10502.349,129.148,68.025,0.372558,-0.927021,-0.042819,0.926735,0.374067,-0.035149,0.048601,-0.026587,0.998464,0,0.98666,1.00000,59.200,2.000,150.000,150.000,250.000,225.000,450.000,150.000,200.000,450.000,250.000,-1,325.000,150.000,575.000,175.000,275.000,125.000,350.000,1,1,1,1,1,1,1,0,0,2,0,0,0,1,1,1,1
87,-6194.920,10558.658,138.253,69.785,0.345597,-0.938300,-0.012491,0.935266,0.345503,-0.076850,0.076424,0.014877,0.996964,0,1.00000,0.88000,60.000,1.760,150.000,150.000,225.000,200.000,350.000,125.000,150.000,575.000,250.000,-1,250.000,75.000,350.000,150.000,225.000,125.000,275.000,1,1,1,1,1,1,1,0,0,2,0,0,0,1,1,1,1
88,-9511.018,4919.491,169.384,149.646,-0.862960,-0.505257,0.003820,0.505056,-0.862788,-0.022678,0.014754,-0.017641,0.999736,1,0.00000,0.00000,60.000,1.520,-1,375.000,-1,375.000,-1,300.000,300.000,300.000,275.000,-1,500.000,625.000,-1,650.000,700.000,-1,-1,2,0,2,0,2,0,0,0,0,2,0,0,2,0,0,2,2
89,-9506.869,4917.076,169.322,149.796,-0.864274,-0.503008,0.003680,0.502813,-0.864103,-0.022465,0.014480,-0.017566,0.999741,0,-0.08000,0.07465,-4.800,0.149,-1,375.000,-1,375.000,-1,300.000,300.000,300.000,275.000,-1,500.000,650.000,-1,650.000,700.000,-1,-1,2,0,2,0,2,0,0,0,0,2,0,0,2,0,0,2,2
90,-9498.561,4912.267,169.183,149.941,-0.865551,-0.500810,0.003429,0.500626,-0.865383,-0.022040,0.014005,-0.017360,0.999751,0,-0.16000,0.07289,-9.600,0.146,-1,375.000,-1,375.000,-1,300.000,300.000,300.000,275.000,-1,525.000,675.000,-1,650.000,700.000,-1,-1,2,0,2,0,2,0,0,0,0,2,0,0,2,0,0,2,2
91,-9489.171,4906.863,169.024,150.080,-0.866760,-0.498715,0.003152,0.498543,-0.866597,-0.021558,0.013482,-0.017114,0.999763,0,-0.18056,0.06937,-10.834,0.139,-1,375.000,-1,375.000,-1,300.000,300.000,300.000,275.000,-1,575.000,725.000,-1,650.000,700.000,-1,-1,2,0,2,0,2,0,0,0,0,2,0,0,2,0,0,2,2
92,-9479.642,4901.409,168.861,150.211,-0.867896,-0.496738,0.002873,0.496577,-0.867737,-0.021066,0.012958,-0.016857,0.999774,0,-0.18300,0.06540,-10.980,0.131,-1,375.000,-1,375.000,-1,300.000,300.000,300.000,275.000,-1,625.000,800.000,-1,650.000,700.000,-1,-1,2,0,2,0,2,0,0,0,0,2,0,0,2,0,0,2,2
93,-9469.973,4895.901,168.695,150.334,-0.868958,-0.494880,0.002595,0.494730,-0.868803,-0.020565,0.012432,-0.016587,0.999785,0,-0.18546,0.06137,-11.127,0.123,-1,375.000,-1,375.000,-1,300.000,300.000,300.000,275.000,-1,700.000,875.000,-1,650.000,700.000,-1,-1,2,0,2,0,2,0,0,0,0,2,0,0,2,0,0,2,2
94,-9460.163,4890.339,168.524,150.448,-0.869945,-0.493143,0.002317,0.493005,-0.869795,-0.020054,0.011905,-0.016304,0.999796,0,-0.18794,0.05730,-11.276,0.115,-1,375.000,-1,375.000,-1,300.000,300.000,300.000,275.000,-1,775.000,975.000,-1,650.000,700.000,-1,-1,2,0,2,0,2,0,0,0,0,2,0,0,2,0,0,2,2
95,-9450.213,4884.722,168.350,150.555,-0.870858,-0.491531,0.002039,0.491403,-0.870713,-0.019533,0.011376,-0.016008,0.999807,0,-0.19044,0.05317,-11.427,0.106,-1,375.000,-1,375.000,-1,300.000,300.000,300.000,275.000,-1,825.000,-1,-1,650.000,700.000,-1,-1,2,0,2,0,2,0,0,0,0,2,0,2,2,0,0,2,2
96,-9440.120,4879.048,168.172,150.653,-0.871696,-0.490043,0.001762,0.489926,-0.871557,-0.019001,0.010847,-0.015699,0.999818,0,-0.19297,0.04899,-11.578,0.098,-1,375.000,-1,375.000,-1,300.000,300.000,300.000,275.000,-1,850.000,-1,-1,650.000,700.000,-1,-1,2,0,2,0,2,0,0,0,0,2,0,2,2,0,0,2,2
97,-9429.886,4873.315,167.989,150.742,-0.872460,-0.488684,0.001487,0.488577,-0.872326,-0.018457,0.010317,-0.015376,0.999829,0,-0.19551,0.04475,-11.730,0.090,-1,375.000,-1,375.000,-1,300.000,300.000,300.000,275.000,-1,875.000,-1,-1,650.000,700.000,-1,-1,2,0,2,0,2,0,0,0,0,2,0,2,2,0,0,2,2
98,-9419.510,4867.521,167.803,150.823,-0.873148,-0.487453,0.001214,0.487357,-0.873020,-0.017901,0.009786,-0.015039,0.999839,0,-0.19806,0.04047,-11.884,0.081,-1,375.000,-1,375.000,-1,300.000,300.000,300.000,275.000,-1,900.000,-1,-1,650.000,700.000,-1,-1,2,0,2,0,2,0,0,0,0,2,0,2,2,0,0,2,2
99,-9408.992,4861.666,167.611,150.895,-0.873761,-0.486354,0.000944,0.486267,-0.873638,-0.017333,0.009254,-0.014686,0.999849,0,-0.20064,0.03613,-12.038,0.072,-1,375.000,-1,375.000,-1,300.000,300.000,300.000,275.000,-1,925.000,-1,-1,675.000,700.000,-1,-1,2,0,2,0,2,0,0,0,0,2,0,2,2,0,0,2,2
100,-9398.332,4855.747,167.482,150.959,-0.874299,-0.485387,0.000389,0.485312,-0.874178,-0.016871,0.008529,-0.014561,0.999858,0,-0.20323,0.03175,-12.194,0.063,-1,375.000,-1,375.000,-1,300.000,300.000,300.000,275.000,-1,975.000,-1,-1,650.000,700.000,-1,-1,2,0,2,0,2,0,0,0,0,2,0,2,2,0,0,2,2
101,-9387.529,4849.762,167.357,151.013,-0.874761,-0.484554,-0.000207,0.484492,-0.874642,-0.016414,0.007772,-0.014458,0.999865,0,-0.20583,0.02731,-12.350,0.055,-1,375.000,-1,375.000,-1,300.000,300.000,300.000,275.000,-1,-1,-1,-1,650.000,675.000,-1,-1,2,0,2,0,2,0,0,0,0,2,2,2,2,0,0,2,2
102,-9376.585,4843.710,167.231,151.059,-0.875146,-0.483858,-0.000810,0.483808,-0.875029,-0.015948,0.007008,-0.014349,0.999872,0,-0.20844,0.02282,-12.506,0.046,-1,375.000,-1,375.000,-1,300.000,300.000,300.000,275.000,-1,-1,-1,-1,650.000,675.000,-1,-1,2,0,2,0,2,0,0,0,0,2,2,2,2,0,0,2,2
103,-9365.499,4837.589,167.102,151.096,-0.875453,-0.483300,-0.001419,0.483262,-0.875339,-0.015473,0.006236,-0.014232,0.999879,0,-0.21105,0.01828,-12.663,0.037,-1,375.000,-1,375.000,-1,300.000,300.000,300.000,275.000,-1,-1,1000.000,-1,650.000,675.000,-1,-1,2,0,2,0,2,0,0,0,0,2,2,1,2,0,0,2,2
104,-9354.272,4831.398,166.971,151.123,-0.875683,-0.482883,-0.002035,0.482856,-0.875571,-0.014989,0.005456,-0.014108,0.999886,0,-0.21368,0.01369,-12.821,0.027,-1,375.000,-1,375.000,-1,300.000,300.000,300.000,275.000,-1,-1,1000.000,-1,650.000,675.000,-1,-1,2,0,2,0,2,0,0,0,0,2,2,1,2,0,0,2,2
105,-9342.906,4825.134,166.857,151.141,-0.875833,-0.482606,-0.002641,0.482590,-0.875725,-0.014582,0.004725,-0.014046,0.999890,0,-0.21630,0.00906,-12.978,0.018,-1,375.000,-1,375.000,-1,300.000,300.000,300.000,275.000,-1,-1,975.000,-1,650.000,675.000,-1,-1,2,0,2,0,2,0,0,0,0,2,2,1,2,0,0,2,2
106,-9331.400,4818.795,166.845,151.150,-0.875907,-0.482470,-0.003168,0.482461,-0.875795,-0.014661,0.004299,-0.014370,0.999888,0,-0.21893,0.00438,-13.136,0.009,-1,375.000,-1,375.000,-1,300.000,300.000,300.000,275.000,-1,-1,975.000,-1,650.000,675.000,-1,-1,2,0,2,0,2,0,0,0,0,2,2,1,2,0,0,2,2
107,-9319.757,4812.381,166.832,151.149,-0.875900,-0.482479,-0.003699,0.482477,-0.875785,-0.014738,0.003872,-0.014694,0.999885,0,-0.22155,-0.00035,-13.293,-0.001,-1,375.000,-1,375.000,-1,300.000,300.000,300.000,275.000,-1,-1,975.000,-1,650.000,675.000,-1,-1,2,0,2,0,2,0,0,0,0,2,2,1,2,0,0,2,2
108,-9307.977,4805.888,166.819,151.139,-0.875813,-0.482633,-0.004233,0.482639,-0.875694,-0.014813,0.003442,-0.015016,0.999881,0,-0.22417,-0.00512,-13.450,-0.010,-1,375.000,-1,375.000,-1,300.000,300.000,300.000,275.000,-1,-1,950.000,-1,675.000,675.000,-1,-1,2,0,2,0,2,0,0,0,0,2,2,1,2,0,0,2,2
109,-9296.063,4799.316,166.805,151.119,-0.875644,-0.482934,-0.004770,0.482949,-0.875522,-0.014884,0.003011,-0.015337,0.999878,0,-0.22678,-0.00994,-13.607,-0.020,-1,375.000,-1,375.000,-1,300.000,300.000,300.000,275.000,-1,1000.000,950.000,-1,675.000,675.000,-1,-1,2,0,2,0,2,0,0,0,0,2,1,1,2,0,0,2,2
110,-9284.015,4792.663,166.790,151.089,-0.875392,-0.483384,-0.005312,0.483406,-0.875268,-0.014952,0.002578,-0.015657,0.999874,0,-0.22938,-0.01480,-13.763,-0.030,-1,375.000,-1,375.000,-1,300.000,300.000,300.000,275.000,-1,1000.000,925.000,1000.000,675.000,675.000,-1,-1,2,0,2,0,2,0,0,0,0,2,1,1,1,0,0,2,2
111,-9271.836,4785.926,166.775,151.050,-0.875058,-0.483983,-0.005856,0.484014,-0.874931,-0.015016,0.002144,-0.015974,0.999870,0,-0.23197,-0.01970,-13.918,-0.039,-1,375.000,-1,375.000,-1,300.000,300.000,300.000,275.000,-1,975.000,925.000,1000.000,675.000,675.000,-1,-1,2,0,2,0,2,0,0,0,0,2,1,1,1,0,0,2,2
112,-9259.529,4779.104,166.758,151.001,-0.874639,-0.484733,-0.006404,0.484772,-0.874510,-0.015075,0.001707,-0.016289,0.999866,0,-0.23453,-0.02464,-14.072,-0.049,-1,375.000,-1,375.000,-1,300.000,300.000,300.000,275.000,-1,975.000,900.000,975.000,675.000,675.000,-1,-1,2,0,2,0,2,0,0,0,0,2,1,1,1,0,0,2,2
113,-9247.095,4772.195,166.714,150.942,-0.874135,-0.485635,-0.006844,0.485681,-0.874006,-0.015082,0.001343,-0.016508,0.999863,0,-0.23707,-0.02961,-14.224,-0.059,-1,375.000,-1,375.000,-1,300.000,300.000,300.000,275.000,-1,950.000,900.000,950.000,675.000,675.000,-1,-1,2,0,2,0,2,0,0,0,0,2,1,1,1,0,0,2,2
114,-9230.514,4762.868,166.634,150.642,-0.871584,-0.490191,-0.007304,0.490244,-0.871454,-0.015085,0.001030,-0.016728,0.999860,0,-0.31707,-0.14961,-19.024,-0.299,-1,375.000,-1,375.000,-1,300.000,300.000,300.000,275.000,-1,950.000,875.000,950.000,675.000,675.000,-1,-1,2,0,2,0,2,0,0,0,0,2,1,1,1,0,0,2,2
115,-9209.861,4750.993,166.534,150.103,-0.866930,-0.498368,-0.007876,0.498430,-0.866798,-0.015096,0.000696,-0.017012,0.999855,0,-0.39707,-0.26961,-23.824,-0.539,-1,375.000,-1,375.000,-1,325.000,300.000,300.000,275.000,-1,925.000,850.000,925.000,675.000,675.000,-1,-1,2,0,2,0,2,0,0,0,0,2,1,1,1,0,0,2,2
116,-9185.242,4736.390,166.406,149.324,-0.860068,-0.510108,-0.008557,0.510179,-0.859936,-0.015080,0.000334,-0.017336,0.999850,0,-0.47707,-0.38961,-28.624,-0.779,-1,375.000,-1,375.000,-1,325.000,325.000,300.000,275.000,-1,900.000,850.000,875.000,675.000,675.000,-1,-1,2,0,2,0,2,0,0,0,0,2,1,1,1,0,0,2,2
117,-9156.803,4718.829,166.242,148.305,-0.850853,-0.525320,-0.009342,0.525403,-0.850721,-0.014995,-0.000070,-0.017667,0.999844,0,-0.55707,-0.50961,-33.424,-1.019,-1,375.000,-1,375.000,-1,325.000,325.000,300.000,275.000,-1,900.000,825.000,850.000,675.000,675.000,-1,-1,2,0,2,0,2,0,0,0,0,2,1,1,1,0,0,2,2
118,-9125.970,4698.840,166.038,147.045,-0.839097,-0.543886,-0.010189,0.543981,-0.838967,-0.014806,-0.000495,-0.017966,0.999838,0,-0.61243,-0.62961,-36.746,-1.259,-1,375.000,-1,375.000,-1,325.000,325.000,300.000,275.000,-1,875.000,800.000,800.000,675.000,675.000,-1,-1,2,0,2,0,2,0,0,0,0,2,1,1,1,0,0,2,2
119,-9095.555,4677.973,165.810,145.546,-0.824574,-0.565647,-0.011024,0.565754,-0.824446,-0.014519,-0.000876,-0.018209,0.999834,0,-0.61474,-0.74961,-36.884,-1.499,-1,375.000,-1,375.000,-1,325.000,325.000,300.000,275.000,-1,875.000,775.000,775.000,675.000,675.000,-1,-1,2,0,2,0,2,0,0,0,0,2,1,1,1,0,0,2,2
120,-9065.748,4656.163,165.834,143.807,-0.807023,-0.590419,-0.010882,0.590519,-0.806913,-0.013379,-0.000882,-0.017223,0.999851,0,-0.61557,-0.86961,-36.934,-1.739,-1,375.000,-1,375.000,-1,325.000,325.000,300.000,275.000,-1,850.000,775.000,725.000,675.000,675.000,-1,-1,2,0,2,0,2,0,0,0,0,2,1,1,1,0,0,2,2
121,-9036.754,4633.369,165.935,141.828,-0.786147,-0.617951,-0.010474,0.618039,-0.786060,-0.011719,-0.000992,-0.015686,0.999876,0,-0.61469,-0.98961,-36.881,-1.979,-1,400.000,-1,375.000,-1,325.000,325.000,300.000,300.000,-1,875.000,750.000,700.000,675.000,675.000,-1,-1,2,0,2,0,2,0,0,0,0,2,1,1,1,0,0,2,2
122,-9012.146,4612.786,165.988,140.089,-0.767026,-0.641538,-0.010025,0.641615,-0.766959,-0.010166,-0.001167,-0.014230,0.999898,0,-0.53469,-0.86961,-32.081,-1.739,-1,400.000,-1,375.000,-1,325.000,325.000,300.000,300.000,-1,875.000,750.000,650.000,700.000,675.000,-1,-1,2,0,2,0,2,0,0,0,0,2,1,1,1,0,0,2,2
123,-8991.685,4594.741,166.007,138.589,-0.749976,-0.661396,-0.009567,0.661464,-0.749926,-0.008769,-0.001375,-0.012904,0.999916,0,-0.45469,-0.74961,-27.281,-1.499,-1,400.000,-1,375.000,-1,325.000,325.000,300.000,300.000,-1,-1,750.000,625.000,700.000,675.000,-1,-1,2,0,2,0,2,0,0,0,0,2,2,1,1,0,0,2,2
124,-8975.155,4579.504,166.005,137.330,-0.735257,-0.677726,-0.009130,0.677786,-0.735220,-0.007567,-0.001584,-0.011752,0.999930,0,-0.37469,-0.62961,-22.481,-1.259,-1,400.000,-1,375.000,-1,325.000,325.000,300.000,300.000,-1,-1,750.000,625.000,700.000,675.000,-1,-1,2,0,2,0,2,0,0,0,0,2,2,1,1,0,0,2,2
125,-8962.370,4567.291,165.991,136.311,-0.723084,-0.690705,-0.008746,0.690758,-0.723056,-0.006595,-0.001769,-0.010810,0.999940,0,-0.29469,-0.50961,-17.681,-1.019,-1,400.000,-1,375.000,-1,325.000,325.000,300.000,300.000,-1,-1,775.000,600.000,700.000,675.000,-1,-1,2,0,2,0,2,0,0,0,0,2,2,1,1,0,0,2,2
126,-8953.178,4558.268,165.975,135.532,-0.713623,-0.700479,-0.008442,0.700527,-0.713601,-0.005874,-0.001909,-0.010106,0.999947,0,-0.21469,-0.38961,-12.881,-0.779,-1,400.000,-1,375.000,-1,325.000,325.000,300.000,300.000,-1,-1,775.000,600.000,700.000,650.000,-1,-1,2,0,2,0,2,0,0,0,0,2,2,1,1,0,0,2,2
127,-8947.464,4552.553,165.963,134.992,-0.706999,-0.707167,-0.008239,0.707212,-0.706981,-0.005423,-0.001989,-0.009661,0.999951,0,-0.13469,-0.26961,-8.081,-0.539,-1,400.000,-1,375.000,-1,325.000,325.000,300.000,300.000,-1,-1,775.000,575.000,700.000,650.000,-1,-1,2,0,2,0,2,0,0,0,0,2,2,1,1,0,0,2,2
128,-8945.160,4550.217,165.960,134.609,-0.702252,-0.711882,-0.008149,0.711925,-0.702235,-0.005267,-0.001974,-0.009500,0.999953,0,-0.05469,-0.19164,-3.281,-0.383,-1,400.000,-1,375.000,-1,325.000,325.000,300.000,300.000,-1,-1,775.000,575.000,700.000,650.000,-1,-1,2,0,2,0,2,0,0,0,0,2,2,1,1,0,0,2,2
129,-8946.219,4551.305,165.971,134.224,-0.697454,-0.716583,-0.008178,0.716628,-0.697435,-0.005435,-0.001809,-0.009652,0.999952,0,0.02531,-0.19251,1.519,-0.385,-1,400.000,-1,375.000,-1,325.000,325.000,300.000,300.000,-1,-1,800.000,575.000,700.000,650.000,-1,-1,2,0,2,0,2,0,0,0,0,2,2,1,1,0,0,2,2
