timestep,x_cm,y_cm,z_cm,yaw_deg,basis_xx,basis_xy,basis_xz,basis_yx,basis_yy,basis_yz,basis_zx,basis_zy,basis_zz,teleport_flag,throttle_cmd,steering_cmd,cmd_move_cm,cmd_turn_deg,lidar_cm_0,lidar_cm_1,lidar_cm_2,lidar_cm_3,lidar_cm_4,lidar_cm_5,lidar_cm_6,lidar_cm_7,lidar_cm_8,lidar_cm_9,lidar_cm_10,lidar_cm_11,lidar_cm_12,lidar_cm_13,lidar_cm_14,lidar_cm_15,lidar_cm_16,lidar_class_0,lidar_class_1,lidar_class_2,lidar_class_3,lidar_class_4,lidar_class_5,lidar_class_6,lidar_class_7,lidar_class_8,lidar_class_9,lidar_class_10,lidar_class_11,lidar_class_12,lidar_class_13,lidar_class_14,lidar_class_15,lidar_class_16
0,-5579.270,-4922.363,-23.477,36.765,0.801003,-0.598422,0.016879,0.598623,0.800950,-0.011406,-0.006693,0.019241,0.999792,1,-0.08000,-0.12000,-4.800,-0.240,-1,450.000,-1,425.000,-1,350.000,350.000,300.000,300.000,-1,525.000,600.000,550.000,-1,975.000,-1,-1,2,0,2,0,2,0,0,0,0,2,1,1,1,2,0,2,2
1,-5587.009,-4928.044,-23.458,36.285,0.805996,-0.591685,0.016706,0.591888,0.805927,-0.012238,-0.006223,0.019751,0.999786,0,-0.16000,-0.24000,-9.600,-0.480,-1,450.000,-1,425.000,-1,350.000,350.000,300.000,300.000,-1,500.000,600.000,550.000,-1,975.000,-1,-1,2,0,2,0,2,0,0,0,0,2,1,1,1,2,0,2,2
2,-5598.723,-4936.419,-23.430,35.565,0.813379,-0.581502,0.016423,0.581708,0.813286,-0.013479,-0.005519,0.020518,0.999774,0,-0.24000,-0.36000,-14.400,-0.720,-1,450.000,-1,425.000,-1,350.000,350.000,300.000,300.000,-1,475.000,575.000,550.000,-1,975.000,-1,-1,2,0,2,0,2,0,0,0,0,2,1,1,1,2,0,2,2
3,-5614.526,-4947.323,-23.394,34.605,0.823023,-0.567782,0.016006,0.567990,0.822897,-0.015124,-0.004585,0.021539,0.999758,0,-0.32000,-0.48000,-19.200,-0.960,-1,450.000,-1,425.000,-1,350.000,350.000,300.000,300.000,-1,450.000,525.000,550.000,-1,975.000,-1,-1,2,0,2,0,2,0,0,0,0,2,1,1,1,2,0,2,2
4,-5631.735,-4958.672,-23.371,33.405,0.834750,-0.550411,0.015498,0.550617,0.834587,-0.016863,-0.003653,0.022610,0.999738,0,-0.34357,-0.60000,-20.614,-1.200,-1,450.000,-1,425.000,-1,350.000,350.000,325.000,300.000,-1,425.000,500.000,575.000,-1,950.000,-1,-1,2,0,2,0,2,0,0,0,0,2,1,1,1,2,0,2,2
5,-5648.891,-4969.377,-23.367,31.965,0.848333,-0.529252,0.014921,0.529455,0.848136,-0.018531,-0.002848,0.023620,0.999717,0,-0.33705,-0.72000,-20.223,-1.440,-1,450.000,-1,425.000,-1,350.000,350.000,325.000,300.000,-1,400.000,475.000,600.000,-1,950.000,-1,-1,2,0,2,0,2,0,0,0,0,2,1,1,1,2,0,2,2
6,-5665.935,-4979.331,-23.378,30.285,0.863499,-0.504148,0.014269,0.504345,0.863268,-0.020110,-0.002179,0.024561,0.999696,0,-0.32896,-0.84000,-19.738,-1.680,-1,450.000,-1,425.000,-1,350.000,350.000,325.000,300.000,-1,375.000,425.000,675.000,-1,925.000,-1,-1,2,0,2,0,2,0,0,0,0,2,1,1,1,2,0,2,2
7,-5682.789,-4988.430,-23.397,28.365,0.879919,-0.474932,0.013537,0.475122,0.879655,-0.021582,-0.001658,0.025422,0.999675,0,-0.31923,-0.96000,-19.154,-1.920,-1,450.000,-1,400.000,-1,350.000,350.000,325.000,300.000,-1,350.000,400.000,-1,-1,925.000,-1,-1,2,0,2,0,2,0,0,0,0,2,1,1,2,2,0,2,2
8,-5699.337,-4996.631,-23.409,26.365,0.895969,-0.443934,0.012748,0.444115,0.895676,-0.022940,-0.001234,0.026215,0.999656,0,-0.30781,-1.00000,-18.469,-2.000,-1,450.000,-1,400.000,-1,350.000,325.000,325.000,300.000,-1,300.000,350.000,-1,-1,900.000,-1,-1,2,0,2,0,2,0,0,0,0,2,1,1,2,2,0,2,2
9,-5711.764,-5002.322,-23.423,24.605,0.909188,-0.416210,0.012087,0.416384,0.908875,-0.023885,-0.001044,0.026749,0.999642,0,-0.22781,-0.88000,-13.669,-1.760,-1,450.000,-1,400.000,-1,350.000,325.000,325.000,300.000,-1,300.000,325.000,-1,-1,875.000,-1,-1,2,0,2,0,2,0,0,0,0,2,1,1,2,2,0,2,2
10,-5719.923,-5005.799,-23.445,23.085,0.919913,-0.391951,0.011589,0.392121,0.919589,-0.024445,-0.001076,0.027031,0.999634,0,-0.14781,-0.76000,-8.869,-1.520,-1,450.000,-1,400.000,-1,350.000,325.000,325.000,300.000,-1,275.000,325.000,-1,-1,875.000,-1,-1,2,0,2,0,2,0,0,0,0,2,1,1,2,2,0,2,2
11,-5723.700,-5007.311,-23.479,21.805,0.928440,-0.371311,0.011280,0.371480,0.928114,-0.024643,-0.001319,0.027070,0.999633,0,-0.06781,-0.64000,-4.069,-1.280,-1,450.000,-1,400.000,-1,350.000,325.000,325.000,300.000,-1,275.000,300.000,-1,-1,850.000,-1,-1,2,0,2,0,2,0,0,0,0,2,1,1,2,2,0,2,2
12,-5723.016,-5007.051,-23.533,20.765,0.935025,-0.354406,0.011176,0.354578,0.934705,-0.024500,-0.001764,0.026871,0.999637,0,0.01219,-0.52000,0.731,-1.040,-1,450.000,-1,400.000,-1,350.000,325.000,325.000,300.000,-1,275.000,300.000,1000.000,-1,850.000,-1,-1,2,0,2,0,2,0,0,0,0,2,1,1,1,2,0,2,2
13,-5717.812,-5005.177,-23.618,19.814,0.940776,-0.338842,0.011271,0.339021,0.940472,-0.024021,-0.002460,0.026419,0.999648,0,0.09219,-0.47568,5.531,-0.951,-1,450.000,-1,400.000,-1,350.000,325.000,325.000,300.000,-1,275.000,300.000,975.000,-1,850.000,-1,-1,2,0,2,0,2,0,0,0,0,2,1,1,1,2,0,2,2
14,-5708.036,-5001.837,-23.744,18.863,0.946259,-0.323204,0.011562,0.323392,0.945980,-0.023214,-0.003435,0.025705,0.999664,0,0.17219,-0.47515,10.331,-0.950,-1,450.000,-1,400.000,-1,350.000,325.000,325.000,300.000,-1,300.000,325.000,950.000,-1,850.000,-1,-1,2,0,2,0,2,0,0,0,0,2,1,1,1,2,0,2,2
15,-5693.638,-4997.182,-23.917,17.915,0.951469,-0.307509,0.012060,0.307710,0.951224,-0.022095,-0.004678,0.024734,0.999683,0,0.25219,-0.47420,15.131,-0.948,-1,450.000,-1,400.000,-1,350.000,325.000,325.000,300.000,-1,325.000,325.000,950.000,-1,850.000,-1,-1,2,0,2,0,2,0,0,0,0,2,1,1,1,2,0,2,2
16,-5674.574,-4991.366,-24.143,16.969,0.956401,-0.291776,0.012774,0.291990,0.956198,-0.020683,-0.006180,0.023512,0.999704,0,0.33219,-0.47285,19.931,-0.946,-1,450.000,-1,400.000,-1,350.000,325.000,325.000,300.000,-1,350.000,350.000,950.000,-1,850.000,-1,-1,2,0,2,0,2,0,0,0,0,2,1,1,1,2,0,2,2
17,-5650.804,-4984.538,-24.431,16.027,0.961053,-0.276022,0.013711,0.276249,0.960898,-0.018996,-0.007932,0.022044,0.999726,0,0.41219,-0.47110,24.731,-0.942,-1,450.000,-1,400.000,-1,350.000,325.000,325.000,300.000,-1,375.000,375.000,975.000,-1,825.000,-1,-1,2,0,2,0,2,0,0,0,0,2,1,1,1,2,0,2,2
18,-5622.290,-4976.851,-24.787,15.089,0.965422,-0.260267,0.014878,0.260503,0.965322,-0.017052,-0.009924,0.020338,0.999744,0,0.49219,-0.46892,29.531,-0.938,-1,425.000,-1,400.000,-1,325.000,325.000,325.000,300.000,-1,400.000,400.000,1000.000,-1,825.000,-1,-1,2,0,2,0,2,0,0,0,0,2,1,1,1,2,0,2,2
19,-5589.001,-4968.455,-25.222,14.157,0.969505,-0.244532,0.016280,0.244772,0.969467,-0.014871,-0.012146,0.018403,0.999757,0,0.57219,-0.46625,34.331,-0.933,-1,425.000,-1,400.000,-1,325.000,325.000,325.000,300.000,-1,450.000,450.000,-1,-1,825.000,-1,-1,2,0,2,0,2,0,0,0,0,2,1,1,2,2,0,2,2
20,-5550.908,-4959.499,-25.743,13.231,0.973299,-0.228840,0.017920,0.229076,0.973329,-0.012473,-0.014588,0.016245,0.999762,0,0.65219,-0.46303,39.131,-0.926,-1,425.000,-1,400.000,-1,325.000,325.000,300.000,300.000,-1,525.000,475.000,-1,-1,825.000,-1,-1,2,0,2,0,2,0,0,0,0,2,1,1,2,2,0,2,2
21,-5507.987,-4950.132,-26.358,12.312,0.976804,-0.213218,0.019803,0.213441,0.976906,-0.009877,-0.017239,0.013874,0.999755,0,0.73219,-0.45916,43.931,-0.918,-1,425.000,-1,400.000,-1,325.000,325.000,300.000,300.000,-1,600.000,525.000,-1,-1,800.000,-1,-1,2,0,2,0,2,0,0,0,0,2,1,1,2,2,0,2,2
22,-5460.218,-4940.498,-27.075,11.403,0.980018,-0.197699,0.021928,0.197894,0.980198,-0.007103,-0.020089,0.011301,0.999734,0,0.81219,-0.45453,48.731,-0.909,-1,425.000,-1,400.000,-1,325.000,325.000,300.000,300.000,-1,675.000,600.000,-1,1000.000,800.000,-1,-1,2,0,2,0,2,0,0,0,0,2,1,1,2,0,0,2,2
23,-5409.565,-4931.105,-27.870,10.505,0.982942,-0.182317,0.024207,0.182470,0.983202,-0.004284,-0.023020,0.008628,0.999698,0,0.85860,-0.44902,51.516,-0.898,-1,425.000,-1,400.000,-1,325.000,325.000,300.000,325.000,-1,800.000,675.000,-1,975.000,800.000,-1,-1,2,0,2,0,2,0,0,0,0,2,1,1,2,0,0,2,2
24,-5359.036,-4922.541,-28.695,9.620,0.985583,-0.167103,0.026503,0.167204,0.985921,-0.001596,-0.025863,0.006005,0.999647,0,0.85416,-0.44275,51.250,-0.885,-1,425.000,-1,400.000,-1,325.000,325.000,325.000,325.000,-1,900.000,725.000,-1,950.000,800.000,-1,-1,2,0,2,0,2,0,0,0,0,2,1,1,2,0,0,2,2
25,-5308.616,-4914.783,-29.546,8.748,0.987948,-0.152080,0.028809,0.152116,0.988362,0.000963,-0.028620,0.003431,0.999584,0,0.85022,-0.43604,51.013,-0.872,-1,425.000,-1,400.000,-1,325.000,325.000,325.000,325.000,-1,-1,800.000,-1,950.000,775.000,-1,-1,2,0,2,0,2,0,0,0,0,2,2,1,2,0,0,2,2
26,-5258.291,-4907.809,-30.713,7.890,0.990055,-0.137266,0.030801,0.137261,0.990532,0.002261,-0.030820,0.001989,0.999523,0,0.84677,-0.42894,50.806,-0.858,-1,425.000,-1,400.000,-1,325.000,325.000,325.000,325.000,975.000,-1,900.000,-1,925.000,775.000,-1,-1,2,0,2,0,2,0,0,0,0,1,2,1,2,0,0,2,2
27,-5208.045,-4901.598,-32.217,7.047,0.991913,-0.122680,0.032546,0.122643,0.992446,0.003123,-0.032683,0.000894,0.999465,0,0.84380,-0.42144,50.628,-0.843,-1,425.000,-1,400.000,-1,325.000,325.000,325.000,325.000,925.000,-1,975.000,-1,925.000,775.000,-1,-1,2,0,2,0,2,0,0,0,0,1,2,1,2,0,0,2,2
28,-5154.809,-4895.802,-34.214,6.214,0.993554,-0.108235,0.033710,0.108113,0.994124,0.005399,-0.034097,-0.001719,0.999417,0,0.89251,-0.41661,53.551,-0.833,-1,425.000,-1,400.000,-1,325.000,325.000,325.000,325.000,900.000,-1,-1,-1,900.000,775.000,-1,-1,2,0,2,0,2,0,0,0,0,1,2,2,2,0,0,2,2
29,-5101.732,-4890.794,-36.222,5.390,0.994968,-0.093929,0.034859,0.093720,0.995570,0.007561,-0.035414,-0.004256,0.999364,0,0.88853,-0.41193,53.312,-0.824,-1,425.000,-1,400.000,-1,325.000,325.000,325.000,325.000,900.000,-1,-1,-1,900.000,775.000,-1,-1,2,0,2,0,2,0,0,0,0,1,2,2,2,0,0,2,2
30,-5053.391,-4886.729,-38.066,4.806,0.995838,-0.083778,0.035892,0.083490,0.996464,0.009442,-0.036556,-0.006406,0.999311,0,0.80853,-0.29193,48.512,-0.584,-1,425.000,-1,400.000,-1,325.000,325.000,325.000,325.000,900.000,-1,-1,-1,900.000,775.000,-1,-1,2,0,2,0,2,0,0,0,0,1,2,2,2,0,0,2,2
31,-5006.619,-4883.079,-39.864,4.462,0.996287,-0.077795,0.036877,0.077431,0.996935,0.011197,-0.037635,-0.008300,0.999257,0,0.78190,-0.17193,46.914,-0.344,-1,425.000,-1,375.000,-1,325.000,325.000,325.000,325.000,900.000,-1,-1,-1,875.000,775.000,-1,-1,2,0,2,0,2,0,0,0,0,1,2,2,2,0,0,2,2
32,-4960.093,-4879.533,-41.666,4.358,0.996390,-0.075987,0.037845,0.075548,0.997059,0.012900,-0.038714,-0.009994,0.999200,0,0.77769,-0.05193,46.661,-0.104,-1,400.000,-1,375.000,-1,325.000,325.000,325.000,325.000,925.000,-1,-1,-1,875.000,775.000,-1,-1,2,0,2,0,2,0,0,0,0,1,2,2,2,0,0,2,2
33,-4913.849,-4876.008,-43.470,4.358,0.996354,-0.075982,0.038799,0.075467,0.997042,0.014573,-0.039792,-0.011592,0.999141,0,0.77295,-0.00009,46.377,-0.000,-1,400.000,-1,375.000,-1,325.000,325.000,325.000,325.000,950.000,-1,-1,-1,875.000,775.000,-1,-1,2,0,2,0,2,0,0,0,0,1,2,2,2,0,0,2,2
34,-4867.885,-4872.495,-45.273,4.371,0.996300,-0.076203,0.039743,0.075610,0.997005,0.016225,-0.040860,-0.013160,0.999078,0,0.76830,0.00640,46.098,0.013,-1,400.000,-1,375.000,-1,325.000,325.000,325.000,325.000,975.000,-1,-1,-1,875.000,775.000,-1,-1,2,0,2,0,2,0,0,0,0,1,2,2,2,0,0,2,2
35,-4822.173,-4868.979,-47.076,4.398,0.996227,-0.076667,0.040677,0.075994,0.996948,0.017858,-0.041922,-0.014700,0.999013,0,0.76411,0.01338,45.847,0.027,-1,400.000,-1,400.000,-1,325.000,325.000,325.000,325.000,975.000,-1,-1,-1,850.000,775.000,-1,-1,2,0,2,0,2,0,0,0,0,1,2,2,2,0,0,2,2
36,-4776.686,-4865.447,-48.882,4.439,0.996132,-0.077391,0.041602,0.076635,0.996869,0.019474,-0.042979,-0.016211,0.998944,0,0.76040,0.02084,45.624,0.042,-1,400.000,-1,400.000,-1,325.000,325.000,325.000,325.000,-1,-1,-1,-1,850.000,775.000,-1,-1,2,0,2,0,2,0,0,0,0,2,2,2,2,0,0,2,2
37,-4731.395,-4861.885,-50.690,4.497,0.996016,-0.078390,0.042519,0.077549,0.996766,0.021076,-0.044034,-0.017694,0.998873,0,0.75718,0.02877,45.431,0.058,-1,400.000,-1,400.000,-1,325.000,325.000,325.000,325.000,-1,-1,-1,975.000,850.000,775.000,-1,-1,2,0,2,0,2,0,0,0,0,2,2,2,1,0,0,2,2
38,-4686.270,-4858.277,-52.503,4.571,0.995874,-0.079680,0.043428,0.078753,0.996636,0.022665,-0.045088,-0.019151,0.998799,0,0.75447,0.03715,45.268,0.074,-1,400.000,-1,400.000,-1,325.000,325.000,325.000,325.000,-1,-1,-1,975.000,850.000,775.000,-1,-1,2,0,2,0,2,0,0,0,0,2,2,2,1,0,0,2,2
39,-4641.284,-4854.607,-54.322,4.663,0.995705,-0.081277,0.044331,0.080260,0.996479,0.024244,-0.046145,-0.020582,0.998723,0,0.75227,0.04596,45.136,0.092,-1,400.000,-1,400.000,-1,325.000,325.000,325.000,325.000,-1,-1,-1,975.000,850.000,775.000,-1,-1,2,0,2,0,2,0,0,0,0,2,2,2,1,0,0,2,2
40,-4596.404,-4850.859,-56.272,4.773,0.995514,-0.083195,0.045060,0.082114,0.996301,0.025345,-0.047002,-0.021532,0.998663,0,0.75059,0.05520,45.036,0.110,-1,400.000,-1,400.000,-1,325.000,325.000,325.000,325.000,-1,-1,-1,975.000,850.000,775.000,-1,-1,2,0,2,0,2,0,0,0,0,2,2,2,1,0,0,2,2
41,-4551.601,-4847.015,-58.463,4.903,0.995295,-0.085450,0.045670,0.084320,0.996096,0.026123,-0.047724,-0.022149,0.998615,0,0.74945,0.06487,44.967,0.130,-1,400.000,-1,400.000,-1,325.000,325.000,325.000,325.000,-1,-1,-1,975.000,850.000,775.000,-1,-1,2,0,2,0,2,0,0,0,0,2,2,2,1,0,0,2,2
42,-4506.845,-4843.057,-60.739,5.053,0.995042,-0.088053,0.046245,0.086861,0.995849,0.027195,-0.048448,-0.023043,0.998560,0,0.74885,0.07495,44.931,0.150,-1,400.000,-1,400.000,-1,325.000,325.000,325.000,325.000,-1,-1,-1,1000.000,850.000,775.000,-1,-1,2,0,2,0,2,0,0,0,0,2,2,2,1,0,0,2,2
43,-4462.104,-4838.966,-63.026,5.224,0.994748,-0.091021,0.046820,0.089766,0.995562,0.028254,-0.049184,-0.023903,0.998504,0,0.74880,0.08543,44.928,0.171,-1,400.000,-1,400.000,-1,325.000,325.000,325.000,325.000,-1,-1,-1,1000.000,850.000,775.000,-1,-1,2,0,2,0,2,0,0,0,0,2,2,2,1,0,0,2,2
44,-4412.577,-4834.498,-65.561,5.155,0.994827,-0.089817,0.047466,0.088486,0.995642,0.029433,-0.049902,-0.025080,0.998439,0,0.82880,-0.03457,49.728,-0.069,-1,400.000,-1,400.000,-1,325.000,325.000,300.000,325.000,-1,-1,-1,1000.000,825.000,775.000,-1,-1,2,0,2,0,2,0,0,0,0,2,2,2,1,0,0,2,2
45,-4360.165,-4830.054,-68.244,4.846,0.995264,-0.084441,0.048152,0.083026,0.996076,0.030664,-0.050553,-0.026521,0.998369,0,0.87667,-0.15457,52.600,-0.309,-1,400.000,-1,400.000,-1,325.000,325.000,300.000,300.000,-1,-1,-1,-1,825.000,775.000,-1,-1,2,0,2,0,2,0,0,0,0,2,2,2,2,0,0,2,2
46,-4307.530,-4826.099,-70.932,4.296,0.995995,-0.074887,0.048842,0.073384,0.996794,0.031868,-0.051072,-0.028156,0.998298,0,0.87971,-0.27457,52.783,-0.549,-1,400.000,-1,400.000,-1,325.000,325.000,300.000,300.000,-1,-1,-1,-1,825.000,775.000,-1,-1,2,0,2,0,2,0,0,0,0,2,2,2,2,0,0,2,2
47,-4254.617,-4822.665,-73.628,3.712,0.996674,-0.064715,0.049525,0.063125,0.997459,0.033023,-0.051536,-0.029786,0.998227,0,0.88374,-0.29214,53.024,-0.584,-1,400.000,-1,400.000,-1,325.000,325.000,300.000,300.000,-1,-1,-1,-1,825.000,775.000,-1,-1,2,0,2,0,2,0,0,0,0,2,2,2,2,0,0,2,2
48,-4201.402,-4819.730,-76.335,3.156,0.997222,-0.055029,0.050196,0.053354,0.997992,0.034127,-0.051973,-0.031354,0.998156,0,0.88826,-0.27803,53.296,-0.556,-1,400.000,-1,400.000,-1,325.000,325.000,300.000,300.000,-1,-1,-1,-1,825.000,775.000,-1,-1,2,0,2,0,2,0,0,0,0,2,2,2,2,0,0,2,2
49,-4147.869,-4817.271,-79.050,2.629,0.997653,-0.045842,0.050856,0.044082,0.998408,0.035187,-0.052388,-0.032863,0.998086,0,0.89315,-0.26361,53.589,-0.527,-1,400.000,-1,400.000,-1,325.000,325.000,300.000,300.000,-1,-1,-1,-1,825.000,775.000,-1,-1,2,0,2,0,2,0,0,0,0,2,2,2,2,0,0,2,2
50,-4094.002,-4815.266,-81.775,2.131,0.997981,-0.037165,0.051504,0.035324,0.998720,0.036209,-0.052784,-0.034317,0.998016,0,0.89841,-0.24887,53.905,-0.498,-1,400.000,-1,400.000,-1,325.000,325.000,300.000,300.000,-1,-1,-1,-1,825.000,775.000,-1,-1,2,0,2,0,2,0,0,0,0,2,2,2,2,0,0,2,2
51,-4039.782,-4813.690,-84.510,1.664,0.998218,-0.029012,0.052142,0.027089,0.998941,0.037199,-0.053166,-0.035720,0.997947,0,0.90405,-0.23380,54.243,-0.468,-1,400.000,-1,400.000,-1,325.000,325.000,300.000,300.000,-1,-1,-1,-1,825.000,775.000,-1,-1,2,0,2,0,2,0,0,0,0,2,2,2,2,0,0,2,2
52,-3985.190,-4812.521,-87.255,1.227,0.998378,-0.021394,0.052769,0.019392,0.999083,0.038162,-0.053537,-0.037077,0.997877,0,0.91007,-0.21840,54.604,-0.437,-1,400.000,-1,400.000,-1,325.000,325.000,300.000,300.000,-1,-1,-1,-1,825.000,775.000,-1,-1,2,0,2,0,2,0,0,0,0,2,2,2,2,0,0,2,2
53,-3930.207,-4811.732,-90.074,0.821,0.998477,-0.014325,0.053280,0.012257,0.999166,0.038950,-0.053793,-0.038238,0.997820,0,0.91648,-0.20267,54.989,-0.405,-1,400.000,-1,400.000,-1,325.000,325.000,300.000,300.000,-1,-1,-1,-1,825.000,775.000,-1,-1,2,0,2,0,2,0,0,0,0,2,2,2,2,0,0,2,2
54,-3874.811,-4811.298,-93.270,0.448,0.998507,-0.007817,0.054053,0.005676,0.999198,0.039648,-0.054320,-0.039282,0.997751,0,0.92330,-0.18658,55.398,-0.373,-1,400.000,-1,400.000,-1,325.000,325.000,300.000,300.000,-1,-1,-1,-1,825.000,775.000,-1,-1,2,0,2,0,2,0,0,0,0,2,2,2,2,0,0,2,2
55,-3819.103,-4811.200,-96.477,0.100,0.998494,-0.001740,0.054829,-0.000474,0.999186,0.040336,-0.054855,-0.040301,0.997681,0,0.92846,-0.17423,55.707,-0.348,-1,400.000,-1,400.000,-1,325.000,325.000,300.000,300.000,-1,-1,-1,-1,825.000,775.000,-1,-1,2,0,2,0,2,0,0,0,0,2,2,2,2,0,0,2,2
56,-3763.285,-4811.431,-99.678,-0.238,0.998445,0.004147,0.055596,-0.006433,0.999138,0.041005,-0.055378,-0.041299,0.997611,0,0.93031,-0.16879,55.819,-0.338,-1,400.000,-1,400.000,-1,325.000,325.000,300.000,300.000,-1,-1,-1,-1,825.000,775.000,-1,-1,2,0,2,0,2,0,0,0,0,2,2,2,2,0,0,2,2
57,-3707.343,-4811.981,-102.873,-0.564,0.998362,0.009839,0.056355,-0.012197,0.999057,0.041659,-0.055892,-0.042278,0.997541,0,0.93240,-0.16321,55.944,-0.326,-1,400.000,-1,400.000,-1,325.000,325.000,300.000,300.000,-1,-1,-1,-1,825.000,775.000,-1,-1,2,0,2,0,2,0,0,0,0,2,2,2,2,0,0,2,2
58,-3651.267,-4812.841,-106.063,-0.879,0.998250,0.015330,0.057106,-0.017761,0.998947,0.042303,-0.056397,-0.043243,0.997472,0,0.93472,-0.15749,56.083,-0.315,-1,400.000,-1,400.000,-1,325.000,325.000,300.000,300.000,-1,-1,-1,-1,825.000,775.000,-1,-1,2,0,2,0,2,0,0,0,0,2,2,2,2,0,0,2,2
59,-3595.042,-4814.001,-109.248,-1.182,0.998112,0.020616,0.057850,-0.023119,0.998810,0.042939,-0.056896,-0.044195,0.997401,0,0.93727,-0.15163,56.236,-0.303,-1,400.000,-1,400.000,-1,325.000,325.000,300.000,300.000,-1,-1,-1,-1,825.000,775.000,-1,-1,2,0,2,0,2,0,0,0,0,2,2,2,2,0,0,2,2
60,-3538.659,-4815.451,-112.428,-1.474,0.997952,0.025692,0.058587,-0.028268,0.998650,0.043572,-0.057389,-0.045139,0.997331,0,0.94003,-0.14564,56.402,-0.291,-1,400.000,-1,400.000,-1,325.000,325.000,300.000,300.000,-1,-1,-1,-1,825.000,775.000,-1,-1,2,0,2,0,2,0,0,0,0,2,2,2,2,0,0,2,2
61,-3482.106,-4817.181,-115.604,-1.753,0.997771,0.030554,0.059320,-0.033203,0.998471,0.044204,-0.057878,-0.046075,0.997260,0,0.94300,-0.13951,56.580,-0.279,-1,400.000,-1,400.000,-1,325.000,325.000,300.000,300.000,-1,-1,-1,-1,825.000,775.000,-1,-1,2,0,2,0,2,0,0,0,0,2,2,2,2,0,0,2,2
62,-3425.371,-4819.180,-118.775,-2.019,0.997575,0.035197,0.060048,-0.037920,0.998274,0.044840,-0.058366,-0.047008,0.997188,0,0.94617,-0.13326,56.770,-0.267,-1,400.000,-1,400.000,-1,325.000,325.000,300.000,300.000,-1,-1,-1,-1,825.000,750.000,-1,-1,2,0,2,0,2,0,0,0,0,2,2,2,2,0,0,2,2
63,-3368.443,-4821.439,-121.941,-2.273,0.997365,0.039616,0.060772,-0.042415,0.998064,0.045482,-0.058852,-0.047940,0.997115,0,0.94954,-0.12688,56.972,-0.254,-1,400.000,-1,400.000,-1,325.000,325.000,300.000,300.000,-1,-1,-1,-1,825.000,750.000,-1,-1,2,0,2,0,2,0,0,0,0,2,2,2,2,0,0,2,2
64,-3311.311,-4823.947,-125.104,-2.514,0.997146,0.043808,0.061494,-0.046684,0.997844,0.046133,-0.059340,-0.048872,0.997041,0,0.95310,-0.12039,57.186,-0.241,-1,400.000,-1,400.000,-1,325.000,325.000,300.000,300.000,-1,-1,-1,-1,825.000,750.000,-1,-1,2,0,2,0,2,0,0,0,0,2,2,2,2,0,0,2,2
65,-3252.788,-4826.703,-128.584,-2.697,0.996963,0.047001,0.062090,-0.049972,0.997635,0.047188,-0.059725,-0.050148,0.996954,0,0.97647,-0.09177,58.588,-0.184,-1,400.000,-1,400.000,-1,325.000,325.000,300.000,300.000,-1,-1,-1,-1,825.000,750.000,-1,-1,2,0,2,0,2,0,0,0,0,2,2,2,2,0,0,2,2
66,-3194.013,-4829.650,-132.324,-2.872,0.996771,0.050036,0.062808,-0.053085,0.997443,0.047843,-0.060254,-0.051023,0.996878,0,0.98081,-0.08723,58.849,-0.174,-1,400.000,-1,400.000,-1,325.000,325.000,300.000,300.000,-1,-1,-1,-1,800.000,750.000,-1,-1,2,0,2,0,2,0,0,0,0,2,2,2,2,0,0,2,2
67,-3135.002,-4832.780,-136.065,-3.037,0.996577,0.052905,0.063527,-0.056033,0.997250,0.048509,-0.060786,-0.051903,0.996800,0,0.98490,-0.08246,59.094,-0.165,-1,400.000,-1,400.000,-1,325.000,325.000,300.000,300.000,-1,-1,-1,-1,800.000,750.000,-1,-1,2,0,2,0,2,0,0,0,0,2,2,2,2,0,0,2,2
68,-3075.770,-4836.082,-139.806,-3.192,0.996384,0.055599,0.064246,-0.058808,0.997057,0.049188,-0.061322,-0.052788,0.996721,0,0.98873,-0.07747,59.324,-0.155,-1,400.000,-1,400.000,-1,325.000,325.000,300.000,300.000,-1,-1,-1,-1,800.000,750.000,-1,-1,2,0,2,0,2,0,0,0,0,2,2,2,2,0,0,2,2
69,-3021.353,-4839.492,-143.215,-3.587,0.995935,0.062467,0.064900,-0.065756,0.996590,0.049850,-0.061565,-0.053915,0.996646,0,0.90873,-0.19747,54.524,-0.395,-1,400.000,-1,400.000,-1,325.000,325.000,300.000,300.000,-1,-1,-1,-1,800.000,725.000,-1,-1,2,0,2,0,2,0,0,0,0,2,2,2,2,0,0,2,2
70,-2971.763,-4843.152,-146.284,-4.222,0.995143,0.073501,0.065486,-0.076869,0.995762,0.050488,-0.061498,-0.055277,0.996575,0,0.82873,-0.31747,49.724,-0.635,-1,400.000,-1,400.000,-1,325.000,325.000,300.000,300.000,-1,-1,-1,-1,800.000,725.000,-1,-1,2,0,2,0,2,0,0,0,0,2,2,2,2,0,0,2,2
71,-2927.017,-4847.141,-149.008,-5.097,0.993870,0.088690,0.066004,-0.092134,0.994435,0.051095,-0.061105,-0.056863,0.996510,0,0.74873,-0.43747,44.924,-0.875,-1,400.000,-1,400.000,-1,325.000,325.000,300.000,300.000,-1,-1,-1,-1,800.000,725.000,-1,-1,2,0,2,0,2,0,0,0,0,2,2,2,2,0,0,2,2
72,-2887.128,-4851.481,-151.385,-6.211,0.991926,0.108012,0.066455,-0.111527,0.992417,0.051665,-0.060370,-0.058659,0.996451,0,0.66873,-0.55747,40.124,-1.115,-1,400.000,-1,400.000,-1,325.000,325.000,300.000,300.000,-1,-1,-1,-1,800.000,725.000,-1,-1,2,0,2,0,2,0,0,0,0,2,2,2,2,0,0,2,2
73,-2852.111,-4856.131,-153.419,-7.566,0.989069,0.131433,0.066843,-0.135013,0.989468,0.052192,-0.059279,-0.060646,0.996398,0,0.58873,-0.67747,35.324,-1.355,-1,400.000,-1,375.000,-1,325.000,325.000,300.000,300.000,-1,-1,-1,-1,800.000,725.000,-1,-1,2,0,2,0,2,0,0,0,0,2,2,2,2,0,0,2,2
74,-2821.975,-4860.990,-155.114,-9.161,0.985007,0.158902,0.067174,-0.162540,0.985295,0.052668,-0.057817,-0.062797,0.996350,0,0.50873,-0.79747,30.524,-1.595,-1,400.000,-1,375.000,-1,325.000,325.000,300.000,300.000,-1,-1,-1,-1,800.000,700.000,-1,-1,2,0,2,0,2,0,0,0,0,2,2,2,2,0,0,2,2
75,-2796.723,-4865.895,-156.481,-10.996,0.979398,0.190342,0.067454,-0.194029,0.979558,0.053087,-0.055971,-0.065082,0.996309,0,0.42873,-0.91747,25.724,-1.835,-1,400.000,-1,375.000,-1,325.000,325.000,300.000,300.000,-1,-1,-1,-1,775.000,700.000,-1,-1,2,0,2,0,2,0,0,0,0,2,2,2,2,0,0,2,2
76,-2776.323,-4870.552,-157.542,-12.864,0.972664,0.222133,0.067688,-0.225859,0.972693,0.053435,-0.053970,-0.067262,0.996275,0,0.34873,-0.93384,20.924,-1.868,-1,400.000,-1,375.000,-1,325.000,325.000,300.000,300.000,-1,-1,-1,-1,775.000,700.000,-1,-1,2,0,2,0,2,0,0,0,0,2,2,2,2,0,0,2,2
77,-2760.727,-4874.648,-158.318,-14.723,0.964941,0.253538,0.067879,-0.257290,0.964841,0.053705,-0.051877,-0.069287,0.996247,0,0.26873,-0.92958,16.124,-1.859,-1,400.000,-1,375.000,-1,325.000,325.000,300.000,300.000,-1,-1,-1,-1,775.000,700.000,-1,-1,2,0,2,0,2,0,0,0,0,2,2,2,2,0,0,2,2
78,-2749.872,-4877.878,-158.833,-16.575,0.956246,0.284543,0.068030,-0.288310,0.956019,0.053893,-0.049703,-0.071149,0.996227,0,0.18873,-0.92580,11.324,-1.852,-1,400.000,-1,375.000,-1,325.000,325.000,300.000,300.000,-1,-1,-1,-1,775.000,700.000,-1,-1,2,0,2,0,2,0,0,0,0,2,2,2,2,0,0,2,2
79,-2743.681,-4879.938,-159.107,-18.420,0.946597,0.315137,0.068142,-0.318908,0.946246,0.053996,-0.047463,-0.072844,0.996213,0,0.10873,-0.92250,6.524,-1.845,-1,400.000,-1,375.000,-1,325.000,325.000,300.000,300.000,-1,-1,-1,-1,775.000,675.000,-1,-1,2,0,2,0,2,0,0,0,0,2,2,2,2,0,0,2,2
80,-2742.063,-4880.534,-159.169,-20.259,0.936008,0.345307,0.068208,-0.349072,0.935537,0.054041,-0.045150,-0.074392,0.996206,0,0.02873,-0.91968,1.724,-1.839,-1,400.000,-1,375.000,-1,325.000,325.000,300.000,300.000,-1,-1,-1,-1,775.000,675.000,-1,-1,2,0,2,0,2,0,0,0,0,2,2,2,2,0,0,2,2
81,-2744.912,-4879.377,-159.049,-22.094,0.924494,0.375042,0.068221,-0.378791,0.923902,0.054060,-0.042754,-0.075820,0.996205,0,-0.05127,-0.91733,-3.076,-1.835,-1,400.000,-1,375.000,-1,325.000,325.000,300.000,300.000,-1,-1,-1,-1,775.000,675.000,-1,-1,2,0,2,0,2,0,0,0,0,2,2,2,2,0,0,2,2
82,-2752.110,-4876.182,-158.746,-23.927,0.912047,0.404372,0.068217,-0.408095,0.911344,0.053951,-0.040353,-0.077045,0.996211,0,-0.13127,-0.91674,-7.876,-1.833,-1,400.000,-1,375.000,-1,325.000,325.000,300.000,300.000,-1,-1,-1,-1,750.000,675.000,-1,-1,2,0,2,0,2,0,0,0,0,2,2,2,2,0,0,2,2
83,-2763.525,-4870.673,-158.283,-25.762,0.898666,0.433300,0.068196,-0.436988,0.897862,0.053716,-0.037955,-0.078074,0.996225,0,-0.21127,-0.91712,-12.676,-1.834,-1,400.000,-1,375.000,-1,325.000,325.000,300.000,300.000,-1,-1,-1,-1,750.000,675.000,-1,-1,2,0,2,0,2,0,0,0,0,2,2,2,2,0,0,2,2
84,-2779.011,-4862.577,-157.680,-27.597,0.884360,0.461803,0.068156,-0.465448,0.883465,0.053361,-0.035571,-0.078914,0.996247,0,-0.29127,-0.91767,-17.476,-1.835,-1,400.000,-1,375.000,-1,325.000,325.000,300.000,300.000,-1,-1,-1,-1,750.000,675.000,-1,-1,2,0,2,0,2,0,0,0,0,2,2,2,2,0,0,2,2
85,-2798.411,-4851.631,-156.942,-29.434,0.869135,0.489854,0.068170,-0.493455,0.868159,0.052923,-0.033258,-0.079636,0.996269,0,-0.37127,-0.91837,-22.276,-1.837,-1,400.000,-1,375.000,-1,325.000,325.000,300.000,300.000,-1,-1,-1,-1,750.000,675.000,-1,-1,2,0,2,0,2,0,0,0,0,2,2,2,2,0,0,2,2
86,-2819.785,-4838.649,-156.157,-31.272,0.853003,0.517425,0.068241,-0.520985,0.851952,0.052468,-0.030990,-0.080308,0.996288,0,-0.41681,-0.91919,-25.009,-1.838,-1,400.000,-1,375.000,-1,325.000,325.000,300.000,300.000,-1,-1,-1,-1,750.000,675.000,-1,-1,2,0,2,0,2,0,0,0,0,2,2,2,2,0,0,2,2
87,-2836.757,-4827.681,-155.575,-32.870,0.838271,0.540961,0.068289,-0.544485,0.837147,0.052160,-0.028951,-0.080907,0.996301,0,-0.33681,-0.79919,-20.209,-1.598,-1,400.000,-1,375.000,-1,325.000,300.000,300.000,300.000,-1,-1,-1,-1,750.000,700.000,-1,-1,2,0,2,0,2,0,0,0,0,2,2,2,2,0,0,2,2
88,-2849.496,-4819.014,-155.157,-34.229,0.825241,0.560632,0.068330,-0.564126,0.824055,0.051922,-0.027199,-0.081395,0.996311,0,-0.25681,-0.67919,-15.409,-1.358,-1,400.000,-1,375.000,-1,325.000,300.000,300.000,300.000,-1,-1,-1,-1,725.000,700.000,-1,-1,2,0,2,0,2,0,0,0,0,2,2,2,2,0,0,2,2
89,-2858.148,-4812.877,-154.882,-35.347,0.814167,0.576591,0.068369,-0.580059,0.812929,0.051753,-0.025739,-0.081794,0.996317,0,-0.17681,-0.55919,-10.609,-1.118,-1,400.000,-1,375.000,-1,325.000,300.000,300.000,300.000,-1,-1,-1,-1,725.000,700.000,-1,-1,2,0,2,0,2,0,0,0,0,2,2,2,2,0,0,2,2
90,-2862.829,-4809.438,-154.734,-36.305,0.804437,0.590086,0.068413,-0.593535,0.803149,0.051650,-0.024468,-0.082155,0.996319,0,-0.09681,-0.47906,-5.809,-0.958,-1,400.000,-1,375.000,-1,325.000,300.000,300.000,300.000,-1,-1,-1,-1,725.000,700.000,-1,-1,2,0,2,0,2,0,0,0,0,2,2,2,2,0,0,2,2
91,-2863.631,-4808.828,-154.698,-37.264,0.794480,0.603417,0.068475,-0.606848,0.793140,0.051610,-0.023168,-0.082557,0.996317,0,-0.01681,-0.47921,-1.009,-0.958,-1,400.000,-1,375.000,-1,325.000,300.000,300.000,300.000,-1,-1,-1,-1,725.000,700.000,-1,-1,2,0,2,0,2,0,0,0,0,2,2,2,2,0,0,2,2
92,-2860.652,-4811.174,-154.776,-38.222,0.784306,0.616575,0.068555,-0.619991,0.782903,0.051706,-0.021791,-0.083057,0.996307,0,0.06319,-0.47923,3.791,-0.958,-1,400.000,-1,375.000,-1,325.000,300.000,300.000,300.000,-1,-1,-1,-1,725.000,700.000,-1,-1,2,0,2,0,2,0,0,0,0,2,2,2,2,0,0,2,2
93,-2853.991,-4816.602,-154.955,-39.180,0.773920,0.629551,0.068656,-0.632957,0.772443,0.051941,-0.020333,-0.083654,0.996287,0,0.14319,-0.47916,8.591,-0.958,-1,400.000,-1,375.000,-1,325.000,300.000,300.000,300.000,-1,-1,-1,-1,725.000,700.000,-1,-1,2,0,2,0,2,0,0,0,0,2,2,2,2,0,0,2,2
94,-2843.753,-4825.234,-155.213,-40.138,0.763326,0.642342,0.068782,-0.645740,0.761766,0.052279,-0.018815,-0.084321,0.996261,0,0.22319,-0.47901,13.391,-0.958,-1,375.000,-1,375.000,-1,325.000,300.000,300.000,300.000,-1,-1,-1,-1,725.000,700.000,-1,-1,2,0,2,0,2,0,0,0,0,2,2,2,2,0,0,2,2
95,-2830.043,-4837.192,-155.536,-41.096,0.752528,0.654943,0.068935,-0.658335,0.750876,0.052722,-0.017232,-0.085057,0.996227,0,0.30319,-0.47883,18.191,-0.958,-1,375.000,-1,375.000,-1,325.000,300.000,300.000,300.000,-1,-1,-1,-1,725.000,700.000,-1,-1,2,0,2,0,2,0,0,0,0,2,2,2,2,0,0,2,2
96,-2812.971,-4852.592,-155.907,-42.053,0.741530,0.667350,0.069117,-0.670739,0.739778,0.053272,-0.015580,-0.085862,0.996185,0,0.38319,-0.47866,22.991,-0.957,-1,375.000,-1,375.000,-1,325.000,300.000,300.000,300.000,-1,-1,-1,-1,700.000,700.000,-1,-1,2,0,2,0,2,0,0,0,0,2,2,2,2,0,0,2,2
97,-2792.648,-4871.550,-156.310,-43.011,0.730334,0.679563,0.069331,-0.682950,0.728472,0.053931,-0.013856,-0.086737,0.996135,0,0.46319,-0.47855,27.791,-0.957,-1,375.000,-1,375.000,-1,300.000,300.000,300.000,300.000,-1,-1,-1,-1,700.000,700.000,-1,-1,2,0,2,0,2,0,0,0,0,2,2,2,2,0,0,2,2
98,-2769.190,-4894.176,-156.697,-43.968,0.718950,0.691586,0.069424,-0.694959,0.716967,0.054685,-0.011956,-0.087563,0.996087,0,0.54319,-0.47857,32.591,-0.957,-1,375.000,-1,375.000,-1,300.000,300.000,300.000,300.000,-1,-1,-1,-1,700.000,725.000,-1,-1,2,0,2,0,2,0,0,0,0,2,2,2,2,0,0,2,2
99,-2742.716,-4920.582,-156.942,-44.925,0.707403,0.703450,0.068836,-0.706746,0.705288,0.055484,-0.009519,-0.087899,0.996084,0,0.62319,-0.47877,37.391,-0.958,-1,375.000,-1,375.000,-1,300.000,300.000,300.000,300.000,-1,-1,-1,-1,700.000,725.000,-1,-1,2,0,2,0,2,0,0,0,0,2,2,2,2,0,0,2,2
100,-2713.345,-4950.873,-157.136,-45.884,0.695662,0.715131,0.068132,-0.718336,0.693405,0.056423,-0.006893,-0.088193,0.996080,0,0.70319,-0.47922,42.191,-0.958,-1,375.000,-1,375.000,-1,300.000,300.000,300.000,300.000,-1,-1,-1,-1,700.000,725.000,-1,-1,2,0,2,0,2,0,0,0,0,2,2,2,2,0,0,2,2
101,-2681.203,-4985.154,-157.232,-46.844,0.683728,0.726638,0.067176,-0.729726,0.681317,0.057506,-0.003982,-0.088339,0.996082,0,0.78319,-0.47999,46.991,-0.960,-1,375.000,-1,375.000,-1,300.000,300.000,300.000,300.000,-1,925.000,-1,-1,700.000,725.000,-1,-1,2,0,2,0,2,0,0,0,0,2,0,2,2,0,0,2,2
102,-2646.554,-5023.375,-157.151,-47.806,0.671572,0.737956,0.066418,-0.740938,0.668996,0.058778,-0.001058,-0.088685,0.996059,0,0.85981,-0.48118,51.589,-0.962,-1,375.000,-1,375.000,-1,300.000,300.000,300.000,300.000,-1,850.000,975.000,-1,700.000,750.000,-1,-1,2,0,2,0,2,0,0,0,0,2,0,0,2,0,0,2,2
103,-2612.653,-5062.062,-156.937,-48.772,0.659188,0.749105,0.065672,-0.751976,0.656445,0.060102,0.001913,-0.089003,0.996030,0,0.85730,-0.48285,51.438,-0.966,-1,375.000,-1,375.000,-1,300.000,300.000,325.000,300.000,-1,775.000,900.000,-1,675.000,750.000,-1,-1,2,0,2,0,2,0,0,0,0,2,0,0,2,0,0,2,2
104,-2579.499,-5101.214,-156.594,-49.742,0.646566,0.760088,0.064943,-0.762842,0.643656,0.061479,0.004928,-0.089291,0.995993,0,0.85504,-0.48489,51.303,-0.970,-1,375.000,-1,400.000,-1,300.000,300.000,325.000,300.000,-1,725.000,850.000,-1,700.000,775.000,-1,-1,2,0,2,0,2,0,0,0,0,2,0,0,2,0,0,2,2
105,-2547.090,-5140.833,-156.150,-50.716,0.633704,0.770915,0.064106,-0.773534,0.630626,0.062905,0.008067,-0.089451,0.995959,0,0.85308,-0.48728,51.185,-0.975,-1,375.000,-1,400.000,-1,300.000,325.000,325.000,300.000,-1,675.000,750.000,-1,700.000,775.000,-1,-1,2,0,2,0,2,0,0,0,0,2,0,0,2,0,0,2,2
106,-2515.425,-5180.924,-155.710,-51.696,0.620576,0.781613,0.062975,-0.784067,0.617368,0.063999,0.011144,-0.089093,0.995961,0,0.85145,-0.49002,51.087,-0.980,-1,375.000,-1,400.000,-1,300.000,325.000,325.000,300.000,-1,600.000,675.000,-1,700.000,775.000,-1,-1,2,0,2,0,2,0,0,0,0,2,0,0,2,0,0,2,2
107,-2483.510,-5222.787,-155.325,-52.677,0.607210,0.792151,0.061590,-0.794423,0.603953,0.064290,0.013730,-0.087966,0.996029,0,0.87733,-0.49062,52.640,-0.981,-1,375.000,-1,400.000,-1,300.000,325.000,325.000,300.000,-1,575.000,625.000,-1,700.000,825.000,-1,-1,2,0,2,0,2,0,0,0,0,2,0,0,2,0,0,2,2
108,-2452.403,-5265.070,-154.814,-53.657,0.593686,0.802443,0.060181,-0.804531,0.590383,0.064646,0.016344,-0.086797,0.996092,0,0.87487,-0.48979,52.492,-0.980,-1,375.000,-1,400.000,-1,325.000,325.000,325.000,300.000,-1,575.000,600.000,-1,700.000,875.000,-1,-1,2,0,2,0,2,0,0,0,0,2,0,0,2,0,0,2,2
109,-2422.112,-5307.754,-154.180,-54.636,0.579999,0.812496,0.058755,-0.814396,0.576650,0.065066,0.018985,-0.085588,0.996150,0,0.87232,-0.48936,52.339,-0.979,-1,375.000,-1,400.000,-1,325.000,325.000,325.000,300.000,-1,550.000,550.000,-1,700.000,950.000,-1,-1,2,0,2,0,2,0,0,0,0,2,0,0,2,0,0,2,2
110,-2392.641,-5350.821,-153.351,-55.614,0.566121,0.822335,0.057205,-0.824044,0.562763,0.065188,0.021413,-0.084044,0.996232,0,0.86974,-0.48933,52.184,-0.979,-1,375.000,-1,400.000,-1,325.000,325.000,325.000,300.000,-1,575.000,550.000,-1,700.000,-1,-1,-1,2,0,2,0,2,0,0,0,0,2,0,0,2,0,2,2,2
111,-2363.996,-5394.258,-152.249,-56.594,0.552023,0.831987,0.055391,-0.833501,0.548726,0.064621,0.023370,-0.081841,0.996371,0,0.86718,-0.48969,52.031,-0.979,-1,375.000,-1,400.000,-1,325.000,325.000,325.000,300.000,-1,600.000,575.000,-1,700.000,-1,-1,-1,2,0,2,0,2,0,0,0,0,2,0,0,2,0,2,2,2
112,-2338.505,-5434.020,-151.134,-57.333,0.541262,0.839139,0.053687,-0.840487,0.538034,0.064047,0.024859,-0.079789,0.996502,0,0.78718,-0.36969,47.231,-0.739,-1,375.000,-1,400.000,-1,325.000,325.000,325.000,300.000,-1,650.000,600.000,-1,700.000,-1,-1,-1,2,0,2,0,2,0,0,0,0,2,0,0,2,0,2,2,2
113,-2313.901,-5473.141,-150.123,-57.832,0.533913,0.843883,0.052896,-0.845160,0.530755,0.063273,0.025320,-0.078487,0.996593,0,0.77024,-0.24969,46.215,-0.499,-1,375.000,-1,400.000,-1,325.000,325.000,325.000,300.000,-1,700.000,650.000,-1,700.000,-1,-1,-1,2,0,2,0,2,0,0,0,0,2,0,0,2,0,2,2,2
114,-2289.527,-5512.290,-149.121,-58.092,0.530053,0.846339,0.052483,-0.847591,0.526967,0.062414,0.025167,-0.077567,0.996669,0,0.76860,-0.12969,46.116,-0.259,-1,375.000,-1,400.000,-1,325.000,325.000,325.000,300.000,-1,775.000,725.000,-1,700.000,-1,-1,-1,2,0,2,0,2,0,0,0,0,2,0,0,2,0,2,2,2
115,-2265.206,-5551.380,-148.062,-58.111,0.529723,0.846573,0.052037,-0.847812,0.526716,0.061530,0.024681,-0.076712,0.996748,0,0.76731,-0.00969,46.038,-0.019,-1,375.000,-1,400.000,-1,325.000,325.000,325.000,325.000,-1,825.000,775.000,-1,675.000,-1,-1,-1,2,0,2,0,2,0,0,0,0,2,0,0,2,0,2,2,2
116,-2240.767,-5590.327,-146.910,-57.891,0.532937,0.844577,0.051655,-0.845814,0.529995,0.060863,0.024027,-0.076127,0.996809,0,0.76634,0.11031,45.980,0.221,-1,375.000,-1,400.000,-1,325.000,325.000,325.000,325.000,-1,900.000,850.000,-1,675.000,-1,-1,-1,2,0,2,0,2,0,0,0,0,2,0,0,2,0,2,2,2
117,-2216.035,-5629.043,-145.708,-57.430,0.539666,0.840315,0.051306,-0.841562,0.536785,0.060300,0.023131,-0.075719,0.996861,0,0.76569,0.23031,45.941,0.461,-1,375.000,-1,425.000,-1,325.000,325.000,300.000,325.000,-1,975.000,900.000,-1,675.000,-1,-1,-1,2,0,2,0,2,0,0,0,0,2,0,0,2,0,2,2,2
118,-2190.844,-5667.436,-144.485,-56.729,0.549851,0.833706,0.050980,-0.834974,0.547031,0.059793,0.021962,-0.075445,0.996908,0,0.76533,0.35031,45.920,0.701,-1,375.000,-1,425.000,-1,300.000,325.000,300.000,325.000,-1,-1,975.000,-1,675.000,-1,-1,-1,2,0,2,0,2,0,0,0,0,2,2,0,2,0,2,2,2
119,-2165.040,-5705.412,-143.274,-55.805,0.563183,0.824782,0.050592,-0.826075,0.560424,0.059366,0.020611,-0.075227,0.996953,0,0.76523,0.46236,45.914,0.925,1000.000,375.000,-1,450.000,-1,300.000,325.000,300.000,325.000,-1,-1,-1,-1,675.000,-1,-1,-1,0,0,2,0,2,0,0,0,0,2,2,2,2,0,2,2,2
120,-2138.626,-5742.975,-142.346,-54.884,0.576339,0.815746,0.048909,-0.816962,0.573657,0.059075,0.020134,-0.074004,0.997055,0,0.76536,0.46034,45.922,0.921,1000.000,375.000,-1,450.000,-1,300.000,325.000,300.000,325.000,-1,-1,1000.000,-1,675.000,975.000,-1,-1,0,0,2,0,2,0,0,0,0,2,2,0,2,0,1,2,2
121,-2109.816,-5782.779,-141.343,-54.102,0.587402,0.807921,0.047150,-0.809051,0.584794,0.058754,0.019895,-0.072659,0.997158,0,0.81894,0.39098,49.136,0.782,975.000,375.000,-1,475.000,-1,300.000,325.000,300.000,325.000,-1,-1,1000.000,-1,700.000,950.000,-1,-1,0,0,2,0,2,0,0,0,0,2,2,0,2,0,1,2,2
122,-2080.281,-5822.444,-140.319,-53.327,0.598268,0.800009,0.045403,-0.801054,0.595733,0.058441,0.019705,-0.071333,0.997258,0,0.82423,0.38774,49.454,0.775,975.000,375.000,-1,475.000,-1,325.000,350.000,300.000,325.000,-1,-1,1000.000,-1,700.000,925.000,-1,-1,0,0,2,0,2,0,0,0,0,2,2,0,2,0,1,2,2
123,-2050.031,-5861.955,-140.207,-52.558,0.608759,0.792215,0.042518,-0.793177,0.606612,0.053771,0.016806,-0.066457,0.997648,0,0.82936,0.38419,49.762,0.768,975.000,350.000,-1,475.000,-1,325.000,350.000,300.000,300.000,-1,-1,-1,-1,700.000,900.000,-1,-1,0,0,2,0,2,0,0,0,0,2,2,2,2,0,1,2,2
124,-2019.076,-5901.294,-139.868,-51.798,0.619071,0.784396,0.038382,-0.785198,0.617314,0.048858,0.014631,-0.060384,0.998068,0,0.83431,0.38030,50.059,0.761,1000.000,375.000,-1,475.000,-1,325.000,350.000,325.000,300.000,-1,-1,-1,-1,700.000,850.000,-1,-1,0,0,2,0,2,0,0,0,0,2,2,2,2,0,1,2,2
125,-1987.428,-5940.446,-139.491,-51.045,0.629185,0.776498,0.034302,-0.777155,0.627778,0.043879,0.012538,-0.054267,0.998448,0,0.83906,0.37607,50.343,0.752,-1,375.000,-1,475.000,-1,325.000,350.000,325.000,300.000,-1,-1,-1,-1,700.000,825.000,-1,975.000,2,0,2,0,2,0,0,0,0,2,2,2,2,0,1,2,1
126,-1955.102,-5979.391,-139.077,-50.302,0.639090,0.768536,0.030279,-0.769060,0.637996,0.038835,0.010529,-0.048106,0.998787,0,0.84356,0.37148,50.614,0.743,-1,375.000,-1,475.000,-1,325.000,350.000,325.000,300.000,-1,-1,-1,-1,700.000,775.000,-1,925.000,2,0,2,0,2,0,0,0,0,2,2,2,2,0,1,2,1
127,-1922.115,-6018.113,-138.770,-49.569,0.648794,0.760504,0.026457,-0.760910,0.647940,0.034484,0.009083,-0.042505,0.999055,0,0.84780,0.36651,50.868,0.733,-1,375.000,-1,475.000,925.000,325.000,350.000,325.000,325.000,-1,-1,-1,-1,700.000,750.000,-1,875.000,2,0,2,0,1,0,0,0,0,2,2,2,2,0,1,2,1
128,-1888.488,-6056.594,-138.481,-48.847,0.658273,0.752431,0.022899,-0.752738,0.657612,0.030543,0.007922,-0.037343,0.999271,0,0.85173,0.36115,51.104,0.722,-1,375.000,-1,475.000,850.000,325.000,350.000,325.000,325.000,-1,-1,-1,-1,700.000,725.000,-1,825.000,2,0,2,0,1,0,0,0,0,2,2,2,2,0,1,2,1
129,-1854.241,-6094.814,-138.091,-48.136,0.667507,0.744345,0.019630,-0.744574,0.667011,0.026563,0.006678,-0.032347,0.999454,0,0.85531,0.35539,51.319,0.711,-1,375.000,-1,450.000,750.000,325.000,350.000,325.000,325.000,-1,-1,-1,-1,700.000,700.000,-1,775.000,2,0,2,0,1,0,0,0,0,2,2,2,2,0,1,2,1
130,-1819.401,-6132.754,-137.650,-47.438,0.676489,0.736270,0.016411,-0.736432,0.676136,0.022539,0.005499,-0.027333,0.999611,0,0.85851,0.34921,51.510,0.698,-1,375.000,-1,450.000,700.000,325.000,350.000,350.000,325.000,-1,-1,-1,-1,700.000,650.000,-1,725.000,2,0,2,0,1,0,0,0,0,2,2,2,2,0,1,2,1
131,-1783.997,-6170.396,-137.156,-46.753,0.685213,0.728222,0.013240,-0.728330,0.684978,0.018474,0.004384,-0.022302,0.999742,0,0.86127,0.34259,51.676,0.685,-1,375.000,-1,450.000,625.000,325.000,350.000,350.000,325.000,-1,-1,-1,-1,700.000,625.000,-1,675.000,2,0,2,0,1,0,0,0,0,2,2,2,2,0,1,2,1
132,-1748.058,-6207.719,-137.188,-46.082,0.693652,0.720190,0.013160,-0.720309,0.693498,0.014651,0.001425,-0.019642,0.999806,0,0.86355,0.33553,51.813,0.671,-1,375.000,-1,450.000,575.000,325.000,350.000,350.000,325.000,-1,-1,-1,-1,700.000,600.000,-1,625.000,2,0,2,0,1,0,0,0,0,2,2,2,2,0,1,2,1
133,-1711.620,-6244.703,-137.399,-45.426,0.701804,0.712226,0.014337,-0.712367,0.701721,0.010989,-0.002234,-0.017926,0.999837,0,0.86530,0.32801,51.918,0.656,-1,375.000,-1,425.000,525.000,325.000,325.000,325.000,325.000,-1,-1,-1,-1,675.000,575.000,-1,575.000,2,0,2,1,1,0,0,0,0,2,2,2,2,0,1,2,1
134,-1674.722,-6281.326,-137.294,-44.786,0.709677,0.704352,0.015698,-0.704509,0.709643,0.008643,-0.005052,-0.017193,0.999839,0,0.86647,0.32002,51.988,0.640,-1,375.000,-1,400.000,475.000,300.000,325.000,325.000,350.000,-1,-1,-1,-1,650.000,550.000,-1,525.000,2,0,2,1,1,0,0,0,0,2,2,2,2,0,1,2,1
135,-1637.405,-6317.569,-137.922,-44.162,0.717320,0.696631,0.012496,-0.696731,0.717301,0.006796,-0.004229,-0.013581,0.999899,0,0.86700,0.31157,52.020,0.623,1000.000,375.000,1000.000,400.000,450.000,300.000,325.000,325.000,350.000,-1,-1,-1,-1,650.000,525.000,-1,475.000,1,0,1,1,1,0,0,0,0,2,2,2,2,0,1,2,1
136,-1603.039,-6350.336,-138.473,-43.635,0.723719,0.690030,0.009450,-0.690087,0.723709,0.005107,-0.003315,-0.010217,0.999942,0,0.79140,0.26358,47.484,0.527,950.000,375.000,975.000,375.000,400.000,300.000,325.000,325.000,350.000,-1,-1,-1,-1,650.000,500.000,-1,450.000,1,0,1,1,1,0,0,0,0,2,2,2,2,0,1,2,1
137,-1568.415,-6382.766,-138.780,-43.125,0.729847,0.683581,0.006357,-0.683604,0.729849,0.002472,-0.002950,-0.006150,0.999977,0,0.79066,0.25509,47.439,0.510,925.000,375.000,925.000,350.000,350.000,300.000,325.000,325.000,350.000,-1,-1,-1,-1,650.000,475.000,-1,400.000,1,0,1,1,1,0,0,0,0,2,2,2,2,0,1,2,1
