timestep,x_cm,y_cm,z_cm,yaw_deg,basis_xx,basis_xy,basis_xz,basis_yx,basis_yy,basis_yz,basis_zx,basis_zy,basis_zz,teleport_flag,throttle_cmd,steering_cmd,cmd_move_cm,cmd_turn_deg,lidar_cm_0,lidar_cm_1,lidar_cm_2,lidar_cm_3,lidar_cm_4,lidar_cm_5,lidar_cm_6,lidar_cm_7,lidar_cm_8,lidar_cm_9,lidar_cm_10,lidar_cm_11,lidar_cm_12,lidar_cm_13,lidar_cm_14,lidar_cm_15,lidar_cm_16,lidar_class_0,lidar_class_1,lidar_class_2,lidar_class_3,lidar_class_4,lidar_class_5,lidar_class_6,lidar_class_7,lidar_class_8,lidar_class_9,lidar_class_10,lidar_class_11,lidar_class_12,lidar_class_13,lidar_class_14,lidar_class_15,lidar_class_16
0,332.759,5575.755,-107.646,3.088,0.997460,-0.053606,-0.046894,0.048706,0.993793,-0.100020,0.051964,0.097482,0.993880,1,0.08000,0.12000,4.800,0.240,225.000,300.000,825.000,425.000,-1,325.000,400.000,475.000,275.000,-1,250.000,125.000,-1,425.000,625.000,250.000,-1,1,1,1,1,2,1,1,1,0,2,0,0,2,1,1,1,2
1,342.340,5576.355,-107.109,3.568,0.996916,-0.061918,-0.048214,0.056728,0.993120,-0.102440,0.054225,0.099389,0.993570,0,0.16000,0.24000,9.600,0.480,225.000,300.000,825.000,425.000,-1,325.000,375.000,475.000,275.000,-1,250.000,125.000,-1,425.000,600.000,225.000,-1,1,1,1,1,2,1,1,1,0,2,0,0,2,1,1,1,2
2,356.701,5577.399,-106.287,4.138,0.996150,-0.071782,-0.050325,0.066137,0.992159,-0.106048,0.057543,0.102311,0.993087,0,0.24000,0.28527,14.400,0.571,225.000,300.000,800.000,425.000,-1,325.000,375.000,475.000,275.000,-1,250.000,125.000,650.000,400.000,600.000,225.000,-1,1,1,1,1,2,1,1,1,0,2,0,0,0,1,1,1,2
3,375.836,5578.984,-105.163,4.715,0.995228,-0.081727,-0.053315,0.075439,0.990969,-0.110862,0.061894,0.106311,0.992405,0,0.32000,0.28826,19.200,0.577,200.000,300.000,800.000,425.000,-1,325.000,375.000,475.000,275.000,-1,225.000,100.000,625.000,400.000,600.000,225.000,1000.000,1,1,1,1,2,1,1,1,0,2,0,0,0,1,1,1,1
4,399.732,5581.212,-103.713,5.302,0.994130,-0.091834,-0.057194,0.084677,0.989516,-0.116998,0.067339,0.111469,0.991484,0,0.40000,0.29381,24.000,0.588,200.000,300.000,800.000,400.000,-1,325.000,375.000,450.000,275.000,-1,225.000,100.000,575.000,400.000,575.000,225.000,925.000,1,1,1,1,2,1,1,1,0,2,0,0,0,1,1,1,1
5,428.378,5584.188,-101.910,5.906,0.992833,-0.102186,-0.061974,0.093886,0.987756,-0.124594,0.073947,0.117882,0.990270,0,0.48000,0.30206,28.800,0.604,200.000,300.000,775.000,400.000,-1,300.000,350.000,450.000,275.000,-1,200.000,75.000,525.000,400.000,575.000,225.000,875.000,1,1,1,1,2,1,1,1,0,2,0,0,0,1,1,1,1
6,461.759,5588.026,-99.718,6.533,0.991303,-0.112870,-0.067668,0.103090,0.985630,-0.133812,0.081799,0.125673,0.988694,0,0.56000,0.31320,33.600,0.626,200.000,300.000,775.000,400.000,-1,300.000,350.000,425.000,250.000,-1,200.000,75.000,475.000,400.000,550.000,200.000,800.000,1,1,1,1,2,1,1,1,0,2,0,0,0,1,1,1,1
7,499.855,5592.851,-97.098,7.188,0.989500,-0.123978,-0.074289,0.112296,0.983060,-0.144852,0.090989,0.134989,0.986661,0,0.64000,0.32753,38.400,0.655,175.000,300.000,775.000,375.000,-1,275.000,325.000,400.000,250.000,-1,200.000,50.000,425.000,375.000,525.000,200.000,750.000,1,1,1,1,2,1,1,1,0,2,0,0,0,1,1,1,1
8,542.644,5598.799,-93.998,7.879,0.987376,-0.135607,-0.081851,0.121493,0.979944,-0.157952,0.101628,0.146014,0.984049,0,0.72000,0.34542,43.200,0.691,175.000,275.000,750.000,375.000,-1,275.000,325.000,375.000,250.000,-1,175.000,50.000,375.000,375.000,500.000,200.000,700.000,1,1,1,1,2,1,1,1,0,2,0,0,0,1,1,1,1
9,590.099,5606.021,-90.360,8.613,0.984872,-0.147863,-0.090354,0.130645,0.976148,-0.173399,0.113838,0.158972,0.980698,0,0.80000,0.36737,48.000,0.735,175.000,275.000,750.000,350.000,-1,275.000,300.000,350.000,250.000,-1,175.000,50.000,325.000,375.000,475.000,175.000,625.000,1,1,1,1,2,1,1,1,0,2,0,0,0,1,1,1,1
10,642.188,5614.675,-84.449,9.401,0.981450,-0.161030,-0.104043,0.139857,0.972554,-0.185953,0.131132,0.167952,0.977035,0,0.88000,0.39399,52.800,0.788,150.000,275.000,-1,325.000,-1,250.000,300.000,325.000,250.000,-1,150.000,50.000,300.000,400.000,475.000,175.000,600.000,1,1,2,1,2,1,1,1,0,2,0,0,0,1,1,1,1
11,-8199.148,-2295.765,-129.983,-64.928,0.422436,0.905697,-0.035515,-0.904700,0.423717,0.044509,0.055360,0.013328,0.998377,1,0.00000,0.00000,57.600,0.852,-1,400.000,-1,400.000,-1,325.000,325.000,300.000,300.000,-1,-1,-1,-1,825.000,875.000,-1,-1,2,0,2,0,2,0,0,0,0,2,2,2,2,0,0,2,2
12,-8197.096,-2300.104,-129.702,-64.688,0.426240,0.903917,-0.035402,-0.902921,0.427509,0.044390,0.055259,0.013045,0.998387,0,0.08000,0.12000,4.800,0.240,-1,400.000,-1,400.000,-1,325.000,325.000,300.000,300.000,-1,-1,-1,-1,825.000,875.000,-1,-1,2,0,2,0,2,0,0,0,0,2,2,2,2,0,0,2,2
13,-8192.919,-2308.748,-129.140,-64.208,0.433825,0.900310,-0.035174,-0.899314,0.435069,0.044155,0.055056,0.012477,0.998405,0,0.16000,0.24000,9.600,0.480,-1,400.000,-1,400.000,-1,325.000,325.000,300.000,300.000,-1,-1,-1,-1,825.000,875.000,-1,-1,2,0,2,0,2,0,0,0,0,2,2,2,2,0,0,2,2
14,-8186.492,-2321.634,-128.294,-63.488,0.445144,0.894781,-0.034826,-0.893784,0.446353,0.043813,0.054748,0.011624,0.998433,0,0.24000,0.36000,14.400,0.720,-1,400.000,-1,400.000,-1,325.000,325.000,300.000,300.000,-1,-1,-1,-1,825.000,875.000,-1,-1,2,0,2,0,2,0,0,0,0,2,2,2,2,0,0,2,2
15,-8177.635,-2338.669,-127.163,-62.528,0.460126,0.887189,-0.034356,-0.886190,0.461288,0.043377,0.054332,0.010487,0.998468,0,0.32000,0.48000,19.200,0.960,-1,400.000,-1,400.000,-1,325.000,325.000,300.000,300.000,-1,-1,-1,-1,825.000,875.000,-1,-1,2,0,2,0,2,0,0,0,0,2,2,2,2,0,0,2,2
16,-8166.120,-2359.726,-125.745,-61.328,0.478670,0.877346,-0.033757,-0.876345,0.479773,0.042866,0.053804,0.009064,0.998510,0,0.40000,0.60000,24.000,1.200,-1,400.000,-1,400.000,-1,325.000,325.000,300.000,300.000,-1,-1,-1,-1,800.000,875.000,-1,-1,2,0,2,0,2,0,0,0,0,2,2,2,2,0,0,2,2
17,-8151.715,-2384.664,-124.042,-59.988,0.499129,0.865898,-0.033036,-0.864896,0.500166,0.042295,0.053146,0.007462,0.998559,0,0.48000,0.67001,28.800,1.340,-1,400.000,-1,400.000,-1,325.000,325.000,300.000,300.000,-1,-1,-1,-1,800.000,875.000,-1,-1,2,0,2,0,2,0,0,0,0,2,2,2,2,0,0,2,2
18,-8134.234,-2413.358,-122.082,-58.648,0.519318,0.853973,-0.032244,-0.852981,0.520284,0.041573,0.052278,0.005913,0.998615,0,0.56000,0.67002,33.600,1.340,-1,400.000,-1,400.000,-1,325.000,325.000,300.000,300.000,-1,-1,-1,-1,800.000,875.000,-1,-1,2,0,2,0,2,0,0,0,0,2,2,2,2,0,0,2,2
19,-8113.493,-2445.675,-119.941,-57.308,0.539203,0.841577,-0.031756,-0.840600,0.540117,0.040812,0.051499,0.004688,0.998662,0,0.64000,0.67004,38.400,1.340,-1,400.000,-1,400.000,-1,325.000,325.000,300.000,300.000,-1,-1,-1,-1,800.000,875.000,-1,-1,2,0,2,0,2,0,0,0,0,2,2,2,2,0,0,2,2
20,-8089.316,-2481.476,-117.741,-55.968,0.558746,0.828717,-0.032121,-0.827759,0.559652,0.040044,0.051162,0.004214,0.998681,0,0.72000,0.67005,43.200,1.340,-1,400.000,-1,400.000,-1,325.000,325.000,300.000,300.000,-1,-1,-1,-1,800.000,875.000,-1,-1,2,0,2,0,2,0,0,0,0,2,2,2,2,0,0,2,2
21,-8061.529,-2520.616,-115.294,-54.628,0.577983,0.815403,-0.032446,-0.814471,0.578881,0.039163,0.050716,0.003791,0.998706,0,0.80000,0.67004,48.000,1.340,-1,400.000,-1,425.000,-1,325.000,325.000,300.000,300.000,-1,-1,-1,-1,800.000,875.000,-1,-1,2,0,2,0,2,0,0,0,0,2,2,2,2,0,0,2,2
22,-8029.966,-2562.943,-112.704,-53.288,0.596900,0.801644,-0.032833,-0.800765,0.597790,0.037718,0.049863,0.003778,0.998749,0,0.88000,0.66996,52.800,1.340,-1,400.000,-1,425.000,-1,325.000,325.000,300.000,300.000,-1,-1,-1,-1,800.000,900.000,-1,-1,2,0,2,0,2,0,0,0,0,2,2,2,2,0,0,2,2
23,-7997.395,-2604.554,-110.244,-51.948,0.615483,0.787448,-0.033254,-0.786651,0.616366,0.035673,0.048587,0.004204,0.998810,0,0.88073,0.66978,52.844,1.340,-1,400.000,-1,425.000,-1,325.000,325.000,300.000,300.000,-1,-1,-1,-1,775.000,900.000,-1,-1,2,0,2,0,2,0,0,0,0,2,2,2,2,0,0,2,2
24,-7963.905,-2645.339,-107.788,-50.609,0.633728,0.772829,-0.033534,-0.772110,0.634598,0.033648,0.047285,0.004568,0.998871,0,0.87954,0.66950,52.772,1.339,-1,400.000,-1,400.000,-1,325.000,325.000,300.000,300.000,-1,-1,-1,-1,775.000,900.000,-1,-1,2,0,2,0,2,0,0,0,0,2,2,2,2,0,0,2,2
25,-7929.518,-2685.276,-105.309,-49.271,0.651614,0.757796,-0.033830,-0.757152,0.652472,0.031646,0.046055,0.004993,0.998926,0,0.87837,0.66911,52.702,1.338,-1,400.000,-1,400.000,-1,325.000,325.000,300.000,300.000,-1,-1,-1,-1,775.000,875.000,-1,-1,2,0,2,0,2,0,0,0,0,2,2,2,2,0,0,2,2
26,-7894.254,-2724.350,-102.864,-47.934,0.669135,0.742362,-0.034010,-0.741780,0.669978,0.029861,0.044954,0.005247,0.998975,0,0.87722,0.66861,52.633,1.337,-1,400.000,-1,400.000,-1,325.000,325.000,300.000,300.000,-1,-1,-1,-1,775.000,875.000,-1,-1,2,0,2,0,2,0,0,0,0,2,2,2,2,0,0,2,2
27,-7858.135,-2762.542,-100.525,-46.598,0.686281,0.726540,-0.034015,-0.725993,0.687105,0.028634,0.044176,0.005044,0.999011,0,0.87611,0.66801,52.567,1.336,-1,400.000,-1,400.000,-1,325.000,325.000,300.000,300.000,-1,-1,-1,-1,775.000,875.000,-1,-1,2,0,2,0,2,0,0,0,0,2,2,2,2,0,0,2,2
28,-7820.107,-2800.599,-98.125,-45.022,0.706030,0.707369,-0.033922,-0.706854,0.706829,0.027393,0.043354,0.004638,0.999049,0,0.89668,0.78801,53.801,1.576,-1,400.000,-1,400.000,-1,325.000,325.000,300.000,300.000,-1,-1,-1,-1,775.000,875.000,-1,-1,2,0,2,0,2,0,0,0,0,2,2,2,2,0,0,2,2
29,-7780.971,-2837.453,-95.736,-43.280,0.727238,0.685554,-0.033789,-0.685066,0.728011,0.026169,0.042539,0.004117,0.999086,0,0.89595,0.87113,53.757,1.742,-1,400.000,-1,400.000,-1,325.000,325.000,300.000,300.000,-1,-1,-1,-1,750.000,850.000,-1,-1,2,0,2,0,2,0,0,0,0,2,2,2,2,0,0,2,2
30,-7740.753,-2873.084,-93.372,-41.539,0.747750,0.663126,-0.033691,-0.662666,0.748499,0.024953,0.041765,0.003667,0.999121,0,0.89552,0.87030,53.731,1.741,-1,400.000,-1,400.000,-1,325.000,325.000,300.000,300.000,-1,-1,-1,-1,750.000,850.000,-1,-1,2,0,2,0,2,0,0,0,0,2,2,2,2,0,0,2,2
31,-7699.491,-2907.462,-91.022,-39.800,0.767551,0.640109,-0.033562,-0.639676,0.768277,0.023756,0.040992,0.003235,0.999154,0,0.89512,0.86941,53.707,1.739,-1,400.000,-1,400.000,-1,325.000,325.000,300.000,300.000,-1,-1,-1,-1,750.000,850.000,-1,-1,2,0,2,0,2,0,0,0,0,2,2,2,2,0,0,2,2
32,-7657.224,-2940.560,-88.687,-38.063,0.786624,0.616528,-0.033404,-0.616121,0.787328,0.022579,0.040221,0.002820,0.999187,0,0.89474,0.86849,53.684,1.737,-1,400.000,-1,400.000,-1,325.000,325.000,300.000,300.000,-1,-1,-1,-1,725.000,850.000,-1,-1,2,0,2,0,2,0,0,0,0,2,2,2,2,0,0,2,2
33,-7613.991,-2972.350,-86.405,-36.328,0.804922,0.592408,-0.033957,-0.592011,0.805634,0.021817,0.040282,0.002542,0.999185,0,0.89438,0.86752,53.663,1.735,-1,400.000,-1,400.000,-1,325.000,325.000,300.000,300.000,-1,-1,-1,-1,725.000,850.000,-1,-1,2,0,2,0,2,0,0,0,0,2,2,2,2,0,0,2,2
34,-7569.833,-3002.807,-84.249,-34.595,0.822460,0.567773,-0.034554,-0.567382,0.823182,0.021186,0.040474,0.002180,0.999178,0,0.89405,0.86650,53.643,1.733,-1,400.000,-1,400.000,-1,325.000,325.000,300.000,300.000,-1,-1,-1,-1,725.000,850.000,-1,-1,2,0,2,0,2,0,0,0,0,2,2,2,2,0,0,2,2
35,-7524.790,-3031.907,-82.109,-32.864,0.839227,0.542650,-0.035060,-0.542261,0.839957,0.020615,0.040635,0.001711,0.999173,0,0.89375,0.86545,53.625,1.731,-1,400.000,-1,400.000,-1,325.000,325.000,300.000,300.000,-1,-1,-1,-1,725.000,825.000,-1,-1,2,0,2,0,2,0,0,0,0,2,2,2,2,0,0,2,2
36,-7478.904,-3059.626,-79.968,-31.136,0.855206,0.517065,-0.035581,-0.516676,0.855945,0.020070,0.040833,0.001220,0.999165,0,0.89347,0.86435,53.608,1.729,-1,375.000,-1,400.000,-1,325.000,325.000,300.000,300.000,-1,-1,-1,-1,725.000,825.000,-1,-1,2,0,2,0,2,0,0,0,0,2,2,2,2,0,0,2,2
37,-7432.217,-3085.943,-77.828,-29.409,0.870386,0.491043,-0.036119,-0.490654,0.871135,0.019548,0.041064,0.000708,0.999156,0,0.89322,0.86322,53.593,1.726,-1,375.000,-1,400.000,-1,325.000,325.000,300.000,300.000,-1,-1,-1,-1,725.000,800.000,-1,-1,2,0,2,0,2,0,0,0,0,2,2,2,2,0,0,2,2
38,-7386.616,-3110.111,-75.773,-27.923,0.882820,0.468280,-0.036638,-0.467892,0.883580,0.019071,0.041303,0.000306,0.999147,0,0.86017,0.74322,51.610,1.486,-1,375.000,-1,400.000,-1,325.000,325.000,325.000,325.000,-1,-1,-1,-1,725.000,800.000,-1,-1,2,0,2,0,2,0,0,0,0,2,2,2,2,0,0,2,2
39,-7340.523,-3133.269,-73.690,-26.676,0.892786,0.448949,-0.037116,-0.448570,0.893557,0.018442,0.041445,0.000184,0.999141,0,0.85972,0.62322,51.583,1.246,-1,375.000,-1,400.000,-1,325.000,325.000,325.000,325.000,-1,-1,-1,-1,725.000,800.000,-1,-1,2,0,2,0,2,0,0,0,0,2,2,2,2,0,0,2,2
40,-7294.071,-3155.595,-71.606,-25.670,0.900520,0.433185,-0.037609,-0.432819,0.901305,0.017807,0.041611,0.000243,0.999134,0,0.85898,0.50322,51.539,1.006,-1,375.000,-1,400.000,-1,325.000,325.000,325.000,325.000,-1,-1,-1,-1,725.000,775.000,-1,-1,2,0,2,0,2,0,0,0,0,2,2,2,2,0,0,2,2
41,-7247.380,-3177.271,-69.452,-24.903,0.906204,0.421090,-0.038451,-0.420747,0.907019,0.017003,0.042036,0.000770,0.999116,0,0.85796,0.38322,51.478,0.766,-1,375.000,-1,400.000,-1,325.000,325.000,325.000,325.000,-1,-1,-1,-1,725.000,775.000,-1,-1,2,0,2,0,2,0,0,0,0,2,2,2,2,0,0,2,2
42,-7200.561,-3198.487,-67.296,-24.377,0.910001,0.412738,-0.039321,-0.412423,0.910848,0.016187,0.042497,0.001487,0.999096,0,0.85669,0.26322,51.402,0.526,-1,375.000,-1,400.000,-1,325.000,325.000,325.000,325.000,-1,-1,-1,-1,725.000,775.000,-1,-1,2,0,2,0,2,0,0,0,0,2,2,2,2,0,0,2,2
43,-7153.657,-3219.297,-65.137,-23.926,0.913185,0.405554,-0.040231,-0.405270,0.914068,0.015351,0.042999,0.002286,0.999072,0,0.85522,0.22553,51.313,0.451,-1,375.000,-1,400.000,-1,325.000,325.000,325.000,325.000,-1,-1,-1,-1,725.000,775.000,-1,-1,2,0,2,0,2,0,0,0,0,2,2,2,2,0,0,2,2
44,-7106.671,-3239.706,-62.856,-23.479,0.916306,0.398407,-0.040683,-0.398143,0.917205,0.014754,0.043193,0.002679,0.999063,0,0.85378,0.22360,51.227,0.447,-1,375.000,-1,375.000,-1,300.000,300.000,325.000,325.000,-1,-1,-1,-1,725.000,775.000,-1,-1,2,0,2,0,2,0,0,0,0,2,2,2,2,0,0,2,2
45,-7059.599,-3259.721,-60.472,-23.036,0.919337,0.391304,-0.041237,-0.391043,0.920257,0.014559,0.043645,0.002741,0.999043,0,0.85250,0.22149,51.150,0.443,-1,375.000,-1,375.000,-1,300.000,300.000,325.000,325.000,-1,-1,-1,-1,725.000,775.000,-1,-1,2,0,2,0,2,0,0,0,0,2,2,2,2,0,0,2,2
46,-7012.438,-3279.350,-58.118,-22.597,0.922284,0.384251,-0.041761,-0.384001,0.923224,0.014184,0.044005,0.002955,0.999027,0,0.85138,0.21920,51.083,0.438,-1,375.000,-1,375.000,-1,300.000,300.000,325.000,325.000,-1,-1,-1,-1,725.000,750.000,-1,-1,2,0,2,0,2,0,0,0,0,2,2,2,2,0,0,2,2
47,-6965.182,-3298.600,-55.745,-22.164,0.925142,0.377255,-0.042315,-0.377015,0.926104,0.013841,0.044410,0.003149,0.999008,0,0.85043,0.21673,51.026,0.433,-1,375.000,-1,375.000,-1,300.000,300.000,325.000,325.000,-1,-1,-1,-1,725.000,750.000,-1,-1,2,0,2,0,2,0,0,0,0,2,2,2,2,0,0,2,2
48,-6917.828,-3317.479,-53.355,-21.736,0.927912,0.370324,-0.042899,-0.370092,0.928897,0.013528,0.044858,0.003323,0.998988,0,0.84964,0.21409,50.979,0.428,-1,375.000,-1,375.000,-1,300.000,300.000,325.000,325.000,-1,-1,-1,-1,725.000,750.000,-1,-1,2,0,2,0,2,0,0,0,0,2,2,2,2,0,0,2,2
49,-6870.370,-3335.994,-51.025,-21.313,0.930586,0.363463,-0.043631,-0.363221,0.931603,0.013632,0.045601,0.003162,0.998955,0,0.84903,0.21129,50.942,0.423,-1,375.000,-1,375.000,-1,300.000,300.000,325.000,325.000,-1,-1,-1,-1,725.000,750.000,-1,-1,2,0,2,0,2,0,0,0,0,2,2,2,2,0,0,2,2
50,-6822.803,-3354.155,-48.693,-20.896,0.933170,0.356679,-0.044420,-0.356423,0.934222,0.013831,0.046431,0.002926,0.998917,0,0.84860,0.20833,50.916,0.417,-1,375.000,-1,375.000,-1,300.000,300.000,325.000,325.000,-1,-1,-1,-1,725.000,750.000,-1,-1,2,0,2,0,2,0,0,0,0,2,2,2,2,0,0,2,2
51,-6775.121,-3371.969,-46.340,-20.486,0.935665,0.349978,-0.045241,-0.349706,0.936754,0.014041,0.047294,0.002683,0.998877,0,0.84835,0.20521,50.901,0.410,-1,375.000,-1,375.000,-1,300.000,300.000,325.000,325.000,-1,-1,950.000,-1,725.000,750.000,-1,-1,2,0,2,0,2,0,0,0,0,2,2,0,2,0,0,2,2
52,-6727.319,-3389.446,-43.968,-20.082,0.938070,0.343366,-0.046093,-0.343078,0.939199,0.014261,0.048187,0.002435,0.998835,0,0.84828,0.20195,50.897,0.404,-1,375.000,-1,400.000,-1,300.000,300.000,325.000,350.000,-1,-1,925.000,-1,750.000,775.000,-1,-1,2,0,2,0,2,0,0,0,0,2,2,0,2,0,0,2,2
53,-6679.390,-3406.593,-41.577,-19.685,0.940386,0.336849,-0.046975,-0.336545,0.941556,0.014491,0.049111,0.002182,0.998791,0,0.84839,0.19853,50.903,0.397,-1,375.000,-1,400.000,-1,300.000,300.000,325.000,350.000,-1,1000.000,875.000,-1,750.000,775.000,-1,-1,2,0,2,0,2,0,0,0,0,2,0,0,2,0,0,2,2
54,-6631.329,-3423.419,-39.089,-19.295,0.942620,0.330434,-0.047757,-0.330130,0.943827,0.014353,0.049817,0.002236,0.998756,0,0.84868,0.19497,50.921,0.390,-1,375.000,-1,400.000,-1,300.000,300.000,325.000,325.000,-1,925.000,875.000,-1,750.000,775.000,-1,-1,2,0,2,0,2,0,0,0,0,2,0,0,2,0,0,2,2
55,-6583.131,-3439.932,-36.633,-18.913,0.944782,0.324125,-0.048268,-0.323814,0.946012,0.014348,0.050313,0.002074,0.998731,0,0.84915,0.19126,50.949,0.383,-1,375.000,-1,400.000,-1,300.000,300.000,325.000,325.000,-1,925.000,900.000,-1,750.000,775.000,-1,-1,2,0,2,0,2,0,0,0,0,2,0,0,2,0,0,2,2
56,-6534.789,-3456.143,-34.156,-18.538,0.946859,0.317929,-0.048775,-0.317612,0.948112,0.014339,0.050803,0.001915,0.998707,0,0.84980,0.18742,50.988,0.375,-1,375.000,-1,400.000,-1,300.000,300.000,325.000,325.000,-1,925.000,900.000,-1,750.000,775.000,-1,-1,2,0,2,0,2,0,0,0,0,2,0,0,2,0,0,2,2
57,-6485.428,-3472.342,-31.517,-18.168,0.948884,0.311805,-0.048958,-0.311469,0.950145,0.014538,0.051050,0.001454,0.998695,0,0.86585,0.18486,51.951,0.370,-1,375.000,-1,400.000,-1,300.000,325.000,325.000,325.000,-1,950.000,925.000,-1,775.000,775.000,-1,-1,2,0,2,0,2,0,0,0,0,2,0,0,2,0,0,2,2
58,-6436.009,-3488.209,-28.908,-17.801,0.950852,0.305714,-0.049200,-0.305371,0.952123,0.014528,0.051286,0.001210,0.998683,0,0.86506,0.18348,51.904,0.367,-1,375.000,-1,400.000,-1,300.000,325.000,325.000,325.000,-1,1000.000,975.000,-1,775.000,750.000,-1,-1,2,0,2,0,2,0,0,0,0,2,0,0,2,0,0,2,2
59,-6386.530,-3503.750,-26.311,-17.437,0.952762,0.299661,-0.049474,-0.299318,0.954045,0.014378,0.051509,0.001110,0.998672,0,0.86436,0.18192,51.862,0.364,-1,375.000,-1,400.000,-1,300.000,325.000,325.000,325.000,-1,-1,1000.000,-1,775.000,775.000,-1,-1,2,0,2,0,2,0,0,0,0,2,2,0,2,0,0,2,2
60,-6336.990,-3518.969,-23.683,-17.077,0.954617,0.293655,-0.049734,-0.293311,0.955911,0.014238,0.051723,0.000996,0.998661,0,0.86376,0.18019,51.826,0.360,-1,375.000,-1,400.000,-1,300.000,325.000,325.000,325.000,-1,-1,-1,-1,800.000,775.000,-1,-1,2,0,2,0,2,0,0,0,0,2,2,2,2,0,0,2,2
61,-6287.384,-3533.871,-21.025,-16.720,0.956416,0.287700,-0.049981,-0.287355,0.957720,0.014109,0.051928,0.000868,0.998650,0,0.86326,0.17829,51.796,0.357,-1,375.000,-1,400.000,-1,300.000,325.000,325.000,325.000,-1,-1,-1,-1,800.000,775.000,-1,-1,2,0,2,0,2,0,0,0,0,2,2,2,2,0,0,2,2
62,-6237.710,-3548.460,-18.338,-16.368,0.958157,0.281803,-0.050215,-0.281456,0.959472,0.013992,0.052123,0.000727,0.998640,0,0.86287,0.17623,51.772,0.352,-1,375.000,-1,400.000,-1,300.000,325.000,325.000,325.000,-1,-1,-1,-1,800.000,775.000,-1,-1,2,0,2,0,2,0,0,0,0,2,2,2,2,0,0,2,2
63,-6187.964,-3562.743,-15.621,-16.020,0.959842,0.275970,-0.050436,-0.275621,0.961166,0.013886,0.052310,0.000573,0.998631,0,0.86260,0.17401,51.756,0.348,-1,375.000,-1,400.000,-1,300.000,325.000,325.000,325.000,-1,-1,-1,-1,800.000,775.000,-1,-1,2,0,2,0,2,0,0,0,0,2,2,2,2,0,0,2,2
64,-6139.766,-3576.048,-12.978,-15.432,0.962617,0.266091,-0.050637,-0.265732,0.963948,0.013825,0.052490,0.000148,0.998621,0,0.83334,0.29401,50.000,0.588,-1,400.000,-1,400.000,-1,300.000,325.000,325.000,325.000,-1,-1,-1,-1,825.000,800.000,-1,-1,2,0,2,0,2,0,0,0,0,2,2,2,2,0,0,2,2
65,-6091.374,-3588.657,-10.318,-14.604,0.966358,0.252134,-0.050803,-0.251755,0.967692,0.013822,0.052647,-0.000568,0.998613,0,0.83345,0.41401,50.007,0.828,-1,400.000,-1,400.000,-1,325.000,325.000,325.000,325.000,-1,-1,-1,-1,825.000,800.000,-1,-1,2,0,2,0,2,0,0,0,0,2,2,2,2,0,0,2,2
66,-6042.737,-3600.366,-7.641,-13.536,0.970890,0.234052,-0.050917,-0.233645,0.972223,0.013897,0.052755,-0.001596,0.998606,0,0.83378,0.53401,50.027,1.068,-1,400.000,-1,400.000,-1,325.000,325.000,325.000,325.000,-1,-1,-1,-1,850.000,800.000,-1,-1,2,0,2,0,2,0,0,0,0,2,2,2,2,0,0,2,2
67,-5993.816,-3610.968,-4.950,-12.228,0.975984,0.211798,-0.050962,-0.211351,0.977309,0.014070,0.052785,-0.002961,0.998601,0,0.83428,0.65401,50.057,1.308,-1,400.000,-1,400.000,-1,325.000,325.000,325.000,325.000,-1,-1,-1,-1,875.000,800.000,-1,-1,2,0,2,0,2,0,0,0,0,2,2,2,2,0,0,2,2
68,-5944.588,-3620.251,-2.282,-10.680,0.981354,0.185317,-0.051000,-0.184811,0.982667,0.014515,0.052806,-0.004819,0.998593,0,0.83493,0.77401,50.096,1.548,-1,400.000,-1,400.000,-1,325.000,325.000,325.000,325.000,-1,-1,-1,-1,925.000,800.000,-1,-1,2,0,2,0,2,0,0,0,0,2,2,2,2,0,0,2,2
69,-5895.050,-3628.002,0.148,-8.892,0.986708,0.154563,-0.050174,-0.153945,0.987950,0.015983,0.052040,-0.008047,0.998613,0,0.83568,0.89401,50.141,1.788,-1,400.000,-1,400.000,-1,325.000,325.000,325.000,325.000,-1,-1,-1,-1,950.000,825.000,-1,-1,2,0,2,0,2,0,0,0,0,2,2,2,2,0,0,2,2
70,-5845.222,-3634.024,2.413,-6.892,0.991558,0.119987,-0.049147,-0.119285,0.992715,0.016976,0.050825,-0.010971,0.998647,0,0.83650,1.00000,50.190,2.000,-1,400.000,-1,400.000,-1,325.000,325.000,325.000,325.000,-1,-1,-1,-1,975.000,825.000,-1,-1,2,0,2,0,2,0,0,0,0,2,2,2,2,0,0,2,2
71,-5795.164,-3638.308,4.459,-4.892,0.995221,0.085266,-0.047595,-0.084528,0.996271,0.017315,0.048894,-0.013210,0.998717,0,0.83736,1.00000,50.241,2.000,-1,400.000,-1,400.000,-1,325.000,325.000,325.000,325.000,-1,-1,-1,-1,1000.000,850.000,-1,-1,2,0,2,0,2,0,0,0,0,2,2,2,2,0,0,2,2
72,-5744.940,-3640.845,6.499,-2.892,0.997669,0.050443,-0.045956,-0.049666,0.998605,0.017905,0.046795,-0.015581,0.998783,0,0.83815,1.00000,50.289,2.000,-1,400.000,-1,400.000,-1,325.000,325.000,325.000,325.000,-1,-1,-1,-1,-1,850.000,-1,-1,2,0,2,0,2,0,0,0,0,2,2,2,2,2,0,2,2
73,-5694.613,-3641.628,8.525,-0.892,0.998899,0.015561,-0.044253,-0.014743,0.999716,0.018748,0.044532,-0.018075,0.998844,0,0.83888,1.00000,50.333,2.000,-1,400.000,-1,400.000,-1,325.000,325.000,325.000,325.000,-1,-1,-1,-1,-1,875.000,-1,-1,2,0,2,0,2,0,0,0,0,2,2,2,2,2,0,2,2
74,-5644.249,-3640.653,10.528,1.108,0.998909,-0.019337,-0.042506,0.020195,0.999599,0.019847,0.042105,-0.020684,0.998899,0,0.83956,1.00000,50.374,2.000,-1,400.000,-1,400.000,-1,325.000,325.000,325.000,300.000,-1,-1,-1,-1,-1,875.000,-1,-1,2,0,2,0,2,0,0,0,0,2,2,2,2,2,0,2,2
75,-5593.912,-3637.919,12.501,3.108,0.997698,-0.054208,-0.040738,0.055104,0.998255,0.021203,0.039518,-0.023399,0.998945,0,0.84018,1.00000,50.411,2.000,-1,400.000,-1,400.000,-1,325.000,325.000,325.000,300.000,-1,-1,-1,-1,-1,875.000,-1,-1,2,0,2,0,2,0,0,0,0,2,2,2,2,2,0,2,2
76,-5543.668,-3633.426,14.435,5.108,0.995268,-0.089007,-0.038972,0.089938,0.995686,0.022814,0.036773,-0.026211,0.998980,0,0.84075,1.00000,50.445,2.000,-1,425.000,-1,400.000,-1,325.000,325.000,325.000,300.000,-1,-1,-1,-1,-1,900.000,-1,-1,2,0,2,0,2,0,0,0,0,2,2,2,2,2,0,2,2
77,-5493.580,-3627.179,16.323,7.108,0.991622,-0.123692,-0.037231,0.124652,0.991894,0.024676,0.033877,-0.029110,0.999002,0,0.84127,1.00000,50.476,2.000,-1,425.000,-1,400.000,-1,325.000,325.000,325.000,325.000,-1,-1,-1,-1,-1,900.000,-1,-1,2,0,2,0,2,0,0,0,0,2,2,2,2,2,0,2,2
78,-5443.713,-3619.183,18.156,9.108,0.986764,-0.158219,-0.035537,0.159202,0.986883,0.026785,0.030833,-0.032088,0.999009,0,0.84174,1.00000,50.504,2.000,-1,425.000,-1,400.000,-1,325.000,325.000,300.000,325.000,-1,-1,-1,-1,-1,925.000,-1,-1,2,0,2,0,2,0,0,0,0,2,2,2,2,2,0,2,2
79,-5394.131,-3609.447,19.928,11.108,0.980702,-0.192544,-0.033914,0.193543,0.980659,0.029134,0.027649,-0.035135,0.999000,0,0.84215,1.00000,50.529,2.000,-1,425.000,-1,400.000,-1,325.000,325.000,300.000,325.000,-1,-1,-1,-1,-1,950.000,-1,-1,2,0,2,0,2,0,0,0,0,2,2,2,2,2,0,2,2
80,-5344.898,-3597.981,21.630,13.108,0.973443,-0.226626,-0.032384,0.227631,0.973231,0.031713,0.024330,-0.038243,0.998972,0,0.84253,1.00000,50.552,2.000,-1,450.000,-1,425.000,-1,350.000,325.000,300.000,325.000,-1,-1,-1,-1,-1,975.000,-1,-1,2,0,2,0,2,0,0,0,0,2,2,2,2,2,0,2,2
81,-5296.075,-3584.799,23.050,15.108,0.964986,-0.260428,-0.031291,0.261425,0.964637,0.033645,0.021422,-0.040647,0.998944,0,0.84285,1.00000,50.571,2.000,-1,450.000,-1,425.000,-1,350.000,350.000,300.000,325.000,-1,-1,-1,-1,-1,1000.000,-1,-1,2,0,2,0,2,0,0,0,0,2,2,2,2,2,0,2,2
82,-5247.726,-3569.916,23.678,17.108,0.955406,-0.293937,-0.028303,0.294798,0.954968,0.033621,0.017146,-0.040465,0.999034,0,0.84314,1.00000,50.588,2.000,-1,450.000,-1,425.000,-1,350.000,350.000,325.000,325.000,-1,-1,-1,-1,-1,1000.000,-1,-1,2,0,2,0,2,0,0,0,0,2,2,2,2,2,0,2,2
83,-5199.911,-3553.351,24.224,19.108,0.944656,-0.327087,-0.025289,0.327815,0.944132,0.033936,0.012776,-0.040348,0.999104,0,0.84339,1.00000,50.603,2.000,-1,450.000,-1,425.000,-1,350.000,350.000,325.000,300.000,-1,-1,-1,-1,-1,1000.000,-1,-1,2,0,2,0,2,0,0,0,0,2,2,2,2,2,0,2,2
84,-5152.692,-3535.122,24.543,21.108,0.932737,-0.359830,-0.022904,0.360452,0.932123,0.034949,0.008774,-0.040854,0.999127,0,0.84360,1.00000,50.616,2.000,-1,450.000,-1,425.000,-1,350.000,350.000,325.000,300.000,-1,-1,-1,-1,-1,-1,-1,-1,2,0,2,0,2,0,0,0,0,2,2,2,2,2,2,2,2
85,-5106.129,-3515.252,24.633,23.108,0.919676,-0.392124,-0.020854,0.392649,0.918955,0.036726,0.004763,-0.041964,0.999108,0,0.84377,1.00000,50.626,2.000,-1,450.000,-1,425.000,-1,350.000,350.000,325.000,300.000,-1,-1,-1,-1,-1,-1,-1,-1,2,0,2,0,2,0,0,0,0,2,2,2,2,2,2,2,2
86,-5060.279,-3493.765,24.065,25.108,0.905527,-0.423940,-0.017230,0.424288,0.904675,0.039269,-0.001060,-0.042869,0.999080,0,0.84392,1.00000,50.635,2.000,-1,450.000,-1,425.000,-1,350.000,350.000,300.000,300.000,-1,-1,-1,-1,-1,-1,-1,-1,2,0,2,0,2,0,0,0,0,2,2,2,2,2,2,2,2
87,-5015.201,-3470.688,23.339,27.108,0.890266,-0.455242,-0.013489,0.455386,0.889305,0.041962,-0.007107,-0.043500,0.999028,0,0.84403,1.00000,50.642,2.000,-1,450.000,-1,425.000,-1,350.000,350.000,300.000,300.000,-1,-1,-1,-1,975.000,1000.000,-1,-1,2,0,2,0,2,0,0,0,0,2,2,2,2,0,0,2,2
88,-4970.951,-3446.050,22.512,29.108,0.873909,-0.485988,-0.009908,0.485911,0.872853,0.044925,-0.013185,-0.044075,0.998941,0,0.84412,1.00000,50.647,2.000,-1,425.000,-1,425.000,-1,350.000,350.000,300.000,300.000,-1,-1,-1,-1,950.000,1000.000,-1,-1,2,0,2,0,2,0,0,0,0,2,2,2,2,0,0,2,2
89,-4927.587,-3419.881,21.584,31.108,0.856478,-0.516143,-0.006510,0.515824,0.855341,0.048140,-0.019279,-0.044589,0.998819,0,0.84415,1.00000,50.649,2.000,-1,425.000,-1,425.000,-1,350.000,350.000,300.000,300.000,-1,-1,-1,-1,925.000,975.000,-1,-1,2,0,2,0,2,0,0,0,0,2,2,2,2,0,0,2,2
90,-4885.162,-3392.215,20.553,33.108,0.837995,-0.545668,-0.003319,0.545088,0.836790,0.051589,-0.025373,-0.045041,0.998663,0,0.84415,1.00000,50.649,2.000,-1,425.000,-1,425.000,-1,350.000,350.000,300.000,300.000,-1,-1,-1,-1,875.000,950.000,-1,-1,2,0,2,0,2,0,0,0,0,2,2,2,2,0,0,2,2
91,-4843.539,-3362.952,19.412,35.108,0.818484,-0.574529,-0.000343,0.573667,0.817222,0.055268,-0.031473,-0.045433,0.998472,0,0.84800,1.00000,50.880,2.000,-1,425.000,-1,425.000,-1,325.000,350.000,300.000,300.000,-1,-1,-1,-1,850.000,950.000,-1,-1,2,0,2,0,2,0,0,0,0,2,2,2,2,0,0,2,2
92,-4802.676,-3332.037,18.113,37.108,0.797958,-0.602708,0.002384,0.601571,0.796684,0.058365,-0.037076,-0.045138,0.998292,0,0.85400,1.00000,51.240,2.000,-1,400.000,-1,425.000,-1,325.000,325.000,300.000,300.000,-1,-1,-1,-1,825.000,925.000,-1,-1,2,0,2,0,2,0,0,0,0,2,2,2,2,0,0,2,2
93,-4762.627,-3299.481,16.225,39.108,0.776413,-0.630205,0.004939,0.628875,0.775239,0.059327,-0.041217,-0.042956,0.998226,0,0.86021,1.00000,51.612,2.000,-1,400.000,-1,425.000,-1,325.000,325.000,300.000,300.000,-1,-1,-1,-1,800.000,900.000,-1,-1,2,0,2,0,2,0,0,0,0,2,2,2,2,0,0,2,2
94,-4723.448,-3265.295,14.226,41.108,0.753907,-0.656939,0.007448,0.655415,0.752844,0.060464,-0.045328,-0.040702,0.998143,0,0.86661,1.00000,51.997,2.000,-1,400.000,-1,425.000,-1,325.000,325.000,300.000,300.000,-1,-1,-1,-1,800.000,900.000,-1,-1,2,0,2,0,2,0,0,0,0,2,2,2,2,0,0,2,2
95,-4688.856,-3233.187,12.334,42.868,0.733328,-0.679806,0.009656,0.678109,0.732372,0.061637,-0.048973,-0.038652,0.998052,0,0.78661,0.88000,47.197,1.760,-1,400.000,-1,425.000,-1,325.000,325.000,300.000,300.000,-1,-1,-1,-1,775.000,875.000,-1,-1,2,0,2,0,2,0,0,0,0,2,2,2,2,1,0,2,2
96,-4657.649,-3202.641,10.411,44.388,0.714972,-0.699053,0.011854,0.697205,0.714142,0.062500,-0.052156,-0.036421,0.997975,0,0.72782,0.76000,43.669,1.520,-1,400.000,-1,425.000,-1,325.000,325.000,300.000,300.000,-1,-1,-1,-1,750.000,850.000,1000.000,-1,2,0,2,0,2,0,0,0,0,2,2,2,2,1,0,1,2
97,-4627.009,-3171.050,8.066,45.878,0.696441,-0.717466,0.014535,0.715523,0.695815,0.062192,-0.054735,-0.032913,0.997958,0,0.73349,0.74472,44.009,1.489,-1,400.000,-1,425.000,-1,325.000,325.000,300.000,300.000,-1,-1,-1,-1,725.000,850.000,975.000,-1,2,0,2,0,2,0,0,0,0,2,2,2,2,1,0,1,2
98,-4596.966,-3138.418,5.648,47.367,0.677422,-0.735394,0.017181,0.733367,0.677002,0.061974,-0.057207,-0.029382,0.997930,0,0.73925,0.74486,44.355,1.490,-1,400.000,-1,400.000,-1,325.000,325.000,300.000,300.000,-1,-1,-1,-1,700.000,825.000,950.000,-1,2,0,2,0,2,0,0,0,0,2,2,2,2,1,0,1,2
99,-4567.551,-3104.752,3.157,48.857,0.657932,-0.752817,0.019786,0.750717,0.657723,0.061838,-0.059567,-0.025831,0.997890,0,0.74511,0.74473,44.706,1.489,-1,400.000,1000.000,400.000,-1,325.000,325.000,300.000,300.000,-1,-1,-1,-1,675.000,825.000,925.000,-1,2,0,1,0,2,0,0,0,0,2,2,2,2,1,0,1,2
100,-4538.793,-3070.059,0.592,50.346,0.637995,-0.769716,0.022345,0.767556,0.637998,0.061781,-0.061810,-0.022265,0.997840,0,0.75105,0.74433,45.063,1.489,-1,400.000,950.000,400.000,-1,325.000,325.000,300.000,300.000,-1,-1,-1,-1,650.000,800.000,925.000,-1,2,0,1,0,2,0,0,0,0,2,2,2,2,1,0,1,2
101,-4510.722,-3034.347,-1.976,51.833,0.617651,-0.786070,0.024520,0.783866,0.617847,0.061793,-0.063723,-0.018946,0.997788,0,0.75706,0.74365,45.424,1.487,-1,375.000,875.000,400.000,-1,325.000,325.000,300.000,300.000,-1,-1,-1,-1,625.000,775.000,900.000,-1,2,0,1,0,2,0,0,0,0,2,2,2,2,1,0,1,2
102,-4483.369,-2997.627,-4.792,53.318,0.597007,-0.801849,0.024901,0.799645,0.597285,0.061797,-0.064425,-0.016982,0.997778,0,0.76313,0.74266,45.788,1.485,-1,375.000,825.000,400.000,-1,325.000,325.000,300.000,300.000,-1,-1,-1,-1,600.000,775.000,900.000,-1,2,0,1,0,2,0,0,0,0,2,2,2,2,1,0,1,2
103,-4456.764,-2959.911,-7.680,54.801,0.576001,-0.817061,0.025182,0.814863,0.576355,0.061752,-0.064969,-0.015049,0.997774,0,0.76925,0.74135,46.155,1.483,-1,375.000,775.000,400.000,-1,325.000,325.000,300.000,300.000,-1,-1,-1,-1,575.000,775.000,900.000,-1,2,0,1,0,2,0,0,0,0,2,2,2,2,1,0,1,2
104,-4430.936,-2921.214,-10.626,56.280,0.554656,-0.831691,0.025428,0.829507,0.555083,0.061651,-0.065390,-0.013102,0.997774,0,0.77541,0.73971,46.524,1.479,-1,375.000,725.000,400.000,-1,325.000,325.000,300.000,300.000,-1,-1,-1,-1,575.000,725.000,875.000,925.000,2,1,1,0,2,0,0,0,0,2,2,2,2,1,1,1,1
105,-4405.916,-2881.552,-13.629,57.756,0.532998,-0.845728,0.025643,0.843563,0.533498,0.061491,-0.065686,-0.011143,0.997778,0,0.78158,0.73770,46.895,1.475,-1,375.000,675.000,400.000,-1,325.000,325.000,300.000,300.000,-1,-1,-1,-1,550.000,650.000,900.000,850.000,2,1,1,0,2,0,0,0,0,2,2,2,2,1,1,1,1
106,-4381.733,-2840.943,-16.689,59.226,0.511057,-0.859159,0.025832,0.857020,0.511627,0.061269,-0.065856,-0.009173,0.997787,0,0.78774,0.73532,47.265,1.471,-1,350.000,625.000,400.000,-1,325.000,325.000,300.000,325.000,-1,-1,-1,-1,525.000,575.000,900.000,750.000,2,1,1,0,2,1,0,0,0,2,2,2,2,1,1,1,1
107,-4358.416,-2799.407,-19.791,60.691,0.488860,-0.871973,0.026052,0.869867,0.489501,0.060988,-0.065932,-0.007153,0.997798,0,0.79389,0.73253,47.633,1.465,-1,350.000,575.000,400.000,900.000,300.000,325.000,300.000,325.000,-1,-1,-1,-1,500.000,525.000,900.000,675.000,2,1,1,0,1,1,0,0,0,2,2,2,2,1,1,1,1
108,-4333.903,-2753.057,-23.182,62.128,0.466764,-0.883982,0.026592,0.881912,0.467495,0.060660,-0.066054,-0.004862,0.997804,0,0.87389,0.71822,52.433,1.436,1000.000,325.000,525.000,375.000,775.000,275.000,300.000,300.000,325.000,-1,-1,-1,-1,475.000,450.000,925.000,575.000,0,1,1,1,1,1,1,0,0,2,2,2,2,1,1,1,1
109,-4308.846,-2703.185,-26.896,63.324,0.448099,-0.893559,0.027553,0.891578,0.448940,0.059512,-0.065547,-0.002102,0.997847,0,0.93022,0.59822,55.813,1.196,975.000,325.000,475.000,325.000,650.000,250.000,275.000,300.000,325.000,-1,-1,-1,-1,450.000,400.000,900.000,500.000,0,1,1,1,1,1,1,0,0,2,2,2,2,1,1,1,1
110,-4284.208,-2652.038,-30.185,64.281,0.432950,-0.900928,0.029718,0.899192,0.433962,0.055963,-0.063315,0.002493,0.997990,0,0.94619,0.47822,56.772,0.956,-1,300.000,425.000,275.000,550.000,250.000,250.000,300.000,300.000,-1,-1,-1,-1,425.000,350.000,900.000,425.000,2,1,1,1,1,1,1,0,0,2,2,2,2,1,1,1,1
111,-4259.806,-2599.715,-33.521,64.997,0.421497,-0.906265,0.031998,0.904776,0.422654,0.052380,-0.060994,0.006873,0.998114,0,0.96224,0.35822,57.734,0.716,-1,275.000,375.000,250.000,425.000,225.000,225.000,325.000,300.000,-1,-1,-1,-1,400.000,300.000,875.000,350.000,2,1,1,1,1,1,1,0,0,2,2,2,2,1,1,1,1
112,-4235.437,-2546.308,-36.862,65.474,0.413815,-0.909716,0.034264,0.908465,0.415089,0.048912,-0.058718,0.010887,0.998215,0,0.97840,0.23822,58.704,0.476,-1,250.000,325.000,200.000,350.000,200.000,175.000,325.000,300.000,-1,-1,-1,-1,350.000,250.000,800.000,275.000,2,1,1,1,1,1,1,0,0,2,2,2,2,1,1,1,1
113,-4210.886,-2491.907,-40.112,65.710,0.409958,-0.911383,0.036256,0.910335,0.411314,0.045945,-0.056786,0.014170,0.998286,0,0.99474,0.11822,59.684,0.236,-1,225.000,275.000,175.000,250.000,175.000,150.000,325.000,300.000,-1,-1,875.000,-1,300.000,200.000,725.000,200.000,2,1,1,1,1,1,1,0,0,2,2,0,2,1,1,1,1
114,-4186.205,-2437.222,-35.435,65.706,0.411565,-0.911379,0.001539,0.910844,0.411381,0.033606,-0.031261,-0.012429,0.999434,0,1.00000,-0.00178,60.000,-0.004,-1,200.000,250.000,150.000,225.000,175.000,150.000,300.000,375.000,-1,300.000,300.000,-1,275.000,175.000,725.000,175.000,2,1,1,1,1,1,1,0,0,2,0,0,2,1,1,1,1
115,-4161.297,-2382.637,-30.032,65.463,0.415415,-0.908888,-0.036787,0.909625,0.414916,0.020656,-0.003511,-0.042043,0.999110,0,1.00000,-0.12178,60.000,-0.244,-1,200.000,250.000,150.000,200.000,150.000,125.000,275.000,475.000,-1,125.000,200.000,-1,275.000,175.000,700.000,175.000,2,1,1,1,1,1,1,0,0,2,0,0,2,1,1,1,1
116,6887.189,4263.581,-115.717,128.584,-0.591785,-0.780161,-0.202828,0.766797,-0.622429,0.156860,-0.248622,-0.062700,0.966569,1,0.00000,0.00000,60.000,-0.484,600.000,625.000,-1,525.000,525.000,525.000,525.000,250.000,225.000,-1,-1,-1,-1,825.000,650.000,825.000,650.000,1,1,2,1,1,1,1,1,1,2,2,2,2,1,1,1,1
117,2955.504,-2292.841,-113.735,37.496,0.793193,-0.608698,0.018192,0.608607,0.793398,0.010803,-0.021009,0.002502,0.999776,1,0.08000,-0.12000,4.800,-0.240,550.000,225.000,450.000,250.000,475.000,200.000,200.000,375.000,300.000,-1,500.000,500.000,-1,300.000,350.000,325.000,425.000,1,1,1,1,1,1,1,0,0,2,0,0,2,1,1,1,1
118,2963.169,-2287.061,-113.354,37.016,0.798294,-0.602027,0.017023,0.601990,0.798466,0.007773,-0.018272,0.004043,0.999825,0,0.16000,-0.24000,9.600,-0.480,550.000,225.000,450.000,250.000,475.000,200.000,200.000,375.000,300.000,-1,475.000,450.000,-1,300.000,350.000,325.000,425.000,1,1,1,1,1,1,1,0,0,2,0,0,2,1,1,1,1
119,2974.775,-2278.537,-112.749,36.296,0.805841,-0.591938,0.015166,0.591965,0.805957,0.003108,-0.014063,0.006473,0.999880,0,0.24000,-0.36000,14.400,-0.720,525.000,225.000,450.000,250.000,475.000,200.000,200.000,400.000,300.000,-1,425.000,375.000,-1,300.000,375.000,325.000,425.000,1,1,1,1,1,1,1,0,0,2,0,0,2,1,1,1,1
120,2990.392,-2267.369,-111.868,35.569,0.813340,-0.581659,0.012251,0.581728,0.813378,-0.002793,-0.008340,0.009399,0.999921,0,0.32000,-0.36321,19.200,-0.726,500.000,225.000,450.000,250.000,475.000,200.000,200.000,400.000,300.000,-1,350.000,300.000,-1,300.000,375.000,300.000,400.000,1,1,1,1,1,1,1,0,0,2,0,0,2,1,1,1,1
121,3010.087,-2253.654,-110.649,34.849,0.820652,-0.571371,0.008111,0.571428,0.820591,-0.010031,-0.000924,0.012867,0.999917,0,0.40000,-0.35997,24.000,-0.720,475.000,225.000,475.000,250.000,450.000,200.000,200.000,425.000,300.000,-1,300.000,225.000,-1,300.000,375.000,300.000,400.000,1,1,1,1,1,1,1,0,0,2,0,0,2,1,1,1,1
122,3033.925,-2237.491,-109.014,34.137,0.827752,-0.561088,0.002548,0.561030,0.827583,-0.018746,0.008410,0.016947,0.999821,0,0.48000,-0.35628,28.800,-0.713,475.000,225.000,525.000,250.000,450.000,200.000,200.000,450.000,300.000,-1,225.000,175.000,-1,300.000,375.000,275.000,400.000,1,1,1,1,1,1,1,0,0,2,0,0,2,1,1,1,1
123,3061.964,-2218.978,-106.871,33.433,0.834608,-0.550825,-0.004679,0.550484,0.834338,-0.029092,0.019929,0.021705,0.999566,0,0.56000,-0.35204,33.600,-0.704,475.000,225.000,-1,275.000,450.000,200.000,200.000,475.000,300.000,-1,200.000,125.000,-1,300.000,375.000,275.000,400.000,1,1,2,1,1,1,1,0,0,2,0,0,2,1,1,1,1
124,3094.264,-2198.208,-104.107,32.738,0.841164,-0.540603,-0.013850,0.539716,0.840839,-0.041193,0.033915,0.027175,0.999055,0,0.64000,-0.34712,38.400,-0.694,500.000,225.000,-1,275.000,450.000,200.000,225.000,500.000,325.000,-1,150.000,100.000,1000.000,275.000,375.000,250.000,400.000,1,1,2,1,1,1,1,0,0,2,0,0,0,1,1,1,1
125,6887.277,2951.679,-100.328,144.687,-0.816342,-0.577072,-0.023927,0.577447,-0.814623,-0.054264,0.011822,-0.058114,0.998240,1,0.00000,0.00000,43.200,-0.683,-1,400.000,-1,400.000,-1,325.000,325.000,300.000,300.000,-1,700.000,650.000,-1,725.000,-1,-1,-1,2,0,2,0,2,0,0,0,0,2,0,0,2,0,2,2,2
126,6883.372,2954.470,-100.294,144.447,-0.813924,-0.580477,-0.023981,0.580846,-0.812194,-0.054390,0.012094,-0.058198,0.998232,0,0.08000,-0.12000,4.800,-0.240,-1,400.000,-1,400.000,-1,325.000,325.000,300.000,300.000,-1,700.000,675.000,-1,725.000,-1,-1,-1,2,0,2,0,2,0,0,0,0,2,0,0,2,0,2,2,2
127,6875.608,2960.118,-100.224,143.967,-0.809043,-0.587255,-0.024099,0.587613,-0.807295,-0.054642,0.012634,-0.058369,0.998215,0,0.16000,-0.24000,9.600,-0.480,-1,400.000,-1,400.000,-1,325.000,325.000,300.000,300.000,-1,700.000,675.000,-1,725.000,-1,-1,-1,2,0,2,0,2,0,0,0,0,2,0,0,2,0,2,2,2
128,6864.070,2968.734,-100.110,143.247,-0.801617,-0.597344,-0.024297,0.597687,-0.799840,-0.055022,0.013433,-0.058628,0.998190,0,0.24000,-0.36000,14.400,-0.720,-1,400.000,-1,400.000,-1,325.000,325.000,300.000,300.000,-1,700.000,675.000,-1,725.000,-1,-1,-1,2,0,2,0,2,0,0,0,0,2,0,0,2,0,2,2,2
129,6848.881,2980.479,-99.875,142.287,-0.791523,-0.610658,-0.024244,0.610962,-0.789716,-0.055441,0.014710,-0.058695,0.998168,0,0.32000,-0.48000,19.200,-0.960,-1,400.000,-1,400.000,-1,325.000,325.000,300.000,300.000,-1,725.000,700.000,-1,725.000,-1,-1,-1,2,0,2,0,2,0,0,0,0,2,0,0,2,0,2,2,2
130,6830.207,2995.555,-99.529,141.087,-0.778595,-0.627064,-0.024086,0.627313,-0.776755,-0.055945,0.016373,-0.058668,0.998143,0,0.40000,-0.60000,24.000,-1.200,-1,400.000,-1,400.000,-1,325.000,325.000,300.000,300.000,-1,725.000,700.000,-1,750.000,-1,-1,-1,2,0,2,0,2,0,0,0,0,2,0,0,2,0,2,2,2
131,6808.259,3014.204,-99.039,139.647,-0.762627,-0.646393,-0.023980,0.646583,-0.760761,-0.056334,0.018170,-0.058467,0.998124,0,0.48000,-0.72000,28.800,-1.440,-1,400.000,-1,400.000,-1,325.000,325.000,300.000,300.000,-1,725.000,725.000,-1,750.000,-1,-1,-1,2,0,2,1,2,0,0,0,0,2,0,0,2,0,2,2,2
132,6783.303,3036.703,-98.310,137.967,-0.743376,-0.668445,-0.023933,0.668580,-0.741513,-0.056217,0.019832,-0.057792,0.998132,0,0.56000,-0.84000,33.600,-1.680,-1,400.000,-1,450.000,-1,325.000,325.000,300.000,300.000,-1,750.000,775.000,-1,750.000,-1,-1,-1,2,0,2,1,2,0,0,0,0,2,0,0,2,0,2,2,2
133,6755.624,3063.320,-97.440,136.121,-0.721494,-0.692005,-0.023992,0.692084,-0.719629,-0.056167,0.021603,-0.057129,0.998133,0,0.64000,-0.92274,38.400,-1.845,-1,400.000,-1,900.000,-1,325.000,325.000,300.000,300.000,-1,750.000,825.000,-1,750.000,-1,-1,-1,2,0,2,1,2,0,0,0,0,2,0,0,2,0,2,2,2
134,6725.464,3094.250,-96.425,134.278,-0.698902,-0.714808,-0.024214,0.714838,-0.697028,-0.056200,0.023294,-0.056587,0.998126,0,0.72000,-0.92128,43.200,-1.843,-1,400.000,-1,1000.000,-1,325.000,325.000,300.000,300.000,-1,775.000,875.000,-1,775.000,-1,-1,-1,2,0,2,1,2,0,0,0,0,2,0,0,2,0,2,2,2
135,6693.074,3129.675,-95.260,132.438,-0.675615,-0.736842,-0.024637,0.736834,-0.673725,-0.056314,0.024896,-0.056200,0.998109,0,0.80000,-0.92028,48.000,-1.841,-1,400.000,-1,-1,-1,325.000,350.000,300.000,300.000,-1,800.000,900.000,-1,825.000,-1,-1,-1,2,0,2,2,2,0,1,0,0,2,0,0,2,1,2,2,2
136,6658.714,3169.766,-93.944,130.599,-0.651652,-0.758096,-0.025298,0.758059,-0.649734,-0.056505,0.026399,-0.055999,0.998082,0,0.88000,-0.91968,52.800,-1.839,-1,400.000,-1,-1,-1,325.000,475.000,300.000,300.000,-1,825.000,925.000,-1,850.000,-1,-1,-1,2,0,2,2,2,0,1,0,0,2,0,0,2,1,2,2,2
