timestep,x_cm,y_cm,z_cm,yaw_deg,basis_xx,basis_xy,basis_xz,basis_yx,basis_yy,basis_yz,basis_zx,basis_zy,basis_zz,teleport_flag,throttle_cmd,steering_cmd,cmd_move_cm,cmd_turn_deg,lidar_cm_0,lidar_cm_1,lidar_cm_2,lidar_cm_3,lidar_cm_4,lidar_cm_5,lidar_cm_6,lidar_cm_7,lidar_cm_8,lidar_cm_9,lidar_cm_10,lidar_cm_11,lidar_cm_12,lidar_cm_13,lidar_cm_14,lidar_cm_15,lidar_cm_16,lidar_class_0,lidar_class_1,lidar_class_2,lidar_class_3,lidar_class_4,lidar_class_5,lidar_class_6,lidar_class_7,lidar_class_8,lidar_class_9,lidar_class_10,lidar_class_11,lidar_class_12,lidar_class_13,lidar_class_14,lidar_class_15,lidar_class_16
0,4263.554,-1639.804,-34.827,112.671,-0.384784,-0.922436,-0.032449,0.911608,-0.385306,0.143216,-0.144611,0.025526,0.989159,1,0.00000,0.00000,4.800,0.240,-1,375.000,-1,350.000,875.000,300.000,300.000,250.000,275.000,325.000,500.000,600.000,-1,650.000,575.000,-1,875.000,2,0,2,0,0,0,0,1,0,1,1,1,2,0,0,2,0
1,4261.723,-1635.367,-35.252,112.431,-0.380973,-0.924039,-0.031815,0.913174,-0.381437,0.143592,-0.144820,0.025652,0.989125,0,0.08000,-0.12000,4.800,-0.240,-1,375.000,-1,350.000,850.000,300.000,300.000,250.000,275.000,325.000,500.000,600.000,-1,650.000,575.000,-1,875.000,2,0,2,0,0,0,0,1,0,1,1,1,2,0,0,2,0
2,4258.134,-1626.463,-36.127,111.951,-0.373319,-0.927198,-0.030597,0.916276,-0.373681,0.144223,-0.145156,0.025806,0.989072,0,0.16000,-0.24000,9.600,-0.480,-1,375.000,-1,350.000,850.000,300.000,300.000,250.000,275.000,325.000,500.000,600.000,-1,650.000,575.000,-1,850.000,2,0,2,0,0,0,0,1,0,1,1,1,2,0,0,2,0
3,4252.909,-1613.045,-37.513,111.279,-0.362551,-0.931513,-0.028985,0.920550,-0.362790,0.144817,-0.145414,0.025822,0.989034,0,0.24000,-0.33572,14.400,-0.671,-1,375.000,-1,350.000,825.000,300.000,300.000,275.000,275.000,300.000,525.000,625.000,-1,650.000,575.000,-1,825.000,2,0,2,0,0,0,0,1,0,1,1,1,2,0,0,2,0
4,4246.152,-1595.073,-39.538,110.606,-0.351678,-0.935719,-0.027447,0.924786,-0.351819,0.144895,-0.145237,0.025574,0.989066,0,0.32000,-0.33671,19.200,-0.673,-1,375.000,-1,350.000,800.000,300.000,300.000,275.000,275.000,325.000,525.000,625.000,-1,650.000,575.000,-1,825.000,2,0,2,0,0,0,0,1,0,1,1,1,2,0,0,2,0
5,4237.971,-1572.511,-42.245,109.929,-0.340663,-0.939822,-0.026132,0.929020,-0.340758,0.144242,-0.144467,0.024861,0.989197,0,0.40000,-0.33809,24.000,-0.676,-1,375.000,-1,350.000,825.000,300.000,300.000,300.000,275.000,325.000,550.000,650.000,-1,625.000,575.000,-1,825.000,2,0,2,0,0,0,0,1,0,1,1,1,2,0,0,2,0
6,4228.477,-1545.321,-45.686,109.250,-0.329463,-0.943832,-0.025218,0.933288,-0.329593,0.142625,-0.142925,0.023454,0.989456,0,0.48000,-0.33993,28.800,-0.680,-1,375.000,-1,350.000,825.000,300.000,300.000,325.000,275.000,325.000,575.000,650.000,-1,625.000,575.000,-1,850.000,2,0,2,0,0,0,0,1,0,1,1,1,2,0,0,2,0
7,4217.780,-1513.471,-49.916,108.565,-0.318035,-0.947752,-0.024904,0.937623,-0.318310,0.139795,-0.140418,0.021109,0.989867,0,0.56000,-0.34229,33.600,-0.685,-1,375.000,-1,350.000,875.000,300.000,300.000,375.000,275.000,325.000,600.000,675.000,-1,625.000,575.000,-1,875.000,2,0,2,0,0,0,0,1,0,1,1,1,2,0,0,2,0
8,4205.993,-1476.925,-54.994,107.875,-0.306336,-0.951584,-0.025418,0.942052,-0.306887,0.135495,-0.136735,0.017562,0.990452,0,0.64000,-0.34522,38.400,-0.690,-1,375.000,-1,350.000,925.000,300.000,300.000,400.000,275.000,325.000,625.000,675.000,-1,650.000,575.000,-1,925.000,2,0,2,0,0,0,0,1,0,1,1,1,2,0,0,2,0
9,4193.235,-1435.654,-60.980,107.177,-0.294331,-0.955322,-0.027009,0.946593,-0.295301,0.129459,-0.131651,0.012537,0.991217,0,0.72000,-0.34879,43.200,-0.698,-1,375.000,-1,350.000,-1,300.000,300.000,400.000,275.000,325.000,650.000,700.000,-1,650.000,600.000,-1,1000.000,2,0,2,0,2,0,0,0,0,1,1,1,2,0,0,2,0
10,4180.441,-1392.384,-67.478,106.471,-0.282009,-0.958947,-0.029871,0.951175,-0.283523,0.121987,-0.125448,0.005989,0.992082,0,0.75208,-0.35305,45.125,-0.706,-1,375.000,-1,350.000,-1,300.000,300.000,375.000,275.000,350.000,675.000,725.000,-1,650.000,625.000,-1,-1,2,0,2,0,2,0,0,0,0,1,1,1,2,0,0,2,2
11,4168.231,-1349.115,-74.073,105.755,-0.269359,-0.962427,-0.034341,0.955729,-0.271530,0.113377,-0.118441,-0.002281,0.992958,0,0.74934,-0.35776,44.960,-0.716,-1,375.000,-1,350.000,-1,300.000,300.000,350.000,300.000,350.000,700.000,725.000,-1,650.000,650.000,-1,-1,2,0,2,0,2,0,0,0,0,1,1,1,2,0,0,2,2
12,4156.599,-1305.809,-80.815,105.030,-0.256461,-0.965720,-0.040152,0.960247,-0.259306,0.103376,-0.110244,-0.012044,0.993832,0,0.74740,-0.36269,44.844,-0.725,-1,375.000,-1,375.000,-1,300.000,300.000,325.000,300.000,350.000,725.000,750.000,-1,650.000,675.000,-1,-1,2,0,2,0,2,0,0,0,0,1,1,1,2,0,0,2,2
13,4145.541,-1262.426,-87.753,104.294,-0.243399,-0.968789,-0.046959,0.964626,-0.246839,0.092560,-0.101263,-0.022769,0.994599,0,0.74620,-0.36783,44.772,-0.736,-1,375.000,-1,375.000,-1,300.000,300.000,300.000,300.000,350.000,225.000,500.000,-1,675.000,725.000,-1,-1,2,0,2,0,2,0,0,0,0,1,1,0,2,0,0,2,2
14,4135.060,-1218.931,-92.152,103.548,-0.230817,-0.971909,-0.046012,0.967854,-0.234196,0.091712,-0.099912,-0.023364,0.994722,0,0.74568,-0.37316,44.741,-0.746,-1,375.000,-1,375.000,-1,300.000,300.000,300.000,300.000,400.000,250.000,525.000,-1,675.000,725.000,-1,-1,2,0,2,0,2,0,0,0,0,1,1,0,2,0,0,2,2
15,4125.154,-1175.293,-96.421,102.791,-0.218060,-0.974915,-0.044619,0.970976,-0.221328,0.090657,-0.098258,-0.023555,0.994882,0,0.74580,-0.37867,44.748,-0.757,-1,375.000,-1,375.000,-1,300.000,300.000,300.000,300.000,450.000,275.000,525.000,-1,675.000,725.000,-1,-1,2,0,2,0,2,0,0,0,0,1,1,0,2,0,0,2,2
16,4114.621,-1126.878,-101.113,102.273,-0.209390,-0.976881,-0.043113,0.973050,-0.212518,0.089495,-0.096588,-0.023211,0.995054,0,0.82580,-0.25867,49.548,-0.517,-1,375.000,-1,375.000,-1,300.000,325.000,300.000,300.000,500.000,300.000,550.000,-1,675.000,725.000,-1,-1,2,0,2,0,2,0,0,0,0,1,1,0,2,0,0,2,2
17,4103.582,-1074.919,-106.111,101.996,-0.204826,-0.977917,-0.041518,0.974184,-0.207791,0.088256,-0.094934,-0.022369,0.995232,0,0.88531,-0.13867,53.119,-0.277,-1,375.000,-1,400.000,-1,300.000,325.000,300.000,300.000,550.000,350.000,550.000,-1,675.000,725.000,-1,-1,2,0,2,0,2,0,0,0,0,1,1,0,2,0,0,2,2
18,4092.541,-1022.790,-111.098,101.959,-0.204370,-0.978079,-0.039923,0.974429,-0.207159,0.087020,-0.093383,-0.021118,0.995406,0,0.88809,-0.01867,53.286,-0.037,-1,375.000,-1,400.000,-1,300.000,325.000,300.000,300.000,600.000,400.000,550.000,-1,675.000,725.000,-1,-1,2,0,2,0,2,0,0,0,0,1,1,0,2,0,0,2,2
19,4081.273,-970.497,-116.058,102.161,-0.208018,-0.977372,-0.038382,0.973803,-0.210624,0.085704,-0.091849,-0.019549,0.995581,0,0.89156,0.10133,53.494,0.203,-1,375.000,-1,400.000,-1,300.000,325.000,300.000,300.000,675.000,425.000,550.000,-1,675.000,725.000,-1,-1,2,0,2,0,2,0,0,0,0,1,1,0,2,0,0,2,2
20,4069.548,-918.057,-121.015,102.604,-0.215765,-0.975750,-0.036833,0.972256,-0.218177,0.084363,-0.090353,-0.017609,0.995754,0,0.89559,0.22133,53.735,0.443,-1,375.000,-1,375.000,-1,300.000,325.000,300.000,300.000,725.000,475.000,550.000,-1,675.000,700.000,-1,-1,2,0,2,0,2,0,0,0,0,1,1,0,2,0,0,2,2
21,4057.138,-865.499,-125.974,103.287,-0.227589,-0.973119,-0.035255,0.969693,-0.229795,0.083003,-0.088873,-0.015296,0.995926,0,0.90007,0.34133,54.004,0.683,-1,375.000,-1,375.000,-1,300.000,325.000,300.000,300.000,800.000,525.000,550.000,-1,675.000,700.000,-1,-1,2,0,2,0,2,0,0,0,0,1,1,0,2,0,0,2,2
22,4043.811,-812.864,-130.938,104.209,-0.243456,-0.969329,-0.033634,0.965968,-0.245445,0.081623,-0.087374,-0.012618,0.996096,0,0.90493,0.46133,54.296,0.923,-1,375.000,-1,375.000,-1,300.000,300.000,300.000,300.000,850.000,550.000,550.000,-1,675.000,700.000,-1,-1,2,0,2,0,2,0,0,0,0,1,1,0,2,0,0,2,2
23,4029.338,-760.214,-135.907,105.372,-0.263313,-0.964181,-0.031955,0.960886,-0.265071,0.080222,-0.085819,-0.009582,0.996265,0,0.91007,0.58133,54.604,1.163,-1,375.000,-1,375.000,-1,300.000,300.000,300.000,300.000,900.000,600.000,525.000,-1,675.000,700.000,-1,-1,2,0,2,0,2,0,0,0,0,1,1,0,2,0,0,2,2
24,4013.586,-707.595,-140.732,106.666,-0.285199,-0.957972,-0.030828,0.954734,-0.286778,0.079000,-0.084520,-0.006902,0.996398,0,0.91544,0.64681,54.926,1.294,-1,375.000,-1,375.000,-1,300.000,300.000,300.000,300.000,950.000,600.000,500.000,-1,675.000,700.000,-1,-1,2,0,2,0,2,0,0,0,0,1,0,0,2,0,0,2,2
25,3996.564,-655.028,-145.239,107.944,-0.306608,-0.951344,-0.030599,0.948250,-0.308083,0.076856,-0.082544,-0.005451,0.996573,0,0.92091,0.63925,55.254,1.278,-1,375.000,-1,375.000,-1,300.000,300.000,300.000,300.000,975.000,550.000,475.000,-1,675.000,700.000,-1,-1,2,0,2,0,2,0,0,0,0,1,0,0,2,0,1,2,2
26,3977.000,-598.308,-150.109,109.030,-0.324690,-0.945337,-0.030229,0.942408,-0.326066,0.074485,-0.080270,-0.004304,0.996764,0,1.00000,0.54315,60.000,1.086,-1,375.000,975.000,375.000,-1,300.000,300.000,300.000,325.000,-1,525.000,475.000,-1,675.000,675.000,-1,950.000,2,0,1,0,2,0,0,0,0,2,0,0,2,0,1,2,1
27,3956.369,-541.967,-154.764,110.112,-0.342616,-0.939020,-0.029259,0.936200,-0.343854,0.072753,-0.078377,-0.002466,0.996921,0,1.00000,0.54079,60.000,1.082,-1,375.000,925.000,375.000,-1,300.000,300.000,300.000,325.000,-1,525.000,475.000,-1,675.000,625.000,975.000,850.000,2,0,1,0,2,0,0,0,0,2,0,0,2,0,1,1,1
28,3934.684,-486.023,-159.200,111.188,-0.360389,-0.932400,-0.027387,0.929705,-0.361428,0.070841,-0.075951,0.000068,0.997112,0,1.00000,0.53801,60.000,1.076,-1,375.000,875.000,375.000,-1,300.000,300.000,300.000,325.000,-1,500.000,475.000,-1,675.000,600.000,925.000,775.000,2,0,1,0,2,0,0,0,0,2,0,0,2,0,1,1,1
29,3911.958,-430.494,-163.577,112.257,-0.377920,-0.925488,-0.025464,0.922919,-0.378768,0.068966,-0.073472,0.002562,0.997294,0,1.00000,0.53476,60.000,1.070,-1,375.000,825.000,375.000,-1,300.000,300.000,300.000,325.000,-1,500.000,475.000,-1,675.000,575.000,900.000,700.000,2,0,1,0,2,0,0,0,0,2,0,0,2,1,1,1,1
30,3888.207,-375.396,-167.866,113.320,-0.395177,-0.918301,-0.023645,0.915854,-0.395854,0.067170,-0.071042,0.004889,0.997461,0,1.00000,0.53103,60.000,1.062,-1,375.000,775.000,375.000,875.000,300.000,300.000,300.000,325.000,-1,500.000,475.000,-1,650.000,525.000,850.000,625.000,2,0,1,0,1,0,0,0,0,2,0,0,2,1,1,1,1
31,3863.447,-320.743,-172.095,114.373,-0.412151,-0.910855,-0.021797,0.908531,-0.412665,0.065416,-0.068579,0.007158,0.997620,0,1.00000,0.52676,60.000,1.054,-1,375.000,725.000,375.000,700.000,300.000,300.000,300.000,300.000,-1,500.000,475.000,-1,600.000,500.000,800.000,550.000,2,0,1,1,1,0,0,0,0,2,0,0,2,1,1,1,1
32,3837.695,-266.551,-176.258,115.417,-0.428822,-0.903169,-0.019927,0.900968,-0.429183,0.063705,-0.066089,0.009364,0.997770,0,1.00000,0.52193,60.000,1.044,-1,375.000,675.000,350.000,575.000,300.000,325.000,300.000,300.000,-1,500.000,475.000,-1,575.000,450.000,775.000,500.000,2,0,1,1,1,0,0,0,0,2,0,0,2,1,1,1,1
33,3810.970,-212.832,-180.352,116.450,-0.445168,-0.895265,-0.018039,0.893187,-0.445385,0.062040,-0.063577,0.011506,0.997911,0,1.00000,0.51648,60.000,1.033,-1,375.000,650.000,325.000,475.000,300.000,300.000,325.000,300.000,-1,500.000,450.000,-1,550.000,400.000,725.000,425.000,2,0,1,1,1,0,1,0,0,2,0,0,2,1,1,1,1
34,3783.292,-159.598,-184.373,117.471,-0.461168,-0.887166,-0.016138,0.885210,-0.461250,0.060423,-0.061049,0.013580,0.998042,0,1.00000,0.51035,60.000,1.021,-1,375.000,600.000,300.000,400.000,300.000,275.000,325.000,300.000,-1,475.000,425.000,-1,500.000,375.000,675.000,350.000,2,1,1,1,1,1,1,0,0,2,0,0,2,1,1,1,1
35,3754.684,-106.858,-188.052,118.478,-0.476736,-0.878910,-0.015457,0.877045,-0.476763,0.059072,-0.059289,0.014605,0.998134,0,1.00000,0.50349,60.000,1.007,-1,350.000,550.000,275.000,325.000,275.000,250.000,325.000,300.000,-1,475.000,450.000,-1,475.000,325.000,625.000,300.000,2,1,1,1,1,1,1,0,0,2,0,0,2,1,1,1,1
36,3725.166,-54.621,-190.128,119.469,-0.491719,-0.870578,-0.017502,0.869137,-0.491931,0.051034,-0.053039,0.009882,0.998544,0,1.00000,0.49582,60.000,0.992,-1,325.000,500.000,250.000,275.000,275.000,225.000,300.000,325.000,-1,400.000,400.000,-1,450.000,300.000,575.000,250.000,2,1,1,1,1,1,1,0,0,2,0,0,2,1,1,1,1
37,3694.765,-2.896,-189.445,120.444,-0.506146,-0.862117,-0.023877,0.861575,-0.506685,0.030948,-0.038779,-0.004908,0.999236,0,1.00000,0.48726,60.000,0.975,-1,325.000,500.000,225.000,250.000,250.000,225.000,300.000,375.000,-1,250.000,325.000,-1,425.000,300.000,550.000,225.000,2,1,1,1,1,1,1,0,1,2,0,0,2,1,1,1,1
38,3663.502,48.315,-188.170,121.399,-0.520435,-0.853359,-0.030423,0.853592,-0.520874,0.008353,-0.022975,-0.021622,0.999502,0,1.00000,0.47770,60.000,0.955,-1,300.000,500.000,225.000,250.000,250.000,225.000,275.000,400.000,-1,175.000,275.000,-1,400.000,300.000,550.000,225.000,2,1,1,1,1,1,1,0,1,2,0,0,2,1,1,1,1
39,3631.407,99.008,-186.251,122.333,-0.534637,-0.844272,-0.036991,0.845062,-0.534411,-0.016574,-0.005775,-0.040120,0.999178,0,1.00000,0.46704,60.000,0.934,-1,300.000,500.000,225.000,225.000,225.000,200.000,275.000,450.000,775.000,125.000,250.000,-1,400.000,300.000,550.000,200.000,2,1,1,1,1,1,1,0,1,0,0,0,2,1,1,1,1
40,3598.506,149.183,-183.618,123.243,-0.548789,-0.834832,-0.043426,0.835866,-0.547204,-0.043550,0.012594,-0.060198,0.998107,0,1.00000,0.45514,60.000,0.910,-1,275.000,500.000,225.000,225.000,225.000,200.000,250.000,500.000,550.000,75.000,200.000,-1,400.000,300.000,575.000,200.000,2,1,1,1,1,1,1,0,1,0,0,0,2,1,1,1,1
41,-2295.795,-2295.739,-176.730,60.275,0.498480,-0.866390,-0.029776,0.864873,0.494672,0.085404,-0.059264,-0.068325,0.995901,1,0.00000,0.00000,60.000,0.884,-1,400.000,-1,400.000,-1,325.000,325.000,300.000,300.000,-1,-1,-1,-1,700.000,775.000,-1,-1,2,0,2,0,2,0,0,0,0,2,2,2,2,0,0,2,2
42,-2293.397,-2291.581,-177.018,60.035,0.502102,-0.864298,-0.029720,0.862792,0.498290,0.085421,-0.059020,-0.068532,0.995902,0,0.08000,-0.12000,4.800,-0.240,-1,400.000,-1,400.000,-1,325.000,325.000,300.000,300.000,-1,-1,-1,-1,700.000,775.000,-1,-1,2,0,2,0,2,0,0,0,0,2,2,2,2,0,0,2,2
43,-2288.533,-2283.304,-177.589,59.555,0.509319,-0.860068,-0.029609,0.858585,0.505498,0.085458,-0.058532,-0.068947,0.995902,0,0.16000,-0.24000,9.600,-0.480,-1,400.000,-1,400.000,-1,325.000,325.000,300.000,300.000,-1,-1,-1,-1,700.000,775.000,-1,-1,2,0,2,0,2,0,0,0,0,2,2,2,2,0,0,2,2
44,-2281.081,-2270.982,-178.436,58.835,0.520077,-0.853611,-0.029449,0.852161,0.516244,0.085518,-0.057796,-0.069572,0.995901,0,0.24000,-0.36000,14.400,-0.720,-1,400.000,-1,400.000,-1,325.000,325.000,300.000,300.000,-1,-1,-1,-1,700.000,775.000,-1,-1,2,0,2,0,2,0,0,0,0,2,2,2,2,0,0,2,2
45,-2270.872,-2254.720,-179.548,57.875,0.534294,-0.844793,-0.029247,0.843388,0.530442,0.085609,-0.056808,-0.070407,0.995899,0,0.32000,-0.48000,19.200,-0.960,-1,400.000,-1,400.000,-1,325.000,325.000,300.000,300.000,-1,-1,-1,-1,700.000,775.000,-1,-1,2,0,2,0,2,0,0,0,0,2,2,2,2,0,0,2,2
46,-2257.736,-2234.634,-180.914,56.815,0.549819,-0.834780,-0.029012,0.833422,0.545946,0.085733,-0.055729,-0.071317,0.995896,0,0.40000,-0.53008,24.000,-1.060,-1,400.000,-1,400.000,-1,325.000,325.000,300.000,300.000,-1,-1,-1,-1,700.000,750.000,-1,-1,2,0,2,0,2,0,0,0,0,2,2,2,2,0,0,2,2
47,-2241.523,-2210.830,-182.508,55.739,0.565385,-0.824327,-0.028730,0.823018,0.561497,0.085808,-0.054602,-0.072160,0.995897,0,0.48000,-0.53817,28.800,-1.076,-1,375.000,-1,400.000,-1,325.000,325.000,300.000,300.000,-1,-1,-1,-1,700.000,750.000,-1,-1,2,0,2,0,2,0,0,0,0,2,2,2,2,0,0,2,2
48,-2222.079,-2183.427,-184.313,54.643,0.581027,-0.813390,-0.028365,0.812127,0.577132,0.085837,-0.053448,-0.072909,0.995905,0,0.56000,-0.54808,33.600,-1.096,-1,375.000,-1,400.000,-1,325.000,325.000,300.000,300.000,-1,-1,-1,-1,700.000,750.000,-1,-1,2,0,2,0,2,0,0,0,0,2,2,2,2,0,0,2,2
49,-2199.250,-2152.548,-186.301,53.523,0.596783,-0.801921,-0.027787,0.800690,0.592890,0.085886,-0.052399,-0.073504,0.995917,0,0.64000,-0.55986,38.400,-1.120,-1,375.000,-1,400.000,-1,325.000,325.000,300.000,300.000,-1,-1,-1,-1,675.000,750.000,-1,-1,2,0,2,0,2,0,0,0,0,2,2,2,2,0,0,2,2
50,-2172.884,-2118.326,-188.502,52.387,0.612530,-0.789980,-0.027184,0.788778,0.608641,0.085943,-0.051348,-0.074085,0.995929,0,0.72000,-0.56780,43.200,-1.136,-1,375.000,-1,400.000,-1,325.000,325.000,300.000,300.000,-1,-1,-1,-1,675.000,750.000,-1,-1,2,0,2,0,2,0,0,0,0,2,2,2,2,0,0,2,2
51,-2142.841,-2080.890,-190.909,51.252,0.628038,-0.777729,-0.026566,0.776555,0.624151,0.086010,-0.050312,-0.074648,0.995940,0,0.80000,-0.56780,48.000,-1.136,-1,375.000,-1,400.000,-1,325.000,325.000,300.000,300.000,-1,-1,-1,-1,675.000,725.000,-1,-1,2,0,2,0,2,0,0,0,0,2,2,2,2,0,0,2,2
52,-2108.983,-2040.374,-193.354,50.116,0.643260,-0.765214,-0.025774,0.764094,0.639448,0.085245,-0.048750,-0.074528,0.996027,0,0.88000,-0.56780,52.800,-1.136,-1,375.000,-1,400.000,-1,325.000,325.000,300.000,300.000,-1,-1,-1,-1,675.000,725.000,-1,-1,2,0,2,0,2,0,0,0,0,2,2,2,2,0,0,2,2
53,-2071.856,-1997.695,-195.778,48.981,0.658197,-0.752435,-0.024876,0.751400,0.654527,0.083620,-0.046637,-0.073731,0.996187,0,0.94279,-0.56780,56.567,-1.136,-1,375.000,-1,400.000,-1,325.000,325.000,300.000,300.000,-1,-1,-1,-1,675.000,725.000,-1,-1,2,0,2,0,2,0,0,0,0,2,2,2,2,0,0,2,2
54,-2033.890,-1955.760,-198.145,47.845,0.672880,-0.739357,-0.024146,0.738417,0.669348,0.081938,-0.044419,-0.072964,0.996345,0,0.94279,-0.56780,56.567,-1.136,-1,375.000,-1,400.000,-1,325.000,325.000,300.000,300.000,-1,-1,-1,-1,675.000,725.000,-1,-1,2,0,2,0,2,0,0,0,0,2,2,2,2,0,0,2,2
55,-1995.101,-1914.586,-200.398,46.710,0.687308,-0.725974,-0.023858,0.725155,0.683896,0.080226,-0.041926,-0.072441,0.996491,0,0.94279,-0.56780,56.567,-1.136,-1,375.000,-1,400.000,-1,325.000,325.000,300.000,300.000,-1,-1,-1,-1,675.000,725.000,-1,-1,2,0,2,0,2,0,0,0,0,2,2,2,2,0,0,2,2
56,-1955.504,-1874.188,-202.543,45.574,0.701478,-0.712294,-0.023790,0.711598,0.698165,0.078696,-0.039445,-0.072133,0.996615,0,0.94279,-0.56780,56.567,-1.136,-1,375.000,-1,400.000,-1,325.000,325.000,300.000,300.000,-1,-1,-1,-1,675.000,725.000,-1,-1,2,0,2,0,2,0,0,0,0,2,2,2,2,0,0,2,2
57,-1915.113,-1834.583,-204.583,44.438,0.715383,-0.698322,-0.023932,0.697754,0.712150,0.077345,-0.036969,-0.072030,0.996717,0,0.94279,-0.56780,56.567,-1.136,-1,375.000,-1,400.000,-1,300.000,325.000,300.000,300.000,-1,-1,-1,-1,675.000,725.000,-1,-1,2,0,2,0,2,0,0,0,0,2,2,2,2,0,0,2,2
58,-1873.946,-1795.786,-206.554,43.303,0.729009,-0.684075,-0.024233,0.683639,0.725853,0.075988,-0.034392,-0.071963,0.996814,0,0.94279,-0.56780,56.567,-1.136,-1,375.000,-1,375.000,-1,300.000,325.000,300.000,300.000,-1,-1,-1,-1,675.000,725.000,-1,-1,2,0,2,0,2,0,0,0,0,2,2,2,2,0,0,2,2
59,-1832.018,-1757.813,-208.412,42.167,0.742350,-0.669565,-0.024466,0.669254,0.739280,0.074598,-0.031861,-0.071751,0.996914,0,0.94279,-0.56780,56.567,-1.136,-1,375.000,-1,375.000,-1,300.000,325.000,300.000,300.000,-1,-1,-1,-1,675.000,725.000,-1,-1,2,0,2,0,2,0,0,0,0,2,2,2,2,0,0,2,2
60,-1789.346,-1720.678,-210.197,41.032,0.755402,-0.654791,-0.024846,0.654609,0.752414,0.073207,-0.029240,-0.071565,0.997007,0,0.94279,-0.56780,56.567,-1.136,-1,375.000,-1,375.000,-1,300.000,325.000,300.000,300.000,-1,-1,-1,-1,675.000,725.000,-1,-1,2,0,2,0,2,0,0,0,0,2,2,2,2,0,0,2,2
61,-1745.946,-1684.396,-211.910,39.896,0.768158,-0.639758,-0.025373,0.639711,0.765253,0.071823,-0.026532,-0.071403,0.997095,0,0.94279,-0.56780,56.567,-1.136,-1,375.000,-1,375.000,-1,300.000,300.000,300.000,300.000,-1,-1,-1,-1,675.000,725.000,-1,-1,2,0,2,0,2,0,0,0,0,2,2,2,2,0,0,2,2
62,-1701.835,-1648.981,-213.470,38.760,0.780606,-0.624475,-0.026157,0.624580,0.777793,0.070273,-0.023539,-0.071193,0.997185,0,0.94279,-0.56780,56.567,-1.136,-1,375.000,-1,375.000,-1,300.000,300.000,300.000,300.000,-1,-1,-1,-1,675.000,725.000,-1,-1,2,0,2,0,2,0,0,0,0,2,2,2,2,0,0,2,2
63,-1657.031,-1614.448,-214.354,37.625,0.792746,-0.608975,-0.026505,0.609201,0.790065,0.068351,-0.020683,-0.070332,0.997309,0,0.94279,-0.56780,56.567,-1.136,-1,375.000,-1,375.000,-1,300.000,325.000,300.000,300.000,-1,-1,-1,-1,675.000,725.000,-1,-1,2,0,2,0,2,0,0,0,0,2,2,2,2,0,0,2,2
64,-1611.551,-1580.810,-215.174,36.489,0.804580,-0.593235,-0.026900,0.593577,0.802030,0.066442,-0.017842,-0.069425,0.997428,0,0.94279,-0.56780,56.567,-1.136,-1,375.000,-1,375.000,-1,300.000,325.000,300.000,300.000,-1,-1,-1,-1,675.000,725.000,-1,-1,2,0,2,0,2,0,0,0,0,2,2,2,2,0,0,2,2
65,-1565.414,-1548.080,-215.928,35.354,0.816101,-0.577262,-0.027340,0.577714,0.813683,0.064548,-0.015015,-0.068473,0.997540,0,0.94279,-0.56780,56.567,-1.136,-1,375.000,-1,375.000,-1,300.000,325.000,300.000,300.000,-1,-1,950.000,-1,675.000,725.000,-1,-1,2,0,2,0,2,0,0,0,0,2,2,0,2,0,0,2,2
66,-1518.637,-1516.271,-216.617,34.218,0.827307,-0.561061,-0.027826,0.561618,0.825020,0.062670,-0.012204,-0.067475,0.997646,0,0.94279,-0.56780,56.567,-1.136,-1,375.000,-1,400.000,-1,325.000,325.000,300.000,300.000,-1,1000.000,825.000,-1,675.000,750.000,-1,-1,2,0,2,0,2,0,0,0,0,2,0,0,2,0,0,2,2
67,-1471.239,-1485.394,-217.178,33.082,0.838198,-0.544629,-0.028330,0.545281,0.836023,0.061099,-0.009592,-0.066661,0.997730,0,0.94279,-0.56780,56.567,-1.136,-1,375.000,-1,400.000,-1,325.000,325.000,300.000,300.000,-1,925.000,800.000,-1,700.000,750.000,-1,-1,2,0,2,0,2,0,0,0,0,2,0,0,2,0,0,2,2
68,-1423.238,-1455.463,-217.648,31.947,0.848766,-0.527981,-0.028855,0.528721,0.846696,0.059656,-0.007066,-0.065890,0.997802,0,0.94279,-0.56780,56.567,-1.136,-1,375.000,-1,400.000,-1,325.000,325.000,300.000,300.000,-1,900.000,775.000,-1,700.000,750.000,-1,-1,2,0,2,0,2,0,0,0,0,2,0,0,2,0,0,2,2
69,-1374.653,-1426.490,-218.036,30.811,0.859005,-0.511122,-0.029412,0.511947,0.857036,0.058300,-0.004591,-0.065137,0.997866,0,0.94279,-0.56780,56.567,-1.136,-1,375.000,-1,400.000,-1,325.000,325.000,300.000,300.000,-1,900.000,775.000,-1,700.000,750.000,-1,-1,2,0,2,0,2,0,0,0,0,2,0,0,2,0,0,2,2
70,-1325.504,-1398.484,-218.337,29.676,0.868910,-0.494060,-0.030011,0.494966,0.867039,0.057037,-0.002159,-0.064415,0.997921,0,0.94279,-0.56780,56.567,-1.136,-1,375.000,-1,400.000,-1,325.000,325.000,300.000,300.000,-1,900.000,750.000,-1,700.000,750.000,-1,-1,2,0,2,0,2,0,0,0,0,2,0,0,2,0,0,2,2
71,-1275.810,-1371.459,-218.530,28.540,0.878475,-0.476804,-0.030643,0.477788,0.876707,0.055714,0.000301,-0.063584,0.997976,0,0.94279,-0.56780,56.567,-1.136,-1,375.000,-1,400.000,-1,325.000,325.000,300.000,300.000,-1,900.000,750.000,-1,725.000,775.000,-1,-1,2,0,2,0,2,0,0,0,0,2,0,0,2,0,0,2,2
72,-1225.589,-1345.424,-218.531,27.404,0.887691,-0.459373,-0.031339,0.460431,0.886056,0.053932,0.002994,-0.062304,0.998053,0,0.94279,-0.56780,56.567,-1.136,-1,375.000,-1,400.000,-1,325.000,325.000,300.000,300.000,-1,900.000,750.000,-1,725.000,775.000,-1,-1,2,0,2,0,2,0,0,0,0,2,0,0,2,0,0,2,2
73,-1179.263,-1322.319,-218.400,26.509,0.894719,-0.445507,-0.031646,0.446601,0.893206,0.052246,0.004990,-0.060879,0.998133,0,0.86279,-0.44780,51.767,-0.896,-1,400.000,-1,400.000,-1,325.000,325.000,300.000,300.000,-1,900.000,750.000,-1,725.000,775.000,-1,-1,2,0,2,0,2,0,0,0,0,2,0,0,2,0,0,2,2
74,-1132.710,-1299.763,-218.231,25.853,0.899721,-0.435292,-0.031974,0.436414,0.898317,0.050684,0.006660,-0.059556,0.998203,0,0.86216,-0.32780,51.729,-0.656,-1,400.000,-1,400.000,-1,325.000,325.000,300.000,300.000,-1,925.000,775.000,-1,750.000,775.000,-1,-1,2,0,2,0,2,0,0,0,0,2,0,0,2,0,0,2,2
75,-1085.996,-1277.544,-218.003,25.438,0.902827,-0.428792,-0.032262,0.429932,0.901509,0.049396,0.007903,-0.058467,0.998258,0,0.86216,-0.20780,51.729,-0.416,-1,400.000,-1,400.000,-1,325.000,325.000,300.000,300.000,-1,925.000,775.000,-1,750.000,800.000,-1,-1,2,0,2,0,2,0,0,0,0,2,0,0,2,0,0,2,2
76,-1039.213,-1255.469,-217.572,25.262,0.904129,-0.426035,-0.032327,0.427180,0.902836,0.049030,0.008297,-0.058139,0.998274,0,0.86216,-0.08780,51.729,-0.176,-1,400.000,-1,400.000,-1,325.000,325.000,300.000,300.000,-1,975.000,825.000,-1,750.000,800.000,-1,-1,2,0,2,0,2,0,0,0,0,2,0,0,2,0,0,2,2
77,-992.456,-1233.340,-217.152,25.326,0.903645,-0.427058,-0.032373,0.428200,0.902373,0.048656,0.008434,-0.057830,0.998291,0,0.86216,0.03220,51.729,0.064,-1,400.000,-1,400.000,-1,325.000,325.000,300.000,300.000,-1,-1,850.000,-1,750.000,800.000,-1,-1,2,0,2,0,2,0,0,0,0,2,2,0,2,0,0,2,2
78,-945.816,-1210.964,-216.756,25.631,0.901362,-0.431853,-0.032395,0.432987,0.900107,0.048266,0.008315,-0.057531,0.998309,0,0.86216,0.15220,51.729,0.304,-1,400.000,-1,400.000,-1,325.000,325.000,300.000,300.000,-1,-1,900.000,-1,750.000,800.000,-1,-1,2,0,2,0,2,0,0,0,0,2,2,0,2,0,0,2,2
79,-899.392,-1188.146,-216.396,26.175,0.897221,-0.440394,-0.032384,0.441511,0.895979,0.047854,0.007940,-0.057234,0.998329,0,0.86216,0.27220,51.729,0.544,-1,400.000,-1,400.000,-1,325.000,325.000,300.000,300.000,-1,-1,925.000,-1,750.000,800.000,-1,-1,2,0,2,0,2,0,0,0,0,2,2,0,2,0,0,2,2
80,-853.285,-1164.694,-216.085,26.960,0.891114,-0.452626,-0.032332,0.453721,0.889882,0.047416,0.007310,-0.056923,0.998352,0,0.86216,0.39220,51.729,0.784,-1,400.000,-1,400.000,-1,325.000,325.000,300.000,300.000,-1,-1,950.000,-1,775.000,800.000,-1,-1,2,0,2,0,2,0,0,0,0,2,2,0,2,0,0,2,2
81,-807.604,-1140.421,-215.834,27.984,0.882890,-0.468472,-0.032228,0.469536,0.881664,0.046956,0.006417,-0.056590,0.998377,0,0.86216,0.51220,51.729,1.024,-1,400.000,-1,400.000,-1,325.000,325.000,300.000,300.000,-1,-1,950.000,-1,775.000,825.000,-1,-1,2,0,2,0,2,0,0,0,0,2,2,0,2,0,0,2,2
82,-762.470,-1115.147,-215.651,29.248,0.872354,-0.487823,-0.032059,0.488847,0.871129,0.046503,0.005242,-0.056239,0.998404,0,0.86216,0.63220,51.729,1.264,-1,400.000,-1,400.000,-1,325.000,325.000,300.000,300.000,-1,-1,975.000,-1,775.000,825.000,-1,-1,2,0,2,0,2,0,0,0,0,2,2,0,2,0,0,2,2
83,-718.015,-1088.696,-215.588,30.753,0.859270,-0.510541,-0.031683,0.511509,0.858048,0.045959,0.003722,-0.055697,0.998441,0,0.86216,0.75220,51.729,1.504,-1,400.000,-1,400.000,-1,325.000,325.000,300.000,300.000,-1,-1,975.000,-1,750.000,825.000,-1,-1,2,0,2,0,2,0,0,0,0,2,2,0,2,0,0,2,2
84,-674.386,-1060.905,-215.693,32.497,0.843365,-0.536450,-0.030937,0.537339,0.842150,0.045285,0.001760,-0.054816,0.998495,0,0.86216,0.87220,51.729,1.744,-1,400.000,-1,400.000,-1,325.000,325.000,300.000,300.000,-1,-1,1000.000,-1,750.000,825.000,-1,-1,2,0,2,0,2,0,0,0,0,2,2,0,2,0,0,2,2
85,-628.525,-1029.970,-215.909,34.002,0.829021,-0.558404,-0.030143,0.559217,0.827820,0.044619,0.000037,-0.053846,0.998549,0,0.92199,0.75220,55.320,1.504,-1,400.000,-1,400.000,-1,325.000,325.000,300.000,300.000,-1,-1,-1,-1,750.000,800.000,-1,-1,2,0,2,0,2,0,0,0,0,2,2,2,2,0,0,2,2
86,-583.357,-998.031,-216.092,35.266,0.816535,-0.576580,-0.028739,0.577293,0.815360,0.043817,-0.001832,-0.052369,0.998626,0,0.92199,0.63220,55.320,1.264,-1,400.000,-1,400.000,-1,325.000,325.000,300.000,300.000,-1,-1,-1,-1,750.000,800.000,-1,-1,2,0,2,0,2,0,0,0,0,2,2,2,2,0,0,2,2
87,-538.768,-965.289,-216.275,36.290,0.806124,-0.591105,-0.027561,0.591738,0.804976,0.043134,-0.003311,-0.051080,0.998689,0,0.92199,0.51220,55.320,1.024,-1,400.000,-1,400.000,-1,325.000,325.000,300.000,300.000,-1,-1,-1,-1,725.000,800.000,-1,-1,2,0,2,0,2,0,0,0,0,2,2,2,2,0,0,2,2
88,-494.631,-931.940,-216.399,37.075,0.797970,-0.602096,-0.026914,0.602682,0.796842,0.042622,-0.004217,-0.050232,0.998729,0,0.92199,0.39220,55.320,0.784,-1,400.000,-1,400.000,-1,325.000,325.000,300.000,300.000,-1,-1,-1,-1,725.000,800.000,-1,-1,2,0,2,0,2,0,0,0,0,2,2,2,2,0,0,2,2
89,-450.813,-898.173,-216.577,37.619,0.792225,-0.609666,-0.026217,0.610210,0.791120,0.042116,-0.004936,-0.049363,0.998769,0,0.92199,0.27220,55.320,0.544,-1,400.000,-1,400.000,-1,325.000,325.000,300.000,300.000,-1,-1,-1,-1,725.000,800.000,-1,-1,2,0,2,0,2,0,0,0,0,2,2,2,2,0,0,2,2
90,-407.175,-864.173,-216.816,37.924,0.788984,-0.613885,-0.025482,0.614388,0.787901,0.041707,-0.005526,-0.048562,0.998805,0,0.92199,0.15220,55.320,0.304,-1,400.000,-1,400.000,-1,325.000,325.000,300.000,300.000,-1,-1,-1,-1,725.000,800.000,-1,-1,2,0,2,0,2,0,0,0,0,2,2,2,2,0,0,2,2
91,-363.576,-830.124,-217.136,37.988,0.788305,-0.614788,-0.024720,0.615254,0.787233,0.041556,-0.006087,-0.047968,0.998830,0,0.92199,0.03220,55.320,0.064,-1,400.000,-1,400.000,-1,325.000,325.000,300.000,300.000,-1,-1,-1,-1,725.000,800.000,-1,-1,2,0,2,0,2,0,0,0,0,2,2,2,2,0,0,2,2
92,-319.976,-796.076,-217.484,37.988,0.788314,-0.614806,-0.023961,0.615238,0.787253,0.041419,-0.006601,-0.047393,0.998855,0,0.92199,0.00007,55.320,0.000,-1,400.000,-1,400.000,-1,325.000,325.000,300.000,300.000,-1,-1,-1,-1,725.000,800.000,-1,-1,2,0,2,0,2,0,0,0,0,2,2,2,2,0,0,2,2
93,-276.376,-762.027,-217.858,37.988,0.788322,-0.614825,-0.023213,0.615221,0.787272,0.041299,-0.007117,-0.046838,0.998877,0,0.92199,0.00007,55.320,0.000,-1,375.000,-1,400.000,-1,325.000,325.000,300.000,300.000,-1,-1,-1,-1,725.000,800.000,-1,-1,2,0,2,0,2,0,0,0,0,2,2,2,2,0,0,2,2
94,-232.777,-727.978,-218.183,37.988,0.788323,-0.614851,-0.022480,0.615217,0.787301,0.040800,-0.007387,-0.045994,0.998914,0,0.92199,0.00007,55.320,0.000,-1,375.000,-1,400.000,-1,325.000,325.000,300.000,300.000,-1,-1,-1,-1,725.000,800.000,-1,-1,2,0,2,0,2,0,0,0,0,2,2,2,2,0,0,2,2
95,-192.746,-696.986,-218.456,37.749,0.790874,-0.611590,-0.021821,0.611940,0.789920,0.039432,-0.006880,-0.044539,0.998984,0,0.84376,-0.11993,50.625,-0.240,-1,375.000,-1,400.000,-1,325.000,325.000,300.000,300.000,-1,-1,-1,-1,725.000,800.000,-1,-1,2,0,2,0,2,0,0,0,0,2,2,2,2,0,0,2,2
96,-152.491,-666.287,-218.749,37.330,0.795308,-0.605836,-0.021186,0.606174,0.794422,0.038033,-0.006211,-0.043090,0.999052,0,0.84376,-0.20949,50.625,-0.419,-1,375.000,-1,400.000,-1,325.000,325.000,300.000,300.000,-1,-1,-1,-1,725.000,800.000,-1,-1,2,0,2,0,2,0,0,0,0,2,2,2,2,0,0,2,2
97,-112.011,-635.884,-219.047,36.911,0.799700,-0.600046,-0.020587,0.600374,0.798879,0.036654,-0.005547,-0.041672,0.999116,0,0.84376,-0.20949,50.625,-0.419,-1,375.000,-1,400.000,-1,325.000,325.000,300.000,300.000,-1,-1,-1,-1,725.000,800.000,-1,-1,2,0,2,0,2,0,0,0,0,2,2,2,2,0,0,2,2
98,-71.311,-605.777,-219.364,36.492,0.804052,-0.594223,-0.019962,0.594538,0.803293,0.035279,-0.004929,-0.040234,0.999178,0,0.84376,-0.20949,50.625,-0.419,-1,375.000,-1,400.000,-1,325.000,325.000,300.000,300.000,-1,-1,-1,-1,725.000,800.000,-1,-1,2,0,2,0,2,0,0,0,0,2,2,2,2,0,0,2,2
99,-30.391,-575.969,-219.638,36.073,0.808372,-0.588362,-0.019090,0.588653,0.807657,0.034339,-0.004786,-0.038996,0.999228,0,0.84376,-0.20949,50.625,-0.419,-1,375.000,-1,400.000,-1,325.000,325.000,300.000,300.000,-1,-1,-1,-1,725.000,800.000,-1,-1,2,0,2,0,2,0,0,0,0,2,2,2,2,0,0,2,2
100,10.745,-546.461,-219.875,35.654,0.812652,-0.582464,-0.018246,0.582731,0.811970,0.033607,-0.004760,-0.037944,0.999269,0,0.84376,-0.20949,50.625,-0.419,-1,375.000,-1,400.000,-1,325.000,325.000,300.000,300.000,-1,-1,-1,-1,725.000,800.000,-1,-1,2,0,2,0,2,0,0,0,0,2,2,2,2,0,0,2,2
101,52.096,-517.254,-220.118,35.235,0.816888,-0.576533,-0.017437,0.576778,0.816239,0.032876,-0.004721,-0.036913,0.999307,0,0.84376,-0.20949,50.625,-0.419,-1,375.000,-1,400.000,-1,325.000,325.000,300.000,300.000,-1,-1,-1,-1,725.000,800.000,-1,-1,2,0,2,0,2,0,0,0,0,2,2,2,2,0,0,2,2
102,93.659,-488.350,-220.375,34.816,0.821079,-0.570570,-0.016699,0.570795,0.820463,0.032155,-0.004646,-0.035934,0.999343,0,0.84376,-0.20949,50.625,-0.419,-1,375.000,-1,400.000,-1,325.000,325.000,300.000,300.000,-1,-1,-1,-1,725.000,800.000,-1,-1,2,0,2,0,2,0,0,0,0,2,2,2,2,0,0,2,2
103,135.433,-459.751,-220.695,34.397,0.825225,-0.564569,-0.016277,0.564787,0.824634,0.031523,-0.004374,-0.035207,0.999370,0,0.84376,-0.20949,50.625,-0.419,-1,375.000,-1,400.000,-1,325.000,325.000,300.000,300.000,-1,-1,-1,-1,725.000,800.000,-1,-1,2,0,2,0,2,0,0,0,0,2,2,2,2,0,0,2,2
104,180.784,-428.911,-221.054,34.218,0.826982,-0.562007,-0.015801,0.562213,0.826418,0.030824,-0.004265,-0.034374,0.999400,0,0.91406,-0.08949,54.844,-0.179,-1,375.000,-1,400.000,-1,325.000,325.000,300.000,300.000,-1,-1,-1,-1,725.000,800.000,-1,-1,2,0,2,0,2,0,0,0,0,2,2,2,2,0,0,2,2
105,226.102,-398.022,-221.448,34.279,0.826382,-0.562902,-0.015294,0.563093,0.825842,0.030183,-0.004360,-0.033555,0.999427,0,0.91406,0.03051,54.844,0.061,-1,375.000,-1,400.000,-1,325.000,325.000,300.000,300.000,-1,-1,-1,-1,725.000,775.000,-1,-1,2,0,2,0,2,0,0,0,0,2,2,2,2,0,0,2,2
106,271.257,-366.896,-221.888,34.580,0.823416,-0.567249,-0.014687,0.567419,0.822895,0.029644,-0.004729,-0.032743,0.999453,0,0.91406,0.15051,54.844,0.301,-1,375.000,-1,400.000,-1,325.000,325.000,300.000,300.000,-1,-1,-1,-1,725.000,775.000,-1,-1,2,0,2,0,2,0,0,0,0,2,2,2,2,0,0,2,2
107,316.142,-335.382,-222.203,35.073,0.818512,-0.574337,-0.013261,0.574462,0.818023,0.028833,-0.005712,-0.031218,0.999496,0,0.91406,0.24653,54.844,0.493,-1,375.000,-1,400.000,-1,325.000,325.000,300.000,300.000,-1,-1,-1,-1,700.000,775.000,-1,-1,2,0,2,0,2,0,0,0,0,2,2,2,2,0,0,2,2
108,360.755,-303.483,-222.449,35.566,0.813542,-0.581376,-0.012277,0.581471,0.813080,0.028134,-0.006375,-0.030027,0.999529,0,0.91406,0.24653,54.844,0.493,-1,375.000,-1,400.000,-1,325.000,325.000,300.000,300.000,-1,-1,-1,-1,700.000,775.000,-1,-1,2,0,2,0,2,0,0,0,0,2,2,2,2,0,0,2,2
109,405.091,-271.201,-222.571,36.059,0.808508,-0.588363,-0.011989,0.588449,0.808063,0.027604,-0.006553,-0.029373,0.999547,0,0.91406,0.24653,54.844,0.493,-1,375.000,-1,400.000,-1,325.000,325.000,300.000,300.000,-1,-1,-1,-1,700.000,775.000,-1,-1,2,0,2,0,2,0,0,0,0,2,2,2,2,0,0,2,2
110,449.148,-238.539,-222.739,36.552,0.803412,-0.595308,-0.011709,0.595386,0.802987,0.026956,-0.006645,-0.028628,0.999568,0,0.91406,0.24653,54.844,0.493,-1,375.000,-1,400.000,-1,325.000,325.000,300.000,300.000,-1,-1,-1,-1,700.000,775.000,-1,-1,2,0,2,0,2,0,0,0,0,2,2,2,2,0,0,2,2
111,492.923,-205.499,-222.999,37.045,0.798253,-0.602213,-0.011439,0.602287,0.797857,0.025971,-0.006514,-0.027621,0.999597,0,0.91406,0.24653,54.844,0.493,-1,375.000,-1,400.000,-1,325.000,325.000,300.000,300.000,-1,-1,-1,-1,700.000,775.000,-1,-1,2,0,2,0,2,0,0,0,0,2,2,2,2,0,0,2,2
112,536.411,-172.084,-223.284,37.538,0.793035,-0.609074,-0.011164,0.609143,0.792667,0.024968,-0.006358,-0.026601,0.999626,0,0.91406,0.24653,54.844,0.493,-1,375.000,-1,400.000,-1,325.000,325.000,300.000,300.000,-1,-1,-1,-1,700.000,775.000,-1,-1,2,0,2,0,2,0,0,0,0,2,2,2,2,0,0,2,2
113,579.610,-138.296,-223.593,38.031,0.787758,-0.615889,-0.010881,0.615954,0.787418,0.023945,-0.006180,-0.025565,0.999654,0,0.91406,0.24653,54.844,0.493,-1,375.000,-1,400.000,-1,325.000,325.000,300.000,300.000,-1,-1,-1,-1,700.000,775.000,-1,-1,2,0,2,0,2,0,0,0,0,2,2,2,2,0,0,2,2
114,622.517,-104.137,-223.940,38.524,0.782422,-0.622660,-0.010532,0.622720,0.782110,0.022891,-0.006016,-0.024469,0.999682,0,0.91406,0.24653,54.844,0.493,-1,375.000,-1,400.000,-1,325.000,325.000,300.000,300.000,-1,-1,-1,-1,700.000,775.000,-1,-1,2,0,2,0,2,0,0,0,0,2,2,2,2,0,0,2,2
115,665.129,-69.610,-224.208,39.017,0.777023,-0.629390,-0.010164,0.629448,0.776751,0.021263,-0.005488,-0.022920,0.999722,0,0.91406,0.24653,54.844,0.493,-1,375.000,-1,400.000,-1,325.000,325.000,300.000,300.000,-1,-1,-1,-1,700.000,775.000,-1,-1,2,0,2,0,2,0,0,0,0,2,2,2,2,0,0,2,2
116,707.442,-34.718,-224.384,39.510,0.771562,-0.636080,-0.009761,0.636138,0.771341,0.018990,-0.004550,-0.020861,0.999772,0,0.91406,0.24653,54.844,0.493,-1,375.000,-1,400.000,-1,325.000,325.000,300.000,300.000,-1,-1,-1,-1,700.000,775.000,-1,-1,2,0,2,0,2,0,0,0,0,2,2,2,2,0,0,2,2
117,749.453,0.537,-224.586,40.003,0.766044,-0.642721,-0.009335,0.642778,0.765871,0.016679,-0.003571,-0.018777,0.999817,0,0.91406,0.24653,54.844,0.493,-1,375.000,-1,400.000,-1,325.000,325.000,300.000,300.000,-1,-1,-1,-1,700.000,775.000,-1,-1,2,0,2,0,2,0,0,0,0,2,2,2,2,0,0,2,2
118,791.159,36.152,-224.848,40.497,0.760470,-0.649310,-0.009062,0.649369,0.760338,0.014366,-0.002438,-0.016809,0.999856,0,0.91406,0.24653,54.844,0.493,-1,375.000,-1,400.000,-1,325.000,325.000,300.000,300.000,-1,-1,-1,-1,700.000,775.000,-1,-1,2,0,2,0,2,0,0,0,0,2,2,2,2,0,0,2,2
119,832.556,72.125,-225.092,40.990,0.754842,-0.655849,-0.008742,0.655906,0.754745,0.012187,-0.001395,-0.014933,0.999888,0,0.91406,0.24653,54.844,0.493,-1,375.000,-1,400.000,-1,325.000,325.000,300.000,300.000,-1,-1,975.000,-1,700.000,775.000,-1,-1,2,0,2,0,2,0,0,0,0,2,2,0,2,0,0,2,2
120,873.643,108.453,-225.133,41.483,0.749165,-0.662330,-0.008421,0.662383,0.749085,0.011007,-0.000982,-0.013825,0.999904,0,0.91406,0.24653,54.844,0.493,-1,375.000,-1,400.000,-1,325.000,325.000,300.000,300.000,-1,-1,925.000,-1,725.000,775.000,-1,-1,2,0,2,0,2,0,0,0,0,2,2,0,2,0,0,2,2
121,915.629,146.544,-225.194,42.216,0.740625,-0.671870,-0.008021,0.671918,0.740561,0.009760,-0.000618,-0.012618,0.999920,0,0.94483,0.36653,56.690,0.733,-1,375.000,-1,400.000,-1,325.000,325.000,300.000,300.000,-1,-1,875.000,-1,725.000,775.000,-1,-1,2,0,2,0,2,0,0,0,0,2,2,0,2,0,0,2,2
122,957.000,185.302,-225.301,43.132,0.729787,-0.683632,-0.007550,0.683674,0.729737,0.008619,-0.000383,-0.011452,0.999934,0,0.94483,0.45798,56.690,0.916,-1,375.000,-1,400.000,-1,325.000,325.000,300.000,300.000,-1,-1,850.000,-1,700.000,775.000,-1,-1,2,0,2,0,2,0,0,0,0,2,2,0,2,0,0,2,2
123,998.021,224.974,-225.442,44.043,0.718825,-0.695156,-0.007028,0.695191,0.718785,0.007514,-0.000171,-0.010287,0.999947,0,0.95112,0.45545,57.067,0.911,-1,375.000,-1,400.000,-1,325.000,325.000,300.000,300.000,-1,-1,825.000,-1,700.000,775.000,-1,-1,2,0,2,0,2,0,0,0,0,2,2,0,2,0,0,2,2
124,1038.679,265.557,-225.612,44.948,0.707753,-0.706430,-0.006453,0.706460,0.707724,0.006399,0.000046,-0.009088,0.999959,0,0.95743,0.45249,57.446,0.905,-1,375.000,-1,400.000,-1,325.000,325.000,300.000,300.000,-1,-1,800.000,-1,700.000,775.000,-1,-1,2,0,2,0,2,0,0,0,0,2,2,0,2,0,0,2,2
125,1078.951,307.036,-225.534,45.846,0.696583,-0.717440,-0.007189,0.717476,0.696563,0.005346,0.001172,-0.008882,0.999960,0,0.96356,0.44917,57.813,0.898,-1,375.000,-1,400.000,-1,325.000,325.000,300.000,300.000,-1,1000.000,775.000,-1,725.000,775.000,-1,-1,2,0,2,0,2,0,0,0,0,2,0,0,2,0,0,2,2
126,1118.817,349.395,-225.438,46.737,0.685333,-0.728185,-0.008100,0.728226,0.685324,0.004254,0.002454,-0.008814,0.999958,0,0.96947,0.44546,58.168,0.891,-1,375.000,-1,400.000,-1,325.000,325.000,300.000,300.000,-1,925.000,750.000,-1,725.000,800.000,-1,-1,2,0,2,0,2,0,0,0,0,2,0,0,2,0,0,2,2
127,1158.254,392.613,-225.303,47.620,0.674024,-0.738659,-0.008641,0.738701,0.674027,0.003079,0.003550,-0.008459,0.999958,0,0.97512,0.44136,58.507,0.883,-1,375.000,-1,400.000,-1,325.000,325.000,300.000,300.000,-1,875.000,750.000,-1,725.000,800.000,-1,-1,2,0,2,0,2,0,0,0,0,2,0,0,2,0,0,2,2
128,1197.240,436.669,-225.017,48.493,0.662680,-0.748857,-0.008236,0.748891,0.662691,0.001810,0.004103,-0.007367,0.999964,0,0.98049,0.43684,58.829,0.874,-1,375.000,-1,400.000,-1,325.000,325.000,300.000,300.000,-1,900.000,750.000,-1,725.000,825.000,-1,-1,2,0,2,0,2,0,0,0,0,2,0,0,2,0,0,2,2
129,1235.755,481.537,-224.750,49.357,0.651314,-0.758768,-0.007753,0.758794,0.651331,0.000520,0.004655,-0.006222,0.999970,0,0.98552,0.43191,59.131,0.864,-1,375.000,-1,400.000,1000.000,325.000,325.000,300.000,300.000,-1,900.000,775.000,-1,725.000,825.000,-1,-1,2,0,2,0,1,0,0,0,0,2,0,0,2,0,0,2,2
130,1270.693,523.146,-224.577,49.981,0.643017,-0.765821,-0.006963,0.765836,0.643036,-0.000673,0.004993,-0.004899,0.999976,0,0.90552,0.31191,54.331,0.624,-1,375.000,-1,400.000,950.000,325.000,325.000,300.000,300.000,-1,925.000,800.000,-1,725.000,825.000,-1,-1,2,0,2,0,1,0,0,0,0,2,0,0,2,0,0,2,2
131,1304.603,564.084,-224.443,50.365,0.637876,-0.770116,-0.005991,0.770121,0.637895,-0.001857,0.005252,-0.003430,0.999980,0,0.88598,0.19191,53.159,0.384,-1,375.000,-1,400.000,900.000,325.000,325.000,300.000,300.000,-1,975.000,825.000,-1,750.000,825.000,-1,1000.000,2,0,2,0,1,0,0,0,0,2,0,0,2,0,0,2,1
132,1338.552,605.280,-224.278,50.509,0.635946,-0.771718,-0.004829,0.771712,0.635963,-0.003343,0.005651,-0.001600,0.999983,0,0.88971,0.07191,53.383,0.144,-1,375.000,-1,400.000,850.000,325.000,325.000,300.000,300.000,-1,1000.000,875.000,-1,750.000,825.000,-1,950.000,2,0,2,0,1,0,0,0,0,2,0,0,2,0,1,2,1
133,1372.709,646.587,-224.140,50.412,0.637248,-0.770650,-0.003560,0.770635,0.637258,-0.004821,0.005984,0.000328,0.999982,0,0.89333,-0.04809,53.600,-0.096,-1,375.000,-1,400.000,800.000,325.000,325.000,300.000,300.000,-1,-1,875.000,-1,750.000,800.000,-1,925.000,2,0,2,0,1,0,0,0,0,2,2,0,2,0,1,2,1
134,1407.245,687.857,-224.041,50.076,0.641767,-0.766896,-0.002264,0.766874,0.641767,-0.006293,0.006279,0.002302,0.999978,0,0.89689,-0.16809,53.814,-0.336,-1,400.000,-1,400.000,750.000,325.000,325.000,300.000,300.000,-1,-1,875.000,-1,775.000,775.000,-1,875.000,2,0,2,0,1,0,0,0,0,2,2,0,2,0,1,2,1
135,1442.332,728.939,-223.996,49.500,0.649456,-0.760399,-0.001044,0.760371,0.649442,-0.007763,0.006581,0.004248,0.999969,0,0.90044,-0.28809,54.026,-0.576,-1,400.000,-1,400.000,725.000,325.000,325.000,300.000,300.000,-1,-1,900.000,-1,800.000,750.000,-1,825.000,2,0,2,0,1,0,0,0,0,2,2,0,2,0,1,2,1
