timestep,x_cm,y_cm,z_cm,yaw_deg,basis_xx,basis_xy,basis_xz,basis_yx,basis_yy,basis_yz,basis_zx,basis_zy,basis_zz,teleport_flag,throttle_cmd,steering_cmd,cmd_move_cm,cmd_turn_deg,lidar_cm_0,lidar_cm_1,lidar_cm_2,lidar_cm_3,lidar_cm_4,lidar_cm_5,lidar_cm_6,lidar_cm_7,lidar_cm_8,lidar_cm_9,lidar_cm_10,lidar_cm_11,lidar_cm_12,lidar_cm_13,lidar_cm_14,lidar_cm_15,lidar_cm_16,lidar_class_0,lidar_class_1,lidar_class_2,lidar_class_3,lidar_class_4,lidar_class_5,lidar_class_6,lidar_class_7,lidar_class_8,lidar_class_9,lidar_class_10,lidar_class_11,lidar_class_12,lidar_class_13,lidar_class_14,lidar_class_15,lidar_class_16
0,7547.989,2951.132,25.517,-7.329,0.990824,0.127134,-0.045883,-0.130398,0.988465,-0.077028,0.035561,0.082304,0.995973,1,0.08000,0.12000,4.800,0.240,-1,375.000,-1,350.000,825.000,325.000,300.000,325.000,325.000,-1,350.000,375.000,-1,675.000,600.000,-1,825.000,2,0,2,0,0,0,0,0,0,2,0,0,2,0,0,2,0
1,7557.520,2949.987,25.860,-6.849,0.991825,0.118854,-0.046442,-0.122171,0.989544,-0.076664,0.036844,0.081711,0.995975,0,0.16000,0.24000,9.600,0.480,-1,375.000,-1,350.000,825.000,325.000,300.000,325.000,325.000,-1,325.000,375.000,-1,675.000,600.000,-1,825.000,2,0,2,0,0,0,0,0,0,2,0,0,2,0,0,2,0
2,7571.837,2948.449,26.390,-6.129,0.993197,0.106418,-0.047272,-0.109810,0.991033,-0.076129,0.038746,0.080802,0.995977,0,0.24000,0.36000,14.400,0.720,-1,375.000,-1,350.000,825.000,325.000,300.000,325.000,325.000,-1,325.000,375.000,-1,675.000,600.000,-1,825.000,2,0,2,0,0,0,0,0,0,2,0,0,2,0,0,2,0
3,7590.959,2946.718,27.125,-5.169,0.994784,0.089808,-0.048364,-0.093295,0.992776,-0.075440,0.041239,0.079559,0.995977,0,0.32000,0.48000,19.200,0.960,-1,375.000,-1,350.000,800.000,325.000,300.000,325.000,325.000,-1,325.000,375.000,-1,675.000,600.000,-1,825.000,2,0,2,0,0,0,0,0,0,2,0,0,2,0,0,2,0
4,7614.900,2945.056,28.085,-3.969,0.996377,0.069006,-0.049704,-0.072603,0.994566,-0.074620,0.044284,0.077958,0.995973,0,0.40000,0.60000,24.000,1.200,-1,375.000,-1,350.000,800.000,325.000,300.000,325.000,325.000,-1,300.000,375.000,-1,675.000,600.000,-1,825.000,2,0,2,0,0,0,0,0,0,2,0,0,2,0,0,2,0
5,7643.671,2943.784,29.293,-2.529,0.997715,0.043998,-0.051272,-0.047715,0.996138,-0.073698,0.047832,0.075976,0.995962,0,0.48000,0.72000,28.800,1.440,-1,375.000,-1,350.000,800.000,325.000,300.000,325.000,325.000,-1,300.000,375.000,-1,675.000,600.000,-1,825.000,2,0,2,0,0,0,0,0,0,2,0,0,2,0,0,2,0
6,7677.267,2943.284,30.775,-0.849,0.998483,0.014777,-0.053044,-0.018621,0.997179,-0.072714,0.051820,0.073591,0.995941,0,0.56000,0.84000,33.600,1.680,-1,375.000,-1,350.000,775.000,325.000,300.000,325.000,300.000,-1,300.000,400.000,-1,675.000,600.000,-1,825.000,2,0,2,0,0,0,0,0,0,2,0,0,2,0,0,2,0
7,7713.395,2943.958,32.447,1.071,0.998319,-0.018644,-0.054869,0.014679,0.997311,-0.071804,0.056060,0.070878,0.995908,0,0.60225,0.96000,36.135,1.920,-1,375.000,-1,350.000,775.000,325.000,300.000,300.000,300.000,-1,275.000,400.000,-1,700.000,600.000,-1,825.000,2,0,2,0,0,0,0,0,0,2,0,0,2,0,0,2,0
8,7749.503,2945.893,34.194,3.071,0.996965,-0.053449,-0.056596,0.049377,0.996250,-0.071052,0.060182,0.068042,0.995866,0,0.60268,1.00000,36.161,2.000,-1,375.000,-1,350.000,750.000,300.000,300.000,300.000,300.000,-1,275.000,425.000,-1,700.000,600.000,-1,825.000,2,0,2,0,0,0,0,0,0,2,0,0,2,0,0,2,0
9,7785.545,2949.089,36.009,5.071,0.994400,-0.088202,-0.058213,0.084040,0.993969,-0.070446,0.064076,0.065159,0.995816,0,0.60307,1.00000,36.184,2.000,-1,375.000,-1,350.000,750.000,300.000,300.000,300.000,300.000,-1,275.000,425.000,-1,700.000,600.000,-1,850.000,2,0,2,0,0,0,0,0,0,2,0,0,2,0,0,2,0
10,7821.474,2953.544,37.884,7.071,0.990626,-0.122860,-0.059709,0.118622,0.990470,-0.069989,0.067739,0.062251,0.995759,0,0.60342,1.00000,36.205,2.000,-1,375.000,-1,350.000,750.000,300.000,300.000,300.000,300.000,-1,275.000,425.000,-1,700.000,600.000,-1,850.000,2,0,2,0,0,0,0,0,0,2,0,0,2,0,0,2,0
11,7857.244,2959.251,40.334,9.071,0.985652,-0.157398,-0.060961,0.153244,0.985865,-0.067724,0.070759,0.057410,0.995840,0,0.60371,1.00000,36.223,2.000,-1,375.000,-1,350.000,750.000,300.000,300.000,300.000,300.000,-1,300.000,500.000,-1,700.000,600.000,-1,900.000,2,0,2,0,0,0,0,0,0,2,0,0,2,0,0,2,0
12,7892.808,2966.205,43.171,11.071,0.979418,-0.191772,-0.062961,0.187762,0.980097,-0.064455,0.074069,0.051307,0.995932,0,0.60397,1.00000,36.238,2.000,-1,375.000,-1,350.000,800.000,300.000,300.000,300.000,300.000,-1,325.000,550.000,-1,700.000,625.000,-1,1000.000,2,0,2,0,0,0,0,0,0,2,0,0,2,0,0,2,0
13,7928.120,2974.399,46.133,13.071,0.972000,-0.225923,-0.064612,0.222070,0.973076,-0.061715,0.076815,0.045638,0.996000,0,0.60418,1.00000,36.251,2.000,-1,375.000,-1,350.000,850.000,300.000,300.000,300.000,300.000,-1,350.000,650.000,-1,725.000,625.000,-1,-1,2,0,2,0,0,0,0,0,0,2,0,0,2,0,0,2,2
14,7963.128,2983.823,49.315,15.071,0.963413,-0.259798,-0.065873,0.256074,0.964798,-0.059928,0.079123,0.040867,0.996027,0,0.60424,1.00000,36.255,2.000,-1,375.000,-1,350.000,900.000,300.000,300.000,300.000,300.000,-1,425.000,800.000,-1,725.000,650.000,-1,-1,2,0,2,0,0,0,0,0,0,2,0,0,2,0,0,2,2
15,7997.786,2994.464,52.650,17.071,0.953629,-0.293358,-0.067323,0.289703,0.955295,-0.059029,0.081630,0.036788,0.995983,0,0.60424,1.00000,36.255,2.000,-1,375.000,-1,375.000,950.000,300.000,300.000,300.000,300.000,-1,475.000,900.000,-1,725.000,650.000,-1,-1,2,0,2,0,0,0,0,0,0,2,0,0,2,0,0,2,2
16,8032.052,3006.307,55.981,19.071,0.942681,-0.326563,-0.068618,0.322985,0.944606,-0.058318,0.083861,0.032813,0.995937,0,0.60424,1.00000,36.255,2.000,-1,375.000,-1,375.000,-1,300.000,300.000,300.000,300.000,-1,550.000,1000.000,-1,725.000,650.000,-1,-1,2,0,2,0,2,0,0,0,0,2,0,0,2,0,0,2,2
17,8065.883,3019.340,59.296,21.071,0.930584,-0.359374,-0.069742,0.355877,0.932744,-0.057792,0.085820,0.028961,0.995890,0,0.60424,1.00000,36.255,2.000,-1,375.000,-1,375.000,-1,325.000,300.000,300.000,300.000,-1,625.000,-1,-1,725.000,675.000,-1,-1,2,0,2,0,2,0,0,0,0,2,0,2,2,0,0,2,2
18,8099.238,3033.546,62.588,23.071,0.917354,-0.391746,-0.070683,0.388333,0.919727,-0.057447,0.087513,0.025251,0.995843,0,0.60424,1.00000,36.255,2.000,-1,375.000,-1,375.000,-1,325.000,300.000,300.000,300.000,-1,750.000,-1,-1,725.000,675.000,-1,-1,2,0,2,0,2,0,0,0,0,2,0,2,2,0,0,2,2
19,8127.786,3046.754,65.476,24.831,0.904769,-0.419842,-0.071596,0.416509,0.907333,-0.057157,0.088959,0.021894,0.995795,0,0.52424,0.88000,31.455,1.760,-1,400.000,-1,375.000,-1,325.000,300.000,300.000,275.000,-1,-1,-1,-1,725.000,675.000,-1,-1,2,0,2,0,2,0,0,0,0,2,2,2,2,0,0,2,2
20,8151.671,3058.584,67.999,26.351,0.893177,-0.443791,-0.072689,0.440537,0.895935,-0.056817,0.090339,0.018725,0.995735,0,0.44424,0.76000,26.655,1.520,-1,400.000,-1,375.000,-1,325.000,300.000,300.000,275.000,-1,-1,-1,-1,725.000,700.000,-1,-1,2,0,2,0,2,0,0,0,0,2,2,2,2,0,0,2,2
21,8171.034,3068.719,70.057,27.631,0.882926,-0.463715,-0.073551,0.460529,0.885838,-0.056608,0.091404,0.016108,0.995684,0,0.36424,0.64000,21.855,1.280,-1,400.000,-1,375.000,-1,325.000,300.000,300.000,275.000,-1,-1,-1,-1,725.000,700.000,-1,-1,2,0,2,0,2,0,0,0,0,2,2,2,2,0,0,2,2
22,8185.998,3076.901,71.654,28.671,0.874272,-0.479732,-0.074200,0.476601,0.877303,-0.056488,0.092195,0.014022,0.995642,0,0.28424,0.52000,17.055,1.040,-1,400.000,-1,375.000,-1,325.000,300.000,300.000,275.000,-1,-1,-1,-1,725.000,700.000,-1,-1,2,0,2,0,2,0,0,0,0,2,2,2,2,0,0,2,2
23,8196.667,3082.929,72.795,29.471,0.867420,-0.491945,-0.074654,0.488857,0.870537,-0.056423,0.092747,0.012447,0.995612,0,0.20424,0.40000,12.255,0.800,-1,400.000,-1,375.000,-1,325.000,300.000,300.000,275.000,-1,-1,-1,-1,725.000,700.000,-1,-1,2,0,2,0,2,0,0,0,0,2,2,2,2,0,0,2,2
24,8203.121,3086.660,73.484,30.031,0.862525,-0.500436,-0.074927,0.497379,0.865699,-0.056388,0.093083,0.011370,0.995593,0,0.12424,0.28000,7.455,0.560,-1,400.000,-1,375.000,-1,325.000,325.000,300.000,275.000,-1,-1,-1,-1,725.000,700.000,-1,-1,2,0,2,0,2,0,0,0,0,2,2,2,2,0,0,2,2
25,8205.412,3088.001,73.724,30.351,0.859696,-0.505266,-0.075026,0.502228,0.862896,-0.056366,0.093220,0.010778,0.995587,0,0.04424,0.16000,2.655,0.320,-1,400.000,-1,375.000,-1,325.000,325.000,300.000,275.000,-1,-1,-1,-1,725.000,700.000,-1,-1,2,0,2,0,2,0,0,0,0,2,2,2,2,0,0,2,2
26,8203.562,3086.915,73.515,30.431,0.858993,-0.506471,-0.074957,0.503440,0.862191,-0.056350,0.093167,0.010668,0.995593,0,-0.03576,0.04000,-2.145,0.080,-1,400.000,-1,375.000,-1,325.000,325.000,300.000,275.000,-1,-1,-1,-1,725.000,700.000,-1,-1,2,0,2,0,2,0,0,0,0,2,2,2,2,0,0,2,2
27,8197.564,3083.413,72.857,30.271,0.860431,-0.504060,-0.074719,0.501023,0.863598,-0.056341,0.092926,0.011042,0.995612,0,-0.11576,-0.08000,-6.945,-0.160,-1,400.000,-1,375.000,-1,325.000,325.000,300.000,275.000,-1,-1,-1,-1,725.000,700.000,-1,-1,2,0,2,0,2,0,0,0,0,2,2,2,2,0,0,2,2
28,8187.378,3077.564,71.747,29.871,0.863980,-0.498013,-0.074304,0.494959,0.867088,-0.056349,0.092491,0.011907,0.995642,0,-0.19576,-0.20000,-11.745,-0.400,-1,400.000,-1,375.000,-1,325.000,300.000,300.000,275.000,-1,-1,-1,-1,725.000,700.000,-1,-1,2,0,2,0,2,0,0,0,0,2,2,2,2,0,0,2,2
29,8181.346,3074.122,71.085,29.711,0.865395,-0.495588,-0.074060,0.492527,0.868471,-0.056351,0.092246,0.012290,0.995660,0,-0.11576,-0.08000,-6.945,-0.160,-1,400.000,-1,375.000,-1,325.000,300.000,300.000,275.000,-1,-1,-1,-1,725.000,700.000,-1,-1,2,0,2,0,2,0,0,0,0,2,2,2,2,0,0,2,2
30,8179.484,3073.056,70.875,29.791,0.864705,-0.496801,-0.073990,0.493746,0.867779,-0.056337,0.092195,0.012182,0.995666,0,-0.03576,0.04000,-2.145,0.080,-1,400.000,-1,375.000,-1,325.000,300.000,300.000,275.000,-1,-1,-1,-1,725.000,700.000,-1,-1,2,0,2,0,2,0,0,0,0,2,2,2,2,0,0,2,2
31,8181.781,3074.387,71.116,30.111,0.861896,-0.501643,-0.074094,0.498608,0.864997,-0.056304,0.092336,0.011584,0.995661,0,0.04424,0.16000,2.655,0.320,-1,400.000,-1,375.000,-1,325.000,300.000,300.000,275.000,-1,-1,-1,-1,725.000,700.000,-1,-1,2,0,2,0,2,0,0,0,0,2,2,2,2,0,0,2,2
32,8188.193,3078.190,71.810,30.671,0.856907,-0.510079,-0.074366,0.507076,0.860063,-0.056262,0.092657,0.010502,0.995643,0,0.12424,0.28000,7.455,0.560,-1,400.000,-1,375.000,-1,325.000,300.000,300.000,275.000,-1,-1,-1,-1,725.000,700.000,-1,-1,2,0,2,0,2,0,0,0,0,2,2,2,2,0,0,2,2
33,8198.645,3084.587,72.952,31.471,0.849632,-0.522046,-0.074793,0.519086,0.852870,-0.056228,0.093142,0.008949,0.995613,0,0.20424,0.40000,12.255,0.800,-1,400.000,-1,375.000,-1,325.000,325.000,300.000,275.000,-1,-1,-1,-1,725.000,700.000,-1,-1,2,0,2,0,2,0,0,0,0,2,2,2,2,0,0,2,2
34,8213.047,3093.723,74.543,32.390,0.841061,-0.535666,-0.075356,0.532753,0.844400,-0.056238,0.093755,0.007153,0.995570,0,0.28424,0.45950,17.055,0.919,-1,400.000,-1,375.000,-1,325.000,325.000,300.000,275.000,-1,-1,-1,-1,725.000,725.000,-1,-1,2,0,2,0,2,0,0,0,0,2,2,2,2,0,0,2,2
35,8231.311,3105.724,76.581,33.309,0.832260,-0.549146,-0.076035,0.546276,0.835709,-0.056327,0.094475,0.005343,0.995513,0,0.36424,0.45950,21.855,0.919,-1,400.000,-1,375.000,-1,325.000,325.000,300.000,275.000,-1,-1,-1,-1,725.000,725.000,-1,-1,2,0,2,0,2,0,0,0,0,2,2,2,2,0,0,2,2
36,8253.350,3120.717,79.055,34.228,0.823232,-0.562484,-0.076814,0.559648,0.826801,-0.056521,0.095302,0.003541,0.995442,0,0.44424,0.45950,26.655,0.919,-1,400.000,-1,375.000,-1,325.000,325.000,300.000,275.000,-1,-1,-1,-1,725.000,725.000,-1,-1,2,0,2,0,2,0,0,0,0,2,2,2,2,0,0,2,2
37,8279.070,3138.824,81.952,35.147,0.813981,-0.575675,-0.077675,0.572864,0.817677,-0.056845,0.096237,0.001774,0.995357,0,0.52424,0.45950,31.455,0.919,-1,400.000,-1,375.000,-1,325.000,325.000,300.000,275.000,-1,-1,-1,-1,725.000,750.000,-1,-1,2,0,2,0,2,0,0,0,0,2,2,2,2,0,0,2,2
38,8308.465,3160.045,85.268,35.826,0.806979,-0.585325,-0.078613,0.582512,0.810798,-0.057325,0.097293,0.000467,0.995256,0,0.60424,0.33950,36.255,0.679,-1,400.000,-1,375.000,-1,325.000,325.000,300.000,275.000,-1,-1,-1,-1,725.000,750.000,-1,-1,2,0,2,0,2,0,0,0,0,2,2,2,2,0,0,2,2
39,8341.568,3184.329,89.302,36.265,0.802354,-0.591520,-0.079581,0.588819,0.806289,-0.056485,0.097578,-0.001538,0.995227,0,0.68424,0.21950,41.055,0.439,-1,400.000,-1,400.000,-1,325.000,325.000,300.000,275.000,-1,-1,-1,-1,725.000,750.000,-1,-1,2,0,2,0,2,0,0,0,0,2,2,2,2,0,0,2,2
40,8377.170,3210.661,93.740,36.487,0.799936,-0.594644,-0.080623,0.592031,0.803983,-0.055775,0.097986,-0.003115,0.995183,0,0.73803,0.11125,44.282,0.222,-1,400.000,-1,400.000,-1,325.000,325.000,300.000,275.000,-1,-1,-1,-1,725.000,775.000,-1,-1,2,0,2,0,2,0,0,0,0,2,2,2,2,0,0,2,2
41,8412.822,3237.244,98.214,36.709,0.797513,-0.597749,-0.081669,0.595173,0.801672,-0.055591,0.098701,-0.004273,0.995108,0,0.74119,0.11087,44.471,0.222,-1,400.000,-1,400.000,-1,325.000,325.000,300.000,275.000,-1,-1,-1,-1,725.000,775.000,-1,-1,2,0,2,0,2,0,0,0,0,2,2,2,2,0,0,2,2
42,8448.523,3264.078,102.651,36.930,0.795085,-0.600832,-0.082702,0.598282,0.799357,-0.055554,0.099487,-0.005309,0.995025,0,0.74435,0.11046,44.661,0.221,-1,400.000,-1,400.000,-1,325.000,325.000,300.000,275.000,-1,-1,-1,-1,725.000,775.000,-1,-1,2,0,2,0,2,0,0,0,0,2,2,2,2,0,0,2,2
43,8484.272,3291.164,107.028,37.150,0.792666,-0.603894,-0.083623,0.601352,0.797041,-0.055690,0.100282,-0.006143,0.994940,0,0.74753,0.11000,44.852,0.220,-1,400.000,-1,400.000,-1,325.000,325.000,300.000,275.000,-1,-1,-1,-1,725.000,775.000,-1,-1,2,0,2,0,2,0,0,0,0,2,2,2,2,0,1,2,2
44,8520.069,3318.503,111.369,37.369,0.790243,-0.606934,-0.084544,0.604386,0.794723,-0.055973,0.101161,-0.006865,0.994846,0,0.75070,0.10950,45.042,0.219,-1,400.000,-1,400.000,-1,325.000,325.000,300.000,275.000,-1,-1,-1,-1,725.000,775.000,-1,-1,2,0,2,0,2,0,0,0,0,2,2,2,2,0,1,2,2
45,8555.914,3346.094,115.704,37.587,0.787819,-0.609948,-0.085463,0.607396,0.792405,-0.056257,0.102035,-0.007589,0.994752,0,0.75389,0.10894,45.233,0.218,-1,400.000,-1,400.000,-1,325.000,325.000,300.000,300.000,-1,-1,-1,-1,725.000,775.000,-1,-1,2,0,2,0,2,0,0,0,0,2,2,2,2,0,1,2,2
46,8591.804,3373.937,120.148,37.804,0.785398,-0.612935,-0.086373,0.610433,0.790085,-0.056010,0.102573,-0.008735,0.994687,0,0.75707,0.10834,45.424,0.217,-1,375.000,-1,400.000,-1,325.000,325.000,300.000,300.000,-1,-1,-1,-1,725.000,750.000,-1,-1,2,0,2,0,2,0,0,0,0,2,2,2,2,0,1,2,2
47,8627.740,3402.032,124.667,38.019,0.783032,-0.615896,-0.086793,0.613421,0.787771,-0.055959,0.102838,-0.009423,0.994653,0,0.76026,0.10767,45.615,0.215,-1,375.000,-1,400.000,-1,325.000,325.000,300.000,300.000,-1,-1,-1,-1,725.000,725.000,-1,-1,2,0,2,0,2,0,0,0,0,2,2,2,2,0,1,2,2
48,8663.721,3430.380,129.413,38.233,0.780802,-0.618835,-0.085970,0.616337,0.785469,-0.056279,0.102354,-0.009044,0.994707,0,0.76344,0.10696,45.807,0.214,-1,375.000,-1,400.000,-1,325.000,325.000,300.000,300.000,-1,-1,-1,-1,725.000,700.000,-1,-1,2,0,2,0,2,0,0,0,0,2,2,2,2,0,1,2,2
49,8699.747,3458.980,134.135,38.445,0.778578,-0.621744,-0.085146,0.619217,0.783173,-0.056664,0.101915,-0.008606,0.994756,0,0.76663,0.10617,45.998,0.212,-1,375.000,-1,400.000,-1,325.000,325.000,300.000,300.000,-1,-1,-1,-1,700.000,675.000,-1,950.000,2,0,2,0,2,0,0,0,0,2,2,2,2,0,1,2,1
50,8735.816,3487.832,138.831,38.656,0.776361,-0.624622,-0.084322,0.622058,0.780885,-0.057115,0.101521,-0.008111,0.994800,0,0.76981,0.10533,46.189,0.211,-1,375.000,975.000,400.000,-1,325.000,325.000,300.000,300.000,-1,-1,-1,-1,700.000,650.000,-1,900.000,2,0,1,0,2,0,0,0,0,2,2,2,2,0,1,2,1
51,8771.928,3516.934,143.501,38.865,0.774154,-0.627467,-0.083497,0.624860,0.778607,-0.057634,0.101174,-0.007557,0.994840,0,0.77299,0.10441,46.379,0.209,-1,375.000,950.000,400.000,-1,325.000,325.000,300.000,275.000,-1,-1,-1,-1,700.000,625.000,-1,825.000,2,0,1,0,2,0,0,0,0,2,2,2,2,0,1,2,1
52,8808.082,3546.286,148.161,39.072,0.771957,-0.630276,-0.082669,0.627612,0.776340,-0.058301,0.100925,-0.006878,0.994870,0,0.77616,0.10342,46.569,0.207,-1,375.000,900.000,400.000,-1,325.000,325.000,300.000,275.000,-1,-1,-1,-1,700.000,600.000,-1,775.000,2,0,1,0,2,0,0,0,0,2,2,2,2,0,1,2,1
53,8844.278,3575.888,152.796,39.276,0.769773,-0.633049,-0.081839,0.630318,0.774087,-0.059054,0.100735,-0.006127,0.994894,0,0.77931,0.10235,46.759,0.205,-1,375.000,850.000,400.000,-1,300.000,325.000,300.000,275.000,-1,-1,-1,-1,675.000,575.000,-1,700.000,2,0,1,0,2,0,0,0,0,2,2,2,2,0,1,2,1
54,8880.515,3605.736,157.603,39.479,0.767529,-0.635780,-0.081749,0.632995,0.771848,-0.059732,0.101074,-0.005900,0.994861,0,0.78246,0.10119,46.947,0.202,-1,375.000,825.000,400.000,975.000,300.000,325.000,300.000,275.000,-1,-1,-1,-1,675.000,525.000,-1,650.000,2,0,1,1,1,0,0,0,0,2,2,2,2,0,1,2,1
55,8916.792,3635.831,162.730,39.679,0.765289,-0.638469,-0.081787,0.635625,0.769626,-0.060474,0.101556,-0.005705,0.994813,0,0.78558,0.09993,47.135,0.200,-1,375.000,775.000,375.000,875.000,300.000,325.000,300.000,300.000,-1,-1,-1,-1,675.000,500.000,-1,600.000,2,0,1,1,1,0,0,0,0,2,2,2,2,0,1,2,1
56,8953.108,3666.170,167.856,39.876,0.763069,-0.641115,-0.081833,0.638197,0.767426,-0.061337,0.102125,-0.005421,0.994757,0,0.78869,0.09858,47.321,0.197,-1,375.000,750.000,350.000,750.000,300.000,325.000,300.000,300.000,-1,-1,-1,-1,675.000,475.000,-1,550.000,2,0,1,1,1,0,0,0,0,2,2,2,2,0,1,2,1
57,8989.463,3696.751,172.971,40.070,0.760873,-0.643714,-0.081884,0.640705,0.765250,-0.062369,0.102810,-0.005009,0.994688,0,0.79177,0.09711,47.506,0.194,-1,375.000,700.000,350.000,650.000,300.000,325.000,300.000,300.000,-1,-1,-1,-1,675.000,450.000,-1,475.000,2,0,1,1,1,0,0,0,0,2,2,2,2,1,1,2,1
58,9025.854,3727.571,178.094,40.261,0.758702,-0.646264,-0.081943,0.643155,0.763101,-0.063477,0.103554,-0.004542,0.994613,0,0.79481,0.09553,47.689,0.191,-1,375.000,650.000,325.000,550.000,325.000,300.000,300.000,300.000,-1,-1,-1,-1,650.000,425.000,-1,425.000,2,0,1,1,1,0,1,0,0,2,2,2,2,1,1,2,1
59,9062.282,3758.627,183.224,40.449,0.756561,-0.648760,-0.082009,0.645542,0.760982,-0.064663,0.104358,-0.004019,0.994532,0,0.79781,0.09381,47.869,0.188,-1,375.000,625.000,300.000,475.000,325.000,275.000,300.000,300.000,-1,-1,-1,-1,625.000,375.000,-1,375.000,2,0,1,1,1,0,1,0,0,2,2,2,2,1,1,2,1
60,9098.744,3789.915,188.361,40.632,0.754454,-0.651201,-0.082082,0.647864,0.758898,-0.065928,0.105224,-0.003438,0.994443,0,0.80077,0.09194,48.046,0.184,-1,375.000,575.000,275.000,400.000,325.000,275.000,300.000,300.000,-1,-1,-1,-1,575.000,350.000,-1,325.000,2,0,1,1,1,1,1,0,0,2,2,2,2,1,1,2,1
61,9135.242,3821.431,194.977,40.812,0.751625,-0.653561,-0.088981,0.650277,0.756828,-0.065954,0.110448,-0.008290,0.993847,0,0.80367,0.08992,48.220,0.180,-1,375.000,575.000,250.000,350.000,300.000,250.000,300.000,300.000,-1,-1,-1,-1,575.000,325.000,-1,300.000,2,0,1,1,1,1,1,0,0,2,2,2,2,1,1,2,1
62,9171.771,3853.170,202.472,40.988,0.748304,-0.655813,-0.099754,0.652726,0.754752,-0.065552,0.118280,-0.016059,0.992850,0,0.80649,0.08772,48.389,0.175,-1,375.000,575.000,250.000,325.000,275.000,225.000,300.000,350.000,-1,650.000,625.000,-1,550.000,300.000,-1,275.000,2,1,1,1,1,1,1,0,0,2,0,0,2,1,1,2,1
63,9208.330,3885.127,210.712,41.158,0.744517,-0.657930,-0.113238,0.655153,0.752650,-0.065517,0.128334,-0.025410,0.991405,0,0.80923,0.08531,48.554,0.171,-1,350.000,-1,225.000,300.000,275.000,225.000,275.000,375.000,-1,400.000,425.000,-1,575.000,300.000,-1,250.000,2,1,2,1,1,1,1,0,0,2,0,0,2,1,1,2,1
64,9244.915,3917.295,219.562,41.324,0.740148,-0.659863,-0.129470,0.657678,0.750478,-0.065139,0.140147,-0.036937,0.989442,0,0.81187,0.08269,48.712,0.165,-1,350.000,-1,225.000,275.000,275.000,200.000,275.000,425.000,-1,300.000,325.000,-1,625.000,275.000,-1,225.000,2,1,2,1,1,1,1,0,0,2,0,0,2,1,1,2,1
65,9281.524,3949.666,229.030,41.483,0.735062,-0.661553,-0.148433,0.660354,0.748186,-0.064430,0.153679,-0.050659,0.986821,0,0.81439,0.07982,48.863,0.160,-1,350.000,-1,200.000,250.000,250.000,200.000,275.000,475.000,875.000,200.000,275.000,-1,900.000,250.000,-1,225.000,2,1,2,1,1,1,1,0,0,0,0,0,2,0,1,2,1
66,9318.152,3982.232,239.129,41.637,0.729109,-0.662932,-0.170065,0.663242,0.745715,-0.063402,0.168851,-0.066567,0.983391,0,0.81675,0.07666,49.005,0.153,-1,350.000,-1,200.000,225.000,250.000,175.000,250.000,550.000,675.000,125.000,250.000,-1,1000.000,250.000,-1,200.000,2,1,2,1,1,1,1,0,0,0,0,0,2,0,1,2,1
67,9354.793,4014.982,249.985,41.783,0.722115,-0.663888,-0.194428,0.666513,0.742959,-0.061425,0.185231,-0.085233,0.978992,0,0.81893,0.07319,49.136,0.146,-1,375.000,-1,175.000,225.000,250.000,175.000,250.000,625.000,500.000,75.000,225.000,-1,-1,225.000,-1,175.000,2,1,2,1,1,1,1,0,0,0,0,0,2,2,1,2,1
68,8854.967,-1639.695,30.154,53.063,0.563785,-0.782428,0.264487,0.808499,0.588257,0.016822,-0.168749,0.204353,0.964243,1,0.00000,0.00000,49.254,0.139,0.000,150.000,325.000,250.000,-1,150.000,175.000,-1,750.000,-1,-1,0.000,875.000,200.000,325.000,0.000,525.000,0,1,1,1,2,1,1,2,1,2,2,0,1,1,1,0,1
69,987.905,9513.674,44.450,33.399,0.833815,-0.550179,-0.045339,0.546852,0.834420,-0.068533,0.075537,0.032350,0.996618,1,0.08000,-0.12000,4.800,-0.240,775.000,350.000,-1,375.000,-1,300.000,300.000,300.000,300.000,-1,375.000,275.000,-1,600.000,650.000,800.000,-1,0,0,2,0,2,0,0,0,0,2,0,0,2,0,0,0,2
70,995.963,9518.892,45.213,32.919,0.838409,-0.543146,-0.045408,0.539746,0.838963,-0.069400,0.075790,0.033677,0.996555,0,0.16000,-0.24000,9.600,-0.480,775.000,350.000,-1,375.000,-1,300.000,300.000,300.000,300.000,-1,375.000,275.000,-1,600.000,650.000,825.000,-1,0,0,2,0,2,0,0,0,0,2,0,0,2,0,0,0,2
71,1008.148,9526.566,46.354,32.199,0.845189,-0.532524,-0.045539,0.529014,0.845663,-0.070692,0.076156,0.035658,0.996458,0,0.24000,-0.36000,14.400,-0.720,775.000,350.000,-1,375.000,-1,300.000,300.000,300.000,300.000,-1,400.000,300.000,-1,600.000,650.000,825.000,-1,0,0,2,0,2,0,0,0,0,2,0,0,2,0,0,0,2
72,1024.563,9536.525,47.872,31.239,0.854016,-0.518230,-0.045762,0.514574,0.854384,-0.072401,0.076619,0.038284,0.996325,0,0.32000,-0.48000,19.200,-0.960,800.000,350.000,-1,375.000,-1,300.000,300.000,300.000,300.000,-1,400.000,300.000,-1,600.000,650.000,825.000,-1,0,0,2,0,2,0,0,0,0,2,0,0,2,0,0,0,2
73,1045.339,9548.541,49.760,30.039,0.864705,-0.500159,-0.046117,0.496319,0.864937,-0.074511,0.077155,0.041541,0.996153,0,0.40000,-0.60000,24.000,-1.200,800.000,350.000,-1,375.000,-1,300.000,300.000,300.000,300.000,-1,425.000,300.000,-1,600.000,650.000,825.000,-1,0,0,2,0,2,0,0,0,0,2,0,0,2,0,0,0,2
74,1070.616,9562.345,52.010,28.633,0.876734,-0.478709,-0.046642,0.474649,0.876801,-0.076998,0.077755,0.045368,0.995940,0,0.48000,-0.70288,28.800,-1.406,800.000,350.000,-1,375.000,-1,300.000,300.000,300.000,300.000,-1,450.000,325.000,-1,600.000,650.000,850.000,-1,0,0,2,0,2,0,0,0,0,2,0,0,2,0,0,0,2
75,1100.492,9577.721,54.602,27.228,0.888224,-0.456965,-0.047339,0.452650,0.888107,-0.079834,0.078523,0.049483,0.995683,0,0.56000,-0.70288,33.600,-1.406,825.000,350.000,-1,375.000,-1,300.000,300.000,300.000,275.000,-1,475.000,325.000,-1,600.000,650.000,850.000,-1,0,0,2,0,2,0,0,0,0,2,0,0,2,0,0,0,2
76,1135.058,9594.450,57.606,25.822,0.899147,-0.434947,-0.048540,0.430336,0.898859,-0.082848,0.079665,0.053604,0.995379,0,0.64000,-0.70288,38.400,-1.406,850.000,350.000,-1,375.000,-1,300.000,300.000,300.000,275.000,-1,475.000,350.000,-1,600.000,650.000,875.000,-1,0,0,2,0,2,0,0,0,0,2,0,0,2,0,0,0,2
77,1174.393,9612.311,61.011,24.416,0.909497,-0.412669,-0.050200,0.407718,0.909048,-0.086010,0.081128,0.057759,0.995029,0,0.72000,-0.70288,43.200,-1.406,850.000,350.000,-1,375.000,-1,300.000,300.000,300.000,275.000,-1,500.000,350.000,-1,600.000,650.000,900.000,-1,0,0,2,0,2,0,0,0,0,2,0,0,2,0,0,0,2
78,1217.365,9630.564,64.857,23.010,0.919286,-0.390160,-0.051844,0.384924,0.918701,-0.088436,0.082133,0.061341,0.994732,0,0.77812,-0.70288,46.687,-1.406,875.000,350.000,-1,375.000,-1,300.000,300.000,300.000,275.000,-1,525.000,375.000,-1,600.000,650.000,925.000,-1,0,0,2,0,2,0,0,0,0,2,0,0,2,0,0,0,2
79,1260.772,9647.758,68.780,21.605,0.928485,-0.367431,-0.053945,0.361907,0.927812,-0.090494,0.083301,0.064500,0.994435,0,0.77812,-0.70288,46.687,-1.406,900.000,350.000,-1,375.000,-1,300.000,300.000,300.000,275.000,-1,550.000,400.000,-1,600.000,650.000,950.000,-1,0,0,2,0,2,0,0,0,0,2,0,0,2,0,0,0,2
80,1304.588,9663.881,72.889,20.199,0.937056,-0.344506,-0.056940,0.338685,0.936404,-0.091869,0.084968,0.066802,0.994142,0,0.77812,-0.70288,46.687,-1.406,925.000,350.000,-1,375.000,-1,300.000,300.000,300.000,275.000,-1,550.000,400.000,-1,625.000,650.000,1000.000,-1,0,0,2,0,2,0,0,0,0,2,0,0,2,0,0,0,2
81,1348.787,9678.924,76.955,18.793,0.945055,-0.321380,-0.059884,0.315270,0.944427,-0.093069,0.086467,0.069075,0.993857,0,0.77812,-0.70288,46.687,-1.406,950.000,350.000,-1,375.000,-1,300.000,300.000,300.000,275.000,-1,575.000,425.000,-1,625.000,675.000,-1,-1,0,0,2,0,2,0,0,0,0,2,0,0,2,0,0,2,2
82,1393.341,9692.878,81.088,17.387,0.952515,-0.298057,-0.062269,0.291674,0.951845,-0.094428,0.087416,0.071782,0.993582,0,0.77812,-0.70288,46.687,-1.406,975.000,350.000,-1,375.000,-1,300.000,300.000,300.000,300.000,-1,600.000,450.000,-1,625.000,675.000,-1,-1,0,0,2,0,2,0,0,0,0,2,0,0,2,0,0,2,2
83,1438.224,9705.737,85.457,15.981,0.959417,-0.274538,-0.064397,0.267807,0.958599,-0.096787,0.088302,0.075613,0.993220,0,0.77812,-0.70288,46.687,-1.406,-1,350.000,-1,375.000,-1,300.000,300.000,300.000,300.000,-1,600.000,475.000,1000.000,625.000,675.000,-1,-1,2,0,2,0,2,0,0,0,0,2,0,0,0,0,0,2,2
84,1483.408,9717.491,89.840,14.576,0.965725,-0.250858,-0.066678,0.243743,0.964738,-0.099346,0.089249,0.079689,0.992816,0,0.77812,-0.70288,46.687,-1.406,-1,375.000,-1,375.000,-1,300.000,300.000,300.000,300.000,-1,575.000,500.000,1000.000,650.000,700.000,-1,-1,2,0,2,0,2,0,0,0,0,2,0,0,0,0,0,2,2
85,1528.868,9728.133,94.157,13.170,0.971440,-0.227041,-0.068965,0.219547,0.970283,-0.101738,0.090015,0.083691,0.992418,0,0.77812,-0.70288,46.687,-1.406,-1,375.000,-1,375.000,-1,300.000,300.000,300.000,275.000,-1,575.000,525.000,1000.000,675.000,700.000,-1,-1,2,0,2,0,2,0,0,0,0,2,0,0,0,0,0,2,2
86,1574.574,9737.657,98.402,11.764,0.976562,-0.203100,-0.071254,0.195237,0.975230,-0.103964,0.090604,0.087616,0.992025,0,0.77812,-0.70288,46.687,-1.406,-1,375.000,-1,375.000,-1,300.000,300.000,300.000,275.000,-1,575.000,525.000,1000.000,675.000,725.000,-1,-1,2,0,2,0,2,0,0,0,0,2,0,0,0,0,0,2,2
87,1620.501,9746.057,102.573,10.358,0.981088,-0.179051,-0.073538,0.170829,0.979580,-0.106025,0.091021,0.091458,0.991640,0,0.77812,-0.70288,46.687,-1.406,-1,375.000,-1,375.000,-1,300.000,300.000,300.000,275.000,-1,550.000,525.000,975.000,700.000,725.000,-1,-1,2,0,2,0,2,0,0,0,0,2,0,0,0,0,0,2,2
88,1661.851,9752.753,106.264,9.193,0.984376,-0.159037,-0.075577,0.150500,0.982724,-0.107715,0.091402,0.094657,0.991305,0,0.69812,-0.58288,41.887,-1.166,-1,375.000,-1,375.000,-1,300.000,300.000,300.000,275.000,-1,550.000,525.000,975.000,725.000,725.000,-1,-1,2,0,2,0,2,0,0,0,0,2,0,0,0,0,0,2,2
89,1698.554,9758.090,109.498,8.267,0.986679,-0.143103,-0.077366,0.134294,0.984919,-0.109086,0.091810,0.097244,0.991017,0,0.61812,-0.46288,37.087,-0.926,-1,375.000,-1,375.000,-1,300.000,325.000,300.000,275.000,-1,550.000,500.000,975.000,725.000,750.000,-1,-1,2,0,2,0,2,0,0,0,0,2,0,0,0,0,0,2,2
90,1730.559,9762.352,112.297,7.581,0.988201,-0.131278,-0.078901,0.122237,0.986366,-0.110187,0.092291,0.099242,0.990774,0,0.53812,-0.34288,32.287,-0.686,-1,375.000,-1,400.000,-1,325.000,325.000,300.000,275.000,-1,550.000,500.000,975.000,750.000,750.000,-1,-1,2,0,2,0,2,0,0,0,0,2,0,0,0,0,0,2,2
91,1757.834,9765.769,114.676,7.135,0.989089,-0.123583,-0.080184,0.114345,0.987214,-0.111054,0.092883,0.100673,0.990574,0,0.45812,-0.22288,27.487,-0.446,-1,375.000,-1,400.000,-1,325.000,325.000,300.000,275.000,-1,550.000,500.000,975.000,750.000,750.000,-1,-1,2,0,2,0,2,0,0,0,0,2,0,0,0,0,0,2,2
92,1780.355,9768.507,116.647,6.930,0.989443,-0.120026,-0.081214,0.110628,0.987563,-0.111715,0.093613,0.101551,0.990416,0,0.37812,-0.10288,22.687,-0.206,-1,375.000,-1,400.000,-1,325.000,325.000,300.000,275.000,-1,525.000,500.000,975.000,750.000,750.000,-1,-1,2,0,2,0,2,0,0,0,0,2,0,0,0,0,0,2,2
93,1798.118,9770.614,118.197,6.759,0.989729,-0.117084,-0.082024,0.107560,0.987844,-0.112230,0.094167,0.102255,0.990291,0,0.29812,-0.08508,17.887,-0.170,-1,400.000,-1,400.000,-1,325.000,325.000,300.000,275.000,-1,525.000,475.000,975.000,775.000,750.000,-1,-1,2,0,2,0,2,0,0,0,0,2,0,0,0,0,0,2,2
94,1811.119,9772.117,119.325,6.589,0.990023,-0.114142,-0.082622,0.104526,0.988126,-0.112610,0.094495,0.102851,0.990198,0,0.21812,-0.08508,13.087,-0.170,-1,400.000,-1,400.000,-1,325.000,325.000,300.000,275.000,-1,525.000,475.000,975.000,775.000,750.000,-1,-1,2,0,2,0,2,0,0,0,0,2,0,0,0,0,0,2,2
95,1819.354,9773.044,120.034,6.419,0.990325,-0.111201,-0.083010,0.101526,0.988410,-0.112860,0.094599,0.103341,0.990137,0,0.13812,-0.08508,8.287,-0.170,-1,400.000,-1,400.000,-1,325.000,325.000,300.000,275.000,-1,525.000,475.000,975.000,775.000,750.000,-1,-1,2,0,2,0,2,0,0,0,0,2,0,0,0,0,0,2,2
96,1822.820,9773.424,120.323,6.249,0.990636,-0.108261,-0.083190,0.098561,0.988696,-0.112983,0.094482,0.103726,0.990108,0,0.05812,-0.08508,3.487,-0.170,-1,400.000,-1,400.000,-1,325.000,325.000,300.000,275.000,-1,525.000,450.000,975.000,775.000,750.000,-1,-1,2,0,2,0,2,0,0,0,0,2,0,0,0,0,0,2,2
97,1821.515,9773.285,120.197,6.079,0.990955,-0.105321,-0.083164,0.095630,0.988984,-0.112982,0.094147,0.104008,0.990110,0,-0.02188,-0.08508,-1.313,-0.170,-1,400.000,-1,400.000,-1,325.000,325.000,300.000,275.000,-1,525.000,450.000,975.000,775.000,750.000,-1,-1,2,0,2,0,2,0,0,0,0,2,0,0,0,0,0,2,2
98,1815.434,9772.656,119.657,5.909,0.991282,-0.102382,-0.082930,0.092732,0.989274,-0.112861,0.093596,0.104187,0.990144,0,-0.10188,-0.08508,-6.113,-0.170,-1,400.000,-1,400.000,-1,325.000,325.000,300.000,275.000,-1,525.000,475.000,975.000,775.000,750.000,-1,-1,2,0,2,0,2,0,0,0,0,2,0,0,0,0,0,2,2
99,1804.576,9771.565,118.706,5.738,0.991618,-0.099442,-0.082491,0.089868,0.989565,-0.112624,0.092830,0.104266,0.990208,0,-0.18188,-0.08508,-10.913,-0.170,-1,400.000,-1,400.000,-1,325.000,325.000,300.000,275.000,-1,525.000,475.000,975.000,775.000,750.000,-1,-1,2,0,2,0,2,0,0,0,0,2,0,0,0,0,0,2,2
100,1793.218,9770.457,117.716,5.568,0.991947,-0.096502,-0.082031,0.087005,0.989849,-0.112378,0.092043,0.104336,0.990274,0,-0.19020,-0.08508,-11.412,-0.170,-1,400.000,-1,400.000,-1,325.000,325.000,300.000,275.000,-1,525.000,475.000,975.000,775.000,750.000,-1,-1,2,0,2,0,2,0,0,0,0,2,0,0,0,0,0,2,2
101,1781.857,9769.384,116.728,5.398,0.992266,-0.093561,-0.081570,0.084141,0.990124,-0.112137,0.091257,0.104407,0.990339,0,-0.19020,-0.08508,-11.412,-0.170,-1,400.000,-1,400.000,-1,325.000,325.000,300.000,275.000,-1,525.000,500.000,975.000,775.000,750.000,-1,-1,2,0,2,0,2,0,0,0,0,2,0,0,0,0,0,2,2
102,1770.493,9768.344,115.744,5.228,0.992577,-0.090620,-0.081111,0.081276,0.990390,-0.111902,0.090472,0.104479,0.990403,0,-0.19020,-0.08508,-11.412,-0.170,-1,375.000,-1,400.000,-1,325.000,325.000,300.000,275.000,-1,550.000,500.000,975.000,775.000,750.000,-1,-1,2,0,2,0,2,0,0,0,0,2,0,0,0,0,0,2,2
103,1759.126,9767.338,114.762,5.058,0.992879,-0.087677,-0.080651,0.078409,0.990647,-0.111671,0.089688,0.104552,0.990467,0,-0.19020,-0.08508,-11.412,-0.170,-1,375.000,-1,400.000,-1,325.000,325.000,300.000,275.000,-1,550.000,500.000,975.000,750.000,750.000,-1,-1,2,0,2,0,2,0,0,0,0,2,0,0,0,0,0,2,2
104,1747.755,9766.365,113.784,4.888,0.993171,-0.084734,-0.080193,0.075542,0.990895,-0.111445,0.088906,0.104626,0.990530,0,-0.19020,-0.08508,-11.412,-0.170,-1,375.000,-1,400.000,-1,325.000,325.000,300.000,275.000,-1,550.000,500.000,975.000,750.000,750.000,-1,-1,2,0,2,0,2,0,0,0,0,2,0,0,0,0,0,2,2
105,1736.382,9765.427,112.809,4.717,0.993455,-0.081790,-0.079734,0.072673,0.991135,-0.111223,0.088124,0.104701,0.990592,0,-0.19020,-0.08508,-11.412,-0.170,-1,375.000,-1,400.000,-1,325.000,325.000,300.000,275.000,-1,550.000,500.000,975.000,750.000,750.000,-1,-1,2,0,2,0,2,0,0,0,0,2,0,0,0,0,0,2,2
106,1725.007,9764.522,111.836,4.547,0.993730,-0.078846,-0.079277,0.069802,0.991365,-0.111007,0.087345,0.104777,0.990653,0,-0.19020,-0.08508,-11.412,-0.170,-1,375.000,-1,400.000,-1,325.000,325.000,300.000,275.000,-1,550.000,500.000,975.000,750.000,750.000,-1,-1,2,0,2,0,2,0,0,0,0,2,0,0,0,0,0,2,2
107,1713.628,9763.651,110.867,4.377,0.993995,-0.075901,-0.078820,0.066931,0.991587,-0.110795,0.086566,0.104855,0.990713,0,-0.19020,-0.08508,-11.412,-0.170,-1,375.000,-1,375.000,-1,325.000,325.000,300.000,275.000,-1,550.000,500.000,975.000,750.000,750.000,-1,-1,2,0,2,0,2,0,0,0,0,2,0,0,0,0,0,2,2
108,1702.248,9762.813,109.901,4.207,0.994252,-0.072955,-0.078364,0.064058,0.991800,-0.110589,0.085789,0.104933,0.990772,0,-0.19020,-0.08508,-11.412,-0.170,-1,375.000,-1,375.000,-1,300.000,325.000,300.000,275.000,-1,550.000,500.000,975.000,750.000,750.000,-1,-1,2,0,2,0,2,0,0,0,0,2,0,0,0,0,0,2,2
109,1690.864,9762.010,108.938,4.037,0.994499,-0.070008,-0.077909,0.061185,0.992004,-0.110387,0.085014,0.105013,0.990830,0,-0.19020,-0.08508,-11.412,-0.170,-1,375.000,-1,375.000,-1,300.000,325.000,300.000,275.000,-1,550.000,500.000,975.000,750.000,750.000,-1,-1,2,0,2,0,2,0,0,0,0,2,0,0,0,0,0,2,2
110,1679.479,9761.240,107.977,3.867,0.994738,-0.067061,-0.077455,0.058310,0.992199,-0.110189,0.084240,0.105093,0.990888,0,-0.19020,-0.08508,-11.412,-0.170,-1,375.000,-1,375.000,-1,300.000,325.000,300.000,275.000,-1,550.000,500.000,975.000,750.000,725.000,-1,-1,2,0,2,0,2,0,0,0,0,2,0,0,0,0,0,2,2
111,1668.091,9760.504,107.020,3.696,0.994967,-0.064114,-0.077002,0.055434,0.992385,-0.109997,0.083468,0.105175,0.990945,0,-0.19020,-0.08508,-11.412,-0.170,-1,375.000,-1,375.000,-1,300.000,325.000,300.000,275.000,-1,550.000,500.000,975.000,725.000,725.000,-1,-1,2,0,2,0,2,0,0,0,0,2,0,0,0,0,0,2,2
112,1656.701,9759.802,106.066,3.526,0.995188,-0.061166,-0.076550,0.052558,0.992562,-0.109810,0.082697,0.105258,0.991000,0,-0.19020,-0.08508,-11.412,-0.170,-1,375.000,-1,375.000,-1,300.000,325.000,300.000,275.000,-1,550.000,500.000,975.000,725.000,725.000,-1,-1,2,0,2,0,2,0,0,0,0,2,0,0,0,0,0,2,2
113,1645.309,9759.134,105.115,3.356,0.995399,-0.058217,-0.076100,0.049680,0.992731,-0.109627,0.081929,0.105342,0.991055,0,-0.19020,-0.08508,-11.412,-0.170,-1,375.000,-1,375.000,-1,300.000,325.000,300.000,275.000,-1,550.000,500.000,975.000,725.000,725.000,-1,-1,2,0,2,0,2,0,0,0,0,2,0,0,0,0,0,2,2
114,1633.915,9758.500,104.167,3.186,0.995602,-0.055268,-0.075650,0.046801,0.992890,-0.109449,0.081161,0.105427,0.991109,0,-0.19020,-0.08508,-11.412,-0.170,-1,375.000,-1,375.000,-1,300.000,325.000,300.000,275.000,-1,550.000,500.000,975.000,725.000,725.000,-1,-1,2,0,2,0,2,0,0,0,0,2,0,0,0,0,0,2,2
115,1622.519,9757.899,103.221,3.016,0.995795,-0.052318,-0.075202,0.043921,0.993041,-0.109276,0.080396,0.105513,0.991163,0,-0.19020,-0.08508,-11.412,-0.170,-1,375.000,-1,375.000,-1,300.000,300.000,300.000,275.000,-1,550.000,500.000,975.000,725.000,725.000,-1,-1,2,0,2,0,2,0,0,0,0,2,0,0,0,0,0,2,2
116,1611.121,9757.333,102.279,2.846,0.995979,-0.049368,-0.074756,0.041040,0.993182,-0.109107,0.079632,0.105600,0.991215,0,-0.19020,-0.08508,-11.412,-0.170,-1,375.000,-1,375.000,-1,300.000,300.000,300.000,275.000,-1,550.000,500.000,975.000,725.000,725.000,-1,-1,2,0,2,0,2,0,0,0,0,2,0,0,0,0,0,2,2
117,1599.722,9756.800,101.340,2.676,0.996154,-0.046418,-0.074311,0.038159,0.993315,-0.108944,0.078871,0.105689,0.991266,0,-0.19020,-0.08508,-11.412,-0.170,-1,375.000,-1,375.000,-1,300.000,300.000,300.000,275.000,-1,550.000,500.000,975.000,725.000,725.000,-1,-1,2,0,2,0,2,0,0,0,0,2,0,0,0,0,0,2,2
118,1593.118,9756.483,100.811,2.745,0.996119,-0.047630,-0.074021,0.039410,0.993283,-0.108789,0.078705,0.105450,0.991305,0,-0.11020,0.03492,-6.612,0.070,-1,375.000,-1,375.000,-1,300.000,300.000,300.000,275.000,-1,550.000,475.000,975.000,725.000,725.000,-1,-1,2,0,2,0,2,0,0,0,0,2,0,0,0,0,0,2,2
119,1591.308,9756.386,100.693,3.055,0.995857,-0.053004,-0.073887,0.044795,0.993071,-0.108641,0.079134,0.104881,0.991331,0,-0.03020,0.15492,-1.812,0.310,-1,375.000,-1,375.000,-1,300.000,300.000,300.000,275.000,-1,550.000,500.000,975.000,725.000,725.000,-1,-1,2,0,2,0,2,0,0,0,0,2,0,0,0,0,0,2,2
120,1594.290,9756.573,100.992,3.605,0.995302,-0.062537,-0.073918,0.054310,0.992611,-0.108506,0.080157,0.103982,0.991344,0,0.04980,0.27492,2.988,0.550,-1,375.000,-1,375.000,-1,300.000,300.000,300.000,275.000,-1,550.000,500.000,975.000,725.000,725.000,-1,-1,2,0,2,0,2,0,0,0,0,2,0,0,0,0,0,2,2
121,1602.055,9757.168,101.716,4.395,0.994332,-0.076224,-0.074123,0.067948,0.991782,-0.108400,0.081777,0.102749,0.991340,0,0.12980,0.39492,7.788,0.790,-1,375.000,-1,375.000,-1,300.000,300.000,300.000,275.000,-1,550.000,500.000,975.000,725.000,725.000,-1,-1,2,0,2,0,2,0,0,0,0,2,0,0,0,0,0,2,2
122,1614.590,9758.307,102.855,5.199,0.993135,-0.090139,-0.074550,0.081783,0.990735,-0.108421,0.083632,0.101580,0.991306,0,0.20980,0.40186,12.588,0.804,-1,375.000,-1,375.000,-1,300.000,300.000,300.000,275.000,-1,550.000,500.000,975.000,725.000,725.000,-1,-1,2,0,2,0,2,0,0,0,0,2,0,0,0,0,0,2,2
123,1631.883,9760.125,104.420,6.002,0.991726,-0.104039,-0.075203,0.095569,0.989482,-0.108590,0.085709,0.100505,0.991238,0,0.28980,0.40186,17.388,0.804,-1,375.000,-1,375.000,-1,300.000,300.000,300.000,275.000,-1,550.000,500.000,975.000,725.000,725.000,-1,-1,2,0,2,0,2,0,0,0,0,2,0,0,0,0,0,2,2
124,1653.914,9762.753,106.421,6.806,0.990104,-0.117920,-0.076084,0.109301,0.988023,-0.108925,0.088017,0.099531,0.991134,0,0.36980,0.40186,22.188,0.804,-1,375.000,-1,375.000,-1,300.000,300.000,300.000,275.000,-1,550.000,500.000,975.000,725.000,725.000,-1,-1,2,0,2,0,2,0,0,0,0,2,0,0,0,0,0,2,2
125,1680.664,9766.327,108.871,7.610,0.988269,-0.131778,-0.077191,0.122975,0.986357,-0.109443,0.090560,0.098667,0.990991,0,0.44980,0.40186,26.988,0.804,-1,375.000,-1,375.000,-1,300.000,325.000,300.000,275.000,-1,525.000,500.000,975.000,725.000,750.000,-1,-1,2,0,2,0,2,0,0,0,0,2,0,0,0,0,0,2,2
126,1712.110,9770.977,111.781,8.413,0.986221,-0.145612,-0.078523,0.136584,0.984484,-0.110160,0.093345,0.097917,0.990807,0,0.52980,0.40186,31.788,0.804,-1,375.000,-1,375.000,-1,300.000,325.000,300.000,275.000,-1,525.000,500.000,975.000,750.000,750.000,-1,-1,2,0,2,0,2,0,0,0,0,2,0,0,0,0,0,2,2
127,1748.225,9776.838,115.164,9.217,0.983959,-0.159417,-0.080072,0.150125,0.982406,-0.111093,0.096374,0.097290,0.990579,0,0.60980,0.40186,36.588,0.804,-1,375.000,-1,400.000,-1,325.000,325.000,300.000,275.000,-1,525.000,500.000,975.000,750.000,750.000,-1,-1,2,0,2,0,2,0,0,0,0,2,0,0,0,0,0,2,2
128,1788.981,9784.040,119.034,10.021,0.981483,-0.173190,-0.081832,0.163590,0.980121,-0.112258,0.099647,0.096792,0.990304,0,0.68980,0.40186,41.388,0.804,-1,400.000,-1,400.000,-1,325.000,325.000,300.000,275.000,-1,525.000,475.000,975.000,750.000,750.000,-1,-1,2,0,2,0,2,0,0,0,0,2,0,0,0,0,0,2,2
129,1834.348,9792.715,123.403,10.825,0.978794,-0.186927,-0.083791,0.176974,0.977630,-0.113669,0.103164,0.096430,0.989979,0,0.76980,0.40186,46.188,0.804,-1,400.000,-1,400.000,-1,325.000,325.000,300.000,275.000,-1,500.000,425.000,975.000,775.000,775.000,-1,-1,2,0,2,0,2,0,0,0,0,2,0,0,0,0,0,2,2
130,1884.289,9802.993,128.287,11.628,0.975892,-0.200626,-0.085935,0.190272,0.974932,-0.115342,0.106922,0.096211,0.989602,0,0.84980,0.40186,50.988,0.804,-1,400.000,-1,400.000,-1,325.000,325.000,300.000,275.000,-1,450.000,400.000,950.000,800.000,775.000,-1,-1,2,0,2,0,2,0,0,0,0,2,0,0,0,0,0,2,2
131,1938.145,9814.864,133.938,12.432,0.972841,-0.214306,-0.087484,0.203718,0.972132,-0.116008,0.109908,0.095035,0.989388,0,0.91915,0.40186,55.149,0.804,-1,400.000,-1,400.000,-1,325.000,325.000,300.000,275.000,-1,425.000,400.000,975.000,800.000,825.000,-1,-1,2,0,2,0,2,0,0,0,0,2,0,0,0,0,0,2,2
132,1991.829,9827.489,139.811,13.236,0.969666,-0.227958,-0.088220,0.217288,0.969186,-0.116038,0.111954,0.093349,0.989319,0,0.91915,0.40186,55.149,0.804,-1,400.000,-1,400.000,-1,325.000,325.000,300.000,275.000,-1,450.000,425.000,1000.000,800.000,875.000,-1,-1,2,0,2,0,2,0,0,0,0,2,0,0,0,0,0,2,2
133,2045.330,9840.867,146.064,14.039,0.966353,-0.241552,-0.088403,0.230781,0.965980,-0.116717,0.113588,0.092388,0.989223,0,0.91915,0.40186,55.149,0.804,-1,400.000,-1,400.000,-1,325.000,325.000,300.000,275.000,-1,475.000,475.000,-1,850.000,900.000,-1,-1,2,0,2,0,2,0,0,0,0,2,0,0,2,0,0,2,2
134,2098.638,9854.993,152.279,14.843,0.962927,-0.255110,-0.087700,0.244391,0.962617,-0.116794,0.114217,0.091031,0.989276,0,0.91915,0.40186,55.149,0.804,-1,400.000,-1,400.000,-1,325.000,325.000,300.000,275.000,-1,550.000,525.000,-1,900.000,925.000,-1,-1,2,0,2,0,2,0,0,0,0,2,0,0,2,0,0,2,2
135,2151.743,9869.865,158.545,15.647,0.959315,-0.268621,-0.086936,0.257963,0.959065,-0.116833,0.114761,0.089654,0.989339,0,0.91915,0.40186,55.149,0.804,-1,400.000,-1,400.000,-1,325.000,325.000,275.000,275.000,-1,625.000,600.000,-1,950.000,975.000,-1,-1,2,0,2,0,2,0,0,0,0,2,0,0,2,0,0,2,2
