timestep,x_cm,y_cm,z_cm,yaw_deg,basis_xx,basis_xy,basis_xz,basis_yx,basis_yy,basis_yz,basis_zx,basis_zy,basis_zz,teleport_flag,throttle_cmd,steering_cmd,cmd_move_cm,cmd_turn_deg,lidar_cm_0,lidar_cm_1,lidar_cm_2,lidar_cm_3,lidar_cm_4,lidar_cm_5,lidar_cm_6,lidar_cm_7,lidar_cm_8,lidar_cm_9,lidar_cm_10,lidar_cm_11,lidar_cm_12,lidar_cm_13,lidar_cm_14,lidar_cm_15,lidar_cm_16,lidar_class_0,lidar_class_1,lidar_class_2,lidar_class_3,lidar_class_4,lidar_class_5,lidar_class_6,lidar_class_7,lidar_class_8,lidar_class_9,lidar_class_10,lidar_class_11,lidar_class_12,lidar_class_13,lidar_class_14,lidar_class_15,lidar_class_16
0,-1637.721,2291.451,-127.230,-63.932,0.439432,0.898240,0.008089,-0.898276,0.439413,0.004009,0.000046,-0.009027,0.999959,1,0.08000,-0.12000,4.800,-0.240,700.000,425.000,-1,375.000,-1,325.000,325.000,325.000,325.000,-1,-1,-1,-1,725.000,700.000,775.000,-1,1,0,2,0,2,0,0,0,0,2,2,2,2,1,0,1,2
1,-1633.562,2282.799,-127.264,-64.329,0.433197,0.901258,0.008642,-0.901299,0.433176,0.004256,0.000092,-0.009632,0.999954,0,0.16000,-0.19851,9.600,-0.397,700.000,425.000,-1,375.000,-1,325.000,325.000,325.000,325.000,-1,-1,-1,-1,725.000,700.000,750.000,-1,1,0,2,0,2,0,0,0,0,2,2,2,2,1,0,1,2
2,-1627.414,2269.777,-127.295,-64.725,0.426972,0.904215,0.009450,-0.904265,0.426947,0.004607,0.000131,-0.010513,0.999945,0,0.24000,-0.19755,14.400,-0.395,675.000,425.000,-1,375.000,-1,325.000,325.000,325.000,325.000,-1,-1,-1,-1,725.000,700.000,750.000,-1,1,0,2,0,2,0,0,0,0,2,2,2,2,1,0,1,2
3,-1619.335,2252.360,-127.323,-65.117,0.420767,0.907108,0.010508,-0.907169,0.420736,0.005048,0.000158,-0.011657,0.999932,0,0.32000,-0.19629,19.200,-0.393,650.000,425.000,-1,375.000,-1,325.000,325.000,325.000,350.000,-1,-1,-1,-1,700.000,700.000,750.000,-1,1,0,2,0,2,0,0,0,0,2,2,2,2,1,0,1,2
4,-1609.384,2230.520,-127.346,-65.507,0.414592,0.909931,0.011807,-0.910007,0.414555,0.005566,0.000170,-0.013052,0.999915,0,0.40000,-0.19470,24.000,-0.389,650.000,425.000,-1,375.000,-1,325.000,325.000,325.000,350.000,-1,-1,-1,-1,700.000,700.000,725.000,-1,1,0,2,0,2,0,0,0,0,2,2,2,2,1,0,1,2
5,-1597.621,2204.232,-127.362,-65.892,0.408460,0.912679,0.013340,-0.912776,0.408414,0.006148,0.000163,-0.014688,0.999892,0,0.48000,-0.19276,28.800,-0.386,625.000,425.000,-1,375.000,-1,325.000,325.000,325.000,350.000,-1,-1,-1,-1,700.000,700.000,700.000,-1,1,0,2,0,2,0,0,0,0,2,2,2,2,1,0,1,2
6,-1584.100,2173.472,-127.370,-66.273,0.402383,0.915347,0.015099,-0.915471,0.402326,0.006779,0.000131,-0.016550,0.999863,0,0.56000,-0.19044,33.600,-0.381,575.000,425.000,-1,375.000,-1,325.000,325.000,325.000,350.000,-1,-1,-1,-1,675.000,700.000,675.000,-1,1,0,2,0,2,0,0,0,0,2,2,2,2,1,0,1,2
7,-1568.879,2138.218,-127.366,-66.648,0.396375,0.917930,0.017074,-0.918089,0.396305,0.007447,0.000069,-0.018627,0.999826,0,0.64000,-0.18772,38.400,-0.375,550.000,425.000,-1,375.000,-1,325.000,325.000,325.000,350.000,-1,-1,-1,-1,675.000,700.000,650.000,-1,1,0,2,0,2,0,0,0,0,2,2,2,2,1,0,1,2
8,-1552.011,2098.447,-127.348,-67.017,0.390451,0.920422,0.019257,-0.920624,0.390366,0.008135,-0.000029,-0.020905,0.999781,0,0.72000,-0.18455,43.200,-0.369,525.000,400.000,-1,375.000,-1,325.000,325.000,325.000,350.000,-1,-1,-1,-1,650.000,700.000,625.000,-1,1,0,2,0,2,0,0,0,0,2,2,2,2,1,0,1,2
9,-1533.548,2054.140,-127.432,-67.379,0.384622,0.922828,0.021322,-0.923074,0.384529,0.008450,-0.000401,-0.022932,0.999737,0,0.80000,-0.18090,48.000,-0.362,475.000,400.000,-1,375.000,-1,325.000,325.000,325.000,350.000,-1,-1,-1,-1,650.000,700.000,600.000,-1,1,0,2,0,2,0,0,0,0,2,2,2,2,1,0,1,2
10,-1515.059,2008.987,-127.563,-67.733,0.378906,0.925143,0.023238,-0.925435,0.378813,0.008454,-0.000981,-0.024709,0.999694,0,0.81319,-0.17671,48.791,-0.353,450.000,400.000,-1,375.000,-1,325.000,325.000,325.000,350.000,-1,-1,-1,-1,625.000,700.000,550.000,-1,1,0,2,0,2,0,0,1,0,2,2,2,2,1,0,1,2
11,-1496.850,1963.744,-127.554,-68.077,0.373326,0.927352,0.025408,-0.927699,0.373222,0.008922,-0.001209,-0.026902,0.999637,0,0.81283,-0.17228,48.770,-0.345,425.000,400.000,-1,375.000,-1,325.000,300.000,325.000,350.000,-1,-1,-1,-1,600.000,700.000,525.000,-1,1,0,2,0,2,0,0,1,0,2,2,2,2,1,0,1,2
12,-1478.921,1918.434,-127.525,-68.413,0.367881,0.929465,0.027553,-0.929872,0.367765,0.009348,-0.001445,-0.029059,0.999577,0,0.81215,-0.16768,48.729,-0.335,400.000,400.000,-1,375.000,-1,325.000,300.000,300.000,350.000,-1,-1,-1,-1,575.000,700.000,500.000,-1,1,0,2,0,2,0,0,1,0,2,2,2,2,1,0,1,2
13,-1461.272,1873.079,-127.526,-68.738,0.362582,0.931476,0.029792,-0.931951,0.362449,0.009942,-0.001537,-0.031370,0.999507,0,0.81112,-0.16290,48.667,-0.326,375.000,400.000,-1,375.000,-1,325.000,300.000,300.000,350.000,-1,-1,-1,-1,575.000,700.000,450.000,-1,1,0,2,0,2,0,0,1,0,2,2,2,2,1,0,1,2
14,-1443.903,1827.705,-127.417,-69.054,0.357450,0.933403,0.031451,-0.933932,0.357285,0.010891,-0.001071,-0.033266,0.999446,0,0.80974,-0.15796,48.584,-0.316,350.000,375.000,-1,375.000,-1,325.000,300.000,300.000,350.000,-1,-1,-1,-1,550.000,700.000,425.000,-1,1,0,2,0,2,0,0,1,0,2,2,2,2,1,0,1,2
15,-1426.814,1782.337,-127.101,-69.360,0.352496,0.935262,0.032119,-0.935813,0.352286,0.012163,0.000060,-0.034345,0.999410,0,0.80800,-0.15288,48.480,-0.306,325.000,375.000,-1,375.000,-1,325.000,300.000,275.000,350.000,-1,475.000,-1,-1,550.000,700.000,400.000,-1,1,0,2,0,2,0,0,1,0,2,0,2,2,1,0,1,2
16,-1410.003,1737.000,-126.772,-69.655,0.347706,0.937031,0.032774,-0.937603,0.347448,0.013452,0.001218,-0.035406,0.999372,0,0.80590,-0.14766,48.354,-0.295,300.000,375.000,-1,375.000,-1,325.000,300.000,275.000,350.000,-1,500.000,-1,-1,525.000,725.000,375.000,-1,1,0,2,0,2,0,0,1,0,2,0,2,2,1,0,1,2
17,-1393.467,1691.719,-126.433,-69.940,0.343084,0.938710,0.033414,-0.939302,0.342775,0.014758,0.002400,-0.036449,0.999333,0,0.80343,-0.14235,48.206,-0.285,275.000,375.000,-1,375.000,-1,325.000,300.000,250.000,350.000,-1,500.000,-1,-1,525.000,725.000,350.000,-1,1,0,2,0,2,0,0,1,0,2,0,2,2,1,0,1,2
18,-1377.206,1646.518,-126.082,-70.214,0.338633,0.940302,0.034041,-0.940912,0.338271,0.016080,0.003605,-0.037475,0.999291,0,0.80062,-0.13696,48.037,-0.274,250.000,375.000,-1,375.000,-1,325.000,300.000,250.000,350.000,-1,500.000,-1,-1,500.000,725.000,325.000,-1,1,1,2,0,2,0,0,1,0,2,0,2,2,1,0,1,2
19,-1361.216,1601.421,-125.720,-70.477,0.334356,0.941809,0.034655,-0.942434,0.333937,0.017418,0.004832,-0.038484,0.999248,0,0.79747,-0.13153,47.848,-0.263,225.000,375.000,-1,375.000,-1,325.000,300.000,225.000,350.000,-1,500.000,-1,-1,500.000,750.000,300.000,-1,1,1,2,0,2,0,0,1,0,2,0,2,2,1,0,1,2
20,-1345.499,1556.447,-125.302,-70.737,0.330131,0.943285,0.035031,-0.943915,0.329651,0.018850,0.006232,-0.039289,0.999208,0,0.79401,-0.12995,47.641,-0.260,225.000,350.000,-1,375.000,-1,325.000,325.000,225.000,350.000,-1,475.000,-1,-1,475.000,750.000,275.000,-1,1,1,2,0,2,0,0,1,0,2,0,2,2,1,0,1,2
21,-1328.477,1507.264,-123.367,-70.907,0.327481,0.944441,0.028074,-0.944774,0.326912,0.023040,0.012582,-0.034069,0.999340,0,0.86742,-0.08507,52.045,-0.170,200.000,350.000,-1,400.000,-1,325.000,325.000,225.000,325.000,-1,400.000,375.000,-1,475.000,800.000,275.000,-1,1,1,2,0,2,0,0,1,0,2,0,0,2,1,0,1,2
22,-1311.682,1458.271,-121.409,-71.075,0.324787,0.945553,0.021064,-0.945596,0.324194,0.027315,0.018999,-0.028789,0.999405,0,0.86320,-0.08403,51.792,-0.168,200.000,350.000,-1,425.000,-1,350.000,350.000,225.000,325.000,-1,350.000,300.000,-1,475.000,825.000,275.000,-1,1,1,2,0,2,0,0,1,0,2,0,0,2,1,0,1,2
23,-1295.114,1409.482,-119.583,-71.242,0.322032,0.946635,0.013332,-0.946374,0.321494,0.031914,0.025925,-0.022894,0.999402,0,0.85874,-0.08324,51.525,-0.166,200.000,350.000,-1,425.000,-1,350.000,350.000,200.000,325.000,-1,300.000,250.000,-1,475.000,900.000,250.000,-1,1,1,2,0,2,0,0,1,0,2,0,0,2,1,0,1,2
24,-1278.775,1360.908,-117.650,-71.407,0.319207,0.947666,0.006001,-0.947128,0.318796,0.036284,0.032472,-0.017266,0.999323,0,0.85412,-0.08269,51.247,-0.165,200.000,350.000,-1,450.000,-1,375.000,375.000,200.000,300.000,-1,275.000,225.000,-1,475.000,950.000,250.000,-1,1,1,2,0,2,0,0,1,0,2,0,0,2,1,0,1,2
25,-1262.665,1312.557,-115.819,-71.572,0.316289,0.948661,-0.001668,-0.947874,0.316097,0.040219,0.038681,-0.011140,0.999189,0,0.84941,-0.08239,50.964,-0.165,200.000,350.000,-1,450.000,-1,375.000,375.000,200.000,300.000,-1,275.000,200.000,-1,475.000,-1,250.000,-1,1,1,2,0,2,1,0,1,0,2,0,0,2,1,2,1,2
26,-1246.783,1264.429,-113.962,-71.736,0.313285,0.949613,-0.009337,-0.948595,0.313384,0.044237,0.044934,-0.005001,0.998977,0,0.84466,-0.08235,50.680,-0.165,175.000,350.000,-1,475.000,-1,375.000,400.000,200.000,300.000,-1,250.000,175.000,-1,475.000,-1,250.000,-1,1,1,2,0,2,1,0,1,0,2,0,0,2,1,2,1,2
27,-1230.089,1213.223,-111.692,-71.944,0.309423,0.950750,-0.018221,-0.949569,0.309948,0.047447,0.050758,0.002621,0.998708,0,0.89763,-0.10370,53.858,-0.207,175.000,350.000,-1,475.000,-1,375.000,400.000,200.000,275.000,-1,275.000,175.000,-1,475.000,-1,225.000,-1,1,1,2,0,2,1,0,1,0,2,0,0,2,1,2,1,2
28,-1213.615,1162.112,-109.272,-72.138,0.305666,0.951741,-0.027505,-0.950468,0.306713,0.050379,0.056383,0.010743,0.998351,0,0.89499,-0.09691,53.700,-0.194,175.000,350.000,-1,500.000,-1,375.000,425.000,200.000,275.000,-1,275.000,150.000,-1,475.000,-1,225.000,-1,1,1,2,0,2,1,0,1,0,2,0,0,2,1,2,1,2
29,-1197.361,1111.136,-106.781,-72.317,0.302029,0.952580,-0.037002,-0.951271,0.303690,0.053450,0.062153,0.019056,0.997885,0,0.89173,-0.08983,53.504,-0.180,175.000,350.000,-1,525.000,-1,375.000,425.000,175.000,275.000,-1,275.000,125.000,-1,475.000,-1,225.000,-1,1,1,2,0,2,1,0,1,0,2,0,0,2,1,2,1,2
30,-1181.322,1060.337,-104.222,-72.482,0.298512,0.953262,-0.046710,-0.951976,0.300885,0.056654,0.068061,0.027554,0.997301,0,0.88783,-0.08250,53.270,-0.165,175.000,350.000,-1,525.000,-1,375.000,450.000,175.000,275.000,-1,275.000,100.000,-1,475.000,-1,225.000,-1,1,1,2,0,2,1,0,1,0,2,0,0,2,1,2,1,2
31,-1165.496,1009.755,-101.598,-72.632,0.295117,0.953782,-0.056623,-0.952583,0.298307,0.059982,0.074101,0.036236,0.996592,0,0.88332,-0.07497,52.999,-0.150,150.000,350.000,-1,550.000,-1,375.000,450.000,175.000,250.000,-1,275.000,100.000,-1,475.000,-1,200.000,-1,1,1,2,0,2,1,0,1,0,2,0,0,2,1,2,1,2
32,-1149.881,959.426,-98.913,-72.770,0.291792,0.954151,-0.066730,-0.953108,0.295909,0.063426,0.080264,0.045093,0.995753,0,0.87823,-0.06880,52.694,-0.138,150.000,350.000,-1,575.000,-1,375.000,475.000,175.000,250.000,-1,250.000,75.000,800.000,475.000,-1,200.000,-1,1,1,2,0,2,1,0,1,0,2,0,0,0,1,2,1,2
33,-327.980,9511.107,-83.900,9.094,0.987555,-0.157002,-0.009192,0.154838,0.980859,-0.118071,0.027553,0.115178,0.992963,1,0.00000,0.00000,47.894,-0.378,-1,400.000,-1,400.000,-1,325.000,325.000,300.000,300.000,-1,-1,-1,-1,900.000,875.000,-1,-1,2,0,2,0,2,0,0,0,0,2,2,2,2,0,0,2,2
34,-323.242,9511.880,-83.764,9.267,0.987081,-0.159968,-0.008983,0.157809,0.980389,-0.118038,0.027689,0.115096,0.992968,0,0.08000,0.08659,4.800,0.173,-1,400.000,-1,400.000,-1,325.000,325.000,300.000,300.000,-1,-1,-1,-1,900.000,875.000,-1,-1,2,0,2,0,2,0,0,0,0,2,2,2,2,0,0,2,2
35,-313.773,9513.454,-83.493,9.440,0.986600,-0.162932,-0.008558,0.160804,0.979912,-0.117962,0.027606,0.115005,0.992981,0,0.16000,0.08659,9.600,0.173,-1,400.000,-1,400.000,-1,325.000,325.000,300.000,300.000,-1,-1,-1,-1,900.000,875.000,-1,-1,2,0,2,0,2,0,0,0,0,2,2,2,2,0,0,2,2
36,-299.575,9515.859,-83.082,9.613,0.986112,-0.165895,-0.007919,0.163824,0.979426,-0.117840,0.027305,0.114906,0.993001,0,0.24000,0.08659,14.400,0.173,-1,400.000,-1,400.000,-1,325.000,325.000,300.000,300.000,-1,-1,-1,-1,900.000,875.000,-1,-1,2,0,2,0,2,0,0,0,0,2,2,2,2,0,0,2,2
37,-280.655,9519.122,-82.529,9.787,0.985615,-0.168857,-0.007063,0.166868,0.978933,-0.117669,0.026783,0.114797,0.993028,0,0.32000,0.08659,19.200,0.173,-1,400.000,-1,400.000,-1,325.000,325.000,300.000,300.000,-1,-1,-1,-1,900.000,875.000,-1,-1,2,0,2,0,2,0,0,0,0,2,2,2,2,0,0,2,2
38,-257.017,9523.273,-81.831,9.960,0.985111,-0.171817,-0.005987,0.169938,0.978431,-0.117447,0.026037,0.114681,0.993061,0,0.40000,0.08659,24.000,0.173,-1,400.000,-1,400.000,-1,325.000,325.000,300.000,300.000,-1,-1,-1,-1,900.000,850.000,-1,-1,2,0,2,0,2,0,0,0,0,2,2,2,2,0,0,2,2
39,-228.666,9528.339,-80.983,10.133,0.984597,-0.174776,-0.004689,0.173033,0.977921,-0.117174,0.025065,0.114558,0.993100,0,0.48000,0.08659,28.800,0.173,-1,400.000,-1,400.000,-1,325.000,325.000,300.000,300.000,-1,-1,-1,-1,900.000,850.000,-1,-1,2,0,2,0,2,0,0,0,0,2,2,2,2,0,0,2,2
40,-195.609,9534.350,-79.982,10.306,0.984074,-0.177734,-0.003164,0.176153,0.977403,-0.116847,0.023861,0.114429,0.993145,0,0.56000,0.08659,33.600,0.173,-1,400.000,-1,400.000,-1,325.000,325.000,300.000,300.000,-1,-1,-1,-1,900.000,850.000,-1,-1,2,0,2,0,2,0,0,0,0,2,2,2,2,0,0,2,2
41,-157.849,9541.333,-78.825,10.479,0.983539,-0.180690,-0.001408,0.179299,0.976876,-0.116465,0.022420,0.114295,0.993194,0,0.64000,0.08659,38.400,0.173,-1,400.000,-1,400.000,-1,325.000,325.000,300.000,300.000,-1,-1,-1,-1,900.000,850.000,-1,-1,2,0,2,0,2,0,0,0,0,2,2,2,2,0,0,2,2
42,-115.394,9549.318,-77.508,10.653,0.982993,-0.183645,0.000586,0.182471,0.976341,-0.116026,0.020735,0.114160,0.993246,0,0.72000,0.08659,43.200,0.173,-1,400.000,-1,400.000,-1,325.000,325.000,300.000,300.000,-1,-1,-1,-1,900.000,850.000,-1,-1,2,0,2,0,2,0,0,0,0,2,2,2,2,0,0,2,2
43,-69.315,9558.129,-76.061,10.826,0.982432,-0.186598,0.002774,0.185664,0.975797,-0.115540,0.018852,0.114025,0.993299,0,0.78190,0.08659,46.914,0.173,-1,425.000,-1,400.000,-1,325.000,325.000,300.000,300.000,-1,-1,-1,-1,875.000,850.000,-1,-1,2,0,2,0,2,0,0,0,0,2,2,2,2,0,0,2,2
44,-23.218,9567.088,-74.900,10.997,0.981872,-0.189490,0.004648,0.188738,0.975125,-0.116225,0.017492,0.114996,0.993212,0,0.78267,0.08556,46.960,0.171,-1,425.000,-1,400.000,-1,325.000,325.000,300.000,300.000,-1,-1,-1,-1,900.000,825.000,-1,-1,2,0,2,0,2,0,0,0,0,2,2,2,2,0,0,2,2
45,22.934,9576.198,-73.912,11.164,0.981313,-0.192297,0.006853,0.191758,0.974376,-0.117558,0.015928,0.116675,0.993042,0,0.78404,0.08360,47.043,0.167,-1,425.000,-1,400.000,-1,325.000,325.000,300.000,300.000,-1,-1,-1,-1,900.000,825.000,-1,-1,2,0,2,0,2,0,0,0,0,2,2,2,2,0,0,2,2
46,69.135,9585.454,-73.209,11.327,0.980758,-0.195058,0.008172,0.194649,0.973760,-0.117913,0.015042,0.117235,0.992990,0,0.78532,0.08160,47.119,0.163,-1,425.000,-1,400.000,-1,325.000,325.000,300.000,300.000,-1,-1,-1,-1,900.000,825.000,-1,-1,2,0,2,0,2,0,0,0,0,2,2,2,2,0,0,2,2
47,115.379,9594.849,-72.834,11.486,0.980201,-0.197779,0.009490,0.197518,0.973299,-0.116939,0.013892,0.116498,0.993094,0,0.78649,0.07955,47.189,0.159,-1,425.000,-1,400.000,-1,325.000,325.000,300.000,300.000,-1,-1,-1,-1,900.000,825.000,-1,-1,2,0,2,0,2,0,0,0,0,2,2,2,2,0,0,2,2
48,161.660,9604.383,-72.458,11.641,0.979649,-0.200426,0.010833,0.200316,0.972843,-0.115974,0.012705,0.115784,0.993193,0,0.78756,0.07746,47.253,0.155,-1,425.000,-1,400.000,-1,325.000,325.000,300.000,300.000,-1,-1,-1,-1,875.000,825.000,-1,-1,2,0,2,0,2,0,0,0,0,2,2,2,2,0,0,2,2
49,212.569,9615.236,-72.019,12.036,0.978232,-0.207146,0.012342,0.207176,0.971527,-0.114951,0.011822,0.115006,0.993294,0,0.86756,0.19746,52.053,0.395,-1,425.000,-1,400.000,-1,325.000,325.000,300.000,300.000,-1,-1,-1,-1,875.000,825.000,-1,-1,2,0,2,0,2,0,0,0,0,2,2,2,2,0,0,2,2
50,264.918,9627.004,-71.518,12.671,0.975867,-0.217919,0.013928,0.218070,0.969261,-0.113923,0.011326,0.114212,0.993392,0,0.89427,0.31746,53.656,0.635,-1,425.000,-1,400.000,-1,325.000,325.000,300.000,300.000,-1,-1,-1,-1,875.000,800.000,-1,-1,2,0,2,0,2,0,0,0,0,2,2,2,2,0,0,2,2
51,317.120,9639.580,-70.944,13.546,0.972421,-0.232715,0.015552,0.232963,0.965909,-0.112906,0.011253,0.113415,0.993484,0,0.89494,0.43746,53.697,0.875,-1,400.000,-1,400.000,-1,325.000,325.000,300.000,300.000,-1,-1,-1,-1,875.000,800.000,-1,-1,2,0,2,0,2,0,0,0,0,2,2,2,2,0,0,2,2
52,369.090,9653.175,-70.277,14.661,0.967707,-0.251489,0.017215,0.251811,0.961287,-0.111882,0.011588,0.112604,0.993572,0,0.89535,0.55746,53.721,1.115,-1,400.000,-1,400.000,-1,325.000,325.000,300.000,300.000,-1,-1,-1,-1,850.000,800.000,-1,-1,2,0,2,0,2,0,0,0,0,2,2,2,2,0,0,2,2
53,420.855,9668.033,-69.491,16.016,0.961494,-0.274176,0.018918,0.274551,0.955164,-0.110828,0.012316,0.111754,0.993660,0,0.89762,0.67746,53.857,1.355,-1,400.000,-1,400.000,-1,325.000,325.000,300.000,300.000,-1,-1,-1,-1,850.000,800.000,-1,-1,2,0,2,0,2,0,0,0,0,2,2,2,2,0,0,2,2
54,472.255,9684.348,-68.554,17.611,0.953500,-0.300687,0.020626,0.301093,0.947263,-0.109704,0.013448,0.110813,0.993750,0,0.89882,0.79746,53.929,1.595,-1,400.000,-1,400.000,-1,325.000,325.000,300.000,300.000,-1,-1,-1,-1,850.000,800.000,-1,-1,2,0,2,0,2,0,0,0,0,2,2,2,2,0,0,2,2
55,523.178,9702.325,-67.445,19.446,0.943401,-0.330903,0.022332,0.331318,0.937261,-0.108493,0.014970,0.109751,0.993846,0,0.90010,0.91746,54.006,1.835,-1,400.000,-1,400.000,-1,325.000,325.000,300.000,300.000,-1,-1,-1,-1,850.000,800.000,-1,-1,2,0,2,0,2,0,0,0,0,2,2,2,2,0,0,2,2
56,573.521,9722.100,-66.289,21.446,0.931313,-0.363439,0.023831,0.363816,0.925211,-0.107803,0.017131,0.109069,0.993887,0,0.90150,1.00000,54.090,2.000,-1,400.000,-1,400.000,-1,325.000,325.000,300.000,300.000,-1,-1,-1,-1,825.000,800.000,-1,-1,2,0,2,0,2,0,0,0,0,2,2,2,2,0,0,2,2
57,623.226,9743.657,-65.079,23.446,0.918107,-0.395520,0.025371,0.395858,0.911993,-0.107539,0.019395,0.108776,0.993877,0,0.90302,1.00000,54.181,2.000,-1,400.000,-1,400.000,-1,325.000,325.000,300.000,300.000,-1,-1,-1,-1,825.000,800.000,-1,-1,2,0,2,0,2,0,0,0,0,2,2,2,2,0,0,2,2
58,672.233,9766.976,-63.717,25.446,0.903791,-0.427119,0.027055,0.427433,0.897661,-0.107268,0.021530,0.108512,0.993862,0,0.90458,1.00000,54.275,2.000,-1,400.000,-1,400.000,-1,325.000,325.000,300.000,300.000,-1,-1,-1,-1,825.000,825.000,-1,-1,2,0,2,0,2,0,0,0,0,2,2,2,2,0,0,2,2
59,720.483,9792.035,-62.200,27.446,0.888380,-0.458202,0.028827,0.458503,0.882237,-0.106919,0.023559,0.108202,0.993850,0,0.90620,1.00000,54.372,2.000,-1,400.000,-1,400.000,-1,325.000,325.000,300.000,300.000,-1,-1,-1,-1,825.000,825.000,-1,-1,2,0,2,0,2,0,0,0,0,2,2,2,2,0,0,2,2
60,767.916,9818.811,-60.680,29.446,0.871902,-0.488762,0.029965,0.488990,0.865796,-0.106235,0.025980,0.107279,0.993889,0,0.90786,1.00000,54.471,2.000,-1,400.000,-1,400.000,-1,325.000,325.000,300.000,300.000,-1,-1,-1,-1,825.000,825.000,-1,-1,2,0,2,0,2,0,0,0,0,2,2,2,2,0,0,2,2
61,814.473,9847.280,-59.085,31.446,0.854374,-0.518748,0.030749,0.518870,0.848323,-0.105466,0.028626,0.106062,0.993947,0,0.90957,1.00000,54.574,2.000,-1,400.000,-1,400.000,-1,325.000,325.000,300.000,300.000,-1,-1,-1,-1,800.000,850.000,-1,-1,2,0,2,0,2,0,0,0,0,2,2,2,2,0,0,2,2
62,860.096,9877.414,-57.337,33.446,0.835812,-0.548107,0.031572,0.548126,0.829806,-0.104787,0.031236,0.104888,0.993993,0,0.91131,1.00000,54.679,2.000,-1,400.000,-1,400.000,-1,325.000,325.000,300.000,300.000,-1,-1,-1,-1,800.000,850.000,-1,-1,2,0,2,0,2,0,0,0,0,2,2,2,2,0,0,2,2
63,904.727,9909.184,-55.488,35.446,0.816231,-0.576813,0.032460,0.576745,0.810284,-0.103945,0.033655,0.103564,0.994053,0,0.91310,1.00000,54.786,2.000,-1,400.000,-1,400.000,-1,325.000,325.000,300.000,300.000,-1,-1,-1,-1,800.000,850.000,-1,-1,2,0,2,0,2,0,0,0,0,2,2,2,2,0,0,2,2
64,948.309,9942.558,-53.485,37.446,0.795660,-0.604823,0.033389,0.604673,0.789768,-0.103136,0.036009,0.102250,0.994107,0,0.91493,1.00000,54.896,2.000,-1,400.000,-1,400.000,-1,325.000,325.000,300.000,300.000,-1,-1,-1,-1,800.000,850.000,-1,-1,2,0,2,0,2,0,0,0,0,2,2,2,2,1,0,2,2
65,990.785,9977.504,-51.327,39.446,0.774124,-0.632101,0.034361,0.631875,0.768281,-0.102362,0.038305,0.100952,0.994154,0,0.91678,1.00000,55.007,2.000,-1,400.000,-1,400.000,-1,325.000,325.000,300.000,300.000,-1,-1,-1,-1,775.000,850.000,-1,-1,2,0,2,0,2,0,0,0,0,2,2,2,2,1,0,2,2
66,1032.101,10013.986,-49.019,41.446,0.751649,-0.658614,0.035377,0.658316,0.745850,-0.101622,0.040544,0.099674,0.994194,0,0.91866,1.00000,55.119,2.000,-1,400.000,-1,400.000,-1,325.000,325.000,300.000,300.000,-1,-1,-1,-1,775.000,850.000,-1,-1,2,0,2,0,2,0,0,0,0,2,2,2,2,1,0,2,2
67,1072.201,10051.966,-46.584,43.446,0.728267,-0.684324,0.036449,0.683956,0.722496,-0.101016,0.042794,0.098496,0.994217,0,0.92056,1.00000,55.233,2.000,950.000,400.000,-1,400.000,1000.000,325.000,325.000,300.000,300.000,-1,-1,-1,-1,750.000,825.000,-1,-1,1,0,2,0,1,0,0,0,0,2,2,2,2,1,0,2,2
68,1111.031,10091.404,-44.034,45.446,0.704010,-0.709195,0.037591,0.708758,0.698245,-0.100578,0.045081,0.097450,0.994219,0,0.92247,1.00000,55.348,2.000,850.000,400.000,-1,400.000,975.000,325.000,325.000,300.000,300.000,-1,-1,-1,-1,750.000,825.000,-1,-1,1,0,2,0,1,0,0,0,0,2,2,2,2,1,0,2,2
69,1148.540,10132.259,-41.242,47.446,0.678900,-0.733231,0.038303,0.732683,0.673161,-0.100153,0.047652,0.096058,0.994234,0,0.92439,1.00000,55.464,2.000,775.000,400.000,-1,400.000,975.000,325.000,325.000,300.000,300.000,-1,-1,-1,-1,750.000,825.000,-1,-1,1,0,2,0,1,0,0,0,0,2,2,2,2,1,0,2,2
70,1184.675,10174.485,-38.253,49.446,0.652967,-0.756392,0.038786,0.755708,0.647260,-0.099797,0.050381,0.094475,0.994252,0,0.92632,1.00000,55.579,2.000,700.000,400.000,-1,400.000,1000.000,325.000,325.000,300.000,300.000,-1,-1,-1,-1,725.000,825.000,-1,-1,1,0,2,0,1,0,0,0,0,2,2,2,2,1,0,2,2
71,1219.387,10218.036,-35.111,51.446,0.626243,-0.778640,0.039238,0.777814,0.620563,-0.099534,0.053152,0.092852,0.994260,0,0.92823,1.00000,55.694,2.000,650.000,400.000,-1,400.000,-1,325.000,325.000,300.000,300.000,-1,-1,-1,-1,725.000,825.000,-1,-1,1,1,2,0,2,0,0,0,0,2,2,2,2,1,0,2,2
72,1252.625,10262.864,-31.834,53.446,0.598760,-0.799942,0.039737,0.798974,0.593099,-0.099365,0.055918,0.091245,0.994257,0,0.93013,1.00000,55.808,2.000,575.000,375.000,-1,400.000,-1,325.000,325.000,300.000,300.000,-1,-1,-1,-1,725.000,825.000,-1,-1,1,1,2,0,2,0,0,0,0,2,2,2,2,1,0,2,2
73,1284.341,10308.917,-28.536,55.446,0.570556,-0.820253,0.040642,0.819175,0.564888,-0.099261,0.058461,0.089927,0.994231,0,0.93200,1.00000,55.920,2.000,525.000,375.000,-1,400.000,-1,325.000,325.000,300.000,300.000,-1,-1,-1,-1,700.000,800.000,975.000,-1,1,1,2,0,2,1,0,0,0,2,2,2,2,1,0,1,2
74,1314.491,10356.141,-25.075,57.446,0.541662,-0.839570,0.041523,0.838377,0.535984,-0.099228,0.061053,0.088559,0.994198,0,0.93383,1.00000,56.030,2.000,475.000,375.000,-1,400.000,-1,325.000,325.000,300.000,300.000,-1,-1,-1,-1,700.000,800.000,900.000,-1,1,1,2,0,2,1,0,0,0,2,2,2,2,1,0,1,2
75,1343.028,10404.480,-21.455,59.446,0.512112,-0.857872,0.042389,0.856554,0.506420,-0.099266,0.063691,0.087144,0.994158,0,0.93560,1.00000,56.136,2.000,450.000,350.000,-1,400.000,-1,325.000,325.000,300.000,325.000,-1,-1,-1,-1,675.000,800.000,800.000,-1,1,1,2,0,2,1,0,0,0,2,2,2,2,1,0,1,2
76,1367.748,10449.471,-16.812,61.206,0.486066,-0.872732,0.045600,0.871121,0.479674,-0.105168,0.069910,0.090841,0.993408,0,0.85560,0.88000,51.336,1.760,450.000,375.000,-1,400.000,-1,325.000,325.000,325.000,300.000,-1,-1,-1,-1,700.000,800.000,775.000,-1,1,1,2,0,2,1,0,0,0,2,2,2,2,1,0,1,2
77,1389.068,10490.836,-12.571,62.726,0.463268,-0.884885,0.048599,0.882999,0.456220,-0.110346,0.075472,0.094032,0.992704,0,0.77560,0.76000,46.536,1.520,450.000,375.000,-1,425.000,-1,325.000,325.000,325.000,300.000,-1,-1,-1,-1,700.000,825.000,750.000,-1,1,1,2,0,2,1,0,0,0,2,2,2,2,1,0,1,2
78,1408.537,10530.775,-8.520,64.006,0.443893,-0.894598,0.051513,0.892465,0.436214,-0.114993,0.080402,0.097018,0.992030,0,0.74054,0.64000,44.432,1.280,450.000,375.000,-1,425.000,-1,350.000,350.000,350.000,300.000,-1,-1,-1,1000.000,700.000,825.000,725.000,-1,1,1,2,0,2,1,0,1,0,2,2,2,1,1,0,1,2
79,1427.296,10571.101,-4.450,65.046,0.428079,-0.902104,0.054377,0.899762,0.419781,-0.119217,0.084719,0.099961,0.991378,0,0.74128,0.52000,44.477,1.040,450.000,400.000,-1,425.000,-1,350.000,350.000,325.000,300.000,-1,-1,-1,975.000,675.000,850.000,700.000,-1,1,1,2,0,2,1,0,1,0,2,2,2,1,1,0,1,2
80,1445.499,10611.703,-0.333,65.846,0.415885,-0.907632,0.056957,0.905128,0.407035,-0.122742,0.088221,0.102600,0.990803,0,0.74160,0.40000,44.496,0.800,475.000,400.000,-1,425.000,-1,350.000,350.000,325.000,300.000,-1,-1,625.000,975.000,650.000,850.000,700.000,-1,1,1,2,0,2,0,0,1,0,2,2,0,1,1,0,1,2
81,1463.300,10652.472,3.728,66.406,0.407399,-0.911325,0.059261,0.908695,0.398040,-0.125851,0.091103,0.105122,0.990278,0,0.74143,0.28000,44.486,0.560,475.000,400.000,-1,425.000,-1,375.000,350.000,300.000,300.000,-1,950.000,500.000,975.000,650.000,825.000,675.000,-1,1,1,2,0,2,0,0,1,0,2,0,0,1,1,1,1,2
82,1480.857,10693.299,7.696,66.726,0.402653,-0.913305,0.061187,0.910584,0.392845,-0.128490,0.093313,0.107453,0.989821,0,0.74071,0.16000,44.442,0.320,475.000,425.000,-1,450.000,-1,375.000,350.000,300.000,300.000,-1,750.000,450.000,1000.000,625.000,800.000,650.000,-1,1,1,2,0,2,0,0,1,0,2,0,0,1,1,1,1,2
83,1498.325,10734.077,11.525,66.806,0.401654,-0.913646,0.062657,0.910875,0.391481,-0.130578,0.094773,0.109519,0.989456,0,0.73936,0.04000,44.361,0.080,475.000,450.000,-1,450.000,-1,375.000,375.000,275.000,300.000,-1,675.000,425.000,-1,600.000,775.000,625.000,-1,1,1,2,0,2,0,0,1,0,2,0,0,2,1,1,1,2
84,1515.859,10774.692,15.174,66.646,0.404387,-0.912375,0.063582,0.909599,0.393956,-0.132020,0.095403,0.111221,0.989206,0,0.73730,-0.08000,44.238,-0.160,475.000,425.000,-1,450.000,-1,375.000,375.000,275.000,300.000,-1,650.000,400.000,-1,600.000,750.000,600.000,-1,1,1,2,0,2,0,0,1,0,2,0,0,2,1,1,1,2
85,1533.609,10815.028,18.594,66.246,0.410816,-0.909477,0.063885,0.906743,0.400260,-0.132698,0.095115,0.112442,0.989095,0,0.73447,-0.20000,44.068,-0.400,475.000,425.000,-1,450.000,-1,375.000,375.000,250.000,300.000,-1,625.000,400.000,-1,575.000,725.000,575.000,-1,1,1,2,0,2,0,0,1,0,2,0,0,2,1,1,1,2
86,1551.719,10854.963,21.725,65.606,0.420896,-0.904881,0.063536,0.902241,0.410363,-0.132524,0.093845,0.113104,0.989141,0,0.73081,-0.32000,43.848,-0.640,450.000,400.000,-1,450.000,-1,375.000,375.000,225.000,300.000,-1,650.000,425.000,-1,550.000,700.000,525.000,-1,1,1,2,0,2,1,0,1,0,2,0,0,2,1,1,1,2
87,1570.325,10894.368,24.488,64.726,0.434566,-0.898465,0.062559,0.895973,0.424208,-0.131451,0.091566,0.113175,0.989347,0,0.72625,-0.44000,43.575,-0.880,425.000,400.000,-1,450.000,-1,350.000,375.000,225.000,300.000,-1,675.000,450.000,-1,525.000,675.000,500.000,-1,1,1,2,0,2,1,0,1,0,2,0,0,2,1,1,1,2
88,1589.553,10933.108,26.879,63.606,0.451712,-0.890086,0.060852,0.887810,0.441731,-0.129099,0.088028,0.112341,0.989763,0,0.72080,-0.56000,43.248,-1.120,375.000,375.000,-1,425.000,-1,350.000,350.000,200.000,300.000,-1,725.000,500.000,-1,500.000,650.000,450.000,-1,1,1,2,0,2,1,0,1,0,2,0,0,2,1,1,1,2
89,1609.417,10971.096,28.914,62.402,0.469865,-0.880788,0.058648,0.878776,0.460435,-0.125506,0.083541,0.110509,0.990358,0,0.71445,-0.60211,42.867,-1.204,350.000,350.000,-1,425.000,-1,325.000,350.000,200.000,300.000,-1,875.000,600.000,-1,450.000,625.000,400.000,-1,1,1,2,1,2,1,1,1,0,2,0,0,2,1,1,1,2
90,1629.869,11008.297,31.804,61.199,0.487794,-0.870746,0.062118,0.869778,0.478716,-0.119652,0.074450,0.112394,0.990871,0,0.70753,-0.60125,42.452,-1.203,300.000,325.000,950.000,400.000,-1,300.000,325.000,200.000,300.000,-1,-1,-1,-1,425.000,600.000,350.000,-1,1,1,1,1,2,1,1,1,0,2,2,2,2,1,1,1,2
91,1650.880,11044.685,34.564,59.998,0.505361,-0.860348,0.066422,0.860533,0.496769,-0.112709,0.063973,0.114117,0.991405,0,0.70031,-0.60068,42.019,-1.201,275.000,300.000,850.000,375.000,-1,275.000,300.000,200.000,300.000,-1,-1,-1,-1,400.000,550.000,300.000,-1,1,1,1,1,2,1,1,1,0,2,2,2,2,1,1,1,2
92,1672.413,11080.251,38.221,58.797,0.523158,-0.849172,0.072203,0.850278,0.514339,-0.111728,0.057739,0.119844,0.991112,0,0.69292,-0.60038,41.575,-1.201,250.000,275.000,825.000,350.000,-1,250.000,300.000,200.000,300.000,-1,-1,-1,-1,375.000,525.000,275.000,-1,1,1,1,1,2,1,1,1,0,2,2,2,2,1,1,1,2
93,1694.440,11114.988,42.997,57.596,0.541285,-0.837081,0.079410,0.838940,0.531306,-0.117869,0.056475,0.130421,0.989849,0,0.68550,-0.60036,41.130,-1.201,250.000,275.000,-1,350.000,-1,250.000,275.000,200.000,275.000,-1,-1,-1,-1,375.000,525.000,250.000,-1,1,1,2,1,2,1,1,1,0,2,2,2,2,1,1,1,2
94,1716.938,11148.898,48.903,56.395,0.559826,-0.823971,0.087557,0.826422,0.547549,-0.131210,0.060171,0.145814,0.987480,0,0.67819,-0.60060,40.691,-1.201,250.000,275.000,-1,350.000,-1,250.000,275.000,225.000,275.000,-1,-1,-1,-1,375.000,550.000,275.000,-1,1,1,2,1,2,1,1,1,0,2,2,2,2,1,1,1,2
95,1739.900,11181.980,54.374,55.193,0.578110,-0.810532,0.093949,0.813453,0.563486,-0.144148,0.063897,0.159756,0.985086,0,0.67110,-0.60110,40.266,-1.202,250.000,275.000,-1,350.000,-1,250.000,275.000,250.000,275.000,-1,-1,-1,-1,375.000,575.000,275.000,-1,1,1,2,1,2,1,1,1,0,2,2,2,2,1,1,1,2
96,1763.314,11214.245,59.413,53.989,0.596124,-0.796812,0.098630,0.800036,0.579149,-0.156619,0.067674,0.172272,0.982722,0,0.66435,-0.60184,39.861,-1.204,275.000,275.000,-1,350.000,-1,250.000,275.000,275.000,275.000,-1,-1,-1,-1,400.000,600.000,275.000,-1,1,1,2,1,2,1,1,1,0,2,2,2,2,1,1,1,2
97,1787.173,11245.708,64.025,52.783,0.613850,-0.782852,0.101646,0.786177,0.594573,-0.168551,0.071515,0.183377,0.980438,0,0.65802,-0.60281,39.481,-1.206,275.000,275.000,-1,350.000,-1,250.000,275.000,275.000,250.000,-1,-1,-1,925.000,400.000,625.000,300.000,-1,1,1,2,1,2,1,1,1,0,2,2,2,0,1,1,1,2
98,1811.475,11276.386,68.214,51.575,0.631274,-0.768684,0.103043,0.771882,0.609787,-0.179880,0.075436,0.193091,0.978277,0,0.65218,-0.60400,39.131,-1.208,275.000,300.000,-1,350.000,-1,250.000,275.000,275.000,250.000,-1,-1,775.000,825.000,425.000,700.000,300.000,-1,1,1,2,1,2,1,1,1,0,2,2,0,0,1,1,1,2
99,1836.219,11306.297,71.984,50.365,0.648382,-0.754332,0.102876,0.757156,0.624821,-0.190560,0.079466,0.201449,0.976270,0,0.64688,-0.60538,38.813,-1.211,300.000,300.000,-1,375.000,-1,275.000,275.000,300.000,250.000,-1,-1,600.000,725.000,425.000,850.000,325.000,-1,1,1,2,1,2,1,1,1,0,2,2,0,0,1,1,1,2
100,1864.763,11339.282,75.744,49.096,0.666007,-0.739080,0.100972,0.741149,0.640307,-0.201757,0.084461,0.209206,0.974217,0,0.72688,-0.63447,43.613,-1.269,300.000,300.000,-1,375.000,-1,275.000,300.000,300.000,250.000,-1,850.000,450.000,625.000,450.000,-1,325.000,-1,1,1,2,1,2,1,1,1,0,2,0,0,0,1,2,1,2
101,1894.631,11372.304,79.086,47.843,0.683024,-0.723897,0.097220,0.724835,0.655397,-0.212295,0.089962,0.215472,0.972357,0,0.74195,-0.62632,44.517,-1.253,300.000,300.000,-1,400.000,-1,275.000,300.000,275.000,250.000,-1,675.000,275.000,575.000,475.000,-1,350.000,-1,1,1,2,1,2,1,1,1,0,2,0,1,0,1,2,1,2
102,-7543.218,2951.698,-43.014,-5.389,0.994553,0.093901,0.045240,-0.094451,0.995478,0.010161,-0.044081,-0.014379,0.998924,1,0.00000,0.00000,44.216,-1.235,-1,400.000,-1,400.000,850.000,325.000,325.000,300.000,300.000,625.000,850.000,875.000,-1,800.000,750.000,-1,-1,2,0,2,0,1,0,0,0,0,1,0,0,2,0,0,2,2
103,-7538.441,2951.227,-43.225,-5.629,0.994150,0.098070,0.045265,-0.098626,0.995072,0.010225,-0.044039,-0.014630,0.998923,0,0.08000,-0.12000,4.800,-0.240,-1,400.000,-1,400.000,825.000,325.000,325.000,300.000,300.000,625.000,850.000,875.000,-1,825.000,750.000,-1,-1,2,0,2,0,1,0,0,0,0,1,0,0,2,0,0,2,2
104,-7528.895,2950.205,-43.647,-6.109,0.993290,0.106402,0.045318,-0.106973,0.994208,0.010359,-0.043953,-0.015138,0.998919,0,0.16000,-0.24000,9.600,-0.480,-1,400.000,-1,400.000,825.000,325.000,325.000,300.000,300.000,600.000,850.000,875.000,-1,825.000,750.000,-1,-1,2,0,2,0,1,0,0,0,0,1,0,0,2,0,0,2,2
105,-7514.597,2948.493,-44.278,-6.829,0.991869,0.118885,0.045403,-0.119478,0.992781,0.010574,-0.043818,-0.015912,0.998913,0,0.24000,-0.36000,14.400,-0.720,-1,400.000,-1,400.000,800.000,325.000,325.000,300.000,300.000,600.000,875.000,900.000,-1,825.000,725.000,-1,-1,2,0,2,0,1,0,0,0,0,1,0,0,2,0,0,2,2
106,-7495.574,2945.892,-45.114,-7.789,0.989731,0.135499,0.045528,-0.136123,0.990632,0.010883,-0.043627,-0.016969,0.998904,0,0.32000,-0.48000,19.200,-0.960,-1,400.000,-1,400.000,775.000,325.000,325.000,300.000,300.000,600.000,875.000,925.000,-1,825.000,725.000,-1,-1,2,0,2,0,1,0,0,0,0,1,0,0,2,0,0,2,2
107,-7471.869,2942.142,-46.152,-8.989,0.986666,0.156212,0.045704,-0.156877,0.987553,0.011308,-0.043369,-0.018327,0.998891,0,0.40000,-0.60000,24.000,-1.200,-1,400.000,-1,400.000,750.000,325.000,325.000,300.000,300.000,575.000,900.000,950.000,-1,825.000,725.000,-1,-1,2,0,2,0,1,0,0,0,0,1,0,0,2,0,0,2,2
108,-7443.545,2936.930,-47.388,-10.429,0.982414,0.180974,0.045950,-0.181690,0.983284,0.011872,-0.043033,-0.020012,0.998873,0,0.48000,-0.72000,28.800,-1.440,-1,425.000,-1,375.000,700.000,325.000,325.000,300.000,300.000,575.000,950.000,975.000,-1,825.000,725.000,-1,-1,2,0,2,0,1,0,0,0,0,1,0,0,2,0,0,2,2
109,-7410.692,2929.882,-48.813,-12.109,0.976666,0.209715,0.046290,-0.210494,0.977514,0.012604,-0.042605,-0.022054,0.998849,0,0.56000,-0.84000,33.600,-1.680,-1,425.000,-1,375.000,675.000,325.000,325.000,300.000,300.000,550.000,975.000,1000.000,-1,850.000,725.000,-1,975.000,2,0,2,0,1,0,0,0,0,1,0,0,2,0,0,2,1
110,-7375.070,2920.983,-50.350,-14.029,0.969066,0.242334,0.046745,-0.243190,0.969885,0.013501,-0.042066,-0.024451,0.998816,0,0.61195,-0.96000,36.717,-1.920,-1,425.000,-1,375.000,625.000,325.000,325.000,275.000,300.000,550.000,-1,-1,-1,850.000,700.000,-1,875.000,2,0,2,0,1,0,0,0,0,1,2,2,2,0,0,2,1
111,-7339.757,2910.839,-51.867,-16.029,0.959988,0.276017,0.047304,-0.276957,0.960773,0.014493,-0.041448,-0.027014,0.998775,0,0.61234,-1.00000,36.740,-2.000,-1,425.000,-1,375.000,575.000,325.000,325.000,275.000,300.000,550.000,-1,-1,-1,850.000,700.000,-1,800.000,2,0,2,0,1,0,0,0,0,1,2,2,2,0,0,2,1
112,-7304.793,2899.460,-53.375,-18.029,0.949737,0.309355,0.047949,-0.310387,0.950482,0.015634,-0.040738,-0.029731,0.998727,0,0.61282,-1.00000,36.769,-2.000,-1,425.000,-1,375.000,550.000,325.000,325.000,275.000,300.000,550.000,-1,-1,-1,825.000,700.000,-1,725.000,2,0,2,0,1,0,0,0,0,1,2,2,2,0,0,2,1
113,-7270.220,2886.859,-54.921,-20.029,0.938317,0.342305,0.048870,-0.343450,0.939016,0.017080,-0.040043,-0.032811,0.998659,0,0.61329,-1.00000,36.798,-2.000,-1,400.000,-1,375.000,500.000,325.000,325.000,275.000,300.000,525.000,-1,-1,-1,800.000,675.000,-1,650.000,2,0,2,0,1,0,0,0,0,1,2,2,2,0,1,2,1
114,-7236.082,2873.048,-56.505,-22.029,0.925735,0.374823,0.050228,-0.376105,0.926387,0.018753,-0.039501,-0.036252,0.998562,0,0.61377,-1.00000,36.826,-2.000,-1,400.000,-1,375.000,475.000,325.000,300.000,275.000,300.000,525.000,-1,-1,-1,775.000,625.000,-1,600.000,2,0,2,0,1,0,0,0,0,1,2,2,2,0,1,2,1
115,-7202.420,2858.042,-58.052,-24.029,0.912021,0.406871,0.051710,-0.408297,0.912620,0.020440,-0.038875,-0.039754,0.998453,0,0.61425,-1.00000,36.855,-2.000,-1,400.000,-1,375.000,425.000,325.000,300.000,275.000,300.000,550.000,-1,-1,-1,775.000,600.000,-1,550.000,2,0,2,0,1,0,0,0,0,1,2,2,2,0,1,2,1
116,-7167.524,2841.003,-59.491,-26.029,0.897225,0.438417,0.052705,-0.439961,0.897750,0.021909,-0.037711,-0.042846,0.998370,0,0.64722,-1.00000,38.833,-2.000,-1,400.000,-1,375.000,400.000,325.000,300.000,275.000,300.000,550.000,-1,-1,-1,750.000,575.000,-1,500.000,2,0,2,0,1,0,0,0,0,1,2,2,2,0,1,2,1
117,-7133.153,2822.707,-60.598,-28.029,0.881410,0.469442,0.052345,-0.471019,0.881829,0.022797,-0.035457,-0.044749,0.998369,0,0.64894,-1.00000,38.936,-2.000,-1,400.000,-1,375.000,375.000,325.000,300.000,275.000,300.000,550.000,-1,-1,-1,750.000,525.000,-1,450.000,2,0,2,0,1,0,0,0,0,1,2,2,2,0,1,2,1
118,-7099.352,2803.170,-61.642,-30.029,0.864534,0.499890,0.051871,-0.501491,0.864837,0.023760,-0.032983,-0.046554,0.998371,0,0.65068,-1.00000,39.041,-2.000,-1,400.000,-1,375.000,325.000,325.000,300.000,275.000,300.000,575.000,-1,-1,-1,725.000,500.000,-1,400.000,2,0,2,0,1,0,0,0,0,1,2,2,2,0,1,2,1
119,-7066.163,2782.409,-62.610,-32.029,0.846615,0.529724,0.051345,-0.531342,0.846793,0.024835,-0.030323,-0.048307,0.998372,0,0.65245,-1.00000,39.147,-2.000,-1,400.000,-1,350.000,300.000,325.000,300.000,300.000,300.000,575.000,-1,-1,-1,725.000,475.000,-1,375.000,2,0,2,1,1,0,0,0,0,1,2,2,2,0,1,2,1
120,-7033.631,2760.443,-63.500,-34.029,0.827674,0.558907,0.050778,-0.560536,0.827721,0.026032,-0.027480,-0.050008,0.998371,0,0.65423,-1.00000,39.254,-2.000,-1,400.000,-1,350.000,275.000,325.000,300.000,300.000,300.000,600.000,900.000,-1,-1,725.000,450.000,-1,325.000,2,0,2,1,1,0,0,0,0,1,0,2,2,0,1,2,1
121,-7001.797,2737.291,-64.318,-36.029,0.807736,0.587405,0.050186,-0.589036,0.807644,0.027328,-0.024480,-0.051635,0.998366,0,0.65603,-1.00000,39.362,-2.000,-1,375.000,925.000,325.000,250.000,300.000,300.000,300.000,300.000,600.000,725.000,-1,-1,725.000,425.000,-1,275.000,2,0,1,1,1,0,0,0,1,1,0,2,2,0,1,2,1
122,-6970.706,2712.976,-65.076,-38.029,0.786822,0.615185,0.049582,-0.616810,0.786590,0.028665,-0.021366,-0.053137,0.998359,0,0.65784,-1.00000,39.470,-2.000,-1,375.000,850.000,300.000,225.000,300.000,300.000,300.000,300.000,625.000,625.000,875.000,-1,700.000,375.000,-1,250.000,2,0,1,1,1,0,1,0,1,1,0,0,2,0,1,2,1
123,-6940.397,2687.520,-65.266,-40.029,0.765013,0.642146,0.049030,-0.643801,0.764504,0.032471,-0.016633,-0.056406,0.998269,0,0.65965,-1.00000,39.579,-2.000,-1,375.000,775.000,275.000,200.000,325.000,275.000,300.000,300.000,650.000,500.000,700.000,-1,700.000,350.000,-1,225.000,2,0,1,1,1,0,1,0,1,1,0,0,2,0,1,2,1
124,-6910.910,2660.955,-62.938,-42.029,0.742595,0.667921,0.049338,-0.669725,0.741056,0.048002,-0.004501,-0.068688,0.997628,0,0.66148,-1.00000,39.689,-2.000,-1,400.000,750.000,275.000,200.000,325.000,275.000,300.000,300.000,650.000,350.000,500.000,-1,675.000,350.000,-1,225.000,2,0,1,1,1,0,1,0,1,1,0,0,2,1,1,2,1
125,-6882.289,2633.300,-60.471,-44.029,0.719418,0.692726,0.050670,-0.694532,0.716622,0.063859,0.007926,-0.081133,0.996672,0,0.66329,-1.00000,39.798,-2.000,-1,425.000,725.000,275.000,200.000,325.000,275.000,300.000,300.000,675.000,250.000,400.000,-1,625.000,350.000,-1,225.000,2,0,1,1,1,1,1,0,1,1,0,0,2,1,1,2,1
126,-6851.181,2601.341,-57.661,-45.789,0.698616,0.713526,0.053076,-0.715174,0.694149,0.081747,0.021486,-0.095068,0.995239,0,0.74329,-0.88000,44.598,-1.760,-1,400.000,725.000,275.000,200.000,300.000,250.000,300.000,300.000,675.000,200.000,325.000,-1,600.000,350.000,925.000,200.000,2,1,1,1,1,1,1,0,1,1,0,0,2,1,1,1,1
127,-6817.674,2565.042,-54.559,-47.309,0.680583,0.730482,0.056593,-0.731763,0.673866,0.102115,0.036457,-0.110910,0.993162,0,0.82329,-0.76000,49.398,-1.520,-1,375.000,700.000,250.000,200.000,300.000,250.000,300.000,325.000,575.000,150.000,300.000,-1,550.000,350.000,850.000,200.000,2,1,1,1,1,1,1,0,1,0,0,0,2,1,1,1,1
128,-6781.808,2524.404,-50.912,-48.589,0.665583,0.743828,0.060982,-0.744503,0.656035,0.123825,0.052098,-0.127818,0.990428,0,0.90329,-0.64000,54.198,-1.280,-1,375.000,700.000,250.000,200.000,275.000,250.000,275.000,325.000,475.000,100.000,250.000,-1,525.000,350.000,775.000,200.000,2,1,1,1,1,1,1,0,1,0,0,0,2,1,1,1,1
129,-6743.575,2479.467,-46.328,-49.629,0.653716,0.753879,0.065743,-0.753749,0.640952,0.145062,0.067221,-0.144383,0.987236,0,0.98329,-0.52000,58.998,-1.040,-1,350.000,675.000,250.000,200.000,275.000,225.000,275.000,325.000,425.000,50.000,225.000,-1,500.000,350.000,700.000,200.000,2,1,1,1,1,1,1,0,1,0,0,0,2,1,1,1,1
130,-6705.331,2433.228,-41.512,-50.429,0.645173,0.760751,0.070775,-0.759604,0.628708,0.166519,0.082183,-0.161195,0.983495,0,1.00000,-0.40000,60.000,-0.800,-1,325.000,675.000,250.000,200.000,250.000,225.000,250.000,325.000,375.000,50.000,200.000,-1,475.000,325.000,650.000,200.000,2,1,1,1,1,1,1,0,1,0,0,0,2,1,1,1,1
131,2951.676,4263.521,-281.843,153.342,-0.893942,-0.447065,0.031637,0.448129,-0.890513,0.078530,-0.006935,0.084378,0.996410,1,0.00000,0.00000,60.000,-0.560,525.000,375.000,-1,375.000,-1,300.000,300.000,300.000,325.000,-1,575.000,475.000,-1,675.000,700.000,-1,-1,1,0,2,0,2,0,0,0,0,2,0,0,2,0,0,2,2
132,2955.974,4261.385,-281.808,153.582,-0.895809,-0.443332,0.031346,0.444386,-0.892381,0.078594,-0.006871,0.084335,0.996414,0,-0.08000,0.12000,-4.800,0.240,525.000,375.000,-1,375.000,-1,300.000,300.000,300.000,325.000,-1,575.000,475.000,-1,675.000,700.000,-1,-1,1,0,2,0,2,0,0,0,0,2,0,0,2,0,0,2,2
133,2964.608,4257.186,-281.747,154.062,-0.899496,-0.435844,0.030762,0.436877,-0.896071,0.078718,-0.006744,0.084245,0.996422,0,-0.16000,0.24000,-9.600,0.480,525.000,375.000,-1,375.000,-1,300.000,300.000,300.000,325.000,-1,575.000,475.000,-1,675.000,700.000,-1,-1,1,0,2,0,2,0,0,0,0,2,0,0,2,0,0,2,2
134,2977.636,4251.051,-281.669,154.782,-0.904909,-0.424555,0.029882,0.425555,-0.901488,0.078887,-0.006553,0.084102,0.996436,0,-0.24000,0.36000,-14.400,0.720,525.000,375.000,-1,375.000,-1,300.000,300.000,300.000,325.000,-1,575.000,450.000,-1,675.000,700.000,-1,-1,1,0,2,0,2,0,0,0,0,2,0,0,2,0,0,2,2
