timestep,x_cm,y_cm,z_cm,yaw_deg,basis_xx,basis_xy,basis_xz,basis_yx,basis_yy,basis_yz,basis_zx,basis_zy,basis_zz,teleport_flag,throttle_cmd,steering_cmd,cmd_move_cm,cmd_turn_deg,lidar_cm_0,lidar_cm_1,lidar_cm_2,lidar_cm_3,lidar_cm_4,lidar_cm_5,lidar_cm_6,lidar_cm_7,lidar_cm_8,lidar_cm_9,lidar_cm_10,lidar_cm_11,lidar_cm_12,lidar_cm_13,lidar_cm_14,lidar_cm_15,lidar_cm_16,lidar_class_0,lidar_class_1,lidar_class_2,lidar_class_3,lidar_class_4,lidar_class_5,lidar_class_6,lidar_class_7,lidar_class_8,lidar_class_9,lidar_class_10,lidar_class_11,lidar_class_12,lidar_class_13,lidar_class_14,lidar_class_15,lidar_class_16
0,5572.152,-3604.107,328.859,132.766,-0.675937,-0.733778,-0.068399,0.733907,-0.678671,0.028047,-0.067000,-0.031241,0.997264,1,0.08000,-0.12000,4.800,-0.240,-1,400.000,-1,375.000,-1,325.000,325.000,325.000,300.000,-1,-1,-1,-1,725.000,700.000,-1,-1,2,0,2,0,2,0,0,0,0,2,2,2,2,0,0,2,2
1,5565.693,-3597.005,328.241,132.286,-0.669765,-0.739425,-0.068306,0.739579,-0.672488,0.027967,-0.066614,-0.031787,0.997272,0,0.16000,-0.24000,9.600,-0.480,-1,400.000,-1,375.000,-1,325.000,325.000,325.000,300.000,-1,-1,-1,-1,725.000,700.000,-1,-1,2,0,2,0,2,0,0,0,0,2,2,2,2,0,0,2,2
2,5556.139,-3586.231,327.287,131.566,-0.660419,-0.747794,-0.068193,0.747999,-0.663123,0.027665,-0.065908,-0.032738,0.997289,0,0.24000,-0.36000,14.400,-0.720,-1,400.000,-1,375.000,-1,325.000,325.000,325.000,300.000,-1,-1,-1,-1,725.000,700.000,-1,-1,2,0,2,0,2,0,0,0,0,2,2,2,2,0,0,2,2
3,5543.642,-3571.655,326.002,130.606,-0.647798,-0.758765,-0.068068,0.759047,-0.650471,0.027115,-0.064850,-0.034102,0.997312,0,0.32000,-0.48000,19.200,-0.960,-1,400.000,-1,375.000,-1,325.000,325.000,325.000,300.000,-1,-1,-1,-1,725.000,700.000,-1,-1,2,0,2,0,2,0,0,0,0,2,2,2,2,0,0,2,2
4,5528.397,-3553.118,324.421,129.432,-0.632126,-0.771884,-0.067912,0.772257,-0.634759,0.026447,-0.063522,-0.035728,0.997341,0,0.40000,-0.58675,24.000,-1.174,-1,400.000,-1,375.000,-1,325.000,325.000,325.000,300.000,-1,-1,-1,-1,725.000,700.000,-1,-1,2,0,2,0,2,0,0,0,0,2,2,2,2,0,0,2,2
5,5510.559,-3530.508,322.555,128.270,-0.616351,-0.784555,-0.067716,0.785021,-0.618936,0.025700,-0.062075,-0.037319,0.997374,0,0.48000,-0.58114,28.800,-1.162,-1,400.000,-1,375.000,-1,325.000,325.000,325.000,300.000,-1,-1,-1,-1,725.000,700.000,-1,-1,2,0,2,0,2,0,0,0,0,2,2,2,2,0,0,2,2
6,5490.280,-3503.717,320.418,127.121,-0.600521,-0.796757,-0.067477,0.797316,-0.603049,0.024882,-0.060517,-0.038858,0.997411,0,0.56000,-0.57429,33.600,-1.149,-1,400.000,-1,375.000,-1,325.000,325.000,325.000,300.000,-1,-1,-1,-1,725.000,700.000,-1,-1,2,0,2,0,2,0,0,0,0,2,2,2,2,0,0,2,2
7,5467.715,-3472.647,318.085,125.989,-0.584669,-0.808463,-0.067457,0.809122,-0.587150,0.024014,-0.059022,-0.040541,0.997433,0,0.64000,-0.56608,38.400,-1.132,-1,400.000,-1,375.000,-1,325.000,325.000,325.000,300.000,-1,-1,-1,-1,725.000,700.000,-1,-1,2,0,2,0,2,0,0,0,0,2,2,2,2,0,0,2,2
8,5443.012,-3437.206,315.536,124.876,-0.568867,-0.819656,-0.067486,0.820418,-0.571298,0.023107,-0.057495,-0.042222,0.997453,0,0.72000,-0.55641,43.200,-1.113,-1,375.000,-1,375.000,-1,325.000,325.000,325.000,325.000,-1,950.000,875.000,-1,725.000,700.000,-1,-1,2,0,2,0,2,0,0,0,0,2,0,0,2,0,0,2,2
9,5418.697,-3400.868,313.023,123.786,-0.553180,-0.830322,-0.067510,0.831179,-0.555560,0.022244,-0.055976,-0.043808,0.997471,0,0.72870,-0.54515,43.722,-1.090,-1,375.000,-1,375.000,-1,325.000,325.000,325.000,325.000,-1,825.000,775.000,-1,725.000,700.000,-1,-1,2,0,2,0,2,0,0,0,0,2,0,0,2,0,0,2,2
10,5394.894,-3363.821,310.558,122.720,-0.537647,-0.840462,-0.067527,0.841408,-0.539975,0.021428,-0.054472,-0.045297,0.997487,0,0.73392,-0.53319,44.035,-1.066,-1,375.000,-1,375.000,-1,325.000,325.000,325.000,325.000,-1,725.000,775.000,-1,725.000,700.000,-1,-1,2,0,2,0,2,0,0,0,0,2,0,0,2,0,0,2,2
11,5371.628,-3326.119,308.236,121.679,-0.522309,-0.850067,-0.067678,0.851125,-0.524572,0.020255,-0.052720,-0.047023,0.997502,0,0.73838,-0.52059,44.303,-1.041,-1,375.000,-1,375.000,-1,325.000,325.000,325.000,325.000,-1,700.000,750.000,-1,725.000,725.000,-1,-1,2,0,2,0,2,0,0,0,0,2,0,0,2,0,0,2,2
12,5348.921,-3287.823,305.984,120.664,-0.507197,-0.859154,-0.067859,0.860323,-0.509393,0.019060,-0.050943,-0.048713,0.997513,0,0.74203,-0.50739,44.522,-1.015,-1,375.000,-1,375.000,-1,325.000,325.000,300.000,325.000,-1,675.000,725.000,-1,725.000,725.000,-1,-1,2,0,2,0,2,0,0,0,0,2,0,0,2,0,0,2,2
13,5326.794,-3248.995,303.786,119.676,-0.492347,-0.867736,-0.068038,0.869007,-0.494474,0.017928,-0.049200,-0.050299,0.997522,0,0.74483,-0.49365,44.690,-0.987,-1,375.000,-1,375.000,-1,325.000,325.000,300.000,325.000,-1,650.000,725.000,-1,725.000,725.000,-1,-1,2,0,2,0,2,0,0,0,0,2,0,0,2,0,0,2,2
14,5305.264,-3209.701,301.656,118.718,-0.477794,-0.875824,-0.068156,0.877189,-0.479849,0.016846,-0.047458,-0.051737,0.997532,0,0.74677,-0.47941,44.806,-0.959,-1,375.000,-1,375.000,-1,325.000,325.000,300.000,325.000,-1,650.000,700.000,-1,725.000,725.000,-1,-1,2,0,2,0,2,0,0,0,0,2,0,0,2,0,0,2,2
15,5284.345,-3170.006,299.647,117.788,-0.463564,-0.883443,-0.068091,0.884875,-0.465552,0.016037,-0.045867,-0.052818,0.997550,0,0.74782,-0.46475,44.869,-0.930,-1,375.000,-1,375.000,-1,325.000,325.000,300.000,325.000,-1,625.000,700.000,-1,725.000,750.000,-1,-1,2,0,2,0,2,0,0,0,0,2,0,0,2,0,0,2,2
16,5264.048,-3129.979,297.710,116.889,-0.449679,-0.890598,-0.067998,0.892086,-0.451604,0.015367,-0.044394,-0.053750,0.997567,0,0.74798,-0.44973,44.879,-0.899,-1,375.000,-1,375.000,-1,325.000,325.000,300.000,325.000,-1,650.000,700.000,-1,725.000,750.000,-1,-1,2,0,2,0,2,0,0,0,0,2,0,0,2,0,0,2,2
17,5244.380,-3089.689,295.862,116.020,-0.436177,-0.897309,-0.067718,0.898840,-0.438030,0.014690,-0.042845,-0.054460,0.997596,0,0.74724,-0.43443,44.834,-0.869,-1,375.000,-1,375.000,-1,325.000,325.000,300.000,325.000,-1,650.000,700.000,-1,725.000,750.000,-1,-1,2,0,2,0,2,0,0,0,0,2,0,0,2,0,0,2,2
18,5225.344,-3049.203,294.074,115.182,-0.423066,-0.903588,-0.067416,0.905156,-0.424847,0.014036,-0.041324,-0.055084,0.997626,0,0.74562,-0.41893,44.737,-0.838,-1,375.000,-1,375.000,-1,325.000,325.000,300.000,325.000,-1,650.000,700.000,-1,750.000,750.000,-1,-1,2,0,2,0,2,0,0,0,0,2,0,0,2,0,0,2,2
19,5206.941,-3008.588,292.288,114.375,-0.410371,-0.909458,-0.066948,0.911052,-0.412075,0.013365,-0.039743,-0.055508,0.997667,0,0.74315,-0.40333,44.589,-0.807,-1,375.000,-1,400.000,-1,325.000,325.000,300.000,325.000,-1,675.000,700.000,-1,750.000,750.000,-1,-1,2,0,2,0,2,0,0,0,0,2,0,0,2,0,0,2,2
20,5189.169,-2967.909,290.527,113.600,-0.398099,-0.914936,-0.066408,0.916548,-0.399722,0.012697,-0.038162,-0.055811,0.997712,0,0.73987,-0.38770,44.392,-0.775,-1,400.000,-1,400.000,-1,325.000,325.000,300.000,300.000,-1,700.000,700.000,-1,750.000,775.000,-1,-1,2,0,2,0,2,0,0,0,0,2,0,0,2,0,0,2,2
21,5172.021,-2927.227,288.817,112.856,-0.386249,-0.920036,-0.065913,0.921666,-0.387797,0.012060,-0.036657,-0.056092,0.997752,0,0.73581,-0.37216,44.148,-0.744,-1,400.000,-1,400.000,-1,325.000,325.000,300.000,300.000,-1,700.000,700.000,-1,775.000,775.000,-1,-1,2,0,2,0,2,0,0,0,0,2,0,0,2,0,0,2,2
22,5157.180,-2890.784,287.327,112.159,-0.375088,-0.924672,-0.065510,0.926316,-0.376571,0.011516,-0.035318,-0.056363,0.997785,0,0.65581,-0.34849,39.348,-0.697,-1,400.000,-1,400.000,-1,325.000,325.000,300.000,300.000,-1,725.000,675.000,-1,775.000,775.000,-1,-1,2,0,2,0,2,0,0,0,0,2,0,0,2,0,0,2,2
23,5144.525,-2858.637,286.047,111.488,-0.364298,-0.928998,-0.065186,0.930657,-0.365725,0.011056,-0.034111,-0.056638,0.997812,0,0.57581,-0.33508,34.548,-0.670,-1,400.000,-1,400.000,-1,325.000,325.000,300.000,300.000,-1,725.000,700.000,-1,775.000,775.000,-1,-1,2,0,2,0,2,0,0,0,0,2,0,0,2,0,0,2,2
24,5133.947,-2830.832,284.970,110.828,-0.353604,-0.933139,-0.064932,0.934813,-0.354981,0.010674,-0.033010,-0.056925,0.997833,0,0.49581,-0.33039,29.748,-0.661,-1,400.000,-1,400.000,-1,325.000,325.000,300.000,300.000,-1,725.000,700.000,-1,775.000,775.000,-1,-1,2,0,2,0,2,0,0,0,0,2,0,0,2,0,0,2,2
25,5125.343,-2807.414,284.086,110.174,-0.342975,-0.937111,-0.064741,0.938799,-0.344309,0.010363,-0.032002,-0.057225,0.997848,0,0.41581,-0.32674,24.948,-0.653,-1,400.000,-1,400.000,-1,325.000,325.000,300.000,300.000,-1,750.000,700.000,-1,775.000,800.000,-1,-1,2,0,2,0,2,0,0,0,0,2,0,0,2,0,0,2,2
26,5118.608,-2788.425,283.388,109.526,-0.332388,-0.940927,-0.064606,0.942631,-0.333684,0.010118,-0.031078,-0.057536,0.997860,0,0.33581,-0.32396,20.148,-0.648,-1,400.000,-1,400.000,-1,325.000,325.000,300.000,300.000,-1,750.000,725.000,-1,775.000,800.000,-1,-1,2,0,2,0,2,0,0,0,0,2,0,0,2,0,0,2,2
27,5113.641,-2773.902,282.869,108.882,-0.321819,-0.944600,-0.064521,0.946318,-0.323083,0.009935,-0.030230,-0.057860,0.997867,0,0.25581,-0.32194,15.348,-0.644,-1,400.000,-1,400.000,-1,325.000,325.000,300.000,300.000,-1,775.000,725.000,-1,775.000,800.000,-1,-1,2,0,2,0,2,0,0,0,0,2,0,0,2,0,0,2,2
28,5110.339,-2763.883,282.520,108.241,-0.311252,-0.948137,-0.064482,0.949871,-0.312488,0.009811,-0.029452,-0.058196,0.997871,0,0.17581,-0.32053,10.548,-0.641,-1,400.000,-1,400.000,-1,325.000,325.000,300.000,300.000,-1,775.000,725.000,-1,800.000,800.000,-1,-1,2,0,2,0,2,0,0,0,0,2,0,0,2,0,0,2,2
29,5108.600,-2758.404,282.335,107.602,-0.300670,-0.951545,-0.064487,0.953295,-0.301884,0.009744,-0.028739,-0.058546,0.997871,0,0.09581,-0.31966,5.748,-0.639,-1,400.000,-1,400.000,-1,325.000,325.000,300.000,300.000,-1,775.000,725.000,-1,800.000,800.000,-1,-1,2,0,2,0,2,0,0,0,0,2,0,0,2,0,0,2,2
30,5108.324,-2757.497,282.308,106.964,-0.290062,-0.954830,-0.064534,0.956596,-0.291256,0.009732,-0.028088,-0.058911,0.997868,0,0.01581,-0.31922,0.948,-0.638,-1,400.000,-1,400.000,-1,325.000,325.000,300.000,300.000,-1,775.000,750.000,-1,800.000,800.000,-1,-1,2,0,2,0,2,0,0,0,0,2,0,0,2,0,0,2,2
31,5109.406,-2761.193,282.431,106.325,-0.279415,-0.957993,-0.064623,0.959777,-0.280594,0.009775,-0.027497,-0.059292,0.997862,0,-0.06419,-0.31915,-3.852,-0.638,-1,400.000,-1,400.000,-1,325.000,325.000,300.000,300.000,-1,800.000,750.000,-1,800.000,800.000,-1,-1,2,0,2,0,2,0,0,0,0,2,0,0,2,0,0,2,2
32,5110.970,-2766.764,282.611,105.686,-0.268724,-0.961040,-0.064727,0.962841,-0.269890,0.009842,-0.026928,-0.059677,0.997854,0,-0.09644,-0.31941,-5.787,-0.639,-1,400.000,-1,400.000,-1,325.000,325.000,300.000,300.000,-1,800.000,750.000,-1,800.000,800.000,-1,-1,2,0,2,0,2,0,0,0,0,2,0,0,2,0,0,2,2
33,5112.496,-2772.441,282.790,105.047,-0.257987,-0.963971,-0.064831,0.965789,-0.259140,0.009911,-0.026354,-0.060056,0.997847,0,-0.09800,-0.31977,-5.880,-0.640,-1,400.000,-1,400.000,-1,325.000,325.000,300.000,300.000,-1,800.000,750.000,-1,800.000,800.000,-1,-1,2,0,2,0,2,0,0,0,0,2,0,0,2,0,0,2,2
34,5113.982,-2778.226,282.966,104.407,-0.247207,-0.966785,-0.064934,0.968620,-0.248347,0.009982,-0.025777,-0.060428,0.997840,0,-0.09954,-0.32013,-5.972,-0.640,-1,400.000,-1,400.000,-1,325.000,325.000,300.000,300.000,-1,825.000,750.000,-1,775.000,800.000,-1,-1,2,0,2,0,2,0,0,0,0,2,0,0,2,0,0,2,2
35,5115.424,-2784.115,283.142,103.766,-0.236385,-0.969480,-0.065036,0.971333,-0.237511,0.010056,-0.025196,-0.060794,0.997832,0,-0.10106,-0.32047,-6.064,-0.641,-1,400.000,-1,400.000,-1,325.000,325.000,300.000,300.000,-1,825.000,750.000,-1,775.000,800.000,-1,-1,2,0,2,0,2,0,0,0,0,2,0,0,2,0,0,2,2
36,5116.822,-2790.108,283.315,103.124,-0.225523,-0.972058,-0.065138,0.973927,-0.226636,0.010132,-0.024611,-0.061154,0.997825,0,-0.10257,-0.32079,-6.154,-0.642,-1,400.000,-1,400.000,-1,325.000,325.000,300.000,300.000,-1,825.000,750.000,-1,775.000,800.000,-1,-1,2,0,2,0,2,0,0,0,0,2,0,0,2,0,0,2,2
37,5118.171,-2796.205,283.486,102.482,-0.214623,-0.974516,-0.065238,0.976402,-0.215721,0.010210,-0.024023,-0.061508,0.997817,0,-0.10407,-0.32111,-6.244,-0.642,-1,400.000,-1,400.000,-1,325.000,325.000,300.000,300.000,-1,850.000,775.000,-1,775.000,800.000,-1,-1,2,0,2,0,2,0,0,0,0,2,0,0,2,0,0,2,2
38,5119.470,-2802.404,283.655,101.839,-0.203686,-0.976854,-0.065338,0.978756,-0.204770,0.010290,-0.023431,-0.061854,0.997810,0,-0.10556,-0.32141,-6.334,-0.643,-1,400.000,-1,400.000,-1,325.000,325.000,300.000,300.000,-1,850.000,775.000,-1,775.000,800.000,-1,-1,2,0,2,0,2,0,0,0,0,2,0,0,2,0,0,2,2
39,5120.717,-2808.703,283.824,101.196,-0.192713,-0.979071,-0.065428,0.980989,-0.193785,0.010383,-0.022845,-0.062183,0.997803,0,-0.10703,-0.32169,-6.422,-0.643,-1,400.000,-1,400.000,-1,325.000,325.000,300.000,300.000,-1,875.000,775.000,-1,775.000,800.000,-1,-1,2,0,2,0,2,0,0,0,0,2,0,0,2,0,0,2,2
40,5121.909,-2815.103,283.994,100.552,-0.181708,-0.981168,-0.065507,0.983101,-0.182766,0.010489,-0.022264,-0.062494,0.997797,0,-0.10849,-0.32196,-6.510,-0.644,-1,400.000,-1,400.000,-1,325.000,325.000,300.000,300.000,-1,875.000,775.000,-1,775.000,800.000,-1,-1,2,0,2,0,2,0,0,0,0,2,0,0,2,0,0,2,2
41,5123.044,-2821.601,284.160,99.907,-0.170671,-0.983143,-0.065584,0.985090,-0.171716,0.010597,-0.021681,-0.062797,0.997791,0,-0.10994,-0.32221,-6.597,-0.644,-1,400.000,-1,400.000,-1,325.000,325.000,300.000,300.000,-1,900.000,800.000,-1,775.000,800.000,-1,-1,2,0,2,0,2,0,0,0,0,2,0,0,2,0,0,2,2
42,5123.325,-2823.375,284.212,99.029,-0.155602,-0.985638,-0.065614,0.987601,-0.156622,0.010669,-0.020792,-0.063140,0.997788,0,-0.02994,-0.43914,-1.797,-0.878,-1,400.000,-1,400.000,-1,325.000,325.000,300.000,300.000,-1,925.000,800.000,-1,775.000,800.000,-1,-1,2,0,2,0,2,0,0,0,0,2,0,0,2,0,0,2,2
43,5122.899,-2820.401,284.156,98.151,-0.140501,-0.987905,-0.065595,0.989882,-0.141491,0.010687,-0.019839,-0.063430,0.997789,0,0.05006,-0.43919,3.003,-0.878,-1,400.000,-1,400.000,-1,325.000,325.000,300.000,300.000,-1,925.000,825.000,-1,775.000,800.000,-1,-1,2,0,2,0,2,0,0,0,0,2,0,0,2,0,0,2,2
44,5121.911,-2812.660,284.002,97.272,-0.125374,-0.989943,-0.065530,0.991931,-0.126331,0.010651,-0.018823,-0.063666,0.997794,0,0.13006,-0.43912,7.803,-0.878,-1,400.000,-1,400.000,-1,325.000,325.000,300.000,300.000,-1,975.000,850.000,-1,775.000,800.000,-1,-1,2,0,2,0,2,0,0,0,0,2,0,0,2,0,0,2,2
45,5120.508,-2800.135,283.758,96.394,-0.110227,-0.991751,-0.065424,0.993748,-0.111145,0.010560,-0.017744,-0.063851,0.997802,0,0.21006,-0.43899,12.603,-0.878,-1,400.000,-1,400.000,-1,325.000,325.000,300.000,300.000,-1,1000.000,850.000,-1,775.000,800.000,-1,-1,2,0,2,0,2,0,0,0,0,2,0,0,2,0,0,2,2
46,5118.835,-2782.811,283.435,95.517,-0.095062,-0.993329,-0.065279,0.995333,-0.095938,0.010411,-0.016605,-0.063984,0.997813,0,0.29006,-0.43891,17.403,-0.878,-1,400.000,-1,400.000,-1,325.000,325.000,300.000,300.000,-1,-1,875.000,-1,775.000,800.000,-1,-1,2,0,2,0,2,0,0,0,0,2,2,0,2,0,0,2,2
47,5117.039,-2760.680,283.042,94.639,-0.079876,-0.994677,-0.065100,0.996686,-0.080706,0.010205,-0.015405,-0.064069,0.997827,0,0.37006,-0.43898,22.203,-0.878,-1,400.000,-1,400.000,-1,325.000,325.000,300.000,300.000,-1,-1,900.000,-1,800.000,800.000,-1,-1,2,0,2,0,2,0,0,0,0,2,2,0,2,0,0,2,2
48,5115.268,-2733.735,282.590,93.760,-0.064664,-0.995795,-0.064890,0.997807,-0.065443,0.009941,-0.014146,-0.064105,0.997843,0,0.45006,-0.43933,27.003,-0.879,-1,400.000,-1,400.000,-1,325.000,325.000,300.000,300.000,-1,-1,925.000,-1,800.000,800.000,-1,-1,2,0,2,0,2,0,0,0,0,2,2,0,2,0,0,2,2
49,5113.671,-2701.971,282.088,92.880,-0.049414,-0.996684,-0.064654,0.998696,-0.050137,0.009617,-0.012827,-0.064094,0.997861,0,0.53006,-0.44012,31.803,-0.880,-1,400.000,-1,400.000,-1,325.000,325.000,300.000,300.000,-1,-1,925.000,-1,800.000,800.000,-1,-1,2,0,2,0,2,0,0,0,0,2,2,0,2,0,0,2,2
50,5112.396,-2665.389,281.547,91.997,-0.034106,-0.997342,-0.064393,0.999353,-0.034771,0.009233,-0.011447,-0.064037,0.997882,0,0.61006,-0.44152,36.603,-0.883,-1,400.000,-1,400.000,-1,325.000,325.000,300.000,300.000,-1,-1,950.000,-1,800.000,825.000,-1,-1,2,0,2,0,2,0,0,0,0,2,2,0,2,0,0,2,2
51,5111.594,-2623.993,281.011,91.109,-0.018709,-0.997761,-0.064216,0.999774,-0.019321,0.008909,-0.010130,-0.064035,0.997896,0,0.69006,-0.44371,41.403,-0.887,-1,400.000,-1,400.000,-1,325.000,325.000,300.000,300.000,-1,-1,975.000,-1,825.000,825.000,-1,-1,2,0,2,0,2,0,0,0,0,2,2,0,2,0,0,2,2
52,5111.421,-2577.790,280.368,90.216,-0.003130,-0.997939,-0.064099,0.999947,-0.003755,0.009621,-0.009842,-0.064066,0.997897,0,0.77006,-0.44688,46.203,-0.894,-1,400.000,-1,400.000,-1,325.000,325.000,300.000,300.000,-1,-1,-1,-1,825.000,850.000,-1,-1,2,0,2,0,2,0,0,0,0,2,2,2,2,0,0,2,2
53,5112.030,-2526.995,279.688,89.313,0.012611,-0.997868,-0.064041,0.999874,0.011965,0.010466,-0.009678,-0.064165,0.997892,0,0.84663,-0.45126,50.798,-0.903,-1,400.000,-1,400.000,-1,325.000,325.000,300.000,300.000,-1,-1,-1,-1,825.000,850.000,-1,-1,2,0,2,0,2,0,0,0,0,2,2,2,2,0,0,2,2
54,5113.436,-2476.685,279.066,88.399,0.028549,-0.997544,-0.063960,0.999547,0.027882,0.011295,-0.009484,-0.064254,0.997889,0,0.83882,-0.45704,50.329,-0.914,-1,400.000,-1,400.000,-1,325.000,325.000,300.000,300.000,-1,-1,-1,-1,850.000,850.000,-1,-1,2,0,2,0,2,0,0,0,0,2,2,2,2,0,0,2,2
55,5115.638,-2426.821,278.501,87.471,0.044711,-0.996957,-0.063854,0.998957,0.044025,0.012108,-0.009260,-0.064329,0.997886,0,0.83186,-0.46373,49.912,-0.927,-1,400.000,-1,400.000,-1,325.000,325.000,300.000,300.000,-1,-1,-1,-1,850.000,875.000,-1,-1,2,0,2,0,2,0,0,0,0,2,2,2,2,0,0,2,2
56,5118.638,-2377.362,277.993,86.529,0.061122,-0.996094,-0.063721,0.998090,0.060419,0.012905,-0.009005,-0.064388,0.997884,0,0.82582,-0.47127,49.549,-0.943,-1,400.000,-1,400.000,-1,325.000,325.000,300.000,300.000,-1,-1,-1,-1,850.000,875.000,-1,-1,2,0,2,0,2,0,0,0,0,2,2,2,2,0,0,2,2
57,5122.442,-2328.263,277.543,85.570,0.077805,-0.994941,-0.063558,0.996930,0.077086,0.013688,-0.008719,-0.064427,0.997884,0,0.82076,-0.47965,49.245,-0.959,-1,400.000,-1,400.000,-1,325.000,325.000,300.000,300.000,-1,-1,-1,-1,875.000,875.000,-1,-1,2,0,2,0,2,0,0,0,0,2,2,2,2,0,0,2,2
58,5127.060,-2279.479,277.150,84.592,0.094783,-0.993479,-0.063362,0.995462,0.094051,0.014455,-0.008402,-0.064444,0.997886,0,0.81670,-0.48881,49.002,-0.978,-1,400.000,-1,400.000,-1,325.000,325.000,300.000,300.000,-1,-1,-1,-1,875.000,900.000,-1,-1,2,0,2,0,2,0,0,0,0,2,2,2,2,0,0,2,2
59,5132.507,-2230.962,276.816,83.595,0.112076,-0.991692,-0.063131,0.993667,0.111331,0.015209,-0.008054,-0.064436,0.997889,0,0.81368,-0.49874,48.821,-0.997,-1,400.000,-1,400.000,-1,325.000,325.000,300.000,300.000,-1,-1,-1,-1,875.000,900.000,-1,-1,2,0,2,0,2,0,0,0,0,2,2,2,2,0,0,2,2
60,5138.800,-2182.667,276.540,82.576,0.129703,-0.989558,-0.062862,0.991523,0.128947,0.015947,-0.007675,-0.064398,0.997895,0,0.81172,-0.50940,48.703,-1.019,-1,400.000,-1,400.000,-1,325.000,325.000,300.000,300.000,-1,-1,-1,-1,900.000,925.000,-1,-1,2,0,2,0,2,0,0,0,0,2,2,2,2,0,0,2,2
61,5145.962,-2134.547,276.314,81.534,0.147681,-0.987053,-0.062590,0.989008,0.146914,0.016712,-0.007300,-0.064370,0.997899,0,0.81083,-0.52078,48.650,-1.042,-1,425.000,-1,400.000,-1,325.000,325.000,300.000,300.000,-1,-1,-1,-1,900.000,925.000,-1,-1,2,0,2,0,2,0,0,0,0,2,2,2,2,0,0,2,2
62,5154.020,-2086.557,276.136,80.468,0.166027,-0.984150,-0.062317,0.986097,0.165247,0.017511,-0.006936,-0.064358,0.997903,0,0.81101,-0.53285,48.661,-1.066,-1,425.000,-1,425.000,-1,325.000,325.000,300.000,300.000,-1,-1,-1,-1,925.000,950.000,-1,-1,2,0,2,0,2,0,0,0,0,2,2,2,2,0,0,2,2
63,5163.005,-2038.656,276.017,79.377,0.184752,-0.980827,-0.062006,0.982763,0.183959,0.018313,-0.006555,-0.064321,0.997908,0,0.81227,-0.54560,48.736,-1.091,-1,425.000,-1,425.000,-1,350.000,350.000,300.000,300.000,-1,-1,-1,-1,925.000,950.000,-1,-1,2,0,2,0,2,0,0,0,0,2,2,2,2,0,0,2,2
64,5172.949,-1990.802,275.670,78.259,0.203887,-0.976980,-0.062767,0.978974,0.203047,0.019546,-0.006351,-0.065433,0.997837,0,0.81460,-0.55901,48.876,-1.118,-1,425.000,-1,425.000,-1,350.000,350.000,300.000,300.000,-1,-1,-1,-1,925.000,975.000,-1,-1,2,0,2,0,2,0,0,0,0,2,2,2,2,0,0,2,2
65,5183.894,-1942.957,275.131,77.113,0.223473,-0.972586,-0.064322,0.974686,0.222518,0.021740,-0.006832,-0.067552,0.997692,0,0.81800,-0.57308,49.080,-1.146,-1,425.000,-1,425.000,-1,350.000,350.000,300.000,325.000,-1,-1,-1,-1,925.000,975.000,-1,-1,2,0,2,0,2,0,0,0,0,2,2,2,2,0,0,2,2
66,5195.883,-1895.088,274.557,75.938,0.243449,-0.967698,-0.065515,0.969888,0.242396,0.023699,-0.007053,-0.069312,0.997570,0,0.82245,-0.58779,49.347,-1.176,-1,425.000,-1,425.000,-1,350.000,350.000,300.000,325.000,-1,-1,-1,-1,925.000,975.000,-1,-1,2,0,2,0,2,0,0,0,0,2,2,2,2,0,0,2,2
67,5208.965,-1847.164,273.609,74.731,0.263897,-0.962372,-0.064794,0.964515,0.262712,0.026334,-0.008321,-0.069444,0.997551,0,0.82794,-0.60315,49.677,-1.206,-1,425.000,-1,425.000,-1,350.000,350.000,300.000,325.000,-1,-1,-1,-1,925.000,950.000,-1,-1,2,0,2,0,2,0,0,0,0,2,2,2,2,0,0,2,2
68,5223.191,-1799.159,272.724,73.493,0.284762,-0.956462,-0.063956,0.958550,0.283446,0.028976,-0.009586,-0.069557,0.997532,0,0.83447,-0.61915,50.068,-1.238,-1,425.000,-1,425.000,-1,350.000,350.000,300.000,300.000,-1,-1,-1,-1,900.000,950.000,-1,-1,2,0,2,0,2,0,0,0,0,2,2,2,2,0,0,2,2
69,5238.617,-1751.050,271.903,72.221,0.306044,-0.949931,-0.062995,0.951955,0.304599,0.031624,-0.010852,-0.069647,0.997513,0,0.84202,-0.63579,50.521,-1.272,-1,425.000,-1,425.000,-1,350.000,350.000,300.000,300.000,-1,-1,-1,-1,900.000,925.000,-1,-1,2,0,2,0,2,0,0,0,0,2,2,2,2,0,0,2,2
70,5255.303,-1702.820,271.069,70.915,0.327755,-0.942756,-0.061546,0.944682,0.326178,0.034403,-0.012359,-0.069417,0.997511,0,0.85056,-0.65306,51.034,-1.306,-1,425.000,-1,425.000,-1,325.000,325.000,300.000,300.000,-1,-1,-1,-1,875.000,925.000,-1,-1,2,0,2,0,2,0,0,0,0,2,2,2,2,0,0,2,2
71,5272.523,-1655.896,270.290,69.849,0.345380,-0.936548,-0.059917,0.938356,0.343672,0.037109,-0.014162,-0.069040,0.997513,0,0.83306,-0.53306,49.984,-1.066,-1,425.000,-1,425.000,-1,325.000,325.000,300.000,300.000,-1,-1,-1,-1,875.000,900.000,-1,-1,2,0,2,0,2,0,0,0,0,2,2,2,2,0,0,2,2
72,5290.635,-1608.654,269.536,69.023,0.358992,-0.931524,-0.058210,0.933199,0.357150,0.039801,-0.016285,-0.068610,0.997511,0,0.84323,-0.41306,50.594,-0.826,-1,400.000,-1,425.000,-1,325.000,325.000,300.000,300.000,-1,-1,-1,-1,850.000,900.000,-1,-1,2,0,2,0,2,0,0,0,0,2,2,2,2,0,0,2,2
73,5309.472,-1560.988,268.779,68.437,0.368651,-0.927848,-0.056519,0.929380,0.366672,0.042480,-0.018691,-0.068188,0.997497,0,0.85422,-0.29306,51.253,-0.586,-1,400.000,-1,400.000,-1,325.000,325.000,300.000,300.000,-1,-1,-1,-1,850.000,875.000,-1,-1,2,0,2,0,2,0,0,0,0,2,2,2,2,0,0,2,2
74,5328.857,-1512.788,268.020,68.091,0.374402,-0.925646,-0.054803,0.927019,0.372282,0.045191,-0.021429,-0.067723,0.997474,0,0.86586,-0.17306,51.952,-0.346,-1,400.000,-1,400.000,-1,325.000,325.000,300.000,300.000,-1,-1,-1,-1,825.000,850.000,-1,-1,2,0,2,0,2,0,0,0,0,2,2,2,2,0,0,2,2
75,5348.345,-1464.592,267.253,67.985,0.376272,-0.924986,-0.053116,0.926187,0.374008,0.047919,-0.024458,-0.067226,0.997438,0,0.86644,-0.05306,51.986,-0.106,-1,400.000,-1,400.000,-1,325.000,325.000,300.000,300.000,-1,-1,-1,-1,825.000,850.000,-1,-1,2,0,2,0,2,0,0,0,0,2,2,2,2,0,0,2,2
76,5367.911,-1416.428,266.253,67.891,0.377923,-0.924344,-0.052559,0.925450,0.375514,0.050319,-0.026775,-0.067657,0.997349,0,0.86644,-0.04699,51.986,-0.094,-1,400.000,-1,400.000,-1,325.000,325.000,300.000,300.000,-1,-1,-1,-1,800.000,850.000,-1,-1,2,0,2,0,2,0,0,0,0,2,2,2,2,0,0,2,2
77,5387.555,-1368.296,265.058,67.797,0.379572,-0.923650,-0.052886,0.924718,0.376998,0.052618,-0.028662,-0.068876,0.997213,0,0.86644,-0.04699,51.986,-0.094,-1,400.000,-1,400.000,-1,325.000,325.000,300.000,300.000,-1,-1,-1,-1,800.000,825.000,-1,-1,2,0,2,0,2,0,0,0,0,2,2,2,2,0,0,2,2
78,5407.278,-1320.196,263.810,67.703,0.381236,-0.922938,-0.053342,0.923968,0.378475,0.055135,-0.030698,-0.070306,0.997053,0,0.86644,-0.04699,51.986,-0.094,-1,400.000,-1,400.000,-1,325.000,325.000,300.000,300.000,-1,-1,-1,-1,775.000,825.000,-1,-1,2,0,2,0,2,0,0,0,0,2,2,2,2,0,0,2,2
79,5427.079,-1272.128,262.554,67.609,0.382903,-0.922220,-0.053815,0.923208,0.379948,0.057668,-0.032736,-0.071764,0.996884,0,0.86644,-0.04699,51.986,-0.094,-1,400.000,-1,400.000,-1,325.000,325.000,300.000,300.000,-1,-1,-1,-1,750.000,825.000,-1,-1,2,0,2,0,2,0,0,0,0,2,2,2,2,0,0,2,2
80,5446.961,-1224.094,261.030,67.515,0.384503,-0.921559,-0.053719,0.922497,0.381446,0.059153,-0.034022,-0.072301,0.996802,0,0.86644,-0.04699,51.986,-0.094,-1,400.000,-1,400.000,-1,325.000,325.000,300.000,325.000,-1,-1,-1,-1,750.000,825.000,-1,-1,2,0,2,0,2,0,0,0,0,2,2,2,2,0,0,2,2
81,5468.735,-1171.949,259.104,67.336,0.387414,-0.920383,-0.052967,0.921251,0.384334,0.059867,-0.034744,-0.071989,0.996800,0,0.94180,-0.08958,56.508,-0.179,-1,400.000,-1,400.000,-1,325.000,325.000,300.000,325.000,-1,-1,-1,-1,750.000,825.000,-1,-1,2,0,2,0,2,0,0,0,0,2,2,2,2,0,0,2,2
82,5490.673,-1119.873,257.035,67.156,0.390302,-0.919229,-0.051796,0.920006,0.387232,0.060335,-0.035405,-0.071201,0.996833,0,0.94180,-0.08958,56.508,-0.179,-1,400.000,-1,400.000,-1,325.000,325.000,300.000,300.000,-1,-1,-1,-1,725.000,800.000,-1,-1,2,0,2,0,2,0,0,0,0,2,2,2,2,0,0,2,2
83,5512.774,-1067.866,254.944,66.977,0.393181,-0.918067,-0.050613,0.918755,0.390128,0.060738,-0.036016,-0.070382,0.996870,0,0.94180,-0.08958,56.508,-0.179,-1,400.000,-1,400.000,-1,325.000,325.000,300.000,300.000,-1,-1,-1,-1,725.000,800.000,-1,-1,2,0,2,0,2,0,0,0,0,2,2,2,2,0,0,2,2
84,5535.038,-1015.928,252.848,66.798,0.396057,-0.916893,-0.049460,0.917495,0.393018,0.061150,-0.036629,-0.069598,0.996902,0,0.94180,-0.08958,56.508,-0.179,-1,400.000,-1,400.000,-1,325.000,325.000,300.000,300.000,-1,-1,-1,-1,725.000,800.000,-1,-1,2,0,2,0,2,0,0,0,0,2,2,2,2,0,0,2,2
85,5557.463,-964.061,250.748,66.619,0.398929,-0.915707,-0.048337,0.916225,0.395904,0.061572,-0.037245,-0.068850,0.996932,0,0.94180,-0.08958,56.508,-0.179,-1,400.000,-1,400.000,-1,325.000,325.000,300.000,300.000,-1,-1,-1,-1,700.000,775.000,-1,-1,2,0,2,0,2,0,0,0,0,2,2,2,2,0,0,2,2
86,5580.051,-912.263,248.644,66.440,0.401797,-0.914509,-0.047245,0.914946,0.398785,0.062004,-0.037863,-0.068139,0.996957,0,0.94180,-0.08958,56.508,-0.179,-1,375.000,-1,400.000,-1,325.000,325.000,300.000,300.000,-1,-1,-1,-1,700.000,775.000,-1,-1,2,0,2,0,2,0,0,0,0,2,2,2,2,0,0,2,2
87,5602.801,-860.536,246.535,66.261,0.404661,-0.913300,-0.046183,0.913657,0.401661,0.062448,-0.038484,-0.067465,0.996979,0,0.94180,-0.08958,56.508,-0.179,-1,375.000,-1,400.000,-1,325.000,325.000,300.000,300.000,-1,-1,-1,-1,700.000,775.000,-1,-1,2,0,2,0,2,0,0,0,0,2,2,2,2,0,0,2,2
88,5625.712,-808.881,244.422,66.081,0.407522,-0.912078,-0.045152,0.912358,0.404533,0.062902,-0.039107,-0.066829,0.996998,0,0.94180,-0.08958,56.508,-0.179,-1,375.000,-1,400.000,-1,325.000,325.000,300.000,300.000,-1,-1,-1,-1,675.000,775.000,-1,-1,2,0,2,0,2,0,0,0,0,2,2,2,2,0,0,2,2
89,5648.784,-757.298,242.235,65.902,0.410379,-0.910829,-0.044495,0.911059,0.407392,0.063280,-0.039510,-0.066506,0.997003,0,0.94180,-0.08958,56.508,-0.179,-1,375.000,-1,400.000,-1,300.000,325.000,300.000,300.000,-1,-1,-1,-1,675.000,750.000,-1,-1,2,0,2,0,2,0,0,0,0,2,2,2,2,0,0,2,2
90,5669.847,-710.074,240.382,65.963,0.409372,-0.911327,-0.043549,0.911511,0.406454,0.062791,-0.039522,-0.065401,0.997076,0,0.86180,0.03042,51.708,0.061,-1,375.000,-1,400.000,-1,300.000,325.000,300.000,300.000,-1,-1,-1,-1,675.000,750.000,-1,-1,2,0,2,0,2,0,0,0,0,2,2,2,2,0,0,2,2
91,5689.904,-664.465,238.723,66.264,0.404504,-0.913558,-0.042282,0.913691,0.401712,0.061615,-0.039304,-0.063556,0.997204,0,0.83041,0.15042,49.825,0.301,-1,375.000,-1,375.000,-1,300.000,325.000,300.000,300.000,-1,-1,-1,-1,675.000,750.000,-1,-1,2,0,2,0,2,0,0,0,0,2,2,2,2,0,0,2,2
92,5709.530,-618.669,236.997,66.805,0.395798,-0.917418,-0.041076,0.917491,0.393117,0.060580,-0.039430,-0.061664,0.997318,0,0.83041,0.27042,49.825,0.541,-1,375.000,-1,375.000,-1,300.000,300.000,325.000,300.000,-1,-1,-1,-1,675.000,750.000,-1,-1,2,0,2,0,2,0,0,0,0,2,2,2,2,0,0,2,2
93,5728.530,-572.609,235.176,67.586,0.383189,-0.922813,-0.039773,0.922816,0.380629,0.059428,-0.039702,-0.059476,0.997440,0,0.83041,0.39042,49.825,0.781,-1,375.000,-1,375.000,-1,300.000,300.000,325.000,300.000,-1,-1,-1,-1,650.000,750.000,-1,-1,2,0,2,0,2,0,0,0,0,2,2,2,2,0,0,2,2
94,5746.706,-526.219,233.365,68.606,0.366611,-0.929562,-0.038870,0.929526,0.364173,0.057966,-0.039728,-0.057382,0.997562,0,0.83041,0.51042,49.825,1.021,-1,375.000,-1,375.000,-1,300.000,300.000,325.000,300.000,-1,-1,-1,-1,650.000,750.000,-1,-1,2,0,2,0,2,0,0,0,0,2,2,2,2,0,0,2,2
95,5763.856,-479.439,231.788,69.867,0.346000,-0.937411,-0.039310,0.937422,0.343653,0.056066,-0.039048,-0.056249,0.997653,0,0.83041,0.63042,49.825,1.261,-1,375.000,-1,375.000,-1,300.000,300.000,325.000,300.000,-1,-1,-1,-1,650.000,750.000,-1,-1,2,0,2,0,2,0,0,0,0,2,2,2,2,0,0,2,2
96,5779.775,-432.227,230.137,71.368,0.321260,-0.946158,-0.039706,0.946207,0.319005,0.054118,-0.038537,-0.054956,0.997745,0,0.83041,0.75042,49.825,1.501,-1,375.000,-1,375.000,-1,300.000,300.000,325.000,325.000,-1,-1,-1,-1,650.000,750.000,-1,-1,2,0,2,0,2,0,0,0,0,2,2,2,2,0,0,2,2
97,5794.253,-384.553,228.401,73.109,0.292299,-0.955489,-0.040030,0.955565,0.290138,0.052114,-0.038181,-0.053484,0.997839,0,0.83041,0.87042,49.825,1.741,-1,375.000,-1,375.000,-1,300.000,300.000,325.000,325.000,-1,-1,-1,-1,650.000,725.000,-1,-1,2,0,2,0,2,0,0,0,0,2,2,2,2,0,0,2,2
98,5807.074,-336.406,226.569,75.090,0.259024,-0.965032,-0.040253,0.965125,0.256961,0.050053,-0.037959,-0.051814,0.997935,0,0.83041,0.99042,49.825,1.981,-1,375.000,-1,375.000,-1,300.000,325.000,325.000,325.000,-1,-1,-1,-1,650.000,725.000,-1,-1,2,0,2,0,2,0,0,0,0,2,2,2,2,0,0,2,2
99,5818.207,-287.842,224.636,77.090,0.225108,-0.973497,-0.040364,0.973606,0.223145,0.047936,-0.037658,-0.050089,0.998035,0,0.83041,1.00000,49.825,2.000,-1,375.000,-1,375.000,-1,300.000,325.000,325.000,325.000,-1,900.000,650.000,-1,650.000,725.000,-1,-1,2,0,2,0,2,0,0,0,0,2,0,0,2,0,0,2,2
100,5827.639,-238.919,222.604,79.090,0.190911,-0.980778,-0.040356,0.980900,0.189051,0.045769,-0.037260,-0.048323,0.998137,0,0.83041,1.00000,49.825,2.000,-1,375.000,-1,375.000,-1,300.000,325.000,325.000,325.000,-1,550.000,525.000,-1,650.000,700.000,-1,-1,2,0,2,0,2,0,0,0,0,2,0,0,2,0,0,2,2
101,5835.357,-189.697,220.477,81.090,0.156475,-0.986863,-0.040225,0.986997,0.154721,0.043561,-0.036765,-0.046518,0.998241,0,0.83041,1.00000,49.825,2.000,-1,375.000,-1,375.000,-1,300.000,300.000,300.000,325.000,-1,475.000,450.000,-1,650.000,700.000,-1,-1,2,0,2,0,2,0,0,0,0,2,0,0,2,0,0,2,2
102,5841.353,-140.235,218.258,83.090,0.121843,-0.991744,-0.039966,0.991890,0.120195,0.041318,-0.036174,-0.044676,0.998346,0,0.83041,1.00000,49.825,2.000,-1,375.000,-1,375.000,-1,300.000,300.000,300.000,325.000,-1,425.000,400.000,-1,650.000,675.000,-1,-1,2,0,2,0,2,0,0,0,0,2,0,0,2,0,0,2,2
103,5845.619,-90.593,215.951,85.090,0.087057,-0.995417,-0.039575,0.995571,0.085518,0.039051,-0.035487,-0.042799,0.998453,0,0.83041,1.00000,49.825,2.000,-1,375.000,-1,375.000,-1,300.000,300.000,300.000,325.000,-1,400.000,375.000,-1,650.000,675.000,-1,-1,2,0,2,0,2,0,0,0,0,2,0,0,2,0,0,2,2
104,5848.150,-40.834,213.560,87.090,0.052161,-0.997875,-0.039049,0.998035,0.050730,0.036766,-0.034707,-0.040890,0.998561,0,0.83041,1.00000,49.825,2.000,-1,375.000,-1,375.000,-1,300.000,300.000,300.000,325.000,-1,350.000,350.000,-1,650.000,675.000,-1,-1,2,0,2,0,2,0,0,0,0,2,0,0,2,0,0,2,2
105,5848.943,8.984,211.450,89.090,0.017198,-0.999135,-0.037858,0.999262,0.015876,0.034970,-0.034338,-0.038432,0.998671,0,0.83041,1.00000,49.825,2.000,-1,350.000,-1,375.000,-1,300.000,300.000,300.000,325.000,-1,350.000,350.000,-1,650.000,650.000,-1,-1,2,0,2,0,2,0,0,0,0,2,0,0,2,0,0,2,2
106,5847.996,58.800,210.460,91.090,-0.017759,-0.999113,-0.038182,0.999291,-0.019004,0.032496,-0.033193,-0.037578,0.998742,0,0.83041,1.00000,49.825,2.000,-1,375.000,-1,375.000,-1,300.000,300.000,325.000,325.000,-1,375.000,375.000,-1,650.000,675.000,-1,-1,2,0,2,0,2,0,0,0,0,2,0,0,2,0,0,2,2
107,5845.311,108.551,209.380,93.090,-0.052694,-0.997871,-0.038418,0.998096,-0.053863,0.030049,-0.032054,-0.036761,0.998810,0,0.83041,1.00000,49.825,2.000,-1,375.000,-1,375.000,-1,300.000,300.000,325.000,325.000,-1,400.000,400.000,-1,650.000,675.000,-1,-1,2,0,2,0,2,0,0,0,0,2,0,0,2,0,0,2,2
108,5840.891,158.179,208.229,95.090,-0.087567,-0.995414,-0.038505,0.995680,-0.088658,0.027602,-0.030889,-0.035922,0.998877,0,0.83041,1.00000,49.825,2.000,-1,375.000,-1,375.000,-1,300.000,300.000,325.000,325.000,-1,400.000,400.000,-1,675.000,675.000,-1,-1,2,0,2,0,2,0,0,0,0,2,0,0,2,0,0,2,2
109,5834.742,207.623,207.009,97.090,-0.122334,-0.991744,-0.038446,0.992044,-0.123347,0.025165,-0.029699,-0.035062,0.998944,0,0.83041,1.00000,49.825,2.000,-1,375.000,-1,375.000,-1,300.000,300.000,325.000,350.000,-1,425.000,425.000,-1,675.000,675.000,-1,-1,2,0,2,0,2,0,0,0,0,2,0,0,2,0,0,2,2
110,5826.871,256.821,205.722,99.090,-0.156954,-0.986865,-0.038246,0.987195,-0.157888,0.022747,-0.028486,-0.034186,0.999009,0,0.83041,1.00000,49.825,2.000,-1,375.000,-1,375.000,-1,300.000,300.000,325.000,325.000,-1,425.000,450.000,-1,675.000,675.000,-1,-1,2,0,2,0,2,0,0,0,0,2,0,0,2,0,0,2,2
111,5817.288,305.715,204.370,101.090,-0.191383,-0.980783,-0.037908,0.981137,-0.192239,0.020357,-0.027253,-0.033297,0.999074,0,0.83041,1.00000,49.825,2.000,-1,375.000,-1,375.000,-1,300.000,300.000,325.000,325.000,-1,450.000,450.000,-1,700.000,675.000,-1,-1,2,0,2,0,2,0,0,0,0,2,0,0,2,0,0,2,2
112,5806.005,354.245,202.955,103.090,-0.225578,-0.973505,-0.037437,0.973878,-0.226357,0.018004,-0.026001,-0.032397,0.999137,0,0.83041,1.00000,49.825,2.000,-1,375.000,-1,375.000,-1,300.000,300.000,325.000,325.000,-1,450.000,475.000,-1,700.000,675.000,-1,-1,2,0,2,0,2,0,0,0,0,2,0,0,2,0,0,2,2
113,5793.035,402.352,201.481,105.090,-0.259499,-0.965041,-0.036838,0.965427,-0.260202,0.015696,-0.024733,-0.031491,0.999198,0,0.83041,1.00000,49.825,2.000,-1,375.000,-1,375.000,-1,300.000,300.000,325.000,325.000,-1,450.000,500.000,-1,700.000,700.000,-1,-1,2,0,2,0,2,0,0,0,0,2,0,0,2,0,0,2,2
114,5778.393,449.976,199.949,107.090,-0.293102,-0.955399,-0.036117,0.955794,-0.293731,0.013441,-0.023450,-0.030581,0.999257,0,0.83041,1.00000,49.825,2.000,-1,375.000,-1,375.000,-1,300.000,300.000,325.000,325.000,-1,450.000,475.000,-1,725.000,700.000,-1,-1,2,0,2,0,2,0,0,0,0,2,0,0,2,0,0,2,2
115,5762.099,497.061,198.363,109.090,-0.326346,-0.944592,-0.035281,0.944991,-0.326904,0.011245,-0.022156,-0.029670,0.999314,0,0.83041,1.00000,49.825,2.000,-1,375.000,-1,375.000,-1,325.000,300.000,325.000,300.000,-1,425.000,450.000,-1,725.000,700.000,-1,-1,2,0,2,0,2,0,0,0,0,2,0,0,2,0,0,2,2
116,5744.171,543.548,196.768,111.090,-0.359183,-0.932628,-0.034533,0.933031,-0.359678,0.009178,-0.020981,-0.028924,0.999361,0,0.83041,1.00000,49.825,2.000,-1,400.000,-1,375.000,-1,325.000,300.000,325.000,300.000,-1,375.000,425.000,-1,750.000,700.000,-1,-1,2,0,2,0,2,0,0,0,0,2,0,0,2,0,0,2,2
117,5722.959,593.886,195.471,112.850,-0.387653,-0.921109,-0.035820,0.921570,-0.388139,0.007516,-0.020826,-0.030097,0.999330,0,0.91041,0.88000,54.625,1.760,-1,400.000,-1,375.000,-1,325.000,300.000,325.000,300.000,-1,400.000,450.000,-1,750.000,700.000,-1,-1,2,0,2,0,2,0,0,0,0,2,0,0,2,0,0,2,2
118,5698.619,647.616,194.122,114.370,-0.411955,-0.910439,-0.037331,0.910982,-0.412413,0.005181,-0.020113,-0.031873,0.999290,0,0.98311,0.76000,58.987,1.520,-1,400.000,-1,375.000,-1,325.000,300.000,325.000,300.000,-1,425.000,475.000,-1,750.000,700.000,-1,-1,2,0,2,0,2,0,0,0,0,2,0,0,2,0,0,2,2
119,5673.085,700.790,192.729,115.650,-0.432202,-0.900943,-0.038781,0.901572,-0.432620,0.002706,-0.019216,-0.033794,0.999244,0,0.98311,0.64000,58.987,1.280,-1,400.000,-1,375.000,-1,325.000,325.000,300.000,300.000,-1,425.000,500.000,-1,750.000,725.000,-1,-1,2,0,2,0,2,0,0,0,0,2,0,0,2,0,0,2,2
120,5646.590,753.491,191.437,116.690,-0.448494,-0.892895,-0.039893,0.893593,-0.448878,0.000765,-0.018590,-0.035305,0.999204,0,0.98311,0.52000,58.987,1.040,-1,400.000,-1,375.000,-1,325.000,325.000,300.000,300.000,-1,450.000,525.000,-1,750.000,725.000,-1,-1,2,0,2,0,2,0,0,0,0,2,0,0,2,0,0,2,2
121,5619.362,805.817,190.381,117.490,-0.460914,-0.886522,-0.040458,0.887249,-0.461291,-0.000017,-0.018648,-0.035904,0.999181,0,0.98311,0.40000,58.987,0.800,-1,400.000,-1,375.000,-1,325.000,325.000,300.000,300.000,-1,500.000,575.000,-1,750.000,725.000,-1,-1,2,0,2,0,2,0,0,0,0,2,0,0,2,0,0,2,2
122,5591.625,857.875,189.390,118.050,-0.469571,-0.881958,-0.040652,0.882705,-0.469927,-0.000914,-0.018297,-0.036313,0.999173,0,0.98311,0.28000,58.987,0.560,-1,400.000,-1,375.000,-1,325.000,325.000,300.000,300.000,-1,550.000,625.000,-1,750.000,725.000,-1,-1,2,0,2,0,2,0,0,0,0,2,0,0,2,0,0,2,2
123,5563.593,909.784,188.431,118.370,-0.474513,-0.879308,-0.040685,0.880071,-0.474839,-0.001873,-0.017672,-0.036695,0.999170,0,0.98323,0.16000,58.994,0.320,-1,400.000,-1,375.000,-1,325.000,325.000,300.000,325.000,-1,600.000,675.000,-1,750.000,750.000,-1,-1,2,0,2,0,2,0,0,0,0,2,0,0,2,0,0,2,2
124,5535.106,961.955,187.466,118.636,-0.478622,-0.877075,-0.040741,0.877857,-0.478915,-0.002875,-0.016990,-0.037141,0.999166,0,0.99071,0.13323,59.442,0.266,-1,400.000,-1,375.000,-1,325.000,325.000,300.000,325.000,-1,625.000,700.000,-1,750.000,750.000,-1,-1,2,0,2,0,2,0,0,0,0,2,0,0,2,0,0,2,2
125,5506.161,1014.388,186.451,118.899,-0.482669,-0.874855,-0.040743,0.875649,-0.482933,-0.003732,-0.016411,-0.037478,0.999163,0,0.99819,0.13161,59.892,0.263,-1,400.000,-1,400.000,-1,325.000,325.000,300.000,325.000,-1,675.000,750.000,-1,750.000,750.000,-1,-1,2,0,2,0,2,0,0,0,0,2,0,0,2,0,0,2,2
126,5476.927,1066.785,185.361,119.159,-0.486646,-0.872654,-0.040636,0.873452,-0.486891,-0.004297,-0.016036,-0.037585,0.999165,0,1.00000,0.12982,60.000,0.260,-1,400.000,-1,400.000,-1,325.000,325.000,300.000,300.000,-1,700.000,800.000,-1,750.000,750.000,-1,-1,2,0,2,0,2,0,0,0,0,2,0,0,2,0,0,2,2
127,5447.460,1119.050,184.265,119.415,-0.490552,-0.870468,-0.040547,0.871271,-0.490778,-0.004872,-0.015659,-0.037717,0.999166,0,1.00000,0.12785,60.000,0.256,-1,400.000,-1,400.000,-1,325.000,325.000,300.000,300.000,-1,750.000,825.000,-1,750.000,750.000,-1,-1,2,0,2,0,2,0,0,0,0,2,0,0,2,0,0,2,2
128,5417.763,1171.185,183.225,119.666,-0.494373,-0.868294,-0.040758,0.869112,-0.494585,-0.005411,-0.015460,-0.038099,0.999154,0,1.00000,0.12569,60.000,0.251,-1,400.000,-1,400.000,-1,325.000,325.000,300.000,300.000,-1,800.000,875.000,-1,750.000,750.000,-1,-1,2,0,2,0,2,0,0,0,0,2,0,0,2,0,0,2,2
129,5387.842,1223.192,182.230,119.913,-0.498105,-0.866137,-0.041214,0.866980,-0.498307,-0.005929,-0.015402,-0.038685,0.999133,0,1.00000,0.12334,60.000,0.247,-1,400.000,-1,400.000,-1,325.000,325.000,300.000,300.000,-1,850.000,950.000,-1,750.000,750.000,-1,-1,2,0,2,0,2,0,0,0,0,2,0,0,2,0,0,2,2
130,5357.702,1275.072,181.206,120.154,-0.501747,-0.864011,-0.041654,0.864877,-0.501944,-0.006337,-0.015433,-0.039206,0.999112,0,1.00000,0.12077,60.000,0.242,-1,400.000,-1,400.000,-1,325.000,325.000,300.000,300.000,-1,900.000,1000.000,-1,725.000,-1,-1,-1,2,0,2,0,2,0,0,0,0,2,0,0,2,0,2,2,2
131,5327.348,1326.828,180.183,120.390,-0.505296,-0.861917,-0.042133,0.862808,-0.505487,-0.006773,-0.015460,-0.039775,0.999089,0,1.00000,0.11799,60.000,0.236,-1,400.000,-1,400.000,-1,325.000,325.000,300.000,300.000,-1,950.000,-1,-1,725.000,-1,-1,-1,2,0,2,0,2,0,0,0,0,2,0,2,2,0,2,2,2
132,5296.787,1378.462,179.225,120.620,-0.508756,-0.859866,-0.042401,0.860775,-0.508933,-0.007321,-0.015284,-0.040223,0.999074,0,1.00000,0.11496,60.000,0.230,-1,375.000,-1,400.000,-1,325.000,325.000,300.000,300.000,-1,1000.000,-1,-1,725.000,-1,-1,-1,2,0,2,0,2,0,0,0,0,2,0,2,2,0,2,2,2
133,5266.026,1429.976,178.375,120.844,-0.512106,-0.857870,-0.042496,0.858786,-0.512278,-0.007575,-0.015271,-0.040375,0.999068,0,1.00000,0.11168,60.000,0.223,-1,375.000,-1,400.000,-1,325.000,325.000,300.000,300.000,-1,-1,-1,-1,725.000,-1,-1,-1,2,0,2,0,2,0,0,0,0,2,2,2,2,0,2,2,2
134,5235.070,1481.374,177.574,121.060,-0.515336,-0.855927,-0.042628,0.856849,-0.515510,-0.007672,-0.015408,-0.040479,0.999062,0,1.00000,0.10812,60.000,0.216,-1,375.000,-1,400.000,-1,325.000,325.000,300.000,300.000,-1,-1,-1,-1,725.000,-1,-1,-1,2,0,2,0,2,0,0,0,0,2,2,2,2,0,2,2,2
135,5203.927,1532.658,176.827,121.268,-0.518451,-0.854044,-0.042617,0.854968,-0.518620,-0.007855,-0.015394,-0.040509,0.999061,0,1.00000,0.10426,60.000,0.209,-1,375.000,-1,400.000,-1,325.000,325.000,300.000,300.000,-1,-1,-1,-1,725.000,-1,-1,-1,2,0,2,0,2,0,0,0,0,2,2,2,2,0,2,2,2
136,5172.605,1583.834,176.024,121.468,-0.521458,-0.852241,-0.042035,0.853146,-0.521609,-0.008177,-0.014957,-0.040126,0.999083,0,1.00000,0.10007,60.000,0.200,-1,375.000,-1,400.000,-1,325.000,325.000,300.000,300.000,-1,-1,-1,-1,725.000,-1,-1,-1,2,0,2,0,2,0,0,0,0,2,2,2,2,0,2,2,2
