timestep,x_cm,y_cm,z_cm,yaw_deg,basis_xx,basis_xy,basis_xz,basis_yx,basis_yy,basis_yz,basis_zx,basis_zy,basis_zz,teleport_flag,throttle_cmd,steering_cmd,cmd_move_cm,cmd_turn_deg,lidar_cm_0,lidar_cm_1,lidar_cm_2,lidar_cm_3,lidar_cm_4,lidar_cm_5,lidar_cm_6,lidar_cm_7,lidar_cm_8,lidar_cm_9,lidar_cm_10,lidar_cm_11,lidar_cm_12,lidar_cm_13,lidar_cm_14,lidar_cm_15,lidar_cm_16,lidar_class_0,lidar_class_1,lidar_class_2,lidar_class_3,lidar_class_4,lidar_class_5,lidar_class_6,lidar_class_7,lidar_class_8,lidar_class_9,lidar_class_10,lidar_class_11,lidar_class_12,lidar_class_13,lidar_class_14,lidar_class_15,lidar_class_16
0,-8854.810,-3612.420,-107.263,-86.801,0.056370,0.997793,0.035085,-0.998283,0.055766,0.017946,0.015950,-0.036036,0.999223,1,0.08000,-0.12000,4.800,-0.240,-1,400.000,-1,400.000,-1,325.000,325.000,300.000,300.000,-1,-1,-1,-1,775.000,800.000,-1,-1,2,0,2,0,2,0,0,0,0,2,2,2,2,0,0,2,2
1,-8854.355,-3622.009,-107.111,-87.281,0.048011,0.998233,0.035024,-0.998715,0.047406,0.017921,0.016229,-0.035840,0.999226,0,0.16000,-0.24000,9.600,-0.480,-1,400.000,-1,400.000,-1,325.000,325.000,300.000,300.000,-1,-1,-1,-1,775.000,825.000,-1,-1,2,0,2,0,2,0,0,0,0,2,2,2,2,0,0,2,2
2,-8853.853,-3636.400,-106.876,-88.001,0.035467,0.998760,0.034927,-0.999232,0.034858,0.017881,0.016641,-0.035534,0.999230,0,0.24000,-0.36000,14.400,-0.720,-1,400.000,-1,400.000,-1,325.000,325.000,300.000,300.000,-1,-1,-1,-1,775.000,825.000,-1,-1,2,0,2,0,2,0,0,0,0,2,2,2,2,0,0,2,2
3,-8853.505,-3655.597,-106.550,-88.961,0.018732,0.999219,0.034786,-0.999677,0.018120,0.017825,0.017181,-0.035108,0.999236,0,0.32000,-0.48000,19.200,-0.960,-1,400.000,-1,400.000,-1,325.000,325.000,300.000,300.000,-1,-1,-1,-1,775.000,825.000,-1,-1,2,0,2,0,2,0,0,0,0,2,2,2,2,0,0,2,2
4,-8853.573,-3679.597,-106.125,-90.161,-0.002194,0.999399,0.034591,-0.999838,-0.002810,0.017752,0.017839,-0.034547,0.999244,0,0.40000,-0.60000,24.000,-1.200,-1,400.000,-1,400.000,-1,325.000,325.000,300.000,300.000,-1,-1,-1,-1,775.000,825.000,-1,-1,2,0,2,0,2,0,0,0,0,2,2,2,2,0,0,2,2
5,-8854.378,-3708.386,-105.590,-91.601,-0.027306,0.999037,0.034332,-0.999454,-0.027925,0.017660,0.018602,-0.033831,0.999254,0,0.48000,-0.72000,28.800,-1.440,-1,400.000,-1,400.000,-1,325.000,325.000,300.000,300.000,-1,-1,-1,-1,775.000,825.000,-1,-1,2,0,2,0,2,0,0,0,0,2,2,2,2,0,0,2,2
6,-8856.301,-3741.931,-104.933,-93.281,-0.056583,0.997819,0.033994,-0.998208,-0.057203,0.017551,0.019457,-0.032940,0.999268,0,0.56000,-0.84000,33.600,-1.680,-1,400.000,-1,400.000,-1,325.000,325.000,300.000,300.000,-1,-1,-1,-1,775.000,825.000,-1,-1,2,0,2,0,2,0,0,0,0,2,2,2,2,0,0,2,2
7,-8859.783,-3780.173,-104.141,-95.201,-0.089986,0.995377,0.033562,-0.995734,-0.090606,0.017426,0.020386,-0.031851,0.999285,0,0.64000,-0.96000,38.400,-1.920,-1,400.000,-1,400.000,-1,325.000,325.000,300.000,300.000,-1,-1,-1,-1,775.000,825.000,-1,-1,2,0,2,0,2,0,0,0,0,2,2,2,2,0,0,2,2
8,-8865.198,-3823.033,-103.203,-97.201,-0.124677,0.991648,0.033025,-0.991969,-0.125293,0.017290,0.021283,-0.030604,0.999305,0,0.72000,-1.00000,43.200,-2.000,-1,400.000,-1,400.000,-1,325.000,325.000,300.000,300.000,-1,-1,-1,-1,775.000,850.000,-1,-1,2,0,2,0,2,0,0,0,0,2,2,2,2,0,0,2,2
9,-8872.874,-3870.415,-102.112,-99.201,-0.159223,0.986712,0.032374,-0.986995,-0.159832,0.017149,0.022096,-0.029222,0.999329,0,0.80000,-1.00000,48.000,-2.000,-1,400.000,-1,400.000,-1,325.000,325.000,300.000,300.000,-1,-1,-1,-1,800.000,850.000,-1,-1,2,0,2,0,2,0,0,0,0,2,2,2,2,0,0,2,2
10,-8882.283,-3917.925,-101.043,-101.201,-0.193578,0.980565,0.031936,-0.980823,-0.194176,0.016813,0.022687,-0.028069,0.999348,0,0.80721,-1.00000,48.433,-2.000,-1,400.000,-1,400.000,-1,325.000,325.000,300.000,300.000,-1,-1,-1,-1,800.000,850.000,-1,-1,2,0,2,0,2,0,0,0,0,2,2,2,2,0,0,2,2
11,-8893.344,-3965.078,-100.006,-103.201,-0.227701,0.973216,0.031672,-0.973460,-0.228285,0.016194,0.022990,-0.027144,0.999367,0,0.80721,-1.00000,48.433,-2.000,-1,400.000,-1,400.000,-1,325.000,325.000,300.000,300.000,-1,-1,-1,-1,800.000,875.000,-1,-1,2,0,2,0,2,0,0,0,0,2,2,2,2,0,0,2,2
12,-8906.043,-4011.816,-98.949,-105.201,-0.261550,0.964683,0.031274,-0.964909,-0.262118,0.015628,0.023274,-0.026089,0.999389,0,0.80721,-1.00000,48.433,-2.000,-1,400.000,-1,400.000,-1,325.000,325.000,300.000,300.000,-1,-1,-1,-1,825.000,900.000,-1,-1,2,0,2,0,2,0,0,0,0,2,2,2,2,0,0,2,2
13,-8920.367,-4058.082,-97.968,-107.201,-0.295102,0.954984,0.030325,-0.955184,-0.295637,0.014901,0.023195,-0.024569,0.999429,0,0.80721,-1.00000,48.433,-2.000,-1,400.000,-1,400.000,-1,325.000,325.000,300.000,300.000,-1,-1,-1,-1,825.000,925.000,-1,-1,2,0,2,0,2,0,0,0,0,2,2,2,2,0,0,2,2
14,-8936.296,-4103.821,-96.961,-109.201,-0.328298,0.944121,0.029263,-0.944294,-0.328798,0.014200,0.023028,-0.022971,0.999471,0,0.80721,-1.00000,48.433,-2.000,-1,400.000,-1,400.000,-1,325.000,325.000,300.000,300.000,-1,-1,-1,-1,850.000,925.000,-1,-1,2,0,2,0,2,0,0,0,0,2,2,2,2,0,0,2,2
15,-8953.811,-4148.975,-95.926,-111.201,-0.361095,0.932105,0.028125,-0.932250,-0.361560,0.013546,0.022795,-0.021328,0.999513,0,0.80721,-1.00000,48.433,-2.000,-1,400.000,-1,400.000,-1,325.000,325.000,300.000,300.000,-1,-1,-1,-1,850.000,950.000,-1,-1,2,0,2,0,2,0,0,0,0,2,2,2,2,0,0,2,2
16,-8972.892,-4193.491,-94.864,-113.201,-0.393453,0.918950,0.026915,-0.919069,-0.393883,0.012946,0.022498,-0.019644,0.999554,0,0.80721,-1.00000,48.433,-2.000,-1,400.000,-1,400.000,-1,325.000,325.000,300.000,300.000,-1,-1,-1,-1,875.000,975.000,-1,-1,2,0,2,0,2,0,0,0,0,2,2,2,2,0,0,2,2
17,-8993.515,-4237.313,-93.907,-115.201,-0.425333,0.904665,0.025939,-0.904776,-0.425724,0.011798,0.021716,-0.018451,0.999594,0,0.80721,-1.00000,48.433,-2.000,-1,400.000,-1,400.000,-1,325.000,325.000,300.000,300.000,-1,-1,-1,-1,875.000,1000.000,-1,-1,2,0,2,0,2,0,0,0,0,2,2,2,2,0,0,2,2
18,-9015.654,-4280.390,-92.944,-117.201,-0.456695,0.889275,0.024891,-0.889379,-0.457047,0.010625,0.020825,-0.017286,0.999634,0,0.80721,-1.00000,48.433,-2.000,-1,400.000,-1,400.000,-1,325.000,325.000,300.000,300.000,-1,-1,-1,-1,875.000,1000.000,-1,-1,2,0,2,0,2,0,0,0,0,2,2,2,2,0,0,2,2
19,-9039.283,-4322.667,-91.968,-119.201,-0.487501,0.872799,0.023752,-0.872897,-0.487813,0.009479,0.019859,-0.016112,0.999673,0,0.80721,-1.00000,48.433,-2.000,-1,400.000,-1,425.000,-1,325.000,325.000,300.000,300.000,-1,-1,-1,-1,875.000,-1,-1,-1,2,0,2,0,2,0,0,0,0,2,2,2,2,0,2,2,2
20,-9064.374,-4364.094,-90.981,-121.201,-0.517711,0.855259,0.022523,-0.855348,-0.517986,0.008366,0.018822,-0.014934,0.999711,0,0.80721,-1.00000,48.433,-2.000,-1,400.000,-1,425.000,-1,325.000,325.000,300.000,300.000,-1,-1,-1,-1,900.000,-1,-1,-1,2,0,2,0,2,0,0,0,0,2,2,2,2,0,2,2,2
21,-9090.026,-4403.292,-90.065,-123.201,-0.547282,0.836672,0.021505,-0.836757,-0.547526,0.007352,0.017925,-0.013971,0.999742,0,0.78076,-1.00000,46.846,-2.000,-1,425.000,-1,425.000,-1,325.000,325.000,300.000,300.000,-1,-1,-1,-1,900.000,-1,-1,-1,2,0,2,0,2,0,0,0,0,2,2,2,2,0,2,2,2
22,-9117.030,-4441.571,-89.225,-125.201,-0.576174,0.817061,0.020833,-0.817145,-0.576397,0.006393,0.017232,-0.013340,0.999763,0,0.78076,-1.00000,46.846,-2.000,-1,425.000,-1,425.000,-1,325.000,325.000,300.000,300.000,-1,-1,-1,-1,900.000,-1,-1,-1,2,0,2,0,2,0,0,0,0,2,2,2,2,0,2,2,2
23,-9145.353,-4478.885,-88.690,-127.201,-0.604398,0.796465,0.018620,-0.796531,-0.604574,0.005408,0.015564,-0.011563,0.999812,0,0.78076,-1.00000,46.846,-2.000,-1,425.000,-1,425.000,-1,325.000,325.000,300.000,300.000,-1,-1,-1,-1,925.000,-1,-1,-1,2,0,2,0,2,0,0,0,0,2,2,2,2,0,2,2,2
24,-9174.962,-4515.187,-88.337,-129.201,-0.631887,0.774895,0.016045,-0.774947,-0.632013,0.004041,0.013272,-0.009881,0.999863,0,0.78076,-1.00000,46.846,-2.000,-1,425.000,-1,425.000,-1,325.000,325.000,300.000,300.000,-1,-1,-1,-1,925.000,-1,-1,-1,2,0,2,0,2,0,0,0,0,2,2,2,2,0,2,2,2
25,-9205.819,-4550.433,-88.085,-131.201,-0.658598,0.752375,0.013432,-0.752420,-0.658680,0.002332,0.010602,-0.008571,0.999907,0,0.78076,-1.00000,46.846,-2.000,-1,400.000,-1,425.000,-1,325.000,325.000,300.000,300.000,-1,-1,-1,-1,925.000,-1,-1,-1,2,0,2,0,2,0,0,0,0,2,2,2,2,0,2,2,2
26,-9237.888,-4584.582,-87.837,-133.201,-0.684498,0.728937,0.010667,-0.728972,-0.684543,0.000799,0.007885,-0.007229,0.999943,0,0.78076,-1.00000,46.846,-2.000,-1,400.000,-1,425.000,-1,325.000,325.000,300.000,300.000,-1,-1,-1,-1,925.000,-1,-1,-1,2,0,2,0,2,0,0,0,0,2,2,2,2,0,2,2,2
27,-9271.129,-4617.590,-87.594,-135.201,-0.709554,0.704609,0.007767,-0.704633,-0.709572,-0.000543,0.005129,-0.005858,0.999970,0,0.78076,-1.00000,46.846,-2.000,-1,425.000,-1,425.000,-1,325.000,325.000,300.000,300.000,-1,-1,-1,-1,925.000,-1,-1,-1,2,0,2,0,2,0,0,0,0,2,2,2,2,0,2,2,2
28,-9305.502,-4649.418,-87.485,-137.201,-0.733731,0.679419,0.005410,-0.679435,-0.733734,-0.001781,0.002760,-0.004983,0.999984,0,0.78076,-1.00000,46.846,-2.000,-1,425.000,-1,425.000,-1,325.000,350.000,300.000,300.000,-1,-1,-1,-1,925.000,-1,-1,-1,2,0,2,0,2,0,0,0,0,2,2,2,2,0,2,2,2
29,-9340.964,-4680.028,-87.461,-139.201,-0.757006,0.653401,0.002984,-0.653408,-0.757002,-0.002525,0.000609,-0.003861,0.999992,0,0.78076,-1.00000,46.846,-2.000,-1,425.000,-1,425.000,-1,350.000,350.000,300.000,300.000,-1,-1,-1,-1,925.000,-1,-1,-1,2,0,2,0,2,0,0,0,0,2,2,2,2,0,2,2,2
30,-9377.557,-4709.448,-87.482,-141.201,-0.779351,0.626587,0.000505,-0.626585,-0.779347,-0.002933,-0.001444,-0.002603,0.999996,0,0.78254,-1.00000,46.953,-2.000,-1,425.000,-1,425.000,-1,350.000,350.000,325.000,300.000,-1,-1,-1,-1,925.000,-1,-1,-1,2,0,2,0,2,0,0,0,0,2,2,2,2,0,2,2,2
31,-9415.276,-4737.664,-87.536,-143.201,-0.800741,0.599008,-0.002005,-0.599000,-0.800742,-0.003308,-0.003587,-0.001447,0.999993,0,0.78508,-1.00000,47.105,-2.000,-1,425.000,-1,425.000,-1,350.000,350.000,325.000,300.000,-1,-1,-1,-1,925.000,-1,-1,-1,2,0,2,0,2,0,0,0,0,2,2,2,2,0,2,2,2
32,-9454.089,-4764.639,-88.066,-145.201,-0.821148,0.570697,-0.004704,-0.570670,-0.821158,-0.005967,-0.007268,-0.002216,0.999971,0,0.78778,-1.00000,47.267,-2.000,-1,425.000,-1,425.000,-1,350.000,350.000,325.000,300.000,-1,-1,-1,-1,925.000,1000.000,-1,-1,2,0,2,0,2,0,0,0,0,2,2,2,2,0,0,2,2
33,-9493.966,-4790.336,-88.598,-147.201,-0.840544,0.541690,-0.007582,-0.541633,-0.840573,-0.008413,-0.010930,-0.002965,0.999936,0,0.79066,-1.00000,47.440,-2.000,-1,425.000,-1,425.000,-1,325.000,325.000,300.000,300.000,-1,-1,-1,-1,900.000,975.000,-1,-1,2,0,2,0,2,0,0,0,0,2,2,2,2,0,0,2,2
34,-9534.872,-4814.721,-89.133,-149.201,-0.858906,0.512023,-0.010622,-0.511926,-0.858964,-0.010635,-0.014570,-0.003697,0.999887,0,0.79371,-1.00000,47.623,-2.000,-1,425.000,-1,425.000,-1,325.000,325.000,300.000,300.000,-1,-1,-1,-1,900.000,975.000,-1,-1,2,0,2,0,2,0,0,0,0,2,2,2,2,0,0,2,2
35,-9576.775,-4837.756,-89.673,-151.201,-0.876210,0.481732,-0.013790,-0.481587,-0.876307,-0.012631,-0.018169,-0.004426,0.999825,0,0.79694,-1.00000,47.817,-2.000,-1,400.000,-1,425.000,-1,325.000,325.000,300.000,300.000,-1,-1,-1,-1,875.000,950.000,-1,-1,2,0,2,0,2,0,0,0,0,2,2,2,2,0,0,2,2
36,-9619.638,-4859.407,-90.409,-153.201,-0.892452,0.450853,-0.016170,-0.450648,-0.892579,-0.014807,-0.021109,-0.005927,0.999760,0,0.80035,-1.00000,48.021,-2.000,-1,400.000,-1,425.000,-1,325.000,325.000,300.000,300.000,-1,-1,-1,-1,875.000,925.000,-1,-1,2,0,2,0,2,0,0,0,0,2,2,2,2,0,1,2,2
37,-9663.426,-4879.639,-91.141,-155.201,-0.907598,0.419423,-0.018710,-0.419152,-0.907761,-0.016790,-0.024027,-0.007396,0.999684,0,0.80393,-1.00000,48.236,-2.000,-1,400.000,-1,425.000,-1,325.000,325.000,300.000,325.000,-1,-1,-1,-1,850.000,925.000,-1,-1,2,0,2,0,2,0,0,0,0,2,2,2,2,0,1,2,2
38,-9708.101,-4898.418,-91.868,-157.201,-0.921629,0.387483,-0.021397,-0.387138,-0.921835,-0.018572,-0.026921,-0.008833,0.999599,0,0.80769,-1.00000,48.461,-2.000,-1,400.000,-1,425.000,-1,325.000,325.000,300.000,325.000,-1,-1,-1,-1,850.000,900.000,-1,-1,2,0,2,0,2,0,0,0,0,2,2,2,2,0,1,2,2
39,-9753.625,-4915.710,-92.957,-159.201,-0.934538,0.355075,-0.023687,-0.354704,-0.934796,-0.018493,-0.028709,-0.008880,0.999548,0,0.81163,-1.00000,48.698,-2.000,-1,400.000,-1,425.000,1000.000,325.000,325.000,300.000,325.000,-1,-1,-1,-1,850.000,900.000,-1,-1,2,0,2,0,1,0,0,0,0,2,2,2,2,0,1,2,2
40,-9799.959,-4931.482,-94.238,-161.201,-0.946288,0.322237,-0.026518,-0.321857,-0.946624,-0.017632,-0.030784,-0.008150,0.999493,0,0.81574,-1.00000,48.944,-2.000,-1,400.000,-1,425.000,925.000,325.000,325.000,300.000,325.000,-1,-1,-1,-1,850.000,900.000,-1,-1,2,0,2,0,1,0,0,0,0,2,2,2,2,0,1,2,2
41,-9847.834,-4945.939,-95.721,-163.197,-0.956835,0.289075,-0.030028,-0.288708,-0.957283,-0.015997,-0.033370,-0.006637,0.999421,0,0.83350,-0.99797,50.010,-1.996,-1,425.000,-1,425.000,875.000,325.000,325.000,300.000,300.000,-1,-1,-1,-1,850.000,900.000,-1,-1,2,0,2,0,1,0,0,0,0,2,2,2,2,0,1,2,2
42,-9896.554,-4958.822,-97.279,-165.188,-0.966203,0.255644,-0.033145,-0.255301,-0.966757,-0.014250,-0.035686,-0.005306,0.999349,0,0.83992,-0.99551,50.395,-1.991,-1,425.000,-1,425.000,825.000,325.000,325.000,325.000,300.000,-1,-1,-1,-1,800.000,850.000,-1,-1,2,0,2,0,1,0,0,0,0,2,2,2,2,1,1,2,2
43,-9946.062,-4970.094,-99.509,-167.173,-0.974427,0.222002,-0.034747,-0.221615,-0.975024,-0.014681,-0.037139,-0.006605,0.999288,0,0.84624,-0.99249,50.774,-1.985,-1,425.000,-1,425.000,775.000,325.000,325.000,325.000,300.000,-1,-1,-1,-1,750.000,800.000,950.000,925.000,2,0,2,0,1,0,0,0,0,2,2,2,2,1,1,1,1
44,-9996.293,-4979.722,-101.883,-169.151,-0.981439,0.188218,-0.036756,-0.187759,-0.982091,-0.015592,-0.039032,-0.008402,0.999203,0,0.85241,-0.98888,51.145,-1.978,1000.000,400.000,-1,425.000,725.000,325.000,325.000,300.000,300.000,-1,-1,-1,-1,700.000,750.000,875.000,825.000,1,0,2,0,1,0,0,0,0,2,2,2,2,1,1,1,1
45,-10047.178,-4987.672,-104.254,-171.120,-0.987251,0.154356,-0.038848,-0.153826,-0.987964,-0.016290,-0.040895,-0.010107,0.999112,0,0.85838,-0.98465,51.503,-1.969,900.000,400.000,-1,425.000,675.000,325.000,325.000,300.000,300.000,-1,-1,-1,-1,650.000,700.000,775.000,750.000,1,0,2,0,1,0,0,0,0,2,2,2,2,1,1,1,1
46,-10101.447,-4994.481,-106.748,-172.849,-0.991371,0.124470,-0.041123,-0.123872,-0.992156,-0.016775,-0.042888,-0.011536,0.999013,0,0.91156,-0.86465,54.693,-1.729,800.000,400.000,-1,400.000,625.000,325.000,325.000,300.000,300.000,-1,-1,-1,-1,600.000,650.000,700.000,675.000,1,0,2,0,1,0,0,0,0,2,2,2,2,1,1,1,1
47,-10156.220,-4999.911,-109.239,-174.339,-0.994175,0.098640,-0.043442,-0.097981,-0.995042,-0.017057,-0.044909,-0.012701,0.998910,0,0.91736,-0.74465,55.042,-1.489,700.000,400.000,-1,400.000,575.000,325.000,325.000,300.000,300.000,-1,-1,-1,-1,575.000,625.000,625.000,600.000,1,0,2,1,1,0,0,0,0,2,2,2,2,1,1,1,1
48,-10211.432,-5004.171,-111.728,-175.588,-0.995985,0.076921,-0.045789,-0.076206,-0.996944,-0.017173,-0.046970,-0.013614,0.998804,0,0.92293,-0.62465,55.376,-1.249,625.000,375.000,-1,400.000,525.000,325.000,325.000,300.000,300.000,-1,-1,-1,-1,525.000,575.000,575.000,550.000,1,1,2,1,1,0,1,0,0,2,2,2,2,1,1,1,1
49,-10267.029,-5007.477,-114.219,-176.597,-0.997075,0.059348,-0.048152,-0.058582,-0.998135,-0.017158,-0.049081,-0.014287,0.998693,0,0.92825,-0.50465,55.695,-1.009,550.000,350.000,-1,375.000,475.000,325.000,325.000,300.000,300.000,-1,-1,-1,-1,500.000,550.000,500.000,500.000,1,1,2,1,1,1,1,0,0,2,2,2,2,1,1,1,1
50,-10322.976,-5009.969,-116.713,-177.450,-0.997731,0.044484,-0.050528,-0.043673,-0.998900,-0.017043,-0.051230,-0.014798,0.998577,0,0.93336,-0.42642,56.002,-0.853,475.000,350.000,-1,375.000,425.000,300.000,325.000,300.000,300.000,-1,-1,-1,-1,475.000,525.000,450.000,450.000,1,1,2,1,1,1,1,0,0,2,2,2,2,1,1,1,1
51,-10379.243,-5011.648,-119.209,-178.290,-0.998153,0.029834,-0.052916,-0.028980,-0.999438,-0.016837,-0.053389,-0.015272,0.998457,0,0.93819,-0.42002,56.292,-0.840,400.000,325.000,-1,350.000,375.000,275.000,325.000,300.000,300.000,-1,-1,-1,-1,425.000,500.000,400.000,375.000,1,1,2,1,1,1,1,0,0,2,2,2,2,1,1,1,1
52,-10435.791,-5012.521,-121.707,-179.116,-0.998350,0.015424,-0.055315,-0.014529,-0.999758,-0.016546,-0.055557,-0.015715,0.998332,0,0.94259,-0.41298,56.555,-0.826,350.000,300.000,1000.000,325.000,325.000,275.000,325.000,300.000,300.000,-1,-1,-1,-1,400.000,450.000,325.000,325.000,1,1,1,1,1,1,1,0,0,2,2,2,2,1,1,1,1
53,-10492.579,-5012.594,-124.283,-179.927,-0.998346,0.001280,-0.057485,-0.000354,-0.999870,-0.016130,-0.057498,-0.016083,0.998216,0,0.94646,-0.40525,56.788,-0.811,275.000,275.000,950.000,325.000,275.000,275.000,325.000,300.000,300.000,-1,-1,-1,-1,375.000,425.000,275.000,275.000,1,1,1,1,1,1,1,0,0,2,2,2,2,1,1,1,1
54,-10549.556,-5011.876,-122.083,-180.720,-0.999108,-0.012568,-0.040320,0.013101,-0.999830,-0.012991,-0.040150,-0.013508,0.999102,0,0.94972,-0.39677,56.983,-0.794,275.000,300.000,975.000,325.000,250.000,275.000,350.000,325.000,325.000,-1,-1,-1,-1,400.000,450.000,275.000,275.000,1,1,1,1,1,1,1,0,0,2,2,2,2,1,1,1,1
55,-10606.671,-5010.384,-119.214,-181.495,-0.999438,-0.026090,-0.021028,0.026332,-0.999590,-0.011289,-0.020725,-0.011837,0.999715,0,0.95226,-0.38748,57.136,-0.775,250.000,325.000,975.000,350.000,225.000,325.000,425.000,350.000,350.000,-1,700.000,500.000,-1,450.000,450.000,275.000,275.000,1,1,1,1,1,1,1,0,0,2,0,0,2,1,1,1,1
56,-10663.863,-5008.137,-116.225,-182.250,-0.999228,-0.039254,-0.001434,0.039268,-0.999162,-0.011582,-0.000978,-0.011629,0.999932,0,0.95395,-0.37733,57.237,-0.755,250.000,350.000,1000.000,350.000,225.000,350.000,450.000,375.000,350.000,-1,200.000,150.000,-1,475.000,450.000,275.000,250.000,1,1,1,1,1,1,1,0,0,2,0,0,2,1,1,1,1
57,-10721.066,-5005.156,-113.105,-182.982,-0.998477,-0.052023,0.018374,0.051768,-0.998560,-0.014055,0.019079,-0.013082,0.999732,0,0.95466,-0.36625,57.280,-0.732,250.000,375.000,1000.000,350.000,200.000,400.000,475.000,400.000,375.000,-1,150.000,125.000,-1,525.000,450.000,300.000,250.000,1,1,1,1,1,1,1,0,0,2,0,0,2,1,1,1,1
58,2951.679,-6231.376,77.878,142.843,-0.796230,-0.602894,0.050370,0.604743,-0.795536,0.037538,0.017439,0.060349,0.998025,1,0.00000,0.00000,57.254,-0.708,-1,400.000,-1,375.000,475.000,325.000,325.000,325.000,325.000,675.000,575.000,500.000,-1,800.000,575.000,-1,525.000,2,0,2,0,1,0,0,0,0,1,1,1,2,0,1,2,1
59,2947.866,-6228.461,77.965,142.603,-0.793702,-0.606219,0.050363,0.608064,-0.793001,0.037521,0.017192,0.060405,0.998026,0,0.08000,-0.12000,4.800,-0.240,-1,400.000,-1,375.000,450.000,325.000,325.000,325.000,325.000,700.000,600.000,500.000,-1,800.000,575.000,-1,525.000,2,0,2,0,1,0,0,0,0,1,1,1,2,0,1,2,1
60,2940.288,-6222.567,78.137,142.123,-0.788604,-0.612836,0.050354,0.614675,-0.787889,0.037490,0.016698,0.060516,0.998028,0,0.16000,-0.24000,9.600,-0.480,-1,400.000,-1,375.000,450.000,325.000,325.000,325.000,325.000,725.000,600.000,525.000,-1,800.000,550.000,-1,525.000,2,0,2,0,1,0,0,0,0,1,1,1,2,0,1,2,1
61,2929.033,-6213.583,78.384,141.403,-0.780854,-0.622683,0.050331,0.624510,-0.780119,0.037444,0.015948,0.060670,0.998030,0,0.24000,-0.36000,14.400,-0.720,-1,400.000,-1,375.000,450.000,325.000,325.000,325.000,325.000,775.000,625.000,550.000,-1,800.000,550.000,-1,500.000,2,0,2,0,1,0,0,0,0,1,1,1,2,0,1,2,1
62,2914.230,-6201.356,78.696,140.443,-0.770330,-0.635658,0.050301,0.637470,-0.769567,0.037390,0.014943,0.060868,0.998034,0,0.32000,-0.48000,19.200,-0.960,-1,400.000,-1,375.000,425.000,325.000,325.000,325.000,325.000,850.000,675.000,575.000,-1,800.000,525.000,-1,475.000,2,0,2,0,1,0,0,0,0,1,1,1,2,0,1,2,1
63,2896.014,-6185.729,79.063,139.375,-0.758360,-0.649893,0.050280,0.651689,-0.757567,0.037336,0.013826,0.061081,0.998037,0,0.40000,-0.53438,24.000,-1.069,-1,400.000,-1,375.000,400.000,325.000,325.000,325.000,325.000,975.000,675.000,600.000,-1,800.000,525.000,-1,450.000,2,0,2,0,1,0,0,0,0,1,1,1,2,0,1,2,1
64,2874.511,-6166.569,79.434,138.299,-0.746042,-0.663999,0.050262,0.665775,-0.745232,0.037060,0.012849,0.061111,0.998048,0,0.48000,-0.53783,28.800,-1.076,-1,400.000,-1,375.000,375.000,325.000,325.000,325.000,325.000,-1,700.000,650.000,-1,800.000,500.000,-1,425.000,2,0,2,0,1,0,0,0,0,2,1,1,2,0,1,2,1
65,2849.852,-6143.745,79.810,137.213,-0.733330,-0.678014,0.050243,0.679768,-0.732514,0.036603,0.011986,0.060995,0.998066,0,0.56000,-0.54319,33.600,-1.086,-1,400.000,-1,375.000,350.000,325.000,325.000,325.000,325.000,-1,700.000,700.000,-1,800.000,475.000,-1,400.000,2,0,2,1,1,0,0,0,0,2,1,1,2,0,1,2,1
66,2822.178,-6117.124,80.215,136.112,-0.720176,-0.691971,0.050230,0.693702,-0.719356,0.036116,0.011142,0.060855,0.998084,0,0.64000,-0.55053,38.400,-1.101,-1,400.000,-1,350.000,325.000,325.000,325.000,325.000,325.000,-1,725.000,750.000,-1,800.000,450.000,-1,350.000,2,0,2,1,1,0,0,0,0,2,1,1,2,0,1,2,1
67,2791.635,-6086.572,80.645,134.992,-0.706523,-0.705905,0.050227,0.707615,-0.705701,0.035604,0.010312,0.060696,0.998103,0,0.72000,-0.55996,43.200,-1.120,-1,400.000,-1,325.000,300.000,325.000,325.000,325.000,325.000,-1,750.000,800.000,-1,800.000,425.000,-1,325.000,2,0,2,1,1,0,0,0,0,2,1,1,2,0,1,2,1
68,2758.383,-6051.955,81.096,133.849,-0.692308,-0.719852,0.050236,0.721540,-0.691484,0.035073,0.009490,0.060528,0.998121,0,0.80000,-0.57159,48.000,-1.143,-1,400.000,-1,300.000,250.000,325.000,300.000,325.000,325.000,-1,775.000,875.000,-1,775.000,375.000,-1,275.000,2,0,2,1,1,0,1,0,0,2,1,1,2,1,1,2,1
69,2723.595,-6014.226,81.551,132.677,-0.677458,-0.733842,0.050259,0.735511,-0.676632,0.034541,0.008659,0.060366,0.998139,0,0.85531,-0.58560,51.319,-1.171,-1,400.000,-1,275.000,225.000,325.000,275.000,300.000,300.000,-1,825.000,925.000,-1,750.000,350.000,-1,225.000,2,0,2,1,1,0,1,1,0,2,1,1,2,1,1,2,1
70,2689.558,-5975.715,82.497,131.474,-0.661855,-0.748018,0.049164,0.749574,-0.661192,0.031033,0.009294,0.057391,0.998309,0,0.85660,-0.60151,51.396,-1.203,-1,400.000,-1,250.000,175.000,325.000,250.000,300.000,325.000,-1,850.000,950.000,-1,725.000,325.000,-1,200.000,2,0,2,1,1,1,1,1,0,2,1,1,2,1,1,2,1
71,2656.340,-5936.445,87.341,130.238,-0.645169,-0.762766,0.044106,0.763736,-0.645466,0.009036,0.021576,0.039515,0.998986,0,0.85724,-0.61790,51.434,-1.236,-1,400.000,-1,250.000,175.000,300.000,250.000,300.000,325.000,-1,425.000,575.000,-1,900.000,325.000,-1,200.000,2,1,2,1,1,1,1,1,1,2,0,0,2,0,1,2,1
72,2624.000,-5896.453,92.210,128.969,-0.627967,-0.777309,0.038055,0.777496,-0.628754,-0.012973,0.034012,0.021441,0.999191,0,0.85717,-0.63480,51.430,-1.270,-1,400.000,-1,250.000,175.000,300.000,250.000,300.000,350.000,-1,200.000,375.000,-1,1000.000,300.000,-1,175.000,2,1,2,1,1,1,1,0,1,2,0,0,2,0,1,2,1
73,2592.607,-5855.776,97.094,127.664,-0.610257,-0.791598,0.030962,0.790834,-0.611033,-0.034926,0.046566,0.003172,0.998910,0,0.85636,-0.65219,51.381,-1.304,-1,400.000,-1,225.000,175.000,300.000,225.000,275.000,350.000,925.000,125.000,300.000,-1,-1,300.000,-1,175.000,2,1,2,1,1,1,1,0,1,0,0,0,2,2,1,2,1
74,2559.632,-5811.269,102.357,126.536,-0.595043,-0.803374,0.022661,0.801410,-0.595240,-0.058571,0.060543,-0.016692,0.998026,0,0.92315,-0.56441,55.389,-1.129,-1,400.000,-1,225.000,175.000,275.000,225.000,275.000,350.000,650.000,75.000,250.000,-1,-1,300.000,-1,175.000,2,1,2,1,1,1,1,0,1,0,0,0,2,2,1,2,1
75,2527.428,-5765.915,107.553,125.375,-0.579526,-0.814839,0.013701,0.811496,-0.578533,-0.082306,0.074993,-0.036580,0.996513,0,0.92704,-0.58052,55.623,-1.161,-1,400.000,-1,225.000,175.000,275.000,200.000,250.000,325.000,475.000,50.000,225.000,-1,-1,275.000,-1,175.000,2,1,2,1,1,1,1,0,1,0,0,0,2,2,1,2,1
76,-6887.288,-6887.291,-99.210,-160.959,-0.945283,0.326198,0.005864,-0.326021,-0.945138,0.020587,0.012257,0.017549,0.999771,1,0.00000,0.00000,55.809,-1.195,975.000,400.000,-1,400.000,-1,325.000,325.000,300.000,300.000,-1,-1,-1,-1,800.000,850.000,950.000,-1,1,0,2,0,2,0,0,0,0,2,2,2,2,1,0,1,2
77,-6891.831,-6888.838,-99.157,-161.199,-0.946642,0.322236,0.005763,-0.322061,-0.946495,0.020600,0.012093,0.017645,0.999771,0,0.08000,-0.12000,4.800,-0.240,975.000,400.000,-1,400.000,-1,325.000,325.000,300.000,300.000,-1,-1,-1,-1,800.000,850.000,950.000,-1,1,0,2,0,2,0,0,0,0,2,2,2,2,1,0,1,2
78,-6900.945,-6891.855,-99.052,-161.679,-0.949309,0.314294,0.005561,-0.314123,-0.949158,0.020627,0.011762,0.017835,0.999772,0,0.16000,-0.24000,9.600,-0.480,950.000,400.000,-1,400.000,-1,325.000,325.000,300.000,300.000,-1,-1,-1,-1,800.000,850.000,950.000,-1,1,0,2,0,2,0,0,0,0,2,2,2,2,1,0,1,2
79,-6914.666,-6896.225,-98.897,-162.335,-0.952848,0.303401,0.005259,-0.303237,-0.952691,0.020670,0.011282,0.018101,0.999773,0,0.24000,-0.32813,14.400,-0.656,925.000,400.000,-1,400.000,-1,325.000,325.000,300.000,300.000,-1,-1,-1,-1,800.000,850.000,950.000,-1,1,0,2,0,2,0,0,0,0,2,2,2,2,1,0,1,2
80,-6933.026,-6901.842,-98.692,-162.988,-0.956247,0.292519,0.004858,-0.292363,-0.956083,0.020734,0.010709,0.018407,0.999773,0,0.32000,-0.32660,19.200,-0.653,900.000,400.000,-1,400.000,-1,325.000,325.000,300.000,300.000,-1,-1,-1,-1,800.000,850.000,925.000,-1,1,0,2,0,2,0,0,0,0,2,2,2,2,0,0,1,2
81,-6956.054,-6908.604,-98.439,-163.638,-0.959504,0.281663,0.004356,-0.281518,-0.959330,0.020818,0.010042,0.018749,0.999774,0,0.40000,-0.32468,24.000,-0.649,875.000,400.000,-1,400.000,-1,325.000,325.000,300.000,300.000,-1,-1,-1,-1,825.000,850.000,925.000,-1,1,0,2,0,2,0,0,0,0,2,2,2,2,1,0,1,2
82,-6983.777,-6916.405,-98.139,-164.282,-0.962614,0.270850,0.003751,-0.270717,-0.962432,0.020920,0.009276,0.019123,0.999774,0,0.48000,-0.32233,28.800,-0.645,825.000,400.000,-1,400.000,-1,325.000,325.000,300.000,300.000,-1,-1,-1,-1,825.000,850.000,900.000,-1,1,0,2,0,2,0,0,0,0,2,2,2,2,1,0,1,2
83,-7016.220,-6925.146,-97.794,-164.921,-0.965578,0.260097,0.003040,-0.259979,-0.965385,0.021040,0.008408,0.019525,0.999774,0,0.56000,-0.31951,33.600,-0.639,800.000,400.000,-1,400.000,-1,325.000,325.000,300.000,300.000,-1,-1,-1,-1,825.000,850.000,900.000,-1,1,0,2,0,2,0,0,0,0,2,2,2,2,1,0,1,2
84,-7053.406,-6934.726,-97.403,-165.554,-0.968392,0.249425,0.002222,-0.249324,-0.968189,0.021175,0.007433,0.019952,0.999773,0,0.64000,-0.31618,38.400,-0.632,775.000,400.000,-1,400.000,-1,325.000,325.000,300.000,300.000,-1,-1,-1,-1,825.000,850.000,875.000,-1,1,0,2,0,2,0,0,0,0,2,2,2,2,1,0,1,2
85,-7093.378,-6944.561,-96.990,-166.178,-0.971055,0.238854,0.001335,-0.238772,-0.970842,0.021319,0.006388,0.020383,0.999772,0,0.68608,-0.31228,41.165,-0.625,725.000,400.000,-1,400.000,-1,325.000,325.000,300.000,300.000,-1,-1,-1,-1,825.000,850.000,850.000,-1,1,0,2,0,2,0,0,0,0,2,2,2,2,1,0,1,2
86,-7133.616,-6954.003,-96.580,-166.794,-0.973567,0.228403,0.000436,-0.228341,-0.973345,0.021463,0.005326,0.020797,0.999770,0,0.68884,-0.30794,41.331,-0.616,700.000,400.000,-1,400.000,-1,325.000,325.000,300.000,300.000,-1,-1,-1,-1,825.000,850.000,850.000,-1,1,0,2,0,2,0,0,0,0,2,2,2,2,1,0,1,2
87,-7174.100,-6963.052,-96.255,-167.401,-0.975931,0.218079,-0.000338,-0.218034,-0.975694,0.021949,0.004457,0.021495,0.999759,0,0.69137,-0.30337,41.482,-0.607,675.000,400.000,-1,400.000,-1,325.000,325.000,300.000,300.000,-1,-1,-1,-1,825.000,850.000,825.000,-1,1,0,2,0,2,0,0,0,0,2,2,2,2,1,0,1,2
88,-7214.808,-6971.706,-96.100,-167.998,-0.978150,0.207893,-0.001559,-0.207874,-0.977886,0.022969,0.003250,0.022792,0.999735,0,0.69364,-0.29856,41.619,-0.597,650.000,400.000,-1,400.000,-1,325.000,325.000,300.000,300.000,-1,-1,-1,-1,825.000,825.000,825.000,-1,1,0,2,0,2,0,0,0,0,2,2,2,2,1,0,1,2
89,-7255.721,-6979.967,-95.960,-168.585,-0.980227,0.197858,-0.002752,-0.197866,-0.979935,0.024005,0.002052,0.024075,0.999708,0,0.69564,-0.29351,41.738,-0.587,625.000,400.000,-1,400.000,-1,325.000,325.000,300.000,300.000,-1,-1,-1,-1,850.000,825.000,800.000,-1,1,0,2,0,2,0,0,0,0,2,2,2,2,1,0,1,2
90,-7296.815,-6987.835,-96.087,-169.161,-0.982165,0.187988,-0.003543,-0.188019,-0.981870,0.024078,0.001048,0.024315,0.999704,0,0.69734,-0.28822,41.840,-0.576,600.000,400.000,-1,400.000,-1,325.000,325.000,300.000,300.000,-1,-1,-1,-1,850.000,825.000,800.000,-1,1,0,2,0,2,0,0,0,0,2,2,2,2,1,0,1,2
91,-7338.066,-6995.312,-96.326,-169.727,-0.983967,0.178291,-0.004583,-0.178349,-0.983682,0.023705,-0.000282,0.024142,0.999708,0,0.69872,-0.28270,41.923,-0.565,600.000,400.000,-1,400.000,-1,325.000,325.000,300.000,300.000,-1,-1,-1,-1,850.000,825.000,800.000,-1,1,0,2,0,2,0,0,0,0,2,2,2,2,1,0,1,2
92,-7379.449,-7002.400,-96.577,-170.281,-0.985639,0.168774,-0.005634,-0.168860,-0.985363,0.023345,-0.001612,0.023961,0.999712,0,0.69977,-0.27694,41.986,-0.554,575.000,400.000,-1,400.000,-1,325.000,325.000,300.000,300.000,-1,-1,-1,-1,850.000,825.000,825.000,-1,1,0,2,0,2,0,0,0,0,2,2,2,2,1,0,1,2
93,-7420.939,-7009.103,-96.840,-170.823,-0.987184,0.159448,-0.006695,-0.159561,-0.986920,0.022997,-0.002941,0.023771,0.999713,0,0.70046,-0.27095,42.028,-0.542,550.000,400.000,-1,400.000,-1,325.000,325.000,300.000,300.000,-1,-1,-1,-1,825.000,800.000,825.000,-1,1,0,2,0,2,0,0,0,0,2,2,2,2,0,0,1,2
94,-7462.508,-7015.425,-97.114,-171.352,-0.988607,0.150322,-0.007764,-0.150462,-0.988356,0.022662,-0.004267,0.023572,0.999713,0,0.70078,-0.26474,42.047,-0.529,550.000,400.000,-1,400.000,-1,325.000,325.000,300.000,300.000,-1,-1,-1,-1,825.000,800.000,850.000,-1,1,0,2,0,2,0,0,0,0,2,2,2,2,0,0,1,2
95,-7504.128,-7021.372,-97.398,-171.869,-0.989912,0.141405,-0.008840,-0.141570,-0.989676,0.022339,-0.005590,0.023366,0.999711,0,0.70072,-0.25831,42.043,-0.517,525.000,400.000,-1,400.000,-1,325.000,325.000,300.000,300.000,-1,-1,-1,-1,825.000,800.000,850.000,-1,1,0,2,0,2,0,0,0,0,2,2,2,2,0,0,1,2
96,-7545.772,-7026.949,-97.692,-172.372,-0.991106,0.132705,-0.009922,-0.132896,-0.990885,0.022029,-0.006908,0.023151,0.999708,0,0.70025,-0.25168,42.015,-0.503,525.000,400.000,-1,400.000,-1,325.000,325.000,300.000,300.000,-1,-1,-1,-1,825.000,800.000,875.000,-1,1,0,2,0,2,0,0,0,0,2,2,2,2,0,0,1,2
97,-7587.409,-7032.163,-97.995,-172.862,-0.992192,0.124232,-0.011006,-0.124447,-0.991988,0.021730,-0.008219,0.022930,0.999703,0,0.69937,-0.24486,41.962,-0.490,500.000,400.000,-1,400.000,-1,325.000,325.000,300.000,300.000,-1,-1,-1,-1,825.000,800.000,875.000,-1,1,0,2,0,2,0,0,1,0,2,2,2,2,0,0,1,2
98,-7629.010,-7037.022,-98.306,-173.337,-0.993177,0.115992,-0.012093,-0.116231,-0.992991,0.021442,-0.009521,0.022701,0.999697,0,0.69807,-0.23787,41.884,-0.476,500.000,400.000,-1,400.000,-1,325.000,325.000,300.000,300.000,-1,-1,-1,-1,825.000,775.000,900.000,-1,1,0,2,0,2,0,0,1,0,2,2,2,2,0,0,1,2
99,-7670.546,-7041.535,-98.624,-173.799,-0.994064,0.107991,-0.013181,-0.108254,-0.993898,0.021165,-0.010815,0.022466,0.999689,0,0.69635,-0.23072,41.781,-0.461,525.000,400.000,-1,400.000,-1,325.000,325.000,275.000,300.000,-1,-1,-1,-1,825.000,775.000,925.000,-1,1,0,2,0,2,0,0,1,0,2,2,2,2,0,0,1,2
100,-7711.988,-7045.711,-98.949,-174.246,-0.994861,0.100236,-0.014267,-0.100521,-0.994715,0.020898,-0.012097,0.022225,0.999680,0,0.69419,-0.22344,41.652,-0.447,525.000,400.000,-1,400.000,-1,325.000,325.000,275.000,300.000,-1,-1,-1,-1,825.000,775.000,950.000,-1,1,0,2,0,2,0,0,1,0,2,2,2,2,0,0,1,2
101,-7758.223,-7050.189,-99.321,-174.467,-0.995223,0.096388,-0.015501,-0.096697,-0.995101,0.020601,-0.013439,0.022001,0.999668,0,0.77419,-0.11083,46.452,-0.222,525.000,400.000,-1,400.000,-1,325.000,325.000,275.000,300.000,-1,-1,-1,-1,825.000,775.000,975.000,-1,1,0,2,0,2,0,0,1,0,2,2,2,2,0,0,1,2
102,-7809.254,-7054.947,-99.738,-174.674,-0.995541,0.092809,-0.016869,-0.093143,-0.995446,0.020278,-0.014911,0.021759,0.999652,0,0.85419,-0.10304,51.252,-0.206,525.000,400.000,-1,400.000,-1,325.000,325.000,275.000,300.000,-1,-1,-1,-1,800.000,775.000,-1,-1,1,0,2,0,2,0,0,1,0,2,2,2,2,0,0,2,2
103,-7862.317,-7059.718,-100.271,-174.862,-0.995819,0.089528,-0.018127,-0.089891,-0.995745,0.020308,-0.016232,0.021852,0.999629,0,0.88795,-0.09438,53.277,-0.189,525.000,400.000,-1,400.000,-1,325.000,325.000,275.000,300.000,-1,-1,-1,-1,800.000,775.000,-1,-1,1,0,2,0,2,0,0,1,0,2,2,2,2,0,0,2,2
104,-7915.137,-7064.308,-101.131,-175.033,-0.996068,0.086562,-0.018879,-0.086943,-0.996005,0.020370,-0.017040,0.021931,0.999614,0,0.88364,-0.08532,53.019,-0.171,525.000,400.000,-1,400.000,-1,325.000,325.000,275.000,300.000,-1,-1,-1,-1,800.000,750.000,-1,-1,1,0,2,0,2,0,0,1,0,2,2,2,2,0,0,2,2
105,-7967.679,-7068.729,-102.156,-175.190,-0.996291,0.083830,-0.019404,-0.084213,-0.996251,0.019814,-0.017671,0.021374,0.999615,0,0.87880,-0.07860,52.728,-0.157,525.000,400.000,-1,400.000,-1,325.000,325.000,275.000,300.000,-1,-1,-1,-1,800.000,750.000,-1,-1,1,0,2,0,2,0,0,1,0,2,2,2,2,0,0,2,2
106,-8019.914,-7072.985,-103.184,-175.342,-0.996500,0.081187,-0.019926,-0.081571,-0.996481,0.019269,-0.018292,0.020827,0.999616,0,0.87346,-0.07602,52.408,-0.152,525.000,400.000,-1,400.000,-1,325.000,325.000,250.000,300.000,-1,-1,-1,-1,800.000,750.000,-1,-1,1,0,2,0,2,0,0,1,0,2,2,2,2,0,0,2,2
107,-8071.813,-7077.079,-104.214,-175.490,-0.996695,0.078619,-0.020444,-0.079004,-0.996698,0.018736,-0.018904,0.020289,0.999615,0,0.86768,-0.07384,52.061,-0.148,525.000,400.000,-1,400.000,-1,325.000,325.000,250.000,300.000,-1,-1,-1,-1,800.000,750.000,-1,-1,1,0,2,0,2,0,0,1,0,2,2,2,2,0,0,2,2
108,-8123.354,-7081.014,-105.246,-175.634,-0.996879,0.076113,-0.020957,-0.076498,-0.996903,0.018214,-0.019506,0.019760,0.999614,0,0.86151,-0.07205,51.691,-0.144,525.000,400.000,-1,400.000,-1,325.000,325.000,250.000,300.000,-1,-1,-1,-1,800.000,750.000,-1,-1,1,0,2,0,2,0,0,1,0,2,2,2,2,0,0,2,2
109,-8174.517,-7084.793,-106.277,-175.775,-0.997053,0.073655,-0.021466,-0.074039,-0.997098,0.017702,-0.020100,0.019239,0.999613,0,0.85504,-0.07066,51.302,-0.141,525.000,400.000,-1,400.000,-1,325.000,325.000,250.000,300.000,-1,-1,-1,-1,800.000,750.000,-1,-1,1,0,2,0,2,0,0,1,0,2,2,2,2,0,0,2,2
110,-8225.289,-7088.419,-107.309,-175.915,-0.997218,0.071230,-0.021969,-0.071614,-0.997284,0.017201,-0.020684,0.018726,0.999611,0,0.84836,-0.06968,50.901,-0.139,525.000,400.000,-1,400.000,-1,325.000,325.000,250.000,300.000,-1,-1,-1,-1,775.000,750.000,-1,-1,1,0,2,0,2,0,0,1,0,2,2,2,2,0,0,2,2
111,-8275.662,-7091.895,-108.339,-176.053,-0.997376,0.068825,-0.022466,-0.069207,-0.997462,0.016709,-0.021259,0.018220,0.999608,0,0.84155,-0.06910,50.493,-0.138,550.000,400.000,-1,400.000,-1,325.000,325.000,250.000,300.000,-1,-1,-1,-1,775.000,750.000,-1,-1,1,0,2,0,2,0,0,1,0,2,2,2,2,0,0,2,2
112,-8325.633,-7095.222,-109.367,-176.191,-0.997527,0.066426,-0.022958,-0.066806,-0.997634,0.016226,-0.021826,0.017719,0.999605,0,0.83470,-0.06892,50.082,-0.138,575.000,400.000,-1,400.000,-1,325.000,325.000,250.000,300.000,-1,-1,-1,-1,775.000,750.000,-1,-1,1,0,2,0,2,0,0,1,0,2,2,2,2,0,0,2,2
113,-8375.207,-7098.402,-110.393,-176.329,-0.997673,0.064019,-0.023443,-0.064397,-0.997800,0.015751,-0.022383,0.017224,0.999601,0,0.82792,-0.06912,49.675,-0.138,625.000,400.000,-1,400.000,-1,325.000,325.000,225.000,300.000,-1,-1,-1,-1,775.000,750.000,-1,-1,1,0,2,0,2,0,0,1,0,2,2,2,2,0,0,2,2
114,-8424.389,-7101.438,-111.417,-176.468,-0.997815,0.061592,-0.023923,-0.061967,-0.997961,0.015284,-0.022932,0.016733,0.999597,0,0.82127,-0.06970,49.276,-0.139,-1,400.000,-1,400.000,-1,325.000,325.000,225.000,275.000,-1,-1,-1,-1,775.000,750.000,975.000,-1,2,0,2,0,2,0,0,1,0,2,2,2,2,0,0,1,2
115,-8473.194,-7104.329,-112.439,-176.610,-0.997952,0.059131,-0.024395,-0.059504,-0.998118,0.014825,-0.023473,0.016246,0.999592,0,0.81484,-0.07064,48.890,-0.141,-1,400.000,-1,400.000,-1,325.000,325.000,225.000,275.000,-1,-1,-1,-1,775.000,725.000,925.000,-1,2,0,2,0,2,0,0,1,0,2,2,2,2,0,0,1,2
116,-8521.637,-7107.077,-113.479,-176.753,-0.998087,0.056625,-0.024800,-0.056995,-0.998270,0.014456,-0.023938,0.015841,0.999588,0,0.80869,-0.07194,48.521,-0.144,975.000,400.000,1000.000,400.000,-1,325.000,325.000,225.000,275.000,-1,-1,-1,-1,750.000,725.000,875.000,-1,1,0,1,0,2,0,0,1,0,2,2,2,2,1,0,1,2
117,-8569.740,-7109.681,-114.591,-176.901,-0.998229,0.054062,-0.024841,-0.054423,-0.998418,0.014108,-0.024039,0.015435,0.999592,0,0.80288,-0.07357,48.173,-0.147,900.000,400.000,975.000,400.000,-1,325.000,325.000,225.000,275.000,-1,-1,-1,-1,700.000,725.000,825.000,-1,1,0,1,0,2,0,0,1,0,2,2,2,2,1,0,1,2
118,-8622.335,-7112.397,-115.813,-177.044,-0.998363,0.051568,-0.024758,-0.051919,-0.998557,0.013735,-0.024014,0.014998,0.999599,0,0.87777,-0.07155,52.666,-0.143,850.000,400.000,925.000,400.000,-1,325.000,325.000,225.000,275.000,600.000,-1,-1,-1,675.000,725.000,750.000,-1,1,0,1,0,2,0,0,1,0,1,2,2,2,1,0,1,2
119,-8674.582,-7114.969,-117.031,-177.182,-0.998486,0.049158,-0.024668,-0.049498,-0.998685,0.013365,-0.023979,0.014566,0.999606,0,0.87182,-0.06916,52.309,-0.138,775.000,400.000,875.000,400.000,-1,325.000,325.000,225.000,275.000,525.000,-1,-1,-1,625.000,725.000,700.000,-1,1,0,1,0,2,0,0,1,0,1,2,2,2,1,0,1,2
120,-8726.451,-7117.400,-118.241,-177.316,-0.998602,0.046816,-0.024559,-0.047145,-0.998804,0.012982,-0.023922,0.014121,0.999614,0,0.86544,-0.06717,51.926,-0.134,725.000,400.000,825.000,400.000,-1,325.000,325.000,225.000,275.000,475.000,-1,-1,-1,575.000,725.000,650.000,-1,1,0,1,0,2,0,0,1,0,1,2,2,2,1,0,1,2
121,-8777.922,-7119.695,-119.438,-177.448,-0.998710,0.044529,-0.024422,-0.044846,-0.998915,0.012575,-0.023836,0.013654,0.999623,0,0.85870,-0.06560,51.522,-0.131,650.000,400.000,775.000,400.000,-1,325.000,325.000,225.000,275.000,450.000,-1,-1,-1,525.000,725.000,600.000,-1,1,0,1,0,2,0,0,1,0,1,2,2,2,1,0,1,2
122,-8828.978,-7121.855,-120.629,-177.576,-0.998811,0.042283,-0.024282,-0.042587,-0.999019,0.012172,-0.023744,0.013191,0.999631,0,0.85169,-0.06444,51.102,-0.129,600.000,400.000,725.000,400.000,-1,325.000,325.000,225.000,275.000,450.000,-1,-1,-1,500.000,725.000,550.000,-1,1,0,1,1,2,0,0,1,0,1,2,2,2,1,0,1,2
123,-8879.608,-7123.886,-121.815,-177.704,-0.998906,0.040061,-0.024140,-0.040354,-0.999116,0.011772,-0.023647,0.012734,0.999639,0,0.84452,-0.06370,50.671,-0.127,550.000,375.000,675.000,375.000,-1,325.000,325.000,225.000,275.000,450.000,-1,-1,-1,450.000,725.000,475.000,-1,1,1,1,1,2,0,0,1,0,1,2,2,2,1,0,1,2
124,-8929.808,-7125.787,-122.994,-177.831,-0.998995,0.037852,-0.023994,-0.038133,-0.999208,0.011377,-0.023545,0.012280,0.999647,0,0.83727,-0.06336,50.236,-0.127,475.000,350.000,625.000,375.000,-1,300.000,300.000,225.000,275.000,450.000,-1,-1,-1,400.000,725.000,425.000,-1,1,1,1,1,2,1,1,1,0,1,2,2,2,1,0,1,2
125,-8979.580,-7127.562,-124.166,-177.957,-0.999080,0.035639,-0.023847,-0.035909,-0.999295,0.010985,-0.023439,0.011831,0.999655,0,0.83005,-0.06343,49.803,-0.127,425.000,300.000,575.000,350.000,-1,275.000,300.000,225.000,275.000,450.000,-1,-1,-1,375.000,725.000,375.000,-1,1,1,1,1,2,1,1,1,0,1,2,2,2,1,0,1,2
126,-9028.929,-7129.212,-125.331,-178.085,-0.999161,0.033411,-0.023698,-0.033669,-0.999377,0.010596,-0.023329,0.011385,0.999663,0,0.82295,-0.06389,49.377,-0.128,350.000,275.000,525.000,350.000,-1,250.000,275.000,225.000,275.000,450.000,-1,-1,-1,325.000,725.000,325.000,-1,1,1,1,1,2,1,1,1,0,1,2,2,2,1,0,1,2
127,-9077.869,-7130.737,-126.490,-178.215,-0.999237,0.031153,-0.023547,-0.031400,-0.999455,0.010211,-0.023217,0.010943,0.999671,0,0.81606,-0.06473,48.964,-0.129,300.000,250.000,475.000,325.000,-1,225.000,250.000,250.000,275.000,450.000,-1,-1,-1,300.000,725.000,275.000,1000.000,1,1,1,1,2,1,1,1,0,1,2,2,2,1,0,1,1
128,-9126.416,-7132.139,-127.642,-178.347,-0.999310,0.028853,-0.023395,-0.029089,-0.999528,0.009828,-0.023101,0.010502,0.999678,0,0.80946,-0.06593,48.567,-0.132,250.000,225.000,450.000,325.000,-1,200.000,225.000,250.000,275.000,450.000,-1,-1,-1,250.000,725.000,225.000,950.000,1,1,1,1,2,1,1,1,0,1,2,2,2,1,0,1,1
129,-9174.591,-7133.416,-128.788,-178.481,-0.999379,0.026499,-0.023243,-0.026725,-0.999598,0.009447,-0.022984,0.010062,0.999685,0,0.80320,-0.06747,48.192,-0.135,200.000,175.000,400.000,300.000,-1,175.000,225.000,250.000,275.000,450.000,-1,-1,-1,225.000,725.000,175.000,900.000,1,1,1,1,2,1,1,1,0,1,2,2,2,1,1,1,1
130,-9227.561,-7134.923,-124.237,-178.376,-0.999587,0.028319,-0.004976,-0.028462,-0.999097,0.031552,-0.004078,0.031681,0.999490,0,0.88320,0.05253,52.992,0.105,175.000,175.000,400.000,325.000,-1,175.000,225.000,275.000,275.000,475.000,575.000,475.000,-1,200.000,725.000,150.000,900.000,1,1,1,1,2,1,1,1,0,1,0,0,2,1,1,1,1
131,-9285.319,-7136.936,-115.821,-178.031,-0.999089,0.034273,0.025415,-0.032447,-0.997084,0.069072,0.027708,0.068184,0.997288,0,0.96320,0.17253,57.792,0.345,150.000,175.000,450.000,375.000,-1,175.000,225.000,350.000,250.000,525.000,275.000,150.000,725.000,200.000,725.000,150.000,925.000,1,1,1,1,2,1,1,1,0,1,0,0,0,1,1,1,1
132,-9511.017,-983.899,-134.711,-110.513,-0.350317,0.936588,0.008927,-0.936431,-0.350424,0.017315,0.019345,-0.002294,0.999810,1,0.00000,0.00000,60.000,0.585,-1,375.000,-1,400.000,550.000,325.000,325.000,325.000,325.000,-1,-1,-1,-1,725.000,750.000,-1,700.000,2,0,2,0,1,0,0,0,0,2,2,2,2,0,1,2,1
