timestep,x_cm,y_cm,z_cm,yaw_deg,basis_xx,basis_xy,basis_xz,basis_yx,basis_yy,basis_yz,basis_zx,basis_zy,basis_zz,teleport_flag,throttle_cmd,steering_cmd,cmd_move_cm,cmd_turn_deg,lidar_cm_0,lidar_cm_1,lidar_cm_2,lidar_cm_3,lidar_cm_4,lidar_cm_5,lidar_cm_6,lidar_cm_7,lidar_cm_8,lidar_cm_9,lidar_cm_10,lidar_cm_11,lidar_cm_12,lidar_cm_13,lidar_cm_14,lidar_cm_15,lidar_cm_16,lidar_class_0,lidar_class_1,lidar_class_2,lidar_class_3,lidar_class_4,lidar_class_5,lidar_class_6,lidar_class_7,lidar_class_8,lidar_class_9,lidar_class_10,lidar_class_11,lidar_class_12,lidar_class_13,lidar_class_14,lidar_class_15,lidar_class_16
0,-8197.334,-5570.982,-86.598,67.700,0.379478,-0.925027,0.017906,0.925200,0.379379,-0.008786,0.001334,0.019901,0.999801,1,0.08000,0.12000,4.800,0.240,-1,400.000,750.000,400.000,950.000,325.000,325.000,300.000,300.000,-1,-1,-1,-1,625.000,600.000,-1,750.000,2,1,1,0,1,0,0,0,0,2,2,2,2,1,1,2,1
1,-8193.765,-5562.070,-86.582,68.180,0.371719,-0.928173,0.017888,0.928344,0.371616,-0.008910,0.001622,0.019919,0.999800,0,0.16000,0.24000,9.600,0.480,-1,400.000,750.000,400.000,925.000,325.000,325.000,300.000,300.000,-1,-1,-1,-1,625.000,575.000,-1,725.000,2,1,1,0,1,0,0,0,0,2,2,2,2,1,1,2,1
2,-8188.581,-5548.635,-86.554,68.900,0.360032,-0.932769,0.017866,0.932938,0.359923,-0.009098,0.002056,0.019943,0.999799,0,0.24000,0.36000,14.400,0.720,-1,375.000,750.000,400.000,875.000,325.000,325.000,300.000,300.000,-1,-1,-1,-1,625.000,575.000,-1,700.000,2,1,1,0,1,0,0,0,0,2,2,2,2,1,1,2,1
3,-8181.971,-5530.609,-86.510,69.860,0.344361,-0.938668,0.017844,0.938833,0.344244,-0.009353,0.002637,0.019973,0.999797,0,0.32000,0.48000,19.200,0.960,-1,375.000,725.000,400.000,825.000,325.000,325.000,300.000,300.000,-1,-1,-1,-1,625.000,550.000,-1,675.000,2,1,1,0,1,0,0,0,0,2,2,2,2,1,1,2,1
4,-8174.181,-5507.908,-86.442,71.060,0.324638,-0.945670,0.017831,0.945832,0.324511,-0.009681,0.003369,0.020007,0.999794,0,0.40000,0.60000,24.000,1.200,-1,375.000,725.000,400.000,775.000,325.000,325.000,300.000,300.000,-1,-1,-1,-1,650.000,525.000,-1,625.000,2,1,1,0,1,1,0,0,0,2,2,2,2,1,1,2,1
5,-8165.455,-5480.462,-86.351,72.364,0.303045,-0.952810,0.017814,0.952967,0.302907,-0.010061,0.004190,0.020025,0.999791,0,0.48000,0.65195,28.800,1.304,-1,375.000,700.000,375.000,700.000,325.000,325.000,275.000,300.000,-1,-1,-1,-1,650.000,500.000,-1,575.000,2,1,1,1,1,1,1,0,0,2,2,2,2,1,1,2,1
6,-8156.142,-5448.179,-86.223,73.908,0.277277,-0.960625,0.017826,0.960776,0.277126,-0.010524,0.005170,0.020044,0.999786,0,0.56000,0.77195,33.600,1.544,-1,375.000,675.000,350.000,625.000,300.000,300.000,275.000,300.000,-1,-1,-1,-1,675.000,450.000,-1,525.000,2,1,1,1,1,1,1,0,0,2,2,2,2,1,1,2,1
7,-8146.504,-5411.008,-86.059,75.464,0.251111,-0.967794,0.017838,0.967938,0.250945,-0.011037,0.006205,0.020037,0.999780,0,0.64000,0.77781,38.400,1.556,-1,375.000,675.000,325.000,550.000,300.000,300.000,275.000,300.000,-1,-1,-1,-1,725.000,425.000,-1,475.000,2,1,1,1,1,1,1,0,0,2,2,2,2,0,1,2,1
8,-8136.807,-5368.910,-85.855,77.029,0.224597,-0.974288,0.017855,0.974424,0.224415,-0.011607,0.007302,0.020005,0.999773,0,0.72000,0.78265,43.200,1.565,-1,375.000,650.000,300.000,475.000,300.000,275.000,275.000,300.000,-1,-1,-1,-1,700.000,400.000,-1,425.000,2,1,1,1,1,1,1,0,0,2,2,2,2,0,1,2,1
9,-8127.324,-5321.856,-85.604,78.605,0.197733,-0.980093,0.017887,0.980219,0.197535,-0.012242,0.008465,0.019954,0.999765,0,0.80000,0.78801,48.000,1.576,-1,375.000,625.000,275.000,400.000,275.000,250.000,275.000,300.000,-1,-1,-1,-1,700.000,350.000,-1,350.000,2,1,1,1,1,1,1,0,0,2,2,2,2,0,1,2,1
10,-8118.330,-5269.828,-85.123,80.192,0.170527,-0.985176,0.018686,0.985307,0.170305,-0.012864,0.009491,0.020605,0.999743,0,0.88000,0.79373,52.800,1.587,-1,375.000,625.000,250.000,325.000,275.000,225.000,275.000,300.000,-1,-1,-1,-1,700.000,325.000,-1,300.000,2,1,1,1,1,1,1,0,0,2,2,2,2,0,1,2,1
11,-8110.107,-5212.818,-84.411,81.792,0.143000,-0.989520,0.020040,0.989663,0.142741,-0.013830,0.010825,0.021811,0.999704,0,0.96000,0.79961,57.600,1.599,-1,375.000,600.000,225.000,250.000,275.000,225.000,275.000,300.000,-1,-1,-1,-1,700.000,300.000,-1,225.000,2,0,1,1,1,1,1,0,0,2,2,2,2,0,1,2,1
12,-8103.210,-5153.215,-77.941,83.402,0.114900,-0.993376,-0.001496,0.992963,0.114896,-0.028684,0.028666,0.001810,0.999587,0,1.00000,0.80541,60.000,1.611,-1,425.000,-1,225.000,225.000,275.000,225.000,275.000,350.000,-1,425.000,500.000,-1,775.000,300.000,-1,200.000,2,0,2,1,1,1,1,0,0,2,0,0,2,0,1,2,1
13,-8098.004,-5093.440,-70.932,85.023,0.085686,-0.996028,-0.024206,0.995162,0.086733,-0.046144,0.048061,-0.020135,0.998641,0,1.00000,0.81046,60.000,1.621,-1,450.000,-1,225.000,200.000,325.000,225.000,275.000,400.000,-1,250.000,350.000,-1,875.000,300.000,-1,200.000,2,0,2,1,1,1,1,0,0,2,0,0,2,0,1,2,1
14,-8094.504,-5033.539,-64.094,86.652,0.055510,-0.997437,-0.045145,0.996218,0.058355,-0.064373,0.066842,-0.041401,0.996904,0,1.00000,0.81421,60.000,1.628,-1,500.000,-1,250.000,175.000,350.000,250.000,250.000,475.000,725.000,175.000,275.000,-1,975.000,325.000,-1,175.000,2,0,2,1,1,1,1,0,0,0,0,0,2,0,1,2,1
15,-8092.715,-4973.562,-57.523,88.285,0.024597,-0.997651,-0.063930,0.996105,0.029875,-0.082965,0.084680,-0.061640,0.994500,0,1.00000,0.81653,60.000,1.633,-1,525.000,-1,250.000,175.000,400.000,275.000,250.000,550.000,525.000,125.000,250.000,-1,-1,325.000,-1,175.000,2,0,2,1,1,1,1,0,0,0,0,0,2,2,1,2,1
16,-8092.890,-4913.559,-51.346,90.158,-0.010910,-0.996757,-0.079721,0.994800,-0.002746,-0.101810,0.101261,-0.080417,0.991604,0,1.00000,0.93653,60.000,1.873,-1,575.000,-1,275.000,150.000,450.000,300.000,225.000,500.000,400.000,75.000,225.000,-1,-1,375.000,-1,175.000,2,0,2,1,1,1,1,0,1,0,0,0,2,2,1,2,1
17,-8095.020,-4853.593,-45.707,92.024,-0.046388,-0.994653,-0.092270,0.992161,-0.035147,-0.119926,0.116042,-0.097110,0.988486,0,1.00000,0.93295,60.000,1.866,-1,600.000,-1,300.000,150.000,550.000,350.000,225.000,375.000,325.000,75.000,200.000,-1,-1,500.000,-1,175.000,2,0,2,1,1,1,1,0,1,0,0,0,2,2,1,2,1
18,-8099.028,-4793.724,-40.681,93.820,-0.080462,-0.991568,-0.101578,0.988401,-0.066203,-0.136680,0.128803,-0.111397,0.985394,0,1.00000,0.89801,60.000,1.796,-1,650.000,-1,350.000,125.000,575.000,425.000,225.000,300.000,275.000,50.000,175.000,-1,-1,700.000,-1,150.000,2,0,2,1,1,0,1,0,1,0,0,0,2,2,1,2,1
19,-8104.835,-4734.004,-36.326,95.543,-0.112831,-0.987764,-0.107668,0.983786,-0.095854,-0.151582,0.139407,-0.123026,0.982563,0,1.00000,0.86147,60.000,1.723,-1,675.000,-1,425.000,125.000,600.000,525.000,225.000,250.000,250.000,50.000,175.000,-1,-1,-1,-1,150.000,2,0,2,1,1,0,1,0,1,0,0,0,2,2,2,2,1
20,4263.559,2951.694,26.794,-161.701,-0.949223,0.313976,0.019892,-0.313809,-0.949421,0.011092,0.022369,0.004286,0.999741,1,0.00000,0.00000,60.000,1.647,-1,375.000,-1,400.000,-1,325.000,325.000,300.000,300.000,-1,-1,-1,-1,725.000,825.000,-1,-1,2,0,2,0,2,0,0,0,0,2,2,2,2,0,0,2,2
21,4258.995,2950.206,26.899,-161.941,-0.950530,0.309996,0.019859,-0.309827,-0.950727,0.011151,0.022337,0.004447,0.999741,0,0.08000,-0.12000,4.800,-0.240,-1,375.000,-1,400.000,-1,325.000,325.000,300.000,300.000,-1,-1,-1,-1,725.000,825.000,-1,-1,2,0,2,0,2,0,0,0,0,2,2,2,2,0,0,2,2
22,4249.844,2947.307,27.112,-162.421,-0.953096,0.302020,0.019788,-0.301847,-0.953290,0.011273,0.022269,0.004771,0.999741,0,0.16000,-0.24000,9.600,-0.480,-1,375.000,-1,400.000,-1,325.000,325.000,300.000,300.000,-1,-1,-1,-1,725.000,825.000,-1,-1,2,0,2,0,2,0,0,0,0,2,2,2,2,0,0,2,2
23,4236.063,2943.131,27.432,-163.141,-0.956819,0.290016,0.019676,-0.289838,-0.957007,0.011464,0.022155,0.005266,0.999741,0,0.24000,-0.36000,14.400,-0.720,-1,375.000,-1,400.000,-1,325.000,325.000,300.000,300.000,-1,-1,-1,-1,725.000,825.000,-1,-1,2,0,2,0,2,0,0,0,0,2,2,2,2,0,0,2,2
24,4217.597,2937.871,27.862,-164.101,-0.961549,0.273941,0.019516,-0.273754,-0.961728,0.011733,0.021984,0.005939,0.999741,0,0.32000,-0.48000,19.200,-0.960,-1,375.000,-1,400.000,-1,325.000,325.000,300.000,300.000,-1,-1,-1,-1,725.000,825.000,-1,-1,2,0,2,0,2,0,0,0,0,2,2,2,2,0,0,2,2
25,4194.383,2931.781,28.403,-165.301,-0.967080,0.253738,0.019300,-0.253541,-0.967249,0.012091,0.021736,0.006799,0.999741,0,0.40000,-0.60000,24.000,-1.200,-1,375.000,-1,400.000,-1,325.000,325.000,300.000,300.000,-1,-1,-1,-1,725.000,825.000,-1,-1,2,0,2,0,2,0,0,0,0,2,2,2,2,0,0,2,2
26,4166.350,2925.175,29.057,-166.741,-0.973158,0.229349,0.019018,-0.229140,-0.973312,0.012549,0.021389,0.007855,0.999740,0,0.48000,-0.72000,28.800,-1.440,-1,375.000,-1,400.000,-1,325.000,325.000,300.000,300.000,-1,-1,-1,-1,725.000,825.000,-1,-1,2,0,2,0,2,0,0,0,0,2,2,2,2,0,0,2,2
27,4133.460,2918.308,29.827,-168.207,-0.978715,0.204375,0.018643,-0.204153,-0.978851,0.013127,0.020932,0.009042,0.999740,0,0.56000,-0.73290,33.600,-1.466,-1,375.000,-1,400.000,-1,325.000,325.000,300.000,300.000,-1,-1,-1,-1,725.000,825.000,-1,-1,2,0,2,0,2,0,0,0,0,2,2,2,2,0,0,2,2
28,4095.866,2911.457,30.708,-169.672,-0.983633,0.179266,0.018172,-0.179031,-0.983746,0.013832,0.020356,0.010353,0.999739,0,0.63688,-0.73290,38.213,-1.466,-1,375.000,-1,400.000,-1,325.000,325.000,300.000,300.000,-1,-1,-1,-1,725.000,825.000,-1,-1,2,0,2,0,2,0,0,0,0,2,2,2,2,0,0,2,2
29,4058.110,2905.570,31.590,-171.138,-0.987906,0.154041,0.017679,-0.153794,-0.987995,0.014577,0.019712,0.011682,0.999737,0,0.63688,-0.73290,38.213,-1.466,-1,375.000,-1,400.000,-1,325.000,325.000,300.000,300.000,-1,-1,-1,-1,750.000,825.000,-1,-1,2,0,2,0,2,0,0,0,0,2,2,2,2,0,0,2,2
30,4020.215,2900.651,32.470,-172.604,-0.991533,0.128715,0.017165,-0.128458,-0.991596,0.015355,0.018997,0.013020,0.999735,0,0.63688,-0.73290,38.213,-1.466,-1,400.000,-1,400.000,-1,325.000,325.000,300.000,300.000,-1,-1,-1,-1,750.000,825.000,-1,-1,2,0,2,0,2,0,0,0,0,2,2,2,2,0,0,2,2
31,3982.207,2896.703,33.345,-174.070,-0.994511,0.103306,0.016631,-0.103039,-0.994546,0.016159,0.018210,0.014357,0.999731,0,0.63688,-0.73290,38.213,-1.466,-1,400.000,-1,400.000,-1,325.000,325.000,300.000,300.000,-1,-1,-1,-1,750.000,825.000,-1,-1,2,0,2,0,2,0,0,0,0,2,2,2,2,0,0,2,2
32,3944.110,2893.728,34.133,-175.536,-0.996834,0.077830,0.016243,-0.077548,-0.996839,0.017289,0.017538,0.015975,0.999719,0,0.63688,-0.73290,38.213,-1.466,-1,400.000,-1,400.000,-1,325.000,325.000,300.000,300.000,-1,-1,-1,-1,750.000,825.000,-1,-1,2,0,2,0,2,0,0,0,0,2,2,2,2,0,0,2,2
33,3905.950,2891.729,34.743,-177.001,-0.998504,0.052303,0.015958,-0.052009,-0.998479,0.018318,0.016891,0.017461,0.999705,0,0.63688,-0.73290,38.213,-1.466,-1,400.000,-1,400.000,-1,325.000,325.000,300.000,300.000,-1,-1,-1,-1,750.000,825.000,-1,-1,2,0,2,0,2,0,0,0,0,2,2,2,2,0,0,2,2
34,3867.751,2890.706,35.192,-178.467,-0.999522,0.026745,0.015512,-0.026453,-0.999475,0.018734,0.016005,0.018315,0.999704,0,0.63688,-0.73290,38.213,-1.466,-1,400.000,-1,400.000,-1,325.000,325.000,300.000,300.000,-1,-1,-1,-1,775.000,825.000,-1,-1,2,0,2,0,2,0,0,0,0,2,2,2,2,0,0,2,2
35,3829.539,2890.661,35.630,-179.933,-0.999886,0.001169,0.015035,-0.000881,-0.999816,0.019166,0.015054,0.019151,0.999703,0,0.63688,-0.73290,38.213,-1.466,-1,400.000,-1,400.000,-1,325.000,325.000,300.000,300.000,-1,-1,-1,-1,775.000,825.000,-1,-1,2,0,2,0,2,0,0,0,0,2,2,2,2,0,0,2,2
36,3791.337,2891.594,36.055,-181.399,-0.999597,-0.024407,0.014529,0.024689,-0.999503,0.019612,0.014043,0.019963,0.999702,0,0.63688,-0.73290,38.213,-1.466,-1,400.000,-1,400.000,-1,325.000,325.000,300.000,300.000,-1,-1,-1,-1,775.000,825.000,-1,-1,2,0,2,0,2,0,0,0,0,2,2,2,2,0,0,2,2
37,3753.172,2893.504,36.465,-182.865,-0.998653,-0.049965,0.013999,0.050241,-0.998535,0.020068,0.012976,0.020744,0.999701,0,0.63688,-0.73290,38.213,-1.466,-1,400.000,-1,400.000,-1,325.000,325.000,300.000,300.000,-1,-1,-1,-1,800.000,825.000,-1,-1,2,0,2,0,2,0,0,0,0,2,2,2,2,0,0,2,2
38,3715.069,2896.389,36.857,-184.330,-0.997056,-0.075490,0.013446,0.075757,-0.996915,0.020529,0.011855,0.021488,0.999699,0,0.63688,-0.73290,38.213,-1.466,-1,400.000,-1,400.000,-1,325.000,325.000,300.000,300.000,-1,-1,-1,-1,800.000,825.000,-1,-1,2,0,2,0,2,0,0,0,0,2,2,2,2,0,0,2,2
39,3677.051,2900.248,37.230,-185.796,-0.994807,-0.100966,0.012873,0.101221,-0.994643,0.020992,0.010684,0.022186,0.999697,0,0.63688,-0.73290,38.213,-1.466,-1,400.000,-1,400.000,-1,325.000,325.000,300.000,300.000,-1,-1,-1,-1,800.000,800.000,-1,-1,2,0,2,0,2,0,0,0,0,2,2,2,2,0,0,2,2
40,3639.145,2905.078,37.580,-187.262,-0.991907,-0.126374,0.012281,0.126616,-0.991720,0.021451,0.009469,0.022832,0.999694,0,0.63688,-0.73290,38.213,-1.466,-1,400.000,-1,400.000,-1,325.000,325.000,300.000,300.000,-1,-1,-1,-1,800.000,800.000,-1,-1,2,0,2,0,2,0,0,0,0,2,2,2,2,0,0,2,2
41,3601.375,2910.876,37.906,-188.728,-0.988358,-0.151699,0.011673,0.151925,-0.988149,0.021901,0.008212,0.023420,0.999692,0,0.63688,-0.73290,38.213,-1.466,-1,400.000,-1,400.000,-1,325.000,325.000,300.000,300.000,-1,-1,-1,-1,800.000,800.000,-1,-1,2,0,2,0,2,0,0,0,0,2,2,2,2,0,0,2,2
42,3559.010,2918.311,38.249,-189.954,-0.984896,-0.172801,0.010984,0.173010,-0.984665,0.022411,0.006943,0.023972,0.999689,0,0.71688,-0.61290,43.013,-1.226,-1,400.000,-1,400.000,-1,325.000,325.000,300.000,300.000,-1,-1,-1,-1,825.000,800.000,-1,-1,2,0,2,0,2,0,0,0,0,2,2,2,2,0,0,2,2
43,3513.789,2927.051,38.592,-190.939,-0.981786,-0.189714,0.010247,0.189905,-0.981535,0.022937,0.005706,0.024465,0.999684,0,0.76763,-0.49290,46.058,-0.986,-1,400.000,-1,400.000,-1,325.000,325.000,300.000,300.000,-1,-1,-1,-1,825.000,800.000,-1,-1,2,0,2,0,2,0,0,0,0,2,2,2,2,0,0,2,2
44,3468.685,2936.380,38.911,-191.685,-0.979242,-0.202472,0.009512,0.202643,-0.978972,0.023433,0.004567,0.024874,0.999680,0,0.76763,-0.37290,46.058,-0.746,-1,400.000,-1,400.000,-1,325.000,325.000,300.000,300.000,-1,-1,-1,-1,825.000,800.000,-1,-1,2,0,2,0,2,0,0,0,0,2,2,2,2,0,0,2,2
45,3423.666,2946.106,39.210,-192.191,-0.977424,-0.211104,0.008784,0.211257,-0.977138,0.023892,0.003540,0.025208,0.999676,0,0.76763,-0.25290,46.058,-0.506,-1,400.000,-1,400.000,-1,325.000,325.000,300.000,300.000,-1,-1,-1,-1,825.000,800.000,-1,-1,2,0,2,0,2,0,0,0,0,2,2,2,2,0,0,2,2
46,3378.692,2956.041,39.492,-192.457,-0.976441,-0.215633,0.008067,0.215768,-0.976142,0.024308,0.002633,0.025476,0.999672,0,0.76763,-0.13290,46.058,-0.266,-1,400.000,-1,400.000,-1,325.000,325.000,300.000,300.000,-1,-1,-1,-1,825.000,800.000,-1,-1,2,0,2,0,2,0,0,0,0,2,2,2,2,0,0,2,2
47,3333.627,2966.017,39.705,-192.483,-0.976348,-0.216073,0.007494,0.216193,-0.976045,0.024413,0.002039,0.025456,0.999674,0,0.76927,-0.01290,46.156,-0.026,-1,425.000,-1,400.000,-1,325.000,325.000,300.000,300.000,-1,-1,-1,-1,850.000,800.000,-1,-1,2,0,2,0,2,0,0,0,0,2,2,2,2,0,0,2,2
48,3288.382,2975.856,39.718,-192.268,-0.977155,-0.212427,0.006570,0.212524,-0.976867,0.023749,0.001373,0.024603,0.999696,0,0.77171,0.10710,46.302,0.214,-1,400.000,-1,400.000,-1,325.000,325.000,300.000,300.000,-1,-1,-1,-1,850.000,800.000,-1,-1,2,0,2,0,2,0,0,0,0,2,2,2,2,0,0,2,2
49,3242.923,2985.365,39.721,-191.814,-0.978813,-0.204681,0.005602,0.204756,-0.978542,0.023031,0.000768,0.023691,0.999719,0,0.77404,0.22710,46.443,0.454,-1,400.000,-1,400.000,-1,325.000,325.000,300.000,300.000,-1,-1,-1,-1,850.000,800.000,-1,-1,2,0,2,0,2,0,0,0,0,2,2,2,2,0,0,2,2
50,3197.218,2994.349,39.620,-191.120,-0.981224,-0.192812,0.004752,0.192871,-0.980960,0.022763,0.000272,0.023252,0.999730,0,0.77632,0.34710,46.579,0.694,-1,400.000,-1,400.000,-1,325.000,325.000,275.000,300.000,-1,-1,-1,-1,850.000,800.000,-1,-1,2,0,2,0,2,0,0,0,0,2,2,2,2,0,0,2,2
51,3151.239,3002.610,39.478,-190.186,-0.984241,-0.176794,0.003822,0.176835,-0.983977,0.022757,-0.000262,0.023074,0.999734,0,0.77859,0.46710,46.716,0.934,-1,400.000,-1,400.000,-1,325.000,325.000,275.000,300.000,-1,-1,-1,-1,850.000,800.000,-1,-1,2,0,2,0,2,0,0,0,0,2,2,2,2,0,0,2,2
52,3104.963,3009.949,39.356,-189.012,-0.987659,-0.156593,0.002936,0.156619,-0.987396,0.022774,-0.000667,0.022953,0.999736,0,0.78090,0.58710,46.854,1.174,-1,400.000,-1,400.000,-1,325.000,325.000,275.000,300.000,-1,-1,-1,-1,850.000,800.000,-1,-1,2,0,2,0,2,0,0,0,0,2,2,2,2,0,0,2,2
53,3058.401,3016.325,39.253,-187.797,-0.990758,-0.135628,0.002079,0.135640,-0.990496,0.022804,-0.001034,0.022875,0.999738,0,0.78329,0.60731,46.997,1.215,-1,400.000,-1,400.000,-1,325.000,325.000,275.000,300.000,-1,-1,-1,-1,850.000,800.000,-1,-1,2,0,2,0,2,0,0,0,0,2,2,2,2,0,0,2,2
54,3011.568,3021.723,39.168,-186.575,-0.993425,-0.114482,0.001243,0.114480,-0.993163,0.022846,-0.001381,0.022838,0.999738,0,0.78572,0.61075,47.143,1.222,-1,400.000,-1,400.000,-1,325.000,325.000,275.000,300.000,-1,-1,-1,-1,850.000,800.000,-1,-1,2,0,2,0,2,0,0,0,0,2,2,2,2,0,0,2,2
55,2964.483,3026.130,39.103,-185.347,-0.995651,-0.093164,0.000427,0.093149,-0.995389,0.022901,-0.001708,0.022842,0.999738,0,0.78818,0.61420,47.291,1.228,-1,400.000,-1,400.000,-1,325.000,325.000,275.000,300.000,-1,-1,-1,-1,850.000,800.000,-1,-1,2,0,2,0,2,0,0,0,0,2,2,2,2,0,0,2,2
56,2917.166,3029.532,39.058,-184.112,-0.997427,-0.071683,-0.000374,0.071655,-0.997165,0.022971,-0.002019,0.022885,0.999736,0,0.79066,0.61766,47.439,1.235,-1,400.000,-1,400.000,-1,325.000,325.000,275.000,300.000,-1,-1,-1,-1,850.000,825.000,-1,-1,2,0,2,0,2,0,0,0,0,2,2,2,2,0,0,2,2
57,2873.656,3031.901,39.031,-183.116,-0.998521,-0.054350,-0.001109,0.054311,-0.998258,0.023046,-0.002359,0.022952,0.999734,0,0.72625,0.49766,43.575,0.995,-1,400.000,-1,400.000,-1,325.000,325.000,275.000,300.000,-1,-1,-1,-1,850.000,825.000,-1,-1,2,0,2,0,2,0,0,0,0,2,2,2,2,0,0,2,2
58,2829.985,3033.701,39.015,-182.361,-0.999150,-0.041186,-0.001858,0.041132,-0.998886,0.023136,-0.002809,0.023040,0.999731,0,0.72846,0.37766,43.708,0.755,-1,400.000,-1,400.000,-1,325.000,325.000,300.000,300.000,-1,-1,-1,-1,850.000,825.000,-1,-1,2,0,2,0,2,0,0,0,0,2,2,2,2,0,0,2,2
59,2786.179,3035.113,39.008,-181.846,-0.999478,-0.032200,-0.002624,0.032131,-0.999213,0.023241,-0.003370,0.023144,0.999726,0,0.73049,0.25766,43.829,0.515,-1,400.000,-1,400.000,-1,325.000,325.000,300.000,300.000,-1,-1,-1,-1,850.000,825.000,-1,-1,2,0,2,0,2,0,0,0,0,2,2,2,2,0,0,2,2
60,2741.044,3036.350,39.005,-181.570,-0.999619,-0.027398,-0.003432,0.027311,-0.999354,0.023365,-0.004070,0.023263,0.999721,0,0.75253,0.13766,45.152,0.275,-1,400.000,-1,400.000,-1,325.000,325.000,300.000,300.000,-1,-1,-1,-1,850.000,825.000,-1,-1,2,0,2,0,2,0,0,0,0,2,2,2,2,1,0,2,2
61,2695.554,3037.569,39.002,-181.535,-0.999632,-0.026782,-0.004264,0.026674,-0.999368,0.023509,-0.004891,0.023386,0.999715,0,0.75844,0.01766,45.506,0.035,-1,425.000,-1,400.000,-1,325.000,325.000,300.000,300.000,-1,-1,-1,-1,800.000,825.000,-1,-1,2,0,2,0,2,0,0,0,0,2,2,2,2,1,1,2,2
62,2649.712,3038.962,38.996,-181.740,-0.999526,-0.030352,-0.005121,0.030222,-0.999263,0.023672,-0.005836,0.023506,0.999707,0,0.76437,-0.10234,45.862,-0.205,-1,425.000,-1,400.000,-1,350.000,325.000,300.000,300.000,-1,-1,-1,-1,775.000,775.000,975.000,975.000,2,0,2,0,2,0,0,0,0,2,2,2,2,1,1,1,1
63,2603.526,3040.724,38.636,-182.184,-0.999256,-0.038106,-0.005990,0.037959,-0.999013,0.023089,-0.006864,0.022845,0.999715,0,0.77033,-0.22234,46.220,-0.445,1000.000,425.000,-1,400.000,-1,350.000,325.000,300.000,300.000,-1,-1,-1,-1,750.000,750.000,925.000,925.000,1,0,2,0,2,0,0,0,0,2,2,2,2,1,1,1,1
64,2557.008,3043.055,37.891,-182.869,-0.998720,-0.050042,-0.007420,0.049861,-0.998496,0.022808,-0.008551,0.022408,0.999712,0,0.77628,-0.34234,46.577,-0.685,925.000,425.000,-1,400.000,-1,350.000,325.000,300.000,300.000,-1,-1,-1,-1,700.000,725.000,850.000,900.000,1,0,2,0,2,0,0,0,0,2,2,2,2,1,1,1,1
65,2510.178,3046.161,37.122,-183.794,-0.997770,-0.066150,-0.008884,0.065936,-0.997570,0.022495,-0.010350,0.021859,0.999707,0,0.78221,-0.46234,46.933,-0.925,850.000,425.000,975.000,400.000,-1,325.000,325.000,300.000,300.000,-1,-1,-1,-1,675.000,675.000,800.000,850.000,1,0,1,0,2,0,0,0,0,2,2,2,2,1,1,1,1
66,2463.070,3050.248,36.324,-184.958,-0.996205,-0.086414,-0.010383,0.086168,-0.996034,0.022159,-0.012257,0.021180,0.999701,0,0.78808,-0.58234,47.285,-1.165,800.000,425.000,925.000,400.000,975.000,325.000,325.000,275.000,300.000,-1,-1,-1,-1,625.000,650.000,750.000,800.000,1,0,1,0,1,0,0,0,0,2,2,2,2,1,1,1,1
67,2415.733,3055.527,35.494,-186.363,-0.993771,-0.110806,-0.011921,0.110529,-0.993634,0.021807,-0.014261,0.020354,0.999691,0,0.79384,-0.70234,47.630,-1.405,725.000,425.000,875.000,400.000,925.000,325.000,325.000,275.000,300.000,-1,-1,-1,-1,600.000,625.000,675.000,750.000,1,0,1,0,1,0,0,0,0,2,2,2,2,1,1,1,1
68,2368.236,3062.209,34.626,-188.008,-0.990161,-0.139282,-0.013500,0.138975,-0.990064,0.021449,-0.016353,0.019362,0.999679,0,0.79941,-0.82234,47.965,-1.645,650.000,425.000,825.000,400.000,900.000,325.000,325.000,275.000,300.000,-1,-1,-1,-1,550.000,600.000,625.000,725.000,1,0,1,0,1,0,0,0,0,2,2,2,2,1,1,1,1
69,2320.672,3070.505,33.719,-189.892,-0.985021,-0.171771,-0.015124,0.171438,-0.984969,0.021094,-0.018520,0.018185,0.999663,0,0.80469,-0.94234,48.282,-1.885,575.000,400.000,775.000,400.000,875.000,325.000,325.000,275.000,300.000,-1,-1,-1,-1,525.000,575.000,575.000,675.000,1,1,1,0,1,0,0,0,0,2,2,2,2,1,1,1,1
70,2273.131,3080.465,32.772,-191.833,-0.978611,-0.205033,-0.016778,0.204677,-0.978610,0.020755,-0.020674,0.016877,0.999644,0,0.80956,-0.97034,48.573,-1.941,525.000,375.000,725.000,400.000,850.000,325.000,325.000,275.000,300.000,-1,-1,-1,-1,475.000,525.000,500.000,650.000,1,1,1,0,1,0,0,0,0,2,2,2,2,1,1,1,1
71,2225.695,3092.082,31.787,-193.760,-0.971133,-0.237825,-0.018453,0.237450,-0.971185,0.020433,-0.022781,0.015462,0.999621,0,0.81395,-0.96338,48.837,-1.927,450.000,350.000,675.000,375.000,825.000,325.000,325.000,300.000,300.000,-1,-1,-1,-1,450.000,500.000,450.000,625.000,1,1,1,1,1,1,0,0,0,2,2,2,2,1,1,1,1
72,2178.450,3105.337,30.768,-195.671,-0.962624,-0.270091,-0.020152,0.269700,-0.962734,0.020132,-0.024838,0.013945,0.999594,0,0.81782,-0.95566,49.069,-1.911,400.000,325.000,625.000,375.000,800.000,300.000,300.000,300.000,300.000,-1,-1,-1,-1,400.000,475.000,400.000,600.000,1,1,1,1,1,1,1,0,0,2,2,2,2,1,1,1,1
73,2131.483,3120.205,29.774,-197.565,-0.953135,-0.301772,-0.021617,0.301369,-0.953297,0.020025,-0.026650,0.012572,0.999566,0,0.82106,-0.94713,49.264,-1.894,350.000,300.000,575.000,350.000,800.000,275.000,300.000,300.000,300.000,-1,-1,-1,-1,375.000,450.000,350.000,550.000,1,1,1,1,1,1,1,0,0,2,2,2,2,1,1,1,1
74,2084.887,3136.651,28.880,-199.441,-0.942724,-0.332814,-0.022512,0.332399,-0.942921,0.020288,-0.027979,0.011643,0.999541,0,0.82356,-0.93776,49.414,-1.876,300.000,275.000,525.000,325.000,800.000,250.000,275.000,300.000,300.000,-1,-1,-1,-1,350.000,425.000,300.000,525.000,1,1,1,1,1,1,1,0,0,2,2,2,2,1,1,1,1
75,2038.756,3154.633,27.854,-201.296,-0.931459,-0.363168,-0.022208,0.362781,-0.931668,0.019612,-0.027813,0.010211,0.999561,0,0.82519,-0.92751,49.512,-1.855,250.000,250.000,500.000,300.000,-1,225.000,250.000,300.000,300.000,-1,-1,-1,-1,300.000,400.000,225.000,500.000,1,1,1,1,2,1,1,0,0,2,2,2,2,1,1,1,1
76,1993.188,3174.094,30.656,-203.129,-0.919666,-0.392679,-0.004073,0.392417,-0.919348,0.028432,-0.014909,0.024549,0.999587,0,0.82583,-0.91634,49.550,-1.833,225.000,250.000,500.000,300.000,-1,225.000,250.000,325.000,275.000,-1,-1,-1,-1,300.000,400.000,225.000,525.000,1,1,1,1,2,1,1,0,0,2,2,2,2,1,1,1,1
77,1948.282,3194.967,33.411,-204.937,-0.906802,-0.421308,0.014465,0.421551,-0.906091,0.035971,-0.002049,0.038716,0.999248,0,0.82534,-0.90424,49.520,-1.808,225.000,225.000,500.000,300.000,-1,225.000,250.000,375.000,275.000,-1,650.000,650.000,-1,300.000,400.000,225.000,575.000,1,1,1,1,2,1,1,0,0,2,0,0,2,1,1,1,1
78,1904.140,3217.176,36.116,-206.720,-0.892911,-0.448999,0.033304,0.450104,-0.891976,0.042243,0.010739,0.052709,0.998552,0,0.82356,-0.89120,49.414,-1.782,225.000,225.000,500.000,275.000,-1,225.000,225.000,375.000,275.000,-1,425.000,325.000,-1,300.000,425.000,225.000,-1,1,1,1,1,2,1,1,1,0,2,0,0,2,1,1,1,2
79,1860.864,3240.632,38.616,-208.474,-0.878010,-0.475686,0.053104,0.478040,-0.877054,0.047471,0.023994,0.067066,0.997460,0,0.82038,-0.87721,49.223,-1.754,225.000,225.000,575.000,275.000,-1,200.000,225.000,350.000,250.000,-1,300.000,150.000,925.000,300.000,450.000,200.000,-1,1,1,1,1,2,1,1,1,0,2,0,0,0,1,1,1,2
80,1818.556,3265.236,41.220,-210.199,-0.862136,-0.501362,0.073190,0.505274,-0.861474,0.050613,0.037676,0.080616,0.996033,0,0.81567,-0.86232,48.940,-1.725,200.000,225.000,-1,300.000,-1,200.000,225.000,350.000,250.000,-1,250.000,100.000,650.000,300.000,500.000,200.000,-1,1,1,2,1,2,1,1,1,0,2,0,0,0,1,1,1,2
81,1777.316,3290.879,44.571,-211.892,-0.845237,-0.526130,0.093601,0.531702,-0.845533,0.048659,0.053542,0.090896,0.994420,0,0.80933,-0.84658,48.560,-1.693,200.000,225.000,-1,300.000,-1,200.000,225.000,325.000,250.000,-1,225.000,75.000,525.000,300.000,-1,200.000,-1,1,1,2,1,2,1,1,1,0,2,0,0,0,1,2,1,2
82,1733.708,3320.087,49.843,-213.825,-0.824312,-0.554117,0.116038,0.561070,-0.826950,0.036796,0.075568,0.095436,0.992563,0,0.87467,-0.96658,52.480,-1.933,200.000,225.000,-1,350.000,-1,225.000,250.000,325.000,250.000,1000.000,175.000,50.000,425.000,325.000,-1,200.000,-1,1,1,2,1,2,1,1,1,0,1,0,0,0,1,2,1,2
83,1690.860,3350.907,54.709,-215.742,-0.802112,-0.581139,0.137455,0.589347,-0.807488,0.025167,0.096368,0.101196,0.990188,0,0.87956,-0.95856,52.774,-1.917,225.000,250.000,-1,425.000,-1,225.000,275.000,300.000,275.000,925.000,150.000,50.000,375.000,325.000,-1,225.000,-1,1,1,2,1,2,1,1,1,0,1,0,0,0,1,2,1,2
84,-4919.497,9511.014,-48.509,123.093,-0.546562,-0.837245,0.017087,0.837083,-0.545650,0.039476,-0.023727,0.035879,0.999074,1,0.00000,0.00000,53.020,-1.894,-1,375.000,-1,375.000,-1,300.000,300.000,325.000,300.000,-1,375.000,400.000,-1,700.000,650.000,-1,-1,2,0,2,0,2,0,0,0,0,2,0,0,2,0,0,2,2
85,-4922.135,9515.025,-48.642,123.333,-0.550058,-0.834947,0.017279,0.834801,-0.549150,0.039259,-0.023290,0.036019,0.999080,0,0.08000,0.12000,4.800,0.240,-1,375.000,-1,375.000,-1,300.000,300.000,325.000,300.000,-1,375.000,400.000,-1,700.000,650.000,-1,-1,2,0,2,0,2,0,0,0,0,2,0,0,2,0,0,2,2
86,-4927.477,9523.001,-48.905,123.813,-0.557023,-0.830309,0.017666,0.830195,-0.556120,0.038829,-0.022416,0.036295,0.999090,0,0.16000,0.24000,9.600,0.480,-1,375.000,-1,375.000,-1,300.000,300.000,325.000,300.000,-1,375.000,375.000,-1,700.000,675.000,-1,-1,2,0,2,0,2,0,0,0,0,2,0,0,2,0,0,2,2
87,-4935.640,9534.863,-49.290,124.533,-0.567395,-0.823243,0.018251,0.823175,-0.566501,0.038196,-0.021106,0.036696,0.999104,0,0.24000,0.36000,14.400,0.720,-1,375.000,-1,375.000,-1,300.000,300.000,325.000,300.000,-1,350.000,375.000,-1,700.000,675.000,-1,-1,2,0,2,0,2,0,0,0,0,2,0,0,2,0,0,2,2
88,-4946.774,9550.505,-49.786,125.442,-0.580351,-0.814144,0.019033,0.814136,-0.579472,0.037362,-0.019389,0.037178,0.999121,0,0.32000,0.45421,19.200,0.908,-1,375.000,-1,375.000,-1,300.000,300.000,325.000,300.000,-1,350.000,375.000,-1,700.000,675.000,-1,-1,2,0,2,0,2,0,0,0,0,2,0,0,2,0,0,2,2
89,-4960.996,9569.837,-50.375,126.339,-0.593004,-0.804951,0.019999,0.805012,-0.592146,0.036314,-0.017388,0.037634,0.999140,0,0.40000,0.44888,24.000,0.898,-1,375.000,-1,375.000,-1,300.000,300.000,325.000,300.000,-1,325.000,375.000,-1,725.000,675.000,-1,-1,2,0,2,0,2,0,0,0,0,2,0,0,2,0,0,2,2
90,-4978.418,9592.770,-51.042,127.224,-0.605322,-0.795700,0.021151,0.795837,-0.604494,0.035067,-0.015117,0.038059,0.999161,0,0.48000,0.44234,28.800,0.885,-1,375.000,-1,375.000,-1,300.000,300.000,325.000,300.000,-1,325.000,350.000,-1,725.000,675.000,-1,-1,2,0,2,0,2,0,0,0,0,2,0,0,2,0,0,2,2
91,-4999.147,9619.213,-51.699,128.093,-0.617274,-0.786436,0.022146,0.786644,-0.616490,0.033643,-0.012805,0.038188,0.999189,0,0.56000,0.43451,33.600,0.869,-1,375.000,-1,375.000,-1,300.000,300.000,325.000,300.000,-1,325.000,350.000,-1,725.000,675.000,-1,-1,2,0,2,0,2,0,0,0,0,2,0,0,2,0,0,2,2
92,-5023.284,9649.079,-52.132,128.944,-0.628838,-0.777224,0.022062,0.777458,-0.628118,0.032042,-0.011046,0.037301,0.999243,0,0.64000,0.42530,38.400,0.851,-1,375.000,-1,375.000,-1,300.000,300.000,325.000,300.000,-1,325.000,375.000,-1,750.000,675.000,-1,-1,2,0,2,0,2,0,0,0,0,2,0,0,2,0,0,2,2
93,-5050.795,9682.132,-52.566,129.773,-0.639974,-0.768080,0.022046,0.768342,-0.639323,0.030264,-0.009150,0.036307,0.999299,0,0.71674,0.41460,43.004,0.829,-1,375.000,-1,375.000,-1,300.000,300.000,325.000,300.000,-1,350.000,400.000,-1,750.000,700.000,-1,-1,2,0,2,0,2,0,0,0,0,2,0,0,2,0,0,2,2
94,-5078.942,9714.998,-52.945,130.578,-0.650655,-0.759052,0.022094,0.759339,-0.650071,0.028513,-0.007280,0.035328,0.999349,0,0.72121,0.40237,43.272,0.805,-1,375.000,-1,375.000,-1,300.000,300.000,325.000,300.000,-1,350.000,400.000,-1,750.000,700.000,-1,-1,2,0,2,0,2,0,0,0,0,2,0,0,2,0,0,2,2
95,-5107.684,9747.649,-53.269,131.357,-0.660876,-0.750167,0.022201,0.750475,-0.660355,0.026796,-0.005441,0.034370,0.999394,0,0.72499,0.38960,43.499,0.779,-1,400.000,-1,375.000,-1,300.000,300.000,325.000,300.000,-1,375.000,425.000,-1,775.000,700.000,-1,-1,2,0,2,0,2,0,0,0,0,2,0,0,2,0,0,2,2
96,-5136.976,9780.056,-53.477,132.109,-0.670630,-0.741457,0.022321,0.741784,-0.670178,0.024844,-0.003462,0.033219,0.999442,0,0.72805,0.37632,43.683,0.753,-1,400.000,-1,375.000,-1,325.000,300.000,325.000,300.000,-1,375.000,450.000,-1,775.000,700.000,-1,-1,2,0,2,0,2,0,0,0,0,2,0,0,2,0,0,2,2
97,-5166.769,9812.192,-53.636,132.835,-0.679919,-0.732947,0.022307,0.733285,-0.679539,0.022802,-0.001554,0.031861,0.999491,0,0.73037,0.36259,43.822,0.725,-1,400.000,-1,375.000,-1,325.000,325.000,325.000,300.000,-1,400.000,475.000,-1,775.000,725.000,-1,-1,2,0,2,0,2,0,0,0,0,2,0,0,2,0,0,2,2
98,-5197.016,9844.031,-53.827,133.531,-0.688752,-0.724663,0.022001,0.724997,-0.688436,0.020873,0.000020,0.030327,0.999540,0,0.73192,0.34845,43.915,0.697,-1,400.000,-1,375.000,-1,325.000,325.000,325.000,300.000,-1,400.000,500.000,-1,775.000,725.000,-1,-1,2,0,2,0,2,0,0,0,0,2,0,0,2,0,0,2,2
99,-5227.664,9875.548,-53.986,134.199,-0.697126,-0.716619,0.021733,0.716947,-0.696866,0.019084,0.001469,0.028885,0.999582,0,0.73270,0.33394,43.962,0.668,-1,400.000,-1,375.000,-1,325.000,325.000,325.000,300.000,-1,425.000,500.000,-1,800.000,-1,-1,-1,2,0,2,0,2,0,0,0,0,2,0,0,2,0,2,2,2
100,-5258.660,9906.722,-54.113,134.838,-0.705042,-0.708839,0.021497,0.709160,-0.704832,0.017437,0.002792,0.027539,0.999617,0,0.73269,0.31912,43.961,0.638,-1,400.000,-1,375.000,-1,325.000,325.000,325.000,300.000,-1,450.000,525.000,-1,800.000,-1,-1,-1,2,0,2,0,2,0,0,0,0,2,0,0,2,0,2,2,2
101,-5290.973,9938.465,-54.155,135.509,-0.713288,-0.700547,0.021310,0.700860,-0.713115,0.016178,0.003863,0.026475,0.999642,0,0.75493,0.33591,45.296,0.672,-1,400.000,-1,400.000,-1,325.000,325.000,300.000,300.000,-1,475.000,575.000,-1,800.000,-1,-1,-1,2,0,2,0,2,0,0,0,0,2,0,0,2,0,2,2,2
102,-5323.715,9969.918,-54.060,136.151,-0.721082,-0.692526,0.021183,0.692835,-0.720927,0.015597,0.004471,0.025923,0.999654,0,0.75671,0.32086,45.403,0.642,-1,400.000,-1,400.000,-1,325.000,325.000,300.000,300.000,-1,500.000,625.000,-1,800.000,-1,-1,-1,2,0,2,0,2,0,0,0,0,2,0,0,2,0,2,2,2
103,-5356.835,10001.061,-53.943,136.762,-0.728418,-0.684810,0.021034,0.685115,-0.728279,0.015091,0.004984,0.025403,0.999665,0,0.75771,0.30542,45.463,0.611,-1,400.000,-1,400.000,-1,325.000,325.000,300.000,300.000,-1,550.000,650.000,-1,800.000,-1,-1,-1,2,0,2,0,2,0,0,0,0,2,0,0,2,0,2,2,2
104,-5390.278,10031.877,-53.805,137.341,-0.735301,-0.677420,0.020854,0.677719,-0.735175,0.014660,0.005401,0.024913,0.999675,0,0.75792,0.28965,45.475,0.579,-1,400.000,-1,400.000,-1,325.000,325.000,300.000,300.000,-1,600.000,700.000,-1,800.000,-1,-1,-1,2,0,2,0,2,0,0,0,0,2,0,0,2,0,2,2,2
105,-5423.987,10062.348,-53.645,137.888,-0.741735,-0.670375,0.020644,0.670668,-0.741619,0.014304,0.005721,0.024455,0.999685,0,0.75734,0.27362,45.440,0.547,-1,400.000,-1,400.000,-1,325.000,325.000,300.000,300.000,-1,650.000,750.000,-1,800.000,1000.000,-1,-1,2,0,2,0,2,0,0,0,0,2,0,0,2,0,1,2,2
106,-5457.907,10092.461,-53.464,138.403,-0.747728,-0.663692,0.020401,0.663979,-0.747620,0.014022,0.005946,0.024030,0.999694,0,0.75597,0.25738,45.358,0.515,-1,400.000,-1,400.000,-1,325.000,325.000,300.000,300.000,-1,675.000,800.000,-1,800.000,950.000,-1,-1,2,0,2,0,2,0,0,0,0,2,0,0,2,0,1,2,2
107,-5495.577,10125.580,-53.250,138.678,-0.750904,-0.660105,0.020087,0.660384,-0.750800,0.013840,0.005945,0.023658,0.999702,0,0.83597,0.13738,50.158,0.275,-1,400.000,-1,400.000,-1,325.000,325.000,300.000,300.000,-1,750.000,875.000,-1,800.000,925.000,-1,-1,2,0,2,0,2,0,0,0,0,2,0,0,2,0,1,2,2
108,-5536.873,10161.843,-53.137,138.713,-0.751317,-0.659648,0.019678,0.659920,-0.751198,0.014376,0.005299,0.023787,0.999703,0,0.91597,0.01738,54.958,0.035,-1,400.000,-1,400.000,-1,325.000,325.000,300.000,300.000,-1,825.000,950.000,-1,800.000,900.000,-1,-1,2,0,2,0,2,0,0,0,0,2,0,0,2,0,1,2,2
109,-5578.906,10199.021,-53.033,138.508,-0.748969,-0.662336,0.018899,0.662592,-0.748832,0.014929,0.004264,0.023703,0.999710,0,0.93527,-0.10262,56.116,-0.205,-1,400.000,-1,400.000,-1,325.000,325.000,300.000,300.000,-1,900.000,-1,-1,775.000,875.000,-1,-1,2,0,2,0,2,0,0,0,0,2,0,2,2,0,1,2,2
110,-5620.527,10236.416,-52.833,138.062,-0.743825,-0.668141,0.017647,0.668368,-0.743669,0.015479,0.002781,0.023308,0.999724,0,0.93255,-0.22262,55.953,-0.445,-1,400.000,-1,400.000,-1,325.000,325.000,300.000,300.000,-1,1000.000,-1,-1,775.000,850.000,-1,-1,2,0,2,1,2,0,0,0,0,2,0,2,2,0,1,2,2
111,-5661.583,10274.198,-52.765,137.377,-0.735801,-0.676999,0.016415,0.677196,-0.735638,0.015564,0.001539,0.022568,0.999744,0,0.92991,-0.34262,55.795,-0.685,-1,400.000,-1,425.000,-1,325.000,325.000,300.000,300.000,-1,-1,-1,-1,775.000,825.000,-1,-1,2,0,2,1,2,0,0,0,0,2,2,2,2,0,1,2,2
112,-5701.918,10312.540,-52.774,136.452,-0.724789,-0.688803,0.015210,0.688970,-0.724624,0.015498,0.000346,0.021712,0.999764,0,0.92751,-0.46262,55.651,-0.925,-1,400.000,-1,425.000,-1,325.000,325.000,300.000,300.000,-1,-1,-1,-1,775.000,800.000,-1,-1,2,0,2,1,2,0,0,0,0,2,2,2,2,0,0,2,2
113,-5741.377,10351.607,-52.824,135.287,-0.710647,-0.703408,0.014040,0.703548,-0.710479,0.015497,-0.000926,0.020890,0.999781,0,0.92546,-0.58262,55.528,-1.165,-1,400.000,-1,425.000,-1,325.000,325.000,300.000,300.000,-1,-1,-1,-1,750.000,800.000,-1,-1,2,0,2,1,2,0,1,0,0,2,2,2,2,0,0,2,2
114,-5779.801,10391.562,-52.917,133.881,-0.693198,-0.720632,0.012904,0.720744,-0.693026,0.015574,-0.002280,0.020097,0.999795,0,0.92388,-0.70262,55.433,-1.405,-1,400.000,-1,450.000,-1,325.000,325.000,300.000,300.000,-1,-1,-1,-1,750.000,800.000,-1,-1,2,0,2,1,2,0,1,0,0,2,2,2,2,0,0,2,2
115,-5817.021,10432.558,-53.821,132.236,-0.672273,-0.740198,0.012461,0.740279,-0.672020,0.019413,-0.005995,0.022275,0.999734,0,0.92286,-0.82262,55.371,-1.645,-1,375.000,-1,425.000,-1,325.000,325.000,300.000,300.000,-1,-1,-1,-1,750.000,775.000,-1,-1,2,0,2,1,2,0,1,0,0,2,2,2,2,0,0,2,2
116,-5852.860,10474.738,-55.968,130.351,-0.647709,-0.761760,0.013970,0.761771,-0.647181,0.029350,-0.013317,0.029653,0.999472,0,0.92249,-0.94262,55.349,-1.885,-1,375.000,-1,425.000,-1,300.000,325.000,300.000,275.000,-1,-1,-1,-1,700.000,700.000,-1,-1,2,0,2,1,2,0,1,0,1,2,2,2,2,0,0,2,2
117,-5887.217,10518.161,-57.970,128.351,-0.620922,-0.783709,0.016013,0.783615,-0.620065,0.038314,-0.020098,0.036338,0.999137,0,0.92285,-1.00000,55.371,-2.000,-1,350.000,-1,400.000,-1,300.000,300.000,325.000,325.000,-1,-1,-1,-1,675.000,650.000,-1,-1,2,0,2,1,2,0,1,0,1,2,2,2,2,0,0,2,2
118,-5920.058,10562.781,-59.839,126.351,-0.593422,-0.804679,0.018510,0.804461,-0.592194,0.046359,-0.026343,0.042401,0.998753,0,0.92337,-1.00000,55.402,-2.000,-1,350.000,-1,375.000,-1,275.000,300.000,325.000,350.000,-1,-1,-1,-1,650.000,625.000,-1,-1,2,0,2,1,2,0,1,0,1,2,2,2,2,0,1,2,2
119,-5951.326,10608.528,-61.636,124.351,-0.565231,-0.824656,0.021341,0.824312,-0.563614,0.053367,-0.031981,0.047756,0.998347,0,0.92351,-1.00000,55.410,-2.000,-1,350.000,-1,375.000,-1,275.000,275.000,325.000,400.000,-1,-1,-1,-1,625.000,600.000,-1,-1,2,0,2,1,2,0,1,0,1,2,2,2,2,0,1,2,2
120,-5980.968,10655.322,-63.488,122.351,-0.536381,-0.843609,0.024885,0.843174,-0.534355,0.059347,-0.036768,0.052815,0.997927,0,0.92320,-1.00000,55.392,-2.000,-1,325.000,-1,350.000,-1,275.000,275.000,325.000,425.000,-1,-1,-1,-1,625.000,575.000,-1,-1,2,0,2,1,2,0,1,0,1,2,2,2,2,0,1,2,2
121,-6008.936,10703.081,-65.333,120.351,-0.506906,-0.861527,0.028602,0.861015,-0.504461,0.064591,-0.041218,0.057368,0.997502,0,0.92241,-1.00000,55.344,-2.000,-1,325.000,-1,350.000,-1,275.000,250.000,325.000,450.000,-1,-1,-1,-1,600.000,575.000,-1,-1,2,0,2,1,2,0,1,0,1,2,2,2,2,0,1,2,2
122,-6035.181,10751.717,-67.191,118.351,-0.476837,-0.878400,0.032251,0.877811,-0.473974,0.069259,-0.045551,0.061336,0.997077,0,0.92108,-1.00000,55.265,-2.000,-1,325.000,-1,325.000,-1,250.000,250.000,325.000,475.000,-1,-1,-1,-1,600.000,550.000,-1,-1,2,0,2,1,2,0,0,0,1,2,2,2,2,0,1,2,2
123,-6059.663,10801.137,-69.043,116.351,-0.446216,-0.894198,0.036074,0.893544,-0.442927,0.073448,-0.049699,0.065008,0.996646,0,0.91918,-1.00000,55.151,-2.000,-1,325.000,-1,325.000,-1,250.000,250.000,325.000,500.000,-1,-1,-1,-1,575.000,550.000,-1,-1,2,0,2,1,2,0,0,0,1,2,2,2,2,0,1,2,2
124,-6082.342,10851.244,-70.915,114.351,-0.415085,-0.908899,0.040099,0.908194,-0.411354,0.077280,-0.053745,0.068495,0.996203,0,0.91664,-1.00000,54.999,-2.000,-1,300.000,-1,325.000,-1,250.000,225.000,325.000,550.000,-1,-1,-1,-1,575.000,525.000,-1,-1,2,0,2,1,2,0,0,0,1,2,2,2,2,0,1,2,2
125,-6103.186,10901.933,-72.834,112.351,-0.383490,-0.922478,0.044371,0.921736,-0.379292,0.080873,-0.057774,0.071913,0.995736,0,0.91344,-1.00000,54.806,-2.000,-1,300.000,-1,325.000,-1,250.000,225.000,325.000,575.000,-1,-1,-1,-1,550.000,525.000,-1,-1,2,0,2,1,2,0,0,0,1,2,2,2,2,0,1,2,2
126,-6122.166,10953.099,-74.721,110.351,-0.351523,-0.934884,0.049231,0.934111,-0.346767,0.084795,-0.062202,0.075794,0.995181,0,0.90952,-1.00000,54.571,-2.000,-1,300.000,-1,300.000,-1,225.000,225.000,350.000,600.000,-1,-1,-1,-1,525.000,525.000,-1,-1,2,0,2,1,2,0,0,0,1,2,2,2,2,0,1,2,2
127,-6139.262,11004.631,-76.707,108.351,-0.319204,-0.946117,0.054519,0.945330,-0.313829,0.088674,-0.066786,0.079843,0.994568,0,0.90487,-1.00000,54.292,-2.000,-1,300.000,-1,300.000,-1,225.000,225.000,350.000,600.000,-1,-1,-1,-1,500.000,550.000,1000.000,-1,2,0,2,1,2,0,0,0,1,2,2,2,2,0,1,0,2
128,-6154.457,11056.416,-78.820,106.351,-0.286594,-0.956151,0.060328,0.955372,-0.280518,0.092591,-0.071607,0.084172,0.993875,0,0.89945,-1.00000,53.967,-2.000,-1,275.000,-1,300.000,-1,225.000,200.000,350.000,625.000,-1,-1,-1,-1,500.000,550.000,875.000,-1,2,0,2,1,2,0,1,0,1,2,2,2,2,0,1,0,2
129,-6167.752,11108.339,-82.993,104.351,-0.253844,-0.964344,0.074861,0.964636,-0.246719,0.092776,-0.070999,0.095764,0.992869,0,0.89328,-1.00000,53.597,-2.000,-1,275.000,-1,300.000,-1,225.000,200.000,375.000,600.000,-1,-1,-1,-1,475.000,600.000,975.000,-1,2,0,2,1,2,0,1,0,1,2,2,2,2,0,1,0,2
130,-6179.141,11160.288,-87.283,102.351,-0.220795,-0.971188,0.089687,0.972781,-0.212655,0.092064,-0.070339,0.107573,0.991706,0,0.88636,-1.00000,53.182,-2.000,-1,275.000,-1,300.000,-1,200.000,200.000,375.000,575.000,-1,-1,-1,-1,475.000,675.000,-1,-1,2,0,2,1,2,0,1,0,1,2,2,2,2,0,1,2,2
131,-6188.628,11212.154,-91.599,100.351,-0.187553,-0.976712,0.104201,0.979717,-0.178393,0.091270,-0.070556,0.119205,0.990360,0,0.87875,-1.00000,52.725,-2.000,-1,275.000,-1,325.000,-1,200.000,200.000,400.000,575.000,-1,-1,25.000,-1,475.000,700.000,-1,-1,2,0,2,1,2,0,1,0,1,2,2,1,2,0,1,2,2
132,-6196.231,11263.830,-95.777,98.351,-0.154181,-0.980781,0.119572,0.985495,-0.143968,0.089846,-0.070905,0.131691,0.988752,0,0.87050,-1.00000,52.230,-2.000,-1,250.000,-1,325.000,-1,200.000,200.000,425.000,550.000,-1,-1,0.000,550.000,475.000,750.000,-1,-1,2,0,2,1,2,0,1,0,1,2,2,1,0,0,1,2,2
133,-6201.970,11315.217,-100.059,96.351,-0.120802,-0.983452,0.135019,0.990041,-0.109457,0.088534,-0.072290,0.144369,0.986880,0,0.86172,-1.00000,51.703,-2.000,-1,250.000,950.000,350.000,-1,200.000,200.000,450.000,550.000,-1,-1,0.000,425.000,475.000,775.000,-1,-1,2,0,0,1,2,0,1,0,1,2,2,1,1,0,1,2,2
134,-6205.872,11366.223,-104.482,94.351,-0.087516,-0.984689,0.150763,0.993359,-0.074917,0.087325,-0.074693,0.157404,0.984706,0,0.85251,-1.00000,51.151,-2.000,-1,250.000,850.000,375.000,-1,175.000,200.000,475.000,525.000,-1,-1,0.000,425.000,450.000,825.000,-1,-1,2,0,0,1,2,0,1,0,1,2,2,1,1,0,1,2,2
135,8855.085,983.897,90.098,-146.613,-0.834929,0.550267,0.009985,-0.550076,-0.834945,0.016830,0.017598,0.008559,0.999808,1,0.00000,0.00000,50.582,-2.000,-1,400.000,-1,375.000,-1,325.000,325.000,300.000,325.000,-1,625.000,775.000,-1,800.000,750.000,-1,-1,2,0,2,0,2,0,0,0,0,2,0,0,2,0,0,2,2
