timestep,x_cm,y_cm,z_cm,yaw_deg,basis_xx,basis_xy,basis_xz,basis_yx,basis_yy,basis_yz,basis_zx,basis_zy,basis_zz,teleport_flag,throttle_cmd,steering_cmd,cmd_move_cm,cmd_turn_deg,lidar_cm_0,lidar_cm_1,lidar_cm_2,lidar_cm_3,lidar_cm_4,lidar_cm_5,lidar_cm_6,lidar_cm_7,lidar_cm_8,lidar_cm_9,lidar_cm_10,lidar_cm_11,lidar_cm_12,lidar_cm_13,lidar_cm_14,lidar_cm_15,lidar_cm_16,lidar_class_0,lidar_class_1,lidar_class_2,lidar_class_3,lidar_class_4,lidar_class_5,lidar_class_6,lidar_class_7,lidar_class_8,lidar_class_9,lidar_class_10,lidar_class_11,lidar_class_12,lidar_class_13,lidar_class_14,lidar_class_15,lidar_class_16
0,6892.084,4263.365,-45.396,-2.426,0.999092,0.042296,0.005180,-0.042064,0.998362,-0.038774,-0.006811,0.038521,0.999235,1,0.08000,-0.12000,4.800,-0.240,-1,400.000,-1,375.000,-1,325.000,325.000,300.000,300.000,-1,925.000,950.000,-1,750.000,725.000,-1,-1,2,0,2,0,2,0,0,0,0,2,0,0,2,0,0,2,2
1,6901.672,4262.878,-45.466,-2.906,0.998703,0.050659,0.005025,-0.050427,0.997976,-0.038754,-0.006978,0.038451,0.999236,0,0.16000,-0.24000,9.600,-0.480,-1,400.000,-1,375.000,-1,325.000,325.000,300.000,300.000,-1,925.000,950.000,-1,750.000,725.000,-1,-1,2,0,2,0,2,0,0,0,0,2,0,0,2,0,0,2,2
2,6916.043,4261.967,-45.578,-3.626,0.997990,0.063195,0.004794,-0.062964,0.997264,-0.038720,-0.007227,0.038340,0.999239,0,0.24000,-0.36000,14.400,-0.720,-1,400.000,-1,375.000,-1,325.000,325.000,300.000,300.000,-1,925.000,950.000,-1,750.000,725.000,-1,-1,2,0,2,0,2,0,0,0,0,2,0,0,2,0,0,2,2
3,6935.182,4260.432,-45.740,-4.586,0.996793,0.079896,0.004485,-0.079664,0.996072,-0.038665,-0.007557,0.038184,0.999242,0,0.32000,-0.48000,19.200,-0.960,-1,400.000,-1,375.000,-1,325.000,325.000,300.000,300.000,-1,900.000,925.000,-1,750.000,725.000,-1,-1,2,0,2,0,2,0,0,0,0,2,0,0,2,0,0,2,2
4,6959.060,4258.012,-45.962,-5.786,0.994904,0.100739,0.004101,-0.100507,0.994188,-0.038582,-0.007964,0.037973,0.999247,0,0.40000,-0.60000,24.000,-1.200,-1,400.000,-1,400.000,-1,325.000,325.000,300.000,300.000,-1,900.000,925.000,-1,750.000,725.000,-1,-1,2,0,2,0,2,0,0,0,0,2,0,0,2,0,0,2,2
5,6987.631,4254.390,-46.256,-7.226,0.992063,0.125693,0.003642,-0.125461,0.991353,-0.038462,-0.008445,0.037700,0.999253,0,0.48000,-0.72000,28.800,-1.440,-1,400.000,-1,400.000,-1,325.000,325.000,300.000,300.000,-1,900.000,900.000,-1,750.000,725.000,-1,-1,2,0,2,0,2,0,0,0,0,2,0,0,2,0,0,2,2
6,7020.838,4249.261,-46.634,-8.780,0.988292,0.152541,0.003110,-0.152312,0.987590,-0.038298,-0.008913,0.037376,0.999262,0,0.56000,-0.77723,33.600,-1.554,-1,400.000,-1,400.000,-1,325.000,325.000,300.000,300.000,-1,875.000,875.000,-1,750.000,725.000,-1,-1,2,0,2,0,2,0,0,0,0,2,0,0,2,0,0,2,2
7,7058.615,4242.371,-47.104,-10.335,0.983795,0.179277,0.002507,-0.179054,0.983102,-0.038086,-0.009292,0.037020,0.999271,0,0.64000,-0.77723,38.400,-1.554,-1,400.000,-1,400.000,-1,325.000,325.000,300.000,300.000,-1,875.000,875.000,-1,750.000,725.000,-1,-1,2,0,2,0,2,0,0,0,0,2,0,0,2,0,0,2,2
8,7100.888,4233.471,-47.675,-11.889,0.978575,0.205883,0.001834,-0.205668,0.977891,-0.037818,-0.009580,0.036631,0.999283,0,0.72000,-0.77723,43.200,-1.554,-1,400.000,-1,400.000,-1,325.000,325.000,300.000,300.000,-1,875.000,850.000,-1,750.000,750.000,-1,-1,2,0,2,0,2,0,0,0,0,2,0,0,2,0,0,2,2
9,7147.573,4222.311,-48.329,-13.444,0.972635,0.232337,0.001156,-0.232130,0.971957,-0.037618,-0.009863,0.036321,0.999292,0,0.80000,-0.77723,48.000,-1.554,-1,400.000,-1,400.000,-1,325.000,325.000,300.000,300.000,-1,875.000,850.000,-1,750.000,750.000,-1,-1,2,0,2,0,2,0,0,0,0,2,0,0,2,0,0,2,2
10,7196.377,4209.236,-48.933,-14.998,0.965980,0.258615,0.000555,-0.258409,0.965290,-0.037959,-0.010352,0.036524,0.999279,0,0.84208,-0.77723,50.525,-1.554,-1,400.000,-1,400.000,-1,325.000,325.000,300.000,300.000,-1,900.000,875.000,-1,750.000,750.000,-1,-1,2,0,2,0,2,0,0,0,0,2,0,0,2,0,0,2,2
11,7244.809,4194.842,-49.569,-16.553,0.958616,0.284703,-0.000136,-0.284499,0.957910,-0.038314,-0.010778,0.036768,0.999266,0,0.84208,-0.77723,50.525,-1.554,-1,400.000,-1,400.000,-1,325.000,325.000,300.000,300.000,-1,925.000,875.000,-1,750.000,750.000,-1,-1,2,0,2,0,2,0,0,0,0,2,0,0,2,0,0,2,2
12,7292.832,4179.139,-50.174,-18.107,0.950546,0.310584,-0.000584,-0.310375,0.949836,-0.038461,-0.011390,0.036740,0.999260,0,0.84208,-0.77723,50.525,-1.554,-1,400.000,-1,400.000,-1,325.000,325.000,300.000,300.000,-1,950.000,925.000,-1,750.000,750.000,-1,-1,2,0,2,0,2,0,0,0,0,2,0,0,2,0,0,2,2
13,7340.411,4162.138,-50.739,-19.662,0.941776,0.336240,-0.000890,-0.336025,0.941072,-0.038350,-0.012057,0.036416,0.999264,0,0.84208,-0.77723,50.525,-1.554,-1,400.000,-1,400.000,-1,325.000,325.000,300.000,300.000,-1,1000.000,950.000,-1,775.000,750.000,-1,-1,2,0,2,0,2,0,0,0,0,2,0,0,2,0,0,2,2
14,7387.512,4143.854,-51.324,-21.216,0.932313,0.361650,-0.001253,-0.361431,0.931618,-0.038143,-0.012627,0.036015,0.999271,0,0.84208,-0.77723,50.525,-1.554,-1,400.000,-1,400.000,-1,325.000,325.000,300.000,300.000,-1,-1,1000.000,-1,775.000,750.000,-1,-1,2,0,2,0,2,0,0,0,0,2,2,0,2,0,0,2,2
15,7434.100,4124.298,-51.952,-22.770,0.922165,0.386794,-0.001616,-0.386573,0.921479,-0.037925,-0.013180,0.035598,0.999279,0,0.84208,-0.77723,50.525,-1.554,-1,400.000,-1,400.000,-1,325.000,325.000,300.000,300.000,-1,-1,-1,-1,775.000,750.000,-1,-1,2,0,2,0,2,0,0,0,0,2,2,2,2,0,0,2,2
16,7480.139,4103.486,-52.629,-24.325,0.911337,0.411655,-0.001957,-0.411431,0.910661,-0.037686,-0.013732,0.035150,0.999288,0,0.84208,-0.77723,50.525,-1.554,-1,400.000,-1,400.000,-1,325.000,325.000,300.000,300.000,-1,-1,-1,-1,775.000,750.000,-1,-1,2,0,2,0,2,0,0,0,0,2,2,2,2,0,0,2,2
17,7525.598,4081.433,-53.349,-25.879,0.899840,0.436214,-0.002290,-0.435987,0.899174,-0.037436,-0.014271,0.034685,0.999296,0,0.84208,-0.77723,50.525,-1.554,-1,400.000,-1,400.000,-1,325.000,325.000,300.000,300.000,-1,-1,-1,-1,800.000,750.000,-1,-1,2,0,2,0,2,0,0,0,0,2,2,2,2,0,0,2,2
18,7570.441,4058.155,-54.112,-27.434,0.887680,0.460453,-0.002615,-0.460223,0.887025,-0.037175,-0.014798,0.034203,0.999305,0,0.84208,-0.77723,50.525,-1.554,-1,400.000,-1,400.000,-1,325.000,325.000,300.000,300.000,-1,-1,-1,-1,800.000,750.000,-1,-1,2,0,2,0,2,0,0,0,0,2,2,2,2,0,0,2,2
19,7610.530,4036.162,-54.835,-28.748,0.876887,0.480687,-0.002902,-0.480455,0.876241,-0.036932,-0.015210,0.033779,0.999314,0,0.76208,-0.65723,45.725,-1.314,-1,400.000,-1,400.000,-1,325.000,325.000,300.000,300.000,-1,-1,-1,-1,800.000,750.000,-1,-1,2,0,2,0,2,0,0,0,0,2,2,2,2,0,0,2,2
20,7649.741,4013.686,-55.572,-29.823,0.867722,0.497040,-0.003179,-0.496809,0.867084,-0.036686,-0.015477,0.033413,0.999322,0,0.75326,-0.53723,45.196,-1.074,-1,400.000,-1,400.000,-1,325.000,325.000,300.000,300.000,-1,-1,-1,-1,800.000,775.000,-1,-1,2,0,2,0,2,0,0,0,0,2,2,2,2,0,0,2,2
21,7688.620,3990.640,-56.321,-30.657,0.860393,0.509619,-0.003449,-0.509392,0.859762,-0.036467,-0.015619,0.033133,0.999329,0,0.75326,-0.41723,45.196,-0.834,-1,400.000,-1,400.000,-1,325.000,325.000,300.000,300.000,-1,-1,-1,-1,825.000,775.000,-1,-1,2,0,2,0,2,0,0,0,0,2,2,2,2,0,0,2,2
22,7727.257,3967.193,-57.039,-31.252,0.855061,0.518515,-0.003710,-0.518291,0.854433,-0.036317,-0.015661,0.032976,0.999333,0,0.75326,-0.29723,45.196,-0.594,-1,400.000,-1,400.000,-1,325.000,325.000,300.000,300.000,-1,-1,-1,-1,825.000,775.000,-1,-1,2,0,2,0,2,0,0,0,0,2,2,2,2,0,0,2,2
23,7765.749,3943.507,-57.756,-31.606,0.851837,0.523792,-0.003973,-0.523576,0.851211,-0.036171,-0.015564,0.032892,0.999338,0,0.75326,-0.17723,45.196,-0.354,-1,400.000,-1,400.000,-1,325.000,325.000,300.000,300.000,-1,-1,-1,-1,825.000,775.000,-1,-1,2,0,2,0,2,0,0,0,0,2,2,2,2,0,0,2,2
24,7804.194,3919.744,-58.577,-31.720,0.850787,0.525498,-0.003728,-0.525277,0.850174,-0.035878,-0.015685,0.032483,0.999349,0,0.75326,-0.05723,45.196,-0.114,-1,400.000,-1,400.000,-1,325.000,325.000,300.000,300.000,-1,-1,-1,-1,825.000,775.000,-1,-1,2,0,2,0,2,0,0,0,0,2,2,2,2,0,0,2,2
25,7842.690,3896.065,-59.457,-31.595,0.851931,0.523644,-0.003158,-0.523412,0.851340,-0.035504,-0.015902,0.031900,0.999365,0,0.75326,0.06277,45.196,0.126,-1,400.000,-1,400.000,-1,325.000,325.000,300.000,300.000,-1,-1,-1,-1,850.000,775.000,-1,-1,2,0,2,0,2,0,0,0,0,2,2,2,2,0,0,2,2
26,7881.337,3872.632,-60.326,-31.229,0.855250,0.518210,-0.002596,-0.517969,0.854677,-0.035157,-0.016000,0.031413,0.999378,0,0.75326,0.18277,45.196,0.366,-1,400.000,-1,400.000,-1,325.000,325.000,300.000,300.000,-1,-1,-1,-1,850.000,775.000,-1,-1,2,0,2,0,2,0,0,0,0,2,2,2,2,0,0,2,2
27,7920.141,3849.462,-61.186,-30.842,0.858731,0.512423,-0.002035,-0.512175,0.858175,-0.034817,-0.016095,0.030941,0.999392,0,0.75326,0.19381,45.196,0.388,-1,400.000,-1,400.000,-1,325.000,325.000,300.000,300.000,-1,-1,-1,-1,850.000,775.000,-1,-1,2,0,2,0,2,0,0,0,0,2,2,2,2,0,0,2,2
28,7959.102,3826.554,-62.019,-30.454,0.862172,0.506614,-0.001387,-0.506355,0.861637,-0.034448,-0.016257,0.030402,0.999406,0,0.75326,0.19381,45.196,0.388,-1,400.000,-1,400.000,-1,325.000,325.000,300.000,300.000,-1,-1,-1,-1,850.000,775.000,-1,-1,2,0,2,0,2,0,0,0,0,2,2,2,2,0,0,2,2
29,7998.216,3803.911,-62.812,-30.067,0.865572,0.500784,-0.000602,-0.500511,0.865061,-0.034031,-0.016521,0.029758,0.999421,0,0.75326,0.19381,45.196,0.388,-1,400.000,-1,400.000,-1,325.000,325.000,300.000,300.000,-1,-1,-1,-1,850.000,775.000,-1,-1,2,0,2,0,2,0,0,0,0,2,2,2,2,0,0,2,2
30,8037.483,3781.532,-63.595,-29.679,0.868933,0.494929,0.000186,-0.494644,0.868445,-0.033618,-0.016800,0.029120,0.999435,0,0.75326,0.19381,45.196,0.388,-1,400.000,-1,400.000,-1,325.000,325.000,300.000,300.000,-1,-1,-1,-1,850.000,775.000,-1,-1,2,0,2,0,2,0,0,0,0,2,2,2,2,0,0,2,2
31,8076.900,3759.420,-64.539,-29.291,0.872259,0.489043,0.001111,-0.488727,0.871773,-0.034010,-0.017601,0.029123,0.999421,0,0.75326,0.19381,45.196,0.388,-1,400.000,-1,400.000,-1,325.000,325.000,300.000,300.000,-1,-1,-1,-1,850.000,775.000,-1,-1,2,0,2,0,2,0,0,0,0,2,2,2,2,0,0,2,2
32,8116.466,3737.575,-65.469,-28.904,0.875544,0.483134,0.002048,-0.482788,0.875062,-0.034386,-0.018405,0.029118,0.999407,0,0.75326,0.19381,45.196,0.388,-1,400.000,-1,400.000,-1,325.000,325.000,300.000,300.000,-1,-1,-1,-1,850.000,775.000,-1,-1,2,0,2,0,2,0,0,0,0,2,2,2,2,0,0,2,2
33,8156.178,3715.998,-66.384,-28.516,0.878788,0.477204,0.002995,-0.476826,0.878311,-0.034734,-0.019205,0.029096,0.999392,0,0.75326,0.19381,45.196,0.388,-1,400.000,-1,400.000,-1,325.000,325.000,300.000,300.000,-1,-1,-1,-1,850.000,775.000,-1,-1,2,0,2,0,2,0,0,0,0,2,2,2,2,0,0,2,2
34,8196.036,3694.691,-67.282,-28.128,0.881990,0.471251,0.003951,-0.470843,0.881520,-0.035053,-0.020002,0.029056,0.999378,0,0.75326,0.19381,45.196,0.388,-1,400.000,-1,400.000,-1,325.000,325.000,300.000,300.000,-1,-1,-1,-1,850.000,775.000,-1,-1,2,0,2,0,2,0,0,0,0,2,2,2,2,0,0,2,2
35,8236.037,3673.653,-68.163,-27.741,0.885151,0.465278,0.004924,-0.464839,0.884690,-0.035342,-0.020800,0.028994,0.999363,0,0.75326,0.19381,45.196,0.388,-1,400.000,-1,400.000,-1,325.000,325.000,300.000,300.000,-1,-1,-1,-1,825.000,750.000,-1,-1,2,0,2,0,2,0,0,0,0,2,2,2,2,0,0,2,2
36,8276.180,3652.887,-69.010,-27.353,0.888269,0.459284,0.005980,-0.458813,0.887821,-0.035569,-0.021645,0.028851,0.999349,0,0.75326,0.19381,45.196,0.388,-1,400.000,-1,400.000,-1,325.000,325.000,300.000,300.000,-1,-1,-1,-1,825.000,750.000,-1,-1,2,0,2,0,2,0,0,0,0,2,2,2,2,0,0,2,2
37,8316.462,3632.392,-69.846,-26.966,0.891346,0.453270,0.007026,-0.452766,0.890911,-0.035774,-0.022475,0.028706,0.999335,0,0.75326,0.19381,45.196,0.388,-1,400.000,-1,400.000,-1,325.000,325.000,300.000,300.000,-1,-1,-1,-1,825.000,750.000,-1,-1,2,0,2,0,2,0,0,0,0,2,2,2,2,0,0,2,2
38,8356.881,3612.171,-70.670,-26.578,0.894381,0.447234,0.008064,-0.446700,0.893961,-0.035959,-0.023291,0.028559,0.999321,0,0.75326,0.19381,45.196,0.388,-1,400.000,-1,400.000,-1,325.000,325.000,300.000,300.000,-1,-1,-1,-1,825.000,750.000,-1,-1,2,0,2,0,2,0,0,0,0,2,2,2,2,0,0,2,2
39,8397.437,3592.223,-71.617,-26.190,0.897372,0.441185,0.008942,-0.440641,0.896984,-0.035440,-0.023657,0.027863,0.999332,0,0.75326,0.19381,45.196,0.388,-1,400.000,-1,400.000,-1,325.000,325.000,300.000,300.000,-1,-1,-1,-1,825.000,750.000,-1,-1,2,0,2,0,2,0,0,0,0,2,2,2,2,0,0,2,2
40,8438.126,3572.550,-72.588,-25.803,0.900321,0.435117,0.009762,-0.434570,0.899969,-0.034725,-0.023895,0.027022,0.999349,0,0.75326,0.19381,45.196,0.388,-1,400.000,-1,400.000,-1,325.000,325.000,300.000,300.000,-1,-1,-1,-1,825.000,750.000,-1,-1,2,0,2,0,2,0,0,0,0,2,2,2,2,0,0,2,2
41,8478.948,3553.153,-73.666,-25.415,0.903220,0.429033,0.011117,-0.428477,0.902923,-0.033716,-0.024503,0.025689,0.999370,0,0.75326,0.19381,45.196,0.388,-1,400.000,-1,400.000,-1,325.000,325.000,300.000,300.000,-1,-1,-1,-1,825.000,750.000,-1,-1,2,0,2,0,2,0,0,0,0,2,2,2,2,0,0,2,2
42,8519.900,3534.032,-74.758,-25.028,0.906075,0.422931,0.012563,-0.422367,0.905838,-0.032619,-0.025176,0.024249,0.999389,0,0.75326,0.19381,45.196,0.388,-1,400.000,-1,400.000,-1,325.000,325.000,300.000,300.000,-1,-1,-1,-1,800.000,750.000,-1,-1,2,0,2,0,2,0,0,0,0,2,2,2,2,0,0,2,2
43,8560.980,3515.189,-75.839,-24.640,0.908887,0.416807,0.013984,-0.416241,0.908709,-0.031490,-0.025832,0.022801,0.999406,0,0.75326,0.19381,45.196,0.388,-1,400.000,-1,400.000,-1,325.000,325.000,300.000,300.000,-1,-1,-1,-1,800.000,750.000,-1,-1,2,0,2,0,2,0,0,0,0,2,2,2,2,0,0,2,2
44,8602.187,3496.624,-76.956,-24.252,0.911661,0.410662,0.015189,-0.410098,0.911534,-0.030428,-0.026341,0.021512,0.999422,0,0.75326,0.19381,45.196,0.388,-1,400.000,-1,400.000,-1,325.000,325.000,300.000,300.000,-1,-1,-1,-1,800.000,750.000,-1,-1,2,0,2,0,2,0,0,0,0,2,2,2,2,0,0,2,2
45,8643.519,3478.339,-78.161,-23.865,0.914407,0.404492,0.015683,-0.403937,0.914305,-0.029697,-0.026351,0.020820,0.999436,0,0.75326,0.19381,45.196,0.388,-1,400.000,-1,400.000,-1,325.000,325.000,300.000,300.000,-1,-1,-1,-1,800.000,750.000,-1,-1,2,0,2,0,2,0,0,0,0,2,2,2,2,0,0,2,2
46,8684.973,3460.334,-79.434,-23.477,0.917111,0.398300,0.016264,-0.397742,0.917027,-0.029379,-0.026617,0.020475,0.999436,0,0.75326,0.19381,45.196,0.388,-1,400.000,-1,400.000,-1,325.000,325.000,300.000,300.000,-1,-1,-1,-1,800.000,750.000,-1,-1,2,0,2,0,2,0,0,0,0,2,2,2,2,0,0,2,2
47,8726.549,3442.609,-80.727,-23.090,0.919772,0.392089,0.016889,-0.391523,0.919704,-0.029220,-0.026990,0.020263,0.999430,0,0.75326,0.19381,45.196,0.388,-1,400.000,-1,400.000,-1,325.000,325.000,300.000,300.000,-1,-1,-1,-1,800.000,750.000,-1,-1,2,0,2,0,2,0,0,0,0,2,2,2,2,0,0,2,2
48,8772.590,3423.121,-82.129,-22.942,0.920765,0.389721,0.017568,-0.389148,0.920718,-0.029015,-0.027483,0.019879,0.999425,0,0.83326,0.07381,49.996,0.148,-1,400.000,-1,400.000,-1,325.000,325.000,300.000,300.000,-1,-1,-1,-1,775.000,750.000,-1,-1,2,0,2,0,2,0,0,0,0,2,2,2,2,0,0,2,2
49,8822.945,3401.711,-83.636,-23.034,0.920120,0.391210,0.018285,-0.390629,0.920099,-0.028768,-0.028078,0.019327,0.999419,0,0.91196,-0.04619,54.718,-0.092,-1,400.000,-1,375.000,-1,325.000,325.000,300.000,300.000,-1,-1,-1,-1,775.000,750.000,-1,-1,2,0,2,0,2,0,0,0,0,2,2,2,2,0,0,2,2
50,8873.175,3380.009,-85.119,-23.367,0.917819,0.396546,0.018965,-0.395960,0.917825,-0.028507,-0.028711,0.018655,0.999414,0,0.91196,-0.16619,54.718,-0.332,-1,400.000,-1,375.000,-1,325.000,325.000,300.000,300.000,-1,-1,-1,-1,775.000,750.000,-1,-1,2,0,2,0,2,0,0,0,0,2,2,2,2,0,0,2,2
51,8923.186,3357.806,-86.581,-23.939,0.913796,0.405701,0.019597,-0.405111,0.913831,-0.028243,-0.029366,0.017869,0.999409,0,0.91196,-0.28619,54.718,-0.572,-1,400.000,-1,375.000,-1,325.000,325.000,300.000,300.000,-1,-1,-1,-1,775.000,750.000,-1,-1,2,0,2,0,2,0,0,0,0,2,2,2,2,0,0,2,2
52,8972.877,3334.896,-88.025,-24.752,0.907936,0.418623,0.020170,-0.418032,0.908001,-0.027984,-0.030030,0.016976,0.999405,0,0.91196,-0.40619,54.718,-0.812,-1,400.000,-1,375.000,-1,325.000,325.000,300.000,300.000,-1,-1,-1,-1,775.000,750.000,-1,-1,2,0,2,0,2,0,0,0,0,2,2,2,2,0,0,2,2
53,9022.139,3311.078,-89.454,-25.804,0.900079,0.435237,0.020676,-0.434646,0.900174,-0.027745,-0.030688,0.015985,0.999401,0,0.91196,-0.52619,54.718,-1.052,-1,400.000,-1,375.000,-1,325.000,325.000,300.000,300.000,-1,-1,-1,-1,775.000,750.000,-1,-1,2,0,2,0,2,0,0,0,0,2,2,2,2,0,0,2,2
54,9070.861,3286.174,-91.082,-27.073,0.890207,0.455076,0.020920,-0.454518,0.890340,-0.026623,-0.030742,0.014191,0.999427,0,0.91196,-0.63443,54.718,-1.269,-1,400.000,-1,375.000,-1,325.000,325.000,300.000,300.000,-1,-1,-1,-1,775.000,750.000,-1,-1,2,0,2,0,2,0,0,0,0,2,2,2,2,0,0,2,2
55,9119.020,3260.198,-92.704,-28.342,0.879900,0.474691,0.021070,-0.474170,0.880065,-0.025468,-0.030633,0.012418,0.999454,0,0.91196,-0.63443,54.718,-1.269,-1,400.000,-1,375.000,-1,325.000,325.000,300.000,300.000,-1,-1,-1,-1,775.000,750.000,-1,-1,2,0,2,0,2,0,0,0,0,2,2,2,2,0,0,2,2
56,9166.591,3233.162,-94.320,-29.611,0.869162,0.494073,0.021202,-0.493590,0.869355,-0.024310,-0.030444,0.010664,0.999480,0,0.91196,-0.63443,54.718,-1.269,-1,400.000,-1,400.000,-1,325.000,325.000,300.000,300.000,-1,-1,-1,-1,775.000,775.000,-1,-1,2,0,2,0,2,0,0,0,0,2,2,2,2,0,0,2,2
57,9213.553,3205.079,-95.933,-30.879,0.857994,0.513212,0.021429,-0.512765,0.858216,-0.023192,-0.030293,0.008911,0.999501,0,0.91196,-0.63443,54.718,-1.269,-1,400.000,-1,400.000,-1,325.000,325.000,300.000,300.000,-1,-1,-1,-1,775.000,775.000,-1,-1,2,0,2,0,2,0,0,0,0,2,2,2,2,0,0,2,2
58,9259.881,3175.963,-97.514,-32.148,0.846405,0.532097,0.021722,-0.531679,0.846651,-0.022329,-0.030272,0.007351,0.999515,0,0.91196,-0.63443,54.718,-1.269,-1,400.000,-1,400.000,-1,325.000,325.000,300.000,300.000,-1,-1,-1,-1,775.000,775.000,-1,-1,2,0,2,0,2,0,0,0,0,2,2,2,2,0,0,2,2
59,9305.553,3145.828,-99.220,-33.417,0.834413,0.550719,0.021520,-0.550327,0.834667,-0.021691,-0.029908,0.006256,0.999533,0,0.91196,-0.63443,54.718,-1.269,-1,400.000,-1,400.000,-1,325.000,325.000,300.000,300.000,-1,-1,-1,-1,800.000,775.000,-1,-1,2,0,2,0,2,0,0,0,0,2,2,2,2,0,0,2,2
60,9350.546,3114.689,-100.916,-34.686,0.822010,0.569071,0.021414,-0.568704,0.822272,-0.021064,-0.029595,0.005136,0.999549,0,0.91196,-0.63443,54.718,-1.269,-1,400.000,-1,400.000,-1,325.000,325.000,300.000,300.000,-1,-1,-1,-1,800.000,800.000,-1,-1,2,0,2,0,2,0,0,0,0,2,2,2,2,0,0,2,2
61,9394.866,3082.538,-102.611,-35.959,0.809160,0.587198,0.021409,-0.586854,0.809433,-0.020504,-0.029369,0.004027,0.999561,0,0.91256,-0.63639,54.754,-1.273,-1,400.000,-1,400.000,-1,325.000,325.000,300.000,300.000,-1,-1,-1,-1,800.000,800.000,-1,-1,2,0,2,0,2,0,0,0,0,2,2,2,2,0,0,2,2
62,9434.860,3052.410,-104.254,-36.992,0.798438,0.601693,0.021496,-0.601353,0.798720,-0.020524,-0.029519,0.003460,0.999558,0,0.83453,-0.51639,50.072,-1.033,-1,400.000,-1,400.000,-1,325.000,325.000,300.000,300.000,-1,-1,-1,-1,800.000,825.000,-1,-1,2,0,2,0,2,0,0,0,0,2,2,2,2,0,0,2,2
63,9474.436,3021.649,-105.896,-37.857,0.789253,0.613686,0.021640,-0.613347,0.789544,-0.020628,-0.029745,0.003008,0.999553,0,0.83541,-0.43260,50.125,-0.865,-1,400.000,-1,400.000,-1,325.000,325.000,300.000,300.000,-1,-1,-1,-1,825.000,825.000,-1,-1,2,0,2,0,2,0,0,0,0,2,2,2,2,0,0,2,2
64,9513.578,2990.258,-107.534,-38.728,0.779821,0.625621,0.021845,-0.625280,0.780123,-0.020803,-0.030057,0.002563,0.999545,0,0.83624,-0.43559,50.174,-0.871,-1,400.000,-1,400.000,-1,325.000,325.000,300.000,300.000,-1,-1,-1,-1,825.000,825.000,-1,-1,2,0,2,0,2,0,0,0,0,2,2,2,2,0,0,2,2
65,9552.271,2958.243,-109.166,-39.605,0.770141,0.637490,0.022110,-0.637146,0.770456,-0.021052,-0.030456,0.002125,0.999534,0,0.83701,-0.43856,50.221,-0.877,-1,400.000,-1,400.000,-1,325.000,325.000,300.000,300.000,-1,-1,-1,-1,825.000,825.000,-1,-1,2,0,2,0,2,0,0,0,0,2,2,2,2,0,0,2,2
66,9590.500,2925.607,-110.824,-40.488,0.760206,0.649289,0.022596,-0.648939,0.760540,-0.021376,-0.031065,0.001587,0.999516,0,0.83775,-0.44152,50.265,-0.883,-1,400.000,-1,400.000,-1,325.000,325.000,300.000,300.000,-1,-1,-1,-1,825.000,825.000,-1,-1,2,0,2,0,2,0,0,0,0,2,2,2,2,0,0,2,2
67,9628.248,2892.354,-112.494,-41.377,0.750023,0.661008,0.023111,-0.660649,0.750378,-0.021818,-0.031764,0.001096,0.999495,0,0.83843,-0.44439,50.306,-0.889,-1,400.000,-1,400.000,-1,325.000,325.000,300.000,300.000,-1,-1,-1,-1,825.000,825.000,-1,-1,2,0,2,0,2,0,0,0,0,2,2,2,2,0,0,2,2
68,9665.501,2858.491,-114.179,-42.271,0.739591,0.672640,0.023671,-0.672272,0.739970,-0.022260,-0.032489,0.000550,0.999472,0,0.83906,-0.44716,50.344,-0.894,-1,400.000,-1,400.000,-1,325.000,325.000,300.000,300.000,-1,-1,-1,-1,825.000,825.000,-1,-1,2,0,2,0,2,0,0,0,0,2,2,2,2,0,0,2,2
69,9702.243,2824.023,-115.878,-43.171,0.728912,0.684177,0.024275,-0.683800,0.729316,-0.022703,-0.033237,-0.000051,0.999447,0,0.83965,-0.44989,50.379,-0.900,-1,400.000,-1,400.000,-1,325.000,325.000,300.000,300.000,-1,-1,-1,-1,825.000,850.000,-1,-1,2,0,2,0,2,0,0,0,0,2,2,2,2,0,0,2,2
70,9738.459,2788.956,-117.592,-44.076,0.717985,0.695612,0.024925,-0.695227,0.718417,-0.023150,-0.034010,-0.000707,0.999421,0,0.84018,-0.45255,50.411,-0.905,-1,400.000,-1,400.000,-1,325.000,325.000,300.000,300.000,-1,-1,-1,-1,825.000,850.000,-1,-1,2,0,2,0,2,0,0,0,0,2,2,2,2,0,0,2,2
71,9774.134,2753.298,-119.367,-44.986,0.706802,0.706938,0.025874,-0.706546,0.707274,-0.023574,-0.034966,-0.001619,0.999387,0,0.84067,-0.45516,50.440,-0.910,-1,400.000,-1,400.000,-1,325.000,325.000,300.000,300.000,-1,-1,-1,-1,825.000,850.000,-1,-1,2,0,2,0,2,0,0,0,0,2,2,2,2,0,0,2,2
72,9809.253,2717.056,-121.169,-45.902,0.695371,0.718146,0.026945,-0.717749,0.695888,-0.024006,-0.035990,-0.002647,0.999349,0,0.84110,-0.45771,50.466,-0.915,-1,400.000,-1,400.000,-1,325.000,325.000,300.000,300.000,-1,-1,-1,-1,825.000,825.000,-1,-1,2,0,2,0,2,0,0,0,0,2,2,2,2,0,0,2,2
73,9843.801,2680.238,-123.082,-46.822,0.683696,0.729230,0.028005,-0.728812,0.684261,-0.024917,-0.037333,-0.003375,0.999297,0,0.84148,-0.46020,50.489,-0.920,-1,400.000,-1,400.000,-1,325.000,325.000,300.000,300.000,-1,-1,-1,-1,825.000,825.000,-1,-1,2,0,2,0,2,0,0,0,0,2,2,2,2,0,0,2,2
74,9877.763,2642.852,-125.090,-47.747,0.671778,0.740183,0.029045,-0.739728,0.672395,-0.026228,-0.038943,-0.003866,0.999234,0,0.84181,-0.46263,50.508,-0.925,-1,400.000,-1,400.000,-1,325.000,325.000,300.000,300.000,-1,-1,-1,-1,800.000,825.000,-1,-1,2,0,2,0,2,0,0,0,0,2,2,2,2,0,0,2,2
75,9911.125,2604.908,-127.121,-48.677,0.659622,0.750997,0.030037,-0.750505,0.660291,-0.027539,-0.040515,-0.004378,0.999169,0,0.84208,-0.46499,50.525,-0.930,-1,400.000,-1,400.000,-1,325.000,325.000,300.000,300.000,-1,-1,-1,-1,800.000,825.000,-1,-1,2,0,2,0,2,0,0,0,0,2,2,2,2,0,0,2,2
76,9943.872,2566.414,-129.266,-49.612,0.647249,0.761666,0.030556,-0.761133,0.647954,-0.028861,-0.041781,-0.004577,0.999116,0,0.84231,-0.46728,50.538,-0.935,-1,400.000,-1,400.000,-1,325.000,325.000,300.000,300.000,-1,-1,-1,-1,800.000,800.000,-1,-1,2,0,2,0,2,0,0,0,0,2,2,2,2,0,0,2,2
77,9975.990,2527.380,-131.433,-50.551,0.634642,0.772181,0.031066,-0.771608,0.635384,-0.030135,-0.043008,-0.004846,0.999063,0,0.84248,-0.46950,50.549,-0.939,-1,400.000,-1,400.000,-1,325.000,325.000,300.000,300.000,-1,-1,-1,-1,775.000,800.000,-1,-1,2,0,2,0,2,0,0,0,0,2,2,2,2,0,0,2,2
78,10007.466,2487.818,-133.652,-51.494,0.621803,0.782535,0.031605,-0.781931,0.622583,-0.031202,-0.044093,-0.005311,0.999013,0,0.84260,-0.47166,50.556,-0.943,-1,400.000,-1,400.000,-1,325.000,325.000,300.000,300.000,-1,-1,-1,-1,775.000,800.000,-1,-1,2,0,2,0,2,0,0,0,0,2,2,2,2,0,0,2,2
79,10038.286,2447.737,-135.886,-52.442,0.608737,0.792721,0.032137,-0.792086,0.609557,-0.032248,-0.045152,-0.005825,0.998963,0,0.84266,-0.47374,50.560,-0.947,-1,400.000,-1,400.000,-1,325.000,325.000,300.000,300.000,-1,-1,-1,-1,775.000,800.000,-1,-1,2,0,2,0,2,0,0,0,0,2,2,2,2,0,0,2,2
80,10068.436,2407.150,-138.134,-53.393,0.595446,0.802731,0.032661,-0.802067,0.596306,-0.033273,-0.046185,-0.006384,0.998912,0,0.84268,-0.47575,50.561,-0.952,-1,400.000,-1,400.000,-1,325.000,325.000,300.000,300.000,-1,-1,-1,-1,750.000,775.000,-1,-1,2,0,2,0,2,0,0,0,0,2,2,2,2,0,0,2,2
81,10100.378,2363.016,-140.600,-54.105,0.585378,0.810071,0.033417,-0.809373,0.586290,-0.034337,-0.047408,-0.006947,0.998851,0,0.90800,-0.35575,54.480,-0.712,-1,400.000,-1,400.000,-1,325.000,325.000,300.000,300.000,-1,-1,-1,-1,750.000,775.000,-1,-1,2,0,2,0,2,0,0,0,0,2,2,2,2,0,0,2,2
82,10131.944,2318.638,-143.070,-54.576,0.578642,0.814866,0.034146,-0.814132,0.579602,-0.035349,-0.048596,-0.007345,0.998791,0,0.90765,-0.23575,54.459,-0.472,-1,400.000,-1,400.000,-1,325.000,325.000,300.000,300.000,-1,-1,-1,-1,725.000,775.000,-1,-1,2,0,2,0,2,0,0,0,0,2,2,2,2,0,0,2,2
83,10163.308,2274.164,-145.590,-54.808,0.575299,0.817199,0.034887,-0.816442,0.576303,-0.036007,-0.049530,-0.007768,0.998742,0,0.90702,-0.11575,54.421,-0.232,-1,400.000,-1,400.000,-1,325.000,325.000,300.000,300.000,-1,-1,-1,-1,725.000,750.000,-1,-1,2,0,2,0,2,0,0,0,0,2,2,2,2,0,0,2,2
84,10194.646,2229.740,-148.112,-54.799,0.575381,0.817112,0.035559,-0.816330,0.576424,-0.036623,-0.050422,-0.007956,0.998696,0,0.90609,0.00425,54.365,0.008,-1,400.000,-1,400.000,-1,325.000,325.000,300.000,300.000,-1,-1,-1,-1,700.000,750.000,-1,-1,2,0,2,0,2,0,0,0,0,2,2,2,2,0,0,2,2
85,10226.134,2185.513,-150.628,-54.551,0.578887,0.814605,0.036181,-0.813795,0.579962,-0.037161,-0.051255,-0.007932,0.998654,0,0.90484,0.12425,54.290,0.248,-1,375.000,-1,400.000,-1,325.000,325.000,300.000,325.000,-1,-1,-1,-1,700.000,750.000,-1,-1,2,0,2,0,2,0,0,0,0,2,2,2,2,0,0,2,2
86,10257.942,2141.632,-153.319,-54.062,0.585835,0.809636,0.035870,-0.808797,0.586890,-0.037516,-0.051426,-0.007033,0.998652,0,0.90329,0.24425,54.197,0.488,-1,375.000,-1,400.000,-1,325.000,325.000,300.000,300.000,-1,-1,-1,-1,700.000,725.000,-1,-1,2,0,2,0,2,0,0,0,0,2,2,2,2,0,0,2,2
87,10291.535,2096.507,-156.138,-53.334,0.596123,0.802115,0.035338,-0.801248,0.597141,-0.037742,-0.051375,-0.005815,0.998662,0,0.93760,0.36425,56.256,0.728,-1,375.000,-1,400.000,975.000,325.000,325.000,300.000,300.000,-1,-1,-1,-1,675.000,725.000,-1,-1,2,0,2,0,1,0,0,0,0,2,2,2,2,0,0,2,2
88,10326.005,2051.804,-158.946,-52.365,0.609642,0.791913,0.034805,-0.791021,0.610618,-0.037836,-0.051215,-0.004465,0.998678,0,0.94082,0.48425,56.449,0.968,-1,375.000,-1,375.000,950.000,325.000,325.000,300.000,300.000,-1,-1,-1,-1,675.000,725.000,-1,-1,2,0,2,0,1,0,0,0,0,2,2,2,2,0,0,2,2
89,10361.319,2007.567,-161.758,-51.400,0.622949,0.781512,0.034248,-0.780599,0.623882,-0.037899,-0.050985,-0.003125,0.998695,0,0.94339,0.48289,56.604,0.966,-1,375.000,-1,375.000,925.000,325.000,325.000,300.000,300.000,-1,-1,-1,-1,675.000,700.000,-1,-1,2,0,2,0,1,0,0,0,0,2,2,2,2,0,0,2,2
90,10397.440,1963.830,-164.534,-50.447,0.635898,0.771036,0.033704,-0.770114,0.636788,-0.037748,-0.050567,-0.001953,0.998719,0,0.94541,0.47619,56.725,0.952,-1,375.000,-1,375.000,925.000,300.000,300.000,325.000,325.000,-1,-1,-1,-1,650.000,700.000,-1,-1,2,0,2,0,1,0,0,0,0,2,2,2,2,0,0,2,2
91,10434.329,1920.625,-167.163,-49.509,0.648510,0.760507,0.032632,-0.759588,0.649330,-0.037378,-0.049616,-0.000547,0.998768,0,0.94685,0.46914,56.811,0.938,-1,375.000,-1,375.000,925.000,300.000,300.000,325.000,325.000,-1,-1,-1,-1,650.000,700.000,-1,-1,2,0,2,0,1,0,0,0,0,2,2,2,2,0,0,2,2
92,10471.942,1877.984,-169.697,-48.585,0.660763,0.749942,0.031298,-0.749039,0.661503,-0.036802,-0.048303,0.000874,0.998832,0,0.94766,0.46176,56.860,0.924,-1,375.000,-1,375.000,950.000,300.000,300.000,325.000,325.000,-1,-1,-1,-1,650.000,675.000,-1,-1,2,0,2,0,1,0,0,0,0,2,2,2,2,0,0,2,2
93,10510.232,1835.936,-172.208,-47.677,0.672644,0.739362,0.029913,-0.738496,0.673305,-0.035823,-0.046627,0.002005,0.998910,0,0.94783,0.45408,56.870,0.908,-1,375.000,-1,375.000,-1,300.000,300.000,325.000,325.000,-1,-1,-1,-1,650.000,675.000,-1,-1,2,0,2,0,2,0,0,0,0,2,2,2,2,0,0,2,2
94,10549.153,1794.512,-174.634,-46.785,0.684152,0.728785,0.028416,-0.727963,0.684735,-0.034749,-0.044782,0.003088,0.998992,0,0.94734,0.44613,56.840,0.892,-1,375.000,-1,375.000,-1,300.000,300.000,325.000,325.000,-1,-1,-1,-1,625.000,675.000,-1,-1,2,0,2,0,2,0,0,0,0,2,2,2,2,0,0,2,2
95,10588.653,1753.738,-176.985,-45.909,0.695292,0.718230,0.026751,-0.717456,0.695794,-0.033597,-0.042744,0.004167,0.999077,0,0.94617,0.43796,56.770,0.876,-1,375.000,-1,375.000,-1,300.000,300.000,325.000,325.000,-1,-1,-1,-1,625.000,650.000,-1,-1,2,0,2,0,2,0,0,0,0,2,2,2,2,0,0,2,2
96,10628.682,1713.639,-179.242,-45.050,0.706059,0.707712,0.024986,-0.706990,0.706482,-0.032369,-0.040560,0.005189,0.999164,0,0.94432,0.42960,56.659,0.859,-1,350.000,-1,375.000,-1,300.000,300.000,325.000,325.000,-1,-1,-1,-1,625.000,650.000,-1,-1,2,0,2,0,2,0,0,0,0,2,2,2,2,0,0,2,2
97,10669.188,1674.238,-181.395,-44.208,0.716457,0.697247,0.023170,-0.696581,0.716805,-0.031066,-0.038269,0.006118,0.999249,0,0.94181,0.42113,56.508,0.842,-1,350.000,-1,375.000,-1,300.000,300.000,325.000,325.000,-1,-1,625.000,-1,625.000,625.000,-1,-1,2,0,2,0,2,0,0,0,0,2,2,0,2,0,0,2,2
98,10710.120,1635.555,-183.350,-43.382,0.726506,0.686845,0.020814,-0.686239,0.726767,-0.029761,-0.035568,0.007338,0.999340,0,0.93866,0.41261,56.319,0.825,-1,350.000,-1,375.000,-1,300.000,300.000,325.000,325.000,-1,525.000,550.000,-1,625.000,625.000,-1,-1,2,0,2,0,2,0,0,0,0,2,0,0,2,0,0,2,2
99,10751.428,1597.605,-185.181,-42.574,0.736197,0.676519,0.018336,-0.675978,0.736376,-0.028359,-0.032688,0.008484,0.999430,0,0.93490,0.40410,56.094,0.808,-1,350.000,-1,350.000,-1,300.000,300.000,325.000,325.000,-1,500.000,500.000,-1,625.000,625.000,-1,-1,2,0,2,0,2,0,0,0,0,2,0,0,2,0,0,2,2
100,10793.069,1560.407,-186.650,-41.775,0.745624,0.666180,0.015783,-0.665741,0.745741,-0.025680,-0.028877,0.008640,0.999546,0,0.93060,0.39967,55.836,0.799,-1,350.000,-1,350.000,-1,300.000,300.000,325.000,325.000,-1,450.000,425.000,-1,625.000,625.000,-1,-1,2,0,2,0,2,0,0,0,0,2,0,0,2,0,0,2,2
101,10835.004,1523.979,-187.980,-40.980,0.754839,0.655777,0.013214,-0.655433,0.754906,-0.022913,-0.025001,0.008635,0.999650,0,0.92580,0.39719,55.548,0.794,-1,350.000,-1,350.000,-1,300.000,300.000,325.000,325.000,-1,400.000,400.000,-1,625.000,625.000,-1,-1,2,0,2,0,2,0,0,0,0,2,0,0,2,0,0,2,2
102,10877.198,1488.334,-189.172,-40.190,0.763854,0.645302,0.010628,-0.645046,0.763881,-0.020066,-0.021067,0.008472,0.999742,0,0.92058,0.39518,55.235,0.790,-1,375.000,-1,350.000,-1,300.000,300.000,325.000,325.000,-1,375.000,375.000,-1,650.000,625.000,-1,-1,2,0,2,0,2,0,0,0,0,2,0,0,2,0,0,2,2
103,10919.620,1453.485,-190.153,-39.403,0.772680,0.634745,0.008018,-0.634559,0.772675,-0.017537,-0.017327,0.008463,0.999814,0,0.91501,0.39365,54.901,0.787,-1,375.000,-1,350.000,-1,300.000,300.000,325.000,325.000,-1,350.000,350.000,-1,650.000,625.000,-1,-1,2,0,2,0,2,0,0,0,0,2,0,0,2,0,0,2,2
104,10963.976,1417.751,-190.966,-38.855,0.778732,0.627335,0.005267,-0.627208,0.778703,-0.015230,-0.013655,0.008556,0.999870,0,0.94933,0.27365,56.960,0.547,-1,375.000,-1,350.000,-1,300.000,300.000,325.000,325.000,-1,325.000,325.000,-1,650.000,625.000,-1,-1,2,0,2,0,2,0,0,0,1,2,0,0,2,0,0,2,2
105,11008.256,1382.469,-191.629,-38.548,0.782099,0.623149,0.002497,-0.623074,0.782056,-0.012936,-0.010015,0.008562,0.999913,0,0.94364,0.15365,56.618,0.307,-1,375.000,-1,350.000,-1,300.000,300.000,325.000,325.000,-1,325.000,325.000,-1,650.000,625.000,-1,-1,2,0,2,0,2,0,0,0,1,2,0,0,2,0,0,2,2
106,11052.330,1347.435,-192.069,-38.481,0.782833,0.622232,-0.000293,-0.622202,0.782790,-0.010268,-0.006160,0.008221,0.999947,0,0.93836,0.03365,56.301,0.067,-1,375.000,-1,350.000,-1,300.000,300.000,325.000,325.000,-1,325.000,325.000,-1,675.000,625.000,-1,-1,2,0,2,0,2,0,0,0,1,2,0,0,2,0,0,2,2
107,11096.074,1312.448,-192.323,-38.654,0.780946,0.624590,-0.003304,-0.624595,0.780912,-0.007605,-0.002170,0.008003,0.999966,0,0.93357,-0.08635,56.014,-0.173,-1,375.000,-1,350.000,-1,300.000,300.000,325.000,325.000,-1,325.000,325.000,-1,675.000,650.000,-1,-1,2,0,2,0,2,0,0,0,1,2,0,0,2,0,0,2,2
108,11139.367,1277.307,-192.459,-39.066,0.776408,0.630199,-0.006272,-0.630228,0.776394,-0.004924,0.001766,0.007776,0.999968,0,0.92934,-0.20635,55.761,-0.413,-1,375.000,-1,375.000,-1,300.000,300.000,325.000,325.000,-1,300.000,300.000,-1,675.000,650.000,-1,-1,2,0,2,0,2,0,0,0,0,2,0,0,2,0,0,2,2
109,11182.214,1241.966,-192.485,-39.516,0.771402,0.636282,-0.009166,-0.636323,0.771420,-0.002201,0.005670,0.007530,0.999956,0,0.92569,-0.22511,55.542,-0.450,-1,375.000,-1,375.000,-1,300.000,300.000,325.000,325.000,-1,300.000,300.000,-1,700.000,650.000,-1,-1,2,0,2,0,2,0,0,0,0,2,0,0,2,0,0,2,2
110,11224.626,1206.423,-192.339,-39.964,0.766365,0.642293,-0.011993,-0.642337,0.766422,0.000229,0.009339,0.007528,0.999928,0,0.92226,-0.22397,55.336,-0.448,-1,375.000,-1,375.000,-1,300.000,300.000,325.000,325.000,-1,325.000,300.000,-1,700.000,675.000,-1,-1,2,0,2,0,2,0,0,0,0,2,0,0,2,0,0,2,2
111,11266.612,1170.678,-191.792,-40.409,0.761322,0.648231,-0.013647,-0.648261,0.761413,0.002644,0.012105,0.006834,0.999903,0,0.91901,-0.22254,55.141,-0.445,-1,375.000,-1,375.000,-1,300.000,300.000,325.000,325.000,-1,325.000,325.000,-1,725.000,675.000,-1,-1,2,0,2,0,2,0,0,0,0,2,0,0,2,0,0,2,2
112,11308.183,1134.730,-191.120,-40.851,0.756270,0.654084,-0.015197,-0.654093,0.756397,0.005031,0.014786,0.006136,0.999872,0,0.91596,-0.22084,54.957,-0.442,-1,375.000,-1,375.000,-1,300.000,300.000,325.000,325.000,-1,325.000,325.000,-1,725.000,675.000,-1,-1,2,0,2,0,2,0,0,0,0,2,0,0,2,0,0,2,2
113,11349.350,1098.578,-190.327,-41.289,0.751216,0.659846,-0.016670,-0.659827,0.751381,0.007382,0.017396,0.005453,0.999834,0,0.91313,-0.21887,54.788,-0.438,-1,375.000,-1,375.000,-1,300.000,300.000,325.000,325.000,-1,325.000,350.000,-1,750.000,700.000,-1,-1,2,0,2,0,2,0,0,0,0,2,0,0,2,0,0,2,2
114,11390.127,1062.219,-189.415,-41.722,0.746169,0.665512,-0.018065,-0.665458,0.746372,0.009698,0.019937,0.004785,0.999790,0,0.91055,-0.21665,54.633,-0.433,-1,375.000,-1,375.000,-1,300.000,300.000,325.000,325.000,-1,325.000,350.000,-1,750.000,700.000,-1,-1,2,0,2,0,2,0,0,0,0,2,0,0,2,0,0,2,2
115,11430.528,1025.649,-188.459,-42.151,0.741136,0.671074,-0.019406,-0.670988,0.741377,0.011622,0.022186,0.004408,0.999744,0,0.90822,-0.21418,54.493,-0.428,-1,375.000,-1,375.000,-1,300.000,300.000,325.000,325.000,-1,325.000,350.000,-1,775.000,725.000,-1,-1,2,0,2,0,2,0,0,0,0,2,0,0,2,0,0,2,2
116,11470.567,988.866,-187.403,-42.573,0.736123,0.676529,-0.020774,-0.676411,0.736404,0.013323,0.024311,0.004244,0.999695,0,0.90617,-0.21147,54.370,-0.423,-1,375.000,-1,375.000,-1,300.000,300.000,325.000,325.000,-1,350.000,375.000,-1,800.000,725.000,-1,-1,2,0,2,0,2,0,0,0,0,2,0,0,2,0,0,2,2
117,11510.259,951.864,-186.222,-42.991,0.731136,0.681871,-0.022188,-0.681722,0.731460,0.014906,0.026393,0.004228,0.999643,0,0.90440,-0.20853,54.264,-0.417,-1,375.000,-1,375.000,-1,300.000,300.000,325.000,325.000,-1,350.000,375.000,-1,825.000,725.000,-1,-1,2,0,2,0,2,0,0,0,0,2,0,0,2,0,0,2,2
118,11552.251,912.140,-184.745,-43.410,0.726083,0.687214,-0.023249,-0.687031,0.726443,0.016395,0.028156,0.004069,0.999595,0,0.96341,-0.20996,57.805,-0.420,-1,375.000,-1,375.000,-1,300.000,300.000,325.000,325.000,-1,375.000,375.000,-1,825.000,750.000,-1,-1,2,0,2,0,2,0,0,0,0,2,0,0,2,0,0,2,2
119,11593.836,872.212,-183.139,-43.835,0.720939,0.692577,-0.024157,-0.692361,0.721333,0.017750,0.029719,0.003928,0.999551,0,0.96083,-0.21223,57.650,-0.424,-1,400.000,-1,375.000,-1,300.000,300.000,325.000,325.000,-1,375.000,400.000,-1,850.000,750.000,-1,-1,2,0,2,0,2,0,0,0,0,2,0,0,2,0,0,2,2
120,11635.001,832.093,-181.447,-44.263,0.715708,0.697952,-0.024991,-0.697701,0.716135,0.019076,0.031211,0.003784,0.999506,0,0.95802,-0.21421,57.481,-0.428,-1,400.000,-1,375.000,-1,325.000,300.000,325.000,325.000,-1,400.000,425.000,-1,875.000,775.000,-1,-1,2,0,2,0,2,0,0,0,0,2,0,0,2,0,0,2,2
121,11675.733,791.792,-179.669,-44.695,0.710398,0.703329,-0.025753,-0.703043,0.710855,0.020369,0.032633,0.003636,0.999461,0,0.95501,-0.21588,57.300,-0.432,-1,400.000,-1,400.000,-1,325.000,300.000,325.000,325.000,-1,425.000,450.000,-1,925.000,800.000,-1,-1,2,0,2,0,2,0,0,0,0,2,0,0,2,0,0,2,2
122,11716.025,751.317,-177.826,-45.130,0.705018,0.708700,-0.026347,-0.708378,0.705501,0.021639,0.033923,0.003408,0.999419,0,0.95183,-0.21726,57.110,-0.435,-1,400.000,-1,400.000,-1,325.000,325.000,325.000,325.000,-1,450.000,475.000,-1,950.000,825.000,-1,-1,2,0,2,0,2,0,0,0,0,2,0,0,2,0,0,2,2
123,11755.867,710.679,-176.383,-45.566,0.699641,0.714059,-0.024947,-0.713705,0.700082,0.022587,0.033594,0.002002,0.999434,0,0.94852,-0.21833,56.911,-0.437,-1,425.000,-1,400.000,-1,325.000,325.000,325.000,325.000,-1,500.000,525.000,-1,975.000,850.000,-1,-1,2,0,2,0,2,0,0,0,1,2,0,0,2,0,0,2,2
124,11795.256,669.884,-174.999,-46.004,0.694207,0.719394,-0.023425,-0.719029,0.694602,0.022930,0.032767,0.000925,0.999463,0,0.94512,-0.21910,56.707,-0.438,-1,425.000,-1,400.000,-1,325.000,325.000,325.000,325.000,-1,550.000,575.000,-1,1000.000,875.000,-1,-1,2,0,2,0,2,0,0,0,1,2,0,0,2,0,0,2,2
125,11834.188,628.940,-173.581,-46.444,0.688725,0.724697,-0.021734,-0.724328,0.689068,0.023110,0.031724,-0.000174,0.999497,0,0.94165,-0.21957,56.499,-0.439,-1,425.000,-1,400.000,-1,325.000,325.000,325.000,325.000,-1,625.000,650.000,-1,1000.000,875.000,-1,-1,2,0,2,0,2,0,0,0,1,2,0,0,2,0,0,2,2
126,11872.661,587.850,-172.130,-46.883,0.683201,0.729960,-0.019881,-0.729595,0.683489,0.023125,0.030469,-0.001294,0.999535,0,0.93817,-0.21973,56.290,-0.439,-1,425.000,-1,400.000,-1,325.000,325.000,325.000,325.000,-1,725.000,750.000,-1,-1,900.000,-1,-1,2,0,2,0,2,0,0,0,0,2,0,0,2,2,0,2,2
127,11910.678,546.620,-170.721,-47.322,0.677628,0.735177,-0.018333,-0.734825,0.677873,0.022840,0.029219,-0.002005,0.999571,0,0.93470,-0.21960,56.082,-0.439,-1,425.000,-1,400.000,-1,325.000,325.000,325.000,325.000,-1,800.000,825.000,-1,-1,925.000,-1,-1,2,0,2,0,2,0,0,0,0,2,0,0,2,2,0,2,2
128,11945.309,508.798,-169.404,-47.521,0.675106,0.737528,-0.016867,-0.737193,0.675312,0.022387,0.027902,-0.002679,0.999607,0,0.85470,-0.09960,51.282,-0.199,-1,425.000,-1,400.000,-1,325.000,325.000,325.000,325.000,-1,900.000,925.000,-1,-1,925.000,-1,-1,2,0,2,0,2,0,0,0,0,2,0,0,2,2,0,2,2
129,11976.724,474.538,-168.200,-47.481,0.675668,0.737045,-0.015430,-0.736726,0.675835,0.021946,0.026604,-0.003460,0.999640,0,0.77470,0.02040,46.482,0.041,-1,425.000,-1,400.000,-1,350.000,325.000,325.000,325.000,-1,1000.000,-1,-1,-1,925.000,-1,-1,2,0,2,0,2,0,0,0,0,2,0,2,2,2,0,2,2
130,12005.870,443.063,-167.078,-47.200,0.679307,0.733721,-0.013992,-0.733418,0.679437,0.021551,0.025319,-0.004378,0.999670,0,0.71497,0.14040,42.898,0.281,-1,425.000,-1,425.000,-1,350.000,325.000,325.000,325.000,-1,-1,-1,-1,-1,950.000,-1,-1,2,0,2,0,2,0,0,0,0,2,2,2,2,2,0,2,2
131,12035.159,412.005,-165.952,-46.679,0.685983,0.727511,-0.012437,-0.727223,0.686074,0.021200,0.023956,-0.005499,0.999698,0,0.71150,0.26040,42.690,0.521,-1,425.000,-1,425.000,-1,350.000,350.000,325.000,325.000,-1,-1,-1,-1,-1,950.000,-1,-1,2,0,2,0,2,0,0,0,0,2,2,2,2,2,0,2,2
132,12064.626,381.424,-164.823,-46.063,0.693802,0.720085,-0.010775,-0.719814,0.693853,0.020877,0.022510,-0.006728,0.999724,0,0.70780,0.30808,42.468,0.616,-1,425.000,-1,425.000,-1,350.000,350.000,325.000,325.000,-1,-1,-1,-1,-1,975.000,-1,-1,2,0,2,0,2,0,0,0,0,2,2,2,2,2,0,2,2
133,12094.269,351.319,-163.973,-45.444,0.701581,0.712538,-0.008575,-0.712306,0.701591,0.019762,0.020097,-0.007757,0.999768,0,0.70415,0.30967,42.249,0.619,-1,425.000,-1,425.000,-1,350.000,350.000,325.000,325.000,-1,-1,-1,-1,-1,975.000,-1,-1,2,0,2,0,2,0,0,0,0,2,2,2,2,2,0,2,2
134,12124.092,321.682,-163.444,-44.821,0.709312,0.704867,-0.006250,-0.704698,0.709296,0.017289,0.016620,-0.007859,0.999831,0,0.70076,0.31151,42.045,0.623,-1,425.000,-1,425.000,-1,350.000,350.000,325.000,325.000,-1,-1,-1,-1,-1,950.000,-1,-1,2,0,2,0,2,0,0,0,0,2,2,2,2,2,0,2,2
135,12154.104,292.503,-162.904,-44.193,0.717003,0.697060,-0.003819,-0.696947,0.716969,0.014832,0.013077,-0.007973,0.999883,0,0.69764,0.31359,41.858,0.627,-1,425.000,-1,425.000,-1,350.000,325.000,325.000,325.000,-1,-1,-1,-1,1000.000,925.000,-1,-1,2,0,2,0,2,0,0,0,0,2,2,2,2,0,0,2,2
136,12184.314,263.774,-162.493,-43.562,0.724653,0.689112,-0.001738,-0.689043,0.724612,0.012522,0.009889,-0.007877,0.999920,0,0.69482,0.31591,41.689,0.632,-1,425.000,-1,425.000,-1,350.000,325.000,325.000,325.000,-1,-1,-1,-1,1000.000,925.000,-1,-1,2,0,2,0,2,0,0,0,0,2,2,2,2,0,0,2,2
137,12214.731,235.485,-162.368,-42.925,0.732273,0.681011,0.000225,-0.680969,0.732224,0.011365,0.007575,-0.008476,0.999935,0,0.69232,0.31846,41.539,0.637,-1,425.000,-1,425.000,-1,325.000,325.000,325.000,300.000,-1,-1,-1,-1,975.000,900.000,-1,-1,2,0,2,0,2,0,0,0,0,2,2,2,2,0,0,2,2
138,12245.366,207.626,-162.260,-42.282,0.739863,0.672754,0.002219,-0.672737,0.739810,0.010283,0.005277,-0.009101,0.999945,0,0.69014,0.32122,41.408,0.642,-1,425.000,-1,425.000,-1,325.000,325.000,325.000,300.000,-1,-1,-1,-1,975.000,900.000,-1,-1,2,0,2,0,2,0,0,0,0,2,2,2,2,0,0,2,2
