timestep,x_cm,y_cm,z_cm,yaw_deg,basis_xx,basis_xy,basis_xz,basis_yx,basis_yy,basis_yz,basis_zx,basis_zy,basis_zz,teleport_flag,throttle_cmd,steering_cmd,cmd_move_cm,cmd_turn_deg,lidar_cm_0,lidar_cm_1,lidar_cm_2,lidar_cm_3,lidar_cm_4,lidar_cm_5,lidar_cm_6,lidar_cm_7,lidar_cm_8,lidar_cm_9,lidar_cm_10,lidar_cm_11,lidar_cm_12,lidar_cm_13,lidar_cm_14,lidar_cm_15,lidar_cm_16,lidar_class_0,lidar_class_1,lidar_class_2,lidar_class_3,lidar_class_4,lidar_class_5,lidar_class_6,lidar_class_7,lidar_class_8,lidar_class_9,lidar_class_10,lidar_class_11,lidar_class_12,lidar_class_13,lidar_class_14,lidar_class_15,lidar_class_16
0,-3610.719,-5579.099,536.055,-130.169,-0.645343,0.763844,0.008701,-0.762464,-0.644790,0.053809,0.046712,0.028091,0.998513,1,0.08000,0.12000,4.800,0.240,-1,400.000,-1,400.000,-1,325.000,325.000,325.000,325.000,-1,675.000,650.000,-1,-1,725.000,-1,-1,2,0,2,0,2,0,0,0,0,2,0,0,2,2,0,2,2
1,-3616.880,-5586.461,536.495,-129.927,-0.642112,0.766561,0.008759,-0.765176,-0.641567,0.053833,0.046886,0.027865,0.998512,0,0.16000,0.12081,9.600,0.242,-1,400.000,-1,400.000,-1,325.000,325.000,325.000,325.000,-1,675.000,675.000,-1,-1,725.000,-1,-1,2,0,2,0,2,0,0,0,0,2,0,0,2,2,0,2,2
2,-3626.076,-5597.543,537.151,-129.684,-0.638852,0.769279,0.008845,-0.767886,-0.638315,0.053896,0.047107,0.027640,0.998507,0,0.24000,0.12145,14.400,0.243,-1,400.000,-1,400.000,-1,325.000,325.000,325.000,325.000,-1,675.000,675.000,-1,-1,725.000,-1,-1,2,0,2,0,2,0,0,0,0,2,0,0,2,2,0,2,2
3,-3638.273,-5612.371,538.005,-129.439,-0.635555,0.772004,0.008933,-0.770596,-0.635022,0.054112,0.047447,0.027507,0.998495,0,0.32000,0.12249,19.200,0.245,-1,400.000,-1,400.000,-1,325.000,325.000,325.000,325.000,-1,675.000,675.000,-1,-1,725.000,-1,-1,2,0,2,0,2,0,0,0,0,2,0,0,2,2,0,2,2
4,-3653.439,-5630.972,539.089,-129.192,-0.632207,0.774747,0.009044,-0.773322,-0.631679,0.054363,0.047831,0.027375,0.998480,0,0.40000,0.12393,24.000,0.248,-1,400.000,-1,400.000,-1,325.000,325.000,325.000,325.000,-1,700.000,700.000,-1,-1,725.000,-1,-1,2,0,2,0,2,0,0,0,0,2,0,0,2,2,0,2,2
5,-3671.540,-5653.372,540.411,-128.940,-0.628797,0.777515,0.009174,-0.776071,-0.628274,0.054646,0.048252,0.027241,0.998464,0,0.48000,0.12578,28.800,0.252,-1,400.000,-1,375.000,-1,325.000,325.000,325.000,325.000,-1,700.000,725.000,-1,-1,725.000,-1,-1,2,0,2,0,2,0,0,0,0,2,0,0,2,2,0,2,2
6,-3692.541,-5679.601,541.982,-128.684,-0.625312,0.780319,0.009334,-0.778853,-0.624795,0.054954,0.048714,0.027094,0.998445,0,0.56000,0.12805,33.600,0.256,-1,425.000,-1,375.000,-1,325.000,325.000,325.000,325.000,-1,725.000,725.000,-1,-1,725.000,-1,-1,2,0,2,0,2,0,0,0,0,2,0,0,2,2,0,2,2
7,-3716.404,-5709.685,543.812,-128.422,-0.621739,0.783166,0.009533,-0.781677,-0.621229,0.055281,0.049216,0.026918,0.998425,0,0.64000,0.13077,38.400,0.262,-1,425.000,-1,375.000,-1,325.000,325.000,325.000,325.000,-1,750.000,750.000,-1,-1,750.000,-1,-1,2,0,2,0,2,0,0,0,0,2,0,0,2,2,0,2,2
8,-3743.093,-5743.655,545.912,-128.155,-0.618064,0.786067,0.009777,-0.784552,-0.617564,0.055618,0.049758,0.026705,0.998404,0,0.72000,0.13395,43.200,0.268,-1,425.000,-1,375.000,-1,325.000,325.000,325.000,325.000,-1,750.000,775.000,-1,-1,775.000,-1,-1,2,0,2,0,2,0,0,0,0,2,0,0,2,2,0,2,2
9,-3770.921,-5779.430,548.164,-127.879,-0.614272,0.789031,0.010054,-0.787489,-0.613784,0.055941,0.050310,0.026446,0.998383,0,0.75539,0.13764,45.324,0.275,-1,450.000,-1,375.000,-1,325.000,325.000,325.000,325.000,-1,775.000,800.000,-1,-1,800.000,-1,-1,2,0,2,0,2,0,0,0,0,2,0,0,2,2,0,2,2
10,-3798.674,-5815.472,550.348,-127.596,-0.610338,0.792072,0.010510,-0.790533,-0.609890,0.055603,0.050451,0.025629,0.998398,0,0.75815,0.14161,45.489,0.283,-1,450.000,-1,375.000,-1,350.000,325.000,325.000,325.000,-1,825.000,850.000,-1,-1,825.000,-1,-1,2,0,2,0,2,0,0,0,0,2,0,0,2,2,0,2,2
11,-3826.339,-5851.779,551.998,-127.305,-0.606199,0.795226,0.011753,-0.793823,-0.605902,0.052232,0.048657,0.022334,0.998566,0,0.76078,0.14569,45.647,0.291,-1,450.000,-1,375.000,-1,350.000,325.000,300.000,325.000,-1,925.000,975.000,-1,-1,825.000,-1,-1,2,0,2,0,2,0,0,0,0,2,0,0,2,2,0,2,2
12,-3853.904,-5888.350,553.690,-127.005,-0.601931,0.798441,0.013077,-0.797175,-0.601775,0.048765,0.046805,0.018928,0.998725,0,0.76327,0.14988,45.796,0.300,-1,450.000,-1,400.000,-1,350.000,325.000,300.000,325.000,-1,-1,-1,-1,-1,850.000,-1,-1,2,0,2,0,2,0,0,0,0,2,2,2,2,2,0,2,2
13,-3881.356,-5925.182,555.437,-126.696,-0.597526,0.801717,0.014544,-0.800590,-0.597506,0.045203,0.044930,0.015366,0.998872,0,0.76562,0.15420,45.937,0.308,-1,475.000,-1,400.000,-1,350.000,325.000,300.000,325.000,-1,-1,-1,-1,-1,850.000,-1,-1,2,0,2,0,2,0,0,0,0,2,2,2,2,2,0,2,2
14,-3908.681,-5962.271,557.251,-126.379,-0.592979,0.805055,0.016223,-0.804065,-0.593087,0.041553,0.043074,0.011596,0.999005,0,0.76781,0.15863,46.068,0.317,-1,475.000,-1,400.000,-1,350.000,325.000,300.000,325.000,-1,-1,-1,-1,-1,850.000,-1,-1,2,0,2,0,2,0,0,0,0,2,2,2,2,2,0,2,2
15,-3935.866,-5999.613,559.060,-126.053,-0.588292,0.808449,0.017935,-0.807593,-0.588513,0.038031,0.041301,0.007889,0.999116,0,0.76983,0.16319,46.190,0.326,-1,475.000,-1,400.000,-1,350.000,350.000,300.000,325.000,-1,-1,-1,-1,-1,875.000,-1,-1,2,0,2,0,2,0,0,0,0,2,2,2,2,2,0,2,2
16,-3962.895,-6037.205,560.869,-125.717,-0.583461,0.811902,0.019689,-0.811175,-0.583778,0.034606,0.039591,0.004220,0.999207,0,0.77167,0.16788,46.300,0.336,-1,475.000,-1,400.000,-1,350.000,350.000,300.000,325.000,-1,-1,-1,-1,-1,875.000,-1,-1,2,0,2,0,2,0,0,0,0,2,2,2,2,2,0,2,2
17,-3989.756,-6075.039,562.715,-125.372,-0.578478,0.815414,0.021533,-0.814820,-0.578878,0.031119,0.037839,0.000456,0.999284,0,0.77333,0.17270,46.400,0.345,-1,475.000,-1,425.000,-1,350.000,350.000,300.000,325.000,-1,-1,-1,-1,-1,900.000,-1,-1,2,0,2,0,2,0,0,0,0,2,2,2,2,2,0,2,2
18,-4016.430,-6113.111,564.403,-125.016,-0.573367,0.818985,0.022655,-0.818527,-0.573808,0.027520,0.035539,-0.002765,0.999364,0,0.77478,0.17765,46.487,0.355,-1,475.000,-1,425.000,-1,350.000,350.000,300.000,325.000,-1,-1,-1,-1,-1,900.000,-1,-1,2,0,2,0,2,0,0,0,0,2,2,2,2,2,0,2,2
19,-4042.904,-6151.414,565.232,-124.651,-0.568221,0.822627,0.020216,-0.822295,-0.568572,0.023601,0.030909,-0.003213,0.999517,0,0.77602,0.18274,46.561,0.365,-1,475.000,-1,425.000,-1,350.000,350.000,300.000,325.000,-1,-1,-1,-1,-1,875.000,-1,-1,2,0,2,0,2,0,0,0,0,2,2,2,2,2,0,2,2
20,-4069.159,-6189.939,566.084,-124.275,-0.562892,0.826339,0.017803,-0.826115,-0.563161,0.019563,0.026192,-0.003695,0.999650,0,0.77703,0.18796,46.622,0.376,-1,475.000,-1,400.000,-1,350.000,350.000,300.000,325.000,-1,-1,-1,-1,-1,850.000,-1,-1,2,0,2,0,2,0,0,0,0,2,2,2,2,2,0,2,2
21,-4095.180,-6228.680,566.960,-123.888,-0.557374,0.830118,0.015420,-0.829986,-0.557571,0.015407,0.021387,-0.004211,0.999762,0,0.77781,0.19332,46.668,0.387,-1,475.000,-1,400.000,-1,350.000,325.000,325.000,300.000,-1,-1,-1,-1,-1,850.000,-1,-1,2,0,2,0,2,0,0,0,0,2,2,2,2,2,0,2,2
22,-4120.949,-6267.626,567.859,-123.491,-0.551661,0.833966,0.013074,-0.833905,-0.551796,0.011131,0.016497,-0.004762,0.999853,0,0.77833,0.19881,46.700,0.398,-1,475.000,-1,400.000,-1,350.000,325.000,325.000,300.000,-1,-1,-1,-1,-1,850.000,-1,-1,2,0,2,0,2,0,0,0,0,2,2,2,2,2,0,2,2
23,-4146.448,-6306.769,568.781,-123.082,-0.545749,0.837880,0.010769,-0.837869,-0.545829,0.006737,0.011522,-0.005346,0.999919,0,0.77859,0.20443,46.716,0.409,-1,475.000,-1,400.000,-1,350.000,325.000,325.000,300.000,-1,-1,-1,-1,-1,850.000,-1,-1,2,0,2,0,2,0,0,0,0,2,2,2,2,2,0,2,2
24,-4171.659,-6346.097,569.724,-122.662,-0.539631,0.841858,0.008510,-0.841877,-0.539665,0.002224,0.006465,-0.005964,0.999961,0,0.77858,0.21018,46.715,0.420,-1,475.000,-1,400.000,-1,350.000,325.000,325.000,275.000,-1,-1,-1,-1,-1,850.000,-1,-1,2,0,2,0,2,0,0,0,0,2,2,2,2,2,0,2,2
25,-4196.563,-6385.599,570.139,-122.229,-0.533285,0.845886,0.009139,-0.845930,-0.533290,-0.002089,0.003107,-0.008845,0.999956,0,0.77828,0.21605,46.697,0.432,-1,475.000,-1,400.000,-1,350.000,325.000,325.000,275.000,-1,-1,-1,-1,-1,875.000,-1,-1,2,0,2,0,2,0,0,0,0,2,2,2,2,2,0,2,2
26,-4223.880,-6429.253,570.411,-122.037,-0.530470,0.847631,0.011084,-0.847704,-0.530427,-0.006756,0.000153,-0.012979,0.999916,0,0.85828,0.09605,51.497,0.192,-1,500.000,-1,400.000,-1,350.000,325.000,325.000,275.000,-1,-1,-1,-1,-1,900.000,-1,-1,2,0,2,0,2,0,0,0,0,2,2,2,2,2,0,2,2
27,-4253.783,-6476.952,570.721,-122.085,-0.531226,0.847122,0.013525,-0.847224,-0.531094,-0.012285,-0.003224,-0.017985,0.999833,0,0.93828,-0.02395,56.297,-0.048,-1,500.000,-1,400.000,-1,350.000,325.000,325.000,275.000,-1,-1,-1,-1,-1,925.000,-1,-1,2,0,2,0,2,0,0,0,0,2,2,2,2,2,0,2,2
28,-4284.914,-6526.063,570.487,-122.373,-0.535595,0.844301,0.017136,-0.844432,-0.535254,-0.020914,-0.008485,-0.025672,0.999634,0,0.96911,-0.14395,58.147,-0.288,-1,475.000,-1,400.000,-1,350.000,350.000,300.000,275.000,-1,-1,-1,-1,-1,925.000,-1,-1,2,0,2,0,2,0,0,0,0,2,2,2,2,2,0,2,2
29,-4316.362,-6574.681,569.677,-122.901,-0.543593,0.839069,0.021702,-0.839205,-0.542839,-0.032575,-0.015552,-0.035920,0.999234,0,0.96504,-0.26395,57.902,-0.528,-1,475.000,-1,400.000,-1,350.000,325.000,275.000,300.000,-1,-1,-1,-1,-1,900.000,-1,-1,2,0,2,0,2,0,0,1,0,2,2,2,2,2,0,2,2
30,-4348.282,-6622.608,569.362,-123.669,-0.555043,0.831438,0.025270,-0.831559,-0.553848,-0.041967,-0.020897,-0.044307,0.998799,0,0.95971,-0.38395,57.583,-0.768,-1,450.000,-1,400.000,-1,350.000,350.000,250.000,300.000,-1,-1,-1,-1,-1,900.000,-1,-1,2,0,2,0,2,0,0,1,0,2,2,2,2,2,0,2,2
31,-4380.815,-6669.639,568.189,-124.677,-0.569741,0.821371,0.027293,-0.821491,-0.568252,-0.047344,-0.023377,-0.049395,0.998506,0,0.95311,-0.50395,57.187,-1.008,-1,450.000,-1,425.000,-1,350.000,350.000,225.000,325.000,-1,-1,-1,-1,-1,875.000,-1,-1,2,0,2,0,2,0,0,1,0,2,2,2,2,2,0,2,2
32,-4413.938,-6715.679,566.805,-125.736,-0.584955,0.810555,0.028797,-0.810682,-0.583216,-0.051522,-0.024967,-0.053483,0.998257,0,0.94527,-0.52962,56.716,-1.059,-1,450.000,-1,425.000,-1,350.000,350.000,225.000,325.000,-1,-1,-1,-1,-1,875.000,-1,-1,2,0,2,0,2,0,0,1,0,2,2,2,2,2,0,2,2
33,-4447.596,-6760.689,565.485,-126.792,-0.599919,0.799491,0.030184,-0.799622,-0.597914,-0.055711,-0.026493,-0.057558,0.997991,0,0.93671,-0.52781,56.203,-1.056,-1,450.000,-1,425.000,-1,350.000,350.000,225.000,325.000,-1,-1,-1,-1,-1,875.000,-1,-1,2,0,2,0,2,0,0,1,0,2,2,2,2,2,0,2,2
34,-4481.746,-6804.648,563.700,-127.845,-0.614651,0.788268,0.028933,-0.788246,-0.612434,-0.059940,-0.029529,-0.059648,0.997783,0,0.92774,-0.52662,55.665,-1.053,-1,450.000,-1,425.000,-1,350.000,350.000,225.000,325.000,-1,-1,-1,-1,-1,850.000,-1,-1,2,0,2,0,2,0,0,1,0,2,2,2,2,2,0,2,2
35,-4516.352,-6847.543,561.701,-128.897,-0.629149,0.776842,0.026238,-0.776570,-0.626764,-0.064069,-0.033327,-0.060685,0.997600,0,0.91856,-0.52603,55.113,-1.052,-1,450.000,-1,400.000,-1,350.000,350.000,250.000,325.000,-1,-1,-1,-1,-1,825.000,-1,-1,2,0,2,0,2,0,0,1,0,2,2,2,2,2,0,2,2
36,-4551.385,-6889.371,559.776,-129.949,-0.643420,0.765153,0.023476,-0.764617,-0.640881,-0.068057,-0.037028,-0.061740,0.997405,0,0.90934,-0.52604,54.560,-1.052,-1,450.000,-1,400.000,-1,350.000,325.000,250.000,325.000,-1,-1,-1,-1,-1,800.000,-1,-1,2,0,2,0,2,0,0,1,0,2,2,2,2,2,0,2,2
37,-4586.824,-6930.138,557.942,-131.002,-0.657477,0.753189,0.020745,-0.752382,-0.654791,-0.071905,-0.040574,-0.062884,0.997196,0,0.90027,-0.52664,54.016,-1.053,-1,450.000,-1,400.000,-1,350.000,325.000,275.000,300.000,-1,-1,-1,-1,975.000,775.000,-1,-1,2,0,2,0,2,0,0,1,0,2,2,2,2,0,0,2,2
38,-4622.656,-6969.856,556.016,-132.058,-0.671342,0.740904,0.019020,-0.739879,-0.668470,-0.075675,-0.043353,-0.064876,0.996951,0,0.89153,-0.52780,53.492,-1.056,-1,425.000,-1,400.000,-1,350.000,325.000,300.000,300.000,-1,-1,-1,-1,950.000,750.000,-1,-1,2,0,2,0,2,0,0,1,0,2,2,2,2,0,0,2,2
39,-4658.875,-7008.544,553.543,-133.117,-0.685060,0.728195,0.020617,-0.727162,-0.681835,-0.079596,-0.043904,-0.069520,0.996614,0,0.88325,-0.52949,52.995,-1.059,-1,425.000,-1,400.000,-1,325.000,325.000,325.000,300.000,-1,-1,-1,-1,925.000,750.000,-1,-1,2,0,2,0,2,0,0,0,0,2,2,2,2,0,0,2,2
40,-4695.484,-7046.223,550.935,-134.180,-0.698608,0.715122,0.023402,-0.714177,-0.694947,-0.083661,-0.043565,-0.075159,0.996219,0,0.87558,-0.53169,52.535,-1.063,-1,425.000,-1,400.000,-1,325.000,325.000,325.000,300.000,650.000,-1,-1,-1,900.000,750.000,-1,-1,2,0,2,0,2,0,0,0,0,1,2,2,2,0,0,2,2
41,-4732.492,-7082.918,548.779,-135.249,-0.711956,0.701802,0.024338,-0.700829,-0.707930,-0.087601,-0.044249,-0.079425,0.995858,0,0.86859,-0.53438,52.115,-1.069,-1,425.000,-1,375.000,-1,325.000,325.000,325.000,300.000,525.000,-1,-1,-1,875.000,750.000,-1,-1,2,0,2,0,2,0,0,0,0,1,2,2,2,0,0,2,2
42,-4769.912,-7118.654,546.723,-136.324,-0.725126,0.688154,0.025220,-0.687156,-0.720718,-0.091553,-0.044826,-0.083718,0.995481,0,0.86237,-0.53751,51.742,-1.075,-1,400.000,-1,375.000,-1,325.000,325.000,300.000,300.000,475.000,-1,-1,-1,850.000,725.000,-1,-1,2,0,2,0,2,0,0,0,0,1,2,2,2,0,0,2,2
43,-4807.761,-7153.458,544.700,-137.406,-0.738132,0.674152,0.026067,-0.673119,-0.733294,-0.095865,-0.045513,-0.088307,0.995053,0,0.85695,-0.54107,51.417,-1.082,-1,400.000,-1,375.000,-1,325.000,325.000,300.000,300.000,475.000,-1,-1,-1,825.000,725.000,-1,-1,2,0,2,0,2,0,0,0,0,1,2,2,2,0,0,2,2
44,-4846.059,-7187.354,542.755,-138.496,-0.750964,0.659797,0.026842,-0.658728,-0.745667,-0.100292,-0.046157,-0.092998,0.994596,0,0.85237,-0.54502,51.142,-1.090,-1,400.000,-1,375.000,-1,325.000,300.000,300.000,300.000,475.000,-1,-1,-1,800.000,725.000,-1,-1,2,0,2,0,2,0,0,0,0,1,2,2,2,0,0,2,2
45,-4881.467,-7217.254,541.253,-139.826,-0.766155,0.642070,0.027450,-0.641036,-0.760494,-0.103546,-0.045608,-0.096928,0.994246,0,0.77237,-0.66502,46.342,-1.330,-1,400.000,-1,375.000,-1,325.000,300.000,300.000,300.000,500.000,-1,-1,-1,775.000,725.000,-1,-1,2,0,2,0,2,0,0,0,0,1,2,2,2,0,0,2,2
46,-4913.930,-7243.178,540.074,-141.396,-0.783497,0.620769,0.027904,-0.619819,-0.777522,-0.106229,-0.044248,-0.100526,0.993950,0,0.69237,-0.78502,41.542,-1.570,-1,400.000,-1,375.000,-1,325.000,300.000,300.000,325.000,500.000,-1,-1,-1,775.000,725.000,-1,-1,2,0,2,0,2,0,0,0,0,1,2,2,2,0,0,2,2
47,-4943.319,-7265.234,539.156,-143.118,-0.801807,0.596917,0.028193,-0.596079,-0.795553,-0.108562,-0.042373,-0.103851,0.993690,0,0.61237,-0.86107,36.742,-1.722,-1,400.000,-1,375.000,-1,325.000,300.000,300.000,325.000,525.000,-1,-1,-1,750.000,725.000,-1,-1,2,0,2,0,2,0,0,0,0,1,2,2,2,0,0,2,2
48,-4972.455,-7285.753,538.062,-144.848,-0.819406,0.572507,0.028461,-0.571855,-0.813037,-0.109334,-0.039454,-0.105865,0.993598,0,0.59390,-0.86495,35.634,-1.730,-1,400.000,-1,375.000,-1,325.000,300.000,300.000,325.000,550.000,-1,-1,-1,750.000,725.000,-1,-1,2,0,2,0,2,0,0,0,0,1,2,2,2,0,0,2,2
49,-5002.116,-7305.322,536.858,-146.586,-0.836294,0.547523,0.028815,-0.547111,-0.829927,-0.109042,-0.035789,-0.106956,0.993619,0,0.59221,-0.86892,35.532,-1.738,-1,400.000,-1,375.000,-1,325.000,300.000,300.000,325.000,550.000,-1,-1,-1,750.000,725.000,-1,-1,2,0,2,0,2,0,0,0,0,1,2,2,2,0,0,2,2
50,-5032.303,-7323.943,535.771,-148.332,-0.852492,0.521923,0.029217,-0.521758,-0.846135,-0.108741,-0.032033,-0.107945,0.993641,0,0.59111,-0.87308,35.466,-1.746,-1,400.000,-1,375.000,-1,325.000,300.000,300.000,325.000,575.000,-1,-1,-1,750.000,725.000,-1,-1,2,0,2,0,2,0,0,0,0,1,2,2,2,0,0,2,2
51,-5063.019,-7341.615,534.800,-150.087,-0.867976,0.495720,0.029668,-0.495806,-0.861637,-0.108435,-0.028190,-0.108829,0.993661,0,0.59058,-0.87741,35.435,-1.755,-1,400.000,-1,375.000,-1,325.000,300.000,325.000,325.000,625.000,-1,-1,-1,750.000,725.000,-1,-1,2,0,2,0,2,0,0,0,0,1,2,2,2,0,0,2,2
52,-5094.266,-7358.333,533.946,-151.851,-0.882723,0.468923,0.030168,-0.469266,-0.876412,-0.108128,-0.024264,-0.109604,0.993679,0,0.59060,-0.88191,35.436,-1.764,-1,400.000,-1,375.000,-1,325.000,300.000,325.000,325.000,675.000,-1,-1,-1,750.000,750.000,-1,-1,2,0,2,0,2,0,0,0,0,1,2,2,2,0,0,2,2
53,-5126.043,-7374.091,533.212,-153.624,-0.896712,0.441547,0.030710,-0.442150,-0.890434,-0.107846,-0.020274,-0.110286,0.993693,0,0.59113,-0.88657,35.468,-1.773,-1,400.000,-1,375.000,-1,325.000,300.000,325.000,325.000,725.000,675.000,-1,-1,750.000,750.000,-1,-1,2,0,2,0,2,0,0,0,0,1,1,2,2,0,0,2,2
54,-5158.352,-7388.878,532.603,-155.407,-0.909919,0.413605,0.031289,-0.414469,-0.903680,-0.107602,-0.016229,-0.110878,0.993702,0,0.59216,-0.89137,35.530,-1.783,-1,400.000,-1,375.000,-1,325.000,325.000,325.000,325.000,800.000,700.000,-1,-1,750.000,750.000,-1,-1,2,0,2,0,2,0,0,0,0,1,1,2,2,0,0,2,2
55,-5191.191,-7402.682,532.087,-157.200,-0.922321,0.385117,0.031774,-0.386232,-0.916136,-0.107330,-0.012226,-0.111265,0.993716,0,0.59365,-0.89631,35.619,-1.793,-1,400.000,-1,400.000,-1,325.000,325.000,325.000,325.000,875.000,700.000,-1,-1,750.000,775.000,-1,-1,2,0,2,0,2,0,0,0,0,1,1,2,2,0,0,2,2
56,-5228.978,-7417.036,531.567,-159.200,-0.935105,0.352902,0.032216,-0.354283,-0.928999,-0.106982,-0.007826,-0.111453,0.993739,0,0.67365,-1.00000,40.419,-2.000,-1,400.000,-1,400.000,-1,325.000,325.000,325.000,325.000,975.000,725.000,800.000,-1,750.000,800.000,-1,-1,2,0,2,0,2,0,0,0,0,1,1,1,2,0,0,2,2
57,-5268.437,-7430.468,531.157,-161.200,-0.946760,0.320258,0.032874,-0.321924,-0.940726,-0.106772,-0.003269,-0.111671,0.993740,0,0.69466,-1.00000,41.680,-2.000,-1,400.000,-1,400.000,-1,325.000,325.000,325.000,325.000,-1,750.000,800.000,-1,750.000,825.000,-1,-1,2,0,2,0,2,0,0,0,0,2,1,1,2,0,0,2,2
58,-5308.423,-7442.540,530.927,-163.200,-0.957276,0.287231,0.033488,-0.289174,-0.951326,-0.106568,0.001248,-0.111698,0.993741,0,0.69610,-1.00000,41.766,-2.000,-1,400.000,-1,400.000,-1,325.000,325.000,325.000,325.000,-1,775.000,825.000,-1,750.000,850.000,-1,-1,2,0,2,0,2,0,0,0,0,2,1,1,2,0,0,2,2
59,-5353.397,-7454.622,531.027,-164.960,-0.965600,0.257901,0.033231,-0.259993,-0.959787,-0.105893,0.004585,-0.110890,0.993822,0,0.77610,-0.88000,46.566,-1.760,-1,400.000,-1,400.000,-1,325.000,325.000,325.000,300.000,-1,800.000,850.000,-1,750.000,850.000,-1,-1,2,0,2,0,2,0,0,0,0,2,1,1,2,0,0,2,2
60,-5403.342,-7466.630,531.273,-166.480,-0.972073,0.232372,0.032837,-0.234568,-0.966378,-0.105315,0.007260,-0.110076,0.993897,0,0.85610,-0.76000,51.366,-1.520,-1,400.000,-1,400.000,-1,325.000,325.000,325.000,300.000,-1,850.000,900.000,-1,750.000,875.000,-1,-1,2,0,2,0,2,0,0,0,0,2,1,1,2,0,0,2,2
61,-5458.086,-7478.505,531.710,-167.760,-0.977004,0.210749,0.032387,-0.213015,-0.971428,-0.104652,0.009407,-0.109144,0.993981,0,0.93359,-0.64000,56.015,-1.280,-1,375.000,-1,400.000,-1,325.000,325.000,325.000,300.000,-1,900.000,950.000,-1,775.000,900.000,-1,-1,2,0,2,0,2,0,0,0,0,2,1,1,2,0,0,2,2
62,-5513.018,-7489.380,532.284,-168.800,-0.980659,0.193102,0.031927,-0.195411,-0.975195,-0.103963,0.011060,-0.108191,0.994069,0,0.93330,-0.52000,55.998,-1.040,-1,375.000,-1,400.000,-1,325.000,325.000,325.000,325.000,-1,950.000,1000.000,-1,800.000,925.000,-1,-1,2,0,2,0,2,0,0,0,0,2,1,1,2,0,0,2,2
63,-5568.047,-7499.479,532.968,-169.600,-0.983257,0.179486,0.031463,-0.181812,-0.977896,-0.103265,0.012233,-0.107256,0.994156,0,0.93244,-0.40000,55.946,-0.800,-1,375.000,-1,400.000,-1,325.000,325.000,325.000,325.000,-1,-1,-1,-1,800.000,925.000,-1,-1,2,0,2,0,2,0,0,0,0,2,2,2,2,0,0,2,2
64,-5623.084,-7509.024,533.734,-170.160,-0.984967,0.169936,0.031001,-0.172255,-0.979698,-0.102570,0.012941,-0.106368,0.994243,0,0.93097,-0.28000,55.858,-0.560,-1,375.000,-1,400.000,-1,325.000,325.000,325.000,325.000,-1,-1,-1,-1,825.000,950.000,-1,-1,2,0,2,0,2,0,0,0,0,2,2,2,2,0,0,2,2
65,-5678.047,-7518.241,534.556,-170.480,-0.985908,0.164476,0.030550,-0.166768,-0.980717,-0.101895,0.013202,-0.105554,0.994326,0,0.92884,-0.16000,55.730,-0.320,-1,400.000,-1,425.000,-1,325.000,325.000,325.000,325.000,-1,-1,-1,-1,825.000,975.000,-1,-1,2,0,2,0,2,0,0,0,0,2,2,2,2,0,0,2,2
66,-5732.856,-7527.353,535.410,-170.560,-0.986147,0.163119,0.030120,-0.165364,-0.981021,-0.101254,0.013032,-0.104832,0.994405,0,0.92602,-0.04000,55.561,-0.080,-1,400.000,-1,425.000,-1,325.000,325.000,325.000,325.000,-1,-1,-1,-1,825.000,-1,-1,-1,2,0,2,0,2,0,0,0,0,2,2,2,2,0,2,2,2
67,-5787.432,-7536.584,536.273,-170.400,-0.985700,0.165869,0.029722,-0.168050,-0.980625,-0.100664,0.012450,-0.104219,0.994476,0,0.92251,0.08000,55.351,0.160,-1,400.000,-1,425.000,-1,325.000,325.000,325.000,325.000,-1,-1,-1,-1,850.000,-1,-1,-1,2,0,2,0,2,0,0,0,0,2,2,2,2,0,2,2,2
68,-5841.692,-7546.151,537.121,-170.000,-0.984533,0.172720,0.029372,-0.174823,-0.979494,-0.100140,0.011473,-0.103726,0.994540,0,0.91830,0.20000,55.098,0.400,1000.000,400.000,-1,425.000,-1,325.000,325.000,325.000,325.000,-1,-1,-1,-1,850.000,-1,-1,-1,1,0,2,0,2,0,0,0,0,2,2,2,2,0,2,2,2
69,-5895.554,-7556.269,537.483,-169.360,-0.982575,0.183688,0.028371,-0.185613,-0.977708,-0.098154,0.009709,-0.101710,0.994767,0,0.91342,0.32000,54.805,0.640,975.000,425.000,-1,425.000,-1,325.000,350.000,325.000,325.000,-1,-1,-1,-1,875.000,-1,-1,-1,1,0,2,0,2,0,0,0,0,2,2,2,2,0,2,2,2
70,-5948.932,-7567.145,537.481,-168.480,-0.979695,0.198742,0.026456,-0.200378,-0.975065,-0.095381,0.006840,-0.098745,0.995089,0,0.90792,0.44000,54.475,0.880,925.000,425.000,-1,425.000,-1,325.000,350.000,325.000,325.000,-1,-1,-1,-1,875.000,-1,-1,-1,1,0,2,0,2,0,0,0,0,2,2,2,2,0,2,2,2
71,-6001.732,-7578.986,537.070,-167.360,-0.975696,0.217796,0.024111,-0.219107,-0.971140,-0.094225,0.002893,-0.097218,0.995259,0,0.90188,0.56000,54.113,1.120,875.000,425.000,-1,425.000,-1,325.000,350.000,325.000,300.000,-1,-1,-1,-1,875.000,-1,-1,-1,1,0,2,0,2,0,0,0,0,2,2,2,2,0,2,2,2
72,-6053.860,-7591.983,536.416,-166.000,-0.970336,0.240803,0.021471,-0.241751,-0.965775,-0.093995,-0.001898,-0.096398,0.995341,0,0.89542,0.68000,53.725,1.360,825.000,400.000,-1,425.000,-1,325.000,350.000,325.000,300.000,-1,-1,-1,-1,850.000,-1,-1,-1,1,0,2,0,2,0,0,0,0,2,2,2,2,1,2,2,2
73,-6105.213,-7606.322,535.681,-164.400,-0.963316,0.267697,0.018982,-0.268279,-0.958751,-0.093931,-0.006946,-0.095578,0.995398,0,0.88865,0.80000,53.319,1.600,750.000,400.000,-1,425.000,-1,325.000,325.000,325.000,300.000,-1,-1,-1,-1,825.000,-1,-1,-1,1,0,2,0,2,0,0,0,0,2,2,2,2,1,2,2,2
74,-6155.713,-7622.086,534.855,-162.664,-0.954848,0.296628,0.016667,-0.296850,-0.950279,-0.094075,-0.012067,-0.094775,0.995426,0,0.88174,0.86759,52.904,1.735,700.000,400.000,-1,425.000,-1,325.000,325.000,300.000,325.000,-1,-1,-1,-1,775.000,-1,925.000,-1,1,0,2,0,2,0,0,0,0,2,2,2,2,1,2,1,2
75,-6205.331,-7639.243,533.938,-160.925,-0.945481,0.325353,0.014533,-0.325231,-0.940907,-0.094444,-0.017053,-0.094022,0.995424,0,0.87504,0.86953,52.502,1.739,650.000,400.000,-1,425.000,-1,325.000,325.000,300.000,325.000,-1,-1,-1,-1,725.000,-1,825.000,-1,1,0,2,0,2,0,0,0,0,2,2,2,2,1,2,1,2
76,-6258.806,-7659.829,532.795,-158.946,-0.933762,0.357683,0.012302,-0.357182,-0.929187,-0.095034,-0.022561,-0.093133,0.995398,0,0.95504,0.98953,57.302,1.979,600.000,400.000,-1,425.000,-1,325.000,325.000,300.000,325.000,-1,-1,-1,-1,700.000,-1,725.000,-1,1,0,2,0,2,0,0,0,0,2,2,2,2,1,2,1,2
77,-6313.185,-7682.971,531.294,-156.946,-0.920788,0.389950,0.009382,-0.389011,-0.916273,-0.095471,-0.028632,-0.091558,0.995388,0,0.98501,1.00000,59.100,2.000,550.000,400.000,-1,425.000,-1,325.000,325.000,300.000,325.000,-1,-1,-1,-1,650.000,1000.000,625.000,-1,1,0,2,0,2,0,0,0,0,2,2,2,2,1,0,1,2
78,-6366.993,-7708.123,529.673,-154.946,-0.906688,0.421749,0.006642,-0.420380,-0.902231,-0.096226,-0.034591,-0.090040,0.995337,0,0.98996,1.00000,59.398,2.000,500.000,400.000,-1,425.000,-1,325.000,325.000,300.000,325.000,-1,-1,-1,-1,600.000,1000.000,525.000,-1,1,0,2,0,2,0,0,0,0,2,2,2,2,1,0,1,2
79,-6420.541,-7735.187,527.795,-153.186,-0.893354,0.449334,0.004216,-0.447600,-0.888999,-0.096614,-0.039664,-0.088198,0.995313,0,1.00000,0.88000,60.000,1.760,450.000,375.000,-1,425.000,-1,325.000,325.000,300.000,325.000,-1,-1,-1,950.000,575.000,975.000,475.000,-1,1,1,2,0,2,0,0,0,0,2,2,2,1,1,0,1,2
80,-6473.353,-7763.660,525.343,-151.666,-0.881113,0.472900,0.002358,-0.470963,-0.877032,-0.094917,-0.042818,-0.084743,0.995482,0,1.00000,0.76000,60.000,1.520,400.000,375.000,-1,425.000,-1,325.000,325.000,300.000,325.000,-1,-1,-1,875.000,525.000,975.000,425.000,-1,1,1,2,0,2,0,0,1,0,2,2,2,1,1,0,1,2
81,-6525.517,-7793.305,522.475,-150.386,-0.870277,0.492561,-0.001196,-0.490341,-0.866580,-0.092766,-0.046729,-0.080146,0.995687,0,1.00000,0.64000,60.000,1.280,350.000,350.000,-1,425.000,-1,325.000,325.000,300.000,325.000,-1,-1,-1,850.000,500.000,950.000,375.000,-1,1,1,2,0,2,0,0,1,0,2,2,2,1,1,0,1,2
82,-6577.137,-7823.888,520.411,-149.346,-0.861029,0.508535,-0.004538,-0.506321,-0.858047,-0.085993,-0.047625,-0.071745,0.996285,0,1.00000,0.52000,60.000,1.040,325.000,325.000,-1,425.000,-1,325.000,350.000,325.000,325.000,-1,-1,-1,825.000,475.000,950.000,325.000,-1,1,1,2,0,2,1,0,1,0,2,2,2,1,1,0,1,2
83,-6628.326,-7855.187,519.043,-148.546,-0.853619,0.520843,-0.007552,-0.518867,-0.851480,-0.075889,-0.045957,-0.060862,0.997088,0,1.00000,0.40000,60.000,0.800,300.000,325.000,-1,425.000,-1,325.000,350.000,325.000,300.000,-1,-1,-1,850.000,475.000,975.000,300.000,-1,1,1,2,0,2,1,0,1,0,2,2,2,1,1,0,1,2
84,-6679.205,-7886.986,517.688,-147.986,-0.848293,0.529452,-0.008906,-0.527868,-0.846847,-0.064855,-0.041879,-0.050315,0.997855,0,1.00000,0.28000,60.000,0.560,275.000,325.000,-1,450.000,-1,325.000,350.000,350.000,300.000,-1,-1,-1,850.000,475.000,-1,300.000,-1,1,1,2,0,2,1,0,1,0,2,2,2,1,1,2,1,2
85,-6729.905,-7919.070,516.528,-147.666,-0.845158,0.534435,-0.009301,-0.533308,-0.844290,-0.052501,-0.035911,-0.039412,0.998578,0,1.00000,0.16000,60.000,0.320,275.000,325.000,-1,475.000,-1,300.000,375.000,350.000,300.000,-1,-1,300.000,875.000,475.000,1000.000,325.000,-1,1,1,2,0,2,1,1,1,0,2,2,0,1,1,1,1,2
86,-6780.560,-7951.227,515.063,-147.586,-0.844285,0.535808,-0.009618,-0.535076,-0.843850,-0.040133,-0.029619,-0.028737,0.999148,0,1.00000,0.04000,60.000,0.080,275.000,325.000,-1,475.000,-1,300.000,375.000,350.000,275.000,-1,-1,225.000,875.000,450.000,1000.000,325.000,-1,1,1,2,0,2,1,1,1,0,2,2,0,1,1,1,1,2
87,-6831.303,-7983.244,513.159,-147.746,-0.845703,0.533560,-0.010007,-0.533086,-0.845519,-0.030288,-0.024622,-0.020280,0.999491,0,1.00000,-0.08000,60.000,-0.160,275.000,325.000,-1,500.000,-1,300.000,350.000,350.000,275.000,-1,-1,200.000,875.000,450.000,975.000,300.000,-1,1,1,2,0,2,1,1,1,0,2,2,0,1,1,1,1,2
88,-6882.183,-8015.043,511.368,-147.993,-0.847948,0.529981,-0.010251,-0.529723,-0.847928,-0.020285,-0.019443,-0.011770,0.999742,0,1.00000,-0.12357,60.000,-0.247,250.000,300.000,-1,500.000,-1,300.000,350.000,325.000,275.000,-1,375.000,150.000,900.000,450.000,975.000,300.000,-1,1,1,2,1,2,1,1,1,0,2,0,0,1,1,1,1,2
89,-6933.183,-8046.650,509.709,-148.210,-0.849919,0.526810,-0.010454,-0.526723,-0.849978,-0.010024,-0.014166,-0.003013,0.999895,0,1.00000,-0.10816,60.000,-0.216,250.000,300.000,-1,500.000,-1,300.000,350.000,300.000,275.000,-1,375.000,125.000,900.000,450.000,975.000,300.000,-1,1,1,2,1,2,1,1,1,0,2,0,0,1,1,1,1,2
90,-6984.283,-8078.095,508.182,-148.393,-0.851606,0.524074,-0.010627,-0.524108,-0.851652,0.000503,-0.008787,0.005997,0.999943,0,1.00000,-0.09188,60.000,-0.184,250.000,300.000,-1,475.000,-1,275.000,350.000,275.000,275.000,-1,350.000,100.000,775.000,450.000,975.000,275.000,-1,1,1,2,1,2,1,1,1,0,2,0,0,0,1,1,1,2
91,-7035.464,-8109.408,506.757,-148.543,-0.853003,0.521795,-0.010768,-0.521896,-0.852932,0.011439,-0.003216,0.015377,0.999877,0,1.00000,-0.07484,60.000,-0.150,225.000,300.000,-1,475.000,-1,275.000,325.000,250.000,275.000,-1,325.000,100.000,650.000,425.000,-1,275.000,-1,1,1,2,1,2,1,1,1,0,2,0,0,0,1,2,1,2
92,-7086.450,-8140.463,505.222,-148.658,-0.854113,0.519957,-0.011610,-0.520077,-0.853752,0.025032,0.003103,0.027418,0.999619,0,0.99499,-0.05719,59.699,-0.114,225.000,300.000,-1,475.000,-1,275.000,325.000,250.000,275.000,-1,300.000,50.000,525.000,450.000,-1,275.000,-1,1,1,2,1,2,1,1,1,0,2,0,0,0,1,2,1,2
93,9510.923,-4263.550,105.230,122.089,-0.547883,-0.836347,0.018635,0.809507,-0.524419,0.263974,-0.211002,0.159713,0.964350,1,0.00000,0.00000,58.901,-0.107,-1,300.000,550.000,200.000,125.000,225.000,200.000,825.000,300.000,-1,0.000,75.000,-1,425.000,275.000,650.000,125.000,2,0,0,0,0,0,0,1,0,2,1,1,2,0,0,0,0
94,-985.458,-2300.303,486.635,-108.955,-0.324674,0.945774,0.009900,-0.945529,-0.324817,0.021656,0.023697,-0.002329,0.999716,1,0.08000,0.12000,4.800,0.240,-1,400.000,-1,400.000,-1,325.000,325.000,300.000,325.000,-1,-1,-1,-1,875.000,850.000,-1,-1,2,0,2,0,2,0,0,0,0,2,2,2,2,0,0,2,2
95,-988.500,-2309.408,486.848,-108.475,-0.316745,0.948462,0.009612,-0.948221,-0.316882,0.021489,0.023427,-0.002308,0.999723,0,0.16000,0.24000,9.600,0.480,-1,400.000,-1,400.000,-1,325.000,325.000,300.000,325.000,-1,-1,-1,-1,875.000,850.000,-1,-1,2,0,2,0,2,0,0,0,0,2,2,2,2,0,0,2,2
96,-992.891,-2323.122,487.167,-107.755,-0.304809,0.952369,0.009200,-0.952135,-0.304939,0.021222,0.023017,-0.002290,0.999732,0,0.24000,0.36000,14.400,0.720,-1,400.000,-1,400.000,-1,325.000,325.000,325.000,325.000,-1,-1,-1,-1,875.000,825.000,-1,-1,2,0,2,0,2,0,0,0,0,2,2,2,2,0,0,2,2
97,-998.439,-2341.503,487.595,-106.795,-0.288818,0.957345,0.008686,-0.957120,-0.288940,0.020839,0.022460,-0.002294,0.999745,0,0.32000,0.48000,19.200,0.960,-1,400.000,-1,400.000,-1,325.000,325.000,325.000,325.000,-1,-1,-1,-1,875.000,825.000,-1,-1,2,0,2,0,2,0,0,0,0,2,2,2,2,0,0,2,2
98,-1004.890,-2364.620,488.132,-105.595,-0.268715,0.963186,0.008101,-0.962974,-0.268827,0.020318,0.021748,-0.002341,0.999761,0,0.40000,0.60000,24.000,1.200,-1,400.000,-1,400.000,-1,325.000,325.000,325.000,300.000,-1,-1,-1,-1,875.000,825.000,-1,-1,2,0,2,0,2,0,0,0,0,2,2,2,2,0,0,2,2
99,-1011.933,-2392.546,488.781,-104.155,-0.244435,0.969637,0.007485,-0.969441,-0.244537,0.019636,0.020870,-0.002457,0.999779,0,0.48000,0.72000,28.800,1.440,-1,400.000,-1,400.000,-1,325.000,325.000,325.000,300.000,-1,-1,-1,-1,900.000,825.000,-1,-1,2,0,2,0,2,0,0,0,0,2,2,2,2,0,0,2,2
100,-1019.221,-2425.346,489.544,-102.527,-0.216806,0.976190,0.006882,-0.976014,-0.216899,0.018771,0.019816,-0.002648,0.999800,0,0.56000,0.81376,33.600,1.628,-1,400.000,-1,400.000,-1,325.000,325.000,325.000,300.000,-1,-1,-1,-1,900.000,825.000,-1,-1,2,0,2,0,2,0,0,0,0,2,2,2,2,0,0,2,2
101,-1026.479,-2463.053,490.427,-100.895,-0.188924,0.981971,0.006321,-0.981816,-0.189008,0.017710,0.018586,-0.002860,0.999823,0,0.64000,0.81603,38.400,1.632,-1,400.000,-1,400.000,-1,325.000,325.000,325.000,300.000,-1,-1,-1,-1,925.000,825.000,-1,-1,2,0,2,0,2,0,0,0,0,2,2,2,2,0,0,2,2
102,-1033.371,-2505.345,491.419,-99.256,-0.160774,0.986974,0.005845,-0.986842,-0.160850,0.016461,0.017187,-0.003122,0.999847,0,0.71416,0.81934,42.850,1.639,-1,400.000,-1,400.000,-1,325.000,325.000,325.000,300.000,-1,-1,-1,-1,950.000,825.000,-1,-1,2,0,2,0,2,0,0,0,0,2,2,2,2,0,0,2,2
103,-1039.039,-2547.777,492.410,-97.608,-0.132332,0.991190,0.005541,-0.991080,-0.132402,0.015158,0.015758,-0.003486,0.999870,0,0.71349,0.82388,42.809,1.648,-1,425.000,-1,400.000,-1,325.000,325.000,325.000,325.000,-1,-1,-1,-1,975.000,825.000,-1,-1,2,0,2,0,2,0,0,0,0,2,2,2,2,0,0,2,2
104,-1043.476,-2590.346,493.375,-95.950,-0.103591,0.994605,0.005512,-0.994516,-0.103659,0.013875,0.014372,-0.004045,0.999889,0,0.71333,0.82926,42.800,1.659,-1,425.000,-1,400.000,-1,325.000,325.000,325.000,325.000,-1,-1,-1,-1,1000.000,825.000,-1,-1,2,0,2,0,2,0,0,0,0,2,2,2,2,0,0,2,2
105,-1046.671,-2633.052,493.975,-94.279,-0.074529,0.997193,0.007119,-0.997137,-0.074612,0.012315,0.012812,-0.006180,0.999899,0,0.71375,0.83547,42.825,1.671,-1,425.000,-1,400.000,-1,325.000,325.000,325.000,325.000,-1,-1,-1,-1,1000.000,825.000,-1,-1,2,0,2,0,2,0,0,0,0,2,2,2,2,0,0,2,2
106,-1048.612,-2675.897,494.065,-92.594,-0.045177,0.998950,0.007649,-0.998917,-0.045258,0.010766,0.011101,-0.007154,0.999913,0,0.71481,0.84249,42.889,1.685,-1,425.000,-1,400.000,-1,325.000,325.000,325.000,325.000,-1,-1,-1,-1,-1,825.000,-1,-1,2,0,2,0,2,0,0,0,0,2,2,2,2,2,0,2,2
107,-1049.282,-2718.887,494.077,-90.893,-0.015519,0.999847,0.008101,-0.999838,-0.015592,0.009018,0.009143,-0.007960,0.999927,0,0.71659,0.85031,42.995,1.701,-1,425.000,-1,400.000,-1,325.000,325.000,325.000,325.000,-1,-1,-1,-1,-1,825.000,-1,-1,2,0,2,0,2,0,0,0,0,2,2,2,2,2,0,2,2
108,-1048.661,-2762.029,494.071,-89.176,0.014451,0.999858,0.008726,-0.999870,0.014388,0.007240,0.007114,-0.008829,0.999936,0,0.71912,0.85892,43.147,1.718,-1,425.000,-1,400.000,-1,325.000,325.000,300.000,300.000,-1,-1,-1,-1,-1,825.000,-1,-1,2,0,2,0,2,0,0,0,0,2,2,2,2,2,0,2,2
109,-1046.734,-2805.246,494.043,-87.447,0.044595,0.998960,0.009523,-0.998993,0.044545,0.005439,0.005009,-0.009756,0.999940,0,0.72099,0.86438,43.259,1.729,-1,425.000,-1,400.000,-1,325.000,325.000,300.000,300.000,-1,-1,-1,-1,-1,825.000,-1,-1,2,0,2,0,2,0,0,0,0,2,2,2,2,2,0,2,2
110,-1043.504,-2848.384,493.992,-85.718,0.074694,0.997151,0.010492,-0.997202,0.074660,0.003624,0.002830,-0.010733,0.999938,0,0.72099,0.86438,43.259,1.729,-1,425.000,-1,400.000,-1,325.000,325.000,300.000,300.000,-1,-1,-1,-1,-1,825.000,-1,-1,2,0,2,0,2,0,0,0,0,2,2,2,2,2,0,2,2
111,-1038.974,-2891.406,493.912,-83.989,0.104721,0.994434,0.011630,-0.994501,0.104707,0.001801,0.000573,-0.011755,0.999931,0,0.72099,0.86438,43.259,1.729,-1,425.000,-1,400.000,-1,325.000,325.000,300.000,300.000,-1,-1,-1,-1,-1,825.000,-1,-1,2,0,2,0,2,0,0,0,0,2,2,2,2,2,0,2,2
112,-1032.701,-2939.054,493.789,-82.501,0.130492,0.991363,0.013100,-0.991447,0.130506,-0.000233,-0.001941,-0.012958,0.999914,0,0.80099,0.74438,48.059,1.489,-1,425.000,-1,400.000,-1,325.000,325.000,300.000,300.000,-1,-1,-1,-1,-1,825.000,-1,-1,2,0,2,0,2,0,0,0,0,2,2,2,2,2,0,2,2
113,-1025.083,-2988.558,493.623,-81.252,0.152027,0.988266,0.014802,-0.988366,0.152078,-0.002363,-0.004586,-0.014271,0.999888,0,0.83478,0.62438,50.087,1.249,-1,425.000,-1,400.000,-1,325.000,325.000,300.000,300.000,-1,-1,-1,-1,-1,825.000,-1,-1,2,0,2,0,2,0,0,0,0,2,2,2,2,2,0,2,2
114,-1016.594,-3037.921,493.421,-80.243,0.169354,0.985415,0.016639,-0.985529,0.169449,-0.004508,-0.007262,-0.015635,0.999851,0,0.83478,0.50438,50.087,1.009,-1,425.000,-1,400.000,-1,325.000,325.000,300.000,300.000,-1,-1,-1,-1,-1,825.000,-1,-1,2,0,2,0,2,0,0,0,0,2,2,2,2,2,0,2,2
115,-1007.444,-3087.165,493.184,-79.474,0.182502,0.983030,0.018578,-0.983155,0.182651,-0.006679,-0.009959,-0.017047,0.999805,0,0.83478,0.38438,50.087,0.769,-1,425.000,-1,400.000,-1,325.000,325.000,300.000,300.000,-1,-1,-1,-1,-1,825.000,-1,-1,2,0,2,0,2,0,0,0,0,2,2,2,2,2,0,2,2
116,-997.840,-3136.323,492.917,-78.945,0.191498,0.981277,0.020586,-0.981411,0.191710,-0.008885,-0.012665,-0.018502,0.999749,0,0.83478,0.26438,50.087,0.529,-1,425.000,-1,400.000,-1,325.000,325.000,300.000,300.000,-1,-1,-1,-1,-1,825.000,-1,-1,2,0,2,0,2,0,0,0,0,2,2,2,2,2,0,2,2
117,-987.866,-3185.407,492.621,-78.515,0.198789,0.979780,0.022651,-0.979921,0.199075,-0.011126,-0.015410,-0.019984,0.999682,0,0.83478,0.21533,50.087,0.431,-1,425.000,-1,400.000,-1,350.000,325.000,300.000,300.000,-1,-1,-1,-1,-1,825.000,-1,-1,2,0,2,0,2,0,0,0,0,2,2,2,2,2,0,2,2
118,-977.524,-3234.415,492.192,-78.084,0.206072,0.978234,0.024340,-0.978373,0.206429,-0.013178,-0.017916,-0.021098,0.999617,0,0.83478,0.21533,50.087,0.431,-1,450.000,-1,400.000,-1,350.000,325.000,300.000,300.000,-1,-1,-1,-1,-1,825.000,-1,-1,2,0,2,0,2,0,0,0,0,2,2,2,2,2,0,2,2
119,-966.814,-3283.343,491.323,-77.653,0.213358,0.976663,0.024661,-0.976754,0.213778,-0.015836,-0.020738,-0.020709,0.999570,0,0.83478,0.21533,50.087,0.431,-1,450.000,-1,400.000,-1,350.000,325.000,300.000,300.000,-1,-1,-1,-1,-1,825.000,-1,-1,2,0,2,0,2,0,0,0,0,2,2,2,2,2,0,2,2
120,-955.737,-3332.190,490.317,-77.223,0.220630,0.975032,0.025178,-0.975075,0.221114,-0.018350,-0.023459,-0.020501,0.999515,0,0.83478,0.21533,50.087,0.431,-1,450.000,-1,400.000,-1,350.000,325.000,300.000,300.000,-1,-1,-1,-1,-1,825.000,-1,-1,2,0,2,0,2,0,0,0,0,2,2,2,2,2,0,2,2
121,-944.292,-3380.952,488.770,-76.792,0.227849,0.973305,0.027595,-0.973356,0.228428,-0.019997,-0.025766,-0.022304,0.999419,0,0.83478,0.21533,50.087,0.431,-1,450.000,-1,400.000,-1,350.000,325.000,300.000,300.000,-1,-1,-1,-1,-1,825.000,-1,-1,2,0,2,0,2,0,0,0,0,2,2,2,2,2,0,2,2
122,-932.481,-3429.627,487.059,-76.361,0.235019,0.971509,0.030603,-0.971573,0.235724,-0.021904,-0.028493,-0.024585,0.999292,0,0.83478,0.21533,50.087,0.431,-1,450.000,-1,400.000,-1,350.000,325.000,300.000,300.000,-1,-1,-1,-1,-1,800.000,-1,-1,2,0,2,0,2,0,0,0,0,2,2,2,2,2,0,2,2
123,-920.304,-3478.211,485.294,-75.931,0.242159,0.969652,0.033666,-0.969733,0.243006,-0.023812,-0.031270,-0.026881,0.999149,0,0.83478,0.21533,50.087,0.431,-1,450.000,-1,400.000,-1,350.000,325.000,300.000,300.000,-1,-1,-1,-1,-1,800.000,-1,-1,2,0,2,0,2,0,0,0,0,2,2,2,2,2,0,2,2
124,-907.762,-3526.703,483.473,-75.500,0.249268,0.967736,0.036785,-0.967834,0.250271,-0.025721,-0.034097,-0.029191,0.998992,0,0.83478,0.21533,50.087,0.431,-1,450.000,-1,400.000,-1,350.000,325.000,300.000,300.000,-1,-1,-1,-1,-1,800.000,-1,-1,2,0,2,0,2,0,0,0,0,2,2,2,2,2,0,2,2
125,-894.856,-3575.099,481.594,-75.069,0.256345,0.965759,0.039960,-0.965878,0.257520,-0.027630,-0.036974,-0.031514,0.998819,0,0.83478,0.21533,50.087,0.431,-1,450.000,-1,400.000,-1,350.000,325.000,300.000,300.000,-1,-1,-1,-1,-1,800.000,-1,-1,2,0,2,0,2,0,0,0,0,2,2,2,2,2,0,2,2
126,-881.586,-3623.397,479.656,-74.639,0.263389,0.963722,0.043191,-0.963864,0.264751,-0.029537,-0.039901,-0.033850,0.998630,0,0.83478,0.21533,50.087,0.431,-1,450.000,-1,400.000,-1,350.000,325.000,300.000,300.000,-1,-1,-1,-1,-1,800.000,-1,-1,2,0,2,0,2,0,0,0,0,2,2,2,2,2,0,2,2
127,-867.953,-3671.593,477.657,-74.208,0.270398,0.961626,0.046478,-0.961793,0.271965,-0.031444,-0.042877,-0.036200,0.998424,0,0.83478,0.21533,50.087,0.431,-1,450.000,-1,400.000,-1,350.000,325.000,300.000,300.000,-1,-1,-1,-1,-1,800.000,-1,-1,2,0,2,0,2,0,0,0,0,2,2,2,2,2,0,2,2
128,-853.959,-3719.686,475.594,-73.777,0.277373,0.959470,0.049822,-0.959665,0.279161,-0.033347,-0.045904,-0.038562,0.998201,0,0.83478,0.21533,50.087,0.431,-1,425.000,-1,400.000,-1,350.000,325.000,300.000,325.000,-1,-1,-1,-1,-1,800.000,-1,-1,2,0,2,0,2,0,0,0,0,2,2,2,2,2,0,2,2
129,-839.603,-3767.672,473.442,-73.347,0.284311,0.957258,0.053152,-0.957476,0.286339,-0.035348,-0.049056,-0.040842,0.997961,0,0.83478,0.21533,50.087,0.431,-1,425.000,-1,400.000,-1,350.000,325.000,300.000,325.000,-1,-1,-1,-1,1000.000,800.000,-1,-1,2,0,2,0,2,0,0,0,0,2,2,2,2,0,0,2,2
130,-824.778,-3815.894,471.062,-72.913,0.291273,0.954989,0.056177,-0.955187,0.293564,-0.037929,-0.052713,-0.042612,0.997700,0,0.84083,0.21713,50.450,0.434,-1,425.000,-1,400.000,-1,350.000,325.000,300.000,325.000,-1,-1,-1,-1,975.000,800.000,-1,-1,2,0,2,0,2,0,0,0,0,2,2,2,2,0,0,2,2
131,-809.474,-3864.353,468.449,-72.475,0.298304,0.952666,0.058671,-0.952823,0.300837,-0.040327,-0.056069,-0.043874,0.997462,0,0.84695,0.21893,50.817,0.438,-1,425.000,-1,400.000,-1,350.000,325.000,300.000,325.000,-1,-1,-1,-1,950.000,800.000,-1,-1,2,0,2,0,2,0,0,0,0,2,2,2,2,0,0,2,2
132,-793.684,-3913.044,465.539,-72.033,0.305416,0.950298,0.060463,-0.950372,0.308161,-0.042775,-0.059281,-0.044398,0.997254,0,0.85312,0.22073,51.187,0.441,-1,425.000,-1,400.000,-1,350.000,325.000,300.000,300.000,-1,-1,-1,-1,950.000,775.000,-1,-1,2,0,2,0,2,0,0,0,0,2,2,2,2,1,0,2,2
133,-777.398,-3961.966,462.503,-71.588,0.312556,0.947857,0.062261,-0.947832,0.315528,-0.045358,-0.062638,-0.044836,0.997029,0,0.85934,0.22254,51.561,0.445,-1,425.000,-1,400.000,-1,325.000,325.000,300.000,300.000,-1,-1,-1,-1,900.000,775.000,-1,-1,2,0,2,0,2,0,0,0,0,2,2,2,2,1,0,2,2
134,-760.608,-4011.114,459.281,-71.139,0.319721,0.945322,0.064374,-0.945225,0.322929,-0.047600,-0.065786,-0.045629,0.996790,0,0.86561,0.22436,51.937,0.449,-1,425.000,-1,400.000,-1,325.000,325.000,300.000,300.000,-1,-1,-1,-1,850.000,775.000,-1,-1,2,0,2,0,2,0,0,0,0,2,2,2,2,1,0,2,2
135,-743.304,-4060.485,455.744,-70.687,0.326907,0.942671,0.067110,-0.942590,0.330357,-0.048865,-0.068234,-0.047283,0.996548,0,0.87192,0.22618,52.315,0.452,-1,425.000,-1,400.000,-1,325.000,325.000,300.000,300.000,-1,-1,-1,-1,825.000,775.000,1000.000,-1,2,0,2,0,2,0,0,0,0,2,2,2,2,1,0,1,2
136,-725.479,-4110.076,452.128,-70.231,0.334133,0.939942,0.069748,-0.939877,0.337825,-0.050060,-0.070616,-0.048828,0.996308,0,0.87829,0.22802,52.697,0.456,-1,425.000,-1,400.000,-1,325.000,325.000,300.000,300.000,-1,-1,-1,-1,775.000,750.000,950.000,-1,2,0,2,0,2,0,0,0,0,2,2,2,2,1,0,1,2
137,-707.123,-4159.883,448.402,-69.771,0.341388,0.937128,0.072421,-0.937082,0.345330,-0.051229,-0.073017,-0.050376,0.996058,0,0.88469,0.22988,53.082,0.460,-1,425.000,-1,400.000,-1,325.000,325.000,300.000,300.000,-1,-1,-1,-1,725.000,750.000,900.000,-1,2,0,2,0,2,0,0,0,0,2,2,2,2,1,0,1,2
