timestep,x_cm,y_cm,z_cm,yaw_deg,basis_xx,basis_xy,basis_xz,basis_yx,basis_yy,basis_yz,basis_zx,basis_zy,basis_zz,teleport_flag,throttle_cmd,steering_cmd,cmd_move_cm,cmd_turn_deg,lidar_cm_0,lidar_cm_1,lidar_cm_2,lidar_cm_3,lidar_cm_4,lidar_cm_5,lidar_cm_6,lidar_cm_7,lidar_cm_8,lidar_cm_9,lidar_cm_10,lidar_cm_11,lidar_cm_12,lidar_cm_13,lidar_cm_14,lidar_cm_15,lidar_cm_16,lidar_class_0,lidar_class_1,lidar_class_2,lidar_class_3,lidar_class_4,lidar_class_5,lidar_class_6,lidar_class_7,lidar_class_8,lidar_class_9,lidar_class_10,lidar_class_11,lidar_class_12,lidar_class_13,lidar_class_14,lidar_class_15,lidar_class_16
0,4259.838,-6884.256,-315.874,140.500,-0.770686,-0.634829,0.055089,0.636909,-0.770111,0.035734,0.019739,0.062626,0.997842,1,0.08000,0.12000,4.800,0.240,-1,400.000,-1,375.000,-1,325.000,325.000,300.000,100.000,-1,-1,-1,-1,775.000,700.000,-1,-1,2,0,2,0,2,0,0,0,1,2,2,2,2,0,0,2,2
1,4252.379,-6878.212,-315.693,140.980,-0.775964,-0.628362,0.055141,0.630449,-0.775410,0.035681,0.020336,0.062451,0.997841,0,0.16000,0.24000,9.600,0.480,-1,400.000,-1,375.000,-1,325.000,325.000,300.000,100.000,-1,-1,-1,675.000,775.000,700.000,-1,-1,2,0,2,0,2,0,0,0,1,2,2,2,1,0,0,2,2
2,4241.112,-6869.245,-313.958,141.504,-0.781942,-0.621453,0.048608,0.623125,-0.781379,0.034100,0.016790,0.056953,0.998236,0,0.24000,0.26186,14.400,0.524,-1,375.000,-1,375.000,-1,325.000,325.000,300.000,125.000,-1,-1,-1,450.000,750.000,700.000,-1,-1,2,0,2,0,2,0,0,0,1,2,2,2,1,0,0,2,2
3,4225.981,-6857.427,-311.582,142.028,-0.787898,-0.614524,0.039718,0.615694,-0.787343,0.031805,0.011727,0.049513,0.998705,0,0.32000,0.26203,19.200,0.524,-1,375.000,-1,375.000,-1,300.000,325.000,300.000,125.000,-1,-1,-1,350.000,725.000,700.000,-1,-1,2,0,2,0,2,0,0,0,1,2,2,2,1,0,0,2,2
4,4206.930,-6842.830,-308.960,142.552,-0.793735,-0.607509,0.030314,0.608232,-0.793223,0.029182,0.006317,0.041601,0.999114,0,0.40000,0.26231,24.000,0.525,-1,375.000,-1,375.000,-1,300.000,300.000,275.000,150.000,-1,-1,-1,325.000,675.000,700.000,-1,-1,2,0,2,0,2,0,0,0,1,2,2,2,1,0,0,2,2
5,4183.909,-6825.526,-306.228,143.078,-0.799433,-0.600387,0.021037,0.600755,-0.798998,0.026380,0.000970,0.033727,0.999431,0,0.48000,0.26272,28.800,0.525,-1,350.000,-1,375.000,-1,300.000,300.000,275.000,175.000,-1,-1,-1,300.000,650.000,675.000,-1,-1,2,0,2,0,2,0,0,0,1,2,2,2,1,0,0,2,2
6,4156.865,-6805.587,-303.556,143.605,-0.804994,-0.593148,0.012631,0.593270,-0.804659,0.023523,-0.003789,0.026429,0.999644,0,0.56000,0.26331,33.600,0.527,-1,350.000,-1,375.000,-1,300.000,300.000,275.000,200.000,-1,-1,-1,275.000,625.000,675.000,-1,-1,2,0,2,0,2,0,0,0,1,2,2,2,1,0,0,2,2
7,4125.747,-6783.086,-301.137,144.133,-0.810443,-0.585788,0.005935,0.585772,-0.810209,0.020796,-0.007373,0.020331,0.999766,0,0.64000,0.26412,38.400,0.528,1000.000,350.000,-1,375.000,-1,300.000,300.000,275.000,225.000,-1,-1,-1,250.000,600.000,675.000,-1,-1,0,0,2,0,2,0,0,0,1,2,2,2,1,0,0,2,2
8,4092.900,-6759.797,-299.239,144.663,-0.815818,-0.578305,0.001957,0.578235,-0.815656,0.018693,-0.009214,0.016381,0.999823,0,0.67110,0.26519,40.266,0.530,900.000,350.000,-1,375.000,-1,300.000,300.000,275.000,250.000,-1,-1,-1,250.000,600.000,675.000,-1,-1,0,0,2,0,2,0,0,0,1,2,2,2,1,0,0,2,2
9,4060.015,-6736.937,-297.977,145.196,-0.821153,-0.570707,0.000968,0.570635,-0.821020,0.017398,-0.009135,0.014839,0.999848,0,0.66750,0.26647,40.050,0.533,875.000,350.000,-1,375.000,-1,300.000,300.000,275.000,275.000,-1,-1,-1,250.000,600.000,675.000,1000.000,-1,0,0,2,0,2,0,0,0,1,2,2,2,1,0,0,0,2
10,4027.079,-6714.497,-297.341,145.732,-0.826454,-0.562997,0.002885,0.562959,-0.826310,0.016979,-0.007175,0.015656,0.999852,0,0.66424,0.26790,39.854,0.536,925.000,350.000,-1,375.000,-1,300.000,300.000,275.000,325.000,-1,-1,-1,250.000,600.000,675.000,-1,-1,0,0,2,0,2,0,0,0,1,2,2,2,1,0,0,2,2
11,3994.078,-6692.465,-297.347,146.271,-0.831702,-0.555172,0.007489,0.555211,-0.831526,0.017453,-0.003462,0.018673,0.999820,0,0.66132,0.26947,39.679,0.539,1000.000,350.000,-1,375.000,-1,300.000,300.000,275.000,350.000,-1,-1,-1,225.000,625.000,700.000,-1,-1,0,0,2,0,2,0,0,0,1,2,2,2,1,0,0,2,2
12,3961.000,-6670.831,-297.958,146.813,-0.836861,-0.547214,0.014845,0.547412,-0.836649,0.018926,0.002064,0.023965,0.999711,0,0.65875,0.27117,39.525,0.542,-1,350.000,-1,375.000,-1,300.000,300.000,275.000,375.000,-1,-1,-1,225.000,650.000,700.000,-1,-1,2,0,2,0,2,0,0,0,0,2,2,2,1,0,0,2,2
13,3927.828,-6649.587,-299.163,147.359,-0.841871,-0.539104,0.024880,0.539597,-0.841650,0.021463,0.009370,0.031494,0.999460,0,0.65652,0.27299,39.391,0.546,-1,375.000,-1,375.000,-1,300.000,325.000,275.000,350.000,-1,-1,-1,225.000,675.000,700.000,-1,-1,2,0,2,0,2,0,0,0,0,2,2,2,1,0,0,2,2
14,3894.549,-6628.725,-300.954,147.909,-0.846657,-0.530814,0.037520,0.531820,-0.846485,0.025125,0.018423,0.041226,0.998980,0,0.65462,0.27493,39.277,0.550,-1,375.000,-1,375.000,-1,325.000,325.000,300.000,325.000,-1,-1,-1,225.000,725.000,725.000,-1,-1,2,0,2,0,2,0,0,1,0,2,2,2,1,0,0,2,2
15,3861.148,-6608.238,-303.145,148.463,-0.851159,-0.522330,0.051960,0.524121,-0.851127,0.029659,0.028733,0.052478,0.998209,0,0.65305,0.27697,39.183,0.554,-1,400.000,-1,375.000,-1,325.000,325.000,325.000,300.000,-1,-1,-1,225.000,775.000,750.000,-1,-1,2,0,2,0,2,0,0,1,0,2,2,2,1,0,0,2,2
16,3827.619,-6588.107,-301.933,149.021,-0.856192,-0.514043,0.051904,0.515802,-0.856228,0.028669,0.029704,0.051318,0.998241,0,0.65180,0.27912,39.108,0.558,-1,400.000,-1,400.000,-1,325.000,325.000,325.000,300.000,-1,-1,-1,250.000,775.000,750.000,-1,-1,2,0,2,0,2,0,0,1,0,2,2,2,1,0,0,2,2
17,3793.944,-6568.337,-300.710,149.584,-0.861186,-0.505638,0.051849,0.507366,-0.861285,0.027728,0.030636,0.050186,0.998270,0,0.65084,0.28136,39.050,0.563,-1,400.000,-1,400.000,-1,325.000,325.000,325.000,300.000,-1,-1,-1,300.000,775.000,750.000,-1,-1,2,0,2,0,2,0,0,1,0,2,2,2,1,0,0,2,2
18,3760.109,-6548.920,-299.492,150.151,-0.866141,-0.497110,0.051784,0.498808,-0.866295,0.026906,0.031485,0.049135,0.998296,0,0.65017,0.28370,39.010,0.567,-1,400.000,-1,400.000,-1,325.000,325.000,325.000,300.000,-1,-1,-1,325.000,775.000,775.000,-1,-1,2,0,2,0,2,0,0,1,0,2,2,2,1,0,0,2,2
19,3726.103,-6529.855,-298.322,150.724,-0.871059,-0.488453,0.051670,0.490127,-0.871250,0.026418,0.032114,0.048336,0.998315,0,0.64977,0.28611,38.986,0.572,-1,400.000,-1,400.000,-1,325.000,325.000,325.000,300.000,-1,-1,-1,350.000,775.000,775.000,-1,-1,2,0,2,0,2,0,0,1,0,2,2,2,1,0,0,2,2
20,3691.914,-6511.137,-297.143,151.301,-0.875934,-0.479669,0.051546,0.481321,-0.876159,0.025986,0.032698,0.047572,0.998332,0,0.64962,0.28861,38.977,0.577,-1,400.000,-1,400.000,-1,325.000,325.000,325.000,300.000,-1,-1,-1,375.000,775.000,775.000,-1,-1,2,0,2,0,2,0,0,1,0,2,2,2,1,0,0,2,2
21,3657.532,-6492.766,-295.936,151.883,-0.880767,-0.470754,0.051394,0.472387,-0.881017,0.025697,0.033182,0.046911,0.998348,0,0.64971,0.29118,38.983,0.582,-1,400.000,-1,400.000,-1,325.000,325.000,325.000,300.000,-1,-1,-1,400.000,775.000,775.000,-1,-1,2,0,2,0,2,0,0,1,0,2,2,2,1,0,0,2,2
22,3619.815,-6473.303,-294.560,152.705,-0.887441,-0.458073,0.051171,0.459692,-0.887706,0.025707,0.033649,0.046336,0.998359,0,0.70738,0.41118,42.443,0.822,-1,400.000,-1,400.000,-1,325.000,325.000,325.000,300.000,-1,-1,500.000,450.000,775.000,775.000,-1,-1,2,0,2,0,2,0,0,1,0,2,2,1,1,0,0,2,2
23,3581.860,-6454.479,-293.169,153.622,-0.894664,-0.443827,0.050927,0.445433,-0.894944,0.025781,0.034135,0.045750,0.998370,0,0.70612,0.45825,42.367,0.916,-1,400.000,-1,400.000,-1,325.000,325.000,325.000,300.000,-1,-1,500.000,475.000,750.000,775.000,-1,-1,2,0,2,0,2,0,0,1,0,2,2,1,1,0,0,2,2
24,3543.671,-6436.295,-291.759,154.539,-0.901665,-0.429457,0.050657,0.431051,-0.901956,0.025904,0.034566,0.045192,0.998380,0,0.70495,0.45855,42.297,0.917,-1,400.000,-1,400.000,-1,325.000,325.000,325.000,300.000,-1,-1,525.000,525.000,750.000,775.000,-1,-1,2,0,2,0,2,0,0,1,0,2,2,1,1,0,0,2,2
25,3505.260,-6418.755,-290.330,155.457,-0.908441,-0.414968,0.050361,0.416549,-0.908739,0.026072,0.034946,0.044662,0.998391,0,0.70377,0.45879,42.226,0.918,-1,400.000,-1,400.000,-1,325.000,325.000,300.000,300.000,-1,-1,575.000,575.000,750.000,775.000,-1,-1,2,0,2,0,2,0,0,1,0,2,2,1,1,0,0,2,2
26,3466.639,-6401.861,-288.883,156.375,-0.914988,-0.400365,0.050037,0.401935,-0.915291,0.026281,0.035277,0.044158,0.998402,0,0.70257,0.45896,42.154,0.918,-1,400.000,-1,400.000,-1,325.000,325.000,300.000,300.000,-1,-1,600.000,600.000,750.000,775.000,-1,-1,2,0,2,0,2,0,0,1,0,2,2,1,1,0,0,2,2
27,3427.820,-6385.617,-287.417,157.293,-0.921304,-0.385656,0.049684,0.387214,-0.921608,0.026527,0.035559,0.043678,0.998413,0,0.70137,0.45907,42.082,0.918,-1,400.000,-1,400.000,-1,325.000,325.000,300.000,275.000,-1,-1,625.000,650.000,750.000,775.000,-1,-1,2,0,2,0,2,0,0,0,0,2,2,1,1,0,0,2,2
28,3388.811,-6370.023,-285.953,158.211,-0.927383,-0.370846,0.049333,0.372390,-0.927692,0.026703,0.035863,0.043135,0.998425,0,0.70016,0.45911,42.010,0.918,-1,400.000,-1,400.000,-1,325.000,325.000,300.000,300.000,-1,-1,675.000,700.000,750.000,775.000,-1,-1,2,0,2,0,2,0,0,0,0,2,2,1,1,0,0,2,2
29,3349.626,-6355.082,-284.476,159.129,-0.933223,-0.355941,0.048998,0.357471,-0.933538,0.026861,0.036181,0.042583,0.998438,0,0.69896,0.45908,41.938,0.918,-1,400.000,-1,400.000,-1,325.000,325.000,300.000,300.000,-1,-1,700.000,750.000,725.000,775.000,-1,-1,2,0,2,0,2,0,0,0,0,2,2,1,1,0,0,2,2
30,3310.273,-6340.795,-282.822,160.047,-0.938817,-0.340945,0.048784,0.342471,-0.939137,0.027124,0.036567,0.042172,0.998441,0,0.69777,0.45899,41.866,0.918,-1,400.000,-1,400.000,-1,325.000,325.000,300.000,300.000,-1,-1,725.000,800.000,-1,775.000,-1,-1,2,0,2,0,2,0,0,0,0,2,2,1,1,2,0,2,2
31,3266.222,-6325.390,-280.927,160.725,-0.942805,-0.329813,0.048401,0.331327,-0.943120,0.027332,0.036633,0.041805,0.998454,0,0.77777,0.33899,46.666,0.678,-1,375.000,-1,400.000,-1,325.000,325.000,300.000,300.000,-1,925.000,775.000,850.000,-1,775.000,-1,-1,2,0,2,0,2,0,0,0,0,2,1,1,1,2,0,2,2
32,3217.471,-6308.895,-278.863,161.307,-0.946123,-0.320214,0.048102,0.321724,-0.946429,0.027668,0.036666,0.041653,0.998459,0,0.85777,0.29115,51.466,0.582,-1,375.000,-1,400.000,-1,325.000,325.000,300.000,300.000,-1,950.000,825.000,900.000,-1,775.000,-1,-1,2,0,2,0,2,0,0,0,0,2,1,1,1,2,0,2,2
33,3167.413,-6292.523,-276.791,161.889,-0.949318,-0.310592,0.048248,0.312120,-0.949628,0.028072,0.037099,0.041708,0.998441,0,0.87780,0.29072,52.668,0.581,-1,375.000,-1,400.000,-1,325.000,325.000,300.000,300.000,-1,975.000,875.000,950.000,-1,-1,-1,-1,2,0,2,0,2,0,0,0,0,2,1,1,1,2,2,2,2
34,3117.306,-6276.695,-274.622,162.469,-0.952396,-0.300962,0.048621,0.302502,-0.952735,0.028063,0.037877,0.041435,0.998423,0,0.87578,0.29014,52.547,0.580,-1,375.000,-1,400.000,-1,325.000,325.000,300.000,300.000,-1,1000.000,925.000,1000.000,-1,-1,-1,-1,2,0,2,0,2,0,0,0,0,2,1,1,1,2,2,2,2
35,3067.154,-6261.407,-272.464,163.048,-0.955366,-0.291325,0.049039,0.292881,-0.955735,0.028129,0.038674,0.041236,0.998401,0,0.87385,0.28941,52.431,0.579,-1,375.000,-1,400.000,-1,325.000,325.000,300.000,300.000,-1,-1,975.000,-1,-1,-1,-1,-1,2,0,2,0,2,0,0,0,0,2,2,1,2,2,2,2,2
36,3016.955,-6246.657,-270.315,163.625,-0.958229,-0.281685,0.049500,0.283262,-0.958626,0.028267,0.039490,0.041108,0.998374,0,0.87202,0.28855,52.321,0.577,-1,375.000,-1,400.000,-1,325.000,325.000,300.000,300.000,-1,-1,1000.000,-1,-1,-1,-1,-1,2,0,2,0,2,0,0,0,0,2,2,1,2,2,2,2,2
37,2966.709,-6232.439,-268.174,164.200,-0.960983,-0.272050,0.050002,0.273651,-0.961407,0.028476,0.040325,0.041048,0.998343,0,0.87032,0.28755,52.219,0.575,-1,-1,-1,400.000,-1,325.000,325.000,300.000,300.000,-1,-1,-1,-1,-1,-1,-1,-1,2,2,2,0,2,0,0,0,0,2,2,2,2,2,2,2,2
38,2916.415,-6218.749,-266.040,164.773,-0.963628,-0.262424,0.050540,0.264055,-0.964079,0.028755,0.041179,0.041054,0.998308,0,0.86874,0.28643,52.124,0.573,-1,-1,-1,400.000,-1,325.000,325.000,300.000,300.000,-1,-1,-1,-1,-1,-1,-1,-1,2,2,2,0,2,0,0,0,0,2,2,2,2,2,2,2,2
39,2861.373,-6204.232,-263.721,165.225,-0.965636,-0.254811,0.051173,0.256480,-0.966110,0.029136,0.042015,0.041260,0.998265,0,0.94874,0.22591,56.924,0.452,-1,-1,-1,-1,-1,-1,-1,300.000,300.000,-1,-1,-1,-1,-1,-1,-1,-1,2,2,2,2,2,2,2,0,0,2,2,2,2,2,2,2,2
40,2805.946,-6190.083,-261.398,165.679,-0.967594,-0.247134,0.051842,0.248846,-0.968091,0.029592,0.042875,0.041534,0.998217,0,0.95340,0.22733,57.204,0.455,-1,-1,-1,-1,-1,-1,-1,300.000,300.000,-1,-1,-1,-1,-1,-1,-1,-1,2,2,2,2,2,2,2,0,0,2,2,2,2,2,2,2,2
41,2750.192,-6176.324,-259.073,166.137,-0.969501,-0.239389,0.052545,0.241150,-0.970020,0.030121,0.043759,0.041873,0.998164,0,0.95711,0.22884,57.427,0.458,-1,-1,-1,-1,-1,-1,-1,300.000,300.000,-1,-1,-1,-1,-1,-1,-1,-1,2,2,2,2,2,2,2,0,0,2,2,2,2,2,2,2,2
42,2694.114,-6162.962,-256.721,166.598,-0.971360,-0.231573,0.053226,0.233390,-0.971894,0.030833,0.044590,0.042372,0.998106,0,0.96079,0.23048,57.648,0.461,-1,-1,-1,-1,-1,-1,-1,300.000,300.000,-1,-1,-1,-1,-1,-1,-1,-1,2,2,2,2,2,2,2,0,0,2,2,2,2,2,2,2,2
43,2637.721,-6149.995,-260.034,167.063,-0.974166,-0.223844,0.029898,0.224311,-0.974427,0.013278,0.026161,0.019641,0.999465,0,0.96444,0.23225,57.866,0.464,-1,-1,-1,-1,-1,-1,-1,250.000,325.000,-1,-1,-1,-1,-1,-1,-1,-1,2,2,2,2,2,2,2,0,0,2,2,2,2,2,2,2,2
44,2581.010,-6137.453,-266.728,167.531,-0.976393,-0.215881,-0.007203,0.215971,-0.976268,-0.016017,-0.003575,-0.017194,0.999846,0,0.96804,0.23419,58.082,0.468,-1,-1,-1,-1,-1,-1,-1,175.000,350.000,-1,-1,-1,-1,-1,-1,-1,-1,2,2,2,2,2,2,2,0,0,2,2,2,2,2,2,2,2
45,-1639.832,-8855.075,60.832,73.324,0.287149,-0.957833,0.010083,0.954067,0.286928,0.086191,-0.085449,-0.015130,0.996228,1,0.00000,0.00000,58.294,0.473,-1,375.000,-1,400.000,-1,325.000,325.000,300.000,300.000,-1,-1,-1,-1,750.000,825.000,-1,-1,2,0,2,0,2,0,0,0,0,2,2,2,2,0,0,2,2
46,-1638.474,-8850.471,60.423,73.564,0.283110,-0.959033,0.010213,0.955262,0.282915,0.086223,-0.085580,-0.014655,0.996224,0,0.08000,0.12000,4.800,0.240,-1,375.000,-1,400.000,-1,325.000,325.000,300.000,300.000,-1,-1,-1,-1,750.000,825.000,-1,-1,2,0,2,0,2,0,0,0,0,2,2,2,2,0,0,2,2
47,-1635.835,-8841.241,59.601,74.044,0.275016,-0.961383,0.010472,0.957601,0.274874,0.086285,-0.085831,-0.013701,0.996215,0,0.16000,0.24000,9.600,0.480,-1,375.000,-1,400.000,-1,325.000,325.000,300.000,300.000,-1,-1,-1,-1,750.000,825.000,-1,-1,2,0,2,0,2,0,0,0,0,2,2,2,2,0,0,2,2
48,-1632.050,-8827.347,58.364,74.764,0.262838,-0.964779,0.010862,0.960983,0.262777,0.086372,-0.086184,-0.012264,0.996204,0,0.24000,0.36000,14.400,0.720,-1,375.000,-1,400.000,-1,325.000,325.000,300.000,300.000,-1,-1,-1,-1,750.000,825.000,-1,-1,2,0,2,0,2,0,0,0,0,2,2,2,2,0,0,2,2
49,-1627.315,-8808.740,56.706,75.724,0.246535,-0.969067,0.011381,0.965256,0.246581,0.086479,-0.086611,-0.010335,0.996189,0,0.32000,0.48000,19.200,0.960,-1,375.000,-1,400.000,-1,325.000,325.000,300.000,300.000,-1,-1,-1,-1,750.000,825.000,-1,-1,2,0,2,0,2,0,0,0,0,2,2,2,2,0,0,2,2
50,-1621.884,-8785.362,54.621,76.924,0.226055,-0.974040,0.012030,0.970215,0.226237,0.086598,-0.087072,-0.007904,0.996171,0,0.40000,0.60000,24.000,1.200,-1,375.000,-1,400.000,-1,325.000,325.000,300.000,300.000,-1,-1,-1,-1,725.000,825.000,-1,-1,2,0,2,0,2,0,0,0,0,2,2,2,2,0,0,2,2
51,-1616.075,-8757.154,52.103,78.364,0.201346,-0.979436,0.012809,0.975602,0.201692,0.086719,-0.087520,-0.004965,0.996150,0,0.48000,0.72000,28.800,1.440,-1,375.000,-1,400.000,-1,325.000,325.000,300.000,300.000,-1,-1,-1,-1,725.000,800.000,-1,-1,2,0,2,0,2,0,0,0,0,2,2,2,2,0,0,2,2
52,-1610.166,-8724.078,49.149,79.872,0.175328,-0.984414,0.013725,0.980579,0.175856,0.086829,-0.087889,-0.001765,0.996129,0,0.56000,0.75380,33.600,1.508,-1,375.000,-1,400.000,-1,325.000,325.000,300.000,300.000,-1,-1,-1,-1,725.000,800.000,-1,-1,2,0,2,0,2,0,0,0,0,2,2,2,2,0,0,2,2
53,-1604.412,-8686.112,45.755,81.383,0.149110,-0.988710,0.014783,0.984883,0.149832,0.086919,-0.088153,0.001599,0.996106,0,0.64000,0.75563,38.400,1.511,-1,375.000,-1,400.000,-1,325.000,325.000,300.000,300.000,-1,-1,-1,-1,725.000,800.000,-1,-1,2,0,2,0,2,0,0,0,0,2,2,2,2,0,0,2,2
54,-1599.071,-8643.243,41.923,82.898,0.122697,-0.992316,0.015978,0.988509,0.123627,0.086984,-0.088291,0.005122,0.996082,0,0.72000,0.75783,43.200,1.516,-1,375.000,-1,400.000,-1,325.000,325.000,300.000,300.000,-1,-1,-1,-1,725.000,800.000,-1,-1,2,0,2,0,2,0,0,0,0,2,2,2,2,0,0,2,2
55,-1594.482,-8596.289,37.729,84.419,0.096097,-0.995222,0.017283,0.991449,0.097244,0.087020,-0.088285,0.008773,0.996057,0,0.78629,0.76043,47.177,1.521,-1,375.000,-1,400.000,-1,325.000,325.000,300.000,300.000,-1,-1,-1,-1,725.000,775.000,-1,-1,2,0,2,0,2,0,0,0,0,2,2,2,2,0,0,2,2
56,-1591.142,-8549.156,33.527,85.946,0.069328,-0.997421,0.018578,0.993695,0.070689,0.087024,-0.088113,0.012428,0.996033,0,0.78753,0.76340,47.252,1.527,-1,375.000,-1,400.000,-1,300.000,325.000,300.000,300.000,-1,-1,-1,-1,725.000,775.000,-1,-1,2,0,2,0,2,0,0,0,0,2,2,2,2,0,0,2,2
57,-1589.415,-8505.915,29.706,87.713,0.038341,-0.999074,0.019526,0.995405,0.039902,0.087041,-0.087740,0.016099,0.996013,0,0.72126,0.88340,43.276,1.767,-1,375.000,-1,400.000,-1,300.000,325.000,300.000,300.000,-1,-1,-1,-1,725.000,775.000,-1,-1,2,0,2,0,2,0,0,0,0,2,2,2,2,0,0,2,2
58,-1589.199,-8462.631,26.034,89.713,0.003292,-0.999796,0.019928,0.996213,0.005010,0.086803,-0.086885,0.019567,0.996026,0,0.72141,1.00000,43.285,2.000,-1,375.000,-1,400.000,-1,300.000,325.000,300.000,325.000,-1,-1,-1,-1,750.000,750.000,-1,-1,2,0,2,0,2,0,0,0,0,2,2,2,2,0,0,2,2
59,-1590.493,-8419.353,22.381,91.713,-0.031754,-0.999289,0.020320,0.995801,-0.029883,0.086528,-0.085859,0.022982,0.996042,0,0.72162,1.00000,43.297,2.000,-1,375.000,-1,400.000,-1,325.000,325.000,300.000,325.000,-1,-1,-1,-1,750.000,750.000,-1,-1,2,0,2,0,2,0,0,0,0,2,2,2,2,0,0,2,2
60,-1593.299,-8376.133,18.756,93.713,-0.066750,-0.997555,0.020702,0.994171,-0.064734,0.086222,-0.084671,0.026337,0.996061,0,0.72185,1.00000,43.311,2.000,-1,375.000,-1,400.000,-1,325.000,325.000,300.000,325.000,-1,-1,-1,-1,750.000,750.000,-1,-1,2,0,2,0,2,0,0,0,0,2,2,2,2,0,0,2,2
61,-1597.612,-8333.023,15.165,95.713,-0.101654,-0.994597,0.021073,0.991324,-0.099500,0.085890,-0.083330,0.029621,0.996082,0,0.72209,1.00000,43.326,2.000,-1,375.000,-1,400.000,-1,325.000,325.000,300.000,325.000,-1,-1,-1,-1,750.000,750.000,-1,-1,2,0,2,0,2,0,0,0,0,2,2,2,2,0,0,2,2
62,-1603.430,-8290.074,11.615,97.713,-0.136422,-0.990419,0.021432,0.987264,-0.134137,0.085539,-0.081845,0.032828,0.996104,0,0.72236,1.00000,43.342,2.000,-1,400.000,-1,400.000,-1,325.000,325.000,300.000,325.000,-1,-1,-1,-1,750.000,750.000,-1,-1,2,0,2,0,2,0,0,0,0,2,2,2,2,0,0,2,2
63,-1610.746,-8247.337,8.113,99.713,-0.171011,-0.985028,0.021775,0.981997,-0.168602,0.085172,-0.080226,0.035948,0.996128,0,0.72265,1.00000,43.359,2.000,-1,400.000,-1,400.000,-1,325.000,325.000,300.000,325.000,-1,-1,950.000,-1,750.000,750.000,-1,-1,2,0,2,0,2,0,0,0,0,2,2,0,2,0,0,2,2
64,-1619.554,-8204.863,4.666,101.713,-0.205378,-0.978433,0.022100,0.975531,-0.202853,0.084795,-0.078483,0.038974,0.996153,0,0.72296,1.00000,43.378,2.000,-1,400.000,-1,400.000,-1,325.000,325.000,300.000,325.000,-1,-1,900.000,-1,750.000,750.000,-1,-1,2,0,2,0,2,0,0,0,0,2,2,0,2,0,0,2,2
65,-1630.021,-8161.951,1.218,103.707,-0.239372,-0.970669,0.022405,0.967900,-0.236740,0.084406,-0.076626,0.041890,0.996180,0,0.73619,0.99680,44.171,1.994,-1,400.000,-1,375.000,-1,325.000,325.000,300.000,325.000,-1,-1,875.000,-1,750.000,750.000,-1,-1,2,0,2,0,2,0,0,0,0,2,2,0,2,0,0,2,2
66,-1642.020,-8119.261,-2.171,105.697,-0.273014,-0.961743,0.022681,0.959108,-0.270285,0.084012,-0.074668,0.044690,0.996207,0,0.73907,0.99541,44.344,1.991,-1,400.000,-1,375.000,-1,325.000,325.000,300.000,325.000,-1,975.000,850.000,-1,750.000,750.000,-1,1000.000,2,0,2,0,2,0,0,0,0,2,0,0,2,0,0,2,1
67,-1655.542,-8076.856,-5.495,107.685,-0.306258,-0.951673,0.022922,0.949175,-0.303440,0.083618,-0.072621,0.047366,0.996234,0,0.74184,0.99375,44.510,1.988,-1,400.000,-1,375.000,975.000,325.000,325.000,300.000,325.000,-1,925.000,850.000,-1,750.000,750.000,-1,950.000,2,0,2,0,1,0,0,0,0,2,0,0,2,0,0,2,1
68,-1670.578,-8034.795,-8.746,109.668,-0.339055,-0.940482,0.023122,0.938121,-0.336158,0.083223,-0.070498,0.049908,0.996263,0,0.74446,0.99182,44.668,1.984,-1,400.000,-1,375.000,900.000,325.000,325.000,300.000,325.000,-1,900.000,850.000,-1,750.000,750.000,-1,900.000,2,0,2,0,1,0,0,0,0,2,0,0,2,0,0,2,1
69,-1687.112,-7993.141,-11.916,111.648,-0.371360,-0.928197,0.023272,0.925973,-0.368393,0.082831,-0.068310,0.052309,0.996292,0,0.74693,0.98961,44.816,1.979,-1,400.000,-1,400.000,850.000,325.000,325.000,300.000,325.000,-1,900.000,850.000,-1,750.000,750.000,-1,850.000,2,0,2,0,1,0,0,0,0,2,0,0,2,0,0,2,1
70,-1705.125,-7951.957,-14.875,113.622,-0.403110,-0.914867,0.022809,0.912737,-0.400113,0.082588,-0.066431,0.054111,0.996323,0,0.74919,0.98712,44.952,1.974,-1,400.000,-1,400.000,800.000,325.000,325.000,300.000,325.000,-1,925.000,900.000,-1,750.000,750.000,-1,825.000,2,0,2,0,1,0,0,0,0,2,0,0,2,0,0,2,1
71,-1724.595,-7911.306,-17.735,115.591,-0.434283,-0.900501,0.022290,0.898468,-0.431266,0.082252,-0.064455,0.055747,0.996362,0,0.75124,0.98434,45.074,1.969,-1,400.000,-1,400.000,750.000,325.000,325.000,300.000,325.000,-1,950.000,925.000,-1,750.000,725.000,-1,775.000,2,0,2,0,1,0,0,0,0,2,0,0,2,0,1,2,1
72,-1745.496,-7871.250,-20.625,117.553,-0.464873,-0.885104,0.021988,0.883150,-0.461800,0.082384,-0.062764,0.057717,0.996358,0,0.75302,0.98127,45.181,1.963,-1,400.000,-1,400.000,725.000,325.000,325.000,300.000,325.000,-1,1000.000,1000.000,-1,725.000,700.000,-1,750.000,2,0,2,0,1,0,0,0,0,2,0,0,2,0,1,2,1
73,-1767.795,-7831.853,-23.419,119.509,-0.494808,-0.868733,0.021641,0.866858,-0.491685,0.082475,-0.061008,0.059570,0.996358,0,0.75452,0.97792,45.271,1.956,-1,400.000,-1,400.000,675.000,325.000,325.000,300.000,325.000,-1,-1,-1,-1,725.000,675.000,-1,725.000,2,0,2,0,1,0,0,0,0,2,2,2,2,0,1,2,1
74,-1791.459,-7793.176,-26.112,121.458,-0.524049,-0.851423,0.021256,0.849628,-0.520885,0.082526,-0.059192,0.061307,0.996362,0,0.75570,0.97428,45.342,1.949,-1,400.000,-1,400.000,625.000,325.000,325.000,300.000,300.000,-1,-1,-1,-1,725.000,675.000,-1,700.000,2,0,2,0,1,0,0,0,0,2,2,2,2,0,1,2,1
75,-1816.446,-7755.282,-28.719,123.398,-0.552559,-0.833214,0.020807,0.831504,-0.549367,0.082441,-0.057261,0.062855,0.996379,0,0.75653,0.97036,45.392,1.941,-1,400.000,-1,375.000,600.000,325.000,325.000,300.000,300.000,-1,-1,-1,-1,725.000,650.000,-1,675.000,2,0,2,0,1,0,0,0,0,2,2,2,2,0,1,2,1
76,-1842.712,-7718.229,-31.223,125.331,-0.580309,-0.814143,0.020324,0.812520,-0.577098,0.082274,-0.055254,0.064258,0.996403,0,0.75698,0.96617,45.419,1.932,-1,375.000,-1,375.000,575.000,325.000,325.000,300.000,300.000,-1,-1,-1,-1,700.000,650.000,-1,650.000,2,0,2,0,1,0,0,0,0,2,2,2,2,0,1,2,1
77,-1867.170,-7685.801,-33.375,127.023,-0.604066,-0.796686,0.019877,0.795140,-0.600846,0.082071,-0.053442,0.065381,0.996428,0,0.67698,0.84617,40.619,1.692,-1,375.000,-1,375.000,550.000,325.000,325.000,300.000,300.000,-1,-1,-1,-1,700.000,650.000,-1,650.000,2,0,2,0,1,0,0,0,0,2,2,2,2,0,1,2,1
78,-1889.481,-7657.780,-35.179,128.527,-0.624737,-0.780590,0.019593,0.779121,-0.621507,0.081852,-0.051716,0.066402,0.996452,0,0.59698,0.75197,35.819,1.504,-1,375.000,-1,375.000,525.000,325.000,325.000,300.000,300.000,-1,-1,-1,-1,700.000,650.000,-1,650.000,2,0,2,0,1,0,0,0,0,2,2,2,2,0,1,2,1
79,-1909.430,-7634.028,-36.633,130.023,-0.644880,-0.764032,0.019613,0.762660,-0.641625,0.081650,-0.049799,0.067612,0.996468,0,0.51698,0.74814,31.019,1.496,-1,375.000,-1,375.000,525.000,325.000,325.000,300.000,300.000,-1,-1,-1,-1,700.000,700.000,-1,-1,2,0,2,0,1,0,0,0,0,2,2,2,2,0,0,2,2
80,-1926.808,-7614.396,-37.807,131.512,-0.664488,-0.747040,0.019653,0.745764,-0.661209,0.081479,-0.047873,0.068799,0.996481,0,0.43698,0.74452,26.219,1.489,-1,375.000,-1,375.000,525.000,325.000,325.000,300.000,300.000,-1,-1,-1,-1,700.000,700.000,-1,-1,2,0,2,0,1,0,0,0,0,2,2,2,2,0,0,2,2
81,-1941.414,-7598.732,-38.723,132.995,-0.683562,-0.729627,0.019706,0.728445,-0.680258,0.081345,-0.045946,0.069959,0.996491,0,0.35698,0.74117,21.419,1.482,-1,375.000,-1,375.000,525.000,325.000,325.000,300.000,300.000,-1,-1,-1,-1,700.000,700.000,-1,-1,2,0,2,0,1,0,0,0,0,2,2,2,2,0,0,2,2
82,-1953.057,-7586.874,-39.400,134.471,-0.702101,-0.711803,0.019764,0.710715,-0.698772,0.081251,-0.044024,0.071093,0.996498,0,0.27698,0.73811,16.619,1.476,-1,375.000,-1,375.000,525.000,325.000,325.000,300.000,300.000,-1,-1,-1,-1,700.000,700.000,-1,-1,2,0,2,0,1,0,0,0,0,2,2,2,2,0,0,2,2
83,-1961.550,-7578.657,-39.860,135.941,-0.720109,-0.693578,0.019821,0.692582,-0.716754,0.081201,-0.042113,0.072202,0.996501,0,0.19698,0.73537,11.819,1.471,-1,375.000,-1,375.000,550.000,300.000,325.000,300.000,300.000,-1,-1,-1,-1,700.000,700.000,-1,-1,2,0,2,0,1,0,0,0,0,2,2,2,2,0,0,2,2
84,-1966.718,-7573.908,-40.120,137.407,-0.737586,-0.674961,0.019874,0.674055,-0.734205,0.081198,-0.040214,0.073287,0.996500,0,0.11698,0.73297,7.019,1.466,-1,375.000,-1,375.000,600.000,300.000,325.000,300.000,300.000,-1,-1,-1,-1,700.000,700.000,-1,-1,2,0,2,0,1,0,0,0,0,2,2,2,2,0,0,2,2
85,-1968.389,-7572.450,-40.200,138.869,-0.754534,-0.655959,0.019921,0.655141,-0.751126,0.081243,-0.038329,0.074351,0.996495,0,0.03698,0.73093,2.219,1.462,-1,375.000,-1,375.000,-1,300.000,325.000,300.000,300.000,-1,-1,-1,-1,700.000,675.000,-1,-1,2,0,2,0,2,0,0,0,0,2,2,2,2,0,0,2,2
86,-1966.402,-7574.100,-40.120,140.328,-0.770954,-0.636578,0.019962,0.635847,-0.767518,0.081337,-0.036456,0.075400,0.996487,0,-0.04302,0.72924,-2.581,1.458,-1,375.000,-1,375.000,-1,300.000,325.000,300.000,300.000,-1,-1,-1,-1,700.000,675.000,-1,-1,2,0,2,0,2,0,0,0,0,2,2,2,2,0,0,2,2
87,-1968.140,-7572.721,-40.192,141.546,-0.784288,-0.620075,0.019982,0.619417,-0.780833,0.081372,-0.034854,0.076196,0.996484,0,0.03698,0.60924,2.219,1.218,-1,375.000,-1,375.000,-1,300.000,325.000,300.000,300.000,-1,-1,-1,-1,700.000,675.000,-1,-1,2,0,2,0,2,0,0,0,0,2,2,2,2,0,0,2,2
88,-1973.710,-7568.452,-40.403,142.525,-0.794737,-0.606624,0.019985,0.606026,-0.791274,0.081345,-0.033532,0.076759,0.996486,0,0.11698,0.48924,7.019,0.978,-1,375.000,-1,375.000,-1,300.000,325.000,300.000,300.000,-1,-1,-1,-1,700.000,675.000,-1,-1,2,0,2,0,2,0,0,0,0,2,2,2,2,0,0,2,2
89,-1983.181,-7561.383,-40.743,143.263,-0.802469,-0.596360,0.019977,0.595809,-0.799005,0.081256,-0.032495,0.077108,0.996493,0,0.19698,0.36924,11.819,0.738,-1,375.000,-1,375.000,-1,300.000,300.000,300.000,300.000,-1,-1,-1,-1,700.000,675.000,-1,-1,2,0,2,0,2,0,0,0,0,2,2,2,2,0,0,2,2
90,-1996.585,-7551.560,-41.207,143.762,-0.807610,-0.589379,0.019965,0.588862,-0.804154,0.081104,-0.031746,0.077257,0.996506,0,0.27698,0.24924,16.619,0.498,-1,375.000,-1,375.000,-1,300.000,300.000,300.000,300.000,-1,-1,-1,-1,700.000,675.000,-1,-1,2,0,2,0,2,0,0,0,0,2,2,2,2,0,0,2,2
91,-2013.918,-7538.976,-41.777,144.020,-0.810248,-0.585749,0.019886,0.585249,-0.806811,0.080871,-0.031326,0.077164,0.996526,0,0.35698,0.12924,21.419,0.258,-1,375.000,-1,375.000,-1,300.000,300.000,300.000,300.000,-1,-1,-1,-1,700.000,675.000,-1,-1,2,0,2,0,2,0,0,0,0,2,2,2,2,0,0,2,2
92,-2035.165,-7523.615,-42.470,144.134,-0.811397,-0.584159,0.019825,0.583669,-0.807983,0.080584,-0.031056,0.076956,0.996551,0,0.43698,0.05677,26.219,0.114,-1,375.000,-1,375.000,-1,300.000,300.000,300.000,300.000,-1,-1,-1,-1,675.000,675.000,-1,-1,2,0,2,0,2,0,0,0,0,2,2,2,2,0,0,2,2
93,-2060.338,-7505.490,-43.342,144.246,-0.812527,-0.582574,0.020215,0.582128,-0.809116,0.080365,-0.030462,0.077066,0.996561,0,0.51698,0.05598,31.019,0.112,-1,375.000,-1,375.000,-1,300.000,300.000,300.000,300.000,-1,-1,-1,-1,675.000,675.000,-1,-1,2,0,2,0,2,0,0,0,0,2,2,2,2,0,0,2,2
94,-2089.446,-7484.617,-44.350,144.356,-0.813634,-0.581000,0.020957,0.580623,-0.810214,0.080187,-0.029608,0.077411,0.996560,0,0.59698,0.05513,35.819,0.110,-1,375.000,-1,375.000,-1,300.000,300.000,300.000,300.000,-1,-1,-1,-1,675.000,650.000,-1,-1,2,0,2,0,2,0,0,0,0,2,2,2,2,0,0,2,2
95,-2122.500,-7461.010,-45.470,144.464,-0.814717,-0.579448,0.021829,0.579151,-0.811287,0.079986,-0.028638,0.077808,0.996557,0,0.67698,0.05421,40.619,0.108,-1,375.000,-1,375.000,-1,300.000,300.000,300.000,300.000,-1,-1,-1,-1,675.000,650.000,-1,-1,2,0,2,0,2,0,0,0,0,2,2,2,2,0,0,2,2
96,-2159.509,-7434.681,-46.693,144.571,-0.815776,-0.577917,0.022840,0.577712,-0.812334,0.079762,-0.027542,0.078264,0.996552,0,0.75698,0.05328,45.419,0.107,-1,375.000,-1,375.000,-1,300.000,300.000,300.000,300.000,-1,-1,-1,-1,650.000,650.000,-1,-1,2,0,2,0,2,0,0,0,0,2,2,2,2,0,0,2,2
97,-2200.482,-7405.645,-47.850,144.676,-0.816789,-0.576435,0.024050,0.576358,-0.813394,0.078747,-0.025830,0.078181,0.996604,0,0.83698,0.05237,50.219,0.105,-1,375.000,-1,375.000,-1,300.000,300.000,300.000,300.000,-1,-1,-1,-1,650.000,650.000,-1,-1,2,0,2,0,2,0,0,0,0,2,2,2,2,0,0,2,2
98,-2242.412,-7376.044,-48.907,144.779,-0.817768,-0.574988,0.025364,0.575056,-0.814455,0.077291,-0.023784,0.077791,0.996686,0,0.85544,0.05153,51.326,0.103,-1,375.000,-1,375.000,-1,300.000,300.000,300.000,300.000,-1,-1,-1,-1,650.000,650.000,-1,-1,2,0,2,0,2,0,0,0,0,2,2,2,2,0,0,2,2
99,-2284.269,-7346.605,-49.914,144.880,-0.818727,-0.573560,0.026729,0.573773,-0.815500,0.075789,-0.021672,0.077387,0.996766,0,0.85288,0.05085,51.173,0.102,-1,375.000,-1,375.000,-1,300.000,300.000,300.000,300.000,-1,-1,-1,-1,650.000,650.000,-1,-1,2,0,2,0,2,0,0,0,0,2,2,2,2,0,0,2,2
100,-2329.974,-7314.294,-50.985,144.742,-0.817277,-0.575550,0.028301,0.575912,-0.814146,0.074109,-0.019612,0.076867,0.996848,0,0.93288,-0.06915,55.973,-0.138,-1,375.000,-1,375.000,-1,300.000,300.000,300.000,300.000,-1,-1,-1,-1,650.000,650.000,-1,-1,2,0,2,0,2,0,0,0,1,2,2,2,2,0,0,2,2
101,-2376.298,-7281.084,-52.060,144.364,-0.813395,-0.580940,0.029974,0.581442,-0.810365,0.072345,-0.017739,0.076273,0.996929,0,0.94997,-0.18915,56.998,-0.378,1000.000,375.000,-1,375.000,-1,300.000,300.000,300.000,275.000,-1,625.000,1000.000,-1,650.000,650.000,-1,-1,1,0,2,0,2,0,0,0,1,2,0,0,2,0,0,2,2
102,-2422.140,-7247.465,-52.898,143.745,-0.807005,-0.589692,0.031718,0.590331,-0.804105,0.070173,-0.015876,0.075354,0.997030,0,0.94747,-0.30915,56.848,-0.618,975.000,375.000,-1,375.000,-1,300.000,300.000,300.000,275.000,-1,550.000,575.000,-1,650.000,650.000,-1,-1,1,0,2,0,2,0,0,0,1,2,0,0,2,0,0,2,2
103,-2467.367,-7213.244,-53.649,142.887,-0.798015,-0.601706,0.033488,0.602466,-0.795228,0.068168,-0.014386,0.074574,0.997112,0,0.94524,-0.42915,56.715,-0.858,950.000,375.000,-1,375.000,-1,300.000,300.000,300.000,275.000,-1,525.000,525.000,-1,650.000,650.000,-1,-1,1,0,2,0,2,0,0,0,1,2,0,0,2,0,0,2,2
104,-2511.965,-7178.393,-54.403,141.994,-0.788473,-0.614056,0.035283,0.614934,-0.785800,0.066139,-0.012888,0.073846,0.997186,0,0.94332,-0.44635,56.599,-0.893,925.000,375.000,-1,375.000,-1,300.000,300.000,300.000,275.000,-1,475.000,500.000,-1,625.000,650.000,-1,-1,1,0,2,0,2,0,0,0,1,2,0,0,2,0,0,2,2
105,-2555.928,-7142.923,-54.979,141.102,-0.778724,-0.626213,0.038032,0.627275,-0.776140,0.064288,-0.010740,0.073919,0.997206,0,0.94146,-0.44605,56.488,-0.892,950.000,375.000,-1,375.000,-1,300.000,300.000,325.000,300.000,-1,450.000,450.000,-1,625.000,650.000,-1,-1,1,0,2,0,2,0,0,0,1,2,0,0,2,0,0,2,2
106,-2599.252,-7106.843,-55.400,140.211,-0.768780,-0.638172,0.041383,0.639459,-0.766261,0.062740,-0.008329,0.074696,0.997172,0,0.93966,-0.44561,56.380,-0.891,-1,375.000,-1,375.000,-1,300.000,300.000,325.000,325.000,-1,425.000,425.000,-1,650.000,650.000,-1,-1,2,0,2,0,2,0,0,0,1,2,0,0,2,0,0,2,2
107,-2641.931,-7070.162,-55.806,139.321,-0.758656,-0.649954,0.044735,0.651464,-0.756203,0.061244,-0.005978,0.075606,0.997120,0,0.93793,-0.44504,56.276,-0.890,-1,375.000,-1,375.000,-1,300.000,300.000,325.000,300.000,-1,425.000,400.000,-1,650.000,650.000,-1,-1,2,0,2,0,2,0,0,0,0,2,0,0,2,0,0,2,2
108,-2683.962,-7032.890,-56.216,138.432,-0.748353,-0.661555,0.048085,0.663291,-0.745977,0.059695,-0.003622,0.076567,0.997058,0,0.93627,-0.44433,56.176,-0.889,-1,375.000,-1,375.000,-1,300.000,300.000,325.000,300.000,-1,400.000,375.000,-1,650.000,650.000,-1,-1,2,0,2,0,2,0,0,0,0,2,0,0,2,0,0,2,2
109,-2725.341,-6995.034,-56.467,137.545,-0.737902,-0.673002,0.050678,0.674905,-0.735623,0.057978,-0.001739,0.076985,0.997031,0,0.93470,-0.44348,56.082,-0.887,-1,375.000,-1,375.000,-1,300.000,300.000,300.000,300.000,-1,400.000,375.000,-1,650.000,650.000,-1,-1,2,0,2,0,2,0,0,0,0,2,0,0,2,0,0,2,2
110,-2766.066,-6956.604,-56.635,136.660,-0.727305,-0.684276,0.052863,0.686315,-0.725132,0.056178,-0.000108,0.077139,0.997020,0,0.93324,-0.44251,55.994,-0.885,-1,375.000,-1,375.000,-1,300.000,300.000,300.000,300.000,-1,400.000,375.000,-1,650.000,650.000,-1,-1,2,0,2,0,2,0,0,0,0,2,0,0,2,0,0,2,2
111,-2806.136,-6917.608,-56.785,135.778,-0.716554,-0.695355,0.055064,0.697530,-0.714490,0.054366,0.001539,0.077364,0.997002,0,0.93188,-0.44142,55.913,-0.883,-1,375.000,-1,375.000,-1,300.000,300.000,300.000,300.000,-1,400.000,375.000,-1,650.000,650.000,-1,-1,2,0,2,0,2,0,0,0,0,2,0,0,2,0,0,2,2
112,-2845.551,-6878.053,-56.743,134.897,-0.705621,-0.706196,0.058190,0.708579,-0.703665,0.052640,0.003772,0.078376,0.996917,0,0.93065,-0.44020,55.839,-0.880,-1,375.000,-1,375.000,-1,300.000,300.000,300.000,300.000,-1,375.000,350.000,-1,650.000,650.000,-1,-1,2,0,2,0,2,0,0,0,0,2,0,0,2,0,0,2,2
113,-2884.309,-6837.948,-56.692,134.019,-0.694547,-0.716833,0.061285,0.719423,-0.692707,0.050870,0.005987,0.079421,0.996823,0,0.92954,-0.43887,55.772,-0.878,-1,375.000,-1,375.000,-1,300.000,300.000,300.000,300.000,-1,350.000,325.000,-1,650.000,650.000,-1,-1,2,0,2,0,2,0,0,0,0,2,0,0,2,0,0,2,2
114,-2922.409,-6797.298,-56.393,133.145,-0.683345,-0.727314,0.063668,0.730050,-0.681670,0.048499,0.008127,0.079623,0.996792,0,0.92856,-0.43743,55.713,-0.875,-1,375.000,-1,375.000,-1,300.000,300.000,300.000,300.000,-1,350.000,325.000,-1,650.000,675.000,-1,-1,2,0,2,0,2,0,0,0,0,2,0,0,2,0,0,2,2
115,-2959.851,-6756.110,-55.895,132.273,-0.672009,-0.737628,0.065640,0.740469,-0.670551,0.045468,0.010477,0.079159,0.996807,0,0.92771,-0.43588,55.662,-0.872,-1,375.000,-1,375.000,-1,300.000,300.000,300.000,300.000,-1,325.000,325.000,-1,650.000,675.000,-1,-1,2,0,2,0,2,0,0,0,0,2,0,0,2,0,0,2,2
116,-2996.637,-6714.392,-55.146,131.404,-0.660601,-0.747673,0.067765,0.750641,-0.659263,0.043695,0.012005,0.079732,0.996744,0,0.92699,-0.43422,55.619,-0.868,-1,375.000,-1,375.000,-1,300.000,300.000,300.000,300.000,-1,350.000,325.000,-1,650.000,675.000,-1,-1,2,0,2,0,2,0,0,0,0,2,0,0,2,0,0,2,2
117,-3032.767,-6672.150,-54.348,130.539,-0.649092,-0.757491,0.069906,0.760592,-0.647860,0.042143,0.013367,0.080524,0.996663,0,0.92641,-0.43247,55.584,-0.865,-1,375.000,-1,375.000,-1,300.000,300.000,300.000,300.000,-1,375.000,350.000,850.000,675.000,675.000,-1,-1,2,0,2,0,2,0,0,0,0,2,0,0,1,0,0,2,2
118,-3068.240,-6629.391,-53.540,129.678,-0.637478,-0.767096,0.072006,0.770327,-0.636362,0.040485,0.014766,0.081277,0.996582,0,0.92595,-0.43062,55.557,-0.861,-1,375.000,-1,375.000,-1,300.000,300.000,300.000,300.000,-1,375.000,350.000,750.000,675.000,700.000,-1,-1,2,0,2,0,2,0,0,0,0,2,0,0,1,0,0,2,2
119,-3103.057,-6586.121,-52.679,128.821,-0.625758,-0.776497,0.074020,0.779846,-0.624784,0.038532,0.016326,0.081836,0.996512,0,0.92564,-0.42868,55.538,-0.857,-1,375.000,-1,375.000,-1,300.000,300.000,325.000,300.000,-1,400.000,375.000,750.000,675.000,700.000,-1,-1,2,0,2,0,2,0,0,0,0,2,0,0,1,0,0,2,2
120,-3138.169,-6541.509,-51.785,128.203,-0.617165,-0.783152,0.076027,0.786621,-0.616356,0.036501,0.018274,0.082332,0.996437,0,0.94619,-0.30868,56.771,-0.617,-1,375.000,-1,375.000,-1,300.000,300.000,325.000,300.000,-1,400.000,375.000,725.000,675.000,700.000,-1,-1,2,0,2,0,2,0,0,0,0,2,0,0,1,0,0,2,2
121,-3172.717,-6496.643,-50.880,127.597,-0.608645,-0.789599,0.078009,0.793185,-0.608003,0.034479,0.020205,0.082862,0.996356,0,0.94376,-0.30330,56.626,-0.607,-1,375.000,-1,375.000,-1,300.000,300.000,300.000,300.000,-1,425.000,375.000,750.000,675.000,700.000,-1,-1,2,0,2,0,2,0,0,0,0,2,0,0,1,0,0,2,2
122,-3206.703,-6451.527,-49.879,126.989,-0.600052,-0.795939,0.080118,0.799662,-0.599551,0.032856,0.021884,0.083783,0.996244,0,0.94141,-0.30375,56.485,-0.608,-1,375.000,-1,375.000,-1,300.000,300.000,300.000,300.000,-1,425.000,400.000,750.000,700.000,700.000,-1,-1,2,0,2,0,2,0,0,0,0,2,0,0,1,0,0,2,2
123,-3240.129,-6406.161,-48.733,126.380,-0.591387,-0.802163,0.082436,0.806055,-0.590983,0.031852,0.023168,0.085285,0.996087,0,0.93916,-0.30444,56.349,-0.609,-1,375.000,-1,375.000,-1,300.000,300.000,300.000,300.000,-1,450.000,425.000,775.000,700.000,700.000,-1,-1,2,0,2,0,2,0,0,0,0,2,0,0,1,0,0,2,2
124,-3272.994,-6360.544,-47.594,125.770,-0.582633,-0.808312,0.084678,0.812370,-0.582324,0.030865,0.024361,0.086773,0.995930,0,0.93704,-0.30536,56.222,-0.611,-1,375.000,-1,375.000,-1,300.000,325.000,300.000,300.000,-1,475.000,450.000,800.000,700.000,700.000,-1,-1,2,0,2,0,2,0,0,0,0,2,0,0,1,0,0,2,2
125,-3305.302,-6314.675,-46.446,125.157,-0.573777,-0.814386,0.086920,0.818614,-0.573565,0.029892,0.025511,0.088305,0.995767,0,0.93508,-0.30651,56.105,-0.613,-1,375.000,-1,375.000,-1,325.000,325.000,300.000,300.000,-1,500.000,450.000,825.000,700.000,700.000,-1,-1,2,0,2,0,2,0,0,0,0,2,0,0,1,0,0,2,2
126,-3337.056,-6268.547,-45.273,124.541,-0.564819,-0.820391,0.089097,0.824787,-0.564703,0.028937,0.026574,0.089830,0.995603,0,0.93333,-0.30788,56.000,-0.616,-1,375.000,-1,375.000,-1,325.000,325.000,300.000,300.000,-1,525.000,475.000,850.000,725.000,700.000,-1,-1,2,0,2,0,2,0,0,0,0,2,0,0,1,0,0,2,2
127,-3368.257,-6222.156,-43.864,123.922,-0.555836,-0.826393,0.090117,0.830858,-0.555775,0.028094,0.026868,0.090490,0.995535,0,0.93179,-0.30945,55.907,-0.619,-1,375.000,-1,375.000,-1,325.000,325.000,300.000,300.000,-1,550.000,500.000,875.000,725.000,700.000,-1,-1,2,0,2,0,2,0,0,0,0,2,0,0,1,0,0,2,2
128,-3397.163,-6178.556,-42.530,123.543,-0.550268,-0.830010,0.091046,0.834538,-0.550271,0.027345,0.027403,0.091028,0.995471,0,0.87185,-0.18945,52.311,-0.379,-1,375.000,-1,375.000,-1,325.000,325.000,300.000,300.000,-1,575.000,525.000,900.000,725.000,700.000,-1,-1,2,0,2,0,2,0,0,0,0,2,0,0,1,0,0,2,2
129,-3425.934,-6134.930,-41.163,123.404,-0.548153,-0.831308,0.091952,0.835900,-0.548235,0.026635,0.028269,0.091463,0.995407,0,0.87099,-0.06945,52.259,-0.139,-1,375.000,-1,375.000,-1,325.000,325.000,300.000,300.000,-1,600.000,550.000,925.000,725.000,700.000,-1,-1,2,0,2,0,2,0,0,0,0,2,0,0,1,0,0,2,2
130,-3454.766,-6091.380,-39.730,123.505,-0.549513,-0.830319,0.092770,0.834967,-0.549687,0.025970,0.029431,0.091730,0.995349,0,0.87048,0.05055,52.229,0.101,-1,375.000,-1,375.000,-1,325.000,325.000,300.000,300.000,-1,625.000,575.000,950.000,725.000,700.000,-1,-1,2,0,2,0,2,0,0,0,0,2,0,0,1,0,0,2,2
131,-3483.849,-6048.012,-38.162,123.846,-0.554352,-0.827039,0.093281,0.831714,-0.554625,0.025363,0.030759,0.091643,0.995317,0,0.87029,0.17055,52.218,0.341,-1,375.000,-1,375.000,-1,325.000,325.000,300.000,300.000,-1,650.000,600.000,975.000,725.000,700.000,-1,-1,2,0,2,0,2,0,0,0,0,2,0,0,1,0,0,2,2
132,-3513.375,-6004.936,-36.505,124.428,-0.562606,-0.821388,0.093788,0.826088,-0.562996,0.024781,0.032447,0.091419,0.995284,0,0.87039,0.29055,52.224,0.581,-1,375.000,-1,375.000,-1,325.000,325.000,300.000,300.000,-1,675.000,625.000,1000.000,750.000,700.000,-1,-1,2,0,2,0,2,0,0,0,0,2,0,0,1,0,0,2,2
133,-3543.526,-5962.271,-34.646,125.249,-0.574188,-0.813290,0.094171,0.817985,-0.574747,0.023798,0.034770,0.090695,0.995272,0,0.87075,0.41055,52.245,0.821,-1,375.000,-1,375.000,-1,325.000,325.000,300.000,300.000,-1,675.000,650.000,-1,750.000,700.000,-1,-1,2,0,2,0,2,0,0,0,0,2,0,0,2,0,0,2,2
134,-3576.155,-5917.865,-32.459,126.310,-0.588990,-0.802599,0.094477,0.807257,-0.589777,0.022361,0.037774,0.089438,0.995276,0,0.91842,0.53055,55.105,1.061,-1,375.000,-1,375.000,-1,325.000,325.000,300.000,325.000,-1,675.000,650.000,-1,750.000,725.000,-1,-1,2,0,2,0,2,0,0,0,0,2,0,0,2,0,0,2,2
135,-3609.722,-5874.019,-30.141,127.437,-0.604517,-0.790924,0.094863,0.795551,-0.605518,0.021140,0.040721,0.088248,0.995266,0,0.92034,0.56367,55.220,1.127,-1,400.000,-1,375.000,-1,325.000,325.000,300.000,300.000,-1,675.000,675.000,-1,775.000,1000.000,-1,-1,2,0,2,0,2,0,0,0,0,2,0,0,2,0,1,2,2
136,-3644.199,-5830.763,-27.717,128.557,-0.619720,-0.779017,0.095293,0.783614,-0.620924,0.020049,0.043551,0.087098,0.995247,0,0.92193,0.55998,55.316,1.120,-1,400.000,-1,375.000,-1,325.000,325.000,300.000,300.000,-1,675.000,675.000,-1,775.000,950.000,-1,-1,2,0,2,0,2,0,0,0,0,2,0,0,2,0,1,2,2
137,-3679.558,-5788.126,-25.176,129.669,-0.634591,-0.766892,0.095762,0.771463,-0.635987,0.019111,0.046247,0.086004,0.995221,0,0.92320,0.55603,55.392,1.112,-1,400.000,-1,375.000,-1,325.000,325.000,300.000,300.000,-1,675.000,700.000,-1,800.000,900.000,-1,-1,2,0,2,0,2,0,0,0,0,2,0,0,2,0,1,2,2
