timestep,x_cm,y_cm,z_cm,yaw_deg,basis_xx,basis_xy,basis_xz,basis_yx,basis_yy,basis_yz,basis_zx,basis_zy,basis_zz,teleport_flag,throttle_cmd,steering_cmd,cmd_move_cm,cmd_turn_deg,lidar_cm_0,lidar_cm_1,lidar_cm_2,lidar_cm_3,lidar_cm_4,lidar_cm_5,lidar_cm_6,lidar_cm_7,lidar_cm_8,lidar_cm_9,lidar_cm_10,lidar_cm_11,lidar_cm_12,lidar_cm_13,lidar_cm_14,lidar_cm_15,lidar_cm_16,lidar_class_0,lidar_class_1,lidar_class_2,lidar_class_3,lidar_class_4,lidar_class_5,lidar_class_6,lidar_class_7,lidar_class_8,lidar_class_9,lidar_class_10,lidar_class_11,lidar_class_12,lidar_class_13,lidar_class_14,lidar_class_15,lidar_class_16
0,-8857.502,-7547.370,-155.665,-120.324,-0.502414,0.862225,0.064413,-0.863350,-0.504325,0.016803,0.046973,-0.047169,0.997782,1,0.08000,0.12000,4.800,0.240,-1,400.000,-1,400.000,-1,325.000,325.000,300.000,300.000,475.000,900.000,-1,-1,875.000,875.000,-1,-1,2,0,2,0,2,0,0,0,0,1,1,2,2,0,0,2,2
1,-8862.279,-7555.697,-155.223,-119.844,-0.495191,0.866407,0.064217,-0.867546,-0.497077,0.016664,0.046359,-0.047459,0.997797,0,0.16000,0.24000,9.600,0.480,-1,400.000,-1,400.000,-1,325.000,325.000,300.000,300.000,500.000,925.000,-1,-1,875.000,875.000,-1,-1,2,0,2,0,2,0,0,0,0,1,1,2,2,0,0,2,2
2,-8869.287,-7568.277,-154.569,-119.124,-0.484293,0.872567,0.063928,-0.873726,-0.486141,0.016450,0.045432,-0.047889,0.997819,0,0.24000,0.36000,14.400,0.720,-1,400.000,-1,400.000,-1,325.000,325.000,300.000,300.000,500.000,975.000,-1,-1,900.000,875.000,-1,-1,2,0,2,0,2,0,0,0,0,1,1,2,2,0,0,2,2
3,-8878.410,-7585.170,-153.705,-118.370,-0.472814,0.878868,0.063543,-0.880045,-0.474615,0.016161,0.044362,-0.048279,0.997848,0,0.32000,0.37674,19.200,0.753,-1,400.000,-1,400.000,-1,325.000,325.000,300.000,300.000,525.000,-1,-1,-1,900.000,875.000,-1,-1,2,0,2,0,2,0,0,0,0,1,2,2,2,0,0,2,2
4,-8889.536,-7606.435,-152.637,-117.620,-0.461310,0.884995,0.063064,-0.886188,-0.463057,0.015798,0.043183,-0.048599,0.997884,0,0.40000,0.37520,24.000,0.750,-1,400.000,-1,400.000,-1,325.000,325.000,300.000,300.000,525.000,-1,-1,-1,900.000,875.000,-1,-1,2,0,2,0,2,0,0,0,0,1,2,2,2,0,0,2,2
5,-8902.554,-7632.125,-151.372,-116.873,-0.449796,0.890942,0.062495,-0.892148,-0.451482,0.015357,0.041897,-0.048847,0.997927,0,0.48000,0.37326,28.800,0.747,-1,400.000,-1,400.000,-1,325.000,325.000,300.000,300.000,550.000,-1,-1,-1,900.000,875.000,-1,-1,2,0,2,0,2,0,0,0,0,1,2,2,2,0,0,2,2
6,-8917.352,-7662.291,-149.918,-116.132,-0.438287,0.896705,0.061837,-0.897922,-0.439905,0.014838,0.040508,-0.049022,0.997976,0,0.56000,0.37093,33.600,0.742,-1,400.000,-1,400.000,-1,325.000,325.000,300.000,300.000,575.000,-1,-1,-1,900.000,900.000,-1,-1,2,0,2,0,2,0,0,0,0,1,2,2,2,0,0,2,2
7,-8933.820,-7696.980,-148.283,-115.395,-0.426799,0.902280,0.061095,-0.903504,-0.428343,0.014241,0.039019,-0.049122,0.998030,0,0.64000,0.36818,38.400,0.736,-1,425.000,-1,400.000,-1,325.000,325.000,300.000,300.000,600.000,-1,-1,-1,900.000,900.000,-1,-1,2,0,2,0,2,0,0,0,0,1,2,2,2,0,0,2,2
8,-8951.848,-7736.238,-146.531,-114.665,-0.415331,0.907653,0.060544,-0.908892,-0.416808,0.013634,0.037610,-0.049365,0.998072,0,0.72000,0.36498,43.200,0.730,-1,425.000,-1,400.000,-1,325.000,325.000,325.000,300.000,625.000,-1,-1,-1,900.000,900.000,-1,-1,2,0,2,0,2,0,0,0,0,1,2,2,2,0,0,2,2
9,-8971.327,-7780.108,-144.707,-113.943,-0.403892,0.912813,0.060360,-0.914083,-0.405317,0.013052,0.036379,-0.049903,0.998091,0,0.80000,0.36131,48.000,0.723,-1,425.000,-1,400.000,-1,325.000,325.000,325.000,300.000,650.000,-1,-1,-1,925.000,900.000,-1,-1,2,0,2,0,2,0,0,0,0,1,2,2,2,0,0,2,2
10,-8992.150,-7828.628,-143.057,-113.228,-0.392546,0.917710,0.060949,-0.919100,-0.393870,0.010981,0.034084,-0.051708,0.998080,0,0.88000,0.35713,52.800,0.714,-1,425.000,-1,400.000,-1,325.000,325.000,300.000,300.000,675.000,-1,-1,-1,900.000,900.000,-1,-1,2,0,2,0,2,0,0,0,0,1,2,2,2,0,0,2,2
11,-9012.851,-7878.550,-141.507,-112.524,-0.381305,0.922379,0.061843,-0.923914,-0.382507,0.008460,0.031458,-0.053912,0.998050,0,0.90074,0.35242,54.044,0.705,-1,425.000,-1,400.000,-1,325.000,325.000,300.000,300.000,700.000,-1,-1,-1,900.000,900.000,-1,-1,2,0,2,0,2,0,0,0,0,1,2,2,2,0,0,2,2
12,-9032.966,-7928.774,-139.994,-111.829,-0.370172,0.926840,0.062781,-0.928515,-0.371247,0.006000,0.028868,-0.056072,0.998009,0,0.90170,0.34747,54.102,0.695,-1,425.000,-1,400.000,-1,325.000,325.000,300.000,300.000,725.000,-1,-1,-1,875.000,900.000,-1,-1,2,0,2,0,2,0,0,0,0,1,2,2,2,0,0,2,2
13,-9052.506,-7979.301,-138.674,-111.144,-0.359140,0.931128,0.063395,-0.932900,-0.360112,0.004234,0.026772,-0.057621,0.997980,0,0.90291,0.34239,54.175,0.685,-1,425.000,-1,400.000,-1,325.000,325.000,300.000,325.000,775.000,-1,-1,-1,875.000,900.000,-1,-1,2,0,2,0,2,0,0,0,0,1,2,2,2,0,0,2,2
14,-9071.481,-8030.136,-137.705,-110.469,-0.348315,0.935284,0.062622,-0.937075,-0.349121,0.002073,0.023802,-0.057959,0.998035,0,0.90435,0.33719,54.261,0.674,-1,425.000,-1,400.000,-1,325.000,325.000,300.000,325.000,800.000,-1,-1,-1,875.000,875.000,-1,-1,2,0,2,0,2,0,0,0,0,1,2,2,2,0,0,2,2
15,-9089.899,-8081.281,-136.793,-109.806,-0.337620,0.939253,0.061776,-0.941053,-0.338259,-0.000129,0.020776,-0.058178,0.998090,0,0.90602,0.33186,54.361,0.664,-1,425.000,-1,400.000,-1,325.000,325.000,300.000,325.000,825.000,-1,-1,-1,850.000,875.000,-1,-1,2,0,2,0,2,0,0,0,0,1,2,2,2,0,0,2,2
16,-9107.771,-8132.739,-135.906,-109.153,-0.327055,0.943034,0.061002,-0.944838,-0.327531,-0.002325,0.017787,-0.058398,0.998135,0,0.90789,0.32643,54.474,0.653,-1,400.000,-1,400.000,-1,325.000,325.000,300.000,325.000,875.000,-1,-1,-1,850.000,850.000,-1,-1,2,0,2,0,2,0,0,0,0,1,2,2,2,0,0,2,2
17,-9125.105,-8184.513,-135.044,-108.511,-0.316628,0.946631,0.060298,-0.948434,-0.316943,-0.004516,0.014836,-0.058618,0.998170,0,0.90997,0.32088,54.598,0.642,-1,400.000,-1,400.000,-1,325.000,325.000,300.000,325.000,900.000,-1,-1,-1,825.000,850.000,-1,-1,2,0,2,0,2,0,0,0,0,1,2,2,2,0,0,2,2
18,-9141.909,-8236.603,-134.207,-107.881,-0.306346,0.950049,0.059659,-0.951846,-0.306504,-0.006701,0.011919,-0.058839,0.998196,0,0.91224,0.31522,54.734,0.630,-1,400.000,-1,400.000,-1,325.000,325.000,300.000,325.000,950.000,-1,-1,-1,825.000,825.000,-1,-1,2,0,2,0,2,0,0,0,0,1,2,2,2,0,0,2,2
19,-9158.194,-8289.013,-133.394,-107.262,-0.296216,0.953292,0.059085,-0.955078,-0.296220,-0.008880,0.009037,-0.059061,0.998213,0,0.91469,0.30946,54.881,0.619,-1,400.000,-1,400.000,-1,325.000,325.000,300.000,325.000,975.000,-1,-1,-1,800.000,825.000,-1,-1,2,0,2,0,2,0,0,0,0,1,2,2,2,0,0,2,2
20,-9173.968,-8341.743,-132.606,-106.655,-0.286244,0.956365,0.058572,-0.958137,-0.286098,-0.011053,0.006187,-0.059284,0.998222,0,0.91732,0.30360,55.039,0.607,-1,400.000,-1,400.000,-1,325.000,325.000,325.000,325.000,-1,-1,-1,-1,800.000,800.000,-1,-1,2,0,2,0,2,0,0,0,0,2,2,2,2,0,0,2,2
21,-9189.239,-8394.795,-131.880,-106.059,-0.276445,0.959281,0.057953,-0.961024,-0.276145,-0.013287,0.003257,-0.059368,0.998231,0,0.92011,0.29763,55.207,0.595,-1,400.000,-1,400.000,-1,325.000,325.000,325.000,325.000,-1,-1,-1,-1,800.000,800.000,-1,-1,2,0,2,0,2,0,0,0,0,2,2,2,2,0,0,2,2
22,-9204.017,-8448.170,-131.380,-105.476,-0.266812,0.962030,0.057520,-0.963748,-0.266364,-0.015463,0.000445,-0.059561,0.998225,0,0.92306,0.29157,55.384,0.583,-1,400.000,-1,400.000,-1,325.000,325.000,325.000,325.000,-1,-1,-1,-1,775.000,775.000,-1,-1,2,0,2,0,2,0,0,0,0,2,2,2,2,0,0,2,2
23,-9218.310,-8501.871,-131.246,-104.905,-0.257298,0.964543,0.058772,-0.966331,-0.256742,-0.016955,-0.001265,-0.061156,0.998127,0,0.92617,0.28542,55.570,0.571,-1,400.000,-1,400.000,-1,325.000,325.000,325.000,325.000,-1,-1,-1,-1,775.000,775.000,-1,-1,2,0,2,0,2,0,0,0,0,2,2,2,2,0,0,2,2
24,-9232.126,-8555.897,-131.132,-104.347,-0.247974,0.966902,0.060077,-0.968762,-0.247306,-0.018433,-0.002966,-0.062771,0.998024,0,0.92942,0.27917,55.765,0.558,-1,400.000,-1,400.000,-1,325.000,325.000,325.000,325.000,-1,-1,-1,-1,750.000,775.000,-1,-1,2,0,2,0,2,0,0,0,0,2,2,2,2,0,0,2,2
25,-9245.478,-8610.251,-131.304,-103.801,-0.238794,0.969175,0.060645,-0.971063,-0.238077,-0.018888,-0.003867,-0.063401,0.997981,0,0.93282,0.27283,55.969,0.546,-1,400.000,-1,400.000,-1,325.000,325.000,325.000,325.000,-1,-1,-1,-1,750.000,775.000,-1,-1,2,0,2,0,2,0,0,0,0,2,2,2,2,0,0,2,2
26,-9257.001,-8660.105,-131.561,-103.016,-0.225512,0.972329,0.060999,-0.974229,-0.224761,-0.018999,-0.004763,-0.063711,0.997957,0,0.85282,0.39283,51.169,0.786,-1,400.000,-1,400.000,-1,325.000,300.000,325.000,325.000,-1,-1,-1,-1,725.000,775.000,-1,-1,2,0,2,0,2,0,0,0,0,2,2,2,2,0,0,2,2
27,-9266.862,-8706.537,-131.821,-101.990,-0.208109,0.976174,0.061442,-0.978088,-0.207315,-0.019087,-0.005894,-0.064068,0.997928,0,0.79113,0.51283,47.468,1.026,-1,400.000,-1,400.000,-1,325.000,300.000,325.000,325.000,-1,-1,-1,-1,725.000,750.000,-1,-1,2,0,2,0,2,0,0,0,0,2,2,2,2,0,0,2,2
28,-9275.730,-8753.366,-132.117,-100.724,-0.186542,0.980488,0.062003,-0.982420,-0.185698,-0.019159,-0.007271,-0.064487,0.997892,0,0.79436,0.63283,47.662,1.266,-1,400.000,-1,375.000,-1,325.000,300.000,325.000,325.000,-1,-1,-1,-1,725.000,750.000,-1,-1,2,0,2,0,2,0,0,0,0,2,2,2,2,0,0,2,2
29,-9283.622,-8801.994,-132.475,-99.219,-0.160770,0.984998,0.062706,-0.986952,-0.159866,-0.019208,-0.008896,-0.064975,0.997847,0,0.82109,0.75283,49.265,1.506,-1,400.000,-1,375.000,-1,325.000,300.000,300.000,350.000,-1,-1,-1,-1,725.000,750.000,-1,-1,2,0,2,0,2,0,0,0,0,2,2,2,2,0,0,2,2
30,-9290.079,-8851.225,-132.899,-97.473,-0.130754,0.989376,0.063554,-0.991356,-0.129781,-0.019217,-0.010765,-0.065518,0.997793,0,0.82756,0.87283,49.654,1.746,-1,400.000,-1,375.000,-1,325.000,300.000,300.000,350.000,-1,-1,-1,-1,700.000,725.000,-1,-1,2,0,2,0,2,0,0,0,0,2,2,2,2,0,0,2,2
31,-9294.864,-8901.041,-133.405,-95.487,-0.096469,0.993240,0.064560,-0.995253,-0.095419,-0.019164,-0.012875,-0.066102,0.997730,0,0.83410,0.99283,50.046,1.986,-1,400.000,-1,375.000,-1,325.000,325.000,300.000,350.000,-1,-1,-1,-1,700.000,725.000,-1,-1,2,0,2,0,2,0,0,0,0,2,2,2,2,0,0,2,2
32,-9297.933,-8951.387,-134.134,-93.489,-0.061812,0.995955,0.065220,-0.997981,-0.060716,-0.018656,-0.014621,-0.066241,0.997696,0,0.84067,0.99943,50.440,1.999,-1,375.000,-1,375.000,-1,325.000,300.000,300.000,350.000,-1,-1,-1,-1,700.000,700.000,-1,-1,2,0,2,0,2,0,0,0,0,2,2,2,2,0,0,2,2
33,-9299.257,-9002.203,-134.973,-91.493,-0.027137,0.997457,0.065904,-0.999498,-0.025997,-0.018087,-0.016327,-0.066362,0.997662,0,0.84724,0.99780,50.834,1.996,-1,375.000,-1,375.000,-1,325.000,300.000,300.000,350.000,-1,-1,-1,-1,700.000,700.000,-1,-1,2,0,2,0,2,0,0,0,0,2,2,2,2,0,0,2,2
34,-9298.811,-9053.425,-135.896,-89.502,0.007489,0.997744,0.066717,-0.999808,0.008678,-0.017541,-0.018081,-0.066573,0.997618,0,0.85375,0.99564,51.225,1.991,-1,375.000,-1,375.000,-1,300.000,300.000,300.000,350.000,-1,-1,-1,-1,700.000,700.000,-1,-1,2,0,2,0,2,0,0,0,0,2,2,2,2,0,0,2,2
35,-9296.573,-9104.986,-136.905,-87.516,0.042003,0.996824,0.067659,-0.998920,0.043246,-0.017006,-0.019878,-0.066872,0.997564,0,0.86017,0.99292,51.610,1.986,-1,375.000,-1,375.000,-1,300.000,300.000,300.000,350.000,-1,-1,-1,-1,700.000,675.000,-1,-1,2,0,2,0,2,0,0,0,0,2,2,2,2,0,0,2,2
36,-9292.527,-9156.813,-138.006,-85.537,0.076344,0.994710,0.068730,-0.996845,0.077645,-0.016468,-0.021717,-0.067256,0.997499,0,0.86644,0.98961,51.986,1.979,-1,375.000,-1,375.000,-1,300.000,300.000,300.000,350.000,-1,-1,-1,-1,700.000,675.000,-1,1000.000,2,0,2,0,2,0,0,0,0,2,2,2,2,0,0,2,1
37,-9286.659,-9208.833,-139.130,-83.565,0.110462,0.991401,0.070165,-0.993607,0.111812,-0.015600,-0.023311,-0.067993,0.997413,0,0.87251,0.98568,52.351,1.971,-1,375.000,-1,375.000,-1,300.000,300.000,300.000,350.000,-1,-1,-1,-1,700.000,675.000,-1,900.000,2,0,2,0,2,0,0,0,0,2,2,2,2,0,1,2,1
38,-9278.964,-9260.966,-140.093,-81.603,0.144364,0.986985,0.070847,-0.989232,0.145691,-0.013912,-0.024052,-0.068076,0.997390,0,0.87831,0.98110,52.699,1.962,-1,375.000,-1,375.000,-1,300.000,300.000,300.000,350.000,-1,-1,-1,-1,700.000,650.000,-1,825.000,2,0,2,0,2,0,0,0,0,2,2,2,2,0,1,2,1
39,-9269.885,-9311.833,-141.049,-79.881,0.174005,0.982167,0.071201,-0.984442,0.175289,-0.012154,-0.024418,-0.067979,0.997388,0,0.86120,0.86110,51.672,1.722,-1,375.000,-1,375.000,975.000,300.000,300.000,300.000,350.000,-1,-1,-1,-1,700.000,625.000,-1,750.000,2,0,2,0,1,0,0,0,0,2,2,2,2,0,1,2,1
40,-9259.433,-9362.745,-142.071,-78.399,0.199400,0.977303,0.071546,-0.979610,0.200636,-0.010450,-0.024568,-0.068004,0.997383,0,0.86624,0.74110,51.974,1.482,-1,375.000,-1,375.000,850.000,300.000,300.000,300.000,350.000,-1,-1,-1,-1,700.000,600.000,-1,700.000,2,0,2,0,1,0,0,0,0,2,2,2,2,0,1,2,1
41,-9247.816,-9413.697,-143.150,-77.156,0.220592,0.972713,0.071891,-0.975059,0.221773,-0.008781,-0.024485,-0.068161,0.997374,0,0.87100,0.62110,52.260,1.242,-1,375.000,-1,375.000,750.000,300.000,300.000,325.000,325.000,-1,-1,-1,-1,700.000,575.000,-1,650.000,2,0,2,0,1,0,0,0,0,2,2,2,2,0,1,2,1
42,-9235.245,-9464.701,-144.275,-76.154,0.237630,0.968666,0.072244,-0.971055,0.238748,-0.007130,-0.024154,-0.068459,0.997361,0,0.87552,0.50110,52.531,1.002,-1,375.000,-1,375.000,675.000,325.000,300.000,325.000,325.000,-1,-1,-1,-1,700.000,575.000,-1,625.000,2,0,2,0,1,0,0,0,0,2,2,2,2,0,1,2,1
43,-9221.902,-9515.774,-145.440,-75.359,0.251122,0.965228,0.072610,-0.967668,0.252169,-0.005483,-0.023602,-0.068885,0.997345,0,0.87980,0.39783,52.788,0.796,-1,375.000,-1,375.000,600.000,325.000,300.000,325.000,325.000,-1,-1,-1,-1,700.000,550.000,-1,600.000,2,0,2,1,1,0,0,0,0,2,2,2,2,0,1,2,1
44,-9207.797,-9566.894,-146.659,-74.576,0.264353,0.961662,0.072964,-0.964151,0.265327,-0.003827,-0.023039,-0.069336,0.997327,0,0.88384,0.39151,53.030,0.783,-1,375.000,-1,350.000,525.000,325.000,325.000,325.000,325.000,-1,950.000,-1,-1,700.000,525.000,-1,550.000,2,0,2,1,1,0,1,0,0,2,0,2,2,0,1,2,1
45,-9192.947,-9618.027,-147.944,-73.806,0.277301,0.957977,0.073372,-0.960519,0.278204,-0.002187,-0.022507,-0.069868,0.997302,0,0.88744,0.38464,53.247,0.769,-1,375.000,-1,350.000,475.000,325.000,300.000,325.000,325.000,-1,800.000,-1,-1,700.000,525.000,-1,525.000,2,0,2,1,1,1,1,0,0,2,0,2,2,0,1,2,1
46,-9177.371,-9669.139,-149.357,-73.052,0.289969,0.954208,0.073514,-0.956788,0.290786,-0.000431,-0.021788,-0.070212,0.997294,0,0.89055,0.37719,53.433,0.754,-1,375.000,-1,325.000,450.000,300.000,300.000,325.000,325.000,-1,675.000,-1,-1,700.000,525.000,-1,475.000,2,0,2,1,1,1,1,0,0,2,0,2,2,0,1,2,1
47,-9161.092,-9720.191,-150.904,-72.314,0.302344,0.950378,0.073284,-0.952972,0.303055,0.001472,-0.020810,-0.070283,0.997310,0,0.89309,0.36913,53.585,0.738,-1,375.000,-1,325.000,400.000,300.000,300.000,325.000,325.000,-1,575.000,700.000,-1,700.000,500.000,-1,450.000,2,0,2,1,1,1,1,0,0,2,0,0,2,0,1,2,1
48,-9144.135,-9771.141,-152.314,-71.593,0.314327,0.946437,0.073858,-0.949096,0.314971,0.003073,-0.020355,-0.071064,0.997264,0,0.89497,0.36043,53.698,0.721,-1,375.000,-1,325.000,375.000,300.000,275.000,325.000,325.000,-1,550.000,650.000,-1,700.000,500.000,-1,425.000,2,0,2,1,1,1,1,0,0,2,0,0,2,0,1,2,1
49,-9126.528,-9821.942,-152.104,-70.891,0.326177,0.942013,0.078864,-0.945180,0.326373,0.010757,-0.015606,-0.078049,0.996827,0,0.89611,0.35105,53.766,0.702,-1,400.000,-1,325.000,375.000,325.000,300.000,300.000,325.000,-1,425.000,525.000,-1,725.000,525.000,-1,450.000,2,0,2,1,1,0,1,0,0,2,0,0,2,0,1,2,1
50,-9108.310,-9872.547,-151.755,-70.209,0.337746,0.937467,0.084163,-0.941182,0.337347,0.019343,-0.010258,-0.085746,0.996264,0,0.89641,0.34096,53.784,0.682,-1,400.000,-1,350.000,400.000,325.000,300.000,300.000,350.000,-1,325.000,425.000,-1,750.000,550.000,-1,500.000,2,0,2,1,1,0,1,0,0,2,0,0,2,0,1,2,1
51,-9089.525,-9922.903,-151.527,-69.548,0.348898,0.932978,0.088445,-0.937142,0.347927,0.026675,-0.005886,-0.092192,0.995724,0,0.89577,0.33014,53.746,0.660,-1,400.000,-1,350.000,400.000,325.000,325.000,300.000,375.000,-1,300.000,400.000,-1,750.000,600.000,-1,550.000,2,0,2,1,1,0,1,0,1,2,0,0,2,0,1,2,1
52,-9070.218,-9972.953,-151.255,-68.911,0.359577,0.928651,0.091173,-0.933112,0.358126,0.032371,-0.002590,-0.096714,0.995309,0,0.89410,0.31858,53.646,0.637,-1,400.000,-1,350.000,425.000,350.000,325.000,300.000,350.000,-1,300.000,400.000,-1,775.000,600.000,-1,600.000,2,0,2,1,1,0,1,0,1,2,0,0,2,1,1,2,1
53,-9050.442,-10022.639,-151.041,-68.299,0.369835,0.924495,0.092360,-0.929097,0.367925,0.037551,0.000735,-0.099699,0.995017,0,0.89129,0.30628,53.477,0.613,-1,425.000,-1,375.000,450.000,350.000,350.000,300.000,325.000,-1,300.000,400.000,-1,775.000,600.000,-1,600.000,2,0,2,1,1,0,1,0,1,2,0,0,2,1,1,2,1
54,-9030.250,-10071.895,-151.069,-67.712,0.379586,0.920474,0.092966,-0.925150,0.377284,0.041884,0.003479,-0.101907,0.994788,0,0.88725,0.29326,53.235,0.587,-1,425.000,-1,400.000,475.000,350.000,350.000,300.000,300.000,-1,300.000,400.000,-1,775.000,575.000,-1,600.000,2,0,2,1,1,0,1,0,1,2,0,0,2,1,1,2,1
55,-9009.704,-10120.658,-151.335,-67.153,0.388804,0.916612,0.093028,-0.921303,0.386191,0.045355,0.005646,-0.103341,0.994630,0,0.88192,0.27955,52.915,0.559,-1,425.000,-1,400.000,475.000,350.000,350.000,300.000,275.000,-1,300.000,400.000,-1,800.000,575.000,-1,575.000,2,0,2,1,1,0,0,0,1,2,0,0,2,1,1,2,1
56,-8988.866,-10168.862,-151.833,-66.623,0.397469,0.912933,0.092582,-0.917587,0.394632,0.047955,0.007244,-0.104013,0.994550,0,0.87526,0.26522,52.516,0.530,-1,425.000,-1,400.000,450.000,350.000,375.000,300.000,250.000,-1,275.000,400.000,-1,800.000,550.000,-1,550.000,2,0,2,1,1,0,0,0,1,2,0,0,2,1,1,2,1
57,-8967.803,-10216.444,-152.560,-66.122,0.405570,0.909455,0.091678,-0.914026,0.402598,0.049712,0.008302,-0.103958,0.994547,0,0.86726,0.25036,52.036,0.501,-1,425.000,-1,400.000,425.000,350.000,350.000,300.000,250.000,-1,250.000,375.000,-1,825.000,550.000,-1,525.000,2,0,2,1,1,0,1,0,1,2,0,0,2,1,1,2,1
58,-8946.581,-10263.343,-153.516,-65.652,0.413104,0.906188,0.090378,-0.910641,0.410079,0.050684,0.008867,-0.103240,0.994617,0,0.85797,0.23511,51.478,0.470,-1,425.000,-1,375.000,400.000,350.000,350.000,300.000,225.000,-1,250.000,375.000,-1,825.000,525.000,-1,475.000,2,0,2,1,1,0,1,0,1,2,0,0,2,0,1,2,1
59,-8922.747,-10314.325,-154.909,-64.942,0.424299,0.901216,0.088206,-0.905484,0.421364,0.050513,0.008356,-0.101302,0.994821,0,0.93797,0.35511,56.278,0.710,-1,425.000,-1,350.000,375.000,350.000,325.000,300.000,225.000,-1,250.000,350.000,-1,825.000,500.000,-1,425.000,2,1,2,1,1,1,1,0,1,2,0,0,2,0,1,2,1
60,-8897.072,-10367.011,-156.038,-64.019,0.438465,0.894380,0.088506,-0.898738,0.435849,0.048026,0.004378,-0.100602,0.994917,0,0.97685,0.46120,58.611,0.922,-1,400.000,-1,325.000,325.000,325.000,300.000,300.000,200.000,-1,300.000,425.000,-1,800.000,475.000,-1,375.000,2,1,2,1,1,1,1,0,1,2,0,0,2,0,1,2,1
61,-8870.987,-10418.416,-156.247,-63.101,0.452028,0.887028,0.094089,-0.891994,0.449997,0.043003,-0.004194,-0.103366,0.994635,0,0.96075,0.45911,57.645,0.918,-1,375.000,-1,300.000,275.000,300.000,275.000,300.000,200.000,-1,550.000,725.000,-1,750.000,425.000,-1,325.000,2,1,2,1,1,1,1,0,1,2,0,0,2,0,1,2,1
62,-8844.549,-10468.495,-154.187,-62.185,0.466158,0.878629,0.103477,-0.884690,0.463540,0.049540,-0.004439,-0.114638,0.993397,0,0.94384,0.45789,56.630,0.916,-1,375.000,-1,300.000,275.000,300.000,275.000,300.000,225.000,-1,625.000,825.000,-1,750.000,425.000,-1,300.000,2,1,2,1,1,1,1,0,1,2,0,0,2,0,1,2,1
63,-8817.809,-10517.240,-152.052,-61.270,0.480359,0.869874,0.112135,-0.877067,0.476832,0.058168,-0.002871,-0.126291,0.991989,0,0.92665,0.45751,55.599,0.915,-1,375.000,-1,300.000,275.000,300.000,275.000,275.000,225.000,-1,650.000,900.000,-1,750.000,450.000,-1,300.000,2,1,2,1,1,1,1,0,1,2,0,0,2,0,1,2,1
64,-8790.794,-10564.668,-149.762,-60.354,0.494722,0.860711,0.120112,-0.869051,0.489862,0.069177,0.000703,-0.138607,0.990347,0,0.90973,0.45796,54.584,0.916,-1,400.000,-1,300.000,275.000,300.000,275.000,275.000,250.000,950.000,600.000,875.000,-1,750.000,475.000,-1,325.000,2,1,2,1,1,1,1,0,1,0,0,0,2,0,1,2,1
65,-8763.516,-10610.820,-147.300,-59.436,0.509177,0.851278,0.126745,-0.860646,0.502726,0.080964,0.005205,-0.150308,0.988626,0,0.89356,0.45917,53.613,0.918,-1,425.000,-1,325.000,300.000,325.000,300.000,250.000,250.000,850.000,550.000,825.000,-1,775.000,525.000,-1,375.000,2,1,2,1,1,1,1,0,1,0,0,0,2,0,1,2,1
66,-8735.972,-10655.760,-145.456,-58.514,0.523502,0.841874,0.131128,-0.851978,0.515625,0.090914,0.008925,-0.159311,0.987188,0,0.87852,0.46109,52.711,0.922,-1,450.000,-1,350.000,325.000,350.000,300.000,250.000,275.000,775.000,525.000,800.000,-1,775.000,700.000,-1,450.000,2,0,2,1,1,1,1,0,1,0,0,0,2,0,1,2,1
67,-8708.148,-10699.560,-144.218,-57.586,0.537742,0.832529,0.133153,-0.843019,0.528617,0.099420,0.012383,-0.165713,0.986096,0,0.86489,0.46365,51.893,0.927,-1,450.000,-1,350.000,350.000,350.000,325.000,250.000,275.000,725.000,475.000,750.000,-1,800.000,-1,-1,-1,2,0,2,1,1,1,1,0,1,0,0,0,2,0,2,2,2
68,-8676.840,-10746.822,-143.417,-56.484,0.554416,0.821708,0.131977,-0.832081,0.544204,0.107154,0.016227,-0.169224,0.985444,0,0.94489,0.55112,56.693,1.102,-1,450.000,-1,375.000,400.000,375.000,350.000,250.000,275.000,675.000,450.000,700.000,-1,825.000,-1,-1,-1,2,0,2,1,1,1,1,0,1,0,0,0,2,0,2,2,2
69,-8642.784,-10796.216,-143.725,-55.417,0.570234,0.811156,0.129843,-0.821258,0.559220,0.113174,0.019191,-0.171170,0.985055,0,1.00000,0.53346,60.000,1.067,-1,450.000,-1,425.000,-1,425.000,375.000,250.000,250.000,650.000,425.000,675.000,-1,825.000,-1,-1,-1,2,0,2,1,2,0,1,0,1,0,0,0,2,0,2,2,2
70,7543.248,-4263.489,74.573,-16.676,0.953609,0.285625,0.095126,-0.292764,0.953471,0.071986,-0.070139,-0.096496,0.992859,1,0.00000,0.00000,60.000,1.027,425.000,350.000,-1,475.000,825.000,325.000,350.000,250.000,250.000,525.000,-1,225.000,-1,550.000,900.000,550.000,-1,0,0,2,1,1,1,1,0,1,1,2,1,2,0,1,0,2
71,327.971,-8855.130,-263.920,-82.537,0.141195,0.988894,-0.046402,-0.971872,0.129535,-0.196688,-0.188493,0.072868,0.979367,1,0.00000,0.00000,4.800,-0.240,875.000,300.000,775.000,250.000,275.000,250.000,225.000,525.000,325.000,-1,0.000,25.000,-1,475.000,375.000,625.000,275.000,0,0,0,0,0,0,0,1,0,2,1,1,2,0,0,0,0
72,-9511.331,-6892.078,-127.246,-93.910,-0.067576,0.996491,0.049379,-0.997637,-0.068102,0.009053,0.012384,-0.048650,0.998739,1,0.08000,0.00471,4.800,0.009,-1,375.000,-1,400.000,-1,300.000,300.000,325.000,325.000,-1,575.000,500.000,-1,725.000,800.000,-1,-1,2,0,2,0,2,0,0,0,0,2,0,0,2,0,0,2,2
73,-9511.984,-6901.656,-127.132,-93.900,-0.067405,0.996509,0.049253,-0.997646,-0.067941,0.009292,0.012606,-0.048511,0.998743,0,0.16000,0.00466,9.600,0.009,-1,375.000,-1,400.000,-1,300.000,300.000,325.000,325.000,-1,575.000,500.000,-1,725.000,800.000,-1,-1,2,0,2,0,2,0,0,0,0,2,0,0,2,0,0,2,2
74,-9512.961,-6916.023,-126.962,-93.891,-0.067233,0.996530,0.049064,-0.997653,-0.067784,0.009649,0.012942,-0.048300,0.998749,0,0.24000,0.00454,14.400,0.009,-1,375.000,-1,400.000,-1,300.000,300.000,325.000,325.000,-1,575.000,500.000,-1,725.000,800.000,-1,-1,2,0,2,0,2,0,0,0,0,2,0,0,2,0,0,2,2
75,-9514.262,-6935.179,-126.735,-93.883,-0.067063,0.996554,0.048810,-0.997659,-0.067633,0.010126,0.013392,-0.048017,0.998757,0,0.32000,0.00436,19.200,0.009,-1,375.000,-1,400.000,-1,300.000,300.000,325.000,325.000,-1,575.000,500.000,-1,750.000,800.000,-1,-1,2,0,2,0,2,0,0,0,0,2,0,0,2,0,0,2,2
76,-9515.884,-6959.124,-126.453,-93.874,-0.066898,0.996581,0.048492,-0.997662,-0.067492,0.010721,0.013957,-0.047661,0.998766,0,0.40000,0.00409,24.000,0.008,-1,375.000,-1,400.000,-1,300.000,325.000,325.000,325.000,-1,600.000,525.000,-1,750.000,800.000,-1,-1,2,0,2,0,2,0,0,0,0,2,0,0,2,0,0,2,2
77,-9517.826,-6987.858,-126.116,-93.867,-0.066742,0.996610,0.048108,-0.997663,-0.067364,0.011435,0.014637,-0.047232,0.998777,0,0.48000,0.00371,28.800,0.007,-1,375.000,-1,400.000,-1,300.000,325.000,325.000,325.000,-1,600.000,525.000,-1,750.000,800.000,-1,-1,2,0,2,0,2,0,0,0,0,2,0,0,2,0,0,2,2
78,-9520.089,-7021.382,-125.725,-93.861,-0.066600,0.996641,0.047656,-0.997660,-0.067255,0.012266,0.015430,-0.046728,0.998788,0,0.56000,0.00319,33.600,0.006,-1,375.000,-1,400.000,-1,300.000,325.000,325.000,325.000,-1,600.000,525.000,-1,750.000,800.000,-1,-1,2,0,2,0,2,0,0,0,0,2,0,0,2,0,0,2,2
79,-9522.671,-7059.695,-125.280,-93.856,-0.066479,0.996674,0.047136,-0.997654,-0.067169,0.013215,0.016337,-0.046147,0.998801,0,0.64000,0.00251,38.400,0.005,-1,375.000,-1,400.000,-1,300.000,325.000,325.000,325.000,-1,625.000,550.000,-1,750.000,825.000,-1,-1,2,0,2,0,2,0,0,0,0,2,0,0,2,0,0,2,2
80,-9525.574,-7102.797,-124.783,-93.852,-0.066386,0.996708,0.046545,-0.997643,-0.067115,0.014281,0.017358,-0.045488,0.998814,0,0.72000,0.00161,43.200,0.003,-1,375.000,-1,400.000,-1,300.000,325.000,325.000,325.000,-1,625.000,525.000,-1,775.000,825.000,-1,-1,2,0,2,0,2,0,0,0,0,2,0,0,2,0,0,2,2
81,-9528.486,-7146.047,-124.287,-93.851,-0.066334,0.996739,0.045947,-0.997628,-0.067101,0.015349,0.018382,-0.044820,0.998826,0,0.72247,0.00047,43.348,0.001,-1,400.000,-1,400.000,-1,325.000,325.000,325.000,325.000,-1,650.000,500.000,-1,775.000,825.000,-1,-1,2,0,2,0,2,0,0,0,0,2,0,0,2,0,0,2,2
82,-9531.398,-7189.276,-123.790,-93.853,-0.066330,0.996768,0.045328,-0.997609,-0.067132,0.016404,0.019394,-0.044132,0.998837,0,0.72211,-0.00083,43.326,-0.002,-1,400.000,-1,400.000,-1,325.000,325.000,325.000,325.000,-1,625.000,450.000,-1,800.000,850.000,-1,-1,2,0,2,0,2,0,0,0,0,2,0,0,2,0,0,2,2
83,-9534.312,-7232.487,-123.159,-93.858,-0.066426,0.996804,0.044379,-0.997602,-0.067214,0.016507,0.019437,-0.043177,0.998878,0,0.72182,-0.00227,43.309,-0.005,-1,400.000,-1,400.000,-1,325.000,325.000,325.000,325.000,-1,650.000,475.000,-1,800.000,850.000,-1,-1,2,0,2,0,2,0,0,0,0,2,0,0,2,0,0,2,2
84,-9537.261,-7276.146,-122.484,-93.863,-0.066568,0.996822,0.043749,-0.997605,-0.067318,0.015901,0.018796,-0.042586,0.998916,0,0.72931,-0.00295,43.758,-0.006,-1,400.000,-1,400.000,-1,325.000,325.000,325.000,325.000,-1,750.000,550.000,-1,800.000,850.000,-1,-1,2,0,2,0,2,0,0,0,0,2,0,0,2,0,0,2,2
85,-9540.211,-7319.775,-121.817,-93.868,-0.066692,0.996842,0.043098,-0.997609,-0.067404,0.015288,0.018144,-0.041975,0.998954,0,0.72881,-0.00241,43.729,-0.005,-1,400.000,-1,400.000,-1,325.000,325.000,325.000,325.000,-1,800.000,625.000,-1,825.000,850.000,-1,-1,2,0,2,0,2,0,0,0,0,2,0,0,2,0,0,2,2
86,-9543.163,-7363.372,-121.152,-93.872,-0.066801,0.996863,0.042443,-0.997613,-0.067476,0.014678,0.017496,-0.041361,0.998991,0,0.72829,-0.00202,43.697,-0.004,-1,400.000,-1,400.000,-1,325.000,325.000,325.000,325.000,-1,875.000,700.000,-1,825.000,850.000,-1,-1,2,0,2,0,2,0,0,0,0,2,0,0,2,0,0,2,2
87,-9546.114,-7406.937,-120.491,-93.876,-0.066901,0.996884,0.041786,-0.997617,-0.067540,0.014073,0.016852,-0.040745,0.999027,0,0.72774,-0.00179,43.665,-0.004,-1,400.000,-1,400.000,-1,300.000,325.000,325.000,325.000,-1,925.000,775.000,-1,825.000,850.000,-1,-1,2,0,2,0,2,0,0,0,0,2,0,0,2,0,0,2,2
88,-9549.067,-7450.469,-119.832,-93.879,-0.066998,0.996905,0.041125,-0.997621,-0.067602,0.013473,0.016211,-0.040125,0.999063,0,0.72720,-0.00171,43.632,-0.003,-1,400.000,-1,400.000,-1,300.000,325.000,325.000,325.000,-1,1000.000,875.000,-1,825.000,850.000,-1,-1,2,0,2,0,2,0,0,0,0,2,0,0,2,0,0,2,2
89,-9552.019,-7493.967,-119.176,-93.883,-0.067096,0.996926,0.040462,-0.997625,-0.067666,0.012877,0.015575,-0.039502,0.999098,0,0.72665,-0.00179,43.599,-0.004,-1,400.000,-1,400.000,-1,300.000,325.000,325.000,325.000,-1,-1,975.000,-1,825.000,850.000,-1,-1,2,0,2,0,2,0,0,0,0,2,2,0,2,0,0,2,2
90,-9554.973,-7537.433,-118.523,-93.887,-0.067201,0.996946,0.039795,-0.997628,-0.067737,0.012285,0.014943,-0.038875,0.999132,0,0.72611,-0.00202,43.566,-0.004,-1,400.000,-1,400.000,-1,300.000,325.000,325.000,325.000,-1,-1,-1,-1,850.000,850.000,-1,-1,2,0,2,0,2,0,0,0,0,2,2,2,2,0,0,2,2
91,-9557.928,-7580.868,-117.873,-93.892,-0.067319,0.996964,0.039126,-0.997629,-0.067823,0.011697,0.014316,-0.038245,0.999166,0,0.72558,-0.00240,43.535,-0.005,-1,400.000,-1,400.000,-1,300.000,325.000,325.000,325.000,-1,-1,-1,-1,850.000,850.000,-1,-1,2,0,2,0,2,0,0,0,0,2,2,2,2,0,0,2,2
92,-9560.885,-7624.272,-117.225,-93.898,-0.067454,0.996981,0.038453,-0.997628,-0.067926,0.011114,0.013693,-0.037612,0.999199,0,0.72509,-0.00293,43.505,-0.006,-1,400.000,-1,400.000,-1,300.000,325.000,325.000,325.000,-1,-1,-1,-1,850.000,850.000,-1,-1,2,0,2,0,2,0,0,0,0,2,2,2,2,0,0,2,2
93,-9563.846,-7667.649,-116.581,-93.905,-0.067612,0.996996,0.037777,-0.997626,-0.068054,0.010536,0.013075,-0.036975,0.999231,0,0.72463,-0.00361,43.478,-0.007,-1,400.000,-1,400.000,-1,325.000,325.000,325.000,325.000,-1,-1,-1,-1,850.000,850.000,-1,-1,2,0,2,0,2,0,0,0,0,2,2,2,2,0,0,2,2
94,-9566.812,-7711.000,-115.938,-93.914,-0.067798,0.997009,0.037097,-0.997621,-0.068210,0.009962,0.012462,-0.036333,0.999262,0,0.72421,-0.00445,43.452,-0.009,-1,400.000,-1,400.000,-1,325.000,325.000,325.000,325.000,-1,-1,-1,-1,850.000,850.000,-1,-1,2,0,2,0,2,0,0,0,0,2,2,2,2,0,0,2,2
95,-9569.785,-7754.329,-115.299,-93.925,-0.068017,0.997019,0.036414,-0.997614,-0.068401,0.009392,0.011855,-0.035688,0.999293,0,0.72384,-0.00543,43.430,-0.011,-1,400.000,-1,400.000,-1,325.000,325.000,325.000,325.000,-1,-1,-1,-1,875.000,850.000,-1,-1,2,0,2,0,2,0,0,0,0,2,2,2,2,0,0,2,2
96,-9572.767,-7797.638,-114.661,-93.938,-0.068275,0.997027,0.035726,-0.997603,-0.068631,0.008827,0.011252,-0.035038,0.999323,0,0.72353,-0.00656,43.412,-0.013,-1,400.000,-1,400.000,-1,325.000,325.000,325.000,325.000,-1,-1,-1,-1,875.000,850.000,-1,-1,2,0,2,0,2,0,0,0,0,2,2,2,2,0,0,2,2
97,-9575.759,-7840.932,-114.026,-93.953,-0.068576,0.997031,0.035035,-0.997589,-0.068905,0.008266,0.010655,-0.034383,0.999352,0,0.72329,-0.00784,43.397,-0.016,-1,400.000,-1,400.000,-1,325.000,325.000,325.000,325.000,-1,-1,-1,-1,875.000,850.000,-1,-1,2,0,2,0,2,0,0,0,0,2,2,2,2,0,0,2,2
98,-9578.764,-7884.215,-113.676,-93.972,-0.068921,0.996993,0.035417,-0.997573,-0.069226,0.007452,0.009881,-0.034817,0.999345,0,0.72311,-0.00926,43.387,-0.019,-1,400.000,-1,400.000,-1,325.000,325.000,325.000,325.000,-1,-1,-1,-1,875.000,850.000,-1,-1,2,0,2,0,2,0,0,0,0,2,2,2,2,0,0,2,2
99,-9581.785,-7927.490,-113.633,-93.994,-0.069344,0.996965,0.035392,-0.997556,-0.069603,0.006136,0.008581,-0.034880,0.999355,0,0.72302,-0.01083,43.381,-0.022,-1,400.000,-1,400.000,-1,325.000,325.000,325.000,325.000,-1,-1,-1,-1,875.000,850.000,-1,-1,2,0,2,0,2,0,0,0,0,2,2,2,2,0,0,2,2
100,-9584.825,-7970.765,-113.621,-94.019,-0.069830,0.996936,0.035239,-0.997533,-0.070039,0.004742,0.007196,-0.034821,0.999368,0,0.72301,-0.01253,43.381,-0.025,-1,400.000,-1,400.000,-1,325.000,325.000,325.000,325.000,-1,-1,-1,-1,850.000,825.000,-1,-1,2,0,2,0,2,0,0,0,0,2,2,2,2,0,0,2,2
101,-9587.887,-8014.042,-113.607,-94.047,-0.070379,0.996903,0.035081,-0.997503,-0.070540,0.003356,0.005820,-0.034758,0.999379,0,0.72310,-0.01438,43.386,-0.029,-1,400.000,-1,400.000,-1,325.000,325.000,325.000,325.000,-1,-1,-1,-1,850.000,825.000,-1,-1,2,0,2,0,2,0,0,0,0,2,2,2,2,0,0,2,2
102,-9590.975,-8057.329,-113.591,-94.080,-0.070997,0.996865,0.034919,-0.997467,-0.071109,0.001978,0.004455,-0.034690,0.999388,0,0.72328,-0.01636,43.397,-0.033,-1,400.000,-1,400.000,-1,325.000,325.000,325.000,325.000,-1,-1,-1,-1,850.000,825.000,-1,-1,2,0,2,0,2,0,0,0,0,2,2,2,2,0,0,2,2
103,-9593.904,-8095.814,-113.566,-94.353,-0.075781,0.996518,0.034766,-0.997119,-0.075854,0.000773,0.003408,-0.034607,0.999395,0,0.64328,-0.13636,38.597,-0.273,-1,400.000,-1,400.000,-1,325.000,325.000,325.000,325.000,-1,-1,-1,-1,850.000,800.000,-1,-1,2,0,2,0,2,0,0,0,0,2,2,2,2,0,0,2,2
104,-9596.706,-8129.657,-113.532,-94.732,-0.082406,0.995998,0.034604,-0.996595,-0.082447,-0.000268,0.002586,-0.034509,0.999401,0,0.56597,-0.18957,33.958,-0.379,-1,400.000,-1,400.000,-1,325.000,325.000,325.000,325.000,-1,-1,-1,-1,825.000,800.000,-1,-1,2,0,2,0,2,0,0,0,0,2,2,2,2,0,0,2,2
105,-9599.735,-8163.500,-113.486,-95.115,-0.089094,0.995429,0.034411,-0.996022,-0.089102,-0.001297,0.001775,-0.034390,0.999407,0,0.56631,-0.19147,33.979,-0.383,-1,400.000,-1,400.000,-1,325.000,325.000,325.000,300.000,-1,-1,-1,-1,825.000,800.000,-1,-1,2,0,2,0,2,0,0,0,0,2,2,2,2,0,0,2,2
106,-9602.995,-8197.349,-113.429,-95.502,-0.095846,0.994809,0.034185,-0.995396,-0.095823,-0.002313,0.000975,-0.034249,0.999413,0,0.56675,-0.19348,34.005,-0.387,-1,400.000,-1,400.000,-1,325.000,325.000,325.000,300.000,-1,-1,-1,-1,825.000,800.000,-1,-1,2,0,2,0,2,0,0,0,0,2,2,2,2,0,0,2,2
107,-9606.490,-8231.207,-113.360,-95.893,-0.102667,0.994137,0.033926,-0.994716,-0.102614,-0.003314,0.000187,-0.034087,0.999419,0,0.56730,-0.19561,34.038,-0.391,-1,400.000,-1,400.000,-1,325.000,325.000,325.000,300.000,-1,-1,-1,-1,825.000,800.000,-1,-1,2,0,2,0,2,0,0,0,0,2,2,2,2,0,0,2,2
108,-9610.223,-8265.078,-113.279,-96.289,-0.109560,0.993411,0.033634,-0.993980,-0.109478,-0.004299,-0.000589,-0.033902,0.999425,0,0.56794,-0.19784,34.077,-0.396,-1,400.000,-1,400.000,-1,325.000,325.000,325.000,300.000,-1,-1,-1,-1,800.000,775.000,-1,-1,2,0,2,0,2,0,0,0,0,2,2,2,2,0,0,2,2
109,-9614.198,-8298.968,-113.185,-96.689,-0.116528,0.992629,0.033308,-0.993186,-0.116417,-0.005268,-0.001351,-0.033695,0.999431,0,0.56870,-0.20018,34.122,-0.400,-1,400.000,-1,400.000,-1,325.000,325.000,325.000,300.000,-1,-1,-1,-1,800.000,775.000,-1,-1,2,0,2,0,2,0,0,0,0,2,2,2,2,0,0,2,2
110,-9618.416,-8332.865,-113.078,-97.093,-0.123549,0.991791,0.032948,-0.992336,-0.123410,-0.006217,-0.002100,-0.033464,0.999438,0,0.56930,-0.20188,34.158,-0.404,-1,400.000,-1,400.000,-1,325.000,325.000,325.000,300.000,-1,-1,-1,-1,800.000,775.000,-1,-1,2,0,2,0,2,0,0,0,0,2,2,2,2,0,0,2,2
111,-9622.872,-8366.731,-112.959,-97.497,-0.130562,0.990905,0.032555,-0.991436,-0.130397,-0.007146,-0.002836,-0.033209,0.999444,0,0.56930,-0.20188,34.158,-0.404,-1,400.000,-1,400.000,-1,325.000,325.000,325.000,300.000,-1,-1,-1,-1,800.000,775.000,-1,-1,2,0,2,0,2,0,0,0,0,2,2,2,2,0,0,2,2
112,-9627.567,-8400.565,-112.827,-97.900,-0.137568,0.989971,0.032129,-0.990486,-0.137378,-0.008053,-0.003559,-0.032931,0.999451,0,0.56930,-0.20188,34.158,-0.404,-1,400.000,-1,400.000,-1,325.000,325.000,325.000,300.000,-1,-1,-1,-1,775.000,775.000,-1,-1,2,0,2,0,2,0,0,0,0,2,2,2,2,0,0,2,2
113,-9632.501,-8434.365,-112.683,-98.304,-0.144566,0.988988,0.031671,-0.989486,-0.144353,-0.008937,-0.004267,-0.032630,0.999458,0,0.56930,-0.20188,34.158,-0.404,-1,400.000,-1,400.000,-1,325.000,325.000,325.000,300.000,-1,-1,-1,-1,775.000,750.000,-1,-1,2,0,2,0,2,0,0,0,0,2,2,2,2,0,0,2,2
114,-9637.672,-8468.129,-112.525,-98.708,-0.151556,0.987957,0.031181,-0.988436,-0.151320,-0.009796,-0.004960,-0.032305,0.999466,0,0.56930,-0.20188,34.158,-0.404,-1,400.000,-1,400.000,-1,325.000,325.000,325.000,300.000,-1,-1,-1,-1,775.000,750.000,-1,-1,2,0,2,0,2,0,0,0,0,2,2,2,2,0,0,2,2
115,-9643.082,-8501.856,-112.537,-99.112,-0.158523,0.986853,0.031478,-0.987342,-0.158277,-0.010177,-0.005061,-0.032693,0.999453,0,0.56930,-0.20188,34.158,-0.404,-1,400.000,-1,400.000,-1,325.000,325.000,325.000,325.000,-1,-1,-1,-1,775.000,750.000,-1,-1,2,0,2,0,2,0,0,0,0,2,2,2,2,0,0,2,2
116,-9648.728,-8535.544,-112.579,-99.516,-0.165478,0.985696,0.031941,-0.986201,-0.165224,-0.010464,-0.005037,-0.033232,0.999435,0,0.56930,-0.20188,34.158,-0.404,-1,400.000,-1,400.000,-1,325.000,325.000,325.000,325.000,-1,-1,-1,-1,750.000,750.000,-1,-1,2,0,2,0,2,0,0,0,0,2,2,2,2,0,0,2,2
117,-9654.612,-8569.191,-112.660,-99.919,-0.172419,0.984497,0.032208,-0.985012,-0.172164,-0.010553,-0.004844,-0.033544,0.999425,0,0.56930,-0.20188,34.158,-0.404,-1,400.000,-1,400.000,-1,325.000,325.000,325.000,325.000,-1,-1,-1,-1,750.000,750.000,-1,-1,2,0,2,0,2,0,0,0,0,2,2,2,2,0,0,2,2
118,-9660.733,-8602.797,-112.812,-100.323,-0.179342,0.983260,0.032178,-0.983777,-0.179098,-0.010342,-0.004406,-0.033511,0.999429,0,0.56930,-0.20188,34.158,-0.404,-1,400.000,-1,400.000,-1,325.000,325.000,325.000,325.000,-1,-1,-1,-1,750.000,750.000,-1,-1,2,0,2,0,2,0,0,0,0,2,2,2,2,0,0,2,2
119,-9667.091,-8636.358,-112.949,-100.727,-0.186256,0.981976,0.032124,-0.982493,-0.186023,-0.010120,-0.003962,-0.033447,0.999433,0,0.56930,-0.20188,34.158,-0.404,-1,400.000,-1,400.000,-1,325.000,325.000,325.000,325.000,-1,-1,-1,-1,750.000,750.000,-1,-1,2,0,2,0,2,0,0,0,0,2,2,2,2,0,0,2,2
120,-9673.697,-8669.932,-113.069,-101.130,-0.193151,0.980645,0.032051,-0.981163,-0.192930,-0.009883,-0.003508,-0.033356,0.999437,0,0.57030,-0.20161,34.218,-0.403,-1,400.000,-1,400.000,-1,325.000,325.000,325.000,325.000,-1,-1,-1,-1,750.000,750.000,-1,-1,2,0,2,0,2,0,0,0,0,2,2,2,2,0,0,2,2
121,-9680.587,-8703.705,-113.173,-101.531,-0.199995,0.979276,0.031957,-0.979792,-0.199786,-0.009630,-0.003046,-0.033238,0.999443,0,0.57448,-0.20042,34.469,-0.401,-1,400.000,-1,400.000,-1,325.000,325.000,325.000,325.000,-1,-1,-1,-1,750.000,750.000,-1,-1,2,0,2,0,2,0,0,0,0,2,2,2,2,0,0,2,2
122,-9687.763,-8737.674,-113.261,-101.929,-0.206785,0.977868,0.031844,-0.978383,-0.206589,-0.009361,-0.002575,-0.033091,0.999449,0,0.57864,-0.19913,34.718,-0.398,-1,400.000,-1,400.000,-1,325.000,325.000,325.000,325.000,-1,-1,-1,-1,750.000,750.000,-1,-1,2,0,2,0,2,0,0,0,0,2,2,2,2,0,0,2,2
123,-9695.227,-8771.836,-113.331,-102.325,-0.213518,0.976424,0.031710,-0.976937,-0.213335,-0.009074,-0.002095,-0.032916,0.999456,0,0.58279,-0.19773,34.968,-0.395,-1,400.000,-1,400.000,-1,325.000,325.000,350.000,325.000,-1,-1,-1,-1,750.000,750.000,-1,-1,2,0,2,0,2,0,0,0,0,2,2,2,2,0,0,2,2
124,-9702.980,-8806.187,-113.385,-102.717,-0.220188,0.974947,0.031560,-0.975456,-0.220019,-0.008776,-0.001612,-0.032718,0.999463,0,0.58692,-0.19621,35.215,-0.392,-1,400.000,-1,400.000,-1,325.000,325.000,350.000,325.000,-1,-1,-1,-1,750.000,750.000,-1,-1,2,0,2,0,2,0,0,0,0,2,2,2,2,0,0,2,2
125,-9712.219,-8845.122,-113.541,-103.349,-0.230933,0.972450,0.031786,-0.972969,-0.230765,-0.008903,-0.001322,-0.032983,0.999455,0,0.66692,-0.31621,40.015,-0.632,-1,400.000,-1,400.000,-1,325.000,325.000,350.000,325.000,-1,-1,-1,-1,725.000,750.000,-1,-1,2,0,2,0,2,0,0,0,0,2,2,2,2,0,0,2,2
126,-9723.229,-8888.564,-113.685,-104.222,-0.245707,0.968815,0.032037,-0.969344,-0.245542,-0.009046,-0.000897,-0.033278,0.999446,0,0.74692,-0.43621,44.815,-0.872,-1,400.000,-1,400.000,-1,325.000,325.000,325.000,325.000,-1,-1,-1,-1,725.000,750.000,-1,-1,2,0,2,0,2,0,0,0,0,2,2,2,2,0,0,2,2
127,-9736.350,-8936.413,-113.797,-105.334,-0.264462,0.963855,0.032290,-0.964396,-0.264302,-0.009205,-0.000338,-0.033574,0.999436,0,0.82692,-0.55621,49.615,-1.112,-1,400.000,-1,400.000,-1,325.000,325.000,325.000,325.000,-1,-1,-1,-1,725.000,750.000,-1,-1,2,0,2,0,2,0,0,0,0,2,2,2,2,0,0,2,2
128,-9751.593,-8987.264,-113.855,-106.687,-0.287128,0.957340,0.032515,-0.957892,-0.286975,-0.009371,0.000360,-0.033836,0.999427,0,0.88478,-0.67621,53.087,-1.352,-1,375.000,-1,400.000,-1,325.000,325.000,325.000,325.000,-1,-1,-1,-1,725.000,775.000,-1,-1,2,0,2,0,2,0,0,0,0,2,2,2,2,0,0,2,2
129,-9768.343,-9037.973,-113.840,-108.279,-0.313609,0.948989,0.032692,-0.949552,-0.313466,-0.009531,0.001203,-0.034032,0.999420,0,0.89005,-0.79621,53.403,-1.592,-1,375.000,-1,400.000,-1,325.000,325.000,325.000,325.000,-1,-1,-1,-1,725.000,775.000,-1,-1,2,0,2,0,2,0,0,0,0,2,2,2,2,0,0,2,2
130,-9786.806,-9088.393,-113.744,-110.112,-0.343779,0.938477,0.032824,-0.939048,-0.343650,-0.009671,0.002204,-0.034147,0.999414,0,0.89489,-0.91621,53.694,-1.832,975.000,375.000,-1,400.000,-1,325.000,325.000,325.000,325.000,-1,-1,-1,-1,700.000,775.000,1000.000,-1,1,0,2,0,2,0,0,0,0,2,2,2,2,0,0,1,2
131,-9807.061,-9138.396,-113.427,-112.052,-0.375328,0.926321,0.032542,-0.926885,-0.375234,-0.009178,0.003709,-0.033607,0.999428,0,0.89916,-0.97014,53.950,-1.940,900.000,375.000,-1,400.000,-1,325.000,325.000,325.000,325.000,-1,-1,-1,-1,700.000,775.000,975.000,-1,1,0,2,0,2,0,0,0,0,2,2,2,2,0,0,1,2
132,-9829.076,-9187.888,-113.046,-113.979,-0.406256,0.913222,0.031337,-0.913745,-0.406201,-0.008370,0.005085,-0.032034,0.999474,0,0.90280,-0.96380,54.168,-1.928,850.000,375.000,-1,400.000,-1,325.000,325.000,325.000,325.000,-1,-1,-1,-1,700.000,800.000,1000.000,-1,1,0,2,0,2,0,0,0,0,2,2,2,2,1,0,1,2
133,-9851.787,-9235.146,-112.681,-115.667,-0.432972,0.900917,0.029749,-0.901388,-0.432945,-0.007670,0.005970,-0.030136,0.999528,0,0.87385,-0.84380,52.431,-1.688,825.000,375.000,-1,400.000,-1,300.000,325.000,325.000,325.000,-1,-1,-1,-1,700.000,800.000,-1,-1,1,0,2,0,2,0,0,0,0,2,2,2,2,1,0,2,2
134,-9875.748,-9281.937,-112.250,-117.115,-0.455597,0.889743,0.028073,-0.890161,-0.455593,-0.006938,0.006617,-0.028150,0.999582,0,0.87616,-0.72380,52.569,-1.448,800.000,375.000,-1,400.000,-1,300.000,325.000,325.000,325.000,-1,-1,-1,-1,675.000,800.000,-1,-1,1,0,2,0,2,0,0,0,0,2,2,2,2,1,0,2,2
