timestep,x_cm,y_cm,z_cm,yaw_deg,basis_xx,basis_xy,basis_xz,basis_yx,basis_yy,basis_yz,basis_zx,basis_zy,basis_zz,teleport_flag,throttle_cmd,steering_cmd,cmd_move_cm,cmd_turn_deg,lidar_cm_0,lidar_cm_1,lidar_cm_2,lidar_cm_3,lidar_cm_4,lidar_cm_5,lidar_cm_6,lidar_cm_7,lidar_cm_8,lidar_cm_9,lidar_cm_10,lidar_cm_11,lidar_cm_12,lidar_cm_13,lidar_cm_14,lidar_cm_15,lidar_cm_16,lidar_class_0,lidar_class_1,lidar_class_2,lidar_class_3,lidar_class_4,lidar_class_5,lidar_class_6,lidar_class_7,lidar_class_8,lidar_class_9,lidar_class_10,lidar_class_11,lidar_class_12,lidar_class_13,lidar_class_14,lidar_class_15,lidar_class_16
0,-330.325,-8194.969,-2.318,119.214,-0.485871,-0.871946,-0.060328,0.872905,-0.487589,0.017113,-0.044337,-0.044346,0.998032,1,0.08000,-0.12000,4.800,-0.240,-1,425.000,-1,425.000,475.000,350.000,350.000,300.000,175.000,-1,-1,1000.000,475.000,775.000,600.000,-1,600.000,2,0,2,1,1,0,0,0,1,2,2,1,1,0,1,2,1
1,-334.940,-8186.551,-2.880,118.734,-0.478522,-0.875986,-0.060546,0.876952,-0.480259,0.017502,-0.044410,-0.044721,0.998012,0,0.16000,-0.24000,9.600,-0.480,-1,425.000,-1,400.000,450.000,350.000,350.000,300.000,175.000,-1,-1,-1,475.000,775.000,575.000,-1,600.000,2,0,2,1,1,0,0,0,1,2,2,2,1,0,1,2,1
2,-341.739,-8173.857,-3.789,118.172,-0.469868,-0.880650,-0.060664,0.881597,-0.471643,0.018433,-0.044845,-0.044820,0.997988,0,0.24000,-0.28095,14.400,-0.562,-1,400.000,-1,400.000,425.000,350.000,350.000,300.000,175.000,-1,-1,-1,500.000,775.000,575.000,-1,575.000,2,0,2,1,1,0,0,0,1,2,2,2,1,0,1,2,1
3,-350.637,-8156.843,-5.090,117.609,-0.461147,-0.885256,-0.060534,0.886138,-0.462983,0.020136,-0.045852,-0.044356,0.997963,0,0.32000,-0.28129,19.200,-0.563,-1,400.000,-1,400.000,425.000,350.000,350.000,300.000,175.000,-1,-1,-1,500.000,775.000,550.000,-1,550.000,2,0,2,1,1,0,0,0,1,2,2,2,1,0,1,2,1
4,-361.550,-8135.467,-6.799,117.046,-0.452358,-0.889811,-0.060080,0.890571,-0.454277,0.022705,-0.047497,-0.043235,0.997935,0,0.40000,-0.28174,24.000,-0.563,-1,400.000,-1,375.000,400.000,325.000,350.000,300.000,175.000,-1,-1,-1,525.000,750.000,525.000,-1,525.000,2,0,2,1,1,0,1,0,1,2,2,2,1,0,1,2,1
5,-374.391,-8109.688,-8.939,116.481,-0.443503,-0.894315,-0.059207,0.894884,-0.445524,0.026267,-0.049869,-0.041334,0.997900,0,0.48000,-0.28227,28.800,-0.565,-1,400.000,-1,375.000,375.000,325.000,325.000,300.000,150.000,-1,-1,-1,525.000,750.000,500.000,-1,475.000,2,0,2,1,1,0,1,0,1,2,2,2,1,0,1,2,1
6,-389.075,-8079.466,-11.540,115.916,-0.434590,-0.898772,-0.057795,0.899063,-0.436722,0.030979,-0.053083,-0.038498,0.997848,0,0.56000,-0.28285,33.600,-0.566,-1,400.000,-1,350.000,325.000,325.000,325.000,300.000,150.000,-1,-1,-1,550.000,725.000,475.000,-1,425.000,2,0,2,1,1,0,1,0,1,2,2,2,1,0,1,2,1
7,-405.513,-8044.761,-14.639,115.349,-0.425632,-0.903180,-0.055703,0.903082,-0.427869,0.037022,-0.057272,-0.034546,0.997761,0,0.64000,-0.28347,38.400,-0.567,-1,375.000,-1,325.000,300.000,325.000,300.000,300.000,150.000,-1,-1,-1,575.000,700.000,450.000,-1,375.000,2,1,2,1,1,1,1,0,1,2,2,2,1,0,1,2,1
8,-423.620,-8005.539,-17.060,114.780,-0.416529,-0.907402,-0.055908,0.907122,-0.418903,0.040626,-0.060284,-0.033794,0.997609,0,0.72000,-0.28408,43.200,-0.568,-1,375.000,-1,300.000,275.000,300.000,275.000,300.000,150.000,-1,-1,-1,600.000,675.000,425.000,-1,325.000,2,1,2,1,1,1,1,0,1,2,2,2,1,0,1,2,1
9,-443.309,-7961.761,-18.045,114.211,-0.406899,-0.911347,-0.062291,0.911133,-0.409790,0.043700,-0.065352,-0.038974,0.997101,0,0.80000,-0.28463,48.000,-0.569,-1,350.000,-1,275.000,250.000,275.000,275.000,300.000,150.000,-1,-1,-1,650.000,650.000,400.000,-1,275.000,2,1,2,1,1,1,1,0,1,2,2,2,1,0,1,2,1
10,-464.075,-7914.343,-17.415,113.641,-0.397219,-0.914903,-0.071896,0.915495,-0.400493,0.038396,-0.063923,-0.050569,0.996673,0,0.86277,-0.28506,51.766,-0.570,-1,350.000,-1,275.000,250.000,275.000,250.000,300.000,150.000,-1,-1,-1,675.000,650.000,400.000,-1,275.000,2,1,2,1,1,1,1,0,1,2,2,2,1,0,1,2,1
11,-484.262,-7866.981,-15.518,113.070,-0.387746,-0.917983,-0.083431,0.920019,-0.390994,0.026267,-0.056734,-0.066573,0.996167,0,0.85809,-0.28531,51.486,-0.571,-1,375.000,-1,275.000,250.000,300.000,275.000,300.000,175.000,-1,-1,-1,725.000,675.000,400.000,-1,275.000,2,1,2,1,1,1,1,0,1,2,2,2,1,0,1,2,1
12,-503.869,-7819.680,-14.088,112.500,-0.378553,-0.920879,-0.093158,0.924278,-0.381437,0.014688,-0.049059,-0.080544,0.995543,0,0.85341,-0.28534,51.205,-0.571,-1,375.000,-1,300.000,250.000,300.000,275.000,275.000,200.000,-1,-1,-1,775.000,725.000,425.000,-1,275.000,2,1,2,1,1,1,1,0,1,2,2,2,1,0,1,2,1
13,-522.900,-7772.443,-13.276,111.929,-0.369650,-0.923600,-0.101596,0.928294,-0.371837,0.002809,-0.040372,-0.093272,0.994822,0,0.84879,-0.28515,50.927,-0.570,-1,400.000,-1,300.000,250.000,300.000,275.000,275.000,225.000,-1,-1,-1,800.000,750.000,450.000,-1,300.000,2,1,2,1,1,1,1,0,1,2,2,2,1,0,1,2,1
14,-541.362,-7725.270,-12.828,111.360,-0.361095,-0.926267,-0.107883,0.932032,-0.362255,-0.009340,-0.030430,-0.103923,0.994120,0,0.84428,-0.28474,50.657,-0.569,-1,450.000,-1,300.000,275.000,325.000,275.000,275.000,225.000,-1,-1,-1,850.000,775.000,475.000,-1,300.000,2,0,2,1,1,1,1,0,1,2,2,2,1,1,1,2,1
15,-561.159,-7673.467,-12.707,110.904,-0.354692,-0.928163,-0.112724,0.934786,-0.354508,-0.022352,-0.019216,-0.113301,0.993375,0,0.92428,-0.22794,55.457,-0.456,-1,475.000,-1,325.000,275.000,350.000,300.000,250.000,225.000,-1,475.000,-1,875.000,800.000,-1,-1,300.000,2,0,2,1,1,1,1,0,1,2,0,2,1,1,2,2,1
16,-580.753,-7620.913,-13.302,110.438,-0.348243,-0.930099,-0.116800,0.937369,-0.346602,-0.034742,-0.008170,-0.121583,0.992548,0,0.93480,-0.23308,56.088,-0.466,-1,475.000,-1,325.000,275.000,375.000,300.000,250.000,250.000,900.000,250.000,575.000,900.000,800.000,-1,1000.000,325.000,2,0,2,1,1,1,1,0,1,0,0,0,1,1,2,1,1
17,-598.076,-7572.637,-14.445,109.732,-0.337900,-0.933512,-0.119912,0.941179,-0.334830,-0.045501,0.002326,-0.128233,0.991741,0,0.85480,-0.35308,51.288,-0.706,975.000,500.000,-1,325.000,250.000,375.000,325.000,250.000,250.000,725.000,200.000,350.000,925.000,800.000,-1,975.000,325.000,1,0,2,1,1,1,1,0,1,0,0,1,1,1,2,1,1
18,-613.626,-7526.940,-15.940,108.786,-0.323640,-0.938212,-0.122537,0.946093,-0.319131,-0.055342,0.012817,-0.133843,0.990920,0,0.80448,-0.47308,48.269,-0.946,925.000,525.000,-1,350.000,250.000,400.000,325.000,250.000,250.000,600.000,150.000,300.000,950.000,800.000,-1,975.000,325.000,1,1,2,1,1,1,1,0,1,0,0,0,1,1,2,1,1
19,-628.283,-7480.952,-17.734,107.672,-0.306672,-0.943572,-0.124995,0.951516,-0.300629,-0.065105,0.023854,-0.138900,0.990019,0,0.80441,-0.55669,48.265,-1.113,900.000,525.000,-1,525.000,225.000,450.000,350.000,250.000,250.000,500.000,100.000,250.000,950.000,800.000,-1,950.000,-1,1,1,2,1,1,1,1,0,1,0,0,0,1,1,2,1,2
20,-642.026,-7434.703,-19.390,106.549,-0.289634,-0.948878,-0.125473,0.956446,-0.281946,-0.075613,0.036371,-0.141908,0.989211,0,0.80407,-0.56183,48.244,-1.124,850.000,550.000,-1,925.000,225.000,475.000,425.000,250.000,225.000,450.000,50.000,200.000,950.000,825.000,-1,950.000,-1,1,1,2,0,1,1,1,0,1,0,0,0,1,1,2,1,2
21,327.970,-3607.629,-136.801,-108.468,-0.317087,0.948270,-0.015476,-0.948244,-0.316702,0.023066,0.016971,0.021989,0.999614,1,0.00000,0.00000,48.190,-1.135,-1,375.000,-1,400.000,700.000,300.000,325.000,300.000,325.000,-1,475.000,400.000,-1,675.000,775.000,-1,-1,2,0,2,0,1,0,0,0,0,2,0,0,2,0,0,2,2
22,326.430,-3612.175,-136.737,-108.708,-0.321062,0.946932,-0.015467,-0.946902,-0.320671,0.023372,0.017172,0.022150,0.999607,0,0.08000,-0.12000,4.800,-0.240,-1,375.000,-1,400.000,700.000,300.000,325.000,300.000,325.000,-1,475.000,400.000,-1,675.000,775.000,-1,-1,2,0,2,0,1,0,0,0,0,2,0,0,2,0,0,2,2
23,323.275,-3621.242,-136.613,-109.188,-0.328995,0.944205,-0.015442,-0.944168,-0.328590,0.023980,0.017568,0.022469,0.999593,0,0.16000,-0.24000,9.600,-0.480,-1,375.000,-1,400.000,700.000,300.000,325.000,300.000,325.000,-1,475.000,400.000,-1,700.000,775.000,-1,-1,2,0,2,0,1,0,0,0,0,2,0,0,2,0,1,2,2
24,318.372,-3634.781,-136.434,-109.908,-0.340850,0.939992,-0.015387,-0.939942,-0.340425,0.024879,0.018147,0.022943,0.999572,0,0.24000,-0.36000,14.400,-0.720,-1,375.000,-1,400.000,675.000,300.000,325.000,300.000,325.000,-1,500.000,425.000,-1,700.000,775.000,-1,-1,2,0,2,0,1,0,0,0,0,2,0,0,2,0,1,2,2
25,311.533,-3652.722,-136.208,-110.868,-0.356573,0.934143,-0.015284,-0.934076,-0.356121,0.026055,0.018896,0.023566,0.999544,0,0.32000,-0.48000,19.200,-0.960,-1,375.000,-1,400.000,650.000,300.000,325.000,300.000,325.000,-1,500.000,425.000,-1,700.000,750.000,-1,-1,2,0,2,0,1,0,0,0,0,2,0,0,2,0,1,2,2
26,302.516,-3674.964,-135.945,-112.068,-0.376083,0.926463,-0.015105,-0.926374,-0.375599,0.027487,0.019792,0.024331,0.999508,0,0.40000,-0.60000,24.000,-1.200,-1,375.000,-1,400.000,625.000,300.000,325.000,300.000,325.000,-1,525.000,425.000,-1,700.000,750.000,-1,-1,2,0,2,0,1,0,0,0,0,2,0,0,2,0,1,2,2
27,291.105,-3701.407,-135.650,-113.342,-0.396610,0.917867,-0.014845,-0.917750,-0.396088,0.029156,0.020881,0.025187,0.999465,0,0.48000,-0.63672,28.800,-1.273,-1,375.000,-1,400.000,600.000,325.000,325.000,300.000,325.000,-1,525.000,375.000,-1,725.000,725.000,-1,-1,2,0,2,0,1,0,0,0,0,2,0,0,2,0,1,2,2
28,277.109,-3731.954,-135.331,-114.617,-0.416972,0.908804,-0.014496,-0.908649,-0.416406,0.031041,0.022174,0.026115,0.999413,0,0.56000,-0.63759,33.600,-1.275,-1,375.000,-1,400.000,575.000,325.000,325.000,300.000,325.000,-1,500.000,350.000,-1,750.000,725.000,-1,-1,2,0,2,0,1,0,0,0,0,2,0,0,2,0,1,2,2
29,260.340,-3766.499,-134.999,-115.894,-0.437163,0.899272,-0.014048,-0.899071,-0.436548,0.033124,0.023654,0.027111,0.999353,0,0.64000,-0.63859,38.400,-1.277,-1,375.000,-1,400.000,550.000,325.000,325.000,300.000,325.000,-1,450.000,325.000,-1,750.000,700.000,-1,-1,2,0,2,0,1,0,0,0,0,2,0,0,2,0,1,2,2
30,240.612,-3804.932,-134.244,-117.174,-0.457192,0.889230,-0.015653,-0.889046,-0.456483,0.034942,0.023926,0.029892,0.999267,0,0.72000,-0.63973,43.200,-1.279,-1,400.000,-1,400.000,525.000,325.000,325.000,300.000,325.000,-1,475.000,350.000,-1,775.000,675.000,-1,-1,2,0,2,0,1,0,0,0,0,2,0,0,2,0,1,2,2
31,217.743,-3847.133,-133.405,-118.455,-0.477029,0.878705,-0.017907,-0.878573,-0.476214,0.036473,0.023522,0.033132,0.999174,0,0.80000,-0.64098,48.000,-1.282,-1,400.000,-1,400.000,475.000,325.000,325.000,300.000,325.000,-1,525.000,375.000,-1,775.000,650.000,-1,-1,2,0,2,0,1,0,0,0,0,2,0,0,2,0,1,2,2
32,191.551,-3892.980,-132.687,-119.740,-0.496649,0.867720,-0.020053,-0.867655,-0.495744,0.037592,0.022678,0.036069,0.999092,0,0.88000,-0.64231,52.800,-1.285,-1,400.000,-1,400.000,425.000,325.000,325.000,300.000,300.000,-1,600.000,425.000,-1,800.000,650.000,-1,650.000,2,0,2,0,1,0,0,0,0,2,0,0,2,0,1,2,1
33,163.877,-3938.991,-132.044,-121.028,-0.516054,0.856269,-0.022170,-0.856280,-0.515058,0.038721,0.021737,0.038966,0.999004,0,0.89488,-0.64371,53.693,-1.287,-1,400.000,-1,400.000,375.000,325.000,325.000,300.000,300.000,-1,675.000,475.000,-1,825.000,625.000,-1,550.000,2,0,2,1,1,0,0,0,0,2,0,0,2,0,1,2,1
34,134.164,-3986.087,-131.464,-122.249,-0.534225,0.844993,-0.024310,-0.845087,-0.533136,0.039915,0.020768,0.041868,0.998907,0,0.92809,-0.61090,55.686,-1.222,-1,400.000,-1,375.000,350.000,325.000,325.000,300.000,300.000,-1,750.000,525.000,-1,850.000,600.000,-1,475.000,2,0,2,1,1,0,0,0,1,2,0,0,2,0,1,2,1
35,103.396,-4032.614,-130.700,-123.477,-0.552197,0.833308,-0.026008,-0.833499,-0.551079,0.039898,0.018915,0.043709,0.998865,0,0.92967,-0.61398,55.780,-1.228,-1,400.000,-1,350.000,300.000,325.000,325.000,300.000,300.000,-1,925.000,650.000,-1,850.000,575.000,-1,400.000,2,0,2,1,1,0,0,0,1,2,0,0,2,0,1,2,1
36,71.583,-4078.537,-129.766,-124.712,-0.569967,0.821212,-0.027359,-0.821508,-0.568882,0.038700,0.016217,0.044534,0.998876,0,0.93109,-0.61722,55.865,-1.234,-1,400.000,-1,350.000,250.000,325.000,325.000,300.000,275.000,-1,-1,850.000,-1,850.000,575.000,-1,350.000,2,0,2,1,1,0,1,0,1,2,2,0,2,0,1,2,1
37,38.737,-4123.819,-127.062,-125.953,-0.587607,0.808903,-0.019838,-0.808921,-0.586689,0.037971,0.019076,0.038359,0.999082,0,0.93233,-0.62065,55.940,-1.241,-1,425.000,-1,350.000,225.000,350.000,325.000,300.000,275.000,-1,-1,825.000,-1,900.000,625.000,-1,350.000,2,0,2,1,1,0,1,0,1,2,2,0,2,0,1,2,1
38,4.874,-4168.423,-123.419,-127.202,-0.604995,0.796195,-0.007368,-0.795836,-0.604379,0.037033,0.025032,0.028269,0.999287,0,0.93336,-0.62428,56.002,-1.249,-1,425.000,-1,350.000,250.000,350.000,325.000,275.000,275.000,-1,825.000,725.000,-1,975.000,-1,-1,450.000,2,0,2,1,1,0,1,0,1,2,0,0,2,0,2,2,1
39,-30.242,-4213.025,-120.253,-128.210,-0.618730,0.785597,0.003208,-0.785031,-0.618429,0.035671,0.030008,0.019552,0.999358,0,0.94610,-0.50428,56.766,-1.009,-1,450.000,-1,375.000,275.000,375.000,350.000,275.000,275.000,-1,725.000,675.000,-1,-1,-1,-1,-1,2,0,2,1,1,1,1,0,1,2,0,0,2,2,2,2,2
40,-65.958,-4257.162,-117.559,-128.979,-0.628989,0.777322,0.011946,-0.776668,-0.628985,0.034147,0.034057,0.012201,0.999345,0,0.94628,-0.38428,56.777,-0.769,-1,475.000,-1,400.000,300.000,375.000,350.000,275.000,250.000,-1,675.000,675.000,-1,-1,-1,-1,-1,2,0,2,1,1,1,1,0,1,2,0,0,2,2,2,2,2
41,-102.059,-4300.942,-115.407,-129.507,-0.635911,0.771529,0.018959,-0.770863,-0.636164,0.032657,0.037256,0.006152,0.999287,0,0.94575,-0.26428,56.745,-0.529,-1,500.000,-1,425.000,350.000,400.000,375.000,275.000,250.000,-1,575.000,650.000,-1,-1,-1,-1,-1,2,0,2,1,1,1,1,0,1,2,0,0,2,2,2,2,2
42,-138.326,-4344.477,-113.843,-129.796,-0.639596,0.768329,0.024224,-0.767691,-0.640053,0.031350,0.039592,0.001455,0.999215,0,0.94437,-0.14428,56.662,-0.289,-1,500.000,-1,450.000,-1,425.000,400.000,275.000,225.000,-1,350.000,650.000,-1,-1,-1,-1,-1,2,0,2,1,2,0,1,0,1,2,0,0,2,2,2,2,2
43,-174.540,-4387.873,-112.901,-129.844,-0.640109,0.767786,0.027665,-0.767189,-0.640704,0.030337,0.041018,-0.001805,0.999157,0,0.94201,-0.02428,56.521,-0.049,-1,500.000,-1,500.000,-1,425.000,425.000,275.000,225.000,-1,275.000,625.000,-1,-1,-1,-1,-1,2,0,2,1,2,0,1,0,1,2,0,0,2,2,2,2,2
44,-210.475,-4431.230,-112.507,-129.653,-0.637496,0.769920,0.028678,-0.769354,-0.638133,0.029693,0.041161,-0.003134,0.999148,0,0.93855,0.09572,56.313,0.191,-1,525.000,-1,600.000,-1,425.000,450.000,275.000,200.000,-1,250.000,550.000,-1,-1,-1,-1,-1,2,0,2,0,2,0,0,0,1,2,0,0,2,2,2,2,2
45,-245.905,-4474.638,-112.676,-129.222,-0.631740,0.774705,0.027139,-0.774150,-0.632318,0.029419,0.039952,-0.002424,0.999199,0,0.93386,0.21572,56.031,0.431,-1,525.000,-1,600.000,-1,425.000,450.000,275.000,175.000,-1,250.000,550.000,-1,-1,-1,-1,-1,2,0,2,0,2,0,0,0,1,2,0,0,2,2,2,2,2
46,-280.745,-4518.060,-113.476,-128.742,-0.625379,0.779967,0.023510,-0.779444,-0.625821,0.028565,0.036993,-0.000460,0.999315,0,0.92786,0.23953,55.672,0.479,-1,500.000,-1,600.000,-1,425.000,450.000,275.000,150.000,-1,275.000,600.000,-1,-1,-1,-1,-1,2,0,2,0,2,0,0,0,1,2,0,0,2,2,2,2,2
47,-314.973,-4561.433,-114.862,-128.279,-0.619231,0.785003,0.017968,-0.784541,-0.619486,0.027053,0.032367,0.002655,0.999473,0,0.92088,0.23184,55.253,0.464,-1,500.000,-1,575.000,-1,400.000,425.000,275.000,150.000,-1,325.000,775.000,-1,-1,-1,-1,-1,2,0,2,0,2,0,0,0,1,2,0,0,2,2,2,2,2
48,-348.566,-4604.714,-115.173,-127.818,-0.613036,0.789963,0.012089,-0.789746,-0.613152,0.018586,0.022095,0.001847,0.999754,0,0.91314,0.23046,54.789,0.461,-1,475.000,-1,550.000,-1,400.000,400.000,275.000,150.000,-1,-1,-1,-1,950.000,-1,-1,-1,2,0,2,0,2,0,0,0,1,2,2,2,2,0,2,2,2
49,-381.508,-4647.864,-114.371,-127.359,-0.606780,0.794846,0.006200,-0.794847,-0.606803,0.002839,0.006019,-0.003205,0.999977,0,0.90479,0.22947,54.287,0.459,-1,425.000,-1,500.000,-1,375.000,400.000,275.000,150.000,-1,-1,-1,-1,825.000,1000.000,-1,-1,2,0,2,0,2,0,0,0,1,2,2,2,2,0,0,2,2
50,-413.788,-4690.855,-114.296,-126.901,-0.600449,0.799661,-0.001768,-0.799600,-0.600428,-0.011220,-0.010034,-0.005323,0.999935,0,0.89602,0.22888,53.761,0.458,-1,400.000,-1,475.000,-1,350.000,375.000,275.000,150.000,-1,-1,-1,-1,725.000,875.000,-1,-1,2,0,2,0,2,0,0,0,1,2,2,2,2,0,0,2,2
51,-445.406,-4733.673,-115.184,-126.444,-0.593918,0.804435,-0.012087,-0.804128,-0.594029,-0.022511,-0.025288,-0.003651,0.999674,0,0.88710,0.22870,53.226,0.457,-1,375.000,-1,425.000,-1,325.000,350.000,275.000,150.000,-1,-1,-1,-1,650.000,775.000,-1,-1,2,0,2,0,2,0,0,0,1,2,2,2,2,0,0,2,2
52,-476.371,-4776.313,-116.856,-125.986,-0.587074,0.809161,-0.024550,-0.808535,-0.587586,-0.031848,-0.040196,0.001152,0.999191,0,0.87826,0.22891,52.695,0.458,1000.000,350.000,-1,400.000,-1,300.000,325.000,275.000,150.000,-1,-1,-1,-1,600.000,700.000,950.000,-1,0,0,2,0,2,0,0,0,1,2,2,2,2,0,0,0,2
53,-506.695,-4818.783,-117.629,-125.527,-0.580250,0.813839,-0.031225,-0.812913,-0.581083,-0.038929,-0.049826,0.002794,0.998754,0,0.86973,0.22950,52.184,0.459,800.000,325.000,-1,375.000,-1,275.000,300.000,275.000,175.000,-1,-1,-1,-1,550.000,650.000,775.000,-1,0,0,2,0,2,0,0,0,1,2,2,2,2,0,0,0,2
54,-536.399,-4861.103,-116.993,-125.066,-0.573748,0.818490,-0.029771,-0.817332,-0.574520,-0.043536,-0.052738,-0.000646,0.998608,0,0.86173,0.23045,51.704,0.461,725.000,325.000,-1,375.000,1000.000,275.000,300.000,275.000,175.000,-1,-1,-1,-1,550.000,625.000,700.000,-1,0,0,2,0,1,0,0,0,1,2,2,2,2,0,0,0,2
55,-565.511,-4903.298,-116.700,-124.603,-0.567162,0.823108,-0.028643,-0.821819,-0.567879,-0.046126,-0.054232,-0.002621,0.998525,0,0.85439,0.23173,51.263,0.463,675.000,325.000,975.000,375.000,950.000,275.000,300.000,275.000,200.000,-1,-1,-1,-1,525.000,625.000,675.000,975.000,0,0,1,0,1,0,0,0,1,2,2,2,2,0,0,0,1
56,-594.056,-4945.403,-116.742,-124.136,-0.560472,0.827704,-0.027877,-0.826388,-0.561155,-0.046765,-0.054351,-0.003173,0.998517,0,0.84781,0.23332,50.869,0.467,675.000,325.000,925.000,350.000,925.000,275.000,300.000,275.000,225.000,-1,-1,-1,-1,525.000,600.000,650.000,925.000,0,0,1,0,1,0,0,0,1,2,2,2,2,0,0,0,1
57,-622.063,-4987.452,-117.029,-123.666,-0.553685,0.832285,-0.027125,-0.831045,-0.554342,-0.045481,-0.052889,-0.002640,0.998597,0,0.84205,0.23519,50.523,0.470,675.000,325.000,900.000,350.000,875.000,275.000,300.000,275.000,250.000,-1,-1,-1,400.000,525.000,600.000,650.000,850.000,0,0,1,0,1,0,0,0,1,2,2,2,1,0,0,0,1
58,-649.559,-5029.485,-117.625,-123.191,-0.546777,0.836851,-0.026760,-0.835779,-0.547431,-0.042349,-0.050089,-0.000790,0.998744,0,0.83713,0.23731,50.228,0.475,700.000,325.000,875.000,350.000,850.000,275.000,300.000,275.000,300.000,-1,-1,-1,375.000,525.000,575.000,675.000,800.000,0,0,1,0,1,0,0,0,1,2,2,2,1,0,1,0,1
59,-676.569,-5071.538,-118.725,-122.712,-0.539789,0.841400,-0.025954,-0.840573,-0.540411,-0.037329,-0.045434,0.001666,0.998966,0,0.83301,0.23966,49.981,0.479,775.000,325.000,850.000,350.000,825.000,275.000,300.000,275.000,325.000,-1,-1,-1,375.000,550.000,550.000,725.000,750.000,0,0,1,0,1,0,0,0,1,2,2,2,1,0,1,0,1
60,-703.116,-5113.649,-120.189,-122.227,-0.532689,0.845928,-0.025442,-0.845394,-0.533271,-0.030514,-0.039381,0.005254,0.999210,0,0.82968,0.24221,49.781,0.484,800.000,325.000,825.000,350.000,800.000,275.000,300.000,275.000,350.000,-1,-1,-1,350.000,550.000,550.000,775.000,700.000,1,0,1,0,1,0,1,0,1,2,2,2,1,0,1,0,1
61,-729.219,-5155.853,-121.954,-121.737,-0.525475,0.850424,-0.025570,-0.850202,-0.525998,-0.021972,-0.032135,0.010194,0.999432,0,0.82707,0.24495,49.624,0.490,800.000,350.000,800.000,350.000,750.000,275.000,300.000,300.000,375.000,-1,-1,-1,350.000,575.000,525.000,825.000,650.000,1,0,1,1,1,0,1,0,1,2,2,2,1,0,1,1,1
62,-752.309,-5194.272,-123.792,-121.007,-0.514671,0.856994,-0.025987,-0.857047,-0.515085,-0.012580,-0.024166,0.015797,0.999583,0,0.74707,0.36495,44.824,0.730,800.000,350.000,775.000,350.000,700.000,300.000,275.000,300.000,400.000,-1,-1,-1,350.000,600.000,500.000,875.000,600.000,1,0,1,1,1,1,1,0,1,2,2,2,1,0,1,1,1
63,-772.354,-5228.915,-125.647,-120.055,-0.500469,0.865335,-0.026936,-0.865607,-0.500716,-0.002882,-0.015981,0.021874,0.999633,0,0.66707,0.47605,40.024,0.952,825.000,350.000,775.000,325.000,675.000,300.000,275.000,300.000,375.000,-1,-1,-1,325.000,625.000,475.000,-1,550.000,1,0,1,1,1,1,1,0,0,2,2,2,1,0,1,2,1
64,-789.481,-5259.694,-127.476,-119.098,-0.486095,0.873443,-0.028462,-0.873870,-0.486113,0.006731,-0.007956,0.028144,0.999572,0,0.58707,0.47864,35.224,0.957,825.000,375.000,775.000,325.000,625.000,300.000,275.000,300.000,350.000,-1,-1,225.000,325.000,650.000,450.000,-1,525.000,1,0,1,1,1,1,1,0,0,2,2,1,1,0,1,2,1
65,-805.020,-5288.759,-129.362,-118.136,-0.471574,0.881296,-0.030593,-0.881826,-0.471281,0.016636,0.000244,0.034822,0.999393,0,0.54931,0.48101,32.958,0.962,850.000,375.000,775.000,325.000,575.000,300.000,275.000,325.000,325.000,-1,-1,175.000,325.000,675.000,450.000,-1,475.000,1,0,1,1,1,1,1,1,0,2,2,1,1,1,1,2,1
66,-820.052,-5318.055,-131.260,-117.169,-0.456926,0.888886,-0.033175,-0.889463,-0.456226,0.026697,0.008595,0.041706,0.999093,0,0.54878,0.48330,32.927,0.967,875.000,375.000,-1,300.000,525.000,300.000,275.000,325.000,325.000,-1,225.000,175.000,325.000,700.000,425.000,-1,450.000,1,0,2,1,1,1,1,1,0,2,1,1,1,1,1,2,1
67,-834.582,-5347.586,-130.970,-116.198,-0.441841,0.896528,-0.031829,-0.897030,-0.441110,0.027552,0.010661,0.040725,0.999114,0,0.54854,0.48565,32.913,0.971,850.000,375.000,-1,300.000,475.000,300.000,275.000,325.000,300.000,-1,250.000,200.000,375.000,725.000,400.000,-1,400.000,1,0,2,1,1,1,1,0,0,2,1,1,1,1,1,2,1
68,-848.608,-5377.362,-130.622,-115.222,-0.426548,0.903951,-0.030494,-0.904376,-0.425791,0.028381,0.012671,0.039684,0.999132,0,0.54856,0.48806,32.914,0.976,825.000,375.000,-1,275.000,425.000,300.000,250.000,325.000,300.000,-1,275.000,225.000,400.000,725.000,400.000,-1,375.000,1,0,2,1,1,1,1,0,0,2,1,1,1,1,1,2,1
69,-862.129,-5407.386,-129.389,-114.241,-0.411069,0.911252,-0.025349,-0.911444,-0.410316,0.030167,0.017088,0.035505,0.999223,0,0.54881,0.49053,32.929,0.981,825.000,400.000,-1,275.000,375.000,300.000,250.000,325.000,325.000,-1,275.000,250.000,450.000,750.000,375.000,-1,350.000,1,0,2,1,1,1,1,0,0,2,1,1,1,1,1,2,1
70,-876.946,-5442.084,-127.518,-113.120,-0.393177,0.919292,-0.017726,-0.919170,-0.392491,0.032832,0.023225,0.029202,0.999304,0,0.62881,0.56047,37.729,1.121,800.000,400.000,-1,275.000,350.000,300.000,250.000,325.000,325.000,-1,300.000,275.000,475.000,750.000,375.000,-1,325.000,1,0,2,1,1,1,1,0,0,2,1,1,1,1,1,2,1
71,-892.441,-5480.418,-125.220,-112.006,-0.375134,0.926929,-0.008825,-0.926487,-0.374614,0.035853,0.029928,0.021626,0.999318,0,0.68910,0.55709,41.346,1.114,775.000,400.000,-1,275.000,325.000,300.000,250.000,300.000,350.000,-1,250.000,300.000,550.000,775.000,375.000,-1,325.000,1,0,2,1,1,1,1,0,0,2,0,1,1,1,1,2,1
72,-907.225,-5519.129,-122.701,-110.899,-0.356948,0.934124,0.000584,-0.933398,-0.356695,0.039200,0.036826,0.013447,0.999231,0,0.69064,0.55324,41.438,1.106,750.000,425.000,-1,275.000,325.000,300.000,250.000,300.000,350.000,-1,225.000,325.000,600.000,800.000,375.000,-1,300.000,1,1,2,1,1,1,1,0,0,2,0,1,1,1,1,2,1
73,-921.290,-5558.189,-120.006,-109.801,-0.338630,0.940863,0.010356,-0.939892,-0.338754,0.042988,0.043954,0.004823,0.999022,0,0.69191,0.54908,41.515,1.098,725.000,425.000,-1,275.000,300.000,300.000,250.000,300.000,375.000,-1,200.000,350.000,650.000,825.000,375.000,-1,275.000,1,1,2,1,1,1,1,0,0,2,0,1,1,1,1,2,1
74,-934.629,-5597.566,-117.153,-108.712,-0.320187,0.947134,0.020412,-0.945966,-0.320809,0.047211,0.051264,-0.004192,0.998676,0,0.69290,0.54458,41.574,1.089,700.000,450.000,-1,275.000,275.000,325.000,250.000,300.000,400.000,900.000,150.000,325.000,725.000,850.000,375.000,-1,275.000,1,1,2,1,1,1,1,0,0,0,0,0,1,1,1,2,1
75,-947.235,-5637.225,-114.161,-107.633,-0.301633,0.952931,0.030667,-0.951615,-0.302885,0.051857,0.058705,-0.013541,0.998184,0,0.69355,0.53971,41.613,1.079,675.000,450.000,-1,275.000,250.000,325.000,250.000,300.000,425.000,775.000,150.000,300.000,775.000,850.000,375.000,-1,250.000,1,1,2,1,1,1,1,0,0,0,0,0,1,1,1,2,1
76,-959.102,-5677.127,-111.048,-106.564,-0.282985,0.958246,0.041042,-0.956835,-0.285005,0.056905,0.066226,-0.023167,0.997536,0,0.69381,0.53445,41.629,1.069,650.000,475.000,-1,275.000,250.000,350.000,250.000,275.000,450.000,675.000,125.000,300.000,850.000,875.000,375.000,-1,250.000,1,1,2,1,1,1,1,0,0,0,0,0,1,1,1,2,1
77,-970.228,-5717.232,-107.834,-105.506,-0.264265,0.963077,0.051455,-0.961624,-0.267196,0.062330,0.073777,-0.033009,0.996728,0,0.69363,0.52879,41.618,1.058,625.000,475.000,-1,275.000,225.000,350.000,275.000,275.000,475.000,600.000,100.000,275.000,925.000,875.000,525.000,-1,250.000,1,1,2,1,1,1,1,0,1,0,0,0,1,1,1,2,1
78,-980.608,-5757.494,-104.539,-104.461,-0.245500,0.967423,0.061830,-0.965981,-0.249486,0.068098,0.081306,-0.043008,0.995761,0,0.69296,0.52269,41.578,1.045,600.000,500.000,-1,275.000,225.000,375.000,300.000,275.000,425.000,550.000,100.000,250.000,1000.000,925.000,-1,-1,225.000,1,1,2,1,1,1,1,0,1,0,0,0,1,1,2,2,1
79,-990.244,-5797.865,-101.182,-103.428,-0.226721,0.971288,0.072089,-0.969907,-0.231904,0.074173,0.088761,-0.053103,0.994636,0,0.69172,0.51614,41.503,1.032,575.000,500.000,-1,325.000,200.000,400.000,325.000,275.000,400.000,500.000,75.000,250.000,-1,950.000,-1,-1,225.000,1,1,2,1,1,1,1,0,1,0,0,0,2,1,2,2,1
80,-999.136,-5838.293,-97.777,-102.410,-0.207970,0.974681,0.082124,-0.973406,-0.214480,0.080494,0.096070,-0.063200,0.993366,0,0.68987,0.50913,41.392,1.018,550.000,500.000,-1,400.000,200.000,425.000,375.000,275.000,375.000,450.000,75.000,250.000,-1,1000.000,-1,-1,225.000,1,1,2,1,1,1,1,0,1,0,0,0,2,1,2,2,1
81,-1007.289,-5878.720,-93.864,-101.407,-0.189361,0.977756,0.090194,-0.976318,-0.197274,0.088806,0.104624,-0.071242,0.991957,0,0.68732,0.50164,41.239,1.003,525.000,525.000,-1,500.000,200.000,450.000,425.000,275.000,325.000,400.000,50.000,225.000,-1,-1,-1,-1,-1,1,1,2,1,1,1,1,0,1,0,0,0,2,2,2,2,2
82,-1014.710,-5919.087,-89.542,-100.420,-0.170929,0.980554,0.096426,-0.978633,-0.180312,0.098822,0.114287,-0.077474,0.990422,0,0.68402,0.49367,41.041,0.987,525.000,550.000,-1,675.000,-1,500.000,475.000,275.000,300.000,375.000,50.000,225.000,-1,-1,-1,-1,-1,1,1,2,1,2,1,1,0,1,0,0,0,2,2,2,2,2
83,-1021.404,-5959.331,-85.151,-99.449,-0.153114,0.982962,0.101691,-0.981004,-0.163594,0.104250,0.119110,-0.083797,0.989339,0,0.67993,0.48525,40.796,0.970,500.000,550.000,-1,850.000,-1,525.000,525.000,275.000,275.000,375.000,75.000,225.000,-1,-1,-1,-1,-1,1,1,2,0,2,1,1,0,1,0,0,0,2,2,2,2,2
84,-1027.388,-5999.385,-83.453,-98.496,-0.137870,0.985872,0.095124,-0.984009,-0.147275,0.100180,0.112774,-0.079791,0.990412,0,0.67501,0.47639,40.501,0.953,450.000,525.000,-1,825.000,-1,500.000,525.000,275.000,250.000,425.000,100.000,275.000,-1,-1,-1,-1,-1,1,1,2,0,2,1,1,0,1,0,0,0,2,2,2,2,2
85,327.966,7543.220,251.747,-86.162,0.066912,0.997746,-0.004998,-0.997738,0.066942,0.006141,0.006461,0.004576,0.999969,1,0.00000,0.00000,40.155,0.934,-1,400.000,-1,375.000,775.000,300.000,300.000,325.000,350.000,-1,-1,-1,-1,-1,675.000,-1,850.000,2,0,2,1,1,0,0,0,0,2,2,2,2,2,1,2,1
86,328.308,7538.432,251.781,-85.922,0.071093,0.997458,-0.004823,-0.997450,0.071121,0.006016,0.006343,0.004384,0.999970,0,0.08000,0.12000,4.800,0.240,-1,400.000,-1,375.000,775.000,300.000,300.000,325.000,350.000,-1,-1,-1,-1,-1,675.000,-1,850.000,2,0,2,1,1,0,0,0,0,2,2,2,2,2,1,2,1
87,329.071,7528.863,251.851,-85.442,0.079450,0.996829,-0.004457,-0.996820,0.079475,0.005768,0.006104,0.003985,0.999973,0,0.16000,0.24000,9.600,0.480,-1,425.000,-1,375.000,775.000,325.000,300.000,325.000,350.000,-1,-1,-1,-1,-1,675.000,-1,850.000,2,0,2,1,1,0,0,0,0,2,2,2,2,2,1,2,1
88,330.395,7514.524,251.957,-84.722,0.091975,0.995754,-0.003870,-0.995745,0.091995,0.005404,0.005737,0.003357,0.999978,0,0.24000,0.36000,14.400,0.720,-1,425.000,-1,375.000,750.000,325.000,300.000,325.000,350.000,-1,-1,-1,-1,-1,675.000,-1,850.000,2,0,2,1,1,0,0,0,0,2,2,2,2,2,1,2,1
89,332.482,7495.438,252.104,-83.762,0.108652,0.994075,-0.003020,-0.994066,0.108666,0.004934,0.005233,0.002466,0.999983,0,0.32000,0.48000,19.200,0.960,-1,425.000,-1,375.000,750.000,325.000,300.000,325.000,350.000,-1,-1,-1,-1,-1,675.000,-1,875.000,2,0,2,1,1,0,0,0,0,2,2,2,2,2,1,2,1
90,335.589,7471.640,252.293,-82.562,0.129454,0.991584,-0.001851,-0.991575,0.129461,0.004374,0.004577,0.001269,0.999989,0,0.40000,0.60000,24.000,1.200,-1,425.000,-1,375.000,725.000,325.000,300.000,325.000,350.000,-1,-1,-1,-1,-1,675.000,-1,875.000,2,0,2,1,1,0,0,0,0,2,2,2,2,2,1,2,1
91,340.034,7443.185,252.529,-81.122,0.154338,0.988018,-0.000295,-0.988011,0.154338,0.003754,0.003754,-0.000288,0.999993,0,0.48000,0.72000,28.800,1.440,-1,425.000,-1,375.000,725.000,325.000,300.000,325.000,350.000,-1,-1,-1,-1,-1,700.000,-1,925.000,2,0,2,1,1,0,0,0,0,2,2,2,2,2,1,2,1
92,346.190,7410.154,252.816,-79.442,0.183244,0.983066,0.001726,-0.983064,0.183238,0.003114,0.002745,-0.002267,0.999994,0,0.56000,0.84000,33.600,1.680,-1,425.000,-1,375.000,700.000,325.000,300.000,325.000,350.000,-1,-1,-1,-1,-1,725.000,-1,-1,2,0,2,1,1,0,0,0,0,2,2,2,2,2,1,2,2
93,354.484,7372.660,253.156,-77.528,0.215973,0.976390,0.004301,-0.976398,0.215963,0.002513,0.001525,-0.004742,0.999988,0,0.64000,0.95688,38.400,1.914,-1,450.000,-1,375.000,700.000,325.000,325.000,325.000,350.000,-1,-1,-1,-1,-1,750.000,-1,-1,2,0,2,1,1,0,0,0,0,2,2,2,2,2,1,2,2
94,365.042,7330.770,253.527,-75.854,0.244393,0.969648,0.007426,-0.969676,0.244386,0.001892,0.000020,-0.007663,0.999971,0,0.72000,0.83688,43.200,1.674,-1,450.000,-1,400.000,725.000,350.000,325.000,325.000,350.000,-1,-1,-1,-1,-1,825.000,-1,-1,2,0,2,0,1,0,0,0,0,2,2,2,2,2,1,2,2
95,377.934,7284.534,253.849,-74.420,0.268562,0.963201,0.010840,-0.963261,0.268563,0.001385,-0.001577,-0.010814,0.999940,0,0.80000,0.71688,48.000,1.434,-1,450.000,-1,400.000,750.000,350.000,325.000,325.000,350.000,-1,-1,-1,-1,-1,975.000,-1,-1,2,0,2,0,1,0,0,0,0,2,2,2,2,2,1,2,2
96,393.369,7234.040,253.923,-73.003,0.292284,0.956231,0.013883,-0.956326,0.292300,0.000897,-0.003200,-0.013539,0.999903,0,0.88000,0.70880,52.800,1.418,-1,475.000,-1,425.000,-1,350.000,350.000,325.000,350.000,-1,0.000,-1,-1,-1,-1,-1,-1,2,0,2,0,2,0,0,0,0,2,0,2,2,2,2,2,2
97,411.380,7179.908,253.640,-71.597,0.315599,0.948747,0.016607,-0.948873,0.315656,-0.000857,-0.006055,-0.015487,0.999862,0,0.95082,0.70268,57.049,1.405,-1,475.000,-1,425.000,-1,350.000,350.000,325.000,350.000,-1,-1,-1,-1,-1,-1,-1,-1,2,0,2,0,2,0,0,0,0,2,2,2,2,2,2,2,2
98,430.654,7126.358,252.828,-70.205,0.338480,0.940779,0.019124,-0.940924,0.338600,-0.003382,-0.009657,-0.016850,0.999811,0,0.94855,0.69593,56.913,1.392,-1,475.000,-1,425.000,-1,350.000,350.000,325.000,350.000,-1,-1,-1,-1,-1,-1,-1,-1,2,0,2,0,2,0,0,0,0,2,2,2,2,2,2,2,2
99,451.146,7073.452,251.297,-68.828,0.360894,0.932347,0.022004,-0.932493,0.361118,-0.007085,-0.014552,-0.017962,0.999733,0,0.94561,0.68895,56.737,1.378,-1,475.000,-1,425.000,-1,350.000,350.000,325.000,325.000,-1,-1,-1,-1,-1,-1,-1,-1,2,0,2,0,2,0,0,0,1,2,2,2,2,2,2,2,2
100,472.809,7021.247,249.398,-67.464,0.382819,0.923468,0.025616,-0.923595,0.383194,-0.011614,-0.020541,-0.019212,0.999604,0,0.94202,0.68180,56.521,1.364,-1,450.000,-1,425.000,-1,350.000,350.000,325.000,300.000,-1,-1,-1,-1,-1,-1,-1,-1,2,0,2,0,2,0,0,0,1,2,2,2,2,2,2,2,2
101,495.593,6969.797,247.469,-66.115,0.404262,0.914166,0.029554,-0.914258,0.404819,-0.015960,-0.026554,-0.020568,0.999436,0,0.93780,0.67454,56.268,1.349,-1,450.000,-1,425.000,-1,350.000,350.000,325.000,275.000,-1,-1,-1,-1,-1,-1,-1,-1,2,0,2,0,2,0,0,0,1,2,2,2,2,2,2,2,2
102,519.452,6919.154,245.509,-64.775,0.425302,0.904420,0.033799,-0.904465,0.426074,-0.020101,-0.032581,-0.022021,0.999226,0,0.93303,0.67005,55.982,1.340,-1,450.000,-1,425.000,-1,350.000,350.000,325.000,275.000,-1,-1,-1,-1,-1,-1,-1,-1,2,0,2,0,2,0,0,0,1,2,2,2,2,2,2,2,2
103,544.346,6869.363,243.518,-63.437,0.446030,0.894197,0.038331,-0.894185,0.447053,-0.024014,-0.038610,-0.023564,0.998976,0,0.92777,0.66874,55.666,1.337,-1,425.000,-1,425.000,-1,350.000,350.000,300.000,250.000,-1,-1,-1,-1,-1,-1,-1,-1,2,0,2,0,2,0,0,0,1,2,2,2,2,2,2,2,2
104,570.235,6820.466,241.497,-62.102,0.466443,0.883499,0.043134,-0.883425,0.467755,-0.027679,-0.044631,-0.025194,0.998686,0,0.92213,0.66779,55.328,1.336,-1,425.000,-1,425.000,-1,350.000,325.000,300.000,250.000,-1,-1,-1,-1,975.000,-1,-1,-1,2,0,2,0,2,0,0,0,1,2,2,2,2,0,2,2,2
105,597.084,6772.494,239.400,-60.767,0.486526,0.872323,0.048425,-0.872189,0.488179,-0.031114,-0.050782,-0.027097,0.998342,0,0.91622,0.66721,54.973,1.334,-1,425.000,-1,425.000,-1,325.000,325.000,300.000,250.000,-1,-1,-1,-1,925.000,-1,-1,-1,2,0,2,0,2,0,0,0,1,2,2,2,2,0,2,2,2
106,624.857,6725.472,237.108,-59.433,0.506246,0.860661,0.054565,-0.860484,0.508319,-0.034338,-0.057290,-0.029569,0.997920,0,0.91018,0.66699,54.611,1.334,-1,425.000,-1,425.000,-1,325.000,325.000,300.000,275.000,-1,-1,-1,-1,900.000,-1,-1,-1,2,0,2,0,2,0,0,0,1,2,2,2,2,0,2,2,2
107,653.527,6679.417,234.501,-58.099,0.525745,0.848553,0.059577,-0.848312,0.528198,-0.037061,-0.062917,-0.031055,0.997535,0,0.90414,0.66713,54.249,1.334,-1,425.000,-1,425.000,-1,325.000,325.000,300.000,275.000,-1,-1,-1,-1,850.000,975.000,-1,-1,2,0,2,0,2,0,0,0,1,2,2,2,2,0,1,2,2
108,683.067,6634.339,231.511,-56.764,0.545063,0.836008,0.063224,-0.835661,0.547824,-0.039489,-0.067649,-0.031310,0.997218,0,0.89825,0.66763,53.895,1.335,-1,400.000,-1,425.000,-1,325.000,325.000,300.000,275.000,-1,-1,-1,-1,825.000,900.000,-1,-1,2,0,2,0,2,0,0,0,1,2,2,2,2,0,0,2,2
109,713.458,6590.239,227.761,-55.427,0.564240,0.823057,0.064884,-0.822426,0.567221,-0.043305,-0.072447,-0.028928,0.996953,0,0.89261,0.66847,53.557,1.337,-1,400.000,-1,425.000,-1,325.000,325.000,300.000,300.000,-1,-1,-1,-1,825.000,875.000,-1,-1,2,0,2,0,2,0,0,0,1,2,2,2,2,0,0,2,2
110,746.805,6543.777,223.395,-54.330,0.579836,0.812120,0.065200,-0.811167,0.582926,-0.046959,-0.076143,-0.025660,0.996767,0,0.95317,0.54847,57.190,1.097,-1,400.000,-1,400.000,-1,325.000,325.000,300.000,300.000,-1,-1,-1,-1,800.000,825.000,-1,-1,2,0,2,0,2,0,0,0,0,2,2,2,2,0,0,2,2
111,780.676,6498.047,219.045,-53.473,0.591855,0.803365,0.065667,-0.802115,0.595046,-0.050307,-0.079490,-0.022898,0.996573,0,0.94845,0.42847,56.907,0.857,-1,400.000,-1,400.000,-1,325.000,325.000,325.000,300.000,-1,-1,-1,-1,775.000,800.000,-1,-1,2,0,2,0,2,0,0,0,0,2,2,2,2,0,0,2,2
112,814.896,6452.871,214.604,-52.856,0.600398,0.796943,0.066360,-0.795469,0.603687,-0.052840,-0.082171,-0.021062,0.996396,0,0.94455,0.30847,56.673,0.617,-1,400.000,-1,400.000,-1,325.000,325.000,325.000,300.000,-1,-1,-1,-1,775.000,800.000,-1,-1,2,0,2,0,2,0,0,0,0,2,2,2,2,0,0,2,2
113,849.300,6408.069,210.002,-52.479,0.605539,0.792965,0.067295,-0.791371,0.608925,-0.054250,-0.083996,-0.020405,0.996257,0,0.94145,0.18847,56.487,0.377,-1,400.000,-1,400.000,-1,325.000,325.000,325.000,325.000,-1,-1,-1,-1,750.000,775.000,-1,-1,2,0,2,0,2,0,0,0,0,2,2,2,2,0,0,2,2
114,883.725,6363.461,205.429,-52.342,0.607337,0.791512,0.068190,-0.789819,0.610822,-0.055520,-0.085597,-0.020139,0.996126,0,0.93912,0.06847,56.347,0.137,-1,400.000,-1,400.000,-1,325.000,325.000,325.000,325.000,-1,-1,-1,-1,725.000,775.000,-1,-1,2,0,2,0,2,0,0,0,0,2,2,2,2,0,0,2,2
115,918.011,6318.867,200.875,-52.445,0.605808,0.792607,0.069070,-0.790838,0.609395,-0.056676,-0.087013,-0.020288,0.996001,0,0.93750,-0.05153,56.250,-0.103,-1,400.000,-1,400.000,-1,325.000,325.000,325.000,325.000,-1,-1,-1,-1,725.000,750.000,-1,-1,2,0,2,0,2,0,0,0,0,2,2,2,2,0,0,2,2
116,951.993,6274.117,196.295,-52.788,0.600916,0.796230,0.070131,-0.794410,0.604630,-0.057752,-0.088387,-0.021009,0.995865,0,0.93651,-0.17153,56.190,-0.343,-1,375.000,-1,400.000,-1,325.000,325.000,325.000,325.000,-1,-1,-1,-1,700.000,750.000,-1,-1,2,0,2,0,2,0,0,0,0,2,2,2,2,0,0,2,2
117,985.503,6229.044,191.602,-53.371,0.592648,0.802313,0.071154,-0.800540,0.596475,-0.057916,-0.088908,-0.022638,0.995783,0,0.93609,-0.29153,56.165,-0.583,-1,375.000,-1,400.000,-1,325.000,325.000,325.000,325.000,-1,-1,-1,-1,700.000,750.000,-1,-1,2,0,2,0,2,0,0,0,0,2,2,2,2,0,0,2,2
118,1018.365,6183.490,186.791,-54.194,0.580942,0.810766,0.071863,-0.809037,0.584865,-0.058236,-0.089246,-0.024308,0.995713,0,0.93616,-0.41153,56.170,-0.823,-1,375.000,-1,400.000,-1,300.000,325.000,325.000,325.000,-1,-1,-1,-1,675.000,725.000,-1,-1,2,0,2,0,2,0,0,0,0,2,2,2,2,0,0,2,2
119,1050.394,6137.310,182.056,-55.257,0.565695,0.821438,0.072310,-0.819771,0.569696,-0.058494,-0.089244,-0.026187,0.995665,0,0.93667,-0.53153,56.200,-1.063,-1,375.000,-1,375.000,-1,300.000,300.000,325.000,325.000,-1,-1,-1,-1,675.000,725.000,-1,-1,2,0,2,0,2,0,0,0,0,2,2,2,2,0,0,2,2
120,1081.396,6090.371,177.322,-56.557,0.546874,0.834104,0.072108,-0.832508,0.550899,-0.058654,-0.088648,-0.027954,0.995671,0,0.93754,-0.64957,56.252,-1.299,-1,375.000,-1,375.000,-1,300.000,300.000,325.000,325.000,-1,-1,-1,-1,650.000,725.000,-1,-1,2,0,2,0,2,0,0,0,0,2,2,2,2,0,0,2,2
121,1113.264,6039.676,172.110,-57.846,0.528076,0.846276,0.070377,-0.844727,0.531981,-0.058590,-0.087023,-0.028509,0.995798,0,0.99799,-0.64472,59.879,-1.289,-1,375.000,-1,375.000,-1,300.000,300.000,325.000,325.000,-1,-1,-1,-1,650.000,725.000,-1,-1,2,0,2,0,2,0,0,0,0,2,2,2,2,0,0,2,2
122,1143.970,5988.286,167.033,-59.142,0.508925,0.858076,0.068565,-0.856579,0.512703,-0.058381,-0.085249,-0.029020,0.995937,0,0.99775,-0.64780,59.865,-1.296,-1,375.000,-1,375.000,-1,300.000,300.000,325.000,325.000,-1,-1,-1,-1,650.000,725.000,-1,-1,2,0,2,0,2,0,0,0,0,2,2,2,2,0,0,2,2
123,1173.489,5936.231,162.044,-60.443,0.489430,0.869495,0.066606,-0.868038,0.493071,-0.058232,-0.083474,-0.029316,0.996079,0,0.99737,-0.65092,59.842,-1.302,-1,375.000,-1,375.000,-1,300.000,300.000,325.000,325.000,-1,-1,-1,-1,650.000,-1,-1,-1,2,0,2,0,2,0,0,0,0,2,2,2,2,0,2,2,2
124,1201.797,5883.543,157.182,-61.752,0.469592,0.880519,0.064574,-0.879105,0.473090,-0.057970,-0.081592,-0.029545,0.996228,0,0.99685,-0.65406,59.811,-1.308,-1,375.000,-1,375.000,-1,300.000,300.000,325.000,325.000,-1,-1,-1,-1,625.000,-1,-1,-1,2,0,2,0,2,0,0,0,0,2,2,2,2,0,2,2,2
125,1228.872,5830.256,152.454,-63.065,0.449431,0.891126,0.062498,-0.889763,0.452780,-0.057559,-0.079590,-0.029740,0.996384,0,0.99619,-0.65672,59.771,-1.313,-1,375.000,-1,375.000,-1,300.000,300.000,325.000,-1,-1,-1,-1,-1,625.000,-1,-1,-1,2,0,2,0,2,0,0,0,2,2,2,2,2,0,2,2,2
126,1254.694,5776.404,147.788,-64.382,0.428973,0.901286,0.060548,-0.900007,0.432172,-0.056690,-0.077261,-0.030175,0.996554,0,0.99538,-0.65851,59.723,-1.317,-1,375.000,-1,375.000,-1,300.000,300.000,325.000,-1,-1,-1,-1,-1,625.000,-1,-1,-1,2,0,2,0,2,0,0,0,2,2,2,2,2,0,2,2,2
127,1279.244,5722.024,143.349,-65.702,0.408271,0.911005,0.058170,-0.909799,0.411290,-0.055743,-0.074707,-0.030165,0.996749,0,0.99441,-0.66019,59.665,-1.320,-1,375.000,-1,400.000,-1,300.000,300.000,325.000,-1,-1,-1,-1,-1,625.000,-1,-1,-1,2,0,2,0,2,0,0,0,2,2,2,2,2,0,2,2,2
128,1302.506,5667.153,139.065,-67.026,0.387300,0.920267,0.055745,-0.919120,0.390140,-0.054855,-0.072229,-0.029991,0.996937,0,0.99330,-0.66175,59.598,-1.324,-1,375.000,-1,400.000,-1,300.000,325.000,300.000,-1,-1,-1,-1,-1,625.000,-1,-1,-1,2,0,2,0,2,0,0,0,2,2,2,2,2,0,2,2,2
129,1324.463,5611.829,134.928,-68.352,0.366071,0.929060,0.053281,-0.927962,0.368737,-0.054027,-0.069842,-0.029665,0.997117,0,0.99205,-0.66320,59.523,-1.326,-1,375.000,-1,400.000,-1,300.000,325.000,300.000,-1,-1,-1,-1,-1,625.000,-1,-1,-1,2,0,2,1,2,0,0,0,2,2,2,2,2,0,2,2,2
130,1345.102,5556.088,130.845,-69.681,0.344632,0.937385,0.050386,-0.936323,0.347097,-0.053133,-0.067295,-0.028866,0.997315,0,0.99065,-0.66452,59.439,-1.329,-1,375.000,-1,-1,-1,300.000,325.000,300.000,-1,-1,-1,525.000,-1,650.000,-1,-1,-1,2,0,2,2,2,0,0,0,2,2,2,0,2,0,2,2,2
131,1364.411,5499.969,126.887,-71.013,0.322964,0.945223,0.047407,-0.944189,0.325232,-0.052267,-0.064822,-0.027881,0.997507,0,0.98913,-0.66572,59.348,-1.331,-1,375.000,-1,-1,-1,300.000,325.000,300.000,-1,-1,-1,475.000,-1,650.000,-1,-1,-1,2,0,2,2,2,0,1,0,2,2,2,0,2,0,2,2,2
132,1382.378,5443.511,123.069,-72.346,0.301073,0.952565,0.044450,-0.951551,0.303154,-0.051462,-0.062497,-0.026803,0.997685,0,0.98748,-0.66679,59.249,-1.334,-1,375.000,-1,-1,-1,300.000,375.000,300.000,-1,-1,-1,475.000,-1,650.000,-1,-1,-1,2,0,2,2,2,1,1,0,2,2,2,0,2,0,2,2,2
133,1398.994,5386.750,119.384,-73.682,0.278976,0.959400,0.041513,-0.958401,0.280880,-0.050725,-0.060326,-0.025635,0.997850,0,0.98572,-0.66772,59.143,-1.335,-1,375.000,-1,-1,-1,300.000,425.000,300.000,-1,-1,-1,500.000,-1,650.000,-1,-1,-1,2,0,2,2,2,1,1,0,2,2,2,0,2,0,2,2,2
134,1414.253,5329.725,115.824,-75.019,0.256689,0.965723,0.038592,-0.964733,0.258426,-0.050058,-0.058315,-0.024382,0.998000,0,0.98386,-0.66851,59.031,-1.337,-1,375.000,-1,-1,-1,300.000,450.000,300.000,-1,-1,-1,525.000,-1,650.000,-1,-1,-1,2,0,2,2,2,0,1,0,2,2,2,0,2,0,2,2,2
