timestep,x_cm,y_cm,z_cm,yaw_deg,basis_xx,basis_xy,basis_xz,basis_yx,basis_yy,basis_yz,basis_zx,basis_zy,basis_zz,teleport_flag,throttle_cmd,steering_cmd,cmd_move_cm,cmd_turn_deg,lidar_cm_0,lidar_cm_1,lidar_cm_2,lidar_cm_3,lidar_cm_4,lidar_cm_5,lidar_cm_6,lidar_cm_7,lidar_cm_8,lidar_cm_9,lidar_cm_10,lidar_cm_11,lidar_cm_12,lidar_cm_13,lidar_cm_14,lidar_cm_15,lidar_cm_16,lidar_class_0,lidar_class_1,lidar_class_2,lidar_class_3,lidar_class_4,lidar_class_5,lidar_class_6,lidar_class_7,lidar_class_8,lidar_class_9,lidar_class_10,lidar_class_11,lidar_class_12,lidar_class_13,lidar_class_14,lidar_class_15,lidar_class_16
0,-5578.544,6883.613,-539.037,-130.743,-0.637047,0.753527,-0.162386,-0.760086,-0.649117,-0.030278,-0.128222,0.104139,0.986263,1,0.08000,0.12000,4.800,0.240,400.000,400.000,850.000,375.000,650.000,325.000,325.000,275.000,275.000,-1,-1,-1,550.000,500.000,625.000,425.000,775.000,1,0,1,0,0,0,0,0,0,2,2,2,1,1,0,1,0
1,-5584.747,6876.287,-540.288,-130.263,-0.630743,0.758852,-0.162194,-0.765522,-0.642708,-0.030039,-0.127038,0.105216,0.986302,0,0.16000,0.24000,9.600,0.480,400.000,400.000,850.000,375.000,650.000,325.000,325.000,275.000,275.000,-1,-1,-1,550.000,475.000,625.000,425.000,775.000,1,1,1,0,0,0,0,0,0,2,2,2,1,1,0,1,0
2,-5593.912,6865.182,-542.105,-129.543,-0.621201,0.766749,-0.161881,-0.773556,-0.633023,-0.029878,-0.125383,0.106663,0.986358,0,0.24000,0.36000,14.400,0.720,375.000,400.000,800.000,375.000,650.000,325.000,325.000,275.000,275.000,-1,-1,-1,550.000,475.000,625.000,400.000,775.000,1,1,1,0,0,0,0,0,0,2,2,2,1,1,0,1,0
3,-5605.884,6850.173,-544.329,-128.583,-0.608305,0.777138,-0.161308,-0.784011,-0.620001,-0.030431,-0.123660,0.107956,0.986435,0,0.32000,0.48000,19.200,0.960,375.000,375.000,775.000,375.000,650.000,325.000,325.000,275.000,275.000,-1,-1,-1,575.000,450.000,625.000,400.000,775.000,1,1,1,0,0,0,0,0,0,2,2,2,1,1,0,1,0
4,-5620.452,6831.102,-547.081,-127.383,-0.591951,0.789809,-0.160609,-0.796774,-0.603481,-0.031031,-0.121432,0.109600,0.986530,0,0.40000,0.60000,24.000,1.200,350.000,350.000,725.000,375.000,650.000,325.000,325.000,275.000,275.000,-1,-1,-1,600.000,425.000,625.000,375.000,775.000,1,1,1,0,0,0,0,0,0,2,2,2,1,1,0,1,0
5,-5637.353,6807.785,-550.341,-125.943,-0.571991,0.804544,-0.159798,-0.811634,-0.583311,-0.031616,-0.118649,0.111613,0.986643,0,0.48000,0.72000,28.800,1.440,325.000,350.000,675.000,375.000,650.000,325.000,325.000,275.000,275.000,-1,-1,-1,600.000,400.000,625.000,350.000,800.000,1,1,1,0,0,0,0,0,0,2,2,2,1,1,0,1,0
6,-5656.265,6780.015,-554.086,-124.263,-0.548259,0.821074,-0.158900,-0.828330,-0.559319,-0.032118,-0.115247,0.114013,0.986772,0,0.56000,0.84000,33.600,1.680,300.000,325.000,625.000,400.000,650.000,325.000,325.000,275.000,275.000,-1,-1,-1,625.000,375.000,600.000,300.000,750.000,1,1,1,0,0,1,0,0,0,2,2,2,1,1,1,1,1
7,-5676.803,6747.572,-558.249,-122.343,-0.520549,0.839064,-0.158112,-0.846553,-0.531314,-0.032472,-0.111253,0.116947,0.986887,0,0.64000,0.96000,38.400,1.920,275.000,300.000,575.000,400.000,650.000,300.000,325.000,275.000,275.000,-1,-1,800.000,675.000,350.000,550.000,275.000,700.000,1,1,1,0,0,1,0,0,0,2,2,1,1,1,1,1,1
8,-5698.766,6710.375,-562.827,-120.567,-0.494409,0.854833,-0.157543,-0.862576,-0.504882,-0.032525,-0.107344,0.119812,0.986976,0,0.72000,0.88796,43.200,1.776,225.000,275.000,500.000,400.000,650.000,275.000,325.000,275.000,300.000,-1,-1,750.000,700.000,325.000,500.000,250.000,625.000,1,1,1,1,0,1,1,0,0,2,2,1,1,1,1,1,1
9,-5721.875,6668.307,-567.806,-118.788,-0.467758,0.869774,-0.157150,-0.877812,-0.477916,-0.032292,-0.103191,0.122843,0.987047,0,0.80000,0.88970,48.000,1.779,200.000,250.000,450.000,350.000,650.000,225.000,275.000,275.000,300.000,-1,-1,750.000,750.000,275.000,450.000,200.000,550.000,1,1,1,1,1,1,1,0,0,2,2,1,1,1,1,1,1
10,-5745.296,6622.293,-570.317,-117.003,-0.441099,0.882579,-0.162743,-0.892950,-0.449760,-0.018863,-0.089844,0.137001,0.986488,0,0.86062,0.89213,51.637,1.784,175.000,225.000,400.000,325.000,575.000,225.000,250.000,300.000,300.000,-1,825.000,725.000,750.000,250.000,400.000,175.000,500.000,1,1,1,1,1,1,1,0,0,2,1,1,1,1,1,1,1
11,-5767.363,6575.301,-569.805,-115.213,-0.415030,0.892633,-0.175944,-0.907355,-0.420289,0.008045,-0.066766,0.162983,0.984367,0,0.86538,0.89514,51.923,1.790,175.000,200.000,375.000,275.000,525.000,200.000,225.000,350.000,275.000,-1,500.000,425.000,725.000,250.000,350.000,175.000,425.000,1,1,1,1,1,1,1,0,0,2,0,0,1,1,1,1,1
12,-5788.047,6527.376,-569.110,-113.416,-0.389338,0.901046,-0.191134,-0.920071,-0.390223,0.034577,-0.043429,0.189319,0.980955,0,0.87009,0.89831,52.205,1.797,175.000,200.000,375.000,250.000,450.000,200.000,225.000,425.000,250.000,-1,350.000,225.000,575.000,250.000,325.000,150.000,375.000,1,1,1,1,1,1,1,1,0,2,0,0,0,1,1,1,1
13,-5807.303,6478.561,-568.077,-111.613,-0.364073,0.907854,-0.207969,-0.931147,-0.359684,0.059937,-0.020389,0.215471,0.976297,0,0.87473,0.90167,52.484,1.803,150.000,175.000,350.000,225.000,375.000,175.000,200.000,450.000,250.000,-1,300.000,150.000,425.000,225.000,300.000,150.000,325.000,1,1,1,1,1,1,1,1,0,2,0,0,0,1,1,1,1
14,-5825.122,6428.915,-562.939,-109.802,-0.341479,0.916113,-0.210067,-0.939808,-0.329866,0.089162,0.012389,0.227869,0.973613,0,0.87928,0.90527,52.757,1.811,150.000,175.000,325.000,225.000,350.000,175.000,175.000,500.000,250.000,-1,250.000,100.000,375.000,225.000,275.000,150.000,300.000,1,1,1,1,1,1,1,1,0,2,0,0,0,1,1,1,1
15,-2294.402,-7544.783,125.507,-138.754,-0.777099,0.555505,-0.295857,-0.625995,-0.633520,0.454733,0.065175,0.538578,0.840051,1,0.00000,0.00000,53.021,1.818,-1,-1,-1,800.000,975.000,-1,-1,175.000,200.000,-1,75.000,25.000,150.000,-1,-1,-1,-1,2,2,2,0,0,2,2,1,0,2,1,1,1,2,2,2,2
16,-327.934,4919.469,335.891,-110.486,-0.340693,0.932327,-0.121226,-0.936140,-0.348331,-0.048030,-0.087007,0.097121,0.991462,1,0.00000,0.00000,4.800,-0.240,-1,375.000,-1,400.000,-1,325.000,325.000,300.000,325.000,-1,-1,-1,-1,750.000,800.000,-1,-1,2,0,2,0,2,0,0,0,0,2,2,2,2,0,0,2,2
17,-329.633,4914.980,335.464,-110.726,-0.344592,0.930886,-0.121277,-0.934679,-0.352244,-0.047949,-0.087354,0.096832,0.991460,0,0.08000,-0.12000,4.800,-0.240,-1,375.000,-1,400.000,-1,325.000,325.000,300.000,325.000,-1,-1,-1,-1,750.000,800.000,-1,-1,2,0,2,0,2,0,0,0,0,2,2,2,2,0,0,2,2
18,-333.107,4906.030,334.603,-111.206,-0.352374,0.927955,-0.121378,-0.931708,-0.360050,-0.047785,-0.088045,0.096251,0.991455,0,0.16000,-0.24000,9.600,-0.480,-1,375.000,-1,400.000,-1,325.000,325.000,300.000,325.000,-1,-1,-1,-1,750.000,825.000,-1,-1,2,0,2,0,2,0,0,0,0,2,2,2,2,0,0,2,2
19,-338.485,4892.671,333.292,-111.926,-0.364002,0.923435,-0.121530,-0.927129,-0.371714,-0.047536,-0.089071,0.095371,0.991449,0,0.24000,-0.36000,14.400,-0.720,-1,375.000,-1,400.000,-1,325.000,325.000,300.000,300.000,-1,-1,-1,-1,750.000,825.000,-1,-1,2,0,2,0,2,0,0,0,0,2,2,2,2,0,0,2,2
20,-345.954,4874.983,331.512,-112.886,-0.379418,0.917182,-0.121732,-0.920796,-0.387177,-0.047199,-0.090422,0.094183,0.991440,0,0.32000,-0.48000,19.200,-0.960,-1,375.000,-1,400.000,-1,325.000,325.000,300.000,300.000,-1,-1,-1,-1,775.000,825.000,-1,-1,2,0,2,0,2,0,0,0,0,2,2,2,2,0,0,2,2
21,-355.675,4853.038,329.245,-113.889,-0.395406,0.910370,-0.121987,-0.913911,-0.403211,-0.046767,-0.091762,0.092993,0.991429,0,0.40000,-0.50125,24.000,-1.003,-1,400.000,-1,400.000,-1,325.000,325.000,300.000,300.000,-1,-1,-1,-1,775.000,850.000,-1,-1,2,0,2,0,2,0,0,0,0,2,2,2,2,0,0,2,2
22,-367.800,4826.914,326.474,-114.895,-0.411329,0.903246,-0.122293,-0.906727,-0.419175,-0.046240,-0.093028,0.091867,0.991416,0,0.48000,-0.50297,28.800,-1.006,-1,400.000,-1,400.000,-1,325.000,325.000,300.000,300.000,-1,-1,-1,-1,775.000,850.000,-1,-1,2,0,2,0,2,0,0,0,0,2,2,2,2,0,0,2,2
23,-382.481,4796.690,323.182,-115.905,-0.427196,0.895802,-0.122649,-0.899236,-0.435079,-0.045615,-0.094224,0.090804,0.991401,0,0.56000,-0.50517,33.600,-1.010,1000.000,400.000,-1,400.000,-1,325.000,325.000,300.000,300.000,-1,-1,-1,-1,775.000,875.000,-1,-1,1,0,2,0,2,0,0,0,0,2,2,2,2,0,0,2,2
24,-399.869,4762.452,319.354,-116.921,-0.443017,0.888028,-0.123054,-0.891428,-0.450934,-0.044892,-0.095355,0.089805,0.991384,0,0.64000,-0.50792,38.400,-1.016,950.000,400.000,-1,400.000,-1,325.000,325.000,300.000,300.000,-1,-1,-1,-1,800.000,875.000,1000.000,-1,1,0,2,0,2,0,0,0,0,2,2,2,2,0,0,1,2
25,-420.114,4724.288,315.045,-117.944,-0.458728,0.879891,-0.123940,-0.883287,-0.466737,-0.044288,-0.096816,0.089159,0.991301,0,0.72000,-0.51128,43.200,-1.023,925.000,400.000,-1,400.000,-1,325.000,325.000,300.000,300.000,-1,-1,-1,-1,800.000,900.000,950.000,-1,1,0,2,0,2,0,0,0,0,2,2,2,2,0,0,1,2
26,-443.368,4682.296,310.085,-118.974,-0.474387,0.871426,-0.124796,-0.874768,-0.482527,-0.044135,-0.098678,0.088230,0.991200,0,0.80000,-0.51530,48.000,-1.031,875.000,400.000,-1,400.000,-1,325.000,325.000,300.000,300.000,-1,-1,-1,-1,800.000,900.000,925.000,-1,1,0,2,0,2,0,0,0,0,2,2,2,2,1,0,1,2
27,-468.322,4639.103,304.735,-120.014,-0.490024,0.862628,-0.125497,-0.865847,-0.498326,-0.044501,-0.100926,0.086855,0.991095,0,0.83137,-0.52004,49.882,-1.040,850.000,400.000,-1,400.000,-1,325.000,325.000,300.000,300.000,-1,-1,-1,-1,775.000,900.000,875.000,-1,1,0,2,0,2,0,0,0,0,2,2,2,2,1,0,1,2
28,-494.045,4596.405,299.292,-121.065,-0.505651,0.853456,-0.126212,-0.856539,-0.514123,-0.044936,-0.103239,0.085384,0.990985,0,0.83077,-0.52524,49.846,-1.050,800.000,400.000,-1,400.000,-1,325.000,325.000,300.000,300.000,-1,-1,-1,-1,750.000,900.000,825.000,-1,1,0,2,0,2,0,0,0,0,2,2,2,2,1,0,1,2
29,-520.556,4554.189,293.761,-122.126,-0.521268,0.843896,-0.126962,-0.846836,-0.529913,-0.045394,-0.105587,0.083853,0.990868,0,0.83082,-0.53070,49.849,-1.061,750.000,400.000,-1,400.000,-1,325.000,325.000,300.000,300.000,-1,-1,-1,-1,725.000,925.000,800.000,-1,1,0,2,0,2,0,0,0,0,2,2,2,2,1,0,1,2
30,-548.845,4510.954,287.956,-123.194,-0.536788,0.833988,-0.127756,-0.836772,-0.545620,-0.045958,-0.108035,0.082233,0.990740,0,0.86111,-0.53384,51.667,-1.068,700.000,400.000,-1,425.000,975.000,325.000,325.000,300.000,300.000,-1,-1,-1,-1,675.000,925.000,750.000,-1,1,0,2,0,1,0,0,0,0,2,2,2,2,1,0,1,2
31,-577.841,4468.400,282.160,-124.268,-0.552211,0.823744,-0.128483,-0.826317,-0.561250,-0.046890,-0.110736,0.080275,0.990603,0,0.85820,-0.53713,51.492,-1.074,650.000,400.000,-1,425.000,925.000,325.000,325.000,300.000,300.000,-1,-1,-1,-1,650.000,925.000,700.000,-1,1,0,2,0,1,0,0,0,0,2,2,2,2,1,0,1,2
32,-610.467,4422.526,275.596,-125.418,-0.568414,0.812422,-0.129905,-0.814809,-0.577746,-0.047918,-0.113981,0.078610,0.990368,0,0.93820,-0.57500,56.292,-1.150,625.000,400.000,-1,425.000,875.000,325.000,325.000,300.000,300.000,-1,-1,-1,-1,625.000,925.000,650.000,-1,1,0,2,0,1,0,0,0,0,2,2,2,2,1,0,1,2
33,-644.648,4376.422,268.613,-126.552,-0.584011,0.800895,-0.132279,-0.803161,-0.593747,-0.048945,-0.117740,0.077657,0.990003,0,0.95653,-0.56670,57.392,-1.133,575.000,400.000,-1,425.000,825.000,325.000,325.000,300.000,300.000,-1,-1,-1,-1,600.000,925.000,600.000,975.000,1,0,2,0,1,0,0,0,0,2,2,2,2,1,1,1,1
34,-679.720,4330.993,261.430,-127.667,-0.599053,0.789218,-0.135170,-0.791402,-0.609256,-0.049892,-0.121729,0.077085,0.989566,0,0.95649,-0.55784,57.390,-1.116,525.000,400.000,-1,425.000,775.000,325.000,325.000,300.000,300.000,-1,-1,-1,-1,575.000,875.000,550.000,900.000,1,0,2,0,1,0,0,0,0,2,2,2,2,1,1,1,1
35,-716.853,4284.909,253.909,-128.859,-0.614874,0.776416,-0.138236,-0.778514,-0.625572,-0.050757,-0.125885,0.076410,0.989098,0,0.98636,-0.59588,59.181,-1.192,475.000,400.000,-1,425.000,725.000,325.000,325.000,300.000,300.000,-1,-1,-1,-1,550.000,825.000,500.000,850.000,1,0,2,0,1,0,0,0,0,2,2,2,2,1,1,1,1
36,-755.090,4239.400,246.179,-130.036,-0.630263,0.763458,-0.141069,-0.765451,-0.641428,-0.051517,-0.129816,0.075512,0.988658,0,0.99065,-0.58834,59.439,-1.177,425.000,400.000,-1,425.000,675.000,325.000,325.000,300.000,300.000,-1,-1,-1,-1,525.000,775.000,450.000,775.000,1,1,2,0,1,0,0,0,0,2,2,2,2,1,1,1,1
37,-794.386,4194.509,238.188,-131.196,-0.645260,0.750392,-0.143358,-0.752237,-0.656821,-0.052205,-0.133335,0.074154,0.988293,0,0.99430,-0.58005,59.658,-1.160,375.000,375.000,-1,425.000,625.000,325.000,325.000,300.000,300.000,-1,-1,-1,-1,500.000,725.000,400.000,725.000,1,1,2,0,1,0,0,0,0,2,2,2,2,1,1,1,1
38,-834.684,4150.283,229.938,-132.338,-0.659859,0.737253,-0.145067,-0.738902,-0.671736,-0.052858,-0.136417,0.072311,0.988009,0,0.99719,-0.57096,59.832,-1.142,325.000,350.000,-1,425.000,575.000,325.000,325.000,300.000,300.000,-1,-1,-1,-1,500.000,675.000,350.000,650.000,1,1,2,0,1,0,0,0,0,2,2,2,2,1,1,1,1
39,-875.925,4106.766,221.563,-133.460,-0.673942,0.724052,-0.146800,-0.725508,-0.686135,-0.053457,-0.139430,0.070478,0.987721,0,0.99921,-0.56103,59.953,-1.122,275.000,350.000,-1,425.000,525.000,325.000,325.000,300.000,300.000,-1,-1,-1,-1,500.000,625.000,300.000,600.000,1,1,2,0,1,1,0,0,0,2,2,2,2,1,1,1,1
40,-918.027,4064.016,213.077,-134.560,-0.687496,0.710831,-0.148553,-0.712095,-0.700003,-0.053999,-0.142372,0.068660,0.987429,0,1.00000,-0.55024,60.000,-1.100,225.000,325.000,-1,425.000,475.000,325.000,325.000,300.000,300.000,-1,-1,-1,-1,500.000,575.000,275.000,525.000,1,1,2,0,1,1,0,0,0,2,2,2,2,1,1,1,1
41,-960.924,4022.064,204.858,-135.637,-0.700536,0.697561,-0.150527,-0.698928,-0.713256,-0.052587,-0.144047,0.068369,0.987206,0,1.00000,-0.53856,60.000,-1.077,200.000,325.000,-1,425.000,425.000,300.000,325.000,300.000,300.000,-1,-1,-1,-1,525.000,525.000,250.000,475.000,1,1,2,0,1,1,0,1,0,2,2,2,2,1,1,1,1
42,-1004.522,3980.955,199.008,-136.689,-0.713266,0.683856,-0.153596,-0.687234,-0.725419,-0.038422,-0.137697,0.078152,0.987386,0,0.99875,-0.52597,59.925,-1.052,225.000,350.000,-1,425.000,375.000,325.000,350.000,300.000,300.000,-1,-1,-1,-1,700.000,500.000,300.000,425.000,1,1,2,1,1,1,1,1,0,2,2,2,2,1,1,1,1
43,-1048.727,3940.745,192.413,-137.714,-0.725451,0.670382,-0.155913,-0.675208,-0.737108,-0.027665,-0.133471,0.085204,0.987383,0,0.99598,-0.51248,59.759,-1.025,225.000,375.000,-1,400.000,325.000,350.000,375.000,275.000,300.000,-1,-1,-1,-1,-1,450.000,-1,375.000,1,1,2,1,1,1,1,1,0,2,2,2,2,2,1,2,1
44,-1093.433,3901.479,184.854,-138.711,-0.737070,0.657155,-0.157720,-0.663084,-0.748301,-0.019090,-0.130567,0.090511,0.987299,0,0.99170,-0.49813,59.502,-0.996,275.000,400.000,-1,350.000,300.000,375.000,375.000,250.000,300.000,-1,-1,-1,-1,-1,400.000,-1,325.000,1,1,2,1,1,1,1,1,0,2,2,2,2,2,1,2,1
45,-1138.527,3863.201,176.547,-139.676,-0.748066,0.644266,-0.159117,-0.650881,-0.759061,-0.013419,-0.129425,0.093528,0.987168,0,0.98582,-0.48297,59.149,-0.966,400.000,475.000,-1,325.000,250.000,400.000,350.000,225.000,275.000,-1,-1,-1,-1,-1,375.000,-1,275.000,1,1,2,1,1,1,1,1,0,2,2,2,2,2,1,2,1
46,-1183.892,3825.952,167.530,-140.611,-0.758423,0.631753,-0.160258,-0.638677,-0.769403,-0.010516,-0.129947,0.094378,0.987019,0,0.97831,-0.46712,58.698,-0.934,-1,550.000,-1,275.000,200.000,400.000,325.000,200.000,275.000,-1,-1,-1,-1,-1,325.000,-1,225.000,2,1,2,1,1,1,1,1,0,2,2,2,2,2,1,2,1
47,-1229.411,3789.763,157.942,-141.512,-0.768121,0.619659,-0.161283,-0.626489,-0.779358,-0.010647,-0.132295,0.092864,0.986851,0,0.96917,-0.45072,58.150,-0.901,-1,550.000,-1,250.000,150.000,375.000,275.000,175.000,275.000,-1,-1,-1,-1,-1,275.000,-1,150.000,2,1,2,1,1,1,1,1,0,2,2,2,2,2,1,2,1
48,-1274.972,3754.676,156.945,-142.380,-0.783484,0.609488,-0.121150,-0.611515,-0.790867,-0.024032,-0.110461,0.055256,0.992343,0,0.95852,-0.43396,57.511,-0.868,-1,600.000,-1,250.000,125.000,375.000,275.000,175.000,350.000,-1,275.000,200.000,-1,-1,275.000,-1,150.000,2,1,2,1,1,1,1,1,1,2,0,0,2,2,1,2,1
49,-1319.969,3721.372,156.034,-143.488,-0.799905,0.594946,-0.078688,-0.593519,-0.803671,-0.042988,-0.088815,0.012316,0.995972,0,0.93312,-0.55396,55.987,-1.108,-1,725.000,-1,225.000,125.000,375.000,275.000,150.000,350.000,975.000,100.000,150.000,-1,-1,275.000,-1,125.000,2,0,2,1,1,1,1,1,1,1,0,0,2,2,1,2,1
50,-1365.004,3689.527,154.499,-144.749,-0.816014,0.576832,-0.037226,-0.573891,-0.816182,-0.067056,-0.069063,-0.033355,0.997055,0,0.91935,-0.63072,55.161,-1.261,-1,800.000,-1,225.000,125.000,375.000,250.000,125.000,350.000,375.000,50.000,150.000,-1,-1,275.000,-1,125.000,2,0,2,1,1,1,1,1,1,1,0,0,2,2,1,2,1
51,-1409.962,3659.164,152.375,-146.008,-0.830356,0.557224,0.003272,-0.554923,-0.826364,-0.095827,-0.050693,-0.081386,0.995393,0,0.90422,-0.62921,54.253,-1.258,-1,850.000,-1,225.000,100.000,400.000,250.000,125.000,350.000,150.000,25.000,150.000,-1,-1,300.000,-1,100.000,2,0,2,1,1,1,1,1,1,1,0,0,2,2,1,2,1
52,-1454.783,3630.286,152.159,-147.265,-0.843218,0.536692,0.030741,-0.535948,-0.834856,-0.125601,-0.041745,-0.122384,0.991604,0,0.88863,-0.62847,53.318,-1.257,-1,900.000,-1,225.000,75.000,400.000,250.000,125.000,350.000,75.000,50.000,200.000,-1,-1,300.000,-1,100.000,2,0,2,1,1,1,1,1,1,1,0,0,2,2,1,2,1
53,-4919.491,-327.966,-283.191,-13.191,0.973366,0.228184,-0.022167,-0.227951,0.973592,0.012534,0.024442,-0.007147,0.999676,1,0.00000,0.00000,52.382,-1.257,-1,400.000,-1,425.000,-1,325.000,325.000,325.000,325.000,-1,-1,-1,-1,800.000,625.000,-1,750.000,2,0,2,0,2,0,0,0,0,2,2,2,2,0,1,2,1
54,-4914.813,-329.042,-283.083,-12.951,0.974317,0.224104,-0.022009,-0.223876,0.974540,0.012337,0.024213,-0.007093,0.999682,0,0.08000,0.12000,4.800,0.240,-1,400.000,-1,425.000,-1,325.000,325.000,325.000,325.000,-1,-1,-1,-1,800.000,625.000,-1,750.000,2,0,2,0,2,0,0,0,0,2,2,2,2,0,1,2,1
55,-4905.439,-331.115,-282.869,-12.471,0.976168,0.215932,-0.021687,-0.215714,0.976383,0.011952,0.023756,-0.006989,0.999693,0,0.16000,0.24000,9.600,0.480,-1,400.000,-1,425.000,-1,325.000,325.000,325.000,325.000,-1,-1,-1,-1,800.000,600.000,-1,725.000,2,0,2,0,2,0,0,0,0,2,2,2,2,0,1,2,1
56,-4891.341,-334.048,-282.548,-11.751,0.978815,0.203646,-0.021195,-0.203442,0.979021,0.011399,0.023072,-0.006845,0.999710,0,0.24000,0.36000,14.400,0.720,-1,400.000,-1,425.000,-1,325.000,325.000,325.000,325.000,-1,-1,-1,-1,800.000,600.000,-1,700.000,2,0,2,1,2,0,0,0,0,2,2,2,2,0,1,2,1
57,-4872.481,-337.642,-282.121,-10.791,0.982105,0.187214,-0.020523,-0.187027,0.982296,0.010703,0.022163,-0.006673,0.999732,0,0.32000,0.48000,19.200,0.960,-1,400.000,-1,400.000,-1,325.000,325.000,325.000,300.000,-1,-1,-1,-1,800.000,575.000,-1,675.000,2,0,2,1,2,1,0,0,0,2,2,2,2,0,1,2,1
58,-4848.816,-341.641,-281.587,-9.591,0.985828,0.166602,-0.019659,-0.166434,0.986003,0.009904,0.021034,-0.006491,0.999758,0,0.40000,0.60000,24.000,1.200,-1,400.000,-1,400.000,800.000,325.000,325.000,325.000,300.000,-1,-1,-1,-1,800.000,550.000,-1,650.000,2,0,2,1,1,1,1,0,0,2,2,2,2,0,1,2,1
59,-4820.307,-345.724,-280.948,-8.151,0.989725,0.141771,-0.018595,-0.141623,0.989879,0.009048,0.019690,-0.006321,0.999786,0,0.48000,0.72000,28.800,1.440,-1,400.000,-1,375.000,700.000,300.000,325.000,325.000,325.000,-1,-1,-1,-1,800.000,525.000,-1,600.000,2,0,2,1,1,1,1,0,0,2,2,2,2,0,1,2,1
60,-4786.937,-349.645,-280.200,-6.703,0.993014,0.116717,-0.017335,-0.116590,0.993147,0.008162,0.018169,-0.006084,0.999816,0,0.56000,0.72386,33.600,1.448,-1,400.000,-1,375.000,600.000,300.000,300.000,325.000,325.000,-1,-1,-1,-1,800.000,525.000,-1,550.000,2,0,2,1,1,1,1,0,0,2,2,2,2,0,1,2,1
61,-4748.700,-353.181,-279.345,-5.283,0.995626,0.092074,-0.015882,-0.091968,0.995735,0.007275,0.016484,-0.005783,0.999847,0,0.64000,0.70989,38.400,1.420,-1,400.000,-1,350.000,550.000,300.000,300.000,325.000,325.000,-1,-1,-1,-1,800.000,500.000,-1,500.000,2,0,2,1,1,1,1,0,0,2,2,2,2,0,1,2,1
62,-4705.611,-356.272,-278.385,-4.103,0.997335,0.071553,-0.014250,-0.071468,0.997423,0.006376,0.014669,-0.005340,0.999878,0,0.72000,0.58989,43.200,1.180,-1,400.000,-1,325.000,475.000,300.000,300.000,325.000,325.000,-1,-1,-1,-1,775.000,475.000,-1,475.000,2,0,2,1,1,0,1,0,0,2,2,2,2,0,1,2,1
63,-4657.684,-358.921,-277.322,-3.163,0.998399,0.055184,-0.012446,-0.055120,0.998465,0.005455,0.012728,-0.004760,0.999908,0,0.80000,0.46989,48.000,0.940,-1,400.000,-1,325.000,425.000,300.000,275.000,325.000,325.000,-1,-1,-1,-1,775.000,450.000,-1,400.000,2,0,2,1,1,0,1,0,0,2,2,2,2,0,1,2,1
64,-4604.933,-361.191,-276.190,-2.464,0.999020,0.042986,-0.010573,-0.042939,0.999067,0.004629,0.010762,-0.004171,0.999933,0,0.88000,0.34989,52.800,0.700,-1,400.000,-1,300.000,375.000,325.000,275.000,325.000,325.000,-1,-1,-1,-1,775.000,425.000,-1,350.000,2,0,2,1,1,0,1,0,0,2,2,2,2,0,1,2,1
65,-4547.368,-363.205,-274.081,-2.004,0.999288,0.034966,-0.014168,-0.034825,0.999343,0.010086,0.014512,-0.009585,0.999849,0,0.96000,0.22989,57.600,0.460,-1,400.000,-1,300.000,325.000,325.000,275.000,325.000,350.000,-1,-1,-1,-1,800.000,425.000,-1,325.000,2,0,2,1,1,0,1,0,0,2,2,2,2,0,1,2,1
66,-4487.397,-365.072,-270.715,-1.784,0.999274,0.031128,-0.021980,-0.030681,0.999321,0.020403,0.022600,-0.019714,0.999550,0,1.00000,0.10989,60.000,0.220,-1,425.000,-1,300.000,300.000,350.000,275.000,300.000,375.000,-1,-1,-1,-1,850.000,425.000,-1,300.000,2,0,2,1,1,0,1,0,0,2,2,2,2,0,1,2,1
67,-4427.426,-366.959,-267.360,-1.804,0.999062,0.031473,-0.029747,-0.030558,0.999060,0.030747,0.030687,-0.029809,0.999084,0,1.00000,-0.01011,60.000,-0.020,-1,450.000,-1,300.000,275.000,350.000,300.000,300.000,400.000,-1,-1,-1,-1,900.000,425.000,-1,300.000,2,0,2,1,1,0,1,0,0,2,2,2,2,0,1,2,1
68,-4367.464,-369.118,-263.967,-2.065,0.998650,0.035997,-0.037459,-0.034441,0.998549,0.041387,0.038894,-0.040041,0.998441,0,1.00000,-0.13011,60.000,-0.260,-1,450.000,-1,300.000,275.000,375.000,300.000,300.000,450.000,-1,125.000,350.000,-1,950.000,425.000,-1,275.000,2,0,2,1,1,0,1,0,0,2,0,0,2,0,1,2,1
69,-4307.515,-371.613,-260.491,-2.387,0.998109,0.041598,-0.045247,-0.039209,0.997853,0.052462,0.047332,-0.050588,0.997597,0,1.00000,-0.16127,60.000,-0.323,-1,475.000,-1,300.000,250.000,400.000,300.000,275.000,475.000,-1,75.000,225.000,-1,1000.000,425.000,-1,275.000,2,0,2,1,1,0,1,0,0,2,0,0,2,0,1,2,1
70,-4247.583,-374.497,-256.911,-2.760,0.997430,0.048059,-0.053135,-0.044623,0.996947,0.064072,0.056052,-0.061536,0.996530,0,1.00000,-0.18637,60.000,-0.373,-1,500.000,-1,300.000,225.000,425.000,300.000,275.000,475.000,-1,25.000,200.000,-1,-1,450.000,-1,250.000,2,0,2,1,1,1,1,0,1,2,0,0,2,2,1,2,1
71,-4187.674,-377.826,-253.207,-3.187,0.996588,0.055447,-0.061134,-0.050720,0.995791,0.076335,0.065110,-0.072973,0.995206,0,1.00000,-0.21356,60.000,-0.427,-1,525.000,-1,300.000,200.000,425.000,300.000,275.000,450.000,-1,25.000,175.000,-1,-1,475.000,-1,225.000,2,0,2,1,1,1,1,0,1,2,0,0,2,2,1,2,1
72,-4127.795,-381.663,-249.355,-3.673,0.995555,0.063832,-0.069252,-0.057536,0.994334,0.089383,0.074565,-0.085001,0.993587,0,1.00000,-0.24304,60.000,-0.486,-1,550.000,-1,300.000,200.000,450.000,325.000,275.000,375.000,850.000,0.000,175.000,-1,-1,500.000,-1,225.000,2,0,2,1,1,1,1,0,1,0,0,0,2,2,1,2,1
73,-4067.955,-386.072,-245.328,-4.223,0.994296,0.073289,-0.077489,-0.065102,0.992510,0.103369,0.084485,-0.097735,0.991620,0,1.00000,-0.27505,60.000,-0.550,-1,575.000,-1,325.000,175.000,450.000,350.000,250.000,350.000,575.000,0.000,175.000,-1,-1,525.000,-1,200.000,2,0,2,1,1,1,1,0,1,0,0,0,2,2,1,2,1
74,-4008.165,-391.125,-241.098,-4.843,0.992770,0.083899,-0.085836,-0.073442,0.990238,0.118466,0.094937,-0.111305,0.989241,0,1.00000,-0.30983,60.000,-0.620,-1,625.000,-1,350.000,175.000,475.000,350.000,250.000,325.000,450.000,0.000,150.000,-1,-1,550.000,-1,200.000,2,0,2,1,1,1,1,0,1,0,0,0,2,2,1,2,1
75,-3948.440,-396.901,-236.681,-5.538,0.990917,0.095737,-0.094437,-0.082525,0.987394,0.135068,0.106177,-0.126048,0.986326,0,1.00000,-0.34761,60.000,-0.695,-1,650.000,-1,350.000,150.000,500.000,375.000,250.000,300.000,350.000,0.000,150.000,-1,-1,575.000,-1,300.000,2,0,2,1,1,1,1,0,1,0,0,0,2,2,1,2,1
76,-3888.799,-403.478,-231.374,-6.315,0.989317,0.108847,-0.096980,-0.093016,0.983527,0.154992,0.112253,-0.144315,0.983144,0,1.00000,-0.38857,60.000,-0.777,-1,675.000,-1,375.000,200.000,500.000,375.000,225.000,275.000,300.000,0.000,175.000,-1,-1,600.000,-1,425.000,2,0,2,1,1,1,1,0,1,0,0,0,2,2,1,2,1
77,6887.353,6887.306,617.655,-71.818,0.307357,0.945812,0.104746,-0.950394,0.310630,-0.016105,-0.047770,-0.094600,0.994369,1,0.00000,0.00000,60.000,-0.866,-1,425.000,-1,375.000,-1,325.000,325.000,325.000,325.000,-1,-1,-1,-1,975.000,800.000,-1,-1,2,0,2,0,2,0,0,0,0,2,2,2,2,0,0,2,2
78,6888.870,6882.753,617.449,-71.578,0.311260,0.944488,0.105166,-0.949091,0.314584,-0.016233,-0.048416,-0.094760,0.994322,0,0.08000,0.12000,4.800,0.240,-1,425.000,-1,375.000,-1,325.000,325.000,325.000,325.000,-1,-1,-1,-1,975.000,825.000,-1,-1,2,0,2,0,2,0,0,0,0,2,2,2,2,0,0,2,2
79,6891.981,6873.671,617.030,-71.098,0.319047,0.941790,0.106017,-0.946434,0.322476,-0.016480,-0.049708,-0.095080,0.994228,0,0.16000,0.24000,9.600,0.480,-1,425.000,-1,375.000,-1,325.000,325.000,325.000,325.000,-1,-1,-1,-1,975.000,825.000,-1,-1,2,0,2,0,2,0,0,0,0,2,2,2,2,0,0,2,2
80,6896.817,6860.108,616.383,-70.378,0.330684,0.937620,0.107314,-0.942327,0.334269,-0.016824,-0.051647,-0.095561,0.994083,0,0.24000,0.36000,14.400,0.720,-1,425.000,-1,375.000,-1,325.000,325.000,325.000,325.000,-1,-1,-1,-1,950.000,825.000,-1,-1,2,0,2,0,2,0,0,0,0,2,2,2,2,0,0,2,2
81,6903.568,6842.135,615.488,-69.418,0.346112,0.931831,0.109080,-0.936625,0.349910,-0.017235,-0.054228,-0.096202,0.993883,0,0.32000,0.48000,19.200,0.960,-1,425.000,-1,400.000,-1,325.000,325.000,325.000,325.000,-1,-1,-1,-1,950.000,825.000,-1,-1,2,0,2,0,2,0,0,0,0,2,2,2,2,0,0,2,2
82,6912.475,6819.850,614.320,-68.218,0.365251,0.924226,0.111341,-0.929135,0.369319,-0.017667,-0.057449,-0.096998,0.993625,0,0.40000,0.60000,24.000,1.200,-1,425.000,-1,400.000,-1,350.000,325.000,325.000,325.000,-1,-1,-1,-1,950.000,850.000,-1,-1,2,0,2,0,2,0,0,0,0,2,2,2,2,0,0,2,2
83,6923.832,6793.385,612.845,-66.778,0.387996,0.914569,0.114121,-0.919621,0.392392,-0.018058,-0.061296,-0.097942,0.993303,0,0.48000,0.72000,28.800,1.440,-1,425.000,-1,400.000,-1,350.000,325.000,325.000,325.000,-1,-1,-1,-1,925.000,850.000,-1,-1,2,0,2,0,2,0,0,0,0,2,2,2,2,0,0,2,2
84,6937.982,6762.912,611.023,-65.098,0.414206,0.902575,0.117440,-0.907805,0.418991,-0.018331,-0.065751,-0.099020,0.992911,0,0.56000,0.84000,33.600,1.680,-1,425.000,-1,400.000,-1,350.000,325.000,300.000,325.000,-1,-1,-1,-1,925.000,850.000,-1,-1,2,0,2,0,2,0,0,0,0,2,2,2,2,0,0,2,2
85,6955.310,6728.646,608.807,-63.178,0.443708,0.887924,0.121307,-0.893372,0.448942,-0.018386,-0.070785,-0.100214,0.992445,0,0.64000,0.96000,38.400,1.920,-1,425.000,-1,400.000,-1,350.000,325.000,300.000,325.000,-1,-1,-1,-1,900.000,875.000,-1,-1,2,0,2,0,2,0,0,0,0,2,2,2,2,0,0,2,2
86,6976.135,6690.798,605.312,-61.178,0.473954,0.871852,0.123455,-0.877179,0.479732,-0.020357,-0.076973,-0.098644,0.992141,0,0.72000,1.00000,43.200,2.000,-1,425.000,-1,400.000,-1,350.000,325.000,300.000,325.000,-1,-1,-1,-1,900.000,850.000,-1,-1,2,0,2,0,2,0,0,0,0,2,2,2,2,0,0,2,2
87,6999.132,6652.251,601.292,-59.178,0.503673,0.854777,0.125179,-0.859887,0.509986,-0.022549,-0.083114,-0.096282,0.991878,0,0.74813,1.00000,44.888,2.000,-1,425.000,-1,400.000,-1,350.000,325.000,300.000,325.000,-1,-1,-1,-1,875.000,850.000,-1,-1,2,0,2,0,2,0,0,0,0,2,2,2,2,0,0,2,2
88,7023.486,6614.489,596.993,-57.178,0.532763,0.836682,0.126989,-0.841515,0.539651,-0.025102,-0.089532,-0.093490,0.991586,0,0.74892,1.00000,44.935,2.000,-1,425.000,-1,400.000,-1,350.000,325.000,300.000,325.000,-1,-1,-1,-1,850.000,825.000,-1,-1,2,0,2,0,2,0,0,0,0,2,2,2,2,0,0,2,2
89,7049.168,6577.563,592.477,-55.178,0.561198,0.817566,0.129004,-0.822091,0.568680,-0.027731,-0.096034,-0.090490,0.991256,0,0.74967,1.00000,44.980,2.000,-1,425.000,-1,400.000,-1,325.000,325.000,300.000,300.000,-1,-1,-1,-1,825.000,825.000,-1,-1,2,0,2,0,2,0,0,0,0,2,2,2,2,0,0,2,2
90,7076.148,6541.522,587.820,-53.178,0.588947,0.797431,0.131318,-0.801660,0.597023,-0.030075,-0.102383,-0.087559,0.990884,0,0.75036,1.00000,45.021,2.000,-1,425.000,-1,400.000,-1,325.000,325.000,300.000,300.000,-1,-1,-1,-1,800.000,800.000,-1,-1,2,0,2,0,2,0,0,0,0,2,2,2,2,0,0,2,2
91,7104.393,6506.417,583.026,-51.178,0.615975,0.776302,0.133900,-0.780249,0.624644,-0.032103,-0.108561,-0.084701,0.990475,0,0.75098,1.00000,45.059,2.000,-1,400.000,-1,400.000,-1,325.000,325.000,-1,300.000,-1,-1,-1,-1,775.000,775.000,-1,-1,2,0,2,0,2,0,0,2,0,2,2,2,2,0,0,2,2
92,7133.869,6472.294,577.768,-49.178,0.641985,0.754121,0.138405,-0.757955,0.651436,-0.033712,-0.115585,-0.083262,0.989802,0,0.75152,1.00000,45.091,2.000,-1,400.000,-1,400.000,-1,325.000,325.000,-1,300.000,-1,-1,-1,-1,750.000,750.000,-1,-1,2,0,2,0,2,0,0,2,0,2,2,2,2,0,0,2,2
93,7164.543,6439.204,571.345,-47.178,0.666423,0.730750,0.147939,-0.735022,0.677193,-0.033951,-0.124993,-0.086112,0.988414,0,0.75199,1.00000,45.120,2.000,-1,375.000,-1,375.000,-1,300.000,325.000,-1,300.000,-1,-1,-1,-1,700.000,725.000,-1,-1,2,0,2,0,2,0,0,2,0,2,2,2,2,0,0,2,2
94,7196.368,6407.188,565.084,-45.178,0.690228,0.706562,0.156061,-0.711216,0.702175,-0.033503,-0.133254,-0.087869,0.987179,0,0.75238,1.00000,45.143,2.000,-1,375.000,-1,375.000,-1,300.000,300.000,-1,300.000,-1,-1,-1,-1,675.000,700.000,-1,-1,2,0,2,0,2,0,0,2,0,2,2,2,2,0,0,2,2
95,7229.302,6376.288,558.981,-43.178,0.713390,0.681584,0.162845,-0.686542,0.726361,-0.032567,-0.140482,-0.088567,0.986114,0,0.75267,1.00000,45.160,2.000,-1,350.000,-1,375.000,-1,300.000,300.000,-1,300.000,-1,-1,-1,-1,625.000,675.000,-1,-1,2,0,2,0,2,0,0,2,0,2,2,2,2,0,0,2,2
96,7263.302,6346.549,553.017,-41.178,0.735883,0.655834,0.168396,-0.661013,0.749723,-0.031265,-0.146755,-0.088304,0.985224,0,0.75286,1.00000,45.172,2.000,-1,350.000,-1,350.000,-1,275.000,300.000,-1,325.000,-1,-1,-1,-1,600.000,650.000,-1,-1,2,0,2,0,2,0,0,2,0,2,2,2,2,0,0,2,2
97,7298.322,6318.009,547.024,-39.178,0.757796,0.629361,0.172188,-0.634597,0.772267,-0.029847,-0.151760,-0.086652,0.984612,0,0.75295,1.00000,45.177,2.000,-1,325.000,-1,350.000,-1,275.000,300.000,-1,325.000,-1,-1,-1,-1,600.000,650.000,-1,-1,2,0,2,0,2,0,0,2,0,2,2,2,2,0,0,2,2
98,7334.312,6290.707,540.624,-37.178,0.779379,0.602242,0.172837,-0.607172,0.794045,-0.028873,-0.154629,-0.082439,0.984527,0,0.75293,1.00000,45.176,2.000,-1,325.000,-1,350.000,-1,275.000,275.000,-1,325.000,-1,-1,-1,-1,575.000,625.000,-1,-1,2,0,2,0,2,0,0,2,0,2,2,2,2,0,0,2,2
99,7371.225,6264.682,534.268,-35.178,0.800174,0.574391,0.172615,-0.578922,0.814902,-0.028006,-0.156750,-0.077521,0.984591,0,0.75279,1.00000,45.167,2.000,-1,325.000,-1,350.000,-1,275.000,275.000,-1,325.000,-1,-1,-1,-1,-1,625.000,-1,-1,2,0,2,0,2,0,0,2,0,2,2,2,2,2,0,2,2
100,7409.010,6239.969,527.860,-33.178,0.820189,0.545837,0.171326,-0.549856,0.834812,-0.027346,-0.157951,-0.071775,0.984835,0,0.75252,1.00000,45.151,2.000,-1,325.000,-1,350.000,-1,275.000,275.000,-1,325.000,-1,-1,-1,-1,-1,625.000,-1,-1,2,0,2,0,2,0,0,2,0,2,2,2,2,2,0,2,2
101,7451.632,6213.925,521.241,-31.418,0.837444,0.520167,0.167670,-0.523586,0.851554,-0.026698,-0.156667,-0.065432,0.985482,0,0.83252,0.88000,49.951,1.760,-1,350.000,-1,350.000,-1,275.000,275.000,-1,325.000,-1,-1,-1,-1,-1,625.000,-1,-1,2,0,2,0,2,0,0,2,0,2,2,2,2,2,0,2,2
102,7496.640,6188.036,514.745,-29.898,0.852127,0.497623,0.162020,-0.500270,0.865448,-0.026993,-0.153653,-0.058052,0.986418,0,0.86542,0.76000,51.925,1.520,-1,350.000,-1,350.000,-1,300.000,300.000,-1,325.000,-1,-1,-1,-1,-1,625.000,-1,-1,2,0,2,0,2,0,0,2,0,2,2,2,2,2,0,2,2
103,7542.057,6163.245,508.675,-28.618,0.864450,0.478382,0.154519,-0.480122,0.876744,-0.028329,-0.149026,-0.049699,0.987584,0,0.86243,0.64000,51.746,1.280,-1,375.000,-1,350.000,-1,300.000,300.000,-1,325.000,-1,-1,-1,-1,-1,650.000,-1,1000.000,2,1,2,0,2,0,0,2,0,2,2,2,2,2,0,2,0
104,7587.707,6139.393,502.729,-27.578,0.874370,0.462560,0.146682,-0.463460,0.885607,-0.030069,-0.143812,-0.041690,0.988727,0,0.85847,0.52000,51.508,1.040,-1,-1,-1,375.000,-1,300.000,300.000,-1,325.000,-1,-1,-1,-1,-1,650.000,-1,1000.000,2,2,2,0,2,0,0,2,0,2,2,2,2,2,0,2,0
105,7633.426,6116.319,495.427,-26.778,0.881014,0.450178,0.145444,-0.451043,0.892035,-0.028874,-0.142740,-0.040163,0.988945,0,0.85355,0.40000,51.213,0.800,-1,-1,-1,375.000,-1,300.000,300.000,-1,325.000,-1,-1,-1,-1,-1,625.000,-1,975.000,2,2,2,0,2,0,0,2,0,2,2,2,2,2,0,2,0
106,7679.052,6093.850,488.197,-26.218,0.885627,0.441453,0.144170,-0.442340,0.896423,-0.027609,-0.141426,-0.039320,0.989168,0,0.84765,0.28000,50.859,0.560,-1,-1,-1,375.000,-1,425.000,300.000,-1,325.000,-1,-1,-1,-1,-1,625.000,-1,925.000,2,2,2,0,2,1,0,2,0,2,2,2,2,2,0,2,0
107,7724.434,6071.817,480.379,-25.898,0.888460,0.436394,0.142121,-0.437799,0.898781,-0.022905,-0.137731,-0.041870,0.989584,0,0.84082,0.16000,50.449,0.320,-1,-1,-1,375.000,-1,475.000,325.000,-1,325.000,-1,-1,-1,-1,-1,600.000,-1,925.000,2,2,2,1,2,1,1,2,0,2,2,2,2,2,0,2,0
108,7769.431,6050.055,471.017,-25.818,0.889792,0.434938,0.138202,-0.437891,0.898974,-0.009884,-0.128539,-0.051723,0.990355,0,0.83311,0.04000,49.986,0.080,-1,-1,-1,375.000,-1,475.000,350.000,-1,325.000,-1,125.000,225.000,-1,-1,625.000,-1,1000.000,2,2,2,1,2,1,1,2,0,2,0,0,2,2,0,2,0
109,7813.926,6028.413,457.291,-25.978,0.885741,0.436611,0.157587,-0.443811,0.896041,0.011928,-0.135996,-0.080504,0.987433,0,0.82462,-0.08000,49.477,-0.160,-1,1000.000,-1,350.000,-1,450.000,325.000,-1,350.000,-1,0.000,200.000,-1,-1,575.000,-1,925.000,2,1,2,1,2,1,1,2,0,2,1,0,2,2,0,2,0
110,7857.798,6006.734,441.005,-26.378,0.876723,0.441051,0.191916,-0.455690,0.889331,0.037901,-0.153961,-0.120682,0.980679,0,0.81547,-0.20000,48.928,-0.400,-1,825.000,-1,300.000,-1,375.000,275.000,-1,400.000,675.000,0.000,-1,-1,-1,500.000,-1,750.000,2,1,2,1,2,1,1,2,0,0,0,2,2,2,0,2,0
111,7900.913,5984.837,426.329,-27.018,0.865543,0.448764,0.222363,-0.471281,0.880050,0.058368,-0.169497,-0.155316,0.973215,0,0.80581,-0.32000,48.349,-0.640,-1,625.000,775.000,275.000,-1,325.000,250.000,-1,450.000,750.000,0.000,-1,-1,925.000,425.000,-1,625.000,2,1,0,1,2,1,1,2,0,1,0,2,2,1,0,2,0
112,7943.159,5962.561,413.423,-27.898,0.852430,0.459919,0.248671,-0.489957,0.868694,0.072887,-0.182497,-0.183969,0.965842,0,0.79582,-0.44000,47.749,-0.880,-1,475.000,600.000,225.000,950.000,275.000,200.000,-1,500.000,825.000,0.000,-1,-1,750.000,375.000,-1,500.000,2,1,0,1,0,1,1,2,0,1,0,2,2,1,0,2,0
113,7989.161,5937.133,401.489,-29.018,0.836820,0.474413,0.273248,-0.511703,0.855215,0.082262,-0.194659,-0.208660,0.958420,0,0.87582,-0.56000,52.549,-1.120,-1,375.000,450.000,200.000,825.000,225.000,175.000,50.000,550.000,950.000,0.000,-1,-1,600.000,325.000,975.000,400.000,2,1,0,0,0,1,1,0,0,1,0,2,2,1,0,1,0
114,8037.555,5908.837,391.455,-30.378,0.819402,0.492635,0.293072,-0.535382,0.840401,0.084217,-0.204810,-0.225913,0.952374,0,0.93407,-0.68000,56.044,-1.360,-1,275.000,350.000,175.000,675.000,200.000,150.000,-1,575.000,-1,0.000,-1,-1,425.000,275.000,775.000,325.000,2,1,0,0,0,1,1,2,0,2,0,2,2,1,0,1,0
115,8084.799,5879.378,384.941,-31.978,0.801173,0.514834,0.305068,-0.560120,0.824598,0.079399,-0.210682,-0.234487,0.949015,0,0.92767,-0.80000,55.660,-1.600,-1,225.000,275.000,150.000,575.000,175.000,125.000,-1,600.000,-1,0.000,-1,-1,325.000,250.000,625.000,275.000,2,1,0,0,0,1,1,2,0,2,0,2,2,1,0,1,0
116,8134.086,5846.949,381.167,-33.338,0.786076,0.534537,0.310411,-0.579006,0.812566,0.066997,-0.216417,-0.232394,0.948239,0,0.98306,-0.68000,58.984,-1.360,950.000,200.000,250.000,150.000,450.000,150.000,100.000,-1,600.000,-1,0.000,-1,-1,250.000,225.000,525.000,225.000,1,1,0,0,0,1,0,2,0,2,0,2,2,1,0,1,0
117,-983.840,-327.986,-258.109,-101.552,-0.206031,0.976245,0.067060,-0.975535,-0.199542,-0.092279,-0.076706,-0.084432,0.993472,1,0.00000,0.00000,58.321,-1.120,-1,225.000,675.000,225.000,700.000,150.000,175.000,-1,425.000,825.000,-1,-1,-1,425.000,350.000,-1,400.000,2,1,0,0,1,0,0,2,0,0,2,2,2,1,0,2,0
118,-984.780,-332.693,-258.415,-101.312,-0.202103,0.976942,0.068836,-0.976307,-0.195425,-0.092914,-0.077320,-0.085984,0.993292,0,0.08000,0.12000,4.800,0.240,-1,225.000,650.000,225.000,700.000,150.000,175.000,-1,425.000,825.000,-1,-1,-1,450.000,350.000,-1,400.000,2,1,0,0,1,0,0,2,0,0,2,2,2,1,0,2,0
119,-986.579,-342.122,-259.038,-100.832,-0.194253,0.978272,0.072458,-0.977798,-0.187181,-0.094201,-0.078592,-0.089149,0.992913,0,0.16000,0.24000,9.600,0.480,-1,225.000,650.000,225.000,675.000,125.000,175.000,-1,450.000,825.000,-1,-1,-1,450.000,350.000,-1,375.000,2,1,0,0,1,0,0,2,0,0,2,2,2,1,0,2,0
120,-989.100,-356.299,-260.003,-100.112,-0.182492,0.980104,0.078062,-0.979898,-0.174795,-0.096162,-0.080604,-0.094042,0.992300,0,0.24000,0.36000,14.400,0.720,-1,225.000,600.000,200.000,675.000,125.000,175.000,-1,450.000,825.000,-1,-1,-1,450.000,350.000,-1,375.000,2,1,0,0,1,0,0,2,0,1,2,2,2,1,0,2,0
121,-992.144,-375.256,-261.347,-99.152,-0.166847,0.982237,0.085861,-0.982442,-0.158243,-0.098826,-0.083483,-0.100842,0.991394,0,0.32000,0.48000,19.200,0.960,-1,225.000,550.000,200.000,650.000,125.000,150.000,-1,475.000,825.000,-1,-1,-1,475.000,325.000,-1,350.000,2,1,0,0,1,0,0,2,0,1,2,2,2,1,0,2,0
122,-995.531,-399.015,-262.987,-98.148,-0.150639,0.983991,0.095238,-0.984752,-0.140877,-0.102065,-0.087014,-0.109161,0.990208,0,0.40000,0.50219,24.000,1.004,-1,225.000,500.000,200.000,625.000,125.000,150.000,-1,475.000,800.000,-1,-1,-1,500.000,300.000,-1,300.000,2,1,0,0,1,1,0,2,0,1,2,2,2,1,0,2,0
123,-999.088,-427.594,-264.935,-97.130,-0.134449,0.985208,0.106243,-0.986710,-0.123233,-0.105911,-0.091252,-0.119071,0.988684,0,0.48000,0.50895,28.800,1.018,-1,225.000,450.000,175.000,600.000,125.000,150.000,-1,500.000,825.000,-1,-1,-1,500.000,300.000,-1,275.000,2,1,0,0,0,1,0,2,0,1,2,2,2,1,0,2,0
124,-1002.631,-461.006,-267.233,-96.092,-0.118259,0.985813,0.119115,-0.988300,-0.105215,-0.110426,-0.096327,-0.130780,0.986721,0,0.56000,0.51883,33.600,1.038,-1,225.000,400.000,175.000,550.000,125.000,125.000,-1,525.000,500.000,-1,-1,-1,500.000,275.000,-1,250.000,2,1,0,0,0,1,0,2,0,0,2,2,2,1,0,2,0
125,-1005.966,-499.259,-269.931,-95.028,-0.102073,0.985690,0.134149,-0.989493,-0.086723,-0.115682,-0.102393,-0.144547,0.984186,0,0.64000,0.53201,38.400,1.064,-1,225.000,325.000,150.000,500.000,100.000,125.000,-1,550.000,375.000,0.000,-1,-1,475.000,250.000,-1,200.000,2,1,0,0,0,1,0,2,0,0,0,2,2,1,0,2,0
126,-1639.795,5575.460,181.439,-26.210,0.888191,0.440629,-0.130245,-0.445735,0.895092,-0.011474,0.111525,0.068246,0.991415,1,0.00000,0.00000,43.200,1.097,-1,350.000,-1,400.000,-1,300.000,325.000,275.000,175.000,-1,-1,-1,175.000,700.000,850.000,-1,-1,2,0,2,0,2,0,0,0,1,2,2,2,1,0,0,2,2
127,-1635.497,5573.323,182.110,-26.450,0.886347,0.444348,-0.130168,-0.449531,0.893185,-0.011955,0.110952,0.069110,0.991420,0,0.08000,-0.12000,4.800,-0.240,-1,350.000,-1,400.000,-1,300.000,325.000,275.000,175.000,-1,-1,-1,175.000,700.000,850.000,-1,-1,2,0,2,0,2,0,0,0,1,2,2,2,1,0,0,2,2
128,-1626.937,5568.976,183.451,-26.930,0.882617,0.451760,-0.130000,-0.457095,0.889324,-0.012909,0.109781,0.070816,0.991430,0,0.16000,-0.24000,9.600,-0.480,-1,350.000,-1,400.000,-1,300.000,325.000,275.000,175.000,-1,-1,-1,200.000,700.000,850.000,-1,-1,2,0,2,0,2,0,0,0,1,2,2,2,1,0,0,2,2
129,-1614.181,5562.296,185.455,-27.650,0.876910,0.462816,-0.129735,-0.468370,0.883416,-0.014334,0.107976,0.073334,0.991445,0,0.24000,-0.36000,14.400,-0.720,-1,350.000,-1,400.000,-1,300.000,325.000,275.000,175.000,-1,-1,-1,200.000,700.000,850.000,-1,-1,2,0,2,0,2,0,0,0,1,2,2,2,1,0,0,2,2
130,-1597.289,5553.168,188.290,-28.392,0.870998,0.474148,-0.128633,-0.479849,0.877211,-0.015702,0.105393,0.075401,0.991568,0,0.32000,-0.37114,19.200,-0.742,-1,350.000,-1,400.000,-1,300.000,325.000,275.000,175.000,-1,-1,-1,200.000,700.000,825.000,-1,-1,2,0,2,0,2,0,0,0,1,2,2,2,1,0,0,2,2
131,-1576.325,5541.485,191.916,-29.132,0.865058,0.485380,-0.126808,-0.491162,0.870901,-0.017084,0.102145,0.077062,0.991780,0,0.40000,-0.37013,24.000,-0.740,-1,350.000,-1,400.000,-1,300.000,325.000,275.000,200.000,-1,-1,-1,200.000,700.000,825.000,-1,-1,2,0,2,0,2,0,0,0,1,2,2,2,1,0,0,2,2
132,-1551.350,5527.143,196.245,-29.870,0.859054,0.496492,-0.124587,-0.502331,0.864474,-0.018656,0.098440,0.078610,0.992033,0,0.48000,-0.36885,28.800,-0.738,-1,350.000,-1,400.000,-1,300.000,325.000,275.000,200.000,-1,-1,-1,225.000,700.000,825.000,-1,-1,2,0,2,0,2,0,0,0,1,2,2,2,1,0,0,2,2
133,-1522.430,5510.038,201.160,-30.604,0.852935,0.507459,-0.122425,-0.513381,0.857913,-0.020625,0.094564,0.080442,0.992263,0,0.56000,-0.36725,33.600,-0.734,-1,375.000,-1,400.000,-1,300.000,325.000,300.000,225.000,-1,-1,-1,225.000,700.000,825.000,-1,-1,2,0,2,0,2,0,0,0,1,2,2,2,1,0,0,2,2
134,-1489.631,5490.069,206.177,-31.335,0.846724,0.518304,-0.120080,-0.524235,0.851286,-0.022138,0.090748,0.081695,0.992517,0,0.64000,-0.36529,38.400,-0.731,-1,375.000,-1,400.000,-1,300.000,325.000,300.000,250.000,-1,-1,-1,225.000,700.000,800.000,-1,-1,2,0,2,0,2,0,0,0,1,2,2,2,1,0,0,2,2
