timestep,x_cm,y_cm,z_cm,yaw_deg,basis_xx,basis_xy,basis_xz,basis_yx,basis_yy,basis_yz,basis_zx,basis_zy,basis_zz,teleport_flag,throttle_cmd,steering_cmd,cmd_move_cm,cmd_turn_deg,lidar_cm_0,lidar_cm_1,lidar_cm_2,lidar_cm_3,lidar_cm_4,lidar_cm_5,lidar_cm_6,lidar_cm_7,lidar_cm_8,lidar_cm_9,lidar_cm_10,lidar_cm_11,lidar_cm_12,lidar_cm_13,lidar_cm_14,lidar_cm_15,lidar_cm_16,lidar_class_0,lidar_class_1,lidar_class_2,lidar_class_3,lidar_class_4,lidar_class_5,lidar_class_6,lidar_class_7,lidar_class_8,lidar_class_9,lidar_class_10,lidar_class_11,lidar_class_12,lidar_class_13,lidar_class_14,lidar_class_15,lidar_class_16
0,-4261.341,-979.635,-140.239,62.490,0.458452,-0.886291,-0.065648,0.885990,0.461580,-0.044330,0.069591,-0.037840,0.996858,1,0.08000,-0.09494,4.800,-0.190,-1,400.000,-1,400.000,-1,325.000,325.000,325.000,300.000,-1,725.000,700.000,-1,750.000,750.000,-1,-1,2,0,2,0,2,0,0,0,0,2,0,0,2,0,0,2,2
1,-4256.879,-971.135,-139.566,62.300,0.461388,-0.884765,-0.065657,0.884447,0.464520,-0.044442,0.069820,-0.037565,0.996852,0,0.16000,-0.09495,9.600,-0.190,-1,400.000,-1,400.000,-1,325.000,325.000,325.000,300.000,-1,750.000,725.000,-1,750.000,750.000,-1,-1,2,0,2,0,2,0,0,0,0,2,0,0,2,0,0,2,2
2,-4250.143,-958.408,-138.554,62.110,0.464319,-0.883230,-0.065668,0.882890,0.467457,-0.044605,0.070093,-0.037267,0.996844,0,0.24000,-0.09499,14.400,-0.190,-1,400.000,-1,400.000,-1,325.000,325.000,325.000,300.000,-1,750.000,725.000,-1,750.000,750.000,-1,-1,2,0,2,0,2,0,0,0,0,2,0,0,2,0,0,2,2
3,-4241.105,-941.468,-137.200,61.919,0.467246,-0.881685,-0.065675,0.881319,0.470391,-0.044823,0.070412,-0.036937,0.996834,0,0.32000,-0.09508,19.200,-0.190,-1,400.000,-1,400.000,-1,325.000,325.000,325.000,300.000,-1,775.000,725.000,-1,775.000,750.000,-1,-1,2,0,2,0,2,0,0,0,0,2,0,0,2,0,0,2,2
4,-4229.737,-920.330,-135.504,61.729,0.470173,-0.880128,-0.065671,0.879732,0.473326,-0.045100,0.070778,-0.036568,0.996822,0,0.40000,-0.09525,24.000,-0.190,-1,400.000,-1,400.000,-1,325.000,325.000,325.000,300.000,-1,775.000,750.000,-1,775.000,750.000,-1,-1,2,0,2,0,2,0,0,0,0,2,0,0,2,0,0,2,2
5,-4216.012,-895.011,-133.462,61.538,0.473102,-0.878558,-0.065649,0.878126,0.476266,-0.045443,0.071191,-0.036149,0.996807,0,0.48000,-0.09552,28.800,-0.191,-1,400.000,-1,400.000,-1,325.000,325.000,325.000,300.000,-1,800.000,775.000,-1,775.000,775.000,-1,-1,2,0,2,0,2,0,0,0,0,2,0,0,2,0,0,2,2
6,-4199.899,-865.526,-131.072,61.346,0.476041,-0.876973,-0.065599,0.876499,0.479214,-0.045859,0.071653,-0.035667,0.996792,0,0.56000,-0.09595,33.600,-0.192,-1,400.000,-1,400.000,-1,325.000,325.000,325.000,300.000,-1,825.000,800.000,-1,775.000,775.000,-1,-1,2,0,2,0,2,0,0,0,0,2,0,0,2,0,0,2,2
7,-4181.372,-831.891,-128.339,61.153,0.478995,-0.875369,-0.065517,0.874849,0.482176,-0.046309,0.072128,-0.035136,0.996776,0,0.64000,-0.09658,38.400,-0.193,-1,400.000,-1,400.000,-1,325.000,325.000,325.000,300.000,-1,850.000,825.000,-1,775.000,750.000,-1,-1,2,0,2,0,2,0,0,0,0,2,0,0,2,0,0,2,2
8,-4160.401,-794.123,-125.288,60.958,0.481990,-0.873738,-0.065324,0.873192,0.485160,-0.046433,0.072262,-0.034660,0.996783,0,0.72000,-0.09747,43.200,-0.195,-1,400.000,-1,400.000,-1,325.000,325.000,325.000,300.000,-1,900.000,850.000,-1,775.000,750.000,-1,-1,2,0,2,0,2,0,0,0,0,2,0,0,2,0,0,2,2
9,-4137.648,-753.478,-121.993,60.761,0.485020,-0.872078,-0.065084,0.871501,0.488175,-0.046584,0.072397,-0.034127,0.996792,0,0.77634,-0.09868,46.580,-0.197,-1,400.000,-1,400.000,-1,325.000,325.000,325.000,300.000,-1,925.000,900.000,-1,775.000,750.000,-1,-1,2,0,2,0,2,0,0,0,0,2,0,0,2,0,0,2,2
10,-4114.836,-713.060,-118.775,60.560,0.488090,-0.870373,-0.064953,0.869794,0.491228,-0.046409,0.072300,-0.033844,0.996809,0,0.77352,-0.10023,46.411,-0.200,-1,400.000,-1,400.000,-1,325.000,325.000,300.000,300.000,-1,1000.000,950.000,-1,750.000,750.000,-1,-1,2,0,2,0,2,0,0,0,0,2,0,0,2,0,0,2,2
11,-4091.959,-672.860,-115.571,60.356,0.491210,-0.868627,-0.064806,0.868046,0.494329,-0.046207,0.072172,-0.033557,0.996828,0,0.77090,-0.10202,46.254,-0.204,-1,400.000,-1,400.000,-1,325.000,325.000,300.000,300.000,-1,-1,1000.000,-1,750.000,750.000,-1,-1,2,0,2,0,2,0,0,0,0,2,2,0,2,0,0,2,2
12,-4069.007,-632.869,-112.356,60.148,0.494389,-0.866837,-0.064595,0.866245,0.497487,-0.046100,0.072097,-0.033164,0.996846,0,0.76849,-0.10404,46.110,-0.208,-1,400.000,-1,400.000,-1,325.000,325.000,300.000,300.000,-1,-1,-1,-1,750.000,750.000,-1,-1,2,0,2,0,2,0,0,0,0,2,2,2,2,0,0,2,2
13,-4043.691,-588.700,-108.788,60.180,0.493932,-0.867121,-0.064284,0.866521,0.497008,-0.046099,0.071923,-0.032933,0.996866,0,0.84849,0.01596,50.910,0.032,-1,400.000,-1,400.000,-1,325.000,325.000,300.000,300.000,-1,-1,-1,-1,750.000,750.000,-1,-1,2,0,2,0,2,0,0,0,0,2,2,2,2,0,0,2,2
14,-4017.458,-542.425,-104.979,60.452,0.489832,-0.869464,-0.064007,0.868884,0.492884,-0.045900,0.071456,-0.033131,0.996893,0,0.88656,0.13596,53.193,0.272,-1,400.000,-1,375.000,-1,325.000,325.000,325.000,300.000,-1,-1,-1,-1,750.000,725.000,-1,-1,2,0,2,0,2,0,0,0,0,2,2,2,2,0,0,2,2
15,-3991.676,-495.982,-101.162,60.964,0.482060,-0.873820,-0.063689,0.873268,0.485089,-0.045739,0.070863,-0.033568,0.996921,0,0.88533,0.25596,53.120,0.512,-1,375.000,-1,375.000,-1,325.000,325.000,325.000,300.000,-1,-1,-1,-1,750.000,725.000,-1,-1,2,0,2,0,2,0,0,0,0,2,2,2,2,0,0,2,2
16,-3966.525,-449.239,-97.230,61.716,0.470511,-0.880077,-0.063902,0.879572,0.473562,-0.045732,0.070510,-0.034689,0.996908,0,0.88466,0.37596,53.080,0.752,-1,375.000,-1,375.000,-1,325.000,300.000,325.000,300.000,-1,-1,-1,-1,750.000,725.000,-1,-1,2,0,2,0,2,0,0,0,0,2,2,2,2,0,0,2,2
17,-3942.191,-402.076,-93.301,62.708,0.455155,-0.888099,-0.064139,0.887652,0.458233,-0.045786,0.070053,-0.036094,0.996890,0,0.88451,0.49596,53.070,0.992,-1,375.000,-1,375.000,-1,325.000,300.000,325.000,300.000,-1,-1,-1,-1,750.000,725.000,-1,-1,2,0,2,0,2,0,0,0,0,2,2,2,2,0,0,2,2
18,-3918.869,-354.386,-89.392,63.940,0.435898,-0.897690,-0.064389,0.897312,0.439006,-0.045885,0.069458,-0.037776,0.996869,0,0.88480,0.61596,53.088,1.232,-1,375.000,-1,375.000,-1,300.000,300.000,325.000,300.000,-1,-1,-1,-1,750.000,725.000,-1,-1,2,0,2,0,2,0,0,0,0,2,2,2,2,0,0,2,2
19,-3896.763,-306.074,-85.514,65.411,0.412630,-0.908601,-0.064659,0.908305,0.415771,-0.046018,0.068695,-0.039742,0.996846,0,0.88549,0.73596,53.129,1.472,-1,375.000,-1,375.000,-1,300.000,300.000,325.000,300.000,-1,-1,-1,-1,775.000,725.000,-1,-1,2,0,2,0,2,0,0,0,0,2,2,2,2,0,0,2,2
20,-3876.086,-257.066,-81.737,67.123,0.385206,-0.920522,-0.065229,0.920329,0.388402,-0.046247,0.067906,-0.042218,0.996798,0,0.88652,0.85596,53.191,1.712,-1,400.000,-1,375.000,-1,300.000,300.000,325.000,325.000,-1,-1,-1,-1,775.000,725.000,-1,-1,2,0,2,0,2,0,0,0,0,2,2,2,2,0,0,2,2
21,-3857.063,-207.310,-78.069,69.075,0.353505,-0.933097,-0.066061,0.933028,0.356777,-0.046576,0.067029,-0.045171,0.996728,0,0.88782,0.97596,53.269,1.952,-1,400.000,-1,375.000,-1,325.000,300.000,325.000,325.000,-1,-1,-1,-1,775.000,725.000,-1,-1,2,0,2,0,2,0,0,0,0,2,2,2,2,0,0,2,2
22,-3839.758,-156.832,-74.473,71.075,0.320604,-0.944848,-0.066903,0.944909,0.323949,-0.046950,0.066034,-0.048165,0.996654,0,0.88937,1.00000,53.362,2.000,-1,400.000,-1,375.000,-1,325.000,300.000,325.000,325.000,-1,-1,-1,-1,800.000,725.000,-1,-1,2,0,2,0,2,0,0,0,0,2,2,2,2,0,0,2,2
23,-3823.315,-103.592,-70.790,72.835,0.291321,-0.954225,-0.067732,0.954402,0.294738,-0.047384,0.065178,-0.050839,0.996578,0,0.92869,0.88000,55.722,1.760,-1,400.000,-1,375.000,-1,325.000,300.000,325.000,325.000,-1,-1,-1,-1,800.000,750.000,-1,-1,2,0,2,0,2,0,0,0,0,2,2,2,2,0,0,2,2
24,-3808.269,-49.859,-67.280,74.355,0.265761,-0.961565,-0.069016,0.961868,0.269283,-0.047916,0.064659,-0.053650,0.996464,0,0.93000,0.76000,55.800,1.520,-1,400.000,-1,375.000,-1,325.000,325.000,325.000,325.000,-1,-1,-1,-1,825.000,750.000,-1,-1,2,0,2,0,2,0,0,0,0,2,2,2,2,0,0,2,2
25,-3794.410,4.261,-63.953,75.635,0.244075,-0.967178,-0.070670,0.967653,0.247695,-0.047898,0.063830,-0.056693,0.996349,0,0.93111,0.64000,55.867,1.280,-1,400.000,-1,375.000,-1,325.000,325.000,325.000,325.000,-1,-1,-1,-1,825.000,750.000,-1,-1,2,0,2,0,2,0,0,0,0,2,2,2,2,0,0,2,2
26,-3781.276,59.723,-60.546,76.675,0.226348,-0.971349,-0.072439,0.972006,0.230060,-0.047718,0.063016,-0.059610,0.996231,0,0.94995,0.52000,56.997,1.040,-1,400.000,-1,400.000,-1,325.000,325.000,325.000,325.000,-1,-1,-1,-1,850.000,750.000,-1,-1,2,0,2,0,2,0,0,0,0,2,2,2,2,0,0,2,2
27,-3768.926,115.327,-57.225,77.475,0.212713,-0.974327,-0.073761,0.975170,0.216444,-0.046850,0.061613,-0.061964,0.996175,0,0.94931,0.40000,56.959,0.800,-1,400.000,-1,375.000,-1,325.000,325.000,325.000,325.000,-1,-1,-1,-1,850.000,750.000,-1,-1,2,0,2,0,2,0,0,0,0,2,2,2,2,0,0,2,2
28,-3757.129,171.001,-53.938,78.035,0.203148,-0.976276,-0.074945,0.977286,0.206886,-0.045949,0.060364,-0.063909,0.996128,0,0.94851,0.28000,56.910,0.560,-1,400.000,-1,375.000,-1,325.000,325.000,300.000,325.000,-1,-1,-1,-1,850.000,750.000,-1,-1,2,0,2,0,2,0,0,0,0,2,2,2,2,0,0,2,2
29,-3745.655,226.683,-50.642,78.355,0.197666,-0.977311,-0.076099,0.978470,0.201409,-0.045057,0.059362,-0.065555,0.996082,0,0.94755,0.16000,56.853,0.320,-1,400.000,-1,375.000,-1,325.000,325.000,300.000,325.000,-1,-1,-1,-1,850.000,750.000,-1,-1,2,0,2,0,2,0,0,0,0,2,2,2,2,0,0,2,2
30,-3734.447,282.354,-47.337,78.616,0.193195,-0.978117,-0.077222,0.979419,0.196941,-0.044180,0.058421,-0.067098,0.996035,0,0.94646,0.13031,56.788,0.261,-1,400.000,-1,375.000,-1,325.000,325.000,300.000,325.000,-1,-1,-1,-1,850.000,750.000,-1,-1,2,0,2,0,2,0,0,0,0,2,2,2,2,0,0,2,2
31,-3723.502,338.014,-44.024,78.874,0.188775,-0.978892,-0.078317,0.980337,0.192519,-0.043318,0.057481,-0.068600,0.995987,0,0.94543,0.12886,56.726,0.258,-1,400.000,-1,375.000,-1,325.000,300.000,325.000,325.000,-1,-1,-1,-1,825.000,750.000,-1,-1,2,0,2,0,2,0,0,0,0,2,2,2,2,0,0,2,2
32,-3712.814,393.667,-40.703,79.128,0.184413,-0.979638,-0.079385,0.981221,0.188152,-0.042470,0.056541,-0.070062,0.995939,0,0.94451,0.12718,56.671,0.254,-1,400.000,-1,375.000,-1,325.000,300.000,325.000,325.000,-1,-1,-1,-1,825.000,750.000,-1,-1,2,0,2,0,2,0,0,0,0,2,2,2,2,0,0,2,2
33,-3702.379,449.320,-37.376,79.379,0.180117,-0.980352,-0.080427,0.982072,0.183848,-0.041634,0.055603,-0.071486,0.995891,0,0.94372,0.12527,56.623,0.251,-1,400.000,-1,375.000,-1,325.000,325.000,325.000,325.000,-1,-1,-1,-1,825.000,750.000,-1,-1,2,0,2,0,2,0,0,0,0,2,2,2,2,0,0,2,2
34,-3691.488,508.279,-33.833,79.533,0.177467,-0.980748,-0.081485,0.982603,0.181189,-0.040764,0.054743,-0.072833,0.995841,0,0.99927,0.07716,59.956,0.154,-1,400.000,-1,375.000,-1,325.000,325.000,325.000,325.000,-1,-1,-1,-1,825.000,750.000,-1,-1,2,0,2,0,2,0,0,0,0,2,2,2,2,1,0,2,2
35,-3680.750,567.310,-30.270,79.689,0.174780,-0.981144,-0.082510,0.983132,0.178491,-0.039908,0.053883,-0.074143,0.995791,0,1.00000,0.07831,60.000,0.157,-1,400.000,-1,400.000,-1,325.000,325.000,325.000,325.000,-1,-1,-1,-1,800.000,750.000,-1,-1,2,0,2,0,2,0,0,0,0,2,2,2,2,1,0,2,2
36,-3670.792,621.604,-27.062,79.606,0.176160,-0.980784,-0.083849,0.982899,0.179900,-0.039308,0.053637,-0.075491,0.995703,0,0.92000,-0.04169,55.200,-0.083,-1,400.000,-1,400.000,-1,325.000,325.000,325.000,325.000,-1,-1,-1,-1,750.000,750.000,975.000,-1,2,0,2,0,2,0,0,0,0,2,2,2,2,1,0,1,2
37,-3661.421,671.125,-24.286,79.283,0.181611,-0.979622,-0.085776,0.981906,0.185408,-0.038536,0.053654,-0.077225,0.995569,0,0.84000,-0.16169,50.400,-0.323,975.000,400.000,-1,400.000,-1,325.000,325.000,325.000,325.000,-1,-1,-1,-1,725.000,775.000,925.000,-1,1,0,2,0,2,0,0,0,0,2,2,2,2,1,0,1,2
38,-3652.501,715.845,-21.826,78.719,0.191156,-0.977681,-0.087171,0.980060,0.195017,-0.038089,0.054238,-0.078152,0.995465,0,0.76000,-0.28169,45.600,-0.563,925.000,400.000,-1,400.000,-1,325.000,325.000,325.000,325.000,-1,-1,-1,-1,700.000,750.000,850.000,-1,1,0,2,0,2,0,0,0,0,2,2,2,2,1,1,1,2
39,-3643.959,755.741,-19.765,77.916,0.204835,-0.974866,-0.087623,0.977258,0.208710,-0.037516,0.054861,-0.077946,0.995447,0,0.68000,-0.40169,40.800,-0.803,850.000,400.000,-1,400.000,-1,325.000,325.000,325.000,325.000,-1,-1,-1,-1,675.000,750.000,825.000,-1,1,0,2,0,2,0,0,0,0,2,2,2,2,1,1,1,2
40,-3635.906,790.829,-17.891,77.075,0.219115,-0.971721,-0.088013,0.974114,0.223007,-0.037016,0.055596,-0.077624,0.995431,0,0.60000,-0.42065,36.000,-0.841,825.000,400.000,-1,400.000,-1,325.000,325.000,325.000,325.000,-1,-1,-1,-1,650.000,725.000,775.000,-1,1,0,2,0,2,0,0,0,0,2,2,2,2,1,1,1,2
41,-3628.484,821.134,-16.221,76.239,0.233256,-0.968394,-0.088342,0.970779,0.237168,-0.036588,0.056383,-0.077227,0.995418,0,0.52000,-0.41799,31.200,-0.836,775.000,400.000,-1,400.000,-1,325.000,325.000,325.000,325.000,-1,-1,-1,-1,625.000,725.000,725.000,-1,1,0,2,0,2,0,0,0,0,2,2,2,2,1,1,1,2
42,-3621.832,846.683,-14.769,75.408,0.247256,-0.964890,-0.088614,0.967259,0.251191,-0.036230,0.057217,-0.076755,0.995407,0,0.44000,-0.41531,26.400,-0.831,725.000,400.000,-1,400.000,-1,325.000,325.000,325.000,325.000,-1,-1,-1,-1,600.000,725.000,700.000,-1,1,0,2,0,2,0,0,0,0,2,2,2,2,1,1,1,2
43,-3616.089,867.506,-13.548,74.583,0.261116,-0.961211,-0.088834,0.963558,0.265075,-0.035939,0.058093,-0.076213,0.995398,0,0.36000,-0.41268,21.600,-0.825,700.000,400.000,-1,400.000,-1,325.000,325.000,325.000,325.000,-1,-1,-1,-1,600.000,725.000,675.000,-1,1,0,2,0,2,0,0,0,0,2,2,2,2,1,1,1,2
44,-3611.391,883.636,-12.573,73.762,0.274836,-0.957363,-0.089007,0.959679,0.278821,-0.035714,0.059009,-0.075603,0.995390,0,0.28000,-0.41013,16.800,-0.820,675.000,400.000,-1,400.000,-1,325.000,325.000,325.000,325.000,-1,-1,-1,-1,575.000,725.000,650.000,-1,1,0,2,0,2,0,0,0,0,2,2,2,2,1,1,1,2
45,-3607.871,895.109,-11.854,72.947,0.288420,-0.953346,-0.089139,0.955625,0.292433,-0.035551,0.059959,-0.074930,0.995385,0,0.20000,-0.40774,12.000,-0.815,675.000,400.000,-1,400.000,-1,325.000,325.000,325.000,325.000,-1,-1,-1,-1,575.000,725.000,650.000,-1,1,0,2,0,2,0,0,0,0,2,2,2,2,1,1,1,2
46,-3605.661,901.962,-11.405,72.136,0.301872,-0.949163,-0.089236,0.951399,0.305916,-0.035445,0.060942,-0.074199,0.995380,0,0.12000,-0.40554,7.200,-0.811,650.000,400.000,-1,400.000,-1,325.000,325.000,325.000,325.000,-1,-1,-1,-1,575.000,725.000,625.000,-1,1,0,2,0,2,0,0,0,0,2,2,2,2,1,1,1,2
47,-3604.892,904.236,-11.235,71.329,0.315201,-0.944814,-0.089304,0.947001,0.319276,-0.035393,0.061952,-0.073415,0.995375,0,0.04000,-0.40360,2.400,-0.807,650.000,400.000,-1,400.000,-1,325.000,325.000,325.000,325.000,-1,-1,-1,-1,575.000,725.000,625.000,-1,1,0,2,0,2,0,0,0,0,2,2,2,2,1,1,1,2
48,-3605.691,901.973,-11.355,70.525,0.328412,-0.940299,-0.089351,0.942432,0.332520,-0.035387,0.062986,-0.072586,0.995371,0,-0.04000,-0.40194,-2.400,-0.804,650.000,400.000,-1,400.000,-1,325.000,325.000,325.000,325.000,-1,-1,-1,-1,575.000,725.000,625.000,-1,1,0,2,0,2,0,0,0,0,2,2,2,2,1,1,1,2
49,-3608.185,895.220,-11.773,69.724,0.341516,-0.935616,-0.089384,0.937692,0.345657,-0.035422,0.064038,-0.071718,0.995367,0,-0.12000,-0.40060,-7.200,-0.801,650.000,400.000,-1,400.000,-1,325.000,325.000,325.000,325.000,-1,-1,-1,-1,575.000,725.000,625.000,-1,1,0,2,0,2,0,0,0,0,2,2,2,2,1,1,1,2
50,-3612.499,884.022,-12.496,68.924,0.354521,-0.930763,-0.089412,0.932779,0.358698,-0.035488,0.065103,-0.070820,0.995362,0,-0.20000,-0.39961,-12.000,-0.799,650.000,400.000,-1,400.000,-1,325.000,325.000,325.000,325.000,-1,-1,-1,-1,575.000,750.000,650.000,-1,1,0,2,0,2,0,0,0,0,2,2,2,2,1,0,1,2
51,-3618.757,868.432,-13.531,68.126,0.367437,-0.925738,-0.089442,0.927691,0.371650,-0.035576,0.066175,-0.069903,0.995356,0,-0.28000,-0.39900,-16.800,-0.798,675.000,400.000,-1,400.000,-1,325.000,325.000,325.000,325.000,-1,-1,-1,-1,600.000,750.000,650.000,-1,1,0,2,0,2,0,0,0,0,2,2,2,2,1,0,1,2
52,-3627.082,848.501,-14.882,67.329,0.380276,-0.920534,-0.089484,0.922425,0.384525,-0.035673,0.067247,-0.068977,0.995349,0,-0.36000,-0.39878,-21.600,-0.798,675.000,400.000,-1,400.000,-1,325.000,325.000,325.000,325.000,-1,-1,-1,-1,600.000,750.000,675.000,-1,1,0,2,0,2,0,0,0,0,2,2,2,2,1,0,1,2
53,-3637.595,824.285,-16.552,66.531,0.393046,-0.915148,-0.089548,0.916978,0.397331,-0.035765,0.068311,-0.068056,0.995340,0,-0.44000,-0.39894,-26.400,-0.798,700.000,400.000,-1,400.000,-1,325.000,325.000,325.000,325.000,-1,-1,-1,-1,625.000,750.000,700.000,-1,1,0,2,0,2,0,0,0,0,2,2,2,2,1,0,1,2
54,-3648.898,799.211,-18.304,65.732,0.405758,-0.909574,-0.089639,0.911346,0.410079,-0.035824,0.069344,-0.067156,0.995330,0,-0.45841,-0.39950,-27.505,-0.799,725.000,400.000,-1,400.000,-1,325.000,325.000,325.000,325.000,-1,-1,-1,-1,650.000,750.000,725.000,-1,1,0,2,0,2,0,0,0,0,2,2,2,2,1,0,1,2
55,-3660.635,774.116,-20.162,64.932,0.418456,-0.903829,-0.089375,0.905528,0.422778,-0.035750,0.070098,-0.065972,0.995356,0,-0.46173,-0.40018,-27.704,-0.800,750.000,400.000,-1,400.000,-1,325.000,325.000,325.000,325.000,-1,-1,-1,-1,650.000,750.000,750.000,-1,1,0,2,0,2,0,0,0,0,2,2,2,2,1,0,1,2
56,-3672.809,749.010,-22.091,64.130,0.431121,-0.897903,-0.088912,0.899522,0.435423,-0.035595,0.070675,-0.064633,0.995403,0,-0.46505,-0.40091,-27.903,-0.802,775.000,400.000,-1,400.000,-1,325.000,325.000,325.000,325.000,-1,-1,-1,-1,675.000,750.000,775.000,-1,1,0,2,0,2,0,0,0,0,2,2,2,2,1,0,1,2
57,-3685.423,723.899,-24.056,63.326,0.443727,-0.891787,-0.088439,0.893325,0.448009,-0.035463,0.071248,-0.063269,0.995450,0,-0.46836,-0.40170,-28.102,-0.803,800.000,400.000,-1,400.000,-1,325.000,325.000,325.000,325.000,-1,-1,-1,-1,675.000,750.000,800.000,-1,1,0,2,0,2,0,0,0,0,2,2,2,2,1,0,1,2
58,-3698.480,698.791,-26.222,62.521,0.456269,-0.885515,-0.087645,0.886900,0.460552,-0.036063,0.072300,-0.061278,0.995499,0,-0.47167,-0.40253,-28.300,-0.805,825.000,400.000,-1,400.000,-1,325.000,325.000,325.000,325.000,-1,-1,-1,-1,700.000,750.000,825.000,-1,1,0,2,0,2,0,0,0,0,2,2,2,2,1,0,1,2
59,-3711.983,673.695,-28.409,61.714,0.468751,-0.879046,-0.086891,0.880283,0.473032,-0.036635,0.073306,-0.059316,0.995544,0,-0.47498,-0.40342,-28.499,-0.807,850.000,400.000,-1,400.000,-1,325.000,325.000,325.000,325.000,-1,-1,-1,-1,725.000,750.000,850.000,-1,1,0,2,0,2,0,0,0,0,2,2,2,2,1,0,1,2
60,-3723.418,652.937,-30.225,61.148,0.477472,-0.874398,-0.086300,0.875526,0.481747,-0.037076,0.073994,-0.057855,0.995579,0,-0.39498,-0.28342,-23.699,-0.567,875.000,400.000,-1,400.000,-1,325.000,325.000,325.000,325.000,-1,-1,-1,-1,725.000,750.000,875.000,-1,1,0,2,0,2,0,0,0,0,2,2,2,2,1,0,1,2
61,-3732.632,636.437,-31.669,60.821,0.482488,-0.871685,-0.085852,0.872738,0.486754,-0.037400,0.074390,-0.056882,0.995606,0,-0.31498,-0.16342,-18.899,-0.327,875.000,400.000,-1,400.000,-1,325.000,325.000,325.000,325.000,-1,-1,-1,-1,750.000,750.000,900.000,-1,1,0,2,0,2,0,0,0,0,2,2,2,2,1,0,1,2
62,-3739.524,624.137,-32.741,60.734,0.483832,-0.870971,-0.085532,0.871983,0.488089,-0.037617,0.074510,-0.056382,0.995625,0,-0.23498,-0.04342,-14.099,-0.087,900.000,400.000,-1,400.000,-1,325.000,325.000,325.000,325.000,-1,-1,-1,-1,750.000,750.000,925.000,-1,1,0,2,0,2,0,0,0,0,2,2,2,2,1,0,1,2
63,-3744.048,616.013,-33.441,60.887,0.481514,-0.872274,-0.085331,0.873278,0.485760,-0.037734,0.074364,-0.056348,0.995638,0,-0.15498,0.07658,-9.299,0.153,900.000,400.000,-1,400.000,-1,325.000,325.000,325.000,325.000,-1,-1,-1,-1,750.000,750.000,925.000,-1,1,0,2,0,2,0,0,0,0,2,2,2,2,1,0,1,2
64,-3746.210,612.068,-33.774,61.280,0.475518,-0.875566,-0.085248,0.876592,0.479751,-0.037755,0.073955,-0.056775,0.995644,0,-0.07498,0.19658,-4.499,0.393,900.000,400.000,-1,400.000,-1,325.000,325.000,325.000,325.000,-1,-1,-1,-1,750.000,750.000,925.000,-1,1,0,2,0,2,0,0,0,0,2,2,2,2,1,0,1,2
65,-3746.069,612.334,-33.743,61.913,0.465802,-0.880769,-0.085290,0.881850,0.470022,-0.037682,0.073277,-0.057661,0.995643,0,0.00502,0.31658,0.301,0.633,925.000,400.000,-1,400.000,-1,325.000,325.000,325.000,325.000,-1,-1,-1,-1,750.000,750.000,925.000,-1,1,0,2,0,2,0,0,0,0,2,2,2,2,1,0,1,2
66,-3743.737,616.871,-33.356,62.787,0.452303,-0.887759,-0.085468,0.888927,0.456510,-0.037511,0.072318,-0.059009,0.995635,0,0.08502,0.43658,5.101,0.873,900.000,400.000,-1,400.000,-1,325.000,325.000,325.000,325.000,-1,-1,-1,-1,750.000,750.000,925.000,-1,1,0,2,0,2,0,0,0,0,2,2,2,2,1,0,1,2
67,-3739.383,625.762,-32.620,63.900,0.434939,-0.896363,-0.085801,0.897652,0.439129,-0.037239,0.071057,-0.060823,0.995616,0,0.16502,0.55658,9.901,1.113,900.000,400.000,-1,400.000,-1,325.000,325.000,325.000,325.000,-1,-1,-1,-1,750.000,750.000,900.000,-1,1,0,2,0,2,0,0,0,0,2,2,2,2,1,0,1,2
68,-3733.198,639.099,-31.547,65.115,0.415792,-0.905356,-0.086302,0.906791,0.419965,-0.036873,0.069627,-0.062926,0.995586,0,0.24502,0.60761,14.701,1.215,900.000,400.000,-1,400.000,-1,325.000,325.000,325.000,325.000,-1,-1,-1,-1,725.000,750.000,900.000,-1,1,0,2,0,2,0,0,0,0,2,2,2,2,1,0,1,2
69,-3725.371,656.960,-30.147,66.329,0.396472,-0.913917,-0.086979,0.915516,0.400631,-0.036416,0.068128,-0.065192,0.995544,0,0.32502,0.60701,19.501,1.214,875.000,400.000,-1,400.000,-1,325.000,325.000,325.000,325.000,-1,-1,-1,-1,725.000,750.000,875.000,-1,1,0,2,0,2,0,0,0,0,2,2,2,2,1,0,1,2
70,-3716.090,679.418,-28.428,67.542,0.376983,-0.922045,-0.087850,0.923826,0.381128,-0.035861,0.066548,-0.067639,0.995488,0,0.40502,0.60661,24.301,1.213,850.000,400.000,-1,400.000,-1,325.000,325.000,325.000,325.000,-1,-1,-1,-1,700.000,750.000,850.000,-1,1,0,2,0,2,0,0,0,0,2,2,2,2,1,0,1,2
71,-3705.547,706.542,-26.470,68.755,0.357327,-0.929752,-0.088763,0.931709,0.361468,-0.035492,0.065083,-0.070019,0.995420,0,0.48502,0.60639,29.101,1.213,850.000,400.000,-1,400.000,-1,325.000,325.000,325.000,325.000,-1,-1,-1,-1,700.000,750.000,825.000,-1,1,0,2,0,2,0,0,0,0,2,2,2,2,1,0,1,2
72,-3693.936,738.392,-24.337,69.968,0.337507,-0.937051,-0.089581,0.939153,0.341659,-0.035514,0.063885,-0.072144,0.995346,0,0.56502,0.60632,33.901,1.213,800.000,400.000,-1,400.000,-1,325.000,325.000,325.000,325.000,-1,-1,-1,-1,675.000,750.000,800.000,-1,1,0,2,0,2,0,0,0,0,2,2,2,2,1,0,1,2
73,-3681.453,775.024,-22.058,71.180,0.317571,-0.943947,-0.090074,0.946174,0.321707,-0.035489,0.062477,-0.073955,0.995303,0,0.64502,0.60638,38.701,1.213,775.000,400.000,-1,400.000,-1,325.000,325.000,325.000,325.000,-1,-1,-1,-1,650.000,750.000,750.000,-1,1,0,2,0,2,0,0,0,0,2,2,2,2,1,0,1,2
74,-3668.297,816.487,-19.647,72.393,0.297547,-0.950440,-0.090163,0.952780,0.301617,-0.035187,0.060638,-0.075435,0.995305,0,0.72502,0.60655,43.501,1.213,750.000,400.000,-1,400.000,-1,325.000,325.000,325.000,325.000,-1,-1,-1,-1,625.000,750.000,725.000,-1,1,0,2,0,2,0,0,0,0,2,2,2,2,1,1,1,2
75,-3655.468,860.102,-17.166,73.607,0.277387,-0.956503,-0.090329,0.958964,0.281386,-0.034787,0.058691,-0.076972,0.995304,0,0.75772,0.60680,45.463,1.214,700.000,400.000,-1,400.000,-1,325.000,325.000,325.000,325.000,-1,-1,-1,-1,600.000,725.000,675.000,-1,1,0,2,0,2,0,0,0,0,2,2,2,2,1,1,1,2
76,-3643.473,904.322,-14.708,74.821,0.257104,-0.962131,-0.090566,0.964722,0.261026,-0.034305,0.056646,-0.078551,0.995299,0,0.76365,0.60699,45.819,1.214,650.000,400.000,-1,400.000,-1,325.000,325.000,325.000,325.000,-1,-1,-1,-1,575.000,700.000,625.000,-1,1,0,2,0,2,0,0,0,0,2,2,2,2,1,1,1,2
77,-3632.330,949.137,-12.278,76.035,0.236713,-0.967320,-0.090876,0.970050,0.240551,-0.033746,0.054504,-0.080166,0.995290,0,0.76967,0.60702,46.180,1.214,625.000,400.000,-1,400.000,-1,325.000,325.000,325.000,325.000,-1,-1,-1,-1,525.000,675.000,600.000,-1,1,1,2,0,2,0,0,0,0,2,2,2,2,1,1,1,2
78,-3621.289,998.906,-9.669,77.489,0.212161,-0.972960,-0.091300,0.975857,0.215894,-0.033050,0.051867,-0.082084,0.995275,0,0.84967,0.72702,50.980,1.454,575.000,375.000,-1,400.000,-1,325.000,325.000,325.000,325.000,-1,-1,-1,-1,500.000,650.000,550.000,-1,1,1,2,0,2,0,0,0,0,2,2,2,2,1,1,1,2
79,-3610.824,1053.694,-6.917,79.183,0.183400,-0.978736,-0.091868,0.981832,0.187002,-0.032194,0.048689,-0.084295,0.995251,0,0.92967,0.84702,55.780,1.694,525.000,350.000,-1,375.000,-1,325.000,325.000,325.000,300.000,-1,-1,-1,-1,475.000,600.000,500.000,-1,1,1,2,1,2,1,1,0,0,2,2,2,2,1,1,1,2
80,-3601.338,1112.938,-4.068,80.901,0.154100,-0.983706,-0.092604,0.987018,0.157553,-0.031175,0.045257,-0.086598,0.995215,0,1.00000,0.85872,60.000,1.717,475.000,325.000,850.000,350.000,-1,300.000,300.000,325.000,300.000,-1,-1,-1,-1,425.000,575.000,450.000,-1,1,1,1,1,2,1,1,0,0,2,2,2,2,1,1,1,2
81,-3593.629,1172.439,-1.342,82.615,0.124735,-0.987779,-0.093457,0.991315,0.128027,-0.030070,0.041668,-0.088895,0.995169,0,1.00000,0.85721,60.000,1.714,425.000,300.000,750.000,325.000,-1,250.000,275.000,325.000,300.000,-1,-1,-1,-1,400.000,525.000,375.000,-1,1,1,1,1,2,1,1,0,0,2,2,2,2,1,1,1,2
82,-3587.700,1232.144,1.251,84.326,0.095349,-0.990956,-0.094422,0.994721,0.098464,-0.028892,0.037928,-0.091169,0.995113,0,1.00000,0.85526,60.000,1.711,350.000,275.000,650.000,300.000,-1,225.000,250.000,325.000,300.000,-1,-1,-1,-1,350.000,475.000,325.000,1000.000,1,1,1,1,2,1,1,0,0,2,2,2,2,1,1,1,1
83,-3583.551,1291.999,3.686,86.031,0.065978,-0.993233,-0.095573,0.997238,0.068910,-0.027707,0.034105,-0.093481,0.995037,0,1.00000,0.85283,60.000,1.706,300.000,250.000,550.000,275.000,-1,200.000,225.000,325.000,300.000,-1,-1,-1,-1,325.000,425.000,275.000,850.000,1,1,1,1,2,1,1,0,0,2,2,2,2,1,1,1,1
84,-3581.166,1351.951,10.134,87.731,0.035628,-0.995468,-0.088166,0.998342,0.039443,-0.041922,0.045210,-0.086526,0.995223,0,1.00000,0.84988,60.000,1.700,300.000,225.000,550.000,275.000,-1,200.000,225.000,350.000,300.000,-1,-1,-1,-1,325.000,425.000,275.000,800.000,1,1,1,1,2,1,1,0,0,2,2,2,2,1,1,1,1
85,-3580.557,1411.949,18.447,89.424,0.004699,-0.996376,-0.084928,0.998003,0.010023,-0.062367,0.062992,-0.084465,0.994433,0,1.00000,0.84636,60.000,1.693,325.000,250.000,550.000,275.000,-1,200.000,225.000,375.000,325.000,-1,300.000,300.000,-1,325.000,425.000,300.000,825.000,1,1,1,1,2,1,1,0,0,2,0,0,2,1,1,1,1
86,-3581.712,1471.940,26.730,91.108,-0.026018,-0.996367,-0.081088,0.996372,-0.019272,-0.082898,0.081034,-0.082951,0.993254,0,1.00000,0.84221,60.000,1.684,350.000,250.000,-1,275.000,-1,200.000,225.000,400.000,350.000,-1,150.000,150.000,-1,350.000,450.000,325.000,875.000,1,1,2,1,2,1,1,0,0,2,0,0,2,1,1,1,1
87,2951.688,5575.417,157.986,-167.819,-0.974707,0.210973,-0.073731,-0.208966,-0.977330,-0.034036,-0.079240,-0.017768,0.996697,1,0.00000,0.00000,60.000,1.675,750.000,350.000,-1,400.000,-1,300.000,325.000,325.000,325.000,-1,-1,925.000,-1,600.000,825.000,825.000,-1,0,0,2,0,2,0,0,0,0,2,2,0,2,0,0,0,2
88,2947.001,5574.384,157.622,-167.579,-0.973812,0.215067,-0.073732,-0.213097,-0.976449,-0.033714,-0.079246,-0.017119,0.996708,0,0.08000,0.12000,4.800,0.240,750.000,350.000,-1,400.000,-1,300.000,325.000,325.000,325.000,-1,-1,875.000,-1,600.000,825.000,800.000,-1,0,0,2,0,2,0,0,0,0,2,2,0,2,0,0,0,2
89,2937.643,5572.242,156.894,-167.099,-0.971970,0.223244,-0.073726,-0.221347,-0.974634,-0.033074,-0.079239,-0.015828,0.996730,0,0.16000,0.24000,9.600,0.480,750.000,350.000,-1,400.000,-1,300.000,325.000,325.000,325.000,-1,-1,825.000,-1,600.000,825.000,800.000,-1,0,0,2,0,2,0,0,0,0,2,2,0,2,0,0,0,2
90,2923.637,5568.895,155.798,-166.560,-0.969825,0.232401,-0.073687,-0.230607,-0.972517,-0.032108,-0.079123,-0.014146,0.996764,0,0.24000,0.26926,14.400,0.539,750.000,350.000,-1,400.000,-1,300.000,325.000,325.000,325.000,-1,-1,750.000,-1,600.000,825.000,800.000,-1,0,0,2,0,2,0,0,0,0,2,2,0,2,0,0,0,2
91,2905.006,5564.258,154.337,-166.022,-0.967596,0.241538,-0.073599,-0.239873,-0.970315,-0.030809,-0.078855,-0.012157,0.996812,0,0.32000,0.26928,19.200,0.539,750.000,350.000,-1,400.000,-1,300.000,325.000,325.000,325.000,-1,-1,675.000,-1,600.000,800.000,800.000,-1,0,0,2,0,2,0,0,0,0,2,2,0,2,0,0,0,2
92,2881.772,5558.243,152.522,-165.483,-0.965286,0.250656,-0.073448,-0.249148,-0.968026,-0.029176,-0.078413,-0.009864,0.996872,0,0.40000,0.26934,24.000,0.539,750.000,350.000,-1,400.000,-1,300.000,325.000,325.000,325.000,-1,-1,600.000,-1,575.000,800.000,800.000,-1,0,0,2,0,2,0,0,0,0,2,2,0,2,0,0,0,2
93,2853.961,5550.762,150.364,-164.944,-0.962895,0.259755,-0.073219,-0.258429,-0.965647,-0.027203,-0.077770,-0.007272,0.996945,0,0.48000,0.26942,28.800,0.539,750.000,350.000,-1,400.000,-1,300.000,325.000,325.000,325.000,-1,-1,525.000,-1,575.000,800.000,800.000,-1,0,0,2,0,2,0,0,0,0,2,2,0,2,0,0,0,2
94,2821.597,5541.730,147.882,-164.405,-0.960425,0.268831,-0.072896,-0.267713,-0.963178,-0.024881,-0.076901,-0.004381,0.997029,0,0.56000,0.26946,33.600,0.539,775.000,350.000,-1,400.000,-1,300.000,325.000,325.000,325.000,-1,975.000,475.000,-1,575.000,775.000,800.000,-1,0,0,2,0,2,0,0,0,0,2,0,0,2,0,0,0,2
95,2784.710,5531.060,145.095,-163.866,-0.957879,0.277880,-0.072460,-0.276994,-0.960615,-0.022199,-0.075775,-0.001193,0.997124,0,0.64000,0.26943,38.400,0.539,775.000,350.000,-1,400.000,-1,300.000,300.000,325.000,325.000,-1,875.000,475.000,-1,575.000,775.000,800.000,-1,0,0,2,0,2,0,0,0,0,2,0,0,2,0,0,0,2
96,2743.326,5518.667,142.029,-163.328,-0.955261,0.286896,-0.071889,-0.286266,-0.957959,-0.019143,-0.074359,0.002293,0.997229,0,0.72000,0.26927,43.200,0.539,775.000,350.000,-1,400.000,-1,300.000,300.000,325.000,325.000,-1,800.000,450.000,-1,575.000,775.000,800.000,-1,0,0,2,0,2,0,0,0,0,2,0,0,2,0,0,0,2
97,2697.475,5504.465,138.616,-162.790,-0.952586,0.295871,-0.070993,-0.295547,-0.955206,-0.015266,-0.072330,0.006440,0.997360,0,0.80000,0.26895,48.000,0.538,800.000,350.000,-1,400.000,-1,300.000,300.000,325.000,325.000,-1,700.000,425.000,-1,575.000,750.000,800.000,-1,0,0,2,0,2,0,0,0,0,2,0,0,2,0,1,0,2
98,2647.188,5488.372,134.927,-162.253,-0.949890,0.304795,-0.069349,-0.304814,-0.952353,-0.010564,-0.069265,0.011104,0.997537,0,0.88000,0.26840,52.800,0.537,850.000,350.000,1000.000,400.000,-1,300.000,300.000,325.000,325.000,-1,600.000,350.000,-1,575.000,750.000,825.000,-1,0,0,1,0,2,0,0,0,0,2,0,0,2,0,1,0,2
99,2592.497,5470.303,131.108,-161.718,-0.947150,0.313656,-0.067283,-0.314010,-0.949404,-0.005518,-0.065609,0.015901,0.997719,0,0.96000,0.26757,57.600,0.535,900.000,350.000,950.000,400.000,-1,300.000,300.000,325.000,325.000,-1,525.000,300.000,-1,575.000,725.000,875.000,-1,0,0,1,0,2,0,0,0,0,2,0,0,2,0,1,0,2
100,2535.724,5450.959,127.317,-161.185,-0.944347,0.322441,-0.065112,-0.323117,-0.946359,-0.000165,-0.061673,0.020883,0.997878,0,0.99964,0.26641,59.978,0.533,975.000,350.000,900.000,400.000,-1,300.000,300.000,325.000,325.000,-1,475.000,250.000,-1,575.000,675.000,925.000,-1,0,0,1,0,2,0,0,0,0,2,0,0,2,0,1,1,2
101,2479.112,5431.083,123.741,-160.655,-0.941485,0.331141,-0.062859,-0.332086,-0.943236,0.004928,-0.057659,0.025514,0.998010,0,1.00000,0.26484,60.000,0.530,-1,350.000,850.000,400.000,-1,300.000,300.000,325.000,325.000,-1,425.000,200.000,-1,575.000,650.000,875.000,-1,2,0,1,0,2,0,0,0,0,2,0,0,2,0,1,1,2
102,2422.685,5410.689,120.345,-160.130,-0.938563,0.339738,-0.060651,-0.340913,-0.940043,0.009896,-0.053652,0.029964,0.998110,0,1.00000,0.26282,60.000,0.526,-1,350.000,800.000,400.000,-1,300.000,300.000,325.000,325.000,-1,375.000,200.000,-1,600.000,625.000,825.000,-1,2,0,1,0,2,0,0,0,0,2,0,0,2,0,1,1,2
103,2366.446,5389.782,117.158,-159.609,-0.935589,0.348217,-0.058472,-0.349592,-0.936784,0.014887,-0.049592,0.034369,0.998178,0,1.00000,0.26033,60.000,0.521,975.000,350.000,750.000,400.000,-1,300.000,300.000,325.000,325.000,-1,350.000,200.000,-1,600.000,575.000,775.000,925.000,1,0,1,0,2,0,0,0,0,2,0,0,2,1,1,1,1
104,2310.397,5368.371,114.184,-159.094,-0.932573,0.356561,-0.056327,-0.358105,-0.933469,0.019901,-0.045483,0.038730,0.998214,0,1.00000,0.25734,60.000,0.515,925.000,350.000,700.000,375.000,-1,300.000,300.000,325.000,325.000,-1,325.000,200.000,-1,575.000,550.000,725.000,800.000,1,0,1,1,2,0,0,0,0,2,0,0,2,1,1,1,1
105,2254.540,5346.463,111.430,-158.587,-0.929525,0.364753,-0.054219,-0.366436,-0.930109,0.024937,-0.041334,0.043047,0.998218,0,1.00000,0.25382,60.000,0.508,875.000,350.000,650.000,375.000,-1,300.000,300.000,325.000,325.000,-1,325.000,200.000,-1,525.000,500.000,675.000,725.000,1,0,1,1,2,0,0,0,0,2,0,0,2,1,1,1,1
106,2198.876,5324.070,108.903,-158.087,-0.926455,0.372775,-0.052154,-0.374568,-0.926714,0.029992,-0.037152,0.047321,0.998189,0,1.00000,0.24974,60.000,0.499,825.000,350.000,600.000,350.000,-1,300.000,300.000,325.000,325.000,-1,325.000,200.000,-1,500.000,475.000,625.000,625.000,1,0,1,1,2,0,1,0,0,2,0,0,2,1,1,1,1
107,2143.406,5301.200,106.606,-157.597,-0.923376,0.380608,-0.050136,-0.382480,-0.923298,0.035065,-0.032945,0.051554,0.998127,0,1.00000,0.24506,60.000,0.490,775.000,350.000,525.000,300.000,-1,300.000,275.000,325.000,325.000,-1,325.000,200.000,-1,450.000,425.000,575.000,550.000,1,1,1,1,2,1,1,0,0,2,0,0,2,1,1,1,1
108,2088.129,5277.868,104.454,-157.118,-0.920287,0.388245,-0.048357,-0.390157,-0.919901,0.039487,-0.029153,0.055206,0.998049,0,1.00000,0.23972,60.000,0.479,700.000,325.000,475.000,275.000,-1,275.000,250.000,325.000,325.000,-1,325.000,225.000,-1,400.000,375.000,525.000,450.000,1,1,1,1,2,1,1,0,0,2,0,0,2,1,1,1,1
109,2033.044,5254.086,102.680,-156.650,-0.917211,0.395682,-0.046480,-0.397571,-0.916580,0.042642,-0.025730,0.057590,0.998009,0,1.00000,0.23367,60.000,0.467,625.000,275.000,425.000,250.000,-1,250.000,225.000,325.000,325.000,-1,325.000,225.000,-1,375.000,325.000,475.000,375.000,1,1,1,1,2,1,1,0,0,2,0,0,2,1,1,1,1
110,1978.147,5229.873,103.756,-156.197,-0.914546,0.403094,-0.033469,-0.404219,-0.913797,0.039763,-0.014556,0.049894,0.998648,0,1.00000,0.22684,60.000,0.454,575.000,250.000,375.000,250.000,675.000,225.000,200.000,325.000,375.000,-1,275.000,225.000,-1,325.000,325.000,425.000,350.000,1,1,1,1,1,1,1,0,0,2,0,0,2,1,1,1,1
111,1923.436,5205.242,105.543,-155.758,-0.911784,0.410253,-0.018480,-0.410664,-0.911090,0.035656,-0.002209,0.040100,0.999193,0,1.00000,0.21914,60.000,0.438,525.000,225.000,350.000,225.000,600.000,200.000,200.000,300.000,400.000,-1,200.000,200.000,-1,300.000,300.000,400.000,325.000,1,1,1,1,1,1,1,0,0,2,0,0,2,1,1,1,1
112,1868.908,5180.209,107.995,-155.338,-0.908857,0.417107,-0.001276,-0.416950,-0.908423,0.030319,0.011487,0.028088,0.999539,0,1.00000,0.21047,60.000,0.421,450.000,200.000,300.000,200.000,550.000,175.000,175.000,300.000,450.000,-1,150.000,200.000,-1,275.000,275.000,350.000,300.000,1,1,1,1,1,1,1,0,0,2,0,0,2,1,1,1,1
113,1814.671,5154.548,111.538,-154.677,-0.903725,0.427679,0.019305,-0.427170,-0.903808,0.025639,0.028413,0.014924,0.999485,0,1.00000,0.33047,60.000,0.661,400.000,200.000,275.000,175.000,-1,150.000,150.000,300.000,475.000,-1,100.000,175.000,-1,250.000,250.000,300.000,275.000,1,1,1,1,2,1,1,0,0,2,0,0,2,1,1,1,1
114,-6887.297,-4919.485,-315.208,59.883,0.499803,-0.863937,0.061719,0.865325,0.501153,0.007661,-0.037550,0.049578,0.998064,1,0.00000,0.00000,60.000,0.666,900.000,350.000,-1,350.000,675.000,300.000,300.000,325.000,275.000,725.000,50.000,75.000,-1,575.000,600.000,875.000,750.000,0,0,2,0,0,0,0,0,0,1,1,1,2,0,0,0,0
115,-6884.905,-4915.323,-315.393,60.123,0.496246,-0.866048,0.060840,0.867410,0.497541,0.007329,-0.036618,0.049136,0.998121,0,0.08000,0.12000,4.800,0.240,900.000,350.000,-1,350.000,675.000,300.000,300.000,325.000,275.000,725.000,50.000,100.000,-1,600.000,600.000,875.000,750.000,0,0,2,0,0,0,0,0,0,1,1,1,2,0,0,0,0
116,-6880.176,-4906.969,-315.797,60.487,0.490859,-0.869238,0.059010,0.870545,0.492045,0.006590,-0.034763,0.048136,0.998236,0,0.16000,0.18227,9.600,0.365,900.000,350.000,-1,350.000,700.000,300.000,300.000,300.000,275.000,725.000,50.000,100.000,-1,600.000,600.000,875.000,775.000,0,0,2,0,0,0,0,0,0,1,1,1,2,0,0,0,0
117,-6873.161,-4894.393,-316.454,60.849,0.485564,-0.872395,0.056171,0.873615,0.486589,0.005364,-0.032012,0.046467,0.998407,0,0.24000,0.18077,14.400,0.362,900.000,350.000,-1,350.000,725.000,300.000,300.000,300.000,275.000,700.000,75.000,100.000,-1,600.000,600.000,900.000,800.000,0,0,2,0,0,0,0,0,0,1,1,1,2,0,0,0,0
118,-6863.913,-4877.568,-317.351,61.206,0.480368,-0.875501,0.052392,0.876607,0.481192,0.003639,-0.028396,0.044179,0.998620,0,0.32000,0.17853,19.200,0.357,925.000,350.000,-1,350.000,750.000,300.000,300.000,300.000,300.000,700.000,75.000,100.000,-1,600.000,600.000,900.000,800.000,1,0,2,0,0,0,0,0,0,1,1,1,2,0,0,0,0
119,-6852.482,-4856.465,-318.475,61.557,0.475275,-0.878540,0.047759,0.879511,0.475877,0.001405,-0.023962,0.041337,0.998858,0,0.40000,0.17554,24.000,0.351,925.000,350.000,-1,350.000,775.000,300.000,300.000,300.000,300.000,700.000,75.000,125.000,-1,600.000,625.000,925.000,825.000,1,0,2,0,0,0,0,0,0,1,1,1,2,0,0,0,0
120,-6840.036,-4833.159,-319.692,61.901,0.470266,-0.881484,0.042838,0.882316,0.470656,-0.001106,-0.019187,0.038317,0.999081,0,0.44036,0.17180,26.422,0.344,900.000,350.000,-1,375.000,825.000,300.000,300.000,300.000,300.000,675.000,75.000,125.000,-1,600.000,625.000,975.000,850.000,1,0,2,0,0,0,0,0,0,1,1,1,2,0,0,0,0
121,-6827.639,-4809.611,-320.886,62.236,0.465327,-0.884319,0.038098,0.885020,0.465538,-0.003671,-0.014490,0.035426,0.999267,0,0.44354,0.16769,26.612,0.335,900.000,350.000,-1,375.000,875.000,300.000,300.000,275.000,300.000,675.000,100.000,125.000,-1,600.000,625.000,-1,900.000,1,0,2,0,0,0,0,0,0,1,1,1,2,0,0,2,0
122,-6815.288,-4785.822,-322.055,62.563,0.460463,-0.887045,0.033543,0.887624,0.460525,-0.006285,-0.009873,0.032668,0.999418,0,0.44675,0.16355,26.805,0.327,900.000,350.000,-1,375.000,900.000,300.000,300.000,275.000,300.000,675.000,100.000,150.000,-1,600.000,625.000,-1,925.000,1,0,2,0,0,0,0,0,0,1,1,1,2,0,0,2,0
123,-6802.980,-4761.791,-323.199,62.882,0.455678,-0.889667,0.029175,0.890129,0.455621,-0.008941,-0.005338,0.030044,0.999534,0,0.44998,0.15937,26.999,0.319,875.000,350.000,-1,375.000,950.000,300.000,300.000,275.000,325.000,675.000,100.000,150.000,-1,600.000,650.000,-1,975.000,1,0,2,0,0,0,0,0,0,1,1,1,2,0,0,2,0
124,-6790.716,-4737.519,-323.582,63.192,0.450912,-0.892108,0.028664,0.892563,0.450789,-0.010982,-0.003125,0.030537,0.999529,0,0.45324,0.15516,27.194,0.310,875.000,350.000,-1,375.000,925.000,300.000,300.000,275.000,325.000,700.000,125.000,175.000,-1,600.000,650.000,-1,975.000,1,0,2,0,0,0,0,0,0,1,1,1,2,0,0,2,0
125,-6778.492,-4713.007,-323.722,63.494,0.446257,-0.894428,0.029209,0.894904,0.446062,-0.013244,-0.001183,0.032050,0.999486,0,0.45653,0.15092,27.392,0.302,900.000,350.000,-1,375.000,925.000,300.000,300.000,275.000,325.000,725.000,150.000,175.000,-1,600.000,625.000,-1,950.000,1,0,2,0,0,0,0,0,0,1,1,1,2,0,0,2,0
126,-6766.306,-4688.254,-323.865,63.787,0.441727,-0.896654,0.029806,0.897149,0.441455,-0.015506,0.000745,0.033589,0.999435,0,0.45984,0.14665,27.590,0.293,900.000,350.000,-1,375.000,900.000,300.000,300.000,275.000,325.000,775.000,150.000,200.000,-1,625.000,625.000,-1,950.000,1,0,2,0,0,0,0,0,0,1,1,1,2,0,0,2,0
127,-6756.262,-4667.796,-323.934,63.848,0.440829,-0.897073,0.030487,0.897588,0.440486,-0.017557,0.002321,0.035104,0.999381,0,0.37984,0.03024,22.790,0.060,950.000,350.000,-1,375.000,900.000,300.000,300.000,275.000,300.000,800.000,175.000,225.000,-1,625.000,625.000,-1,950.000,1,0,2,0,0,0,0,0,0,1,1,1,2,0,0,2,0
128,-6748.348,-4651.640,-323.919,63.901,0.440043,-0.897435,0.031194,0.897969,0.439626,-0.019514,0.003799,0.036598,0.999323,0,0.29984,0.02668,17.990,0.053,975.000,350.000,-1,375.000,875.000,300.000,300.000,275.000,300.000,825.000,200.000,225.000,-1,625.000,625.000,-1,925.000,1,0,2,0,0,0,0,0,0,1,1,1,2,0,0,2,0
129,-6742.556,-4639.789,-323.909,63.949,0.439333,-0.897764,0.031717,0.898311,0.438861,-0.020948,0.004887,0.037695,0.999277,0,0.21984,0.02387,13.190,0.048,1000.000,350.000,-1,375.000,875.000,300.000,300.000,275.000,300.000,850.000,200.000,250.000,-1,625.000,625.000,-1,925.000,1,0,2,0,0,0,0,0,0,1,1,1,2,0,0,2,0
130,-6738.877,-4632.248,-323.903,63.992,0.438675,-0.898074,0.032049,0.898628,0.438166,-0.021858,0.005588,0.038389,0.999247,0,0.13984,0.02180,8.390,0.044,-1,350.000,-1,375.000,875.000,300.000,300.000,275.000,300.000,850.000,200.000,250.000,-1,625.000,625.000,-1,925.000,2,0,2,0,0,0,0,0,0,1,1,1,2,0,0,2,0
131,-6737.305,-4629.021,-323.902,64.033,0.438044,-0.898377,0.032185,0.898934,0.437518,-0.022246,0.005904,0.038677,0.999234,0,0.05984,0.02049,3.590,0.041,-1,350.000,-1,375.000,875.000,300.000,300.000,275.000,300.000,850.000,200.000,250.000,-1,625.000,625.000,-1,925.000,2,0,2,0,0,0,0,0,0,1,1,1,2,0,0,2,0
132,-6737.834,-4630.109,-323.906,64.073,0.437416,-0.898686,0.032122,0.899241,0.436895,-0.022112,0.005838,0.038557,0.999239,0,-0.02016,0.01993,-1.210,0.040,-1,350.000,-1,375.000,875.000,300.000,300.000,275.000,300.000,850.000,200.000,250.000,-1,625.000,625.000,-1,925.000,2,0,2,0,0,0,0,0,0,1,1,1,2,0,0,2,0
133,-6740.458,-4635.515,-323.916,64.114,0.436767,-0.899010,0.031858,0.899559,0.436273,-0.021454,0.005389,0.038028,0.999262,0,-0.10016,0.02012,-6.010,0.040,1000.000,350.000,-1,375.000,875.000,300.000,300.000,275.000,300.000,850.000,200.000,250.000,-1,625.000,625.000,-1,925.000,1,0,2,0,0,0,0,0,0,1,1,1,2,0,0,2,0
