timestep,x_cm,y_cm,z_cm,yaw_deg,basis_xx,basis_xy,basis_xz,basis_yx,basis_yy,basis_yz,basis_zx,basis_zy,basis_zz,teleport_flag,throttle_cmd,steering_cmd,cmd_move_cm,cmd_turn_deg,lidar_cm_0,lidar_cm_1,lidar_cm_2,lidar_cm_3,lidar_cm_4,lidar_cm_5,lidar_cm_6,lidar_cm_7,lidar_cm_8,lidar_cm_9,lidar_cm_10,lidar_cm_11,lidar_cm_12,lidar_cm_13,lidar_cm_14,lidar_cm_15,lidar_cm_16,lidar_class_0,lidar_class_1,lidar_class_2,lidar_class_3,lidar_class_4,lidar_class_5,lidar_class_6,lidar_class_7,lidar_class_8,lidar_class_9,lidar_class_10,lidar_class_11,lidar_class_12,lidar_class_13,lidar_class_14,lidar_class_15,lidar_class_16
0,3603.735,-6884.476,105.785,144.155,-0.809998,-0.585588,-0.031448,0.585064,-0.810607,0.024842,-0.040039,0.001723,0.999197,1,0.08000,-0.12000,4.800,-0.240,-1,425.000,-1,400.000,-1,350.000,325.000,275.000,275.000,-1,-1,-1,-1,950.000,775.000,-1,-1,2,0,2,0,2,0,0,0,0,2,2,2,2,0,0,2,2
1,3596.000,-6878.789,105.418,143.675,-0.805022,-0.592359,-0.032394,0.591834,-0.805673,0.024956,-0.040882,0.000918,0.999164,0,0.16000,-0.24000,9.600,-0.480,-1,425.000,-1,400.000,-1,350.000,325.000,275.000,275.000,-1,-1,-1,-1,950.000,775.000,-1,-1,2,0,2,0,2,0,0,0,0,2,2,2,2,0,0,2,2
2,3584.506,-6870.114,104.864,142.955,-0.797450,-0.602437,-0.033823,0.601912,-0.798166,0.025132,-0.042137,-0.000317,0.999112,0,0.24000,-0.36000,14.400,-0.720,-1,425.000,-1,400.000,-1,350.000,325.000,275.000,275.000,-1,-1,-1,-1,950.000,775.000,-1,-1,2,0,2,0,2,0,0,0,0,2,2,2,2,0,0,2,2
3,3569.377,-6858.292,104.305,141.995,-0.787194,-0.615725,-0.034779,0.615193,-0.787960,0.025608,-0.043171,-0.001238,0.999067,0,0.32000,-0.48000,19.200,-0.960,-1,425.000,-1,400.000,-1,350.000,325.000,300.000,275.000,-1,-1,-1,-1,950.000,775.000,-1,-1,2,0,2,0,2,0,0,0,0,2,2,2,2,0,0,2,2
4,3550.718,-6843.198,103.609,141.027,-0.776619,-0.628947,-0.035895,0.628405,-0.777445,0.026196,-0.044382,-0.002212,0.999012,0,0.40000,-0.48399,24.000,-0.968,-1,425.000,-1,400.000,-1,350.000,325.000,300.000,275.000,-1,-1,-1,-1,950.000,750.000,-1,-1,2,0,2,0,2,0,0,0,0,2,2,2,2,0,0,2,2
5,3528.637,-6824.709,102.657,140.060,-0.765817,-0.641974,-0.037340,0.641440,-0.766717,0.026443,-0.045605,-0.003700,0.998953,0,0.48000,-0.48346,28.800,-0.967,-1,425.000,-1,400.000,-1,325.000,325.000,300.000,275.000,-1,-1,-1,-1,950.000,750.000,-1,-1,2,0,2,0,2,0,0,0,0,2,2,2,2,0,0,2,2
6,3503.242,-6802.707,101.228,139.095,-0.754790,-0.654795,-0.039184,0.654340,-0.755778,0.025272,-0.046163,-0.006565,0.998912,0,0.56000,-0.48283,33.600,-0.966,-1,425.000,-1,400.000,-1,325.000,325.000,300.000,275.000,-1,-1,-1,-1,975.000,750.000,-1,-1,2,0,2,0,2,0,0,0,0,2,2,2,2,0,0,2,2
7,3474.646,-6777.078,99.560,138.131,-0.743543,-0.667403,-0.041435,0.667044,-0.744632,0.023992,-0.046866,-0.009800,0.998853,0,0.64000,-0.48211,38.400,-0.964,-1,425.000,-1,400.000,-1,325.000,325.000,300.000,275.000,-1,-1,-1,-1,975.000,750.000,-1,-1,2,0,2,0,2,0,0,0,0,2,2,2,2,0,0,2,2
8,3442.964,-6747.709,97.638,137.168,-0.732080,-0.679789,-0.044106,0.679545,-0.733285,0.022614,-0.047715,-0.013417,0.998771,0,0.72000,-0.48127,43.200,-0.963,-1,425.000,-1,400.000,-1,325.000,325.000,300.000,275.000,-1,-1,-1,-1,975.000,750.000,-1,-1,2,0,2,0,2,0,0,0,0,2,2,2,2,0,0,2,2
9,3408.314,-6714.492,95.446,136.207,-0.720406,-0.691944,-0.047212,0.691840,-0.721741,0.021152,-0.048711,-0.017425,0.998661,0,0.80000,-0.48029,48.000,-0.961,-1,425.000,-1,400.000,-1,350.000,325.000,300.000,275.000,-1,-1,-1,-1,950.000,750.000,-1,-1,2,0,2,0,2,0,0,0,0,2,2,2,2,0,0,2,2
10,3370.816,-6677.320,92.964,135.249,-0.708526,-0.703857,-0.050766,0.703922,-0.710006,0.019620,-0.049854,-0.021834,0.998518,0,0.88000,-0.47914,52.800,-0.958,-1,425.000,-1,400.000,-1,350.000,325.000,300.000,275.000,-1,-1,-1,-1,925.000,750.000,-1,-1,2,0,2,0,2,0,0,0,0,2,2,2,2,0,0,2,2
11,3332.698,-6638.254,90.315,134.294,-0.696456,-0.715520,-0.054594,0.715780,-0.698091,0.018104,-0.051065,-0.026469,0.998344,0,0.90969,-0.47780,54.581,-0.956,-1,425.000,-1,400.000,-1,350.000,325.000,300.000,275.000,-1,-1,-1,-1,900.000,750.000,-1,-1,2,0,2,0,2,0,0,0,0,2,2,2,2,0,0,2,2
12,3295.244,-6598.569,87.636,133.341,-0.684209,-0.726921,-0.058686,0.727421,-0.685997,0.016327,-0.052127,-0.031518,0.998143,0,0.90946,-0.47632,54.568,-0.953,-1,425.000,-1,375.000,-1,325.000,325.000,300.000,275.000,-1,-1,-1,-1,900.000,725.000,-1,-1,2,0,2,0,2,0,0,0,0,2,2,2,2,0,0,2,2
13,3258.460,-6558.278,84.906,132.391,-0.671792,-0.738053,-0.063034,0.738834,-0.673734,0.014410,-0.053104,-0.036891,0.997907,0,0.90928,-0.47474,54.557,-0.949,-1,425.000,-1,375.000,-1,325.000,325.000,300.000,275.000,-1,-1,-1,-1,875.000,725.000,-1,-1,2,0,2,0,2,0,0,0,0,2,2,2,2,0,0,2,2
14,3221.664,-6516.609,82.068,131.443,-0.659175,-0.748933,-0.067729,0.750046,-0.661271,0.012344,-0.054032,-0.042662,0.997627,0,0.92649,-0.47428,55.589,-0.949,-1,425.000,-1,375.000,-1,325.000,325.000,300.000,300.000,-1,-1,-1,-1,850.000,725.000,-1,-1,2,0,2,0,2,0,0,0,0,2,2,2,2,0,0,2,2
15,3185.561,-6474.327,78.822,130.489,-0.646415,-0.759670,-0.071056,0.761082,-0.648575,0.010234,-0.053860,-0.047464,0.997420,0,0.92664,-0.47680,55.598,-0.954,-1,425.000,-1,375.000,-1,325.000,325.000,275.000,300.000,-1,-1,-1,-1,850.000,750.000,-1,-1,2,0,2,0,2,0,0,0,0,2,2,2,2,0,0,2,2
16,3150.168,-6431.443,75.840,129.531,-0.633412,-0.770302,-0.073648,0.771881,-0.635686,0.010199,-0.054673,-0.050387,0.997232,0,0.92671,-0.47921,55.602,-0.958,-1,400.000,-1,375.000,-1,325.000,325.000,275.000,300.000,-1,-1,-1,-1,825.000,725.000,-1,-1,2,0,2,0,2,0,0,0,0,2,2,2,2,0,0,2,2
17,3115.502,-6387.971,72.872,128.568,-0.620150,-0.780756,-0.076375,0.782510,-0.622553,0.010326,-0.055610,-0.053361,0.997026,0,0.92670,-0.48152,55.602,-0.963,-1,400.000,-1,375.000,-1,325.000,325.000,275.000,300.000,-1,-1,-1,-1,825.000,725.000,-1,-1,2,0,2,0,2,0,0,0,0,2,2,2,2,0,0,2,2
18,3081.576,-6343.923,69.850,127.600,-0.606637,-0.791013,-0.079310,0.792973,-0.609171,0.010284,-0.056448,-0.056652,0.996797,0,0.92663,-0.48373,55.598,-0.967,-1,400.000,-1,375.000,-1,325.000,325.000,275.000,300.000,-1,-1,-1,-1,800.000,725.000,-1,-1,2,0,2,0,2,0,0,0,0,2,2,2,2,0,0,2,2
19,3048.409,-6299.313,67.093,126.629,-0.593020,-0.801123,-0.080805,0.803227,-0.595589,0.010031,-0.056163,-0.058956,0.996679,0,0.92648,-0.48584,55.589,-0.972,-1,400.000,-1,375.000,-1,325.000,325.000,275.000,300.000,-1,-1,-1,-1,825.000,725.000,-1,-1,2,0,2,0,2,0,0,0,0,2,2,2,2,0,0,2,2
20,3016.014,-6254.154,64.523,125.653,-0.579275,-0.811068,-0.081296,0.813273,-0.581804,0.009519,-0.055019,-0.060602,0.996645,0,0.92626,-0.48784,55.576,-0.976,-1,400.000,-1,375.000,-1,325.000,325.000,275.000,300.000,-1,-1,-1,-1,825.000,725.000,-1,-1,2,0,2,0,2,0,0,0,0,2,2,2,2,0,0,2,2
21,2984.405,-6208.463,61.950,124.674,-0.565323,-0.820806,-0.081779,0.823125,-0.567793,0.008767,-0.053629,-0.062358,0.996612,0,0.92597,-0.48972,55.558,-0.979,-1,400.000,-1,375.000,-1,325.000,325.000,300.000,300.000,-1,-1,-1,-1,850.000,725.000,-1,-1,2,0,2,0,2,0,0,0,0,2,2,2,2,0,0,2,2
22,2953.597,-6162.254,59.367,123.691,-0.551171,-0.830325,-0.082284,0.832773,-0.553561,0.007721,-0.051960,-0.064268,0.996579,0,0.92562,-0.49150,55.537,-0.983,-1,400.000,-1,375.000,-1,325.000,325.000,300.000,300.000,-1,-1,-1,-1,850.000,725.000,-1,-1,2,0,2,0,2,0,0,0,0,2,2,2,2,0,0,2,2
23,2923.602,-6115.543,56.762,122.704,-0.536827,-0.839615,-0.082841,0.842210,-0.539112,0.006338,-0.049982,-0.066367,0.996543,0,0.92521,-0.49316,55.512,-0.986,-1,400.000,-1,375.000,-1,325.000,325.000,300.000,325.000,-1,-1,-1,-1,850.000,750.000,-1,-1,2,0,2,0,2,0,0,0,0,2,2,2,2,0,0,2,2
24,2896.759,-6072.517,54.234,121.958,-0.525863,-0.846479,-0.083310,0.849180,-0.528075,0.005423,-0.048585,-0.067893,0.996509,0,0.84521,-0.37316,50.712,-0.746,-1,400.000,-1,375.000,-1,325.000,325.000,300.000,325.000,-1,-1,-1,-1,875.000,750.000,-1,-1,2,0,2,0,2,0,0,0,0,2,2,2,2,0,0,2,2
25,2871.367,-6031.005,51.791,121.452,-0.518364,-0.851024,-0.084007,0.853838,-0.520520,0.004477,-0.047537,-0.069408,0.996455,0,0.81102,-0.25316,48.661,-0.506,-1,400.000,-1,400.000,-1,325.000,325.000,300.000,325.000,-1,-1,-1,-1,875.000,750.000,-1,-1,2,0,2,0,2,0,0,0,0,2,2,2,2,0,0,2,2
26,2846.196,-5989.421,49.321,121.185,-0.514396,-0.853343,-0.084867,0.856278,-0.516504,0.003405,-0.046740,-0.070918,0.996386,0,0.81016,-0.13316,48.610,-0.266,-1,400.000,-1,400.000,-1,325.000,325.000,325.000,325.000,-1,-1,-1,-1,900.000,750.000,-1,-1,2,0,2,0,2,0,0,0,0,2,2,2,2,0,0,2,2
27,2821.079,-5947.884,46.731,121.159,-0.513978,-0.853508,-0.085734,0.856544,-0.516068,0.002599,-0.046463,-0.072100,0.996315,0,0.80901,-0.01316,48.540,-0.026,-1,400.000,-1,400.000,-1,325.000,325.000,325.000,325.000,-1,-1,-1,-1,900.000,750.000,-1,-1,2,0,2,0,2,0,0,0,0,2,2,2,2,0,0,2,2
28,2795.853,-5906.515,44.092,121.373,-0.517122,-0.851507,-0.086723,0.854648,-0.519204,0.001717,-0.046489,-0.073230,0.996231,0,0.80756,0.10684,48.454,0.214,-1,400.000,-1,400.000,-1,325.000,325.000,300.000,325.000,-1,-1,-1,-1,925.000,775.000,-1,-1,2,0,2,0,2,0,0,0,0,2,2,2,2,0,0,2,2
29,2770.355,-5865.435,41.423,121.826,-0.523803,-0.847296,-0.087860,0.850555,-0.525885,0.000648,-0.046753,-0.074390,0.996133,0,0.80583,0.22684,48.350,0.454,-1,400.000,-1,400.000,-1,325.000,325.000,300.000,325.000,-1,-1,-1,-1,925.000,800.000,-1,-1,2,0,2,0,2,0,0,0,0,2,2,2,2,0,0,2,2
30,2744.426,-5824.768,38.716,122.520,-0.533970,-0.840793,-0.089128,0.844182,-0.536057,-0.000614,-0.047261,-0.075568,0.996020,0,0.80384,0.34684,48.230,0.694,-1,400.000,-1,400.000,-1,325.000,325.000,300.000,325.000,-1,-1,-1,-1,950.000,800.000,-1,-1,2,0,2,0,2,0,0,0,0,2,2,2,2,0,0,2,2
31,2717.912,-5784.641,36.266,123.454,-0.547501,-0.831948,-0.090033,0.835370,-0.549687,-0.000607,-0.048985,-0.075544,0.995939,0,0.80161,0.46684,48.096,0.934,-1,400.000,-1,400.000,-1,325.000,325.000,300.000,325.000,-1,-1,-1,-1,975.000,825.000,-1,-1,2,0,2,0,2,0,0,0,0,2,2,2,2,0,0,2,2
32,2690.665,-5745.185,33.764,124.627,-0.564266,-0.820516,-0.091420,0.823983,-0.566614,-0.000322,-0.051535,-0.075510,0.995812,0,0.79918,0.58684,47.951,1.174,-1,400.000,-1,375.000,-1,325.000,325.000,300.000,325.000,-1,-1,-1,-1,1000.000,825.000,-1,-1,2,0,2,0,2,0,0,0,0,2,2,2,2,0,0,2,2
33,2662.542,-5706.538,31.048,126.041,-0.584085,-0.806252,-0.093823,0.809834,-0.586659,-0.000188,-0.054890,-0.076091,0.995589,0,0.79660,0.70684,47.796,1.414,-1,425.000,-1,375.000,-1,325.000,300.000,300.000,325.000,-1,-1,-1,-1,1000.000,825.000,-1,-1,2,0,2,0,2,0,0,0,0,2,2,2,2,0,0,2,2
34,2630.992,-5665.712,28.010,127.695,-0.606805,-0.788935,-0.096794,0.792677,-0.609642,-0.000332,-0.058748,-0.076928,0.995304,0,0.85995,0.82684,51.597,1.654,-1,425.000,-1,375.000,-1,325.000,300.000,300.000,325.000,-1,-1,-1,-1,-1,-1,-1,-1,2,0,2,0,2,0,0,0,0,2,2,2,2,2,2,2,2
35,2597.854,-5625.640,24.938,129.588,-0.632258,-0.768327,-0.099615,0.772221,-0.635353,-0.000848,-0.062639,-0.077461,0.995026,0,0.86667,0.94684,52.000,1.894,-1,425.000,-1,375.000,-1,325.000,300.000,300.000,325.000,-1,-1,-1,-1,-1,-1,-1,-1,2,0,2,0,2,0,0,0,0,2,2,2,2,2,2,2,2
36,2563.079,-5586.444,21.738,131.577,-0.658231,-0.745769,-0.102767,0.749857,-0.661598,-0.001753,-0.066683,-0.078215,0.994704,0,0.87332,0.99449,52.399,1.989,-1,425.000,-1,375.000,-1,325.000,325.000,300.000,325.000,-1,-1,-1,-1,-1,-1,-1,-1,2,0,2,0,2,0,0,0,0,2,2,2,2,2,2,2,2
37,2526.701,-5548.191,18.192,133.559,-0.683400,-0.722427,-0.105185,0.726670,-0.686980,-0.002981,-0.070107,-0.078472,0.994448,0,0.87985,0.99097,52.791,1.982,-1,425.000,-1,375.000,-1,325.000,325.000,300.000,325.000,-1,-1,-1,-1,-1,-1,-1,-1,2,0,2,0,2,0,0,0,0,2,2,2,2,2,2,2,2
38,2488.755,-5510.945,14.379,135.533,-0.707697,-0.698337,-0.107194,0.702722,-0.711450,-0.004497,-0.073122,-0.078510,0.994228,0,0.88620,0.98682,53.172,1.974,-1,425.000,-1,400.000,-1,350.000,325.000,275.000,325.000,-1,-1,-1,-1,-1,-1,-1,-1,2,0,2,1,2,0,0,0,0,2,2,2,2,2,2,2,2
39,2449.284,-5474.774,10.329,137.497,-0.731078,-0.673549,-0.108886,0.678070,-0.734970,-0.006277,-0.075800,-0.078422,0.994034,0,0.89231,0.98198,53.539,1.964,-1,450.000,-1,450.000,-1,350.000,325.000,275.000,325.000,-1,-1,-1,-1,-1,-1,-1,-1,2,0,2,1,2,0,0,0,0,2,2,2,2,2,2,2,2
40,2408.339,-5439.743,6.164,139.450,-0.753454,-0.648102,-0.110772,0.652801,-0.757483,-0.008390,-0.078470,-0.078634,0.993810,0,0.89812,0.97642,53.887,1.953,-1,450.000,-1,525.000,-1,350.000,350.000,275.000,325.000,-1,-1,-1,-1,-1,-1,-1,-1,2,0,2,1,2,0,0,0,0,2,2,2,2,2,2,2,2
41,2365.979,-5405.914,1.240,141.390,-0.774705,-0.622177,-0.112817,0.626843,-0.779107,-0.007761,-0.083068,-0.076731,0.993586,0,0.90352,0.97010,54.211,1.940,-1,450.000,-1,600.000,-1,350.000,350.000,275.000,325.000,-1,-1,-1,-1,-1,-1,-1,-1,2,0,2,1,2,0,0,0,0,2,2,2,2,2,2,2,2
42,2322.270,-5373.350,-4.391,143.316,-0.794805,-0.595814,-0.115286,0.600237,-0.799809,-0.004636,-0.089445,-0.072883,0.993322,0,0.90844,0.96298,54.506,1.926,-1,450.000,-1,-1,-1,350.000,350.000,275.000,325.000,-1,-1,-1,-1,-1,-1,-1,-1,2,0,2,2,2,0,0,0,0,2,2,2,2,2,2,2,2
43,2277.287,-5342.112,-10.201,145.226,-0.813801,-0.568983,-0.118265,0.573150,-0.819449,-0.001501,-0.096058,-0.069006,0.992981,0,0.91276,0.95500,54.766,1.910,-1,450.000,-1,-1,-1,350.000,350.000,275.000,300.000,-1,-1,-1,-1,-1,-1,-1,-1,2,0,2,2,2,0,1,0,0,2,2,2,2,2,2,2,2
44,2231.115,-5312.260,-16.176,147.118,-0.831672,-0.541756,-0.121746,0.545653,-0.838010,0.001584,-0.102883,-0.065114,0.992560,0,0.91637,0.94612,54.982,1.892,-1,450.000,-1,-1,-1,350.000,350.000,275.000,300.000,-1,-1,-1,-1,-1,-1,-1,-1,2,0,2,2,2,0,1,0,0,2,2,2,2,2,2,2,2
45,2183.851,-5283.845,-22.844,148.991,-0.848314,-0.514273,-0.126041,0.517621,-0.855581,0.007117,-0.111499,-0.059204,0.991999,0,0.91913,0.93629,55.148,1.873,-1,425.000,-1,-1,-1,350.000,375.000,300.000,300.000,-1,-1,-1,-1,975.000,-1,-1,-1,2,0,2,2,2,0,1,0,0,2,2,2,2,1,2,2,2
46,2135.600,-5256.918,-30.284,150.842,-0.863716,-0.486575,-0.131296,0.489088,-0.872113,0.014586,-0.121603,-0.051617,0.991236,0,0.92089,0.92548,55.254,1.851,975.000,425.000,-1,-1,-1,325.000,375.000,300.000,275.000,-1,-1,-1,-1,900.000,-1,-1,-1,1,0,2,2,2,0,1,0,0,2,2,2,2,1,2,2,2
47,2086.482,-5231.527,-38.187,152.669,-0.877948,-0.458678,-0.137190,0.460323,-0.887494,0.021389,-0.131566,-0.044373,0.990314,0,0.92151,0.91365,55.291,1.827,900.000,400.000,-1,-1,-1,325.000,375.000,300.000,275.000,-1,-1,-1,-1,850.000,-1,-1,-1,1,0,2,2,2,0,1,0,1,2,2,2,2,1,2,2,2
48,2032.340,-5205.663,-47.090,154.471,-0.890880,-0.430686,-0.144366,0.431277,-0.901760,0.028809,-0.142591,-0.036596,0.989105,0,1.00000,0.90078,60.000,1.802,825.000,400.000,-1,-1,-1,325.000,375.000,300.000,275.000,-1,-1,-1,-1,775.000,-1,975.000,-1,1,0,2,2,2,0,1,0,1,2,2,2,2,1,2,1,2
49,1977.422,-5181.486,-56.192,156.243,-0.902544,-0.402702,-0.152463,0.402054,-0.914890,0.036444,-0.154163,-0.028406,0.987637,0,1.00000,0.88604,60.000,1.772,775.000,375.000,-1,-1,-1,300.000,375.000,300.000,300.000,-1,-1,-1,-1,725.000,-1,850.000,-1,1,0,2,2,2,0,1,0,1,2,2,2,2,1,2,1,2
50,1921.796,-5158.987,-65.450,157.983,-0.912950,-0.374810,-0.161369,0.372745,-0.926887,0.044058,-0.166085,-0.019927,0.985910,0,1.00000,0.87009,60.000,1.740,700.000,350.000,-1,-1,-1,300.000,375.000,300.000,325.000,-1,-1,-1,-1,675.000,-1,750.000,-1,1,0,2,2,2,0,1,0,1,2,2,2,2,1,2,1,2
51,1865.525,-5138.153,-75.829,159.689,-0.922803,-0.347110,-0.167179,0.343046,-0.937791,0.053548,-0.175366,-0.007936,0.984471,0,1.00000,0.85294,60.000,1.706,650.000,350.000,-1,-1,-1,275.000,375.000,300.000,350.000,-1,-1,-1,-1,625.000,-1,675.000,-1,1,0,2,2,2,0,1,0,1,2,2,2,2,1,2,1,2
52,1808.670,-5118.966,-88.006,161.358,-0.931401,-0.319636,-0.174139,0.312198,-0.947486,0.069306,-0.187147,0.010186,0.982279,0,1.00000,0.83469,60.000,1.669,575.000,325.000,-1,-1,-1,250.000,350.000,325.000,375.000,-1,-1,-1,-1,550.000,-1,600.000,-1,1,0,2,2,2,0,1,0,1,2,2,2,2,1,2,1,2
53,1751.290,-5101.407,-100.669,162.989,-0.938767,-0.292427,-0.182215,0.281028,-0.955829,0.086112,-0.199348,0.029631,0.979481,0,1.00000,0.81544,60.000,1.631,525.000,300.000,-1,-1,-1,250.000,325.000,325.000,375.000,-1,-1,-1,-1,500.000,-1,525.000,-1,1,0,2,2,2,0,1,0,1,2,2,2,2,1,2,1,2
54,1693.444,-5085.451,-113.608,164.580,-0.944959,-0.265568,-0.191117,0.249741,-0.962812,0.103064,-0.211381,0.049661,0.976141,0,1.00000,0.79541,60.000,1.591,475.000,275.000,-1,-1,-1,225.000,300.000,325.000,375.000,-1,-1,-1,-1,450.000,-1,450.000,-1,1,0,2,2,2,0,1,0,1,2,2,2,2,1,2,1,2
55,1635.185,-5071.076,-127.151,166.135,-0.950376,-0.239022,-0.199134,0.218198,-0.968375,0.120992,-0.221756,0.071537,0.972474,0,1.00000,0.77756,60.000,1.555,425.000,275.000,-1,-1,-1,200.000,250.000,350.000,400.000,-1,-1,-1,-1,400.000,-1,400.000,-1,1,0,2,2,2,0,1,0,1,2,2,2,2,1,2,1,2
56,1577.080,-5058.403,-141.402,167.685,-0.955482,-0.212304,-0.204893,0.185986,-0.972478,0.140342,-0.229049,0.095987,0.968671,0,0.99110,0.77496,59.466,1.550,375.000,250.000,-1,775.000,-1,200.000,225.000,375.000,400.000,-1,-1,0.000,-1,350.000,-1,350.000,-1,1,0,2,1,2,0,1,0,1,2,2,0,2,1,2,1,2
57,1523.413,-5047.983,-154.674,168.995,-0.959120,-0.189554,-0.210139,0.157977,-0.974693,0.158169,-0.234803,0.118506,0.964792,0,0.91110,0.65496,54.666,1.310,325.000,225.000,-1,625.000,-1,175.000,200.000,400.000,425.000,-1,-1,0.000,-1,325.000,-1,300.000,-1,1,1,2,1,2,0,1,0,1,2,2,0,2,1,2,1,2
58,1473.537,-5039.268,-167.089,170.065,-0.961561,-0.170857,-0.214960,0.134254,-0.975417,0.174748,-0.239533,0.139171,0.960862,0,0.84380,0.53496,50.628,1.070,275.000,200.000,900.000,500.000,-1,175.000,200.000,400.000,475.000,-1,-1,0.000,-1,275.000,-1,250.000,-1,1,1,1,1,2,1,1,0,1,2,2,0,2,1,2,1,2
59,1424.443,-5031.425,-179.424,170.895,-0.962976,-0.156235,-0.219700,0.114494,-0.974816,0.191375,-0.244067,0.159135,0.956613,0,0.82856,0.41496,49.714,0.830,225.000,175.000,700.000,400.000,-1,150.000,175.000,425.000,550.000,-1,-1,0.000,750.000,250.000,925.000,200.000,-1,1,1,1,1,2,1,1,0,1,2,2,0,1,1,1,1,2
60,1376.106,-5024.215,-191.729,171.484,-0.963544,-0.145698,-0.224400,0.098635,-0.973084,0.208275,-0.248705,0.178548,0.951980,0,0.81449,0.29496,48.869,0.590,200.000,150.000,475.000,325.000,-1,125.000,150.000,450.000,-1,-1,-1,0.000,750.000,225.000,775.000,175.000,-1,1,1,1,1,2,1,1,0,2,2,2,0,1,1,1,1,2
61,4919.625,7543.108,28.866,-124.126,-0.537878,0.812540,-0.224645,-0.834699,-0.550664,0.006809,-0.118171,0.191173,0.974417,1,0.00000,0.00000,48.109,0.350,-1,400.000,-1,700.000,-1,375.000,475.000,775.000,225.000,-1,0.000,0.000,1000.000,675.000,925.000,925.000,-1,2,1,2,1,2,1,1,0,1,2,1,1,0,1,1,1,2
62,-2951.501,-2951.082,-12.420,-15.313,0.967694,0.247972,-0.045584,-0.214848,0.905638,0.365597,0.131940,-0.343992,0.929657,1,0.00000,0.00000,4.800,0.240,950.000,100.000,300.000,250.000,-1,75.000,150.000,900.000,-1,950.000,0.000,0.000,-1,150.000,-1,425.000,-1,1,1,1,1,2,1,1,1,2,1,1,1,2,1,2,1,2
63,-7547.850,6888.557,-215.599,164.581,-0.964042,-0.265715,-0.004405,0.265702,-0.963409,-0.035281,0.005131,-0.035183,0.999368,1,0.08000,-0.12000,4.800,-0.240,-1,425.000,-1,375.000,575.000,325.000,325.000,300.000,300.000,-1,700.000,775.000,-1,-1,725.000,-1,800.000,2,1,2,0,1,0,0,0,0,2,0,0,2,2,0,2,1
64,-7557.082,6891.187,-215.550,164.101,-0.961784,-0.273774,-0.004424,0.273755,-0.961142,-0.035557,0.005482,-0.035409,0.999358,0,0.16000,-0.24000,9.600,-0.480,-1,425.000,-1,375.000,575.000,325.000,325.000,300.000,300.000,-1,700.000,775.000,-1,-1,725.000,-1,800.000,2,1,2,0,1,0,0,0,0,2,0,0,2,2,0,2,1
65,-7570.881,6895.306,-215.470,163.381,-0.958271,-0.285827,-0.004462,0.285798,-0.957614,-0.035980,0.006011,-0.035754,0.999343,0,0.24000,-0.36000,14.400,-0.720,-1,425.000,-1,375.000,550.000,325.000,325.000,300.000,300.000,-1,700.000,775.000,-1,-1,725.000,-1,750.000,2,0,2,0,1,0,0,0,0,2,0,0,2,2,0,2,1
66,-7589.185,6901.104,-215.352,162.421,-0.953352,-0.301826,-0.004527,0.301785,-0.952675,-0.036562,0.006723,-0.036223,0.999321,0,0.32000,-0.48000,19.200,-0.960,-1,425.000,-1,375.000,550.000,325.000,325.000,300.000,300.000,-1,700.000,775.000,-1,925.000,725.000,-1,725.000,2,0,2,0,1,0,0,0,0,2,0,0,2,0,0,2,1
67,-7611.907,6908.830,-215.184,161.221,-0.946829,-0.321704,-0.004634,0.321647,-0.946124,-0.037316,0.007620,-0.036823,0.999293,0,0.40000,-0.60000,24.000,-1.200,-1,425.000,-1,375.000,525.000,325.000,325.000,300.000,300.000,-1,700.000,800.000,-1,925.000,725.000,-1,675.000,2,0,2,0,1,0,0,0,0,2,0,0,2,0,0,2,1
68,-7638.936,6918.775,-214.955,159.800,-0.938572,-0.345050,-0.004804,0.344974,-0.937832,-0.038256,0.008696,-0.037564,0.999256,0,0.48000,-0.71025,28.800,-1.420,-1,425.000,-1,375.000,500.000,325.000,325.000,300.000,300.000,-1,725.000,800.000,-1,900.000,725.000,-1,650.000,2,0,2,0,1,0,0,0,0,2,0,0,2,0,1,2,1
69,-7670.175,6931.148,-214.649,158.392,-0.929822,-0.367974,-0.005043,0.367878,-0.929039,-0.039391,0.009810,-0.038481,0.999211,0,0.56000,-0.70391,33.600,-1.408,-1,425.000,-1,375.000,475.000,325.000,300.000,300.000,300.000,-1,725.000,800.000,-1,900.000,675.000,-1,600.000,2,0,2,0,1,0,0,0,0,2,0,0,2,0,1,2,1
70,-7705.456,6946.309,-214.255,156.745,-0.918871,-0.394521,-0.005391,0.394401,-0.918035,-0.040735,0.011122,-0.039556,0.999155,0,0.64000,-0.82391,38.400,-1.648,-1,425.000,-1,375.000,425.000,325.000,325.000,300.000,300.000,-1,750.000,825.000,-1,900.000,625.000,-1,550.000,2,0,2,0,1,0,0,0,0,2,0,0,2,0,1,2,1
71,-7743.703,6964.164,-213.765,154.974,-0.906264,-0.422672,-0.005866,0.422526,-0.905365,-0.042257,0.012550,-0.040775,0.999090,0,0.70349,-0.88514,42.209,-1.770,-1,425.000,-1,375.000,400.000,325.000,325.000,300.000,300.000,-1,750.000,825.000,-1,900.000,600.000,-1,500.000,2,0,2,0,1,0,0,0,0,2,0,0,2,0,1,2,1
72,-7781.567,6983.291,-213.201,153.200,-0.892762,-0.450483,-0.006380,0.450309,-0.891798,-0.043793,0.014039,-0.041970,0.999020,0,0.70701,-0.88728,42.421,-1.775,-1,425.000,-1,375.000,375.000,325.000,325.000,300.000,300.000,-1,775.000,850.000,-1,900.000,550.000,-1,450.000,2,0,2,0,1,0,0,0,0,2,0,0,2,0,1,2,1
73,-7819.009,7003.686,-212.587,151.421,-0.878373,-0.477923,-0.007045,0.477723,-0.877337,-0.045394,0.015514,-0.043238,0.998944,0,0.71059,-0.88942,42.636,-1.779,-1,425.000,-1,375.000,325.000,325.000,325.000,300.000,300.000,-1,800.000,875.000,-1,875.000,500.000,-1,400.000,2,0,2,0,1,0,0,0,0,2,0,0,2,0,1,2,1
74,-7855.985,7025.346,-211.936,149.638,-0.863106,-0.504961,-0.007943,0.504740,-0.861987,-0.047075,0.016925,-0.044640,0.998860,0,0.71422,-0.89159,42.853,-1.783,-1,425.000,-1,375.000,300.000,325.000,325.000,300.000,300.000,-1,775.000,875.000,-1,875.000,475.000,-1,350.000,2,0,2,0,1,0,0,0,0,2,0,0,2,0,1,2,1
75,-7892.454,7048.267,-211.196,147.850,-0.846967,-0.531572,-0.008830,0.531325,-0.845765,-0.048729,0.018435,-0.045964,0.998773,0,0.71789,-0.89378,43.073,-1.788,-1,425.000,875.000,375.000,275.000,325.000,325.000,300.000,300.000,-1,750.000,900.000,-1,875.000,425.000,-1,300.000,2,0,1,1,1,0,0,1,0,2,0,0,2,0,1,2,1
76,-7932.073,7075.141,-210.269,145.850,-0.827941,-0.560729,-0.009793,0.560449,-0.826646,-0.050528,0.020237,-0.047323,0.998675,0,0.79789,-1.00000,47.873,-2.000,-1,400.000,750.000,325.000,225.000,325.000,325.000,-1,300.000,-1,725.000,925.000,-1,850.000,400.000,-1,250.000,2,0,1,1,1,0,0,2,0,2,0,0,2,0,1,2,1
77,-7972.521,7104.689,-209.183,143.850,-0.807916,-0.589198,-0.010820,0.588881,-0.806520,-0.052399,0.022146,-0.048706,0.998568,0,0.83484,-1.00000,50.090,-2.000,-1,400.000,650.000,300.000,200.000,325.000,325.000,-1,300.000,-1,700.000,900.000,-1,850.000,350.000,-1,225.000,2,0,1,1,1,0,0,2,1,2,0,0,2,0,1,2,1
78,-8012.111,7135.786,-207.975,141.850,-0.786916,-0.616947,-0.011857,0.616587,-0.785415,-0.054248,0.024156,-0.049999,0.998457,0,0.83904,-1.00000,50.342,-2.000,-1,400.000,575.000,275.000,150.000,325.000,300.000,-1,300.000,-1,675.000,875.000,-1,850.000,300.000,-1,175.000,2,0,1,1,1,0,1,2,1,2,0,0,2,0,1,2,1
79,-8050.788,7168.402,-202.653,139.850,-0.765431,-0.643379,-0.013403,0.642391,-0.762691,-0.075075,0.038079,-0.066075,0.997088,0,0.84321,-1.00000,50.593,-2.000,-1,425.000,500.000,250.000,150.000,350.000,275.000,-1,300.000,-1,375.000,575.000,-1,750.000,275.000,-1,150.000,2,0,1,1,1,0,1,2,1,2,0,0,2,1,1,2,1
80,-8088.497,7202.508,-194.088,137.850,-0.743856,-0.668118,-0.017222,0.665536,-0.738131,-0.110560,0.061155,-0.093702,0.993720,0,0.84734,-1.00000,50.841,-2.000,-1,475.000,475.000,225.000,125.000,350.000,250.000,-1,350.000,-1,200.000,400.000,-1,675.000,275.000,-1,150.000,2,0,1,1,1,1,1,2,1,2,0,0,2,1,1,2,1
81,-8125.175,7238.073,-184.743,135.850,-0.722291,-0.691181,-0.023757,0.686232,-0.712005,-0.148776,0.085916,-0.123762,0.988585,0,0.85140,-1.00000,51.084,-2.000,-1,450.000,450.000,225.000,125.000,325.000,225.000,275.000,400.000,450.000,125.000,300.000,-1,575.000,250.000,-1,125.000,2,1,1,1,1,1,1,0,1,0,0,0,2,1,1,2,1
82,-8160.762,7275.063,-174.943,133.850,-0.700964,-0.712426,-0.033140,0.704469,-0.684392,-0.187964,0.111230,-0.155102,0.981617,0,0.85534,-1.00000,51.321,-2.000,-1,400.000,400.000,200.000,125.000,300.000,225.000,250.000,475.000,325.000,50.000,250.000,-1,500.000,250.000,-1,125.000,2,1,1,1,1,1,1,0,1,0,0,0,2,1,1,2,1
83,-8195.198,7313.439,-164.842,131.850,-0.680012,-0.731801,-0.045288,0.720466,-0.655461,-0.226494,0.136064,-0.186647,0.972959,0,0.85915,-1.00000,51.549,-2.000,-1,350.000,375.000,200.000,125.000,250.000,200.000,250.000,800.000,275.000,25.000,225.000,-1,425.000,225.000,-1,125.000,2,1,1,1,1,1,1,0,0,1,0,0,2,1,1,2,1
84,-8228.424,7353.156,-154.238,129.850,-0.659818,-0.748987,-0.060482,0.733966,-0.625146,-0.265492,0.161040,-0.219568,0.962214,0,0.86276,-1.00000,51.766,-2.000,-1,300.000,350.000,175.000,125.000,225.000,175.000,225.000,-1,225.000,0.000,200.000,-1,375.000,225.000,-1,125.000,2,1,1,1,1,1,1,0,2,1,0,0,2,1,1,2,1
85,3806.619,-657.337,62.272,52.995,0.569283,-0.794262,-0.212285,0.792987,0.598627,-0.113212,0.216999,-0.103889,0.970628,1,0.00000,0.00000,51.968,-2.000,425.000,325.000,-1,-1,-1,275.000,300.000,325.000,650.000,-1,0.000,0.000,-1,575.000,-1,600.000,-1,1,1,2,2,2,1,1,1,0,2,1,1,2,1,2,1,2
86,2295.787,983.867,116.862,-96.946,-0.126030,0.991715,0.024837,-0.980856,-0.120825,-0.152716,-0.148450,-0.043609,0.987958,1,0.00000,0.00000,4.800,0.240,-1,350.000,-1,275.000,175.000,325.000,275.000,375.000,250.000,-1,0.000,0.000,-1,-1,375.000,-1,225.000,2,0,2,1,1,1,1,0,1,2,1,1,2,2,1,2,1
87,327.476,4263.796,91.770,66.470,0.428052,-0.883444,0.190522,0.894800,0.384685,-0.226607,0.126903,0.267479,0.955171,1,0.00000,0.00000,4.800,-0.240,-1,300.000,-1,575.000,-1,300.000,350.000,275.000,225.000,-1,-1,825.000,350.000,-1,-1,350.000,-1,2,1,2,1,2,1,1,1,0,2,2,0,0,2,2,1,2
88,9645.429,832.022,568.248,29.524,0.871071,-0.489396,-0.041554,0.490812,0.864165,0.111009,-0.018418,-0.117092,0.992950,1,0.08000,-0.12000,4.800,-0.240,-1,550.000,-1,-1,-1,325.000,275.000,275.000,475.000,-1,-1,-1,-1,-1,-1,-1,-1,2,1,2,2,2,1,1,0,0,2,2,2,2,2,2,2,2
89,9653.822,836.684,568.127,29.044,0.875147,-0.482102,-0.041170,0.483516,0.868167,0.111798,-0.018156,-0.117746,0.992878,0,0.16000,-0.24000,9.600,-0.480,-1,575.000,-1,-1,-1,325.000,325.000,275.000,500.000,-1,-1,-1,-1,-1,-1,-1,-1,2,1,2,2,2,1,1,0,0,2,2,2,2,2,2,2,2
90,9666.491,843.533,567.970,28.391,0.880595,-0.472123,-0.040646,0.473532,0.873491,0.113053,-0.017871,-0.118801,0.992757,0,0.24000,-0.32629,14.400,-0.653,-1,625.000,-1,-1,-1,325.000,375.000,275.000,500.000,-1,-1,-1,-1,-1,-1,-1,-1,2,1,2,2,2,1,1,0,0,2,2,2,2,2,2,2,2
91,9683.483,852.472,567.728,27.743,0.885895,-0.462133,-0.040276,0.463554,0.878638,0.114516,-0.017533,-0.120120,0.992605,0,0.32000,-0.32422,19.200,-0.648,-1,675.000,-1,-1,-1,375.000,425.000,275.000,500.000,-1,-1,-1,-1,-1,-1,-1,-1,2,1,2,2,2,1,1,0,0,2,2,2,2,2,2,2,2
92,9704.850,863.405,567.112,27.095,0.891033,-0.452142,-0.040355,0.453646,0.883737,0.114950,-0.016311,-0.120731,0.992551,0,0.40000,-0.32371,24.000,-0.647,-1,700.000,-1,-1,-1,450.000,500.000,275.000,500.000,-1,-1,-1,-1,-1,-1,-1,-1,2,1,2,2,2,1,1,0,0,2,2,2,2,2,2,2,2
93,5575.411,8855.340,45.483,2.844,0.998675,-0.048596,-0.016955,0.051021,0.978089,0.201838,0.006775,-0.202436,0.979272,1,0.00000,0.00000,28.800,-0.650,1000.000,450.000,800.000,400.000,225.000,425.000,425.000,225.000,150.000,375.000,425.000,725.000,-1,600.000,500.000,-1,425.000,0,1,1,1,1,1,1,0,1,0,1,0,2,1,1,2,1
94,-2951.707,-4919.495,71.810,106.041,-0.275628,-0.960201,0.045202,0.961125,-0.276084,-0.004059,0.016377,0.042326,0.998970,1,0.00000,0.00000,-4.800,0.240,-1,375.000,-1,400.000,925.000,325.000,325.000,325.000,325.000,-1,-1,-1,-1,750.000,850.000,-1,-1,2,0,2,1,1,0,0,0,0,2,2,2,2,0,1,2,2
95,-2953.015,-4914.876,71.883,105.801,-0.271612,-0.961342,0.045268,0.962273,-0.272057,-0.003854,0.016021,0.042513,0.998967,0,0.08000,-0.12000,4.800,-0.240,-1,375.000,-1,400.000,925.000,325.000,325.000,325.000,325.000,-1,-1,-1,-1,750.000,850.000,-1,-1,2,0,2,1,1,0,0,0,0,2,2,2,2,0,1,2,2
96,-2955.551,-4905.617,72.025,105.321,-0.263568,-0.963571,0.045409,0.964519,-0.263990,-0.003440,0.015302,0.042891,0.998963,0,0.16000,-0.24000,9.600,-0.480,-1,375.000,-1,400.000,900.000,325.000,325.000,325.000,325.000,-1,-1,-1,-1,750.000,825.000,-1,-1,2,0,2,1,1,0,0,0,0,2,2,2,2,0,1,2,2
97,-2959.182,-4891.682,72.232,104.601,-0.251469,-0.966789,0.045642,0.967761,-0.251854,-0.002810,0.014212,0.043464,0.998954,0,0.24000,-0.36000,14.400,-0.720,-1,375.000,-1,400.000,875.000,325.000,325.000,325.000,325.000,-1,-1,-1,-1,750.000,825.000,-1,-1,2,0,2,1,1,0,0,0,0,2,2,2,2,0,1,2,2
98,-2963.710,-4873.024,72.496,103.641,-0.235277,-0.970840,0.045991,0.971845,-0.235613,-0.001953,0.012732,0.044237,0.998940,0,0.32000,-0.48000,19.200,-0.960,-1,375.000,-1,400.000,850.000,325.000,325.000,325.000,325.000,-1,-1,-1,-1,750.000,800.000,-1,-1,2,0,2,1,1,0,0,0,0,2,2,2,2,0,1,2,2
99,-2968.958,-4849.604,72.823,102.628,-0.218126,-0.974815,0.046442,0.975858,-0.218402,-0.000882,0.011003,0.045128,0.998921,0,0.40000,-0.50655,24.000,-1.013,-1,375.000,-1,400.000,825.000,325.000,325.000,325.000,325.000,-1,-1,-1,-1,750.000,775.000,-1,-1,2,0,2,1,1,0,0,0,0,2,2,2,2,0,1,2,2
100,-2974.754,-4821.393,73.211,101.610,-0.200825,-0.978499,0.047001,0.979585,-0.201029,0.000404,0.009053,0.046123,0.998895,0,0.48000,-0.50930,28.800,-1.019,-1,375.000,-1,400.000,800.000,325.000,325.000,325.000,325.000,-1,-1,-1,-1,750.000,775.000,-1,-1,2,0,2,1,1,0,0,0,0,2,2,2,2,0,1,2,2
101,-2980.925,-4788.365,73.653,100.583,-0.183330,-0.981894,0.047686,0.983027,-0.183449,0.001914,0.006869,0.047228,0.998861,0,0.56000,-0.51351,33.600,-1.027,-1,375.000,-1,400.000,750.000,325.000,325.000,325.000,325.000,-1,-1,-1,-1,750.000,750.000,-1,-1,2,0,2,1,1,0,0,0,0,2,2,2,2,0,1,2,2
102,-2987.293,-4750.496,74.143,99.544,-0.165594,-0.985000,0.048515,0.986184,-0.165614,0.003655,0.004435,0.048450,0.998816,0,0.64000,-0.51923,38.400,-1.038,-1,375.000,-1,400.000,700.000,325.000,325.000,325.000,325.000,-1,-1,-1,-1,750.000,725.000,-1,-1,2,0,2,1,1,0,0,0,0,2,2,2,2,0,1,2,2
103,-2993.672,-4707.769,74.672,98.491,-0.147570,-0.987812,0.049508,0.989050,-0.147473,0.005635,0.001735,0.049797,0.998758,0,0.72000,-0.52653,43.200,-1.053,-1,375.000,-1,400.000,675.000,325.000,325.000,325.000,350.000,-1,-1,-1,-1,750.000,700.000,-1,975.000,2,0,2,1,1,0,0,0,0,2,2,2,2,0,1,2,1
104,-2999.871,-4660.171,75.232,97.420,-0.129206,-0.990321,0.050686,0.991617,-0.128973,0.007864,-0.001251,0.051277,0.998684,0,0.80000,-0.53554,48.000,-1.071,-1,375.000,-1,400.000,625.000,325.000,325.000,325.000,350.000,-1,-1,-1,-1,750.000,675.000,-1,800.000,2,0,2,1,1,0,0,0,0,2,2,2,2,0,1,2,1
105,-3005.691,-4607.693,75.652,96.327,-0.110398,-0.992487,0.052749,0.993881,-0.110050,0.009465,-0.003589,0.053471,0.998563,0,0.88000,-0.54639,52.800,-1.093,-1,400.000,-1,400.000,575.000,325.000,325.000,325.000,350.000,-1,-1,-1,-1,750.000,650.000,-1,725.000,2,0,2,1,1,0,0,0,0,2,2,2,2,0,1,2,1
106,-3010.921,-4550.330,76.181,95.209,-0.090937,-0.994434,0.053210,0.995852,-0.090653,0.007735,-0.002868,0.053692,0.998553,0,0.96000,-0.55928,57.600,-1.119,-1,400.000,-1,400.000,525.000,325.000,325.000,325.000,350.000,-1,-1,-1,-1,775.000,650.000,-1,675.000,2,0,2,1,1,0,0,0,0,2,2,2,2,0,1,2,1
107,-3015.168,-4490.480,76.223,94.060,-0.070916,-0.996150,0.051538,0.997480,-0.070702,0.005965,-0.002299,0.051831,0.998653,0,1.00000,-0.57448,60.000,-1.149,-1,400.000,-1,400.000,500.000,325.000,350.000,300.000,350.000,-1,-1,-1,-1,800.000,650.000,-1,625.000,2,0,2,1,1,0,0,0,0,2,2,2,2,0,1,2,1
108,-3018.178,-4430.556,76.270,92.877,-0.050283,-0.997499,0.049663,0.998733,-0.050132,0.004266,-0.001766,0.049815,0.998757,0,1.00000,-0.59130,60.000,-1.183,-1,400.000,-1,400.000,475.000,350.000,350.000,300.000,375.000,-1,-1,-1,-1,825.000,650.000,-1,575.000,2,0,2,1,1,0,0,0,0,2,2,2,2,0,1,2,1
109,-3019.700,-4370.574,76.336,91.455,-0.025450,-0.998554,0.047345,0.999675,-0.025355,0.002602,-0.001398,0.047396,0.998875,0,1.00000,-0.71130,60.000,-1.423,-1,425.000,-1,375.000,425.000,350.000,375.000,300.000,375.000,-1,-1,-1,-1,850.000,625.000,-1,550.000,2,0,2,1,1,0,0,0,0,2,2,2,2,0,1,2,1
110,-3019.611,-4310.574,76.448,89.917,0.001412,-0.999011,0.044439,0.999999,0.001453,0.000881,-0.000945,0.044437,0.999012,0,1.00000,-0.76894,60.000,-1.538,-1,425.000,-1,375.000,400.000,350.000,375.000,300.000,400.000,-1,-1,-1,-1,900.000,625.000,-1,500.000,2,0,2,1,1,0,1,0,0,2,2,2,2,0,1,2,1
111,-3017.875,-4250.599,76.622,88.344,0.028892,-0.998749,0.040825,0.999583,0.028877,-0.000956,-0.000225,0.040835,0.999166,0,1.00000,-0.78639,60.000,-1.573,-1,450.000,-1,375.000,375.000,375.000,375.000,275.000,375.000,-1,-1,-1,-1,925.000,600.000,-1,475.000,2,0,2,1,1,0,1,0,1,2,2,2,2,0,1,2,1
112,-3014.455,-4190.696,76.873,86.734,0.056999,-0.997713,0.036340,0.998374,0.056930,-0.002931,0.000855,0.036448,0.999335,0,1.00000,-0.80484,60.000,-1.610,-1,450.000,-1,375.000,350.000,375.000,375.000,275.000,375.000,-1,-1,-1,-1,-1,600.000,-1,450.000,2,0,2,1,1,0,1,0,1,2,2,2,2,2,1,2,1
113,-3009.312,-4130.917,77.217,85.085,0.085746,-0.995840,0.030813,0.996314,0.085631,-0.005046,0.002387,0.031132,0.999512,0,1.00000,-0.82443,60.000,-1.649,-1,475.000,-1,375.000,300.000,400.000,375.000,275.000,350.000,-1,-1,475.000,-1,-1,575.000,-1,425.000,2,0,2,1,1,0,1,0,1,2,2,0,2,2,1,2,1
114,-3002.408,-4071.315,77.667,83.395,0.115138,-0.993058,0.024066,0.993340,0.114994,-0.007279,0.004461,0.024743,0.999684,0,1.00000,-0.84532,60.000,-1.691,-1,500.000,-1,350.000,275.000,425.000,350.000,275.000,325.000,-1,400.000,425.000,-1,-1,575.000,-1,400.000,2,0,2,1,1,0,1,0,1,2,0,0,2,2,1,2,1
115,-2993.703,-4011.950,78.236,81.659,0.145176,-0.989278,0.015915,0.989380,0.145037,-0.009579,0.007168,0.017137,0.999827,0,1.00000,-0.86767,60.000,-1.735,-1,525.000,-1,350.000,250.000,450.000,350.000,275.000,325.000,-1,250.000,375.000,-1,-1,550.000,-1,400.000,2,0,2,1,1,0,1,0,1,2,0,0,2,2,1,2,1
116,-2983.155,-3952.884,78.593,79.876,0.175841,-0.984407,0.004735,0.984358,0.175775,-0.011945,0.010926,0.006761,0.999917,0,1.00000,-0.89166,60.000,-1.783,-1,550.000,-1,350.000,275.000,450.000,350.000,250.000,325.000,-1,150.000,325.000,-1,-1,550.000,-1,375.000,2,0,2,1,1,1,1,0,1,2,0,0,2,2,1,2,1
117,-2970.721,-3894.186,78.825,78.041,0.207087,-0.978273,-0.009811,0.978207,0.207206,-0.013257,0.015002,-0.006852,0.999864,0,1.00000,-0.91749,60.000,-1.835,-1,575.000,-1,350.000,275.000,425.000,350.000,250.000,325.000,-1,75.000,275.000,-1,-1,525.000,-1,375.000,2,0,2,1,1,1,1,0,1,2,0,0,2,2,1,2,1
118,-2956.361,-3835.930,79.173,76.150,0.239016,-0.970699,-0.024788,0.970889,0.239319,-0.010068,0.015706,-0.021660,0.999642,0,1.00000,-0.94536,60.000,-1.891,-1,575.000,-1,350.000,275.000,425.000,325.000,250.000,325.000,1000.000,75.000,300.000,-1,-1,525.000,-1,350.000,2,0,2,1,1,1,1,0,1,0,0,0,2,2,1,2,1
119,-2940.028,-3778.196,79.127,74.199,0.271724,-0.961597,-0.038702,0.962251,0.272115,-0.005124,0.015458,-0.035849,0.999238,0,1.00000,-0.97544,60.000,-1.951,-1,-1,-1,325.000,250.000,400.000,325.000,225.000,300.000,725.000,100.000,350.000,-1,-1,475.000,-1,325.000,2,2,2,1,1,1,1,0,1,0,0,0,2,2,1,2,1
120,-2921.693,-3721.066,79.202,72.199,0.304898,-0.950868,-0.053733,0.952256,0.305301,0.000751,0.015691,-0.051396,0.998555,0,1.00000,-1.00000,60.000,-2.000,-1,-1,-1,300.000,250.000,375.000,300.000,225.000,300.000,525.000,125.000,375.000,-1,-1,450.000,-1,300.000,2,2,2,1,1,1,1,0,1,0,0,0,2,2,1,2,1
121,3607.680,8199.088,54.270,-80.155,0.155086,0.984204,0.085382,-0.958706,0.170796,-0.227403,-0.238394,-0.046590,0.970050,1,0.00000,0.00000,60.000,-2.000,775.000,575.000,-1,550.000,525.000,550.000,575.000,100.000,175.000,-1,650.000,700.000,-1,825.000,775.000,975.000,775.000,1,1,2,1,1,1,1,0,1,2,1,1,2,1,1,1,1
122,-9511.195,-2956.493,38.299,-92.133,-0.037346,0.999295,-0.003813,-0.998909,-0.037224,0.028183,0.028021,0.004861,0.999596,1,0.08000,-0.06735,4.800,-0.135,-1,400.000,-1,450.000,-1,325.000,350.000,300.000,300.000,-1,-1,-1,-1,825.000,-1,-1,-1,2,0,2,0,2,0,0,0,0,2,2,2,2,0,2,2,2
123,-9511.575,-2966.085,38.562,-92.268,-0.039708,0.999202,-0.004343,-0.998837,-0.039574,0.027545,0.027351,0.005432,0.999611,0,0.16000,-0.06738,9.600,-0.135,-1,400.000,-1,450.000,-1,325.000,350.000,300.000,300.000,-1,-1,-1,-1,825.000,-1,-1,-1,2,0,2,0,2,0,0,0,0,2,2,2,2,0,2,2,2
124,-9512.179,-2980.472,38.956,-92.403,-0.042077,0.999101,-0.005147,-0.998767,-0.041926,0.026584,0.026344,0.006260,0.999633,0,0.24000,-0.06745,14.400,-0.135,-1,400.000,-1,450.000,-1,325.000,350.000,300.000,300.000,-1,-1,-1,-1,825.000,-1,-1,-1,2,0,2,0,2,0,0,0,0,2,2,2,2,0,2,2,2
125,-9513.029,-2999.653,39.480,-92.538,-0.044453,0.998992,-0.006227,-0.998699,-0.044282,0.025299,0.024998,0.007344,0.999661,0,0.32000,-0.06757,19.200,-0.135,-1,400.000,-1,450.000,-1,325.000,350.000,300.000,300.000,-1,-1,-1,-1,825.000,-1,-1,-1,2,0,2,0,2,0,0,0,0,2,2,2,2,0,2,2,2
126,-9514.148,-3023.627,40.133,-92.674,-0.046836,0.998874,-0.007586,-0.998631,-0.046645,0.023688,0.023307,0.008685,0.999691,0,0.40000,-0.06777,24.000,-0.136,-1,400.000,-1,450.000,-1,325.000,350.000,300.000,300.000,-1,-1,-1,-1,825.000,-1,-1,-1,2,0,2,0,2,0,0,0,0,2,2,2,2,0,2,2,2
127,-9515.560,-3052.392,40.912,-92.810,-0.049227,0.998745,-0.009224,-0.998561,-0.049017,0.021747,0.021267,0.010282,0.999721,0,0.48000,-0.06807,28.800,-0.136,-1,400.000,-1,450.000,-1,325.000,350.000,300.000,300.000,-1,-1,-1,-1,825.000,-1,-1,-1,2,0,2,0,2,0,0,0,0,2,2,2,2,0,2,2,2
128,-9517.287,-3085.948,41.816,-92.947,-0.051627,0.998604,-0.011145,-0.998488,-0.051404,0.019473,0.018873,0.012133,0.999748,0,0.56000,-0.06850,33.600,-0.137,-1,400.000,-1,450.000,-1,325.000,350.000,300.000,300.000,-1,-1,-1,-1,825.000,-1,-1,-1,2,0,2,0,2,0,0,0,0,2,2,2,2,0,2,2,2
129,-9519.353,-3124.292,42.839,-93.085,-0.054039,0.998450,-0.013348,-0.998409,-0.053811,0.016863,0.016118,0.014238,0.999769,0,0.64000,-0.06910,38.400,-0.138,-1,400.000,-1,450.000,-1,325.000,350.000,300.000,300.000,-1,-1,-1,-1,825.000,-1,-1,-1,2,0,2,0,2,0,0,0,0,2,2,2,2,0,2,2,2
130,-9521.783,-3167.424,43.978,-93.225,-0.056464,0.998279,-0.015836,-0.998320,-0.056245,0.013911,0.012996,0.016594,0.999778,0,0.72000,-0.06991,43.200,-0.140,-1,400.000,-1,450.000,-1,325.000,350.000,300.000,300.000,-1,-1,-1,-1,825.000,-1,-1,-1,2,0,2,0,2,0,0,0,0,2,2,2,2,0,2,2,2
131,-9524.601,-3215.341,45.229,-93.367,-0.058906,0.998090,-0.018608,-0.998218,-0.058716,0.010612,0.009500,0.019200,0.999771,0,0.80000,-0.07098,48.000,-0.142,-1,400.000,-1,450.000,-1,325.000,350.000,300.000,300.000,-1,-1,-1,-1,825.000,-1,-1,-1,2,0,2,0,2,0,0,0,0,2,2,2,2,0,2,2,2
132,-9527.643,-3264.920,46.421,-93.511,-0.061379,0.997891,-0.021131,-0.998096,-0.061234,0.007428,0.006119,0.021546,0.999749,0,0.82788,-0.07237,49.673,-0.145,-1,400.000,-1,450.000,-1,350.000,350.000,300.000,325.000,-1,-1,-1,-1,800.000,1000.000,-1,-1,2,0,2,0,2,0,0,0,0,2,2,2,2,0,0,2,2
133,-9530.812,-3314.468,46.404,-93.659,-0.063898,0.997709,-0.022220,-0.997951,-0.063810,0.004639,0.003211,0.022471,0.999742,0,0.82747,-0.07401,49.648,-0.148,-1,400.000,-1,450.000,-1,350.000,350.000,300.000,325.000,-1,-1,-1,-1,800.000,975.000,-1,-1,2,0,2,0,2,0,0,0,0,2,2,2,2,0,0,2,2
134,-9534.110,-3363.989,45.907,-93.811,-0.066483,0.997478,-0.024855,-0.997787,-0.066448,0.002220,0.000563,0.024947,0.999689,0,0.82719,-0.07585,49.631,-0.152,-1,400.000,-1,450.000,-1,350.000,350.000,300.000,325.000,-1,-1,-1,-1,800.000,950.000,-1,-1,2,0,2,0,2,0,0,0,0,2,2,2,2,0,0,2,2
135,-9537.542,-3413.492,45.392,-93.967,-0.069125,0.997230,-0.027464,-0.997606,-0.069156,-0.000193,-0.002092,0.027385,0.999623,0,0.82704,-0.07791,49.622,-0.156,-1,400.000,-1,450.000,-1,350.000,350.000,300.000,300.000,-1,-1,-1,-1,775.000,925.000,-1,-1,2,0,2,0,2,0,0,0,0,2,2,2,2,0,0,2,2
136,-9541.113,-3462.985,44.856,-94.127,-0.071831,0.996964,-0.030046,-0.997405,-0.071941,-0.002598,-0.004752,0.029781,0.999545,0,0.82702,-0.08016,49.621,-0.160,-1,400.000,-1,425.000,-1,350.000,350.000,300.000,300.000,-1,-1,-1,-1,775.000,900.000,-1,-1,2,0,2,0,2,0,0,0,0,2,2,2,2,0,0,2,2
