timestep,x_cm,y_cm,z_cm,yaw_deg,basis_xx,basis_xy,basis_xz,basis_yx,basis_yy,basis_yz,basis_zx,basis_zy,basis_zz,teleport_flag,throttle_cmd,steering_cmd,cmd_move_cm,cmd_turn_deg,lidar_cm_0,lidar_cm_1,lidar_cm_2,lidar_cm_3,lidar_cm_4,lidar_cm_5,lidar_cm_6,lidar_cm_7,lidar_cm_8,lidar_cm_9,lidar_cm_10,lidar_cm_11,lidar_cm_12,lidar_cm_13,lidar_cm_14,lidar_cm_15,lidar_cm_16,lidar_class_0,lidar_class_1,lidar_class_2,lidar_class_3,lidar_class_4,lidar_class_5,lidar_class_6,lidar_class_7,lidar_class_8,lidar_class_9,lidar_class_10,lidar_class_11,lidar_class_12,lidar_class_13,lidar_class_14,lidar_class_15,lidar_class_16
0,4260.589,-7539.444,-4.544,127.608,-0.613855,-0.788222,0.043453,0.787266,-0.607191,0.107384,-0.058259,0.100127,0.993268,1,0.08000,0.12000,4.800,0.240,-1,400.000,-1,375.000,-1,325.000,325.000,325.000,325.000,-1,-1,-1,500.000,775.000,675.000,-1,-1,2,0,2,0,2,0,0,0,0,2,2,2,1,0,0,2,2
1,4254.667,-7531.889,-5.127,128.088,-0.620413,-0.783072,0.043430,0.782170,-0.613745,0.107360,-0.057416,0.100577,0.993271,0,0.16000,0.24000,9.600,0.480,-1,400.000,-1,375.000,-1,325.000,325.000,325.000,300.000,-1,-1,-1,500.000,800.000,675.000,-1,-1,2,0,2,0,2,0,0,0,0,2,2,2,1,0,0,2,2
2,4245.642,-7520.669,-5.981,128.808,-0.630168,-0.775246,0.043389,0.774427,-0.623495,0.107316,-0.056143,0.101228,0.993278,0,0.24000,0.36000,14.400,0.720,-1,400.000,-1,375.000,-1,325.000,325.000,325.000,300.000,-1,-1,-1,500.000,800.000,675.000,-1,-1,2,0,2,0,2,0,0,0,0,2,2,2,1,0,0,2,2
3,4233.360,-7505.913,-7.081,129.768,-0.643016,-0.764626,0.043321,0.763916,-0.636343,0.107241,-0.054432,0.102051,0.993289,0,0.32000,0.48000,19.200,0.960,-1,400.000,-1,375.000,1000.000,325.000,325.000,325.000,300.000,-1,-1,-1,500.000,800.000,675.000,-1,-1,2,0,2,0,1,0,0,0,0,2,2,2,1,0,0,2,2
4,4217.624,-7487.793,-8.398,130.968,-0.658821,-0.751058,0.043218,0.750482,-0.652152,0.107121,-0.052269,0.103007,0.993306,0,0.40000,0.60000,24.000,1.200,-1,400.000,-1,375.000,975.000,325.000,325.000,325.000,300.000,-1,-1,-1,500.000,800.000,650.000,-1,-1,2,0,2,0,1,0,0,0,0,2,2,2,1,0,0,2,2
5,4198.258,-7466.479,-9.891,132.254,-0.675437,-0.736161,0.043044,0.735726,-0.668787,0.106916,-0.049920,0.103884,0.993336,0,0.48000,0.64317,28.800,1.286,-1,400.000,-1,375.000,950.000,325.000,325.000,325.000,300.000,-1,-1,-1,525.000,800.000,650.000,-1,-1,2,0,2,0,1,0,0,0,0,2,2,2,1,0,0,2,2
6,4175.104,-7442.132,-11.505,133.558,-0.691923,-0.720708,0.042677,0.720402,-0.685317,0.106590,-0.047573,0.104497,0.993387,0,0.56000,0.65181,33.600,1.304,-1,400.000,-1,375.000,925.000,325.000,325.000,325.000,300.000,-1,-1,-1,550.000,800.000,650.000,-1,-1,2,0,2,0,1,0,0,0,0,2,2,2,1,0,0,2,2
7,4148.007,-7414.925,-13.240,134.883,-0.708305,-0.704640,0.042277,0.704463,-0.701759,0.106137,-0.045121,0.104960,0.993452,0,0.64000,0.66227,38.400,1.325,-1,400.000,-1,375.000,900.000,325.000,325.000,325.000,300.000,-1,-1,-1,575.000,825.000,650.000,-1,1000.000,2,0,2,0,1,0,0,0,0,2,2,2,1,0,0,2,1
8,4119.737,-7387.847,-14.893,136.232,-0.724604,-0.687892,0.041885,0.687849,-0.718128,0.105616,-0.042573,0.105340,0.993525,0,0.65247,0.67466,39.148,1.349,-1,400.000,-1,375.000,875.000,325.000,325.000,325.000,300.000,-1,-1,-1,600.000,825.000,650.000,-1,975.000,2,0,2,0,1,0,0,0,0,2,2,2,1,0,0,2,1
9,4090.757,-7361.393,-16.431,137.607,-0.740807,-0.670434,0.041511,0.670530,-0.734410,0.105036,-0.039934,0.105646,0.993602,0,0.65400,0.68772,39.240,1.375,-1,400.000,-1,375.000,850.000,325.000,325.000,325.000,300.000,-1,-1,-1,625.000,825.000,650.000,-1,975.000,2,0,2,0,1,0,0,0,0,2,2,2,1,0,0,2,1
10,4061.021,-7335.554,-17.853,139.010,-0.756892,-0.652243,0.041156,0.652480,-0.750580,0.104398,-0.037202,0.105872,0.993684,0,0.65660,0.70122,39.396,1.402,-1,400.000,-1,375.000,825.000,325.000,325.000,325.000,300.000,-1,-1,900.000,650.000,825.000,650.000,-1,950.000,2,0,2,0,1,0,0,0,0,2,2,1,1,0,0,2,1
11,4030.480,-7310.326,-19.158,140.440,-0.772833,-0.633295,0.040824,0.633678,-0.766615,0.103702,-0.034378,0.106014,0.993770,0,0.66025,0.71514,39.615,1.430,-1,400.000,-1,375.000,825.000,325.000,300.000,325.000,300.000,-1,-1,875.000,675.000,850.000,650.000,-1,950.000,2,0,2,0,1,0,0,0,0,2,2,1,1,0,0,2,1
12,3999.088,-7285.710,-20.618,141.899,-0.788616,-0.613640,0.039128,0.614034,-0.782579,0.102630,-0.032357,0.104961,0.993950,0,0.66489,0.72949,39.894,1.459,-1,400.000,-1,375.000,800.000,325.000,300.000,325.000,300.000,-1,-1,900.000,725.000,850.000,650.000,-1,925.000,2,0,2,0,1,0,0,0,0,2,2,1,1,0,0,2,1
13,3966.798,-7261.717,-21.790,143.388,-0.804170,-0.593217,0.037477,0.593654,-0.798407,0.100607,-0.029759,0.103153,0.994220,0,0.67050,0.74427,40.230,1.489,-1,400.000,-1,375.000,775.000,325.000,325.000,300.000,300.000,-1,-1,900.000,750.000,850.000,675.000,-1,925.000,2,0,2,0,1,0,0,0,0,2,2,1,1,0,0,2,1
14,3933.563,-7238.362,-22.806,144.907,-0.819491,-0.571965,0.035914,0.572456,-0.814023,0.098292,-0.026984,0.101108,0.994509,0,0.67704,0.75947,40.622,1.519,-1,400.000,-1,375.000,775.000,325.000,325.000,300.000,300.000,-1,-1,925.000,800.000,875.000,675.000,-1,925.000,2,0,2,0,1,0,0,0,0,2,2,1,1,0,0,2,1
15,3899.337,-7215.669,-23.719,146.457,-0.834554,-0.549850,0.034433,0.550395,-0.829373,0.095945,-0.024198,0.099023,0.994791,0,0.68446,0.77511,41.067,1.550,-1,425.000,-1,375.000,750.000,325.000,325.000,300.000,300.000,-1,-1,925.000,825.000,875.000,675.000,-1,925.000,2,0,2,0,1,0,0,0,0,2,2,1,1,0,0,2,1
16,3860.406,-7191.419,-24.610,148.084,-0.849722,-0.526202,0.032914,0.526800,-0.844850,0.093329,-0.021303,0.096643,0.995091,0,0.76446,0.81355,45.867,1.627,-1,425.000,-1,375.000,750.000,325.000,325.000,300.000,300.000,-1,-1,950.000,875.000,900.000,700.000,-1,925.000,2,0,2,0,1,0,0,0,0,2,2,1,1,0,0,2,1
17,3818.614,-7167.015,-25.552,149.720,-0.864291,-0.501969,0.032068,0.502669,-0.859695,0.090820,-0.018020,0.094614,0.995351,0,0.80663,0.81790,48.398,1.636,-1,425.000,-1,375.000,750.000,325.000,325.000,300.000,300.000,-1,-1,975.000,925.000,925.000,700.000,-1,925.000,2,0,2,0,1,0,0,0,0,2,2,1,1,0,0,2,1
18,3775.822,-7143.648,-26.337,151.365,-0.878251,-0.477178,0.031252,0.477970,-0.873922,0.088342,-0.014843,0.092524,0.995600,0,0.81262,0.82246,48.757,1.645,-1,425.000,-1,375.000,725.000,325.000,325.000,300.000,300.000,-1,-1,1000.000,975.000,925.000,725.000,-1,925.000,2,0,2,0,1,0,0,0,0,2,2,1,1,0,0,2,1
19,3732.067,-7121.372,-27.385,153.018,-0.891623,-0.451781,0.030032,0.452589,-0.887376,0.087907,-0.013065,0.091972,0.995676,0,0.81834,0.82691,49.101,1.654,-1,425.000,-1,375.000,725.000,325.000,325.000,300.000,300.000,-1,-1,-1,-1,950.000,725.000,-1,925.000,2,0,2,0,1,0,0,0,0,2,2,2,2,0,0,2,1
20,3687.393,-7100.236,-28.278,154.681,-0.904330,-0.425868,0.028708,0.426682,-0.900161,0.087483,-0.011414,0.091362,0.995752,0,0.82372,0.83130,49.423,1.663,-1,425.000,-1,375.000,725.000,325.000,325.000,300.000,300.000,-1,-1,-1,-1,950.000,725.000,-1,950.000,2,0,2,0,1,0,0,0,0,2,2,2,2,0,0,2,1
21,3641.848,-7080.292,-29.013,156.352,-0.916346,-0.399458,0.027275,0.400266,-0.912256,0.087044,-0.009889,0.090680,0.995831,0,0.82870,0.83566,49.722,1.671,-1,425.000,-1,375.000,725.000,325.000,325.000,300.000,275.000,-1,-1,-1,-1,950.000,725.000,-1,1000.000,2,0,2,0,1,0,0,0,0,2,2,2,2,0,0,2,1
22,3595.485,-7061.590,-29.588,158.032,-0.927649,-0.372566,0.025727,0.373357,-0.923639,0.086581,-0.008494,0.089922,0.995913,0,0.83324,0.84003,49.994,1.680,-1,425.000,-1,375.000,725.000,325.000,325.000,300.000,275.000,-1,-1,-1,-1,950.000,750.000,-1,-1,2,0,2,0,1,0,0,0,0,2,2,2,2,0,0,2,2
23,3548.362,-7044.178,-30.002,159.721,-0.938218,-0.345207,0.024062,0.345969,-0.934289,0.086081,-0.007235,0.089088,0.995998,0,0.83732,0.84447,50.239,1.689,-1,425.000,-1,375.000,725.000,325.000,325.000,300.000,275.000,-1,-1,-1,-1,975.000,750.000,-1,-1,2,0,2,0,1,0,0,0,0,2,2,2,2,0,0,2,2
24,3500.535,-7028.106,-30.256,161.426,-0.948069,-0.317283,0.022277,0.318005,-0.944223,0.085532,-0.006103,0.088175,0.996086,0,0.84094,0.85248,50.456,1.705,-1,425.000,-1,375.000,750.000,325.000,325.000,300.000,275.000,-1,-1,-1,-1,975.000,775.000,-1,-1,2,0,2,0,1,0,0,0,0,2,2,2,2,0,0,2,2
25,3452.063,-7013.427,-30.181,163.153,-0.957210,-0.288722,0.019718,0.289341,-0.953491,0.084475,-0.005589,0.086565,0.996231,0,0.84412,0.86353,50.647,1.727,-1,425.000,-1,375.000,775.000,325.000,325.000,300.000,275.000,-1,-1,-1,-1,975.000,775.000,-1,-1,2,0,2,0,1,0,0,0,0,2,2,2,2,0,0,2,2
26,3407.855,-7001.282,-29.909,164.640,-0.964393,-0.263921,0.017062,0.264414,-0.960812,0.083225,-0.005571,0.084773,0.996385,0,0.76412,0.74353,45.847,1.487,-1,425.000,-1,400.000,825.000,350.000,325.000,300.000,275.000,-1,-1,-1,-1,975.000,775.000,-1,-1,2,0,2,0,1,0,0,0,0,2,2,2,2,0,0,2,2
27,3368.048,-6991.272,-29.591,165.888,-0.969919,-0.242980,0.014744,0.243360,-0.966455,0.082096,-0.005699,0.083215,0.996515,0,0.68412,0.62353,41.047,1.247,-1,425.000,-1,400.000,900.000,350.000,325.000,325.000,275.000,-1,-1,-1,-1,975.000,775.000,-1,-1,2,0,2,0,1,0,0,0,0,2,2,2,2,0,0,2,2
28,3332.747,-6983.052,-29.478,166.895,-0.974038,-0.225998,0.013237,0.226324,-0.970755,0.080077,-0.005247,0.080994,0.996701,0,0.60412,0.50353,36.247,1.007,-1,425.000,-1,400.000,-1,350.000,325.000,300.000,275.000,-1,-1,-1,-1,975.000,800.000,-1,-1,2,0,2,0,2,0,0,0,0,2,2,2,2,0,0,2,2
29,3302.027,-6976.329,-29.561,167.662,-0.976980,-0.213029,0.011394,0.213264,-0.973909,0.077590,-0.005432,0.078234,0.996920,0,0.52412,0.38353,31.447,0.767,-1,425.000,-1,400.000,-1,350.000,325.000,300.000,300.000,-1,-1,-1,-1,975.000,800.000,-1,-1,2,0,2,0,2,0,0,0,0,2,2,2,2,0,0,2,2
30,3272.997,-6970.256,-29.648,168.189,-0.978902,-0.204103,0.009650,0.204245,-0.976029,0.075171,-0.005924,0.075555,0.997124,0,0.49431,0.26353,29.658,0.527,-1,425.000,-1,400.000,-1,350.000,325.000,300.000,300.000,-1,-1,-1,-1,975.000,800.000,-1,-1,2,0,2,0,2,0,0,0,0,2,2,2,2,0,0,2,2
31,3241.449,-6963.844,-29.769,168.517,-0.980057,-0.198557,0.007937,0.198604,-0.977383,0.072653,-0.006668,0.072780,0.997326,0,0.53656,0.16389,32.194,0.328,-1,425.000,-1,400.000,-1,350.000,325.000,300.000,300.000,-1,-1,-1,-1,975.000,-1,-1,-1,2,0,2,0,2,0,0,0,0,2,2,2,2,0,2,2,2
32,3209.968,-6957.629,-30.212,168.835,-0.981147,-0.193143,0.006858,0.193136,-0.978578,0.071302,-0.007060,0.071282,0.997431,0,0.53481,0.15920,32.088,0.318,-1,425.000,-1,400.000,-1,350.000,325.000,300.000,300.000,-1,-1,-1,-1,950.000,-1,-1,-1,2,0,2,0,2,0,0,0,0,2,2,2,2,0,2,2,2
33,3178.568,-6951.607,-30.796,169.144,-0.982178,-0.187873,0.005434,0.187784,-0.979666,0.070646,-0.007949,0.070407,0.997487,0,0.53288,0.15453,31.973,0.309,-1,425.000,-1,400.000,-1,350.000,325.000,300.000,300.000,-1,-1,-1,-1,950.000,-1,-1,-1,2,0,2,0,2,0,0,0,0,2,2,2,2,0,2,2,2
34,3147.259,-6945.771,-31.360,169.444,-0.983150,-0.182756,0.004016,0.182585,-0.980695,0.070002,-0.008855,0.069556,0.997539,0,0.53079,0.14989,31.848,0.300,-1,425.000,-1,400.000,-1,350.000,325.000,300.000,300.000,-1,-1,-1,-1,950.000,-1,-1,-1,2,0,2,0,2,0,0,0,0,2,2,2,2,0,2,2,2
35,3116.053,-6940.122,-31.906,169.739,-0.984080,-0.177704,0.002605,0.177455,-0.981681,0.069371,-0.009771,0.068729,0.997588,0,0.52856,0.14779,31.714,0.296,-1,425.000,-1,400.000,-1,325.000,325.000,300.000,300.000,-1,-1,-1,-1,950.000,-1,-1,-1,2,0,2,0,2,0,0,0,0,2,2,2,2,0,2,2,2
36,3084.960,-6934.656,-32.433,170.032,-0.984974,-0.172701,0.001199,0.172374,-0.982629,0.068752,-0.010695,0.067925,0.997633,0,0.52617,0.14623,31.570,0.292,-1,425.000,-1,400.000,-1,325.000,325.000,300.000,300.000,-1,-1,-1,-1,925.000,-1,-1,-1,2,0,2,0,2,0,0,0,0,2,2,2,2,0,2,2,2
37,3053.988,-6929.373,-32.941,170.321,-0.985831,-0.167741,-0.000200,0.167338,-0.983542,0.068144,-0.011627,0.067145,0.997675,0,0.52365,0.14480,31.419,0.290,-1,425.000,-1,400.000,-1,325.000,325.000,300.000,300.000,-1,-1,-1,-1,925.000,-1,-1,-1,2,0,2,0,2,0,0,0,0,2,2,2,2,0,2,2,2
38,3023.147,-6924.271,-33.431,170.608,-0.986655,-0.162820,-0.001592,0.162342,-0.984420,0.067548,-0.012566,0.066388,0.997715,0,0.52101,0.14352,31.260,0.287,-1,425.000,-1,400.000,-1,325.000,325.000,300.000,300.000,-1,-1,-1,-1,925.000,-1,-1,-1,2,0,2,0,2,0,0,0,0,2,2,2,2,0,2,2,2
39,2992.444,-6919.349,-33.904,170.893,-0.987445,-0.157933,-0.002979,0.157382,-0.985265,0.066962,-0.013510,0.065652,0.997751,0,0.51824,0.14238,31.095,0.285,-1,425.000,-1,400.000,-1,325.000,325.000,300.000,275.000,-1,-1,-1,-1,925.000,-1,-1,-1,2,0,2,0,2,0,0,0,0,2,2,2,2,0,2,2,2
40,2961.887,-6914.605,-34.359,171.176,-0.988205,-0.153076,-0.004359,0.152454,-0.986079,0.066385,-0.014460,0.064938,0.997785,0,0.51538,0.14137,30.923,0.283,-1,425.000,-1,400.000,-1,325.000,325.000,300.000,275.000,-1,-1,-1,-1,925.000,-1,-1,-1,2,0,2,0,2,0,0,0,0,2,2,2,2,0,2,2,2
41,2931.482,-6910.037,-34.798,171.457,-0.988934,-0.148244,-0.005732,0.147552,-0.986862,0.065818,-0.015414,0.064243,0.997815,0,0.51244,0.14051,30.746,0.281,-1,425.000,-1,400.000,-1,325.000,325.000,300.000,275.000,-1,-1,-1,-1,900.000,-1,-1,-1,2,0,2,1,2,0,0,0,0,2,2,2,2,0,2,2,2
42,2901.234,-6905.643,-35.220,171.737,-0.989635,-0.143433,-0.007100,0.142672,-0.987616,0.065258,-0.016372,0.063569,0.997843,0,0.50943,0.13979,30.566,0.280,-1,425.000,-1,-1,-1,325.000,325.000,300.000,275.000,-1,-1,-1,-1,900.000,-1,-1,-1,2,0,2,2,2,0,0,0,0,2,2,2,2,0,2,2,2
43,2871.147,-6901.422,-35.626,172.015,-0.990307,-0.138638,-0.008460,0.137810,-0.988343,0.064706,-0.017333,0.062913,0.997868,0,0.50636,0.13921,30.381,0.278,-1,425.000,-1,-1,-1,325.000,325.000,300.000,275.000,-1,-1,-1,-1,900.000,-1,-1,-1,2,0,2,2,2,0,1,0,0,2,2,2,2,0,2,2,2
44,2841.225,-6897.372,-36.017,172.293,-0.990952,-0.133854,-0.009815,0.132961,-0.989042,0.064161,-0.018296,0.062276,0.997891,0,0.50325,0.13877,30.195,0.278,-1,425.000,-1,-1,-1,325.000,350.000,300.000,300.000,-1,-1,-1,-1,900.000,-1,-1,-1,2,0,2,2,2,0,1,0,0,2,2,2,2,0,2,2,2
45,2811.471,-6893.491,-36.392,172.570,-0.991572,-0.129077,-0.011163,0.128119,-0.989716,0.063622,-0.019261,0.061655,0.997912,0,0.50012,0.13847,30.007,0.277,-1,425.000,-1,-1,-1,325.000,375.000,300.000,300.000,-1,-1,-1,-1,-1,-1,-1,-1,2,0,2,2,2,0,1,0,0,2,2,2,2,2,2,2,2
46,2781.885,-6889.777,-36.752,172.846,-0.992166,-0.124302,-0.012506,0.123281,-0.990364,0.063087,-0.020227,0.061051,0.997930,0,0.49697,0.13830,29.818,0.277,-1,425.000,-1,-1,-1,325.000,400.000,300.000,300.000,-1,-1,-1,-1,-1,-1,-1,-1,2,0,2,2,2,0,1,0,0,2,2,2,2,2,2,2,2
47,2747.502,-6885.745,-37.151,173.313,-0.993121,-0.116241,-0.014078,0.115153,-0.991384,0.062433,-0.021214,0.060383,0.997950,0,0.57697,0.23320,34.618,0.466,-1,425.000,-1,-1,-1,325.000,400.000,300.000,300.000,-1,-1,-1,-1,-1,-1,-1,-1,2,0,2,2,2,0,1,0,0,2,2,2,2,2,2,2,2
48,2711.480,-6881.812,-37.546,173.771,-0.993993,-0.108308,-0.015727,0.107149,-0.992324,0.061749,-0.022295,0.059693,0.997968,0,0.60393,0.22926,36.236,0.459,-1,425.000,-1,-1,-1,325.000,425.000,300.000,300.000,-1,-1,-1,-1,-1,-1,-1,-1,2,0,2,2,2,0,1,0,0,2,2,2,2,2,2,2,2
49,2675.254,-6878.145,-37.921,174.221,-0.994783,-0.100517,-0.017389,0.099288,-0.993184,0.061058,-0.023407,0.059013,0.997983,0,0.60686,0.22495,36.411,0.450,-1,400.000,-1,-1,-1,325.000,450.000,300.000,300.000,-1,-1,-1,1000.000,-1,-1,-1,-1,2,0,2,2,2,0,1,0,0,2,2,2,1,2,2,2,2
50,2638.836,-6874.742,-38.434,174.662,-0.995501,-0.092881,-0.018749,0.091617,-0.994004,0.059692,-0.024181,0.057706,0.998041,0,0.60961,0.22038,36.576,0.441,-1,400.000,-1,-1,-1,325.000,475.000,300.000,300.000,-1,-1,-1,925.000,-1,-1,-1,-1,2,0,2,2,2,0,1,0,0,2,2,2,1,2,2,2,2
51,2602.242,-6871.598,-39.219,175.093,-0.996146,-0.085410,-0.019935,0.084137,-0.994780,0.057734,-0.024762,0.055834,0.998133,0,0.61216,0.21553,36.729,0.431,-1,400.000,-1,-1,-1,325.000,500.000,300.000,300.000,-1,-1,-1,900.000,-1,-1,-1,-1,2,0,2,2,2,0,1,0,0,2,2,2,1,2,2,2,2
52,2565.485,-6868.720,-43.163,175.514,-0.996550,-0.078055,-0.028188,0.075989,-0.994780,0.068106,-0.033357,0.065729,0.997280,0,0.61448,0.21039,36.869,0.421,-1,400.000,-1,-1,-1,300.000,475.000,300.000,275.000,-1,-1,-1,875.000,-1,-1,-1,-1,2,0,2,2,2,0,1,0,0,2,2,2,1,2,2,2,2
53,2528.584,-6866.097,-47.413,175.923,-0.996782,-0.070880,-0.037445,0.067729,-0.994523,0.079598,-0.042882,0.076806,0.996124,0,0.61655,0.20494,36.993,0.410,-1,375.000,-1,-1,-1,300.000,450.000,325.000,250.000,-1,-1,-1,850.000,-1,-1,-1,-1,2,0,2,2,2,0,1,0,0,2,2,2,1,2,2,2,2
54,2491.558,-6863.725,-51.656,176.322,-0.996855,-0.063905,-0.046874,0.059449,-0.994076,0.090983,-0.052411,0.087911,0.994749,0,0.61835,0.19917,37.101,0.398,-1,350.000,-1,-1,-1,275.000,425.000,325.000,225.000,-1,-1,-1,850.000,-1,-1,-1,-1,2,0,2,2,2,0,1,0,0,2,2,2,1,2,2,2,2
55,2449.734,-6861.162,-56.396,176.480,-0.996484,-0.061086,-0.057337,0.054911,-0.993091,0.103705,-0.063276,0.100192,0.992954,0,0.69835,0.07917,41.901,0.158,-1,325.000,-1,-1,-1,250.000,400.000,350.000,200.000,-1,-1,-1,825.000,-1,-1,-1,-1,2,0,2,2,2,0,1,0,0,2,2,2,1,2,2,2,2
56,2403.122,-6858.241,-61.707,176.398,-0.995674,-0.062408,-0.068843,0.053980,-0.991528,0.118144,-0.075633,0.113917,0.990607,0,0.77835,-0.04083,46.701,-0.082,-1,300.000,-1,-1,-1,225.000,375.000,350.000,175.000,-1,-1,-1,800.000,-1,-1,-1,-1,2,0,2,2,2,0,1,0,0,2,2,2,1,2,2,2,2
57,2352.381,-6854.777,-67.612,176.077,-0.994383,-0.067845,-0.081237,0.056503,-0.989290,0.134580,-0.089497,0.129234,0.987567,0,0.84760,-0.16083,50.856,-0.322,-1,275.000,-1,-1,-1,200.000,375.000,375.000,150.000,-1,-1,-1,775.000,-1,-1,-1,-1,2,0,2,2,2,0,1,0,0,2,2,2,1,2,2,2,2
58,2301.564,-6850.810,-73.736,175.515,-0.992612,-0.077366,-0.093465,0.062546,-0.986365,0.152222,-0.103967,0.145252,0.983917,0,0.84946,-0.28083,50.967,-0.562,-1,250.000,-1,-1,-1,200.000,375.000,400.000,125.000,-1,-1,-1,775.000,-1,-1,-1,-1,2,0,2,2,2,1,1,0,1,2,2,2,1,2,2,2,2
59,2250.686,-6846.303,-80.125,174.912,-0.990532,-0.087506,-0.105776,0.068557,-0.982864,0.171108,-0.118937,0.162237,0.979558,0,0.85119,-0.30145,51.071,-0.603,-1,225.000,-1,-1,-1,175.000,375.000,425.000,150.000,-1,-1,-1,750.000,-1,-1,-1,-1,2,0,2,2,2,1,1,0,1,2,2,2,1,2,2,2,2
60,2199.787,-6841.243,-86.800,174.293,-0.988163,-0.097808,-0.118183,0.073994,-0.978736,0.191313,-0.134382,0.180303,0.974388,0,0.85240,-0.30953,51.144,-0.619,-1,200.000,-1,-1,-1,175.000,375.000,475.000,175.000,-1,-1,-1,750.000,975.000,-1,-1,-1,2,0,2,2,2,1,1,0,1,2,2,2,1,1,2,2,2
61,2148.913,-6835.619,-93.779,173.657,-0.985500,-0.108265,-0.130645,0.078762,-0.973888,0.212929,-0.150286,0.199551,0.968294,0,0.85294,-0.31830,51.176,-0.637,-1,175.000,-1,-1,-1,175.000,400.000,525.000,200.000,-1,-1,0.000,725.000,925.000,-1,-1,-1,2,0,2,2,2,1,1,0,1,2,2,0,1,1,2,2,2
62,1639.926,1640.814,-89.115,-0.813,0.968879,0.012759,-0.247207,0.097152,0.898938,0.427167,0.227674,-0.437890,0.869722,1,0.00000,0.00000,51.162,-0.656,200.000,225.000,-1,-1,-1,225.000,325.000,700.000,-1,-1,0.000,0.000,-1,325.000,-1,175.000,-1,1,1,2,2,2,1,0,1,2,2,1,1,2,1,2,1,2
63,2956.413,-8855.996,99.552,-11.008,0.980000,0.190718,-0.056812,-0.187305,0.980445,0.060369,0.067214,-0.048521,0.996558,1,0.08000,-0.12000,4.800,-0.240,-1,425.000,-1,400.000,-1,325.000,325.000,300.000,300.000,-1,-1,-1,-1,-1,900.000,-1,-1,2,0,2,0,2,0,0,0,0,2,2,2,2,2,0,2,2
64,2965.821,-8857.908,100.224,-11.488,0.978397,0.198929,-0.056269,-0.195546,0.978835,0.060368,0.067087,-0.048061,0.996589,0,0.16000,-0.24000,9.600,-0.480,-1,425.000,-1,400.000,-1,325.000,325.000,300.000,300.000,-1,-1,-1,-1,-1,900.000,-1,-1,2,0,2,0,2,0,0,0,0,2,2,2,2,2,0,2,2
65,2979.895,-8860.953,101.243,-12.208,0.975864,0.211221,-0.055463,-0.207883,0.976290,0.060349,0.066895,-0.047362,0.996635,0,0.24000,-0.36000,14.400,-0.720,-1,425.000,-1,400.000,-1,325.000,325.000,300.000,275.000,-1,-1,-1,-1,-1,900.000,-1,-1,2,0,2,0,2,0,0,0,0,2,2,2,2,2,0,2,2
66,2998.591,-8865.328,102.620,-13.168,0.972243,0.227558,-0.054406,-0.224282,0.972658,0.060289,0.066637,-0.046413,0.996697,0,0.32000,-0.48000,19.200,-0.960,-1,425.000,-1,400.000,-1,325.000,325.000,300.000,275.000,-1,-1,-1,-1,-1,900.000,-1,-1,2,0,2,0,2,0,0,0,0,2,2,2,2,2,0,2,2
67,3021.840,-8871.284,104.370,-14.368,0.967331,0.247892,-0.053111,-0.244692,0.967733,0.060159,0.066310,-0.045197,0.996775,0,0.40000,-0.60000,24.000,-1.200,-1,425.000,-1,400.000,-1,325.000,325.000,300.000,275.000,-1,-1,-1,-1,-1,875.000,-1,-1,2,0,2,0,2,0,0,0,0,2,2,2,2,2,0,2,2
68,3049.551,-8879.130,106.510,-15.808,0.960870,0.272151,-0.051601,-0.269044,0.961262,0.059922,0.065910,-0.043695,0.996868,0,0.48000,-0.72000,28.800,-1.440,-1,425.000,-1,400.000,-1,325.000,325.000,300.000,275.000,-1,-1,-1,-1,-1,875.000,-1,-1,2,0,2,0,2,0,0,0,0,2,2,2,2,2,0,2,2
69,3081.597,-8889.228,109.062,-17.488,0.952558,0.300239,-0.049903,-0.297242,0.952944,0.059537,0.065430,-0.041879,0.996978,0,0.56000,-0.84000,33.600,-1.680,-1,450.000,-1,400.000,-1,325.000,325.000,300.000,275.000,-1,-1,-1,-1,-1,875.000,-1,-1,2,0,2,0,2,0,0,0,0,2,2,2,2,2,0,2,2
70,3117.816,-8901.985,112.048,-19.402,0.942079,0.331930,-0.048056,-0.329059,0.942467,0.058954,0.064860,-0.039726,0.997103,0,0.64000,-0.95703,38.400,-1.914,-1,450.000,-1,400.000,-1,350.000,325.000,325.000,300.000,-1,-1,-1,-1,-1,875.000,-1,-1,2,0,2,0,2,0,0,0,0,2,2,2,2,2,0,2,2
71,3158.061,-8917.689,115.417,-21.316,0.930547,0.363251,-0.046165,-0.360498,0.930926,0.058466,0.064214,-0.037763,0.997221,0,0.72000,-0.95703,43.200,-1.914,-1,450.000,-1,400.000,-1,350.000,325.000,325.000,300.000,-1,-1,-1,-1,-1,875.000,-1,-1,2,0,2,0,2,0,0,0,0,2,2,2,2,2,0,2,2
72,3198.446,-8935.023,118.485,-23.230,0.917949,0.394146,-0.044937,-0.391354,0.918284,0.059970,0.064902,-0.037463,0.997188,0,0.73247,-0.95703,43.948,-1.914,-1,450.000,-1,400.000,-1,350.000,325.000,325.000,300.000,-1,-1,-1,-1,-1,875.000,-1,-1,2,0,2,0,2,0,0,0,0,2,2,2,2,2,0,2,2
73,3238.230,-8953.696,121.146,-25.144,0.904448,0.424571,-0.041390,-0.421761,0.904552,0.062474,0.063964,-0.039047,0.997188,0,0.73247,-0.95703,43.948,-1.914,-1,450.000,-1,400.000,-1,350.000,325.000,300.000,300.000,-1,-1,-1,-1,-1,875.000,-1,-1,2,0,2,0,2,0,0,0,0,2,2,2,2,2,0,2,2
74,3277.368,-8973.688,123.821,-27.058,0.889951,0.454516,-0.037457,-0.451713,0.889805,0.064819,0.062791,-0.040766,0.997194,0,0.73247,-0.95703,43.948,-1.914,-1,425.000,-1,400.000,-1,350.000,325.000,300.000,300.000,-1,-1,-1,-1,-1,875.000,-1,-1,2,0,2,0,2,0,0,0,0,2,2,2,2,2,0,2,2
75,3315.816,-8994.975,126.582,-28.972,0.874454,0.483951,-0.033495,-0.481180,0.874071,0.066823,0.061616,-0.042316,0.997202,0,0.73247,-0.95703,43.948,-1.914,-1,425.000,-1,400.000,-1,350.000,325.000,300.000,300.000,-1,-1,-1,-1,1000.000,875.000,-1,-1,2,0,2,0,2,0,0,0,0,2,2,2,2,0,0,2,2
76,3353.532,-9017.535,129.419,-30.886,0.857968,0.512847,-0.029639,-0.510126,0.857372,0.068442,0.060512,-0.043602,0.997215,0,0.73247,-0.95703,43.948,-1.914,-1,425.000,-1,400.000,-1,325.000,325.000,300.000,325.000,-1,-1,-1,-1,975.000,875.000,-1,-1,2,0,2,0,2,0,0,0,0,2,2,2,2,0,0,2,2
77,3390.473,-9041.342,131.970,-32.800,0.840441,0.541204,-0.027522,-0.538512,0.839776,0.069150,0.060537,-0.043295,0.997227,0,0.73247,-0.95703,43.948,-1.914,-1,425.000,-1,400.000,-1,325.000,325.000,300.000,325.000,-1,-1,-1,-1,950.000,875.000,-1,-1,2,0,2,0,2,0,0,0,0,2,2,2,2,0,0,2,2
78,3426.599,-9066.370,134.612,-34.714,0.821967,0.568964,-0.025515,-0.566305,0.821249,0.069632,0.060572,-0.042786,0.997246,0,0.73247,-0.95703,43.948,-1.914,-1,425.000,-1,400.000,-1,325.000,325.000,300.000,325.000,-1,-1,-1,-1,925.000,875.000,-1,-1,2,0,2,0,2,0,0,0,0,2,2,2,2,0,0,2,2
79,3461.868,-9092.591,137.343,-36.628,0.802566,0.596095,-0.023634,-0.593475,0.801811,0.069898,0.060616,-0.042071,0.997274,0,0.73247,-0.95703,43.948,-1.914,-1,425.000,-1,400.000,-1,325.000,325.000,300.000,325.000,-1,-1,-1,-1,925.000,875.000,-1,-1,2,0,2,0,2,0,0,0,0,2,2,2,2,0,0,2,2
80,3496.242,-9119.975,140.144,-38.542,0.782259,0.622568,-0.021895,-0.619997,0.781486,0.069882,0.060617,-0.041091,0.997315,0,0.73247,-0.95703,43.948,-1.914,-1,425.000,-1,400.000,-1,325.000,325.000,325.000,325.000,-1,-1,-1,-1,900.000,875.000,-1,-1,2,0,2,0,2,0,0,0,0,2,2,2,2,0,0,2,2
81,3529.681,-9148.493,142.773,-40.457,0.761046,0.648379,-0.020357,-0.645930,0.760321,0.068453,0.059861,-0.038947,0.997447,0,0.73247,-0.95703,43.948,-1.914,-1,400.000,-1,400.000,-1,325.000,325.000,325.000,325.000,-1,-1,-1,-1,900.000,850.000,-1,-1,2,0,2,0,2,0,0,0,0,2,2,2,2,0,0,2,2
82,3562.149,-9178.111,145.390,-42.371,0.738958,0.673480,-0.019104,-0.671178,0.738316,0.066406,0.058828,-0.036249,0.997610,0,0.73247,-0.95703,43.948,-1.914,-1,400.000,-1,400.000,-1,325.000,325.000,325.000,325.000,-1,-1,-1,-1,900.000,850.000,-1,-1,2,0,2,0,2,0,0,0,0,2,2,2,2,0,0,2,2
83,3593.610,-9208.797,148.093,-44.285,0.716029,0.697834,-0.018141,-0.695672,0.715481,0.064244,0.057811,-0.033380,0.997769,0,0.73247,-0.95703,43.948,-1.914,-1,400.000,-1,400.000,-1,325.000,325.000,325.000,325.000,-1,-1,-1,-1,875.000,825.000,-1,-1,2,0,2,0,2,0,0,0,0,2,2,2,2,0,0,2,2
84,3624.029,-9240.517,150.880,-46.199,0.692285,0.721412,-0.017475,-0.719384,0.691841,0.061989,0.056809,-0.030343,0.997924,0,0.73247,-0.95703,43.948,-1.914,-1,400.000,-1,400.000,-1,325.000,325.000,325.000,325.000,-1,-1,-1,-1,875.000,825.000,-1,-1,2,0,2,0,2,0,0,0,0,2,2,2,2,0,0,2,2
85,3653.371,-9273.235,153.331,-48.113,0.667801,0.744151,-0.016750,-0.742143,0.667389,0.061770,0.057146,-0.028819,0.997950,0,0.73247,-0.95703,43.948,-1.914,-1,400.000,-1,400.000,-1,325.000,325.000,325.000,325.000,-1,-1,-1,-1,875.000,825.000,-1,-1,2,0,2,0,2,0,0,0,0,2,2,2,2,0,0,2,2
86,3681.604,-9306.915,155.711,-50.027,0.642581,0.766050,-0.016032,-0.764022,0.642182,0.062229,0.057966,-0.027738,0.997933,0,0.73247,-0.95703,43.948,-1.914,-1,400.000,-1,400.000,-1,325.000,325.000,325.000,325.000,-1,-1,-1,-1,875.000,825.000,-1,-1,2,0,2,0,2,0,0,0,0,2,2,2,2,0,0,2,2
87,3708.697,-9341.519,158.180,-51.941,0.616632,0.787100,-0.015444,-0.785058,0.616259,0.062528,0.058734,-0.026432,0.997924,0,0.73247,-0.95703,43.948,-1.914,-1,400.000,-1,400.000,-1,325.000,325.000,325.000,325.000,-1,-1,-1,-1,875.000,825.000,-1,-1,2,0,2,0,2,0,0,0,0,2,2,2,2,0,0,2,2
88,3734.619,-9377.008,160.737,-53.855,0.589984,0.807276,-0.014997,-0.805224,0.589649,0.062678,0.059442,-0.024903,0.997921,0,0.73247,-0.95703,43.948,-1.914,-1,400.000,-1,400.000,-1,325.000,325.000,325.000,325.000,-1,-1,-1,-1,875.000,825.000,-1,-1,2,0,2,0,2,0,0,0,0,2,2,2,2,0,0,2,2
89,3759.340,-9413.344,163.245,-55.769,0.562697,0.826544,-0.014009,-0.824508,0.562373,0.062640,0.059654,-0.023697,0.997938,0,0.73247,-0.95703,43.948,-1.914,-1,400.000,-1,400.000,-1,325.000,325.000,325.000,325.000,-1,-1,-1,-1,850.000,825.000,-1,-1,2,0,2,0,2,0,0,0,0,2,2,2,2,0,0,2,2
90,3782.835,-9450.485,165.611,-57.683,0.534826,0.844877,-0.012026,-0.842895,0.534458,0.062307,0.059069,-0.023187,0.997985,0,0.73247,-0.95703,43.948,-1.914,-1,400.000,-1,400.000,-1,325.000,325.000,325.000,325.000,-1,-1,-1,-1,850.000,825.000,-1,-1,2,0,2,0,2,0,0,0,0,2,2,2,2,0,0,2,2
91,3805.076,-9488.389,168.040,-59.597,0.506348,0.862270,-0.010160,-0.860352,0.505949,0.061733,0.058371,-0.022517,0.998041,0,0.73247,-0.95703,43.948,-1.914,-1,400.000,-1,400.000,-1,325.000,325.000,325.000,325.000,-1,-1,-1,-1,850.000,825.000,-1,-1,2,0,2,0,2,0,0,0,0,2,2,2,2,0,0,2,2
92,3823.893,-9522.718,170.252,-61.271,0.480968,0.876696,-0.008616,-0.874841,0.480550,0.061027,0.057642,-0.021815,0.998099,0,0.65247,-0.83703,39.148,-1.674,-1,400.000,-1,400.000,-1,325.000,325.000,325.000,325.000,-1,-1,-1,-1,825.000,825.000,-1,-1,2,0,2,0,2,0,0,0,0,2,2,2,2,0,0,2,2
93,3839.643,-9553.242,172.229,-62.705,0.458894,0.888461,-0.007360,-0.886666,0.458466,0.060264,0.056916,-0.021129,0.998155,0,0.57247,-0.71703,34.348,-1.434,-1,400.000,-1,400.000,-1,325.000,325.000,325.000,325.000,-1,-1,-1,-1,825.000,800.000,-1,-1,2,0,2,0,2,0,0,0,0,2,2,2,2,0,0,2,2
94,3852.643,-9579.777,173.954,-63.899,0.440289,0.897833,-0.006361,-0.896094,0.439858,0.059509,0.056227,-0.020501,0.998208,0,0.49247,-0.59703,29.548,-1.194,-1,400.000,-1,400.000,-1,325.000,325.000,325.000,325.000,-1,-1,-1,-1,825.000,800.000,-1,-1,2,0,2,0,2,0,0,0,0,2,2,2,2,0,0,2,2
95,3863.159,-9602.179,175.414,-64.853,0.425284,0.905043,-0.005585,-0.903351,0.424852,0.058810,0.055599,-0.019966,0.998254,0,0.41247,-0.47703,24.748,-0.954,-1,400.000,-1,400.000,-1,325.000,325.000,325.000,325.000,-1,-1,-1,-1,825.000,800.000,-1,-1,2,0,2,0,2,0,0,0,0,2,2,2,2,0,0,2,2
96,3871.350,-9620.368,176.602,-65.755,0.410985,0.911628,-0.004975,-0.909975,0.410557,0.058210,0.055108,-0.019397,0.998292,0,0.33247,-0.45097,19.948,-0.902,-1,400.000,-1,400.000,-1,325.000,325.000,300.000,325.000,-1,-1,-1,-1,800.000,800.000,-1,-1,2,0,2,0,2,0,0,0,0,2,2,2,2,0,0,2,2
97,3877.353,-9634.276,177.513,-66.657,0.396580,0.917989,-0.004503,-0.916365,0.396161,0.057725,0.054775,-0.018767,0.998322,0,0.25247,-0.45097,15.148,-0.902,-1,400.000,-1,400.000,-1,325.000,325.000,300.000,325.000,-1,-1,-1,-1,800.000,800.000,-1,-1,2,0,2,0,2,0,0,0,0,2,2,2,2,0,0,2,2
98,3881.303,-9643.841,178.141,-67.559,0.382073,0.924123,-0.004152,-0.922518,0.381667,0.057371,0.054603,-0.018090,0.998344,0,0.17247,-0.45097,10.348,-0.902,-1,400.000,-1,400.000,-1,325.000,325.000,300.000,325.000,-1,-1,-1,-1,800.000,800.000,-1,-1,2,0,2,0,2,0,0,0,0,2,2,2,2,0,0,2,2
99,3883.339,-9649.001,178.485,-68.461,0.367468,0.930028,-0.003906,-0.928433,0.367077,0.057160,0.054594,-0.017378,0.998357,0,0.09247,-0.45097,5.548,-0.902,-1,400.000,-1,400.000,-1,325.000,325.000,300.000,325.000,-1,-1,-1,-1,800.000,800.000,-1,-1,2,0,2,0,2,0,0,0,0,2,2,2,2,0,0,2,2
100,3883.603,-9649.701,178.540,-69.363,0.352769,0.935703,-0.003748,-0.934107,0.352396,0.057101,0.054751,-0.016642,0.998361,0,0.01247,-0.45097,0.748,-0.902,-1,400.000,-1,400.000,-1,325.000,325.000,300.000,325.000,-1,-1,-1,-1,800.000,800.000,-1,-1,2,0,2,0,2,0,0,0,0,2,2,2,2,0,0,2,2
101,3882.235,-9645.888,178.305,-70.265,0.337982,0.941145,-0.003662,-0.939540,0.337628,0.057205,0.055075,-0.015893,0.998356,0,-0.06753,-0.45097,-4.052,-0.902,-1,400.000,-1,400.000,-1,325.000,325.000,300.000,325.000,-1,-1,-1,-1,800.000,800.000,-1,-1,2,0,2,0,2,0,0,0,0,2,2,2,2,0,0,2,2
102,3879.377,-9637.510,177.780,-71.167,0.323110,0.946355,-0.003632,-0.944729,0.322775,0.057478,0.055567,-0.015141,0.998340,0,-0.14753,-0.45097,-8.852,-0.902,-1,400.000,-1,400.000,-1,325.000,325.000,300.000,325.000,-1,-1,-1,-1,800.000,800.000,-1,-1,2,0,2,0,2,0,0,0,0,2,2,2,2,0,0,2,2
103,3875.174,-9624.521,176.963,-72.069,0.308157,0.951329,-0.003641,-0.949673,0.307842,0.057925,0.056227,-0.014393,0.998314,0,-0.22753,-0.45097,-13.652,-0.902,-1,400.000,-1,400.000,-1,325.000,325.000,300.000,325.000,-1,-1,-1,-1,800.000,800.000,-1,-1,2,0,2,0,2,0,0,0,0,2,2,2,2,0,0,2,2
104,3869.770,-9606.878,175.855,-72.971,0.293127,0.956066,-0.003673,-0.954370,0.292832,0.058552,0.057055,-0.013657,0.998278,0,-0.30753,-0.45097,-18.452,-0.902,-1,400.000,-1,400.000,-1,325.000,325.000,300.000,325.000,-1,-1,-1,-1,800.000,800.000,-1,-1,2,0,2,0,2,0,0,0,0,2,2,2,2,0,0,2,2
105,3864.540,-9588.791,174.726,-73.873,0.278025,0.960567,-0.003672,-0.958828,0.277748,0.059197,0.057883,-0.012938,0.998240,0,-0.31380,-0.45097,-18.828,-0.902,-1,400.000,-1,400.000,-1,325.000,325.000,300.000,325.000,-1,-1,-1,-1,800.000,800.000,-1,-1,2,0,2,0,2,0,0,0,0,2,2,2,2,0,0,2,2
106,3859.595,-9570.624,173.598,-74.775,0.262856,0.964828,-0.003631,-0.963048,0.262596,0.059846,0.058695,-0.012234,0.998201,0,-0.31380,-0.45097,-18.828,-0.902,-1,400.000,-1,400.000,-1,325.000,325.000,300.000,325.000,-1,-1,-1,-1,800.000,800.000,-1,-1,2,0,2,0,2,0,0,0,0,2,2,2,2,0,0,2,2
107,3854.937,-9552.381,172.472,-75.677,0.247622,0.968850,-0.003550,-0.967029,0.247378,0.060497,0.059491,-0.011547,0.998162,0,-0.31380,-0.45097,-18.828,-0.902,-1,400.000,-1,400.000,-1,325.000,325.000,300.000,325.000,-1,-1,-1,-1,800.000,800.000,-1,-1,2,0,2,0,2,0,0,0,0,2,2,2,2,0,0,2,2
108,3850.567,-9534.067,171.349,-76.579,0.232328,0.972632,-0.003431,-0.970768,0.232098,0.061149,0.060272,-0.010876,0.998123,0,-0.31380,-0.45097,-18.828,-0.902,-1,400.000,-1,400.000,-1,325.000,325.000,300.000,325.000,-1,-1,-1,-1,825.000,800.000,-1,-1,2,0,2,0,2,0,0,0,0,2,2,2,2,0,0,2,2
109,3846.485,-9515.687,170.227,-77.480,0.216977,0.976171,-0.003271,-0.974267,0.216761,0.061800,0.061037,-0.010222,0.998083,0,-0.31380,-0.45097,-18.828,-0.902,-1,400.000,-1,400.000,-1,325.000,325.000,300.000,325.000,-1,-1,-1,-1,825.000,825.000,-1,-1,2,0,2,0,2,0,0,0,0,2,2,2,2,0,0,2,2
110,3842.694,-9497.244,169.108,-78.382,0.201574,0.979469,-0.003072,-0.977523,0.201369,0.062450,0.061786,-0.009585,0.998043,0,-0.31380,-0.45097,-18.828,-0.902,-1,400.000,-1,400.000,-1,325.000,325.000,300.000,325.000,-1,-1,-1,-1,825.000,825.000,-1,-1,2,0,2,0,2,0,0,0,0,2,2,2,2,0,0,2,2
111,3839.193,-9478.744,167.992,-79.284,0.186122,0.982523,-0.002834,-0.980536,0.185927,0.063096,0.062520,-0.008965,0.998003,0,-0.31380,-0.45097,-18.828,-0.902,-1,400.000,-1,400.000,-1,325.000,325.000,300.000,325.000,-1,-1,-1,-1,825.000,825.000,-1,-1,2,0,2,0,2,0,0,0,0,2,2,2,2,0,0,2,2
112,3835.984,-9460.192,166.878,-80.186,0.170625,0.985333,-0.002556,-0.983305,0.170439,0.063737,0.063238,-0.008362,0.997963,0,-0.31380,-0.45097,-18.828,-0.902,-1,400.000,-1,400.000,-1,325.000,325.000,300.000,325.000,-1,-1,-1,-1,825.000,825.000,-1,-1,2,0,2,0,2,0,0,0,0,2,2,2,2,0,0,2,2
113,3833.067,-9441.591,165.766,-81.088,0.155087,0.987898,-0.002238,-0.985829,0.154908,0.064373,0.063941,-0.007777,0.997923,0,-0.31380,-0.45097,-18.828,-0.902,-1,400.000,-1,425.000,-1,325.000,325.000,300.000,325.000,-1,-1,-1,-1,825.000,825.000,-1,-1,2,0,2,0,2,0,0,0,0,2,2,2,2,0,0,2,2
114,3830.443,-9422.946,164.658,-81.990,0.139513,0.990218,-0.001881,-0.988109,0.139339,0.065001,0.064627,-0.007209,0.997883,0,-0.31380,-0.45097,-18.828,-0.902,-1,400.000,-1,425.000,-1,325.000,325.000,300.000,325.000,-1,-1,-1,-1,825.000,825.000,-1,-1,2,0,2,0,2,0,0,0,0,2,2,2,2,0,0,2,2
115,3828.113,-9404.263,163.552,-82.892,0.123905,0.992293,-0.001486,-0.990143,0.123735,0.065620,0.065299,-0.006660,0.997844,0,-0.31380,-0.45097,-18.828,-0.902,-1,400.000,-1,425.000,-1,325.000,325.000,300.000,325.000,-1,-1,-1,-1,825.000,850.000,-1,-1,2,0,2,0,2,0,0,0,0,2,2,2,2,0,0,2,2
116,3826.078,-9385.545,162.450,-83.794,0.108269,0.994121,-0.001051,-0.991931,0.108100,0.066230,0.065954,-0.006128,0.997804,0,-0.31380,-0.45097,-18.828,-0.902,-1,400.000,-1,425.000,-1,325.000,325.000,300.000,325.000,-1,-1,-1,-1,825.000,850.000,-1,-1,2,0,2,0,2,0,0,0,0,2,2,2,2,0,0,2,2
117,3824.337,-9366.798,161.351,-84.696,0.092607,0.995703,-0.000578,-0.993473,0.092439,0.066827,0.066593,-0.005614,0.997764,0,-0.31380,-0.45097,-18.828,-0.902,-1,400.000,-1,425.000,-1,325.000,325.000,300.000,325.000,-1,-1,-1,-1,825.000,850.000,-1,-1,2,0,2,0,2,0,0,0,0,2,2,2,2,0,0,2,2
118,3823.202,-9352.816,160.512,-85.358,0.081094,0.996706,-0.000283,-0.994452,0.080930,0.067195,0.066996,-0.005168,0.997740,0,-0.23380,-0.33097,-14.028,-0.662,-1,400.000,-1,425.000,-1,325.000,325.000,300.000,325.000,-1,-1,-1,-1,825.000,850.000,-1,-1,2,0,2,0,2,0,0,0,0,2,2,2,2,0,0,2,2
119,3822.523,-9343.612,159.944,-85.780,0.073746,0.997277,-0.000141,-0.995010,0.073588,0.067384,0.067211,-0.004829,0.997727,0,-0.15380,-0.21097,-9.228,-0.422,-1,400.000,-1,425.000,-1,325.000,325.000,300.000,325.000,-1,-1,-1,-1,825.000,850.000,-1,-1,2,0,2,0,2,0,0,0,0,2,2,2,2,0,0,2,2
120,3822.211,-9339.195,159.672,-85.962,0.070576,0.997506,-0.000075,-0.995232,0.070420,0.067481,0.067318,-0.004688,0.997721,0,-0.07380,-0.09097,-4.428,-0.182,-1,400.000,-1,425.000,-1,325.000,325.000,300.000,325.000,-1,-1,-1,-1,825.000,875.000,-1,-1,2,0,2,0,2,0,0,0,0,2,2,2,2,0,0,2,2
121,3822.238,-9339.566,159.696,-85.904,0.071588,0.997434,-0.000089,-0.995160,0.071431,0.067488,0.067321,-0.004743,0.997720,0,0.00620,0.02903,0.372,0.058,-1,400.000,-1,425.000,-1,325.000,325.000,300.000,325.000,-1,-1,-1,-1,825.000,875.000,-1,-1,2,0,2,0,2,0,0,0,0,2,2,2,2,0,0,2,2
122,3822.634,-9344.722,160.015,-85.606,0.076781,0.997048,-0.000181,-0.994780,0.076619,0.067403,0.067218,-0.004995,0.997726,0,0.08620,0.14903,5.172,0.298,-1,400.000,-1,425.000,-1,325.000,325.000,300.000,325.000,-1,-1,-1,-1,825.000,850.000,-1,-1,2,0,2,0,2,0,0,0,0,2,2,2,2,0,0,2,2
123,3823.491,-9354.657,160.632,-85.068,0.086151,0.996282,-0.000340,-0.994026,0.085978,0.067228,0.067007,-0.005454,0.997738,0,0.16620,0.26903,9.972,0.538,-1,400.000,-1,425.000,-1,325.000,325.000,300.000,325.000,-1,-1,-1,-1,825.000,850.000,-1,-1,2,0,2,0,2,0,0,0,0,2,2,2,2,0,0,2,2
124,3824.961,-9369.356,161.493,-84.290,0.099673,0.995020,-0.000736,-0.992794,0.099499,0.066781,0.066521,-0.005926,0.997767,0,0.24620,0.38903,14.772,0.778,-1,400.000,-1,425.000,-1,325.000,325.000,300.000,325.000,-1,-1,-1,-1,825.000,850.000,-1,-1,2,0,2,0,2,0,0,0,0,2,2,2,2,0,0,2,2
125,3827.254,-9388.792,162.635,-83.272,0.117339,0.993091,-0.001226,-0.990907,0.117162,0.066161,0.065847,-0.006549,0.997808,0,0.32620,0.50903,19.572,1.018,-1,400.000,-1,425.000,-1,325.000,325.000,300.000,325.000,-1,-1,-1,-1,825.000,850.000,-1,-1,2,0,2,0,2,0,0,0,0,2,2,2,2,0,0,2,2
126,3830.641,-9412.928,164.063,-82.013,0.139120,0.990274,-0.001766,-0.988141,0.138937,0.065370,0.064979,-0.007349,0.997860,0,0.40620,0.62903,24.372,1.258,-1,400.000,-1,425.000,-1,325.000,325.000,300.000,325.000,-1,-1,-1,-1,825.000,825.000,-1,-1,2,0,2,0,2,0,0,0,0,2,2,2,2,0,0,2,2
127,3835.448,-9441.701,165.779,-80.515,0.164972,0.986296,-0.002315,-0.984226,0.164777,0.064400,0.063899,-0.008346,0.997921,0,0.48620,0.74903,29.172,1.498,-1,400.000,-1,425.000,-1,325.000,325.000,300.000,325.000,-1,-1,-1,-1,825.000,825.000,-1,-1,2,0,2,0,2,0,0,0,0,2,2,2,2,0,0,2,2
128,3842.059,-9475.022,167.786,-78.777,0.194828,0.980833,-0.002820,-0.978839,0.194614,0.063250,0.062587,-0.009562,0.997994,0,0.56620,0.86903,33.972,1.738,-1,400.000,-1,400.000,-1,325.000,325.000,300.000,325.000,-1,-1,-1,-1,825.000,825.000,-1,-1,2,0,2,0,2,0,0,0,0,2,2,2,2,0,0,2,2
129,3850.914,-9512.770,170.085,-76.799,0.228593,0.973517,-0.003224,-0.971608,0.228350,0.061921,0.061017,-0.011022,0.998076,0,0.64620,0.98903,38.772,1.978,-1,400.000,-1,400.000,-1,325.000,325.000,300.000,325.000,-1,-1,-1,-1,825.000,825.000,-1,-1,2,0,2,0,2,0,0,0,0,2,2,2,2,0,0,2,2
130,3862.338,-9554.817,172.685,-74.799,0.262460,0.964937,-0.003412,-0.963126,0.262181,0.060411,0.059188,-0.012569,0.998168,0,0.72620,1.00000,43.572,2.000,-1,400.000,-1,400.000,-1,325.000,325.000,300.000,325.000,-1,-1,-1,-1,800.000,800.000,-1,-1,2,0,2,0,2,0,0,0,0,2,2,2,2,0,0,2,2
131,3876.643,-9601.025,175.586,-72.799,0.296012,0.955178,-0.003347,-0.953476,0.295691,0.058741,0.057098,-0.014197,0.998268,0,0.80620,1.00000,48.372,2.000,-1,400.000,-1,400.000,-1,325.000,325.000,300.000,325.000,-1,-1,-1,-1,800.000,800.000,-1,-1,2,0,2,0,2,0,0,0,0,2,2,2,2,0,0,2,2
132,3894.130,-9651.238,178.787,-70.799,0.329209,0.944252,-0.002997,-0.942669,0.328837,0.056935,0.054746,-0.015919,0.998373,0,0.88620,1.00000,53.172,2.000,-1,400.000,-1,400.000,-1,325.000,325.000,300.000,325.000,-1,-1,-1,-1,800.000,800.000,-1,-1,2,0,2,0,2,0,0,0,0,2,2,2,2,0,0,2,2
133,3911.594,-9696.824,181.666,-69.039,0.358107,0.933678,-0.002123,-0.932214,0.357671,0.055211,0.052309,-0.017792,0.998472,0,0.81361,0.88000,48.817,1.760,-1,400.000,-1,400.000,-1,325.000,325.000,300.000,325.000,-1,-1,-1,-1,800.000,775.000,-1,-1,2,0,2,0,2,0,0,0,0,2,2,2,2,0,0,2,2
134,3930.260,-9741.931,184.378,-67.519,0.382776,0.923840,-0.001597,-0.922476,0.382303,0.053695,0.050216,-0.019080,0.998556,0,0.81361,0.76000,48.817,1.520,-1,400.000,-1,400.000,-1,325.000,325.000,300.000,325.000,-1,-1,-1,-1,800.000,775.000,-1,-1,2,0,2,0,2,0,0,0,0,2,2,2,2,0,0,2,2
135,3949.929,-9786.609,186.994,-66.239,0.403321,0.915057,-0.001503,-0.913768,0.402839,0.052422,0.048575,-0.019769,0.998624,0,0.81361,0.64000,48.817,1.280,-1,400.000,-1,400.000,-1,325.000,325.000,300.000,325.000,-1,-1,-1,-1,775.000,775.000,-1,-1,2,0,2,0,2,0,0,0,0,2,2,2,2,0,0,2,2
136,3970.406,-9830.923,189.589,-65.199,0.419858,0.907588,-0.001570,-0.906361,0.419379,0.051291,0.047209,-0.020112,0.998683,0,0.81361,0.52000,48.817,1.040,-1,400.000,-1,400.000,-1,325.000,325.000,325.000,325.000,-1,-1,-1,-1,775.000,750.000,-1,-1,2,0,2,0,2,0,0,0,0,2,2,2,2,0,0,2,2
137,3991.500,-9874.947,192.076,-64.399,0.432459,0.901651,-0.002165,-0.900469,0.432013,0.050201,0.046199,-0.019760,0.998737,0,0.81361,0.40000,48.817,0.800,-1,400.000,-1,400.000,-1,325.000,325.000,325.000,325.000,-1,-1,-1,-1,775.000,750.000,-1,-1,2,0,2,0,2,0,0,0,0,2,2,2,2,0,0,2,2
138,4013.022,-9918.763,194.563,-63.839,0.441217,0.897396,-0.002784,-0.896258,0.440810,0.049067,0.045260,-0.019154,0.998792,0,0.81361,0.28000,48.817,0.560,-1,400.000,-1,400.000,-1,325.000,325.000,325.000,325.000,-1,-1,-1,-1,775.000,750.000,-1,-1,2,0,2,0,2,0,0,0,0,2,2,2,2,0,0,2,2
139,4034.790,-9962.458,196.781,-63.519,0.446226,0.894916,-0.002847,-0.893774,0.445813,0.049182,0.045283,-0.019402,0.998786,0,0.81361,0.16000,48.817,0.320,-1,400.000,-1,400.000,-1,325.000,325.000,325.000,300.000,-1,-1,-1,-1,800.000,750.000,-1,-1,2,0,2,0,2,0,0,0,0,2,2,2,2,0,0,2,2
