timestep,x_cm,y_cm,z_cm,yaw_deg,basis_xx,basis_xy,basis_xz,basis_yx,basis_yy,basis_yz,basis_zx,basis_zy,basis_zz,teleport_flag,throttle_cmd,steering_cmd,cmd_move_cm,cmd_turn_deg,lidar_cm_0,lidar_cm_1,lidar_cm_2,lidar_cm_3,lidar_cm_4,lidar_cm_5,lidar_cm_6,lidar_cm_7,lidar_cm_8,lidar_cm_9,lidar_cm_10,lidar_cm_11,lidar_cm_12,lidar_cm_13,lidar_cm_14,lidar_cm_15,lidar_cm_16,lidar_class_0,lidar_class_1,lidar_class_2,lidar_class_3,lidar_class_4,lidar_class_5,lidar_class_6,lidar_class_7,lidar_class_8,lidar_class_9,lidar_class_10,lidar_class_11,lidar_class_12,lidar_class_13,lidar_class_14,lidar_class_15,lidar_class_16
0,-5570.842,-8856.517,-43.219,-17.695,0.952834,0.303237,-0.012450,-0.303369,0.950472,-0.067598,-0.008665,0.068187,0.997635,1,0.08000,0.03317,4.800,0.066,-1,400.000,-1,400.000,950.000,325.000,325.000,300.000,300.000,600.000,-1,-1,-1,750.000,625.000,-1,825.000,2,1,2,0,1,0,0,0,0,1,2,2,2,0,1,2,1
1,-5561.693,-8859.425,-43.299,-17.630,0.953176,0.302157,-0.012489,-0.302295,0.950817,-0.067569,-0.008541,0.068181,0.997636,0,0.16000,0.03255,9.600,0.065,-1,400.000,-1,400.000,925.000,325.000,325.000,300.000,300.000,625.000,-1,-1,-1,725.000,625.000,-1,825.000,2,1,2,0,1,0,0,0,0,1,2,2,2,1,1,2,1
2,-5547.965,-8863.771,-43.419,-17.567,0.953504,0.301119,-0.012549,-0.301263,0.951147,-0.067525,-0.008397,0.068166,0.997639,0,0.24000,0.03129,14.400,0.063,-1,400.000,-1,400.000,925.000,325.000,325.000,300.000,300.000,625.000,-1,-1,-1,725.000,625.000,-1,800.000,2,1,2,0,1,0,0,0,0,1,2,2,2,1,1,2,1
3,-5529.654,-8869.547,-43.578,-17.508,0.953810,0.300144,-0.012631,-0.300297,0.951457,-0.067469,-0.008233,0.068145,0.997641,0,0.32000,0.02936,19.200,0.059,-1,400.000,-1,400.000,900.000,325.000,325.000,300.000,300.000,625.000,-1,-1,-1,725.000,600.000,-1,775.000,2,1,2,0,1,1,0,0,0,1,2,2,2,1,1,2,1
4,-5506.759,-8876.746,-43.776,-17.455,0.954087,0.299258,-0.012735,-0.299421,0.951738,-0.067398,-0.008049,0.068117,0.997645,0,0.40000,0.02669,24.000,0.053,-1,375.000,-1,400.000,875.000,325.000,325.000,300.000,300.000,650.000,-1,-1,-1,725.000,600.000,-1,750.000,2,1,2,0,1,1,0,0,0,1,2,2,2,1,1,2,1
5,-5479.279,-8885.363,-44.014,-17.408,0.954327,0.298487,-0.012864,-0.298661,0.951982,-0.067315,-0.007847,0.068082,0.997649,0,0.48000,0.02322,28.800,0.046,-1,375.000,-1,400.000,825.000,325.000,325.000,300.000,300.000,650.000,-1,-1,-1,725.000,575.000,-1,725.000,2,1,2,1,1,1,1,0,0,1,2,2,2,1,1,2,1
6,-5451.452,-8894.067,-44.255,-17.371,0.954521,0.297861,-0.012997,-0.298047,0.952181,-0.067232,-0.007650,0.068048,0.997653,0,0.48594,0.01886,29.157,0.038,-1,375.000,-1,375.000,800.000,300.000,325.000,300.000,300.000,675.000,-1,-1,-1,700.000,575.000,-1,700.000,2,1,2,1,1,1,1,0,0,1,2,2,2,1,1,2,1
7,-5419.080,-8904.320,-44.547,-17.573,0.953463,0.301223,-0.013154,-0.301411,0.951128,-0.067134,-0.007711,0.067974,0.997657,0,0.56594,-0.10114,33.957,-0.202,-1,375.000,-1,375.000,750.000,300.000,300.000,300.000,300.000,675.000,-1,-1,-1,700.000,550.000,-1,675.000,2,1,2,1,1,1,1,0,0,1,2,2,2,1,1,2,1
8,-5382.629,-8916.069,-44.893,-17.866,0.951910,0.306087,-0.013332,-0.306277,0.949580,-0.067019,-0.007854,0.067880,0.997663,0,0.63829,-0.14657,38.297,-0.293,-1,375.000,-1,350.000,725.000,300.000,300.000,300.000,300.000,700.000,-1,-1,-1,675.000,525.000,-1,625.000,2,1,2,1,1,1,1,0,0,1,2,2,2,1,1,2,1
9,-5346.117,-8928.052,-45.249,-18.170,0.950277,0.311114,-0.013499,-0.311303,0.947950,-0.066937,-0.008029,0.067811,0.997666,0,0.64047,-0.15173,38.428,-0.303,-1,375.000,-1,350.000,675.000,300.000,300.000,300.000,300.000,700.000,-1,-1,-1,650.000,500.000,-1,600.000,2,1,2,1,1,1,1,0,0,1,2,2,2,1,1,2,1
10,-5309.526,-8940.284,-45.593,-18.484,0.948558,0.316309,-0.013654,-0.316496,0.946226,-0.066982,-0.008267,0.067857,0.997661,0,0.64301,-0.15719,38.581,-0.314,-1,350.000,-1,325.000,625.000,300.000,275.000,300.000,300.000,725.000,-1,-1,-1,625.000,500.000,-1,550.000,2,1,2,1,1,1,1,0,0,1,2,2,2,1,1,2,1
11,-5272.840,-8952.780,-45.899,-18.810,0.946744,0.321679,-0.014064,-0.321879,0.944394,-0.067186,-0.008330,0.068134,0.997641,0,0.64593,-0.16293,38.756,-0.326,-1,350.000,975.000,325.000,575.000,275.000,275.000,300.000,300.000,725.000,-1,-1,-1,625.000,475.000,-1,525.000,2,1,1,1,1,1,1,0,0,1,2,2,2,1,1,2,1
12,-5236.041,-8965.557,-46.222,-19.148,0.944831,0.327237,-0.014492,-0.327450,0.942462,-0.067395,-0.008396,0.068422,0.997621,0,0.64923,-0.16895,38.954,-0.338,-1,350.000,925.000,300.000,550.000,275.000,275.000,300.000,300.000,750.000,-1,-1,-1,600.000,450.000,-1,475.000,2,1,1,1,1,1,1,0,0,1,2,2,2,1,1,2,1
13,-5199.113,-8978.632,-46.561,-19.498,0.942812,0.332990,-0.014940,-0.333217,0.940423,-0.067609,-0.008463,0.068721,0.997600,0,0.65292,-0.17527,39.175,-0.351,-1,325.000,900.000,300.000,500.000,275.000,250.000,300.000,300.000,775.000,-1,-1,-1,575.000,425.000,-1,450.000,2,1,1,1,1,1,1,0,0,1,2,2,2,1,1,2,1
14,-5162.038,-8992.026,-46.877,-19.862,0.940681,0.338949,-0.015243,-0.339182,0.938280,-0.067727,-0.008654,0.068880,0.997587,0,0.65700,-0.18187,39.420,-0.364,-1,325.000,850.000,275.000,450.000,250.000,250.000,300.000,300.000,775.000,-1,-1,-1,550.000,400.000,-1,400.000,2,1,1,1,1,1,1,0,0,1,2,2,2,1,1,2,1
15,-5124.799,-9005.757,-46.432,-20.240,0.938387,0.345161,-0.017117,-0.345523,0.936127,-0.065418,-0.006556,0.067302,0.997711,0,0.66148,-0.18875,39.689,-0.378,-1,325.000,825.000,275.000,425.000,250.000,250.000,300.000,300.000,800.000,-1,-1,-1,525.000,400.000,-1,375.000,2,1,1,1,1,1,1,0,0,1,2,2,2,1,1,2,1
16,-5087.382,-9019.847,-44.919,-20.631,0.935892,0.351653,-0.021116,-0.352284,0.934003,-0.059456,-0.001186,0.063084,0.998008,0,0.66638,-0.19593,39.983,-0.392,-1,325.000,825.000,275.000,425.000,250.000,250.000,300.000,325.000,775.000,850.000,900.000,-1,525.000,400.000,-1,375.000,2,1,1,1,1,1,1,0,0,1,0,0,2,1,1,2,1
17,-5049.768,-9034.317,-43.229,-21.038,0.933229,0.358367,-0.025647,-0.359251,0.931719,-0.053277,0.004803,0.058934,0.998250,0,0.67168,-0.20341,40.301,-0.407,-1,325.000,825.000,275.000,425.000,250.000,250.000,300.000,325.000,800.000,575.000,625.000,-1,525.000,375.000,-1,375.000,2,1,1,1,1,1,1,0,0,1,0,0,2,1,1,2,1
18,-5011.943,-9049.189,-41.352,-21.461,0.930378,0.365310,-0.030733,-0.366422,0.929268,-0.046858,0.011442,0.054857,0.998429,0,0.67739,-0.21119,40.644,-0.422,-1,325.000,850.000,275.000,400.000,250.000,225.000,300.000,350.000,800.000,425.000,475.000,-1,525.000,375.000,-1,350.000,2,1,1,1,1,1,1,0,0,1,0,0,2,1,1,2,1
19,-4973.891,-9064.487,-39.280,-21.899,0.927322,0.372491,-0.036398,-0.373795,0.926641,-0.040174,0.018764,0.050859,0.998530,0,0.68352,-0.21927,41.011,-0.439,-1,325.000,850.000,275.000,400.000,250.000,225.000,300.000,350.000,800.000,325.000,400.000,-1,550.000,375.000,-1,350.000,2,1,1,1,1,1,1,0,0,1,0,0,2,1,1,2,1
20,-4931.445,-9081.723,-36.733,-22.098,0.925693,0.375788,-0.043313,-0.377236,0.925562,-0.032065,0.028039,0.046022,0.998547,0,0.76352,-0.09927,45.811,-0.199,-1,325.000,950.000,275.000,400.000,250.000,225.000,300.000,375.000,775.000,250.000,300.000,-1,550.000,375.000,-1,350.000,2,1,1,1,1,1,1,0,0,1,0,0,2,1,1,2,1
21,-4884.537,-9100.731,-33.648,-22.056,0.925498,0.375212,-0.051673,-0.376696,0.926064,-0.022476,0.039419,0.040266,0.998411,0,0.84352,0.02073,50.611,0.041,-1,325.000,-1,275.000,400.000,250.000,225.000,300.000,400.000,775.000,175.000,250.000,-1,575.000,375.000,-1,350.000,2,1,2,1,1,1,1,0,0,1,0,0,2,1,1,2,1
22,-2295.770,-8199.155,105.719,-152.852,-0.887017,0.456287,-0.070727,-0.455312,-0.889817,-0.030294,-0.076757,0.005331,0.997036,1,0.00000,0.00000,55.411,0.281,-1,400.000,-1,375.000,-1,325.000,325.000,325.000,300.000,700.000,425.000,500.000,-1,775.000,700.000,-1,-1,2,0,2,0,2,0,0,0,0,1,1,1,2,1,0,2,2
23,-2300.050,-8201.327,105.348,-153.092,-0.888935,0.452557,-0.070614,-0.451560,-0.891722,-0.030413,-0.076731,0.004851,0.997040,0,0.08000,-0.12000,4.800,-0.240,-1,400.000,-1,375.000,-1,325.000,325.000,325.000,300.000,725.000,425.000,500.000,-1,775.000,700.000,-1,-1,2,0,2,0,2,0,0,0,0,1,1,1,2,1,0,2,2
24,-2308.647,-8205.600,104.604,-153.572,-0.892724,0.445073,-0.070390,-0.444033,-0.895486,-0.030649,-0.076674,0.003894,0.997049,0,0.16000,-0.24000,9.600,-0.480,-1,400.000,-1,375.000,-1,325.000,325.000,325.000,300.000,750.000,425.000,500.000,-1,775.000,700.000,-1,-1,2,0,2,0,2,0,0,0,0,1,1,1,2,1,0,2,2
25,-2321.601,-8211.889,103.489,-154.106,-0.896870,0.436709,-0.070066,-0.435616,-0.899599,-0.030998,-0.076568,0.002721,0.997061,0,0.24000,-0.26700,14.400,-0.534,-1,400.000,-1,375.000,-1,325.000,325.000,325.000,300.000,800.000,450.000,525.000,-1,750.000,700.000,-1,-1,2,0,2,0,2,0,0,0,0,1,1,1,2,1,0,2,2
26,-2338.951,-8220.111,102.003,-154.644,-0.900977,0.428241,-0.069649,-0.427086,-0.903664,-0.031455,-0.076410,0.001406,0.997076,0,0.32000,-0.26911,19.200,-0.538,-1,400.000,-1,375.000,-1,325.000,325.000,325.000,300.000,850.000,450.000,525.000,-1,750.000,700.000,-1,-1,2,0,2,0,2,0,0,0,0,1,1,1,2,1,0,2,2
27,-2360.736,-8230.183,100.143,-155.188,-0.905051,0.419644,-0.069143,-0.418421,-0.907689,-0.032016,-0.076196,-0.000046,0.997093,0,0.40000,-0.27193,24.000,-0.544,-1,400.000,-1,375.000,-1,325.000,325.000,325.000,300.000,975.000,475.000,550.000,-1,750.000,700.000,-1,-1,2,0,2,0,2,0,0,0,0,1,1,1,2,1,0,2,2
28,-2386.992,-8242.017,97.907,-155.739,-0.909101,0.410896,-0.068554,-0.409598,-0.911681,-0.032677,-0.075926,-0.001627,0.997112,0,0.48000,-0.27548,28.800,-0.551,-1,400.000,-1,375.000,-1,325.000,325.000,325.000,300.000,-1,500.000,575.000,-1,750.000,700.000,-1,-1,2,0,2,0,2,0,0,0,0,2,1,1,2,1,0,2,2
29,-2417.758,-8255.524,95.294,-156.298,-0.913132,0.401972,-0.067886,-0.400593,-0.915646,-0.033432,-0.075598,-0.003333,0.997133,0,0.56000,-0.27977,33.600,-0.560,-1,400.000,-1,375.000,-1,325.000,325.000,325.000,300.000,-1,525.000,600.000,-1,725.000,700.000,1000.000,-1,2,0,2,0,2,0,0,0,0,2,1,1,2,1,0,1,2
30,-2453.070,-8270.609,92.300,-156.868,-0.917150,0.392846,-0.067146,-0.391382,-0.919590,-0.034274,-0.075211,-0.005154,0.997154,0,0.64000,-0.28482,38.400,-0.570,-1,400.000,-1,375.000,-1,325.000,325.000,325.000,325.000,-1,575.000,625.000,-1,725.000,700.000,975.000,-1,2,0,2,0,2,0,0,0,0,2,1,1,2,1,0,1,2
31,-2492.967,-8287.177,88.923,-157.449,-0.921159,0.383492,-0.066338,-0.381939,-0.923517,-0.035196,-0.074762,-0.007084,0.997176,0,0.72000,-0.29062,43.200,-0.581,975.000,400.000,-1,375.000,-1,325.000,325.000,325.000,325.000,-1,600.000,675.000,-1,700.000,700.000,925.000,-1,1,0,2,0,2,0,0,0,0,2,1,1,2,1,0,1,2
32,-2535.132,-8304.176,85.467,-158.044,-0.925149,0.373883,-0.065657,-0.372205,-0.927428,-0.036621,-0.074584,-0.009442,0.997170,0,0.75771,-0.29721,45.463,-0.594,925.000,400.000,-1,375.000,-1,325.000,325.000,325.000,325.000,-1,650.000,700.000,-1,700.000,675.000,875.000,-1,1,0,2,0,2,0,0,0,0,2,1,1,2,1,0,1,2
33,-2577.744,-8320.832,82.027,-158.652,-0.929134,0.364005,-0.064882,-0.362196,-0.931320,-0.038172,-0.074321,-0.011967,0.997163,0,0.76253,-0.30418,45.752,-0.608,850.000,400.000,-1,375.000,-1,325.000,300.000,300.000,325.000,-1,675.000,750.000,-1,675.000,675.000,825.000,-1,1,0,2,0,2,0,0,0,0,2,1,1,2,1,0,1,2
34,-2625.059,-8338.628,78.379,-159.389,-0.933855,0.351986,-0.063410,-0.350015,-0.935879,-0.040255,-0.073514,-0.015398,0.997175,0,0.84253,-0.36830,50.552,-0.737,800.000,400.000,-1,375.000,-1,325.000,300.000,300.000,325.000,-1,725.000,800.000,-1,675.000,700.000,775.000,-1,1,0,2,0,2,0,0,0,0,2,1,1,2,1,0,1,2
35,-2676.952,-8357.400,74.391,-160.114,-0.938360,0.340081,-0.061845,-0.337947,-0.940204,-0.042515,-0.072605,-0.018994,0.997180,0,0.91973,-0.36292,55.184,-0.726,725.000,400.000,-1,375.000,-1,325.000,300.000,300.000,325.000,-1,775.000,825.000,-1,650.000,675.000,725.000,-1,1,0,2,0,2,0,0,0,0,2,1,1,2,1,0,1,2
36,-2729.298,-8375.601,70.491,-160.828,-0.942606,0.328326,-0.060788,-0.326050,-0.944306,-0.044473,-0.072004,-0.022101,0.997159,0,0.92367,-0.35672,55.420,-0.713,650.000,400.000,-1,375.000,-1,325.000,300.000,300.000,325.000,-1,825.000,875.000,-1,625.000,675.000,700.000,-1,1,0,2,0,2,0,0,0,0,2,1,1,2,1,0,1,2
37,-2782.061,-8393.228,66.859,-161.528,-0.946645,0.316751,-0.059426,-0.314443,-0.948206,-0.045077,-0.070626,-0.023986,0.997214,0,0.92716,-0.35003,55.630,-0.700,600.000,400.000,-1,375.000,-1,325.000,300.000,300.000,325.000,-1,675.000,925.000,-1,625.000,675.000,650.000,-1,1,0,2,0,2,0,0,0,0,2,0,1,2,1,0,1,2
38,-2835.202,-8410.276,63.231,-162.214,-0.950465,0.305368,-0.058019,-0.303042,-0.951886,-0.045583,-0.069147,-0.025743,0.997274,0,0.93015,-0.34282,55.809,-0.686,575.000,400.000,-1,375.000,-1,325.000,300.000,300.000,325.000,-1,600.000,975.000,-1,625.000,675.000,625.000,-1,1,0,2,0,2,0,0,0,0,2,0,1,2,1,0,1,2
39,-2888.678,-8426.745,59.591,-162.884,-0.954066,0.294200,-0.056600,-0.291861,-0.955350,-0.046089,-0.067632,-0.027453,0.997333,0,0.93258,-0.33509,55.955,-0.670,525.000,400.000,-1,375.000,-1,325.000,325.000,300.000,325.000,-1,600.000,-1,-1,600.000,675.000,575.000,-1,1,0,2,0,2,0,0,0,0,2,0,2,2,1,0,1,2
40,-2942.442,-8442.633,55.941,-163.537,-0.957452,0.283269,-0.055171,-0.280923,-0.958598,-0.046595,-0.066085,-0.029113,0.997389,0,0.93437,-0.32681,56.062,-0.654,475.000,400.000,-1,375.000,-1,325.000,325.000,300.000,325.000,-1,600.000,900.000,-1,600.000,675.000,550.000,-1,1,0,2,0,2,0,0,0,0,2,0,0,2,1,0,1,2
41,-2996.442,-8457.941,52.285,-164.173,-0.960626,0.272599,-0.053731,-0.270252,-0.961637,-0.047098,-0.064509,-0.030723,0.997444,0,0.93547,-0.31797,56.128,-0.636,450.000,400.000,-1,375.000,-1,325.000,325.000,325.000,325.000,-1,600.000,775.000,-1,600.000,675.000,525.000,-1,1,0,2,0,2,0,0,0,0,2,0,0,2,1,0,1,2
42,-3050.623,-8472.672,48.627,-164.790,-0.963593,0.262213,-0.052281,-0.259869,-0.964470,-0.047600,-0.062905,-0.032281,0.997497,0,0.93579,-0.30856,56.148,-0.617,400.000,400.000,-1,375.000,-1,325.000,325.000,325.000,325.000,-1,600.000,675.000,-1,600.000,675.000,500.000,-1,1,0,2,0,2,0,0,0,0,2,0,0,2,1,0,1,2
43,-3104.924,-8486.830,44.971,-165.388,-0.966357,0.252134,-0.050823,-0.249799,-0.967102,-0.048099,-0.061278,-0.033785,0.997549,0,0.93528,-0.29858,56.117,-0.597,375.000,400.000,-1,375.000,-1,325.000,325.000,300.000,325.000,-1,575.000,625.000,-1,600.000,675.000,475.000,-1,1,0,2,0,2,0,0,1,0,2,0,0,2,1,0,1,2
44,-3159.282,-8500.420,41.321,-165.964,-0.968924,0.242386,-0.049356,-0.240065,-0.969540,-0.048593,-0.059631,-0.035234,0.997598,0,0.93386,-0.28804,56.031,-0.576,350.000,400.000,-1,375.000,-1,325.000,300.000,275.000,325.000,-1,575.000,625.000,-1,575.000,675.000,475.000,-1,1,1,2,0,2,0,0,1,0,2,0,0,2,1,0,1,2
45,-3213.629,-8513.451,37.721,-166.518,-0.971296,0.232988,-0.047962,-0.230673,-0.971784,-0.049251,-0.058084,-0.036774,0.997634,0,0.93146,-0.27697,55.888,-0.554,325.000,375.000,-1,375.000,-1,325.000,300.000,275.000,300.000,-1,550.000,625.000,-1,575.000,675.000,475.000,-1,1,0,2,0,2,0,0,1,0,2,0,0,2,1,0,1,2
46,-3267.896,-8525.931,34.876,-167.048,-0.973537,0.223966,-0.045445,-0.221738,-0.973858,-0.049323,-0.055304,-0.037941,0.997748,0,0.92805,-0.26538,55.683,-0.531,325.000,375.000,-1,375.000,-1,325.000,300.000,250.000,325.000,-1,525.000,575.000,-1,600.000,700.000,475.000,-1,1,1,2,0,2,0,0,1,0,2,0,0,2,1,0,1,2
47,-3322.009,-8537.873,32.421,-167.555,-0.975638,0.215342,-0.041939,-0.213288,-0.975784,-0.048525,-0.051373,-0.038398,0.997941,0,0.92360,-0.25334,55.416,-0.507,325.000,375.000,-1,375.000,-1,325.000,325.000,250.000,325.000,-1,450.000,500.000,-1,600.000,700.000,500.000,-1,1,1,2,0,2,0,0,1,0,2,0,0,2,1,0,1,2
48,-3371.574,-8548.136,30.441,-168.302,-0.978454,0.202610,-0.039701,-0.200714,-0.978519,-0.047059,-0.048383,-0.038077,0.998103,0,0.84360,-0.37334,50.616,-0.747,325.000,400.000,-1,375.000,-1,325.000,325.000,250.000,325.000,-1,450.000,500.000,-1,600.000,700.000,550.000,-1,1,1,2,0,2,0,0,1,0,2,0,0,2,1,0,1,2
49,-3416.591,-8556.651,28.564,-169.288,-0.981871,0.185727,-0.037870,-0.183936,-0.981846,-0.046317,-0.045785,-0.038512,0.998209,0,0.76360,-0.49334,45.816,-0.987,350.000,400.000,-1,375.000,-1,325.000,325.000,225.000,325.000,-1,450.000,475.000,-1,625.000,725.000,600.000,-1,1,1,2,0,2,0,0,1,0,2,0,0,2,1,0,1,2
50,-3457.961,-8563.563,26.716,-170.515,-0.985674,0.164656,-0.036529,-0.162912,-0.985545,-0.046476,-0.043654,-0.039860,0.998251,0,0.69906,-0.61334,41.944,-1.227,375.000,400.000,-1,400.000,-1,325.000,325.000,225.000,325.000,-1,475.000,475.000,-1,650.000,725.000,-1,-1,1,1,2,0,2,0,0,1,0,2,0,0,2,1,0,2,2
51,-3498.970,-8569.341,24.785,-171.982,-0.989603,0.139364,-0.035553,-0.137626,-0.989350,-0.047395,-0.041780,-0.042010,0.998243,0,0.69023,-0.73334,41.414,-1.467,400.000,400.000,-1,400.000,-1,325.000,325.000,200.000,325.000,-1,475.000,500.000,-1,650.000,725.000,-1,-1,1,1,2,0,2,0,0,1,0,2,0,0,2,1,0,2,2
52,-3539.519,-8573.907,22.812,-173.577,-0.993122,0.111754,-0.034920,-0.109991,-0.992729,-0.048896,-0.040131,-0.044718,0.998193,0,0.68008,-0.79765,40.805,-1.595,425.000,400.000,-1,375.000,-1,325.000,325.000,200.000,325.000,-1,500.000,525.000,-1,675.000,700.000,-1,-1,1,0,2,0,2,0,0,1,0,2,0,0,2,1,0,2,2
53,-3579.518,-8577.289,20.849,-175.170,-0.995857,0.084109,-0.034556,-0.082303,-0.995315,-0.050734,-0.038661,-0.047680,0.998114,0,0.66902,-0.79630,40.141,-1.593,450.000,400.000,-1,375.000,-1,325.000,325.000,200.000,325.000,-1,500.000,525.000,-1,700.000,700.000,-1,-1,1,0,2,0,2,0,0,1,0,2,0,0,2,1,0,2,2
54,-3618.912,-8579.521,18.904,-176.761,-0.997811,0.056436,-0.034466,-0.054571,-0.997110,-0.052857,-0.037350,-0.050860,0.998007,0,0.65761,-0.79542,39.457,-1.591,500.000,400.000,-1,375.000,-1,325.000,325.000,200.000,325.000,-1,525.000,550.000,-1,700.000,700.000,-1,-1,1,0,2,0,2,0,0,1,0,2,0,0,2,1,0,2,2
55,-3657.658,-8580.639,16.985,-178.351,-0.998986,0.028742,-0.034652,-0.026802,-0.998115,-0.055211,-0.036173,-0.054227,0.997873,0,0.64603,-0.79500,38.762,-1.590,-1,400.000,-1,375.000,-1,325.000,325.000,175.000,325.000,-1,550.000,575.000,-1,700.000,700.000,-1,-1,2,0,2,0,2,0,0,1,0,2,0,0,2,1,0,2,2
56,-3695.728,-8580.680,15.323,-179.941,-0.999408,0.001035,-0.034384,0.000922,-0.998383,-0.056838,-0.034387,-0.056836,0.997791,0,0.63449,-0.79503,38.069,-1.590,-1,400.000,-1,375.000,-1,325.000,325.000,175.000,325.000,-1,575.000,600.000,-1,725.000,700.000,-1,-1,2,0,2,0,2,0,0,1,0,2,0,0,2,1,0,2,2
57,-3733.104,-8579.681,14.155,-181.532,-0.999074,-0.026683,-0.033739,0.028572,-0.997976,-0.056808,-0.032155,-0.057719,0.997815,0,0.62314,-0.79548,37.389,-1.591,-1,400.000,-1,375.000,-1,325.000,325.000,200.000,325.000,-1,575.000,625.000,-1,725.000,700.000,-1,-1,2,0,2,0,2,0,0,1,0,2,0,0,2,1,0,2,2
58,-3769.780,-8577.679,13.285,-183.124,-0.997949,-0.054410,-0.033713,0.056239,-0.996851,-0.055905,-0.030566,-0.057686,0.997867,0,0.61217,-0.79633,36.730,-1.593,-1,375.000,-1,375.000,-1,325.000,300.000,200.000,325.000,-1,625.000,650.000,-1,725.000,700.000,-1,-1,2,0,2,0,2,0,0,1,0,2,0,0,2,0,0,2,2
59,-3805.759,-8574.709,12.491,-184.719,-0.996055,-0.082138,-0.033595,0.083903,-0.994954,-0.055022,-0.028906,-0.057624,0.997920,0,0.60169,-0.79755,36.101,-1.595,-1,375.000,-1,375.000,-1,325.000,300.000,200.000,325.000,-1,675.000,675.000,-1,725.000,700.000,-1,-1,2,0,2,0,2,0,0,1,0,2,0,0,2,0,0,2,2
60,-3841.054,-8570.801,11.756,-186.318,-0.993388,-0.109856,-0.033343,0.111554,-0.992278,-0.054230,-0.027127,-0.057591,0.997972,0,0.59183,-0.79912,35.510,-1.598,-1,375.000,-1,375.000,-1,325.000,300.000,200.000,325.000,-1,700.000,725.000,-1,725.000,675.000,-1,-1,2,0,2,0,2,0,0,1,0,2,0,0,2,0,0,2,2
61,-3875.680,-8565.984,11.065,-187.920,-0.989947,-0.137554,-0.032925,0.139180,-0.988815,-0.053600,-0.025184,-0.057644,0.998019,0,0.58265,-0.80102,34.959,-1.602,-1,375.000,-1,375.000,-1,325.000,300.000,200.000,325.000,-1,750.000,750.000,-1,725.000,675.000,-1,-1,2,0,2,0,2,0,0,1,0,2,0,0,2,0,0,2,2
62,-3909.659,-8560.281,10.456,-189.526,-0.985727,-0.165220,-0.032309,0.166763,-0.984572,-0.052984,-0.023057,-0.057615,0.998073,0,0.57423,-0.80321,34.454,-1.606,-1,375.000,-1,375.000,-1,300.000,300.000,225.000,300.000,425.000,775.000,775.000,-1,725.000,675.000,-1,-1,2,0,2,0,2,0,0,1,0,1,0,0,2,0,0,2,2
63,-3943.015,-8553.714,9.920,-191.137,-0.980732,-0.192841,-0.031257,0.194280,-0.979542,-0.052476,-0.020498,-0.057538,0.998133,0,0.56659,-0.80567,33.995,-1.611,-1,375.000,-1,375.000,-1,300.000,300.000,225.000,300.000,375.000,800.000,775.000,-1,725.000,675.000,-1,-1,2,0,2,0,2,0,0,1,0,1,0,0,2,0,0,2,2
64,-3980.853,-8545.150,9.260,-192.753,-0.974961,-0.220368,-0.029804,0.221694,-0.973687,-0.052782,-0.017388,-0.058067,0.998161,0,0.64659,-0.80761,38.795,-1.615,-1,375.000,-1,375.000,-1,300.000,300.000,225.000,300.000,350.000,800.000,775.000,-1,725.000,700.000,-1,-1,2,0,2,0,2,0,0,1,0,1,0,0,2,0,0,2,2
65,-4018.540,-8535.498,8.747,-194.367,-0.968416,-0.247689,-0.028637,0.248928,-0.967016,-0.053988,-0.014320,-0.059412,0.998131,0,0.64837,-0.80710,38.902,-1.614,-1,375.000,-1,375.000,-1,325.000,300.000,225.000,300.000,350.000,750.000,775.000,-1,725.000,700.000,-1,1000.000,2,0,2,0,2,0,0,1,0,1,1,0,2,0,0,2,1
66,-4055.336,-8524.961,8.285,-195.981,-0.961113,-0.274801,-0.027331,0.275940,-0.959560,-0.055682,-0.010925,-0.061059,0.998074,0,0.63790,-0.80700,38.274,-1.614,-1,375.000,-1,375.000,-1,325.000,300.000,250.000,325.000,350.000,675.000,725.000,-1,725.000,700.000,-1,1000.000,2,0,2,0,2,0,0,1,0,1,1,0,2,0,0,2,1
67,-4091.229,-8513.579,7.770,-197.595,-0.953044,-0.301701,-0.026133,0.302737,-0.951347,-0.057347,-0.007560,-0.062565,0.998012,0,0.62756,-0.80733,37.654,-1.615,-1,375.000,-1,375.000,975.000,325.000,300.000,250.000,325.000,350.000,625.000,700.000,-1,725.000,700.000,-1,975.000,2,0,2,0,1,0,0,1,0,1,1,0,2,0,1,2,1
68,-4126.216,-8501.388,7.279,-199.211,-0.944217,-0.328378,-0.024933,0.329298,-0.942364,-0.059274,-0.004031,-0.064178,0.997930,0,0.61749,-0.80804,37.049,-1.616,-1,375.000,-1,375.000,950.000,325.000,300.000,250.000,325.000,375.000,575.000,650.000,-1,725.000,700.000,-1,950.000,2,0,2,0,1,0,0,1,0,1,1,0,2,0,1,2,1
69,-4160.302,-8488.421,6.852,-200.830,-0.934631,-0.354822,-0.023805,0.355620,-0.932618,-0.061304,-0.000449,-0.065762,0.997835,0,0.60781,-0.80912,36.469,-1.618,-1,375.000,-1,375.000,900.000,325.000,300.000,275.000,325.000,375.000,550.000,600.000,-1,725.000,700.000,-1,950.000,2,0,2,0,1,0,0,1,0,1,1,0,2,0,1,2,1
70,-4193.498,-8474.703,6.881,-202.451,-0.924254,-0.381065,-0.023328,0.381774,-0.922209,-0.061475,0.001913,-0.065725,0.997836,0,0.59863,-0.81056,35.918,-1.621,-1,375.000,-1,375.000,875.000,325.000,300.000,275.000,325.000,375.000,525.000,625.000,-1,725.000,700.000,-1,925.000,2,0,2,0,1,0,0,1,0,1,1,0,2,0,1,2,1
71,-4225.821,-8460.261,6.984,-204.075,-0.913115,-0.407061,-0.022845,0.407679,-0.911042,-0.061645,0.004281,-0.065602,0.997837,0,0.59004,-0.81232,35.402,-1.625,-1,375.000,-1,375.000,825.000,325.000,325.000,275.000,325.000,400.000,525.000,625.000,-1,725.000,675.000,-1,925.000,2,0,2,0,1,0,0,1,0,1,1,0,2,0,1,2,1
72,-4257.292,-8445.112,7.160,-205.704,-0.901214,-0.432797,-0.022356,0.433323,-0.899116,-0.061811,0.006652,-0.065392,0.997837,0,0.58210,-0.81438,34.926,-1.629,-1,375.000,-1,375.000,800.000,300.000,325.000,300.000,325.000,425.000,500.000,650.000,-1,725.000,675.000,-1,900.000,2,0,2,0,1,0,0,1,0,1,1,0,2,0,1,2,1
73,-4287.930,-8429.272,7.408,-207.338,-0.888549,-0.458260,-0.021860,0.458692,-0.886431,-0.061975,0.009023,-0.065095,0.997838,0,0.57484,-0.81672,34.490,-1.633,-1,375.000,-1,400.000,750.000,300.000,325.000,300.000,325.000,450.000,500.000,675.000,-1,725.000,675.000,-1,875.000,2,0,2,0,1,0,0,1,0,1,1,0,2,0,1,2,1
74,-4317.760,-8412.752,7.728,-208.976,-0.875121,-0.483433,-0.021358,0.483770,-0.872987,-0.062135,0.011393,-0.064708,0.997839,0,0.56830,-0.81932,34.098,-1.639,-1,375.000,1000.000,400.000,725.000,300.000,325.000,300.000,325.000,450.000,500.000,675.000,-1,725.000,650.000,-1,825.000,2,0,1,0,1,0,0,1,0,1,1,0,2,0,1,2,1
75,-4346.804,-8395.560,8.117,-210.621,-0.860928,-0.508300,-0.020849,0.508541,-0.858782,-0.062291,0.013758,-0.064231,0.997840,0,0.56249,-0.82216,33.750,-1.644,-1,375.000,975.000,400.000,675.000,300.000,325.000,300.000,325.000,475.000,500.000,675.000,-1,700.000,650.000,-1,800.000,2,0,1,0,1,0,0,0,0,1,1,1,2,1,1,2,1
76,-4379.487,-8375.117,8.648,-212.025,-0.848248,-0.529210,-0.020277,0.529360,-0.846093,-0.062487,0.015913,-0.063738,0.997840,0,0.64249,-0.70216,38.550,-1.404,-1,375.000,925.000,400.000,650.000,325.000,325.000,300.000,325.000,500.000,500.000,675.000,-1,650.000,625.000,-1,750.000,2,1,1,0,1,1,0,0,0,1,1,1,2,1,1,2,1
77,-4415.765,-8351.386,9.397,-213.189,-0.837345,-0.546320,-0.019679,0.546389,-0.835205,-0.062376,0.017641,-0.062983,0.997859,0,0.72249,-0.58216,43.350,-1.164,-1,375.000,875.000,400.000,625.000,300.000,325.000,300.000,325.000,550.000,525.000,700.000,-1,625.000,625.000,-1,700.000,2,1,1,0,1,1,0,0,0,1,1,1,2,1,1,2,1
78,-4455.629,-8324.381,10.335,-214.114,-0.828442,-0.559751,-0.019028,0.559750,-0.826327,-0.062158,0.019070,-0.062146,0.997885,0,0.80249,-0.46216,48.150,-0.924,-1,375.000,825.000,400.000,575.000,300.000,325.000,300.000,325.000,575.000,550.000,725.000,-1,575.000,575.000,1000.000,675.000,2,1,1,0,1,1,1,0,0,1,1,1,2,1,1,1,1
79,-4499.110,-8294.163,11.440,-214.798,-0.821712,-0.569609,-0.018318,0.569542,-0.819623,-0.061968,0.020284,-0.061353,0.997910,0,0.88249,-0.34216,52.950,-0.684,-1,350.000,775.000,375.000,550.000,300.000,300.000,300.000,325.000,625.000,600.000,750.000,-1,550.000,550.000,900.000,625.000,2,1,1,1,1,1,1,0,0,1,1,1,2,1,1,1,1
80,-4542.438,-8263.549,12.626,-215.242,-0.817280,-0.575974,-0.017534,0.575847,-0.815219,-0.061796,0.021299,-0.060601,0.997935,0,0.88421,-0.22216,53.052,-0.444,-1,325.000,725.000,375.000,500.000,275.000,300.000,325.000,325.000,700.000,650.000,800.000,-1,500.000,525.000,800.000,575.000,2,1,1,1,1,1,1,0,0,1,1,1,2,1,1,1,1
81,-4589.568,-8229.998,13.967,-215.447,-0.815227,-0.578900,-0.016749,0.578721,-0.813191,-0.061670,0.022081,-0.059968,0.997956,0,0.96421,-0.10216,57.852,-0.204,-1,325.000,650.000,350.000,475.000,275.000,275.000,325.000,325.000,750.000,700.000,850.000,-1,475.000,475.000,700.000,525.000,2,1,1,1,1,1,1,0,0,1,1,1,2,1,1,1,1
82,-4638.469,-8195.231,15.307,-215.411,-0.815589,-0.578420,-0.015629,0.578180,-0.813589,-0.061494,0.022853,-0.059190,0.997985,0,1.00000,0.01784,60.000,0.036,-1,300.000,600.000,325.000,425.000,250.000,250.000,325.000,325.000,825.000,750.000,900.000,-1,450.000,425.000,625.000,475.000,2,1,1,1,1,1,1,0,0,1,1,1,2,1,1,1,1
83,-4687.536,-8160.700,16.722,-215.135,-0.818360,-0.574538,-0.013893,0.574213,-0.816418,-0.061175,0.023805,-0.058040,0.998030,0,1.00000,0.13784,60.000,0.276,-1,275.000,550.000,275.000,400.000,225.000,250.000,325.000,325.000,900.000,800.000,900.000,-1,400.000,400.000,550.000,425.000,2,1,1,1,1,1,1,0,0,1,1,0,2,1,1,1,1
84,-4736.911,-8126.610,18.937,-214.620,-0.823473,-0.567289,-0.008684,0.566722,-0.821733,-0.059833,0.026807,-0.054193,0.998171,0,1.00000,0.25784,60.000,0.516,-1,275.000,500.000,250.000,350.000,225.000,225.000,325.000,325.000,950.000,850.000,750.000,-1,375.000,350.000,525.000,350.000,2,1,1,1,1,1,1,0,0,1,1,0,2,1,1,1,1
85,-4786.731,-8093.174,21.480,-213.864,-0.830819,-0.556539,-0.002093,0.555700,-0.829347,-0.058146,0.030625,-0.049472,0.998306,0,1.00000,0.37784,60.000,0.756,-1,250.000,450.000,225.000,300.000,200.000,200.000,325.000,300.000,-1,700.000,600.000,-1,350.000,325.000,500.000,300.000,2,1,1,1,1,1,1,0,0,2,0,0,2,1,1,1,1
86,-4837.129,-8060.613,28.224,-212.868,-0.840493,-0.541772,0.007459,0.539807,-0.838472,-0.074647,0.046696,-0.058714,0.997182,0,1.00000,0.49784,60.000,0.996,-1,250.000,450.000,225.000,275.000,200.000,200.000,350.000,350.000,975.000,350.000,325.000,-1,350.000,300.000,550.000,275.000,2,1,1,1,1,1,1,0,0,1,0,0,2,1,1,1,1
87,-4888.219,-8029.148,35.723,-211.633,-0.852003,-0.523197,0.018866,0.519513,-0.849364,-0.093201,0.064787,-0.069607,0.995469,0,1.00000,0.61784,60.000,1.236,-1,250.000,450.000,225.000,250.000,200.000,200.000,350.000,350.000,900.000,200.000,200.000,-1,350.000,300.000,650.000,250.000,2,1,1,1,1,1,1,0,1,1,0,0,2,1,1,1,1
88,8855.175,327.964,358.362,9.248,0.950262,-0.160584,0.266859,0.165097,0.986261,0.005592,-0.264091,0.038744,0.963719,1,0.00000,0.00000,60.000,1.476,525.000,250.000,475.000,200.000,200.000,225.000,200.000,825.000,400.000,-1,0.000,0.000,-1,350.000,275.000,400.000,175.000,0,0,0,0,0,0,0,0,0,2,1,1,2,0,0,0,0
89,-1641.212,-4268.157,146.413,-107.129,-0.296143,0.953365,-0.058268,-0.954792,-0.293828,0.045131,0.025905,0.068999,0.997280,1,0.08000,-0.12000,4.800,-0.240,-1,425.000,-1,400.000,-1,325.000,325.000,300.000,275.000,-1,-1,-1,-1,975.000,900.000,-1,-1,2,0,2,0,2,0,0,0,0,2,2,2,2,0,0,2,2
90,-1644.110,-4277.310,146.663,-107.569,-0.303424,0.951063,-0.058430,-0.952527,-0.301138,0.044814,0.025025,0.069253,0.997285,0,0.16000,-0.22007,9.600,-0.440,-1,425.000,-1,400.000,-1,325.000,325.000,300.000,275.000,-1,-1,-1,-1,975.000,900.000,-1,-1,2,0,2,0,2,0,0,0,0,2,2,2,2,0,0,2,2
91,-1648.562,-4291.004,147.030,-108.010,-0.310675,0.948704,-0.058663,-0.950214,-0.308429,0.044319,0.023953,0.069511,0.997294,0,0.24000,-0.22007,14.400,-0.440,-1,425.000,-1,400.000,-1,325.000,325.000,300.000,275.000,-1,-1,-1,-1,975.000,900.000,-1,-1,2,0,2,0,2,0,0,0,0,2,2,2,2,0,0,2,2
92,-1654.638,-4309.218,147.507,-108.450,-0.317897,0.946289,-0.058974,-0.947854,-0.315702,0.043649,0.022686,0.069775,0.997305,0,0.32000,-0.22007,19.200,-0.440,-1,425.000,-1,400.000,-1,325.000,325.000,300.000,275.000,-1,-1,-1,-1,975.000,900.000,-1,-1,2,0,2,0,2,0,0,0,0,2,2,2,2,0,0,2,2
93,-1662.408,-4331.925,148.088,-108.890,-0.325088,0.943818,-0.059373,-0.945446,-0.322956,0.042805,0.021225,0.070049,0.997318,0,0.40000,-0.22007,24.000,-0.440,-1,425.000,-1,400.000,-1,325.000,325.000,300.000,275.000,-1,-1,-1,-1,975.000,900.000,-1,-1,2,0,2,0,2,0,0,0,0,2,2,2,2,0,0,2,2
94,-1671.941,-4359.102,148.765,-109.330,-0.332248,0.941290,-0.059869,-0.942989,-0.330190,0.041792,0.019570,0.070341,0.997331,0,0.48000,-0.22007,28.800,-0.440,-1,425.000,-1,400.000,-1,325.000,325.000,300.000,275.000,-1,-1,-1,-1,975.000,900.000,-1,-1,2,0,2,0,2,0,0,0,0,2,2,2,2,0,0,2,2
95,-1683.307,-4390.722,149.527,-109.770,-0.339377,0.938704,-0.060477,-0.940484,-0.337403,0.040616,0.017721,0.070662,0.997343,0,0.56000,-0.22007,33.600,-0.440,-1,425.000,-1,400.000,-1,325.000,325.000,300.000,275.000,-1,-1,-1,-1,1000.000,900.000,-1,-1,2,0,2,0,2,0,0,0,0,2,2,2,2,0,0,2,2
96,-1696.573,-4426.757,150.365,-110.210,-0.346473,0.936061,-0.061212,-0.937929,-0.344596,0.039283,0.015678,0.071023,0.997351,0,0.64000,-0.22007,38.400,-0.440,-1,425.000,-1,400.000,-1,325.000,325.000,300.000,275.000,-1,-1,-1,-1,1000.000,900.000,-1,-1,2,0,2,0,2,0,0,0,0,2,2,2,2,0,0,2,2
97,-1711.808,-4467.182,151.268,-110.651,-0.353536,0.933358,-0.062092,-0.935324,-0.351766,0.037805,0.013443,0.071441,0.997354,0,0.72000,-0.22007,43.200,-0.440,-1,425.000,-1,425.000,-1,350.000,325.000,300.000,275.000,-1,-1,-1,-1,1000.000,900.000,-1,-1,2,0,2,0,2,0,0,0,0,2,2,2,2,0,0,2,2
98,-1729.081,-4511.967,151.979,-111.091,-0.360603,0.930661,-0.061932,-0.932645,-0.358938,0.036574,0.011808,0.070949,0.997410,0,0.80000,-0.22007,48.000,-0.440,-1,425.000,-1,425.000,-1,350.000,350.000,300.000,300.000,-1,-1,-1,-1,1000.000,900.000,-1,-1,2,0,2,0,2,0,0,0,0,2,2,2,2,0,0,2,2
99,-1745.106,-4552.085,152.193,-111.771,-0.371449,0.926453,-0.060912,-0.928411,-0.370007,0.033876,0.008847,0.069135,0.997568,0,0.72000,-0.34007,43.200,-0.680,-1,425.000,-1,425.000,-1,350.000,350.000,300.000,300.000,-1,-1,-1,-1,1000.000,900.000,-1,-1,2,0,2,0,2,0,0,0,0,2,2,2,2,0,0,2,2
100,-1759.921,-4587.512,152.247,-112.691,-0.386104,0.920506,-0.059937,-0.922438,-0.384885,0.031161,0.005615,0.067319,0.997716,0,0.64000,-0.46007,38.400,-0.920,-1,425.000,-1,425.000,-1,350.000,350.000,300.000,300.000,-1,-1,-1,-1,975.000,875.000,-1,-1,2,0,2,0,2,0,0,0,0,2,2,2,2,0,0,2,2
101,-1773.510,-4618.242,152.232,-113.851,-0.404503,0.912617,-0.059223,-0.914533,-0.403484,0.028790,0.002379,0.065807,0.997830,0,0.56000,-0.58007,33.600,-1.160,-1,425.000,-1,425.000,-1,350.000,350.000,300.000,300.000,-1,-1,-1,-1,975.000,875.000,-1,-1,2,0,2,0,2,0,0,0,0,2,2,2,2,0,0,2,2
102,-1785.797,-4644.290,152.156,-115.251,-0.426537,0.902560,-0.058755,-0.904470,-0.425699,0.026748,-0.000870,0.064552,0.997914,0,0.48000,-0.70007,28.800,-1.400,-1,425.000,-1,425.000,-1,350.000,350.000,275.000,300.000,-1,-1,-1,-1,950.000,875.000,-1,-1,2,0,2,0,2,0,0,0,0,2,2,2,2,0,0,2,2
103,-1796.654,-4665.695,152.002,-116.891,-0.452067,0.890058,-0.058579,-0.891975,-0.451384,0.025163,-0.004045,0.063627,0.997966,0,0.40000,-0.82007,24.000,-1.640,-1,425.000,-1,425.000,-1,350.000,325.000,275.000,300.000,-1,-1,-1,-1,950.000,850.000,-1,-1,2,0,2,0,2,0,0,0,0,2,2,2,2,0,0,2,2
104,-1805.896,-4682.525,151.774,-118.771,-0.480908,0.874804,-0.058689,-0.876742,-0.480356,0.024114,-0.007097,0.063052,0.997985,0,0.32000,-0.93992,19.200,-1.880,-1,425.000,-1,425.000,-1,350.000,325.000,300.000,300.000,-1,-1,-1,-1,925.000,850.000,-1,-1,2,0,2,0,2,0,0,0,0,2,2,2,2,0,0,2,2
105,-1813.239,-4694.914,151.570,-120.651,-0.509248,0.858603,-0.058887,-0.860563,-0.508810,0.023327,-0.009933,0.062555,0.997992,0,0.24000,-0.93992,14.400,-1.880,-1,425.000,-1,400.000,-1,350.000,325.000,300.000,300.000,-1,-1,-1,-1,925.000,850.000,-1,-1,2,0,2,0,2,0,0,0,0,2,2,2,2,0,0,2,2
106,-1818.402,-4703.008,151.410,-122.531,-0.537053,0.841472,-0.059145,-0.843455,-0.536716,0.022807,-0.012552,0.062134,0.997989,0,0.16000,-0.93992,9.600,-1.880,-1,425.000,-1,400.000,-1,350.000,325.000,300.000,300.000,-1,-1,-1,-1,925.000,825.000,-1,-1,2,0,2,0,2,0,0,0,0,2,2,2,2,0,0,2,2
107,-1821.116,-4706.968,151.315,-124.411,-0.564295,0.823431,-0.059437,-0.825438,-0.564042,0.022553,-0.014954,0.061788,0.997977,0,0.08000,-0.93992,4.800,-1.880,-1,425.000,-1,400.000,-1,350.000,325.000,300.000,300.000,-1,-1,-1,-1,925.000,825.000,-1,-1,2,0,2,0,2,0,0,0,0,2,2,2,2,0,0,2,2
108,-1821.117,-4706.969,151.304,-126.291,-0.590942,0.804499,-0.059741,-0.806532,-0.590760,0.022565,-0.017139,0.061518,0.997959,0,-0.00000,-0.93992,-0.000,-1.880,-1,425.000,-1,400.000,-1,325.000,325.000,300.000,300.000,-1,-1,-1,-1,925.000,825.000,-1,-1,2,0,2,0,2,0,0,0,0,2,2,2,2,0,0,2,2
109,-1818.151,-4703.195,151.394,-128.170,-0.616967,0.784696,-0.060038,-0.786757,-0.616840,0.022843,-0.019109,0.061329,0.997935,0,-0.08000,-0.93992,-4.800,-1.880,-1,425.000,-1,400.000,-1,325.000,325.000,300.000,300.000,-1,-1,-1,-1,925.000,825.000,-1,-1,2,0,2,0,2,0,0,0,0,2,2,2,2,0,0,2,2
110,-1811.975,-4695.847,151.604,-130.050,-0.642339,0.764044,-0.060312,-0.766136,-0.642252,0.023385,-0.020868,0.061228,0.997906,0,-0.16000,-0.93992,-9.600,-1.880,-1,425.000,-1,400.000,-1,325.000,325.000,300.000,300.000,-1,-1,-1,-1,925.000,800.000,-1,-1,2,0,2,0,2,0,0,0,0,2,2,2,2,0,0,2,2
111,-1802.353,-4685.134,151.947,-131.930,-0.667032,0.742564,-0.060550,-0.744692,-0.666970,0.024193,-0.022420,0.061228,0.997872,0,-0.24000,-0.93992,-14.400,-1.880,-1,425.000,-1,400.000,-1,325.000,325.000,300.000,300.000,-1,-1,-1,-1,925.000,800.000,-1,-1,2,0,2,0,2,0,0,0,0,2,2,2,2,0,0,2,2
112,-1791.385,-4673.701,152.355,-133.810,-0.691013,0.720286,-0.060749,-0.722448,-0.690970,0.025101,-0.023896,0.061234,0.997837,0,-0.26407,-0.93992,-15.844,-1.880,-1,425.000,-1,400.000,-1,325.000,325.000,300.000,300.000,-1,-1,-1,-1,900.000,800.000,-1,-1,2,0,2,0,2,0,0,0,0,2,2,2,2,0,0,2,2
113,-1780.049,-4662.634,152.791,-135.690,-0.714252,0.697233,-0.060910,-0.699429,-0.714227,0.026039,-0.025348,0.061200,0.997804,0,-0.26407,-0.93992,-15.844,-1.880,-1,425.000,-1,400.000,-1,325.000,325.000,300.000,300.000,-1,-1,-1,-1,900.000,800.000,-1,-1,2,0,2,0,2,0,0,0,0,2,2,2,2,0,0,2,2
114,-1768.355,-4651.944,153.209,-137.570,-0.736731,0.673424,-0.061045,-0.675661,-0.736710,0.027223,-0.026640,0.061302,0.997764,0,-0.26407,-0.93992,-15.844,-1.880,-1,425.000,-1,400.000,-1,325.000,325.000,300.000,300.000,-1,-1,-1,-1,900.000,800.000,-1,-1,2,0,2,0,2,0,0,0,0,2,2,2,2,0,0,2,2
115,-1756.317,-4641.644,153.657,-139.450,-0.758420,0.648893,-0.061125,-0.651167,-0.758402,0.028418,-0.027917,0.061356,0.997725,0,-0.26407,-0.93992,-15.844,-1.880,-1,425.000,-1,400.000,-1,325.000,325.000,300.000,300.000,-1,-1,-1,-1,900.000,775.000,-1,-1,2,0,2,0,2,0,0,0,0,2,2,2,2,0,0,2,2
116,-1743.947,-4631.745,154.137,-141.329,-0.779296,0.623665,-0.061150,-0.625976,-0.779280,0.029615,-0.029183,0.061357,0.997689,0,-0.26407,-0.93992,-15.844,-1.880,-1,425.000,-1,400.000,-1,325.000,325.000,300.000,300.000,-1,-1,-1,-1,900.000,775.000,-1,-1,2,0,2,0,2,0,0,0,0,2,2,2,2,0,0,2,2
117,-1731.260,-4622.256,154.726,-143.209,-0.799327,0.597779,-0.061134,-0.600114,-0.799335,0.030442,-0.030669,0.061020,0.997665,0,-0.26407,-0.93992,-15.844,-1.880,-1,425.000,-1,400.000,-1,325.000,325.000,300.000,300.000,-1,-1,-1,-1,900.000,775.000,-1,-1,2,0,2,0,2,0,0,0,0,2,2,2,2,0,0,2,2
118,-1718.268,-4613.188,155.380,-145.089,-0.818496,0.571254,-0.061100,-0.573607,-0.818540,0.031101,-0.032246,0.060503,0.997647,0,-0.26407,-0.93992,-15.844,-1.880,-1,425.000,-1,400.000,-1,325.000,325.000,325.000,300.000,-1,-1,-1,-1,900.000,775.000,-1,-1,2,0,2,0,2,0,0,0,0,2,2,2,2,0,0,2,2
119,-1704.986,-4604.552,156.067,-146.969,-0.836787,0.544115,-0.061052,-0.546484,-0.836868,0.031739,-0.033823,0.059922,0.997630,0,-0.26407,-0.93992,-15.844,-1.880,-1,425.000,-1,400.000,-1,325.000,325.000,325.000,300.000,-1,-1,-1,-1,900.000,775.000,-1,-1,2,0,2,0,2,0,0,0,0,2,2,2,2,0,0,2,2
120,-1691.428,-4596.355,156.786,-148.849,-0.854179,0.516390,-0.060992,-0.518773,-0.854300,0.032355,-0.035398,0.059278,0.997614,0,-0.26407,-0.93992,-15.844,-1.880,-1,425.000,-1,400.000,-1,325.000,325.000,325.000,300.000,-1,-1,-1,-1,900.000,750.000,-1,-1,2,0,2,0,2,0,0,0,0,2,2,2,2,0,0,2,2
121,-1677.608,-4588.608,157.537,-150.729,-0.870654,0.488108,-0.060924,-0.490504,-0.870816,0.032950,-0.036971,0.058571,0.997598,0,-0.26407,-0.93992,-15.844,-1.880,-1,425.000,-1,400.000,-1,325.000,325.000,325.000,300.000,-1,-1,-1,-1,900.000,750.000,-1,-1,2,0,2,0,2,0,0,0,0,2,2,2,2,0,0,2,2
122,-1663.541,-4581.319,158.318,-152.608,-0.886195,0.459300,-0.060849,-0.461708,-0.886398,0.033525,-0.038539,0.057804,0.997584,0,-0.26407,-0.93992,-15.844,-1.880,-1,425.000,-1,400.000,-1,325.000,325.000,325.000,300.000,-1,-1,-1,-1,875.000,750.000,-1,-1,2,0,2,0,2,0,0,0,0,2,2,2,2,0,0,2,2
123,-1649.243,-4574.494,159.129,-154.488,-0.900783,0.429996,-0.060771,-0.432414,-0.901031,0.034080,-0.040102,0.056977,0.997570,0,-0.26407,-0.93992,-15.844,-1.880,-1,425.000,-1,400.000,-1,325.000,325.000,325.000,300.000,-1,-1,-1,-1,875.000,750.000,-1,-1,2,0,2,0,2,0,0,0,0,2,2,2,2,0,0,2,2
124,-1634.729,-4568.143,159.969,-156.368,-0.914404,0.400228,-0.060690,-0.402654,-0.914697,0.034617,-0.041658,0.056091,0.997556,0,-0.26407,-0.93992,-15.844,-1.880,-1,400.000,-1,400.000,-1,325.000,325.000,325.000,300.000,-1,-1,-1,-1,875.000,750.000,-1,-1,2,0,2,0,2,0,0,0,0,2,2,2,2,0,0,2,2
125,-1624.489,-4564.006,160.594,-158.008,-0.925483,0.373907,-0.060623,-0.376336,-0.925823,0.034978,-0.043048,0.055186,0.997548,0,-0.18407,-0.81992,-11.044,-1.640,-1,400.000,-1,400.000,-1,325.000,325.000,325.000,300.000,-1,-1,-1,-1,875.000,750.000,-1,-1,2,0,2,0,2,0,0,0,0,2,2,2,2,0,0,2,2
126,-1618.645,-4561.810,160.988,-159.408,-0.934341,0.351196,-0.060569,-0.353621,-0.934727,0.035174,-0.044263,0.054283,0.997544,0,-0.10407,-0.69992,-6.244,-1.400,-1,400.000,-1,400.000,-1,325.000,325.000,325.000,300.000,-1,-1,-1,-1,875.000,750.000,-1,-1,2,0,2,0,2,0,0,0,0,2,2,2,2,0,0,2,2
127,-1617.284,-4561.329,161.141,-160.568,-0.941258,0.332219,-0.060527,-0.334636,-0.941689,0.035216,-0.045299,0.053402,0.997545,0,-0.02407,-0.57992,-1.444,-1.160,-1,400.000,-1,400.000,-1,325.000,325.000,325.000,300.000,-1,-1,-1,-1,850.000,750.000,-1,-1,2,0,2,0,2,0,0,0,0,2,2,2,2,0,0,2,2
128,-1620.467,-4562.394,161.041,-161.487,-0.946470,0.317073,-0.060496,-0.319476,-0.946944,0.035111,-0.046154,0.052559,0.997551,0,0.05593,-0.45992,3.356,-0.920,-1,400.000,-1,400.000,-1,325.000,325.000,325.000,325.000,-1,-1,-1,-1,850.000,725.000,-1,-1,2,0,2,0,2,0,0,0,0,2,2,2,2,0,0,2,2
129,-1628.231,-4564.891,160.684,-162.167,-0.950164,0.305828,-0.060475,-0.308212,-0.950679,0.034865,-0.046830,0.051766,0.997561,0,0.13593,-0.33992,8.156,-0.680,-1,400.000,-1,400.000,-1,325.000,325.000,325.000,325.000,-1,-1,-1,-1,850.000,725.000,-1,-1,2,0,2,0,2,0,0,0,0,2,2,2,2,0,0,2,2
130,-1640.595,-4568.764,160.065,-162.607,-0.952482,0.298532,-0.060465,-0.300894,-0.953034,0.034480,-0.047331,0.051035,0.997575,0,0.21593,-0.21992,12.956,-0.440,-1,400.000,-1,400.000,-1,325.000,325.000,325.000,325.000,-1,-1,-1,-1,850.000,725.000,-1,-1,2,0,2,0,2,0,0,0,0,2,2,2,2,0,0,2,2
131,-1657.558,-4574.012,159.183,-162.807,-0.953515,0.295216,-0.060465,-0.297551,-0.954102,0.033959,-0.047665,0.050372,0.997592,0,0.29593,-0.09992,17.756,-0.200,-1,400.000,-1,400.000,-1,325.000,325.000,325.000,325.000,-1,-1,-1,-1,850.000,725.000,-1,-1,2,0,2,0,2,0,0,0,0,2,2,2,2,0,0,2,2
