timestep,x_cm,y_cm,z_cm,yaw_deg,basis_xx,basis_xy,basis_xz,basis_yx,basis_yy,basis_yz,basis_zx,basis_zy,basis_zz,teleport_flag,throttle_cmd,steering_cmd,cmd_move_cm,cmd_turn_deg,lidar_cm_0,lidar_cm_1,lidar_cm_2,lidar_cm_3,lidar_cm_4,lidar_cm_5,lidar_cm_6,lidar_cm_7,lidar_cm_8,lidar_cm_9,lidar_cm_10,lidar_cm_11,lidar_cm_12,lidar_cm_13,lidar_cm_14,lidar_cm_15,lidar_cm_16,lidar_class_0,lidar_class_1,lidar_class_2,lidar_class_3,lidar_class_4,lidar_class_5,lidar_class_6,lidar_class_7,lidar_class_8,lidar_class_9,lidar_class_10,lidar_class_11,lidar_class_12,lidar_class_13,lidar_class_14,lidar_class_15,lidar_class_16
0,-4919.546,-6231.389,10.925,132.041,-0.675325,-0.737156,0.023185,0.730880,-0.664704,0.154868,-0.098751,0.121531,0.987663,1,0.00000,0.00000,4.800,-0.240,-1,325.000,950.000,250.000,175.000,275.000,225.000,275.000,225.000,325.000,-1,-1,-1,525.000,350.000,800.000,200.000,2,0,0,0,0,0,0,1,0,1,2,2,2,0,0,0,0
1,6228.249,-8202.812,95.292,-130.333,-0.647210,0.762292,0.005494,-0.762304,-0.647219,-0.000280,0.003343,-0.004370,0.999985,1,0.08000,-0.05762,4.800,-0.115,-1,425.000,-1,425.000,-1,350.000,350.000,75.000,300.000,-1,-1,-1,-1,975.000,925.000,-1,-1,2,0,2,0,2,0,0,1,0,2,2,2,2,0,0,2,2
2,6222.021,-8210.117,95.300,-130.448,-0.648745,0.760989,0.005024,-0.761001,-0.648750,-0.000811,0.002642,-0.004350,0.999987,0,0.16000,-0.05758,9.600,-0.115,-1,425.000,-1,425.000,-1,350.000,350.000,75.000,300.000,-1,-1,-1,-1,975.000,925.000,-1,-1,2,0,2,0,2,0,0,1,0,2,2,2,2,0,0,2,2
3,6212.657,-8221.057,95.307,-130.563,-0.650277,0.759685,0.004307,-0.759696,-0.650277,-0.001607,0.001580,-0.004318,0.999989,0,0.24000,-0.05752,14.400,-0.115,-1,425.000,-1,425.000,-1,350.000,350.000,75.000,300.000,-1,-1,-1,-1,975.000,925.000,-1,-1,2,0,2,0,2,0,0,1,0,2,2,2,2,0,0,2,2
4,6200.143,-8235.618,95.304,-130.678,-0.651805,0.758380,0.003333,-0.758387,-0.651799,-0.002653,0.000160,-0.004257,0.999991,0,0.32000,-0.05746,19.200,-0.115,-1,425.000,-1,425.000,-1,350.000,350.000,100.000,300.000,-1,-1,-1,-1,975.000,925.000,-1,-1,2,0,2,0,2,0,0,1,0,2,2,2,2,0,0,2,2
5,6184.463,-8253.788,95.284,-130.793,-0.653328,0.757072,0.002091,-0.757074,-0.653318,-0.003950,-0.001624,-0.004163,0.999990,0,0.40000,-0.05740,24.000,-0.115,-1,425.000,-1,425.000,-1,350.000,350.000,100.000,300.000,-1,-1,-1,-1,950.000,900.000,-1,-1,2,0,2,0,2,0,0,1,0,2,2,2,2,0,0,2,2
6,6165.603,-8275.554,96.351,-130.907,-0.654818,0.755769,-0.005177,-0.755751,-0.654838,-0.005272,-0.007375,0.000460,0.999973,0,0.48000,-0.05738,28.800,-0.115,-1,425.000,-1,425.000,-1,350.000,325.000,100.000,300.000,-1,-1,-1,-1,925.000,875.000,-1,-1,2,0,2,0,2,0,0,1,0,2,2,2,2,0,0,2,2
7,6143.550,-8300.904,98.580,-131.022,-0.656122,0.754417,-0.018927,-0.754454,-0.656320,-0.006568,-0.017377,0.009970,0.999799,0,0.56000,-0.05743,33.600,-0.115,-1,425.000,-1,400.000,-1,325.000,325.000,100.000,275.000,-1,-1,-1,-1,900.000,800.000,-1,-1,2,0,2,0,2,0,0,1,0,2,2,2,2,0,0,2,2
8,6118.288,-8329.825,100.647,-131.137,-0.657228,0.752996,-0.032381,-0.753194,-0.657748,-0.008098,-0.027397,0.019067,0.999443,0,0.64000,-0.05761,38.400,-0.115,-1,425.000,-1,375.000,-1,325.000,325.000,125.000,275.000,-1,-1,-1,-1,875.000,750.000,-1,-1,2,0,2,0,2,0,0,1,0,2,2,2,2,0,0,2,2
9,6089.803,-8362.304,102.365,-131.253,-0.658190,0.751526,-0.044667,-0.751948,-0.659148,-0.009909,-0.036889,0.027066,0.998953,0,0.72000,-0.05794,43.200,-0.116,-1,425.000,-1,375.000,-1,325.000,325.000,150.000,275.000,-1,-1,-1,-1,850.000,700.000,-1,-1,2,0,2,0,2,0,0,1,0,2,2,2,2,0,0,2,2
10,6058.078,-8398.327,103.528,-131.370,-0.659118,0.750040,-0.054806,-0.750677,-0.660559,-0.012057,-0.045246,0.033195,0.998424,0,0.80000,-0.05849,48.000,-0.117,-1,400.000,-1,350.000,-1,325.000,300.000,175.000,250.000,-1,-1,-1,-1,825.000,650.000,-1,-1,2,0,2,0,2,0,0,1,0,2,2,2,2,0,0,2,2
11,6023.100,-8437.880,103.893,-131.489,-0.660164,0.748583,-0.061704,-0.749331,-0.662033,-0.014669,-0.051831,0.036553,0.997987,0,0.88000,-0.05931,52.800,-0.119,-1,400.000,-1,350.000,-1,325.000,300.000,200.000,250.000,350.000,-1,-1,-1,800.000,625.000,-1,-1,2,0,2,0,2,0,0,1,0,1,2,2,2,0,0,2,2
12,5985.865,-8479.803,103.188,-131.610,-0.661500,0.747198,-0.064135,-0.747850,-0.663624,-0.018013,-0.056021,0.036047,0.997779,0,0.93451,-0.06046,56.071,-0.121,-1,400.000,-1,350.000,975.000,325.000,300.000,225.000,250.000,275.000,-1,-1,-1,800.000,625.000,-1,-1,2,0,2,0,0,0,0,1,0,1,2,2,2,0,0,2,2
13,5948.719,-8521.443,101.435,-131.734,-0.663227,0.745869,-0.061726,-0.746235,-0.665334,-0.021529,-0.057126,0.031783,0.997861,0,0.93000,-0.06195,55.800,-0.124,-1,400.000,-1,350.000,-1,325.000,300.000,250.000,250.000,250.000,-1,-1,-1,775.000,625.000,-1,-1,2,0,2,0,2,0,0,1,0,1,2,2,2,0,0,2,2
14,5911.642,-8562.820,98.675,-131.861,-0.665342,0.744554,-0.054396,-0.744503,-0.667141,-0.025255,-0.055094,0.023695,0.998200,0,0.92598,-0.06370,55.559,-0.127,-1,400.000,-1,350.000,-1,325.000,300.000,275.000,275.000,225.000,-1,-1,-1,775.000,650.000,-1,-1,2,0,2,0,2,0,0,1,0,1,2,2,2,0,0,2,2
15,5874.612,-8603.955,94.898,-131.993,-0.667763,0.743179,-0.042166,-0.742705,-0.668987,-0.029081,-0.049821,0.011898,0.998687,0,0.92247,-0.06569,55.348,-0.131,-1,400.000,-1,375.000,-1,325.000,300.000,300.000,275.000,225.000,-1,-1,-1,775.000,675.000,-1,-1,2,0,2,0,2,0,0,1,0,1,2,2,2,0,0,2,2
16,5837.607,-8644.871,89.750,-132.128,-0.670318,0.741642,-0.025344,-0.740981,-0.670793,-0.031373,-0.040268,-0.002251,0.999186,0,0.91948,-0.06790,55.169,-0.136,-1,400.000,-1,375.000,-1,325.000,325.000,325.000,300.000,200.000,-1,-1,-1,775.000,750.000,-1,-1,2,0,2,0,2,0,0,1,0,1,2,2,2,0,0,2,2
17,5800.601,-8685.586,85.614,-132.269,-0.672529,0.739940,-0.013918,-0.739289,-0.672563,-0.033314,-0.034011,-0.012115,0.999348,0,0.91701,-0.07032,55.021,-0.141,-1,400.000,-1,400.000,-1,325.000,325.000,300.000,300.000,225.000,-1,-1,-1,775.000,775.000,-1,-1,2,0,2,0,2,0,0,0,0,1,2,2,2,0,0,2,2
18,5763.569,-8726.120,83.838,-132.415,-0.674391,0.738225,-0.014853,-0.737524,-0.674444,-0.034404,-0.035415,-0.012247,0.999298,0,0.91504,-0.07292,54.902,-0.146,-1,400.000,-1,400.000,-1,325.000,325.000,300.000,300.000,250.000,-1,-1,-1,775.000,775.000,-1,-1,2,0,2,0,2,0,0,0,0,1,2,2,2,0,0,2,2
19,5726.491,-8766.489,82.008,-132.566,-0.676323,0.736438,-0.015682,-0.735691,-0.676391,-0.035416,-0.036689,-0.012416,0.999250,0,0.91355,-0.07570,54.813,-0.151,-1,400.000,-1,400.000,-1,325.000,325.000,300.000,300.000,275.000,-1,-1,-1,750.000,775.000,-1,-1,2,0,2,0,2,0,0,0,0,1,2,2,2,0,0,2,2
20,5689.345,-8806.711,80.130,-132.724,-0.678328,0.734577,-0.016373,-0.733785,-0.678408,-0.036356,-0.037814,-0.012647,0.999205,0,0.91252,-0.07864,54.751,-0.157,-1,400.000,-1,400.000,-1,325.000,325.000,300.000,300.000,300.000,-1,-1,-1,750.000,775.000,-1,-1,2,0,2,0,2,0,0,0,0,1,2,2,2,0,0,2,2
21,5652.109,-8846.801,78.199,-132.887,-0.680410,0.732636,-0.016947,-0.731803,-0.680498,-0.037224,-0.038804,-0.012925,0.999163,0,0.91191,-0.08173,54.715,-0.163,-1,400.000,-1,400.000,-1,325.000,325.000,300.000,300.000,350.000,-1,-1,-1,750.000,750.000,-1,-1,2,0,2,0,2,0,0,0,0,1,2,2,2,0,0,2,2
22,5614.762,-8886.771,76.210,-133.057,-0.682571,0.730611,-0.017425,-0.729741,-0.682665,-0.038018,-0.039672,-0.013234,0.999125,0,0.91170,-0.08496,54.702,-0.170,-1,400.000,-1,400.000,-1,325.000,325.000,300.000,300.000,375.000,-1,-1,-1,725.000,750.000,-1,-1,2,0,2,0,2,0,0,0,0,1,2,2,2,0,0,2,2
23,5577.286,-8926.632,74.166,-133.234,-0.684819,0.728500,-0.017616,-0.727608,-0.684911,-0.038516,-0.040124,-0.013559,0.999103,0,0.91187,-0.08831,54.712,-0.177,-1,400.000,-1,400.000,-1,325.000,325.000,300.000,300.000,400.000,-1,-1,-1,725.000,750.000,-1,-1,2,0,2,0,2,0,0,0,0,1,2,2,2,0,0,2,2
24,5539.661,-8966.395,72.074,-133.417,-0.687153,0.726299,-0.017628,-0.725395,-0.687239,-0.038784,-0.040284,-0.013863,0.999092,0,0.91237,-0.09178,54.742,-0.184,-1,400.000,-1,400.000,-1,325.000,325.000,300.000,300.000,450.000,-1,-1,-1,725.000,750.000,-1,-1,2,0,2,0,2,0,0,0,0,1,2,2,2,0,0,2,2
25,5501.871,-9006.068,69.924,-133.608,-0.689568,0.724006,-0.017644,-0.723098,-0.689651,-0.038862,-0.040305,-0.014039,0.999089,0,0.91318,-0.09536,54.791,-0.191,-1,400.000,-1,400.000,-1,325.000,325.000,300.000,300.000,475.000,-1,-1,-1,725.000,750.000,-1,-1,2,0,2,0,2,0,0,0,0,1,2,2,2,0,0,2,2
26,5463.898,-9045.658,67.754,-133.806,-0.692069,0.721615,-0.017639,-0.720705,-0.692148,-0.038925,-0.040297,-0.014226,0.999086,0,0.91428,-0.09904,54.857,-0.198,-1,375.000,-1,400.000,-1,325.000,325.000,300.000,300.000,525.000,-1,-1,-1,725.000,750.000,-1,-1,2,0,2,0,2,0,0,0,0,1,2,2,2,0,0,2,2
27,5425.726,-9085.170,65.567,-134.012,-0.694658,0.719124,-0.017607,-0.718211,-0.694731,-0.039001,-0.040278,-0.014447,0.999084,0,0.91565,-0.10281,54.939,-0.206,-1,375.000,-1,400.000,-1,325.000,325.000,300.000,300.000,575.000,-1,-1,-1,725.000,750.000,-1,-1,2,0,2,0,2,0,0,0,0,1,2,2,2,0,0,2,2
28,5387.341,-9124.608,63.521,-134.225,-0.697326,0.716536,-0.017652,-0.715651,-0.697408,-0.038277,-0.039737,-0.014059,0.999111,0,0.91725,-0.10668,55.035,-0.213,-1,375.000,-1,400.000,-1,325.000,325.000,300.000,300.000,600.000,-1,-1,-1,725.000,725.000,-1,-1,2,0,2,0,2,0,0,0,0,1,2,2,2,0,0,2,2
29,5352.320,-9160.623,61.657,-134.198,-0.696987,0.716866,-0.017682,-0.716010,-0.697080,-0.037534,-0.039232,-0.013500,0.999139,0,0.83725,0.01332,50.235,0.027,-1,375.000,-1,400.000,-1,325.000,325.000,300.000,300.000,625.000,-1,-1,-1,725.000,725.000,-1,-1,2,0,2,0,2,0,0,0,0,1,2,2,2,0,0,2,2
30,5320.797,-9193.344,59.959,-133.932,-0.693635,0.720109,-0.017701,-0.719279,-0.693742,-0.036870,-0.038830,-0.012842,0.999163,0,0.75725,0.13332,45.435,0.267,-1,375.000,-1,400.000,-1,325.000,325.000,300.000,300.000,675.000,-1,-1,-1,700.000,725.000,-1,-1,2,0,2,0,2,0,0,0,0,1,2,2,2,0,0,2,2
31,5292.864,-9222.856,58.444,-133.425,-0.687234,0.726221,-0.017650,-0.725416,-0.687354,-0.036286,-0.038483,-0.012134,0.999186,0,0.67725,0.25332,40.635,0.507,-1,375.000,-1,400.000,-1,325.000,325.000,300.000,300.000,700.000,-1,-1,-1,700.000,725.000,-1,-1,2,0,2,0,2,0,0,0,0,1,2,2,2,0,0,2,2
32,5268.105,-9249.707,57.073,-132.678,-0.677704,0.735124,-0.017613,-0.734341,-0.677839,-0.035761,-0.038228,-0.011301,0.999205,0,0.60873,0.37332,36.524,0.747,-1,375.000,-1,400.000,-1,325.000,325.000,300.000,300.000,725.000,-1,-1,-1,700.000,725.000,-1,-1,2,0,2,0,2,0,0,0,0,1,2,2,2,0,0,2,2
33,5243.789,-9277.006,55.694,-131.692,-0.664934,0.746695,-0.017591,-0.745933,-0.665087,-0.035255,-0.038024,-0.010321,0.999224,0,0.60932,0.49332,36.559,0.987,-1,375.000,-1,375.000,-1,325.000,325.000,300.000,300.000,750.000,-1,-1,-1,700.000,700.000,-1,-1,2,0,2,0,2,0,0,0,0,1,2,2,2,0,0,2,2
34,5220.033,-9304.855,54.303,-130.465,-0.648783,0.760770,-0.017596,-0.760031,-0.648957,-0.034745,-0.037852,-0.009169,0.999241,0,0.61007,0.61332,36.604,1.227,-1,375.000,-1,375.000,-1,325.000,325.000,300.000,300.000,775.000,-1,-1,-1,700.000,700.000,-1,-1,2,0,2,0,2,0,0,0,0,1,2,2,2,0,0,2,2
35,5196.965,-9333.343,52.896,-128.998,-0.629081,0.777140,-0.017639,-0.776425,-0.629280,-0.034220,-0.037693,-0.007832,0.999259,0,0.61096,0.73332,36.657,1.467,-1,375.000,-1,375.000,-1,325.000,325.000,300.000,300.000,800.000,-1,-1,-1,675.000,700.000,-1,-1,2,0,2,0,2,0,0,0,0,1,2,2,2,0,0,2,2
36,5174.686,-9362.530,51.471,-127.355,-0.606513,0.794876,-0.017725,-0.794188,-0.606739,-0.033679,-0.037525,-0.006349,0.999276,0,0.61196,0.82174,36.718,1.643,-1,375.000,-1,375.000,-1,325.000,300.000,300.000,300.000,825.000,-1,-1,-1,675.000,675.000,-1,-1,2,0,2,0,2,0,0,0,0,1,2,2,2,0,0,2,2
37,5153.214,-9392.394,50.076,-125.715,-0.583490,0.811922,-0.017936,-0.811261,-0.583746,-0.033124,-0.037364,-0.004777,0.999290,0,0.61303,0.82002,36.782,1.640,-1,375.000,-1,375.000,-1,300.000,300.000,300.000,300.000,850.000,-1,-1,-1,675.000,675.000,-1,-1,2,0,2,0,2,0,0,0,0,1,2,2,2,0,0,2,2
38,5132.570,-9422.910,48.932,-124.078,-0.560075,0.828266,-0.017065,-0.827639,-0.560320,-0.032470,-0.036456,-0.004062,0.999327,0,0.61406,0.81832,36.844,1.637,-1,375.000,-1,375.000,-1,325.000,300.000,300.000,300.000,875.000,-1,-1,-1,675.000,675.000,-1,-1,2,0,2,0,2,0,0,0,0,1,2,2,2,0,0,2,2
39,5112.771,-9454.053,47.788,-122.445,-0.536253,0.843902,-0.016170,-0.843312,-0.536486,-0.031737,-0.035458,-0.003382,0.999365,0,0.61506,0.81665,36.904,1.633,-1,375.000,-1,375.000,-1,325.000,300.000,300.000,300.000,900.000,-1,-1,-1,650.000,675.000,-1,-1,2,0,2,0,2,0,0,0,0,1,2,2,2,0,0,2,2
40,5093.837,-9485.797,46.646,-120.815,-0.512045,0.858823,-0.015261,-0.858270,-0.512265,-0.030920,-0.034373,-0.002735,0.999405,0,0.61603,0.81500,36.962,1.630,-1,375.000,-1,375.000,-1,325.000,300.000,300.000,300.000,950.000,-1,-1,-1,650.000,675.000,-1,-1,2,0,2,0,2,0,0,0,0,1,2,2,2,0,0,2,2
41,5075.784,-9518.114,45.504,-119.188,-0.487472,0.873020,-0.014349,-0.872507,-0.487679,-0.030020,-0.033205,-0.002115,0.999446,0,0.61696,0.81338,37.018,1.627,-1,375.000,-1,375.000,-1,325.000,300.000,300.000,300.000,975.000,-1,-1,-1,650.000,675.000,-1,-1,2,0,2,0,2,0,0,0,0,1,2,2,2,0,0,2,2
42,5058.630,-9550.978,44.362,-117.565,-0.462555,0.886488,-0.013445,-0.886014,-0.462748,-0.029035,-0.031960,-0.001518,0.999488,0,0.61786,0.81179,37.072,1.624,-1,375.000,-1,375.000,-1,325.000,300.000,300.000,300.000,1000.000,-1,-1,-1,650.000,650.000,-1,-1,2,0,2,0,2,0,0,0,0,1,2,2,2,0,0,2,2
43,5042.388,-9584.360,43.221,-115.944,-0.437315,0.899220,-0.012560,-0.898786,-0.437495,-0.027965,-0.030642,-0.000941,0.999530,0,0.61873,0.81023,37.124,1.620,-1,375.000,-1,375.000,-1,325.000,300.000,300.000,325.000,-1,950.000,850.000,-1,650.000,650.000,-1,-1,2,0,2,0,2,0,0,0,0,2,0,0,2,0,0,2,2
44,5027.075,-9618.233,42.080,-114.327,-0.411774,0.911211,-0.011707,-0.910816,-0.411940,-0.026814,-0.029256,-0.000378,0.999572,0,0.61956,0.80870,37.174,1.617,-1,375.000,-1,375.000,-1,325.000,325.000,300.000,325.000,-1,800.000,750.000,-1,650.000,650.000,-1,-1,2,0,2,0,2,0,0,0,0,2,0,0,2,0,0,2,2
45,5012.703,-9652.569,40.944,-112.712,-0.385952,0.922455,-0.010886,-0.922099,-0.386105,-0.025604,-0.027822,0.000156,0.999613,0,0.62037,0.80719,37.222,1.614,-1,375.000,-1,375.000,-1,300.000,325.000,300.000,325.000,-1,700.000,675.000,-1,650.000,650.000,-1,-1,2,0,2,0,2,0,0,0,0,2,0,0,2,0,0,2,2
46,4999.286,-9687.338,39.819,-111.101,-0.359871,0.932947,-0.010092,-0.932629,-0.360012,-0.024363,-0.026363,0.000645,0.999652,0,0.62114,0.80571,37.268,1.611,-1,375.000,-1,375.000,-1,300.000,300.000,300.000,325.000,-1,650.000,625.000,-1,625.000,625.000,-1,-1,2,0,2,0,2,0,0,0,0,2,0,0,2,0,0,2,2
47,4986.836,-9722.512,38.696,-109.492,-0.333553,0.942685,-0.009354,-0.942404,-0.333682,-0.023061,-0.024860,0.001123,0.999690,0,0.62187,0.80426,37.312,1.609,-1,375.000,-1,375.000,-1,300.000,300.000,300.000,325.000,-1,575.000,575.000,-1,625.000,625.000,-1,-1,2,0,2,0,2,0,0,0,0,2,0,0,2,0,0,2,2
48,4974.761,-9759.805,37.642,-107.940,-0.307890,0.951377,-0.009232,-0.951128,-0.308022,-0.021881,-0.023661,0.002044,0.999718,0,0.65332,0.77616,39.199,1.552,1000.000,375.000,-1,375.000,-1,300.000,300.000,300.000,325.000,-1,550.000,550.000,-1,625.000,625.000,-1,-1,0,0,2,0,2,0,0,0,0,2,0,0,2,0,0,2,2
49,4963.654,-9797.571,36.797,-106.390,-0.282019,0.959359,-0.009806,-0.959162,-0.282164,-0.019794,-0.021756,0.003824,0.999756,0,0.65610,0.77531,39.366,1.551,-1,375.000,975.000,350.000,-1,300.000,300.000,300.000,300.000,-1,525.000,525.000,-1,625.000,625.000,-1,-1,2,0,1,0,2,0,0,0,0,2,0,0,2,0,0,2,2
50,4952.164,-9840.216,36.059,-105.079,-0.259984,0.965549,-0.011145,-0.965425,-0.260143,-0.016703,-0.019027,0.006417,0.999798,0,0.73610,0.65531,44.166,1.311,-1,375.000,950.000,350.000,-1,300.000,300.000,300.000,300.000,-1,475.000,475.000,-1,625.000,600.000,-1,950.000,2,0,1,0,2,0,0,0,0,2,0,0,2,0,0,2,1
51,4940.312,-9887.726,35.313,-104.008,-0.241890,0.970222,-0.012624,-0.970170,-0.242052,-0.013479,-0.016134,0.008987,0.999829,0,0.81610,0.53531,48.966,1.071,-1,375.000,925.000,350.000,-1,300.000,300.000,300.000,300.000,-1,450.000,425.000,-1,650.000,600.000,-1,875.000,2,0,1,0,2,0,0,0,0,2,0,0,2,0,0,2,1
52,4928.055,-9940.075,35.190,-103.178,-0.227839,0.973627,-0.011862,-0.973615,-0.227962,-0.010319,-0.012751,0.009198,0.999876,0,0.89610,0.41531,53.766,0.831,-1,375.000,900.000,350.000,975.000,300.000,300.000,300.000,300.000,-1,450.000,425.000,-1,650.000,600.000,-1,825.000,2,0,1,0,1,0,0,0,0,2,0,0,2,0,0,2,1
53,4915.401,-9997.258,35.353,-102.478,-0.215991,0.976345,-0.009922,-0.976360,-0.216059,-0.006330,-0.008324,0.008320,0.999931,0,0.97610,0.34980,58.566,0.700,-1,375.000,875.000,350.000,900.000,300.000,300.000,325.000,300.000,-1,425.000,425.000,-1,650.000,625.000,-1,750.000,2,0,1,0,1,0,0,0,0,2,0,0,2,0,0,2,1
54,4903.287,-10055.334,35.545,-101.782,-0.204152,0.978907,-0.008003,-0.978932,-0.204176,-0.002291,-0.003877,0.007367,0.999965,0,0.98878,0.34825,59.327,0.696,-1,375.000,825.000,350.000,825.000,300.000,300.000,325.000,300.000,-1,400.000,400.000,-1,650.000,600.000,-1,700.000,2,0,1,0,1,0,0,0,0,2,0,0,2,0,1,2,1
55,4891.832,-10113.784,35.761,-101.089,-0.192330,0.981311,-0.006128,-0.981330,-0.192323,0.001763,0.000551,0.006353,0.999980,0,0.99269,0.34649,59.562,0.693,-1,375.000,800.000,375.000,750.000,300.000,300.000,300.000,300.000,-1,400.000,400.000,-1,650.000,550.000,-1,625.000,2,0,1,0,1,0,0,0,0,2,0,0,2,0,1,2,1
56,4881.039,-10172.595,36.002,-100.400,-0.180536,0.983559,-0.004301,-0.983556,-0.180510,0.005834,0.004961,0.005284,0.999974,0,0.99654,0.34450,59.793,0.689,-1,375.000,775.000,375.000,675.000,325.000,300.000,300.000,325.000,-1,375.000,400.000,-1,675.000,500.000,-1,575.000,2,0,1,0,1,0,0,0,0,2,0,0,2,0,1,2,1
57,4870.914,-10231.734,36.266,-99.715,-0.168779,0.985651,-0.002527,-0.985610,-0.168747,0.009920,0.009352,0.004165,0.999948,0,1.00000,0.34228,60.000,0.685,-1,375.000,725.000,375.000,575.000,325.000,300.000,300.000,325.000,-1,350.000,400.000,-1,675.000,450.000,1000.000,500.000,2,0,1,1,1,1,0,0,0,2,0,0,2,0,1,1,1
58,4861.491,-10290.990,36.550,-99.035,-0.157072,0.987587,-0.000816,-0.987492,-0.157045,0.014010,0.013708,0.003006,0.999902,0,1.00000,0.33979,60.000,0.680,-1,375.000,700.000,325.000,500.000,300.000,300.000,300.000,300.000,-1,325.000,350.000,-1,675.000,425.000,950.000,450.000,2,0,1,1,1,1,1,0,0,2,0,0,2,0,1,1,1
59,4852.766,-10350.352,36.852,-98.361,-0.145425,0.989369,0.000827,-0.989205,-0.145416,0.018103,0.018031,0.001815,0.999836,0,1.00000,0.33703,60.000,0.674,-1,375.000,675.000,300.000,425.000,300.000,275.000,300.000,300.000,-1,300.000,325.000,-1,700.000,375.000,925.000,375.000,2,0,1,1,1,1,1,0,0,2,0,0,2,0,1,1,1
60,4844.733,-10409.812,37.171,-97.693,-0.133853,0.990998,0.002398,-0.990750,-0.133873,0.022201,0.022322,0.000596,0.999751,0,1.00000,0.33396,60.000,0.668,1000.000,375.000,650.000,275.000,350.000,275.000,250.000,300.000,300.000,-1,275.000,300.000,-1,700.000,325.000,875.000,325.000,1,0,1,1,1,1,1,0,0,2,0,0,2,0,1,1,1
61,4837.388,-10469.361,37.717,-97.032,-0.122394,0.992477,0.002971,-0.992142,-0.122430,0.025796,0.025965,0.000209,0.999663,0,1.00000,0.33055,60.000,0.661,950.000,375.000,625.000,250.000,275.000,275.000,225.000,300.000,300.000,-1,275.000,300.000,-1,700.000,300.000,825.000,250.000,1,0,1,1,1,1,1,0,0,2,0,0,2,0,1,1,1
62,4830.722,-10528.990,39.353,-96.379,-0.111088,0.993808,0.002087,-0.993385,-0.111102,0.029041,0.029093,0.001153,0.999576,0,1.00000,0.32678,60.000,0.654,900.000,400.000,575.000,225.000,225.000,275.000,200.000,300.000,300.000,-1,300.000,325.000,-1,675.000,275.000,775.000,200.000,1,0,1,1,1,1,1,0,0,2,0,0,2,1,1,1,1
63,4824.728,-10588.692,48.248,-95.734,-0.098516,0.994688,0.029834,-0.993839,-0.099873,0.048054,0.050778,-0.024917,0.998399,0,1.00000,0.32259,60.000,0.645,925.000,425.000,625.000,225.000,200.000,300.000,225.000,275.000,350.000,900.000,225.000,275.000,-1,650.000,275.000,750.000,175.000,1,0,1,1,1,1,1,0,0,0,0,0,2,1,1,1,1
64,4819.403,-10648.459,57.221,-95.098,-0.084911,0.994735,0.057387,-0.993745,-0.088738,0.067794,0.072529,-0.051272,0.996048,0,1.00000,0.31795,60.000,0.636,-1,475.000,600.000,225.000,175.000,325.000,225.000,275.000,425.000,650.000,200.000,275.000,-1,625.000,275.000,725.000,175.000,2,0,1,1,1,1,1,0,0,0,0,0,2,1,1,1,1
65,4814.736,-10708.281,66.236,-94.472,-0.070298,0.993932,0.084598,-0.993071,-0.077738,0.088124,0.094166,-0.077817,0.992511,0,1.00000,0.31281,60.000,0.626,-1,500.000,600.000,225.000,175.000,350.000,225.000,250.000,525.000,500.000,125.000,250.000,-1,600.000,275.000,700.000,150.000,2,1,1,1,1,1,1,0,0,0,0,0,2,1,1,1,1
66,4810.717,-10768.152,75.259,-93.858,-0.054723,0.992276,0.111328,-0.991798,-0.066915,0.108904,0.115512,-0.104456,0.987799,0,1.00000,0.30709,60.000,0.614,-1,475.000,600.000,225.000,150.000,375.000,250.000,250.000,625.000,350.000,100.000,225.000,-1,575.000,300.000,675.000,150.000,2,1,1,1,1,1,1,0,0,0,0,0,2,1,1,1,1
67,3607.627,-3607.625,10.153,12.437,0.976348,-0.215328,0.019435,0.215661,0.976319,-0.017052,-0.015303,0.020840,0.999666,1,0.00000,0.00000,60.000,0.601,-1,400.000,-1,400.000,-1,325.000,325.000,300.000,300.000,-1,-1,-1,-1,750.000,750.000,-1,-1,2,0,2,0,2,0,0,0,0,2,2,2,2,0,0,2,2
68,3602.944,-3608.679,10.230,12.677,0.975440,-0.219415,0.019326,0.219746,0.975408,-0.017081,-0.015103,0.020909,0.999667,0,-0.08000,0.12000,-4.800,0.240,-1,400.000,-1,400.000,-1,325.000,325.000,300.000,300.000,-1,-1,-1,-1,750.000,750.000,-1,-1,2,0,2,0,2,0,0,0,0,2,2,2,2,0,0,2,2
69,3593.596,-3610.864,10.382,13.157,0.973572,-0.227578,0.019110,0.227905,0.973532,-0.017143,-0.014703,0.021045,0.999670,0,-0.16000,0.24000,-9.600,0.480,-1,400.000,-1,400.000,-1,325.000,325.000,300.000,300.000,-1,-1,-1,-1,775.000,750.000,-1,-1,2,0,2,0,2,0,0,0,0,2,2,2,2,0,0,2,2
70,3579.615,-3614.313,10.608,13.859,0.970718,-0.239486,0.018787,0.239807,0.970668,-0.017238,-0.014108,0.021238,0.999675,0,-0.24000,0.35095,-14.400,0.702,-1,400.000,-1,400.000,-1,325.000,325.000,300.000,300.000,-1,-1,-1,-1,775.000,750.000,-1,-1,2,0,2,0,2,0,0,0,0,2,2,2,2,0,0,2,2
71,3561.032,-3619.140,10.907,14.561,0.967720,-0.251358,0.018353,0.251670,0.967657,-0.017351,-0.013398,0.021410,0.999681,0,-0.32000,0.35095,-19.200,0.702,-1,400.000,-1,400.000,-1,325.000,325.000,300.000,300.000,-1,-1,-1,-1,775.000,750.000,-1,-1,2,0,2,0,2,0,0,0,0,2,2,2,2,0,0,2,2
72,3539.397,-3625.044,11.253,15.263,0.964578,-0.263192,0.017850,0.263495,0.964502,-0.017483,-0.012614,0.021567,0.999688,0,-0.37377,0.35095,-22.426,0.702,-1,400.000,-1,400.000,-1,325.000,325.000,300.000,300.000,-1,-1,-1,-1,775.000,775.000,-1,-1,2,0,2,0,2,0,0,0,0,2,2,2,2,0,0,2,2
73,3517.836,-3631.212,11.594,15.965,0.961291,-0.274986,0.017354,0.275279,0.961203,-0.017629,-0.011833,0.021724,0.999694,0,-0.37377,0.35095,-22.426,0.702,-1,400.000,-1,400.000,-1,325.000,325.000,300.000,300.000,-1,-1,-1,-1,775.000,775.000,-1,-1,2,0,2,0,2,0,0,0,0,2,2,2,2,0,0,2,2
74,3496.352,-3637.644,11.932,16.667,0.957860,-0.286740,0.016868,0.287022,0.957759,-0.017789,-0.011054,0.021881,0.999699,0,-0.37377,0.35095,-22.426,0.702,-1,400.000,-1,400.000,-1,325.000,325.000,300.000,300.000,-1,-1,-1,-1,775.000,775.000,-1,-1,2,0,2,0,2,0,0,0,0,2,2,2,2,0,0,2,2
75,3474.948,-3644.339,12.266,17.369,0.954285,-0.298450,0.016391,0.298723,0.954171,-0.017963,-0.010279,0.022038,0.999704,0,-0.37377,0.35095,-22.426,0.702,-1,400.000,-1,400.000,-1,325.000,325.000,300.000,300.000,-1,-1,-1,-1,775.000,775.000,-1,-1,2,0,2,0,2,0,0,0,0,2,2,2,2,0,0,2,2
76,3453.628,-3651.295,12.596,18.071,0.950566,-0.310115,0.015925,0.310378,0.950440,-0.018151,-0.009507,0.022196,0.999708,0,-0.37377,0.35095,-22.426,0.702,-1,400.000,-1,400.000,-1,325.000,325.000,300.000,300.000,-1,-1,-1,-1,800.000,800.000,-1,-1,2,0,2,0,2,0,0,0,0,2,2,2,2,0,0,2,2
77,3432.395,-3658.512,12.921,18.773,0.946704,-0.321733,0.015471,0.321986,0.946566,-0.018354,-0.008739,0.022357,0.999712,0,-0.37377,0.35095,-22.426,0.702,-1,400.000,-1,400.000,-1,325.000,325.000,300.000,300.000,-1,-1,-1,-1,800.000,800.000,-1,-1,2,0,2,0,2,0,0,0,0,2,2,2,2,0,0,2,2
78,3411.219,-3665.999,13.244,19.473,0.942708,-0.333279,0.015028,0.333522,0.942559,-0.018572,-0.007975,0.022520,0.999715,0,-0.37435,0.35021,-22.461,0.700,-1,400.000,-1,400.000,-1,325.000,325.000,300.000,300.000,-1,-1,-1,-1,800.000,800.000,-1,-1,2,0,2,0,2,0,0,0,0,2,2,2,2,0,0,2,2
79,3390.051,-3673.775,13.538,20.170,0.938594,-0.344713,0.014637,0.344946,0.938437,-0.018682,-0.007296,0.022584,0.999718,0,-0.37585,0.34828,-22.551,0.697,-1,400.000,-1,400.000,-1,325.000,325.000,300.000,300.000,-1,-1,-1,-1,800.000,800.000,-1,-1,2,0,2,0,2,0,0,0,0,2,2,2,2,0,0,2,2
80,3368.893,-3681.838,13.741,20.862,0.934362,-0.356035,0.014398,0.356259,0.934207,-0.018363,-0.006912,0.022287,0.999728,0,-0.37737,0.34635,-22.642,0.693,-1,400.000,-1,400.000,-1,325.000,325.000,300.000,300.000,-1,-1,-1,-1,800.000,800.000,-1,-1,2,0,2,0,2,0,0,0,0,2,2,2,2,0,0,2,2
81,3347.748,-3690.190,13.938,21.551,0.930018,-0.367243,0.014146,0.367457,0.929865,-0.018044,-0.006527,0.021979,0.999737,0,-0.37891,0.34440,-22.735,0.689,-1,400.000,-1,400.000,-1,325.000,325.000,300.000,300.000,-1,-1,-1,-1,800.000,800.000,-1,-1,2,0,2,0,2,0,0,0,0,2,2,2,2,0,0,2,2
82,3326.618,-3698.828,14.042,22.236,0.925570,-0.378337,0.013500,0.378532,0.925423,-0.017512,-0.005868,0.021319,0.999756,0,-0.38047,0.34244,-22.828,0.685,-1,400.000,-1,400.000,-1,325.000,325.000,300.000,300.000,-1,-1,-1,-1,800.000,825.000,-1,-1,2,0,2,0,2,0,0,0,0,2,2,2,2,0,0,2,2
83,3305.505,-3707.754,14.142,22.917,0.921016,-0.389313,0.012847,0.389490,0.920874,-0.016994,-0.005214,0.020655,0.999773,0,-0.38204,0.34047,-22.922,0.681,-1,400.000,-1,400.000,-1,325.000,325.000,300.000,300.000,-1,-1,-1,-1,800.000,825.000,-1,-1,2,0,2,0,2,0,0,0,0,2,2,2,2,0,0,2,2
84,3284.411,-3716.967,14.235,23.594,0.916359,-0.400172,0.012186,0.400331,0.916222,-0.016489,-0.004567,0.019989,0.999790,0,-0.38363,0.33848,-23.018,0.677,-1,400.000,-1,400.000,-1,325.000,325.000,300.000,300.000,-1,-1,-1,-1,800.000,825.000,-1,-1,2,0,2,0,2,0,0,0,0,2,2,2,2,0,0,2,2
85,3263.339,-3726.467,14.323,24.267,0.911603,-0.410911,0.011522,0.411054,0.911471,-0.016000,-0.003927,0.019322,0.999806,0,-0.38523,0.33649,-23.114,0.673,-1,400.000,-1,400.000,-1,325.000,325.000,300.000,300.000,-1,-1,-1,-1,800.000,825.000,-1,-1,2,0,2,0,2,0,0,0,0,2,2,2,2,0,0,2,2
86,3242.292,-3736.253,14.409,24.936,0.906749,-0.421530,0.010872,0.421657,0.906622,-0.015535,-0.003308,0.018671,0.999820,0,-0.38685,0.33448,-23.211,0.669,-1,400.000,-1,400.000,-1,325.000,325.000,300.000,300.000,-1,-1,975.000,-1,800.000,825.000,-1,-1,2,0,2,0,2,0,0,0,0,2,2,1,2,0,0,2,2
87,3225.656,-3744.140,14.478,25.365,0.903573,-0.428310,0.010374,0.428426,0.903450,-0.015181,-0.002870,0.018162,0.999831,0,-0.30685,0.21448,-18.411,0.429,-1,400.000,-1,400.000,-1,325.000,325.000,300.000,325.000,-1,-1,950.000,-1,800.000,850.000,-1,-1,2,0,2,0,2,0,0,0,0,2,2,1,2,0,0,2,2
88,3213.376,-3750.012,14.529,25.554,0.902158,-0.431290,0.010021,0.431398,0.902038,-0.014924,-0.002603,0.017787,0.999838,0,-0.22685,0.09448,-13.611,0.189,-1,400.000,-1,400.000,-1,325.000,325.000,300.000,325.000,-1,-1,925.000,-1,800.000,850.000,-1,-1,2,0,2,0,2,0,0,0,0,2,2,1,2,0,0,2,2
89,3205.423,-3753.805,14.553,25.503,0.902543,-0.430487,0.009853,0.430593,0.902425,-0.014776,-0.002531,0.017578,0.999842,0,-0.14685,-0.02552,-8.811,-0.051,-1,400.000,-1,400.000,-1,325.000,325.000,300.000,325.000,-1,-1,925.000,-1,800.000,850.000,-1,-1,2,0,2,0,2,0,0,0,0,2,2,1,2,0,0,2,2
90,3201.794,-3755.514,14.558,25.212,0.904718,-0.425898,0.009828,0.426004,0.904602,-0.014716,-0.002623,0.017500,0.999843,0,-0.06685,-0.14552,-4.011,-0.291,-1,400.000,-1,400.000,-1,325.000,325.000,300.000,325.000,-1,-1,925.000,-1,800.000,850.000,-1,-1,2,0,2,0,2,0,0,0,0,2,2,1,2,0,0,2,2
91,3202.511,-3755.185,14.558,24.681,0.908625,-0.417496,0.009882,0.417603,0.908510,-0.014716,-0.002834,0.017498,0.999843,0,0.01315,-0.26552,0.789,-0.531,-1,400.000,-1,400.000,-1,325.000,325.000,300.000,325.000,-1,-1,950.000,-1,800.000,850.000,-1,-1,2,0,2,0,2,0,0,0,0,2,2,1,2,0,0,2,2
92,3207.620,-3752.920,14.551,23.910,0.914159,-0.405232,0.010020,0.405343,0.914045,-0.014782,-0.003169,0.017575,0.999841,0,0.09315,-0.38552,5.589,-0.771,-1,400.000,-1,400.000,-1,325.000,325.000,300.000,325.000,-1,-1,975.000,-1,800.000,850.000,-1,-1,2,0,2,0,2,0,0,0,0,2,2,1,2,0,0,2,2
93,3217.190,-3748.877,14.521,22.899,0.921164,-0.389039,0.010300,0.389158,0.921050,-0.014954,-0.003669,0.017784,0.999835,0,0.17315,-0.50552,10.389,-1.011,-1,400.000,-1,400.000,-1,325.000,325.000,300.000,325.000,-1,-1,-1,-1,800.000,825.000,-1,-1,2,0,2,0,2,0,0,0,0,2,2,2,2,0,0,2,2
94,3231.308,-3743.274,14.459,21.647,0.929433,-0.368834,0.010763,0.368965,0.929318,-0.015272,-0.004369,0.018165,0.999825,0,0.25315,-0.62552,15.189,-1.251,-1,400.000,-1,400.000,-1,325.000,325.000,300.000,300.000,-1,-1,-1,-1,800.000,825.000,-1,-1,2,0,2,0,2,0,0,0,0,2,2,2,2,0,0,2,2
95,3250.072,-3736.386,14.374,20.156,0.938708,-0.344524,0.011375,0.344672,0.938591,-0.015739,-0.005254,0.018695,0.999811,0,0.33315,-0.74552,19.989,-1.491,-1,400.000,-1,400.000,-1,325.000,325.000,300.000,300.000,-1,-1,-1,-1,800.000,825.000,-1,-1,2,0,2,0,2,0,0,0,0,2,2,2,2,0,0,2,2
96,3273.590,-3728.551,14.257,18.425,0.948679,-0.316011,0.012099,0.316179,0.948558,-0.016363,-0.006306,0.019349,0.999793,0,0.41315,-0.86552,24.789,-1.731,-1,400.000,-1,400.000,-1,325.000,325.000,300.000,300.000,-1,-1,-1,-1,800.000,825.000,-1,-1,2,0,2,0,2,0,0,0,0,2,2,2,2,0,0,2,2
97,3301.967,-3720.170,14.100,16.454,0.958976,-0.283194,0.012911,0.283389,0.958852,-0.017159,-0.007520,0.020114,0.999769,0,0.49315,-0.98552,29.589,-1.971,-1,400.000,-1,400.000,-1,325.000,325.000,300.000,300.000,-1,-1,-1,-1,800.000,800.000,-1,-1,2,0,2,0,2,0,0,0,0,2,2,2,2,0,0,2,2
98,3335.267,-3711.586,13.870,14.454,0.968264,-0.249554,0.013681,0.249776,0.968135,-0.018057,-0.008739,0.020901,0.999743,0,0.57315,-1.00000,34.389,-2.000,-1,400.000,-1,400.000,-1,325.000,325.000,300.000,300.000,-1,-1,-1,-1,800.000,800.000,-1,-1,2,0,2,0,2,0,0,0,0,2,2,2,2,0,0,2,2
99,3373.534,-3703.135,13.325,12.454,0.976375,-0.215615,0.014178,0.215852,0.976258,-0.018109,-0.009937,0.020742,0.999735,0,0.65315,-1.00000,39.189,-2.000,-1,400.000,-1,400.000,-1,325.000,325.000,300.000,300.000,-1,-1,-1,-1,800.000,775.000,-1,-1,2,0,2,0,2,0,0,0,0,2,2,2,2,0,0,2,2
100,3416.793,-3695.153,12.568,10.454,0.983291,-0.181416,0.015058,0.181669,0.983202,-0.017631,-0.011607,0.020072,0.999731,0,0.73315,-1.00000,43.989,-2.000,-1,400.000,-1,400.000,-1,325.000,325.000,300.000,300.000,-1,-1,-1,-1,800.000,775.000,-1,-1,2,0,2,0,2,0,0,0,0,2,2,2,2,0,0,2,2
101,3465.052,-3687.980,11.710,8.454,0.989007,-0.146994,0.016077,0.147264,0.988948,-0.017178,-0.013374,0.019357,0.999723,0,0.81315,-1.00000,48.789,-2.000,-1,400.000,-1,400.000,-1,325.000,325.000,300.000,300.000,-1,-1,-1,-1,800.000,750.000,-1,-1,2,0,2,0,2,0,0,0,0,2,2,2,2,0,0,2,2
102,3518.301,-3681.956,10.748,6.454,0.993514,-0.112392,0.017233,0.112680,0.993490,-0.016755,-0.015238,0.018588,0.999711,0,0.89315,-1.00000,53.589,-2.000,-1,400.000,-1,400.000,-1,325.000,325.000,300.000,300.000,-1,-1,-1,-1,775.000,750.000,-1,-1,2,0,2,0,2,0,0,0,0,2,2,2,2,0,0,2,2
103,3572.636,-3677.724,9.747,4.454,0.996810,-0.077653,0.018442,0.077957,0.996822,-0.016373,-0.017112,0.017759,0.999696,0,0.90832,-1.00000,54.499,-2.000,-1,400.000,-1,400.000,-1,325.000,325.000,300.000,300.000,-1,-1,-1,-1,775.000,725.000,-1,-1,2,0,2,0,2,0,0,0,0,2,2,2,2,0,0,2,2
104,3627.085,-3675.390,8.727,2.454,0.998889,-0.042817,0.019680,0.043135,0.998941,-0.016027,-0.018973,0.016858,0.999678,0,0.90832,-1.00000,54.499,-2.000,-1,400.000,-1,400.000,-1,325.000,325.000,300.000,300.000,-1,-1,-1,-1,750.000,700.000,-1,-1,2,0,2,0,2,0,0,0,0,2,2,2,2,0,0,2,2
105,3681.583,-3674.958,7.686,0.454,0.999749,-0.007929,0.020941,0.008259,0.999843,-0.015706,-0.020814,0.015875,0.999657,0,0.90832,-1.00000,54.499,-2.000,-1,400.000,-1,400.000,-1,325.000,325.000,300.000,300.000,-1,-1,-1,-1,750.000,700.000,-1,-1,2,0,2,0,2,0,0,0,0,2,2,2,2,0,0,2,2
106,3736.062,-3676.429,6.626,-1.546,0.999389,0.026970,0.022225,-0.026632,0.999527,-0.015400,-0.022630,0.014798,0.999634,0,0.90832,-1.00000,54.499,-2.000,-1,400.000,-1,375.000,-1,325.000,325.000,300.000,300.000,-1,-1,-1,-1,750.000,675.000,-1,-1,2,0,2,0,2,0,0,0,0,2,2,2,2,0,0,2,2
107,3790.457,-3679.799,5.547,-3.546,0.997809,0.061838,0.023529,-0.061493,0.997993,-0.015099,-0.024415,0.013619,0.999609,0,0.90832,-1.00000,54.499,-2.000,-1,400.000,-1,375.000,-1,325.000,325.000,300.000,300.000,-1,-1,-1,-1,725.000,650.000,-1,-1,2,0,2,0,2,0,0,0,0,2,2,2,2,0,0,2,2
108,3844.701,-3685.066,4.450,-5.546,0.995010,0.096631,0.024854,-0.096284,0.995244,-0.014795,-0.026165,0.012328,0.999582,0,0.90832,-1.00000,54.499,-2.000,-1,375.000,-1,375.000,-1,325.000,300.000,300.000,300.000,-1,-1,-1,-1,725.000,650.000,-1,-1,2,0,2,0,2,0,0,0,0,2,2,2,2,0,0,2,2
109,3898.728,-3692.223,3.292,-7.546,0.990998,0.131308,0.026084,-0.130970,0.991283,-0.014283,-0.027732,0.010739,0.999558,0,0.90832,-1.00000,54.499,-2.000,-1,375.000,-1,350.000,-1,300.000,300.000,300.000,300.000,-1,-1,-1,-1,700.000,625.000,-1,-1,2,0,2,0,2,0,0,0,0,2,2,2,2,0,0,2,2
110,3952.473,-3701.261,2.157,-9.546,0.985825,0.165826,0.025522,-0.165522,0.986112,-0.013616,-0.027425,0.009198,0.999582,0,0.90832,-1.00000,54.499,-2.000,-1,375.000,-1,350.000,1000.000,300.000,300.000,300.000,300.000,-1,-1,-1,-1,700.000,625.000,-1,1000.000,2,0,2,0,0,0,0,0,0,2,2,2,2,0,0,2,0
111,4005.869,-3712.169,1.067,-11.546,0.979466,0.200143,0.024259,-0.199880,0.979736,-0.012824,-0.026334,0.007712,0.999623,0,0.90832,-1.00000,54.499,-2.000,-1,375.000,-1,350.000,1000.000,300.000,300.000,300.000,300.000,-1,-1,-1,-1,700.000,600.000,-1,1000.000,2,0,2,0,0,0,0,0,0,2,2,2,2,0,0,2,0
112,4054.234,-3723.607,0.285,-13.306,0.972897,0.230142,0.022515,-0.229945,0.973141,-0.011019,-0.024446,0.005543,0.999686,0,0.82832,-0.88000,49.699,-1.760,-1,375.000,-1,350.000,1000.000,300.000,300.000,300.000,300.000,-1,-1,-1,-1,675.000,600.000,-1,1000.000,2,0,2,0,0,0,0,0,0,2,2,2,2,0,0,2,0
113,4101.430,-3736.099,-0.471,-14.826,0.966485,0.255877,0.020818,-0.255740,0.966703,-0.009055,-0.022441,0.003427,0.999742,0,0.81368,-0.76000,48.821,-1.520,-1,375.000,-1,350.000,-1,300.000,300.000,300.000,300.000,-1,-1,-1,-1,675.000,600.000,-1,-1,2,0,2,0,2,0,0,0,0,2,2,2,2,0,0,2,2
114,4148.314,-3749.715,-1.211,-16.194,0.960133,0.278888,0.019143,-0.278805,0.960323,-0.006903,-0.020309,0.001291,0.999793,0,0.81368,-0.68411,48.821,-1.368,-1,375.000,-1,350.000,-1,300.000,300.000,300.000,325.000,-1,-1,-1,-1,675.000,600.000,-1,-1,2,0,2,0,2,0,0,0,0,2,2,2,2,0,0,2,2
115,4194.859,-3764.446,-1.938,-17.562,0.953230,0.301739,0.017524,-0.301706,0.953390,-0.004568,-0.018086,-0.000933,0.999836,0,0.81368,-0.68411,48.821,-1.368,-1,375.000,-1,350.000,-1,300.000,300.000,300.000,325.000,-1,-1,-1,-1,650.000,600.000,-1,-1,2,0,2,0,2,0,0,0,0,2,2,2,2,0,0,2,2
116,4241.039,-3780.284,-2.459,-18.930,0.945793,0.324416,0.015121,-0.324416,0.945911,-0.002580,-0.015141,-0.002465,0.999882,0,0.81368,-0.68411,48.821,-1.368,-1,375.000,-1,350.000,-1,300.000,300.000,300.000,325.000,-1,-1,-1,-1,650.000,625.000,-1,-1,2,0,2,0,2,0,0,0,0,2,2,2,2,0,0,2,2
117,4286.828,-3797.220,-2.912,-20.298,0.937815,0.346908,0.012549,-0.346930,0.937891,-0.000487,-0.011938,-0.003897,0.999921,0,0.81368,-0.68411,48.821,-1.368,-1,375.000,-1,350.000,-1,300.000,300.000,300.000,325.000,-1,450.000,-1,-1,650.000,625.000,-1,-1,2,0,2,0,2,0,0,0,0,2,0,2,2,0,0,2,2
118,4332.200,-3815.245,-3.316,-21.667,0.929297,0.369202,0.009901,-0.369236,0.929334,0.001787,-0.008542,-0.005316,0.999949,0,0.81368,-0.68411,48.821,-1.368,-1,375.000,-1,350.000,-1,300.000,300.000,300.000,325.000,-1,400.000,425.000,-1,650.000,625.000,-1,-1,2,0,2,0,2,0,0,0,0,2,0,0,2,0,0,2,2
119,4377.128,-3834.348,-3.667,-23.035,0.920242,0.391283,0.007185,-0.391318,0.920246,0.004255,-0.004947,-0.006727,0.999965,0,0.81368,-0.68411,48.821,-1.368,-1,375.000,-1,350.000,-1,300.000,300.000,300.000,325.000,-1,350.000,400.000,-1,650.000,625.000,-1,-1,2,0,2,0,2,0,0,0,0,2,0,0,2,0,0,2,2
120,4421.587,-3854.519,-3.964,-24.403,0.910657,0.413141,0.004410,-0.413163,0.910631,0.006930,-0.001153,-0.008133,0.999966,0,0.81368,-0.68411,48.821,-1.368,-1,375.000,-1,350.000,-1,300.000,300.000,300.000,325.000,-1,325.000,350.000,-1,650.000,650.000,-1,-1,2,0,2,0,2,0,0,0,0,2,0,0,2,0,0,2,2
121,4465.552,-3875.745,-4.027,-25.771,0.900543,0.434764,0.001789,-0.434762,0.900501,0.008933,0.002273,-0.008822,0.999958,0,0.81368,-0.68411,48.821,-1.368,-1,375.000,-1,350.000,-1,300.000,300.000,300.000,325.000,-1,300.000,350.000,-1,675.000,650.000,-1,-1,2,0,2,0,2,0,0,0,0,2,0,0,2,0,0,2,2
122,4508.998,-3898.016,-3.889,-27.140,0.889907,0.456141,-0.000822,-0.456109,0.889862,0.010468,0.005506,-0.008941,0.999945,0,0.81368,-0.68411,48.821,-1.368,-1,375.000,-1,375.000,-1,300.000,300.000,300.000,325.000,-1,300.000,325.000,-1,675.000,650.000,-1,-1,2,0,2,0,2,0,0,0,0,2,0,0,2,0,0,2,2
123,4551.899,-3921.317,-3.475,-28.508,0.878749,0.477262,-0.004501,-0.477187,0.878723,0.011770,0.009573,-0.008195,0.999921,0,0.81368,-0.68411,48.821,-1.368,-1,375.000,-1,375.000,-1,300.000,300.000,300.000,325.000,-1,300.000,325.000,-1,675.000,675.000,-1,-1,2,0,2,0,2,0,0,0,0,2,0,0,2,0,0,2,2
124,4594.232,-3945.636,-3.041,-29.876,0.867076,0.498111,-0.008078,-0.497990,0.867081,0.013280,0.013619,-0.007492,0.999879,0,0.81368,-0.68411,48.821,-1.368,-1,375.000,-1,375.000,-1,300.000,300.000,325.000,325.000,-1,300.000,300.000,-1,700.000,675.000,-1,-1,2,0,2,0,2,0,0,0,0,2,0,0,2,0,0,2,2
125,4635.972,-3970.959,-2.587,-31.244,0.854894,0.518675,-0.011535,-0.518503,0.854944,0.014994,0.017639,-0.006837,0.999821,0,0.81368,-0.68411,48.821,-1.368,-1,375.000,-1,375.000,-1,300.000,300.000,325.000,325.000,-1,300.000,300.000,-1,700.000,675.000,-1,-1,2,0,2,0,2,0,0,0,0,2,0,0,2,0,0,2,2
126,4677.096,-3997.271,-2.010,-32.612,0.842220,0.538942,-0.014410,-0.538712,0.842317,0.017054,0.021329,-0.006601,0.999751,0,0.81368,-0.68411,48.821,-1.368,-1,375.000,-1,375.000,-1,300.000,300.000,325.000,325.000,-1,300.000,300.000,-1,700.000,700.000,-1,-1,2,0,2,0,2,0,0,0,0,2,0,0,2,0,0,2,2
127,4717.580,-4024.558,-1.054,-33.981,0.829081,0.558900,-0.016011,-0.558618,0.829207,0.019005,0.023898,-0.006813,0.999691,0,0.81368,-0.68411,48.821,-1.368,-1,375.000,-1,375.000,-1,300.000,300.000,325.000,325.000,-1,325.000,325.000,-1,700.000,700.000,-1,-1,2,0,2,0,2,0,0,0,0,2,0,0,2,0,0,2,2
128,4757.400,-4052.804,0.036,-35.349,0.815467,0.578541,-0.017423,-0.578216,0.815627,0.020489,0.026064,-0.006634,0.999638,0,0.81368,-0.68411,48.821,-1.368,-1,375.000,-1,375.000,-1,300.000,300.000,325.000,325.000,-1,350.000,325.000,-1,700.000,700.000,-1,-1,2,0,2,0,2,0,0,0,0,2,0,0,2,0,0,2,2
129,4796.535,-4081.992,1.183,-36.717,0.801389,0.597852,-0.018689,-0.597484,0.801581,0.021908,0.028079,-0.006391,0.999585,0,0.81368,-0.68411,48.821,-1.368,-1,375.000,-1,375.000,-1,325.000,325.000,325.000,325.000,-1,375.000,350.000,-1,725.000,700.000,-1,-1,2,0,2,0,2,0,0,0,0,2,0,0,2,0,0,2,2
130,4834.962,-4112.106,2.397,-38.085,0.786853,0.616822,-0.019813,-0.616412,0.787079,0.023303,0.029968,-0.006123,0.999532,0,0.81368,-0.68411,48.821,-1.368,-1,375.000,-1,375.000,-1,325.000,325.000,300.000,325.000,-1,375.000,375.000,-1,725.000,725.000,-1,-1,2,0,2,0,2,0,0,0,0,2,0,0,2,0,0,2,2
131,4872.658,-4143.130,3.679,-39.453,0.771869,0.635441,-0.020793,-0.634989,0.772127,0.024648,0.031717,-0.005821,0.999480,0,0.81368,-0.68411,48.821,-1.368,-1,375.000,-1,375.000,-1,325.000,325.000,300.000,325.000,-1,375.000,400.000,-1,725.000,725.000,-1,-1,2,0,2,0,2,0,0,0,0,2,0,0,2,0,0,2,2
132,4909.603,-4175.045,5.025,-40.822,0.756447,0.653698,-0.021632,-0.653207,0.756736,0.025907,0.033305,-0.005467,0.999430,0,0.81368,-0.68411,48.821,-1.368,-1,375.000,-1,375.000,-1,325.000,325.000,300.000,325.000,-1,400.000,400.000,-1,725.000,725.000,-1,-1,2,0,2,0,2,0,0,0,0,2,0,0,2,0,0,2,2
133,4945.776,-4207.832,6.435,-42.190,0.740594,0.671582,-0.022333,-0.671055,0.740913,0.027068,0.034725,-0.005060,0.999384,0,0.81368,-0.68411,48.821,-1.368,-1,375.000,-1,375.000,-1,325.000,325.000,300.000,325.000,-1,400.000,400.000,-1,725.000,750.000,-1,-1,2,0,2,0,2,0,0,0,0,2,0,0,2,0,0,2,2
134,4981.155,-4241.474,7.994,-43.558,0.724318,0.689084,-0.022956,-0.688540,0.724669,0.027712,0.035731,-0.004266,0.999352,0,0.81368,-0.68411,48.821,-1.368,-1,375.000,-1,375.000,-1,325.000,325.000,300.000,325.000,-1,425.000,425.000,-1,725.000,750.000,-1,-1,2,0,2,0,2,0,0,0,0,2,0,0,2,0,0,2,2
135,5019.278,-4279.182,9.937,-44.686,0.710572,0.703222,-0.023780,-0.702686,0.710964,0.027627,0.036335,-0.002922,0.999335,0,0.89368,-0.56411,53.621,-1.128,-1,375.000,-1,375.000,-1,325.000,325.000,300.000,325.000,-1,475.000,475.000,-1,725.000,750.000,-1,-1,2,0,2,0,2,0,0,0,0,2,0,0,2,0,0,2,2
