timestep,x_cm,y_cm,z_cm,yaw_deg,basis_xx,basis_xy,basis_xz,basis_yx,basis_yy,basis_yz,basis_zx,basis_zy,basis_zz,teleport_flag,throttle_cmd,steering_cmd,cmd_move_cm,cmd_turn_deg,lidar_cm_0,lidar_cm_1,lidar_cm_2,lidar_cm_3,lidar_cm_4,lidar_cm_5,lidar_cm_6,lidar_cm_7,lidar_cm_8,lidar_cm_9,lidar_cm_10,lidar_cm_11,lidar_cm_12,lidar_cm_13,lidar_cm_14,lidar_cm_15,lidar_cm_16,lidar_class_0,lidar_class_1,lidar_class_2,lidar_class_3,lidar_class_4,lidar_class_5,lidar_class_6,lidar_class_7,lidar_class_8,lidar_class_9,lidar_class_10,lidar_class_11,lidar_class_12,lidar_class_13,lidar_class_14,lidar_class_15,lidar_class_16
0,-3608.833,-4258.913,-28.439,104.488,-0.250115,-0.967827,0.027447,0.968213,-0.250081,0.004713,0.002303,0.027754,0.999612,1,0.08000,0.07615,4.800,0.152,-1,400.000,-1,400.000,-1,325.000,325.000,325.000,325.000,-1,425.000,425.000,-1,775.000,825.000,-1,-1,2,0,2,0,2,0,0,0,0,2,1,1,2,0,0,2,2
1,-3611.260,-4249.625,-28.406,104.644,-0.252753,-0.967144,0.027352,0.967528,-0.252721,0.004689,0.002377,0.027649,0.999615,0,0.16000,0.07814,9.600,0.156,-1,400.000,-1,400.000,-1,325.000,325.000,325.000,325.000,-1,425.000,450.000,-1,775.000,825.000,-1,-1,2,0,2,0,2,0,0,0,0,2,1,1,2,0,0,2,2
2,-3614.940,-4235.703,-28.357,104.809,-0.255524,-0.966420,0.027208,0.966800,-0.255493,0.004650,0.002458,0.027493,0.999619,0,0.24000,0.08212,14.400,0.164,-1,400.000,-1,400.000,-1,325.000,325.000,325.000,325.000,-1,450.000,450.000,-1,775.000,825.000,-1,-1,2,0,2,0,2,0,0,0,0,2,1,1,2,0,0,2,2
3,-3619.905,-4217.156,-28.289,104.985,-0.258494,-0.965635,0.027017,0.966009,-0.258466,0.004592,0.002549,0.027285,0.999624,0,0.32000,0.08811,19.200,0.176,-1,400.000,-1,400.000,-1,325.000,325.000,325.000,325.000,-1,475.000,475.000,-1,775.000,825.000,-1,-1,2,0,2,0,2,0,0,0,0,2,1,1,2,0,0,2,2
4,-3626.188,-4193.993,-28.201,105.177,-0.261731,-0.964769,0.026778,0.965137,-0.261705,0.004513,0.002654,0.027026,0.999631,0,0.40000,0.09610,24.000,0.192,-1,400.000,-1,400.000,-1,325.000,325.000,325.000,325.000,-1,475.000,500.000,-1,775.000,825.000,-1,-1,2,0,2,0,2,0,0,0,0,2,1,1,2,0,0,2,2
5,-3633.830,-4166.226,-28.089,105.389,-0.265301,-0.963802,0.026497,0.964162,-0.265279,0.004411,0.002778,0.026717,0.999639,0,0.48000,0.10609,28.800,0.212,-1,400.000,-1,400.000,-1,325.000,325.000,325.000,325.000,-1,525.000,525.000,-1,775.000,850.000,-1,-1,2,0,2,0,2,0,0,0,0,2,1,1,2,0,0,2,2
6,-3642.880,-4133.868,-27.951,105.625,-0.269271,-0.962709,0.026174,0.963060,-0.269252,0.004282,0.002925,0.026360,0.999648,0,0.56000,0.11811,33.600,0.236,-1,400.000,-1,400.000,-1,325.000,325.000,325.000,325.000,-1,550.000,575.000,-1,775.000,850.000,-1,-1,2,0,2,0,2,0,0,0,0,2,1,1,2,0,0,2,2
7,-3653.394,-4096.935,-27.783,105.890,-0.273706,-0.961467,0.025815,0.961808,-0.273693,0.004123,0.003101,0.025958,0.999658,0,0.64000,0.13214,38.400,0.264,-1,400.000,-1,400.000,-1,325.000,325.000,325.000,325.000,-1,575.000,600.000,-1,750.000,850.000,-1,-1,2,0,2,0,2,0,0,0,0,2,1,1,2,0,0,2,2
8,-3665.436,-4055.447,-27.580,106.186,-0.278674,-0.960049,0.025424,0.960380,-0.278666,0.003928,0.003314,0.025512,0.999669,0,0.72000,0.14820,43.200,0.296,-1,400.000,-1,400.000,-1,325.000,325.000,325.000,325.000,-1,625.000,650.000,-1,750.000,850.000,-1,-1,2,0,2,0,2,0,0,0,0,2,1,1,2,0,0,2,2
9,-3679.069,-4009.477,-27.356,106.519,-0.284238,-0.958425,0.025089,0.958747,-0.284238,0.003659,0.003624,0.025094,0.999679,0,0.79915,0.16630,47.949,0.333,-1,400.000,-1,400.000,-1,325.000,325.000,325.000,325.000,-1,675.000,700.000,-1,775.000,850.000,-1,-1,2,0,2,0,2,0,0,0,0,2,1,1,2,0,0,2,2
10,-3693.245,-3962.795,-27.305,106.891,-0.290471,-0.956548,0.025360,0.956877,-0.290466,0.003945,0.003593,0.025412,0.999671,0,0.81313,0.18642,48.788,0.373,-1,400.000,-1,400.000,-1,325.000,325.000,325.000,325.000,-1,725.000,750.000,-1,775.000,850.000,-1,-1,2,0,2,0,2,0,0,0,0,2,1,1,2,0,0,2,2
11,-3708.012,-3915.397,-27.358,107.305,-0.297381,-0.954405,0.025986,0.954753,-0.297361,0.004716,0.003226,0.026213,0.999651,0,0.82742,0.20692,49.645,0.414,-1,400.000,-1,400.000,-1,325.000,325.000,325.000,325.000,-1,775.000,800.000,-1,750.000,850.000,-1,-1,2,0,2,0,2,0,0,0,0,2,1,1,2,0,0,2,2
12,-3723.425,-3867.282,-27.386,107.761,-0.304970,-0.951990,0.026625,0.952358,-0.304935,0.005485,0.002897,0.027030,0.999630,0,0.84205,0.22781,50.523,0.456,-1,400.000,-1,400.000,-1,325.000,325.000,325.000,325.000,-1,825.000,850.000,-1,750.000,850.000,-1,-1,2,0,2,0,2,0,0,0,0,2,1,1,2,0,0,2,2
13,-3739.536,-3818.451,-27.428,108.259,-0.313249,-0.949284,0.027116,0.949668,-0.313195,0.006346,0.002469,0.027739,0.999612,0,0.85701,0.24910,51.420,0.498,-1,400.000,-1,400.000,-1,325.000,325.000,325.000,325.000,-1,875.000,900.000,-1,750.000,825.000,-1,-1,2,0,2,0,2,0,0,0,0,2,1,1,2,0,0,2,2
14,-3756.403,-3768.905,-27.607,108.801,-0.322236,-0.946262,0.027436,0.946658,-0.322147,0.007722,0.001532,0.028461,0.999594,0,0.87230,0.27080,52.338,0.542,-1,400.000,-1,400.000,-1,325.000,325.000,325.000,325.000,-1,950.000,975.000,-1,750.000,825.000,-1,-1,2,0,2,0,2,0,0,0,0,2,1,1,2,0,0,2,2
15,-3774.088,-3718.650,-27.720,109.387,-0.331920,-0.942899,0.027763,0.943307,-0.331798,0.009013,0.000713,0.029181,0.999574,0,0.88793,0.29291,53.276,0.586,-1,375.000,-1,400.000,-1,325.000,325.000,325.000,325.000,-1,1000.000,-1,-1,750.000,800.000,-1,-1,2,0,2,0,2,0,0,0,0,2,1,2,2,0,0,2,2
16,-3790.836,-3673.160,-27.752,110.212,-0.345494,-0.938001,0.028081,0.938421,-0.345347,0.010102,0.000222,0.029842,0.999555,0,0.80793,0.41291,48.476,0.826,-1,375.000,-1,400.000,-1,325.000,325.000,325.000,325.000,-1,-1,-1,-1,750.000,800.000,-1,-1,2,0,2,0,2,0,0,0,0,2,2,2,2,0,0,2,2
17,-3808.215,-3628.535,-27.704,111.278,-0.362897,-0.931397,0.028377,0.931829,-0.362728,0.011071,-0.000018,0.030460,0.999536,0,0.79817,0.53291,47.890,1.066,-1,375.000,-1,400.000,-1,325.000,325.000,325.000,325.000,-1,-1,-1,-1,750.000,775.000,-1,-1,2,0,2,0,2,0,0,0,0,2,2,2,2,0,0,2,2
18,-3826.940,-3583.517,-27.561,112.584,-0.384037,-0.922874,0.028633,0.923318,-0.383852,0.011919,-0.000009,0.031014,0.999519,0,0.81262,0.65291,48.757,1.306,-1,375.000,-1,400.000,-1,325.000,325.000,325.000,325.000,-1,-1,-1,-1,750.000,775.000,-1,-1,2,0,2,0,2,0,0,0,0,2,2,2,2,0,0,2,2
19,-3847.463,-3537.701,-27.304,114.130,-0.408797,-0.912170,0.028828,0.912625,-0.408602,0.012621,0.000267,0.031469,0.999505,0,0.83670,0.77291,50.202,1.546,-1,375.000,-1,400.000,-1,300.000,325.000,325.000,325.000,-1,-1,-1,-1,750.000,750.000,-1,-1,2,0,2,0,2,0,0,0,0,2,2,2,2,0,0,2,2
20,-3869.579,-3492.187,-26.919,115.916,-0.437022,-0.898985,0.028944,0.899450,-0.436826,0.013125,0.000844,0.031769,0.999495,0,0.84339,0.89291,50.603,1.786,-1,375.000,-1,400.000,-1,300.000,325.000,325.000,325.000,-1,-1,-1,-1,750.000,750.000,-1,-1,2,0,2,0,2,0,0,0,0,2,2,2,2,0,0,2,2
21,-3893.301,-3447.353,-26.587,117.884,-0.467646,-0.883472,0.027993,0.883915,-0.467450,0.013582,0.001086,0.031095,0.999516,0,0.84539,0.98398,50.723,1.968,-1,375.000,-1,375.000,-1,300.000,300.000,325.000,325.000,-1,-1,-1,-1,750.000,725.000,-1,-1,2,0,2,0,2,0,0,0,0,2,2,2,2,0,0,2,2
22,-3918.583,-3403.282,-26.516,119.842,-0.497555,-0.866985,0.027853,0.867430,-0.497374,0.013591,0.002070,0.030923,0.999520,0,0.84680,0.97929,50.808,1.959,-1,375.000,-1,375.000,-1,300.000,300.000,325.000,325.000,-1,-1,-1,-1,750.000,725.000,-1,-1,2,0,2,0,2,0,0,0,0,2,2,2,2,0,0,2,2
23,-3945.777,-3359.495,-26.361,121.842,-0.527490,-0.849106,0.027817,0.849554,-0.527333,0.013321,0.003358,0.030659,0.999524,0,0.85908,1.00000,51.545,2.000,-1,375.000,-1,375.000,-1,300.000,300.000,325.000,325.000,-1,-1,-1,-1,750.000,700.000,-1,-1,2,0,2,0,2,0,0,0,0,2,2,2,2,0,0,2,2
24,-3974.679,-3316.391,-26.028,123.842,-0.556778,-0.830202,0.027621,0.830647,-0.556657,0.012609,0.004908,0.029963,0.999539,0,0.86494,1.00000,51.896,2.000,-1,375.000,-1,375.000,-1,300.000,300.000,325.000,325.000,-1,-1,-1,-1,750.000,700.000,1000.000,-1,2,0,2,0,2,0,0,0,0,2,2,2,2,0,0,1,2
25,-4005.280,-3274.027,-25.637,125.842,-0.585382,-0.810286,0.027654,0.810730,-0.585303,0.011740,0.006674,0.029292,0.999549,0,0.87100,1.00000,52.260,2.000,-1,375.000,-1,375.000,-1,300.000,300.000,325.000,325.000,-1,-1,-1,-1,775.000,700.000,950.000,-1,2,0,2,0,2,0,0,0,0,2,2,2,2,0,0,1,2
26,-4037.571,-3232.460,-25.188,127.842,-0.613270,-0.789380,0.027932,0.789826,-0.613236,0.010755,0.008639,0.028657,0.999552,0,0.87727,1.00000,52.636,2.000,-1,400.000,-1,375.000,-1,325.000,300.000,325.000,325.000,-1,-1,-1,-1,775.000,725.000,925.000,-1,2,0,2,0,2,0,0,0,0,2,2,2,2,1,0,1,2
27,-4071.542,-3191.747,-24.598,129.842,-0.640414,-0.767517,0.028078,0.767958,-0.640428,0.009673,0.010557,0.027757,0.999559,0,0.88374,1.00000,53.025,2.000,-1,400.000,-1,375.000,-1,325.000,300.000,325.000,325.000,-1,-1,-1,-1,725.000,725.000,875.000,-1,2,0,2,0,2,0,0,0,0,2,2,2,2,1,0,1,2
28,-4107.180,-3151.947,-23.967,131.842,-0.666778,-0.744731,0.027996,0.745148,-0.666852,0.007946,0.012751,0.026160,0.999576,0,0.89040,1.00000,53.424,2.000,-1,400.000,-1,375.000,-1,325.000,325.000,325.000,325.000,-1,-1,-1,-1,700.000,750.000,850.000,-1,2,0,2,0,2,0,0,0,0,2,2,2,2,1,0,1,2
29,-4144.470,-3113.118,-23.184,133.842,-0.692337,-0.721038,0.027812,0.721421,-0.692469,0.006105,0.014857,0.024291,0.999595,0,0.89725,1.00000,53.835,2.000,-1,400.000,-1,375.000,-1,325.000,325.000,325.000,325.000,-1,-1,-1,-1,675.000,775.000,825.000,-1,2,0,2,0,2,0,0,0,0,2,2,2,2,1,0,1,2
30,-4183.393,-3075.321,-22.237,135.842,-0.717061,-0.696466,0.027524,0.696807,-0.717247,0.004183,0.016828,0.022179,0.999612,0,0.90426,1.00000,54.256,2.000,-1,400.000,1000.000,400.000,-1,325.000,325.000,325.000,325.000,-1,-1,-1,-1,625.000,775.000,800.000,-1,2,0,1,0,2,0,0,0,0,2,2,2,2,1,0,1,2
31,-4223.932,-3038.617,-21.524,137.842,-0.740936,-0.671023,0.027244,0.671349,-0.741130,0.004087,0.017448,0.021319,0.999620,0,0.91144,1.00000,54.686,2.000,-1,400.000,900.000,400.000,-1,325.000,325.000,325.000,325.000,-1,-1,-1,-1,600.000,800.000,750.000,-1,2,0,1,0,2,0,0,0,0,2,2,2,2,1,0,1,2
32,-4266.063,-3003.067,-20.851,139.842,-0.763923,-0.644754,0.026739,0.645077,-0.764102,0.004903,0.017270,0.020995,0.999630,0,0.91877,1.00000,55.126,2.000,-1,400.000,800.000,400.000,-1,325.000,325.000,325.000,325.000,-1,-1,-1,-1,575.000,800.000,725.000,-1,2,0,1,0,2,0,0,0,0,2,2,2,2,1,0,1,2
33,-4309.761,-2968.731,-20.024,141.842,-0.785987,-0.617701,0.025907,0.618014,-0.786147,0.005693,0.016850,0.020485,0.999648,0,0.92623,1.00000,55.574,2.000,-1,400.000,725.000,400.000,-1,325.000,325.000,350.000,325.000,-1,-1,-1,-1,525.000,800.000,700.000,-1,2,1,1,0,2,0,0,0,0,2,2,2,2,1,1,1,2
34,-4354.998,-2935.674,-19.016,143.842,-0.807103,-0.589898,0.024617,0.590192,-0.807238,0.006399,0.016097,0.019693,0.999676,0,0.93381,1.00000,56.028,2.000,-1,375.000,650.000,375.000,-1,325.000,325.000,350.000,300.000,-1,-1,-1,-1,500.000,700.000,675.000,975.000,2,1,1,0,2,0,0,0,0,2,2,2,2,1,1,1,1
35,-4401.742,-2903.956,-18.120,145.842,-0.827235,-0.561387,0.022945,0.561635,-0.827365,0.005759,0.015750,0.017651,0.999720,0,0.94148,1.00000,56.489,2.000,-1,350.000,600.000,375.000,-1,300.000,325.000,350.000,300.000,-1,-1,-1,-1,475.000,600.000,650.000,825.000,2,1,1,0,2,1,0,0,0,2,2,2,2,1,1,1,1
36,-4449.957,-2873.642,-17.236,147.842,-0.846362,-0.532194,0.020995,0.532386,-0.846490,0.004517,0.015368,0.015001,0.999769,0,0.94923,1.00000,56.954,2.000,-1,325.000,525.000,375.000,-1,275.000,325.000,325.000,300.000,-1,-1,-1,-1,425.000,500.000,650.000,700.000,2,1,1,0,2,1,1,0,0,2,2,2,2,1,1,1,1
37,-4499.606,-2844.794,-16.255,149.842,-0.864458,-0.502347,0.018965,0.502485,-0.864580,0.003092,0.014843,0.012203,0.999815,0,0.95702,1.00000,57.421,2.000,-1,300.000,475.000,350.000,875.000,250.000,275.000,325.000,300.000,-1,-1,-1,-1,400.000,425.000,625.000,600.000,2,1,1,1,1,1,1,0,0,2,2,2,2,1,1,1,1
38,-4550.643,-2817.476,-15.377,151.842,-0.881516,-0.471886,0.015901,0.471960,-0.881619,0.001065,0.013516,0.008444,0.999873,0,0.96482,1.00000,57.889,2.000,-1,275.000,425.000,300.000,700.000,225.000,250.000,325.000,300.000,-1,-1,-1,-1,375.000,350.000,600.000,475.000,2,1,1,1,1,1,1,0,0,2,2,2,2,1,1,1,1
39,-4603.022,-2791.750,-14.136,153.842,-0.897476,-0.440839,0.014093,0.440875,-0.897568,-0.000615,0.012920,0.005661,0.999901,0,0.97258,1.00000,58.355,2.000,-1,250.000,350.000,250.000,525.000,200.000,200.000,325.000,300.000,-1,-1,-1,-1,325.000,300.000,600.000,375.000,2,1,1,1,1,1,1,0,0,2,2,2,2,1,1,1,1
40,-4656.880,-2767.321,-12.490,155.602,-0.910596,-0.413067,0.013785,0.413084,-0.910691,-0.001693,0.013253,0.004153,0.999904,0,0.98565,0.88000,59.139,1.760,-1,225.000,300.000,200.000,400.000,175.000,175.000,325.000,300.000,-1,-1,-1,-1,300.000,250.000,600.000,275.000,2,1,1,1,1,1,1,0,0,2,2,2,2,1,1,1,1
41,-4711.787,-2744.153,-11.038,157.122,-0.921170,-0.388760,0.017657,0.388812,-0.921317,-0.000518,0.016469,0.006388,0.999844,0,0.99325,0.76000,59.595,1.520,-1,200.000,250.000,150.000,275.000,150.000,150.000,350.000,300.000,-1,-1,-1,-1,275.000,200.000,-1,200.000,2,1,1,1,1,1,1,0,0,2,2,2,2,1,1,2,1
42,-4767.576,-2722.067,0.025,158.402,-0.929135,-0.367985,0.035986,0.366596,-0.929526,-0.039856,0.048117,-0.023839,0.998557,0,1.00000,0.64000,60.000,1.280,-1,200.000,275.000,150.000,250.000,175.000,150.000,350.000,400.000,-1,175.000,675.000,-1,275.000,175.000,-1,175.000,2,1,1,1,1,1,1,0,0,2,0,0,2,1,1,2,1
43,-8855.011,4263.314,23.898,-163.020,-0.954251,0.285696,-0.088224,-0.297662,-0.935632,0.189712,-0.028345,0.207294,0.977868,1,0.00000,0.00000,60.000,1.040,-1,-1,-1,575.000,-1,775.000,625.000,50.000,175.000,-1,-1,-1,250.000,-1,-1,-1,-1,2,2,2,0,2,0,0,1,0,2,2,2,0,2,2,2,2
44,-328.980,2291.059,-57.307,-102.822,-0.228040,0.972157,-0.053924,-0.969081,-0.221260,0.109208,0.094236,0.077160,0.992555,1,0.08000,0.12000,4.800,0.240,300.000,525.000,-1,550.000,-1,450.000,425.000,150.000,300.000,-1,800.000,0.000,850.000,-1,-1,-1,-1,1,1,2,0,2,0,0,1,0,2,1,1,0,2,2,2,2
45,-331.028,2281.681,-56.257,-102.342,-0.220114,0.973773,-0.057591,-0.970987,-0.213064,0.108569,0.093451,0.079818,0.992419,0,0.16000,0.24000,9.600,0.480,300.000,500.000,-1,550.000,-1,450.000,425.000,175.000,300.000,-1,800.000,0.000,850.000,-1,-1,-1,-1,1,1,2,0,2,0,0,1,0,2,1,1,0,2,2,2,2
46,-333.924,2267.576,-54.679,-101.622,-0.208192,0.976055,-0.063024,-0.973717,-0.200745,0.107597,0.092369,0.083768,0.992195,0,0.24000,0.36000,14.400,0.720,300.000,500.000,-1,550.000,-1,450.000,425.000,175.000,300.000,-1,825.000,0.000,850.000,-1,-1,-1,-1,1,1,2,0,2,0,0,1,0,2,1,1,0,2,2,2,2
47,-337.475,2248.709,-52.570,-100.677,-0.192488,0.978790,-0.070130,-0.977065,-0.184536,0.106252,0.091057,0.088974,0.991863,0,0.32000,0.47251,19.200,0.945,300.000,500.000,-1,550.000,-1,450.000,425.000,175.000,300.000,-1,825.000,0.000,825.000,-1,-1,-1,-1,1,1,2,0,2,0,0,1,0,2,1,1,0,2,2,2,2
48,-341.523,2225.054,-49.949,-99.733,-0.176792,0.981106,-0.078579,-0.980221,-0.168292,0.104137,0.088946,0.095436,0.991454,0,0.40000,0.47177,24.000,0.944,300.000,500.000,-1,525.000,-1,450.000,425.000,175.000,275.000,-1,875.000,0.000,825.000,-1,-1,-1,-1,1,1,2,0,2,0,0,1,0,2,1,0,0,2,2,2,2
49,-345.914,2196.593,-46.830,-98.792,-0.161094,0.982988,-0.088229,-0.983170,-0.152031,0.101307,0.086170,0.103064,0.990935,0,0.48000,0.47078,28.800,0.942,300.000,500.000,-1,525.000,-1,450.000,425.000,175.000,275.000,-1,900.000,25.000,825.000,-1,-1,-1,-1,1,1,2,0,2,0,0,1,0,2,1,0,0,2,2,2,2
50,-350.492,2163.308,-43.226,-97.853,-0.145386,0.984416,-0.098939,-0.985898,-0.135773,0.097825,0.082868,0.111766,0.990273,0,0.56000,0.46950,33.600,0.939,500.000,500.000,-1,525.000,-1,450.000,425.000,200.000,275.000,-1,950.000,100.000,825.000,-1,-1,-1,-1,1,1,2,0,2,0,0,1,0,2,1,0,0,2,2,2,2
51,-355.101,2125.188,-39.146,-96.917,-0.129667,0.985372,-0.110586,-0.988392,-0.119542,0.093762,0.079171,0.121460,0.989434,0,0.64000,0.46786,38.400,0.936,-1,500.000,-1,525.000,-1,450.000,425.000,200.000,275.000,-1,-1,225.000,825.000,-1,-1,-1,-1,2,1,2,0,2,0,0,1,0,2,2,0,0,2,2,2,2
52,-359.062,2087.261,-35.119,-95.986,-0.113946,0.986002,-0.121726,-0.990575,-0.103381,0.089854,0.076012,0.130818,0.988488,0,0.63561,0.46579,38.136,0.932,-1,500.000,-1,500.000,-1,475.000,425.000,200.000,275.000,-1,-1,375.000,825.000,-1,-1,-1,-1,2,1,2,0,2,0,0,1,0,2,2,0,0,2,2,2,2
53,-362.379,2049.598,-31.137,-95.058,-0.098255,0.986311,-0.132425,-0.992453,-0.087305,0.086111,0.073371,0.139887,0.987445,0,0.63018,0.46354,37.811,0.927,-1,500.000,-1,500.000,-1,475.000,425.000,200.000,250.000,-1,-1,525.000,800.000,-1,-1,-1,-1,2,1,2,0,2,0,0,1,0,2,2,0,0,2,2,2,2
54,-365.068,2012.176,-27.182,-94.136,-0.082624,0.986301,-0.142769,-0.994033,-0.071326,0.082524,0.071211,0.148735,0.986310,0,0.62536,0.46112,37.522,0.922,-1,500.000,-1,500.000,-1,475.000,425.000,225.000,250.000,-1,-1,700.000,775.000,-1,-1,-1,-1,2,1,2,0,2,0,0,1,0,2,2,0,0,2,2,2,2
55,-367.148,1974.970,-23.871,-93.219,-0.067093,0.986360,-0.150308,-0.995235,-0.055477,0.080190,0.070757,0.154972,0.985382,0,0.62111,0.45855,37.267,0.917,-1,500.000,-1,500.000,-1,475.000,450.000,225.000,250.000,-1,-1,775.000,775.000,-1,-1,-1,-1,2,1,2,0,2,0,0,1,0,2,2,0,0,2,2,2,2
56,-368.636,1937.958,-21.993,-92.307,-0.051207,0.986830,-0.153439,-0.996258,-0.039764,0.076741,0.069629,0.156794,0.985174,0,0.61741,0.45584,37.045,0.912,-1,500.000,-1,500.000,-1,475.000,450.000,200.000,250.000,-1,-1,850.000,775.000,-1,-1,-1,-1,2,1,2,0,2,1,0,1,0,2,2,0,0,2,2,2,2
57,-369.652,1896.129,-20.048,-91.399,-0.035304,0.986886,-0.157512,-0.997079,-0.024101,0.072477,0.067730,0.159611,0.984854,0,0.69741,0.45425,41.845,0.908,-1,475.000,-1,500.000,-1,475.000,425.000,200.000,250.000,-1,-1,950.000,775.000,-1,-1,-1,-1,2,1,2,0,2,1,0,1,0,2,2,0,0,2,2,2,2
58,-370.031,1850.094,-17.850,-90.480,-0.019176,0.986630,-0.161842,-0.997664,-0.008267,0.067813,0.065568,0.162765,0.984484,0,0.76733,0.45945,46.040,0.919,-1,475.000,-1,500.000,-1,450.000,425.000,200.000,250.000,-1,-1,-1,775.000,-1,-1,-1,-1,2,1,2,0,2,1,0,1,0,2,2,2,0,2,2,2,2
59,-369.672,1804.503,-15.592,-89.557,-0.002991,0.986095,-0.166157,-0.997968,0.007632,0.063260,0.063649,0.166008,0.984068,0,0.75993,0.46175,45.596,0.923,-1,475.000,-1,475.000,-1,450.000,425.000,200.000,225.000,-1,-1,-1,775.000,-1,-1,-1,-1,2,1,2,0,2,1,0,1,0,2,2,2,0,2,2,2,2
60,2295.763,-9511.004,400.949,34.939,0.814716,-0.571713,-0.096868,0.574720,0.818341,0.003893,0.077045,-0.058843,0.995290,1,0.00000,0.00000,45.119,0.927,-1,500.000,-1,-1,-1,375.000,375.000,300.000,350.000,-1,525.000,600.000,-1,-1,-1,-1,-1,2,0,2,2,2,0,0,0,0,2,1,1,2,2,2,2,2
61,2299.686,-9508.238,401.390,35.179,0.812339,-0.575108,-0.096729,0.578175,0.815900,0.004590,0.076281,-0.059654,0.995300,0,0.08000,0.12000,4.800,0.240,-1,500.000,-1,-1,-1,375.000,375.000,300.000,350.000,-1,550.000,625.000,-1,-1,-1,-1,-1,2,0,2,2,2,0,0,0,0,2,1,1,2,2,2,2,2
62,2307.485,-9502.641,402.268,35.659,0.807542,-0.581865,-0.096479,0.585053,0.810973,0.005994,0.074755,-0.061286,0.995317,0,0.16000,0.24000,9.600,0.480,-1,500.000,-1,-1,-1,375.000,375.000,300.000,350.000,-1,550.000,650.000,-1,-1,-1,-1,-1,2,0,2,2,2,0,0,0,0,2,1,1,2,2,2,2,2
63,2319.087,-9494.114,403.242,36.310,0.801095,-0.590999,-0.094696,0.594240,0.804250,0.007734,0.071589,-0.062468,0.995476,0,0.24000,0.32551,14.400,0.651,-1,500.000,-1,-1,-1,375.000,375.000,300.000,350.000,-1,575.000,675.000,-1,-1,-1,-1,-1,2,0,2,2,2,0,0,0,0,2,1,1,2,2,2,2,2
64,2334.431,-9482.573,404.467,36.945,0.794794,-0.599822,-0.092281,0.603111,0.797593,0.010136,0.067523,-0.063711,0.995681,0,0.32000,0.31729,19.200,0.635,-1,475.000,-1,-1,-1,375.000,375.000,300.000,350.000,-1,625.000,700.000,-1,-1,-1,-1,-1,2,0,2,2,2,0,0,0,0,2,1,1,2,2,2,2,2
65,2353.454,-9467.942,405.959,37.559,0.788664,-0.608288,-0.089409,0.611623,0.791038,0.013270,0.062654,-0.065150,0.995907,0,0.40000,0.30736,24.000,0.615,-1,475.000,-1,-1,-1,375.000,375.000,300.000,350.000,-1,650.000,725.000,-1,-1,-1,-1,-1,2,0,2,2,2,0,0,0,0,2,1,1,2,2,2,2,2
66,2376.100,-9450.150,407.700,38.151,0.782750,-0.616350,-0.086109,0.619722,0.784634,0.017168,0.056983,-0.066802,0.996138,0,0.48000,0.29559,28.800,0.591,-1,475.000,-1,-1,-1,375.000,375.000,300.000,350.000,-1,700.000,775.000,-1,-1,-1,-1,-1,2,0,2,2,2,0,0,0,0,2,1,1,2,2,2,2,2
67,2402.315,-9429.135,409.443,38.714,0.777070,-0.623995,-0.082412,0.627329,0.778477,0.020781,0.051188,-0.067847,0.996382,0,0.56000,0.28183,33.600,0.564,-1,475.000,-1,-1,-1,375.000,375.000,300.000,350.000,-1,750.000,825.000,-1,-1,-1,-1,-1,2,0,2,2,2,0,1,0,0,2,1,1,2,2,2,2,2
68,2432.053,-9404.841,410.869,39.246,0.771641,-0.631220,-0.078305,0.634382,0.772685,0.022745,0.046148,-0.067226,0.996670,0,0.64000,0.26589,38.400,0.532,-1,475.000,-1,-1,-1,375.000,400.000,300.000,350.000,-1,800.000,875.000,-1,-1,-1,-1,-1,2,0,2,2,2,0,1,0,0,2,1,1,2,2,2,2,2
69,2465.270,-9377.223,412.415,39.741,0.766576,-0.637899,-0.073797,0.640874,0.767231,0.025241,0.040518,-0.066644,0.996954,0,0.72000,0.24757,43.200,0.495,-1,475.000,-1,-1,-1,350.000,425.000,300.000,350.000,-1,850.000,950.000,-1,-1,-1,-1,-1,2,0,2,2,2,0,1,0,0,2,1,1,2,2,2,2,2
70,2501.934,-9346.244,414.060,40.194,0.761940,-0.643970,-0.068918,0.646739,0.762186,0.028317,0.034293,-0.066148,0.997220,0,0.80000,0.22663,48.000,0.453,-1,475.000,-1,-1,-1,350.000,450.000,300.000,325.000,-1,925.000,0.000,-1,-1,-1,-1,-1,2,0,2,2,2,0,1,0,0,2,1,0,2,2,2,2,2
71,2542.023,-9311.883,415.783,40.600,0.757805,-0.649365,-0.063702,0.651903,0.757626,0.032019,0.027470,-0.065791,0.997455,0,0.88000,0.20280,52.800,0.406,-1,475.000,-1,-1,-1,375.000,475.000,300.000,325.000,-1,0.000,0.000,-1,-1,-1,-1,-1,2,1,2,2,2,1,1,0,0,2,0,0,2,2,2,2,2
72,2585.529,-9274.136,414.253,40.952,0.754864,-0.654488,-0.042717,0.655801,0.754188,0.033562,0.010251,-0.053348,0.998523,0,0.96000,0.17581,57.600,0.352,-1,475.000,-1,-1,-1,375.000,450.000,300.000,275.000,-1,-1,0.000,-1,-1,-1,-1,-1,2,1,2,2,2,1,1,0,0,2,2,0,2,2,2,2,2
73,2630.648,-9234.585,412.047,41.242,0.752156,-0.658656,-0.020828,0.658918,0.751255,0.037978,-0.009367,-0.042290,0.999061,0,1.00000,0.14536,60.000,0.291,-1,450.000,-1,725.000,-1,375.000,425.000,300.000,250.000,-1,-1,-1,-1,-1,-1,-1,-1,2,1,2,1,2,1,1,0,1,2,2,2,2,2,2,2,2
74,2675.610,-9194.855,409.946,41.467,0.749645,-0.661840,-0.000293,0.661231,0.748936,0.043218,-0.028384,-0.032592,0.999066,0,1.00000,0.11245,60.000,0.225,-1,425.000,-1,650.000,-1,350.000,400.000,325.000,325.000,-1,-1,-1,-1,-1,-1,-1,-1,2,1,2,1,2,1,1,0,1,2,2,2,2,2,2,2,2
75,2720.464,-9155.001,407.859,41.624,0.747473,-0.664038,0.018354,0.662673,0.747295,0.049143,-0.046349,-0.024570,0.998623,0,1.00000,0.07836,60.000,0.157,-1,425.000,-1,575.000,-1,350.000,375.000,325.000,375.000,-1,-1,-1,-1,975.000,-1,-1,-1,2,1,2,1,2,1,1,0,1,2,2,2,2,0,2,2,2
76,2765.096,-9114.898,405.239,41.941,0.743266,-0.668228,0.032052,0.666155,0.743670,0.056495,-0.061588,-0.020640,0.997888,0,1.00000,0.15872,60.000,0.317,-1,400.000,-1,550.000,-1,325.000,375.000,350.000,425.000,-1,-1,-1,-1,850.000,-1,-1,-1,2,1,2,1,2,1,1,0,1,2,2,2,2,0,2,2,2
77,2809.551,-9074.599,401.678,42.195,0.739563,-0.671595,0.044798,0.669118,0.740789,0.059261,-0.072986,-0.013852,0.997237,0,1.00000,0.12693,60.000,0.254,-1,400.000,-1,500.000,-1,325.000,350.000,350.000,475.000,-1,-1,-1,-1,800.000,-1,-1,-1,2,1,2,1,2,1,1,0,1,2,2,2,2,0,2,2,2
78,2853.867,-9034.147,398.214,42.392,0.736422,-0.674171,0.056355,0.671337,0.738531,0.062281,-0.083608,-0.008032,0.996466,0,1.00000,0.09814,60.000,0.196,-1,400.000,-1,475.000,-1,325.000,350.000,350.000,525.000,-1,-1,-1,-1,750.000,-1,-1,-1,2,1,2,1,2,1,1,0,1,2,2,2,2,0,2,2,2
79,2898.065,-8993.567,394.748,42.557,0.733580,-0.676324,0.066674,0.673096,0.736595,0.066098,-0.093816,-0.003611,0.995583,0,1.00000,0.08294,60.000,0.166,-1,375.000,-1,475.000,-1,325.000,350.000,375.000,575.000,-1,-1,-1,-1,700.000,-1,-1,-1,2,1,2,1,2,1,1,0,1,2,2,2,2,0,2,2,2
80,2942.168,-8952.881,390.208,42.692,0.731148,-0.678051,0.075302,0.673770,0.734998,0.076239,-0.107040,-0.005006,0.994242,0,1.00000,0.06738,60.000,0.135,-1,350.000,-1,425.000,-1,300.000,325.000,350.000,650.000,-1,-1,-1,-1,625.000,-1,-1,-1,2,1,2,1,2,1,1,0,1,2,2,2,2,0,2,2,2
81,2986.197,-8912.116,386.002,42.795,0.729116,-0.679359,0.082832,0.674010,0.733778,0.085325,-0.118747,-0.006382,0.992904,0,1.00000,0.05125,60.000,0.102,-1,325.000,-1,-1,-1,300.000,300.000,350.000,-1,-1,-1,-1,-1,575.000,-1,-1,-1,2,1,2,2,2,1,1,0,2,2,2,2,2,0,2,2,2
82,3030.179,-8871.300,380.924,42.863,0.727307,-0.680246,0.091046,0.674419,0.732977,0.088904,-0.127211,-0.003257,0.991870,0,1.00000,0.03424,60.000,0.068,-1,325.000,-1,-1,-1,275.000,300.000,350.000,-1,-1,-1,-1,-1,550.000,-1,-1,-1,2,1,2,2,2,1,1,0,2,2,2,2,2,0,2,2,2
83,3074.137,-8830.463,373.222,42.895,0.725807,-0.680623,0.099786,0.676145,0.732560,0.078636,-0.126621,0.010395,0.991897,0,1.00000,0.01602,60.000,0.032,-1,325.000,-1,-1,-1,275.000,300.000,375.000,-1,-1,-1,0.000,-1,575.000,-1,-1,-1,2,1,2,2,2,1,1,0,2,2,2,0,2,0,2,2,2
84,3118.099,-8789.631,365.692,42.888,0.725251,-0.680408,0.105150,0.677243,0.732526,0.068907,-0.123910,0.021238,0.992066,0,1.00000,-0.00383,60.000,-0.008,-1,325.000,-1,-1,-1,275.000,275.000,375.000,-1,-1,-1,0.000,-1,600.000,-1,-1,-1,2,1,2,2,2,1,1,0,2,2,2,0,2,0,2,2,2
85,3162.096,-8748.837,358.757,42.836,0.725421,-0.679575,0.109282,0.677692,0.732950,0.059318,-0.120409,0.031029,0.992239,0,1.00000,-0.02576,60.000,-0.052,-1,300.000,-1,-1,-1,275.000,700.000,400.000,-1,-1,0.000,0.000,-1,800.000,-1,-1,-1,2,1,2,2,2,1,1,0,2,2,0,1,2,1,2,2,2
86,3206.143,-8708.137,351.558,42.736,0.725835,-0.677990,0.116156,0.677568,0.733813,0.049204,-0.118597,0.042989,0.992011,0,0.99954,-0.05015,59.972,-0.100,-1,300.000,-1,-1,-1,250.000,775.000,425.000,-1,-1,0.000,0.000,-1,850.000,-1,-1,-1,2,0,2,2,2,1,1,0,2,2,0,1,2,1,2,2,2
87,3248.791,-8668.920,335.563,42.581,0.719939,-0.673929,0.165854,0.679061,0.733371,0.032300,-0.143401,0.089371,0.985621,0,0.96549,-0.07718,57.930,-0.154,-1,250.000,-1,-1,-1,200.000,650.000,525.000,-1,-1,0.000,0.000,-1,750.000,-1,-1,-1,2,0,2,2,2,1,1,0,2,2,1,1,2,1,2,2,2
88,8935.757,-4170.111,130.339,71.666,0.325174,-0.941654,0.086890,0.940171,0.312040,-0.136780,0.101687,0.126169,0.986783,1,0.00000,0.00000,55.712,-0.211,-1,375.000,-1,625.000,-1,325.000,375.000,350.000,300.000,-1,150.000,50.000,500.000,-1,-1,-1,-1,2,1,2,1,2,1,1,1,0,2,0,0,0,2,2,2,2
89,8937.247,-4165.548,130.645,71.906,0.321389,-0.942904,0.087416,0.941328,0.308077,-0.137802,0.103003,0.126575,0.986595,0,0.08000,0.12000,4.800,0.240,-1,375.000,-1,650.000,-1,325.000,375.000,350.000,300.000,-1,125.000,50.000,475.000,-1,-1,-1,-1,2,1,2,1,2,1,1,1,0,2,0,0,0,2,2,2,2
90,8940.149,-4156.398,131.263,72.386,0.313810,-0.945354,0.088486,0.943591,0.300136,-0.139837,0.105637,0.127377,0.986213,0,0.16000,0.24000,9.600,0.480,-1,375.000,-1,650.000,-1,325.000,375.000,350.000,300.000,-1,125.000,50.000,475.000,-1,-1,-1,-1,2,1,2,1,2,1,1,1,0,2,0,0,0,2,2,2,2
91,8944.330,-4142.619,132.206,73.106,0.302413,-0.948905,0.090138,0.946856,0.288189,-0.142868,0.109592,0.128553,0.985629,0,0.24000,0.36000,14.400,0.720,-1,375.000,-1,675.000,-1,325.000,400.000,350.000,300.000,-1,125.000,50.000,475.000,-1,-1,-1,-1,2,1,2,1,2,1,1,1,1,2,0,0,0,2,2,2,2
92,8949.596,-4124.156,133.488,74.066,0.287169,-0.953411,0.092422,0.950967,0.272196,-0.146871,0.114872,0.130067,0.984828,0,0.32000,0.48000,19.200,0.960,-1,400.000,-1,675.000,-1,350.000,400.000,350.000,300.000,-1,125.000,50.000,450.000,-1,-1,-1,-1,2,1,2,1,2,1,1,1,1,2,0,0,0,2,2,2,2
93,8955.694,-4100.944,135.134,75.266,0.268042,-0.958673,0.095392,0.955717,0.252109,-0.151812,0.121489,0.131860,0.983795,0,0.40000,0.60000,24.000,1.200,-1,425.000,-1,700.000,-1,350.000,425.000,350.000,300.000,-1,125.000,50.000,450.000,-1,-1,-1,-1,2,1,2,1,2,1,1,1,1,2,0,0,0,2,2,2,2
94,747.404,-6438.555,161.417,177.752,-0.996272,-0.038928,-0.076989,0.029121,-0.991775,0.124633,-0.081208,0.121926,0.989211,1,0.00000,0.00000,28.800,1.390,-1,325.000,-1,300.000,-1,275.000,250.000,350.000,-1,-1,-1,0.000,-1,600.000,825.000,-1,-1,2,1,2,1,2,1,1,0,2,2,2,0,2,1,1,2,2
95,742.608,-6438.347,161.068,177.512,-0.995986,-0.043079,-0.078466,0.032994,-0.991537,0.125563,-0.083211,0.122470,0.988978,0,0.08000,-0.12000,4.800,-0.240,-1,325.000,-1,300.000,-1,275.000,250.000,350.000,-1,-1,-1,0.000,-1,600.000,825.000,-1,-1,2,1,2,1,2,1,1,0,2,2,2,0,2,1,1,2,2
96,733.019,-6437.855,160.354,177.063,-0.995391,-0.050842,-0.081315,0.040207,-0.991028,0.127462,-0.087066,0.123605,0.988505,0,0.16000,-0.22456,9.600,-0.449,-1,325.000,-1,300.000,-1,250.000,250.000,375.000,-1,-1,-1,0.000,-1,575.000,800.000,-1,-1,2,1,2,1,2,1,1,0,2,2,2,0,2,1,1,2,2
97,718.643,-6437.005,159.303,176.611,-0.994673,-0.058653,-0.084761,0.047312,-0.990371,0.130101,-0.091576,0.125398,0.987871,0,0.24000,-0.22621,14.400,-0.452,-1,300.000,-1,275.000,-1,250.000,250.000,375.000,-1,-1,-1,0.000,-1,550.000,800.000,-1,-1,2,1,2,1,2,1,1,0,2,2,2,0,2,1,1,2,2
98,699.484,-6435.716,157.880,176.148,-0.993815,-0.066624,-0.088845,0.054395,-0.989543,0.133590,-0.096816,0.127931,0.987046,0,0.32000,-0.23128,19.200,-0.463,-1,300.000,-1,275.000,-1,250.000,225.000,375.000,-1,-1,-1,0.000,-1,550.000,775.000,-1,-1,2,1,2,1,2,1,1,0,2,2,2,0,2,1,1,2,2
99,675.551,-6433.905,155.942,175.668,-0.992816,-0.074890,-0.093314,0.061632,-0.988562,0.137645,-0.102555,0.130905,0.986076,0,0.40000,-0.24020,24.000,-0.480,-1,300.000,-1,275.000,-1,250.000,225.000,375.000,-1,-1,-1,0.000,-1,525.000,725.000,-1,-1,2,1,2,1,2,1,1,0,2,2,2,0,2,1,1,2,2
100,646.841,-6431.612,153.445,175.427,-0.992171,-0.079002,-0.096728,0.064859,-0.987809,0.141513,-0.106728,0.134131,0.985199,0,0.48000,-0.12020,28.800,-0.240,-1,275.000,-1,250.000,-1,225.000,225.000,375.000,-1,-1,-1,0.000,-1,500.000,700.000,-1,-1,2,1,2,1,2,1,1,0,2,2,2,1,2,1,1,2,2
101,613.355,-6428.837,150.386,175.252,-0.992006,-0.081973,-0.095942,0.067425,-0.986968,0.146110,-0.106669,0.138473,0.984605,0,0.56000,-0.08759,33.600,-0.175,-1,275.000,-1,250.000,-1,225.000,225.000,375.000,-1,-1,-1,0.000,-1,500.000,675.000,-1,-1,2,1,2,1,2,1,1,0,2,2,2,1,2,1,1,2,2
102,575.098,-6425.531,147.420,175.053,-0.991982,-0.085368,-0.093189,0.070854,-0.986256,0.149261,-0.104650,0.141461,0.984397,0,0.64000,-0.09963,38.400,-0.199,-1,275.000,-1,250.000,-1,225.000,200.000,375.000,-1,-1,-1,0.000,-1,500.000,675.000,-1,-1,2,1,2,1,2,1,1,0,2,2,2,1,2,1,1,2,2
103,532.066,-6421.739,144.091,174.956,-0.992194,-0.086992,-0.089347,0.072669,-0.985606,0.152646,-0.101340,0.144961,0.984234,0,0.72000,-0.04847,43.200,-0.097,-1,275.000,-1,225.000,-1,225.000,200.000,375.000,-1,-1,-1,0.000,-1,525.000,675.000,-1,-1,2,1,2,1,2,1,1,0,2,2,2,1,2,1,1,2,2
104,7020.533,1317.974,6.722,61.354,0.473239,-0.876894,-0.084269,0.874895,0.479021,-0.071394,0.102972,-0.039940,0.993882,1,0.00000,0.00000,48.000,-0.144,-1,350.000,-1,250.000,275.000,275.000,225.000,275.000,500.000,475.000,100.000,200.000,-1,600.000,375.000,-1,250.000,2,1,2,1,1,1,1,0,1,0,0,0,2,1,1,2,1
105,7022.817,1322.196,7.201,61.594,0.469338,-0.878853,-0.085675,0.876818,0.475321,-0.072526,0.104462,-0.041082,0.993680,0,0.08000,0.12000,4.800,0.240,-1,350.000,-1,250.000,275.000,275.000,225.000,275.000,500.000,475.000,100.000,200.000,-1,600.000,375.000,-1,250.000,2,1,2,1,1,1,1,0,1,0,0,0,2,1,1,2,1
106,7027.316,1330.677,8.167,62.051,0.461851,-0.882536,-0.088452,0.880426,0.468245,-0.074816,0.107445,-0.043322,0.993267,0,0.16000,0.22873,9.600,0.457,-1,350.000,-1,250.000,275.000,275.000,225.000,275.000,475.000,450.000,100.000,200.000,-1,600.000,375.000,-1,250.000,2,1,2,1,1,1,1,0,1,0,0,0,2,1,1,2,1
107,7033.969,1343.450,9.699,62.488,0.454454,-0.885972,-0.092331,0.883699,0.461453,-0.078342,0.112015,-0.045990,0.992642,0,0.24000,0.21827,14.400,0.437,-1,350.000,-1,250.000,275.000,275.000,225.000,275.000,475.000,425.000,75.000,175.000,-1,625.000,375.000,-1,250.000,2,1,2,1,1,1,1,0,1,0,0,0,2,1,1,2,1
108,7042.717,1360.543,11.816,62.897,0.447220,-0.889112,-0.097338,0.886578,0.455047,-0.083140,0.118214,-0.049116,0.991773,0,0.32000,0.20455,19.200,0.409,-1,375.000,-1,275.000,275.000,275.000,250.000,275.000,450.000,425.000,75.000,175.000,-1,-1,400.000,-1,250.000,2,1,2,1,1,1,1,0,1,0,0,0,2,2,1,2,1
109,7053.512,1381.981,14.611,63.271,0.440218,-0.891890,-0.103640,0.889020,0.449141,-0.088976,0.125906,-0.052970,0.990627,0,0.40000,0.18715,24.000,0.374,-1,375.000,-1,275.000,250.000,275.000,250.000,275.000,450.000,400.000,75.000,175.000,-1,-1,400.000,-1,250.000,2,1,2,1,1,1,1,0,1,0,0,0,2,2,1,2,1
110,7543.367,-8854.893,334.769,-33.422,0.843071,0.537349,0.022067,-0.525440,0.814250,0.246798,0.114648,-0.219663,0.968816,1,0.00000,0.00000,28.800,0.331,-1,500.000,-1,300.000,175.000,325.000,275.000,200.000,200.000,225.000,75.000,300.000,-1,-1,475.000,-1,225.000,2,1,2,1,1,1,1,0,1,0,0,0,2,2,1,2,1
111,-9514.676,-2954.805,-466.162,-141.303,-0.778612,0.617875,-0.109514,-0.627252,-0.771310,0.107867,-0.017821,0.152679,0.988115,1,0.08000,0.12000,4.800,0.240,425.000,375.000,-1,350.000,350.000,300.000,300.000,300.000,275.000,-1,375.000,450.000,725.000,550.000,450.000,475.000,400.000,1,0,2,0,1,0,0,0,0,2,0,0,1,1,1,1,1
112,-9522.168,-2960.807,-466.314,-141.303,-0.778695,0.617868,-0.108965,-0.627170,-0.771301,0.108410,-0.017062,0.152758,0.988116,0,0.16000,0.00000,9.600,0.000,425.000,375.000,-1,375.000,350.000,300.000,300.000,300.000,275.000,-1,375.000,425.000,725.000,550.000,450.000,475.000,400.000,1,0,2,0,1,0,0,0,0,2,0,0,1,1,1,1,1
113,-9533.424,-2969.790,-466.537,-141.411,-0.779965,0.616406,-0.108156,-0.625613,-0.772449,0.109228,-0.016216,0.152858,0.988115,0,0.24000,-0.05389,14.400,-0.108,425.000,375.000,-1,375.000,350.000,300.000,300.000,300.000,275.000,-1,350.000,400.000,750.000,525.000,450.000,475.000,375.000,1,0,2,0,1,0,0,0,0,2,0,0,1,1,1,1,1
114,-9548.454,-2981.737,-466.846,-141.522,-0.781307,0.614894,-0.107074,-0.623967,-0.773625,0.110316,-0.015003,0.153001,0.988112,0,0.32000,-0.05551,19.200,-0.111,400.000,375.000,-1,375.000,325.000,300.000,300.000,300.000,275.000,-1,350.000,375.000,775.000,525.000,450.000,450.000,350.000,1,0,2,1,1,0,0,0,0,2,0,0,1,1,1,1,1
115,-9567.272,-2996.633,-467.244,-141.637,-0.782731,0.613314,-0.105722,-0.622215,-0.774841,0.111673,-0.013427,0.153192,0.988105,0,0.40000,-0.05779,24.000,-0.116,400.000,375.000,-1,350.000,300.000,300.000,300.000,300.000,275.000,-1,325.000,375.000,800.000,525.000,425.000,450.000,350.000,1,0,2,1,1,0,0,0,0,2,0,0,1,1,1,1,1
116,-9589.891,-3014.461,-467.738,-141.759,-0.784252,0.611646,-0.104103,-0.620336,-0.776110,0.113300,-0.011496,0.153434,0.988092,0,0.48000,-0.06075,28.800,-0.121,375.000,375.000,-1,350.000,300.000,300.000,300.000,300.000,275.000,-1,300.000,350.000,850.000,500.000,400.000,425.000,325.000,1,0,2,1,1,0,0,0,0,2,0,0,1,1,1,1,1
117,-9616.327,-3035.200,-468.244,-141.888,-0.785856,0.609901,-0.102230,-0.618336,-0.777486,0.114787,-0.009474,0.153418,0.988116,0,0.56000,-0.06444,33.600,-0.129,350.000,375.000,-1,325.000,275.000,300.000,300.000,300.000,275.000,-1,300.000,325.000,900.000,500.000,400.000,400.000,300.000,1,0,2,1,1,0,0,0,0,2,0,0,1,1,1,1,1
118,-9646.599,-3058.826,-468.414,-142.025,-0.787461,0.608174,-0.100145,-0.616307,-0.779138,0.114499,-0.008392,0.151884,0.988363,0,0.64000,-0.06893,38.400,-0.138,325.000,375.000,-1,300.000,250.000,325.000,300.000,300.000,275.000,-1,300.000,350.000,975.000,475.000,375.000,375.000,275.000,1,1,2,1,1,0,0,0,0,2,0,0,1,1,1,1,1
119,-9680.724,-3085.317,-468.643,-142.174,-0.789189,0.606308,-0.097830,-0.614109,-0.780914,0.114212,-0.007149,0.150213,0.988628,0,0.72000,-0.07428,43.200,-0.149,300.000,375.000,-1,300.000,200.000,325.000,300.000,300.000,275.000,-1,325.000,375.000,-1,450.000,350.000,350.000,225.000,1,1,2,1,1,0,1,0,0,2,0,0,2,1,1,1,1
120,-9718.722,-3114.645,-468.941,-142.335,-0.791058,0.604274,-0.095292,-0.611715,-0.782830,0.113943,-0.005745,0.148427,0.988907,0,0.80000,-0.08059,48.000,-0.161,275.000,350.000,-1,275.000,175.000,325.000,275.000,300.000,275.000,-1,350.000,375.000,-1,425.000,350.000,300.000,200.000,1,1,2,1,1,0,1,0,0,2,0,0,2,1,1,1,1
121,-9760.476,-3146.963,-469.179,-142.256,-0.790455,0.605558,-0.092085,-0.612511,-0.782266,0.113536,-0.003282,0.146149,0.989257,0,0.88000,0.03941,52.800,0.079,225.000,325.000,-1,250.000,125.000,300.000,250.000,300.000,275.000,-1,350.000,400.000,-1,400.000,325.000,275.000,150.000,1,1,2,1,1,1,1,0,0,2,0,0,2,1,1,1,1
122,-9802.289,-3179.656,-462.614,-141.937,-0.788646,0.612116,-0.057895,-0.614531,-0.781712,0.106198,0.019748,0.119331,0.992658,0,0.88461,0.15941,53.077,0.319,200.000,325.000,-1,275.000,125.000,325.000,300.000,275.000,350.000,-1,250.000,325.000,-1,400.000,400.000,250.000,150.000,1,1,2,1,1,1,1,1,1,2,0,0,2,1,1,1,1
123,-9843.672,-3212.702,-454.880,-141.379,-0.783556,0.620654,-0.028782,-0.619504,-0.776885,0.112534,0.047484,0.106008,0.993231,0,0.88261,0.27941,52.957,0.559,200.000,325.000,-1,325.000,125.000,350.000,350.000,275.000,325.000,650.000,175.000,275.000,-1,425.000,900.000,225.000,150.000,1,1,2,1,1,1,1,1,1,0,0,0,2,1,1,1,1
124,-9884.417,-3246.203,-446.398,-140.580,-0.775380,0.631466,-0.005997,-0.626638,-0.768207,0.131079,0.078166,0.105394,0.991354,0,0.87910,0.39941,52.746,0.799,200.000,350.000,-1,450.000,150.000,375.000,450.000,250.000,275.000,550.000,150.000,225.000,-1,475.000,1000.000,250.000,175.000,1,1,2,1,1,1,1,1,1,0,0,0,2,1,1,1,1
125,-9924.305,-3280.242,-439.087,-139.541,-0.764185,0.644930,0.009377,-0.636330,-0.756210,0.152415,0.105388,0.110506,0.988272,0,0.87388,0.51941,52.433,1.039,200.000,350.000,-1,650.000,150.000,375.000,475.000,250.000,225.000,525.000,125.000,150.000,-1,525.000,-1,250.000,300.000,1,1,2,1,1,1,1,1,1,0,0,0,2,1,2,1,1
126,-9963.114,-3314.870,-432.548,-138.291,-0.750896,0.660264,0.014370,-0.648039,-0.740837,0.176652,0.127283,0.123335,0.984169,0,0.86680,0.62485,52.008,1.250,200.000,375.000,-1,700.000,175.000,400.000,500.000,250.000,200.000,550.000,100.000,125.000,825.000,575.000,-1,250.000,-1,1,1,2,1,1,1,1,1,1,0,0,0,0,1,2,1,2
127,-10000.775,-3349.960,-427.108,-137.072,-0.738434,0.674224,0.011715,-0.658605,-0.724839,0.202107,0.144757,0.141528,0.979293,0,0.85785,0.60968,51.471,1.219,225.000,375.000,-1,725.000,225.000,400.000,525.000,250.000,150.000,600.000,100.000,100.000,650.000,700.000,-1,250.000,-1,1,1,2,1,1,1,1,1,1,0,0,0,0,1,2,1,2
128,-10037.251,-3385.407,-422.483,-135.883,-0.726871,0.686770,0.002259,-0.668496,-0.708277,0.226839,0.157386,0.163373,0.973930,0,0.84769,0.59434,50.861,1.189,200.000,400.000,-1,700.000,-1,425.000,525.000,250.000,125.000,700.000,100.000,75.000,550.000,-1,-1,250.000,-1,1,1,2,1,2,1,1,1,1,0,0,0,0,2,2,1,2
129,-10075.983,-3425.006,-418.706,-134.455,-0.713597,0.700354,-0.016828,-0.680399,-0.687145,0.254732,0.166839,0.193226,0.966865,0,0.92322,0.71434,55.393,1.429,200.000,400.000,-1,675.000,-1,425.000,550.000,250.000,100.000,875.000,125.000,75.000,425.000,-1,975.000,250.000,-1,1,1,2,1,2,1,1,1,1,0,0,0,0,2,1,1,2
130,-10113.644,-3465.871,-416.326,-132.786,-0.698373,0.714238,-0.046251,-0.694836,-0.661065,0.283189,0.171689,0.229908,0.957948,0,0.92631,0.83434,55.579,1.669,200.000,400.000,-1,650.000,-1,425.000,550.000,275.000,75.000,-1,125.000,50.000,350.000,-1,900.000,275.000,-1,1,1,2,1,2,1,1,1,1,2,0,0,0,2,1,1,2
131,-10150.051,-3508.096,-415.308,-130.937,-0.681569,0.726662,-0.086171,-0.711303,-0.630266,0.311147,0.171788,0.273362,0.946447,0,0.92943,0.92467,55.766,1.849,175.000,400.000,-1,600.000,925.000,400.000,525.000,275.000,50.000,-1,175.000,50.000,225.000,-1,800.000,300.000,950.000,1,1,2,1,1,1,1,1,1,2,0,0,1,2,1,1,1
132,-10185.260,-3551.556,-406.507,-129.075,-0.661367,0.744163,-0.093888,-0.726365,-0.604219,0.327588,0.187050,0.284853,0.940144,0,0.93241,0.93094,55.945,1.862,175.000,450.000,-1,600.000,850.000,450.000,650.000,275.000,50.000,-1,175.000,50.000,50.000,-1,800.000,-1,900.000,1,1,2,1,1,1,1,1,1,2,0,0,1,2,1,2,1
133,-6646.521,-4047.453,-147.932,106.211,-0.266533,-0.956731,-0.116727,0.955509,-0.278164,0.098118,-0.126341,-0.085382,0.988305,1,0.00000,0.00000,56.089,1.876,-1,-1,-1,850.000,750.000,-1,-1,225.000,275.000,-1,-1,-1,-1,-1,-1,-1,-1,2,2,2,1,1,2,2,1,0,2,2,2,2,2,2,2,2
134,-6647.869,-4042.846,-148.533,106.300,-0.267759,-0.956245,-0.117900,0.954990,-0.279618,0.099030,-0.127664,-0.086078,0.988075,0,0.08000,0.04405,4.800,0.088,-1,-1,-1,850.000,750.000,-1,-1,225.000,275.000,-1,-1,-1,-1,-1,-1,-1,-1,2,2,2,1,1,2,2,1,0,2,2,2,2,2,2,2,2
135,-6650.581,-4033.636,-149.725,106.389,-0.268745,-0.955677,-0.120238,0.954367,-0.281072,0.100910,-0.130233,-0.087632,0.987603,0,0.16000,0.04473,9.600,0.089,-1,-1,-1,850.000,775.000,-1,-1,225.000,275.000,-1,-1,-1,-1,-1,-1,-1,-1,2,2,2,1,1,2,2,1,0,2,2,2,2,2,2,2,2
136,-6654.671,-4019.828,-151.541,106.483,-0.269533,-0.955011,-0.123716,0.953615,-0.282581,0.103763,-0.134055,-0.090010,0.986878,0,0.24000,0.04703,14.400,0.094,-1,-1,-1,850.000,775.000,-1,-1,225.000,275.000,-1,-1,-1,-1,-1,-1,-1,-1,2,2,2,1,1,2,2,1,0,2,2,2,2,2,2,2,2
