timestep,x_cm,y_cm,z_cm,yaw_deg,basis_xx,basis_xy,basis_xz,basis_yx,basis_yy,basis_yz,basis_zx,basis_zy,basis_zz,teleport_flag,throttle_cmd,steering_cmd,cmd_move_cm,cmd_turn_deg,lidar_cm_0,lidar_cm_1,lidar_cm_2,lidar_cm_3,lidar_cm_4,lidar_cm_5,lidar_cm_6,lidar_cm_7,lidar_cm_8,lidar_cm_9,lidar_cm_10,lidar_cm_11,lidar_cm_12,lidar_cm_13,lidar_cm_14,lidar_cm_15,lidar_cm_16,lidar_class_0,lidar_class_1,lidar_class_2,lidar_class_3,lidar_class_4,lidar_class_5,lidar_class_6,lidar_class_7,lidar_class_8,lidar_class_9,lidar_class_10,lidar_class_11,lidar_class_12,lidar_class_13,lidar_class_14,lidar_class_15,lidar_class_16
0,-3609.072,8853.865,74.138,40.375,0.761927,-0.647443,-0.016879,0.647640,0.761420,0.028335,-0.005493,-0.032520,0.999456,1,-0.03151,0.01174,-1.891,0.023,425.000,400.000,-1,400.000,-1,325.000,325.000,300.000,300.000,-1,-1,-1,-1,625.000,750.000,525.000,-1,1,0,2,0,2,0,0,0,0,2,2,2,2,1,0,1,2
1,-3610.510,8852.641,74.143,40.398,0.761669,-0.647746,-0.016898,0.647944,0.761162,0.028325,-0.005485,-0.032523,0.999456,0,-0.03148,0.01142,-1.889,0.023,425.000,400.000,-1,400.000,-1,325.000,325.000,300.000,300.000,-1,-1,-1,-1,625.000,750.000,525.000,-1,1,0,2,0,2,0,0,0,0,2,2,2,2,1,0,1,2
2,-3611.947,8851.418,74.149,40.420,0.761417,-0.648041,-0.016916,0.648239,0.760910,0.028315,-0.005478,-0.032525,0.999456,0,-0.03145,0.01111,-1.887,0.022,425.000,400.000,-1,400.000,-1,325.000,325.000,300.000,300.000,-1,-1,-1,-1,625.000,750.000,525.000,-1,1,0,2,0,2,0,0,0,0,2,2,2,2,1,0,1,2
3,-3613.382,8850.195,74.154,40.442,0.761173,-0.648328,-0.016934,0.648526,0.760666,0.028304,-0.005469,-0.032527,0.999456,0,-0.03143,0.01080,-1.886,0.022,425.000,400.000,-1,400.000,-1,325.000,325.000,300.000,300.000,-1,-1,-1,-1,625.000,750.000,525.000,-1,1,0,2,0,2,0,0,0,0,2,2,2,2,1,0,1,2
4,-3614.816,8848.972,74.159,40.462,0.760935,-0.648606,-0.016953,0.648805,0.760429,0.028294,-0.005460,-0.032529,0.999456,0,-0.03140,0.01048,-1.884,0.021,425.000,400.000,-1,400.000,-1,325.000,325.000,300.000,300.000,-1,-1,-1,-1,625.000,750.000,525.000,-1,1,0,2,0,2,0,0,0,0,2,2,2,2,1,0,1,2
5,-3616.248,8847.750,74.164,40.483,0.760705,-0.648876,-0.016971,0.649075,0.760198,0.028284,-0.005451,-0.032531,0.999456,0,-0.03138,0.01017,-1.883,0.020,425.000,400.000,-1,400.000,-1,325.000,325.000,300.000,300.000,-1,-1,-1,-1,625.000,750.000,525.000,-1,1,0,2,0,2,0,0,0,0,2,2,2,2,1,0,1,2
6,-3617.679,8846.527,74.170,40.503,0.760481,-0.649138,-0.016990,0.649338,0.759974,0.028273,-0.005442,-0.032533,0.999456,0,-0.03136,0.00987,-1.882,0.020,425.000,400.000,-1,400.000,-1,325.000,325.000,300.000,300.000,-1,-1,-1,-1,625.000,750.000,525.000,-1,1,0,2,0,2,0,0,0,0,2,2,2,2,1,0,1,2
7,-3619.108,8845.306,74.175,40.522,0.760264,-0.649392,-0.017008,0.649592,0.759758,0.028262,-0.005431,-0.032535,0.999456,0,-0.03134,0.00956,-1.881,0.019,425.000,400.000,-1,400.000,-1,325.000,325.000,300.000,300.000,-1,-1,-1,-1,625.000,750.000,525.000,-1,1,0,2,0,2,0,0,0,0,2,2,2,2,1,0,1,2
8,-3620.536,8844.084,74.180,40.540,0.760054,-0.649637,-0.017027,0.649838,0.759548,0.028252,-0.005421,-0.032537,0.999456,0,-0.03133,0.00926,-1.880,0.019,425.000,400.000,-1,400.000,-1,325.000,325.000,300.000,300.000,-1,-1,-1,-1,625.000,750.000,525.000,-1,1,0,2,0,2,0,0,0,0,2,2,2,2,1,0,1,2
9,-3621.964,8842.862,74.186,40.558,0.759850,-0.649875,-0.017045,0.650076,0.759345,0.028241,-0.005410,-0.032539,0.999456,0,-0.03131,0.00896,-1.879,0.018,425.000,400.000,-1,400.000,-1,325.000,325.000,300.000,300.000,-1,-1,-1,-1,625.000,750.000,525.000,-1,1,0,2,0,2,0,0,0,0,2,2,2,2,1,0,1,2
10,-3623.390,8841.641,74.191,40.575,0.759654,-0.650104,-0.017064,0.650306,0.759148,0.028229,-0.005398,-0.032541,0.999456,0,-0.03130,0.00866,-1.878,0.017,425.000,400.000,-1,400.000,-1,325.000,325.000,300.000,300.000,-1,-1,-1,-1,625.000,750.000,525.000,-1,1,0,2,0,2,0,0,0,0,2,2,2,2,1,0,1,2
11,-3624.816,8840.419,74.197,40.592,0.759464,-0.650326,-0.017082,0.650528,0.758958,0.028218,-0.005386,-0.032543,0.999456,0,-0.03129,0.00836,-1.877,0.017,425.000,400.000,-1,400.000,-1,325.000,325.000,300.000,300.000,-1,-1,-1,-1,625.000,750.000,525.000,-1,1,0,2,0,2,0,0,0,0,2,2,2,2,1,0,1,2
12,-3626.240,8839.198,74.202,40.608,0.759280,-0.650539,-0.017101,0.650742,0.758775,0.028207,-0.005374,-0.032545,0.999456,0,-0.03128,0.00806,-1.877,0.016,425.000,400.000,-1,400.000,-1,325.000,325.000,300.000,300.000,-1,-1,-1,-1,625.000,750.000,525.000,-1,1,0,2,0,2,0,0,0,0,2,2,2,2,1,0,1,2
13,-3627.664,8837.976,74.208,40.624,0.759103,-0.650745,-0.017119,0.650948,0.758599,0.028195,-0.005361,-0.032547,0.999456,0,-0.03127,0.00777,-1.876,0.016,425.000,400.000,-1,400.000,-1,325.000,325.000,300.000,300.000,-1,-1,-1,-1,625.000,750.000,550.000,-1,1,0,2,0,2,0,0,0,0,2,2,2,2,1,0,1,2
14,-3629.088,8836.755,74.214,40.639,0.758933,-0.650943,-0.017138,0.651146,0.758429,0.028184,-0.005348,-0.032549,0.999456,0,-0.03126,0.00748,-1.876,0.015,425.000,400.000,-1,400.000,-1,325.000,325.000,300.000,300.000,-1,-1,-1,-1,625.000,750.000,550.000,-1,1,0,2,0,2,0,0,0,0,2,2,2,2,1,0,1,2
15,-3626.877,8838.669,74.204,40.894,0.756031,-0.654311,-0.017127,0.654512,0.755525,0.028224,-0.005527,-0.032547,0.999455,0,0.04874,0.12748,2.924,0.255,425.000,400.000,-1,400.000,-1,325.000,325.000,300.000,300.000,-1,-1,-1,-1,625.000,750.000,525.000,-1,1,0,2,0,2,0,0,0,0,2,2,2,2,1,0,1,2
16,-3621.082,8843.776,74.177,41.389,0.750356,-0.660814,-0.017088,0.661008,0.749844,0.028316,-0.005898,-0.032542,0.999453,0,0.12874,0.24748,7.724,0.495,425.000,400.000,-1,400.000,-1,325.000,325.000,300.000,300.000,-1,-1,-1,-1,600.000,750.000,525.000,-1,1,0,2,0,2,0,0,0,0,2,2,2,2,1,0,1,2
17,-3611.793,8852.176,74.129,42.124,0.741825,-0.670378,-0.017029,0.670563,0.741307,0.028461,-0.006456,-0.032532,0.999450,0,0.20874,0.36748,12.524,0.735,425.000,400.000,-1,400.000,-1,325.000,325.000,300.000,300.000,-1,-1,-1,-1,600.000,750.000,500.000,-1,1,0,2,0,2,0,0,0,0,2,2,2,2,1,0,1,2
18,-3599.144,8864.013,74.055,43.099,0.730320,-0.682895,-0.016959,0.683067,0.729793,0.028659,-0.007194,-0.032514,0.999445,0,0.28874,0.48748,17.324,0.975,400.000,400.000,-1,400.000,-1,325.000,325.000,300.000,300.000,-1,-1,-1,-1,575.000,750.000,475.000,-1,1,0,2,0,2,0,0,0,0,2,2,2,2,1,0,1,2
19,-3583.313,8879.469,73.950,44.314,0.715688,-0.698216,-0.016893,0.698373,0.715150,0.028909,-0.008103,-0.032488,0.999439,0,0.36874,0.60748,22.124,1.215,375.000,400.000,-1,400.000,-1,325.000,325.000,300.000,300.000,-1,-1,-1,-1,575.000,750.000,450.000,-1,1,0,2,0,2,0,0,0,0,2,2,2,2,1,0,1,2
20,-3564.480,8898.710,73.800,45.614,0.699667,-0.714270,-0.016863,0.714412,0.699116,0.029199,-0.009067,-0.032477,0.999431,0,0.44874,0.65038,26.924,1.301,350.000,400.000,-1,400.000,-1,325.000,325.000,300.000,300.000,-1,-1,-1,-1,550.000,725.000,425.000,-1,1,1,2,0,2,0,0,0,0,2,2,2,2,1,0,1,2
21,-3542.811,8921.880,73.531,46.917,0.683253,-0.729987,-0.016884,0.730116,0.682697,0.029233,-0.009813,-0.032301,0.999430,0,0.52874,0.65147,31.724,1.303,325.000,375.000,-1,400.000,-1,325.000,325.000,300.000,300.000,-1,-1,-1,-1,525.000,725.000,375.000,-1,1,1,2,0,2,0,0,0,0,2,2,2,2,1,0,1,2
22,-3518.478,8949.118,73.189,48.224,0.666438,-0.745368,-0.016940,0.745487,0.665880,0.029195,-0.010481,-0.032085,0.999430,0,0.60874,0.65325,36.524,1.307,300.000,350.000,-1,375.000,-1,325.000,325.000,300.000,300.000,-1,-1,-1,-1,500.000,725.000,350.000,-1,1,1,2,0,2,0,0,0,0,2,2,2,2,1,0,1,2
23,-3491.660,8980.558,72.783,49.535,0.649209,-0.760419,-0.017054,0.760529,0.648650,0.029142,-0.011098,-0.031890,0.999430,0,0.68874,0.65575,41.324,1.312,275.000,350.000,-1,375.000,-1,325.000,325.000,300.000,300.000,-1,-1,-1,-1,475.000,725.000,300.000,-1,1,1,2,0,2,0,0,0,0,2,2,2,2,1,0,1,2
24,-3462.541,9016.328,72.311,50.853,0.631552,-0.775142,-0.017245,0.775246,0.630990,0.029064,-0.011647,-0.031725,0.999429,0,0.76874,0.65903,46.124,1.318,225.000,325.000,-1,375.000,-1,300.000,325.000,300.000,300.000,-1,-1,-1,-1,450.000,725.000,275.000,-1,1,1,2,0,2,1,0,0,0,2,2,2,2,1,0,1,2
25,-3431.315,9056.555,71.769,52.180,0.613445,-0.789543,-0.017529,0.789644,0.612882,0.028949,-0.012113,-0.031600,0.999427,0,0.84874,0.66316,50.924,1.326,200.000,300.000,-1,375.000,-1,300.000,325.000,300.000,300.000,-1,-1,-1,-1,425.000,725.000,225.000,-1,1,1,2,0,2,1,0,0,0,2,2,2,2,1,0,1,2
26,-3400.258,9098.547,72.282,53.516,0.594768,-0.803730,-0.016426,0.803848,0.594380,0.023253,-0.008926,-0.027034,0.999595,0,0.87049,0.66821,52.229,1.336,175.000,300.000,-1,400.000,-1,275.000,325.000,325.000,300.000,-1,-1,-1,-1,425.000,725.000,200.000,-1,1,1,2,0,2,1,1,0,0,2,2,2,2,1,0,1,2
27,-3370.124,9141.358,76.323,54.863,0.575478,-0.817757,-0.009908,0.817795,0.575509,-0.000370,0.006005,-0.007890,0.999951,0,0.87255,0.67370,52.353,1.347,175.000,300.000,-1,425.000,-1,300.000,350.000,350.000,300.000,-1,750.000,500.000,-1,500.000,825.000,200.000,-1,1,1,2,0,2,1,0,1,0,2,0,0,2,1,0,1,2
28,-3340.958,9184.963,80.002,56.222,0.556023,-0.831162,-0.002875,0.830928,0.555943,-0.022031,0.019910,0.009861,0.999753,0,0.87434,0.67948,52.460,1.359,175.000,325.000,-1,450.000,-1,325.000,375.000,350.000,275.000,-1,400.000,200.000,-1,600.000,900.000,200.000,-1,1,1,2,0,2,1,0,1,0,2,0,0,2,1,0,1,2
29,-3312.800,9229.332,83.346,57.594,0.536362,-0.843976,0.004565,0.843348,0.535737,-0.041835,0.032862,0.026289,0.999114,0,0.87580,0.68556,52.548,1.371,150.000,350.000,-1,475.000,-1,375.000,400.000,325.000,275.000,-1,275.000,125.000,875.000,-1,975.000,200.000,-1,1,1,2,0,2,1,0,1,0,2,0,0,0,2,0,1,2
30,-3285.692,9274.425,86.367,58.978,0.516454,-0.856225,0.012394,0.855135,0.514929,-0.059931,0.044932,0.041550,0.998126,0,0.87690,0.69199,52.614,1.384,150.000,375.000,-1,500.000,-1,425.000,450.000,325.000,275.000,-1,225.000,100.000,675.000,-1,-1,200.000,-1,1,1,2,0,2,1,0,1,0,2,0,0,0,2,2,1,2
31,-3259.673,9320.204,89.096,60.375,0.496263,-0.867929,0.020565,0.866353,0.493551,-0.076416,0.056173,0.055739,0.996864,0,0.87758,0.69879,52.655,1.398,150.000,425.000,-1,550.000,-1,500.000,475.000,300.000,250.000,-1,200.000,75.000,525.000,-1,-1,200.000,-1,1,1,2,0,2,0,0,1,0,2,0,0,0,2,2,1,2
32,-3234.786,9366.623,91.569,61.787,0.475752,-0.879099,0.029072,0.877054,0.471624,-0.091358,0.066602,0.068962,0.995394,0,0.87780,0.70599,52.668,1.412,150.000,450.000,-1,575.000,-1,550.000,500.000,275.000,250.000,-1,200.000,50.000,450.000,-1,-1,200.000,-1,1,1,2,0,2,0,0,1,0,2,0,0,0,2,2,1,2
33,-3211.073,9413.630,93.818,63.214,0.454894,-0.889736,0.037957,0.887272,0.449159,-0.104903,0.076288,0.081398,0.993758,0,0.87749,0.71362,52.649,1.427,125.000,500.000,-1,600.000,-1,575.000,525.000,250.000,250.000,-1,200.000,50.000,375.000,-1,-1,200.000,-1,1,1,2,0,2,0,0,1,0,2,0,0,0,2,2,1,2
34,-3188.577,9461.172,95.897,64.658,0.433669,-0.899833,0.047238,0.897022,0.426161,-0.117208,0.085337,0.093203,0.991983,0,0.87658,0.72173,52.595,1.443,125.000,550.000,-1,625.000,-1,600.000,550.000,225.000,250.000,-1,175.000,25.000,325.000,-1,-1,200.000,-1,1,1,2,0,2,0,0,1,0,2,0,0,0,2,2,1,2
35,-3165.123,9513.556,97.772,65.861,0.416122,-0.907574,0.056137,0.904431,0.406715,-0.128793,0.094058,0.104366,0.990081,0,0.95658,0.60173,57.395,1.203,125.000,625.000,-1,650.000,-1,650.000,575.000,200.000,225.000,-1,175.000,25.000,300.000,-1,-1,200.000,-1,1,1,2,0,2,0,0,1,0,2,0,0,0,2,2,1,2
36,4919.489,-8199.150,391.864,41.398,0.749927,-0.661065,0.024563,0.661444,0.749890,-0.012573,-0.010108,0.025676,0.999619,1,0.00000,0.00000,58.545,0.963,-1,400.000,-1,400.000,-1,325.000,325.000,325.000,300.000,-1,-1,-1,-1,800.000,775.000,-1,-1,2,0,2,0,2,0,0,0,0,2,2,2,2,0,0,2,2
37,4923.084,-8195.969,391.811,41.512,0.748604,-0.662559,0.024639,0.662940,0.748568,-0.012521,-0.010148,0.025708,0.999618,0,0.08000,0.05718,4.800,0.114,-1,400.000,-1,400.000,-1,325.000,325.000,325.000,300.000,-1,-1,-1,-1,800.000,775.000,-1,-1,2,0,2,0,2,0,0,0,0,2,2,2,2,0,0,2,2
38,4930.259,-8189.591,391.705,41.628,0.747264,-0.664065,0.024788,0.664448,0.747231,-0.012411,-0.010281,0.025745,0.999616,0,0.16000,0.05770,9.600,0.115,-1,400.000,-1,400.000,-1,325.000,325.000,325.000,300.000,-1,-1,-1,-1,775.000,775.000,-1,-1,2,0,2,0,2,0,0,0,0,2,2,2,2,0,0,2,2
39,4941.003,-8180.004,391.530,41.745,0.745894,-0.665598,0.024923,0.665982,0.745867,-0.012225,-0.010452,0.025717,0.999615,0,0.24000,0.05879,14.400,0.118,-1,400.000,-1,400.000,-1,325.000,325.000,325.000,300.000,-1,-1,-1,-1,775.000,775.000,-1,-1,2,0,2,0,2,0,0,0,0,2,2,2,2,0,0,2,2
40,4955.302,-8167.190,391.297,41.866,0.744481,-0.667172,0.025083,0.667558,0.744462,-0.011968,-0.010688,0.025655,0.999614,0,0.32000,0.06047,19.200,0.121,-1,400.000,-1,400.000,-1,325.000,325.000,325.000,300.000,-1,-1,-1,-1,775.000,775.000,-1,-1,2,0,2,0,2,0,0,0,0,2,2,2,2,0,0,2,2
41,4973.140,-8151.133,391.011,41.992,0.743009,-0.668804,0.025287,0.669191,0.742999,-0.011640,-0.011003,0.025570,0.999612,0,0.40000,0.06282,24.000,0.126,-1,400.000,-1,400.000,-1,325.000,325.000,325.000,300.000,-1,-1,-1,-1,775.000,775.000,-1,-1,2,0,2,0,2,0,0,0,0,2,2,2,2,0,0,2,2
42,4994.501,-8131.816,390.671,42.123,0.741458,-0.670513,0.025540,0.670903,0.741460,-0.011262,-0.011386,0.025485,0.999610,0,0.48000,0.06591,28.800,0.132,-1,400.000,-1,400.000,-1,325.000,325.000,325.000,300.000,-1,-1,-1,-1,775.000,775.000,-1,-1,2,0,2,0,2,0,0,0,0,2,2,2,2,0,0,2,2
43,5019.367,-8109.219,390.219,42.263,0.739812,-0.672316,0.025869,0.672712,0.739820,-0.011131,-0.011655,0.025637,0.999603,0,0.56000,0.06984,33.600,0.140,-1,400.000,-1,400.000,-1,325.000,325.000,325.000,300.000,-1,-1,-1,-1,775.000,775.000,-1,-1,2,0,2,0,2,0,0,0,0,2,2,2,2,0,0,2,2
44,5047.718,-8083.319,389.710,42.413,0.738045,-0.674240,0.026267,0.674645,0.738060,-0.011005,-0.011967,0.025843,0.999594,0,0.64000,0.07472,38.400,0.149,-1,400.000,-1,400.000,-1,325.000,325.000,325.000,300.000,-1,-1,-1,-1,775.000,750.000,-1,-1,2,0,2,0,2,0,0,0,0,2,2,2,2,0,0,2,2
45,5072.370,-8060.489,389.281,42.802,0.733437,-0.679235,0.026648,0.679650,0.733455,-0.010939,-0.012115,0.026134,0.999585,0,0.56000,0.19472,33.600,0.389,-1,400.000,-1,400.000,-1,325.000,325.000,300.000,300.000,-1,-1,-1,-1,775.000,750.000,-1,-1,2,0,2,0,2,0,0,0,0,2,2,2,2,0,0,2,2
46,5093.285,-8040.690,388.928,43.431,0.725924,-0.687245,0.026999,0.687669,0.725942,-0.010919,-0.012095,0.026493,0.999576,0,0.48000,0.31472,28.800,0.629,-1,400.000,-1,400.000,-1,325.000,325.000,300.000,300.000,-1,-1,-1,-1,775.000,750.000,-1,-1,2,0,2,0,2,0,0,0,0,2,2,2,2,0,0,2,2
47,5110.461,-8023.927,388.651,44.301,0.715407,-0.698174,0.027311,0.698606,0.715423,-0.010935,-0.011905,0.026903,0.999567,0,0.40000,0.43472,24.000,0.869,-1,400.000,-1,400.000,-1,325.000,325.000,300.000,300.000,-1,-1,-1,-1,775.000,750.000,-1,-1,2,0,2,0,2,0,0,0,0,2,2,2,2,0,0,2,2
48,5123.940,-8010.254,388.446,45.410,0.701753,-0.711886,0.027582,0.712327,0.701762,-0.010977,-0.011542,0.027350,0.999559,0,0.32000,0.55472,19.200,1.109,-1,400.000,-1,400.000,1000.000,325.000,325.000,300.000,300.000,-1,-1,-1,-1,775.000,750.000,-1,-1,2,0,2,0,1,0,0,0,0,2,2,2,2,0,0,2,2
49,5133.804,-7999.764,388.309,46.760,0.684794,-0.728206,0.027812,0.728654,0.684793,-0.011041,-0.011005,0.027825,0.999552,0,0.24000,0.67472,14.400,1.349,-1,400.000,-1,400.000,1000.000,325.000,325.000,300.000,300.000,-1,-1,-1,-1,775.000,750.000,-1,-1,2,0,2,0,1,0,0,0,0,2,2,2,2,0,0,2,2
50,5140.199,-7992.604,388.233,48.229,0.665901,-0.745515,0.027998,0.745969,0.665888,-0.011115,-0.010357,0.028287,0.999546,0,0.16000,0.73462,9.600,1.469,-1,400.000,-1,400.000,975.000,325.000,325.000,325.000,300.000,-1,-1,-1,-1,775.000,750.000,-1,-1,2,0,2,0,1,0,0,0,0,2,2,2,2,0,0,2,2
51,5143.303,-7988.943,388.210,49.703,0.646514,-0.762383,0.028141,0.762841,0.646489,-0.011194,-0.009659,0.028704,0.999541,0,0.08000,0.73678,4.800,1.474,-1,400.000,-1,400.000,975.000,325.000,325.000,325.000,300.000,-1,-1,-1,-1,775.000,750.000,-1,-1,2,0,2,0,1,0,0,0,0,2,2,2,2,0,0,2,2
52,5143.303,-7988.943,388.232,51.178,0.626671,-0.778772,0.028249,0.779233,0.626633,-0.011280,-0.008917,0.029081,0.999537,0,-0.00000,0.73791,-0.000,1.476,-1,400.000,-1,400.000,975.000,325.000,325.000,325.000,300.000,-1,-1,-1,1000.000,775.000,750.000,-1,-1,2,0,2,0,1,0,0,0,0,2,2,2,1,0,0,2,2
53,5140.391,-7992.759,388.294,52.654,0.606413,-0.794645,0.028329,0.795108,0.606361,-0.011377,-0.008137,0.029424,0.999534,0,-0.08000,0.73791,-4.800,1.476,-1,400.000,-1,400.000,975.000,325.000,325.000,325.000,300.000,-1,-1,-1,950.000,775.000,750.000,-1,-1,2,0,2,0,1,0,0,0,0,2,2,2,1,0,0,2,2
54,5134.765,-8000.538,388.390,54.128,0.585790,-0.809966,0.028393,0.810430,0.585723,-0.011489,-0.007325,0.029741,0.999531,0,-0.16000,0.73669,-9.600,1.473,-1,400.000,-1,400.000,1000.000,325.000,325.000,325.000,300.000,-1,-1,-1,925.000,775.000,750.000,-1,-1,2,0,2,0,1,0,0,0,0,2,2,2,1,0,0,2,2
55,5126.629,-8012.419,388.514,55.596,0.564852,-0.824701,0.028451,0.825167,0.564770,-0.011618,-0.006487,0.030039,0.999528,0,-0.24000,0.73419,-14.400,1.468,-1,400.000,-1,400.000,-1,325.000,325.000,325.000,300.000,-1,-1,-1,900.000,775.000,750.000,-1,-1,2,0,2,0,2,0,0,0,0,2,2,2,1,0,0,2,2
56,5116.187,-8028.532,388.659,57.057,0.543658,-0.838822,0.028516,0.839288,0.543559,-0.011767,-0.005629,0.030330,0.999524,0,-0.32000,0.73033,-19.200,1.461,-1,400.000,-1,400.000,-1,325.000,325.000,325.000,300.000,-1,-1,-1,875.000,775.000,750.000,-1,-1,2,0,2,0,2,0,0,0,0,2,2,2,1,0,0,2,2
57,5103.650,-8048.997,388.821,58.507,0.522267,-0.852302,0.028600,0.852769,0.522152,-0.011939,-0.004758,0.030625,0.999520,0,-0.40000,0.72508,-24.000,1.450,-1,400.000,-1,400.000,-1,325.000,325.000,325.000,300.000,-1,-1,-1,825.000,800.000,750.000,-1,-1,2,0,2,0,2,0,0,0,0,2,2,2,1,0,0,2,2
58,5090.098,-8072.415,388.955,59.944,0.500747,-0.865122,0.028561,0.865585,0.500614,-0.012150,-0.003787,0.030806,0.999518,0,-0.45095,0.71841,-27.057,1.437,-1,400.000,-1,400.000,-1,325.000,325.000,325.000,300.000,-1,-1,-1,800.000,800.000,750.000,-1,-1,2,0,2,0,2,0,0,0,0,2,2,2,1,0,0,2,2
59,5076.976,-8096.447,389.037,61.365,0.479150,-0.877274,0.028365,0.877729,0.478997,-0.012404,-0.002705,0.030840,0.999521,0,-0.45634,0.71078,-27.381,1.422,-1,400.000,-1,400.000,-1,325.000,325.000,325.000,300.000,-1,-1,-1,775.000,800.000,750.000,-1,-1,2,0,2,0,2,0,0,0,0,2,2,2,1,0,0,2,2
60,5064.297,-8121.087,389.103,62.771,0.457501,-0.888762,0.028203,0.889207,0.457329,-0.012673,-0.001634,0.030877,0.999522,0,-0.46184,0.70295,-27.710,1.406,-1,400.000,-1,400.000,-1,325.000,325.000,325.000,300.000,-1,-1,-1,750.000,800.000,775.000,-1,-1,2,0,2,0,2,0,0,0,0,2,2,2,1,0,0,2,2
61,5052.074,-8146.329,389.154,64.161,0.435828,-0.899592,0.028077,0.900030,0.435636,-0.012957,-0.000575,0.030917,0.999522,0,-0.46743,0.69494,-28.046,1.390,-1,400.000,-1,400.000,-1,325.000,325.000,325.000,300.000,-1,-1,-1,725.000,800.000,775.000,-1,-1,2,0,2,0,2,0,0,0,0,2,2,2,1,0,0,2,2
62,5040.317,-8172.166,389.190,65.534,0.414160,-0.909774,0.027984,0.910204,0.413948,-0.013252,0.000472,0.030959,0.999521,0,-0.47311,0.68674,-28.386,1.373,-1,400.000,-1,400.000,-1,325.000,325.000,325.000,300.000,-1,-1,-1,700.000,800.000,775.000,-1,-1,2,0,2,0,2,0,0,0,0,2,2,2,1,0,0,2,2
63,5029.041,-8198.593,389.144,66.891,0.392516,-0.919326,0.027762,0.919744,0.392294,-0.013255,0.001295,0.030737,0.999527,0,-0.47886,0.67835,-28.732,1.357,-1,400.000,-1,400.000,-1,325.000,325.000,325.000,300.000,-1,-1,-1,700.000,800.000,775.000,-1,-1,2,0,2,0,2,0,0,0,0,2,2,2,1,0,0,2,2
64,5018.255,-8225.601,389.032,68.231,0.370925,-0.928258,0.027433,0.928661,0.370700,-0.013052,0.001946,0.030317,0.999538,0,-0.48470,0.66977,-29.082,1.340,-1,400.000,-1,400.000,-1,325.000,325.000,325.000,300.000,-1,-1,-1,675.000,800.000,775.000,-1,-1,2,0,2,0,2,0,0,0,0,2,2,2,1,0,0,2,2
65,5007.972,-8253.182,388.912,69.553,0.349418,-0.936574,0.027134,0.936963,0.349189,-0.012906,0.002613,0.029933,0.999548,0,-0.49059,0.66102,-29.436,1.322,-1,400.000,-1,400.000,-1,325.000,325.000,325.000,300.000,-1,-1,-1,650.000,800.000,775.000,-1,-1,2,0,2,0,2,0,0,0,0,2,2,2,1,0,0,2,2
66,4998.202,-8281.327,388.783,70.857,0.328019,-0.944289,0.026867,0.944665,0.327786,-0.012816,0.003295,0.029584,0.999557,0,-0.49655,0.65208,-29.793,1.304,-1,400.000,-1,400.000,-1,325.000,325.000,325.000,300.000,-1,-1,-1,625.000,800.000,775.000,-1,-1,2,0,2,0,2,0,0,0,0,2,2,2,1,0,0,2,2
67,4988.956,-8310.027,388.644,72.143,0.306754,-0.951416,0.026635,0.951780,0.306514,-0.012777,0.003993,0.029270,0.999564,0,-0.50254,0.64297,-30.153,1.286,-1,400.000,-1,400.000,-1,325.000,325.000,325.000,300.000,-1,-1,-1,600.000,775.000,775.000,-1,-1,2,0,2,0,2,0,0,0,0,2,2,2,1,0,0,2,2
68,4980.244,-8339.272,388.495,73.410,0.285646,-0.957970,0.026439,0.958324,0.285398,-0.012788,0.004705,0.028990,0.999569,0,-0.50858,0.63368,-30.515,1.267,-1,400.000,-1,400.000,-1,325.000,325.000,325.000,300.000,-1,-1,-1,575.000,775.000,775.000,-1,-1,2,0,2,0,2,0,0,0,0,2,2,2,1,0,0,2,2
69,4972.074,-8369.050,388.335,74.659,0.264717,-0.963968,0.026281,0.964311,0.264460,-0.012845,0.005432,0.028743,0.999572,0,-0.51463,0.62422,-30.878,1.248,-1,400.000,-1,400.000,-1,325.000,325.000,300.000,300.000,-1,-1,-1,550.000,775.000,775.000,-1,-1,2,0,2,0,2,0,0,0,0,2,2,2,1,0,0,2,2
70,4964.457,-8399.349,388.165,75.888,0.243988,-0.969425,0.026160,0.969759,0.243722,-0.012944,0.006173,0.028528,0.999574,0,-0.52070,0.61460,-31.242,1.229,-1,400.000,-1,400.000,-1,325.000,325.000,300.000,300.000,-1,-1,-1,525.000,775.000,775.000,-1,-1,2,0,2,0,2,0,0,0,0,2,2,2,1,0,0,2,2
71,4957.400,-8430.156,387.982,77.097,0.223480,-0.974360,0.026079,0.974684,0.223204,-0.013083,0.006927,0.028342,0.999574,0,-0.52675,0.60482,-31.605,1.210,-1,400.000,-1,400.000,-1,325.000,325.000,300.000,300.000,-1,-1,-1,500.000,775.000,775.000,-1,-1,2,0,2,0,2,0,0,0,0,2,2,2,1,0,0,2,2
72,4951.857,-8456.382,387.822,78.067,0.206969,-0.978001,0.026040,0.978318,0.206684,-0.013229,0.007555,0.028213,0.999573,0,-0.44675,0.48482,-26.805,0.970,-1,400.000,-1,400.000,-1,325.000,325.000,300.000,300.000,-1,-1,-1,500.000,800.000,775.000,-1,-1,2,0,2,0,2,0,0,0,0,2,2,2,1,0,0,2,2
73,4947.582,-8477.968,387.680,78.797,0.194507,-0.980555,0.026054,0.980868,0.194214,-0.013353,0.008033,0.028153,0.999571,0,-0.36675,0.36482,-22.005,0.730,-1,400.000,-1,400.000,-1,325.000,325.000,300.000,300.000,-1,-1,-1,475.000,800.000,775.000,-1,-1,2,0,2,0,2,0,0,0,0,2,2,2,1,0,0,2,2
74,4944.383,-8494.873,387.561,79.286,0.186126,-0.982179,0.026108,0.982490,0.185827,-0.013445,0.008354,0.028153,0.999569,0,-0.28675,0.24482,-17.205,0.490,-1,400.000,-1,400.000,-1,325.000,325.000,300.000,300.000,-1,-1,-1,450.000,800.000,775.000,-1,-1,2,0,2,0,2,0,0,0,0,2,2,2,1,0,0,2,2
75,4942.131,-8507.072,387.797,79.536,0.181815,-0.983011,0.025165,0.983304,0.181552,-0.012370,0.007592,0.026994,0.999607,0,-0.20675,0.12482,-12.405,0.250,-1,400.000,-1,400.000,-1,325.000,325.000,300.000,300.000,-1,-1,-1,450.000,775.000,775.000,-1,-1,2,0,2,0,2,0,0,0,0,2,2,2,1,0,0,2,2
76,4940.751,-8514.551,387.956,79.546,0.181630,-0.983060,0.024554,0.983342,0.181390,-0.011667,0.007016,0.026264,0.999630,0,-0.12675,0.00482,-7.605,0.010,-1,400.000,-1,400.000,-1,325.000,325.000,300.000,300.000,-1,-1,-1,450.000,775.000,775.000,-1,-1,2,0,2,0,2,0,0,0,0,2,2,2,1,0,0,2,2
77,4940.231,-8517.307,388.030,79.315,0.185571,-0.982330,0.024301,0.982608,0.185343,-0.011351,0.006646,0.025985,0.999640,0,-0.04675,-0.11518,-2.805,-0.230,-1,400.000,-1,400.000,-1,325.000,325.000,300.000,325.000,-1,-1,-1,450.000,775.000,775.000,-1,-1,2,0,2,0,2,0,0,0,0,2,2,2,1,0,0,2,2
78,4940.617,-8515.350,388.021,78.845,0.193628,-0.980771,0.024400,0.981054,0.193400,-0.011415,0.006477,0.026148,0.999637,0,0.03325,-0.23518,1.995,-0.470,-1,400.000,-1,400.000,-1,325.000,325.000,300.000,325.000,-1,-1,-1,450.000,775.000,775.000,-1,-1,2,0,2,0,2,0,0,0,0,2,2,2,1,0,0,2,2
79,4942.014,-8508.700,387.931,78.134,0.205781,-0.978283,0.024831,0.978577,0.205542,-0.011856,0.006495,0.026738,0.999621,0,0.11325,-0.35518,6.795,-0.710,-1,400.000,-1,400.000,-1,325.000,325.000,300.000,300.000,-1,-1,-1,450.000,775.000,775.000,-1,-1,2,0,2,0,2,0,0,0,0,2,2,2,1,0,0,2,2
80,4944.586,-8497.394,387.763,77.184,0.221995,-0.974713,0.025561,0.975025,0.221733,-0.012675,0.006686,0.027736,0.999593,0,0.19325,-0.47518,11.595,-0.950,-1,400.000,-1,400.000,-1,325.000,325.000,300.000,300.000,-1,-1,-1,475.000,775.000,775.000,-1,-1,2,0,2,0,2,0,0,0,0,2,2,2,1,0,0,2,2
81,4948.553,-8481.486,387.619,75.994,0.242210,-0.969868,0.026264,0.970200,0.241928,-0.013499,0.006738,0.028751,0.999564,0,0.27325,-0.59518,16.395,-1.190,-1,400.000,-1,400.000,-1,325.000,325.000,300.000,300.000,-1,-1,-1,475.000,775.000,775.000,-1,-1,2,0,2,0,2,0,0,0,0,2,2,2,1,0,0,2,2
82,4954.140,-8461.041,387.727,74.716,0.263763,-0.964229,0.026294,0.964569,0.263489,-0.013455,0.006045,0.028911,0.999564,0,0.35325,-0.63874,21.195,-1.277,-1,400.000,-1,400.000,-1,325.000,325.000,300.000,300.000,-1,-1,-1,500.000,775.000,775.000,-1,-1,2,0,2,0,2,0,0,0,0,2,2,2,1,0,0,2,2
83,4961.544,-8436.123,387.845,73.451,0.284977,-0.958172,0.026363,0.958520,0.284711,-0.013405,0.005338,0.029090,0.999563,0,0.43325,-0.63253,25.995,-1.265,-1,400.000,-1,400.000,-1,325.000,325.000,300.000,300.000,-1,-1,-1,500.000,775.000,775.000,-1,-1,2,0,2,0,2,0,0,0,0,2,2,2,1,0,0,2,2
84,4969.634,-8410.926,387.948,72.201,0.305800,-0.951727,0.026502,0.952085,0.305543,-0.013369,0.004626,0.029321,0.999559,0,0.44105,-0.62497,26.463,-1.250,-1,400.000,-1,400.000,-1,325.000,325.000,300.000,300.000,-1,-1,-1,525.000,775.000,775.000,-1,-1,2,0,2,0,2,0,0,0,0,2,2,2,1,0,0,2,2
85,4978.363,-8385.622,388.042,70.967,0.326226,-0.944915,0.026672,0.945283,0.325976,-0.013367,0.003936,0.029574,0.999555,0,0.44613,-0.61732,26.768,-1.235,-1,400.000,-1,400.000,-1,325.000,325.000,325.000,300.000,-1,-1,-1,550.000,775.000,775.000,-1,-1,2,0,2,0,2,0,0,0,0,2,2,2,1,0,0,2,2
86,4987.732,-8360.228,388.130,69.747,0.346250,-0.937757,0.026874,0.938137,0.346006,-0.013402,0.003269,0.029852,0.999549,0,0.45111,-0.60964,27.067,-1.219,-1,400.000,-1,400.000,-1,325.000,325.000,325.000,300.000,-1,-1,-1,575.000,800.000,775.000,-1,-1,2,0,2,0,2,0,0,0,0,2,2,2,1,0,0,2,2
87,4997.741,-8334.763,388.210,68.544,0.365867,-0.930272,0.027107,0.930663,0.365628,-0.013477,0.002626,0.030158,0.999542,0,0.45602,-0.60192,27.361,-1.204,-1,400.000,-1,400.000,-1,325.000,325.000,325.000,300.000,-1,-1,-1,575.000,800.000,775.000,-1,-1,2,0,2,0,2,0,0,0,0,2,2,2,1,0,0,2,2
88,5008.387,-8309.244,388.284,67.355,0.385073,-0.922480,0.027371,0.922884,0.384838,-0.013595,0.002007,0.030495,0.999533,0,0.46084,-0.59416,27.651,-1.188,-1,400.000,-1,400.000,-1,325.000,325.000,325.000,300.000,-1,-1,-1,600.000,800.000,775.000,-1,-1,2,0,2,0,2,0,0,0,0,2,2,2,1,0,0,2,2
89,5019.668,-8283.687,388.351,66.182,0.403865,-0.914400,0.027666,0.914818,0.403633,-0.013758,0.001413,0.030866,0.999523,0,0.46559,-0.58636,27.935,-1.173,-1,400.000,-1,400.000,-1,325.000,325.000,325.000,300.000,-1,-1,-1,625.000,800.000,775.000,-1,-1,2,0,2,0,2,0,0,0,0,2,2,2,1,0,0,2,2
90,5033.373,-8253.959,388.389,65.250,0.418688,-0.907700,0.027970,0.908130,0.418460,-0.013819,0.000840,0.031186,0.999513,0,0.54559,-0.46636,32.735,-0.933,-1,400.000,-1,400.000,-1,325.000,325.000,325.000,300.000,-1,-1,-1,650.000,800.000,775.000,-1,-1,2,0,2,0,2,0,0,0,0,2,2,2,1,0,0,2,2
91,5049.499,-8220.064,388.332,64.557,0.429615,-0.902574,0.028141,0.903012,0.429404,-0.013463,0.000068,0.031195,0.999513,0,0.62559,-0.34636,37.535,-0.693,-1,400.000,-1,400.000,-1,325.000,325.000,325.000,300.000,-1,-1,-1,675.000,800.000,775.000,-1,-1,2,0,2,0,2,0,0,0,0,2,2,2,1,0,0,2,2
92,5067.696,-8182.582,388.268,64.104,0.436717,-0.899151,0.028387,0.899599,0.436521,-0.013099,-0.000613,0.031257,0.999511,0,0.69443,-0.22636,41.666,-0.453,-1,400.000,-1,400.000,-1,325.000,325.000,325.000,300.000,-1,-1,-1,700.000,800.000,775.000,-1,-1,2,0,2,0,2,0,0,0,0,2,2,2,1,0,0,2,2
93,5086.120,-8144.987,388.207,63.892,0.440039,-0.897521,0.028681,0.897978,0.439855,-0.012762,-0.001161,0.031370,0.999507,0,0.69778,-0.10636,41.867,-0.213,-1,400.000,-1,400.000,-1,325.000,325.000,325.000,300.000,-1,-1,-1,725.000,800.000,775.000,-1,-1,2,0,2,0,2,0,0,0,0,2,2,2,1,0,0,2,2
94,5104.609,-8107.215,388.155,63.919,0.439599,-0.897725,0.029015,0.898193,0.439426,-0.012449,-0.001574,0.031534,0.999501,0,0.70091,0.01364,42.055,0.027,-1,400.000,-1,400.000,-1,325.000,325.000,325.000,300.000,-1,-1,-1,750.000,800.000,750.000,-1,-1,2,0,2,0,2,0,0,0,0,2,2,2,1,0,0,2,2
95,5123.001,-8069.192,388.116,64.186,0.435396,-0.899759,0.029384,0.900237,0.435230,-0.012159,-0.001848,0.031747,0.999494,0,0.70395,0.13364,42.237,0.267,-1,400.000,-1,400.000,-1,325.000,325.000,325.000,300.000,-1,-1,-1,775.000,800.000,750.000,-1,-1,2,0,2,0,2,0,0,0,0,2,2,2,1,0,0,2,2
96,5141.134,-8030.842,388.094,64.693,0.427404,-0.903570,0.029781,0.904058,0.427244,-0.011888,-0.001982,0.032005,0.999486,0,0.70702,0.25364,42.421,0.507,-1,400.000,-1,400.000,-1,325.000,325.000,325.000,300.000,-1,-1,-1,800.000,800.000,750.000,-1,-1,2,0,2,0,2,0,0,0,0,2,2,2,1,0,0,2,2
97,5158.847,-7992.082,388.040,65.441,0.415583,-0.909063,0.029924,0.909554,0.415422,-0.011699,-0.001796,0.032080,0.999484,0,0.71026,0.37364,42.615,0.747,-1,400.000,-1,400.000,-1,325.000,325.000,325.000,300.000,-1,-1,-1,825.000,800.000,750.000,-1,-1,2,0,2,0,2,0,0,0,0,2,2,2,1,0,0,2,2
98,5175.974,-7952.828,388.007,66.428,0.399860,-0.916084,0.030052,0.916575,0.399696,-0.011538,-0.001442,0.032159,0.999482,0,0.71380,0.49364,42.828,0.987,-1,400.000,-1,400.000,-1,325.000,325.000,325.000,300.000,-1,-1,-1,850.000,800.000,750.000,-1,-1,2,0,2,0,2,0,0,0,0,2,2,2,1,0,0,2,2
99,5192.347,-7912.996,387.928,67.655,0.380143,-0.924441,0.030007,0.924927,0.379986,-0.011011,-0.001223,0.031940,0.999489,0,0.71778,0.61364,43.067,1.227,-1,400.000,-1,400.000,-1,325.000,325.000,325.000,300.000,-1,-1,-1,900.000,800.000,750.000,-1,-1,2,0,2,0,2,0,0,0,0,2,2,2,1,0,0,2,2
100,5207.891,-7872.540,387.876,68.982,0.358635,-0.932997,0.029943,0.933477,0.358484,-0.010463,-0.000972,0.031703,0.999497,0,0.72232,0.66332,43.339,1.327,-1,400.000,-1,400.000,-1,325.000,325.000,325.000,300.000,-1,-1,-1,950.000,800.000,750.000,-1,-1,2,0,2,0,2,0,0,0,0,2,2,2,1,0,0,2,2
101,5222.582,-7831.422,387.859,70.339,0.336435,-0.941233,0.029872,0.941706,0.336289,-0.009932,-0.000697,0.031472,0.999504,0,0.72774,0.67855,43.664,1.357,-1,400.000,-1,400.000,-1,325.000,325.000,325.000,300.000,-1,-1,-1,-1,800.000,750.000,-1,-1,2,0,2,0,2,0,0,0,0,2,2,2,2,0,0,2,2
102,5237.767,-7785.398,387.864,71.741,0.313298,-0.949187,0.029806,0.949655,0.313157,-0.009410,-0.000402,0.031254,0.999511,0,0.80774,0.70112,48.464,1.402,-1,400.000,-1,400.000,-1,325.000,325.000,325.000,300.000,-1,-1,-1,-1,800.000,750.000,-1,-1,2,0,2,0,2,0,0,0,0,2,2,2,2,0,0,2,2
103,5252.101,-7738.061,387.864,73.152,0.289822,-0.956612,0.029937,0.957080,0.289689,-0.008811,-0.000244,0.031206,0.999513,0,0.82432,0.70553,49.459,1.411,-1,400.000,-1,400.000,-1,325.000,325.000,325.000,300.000,-1,-1,-1,-1,800.000,750.000,-1,-1,2,0,2,0,2,0,0,0,0,2,2,2,2,0,0,2,2
104,5265.308,-7690.202,387.901,74.573,0.266011,-0.963501,0.030064,0.963970,0.265885,-0.008174,-0.000117,0.031155,0.999515,0,0.82747,0.71027,49.648,1.421,-1,400.000,-1,400.000,-1,325.000,325.000,325.000,300.000,-1,-1,-1,-1,800.000,725.000,-1,-1,2,0,2,0,2,0,0,0,0,2,2,2,2,0,0,2,2
105,5277.362,-7641.845,387.885,76.003,0.241875,-0.969853,0.029703,0.970307,0.241752,-0.007717,0.000304,0.030688,0.999529,0,0.83061,0.71526,49.837,1.431,-1,400.000,-1,400.000,-1,325.000,325.000,325.000,300.000,-1,-1,-1,-1,800.000,725.000,-1,-1,2,0,2,0,2,0,0,0,0,2,2,2,2,0,0,2,2
106,5288.231,-7593.016,387.912,77.451,0.217292,-0.975666,0.029323,0.976106,0.217172,-0.007252,0.000707,0.030198,0.999544,0,0.83374,0.72394,50.025,1.448,-1,400.000,-1,400.000,-1,325.000,325.000,325.000,300.000,-1,-1,-1,-1,800.000,725.000,-1,-1,2,0,2,0,2,0,0,0,0,2,2,2,2,0,0,2,2
107,5297.882,-7543.741,387.981,78.919,0.192223,-0.980925,0.028922,0.981351,0.192107,-0.006775,0.001090,0.029685,0.999559,0,0.83685,0.73406,50.211,1.468,-1,400.000,-1,400.000,-1,325.000,325.000,325.000,300.000,-1,-1,-1,-1,800.000,725.000,-1,-1,2,0,2,0,2,0,0,0,0,2,2,2,2,0,0,2,2
108,5306.278,-7494.050,388.092,80.409,0.166657,-0.985603,0.028501,0.986014,0.166544,-0.006286,0.001449,0.029150,0.999574,0,0.83994,0.74482,50.396,1.490,-1,400.000,-1,400.000,-1,325.000,325.000,325.000,300.000,-1,-1,-1,-1,800.000,725.000,-1,-1,2,0,2,0,2,0,0,0,0,2,2,2,2,0,0,2,2
109,5313.387,-7443.969,388.244,81.921,0.140583,-0.989671,0.028058,0.990067,0.140475,-0.005782,0.001781,0.028592,0.999590,0,0.84304,0.75621,50.582,1.512,-1,400.000,-1,375.000,-1,325.000,325.000,325.000,300.000,-1,-1,-1,-1,800.000,725.000,-1,-1,2,0,2,0,2,0,0,0,0,2,2,2,2,0,0,2,2
110,5319.172,-7393.529,388.436,83.458,0.113992,-0.993098,0.027592,0.993479,0.113890,-0.005261,0.002083,0.028012,0.999605,0,0.84620,0.76825,50.772,1.536,-1,400.000,-1,375.000,-1,325.000,325.000,325.000,300.000,-1,-1,-1,-1,800.000,725.000,-1,-1,2,0,2,0,2,0,0,0,0,2,2,2,2,0,0,2,2
111,5323.597,-7342.754,388.667,85.020,0.086878,-0.995850,0.027102,0.996216,0.086781,-0.004721,0.002349,0.027410,0.999622,0,0.84946,0.78092,50.968,1.562,-1,400.000,-1,375.000,-1,325.000,325.000,325.000,300.000,-1,-1,-1,-1,800.000,725.000,-1,-1,2,0,2,0,2,0,0,0,0,2,2,2,2,0,0,2,2
112,5326.625,-7291.670,388.935,86.608,0.059234,-0.997890,0.026587,0.998241,0.059144,-0.004159,0.002578,0.026786,0.999638,0,0.85289,0.79422,51.173,1.588,-1,400.000,-1,375.000,-1,325.000,325.000,325.000,300.000,-1,-1,-1,-1,800.000,725.000,-1,-1,2,0,2,0,2,0,0,0,0,2,2,2,2,0,0,2,2
113,5328.222,-7240.639,389.238,88.207,0.031361,-0.999169,0.026047,0.999504,0.031278,-0.003577,0.002760,0.026147,0.999654,0,0.85093,0.79943,51.056,1.599,-1,400.000,-1,375.000,-1,325.000,325.000,325.000,300.000,-1,-1,-1,-1,800.000,725.000,-1,-1,2,0,2,0,2,0,0,0,0,2,2,2,2,0,0,2,2
114,5328.393,-7189.863,389.452,89.808,0.003431,-0.999676,0.025220,0.999989,0.003346,-0.003400,0.003314,0.025232,0.999676,0,0.84627,0.80062,50.776,1.601,-1,400.000,-1,375.000,-1,325.000,325.000,325.000,300.000,-1,-1,-1,-1,775.000,725.000,-1,-1,2,0,2,0,2,0,0,0,0,2,2,2,2,0,0,2,2
115,5327.102,-7137.399,389.684,91.409,-0.024499,-0.999406,0.024230,0.999692,-0.024589,-0.003420,0.004014,0.024139,0.999701,0,0.87468,0.80059,52.481,1.601,-1,400.000,-1,375.000,-1,325.000,325.000,325.000,300.000,-1,-1,-1,-1,775.000,725.000,-1,-1,2,0,2,0,2,0,0,0,0,2,2,2,2,0,0,2,2
116,5324.363,-7085.271,389.946,93.008,-0.052369,-0.998357,0.023244,0.998617,-0.052462,-0.003411,0.004625,0.023033,0.999724,0,0.87000,0.79932,52.200,1.599,-1,400.000,-1,375.000,-1,325.000,325.000,325.000,300.000,-1,-1,-1,-1,775.000,725.000,-1,-1,2,0,2,0,2,0,0,0,0,2,2,2,2,0,0,2,2
117,5320.196,-7033.531,390.226,94.605,-0.080174,-0.996532,0.022283,0.996767,-0.080269,-0.003387,0.005164,0.021939,0.999746,0,0.86512,0.79856,51.907,1.597,-1,400.000,-1,375.000,-1,325.000,325.000,325.000,300.000,-1,-1,-1,-1,775.000,700.000,-1,-1,2,0,2,0,2,0,0,0,0,2,2,2,2,0,0,2,2
118,5314.621,-6982.224,390.521,96.202,-0.107912,-0.993931,0.021348,0.994145,-0.108007,-0.003343,0.005629,0.020863,0.999767,0,0.86014,0.79831,51.609,1.597,-1,400.000,-1,375.000,-1,325.000,325.000,325.000,300.000,-1,-1,-1,-1,775.000,700.000,-1,-1,2,0,2,0,2,0,0,0,0,2,2,2,2,0,0,2,2
119,5307.658,-6931.389,390.827,97.799,-0.135577,-0.990556,0.020439,0.990749,-0.135670,-0.003276,0.006018,0.019805,0.999786,0,0.85517,0.79858,51.310,1.597,-1,400.000,-1,400.000,-1,325.000,325.000,325.000,300.000,-1,-1,-1,-1,775.000,700.000,-1,-1,2,0,2,0,2,0,0,0,0,2,2,2,2,0,0,2,2
120,5299.328,-6881.055,391.141,99.398,-0.163164,-0.986405,0.019553,0.986579,-0.163256,-0.003181,0.006330,0.018771,0.999804,0,0.85031,0.79934,51.019,1.599,-1,400.000,-1,375.000,-1,325.000,325.000,325.000,300.000,-1,-1,-1,-1,775.000,700.000,-1,-1,2,0,2,0,2,0,0,0,0,2,2,2,2,0,0,2,2
121,5289.648,-6831.247,391.458,100.999,-0.190670,-0.981476,0.018690,0.981632,-0.190758,-0.003056,0.006565,0.017764,0.999821,0,0.84567,0.80059,50.740,1.601,-1,400.000,-1,375.000,-1,325.000,325.000,325.000,300.000,-1,-1,-1,-1,775.000,700.000,-1,-1,2,0,2,0,2,0,0,0,0,2,2,2,2,0,0,2,2
122,5278.471,-6780.242,391.785,102.360,-0.213939,-0.976684,0.017817,0.976824,-0.214023,-0.002897,0.006643,0.016785,0.999837,0,0.87025,0.68059,52.215,1.361,-1,400.000,-1,375.000,-1,325.000,325.000,325.000,300.000,-1,-1,-1,-1,775.000,700.000,-1,-1,2,0,2,0,2,0,0,0,0,2,2,2,2,0,0,2,2
123,5266.351,-6729.683,392.105,103.481,-0.233019,-0.972324,0.016958,0.972450,-0.233096,-0.002709,0.006587,0.015860,0.999853,0,0.86654,0.56059,51.992,1.121,-1,400.000,-1,375.000,-1,325.000,325.000,325.000,300.000,-1,-1,-1,-1,775.000,700.000,-1,-1,2,0,2,0,2,0,0,0,0,2,2,2,2,0,0,2,2
124,5253.499,-6679.489,392.398,104.362,-0.247957,-0.968639,0.015973,0.968750,-0.248025,-0.002434,0.006320,0.014871,0.999869,0,0.86355,0.44059,51.813,0.881,-1,400.000,-1,375.000,-1,325.000,325.000,325.000,300.000,-1,-1,-1,-1,775.000,700.000,-1,-1,2,0,2,0,2,0,0,0,0,2,2,2,2,0,0,2,2
125,5240.121,-6629.574,392.675,105.003,-0.258795,-0.965818,0.014865,0.965914,-0.258853,-0.002085,0.005862,0.013819,0.999887,0,0.86128,0.32059,51.677,0.641,-1,400.000,-1,375.000,-1,325.000,300.000,300.000,300.000,-1,-1,-1,-1,775.000,675.000,-1,-1,2,0,2,0,2,0,0,0,0,2,2,2,2,0,0,2,2
126,5226.419,-6579.846,393.111,105.405,-0.265563,-0.964002,0.013304,0.964077,-0.265615,-0.002263,0.005715,0.012225,0.999909,0,0.85968,0.20059,51.581,0.401,-1,400.000,-1,375.000,-1,325.000,300.000,300.000,300.000,-1,-1,-1,-1,750.000,675.000,-1,-1,2,0,2,0,2,0,0,0,0,2,2,2,2,0,0,2,2
127,5212.556,-6530.222,393.633,105.610,-0.269019,-0.963066,0.011526,0.963117,-0.269067,-0.002837,0.005833,0.010338,0.999930,0,0.85873,0.10247,51.524,0.205,-1,400.000,-1,375.000,-1,325.000,300.000,300.000,300.000,-1,-1,-1,-1,750.000,700.000,-1,-1,2,0,2,0,2,0,0,0,0,2,2,2,2,0,0,2,2
128,5198.515,-6480.675,394.131,105.822,-0.272597,-0.962079,0.009778,0.962110,-0.272641,-0.003453,0.005988,0.008467,0.999946,0,0.85831,0.10623,51.499,0.212,-1,400.000,-1,375.000,-1,325.000,300.000,300.000,300.000,-1,-1,-1,-1,750.000,700.000,-1,-1,2,0,2,0,2,0,0,0,0,2,2,2,2,0,0,2,2
129,5184.285,-6431.187,394.771,106.042,-0.276297,-0.961031,0.008868,0.961049,-0.276343,-0.004452,0.006729,0.007293,0.999951,0,0.85822,0.11021,51.493,0.220,-1,400.000,-1,375.000,-1,325.000,300.000,300.000,300.000,-1,-1,-1,-1,750.000,700.000,-1,-1,2,0,2,0,2,0,0,0,0,2,2,2,2,0,0,2,2
130,5169.853,-6381.744,395.432,106.271,-0.280132,-0.959926,0.008207,0.959931,-0.280181,-0.005547,0.007625,0.006324,0.999951,0,0.85844,0.11441,51.506,0.229,-1,400.000,-1,375.000,-1,325.000,300.000,300.000,300.000,-1,-1,-1,-1,750.000,700.000,-1,-1,2,0,2,0,2,0,0,0,0,2,2,2,2,0,0,2,2
131,5156.776,-6336.905,396.017,106.260,-0.279944,-0.959986,0.007656,0.959979,-0.279995,-0.006548,0.008429,0.005516,0.999949,0,0.77844,-0.00559,46.706,-0.011,-1,400.000,-1,375.000,-1,325.000,325.000,300.000,300.000,-1,-1,-1,-1,775.000,700.000,-1,-1,2,0,2,0,2,0,0,0,0,2,2,2,2,0,0,2,2
132,5145.218,-6296.624,396.532,106.009,-0.275734,-0.961207,0.007192,0.961190,-0.275785,-0.007459,0.009153,0.004856,0.999946,0,0.69844,-0.12559,41.906,-0.251,-1,400.000,-1,375.000,-1,325.000,325.000,325.000,300.000,-1,-1,-1,-1,775.000,700.000,-1,-1,2,0,2,0,2,0,0,0,0,2,2,2,2,0,0,2,2
133,5134.954,-6259.658,396.996,105.518,-0.267484,-0.963538,0.006783,0.963512,-0.267535,-0.008314,0.009826,0.004312,0.999942,0,0.63942,-0.24559,38.365,-0.491,-1,400.000,-1,375.000,-1,325.000,325.000,325.000,300.000,-1,-1,-1,-1,775.000,700.000,-1,-1,2,0,2,0,2,0,0,0,0,2,2,2,2,0,0,2,2
134,5125.143,-6222.486,397.452,104.787,-0.255167,-0.966876,0.006372,0.966840,-0.255218,-0.009200,0.010521,0.003813,0.999937,0,0.64074,-0.36559,38.445,-0.731,-1,400.000,-1,375.000,-1,325.000,325.000,325.000,300.000,-1,-1,-1,-1,775.000,700.000,-1,-1,2,0,2,0,2,0,0,0,0,2,2,2,2,0,0,2,2
135,5115.789,-6185.102,397.895,104.048,-0.242681,-0.970088,0.005939,0.970041,-0.242731,-0.010115,0.011254,0.003306,0.999931,0,0.64227,-0.36937,38.536,-0.739,-1,400.000,-1,375.000,-1,325.000,325.000,325.000,300.000,-1,-1,-1,-1,775.000,725.000,-1,-1,2,0,2,0,2,0,0,0,0,2,2,2,2,0,0,2,2
136,5106.891,-6147.510,398.318,103.316,-0.230278,-0.973110,0.005467,0.973050,-0.230326,-0.011082,0.012044,0.002768,0.999924,0,0.64385,-0.36579,38.631,-0.732,-1,400.000,-1,375.000,-1,325.000,325.000,325.000,300.000,-1,-1,-1,-1,775.000,725.000,-1,-1,2,0,2,0,2,0,0,0,0,2,2,2,2,0,0,2,2
137,5098.448,-6109.714,398.694,102.592,-0.217962,-0.975945,0.004861,0.975871,-0.218006,-0.012213,0.012979,0.002082,0.999914,0,0.64546,-0.36217,38.727,-0.724,-1,400.000,-1,375.000,-1,325.000,325.000,325.000,300.000,-1,-1,-1,-1,775.000,725.000,-1,-1,2,0,2,0,2,0,0,0,0,2,2,2,2,0,0,2,2
138,5089.756,-6068.850,399.092,102.008,-0.208009,-0.978118,0.004229,0.978027,-0.208047,-0.013403,0.013989,0.001348,0.999901,0,0.69631,-0.29201,41.778,-0.584,-1,400.000,-1,375.000,-1,325.000,325.000,325.000,300.000,-1,-1,-1,-1,775.000,725.000,-1,-1,2,0,2,0,2,0,0,0,0,2,2,2,2,0,0,2,2
