timestep,x_cm,y_cm,z_cm,yaw_deg,basis_xx,basis_xy,basis_xz,basis_yx,basis_yy,basis_yz,basis_zx,basis_zy,basis_zz,teleport_flag,throttle_cmd,steering_cmd,cmd_move_cm,cmd_turn_deg,lidar_cm_0,lidar_cm_1,lidar_cm_2,lidar_cm_3,lidar_cm_4,lidar_cm_5,lidar_cm_6,lidar_cm_7,lidar_cm_8,lidar_cm_9,lidar_cm_10,lidar_cm_11,lidar_cm_12,lidar_cm_13,lidar_cm_14,lidar_cm_15,lidar_cm_16,lidar_class_0,lidar_class_1,lidar_class_2,lidar_class_3,lidar_class_4,lidar_class_5,lidar_class_6,lidar_class_7,lidar_class_8,lidar_class_9,lidar_class_10,lidar_class_11,lidar_class_12,lidar_class_13,lidar_class_14,lidar_class_15,lidar_class_16
0,6885.157,988.202,-183.807,116.343,-0.444162,-0.895946,-0.001048,0.894794,-0.443649,0.050195,-0.045437,0.021357,0.998739,1,0.08000,0.07532,4.800,0.151,450.000,375.000,-1,375.000,375.000,300.000,300.000,300.000,275.000,-1,500.000,550.000,-1,650.000,400.000,575.000,375.000,1,0,2,1,1,0,0,0,0,2,0,0,2,1,1,1,1
1,6880.910,996.812,-184.259,116.254,-0.442773,-0.896634,-0.000671,0.895499,-0.442250,0.049973,-0.045105,0.021526,0.998750,0,0.16000,-0.04468,9.600,-0.089,450.000,375.000,-1,375.000,375.000,300.000,300.000,300.000,275.000,-1,500.000,550.000,-1,650.000,400.000,575.000,375.000,1,0,2,1,1,0,0,0,0,2,0,0,2,1,1,1,1
2,6874.589,1009.750,-184.933,116.039,-0.439417,-0.898283,-0.000105,0.897174,-0.438880,0.049623,-0.044621,0.021711,0.998768,0,0.24000,-0.10751,14.400,-0.215,450.000,375.000,-1,350.000,350.000,300.000,300.000,300.000,275.000,-1,500.000,550.000,-1,625.000,400.000,550.000,350.000,1,0,2,1,1,0,0,0,0,2,0,0,2,1,1,1,1
3,6866.223,1027.031,-185.835,115.830,-0.436161,-0.899868,0.000670,0.898794,-0.435603,0.049187,-0.043970,0.022056,0.998789,0,0.32000,-0.10430,19.200,-0.209,450.000,375.000,750.000,350.000,325.000,300.000,300.000,300.000,275.000,-1,525.000,550.000,-1,625.000,375.000,550.000,350.000,1,0,1,1,1,0,0,0,0,2,0,0,2,1,1,1,1
4,6855.842,1048.670,-186.968,115.630,-0.433026,-0.901380,0.001669,0.900348,-0.432440,0.048676,-0.043154,0.022581,0.998813,0,0.40000,-0.10046,24.000,-0.201,425.000,375.000,725.000,325.000,325.000,300.000,300.000,300.000,275.000,-1,525.000,550.000,-1,625.000,350.000,550.000,325.000,1,0,1,1,1,0,0,0,0,2,0,0,2,1,1,1,1
5,6843.471,1074.678,-188.329,115.438,-0.430032,-0.902809,0.002912,0.901828,-0.429410,0.048106,-0.042181,0.023313,0.998838,0,0.48000,-0.09601,28.800,-0.192,425.000,375.000,675.000,300.000,300.000,300.000,300.000,300.000,275.000,-1,525.000,575.000,-1,600.000,325.000,525.000,300.000,1,0,1,1,1,0,1,0,0,2,0,0,2,1,1,1,1
6,6829.135,1105.066,-189.920,115.256,-0.427198,-0.904147,0.004421,0.903225,-0.426530,0.047495,-0.041057,0.024283,0.998862,0,0.56000,-0.09099,33.600,-0.182,400.000,375.000,625.000,275.000,250.000,300.000,275.000,300.000,275.000,-1,550.000,575.000,-1,600.000,300.000,500.000,275.000,1,0,1,1,1,0,1,0,0,2,0,0,2,1,1,1,1
7,6812.856,1139.844,-191.739,115.083,-0.424510,-0.905402,0.006227,0.904548,-0.423788,0.046864,-0.039792,0.025527,0.998882,0,0.64000,-0.08642,38.400,-0.173,400.000,375.000,575.000,250.000,225.000,300.000,250.000,325.000,275.000,-1,550.000,525.000,-1,600.000,275.000,475.000,225.000,1,1,1,1,1,1,1,0,0,2,0,0,2,1,1,1,1
8,6794.662,1179.026,-193.614,114.909,-0.421779,-0.906665,0.007837,0.905891,-0.421023,0.045832,-0.038254,0.026430,0.998918,0,0.72000,-0.08709,43.200,-0.174,375.000,350.000,525.000,225.000,175.000,275.000,225.000,325.000,275.000,-1,525.000,475.000,-1,575.000,250.000,450.000,200.000,1,1,1,1,1,1,1,0,0,2,0,0,2,1,1,1,1
9,6774.580,1222.623,-195.263,114.731,-0.418952,-0.907971,0.008198,0.907262,-0.418225,0.044318,-0.036811,0.026005,0.998984,0,0.80000,-0.08852,48.000,-0.177,350.000,325.000,475.000,200.000,150.000,250.000,200.000,300.000,275.000,-1,525.000,500.000,-1,550.000,225.000,425.000,150.000,1,1,1,1,1,1,1,0,0,2,0,0,2,1,1,1,1
10,6752.645,1270.649,-189.236,114.550,-0.415412,-0.909597,-0.008143,0.909555,-0.415477,0.009376,-0.011912,-0.003511,0.999923,0,0.88000,-0.09098,52.800,-0.182,350.000,350.000,-1,175.000,125.000,250.000,200.000,300.000,350.000,-1,250.000,300.000,-1,600.000,200.000,450.000,125.000,1,1,2,1,1,1,1,0,0,2,0,0,2,1,1,1,1
11,6730.673,1319.146,-178.363,114.360,-0.413594,-0.909781,-0.035188,0.910046,-0.411928,-0.046177,0.027516,-0.051122,0.998313,0,0.88735,-0.09480,53.241,-0.190,350.000,475.000,-1,200.000,125.000,275.000,200.000,250.000,475.000,600.000,125.000,225.000,-1,700.000,225.000,500.000,125.000,1,1,2,1,1,1,1,0,1,0,0,0,2,1,1,1,1
12,6708.971,1367.453,-168.369,114.160,-0.414053,-0.908227,-0.060703,0.907998,-0.407416,-0.097739,0.064038,-0.095587,0.993359,0,0.88256,-0.09984,52.954,-0.200,350.000,525.000,-1,200.000,100.000,325.000,225.000,250.000,475.000,325.000,75.000,200.000,-1,1000.000,250.000,-1,125.000,1,1,2,1,1,1,1,0,1,0,0,0,2,0,1,2,1
13,6687.574,1415.527,-159.090,113.948,-0.416174,-0.905358,-0.084416,0.904096,-0.402107,-0.144641,0.097007,-0.136516,0.985877,0,0.87690,-0.10612,52.614,-0.212,350.000,575.000,-1,225.000,100.000,400.000,250.000,225.000,475.000,225.000,25.000,175.000,-1,-1,275.000,-1,100.000,1,1,2,1,1,1,1,0,1,0,0,0,2,2,1,2,1
14,-1639.771,8855.116,-210.384,-62.435,0.462463,0.881749,-0.092985,-0.886633,0.460285,-0.044948,0.003166,0.103231,0.994652,1,0.00000,0.00000,52.223,-0.227,-1,450.000,-1,425.000,-1,350.000,350.000,275.000,300.000,-1,-1,-1,-1,975.000,900.000,-1,-1,2,0,2,0,2,0,0,0,0,2,2,2,2,0,0,2,2
15,-1637.567,8850.851,-210.371,-62.675,0.458823,0.883678,-0.092704,-0.888525,0.456592,-0.045251,0.002340,0.103132,0.994665,0,0.08000,-0.12000,4.800,-0.240,-1,450.000,-1,425.000,-1,350.000,350.000,275.000,300.000,-1,-1,-1,-1,975.000,875.000,-1,-1,2,0,2,0,2,0,0,0,0,2,2,2,2,0,0,2,2
16,-1633.233,8842.285,-210.355,-63.155,0.451517,0.887492,-0.092142,-0.892262,0.449183,-0.045855,0.000692,0.102919,0.994689,0,0.16000,-0.24000,9.600,-0.480,-1,450.000,-1,425.000,-1,350.000,350.000,275.000,300.000,-1,-1,-1,-1,975.000,875.000,-1,-1,2,0,2,0,2,0,0,0,0,2,2,2,2,0,0,2,2
17,-1626.892,8829.355,-210.357,-63.875,0.440496,0.893099,-0.091304,-0.897753,0.438011,-0.046758,-0.001768,0.102566,0.994725,0,0.24000,-0.36000,14.400,-0.720,-1,450.000,-1,425.000,-1,350.000,350.000,275.000,300.000,-1,-1,-1,-1,950.000,875.000,-1,-1,2,0,2,0,2,0,0,0,0,2,2,2,2,0,0,2,2
18,-1618.680,8811.999,-210.392,-64.674,0.428203,0.899172,-0.090180,-0.903670,0.425540,-0.047911,-0.004705,0.102009,0.994772,0,0.32000,-0.39946,19.200,-0.799,-1,425.000,-1,400.000,-1,350.000,325.000,275.000,300.000,-1,-1,-1,-1,950.000,875.000,-1,-1,2,0,2,0,2,0,0,0,0,2,2,2,2,0,0,2,2
19,-1608.719,8790.163,-210.480,-65.475,0.415819,0.905106,-0.088756,-0.909413,0.412964,-0.049285,-0.007955,0.101209,0.994833,0,0.40000,-0.40045,24.000,-0.801,-1,425.000,-1,400.000,-1,350.000,325.000,275.000,325.000,-1,-1,-1,-1,925.000,850.000,-1,-1,2,0,2,0,2,0,0,0,0,2,2,2,2,0,0,2,2
20,-1597.134,8763.794,-210.642,-66.278,0.403332,0.910907,-0.087020,-0.914981,0.400276,-0.050870,-0.011506,0.100139,0.994907,0,0.48000,-0.40169,28.800,-0.803,-1,425.000,-1,400.000,-1,350.000,325.000,275.000,325.000,-1,-1,-1,-1,925.000,850.000,-1,-1,2,0,2,0,2,0,0,0,0,2,2,2,2,0,0,2,2
21,-1584.054,8732.844,-210.906,-67.084,0.390731,0.916576,-0.084955,-0.920377,0.387471,-0.052654,-0.015344,0.098765,0.994993,0,0.56000,-0.40319,33.600,-0.806,-1,425.000,-1,400.000,-1,350.000,325.000,275.000,325.000,-1,-1,-1,-1,900.000,850.000,-1,-1,2,0,2,0,2,0,0,0,0,2,2,2,2,0,0,2,2
22,-1569.605,8697.265,-211.295,-67.894,0.378003,0.922117,-0.082545,-0.925600,0.374541,-0.054627,-0.019456,0.097053,0.995089,0,0.64000,-0.40492,38.400,-0.810,-1,425.000,-1,400.000,-1,350.000,325.000,275.000,325.000,-1,-1,-1,-1,875.000,825.000,-1,-1,2,0,2,0,2,0,0,0,0,2,2,2,2,0,0,2,2
23,-1553.921,8657.011,-211.838,-68.708,0.365135,0.927531,-0.079768,-0.930650,0.361480,-0.056776,-0.023827,0.094967,0.995195,0,0.72000,-0.40687,43.200,-0.814,-1,425.000,-1,400.000,-1,325.000,325.000,300.000,325.000,-1,-1,-1,-1,850.000,825.000,-1,-1,2,0,2,0,2,0,0,0,0,2,2,2,2,0,0,2,2
24,-1537.251,8612.354,-212.835,-69.526,0.352075,0.932727,-0.077867,-0.935565,0.348249,-0.058664,-0.027600,0.093503,0.995236,0,0.79444,-0.40902,47.666,-0.818,-1,425.000,-1,400.000,-1,325.000,325.000,300.000,325.000,-1,-1,-1,-1,825.000,800.000,-1,-1,2,0,2,0,2,0,0,0,0,2,2,2,2,0,0,2,2
25,-1521.223,8567.465,-214.144,-70.349,0.338862,0.937715,-0.076572,-0.940319,0.334852,-0.060623,-0.031206,0.092545,0.995219,0,0.79439,-0.41132,47.663,-0.823,-1,425.000,-1,400.000,-1,325.000,325.000,300.000,325.000,-1,-1,-1,-1,825.000,800.000,-1,-1,2,0,2,0,2,0,0,0,0,2,2,2,2,0,0,2,2
26,-1505.847,8522.357,-215.746,-71.176,0.325547,0.942495,-0.075650,-0.944869,0.321297,-0.063169,-0.035230,0.092044,0.995132,0,0.79426,-0.41353,47.656,-0.827,-1,400.000,-1,400.000,-1,325.000,325.000,300.000,325.000,-1,-1,-1,-1,800.000,775.000,-1,-1,2,0,2,0,2,0,0,0,0,2,2,2,2,0,0,2,2
27,-1491.131,8477.042,-217.488,-72.007,0.312087,0.947108,-0.074748,-0.949243,0.307605,-0.065700,-0.039232,0.091458,0.995036,0,0.79407,-0.41566,47.644,-0.831,-1,400.000,-1,400.000,-1,325.000,325.000,300.000,325.000,-1,-1,-1,-1,775.000,750.000,-1,-1,2,0,2,0,2,0,0,0,0,2,2,2,2,0,0,2,2
28,-1477.083,8431.531,-219.572,-72.842,0.298379,0.951644,-0.073101,-0.953507,0.293811,-0.067081,-0.042359,0.089718,0.995066,0,0.79380,-0.41770,47.628,-0.835,-1,400.000,-1,400.000,-1,325.000,325.000,300.000,325.000,-1,-1,-1,-1,775.000,750.000,-1,-1,2,0,2,0,2,0,0,0,0,2,2,2,2,0,0,2,2
29,-1463.708,8385.840,-221.554,-73.682,0.284483,0.955940,-0.072444,-0.957653,0.279867,-0.067633,-0.044378,0.088617,0.995077,0,0.79346,-0.41965,47.608,-0.839,-1,400.000,-1,400.000,-1,325.000,325.000,300.000,325.000,-1,-1,-1,-1,750.000,725.000,-1,-1,2,0,2,0,2,0,0,0,0,2,2,2,2,0,0,2,2
30,-1451.013,8339.981,-223.599,-74.525,0.270448,0.960051,-0.071835,-0.961624,0.265799,-0.068051,-0.046239,0.087483,0.995092,0,0.79306,-0.42150,47.583,-0.843,-1,400.000,-1,400.000,-1,325.000,325.000,300.000,325.000,-1,-1,-1,-1,725.000,725.000,-1,-1,2,0,2,0,2,0,0,0,0,2,2,2,2,0,0,2,2
31,-1439.004,8293.966,-225.715,-75.371,0.256282,0.963974,-0.071232,-0.965411,0.251613,-0.068358,-0.047972,0.086287,0.995115,0,0.79259,-0.42327,47.555,-0.847,-1,400.000,-1,400.000,-1,325.000,325.000,325.000,325.000,-1,-1,-1,-1,725.000,725.000,-1,-1,2,0,2,0,2,0,0,0,0,2,2,2,2,0,0,2,2
32,-1427.686,8247.809,-227.902,-76.221,0.241990,0.967705,-0.070632,-0.969011,0.237312,-0.068561,-0.049585,0.085034,0.995144,0,0.79205,-0.42494,47.523,-0.850,-1,400.000,-1,400.000,-1,325.000,325.000,325.000,325.000,-1,-1,-1,-1,700.000,725.000,-1,-1,2,0,2,0,2,0,0,0,0,2,2,2,2,0,0,2,2
33,-1417.065,8201.524,-230.160,-77.074,0.227579,0.971238,-0.070029,-0.972419,0.222904,-0.068668,-0.051083,0.083725,0.995179,0,0.79145,-0.42651,47.487,-0.853,-1,375.000,-1,400.000,-1,325.000,325.000,325.000,325.000,-1,-1,-1,-1,700.000,700.000,-1,-1,2,0,2,0,2,0,0,0,0,2,2,2,2,0,0,2,2
34,-1407.145,8155.125,-232.488,-77.930,0.213055,0.974571,-0.069422,-0.975630,0.208393,-0.068689,-0.052475,0.082365,0.995220,0,0.79080,-0.42799,47.448,-0.856,-1,375.000,-1,375.000,-1,325.000,325.000,325.000,325.000,-1,-1,-1,-1,675.000,700.000,-1,-1,2,0,2,0,2,0,0,0,0,2,2,2,2,0,0,2,2
35,-1397.930,8108.623,-234.888,-78.789,0.198425,0.977698,-0.068807,-0.978640,0.193786,-0.068632,-0.053767,0.080955,0.995266,0,0.79009,-0.42937,47.405,-0.859,-1,375.000,-1,375.000,-1,325.000,325.000,325.000,325.000,-1,-1,-1,-1,675.000,700.000,-1,-1,2,0,2,0,2,0,0,0,0,2,2,2,2,0,0,2,2
36,-1389.423,8062.033,-237.357,-79.650,0.183697,0.980616,-0.068181,-0.981445,0.179089,-0.068505,-0.054967,0.079500,0.995318,0,0.78932,-0.43064,47.359,-0.861,-1,375.000,-1,375.000,-1,300.000,325.000,325.000,325.000,-1,-1,-1,-1,675.000,700.000,-1,-1,2,0,2,0,2,0,0,0,0,2,2,2,2,0,0,2,2
37,-1381.627,8015.369,-239.897,-80.514,0.168877,0.983320,-0.067543,-0.984040,0.164308,-0.068319,-0.056081,0.078003,0.995375,0,0.78851,-0.43182,47.310,-0.864,-1,375.000,-1,375.000,-1,300.000,300.000,325.000,325.000,-1,-1,-1,-1,650.000,700.000,-1,-1,2,0,2,0,2,0,0,0,0,2,2,2,2,0,0,2,2
38,-1374.610,7968.205,-242.538,-81.535,0.151300,0.986224,-0.066867,-0.986824,0.146776,-0.068080,-0.057327,0.076287,0.995437,0,0.79471,-0.51059,47.682,-1.021,-1,375.000,-1,375.000,-1,300.000,300.000,325.000,325.000,-1,-1,-1,-1,650.000,700.000,-1,-1,2,0,2,0,2,0,0,0,0,2,2,2,2,0,0,2,2
39,-1368.441,7920.966,-245.262,-82.558,0.133632,0.988819,-0.066176,-0.989303,0.129159,-0.067802,-0.058497,0.074528,0.995502,0,0.79399,-0.51159,47.639,-1.023,-1,350.000,-1,375.000,-1,300.000,300.000,325.000,350.000,-1,-1,-1,-1,625.000,700.000,-1,-1,2,0,2,0,2,0,0,0,0,2,2,2,2,0,0,2,2
40,-1363.123,7873.669,-248.069,-83.583,0.115826,0.991104,-0.065551,-0.991528,0.111465,-0.066691,-0.058791,0.072720,0.995618,0,0.79324,-0.51250,47.595,-1.025,-1,350.000,-1,375.000,-1,300.000,300.000,300.000,350.000,-1,-1,-1,-1,625.000,700.000,-1,-1,2,0,2,0,2,0,0,0,0,2,2,2,2,0,0,2,2
41,-1358.657,7826.331,-250.656,-84.610,0.097952,0.993016,-0.065763,-0.993480,0.093696,-0.064953,-0.058338,0.071696,0.995719,0,0.79247,-0.51332,47.548,-1.027,-1,350.000,-1,375.000,-1,300.000,300.000,300.000,350.000,-1,-1,-1,-1,625.000,700.000,-1,-1,2,0,2,0,2,0,0,0,0,2,2,2,2,0,0,2,2
42,-1355.044,7778.969,-252.952,-85.638,0.080077,0.994495,-0.067582,-0.995137,0.075860,-0.062823,-0.057350,0.072284,0.995734,0,0.79166,-0.51406,47.500,-1.028,-1,350.000,-1,375.000,-1,300.000,300.000,325.000,350.000,-1,-1,-1,-1,625.000,700.000,-1,-1,2,0,2,0,2,0,0,0,0,2,2,2,2,0,0,2,2
43,-1352.285,7731.599,-255.301,-86.667,0.062154,0.995656,-0.069329,-0.996470,0.057978,-0.060706,-0.056422,0.072857,0.995745,0,0.79083,-0.51472,47.450,-1.029,-1,350.000,-1,375.000,-1,300.000,300.000,325.000,350.000,-1,-1,-1,-1,625.000,700.000,-1,-1,2,0,2,0,2,0,0,0,0,2,2,2,2,0,0,2,2
44,-1350.381,7684.238,-257.705,-87.698,0.044192,0.996497,-0.071001,-0.997477,0.040059,-0.058604,-0.055555,0.073411,0.995753,0,0.78999,-0.51528,47.399,-1.031,-1,375.000,-1,375.000,-1,300.000,300.000,325.000,350.000,-1,800.000,-1,-1,650.000,700.000,-1,-1,2,0,2,0,2,0,0,0,0,2,0,2,2,0,0,2,2
45,-1349.330,7636.902,-260.168,-88.729,0.026198,0.997017,-0.072597,-0.998156,0.022113,-0.056523,-0.054749,0.073944,0.995758,0,0.78912,-0.51576,47.347,-1.032,-1,375.000,-1,375.000,-1,300.000,300.000,325.000,350.000,-1,725.000,750.000,-1,650.000,700.000,-1,-1,2,0,2,0,2,0,0,0,0,2,0,0,2,0,0,2,2
46,-1349.133,7589.607,-262.692,-89.762,0.008184,0.997216,-0.074118,-0.998507,0.004147,-0.054466,-0.054007,0.074453,0.995761,0,0.78825,-0.51615,47.295,-1.032,-1,375.000,-1,400.000,-1,300.000,325.000,325.000,350.000,-1,675.000,650.000,-1,650.000,700.000,-1,-1,2,0,2,0,2,0,0,0,0,2,0,0,2,0,0,2,2
47,-1349.788,7542.370,-265.279,-90.795,-0.009842,0.997093,-0.075562,-0.998529,-0.013830,-0.052435,-0.053328,0.074934,0.995762,0,0.78736,-0.51645,47.241,-1.033,-1,375.000,-1,400.000,-1,300.000,325.000,325.000,350.000,-1,650.000,575.000,-1,650.000,700.000,-1,-1,2,0,2,0,2,0,0,0,0,2,0,0,2,0,0,2,2
48,-1351.293,7495.205,-267.933,-91.828,-0.027871,0.996647,-0.076929,-0.998221,-0.031808,-0.050436,-0.052714,0.075386,0.995760,0,0.78646,-0.51667,47.188,-1.033,-1,375.000,-1,400.000,-1,300.000,325.000,325.000,350.000,-1,625.000,550.000,-1,650.000,700.000,-1,-1,2,0,2,0,2,0,0,0,0,2,0,0,2,0,0,2,2
49,-1353.646,7448.130,-270.656,-92.862,-0.045894,0.995879,-0.078218,-0.997583,-0.049779,-0.048471,-0.052165,0.075805,0.995757,0,0.78557,-0.51679,47.134,-1.034,-1,375.000,-1,400.000,-1,300.000,325.000,325.000,350.000,-1,600.000,500.000,-1,650.000,725.000,-1,-1,2,0,2,0,2,0,0,0,0,2,0,0,2,0,0,2,2
50,-1356.843,7401.158,-273.451,-93.895,-0.063901,0.994790,-0.079431,-0.996617,-0.067735,-0.046544,-0.051681,0.076188,0.995753,0,0.78467,-0.51683,47.080,-1.034,-1,375.000,-1,375.000,-1,300.000,325.000,325.000,350.000,-1,600.000,500.000,-1,650.000,725.000,-1,-1,2,0,2,0,2,0,0,0,0,2,0,0,2,0,0,2,2
51,-1360.884,7354.305,-276.320,-94.929,-0.081884,0.993380,-0.080567,-0.995323,-0.085666,-0.044658,-0.051264,0.076533,0.995748,0,0.78378,-0.51679,47.027,-1.034,-1,375.000,-1,375.000,-1,300.000,325.000,325.000,350.000,-1,600.000,450.000,-1,650.000,725.000,-1,-1,2,0,2,0,2,0,0,0,0,2,0,0,2,0,0,2,2
52,-1365.762,7307.585,-279.306,-95.962,-0.099815,0.991639,-0.081791,-0.993696,-0.103563,-0.042923,-0.051035,0.076991,0.995725,0,0.78289,-0.51665,46.973,-1.033,-1,375.000,-1,375.000,-1,300.000,300.000,300.000,350.000,-1,600.000,425.000,-1,650.000,725.000,-1,-1,2,0,2,0,2,0,0,0,0,2,0,0,2,0,0,2,2
53,-1371.476,7261.013,-282.468,-96.995,-0.117662,0.989551,-0.083332,-0.991735,-0.121414,-0.041469,-0.051153,0.077764,0.995659,0,0.78201,-0.51643,46.921,-1.033,-1,375.000,-1,375.000,-1,300.000,300.000,300.000,350.000,-1,575.000,400.000,-1,650.000,725.000,-1,-1,2,0,2,0,2,0,0,0,0,2,0,0,2,0,0,2,2
54,-1378.019,7214.602,-285.234,-98.027,-0.135295,0.986987,-0.086904,-0.989440,-0.139191,-0.040427,-0.051997,0.080517,0.995396,0,0.78115,-0.51613,46.869,-1.032,-1,350.000,-1,375.000,-1,300.000,300.000,300.000,325.000,-1,625.000,425.000,-1,650.000,725.000,-1,-1,2,0,2,0,2,0,0,0,0,2,0,0,2,0,0,2,2
55,-1385.388,7168.367,-287.829,-99.059,-0.152851,0.984108,-0.090377,-0.986823,-0.156902,-0.039520,-0.053072,0.083145,0.995123,0,0.78030,-0.51574,46.818,-1.031,-1,350.000,-1,375.000,-1,300.000,300.000,325.000,325.000,-1,700.000,475.000,-1,650.000,725.000,-1,-1,2,0,2,0,2,0,0,0,0,2,0,0,2,0,0,2,2
56,-1393.581,7122.321,-289.915,-100.089,-0.170520,0.981087,-0.091605,-0.983907,-0.174569,-0.038116,-0.053386,0.083631,0.995066,0,0.77948,-0.51527,46.769,-1.031,-1,350.000,-1,375.000,-1,300.000,300.000,325.000,325.000,-1,750.000,500.000,-1,650.000,725.000,-1,-1,2,0,2,0,2,0,0,0,0,2,0,0,2,0,0,2,2
57,-1402.591,7076.477,-292.080,-101.119,-0.188111,0.977750,-0.092835,-0.980678,-0.192159,-0.036697,-0.053719,0.084139,0.995005,0,0.77867,-0.51472,46.720,-1.029,-1,350.000,-1,375.000,-1,300.000,300.000,325.000,350.000,-1,775.000,550.000,-1,650.000,725.000,-1,-1,2,0,2,0,2,0,0,0,0,2,0,0,2,0,0,2,2
58,-1412.412,7030.847,-294.324,-102.147,-0.205617,0.974101,-0.094068,-0.977138,-0.209663,-0.035255,-0.054064,0.084669,0.994941,0,0.77789,-0.51408,46.674,-1.028,-1,375.000,-1,375.000,-1,300.000,300.000,325.000,350.000,-1,825.000,575.000,-1,650.000,725.000,-1,-1,2,0,2,0,2,0,0,0,0,2,0,0,2,0,0,2,2
59,-1423.038,6985.445,-296.649,-103.174,-0.223031,0.970142,-0.095301,-0.973292,-0.227073,-0.033782,-0.054414,0.085221,0.994875,0,0.77714,-0.51337,46.628,-1.027,-1,375.000,-1,375.000,-1,300.000,300.000,325.000,350.000,-1,875.000,625.000,-1,625.000,700.000,-1,-1,2,0,2,0,2,0,0,0,0,2,0,0,2,0,0,2,2
60,-1434.464,6940.283,-299.054,-104.199,-0.240344,0.965876,-0.096530,-0.969142,-0.244382,-0.032272,-0.054761,0.085795,0.994807,0,0.77642,-0.51257,46.585,-1.025,-1,375.000,-1,375.000,-1,300.000,300.000,325.000,350.000,-1,900.000,650.000,-1,625.000,700.000,-1,-1,2,0,2,0,2,0,0,0,0,2,0,0,2,0,0,2,2
61,-1446.685,6895.372,-301.542,-105.222,-0.257550,0.961307,-0.097755,-0.964693,-0.261581,-0.030716,-0.055099,0.086392,0.994736,0,0.77572,-0.51170,46.543,-1.023,-1,375.000,-1,375.000,-1,300.000,300.000,325.000,350.000,-1,925.000,675.000,-1,625.000,700.000,-1,-1,2,0,2,0,2,0,0,0,0,2,0,0,2,0,0,2,2
62,-1459.693,6850.723,-304.112,-106.244,-0.274642,0.956439,-0.098970,-0.959948,-0.278662,-0.029109,-0.055420,0.087012,0.994665,0,0.77507,-0.51075,46.504,-1.021,-1,350.000,-1,400.000,-1,300.000,300.000,325.000,350.000,-1,950.000,700.000,-1,625.000,675.000,-1,-1,2,0,2,0,2,0,0,0,0,2,0,0,2,0,0,2,2
63,-1473.482,6806.349,-306.765,-107.263,-0.291614,0.951276,-0.100173,-0.954912,-0.295618,-0.027443,-0.055718,0.087654,0.994592,0,0.77445,-0.50972,46.467,-1.019,-1,350.000,-1,400.000,-1,300.000,300.000,300.000,350.000,-1,975.000,700.000,-1,600.000,675.000,-1,-1,2,0,2,0,2,0,0,0,0,2,0,0,2,0,0,2,2
64,-1488.046,6762.259,-309.502,-108.280,-0.308457,0.945823,-0.101359,-0.949589,-0.312441,-0.025712,-0.055988,0.088318,0.994518,0,0.77386,-0.50862,46.432,-1.017,-1,350.000,-1,400.000,-1,300.000,300.000,300.000,350.000,-1,1000.000,725.000,-1,600.000,675.000,-1,-1,2,0,2,0,2,0,0,0,0,2,0,0,2,0,0,2,2
65,-1503.378,6718.466,-312.324,-109.295,-0.325168,0.940083,-0.102523,-0.943984,-0.329125,-0.023911,-0.056221,0.089005,0.994443,0,0.77332,-0.50745,46.399,-1.015,-1,350.000,-1,375.000,-1,300.000,300.000,300.000,350.000,-1,1000.000,750.000,-1,600.000,650.000,1000.000,-1,2,0,2,0,2,0,0,0,0,2,0,0,2,0,0,0,2
66,-1519.470,6674.978,-315.204,-110.308,-0.341723,0.934052,-0.103790,-0.938101,-0.345658,-0.022077,-0.056496,0.089821,0.994354,0,0.77282,-0.50620,46.369,-1.012,-1,350.000,-1,375.000,-1,275.000,300.000,300.000,350.000,-1,-1,750.000,-1,575.000,650.000,950.000,-1,2,0,2,0,2,0,0,0,0,2,2,0,2,0,0,0,2
67,-1536.315,6631.806,-318.062,-111.317,-0.358032,0.927640,-0.106283,-0.931964,-0.361996,-0.020032,-0.057056,0.091880,0.994134,0,0.77235,-0.50488,46.341,-1.010,-1,325.000,-1,375.000,-1,275.000,300.000,325.000,350.000,-1,-1,775.000,-1,575.000,625.000,900.000,-1,2,0,2,0,2,0,0,0,0,2,2,0,2,0,0,0,2
68,-1553.905,6588.959,-320.648,-112.324,-0.374240,0.920805,-0.109831,-0.925623,-0.378107,-0.016007,-0.056268,0.095671,0.993821,0,0.77194,-0.50349,46.316,-1.007,-1,325.000,-1,375.000,-1,275.000,300.000,325.000,350.000,-1,-1,750.000,-1,575.000,625.000,900.000,-1,2,0,2,0,2,0,0,0,0,2,2,0,2,0,0,0,2
69,-1572.233,6546.448,-323.300,-113.328,-0.390296,0.913678,-0.113407,-0.919023,-0.394030,-0.011691,-0.055367,0.099661,0.993480,0,0.77156,-0.50203,46.294,-1.004,-1,325.000,-1,375.000,-1,275.000,300.000,325.000,325.000,-1,1000.000,650.000,-1,575.000,625.000,900.000,-1,2,0,2,0,2,0,0,0,0,2,0,0,2,0,0,0,2
70,-1589.186,6508.574,-325.733,-114.120,-0.402882,0.907792,-0.116621,-0.913641,-0.406451,-0.007572,-0.054274,0.103499,0.993148,0,0.69156,-0.39566,41.494,-0.791,-1,325.000,-1,350.000,-1,275.000,300.000,325.000,325.000,-1,950.000,500.000,-1,575.000,600.000,875.000,-1,2,0,2,0,2,0,0,0,0,2,0,0,2,0,0,0,2
71,-1604.637,6475.292,-327.709,-114.908,-0.415313,0.901855,-0.119051,-0.908074,-0.418784,-0.004595,-0.054001,0.106199,0.992877,0,0.61156,-0.39421,36.694,-0.788,-1,325.000,-1,350.000,-1,275.000,300.000,350.000,325.000,-1,975.000,475.000,-1,575.000,600.000,875.000,1000.000,2,0,2,0,2,0,0,0,0,2,0,0,2,0,0,0,0
72,-1618.463,6446.550,-329.318,-115.694,-0.427601,0.895844,-0.120917,-0.902337,-0.431024,-0.002399,-0.054268,0.108082,0.992660,0,0.53156,-0.39289,31.894,-0.786,-1,325.000,-1,350.000,-1,275.000,300.000,350.000,325.000,-1,1000.000,475.000,-1,575.000,600.000,850.000,1000.000,2,0,2,0,2,0,0,0,0,2,0,0,2,0,0,0,0
73,-1630.542,6422.297,-330.702,-116.477,-0.439774,0.889713,-0.122514,-0.896444,-0.443156,-0.000398,-0.054647,0.109652,0.992467,0,0.45156,-0.39171,27.094,-0.783,-1,325.000,-1,350.000,-1,275.000,275.000,350.000,325.000,-1,-1,500.000,-1,575.000,600.000,850.000,975.000,2,0,2,0,2,0,0,0,0,2,2,0,2,0,0,0,0
74,-1640.752,6402.477,-331.735,-117.259,-0.451898,0.883508,-0.123292,-0.890384,-0.455208,0.001480,-0.054816,0.110446,0.992369,0,0.37156,-0.39070,22.294,-0.781,-1,325.000,-1,350.000,-1,275.000,275.000,350.000,325.000,-1,-1,500.000,-1,575.000,600.000,825.000,975.000,2,0,2,0,2,0,0,0,0,2,2,0,2,0,0,0,0
75,-1648.976,6387.036,-332.418,-118.039,-0.463972,0.877230,-0.123275,-0.884152,-0.467188,0.003170,-0.054812,0.110465,0.992367,0,0.29156,-0.38986,17.494,-0.780,-1,325.000,-1,350.000,-1,275.000,300.000,350.000,325.000,-1,-1,475.000,-1,575.000,600.000,825.000,1000.000,2,0,2,0,2,0,0,0,0,2,2,0,2,0,0,0,0
76,-1655.095,6375.914,-332.934,-118.817,-0.475895,0.870809,-0.123353,-0.877767,-0.479066,0.004460,-0.055211,0.110397,0.992353,0,0.21156,-0.38921,12.694,-0.778,-1,325.000,-1,350.000,-1,275.000,300.000,350.000,325.000,-1,-1,500.000,-1,575.000,600.000,825.000,1000.000,2,0,2,0,2,0,0,0,0,2,2,0,2,0,0,0,0
77,-1658.994,6369.049,-333.277,-119.594,-0.487669,0.864244,-0.123533,-0.871229,-0.490848,0.005335,-0.056025,0.110227,0.992326,0,0.13156,-0.38875,7.894,-0.778,-1,325.000,-1,350.000,-1,275.000,300.000,350.000,325.000,-1,-1,500.000,-1,575.000,600.000,825.000,-1,2,0,2,0,2,0,0,0,0,2,2,0,2,0,0,0,2
78,-1660.560,6366.380,-333.435,-120.371,-0.499298,0.857537,-0.123821,-0.864536,-0.502538,0.005785,-0.057264,0.109936,0.992288,0,0.05156,-0.38847,3.094,-0.777,-1,325.000,-1,350.000,-1,275.000,300.000,350.000,325.000,-1,-1,525.000,-1,575.000,600.000,800.000,-1,2,0,2,0,2,0,0,0,0,2,2,0,2,0,0,0,2
79,-1659.678,6367.840,-333.397,-121.148,-0.510786,0.850686,-0.124219,-0.857686,-0.514142,0.005802,-0.058931,0.109504,0.992238,0,-0.02844,-0.38837,-1.706,-0.777,1000.000,325.000,-1,350.000,-1,275.000,300.000,350.000,325.000,-1,-1,550.000,-1,575.000,600.000,800.000,-1,0,0,2,0,2,0,0,0,0,2,2,0,2,0,0,0,2
80,-1656.240,6373.361,-333.148,-121.925,-0.522137,0.843693,-0.124721,-0.850676,-0.525663,0.005385,-0.061018,0.108909,0.992177,0,-0.10844,-0.38842,-6.506,-0.777,975.000,325.000,-1,350.000,-1,275.000,300.000,350.000,325.000,-1,-1,625.000,-1,575.000,600.000,800.000,-1,0,0,2,0,2,0,0,0,0,2,2,0,2,0,0,0,2
81,-1650.134,6382.876,-332.446,-122.702,-0.533482,0.836632,-0.124272,-0.843472,-0.537153,0.004646,-0.062867,0.107299,0.992237,0,-0.18844,-0.38861,-11.306,-0.777,950.000,325.000,-1,350.000,-1,275.000,300.000,350.000,325.000,-1,-1,700.000,-1,575.000,600.000,800.000,-1,0,0,2,0,2,0,0,0,0,2,2,0,2,0,0,0,2
82,-1641.622,6395.751,-331.371,-123.480,-0.544798,0.829476,-0.123144,-0.836076,-0.548602,0.003582,-0.064586,0.104909,0.992382,0,-0.25726,-0.38890,-15.435,-0.778,925.000,325.000,-1,375.000,-1,275.000,300.000,350.000,325.000,-1,-1,875.000,-1,575.000,625.000,800.000,-1,0,0,2,0,2,0,0,0,0,2,2,0,2,0,0,0,2
83,-1632.980,6408.446,-330.278,-124.258,-0.556031,0.822153,-0.122039,-0.828514,-0.559963,0.002491,-0.066289,0.102496,0.992522,0,-0.25597,-0.38925,-15.358,-0.779,900.000,350.000,-1,375.000,-1,275.000,300.000,350.000,325.000,-1,-1,-1,-1,575.000,625.000,800.000,-1,0,0,2,0,2,0,0,0,0,2,2,2,2,0,0,0,2
84,-1624.211,6420.958,-329.171,-125.038,-0.567175,0.814667,-0.120958,-0.820787,-0.571232,0.001374,-0.067976,0.100060,0.992657,0,-0.25466,-0.38954,-15.280,-0.779,900.000,350.000,-1,375.000,-1,300.000,300.000,350.000,325.000,-1,-1,-1,-1,575.000,650.000,800.000,-1,0,0,2,0,2,0,0,0,0,2,2,2,2,0,0,0,2
85,-1615.318,6433.284,-328.220,-125.817,-0.578253,0.806968,-0.120112,-0.812923,-0.582370,0.001008,-0.069136,0.098224,0.992760,0,-0.25333,-0.38977,-15.200,-0.780,875.000,350.000,-1,375.000,-1,300.000,300.000,325.000,325.000,-1,-1,-1,-1,575.000,650.000,800.000,-1,0,0,2,0,2,0,0,0,0,2,2,2,2,0,0,0,2
86,-1606.306,6445.424,-327.272,-126.597,-0.589235,0.799107,-0.119291,-0.804904,-0.593405,0.000702,-0.070226,0.096431,0.992859,0,-0.25200,-0.38995,-15.120,-0.780,875.000,350.000,-1,375.000,-1,300.000,300.000,325.000,325.000,-1,-1,-1,-1,575.000,675.000,800.000,-1,0,0,2,0,2,0,0,0,0,2,2,2,2,0,0,0,2
87,-1597.179,6457.375,-326.309,-127.377,-0.600115,0.791091,-0.118474,-0.796730,-0.604336,0.000380,-0.071298,0.094620,0.992957,0,-0.25065,-0.39007,-15.039,-0.780,875.000,350.000,-1,375.000,-1,300.000,300.000,325.000,325.000,-1,-1,-1,-1,575.000,675.000,800.000,-1,0,0,2,0,2,0,0,0,0,2,2,2,2,0,0,0,2
88,-1587.940,6469.137,-325.333,-128.157,-0.610890,0.782924,-0.117662,-0.788403,-0.615159,0.000040,-0.072349,0.092790,0.993054,0,-0.24929,-0.39014,-14.958,-0.780,875.000,350.000,-1,400.000,-1,300.000,300.000,325.000,325.000,-1,-1,-1,-1,575.000,700.000,825.000,-1,0,0,2,0,2,0,0,0,0,2,2,2,2,0,0,0,2
89,-1578.593,6480.709,-324.343,-128.938,-0.621555,0.774606,-0.116855,-0.779926,-0.625872,-0.000316,-0.073381,0.090942,0.993149,0,-0.24794,-0.39015,-14.876,-0.780,875.000,350.000,-1,400.000,-1,300.000,325.000,325.000,325.000,-1,-1,-1,-1,600.000,700.000,825.000,-1,0,0,2,0,2,0,0,0,0,2,2,2,2,0,0,0,2
90,-1572.188,6488.487,-323.625,-129.478,-0.628868,0.768769,-0.116273,-0.773963,-0.633230,-0.000740,-0.074196,0.089526,0.993217,0,-0.16794,-0.27015,-10.076,-0.540,875.000,350.000,-1,400.000,-1,300.000,325.000,325.000,325.000,-1,-1,-1,-1,600.000,725.000,825.000,-1,0,0,2,0,2,0,0,0,0,2,2,2,2,0,0,0,2
91,-1568.813,6492.542,-323.229,-129.778,-0.632907,0.765496,-0.115954,-0.770617,-0.637298,-0.001039,-0.074692,0.088698,0.993254,0,-0.08794,-0.15015,-5.276,-0.300,875.000,350.000,-1,400.000,-1,300.000,325.000,325.000,325.000,-1,-1,-1,-1,600.000,725.000,825.000,-1,0,0,2,0,2,0,0,0,0,2,2,2,2,0,0,0,2
92,-1568.508,6492.908,-323.193,-129.839,-0.633714,0.764832,-0.115923,-0.769945,-0.638109,-0.001049,-0.074774,0.088589,0.993258,0,-0.00794,-0.03015,-0.476,-0.060,875.000,350.000,-1,400.000,-1,300.000,325.000,325.000,325.000,-1,-1,-1,-1,600.000,725.000,825.000,-1,0,0,2,0,2,0,0,0,0,2,2,2,2,0,0,0,2
93,-1571.267,6489.579,-323.517,-129.659,-0.631299,0.766788,-0.116180,-0.771958,-0.635673,-0.000769,-0.074442,0.089200,0.993228,0,0.07206,0.08985,4.324,0.180,875.000,350.000,-1,400.000,-1,300.000,325.000,325.000,325.000,-1,-1,-1,-1,600.000,725.000,825.000,-1,0,0,2,0,2,0,0,0,0,2,2,2,2,0,0,0,2
94,-1577.037,6482.512,-324.179,-129.239,-0.625636,0.771335,-0.116711,-0.776622,-0.629967,-0.000283,-0.073743,0.090464,0.993166,0,0.15206,0.20985,9.124,0.420,875.000,350.000,-1,400.000,-1,300.000,325.000,325.000,325.000,-1,-1,-1,-1,600.000,700.000,825.000,-1,0,0,2,0,2,0,0,0,0,2,2,2,2,0,0,0,2
95,-1585.718,6471.627,-325.098,-128.580,-0.616660,0.778418,-0.117456,-0.783851,-0.620949,0.000097,-0.072859,0.092128,0.993078,0,0.23206,0.32985,13.924,0.660,875.000,350.000,-1,400.000,-1,300.000,300.000,325.000,325.000,-1,-1,-1,-1,575.000,700.000,825.000,-1,0,0,2,0,2,0,0,0,0,2,2,2,2,0,0,0,2
96,-1597.186,6456.827,-326.310,-127.781,-0.605680,0.786842,-0.118456,-0.792467,-0.609915,0.000635,-0.071749,0.094257,0.992959,0,0.31206,0.39940,18.724,0.799,875.000,350.000,-1,400.000,-1,300.000,300.000,325.000,325.000,-1,-1,-1,-1,575.000,675.000,800.000,-1,0,0,2,0,2,0,0,0,0,2,2,2,2,0,0,0,2
97,-1611.335,6438.035,-327.800,-126.982,-0.594572,0.795081,-0.119710,-0.800940,-0.598743,0.001399,-0.070563,0.096713,0.992808,0,0.39206,0.39944,23.524,0.799,875.000,350.000,-1,375.000,-1,300.000,300.000,325.000,325.000,-1,-1,-1,-1,575.000,675.000,800.000,-1,0,0,2,0,2,0,0,0,0,2,2,2,2,0,0,0,2
98,-1628.053,6415.172,-329.552,-126.183,-0.583337,0.803132,-0.121230,-0.809269,-0.587433,0.002391,-0.069295,0.099503,0.992622,0,0.47206,0.39958,28.324,0.799,875.000,350.000,-1,375.000,-1,300.000,300.000,350.000,325.000,-1,-1,-1,-1,575.000,650.000,775.000,-1,0,0,2,0,2,0,0,0,0,2,2,2,2,0,0,0,2
99,-1647.228,6388.164,-331.842,-125.383,-0.572021,0.810905,-0.123394,-0.817493,-0.575918,0.004929,-0.067068,0.103694,0.992345,0,0.55206,0.39988,33.124,0.800,900.000,350.000,-1,375.000,-1,275.000,300.000,350.000,325.000,-1,-1,-1,-1,575.000,625.000,775.000,-1,0,0,2,0,2,0,0,0,0,2,2,2,2,0,0,0,2
100,-1668.747,6356.939,-334.371,-124.582,-0.560630,0.818472,-0.125688,-0.825564,-0.564251,0.008055,-0.064326,0.108279,0.992037,0,0.63206,0.40040,37.924,0.801,900.000,325.000,-1,350.000,-1,275.000,300.000,350.000,325.000,-1,-1,700.000,-1,575.000,625.000,775.000,-1,0,0,2,0,2,0,0,0,0,2,2,0,2,0,0,0,2
101,-1692.498,6321.427,-336.381,-123.780,-0.549583,0.826157,-0.124195,-0.833341,-0.552642,0.011442,-0.059183,0.109785,0.992192,0,0.71206,0.40121,42.724,0.802,950.000,350.000,-1,350.000,-1,275.000,300.000,350.000,325.000,-1,-1,525.000,-1,575.000,625.000,800.000,-1,0,0,2,0,2,0,0,0,0,2,2,0,2,0,0,0,2
102,-1718.530,6281.668,-338.629,-123.217,-0.541947,0.831462,-0.122331,-0.838660,-0.544453,0.014858,-0.054249,0.110646,0.992378,0,0.79206,0.28121,47.524,0.562,975.000,350.000,-1,350.000,-1,275.000,300.000,350.000,325.000,-1,725.000,450.000,-1,550.000,625.000,800.000,-1,0,0,2,0,2,0,0,0,0,2,0,0,2,0,0,0,2
103,-1744.714,6240.918,-340.787,-122.726,-0.535325,0.836033,-0.120316,-0.843218,-0.537250,0.018600,-0.049090,0.111410,0.992561,0,0.80731,0.24592,48.439,0.492,1000.000,350.000,-1,350.000,-1,275.000,300.000,350.000,325.000,-1,600.000,375.000,-1,550.000,625.000,800.000,-1,0,0,2,0,2,0,0,0,0,2,0,0,2,0,0,0,2
104,-1770.494,6200.023,-342.798,-122.230,-0.528640,0.840579,-0.118177,-0.847724,-0.529956,0.022606,-0.043626,0.112132,0.992735,0,0.80573,0.24777,48.344,0.496,-1,350.000,-1,350.000,1000.000,275.000,300.000,350.000,350.000,-1,525.000,225.000,-1,550.000,625.000,825.000,-1,2,0,2,0,1,0,0,0,0,2,0,0,2,0,0,0,2
105,-1795.872,6158.975,-344.663,-121.730,-0.521882,0.845104,-0.115922,-0.852177,-0.522563,0.026877,-0.037863,0.112813,0.992895,0,0.80435,0.24988,48.261,0.500,-1,350.000,-1,350.000,975.000,275.000,300.000,350.000,350.000,-1,375.000,125.000,-1,575.000,625.000,825.000,-1,2,0,2,0,1,0,0,0,0,2,0,0,2,0,0,0,2
106,-1820.852,6117.765,-346.385,-121.226,-0.515040,0.849610,-0.113561,-0.856576,-0.515064,0.031413,-0.031803,0.113453,0.993034,0,0.80319,0.25225,48.191,0.505,-1,350.000,-1,350.000,950.000,300.000,300.000,350.000,350.000,-1,275.000,100.000,-1,575.000,600.000,850.000,-1,2,0,2,0,1,0,0,0,0,2,0,0,2,0,0,0,2
107,-1845.435,6076.382,-347.810,-120.716,-0.508034,0.854039,-0.111889,-0.860946,-0.507413,0.036098,-0.025945,0.114669,0.993065,0,0.80226,0.25487,48.136,0.510,-1,350.000,-1,350.000,925.000,300.000,300.000,350.000,375.000,-1,225.000,100.000,-1,575.000,600.000,925.000,-1,2,0,2,0,1,0,0,0,0,2,0,0,2,0,0,0,2
108,-1871.195,6032.037,-348.967,-120.157,-0.500235,0.858740,-0.111040,-0.865658,-0.498937,0.041209,-0.020014,0.116737,0.992961,0,0.85474,0.27948,51.285,0.559,-1,350.000,-1,350.000,900.000,275.000,300.000,350.000,375.000,-1,175.000,125.000,-1,575.000,600.000,-1,-1,2,0,2,0,1,0,0,0,0,2,0,0,2,0,0,2,2
109,-1896.599,5987.323,-349.919,-119.609,-0.492590,0.863246,-0.110275,-0.870152,-0.490562,0.046724,-0.013762,0.118972,0.992802,0,0.85713,0.27423,51.428,0.548,-1,350.000,-1,350.000,875.000,275.000,300.000,350.000,375.000,-1,175.000,125.000,-1,575.000,600.000,-1,1000.000,2,0,2,0,1,0,0,0,0,2,0,0,2,0,0,2,0
110,-1921.640,5942.264,-350.400,-119.071,-0.485201,0.867441,-0.110121,-0.874380,-0.482237,0.053924,-0.006329,0.122451,0.992454,0,0.85916,0.26875,51.550,0.538,-1,350.000,-1,350.000,850.000,275.000,275.000,350.000,375.000,-1,150.000,150.000,1000.000,575.000,600.000,-1,1000.000,2,0,2,0,1,0,0,0,0,2,0,0,0,0,0,2,1
111,-1948.001,5894.132,-350.895,-118.718,-0.480600,0.869927,-0.110687,-0.876940,-0.476630,0.061648,0.000872,0.126693,0.991942,0,0.91465,0.17642,54.879,0.353,-1,350.000,-1,350.000,825.000,300.000,275.000,350.000,350.000,-1,150.000,150.000,975.000,600.000,600.000,-1,975.000,2,0,2,0,1,0,0,0,0,2,0,0,0,0,0,2,1
112,-1974.192,5845.667,-351.263,-118.397,-0.476511,0.872077,-0.111437,-0.879131,-0.471475,0.069578,0.008138,0.131122,0.991333,0,0.91815,0.16052,55.089,0.321,-1,350.000,-1,350.000,800.000,300.000,275.000,375.000,350.000,-1,175.000,150.000,950.000,600.000,600.000,-1,950.000,2,0,2,0,1,0,0,0,0,2,0,0,0,0,0,2,1
113,-2000.216,5796.937,-350.663,-118.109,-0.472656,0.874251,-0.110819,-0.881150,-0.466982,0.074180,0.013101,0.132710,0.991068,0,0.92074,0.14410,55.245,0.288,-1,350.000,-1,350.000,775.000,300.000,275.000,375.000,350.000,-1,175.000,200.000,950.000,625.000,600.000,-1,925.000,2,0,2,0,1,0,0,0,0,2,0,0,1,0,0,2,1
114,-2026.072,5748.005,-349.582,-117.854,-0.469198,0.876258,-0.109658,-0.882926,-0.463064,0.077541,0.017168,0.133202,0.990940,0,0.92239,0.12722,55.344,0.254,-1,350.000,-1,350.000,750.000,275.000,275.000,375.000,350.000,-1,200.000,225.000,975.000,650.000,600.000,-1,875.000,2,0,2,0,1,0,0,0,0,2,0,0,1,0,0,2,1
115,-2051.763,5698.939,-348.248,-117.635,-0.466394,0.878239,-0.105697,-0.884281,-0.459808,0.081382,0.022872,0.131422,0.991063,0,0.92308,0.10994,55.385,0.220,-1,350.000,-1,350.000,725.000,275.000,275.000,350.000,350.000,-1,200.000,250.000,1000.000,675.000,600.000,-1,850.000,2,0,2,0,1,0,0,0,0,2,0,0,1,0,0,2,1
116,-2077.287,5649.805,-346.708,-117.450,-0.464084,0.879934,-0.101693,-0.885334,-0.457089,0.085165,0.028457,0.129556,0.991164,0,0.92281,0.09231,55.368,0.185,-1,350.000,-1,350.000,700.000,275.000,300.000,350.000,350.000,-1,200.000,250.000,-1,700.000,600.000,-1,825.000,2,0,2,0,1,0,0,0,0,2,0,0,2,0,0,2,1
117,-2102.650,5600.671,-344.950,-117.301,-0.462273,0.881333,-0.097753,-0.886091,-0.454912,0.088866,0.033852,0.127698,0.991235,0,0.92156,0.07443,55.294,0.149,-1,350.000,-1,350.000,675.000,300.000,300.000,350.000,350.000,-1,200.000,225.000,-1,750.000,600.000,-1,800.000,2,0,2,0,1,0,0,0,0,2,0,0,2,0,0,2,1
118,-2127.855,5551.605,-342.982,-117.188,-0.460972,0.882435,-0.093880,-0.886555,-0.453284,0.092485,0.039057,0.125863,0.991278,0,0.91935,0.05636,55.161,0.113,-1,350.000,-1,350.000,650.000,300.000,300.000,350.000,350.000,-1,200.000,225.000,-1,775.000,625.000,-1,775.000,2,0,2,0,1,0,0,0,0,2,0,0,2,0,0,2,1
119,-2152.910,5502.673,-340.814,-117.112,-0.460186,0.883241,-0.090078,-0.886728,-0.452210,0.096019,0.044074,0.124062,0.991295,0,0.91622,0.03821,54.973,0.076,-1,375.000,-1,350.000,625.000,300.000,300.000,350.000,350.000,-1,200.000,225.000,-1,825.000,675.000,-1,750.000,2,0,2,0,1,0,0,0,0,2,0,0,2,0,0,2,1
120,-2177.820,5453.939,-338.455,-117.072,-0.459920,0.883752,-0.086351,-0.886613,-0.451690,0.099468,0.048901,0.122307,0.991287,0,0.91218,0.02007,54.731,0.040,-1,375.000,-1,350.000,600.000,300.000,300.000,350.000,350.000,-1,200.000,225.000,-1,875.000,700.000,-1,750.000,2,0,2,0,1,0,0,0,0,2,0,0,2,0,0,2,1
121,-2202.593,5405.463,-335.855,-117.068,-0.460169,0.883943,-0.082999,-0.886227,-0.451709,0.102769,0.053350,0.120847,0.991236,0,0.90731,0.00205,54.438,0.004,-1,400.000,-1,350.000,550.000,300.000,300.000,350.000,350.000,-1,200.000,225.000,-1,950.000,725.000,-1,725.000,2,0,2,0,1,0,0,0,0,2,0,0,2,0,0,2,1
122,-2227.236,5357.302,-332.803,-117.099,-0.460930,0.883705,-0.081297,-0.885623,-0.452201,0.105765,0.056702,0.120749,0.991062,0,0.90165,-0.01577,54.099,-0.032,-1,425.000,-1,375.000,525.000,325.000,300.000,350.000,350.000,-1,225.000,225.000,-1,-1,725.000,-1,700.000,2,0,2,0,1,0,0,0,0,2,0,0,2,2,1,2,1
123,-2251.747,5309.503,-330.073,-117.148,-0.461836,0.883424,-0.079180,-0.884982,-0.452996,0.107712,0.059287,0.119819,0.991024,0,0.89528,-0.02412,53.717,-0.048,-1,425.000,-1,375.000,500.000,325.000,325.000,350.000,350.000,-1,225.000,250.000,-1,-1,725.000,-1,675.000,2,0,2,0,1,0,0,0,0,2,0,0,2,2,1,2,1
124,-2276.118,5262.109,-327.619,-117.209,-0.462756,0.883196,-0.076299,-0.884413,-0.454080,0.107816,0.060577,0.117372,0.991239,0,0.88821,-0.03083,53.293,-0.062,-1,425.000,-1,400.000,475.000,325.000,325.000,325.000,350.000,-1,250.000,275.000,-1,-1,700.000,-1,650.000,2,0,2,0,1,0,0,0,0,2,0,0,2,2,1,2,1
125,-2300.338,5215.156,-325.072,-117.283,-0.463842,0.882869,-0.073437,-0.883763,-0.455343,0.107828,0.061759,0.114916,0.991454,0,0.88052,-0.03670,52.831,-0.073,-1,450.000,-1,400.000,450.000,350.000,325.000,325.000,350.000,-1,275.000,300.000,-1,-1,700.000,-1,625.000,2,0,2,0,1,0,0,0,0,2,0,0,2,2,1,2,1
126,-2322.234,5172.406,-322.601,-117.116,-0.461221,0.884463,-0.070715,-0.885034,-0.452913,0.107628,0.063165,0.112226,0.991673,0,0.80052,0.08330,48.031,0.167,-1,450.000,-1,400.000,450.000,350.000,325.000,325.000,350.000,-1,275.000,300.000,-1,-1,700.000,-1,625.000,2,0,2,0,1,0,0,0,0,2,0,0,2,2,1,2,1
127,-2341.669,5133.791,-320.053,-116.709,-0.454804,0.888008,-0.067789,-0.888266,-0.446803,0.106541,0.064321,0.108670,0.991995,0,0.72052,0.20330,43.231,0.407,-1,450.000,-1,425.000,425.000,350.000,350.000,325.000,350.000,-1,325.000,350.000,-1,-1,725.000,-1,675.000,2,0,2,0,1,0,0,0,0,2,0,0,2,2,1,2,1
128,-2358.557,5099.271,-317.765,-116.063,-0.444643,0.893309,-0.065505,-0.893304,-0.436908,0.105454,0.065583,0.105405,0.992264,0,0.64052,0.32330,38.431,0.647,-1,450.000,-1,425.000,425.000,350.000,350.000,325.000,350.000,-1,350.000,400.000,-1,-1,775.000,-1,-1,2,0,2,0,1,0,0,0,0,2,0,0,2,2,1,2,2
129,-2372.865,5068.836,-316.347,-115.176,-0.430691,0.900043,-0.066543,-0.900141,-0.423070,0.103719,0.065199,0.104569,0.992378,0,0.56052,0.44330,33.631,0.887,-1,450.000,-1,425.000,425.000,350.000,350.000,325.000,350.000,-1,400.000,450.000,-1,-1,850.000,-1,-1,2,0,2,0,1,0,0,0,0,2,0,0,2,2,0,2,2
130,-2384.615,5042.510,-315.086,-114.050,-0.412855,0.908293,-0.067495,-0.908448,-0.405339,0.102088,0.065367,0.103463,0.992483,0,0.48052,0.56330,28.831,1.127,-1,450.000,-1,425.000,425.000,350.000,350.000,325.000,325.000,-1,425.000,500.000,-1,-1,825.000,-1,-1,2,0,2,0,1,0,0,0,0,2,0,0,2,2,0,2,2
131,-2393.918,5020.355,-313.996,-112.774,-0.392495,0.917213,-0.068316,-0.917386,-0.385077,0.100588,0.065954,0.102153,0.992580,0,0.40052,0.63761,24.031,1.275,-1,450.000,-1,425.000,425.000,350.000,350.000,325.000,325.000,-1,475.000,575.000,-1,-1,825.000,-1,-1,2,0,2,0,1,0,0,0,0,2,0,0,2,2,0,2,2
132,-2400.971,5002.466,-313.092,-111.512,-0.372163,0.925602,-0.068965,-0.925766,-0.364833,0.099269,0.066723,0.100790,0.992668,0,0.32052,0.63104,19.231,1.262,-1,450.000,-1,400.000,450.000,350.000,350.000,325.000,325.000,-1,525.000,625.000,-1,-1,825.000,-1,-1,2,0,2,0,1,0,0,0,0,2,0,0,2,2,0,2,2
