timestep,x_cm,y_cm,z_cm,yaw_deg,basis_xx,basis_xy,basis_xz,basis_yx,basis_yy,basis_yz,basis_zx,basis_zy,basis_zz,teleport_flag,throttle_cmd,steering_cmd,cmd_move_cm,cmd_turn_deg,lidar_cm_0,lidar_cm_1,lidar_cm_2,lidar_cm_3,lidar_cm_4,lidar_cm_5,lidar_cm_6,lidar_cm_7,lidar_cm_8,lidar_cm_9,lidar_cm_10,lidar_cm_11,lidar_cm_12,lidar_cm_13,lidar_cm_14,lidar_cm_15,lidar_cm_16,lidar_class_0,lidar_class_1,lidar_class_2,lidar_class_3,lidar_class_4,lidar_class_5,lidar_class_6,lidar_class_7,lidar_class_8,lidar_class_9,lidar_class_10,lidar_class_11,lidar_class_12,lidar_class_13,lidar_class_14,lidar_class_15,lidar_class_16
0,-330.319,-4267.744,-189.989,-119.570,-0.494169,0.868634,0.035670,-0.869196,-0.492846,-0.040009,-0.017173,-0.050775,0.998562,1,0.08000,-0.12000,4.800,-0.240,-1,375.000,-1,375.000,-1,300.000,300.000,275.000,150.000,-1,-1,-1,200.000,650.000,675.000,-1,-1,2,0,2,0,2,0,0,0,1,2,2,2,1,0,0,2,2
1,-335.126,-4276.053,-189.845,-120.050,-0.501447,0.864454,0.035641,-0.865014,-0.500093,-0.040717,-0.017374,-0.051248,0.998535,0,0.16000,-0.24000,9.600,-0.480,-1,375.000,-1,375.000,-1,300.000,300.000,275.000,150.000,-1,-1,-1,200.000,650.000,675.000,-1,-1,2,0,2,0,2,0,0,0,1,2,2,2,1,0,0,2,2
2,-342.493,-4288.427,-189.621,-120.770,-0.512300,0.858068,0.035604,-0.858624,-0.510897,-0.041812,-0.017688,-0.051991,0.998491,0,0.24000,-0.36000,14.400,-0.720,-1,350.000,-1,375.000,-1,300.000,300.000,275.000,150.000,-1,-1,-1,225.000,650.000,675.000,-1,-1,2,0,2,0,2,0,0,0,1,2,2,2,1,0,0,2,2
3,-352.590,-4304.758,-189.312,-121.730,-0.526644,0.849342,0.035554,-0.849893,-0.525173,-0.043309,-0.018112,-0.053025,0.998429,0,0.32000,-0.48000,19.200,-0.960,-1,350.000,-1,375.000,-1,300.000,300.000,275.000,150.000,-1,-1,-1,225.000,650.000,650.000,-1,-1,2,0,2,0,2,0,0,0,1,2,2,2,1,0,0,2,2
4,-365.636,-4324.903,-188.919,-122.930,-0.544366,0.838097,0.035470,-0.838641,-0.542806,-0.045196,-0.018625,-0.054350,0.998348,0,0.40000,-0.60000,24.000,-1.200,-1,350.000,-1,375.000,-1,300.000,300.000,275.000,175.000,-1,-1,-1,250.000,625.000,650.000,-1,-1,2,0,2,0,2,0,0,0,1,2,2,2,1,0,0,2,2
5,-381.894,-4348.676,-188.295,-124.370,-0.565285,0.824149,0.035080,-0.824685,-0.563667,-0.046629,-0.018656,-0.055289,0.998296,0,0.48000,-0.72000,28.800,-1.440,-1,350.000,-1,375.000,-1,300.000,300.000,275.000,175.000,-1,-1,-1,250.000,625.000,650.000,-1,-1,2,0,2,0,2,0,0,0,1,2,2,2,1,0,0,2,2
6,-401.667,-4375.842,-187.505,-126.050,-0.589200,0.807242,0.034700,-0.807791,-0.587567,-0.047319,-0.017809,-0.055911,0.998277,0,0.56000,-0.84000,33.600,-1.680,-1,350.000,-1,375.000,-1,300.000,300.000,275.000,175.000,-1,-1,-1,275.000,625.000,650.000,-1,-1,2,0,2,0,2,0,0,0,1,2,2,2,1,0,0,2,2
7,-425.293,-4406.115,-186.819,-127.970,-0.615888,0.787055,0.035011,-0.787670,-0.614246,-0.047732,-0.016063,-0.056975,0.998246,0,0.64000,-0.96000,38.400,-1.920,-1,350.000,-1,375.000,-1,300.000,300.000,275.000,200.000,-1,-1,-1,300.000,625.000,650.000,-1,-1,2,0,2,0,2,0,0,0,1,2,2,2,1,0,0,2,2
8,-453.044,-4439.224,-186.077,-129.970,-0.642944,0.765092,0.035449,-0.765785,-0.641300,-0.048047,-0.014027,-0.058037,0.998216,0,0.72000,-1.00000,43.200,-2.000,-1,350.000,-1,375.000,-1,300.000,300.000,275.000,200.000,-1,-1,-1,300.000,625.000,650.000,-1,-1,2,0,2,0,2,0,0,0,1,2,2,2,1,0,0,2,2
9,-484.078,-4473.728,-185.445,-131.970,-0.669190,0.742224,0.035901,-0.743005,-0.667591,-0.047599,-0.011362,-0.058527,0.998221,0,0.77345,-1.00000,46.407,-2.000,-1,350.000,-1,375.000,-1,300.000,300.000,275.000,225.000,-1,-1,-1,325.000,650.000,650.000,-1,-1,2,0,2,0,2,0,0,0,1,2,2,2,1,0,0,2,2
10,-516.208,-4507.033,-185.147,-133.970,-0.694576,0.718507,0.036205,-0.719378,-0.693121,-0.045587,-0.007660,-0.057709,0.998304,0,0.77126,-1.00000,46.276,-2.000,-1,350.000,-1,375.000,-1,300.000,300.000,275.000,250.000,-1,-1,-1,325.000,650.000,650.000,-1,-1,2,0,2,0,2,0,0,0,1,2,2,2,1,0,0,2,2
11,-549.404,-4539.121,-185.225,-135.970,-0.719080,0.693967,0.036518,-0.694921,-0.717864,-0.041900,-0.002862,-0.055507,0.998454,0,0.76949,-1.00000,46.169,-2.000,-1,375.000,-1,375.000,-1,300.000,300.000,275.000,250.000,-1,-1,-1,325.000,675.000,650.000,-1,-1,2,0,2,0,2,0,0,0,1,2,2,2,1,0,0,2,2
12,-583.640,-4569.975,-185.643,-137.970,-0.742672,0.668618,0.037255,-0.669647,-0.741787,-0.036390,0.003305,-0.051974,0.998643,0,0.76811,-1.00000,46.086,-2.000,-1,375.000,-1,375.000,-1,300.000,300.000,300.000,275.000,-1,-1,-1,300.000,675.000,650.000,-1,-1,2,0,2,0,2,0,0,0,1,2,2,2,1,0,0,2,2
13,-618.884,-4599.576,-186.161,-139.970,-0.765291,0.642451,0.039830,-0.643578,-0.764822,-0.029217,0.011693,-0.047994,0.998779,0,0.76708,-1.00000,46.025,-2.000,-1,375.000,-1,375.000,-1,300.000,300.000,300.000,275.000,-1,-1,-1,300.000,725.000,650.000,-1,-1,2,0,2,0,2,0,0,0,1,2,2,2,1,0,0,2,2
14,-651.253,-4625.107,-187.001,-141.730,-0.784393,0.618799,0.042596,-0.619930,-0.784372,-0.021144,0.020327,-0.042991,0.998869,0,0.68708,-0.88000,41.225,-1.760,-1,400.000,-1,375.000,-1,325.000,300.000,300.000,300.000,-1,775.000,-1,275.000,775.000,675.000,-1,-1,2,0,2,0,2,0,0,0,1,2,0,2,1,0,0,2,2
15,-681.753,-4647.879,-188.096,-143.250,-0.800258,0.597915,0.045655,-0.598944,-0.800697,-0.012295,0.029204,-0.037184,0.998882,0,0.63438,-0.76000,38.063,-1.520,-1,400.000,-1,375.000,-1,325.000,300.000,300.000,300.000,-1,400.000,600.000,275.000,825.000,675.000,-1,-1,2,0,2,0,2,0,0,0,1,2,0,0,1,0,0,2,2
16,-712.713,-4669.938,-187.354,-144.530,-0.813263,0.579857,0.048664,-0.580985,-0.813823,-0.012180,0.032541,-0.038179,0.998741,0,0.63357,-0.64000,38.014,-1.280,-1,400.000,-1,375.000,-1,325.000,300.000,300.000,300.000,-1,375.000,525.000,275.000,850.000,700.000,-1,-1,2,0,2,0,2,0,0,0,0,2,0,0,1,0,0,2,2
17,-743.975,-4691.369,-186.282,-145.570,-0.823521,0.564940,0.051542,-0.566221,-0.824140,-0.013685,0.034747,-0.040454,0.998577,0,0.63171,-0.52000,37.903,-1.040,-1,400.000,-1,375.000,-1,325.000,325.000,300.000,300.000,-1,350.000,500.000,300.000,850.000,700.000,-1,-1,2,0,2,0,2,0,0,0,0,2,0,0,1,0,0,2,2
18,-775.401,-4712.259,-184.862,-146.386,-0.831439,0.553118,0.052632,-0.554471,-0.832073,-0.014705,0.035660,-0.041409,0.998506,0,0.62892,-0.40822,37.735,-0.816,-1,400.000,-1,375.000,-1,325.000,325.000,300.000,300.000,-1,375.000,500.000,300.000,850.000,700.000,-1,-1,2,0,2,0,2,0,0,0,0,2,0,0,1,0,0,2,2
19,-806.938,-4732.591,-183.443,-147.191,-0.839077,0.541360,0.053657,-0.542785,-0.839724,-0.015754,0.036528,-0.042343,0.998435,0,0.62538,-0.40222,37.523,-0.804,-1,400.000,-1,375.000,-1,325.000,325.000,300.000,300.000,-1,400.000,525.000,325.000,850.000,700.000,-1,-1,2,0,2,0,2,0,0,0,0,2,0,0,1,0,0,2,2
20,-838.594,-4752.386,-182.031,-147.983,-0.846435,0.529680,0.054649,-0.531179,-0.847092,-0.016840,0.037373,-0.043282,0.998364,0,0.62225,-0.39600,37.335,-0.792,-1,400.000,-1,375.000,-1,325.000,325.000,300.000,300.000,-1,425.000,550.000,350.000,850.000,700.000,-1,-1,2,0,2,0,2,0,0,0,0,2,0,0,1,0,0,2,2
21,-870.375,-4771.662,-180.506,-148.762,-0.853504,0.518102,0.055688,-0.519656,-0.854200,-0.017345,0.038582,-0.043743,0.998298,0,0.61950,-0.38957,37.170,-0.779,-1,400.000,-1,375.000,-1,325.000,325.000,300.000,300.000,-1,450.000,575.000,350.000,875.000,700.000,-1,-1,2,0,2,0,2,0,0,0,0,2,0,0,1,0,0,2,2
22,-902.288,-4790.440,-178.936,-149.528,-0.860293,0.506632,0.056751,-0.508234,-0.861039,-0.017623,0.039937,-0.044004,0.998233,0,0.61712,-0.38295,37.027,-0.766,-1,400.000,-1,375.000,-1,325.000,325.000,300.000,300.000,-1,475.000,575.000,375.000,875.000,700.000,-1,-1,2,0,2,0,2,0,0,0,0,2,0,0,1,0,0,2,2
23,-934.340,-4808.737,-177.385,-150.280,-0.866811,0.495276,0.057796,-0.496930,-0.867604,-0.018006,0.041226,-0.044328,0.998166,0,0.61510,-0.37613,36.906,-0.752,-1,425.000,-1,375.000,-1,325.000,325.000,300.000,300.000,-1,500.000,600.000,400.000,875.000,700.000,-1,-1,2,0,2,0,2,0,0,0,0,2,0,0,1,0,0,2,2
24,-966.536,-4826.570,-175.849,-151.018,-0.873062,0.484048,0.058821,-0.485757,-0.873898,-0.018490,0.042453,-0.044715,0.998097,0,0.61342,-0.36913,36.805,-0.738,-1,425.000,-1,375.000,-1,325.000,325.000,300.000,300.000,-1,500.000,600.000,400.000,875.000,700.000,-1,-1,2,0,2,0,2,0,0,0,0,2,0,0,1,0,0,2,2
25,-998.884,-4843.957,-174.336,-151.742,-0.879049,0.472959,0.059854,-0.474729,-0.879925,-0.019083,0.043642,-0.045189,0.998025,0,0.61207,-0.36194,36.724,-0.724,-1,425.000,-1,375.000,-1,325.000,325.000,300.000,300.000,-1,525.000,625.000,425.000,875.000,700.000,-1,-1,2,0,2,0,2,0,0,0,0,2,0,0,1,0,0,2,2
26,-1031.389,-4860.913,-172.845,-152.451,-0.884776,0.462020,0.060905,-0.463858,-0.885688,-0.019786,0.044801,-0.045757,0.997947,0,0.61103,-0.35458,36.662,-0.709,-1,425.000,-1,375.000,-1,325.000,325.000,300.000,300.000,-1,550.000,650.000,450.000,875.000,700.000,-1,-1,2,0,2,0,2,0,0,0,0,2,0,0,1,0,0,2,2
27,-1064.058,-4877.455,-171.370,-153.145,-0.890249,0.451243,0.061941,-0.453155,-0.891194,-0.020582,0.045914,-0.046392,0.997868,0,0.61029,-0.34704,36.618,-0.694,-1,425.000,-1,375.000,-1,325.000,325.000,300.000,300.000,-1,550.000,650.000,450.000,875.000,700.000,-1,-1,2,0,2,0,2,0,0,0,0,2,0,0,1,0,0,2,2
28,-1096.896,-4893.596,-169.910,-153.824,-0.895473,0.440641,0.062962,-0.442630,-0.896447,-0.021468,0.046982,-0.047093,0.997785,0,0.60985,-0.33934,36.591,-0.679,-1,425.000,-1,375.000,-1,325.000,325.000,300.000,300.000,-1,575.000,675.000,475.000,875.000,700.000,-1,-1,2,0,2,0,2,0,0,0,0,2,0,0,1,0,0,2,2
29,-1129.910,-4909.353,-168.462,-154.487,-0.900453,0.430224,0.063965,-0.432296,-0.901453,-0.022439,0.048008,-0.047857,0.997700,0,0.60968,-0.33146,36.581,-0.663,-1,425.000,-1,375.000,-1,325.000,325.000,300.000,300.000,-1,575.000,700.000,500.000,875.000,700.000,-1,-1,2,0,2,0,2,0,0,0,0,2,0,0,1,0,0,2,2
30,-1163.105,-4924.738,-167.027,-155.134,-0.905195,0.420004,0.064950,-0.422163,-0.906216,-0.023492,0.048992,-0.048684,0.997612,0,0.60979,-0.32341,36.587,-0.647,-1,425.000,-1,375.000,-1,325.000,325.000,300.000,300.000,-1,600.000,700.000,500.000,875.000,700.000,-1,-1,2,0,2,0,2,0,0,0,0,2,0,0,1,0,0,2,2
31,-1196.488,-4939.767,-165.378,-155.764,-0.909732,0.409973,0.065650,-0.412262,-0.910704,-0.025647,0.049274,-0.050397,0.997513,0,0.61016,-0.31520,36.610,-0.630,-1,425.000,-1,375.000,-1,325.000,325.000,300.000,300.000,-1,625.000,725.000,525.000,875.000,700.000,-1,-1,2,0,2,0,2,0,0,0,0,2,0,0,1,0,0,2,2
32,-1230.064,-4954.453,-163.655,-156.378,-0.914054,0.400153,0.066206,-0.402589,-0.914945,-0.028251,0.049270,-0.052477,0.997406,0,0.61078,-0.30682,36.647,-0.614,-1,425.000,-1,375.000,-1,325.000,325.000,300.000,300.000,-1,650.000,775.000,550.000,850.000,700.000,-1,-1,2,0,2,0,2,0,0,0,0,2,0,0,1,0,0,2,2
33,-1268.145,-4970.814,-161.635,-156.751,-0.916604,0.394114,0.067171,-0.396755,-0.917385,-0.031464,0.049221,-0.055490,0.997245,0,0.69078,-0.18682,41.447,-0.374,-1,425.000,-1,375.000,-1,325.000,325.000,300.000,300.000,-1,700.000,825.000,575.000,850.000,700.000,-1,-1,2,0,2,0,2,0,0,0,0,2,0,0,1,0,0,2,2
34,-1309.303,-4988.385,-159.436,-156.885,-0.917466,0.391888,0.068411,-0.394780,-0.918105,-0.035116,0.049047,-0.059225,0.997039,0,0.74586,-0.06682,44.752,-0.134,-1,425.000,-1,375.000,-1,325.000,325.000,300.000,300.000,-1,750.000,875.000,575.000,850.000,700.000,-1,-1,2,0,2,0,2,0,0,0,0,2,0,0,1,0,0,2,2
35,-1350.429,-5006.032,-157.293,-156.779,-0.916686,0.393496,0.069619,-0.396643,-0.917153,-0.038801,0.048583,-0.063182,0.996819,0,0.74587,0.05318,44.752,0.106,-1,425.000,-1,375.000,-1,325.000,325.000,300.000,300.000,-1,800.000,925.000,600.000,825.000,725.000,-1,-1,2,0,2,0,2,0,0,0,0,2,0,0,1,0,0,2,2
36,-1393.724,-5024.798,-155.125,-156.569,-0.915229,0.396743,0.070359,-0.400116,-0.915481,-0.042450,0.047571,-0.067003,0.996618,0,0.78646,0.10459,47.187,0.209,-1,425.000,-1,375.000,-1,325.000,325.000,275.000,300.000,-1,850.000,1000.000,625.000,825.000,725.000,-1,-1,2,0,2,0,2,0,0,0,0,2,0,0,1,0,0,2,2
37,-1436.785,-5043.666,-152.944,-156.341,-0.913705,0.400304,0.069994,-0.403798,-0.913713,-0.045564,0.045714,-0.069896,0.996506,0,0.78356,0.11404,47.014,0.228,-1,425.000,-1,375.000,-1,325.000,325.000,275.000,300.000,-1,925.000,-1,650.000,800.000,725.000,-1,-1,2,0,2,0,2,0,0,0,0,2,0,2,1,0,0,2,2
38,-1479.643,-5062.666,-150.653,-156.093,-0.911995,0.404193,0.069944,-0.407780,-0.911833,-0.047702,0.044496,-0.072025,0.996410,0,0.78135,0.12398,46.881,0.248,-1,400.000,-1,375.000,-1,325.000,325.000,300.000,300.000,-1,1000.000,-1,675.000,800.000,725.000,-1,-1,2,0,2,0,2,0,0,0,0,2,0,2,1,0,0,2,2
39,-1522.327,-5081.829,-148.346,-155.825,-0.910103,0.408414,0.070071,-0.412082,-0.909809,-0.049348,0.043597,-0.073787,0.996321,0,0.77982,0.13441,46.789,0.269,-1,400.000,-1,375.000,-1,325.000,325.000,300.000,300.000,-1,-1,-1,700.000,800.000,725.000,-1,-1,2,0,2,0,2,0,0,0,0,2,2,2,1,0,0,2,2
40,-1564.868,-5101.187,-146.125,-155.534,-0.908033,0.412968,0.070237,-0.416719,-0.907603,-0.051017,0.042679,-0.075595,0.996225,0,0.77897,0.14532,46.738,0.291,-1,425.000,-1,375.000,-1,325.000,325.000,300.000,300.000,-1,-1,-1,700.000,800.000,725.000,-1,-1,2,0,2,0,2,0,0,0,0,2,2,2,1,0,0,2,2
41,-1607.293,-5120.774,-143.990,-155.221,-0.905773,0.417867,0.070443,-0.421702,-0.905201,-0.052710,0.041739,-0.077450,0.996122,0,0.77881,0.15670,46.728,0.313,-1,400.000,-1,375.000,-1,325.000,325.000,300.000,300.000,-1,-1,-1,725.000,800.000,750.000,-1,-1,2,0,2,0,2,0,0,0,0,2,2,2,1,0,0,2,2
42,-1649.630,-5140.623,-141.941,-154.884,-0.903312,0.423121,0.070687,-0.427043,-0.902592,-0.054427,0.040772,-0.079351,0.996013,0,0.77933,0.16853,46.760,0.337,-1,400.000,-1,375.000,-1,325.000,325.000,300.000,300.000,-1,-1,-1,750.000,775.000,750.000,-1,-1,2,0,2,0,2,0,0,0,0,2,2,2,1,0,0,2,2
43,-1691.907,-5160.770,-139.980,-154.522,-0.900635,0.428742,0.070970,-0.432752,-0.899761,-0.056166,0.039775,-0.081298,0.995896,0,0.78053,0.18082,46.832,0.362,-1,400.000,-1,375.000,-1,325.000,325.000,300.000,300.000,-1,-1,-1,775.000,775.000,750.000,-1,-1,2,0,2,0,2,0,0,0,0,2,2,2,1,0,0,2,2
44,-1734.148,-5181.252,-138.107,-154.135,-0.897730,0.434740,0.071293,-0.438840,-0.896696,-0.057929,0.038744,-0.083291,0.995772,0,0.78242,0.19356,46.945,0.387,-1,400.000,-1,400.000,-1,325.000,325.000,300.000,300.000,-1,-1,-1,800.000,775.000,750.000,-1,-1,2,0,2,0,2,0,0,0,0,2,2,2,1,0,0,2,2
45,-1776.379,-5202.106,-136.186,-153.721,-0.894558,0.441145,0.071812,-0.445323,-0.893424,-0.059001,0.038131,-0.084759,0.995672,0,0.78499,0.20675,47.099,0.414,-1,400.000,-1,400.000,-1,325.000,325.000,300.000,300.000,-1,-1,-1,800.000,775.000,775.000,-1,-1,2,0,2,0,2,0,0,0,0,2,2,2,1,0,0,2,2
46,-1818.622,-5223.372,-134.242,-153.280,-0.891112,0.447961,0.072463,-0.452209,-0.889917,-0.059623,0.037777,-0.085899,0.995587,0,0.78824,0.22039,47.294,0.441,-1,400.000,-1,400.000,-1,325.000,325.000,300.000,300.000,-1,-1,-1,825.000,775.000,775.000,-1,-1,2,0,2,0,2,0,0,0,0,2,2,2,1,0,0,2,2
47,-1860.899,-5245.091,-132.231,-152.812,-0.887415,0.455158,0.072976,-0.459494,-0.886081,-0.061039,0.036880,-0.087699,0.995464,0,0.79217,0.23447,47.530,0.469,-1,400.000,-1,400.000,-1,325.000,325.000,300.000,300.000,-1,-1,-1,850.000,750.000,800.000,-1,-1,2,0,2,0,2,0,0,0,0,2,2,2,1,0,0,2,2
48,-1903.232,-5267.305,-130.341,-152.314,-0.883430,0.462769,0.073465,-0.467187,-0.881951,-0.062443,0.035896,-0.089486,0.995341,0,0.79679,0.24901,47.808,0.498,-1,400.000,-1,400.000,-1,325.000,325.000,275.000,300.000,-1,-1,-1,875.000,750.000,800.000,-1,-1,2,0,2,0,2,0,0,0,0,2,2,2,1,0,0,2,2
49,-1945.638,-5290.059,-128.634,-151.786,-0.879142,0.470809,0.073804,-0.475287,-0.877524,-0.063664,0.034792,-0.091048,0.995239,0,0.80209,0.26399,48.126,0.528,-1,400.000,-1,400.000,-1,325.000,325.000,275.000,300.000,-1,-1,-1,900.000,750.000,825.000,-1,-1,2,0,2,0,2,0,0,0,0,2,2,2,1,0,0,2,2
50,-1988.135,-5313.398,-127.163,-151.227,-0.874502,0.479295,0.074317,-0.483827,-0.872796,-0.064328,0.034032,-0.092211,0.995158,0,0.80808,0.27944,48.485,0.559,-1,400.000,-1,400.000,-1,325.000,325.000,275.000,275.000,-1,-1,-1,900.000,750.000,825.000,-1,-1,2,0,2,0,2,0,0,0,0,2,2,2,1,0,0,2,2
51,-2030.738,-5337.370,-125.803,-150.636,-0.869506,0.488211,0.074889,-0.492802,-0.867709,-0.065023,0.033237,-0.093443,0.995070,0,0.81475,0.29535,48.885,0.591,-1,400.000,-1,400.000,-1,325.000,350.000,275.000,275.000,-1,-1,-1,925.000,750.000,850.000,-1,-1,2,0,2,0,2,0,0,0,0,2,2,2,1,0,0,2,2
52,-2073.461,-5362.025,-124.395,-150.013,-0.864184,0.497594,0.074740,-0.502164,-0.862293,-0.065442,0.031884,-0.094086,0.995053,0,0.82210,0.31172,49.326,0.623,-1,400.000,-1,425.000,-1,325.000,325.000,275.000,275.000,-1,-1,-1,950.000,725.000,825.000,-1,-1,2,0,2,0,2,0,0,0,0,2,2,2,1,0,1,2,2
53,-2119.966,-5389.716,-122.832,-149.229,-0.857404,0.509331,0.073760,-0.513788,-0.855405,-0.065602,0.029682,-0.094145,0.995116,0,0.90210,0.39161,54.126,0.783,-1,400.000,-1,425.000,-1,325.000,325.000,275.000,275.000,-1,-1,-1,975.000,725.000,775.000,-1,-1,2,0,2,0,2,0,0,0,0,2,2,2,1,0,1,2,2
54,-2167.884,-5419.170,-121.351,-148.423,-0.850252,0.521325,0.072747,-0.525660,-0.848154,-0.065700,0.027449,-0.094102,0.995184,0,0.93745,0.40329,56.247,0.807,-1,375.000,-1,425.000,-1,325.000,325.000,275.000,275.000,-1,-1,-1,-1,725.000,725.000,-1,-1,2,0,2,0,2,0,0,0,0,2,2,2,2,0,1,2,2
55,-2216.133,-5449.799,-119.904,-147.592,-0.842691,0.533593,0.071772,-0.537793,-0.840550,-0.065231,0.025521,-0.093568,0.995286,0,0.95251,0.41534,57.151,0.831,-1,375.000,975.000,400.000,-1,325.000,325.000,275.000,275.000,-1,-1,-1,-1,725.000,700.000,-1,-1,2,0,1,0,2,0,0,0,0,2,2,2,2,0,1,2,2
56,-2264.576,-5481.565,-118.585,-146.746,-0.834799,0.545986,0.070774,-0.550046,-0.832631,-0.064614,0.023650,-0.092869,0.995397,0,0.96551,0.42317,57.931,0.846,-1,375.000,900.000,400.000,-1,325.000,325.000,275.000,275.000,-1,-1,-1,-1,700.000,650.000,-1,1000.000,2,0,1,0,2,0,0,0,0,2,2,2,2,0,1,2,1
57,-2308.696,-5511.167,-117.491,-146.139,-0.829037,0.554809,0.069896,-0.558749,-0.826869,-0.063937,0.022322,-0.092060,0.995503,0,0.88551,0.30317,53.131,0.606,-1,375.000,850.000,400.000,-1,325.000,325.000,275.000,275.000,-1,-1,-1,-1,700.000,600.000,1000.000,900.000,2,0,1,1,2,0,0,0,0,2,2,2,2,0,1,1,1
58,-2352.108,-5540.698,-116.402,-145.773,-0.825541,0.560153,0.068633,-0.563943,-0.823405,-0.063023,0.021210,-0.090734,0.995649,0,0.87508,0.18317,52.505,0.366,-1,375.000,800.000,375.000,-1,325.000,325.000,275.000,275.000,-1,-1,-1,-1,675.000,575.000,925.000,800.000,2,0,1,1,2,0,0,0,0,2,2,2,2,1,1,1,1
59,-2395.790,-5570.553,-115.152,-145.647,-0.824411,0.562086,0.066372,-0.565641,-0.822342,-0.061678,0.019912,-0.088391,0.995887,0,0.88183,0.06317,52.910,0.126,-1,375.000,750.000,375.000,-1,300.000,325.000,275.000,275.000,-1,-1,-1,-1,625.000,525.000,875.000,725.000,2,0,1,1,2,0,0,0,0,2,2,2,2,1,1,1,1
60,-2439.870,-5600.552,-113.887,-145.760,-0.825590,0.560567,0.064536,-0.563936,-0.823622,-0.060193,0.019411,-0.086089,0.996098,0,0.88866,-0.05683,53.319,-0.114,-1,375.000,700.000,350.000,-1,300.000,300.000,275.000,275.000,-1,-1,-1,-1,575.000,500.000,800.000,650.000,2,0,1,1,2,0,1,0,0,2,2,2,2,1,1,1,1
61,-2484.478,-5630.510,-112.368,-146.114,-0.829007,0.555540,0.064213,-0.558866,-0.827166,-0.058869,0.020411,-0.084689,0.996198,0,0.89556,-0.17683,53.734,-0.354,-1,375.000,650.000,325.000,-1,300.000,300.000,300.000,275.000,-1,-1,-1,-1,550.000,475.000,750.000,600.000,2,0,1,1,2,0,1,0,0,2,2,2,2,1,1,1,1
62,-2529.747,-5660.234,-110.846,-146.708,-0.834676,0.547007,0.064026,-0.550307,-0.832981,-0.057494,0.021882,-0.083223,0.996291,0,0.90258,-0.29683,54.155,-0.594,900.000,375.000,575.000,300.000,-1,300.000,275.000,300.000,275.000,-1,-1,-1,-1,500.000,425.000,675.000,550.000,1,1,1,1,2,1,1,0,0,2,2,2,2,1,1,1,1
63,-2575.803,-5689.528,-108.937,-147.541,-0.842399,0.534837,0.065674,-0.538277,-0.840862,-0.056654,0.024922,-0.083076,0.996232,0,0.90970,-0.41683,54.582,-0.834,800.000,325.000,525.000,300.000,-1,275.000,250.000,300.000,300.000,-1,-1,-1,-1,450.000,400.000,600.000,500.000,1,1,1,1,2,1,1,0,0,2,2,2,2,1,1,1,1
64,-2622.770,-5718.181,-106.511,-148.615,-0.851981,0.518916,0.069668,-0.522720,-0.850620,-0.056651,0.029864,-0.084682,0.995960,0,0.91694,-0.53683,55.017,-1.074,700.000,300.000,500.000,275.000,-1,250.000,250.000,300.000,300.000,-1,-1,-1,-1,400.000,375.000,525.000,475.000,1,1,1,1,2,1,1,0,0,2,2,2,2,1,1,1,1
65,-2670.703,-5746.076,-103.721,-149.803,-0.862145,0.501038,0.075282,-0.505377,-0.860987,-0.057406,0.036054,-0.087539,0.995508,0,0.92429,-0.59424,55.458,-1.188,575.000,275.000,450.000,250.000,-1,225.000,225.000,300.000,300.000,-1,-1,-1,-1,350.000,350.000,450.000,450.000,1,1,1,1,2,1,1,0,0,2,2,2,2,1,1,1,1
66,-2719.591,-5773.192,-100.527,-150.987,-0.871765,0.482966,0.082277,-0.488018,-0.870840,-0.058955,0.043177,-0.091548,0.994864,0,0.93171,-0.59196,55.903,-1.184,475.000,250.000,400.000,250.000,-1,200.000,200.000,275.000,325.000,-1,975.000,-1,-1,300.000,325.000,375.000,425.000,1,1,1,1,2,1,1,0,0,2,0,2,2,1,1,1,1
67,-2769.421,-5799.506,-96.826,-152.166,-0.880855,0.464746,0.090029,-0.470649,-0.880200,-0.061134,0.050832,-0.096222,0.994061,0,0.93916,-0.58930,56.350,-1.179,375.000,200.000,375.000,225.000,-1,175.000,200.000,275.000,350.000,-1,650.000,650.000,-1,275.000,300.000,300.000,400.000,1,1,1,1,2,1,1,0,0,2,0,0,2,1,1,1,1
68,-2820.189,-5824.981,-88.979,-153.338,-0.888563,0.447034,0.103032,-0.453127,-0.890311,-0.044972,0.071627,-0.086647,0.993661,0,0.94662,-0.58619,56.797,-1.172,350.000,200.000,350.000,225.000,-1,175.000,175.000,300.000,350.000,-1,375.000,350.000,-1,250.000,300.000,275.000,425.000,1,1,1,1,2,1,1,0,0,2,0,0,2,1,1,1,1
69,-2871.874,-5849.608,-78.288,-154.504,-0.894979,0.429460,0.120732,-0.434461,-0.900524,-0.017348,0.101272,-0.067980,0.992533,0,0.95408,-0.58259,57.245,-1.165,375.000,200.000,375.000,225.000,-1,175.000,200.000,350.000,350.000,-1,225.000,225.000,1000.000,250.000,325.000,275.000,550.000,1,1,1,1,2,1,1,0,0,2,0,0,0,1,1,1,1
70,2295.544,9511.267,461.849,69.241,0.383569,-0.923391,0.014939,0.857287,0.350001,-0.377568,0.343415,0.157630,0.925861,1,0.00000,0.00000,57.690,-1.157,-1,150.000,375.000,250.000,600.000,150.000,200.000,-1,500.000,750.000,75.000,50.000,300.000,200.000,325.000,225.000,425.000,2,1,1,1,1,1,1,2,0,0,0,0,0,1,1,1,1
71,1637.865,6235.736,217.471,114.120,-0.407969,-0.912516,0.029579,0.912544,-0.408572,-0.018227,0.028718,0.019556,0.999396,1,0.08000,0.12000,4.800,0.240,475.000,350.000,600.000,375.000,575.000,300.000,300.000,325.000,325.000,-1,-1,-1,-1,575.000,525.000,575.000,925.000,1,0,1,1,1,0,0,0,0,2,2,2,2,1,1,1,1
72,1633.869,6244.465,217.754,114.600,-0.415581,-0.909062,0.029988,0.909083,-0.416203,-0.018556,0.029349,0.019550,0.999378,0,0.16000,0.24000,9.600,0.480,475.000,350.000,575.000,375.000,575.000,300.000,300.000,325.000,325.000,-1,-1,-1,-1,575.000,500.000,550.000,875.000,1,0,1,1,1,0,0,0,0,2,2,2,2,1,1,1,1
73,1627.759,6257.504,218.184,115.107,-0.423579,-0.905342,0.030615,0.905354,-0.424229,-0.019077,0.030259,0.019637,0.999349,0,0.24000,0.25349,14.400,0.507,450.000,350.000,575.000,375.000,575.000,300.000,300.000,325.000,325.000,-1,-1,450.000,-1,550.000,500.000,550.000,800.000,1,0,1,1,1,0,0,0,0,2,2,0,2,1,1,1,1
74,1619.459,6274.818,218.769,115.612,-0.431505,-0.901561,0.031471,0.901562,-0.432197,-0.019794,0.031448,0.019832,0.999309,0,0.32000,0.25269,19.200,0.505,450.000,350.000,550.000,350.000,575.000,300.000,300.000,325.000,325.000,-1,-1,425.000,-1,550.000,475.000,525.000,750.000,1,0,1,1,1,0,0,0,0,2,2,0,2,1,1,1,1
75,1608.894,6296.367,219.518,116.116,-0.439359,-0.897721,0.032568,0.897708,-0.440104,-0.020707,0.032922,0.020139,0.999255,0,0.40000,0.25187,24.000,0.504,425.000,350.000,525.000,350.000,600.000,300.000,300.000,325.000,325.000,-1,450.000,400.000,-1,525.000,450.000,500.000,675.000,1,0,1,1,1,0,0,0,0,2,0,0,2,1,1,1,1
76,1595.990,6322.115,220.443,116.618,-0.447135,-0.893823,0.033923,0.893793,-0.447948,-0.021810,0.034690,0.020568,0.999186,0,0.48000,0.25100,28.800,0.502,400.000,350.000,500.000,325.000,625.000,300.000,300.000,325.000,325.000,-1,425.000,400.000,-1,500.000,425.000,475.000,625.000,1,0,1,1,1,0,1,0,0,2,0,0,2,1,1,1,1
77,1580.674,6352.021,221.558,117.118,-0.454830,-0.889868,0.035555,0.889819,-0.455728,-0.023102,0.036761,0.021130,0.999101,0,0.56000,0.25007,33.600,0.500,400.000,350.000,475.000,325.000,650.000,300.000,300.000,325.000,325.000,-1,400.000,375.000,-1,475.000,400.000,450.000,550.000,1,0,1,1,1,0,1,0,0,2,0,0,2,1,1,1,1
78,1562.873,6386.046,222.913,117.616,-0.462438,-0.885862,0.037424,0.885783,-0.463441,-0.024717,0.039239,0.021720,0.998994,0,0.64000,0.24904,38.400,0.498,375.000,350.000,450.000,300.000,725.000,300.000,275.000,325.000,325.000,-1,375.000,350.000,-1,450.000,375.000,425.000,475.000,1,0,1,1,1,0,1,0,0,2,0,0,2,1,1,1,1
79,1542.517,6424.150,224.643,118.112,-0.469976,-0.881814,0.039065,0.881685,-0.471087,-0.026625,0.041881,0.021930,0.998882,0,0.72000,0.24790,43.200,0.496,350.000,350.000,400.000,275.000,825.000,300.000,250.000,325.000,325.000,-1,350.000,325.000,-1,400.000,325.000,400.000,425.000,1,1,1,1,1,1,1,0,0,2,0,0,2,1,1,1,1
80,1519.535,6466.291,226.722,118.605,-0.477435,-0.877726,0.040647,0.877531,-0.478659,-0.028715,0.044660,0.021959,0.998761,0,0.80000,0.24659,48.000,0.493,300.000,325.000,350.000,250.000,825.000,250.000,225.000,325.000,325.000,-1,350.000,325.000,-1,375.000,300.000,350.000,350.000,1,1,1,1,1,1,1,0,0,2,0,0,2,1,1,1,1
81,1493.861,6512.430,230.496,119.096,-0.484848,-0.873685,0.039962,0.873061,-0.486198,-0.037089,0.051834,0.016907,0.998513,0,0.88000,0.24509,52.800,0.490,275.000,275.000,300.000,225.000,650.000,225.000,200.000,325.000,325.000,-1,300.000,300.000,-1,325.000,250.000,325.000,300.000,1,1,1,1,1,1,1,1,0,2,0,0,2,1,1,1,1
82,1466.457,6560.711,236.548,119.582,-0.492376,-0.869640,0.035949,0.867936,-0.493668,-0.054580,0.065212,0.004328,0.997862,0,0.92525,0.24334,55.515,0.487,250.000,250.000,275.000,200.000,475.000,200.000,175.000,300.000,375.000,-1,225.000,250.000,-1,275.000,225.000,275.000,250.000,1,1,1,1,1,1,1,1,1,2,0,0,2,1,1,1,1
83,1438.430,6609.134,244.103,120.065,-0.500217,-0.865382,0.029937,0.861951,-0.500936,-0.078124,0.082604,-0.013275,0.996494,0,0.93243,0.24132,55.946,0.483,200.000,200.000,225.000,175.000,375.000,175.000,150.000,275.000,375.000,-1,150.000,225.000,-1,250.000,200.000,250.000,225.000,1,1,1,1,1,1,1,1,1,2,0,0,2,1,1,1,1
84,1409.777,6657.693,253.271,120.543,-0.508640,-0.860695,0.022109,0.854693,-0.507858,-0.107609,0.103847,-0.035838,0.993947,0,0.93962,0.23902,56.377,0.478,175.000,175.000,200.000,150.000,325.000,150.000,125.000,250.000,375.000,-1,100.000,200.000,-1,200.000,175.000,200.000,200.000,1,1,1,1,1,1,1,1,1,2,0,0,2,1,1,1,1
85,-7543.220,-7543.220,64.531,-63.381,0.448073,0.893991,0.003176,-0.893991,0.448054,0.005349,0.003359,-0.005236,0.999981,1,0.00000,0.00000,51.577,0.238,525.000,375.000,725.000,375.000,-1,325.000,300.000,300.000,300.000,-1,425.000,475.000,-1,625.000,550.000,600.000,825.000,1,0,1,1,2,0,0,0,0,2,0,0,2,1,1,1,1
86,-7541.088,-7547.520,64.543,-63.621,0.444325,0.895860,0.003057,-0.895858,0.444305,0.005597,0.003656,-0.005225,0.999980,0,0.08000,-0.12000,4.800,-0.240,525.000,375.000,725.000,375.000,-1,325.000,300.000,300.000,300.000,-1,425.000,475.000,-1,625.000,550.000,600.000,825.000,1,0,1,1,2,0,0,0,0,2,0,0,2,1,1,1,1
87,-7536.894,-7556.156,64.568,-64.101,0.436806,0.899551,0.002824,-0.899546,0.436784,0.006094,0.004248,-0.005203,0.999977,0,0.16000,-0.24000,9.600,-0.480,525.000,375.000,700.000,375.000,-1,325.000,300.000,300.000,300.000,-1,425.000,475.000,-1,625.000,550.000,600.000,825.000,1,0,1,1,2,0,0,0,0,2,0,0,2,1,1,1,1
88,-7530.768,-7569.188,64.608,-64.821,0.425470,0.904969,0.002490,-0.904958,0.425446,0.006842,0.005132,-0.005164,0.999973,0,0.24000,-0.36000,14.400,-0.720,525.000,375.000,700.000,375.000,-1,325.000,325.000,300.000,300.000,-1,425.000,450.000,-1,600.000,550.000,600.000,850.000,1,0,1,1,2,0,0,0,0,2,0,0,2,1,1,1,1
89,-7522.891,-7586.698,64.666,-65.781,0.410251,0.911970,0.002069,-0.911951,0.410224,0.007842,0.006303,-0.005104,0.999967,0,0.32000,-0.48000,19.200,-0.960,500.000,375.000,675.000,375.000,-1,325.000,325.000,300.000,300.000,-1,400.000,425.000,-1,575.000,525.000,600.000,875.000,1,0,1,1,2,0,0,0,0,2,0,0,2,1,1,1,1
90,-7513.506,-7608.787,64.745,-66.981,0.391065,0.920362,0.001585,-0.920331,0.391036,0.009097,0.007753,-0.005016,0.999957,0,0.40000,-0.60000,24.000,-1.200,500.000,375.000,675.000,350.000,-1,325.000,325.000,300.000,300.000,-1,400.000,400.000,-1,550.000,525.000,600.000,925.000,1,0,1,1,2,0,1,0,0,2,0,0,2,1,1,1,1
91,-7502.914,-7635.569,64.850,-68.421,0.367815,0.929898,0.001064,-0.929851,0.367784,0.010609,0.009474,-0.004892,0.999943,0,0.48000,-0.72000,28.800,-1.440,500.000,375.000,650.000,350.000,-1,325.000,300.000,300.000,300.000,-1,375.000,400.000,-1,500.000,525.000,575.000,-1,1,0,1,1,2,0,1,0,0,2,0,0,2,1,1,1,2
92,-7491.440,-7667.149,64.983,-70.033,0.341513,0.939877,0.000521,-0.939807,0.341481,0.012367,0.011445,-0.004713,0.999923,0,0.56000,-0.80594,33.600,-1.612,475.000,375.000,625.000,350.000,-1,325.000,300.000,300.000,300.000,-1,350.000,375.000,-1,475.000,525.000,550.000,-1,1,1,1,1,2,1,1,0,0,2,0,0,2,1,1,1,2
93,-7479.334,-7703.591,65.137,-71.624,0.315286,0.948997,-0.000076,-0.948899,0.315254,0.014332,0.013625,-0.004446,0.999897,0,0.64000,-0.79552,38.400,-1.591,475.000,350.000,600.000,350.000,-1,300.000,275.000,300.000,275.000,-1,350.000,350.000,-1,425.000,525.000,500.000,-1,1,1,1,1,2,1,1,0,0,2,0,0,2,1,1,1,2
94,-7466.842,-7744.945,65.314,-73.191,0.289204,0.957267,-0.000716,-0.957134,0.289176,0.016501,0.016003,-0.004087,0.999864,0,0.72000,-0.78379,43.200,-1.568,450.000,325.000,575.000,325.000,-1,275.000,275.000,300.000,275.000,-1,325.000,325.000,-1,400.000,525.000,450.000,-1,1,1,1,1,2,1,1,0,0,2,0,0,2,1,1,1,2
95,-7454.202,-7791.251,65.568,-74.732,0.263355,0.964698,-0.001180,-0.964523,0.263330,0.018783,0.018431,-0.003808,0.999823,0,0.80000,-0.77046,48.000,-1.541,425.000,275.000,550.000,325.000,-1,250.000,250.000,300.000,275.000,-1,325.000,325.000,-1,350.000,550.000,400.000,-1,1,1,1,1,2,1,1,0,0,2,0,0,2,1,1,1,2
96,-7441.646,-7842.536,66.475,-76.243,0.237876,0.971295,0.000800,-0.971090,0.237809,0.020777,0.019991,-0.005719,0.999784,0,0.88000,-0.75519,52.800,-1.510,375.000,250.000,500.000,325.000,-1,225.000,250.000,300.000,275.000,-1,350.000,350.000,-1,325.000,550.000,325.000,-1,1,1,1,1,2,1,1,0,0,2,0,0,2,1,1,1,2
97,-7429.392,-7898.818,67.735,-77.718,0.212866,0.977074,0.003750,-0.976826,0.212721,0.023693,0.022352,-0.008707,0.999712,0,0.96000,-0.73756,57.600,-1.475,275.000,225.000,475.000,325.000,-1,200.000,225.000,300.000,300.000,-1,350.000,375.000,-1,275.000,575.000,250.000,-1,1,1,1,1,2,1,1,1,0,2,0,0,2,1,1,1,2
98,-7418.100,-7957.747,72.176,-79.152,0.188075,0.982129,-0.007142,-0.981602,0.188208,0.032189,0.032958,0.000957,0.999456,0,1.00000,-0.71706,60.000,-1.434,225.000,200.000,475.000,325.000,-1,200.000,225.000,300.000,275.000,-1,350.000,350.000,-1,250.000,750.000,200.000,-1,1,1,1,1,2,1,1,1,0,2,0,0,2,1,0,1,2
99,-7408.228,-8016.932,80.924,-80.539,0.162511,0.986003,-0.037260,-0.985053,0.164309,0.051712,0.057110,0.028299,0.997967,0,1.00000,-0.69366,60.000,-1.387,200.000,200.000,525.000,375.000,-1,200.000,250.000,325.000,275.000,-1,275.000,250.000,900.000,250.000,950.000,200.000,-1,1,1,1,1,2,1,1,1,0,2,0,0,0,1,0,1,2
100,-7399.725,-8076.331,89.693,-81.874,0.136388,0.988421,-0.066502,-0.987318,0.141127,0.072703,0.081247,0.055743,0.995134,0,1.00000,-0.66755,60.000,-1.335,200.000,225.000,-1,425.000,-1,200.000,275.000,350.000,250.000,-1,250.000,150.000,650.000,275.000,-1,175.000,-1,1,1,2,1,2,1,1,1,0,2,0,0,0,1,2,1,2
101,-7392.535,-8135.905,98.429,-83.151,0.109885,0.989430,-0.094628,-0.988374,0.118838,0.094843,0.105086,0.083106,0.990985,0,1.00000,-0.63847,60.000,-1.277,175.000,225.000,-1,550.000,-1,225.000,300.000,375.000,250.000,-1,225.000,100.000,450.000,275.000,-1,175.000,-1,1,1,2,0,2,1,1,1,0,2,0,0,0,1,2,1,2
102,-7386.595,-8195.618,107.083,-84.363,0.083228,0.989101,-0.121459,-0.988227,0.097620,0.117801,0.128374,0.110224,0.985581,0,1.00000,-0.60613,60.000,-1.212,150.000,225.000,-1,650.000,-1,225.000,325.000,400.000,225.000,-1,200.000,50.000,325.000,300.000,-1,150.000,-1,1,1,2,0,2,1,1,1,0,2,0,0,0,1,2,1,2
103,9511.004,5575.701,523.897,4.556,0.994671,-0.077923,-0.067515,0.063080,0.977902,-0.199320,0.081555,0.193999,0.977606,1,0.00000,0.00000,60.000,-1.140,-1,700.000,-1,425.000,-1,425.000,375.000,375.000,150.000,-1,0.000,0.000,-1,-1,-1,-1,-1,2,0,2,0,2,0,0,0,0,2,0,1,2,2,2,2,2
104,9515.791,5576.057,524.393,4.316,0.995057,-0.073849,-0.066397,0.059455,0.978532,-0.197333,0.079544,0.192410,0.978085,0,0.08000,-0.12000,4.800,-0.240,-1,675.000,-1,425.000,-1,425.000,350.000,375.000,150.000,-1,0.000,0.000,-1,-1,-1,-1,-1,2,0,2,0,2,0,0,0,0,2,0,1,2,2,2,2,2
105,9525.372,5576.689,525.364,3.836,0.995776,-0.065690,-0.064148,0.052169,0.979723,-0.193446,0.075554,0.189282,0.979012,0,0.16000,-0.24000,9.600,-0.480,-1,675.000,-1,425.000,-1,400.000,350.000,375.000,150.000,-1,0.000,0.000,-1,-1,-1,-1,-1,2,0,2,0,2,0,0,0,0,2,0,1,2,2,2,2,2
106,9539.753,5577.458,526.770,3.116,0.996723,-0.053421,-0.060742,0.041150,0.981340,-0.187824,0.069643,0.184709,0.980323,0,0.24000,-0.36000,14.400,-0.720,-1,650.000,-1,425.000,-1,400.000,350.000,375.000,150.000,-1,0.000,0.000,-1,-1,-1,-1,-1,2,0,2,0,2,0,0,0,0,2,0,1,2,2,2,2,2
107,9558.943,5578.162,528.556,2.156,0.997736,-0.037012,-0.056150,0.026303,0.983185,-0.180708,0.061894,0.178822,0.981933,0,0.32000,-0.48000,19.200,-0.960,-1,625.000,-1,425.000,-1,400.000,350.000,350.000,175.000,-1,0.000,0.000,-1,-1,-1,-1,-1,2,0,2,0,2,0,0,0,0,2,0,1,2,2,2,2,2
108,9582.943,5578.556,530.654,0.991,0.998588,-0.017037,-0.050313,0.008117,0.984987,-0.172435,0.052496,0.171783,0.983735,0,0.40000,-0.58249,24.000,-1.165,-1,600.000,-1,425.000,-1,400.000,350.000,350.000,175.000,-1,0.000,0.000,-1,-1,1000.000,-1,-1,2,0,2,0,2,0,0,0,0,2,0,1,2,2,0,2,2
109,9611.746,5578.449,532.986,-0.168,0.999068,0.002897,-0.043061,-0.009907,0.986495,-0.163493,0.042006,0.163767,0.985604,0,0.48000,-0.57959,28.800,-1.159,-1,575.000,-1,425.000,-1,375.000,350.000,350.000,200.000,-1,0.000,0.000,-1,-1,975.000,-1,-1,2,0,2,0,2,0,0,0,0,2,0,1,2,2,0,2,2
110,9645.339,5577.651,535.506,-1.320,0.999147,0.022767,-0.034443,-0.027816,0.987669,-0.154066,0.030511,0.154893,0.987460,0,0.56000,-0.57612,33.600,-1.152,-1,550.000,-1,425.000,-1,375.000,350.000,350.000,200.000,-1,0.000,0.000,-1,-1,925.000,-1,-1,2,0,2,0,2,0,0,0,0,2,0,1,2,2,0,2,2
111,9683.705,5575.976,538.175,-2.465,0.998794,0.042546,-0.024498,-0.045646,0.988481,-0.144296,0.018076,0.145240,0.989231,0,0.64000,-0.57206,38.400,-1.144,-1,525.000,-1,400.000,-1,375.000,350.000,350.000,225.000,-1,0.000,0.000,-1,-1,900.000,-1,-1,2,0,2,0,2,0,0,0,0,2,0,1,2,2,0,2,2
112,9726.821,5573.240,540.974,-3.599,0.997976,0.062208,-0.013231,-0.063423,0.988913,-0.134271,0.004732,0.134838,0.990856,0,0.72000,-0.56742,43.200,-1.135,-1,500.000,-1,400.000,-1,350.000,350.000,350.000,250.000,-1,0.000,0.000,-1,-1,850.000,-1,-1,2,0,2,0,2,0,0,0,0,2,0,1,2,2,0,2,2
113,9774.658,5569.265,543.899,-4.724,0.996655,0.081720,-0.000610,-0.081165,0.988955,-0.124019,-0.009531,0.123653,0.992280,0,0.80000,-0.56217,48.000,-1.124,-1,475.000,-1,400.000,-1,350.000,325.000,325.000,275.000,-1,0.000,-1,-1,-1,825.000,-1,-1,2,0,2,0,2,0,0,0,0,2,0,2,2,2,0,2,2
114,9824.418,5564.155,546.374,-5.836,0.994808,0.101065,0.011986,-0.099093,0.988718,-0.112325,-0.023203,0.110554,0.993599,0,0.83365,-0.55629,50.019,-1.113,-1,450.000,-1,400.000,-1,350.000,325.000,325.000,300.000,-1,-1,-1,-1,-1,800.000,-1,-1,2,0,2,0,2,0,0,0,0,2,2,2,2,2,0,2,2
115,9874.254,5558.074,546.589,-6.937,0.992527,0.120188,0.021081,-0.117473,0.987888,-0.101377,-0.033010,0.098143,0.994625,0,0.83673,-0.55012,50.204,-1.100,-1,450.000,-1,400.000,-1,325.000,325.000,325.000,325.000,-1,-1,-1,-1,-1,775.000,-1,-1,2,0,2,0,2,0,0,0,0,2,2,2,2,2,0,2,2
116,9924.160,5551.034,544.107,-8.024,0.990017,0.138959,0.023587,-0.135982,0.985699,-0.099528,-0.037080,0.095327,0.994755,0,0.83998,-0.54389,50.399,-1.088,-1,425.000,-1,400.000,-1,325.000,325.000,325.000,325.000,-1,-1,-1,-1,1000.000,775.000,-1,-1,2,0,2,0,2,0,0,0,0,2,2,2,2,0,0,2,2
117,9974.128,5543.027,541.567,-9.100,0.987181,0.157472,0.026010,-0.154256,0.983177,-0.097820,-0.040976,0.092554,0.994864,0,0.84339,-0.53759,50.604,-1.075,-1,425.000,-1,400.000,-1,325.000,325.000,300.000,325.000,-1,-1,-1,-1,950.000,750.000,-1,-1,2,0,2,0,2,0,0,0,0,2,2,2,2,0,0,2,2
118,10024.148,5534.058,538.975,-10.162,0.984032,0.175719,0.028342,-0.172286,0.980333,-0.096250,-0.044698,0.089830,0.994954,0,0.84695,-0.53123,50.817,-1.062,-1,425.000,-1,400.000,-1,325.000,325.000,300.000,325.000,-1,-1,-1,-1,925.000,750.000,-1,-1,2,0,2,0,2,0,0,0,0,2,2,2,2,0,0,2,2
119,10074.212,5524.131,536.339,-11.212,0.980586,0.193694,0.030575,-0.190065,0.977182,-0.094816,-0.048243,0.087164,0.995025,0,0.85063,-0.52481,51.038,-1.050,-1,425.000,-1,375.000,-1,325.000,325.000,300.000,325.000,-1,-1,-1,-1,900.000,725.000,-1,-1,2,0,2,0,2,0,0,0,0,2,2,2,2,0,0,2,2
120,10124.312,5513.251,533.666,-12.248,0.976855,0.211389,0.032702,-0.207584,0.973737,-0.093513,-0.051611,0.084560,0.995081,0,0.85443,-0.51833,51.266,-1.037,-1,425.000,-1,375.000,-1,325.000,325.000,325.000,300.000,-1,-1,-1,-1,875.000,725.000,-1,-1,2,0,2,0,2,0,0,0,0,2,2,2,2,0,0,2,2
121,10177.820,5500.624,530.779,-13.275,0.972837,0.228851,0.034850,-0.224881,0.970009,-0.092258,-0.054918,0.081914,0.995125,0,0.91628,-0.51328,54.977,-1.027,-1,400.000,-1,375.000,-1,325.000,325.000,325.000,300.000,-1,-1,-1,-1,875.000,700.000,-1,-1,2,0,2,0,2,0,0,0,0,2,2,2,2,0,0,2,2
122,10230.999,5487.069,527.890,-14.297,0.968525,0.246172,0.036853,-0.242055,0.965972,-0.091143,-0.058036,0.079353,0.995156,0,0.91465,-0.51114,54.879,-1.022,-1,400.000,-1,375.000,-1,325.000,325.000,325.000,300.000,-1,-1,-1,-1,850.000,700.000,-1,-1,2,0,2,0,2,0,0,0,0,2,2,2,2,0,0,2,2
123,10283.846,5472.594,525.007,-15.315,0.963926,0.263340,0.038704,-0.259094,0.961635,-0.090163,-0.060962,0.076882,0.995175,0,0.91320,-0.50883,54.792,-1.018,-1,400.000,-1,375.000,1000.000,325.000,300.000,325.000,300.000,-1,-1,-1,-1,825.000,675.000,-1,-1,2,0,2,0,0,0,0,0,0,2,2,2,2,0,0,2,2
124,10336.354,5457.209,522.136,-16.327,0.959049,0.280346,0.040396,-0.275986,0.957003,-0.089313,-0.063698,0.074506,0.995184,0,0.91192,-0.50635,54.715,-1.013,-1,400.000,-1,375.000,975.000,325.000,300.000,350.000,300.000,-1,-1,-1,-1,825.000,675.000,-1,-1,2,0,2,0,0,0,0,0,0,2,2,2,2,0,0,2,2
125,10388.521,5440.924,519.284,-17.335,0.953901,0.297179,0.041925,-0.292720,0.952086,-0.088586,-0.066242,0.072230,0.995186,0,0.91082,-0.50372,54.649,-1.007,-1,400.000,-1,375.000,925.000,325.000,300.000,350.000,325.000,-1,-1,-1,-1,800.000,650.000,-1,-1,2,0,2,0,0,0,0,0,0,2,2,2,2,0,0,2,2
126,10440.343,5423.745,515.932,-18.337,0.948519,0.313876,0.042351,-0.309567,0.947030,-0.085458,-0.066931,0.067948,0.995441,0,0.90990,-0.50094,54.594,-1.002,-1,400.000,-1,375.000,925.000,325.000,300.000,350.000,325.000,-1,-1,-1,-1,775.000,650.000,-1,-1,2,0,2,0,0,0,0,0,0,2,2,2,2,0,0,2,2
127,10487.395,5407.450,512.778,-19.099,0.944202,0.326531,0.043121,-0.322370,0.943033,-0.082255,-0.067523,0.063764,0.995678,0,0.82990,-0.38094,49.794,-0.762,-1,400.000,-1,375.000,925.000,325.000,300.000,350.000,325.000,-1,-1,-1,-1,775.000,650.000,-1,-1,2,0,2,0,0,0,0,0,0,2,2,2,2,0,0,2,2
128,10529.776,5392.339,509.957,-19.621,0.941132,0.335181,0.043856,-0.331160,0.940228,-0.079397,-0.067847,0.060200,0.995878,0,0.74990,-0.26094,44.994,-0.522,-1,400.000,-1,375.000,925.000,325.000,300.000,350.000,325.000,-1,-1,-1,-1,750.000,650.000,-1,-1,2,0,2,0,0,0,0,0,0,2,2,2,2,0,0,2,2
129,10570.157,5377.617,507.150,-20.029,0.938697,0.341931,0.043935,-0.338056,0.937964,-0.077080,-0.067566,0.057502,0.996056,0,0.71635,-0.20426,42.981,-0.409,-1,400.000,-1,375.000,925.000,325.000,300.000,350.000,325.000,-1,-1,-1,-1,750.000,650.000,-1,-1,2,0,2,0,0,0,0,0,0,2,2,2,2,0,0,2,2
130,10610.395,5362.626,504.209,-20.432,0.936283,0.348562,0.043348,-0.344840,0.935642,-0.075235,-0.066782,0.055493,0.996223,0,0.71567,-0.20157,42.940,-0.403,-1,400.000,-1,375.000,925.000,325.000,300.000,350.000,325.000,-1,-1,-1,-1,725.000,650.000,-1,-1,2,0,2,0,0,0,0,0,0,2,2,2,2,0,0,2,2
131,10650.500,5347.366,501.258,-20.830,0.933854,0.355079,0.042843,-0.351486,0.933291,-0.073655,-0.066138,0.053724,0.996363,0,0.71516,-0.19876,42.910,-0.398,-1,400.000,-1,375.000,925.000,325.000,300.000,325.000,300.000,-1,-1,-1,-1,725.000,625.000,-1,-1,2,0,2,0,0,0,0,0,0,2,2,2,2,0,0,2,2
132,10690.480,5331.841,498.355,-21.221,0.931417,0.361484,0.042338,-0.358018,0.930928,-0.072091,-0.065473,0.051988,0.996499,0,0.71481,-0.19584,42.889,-0.392,-1,400.000,-1,375.000,925.000,325.000,300.000,325.000,300.000,-1,-1,-1,-1,725.000,625.000,-1,-1,2,0,2,0,0,0,0,0,0,2,2,2,2,0,0,2,2
