timestep,x_cm,y_cm,z_cm,yaw_deg,basis_xx,basis_xy,basis_xz,basis_yx,basis_yy,basis_yz,basis_zx,basis_zy,basis_zz,teleport_flag,throttle_cmd,steering_cmd,cmd_move_cm,cmd_turn_deg,lidar_cm_0,lidar_cm_1,lidar_cm_2,lidar_cm_3,lidar_cm_4,lidar_cm_5,lidar_cm_6,lidar_cm_7,lidar_cm_8,lidar_cm_9,lidar_cm_10,lidar_cm_11,lidar_cm_12,lidar_cm_13,lidar_cm_14,lidar_cm_15,lidar_cm_16,lidar_class_0,lidar_class_1,lidar_class_2,lidar_class_3,lidar_class_4,lidar_class_5,lidar_class_6,lidar_class_7,lidar_class_8,lidar_class_9,lidar_class_10,lidar_class_11,lidar_class_12,lidar_class_13,lidar_class_14,lidar_class_15,lidar_class_16
0,986.859,5571.629,79.607,-52.278,0.605576,0.790353,-0.092837,-0.789467,0.611339,0.054837,0.100096,0.040084,0.994170,1,0.08000,-0.12000,4.800,-0.240,-1,425.000,-1,425.000,-1,350.000,350.000,300.000,300.000,-1,1000.000,975.000,-1,925.000,-1,-1,-1,2,0,2,0,2,0,0,0,0,2,0,0,2,0,2,2,2
1,992.669,5563.987,80.505,-52.758,0.598962,0.795424,-0.092442,-0.794601,0.604679,0.054522,0.099266,0.040798,0.994224,0,0.16000,-0.24000,9.600,-0.480,-1,425.000,-1,425.000,-1,350.000,350.000,300.000,300.000,-1,-1,1000.000,-1,925.000,-1,-1,-1,2,0,2,0,2,0,0,0,0,2,2,0,2,0,2,2,2
2,1001.239,5552.415,81.843,-53.478,0.588962,0.802924,-0.091845,-0.802197,0.594609,0.054029,0.097993,0.041857,0.994306,0,0.24000,-0.36000,14.400,-0.720,-1,425.000,-1,425.000,-1,350.000,350.000,300.000,300.000,-1,-1,-1,-1,925.000,-1,-1,-1,2,0,2,0,2,0,0,0,0,2,2,2,2,0,2,2,2
3,1012.406,5536.797,83.610,-54.438,0.575489,0.812726,-0.091045,-0.812127,0.581039,0.053331,0.096244,0.043248,0.994418,0,0.32000,-0.48000,19.200,-0.960,-1,425.000,-1,425.000,-1,350.000,350.000,300.000,300.000,-1,-1,-1,-1,950.000,-1,-1,-1,2,0,2,0,2,0,0,0,0,2,2,2,2,0,2,2,2
4,1026.001,5517.019,85.801,-55.496,0.560468,0.823265,-0.090057,-0.822813,0.565892,0.052393,0.094096,0.044736,0.994558,0,0.40000,-0.52916,24.000,-1.058,-1,425.000,-1,425.000,-1,350.000,350.000,300.000,300.000,-1,-1,-1,-1,950.000,-1,-1,-1,2,0,2,0,2,0,0,0,0,2,2,2,2,0,2,2,2
5,1041.875,5492.988,88.409,-56.555,0.545287,0.833523,-0.088895,-0.833230,0.550553,0.051181,0.091602,0.046162,0.994725,0,0.48000,-0.52916,28.800,-1.058,-1,425.000,-1,425.000,-1,350.000,350.000,300.000,300.000,-1,-1,-1,-1,950.000,-1,-1,-1,2,0,2,0,2,0,0,0,0,2,2,2,2,0,2,2,2
6,1059.872,5464.615,91.418,-57.613,0.529952,0.843495,-0.087560,-0.843372,0.535030,0.049664,0.088738,0.047526,0.994920,0,0.56000,-0.52916,33.600,-1.058,-1,425.000,-1,425.000,-1,350.000,350.000,300.000,300.000,-1,-1,-1,-1,975.000,-1,-1,-1,2,0,2,0,2,0,0,0,0,2,2,2,2,0,2,2,2
7,1079.839,5431.815,94.811,-58.671,0.514470,0.853180,-0.086053,-0.853238,0.519326,0.047806,0.085477,0.048829,0.995143,0,0.64000,-0.52916,38.400,-1.058,-1,425.000,-1,425.000,-1,350.000,350.000,275.000,300.000,-1,-1,-1,-1,975.000,-1,-1,-1,2,0,2,0,2,0,0,0,0,2,2,2,2,0,2,2,2
8,1101.616,5394.505,98.436,-59.730,0.498778,0.862552,-0.085001,-0.862825,0.503436,0.045659,0.082176,0.050568,0.995334,0,0.72000,-0.52916,43.200,-1.058,-1,425.000,-1,425.000,-1,350.000,350.000,275.000,300.000,-1,-1,-1,-1,975.000,-1,-1,-1,2,0,2,0,2,0,0,0,0,2,2,2,2,0,2,2,2
9,1125.044,5352.612,102.360,-60.786,0.482965,0.871600,-0.084007,-0.872108,0.487406,0.043153,0.078558,0.052422,0.995530,0,0.80000,-0.52803,48.000,-1.056,-1,425.000,-1,425.000,-1,350.000,350.000,275.000,300.000,-1,-1,-1,-1,1000.000,-1,-1,-1,2,0,2,0,2,0,0,0,0,2,2,2,2,0,2,2,2
10,1149.763,5306.440,106.415,-61.838,0.467059,0.880294,-0.083289,-0.881104,0.471249,0.039743,0.074236,0.054824,0.995733,0,0.87287,-0.52637,52.372,-1.053,-1,425.000,-1,425.000,-1,350.000,350.000,275.000,300.000,-1,-1,-1,-1,1000.000,-1,-1,-1,2,0,2,0,2,0,0,0,0,2,2,2,2,0,2,2,2
11,1173.706,5259.682,110.137,-62.887,0.451067,0.888604,-0.083192,-0.889812,0.454971,0.035155,0.069089,0.058168,0.995913,0,0.87553,-0.52440,52.532,-1.049,-1,425.000,-1,425.000,-1,350.000,350.000,275.000,275.000,-1,-1,-1,-1,1000.000,1000.000,-1,-1,2,0,2,0,2,0,0,0,0,2,2,2,2,0,0,2,2
12,1196.858,5212.361,113.769,-63.932,0.435005,0.896568,-0.083285,-0.898162,0.438608,0.030472,0.063850,0.061548,0.996060,0,0.87803,-0.52225,52.682,-1.044,-1,425.000,-1,425.000,-1,350.000,350.000,300.000,275.000,-1,-1,-1,-1,1000.000,975.000,-1,-1,2,0,2,0,2,0,0,0,0,2,2,2,2,0,0,2,2
13,1219.206,5164.501,117.239,-64.972,0.418883,0.904201,-0.083409,-0.906137,0.422182,0.026041,0.058760,0.064672,0.996175,0,0.88034,-0.51991,52.820,-1.040,-1,425.000,-1,425.000,-1,350.000,350.000,300.000,275.000,-1,-1,-1,-1,1000.000,975.000,-1,-1,2,0,2,0,2,0,0,0,0,2,2,2,2,0,0,2,2
14,1240.737,5116.129,120.132,-66.006,0.402686,0.911607,-0.082568,-0.913674,0.405752,0.023772,0.055173,0.065868,0.996302,0,0.88245,-0.51739,52.947,-1.035,-1,425.000,-1,425.000,-1,350.000,350.000,300.000,275.000,-1,-1,-1,-1,1000.000,950.000,-1,-1,2,0,2,0,2,0,0,0,0,2,2,2,2,0,0,2,2
15,1261.439,5067.273,122.683,-67.036,0.386539,0.918736,-0.080697,-0.920863,0.389304,0.021299,0.050984,0.066078,0.996511,0,0.88435,-0.51469,53.061,-1.029,1000.000,425.000,-1,425.000,-1,350.000,350.000,300.000,275.000,-1,-1,-1,-1,1000.000,950.000,-1,-1,1,0,2,0,2,0,0,0,0,2,2,2,2,0,0,2,2
16,1281.302,5017.962,125.074,-68.059,0.370364,0.925547,-0.078694,-0.927708,0.372830,0.018831,0.046768,0.066031,0.996721,0,0.88602,-0.51181,53.161,-1.024,975.000,425.000,-1,425.000,-1,350.000,325.000,300.000,275.000,-1,-1,-1,-1,1000.000,950.000,-1,-1,1,0,2,0,2,0,0,0,0,2,2,2,2,0,0,2,2
17,1300.316,4968.226,127.335,-69.077,0.354161,0.932033,-0.076713,-0.934213,0.356339,0.016405,0.042626,0.065856,0.996918,0,0.88744,-0.50876,53.246,-1.018,975.000,425.000,-1,400.000,-1,325.000,325.000,300.000,275.000,-1,-1,-1,-1,1000.000,950.000,-1,-1,1,0,2,0,2,0,0,0,0,2,2,2,2,0,0,2,2
18,1318.473,4918.097,129.469,-70.088,0.337941,0.938194,-0.074747,-0.940377,0.339844,0.014020,0.038556,0.065553,0.997104,0,0.88859,-0.50555,53.316,-1.011,950.000,425.000,-1,400.000,-1,325.000,325.000,300.000,300.000,-1,-1,-1,-1,1000.000,925.000,-1,-1,1,0,2,0,2,0,0,0,0,2,2,2,2,0,0,2,2
19,1335.766,4867.608,131.527,-71.092,0.321732,0.944045,-0.072583,-0.946205,0.323360,0.011596,0.034418,0.064947,0.997295,0,0.88947,-0.50218,53.368,-1.004,950.000,425.000,-1,425.000,-1,325.000,325.000,300.000,300.000,-1,-1,-1,-1,975.000,925.000,-1,-1,1,0,2,0,2,0,0,0,0,2,2,2,2,0,0,2,2
20,1352.187,4816.792,133.475,-72.090,0.305531,0.949577,-0.070384,-0.951699,0.306894,0.009183,0.030320,0.064179,0.997478,0,0.89006,-0.49865,53.403,-0.997,950.000,425.000,-1,425.000,-1,325.000,325.000,300.000,300.000,-1,-1,-1,-1,975.000,925.000,-1,-1,1,0,2,0,2,0,0,0,0,2,2,2,2,0,0,2,2
21,1367.734,4765.683,135.304,-73.080,0.289344,0.954791,-0.068217,-0.956864,0.290458,0.006801,0.026308,0.063307,0.997647,0,0.89034,-0.49500,53.420,-0.990,950.000,425.000,-1,425.000,-1,325.000,325.000,300.000,300.000,-1,-1,-1,-1,975.000,925.000,-1,-1,1,0,2,0,2,0,0,0,0,2,2,2,2,0,0,2,2
22,1382.401,4714.317,137.016,-74.062,0.273182,0.959690,-0.066086,-0.961702,0.274061,0.004450,0.022382,0.062339,0.997804,0,0.89031,-0.49123,53.419,-0.982,950.000,425.000,-1,425.000,-1,325.000,325.000,300.000,300.000,-1,-1,-1,-1,950.000,925.000,-1,-1,1,0,2,0,2,0,0,0,0,2,2,2,2,0,0,2,2
23,1396.187,4662.729,138.526,-75.037,0.257031,0.964257,-0.064375,-0.966220,0.257708,0.002300,0.018808,0.061610,0.997923,0,0.88997,-0.48736,53.398,-0.975,950.000,425.000,-1,425.000,-1,325.000,325.000,300.000,300.000,-1,-1,-1,-1,950.000,950.000,-1,-1,1,0,2,0,2,0,0,0,0,2,2,2,2,0,0,2,2
24,1409.093,4610.953,139.390,-76.004,0.240890,0.968397,-0.064645,-0.970430,0.241383,-0.000195,0.015415,0.062780,0.997908,0,0.88932,-0.48341,53.359,-0.967,950.000,425.000,-1,425.000,-1,325.000,325.000,300.000,300.000,-1,-1,-1,-1,950.000,925.000,-1,-1,1,0,2,0,2,0,0,0,0,2,2,2,2,0,0,2,2
25,1421.118,4559.026,139.959,-76.962,0.224848,0.972188,-0.065521,-0.974326,0.225118,-0.003332,0.011510,0.064588,0.997846,0,0.88836,-0.47942,53.301,-0.959,950.000,425.000,-1,425.000,-1,325.000,325.000,300.000,300.000,-1,-1,-1,-1,950.000,925.000,-1,-1,1,0,2,0,2,0,0,0,0,2,2,2,2,0,0,2,2
26,1432.263,4506.980,140.167,-77.913,0.208867,0.975752,-0.065444,-0.977910,0.208946,-0.005710,0.008102,0.065191,0.997840,0,0.88709,-0.47540,53.226,-0.951,950.000,425.000,-1,425.000,-1,325.000,325.000,300.000,300.000,-1,-1,-1,-1,950.000,925.000,-1,-1,1,0,2,0,2,0,0,0,0,2,2,2,2,0,0,2,2
27,1442.532,4454.848,140.084,-78.856,0.192991,0.979079,-0.064491,-0.981191,0.192867,-0.008198,0.004412,0.064860,0.997885,0,0.88555,-0.47139,53.133,-0.943,975.000,425.000,-1,400.000,-1,325.000,325.000,300.000,300.000,-1,-1,-1,-1,950.000,900.000,-1,-1,1,0,2,0,2,0,0,0,0,2,2,2,2,0,0,2,2
28,1451.927,4402.662,139.927,-79.794,0.177142,0.982128,-0.063600,-0.984185,0.176824,-0.010642,0.000795,0.064480,0.997919,0,0.88373,-0.46883,53.024,-0.938,-1,400.000,-1,400.000,-1,325.000,325.000,300.000,275.000,-1,-1,-1,-1,925.000,900.000,-1,-1,2,0,2,0,2,0,0,0,0,2,2,2,2,0,0,2,2
29,1460.449,4350.452,139.692,-80.729,0.161282,0.984911,-0.062755,-0.986905,0.160778,-0.013018,-0.002732,0.064033,0.997944,0,0.88168,-0.46749,52.901,-0.935,-1,400.000,-1,400.000,-1,325.000,325.000,300.000,300.000,-1,-1,-1,-1,925.000,900.000,-1,-1,2,0,2,0,2,0,0,0,0,2,2,2,2,0,0,2,2
30,1468.838,4294.814,139.374,-81.424,0.149507,0.986824,-0.061859,-0.988742,0.148825,-0.015502,-0.006092,0.063480,0.997964,0,0.93778,-0.34749,56.267,-0.695,-1,400.000,-1,400.000,-1,325.000,325.000,300.000,300.000,-1,-1,-1,-1,900.000,900.000,-1,-1,2,0,2,0,2,0,0,0,0,2,2,2,2,0,0,2,2
31,1476.767,4239.250,139.007,-81.879,0.141833,0.988013,-0.060939,-0.989848,0.140990,-0.017942,-0.009135,0.062865,0.997980,0,0.93544,-0.22749,56.127,-0.455,-1,400.000,-1,400.000,-1,325.000,325.000,300.000,300.000,-1,-1,-1,-1,900.000,875.000,-1,-1,2,0,2,0,2,0,0,0,0,2,2,2,2,0,0,2,2
32,1484.467,4183.791,138.610,-82.094,0.138277,0.988577,-0.059957,-0.990322,0.137287,-0.020343,-0.011879,0.062189,0.997994,0,0.93319,-0.10749,55.991,-0.215,-1,400.000,-1,400.000,-1,325.000,325.000,300.000,300.000,-1,-1,-1,-1,900.000,875.000,-1,-1,2,0,2,0,2,0,0,0,0,2,2,2,2,0,0,2,2
33,1492.175,4128.462,138.202,-82.069,0.138846,0.988562,-0.058873,-0.990210,0.137725,-0.022706,-0.014338,0.061449,0.998007,0,0.93106,0.01251,55.863,0.025,-1,400.000,-1,400.000,-1,325.000,325.000,300.000,300.000,-1,-1,-1,-1,875.000,875.000,-1,-1,2,0,2,0,2,0,0,0,0,2,2,2,2,0,0,2,2
34,1500.121,4073.286,137.800,-81.804,0.143540,0.987964,-0.057646,-0.989507,0.142303,-0.025029,-0.016525,0.060633,0.998023,0,0.92909,0.13251,55.745,0.265,-1,400.000,-1,400.000,-1,325.000,325.000,300.000,300.000,-1,-1,-1,-1,875.000,875.000,-1,-1,2,0,2,0,2,0,0,0,0,2,2,2,2,0,0,2,2
35,1508.538,4018.287,137.420,-81.299,0.152349,0.986726,-0.056229,-0.988155,0.151014,-0.027299,-0.018445,0.059722,0.998045,0,0.92732,0.25251,55.639,0.505,-1,400.000,-1,400.000,-1,325.000,325.000,300.000,325.000,-1,-1,-1,-1,875.000,875.000,-1,-1,2,0,2,0,2,0,0,0,0,2,2,2,2,0,0,2,2
36,1517.462,3963.462,136.812,-80.754,0.161797,0.985252,-0.055681,-0.986627,0.160381,-0.029058,-0.019699,0.059637,0.998026,0,0.92577,0.27213,55.546,0.544,-1,400.000,-1,400.000,-1,325.000,325.000,325.000,325.000,-1,-1,-1,-1,875.000,875.000,-1,-1,2,0,2,0,2,0,0,0,0,2,2,2,2,0,0,2,2
37,1526.892,3908.814,135.606,-80.210,0.171265,0.983560,-0.057260,-0.985004,0.169707,-0.031086,-0.020857,0.061726,0.997875,0,0.92426,0.27200,55.456,0.544,-1,400.000,-1,400.000,-1,325.000,325.000,325.000,325.000,-1,-1,-1,-1,875.000,850.000,-1,-1,2,0,2,0,2,0,0,0,0,2,2,2,2,0,0,2,2
38,1537.078,3852.944,134.073,-79.668,0.180652,0.981865,-0.057492,-0.983305,0.179001,-0.032720,-0.021836,0.062443,0.997810,0,0.94653,0.27117,56.792,0.542,-1,400.000,-1,400.000,-1,325.000,325.000,325.000,300.000,-1,-1,-1,-1,850.000,850.000,-1,-1,2,0,2,0,2,0,0,0,0,2,2,2,2,0,0,2,2
39,1547.789,3797.223,132.423,-79.119,0.190138,0.980104,-0.056949,-0.981485,0.188399,-0.034541,-0.023125,0.062463,0.997779,0,0.94568,0.27446,56.741,0.549,-1,400.000,-1,400.000,-1,325.000,325.000,325.000,300.000,-1,-1,-1,-1,850.000,825.000,-1,-1,2,0,2,0,2,0,0,0,0,2,2,2,2,0,0,2,2
40,1559.024,3741.668,130.811,-78.566,0.199667,0.978244,-0.056316,-0.979560,0.197844,-0.036323,-0.024390,0.062417,0.997752,0,0.94466,0.27633,56.680,0.553,-1,400.000,-1,400.000,-1,325.000,325.000,325.000,300.000,-1,-1,-1,-1,850.000,825.000,-1,-1,2,0,2,0,2,0,0,0,0,2,2,2,2,0,0,2,2
41,1570.784,3686.294,129.240,-78.011,0.209226,0.976286,-0.055589,-0.977531,0.207325,-0.038061,-0.025633,0.062304,0.997728,0,0.94349,0.27788,56.609,0.556,-1,400.000,-1,400.000,-1,325.000,325.000,325.000,300.000,-1,-1,-1,-1,825.000,825.000,-1,-1,2,0,2,0,2,0,0,0,0,2,2,2,2,0,0,2,2
42,1583.065,3631.114,127.710,-77.452,0.218809,0.974230,-0.054767,-0.975398,0.216836,-0.039752,-0.026852,0.062118,0.997708,0,0.94216,0.27930,56.530,0.559,-1,400.000,-1,400.000,-1,325.000,325.000,325.000,325.000,-1,-1,-1,-1,825.000,825.000,-1,-1,2,0,2,0,2,0,0,0,0,2,2,2,2,0,0,2,2
43,1595.865,3576.144,126.221,-76.891,0.228409,0.972075,-0.053848,-0.973161,0.226371,-0.041391,-0.028046,0.061856,0.997691,0,0.94069,0.28058,56.441,0.561,-1,400.000,-1,400.000,-1,325.000,325.000,325.000,325.000,-1,-1,-1,-1,800.000,800.000,-1,-1,2,0,2,0,2,0,0,0,0,2,2,2,2,0,0,2,2
44,1607.859,3525.914,124.876,-76.570,0.233918,0.970813,-0.052949,-0.971814,0.231821,-0.042856,-0.029331,0.061482,0.997677,0,0.86069,0.16058,51.641,0.321,-1,400.000,-1,400.000,-1,325.000,325.000,325.000,325.000,-1,-1,-1,-1,800.000,800.000,-1,-1,2,0,2,0,2,0,0,0,0,2,2,2,2,0,0,2,2
45,1618.803,3480.369,123.658,-76.489,0.235353,0.970512,-0.052109,-0.971425,0.233203,-0.044165,-0.030711,0.061015,0.997664,0,0.78069,0.04058,46.841,0.081,-1,400.000,-1,400.000,-1,325.000,325.000,325.000,325.000,-1,-1,-1,-1,800.000,800.000,-1,-1,2,0,2,0,2,0,0,0,0,2,2,2,2,0,0,2,2
46,1628.572,3439.479,122.558,-76.562,0.234163,0.970840,-0.051345,-0.971667,0.231965,-0.045329,-0.032097,0.060504,0.997652,0,0.70069,-0.03674,42.041,-0.073,-1,400.000,-1,400.000,-1,325.000,325.000,325.000,325.000,-1,-1,-1,-1,775.000,800.000,-1,-1,2,0,2,0,2,0,0,0,0,2,2,2,2,0,0,2,2
47,1637.180,3403.246,121.581,-76.635,0.232980,0.971162,-0.050650,-0.971910,0.230743,-0.046348,-0.033324,0.060025,0.997640,0,0.62069,-0.03627,37.241,-0.073,-1,400.000,-1,400.000,-1,325.000,325.000,325.000,325.000,-1,-1,-1,-1,775.000,800.000,-1,-1,2,0,2,0,2,0,0,0,0,2,2,2,2,0,1,2,2
48,1644.640,3371.673,120.728,-76.707,0.231799,0.971476,-0.050031,-0.972155,0.229529,-0.047227,-0.034396,0.059585,0.997630,0,0.54069,-0.03597,32.441,-0.072,-1,400.000,-1,400.000,975.000,325.000,325.000,325.000,325.000,-1,-1,-1,-1,775.000,800.000,-1,-1,2,0,2,0,1,0,0,0,0,2,2,2,2,0,1,2,2
49,1650.962,3344.764,119.957,-76.778,0.230617,0.971776,-0.049676,-0.972408,0.228319,-0.047884,-0.035191,0.059348,0.997617,0,0.46069,-0.03578,27.641,-0.072,-1,400.000,-1,400.000,975.000,325.000,325.000,325.000,325.000,-1,-1,-1,-1,775.000,775.000,-1,-1,2,0,2,0,1,0,0,0,0,2,2,2,2,0,1,2,2
50,1656.158,3322.522,119.225,-76.849,0.229430,0.972052,-0.049771,-0.972674,0.227107,-0.048244,-0.035593,0.059479,0.997595,0,0.38069,-0.03568,22.841,-0.071,-1,400.000,-1,400.000,950.000,325.000,325.000,325.000,325.000,-1,-1,-1,-1,750.000,775.000,-1,-1,2,0,2,0,1,0,0,0,0,2,2,2,2,0,1,2,2
51,1660.241,3304.949,118.625,-76.921,0.228245,0.972324,-0.049901,-0.972939,0.225896,-0.048596,-0.035978,0.059643,0.997571,0,0.30069,-0.03563,18.041,-0.071,-1,400.000,-1,400.000,925.000,325.000,325.000,325.000,325.000,-1,-1,-1,-1,750.000,775.000,-1,-1,2,0,2,0,1,0,0,0,0,2,2,2,2,0,1,2,2
52,1663.222,3292.047,118.182,-76.992,0.227054,0.972598,-0.050000,-0.973206,0.224685,-0.048855,-0.036282,0.059754,0.997554,0,0.22069,-0.03562,13.241,-0.071,-1,400.000,-1,400.000,925.000,325.000,325.000,325.000,325.000,-1,-1,-1,-1,750.000,775.000,-1,-1,2,0,2,0,1,0,0,0,0,2,2,2,2,0,1,2,2
53,1665.111,3283.820,117.899,-77.063,0.225857,0.972873,-0.050065,-0.973476,0.223474,-0.049023,-0.036505,0.059809,0.997542,0,0.14069,-0.03563,8.441,-0.071,-1,400.000,-1,400.000,900.000,325.000,325.000,325.000,325.000,-1,-1,-1,-1,750.000,775.000,-1,-1,2,0,2,0,1,0,0,0,0,2,2,2,2,0,1,2,2
54,1665.922,3280.270,117.776,-77.135,0.224652,0.973151,-0.050093,-0.973750,0.222263,-0.049099,-0.036647,0.059808,0.997537,0,0.06069,-0.03565,3.641,-0.071,-1,400.000,-1,400.000,900.000,325.000,325.000,325.000,325.000,-1,-1,-1,-1,750.000,750.000,-1,-1,2,0,2,0,1,0,0,0,0,2,2,2,2,0,1,2,2
55,1665.666,3281.399,117.815,-77.206,0.223441,0.973430,-0.050083,-0.974026,0.221053,-0.049083,-0.036708,0.059750,0.997538,0,-0.01931,-0.03565,-1.159,-0.071,-1,400.000,-1,400.000,900.000,325.000,325.000,325.000,325.000,-1,-1,-1,-1,750.000,750.000,-1,-1,2,0,2,0,1,0,0,0,0,2,2,2,2,0,1,2,2
56,1664.353,3287.212,118.017,-77.277,0.222224,0.973711,-0.050035,-0.974305,0.219843,-0.048975,-0.036688,0.059633,0.997546,0,-0.09931,-0.03565,-5.959,-0.071,-1,400.000,-1,400.000,900.000,325.000,325.000,325.000,325.000,-1,-1,-1,-1,750.000,775.000,-1,-1,2,0,2,0,1,0,0,0,0,2,2,2,2,0,1,2,2
57,1661.997,3297.709,118.382,-77.348,0.221000,0.973994,-0.049948,-0.974587,0.218634,-0.048776,-0.036588,0.059459,0.997560,0,-0.17931,-0.03564,-10.759,-0.071,-1,400.000,-1,400.000,925.000,325.000,325.000,325.000,325.000,-1,-1,-1,-1,750.000,775.000,-1,-1,2,0,2,0,1,0,0,0,0,2,2,2,2,0,1,2,2
58,1659.069,3310.827,118.838,-77.420,0.219774,0.974277,-0.049841,-0.974870,0.217425,-0.048528,-0.036443,0.059253,0.997578,0,-0.22401,-0.03562,-13.441,-0.071,-1,400.000,-1,400.000,925.000,325.000,325.000,325.000,325.000,-1,-1,-1,-1,750.000,775.000,-1,-1,2,0,2,0,1,0,0,0,0,2,2,2,2,0,1,2,2
59,1656.165,3323.915,119.290,-77.491,0.218548,0.974558,-0.049740,-0.975151,0.216216,-0.048289,-0.036306,0.059057,0.997594,0,-0.22345,-0.03561,-13.407,-0.071,-1,400.000,-1,400.000,950.000,325.000,325.000,325.000,325.000,-1,-1,-1,-1,750.000,775.000,-1,-1,2,0,2,0,1,0,0,0,0,2,2,2,2,0,1,2,2
60,1653.285,3336.975,119.729,-77.562,0.217325,0.974834,-0.049675,-0.975428,0.215007,-0.048095,-0.036205,0.058906,0.997607,0,-0.22289,-0.03560,-13.373,-0.071,-1,400.000,-1,400.000,950.000,325.000,325.000,325.000,325.000,-1,-1,-1,-1,750.000,775.000,-1,-1,2,0,2,0,1,0,0,0,0,2,2,2,2,0,1,2,2
61,1650.428,3350.005,120.153,-77.633,0.216102,0.975107,-0.049668,-0.975705,0.213796,-0.047870,-0.036059,0.058806,0.997618,0,-0.22233,-0.03561,-13.340,-0.071,-1,400.000,-1,400.000,975.000,325.000,325.000,325.000,325.000,-1,-1,-1,-1,775.000,775.000,-1,-1,2,0,2,0,1,0,0,0,0,2,2,2,2,0,1,2,2
62,1647.594,3363.006,120.515,-77.705,0.214876,0.975365,-0.049922,-0.975988,0.212582,-0.047511,-0.035728,0.058933,0.997622,0,-0.22177,-0.03563,-13.306,-0.071,-1,400.000,-1,400.000,975.000,325.000,325.000,325.000,325.000,-1,-1,-1,-1,775.000,775.000,-1,-1,2,0,2,0,1,0,0,0,0,2,2,2,2,0,1,2,2
63,1644.784,3375.979,120.877,-77.776,0.213649,0.975621,-0.050173,-0.976269,0.211366,-0.047152,-0.035397,0.059056,0.997627,0,-0.22122,-0.03566,-13.273,-0.071,-1,400.000,-1,400.000,1000.000,325.000,325.000,325.000,325.000,-1,-1,-1,-1,775.000,800.000,-1,-1,2,0,2,0,1,0,0,0,0,2,2,2,2,0,1,2,2
64,1640.905,3393.631,121.374,-77.607,0.216495,0.974978,-0.050478,-0.975668,0.214234,-0.046645,-0.034664,0.059349,0.997635,0,-0.30122,0.08434,-18.073,0.169,-1,400.000,-1,400.000,1000.000,325.000,325.000,325.000,325.000,-1,-1,-1,-1,775.000,800.000,-1,-1,2,0,2,0,1,0,0,0,0,2,2,2,2,0,1,2,2
65,1635.838,3415.936,121.998,-77.199,0.223407,0.973398,-0.050848,-0.974149,0.221176,-0.045995,-0.033525,0.059809,0.997647,0,-0.38122,0.20434,-22.873,0.409,-1,400.000,-1,400.000,-1,325.000,325.000,325.000,325.000,-1,-1,-1,-1,775.000,800.000,-1,-1,2,0,2,0,2,0,0,0,0,2,2,2,2,0,0,2,2
66,1630.486,3438.316,122.616,-76.550,0.234368,0.970798,-0.051206,-0.971617,0.232174,-0.045333,-0.032121,0.060377,0.997659,0,-0.38351,0.32434,-23.011,0.649,-1,400.000,-1,400.000,-1,325.000,325.000,325.000,325.000,-1,-1,-1,-1,775.000,800.000,-1,-1,2,0,2,0,2,0,0,0,0,2,2,2,2,0,0,2,2
67,1624.814,3460.508,123.217,-75.661,0.249344,0.967041,-0.051558,-0.967936,0.247193,-0.044669,-0.030452,0.061043,0.997670,0,-0.38174,0.44434,-22.905,0.889,-1,400.000,-1,400.000,-1,325.000,325.000,325.000,325.000,-1,-1,-1,-1,775.000,800.000,-1,-1,2,0,2,0,2,0,0,0,0,2,2,2,2,0,0,2,2
68,1618.738,3482.468,123.793,-74.533,0.268284,0.961940,-0.051914,-0.962918,0.266182,-0.044007,-0.028514,0.061796,0.997681,0,-0.37975,0.56434,-22.785,1.129,-1,400.000,-1,400.000,-1,325.000,325.000,325.000,325.000,-1,-1,-1,-1,800.000,800.000,-1,-1,2,0,2,0,2,0,0,0,0,2,2,2,2,0,0,2,2
69,1612.178,3504.151,124.340,-73.164,0.291115,0.955258,-0.052283,-0.956327,0.289068,-0.043351,-0.026298,0.062620,0.997691,0,-0.37755,0.68434,-22.653,1.369,-1,400.000,-1,400.000,-1,325.000,325.000,325.000,325.000,-1,-1,-1,-1,800.000,800.000,-1,-1,2,0,2,0,2,0,0,0,0,2,2,2,2,0,0,2,2
70,1605.057,3525.505,124.852,-71.555,0.317738,0.946714,-0.052676,-0.947880,0.315753,-0.042704,-0.023796,0.063499,0.997698,0,-0.37515,0.80434,-22.509,1.609,-1,400.000,-1,400.000,-1,325.000,325.000,325.000,325.000,-1,-1,-1,-1,800.000,800.000,-1,-1,2,0,2,0,2,0,0,0,0,2,2,2,2,0,0,2,2
71,1597.327,3546.482,125.324,-69.768,0.347014,0.936355,-0.053105,-0.937623,0.345098,-0.042072,-0.021068,0.064392,0.997702,0,-0.37260,0.89336,-22.356,1.787,-1,400.000,-1,400.000,-1,325.000,325.000,325.000,325.000,-1,-1,-1,-1,800.000,800.000,-1,-1,2,0,2,0,2,0,0,0,0,2,2,2,2,0,0,2,2
72,1589.006,3567.063,125.750,-67.983,0.375931,0.925097,-0.053588,-0.926467,0.374085,-0.041469,-0.018316,0.065237,0.997702,0,-0.36997,0.89278,-22.198,1.786,-1,400.000,-1,400.000,-1,325.000,325.000,325.000,325.000,-1,-1,-1,-1,825.000,800.000,-1,-1,2,0,2,0,2,0,0,0,0,2,2,2,2,0,0,2,2
73,1580.109,3587.238,126.132,-66.199,0.404448,0.912958,-0.054123,-0.914429,0.402675,-0.040896,-0.015542,0.066032,0.997696,0,-0.36748,0.89177,-22.049,1.784,-1,400.000,-1,400.000,-1,325.000,325.000,325.000,325.000,-1,-1,-1,-1,825.000,825.000,-1,-1,2,0,2,0,2,0,0,0,0,2,2,2,2,0,0,2,2
74,1570.651,3607.000,126.468,-64.423,0.432461,0.899991,-0.054710,-0.901562,0.430763,-0.040357,-0.012753,0.066777,0.997686,0,-0.36513,0.88825,-21.908,1.777,-1,400.000,-1,400.000,-1,325.000,325.000,325.000,325.000,-1,-1,-1,-1,850.000,825.000,-1,-1,2,0,2,0,2,0,0,0,0,2,2,2,2,0,0,2,2
75,1560.648,3626.345,126.760,-62.653,0.459948,0.886219,-0.055348,-0.887890,0.458327,-0.039854,-0.009951,0.067474,0.997671,0,-0.36295,0.88475,-21.777,1.770,-1,400.000,-1,400.000,-1,325.000,325.000,325.000,325.000,-1,-1,-1,-1,850.000,825.000,-1,-1,2,0,2,0,2,0,0,0,0,2,2,2,2,0,0,2,2
76,1550.113,3645.266,126.961,-60.891,0.486880,0.871675,-0.055943,-0.873441,0.485353,-0.039162,-0.006985,0.067930,0.997666,0,-0.36093,0.88129,-21.656,1.763,625.000,400.000,-1,400.000,-1,325.000,325.000,325.000,325.000,-1,-1,-1,-1,875.000,825.000,-1,-1,1,0,2,0,2,0,0,0,0,2,2,2,2,0,0,2,2
77,1539.060,3663.761,127.057,-59.135,0.513236,0.856386,-0.056488,-0.858239,0.511826,-0.038205,-0.003806,0.068089,0.997672,0,-0.35908,0.87787,-21.545,1.756,600.000,425.000,-1,400.000,-1,325.000,325.000,325.000,325.000,-1,-1,-1,-1,875.000,825.000,-1,-1,1,0,2,0,2,0,0,0,0,2,2,2,2,0,0,2,2
78,1527.502,3681.825,127.119,-57.386,0.539014,0.840357,-0.057128,-0.842297,0.537720,-0.037326,-0.000648,0.068238,0.997669,0,-0.35741,0.87450,-21.445,1.749,600.000,425.000,-1,400.000,-1,325.000,325.000,325.000,325.000,-1,-1,-1,-1,900.000,825.000,-1,-1,1,0,2,0,2,0,0,0,0,2,2,2,2,0,0,2,2
79,1515.451,3699.456,127.147,-55.644,0.564196,0.823611,-0.057857,-0.825637,0.563018,-0.036530,0.002488,0.068379,0.997656,0,-0.35592,0.87119,-21.355,1.742,575.000,425.000,-1,400.000,-1,325.000,325.000,325.000,325.000,-1,-1,-1,-1,825.000,825.000,-1,-1,1,0,2,0,2,0,0,0,0,2,2,2,2,1,0,2,2
80,1502.917,3716.651,127.120,-53.908,0.588772,0.806175,-0.058550,-0.808280,0.587707,-0.035827,0.005528,0.068419,0.997641,0,-0.35462,0.86796,-21.277,1.736,575.000,425.000,-1,400.000,-1,325.000,325.000,325.000,325.000,-1,-1,-1,-1,775.000,850.000,-1,-1,1,0,2,0,2,0,0,0,0,2,2,2,2,1,0,2,2
81,1489.910,3733.405,126.958,-52.178,0.612746,0.788091,-0.058781,-0.790237,0.611788,-0.035217,0.008207,0.068030,0.997650,0,-0.35349,0.86479,-21.209,1.730,575.000,425.000,-1,400.000,-1,325.000,325.000,325.000,325.000,-1,-1,-1,-1,750.000,850.000,750.000,-1,1,0,2,0,2,0,0,0,0,2,2,2,2,1,0,1,2
82,1476.443,3749.717,126.758,-50.455,0.636083,0.769356,-0.059064,-0.771544,0.635231,-0.034664,0.010850,0.067619,0.997652,0,-0.35254,0.86171,-21.152,1.723,575.000,425.000,-1,400.000,-1,325.000,325.000,325.000,325.000,-1,-1,-1,-1,750.000,850.000,725.000,-1,1,0,2,0,2,0,0,0,0,2,2,2,2,1,0,1,2
83,1462.523,3765.583,126.523,-48.737,0.658772,0.749995,-0.059391,-0.752222,0.658023,-0.034168,0.013455,0.067184,0.997650,0,-0.35176,0.85871,-21.106,1.717,575.000,425.000,-1,400.000,-1,325.000,325.000,300.000,325.000,-1,-1,-1,-1,725.000,850.000,700.000,-1,1,0,2,0,2,0,0,0,0,2,2,2,2,1,0,1,2
84,1451.382,3777.490,126.312,-46.905,0.682336,0.728602,-0.059648,-0.730863,0.681689,-0.033758,0.016066,0.066629,0.997648,0,-0.27176,0.91603,-16.306,1.832,575.000,425.000,-1,400.000,-1,325.000,325.000,300.000,325.000,-1,-1,-1,-1,725.000,850.000,675.000,-1,1,0,2,0,2,0,0,0,0,2,2,2,2,1,0,1,2
85,1443.256,3785.638,126.148,-45.078,0.705148,0.706531,-0.059837,-0.708817,0.704600,-0.033423,0.018547,0.065982,0.997648,0,-0.19176,0.91340,-11.506,1.827,575.000,425.000,-1,400.000,-1,325.000,325.000,300.000,325.000,-1,-1,-1,-1,700.000,850.000,675.000,-1,1,0,2,0,2,0,0,0,0,2,2,2,2,1,0,1,2
86,1438.372,3790.233,126.050,-43.256,0.727201,0.683802,-0.059949,-0.686106,0.726746,-0.033137,0.020909,0.065228,0.997651,0,-0.11176,0.91112,-6.706,1.822,575.000,425.000,-1,400.000,-1,325.000,325.000,300.000,325.000,-1,-1,-1,-1,700.000,850.000,650.000,-1,1,0,2,0,2,0,0,0,0,2,2,2,2,1,0,1,2
87,1436.942,3791.495,126.039,-41.438,0.748484,0.660435,-0.059973,-0.662748,0.748121,-0.032874,0.023156,0.064353,0.997659,0,-0.03176,0.90917,-1.906,1.818,575.000,425.000,-1,400.000,-1,325.000,325.000,300.000,325.000,-1,-1,-1,-1,675.000,875.000,650.000,-1,1,0,2,0,2,0,0,0,0,2,2,2,2,1,0,1,2
88,1439.170,3789.649,126.137,-39.623,0.768988,0.636450,-0.059901,-0.638762,0.768713,-0.032610,0.025292,0.063340,0.997671,0,0.04824,0.90751,2.894,1.815,575.000,425.000,-1,400.000,-1,325.000,325.000,300.000,325.000,-1,-1,-1,-1,675.000,875.000,625.000,-1,1,0,2,0,2,0,0,0,0,2,2,2,2,1,0,1,2
89,1445.248,3784.932,126.365,-37.811,0.788703,0.611867,-0.059721,-0.614168,0.788513,-0.032322,0.027314,0.062171,0.997692,0,0.12824,0.90610,7.694,1.812,575.000,425.000,-1,425.000,-1,325.000,325.000,300.000,325.000,-1,-1,-1,-1,650.000,875.000,600.000,-1,1,0,2,0,2,0,0,0,0,2,2,2,2,1,0,1,2
90,1455.355,3777.588,126.745,-36.001,0.807616,0.586707,-0.059421,-0.588984,0.807511,-0.031984,0.029217,0.060829,0.997721,0,0.20824,0.90494,12.494,1.810,550.000,425.000,-1,425.000,-1,325.000,325.000,300.000,325.000,-1,-1,-1,-1,625.000,875.000,600.000,-1,1,0,2,0,2,0,0,0,0,2,2,2,2,1,0,1,2
91,1469.659,3767.869,127.299,-34.193,0.825718,0.560990,-0.058987,-0.563231,0.825696,-0.031573,0.030993,0.059294,0.997759,0,0.28824,0.90398,17.294,1.808,550.000,425.000,-1,425.000,-1,325.000,325.000,300.000,325.000,-1,-1,-1,-1,600.000,875.000,575.000,-1,1,0,2,0,2,0,0,0,0,2,2,2,2,1,0,1,2
92,1488.315,3756.034,128.049,-32.386,0.842997,0.534738,-0.058407,-0.536928,0.843056,-0.031065,0.032629,0.057547,0.997809,0,0.36824,0.90320,22.094,1.806,525.000,425.000,-1,425.000,-1,350.000,350.000,300.000,325.000,-1,-1,-1,-1,575.000,875.000,550.000,-1,1,0,2,0,2,0,0,0,0,2,2,2,2,1,0,1,2
93,1511.467,3742.351,128.732,-30.581,0.859471,0.507943,-0.057474,-0.510101,0.859527,-0.031776,0.033260,0.056628,0.997841,0,0.44824,0.90258,26.894,1.805,500.000,425.000,-1,425.000,-1,325.000,350.000,300.000,325.000,-1,-1,-1,-1,550.000,875.000,525.000,-1,1,0,2,0,2,0,0,0,0,2,2,2,2,1,0,1,2
94,1539.246,3727.094,129.521,-28.777,0.875113,0.480648,-0.056174,-0.482771,0.875127,-0.032955,0.033320,0.055959,0.997877,0,0.52824,0.90211,31.694,1.804,475.000,425.000,-1,425.000,-1,325.000,325.000,300.000,325.000,-1,-1,-1,-1,525.000,875.000,500.000,-1,1,0,2,0,2,0,0,0,0,2,2,2,2,1,0,1,2
95,1571.770,3710.540,130.526,-26.974,0.889899,0.452887,-0.054522,-0.454958,0.889858,-0.034146,0.033053,0.055192,0.997929,0,0.60824,0.90175,36.494,1.803,450.000,425.000,-1,425.000,-1,325.000,325.000,300.000,325.000,-1,-1,-1,-1,475.000,875.000,450.000,-1,1,0,2,0,2,0,0,0,0,2,2,2,2,1,0,1,2
96,1609.142,3692.977,131.765,-25.171,0.903818,0.424686,-0.052496,-0.426686,0.903710,-0.035316,0.032443,0.054318,0.997996,0,0.68824,0.90150,41.294,1.803,425.000,400.000,-1,425.000,-1,325.000,325.000,300.000,325.000,-1,-1,-1,-1,450.000,875.000,425.000,-1,1,1,2,0,2,0,0,0,0,2,2,2,2,1,0,1,2
97,1648.963,3675.771,133.017,-23.368,0.916817,0.396057,-0.050847,-0.398017,0.916644,-0.036699,0.032074,0.053884,0.998032,0,0.72300,0.90133,43.380,1.803,375.000,375.000,725.000,400.000,-1,325.000,325.000,300.000,300.000,-1,-1,-1,-1,400.000,875.000,375.000,-1,1,1,1,0,2,0,0,0,0,2,2,2,2,1,0,1,2
98,1689.484,3659.755,134.369,-21.566,0.928910,0.367043,-0.049048,-0.368953,0.928673,-0.037951,0.031620,0.053350,0.998075,0,0.72621,0.90113,43.573,1.802,350.000,325.000,600.000,400.000,-1,325.000,325.000,300.000,300.000,-1,-1,-1,-1,375.000,875.000,350.000,-1,1,1,1,0,2,0,0,0,0,2,2,2,2,1,0,1,2
99,1730.673,3644.955,135.822,-19.764,0.940083,0.337676,-0.047110,-0.339527,0.939785,-0.039066,0.031081,0.052720,0.998126,0,0.72947,0.90080,43.768,1.802,300.000,300.000,525.000,400.000,-1,300.000,325.000,300.000,300.000,-1,-1,-1,-1,325.000,625.000,300.000,-1,1,1,1,1,2,1,0,0,0,2,2,2,2,1,1,1,2
100,1772.496,3631.395,137.375,-17.963,0.950322,0.307991,-0.045044,-0.309773,0.949967,-0.040036,0.030460,0.052001,0.998182,0,0.73278,0.90034,43.967,1.801,275.000,275.000,450.000,375.000,-1,275.000,300.000,300.000,300.000,-1,-1,-1,-1,300.000,525.000,275.000,-1,1,1,1,1,2,1,1,0,0,2,2,2,2,1,1,1,2
101,1814.918,3619.099,139.027,-16.164,0.959618,0.278020,-0.042864,-0.279727,0.959210,-0.040857,0.029757,0.051198,0.998245,0,0.73614,0.89974,44.168,1.799,225.000,225.000,375.000,325.000,-1,225.000,275.000,300.000,300.000,-1,-1,-1,-1,250.000,450.000,225.000,-1,1,1,1,1,2,1,1,0,0,2,2,2,2,1,1,1,2
102,1857.902,3608.089,140.777,-14.366,0.967961,0.247798,-0.040582,-0.249422,0.967504,-0.041524,0.028974,0.050316,0.998313,0,0.73954,0.89900,44.372,1.798,200.000,200.000,325.000,275.000,-1,200.000,225.000,300.000,300.000,-1,-1,-1,-1,225.000,375.000,200.000,-1,1,1,1,1,2,1,1,0,0,2,2,2,2,1,1,1,2
103,1896.489,3599.316,142.379,-12.808,0.974418,0.221411,-0.038546,-0.222956,0.973929,-0.041856,0.028274,0.049380,0.998380,0,0.65954,0.77900,39.572,1.558,175.000,175.000,275.000,250.000,-1,175.000,200.000,300.000,300.000,-1,-1,-1,-1,175.000,325.000,150.000,-1,1,1,1,1,2,1,1,0,0,2,2,2,2,1,1,1,2
104,1930.566,3592.394,145.474,-11.490,0.979022,0.198890,-0.044262,-0.200917,0.978462,-0.047368,0.033887,0.055268,0.997896,0,0.57954,0.65900,34.772,1.318,150.000,150.000,225.000,225.000,-1,150.000,175.000,325.000,300.000,-1,-1,-1,-1,150.000,275.000,125.000,-1,1,1,1,1,2,1,1,0,0,2,2,2,2,1,1,1,2
105,1960.063,3587.070,153.010,-10.285,0.981683,0.177972,-0.068003,-0.182582,0.980771,-0.068933,0.054427,0.080086,0.995301,0,0.49954,0.60239,29.972,1.205,150.000,125.000,225.000,200.000,-1,125.000,175.000,400.000,275.000,-1,-1,-1,-1,150.000,275.000,125.000,-1,1,1,1,1,2,1,1,0,0,2,2,2,2,1,1,1,2
106,1984.926,3583.125,159.181,-9.082,0.983815,0.157056,-0.086267,-0.164500,0.982508,-0.087275,0.071051,0.100053,0.992442,0,0.41954,0.60152,25.172,1.203,150.000,125.000,200.000,200.000,-1,125.000,150.000,450.000,275.000,-1,-1,450.000,-1,150.000,250.000,125.000,-1,1,1,1,1,2,1,1,0,0,2,2,0,2,1,1,1,2
107,2005.111,3580.359,163.809,-7.881,0.985640,0.136199,-0.099816,-0.146346,0.983902,-0.102569,0.084239,0.115704,0.989705,0,0.33954,0.60041,20.372,1.201,125.000,125.000,200.000,175.000,-1,125.000,150.000,525.000,275.000,-1,575.000,50.000,1000.000,125.000,225.000,125.000,375.000,1,1,1,1,2,1,1,0,0,2,0,0,0,1,1,1,1
108,2020.580,3578.553,169.732,-6.683,0.986580,0.115587,-0.115328,-0.127611,0.986463,-0.102982,0.101864,0.116317,0.987975,0,0.25954,0.59909,15.572,1.198,150.000,125.000,200.000,175.000,-1,125.000,150.000,550.000,275.000,-1,300.000,50.000,825.000,125.000,225.000,125.000,-1,1,1,1,1,2,1,1,0,0,2,0,0,0,1,1,1,2
109,9511.015,8855.084,69.665,131.014,-0.655812,-0.754484,0.025790,0.754552,-0.656178,-0.008983,0.023700,0.013569,0.999627,1,0.00000,0.00000,10.772,1.195,-1,400.000,-1,400.000,-1,325.000,325.000,275.000,300.000,-1,-1,-1,-1,775.000,850.000,-1,-1,2,0,2,0,2,0,0,0,0,2,2,2,2,0,0,2,2
110,9514.180,8851.475,69.584,131.254,-0.658969,-0.751729,0.025761,0.751799,-0.659333,-0.008857,0.023643,0.013530,0.999629,0,-0.08000,0.12000,-4.800,0.240,-1,400.000,-1,400.000,-1,325.000,325.000,275.000,300.000,-1,-1,-1,-1,775.000,850.000,-1,-1,2,0,2,0,2,0,0,0,0,2,2,2,2,0,0,2,2
111,9520.571,8844.311,69.419,131.734,-0.665248,-0.746180,0.025694,0.746252,-0.665608,-0.008606,0.023523,0.013449,0.999633,0,-0.16000,0.24000,-9.600,0.480,-1,400.000,-1,400.000,-1,325.000,325.000,275.000,300.000,-1,-1,-1,-1,775.000,850.000,-1,-1,2,0,2,0,2,0,0,0,0,2,2,2,2,0,0,2,2
112,9530.291,8833.687,69.167,132.454,-0.674580,-0.737758,0.025570,0.737833,-0.674934,-0.008227,0.023328,0.013317,0.999639,0,-0.24000,0.36000,-14.400,0.720,-1,400.000,-1,400.000,-1,325.000,325.000,275.000,300.000,-1,-1,-1,-1,775.000,850.000,-1,-1,2,0,2,0,2,0,0,0,0,2,2,2,2,0,0,2,2
113,9543.486,8819.740,68.820,133.414,-0.686858,-0.726349,0.025365,0.726426,-0.687201,-0.007720,0.023038,0.013123,0.999648,0,-0.32000,0.48000,-19.200,0.960,-1,400.000,-1,400.000,-1,325.000,325.000,300.000,300.000,-1,-1,-1,-1,775.000,825.000,-1,-1,2,0,2,0,2,0,0,0,0,2,2,2,2,0,0,2,2
114,9557.780,8805.252,68.456,134.614,-0.701931,-0.711800,0.025179,0.711881,-0.702264,-0.007154,0.022775,0.012903,0.999657,0,-0.33920,0.60000,-20.352,1.200,-1,400.000,-1,400.000,-1,325.000,325.000,300.000,300.000,-1,-1,-1,-1,750.000,825.000,-1,-1,2,0,2,0,2,0,0,0,0,2,2,2,2,0,0,2,2
115,9572.433,8791.128,68.110,136.054,-0.719606,-0.693929,0.025096,0.694014,-0.719932,-0.006546,0.022610,0.012706,0.999664,0,-0.33920,0.72000,-20.352,1.440,-1,400.000,-1,400.000,-1,325.000,325.000,300.000,300.000,-1,-1,-1,-1,750.000,825.000,-1,-1,2,0,2,0,2,0,0,0,0,2,2,2,2,0,0,2,2
116,9587.494,8777.439,67.758,137.734,-0.739652,-0.672526,0.024982,0.672615,-0.739969,-0.005910,0.022461,0.012432,0.999670,0,-0.33920,0.84000,-20.352,1.680,-1,400.000,-1,400.000,-1,325.000,325.000,300.000,300.000,-1,-1,-1,-1,750.000,800.000,-1,-1,2,0,2,0,2,0,0,0,0,2,2,2,2,0,0,2,2
117,9603.006,8764.263,67.399,139.654,-0.761780,-0.647360,0.024821,0.647451,-0.762089,-0.005259,0.022320,0.012064,0.999678,0,-0.33920,0.96000,-20.352,1.920,-1,400.000,-1,400.000,-1,325.000,325.000,300.000,300.000,-1,-1,-1,-1,725.000,800.000,-1,-1,2,0,2,0,2,0,0,0,0,2,2,2,2,0,0,2,2
118,9618.968,8751.636,67.025,141.654,-0.783922,-0.620372,0.024585,0.620464,-0.784222,-0.004618,0.022145,0.011634,0.999687,0,-0.33920,1.00000,-20.352,2.000,-1,375.000,-1,400.000,-1,325.000,325.000,300.000,300.000,-1,-1,-1,-1,725.000,800.000,-1,-1,2,0,2,0,2,0,0,0,0,2,2,2,2,0,0,2,2
119,9635.360,8739.574,66.635,143.654,-0.805111,-0.592628,0.024263,0.592720,-0.805399,-0.004007,0.021916,0.011155,0.999698,0,-0.33920,1.00000,-20.352,2.000,-1,375.000,-1,400.000,-1,325.000,325.000,300.000,300.000,-1,-1,-1,-1,725.000,775.000,-1,-1,2,0,2,0,2,0,0,0,0,2,2,2,2,0,0,2,2
120,9652.164,8728.092,66.230,145.654,-0.825319,-0.564162,0.023857,0.564252,-0.825595,-0.003436,0.021635,0.010626,0.999709,0,-0.33920,1.00000,-20.352,2.000,-1,375.000,-1,400.000,-1,325.000,325.000,300.000,300.000,-1,-1,-1,-1,725.000,775.000,-1,-1,2,0,2,0,2,0,0,0,0,2,2,2,2,0,0,2,2
121,9669.358,8717.203,65.810,147.654,-0.844523,-0.535009,0.023371,0.535095,-0.844787,-0.002912,0.021302,0.010046,0.999723,0,-0.33920,1.00000,-20.352,2.000,-1,375.000,-1,400.000,-1,325.000,325.000,300.000,300.000,-1,-1,-1,-1,700.000,775.000,-1,-1,2,0,2,0,2,0,0,0,0,2,2,2,2,0,0,2,2
122,9682.747,8709.289,65.480,149.414,-0.860571,-0.508813,0.022951,0.508896,-0.860824,-0.002518,0.021038,0.009512,0.999733,0,-0.25920,0.88000,-15.552,1.760,-1,375.000,-1,400.000,-1,325.000,325.000,300.000,300.000,-1,-1,-1,-1,700.000,750.000,-1,-1,2,0,2,0,2,0,0,0,0,2,2,2,2,0,0,2,2
123,9692.145,8704.066,65.246,150.934,-0.873776,-0.485802,0.022630,0.485882,-0.874022,-0.002228,0.020862,0.009048,0.999741,0,-0.17920,0.76000,-10.752,1.520,-1,375.000,-1,375.000,-1,325.000,325.000,300.000,300.000,-1,-1,-1,-1,700.000,750.000,-1,-1,2,0,2,0,2,0,0,0,0,2,2,2,2,0,0,2,2
124,9697.411,8701.291,65.113,152.214,-0.884417,-0.466159,0.022434,0.466235,-0.884659,-0.002020,0.020788,0.008673,0.999746,0,-0.09920,0.64000,-5.952,1.280,-1,375.000,-1,375.000,-1,325.000,325.000,300.000,300.000,-1,-1,-1,-1,700.000,750.000,-1,-1,2,0,2,0,2,0,0,0,0,2,2,2,2,0,0,2,2
125,9698.440,8700.772,65.085,153.254,-0.892735,-0.450026,0.022381,0.450100,-0.892976,-0.001875,0.020830,0.008400,0.999748,0,-0.01920,0.52000,-1.152,1.040,-1,375.000,-1,375.000,-1,325.000,325.000,300.000,300.000,-1,-1,-1,-1,700.000,750.000,-1,-1,2,0,2,0,2,0,0,0,0,2,2,2,2,0,0,2,2
126,9695.159,8702.368,65.166,154.054,-0.898930,-0.437515,0.022485,0.437588,-0.899174,-0.001792,0.021002,0.008228,0.999746,0,0.06080,0.40000,3.648,0.800,-1,375.000,-1,375.000,-1,325.000,325.000,300.000,300.000,-1,-1,-1,-1,700.000,750.000,-1,-1,2,0,2,0,2,0,0,0,0,2,2,2,2,0,0,2,2
127,9687.527,8705.990,65.382,154.614,-0.903157,-0.428706,0.022778,0.428778,-0.903408,-0.001872,0.021381,0.008076,0.999739,0,0.14080,0.28000,8.448,0.560,-1,375.000,-1,375.000,-1,325.000,325.000,300.000,300.000,-1,-1,-1,-1,700.000,750.000,-1,-1,2,0,2,0,2,0,0,0,0,2,2,2,2,0,0,2,2
128,9675.527,8711.603,65.714,154.934,-0.905526,-0.423654,0.023243,0.423725,-0.905789,-0.002022,0.021910,0.008017,0.999728,0,0.22080,0.16000,13.248,0.320,-1,375.000,-1,375.000,-1,325.000,325.000,300.000,300.000,-1,-1,-1,-1,700.000,750.000,-1,-1,2,0,2,0,2,0,0,0,0,2,2,2,2,0,0,2,2
129,9659.168,8719.226,66.160,155.014,-0.906100,-0.422389,0.023872,0.422460,-0.906379,-0.002242,0.022584,0.008054,0.999713,0,0.30080,0.04000,18.048,0.080,-1,375.000,-1,400.000,-1,325.000,325.000,300.000,300.000,-1,-1,-1,-1,700.000,750.000,-1,-1,2,0,2,0,2,0,0,0,0,2,2,2,2,0,0,2,2
130,9638.486,8728.935,66.717,154.854,-0.904896,-0.424918,0.024653,0.424989,-0.905195,-0.002532,0.023392,0.008186,0.999693,0,0.38080,-0.08000,22.848,-0.160,-1,375.000,-1,400.000,-1,325.000,325.000,300.000,300.000,-1,-1,-1,-1,700.000,775.000,-1,-1,2,0,2,0,2,0,0,0,0,2,2,2,2,0,0,2,2
131,9613.513,8740.799,67.382,154.589,-0.902902,-0.429086,0.025573,0.429158,-0.903225,-0.002881,0.024334,0.008374,0.999669,0,0.46080,-0.13208,27.648,-0.264,-1,375.000,-1,400.000,-1,325.000,325.000,300.000,300.000,-1,-1,-1,-1,700.000,775.000,-1,-1,2,0,2,0,2,0,0,0,0,2,2,2,2,0,0,2,2
132,9584.268,8754.857,68.152,154.325,-0.900883,-0.433245,0.026617,0.433318,-0.901235,-0.003269,0.025404,0.008588,0.999640,0,0.54080,-0.13208,32.448,-0.264,-1,375.000,-1,400.000,-1,325.000,325.000,300.000,300.000,-1,-1,-1,-1,700.000,775.000,-1,-1,2,0,2,0,2,0,0,0,0,2,2,2,2,0,0,2,2
133,9550.773,8771.150,69.021,154.061,-0.898841,-0.437395,0.027770,0.437468,-0.899226,-0.003687,0.026584,0.008835,0.999608,0,0.62080,-0.13208,37.248,-0.264,-1,375.000,-1,400.000,-1,325.000,325.000,300.000,300.000,-1,-1,-1,-1,700.000,800.000,-1,-1,2,0,2,0,2,0,0,0,0,2,2,2,2,0,0,2,2
134,9513.046,8789.716,69.983,153.797,-0.896775,-0.441535,0.029017,0.441610,-0.897198,-0.004119,0.027852,0.009121,0.999570,0,0.70080,-0.13208,42.048,-0.264,-1,375.000,-1,400.000,-1,325.000,325.000,300.000,300.000,-1,825.000,950.000,-1,700.000,800.000,-1,-1,2,0,2,0,2,0,0,0,0,2,0,0,2,0,0,2,2
135,9471.108,8810.595,71.044,153.533,-0.894687,-0.445665,0.030287,0.445741,-0.895150,-0.004573,0.029149,0.009409,0.999531,0,0.78080,-0.13208,46.848,-0.264,-1,375.000,-1,400.000,-1,325.000,325.000,300.000,300.000,-1,750.000,850.000,-1,700.000,825.000,-1,-1,2,0,2,0,2,0,0,0,0,2,0,0,2,0,0,2,2
136,9426.019,8833.304,72.175,153.269,-0.892580,-0.449786,0.031508,0.449862,-0.893084,-0.005032,0.030402,0.009683,0.999491,0,0.84141,-0.13208,50.485,-0.264,-1,375.000,-1,400.000,-1,325.000,325.000,300.000,300.000,-1,625.000,725.000,-1,725.000,850.000,-1,-1,2,0,2,0,2,0,0,0,0,2,0,0,2,0,0,2,2
137,9381.035,8856.220,73.295,153.005,-0.890458,-0.453898,0.032572,0.453974,-0.890998,-0.005462,0.031501,0.009923,0.999454,0,0.84141,-0.13208,50.485,-0.264,-1,375.000,-1,400.000,-1,325.000,325.000,300.000,300.000,-1,575.000,550.000,-1,725.000,875.000,-1,-1,2,0,2,0,2,0,0,0,0,2,0,0,2,0,0,2,2
138,9336.157,8879.343,74.512,152.740,-0.888327,-0.457998,0.033367,0.458090,-0.888890,-0.005299,0.032087,0.010578,0.999429,0,0.84141,-0.13208,50.485,-0.264,-1,375.000,-1,400.000,-1,325.000,325.000,300.000,300.000,-1,575.000,550.000,-1,725.000,875.000,-1,-1,2,0,2,0,2,0,0,0,0,2,0,0,2,0,0,2,2
