timestep,x_cm,y_cm,z_cm,yaw_deg,basis_xx,basis_xy,basis_xz,basis_yx,basis_yy,basis_yz,basis_zx,basis_zy,basis_zz,teleport_flag,throttle_cmd,steering_cmd,cmd_move_cm,cmd_turn_deg,lidar_cm_0,lidar_cm_1,lidar_cm_2,lidar_cm_3,lidar_cm_4,lidar_cm_5,lidar_cm_6,lidar_cm_7,lidar_cm_8,lidar_cm_9,lidar_cm_10,lidar_cm_11,lidar_cm_12,lidar_cm_13,lidar_cm_14,lidar_cm_15,lidar_cm_16,lidar_class_0,lidar_class_1,lidar_class_2,lidar_class_3,lidar_class_4,lidar_class_5,lidar_class_6,lidar_class_7,lidar_class_8,lidar_class_9,lidar_class_10,lidar_class_11,lidar_class_12,lidar_class_13,lidar_class_14,lidar_class_15,lidar_class_16
0,2947.479,4265.855,336.596,151.395,-0.877794,-0.478667,-0.018856,0.478922,-0.877767,-0.012580,-0.010529,-0.020073,0.999743,1,0.08000,-0.12000,4.800,-0.240,-1,400.000,-1,400.000,-1,325.000,325.000,325.000,300.000,675.000,-1,-1,-1,800.000,800.000,-1,-1,2,0,2,0,2,0,0,0,0,1,2,2,2,0,0,2,2
1,2939.090,4270.521,336.534,150.915,-0.873753,-0.486004,-0.018854,0.486258,-0.873727,-0.012419,-0.010437,-0.020019,0.999745,0,0.16000,-0.24000,9.600,-0.480,-1,400.000,-1,400.000,-1,325.000,325.000,325.000,300.000,650.000,-1,-1,-1,800.000,800.000,-1,-1,2,0,2,0,2,0,0,0,0,1,2,2,2,0,0,2,2
2,2926.594,4277.679,336.446,150.195,-0.867577,-0.496946,-0.018833,0.497196,-0.867553,-0.012173,-0.010289,-0.019925,0.999749,0,0.24000,-0.36000,14.400,-0.720,-1,400.000,-1,400.000,-1,325.000,325.000,325.000,300.000,625.000,-1,-1,-1,800.000,800.000,-1,-1,2,0,2,0,2,0,0,0,0,1,2,2,2,0,0,2,2
3,2910.096,4287.500,336.339,149.235,-0.859130,-0.511413,-0.018773,0.511658,-0.859107,-0.011840,-0.010073,-0.019777,0.999754,0,0.32000,-0.48000,19.200,-0.960,-1,400.000,-1,400.000,-1,325.000,325.000,325.000,300.000,600.000,-1,-1,-1,825.000,800.000,-1,-1,2,0,2,0,2,0,0,0,0,1,2,2,2,0,0,2,2
4,2889.735,4300.206,336.221,148.035,-0.848233,-0.529295,-0.018646,0.529533,-0.848212,-0.011416,-0.009773,-0.019557,0.999761,0,0.40000,-0.60000,24.000,-1.200,-1,400.000,-1,400.000,-1,325.000,325.000,325.000,300.000,600.000,-1,-1,-1,825.000,800.000,-1,-1,2,0,2,0,2,0,0,0,0,1,2,2,2,0,0,2,2
5,2865.693,4316.061,336.079,146.595,-0.834665,-0.550446,-0.018540,0.550677,-0.834647,-0.010944,-0.009450,-0.019344,0.999768,0,0.48000,-0.72000,28.800,-1.440,-1,400.000,-1,400.000,-1,325.000,325.000,325.000,300.000,575.000,-1,-1,-1,825.000,800.000,-1,-1,2,0,2,0,2,0,0,0,0,1,2,2,2,0,0,2,2
6,2838.129,4335.276,335.809,145.121,-0.820221,-0.571736,-0.018844,0.571970,-0.820205,-0.010675,-0.009353,-0.019534,0.999765,0,0.56000,-0.73717,33.600,-1.474,-1,400.000,-1,400.000,-1,325.000,325.000,325.000,300.000,575.000,-1,-1,-1,825.000,800.000,-1,-1,2,0,2,0,2,0,0,0,0,1,2,2,2,0,0,2,2
7,2811.060,4355.203,335.421,143.640,-0.805169,-0.592738,-0.019096,0.592980,-0.805141,-0.011092,-0.008800,-0.020254,0.999756,0,0.56022,-0.74059,33.613,-1.481,-1,400.000,-1,400.000,-1,325.000,325.000,325.000,300.000,575.000,-1,-1,-1,825.000,800.000,-1,-1,2,0,2,0,2,0,0,0,0,1,2,2,2,0,0,2,2
8,2784.592,4375.770,335.063,142.151,-0.789502,-0.613443,-0.019358,0.613692,-0.789462,-0.011442,-0.008263,-0.020913,0.999747,0,0.55865,-0.74420,33.519,-1.488,-1,400.000,-1,400.000,-1,325.000,325.000,325.000,300.000,600.000,-1,-1,-1,825.000,800.000,-1,-1,2,0,2,0,2,0,0,0,0,1,2,2,2,0,0,2,2
9,2758.721,4396.978,334.735,140.655,-0.773219,-0.633835,-0.019625,0.634092,-0.773169,-0.011723,-0.007742,-0.021508,0.999739,0,0.55756,-0.74796,33.453,-1.496,-1,400.000,-1,400.000,-1,325.000,325.000,325.000,300.000,650.000,-1,-1,-1,825.000,800.000,-1,-1,2,0,2,0,2,0,0,0,0,1,2,2,2,0,0,2,2
10,2733.443,4418.834,334.437,139.152,-0.756320,-0.653899,-0.019892,0.654162,-0.756261,-0.011933,-0.007241,-0.022037,0.999731,0,0.55693,-0.75188,33.416,-1.504,-1,400.000,-1,400.000,-1,325.000,325.000,325.000,300.000,675.000,-1,-1,-1,825.000,825.000,-1,-1,2,0,2,0,2,0,0,0,0,1,2,2,2,0,0,2,2
11,2708.759,4441.343,334.140,137.640,-0.738802,-0.673617,-0.020313,0.673888,-0.738735,-0.012093,-0.006859,-0.022623,0.999721,0,0.55676,-0.75595,33.406,-1.512,-1,400.000,-1,400.000,-1,325.000,325.000,325.000,300.000,725.000,-1,-1,-1,825.000,825.000,-1,-1,2,0,2,0,2,0,0,0,0,1,2,2,2,0,0,2,2
12,2684.669,4464.509,333.823,136.119,-0.720663,-0.692968,-0.020992,0.693253,-0.720590,-0.012206,-0.006668,-0.023349,0.999705,0,0.55703,-0.76016,33.422,-1.520,-1,400.000,-1,400.000,-1,325.000,325.000,300.000,300.000,775.000,-1,-1,-1,825.000,825.000,-1,-1,2,0,2,0,2,0,0,0,0,1,2,2,2,0,0,2,2
13,2661.177,4488.339,333.536,134.590,-0.701909,-0.711937,-0.021665,0.712237,-0.701832,-0.012219,-0.006506,-0.024008,0.999691,0,0.55770,-0.76450,33.462,-1.529,-1,400.000,-1,400.000,-1,325.000,325.000,300.000,300.000,825.000,-1,-1,-1,850.000,825.000,-1,-1,2,0,2,0,2,0,0,0,0,1,2,2,2,0,0,2,2
14,2638.289,4512.838,333.281,133.053,-0.682540,-0.730507,-0.022326,0.730820,-0.682462,-0.012132,-0.006374,-0.024597,0.999677,0,0.55878,-0.76898,33.527,-1.538,-1,400.000,-1,400.000,-1,325.000,325.000,300.000,300.000,900.000,-1,-1,-1,850.000,825.000,-1,-1,2,0,2,0,2,0,0,0,0,1,2,2,2,0,0,2,2
15,2616.013,4538.011,333.075,131.505,-0.662560,-0.748656,-0.022981,0.748983,-0.662480,-0.012030,-0.006218,-0.025183,0.999664,0,0.56023,-0.77357,33.614,-1.547,-1,400.000,-1,400.000,-1,325.000,325.000,300.000,300.000,1000.000,-1,-1,-1,850.000,825.000,-1,-1,2,0,2,0,2,0,0,0,0,1,2,2,2,0,0,2,2
16,2594.360,4563.863,332.898,129.949,-0.641971,-0.766365,-0.023607,0.766705,-0.641891,-0.011807,-0.006105,-0.025680,0.999652,0,0.56204,-0.77828,33.722,-1.557,-1,400.000,-1,400.000,-1,325.000,325.000,300.000,300.000,-1,-1,-1,-1,850.000,825.000,-1,-1,2,0,2,0,2,0,0,0,0,2,2,2,2,0,0,2,2
17,2573.341,4590.398,332.750,128.383,-0.620775,-0.783615,-0.024193,0.783965,-0.620699,-0.011456,-0.006040,-0.026078,0.999642,0,0.56419,-0.78311,33.851,-1.566,-1,400.000,-1,400.000,-1,325.000,325.000,300.000,300.000,-1,1000.000,-1,-1,850.000,800.000,-1,-1,2,0,2,0,2,0,0,0,0,2,1,2,2,0,0,2,2
18,2552.972,4617.620,332.612,126.807,-0.598979,-0.800386,-0.024636,0.800743,-0.598908,-0.010984,-0.005964,-0.026306,0.999636,0,0.56665,-0.78804,33.999,-1.576,-1,400.000,-1,400.000,-1,325.000,325.000,300.000,300.000,-1,975.000,-1,-1,850.000,800.000,-1,-1,2,0,2,0,2,0,0,0,0,2,1,2,2,0,0,2,2
19,2533.268,4645.531,332.484,125.220,-0.576587,-0.816656,-0.024919,0.817015,-0.576523,-0.010402,-0.005872,-0.026357,0.999635,0,0.56941,-0.79307,34.164,-1.586,-1,400.000,-1,400.000,-1,325.000,325.000,300.000,300.000,-1,975.000,-1,-1,850.000,800.000,-1,-1,2,0,2,0,2,0,0,0,0,2,1,2,2,0,0,2,2
20,2514.249,4674.131,332.390,123.624,-0.553603,-0.832401,-0.025140,0.832760,-0.553548,-0.009714,-0.005830,-0.026313,0.999637,0,0.57245,-0.79821,34.347,-1.596,-1,400.000,-1,400.000,-1,325.000,325.000,300.000,300.000,-1,975.000,-1,-1,850.000,800.000,-1,-1,2,0,2,0,2,0,0,0,0,2,1,2,2,0,0,2,2
21,2495.934,4703.421,332.223,122.017,-0.530040,-0.847590,-0.025474,0.847955,-0.529984,-0.009454,-0.005487,-0.026612,0.999631,0,0.57574,-0.80344,34.544,-1.607,-1,400.000,-1,400.000,-1,325.000,325.000,300.000,300.000,-1,1000.000,-1,-1,850.000,800.000,-1,-1,2,0,2,0,2,0,0,0,0,2,1,2,2,0,0,2,2
22,2478.346,4733.399,332.058,120.400,-0.505903,-0.862204,-0.025824,0.862576,-0.505843,-0.009267,-0.005073,-0.026963,0.999624,0,0.57927,-0.80876,34.756,-1.618,-1,400.000,-1,400.000,-1,325.000,325.000,300.000,300.000,-1,1000.000,-1,-1,850.000,800.000,-1,-1,2,0,2,0,2,0,0,0,0,2,1,2,2,0,0,2,2
23,2461.509,4764.061,331.917,118.771,-0.481197,-0.876222,-0.026152,0.876600,-0.481134,-0.009046,-0.004656,-0.027278,0.999617,0,0.58302,-0.81417,34.981,-1.628,-1,425.000,-1,400.000,-1,325.000,325.000,300.000,300.000,-1,1000.000,-1,-1,875.000,775.000,-1,-1,2,0,2,0,2,0,0,0,0,2,1,2,2,0,0,2,2
24,2445.448,4795.404,331.703,117.132,-0.455922,-0.889611,-0.026971,0.890008,-0.455862,-0.008693,-0.004562,-0.027968,0.999598,0,0.58697,-0.81966,35.218,-1.639,-1,425.000,-1,400.000,-1,325.000,325.000,300.000,300.000,-1,-1,-1,-1,850.000,775.000,-1,-1,2,0,2,0,2,0,0,0,0,2,2,2,2,0,0,2,2
25,2430.190,4827.420,331.512,115.481,-0.430099,-0.902354,-0.027778,0.902771,-0.430042,-0.008282,-0.004473,-0.028639,0.999580,0,0.59110,-0.82523,35.466,-1.650,-1,425.000,-1,400.000,-1,325.000,325.000,300.000,300.000,-1,-1,-1,-1,850.000,775.000,-1,-1,2,0,2,0,2,0,0,0,0,2,2,2,2,0,0,2,2
26,2413.767,4864.184,331.312,114.071,-0.407741,-0.912648,-0.028645,0.913086,-0.407693,-0.007773,-0.004584,-0.029325,0.999559,0,0.67110,-0.70523,40.266,-1.410,-1,400.000,-1,400.000,-1,325.000,325.000,300.000,300.000,-1,-1,-1,-1,850.000,775.000,-1,-1,2,0,2,0,2,0,0,0,0,2,2,2,2,0,0,2,2
27,2396.230,4905.698,331.017,112.901,-0.388998,-0.920757,-0.029781,0.921227,-0.388953,-0.007537,-0.004644,-0.030367,0.999528,0,0.75110,-0.58523,45.066,-1.170,-1,400.000,-1,400.000,-1,325.000,325.000,300.000,300.000,-1,-1,-1,-1,850.000,775.000,-1,-1,2,0,2,0,2,0,0,0,0,2,2,2,2,0,0,2,2
28,2377.738,4952.008,330.697,111.766,-0.370679,-0.928242,-0.031038,0.928749,-0.370639,-0.007233,-0.004790,-0.031508,0.999492,0,0.83110,-0.56705,49.866,-1.134,-1,400.000,-1,400.000,-1,325.000,325.000,300.000,300.000,-1,-1,-1,-1,850.000,775.000,-1,-1,2,0,2,0,2,0,0,0,0,2,2,2,2,0,0,2,2
29,2358.524,5003.186,330.363,110.577,-0.351313,-0.935697,-0.032404,0.936245,-0.351282,-0.006823,-0.004998,-0.032735,0.999452,0,0.91110,-0.59456,54.666,-1.189,-1,400.000,-1,400.000,-1,325.000,325.000,300.000,300.000,-1,-1,-1,-1,850.000,750.000,-1,-1,2,0,2,0,2,0,0,0,0,2,2,2,2,0,0,2,2
30,2340.042,5055.698,330.041,109.389,-0.331807,-0.942742,-0.033779,0.943333,-0.331788,-0.006331,-0.005239,-0.033965,0.999409,0,0.92781,-0.59416,55.668,-1.188,-1,400.000,-1,400.000,-1,325.000,325.000,300.000,300.000,-1,-1,-1,-1,825.000,750.000,-1,-1,2,0,2,0,2,0,0,0,0,2,2,2,2,0,0,2,2
31,2322.516,5108.996,329.738,108.202,-0.312181,-0.949372,-0.035146,0.950007,-0.312176,-0.005765,-0.005499,-0.035188,0.999366,0,0.93510,-0.59345,56.106,-1.187,-1,400.000,-1,400.000,-1,325.000,325.000,300.000,300.000,-1,-1,-1,-1,825.000,750.000,-1,-1,2,0,2,0,2,0,0,0,0,2,2,2,2,0,0,2,2
32,2305.967,5163.066,329.468,107.017,-0.292453,-0.955581,-0.036553,0.956262,-0.292466,-0.005110,-0.005808,-0.036449,0.999319,0,0.94243,-0.59238,56.546,-1.185,-1,400.000,-1,400.000,-1,325.000,325.000,300.000,300.000,-1,-1,-1,-1,825.000,750.000,-1,-1,2,0,2,0,2,0,0,0,0,2,2,2,2,0,0,2,2
33,2290.416,5217.889,329.258,105.835,-0.272642,-0.961361,-0.038100,0.962095,-0.272679,-0.004311,-0.006245,-0.037831,0.999265,0,0.94976,-0.59096,56.986,-1.182,-1,400.000,975.000,375.000,-1,325.000,325.000,300.000,300.000,-1,-1,-1,-1,800.000,750.000,-1,-1,2,0,1,0,2,0,0,0,0,2,2,2,2,0,0,2,2
34,2275.885,5273.446,329.057,104.657,-0.252777,-0.966716,-0.039547,0.967502,-0.252840,-0.003492,-0.006623,-0.039144,0.999212,0,0.95709,-0.58915,57.425,-1.178,-1,400.000,925.000,375.000,-1,325.000,325.000,300.000,300.000,-1,-1,-1,-1,800.000,750.000,1000.000,-1,2,0,1,0,2,0,0,0,0,2,2,2,2,0,0,1,2
35,2262.392,5329.714,328.805,103.483,-0.232894,-0.971633,-0.041108,0.972480,-0.232968,-0.003065,-0.006599,-0.040690,0.999150,0,0.96438,-0.58693,57.863,-1.174,-1,400.000,875.000,375.000,-1,325.000,325.000,300.000,300.000,-1,-1,-1,-1,750.000,775.000,900.000,-1,2,0,1,0,2,0,0,0,0,2,2,2,2,1,0,1,2
36,2249.958,5386.670,328.631,102.315,-0.213035,-0.976131,-0.042234,0.977027,-0.213093,-0.003170,-0.005906,-0.041939,0.999103,0,0.97162,-0.58427,58.297,-1.169,-1,400.000,825.000,375.000,-1,325.000,325.000,300.000,300.000,-1,-1,-1,-1,675.000,775.000,825.000,-1,2,0,1,0,2,0,0,0,0,2,2,2,2,1,0,1,2
37,2238.599,5444.288,328.477,101.152,-0.193200,-0.980203,-0.043318,0.981146,-0.193239,-0.003321,-0.005116,-0.043143,0.999056,0,0.97877,-0.58115,58.726,-1.162,900.000,400.000,800.000,375.000,-1,325.000,325.000,300.000,300.000,-1,-1,-1,-1,625.000,800.000,725.000,-1,1,0,1,0,2,0,0,0,0,2,2,2,2,1,0,1,2
38,2228.330,5502.538,328.347,99.997,-0.173416,-0.983849,-0.044362,0.984840,-0.173432,-0.003515,-0.004236,-0.044299,0.999009,0,0.98581,-0.57753,59.148,-1.155,775.000,400.000,750.000,375.000,-1,325.000,325.000,300.000,300.000,-1,-1,-1,-1,575.000,800.000,650.000,-1,1,0,1,0,2,0,0,0,0,2,2,2,2,1,0,1,2
39,2219.165,5561.390,328.242,98.851,-0.153710,-0.987074,-0.045371,0.988111,-0.153699,-0.003751,-0.003271,-0.045408,0.998963,0,0.99268,-0.57338,59.561,-1.147,675.000,400.000,725.000,375.000,-1,325.000,325.000,300.000,300.000,-1,-1,-1,-1,500.000,825.000,575.000,-1,1,0,1,0,2,0,0,0,0,2,2,2,2,1,0,1,2
40,2211.117,5620.808,328.165,97.713,-0.134113,-0.989882,-0.046345,0.990964,-0.134071,-0.004025,-0.002229,-0.046467,0.998917,0,0.99934,-0.56864,59.960,-1.137,575.000,375.000,675.000,400.000,-1,325.000,325.000,300.000,300.000,-1,-1,-1,-1,450.000,850.000,500.000,-1,1,1,1,0,2,0,1,0,0,2,2,2,2,1,0,1,2
41,2204.234,5680.412,328.120,96.587,-0.114654,-0.992280,-0.047284,0.993405,-0.114577,-0.004333,-0.001118,-0.047469,0.998872,0,1.00000,-0.56329,60.000,-1.127,500.000,325.000,650.000,400.000,-1,300.000,300.000,300.000,300.000,-1,-1,-1,-1,400.000,850.000,425.000,-1,1,1,1,0,2,1,1,0,0,2,2,2,2,1,0,1,2
42,2198.512,5740.139,328.107,95.472,-0.095365,-0.994275,-0.048189,0.995442,-0.095250,-0.004669,0.000052,-0.048414,0.998827,0,1.00000,-0.55728,60.000,-1.115,400.000,300.000,625.000,400.000,-1,275.000,300.000,300.000,300.000,-1,-1,-1,-1,350.000,875.000,375.000,-1,1,1,1,0,2,1,1,0,0,2,2,2,2,1,1,1,2
43,2193.939,5799.965,328.130,94.371,-0.076277,-0.995879,-0.049062,0.997086,-0.076122,-0.005028,0.001273,-0.049303,0.998783,0,1.00000,-0.55057,60.000,-1.101,325.000,250.000,600.000,400.000,-1,250.000,275.000,300.000,300.000,-1,-1,-1,-1,300.000,825.000,300.000,975.000,1,1,1,0,2,1,1,0,0,2,2,2,2,1,1,1,1
44,2190.265,5859.852,328.183,93.510,-0.061338,-0.996868,-0.049915,0.998114,-0.061144,-0.005408,0.002339,-0.050152,0.998739,0,1.00000,-0.43057,60.000,-0.861,250.000,225.000,575.000,425.000,-1,225.000,275.000,300.000,300.000,-1,-1,-1,-1,275.000,775.000,225.000,925.000,1,1,1,0,2,1,1,0,0,2,2,2,2,1,1,1,1
45,2187.241,5919.776,328.057,92.889,-0.050524,-0.997478,-0.049858,0.998720,-0.050334,-0.005065,0.002543,-0.050050,0.998743,0,1.00000,-0.31057,60.000,-0.621,175.000,200.000,550.000,425.000,-1,200.000,275.000,300.000,300.000,-1,-1,-1,-1,225.000,725.000,175.000,850.000,1,1,1,0,2,1,1,0,0,2,2,2,2,1,1,1,1
46,2184.632,5979.721,337.017,92.508,-0.044063,-0.998987,-0.009088,0.998524,-0.043750,-0.032195,0.031764,-0.010494,0.999440,0,1.00000,-0.19057,60.000,-0.381,150.000,200.000,625.000,500.000,-1,200.000,300.000,400.000,275.000,-1,375.000,250.000,-1,225.000,700.000,150.000,850.000,1,1,1,0,2,1,1,0,0,2,0,0,2,1,1,1,1
47,2182.144,6039.673,345.968,92.366,-0.039434,-0.998718,0.031729,0.997371,-0.041273,-0.059558,0.060791,0.029297,0.997720,0,1.00000,-0.07057,60.000,-0.141,150.000,200.000,625.000,575.000,-1,200.000,350.000,500.000,250.000,-1,250.000,100.000,675.000,250.000,675.000,150.000,825.000,1,1,1,0,2,1,1,0,0,2,0,0,0,1,1,1,1
48,-2295.761,9511.022,74.835,49.988,0.642246,-0.765879,0.030809,0.764226,0.642917,0.051151,-0.058984,-0.009306,0.998216,1,0.00000,0.00000,60.000,0.099,-1,375.000,-1,375.000,-1,300.000,300.000,300.000,275.000,-1,625.000,500.000,-1,650.000,675.000,-1,-1,2,0,2,0,2,0,0,0,0,2,0,0,2,0,0,2,2
49,-2292.660,9514.685,74.534,49.748,0.645464,-0.763178,0.030590,0.761540,0.646118,0.050869,-0.058587,-0.009539,0.998237,0,0.08000,-0.12000,4.800,-0.240,-1,375.000,-1,375.000,-1,300.000,300.000,300.000,275.000,-1,625.000,500.000,-1,650.000,675.000,-1,-1,2,0,2,0,2,0,0,0,0,2,0,0,2,0,0,2,2
50,-2286.396,9521.960,73.931,49.268,0.651866,-0.757735,0.030143,0.756129,0.652486,0.050314,-0.057793,-0.010006,0.998278,0,0.16000,-0.24000,9.600,-0.480,-1,375.000,-1,375.000,-1,300.000,300.000,300.000,275.000,-1,575.000,475.000,-1,650.000,675.000,-1,-1,2,0,2,0,2,0,0,0,0,2,0,0,2,0,0,2,2
51,-2276.863,9532.752,73.026,48.548,0.661382,-0.749470,0.029455,0.747910,0.661951,0.049505,-0.056600,-0.010713,0.998339,0,0.24000,-0.36000,14.400,-0.720,-1,375.000,-1,375.000,-1,300.000,300.000,300.000,275.000,-1,550.000,450.000,-1,650.000,675.000,-1,-1,2,0,2,0,2,0,0,0,0,2,0,0,2,0,0,2,2
52,-2263.914,9546.928,71.816,47.588,0.673907,-0.738267,0.028502,0.736766,0.674408,0.048472,-0.055007,-0.011666,0.998418,0,0.32000,-0.48000,19.200,-0.960,-1,375.000,-1,375.000,-1,300.000,325.000,300.000,275.000,-1,500.000,425.000,-1,650.000,675.000,-1,-1,2,0,2,0,2,0,0,0,0,2,0,0,2,0,0,2,2
53,-2247.360,9564.305,70.425,46.388,0.689272,-0.723972,0.027706,0.722531,0.689713,0.047370,-0.053404,-0.012633,0.998493,0,0.40000,-0.60000,24.000,-1.200,-1,375.000,-1,375.000,-1,300.000,325.000,300.000,275.000,-1,475.000,400.000,-1,650.000,675.000,-1,-1,2,0,2,0,2,0,0,0,0,2,0,0,2,0,0,2,2
54,-2226.977,9584.651,69.031,44.948,0.707251,-0.706409,0.027975,0.705020,0.707687,0.046110,-0.052370,-0.012889,0.998545,0,0.48000,-0.72000,28.800,-1.440,-1,375.000,-1,375.000,-1,300.000,325.000,300.000,275.000,-1,500.000,425.000,-1,650.000,675.000,-1,-1,2,0,2,0,2,0,0,0,0,2,0,0,2,0,0,2,2
55,-2202.511,9607.681,67.402,43.268,0.727662,-0.685355,0.028214,0.684024,0.728089,0.044684,-0.051166,-0.013216,0.998603,0,0.56000,-0.84000,33.600,-1.680,-1,375.000,-1,375.000,-1,300.000,325.000,300.000,275.000,-1,525.000,450.000,-1,650.000,675.000,-1,-1,2,0,2,0,2,0,0,0,0,2,0,0,2,0,0,2,2
56,-2173.777,9633.155,65.547,41.559,0.747794,-0.663326,0.028336,0.662059,0.748209,0.043151,-0.049824,-0.013508,0.998667,0,0.64000,-0.85478,38.400,-1.710,-1,375.000,-1,375.000,-1,325.000,325.000,300.000,275.000,-1,575.000,475.000,-1,675.000,650.000,-1,-1,2,0,2,0,2,0,0,0,0,2,0,0,2,0,0,2,2
57,-2140.609,9660.833,63.466,39.844,0.767314,-0.640645,0.028335,0.639445,0.767714,0.041530,-0.048359,-0.013748,0.998735,0,0.72000,-0.85710,43.200,-1.714,-1,375.000,-1,375.000,-1,325.000,325.000,300.000,275.000,-1,600.000,500.000,-1,675.000,650.000,-1,-1,2,0,2,0,2,0,0,0,0,2,0,0,2,0,0,2,2
58,-2102.848,9690.466,61.160,38.123,0.786226,-0.617294,0.028214,0.616166,0.786609,0.039830,-0.046780,-0.013931,0.998808,0,0.80000,-0.86064,48.000,-1.721,-1,375.000,-1,375.000,-1,325.000,325.000,300.000,275.000,-1,625.000,525.000,-1,650.000,650.000,-1,-1,2,0,2,0,2,0,0,0,0,2,0,0,2,0,0,2,2
59,-2063.045,9719.802,58.784,36.392,0.804533,-0.593246,0.028014,0.592187,0.804897,0.038146,-0.045178,-0.014100,0.998879,0,0.82409,-0.86563,49.446,-1.731,-1,375.000,-1,375.000,-1,325.000,300.000,300.000,275.000,-1,650.000,550.000,-1,650.000,650.000,-1,-1,2,0,2,0,2,0,0,0,0,2,0,0,2,0,0,2,2
60,-2022.551,9747.788,56.696,34.648,0.822278,-0.568469,0.026495,0.567476,0.822563,0.036900,-0.042770,-0.015307,0.998968,0,0.82040,-0.87189,49.224,-1.744,1000.000,375.000,-1,375.000,-1,325.000,300.000,300.000,275.000,-1,675.000,550.000,-1,650.000,625.000,1000.000,-1,1,0,2,0,2,0,0,0,0,2,0,0,2,0,0,1,2
61,-1981.359,9774.426,54.873,32.890,0.839424,-0.542946,0.024046,0.542033,0.839596,0.035754,-0.039601,-0.016979,0.999071,0,0.81759,-0.87921,49.055,-1.758,925.000,375.000,-1,375.000,-1,300.000,300.000,300.000,300.000,-1,650.000,550.000,-1,650.000,650.000,975.000,-1,1,0,2,0,2,0,0,0,0,2,0,0,2,0,0,1,2
62,-1939.456,9799.719,53.135,31.115,0.855918,-0.516664,0.021501,0.515843,0.855991,0.034437,-0.036197,-0.018385,0.999176,0,0.81574,-0.88755,48.945,-1.775,875.000,375.000,-1,375.000,-1,300.000,300.000,300.000,300.000,-1,650.000,550.000,-1,650.000,650.000,975.000,-1,1,0,2,0,2,0,0,0,0,2,0,0,2,0,0,1,2
63,-1894.431,9824.964,51.324,29.278,0.872106,-0.488958,0.018737,0.488230,0.872081,0.033263,-0.032605,-0.019861,0.999271,0,0.86032,-0.91807,51.619,-1.836,850.000,375.000,-1,375.000,-1,300.000,300.000,300.000,300.000,-1,650.000,550.000,-1,650.000,650.000,975.000,-1,1,0,2,0,2,0,0,0,0,2,0,0,2,0,0,1,2
64,-1848.388,9848.869,49.613,27.439,0.887408,-0.460696,0.016312,0.460054,0.887310,0.032119,-0.029271,-0.020998,0.999351,0,0.86465,-0.91994,51.879,-1.840,825.000,375.000,-1,375.000,-1,300.000,300.000,300.000,300.000,-1,650.000,550.000,-1,650.000,650.000,975.000,-1,1,0,2,0,2,0,0,0,0,2,0,0,2,0,0,1,2
65,-1801.354,9871.399,48.090,25.595,0.901817,-0.431901,0.013691,0.431364,0.901662,0.030499,-0.025517,-0.021599,0.999441,0,0.86919,-0.92196,52.151,-1.844,800.000,375.000,-1,375.000,-1,300.000,300.000,300.000,300.000,-1,600.000,550.000,-1,675.000,650.000,975.000,-1,1,0,2,0,2,0,0,0,0,2,0,0,2,0,0,1,2
66,-1753.359,9892.514,47.466,23.746,0.915315,-0.402591,0.010848,0.402158,0.915111,0.029003,-0.021604,-0.022184,0.999520,0,0.87391,-0.92409,52.435,-1.848,800.000,375.000,-1,375.000,-1,300.000,300.000,300.000,300.000,-1,550.000,575.000,-1,675.000,650.000,1000.000,-1,1,0,2,0,2,0,0,0,0,2,0,0,2,0,0,1,2
67,-1704.436,9912.175,46.833,21.894,0.927883,-0.372790,0.007827,0.372456,0.927634,0.027778,-0.017616,-0.022860,0.999583,0,0.87877,-0.92633,52.726,-1.853,800.000,375.000,-1,375.000,-1,325.000,300.000,300.000,300.000,-1,500.000,575.000,-1,700.000,675.000,-1,-1,1,0,2,0,2,0,0,0,0,2,0,0,2,0,0,2,2
68,-1654.623,9930.341,46.195,20.036,0.939498,-0.342523,0.004644,0.342286,0.939212,0.026834,-0.013553,-0.023620,0.999629,0,0.88370,-0.92866,53.022,-1.857,800.000,375.000,-1,375.000,-1,325.000,300.000,300.000,300.000,-1,450.000,525.000,-1,700.000,675.000,-1,-1,1,0,2,0,2,0,0,0,0,2,0,0,2,0,0,2,2
69,-1603.964,9946.971,45.557,18.174,0.950142,-0.311816,0.001317,0.311677,0.949828,0.026177,-0.009413,-0.024461,0.999656,0,0.88864,-0.93108,53.318,-1.862,800.000,375.000,-1,375.000,-1,325.000,325.000,300.000,300.000,-1,425.000,475.000,-1,700.000,675.000,-1,-1,1,0,2,0,2,0,0,0,0,2,0,0,2,0,0,2,2
70,-1552.510,9962.025,44.922,16.307,0.959794,-0.280696,-0.002137,0.280656,0.959461,0.025814,-0.005196,-0.025376,0.999664,0,0.89351,-0.93360,53.610,-1.867,825.000,375.000,-1,375.000,-1,325.000,325.000,300.000,300.000,-1,375.000,425.000,-1,725.000,675.000,-1,-1,1,0,2,0,2,0,0,0,0,2,0,0,2,0,0,2,2
71,-1500.539,9975.417,44.297,14.449,0.968374,-0.249440,-0.005682,0.249503,0.968032,0.025748,-0.000922,-0.026351,0.999652,0,0.89449,-0.92882,53.669,-1.858,875.000,400.000,-1,375.000,-1,325.000,325.000,300.000,300.000,-1,325.000,350.000,-1,725.000,700.000,-1,-1,1,0,2,0,2,0,0,0,0,2,0,0,2,0,0,2,2
72,-1448.255,9987.112,43.773,12.609,0.975859,-0.218216,-0.008949,0.218377,0.975526,0.025703,0.003121,-0.027037,0.999630,0,0.89293,-0.92027,53.576,-1.841,-1,400.000,-1,375.000,-1,325.000,325.000,300.000,300.000,-1,300.000,325.000,-1,750.000,700.000,-1,-1,2,0,2,0,2,0,0,0,0,2,0,0,2,0,0,2,2
73,-1395.766,9997.111,43.328,10.786,0.982273,-0.187069,-0.012041,0.187325,0.981961,0.025726,0.007011,-0.027525,0.999597,0,0.89054,-0.91151,53.432,-1.823,-1,400.000,-1,375.000,-1,325.000,325.000,300.000,300.000,-1,275.000,300.000,-1,750.000,700.000,-1,-1,2,0,2,0,2,0,0,0,0,2,0,0,2,0,0,2,2
74,-1343.178,10005.422,43.130,8.981,0.987643,-0.156035,-0.014669,0.156386,0.987330,0.026894,0.010287,-0.028856,0.999531,0,0.88735,-0.90265,53.241,-1.805,-1,400.000,-1,375.000,-1,325.000,325.000,300.000,300.000,-1,275.000,300.000,-1,750.000,700.000,-1,-1,2,0,2,0,2,0,0,0,0,2,0,0,2,0,0,2,2
75,-1290.591,10012.060,43.373,7.193,0.991992,-0.125150,-0.016987,0.125615,0.991630,0.029848,0.013109,-0.031743,0.999410,0,0.88341,-0.89378,53.004,-1.788,-1,400.000,-1,375.000,-1,325.000,325.000,300.000,300.000,-1,275.000,300.000,-1,775.000,725.000,-1,-1,2,0,2,0,2,0,0,0,0,2,0,0,2,0,0,2,2
76,-1238.099,10017.040,44.297,5.420,0.995384,-0.094404,-0.017301,0.094900,0.995018,0.030550,0.014331,-0.032051,0.999383,0,0.87879,-0.88662,52.727,-1.773,-1,400.000,-1,375.000,-1,325.000,325.000,300.000,300.000,-1,325.000,350.000,-1,775.000,725.000,-1,-1,2,0,2,0,2,0,0,0,0,2,0,0,2,0,0,2,2
77,-1185.790,10020.378,45.295,3.651,0.997816,-0.063652,-0.017679,0.064181,0.997452,0.031165,0.015651,-0.032231,0.999358,0,0.87359,-0.88424,52.415,-1.768,-1,400.000,-1,375.000,-1,325.000,325.000,300.000,300.000,-1,375.000,400.000,-1,775.000,725.000,-1,-1,2,0,2,0,2,0,0,0,0,2,0,0,2,0,0,2,2
78,-1128.613,10022.498,46.411,2.123,0.999149,-0.037023,-0.018201,0.037592,0.998782,0.031972,0.016995,-0.032629,0.999323,0,0.95359,-0.76424,57.215,-1.528,-1,400.000,-1,375.000,-1,325.000,325.000,300.000,300.000,-1,450.000,450.000,-1,800.000,725.000,-1,-1,2,0,2,0,2,0,0,0,0,2,0,0,2,0,0,2,2
79,-1069.402,10023.360,47.593,0.834,0.999717,-0.014554,-0.018818,0.015169,0.999343,0.032922,0.018327,-0.033198,0.999281,0,0.98695,-0.64424,59.217,-1.288,-1,400.000,-1,375.000,-1,325.000,325.000,300.000,300.000,-1,500.000,500.000,-1,800.000,725.000,-1,-1,2,0,2,0,2,0,0,0,0,2,0,0,2,0,0,2,2
80,-1010.545,10023.140,48.794,-0.214,0.999803,0.003734,-0.019490,-0.003071,0.999419,0.033954,0.019606,-0.033887,0.999233,0,0.98096,-0.52424,58.858,-1.048,-1,400.000,-1,375.000,-1,325.000,325.000,300.000,300.000,-1,525.000,550.000,-1,800.000,750.000,-1,-1,2,0,2,0,2,0,0,0,0,2,0,0,2,0,0,2,2
81,-952.039,10022.096,50.010,-1.023,0.999637,0.017835,-0.020207,-0.017120,0.999239,0.035046,0.020817,-0.034687,0.999181,0,0.97525,-0.40424,58.515,-0.808,-1,400.000,-1,375.000,-1,325.000,325.000,300.000,300.000,-1,575.000,600.000,-1,825.000,750.000,-1,-1,2,0,2,0,2,0,0,0,0,2,0,0,2,0,0,2,2
82,-893.864,10020.481,51.237,-1.591,0.999395,0.027748,-0.020962,-0.026977,0.998981,0.036177,0.021944,-0.035590,0.999126,0,0.96996,-0.28424,58.197,-0.568,-1,400.000,-1,375.000,-1,325.000,325.000,300.000,300.000,-1,625.000,650.000,-1,825.000,750.000,-1,-1,2,0,2,0,2,0,0,0,0,2,0,0,2,0,0,2,2
83,-835.991,10018.400,52.475,-2.059,0.999119,0.035905,-0.021735,-0.035077,0.998687,0.037334,0.023047,-0.036539,0.999066,0,0.96516,-0.23400,57.910,-0.468,-1,400.000,-1,400.000,-1,325.000,325.000,300.000,300.000,-1,650.000,675.000,-1,825.000,750.000,-1,-1,2,0,2,0,2,0,0,0,0,2,0,0,2,0,0,2,2
84,-778.405,10015.857,53.729,-2.529,0.998773,0.044098,-0.022517,-0.043209,0.998323,0.038515,0.024178,-0.037494,0.999004,0,0.96071,-0.23509,57.643,-0.470,-1,425.000,-1,400.000,-1,325.000,325.000,300.000,300.000,-1,700.000,725.000,-1,850.000,775.000,-1,-1,2,0,2,0,2,0,0,0,0,2,0,0,2,0,0,2,2
85,-721.094,10012.851,54.999,-3.002,0.998357,0.052340,-0.023307,-0.051388,0.997889,0.039718,0.025337,-0.038455,0.998939,0,0.95650,-0.23662,57.390,-0.473,-1,425.000,-1,400.000,-1,325.000,325.000,300.000,300.000,-1,725.000,750.000,-1,850.000,775.000,-1,-1,2,0,2,0,2,0,0,0,0,2,0,0,2,0,0,2,2
86,-664.044,10009.383,56.298,-3.480,0.997872,0.060645,-0.023960,-0.059634,0.997382,0.040893,0.026377,-0.039377,0.998876,0,0.95257,-0.23856,57.154,-0.477,-1,425.000,-1,400.000,-1,325.000,325.000,300.000,300.000,-1,775.000,800.000,-1,875.000,800.000,-1,-1,2,0,2,0,2,0,0,0,0,2,0,0,2,0,0,2,2
87,-607.240,10005.450,57.448,-3.961,0.997351,0.069026,-0.022931,-0.068012,0.996783,0.042412,0.025785,-0.040741,0.998837,0,0.94900,-0.24090,56.940,-0.482,-1,425.000,-1,400.000,-1,325.000,325.000,300.000,300.000,-1,850.000,850.000,-1,875.000,800.000,-1,-1,2,0,2,0,2,0,0,0,0,2,0,0,2,0,0,2,2
88,-550.662,10001.048,58.521,-4.449,0.996763,0.077498,-0.021406,-0.076513,0.996118,0.043538,0.024697,-0.041759,0.998822,0,0.94582,-0.24364,56.749,-0.487,-1,425.000,-1,400.000,-1,325.000,325.000,300.000,300.000,1000.000,925.000,950.000,-1,850.000,800.000,-1,-1,2,0,2,0,2,0,0,0,0,1,0,0,2,0,0,2,2
89,-494.288,9996.174,59.615,-4.942,0.996091,0.086070,-0.019880,-0.085117,0.995369,0.044662,0.023632,-0.042796,0.998804,0,0.94307,-0.24674,56.584,-0.493,-1,425.000,-1,400.000,-1,325.000,325.000,300.000,300.000,925.000,1000.000,-1,-1,850.000,800.000,-1,-1,2,0,2,0,2,0,0,0,0,1,0,2,2,0,0,2,2
90,-438.096,9990.821,60.732,-5.443,0.995331,0.094756,-0.018349,-0.093836,0.994534,0.045785,0.022587,-0.043849,0.998783,0,0.94077,-0.25020,56.446,-0.500,-1,425.000,-1,400.000,-1,325.000,325.000,300.000,300.000,900.000,-1,-1,-1,850.000,800.000,-1,-1,2,0,2,0,2,0,0,0,0,1,2,2,2,0,0,2,2
91,-382.062,9984.981,61.874,-5.951,0.994481,0.103565,-0.016811,-0.102682,0.993608,0.046906,0.021561,-0.044921,0.998758,0,0.93895,-0.25401,56.337,-0.508,-1,400.000,-1,400.000,-1,325.000,325.000,300.000,300.000,875.000,-1,-1,-1,850.000,800.000,-1,-1,2,0,2,0,2,0,0,0,0,1,2,2,2,0,0,2,2
92,-326.163,9978.646,63.042,-6.467,0.993534,0.112509,-0.015262,-0.111664,0.992585,0.048025,0.020552,-0.046010,0.998730,0,0.93762,-0.25814,56.257,-0.516,-1,400.000,-1,400.000,-1,325.000,325.000,300.000,300.000,850.000,-1,-1,-1,850.000,800.000,-1,-1,2,0,2,0,2,0,0,0,0,1,2,2,2,0,0,2,2
93,-270.375,9971.804,64.240,-6.992,0.992485,0.121596,-0.013699,-0.120792,0.991461,0.049143,0.019558,-0.047118,0.998698,0,0.93678,-0.26259,56.207,-0.525,-1,400.000,-1,400.000,-1,325.000,325.000,300.000,300.000,850.000,-1,-1,-1,850.000,800.000,-1,-1,2,0,2,0,2,0,0,0,0,1,2,2,2,0,0,2,2
94,-216.993,9964.988,65.406,-7.277,0.991889,0.126522,-0.012217,-0.125764,0.990789,0.050210,0.018457,-0.048266,0.998664,0,0.89692,-0.14259,53.815,-0.285,-1,400.000,-1,400.000,-1,325.000,325.000,300.000,300.000,850.000,-1,-1,-1,850.000,800.000,-1,-1,2,0,2,0,2,0,0,0,0,1,2,2,2,0,0,2,2
95,-163.597,9958.128,66.585,-7.322,0.991807,0.127296,-0.010752,-0.126589,0.990629,0.051281,0.017179,-0.049500,0.998626,0,0.89725,-0.02259,53.835,-0.045,-1,400.000,-1,400.000,-1,325.000,325.000,300.000,300.000,875.000,-1,-1,-1,825.000,800.000,-1,-1,2,0,2,0,2,0,0,0,0,1,2,2,2,0,0,2,2
96,-110.123,9951.442,67.770,-7.128,0.992249,0.123919,-0.009304,-0.123270,0.990991,0.052363,0.015709,-0.050811,0.998585,0,0.89817,0.09741,53.890,0.195,-1,400.000,-1,400.000,-1,325.000,325.000,300.000,300.000,900.000,-1,-1,-1,825.000,800.000,-1,-1,2,0,2,0,2,0,0,0,0,1,2,2,2,0,0,2,2
97,-56.515,9945.153,68.952,-6.693,0.993173,0.116386,-0.007875,-0.115805,0.991832,0.053464,0.014033,-0.052187,0.998539,0,0.89960,0.21741,53.976,0.435,-1,400.000,-1,400.000,-1,325.000,325.000,300.000,300.000,900.000,-1,-1,-1,825.000,800.000,-1,-1,2,0,2,0,2,0,0,0,0,1,2,2,2,0,0,2,2
98,-2.726,9939.484,69.941,-6.018,0.994483,0.104685,-0.006702,-0.104158,0.993019,0.055351,0.012450,-0.054348,0.998444,0,0.90146,0.33741,54.088,0.675,-1,400.000,-1,400.000,-1,325.000,325.000,300.000,300.000,925.000,-1,-1,-1,825.000,800.000,-1,-1,2,0,2,0,2,0,0,0,0,1,2,2,2,0,0,2,2
99,51.275,9934.608,70.443,-5.161,0.995942,0.089807,-0.005794,-0.089340,0.994398,0.056482,0.010834,-0.055736,0.998387,0,0.90368,0.42868,54.221,0.857,-1,400.000,-1,400.000,-1,325.000,325.000,300.000,300.000,975.000,-1,-1,-1,800.000,825.000,-1,-1,2,0,2,0,2,0,0,0,0,1,2,2,2,0,0,2,2
100,105.490,9930.519,70.624,-4.314,0.997165,0.075106,-0.004686,-0.074722,0.995601,0.056522,0.008911,-0.056011,0.998390,0,0.90615,0.42324,54.369,0.846,-1,400.000,-1,400.000,-1,325.000,325.000,275.000,300.000,1000.000,-1,-1,-1,800.000,825.000,-1,-1,2,0,2,0,2,0,0,0,0,1,2,2,2,0,0,2,2
101,159.912,9927.211,70.775,-3.479,0.998157,0.060580,-0.003561,-0.060282,0.996577,0.056569,0.006976,-0.056250,0.998392,0,0.90872,0.41773,54.523,0.835,-1,400.000,-1,400.000,-1,325.000,325.000,275.000,275.000,-1,-1,-1,-1,775.000,825.000,-1,-1,2,0,2,0,2,0,0,0,0,2,2,2,2,0,0,2,2
102,214.537,9924.679,70.897,-2.654,0.998928,0.046236,-0.002425,-0.046025,0.997334,0.056622,0.005037,-0.056449,0.998393,0,0.91139,0.41216,54.683,0.824,-1,400.000,-1,400.000,-1,325.000,325.000,275.000,275.000,-1,-1,-1,-1,775.000,825.000,-1,-1,2,0,2,0,2,0,0,0,0,2,2,2,2,0,0,2,2
103,269.357,9922.917,70.991,-1.841,0.999485,0.032079,-0.001284,-0.031955,0.997881,0.056676,0.003099,-0.056605,0.998392,0,0.91416,0.40652,54.849,0.813,-1,400.000,-1,400.000,-1,325.000,325.000,275.000,275.000,-1,-1,-1,-1,750.000,825.000,-1,-1,2,0,2,0,2,0,0,0,0,2,2,2,2,0,0,2,2
104,324.369,9921.919,71.058,-1.040,0.999836,0.018115,-0.000141,-0.018078,0.998226,0.056728,0.001169,-0.056716,0.998390,0,0.91701,0.40081,55.021,0.802,-1,400.000,-1,400.000,-1,325.000,325.000,275.000,275.000,-1,-1,-1,-1,750.000,800.000,-1,-1,2,0,2,0,2,0,0,0,0,2,2,2,2,0,0,2,2
105,381.869,9921.606,71.101,-0.313,0.999985,0.005447,0.001062,-0.005498,0.998371,0.056784,-0.000751,-0.056789,0.998386,0,0.95835,0.36353,57.501,0.727,-1,400.000,-1,400.000,-1,325.000,325.000,275.000,275.000,-1,-1,-1,-1,750.000,800.000,-1,-1,2,0,2,0,2,0,0,0,0,2,2,2,2,0,0,2,2
106,439.797,9922.021,71.119,0.410,0.999972,-0.007153,0.002261,0.007013,0.998359,0.056831,-0.002664,-0.056813,0.998381,0,0.96550,0.36154,57.930,0.723,-1,400.000,-1,400.000,-1,325.000,325.000,275.000,275.000,-1,-1,-1,-1,725.000,800.000,-1,-1,2,0,2,0,2,0,0,0,0,2,2,2,2,0,0,2,2
107,498.141,9923.171,71.112,1.129,0.999801,-0.019671,0.003450,0.019443,0.998193,0.056863,-0.004562,-0.056784,0.998376,0,0.97260,0.35924,58.356,0.718,-1,400.000,-1,400.000,-1,325.000,325.000,275.000,275.000,-1,-1,-1,-1,725.000,800.000,-1,-1,2,0,2,0,2,0,0,0,0,2,2,2,2,0,0,2,2
108,556.889,9925.061,71.081,1.842,0.999474,-0.032095,0.004623,0.031780,0.997875,0.056875,-0.006438,-0.056698,0.998371,0,0.97964,0.35661,58.778,0.713,-1,400.000,-1,400.000,-1,325.000,325.000,275.000,275.000,-1,-1,-1,-1,700.000,800.000,-1,-1,2,0,2,0,2,0,0,0,0,2,2,2,2,0,0,2,2
109,616.025,9927.694,71.026,2.549,0.998997,-0.044410,0.005776,0.044011,0.997411,0.056863,-0.008286,-0.056552,0.998365,0,0.98658,0.35363,59.195,0.707,-1,375.000,-1,400.000,1000.000,325.000,325.000,275.000,300.000,-1,-1,-1,-1,700.000,775.000,-1,975.000,2,0,2,0,1,0,0,0,0,2,2,2,2,0,1,2,1
110,675.534,9931.072,70.686,3.250,0.998378,-0.056605,0.006109,0.056176,0.996849,0.055999,-0.009259,-0.055565,0.998412,0,0.99342,0.35028,59.605,0.701,-1,375.000,-1,400.000,925.000,325.000,325.000,275.000,300.000,-1,-1,-1,-1,700.000,725.000,-1,900.000,2,0,2,0,1,0,0,0,0,2,2,2,2,0,1,2,1
111,735.392,9935.197,70.241,3.943,0.997625,-0.068665,0.005414,0.068270,0.996178,0.054486,-0.009134,-0.053987,0.998500,0,1.00000,0.34654,60.000,0.693,-1,375.000,-1,400.000,875.000,325.000,325.000,275.000,300.000,-1,-1,-1,-1,675.000,700.000,-1,850.000,2,0,2,0,1,0,0,0,0,2,2,2,2,0,1,2,1
112,795.196,9940.037,69.781,4.628,0.996738,-0.080572,0.004702,0.080212,0.995373,0.052909,-0.008943,-0.052359,0.998588,0,1.00000,0.34237,60.000,0.685,-1,375.000,-1,400.000,800.000,325.000,325.000,275.000,300.000,-1,-1,-1,-1,700.000,650.000,-1,800.000,2,0,2,0,1,0,0,0,0,2,2,2,2,0,1,2,1
113,854.939,9945.582,69.311,5.303,0.995722,-0.092310,0.003975,0.091986,0.994440,0.051264,-0.008685,-0.050679,0.998677,0,1.00000,0.33776,60.000,0.676,-1,375.000,-1,400.000,750.000,325.000,325.000,275.000,300.000,-1,-1,-1,-1,700.000,625.000,-1,750.000,2,0,2,0,1,0,0,0,0,2,2,2,2,0,1,2,1
114,914.614,9951.820,68.833,5.969,0.994587,-0.103861,0.003234,0.103575,0.993387,0.049549,-0.008358,-0.048946,0.998766,0,1.00000,0.33270,60.000,0.665,-1,375.000,-1,400.000,675.000,325.000,325.000,275.000,300.000,-1,-1,-1,-1,700.000,600.000,-1,675.000,2,0,2,0,1,0,0,0,0,2,2,2,2,0,1,2,1
115,974.213,9958.739,68.351,6.623,0.993338,-0.115208,0.002479,0.114959,0.992221,0.047763,-0.007963,-0.047160,0.998856,0,1.00000,0.32715,60.000,0.654,-1,375.000,-1,400.000,625.000,325.000,325.000,275.000,300.000,-1,-1,-1,-1,700.000,575.000,-1,625.000,2,0,2,1,1,0,0,0,0,2,2,2,2,0,1,2,1
116,1033.731,9966.325,67.868,7.265,0.991987,-0.126332,0.001713,0.126121,0.990952,0.045903,-0.007497,-0.045319,0.998944,0,1.00000,0.32107,60.000,0.642,-1,375.000,-1,375.000,575.000,325.000,325.000,275.000,300.000,-1,-1,-1,-1,700.000,550.000,-1,575.000,2,0,2,1,1,0,1,0,0,2,2,2,2,0,1,2,1
117,1093.163,9974.564,67.388,7.894,0.990541,-0.137212,0.000938,0.137038,0.989589,0.043968,-0.006961,-0.043423,0.999033,0,1.00000,0.31443,60.000,0.629,-1,375.000,-1,350.000,500.000,325.000,325.000,275.000,300.000,-1,-1,-1,-1,700.000,525.000,-1,525.000,2,0,2,1,1,1,1,0,0,2,2,2,2,0,1,2,1
118,1147.718,9982.973,66.947,8.763,0.988348,-0.152214,0.000156,0.152073,0.987473,0.042081,-0.006559,-0.041567,0.999114,0,0.92000,0.43443,55.200,0.869,-1,375.000,-1,350.000,450.000,325.000,300.000,275.000,300.000,-1,-1,-1,-1,725.000,500.000,-1,475.000,2,0,2,1,1,1,1,0,0,2,2,2,2,0,1,2,1
119,1197.384,9991.542,66.542,9.790,0.985461,-0.169901,-0.000607,0.169788,0.984658,0.040251,-0.006241,-0.039769,0.999189,0,0.84000,0.51350,50.400,1.027,-1,375.000,-1,325.000,425.000,325.000,300.000,275.000,300.000,-1,-1,-1,-1,725.000,500.000,-1,450.000,2,0,2,1,1,0,1,0,0,2,2,2,2,0,1,2,1
120,1242.177,10000.085,66.171,10.800,0.982312,-0.187248,-0.001313,0.187159,0.981575,0.038505,-0.005921,-0.038069,0.999258,0,0.76000,0.50512,45.600,1.010,-1,375.000,-1,325.000,375.000,325.000,300.000,275.000,300.000,-1,-1,-1,-1,725.000,500.000,-1,400.000,2,0,2,1,1,0,1,0,0,2,2,2,2,0,1,2,1
121,1283.471,10008.708,66.345,11.794,0.978914,-0.204238,-0.003808,0.204232,0.978169,0.038394,-0.004117,-0.038362,0.999255,0,0.70308,0.49677,42.185,0.994,-1,400.000,-1,325.000,350.000,325.000,300.000,275.000,300.000,-1,-1,625.000,-1,750.000,500.000,-1,400.000,2,0,2,1,1,0,1,0,0,2,2,0,2,0,1,2,1
122,1324.625,10018.037,67.781,12.770,0.975248,-0.220838,-0.011029,0.221108,0.974349,0.041905,0.001491,-0.043307,0.999061,0,0.70331,0.48838,42.199,0.977,-1,400.000,-1,350.000,350.000,350.000,325.000,275.000,325.000,-1,550.000,475.000,-1,775.000,525.000,-1,425.000,2,0,2,1,1,0,1,0,0,2,0,0,2,0,1,2,1
123,1365.594,10028.048,69.032,13.729,0.971333,-0.237070,-0.017582,0.237632,0.970336,0.044496,0.006512,-0.047399,0.998855,0,0.70290,0.47950,42.174,0.959,-1,425.000,-1,350.000,350.000,350.000,325.000,275.000,350.000,-1,425.000,400.000,-1,800.000,575.000,-1,450.000,2,0,2,1,1,0,1,0,0,2,0,0,2,0,1,2,1
124,1406.328,10038.713,70.093,14.670,0.967212,-0.252922,-0.023071,0.253751,0.966162,0.046274,0.010587,-0.050611,0.998662,0,0.70179,0.47014,42.107,0.940,-1,425.000,-1,375.000,350.000,350.000,350.000,275.000,350.000,-1,375.000,350.000,-1,850.000,650.000,-1,475.000,2,0,2,1,1,0,1,0,0,2,0,0,2,0,1,2,1
125,1446.778,10050.001,70.843,15.590,0.962920,-0.268373,-0.027598,0.269439,0.961835,0.047717,0.013739,-0.053384,0.998480,0,0.69994,0.46030,41.996,0.921,-1,425.000,-1,375.000,350.000,375.000,375.000,275.000,375.000,-1,325.000,325.000,-1,875.000,825.000,-1,525.000,2,0,2,1,1,0,1,0,1,2,0,0,2,0,1,2,1
126,1486.895,10061.878,71.365,16.490,0.958486,-0.283418,-0.031292,0.284678,0.957398,0.048451,0.016227,-0.055348,0.998335,0,0.69730,0.45000,41.838,0.900,-1,450.000,-1,400.000,375.000,375.000,400.000,275.000,325.000,-1,325.000,325.000,-1,900.000,975.000,-1,-1,2,0,2,1,1,0,0,0,1,2,0,0,2,0,1,2,2
127,1526.626,10074.306,71.656,17.369,0.953943,-0.298045,-0.034102,0.299447,0.952879,0.048515,0.018036,-0.056493,0.998240,0,0.69383,0.43926,41.630,0.879,-1,450.000,-1,425.000,375.000,375.000,400.000,275.000,300.000,-1,300.000,325.000,-1,925.000,-1,-1,-1,2,0,2,1,1,0,0,0,1,2,0,0,2,0,2,2,2
128,1565.922,10087.245,71.716,18.225,0.949320,-0.312245,-0.035986,0.313728,0.948301,0.047952,0.019153,-0.056812,0.998201,0,0.68953,0.42812,41.372,0.856,-1,450.000,-1,450.000,375.000,375.000,400.000,275.000,275.000,-1,300.000,325.000,-1,950.000,-1,-1,-1,2,0,2,1,1,0,0,0,1,2,0,0,2,0,2,2,2
129,1604.733,10100.652,71.547,19.058,0.944645,-0.326012,-0.036911,0.327511,0.943687,0.046808,0.019573,-0.056306,0.998222,0,0.68436,0.41663,41.062,0.833,-1,450.000,-1,475.000,-1,375.000,400.000,275.000,250.000,-1,300.000,325.000,-1,975.000,-1,-1,-1,2,0,2,1,2,0,0,0,1,2,0,0,2,0,2,2,2
130,1643.012,10114.484,71.151,19.868,0.939941,-0.339340,-0.036856,0.340790,0.939056,0.045132,0.019295,-0.054982,0.998301,0,0.67835,0.40484,40.701,0.810,-1,450.000,-1,500.000,-1,375.000,400.000,275.000,250.000,-1,300.000,325.000,-1,1000.000,-1,-1,-1,2,0,2,1,2,0,0,0,1,2,0,0,2,0,2,2,2
131,1680.714,10128.694,70.531,20.654,0.935230,-0.352224,-0.035808,0.353565,0.934422,0.042975,0.018323,-0.052852,0.998434,0,0.67152,0.39281,40.291,0.786,-1,450.000,-1,525.000,-1,375.000,400.000,275.000,225.000,-1,325.000,325.000,-1,1000.000,-1,-1,-1,2,0,2,0,2,0,0,0,1,2,0,0,2,0,2,2,2
132,1717.799,10143.237,69.696,21.415,0.930527,-0.364663,-0.033765,0.365844,0.929800,0.040388,0.016667,-0.049935,0.998613,0,0.66392,0.38064,39.835,0.761,-1,450.000,-1,500.000,-1,375.000,400.000,275.000,200.000,-1,350.000,350.000,-1,1000.000,-1,-1,-1,2,0,2,0,2,0,0,0,1,2,0,0,2,0,2,2,2
133,1754.233,10158.068,68.651,22.152,0.925843,-0.376656,-0.030735,0.377636,0.925198,0.037423,0.014340,-0.046254,0.998827,0,0.65562,0.36840,39.337,0.737,-1,450.000,-1,500.000,-1,375.000,375.000,275.000,200.000,-1,375.000,375.000,-1,1000.000,-1,-1,-1,2,0,2,0,2,0,0,0,1,2,0,0,2,0,2,2,2
134,1789.984,10173.151,67.396,22.878,0.921091,-0.388431,-0.026707,0.389183,0.920529,0.034105,0.011337,-0.041807,0.999061,0,0.64672,0.36317,38.803,0.726,-1,450.000,-1,475.000,-1,375.000,375.000,275.000,175.000,-1,425.000,400.000,-1,1000.000,-1,-1,-1,2,0,2,0,2,0,0,0,1,2,0,0,2,0,2,2,2
135,1825.023,10188.458,65.936,23.601,0.916217,-0.400096,-0.021676,0.400610,0.915742,0.030469,0.007659,-0.036600,0.999301,0,0.63728,0.36146,38.237,0.723,-1,425.000,-1,475.000,-1,350.000,375.000,275.000,175.000,-1,500.000,450.000,-1,975.000,-1,-1,-1,2,0,2,0,2,0,0,0,1,2,0,0,2,0,2,2,2
