timestep,x_cm,y_cm,z_cm,yaw_deg,basis_xx,basis_xy,basis_xz,basis_yx,basis_yy,basis_yz,basis_zx,basis_zy,basis_zz,teleport_flag,throttle_cmd,steering_cmd,cmd_move_cm,cmd_turn_deg,lidar_cm_0,lidar_cm_1,lidar_cm_2,lidar_cm_3,lidar_cm_4,lidar_cm_5,lidar_cm_6,lidar_cm_7,lidar_cm_8,lidar_cm_9,lidar_cm_10,lidar_cm_11,lidar_cm_12,lidar_cm_13,lidar_cm_14,lidar_cm_15,lidar_cm_16,lidar_class_0,lidar_class_1,lidar_class_2,lidar_class_3,lidar_class_4,lidar_class_5,lidar_class_6,lidar_class_7,lidar_class_8,lidar_class_9,lidar_class_10,lidar_class_11,lidar_class_12,lidar_class_13,lidar_class_14,lidar_class_15,lidar_class_16
0,5575.476,3607.733,180.989,-25.751,0.898497,0.430688,-0.084914,-0.437909,0.892876,-0.104921,0.030630,0.131456,0.990849,1,0.00000,0.00000,4.800,0.115,-1,-1,-1,-1,-1,-1,-1,325.000,225.000,-1,-1,-1,-1,-1,-1,-1,-1,2,2,2,2,2,2,2,0,0,2,2,2,2,2,2,2,2
1,5579.809,3605.668,180.942,-25.511,0.900354,0.426891,-0.084426,-0.434115,0.894560,-0.106334,0.030131,0.132389,0.990740,0,0.08000,0.12000,4.800,0.240,-1,-1,-1,-1,-1,-1,-1,325.000,225.000,-1,-1,-1,-1,-1,-1,-1,-1,2,2,2,2,2,2,2,0,0,2,2,2,2,2,2,2,2
2,5588.490,3601.572,180.903,-25.273,0.902231,0.423069,-0.083616,-0.430288,0.896092,-0.108953,0.028833,0.134280,0.990524,0,0.16000,0.11879,9.600,0.238,-1,-1,-1,-1,-1,-1,-1,325.000,225.000,-1,-1,-1,-1,-1,-1,-1,-1,2,2,2,2,2,2,2,0,0,2,2,2,2,2,2,2,2
3,5601.538,3595.480,180.864,-25.045,0.904085,0.419324,-0.082455,-0.426520,0.897414,-0.112826,0.026686,0.137173,0.990188,0,0.24000,0.11427,14.400,0.229,-1,-1,-1,-1,-1,-1,-1,325.000,225.000,-1,-1,-1,-1,-1,-1,-1,-1,2,2,2,2,2,2,2,0,0,2,2,2,2,2,2,2,2
4,5618.965,3587.424,180.810,-24.828,0.905900,0.415693,-0.080900,-0.422833,0.898488,-0.118035,0.023621,0.141135,0.989709,0,0.32000,0.10834,19.200,0.217,-1,-1,-1,-1,-1,-1,-1,325.000,200.000,-1,-1,-1,-1,-1,-1,-1,-1,2,2,2,2,2,2,2,0,0,2,2,2,2,2,2,2,2
5,5640.785,3577.431,180.717,-24.626,0.907662,0.412218,-0.078900,-0.419245,0.899270,-0.124689,0.019553,0.146254,0.989054,0,0.40000,0.10084,24.000,0.202,-1,-1,-1,-1,-1,-1,-1,325.000,200.000,-1,-1,-1,-1,-1,-1,-1,-1,2,2,2,2,2,2,2,0,0,2,2,2,2,2,2,2,2
6,5667.007,3565.524,180.556,-24.443,0.909357,0.408942,-0.076397,-0.415768,0.899704,-0.132928,0.014375,0.152642,0.988177,0,0.48000,0.09159,28.800,0.183,-1,-1,-1,-1,-1,-1,-1,325.000,175.000,-1,-1,-1,-1,-1,-1,-1,-1,2,2,2,2,2,2,2,0,0,2,2,2,2,2,2,2,2
7,5697.639,3551.718,180.288,-24.283,0.910967,0.405909,-0.073328,-0.412403,0.899722,-0.142917,0.007964,0.160433,0.987015,0,0.56000,0.08033,33.600,0.161,-1,-1,-1,-1,-1,-1,-1,350.000,175.000,-1,-1,-1,-1,-1,-1,-1,-1,2,2,2,2,2,2,2,0,0,2,2,2,2,2,2,2,2
8,5732.685,3536.024,179.870,-24.149,0.912472,0.403172,-0.069626,-0.409140,0.899236,-0.154852,0.000178,0.169784,0.985481,0,0.64000,0.06672,38.400,0.133,-1,-1,-1,-1,-1,-1,-1,350.000,175.000,-1,-1,-1,-1,-1,-1,-1,-1,2,2,2,2,2,2,2,0,1,2,2,2,2,2,2,2,2
9,3607.628,-4263.566,135.396,-162.724,-0.954214,0.296753,0.037594,-0.297864,-0.954185,-0.028418,0.027439,-0.038315,0.998889,1,0.00000,0.00000,43.200,0.101,-1,425.000,-1,400.000,-1,325.000,325.000,300.000,300.000,-1,-1,-1,-1,950.000,900.000,-1,-1,2,0,2,0,2,0,0,0,0,2,2,2,2,0,0,2,2
10,3603.039,-4264.972,135.519,-162.964,-0.955456,0.292754,0.037414,-0.293862,-0.955420,-0.028578,0.027380,-0.038299,0.998891,0,0.08000,-0.12000,4.800,-0.240,-1,425.000,-1,400.000,-1,325.000,325.000,300.000,300.000,-1,-1,-1,-1,950.000,900.000,-1,-1,2,0,2,0,2,0,0,0,0,2,2,2,2,0,0,2,2
11,3593.837,-4267.708,135.767,-163.444,-0.957889,0.284740,0.037048,-0.285843,-0.957841,-0.028891,0.027260,-0.038264,0.998896,0,0.16000,-0.24000,9.600,-0.480,-1,425.000,-1,400.000,-1,325.000,325.000,300.000,300.000,-1,-1,-1,-1,950.000,900.000,-1,-1,2,0,2,0,2,0,0,0,0,2,2,2,2,0,0,2,2
12,3579.983,-4271.637,136.145,-164.164,-0.961412,0.272682,0.036490,-0.273777,-0.961345,-0.029345,0.027077,-0.038203,0.998903,0,0.24000,-0.36000,14.400,-0.720,-1,425.000,-1,400.000,-1,325.000,325.000,300.000,300.000,-1,-1,-1,-1,950.000,900.000,-1,-1,2,0,2,0,2,0,0,0,0,2,2,2,2,0,0,2,2
13,3561.427,-4276.566,136.662,-165.124,-0.965874,0.256538,0.035728,-0.257621,-0.965783,-0.029921,0.026830,-0.038105,0.998914,0,0.32000,-0.48000,19.200,-0.960,-1,425.000,-1,400.000,-1,325.000,325.000,300.000,300.000,-1,-1,-1,-1,950.000,900.000,-1,-1,2,0,2,0,2,0,0,0,0,2,2,2,2,0,0,2,2
14,3538.107,-4282.240,137.328,-166.324,-0.971069,0.236257,0.034752,-0.237323,-0.970949,-0.030594,0.026514,-0.037956,0.998928,0,0.40000,-0.60000,24.000,-1.200,-1,425.000,-1,400.000,-1,325.000,325.000,300.000,325.000,-1,-1,-1,-1,950.000,900.000,-1,-1,2,0,2,0,2,0,0,0,0,2,2,2,2,0,0,2,2
15,3509.978,-4288.422,138.156,-167.607,-0.976154,0.214469,0.033564,-0.215512,-0.975998,-0.031339,0.026037,-0.037825,0.998945,0,0.48000,-0.64121,28.800,-1.282,-1,425.000,-1,400.000,-1,325.000,325.000,300.000,325.000,-1,-1,-1,-1,925.000,900.000,-1,-1,2,0,2,0,2,0,0,0,0,2,2,2,2,0,0,2,2
16,3477.008,-4294.901,139.153,-168.881,-0.980729,0.192708,0.032165,-0.193723,-0.980530,-0.032139,0.025345,-0.037751,0.998966,0,0.56000,-0.63723,33.600,-1.274,-1,425.000,-1,400.000,-1,325.000,325.000,300.000,325.000,-1,-1,-1,-1,925.000,900.000,-1,-1,2,0,2,0,2,0,0,0,0,2,2,2,2,0,0,2,2
17,3439.175,-4301.473,140.326,-170.146,-0.984795,0.171010,0.030552,-0.171990,-0.984547,-0.032976,0.024441,-0.037729,0.998989,0,0.64000,-0.63263,38.400,-1.265,-1,425.000,-1,400.000,-1,325.000,325.000,300.000,325.000,-1,-1,-1,-1,925.000,900.000,-1,-1,2,0,2,0,2,0,0,0,0,2,2,2,2,0,0,2,2
18,3396.487,-4308.103,141.677,-171.172,-0.987751,0.153365,0.028749,-0.154303,-0.987443,-0.033867,0.023194,-0.037888,0.999013,0,0.72000,-0.51263,43.200,-1.025,-1,425.000,-1,400.000,-1,325.000,325.000,300.000,325.000,-1,-1,-1,-1,925.000,900.000,-1,-1,2,0,2,0,2,0,0,0,0,2,2,2,2,0,0,2,2
19,3348.959,-4314.819,143.202,-171.957,-0.989816,0.139816,0.026757,-0.140704,-0.989439,-0.034828,0.021605,-0.038238,0.999035,0,0.80000,-0.39263,48.000,-0.785,-1,425.000,-1,425.000,-1,325.000,325.000,300.000,325.000,-1,-1,-1,-1,925.000,900.000,-1,-1,2,0,2,0,2,0,0,0,0,2,2,2,2,0,0,2,2
20,3300.124,-4321.247,144.605,-172.502,-0.991150,0.130394,0.024874,-0.131221,-0.990731,-0.035130,0.020063,-0.038083,0.999073,0,0.82094,-0.27263,49.256,-0.545,-1,425.000,-1,425.000,-1,350.000,325.000,300.000,325.000,-1,-1,-1,-1,925.000,925.000,-1,-1,2,0,2,0,2,0,0,0,0,2,2,2,2,0,0,2,2
21,3250.985,-4327.448,145.488,-172.807,-0.991890,0.125122,0.022321,-0.125831,-0.991475,-0.033830,0.017898,-0.036364,0.999178,0,0.82547,-0.15263,49.528,-0.305,-1,425.000,-1,425.000,-1,350.000,325.000,325.000,325.000,-1,-1,-1,-1,925.000,900.000,-1,-1,2,0,2,0,2,0,0,0,0,2,2,2,2,0,0,2,2
22,3201.567,-4333.627,145.835,-172.873,-0.992076,0.123990,0.020286,-0.124638,-0.991600,-0.034576,0.015829,-0.036830,0.999196,0,0.83006,-0.03263,49.803,-0.065,-1,425.000,-1,425.000,-1,325.000,325.000,300.000,300.000,-1,-1,-1,-1,900.000,900.000,-1,-1,2,0,2,0,2,0,0,0,0,2,2,2,2,0,0,2,2
23,3151.920,-4339.989,146.112,-172.698,-0.991736,0.127010,0.018093,-0.127589,-0.991190,-0.035550,0.013418,-0.037564,0.999204,0,0.83421,0.08737,50.053,0.175,-1,425.000,-1,400.000,-1,325.000,325.000,300.000,300.000,-1,-1,-1,-1,900.000,900.000,-1,-1,2,0,2,0,2,0,0,0,0,2,2,2,2,0,0,2,2
24,3102.321,-4346.711,146.372,-172.283,-0.990829,0.134178,0.015922,-0.134682,-0.990216,-0.036511,0.010868,-0.038321,0.999206,0,0.83421,0.20737,50.053,0.415,-1,425.000,-1,400.000,-1,325.000,325.000,300.000,300.000,-1,-1,-1,-1,875.000,875.000,-1,-1,2,0,2,0,2,0,0,0,0,2,2,2,2,0,0,2,2
25,3052.802,-4353.999,146.609,-171.628,-0.989265,0.145480,0.013781,-0.145903,-0.988588,-0.037492,0.008170,-0.039101,0.999202,0,0.83421,0.32737,50.053,0.655,-1,425.000,-1,400.000,-1,325.000,325.000,300.000,300.000,-1,-1,-1,-1,875.000,875.000,-1,-1,2,0,2,0,2,0,0,0,0,2,2,2,2,0,0,2,2
26,3003.403,-4362.059,146.816,-170.734,-0.986903,0.160894,0.011677,-0.161230,-0.986165,-0.038525,0.005317,-0.039903,0.999189,0,0.83421,0.44737,50.053,0.895,-1,400.000,-1,400.000,-1,325.000,325.000,300.000,300.000,-1,-1,-1,-1,850.000,875.000,-1,-1,2,0,2,0,2,0,0,0,0,2,2,2,2,0,0,2,2
27,2954.172,-4371.094,146.989,-169.602,-0.983557,0.180340,0.009621,-0.180581,-0.982761,-0.039639,0.002306,-0.040725,0.999168,0,0.83421,0.56600,50.053,1.132,-1,400.000,-1,400.000,-1,325.000,325.000,300.000,300.000,-1,-1,-1,-1,850.000,875.000,-1,-1,2,0,2,0,2,0,0,0,0,2,2,2,2,0,0,2,2
28,2905.130,-4381.099,147.122,-168.470,-0.979825,0.199713,0.007604,-0.199857,-0.978973,-0.040850,-0.000714,-0.041546,0.999136,0,0.83421,0.56600,50.053,1.132,-1,400.000,-1,400.000,-1,325.000,325.000,300.000,300.000,-1,-1,-1,-1,850.000,850.000,-1,-1,2,0,2,0,2,0,0,0,0,2,2,2,2,0,0,2,2
29,2856.295,-4392.072,147.215,-167.338,-0.975707,0.219007,0.005634,-0.219048,-0.974803,-0.042153,-0.003740,-0.042363,0.999095,0,0.83421,0.56600,50.053,1.132,-1,400.000,-1,400.000,-1,325.000,325.000,300.000,325.000,-1,-1,-1,-1,850.000,850.000,-1,-1,2,0,2,0,2,0,0,0,0,2,2,2,2,0,0,2,2
30,2807.686,-4404.007,147.265,-166.206,-0.971205,0.238215,0.003714,-0.238147,-0.970253,-0.043542,-0.006769,-0.043173,0.999045,0,0.83421,0.56600,50.053,1.132,-1,400.000,-1,400.000,-1,325.000,325.000,300.000,325.000,-1,-1,-1,-1,825.000,850.000,-1,-1,2,0,2,0,2,0,0,0,0,2,2,2,2,0,0,2,2
31,2759.152,-4416.951,147.270,-165.067,-0.966294,0.257434,0.001837,-0.257253,-0.965295,-0.045012,-0.009814,-0.043967,0.998985,0,0.83719,0.56916,50.231,1.138,-1,400.000,-1,400.000,-1,325.000,325.000,300.000,325.000,-1,-1,-1,-1,825.000,850.000,-1,-1,2,0,2,0,2,0,0,0,0,2,2,2,2,0,0,2,2
32,2710.683,-4430.922,147.121,-163.922,-0.960963,0.276678,-0.000339,-0.276367,-0.959939,-0.046250,-0.013122,-0.044351,0.998930,0,0.84071,0.57283,50.443,1.146,-1,400.000,-1,400.000,-1,325.000,325.000,300.000,325.000,-1,-1,-1,-1,825.000,850.000,-1,-1,2,0,2,0,2,0,0,0,0,2,2,2,2,0,0,2,2
33,2662.299,-4445.927,146.435,-162.769,-0.955200,0.295956,-0.001877,-0.295568,-0.954237,-0.045518,-0.015263,-0.042923,0.998962,0,0.84428,0.57649,50.657,1.153,-1,400.000,-1,400.000,-1,325.000,325.000,300.000,325.000,-1,-1,-1,-1,825.000,850.000,-1,-1,2,0,2,0,2,0,0,0,0,2,2,2,2,0,0,2,2
34,2614.023,-4461.978,145.605,-161.608,-0.949004,0.315242,-0.003825,-0.314769,-0.948120,-0.044606,-0.017688,-0.041127,0.998997,0,0.84791,0.58014,50.874,1.160,-1,400.000,-1,400.000,-1,325.000,325.000,325.000,325.000,-1,-1,-1,-1,825.000,850.000,-1,-1,2,0,2,0,2,0,0,0,0,2,2,2,2,0,0,2,2
35,2565.877,-4479.083,144.735,-160.441,-0.942371,0.334520,-0.005758,-0.333967,-0.941566,-0.043807,-0.020076,-0.039359,0.999023,0,0.85158,0.58380,51.095,1.168,-1,400.000,-1,400.000,-1,325.000,325.000,325.000,300.000,-1,-1,-1,-1,850.000,850.000,-1,-1,2,0,2,0,2,0,0,0,0,2,2,2,2,0,0,2,2
36,2517.883,-4497.250,143.602,-159.266,-0.935310,0.353768,-0.006672,-0.353165,-0.934540,-0.043708,-0.021698,-0.038524,0.999022,0,0.85530,0.58745,51.318,1.175,-1,400.000,-1,400.000,-1,325.000,325.000,325.000,300.000,-1,-1,-1,-1,850.000,850.000,-1,-1,2,0,2,0,2,0,0,0,0,2,2,2,2,0,0,2,2
37,2470.065,-4516.489,142.352,-158.084,-0.927809,0.372980,-0.007460,-0.372325,-0.927059,-0.043984,-0.023321,-0.038032,0.999004,0,0.85906,0.59110,51.543,1.182,-1,400.000,-1,400.000,-1,325.000,325.000,325.000,300.000,-1,-1,-1,-1,850.000,850.000,-1,-1,2,0,2,0,2,0,0,0,0,2,2,2,2,0,0,2,2
38,2422.446,-4536.805,141.046,-156.894,-0.919864,0.392151,-0.008222,-0.391441,-0.919131,-0.044412,-0.024973,-0.037635,0.998979,0,0.86286,0.59475,51.772,1.190,-1,400.000,-1,400.000,-1,325.000,325.000,325.000,300.000,-1,-1,-1,-1,850.000,850.000,-1,-1,2,0,2,0,2,0,0,0,0,2,2,2,2,0,0,2,2
39,2375.053,-4558.207,139.600,-155.697,-0.911472,0.411263,-0.009054,-0.410481,-0.910738,-0.045406,-0.026919,-0.037670,0.998928,0,0.86670,0.59842,52.002,1.197,-1,400.000,-1,400.000,-1,325.000,325.000,325.000,300.000,-1,-1,-1,-1,850.000,850.000,-1,-1,2,0,2,0,2,0,0,0,0,2,2,2,2,0,0,2,2
40,2329.649,-4579.630,138.136,-154.741,-0.904477,0.426409,-0.009833,-0.425550,-0.903731,-0.046652,-0.028779,-0.038011,0.998863,0,0.83674,0.47842,50.204,0.957,-1,400.000,-1,400.000,-1,325.000,325.000,325.000,300.000,-1,-1,-1,-1,850.000,850.000,-1,-1,2,0,2,0,2,0,0,0,0,2,2,2,2,0,0,2,2
41,2284.322,-4601.715,136.639,-154.024,-0.899072,0.437673,-0.010555,-0.436738,-0.898308,-0.047981,-0.030482,-0.038529,0.998792,0,0.84034,0.35842,50.421,0.717,-1,400.000,-1,400.000,-1,325.000,325.000,325.000,325.000,-1,-1,-1,-1,850.000,850.000,-1,-1,2,0,2,0,2,0,0,0,0,2,2,2,2,0,0,2,2
42,2238.998,-4624.267,135.115,-153.547,-0.895399,0.445122,-0.011240,-0.444111,-0.894611,-0.049371,-0.032032,-0.039215,0.998717,0,0.84374,0.23842,50.625,0.477,975.000,400.000,-1,400.000,-1,325.000,325.000,325.000,325.000,-1,-1,-1,-1,850.000,850.000,-1,-1,1,0,2,0,2,0,0,0,0,2,2,2,2,0,0,2,2
43,2193.601,-4647.090,133.473,-153.310,-0.893550,0.448808,-0.011811,-0.447739,-0.892746,-0.050339,-0.033137,-0.039692,0.998662,0,0.84687,0.11842,50.812,0.237,950.000,400.000,-1,400.000,-1,325.000,325.000,325.000,325.000,-1,-1,-1,-1,850.000,850.000,-1,-1,1,0,2,0,2,0,0,0,0,2,2,2,2,0,0,2,2
44,2148.054,-4669.985,131.819,-153.313,-0.893573,0.448748,-0.012389,-0.447622,-0.892749,-0.051326,-0.034092,-0.040318,0.998605,0,0.84962,-0.00158,50.977,-0.003,900.000,400.000,-1,400.000,975.000,325.000,325.000,300.000,325.000,-1,-1,-1,-1,850.000,850.000,-1,-1,1,0,2,0,1,0,0,0,0,2,2,2,2,0,0,2,2
45,2102.286,-4692.748,130.121,-153.556,-0.895465,0.444944,-0.012949,-0.443772,-0.894623,-0.052123,-0.034776,-0.040928,0.998557,0,0.85193,-0.12158,51.116,-0.243,875.000,400.000,-1,400.000,925.000,325.000,325.000,300.000,325.000,-1,-1,-1,-1,825.000,850.000,-1,-1,1,0,2,0,1,0,0,0,0,2,2,2,2,0,1,2,2
46,2056.233,-4715.171,128.359,-154.040,-0.899178,0.437375,-0.013475,-0.436173,-0.898326,-0.052574,-0.035100,-0.041396,0.998526,0,0.85369,-0.24158,51.221,-0.483,850.000,400.000,-1,400.000,900.000,325.000,325.000,300.000,325.000,-1,-1,-1,-1,825.000,825.000,-1,-1,1,0,2,0,1,0,0,0,0,2,2,2,2,0,1,2,2
47,2009.840,-4737.038,126.424,-154.763,-0.904597,0.426005,-0.014941,-0.424751,-0.903780,-0.052620,-0.035920,-0.041254,0.998503,0,0.85479,-0.36158,51.288,-0.723,850.000,400.000,-1,400.000,850.000,325.000,325.000,325.000,325.000,-1,-1,-1,-1,825.000,825.000,-1,-1,1,0,2,0,1,0,0,0,0,2,2,2,2,0,1,2,2
48,1958.906,-4760.524,124.182,-155.246,-0.908110,0.418382,-0.017130,-0.417051,-0.907369,-0.052446,-0.037485,-0.040483,0.998477,0,0.93479,-0.24158,56.088,-0.483,825.000,400.000,-1,400.000,800.000,325.000,325.000,325.000,300.000,-1,-1,-1,-1,825.000,800.000,-1,-1,1,0,2,0,1,0,0,0,0,2,2,2,2,0,1,2,2
49,1904.438,-4785.359,121.787,-155.489,-0.909821,0.414542,-0.019493,-0.413124,-0.909169,-0.052351,-0.039425,-0.039577,0.998438,0,0.99771,-0.12158,59.863,-0.243,775.000,400.000,-1,400.000,750.000,325.000,325.000,325.000,300.000,-1,-1,-1,-1,800.000,800.000,1000.000,-1,1,0,2,0,1,0,0,0,0,2,2,2,2,0,1,1,2
50,1849.973,-4810.188,119.286,-155.492,-0.909795,0.414502,-0.021463,-0.412995,-0.909213,-0.052604,-0.041319,-0.038995,0.998385,0,0.99762,-0.00158,59.857,-0.003,750.000,400.000,-1,400.000,700.000,325.000,325.000,325.000,300.000,-1,-1,-1,-1,775.000,800.000,950.000,-1,1,0,2,0,1,0,0,0,0,2,2,2,2,0,1,1,2
51,1795.622,-4835.216,116.568,-155.275,-0.908186,0.417938,-0.022918,-0.416329,-0.907630,-0.053647,-0.043222,-0.039180,0.998297,0,0.99728,0.10847,59.837,0.217,700.000,400.000,-1,400.000,675.000,325.000,325.000,325.000,300.000,-1,-1,-1,-1,775.000,850.000,900.000,-1,1,0,2,0,1,0,0,0,0,2,2,2,2,0,1,1,2
52,1741.403,-4860.449,113.794,-155.043,-0.906453,0.421603,-0.024366,-0.419875,-0.905915,-0.054978,-0.045253,-0.039604,0.998190,0,0.99672,0.11601,59.803,0.232,675.000,400.000,-1,400.000,625.000,325.000,325.000,325.000,300.000,-1,-1,-1,-1,-1,925.000,-1,-1,1,0,2,0,1,0,0,0,0,2,2,2,2,2,1,2,2
53,1687.350,-4885.890,111.038,-154.796,-0.904590,0.425506,-0.025714,-0.423664,-0.904073,-0.056222,-0.047170,-0.039964,0.998087,0,0.99566,0.12373,59.740,0.247,625.000,400.000,-1,400.000,600.000,325.000,325.000,325.000,325.000,-1,-1,-1,-1,-1,-1,-1,-1,1,0,2,0,1,0,0,0,0,2,2,2,2,2,2,2,2
54,1633.501,-4911.538,108.301,-154.533,-0.902594,0.429649,-0.026959,-0.427699,-0.902098,-0.057380,-0.048973,-0.040261,0.997988,0,0.99409,0.13159,59.645,0.263,575.000,400.000,-1,400.000,575.000,325.000,325.000,325.000,325.000,-1,-1,-1,-1,-1,-1,-1,-1,1,0,2,1,1,0,0,0,0,2,2,2,2,2,2,2,2
55,1579.890,-4937.393,105.585,-154.253,-0.900458,0.434034,-0.028101,-0.431982,-0.899986,-0.058450,-0.050660,-0.040493,0.997895,0,0.99200,0.13956,59.520,0.279,550.000,375.000,-1,425.000,575.000,325.000,325.000,325.000,325.000,-1,-1,-1,-1,-1,-1,-1,-1,1,0,2,1,1,0,0,0,0,2,2,2,2,2,2,2,2
56,1526.553,-4963.455,102.890,-153.958,-0.898179,0.438662,-0.029140,-0.436515,-0.897732,-0.059432,-0.052230,-0.040661,0.997807,0,0.98940,0.14760,59.364,0.295,500.000,375.000,-1,450.000,575.000,325.000,325.000,325.000,325.000,-1,-1,-1,-1,-1,-1,-1,-1,1,0,2,1,1,0,1,0,0,2,2,2,2,2,2,2,2
57,1473.525,-4989.725,100.218,-153.647,-0.895754,0.443532,-0.030074,-0.441298,-0.895331,-0.060326,-0.053683,-0.040765,0.997726,0,0.98630,0.15568,59.178,0.311,475.000,400.000,-1,500.000,625.000,325.000,375.000,325.000,325.000,-1,-1,-1,-1,-1,-1,-1,-1,1,1,2,1,1,1,1,0,0,2,2,2,2,2,2,2,2
58,1420.837,-5016.195,97.207,-153.325,-0.893212,0.448579,-0.030804,-0.446352,-0.892871,-0.059595,-0.054237,-0.039481,0.997747,0,0.98273,0.16095,58.964,0.322,450.000,625.000,-1,575.000,725.000,475.000,450.000,325.000,325.000,-1,-1,-1,-1,-1,-1,-1,-1,1,1,2,1,1,1,1,0,0,2,2,2,2,2,2,2,2
59,1367.261,-5043.206,94.055,-153.243,-0.892535,0.449882,-0.031436,-0.447702,-0.892282,-0.058275,-0.054267,-0.037938,0.997805,0,1.00000,0.04095,60.000,0.082,400.000,700.000,-1,725.000,975.000,-1,-1,325.000,325.000,-1,-1,-1,-1,-1,-1,-1,-1,1,1,2,1,1,2,2,0,0,2,2,2,2,2,2,2,2
60,1313.692,-5070.233,90.448,-153.226,-0.892276,0.450208,-0.034000,-0.448068,-0.892253,-0.055853,-0.055482,-0.034602,0.997860,0,1.00000,0.00872,60.000,0.017,375.000,750.000,-1,-1,-1,-1,-1,325.000,325.000,-1,-1,-1,-1,-1,-1,-1,-1,1,1,2,2,2,2,2,1,0,2,2,2,2,2,2,2,2
61,1260.132,-5097.276,86.275,-153.208,-0.891894,0.450562,-0.038969,-0.448477,-0.892274,-0.052110,-0.058250,-0.029000,0.997881,0,1.00000,0.00877,60.000,0.018,-1,825.000,-1,-1,-1,-1,-1,300.000,300.000,-1,-1,-1,-1,-1,-1,-1,-1,2,1,2,2,2,2,2,1,0,2,2,2,2,2,2,2,2
62,1206.579,-5124.335,81.479,-153.190,-0.891373,0.450923,-0.046068,-0.448957,-0.892307,-0.047175,-0.062379,-0.021368,0.997824,0,1.00000,0.00883,60.000,0.018,-1,875.000,-1,-1,-1,-1,-1,300.000,250.000,-1,-1,-1,-1,-1,-1,-1,-1,2,1,2,2,2,2,2,1,1,2,2,2,2,2,2,2,2
63,1153.035,-5151.410,76.091,-153.173,-0.890661,0.451273,-0.055466,-0.449558,-0.892311,-0.040974,-0.067983,-0.011559,0.997620,0,1.00000,0.00889,60.000,0.018,-1,-1,-1,-1,-1,-1,-1,275.000,225.000,-1,-1,-1,-1,-1,-1,-1,-1,2,2,2,2,2,2,2,1,1,2,2,2,2,2,2,2,2
64,1099.499,-5178.514,64.011,-153.155,-0.889232,0.451445,-0.073925,-0.447430,-0.891958,-0.064940,-0.095255,-0.024671,0.995147,0,1.00000,0.00895,60.000,0.018,-1,825.000,-1,-1,-1,-1,-1,225.000,200.000,-1,-1,-1,-1,-1,-1,-1,-1,2,1,2,2,2,2,2,1,1,2,2,2,2,2,2,2,2
65,-2295.625,4919.417,16.586,-28.037,0.827470,0.470046,0.307164,-0.440366,0.882642,-0.164383,-0.348384,0.000757,0.937352,1,0.00000,0.00000,60.000,0.018,150.000,225.000,425.000,250.000,350.000,225.000,225.000,225.000,650.000,-1,75.000,50.000,-1,300.000,325.000,175.000,325.000,1,0,0,0,0,0,0,1,0,2,1,1,2,0,0,1,0
66,-4263.351,2295.694,88.060,-99.407,-0.125413,0.962290,0.241391,-0.979024,-0.159420,0.126874,0.160572,-0.220416,0.962099,1,0.00000,0.00000,4.800,0.240,225.000,600.000,-1,525.000,300.000,700.000,600.000,225.000,125.000,300.000,200.000,375.000,-1,900.000,-1,375.000,-1,1,1,2,1,1,1,1,1,1,0,0,0,2,1,2,1,2
67,-2295.869,983.812,4.143,-169.579,-0.926086,0.177921,0.332730,-0.226452,-0.967450,-0.112957,0.301803,-0.179955,0.936233,1,0.00000,0.00000,4.800,0.240,-1,-1,-1,175.000,175.000,275.000,175.000,325.000,650.000,175.000,50.000,100.000,-1,-1,225.000,-1,150.000,2,2,2,1,1,1,1,0,1,0,0,0,2,2,1,2,1
68,-327.979,7543.399,-142.635,9.521,0.982404,-0.163609,0.090081,0.147518,0.975534,0.163008,-0.114547,-0.146851,0.982504,1,0.00000,0.00000,4.800,0.240,-1,575.000,925.000,225.000,925.000,325.000,175.000,275.000,475.000,425.000,0.000,-1,-1,775.000,375.000,975.000,525.000,2,1,1,0,0,1,1,1,1,1,1,2,2,1,0,1,0
69,-5575.452,-4263.554,127.060,83.409,0.117161,-0.991566,0.055413,0.992268,0.114578,-0.047706,0.040955,0.060574,0.997323,1,0.00000,0.00000,4.800,-0.240,-1,375.000,-1,425.000,-1,300.000,325.000,325.000,325.000,-1,525.000,450.000,-1,800.000,-1,-1,-1,2,0,2,0,2,0,0,0,0,2,0,0,2,0,2,2,2
70,-5574.882,-4258.788,127.245,83.169,0.121320,-0.991053,0.055632,0.991777,0.118727,-0.047772,0.040739,0.060970,0.997308,0,0.08000,-0.12000,4.800,-0.240,-1,375.000,-1,425.000,-1,300.000,325.000,325.000,325.000,-1,525.000,450.000,-1,800.000,-1,-1,-1,2,0,2,0,2,0,0,0,0,2,0,0,2,0,2,2,2
71,-5573.661,-4249.266,127.610,82.689,0.129632,-0.989976,0.056071,0.990743,0.127020,-0.047899,0.040297,0.061761,0.997277,0,0.16000,-0.24000,9.600,-0.480,-1,375.000,-1,425.000,-1,300.000,325.000,325.000,325.000,-1,550.000,475.000,-1,800.000,-1,-1,-1,2,0,2,0,2,0,0,0,0,2,0,0,2,0,2,2,2
72,-5571.650,-4235.006,128.143,81.969,0.142080,-0.988228,0.056733,0.989062,0.139439,-0.048086,0.039609,0.062944,0.997231,0,0.24000,-0.36000,14.400,-0.720,-1,375.000,-1,425.000,-1,300.000,325.000,325.000,325.000,-1,575.000,500.000,-1,825.000,-1,-1,-1,2,0,2,0,2,0,0,0,0,2,0,0,2,0,2,2,2
73,-5568.650,-4216.042,128.830,81.009,0.158637,-0.985654,0.057619,0.986580,0.155961,-0.048325,0.038646,0.064511,0.997168,0,0.32000,-0.48000,19.200,-0.960,-1,375.000,-1,425.000,-1,300.000,325.000,300.000,300.000,-1,600.000,525.000,-1,825.000,-1,-1,-1,2,0,2,0,2,0,0,0,0,2,0,0,2,0,2,2,2
74,-5564.410,-4192.419,129.648,79.820,0.179067,-0.982082,0.058732,0.983126,0.176350,-0.048611,0.037382,0.066446,0.997090,0,0.40000,-0.59428,24.000,-1.189,-1,375.000,-1,425.000,-1,325.000,325.000,300.000,300.000,-1,650.000,550.000,-1,850.000,-1,-1,-1,2,0,2,0,2,0,0,0,0,2,0,0,2,0,2,2,2
75,-5558.724,-4164.185,130.583,78.611,0.199763,-0.978001,0.060075,0.979182,0.196999,-0.048926,0.036015,0.068598,0.996994,0,0.48000,-0.60436,28.800,-1.209,-1,400.000,-1,425.000,-1,325.000,325.000,300.000,300.000,-1,675.000,575.000,-1,850.000,-1,-1,-1,2,0,2,0,2,0,0,0,0,2,0,0,2,0,2,2,2
76,-5551.384,-4131.396,131.611,77.378,0.220779,-0.973373,0.061656,0.974713,0.217962,-0.049264,0.034514,0.070974,0.996881,0,0.56000,-0.61650,33.600,-1.233,-1,400.000,-1,450.000,-1,325.000,325.000,300.000,300.000,-1,725.000,625.000,-1,875.000,-1,-1,-1,2,0,2,0,2,0,0,0,0,2,0,0,2,0,2,2,2
77,-5542.176,-4094.115,132.705,76.123,0.242060,-0.968182,0.063488,0.969705,0.239187,-0.049618,0.032854,0.073575,0.996748,0,0.64000,-0.62759,38.400,-1.255,-1,400.000,-1,450.000,-1,325.000,350.000,300.000,300.000,-1,800.000,675.000,-1,950.000,-1,-1,-1,2,0,2,0,2,0,0,0,0,2,0,0,2,0,2,2,2
78,-5530.901,-4052.412,133.835,74.868,0.263214,-0.962506,0.065583,0.964238,0.260282,-0.049980,0.031036,0.076393,0.996595,0,0.72000,-0.62759,43.200,-1.255,-1,425.000,-1,450.000,-1,350.000,350.000,300.000,300.000,-1,875.000,750.000,-1,1000.000,-1,-1,-1,2,0,2,0,2,0,0,0,0,2,0,0,2,0,2,2,2
79,-5517.362,-4006.360,135.061,73.613,0.284218,-0.956317,0.068395,0.958329,0.281229,-0.050162,0.028736,0.079802,0.996396,0,0.80000,-0.62759,48.000,-1.255,-1,425.000,-1,450.000,-1,350.000,350.000,300.000,300.000,-1,950.000,825.000,-1,-1,-1,-1,-1,2,0,2,0,2,0,0,0,0,2,0,0,2,2,2,2,2
80,-5501.908,-3957.763,135.839,72.358,0.304891,-0.949773,0.070517,0.952075,0.302061,-0.048080,0.024364,0.081796,0.996351,0,0.84991,-0.62759,50.994,-1.255,-1,425.000,-1,450.000,-1,350.000,350.000,300.000,300.000,-1,-1,950.000,-1,-1,-1,-1,-1,2,0,2,0,2,0,0,0,0,2,2,0,2,2,2,2,2
81,-5485.392,-3909.517,136.346,71.102,0.325357,-0.942811,0.072457,0.945391,0.322753,-0.045460,0.019475,0.083291,0.996335,0,0.84991,-0.62759,50.994,-1.255,-1,425.000,-1,450.000,-1,350.000,350.000,300.000,300.000,-1,-1,-1,-1,-1,-1,-1,-1,2,0,2,0,2,0,0,0,0,2,2,2,2,2,2,2,2
82,-5467.823,-3861.643,136.735,69.847,0.345638,-0.935405,0.074514,0.938258,0.343288,-0.042730,0.014390,0.084682,0.996304,0,0.84991,-0.62759,50.994,-1.255,-1,425.000,-1,450.000,-1,350.000,350.000,300.000,300.000,-1,-1,-1,-1,-1,-1,-1,-1,2,0,2,0,2,0,0,0,0,2,2,2,2,2,2,2,2
83,-5449.210,-3814.166,136.966,68.592,0.365710,-0.927548,0.076887,0.930686,0.363652,-0.039755,0.008915,0.086097,0.996247,0,0.84991,-0.62759,50.994,-1.255,-1,425.000,-1,450.000,-1,350.000,350.000,300.000,300.000,-1,-1,-1,-1,-1,975.000,-1,-1,2,0,2,0,2,0,0,0,0,2,2,2,2,2,0,2,2
84,-5429.561,-3767.108,136.621,67.337,0.385483,-0.919225,0.080177,0.922712,0.383827,-0.035761,0.002099,0.087765,0.996139,0,0.84991,-0.62759,50.994,-1.255,-1,425.000,-1,450.000,-1,350.000,350.000,300.000,300.000,-1,-1,-1,-1,-1,950.000,-1,-1,2,0,2,0,2,0,0,0,0,2,2,2,2,2,0,2,2
85,-5408.886,-3720.492,136.081,66.082,0.405031,-0.910483,0.083493,0.914290,0.403820,-0.031679,-0.004873,0.089168,0.996005,0,0.84991,-0.62759,50.994,-1.255,-1,425.000,-1,450.000,-1,350.000,350.000,300.000,300.000,-1,-1,-1,-1,-1,900.000,-1,-1,2,0,2,0,2,0,0,0,0,2,2,2,2,2,0,2,2
86,-5387.194,-3674.340,135.391,64.826,0.424359,-0.901309,0.086954,0.905417,0.423616,-0.027748,-0.011826,0.090505,0.995826,0,0.84991,-0.62759,50.994,-1.255,-1,425.000,-1,425.000,-1,350.000,350.000,300.000,300.000,-1,-1,-1,-1,-1,850.000,-1,-1,2,0,2,0,2,0,0,0,0,2,2,2,2,2,0,2,2
87,-5362.180,-3624.538,134.447,63.331,0.447130,-0.889839,0.090891,0.894254,0.446935,-0.023628,-0.019597,0.091844,0.995581,0,0.92883,-0.74759,55.730,-1.495,-1,425.000,-1,425.000,-1,350.000,350.000,300.000,300.000,-1,-1,-1,-1,-1,825.000,-1,-1,2,0,2,0,2,0,0,0,0,2,2,2,2,2,0,2,2
88,-5335.669,-3575.516,133.290,61.596,0.473223,-0.875805,0.095001,0.880506,0.473624,-0.019721,-0.027723,0.092981,0.995282,0,0.92883,-0.86759,55.730,-1.735,-1,425.000,-1,400.000,-1,350.000,350.000,300.000,275.000,-1,-1,-1,-1,1000.000,775.000,-1,-1,2,0,2,0,2,0,0,0,0,2,2,2,2,0,0,2,2
89,-5307.483,-3527.436,131.899,59.621,0.502442,-0.858889,0.099305,0.863853,0.503487,-0.016075,-0.036192,0.093862,0.994927,0,0.92883,-0.98759,55.730,-1.975,-1,425.000,-1,400.000,-1,325.000,325.000,300.000,275.000,-1,-1,-1,-1,975.000,750.000,-1,-1,2,0,2,0,2,0,0,0,0,2,2,2,2,0,0,2,2
90,-5277.636,-3480.371,130.538,57.621,0.531540,-0.840830,0.102322,0.845905,0.533178,-0.012899,-0.043710,0.093411,0.994668,0,0.92883,-1.00000,55.730,-2.000,-1,425.000,-1,400.000,-1,325.000,325.000,300.000,275.000,-1,-1,-1,-1,950.000,725.000,-1,-1,2,0,2,0,2,0,0,0,0,2,2,2,2,0,0,2,2
91,-5246.162,-3434.377,128.423,55.621,0.560411,-0.822016,0.101137,0.826797,0.562406,-0.010275,-0.048434,0.089378,0.994819,0,0.92883,-1.00000,55.730,-2.000,-1,425.000,-1,375.000,-1,350.000,325.000,300.000,275.000,-1,-1,-1,-1,925.000,700.000,-1,-1,2,0,2,0,2,0,0,0,0,2,2,2,2,0,0,2,2
92,-5213.102,-3389.510,126.101,53.621,0.588637,-0.802186,0.100017,0.806657,0.590972,-0.007587,-0.053021,0.085146,0.994957,0,0.92883,-1.00000,55.730,-2.000,-1,425.000,-1,375.000,-1,350.000,325.000,300.000,275.000,-1,-1,-1,-1,900.000,700.000,-1,-1,2,0,2,0,2,0,0,0,0,2,2,2,2,0,0,2,2
93,-5178.495,-3345.825,123.367,51.621,0.616155,-0.781414,0.098724,0.785478,0.618878,-0.003815,-0.058117,0.079896,0.995108,0,0.92883,-1.00000,55.730,-2.000,-1,425.000,-1,375.000,-1,325.000,325.000,300.000,275.000,-1,-1,-1,-1,850.000,675.000,-1,-1,2,0,2,0,2,0,0,0,0,2,2,2,2,0,0,2,2
94,-5142.386,-3303.374,120.204,49.621,0.643031,-0.759710,0.096708,0.763264,0.646087,0.000375,-0.062766,0.073573,0.995313,0,0.92883,-1.00000,55.730,-2.000,-1,425.000,-1,375.000,-1,325.000,325.000,300.000,300.000,-1,-1,-1,-1,825.000,675.000,-1,-1,2,0,2,0,2,0,0,0,0,2,2,2,2,0,0,2,2
95,-5104.817,-3262.209,116.782,47.621,0.669224,-0.737048,0.094338,0.740061,0.672525,0.004408,-0.066693,0.066865,0.995531,0,0.92883,-1.00000,55.730,-2.000,-1,400.000,-1,375.000,1000.000,325.000,300.000,300.000,300.000,-1,-1,-1,-1,775.000,650.000,-1,-1,2,0,2,0,0,0,0,0,0,2,2,2,2,0,0,2,2
96,-5065.835,-3222.380,113.204,45.621,0.694643,-0.713431,0.092123,0.715919,0.698134,0.008274,-0.070218,0.060205,0.995713,0,0.92883,-1.00000,55.730,-2.000,-1,400.000,-1,375.000,975.000,325.000,300.000,300.000,300.000,-1,-1,-1,-1,750.000,650.000,-1,-1,2,0,2,0,0,0,0,0,0,2,2,2,2,0,0,2,2
97,-5025.488,-3183.936,109.275,43.621,0.719266,-0.688864,0.090123,0.690915,0.722851,0.011035,-0.072747,0.054330,0.995870,0,0.92883,-1.00000,55.730,-2.000,-1,400.000,-1,350.000,950.000,300.000,300.000,300.000,300.000,-1,-1,-1,-1,725.000,625.000,-1,1000.000,2,0,2,0,0,0,0,0,0,2,2,2,2,0,0,2,0
98,-4983.825,-3146.922,105.105,41.621,0.743045,-0.663406,0.088185,0.665071,0.746664,0.013191,-0.074596,0.048848,0.996017,0,0.92883,-1.00000,55.730,-2.000,-1,375.000,-1,350.000,925.000,300.000,300.000,300.000,300.000,-1,-1,-1,-1,700.000,625.000,-1,950.000,2,0,2,0,0,0,0,0,0,2,2,2,2,0,0,2,0
99,-4940.896,-3111.384,101.543,39.621,0.766001,-0.637021,0.086292,0.638598,0.769455,0.011496,-0.073721,0.046300,0.996204,0,0.92883,-1.00000,55.730,-2.000,-1,375.000,-1,350.000,950.000,300.000,300.000,300.000,300.000,-1,-1,-1,-1,700.000,600.000,-1,950.000,2,0,2,0,0,0,0,0,0,2,2,2,2,0,0,2,0
100,-4896.754,-3077.365,97.887,37.621,0.788043,-0.609848,0.084103,0.611343,0.791307,0.009660,-0.072442,0.043803,0.996410,0,0.92883,-1.00000,55.730,-2.000,-1,375.000,-1,350.000,950.000,300.000,300.000,325.000,300.000,-1,-1,-1,-1,700.000,600.000,-1,950.000,2,0,2,0,0,0,0,0,0,2,2,2,2,0,0,2,0
101,-4851.386,-3044.859,94.125,35.623,0.809119,-0.581952,0.081597,0.583365,0.812173,0.007763,-0.070788,0.041319,0.996635,0,0.93020,-0.99894,55.812,-1.998,-1,375.000,-1,350.000,975.000,300.000,300.000,325.000,300.000,-1,-1,-1,-1,700.000,600.000,-1,950.000,2,0,2,0,0,0,0,0,0,2,2,2,2,0,0,2,0
102,-4804.693,-3013.798,90.247,33.633,0.829148,-0.553454,0.078752,0.554785,0.831973,0.005837,-0.068750,0.038851,0.996877,0,0.93467,-0.99495,56.080,-1.990,-1,375.000,-1,350.000,975.000,300.000,300.000,325.000,300.000,-1,450.000,-1,-1,675.000,600.000,-1,975.000,2,0,2,0,0,0,0,0,0,2,0,2,2,0,0,2,0
103,-4756.754,-2984.247,86.290,31.652,0.848163,-0.524444,0.074687,0.525561,0.850739,0.005412,-0.066378,0.034662,0.997192,0,0.93859,-0.99051,56.316,-1.981,-1,375.000,-1,350.000,-1,300.000,300.000,325.000,300.000,-1,350.000,500.000,-1,675.000,600.000,-1,1000.000,2,0,2,0,2,0,0,0,0,2,0,0,2,0,0,2,0
104,-4707.654,-2956.264,82.403,29.681,0.866072,-0.494953,0.070292,0.495787,0.868421,0.006258,-0.064140,0.029430,0.997507,0,0.94192,-0.98564,56.515,-1.971,-1,375.000,-1,350.000,-1,300.000,300.000,350.000,300.000,-1,300.000,425.000,-1,650.000,600.000,-1,-1,2,0,2,0,2,0,0,0,0,2,0,0,2,0,0,2,2
105,-4657.482,-2929.902,78.569,27.720,0.882859,-0.465016,0.065734,0.465581,0.884975,0.007383,-0.061606,0.024087,0.997810,0,0.94460,-0.98040,56.676,-1.961,-1,375.000,-1,350.000,-1,300.000,300.000,325.000,300.000,-1,275.000,375.000,-1,650.000,600.000,-1,-1,2,0,2,0,2,0,0,0,0,2,0,0,2,0,0,2,2
106,-4606.334,-2905.210,75.093,25.770,0.898592,-0.434698,0.059750,0.434949,0.900406,0.009430,-0.057899,0.017514,0.998169,0,0.94662,-0.97482,56.797,-1.950,-1,375.000,-1,350.000,-1,300.000,300.000,325.000,300.000,-1,250.000,325.000,-1,650.000,625.000,-1,-1,2,0,2,0,2,0,0,0,0,2,0,0,2,0,0,2,2
107,-4558.856,-2884.011,71.922,24.061,0.911502,-0.407676,0.054440,0.407680,0.913052,0.011547,-0.054414,0.011669,0.998450,0,0.86662,-0.85482,51.997,-1.710,-1,375.000,-1,350.000,-1,300.000,300.000,325.000,325.000,-1,225.000,325.000,-1,650.000,625.000,-1,-1,2,0,2,0,2,0,0,0,0,2,0,0,2,0,0,2,2
108,-4515.280,-2865.880,69.120,22.591,0.921916,-0.384142,0.050061,0.383966,0.923249,0.013482,-0.051397,0.006792,0.998655,0,0.78662,-0.73482,47.197,-1.470,-1,375.000,-1,375.000,-1,300.000,300.000,300.000,325.000,-1,225.000,300.000,-1,625.000,650.000,-1,-1,2,0,2,0,2,0,0,0,0,2,0,0,2,0,0,2,2
109,-4475.796,-2850.437,67.107,21.361,0.930043,-0.364246,0.048434,0.364003,0.931292,0.014055,-0.050226,0.004558,0.998728,0,0.70662,-0.61482,42.397,-1.230,-1,350.000,-1,350.000,-1,300.000,300.000,300.000,325.000,-1,250.000,325.000,-1,625.000,650.000,-1,-1,2,0,2,0,2,0,0,0,0,2,0,0,2,0,0,2,2
110,-4438.895,-2836.734,65.562,20.372,0.936303,-0.348107,0.046458,0.347886,0.937446,0.013027,-0.048087,0.003965,0.998835,0,0.65605,-0.49482,39.363,-0.990,-1,350.000,-1,375.000,-1,300.000,300.000,300.000,325.000,-1,275.000,350.000,-1,625.000,650.000,-1,-1,2,0,2,0,2,0,0,0,0,2,0,0,2,0,0,2,2
111,-4401.839,-2823.523,64.096,19.622,0.940884,-0.335813,0.044350,0.335631,0.941921,0.011698,-0.045702,0.003879,0.998948,0,0.65569,-0.37482,39.341,-0.750,-1,350.000,-1,375.000,-1,300.000,300.000,325.000,325.000,-1,300.000,350.000,-1,625.000,650.000,-1,-1,2,0,2,0,2,0,0,0,0,2,0,0,2,0,0,2,2
112,-4364.692,-2810.651,62.641,19.112,0.943935,-0.327421,0.042220,0.327280,0.944870,0.010397,-0.043297,0.004003,0.999054,0,0.65525,-0.25482,39.315,-0.510,-1,375.000,-1,375.000,-1,300.000,300.000,325.000,325.000,-1,325.000,375.000,-1,650.000,675.000,-1,-1,2,0,2,0,2,0,0,0,0,2,0,0,2,0,0,2,2
113,-4327.511,-2797.962,61.197,18.843,0.945560,-0.322970,0.040076,0.322871,0.946399,0.009108,-0.040869,0.004327,0.999155,0,0.65478,-0.13482,39.287,-0.270,-1,375.000,-1,375.000,-1,300.000,300.000,325.000,325.000,-1,325.000,375.000,-1,650.000,675.000,-1,-1,2,0,2,0,2,0,0,0,0,2,0,0,2,0,0,2,2
114,-4290.349,-2785.302,59.767,18.813,0.945816,-0.322480,0.037920,0.322422,0.946564,0.007812,-0.038413,0.004838,0.999250,0,0.65433,-0.01482,39.260,-0.030,-1,375.000,-1,375.000,-1,300.000,300.000,325.000,325.000,-1,350.000,400.000,-1,650.000,675.000,-1,-1,2,0,2,0,2,0,0,0,0,2,0,0,2,0,0,2,2
115,-4253.256,-2772.512,58.351,19.024,0.944710,-0.325952,0.035757,0.325934,0.945370,0.006491,-0.035919,0.005522,0.999339,0,0.65394,0.10518,39.236,0.210,-1,375.000,-1,375.000,-1,300.000,300.000,325.000,325.000,-1,375.000,400.000,-1,650.000,675.000,-1,-1,2,0,2,0,2,0,0,0,0,2,0,0,2,0,0,2,2
116,-4216.229,-2759.586,56.955,19.245,0.943522,-0.329604,0.033581,0.329623,0.944099,0.005130,-0.033395,0.006229,0.999423,0,0.65365,0.11078,39.219,0.222,-1,375.000,-1,375.000,-1,300.000,300.000,325.000,325.000,-1,350.000,375.000,-1,675.000,700.000,-1,-1,2,0,2,0,2,0,0,0,0,2,0,0,2,0,0,2,2
117,-4179.275,-2746.521,55.579,19.471,0.942292,-0.333316,0.031393,0.333368,0.942790,0.003727,-0.030840,0.006954,0.999500,0,0.65327,0.11277,39.196,0.226,-1,375.000,-1,375.000,-1,300.000,300.000,325.000,300.000,-1,350.000,350.000,-1,675.000,700.000,-1,-1,2,0,2,0,2,0,0,0,0,2,0,0,2,0,0,2,2
118,-4142.400,-2733.317,54.223,19.700,0.941021,-0.337085,0.029194,0.337165,0.941443,0.002282,-0.028254,0.007696,0.999571,0,0.65279,0.11466,39.168,0.229,-1,375.000,-1,375.000,-1,300.000,300.000,325.000,300.000,-1,325.000,325.000,-1,675.000,700.000,-1,-1,2,0,2,0,2,0,0,0,0,2,0,0,2,0,0,2,2
119,-4105.610,-2719.976,52.889,19.933,0.939710,-0.340907,0.026984,0.341011,0.940059,0.000794,-0.025637,0.008455,0.999636,0,0.65223,0.11644,39.134,0.233,-1,375.000,-1,375.000,-1,300.000,300.000,325.000,300.000,-1,300.000,300.000,-1,700.000,700.000,-1,-1,2,0,2,0,2,0,0,0,0,2,0,0,2,0,0,2,2
120,-4068.912,-2706.496,51.576,20.169,0.938358,-0.344777,0.024763,0.344900,0.938639,-0.000737,-0.022990,0.009232,0.999693,0,0.65159,0.11812,39.095,0.236,-1,375.000,-1,375.000,-1,300.000,300.000,325.000,300.000,-1,300.000,275.000,-1,700.000,725.000,-1,-1,2,0,2,0,2,0,0,0,0,2,0,0,2,0,0,2,2
121,-4032.312,-2692.878,50.434,20.408,0.936960,-0.348695,0.022752,0.348820,0.937188,-0.001647,-0.020749,0.009479,0.999740,0,0.65086,0.11968,39.052,0.239,-1,375.000,-1,375.000,-1,300.000,300.000,325.000,300.000,-1,275.000,275.000,-1,700.000,725.000,-1,-1,2,0,2,0,2,0,0,0,0,2,0,0,2,0,0,2,2
122,-3995.815,-2679.123,49.509,20.651,0.935518,-0.352656,0.020989,0.352767,0.935709,-0.001733,-0.019028,0.009025,0.999778,0,0.65006,0.12114,39.004,0.242,-1,375.000,-1,375.000,-1,300.000,325.000,300.000,300.000,-1,300.000,275.000,-1,725.000,725.000,-1,-1,2,0,2,0,2,0,0,0,0,2,0,0,2,0,0,2,2
123,-3959.425,-2665.230,48.662,20.896,0.934043,-0.356656,0.019000,0.356750,0.934198,-0.001718,-0.017137,0.008383,0.999818,0,0.64919,0.12248,38.951,0.245,-1,375.000,-1,375.000,-1,300.000,325.000,300.000,300.000,-1,300.000,300.000,-1,725.000,725.000,-1,-1,2,0,2,0,2,0,0,0,0,2,0,0,2,0,0,2,2
124,-3923.149,-2651.201,47.857,21.143,0.932532,-0.360688,0.016992,0.360769,0.932653,-0.001858,-0.015177,0.007863,0.999854,0,0.64825,0.12371,38.895,0.247,-1,375.000,-1,400.000,-1,325.000,325.000,300.000,300.000,-1,300.000,300.000,-1,725.000,750.000,-1,-1,2,0,2,0,2,0,0,0,0,2,0,0,2,0,0,2,2
125,-3885.644,-2636.528,47.030,21.367,0.931151,-0.364328,0.014941,0.364395,0.931242,-0.001994,-0.013187,0.007301,0.999886,0,0.67120,0.11183,40.272,0.224,-1,375.000,-1,400.000,-1,325.000,325.000,300.000,325.000,-1,300.000,300.000,-1,750.000,750.000,-1,-1,2,0,2,0,2,0,0,0,0,2,0,0,2,0,0,2,2
126,-3848.172,-2621.693,46.374,21.598,0.929690,-0.368089,0.013662,0.368154,0.929761,-0.002530,-0.011771,0.007382,0.999903,0,0.67170,0.11580,40.302,0.232,-1,375.000,-1,400.000,-1,325.000,325.000,300.000,325.000,-1,325.000,325.000,-1,750.000,775.000,-1,-1,2,0,2,0,2,0,0,0,0,2,0,0,2,0,0,2,2
127,-3810.743,-2606.694,45.888,21.838,0.928151,-0.371972,0.013163,0.372044,0.928209,-0.003455,-0.010932,0.008104,0.999907,0,0.67204,0.11980,40.323,0.240,-1,400.000,-1,400.000,-1,325.000,325.000,300.000,325.000,-1,350.000,350.000,-1,750.000,775.000,1000.000,-1,2,0,2,0,2,0,0,0,0,2,0,0,2,0,0,1,2
128,-3773.369,-2591.528,45.370,22.086,0.926540,-0.375979,0.012785,0.376055,0.926588,-0.004090,-0.010309,0.008597,0.999910,0,0.67224,0.12384,40.335,0.248,-1,400.000,-1,400.000,-1,325.000,325.000,300.000,325.000,-1,375.000,375.000,-1,750.000,775.000,975.000,-1,2,0,2,0,2,0,0,0,0,2,0,0,2,0,0,1,2
129,-3736.059,-2576.195,44.864,22.342,0.924857,-0.380111,0.012457,0.380190,0.924896,-0.004670,-0.009747,0.009055,0.999911,0,0.67229,0.12791,40.338,0.256,-1,400.000,-1,400.000,-1,325.000,325.000,300.000,300.000,-1,425.000,425.000,-1,725.000,800.000,925.000,-1,2,0,2,0,2,0,0,0,0,2,0,0,2,1,0,1,2
130,-3698.826,-2560.692,44.370,22.606,0.923100,-0.384367,0.012175,0.384449,0.923131,-0.005209,-0.009237,0.009488,0.999912,0,0.67220,0.13201,40.332,0.264,-1,400.000,-1,400.000,-1,325.000,325.000,300.000,300.000,-1,450.000,450.000,-1,700.000,800.000,875.000,-1,2,0,2,0,2,0,0,0,0,2,0,0,2,1,0,1,2
131,-3661.680,-2545.018,43.891,22.878,0.921267,-0.388748,0.011937,0.388832,0.921291,-0.005705,-0.008779,0.009897,0.999912,0,0.67195,0.13612,40.317,0.272,-1,400.000,975.000,400.000,-1,325.000,325.000,300.000,300.000,-1,475.000,475.000,-1,675.000,800.000,850.000,-1,2,0,1,0,2,0,0,0,0,2,0,0,2,1,0,1,2
132,-3620.123,-2527.455,43.367,22.910,0.921051,-0.389264,0.011727,0.389351,0.921069,-0.006182,-0.008395,0.010260,0.999912,0,0.75195,0.01612,45.117,0.032,-1,400.000,925.000,400.000,-1,325.000,325.000,300.000,300.000,-1,500.000,525.000,-1,650.000,800.000,800.000,-1,2,0,1,0,2,0,0,0,0,2,0,0,2,1,0,1,2
133,-3574.073,-2508.189,42.801,22.702,0.922459,-0.385921,0.011570,0.386009,0.922471,-0.006624,-0.008117,0.010576,0.999911,0,0.83195,-0.10388,49.917,-0.208,975.000,400.000,875.000,400.000,-1,325.000,325.000,300.000,300.000,-1,550.000,550.000,-1,600.000,825.000,750.000,-1,1,0,1,0,2,0,0,0,0,2,0,0,2,1,0,1,2
134,-3526.894,-2488.884,42.239,22.254,0.925449,-0.378699,0.011496,0.378789,0.925457,-0.006991,-0.007991,0.010825,0.999909,0,0.84961,-0.22388,50.976,-0.448,875.000,400.000,850.000,400.000,-1,325.000,325.000,300.000,300.000,-1,600.000,600.000,-1,550.000,825.000,675.000,-1,1,0,1,0,2,0,0,0,0,2,0,0,2,1,0,1,2
135,-3476.252,-2468.867,41.655,21.567,0.929928,-0.367562,0.011520,0.367655,0.929934,-0.007307,-0.008027,0.011030,0.999907,0,0.90756,-0.34388,54.454,-0.688,775.000,375.000,800.000,400.000,-1,325.000,325.000,300.000,300.000,-1,650.000,650.000,-1,500.000,825.000,600.000,-1,1,1,1,0,2,1,0,0,0,2,0,0,2,1,0,1,2
136,-3424.937,-2449.539,41.085,20.639,0.935756,-0.352456,0.011658,0.352552,0.935762,-0.007557,-0.008245,0.011182,0.999903,0,0.91390,-0.46388,54.834,-0.928,650.000,350.000,775.000,400.000,-1,300.000,325.000,300.000,300.000,-1,700.000,700.000,-1,475.000,825.000,550.000,-1,1,1,1,0,2,1,0,0,0,2,0,0,2,1,0,1,2
137,-3372.895,-2431.139,40.577,19.471,0.942739,-0.333311,0.012076,0.333414,0.942749,-0.007747,-0.008803,0.011330,0.999897,0,0.91999,-0.58388,55.200,-1.168,550.000,325.000,725.000,400.000,-1,300.000,325.000,300.000,300.000,-1,775.000,750.000,-1,425.000,825.000,475.000,-1,1,1,1,0,2,1,1,0,0,2,0,0,2,1,0,1,2
138,-3320.089,-2413.917,40.070,18.063,0.950633,-0.310049,0.012902,0.310162,0.950651,-0.007919,-0.009810,0.011530,0.999885,0,0.92571,-0.70388,55.543,-1.408,450.000,300.000,700.000,400.000,-1,275.000,325.000,300.000,300.000,-1,850.000,825.000,-1,400.000,825.000,400.000,-1,1,1,1,0,2,1,1,0,0,2,0,0,2,1,0,1,2
