timestep,x_cm,y_cm,z_cm,yaw_deg,basis_xx,basis_xy,basis_xz,basis_yx,basis_yy,basis_yz,basis_zx,basis_zy,basis_zz,teleport_flag,throttle_cmd,steering_cmd,cmd_move_cm,cmd_turn_deg,lidar_cm_0,lidar_cm_1,lidar_cm_2,lidar_cm_3,lidar_cm_4,lidar_cm_5,lidar_cm_6,lidar_cm_7,lidar_cm_8,lidar_cm_9,lidar_cm_10,lidar_cm_11,lidar_cm_12,lidar_cm_13,lidar_cm_14,lidar_cm_15,lidar_cm_16,lidar_class_0,lidar_class_1,lidar_class_2,lidar_class_3,lidar_class_4,lidar_class_5,lidar_class_6,lidar_class_7,lidar_class_8,lidar_class_9,lidar_class_10,lidar_class_11,lidar_class_12,lidar_class_13,lidar_class_14,lidar_class_15,lidar_class_16
0,-2291.825,-6234.113,-296.149,-35.035,0.818307,0.573583,-0.037084,-0.569951,0.818087,0.076746,0.074358,-0.041666,0.996361,1,0.08000,0.12000,4.800,0.240,-1,400.000,-1,400.000,-1,325.000,325.000,300.000,300.000,600.000,850.000,525.000,550.000,775.000,775.000,-1,-1,2,0,2,0,2,0,0,0,0,1,0,1,1,0,0,2,2
1,-2283.919,-6239.558,-295.445,-34.555,0.823092,0.566695,-0.037107,-0.563061,0.822841,0.076771,0.074039,-0.042296,0.996358,0,0.16000,0.24000,9.600,0.480,-1,400.000,-1,400.000,-1,325.000,325.000,300.000,300.000,600.000,850.000,525.000,575.000,775.000,775.000,-1,-1,2,0,2,0,2,0,0,0,0,1,0,1,1,0,0,2,2
2,-2271.957,-6247.575,-294.396,-33.835,0.830159,0.556288,-0.037140,-0.552654,0.829864,0.076807,0.073549,-0.043237,0.996354,0,0.24000,0.36000,14.400,0.720,-1,400.000,-1,400.000,-1,325.000,325.000,300.000,300.000,625.000,875.000,550.000,575.000,775.000,775.000,-1,-1,2,0,2,0,2,0,0,0,0,1,0,1,1,0,0,2,2
3,-2255.867,-6258.051,-293.008,-33.068,0.837549,0.545095,-0.037183,-0.541459,0.837206,0.076861,0.073026,-0.044242,0.996348,0,0.32000,0.38385,19.200,0.768,-1,400.000,-1,400.000,-1,325.000,325.000,300.000,300.000,625.000,900.000,550.000,600.000,775.000,775.000,-1,-1,2,0,2,0,2,0,0,0,0,1,0,1,1,0,0,2,2
4,-2235.581,-6270.876,-291.287,-32.302,0.844770,0.533833,-0.037233,-0.530195,0.844378,0.076931,0.072507,-0.045249,0.996341,0,0.40000,0.38289,24.000,0.766,-1,400.000,-1,400.000,-1,325.000,325.000,300.000,300.000,650.000,700.000,575.000,625.000,775.000,800.000,-1,-1,2,0,2,0,2,0,0,0,0,1,1,1,1,0,0,2,2
5,-2211.035,-6285.939,-289.235,-31.539,0.851816,0.522512,-0.037288,-0.518871,0.851376,0.077014,0.071987,-0.046254,0.996333,0,0.48000,0.38168,28.800,0.763,-1,400.000,-1,400.000,-1,325.000,325.000,300.000,300.000,650.000,700.000,575.000,650.000,775.000,800.000,-1,-1,2,0,2,0,2,0,0,0,0,1,1,1,1,0,0,2,2
6,-2182.167,-6303.133,-286.861,-30.778,0.858685,0.511142,-0.037334,-0.507498,0.858196,0.077108,0.071453,-0.047265,0.996323,0,0.56000,0.38023,33.600,0.760,-1,400.000,-1,400.000,-1,325.000,325.000,300.000,300.000,675.000,725.000,600.000,675.000,775.000,800.000,-1,-1,2,0,2,0,2,0,0,0,0,1,1,1,1,0,0,2,2
7,-2148.919,-6322.344,-284.167,-30.021,0.865372,0.499735,-0.037358,-0.496091,0.864833,0.077191,0.070884,-0.048266,0.996316,0,0.64000,0.37852,38.400,0.757,-1,400.000,-1,400.000,-1,325.000,325.000,300.000,300.000,700.000,750.000,650.000,725.000,775.000,800.000,-1,-1,2,0,2,0,2,0,0,0,0,1,1,1,1,0,0,2,2
8,-2111.233,-6343.464,-281.138,-29.268,0.871875,0.488303,-0.037349,-0.484668,0.871287,0.077170,0.070224,-0.049181,0.996318,0,0.72000,0.37654,43.200,0.753,-1,400.000,-1,400.000,-1,325.000,325.000,300.000,300.000,725.000,775.000,675.000,750.000,775.000,800.000,-1,-1,2,0,2,0,2,0,0,0,0,1,1,1,1,0,0,2,2
9,-2069.058,-6366.381,-277.800,-28.519,0.878189,0.476857,-0.037315,-0.473233,0.877553,0.077146,0.069533,-0.050091,0.996321,0,0.80000,0.37429,48.000,0.749,-1,400.000,-1,400.000,-1,325.000,325.000,300.000,300.000,725.000,800.000,725.000,800.000,775.000,800.000,-1,-1,2,0,2,0,2,0,0,0,0,1,1,1,1,0,0,2,2
10,-2022.341,-6390.986,-274.164,-27.776,0.884313,0.465408,-0.037228,-0.461798,0.883625,0.077130,0.068793,-0.051015,0.996326,0,0.88000,0.37174,52.800,0.743,-1,400.000,-1,400.000,-1,325.000,325.000,300.000,300.000,750.000,850.000,750.000,850.000,775.000,800.000,-1,-1,2,0,2,0,2,0,0,0,0,1,1,1,1,0,0,2,2
11,-1974.258,-6415.526,-270.481,-27.038,0.890245,0.453969,-0.037095,-0.450377,0.889502,0.077120,0.068006,-0.051949,0.996331,0,0.89973,0.36888,53.984,0.738,-1,400.000,-1,400.000,-1,325.000,325.000,300.000,300.000,775.000,900.000,800.000,900.000,775.000,825.000,-1,-1,2,0,2,0,2,0,0,0,0,1,1,1,1,0,0,2,2
12,-1925.814,-6439.474,-266.828,-26.306,0.895983,0.442550,-0.036925,-0.438976,0.895183,0.077116,0.067183,-0.052886,0.996338,0,0.90066,0.36591,54.040,0.732,-1,400.000,-1,400.000,-1,325.000,325.000,300.000,300.000,800.000,925.000,850.000,975.000,775.000,825.000,-1,-1,2,0,2,0,2,0,0,0,0,1,1,1,1,0,0,2,2
13,-1876.105,-6463.265,-263.152,-25.577,0.901552,0.431106,-0.036776,-0.427553,0.900697,0.077091,0.066358,-0.053778,0.996346,0,0.91849,0.36444,55.109,0.729,-1,400.000,-1,400.000,-1,325.000,325.000,300.000,300.000,825.000,975.000,900.000,-1,775.000,825.000,-1,-1,2,0,2,0,2,0,0,0,0,1,1,1,2,0,0,2,2
14,-1826.135,-6486.409,-259.536,-24.851,0.906951,0.419637,-0.036668,-0.416106,0.906049,0.077015,0.065542,-0.054591,0.996355,0,0.91784,0.36310,55.070,0.726,-1,400.000,-1,400.000,-1,325.000,325.000,300.000,300.000,875.000,-1,950.000,-1,775.000,825.000,-1,-1,2,0,2,0,2,0,0,0,0,1,2,1,2,0,0,2,2
15,-1775.906,-6508.906,-255.998,-24.128,0.912184,0.408150,-0.036515,-0.404655,0.911241,0.076780,0.064612,-0.055262,0.996379,0,0.91728,0.36166,55.037,0.723,-1,400.000,-1,400.000,-1,325.000,325.000,300.000,300.000,900.000,-1,1000.000,-1,775.000,775.000,-1,-1,2,0,2,0,2,0,0,0,0,1,2,1,2,0,1,2,2
16,-1725.424,-6530.759,-252.506,-23.408,0.917250,0.396649,-0.036348,-0.393191,0.916266,0.076529,0.063660,-0.055904,0.996405,0,0.91683,0.36012,55.010,0.720,-1,400.000,-1,400.000,-1,325.000,325.000,300.000,300.000,925.000,-1,-1,-1,775.000,750.000,-1,950.000,2,0,2,0,2,0,0,0,0,1,2,2,2,0,1,2,1
17,-1674.691,-6551.971,-249.132,-22.691,0.922151,0.385145,-0.036075,-0.381753,0.921140,0.075933,0.062475,-0.056250,0.996460,0,0.91648,0.35850,54.989,0.717,-1,400.000,-1,400.000,975.000,325.000,325.000,300.000,300.000,975.000,-1,-1,-1,775.000,700.000,-1,875.000,2,0,2,0,1,0,0,0,0,1,2,2,2,0,1,2,1
18,-1623.712,-6572.543,-245.819,-21.977,0.926885,0.373638,-0.035759,-0.370318,0.925851,0.075259,0.061228,-0.056514,0.996523,0,0.91623,0.35678,54.974,0.714,-1,400.000,-1,400.000,925.000,325.000,325.000,300.000,300.000,1000.000,-1,-1,-1,775.000,650.000,-1,800.000,2,0,2,0,1,0,0,0,0,1,2,2,2,0,1,2,1
19,-1569.421,-6593.805,-242.353,-21.386,0.930699,0.364070,-0.035393,-0.360828,0.929652,0.074503,0.060027,-0.056569,0.996593,0,0.97177,0.29540,58.306,0.591,-1,400.000,-1,400.000,850.000,325.000,325.000,300.000,300.000,-1,-1,-1,-1,775.000,600.000,-1,725.000,2,0,2,0,1,0,0,0,0,2,2,2,2,0,1,2,1
20,-1514.709,-6614.587,-238.927,-20.799,0.934389,0.354529,-0.035006,-0.351364,0.933330,0.073748,0.058818,-0.056610,0.996662,0,0.97544,0.29341,58.527,0.587,-1,400.000,-1,400.000,775.000,325.000,325.000,300.000,300.000,-1,-1,-1,-1,775.000,575.000,-1,675.000,2,0,2,1,1,0,1,0,0,2,2,2,2,0,1,2,1
21,-1459.587,-6634.887,-235.538,-20.217,0.937956,0.345024,-0.034595,-0.341938,0.936884,0.072984,0.057592,-0.056627,0.996733,0,0.97902,0.29119,58.741,0.582,-1,400.000,-1,375.000,700.000,325.000,325.000,300.000,300.000,-1,-1,-1,-1,775.000,525.000,-1,600.000,2,0,2,1,1,0,1,0,0,2,2,2,2,0,1,2,1
22,-1403.160,-6655.284,-232.120,-19.875,0.940013,0.339425,-0.034156,-0.336416,0.938944,0.072175,0.056568,-0.056354,0.996807,0,1.00000,0.17119,60.000,0.342,-1,400.000,-1,350.000,600.000,325.000,300.000,300.000,300.000,-1,-1,-1,-1,775.000,475.000,-1,525.000,2,0,2,1,1,0,1,0,0,2,2,2,2,0,1,2,1
23,-1346.698,-6675.581,-228.783,-19.772,0.940639,0.337753,-0.033490,-0.334823,0.939567,0.071466,0.055604,-0.056011,0.996881,0,1.00000,0.05119,60.000,0.102,-1,400.000,-1,325.000,525.000,325.000,300.000,300.000,300.000,-1,-1,-1,-1,775.000,450.000,-1,475.000,2,0,2,1,1,0,1,0,0,2,2,2,2,0,1,2,1
24,-1290.284,-6696.014,-225.495,-19.910,0.939851,0.340018,-0.032669,-0.337170,0.938779,0.070785,0.054737,-0.055513,0.996956,0,1.00000,-0.06881,60.000,-0.138,-1,400.000,-1,300.000,450.000,325.000,275.000,300.000,300.000,-1,-1,-1,-1,775.000,400.000,-1,400.000,2,0,2,1,1,0,1,0,0,2,2,2,2,0,1,2,1
25,-1234.007,-6716.818,-222.224,-20.288,0.937614,0.346214,-0.031886,-0.343444,0.936561,0.069999,0.054098,-0.054681,0.997037,0,1.00000,-0.18881,60.000,-0.378,-1,400.000,-1,275.000,375.000,325.000,275.000,300.000,325.000,-1,-1,-1,-1,775.000,375.000,-1,350.000,2,0,2,1,1,0,1,0,0,2,2,2,2,0,1,2,1
26,-1177.955,-6738.227,-217.822,-20.905,0.933822,0.356228,-0.032835,-0.353156,0.932614,0.074244,0.057070,-0.057735,0.996699,0,1.00000,-0.30881,60.000,-0.618,-1,400.000,-1,275.000,325.000,325.000,250.000,300.000,325.000,-1,-1,-1,-1,800.000,350.000,-1,300.000,2,0,2,1,1,1,1,0,0,2,2,2,2,0,1,2,1
27,-1122.229,-6760.469,-211.422,-21.763,0.928356,0.369911,-0.036330,-0.365787,0.926587,0.087381,0.065986,-0.067832,0.995512,0,1.00000,-0.42881,60.000,-0.858,-1,425.000,-1,250.000,300.000,325.000,250.000,300.000,350.000,-1,-1,-1,-1,875.000,325.000,-1,250.000,2,0,2,1,1,1,1,0,0,2,2,2,2,0,1,2,1
28,-1066.936,-6783.773,-204.359,-22.860,0.921106,0.387244,-0.040066,-0.381651,0.918503,0.103419,0.076849,-0.079969,0.993831,0,1.00000,-0.54881,60.000,-1.098,-1,450.000,-1,250.000,250.000,300.000,225.000,275.000,400.000,-1,600.000,850.000,-1,950.000,300.000,-1,250.000,2,0,2,1,1,1,1,0,0,2,0,0,2,0,1,2,1
29,-1012.202,-6808.359,-196.662,-24.198,0.911889,0.408077,-0.043951,-0.400481,0.908095,0.122383,0.089853,-0.093998,0.991509,0,1.00000,-0.66881,60.000,-1.338,-1,450.000,-1,225.000,250.000,275.000,225.000,275.000,450.000,-1,275.000,475.000,-1,-1,275.000,-1,225.000,2,1,2,1,1,1,1,0,0,2,0,0,2,2,1,2,1
30,-958.162,-6834.440,-188.256,-25.776,0.900534,0.432202,-0.047326,-0.421962,0.895022,0.144511,0.104816,-0.110168,0.988371,0,1.00000,-0.78881,60.000,-1.578,-1,425.000,-1,200.000,225.000,275.000,200.000,275.000,500.000,900.000,150.000,350.000,-1,-1,250.000,-1,200.000,2,1,2,1,1,1,1,0,0,0,0,0,2,2,1,2,1
31,-904.973,-6862.220,-179.124,-27.593,0.886870,0.459350,-0.049595,-0.445727,0.878906,0.169856,0.121612,-0.128534,0.984220,0,1.00000,-0.90881,60.000,-1.818,-1,375.000,-1,200.000,200.000,250.000,175.000,250.000,550.000,600.000,100.000,275.000,-1,-1,250.000,-1,175.000,2,1,2,1,1,1,1,0,1,0,0,0,2,2,1,2,1
32,8199.151,-8855.100,-33.674,-85.091,0.088361,0.995867,0.021004,-0.990225,0.085537,0.110170,0.107918,-0.030534,0.993691,1,0.00000,0.00000,60.000,-1.855,-1,400.000,-1,625.000,-1,350.000,400.000,150.000,425.000,-1,0.000,0.000,-1,975.000,-1,-1,-1,2,0,2,0,2,0,0,1,0,2,1,0,2,0,2,2,2
33,8199.582,-8859.880,-33.160,-84.851,0.092344,0.995541,0.019269,-0.989957,0.089711,0.109256,0.107041,-0.029164,0.993827,0,0.08000,0.12000,4.800,0.240,-1,400.000,-1,625.000,-1,350.000,400.000,150.000,425.000,-1,0.000,0.000,-1,975.000,-1,-1,-1,2,0,2,0,2,0,0,0,0,2,1,0,2,0,2,2,2
34,8200.524,-8869.433,-32.138,-84.371,0.100320,0.994829,0.015868,-0.989365,0.098055,0.107438,0.105327,-0.026478,0.994085,0,0.16000,0.24000,9.600,0.480,-1,400.000,-1,600.000,-1,350.000,400.000,150.000,425.000,-1,0.000,0.000,-1,975.000,-1,-1,-1,2,0,2,0,2,0,0,0,0,2,1,0,2,0,2,2,2
35,8202.116,-8883.744,-30.618,-83.651,0.112308,0.993613,0.010935,-0.988337,0.110559,0.104725,0.102847,-0.022568,0.994441,0,0.24000,0.36000,14.400,0.720,-1,400.000,-1,600.000,-1,350.000,400.000,150.000,400.000,-1,0.000,0.000,-1,950.000,-1,-1,-1,2,0,2,0,2,0,0,0,0,2,1,0,2,0,2,2,2
36,8204.559,-8902.787,-28.615,-82.691,0.128327,0.991721,0.004651,-0.986708,0.127204,0.101128,0.099699,-0.017567,0.994863,0,0.32000,0.48000,19.200,0.960,-1,400.000,-1,575.000,-1,350.000,400.000,150.000,400.000,-1,0.000,0.000,-1,950.000,-1,-1,-1,2,0,2,0,2,0,0,0,0,2,1,0,2,0,2,2,2
37,8208.111,-8926.522,-26.143,-81.491,0.148389,0.988925,-0.002758,-0.984259,0.147958,0.096662,0.096000,-0.011629,0.995313,0,0.40000,0.60000,24.000,1.200,-1,400.000,-1,575.000,-1,350.000,400.000,175.000,400.000,-1,0.000,0.000,-1,925.000,-1,-1,-1,2,0,2,0,2,0,0,0,0,2,1,0,2,0,2,2,2
38,8213.088,-8954.888,-23.214,-80.051,0.172490,0.984949,-0.011040,-0.980717,0.172773,0.091345,0.091877,-0.004929,0.995758,0,0.48000,0.72000,28.800,1.440,-1,400.000,-1,550.000,-1,350.000,375.000,175.000,375.000,-1,0.000,0.000,-1,925.000,-1,-1,-1,2,0,2,0,2,0,0,0,0,2,1,0,2,0,2,2,2
39,8219.863,-8987.797,-19.834,-78.371,0.200602,0.979470,-0.019930,-0.975761,0.201576,0.085189,0.087458,0.002358,0.996165,0,0.56000,0.84000,33.600,1.680,-1,400.000,-1,525.000,-1,350.000,375.000,200.000,375.000,-1,0.000,0.000,-1,900.000,-1,-1,-1,2,0,2,0,2,0,0,0,0,2,1,0,2,0,2,2,2
40,8228.721,-9025.160,-16.038,-76.666,0.229022,0.972992,-0.028916,-0.969901,0.230617,0.078152,0.082710,0.010147,0.996522,0,0.64000,0.85246,38.400,1.705,-1,400.000,-1,525.000,-1,350.000,375.000,200.000,375.000,-1,0.000,0.000,-1,900.000,-1,-1,-1,2,0,2,0,2,0,0,0,0,2,1,0,2,0,2,2,2
41,8239.155,-9063.995,-12.063,-74.965,0.257267,0.965614,-0.037456,-0.963187,0.259364,0.070713,0.077997,0.017885,0.996793,0,0.67022,0.85033,40.213,1.701,-1,400.000,-1,500.000,-1,350.000,375.000,225.000,350.000,-1,0.000,0.000,-1,875.000,-1,-1,-1,2,0,2,0,2,0,0,0,0,2,1,0,2,0,2,2,2
42,8250.754,-9102.569,-8.063,-73.269,0.285307,0.957358,-0.045458,-0.955610,0.287785,0.063165,0.073554,0.025418,0.996967,0,0.67135,0.84810,40.281,1.696,-1,400.000,-1,475.000,-1,350.000,350.000,250.000,350.000,-1,0.000,0.000,-1,875.000,-1,-1,-1,2,0,2,0,2,0,0,0,0,2,1,0,2,0,2,2,2
43,8263.510,-9140.851,-4.177,-71.577,0.313071,0.948219,-0.053542,-0.947210,0.315848,0.055077,0.069136,0.033472,0.997046,0,0.67253,0.84586,40.352,1.692,-1,400.000,-1,475.000,-1,350.000,350.000,250.000,350.000,-1,0.000,0.000,-1,875.000,-1,-1,-1,2,0,2,0,2,0,0,0,0,2,1,0,2,0,2,2,2
44,8277.414,-9178.807,-0.375,-69.890,0.340571,0.938200,-0.061581,-0.938027,0.343517,0.045843,0.064164,0.042151,0.997049,0,0.67374,0.84362,40.424,1.687,-1,400.000,-1,450.000,-1,325.000,350.000,275.000,325.000,-1,0.000,50.000,-1,850.000,-1,-1,-1,2,0,2,0,2,0,0,0,0,2,1,0,2,0,2,2,2
45,8292.454,-9216.408,3.551,-68.207,0.367804,0.927331,-0.069123,-0.928024,0.370769,0.036080,0.059087,0.050877,0.996955,0,0.67497,0.84138,40.498,1.683,-1,400.000,-1,450.000,-1,325.000,350.000,300.000,325.000,-1,600.000,450.000,-1,850.000,-1,-1,-1,2,0,2,0,2,0,0,0,0,2,0,0,2,0,2,2,2
46,8308.619,-9253.621,7.627,-66.529,0.394751,0.915622,-0.076208,-0.917211,0.397573,0.025677,0.053809,0.059763,0.996761,0,0.67623,0.83914,40.574,1.678,-1,400.000,-1,425.000,-1,325.000,325.000,325.000,300.000,-1,-1,-1,-1,825.000,950.000,-1,-1,2,0,2,0,2,0,0,0,0,2,2,2,2,0,0,2,2
47,8325.893,-9290.418,9.851,-64.855,0.421247,0.903565,-0.078241,-0.905289,0.424123,0.023933,0.054809,0.060749,0.996647,0,0.67751,0.83690,40.651,1.674,-1,400.000,-1,425.000,-1,325.000,325.000,325.000,300.000,-1,-1,-1,-1,850.000,950.000,-1,-1,2,0,2,0,2,0,0,0,0,2,2,2,2,0,0,2,2
48,8344.265,-9326.766,12.010,-63.186,0.447307,0.890812,-0.079812,-0.892606,0.450257,0.022877,0.056314,0.061007,0.996547,0,0.67880,0.83467,40.728,1.669,-1,400.000,-1,425.000,-1,325.000,325.000,325.000,300.000,-1,-1,950.000,-1,850.000,950.000,-1,-1,2,0,2,0,2,0,0,0,0,2,2,0,2,0,0,2,2
49,8363.723,-9362.634,14.175,-61.521,0.472965,0.877365,-0.080837,-0.879203,0.475954,0.021688,0.057503,0.060814,0.996491,0,0.68010,0.83244,40.806,1.665,-1,400.000,-1,425.000,-1,325.000,325.000,325.000,300.000,-1,-1,950.000,-1,850.000,950.000,-1,-1,2,0,2,0,2,0,0,0,0,2,2,0,2,0,0,2,2
50,8384.250,-9397.990,16.269,-59.861,0.498241,0.863256,-0.080904,-0.865089,0.501206,0.020352,0.058118,0.059849,0.996514,0,0.68141,0.83021,40.885,1.660,-1,400.000,-1,425.000,-1,325.000,325.000,325.000,300.000,-1,-1,1000.000,-1,850.000,950.000,-1,-1,2,0,2,0,2,0,0,0,0,2,2,0,2,0,0,2,2
51,8405.832,-9432.806,18.459,-58.205,0.523038,0.848465,-0.080862,-0.850286,0.525976,0.019046,0.058691,0.058794,0.996543,0,0.68272,0.82799,40.963,1.656,-1,400.000,-1,425.000,-1,325.000,325.000,325.000,300.000,-1,-1,-1,-1,850.000,950.000,-1,-1,2,0,2,0,2,0,0,0,0,2,2,2,2,0,0,2,2
52,8430.616,-9470.664,20.945,-56.789,0.543923,0.835253,-0.080621,-0.837070,0.546811,0.017668,0.058842,0.057876,0.996588,0,0.75416,0.70799,45.250,1.416,-1,400.000,-1,425.000,-1,325.000,325.000,325.000,300.000,-1,-1,-1,-1,850.000,950.000,-1,-1,2,0,2,0,2,0,0,0,0,2,2,2,2,0,0,2,2
53,8456.209,-9508.061,23.479,-55.613,0.561049,0.823897,-0.080111,-0.825705,0.563867,0.016311,0.058611,0.056997,0.996652,0,0.75528,0.58799,45.317,1.176,-1,400.000,-1,425.000,-1,325.000,325.000,325.000,325.000,-1,-1,-1,-1,850.000,950.000,-1,-1,2,0,2,0,2,0,0,0,0,2,2,2,2,0,0,2,2
54,8482.443,-9545.083,26.007,-54.677,0.574570,0.814622,-0.079128,-0.816408,0.577282,0.014954,0.057861,0.056009,0.996752,0,0.75625,0.46799,45.375,0.936,-1,400.000,-1,425.000,-1,325.000,325.000,325.000,325.000,-1,-1,-1,-1,850.000,950.000,-1,-1,2,0,2,0,2,0,0,0,0,2,2,2,2,0,0,2,2
55,8509.156,-9581.824,28.585,-53.981,0.584565,0.807586,-0.078029,-0.809356,0.587161,0.013603,0.056801,0.055201,0.996858,0,0.75710,0.34799,45.426,0.696,-1,400.000,-1,425.000,-1,325.000,325.000,325.000,325.000,-1,-1,-1,-1,850.000,950.000,-1,-1,2,0,2,0,2,0,0,0,0,2,2,2,2,0,0,2,2
56,8536.186,-9618.389,31.201,-53.525,0.591122,0.802914,-0.076833,-0.804675,0.593589,0.012231,0.055428,0.054595,0.996969,0,0.75786,0.22799,45.472,0.456,-1,400.000,-1,425.000,-1,325.000,325.000,300.000,325.000,-1,-1,-1,-1,850.000,950.000,-1,-1,2,0,2,0,2,0,0,0,0,2,2,2,2,0,0,2,2
57,8563.381,-9654.884,33.597,-53.309,0.594202,0.800648,-0.076725,-0.802470,0.596594,0.010848,0.054459,0.055123,0.996993,0,0.75856,0.10799,45.513,0.216,-1,400.000,-1,425.000,-1,325.000,325.000,300.000,325.000,-1,-1,-1,-1,850.000,975.000,-1,-1,2,0,2,0,2,0,0,0,0,2,2,2,2,0,1,2,2
58,8590.584,-9691.422,35.978,-53.333,0.593919,0.800858,-0.076724,-0.802760,0.596229,0.009390,0.053265,0.056014,0.997008,0,0.75922,-0.01201,45.553,-0.024,-1,400.000,-1,425.000,-1,325.000,325.000,300.000,325.000,-1,-1,-1,-1,875.000,-1,-1,-1,2,0,2,0,2,0,0,0,0,2,2,2,2,0,2,2,2
59,8617.671,-9728.097,38.365,-53.552,0.590906,0.803082,-0.076734,-0.805075,0.593122,0.007842,0.051810,0.057143,0.997021,0,0.75988,-0.10963,45.593,-0.219,-1,400.000,-1,425.000,-1,325.000,325.000,300.000,325.000,-1,-1,-1,-1,900.000,-1,-1,-1,2,0,2,0,2,0,0,0,0,2,2,2,2,0,2,2,2
60,8644.639,-9764.912,40.727,-53.777,0.587812,0.805342,-0.076816,-0.807440,0.589919,0.006047,0.050185,0.058470,0.997027,0,0.76060,-0.11245,45.636,-0.225,-1,400.000,-1,425.000,-1,325.000,325.000,300.000,325.000,-1,-1,-1,-1,925.000,-1,-1,-1,2,0,2,0,2,0,0,0,0,2,2,2,2,0,2,2,2
61,8671.491,-9801.878,42.865,-54.008,0.584650,0.807602,-0.077227,-0.809877,0.586592,0.003086,0.047793,0.060740,0.997009,0,0.76149,-0.11535,45.689,-0.231,-1,400.000,-1,425.000,-1,325.000,325.000,300.000,300.000,-1,-1,-1,-1,925.000,-1,-1,-1,2,0,2,0,2,0,0,0,0,2,2,2,2,0,2,2,2
62,8698.227,-9839.005,45.005,-54.244,0.581403,0.809898,-0.077691,-0.812353,0.583166,-0.000004,0.045304,0.063115,0.996977,0,0.76254,-0.11831,45.753,-0.237,-1,400.000,-1,425.000,-1,325.000,325.000,300.000,300.000,-1,-1,-1,-1,950.000,-1,-1,-1,2,0,2,0,2,0,0,0,0,2,2,2,2,0,2,2,2
63,8724.848,-9876.305,47.146,-54.487,0.578070,0.812230,-0.078213,-0.814868,0.579637,-0.003222,0.042718,0.065596,0.996931,0,0.76375,-0.12135,45.825,-0.243,-1,400.000,-1,425.000,-1,325.000,325.000,300.000,300.000,-1,-1,-1,-1,950.000,-1,-1,-1,2,0,2,0,2,0,0,0,0,2,2,2,2,0,2,2,2
64,8751.353,-9913.786,49.288,-54.736,0.574648,0.814599,-0.078795,-0.817421,0.576003,-0.006569,0.040035,0.068184,0.996869,0,0.76511,-0.12445,45.906,-0.249,-1,400.000,-1,425.000,-1,325.000,325.000,300.000,300.000,-1,-1,-1,-1,975.000,-1,-1,-1,2,0,2,0,2,0,0,0,0,2,2,2,2,0,2,2,2
65,8777.742,-9951.459,51.171,-54.991,0.571101,0.817063,-0.079062,-0.819995,0.572304,-0.008749,0.038099,0.069827,0.996831,0,0.76660,-0.12761,45.996,-0.255,-1,425.000,-1,425.000,-1,325.000,325.000,325.000,300.000,-1,-1,-1,-1,975.000,-1,-1,-1,2,0,2,0,2,0,0,0,0,2,2,2,2,0,2,2,2
66,8806.055,-9992.414,53.013,-55.344,0.566135,0.820504,-0.079147,-0.823507,0.567212,-0.010318,0.036427,0.071020,0.996810,0,0.82981,-0.17648,49.789,-0.353,-1,425.000,-1,425.000,-1,325.000,350.000,325.000,300.000,-1,-1,-1,-1,1000.000,-1,-1,-1,2,0,2,0,2,0,0,0,0,2,2,2,2,0,2,2,2
67,8834.233,-10033.717,54.766,-55.698,0.561126,0.823937,-0.079160,-0.826993,0.562093,-0.011601,0.034936,0.071974,0.996794,0,0.83332,-0.17701,49.999,-0.354,-1,425.000,-1,425.000,-1,350.000,350.000,325.000,300.000,-1,-1,-1,-1,-1,-1,-1,-1,2,0,2,0,2,0,0,0,0,2,2,2,2,2,2,2,2
68,8862.272,-10075.371,56.222,-56.053,0.556170,0.827412,-0.077870,-0.830425,0.556981,-0.012906,0.032694,0.071843,0.996880,0,0.83685,-0.17753,50.211,-0.355,-1,425.000,-1,425.000,-1,350.000,350.000,325.000,300.000,-1,-1,-1,-1,-1,-1,-1,-1,2,0,2,0,2,0,0,0,0,2,2,2,2,2,2,2,2
69,8890.169,-10117.375,57.452,-56.409,0.551241,0.830894,-0.075820,-0.833815,0.551852,-0.014549,0.029752,0.071240,0.997015,0,0.84040,-0.17806,50.424,-0.356,-1,425.000,-1,425.000,-1,350.000,350.000,300.000,300.000,-1,-1,-1,-1,-1,-1,-1,-1,2,0,2,0,2,0,0,0,0,2,2,2,2,2,2,2,2
70,8917.920,-10159.731,58.592,-56.766,0.546282,0.834342,-0.073820,-0.837180,0.546677,-0.016536,0.026559,0.070834,0.997134,0,0.84396,-0.17858,50.638,-0.357,-1,425.000,-1,425.000,-1,350.000,350.000,300.000,300.000,-1,-1,-1,-1,-1,-1,-1,-1,2,0,2,1,2,0,0,0,0,2,2,2,2,2,2,2,2
71,8945.522,-10202.440,59.698,-57.125,0.541286,0.837768,-0.071792,-0.840516,0.541467,-0.018606,0.023285,0.070413,0.997246,0,0.84753,-0.17911,50.852,-0.358,-1,425.000,-1,475.000,-1,325.000,325.000,300.000,300.000,-1,-1,-1,-1,-1,-1,-1,-1,2,0,2,1,2,0,0,0,0,2,2,2,2,2,2,2,2
72,8972.972,-10245.502,60.772,-57.484,0.536251,0.841173,-0.069736,-0.843823,0.536219,-0.020762,0.019929,0.069978,0.997349,0,0.85113,-0.17964,51.068,-0.359,-1,425.000,-1,500.000,-1,325.000,325.000,300.000,300.000,-1,-1,-1,-1,-1,-1,-1,-1,2,0,2,1,2,0,0,0,0,2,2,2,2,2,2,2,2
73,9000.266,-10288.920,61.812,-57.844,0.531177,0.844555,-0.067654,-0.847100,0.530935,-0.023003,0.016492,0.069529,0.997444,0,0.85473,-0.18018,51.284,-0.360,-1,425.000,-1,550.000,-1,325.000,350.000,300.000,300.000,-1,-1,-1,-1,-1,-1,-1,-1,2,0,2,1,2,0,1,0,0,2,2,2,2,2,2,2,2
74,9027.400,-10332.694,62.649,-58.206,0.526024,0.847879,-0.066330,-0.850363,0.525591,-0.025237,0.013465,0.069680,0.997479,0,0.85835,-0.18073,51.501,-0.361,-1,425.000,-1,625.000,-1,325.000,400.000,300.000,300.000,-1,-1,-1,-1,-1,-1,-1,-1,2,0,2,1,2,0,1,0,0,2,2,2,2,2,2,2,2
75,9054.371,-10376.824,63.304,-58.568,0.520802,0.851148,-0.065670,-0.853609,0.520190,-0.027459,0.010790,0.070358,0.997463,0,0.86199,-0.18129,51.719,-0.363,-1,-1,-1,725.000,-1,375.000,450.000,300.000,300.000,-1,-1,-1,-1,-1,-1,-1,-1,2,2,2,1,2,1,1,0,0,2,2,2,2,2,2,2,2
76,9081.174,-10421.311,63.835,-58.932,0.515557,0.854373,-0.065177,-0.856819,0.514739,-0.030075,0.007854,0.071351,0.997420,0,0.86563,-0.18188,51.938,-0.364,-1,-1,-1,825.000,-1,475.000,525.000,300.000,300.000,-1,-1,-1,-1,-1,-1,-1,-1,2,2,2,1,2,1,1,0,0,2,2,2,2,2,2,2,2
77,9107.808,-10466.156,63.240,-59.297,0.510476,0.857315,-0.066529,-0.859890,0.509097,-0.037538,0.001687,0.076370,0.997078,0,0.86929,-0.18249,52.157,-0.365,-1,-1,-1,825.000,-1,-1,600.000,300.000,300.000,-1,-1,-1,-1,-1,-1,-1,-1,2,2,2,1,2,2,1,0,0,2,2,2,2,2,2,2,2
78,9134.266,-10511.360,62.157,-59.663,0.505486,0.860196,-0.067430,-0.862815,0.503397,-0.046276,-0.005863,0.081572,0.996650,0,0.87296,-0.18314,52.377,-0.366,-1,-1,-1,800.000,-1,-1,900.000,325.000,275.000,-1,-1,-1,-1,-1,-1,-1,-1,2,2,2,1,2,2,1,0,0,2,2,2,2,2,2,2,2
79,9160.544,-10556.923,60.730,-60.031,0.500570,0.862970,-0.068649,-0.865577,0.497614,-0.056177,-0.014319,0.087542,0.996058,0,0.87663,-0.18383,52.598,-0.368,-1,-1,-1,775.000,-1,-1,875.000,325.000,275.000,-1,-1,-1,-1,-1,-1,-1,-1,2,2,2,1,2,2,1,0,0,2,2,2,2,2,2,2,2
80,9186.638,-10602.847,58.783,-60.400,0.495674,0.865680,-0.070037,-0.868209,0.491772,-0.066126,-0.022802,0.093584,0.995350,0,0.88032,-0.18457,52.819,-0.369,-1,-1,-1,750.000,-1,-1,850.000,325.000,250.000,-1,-1,-1,-1,-1,-1,-1,-1,2,2,2,1,2,2,1,0,0,2,2,2,2,2,2,2,2
81,9212.543,-10649.133,56.326,-60.771,0.490802,0.868323,-0.071617,-0.870707,0.485868,-0.076164,-0.031338,0.099739,0.994520,0,0.88400,-0.18538,53.040,-0.371,-1,-1,-1,725.000,-1,-1,825.000,350.000,225.000,-1,-1,-1,-1,-1,-1,-1,-1,2,2,2,1,2,2,1,0,0,2,2,2,2,2,2,2,2
82,9238.243,-10695.786,51.210,-61.143,0.486176,0.871643,-0.062213,-0.872547,0.480311,-0.089231,-0.047896,0.097666,0.994066,0,0.88769,-0.18627,53.262,-0.373,-1,-1,-1,675.000,-1,975.000,775.000,325.000,225.000,-1,-1,-1,-1,-1,-1,-1,-1,2,2,2,1,2,1,1,0,1,2,2,2,2,2,2,2,2
83,9266.135,-10746.713,43.032,-61.276,0.484987,0.873526,-0.041715,-0.871432,0.478718,-0.106936,-0.073441,0.088214,0.993390,0,0.96769,-0.06627,58.062,-0.133,-1,-1,-1,625.000,-1,875.000,700.000,275.000,225.000,-1,-1,-1,-1,-1,950.000,-1,-1,2,2,2,1,2,1,1,0,1,2,2,2,2,2,1,2,2
84,-6230.648,1640.142,-19.059,-64.755,0.385435,0.856043,0.344428,-0.914687,0.403649,0.020358,-0.121600,-0.322891,0.938592,1,0.00000,0.00000,58.935,-0.038,75.000,225.000,975.000,500.000,-1,225.000,300.000,175.000,225.000,-1,-1,200.000,200.000,275.000,-1,75.000,-1,1,1,1,1,2,1,1,0,1,2,2,1,1,1,2,1,2
85,4919.906,4914.694,-122.248,-86.234,0.054006,0.992273,0.111701,-0.992818,0.065318,-0.100227,-0.106749,-0.105486,0.988675,1,0.08000,0.02593,4.800,0.052,375.000,300.000,-1,400.000,-1,275.000,300.000,250.000,625.000,-1,-1,-1,250.000,500.000,750.000,425.000,-1,0,0,2,0,2,0,0,0,0,2,2,2,1,0,0,0,2
86,4920.540,4905.116,-123.424,-86.181,0.055465,0.992531,0.108654,-0.992950,0.066248,-0.098288,-0.104752,-0.102437,0.989209,0,0.16000,0.02625,9.600,0.053,400.000,300.000,-1,400.000,-1,275.000,300.000,250.000,625.000,-1,-1,-1,250.000,500.000,750.000,425.000,-1,0,0,2,0,2,0,0,0,0,2,2,2,1,0,0,0,2
87,4921.504,4890.749,-125.186,-86.128,0.057197,0.992925,0.104059,-0.993165,0.067211,-0.095427,-0.101746,-0.097890,0.989983,0,0.24000,0.02690,14.400,0.054,425.000,300.000,-1,400.000,-1,275.000,300.000,250.000,600.000,-1,-1,-1,250.000,500.000,750.000,475.000,-1,0,0,2,0,2,0,0,0,0,2,2,2,1,0,0,0,2
88,4922.810,4871.594,-127.528,-86.072,0.059179,0.993431,0.097939,-0.993451,0.068217,-0.091660,-0.097739,-0.091873,0.990962,0,0.32000,0.02787,19.200,0.056,475.000,300.000,-1,400.000,-1,275.000,300.000,250.000,575.000,-1,-1,-1,250.000,525.000,750.000,525.000,-1,0,0,2,0,2,0,0,0,0,2,2,2,1,0,0,0,2
89,4924.467,4847.653,-130.441,-86.013,0.061382,0.994019,0.090324,-0.993796,0.069275,-0.087014,-0.092750,-0.084423,0.992104,0,0.40000,0.02919,24.000,0.058,550.000,325.000,-1,400.000,-1,275.000,300.000,275.000,550.000,-1,-1,-1,275.000,550.000,750.000,625.000,-1,0,0,2,0,2,0,0,0,0,2,2,2,1,0,0,0,2
90,4926.488,4818.925,-133.911,-85.952,0.063765,0.994651,0.081260,-0.994183,0.070395,-0.081520,-0.086805,-0.075589,0.993354,0,0.48000,0.03085,28.800,0.062,650.000,325.000,-1,400.000,-1,275.000,300.000,275.000,500.000,-1,-1,400.000,275.000,575.000,775.000,750.000,-1,0,0,2,0,2,0,0,0,0,2,2,1,1,0,0,0,2
91,4928.887,4785.413,-137.923,-85.886,0.066283,0.995286,0.070799,-0.994594,0.071588,-0.075222,-0.079936,-0.065431,0.994650,0,0.56000,0.03288,33.600,0.066,850.000,325.000,-1,400.000,-1,275.000,300.000,275.000,475.000,-1,-1,350.000,300.000,600.000,775.000,950.000,-1,0,0,2,0,2,0,0,0,0,2,2,1,1,0,0,0,2
92,4931.677,4747.116,-142.457,-85.815,0.068884,0.995878,0.059009,-0.995009,0.072864,-0.068171,-0.072190,-0.054019,0.995927,0,0.64000,0.03528,38.400,0.071,-1,350.000,-1,400.000,-1,300.000,300.000,300.000,425.000,-1,-1,275.000,300.000,625.000,775.000,-1,-1,2,0,2,0,2,0,0,0,0,2,2,1,1,0,0,2,2
93,4934.655,4707.002,-147.146,-85.739,0.071432,0.996344,0.046854,-0.995377,0.074229,-0.060950,-0.064205,-0.042283,0.997041,0,0.67042,0.03807,40.225,0.076,-1,350.000,-1,400.000,-1,300.000,300.000,300.000,400.000,-1,-1,225.000,325.000,675.000,800.000,-1,-1,2,0,2,0,2,0,0,0,0,2,2,1,1,0,0,2,2
94,4937.698,4666.833,-151.781,-85.657,0.073874,0.996657,0.034883,-0.995674,0.075688,-0.053891,-0.056351,-0.030751,0.997937,0,0.67141,0.04103,40.285,0.082,-1,375.000,-1,400.000,-1,300.000,300.000,300.000,375.000,-1,-1,150.000,350.000,725.000,800.000,-1,-1,2,0,2,0,2,0,0,0,0,2,2,1,1,0,0,2,2
95,4940.810,4626.600,-156.360,-85.569,0.076223,0.996823,0.023097,-0.995904,0.077242,-0.047000,-0.048635,-0.019420,0.998628,0,0.67258,0.04404,40.355,0.088,-1,400.000,-1,400.000,-1,325.000,325.000,325.000,325.000,-1,-1,100.000,350.000,750.000,825.000,-1,-1,2,0,2,0,2,0,0,0,0,2,2,1,1,0,0,2,2
96,4944.178,4581.571,-158.878,-85.721,0.073742,0.997077,0.019981,-0.996131,0.074602,-0.046444,-0.047798,-0.016479,0.998721,0,0.75258,-0.07596,45.155,-0.152,-1,400.000,-1,400.000,-1,325.000,325.000,325.000,325.000,-1,-1,125.000,400.000,775.000,825.000,-1,-1,2,0,2,0,2,0,0,0,0,2,2,1,1,0,0,2,2
97,4947.564,4531.731,-161.426,-86.113,0.066926,0.997567,0.019542,-0.996596,0.067780,-0.046926,-0.048136,-0.016335,0.998707,0,0.83258,-0.19596,49.955,-0.392,-1,400.000,-1,400.000,-1,325.000,325.000,325.000,325.000,-1,-1,175.000,475.000,775.000,825.000,-1,-1,2,0,2,0,2,0,0,0,0,2,2,1,1,0,0,2,2
98,4950.551,4479.212,-164.135,-86.745,0.055917,0.998251,0.019175,-0.997255,0.056774,-0.047530,-0.048536,-0.016464,0.998686,0,0.87674,-0.31596,52.605,-0.632,-1,400.000,-1,400.000,-1,325.000,325.000,325.000,325.000,-1,-1,250.000,525.000,750.000,800.000,-1,-1,2,0,2,0,2,0,0,0,0,2,2,1,1,0,0,2,2
99,4952.745,4426.497,-166.841,-87.617,0.040715,0.998995,0.018732,-0.997973,0.041577,-0.048175,-0.048906,-0.016733,0.998663,0,0.87933,-0.43596,52.760,-0.872,-1,400.000,-1,400.000,-1,325.000,325.000,325.000,325.000,-1,-1,325.000,575.000,750.000,800.000,-1,-1,2,0,2,0,2,0,0,0,0,2,2,1,1,0,0,2,2
100,4954.125,4373.588,-169.539,-88.506,0.025200,0.999517,0.018191,-0.998466,0.026063,-0.048846,-0.049296,-0.016932,0.998641,0,0.88212,-0.44476,52.927,-0.890,-1,400.000,-1,400.000,-1,325.000,325.000,325.000,325.000,-1,-1,425.000,625.000,750.000,800.000,-1,-1,2,0,2,0,2,0,0,0,0,2,2,1,1,0,0,2,2
101,4954.693,4320.493,-172.233,-89.388,0.009827,0.999798,0.017552,-0.998715,0.010686,-0.049534,-0.049712,-0.017043,0.998618,0,0.88497,-0.44065,53.098,-0.881,-1,400.000,-1,400.000,-1,325.000,325.000,325.000,325.000,-1,-1,700.000,675.000,750.000,800.000,-1,-1,2,0,2,0,2,0,0,0,0,2,2,1,1,0,0,2,2
102,4954.450,4267.222,-174.922,-90.261,-0.005400,0.999844,0.016823,-0.998727,-0.004548,-0.050237,-0.050152,-0.017073,0.998596,0,0.88785,-0.43651,53.271,-0.873,-1,400.000,-1,400.000,-1,325.000,325.000,325.000,325.000,-1,-1,-1,725.000,750.000,800.000,-1,-1,2,0,2,0,2,0,0,0,0,2,2,2,1,0,0,2,2
103,4953.400,4213.786,-177.609,-91.125,-0.020477,0.999662,0.016010,-0.998508,-0.019637,-0.050949,-0.050617,-0.017029,0.998573,0,0.89077,-0.43235,53.446,-0.865,-1,400.000,-1,400.000,-1,325.000,325.000,325.000,325.000,-1,-1,-1,800.000,750.000,800.000,-1,-1,2,0,2,0,2,0,0,0,0,2,2,2,1,0,0,2,2
104,4951.546,4160.194,-180.295,-91.982,-0.035399,0.999259,0.015118,-0.998066,-0.034575,-0.051667,-0.051106,-0.016918,0.998550,0,0.89372,-0.42817,53.623,-0.856,-1,375.000,-1,400.000,-1,325.000,325.000,325.000,325.000,-1,-1,-1,875.000,750.000,800.000,-1,-1,2,0,2,0,2,0,0,0,0,2,2,2,1,0,0,2,2
105,4948.890,4106.457,-182.980,-92.830,-0.050165,0.998641,0.014155,-0.997406,-0.049360,-0.052388,-0.051618,-0.016747,0.998526,0,0.89670,-0.42398,53.802,-0.848,-1,375.000,-1,400.000,-1,325.000,325.000,325.000,325.000,-1,-1,-1,925.000,725.000,800.000,-1,-1,2,0,2,0,2,0,0,0,0,2,2,2,1,0,0,2,2
106,4945.435,4052.586,-185.667,-93.669,-0.064769,0.997814,0.013128,-0.996537,-0.063987,-0.053109,-0.052153,-0.016522,0.998502,0,0.89970,-0.41977,53.982,-0.840,-1,375.000,-1,400.000,-1,325.000,325.000,325.000,325.000,-1,-1,-1,1000.000,725.000,775.000,-1,-1,2,0,2,0,2,0,0,0,0,2,2,2,1,0,0,2,2
107,4941.185,3998.589,-188.357,-94.500,-0.079209,0.996785,0.012042,-0.995464,-0.078454,-0.053828,-0.052710,-0.016251,0.998478,0,0.90272,-0.41554,54.163,-0.831,-1,375.000,-1,400.000,-1,300.000,325.000,325.000,325.000,-1,-1,-1,-1,725.000,775.000,-1,-1,2,0,2,0,2,0,0,0,0,2,2,2,2,0,0,2,2
108,4936.143,3944.477,-191.090,-95.323,-0.093489,0.995559,0.011082,-0.994204,-0.092756,-0.054359,-0.053090,-0.016100,0.998460,0,0.90576,-0.41130,54.346,-0.823,-1,375.000,-1,400.000,-1,300.000,325.000,325.000,325.000,-1,-1,-1,-1,725.000,775.000,-1,-1,2,0,2,0,2,0,0,0,0,2,2,2,2,0,0,2,2
109,4930.314,3890.261,-193.888,-96.137,-0.107591,0.994144,0.010102,-0.992785,-0.106892,-0.054326,-0.052928,-0.015874,0.998472,0,0.90882,-0.40704,54.529,-0.814,-1,375.000,-1,400.000,-1,300.000,325.000,325.000,325.000,-1,-1,-1,-1,725.000,775.000,-1,-1,2,0,2,0,2,0,0,0,0,2,2,2,2,0,0,2,2
110,4923.700,3835.948,-196.688,-96.942,-0.121522,0.992547,0.009151,-0.991198,-0.120858,-0.054030,-0.052521,-0.015637,0.998497,0,0.91189,-0.40277,54.714,-0.806,-1,375.000,-1,400.000,-1,300.000,325.000,325.000,325.000,-1,-1,-1,-1,725.000,775.000,-1,-1,2,0,2,0,2,0,0,0,0,2,2,2,2,0,0,2,2
111,4916.307,3781.550,-199.495,-97.739,-0.135280,0.990774,0.008197,-0.989435,-0.134652,-0.053727,-0.052128,-0.015379,0.998522,0,0.91498,-0.39848,54.899,-0.797,-1,375.000,-1,400.000,-1,325.000,325.000,325.000,325.000,-1,-1,-1,-1,700.000,750.000,-1,-1,2,0,2,0,2,0,0,0,0,2,2,2,2,0,0,2,2
112,4908.138,3727.074,-202.309,-98.528,-0.148864,0.988831,0.007246,-0.987503,-0.148272,-0.053419,-0.051748,-0.015108,0.998546,0,0.91808,-0.39417,55.085,-0.788,-1,375.000,-1,400.000,-1,325.000,325.000,325.000,325.000,-1,-1,-1,-1,700.000,750.000,-1,-1,2,0,2,0,2,0,0,0,0,2,2,2,2,0,0,2,2
113,4899.199,3672.531,-205.132,-99.307,-0.162271,0.986726,0.006305,-0.985408,-0.161715,-0.053106,-0.051381,-0.014831,0.998569,0,0.92118,-0.38985,55.271,-0.780,-1,375.000,-1,400.000,-1,325.000,325.000,325.000,325.000,-1,-1,-1,-1,700.000,750.000,-1,-1,2,0,2,0,2,0,0,0,0,2,2,2,2,0,0,2,2
114,4889.494,3617.929,-207.965,-100.079,-0.175501,0.984464,0.005381,-0.983156,-0.174979,-0.052789,-0.051027,-0.014555,0.998591,0,0.92430,-0.38552,55.458,-0.771,-1,375.000,-1,400.000,-1,325.000,325.000,325.000,325.000,-1,-1,-1,-1,700.000,750.000,-1,-1,2,0,2,0,2,0,0,0,0,2,2,2,2,0,0,2,2
115,4879.028,3563.276,-210.808,-100.841,-0.188552,0.982053,0.004482,-0.980754,-0.188063,-0.052469,-0.050684,-0.014288,0.998613,0,0.92743,-0.38118,55.646,-0.762,-1,375.000,-1,400.000,-1,325.000,325.000,300.000,325.000,-1,-1,-1,-1,700.000,725.000,-1,-1,2,0,2,0,2,0,0,0,0,2,2,2,2,0,0,2,2
116,4867.806,3508.582,-213.662,-101.595,-0.201422,0.979498,0.003612,-0.978209,-0.200965,-0.052148,-0.050353,-0.014037,0.998633,0,0.93056,-0.37682,55.834,-0.754,-1,375.000,-1,400.000,-1,325.000,325.000,300.000,325.000,-1,-1,-1,-1,675.000,725.000,-1,-1,2,0,2,0,2,0,0,0,0,2,2,2,2,0,0,2,2
117,4855.834,3453.854,-216.528,-102.339,-0.214110,0.976806,0.002780,-0.975527,-0.213682,-0.051828,-0.050032,-0.013809,0.998652,0,0.93370,-0.37245,56.022,-0.745,-1,375.000,-1,400.000,-1,300.000,325.000,300.000,325.000,-1,-1,-1,-1,675.000,725.000,-1,-1,2,0,2,0,2,0,0,0,0,2,2,2,2,0,0,2,2
118,4843.128,3399.141,-219.406,-103.074,-0.226583,0.973990,0.001991,-0.972722,-0.226183,-0.051512,-0.049722,-0.013609,0.998670,0,0.93615,-0.36713,56.169,-0.734,-1,375.000,-1,375.000,-1,300.000,325.000,300.000,325.000,-1,-1,-1,-1,675.000,700.000,-1,-1,2,0,2,0,2,0,0,0,0,2,2,2,2,0,0,2,2
119,4829.712,3344.564,-222.274,-103.810,-0.239059,0.971004,0.001182,-0.969744,-0.238687,-0.051237,-0.049470,-0.013395,0.998686,0,0.93668,-0.36830,56.201,-0.737,-1,375.000,-1,375.000,-1,300.000,300.000,300.000,325.000,-1,-1,-1,-1,675.000,700.000,-1,-1,2,0,2,0,2,0,0,0,0,2,2,2,2,0,0,2,2
120,4815.596,3290.165,-224.823,-104.547,-0.251435,0.967874,-0.000657,-0.966662,-0.251155,-0.049859,-0.048423,-0.011902,0.998756,0,0.93668,-0.36830,56.201,-0.737,-1,375.000,-1,375.000,-1,300.000,300.000,300.000,300.000,-1,-1,-1,-1,675.000,700.000,-1,-1,2,0,2,0,2,0,0,0,0,2,2,2,2,0,0,2,2
121,4800.781,3235.952,-227.288,-105.283,-0.263762,0.964584,-0.002682,-0.963438,-0.263582,-0.048092,-0.047096,-0.010100,0.998839,0,0.93668,-0.36830,56.201,-0.737,-1,375.000,-1,375.000,-1,300.000,300.000,325.000,300.000,-1,-1,-1,-1,675.000,700.000,-1,-1,2,0,2,0,2,0,0,0,0,2,2,2,2,0,0,2,2
122,4785.271,3181.934,-229.582,-106.020,-0.276080,0.961126,-0.003988,-0.960051,-0.275963,-0.046338,-0.045637,-0.008964,0.998918,0,0.93668,-0.36830,56.201,-0.737,-1,375.000,-1,375.000,-1,300.000,300.000,325.000,300.000,-1,-1,-1,-1,650.000,700.000,-1,-1,2,0,2,0,2,0,0,0,0,2,2,2,2,0,0,2,2
123,4769.068,3128.120,-231.620,-106.757,-0.288403,0.957500,-0.004088,-0.956524,-0.288297,-0.044118,-0.043422,-0.008814,0.999018,0,0.93668,-0.36830,56.201,-0.737,-1,375.000,-1,375.000,-1,300.000,300.000,325.000,300.000,-1,-1,-1,-1,650.000,700.000,-1,-1,2,0,2,0,2,0,0,0,0,2,2,2,2,0,0,2,2
124,4752.174,3074.519,-233.677,-107.493,-0.300683,0.953716,-0.004054,-0.952832,-0.300583,-0.041975,-0.041251,-0.008758,0.999110,0,0.93668,-0.36830,56.201,-0.737,-1,375.000,-1,375.000,-1,300.000,300.000,325.000,300.000,-1,-1,-1,-1,650.000,700.000,-1,-1,2,0,2,0,2,0,0,0,0,2,2,2,2,0,0,2,2
125,4734.593,3021.139,-235.763,-108.230,-0.312920,0.949772,-0.003849,-0.948972,-0.312818,-0.039968,-0.039165,-0.008854,0.999194,0,0.93668,-0.36830,56.201,-0.737,-1,375.000,-1,375.000,-1,300.000,300.000,325.000,325.000,-1,-1,700.000,-1,650.000,700.000,-1,-1,2,0,2,0,2,0,0,0,0,2,2,0,2,0,0,2,2
126,4716.326,2967.989,-237.850,-108.966,-0.325106,0.945671,-0.003563,-0.944951,-0.325002,-0.037964,-0.037060,-0.008975,0.999273,0,0.93668,-0.36830,56.201,-0.737,-1,375.000,-1,375.000,-1,300.000,325.000,325.000,325.000,-1,-1,550.000,-1,625.000,700.000,-1,-1,2,0,2,0,2,0,0,0,0,2,2,0,2,0,0,2,2
127,4697.378,2915.079,-239.936,-109.703,-0.337240,0.941413,-0.003192,-0.940770,-0.337132,-0.035966,-0.034935,-0.009126,0.999348,0,0.93668,-0.36830,56.201,-0.737,-1,375.000,-1,375.000,-1,325.000,325.000,300.000,325.000,-1,-1,475.000,-1,625.000,700.000,-1,-1,2,0,2,0,2,0,0,0,0,2,2,0,2,0,0,2,2
128,4679.434,2866.306,-241.860,-110.200,-0.345389,0.938455,-0.002791,-0.937880,-0.345279,-0.034113,-0.032978,-0.009165,0.999414,0,0.86616,-0.24830,51.969,-0.497,-1,375.000,-1,400.000,-1,300.000,325.000,300.000,325.000,-1,750.000,475.000,-1,625.000,700.000,-1,-1,2,0,2,0,2,0,0,0,0,2,0,0,2,0,0,2,2
129,4661.271,2817.614,-243.780,-110.456,-0.349588,0.936901,-0.002352,-0.936389,-0.349478,-0.032248,-0.031035,-0.009071,0.999477,0,0.86616,-0.12830,51.969,-0.257,-1,375.000,-1,375.000,-1,300.000,325.000,300.000,325.000,-1,625.000,450.000,-1,625.000,700.000,-1,-1,2,0,2,0,2,0,0,0,0,2,0,0,2,0,0,2,2
130,4643.094,2768.928,-245.699,-110.473,-0.349857,0.936801,-0.001893,-0.936351,-0.349751,-0.030361,-0.029105,-0.008850,0.999537,0,0.86616,-0.00830,51.969,-0.017,1000.000,350.000,-1,375.000,-1,300.000,300.000,300.000,325.000,-1,525.000,425.000,-1,625.000,675.000,1000.000,-1,0,0,2,0,2,0,0,0,0,2,0,0,2,0,0,0,2
131,4625.107,2720.170,-247.454,-110.249,-0.346180,0.938166,-0.002235,-0.937759,-0.346098,-0.028712,-0.027710,-0.007844,0.999585,0,0.86616,0.11170,51.969,0.223,975.000,350.000,-1,375.000,-1,300.000,300.000,300.000,325.000,-1,475.000,400.000,-1,600.000,675.000,975.000,-1,0,0,2,0,2,0,0,0,0,2,0,0,2,0,0,0,2
132,4607.514,2671.270,-248.818,-109.786,-0.338520,0.940951,-0.003987,-0.940601,-0.338505,-0.026170,-0.025974,-0.005109,0.999650,0,0.86616,0.23170,51.969,0.463,975.000,350.000,-1,375.000,-1,300.000,300.000,300.000,325.000,-1,450.000,400.000,-1,600.000,675.000,975.000,-1,0,0,2,0,2,0,0,0,0,2,0,0,2,0,0,0,2
133,4590.523,2622.156,-249.909,-109.083,-0.326866,0.945047,-0.006656,-0.944783,-0.326932,-0.022358,-0.023306,-0.001020,0.999728,0,0.86616,0.35170,51.969,0.703,-1,350.000,-1,375.000,-1,300.000,300.000,325.000,300.000,-1,425.000,400.000,-1,625.000,675.000,-1,-1,2,0,2,0,2,0,0,0,0,2,0,0,2,0,0,2,2
134,4574.252,2572.800,-251.012,-108.246,-0.312969,0.949717,-0.009419,-0.949539,-0.313095,-0.018620,-0.020633,0.003116,0.999782,0,0.86616,0.41838,51.969,0.837,-1,350.000,-1,375.000,-1,300.000,300.000,325.000,300.000,-1,425.000,375.000,-1,625.000,675.000,-1,-1,2,0,2,0,2,0,0,0,0,2,0,0,2,0,0,2,2
135,4558.703,2523.212,-251.661,-107.409,-0.299045,0.954178,-0.010742,-0.954057,-0.299189,-0.016143,-0.018617,0.005421,0.999812,0,0.86616,0.41838,51.969,0.837,-1,350.000,-1,375.000,-1,300.000,300.000,325.000,300.000,-1,450.000,400.000,-1,625.000,650.000,-1,-1,2,0,2,0,2,0,0,0,0,2,0,0,2,0,0,2,2
136,4543.880,2473.401,-251.794,-106.572,-0.285114,0.958445,-0.009642,-0.958376,-0.285222,-0.012755,-0.014976,0.005604,0.999872,0,0.86616,0.41838,51.969,0.837,-1,350.000,-1,375.000,-1,300.000,300.000,325.000,300.000,-1,425.000,400.000,-1,625.000,675.000,-1,-1,2,0,2,0,2,0,0,0,0,2,0,0,2,0,0,2,2
137,4529.786,2423.380,-251.928,-105.736,-0.271119,0.962507,-0.008655,-0.962479,-0.271195,-0.009339,-0.011336,0.005798,0.999919,0,0.86616,0.41838,51.969,0.837,-1,350.000,-1,375.000,-1,300.000,300.000,325.000,300.000,-1,425.000,400.000,-1,625.000,675.000,-1,-1,2,0,2,0,2,0,0,0,0,2,0,0,2,0,0,2,2
