timestep,x_cm,y_cm,z_cm,yaw_deg,basis_xx,basis_xy,basis_xz,basis_yx,basis_yy,basis_yz,basis_zx,basis_zy,basis_zz,teleport_flag,throttle_cmd,steering_cmd,cmd_move_cm,cmd_turn_deg,lidar_cm_0,lidar_cm_1,lidar_cm_2,lidar_cm_3,lidar_cm_4,lidar_cm_5,lidar_cm_6,lidar_cm_7,lidar_cm_8,lidar_cm_9,lidar_cm_10,lidar_cm_11,lidar_cm_12,lidar_cm_13,lidar_cm_14,lidar_cm_15,lidar_cm_16,lidar_class_0,lidar_class_1,lidar_class_2,lidar_class_3,lidar_class_4,lidar_class_5,lidar_class_6,lidar_class_7,lidar_class_8,lidar_class_9,lidar_class_10,lidar_class_11,lidar_class_12,lidar_class_13,lidar_class_14,lidar_class_15,lidar_class_16
0,-6887.289,-9511.017,-243.892,78.168,0.205081,-0.978726,0.006174,0.978734,0.205045,-0.006035,0.004641,0.007281,0.999963,1,0.00000,0.00000,4.800,-0.240,-1,425.000,-1,425.000,-1,325.000,325.000,300.000,300.000,-1,-1,-1,-1,1000.000,-1,-1,-1,2,0,2,0,2,0,0,0,0,2,2,2,2,0,2,2,2
1,-6886.324,-9506.315,-243.873,78.408,0.200978,-0.979575,0.006333,0.979586,0.200943,-0.005700,0.004311,0.007350,0.999964,0,0.08000,0.12000,4.800,0.240,-1,425.000,-1,425.000,-1,325.000,325.000,300.000,300.000,-1,-1,-1,-1,1000.000,-1,-1,-1,2,0,2,0,2,0,0,0,0,2,2,2,2,0,2,2,2
2,-6884.474,-9496.895,-243.833,78.888,0.192760,-0.981223,0.006641,0.981239,0.192729,-0.005028,0.003654,0.007485,0.999965,0,0.16000,0.24000,9.600,0.480,-1,425.000,-1,425.000,-1,325.000,325.000,300.000,300.000,-1,-1,-1,-1,1000.000,-1,-1,-1,2,0,2,0,2,0,0,0,0,2,2,2,2,0,2,2,2
3,-6881.876,-9482.731,-243.771,79.608,0.180409,-0.983566,0.007077,0.983588,0.180384,-0.004016,0.002673,0.007685,0.999967,0,0.24000,0.36000,14.400,0.720,-1,425.000,-1,425.000,-1,325.000,325.000,300.000,300.000,-1,-1,-1,-1,1000.000,-1,-1,-1,2,0,2,0,2,0,0,0,0,2,2,2,2,0,2,2,2
4,-6878.730,-9463.791,-243.687,80.568,0.163895,-0.986448,0.007611,0.986477,0.163879,-0.002659,0.001376,0.007944,0.999967,0,0.32000,0.48000,19.200,0.960,-1,425.000,-1,425.000,-1,325.000,325.000,300.000,300.000,-1,-1,-1,-1,1000.000,-1,-1,-1,2,0,2,0,2,0,0,0,0,2,2,2,2,0,2,2,2
5,-6875.293,-9440.038,-243.578,81.768,0.143187,-0.989662,0.008204,0.989696,0.143184,-0.000955,-0.000229,0.008256,0.999966,0,0.40000,0.60000,24.000,1.200,-1,425.000,-1,425.000,-1,325.000,325.000,300.000,300.000,-1,-1,-1,-1,1000.000,-1,-1,-1,2,0,2,0,2,0,0,0,0,2,2,2,2,0,2,2,2
6,-6871.887,-9411.440,-243.441,83.208,0.118254,-0.992944,0.008803,0.992981,0.118268,0.001099,-0.002132,0.008611,0.999961,0,0.48000,0.72000,28.800,1.440,-1,425.000,-1,425.000,-1,325.000,325.000,300.000,300.000,-1,-1,-1,-1,1000.000,-1,-1,-1,2,0,2,0,2,0,0,0,0,2,2,2,2,0,2,2,2
7,-6868.893,-9377.974,-243.270,84.888,0.089071,-0.995981,0.009344,0.996016,0.089107,0.003499,-0.004318,0.008995,0.999950,0,0.56000,0.84000,33.600,1.680,-1,425.000,-1,425.000,-1,325.000,325.000,300.000,300.000,-1,-1,-1,-1,975.000,-1,-1,-1,2,0,2,0,2,0,0,0,0,2,2,2,2,0,2,2,2
8,-6866.754,-9339.633,-243.060,86.808,0.055625,-0.998404,0.009751,0.998429,0.055687,0.006237,-0.006770,0.009389,0.999933,0,0.64000,0.96000,38.400,1.920,-1,425.000,-1,425.000,-1,325.000,325.000,300.000,300.000,-1,-1,-1,-1,975.000,-1,-1,-1,2,0,2,0,2,0,0,0,0,2,2,2,2,0,2,2,2
9,-6865.838,-9296.443,-242.803,88.785,0.021103,-0.999727,0.009996,0.999732,0.021196,0.009299,-0.009508,0.009798,0.999907,0,0.72000,0.98893,43.200,1.978,-1,425.000,-1,425.000,-1,325.000,325.000,300.000,300.000,-1,-1,-1,-1,975.000,-1,-1,-1,2,0,2,0,2,0,0,0,0,2,2,2,2,0,2,2,2
10,-6866.472,-9248.447,-242.494,90.756,-0.013330,-0.999861,0.010040,0.999833,-0.013202,0.012666,-0.012532,0.010207,0.999869,0,0.80000,0.98553,48.000,1.971,-1,425.000,-1,425.000,-1,325.000,350.000,325.000,325.000,-1,-1,-1,-1,975.000,-1,-1,-1,2,0,2,0,2,0,0,0,0,2,2,2,2,0,2,2,2
11,-6868.977,-9195.706,-242.210,92.719,-0.047607,-0.998815,0.010146,0.998745,-0.047440,0.016089,-0.015589,0.010899,0.999819,0,0.88000,0.98140,52.800,1.963,-1,425.000,-1,425.000,-1,350.000,350.000,325.000,325.000,-1,-1,-1,-1,950.000,-1,-1,-1,2,0,2,0,2,0,0,0,0,2,2,2,2,0,2,2,2
12,-6873.357,-9142.123,-243.495,94.672,-0.081686,-0.996581,0.012397,0.996500,-0.081446,0.018807,-0.017733,0.013890,0.999746,0,0.89604,0.97642,53.762,1.953,-1,425.000,-1,425.000,-1,350.000,350.000,325.000,325.000,-1,-1,-1,-1,950.000,-1,-1,-1,2,0,2,0,2,0,0,0,0,2,2,2,2,0,2,2,2
13,-6879.580,-9088.448,-245.248,96.614,-0.115451,-0.993233,0.012634,0.993109,-0.115161,0.021735,-0.020133,0.015056,0.999684,0,0.90057,0.97076,54.034,1.942,-1,425.000,-1,425.000,-1,325.000,325.000,325.000,300.000,-1,-1,-1,-1,950.000,-1,-1,-1,2,0,2,0,2,0,0,0,0,2,2,2,2,0,2,2,2
14,-6887.642,-9034.778,-246.968,98.543,-0.148864,-0.988777,0.012593,0.988602,-0.148524,0.024617,-0.022470,0.016114,0.999618,0,0.90453,0.96444,54.272,1.929,-1,425.000,-1,425.000,-1,325.000,325.000,325.000,300.000,-1,-1,-1,-1,925.000,-1,-1,-1,2,0,2,0,2,0,0,0,0,2,2,2,2,0,2,2,2
15,-6898.134,-8976.645,-248.810,100.231,-0.177986,-0.983957,0.012204,0.983714,-0.177599,0.027681,-0.025069,0.016932,0.999542,0,0.98453,0.84444,59.072,1.689,-1,425.000,-1,425.000,-1,325.000,325.000,300.000,300.000,-1,-1,-1,-1,925.000,-1,-1,-1,2,0,2,0,2,0,0,0,0,2,2,2,2,0,2,2,2
16,-6910.282,-8917.887,-250.650,101.680,-0.202849,-0.979142,0.011544,0.978817,-0.202420,0.030720,-0.027742,0.017531,0.999461,0,1.00000,0.72444,60.000,1.449,-1,400.000,-1,400.000,-1,325.000,325.000,300.000,300.000,-1,-1,-1,-1,900.000,-1,-1,-1,2,0,2,0,2,0,0,0,0,2,2,2,2,0,2,2,2
17,-6923.666,-8859.399,-252.462,102.889,-0.223495,-0.974646,0.010679,0.974229,-0.223030,0.033695,-0.030459,0.017934,0.999375,0,1.00000,0.60444,60.000,1.209,-1,400.000,-1,425.000,-1,325.000,325.000,300.000,300.000,-1,-1,-1,-1,900.000,-1,-1,-1,2,0,2,1,2,0,0,0,0,2,2,2,2,0,2,2,2
18,-6938.037,-8801.145,-254.251,103.858,-0.239972,-0.970732,0.009659,0.970211,-0.239478,0.036623,-0.033238,0.018160,0.999282,0,1.00000,0.48444,60.000,0.969,-1,400.000,-1,425.000,-1,325.000,325.000,300.000,325.000,-1,-1,-1,-1,875.000,-1,-1,-1,2,0,2,0,2,0,0,0,0,2,2,2,2,0,2,2,2
19,-6953.148,-8743.079,-256.022,104.587,-0.252322,-0.967606,0.008536,0.966970,-0.251808,0.039523,-0.036093,0.018227,0.999182,0,1.00000,0.36444,60.000,0.729,-1,400.000,-1,425.000,-1,325.000,325.000,300.000,325.000,-1,-1,-1,-1,875.000,1000.000,-1,-1,2,0,2,0,2,0,0,0,0,2,2,2,2,0,1,2,2
20,-6968.753,-8685.144,-257.779,105.076,-0.260584,-0.965423,0.007358,0.964662,-0.260055,0.042419,-0.039039,0.018151,0.999073,0,1.00000,0.24444,60.000,0.489,-1,400.000,-1,425.000,-1,325.000,325.000,300.000,325.000,-1,-1,-1,-1,875.000,925.000,-1,-1,2,0,2,0,2,0,0,0,0,2,2,2,2,0,0,2,2
21,-6984.611,-8627.277,-259.530,105.325,-0.264784,-0.964288,0.006172,0.963389,-0.264247,0.045336,-0.042086,0.017951,0.998953,0,1.00000,0.12444,60.000,0.249,-1,400.000,-1,425.000,-1,325.000,325.000,300.000,325.000,-1,-1,-1,-1,850.000,900.000,-1,-1,2,0,2,0,2,0,0,0,0,2,2,2,2,0,0,2,2
22,-7000.477,-8569.413,-261.799,105.334,-0.265017,-0.964218,0.007082,0.963217,-0.264389,0.048077,-0.044484,0.019563,0.998819,0,1.00000,0.00444,60.000,0.009,-1,400.000,-1,425.000,-1,325.000,325.000,300.000,325.000,-1,-1,-1,-1,850.000,900.000,-1,-1,2,0,2,0,2,0,0,0,0,2,2,2,2,0,0,2,2
23,-7016.111,-8511.485,-264.771,105.103,-0.261347,-0.965190,0.010266,0.964040,-0.260474,0.052735,-0.048225,0.023679,0.998556,0,1.00000,-0.11556,60.000,-0.231,-1,400.000,-1,425.000,-1,325.000,325.000,300.000,325.000,-1,-1,-1,-1,850.000,875.000,-1,-1,2,0,2,0,2,0,0,0,0,2,2,2,2,0,0,2,2
24,-7031.267,-8453.430,-267.581,104.631,-0.253516,-0.967259,0.011839,0.966023,-0.252519,0.055078,-0.050286,0.025400,0.998412,0,1.00000,-0.23556,60.000,-0.471,-1,400.000,-1,425.000,-1,325.000,325.000,325.000,300.000,-1,-1,-1,-1,850.000,850.000,-1,-1,2,0,2,0,2,0,0,0,0,2,2,2,2,0,0,2,2
25,-7045.701,-8395.192,-270.795,103.920,-0.241421,-0.970367,0.010163,0.969041,-0.240507,0.055816,-0.051718,0.023323,0.998389,0,1.00000,-0.35556,60.000,-0.711,-1,400.000,-1,425.000,-1,325.000,325.000,325.000,300.000,-1,-1,-1,-1,850.000,850.000,-1,-1,2,0,2,0,2,0,0,0,0,2,2,2,2,0,0,2,2
26,-7059.339,-8336.762,-274.366,103.138,-0.228138,-0.973586,0.009176,0.972119,-0.227249,0.057818,-0.054205,0.022111,0.998285,0,1.00000,-0.39093,60.000,-0.782,-1,400.000,-1,425.000,-1,325.000,325.000,300.000,350.000,-1,-1,-1,-1,850.000,850.000,-1,-1,2,0,2,0,2,0,0,0,1,2,2,2,2,0,0,2,2
27,-7071.898,-8278.260,-278.008,102.117,-0.210725,-0.977509,0.008448,0.975884,-0.209856,0.060092,-0.056967,0.020907,0.998157,0,0.99725,-0.51093,59.835,-1.022,-1,400.000,-1,400.000,-1,325.000,325.000,300.000,450.000,-1,-1,-1,-1,825.000,850.000,-1,-1,2,0,2,0,2,0,0,0,1,2,2,2,2,0,0,2,2
28,-7083.150,-8219.577,-281.665,100.855,-0.189126,-0.981922,0.007824,0.980130,-0.188284,0.062406,-0.059804,0.019471,0.998020,0,0.99585,-0.63093,59.751,-1.262,-1,400.000,-1,400.000,-1,325.000,325.000,300.000,700.000,-1,-1,-1,-1,825.000,825.000,-1,-1,2,0,2,0,2,0,0,0,1,2,2,2,2,0,0,2,2
29,-7092.846,-8160.705,-285.340,99.353,-0.163296,-0.986550,0.007340,0.984582,-0.162489,0.064767,-0.062703,0.017804,0.997873,0,0.99442,-0.75093,59.665,-1.502,-1,400.000,-1,400.000,-1,325.000,325.000,300.000,800.000,-1,-1,-1,-1,800.000,825.000,-1,-1,2,0,2,0,2,0,0,0,1,2,2,2,2,0,0,2,2
30,-7100.737,-8101.647,-289.036,97.611,-0.133196,-0.991065,0.007033,0.988913,-0.132430,0.067180,-0.065648,0.015903,0.997716,0,0.99304,-0.87093,59.582,-1.742,-1,400.000,-1,400.000,-1,325.000,325.000,300.000,900.000,-1,-1,-1,-1,800.000,800.000,-1,-1,2,0,2,0,2,0,0,0,1,2,2,2,2,0,0,2,2
31,-7106.574,-8042.428,-292.753,95.629,-0.098798,-0.995083,0.006939,0.992739,-0.098080,0.069640,-0.068617,0.013769,0.997548,0,0.99176,-0.99093,59.505,-1.982,-1,400.000,-1,400.000,-1,325.000,325.000,300.000,950.000,-1,-1,-1,-1,800.000,-1,-1,-1,2,0,2,0,2,0,0,0,1,2,2,2,2,0,2,2,2
32,-7110.336,-7983.109,-296.632,93.629,-0.064009,-0.997921,0.007575,0.995353,-0.063294,0.072564,-0.071933,0.012185,0.997335,0,0.99062,-1.00000,59.437,-2.000,-1,400.000,-1,400.000,-1,325.000,325.000,300.000,1000.000,-1,-1,-1,-1,775.000,-1,-1,-1,2,0,2,0,2,0,0,0,1,2,2,2,2,0,2,2,2
33,-7112.022,-7923.786,-302.119,91.629,-0.029663,-0.999458,0.014247,0.996365,-0.028426,0.080305,-0.079856,0.016577,0.996669,0,0.98910,-1.00000,59.346,-2.000,-1,375.000,-1,375.000,-1,300.000,300.000,325.000,1000.000,-1,-1,-1,-1,750.000,-1,-1,-1,2,0,2,0,2,0,0,0,1,2,2,2,2,0,2,2,2
34,-7111.639,-7864.559,-308.469,89.629,0.004376,-0.999706,0.023830,0.996050,0.006471,0.088561,-0.088689,0.023349,0.995786,0,0.98711,-1.00000,59.226,-2.000,-1,375.000,-1,350.000,-1,300.000,300.000,325.000,1000.000,-1,-1,-1,-1,700.000,-1,-1,-1,2,0,2,0,2,0,0,0,1,2,2,2,2,0,2,2,2
35,-7109.195,-7805.529,-315.642,87.629,0.038264,-0.998687,0.034073,0.994623,0.041348,0.094954,-0.096238,0.030257,0.994898,0,0.98464,-1.00000,59.078,-2.000,-1,350.000,-1,325.000,-1,275.000,275.000,325.000,1000.000,-1,-1,-1,-1,675.000,1000.000,-1,-1,2,0,2,0,2,0,0,0,1,2,2,2,2,0,1,2,2
36,-7104.706,-7746.798,-322.951,85.629,0.071825,-0.996381,0.045460,0.991854,0.076157,0.102108,-0.105200,0.037756,0.993734,0,0.98167,-1.00000,58.900,-2.000,-1,325.000,-1,300.000,-1,275.000,250.000,325.000,975.000,-1,-1,-1,-1,625.000,975.000,-1,-1,2,0,2,0,2,0,0,0,1,2,2,2,2,0,1,2,2
37,-7098.193,-7688.466,-330.609,83.629,0.104893,-0.992742,0.058832,0.987825,0.110842,0.109163,-0.114892,0.046666,0.992281,0,0.97820,-1.00000,58.692,-2.000,-1,325.000,-1,325.000,-1,250.000,225.000,350.000,975.000,-1,-1,-1,-1,575.000,925.000,-1,-1,2,0,2,1,2,0,0,0,1,2,2,2,2,0,1,2,2
38,-7089.685,-7630.631,-338.657,81.629,0.137343,-0.987728,0.074364,0.982589,0.145342,0.115731,-0.125119,0.057175,0.990493,0,0.97424,-1.00000,58.454,-2.000,-1,300.000,-1,400.000,-1,225.000,225.000,350.000,950.000,-1,-1,-1,-1,525.000,875.000,-1,-1,2,0,2,1,2,0,0,0,1,2,2,2,2,0,1,2,2
39,-7079.212,-7573.390,-346.989,79.629,0.169083,-0.981323,0.091739,0.976158,0.179590,0.121912,-0.136111,0.068938,0.988292,0,0.96980,-1.00000,58.188,-2.000,-1,275.000,-1,475.000,-1,225.000,200.000,375.000,950.000,-1,-1,-1,-1,475.000,825.000,875.000,-1,2,0,2,1,2,0,0,0,1,2,2,2,2,0,1,0,2
40,-7066.362,-7514.777,-355.840,77.629,0.199920,-0.973469,0.111308,0.968560,0.213512,0.127687,-0.148065,0.082282,0.985549,0,1.00000,-1.00000,60.000,-2.000,-1,250.000,1000.000,475.000,-1,200.000,175.000,400.000,925.000,-1,-1,-1,-1,425.000,775.000,675.000,-1,2,0,0,1,2,0,0,0,1,2,2,2,2,0,1,0,2
41,-7051.475,-7456.648,-365.000,75.629,0.229764,-0.964143,0.132805,0.959879,0.247027,0.132704,-0.160752,0.096986,0.982218,0,1.00000,-1.00000,60.000,-2.000,-1,225.000,875.000,450.000,-1,175.000,175.000,425.000,900.000,-1,-1,-1,-1,375.000,725.000,525.000,950.000,2,0,1,1,2,0,1,0,1,2,2,2,2,0,1,0,1
42,-2951.858,-4919.444,-278.710,78.384,0.215009,-0.969219,-0.119942,0.971167,0.199241,0.130908,-0.102981,-0.144630,0.984112,1,0.00000,0.00000,59.672,-2.000,-1,275.000,-1,275.000,-1,175.000,200.000,450.000,400.000,-1,-1,-1,-1,-1,600.000,-1,-1,2,1,2,0,2,0,0,1,0,2,2,2,2,2,1,2,2
43,-2950.872,-4914.746,-278.915,78.144,0.219115,-0.968331,-0.119685,0.970243,0.203290,0.131536,-0.103039,-0.144945,0.984060,0,0.08000,-0.12000,4.800,-0.240,-1,250.000,-1,275.000,-1,175.000,200.000,475.000,400.000,-1,-1,-1,-1,-1,600.000,-1,-1,2,1,2,0,2,0,0,1,0,2,2,2,2,2,1,2,2
44,-2948.822,-4905.366,-279.284,77.664,0.227285,-0.966525,-0.119043,0.968361,0.211380,0.132646,-0.103043,-0.145425,0.983989,0,0.16000,-0.24000,9.600,-0.480,-1,250.000,-1,275.000,-1,175.000,200.000,500.000,400.000,-1,-1,-1,-1,-1,600.000,-1,-1,2,1,2,0,2,0,0,1,0,2,2,2,2,2,1,2,2
45,-2945.568,-4891.336,-279.738,76.944,0.239438,-0.963743,-0.117767,0.965457,0.223497,0.133944,-0.102767,-0.145770,0.983966,0,0.24000,-0.36000,14.400,-0.720,-1,225.000,-1,275.000,-1,175.000,200.000,550.000,400.000,-1,-1,-1,-1,-1,575.000,-1,-1,2,1,2,0,2,0,0,1,0,2,2,2,2,2,1,2,2
46,-2940.961,-4872.695,-280.254,76.116,0.253300,-0.960409,-0.115991,0.961965,0.237386,0.135172,-0.102286,-0.145818,0.984009,0,0.32000,-0.41361,19.200,-0.827,-1,200.000,-1,275.000,-1,175.000,200.000,625.000,400.000,-1,-1,-1,-1,-1,575.000,-1,1000.000,2,1,2,0,2,0,0,1,0,2,2,2,2,2,1,2,0
47,-2934.879,-4849.476,-280.831,75.326,0.266457,-0.957088,-0.113945,0.958461,0.250631,0.136146,-0.101746,-0.145489,0.984114,0,0.40000,-0.39541,24.000,-0.791,-1,200.000,-1,275.000,-1,175.000,200.000,675.000,400.000,-1,-1,-1,-1,-1,575.000,-1,1000.000,2,0,2,0,2,0,0,1,0,2,2,2,2,2,1,2,0
48,-2927.217,-4821.712,-281.380,74.577,0.278756,-0.953878,-0.111408,0.955046,0.263153,0.136518,-0.100904,-0.144454,0.984353,0,0.48000,-0.37427,28.800,-0.749,-1,200.000,-1,275.000,-1,175.000,200.000,750.000,375.000,-1,-1,-1,-1,-1,600.000,-1,-1,2,0,2,0,2,0,0,1,0,2,2,2,2,2,1,2,2
49,-6887.290,-4263.558,-457.666,82.510,0.130682,-0.991368,0.010542,0.991065,0.130341,-0.028318,0.026700,0.014148,0.999543,1,0.00000,0.00000,33.600,-0.700,-1,375.000,-1,400.000,-1,325.000,325.000,300.000,300.000,-1,550.000,525.000,-1,700.000,775.000,-1,-1,2,0,2,0,2,0,0,0,0,2,0,0,2,0,0,2,2
50,-6887.936,-4268.315,-457.799,82.270,0.134832,-0.990813,0.010513,0.990513,0.134493,-0.028194,0.026521,0.014215,0.999547,0,-0.08000,-0.12000,-4.800,-0.240,-1,375.000,-1,400.000,-1,325.000,325.000,300.000,300.000,-1,550.000,525.000,-1,700.000,775.000,-1,-1,2,0,2,0,2,0,0,0,0,2,0,0,2,0,0,2,2
51,-6889.307,-4277.816,-458.064,81.790,0.143126,-0.989649,0.010462,0.989359,0.142788,-0.027948,0.026165,0.014351,0.999555,0,-0.16000,-0.24000,-9.600,-0.480,-1,375.000,-1,400.000,-1,325.000,325.000,300.000,300.000,-1,550.000,525.000,-1,700.000,775.000,-1,-1,2,0,2,0,2,0,0,0,0,2,0,0,2,0,0,2,2
52,-6891.542,-4292.042,-458.461,81.070,0.155547,-0.987774,0.010402,0.987496,0.155212,-0.027591,0.025639,0.014564,0.999565,0,-0.24000,-0.36000,-14.400,-0.720,-1,375.000,-1,400.000,-1,325.000,325.000,300.000,300.000,-1,525.000,500.000,-1,700.000,775.000,-1,-1,2,0,2,0,2,0,0,0,0,2,0,0,2,0,0,2,2
53,-6894.840,-4310.956,-458.990,80.110,0.172070,-0.985030,0.010355,0.984769,0.171739,-0.027135,0.024950,0.014866,0.999578,0,-0.32000,-0.48000,-19.200,-0.960,-1,375.000,-1,400.000,-1,325.000,325.000,300.000,300.000,-1,525.000,500.000,-1,700.000,775.000,-1,-1,2,0,2,0,2,0,0,0,0,2,0,0,2,0,0,2,2
54,-6898.845,-4331.697,-459.572,79.069,0.189925,-0.981744,0.010341,0.981500,0.189597,-0.026658,0.024210,0.015213,0.999591,0,-0.35207,-0.52025,-21.124,-1.041,-1,375.000,-1,400.000,-1,325.000,325.000,300.000,300.000,-1,500.000,475.000,-1,700.000,775.000,-1,-1,2,0,2,0,2,0,0,0,0,2,0,0,2,0,0,2,2
55,-6903.227,-4352.362,-460.155,78.029,0.207719,-0.978134,0.010369,0.977907,0.207393,-0.026210,0.023486,0.015584,0.999603,0,-0.35207,-0.52025,-21.124,-1.041,-1,375.000,-1,400.000,-1,325.000,325.000,300.000,300.000,-1,500.000,475.000,-1,700.000,775.000,-1,-1,2,0,2,0,2,0,0,0,0,2,0,0,2,0,0,2,2
56,-6907.983,-4372.943,-460.739,76.988,0.225444,-0.974200,0.010437,0.973990,0.225119,-0.025792,0.022777,0.015981,0.999613,0,-0.35207,-0.52025,-21.124,-1.041,-1,375.000,-1,400.000,-1,325.000,325.000,300.000,300.000,-1,500.000,450.000,-1,700.000,775.000,-1,-1,2,0,2,0,2,0,0,0,0,2,0,0,2,0,0,2,2
57,-6913.112,-4393.435,-461.326,75.948,0.243096,-0.969945,0.010548,0.969751,0.242771,-0.025407,0.022083,0.016405,0.999622,0,-0.35207,-0.52025,-21.124,-1.041,-1,375.000,-1,400.000,-1,325.000,325.000,300.000,300.000,-1,475.000,450.000,-1,700.000,775.000,-1,-1,2,0,2,0,2,0,0,0,0,2,0,0,2,0,0,2,2
58,-6918.612,-4413.830,-461.914,74.907,0.260668,-0.965369,0.010700,0.965191,0.260343,-0.025057,0.021403,0.016859,0.999629,0,-0.35207,-0.52025,-21.124,-1.041,-1,375.000,-1,400.000,-1,325.000,325.000,300.000,300.000,-1,475.000,425.000,-1,700.000,750.000,-1,-1,2,0,2,0,2,0,0,0,0,2,0,0,2,0,0,2,2
59,-6924.482,-4434.122,-462.504,73.867,0.278155,-0.960474,0.010893,0.960312,0.277828,-0.024742,0.020738,0.017342,0.999635,0,-0.35207,-0.52025,-21.124,-1.041,-1,375.000,-1,400.000,-1,325.000,325.000,300.000,300.000,-1,450.000,400.000,-1,700.000,750.000,-1,-1,2,0,2,0,2,0,0,0,0,2,0,0,2,0,0,2,2
60,-6930.720,-4454.304,-463.098,72.826,0.295551,-0.955262,0.011127,0.955116,0.295221,-0.024466,0.020086,0.017858,0.999639,0,-0.35207,-0.52025,-21.124,-1.041,-1,375.000,-1,375.000,-1,325.000,325.000,300.000,275.000,-1,450.000,400.000,-1,700.000,750.000,-1,-1,2,0,2,0,2,0,0,0,0,2,0,0,2,0,0,2,2
61,-6937.322,-4474.370,-463.694,71.786,0.312850,-0.949734,0.011402,0.949604,0.312516,-0.024229,0.019448,0.018407,0.999641,0,-0.35207,-0.52025,-21.124,-1.041,-1,375.000,-1,375.000,-1,325.000,325.000,300.000,275.000,-1,425.000,375.000,-1,700.000,750.000,-1,-1,2,0,2,0,2,0,0,0,0,2,0,0,2,0,0,2,2
62,-6944.288,-4494.312,-464.268,70.745,0.330045,-0.943894,0.011604,0.943776,0.329708,-0.024074,0.018898,0.018897,0.999643,0,-0.35207,-0.52025,-21.124,-1.041,-1,375.000,-1,375.000,-1,325.000,325.000,300.000,275.000,-1,400.000,350.000,-1,700.000,750.000,-1,-1,2,0,2,0,2,0,0,0,0,2,0,0,2,0,0,2,2
63,-6951.615,-4514.125,-464.733,69.705,0.347128,-0.937749,0.011330,0.937631,0.346793,-0.024129,0.018698,0.018999,0.999645,0,-0.35207,-0.52025,-21.124,-1.041,-1,375.000,-1,375.000,-1,325.000,325.000,300.000,275.000,-1,400.000,350.000,-1,700.000,750.000,-1,-1,2,0,2,0,2,0,0,0,0,2,0,0,2,0,0,2,2
64,-6959.301,-4533.801,-465.182,68.664,0.364096,-0.931296,0.011043,0.931179,0.363764,-0.024129,0.018454,0.019069,0.999648,0,-0.35207,-0.52025,-21.124,-1.041,-1,375.000,-1,375.000,-1,325.000,325.000,300.000,275.000,-1,375.000,325.000,-1,700.000,750.000,-1,-1,2,0,2,0,2,0,0,0,0,2,0,0,2,0,0,2,2
65,-6967.358,-4553.369,-465.382,67.621,0.380973,-0.924530,0.010212,0.924421,0.380673,-0.023109,0.017478,0.018244,0.999681,0,-0.35270,-0.52184,-21.162,-1.044,-1,375.000,-1,400.000,-1,325.000,325.000,300.000,275.000,-1,375.000,325.000,-1,700.000,750.000,-1,-1,2,0,2,0,2,0,0,0,0,2,0,0,2,0,0,2,2
66,-6975.785,-4572.819,-465.588,66.574,0.397778,-0.917433,0.009454,0.917333,0.397507,-0.022097,0.016514,0.017462,0.999711,0,-0.35329,-0.52346,-21.197,-1.047,-1,375.000,-1,400.000,-1,325.000,325.000,300.000,275.000,-1,375.000,300.000,-1,700.000,750.000,-1,-1,2,0,2,0,2,0,0,0,0,2,0,0,2,0,0,2,2
67,-6984.579,-4592.139,-465.739,65.524,0.414497,-0.910010,0.008640,0.909920,0.414259,-0.020838,0.015384,0.016499,0.999746,0,-0.35378,-0.52499,-21.227,-1.050,-1,375.000,-1,400.000,-1,325.000,325.000,300.000,300.000,-1,375.000,325.000,-1,700.000,750.000,-1,-1,2,0,2,0,2,0,0,0,0,2,0,0,2,0,0,2,2
68,-6993.737,-4611.315,-465.811,64.471,0.431120,-0.902261,0.007739,0.902185,0.430919,-0.019234,0.014019,0.015274,0.999785,0,-0.35418,-0.52645,-21.251,-1.053,-1,375.000,-1,400.000,-1,325.000,325.000,300.000,300.000,-1,375.000,325.000,-1,700.000,750.000,-1,-1,2,0,2,0,2,0,0,0,0,2,0,0,2,0,0,2,2
69,-7003.256,-4630.336,-465.887,63.415,0.447645,-0.894185,0.006930,0.894122,0.447477,-0.017624,0.012658,0.014086,0.999821,0,-0.35450,-0.52782,-21.270,-1.056,-1,375.000,-1,400.000,-1,325.000,325.000,300.000,300.000,-1,375.000,325.000,-1,700.000,750.000,-1,-1,2,0,2,0,2,0,0,0,0,2,0,0,2,0,0,2,2
70,-7013.130,-4649.190,-465.967,62.357,0.464060,-0.885782,0.006215,0.885732,0.463922,-0.016014,0.011302,0.012936,0.999852,0,-0.35472,-0.52911,-21.283,-1.058,-1,375.000,-1,400.000,-1,325.000,325.000,300.000,300.000,-1,400.000,350.000,-1,700.000,750.000,-1,-1,2,0,2,0,2,0,0,0,0,2,0,0,2,0,0,2,2
71,-7023.356,-4667.866,-466.051,61.296,0.480358,-0.877055,0.005594,0.877016,0.480244,-0.014407,0.009949,0.011827,0.999881,0,-0.35487,-0.53030,-21.292,-1.061,-1,375.000,-1,400.000,-1,325.000,325.000,300.000,300.000,-1,400.000,350.000,-1,700.000,725.000,-1,-1,2,0,2,0,2,0,0,0,0,2,0,0,2,0,0,2,2
72,-7033.929,-4686.353,-466.105,60.234,0.496528,-0.868005,0.005135,0.867977,0.496435,-0.012973,0.008711,0.010899,0.999903,0,-0.35494,-0.53141,-21.297,-1.063,-1,375.000,-1,400.000,-1,325.000,325.000,300.000,300.000,-1,425.000,350.000,-1,700.000,725.000,-1,-1,2,0,2,0,2,0,0,0,0,2,0,0,2,0,0,2,2
73,-7044.672,-4704.184,-466.102,58.931,0.516125,-0.856499,0.004881,0.856480,0.516046,-0.011785,0.007575,0.010262,0.999919,0,-0.34696,-0.65141,-20.817,-1.303,-1,375.000,-1,400.000,-1,325.000,325.000,300.000,300.000,-1,425.000,375.000,-1,675.000,725.000,-1,-1,2,0,2,0,2,0,0,0,0,2,0,0,2,0,0,2,2
74,-7055.888,-4721.713,-466.096,57.388,0.538989,-0.842300,0.004742,0.842289,0.538922,-0.010575,0.006352,0.009693,0.999933,0,-0.34684,-0.77141,-20.810,-1.543,-1,375.000,-1,400.000,-1,325.000,325.000,300.000,300.000,-1,450.000,400.000,-1,675.000,725.000,-1,-1,2,0,2,0,2,0,0,0,0,2,0,0,2,0,0,2,2
75,-7067.635,-4738.873,-466.091,55.605,0.564924,-0.825129,0.004745,0.825128,0.564869,-0.009360,0.005043,0.009203,0.999945,0,-0.34660,-0.89141,-20.796,-1.783,-1,375.000,-1,400.000,-1,325.000,325.000,300.000,300.000,-1,450.000,425.000,-1,675.000,725.000,-1,-1,2,0,2,0,2,0,0,0,0,2,0,0,2,0,0,2,2
76,-7079.962,-4755.596,-466.088,53.605,0.593368,-0.804916,0.004914,0.804923,0.593323,-0.008166,0.003657,0.008801,0.999955,0,-0.34625,-1.00000,-20.775,-2.000,-1,375.000,-1,400.000,-1,325.000,325.000,275.000,300.000,-1,450.000,450.000,-1,675.000,725.000,-1,-1,2,0,2,0,2,0,0,0,0,2,0,0,2,0,0,2,2
77,-7092.847,-4771.857,-466.094,51.605,0.621091,-0.783721,0.005230,0.783735,0.621055,-0.007051,0.002277,0.008478,0.999961,0,-0.34579,-1.00000,-20.747,-2.000,-1,375.000,-1,375.000,-1,325.000,325.000,275.000,300.000,-1,450.000,475.000,-1,675.000,725.000,-1,-1,2,0,2,0,2,0,0,0,0,2,0,0,2,0,0,2,2
78,-7106.272,-4787.634,-466.109,49.605,0.648057,-0.761571,0.005689,0.761592,0.648029,-0.006025,0.000902,0.008237,0.999966,0,-0.34527,-1.00000,-20.716,-2.000,-1,375.000,-1,375.000,-1,325.000,325.000,275.000,300.000,-1,450.000,475.000,-1,675.000,725.000,-1,-1,2,0,2,0,2,0,0,0,0,2,0,0,2,0,0,2,2
79,-7120.218,-4802.909,-466.133,47.605,0.674233,-0.738492,0.006283,0.738518,0.674214,-0.005100,-0.000470,0.008078,0.999967,0,-0.34473,-1.00000,-20.684,-2.000,-1,375.000,-1,375.000,-1,325.000,325.000,275.000,300.000,-1,450.000,475.000,-1,675.000,725.000,-1,-1,2,0,2,0,2,0,0,0,0,2,0,0,2,0,0,2,2
80,-7134.665,-4817.664,-466.108,45.605,0.699586,-0.714511,0.007308,0.714546,0.699575,-0.004315,-0.002029,0.008241,0.999964,0,-0.34416,-1.00000,-20.650,-2.000,-1,375.000,-1,375.000,-1,325.000,325.000,275.000,300.000,-1,450.000,475.000,-1,675.000,725.000,-1,-1,2,0,2,0,2,0,0,0,0,2,0,0,2,0,0,2,2
81,-7149.593,-4831.883,-466.037,43.605,0.724082,-0.689659,0.008738,0.689704,0.724082,-0.003711,-0.003768,0.008714,0.999955,0,-0.34360,-1.00000,-20.616,-2.000,-1,375.000,-1,375.000,-1,325.000,325.000,275.000,300.000,-1,450.000,475.000,-1,675.000,700.000,-1,-1,2,0,2,0,2,0,0,0,0,2,0,0,2,0,0,2,2
82,-7164.984,-4845.551,-465.977,41.605,0.747693,-0.663965,0.010270,0.664022,0.747706,-0.003275,-0.005504,0.009268,0.999942,0,-0.34306,-1.00000,-20.584,-2.000,-1,375.000,-1,375.000,-1,325.000,300.000,300.000,300.000,-1,450.000,475.000,-1,675.000,700.000,-1,-1,2,0,2,0,2,0,0,0,0,2,0,0,2,0,0,2,2
83,-7180.820,-4858.653,-465.927,39.605,0.770390,-0.637462,0.011891,0.637532,0.770418,-0.003015,-0.007239,0.009904,0.999925,0,-0.34256,-1.00000,-20.554,-2.000,-1,375.000,-1,375.000,-1,300.000,300.000,300.000,300.000,-1,475.000,500.000,-1,675.000,675.000,-1,-1,2,0,2,0,2,0,0,0,0,2,0,0,2,0,0,2,2
84,-7197.082,-4871.179,-465.888,37.605,0.792145,-0.610182,0.013587,0.610267,0.792190,-0.002937,-0.008971,0.010618,0.999903,0,-0.34211,-1.00000,-20.527,-2.000,-1,375.000,-1,375.000,-1,300.000,300.000,300.000,300.000,-1,475.000,500.000,-1,675.000,675.000,-1,-1,2,0,2,0,2,0,0,0,0,2,0,0,2,0,0,2,2
85,-7213.752,-4883.116,-465.860,35.605,0.812931,-0.582158,0.015344,0.582262,0.812995,-0.003046,-0.010702,0.011410,0.999878,0,-0.34173,-1.00000,-20.504,-2.000,-1,375.000,-1,375.000,-1,300.000,300.000,300.000,300.000,-1,500.000,500.000,-1,675.000,675.000,-1,-1,2,0,2,0,2,0,0,0,0,2,0,0,2,0,0,2,2
86,-7230.815,-4894.454,-465.843,33.605,0.832723,-0.553425,0.017148,0.553551,0.832809,-0.003344,-0.012430,0.012277,0.999847,0,-0.34143,-1.00000,-20.486,-2.000,-1,375.000,-1,375.000,-1,300.000,300.000,300.000,275.000,-1,525.000,500.000,-1,675.000,650.000,-1,-1,2,0,2,0,2,0,0,0,0,2,0,0,2,0,0,2,2
87,-7249.040,-4905.669,-465.528,31.605,0.851520,-0.524024,0.017675,0.524153,0.851617,-0.003349,-0.013297,0.012116,0.999838,0,-0.35666,-1.00000,-21.400,-2.000,-1,375.000,-1,375.000,-1,300.000,300.000,300.000,275.000,-1,500.000,500.000,-1,675.000,650.000,-1,-1,2,0,2,0,2,0,0,0,0,2,0,0,2,0,0,2,2
88,-7267.787,-4916.321,-465.218,29.605,0.869279,-0.493984,0.018238,0.494118,0.869388,-0.003452,-0.014151,0.012012,0.999828,0,-0.35936,-1.00000,-21.562,-2.000,-1,375.000,-1,375.000,-1,300.000,300.000,300.000,275.000,-1,500.000,500.000,-1,675.000,650.000,-1,-1,2,0,2,0,2,0,0,0,0,2,0,0,2,0,0,2,2
89,-7287.036,-4926.386,-464.921,27.605,0.885978,-0.463342,0.018878,0.463483,0.886098,-0.003674,-0.015025,0.012005,0.999815,0,-0.36202,-1.00000,-21.721,-2.000,-1,375.000,-1,375.000,-1,300.000,300.000,300.000,275.000,-1,500.000,500.000,-1,675.000,650.000,-1,-1,2,0,2,0,2,0,0,0,0,2,0,0,2,0,0,2,2
90,-7306.764,-4935.841,-464.461,25.605,0.901611,-0.432139,0.018813,0.432274,0.901735,-0.003651,-0.015387,0.011425,0.999816,0,-0.36462,-1.00000,-21.877,-2.000,-1,375.000,-1,375.000,-1,325.000,300.000,300.000,275.000,-1,500.000,475.000,-1,675.000,675.000,-1,-1,2,0,2,0,2,0,0,0,0,2,0,0,2,0,0,2,2
91,-7326.949,-4944.662,-463.992,23.605,0.916145,-0.400408,0.018734,0.400538,0.916273,-0.003657,-0.015702,0.010854,0.999818,0,-0.36714,-1.00000,-22.028,-2.000,-1,375.000,-1,375.000,-1,325.000,325.000,300.000,275.000,-1,475.000,450.000,-1,700.000,675.000,-1,-1,2,0,2,0,2,0,0,0,0,2,0,0,2,0,0,2,2
92,-7347.565,-4952.826,-463.435,21.605,0.929560,-0.368190,0.018837,0.368311,0.929697,-0.003291,-0.016301,0.009997,0.999817,0,-0.36956,-1.00000,-22.173,-2.000,-1,375.000,-1,375.000,-1,325.000,325.000,300.000,275.000,-1,475.000,450.000,-1,700.000,675.000,-1,-1,2,0,2,0,2,0,0,0,0,2,0,0,2,0,0,2,2
93,-7368.583,-4960.313,-462.711,19.605,0.941834,-0.335524,0.019281,0.335626,0.941993,-0.002216,-0.017419,0.008558,0.999812,0,-0.37186,-1.00000,-22.312,-2.000,-1,375.000,-1,375.000,-1,325.000,325.000,300.000,275.000,-1,500.000,475.000,-1,700.000,675.000,-1,-1,2,0,2,0,2,0,0,0,0,2,0,0,2,0,0,2,2
94,-7389.974,-4967.101,-461.994,17.605,0.952959,-0.302448,0.019847,0.302531,0.953139,-0.001236,-0.018543,0.007182,0.999802,0,-0.37403,-1.00000,-22.442,-2.000,-1,375.000,-1,375.000,-1,325.000,325.000,300.000,275.000,-1,525.000,500.000,-1,675.000,675.000,-1,-1,2,0,2,0,2,0,0,0,0,2,0,0,2,0,0,2,2
95,-7411.705,-4973.170,-461.285,15.605,0.962921,-0.269002,0.020526,0.269066,0.963122,-0.000358,-0.019672,0.005868,0.999789,0,-0.37605,-1.00000,-22.563,-2.000,-1,375.000,-1,375.000,-1,325.000,325.000,300.000,300.000,-1,550.000,525.000,-1,675.000,675.000,-1,-1,2,0,2,0,2,0,0,0,0,2,0,0,2,0,0,2,2
96,-7433.742,-4978.504,-460.586,13.605,0.971707,-0.235227,0.021308,0.235272,0.971929,0.000410,-0.020806,0.004615,0.999773,0,-0.37790,-1.00000,-22.674,-2.000,-1,375.000,-1,375.000,-1,325.000,325.000,300.000,300.000,-1,550.000,550.000,-1,675.000,650.000,-1,-1,2,0,2,0,2,0,0,0,0,2,0,0,2,0,0,2,2
97,-7456.050,-4983.085,-459.896,11.605,0.979306,-0.201165,0.022183,0.201191,0.979551,0.001061,-0.021943,0.003424,0.999753,0,-0.37955,-1.00000,-22.773,-2.000,-1,375.000,-1,375.000,-1,325.000,325.000,300.000,300.000,-1,575.000,575.000,-1,675.000,650.000,-1,-1,2,0,2,0,2,0,0,0,0,2,0,0,2,0,0,2,2
98,-7478.589,-4986.899,-459.216,9.605,0.985709,-0.166857,0.023142,0.166865,0.985978,0.001592,-0.023083,0.002292,0.999731,0,-0.38100,-1.00000,-22.860,-2.000,-1,375.000,-1,375.000,-1,325.000,325.000,300.000,300.000,-1,600.000,600.000,975.000,675.000,650.000,-1,-1,2,0,2,0,2,0,0,0,0,2,0,0,1,0,0,2,2
99,-7501.320,-4989.935,-458.547,7.605,0.990909,-0.132345,0.024173,0.132336,0.991203,0.001997,-0.024225,0.001220,0.999706,0,-0.38222,-1.00000,-22.933,-2.000,-1,375.000,-1,375.000,-1,325.000,325.000,300.000,300.000,-1,650.000,625.000,925.000,675.000,650.000,-1,-1,2,0,2,0,2,0,0,0,0,2,0,0,1,0,0,2,2
100,-7524.202,-4992.180,-457.889,5.605,0.994898,-0.097672,0.025265,0.097646,0.995219,0.002274,-0.025366,0.000205,0.999678,0,-0.38319,-1.00000,-22.992,-2.000,-1,400.000,-1,375.000,-1,325.000,325.000,300.000,300.000,-1,675.000,675.000,875.000,675.000,650.000,-1,-1,2,0,2,0,2,0,0,0,0,2,0,0,1,0,0,2,2
101,-7547.191,-4993.629,-457.243,3.605,0.997672,-0.062880,0.026406,0.062838,0.998021,0.002420,-0.026506,-0.000755,0.999648,0,-0.38391,-1.00000,-23.035,-2.000,-1,400.000,-1,375.000,-1,325.000,325.000,300.000,300.000,-1,725.000,700.000,850.000,675.000,650.000,-1,-1,2,0,2,0,2,0,0,0,0,2,0,0,1,0,0,2,2
102,-7570.243,-4994.274,-456.609,1.605,0.999227,-0.028012,0.027585,0.027955,0.999606,0.002433,-0.027643,-0.001660,0.999616,0,-0.38436,-1.00000,-23.061,-2.000,-1,400.000,-1,375.000,-1,325.000,325.000,300.000,300.000,-1,750.000,750.000,825.000,675.000,650.000,-1,-1,2,0,2,0,2,0,0,0,0,2,0,0,1,0,0,2,2
103,-7588.505,-4994.225,-456.115,-0.155,0.999589,0.002703,0.028553,-0.002771,0.999993,0.002360,-0.028547,-0.002438,0.999589,0,-0.30436,-0.88000,-18.261,-1.760,-1,400.000,-1,375.000,-1,325.000,325.000,300.000,300.000,-1,800.000,800.000,825.000,675.000,650.000,-1,-1,2,0,2,0,2,0,0,0,0,2,0,0,1,0,0,2,2
104,-7601.960,-4993.832,-455.759,-1.675,0.999143,0.029227,0.029297,-0.029306,0.999568,0.002253,-0.029219,-0.003110,0.999568,0,-0.22436,-0.76000,-13.461,-1.520,-1,400.000,-1,375.000,-1,325.000,325.000,300.000,300.000,-1,850.000,825.000,825.000,675.000,650.000,-1,-1,2,0,2,0,2,0,0,0,0,2,0,0,1,0,0,2,2
105,-7610.610,-4993.385,-455.535,-2.955,0.998226,0.051549,0.029809,-0.051636,0.998664,0.002160,-0.029658,-0.003695,0.999553,0,-0.14436,-0.64000,-8.661,-1.280,-1,400.000,-1,375.000,-1,325.000,325.000,300.000,300.000,-1,875.000,850.000,825.000,675.000,650.000,-1,-1,2,0,2,0,2,0,0,0,0,2,0,0,1,0,0,2,2
106,-7614.462,-4993.116,-455.441,-3.995,0.997117,0.069666,0.030088,-0.069761,0.997561,0.002115,-0.029867,-0.004207,0.999545,0,-0.06436,-0.52000,-3.861,-1.040,-1,400.000,-1,375.000,-1,325.000,300.000,300.000,300.000,-1,900.000,875.000,825.000,675.000,650.000,-1,-1,2,0,2,0,2,0,0,0,0,2,0,0,1,0,0,2,2
107,-7613.527,-4993.194,-455.474,-4.795,0.996045,0.083587,0.030131,-0.083689,0.996490,0.002144,-0.029846,-0.004657,0.999544,0,0.01564,-0.40000,0.939,-0.800,-1,400.000,-1,375.000,-1,325.000,300.000,300.000,300.000,-1,925.000,875.000,850.000,675.000,650.000,-1,-1,2,0,2,0,2,0,0,0,0,2,0,0,1,0,0,2,2
108,-7607.813,-4993.730,-455.633,-5.355,0.995186,0.093322,0.029940,-0.093432,0.995623,0.002265,-0.029598,-0.005052,0.999549,0,0.09564,-0.28000,5.739,-0.560,-1,400.000,-1,375.000,-1,325.000,300.000,300.000,300.000,-1,900.000,875.000,850.000,675.000,650.000,-1,-1,2,0,2,0,2,0,0,0,0,2,0,0,1,0,0,2,2
109,-7597.328,-4994.792,-455.919,-5.787,0.994466,0.100827,0.029526,-0.100944,0.994889,0.002490,-0.029124,-0.005457,0.999561,0,0.17564,-0.21602,10.539,-0.432,-1,400.000,-1,375.000,-1,325.000,300.000,300.000,300.000,-1,875.000,850.000,850.000,675.000,650.000,-1,-1,2,0,2,0,2,0,0,0,0,2,0,0,1,0,0,2,2
110,-7582.080,-4996.453,-456.330,-6.217,0.993699,0.108288,0.028905,-0.108414,0.994102,0.002832,-0.028427,-0.005947,0.999578,0,0.25564,-0.21493,15.339,-0.430,-1,400.000,-1,375.000,-1,325.000,300.000,300.000,300.000,-1,825.000,825.000,875.000,675.000,625.000,-1,-1,2,0,2,0,2,0,0,0,0,2,0,0,1,0,0,2,2
111,-7562.077,-4998.783,-456.869,-6.643,0.992889,0.115688,0.028076,-0.115825,0.993264,0.003300,-0.027505,-0.006528,0.999600,0,0.33564,-0.21336,20.139,-0.427,-1,400.000,-1,375.000,-1,325.000,300.000,300.000,300.000,-1,775.000,800.000,875.000,675.000,625.000,-1,-1,2,0,2,0,2,0,0,0,0,2,0,0,1,0,0,2,2
112,-7537.328,-5001.851,-457.532,-7.066,0.992037,0.123010,0.027041,-0.123159,0.992379,0.003906,-0.026355,-0.007206,0.999627,0,0.41564,-0.21129,24.939,-0.423,-1,400.000,-1,375.000,-1,325.000,300.000,300.000,300.000,-1,725.000,750.000,900.000,675.000,625.000,-1,-1,2,0,2,0,2,0,0,0,0,2,0,0,1,0,0,2,2
113,-7507.842,-5005.724,-458.320,-7.483,0.991147,0.130236,0.025801,-0.130397,0.991451,0.004665,-0.024973,-0.007988,0.999656,0,0.49564,-0.20872,29.739,-0.417,-1,400.000,-1,375.000,-1,325.000,300.000,300.000,300.000,-1,675.000,725.000,900.000,675.000,625.000,-1,-1,2,0,2,0,2,0,0,0,0,2,0,0,1,0,0,2,2
114,-7478.372,-5009.688,-459.102,-7.661,0.990771,0.133305,0.024529,-0.133475,0.991037,0.005433,-0.023585,-0.008657,0.999684,0,0.49559,-0.08872,29.736,-0.177,-1,400.000,-1,375.000,-1,325.000,325.000,300.000,300.000,-1,625.000,675.000,925.000,675.000,625.000,-1,-1,2,0,2,0,2,0,0,0,0,2,0,0,1,0,0,2,2
115,-7448.821,-5013.630,-459.880,-7.598,0.990948,0.132222,0.023214,-0.132398,0.991177,0.006193,-0.022190,-0.009211,0.999711,0,0.49689,0.03128,29.814,0.063,-1,375.000,-1,375.000,-1,325.000,300.000,300.000,300.000,-1,575.000,650.000,925.000,675.000,625.000,-1,-1,2,0,2,0,2,0,0,0,0,2,0,0,1,0,0,2,2
116,-7419.175,-5017.425,-460.655,-7.296,0.991664,0.126986,0.021850,-0.127163,0.991858,0.006921,-0.020793,-0.009641,0.999737,0,0.49813,0.15128,29.888,0.303,-1,375.000,-1,375.000,-1,325.000,300.000,275.000,300.000,-1,550.000,625.000,925.000,675.000,625.000,-1,-1,2,0,2,0,2,0,0,0,0,2,0,0,1,0,0,2,2
117,-7389.422,-5020.949,-461.429,-6.753,0.992852,0.117588,0.020431,-0.117763,0.993013,0.007590,-0.019396,-0.009942,0.999762,0,0.49934,0.27128,29.961,0.543,-1,375.000,-1,375.000,-1,325.000,300.000,275.000,300.000,-1,525.000,575.000,950.000,675.000,625.000,-1,-1,2,0,2,0,2,0,0,0,0,2,0,0,1,0,0,2,2
118,-7359.551,-5024.073,-462.204,-5.971,0.994395,0.104014,0.018956,-0.104183,0.994525,0.008174,-0.018002,-0.010103,0.999787,0,0.50057,0.39128,30.034,0.783,-1,375.000,-1,375.000,-1,325.000,300.000,275.000,300.000,-1,500.000,550.000,950.000,675.000,625.000,-1,-1,2,0,2,0,2,0,0,0,0,2,0,0,1,0,0,2,2
119,-7329.553,-5026.670,-462.983,-4.948,0.996121,0.086249,0.017423,-0.086409,0.996222,0.008644,-0.016612,-0.010116,0.999811,0,0.50184,0.51128,30.110,1.023,-1,375.000,-1,375.000,-1,325.000,300.000,275.000,300.000,-1,500.000,525.000,975.000,675.000,625.000,-1,-1,2,0,2,0,2,0,0,0,0,2,0,0,1,0,0,2,2
120,-7299.424,-5028.611,-463.770,-3.686,0.997806,0.064277,0.015837,-0.064424,0.997882,0.008968,-0.015227,-0.009969,0.999834,0,0.50320,0.63128,30.192,1.263,-1,375.000,-1,375.000,-1,325.000,300.000,275.000,300.000,-1,475.000,500.000,1000.000,675.000,625.000,-1,-1,2,0,2,0,2,0,0,0,0,2,0,0,1,0,0,2,2
121,-7269.165,-5029.764,-464.567,-2.183,0.999173,0.038089,0.014205,-0.038221,0.999228,0.009114,-0.013847,-0.009650,0.999858,0,0.50469,0.75128,30.281,1.503,-1,375.000,-1,375.000,-1,325.000,300.000,275.000,300.000,-1,475.000,475.000,-1,675.000,625.000,-1,-1,2,0,2,0,2,0,0,0,0,2,0,0,2,0,0,2,2
122,-7238.785,-5029.998,-465.380,-0.440,0.999892,0.007686,0.012542,-0.007800,0.999929,0.009048,-0.012471,-0.009145,0.999880,0,0.50634,0.87128,30.381,1.743,-1,375.000,-1,350.000,-1,325.000,300.000,275.000,300.000,-1,450.000,450.000,-1,675.000,625.000,-1,-1,2,0,2,0,2,0,0,0,0,2,0,0,2,0,0,2,2
123,-7208.304,-5029.200,-465.897,1.499,0.999594,-0.026166,0.011283,0.026059,0.999615,0.009527,-0.011528,-0.009229,0.999891,0,0.50820,0.96992,30.492,1.940,-1,375.000,-1,350.000,-1,325.000,300.000,275.000,300.000,-1,450.000,450.000,-1,675.000,625.000,-1,-1,2,0,2,0,2,0,0,0,0,2,0,0,2,0,0,2,2
124,-7175.630,-5027.219,-465.815,3.469,0.998123,-0.060511,0.009474,0.060412,0.998120,0.010363,-0.010083,-0.009771,0.999901,0,0.54557,0.98494,32.734,1.970,-1,375.000,-1,375.000,-1,325.000,300.000,275.000,300.000,-1,450.000,450.000,-1,675.000,650.000,-1,-1,2,0,2,0,2,0,0,0,0,2,0,0,2,0,0,2,2
125,-7142.932,-5024.109,-465.728,5.432,0.995480,-0.094667,0.007620,0.094582,0.995458,0.010889,-0.008616,-0.010119,0.999912,0,0.54743,0.98158,32.846,1.963,-1,375.000,-1,375.000,-1,325.000,300.000,275.000,300.000,-1,450.000,450.000,-1,675.000,650.000,-1,-1,2,0,2,0,2,0,0,0,0,2,0,0,2,0,0,2,2
126,-7110.267,-5019.874,-465.662,7.388,0.991681,-0.128589,0.005815,0.128518,0.991644,0.011209,-0.007208,-0.010368,0.999920,0,0.54896,0.97799,32.938,1.956,-1,375.000,-1,375.000,-1,325.000,300.000,275.000,300.000,-1,450.000,475.000,-1,675.000,650.000,-1,-1,2,0,2,0,2,0,0,0,0,2,0,0,2,0,0,2,2
127,-7077.696,-5014.518,-465.617,9.337,0.986745,-0.162229,0.004075,0.162175,0.986697,0.011325,-0.005858,-0.010514,0.999928,0,0.55015,0.97420,33.009,1.948,-1,375.000,-1,375.000,-1,325.000,325.000,275.000,300.000,-1,450.000,475.000,-1,675.000,650.000,-1,-1,2,0,2,0,2,0,0,0,0,2,0,0,2,0,0,2,2
128,-7045.275,-5008.054,-465.596,11.277,0.980691,-0.195547,0.002418,0.195508,0.980638,0.011242,-0.004570,-0.010552,0.999934,0,0.55098,0.97023,33.059,1.940,-1,375.000,-1,375.000,-1,325.000,325.000,275.000,300.000,-1,475.000,475.000,-1,700.000,675.000,-1,-1,2,0,2,0,2,0,0,0,0,2,0,0,2,0,0,2,2
129,-7013.064,-5000.493,-465.600,13.209,0.973544,-0.228500,0.000860,0.228477,0.973488,0.010967,-0.003343,-0.010481,0.999939,0,0.55145,0.96609,33.087,1.932,-1,375.000,-1,375.000,-1,325.000,325.000,275.000,300.000,-1,475.000,500.000,-1,700.000,675.000,-1,-1,2,0,2,0,2,0,0,0,0,2,0,0,2,0,0,2,2
130,-6981.118,-4991.853,-465.630,15.133,0.965325,-0.261049,-0.000585,0.261041,0.965271,0.010509,-0.002178,-0.010297,0.999945,0,0.55156,0.96183,33.093,1.924,-1,375.000,-1,375.000,-1,325.000,325.000,275.000,300.000,-1,475.000,500.000,-1,700.000,675.000,-1,-1,2,0,2,0,2,0,0,0,0,2,0,0,2,0,0,2,2
131,-6949.494,-4982.156,-465.687,17.048,0.956062,-0.293159,-0.001903,0.293163,0.956011,0.009875,-0.001076,-0.009999,0.999949,0,0.55130,0.95746,33.078,1.915,-1,375.000,-1,375.000,-1,325.000,325.000,275.000,300.000,-1,475.000,500.000,-1,700.000,675.000,-1,-1,2,0,2,0,2,0,0,0,0,2,0,0,2,0,0,2,2
132,-6918.244,-4971.424,-465.773,18.954,0.945779,-0.324796,-0.003080,0.324811,0.945736,0.009077,-0.000035,-0.009585,0.999954,0,0.55068,0.95303,33.041,1.906,-1,375.000,-1,400.000,-1,325.000,325.000,275.000,300.000,-1,500.000,525.000,-1,700.000,700.000,-1,-1,2,0,2,0,2,0,0,0,0,2,0,0,2,0,0,2,2
133,-6887.421,-4959.684,-465.888,20.851,0.934504,-0.355928,-0.004106,0.355950,0.934470,0.008124,0.000945,-0.009053,0.999959,0,0.54972,0.94855,32.983,1.897,-1,375.000,-1,400.000,-1,325.000,325.000,300.000,300.000,-1,500.000,525.000,-1,700.000,700.000,-1,-1,2,0,2,0,2,0,0,0,0,2,0,0,2,0,0,2,2
134,-6857.073,-4946.965,-466.034,22.739,0.922265,-0.386527,-0.004968,0.386554,0.922240,0.007029,0.001864,-0.008403,0.999963,0,0.54843,0.94408,32.906,1.888,-1,375.000,-1,375.000,-1,325.000,325.000,300.000,300.000,-1,525.000,550.000,-1,700.000,700.000,-1,-1,2,0,2,0,2,0,0,0,0,2,0,0,2,0,0,2,2
135,-6827.246,-4933.297,-466.210,24.619,0.909088,-0.416565,-0.005658,0.416595,0.909074,0.005805,0.002725,-0.007634,0.999967,0,0.54683,0.93965,32.810,1.879,-1,375.000,-1,375.000,-1,325.000,325.000,300.000,275.000,-1,525.000,550.000,-1,725.000,700.000,-1,-1,2,0,2,0,2,0,0,0,0,2,0,0,2,0,0,2,2
