timestep,x_cm,y_cm,z_cm,yaw_deg,basis_xx,basis_xy,basis_xz,basis_yx,basis_yy,basis_yz,basis_zx,basis_zy,basis_zz,teleport_flag,throttle_cmd,steering_cmd,cmd_move_cm,cmd_turn_deg,lidar_cm_0,lidar_cm_1,lidar_cm_2,lidar_cm_3,lidar_cm_4,lidar_cm_5,lidar_cm_6,lidar_cm_7,lidar_cm_8,lidar_cm_9,lidar_cm_10,lidar_cm_11,lidar_cm_12,lidar_cm_13,lidar_cm_14,lidar_cm_15,lidar_cm_16,lidar_class_0,lidar_class_1,lidar_class_2,lidar_class_3,lidar_class_4,lidar_class_5,lidar_class_6,lidar_class_7,lidar_class_8,lidar_class_9,lidar_class_10,lidar_class_11,lidar_class_12,lidar_class_13,lidar_class_14,lidar_class_15,lidar_class_16
0,-8855.629,5580.193,76.646,96.451,-0.111788,-0.993358,0.027248,0.993490,-0.112324,-0.019010,0.021944,0.024946,0.999448,1,0.08000,-0.12000,4.800,-0.240,-1,375.000,-1,400.000,-1,325.000,325.000,300.000,300.000,-1,875.000,900.000,-1,725.000,750.000,-1,-1,2,0,2,0,2,0,0,0,0,2,0,0,2,0,0,2,2
1,-8856.628,5589.741,76.854,95.971,-0.103457,-0.994258,0.027343,0.994394,-0.103997,-0.019125,0.021858,0.025211,0.999443,0,0.16000,-0.24000,9.600,-0.480,-1,375.000,-1,400.000,-1,325.000,325.000,300.000,300.000,-1,875.000,900.000,-1,725.000,750.000,-1,-1,2,0,2,0,2,0,0,0,0,2,0,0,2,0,0,2,2
2,-8857.946,5604.081,77.162,95.251,-0.090949,-0.995476,0.027478,0.995619,-0.091494,-0.019298,0.021725,0.025603,0.999436,0,0.24000,-0.36000,14.400,-0.720,-1,375.000,-1,400.000,-1,325.000,325.000,300.000,300.000,-1,875.000,900.000,-1,725.000,750.000,-1,-1,2,0,2,0,2,0,0,0,0,2,0,0,2,0,0,2,2
3,-8859.383,5623.227,77.563,94.291,-0.074249,-0.996856,0.027648,0.997007,-0.074802,-0.019532,0.021539,0.026115,0.999427,0,0.32000,-0.48000,19.200,-0.960,-1,375.000,-1,400.000,-1,325.000,325.000,300.000,300.000,-1,875.000,875.000,-1,725.000,750.000,-1,-1,2,0,2,0,2,0,0,0,0,2,0,0,2,0,0,2,2
4,-8860.678,5647.192,78.050,93.091,-0.053347,-0.998188,0.027842,0.998349,-0.053908,-0.019826,0.021291,0.026738,0.999416,0,0.40000,-0.60000,24.000,-1.200,-1,375.000,-1,400.000,-1,325.000,325.000,300.000,300.000,-1,850.000,875.000,-1,725.000,750.000,-1,-1,2,0,2,0,2,0,0,0,0,2,0,0,2,0,0,2,2
5,-8861.508,5675.980,78.612,91.651,-0.028235,-0.999208,0.028048,0.999381,-0.028806,-0.020180,0.020972,0.027461,0.999403,0,0.48000,-0.72000,28.800,-1.440,-1,375.000,-1,400.000,-1,325.000,325.000,300.000,300.000,-1,850.000,875.000,-1,725.000,750.000,-1,-1,2,0,2,0,2,0,0,0,0,2,0,0,2,0,0,2,2
6,-8861.491,5709.581,79.238,89.971,0.001082,-0.999600,0.028254,0.999788,0.000500,-0.020591,0.020569,0.028271,0.999389,0,0.56000,-0.84000,33.600,-1.680,-1,375.000,-1,400.000,-1,325.000,325.000,300.000,300.000,-1,850.000,900.000,-1,750.000,750.000,-1,-1,2,0,2,0,2,0,0,0,0,2,0,0,2,0,0,2,2
7,-8860.232,5747.716,79.909,88.108,0.033592,-0.999031,0.028445,0.999234,0.032999,-0.021050,0.020091,0.029130,0.999374,0,0.63593,-0.93158,38.156,-1.863,-1,400.000,-1,400.000,-1,325.000,325.000,300.000,300.000,-1,850.000,900.000,-1,750.000,775.000,-1,-1,2,0,2,0,2,0,0,0,0,2,0,0,2,0,0,2,2
8,-8857.727,5785.972,80.542,86.254,0.065908,-0.997416,0.028594,0.997634,0.065306,-0.021501,0.019578,0.029943,0.999360,0,0.63897,-0.92714,38.338,-1.854,-1,400.000,-1,400.000,-1,325.000,325.000,300.000,300.000,-1,850.000,900.000,-1,750.000,775.000,-1,-1,2,0,2,0,2,0,0,0,0,2,0,0,2,0,0,2,2
9,-8853.975,5824.301,81.136,84.408,0.098002,-0.994772,0.028703,0.995004,0.097391,-0.021938,0.019028,0.030710,0.999347,0,0.64188,-0.92275,38.513,-1.846,-1,400.000,-1,400.000,-1,325.000,325.000,300.000,300.000,-1,875.000,900.000,-1,750.000,775.000,-1,-1,2,0,2,0,2,0,0,0,0,2,0,0,2,0,0,2,2
10,-8848.974,5862.656,81.699,82.572,0.129841,-0.991116,0.028824,0.991364,0.129224,-0.022328,0.018405,0.031474,0.999335,0,0.64466,-0.91843,38.679,-1.837,-1,400.000,-1,400.000,-1,325.000,325.000,300.000,300.000,-1,875.000,900.000,-1,750.000,775.000,-1,-1,2,0,2,0,2,0,0,0,0,2,0,0,2,0,0,2,2
11,-8842.727,5900.990,82.322,80.743,0.161397,-0.986452,0.029369,0.986735,0.160774,-0.022470,0.017444,0.032606,0.999316,0,0.64731,-0.91417,38.839,-1.828,-1,400.000,-1,400.000,-1,325.000,325.000,300.000,300.000,-1,925.000,925.000,-1,750.000,775.000,-1,-1,2,0,2,0,2,0,0,0,0,2,0,0,2,0,0,2,2
12,-8835.237,5939.254,82.911,78.923,0.192642,-0.980813,0.029901,0.981131,0.192015,-0.022619,0.016443,0.033695,0.999297,0,0.64984,-0.90998,38.990,-1.820,-1,400.000,-1,400.000,-1,325.000,325.000,300.000,300.000,-1,950.000,950.000,-1,750.000,775.000,-1,-1,2,0,2,0,2,0,0,0,0,2,0,0,2,0,0,2,2
13,-8826.508,5977.403,83.512,77.112,0.223543,-0.974224,0.030260,0.974574,0.222921,-0.022630,0.015301,0.034549,0.999286,0,0.65224,-0.90585,39.134,-1.812,-1,400.000,-1,400.000,-1,325.000,325.000,300.000,300.000,-1,1000.000,1000.000,-1,750.000,775.000,-1,-1,2,0,2,0,2,0,0,0,0,2,0,0,2,0,0,2,2
14,-8816.548,6015.390,84.092,75.308,0.254083,-0.966700,0.030532,0.967078,0.253466,-0.022687,0.014193,0.035291,0.999276,0,0.65452,-0.90179,39.271,-1.804,-1,400.000,-1,400.000,-1,325.000,325.000,300.000,300.000,-1,-1,-1,-1,750.000,775.000,-1,-1,2,0,2,0,2,0,0,0,0,2,2,2,2,0,0,2,2
15,-8805.366,6053.171,84.629,73.512,0.284236,-0.958259,0.030803,0.958665,0.283625,-0.022748,0.013062,0.035995,0.999267,0,0.65667,-0.89781,39.400,-1.796,-1,400.000,-1,400.000,-1,325.000,325.000,300.000,300.000,-1,-1,-1,-1,750.000,775.000,-1,-1,2,0,2,0,2,0,0,0,0,2,2,2,2,0,0,2,2
16,-8792.972,6090.700,85.121,71.725,0.313979,-0.948921,0.031073,0.949355,0.313375,-0.022813,0.011911,0.036662,0.999257,0,0.65870,-0.89390,39.522,-1.788,-1,400.000,-1,400.000,-1,325.000,325.000,300.000,300.000,-1,-1,-1,-1,750.000,775.000,-1,-1,2,0,2,0,2,0,0,0,0,2,2,2,2,0,0,2,2
17,-8779.399,6127.871,85.567,69.940,0.343361,-0.938680,0.031342,0.939142,0.342765,-0.022887,0.010741,0.037293,0.999247,0,0.65952,-0.89227,39.571,-1.785,-1,400.000,-1,400.000,-1,325.000,325.000,300.000,300.000,-1,-1,-1,-1,750.000,775.000,-1,-1,2,0,2,0,2,0,0,0,0,2,2,2,2,0,0,2,2
18,-8764.675,6164.601,85.965,68.155,0.372409,-0.927530,0.031610,0.928020,0.371822,-0.022971,0.009553,0.037889,0.999236,0,0.65952,-0.89227,39.571,-1.785,-1,400.000,-1,400.000,-1,325.000,325.000,300.000,300.000,-1,-1,-1,-1,750.000,775.000,-1,-1,2,0,2,0,2,0,0,0,0,2,2,2,2,0,0,2,2
19,-8748.814,6200.855,86.313,66.371,0.401094,-0.915482,0.031876,0.915999,0.400518,-0.023066,0.008350,0.038450,0.999226,0,0.65952,-0.89227,39.571,-1.785,-1,400.000,-1,400.000,-1,325.000,325.000,300.000,300.000,-1,-1,-1,-1,750.000,775.000,-1,-1,2,0,2,0,2,0,0,0,0,2,2,2,2,0,0,2,2
20,-8731.832,6236.598,86.597,64.586,0.429388,-0.902549,0.032108,0.903092,0.428824,-0.023111,0.007090,0.038920,0.999217,0,0.65952,-0.89227,39.571,-1.785,-1,400.000,-1,400.000,-1,325.000,325.000,300.000,300.000,-1,-1,-1,-1,750.000,775.000,-1,-1,2,0,2,0,2,0,0,0,0,2,2,2,2,0,0,2,2
21,-8713.745,6271.794,86.817,62.802,0.457264,-0.888744,0.032312,0.889312,0.456716,-0.023108,0.005779,0.039302,0.999211,0,0.65952,-0.89227,39.571,-1.785,-1,400.000,-1,400.000,-1,325.000,325.000,300.000,300.000,-1,-1,-1,-1,750.000,775.000,-1,-1,2,0,2,0,2,0,0,0,0,2,2,2,2,0,0,2,2
22,-8694.571,6306.410,86.978,61.017,0.484694,-0.874079,0.032507,0.874672,0.484165,-0.023087,0.004441,0.039623,0.999205,0,0.65952,-0.89227,39.571,-1.785,-1,400.000,-1,400.000,-1,325.000,325.000,300.000,300.000,-1,-1,-1,-1,750.000,775.000,-1,-1,2,0,2,0,2,0,0,0,0,2,2,2,2,0,0,2,2
23,-8672.033,6344.632,87.103,59.473,0.508056,-0.860703,0.032714,0.861318,0.507543,-0.023043,0.003230,0.039884,0.999199,0,0.73952,-0.77227,44.371,-1.545,-1,400.000,-1,400.000,-1,325.000,325.000,300.000,300.000,-1,-1,-1,-1,750.000,775.000,-1,-1,2,0,2,0,2,0,0,0,0,2,2,2,2,0,0,2,2
24,-8646.098,6386.408,87.188,58.168,0.527498,-0.848917,0.032958,0.849554,0.527002,-0.022976,0.002136,0.040120,0.999193,0,0.81952,-0.65227,49.171,-1.305,-1,400.000,-1,400.000,-1,325.000,325.000,300.000,300.000,-1,-1,-1,-1,775.000,775.000,-1,-1,2,0,2,0,2,0,0,0,0,2,2,2,2,0,0,2,2
25,-8616.882,6431.576,87.230,57.104,0.543159,-0.838971,0.033265,0.839629,0.542677,-0.022893,0.001154,0.040364,0.999184,0,0.89656,-0.53227,53.794,-1.065,-1,400.000,-1,400.000,-1,325.000,325.000,300.000,300.000,-1,-1,-1,-1,775.000,775.000,-1,-1,2,0,2,0,2,0,0,0,0,2,2,2,2,0,0,2,2
26,-8587.018,6476.320,87.228,56.279,0.555157,-0.831066,0.033604,0.831745,0.554688,-0.022823,0.000327,0.040620,0.999175,0,0.89656,-0.41227,53.794,-0.825,-1,400.000,-1,400.000,-1,325.000,325.000,300.000,300.000,-1,-1,-1,-1,775.000,775.000,-1,-1,2,0,2,0,2,0,0,0,0,2,2,2,2,0,0,2,2
27,-8556.700,6520.756,87.248,55.695,0.563597,-0.825360,0.033757,0.826050,0.563135,-0.022836,-0.000161,0.040755,0.999169,0,0.89656,-0.29227,53.794,-0.585,-1,400.000,-1,400.000,-1,325.000,325.000,300.000,300.000,-1,-1,-1,-1,775.000,775.000,-1,-1,2,0,2,0,2,0,0,0,0,2,2,2,2,0,0,2,2
28,-8526.115,6565.009,87.237,55.350,0.568543,-0.821952,0.033959,0.822653,0.568083,-0.022870,-0.000494,0.040939,0.999162,0,0.89656,-0.17227,53.794,-0.345,-1,400.000,-1,400.000,-1,325.000,325.000,300.000,300.000,-1,-1,-1,-1,775.000,800.000,-1,-1,2,0,2,0,2,0,0,0,0,2,2,2,2,0,0,2,2
29,-8495.449,6609.206,87.195,55.246,0.570036,-0.820905,0.034252,0.821619,0.569576,-0.022926,-0.000689,0.041210,0.999150,0,0.89656,-0.05227,53.794,-0.105,-1,400.000,-1,400.000,-1,325.000,325.000,300.000,300.000,-1,-1,-1,-1,775.000,800.000,-1,-1,2,0,2,0,2,0,0,0,0,2,2,2,2,0,0,2,2
30,-8464.888,6653.476,87.153,55.381,0.568088,-0.822240,0.034611,0.822968,0.567626,-0.022910,-0.000809,0.041498,0.999138,0,0.89656,0.06773,53.794,0.135,-1,400.000,-1,400.000,-1,325.000,325.000,300.000,300.000,-1,-1,-1,-1,775.000,800.000,-1,-1,2,0,2,0,2,0,0,0,0,2,2,2,2,0,0,2,2
31,-8434.618,6697.945,87.117,55.757,0.562681,-0.825934,0.034976,0.826674,0.562220,-0.022785,-0.000845,0.041734,0.999128,0,0.89656,0.18773,53.794,0.375,-1,400.000,-1,400.000,-1,325.000,325.000,300.000,300.000,-1,-1,-1,-1,775.000,800.000,-1,-1,2,0,2,0,2,0,0,0,0,2,2,2,2,0,0,2,2
32,-8404.827,6742.736,87.067,56.372,0.553773,-0.831916,0.035371,0.832667,0.553310,-0.022673,-0.000709,0.042008,0.999117,0,0.89656,0.30773,53.794,0.615,-1,400.000,-1,400.000,-1,325.000,325.000,300.000,300.000,-1,-1,-1,-1,775.000,800.000,-1,-1,2,0,2,0,2,0,0,0,0,2,2,2,2,0,0,2,2
33,-8375.709,6787.968,87.050,57.227,0.541293,-0.840076,0.035692,0.840834,0.540822,-0.022585,-0.000330,0.042236,0.999108,0,0.89656,0.42773,53.794,0.855,-1,400.000,-1,400.000,-1,325.000,325.000,300.000,300.000,-1,-1,-1,-1,775.000,800.000,-1,-1,2,0,2,0,2,0,0,0,0,2,2,2,2,0,0,2,2
34,-8347.363,6833.687,87.048,58.201,0.526943,-0.849136,0.036040,0.849901,0.526462,-0.022511,0.000141,0.042492,0.999097,0,0.89656,0.48688,53.794,0.974,-1,400.000,-1,400.000,-1,325.000,325.000,300.000,300.000,-1,-1,-1,-1,775.000,800.000,-1,-1,2,0,2,0,2,0,0,0,0,2,2,2,2,0,0,2,2
35,-8319.798,6879.882,87.057,59.175,0.512440,-0.857950,0.036445,0.858723,0.511948,-0.022445,0.000599,0.042798,0.999084,0,0.89656,0.48688,53.794,0.974,-1,400.000,-1,400.000,-1,325.000,325.000,300.000,300.000,-1,-1,-1,-1,775.000,825.000,-1,-1,2,0,2,0,2,0,0,0,0,2,2,2,2,0,0,2,2
36,-8293.023,6926.538,87.076,60.149,0.497789,-0.866513,0.036905,0.867298,0.497286,-0.022385,0.001045,0.043151,0.999068,0,0.89656,0.48688,53.794,0.974,-1,400.000,-1,400.000,-1,325.000,325.000,300.000,300.000,-1,-1,-1,-1,800.000,825.000,-1,-1,2,0,2,0,2,0,0,0,0,2,2,2,2,0,0,2,2
37,-8267.044,6973.643,87.107,61.123,0.482994,-0.874824,0.037419,0.875622,0.482480,-0.022329,0.001480,0.043549,0.999050,0,0.89656,0.48688,53.794,0.974,-1,400.000,-1,400.000,-1,325.000,325.000,300.000,300.000,-1,-1,-1,-1,800.000,825.000,-1,-1,2,0,2,0,2,0,0,0,0,2,2,2,2,0,0,2,2
38,-8241.869,7021.182,87.196,62.096,0.468055,-0.882886,0.037897,0.883697,0.467538,-0.022076,0.001772,0.043822,0.999038,0,0.89656,0.48688,53.794,0.974,-1,400.000,-1,400.000,-1,325.000,325.000,300.000,300.000,-1,-1,-1,-1,800.000,825.000,-1,-1,2,0,2,0,2,0,0,0,0,2,2,2,2,0,0,2,2
39,-8217.506,7069.143,87.310,63.070,0.452980,-0.890692,0.038440,0.891518,0.452460,-0.021802,0.002026,0.044146,0.999023,0,0.89656,0.48688,53.794,0.974,-1,400.000,-1,400.000,-1,325.000,325.000,300.000,300.000,-1,-1,-1,-1,800.000,825.000,-1,-1,2,0,2,0,2,0,0,0,0,2,2,2,2,0,0,2,2
40,-8193.962,7117.510,87.434,64.044,0.437774,-0.898235,0.039089,0.899082,0.437249,-0.021568,0.002282,0.044587,0.999003,0,0.89656,0.48688,53.794,0.974,-1,400.000,-1,400.000,-1,325.000,325.000,300.000,300.000,-1,-1,-1,-1,800.000,850.000,-1,-1,2,0,2,0,2,0,0,0,0,2,2,2,2,0,0,2,2
41,-8171.243,7166.271,87.525,65.018,0.422439,-0.905521,0.039719,0.906388,0.421914,-0.021194,0.002433,0.044954,0.998986,0,0.89656,0.48688,53.794,0.974,-1,400.000,-1,400.000,-1,325.000,325.000,300.000,300.000,-1,-1,-1,-1,800.000,850.000,-1,-1,2,0,2,0,2,0,0,0,0,2,2,2,2,0,0,2,2
42,-8149.356,7215.410,87.602,65.991,0.406979,-0.912545,0.040363,0.913434,0.406457,-0.020763,0.002541,0.045319,0.998969,0,0.89656,0.48688,53.794,0.974,-1,400.000,-1,400.000,-1,325.000,325.000,300.000,300.000,-1,-1,-1,-1,800.000,850.000,-1,-1,2,0,2,0,2,0,0,0,0,2,2,2,2,0,0,2,2
43,-8128.307,7264.915,87.685,66.965,0.391403,-0.919303,0.041061,0.920215,0.390882,-0.020360,0.002667,0.045754,0.998949,0,0.89656,0.48688,53.794,0.974,-1,400.000,-1,400.000,-1,325.000,325.000,300.000,300.000,-1,-1,-1,-1,800.000,850.000,-1,-1,2,0,2,0,2,0,0,0,0,2,2,2,2,0,0,2,2
44,-8108.103,7314.770,87.806,67.939,0.375712,-0.925796,0.041743,0.926733,0.375196,-0.019865,0.002729,0.046148,0.998931,0,0.89656,0.48688,53.794,0.974,-1,400.000,-1,400.000,-1,325.000,325.000,300.000,300.000,-1,-1,-1,-1,800.000,850.000,-1,-1,2,0,2,0,2,0,0,0,0,2,2,2,2,0,0,2,2
45,-8088.748,7364.961,87.891,68.913,0.359905,-0.932012,0.042694,0.932985,0.359398,-0.019275,0.002621,0.046770,0.998902,0,0.89656,0.48688,53.794,0.974,-1,400.000,-1,400.000,-1,325.000,325.000,300.000,300.000,-1,-1,-1,-1,800.000,850.000,-1,-1,2,0,2,0,2,0,0,0,0,2,2,2,2,0,0,2,2
46,-8070.250,7415.474,87.961,69.886,0.343992,-0.937950,0.043812,0.938969,0.343494,-0.018655,0.002449,0.047555,0.998866,0,0.89656,0.48688,53.794,0.974,-1,400.000,-1,400.000,-1,325.000,325.000,300.000,300.000,-1,-1,-1,-1,800.000,850.000,-1,-1,2,0,2,0,2,0,0,0,0,2,2,2,2,0,0,2,2
47,-8052.613,7466.294,88.043,70.860,0.327980,-0.943614,0.044965,0.944682,0.327491,-0.018041,0.002298,0.048394,0.998826,0,0.89656,0.48688,53.794,0.974,-1,400.000,-1,400.000,-1,325.000,325.000,300.000,300.000,-1,-1,-1,-1,800.000,850.000,-1,-1,2,0,2,0,2,0,0,0,0,2,2,2,2,0,0,2,2
48,-8035.842,7517.407,88.120,71.834,0.311871,-0.949006,0.046089,0.950122,0.311396,-0.017338,0.002102,0.049198,0.998787,0,0.89656,0.48688,53.794,0.974,-1,400.000,-1,400.000,-1,325.000,325.000,300.000,300.000,-1,-1,-1,-1,800.000,875.000,-1,-1,2,0,2,0,2,0,0,0,0,2,2,2,2,0,0,2,2
49,-8019.942,7568.797,88.210,72.808,0.295672,-0.954122,0.047224,0.955288,0.295211,-0.016617,0.001913,0.050026,0.998746,0,0.89656,0.48688,53.794,0.974,-1,400.000,-1,400.000,-1,325.000,325.000,300.000,300.000,-1,-1,-1,-1,800.000,875.000,-1,-1,2,0,2,0,2,0,0,0,0,2,2,2,2,0,0,2,2
50,-8004.918,7620.450,88.318,73.781,0.279388,-0.958959,0.048380,0.960177,0.278941,-0.015899,0.001751,0.050896,0.998702,0,0.89656,0.48688,53.794,0.974,-1,400.000,-1,400.000,-1,325.000,325.000,300.000,300.000,-1,-1,-1,-1,800.000,875.000,-1,-1,2,0,2,0,2,0,0,0,0,2,2,2,2,0,0,2,2
51,-7990.774,7672.351,88.448,74.755,0.263025,-0.963516,0.049555,0.964788,0.262591,-0.015183,0.001617,0.051804,0.998656,0,0.89656,0.48688,53.794,0.974,-1,400.000,-1,400.000,-1,325.000,325.000,300.000,300.000,-1,-1,-1,-1,800.000,875.000,-1,-1,2,0,2,0,2,0,0,0,0,2,2,2,2,0,0,2,2
52,-7977.098,7725.192,88.587,75.489,0.250632,-0.966751,0.050759,0.968082,0.250218,-0.014457,0.001276,0.052762,0.998606,0,0.90971,0.36688,54.582,0.734,-1,400.000,-1,400.000,-1,325.000,325.000,300.000,300.000,-1,-1,-1,-1,800.000,875.000,-1,-1,2,0,2,0,2,0,0,0,0,2,2,2,2,0,0,2,2
53,-7963.878,7778.149,88.724,75.983,0.242253,-0.968820,0.051979,0.970213,0.241865,-0.013728,0.000728,0.053756,0.998554,0,0.90971,0.24688,54.582,0.494,-1,400.000,-1,425.000,-1,325.000,325.000,300.000,300.000,-1,-1,-1,-1,800.000,875.000,-1,-1,2,0,2,0,2,0,0,0,0,2,2,2,2,0,0,2,2
54,-7950.892,7831.164,88.761,76.236,0.237917,-0.969845,0.052872,0.971286,0.237563,-0.012969,0.000018,0.054440,0.998517,0,0.90971,0.12688,54.582,0.254,-1,400.000,-1,425.000,-1,325.000,325.000,300.000,300.000,-1,-1,-1,-1,800.000,875.000,-1,-1,2,0,2,0,2,0,0,0,0,2,2,2,2,0,0,2,2
55,-7937.919,7884.182,88.644,76.250,0.237616,-0.969893,0.053357,0.971358,0.237328,-0.011775,-0.001242,0.054627,0.998506,0,0.90971,0.00688,54.582,0.014,-1,400.000,-1,425.000,-1,325.000,325.000,300.000,300.000,-1,-1,-1,-1,800.000,875.000,-1,-1,2,0,2,0,2,0,0,0,0,2,2,2,2,0,0,2,2
56,-7924.737,7937.148,88.446,76.024,0.241374,-0.968931,0.053954,0.970429,0.241151,-0.010700,-0.002643,0.054942,0.998486,0,0.90971,-0.11312,54.582,-0.226,-1,400.000,-1,425.000,-1,325.000,325.000,300.000,300.000,-1,-1,-1,-1,800.000,850.000,-1,-1,2,0,2,0,2,0,0,0,0,2,2,2,2,0,0,2,2
57,-7911.285,7990.048,88.040,75.733,0.246207,-0.967642,0.055231,0.969207,0.246061,-0.009521,-0.004377,0.055875,0.998428,0,0.90971,-0.14565,54.582,-0.291,-1,400.000,-1,425.000,-1,325.000,325.000,300.000,300.000,-1,-1,-1,-1,800.000,850.000,-1,-1,2,0,2,0,2,0,0,0,0,2,2,2,2,0,0,2,2
58,-7897.565,8042.877,87.577,75.441,0.251025,-0.966324,0.056602,0.967961,0.250964,-0.008305,-0.006179,0.056873,0.998362,0,0.90971,-0.14565,54.582,-0.291,-1,400.000,-1,425.000,-1,325.000,325.000,300.000,300.000,-1,-1,-1,-1,800.000,850.000,-1,-1,2,0,2,0,2,0,0,0,0,2,2,2,2,0,0,2,2
59,-7883.577,8095.637,87.074,75.150,0.255831,-0.964980,0.057997,0.966688,0.255858,-0.007085,-0.008003,0.057878,0.998292,0,0.90971,-0.14565,54.582,-0.291,-1,400.000,-1,400.000,-1,325.000,325.000,300.000,300.000,-1,-1,-1,-1,800.000,825.000,-1,-1,2,0,2,0,2,0,0,0,0,2,2,2,2,0,0,2,2
60,-7869.320,8148.325,86.529,74.859,0.260625,-0.963610,0.059418,0.965390,0.260745,-0.005859,-0.009847,0.058889,0.998216,0,0.90971,-0.14565,54.582,-0.291,-1,400.000,-1,400.000,-1,325.000,325.000,300.000,300.000,-1,-1,-1,-1,775.000,825.000,-1,-1,2,0,2,0,2,0,0,0,0,2,2,2,2,0,0,2,2
61,-7854.796,8200.939,85.954,74.568,0.265410,-0.962216,0.060810,0.964065,0.265626,-0.004653,-0.011675,0.059859,0.998139,0,0.90971,-0.14565,54.582,-0.291,-1,400.000,-1,400.000,-1,325.000,325.000,300.000,300.000,-1,-1,-1,-1,775.000,825.000,-1,-1,2,0,2,0,2,0,0,0,0,2,2,2,2,0,0,2,2
62,-7840.005,8253.479,85.309,74.276,0.270193,-0.960807,0.062020,0.962713,0.270501,-0.003530,-0.013384,0.060661,0.998069,0,0.90971,-0.14565,54.582,-0.291,-1,400.000,-1,400.000,-1,325.000,325.000,300.000,300.000,-1,-1,-1,-1,775.000,800.000,-1,-1,2,0,2,0,2,0,0,0,0,2,2,2,2,0,0,2,2
63,-7824.946,8305.944,84.617,73.985,0.274967,-0.959374,0.063207,0.961335,0.275369,-0.002422,-0.015082,0.061429,0.997998,0,0.90971,-0.14565,54.582,-0.291,-1,400.000,-1,400.000,-1,325.000,325.000,300.000,300.000,-1,-1,-1,-1,775.000,800.000,-1,-1,2,0,2,0,2,0,0,0,0,2,2,2,2,0,0,2,2
64,-7809.621,8358.331,83.879,73.694,0.279731,-0.957917,0.064383,0.959932,0.280230,-0.001322,-0.016776,0.062173,0.997924,0,0.90971,-0.14565,54.582,-0.291,-1,400.000,-1,400.000,-1,325.000,325.000,300.000,300.000,-1,-1,-1,-1,775.000,800.000,-1,-1,2,0,2,0,2,0,0,0,0,2,2,2,2,0,0,2,2
65,-7794.030,8410.639,83.095,73.402,0.284485,-0.956437,0.065547,0.958503,0.285084,-0.000230,-0.018466,0.062893,0.997849,0,0.90971,-0.14565,54.582,-0.291,-1,400.000,-1,400.000,-1,325.000,325.000,300.000,300.000,-1,-1,-1,-1,775.000,800.000,-1,-1,2,0,2,0,2,0,0,0,0,2,2,2,2,0,0,2,2
66,-7778.173,8462.867,82.166,73.111,0.289259,-0.954957,0.066226,0.957045,0.289937,0.000663,-0.019834,0.063189,0.997804,0,0.90971,-0.14565,54.582,-0.291,-1,400.000,-1,400.000,-1,325.000,325.000,300.000,300.000,-1,-1,-1,-1,775.000,775.000,-1,-1,2,0,2,0,2,0,0,0,0,2,2,2,2,0,0,2,2
67,-7762.050,8515.014,81.120,72.820,0.294036,-0.953471,0.066597,0.955561,0.294788,0.001545,-0.021105,0.063184,0.997779,0,0.90971,-0.14565,54.582,-0.291,-1,400.000,-1,400.000,-1,325.000,325.000,300.000,300.000,-1,-1,-1,-1,750.000,775.000,-1,-1,2,0,2,0,2,0,0,0,0,2,2,2,2,0,0,2,2
68,-7745.663,8567.079,80.032,72.528,0.298806,-0.951961,0.066971,0.954052,0.299632,0.002411,-0.022362,0.063173,0.997752,0,0.90971,-0.14565,54.582,-0.291,-1,400.000,-1,400.000,-1,325.000,325.000,300.000,300.000,-1,-1,-1,-1,750.000,775.000,-1,-1,2,0,2,0,2,0,0,0,0,2,2,2,2,0,0,2,2
69,-7729.011,8619.059,78.789,72.237,0.303583,-0.950401,0.067639,0.952521,0.304460,0.002818,-0.023271,0.063572,0.997706,0,0.90971,-0.14565,54.582,-0.291,-1,400.000,-1,400.000,-1,325.000,325.000,300.000,300.000,-1,-1,-1,-1,750.000,775.000,-1,-1,2,0,2,0,2,0,0,0,0,2,2,2,2,0,0,2,2
70,-7712.095,8670.954,77.534,71.946,0.308372,-0.948824,0.068120,0.950966,0.309283,0.002985,-0.023901,0.063859,0.997673,0,0.90971,-0.14565,54.582,-0.291,-1,400.000,-1,400.000,-1,325.000,325.000,300.000,300.000,-1,-1,-1,-1,750.000,750.000,-1,-1,2,0,2,0,2,0,0,0,0,2,2,2,2,0,0,2,2
71,-7694.916,8722.763,76.243,71.655,0.313156,-0.947223,0.068565,0.949386,0.314097,0.003120,-0.024491,0.064118,0.997642,0,0.90971,-0.14565,54.582,-0.291,-1,400.000,-1,400.000,-1,325.000,325.000,300.000,300.000,-1,-1,-1,-1,750.000,750.000,-1,-1,2,0,2,0,2,0,0,0,0,2,2,2,2,0,0,2,2
72,-7677.473,8774.483,74.916,71.363,0.317935,-0.945600,0.068979,0.947782,0.318904,0.003224,-0.025047,0.064352,0.997613,0,0.90971,-0.14565,54.582,-0.291,-1,400.000,-1,400.000,-1,325.000,325.000,300.000,300.000,-1,-1,-1,-1,750.000,750.000,-1,-1,2,0,2,0,2,0,0,0,0,2,2,2,2,0,0,2,2
73,-7659.767,8826.114,73.563,71.072,0.322707,-0.943957,0.069328,0.946153,0.323704,0.003351,-0.025605,0.064513,0.997588,0,0.90971,-0.14565,54.582,-0.291,-1,400.000,-1,400.000,-1,325.000,325.000,300.000,300.000,-1,-1,-1,-1,725.000,725.000,-1,-1,2,0,2,0,2,0,0,0,0,2,2,2,2,0,0,2,2
74,-7641.800,8877.654,72.182,70.781,0.327472,-0.942292,0.069624,0.944499,0.328496,0.003479,-0.026149,0.064621,0.997567,0,0.90971,-0.14565,54.582,-0.291,-1,400.000,-1,400.000,-1,325.000,325.000,300.000,300.000,-1,-1,-1,-1,725.000,725.000,-1,-1,2,0,2,0,2,0,0,0,0,2,2,2,2,0,0,2,2
75,-7625.077,8924.544,70.882,70.372,0.334160,-0.939924,0.069859,0.942136,0.335212,0.003584,-0.026786,0.064619,0.997550,0,0.82971,-0.20444,49.782,-0.409,-1,400.000,-1,400.000,-1,325.000,325.000,300.000,300.000,-1,-1,-1,-1,725.000,725.000,-1,-1,2,0,2,0,2,0,0,0,0,2,2,2,2,0,0,2,2
76,-7609.336,8967.706,69.650,69.963,0.340834,-0.937511,0.070042,0.939725,0.341913,0.003672,-0.027390,0.064569,0.997537,0,0.76571,-0.20444,45.943,-0.409,-1,400.000,-1,400.000,-1,325.000,325.000,300.000,300.000,-1,-1,-1,-1,725.000,700.000,-1,-1,2,0,2,0,2,0,0,0,0,2,2,2,2,0,0,2,2
77,-7593.286,9010.755,68.383,69.554,0.347492,-0.935052,0.070191,0.937265,0.348596,0.003751,-0.027976,0.064484,0.997527,0,0.76571,-0.20444,45.943,-0.409,-1,375.000,-1,400.000,-1,325.000,325.000,300.000,300.000,-1,-1,-1,-1,725.000,700.000,-1,-1,2,0,2,0,2,0,0,0,0,2,2,2,2,0,0,2,2
78,-7576.930,9053.688,67.083,69.145,0.354135,-0.932548,0.070305,0.934759,0.355263,0.003823,-0.028542,0.064365,0.997518,0,0.76571,-0.20444,45.943,-0.409,-1,375.000,-1,375.000,-1,325.000,325.000,300.000,300.000,-1,-1,-1,-1,700.000,700.000,-1,-1,2,0,2,0,2,0,0,0,0,2,2,2,2,0,0,2,2
79,-7560.269,9096.503,65.733,68.736,0.360768,-0.930002,0.070301,0.932203,0.361914,0.003861,-0.029033,0.064142,0.997518,0,0.76571,-0.20444,45.943,-0.409,-1,375.000,-1,375.000,-1,325.000,325.000,300.000,300.000,-1,-1,-1,-1,700.000,700.000,-1,-1,2,0,2,0,2,0,0,0,0,2,2,2,2,0,0,2,2
80,-7543.302,9139.198,64.447,68.327,0.367396,-0.927387,0.070523,0.929606,0.368538,0.003448,-0.029188,0.064292,0.997504,0,0.76571,-0.20444,45.943,-0.409,-1,375.000,-1,375.000,-1,300.000,300.000,300.000,300.000,-1,-1,-1,-1,700.000,675.000,-1,-1,2,0,2,0,2,0,0,0,0,2,2,2,2,0,0,2,2
81,-7526.031,9181.771,63.186,67.919,0.374014,-0.924712,0.070860,0.926965,0.375138,0.002782,-0.029155,0.064644,0.997482,0,0.76571,-0.20444,45.943,-0.409,-1,375.000,-1,375.000,-1,300.000,300.000,300.000,300.000,-1,-1,-1,-1,700.000,675.000,-1,-1,2,0,2,0,2,0,0,0,0,2,2,2,2,0,0,2,2
82,-7508.457,9224.220,61.907,67.510,0.380615,-0.921989,0.071199,0.924276,0.381718,0.002056,-0.029073,0.065025,0.997460,0,0.76571,-0.20444,45.943,-0.409,-1,375.000,-1,375.000,-1,300.000,300.000,300.000,300.000,-1,-1,-1,-1,700.000,675.000,-1,-1,2,0,2,0,2,0,0,0,0,2,2,2,2,0,0,2,2
83,-7490.580,9266.542,60.634,67.101,0.387197,-0.919222,0.071481,0.921540,0.388280,0.001372,-0.029016,0.065341,0.997441,0,0.76571,-0.20444,45.943,-0.409,-1,375.000,-1,375.000,1000.000,300.000,300.000,300.000,300.000,-1,-1,-1,-1,675.000,650.000,-1,-1,2,0,2,0,0,0,0,0,0,2,2,2,2,0,0,2,2
84,-7472.402,9308.736,59.369,66.692,0.393759,-0.916413,0.071705,0.918757,0.394824,0.000739,-0.028988,0.065588,0.997426,0,0.76571,-0.20444,45.943,-0.409,-1,375.000,-1,375.000,950.000,300.000,300.000,300.000,300.000,-1,-1,-1,-1,675.000,650.000,-1,-1,2,0,2,0,0,0,0,0,0,2,2,2,2,0,0,2,2
85,-7453.922,9350.799,58.373,66.283,0.400391,-0.913619,0.070620,0.915914,0.401374,-0.000287,-0.028083,0.064797,0.997503,0,0.76571,-0.20444,45.943,-0.409,-1,375.000,-1,375.000,950.000,300.000,300.000,300.000,300.000,-1,-1,-1,-1,675.000,650.000,-1,1000.000,2,0,2,0,0,0,0,0,0,2,2,2,2,0,0,2,0
86,-7435.143,9392.728,57.377,65.874,0.407007,-0.910780,0.069458,0.913023,0.407906,-0.001359,-0.027095,0.063969,0.997584,0,0.76571,-0.20444,45.943,-0.409,-1,375.000,-1,375.000,950.000,300.000,300.000,300.000,300.000,-1,-1,-1,-1,675.000,650.000,-1,975.000,2,0,2,0,0,0,0,0,0,2,2,2,2,0,0,2,0
87,-7416.065,9434.523,56.427,65.465,0.413612,-0.907883,0.068361,0.910086,0.414412,-0.002708,-0.025871,0.063335,0.997657,0,0.76571,-0.20444,45.943,-0.409,-1,375.000,-1,375.000,925.000,300.000,300.000,300.000,300.000,-1,-1,-1,-1,675.000,625.000,-1,975.000,2,0,2,0,0,0,0,0,0,2,2,2,2,0,0,2,0
88,-7396.690,9476.180,55.490,65.056,0.420201,-0.904936,0.067248,0.907100,0.420895,-0.004186,-0.024517,0.062760,0.997727,0,0.76571,-0.20444,45.943,-0.409,-1,375.000,-1,375.000,925.000,300.000,300.000,300.000,300.000,-1,-1,-1,-1,675.000,625.000,-1,950.000,2,0,2,0,0,0,0,0,0,2,2,2,2,0,0,2,0
89,-7377.017,9517.698,54.550,64.647,0.426772,-0.901942,0.066077,0.904064,0.427358,-0.005712,-0.023087,0.062175,0.997798,0,0.76571,-0.20444,45.943,-0.409,-1,375.000,-1,375.000,925.000,300.000,300.000,300.000,300.000,-1,-1,-1,-1,675.000,625.000,-1,950.000,2,0,2,0,0,0,0,0,0,2,2,2,2,0,0,2,0
90,-7357.049,9559.075,53.607,64.239,0.433324,-0.898902,0.064845,0.900980,0.433800,-0.007286,-0.021580,0.061581,0.997869,0,0.76571,-0.20444,45.943,-0.409,-1,375.000,-1,375.000,925.000,300.000,300.000,300.000,300.000,-1,1000.000,925.000,-1,675.000,625.000,-1,925.000,2,0,2,0,0,0,0,0,0,2,0,0,2,0,0,2,0
91,-7336.737,9600.404,52.660,63.828,0.439889,-0.895801,0.063547,0.897830,0.440253,-0.008913,-0.019992,0.060975,0.997939,0,0.76751,-0.20549,46.051,-0.411,-1,375.000,-1,375.000,900.000,300.000,300.000,300.000,300.000,-1,750.000,750.000,-1,675.000,625.000,-1,925.000,2,0,2,0,0,0,0,0,0,2,0,0,2,0,0,2,0
92,-7316.001,9641.833,51.704,63.411,0.446518,-0.892612,0.062177,0.894587,0.446768,-0.010598,-0.018319,0.060355,0.998009,0,0.77214,-0.20820,46.329,-0.416,-1,375.000,-1,375.000,900.000,300.000,300.000,300.000,300.000,-1,625.000,650.000,-1,675.000,600.000,-1,900.000,2,0,2,0,0,0,0,0,0,2,0,0,2,0,0,2,0
93,-7294.834,9683.356,50.772,62.989,0.453204,-0.889325,0.060894,0.891251,0.453343,-0.012309,-0.016660,0.059851,0.998068,0,0.77678,-0.21096,46.607,-0.422,-1,375.000,-1,375.000,875.000,300.000,300.000,300.000,300.000,-1,575.000,600.000,-1,675.000,600.000,-1,900.000,2,0,2,0,1,0,0,0,0,2,0,0,2,0,0,2,0
94,-7273.230,9724.966,49.953,62.562,0.459925,-0.885918,0.060147,0.887826,0.459967,-0.013959,-0.015299,0.059820,0.998092,0,0.78141,-0.21378,46.885,-0.428,-1,375.000,-1,375.000,-1,300.000,300.000,300.000,300.000,-1,525.000,550.000,-1,675.000,600.000,-1,875.000,2,0,2,0,2,0,0,0,0,2,0,0,2,0,0,2,0
95,-7251.183,9766.658,49.253,62.128,0.466731,-0.882416,0.059196,0.884296,0.466655,-0.015962,-0.013539,0.059797,0.998119,0,0.78604,-0.21665,47.162,-0.433,-1,375.000,-1,350.000,-1,300.000,300.000,300.000,300.000,-1,500.000,525.000,-1,675.000,600.000,-1,875.000,2,0,2,0,2,0,0,0,0,2,0,0,2,0,0,2,0
96,-7227.719,9810.126,48.918,61.640,0.474434,-0.878433,0.057162,0.880229,0.474173,-0.018911,-0.010493,0.059288,0.998186,0,0.82328,-0.24416,49.397,-0.488,-1,375.000,-1,350.000,-1,300.000,300.000,300.000,300.000,-1,450.000,475.000,-1,675.000,600.000,-1,875.000,2,0,2,0,2,0,0,0,0,2,0,0,2,0,0,2,0
97,-7203.551,9853.970,48.597,61.136,0.482348,-0.874247,0.055075,0.875949,0.481903,-0.021961,-0.007341,0.058836,0.998241,0,0.83439,-0.25230,50.063,-0.505,-1,375.000,-1,350.000,-1,300.000,300.000,300.000,300.000,-1,425.000,425.000,-1,675.000,600.000,-1,900.000,2,0,2,0,2,0,0,0,0,2,0,0,2,0,0,2,0
98,-7178.523,9898.487,48.286,60.654,0.489871,-0.870187,0.052928,0.871786,0.489242,-0.025139,-0.004019,0.058457,0.998282,0,0.85118,-0.24068,51.071,-0.481,-1,375.000,-1,350.000,-1,300.000,300.000,325.000,300.000,-1,375.000,400.000,-1,675.000,600.000,-1,-1,2,0,2,0,2,0,0,0,0,2,0,0,2,0,0,2,2
99,-7152.722,9943.469,48.236,60.162,0.497482,-0.866015,0.050302,0.867473,0.496731,-0.027366,-0.001287,0.057249,0.998359,0,0.86426,-0.24599,51.856,-0.492,-1,375.000,-1,350.000,-1,300.000,300.000,325.000,300.000,-1,375.000,375.000,-1,700.000,600.000,-1,-1,2,0,2,0,2,0,0,0,0,2,0,0,2,0,0,2,2
100,-7126.127,9988.906,48.374,59.659,0.505190,-0.861682,0.047828,0.863008,0.504345,-0.029215,0.001052,0.056035,0.998428,0,0.87746,-0.25138,52.648,-0.503,-1,375.000,-1,350.000,-1,325.000,300.000,325.000,300.000,-1,400.000,375.000,-1,700.000,600.000,-1,-1,2,0,2,0,2,0,0,0,0,2,0,0,2,0,0,2,2
101,-7098.716,10034.788,48.676,59.146,0.513030,-0.857200,0.044818,0.858363,0.512095,-0.031177,0.003774,0.054465,0.998509,0,0.89078,-0.25686,53.447,-0.514,-1,375.000,-1,350.000,-1,300.000,300.000,325.000,300.000,-1,375.000,400.000,-1,725.000,600.000,-1,-1,2,0,2,0,2,0,0,0,0,2,0,0,2,1,0,2,2
102,-7072.409,10077.943,49.104,58.636,0.520769,-0.852691,0.041457,0.853672,0.519759,-0.033103,0.006679,0.052630,0.998592,0,0.84235,-0.25508,50.541,-0.510,-1,375.000,-1,350.000,-1,300.000,300.000,300.000,300.000,-1,375.000,400.000,-1,-1,600.000,-1,-1,2,0,2,0,2,0,0,0,0,2,0,0,2,2,0,2,2
103,-7045.313,10121.499,49.570,58.115,0.528610,-0.848012,0.038045,0.848810,0.527534,-0.035055,0.009657,0.050824,0.998661,0,0.85493,-0.26031,51.296,-0.521,-1,375.000,-1,350.000,-1,300.000,300.000,300.000,300.000,-1,350.000,400.000,-1,-1,625.000,-1,-1,2,0,2,0,2,0,0,0,0,2,0,0,2,2,0,2,2
104,-7017.407,10165.442,50.078,57.584,0.536551,-0.843159,0.034583,0.843772,0.535422,-0.037032,0.012707,0.049050,0.998715,0,0.86758,-0.26564,52.055,-0.531,-1,375.000,-1,350.000,-1,300.000,300.000,300.000,300.000,-1,300.000,375.000,-1,-1,625.000,-1,-1,2,1,2,0,2,0,0,0,0,2,0,0,2,2,0,2,2
105,-6988.673,10209.758,50.629,57.042,0.544592,-0.838125,0.031071,0.838552,0.543422,-0.039035,0.015831,0.047313,0.998755,0,0.88027,-0.27107,52.816,-0.542,-1,400.000,-1,350.000,-1,300.000,300.000,300.000,300.000,-1,300.000,350.000,-1,-1,625.000,-1,-1,2,1,2,0,2,0,0,0,0,2,0,0,2,2,0,2,2
106,-6959.091,10254.430,51.226,56.488,0.552732,-0.832905,0.027508,0.833142,0.551533,-0.041062,0.019029,0.045615,0.998778,0,0.89298,-0.27663,53.579,-0.553,-1,450.000,-1,350.000,-1,300.000,300.000,300.000,300.000,-1,275.000,325.000,-1,-1,-1,-1,-1,2,1,2,0,2,0,0,0,0,2,0,0,2,2,2,2,2
107,-6928.644,10299.439,51.942,55.924,0.560970,-0.827480,0.024266,0.827542,0.559749,-0.043085,0.022069,0.044251,0.998777,0,0.90567,-0.28231,54.340,-0.565,-1,550.000,-1,350.000,-1,325.000,300.000,300.000,300.000,-1,250.000,300.000,-1,-1,-1,-1,-1,2,1,2,0,2,1,0,0,0,2,0,0,2,2,2,2,2
108,-6897.314,10344.764,52.963,55.347,0.569293,-0.821855,0.021432,0.821773,0.568075,-0.044501,0.024399,0.042946,0.998779,0,0.91831,-0.28814,55.098,-0.576,-1,-1,-1,350.000,-1,400.000,300.000,300.000,300.000,-1,250.000,300.000,-1,-1,-1,-1,-1,2,2,2,0,2,1,0,0,0,2,0,0,2,2,2,2,2
109,-6865.087,10390.379,54.298,54.759,0.577688,-0.816053,0.018283,0.815843,0.576534,-0.044817,0.026032,0.040806,0.998828,0,0.93085,-0.29412,55.851,-0.588,-1,-1,-1,350.000,-1,-1,325.000,300.000,300.000,-1,275.000,325.000,-1,-1,-1,-1,-1,2,2,2,0,2,2,1,0,0,2,0,0,2,2,2,2,2
110,-6831.947,10436.256,55.708,54.159,0.586189,-0.810032,0.015173,0.809700,0.585104,-0.045155,0.027699,0.038755,0.998865,0,0.94324,-0.30026,56.594,-0.601,-1,-1,-1,-1,-1,-1,-1,300.000,300.000,-1,300.000,350.000,-1,-1,-1,-1,-1,2,2,2,2,2,2,2,0,0,2,0,0,2,2,2,2,2
111,-6797.884,10482.362,56.396,53.545,0.594695,-0.803876,0.011031,0.803505,0.593851,-0.041483,0.026796,0.033533,0.999078,0,0.95541,-0.30659,57.324,-0.613,-1,-1,-1,-1,-1,-1,-1,300.000,300.000,-1,325.000,400.000,-1,-1,-1,-1,-1,2,2,2,2,2,2,2,0,0,2,0,0,2,2,2,2,2
112,-6762.888,10528.660,56.194,52.919,0.603228,-0.797548,0.005765,0.797244,0.602761,-0.032881,0.022750,0.024431,0.999443,0,0.96728,-0.31311,58.037,-0.626,-1,-1,-1,-1,-1,-1,-1,275.000,300.000,-1,375.000,500.000,-1,-1,-1,-1,-1,2,2,2,2,2,2,2,0,0,2,0,0,2,2,2,2,2
113,-6726.956,10575.110,55.090,52.280,0.611873,-0.790956,-0.000544,0.790807,0.611771,-0.018956,0.015326,0.011169,0.999820,0,0.97876,-0.31983,58.725,-0.640,-1,-1,-1,-1,-1,-1,-1,250.000,325.000,-1,500.000,675.000,-1,-1,-1,-1,-1,2,2,2,2,2,2,2,0,0,2,0,0,2,2,2,2,2
114,-6690.091,10621.664,53.246,51.626,0.620766,-0.783956,-0.007972,0.783987,0.620776,0.001474,0.003793,-0.007165,0.999967,0,0.98972,-0.32675,59.383,-0.653,-1,-1,-1,-1,-1,-1,-1,225.000,350.000,-1,775.000,-1,-1,-1,-1,-1,-1,2,2,2,2,2,2,2,0,1,2,0,2,2,2,2,2,2
115,-6652.302,10668.269,50.400,50.958,0.630108,-0.776340,-0.016114,0.776425,0.629604,0.027636,-0.011309,-0.029925,0.999488,0,1.00000,-0.33386,60.000,-0.668,-1,-1,-1,-1,-1,-1,-1,175.000,375.000,-1,-1,-1,-1,-1,-1,-1,-1,2,2,2,2,2,2,2,0,1,2,2,2,2,2,2,2,2
116,327.967,-327.968,-123.379,-112.765,-0.387119,0.922029,-0.001522,-0.921674,-0.386923,0.028428,0.025623,0.012408,0.999595,1,0.00000,0.00000,60.000,-0.682,-1,375.000,-1,375.000,575.000,300.000,300.000,300.000,300.000,-1,275.000,300.000,-1,650.000,650.000,-1,725.000,2,0,2,0,1,0,0,0,0,2,0,0,2,0,0,2,1
117,326.129,-332.401,-123.241,-112.525,-0.383249,0.923644,-0.001198,-0.923276,-0.383059,0.028755,0.026101,0.012126,0.999586,0,0.08000,0.12000,4.800,0.240,-1,375.000,-1,375.000,575.000,300.000,300.000,300.000,300.000,-1,275.000,300.000,-1,650.000,650.000,-1,725.000,2,0,2,0,1,0,0,0,0,2,0,0,2,0,0,2,1
118,322.525,-341.300,-122.966,-112.045,-0.375488,0.926827,-0.000563,-0.926432,-0.375310,0.029420,0.027056,0.011568,0.999567,0,0.16000,0.24000,9.600,0.480,-1,375.000,-1,375.000,575.000,300.000,300.000,300.000,300.000,-1,275.000,300.000,-1,650.000,650.000,-1,750.000,2,0,2,0,1,0,0,0,0,2,0,0,2,0,0,2,1
119,317.288,-354.714,-122.553,-111.325,-0.363795,0.931479,0.000355,-0.931043,-0.363637,0.030443,0.028486,0.010745,0.999536,0,0.24000,0.36000,14.400,0.720,-1,375.000,-1,375.000,575.000,300.000,300.000,300.000,300.000,-1,275.000,300.000,-1,650.000,650.000,-1,775.000,2,0,2,0,1,0,0,0,0,2,0,0,2,0,0,2,1
120,310.607,-372.714,-122.001,-110.365,-0.348114,0.937451,0.001514,-0.936960,-0.347983,0.031851,0.030385,0.009669,0.999491,0,0.32000,0.48000,19.200,0.960,-1,375.000,-1,375.000,575.000,300.000,300.000,300.000,300.000,-1,275.000,300.000,-1,675.000,675.000,-1,825.000,2,0,2,0,1,0,0,0,0,2,0,0,2,0,0,2,1
121,302.727,-395.384,-121.312,-109.165,-0.328372,0.944544,0.002859,-0.943980,-0.328278,0.033678,0.032749,0.008360,0.999429,0,0.40000,0.60000,24.000,1.200,-1,375.000,-1,375.000,600.000,300.000,300.000,300.000,300.000,-1,275.000,325.000,-1,675.000,675.000,-1,925.000,2,0,2,0,1,0,0,0,0,2,0,0,2,0,0,2,1
122,293.891,-422.795,-120.495,-107.868,-0.306858,0.951745,0.004348,-0.951091,-0.306811,0.035963,0.035561,0.006900,0.999344,0,0.48000,0.64870,28.800,1.297,-1,375.000,-1,375.000,600.000,300.000,300.000,300.000,300.000,-1,250.000,325.000,-1,675.000,675.000,-1,-1,2,0,2,0,1,0,0,0,0,2,0,0,2,0,0,2,2
123,284.307,-454.999,-119.559,-106.573,-0.285213,0.958446,0.005941,-0.957678,-0.285225,0.038726,0.038811,0.005356,0.999232,0,0.56000,0.64755,33.600,1.295,-1,375.000,-1,375.000,650.000,300.000,300.000,300.000,300.000,-1,250.000,325.000,-1,675.000,700.000,-1,-1,2,0,2,0,1,0,0,0,0,2,0,0,2,0,0,2,2
124,274.187,-492.042,-118.498,-105.280,-0.263445,0.964645,0.007585,-0.963738,-0.263528,0.041978,0.042492,0.003749,0.999090,0,0.64000,0.64646,38.400,1.293,-1,375.000,-1,375.000,700.000,325.000,300.000,300.000,300.000,-1,250.000,300.000,-1,700.000,700.000,-1,-1,2,0,2,0,1,0,0,0,0,2,0,0,2,0,0,2,2
125,266.012,-524.633,-117.563,-104.081,-0.243139,0.969951,0.008824,-0.968915,-0.243287,0.044893,0.045691,0.002366,0.998953,0,0.56000,0.59946,33.600,1.199,-1,375.000,-1,375.000,800.000,325.000,325.000,300.000,300.000,-1,250.000,300.000,-1,700.000,725.000,-1,-1,2,0,2,0,1,0,0,0,0,2,0,0,2,0,0,2,2
126,259.591,-552.708,-116.750,-102.883,-0.222751,0.974827,0.009686,-0.973672,-0.222959,0.047448,0.048414,0.001138,0.998827,0,0.48000,0.59890,28.800,1.198,-1,375.000,-1,375.000,-1,325.000,325.000,275.000,300.000,-1,250.000,300.000,1000.000,700.000,725.000,-1,-1,2,0,2,0,2,0,0,0,0,2,0,0,1,0,0,2,2
127,254.730,-576.211,-116.062,-101.686,-0.202284,0.979274,0.010218,-0.978015,-0.202542,0.049625,0.050666,0.000045,0.998716,0,0.40000,0.59863,24.000,1.197,-1,375.000,-1,375.000,-1,325.000,325.000,275.000,300.000,1000.000,250.000,300.000,975.000,725.000,750.000,-1,-1,2,0,2,0,2,0,0,0,0,0,0,0,1,0,0,2,2
128,251.235,-595.090,-115.475,-100.488,-0.181746,0.983291,0.010346,-0.981950,-0.182038,0.051342,0.052367,-0.000828,0.998628,0,0.32000,0.59857,19.200,1.197,-1,375.000,-1,400.000,-1,325.000,325.000,275.000,300.000,1000.000,250.000,300.000,925.000,725.000,750.000,-1,-1,2,0,2,0,2,0,0,0,0,0,0,0,1,0,0,2,2
129,248.910,-609.301,-114.923,-99.291,-0.161159,0.986880,0.009812,-0.985488,-0.161452,0.052408,0.053304,-0.001223,0.998578,0,0.24000,0.59864,14.400,1.197,-1,400.000,-1,400.000,-1,325.000,325.000,275.000,300.000,1000.000,250.000,300.000,875.000,725.000,750.000,-1,-1,2,0,2,0,2,0,0,0,0,0,0,0,1,0,0,2,2
130,247.558,-618.806,-114.575,-98.094,-0.140489,0.990038,0.009412,-0.988608,-0.140792,0.053216,0.054011,-0.001828,0.998539,0,0.16000,0.59877,9.600,1.198,-1,400.000,-1,400.000,-1,325.000,325.000,275.000,300.000,1000.000,250.000,275.000,850.000,725.000,750.000,-1,-1,2,0,2,0,2,0,0,0,0,0,0,0,1,0,0,2,2
131,246.982,-623.571,-114.430,-96.896,-0.119743,0.992763,0.009177,-0.991308,-0.120065,0.053779,0.054491,-0.002657,0.998511,0,0.08000,0.59890,4.800,1.198,-1,400.000,-1,400.000,-1,325.000,325.000,275.000,300.000,1000.000,275.000,275.000,825.000,725.000,750.000,-1,-1,2,0,2,0,2,0,0,0,0,0,0,0,1,0,0,2,2
132,246.982,-623.571,-114.491,-95.698,-0.098931,0.995052,0.009135,-0.993587,-0.099282,0.054107,0.054746,-0.003724,0.998493,0,-0.00000,0.59899,-0.000,1.198,-1,400.000,-1,400.000,-1,325.000,325.000,275.000,300.000,975.000,275.000,275.000,800.000,725.000,750.000,-1,-1,2,0,2,0,2,0,0,0,0,0,0,0,1,0,0,2,2
133,247.358,-618.786,-114.647,-94.500,-0.078092,0.996907,0.008841,-0.995460,-0.078456,0.053894,0.054421,-0.004592,0.998508,0,-0.08000,0.59899,-4.800,1.198,-1,375.000,-1,400.000,-1,325.000,325.000,275.000,300.000,975.000,275.000,275.000,775.000,725.000,750.000,-1,-1,2,0,2,0,2,0,0,0,0,0,0,0,1,0,0,2,2
134,247.911,-609.202,-114.872,-93.302,-0.057243,0.998326,0.008231,-0.996929,-0.057601,0.053049,0.053434,-0.005169,0.998558,0,-0.16000,0.59887,-9.600,1.198,-1,375.000,-1,400.000,-1,325.000,325.000,300.000,300.000,975.000,275.000,275.000,750.000,725.000,750.000,-1,-1,2,0,2,0,2,0,0,0,0,0,0,0,1,0,0,2,2
135,248.440,-594.811,-115.231,-92.105,-0.036383,0.999309,0.007621,-0.997985,-0.036729,0.051746,0.051990,-0.005723,0.998631,0,-0.24000,0.59861,-14.400,1.197,-1,375.000,-1,375.000,-1,325.000,325.000,300.000,300.000,1000.000,300.000,275.000,725.000,725.000,750.000,-1,-1,2,0,2,0,2,0,0,0,0,0,0,0,1,0,0,2,2
136,248.745,-575.614,-115.723,-90.909,-0.015523,0.999855,0.007052,-0.998624,-0.015856,0.049987,0.050091,-0.006267,0.998725,0,-0.32000,0.59819,-19.200,1.196,-1,375.000,-1,375.000,-1,325.000,325.000,300.000,300.000,975.000,300.000,275.000,700.000,700.000,725.000,-1,-1,2,0,2,0,2,0,0,0,0,0,0,0,1,0,0,2,2
137,248.635,-553.602,-116.296,-89.713,0.005324,0.999964,0.006576,-0.998837,0.005003,0.047963,0.047928,-0.006824,0.998827,0,-0.36686,0.59760,-22.012,1.195,-1,375.000,-1,375.000,-1,325.000,325.000,300.000,300.000,975.000,325.000,275.000,700.000,700.000,725.000,-1,-1,2,0,2,0,2,0,0,0,0,0,0,0,1,0,0,2,2
138,248.065,-531.564,-116.877,-88.520,0.026148,0.999639,0.006221,-0.998610,0.025836,0.045941,0.045763,-0.007414,0.998925,0,-0.36741,0.59691,-22.045,1.194,-1,375.000,-1,375.000,-1,325.000,325.000,300.000,300.000,950.000,325.000,300.000,675.000,700.000,725.000,-1,-1,2,0,2,0,2,0,0,0,0,0,0,0,1,0,0,2,2
