timestep,x_cm,y_cm,z_cm,yaw_deg,basis_xx,basis_xy,basis_xz,basis_yx,basis_yy,basis_yz,basis_zx,basis_zy,basis_zz,teleport_flag,throttle_cmd,steering_cmd,cmd_move_cm,cmd_turn_deg,lidar_cm_0,lidar_cm_1,lidar_cm_2,lidar_cm_3,lidar_cm_4,lidar_cm_5,lidar_cm_6,lidar_cm_7,lidar_cm_8,lidar_cm_9,lidar_cm_10,lidar_cm_11,lidar_cm_12,lidar_cm_13,lidar_cm_14,lidar_cm_15,lidar_cm_16,lidar_class_0,lidar_class_1,lidar_class_2,lidar_class_3,lidar_class_4,lidar_class_5,lidar_class_6,lidar_class_7,lidar_class_8,lidar_class_9,lidar_class_10,lidar_class_11,lidar_class_12,lidar_class_13,lidar_class_14,lidar_class_15,lidar_class_16
0,-1422.701,4779.359,83.869,-115.248,-0.427465,0.903624,-0.027168,-0.890804,-0.426142,-0.157709,-0.154087,-0.043214,0.987112,1,0.08000,0.12000,4.800,0.240,-1,-1,-1,375.000,450.000,-1,-1,225.000,225.000,-1,-1,-1,-1,-1,-1,-1,-1,2,2,2,1,1,2,2,1,0,2,2,2,2,2,2,2,2
1,-1426.724,4770.642,82.543,-114.768,-0.419770,0.907207,-0.027705,-0.894124,-0.418578,-0.159171,-0.155998,-0.042043,0.986862,0,0.16000,0.24000,9.600,0.480,-1,-1,-1,375.000,450.000,-1,-1,225.000,225.000,-1,-1,-1,-1,-1,-1,-1,-1,2,2,2,1,1,2,2,1,0,2,2,2,2,2,2,2,2
2,-1432.593,4757.492,80.552,-114.048,-0.408168,0.912462,-0.028477,-0.898982,-0.407174,-0.161368,-0.158837,-0.040265,0.986483,0,0.24000,0.36000,14.400,0.720,-1,-1,-1,825.000,425.000,-1,-1,225.000,225.000,-1,-1,-1,-1,-1,-1,-1,-1,2,2,2,1,1,2,2,1,1,2,2,2,2,2,2,2,2
3,-4263.624,-9511.015,-76.299,97.784,-0.146105,-0.983494,-0.106739,0.984869,-0.134441,-0.109356,0.093201,-0.121102,0.988255,1,0.00000,0.00000,19.200,0.960,-1,-1,-1,325.000,0.000,600.000,225.000,250.000,75.000,150.000,0.000,-1,-1,-1,-1,-1,0.000,2,2,2,0,0,1,1,1,0,1,1,2,2,2,2,2,0
4,6231.278,-328.019,-163.466,129.455,-0.642226,-0.764556,0.054760,0.762098,-0.629236,0.152540,-0.082168,0.139698,0.986779,1,0.00000,0.00000,4.800,-0.240,-1,350.000,-1,250.000,125.000,275.000,225.000,300.000,225.000,300.000,-1,-1,-1,575.000,350.000,-1,150.000,2,0,2,0,0,0,0,1,0,1,2,2,2,0,0,2,0
5,4922.710,-324.404,-171.781,47.764,0.672690,-0.739869,0.009069,0.739406,0.671709,-0.045674,0.027701,0.037431,0.998915,1,0.08000,0.12000,4.800,0.240,-1,400.000,-1,400.000,-1,325.000,325.000,325.000,175.000,-1,-1,-1,-1,900.000,850.000,-1,-1,2,0,2,0,2,0,0,0,1,2,2,2,2,0,0,2,2
6,4929.124,-317.261,-171.536,48.083,0.668567,-0.743594,0.009292,0.743139,0.667590,-0.045476,0.027612,0.037308,0.998922,0,0.16000,0.15921,9.600,0.318,-1,400.000,-1,400.000,-1,325.000,325.000,325.000,175.000,-1,-1,-1,-1,900.000,850.000,-1,-1,2,0,2,0,2,0,0,0,1,2,2,2,2,0,0,2,2
7,4938.684,-306.492,-171.170,48.401,0.664419,-0.747299,0.009604,0.746859,0.663448,-0.045148,0.027368,0.037170,0.998934,0,0.24000,0.15931,14.400,0.319,-1,400.000,-1,400.000,-1,325.000,325.000,325.000,175.000,-1,-1,-1,-1,900.000,850.000,-1,-1,2,0,2,0,2,0,0,0,1,2,2,2,2,0,0,2,2
8,4951.351,-292.064,-170.421,48.720,0.660217,-0.751011,0.009797,0.750617,0.659304,-0.043500,0.026209,0.036073,0.999005,0,0.32000,0.15950,19.200,0.319,-1,400.000,-1,400.000,-1,325.000,325.000,325.000,175.000,-1,-1,-1,-1,875.000,850.000,-1,-1,2,0,2,0,2,0,0,0,1,2,2,2,2,0,0,2,2
9,4967.085,-273.941,-168.916,49.040,0.655925,-0.754766,0.009547,0.754474,0.655180,-0.038842,0.023061,0.032680,0.999200,0,0.40000,0.15983,24.000,0.320,-1,400.000,-1,400.000,-1,325.000,325.000,325.000,200.000,-1,-1,-1,-1,850.000,850.000,-1,-1,2,0,2,0,2,0,0,0,1,2,2,2,2,0,0,2,2
10,4985.844,-252.088,-167.264,49.361,0.651604,-0.758502,0.009349,0.758303,0.651014,-0.034005,0.019707,0.029247,0.999378,0,0.48000,0.16035,28.800,0.321,-1,400.000,-1,400.000,-1,325.000,325.000,300.000,200.000,-1,-1,-1,-1,850.000,825.000,-1,-1,2,0,2,0,2,0,0,0,1,2,2,2,2,0,0,2,2
11,5007.584,-226.470,-165.535,49.683,0.647253,-0.762219,0.009247,0.762100,0.646795,-0.029318,0.016366,0.026023,0.999527,0,0.56000,0.16113,33.600,0.322,-1,400.000,-1,400.000,-1,325.000,325.000,300.000,225.000,-1,-1,-1,-1,825.000,825.000,-1,-1,2,0,2,0,2,0,0,0,1,2,2,2,2,0,0,2,2
12,5032.264,-197.052,-163.809,50.008,0.642867,-0.765922,0.009309,0.765863,0.642511,-0.025160,0.013289,0.023304,0.999640,0,0.64000,0.16224,38.400,0.324,-1,375.000,-1,400.000,-1,325.000,325.000,300.000,225.000,-1,-1,-1,-1,800.000,850.000,-1,-1,2,0,2,0,2,0,0,0,1,2,2,2,2,0,0,2,2
13,5059.839,-163.797,-162.175,50.335,0.638436,-0.769614,0.009630,0.769600,0.638149,-0.021956,0.010753,0.021429,0.999713,0,0.72000,0.16377,43.200,0.328,-1,375.000,-1,400.000,-1,325.000,325.000,300.000,250.000,-1,-1,-1,-1,800.000,850.000,-1,-1,2,0,2,0,2,0,0,0,1,2,2,2,2,0,0,2,2
14,5090.037,-126.947,-160.742,50.667,0.633949,-0.773306,0.010316,0.773321,0.633693,-0.020187,0.009074,0.020775,0.999743,0,0.79405,0.16581,47.643,0.332,-1,400.000,-1,400.000,-1,325.000,325.000,300.000,275.000,-1,-1,-1,-1,800.000,850.000,-1,-1,2,0,2,0,2,0,0,0,1,2,2,2,2,0,0,2,2
15,5119.749,-90.250,-159.713,51.004,0.629390,-0.777007,0.011326,0.777043,0.629127,-0.020098,0.008491,0.021450,0.999734,0,0.78695,0.16842,47.217,0.337,-1,400.000,-1,400.000,-1,325.000,325.000,300.000,300.000,-1,-1,-1,550.000,800.000,875.000,-1,-1,2,0,2,0,2,0,0,0,1,2,2,2,1,0,0,2,2
16,5149.003,-53.674,-159.228,51.346,0.624740,-0.780733,0.012503,0.780787,0.624449,-0.020859,0.008478,0.022794,0.999704,0,0.78060,0.17137,46.836,0.343,-1,400.000,-1,400.000,-1,325.000,325.000,300.000,325.000,-1,-1,-1,500.000,825.000,875.000,-1,-1,2,0,2,0,2,0,0,0,1,2,2,2,1,0,0,2,2
17,5177.826,-17.183,-159.124,51.696,0.620001,-0.784475,0.014040,0.784543,0.619639,-0.023226,0.009520,0.025415,0.999632,0,0.77502,0.17463,46.501,0.349,-1,400.000,-1,400.000,-1,325.000,325.000,300.000,350.000,-1,-1,-1,450.000,850.000,900.000,-1,-1,2,0,2,0,2,0,0,0,1,2,2,2,1,0,0,2,2
18,5206.242,19.260,-159.452,52.052,0.615172,-0.788226,0.016243,0.788310,0.614678,-0.027157,0.011421,0.029511,0.999499,0,0.77020,0.17819,46.212,0.356,-1,400.000,-1,400.000,-1,325.000,325.000,300.000,325.000,-1,-1,-1,425.000,900.000,900.000,-1,-1,2,0,2,0,2,0,0,0,0,2,2,2,1,0,0,2,2
19,5234.277,55.689,-160.157,52.416,0.610257,-0.791978,0.018905,0.792074,0.609553,-0.032621,0.014312,0.034881,0.999289,0,0.76612,0.18201,45.967,0.364,-1,425.000,-1,425.000,-1,325.000,325.000,300.000,325.000,-1,-1,-1,400.000,975.000,925.000,-1,-1,2,0,2,0,2,0,0,0,0,2,2,2,1,0,0,2,2
20,5261.953,92.138,-160.335,52.788,0.605165,-0.795823,0.020987,0.795947,0.604322,-0.035543,0.015603,0.038214,0.999148,0,0.76277,0.18608,45.766,0.372,-1,425.000,-1,425.000,-1,350.000,325.000,300.000,325.000,-1,-1,-1,400.000,1000.000,925.000,-1,-1,2,0,2,0,2,0,0,0,0,2,2,2,1,0,0,2,2
21,5290.415,129.799,-159.591,52.920,0.603291,-0.797217,0.022049,0.797400,0.602486,-0.034109,0.013908,0.038160,0.999175,0,0.78677,0.06608,47.206,0.132,-1,425.000,-1,425.000,-1,350.000,350.000,300.000,325.000,-1,-1,-1,425.000,-1,925.000,-1,-1,2,0,2,0,2,0,0,0,0,2,2,2,1,2,0,2,2
22,5318.890,167.330,-158.875,52.812,0.604745,-0.796084,0.023104,0.796329,0.603987,-0.032540,0.011950,0.038077,0.999203,0,0.78517,-0.05392,47.110,-0.108,-1,425.000,-1,425.000,-1,350.000,350.000,300.000,325.000,-1,-1,-1,450.000,-1,925.000,-1,-1,2,0,2,0,2,0,0,0,0,2,2,2,1,2,0,2,2
23,5347.571,204.659,-158.356,52.465,0.609522,-0.792425,0.023350,0.792703,0.608827,-0.030858,0.010237,0.037318,0.999251,0,0.78457,-0.17392,47.074,-0.348,-1,425.000,-1,425.000,-1,350.000,350.000,300.000,325.000,-1,-1,-1,475.000,-1,925.000,-1,-1,2,0,2,0,2,0,0,0,0,2,2,2,1,2,0,2,2
24,5376.643,241.704,-158.176,51.877,0.617564,-0.786145,0.024290,0.786481,0.616931,-0.029031,0.007837,0.037032,0.999283,0,0.78485,-0.29392,47.091,-0.588,-1,425.000,-1,425.000,-1,350.000,350.000,300.000,325.000,-1,-1,-1,500.000,-1,925.000,-1,-1,2,0,2,0,2,0,0,0,0,2,2,2,1,2,0,2,2
25,5406.196,278.446,-158.217,51.188,0.626895,-0.778666,0.026125,0.779090,0.626327,-0.027097,0.004737,0.037340,0.999291,0,0.78587,-0.34427,47.152,-0.689,-1,425.000,-1,425.000,-1,350.000,350.000,300.000,300.000,-1,-1,-1,550.000,-1,900.000,-1,-1,2,0,2,0,2,0,0,0,0,2,2,2,1,2,0,2,2
26,5436.239,314.903,-158.311,50.510,0.635986,-0.771190,0.028049,0.771699,0.635493,-0.025088,0.001522,0.037601,0.999292,0,0.78735,-0.33910,47.241,-0.678,-1,425.000,-1,425.000,-1,350.000,350.000,300.000,300.000,-1,-1,-1,575.000,-1,875.000,-1,-1,2,0,2,0,2,0,0,0,0,2,2,2,1,2,0,2,2
27,5466.771,351.086,-158.459,49.842,0.644839,-0.763727,0.030067,0.764316,0.644431,-0.023004,-0.001807,0.037815,0.999283,0,0.78906,-0.33383,47.343,-0.668,-1,425.000,-1,425.000,-1,350.000,350.000,300.000,300.000,-1,-1,-1,600.000,-1,875.000,-1,-1,2,0,2,0,2,0,0,0,0,2,2,2,1,2,0,2,2
28,5497.791,387.005,-158.659,49.185,0.653453,-0.756283,0.032181,0.756949,0.653141,-0.020846,-0.005253,0.037981,0.999265,0,0.79099,-0.32847,47.459,-0.657,-1,425.000,-1,425.000,-1,350.000,350.000,300.000,300.000,-1,-1,-1,625.000,-1,850.000,-1,-1,2,0,2,0,2,0,0,0,0,2,2,2,1,2,0,2,2
29,5529.300,422.668,-159.084,48.539,0.661850,-0.748887,0.033504,0.749590,0.661641,-0.018571,-0.008260,0.037406,0.999266,0,0.79313,-0.32302,47.588,-0.646,-1,425.000,-1,425.000,-1,350.000,350.000,300.000,300.000,-1,-1,-1,675.000,-1,825.000,-1,-1,2,0,2,0,2,0,0,0,0,2,2,2,1,2,0,2,2
30,5561.295,458.082,-159.622,47.904,0.670023,-0.741532,0.034642,0.742256,0.669922,-0.016167,-0.011219,0.036546,0.999269,0,0.79546,-0.31749,47.727,-0.635,-1,425.000,-1,425.000,-1,350.000,350.000,300.000,300.000,-1,-1,-1,700.000,-1,825.000,-1,-1,2,0,2,0,2,0,0,0,0,2,2,2,1,2,0,2,2
31,5593.777,493.257,-160.265,47.281,0.677965,-0.734225,0.035743,0.734955,0.677982,-0.013506,-0.014317,0.035426,0.999270,0,0.79797,-0.31188,47.878,-0.624,-1,425.000,-1,425.000,-1,350.000,325.000,300.000,300.000,-1,-1,-1,750.000,-1,800.000,-1,-1,2,0,2,0,2,0,0,0,0,2,2,2,1,2,0,2,2
32,5626.743,528.200,-161.004,46.668,0.685684,-0.726966,0.036854,0.727692,0.685818,-0.010881,-0.017365,0.034279,0.999261,0,0.80064,-0.30619,48.039,-0.612,-1,425.000,-1,425.000,-1,350.000,325.000,300.000,300.000,-1,-1,-1,775.000,-1,800.000,-1,-1,2,0,2,0,2,0,0,0,0,2,2,2,1,2,0,2,2
33,5660.191,562.917,-161.866,46.067,0.693182,-0.719760,0.037987,0.720476,0.693429,-0.008394,-0.020299,0.033187,0.999243,0,0.80348,-0.30042,48.209,-0.601,-1,425.000,-1,400.000,-1,350.000,325.000,300.000,300.000,-1,-1,-1,825.000,-1,800.000,-1,-1,2,0,2,0,2,0,0,0,0,2,2,2,1,2,0,2,2
34,5694.120,597.416,-162.983,45.478,0.700448,-0.712637,0.038997,0.713305,0.700837,-0.004894,-0.023843,0.031245,0.999227,0,0.80646,-0.29457,48.388,-0.589,-1,425.000,-1,400.000,-1,350.000,325.000,300.000,300.000,-1,-1,-1,875.000,-1,775.000,-1,-1,2,0,2,0,2,0,0,0,0,2,2,2,1,2,0,2,2
35,5728.528,631.704,-164.179,44.901,0.707496,-0.705583,0.040016,0.706185,0.708026,-0.001303,-0.027413,0.029181,0.999198,0,0.80958,-0.28865,48.575,-0.577,-1,425.000,-1,400.000,-1,350.000,325.000,300.000,300.000,-1,-1,-1,925.000,975.000,750.000,-1,-1,2,0,2,0,2,0,0,0,0,2,2,2,1,0,0,2,2
36,5763.412,665.788,-165.454,44.336,0.714328,-0.698606,0.041042,0.699124,0.714997,0.002381,-0.031008,0.026993,0.999155,0,0.81284,-0.28266,48.770,-0.565,-1,425.000,-1,400.000,-1,350.000,325.000,300.000,300.000,-1,-1,-1,975.000,950.000,750.000,-1,-1,2,0,2,0,2,0,0,0,0,2,2,2,1,0,0,2,2
37,5798.770,699.673,-166.808,43.782,0.720947,-0.691712,0.042077,0.692125,0.721752,0.006161,-0.034631,0.024681,0.999095,0,0.81622,-0.27660,48.973,-0.553,-1,425.000,-1,375.000,-1,350.000,325.000,300.000,300.000,-1,-1,-1,-1,925.000,725.000,-1,-1,2,0,2,0,2,0,0,0,0,2,2,2,2,0,0,2,2
38,5834.600,733.367,-168.284,43.242,0.727368,-0.684904,0.042914,0.685202,0.728289,0.009636,-0.037853,0.022396,0.999032,0,0.81972,-0.27046,49.183,-0.541,-1,425.000,-1,375.000,-1,350.000,325.000,300.000,300.000,-1,-1,-1,-1,900.000,725.000,-1,-1,2,0,2,0,2,0,0,0,0,2,2,2,2,0,0,2,2
39,5870.897,766.876,-169.969,42.713,0.733637,-0.678185,0.042917,0.678391,0.734606,0.011809,-0.039536,0.020451,0.999009,0,0.82334,-0.26426,49.400,-0.529,-1,425.000,-1,375.000,-1,325.000,325.000,300.000,300.000,-1,-1,-1,-1,875.000,700.000,-1,-1,2,0,2,0,2,0,0,0,0,2,2,2,2,0,0,2,2
40,5907.661,800.208,-171.726,42.197,0.739705,-0.671570,0.042787,0.671674,0.740714,0.014053,-0.041131,0.018344,0.998985,0,0.82707,-0.25798,49.624,-0.516,-1,425.000,-1,375.000,-1,325.000,325.000,300.000,300.000,-1,-1,-1,-1,875.000,700.000,-1,-1,2,0,2,0,2,0,0,0,0,2,2,2,2,0,0,2,2
41,5945.489,833.903,-173.584,41.693,0.745581,-0.665058,0.042516,0.665049,0.746620,0.016410,-0.042657,0.016040,0.998961,0,0.84431,-0.25189,50.659,-0.504,-1,425.000,-1,375.000,-1,325.000,325.000,300.000,300.000,-1,-1,-1,-1,850.000,700.000,-1,-1,2,0,2,0,2,0,0,0,0,2,2,2,2,0,0,2,2
42,5987.071,870.600,-175.688,41.430,0.748646,-0.661638,0.042011,0.661502,0.749701,0.019045,-0.044097,0.013533,0.998936,0,0.92431,-0.13189,55.459,-0.264,-1,425.000,-1,375.000,-1,325.000,325.000,300.000,300.000,-1,-1,-1,-1,850.000,725.000,-1,-1,2,0,2,0,2,0,0,0,0,2,2,2,2,0,1,2,2
43,6029.165,907.719,-177.918,41.406,0.748952,-0.661348,0.041104,0.661079,0.750000,0.021786,-0.045236,0.010856,0.998917,0,0.93537,-0.01189,56.122,-0.024,-1,400.000,-1,375.000,-1,325.000,325.000,300.000,300.000,-1,-1,-1,-1,825.000,800.000,-1,-1,2,0,2,0,2,0,0,0,0,2,2,2,2,0,1,2,2
44,6071.420,945.263,-180.225,41.622,0.746495,-0.664191,0.039943,0.663787,0.747518,0.024570,-0.046177,0.008172,0.998900,0,0.94208,0.10811,56.525,0.216,-1,400.000,-1,375.000,-1,325.000,325.000,300.000,300.000,-1,-1,-1,-1,825.000,-1,-1,-1,2,0,2,0,2,0,0,0,0,2,2,2,2,0,2,2,2
45,6113.687,983.388,-182.844,42.050,0.741507,-0.669769,0.039715,0.669248,0.742542,0.027174,-0.047690,0.006430,0.998841,0,0.94868,0.21415,56.921,0.428,-1,400.000,-1,375.000,-1,325.000,300.000,300.000,300.000,-1,-1,-1,-1,800.000,-1,-1,-1,2,0,2,0,2,0,0,0,0,2,2,2,2,0,2,2,2
46,6155.957,1022.083,-185.694,42.472,0.736590,-0.675217,0.038941,0.674569,0.737606,0.029891,-0.048906,0.004251,0.998794,0,0.95510,0.21061,57.306,0.421,-1,400.000,-1,375.000,-1,325.000,300.000,300.000,300.000,-1,-1,-1,-1,800.000,-1,-1,-1,2,0,2,0,2,0,0,0,0,2,2,2,2,0,2,2,2
47,6198.224,1061.339,-188.432,42.885,0.731754,-0.680526,0.037681,0.679812,0.732719,0.031292,-0.048905,0.002717,0.998800,0,0.96141,0.20672,57.684,0.413,-1,400.000,-1,375.000,-1,325.000,300.000,300.000,300.000,-1,-1,-1,-1,800.000,-1,-1,-1,2,0,2,0,2,0,0,0,0,2,2,2,2,0,2,2,2
48,6240.480,1101.145,-190.999,43.290,0.726987,-0.685688,0.036348,0.684972,0.727892,0.031399,-0.047988,0.002071,0.998846,0,0.96756,0.20246,58.054,0.405,-1,400.000,-1,375.000,-1,325.000,300.000,300.000,300.000,-1,-1,-1,-1,800.000,-1,-1,-1,2,0,2,0,2,0,0,0,0,2,2,2,2,0,2,2,2
49,6282.720,1141.490,-193.616,43.685,0.722303,-0.690698,0.034863,0.689986,0.723142,0.031375,-0.046882,0.001393,0.998899,0,0.97353,0.19778,58.412,0.396,-1,400.000,-1,375.000,-1,325.000,300.000,300.000,300.000,-1,-1,-1,-1,825.000,-1,-1,-1,2,0,2,1,2,0,0,0,0,2,2,2,2,0,2,2,2
50,6324.936,1182.359,-196.058,44.071,0.717718,-0.695546,0.033121,0.694796,0.718482,0.032281,-0.046249,-0.000156,0.998930,0,0.97928,0.19266,58.757,0.385,-1,400.000,-1,400.000,-1,325.000,300.000,300.000,300.000,-1,-1,-1,-1,825.000,-1,-1,-1,2,0,2,1,2,0,0,0,0,2,2,2,2,0,2,2,2
51,6367.119,1223.732,-198.465,44.445,0.713247,-0.700220,0.031150,0.699416,0.713923,0.033628,-0.045785,-0.002198,0.998949,0,0.98476,0.18704,59.086,0.374,-1,400.000,-1,475.000,-1,325.000,300.000,300.000,300.000,-1,-1,-1,-1,-1,-1,-1,-1,2,0,2,1,2,0,0,0,0,2,2,2,2,2,2,2,2
52,6409.259,1265.589,-201.062,44.807,0.708911,-0.704707,0.028885,0.703810,0.709480,0.035913,-0.045801,-0.005130,0.998937,0,0.98993,0.18089,59.396,0.362,-1,400.000,-1,-1,-1,325.000,300.000,300.000,300.000,-1,-1,-1,-1,-1,-1,-1,-1,2,0,2,2,2,0,0,0,0,2,2,2,2,2,2,2,2
53,6451.346,1307.905,-203.689,45.155,0.704723,-0.708991,0.026403,0.708004,0.705169,0.038302,-0.045774,-0.008299,0.998917,0,0.99470,0.17414,59.682,0.348,-1,400.000,-1,-1,-1,325.000,375.000,300.000,300.000,-1,-1,-1,-1,-1,-1,-1,-1,2,0,2,2,2,0,1,0,0,2,2,2,2,2,2,2,2
54,6493.367,1350.650,-206.697,45.488,0.700635,-0.713069,0.025368,0.711987,0.701017,0.040616,-0.046745,-0.010396,0.998853,0,0.99902,0.16673,59.941,0.333,-1,400.000,-1,-1,-1,325.000,-1,300.000,300.000,-1,-1,-1,-1,-1,-1,-1,-1,2,0,2,2,2,0,2,0,1,2,2,2,2,2,2,2,2
55,6535.194,1393.669,-211.380,45.806,0.696391,-0.716962,0.031688,0.715762,0.697081,0.041979,-0.052186,-0.006553,0.998616,0,1.00000,0.15859,60.000,0.317,-1,400.000,-1,-1,-1,350.000,-1,325.000,300.000,-1,-1,-1,-1,-1,-1,-1,-1,2,0,2,2,2,1,2,0,1,2,2,2,2,2,2,2,2
56,6576.796,1436.905,-216.724,46.105,0.692194,-0.720610,0.039864,0.719371,0.693341,0.042234,-0.058074,-0.000557,0.998312,0,1.00000,0.14968,60.000,0.299,-1,375.000,-1,-1,-1,-1,-1,325.000,275.000,-1,-1,-1,-1,-1,-1,-1,-1,2,1,2,2,2,2,2,0,1,2,2,2,2,2,2,2,2
57,6618.186,1480.345,-222.490,46.385,0.688034,-0.723971,0.049756,0.722754,0.689798,0.042497,-0.065088,0.006722,0.997857,0,1.00000,0.13991,60.000,0.280,-1,975.000,-1,-1,-1,-1,-1,325.000,275.000,-1,-1,-1,-1,-1,-1,-1,-1,2,1,2,2,2,2,2,0,1,2,2,2,2,2,2,2,2
58,6659.380,1523.971,-228.521,46.643,0.683820,-0.726999,0.062154,0.725917,0.686455,0.042711,-0.073717,0.015912,0.997152,0,1.00000,0.12919,60.000,0.258,-1,-1,-1,-1,-1,-1,-1,350.000,250.000,-1,-1,-1,-1,-1,-1,-1,-1,2,2,2,2,2,2,2,0,1,2,2,2,2,2,2,2,2
59,6700.395,1567.767,-234.572,46.878,0.679364,-0.729612,0.078301,0.728895,0.683287,0.042781,-0.084715,0.028010,0.996011,0,1.00000,0.11742,60.000,0.235,-1,-1,-1,-1,-1,-1,-1,350.000,250.000,-1,-1,-1,-1,-1,-1,-1,-1,2,2,2,2,2,2,2,0,1,2,2,2,2,2,2,2,2
60,6741.248,1611.715,-242.654,47.087,0.673792,-0.731553,0.104086,0.731888,0.680113,0.042258,-0.101704,0.047707,0.993670,0,1.00000,0.10450,60.000,0.209,-1,-1,-1,-1,-1,-1,-1,375.000,225.000,-1,-1,-1,-1,-1,-1,-1,-1,2,2,2,2,2,2,2,0,1,2,2,2,2,2,2,2,2
61,2295.763,3607.626,-32.350,-65.321,0.417395,0.908662,0.010752,-0.908404,0.417533,-0.021649,-0.024161,-0.000731,0.999708,1,0.00000,0.00000,60.000,0.181,-1,400.000,-1,400.000,625.000,325.000,325.000,300.000,325.000,-1,650.000,675.000,-1,750.000,825.000,-1,-1,2,0,2,0,1,0,0,0,0,2,0,0,2,0,0,2,2
62,2297.749,3603.257,-32.470,-65.561,0.413584,0.910403,0.010732,-0.910145,0.413723,-0.021675,-0.024173,-0.000804,0.999707,0,0.08000,-0.12000,4.800,-0.240,-1,400.000,-1,400.000,625.000,325.000,325.000,300.000,325.000,-1,675.000,675.000,-1,750.000,825.000,-1,-1,2,0,2,0,1,0,0,0,0,2,0,0,2,0,0,2,2
63,2301.647,3594.484,-32.708,-66.041,0.405942,0.913836,0.010692,-0.913579,0.406081,-0.021728,-0.024198,-0.000948,0.999707,0,0.16000,-0.24000,9.600,-0.480,-1,400.000,-1,400.000,625.000,325.000,325.000,300.000,325.000,-1,675.000,675.000,-1,750.000,825.000,-1,-1,2,0,2,0,1,0,0,0,0,2,0,0,2,0,0,2,2
64,2307.329,3581.252,-33.063,-66.761,0.394424,0.918867,0.010627,-0.918609,0.394566,-0.021812,-0.024235,-0.001159,0.999706,0,0.24000,-0.36000,14.400,-0.720,-1,400.000,-1,400.000,600.000,325.000,325.000,300.000,325.000,-1,700.000,700.000,-1,750.000,825.000,-1,-1,2,0,2,0,1,0,0,0,0,2,0,0,2,0,0,2,2
65,2314.608,3563.485,-33.535,-67.721,0.378972,0.925348,0.010531,-0.925089,0.379115,-0.021931,-0.024286,-0.001431,0.999704,0,0.32000,-0.48000,19.200,-0.960,-1,400.000,-1,400.000,575.000,325.000,325.000,300.000,325.000,-1,725.000,725.000,-1,750.000,825.000,-1,-1,2,0,2,0,1,0,0,0,0,2,0,0,2,0,0,2,2
66,2323.240,3541.091,-34.121,-68.921,0.359507,0.933084,0.010398,-0.932825,0.359653,-0.022092,-0.024353,-0.001758,0.999702,0,0.40000,-0.60000,24.000,-1.200,-1,400.000,-1,400.000,550.000,325.000,325.000,300.000,325.000,-1,750.000,750.000,-1,750.000,825.000,-1,-1,2,0,2,0,1,0,0,0,0,2,0,0,2,0,0,2,2
67,2332.919,3513.967,-34.818,-70.361,0.335942,0.941827,0.010219,-0.941566,0.336091,-0.022302,-0.024439,-0.002130,0.999699,0,0.48000,-0.72000,28.800,-1.440,-1,400.000,-1,400.000,525.000,325.000,325.000,300.000,325.000,-1,775.000,775.000,-1,750.000,825.000,-1,1000.000,2,0,2,0,1,0,0,0,0,2,0,0,2,0,0,2,1
68,2343.279,3482.004,-35.623,-72.041,0.308183,0.951275,0.009982,-0.951010,0.308334,-0.022571,-0.024549,-0.002537,0.999695,0,0.56000,-0.84000,33.600,-1.680,-1,400.000,-1,400.000,475.000,325.000,325.000,300.000,325.000,-1,825.000,825.000,-1,750.000,825.000,-1,925.000,2,0,2,0,1,0,0,0,0,2,0,0,2,0,0,2,1
69,2354.010,3445.133,-36.529,-73.773,0.279294,0.960157,0.009690,-0.959888,0.279447,-0.022891,-0.024687,-0.002908,0.999691,0,0.64000,-0.86583,38.400,-1.732,-1,400.000,-1,400.000,450.000,325.000,325.000,300.000,325.000,-1,900.000,875.000,-1,750.000,850.000,-1,825.000,2,0,2,0,1,0,0,0,0,2,0,0,2,0,1,2,1
70,2364.816,3403.307,-37.530,-75.514,0.249987,0.968204,0.009342,-0.967930,0.250140,-0.023264,-0.024861,-0.003227,0.999686,0,0.72000,-0.87068,43.200,-1.741,-1,400.000,-1,400.000,400.000,325.000,325.000,300.000,325.000,-1,950.000,925.000,-1,750.000,800.000,-1,650.000,2,0,2,0,1,0,0,0,0,2,0,0,2,0,1,2,1
71,2375.395,3356.487,-38.625,-77.269,0.220228,0.975408,0.008930,-0.975126,0.220381,-0.023700,-0.025085,-0.003488,0.999679,0,0.80000,-0.87720,48.000,-1.754,-1,400.000,-1,400.000,375.000,325.000,325.000,300.000,325.000,-1,-1,1000.000,-1,750.000,750.000,-1,525.000,2,0,2,0,1,0,0,0,0,2,2,0,2,0,1,2,1
72,2385.145,3306.142,-39.614,-79.039,0.189973,0.981749,0.008859,-0.981488,0.190131,-0.023066,-0.024330,-0.004313,0.999695,0,0.85466,-0.88549,51.280,-1.771,-1,400.000,-1,425.000,325.000,325.000,325.000,300.000,325.000,-1,-1,-1,-1,775.000,700.000,-1,450.000,2,0,2,0,1,0,0,0,0,2,2,2,2,0,1,2,1
73,2393.390,3255.069,-39.791,-80.830,0.159165,0.987186,0.011388,-0.987027,0.159365,-0.019508,-0.021073,-0.008136,0.999745,0,0.86224,-0.89509,51.735,-1.790,-1,400.000,-1,425.000,300.000,325.000,350.000,300.000,325.000,-1,-1,-1,-1,775.000,675.000,-1,425.000,2,0,2,0,1,0,0,0,0,2,2,2,2,1,1,2,1
74,2400.076,3203.314,-40.016,-82.640,0.127859,0.991673,0.015357,-0.991637,0.128098,-0.015739,-0.017575,-0.013216,0.999758,0,0.86977,-0.90500,52.186,-1.810,-1,425.000,-1,425.000,275.000,350.000,350.000,300.000,350.000,-1,1000.000,975.000,-1,775.000,625.000,-1,375.000,2,0,2,1,1,0,0,0,0,2,0,0,2,1,1,2,1
75,2405.149,3150.927,-40.127,-84.470,0.096088,0.995159,0.020625,-0.995278,0.096345,-0.011840,-0.013770,-0.019390,0.999717,0,0.87719,-0.91527,52.631,-1.831,-1,425.000,950.000,425.000,250.000,350.000,375.000,300.000,350.000,-1,925.000,950.000,-1,750.000,575.000,-1,325.000,2,0,1,1,1,0,0,0,0,2,0,0,2,1,1,2,1
76,2408.556,3097.969,-39.970,-86.322,0.063900,0.997589,0.027084,-0.997914,0.064124,-0.007509,-0.009228,-0.026548,0.999605,0,0.88447,-0.92595,53.068,-1.852,-1,450.000,875.000,400.000,225.000,375.000,375.000,300.000,375.000,-1,850.000,900.000,-1,725.000,525.000,-1,300.000,2,0,1,1,1,0,0,0,0,2,0,0,2,1,1,2,1
77,2410.242,3044.503,-39.478,-88.196,0.031343,0.998894,0.035059,-0.999502,0.031455,-0.002649,-0.003749,-0.034958,0.999382,0,0.89154,-0.93711,53.493,-1.874,-1,450.000,800.000,375.000,200.000,375.000,400.000,275.000,400.000,-1,450.000,650.000,-1,675.000,500.000,-1,275.000,2,0,1,1,1,0,0,0,0,2,0,0,2,1,1,2,1
78,2410.158,2990.601,-38.585,-90.094,-0.001511,0.998990,0.044903,-0.999995,-0.001638,0.002797,0.002868,-0.044899,0.998987,0,0.89836,-0.94880,53.901,-1.898,-1,450.000,750.000,375.000,200.000,400.000,425.000,275.000,425.000,-1,275.000,450.000,-1,650.000,450.000,-1,250.000,2,1,1,1,1,0,1,0,1,2,0,0,2,1,1,2,1
79,2408.134,2931.934,-37.173,-91.982,-0.033941,0.997761,0.057622,-0.999360,-0.034534,0.009326,0.011295,-0.057269,0.998295,0,0.97836,-0.94417,58.701,-1.888,-1,425.000,675.000,350.000,175.000,375.000,400.000,275.000,400.000,-1,200.000,350.000,-1,600.000,425.000,-1,225.000,2,1,1,1,1,1,1,0,1,2,0,0,2,1,1,2,1
80,2404.080,2872.351,-35.157,-93.902,-0.066476,0.995087,0.073367,-0.997556,-0.067866,0.016612,0.021509,-0.072084,0.997167,0,0.99533,-0.95966,59.720,-1.919,-1,400.000,625.000,325.000,150.000,350.000,375.000,250.000,350.000,925.000,125.000,300.000,-1,550.000,400.000,-1,200.000,2,1,1,1,1,1,1,0,1,0,0,0,2,1,1,2,1
81,2397.974,2812.661,-32.463,-95.855,-0.098933,0.990782,0.092533,-0.994525,-0.101594,0.024486,0.033661,-0.089604,0.995408,0,1.00000,-0.97650,60.000,-1.953,-1,375.000,575.000,300.000,150.000,325.000,325.000,250.000,350.000,650.000,75.000,250.000,-1,500.000,350.000,-1,175.000,2,1,1,1,1,1,1,0,1,0,0,0,2,1,1,2,1
82,2389.805,2753.216,-29.024,-97.844,-0.131053,0.984619,0.115548,-0.990218,-0.135639,0.032730,0.047899,-0.110128,0.992763,0,1.00000,-0.99449,60.000,-1.989,-1,350.000,525.000,275.000,125.000,300.000,300.000,250.000,325.000,475.000,50.000,225.000,-1,450.000,325.000,625.000,150.000,2,1,1,1,1,1,1,0,1,0,0,0,2,1,1,1,1
83,2379.574,2694.091,-24.792,-99.844,-0.162035,0.976403,0.142767,-0.984687,-0.169419,0.041097,0.064314,-0.133922,0.988903,0,1.00000,-1.00000,60.000,-2.000,-1,325.000,475.000,250.000,125.000,275.000,275.000,225.000,325.000,325.000,25.000,200.000,-1,400.000,325.000,500.000,125.000,2,1,1,1,1,1,1,0,1,0,0,0,2,1,1,1,1
84,2367.272,2635.356,-16.954,-101.844,-0.190539,0.967712,0.165008,-0.977248,-0.202934,0.061680,0.093174,-0.149502,0.984362,0,1.00000,-1.00000,60.000,-2.000,-1,300.000,475.000,250.000,100.000,275.000,250.000,250.000,300.000,275.000,25.000,175.000,-1,375.000,300.000,450.000,125.000,2,1,1,1,1,1,1,0,1,0,0,0,2,1,1,1,1
85,-8199.161,-6231.364,5.086,149.009,-0.857543,-0.514192,0.015082,0.512059,-0.856053,-0.070491,0.049157,-0.052727,0.997398,1,0.00000,0.00000,60.000,-2.000,-1,375.000,-1,350.000,-1,300.000,300.000,300.000,300.000,-1,375.000,475.000,-1,700.000,625.000,-1,-1,2,0,2,0,2,0,0,0,0,2,0,0,2,0,0,2,2
86,-8203.286,-6228.910,5.346,149.249,-0.859693,-0.510588,0.015051,0.508449,-0.858178,-0.070789,0.049060,-0.053204,0.997378,0,0.08000,0.12000,4.800,0.240,-1,375.000,-1,350.000,-1,300.000,300.000,300.000,300.000,-1,375.000,475.000,-1,700.000,625.000,-1,-1,2,0,2,0,2,0,0,0,0,2,0,0,2,0,0,2,2
87,-8211.577,-6224.071,5.862,149.729,-0.863949,-0.503355,0.014999,0.501202,-0.862381,-0.071383,0.048866,-0.054154,0.997336,0,0.16000,0.24000,9.600,0.480,-1,375.000,-1,350.000,-1,300.000,300.000,300.000,300.000,-1,400.000,475.000,-1,700.000,625.000,-1,-1,2,0,2,0,2,0,0,0,0,2,0,0,2,0,0,2,2
88,-8224.104,-6216.970,6.627,150.449,-0.870218,-0.492441,0.014946,0.490267,-0.868571,-0.072271,0.048571,-0.055564,0.997273,0,0.24000,0.36000,14.400,0.720,-1,375.000,-1,350.000,-1,300.000,300.000,300.000,300.000,-1,400.000,500.000,-1,700.000,625.000,-1,-1,2,0,2,0,2,0,0,0,0,2,0,0,2,0,0,2,2
89,-8240.963,-6207.783,7.632,151.409,-0.878359,-0.477769,0.014921,0.475569,-0.876607,-0.073447,0.048170,-0.057416,0.997188,0,0.32000,0.48000,19.200,0.960,-1,375.000,-1,350.000,-1,300.000,300.000,300.000,300.000,-1,425.000,525.000,-1,700.000,625.000,-1,-1,2,0,2,0,2,0,0,0,0,2,0,0,2,0,0,2,2
90,-8262.273,-6196.742,8.863,152.609,-0.888184,-0.459245,0.014960,0.457010,-0.886302,-0.074899,0.047656,-0.059687,0.997079,0,0.40000,0.60000,24.000,1.200,-1,375.000,-1,350.000,-1,300.000,300.000,300.000,300.000,-1,425.000,550.000,-1,700.000,625.000,-1,-1,2,0,2,0,2,0,0,0,0,2,0,0,2,0,0,2,2
91,-8288.169,-6184.141,10.302,154.049,-0.899453,-0.436756,0.015108,0.434480,-0.897417,-0.076609,0.047018,-0.062342,0.996947,0,0.48000,0.72000,28.800,1.440,-1,375.000,-1,350.000,-1,300.000,300.000,300.000,300.000,-1,450.000,575.000,-1,700.000,625.000,-1,-1,2,0,2,0,2,0,0,0,0,2,0,0,2,0,0,2,2
92,-8318.800,-6170.332,11.928,155.729,-0.911875,-0.410179,0.015415,0.407856,-0.909661,-0.078548,0.046241,-0.065339,0.996791,0,0.56000,0.84000,33.600,1.680,-1,375.000,-1,350.000,-1,300.000,300.000,300.000,300.000,-1,475.000,600.000,-1,700.000,625.000,-1,-1,2,0,2,0,2,0,0,0,0,2,0,0,2,0,0,2,2
93,-8354.315,-6155.732,13.712,157.649,-0.925100,-0.379388,0.015932,0.377010,-0.922689,-0.080671,0.045306,-0.068622,0.996613,0,0.64000,0.96000,38.400,1.920,-1,375.000,-1,375.000,-1,300.000,300.000,300.000,300.000,-1,500.000,650.000,-1,700.000,625.000,-1,-1,2,0,2,0,2,0,0,0,0,2,0,0,2,0,0,2,2
94,-8390.734,-6142.226,15.438,159.649,-0.937763,-0.346877,0.016634,0.344446,-0.935157,-0.082698,0.044241,-0.071822,0.996436,0,0.64739,1.00000,38.843,2.000,-1,375.000,-1,350.000,-1,300.000,300.000,300.000,300.000,-1,525.000,700.000,-1,700.000,625.000,-1,-1,2,0,2,0,2,0,0,0,0,2,0,0,2,0,0,2,2
95,-8427.648,-6129.984,17.102,161.649,-0.949275,-0.313962,0.017449,0.311487,-0.946489,-0.084468,0.043035,-0.074748,0.996273,0,0.64821,1.00000,38.892,2.000,-1,375.000,-1,350.000,-1,300.000,300.000,275.000,300.000,-1,575.000,750.000,-1,700.000,625.000,-1,-1,2,0,2,0,2,0,0,0,0,2,0,0,2,0,0,2,2
96,-8465.014,-6119.024,18.712,163.649,-0.959626,-0.280683,0.018328,0.278180,-0.956679,-0.085918,0.041650,-0.077351,0.996134,0,0.64902,1.00000,38.941,2.000,-1,375.000,-1,350.000,-1,300.000,300.000,275.000,300.000,-1,600.000,800.000,-1,725.000,625.000,-1,-1,2,0,2,0,2,0,0,0,0,2,0,0,2,0,0,2,2
97,-8502.787,-6109.362,20.334,165.649,-0.968792,-0.247086,0.019779,0.244534,-0.965742,-0.086866,0.040565,-0.079319,0.996024,0,0.64983,1.00000,38.990,2.000,-1,375.000,-1,350.000,-1,300.000,300.000,275.000,300.000,-1,625.000,850.000,-1,725.000,625.000,-1,-1,2,0,2,0,2,0,0,0,0,2,0,0,2,0,0,2,2
98,-8540.921,-6101.013,21.862,167.649,-0.976775,-0.213201,0.021327,0.210605,-0.973640,-0.087585,0.039438,-0.081059,0.995929,0,0.65064,1.00000,39.038,2.000,-1,400.000,-1,375.000,-1,325.000,300.000,275.000,300.000,-1,675.000,900.000,-1,725.000,650.000,-1,-1,2,0,2,0,2,0,0,0,0,2,0,0,2,0,0,2,2
99,-8579.370,-6093.992,23.375,169.649,-0.983578,-0.179064,0.022591,0.176444,-0.980336,-0.088365,0.037970,-0.082928,0.995832,0,0.65144,1.00000,39.087,2.000,-1,400.000,-1,375.000,-1,325.000,300.000,275.000,300.000,-1,725.000,950.000,-1,725.000,650.000,-1,-1,2,0,2,0,2,0,0,0,0,2,0,0,2,0,0,2,2
100,-8622.764,-6087.439,25.258,171.409,-0.988572,-0.148837,0.023924,0.146140,-0.985149,-0.090141,0.036985,-0.085615,0.995642,0,0.73144,0.88000,43.887,1.760,-1,400.000,-1,375.000,-1,325.000,300.000,275.000,300.000,-1,750.000,-1,-1,725.000,650.000,-1,-1,2,0,2,0,2,0,0,0,0,2,0,2,2,0,0,2,2
101,-8671.079,-6081.449,27.256,172.929,-0.992130,-0.122625,0.025337,0.119830,-0.988525,-0.091972,0.036324,-0.088212,0.995439,0,0.81144,0.76000,48.687,1.520,-1,400.000,-1,375.000,-1,325.000,300.000,275.000,300.000,-1,800.000,975.000,-1,725.000,650.000,-1,-1,2,0,2,0,2,0,0,0,0,2,0,0,2,0,0,2,2
102,-8724.292,-6076.054,29.366,174.209,-0.994577,-0.100489,0.026820,0.097576,-0.990792,-0.093862,0.036005,-0.090736,0.995224,0,0.89144,0.64000,53.487,1.280,-1,400.000,-1,375.000,-1,325.000,300.000,275.000,300.000,-1,825.000,950.000,-1,725.000,650.000,-1,-1,2,0,2,0,2,0,0,0,0,2,0,0,2,0,0,2,2
103,-8779.867,-6071.438,31.494,175.249,-0.996191,-0.082471,0.028311,0.079423,-0.992233,-0.095733,0.035986,-0.093120,0.995004,0,0.92945,0.52000,55.767,1.040,-1,400.000,-1,375.000,-1,325.000,325.000,275.000,300.000,-1,850.000,950.000,-1,700.000,675.000,-1,-1,2,0,2,0,2,0,0,0,0,2,0,0,2,0,0,2,2
104,-8835.403,-6067.823,33.548,176.273,-0.997460,-0.064698,0.029807,0.061517,-0.993334,-0.097488,0.035915,-0.095407,0.994790,0,0.92758,0.51239,55.655,1.025,-1,400.000,-1,375.000,-1,325.000,325.000,275.000,300.000,-1,825.000,900.000,-1,700.000,675.000,-1,-1,2,0,2,0,2,0,0,0,0,2,0,0,2,0,0,2,2
105,-8890.883,-6065.207,35.522,177.298,-0.998408,-0.046922,0.031308,0.043613,-0.994120,-0.099116,0.035774,-0.097593,0.994583,0,0.92570,0.51209,55.542,1.024,-1,400.000,-1,375.000,-1,325.000,325.000,275.000,300.000,-1,800.000,875.000,-1,700.000,675.000,-1,-1,2,0,2,0,2,0,0,0,0,2,0,0,2,0,0,2,2
106,-8946.290,-6063.585,37.415,178.321,-0.999036,-0.029156,0.032811,0.025722,-0.994594,-0.100608,0.035567,-0.099667,0.994385,0,0.92386,0.51162,55.431,1.023,-1,400.000,-1,375.000,-1,325.000,325.000,275.000,300.000,-1,775.000,850.000,-1,700.000,675.000,-1,-1,2,0,2,0,2,0,0,0,0,2,0,0,2,0,0,2,2
107,-9001.609,-6062.953,39.222,179.343,-0.999346,-0.011410,0.034312,0.007857,-0.994758,-0.101954,0.035296,-0.101618,0.994197,0,0.92206,0.51097,55.324,1.022,-1,400.000,-1,375.000,-1,325.000,325.000,275.000,300.000,-1,750.000,850.000,-1,675.000,675.000,-1,-1,2,0,2,0,2,0,0,0,0,2,0,0,2,0,0,2,2
108,-9056.827,-6063.306,40.940,180.363,-0.999339,0.006304,0.035806,-0.009970,-0.994616,-0.103146,0.034963,-0.103435,0.994022,0,0.92033,0.51016,55.220,1.020,-1,400.000,-1,375.000,-1,325.000,325.000,275.000,300.000,-1,725.000,825.000,-1,675.000,675.000,-1,-1,2,0,2,0,2,0,0,0,0,2,0,0,2,0,0,2,2
109,-9111.930,-6064.637,42.566,181.382,-0.999017,0.023976,0.037288,-0.027748,-0.994172,-0.104176,0.034573,-0.105108,0.993860,0,0.91867,0.50917,55.120,1.018,-1,375.000,-1,375.000,-1,325.000,325.000,275.000,300.000,-1,725.000,825.000,-1,675.000,675.000,-1,-1,2,0,2,0,2,0,0,0,0,2,0,0,2,0,0,2,2
110,-9166.905,-6066.940,44.105,182.398,-0.998384,0.041594,0.038731,-0.045463,-0.993426,-0.105063,0.034106,-0.106654,0.993711,0,0.91709,0.50802,55.025,1.016,-1,375.000,-1,375.000,-1,325.000,300.000,275.000,300.000,-1,725.000,825.000,-1,650.000,675.000,-1,-1,2,0,2,0,2,0,0,0,0,2,0,0,2,0,0,2,2
111,-9221.742,-6070.211,46.192,183.411,-0.997436,0.059148,0.040285,-0.063127,-0.992363,-0.105974,0.033709,-0.108246,0.993552,0,0.91559,0.50671,54.935,1.013,-1,375.000,-1,375.000,-1,325.000,325.000,275.000,300.000,-1,725.000,825.000,-1,650.000,700.000,-1,-1,2,0,2,0,2,0,0,0,0,2,0,0,2,0,0,2,2
112,-9278.788,-6074.628,48.659,184.427,-0.996143,0.076731,0.042552,-0.080850,-0.991131,-0.105467,0.034083,-0.108500,0.993512,0,0.95362,0.50795,57.217,1.016,-1,375.000,-1,375.000,-1,325.000,325.000,275.000,300.000,-1,725.000,825.000,-1,650.000,700.000,-1,-1,2,0,2,0,2,0,0,0,0,2,0,0,2,0,0,2,2
113,-9335.669,-6080.052,51.032,185.447,-0.994528,0.094370,0.044805,-0.098623,-0.989590,-0.104806,0.034448,-0.108652,0.993483,0,0.95233,0.51026,57.140,1.021,-1,375.000,-1,375.000,-1,325.000,325.000,275.000,300.000,-1,700.000,825.000,-1,650.000,700.000,-1,-1,2,0,2,0,2,0,0,0,0,2,0,0,2,0,0,2,2
114,-9392.358,-6086.483,53.311,186.472,-0.992588,0.112053,0.047042,-0.116434,-0.987739,-0.103991,0.034813,-0.108698,0.993465,0,0.95090,0.51240,57.054,1.025,-1,375.000,-1,375.000,-1,325.000,325.000,275.000,300.000,-1,675.000,775.000,-1,650.000,725.000,-1,-1,2,0,2,0,2,0,0,0,0,2,0,0,2,0,0,2,2
115,-9448.829,-6093.918,55.495,187.501,-0.990320,0.129769,0.049266,-0.134272,-0.985575,-0.103020,0.035187,-0.108638,0.993458,0,0.94933,0.51435,56.960,1.029,-1,375.000,-1,400.000,-1,325.000,325.000,275.000,300.000,-1,650.000,700.000,-1,650.000,725.000,-1,-1,2,0,2,0,2,0,0,0,0,2,0,0,2,0,0,2,2
116,-9505.056,-6102.355,57.582,188.533,-0.987721,0.147505,0.051477,-0.152125,-0.983095,-0.101891,0.035577,-0.108471,0.993463,0,0.94763,0.51611,56.858,1.032,-1,375.000,-1,400.000,-1,325.000,325.000,275.000,300.000,-1,625.000,675.000,-1,650.000,725.000,-1,-1,2,0,2,0,2,0,0,0,0,2,0,0,2,0,0,2,2
117,-9561.014,-6111.787,59.572,189.568,-0.984790,0.165251,0.053674,-0.169980,-0.980299,-0.100601,0.035992,-0.108195,0.993478,0,0.94581,0.51769,56.749,1.035,-1,375.000,-1,400.000,-1,325.000,325.000,300.000,300.000,-1,600.000,625.000,-1,650.000,725.000,-1,-1,2,0,2,0,2,0,0,0,0,2,0,0,2,0,0,2,2
118,-9616.679,-6122.211,61.463,190.607,-0.981526,0.182992,0.055857,-0.187825,-0.977185,-0.099149,0.036439,-0.107809,0.993504,0,0.94389,0.51908,56.633,1.038,-1,375.000,-1,400.000,-1,325.000,325.000,275.000,300.000,-1,600.000,600.000,-1,650.000,750.000,-1,-1,2,0,2,0,2,0,0,0,0,2,0,0,2,0,0,2,2
119,-9672.027,-6133.619,63.254,191.647,-0.977929,0.200718,0.058026,-0.205649,-0.973754,-0.097531,0.036927,-0.107312,0.993539,0,0.94188,0.52027,56.513,1.041,-1,375.000,-1,400.000,-1,325.000,325.000,275.000,300.000,-1,575.000,575.000,-1,650.000,750.000,-1,-1,2,0,2,0,2,0,0,0,0,2,0,0,2,0,0,2,2
120,-9727.036,-6146.004,64.946,192.690,-0.973998,0.218417,0.060180,-0.223437,-0.970005,-0.095745,0.037462,-0.106702,0.993585,0,0.93979,0.52126,56.387,1.043,-1,375.000,-1,400.000,1000.000,325.000,325.000,275.000,300.000,-1,575.000,500.000,-1,650.000,750.000,-1,-1,2,0,2,0,1,0,0,0,0,2,0,0,2,0,0,2,2
121,-9781.685,-6159.360,66.604,193.734,-0.969745,0.236069,0.062185,-0.241168,-0.965914,-0.094068,0.037859,-0.106219,0.993622,0,0.93764,0.52206,56.258,1.044,-1,375.000,-1,400.000,950.000,325.000,325.000,275.000,300.000,-1,525.000,450.000,-1,650.000,750.000,-1,-1,2,0,2,0,1,0,0,0,0,2,0,0,2,0,1,2,2
122,-9835.953,-6173.677,68.397,194.779,-0.965170,0.253644,0.064130,-0.258846,-0.961419,-0.093127,0.038034,-0.106483,0.993587,0,0.93544,0.52267,56.126,1.045,-1,375.000,-1,400.000,900.000,300.000,325.000,275.000,300.000,-1,500.000,450.000,-1,650.000,725.000,-1,-1,2,0,2,0,1,0,0,0,0,2,0,0,2,0,1,2,2
123,-9889.823,-6188.947,70.144,195.825,-0.960259,0.271145,0.066207,-0.276466,-0.956591,-0.092194,0.038336,-0.106834,0.993538,0,0.93321,0.52308,55.993,1.046,-1,375.000,-1,400.000,850.000,300.000,325.000,275.000,300.000,-1,500.000,425.000,-1,650.000,725.000,-1,-1,2,0,2,0,1,0,0,0,0,2,0,0,2,0,1,2,2
124,-9946.097,-6205.991,72.395,196.852,-0.955216,0.288283,0.066747,-0.293505,-0.951735,-0.089757,0.037650,-0.105327,0.993725,0,0.98000,0.51321,58.800,1.026,-1,375.000,-1,400.000,825.000,300.000,325.000,275.000,300.000,-1,525.000,450.000,-1,650.000,750.000,-1,-1,2,0,2,0,1,0,0,0,0,2,0,0,2,0,1,2,2
125,-10002.033,-6224.045,74.745,197.890,-0.949780,0.305555,0.067491,-0.310677,-0.946554,-0.086686,0.037397,-0.103300,0.993947,0,0.97963,0.51937,58.778,1.039,-1,375.000,-1,400.000,775.000,300.000,325.000,275.000,300.000,-1,550.000,450.000,-1,650.000,775.000,-1,-1,2,0,2,0,1,0,0,0,0,2,0,0,2,0,1,2,2
126,-10057.589,-6243.109,77.043,198.942,-0.943955,0.322934,0.068281,-0.327967,-0.940977,-0.083670,0.037231,-0.101374,0.994151,0,0.97895,0.52562,58.737,1.051,-1,375.000,-1,400.000,750.000,300.000,325.000,275.000,300.000,-1,550.000,475.000,-1,650.000,775.000,-1,-1,2,0,2,0,1,0,0,0,0,2,0,0,2,0,0,2,2
127,-10112.725,-6263.181,79.291,200.006,-0.937732,0.340412,0.069126,-0.345367,-0.934990,-0.080716,0.037155,-0.099563,0.994337,0,0.97796,0.53195,58.677,1.064,-1,375.000,-1,400.000,750.000,300.000,325.000,300.000,300.000,-1,575.000,500.000,-1,675.000,775.000,-1,-1,2,0,2,0,1,0,0,0,0,2,0,0,2,0,0,2,2
128,-10167.401,-6284.257,81.490,201.082,-0.931098,0.357981,0.070036,-0.362869,-0.928584,-0.077830,0.037173,-0.097881,0.994504,0,0.97665,0.53835,58.599,1.077,-1,375.000,-1,400.000,750.000,300.000,325.000,300.000,300.000,-1,600.000,500.000,-1,675.000,800.000,-1,-1,2,0,2,0,1,0,0,0,0,2,0,0,2,0,0,2,2
129,-10221.576,-6306.333,83.641,202.172,-0.924044,0.375631,0.071022,-0.380464,-0.921748,-0.075018,0.037285,-0.096341,0.994650,0,0.97502,0.54479,58.501,1.090,-1,375.000,-1,400.000,800.000,300.000,300.000,300.000,300.000,-1,600.000,525.000,-1,700.000,800.000,-1,-1,2,0,2,0,1,0,0,0,0,2,0,0,2,0,0,2,2
130,-10273.849,-6328.542,85.716,203.021,-0.918283,0.389314,0.072054,-0.394112,-0.916211,-0.072339,0.037854,-0.094825,0.994774,0,0.94660,0.42479,56.796,0.850,-1,375.000,-1,400.000,900.000,300.000,325.000,300.000,300.000,-1,625.000,525.000,-1,700.000,800.000,-1,-1,2,0,2,0,1,0,0,0,0,2,0,0,2,0,0,2,2
131,-10325.736,-6351.243,87.926,203.631,-0.913947,0.399079,0.073732,-0.403925,-0.912108,-0.070025,0.039306,-0.093781,0.994817,0,0.94392,0.30479,56.635,0.610,-1,375.000,-1,400.000,900.000,300.000,325.000,300.000,300.000,-1,625.000,500.000,-1,725.000,825.000,-1,1000.000,2,0,2,0,1,0,0,0,0,2,0,0,2,0,0,2,1
132,-10377.279,-6374.190,90.144,204.001,-0.911212,0.404996,0.075313,-0.409890,-0.909609,-0.067837,0.041032,-0.092683,0.994850,0,0.94034,0.18479,56.421,0.370,-1,375.000,-1,400.000,900.000,325.000,325.000,300.000,300.000,-1,650.000,500.000,-1,725.000,800.000,-1,950.000,2,0,2,0,1,0,0,1,0,2,0,0,2,0,1,2,1
133,-10428.500,-6397.198,92.401,204.191,-0.909734,0.408051,0.076673,-0.412987,-0.908346,-0.065947,0.042736,-0.091660,0.994873,0,0.93585,0.09508,56.151,0.190,-1,375.000,-1,400.000,875.000,325.000,325.000,325.000,300.000,-1,675.000,500.000,-1,750.000,775.000,-1,900.000,2,0,2,0,1,0,0,1,0,2,0,0,2,0,1,2,1
134,-10479.355,-6420.248,94.321,204.385,-0.908325,0.411208,0.076512,-0.416018,-0.907138,-0.063476,0.043305,-0.089488,0.995046,0,0.93059,0.09707,55.835,0.194,-1,400.000,-1,400.000,850.000,325.000,325.000,375.000,300.000,-1,675.000,500.000,-1,775.000,750.000,-1,850.000,2,0,2,0,1,0,0,1,0,2,0,0,2,0,1,2,1
135,-10529.826,-6443.335,96.264,204.582,-0.906886,0.414404,0.076344,-0.419095,-0.905877,-0.061202,0.043796,-0.087498,0.995201,0,0.92502,0.09867,55.501,0.197,-1,400.000,-1,400.000,800.000,325.000,325.000,375.000,300.000,-1,700.000,525.000,-1,775.000,700.000,-1,800.000,2,0,2,0,1,0,0,1,0,2,0,0,2,0,1,2,1
136,-10579.901,-6466.451,98.262,204.782,-0.905431,0.417629,0.076024,-0.422195,-0.904580,-0.059050,0.044109,-0.085562,0.995356,0,0.91921,0.09986,55.153,0.200,-1,400.000,-1,400.000,750.000,325.000,325.000,400.000,300.000,-1,725.000,550.000,-1,775.000,675.000,-1,750.000,2,0,2,0,1,0,0,1,1,2,0,0,2,0,1,2,1
137,-10629.570,-6489.592,100.420,204.983,-0.904002,0.420888,0.075062,-0.425269,-0.903285,-0.056777,0.043905,-0.083248,0.995561,0,0.91326,0.10067,54.795,0.201,-1,400.000,-1,400.000,675.000,325.000,325.000,400.000,275.000,-1,775.000,600.000,-1,800.000,625.000,-1,700.000,2,0,2,0,1,0,0,1,1,2,0,0,2,0,1,2,1
