timestep,x_cm,y_cm,z_cm,yaw_deg,basis_xx,basis_xy,basis_xz,basis_yx,basis_yy,basis_yz,basis_zx,basis_zy,basis_zz,teleport_flag,throttle_cmd,steering_cmd,cmd_move_cm,cmd_turn_deg,lidar_cm_0,lidar_cm_1,lidar_cm_2,lidar_cm_3,lidar_cm_4,lidar_cm_5,lidar_cm_6,lidar_cm_7,lidar_cm_8,lidar_cm_9,lidar_cm_10,lidar_cm_11,lidar_cm_12,lidar_cm_13,lidar_cm_14,lidar_cm_15,lidar_cm_16,lidar_class_0,lidar_class_1,lidar_class_2,lidar_class_3,lidar_class_4,lidar_class_5,lidar_class_6,lidar_class_7,lidar_class_8,lidar_class_9,lidar_class_10,lidar_class_11,lidar_class_12,lidar_class_13,lidar_class_14,lidar_class_15,lidar_class_16
0,-6233.094,988.366,26.631,-68.728,0.361662,0.931859,0.028972,-0.929702,0.362799,-0.063494,-0.069679,-0.003971,0.997562,1,-0.08000,-0.12000,-4.800,-0.240,-1,375.000,-1,400.000,-1,325.000,325.000,300.000,300.000,-1,-1,-1,750.000,700.000,700.000,-1,-1,2,0,2,0,2,0,0,0,0,2,2,2,1,0,0,2,2
1,-6236.391,997.048,27.286,-69.208,0.353816,0.934863,0.029084,-0.932716,0.354978,-0.063498,-0.069686,-0.004661,0.997558,0,-0.15479,-0.24000,-9.287,-0.480,-1,375.000,-1,400.000,-1,325.000,325.000,300.000,300.000,-1,-1,-1,-1,725.000,700.000,-1,-1,2,0,2,0,2,0,0,0,0,2,2,2,2,0,0,2,2
2,-6239.548,1005.687,27.935,-69.928,0.342003,0.939245,0.029199,-0.937114,0.343201,-0.063491,-0.069655,-0.005649,0.997555,0,-0.15329,-0.36000,-9.197,-0.720,-1,375.000,-1,400.000,-1,325.000,325.000,300.000,300.000,-1,-1,-1,-1,725.000,700.000,-1,-1,2,0,2,0,2,0,0,0,0,2,2,2,2,0,0,2,2
3,-6242.520,1014.265,28.576,-70.888,0.326172,0.944856,0.029316,-0.942747,0.327414,-0.063475,-0.069573,-0.006934,0.997553,0,-0.15130,-0.48000,-9.078,-0.960,-1,375.000,-1,400.000,-1,325.000,325.000,300.000,300.000,-1,-1,-1,-1,725.000,725.000,-1,-1,2,0,2,0,2,0,0,0,0,2,2,2,2,0,0,2,2
4,-6245.265,1022.760,29.206,-72.088,0.306257,0.951494,0.029436,-0.949414,0.307551,-0.063450,-0.069426,-0.008515,0.997551,0,-0.14880,-0.60000,-8.928,-1.200,-1,375.000,-1,400.000,-1,325.000,325.000,300.000,300.000,-1,-1,-1,-1,725.000,725.000,-1,-1,2,0,2,0,2,0,0,0,0,2,2,2,2,0,0,2,2
5,-6247.757,1031.145,29.820,-73.450,0.283493,0.958519,0.029558,-0.956473,0.284844,-0.063424,-0.069213,-0.010291,0.997549,0,-0.14578,-0.68097,-8.747,-1.362,-1,375.000,-1,400.000,-1,325.000,325.000,300.000,300.000,-1,-1,-1,-1,725.000,725.000,-1,-1,2,0,2,0,2,0,0,0,0,2,2,2,2,0,0,2,2
6,-6249.995,1039.390,30.417,-74.812,0.260557,0.965002,0.029676,-0.962993,0.261964,-0.063404,-0.068959,-0.012058,0.997547,0,-0.14240,-0.68133,-8.544,-1.363,-1,375.000,-1,400.000,-1,325.000,325.000,300.000,300.000,-1,-1,-1,-1,725.000,725.000,-1,-1,2,0,2,0,2,0,0,0,0,2,2,2,2,0,0,2,2
7,-6251.987,1047.487,30.995,-76.176,0.237463,0.970940,0.029792,-0.968967,0.238926,-0.063389,-0.068665,-0.013815,0.997544,0,-0.13897,-0.68163,-8.338,-1.363,-1,400.000,-1,400.000,-1,325.000,325.000,300.000,300.000,-1,-1,-1,-1,725.000,725.000,-1,-1,2,0,2,0,2,0,0,0,0,2,2,2,2,0,0,2,2
8,-6253.740,1055.426,31.555,-77.539,0.214227,0.976326,0.029904,-0.974391,0.215744,-0.063380,-0.068331,-0.015561,0.997541,0,-0.13551,-0.68190,-8.130,-1.364,-1,400.000,-1,400.000,-1,325.000,325.000,300.000,300.000,-1,-1,-1,-1,725.000,725.000,-1,-1,2,0,2,0,2,0,0,0,0,2,2,2,2,0,0,2,2
9,-6255.264,1063.199,32.097,-78.904,0.190863,0.981158,0.030013,-0.979261,0.192433,-0.063376,-0.067958,-0.017295,0.997538,0,-0.13201,-0.68211,-7.921,-1.364,-1,400.000,-1,400.000,-1,325.000,325.000,300.000,300.000,-1,-1,-1,-1,725.000,725.000,-1,-1,2,0,2,0,2,0,0,0,0,2,2,2,2,0,0,2,2
10,-6256.567,1070.798,32.619,-80.268,0.167386,0.985431,0.030119,-0.983575,0.169008,-0.063378,-0.067545,-0.019016,0.997535,0,-0.12851,-0.68228,-7.710,-1.365,-1,400.000,-1,400.000,-1,325.000,325.000,300.000,300.000,-1,-1,-1,-1,725.000,725.000,-1,-1,2,0,2,0,2,0,0,0,0,2,2,2,2,0,0,2,2
11,-6257.658,1078.218,33.122,-81.633,0.143811,0.989144,0.030221,-0.987328,0.145483,-0.063385,-0.067093,-0.020723,0.997531,0,-0.12499,-0.68242,-7.499,-1.365,-1,400.000,-1,400.000,-1,325.000,325.000,300.000,300.000,-1,-1,-1,-1,725.000,725.000,-1,-1,2,0,2,0,2,0,0,0,0,2,2,2,2,0,0,2,2
12,-6258.546,1085.451,33.607,-82.998,0.120152,0.992292,0.030320,-0.990519,0.121874,-0.063396,-0.066603,-0.022415,0.997528,0,-0.12146,-0.68251,-7.288,-1.365,-1,400.000,-1,400.000,-1,325.000,325.000,300.000,300.000,-1,-1,-1,-1,725.000,725.000,-1,-1,2,0,2,0,2,0,0,0,0,2,2,2,2,0,0,2,2
13,-6259.240,1092.494,34.072,-84.363,0.096425,0.994875,0.030414,-0.993145,0.098196,-0.063413,-0.066075,-0.024091,0.997524,0,-0.11795,-0.68256,-7.077,-1.365,-1,400.000,-1,400.000,-1,325.000,325.000,300.000,300.000,-1,-1,-1,-1,725.000,725.000,-1,-1,2,0,2,0,2,0,0,0,0,2,2,2,2,0,0,2,2
14,-6259.751,1099.341,34.519,-85.728,0.072645,0.996891,0.030505,-0.995204,0.074463,-0.063434,-0.065509,-0.025751,0.997520,0,-0.11444,-0.68258,-6.866,-1.365,-1,400.000,-1,400.000,-1,325.000,325.000,300.000,300.000,-1,-1,-1,-1,725.000,725.000,-1,-1,2,0,2,0,2,0,0,0,0,2,2,2,2,0,0,2,2
15,-6260.088,1105.990,34.947,-87.093,0.048825,0.998339,0.030592,-0.996696,0.050690,-0.063460,-0.064906,-0.027392,0.997515,0,-0.11095,-0.68257,-6.657,-1.365,-1,400.000,-1,400.000,-1,325.000,325.000,300.000,300.000,-1,-1,-1,-1,725.000,725.000,-1,-1,2,0,2,0,2,0,0,0,0,2,2,2,2,0,0,2,2
16,-6260.261,1112.436,35.356,-88.458,0.024982,0.999217,0.030674,-0.997620,0.026891,-0.063491,-0.064266,-0.029015,0.997511,0,-0.10749,-0.68252,-6.449,-1.365,-1,400.000,-1,400.000,-1,325.000,325.000,300.000,300.000,-1,-1,-1,-1,725.000,725.000,-1,-1,2,0,2,0,2,0,0,0,0,2,2,2,2,0,0,2,2
17,-6260.272,1114.085,35.457,-89.583,0.005323,0.999514,0.030726,-0.997955,0.007267,-0.063503,-0.063696,-0.030325,0.997509,0,-0.02749,-0.56252,-1.649,-1.125,-1,400.000,-1,400.000,1000.000,325.000,325.000,300.000,300.000,-1,-1,-1,-1,725.000,725.000,-1,-1,2,0,2,0,1,0,0,0,0,2,2,2,2,0,0,2,2
18,-6260.298,1110.935,35.256,-90.468,-0.010142,0.999476,0.030750,-0.997949,-0.008173,-0.063496,-0.063211,-0.031331,0.997508,0,0.05251,-0.44252,3.151,-0.885,-1,400.000,-1,400.000,950.000,325.000,325.000,300.000,300.000,-1,-1,-1,-1,725.000,725.000,-1,-1,2,0,2,0,1,0,0,0,0,2,2,2,2,0,0,2,2
19,-6260.452,1102.985,34.756,-91.114,-0.021409,0.999298,0.030750,-0.997795,-0.019424,-0.063467,-0.062825,-0.032041,0.997510,0,0.13251,-0.32252,7.951,-0.645,-1,400.000,-1,400.000,900.000,325.000,325.000,300.000,300.000,-1,-1,-1,-1,725.000,725.000,-1,-1,2,0,2,0,1,0,0,0,0,2,2,2,2,0,0,2,2
20,-6260.790,1090.239,33.960,-91.519,-0.028480,0.999122,0.030727,-0.997636,-0.026487,-0.063416,-0.062546,-0.032460,0.997514,0,0.21251,-0.20252,12.751,-0.405,-1,400.000,-1,400.000,900.000,325.000,325.000,300.000,300.000,-1,-1,-1,-1,725.000,725.000,-1,-1,2,0,2,0,1,0,0,0,0,2,2,2,2,0,0,2,2
21,-6261.305,1072.695,32.868,-91.684,-0.031357,0.999037,0.030680,-0.997560,-0.029365,-0.063341,-0.062379,-0.032592,0.997520,0,0.29251,-0.08252,17.551,-0.165,-1,400.000,-1,400.000,900.000,325.000,325.000,300.000,300.000,-1,-1,-1,-1,725.000,725.000,-1,-1,2,0,2,0,1,0,0,0,0,2,2,2,2,0,0,2,2
22,-6261.933,1050.353,31.477,-91.609,-0.030040,0.999080,0.030610,-0.997604,-0.028058,-0.063242,-0.062325,-0.032436,0.997529,0,0.37251,0.03748,22.351,0.075,-1,400.000,-1,400.000,900.000,325.000,325.000,300.000,300.000,-1,-1,-1,-1,700.000,725.000,-1,-1,2,0,2,0,1,0,0,0,0,2,2,2,2,0,0,2,2
23,-6262.546,1023.210,29.783,-91.294,-0.024530,0.999233,0.030512,-0.997751,-0.022566,-0.063118,-0.062381,-0.031992,0.997540,0,0.45251,0.15748,27.151,0.315,-1,400.000,-1,400.000,950.000,325.000,325.000,300.000,300.000,-1,-1,-1,-1,700.000,725.000,-1,-1,2,0,2,0,1,0,0,0,0,2,2,2,2,0,0,2,2
24,-6262.958,991.261,27.780,-90.739,-0.014824,0.999428,0.030384,-0.997932,-0.012887,-0.062968,-0.062540,-0.031254,0.997553,0,0.53251,0.27748,31.951,0.555,-1,400.000,-1,400.000,-1,325.000,325.000,300.000,300.000,-1,-1,-1,-1,700.000,725.000,-1,-1,2,0,2,0,2,0,0,0,0,2,2,2,2,0,0,2,2
25,-6262.923,954.511,25.460,-89.944,-0.000920,0.999543,0.030217,-0.998026,0.000980,-0.062793,-0.062794,-0.030215,0.997569,0,0.61251,0.39748,36.751,0.795,-1,400.000,-1,400.000,-1,325.000,325.000,300.000,300.000,-1,-1,-1,-1,700.000,700.000,-1,-1,2,0,2,0,2,0,0,0,0,2,2,2,2,0,0,2,2
26,-6262.141,912.967,22.815,-88.922,0.016959,0.999406,0.030005,-0.997862,0.018812,-0.062593,-0.063120,-0.028879,0.997588,0,0.69251,0.51109,41.551,1.022,-1,375.000,-1,400.000,-1,325.000,325.000,300.000,300.000,-1,-1,-1,-1,700.000,700.000,-1,-1,2,0,2,0,2,0,0,0,0,2,2,2,2,0,0,2,2
27,-6260.544,869.422,20.019,-87.899,0.034849,0.998949,0.029761,-0.997379,0.036653,-0.062386,-0.063411,-0.027509,0.997608,0,0.72624,0.51148,43.574,1.023,-1,375.000,-1,375.000,-1,325.000,325.000,300.000,300.000,-1,-1,-1,-1,700.000,700.000,-1,-1,2,0,2,0,2,0,0,0,0,2,2,2,2,0,0,2,2
28,-6258.189,826.278,17.224,-86.874,0.052757,0.998172,0.029495,-0.996575,0.054510,-0.062183,-0.063677,-0.026113,0.997629,0,0.72014,0.51224,43.208,1.024,-1,375.000,-1,375.000,-1,325.000,325.000,300.000,300.000,-1,-1,-1,-1,700.000,700.000,-1,-1,2,0,2,0,2,0,0,0,0,2,2,2,2,0,0,2,2
29,-6255.086,783.535,14.432,-85.847,0.070689,0.997071,0.029203,-0.995448,0.072390,-0.061986,-0.063918,-0.024688,0.997650,0,0.71427,0.51336,42.856,1.027,-1,375.000,-1,375.000,-1,325.000,325.000,300.000,300.000,-1,-1,-1,-1,675.000,700.000,-1,-1,2,0,2,0,2,0,0,0,0,2,2,2,2,0,0,2,2
30,-6251.246,741.187,11.642,-84.818,0.088652,0.995644,0.028885,-0.993996,0.090298,-0.061797,-0.064136,-0.023233,0.997671,0,0.70869,0.51481,42.521,1.030,-1,375.000,-1,375.000,-1,300.000,325.000,300.000,300.000,-1,-1,-1,-1,675.000,675.000,-1,-1,2,0,2,0,2,0,0,0,0,2,2,2,2,0,0,2,2
31,-6246.677,699.228,8.856,-83.785,0.106649,0.993887,0.028538,-0.992214,0.108239,-0.061617,-0.064330,-0.021745,0.997692,0,0.70346,0.51658,42.207,1.033,-1,375.000,-1,375.000,-1,300.000,300.000,300.000,300.000,-1,-1,-1,-1,675.000,675.000,-1,-1,2,0,2,0,2,0,0,0,0,2,2,2,2,0,0,2,2
32,-6241.385,657.647,6.259,-82.747,0.124652,0.991782,0.028812,-0.990124,0.126216,-0.061021,-0.064156,-0.020921,0.997721,0,0.69861,0.51865,41.917,1.037,-1,375.000,-1,375.000,-1,300.000,300.000,300.000,300.000,-1,-1,-1,825.000,675.000,675.000,-1,-1,2,0,2,0,2,0,0,0,0,2,2,2,1,0,0,2,2
33,-6235.377,616.431,3.817,-81.705,0.142677,0.989330,0.029490,-0.987725,0.144233,-0.059975,-0.063589,-0.020571,0.997764,0,0.69419,0.52102,41.652,1.042,-1,375.000,-1,375.000,-1,300.000,300.000,300.000,300.000,-1,-1,-1,725.000,675.000,675.000,-1,-1,2,0,2,0,2,0,0,0,0,2,2,2,1,0,0,2,2
34,-6228.142,572.423,1.389,-80.664,0.160708,0.986568,0.029251,-0.985029,0.162189,-0.058417,-0.062376,-0.019426,0.997864,0,0.74332,0.52057,44.599,1.041,-1,375.000,-1,375.000,-1,300.000,300.000,300.000,300.000,-1,-1,-1,675.000,675.000,675.000,-1,-1,2,0,2,0,2,0,0,0,0,2,2,2,1,0,0,2,2
35,-6220.173,528.896,-1.002,-79.624,0.178688,0.983484,0.028802,-0.982010,0.180084,-0.056795,-0.061044,-0.018136,0.997970,0,0.73752,0.52030,44.251,1.041,-1,375.000,-1,375.000,-1,300.000,300.000,300.000,300.000,-1,-1,-1,650.000,675.000,675.000,-1,-1,2,0,2,0,2,0,0,0,0,2,2,2,1,0,0,2,2
36,-6211.482,485.862,-3.387,-78.583,0.196612,0.980073,0.028295,-0.978662,0.197923,-0.055200,-0.059700,-0.016838,0.998074,0,0.73172,0.52040,43.903,1.041,-1,375.000,-1,375.000,-1,300.000,300.000,300.000,300.000,-1,-1,-1,625.000,675.000,675.000,-1,-1,2,0,2,0,2,0,0,0,0,2,2,2,1,0,0,2,2
37,-6202.085,443.327,-5.766,-77.541,0.214486,0.976333,0.027730,-0.974983,0.215713,-0.053632,-0.058345,-0.015533,0.998176,0,0.72600,0.52086,43.560,1.042,-1,375.000,-1,375.000,-1,300.000,300.000,300.000,300.000,-1,-1,900.000,625.000,675.000,675.000,-1,-1,2,0,2,0,2,0,0,0,0,2,2,0,1,0,0,2,2
38,-6191.993,401.296,-8.138,-76.498,0.232316,0.972263,0.027110,-0.970970,0.233459,-0.052094,-0.056978,-0.014221,0.998274,0,0.72044,0.52167,43.226,1.043,-1,375.000,-1,375.000,-1,300.000,300.000,300.000,300.000,-1,850.000,825.000,625.000,675.000,675.000,-1,-1,2,0,2,0,2,0,0,0,0,2,0,0,1,0,0,2,2
39,-6181.216,359.766,-10.502,-75.452,0.250106,0.967858,0.026435,-0.966621,0.251168,-0.050585,-0.055599,-0.012901,0.998370,0,0.71509,0.52282,42.905,1.046,-1,375.000,-1,375.000,-1,300.000,300.000,300.000,300.000,-1,775.000,750.000,625.000,675.000,675.000,-1,-1,2,0,2,0,2,0,0,0,0,2,0,0,1,0,0,2,2
40,-6169.763,318.734,-12.859,-74.404,0.267860,0.963115,0.025708,-0.961932,0.268842,-0.049108,-0.054208,-0.011575,0.998463,0,0.71002,0.52430,42.601,1.049,-1,375.000,-1,375.000,-1,300.000,325.000,300.000,300.000,-1,700.000,675.000,625.000,700.000,675.000,-1,-1,2,0,2,0,2,0,0,0,0,2,0,0,1,0,0,2,2
41,-6157.640,278.192,-15.207,-73.351,0.285584,0.958029,0.024928,-0.956898,0.286487,-0.047663,-0.052804,-0.010241,0.998552,0,0.70527,0.52610,42.316,1.052,-1,375.000,-1,375.000,-1,325.000,325.000,300.000,300.000,-1,675.000,650.000,625.000,700.000,650.000,-1,-1,2,0,2,0,2,0,0,0,0,2,0,0,1,0,0,2,2
42,-6143.316,233.305,-17.826,-72.302,0.303171,0.952634,0.023998,-0.951560,0.303990,-0.046075,-0.051188,-0.008866,0.998650,0,0.78527,0.52474,47.116,1.049,-1,375.000,-1,375.000,-1,325.000,300.000,300.000,300.000,-1,625.000,600.000,625.000,700.000,650.000,-1,-1,2,0,2,0,2,0,0,0,0,2,0,0,1,0,0,2,2
43,-6127.268,186.034,-20.606,-71.247,0.320746,0.946887,0.022949,-0.945874,0.321480,-0.044420,-0.049439,-0.007459,0.998749,0,0.83202,0.52743,49.921,1.055,-1,375.000,-1,375.000,-1,325.000,300.000,300.000,300.000,-1,575.000,550.000,650.000,700.000,650.000,-1,-1,2,0,2,0,2,0,0,0,0,2,0,0,1,0,0,2,2
44,-6110.424,139.284,-23.376,-70.186,0.338316,0.940779,0.021845,-0.939825,0.338966,-0.042799,-0.047669,-0.006051,0.998845,0,0.82821,0.53065,49.693,1.061,-1,375.000,-1,375.000,-1,300.000,300.000,300.000,300.000,-1,550.000,525.000,650.000,700.000,650.000,-1,-1,2,0,2,0,2,0,0,0,0,2,0,0,1,0,0,2,2
45,-6092.779,93.036,-25.935,-69.117,0.355844,0.934298,0.021484,-0.933404,0.356451,-0.041224,-0.046174,-0.005384,0.998919,0,0.82500,0.53422,49.500,1.068,-1,375.000,-1,375.000,-1,300.000,300.000,300.000,300.000,-1,525.000,500.000,650.000,700.000,650.000,-1,-1,2,0,2,0,2,0,0,0,0,2,0,0,1,0,0,2,2
46,-6074.328,47.272,-28.174,-68.041,0.373322,0.927436,0.022217,-0.926616,0.373936,-0.039418,-0.044866,-0.005871,0.998976,0,0.82239,0.53813,49.343,1.076,-1,375.000,-1,375.000,-1,300.000,300.000,300.000,300.000,-1,525.000,500.000,675.000,700.000,650.000,-1,-1,2,0,2,0,2,0,0,0,0,2,0,0,1,0,0,2,2
47,-6055.060,1.977,-30.203,-66.956,0.390791,0.920183,0.023348,-0.919477,0.391423,-0.036748,-0.042953,-0.007107,0.999052,0,0.82040,0.54235,49.224,1.085,-1,375.000,-1,375.000,-1,300.000,300.000,300.000,300.000,-1,500.000,500.000,700.000,700.000,675.000,-1,-1,2,0,2,0,2,0,0,0,0,2,0,0,1,0,0,2,2
48,-6034.964,-42.868,-32.241,-65.863,0.408271,0.912536,0.024354,-0.911936,0.408913,-0.034109,-0.041084,-0.008283,0.999121,0,0.81902,0.54688,49.141,1.094,-1,375.000,-1,375.000,-1,300.000,300.000,300.000,300.000,-1,500.000,500.000,700.000,725.000,675.000,-1,-1,2,0,2,0,2,0,0,0,0,2,0,0,1,0,0,2,2
49,-6014.029,-87.275,-34.227,-64.759,0.425765,0.904486,0.025097,-0.903973,0.426406,-0.031793,-0.039458,-0.009151,0.999179,0,0.81825,0.55168,49.095,1.103,-1,375.000,-1,375.000,-1,300.000,300.000,300.000,300.000,-1,500.000,500.000,725.000,725.000,675.000,-1,-1,2,0,2,0,2,0,0,0,0,2,0,0,1,0,0,2,2
50,-5992.240,-131.258,-36.045,-63.646,0.443274,0.896028,0.025340,-0.895561,0.443902,-0.030364,-0.038455,-0.009234,0.999218,0,0.81807,0.55675,49.084,1.114,-1,375.000,-1,375.000,-1,300.000,300.000,300.000,300.000,-1,525.000,525.000,750.000,725.000,675.000,-1,-1,2,0,2,0,2,0,0,0,0,2,0,0,1,0,0,2,2
51,-5969.580,-174.825,-37.822,-62.522,0.460795,0.887148,0.025236,-0.886722,0.461397,-0.028925,-0.037304,-0.009049,0.999263,0,0.81847,0.56208,49.108,1.124,1000.000,375.000,-1,375.000,-1,325.000,300.000,300.000,300.000,-1,525.000,550.000,775.000,725.000,675.000,-1,-1,1,0,2,0,2,0,0,0,0,2,0,0,1,0,0,2,2
52,-5945.813,-218.851,-39.472,-61.637,0.474490,0.879928,0.024200,-0.879541,0.475034,-0.027377,-0.035585,-0.008295,0.999332,0,0.83387,0.44208,50.032,0.884,975.000,375.000,-1,375.000,-1,325.000,300.000,300.000,300.000,-1,550.000,575.000,800.000,750.000,700.000,-1,-1,1,0,2,0,2,0,0,0,0,2,0,0,1,0,0,2,2
53,-5919.224,-266.805,-41.286,-60.993,0.484412,0.874536,0.023037,-0.874190,0.484899,-0.025778,-0.033715,-0.007651,0.999402,0,0.91387,0.32208,54.832,0.644,950.000,400.000,-1,375.000,-1,325.000,325.000,300.000,300.000,-1,550.000,575.000,850.000,750.000,700.000,-1,-1,1,0,2,0,2,0,0,0,0,2,0,0,1,0,0,2,2
54,-5892.065,-314.985,-43.131,-60.589,0.490621,0.871097,0.021922,-0.870789,0.491058,-0.024248,-0.031887,-0.007192,0.999466,0,0.92179,0.20208,55.308,0.404,925.000,400.000,-1,375.000,-1,325.000,325.000,300.000,300.000,-1,575.000,600.000,875.000,750.000,700.000,-1,-1,1,0,2,0,2,0,0,0,0,2,0,0,1,0,0,2,2
55,-5864.703,-363.084,-44.991,-60.366,0.494047,0.869184,0.020888,-0.868913,0.494440,-0.022780,-0.030128,-0.006896,0.999522,0,0.92229,0.11132,55.338,0.223,900.000,400.000,-1,375.000,-1,325.000,325.000,300.000,300.000,-1,575.000,600.000,925.000,775.000,700.000,-1,-1,1,0,2,0,2,0,0,0,0,2,0,0,1,0,0,2,2
56,-5837.145,-411.071,-46.818,-60.132,0.497628,0.867156,0.020179,-0.866918,0.497990,-0.021409,-0.028614,-0.006840,0.999567,0,0.92227,0.11713,55.336,0.234,875.000,400.000,-1,375.000,-1,325.000,325.000,300.000,300.000,-1,600.000,625.000,975.000,775.000,725.000,-1,-1,1,0,2,0,2,0,0,0,0,2,0,0,1,0,0,2,2
57,-5809.392,-458.921,-48.661,-59.886,0.501374,0.865010,0.019563,-0.864803,0.501709,-0.020099,-0.027200,-0.006841,0.999607,0,0.92194,0.12300,55.316,0.246,825.000,400.000,-1,375.000,-1,325.000,325.000,300.000,300.000,-1,625.000,650.000,1000.000,800.000,725.000,-1,-1,1,0,2,0,2,0,0,0,0,2,0,0,1,0,0,2,2
58,-5781.443,-506.612,-50.341,-59.628,0.505259,0.862739,0.019877,-0.862563,0.505594,-0.018970,-0.026415,-0.007560,0.999622,0,0.92129,0.12892,55.277,0.258,800.000,400.000,-1,375.000,-1,325.000,325.000,300.000,300.000,-1,650.000,675.000,-1,800.000,725.000,-1,-1,1,0,2,0,2,0,0,0,0,2,0,0,2,0,0,2,2
59,-5753.300,-554.121,-51.889,-59.359,0.509289,0.860340,0.020977,-0.860197,0.509644,-0.017991,-0.026169,-0.008882,0.999618,0,0.92032,0.13486,55.219,0.270,775.000,400.000,-1,375.000,-1,325.000,325.000,300.000,300.000,-1,675.000,700.000,-1,800.000,725.000,-1,-1,1,0,2,0,2,0,0,0,0,2,0,0,2,1,0,2,2
60,-5724.963,-601.425,-53.417,-59.077,0.513485,0.857812,0.022175,-0.857710,0.513859,-0.016808,-0.025813,-0.010389,0.999613,0,0.91904,0.14080,55.142,0.282,750.000,400.000,-1,375.000,-1,325.000,325.000,300.000,300.000,-1,725.000,750.000,-1,775.000,725.000,-1,-1,1,0,2,0,2,0,0,0,0,2,0,0,2,1,0,2,2
61,-5696.433,-648.502,-54.916,-58.784,0.517845,0.855152,0.023482,-0.855100,0.518235,-0.015378,-0.025320,-0.012116,0.999606,0,0.91745,0.14672,55.047,0.293,725.000,400.000,-1,375.000,-1,325.000,325.000,300.000,300.000,-1,725.000,775.000,-1,775.000,750.000,-1,-1,1,0,2,0,2,0,0,0,0,2,0,0,2,1,0,2,2
62,-5667.716,-695.333,-56.446,-58.483,0.522296,0.852404,0.024796,-0.852402,0.522701,-0.013968,-0.024867,-0.013840,0.999595,0,0.91558,0.15024,54.935,0.300,675.000,400.000,-1,400.000,-1,325.000,325.000,300.000,300.000,-1,750.000,800.000,-1,750.000,750.000,-1,-1,1,0,2,0,2,0,0,0,0,2,0,0,2,1,0,2,2
63,-5637.606,-743.995,-58.067,-58.253,0.525684,0.850277,0.026165,-0.850328,0.526103,-0.012562,-0.024446,-0.015645,0.999579,0,0.95373,0.11493,57.224,0.230,675.000,400.000,-1,400.000,-1,325.000,325.000,300.000,300.000,-1,750.000,850.000,-1,750.000,750.000,-1,-1,1,0,2,0,2,0,0,0,0,2,0,0,2,1,0,2,2
64,-5607.243,-792.602,-59.436,-58.009,0.529269,0.848023,0.027054,-0.848086,0.529709,-0.012585,-0.025003,-0.016283,0.999555,0,0.95519,0.12187,57.311,0.244,650.000,400.000,-1,400.000,-1,325.000,325.000,300.000,300.000,-1,850.000,925.000,-1,750.000,750.000,-1,-1,1,0,2,0,2,0,0,0,0,2,0,0,2,1,0,2,2
65,-5576.630,-841.124,-60.856,-57.751,0.533055,0.845618,0.027993,-0.845694,0.533519,-0.012570,-0.025564,-0.016973,0.999529,0,0.95620,0.12909,57.372,0.258,625.000,400.000,-1,400.000,-1,325.000,325.000,300.000,300.000,-1,950.000,-1,-1,750.000,750.000,-1,-1,1,0,2,0,2,0,0,0,0,2,0,2,2,1,0,2,2
66,-5545.768,-889.525,-62.243,-57.478,0.537065,0.843058,0.028536,-0.843145,0.537542,-0.012460,-0.025844,-0.017368,0.999515,0,0.95672,0.13662,57.403,0.273,625.000,400.000,-1,400.000,-1,325.000,325.000,300.000,300.000,-1,-1,-1,-1,750.000,750.000,-1,-1,1,0,2,0,2,0,0,0,0,2,2,2,2,1,0,2,2
67,-5514.663,-937.771,-63.693,-57.189,0.541297,0.840335,0.028910,-0.840425,0.541784,-0.012479,-0.026149,-0.017542,0.999504,0,0.95673,0.14443,57.404,0.289,625.000,400.000,-1,400.000,-1,325.000,325.000,300.000,300.000,-1,-1,-1,-1,800.000,750.000,-1,-1,1,0,2,0,2,0,0,0,0,2,2,2,2,0,0,2,2
68,-5483.319,-985.824,-65.209,-56.884,0.545750,0.837435,0.029310,-0.837529,0.546249,-0.012525,-0.026499,-0.017712,0.999492,0,0.95619,0.15254,57.371,0.305,650.000,400.000,-1,400.000,-1,325.000,325.000,300.000,300.000,-1,-1,-1,-1,800.000,750.000,-1,-1,1,0,2,0,2,0,0,0,0,2,2,2,2,0,0,2,2
69,-5451.742,-1033.643,-66.789,-56.562,0.550431,0.834351,0.029740,-0.834448,0.550943,-0.012586,-0.026886,-0.017889,0.999478,0,0.95508,0.16093,57.305,0.322,-1,400.000,-1,400.000,-1,325.000,325.000,300.000,300.000,-1,-1,-1,-1,800.000,750.000,-1,-1,2,1,2,0,2,0,0,0,0,2,2,2,2,0,0,2,2
70,-5419.940,-1081.190,-68.432,-56.223,0.555344,0.831072,0.030200,-0.831172,0.555871,-0.012663,-0.027311,-0.018069,0.999464,0,0.95336,0.16958,57.202,0.339,-1,400.000,-1,400.000,-1,325.000,325.000,300.000,300.000,-1,-1,-1,-1,800.000,750.000,-1,-1,2,1,2,0,2,0,0,0,0,2,2,2,2,0,0,2,2
71,-5387.921,-1128.422,-70.096,-55.866,0.560485,0.827588,0.030883,-0.827694,0.561034,-0.012772,-0.027896,-0.018403,0.999441,0,0.95104,0.17847,57.062,0.357,-1,400.000,-1,400.000,-1,325.000,325.000,300.000,300.000,-1,-1,-1,-1,800.000,750.000,-1,-1,2,1,2,0,2,0,0,1,0,2,2,2,2,0,0,2,2
72,-5355.693,-1175.297,-71.740,-55.491,0.565851,0.823888,0.031973,-0.824006,0.566433,-0.012921,-0.028755,-0.019034,0.999405,0,0.94808,0.18757,56.885,0.375,-1,400.000,-1,400.000,-1,325.000,325.000,275.000,300.000,-1,-1,-1,-1,800.000,750.000,-1,-1,2,1,2,0,2,0,0,1,0,2,2,2,2,0,0,2,2
73,-5323.268,-1221.774,-73.309,-55.097,0.571481,0.819975,0.032412,-0.820094,0.572080,-0.013034,-0.029230,-0.019132,0.999390,0,0.94450,0.19683,56.670,0.394,-1,400.000,-1,400.000,-1,325.000,325.000,275.000,300.000,-1,-1,-1,-1,800.000,725.000,-1,-1,2,0,2,0,2,0,0,1,0,2,2,2,2,0,0,2,2
74,-5290.654,-1267.811,-73.927,-54.685,0.577528,0.815882,0.028244,-0.815941,0.578001,-0.012448,-0.026481,-0.015857,0.999524,0,0.94031,0.20622,56.419,0.412,-1,425.000,-1,400.000,-1,325.000,325.000,250.000,300.000,-1,-1,-1,-1,825.000,750.000,-1,-1,2,0,2,0,2,0,0,1,0,2,2,2,2,0,0,2,2
75,-5257.863,-1313.369,-74.866,-54.254,0.583732,0.811537,0.025782,-0.811572,0.584133,-0.011829,-0.024660,-0.014019,0.999598,0,0.93554,0.21532,56.132,0.431,-1,425.000,-1,400.000,-1,350.000,325.000,250.000,300.000,-1,-1,-1,-1,850.000,775.000,-1,-1,2,0,2,0,2,0,0,1,0,2,2,2,2,0,0,2,2
76,-5224.942,-1357.996,-76.111,-53.584,0.593228,0.804653,0.024774,-0.804682,0.593598,-0.011327,-0.023820,-0.013216,0.999629,0,0.92427,0.33532,55.456,0.671,-1,425.000,-1,400.000,-1,350.000,325.000,250.000,300.000,-1,-1,-1,-1,875.000,775.000,-1,-1,2,0,2,0,2,0,0,1,0,2,2,2,2,0,0,2,2
77,-5191.504,-1401.846,-77.649,-52.673,0.605938,0.795117,0.025075,-0.795153,0.606310,-0.010912,-0.023879,-0.013327,0.999626,0,0.91909,0.45532,55.145,0.911,-1,425.000,-1,400.000,-1,350.000,325.000,225.000,300.000,-1,-1,-1,-1,875.000,775.000,-1,-1,2,0,2,0,2,0,0,1,0,2,2,2,2,0,0,2,2
78,-5157.377,-1444.783,-79.392,-51.522,0.621748,0.782777,0.026248,-0.782818,0.622152,-0.011069,-0.024995,-0.013666,0.999594,0,0.91411,0.57532,54.847,1.151,-1,425.000,-1,400.000,-1,350.000,325.000,225.000,300.000,-1,-1,-1,-1,875.000,800.000,-1,-1,2,0,2,0,2,0,0,1,0,2,2,2,2,0,0,2,2
79,-5122.399,-1486.664,-81.407,-50.132,0.640495,0.767438,0.028379,-0.767495,0.640957,-0.011197,-0.026783,-0.014610,0.999535,0,0.90944,0.69532,54.566,1.391,-1,425.000,-1,400.000,-1,325.000,325.000,200.000,300.000,-1,-1,-1,-1,875.000,800.000,-1,-1,2,0,2,0,2,0,0,1,0,2,2,2,2,0,0,2,2
80,-5086.413,-1527.339,-83.663,-48.501,0.661975,0.748871,0.031324,-0.748959,0.662522,-0.011215,-0.029151,-0.016036,0.999446,0,0.90515,0.81532,54.309,1.631,-1,425.000,-1,400.000,-1,325.000,325.000,200.000,300.000,-1,-1,-1,-1,850.000,800.000,-1,-1,2,0,2,0,2,0,0,1,0,2,2,2,2,0,0,2,2
81,-5049.276,-1566.651,-86.130,-46.630,0.685938,0.726824,0.034878,-0.726957,0.686594,-0.011043,-0.031974,-0.017780,0.999331,0,0.90132,0.93532,54.079,1.871,-1,400.000,-1,400.000,-1,325.000,325.000,200.000,300.000,-1,-1,-1,-1,825.000,775.000,-1,-1,2,0,2,0,2,0,0,1,0,2,2,2,2,0,0,2,2
82,-5010.932,-1604.502,-88.769,-44.630,0.710730,0.702394,0.038813,-0.702591,0.711515,-0.010609,-0.035067,-0.019730,0.999190,0,0.89799,1.00000,53.879,2.000,-1,400.000,-1,400.000,-1,325.000,325.000,200.000,300.000,-1,-1,-1,-1,800.000,775.000,-1,-1,2,0,2,0,2,0,0,1,0,2,2,2,2,0,0,2,2
83,-4971.427,-1640.868,-90.703,-42.630,0.734833,0.677152,0.038544,-0.677318,0.735614,-0.010575,-0.035514,-0.018336,0.999201,0,0.89490,1.00000,53.694,2.000,-1,400.000,-1,400.000,-1,325.000,325.000,175.000,300.000,-1,-1,-1,-1,800.000,800.000,-1,-1,2,0,2,0,2,0,0,1,0,2,2,2,2,0,0,2,2
84,-4930.823,-1675.708,-92.704,-40.630,0.758035,0.651083,0.038380,-0.651216,0.758818,-0.010661,-0.036065,-0.016912,0.999206,0,0.89171,1.00000,53.503,2.000,-1,400.000,-1,400.000,-1,325.000,325.000,175.000,300.000,-1,-1,-1,-1,825.000,800.000,-1,-1,2,0,2,0,2,0,0,1,0,2,2,2,2,0,0,2,2
85,-4889.181,-1708.987,-94.702,-38.630,0.780295,0.624217,0.038631,-0.624321,0.781093,-0.010793,-0.036911,-0.015696,0.999195,0,0.88844,1.00000,53.306,2.000,-1,400.000,-1,400.000,-1,325.000,325.000,175.000,300.000,-1,-1,-1,-1,825.000,825.000,-1,-1,2,0,2,0,2,0,0,1,0,2,2,2,2,0,0,2,2
86,-4846.563,-1740.673,-96.781,-36.630,0.801604,0.596589,0.038890,-0.596660,0.802418,-0.011022,-0.037781,-0.014369,0.999183,0,0.88512,1.00000,53.107,2.000,-1,400.000,-1,400.000,-1,325.000,325.000,175.000,300.000,-1,-1,-1,-1,825.000,825.000,-1,-1,2,0,2,0,2,0,0,1,0,2,2,2,2,0,0,2,2
87,-4803.030,-1770.739,-98.714,-34.630,0.821928,0.568239,0.039239,-0.568230,0.822776,-0.012471,-0.039371,-0.012047,0.999152,0,0.88177,1.00000,52.906,2.000,-1,400.000,-1,400.000,-1,325.000,325.000,175.000,300.000,-1,-1,-1,-1,825.000,825.000,-1,-1,2,0,2,0,2,0,0,1,0,2,2,2,2,0,0,2,2
88,-4758.643,-1799.160,-100.055,-32.630,0.841223,0.539204,0.040032,-0.538969,0.842146,-0.017371,-0.043080,-0.006963,0.999047,0,0.87842,1.00000,52.705,2.000,-1,400.000,-1,400.000,-1,325.000,325.000,200.000,300.000,-1,-1,-1,-1,800.000,825.000,-1,-1,2,0,2,0,2,0,0,1,0,2,2,2,2,0,0,2,2
89,-4713.464,-1825.912,-101.645,-30.630,0.859495,0.509496,0.041017,-0.509056,0.860469,-0.021328,-0.046161,-0.002548,0.998931,0,0.87509,1.00000,52.505,2.000,-1,400.000,-1,400.000,-1,325.000,325.000,200.000,275.000,-1,-1,-1,-1,800.000,825.000,-1,-1,2,0,2,0,2,0,0,1,0,2,2,2,2,0,0,2,2
90,-4667.551,-1850.976,-103.471,-28.630,0.876720,0.479157,0.042083,-0.478540,0.877728,-0.024344,-0.048602,0.001205,0.998817,0,0.87180,1.00000,52.308,2.000,-1,400.000,-1,400.000,-1,325.000,325.000,200.000,275.000,-1,-1,-1,-1,800.000,800.000,-1,-1,2,0,2,0,2,0,0,1,0,2,2,2,2,0,0,2,2
91,-4620.965,-1874.336,-105.521,-26.630,0.892878,0.448229,0.043119,-0.447469,0.893908,-0.026438,-0.050395,0.004312,0.998720,0,0.86859,1.00000,52.115,2.000,-1,400.000,-1,400.000,-1,325.000,325.000,200.000,275.000,-1,-1,-1,-1,800.000,800.000,-1,-1,2,0,2,0,2,0,0,1,0,2,2,2,2,0,0,2,2
92,-4573.762,-1895.978,-107.787,-24.630,0.907952,0.416753,0.044054,-0.415891,0.908995,-0.027630,-0.051559,0.006765,0.998647,0,0.86546,1.00000,51.927,2.000,-1,400.000,-1,400.000,-1,325.000,325.000,200.000,275.000,-1,-1,-1,-1,775.000,825.000,-1,-1,2,0,2,0,2,0,0,1,0,2,2,2,2,0,0,2,2
93,-4525.999,-1915.889,-110.253,-22.630,0.921925,0.384770,0.044793,-0.383849,0.922972,-0.027962,-0.052102,0.008585,0.998605,0,0.86244,1.00000,51.746,2.000,-1,400.000,-1,400.000,-1,325.000,325.000,200.000,275.000,-1,-1,-1,-1,775.000,825.000,-1,-1,2,0,2,0,2,0,0,1,0,2,2,2,2,0,0,2,2
94,-4477.734,-1934.060,-112.920,-20.630,0.934787,0.352321,0.045203,-0.351381,0.935827,-0.027541,-0.052006,0.009861,0.998598,0,0.85954,1.00000,51.572,2.000,-1,400.000,-1,400.000,-1,325.000,325.000,200.000,300.000,-1,-1,-1,-1,775.000,825.000,-1,-1,2,0,2,0,2,0,0,1,0,2,2,2,2,0,0,2,2
95,-4429.022,-1950.482,-115.838,-18.630,0.946524,0.319443,0.045261,-0.318509,0.947543,-0.026722,-0.051423,0.010877,0.998618,0,0.85677,1.00000,51.406,2.000,-1,400.000,-1,400.000,-1,325.000,325.000,200.000,300.000,-1,-1,-1,-1,775.000,850.000,-1,-1,2,0,2,0,2,0,0,1,0,2,2,2,2,0,0,2,2
96,-4381.782,-1964.592,-118.817,-16.630,0.957127,0.286178,0.044846,-0.285284,0.958108,-0.025328,-0.050216,0.011448,0.998673,0,0.82171,1.00000,49.302,2.000,-1,400.000,-1,400.000,-1,325.000,325.000,200.000,300.000,-1,-1,-1,-1,775.000,850.000,-1,-1,2,0,2,0,2,0,0,1,0,2,2,2,2,0,0,2,2
97,-4334.367,-1976.969,-121.920,-14.630,0.966582,0.252565,0.043934,-0.251740,0.967510,-0.023484,-0.048438,0.011639,0.998758,0,0.81673,1.00000,49.004,2.000,-1,400.000,-1,425.000,-1,325.000,325.000,200.000,300.000,-1,-1,-1,-1,775.000,875.000,-1,-1,2,0,2,0,2,0,0,1,0,2,2,2,2,0,0,2,2
98,-4286.818,-1987.624,-124.464,-12.630,0.974814,0.218639,0.043980,-0.217740,0.975703,-0.024331,-0.048231,0.014142,0.998736,0,0.81214,1.00000,48.728,2.000,-1,400.000,-1,425.000,-1,325.000,325.000,225.000,300.000,-1,-1,-1,-1,775.000,875.000,-1,-1,2,0,2,0,2,0,0,1,0,2,2,2,2,0,0,2,2
99,-4239.173,-1996.566,-126.798,-10.630,0.981839,0.184444,0.044422,-0.183419,0.982686,-0.026170,-0.048480,0.017547,0.998670,0,0.80794,1.00000,48.477,2.000,-1,400.000,-1,425.000,-1,325.000,325.000,225.000,300.000,-1,-1,-1,-1,750.000,875.000,-1,-1,2,0,2,0,2,0,0,1,0,2,2,2,2,0,0,2,2
100,-4196.019,-2003.301,-128.900,-8.870,0.987029,0.154167,0.044791,-0.153028,0.987830,-0.027838,-0.048537,0.020622,0.998608,0,0.72794,0.88000,43.677,1.760,-1,400.000,-1,425.000,-1,325.000,325.000,225.000,300.000,-1,-1,-1,-1,750.000,875.000,-1,-1,2,0,2,0,2,0,0,1,0,2,2,2,2,0,0,2,2
101,-4157.461,-2008.274,-130.760,-7.350,0.990762,0.127902,0.045081,-0.126665,0.991513,-0.029304,-0.048446,0.023324,0.998553,0,0.64794,0.76000,38.877,1.520,-1,400.000,-1,425.000,-1,325.000,325.000,225.000,300.000,-1,-1,-1,-1,750.000,875.000,-1,-1,2,0,2,0,2,0,0,1,0,2,2,2,2,0,0,2,2
102,-4123.576,-2011.877,-132.381,-6.070,0.993364,0.105715,0.045311,-0.104395,0.994066,-0.030586,-0.048275,0.025653,0.998505,0,0.56794,0.64000,34.077,1.280,-1,400.000,-1,425.000,-1,325.000,325.000,225.000,300.000,-1,-1,-1,-1,750.000,875.000,-1,-1,2,0,2,0,2,0,0,1,0,2,2,2,2,0,0,2,2
103,-4094.409,-2014.405,-133.764,-4.955,0.995226,0.086347,0.045489,-0.084956,0.995881,-0.031684,-0.048038,0.027669,0.998462,0,0.48794,0.55748,29.277,1.115,-1,400.000,-1,425.000,-1,325.000,325.000,225.000,300.000,-1,-1,-1,-1,750.000,875.000,-1,-1,2,0,2,0,2,0,0,1,0,2,2,2,2,0,0,2,2
104,-4069.987,-2016.047,-134.904,-3.846,0.996706,0.067050,0.045624,-0.065599,0.997313,-0.032598,-0.047687,0.029498,0.998427,0,0.40794,0.55458,24.477,1.109,-1,400.000,-1,425.000,-1,325.000,325.000,225.000,300.000,-1,-1,-1,-1,750.000,875.000,-1,-1,2,0,2,0,2,0,0,1,0,2,2,2,2,0,0,2,2
105,-4050.333,-2016.988,-135.803,-2.742,0.997809,0.047816,0.045721,-0.046316,0.998371,-0.033328,-0.047240,0.031137,0.998398,0,0.32794,0.55210,19.677,1.104,-1,375.000,-1,425.000,-1,325.000,325.000,225.000,300.000,-1,-1,-1,-1,750.000,875.000,-1,-1,2,0,2,0,2,0,0,1,0,2,2,2,2,0,0,2,2
106,-4035.463,-2017.413,-136.466,-1.642,0.998541,0.028636,0.045787,-0.027098,0.999059,-0.033873,-0.046714,0.032583,0.998377,0,0.24794,0.55010,14.877,1.100,-1,375.000,-1,425.000,-1,325.000,325.000,225.000,300.000,-1,-1,-1,-1,725.000,850.000,-1,-1,2,0,2,0,2,0,0,1,0,2,2,2,2,0,0,2,2
107,-4025.387,-2017.509,-136.898,-0.545,0.998904,0.009500,0.045829,-0.007934,0.999382,-0.034235,-0.046126,0.033834,0.998362,0,0.16794,0.54860,10.077,1.097,-1,375.000,-1,425.000,-1,325.000,325.000,225.000,300.000,-1,-1,-1,-1,725.000,850.000,-1,-1,2,0,2,0,2,0,0,1,0,2,2,2,2,0,0,2,2
108,-4020.110,-2017.457,-137.103,0.551,0.998902,-0.009604,0.045855,0.011188,0.999345,-0.034414,-0.045494,0.034889,0.998355,0,0.08794,0.54762,5.277,1.095,-1,375.000,-1,425.000,-1,325.000,325.000,225.000,300.000,-1,-1,-1,-1,725.000,850.000,-1,-1,2,0,2,0,2,0,0,1,0,2,2,2,2,0,0,2,2
109,-4019.634,-2017.443,-137.091,1.645,0.998535,-0.028686,0.045870,0.030279,0.998949,-0.034409,-0.044835,0.035748,0.998355,0,0.00794,0.54714,0.477,1.094,-1,375.000,-1,425.000,-1,325.000,325.000,225.000,300.000,-1,-1,-1,-1,725.000,850.000,-1,-1,2,0,2,0,2,0,0,1,0,2,2,2,2,0,0,2,2
110,-4014.363,-2017.213,-137.297,2.499,0.997996,-0.043576,0.045885,0.045183,0.998380,-0.034588,-0.044303,0.036592,0.998348,0,0.08794,0.42714,5.277,0.854,625.000,375.000,-1,400.000,-1,325.000,325.000,225.000,300.000,-1,-1,-1,-1,725.000,850.000,-1,-1,1,0,2,0,2,0,0,1,0,2,2,2,2,0,0,2,2
111,-4004.301,-2016.665,-137.719,3.113,0.997471,-0.054275,0.045893,0.055902,0.997824,-0.034950,-0.043896,0.037427,0.998335,0,0.16794,0.30714,10.077,0.614,575.000,375.000,-1,400.000,-1,325.000,325.000,225.000,300.000,-1,-1,-1,-1,725.000,850.000,-1,-1,1,0,2,0,2,0,0,1,0,2,2,2,2,0,0,2,2
112,-3989.452,-2015.760,-138.353,3.488,0.997095,-0.060790,0.045894,0.062443,0.997417,-0.035497,-0.043618,0.038259,0.998315,0,0.24794,0.18714,14.877,0.374,575.000,375.000,-1,400.000,-1,325.000,325.000,225.000,300.000,-1,-1,-1,-1,725.000,850.000,-1,-1,1,0,2,0,2,0,0,1,0,2,2,2,2,1,0,2,2
113,-3969.815,-2014.517,-139.200,3.622,0.996950,-0.063125,0.045888,0.064811,0.997240,-0.036228,-0.043474,0.039091,0.998289,0,0.32794,0.06714,19.677,0.134,-1,375.000,-1,400.000,-1,325.000,325.000,225.000,300.000,-1,-1,-1,-1,725.000,850.000,-1,-1,2,0,2,0,2,0,0,1,0,2,2,2,2,1,0,2,2
114,-3945.384,-2013.015,-140.278,3.516,0.997067,-0.061283,0.045844,0.063009,0.997319,-0.037207,-0.043441,0.039986,0.998255,0,0.40794,-0.05286,24.477,-0.106,-1,375.000,-1,425.000,-1,325.000,325.000,225.000,300.000,-1,-1,-1,-1,725.000,850.000,-1,-1,2,0,2,0,2,0,0,1,0,2,2,2,2,1,0,2,2
115,-3916.153,-2011.386,-141.619,3.189,0.997400,-0.055580,0.045870,0.057363,0.997610,-0.038526,-0.043619,0.041057,0.998204,0,0.48794,-0.16372,29.277,-0.327,-1,375.000,-1,425.000,-1,325.000,325.000,225.000,300.000,-1,-1,-1,-1,725.000,850.000,-1,-1,2,0,2,0,2,0,0,1,0,2,2,2,2,0,0,2,2
116,-3882.119,-2009.686,-143.280,2.859,0.997687,-0.049832,0.046234,0.051679,0.997877,-0.039639,-0.044161,0.041936,0.998144,0,0.56794,-0.16497,34.077,-0.330,-1,375.000,-1,425.000,-1,325.000,325.000,225.000,300.000,-1,-1,-1,-1,725.000,850.000,-1,-1,2,0,2,0,2,0,0,1,0,2,2,2,2,0,0,2,2
117,-3843.280,-2007.972,-145.178,2.527,0.997939,-0.044055,0.046661,0.045976,0.998104,-0.040916,-0.044770,0.042977,0.998072,0,0.64794,-0.16577,38.877,-0.332,-1,375.000,-1,400.000,-1,325.000,325.000,225.000,300.000,-1,-1,-1,-1,725.000,850.000,-1,-1,2,0,2,0,2,0,0,1,0,2,2,2,2,0,0,2,2
118,-3801.309,-2006.364,-147.231,2.193,0.998157,-0.038224,0.047135,0.040227,0.998295,-0.042304,-0.045438,0.044123,0.997992,0,0.70003,-0.16728,42.002,-0.335,-1,375.000,-1,400.000,-1,325.000,325.000,225.000,300.000,-1,-1,-1,-1,750.000,850.000,-1,-1,2,0,2,0,2,0,0,1,0,2,2,2,2,0,0,2,2
119,-3760.076,-2005.029,-149.254,1.854,0.998343,-0.032311,0.047614,0.034398,0.998454,-0.043674,-0.046129,0.045239,0.997911,0,0.68757,-0.16961,41.254,-0.339,-1,375.000,-1,400.000,-1,325.000,325.000,200.000,300.000,-1,-1,-1,-1,750.000,850.000,-1,-1,2,0,2,0,2,0,0,1,0,2,2,2,2,0,0,2,2
120,-3719.558,-2003.962,-151.248,1.508,0.998497,-0.026294,0.048097,0.028465,0.998580,-0.045025,-0.046844,0.046326,0.997827,0,0.67553,-0.17260,40.532,-0.345,-1,375.000,-1,400.000,-1,325.000,325.000,200.000,300.000,-1,-1,-1,-1,750.000,850.000,-1,-1,2,0,2,0,2,0,0,1,0,2,2,2,2,0,0,2,2
121,-3679.729,-2003.158,-153.216,1.156,0.998616,-0.020151,0.048582,0.022407,0.998674,-0.046359,-0.047584,0.047383,0.997743,0,0.66395,-0.17620,39.837,-0.352,-1,375.000,-1,400.000,-1,325.000,325.000,200.000,300.000,-1,-1,-1,-1,750.000,850.000,-1,-1,2,0,2,0,2,0,0,1,0,2,2,2,2,0,0,2,2
122,-3640.559,-2002.614,-155.159,0.795,0.998699,-0.013862,0.049071,0.016205,0.998731,-0.047676,-0.048347,0.048410,0.997657,0,0.65289,-0.18036,39.173,-0.361,-1,375.000,-1,400.000,-1,325.000,325.000,200.000,300.000,-1,-1,-1,-1,750.000,850.000,-1,-1,2,0,2,0,2,0,0,1,0,2,2,2,2,0,0,2,2
123,-3602.018,-2002.328,-157.082,0.425,0.998744,-0.007410,0.049561,0.009840,0.998751,-0.048979,-0.049136,0.049406,0.997569,0,0.64237,-0.18507,38.542,-0.370,-1,375.000,-1,400.000,-1,325.000,325.000,200.000,300.000,600.000,-1,-1,-1,750.000,825.000,-1,-1,2,0,2,0,2,0,0,1,0,1,2,2,2,0,0,2,2
124,-3564.072,-2002.298,-158.985,0.045,0.998746,-0.000776,0.050053,0.003295,0.998730,-0.050269,-0.049950,0.050371,0.997481,0,0.63244,-0.19027,37.946,-0.381,-1,375.000,-1,400.000,-1,325.000,325.000,225.000,300.000,600.000,-1,-1,-1,750.000,825.000,-1,-1,2,0,2,0,2,0,0,1,0,1,2,2,2,0,0,2,2
125,-3526.686,-2002.524,-160.873,-0.347,0.998703,0.006055,0.050546,-0.003446,0.998665,-0.051546,-0.050790,0.051305,0.997391,0,0.62311,-0.19595,37.386,-0.392,-1,400.000,-1,400.000,-1,325.000,325.000,225.000,300.000,575.000,-1,-1,-1,750.000,825.000,-1,-1,2,0,2,0,2,0,0,1,0,1,2,2,2,0,0,2,2
126,-3489.824,-2003.007,-162.747,-0.751,0.998611,0.013098,0.051040,-0.010398,0.998550,-0.052813,-0.051657,0.052209,0.997299,0,0.61440,-0.20206,36.864,-0.404,-1,400.000,-1,400.000,-1,325.000,325.000,225.000,300.000,575.000,-1,-1,-1,750.000,825.000,-1,-1,2,0,2,0,2,0,0,1,0,1,2,2,2,0,0,2,2
127,-3457.764,-2003.519,-164.380,-0.916,0.998547,0.015957,0.051465,-0.013177,0.998459,-0.053912,-0.052246,0.053155,0.997219,0,0.53440,-0.08206,32.064,-0.164,-1,400.000,-1,400.000,-1,325.000,325.000,225.000,300.000,575.000,-1,-1,-1,775.000,825.000,-1,-1,2,0,2,0,2,0,0,1,0,1,2,2,2,0,0,2,2
128,-3430.503,-2003.918,-165.763,-0.840,0.998549,0.014634,0.051818,-0.011786,0.998426,-0.054837,-0.052539,0.054147,0.997150,0,0.45440,0.03794,27.264,0.076,-1,400.000,-1,400.000,-1,325.000,325.000,225.000,300.000,575.000,-1,-1,-1,775.000,825.000,-1,-1,2,0,2,0,2,0,0,1,0,1,2,2,2,0,0,2,2
129,-3408.040,-2004.123,-166.893,-0.524,0.998600,0.009129,0.052097,-0.006227,0.998435,-0.055585,-0.052523,0.055183,0.997094,0,0.37440,0.15794,22.464,0.316,-1,400.000,-1,400.000,-1,325.000,325.000,225.000,300.000,575.000,-1,-1,-1,775.000,825.000,-1,-1,2,0,2,0,2,0,0,1,0,1,2,2,2,0,0,2,2
130,-3390.376,-2004.112,-167.769,0.032,0.998631,-0.000558,0.052301,0.003499,0.998416,-0.056154,-0.052187,0.056260,0.997051,0,0.29440,0.27794,17.664,0.556,-1,400.000,-1,400.000,-1,325.000,325.000,225.000,300.000,575.000,-1,-1,-1,775.000,825.000,-1,-1,2,0,2,0,2,0,0,1,0,1,2,2,2,0,0,2,2
131,-3377.513,-2003.926,-168.393,0.828,0.998520,-0.014426,0.052431,0.017391,0.998249,-0.056544,-0.051524,0.057372,0.997022,0,0.21440,0.39794,12.864,0.796,-1,400.000,-1,400.000,-1,325.000,325.000,225.000,300.000,600.000,-1,-1,-1,775.000,825.000,-1,-1,2,0,2,0,2,0,0,1,0,1,2,2,2,0,0,2,2
132,-3369.453,-2003.663,-168.769,1.864,0.998093,-0.032468,0.052491,0.035442,0.997759,-0.056757,-0.050530,0.058509,0.997007,0,0.13440,0.51794,8.064,1.036,-1,400.000,-1,400.000,-1,325.000,325.000,225.000,300.000,625.000,-1,-1,-1,775.000,825.000,-1,-1,2,0,2,0,2,0,0,1,0,1,2,2,2,0,0,2,2
133,-3366.194,-2003.483,-168.906,3.140,0.997124,-0.054673,0.052483,0.057641,0.996720,-0.056799,-0.049206,0.059661,0.997005,0,0.05440,0.63794,3.264,1.276,-1,400.000,-1,400.000,-1,325.000,325.000,225.000,300.000,675.000,-1,-1,-1,750.000,825.000,-1,-1,2,0,2,0,2,0,0,1,0,1,2,2,2,0,0,2,2
134,-3367.726,-2003.607,-168.817,4.656,0.995334,-0.081016,0.052415,0.083961,0.994856,-0.056676,-0.047554,0.060812,0.997016,0,-0.02560,0.75794,-1.536,1.516,-1,400.000,-1,400.000,-1,325.000,325.000,225.000,300.000,725.000,-1,-1,-1,750.000,825.000,-1,-1,2,0,2,0,2,0,0,1,0,1,2,2,2,0,0,2,2
135,-3374.023,-2004.313,-168.517,6.411,0.992393,-0.111453,0.052294,0.114363,0.991837,-0.056399,-0.045582,0.061950,0.997038,0,-0.10560,0.87794,-6.336,1.756,-1,400.000,-1,400.000,-1,325.000,325.000,225.000,300.000,775.000,-1,-1,-1,750.000,825.000,-1,-1,2,0,2,0,2,0,0,1,0,1,2,2,2,0,0,2,2
136,-3385.040,-2005.940,-168.026,8.407,0.987922,-0.145919,0.052134,0.148779,0.987285,-0.055979,-0.043303,0.063059,0.997070,0,-0.18560,0.99794,-11.136,1.996,-1,400.000,-1,400.000,-1,325.000,325.000,225.000,300.000,-1,-1,-1,-1,750.000,825.000,-1,-1,2,0,2,0,2,0,0,1,0,2,2,2,2,0,0,2,2
137,-3400.714,-2008.818,-167.327,10.407,0.982238,-0.180277,0.052039,0.183078,0.981543,-0.055284,-0.041112,0.063829,0.997114,0,-0.26560,1.00000,-15.936,2.000,-1,375.000,-1,400.000,-1,325.000,325.000,225.000,300.000,-1,-1,-1,-1,725.000,800.000,-1,-1,2,0,2,0,2,0,0,1,0,2,2,2,2,0,0,2,2
