timestep,x_cm,y_cm,z_cm,yaw_deg,basis_xx,basis_xy,basis_xz,basis_yx,basis_yy,basis_yz,basis_zx,basis_zy,basis_zz,teleport_flag,throttle_cmd,steering_cmd,cmd_move_cm,cmd_turn_deg,lidar_cm_0,lidar_cm_1,lidar_cm_2,lidar_cm_3,lidar_cm_4,lidar_cm_5,lidar_cm_6,lidar_cm_7,lidar_cm_8,lidar_cm_9,lidar_cm_10,lidar_cm_11,lidar_cm_12,lidar_cm_13,lidar_cm_14,lidar_cm_15,lidar_cm_16,lidar_class_0,lidar_class_1,lidar_class_2,lidar_class_3,lidar_class_4,lidar_class_5,lidar_class_6,lidar_class_7,lidar_class_8,lidar_class_9,lidar_class_10,lidar_class_11,lidar_class_12,lidar_class_13,lidar_class_14,lidar_class_15,lidar_class_16
0,331.682,-7540.182,88.956,-140.601,-0.772933,0.634235,0.017901,-0.634427,-0.772164,-0.035567,-0.008736,-0.038848,0.999207,1,-0.08000,0.12000,-4.800,0.240,-1,425.000,-1,400.000,-1,325.000,325.000,325.000,325.000,-1,550.000,650.000,-1,800.000,775.000,-1,-1,2,0,2,0,2,0,0,0,0,2,1,1,2,0,0,2,2
1,339.049,-7534.026,89.012,-140.121,-0.767589,0.640684,0.018192,-0.640885,-0.766828,-0.035243,-0.008629,-0.038711,0.999213,0,-0.16000,0.24000,-9.600,0.480,-1,425.000,-1,400.000,-1,325.000,325.000,325.000,325.000,-1,550.000,-1,-1,800.000,775.000,-1,-1,2,0,2,0,2,0,0,0,0,2,1,2,2,0,0,2,2
2,350.022,-7524.702,89.095,-139.645,-0.762226,0.647038,0.018805,-0.647259,-0.761476,-0.034778,-0.008183,-0.038680,0.999218,0,-0.24000,0.23816,-14.400,0.476,-1,425.000,-1,400.000,-1,325.000,325.000,325.000,325.000,-1,525.000,-1,-1,800.000,800.000,-1,-1,2,0,2,0,2,0,0,0,0,2,1,2,2,0,0,2,2
3,363.881,-7512.729,89.172,-139.176,-0.756897,0.653249,0.019315,-0.653489,-0.756167,-0.034118,-0.007682,-0.038446,0.999231,0,-0.30523,0.23426,-18.314,0.469,-1,425.000,-1,400.000,-1,325.000,325.000,325.000,325.000,-1,525.000,-1,-1,825.000,800.000,-1,-1,2,0,2,0,2,0,0,0,0,2,1,2,2,0,0,2,2
4,377.717,-7500.581,89.176,-138.718,-0.751634,0.659295,0.019406,-0.659539,-0.750930,-0.033362,-0.007423,-0.037875,0.999255,0,-0.30687,0.22932,-18.412,0.459,-1,425.000,-1,400.000,-1,325.000,325.000,325.000,325.000,-1,500.000,-1,-1,825.000,800.000,-1,-1,2,0,2,0,2,0,0,0,0,2,1,2,2,0,0,2,2
5,391.527,-7488.263,89.191,-138.269,-0.746437,0.665171,0.019472,-0.665417,-0.745760,-0.032584,-0.007152,-0.037279,0.999279,0,-0.30842,0.22436,-18.505,0.449,-1,425.000,-1,400.000,-1,325.000,325.000,325.000,325.000,-1,475.000,-1,-1,825.000,800.000,-1,-1,2,0,2,0,2,0,0,0,0,2,1,2,2,0,0,2,2
6,405.306,-7475.782,89.235,-137.830,-0.741309,0.670880,0.019508,-0.671129,-0.740663,-0.031699,-0.006817,-0.036591,0.999307,0,-0.30987,0.21940,-18.592,0.439,-1,425.000,-1,400.000,-1,325.000,325.000,325.000,325.000,-1,475.000,-1,-1,825.000,800.000,-1,-1,2,0,2,0,2,0,0,0,0,2,1,2,2,0,0,2,2
7,419.052,-7463.142,89.286,-137.401,-0.736255,0.676422,0.019521,-0.676673,-0.735638,-0.030821,-0.006488,-0.035901,0.999334,0,-0.31122,0.21445,-18.673,0.429,-1,425.000,-1,400.000,-1,325.000,325.000,300.000,325.000,-1,450.000,-1,-1,825.000,800.000,-1,-1,2,0,2,0,2,0,0,0,0,2,1,2,2,0,0,2,2
8,432.758,-7450.352,89.344,-136.982,-0.731278,0.681800,0.019511,-0.682052,-0.730690,-0.029951,-0.006164,-0.035210,0.999361,0,-0.31245,0.20949,-18.747,0.419,-1,425.000,-1,400.000,-1,325.000,325.000,300.000,325.000,-1,425.000,-1,-1,825.000,800.000,-1,-1,2,0,2,0,2,0,0,0,0,2,1,2,2,0,0,2,2
9,446.422,-7437.419,89.408,-136.573,-0.726380,0.687017,0.019479,-0.687268,-0.725821,-0.029090,-0.005847,-0.034518,0.999387,0,-0.31357,0.20455,-18.814,0.409,-1,425.000,-1,400.000,-1,325.000,325.000,300.000,325.000,1000.000,425.000,-1,-1,850.000,800.000,-1,-1,2,0,2,0,2,0,0,0,0,1,1,2,2,0,0,2,2
10,460.038,-7424.349,89.479,-136.174,-0.721565,0.692074,0.019427,-0.692324,-0.721034,-0.028240,-0.005536,-0.033826,0.999412,0,-0.31456,0.19962,-18.873,0.399,-1,425.000,-1,400.000,-1,325.000,325.000,300.000,325.000,975.000,400.000,-1,-1,850.000,800.000,-1,-1,2,0,2,0,2,0,0,0,0,1,1,2,2,0,0,2,2
11,473.602,-7411.152,89.557,-135.785,-0.716835,0.696974,0.019355,-0.697223,-0.716330,-0.027401,-0.005233,-0.033137,0.999437,0,-0.31542,0.19470,-18.925,0.389,-1,425.000,-1,400.000,-1,325.000,325.000,300.000,325.000,925.000,375.000,-1,-1,850.000,800.000,-1,-1,2,0,2,0,2,0,0,0,0,1,1,2,2,0,0,2,2
12,487.109,-7397.834,89.642,-135.405,-0.712191,0.701721,0.019265,-0.701968,-0.711713,-0.026574,-0.004936,-0.032449,0.999461,0,-0.31614,0.18981,-18.968,0.380,-1,425.000,-1,400.000,-1,325.000,325.000,300.000,325.000,900.000,375.000,-1,-1,850.000,800.000,-1,-1,2,0,2,0,2,0,0,0,0,1,1,2,2,0,0,2,2
13,500.554,-7384.404,89.733,-135.035,-0.707637,0.706316,0.019158,-0.706561,-0.707183,-0.025760,-0.004647,-0.031765,0.999485,0,-0.31672,0.18494,-19.003,0.370,-1,425.000,-1,400.000,-1,325.000,325.000,300.000,325.000,850.000,350.000,-1,-1,875.000,800.000,-1,-1,2,0,2,0,2,0,0,0,0,1,1,2,2,0,0,2,2
14,513.932,-7370.873,89.831,-134.675,-0.703173,0.710764,0.019035,-0.711005,-0.702744,-0.024961,-0.004365,-0.031086,0.999507,0,-0.31715,0.18011,-19.029,0.360,-1,425.000,-1,400.000,-1,325.000,325.000,300.000,325.000,800.000,325.000,-1,-1,875.000,800.000,-1,-1,2,0,2,0,2,0,0,0,0,1,1,2,2,0,0,2,2
15,523.830,-7360.650,89.915,-134.075,-0.695683,0.718097,0.019024,-0.718336,-0.695269,-0.024358,-0.004264,-0.030611,0.999522,0,-0.23715,0.30011,-14.229,0.600,-1,425.000,-1,400.000,-1,325.000,325.000,300.000,325.000,750.000,325.000,-1,-1,875.000,800.000,-1,-1,2,0,2,0,2,0,0,0,0,1,1,2,2,0,0,2,2
16,530.288,-7353.781,89.983,-133.234,-0.685075,0.728222,0.019124,-0.728460,-0.684670,-0.023937,-0.004338,-0.030330,0.999531,0,-0.15715,0.42011,-9.429,0.840,-1,425.000,-1,400.000,-1,325.000,325.000,300.000,325.000,700.000,325.000,-1,-1,875.000,800.000,-1,-1,2,0,2,0,2,0,0,0,0,1,1,2,2,0,0,2,2
17,533.395,-7350.349,90.030,-132.154,-0.671224,0.741002,0.019340,-0.741240,-0.670822,-0.023688,-0.004579,-0.030235,0.999532,0,-0.07715,0.54011,-4.629,1.080,-1,425.000,-1,400.000,-1,325.000,325.000,300.000,325.000,650.000,325.000,-1,-1,875.000,800.000,-1,-1,2,0,2,0,2,0,0,0,0,1,1,2,2,0,0,2,2
18,533.283,-7350.478,90.050,-131.056,-0.656895,0.753726,0.019628,-0.753966,-0.656489,-0.023620,-0.004918,-0.030314,0.999528,0,0.00285,0.54932,0.171,1.099,-1,425.000,-1,400.000,-1,325.000,325.000,300.000,325.000,625.000,325.000,-1,-1,875.000,825.000,-1,-1,2,0,2,0,2,0,0,0,0,1,1,2,2,0,0,2,2
19,530.090,-7354.289,90.039,-129.957,-0.642327,0.766170,0.020003,-0.766412,-0.641910,-0.023738,-0.005348,-0.030578,0.999518,0,0.08285,0.54937,4.971,1.099,-1,425.000,-1,400.000,-1,350.000,325.000,300.000,325.000,625.000,350.000,-1,-1,875.000,825.000,-1,-1,2,0,2,0,2,0,0,0,0,1,1,2,2,0,0,2,2
20,523.960,-7361.898,89.992,-128.855,-0.627489,0.778356,0.020487,-0.778604,-0.627055,-0.024049,-0.005872,-0.031041,0.999501,0,0.16285,0.55072,9.771,1.101,-1,425.000,-1,400.000,-1,350.000,325.000,300.000,325.000,600.000,-1,-1,-1,875.000,825.000,-1,-1,2,0,2,0,2,0,0,0,0,1,2,2,2,0,0,2,2
21,515.040,-7373.420,89.910,-127.749,-0.612347,0.790307,0.021102,-0.790562,-0.611889,-0.024560,-0.006498,-0.031722,0.999476,0,0.24285,0.55344,14.571,1.107,-1,425.000,-1,400.000,-1,350.000,325.000,300.000,325.000,600.000,-1,-1,-1,875.000,825.000,-1,-1,2,0,2,0,2,0,0,0,0,1,2,2,2,0,0,2,2
22,503.482,-7388.965,89.791,-126.633,-0.596865,0.802044,0.021874,-0.802309,-0.596373,-0.025281,-0.007232,-0.032639,0.999441,0,0.32285,0.55763,19.371,1.115,-1,425.000,-1,400.000,-1,350.000,325.000,300.000,325.000,600.000,-1,-1,-1,875.000,850.000,-1,-1,2,0,2,0,2,0,0,0,0,1,2,2,2,0,0,2,2
23,489.444,-7408.641,89.634,-125.507,-0.580999,0.813584,0.022828,-0.813864,-0.580463,-0.026224,-0.008084,-0.033815,0.999395,0,0.40285,0.56338,24.171,1.127,-1,425.000,-1,425.000,-1,350.000,325.000,300.000,325.000,625.000,-1,-1,-1,875.000,850.000,-1,-1,2,0,2,0,2,0,0,0,0,1,2,2,2,0,0,2,2
24,473.091,-7432.556,89.132,-124.365,-0.564715,0.824978,0.022533,-0.825226,-0.564133,-0.027507,-0.009981,-0.034129,0.999368,0,0.48285,0.57080,28.971,1.142,-1,425.000,-1,425.000,-1,350.000,350.000,300.000,325.000,650.000,-1,-1,-1,875.000,850.000,-1,-1,2,0,2,0,2,0,0,0,0,1,2,2,2,0,0,2,2
25,455.133,-7459.995,88.348,-123.205,-0.547952,0.836240,0.021248,-0.836413,-0.547324,-0.029160,-0.012755,-0.033750,0.999349,0,0.54656,0.57997,32.793,1.160,-1,425.000,-1,400.000,-1,350.000,325.000,300.000,325.000,675.000,-1,-1,-1,850.000,825.000,-1,-1,2,0,2,0,2,0,0,0,0,1,2,2,2,0,0,2,2
26,437.784,-7487.732,87.559,-122.024,-0.530645,0.847357,0.020047,-0.847451,-0.529973,-0.030928,-0.015583,-0.033401,0.999321,0,0.54527,0.59069,32.716,1.181,-1,425.000,-1,400.000,-1,350.000,325.000,300.000,325.000,700.000,-1,-1,-1,850.000,825.000,-1,-1,2,0,2,0,2,0,0,0,0,1,2,2,2,0,0,2,2
27,421.032,-7515.812,86.765,-120.820,-0.512783,0.858310,0.018935,-0.858320,-0.512065,-0.032811,-0.018466,-0.033077,0.999282,0,0.54496,0.60170,32.698,1.203,-1,425.000,-1,400.000,-1,350.000,325.000,300.000,325.000,725.000,-1,-1,-1,825.000,800.000,-1,-1,2,0,2,0,2,0,0,0,0,1,2,2,2,0,0,2,2
28,404.866,-7544.277,85.964,-119.594,-0.494350,0.869078,0.017917,-0.868999,-0.493588,-0.034808,-0.021407,-0.032778,0.999233,0,0.54558,0.61301,32.735,1.226,-1,425.000,-1,400.000,-1,350.000,325.000,300.000,300.000,775.000,-1,-1,-1,800.000,800.000,-1,-1,2,0,2,0,2,0,0,0,0,1,2,2,2,0,0,2,2
29,389.281,-7573.167,85.147,-118.345,-0.475334,0.879641,0.016984,-0.879467,-0.474528,-0.036885,-0.024386,-0.032469,0.999175,0,0.54710,0.62462,32.826,1.249,-1,425.000,-1,400.000,-1,325.000,325.000,300.000,300.000,800.000,-1,-1,-1,800.000,775.000,-1,-1,2,0,2,0,2,0,0,0,0,1,2,2,2,0,0,2,2
30,374.277,-7602.524,84.252,-117.072,-0.455714,0.889982,0.016018,-0.889710,-0.454876,-0.038777,-0.027225,-0.031923,0.999119,0,0.54947,0.63651,32.968,1.273,-1,425.000,-1,400.000,-1,325.000,325.000,300.000,300.000,825.000,-1,-1,-1,775.000,750.000,-1,-1,2,0,2,0,2,0,0,0,0,1,2,2,2,0,0,2,2
31,359.858,-7632.384,83.349,-115.774,-0.435485,0.900068,0.015154,-0.899691,-0.434616,-0.040803,-0.030140,-0.031404,0.999052,0,0.55266,0.64870,33.160,1.297,-1,400.000,-1,400.000,-1,325.000,325.000,300.000,300.000,850.000,-1,-1,-1,775.000,750.000,-1,-1,2,0,2,0,2,0,0,0,0,1,2,2,2,0,0,2,2
32,344.275,-7666.998,82.311,-114.237,-0.411226,0.911421,0.014307,-0.910915,-0.410318,-0.043267,-0.033564,-0.030825,0.998961,0,0.63266,0.76870,37.960,1.537,-1,400.000,-1,400.000,-1,325.000,325.000,300.000,300.000,900.000,-1,-1,-1,750.000,725.000,-1,-1,2,0,2,0,2,0,0,0,0,1,2,2,2,0,0,2,2
33,329.386,-7703.016,81.231,-112.460,-0.382806,0.923728,0.013620,-0.923078,-0.381859,-0.045941,-0.037236,-0.030159,0.998851,0,0.64957,0.88870,38.974,1.777,-1,400.000,-1,400.000,-1,325.000,325.000,300.000,275.000,925.000,-1,-1,-1,750.000,725.000,-1,-1,2,0,2,0,2,0,0,0,0,1,2,2,2,0,0,2,2
34,315.602,-7739.718,80.138,-110.584,-0.352417,0.935751,0.013132,-0.934943,-0.351428,-0.048781,-0.041032,-0.029469,0.998723,0,0.65342,0.93781,39.205,1.876,-1,400.000,-1,375.000,-1,325.000,325.000,300.000,300.000,950.000,-1,-1,-1,725.000,700.000,-1,-1,2,0,2,0,2,0,0,0,0,1,2,2,2,0,0,2,2
35,302.952,-7777.114,78.850,-108.689,-0.321361,0.946857,0.013753,-0.945919,-0.320296,-0.051456,-0.044316,-0.029545,0.998581,0,0.65794,0.94739,39.477,1.895,-1,375.000,-1,375.000,-1,325.000,325.000,300.000,300.000,975.000,-1,-1,-1,700.000,700.000,-1,-1,2,0,2,0,2,0,0,0,0,1,2,2,2,0,0,2,2
36,291.471,-7815.202,77.486,-106.775,-0.289641,0.957019,0.014953,-0.955970,-0.288482,-0.053847,-0.047219,-0.029890,0.998437,0,0.66302,0.95721,39.781,1.914,-1,375.000,-1,375.000,-1,300.000,300.000,300.000,300.000,1000.000,-1,-1,-1,700.000,675.000,-1,-1,2,0,2,0,2,0,0,0,0,1,2,2,2,0,0,2,2
37,281.197,-7853.979,76.304,-104.840,-0.257220,0.966225,0.015748,-0.965087,-0.256015,-0.055348,-0.049447,-0.029435,0.998343,0,0.66859,0.96727,40.116,1.935,-1,375.000,-1,375.000,-1,300.000,300.000,300.000,300.000,-1,-1,-1,-1,700.000,675.000,-1,-1,2,0,2,0,2,0,0,0,0,2,2,2,2,0,0,2,2
38,272.170,-7893.438,75.091,-102.885,-0.224164,0.974408,0.016742,-0.973179,-0.222905,-0.056879,-0.051692,-0.029043,0.998241,0,0.67462,0.97754,40.477,1.955,-1,375.000,-1,375.000,-1,300.000,300.000,300.000,300.000,-1,-1,-1,-1,675.000,675.000,-1,-1,2,0,2,0,2,0,0,0,0,2,2,2,2,0,0,2,2
39,264.436,-7933.563,73.414,-100.909,-0.190388,0.981567,0.016674,-0.980309,-0.189183,-0.056607,-0.052409,-0.027123,0.998257,0,0.68106,0.98804,40.864,1.976,-1,375.000,-1,375.000,-1,300.000,300.000,300.000,300.000,-1,-1,-1,-1,675.000,675.000,-1,-1,2,0,2,0,2,0,0,0,0,2,2,2,2,0,0,2,2
40,258.042,-7974.336,71.717,-98.912,-0.155993,0.987612,0.017009,-0.986419,-0.154862,-0.054728,-0.051415,-0.025316,0.998356,0,0.68787,0.99874,41.272,1.997,-1,375.000,-1,375.000,-1,300.000,300.000,300.000,300.000,-1,-1,-1,-1,650.000,675.000,-1,-1,2,0,2,0,2,0,0,0,0,2,2,2,2,0,0,2,2
41,253.023,-8015.732,69.969,-96.912,-0.121361,0.992459,0.017239,-0.991331,-0.120306,-0.052819,-0.050347,-0.023500,0.998455,0,0.69500,1.00000,41.700,2.000,-1,375.000,-1,375.000,-1,300.000,300.000,300.000,300.000,-1,-1,-1,-1,650.000,675.000,-1,-1,2,0,2,0,2,0,0,0,0,2,2,2,2,0,0,2,2
42,249.414,-8057.720,68.170,-94.912,-0.086579,0.996094,0.017352,-0.995029,-0.085600,-0.050884,-0.049200,-0.021672,0.998554,0,0.70238,1.00000,42.143,2.000,-1,375.000,-1,375.000,-1,300.000,300.000,300.000,300.000,-1,-1,-1,-1,650.000,675.000,-1,-1,2,0,2,0,2,0,0,0,0,2,2,2,2,0,0,2,2
43,247.218,-8097.600,66.439,-93.152,-0.055877,0.998287,0.017353,-0.997283,-0.054968,-0.049049,-0.048011,-0.020047,0.998646,0,0.66568,0.88000,39.941,1.760,-1,375.000,-1,375.000,-1,325.000,300.000,300.000,300.000,-1,-1,-1,-1,650.000,675.000,-1,-1,2,0,2,0,2,0,0,0,0,2,2,2,2,0,0,2,2
44,246.138,-8137.948,64.666,-91.532,-0.027572,0.999471,0.017256,-0.998528,-0.026731,-0.047195,-0.046709,-0.018532,0.998737,0,0.67272,0.80982,40.363,1.620,-1,375.000,-1,375.000,-1,325.000,325.000,300.000,300.000,-1,-1,-1,-1,650.000,650.000,-1,-1,2,0,2,0,2,0,0,0,0,2,2,2,2,0,0,2,2
45,246.371,-8178.722,62.854,-89.672,0.004950,0.999843,0.017019,-0.998956,0.005717,-0.045321,-0.045411,-0.016777,0.998827,0,0.67958,0.92982,40.775,1.860,1000.000,375.000,-1,375.000,-1,325.000,325.000,300.000,300.000,-1,-1,-1,-1,650.000,650.000,-1,-1,1,0,2,0,2,0,0,0,0,2,2,2,2,0,0,2,2
46,247.991,-8219.908,61.000,-87.746,0.038639,0.999115,0.016635,-0.998282,0.039330,-0.043436,-0.044052,-0.014929,0.998918,0,0.68696,0.96335,41.218,1.927,950.000,375.000,-1,375.000,-1,325.000,325.000,300.000,300.000,-1,-1,-1,-1,650.000,650.000,-1,-1,1,0,2,0,2,0,0,0,0,2,2,2,2,0,0,2,2
47,251.014,-8261.469,59.105,-85.840,0.071920,0.997280,0.016102,-0.996500,0.072535,-0.041547,-0.042602,-0.013058,0.999007,0,0.69452,0.95282,41.671,1.906,900.000,375.000,-1,375.000,-1,325.000,325.000,300.000,300.000,-1,-1,-1,-1,625.000,650.000,-1,-1,1,0,2,0,2,0,0,0,0,2,2,2,2,0,0,2,2
48,255.449,-8303.358,57.170,-83.956,0.104755,0.994379,0.015411,-0.993650,0.105293,-0.039662,-0.041062,-0.011158,0.999094,0,0.70205,0.94223,42.123,1.884,850.000,375.000,-1,375.000,-1,325.000,325.000,300.000,300.000,-1,-1,-1,-1,625.000,650.000,-1,-1,1,0,2,0,2,0,0,0,0,2,2,2,2,0,0,2,2
49,261.305,-8345.525,55.198,-82.092,0.137109,0.990449,0.014552,-0.989771,0.137570,-0.037790,-0.039431,-0.009222,0.999180,0,0.70954,0.93159,42.572,1.863,800.000,375.000,-1,375.000,-1,325.000,325.000,300.000,300.000,-1,450.000,475.000,-1,625.000,650.000,-1,-1,1,0,2,0,2,0,0,0,0,2,0,0,2,0,0,2,2
50,268.589,-8387.920,53.190,-80.251,0.168950,0.985532,0.013516,-0.984903,0.169335,-0.035940,-0.037708,-0.007240,0.999263,0,0.71694,0.92090,43.016,1.842,750.000,375.000,-1,375.000,-1,300.000,300.000,300.000,300.000,-1,425.000,425.000,-1,625.000,650.000,-1,-1,1,0,2,0,2,0,0,0,0,2,0,0,2,0,0,2,2
51,277.304,-8430.492,51.150,-78.430,0.200248,0.979668,0.012296,-0.979087,0.200558,-0.034124,-0.035896,-0.005205,0.999342,0,0.72424,0.91017,43.455,1.820,725.000,375.000,-1,375.000,-1,300.000,300.000,300.000,300.000,-1,400.000,400.000,-1,625.000,625.000,-1,-1,1,0,2,0,2,0,0,0,0,2,0,0,2,0,0,2,2
52,287.451,-8473.188,49.214,-76.631,0.230956,0.972897,0.011455,-0.972356,0.231212,-0.032624,-0.034388,-0.003604,0.999402,0,0.73142,0.89940,43.885,1.799,675.000,350.000,-1,375.000,-1,300.000,300.000,300.000,300.000,-1,375.000,400.000,-1,625.000,625.000,-1,-1,1,0,2,0,2,0,0,0,0,2,0,0,2,0,0,2,2
53,298.934,-8515.545,47.915,-74.832,0.261378,0.965154,0.012601,-0.964697,0.261646,-0.030006,-0.032257,-0.004313,0.999470,0,0.73144,0.89967,43.887,1.799,625.000,350.000,-1,375.000,-1,300.000,300.000,300.000,300.000,-1,375.000,400.000,-1,625.000,650.000,-1,-1,1,0,2,0,2,0,0,0,0,2,0,0,2,0,0,2,2
54,311.741,-8557.519,46.706,-73.032,0.291556,0.956455,0.013755,-0.956090,0.291832,-0.026940,-0.029780,-0.005296,0.999542,0,0.73141,0.90002,43.885,1.800,600.000,350.000,-1,375.000,-1,300.000,300.000,300.000,300.000,-1,375.000,400.000,-1,625.000,650.000,-1,-1,1,0,2,0,2,0,0,0,0,2,0,0,2,0,0,2,2
55,326.817,-8601.967,45.505,-71.264,0.320937,0.946991,0.014412,-0.946705,0.321205,-0.024034,-0.027390,-0.005931,0.999607,0,0.78226,0.88413,46.936,1.768,550.000,350.000,-1,375.000,-1,300.000,300.000,300.000,300.000,-1,375.000,400.000,-1,625.000,650.000,-1,-1,1,0,2,0,2,0,0,0,0,2,0,0,2,0,0,2,2
56,343.297,-8646.019,44.515,-69.489,0.350136,0.936591,0.014208,-0.936349,0.350380,-0.022002,-0.025585,-0.005600,0.999657,0,0.78389,0.88735,47.033,1.775,525.000,350.000,-1,375.000,-1,300.000,300.000,300.000,300.000,-1,400.000,425.000,-1,625.000,650.000,-1,-1,1,0,2,0,2,0,0,0,0,2,0,0,2,0,0,2,2
57,361.174,-8689.626,43.810,-67.708,0.379147,0.925254,0.012331,-0.925056,0.379326,-0.019571,-0.022785,-0.003986,0.999732,0,0.78549,0.89063,47.129,1.781,475.000,350.000,-1,375.000,-1,300.000,300.000,300.000,300.000,-1,400.000,425.000,-1,625.000,650.000,-1,-1,1,0,2,0,2,0,0,0,0,2,0,0,2,0,0,2,2
58,380.441,-8732.738,43.095,-65.920,0.407890,0.912973,0.010256,-0.912813,0.408013,-0.017288,-0.019968,-0.002310,0.999798,0,0.78703,0.89398,47.222,1.788,450.000,350.000,-1,375.000,-1,300.000,300.000,300.000,300.000,-1,400.000,425.000,-1,625.000,650.000,-1,-1,1,0,2,0,2,0,0,0,0,2,0,0,2,1,0,2,2
59,401.088,-8775.307,42.373,-64.125,0.436335,0.899749,0.007992,-0.899621,0.436408,-0.015170,-0.017137,-0.000571,0.999853,0,0.78852,0.89741,47.311,1.795,425.000,350.000,-1,375.000,-1,300.000,300.000,300.000,300.000,-1,425.000,425.000,-1,625.000,650.000,-1,-1,1,0,2,0,2,0,0,0,0,2,0,0,2,1,0,2,2
60,423.103,-8817.280,41.874,-62.323,0.464444,0.885582,0.005990,-0.885498,0.464483,-0.012228,-0.013612,0.000375,0.999907,0,0.78995,0.90091,47.397,1.802,400.000,375.000,-1,375.000,-1,300.000,300.000,300.000,300.000,-1,425.000,425.000,-1,650.000,650.000,-1,-1,1,0,2,0,2,0,0,0,0,2,0,0,2,1,0,2,2
61,446.472,-8858.609,41.423,-60.514,0.492193,0.870478,0.003851,-0.870430,0.492206,-0.009222,-0.009923,0.001187,0.999950,0,0.79130,0.90449,47.478,1.809,375.000,375.000,-1,375.000,-1,300.000,300.000,300.000,300.000,-1,425.000,400.000,-1,675.000,675.000,-1,-1,1,0,2,0,2,0,0,0,0,2,0,0,2,0,0,2,2
62,471.179,-8899.241,40.978,-58.698,0.519550,0.854439,0.001492,-0.854417,0.519548,-0.006357,-0.006207,0.002028,0.999979,0,0.79257,0.90816,47.554,1.816,325.000,375.000,-1,375.000,-1,300.000,300.000,300.000,300.000,-1,400.000,375.000,-1,675.000,675.000,-1,-1,1,0,2,0,2,0,0,0,0,2,0,0,2,0,0,2,2
63,497.205,-8939.125,40.541,-56.874,0.546485,0.837468,-0.001081,-0.837465,0.546478,-0.003652,-0.002468,0.002901,0.999993,0,0.79374,0.91193,47.624,1.824,300.000,375.000,-1,375.000,-1,300.000,300.000,300.000,300.000,-1,350.000,325.000,-1,700.000,675.000,-1,-1,1,1,2,0,2,0,0,0,0,2,0,0,2,0,0,2,2
64,524.528,-8978.209,40.125,-55.042,0.572965,0.819571,-0.003792,-0.819579,0.572965,-0.001129,0.001248,0.003755,0.999992,0,0.79479,0.91580,47.688,1.832,275.000,350.000,-1,375.000,-1,300.000,300.000,300.000,300.000,-1,325.000,325.000,-1,700.000,675.000,-1,-1,1,1,2,0,2,0,0,1,0,2,0,0,2,0,0,2,2
65,553.126,-9016.440,40.265,-53.203,0.598972,0.800759,-0.004128,-0.800763,0.598981,0.001120,0.003370,0.002635,0.999991,0,0.79573,0.91979,47.744,1.840,250.000,350.000,-1,375.000,-1,300.000,300.000,275.000,300.000,-1,350.000,325.000,-1,725.000,700.000,400.000,-1,1,1,2,0,2,0,0,1,0,2,0,0,2,0,0,1,2
66,582.972,-9053.767,41.456,-51.355,0.624426,0.781018,-0.010127,-0.781033,0.624481,0.003321,0.008918,0.005836,0.999943,0,0.79653,0.92389,47.792,1.848,225.000,375.000,-1,375.000,-1,325.000,325.000,275.000,300.000,-1,350.000,325.000,-1,750.000,725.000,-1,-1,1,1,2,0,2,1,0,1,0,2,0,0,2,0,0,2,2
67,614.037,-9090.136,44.091,-49.499,0.649125,0.760308,-0.023844,-0.760440,0.649390,0.004854,0.019175,0.014981,0.999704,0,0.79717,0.92812,47.830,1.856,250.000,400.000,-1,400.000,-1,350.000,325.000,275.000,300.000,-1,325.000,275.000,-1,850.000,750.000,-1,-1,1,1,2,0,2,0,0,1,0,2,0,0,2,0,0,2,2
68,646.290,-9125.495,46.474,-47.634,0.673103,0.738658,-0.036290,-0.738997,0.673685,0.005558,0.028553,0.023077,0.999326,0,0.79765,0.93248,47.859,1.865,250.000,450.000,-1,425.000,-1,350.000,350.000,250.000,300.000,-1,300.000,250.000,-1,900.000,800.000,-1,-1,1,0,2,0,2,0,0,1,0,2,0,0,2,1,0,2,2
69,682.867,-9163.378,48.693,-46.009,0.693233,0.719115,-0.047964,-0.719735,0.694224,0.005884,0.037529,0.030443,0.998832,0,0.87765,0.81248,52.659,1.625,275.000,500.000,-1,425.000,-1,375.000,375.000,250.000,275.000,-1,300.000,250.000,900.000,900.000,875.000,-1,-1,1,0,2,0,2,0,0,1,0,2,0,0,0,1,0,2,2
70,721.302,-9201.307,50.524,-44.624,0.709852,0.701991,-0.057606,-0.702899,0.711264,0.006027,0.045204,0.036212,0.998321,0,0.89996,0.69248,53.997,1.385,350.000,525.000,-1,450.000,-1,400.000,375.000,225.000,275.000,-1,275.000,250.000,825.000,925.000,925.000,-1,-1,1,0,2,0,2,0,0,1,0,2,0,0,0,1,0,2,2
71,760.391,-9238.370,52.131,-43.479,0.723340,0.687564,-0.063528,-0.688645,0.725071,0.006427,0.050481,0.039100,0.997959,0,0.89777,0.57248,53.866,1.145,-1,525.000,-1,475.000,-1,400.000,400.000,225.000,275.000,-1,275.000,225.000,800.000,900.000,950.000,-1,-1,2,0,2,0,2,0,0,1,0,2,0,0,0,1,0,2,2
72,799.912,-9274.678,53.319,-42.574,0.733892,0.676007,-0.066456,-0.677142,0.735818,0.007063,0.053674,0.039817,0.997764,0,0.89444,0.45248,53.667,0.905,-1,550.000,-1,475.000,-1,425.000,400.000,200.000,275.000,-1,300.000,200.000,775.000,875.000,975.000,-1,-1,2,0,2,0,2,0,0,1,0,2,0,0,0,1,0,2,2
73,839.647,-9310.342,54.243,-41.909,0.741696,0.667433,-0.066484,-0.668561,0.743626,0.006804,0.053981,0.039402,0.997764,0,0.88988,0.33248,53.393,0.665,-1,550.000,-1,475.000,-1,425.000,400.000,175.000,275.000,-1,300.000,200.000,800.000,850.000,1000.000,-1,-1,2,0,2,0,2,0,0,1,0,2,0,0,0,1,0,2,2
74,879.381,-9345.479,54.555,-41.484,0.746851,0.661974,-0.063282,-0.662936,0.748640,0.007370,0.052254,0.036448,0.997968,0,0.88404,0.21248,53.042,0.425,-1,525.000,-1,475.000,-1,400.000,400.000,150.000,275.000,-1,350.000,200.000,850.000,800.000,975.000,-1,-1,2,0,2,0,2,0,0,1,0,2,0,0,0,1,0,2,2
75,918.905,-9380.205,54.176,-41.299,0.749412,0.659677,-0.056642,-0.660344,0.750913,0.008669,0.048252,0.030907,0.998357,0,0.87688,0.09248,52.613,0.185,-1,500.000,-1,450.000,-1,400.000,375.000,150.000,275.000,-1,375.000,250.000,950.000,750.000,950.000,-1,-1,2,1,2,0,2,0,0,1,0,2,0,0,0,1,0,2,2
76,958.014,-9414.634,53.051,-41.354,0.749356,0.660544,-0.046339,-0.660848,0.750445,0.010622,0.041791,0.022663,0.998869,0,0.86842,-0.02752,52.105,-0.055,-1,475.000,-1,450.000,-1,375.000,375.000,125.000,300.000,-1,450.000,325.000,-1,675.000,925.000,900.000,-1,2,1,2,0,2,0,0,1,0,2,0,0,2,1,0,1,2
77,996.511,-9448.878,51.180,-41.649,0.746573,0.664527,-0.032131,-0.664492,0.747177,0.013320,0.032859,0.011406,0.999395,0,0.85874,-0.14752,51.525,-0.295,-1,450.000,950.000,425.000,-1,350.000,350.000,100.000,300.000,-1,550.000,500.000,-1,600.000,850.000,775.000,-1,2,1,1,0,2,0,0,1,0,2,0,0,2,1,0,1,2
78,1034.209,-9483.045,48.528,-42.184,0.740861,0.671516,-0.013793,-0.671319,0.740984,0.016552,0.021335,-0.003003,0.999768,0,0.84796,-0.26752,50.878,-0.535,925.000,400.000,850.000,400.000,-1,325.000,325.000,100.000,300.000,-1,725.000,725.000,-1,550.000,800.000,650.000,-1,1,1,1,0,2,0,0,1,0,2,0,0,2,1,0,1,2
79,1070.930,-9517.238,51.732,-42.959,0.731783,0.681467,-0.009815,-0.681498,0.731820,0.000227,0.007338,0.006523,0.999952,0,0.83627,-0.38752,50.176,-0.775,750.000,375.000,775.000,375.000,-1,325.000,300.000,100.000,300.000,-1,-1,-1,-1,500.000,700.000,550.000,-1,1,1,1,0,2,0,0,1,0,2,2,2,2,1,0,1,2
80,1106.506,-9551.560,55.904,-43.975,0.719690,0.694198,-0.011648,-0.694289,0.719503,-0.016699,-0.003211,0.020105,0.999793,0,0.82389,-0.50752,49.434,-1.015,650.000,350.000,725.000,350.000,-1,300.000,300.000,125.000,275.000,-1,-1,-1,-1,450.000,650.000,500.000,-1,1,1,1,0,2,0,0,1,0,2,2,2,2,1,0,1,2
81,1139.475,-9584.239,59.101,-44.750,0.710376,0.703696,-0.013336,-0.703739,0.709874,-0.028806,-0.010804,0.029848,0.999496,0,0.77367,-0.38752,46.420,-0.775,550.000,325.000,675.000,350.000,-1,300.000,300.000,150.000,275.000,-1,-1,-1,-1,425.000,625.000,450.000,-1,1,1,1,0,2,0,0,1,0,2,2,2,2,1,0,1,2
82,1171.668,-9616.751,61.570,-45.285,0.703913,0.710135,-0.014650,-0.710104,0.703114,-0.037182,-0.016103,0.036576,0.999201,0,0.76256,-0.26752,45.754,-0.535,475.000,325.000,650.000,350.000,-1,300.000,300.000,175.000,275.000,-1,-1,-1,-1,400.000,600.000,400.000,975.000,1,1,1,0,2,1,0,1,0,2,2,2,2,1,0,1,1
83,1203.283,-9649.010,63.379,-45.580,0.700346,0.713637,-0.015425,-0.713541,0.699340,-0.042210,-0.019335,0.040568,0.998990,0,0.75279,-0.14752,45.168,-0.295,425.000,300.000,600.000,325.000,850.000,275.000,300.000,200.000,275.000,400.000,-1,-1,-1,375.000,575.000,375.000,900.000,1,1,1,0,0,1,0,1,0,1,2,2,2,1,0,1,1
84,1234.514,-9680.938,65.174,-45.635,0.699705,0.714190,-0.018607,-0.714185,0.698539,-0.044544,-0.018815,0.044456,0.998834,0,0.74439,-0.02752,44.663,-0.055,375.000,275.000,575.000,350.000,850.000,275.000,300.000,200.000,275.000,350.000,-1,-1,-1,350.000,575.000,325.000,850.000,1,1,1,0,0,1,0,1,0,1,2,2,2,1,1,1,1
85,1265.553,-9712.463,67.352,-45.450,0.701954,0.711750,-0.025932,-0.712091,0.700662,-0.044713,-0.013655,0.049852,0.998663,0,0.73734,0.09248,44.240,0.185,350.000,275.000,550.000,350.000,-1,250.000,300.000,225.000,250.000,325.000,-1,-1,-1,325.000,550.000,300.000,825.000,1,1,1,0,2,1,0,1,0,1,2,2,2,1,1,1,1
86,1296.581,-9743.512,69.416,-45.025,0.707016,0.706353,-0.034546,-0.707173,0.705741,-0.042838,-0.005878,0.054717,0.998485,0,0.73159,0.21248,43.895,0.425,325.000,250.000,525.000,375.000,-1,250.000,300.000,275.000,250.000,325.000,-1,-1,-1,300.000,525.000,275.000,775.000,1,1,1,0,2,1,1,1,0,1,2,2,2,1,1,1,1
87,1327.773,-9774.008,71.355,-44.360,0.714784,0.697936,-0.044376,-0.699333,0.713707,-0.039441,0.004145,0.059225,0.998236,0,0.72706,0.33248,43.623,0.665,300.000,250.000,500.000,375.000,-1,225.000,275.000,300.000,250.000,325.000,-1,-1,-1,300.000,500.000,275.000,725.000,1,1,1,1,2,1,1,1,0,1,2,2,2,1,1,1,1
88,1359.296,-9803.868,73.154,-43.455,0.725118,0.686395,-0.055368,-0.688437,0.724450,-0.035030,0.016067,0.063518,0.997851,0,0.72366,0.45248,43.420,0.905,300.000,225.000,475.000,350.000,-1,225.000,275.000,325.000,250.000,325.000,-1,-1,-1,275.000,475.000,250.000,675.000,1,1,1,1,2,1,1,1,0,1,2,2,2,1,1,1,1
89,1391.304,-9832.996,74.860,-42.310,0.737826,0.671609,-0.067483,-0.674332,0.737831,-0.029711,0.029837,0.067427,0.997278,0,0.72130,0.57248,43.278,1.145,275.000,200.000,425.000,325.000,-1,200.000,250.000,350.000,250.000,325.000,-1,-1,-1,250.000,425.000,225.000,625.000,1,1,1,1,2,1,1,1,0,1,2,2,2,1,1,1,1
90,1427.636,-9864.485,76.665,-40.925,0.752488,0.653378,-0.082818,-0.656908,0.753615,-0.023176,0.047270,0.071844,0.996295,0,0.80130,0.69248,48.078,1.385,275.000,200.000,400.000,300.000,-1,175.000,225.000,375.000,250.000,325.000,875.000,550.000,875.000,250.000,400.000,225.000,575.000,1,1,1,1,2,1,1,1,0,1,0,0,0,1,1,1,1
91,1468.563,-9897.972,78.591,-39.300,0.768657,0.631523,-0.101710,-0.635959,0.771568,-0.015456,0.068715,0.076563,0.994694,0,0.88130,0.81248,52.878,1.625,250.000,175.000,375.000,275.000,-1,175.000,200.000,400.000,250.000,325.000,400.000,200.000,675.000,225.000,375.000,200.000,525.000,1,1,1,1,2,1,1,1,0,1,0,0,0,1,1,1,1
92,8855.104,4263.443,-55.954,-110.951,-0.357796,0.932414,-0.050848,-0.890108,-0.357010,-0.283286,-0.282293,-0.056099,0.957686,1,0.00000,0.00000,57.370,1.865,200.000,225.000,450.000,250.000,425.000,200.000,225.000,425.000,675.000,-1,25.000,0.000,-1,275.000,350.000,200.000,350.000,0,0,0,0,0,0,0,0,0,2,1,1,2,0,0,0,0
93,-327.097,-6892.006,83.840,100.438,-0.181675,-0.983337,0.006575,0.982253,-0.181150,0.048628,-0.046627,0.015293,0.998795,1,-0.08000,-0.12000,-4.800,-0.240,-1,375.000,-1,425.000,-1,325.000,325.000,300.000,300.000,-1,-1,-1,-1,700.000,-1,-1,-1,2,0,2,1,2,0,0,0,1,2,2,2,2,0,2,2,2
94,-325.437,-6901.461,84.186,99.958,-0.173417,-0.984825,0.006768,0.983783,-0.172906,0.047690,-0.045796,0.014929,0.998839,0,-0.16000,-0.24000,-9.600,-0.480,-1,400.000,-1,425.000,-1,325.000,325.000,300.000,300.000,-1,-1,-1,-1,700.000,-1,-1,-1,2,0,2,1,2,0,0,0,1,2,2,2,2,0,2,2,2
95,-323.117,-6915.673,84.724,99.271,-0.161568,-0.986837,0.006974,0.985858,-0.161081,0.046228,-0.044496,0.014344,0.998907,0,-0.24000,-0.34366,-14.400,-0.687,-1,400.000,-1,425.000,-1,325.000,325.000,300.000,275.000,-1,-1,-1,-1,725.000,-1,-1,-1,2,0,2,1,2,0,0,0,1,2,2,2,2,0,2,2,2
96,-320.937,-6930.100,85.289,98.594,-0.149869,-0.988680,0.007093,0.987765,-0.149410,0.044689,-0.043123,0.013704,0.998976,0,-0.24316,-0.33855,-14.590,-0.677,-1,400.000,-1,450.000,-1,325.000,325.000,300.000,275.000,-1,-1,-1,-1,725.000,-1,-1,-1,2,0,2,1,2,0,0,0,1,2,2,2,2,0,2,2,2
97,-318.944,-6944.409,85.865,97.927,-0.138321,-0.990362,0.007129,0.989509,-0.137891,0.043111,-0.041712,0.013018,0.999045,0,-0.24079,-0.33351,-14.447,-0.667,-1,400.000,-1,450.000,-1,325.000,325.000,300.000,275.000,-1,-1,-1,-1,725.000,-1,-1,-1,2,0,2,1,2,0,0,0,1,2,2,2,2,0,2,2,2
98,-317.133,-6958.611,86.453,97.269,-0.126921,-0.991887,0.007085,0.991095,-0.126524,0.041500,-0.040267,0.012289,0.999113,0,-0.23861,-0.32861,-14.317,-0.657,-1,400.000,-1,450.000,-1,325.000,325.000,300.000,250.000,-1,-1,-1,-1,750.000,-1,-1,-1,2,0,2,1,2,0,1,0,1,2,2,2,2,0,2,2,2
99,-315.495,-6972.714,87.052,96.622,-0.115669,-0.993263,0.006962,0.992530,-0.115304,0.039861,-0.038789,0.011521,0.999181,0,-0.23662,-0.32384,-14.197,-0.648,-1,400.000,-1,450.000,-1,325.000,325.000,300.000,250.000,-1,-1,-1,-1,750.000,-1,-1,-1,2,0,2,1,2,0,1,0,1,2,2,2,2,0,2,2,2
100,-314.027,-6986.725,87.661,95.983,-0.104562,-0.994495,0.006762,0.993819,-0.104231,0.038196,-0.037281,0.010714,0.999247,0,-0.23481,-0.31921,-14.089,-0.638,-1,400.000,-1,450.000,-1,325.000,325.000,300.000,250.000,-1,-1,-1,-1,775.000,-1,-1,-1,2,0,2,1,2,0,1,0,0,2,2,2,2,0,2,2,2
101,-312.722,-7000.655,88.280,95.354,-0.093597,-0.995589,0.006488,0.994968,-0.093301,0.036510,-0.035744,0.009873,0.999312,0,-0.23317,-0.31471,-13.990,-0.629,-1,400.000,-1,475.000,-1,325.000,325.000,300.000,250.000,-1,-1,-1,-1,775.000,-1,-1,-1,2,0,2,1,2,0,1,0,0,2,2,2,2,0,2,2,2
102,-311.574,-7014.509,88.909,94.733,-0.082773,-0.996549,0.006142,0.995982,-0.082512,0.034806,-0.034179,0.008998,0.999375,0,-0.23169,-0.31033,-13.902,-0.621,-1,400.000,-1,475.000,-1,325.000,325.000,300.000,250.000,-1,-1,-1,-1,775.000,-1,-1,-1,2,0,2,1,2,0,1,0,0,2,2,2,2,0,2,2,2
103,-310.581,-7028.296,89.547,94.121,-0.072088,-0.997382,0.005725,0.996866,-0.071861,0.033088,-0.032590,0.008093,0.999436,0,-0.23037,-0.30607,-13.822,-0.612,-1,400.000,-1,475.000,-1,325.000,350.000,300.000,275.000,-1,-1,-1,-1,800.000,-1,-1,-1,2,0,2,1,2,0,1,0,0,2,2,2,2,0,2,2,2
104,-309.737,-7042.022,90.193,93.517,-0.061539,-0.998091,0.005240,0.997624,-0.061346,0.031358,-0.030976,0.007157,0.999494,0,-0.22920,-0.30193,-13.752,-0.604,-1,425.000,-1,475.000,-1,325.000,350.000,300.000,275.000,-1,-1,-1,-1,800.000,-1,-1,-1,2,0,2,1,2,0,1,0,0,2,2,2,2,0,2,2,2
105,-309.040,-7055.695,90.848,92.921,-0.051124,-0.998681,0.004689,0.998261,-0.050964,0.029618,-0.029340,0.006195,0.999550,0,-0.22817,-0.29790,-13.690,-0.596,-1,425.000,-1,500.000,-1,325.000,350.000,300.000,275.000,-1,-1,-1,-1,825.000,-1,-1,-1,2,0,2,1,2,0,1,0,0,2,2,2,2,0,2,2,2
106,-308.485,-7069.321,91.511,92.333,-0.040842,-0.999157,0.004072,0.998782,-0.040713,0.027873,-0.027683,0.005206,0.999603,0,-0.22728,-0.29399,-13.637,-0.588,-1,425.000,-1,500.000,-1,325.000,350.000,300.000,275.000,-1,-1,-1,-1,825.000,-1,-1,-1,2,0,2,1,2,0,1,0,0,2,2,2,2,0,2,2,2
107,-308.069,-7082.906,92.182,91.753,-0.030689,-0.999523,0.003394,0.999191,-0.030590,0.026123,-0.026007,0.004193,0.999653,0,-0.22652,-0.29018,-13.591,-0.580,-1,425.000,-1,500.000,-1,350.000,350.000,300.000,275.000,-1,-1,-1,-1,850.000,-1,-1,-1,2,0,2,1,2,0,1,0,0,2,2,2,2,0,2,2,2
108,-307.790,-7096.456,92.861,91.180,-0.020665,-0.999783,0.002655,0.999491,-0.020594,0.024371,-0.024311,0.003157,0.999699,0,-0.22589,-0.28648,-13.553,-0.573,-1,425.000,-1,500.000,-1,350.000,350.000,300.000,275.000,-1,-1,-1,-1,850.000,-1,-1,-1,2,0,2,1,2,0,1,0,0,2,2,2,2,0,2,2,2
109,-307.645,-7109.978,93.547,90.614,-0.010766,-0.999940,0.001857,0.999687,-0.010721,0.022620,-0.022599,0.002100,0.999742,0,-0.22537,-0.28288,-13.522,-0.566,-1,425.000,-1,500.000,-1,350.000,350.000,300.000,275.000,-1,-1,-1,-1,875.000,-1,-1,-1,2,0,2,1,2,0,1,0,0,2,2,2,2,0,2,2,2
110,-307.632,-7123.476,94.240,90.056,-0.000990,-0.999999,0.001002,0.999782,-0.000969,0.020872,-0.020871,0.001023,0.999782,0,-0.22497,-0.27938,-13.498,-0.559,-1,425.000,-1,525.000,-1,350.000,375.000,300.000,300.000,-1,-1,-1,-1,875.000,-1,-1,-1,2,0,2,1,2,0,1,0,0,2,2,2,2,0,2,2,2
111,-307.749,-7136.956,94.939,89.504,0.008664,-0.999962,0.000093,0.999780,0.008664,0.019128,-0.019128,-0.000073,0.999817,0,-0.22468,-0.27597,-13.481,-0.552,-1,425.000,-1,525.000,-1,350.000,375.000,300.000,300.000,-1,-1,-1,-1,900.000,-1,-1,-1,2,0,2,1,2,0,1,0,0,2,2,2,2,0,2,2,2
112,-307.993,-7150.424,95.646,88.958,0.018199,-0.999834,-0.000870,0.999683,0.018181,0.017389,-0.017371,-0.001186,0.999848,0,-0.22449,-0.27266,-13.470,-0.545,-1,450.000,-1,525.000,-1,350.000,375.000,300.000,300.000,-1,-1,-1,-1,900.000,-1,-1,-1,2,0,2,1,2,0,1,0,0,2,2,2,2,0,2,2,2
113,-308.365,-7163.883,96.358,88.419,0.027617,-0.999617,-0.001884,0.999497,0.027584,0.015659,-0.015601,-0.002316,0.999876,0,-0.22441,-0.26944,-13.464,-0.539,-1,450.000,-1,525.000,-1,350.000,375.000,300.000,300.000,-1,-1,-1,-1,925.000,-1,-1,-1,2,0,2,1,2,0,1,0,0,2,2,2,2,0,2,2,2
114,-308.862,-7177.339,97.077,87.887,0.036919,-0.999314,-0.002948,0.999223,0.036875,0.013939,-0.013821,-0.003461,0.999899,0,-0.22442,-0.26631,-13.465,-0.533,-1,450.000,-1,525.000,-1,350.000,375.000,300.000,300.000,-1,-1,-1,-1,925.000,-1,-1,-1,2,0,2,1,2,0,1,0,0,2,2,2,2,0,2,2,2
115,-309.482,-7190.796,97.801,87.360,0.046109,-0.998928,-0.004060,0.998864,0.046056,0.012229,-0.012029,-0.004619,0.999917,0,-0.22452,-0.26326,-13.471,-0.527,-1,450.000,-1,550.000,-1,350.000,375.000,300.000,300.000,-1,-1,-1,-1,950.000,-1,-1,-1,2,0,2,1,2,0,1,0,0,2,2,2,2,0,2,2,2
116,-310.225,-7204.258,98.350,86.840,0.055183,-0.998466,-0.004515,0.998418,0.055130,0.011033,-0.010767,-0.005116,0.999929,0,-0.22471,-0.26030,-13.483,-0.521,-1,450.000,-1,550.000,-1,350.000,375.000,300.000,300.000,-1,-1,-1,-1,950.000,-1,-1,-1,2,0,2,1,2,0,1,0,0,2,2,2,2,0,2,2,2
117,-311.091,-7217.730,98.447,86.325,0.064136,-0.997936,-0.003280,0.997892,0.064100,0.010163,-0.009932,-0.003925,0.999943,0,-0.22499,-0.25741,-13.499,-0.515,-1,450.000,-1,525.000,-1,350.000,375.000,325.000,300.000,-1,-1,-1,-1,975.000,-1,-1,-1,2,0,2,1,2,0,1,0,0,2,2,2,2,0,2,2,2
118,-312.077,-7231.214,98.447,85.816,0.072985,-0.997332,-0.001727,0.997294,0.072967,0.008968,-0.008818,-0.002377,0.999958,0,-0.22535,-0.25461,-13.521,-0.509,-1,450.000,-1,525.000,-1,350.000,375.000,325.000,300.000,-1,-1,-1,-1,975.000,-1,-1,-1,2,0,2,1,2,0,1,0,0,2,2,2,2,0,2,2,2
119,-313.184,-7244.716,98.334,85.312,0.081741,-0.996653,-0.000637,0.996621,0.081733,0.008165,-0.008086,-0.001302,0.999966,0,-0.22579,-0.25188,-13.547,-0.504,-1,450.000,-1,525.000,-1,350.000,375.000,325.000,300.000,-1,-1,-1,-1,975.000,-1,-1,-1,2,0,2,1,2,0,1,0,0,2,2,2,2,0,2,2,2
120,-314.412,-7258.239,98.105,84.813,0.090403,-0.995905,-0.000072,0.995881,0.090401,0.007017,-0.006982,-0.000706,0.999975,0,-0.22630,-0.24923,-13.578,-0.498,-1,450.000,-1,525.000,-1,350.000,375.000,325.000,300.000,-1,-1,-1,-1,1000.000,-1,-1,-1,2,0,2,1,2,0,1,0,0,2,2,2,2,0,2,2,2
121,-315.759,-7271.785,97.856,84.320,0.098971,-0.995090,0.000380,0.995073,0.098972,0.005811,-0.005820,-0.000197,0.999983,0,-0.22689,-0.24665,-13.613,-0.493,-1,450.000,-1,525.000,-1,350.000,375.000,325.000,300.000,-1,-1,-1,-1,1000.000,-1,-1,-1,2,0,2,1,2,1,1,0,0,2,2,2,2,0,2,2,2
122,-317.226,-7285.359,97.609,83.832,0.107446,-0.994211,0.000811,0.994200,0.107448,0.004606,-0.004667,0.000311,0.999989,0,-0.22754,-0.24415,-13.653,-0.488,-1,450.000,-1,500.000,-1,350.000,375.000,325.000,300.000,-1,-1,-1,-1,1000.000,-1,-1,-1,2,0,2,1,2,1,1,0,0,2,2,2,2,0,2,2,2
123,-318.812,-7298.962,97.363,83.348,0.115829,-0.993268,0.001219,0.993263,0.115833,0.003403,-0.003522,0.000816,0.999993,0,-0.22827,-0.24171,-13.696,-0.483,-1,450.000,-1,500.000,-1,350.000,375.000,325.000,300.000,-1,-1,-1,-1,-1,-1,-1,-1,2,0,2,1,2,1,1,0,0,2,2,2,2,2,2,2,2
124,-320.518,-7312.600,97.119,82.870,0.124123,-0.992265,0.001606,0.992264,0.124127,0.002202,-0.002384,0.001320,0.999996,0,-0.22906,-0.23934,-13.743,-0.479,-1,450.000,-1,500.000,-1,350.000,350.000,325.000,300.000,-1,-1,-1,-1,-1,-1,-1,-1,2,0,2,1,2,1,1,0,0,2,2,2,2,2,2,2,2
125,-321.665,-7321.469,96.959,82.631,0.128257,-0.991739,0.001824,0.991740,0.128259,0.001426,-0.001649,0.001626,0.999997,0,-0.14906,-0.11934,-8.943,-0.239,-1,450.000,-1,500.000,-1,350.000,350.000,325.000,300.000,-1,-1,-1,-1,-1,-1,-1,-1,2,0,2,1,2,1,1,0,0,2,2,2,2,2,2,2,2
126,-322.197,-7325.578,96.882,82.632,0.128234,-0.991742,0.001889,0.991743,0.128236,0.001074,-0.001307,0.001736,0.999998,0,-0.06906,0.00066,-4.143,0.001,-1,450.000,-1,500.000,-1,350.000,350.000,325.000,300.000,-1,-1,-1,-1,-1,-1,-1,-1,2,0,2,1,2,1,1,0,0,2,2,2,2,2,2,2,2
127,-322.115,-7324.927,96.888,82.874,0.124056,-0.992274,0.001804,0.992274,0.124058,0.001143,-0.001358,0.001648,0.999998,0,0.01094,0.12066,0.657,0.241,-1,450.000,-1,500.000,-1,350.000,350.000,325.000,300.000,-1,-1,-1,-1,-1,-1,-1,-1,2,0,2,1,2,1,1,0,0,2,2,2,2,2,2,2,2
128,-321.484,-7319.507,96.976,83.355,0.115716,-0.993281,0.001561,0.993281,0.115718,0.001637,-0.001806,0.001361,0.999997,0,0.09094,0.24066,5.457,0.481,-1,450.000,-1,500.000,-1,350.000,350.000,325.000,300.000,-1,-1,-1,-1,-1,-1,-1,-1,2,0,2,1,2,1,1,0,0,2,2,2,2,2,2,2,2
129,-320.425,-7309.305,97.149,84.076,0.103202,-0.994660,0.001140,0.994657,0.103204,0.002558,-0.002662,0.000870,0.999996,0,0.17094,0.36066,10.257,0.721,-1,450.000,-1,500.000,-1,350.000,350.000,325.000,300.000,-1,-1,-1,-1,-1,-1,-1,-1,2,0,2,1,2,0,1,0,0,2,2,2,2,2,2,2,2
130,-319.123,-7294.305,97.410,85.038,0.086501,-0.996252,0.000513,0.996244,0.086502,0.003913,-0.003943,0.000172,0.999992,0,0.25094,0.48066,15.057,0.961,-1,450.000,-1,500.000,-1,350.000,375.000,325.000,300.000,-1,-1,-1,-1,1000.000,-1,-1,-1,2,0,2,1,2,0,1,0,0,2,2,2,2,0,2,2,2
131,-317.814,-7274.492,97.763,86.220,0.065937,-0.997824,-0.000356,0.997808,0.065934,0.005705,-0.005669,-0.000731,0.999984,0,0.33094,0.59097,19.857,1.182,-1,450.000,-1,500.000,-1,350.000,375.000,325.000,300.000,-1,-1,-1,-1,1000.000,-1,-1,-1,2,0,2,1,2,0,1,0,0,2,2,2,2,0,2,2,2
132,-316.692,-7249.861,98.215,87.392,0.045513,-0.998963,-0.001416,0.998933,0.045501,0.007928,-0.007855,-0.001775,0.999968,0,0.41094,0.58628,24.657,1.173,-1,450.000,-1,525.000,-1,350.000,375.000,325.000,300.000,-1,-1,-1,-1,975.000,-1,-1,-1,2,0,2,1,2,0,1,0,0,2,2,2,2,0,2,2,2
133,-315.949,-7220.414,98.642,88.554,0.025270,-0.999676,-0.003205,0.999630,0.025237,0.010195,-0.010111,-0.003462,0.999943,0,0.49094,0.58089,29.457,1.162,-1,450.000,-1,525.000,-1,350.000,375.000,325.000,300.000,-1,-1,-1,-1,950.000,-1,-1,-1,2,0,2,1,2,0,1,0,0,2,2,2,2,0,2,2,2
134,-315.635,-7186.158,97.360,89.476,0.009187,-0.999954,-0.002613,0.999869,0.009151,0.013335,-0.013310,-0.002735,0.999908,0,0.57094,0.46089,34.257,0.922,-1,450.000,-1,525.000,-1,350.000,375.000,300.000,300.000,-1,-1,-1,-1,925.000,-1,-1,-1,2,0,2,1,2,0,1,0,0,2,2,2,2,0,2,2,2
135,-315.742,-7147.102,95.397,90.157,-0.002742,-0.999996,-0.000394,0.999832,-0.002748,0.018112,-0.018113,-0.000344,0.999836,0,0.65094,0.34089,39.057,0.682,-1,425.000,-1,525.000,-1,350.000,375.000,300.000,300.000,-1,-1,-1,-1,900.000,-1,-1,-1,2,0,2,1,2,0,1,0,0,2,2,2,2,0,2,2,2
136,-316.201,-7103.247,93.237,90.599,-0.010503,-0.999943,0.001766,0.999671,-0.010459,0.023402,-0.023382,0.002011,0.999725,0,0.73094,0.22089,43.857,0.442,-1,425.000,-1,500.000,-1,350.000,350.000,300.000,275.000,-1,-1,-1,-1,850.000,-1,-1,-1,2,0,2,1,2,0,1,0,0,2,2,2,2,0,2,2,2
137,-316.881,-7054.595,90.870,90.801,-0.014101,-0.999893,0.003949,0.999476,-0.013980,0.029192,-0.029134,0.004359,0.999566,0,0.81094,0.10089,48.657,0.202,-1,425.000,-1,500.000,-1,325.000,350.000,300.000,275.000,-1,-1,-1,-1,825.000,-1,-1,-1,2,0,2,1,2,0,1,0,0,2,2,2,2,0,2,2,2
