timestep,x_cm,y_cm,z_cm,yaw_deg,basis_xx,basis_xy,basis_xz,basis_yx,basis_yy,basis_yz,basis_zx,basis_zy,basis_zz,teleport_flag,throttle_cmd,steering_cmd,cmd_move_cm,cmd_turn_deg,lidar_cm_0,lidar_cm_1,lidar_cm_2,lidar_cm_3,lidar_cm_4,lidar_cm_5,lidar_cm_6,lidar_cm_7,lidar_cm_8,lidar_cm_9,lidar_cm_10,lidar_cm_11,lidar_cm_12,lidar_cm_13,lidar_cm_14,lidar_cm_15,lidar_cm_16,lidar_class_0,lidar_class_1,lidar_class_2,lidar_class_3,lidar_class_4,lidar_class_5,lidar_class_6,lidar_class_7,lidar_class_8,lidar_class_9,lidar_class_10,lidar_class_11,lidar_class_12,lidar_class_13,lidar_class_14,lidar_class_15,lidar_class_16
0,-6231.364,4263.579,139.422,25.872,0.900070,-0.435745,0.000089,0.434984,0.898511,0.058886,-0.025739,-0.052962,0.998265,1,0.00000,0.00000,4.800,0.240,-1,375.000,-1,400.000,-1,325.000,325.000,300.000,325.000,-1,-1,-1,-1,700.000,850.000,-1,-1,2,0,2,0,2,0,0,0,0,2,2,2,2,0,0,2,2
1,-6227.037,4265.655,139.296,25.632,0.901884,-0.431978,0.000245,0.431218,0.900331,0.058781,-0.025612,-0.052908,0.998271,0,0.08000,-0.12000,4.800,-0.240,-1,375.000,-1,400.000,-1,325.000,325.000,300.000,325.000,-1,-1,-1,-1,700.000,850.000,-1,-1,2,0,2,0,2,0,0,0,0,2,2,2,2,0,0,2,2
2,-6218.347,4269.735,139.049,25.152,0.905464,-0.424423,0.000559,0.423665,0.903924,0.058567,-0.025362,-0.052794,0.998283,0,0.16000,-0.24000,9.600,-0.480,-1,375.000,-1,400.000,-1,325.000,325.000,300.000,325.000,-1,-1,-1,-1,700.000,875.000,-1,-1,2,0,2,0,2,0,0,0,0,2,2,2,2,0,0,2,2
3,-6205.236,4275.691,138.693,24.432,0.910715,-0.413035,0.001036,0.412279,0.909194,0.058235,-0.024995,-0.052608,0.998302,0,0.24000,-0.36000,14.400,-0.720,-1,375.000,-1,400.000,-1,325.000,325.000,300.000,325.000,-1,-1,-1,-1,700.000,875.000,-1,-1,2,0,2,0,2,0,0,0,0,2,2,2,2,0,0,2,2
4,-6187.624,4283.338,138.242,23.472,0.917492,-0.397750,0.001684,0.396997,0.916000,0.057768,-0.024520,-0.052333,0.998329,0,0.32000,-0.48000,19.200,-0.960,-1,375.000,-1,400.000,-1,325.000,325.000,300.000,325.000,-1,-1,-1,-1,700.000,875.000,-1,-1,2,0,2,0,2,0,0,0,0,2,2,2,2,0,0,2,2
5,-6165.414,4292.434,137.716,22.272,0.925603,-0.378487,0.002512,0.377737,0.924148,0.057147,-0.023951,-0.051947,0.998363,0,0.40000,-0.60000,24.000,-1.200,-1,375.000,-1,400.000,-1,325.000,325.000,300.000,325.000,-1,-1,-1,-1,700.000,875.000,-1,-1,2,0,2,0,2,0,0,0,0,2,2,2,2,0,0,2,2
6,-6138.496,4302.676,137.137,20.832,0.934801,-0.355153,0.003530,0.354405,0.933393,0.056349,-0.023308,-0.051424,0.998405,0,0.48000,-0.72000,28.800,-1.440,-1,375.000,-1,425.000,-1,300.000,325.000,300.000,325.000,-1,-1,-1,-1,700.000,875.000,-1,-1,2,0,2,0,2,0,0,0,0,2,2,2,2,0,0,2,2
7,-6106.755,4313.698,136.533,19.152,0.944788,-0.327647,0.004752,0.326900,0.943437,0.055345,-0.022617,-0.050736,0.998456,0,0.56000,-0.84000,33.600,-1.680,-1,375.000,-1,425.000,-1,300.000,325.000,300.000,325.000,-1,-1,-1,-1,700.000,875.000,-1,-1,2,0,2,0,2,0,0,0,0,2,2,2,2,0,0,2,2
8,-6070.078,4325.073,135.931,17.232,0.955209,-0.295868,0.006191,0.295120,0.953927,0.054102,-0.021913,-0.049851,0.998516,0,0.64000,-0.96000,38.400,-1.920,-1,375.000,-1,425.000,-1,325.000,325.000,300.000,325.000,-1,-1,-1,-1,700.000,900.000,-1,-1,2,0,2,0,2,0,0,0,0,2,2,2,2,0,0,2,2
9,-6032.841,4335.212,135.413,15.232,0.964926,-0.262409,0.007685,0.261660,0.963718,0.052733,-0.021244,-0.048873,0.998579,0,0.64320,-1.00000,38.592,-2.000,-1,375.000,-1,425.000,-1,325.000,325.000,300.000,325.000,-1,-1,-1,-1,700.000,925.000,-1,-1,2,0,2,0,2,0,0,0,0,2,2,2,2,0,0,2,2
10,-5995.273,4344.044,134.981,13.232,0.973470,-0.228627,0.009222,0.227876,0.972340,0.051259,-0.020686,-0.047798,0.998643,0,0.64320,-1.00000,38.592,-2.000,-1,375.000,-1,425.000,-1,325.000,325.000,300.000,325.000,-1,-1,-1,-1,700.000,925.000,-1,-1,2,0,2,0,2,0,0,0,0,2,2,2,2,0,0,2,2
11,-5957.419,4351.560,134.552,11.232,0.980832,-0.194567,0.010632,0.193826,0.979794,0.049353,-0.020019,-0.046346,0.998725,0,0.64320,-1.00000,38.592,-2.000,-1,375.000,-1,425.000,-1,325.000,325.000,300.000,325.000,-1,-1,-1,-1,725.000,950.000,-1,-1,2,0,2,0,2,0,0,0,0,2,2,2,2,0,0,2,2
12,-5919.326,4357.750,133.919,9.232,0.987001,-0.160273,0.011898,0.159569,0.986101,0.046283,-0.019150,-0.043783,0.998858,0,0.64320,-1.00000,38.592,-2.000,-1,375.000,-1,425.000,-1,325.000,325.000,300.000,300.000,-1,-1,-1,-1,725.000,950.000,-1,-1,2,0,2,0,2,0,0,0,0,2,2,2,2,0,0,2,2
13,-5881.041,4362.606,133.281,7.232,0.991968,-0.125776,0.013376,0.125103,0.991217,0.042877,-0.018651,-0.040860,0.998991,0,0.64320,-1.00000,38.592,-2.000,-1,400.000,-1,425.000,-1,325.000,325.000,300.000,300.000,-1,-1,-1,-1,725.000,975.000,-1,-1,2,0,2,0,2,0,0,0,0,2,2,2,2,0,0,2,2
14,-5842.609,4366.124,132.270,5.232,0.995740,-0.091111,0.014141,0.090464,0.995050,0.041131,-0.017818,-0.039677,0.999054,0,0.64320,-1.00000,38.592,-2.000,-1,400.000,-1,425.000,-1,325.000,325.000,300.000,300.000,-1,-1,-1,-1,750.000,975.000,-1,-1,2,0,2,0,2,0,0,0,0,2,2,2,2,0,0,2,2
15,-5804.078,4368.299,131.240,3.232,0.998297,-0.056331,0.015169,0.055692,0.997658,0.039704,-0.017370,-0.038791,0.999096,0,0.64320,-1.00000,38.592,-2.000,-1,400.000,-1,425.000,-1,325.000,325.000,300.000,300.000,-1,-1,-1,-1,750.000,975.000,-1,-1,2,0,2,0,2,0,0,0,0,2,2,2,2,0,0,2,2
16,-5765.495,4369.128,130.272,1.232,0.999637,-0.021480,0.016267,0.020845,0.999052,0.038211,-0.017072,-0.037858,0.999137,0,0.64320,-1.00000,38.592,-2.000,-1,400.000,-1,425.000,-1,325.000,325.000,300.000,300.000,-1,-1,-1,-1,775.000,1000.000,-1,-1,2,0,2,0,2,0,0,0,0,2,2,2,2,0,0,2,2
17,-5726.906,4368.610,129.360,-0.768,0.999758,0.013400,0.017431,-0.014032,0.999229,0.036654,-0.016926,-0.036890,0.999176,0,0.64320,-1.00000,38.592,-2.000,-1,400.000,-1,425.000,-1,325.000,325.000,300.000,300.000,-1,-1,-1,-1,775.000,1000.000,-1,-1,2,0,2,0,2,0,0,0,0,2,2,2,2,0,0,2,2
18,-5688.359,4366.746,128.500,-2.768,0.998660,0.048267,0.018658,-0.048898,0.998189,0.035030,-0.016933,-0.035896,0.999212,0,0.64320,-1.00000,38.592,-2.000,-1,400.000,-1,425.000,-1,325.000,325.000,300.000,300.000,-1,-1,-1,-1,775.000,1000.000,-1,-1,2,0,2,0,2,0,0,0,0,2,2,2,2,0,0,2,2
19,-5649.900,4363.537,127.685,-4.768,0.996344,0.083076,0.019942,-0.083709,0.995932,0.033340,-0.017091,-0.034888,0.999245,0,0.64320,-1.00000,38.592,-2.000,-1,400.000,-1,425.000,-1,325.000,325.000,300.000,300.000,-1,-1,-1,-1,800.000,-1,-1,-1,2,0,2,0,2,0,0,0,0,2,2,2,2,0,2,2,2
20,-5611.577,4358.989,126.911,-6.768,0.992811,0.117787,0.021279,-0.118423,0.992461,0.031583,-0.017399,-0.033876,0.999275,0,0.64320,-1.00000,38.592,-2.000,-1,400.000,-1,425.000,-1,325.000,325.000,300.000,300.000,-1,-1,-1,-1,800.000,-1,-1,-1,2,0,2,0,2,0,0,0,0,2,2,2,2,0,2,2,2
21,-5571.096,4352.918,126.130,-8.528,0.988693,0.148219,0.022750,-0.148860,0.988413,0.029660,-0.018090,-0.032711,0.999301,0,0.68222,-0.88000,40.933,-1.760,-1,400.000,-1,425.000,-1,325.000,325.000,300.000,300.000,-1,-1,-1,-1,825.000,-1,-1,-1,2,0,2,0,2,0,0,0,0,2,2,2,2,0,2,2,2
22,-5530.790,4345.775,125.372,-10.048,0.984377,0.174392,0.024261,-0.175038,0.984172,0.027686,-0.019049,-0.031500,0.999322,0,0.68222,-0.76000,40.933,-1.520,-1,400.000,-1,425.000,-1,325.000,325.000,300.000,300.000,-1,-1,-1,-1,825.000,-1,-1,-1,2,0,2,0,2,0,0,0,0,2,2,2,2,0,2,2,2
23,-5490.654,4337.734,124.625,-11.328,0.980196,0.196341,0.025805,-0.196991,0.980069,0.025671,-0.020250,-0.030246,0.999337,0,0.68222,-0.64000,40.933,-1.280,-1,400.000,-1,425.000,-1,325.000,325.000,300.000,300.000,-1,-1,-1,-1,825.000,-1,-1,-1,2,0,2,0,2,0,0,0,0,2,2,2,2,0,2,2,2
24,-5450.671,4328.966,123.878,-12.368,0.976427,0.214106,0.027376,-0.214758,0.976381,0.023627,-0.021670,-0.028949,0.999346,0,0.68222,-0.52000,40.933,-1.040,-1,400.000,-1,425.000,-1,325.000,350.000,300.000,300.000,-1,-1,-1,-1,825.000,1000.000,-1,-1,2,0,2,0,2,0,0,0,0,2,2,2,2,0,0,2,2
25,-5410.813,4319.640,123.123,-13.168,0.973294,0.227726,0.028968,-0.228377,0.973334,0.021564,-0.023285,-0.027604,0.999348,0,0.68222,-0.40000,40.933,-0.800,-1,400.000,-1,425.000,-1,325.000,350.000,300.000,300.000,-1,-1,-1,-1,825.000,1000.000,-1,-1,2,0,2,0,2,0,0,0,0,2,2,2,2,0,0,2,2
26,-5371.049,4309.926,122.350,-13.728,0.970970,0.237237,0.030578,-0.237882,0.971098,0.019495,-0.025069,-0.026203,0.999342,0,0.68222,-0.28000,40.933,-0.560,-1,400.000,-1,425.000,-1,325.000,350.000,300.000,300.000,-1,-1,-1,-1,825.000,1000.000,-1,-1,2,0,2,0,2,0,0,0,0,2,2,2,2,0,0,2,2
27,-5331.340,4299.989,121.552,-14.048,0.969575,0.242666,0.032201,-0.243300,0.969795,0.017430,-0.026998,-0.024734,0.999329,0,0.68222,-0.16000,40.933,-0.320,-1,400.000,-1,425.000,-1,325.000,350.000,300.000,300.000,-1,-1,-1,-1,825.000,1000.000,-1,-1,2,0,2,0,2,0,0,0,0,2,2,2,2,0,0,2,2
28,-5291.645,4289.997,120.493,-14.128,0.969186,0.244024,0.033631,-0.244664,0.969469,0.016397,-0.028603,-0.024120,0.999300,0,0.68222,-0.04000,40.933,-0.080,-1,400.000,-1,425.000,-1,325.000,350.000,300.000,300.000,-1,-1,-1,-1,825.000,975.000,-1,-1,2,0,2,0,2,0,0,0,0,2,2,2,2,0,0,2,2
29,-5251.922,4280.117,119.247,-13.968,0.969789,0.241316,0.035713,-0.241990,0.970149,0.015871,-0.030817,-0.024034,0.999236,0,0.68222,0.08000,40.933,0.160,-1,400.000,-1,425.000,-1,325.000,350.000,300.000,300.000,-1,-1,-1,-1,825.000,975.000,-1,-1,2,0,2,0,2,0,0,0,0,2,2,2,2,0,0,2,2
30,-5212.150,4270.432,117.970,-13.686,0.970888,0.236538,0.037766,-0.237242,0.971330,0.015338,-0.033055,-0.023851,0.999169,0,0.68222,0.14104,40.933,0.282,-1,400.000,-1,425.000,-1,325.000,350.000,300.000,300.000,-1,-1,-1,-1,825.000,975.000,-1,-1,2,0,2,0,2,0,0,0,0,2,2,2,2,0,0,2,2
31,-5172.332,4260.942,116.455,-13.404,0.971985,0.231758,0.039154,-0.232453,0.972504,0.014188,-0.034790,-0.022892,0.999132,0,0.68222,0.14104,40.933,0.282,-1,400.000,-1,425.000,-1,325.000,350.000,300.000,300.000,-1,-1,-1,-1,800.000,950.000,-1,-1,2,0,2,0,2,0,0,0,0,2,2,2,2,0,0,2,2
32,-5132.467,4251.649,114.770,-13.122,0.973053,0.226974,0.040620,-0.227639,0.973665,0.012496,-0.036714,-0.021406,0.999097,0,0.68222,0.14104,40.933,0.282,-1,400.000,-1,425.000,-1,325.000,350.000,275.000,300.000,-1,-1,-1,-1,800.000,950.000,-1,-1,2,0,2,0,2,0,0,0,0,2,2,2,2,0,0,2,2
33,-5092.557,4242.552,113.053,-12.840,0.974097,0.222185,0.042057,-0.222812,0.974802,0.010808,-0.038596,-0.019899,0.999057,0,0.68222,0.14104,40.933,0.282,-1,400.000,-1,425.000,-1,325.000,350.000,275.000,300.000,-1,-1,-1,-1,800.000,925.000,-1,-1,2,0,2,0,2,0,0,0,0,2,2,2,2,0,0,2,2
34,-5052.603,4233.651,111.304,-12.558,0.975117,0.217389,0.043466,-0.217973,0.975912,0.009124,-0.040435,-0.018371,0.999013,0,0.68222,0.14104,40.933,0.282,-1,400.000,-1,425.000,-1,325.000,325.000,275.000,300.000,-1,-1,-1,-1,800.000,925.000,-1,-1,2,0,2,0,2,0,0,0,0,2,2,2,2,0,0,2,2
35,-5012.606,4224.948,109.525,-12.276,0.976112,0.212587,0.044848,-0.213122,0.976997,0.007443,-0.042234,-0.016824,0.998966,0,0.68222,0.14104,40.933,0.282,-1,400.000,-1,425.000,-1,325.000,325.000,300.000,300.000,-1,-1,-1,-1,775.000,900.000,-1,-1,2,0,2,0,2,0,0,0,0,2,2,2,2,0,0,2,2
36,-4972.566,4216.441,107.716,-11.994,0.977084,0.207780,0.046203,-0.208260,0.978057,0.005766,-0.043991,-0.015256,0.998915,0,0.68222,0.14104,40.933,0.282,-1,400.000,-1,425.000,-1,325.000,325.000,300.000,300.000,-1,-1,-1,-1,775.000,900.000,-1,-1,2,0,2,0,2,0,0,0,0,2,2,2,2,0,0,2,2
37,-4932.484,4208.132,105.878,-11.712,0.978031,0.202967,0.047533,-0.203385,0.979090,0.004092,-0.045708,-0.013670,0.998861,0,0.68222,0.14104,40.933,0.282,-1,400.000,-1,425.000,-1,325.000,325.000,300.000,300.000,-1,-1,-1,-1,775.000,900.000,-1,-1,2,0,2,0,2,0,0,0,0,2,2,2,2,0,0,2,2
38,-4892.363,4200.020,104.012,-11.430,0.978955,0.198148,0.048837,-0.198500,0.980098,0.002421,-0.047386,-0.012065,0.998804,0,0.68222,0.14104,40.933,0.282,-1,400.000,-1,425.000,-1,325.000,325.000,300.000,300.000,-1,-1,-1,-1,775.000,875.000,-1,-1,2,0,2,0,2,0,0,0,0,2,2,2,2,0,0,2,2
39,-4852.201,4192.106,102.119,-11.147,0.979854,0.193324,0.050117,-0.193604,0.981079,0.000754,-0.049023,-0.010442,0.998743,0,0.68222,0.14104,40.933,0.282,-1,400.000,-1,425.000,-1,325.000,325.000,300.000,300.000,-1,-1,-1,-1,750.000,875.000,-1,-1,2,0,2,0,2,0,0,0,0,2,2,2,2,0,0,2,2
40,-4812.002,4184.389,100.200,-10.865,0.980730,0.188494,0.051374,-0.188697,0.982035,-0.000910,-0.050622,-0.008801,0.998679,0,0.68222,0.14104,40.933,0.282,-1,400.000,-1,425.000,-1,325.000,325.000,300.000,300.000,-1,-1,-1,-1,750.000,850.000,-1,-1,2,0,2,0,2,0,0,0,0,2,2,2,2,0,0,2,2
41,-4771.764,4176.871,98.255,-10.583,0.981581,0.183659,0.052607,-0.183780,0.982964,-0.002571,-0.052183,-0.007144,0.998612,0,0.68222,0.14104,40.933,0.282,-1,400.000,-1,400.000,-1,325.000,325.000,300.000,300.000,-1,-1,-1,-1,750.000,850.000,-1,-1,2,0,2,0,2,0,0,0,0,2,2,2,2,0,0,2,2
42,-4731.491,4169.551,96.286,-10.301,0.982409,0.178820,0.053818,-0.178853,0.983867,-0.004229,-0.053706,-0.005471,0.998542,0,0.68222,0.14104,40.933,0.282,-1,400.000,-1,400.000,-1,325.000,325.000,300.000,300.000,-1,-1,-1,-1,750.000,850.000,-1,-1,2,0,2,0,2,0,0,0,0,2,2,2,2,0,0,2,2
43,-4691.181,4162.429,94.293,-10.019,0.983213,0.173975,0.055007,-0.173916,0.984743,-0.005884,-0.055191,-0.003781,0.998469,0,0.68222,0.14104,40.933,0.282,-1,400.000,-1,400.000,-1,325.000,325.000,300.000,300.000,-1,-1,-1,-1,750.000,825.000,-1,-1,2,0,2,0,2,0,0,0,0,2,2,2,2,0,0,2,2
44,-4650.837,4155.506,92.277,-9.737,0.983992,0.169125,0.056175,-0.168970,0.985592,-0.007536,-0.056640,-0.002077,0.998392,0,0.68222,0.14104,40.933,0.282,-1,375.000,-1,400.000,-1,325.000,325.000,300.000,300.000,-1,-1,-1,-1,750.000,825.000,-1,-1,2,0,2,0,2,0,0,0,0,2,2,2,2,0,0,2,2
45,-4610.460,4148.782,90.043,-9.455,0.984777,0.164271,0.056831,-0.164066,0.986415,-0.008294,-0.057421,-0.001156,0.998349,0,0.68222,0.14104,40.933,0.282,-1,375.000,-1,400.000,-1,325.000,325.000,300.000,300.000,-1,-1,-1,-1,725.000,825.000,-1,-1,2,0,2,0,2,0,0,0,0,2,2,2,2,0,0,2,2
46,-4569.989,4142.248,87.781,-9.170,0.985547,0.159364,0.057450,-0.159108,0.987220,-0.009040,-0.058156,-0.000231,0.998307,0,0.68324,0.14245,40.995,0.285,-1,375.000,-1,400.000,-1,325.000,325.000,300.000,300.000,-1,-1,-1,-1,725.000,800.000,-1,-1,2,0,2,0,2,0,0,0,0,2,2,2,2,0,0,2,2
47,-4524.774,4134.986,85.137,-9.125,0.985662,0.158591,0.057610,-0.158267,0.987344,-0.010164,-0.058493,0.000901,0.998287,0,0.76324,0.02245,45.795,0.045,-1,375.000,-1,400.000,-1,325.000,325.000,300.000,300.000,-1,-1,-1,-1,725.000,800.000,-1,-1,2,0,2,0,2,0,0,0,0,2,2,2,2,0,0,2,2
48,-4474.846,4126.802,82.215,-9.308,0.985149,0.161745,0.057620,-0.161359,0.986831,-0.011316,-0.058692,0.001851,0.998274,0,0.84324,-0.09155,50.595,-0.183,-1,375.000,-1,400.000,-1,325.000,325.000,300.000,300.000,-1,-1,-1,-1,700.000,800.000,-1,-1,2,0,2,0,2,0,0,0,0,2,2,2,2,0,0,2,2
49,-4421.262,4117.851,79.058,-9.483,0.984649,0.164760,0.057620,-0.164307,0.986329,-0.012554,-0.058900,0.002894,0.998260,0,0.90544,-0.08758,54.327,-0.175,-1,375.000,-1,400.000,-1,325.000,325.000,300.000,300.000,-1,-1,-1,-1,700.000,775.000,-1,-1,2,0,2,0,2,0,0,0,0,2,2,2,2,0,0,2,2
50,-4367.572,4108.722,75.873,-9.650,0.984166,0.167625,0.057606,-0.167103,0.985843,-0.013797,-0.059104,0.003953,0.998244,0,0.90767,-0.08323,54.460,-0.166,-1,375.000,-1,400.000,-1,325.000,325.000,300.000,300.000,-1,-1,-1,-1,700.000,775.000,-1,-1,2,0,2,0,2,0,0,0,0,2,2,2,2,0,0,2,2
51,-4313.792,4099.425,72.660,-9.807,0.983703,0.170335,0.057579,-0.169744,0.985373,-0.015045,-0.059300,0.005026,0.998228,0,0.90963,-0.07880,54.578,-0.158,-1,375.000,-1,400.000,-1,325.000,325.000,300.000,300.000,-1,-1,-1,-1,675.000,750.000,-1,-1,2,0,2,0,2,0,0,0,0,2,2,2,2,0,0,2,2
52,-4259.935,4089.971,69.419,-9.956,0.983259,0.172888,0.057538,-0.172227,0.984922,-0.016296,-0.059488,0.006113,0.998210,0,0.91134,-0.07428,54.680,-0.149,-1,375.000,-1,400.000,-1,325.000,325.000,300.000,300.000,-1,-1,-1,-1,675.000,750.000,-1,-1,2,0,2,0,2,0,0,0,0,2,2,2,2,0,0,2,2
53,-4206.017,4080.371,66.151,-10.095,0.982839,0.175283,0.057483,-0.174551,0.984492,-0.017551,-0.059668,0.007216,0.998192,0,0.91278,-0.06970,54.767,-0.139,-1,375.000,-1,400.000,-1,325.000,325.000,300.000,300.000,-1,-1,-1,-1,675.000,750.000,-1,-1,2,0,2,0,2,0,0,0,0,2,2,2,2,0,0,2,2
54,-4152.051,4070.637,62.856,-10.226,0.982442,0.177517,0.057412,-0.176714,0.984083,-0.018809,-0.059837,0.008333,0.998173,0,0.91394,-0.06506,54.836,-0.130,-1,375.000,-1,400.000,-1,325.000,325.000,300.000,300.000,-1,-1,-1,-1,675.000,725.000,-1,-1,2,0,2,0,2,0,0,0,0,2,2,2,2,0,0,2,2
55,-4098.054,4060.778,59.534,-10.346,0.982070,0.179589,0.057325,-0.178714,0.983696,-0.020070,-0.059995,0.009465,0.998154,0,0.91483,-0.06038,54.890,-0.121,-1,375.000,-1,400.000,-1,300.000,325.000,300.000,300.000,-1,-1,-1,-1,650.000,725.000,-1,-1,2,0,2,0,2,0,0,0,0,2,2,2,2,0,0,2,2
56,-4044.039,4050.809,56.178,-10.458,0.981723,0.181498,0.057259,-0.180554,0.983334,-0.021302,-0.060171,0.010574,0.998132,0,0.91545,-0.05568,54.927,-0.111,-1,375.000,-1,375.000,-1,300.000,325.000,300.000,300.000,-1,-1,-1,-1,650.000,700.000,-1,-1,2,0,2,0,2,0,0,0,0,2,2,2,2,0,0,2,2
57,-3990.022,4040.739,52.789,-10.560,0.981402,0.183245,0.057203,-0.182231,0.982998,-0.022511,-0.060355,0.011669,0.998109,0,0.91579,-0.05097,54.948,-0.102,-1,375.000,-1,375.000,-1,300.000,300.000,300.000,300.000,-1,-1,-1,-1,650.000,700.000,-1,-1,2,0,2,0,2,0,0,0,0,2,2,2,2,0,0,2,2
58,-3936.017,4030.582,49.684,-10.652,0.981179,0.184827,0.055911,-0.183696,0.982671,-0.024780,-0.059522,0.014043,0.998128,0,0.91587,-0.04627,54.952,-0.093,-1,375.000,-1,375.000,-1,300.000,300.000,300.000,300.000,-1,-1,-1,-1,650.000,700.000,-1,-1,2,0,2,0,2,0,0,0,0,2,2,2,2,0,0,2,2
59,-3882.038,4020.348,46.690,-10.735,0.981001,0.186246,0.054318,-0.184992,0.982361,-0.027305,-0.058445,0.016738,0.998150,0,0.91567,-0.04160,54.940,-0.083,-1,375.000,-1,375.000,-1,300.000,300.000,300.000,300.000,-1,-1,-1,-1,650.000,700.000,-1,-1,2,0,2,0,2,0,0,0,0,2,2,2,2,0,0,2,2
60,-3828.099,4010.050,44.182,-10.809,0.980892,0.187511,0.051877,-0.186275,0.982105,-0.027760,-0.056154,0.017566,0.998268,0,0.91523,-0.03699,54.914,-0.074,-1,375.000,-1,375.000,-1,300.000,300.000,325.000,300.000,-1,-1,-1,-1,650.000,700.000,-1,-1,2,0,2,0,2,0,0,0,0,2,2,2,2,0,0,2,2
61,-3774.213,3999.695,41.664,-10.877,0.980796,0.188671,0.049424,-0.187458,0.981868,-0.028182,-0.053845,0.018376,0.998380,0,0.91454,-0.03392,54.872,-0.068,-1,375.000,-1,375.000,-1,300.000,300.000,325.000,300.000,-1,-1,-1,-1,650.000,700.000,-1,-1,2,0,2,0,2,0,0,0,0,2,2,2,2,0,0,2,2
62,-3720.393,3989.293,39.130,-10.940,0.980710,0.189740,0.046972,-0.188551,0.981647,-0.028598,-0.051536,0.019190,0.998487,0,0.91361,-0.03125,54.817,-0.063,-1,375.000,-1,375.000,-1,300.000,300.000,325.000,300.000,-1,-1,-1,-1,650.000,700.000,-1,-1,2,0,2,0,2,0,0,0,0,2,2,2,2,0,0,2,2
63,-3666.651,3978.849,36.582,-10.997,0.980633,0.190725,0.044521,-0.189565,0.981440,-0.029010,-0.049228,0.020008,0.998587,0,0.91246,-0.02884,54.748,-0.058,-1,375.000,-1,375.000,-1,300.000,325.000,325.000,300.000,-1,-1,900.000,-1,625.000,675.000,-1,-1,2,0,2,0,2,0,0,0,0,2,2,0,2,0,0,2,2
64,-3612.998,3968.371,34.019,-11.051,0.980564,0.191636,0.042072,-0.190507,0.981245,-0.029417,-0.046921,0.020830,0.998681,0,0.91112,-0.02670,54.667,-0.053,-1,375.000,-1,400.000,-1,300.000,325.000,325.000,300.000,-1,-1,700.000,-1,625.000,675.000,-1,-1,2,0,2,0,2,0,0,0,0,2,2,0,2,0,0,2,2
65,-3559.444,3957.864,31.442,-11.100,0.980500,0.192484,0.039626,-0.191389,0.981061,-0.029820,-0.044615,0.021655,0.998770,0,0.90959,-0.02484,54.575,-0.050,-1,375.000,-1,400.000,-1,300.000,325.000,300.000,300.000,-1,800.000,600.000,-1,625.000,675.000,-1,-1,2,0,2,0,2,0,0,0,0,2,0,0,2,0,0,2,2
66,-3505.998,3947.333,28.851,-11.147,0.980440,0.193276,0.037182,-0.192218,0.980887,-0.030220,-0.042312,0.022482,0.998851,0,0.90790,-0.02325,54.474,-0.046,-1,375.000,-1,375.000,-1,300.000,325.000,300.000,300.000,-1,650.000,525.000,-1,625.000,675.000,-1,-1,2,0,2,0,2,0,0,0,0,2,0,0,2,0,0,2,2
67,-3452.667,3936.783,26.247,-11.191,0.980381,0.194024,0.034741,-0.193006,0.980720,-0.030617,-0.040012,0.023311,0.998927,0,0.90608,-0.02194,54.365,-0.044,-1,375.000,-1,375.000,-1,300.000,325.000,300.000,300.000,-1,575.000,475.000,-1,625.000,675.000,-1,-1,2,0,2,0,2,0,0,0,0,2,0,0,2,0,0,2,2
68,-3399.458,3926.216,23.616,-11.233,0.980325,0.194736,0.032267,-0.193764,0.980560,-0.030940,-0.037665,0.024079,0.999000,0,0.90414,-0.02091,54.249,-0.042,-1,350.000,-1,375.000,-1,300.000,300.000,300.000,300.000,-1,500.000,400.000,-1,625.000,675.000,-1,-1,2,0,2,0,2,0,0,0,0,2,0,0,2,0,0,2,2
69,-3346.375,3915.635,20.972,-11.273,0.980266,0.195423,0.029798,-0.194500,0.980404,-0.031264,-0.035324,0.024851,0.999067,0,0.90213,-0.02017,54.128,-0.040,-1,350.000,-1,375.000,-1,300.000,300.000,300.000,300.000,-1,450.000,375.000,-1,625.000,675.000,-1,-1,2,0,2,0,2,0,0,0,0,2,0,0,2,0,0,2,2
70,-3293.420,3905.043,19.037,-11.312,0.980213,0.196080,0.027103,-0.195129,0.980182,-0.034165,-0.033265,0.028200,0.999049,0,0.90006,-0.01971,54.003,-0.039,-1,350.000,-1,375.000,-1,300.000,300.000,300.000,300.000,-1,450.000,375.000,-1,625.000,675.000,-1,-1,2,0,2,0,2,0,0,0,0,2,0,0,2,0,0,2,2
71,-3236.630,3893.481,17.279,-11.509,0.979634,0.199414,0.023485,-0.198461,0.979385,-0.037653,-0.030509,0.032225,0.999015,0,0.96593,-0.09820,57.956,-0.196,-1,350.000,-1,375.000,-1,300.000,300.000,325.000,275.000,-1,450.000,350.000,-1,-1,650.000,-1,-1,2,0,2,0,2,0,0,0,0,2,0,0,2,2,0,2,2
72,-3179.432,3881.632,16.317,-11.704,0.979017,0.202747,0.020453,-0.201879,0.978668,-0.038118,-0.027745,0.033189,0.999064,0,0.97353,-0.09772,58.412,-0.195,-1,350.000,-1,375.000,-1,300.000,300.000,325.000,275.000,-1,450.000,375.000,-1,-1,675.000,-1,-1,2,0,2,0,2,0,0,0,0,2,0,0,2,2,0,2,2
73,-3121.826,3869.495,15.477,-11.899,0.978390,0.206063,0.017069,-0.205312,0.977962,-0.037905,-0.024503,0.033581,0.999136,0,0.98119,-0.09717,58.871,-0.194,-1,375.000,-1,375.000,-1,300.000,300.000,325.000,300.000,-1,450.000,400.000,-1,-1,-1,-1,-1,2,0,2,0,2,0,0,0,0,2,0,0,2,2,2,2,2
74,-3063.809,3857.066,14.600,-12.092,0.977744,0.209354,0.013673,-0.208721,0.977249,-0.037679,-0.021250,0.033986,0.999196,0,0.98890,-0.09652,59.334,-0.193,-1,375.000,-1,375.000,-1,300.000,300.000,325.000,300.000,-1,475.000,400.000,-1,-1,-1,-1,-1,2,0,2,0,2,0,0,0,0,2,0,0,2,2,2,2,2
75,-3005.378,3844.345,13.686,-12.283,0.977082,0.212617,0.010266,-0.212103,0.976530,-0.037441,-0.017985,0.034406,0.999246,0,0.99666,-0.09578,59.800,-0.192,-1,375.000,-1,375.000,-1,300.000,325.000,325.000,300.000,-1,475.000,425.000,-1,-1,-1,-1,-1,2,0,2,0,2,0,0,0,0,2,0,0,2,2,2,2,2
76,-2948.807,3831.705,12.766,-12.595,0.975938,0.217935,0.006975,-0.217536,0.975344,-0.037180,-0.014906,0.034768,0.999284,0,0.96610,-0.15617,57.966,-0.312,-1,-1,-1,375.000,-1,300.000,325.000,300.000,300.000,-1,475.000,425.000,-1,-1,-1,-1,-1,2,2,2,0,2,0,0,0,0,2,0,0,2,2,2,2,2
77,-2891.863,3818.657,11.803,-12.905,0.974765,0.223205,0.003681,-0.222922,0.974138,-0.036892,-0.011821,0.035141,0.999312,0,0.97366,-0.15497,58.419,-0.310,-1,-1,-1,-1,-1,-1,325.000,300.000,300.000,-1,475.000,425.000,-1,-1,-1,-1,-1,2,2,2,2,2,2,0,0,0,2,0,0,2,2,2,2,2
78,-2834.547,3805.201,10.797,-13.213,0.973562,0.228421,0.000383,-0.228255,0.972914,-0.036578,-0.008728,0.035524,0.999331,0,0.98125,-0.15360,58.875,-0.307,-1,-1,-1,-1,-1,-1,-1,300.000,300.000,-1,450.000,400.000,-1,-1,-1,-1,-1,2,2,2,2,2,2,2,0,0,2,0,0,2,2,2,2,2
79,-2776.857,3791.334,9.747,-13.517,0.972334,0.233579,-0.002917,-0.233529,0.971674,-0.036240,-0.005630,0.035919,0.999339,0,0.98889,-0.15205,59.333,-0.304,-1,-1,-1,-1,-1,-1,-1,300.000,300.000,-1,400.000,350.000,-1,-1,-1,-1,-1,2,2,2,2,2,2,2,0,0,2,0,0,2,2,2,2,2
80,-2718.794,3777.054,8.650,-13.817,0.971081,0.238669,-0.006221,-0.238737,0.970421,-0.035878,-0.002526,0.036326,0.999337,0,0.99655,-0.15027,59.793,-0.301,-1,-1,-1,-1,-1,-1,-1,300.000,300.000,-1,350.000,300.000,-1,-1,-1,-1,-1,2,2,2,2,2,2,2,0,0,2,0,0,2,2,2,2,2
81,-2660.606,3762.419,5.442,-14.114,0.969835,0.243753,0.002122,-0.243588,0.969434,-0.029361,-0.009215,0.027959,0.999567,0,1.00000,-0.14826,60.000,-0.297,-1,-1,-1,-1,-1,-1,-1,275.000,300.000,-1,450.000,450.000,-1,-1,-1,-1,-1,2,2,2,2,2,2,2,0,0,2,0,0,2,2,2,2,2
82,-2602.492,3747.489,-4.617,-14.406,0.967715,0.248777,0.040459,-0.248933,0.968520,-0.001212,-0.039487,-0.008899,0.999180,0,1.00000,-0.14597,60.000,-0.292,-1,-1,-1,-1,-1,-1,-1,200.000,325.000,-1,-1,-1,-1,-1,-1,-1,-1,2,2,2,2,2,2,2,0,0,2,2,2,2,2,2,2,2
83,-2544.443,3732.289,-15.634,-14.693,0.963713,0.253362,0.084055,-0.256257,0.966273,0.025477,-0.074765,-0.046092,0.996135,0,1.00000,-0.14338,60.000,-0.287,-1,-1,-1,-1,-1,-1,-1,125.000,350.000,-1,-1,-1,-1,-1,-1,-1,-1,2,2,2,2,2,2,2,0,0,2,2,2,2,2,2,2,2
84,-7543.199,-327.972,227.888,-98.583,-0.146052,0.986424,-0.075073,-0.988278,-0.148892,-0.033717,-0.044437,0.069268,0.996608,1,0.00000,0.00000,60.000,-0.281,-1,400.000,-1,400.000,-1,325.000,325.000,300.000,300.000,-1,-1,-1,-1,850.000,800.000,-1,-1,2,0,2,0,2,0,0,0,0,2,2,2,2,0,0,2,2
85,-7542.463,-323.229,228.102,-98.823,-0.150190,0.985804,-0.075060,-0.987653,-0.153025,-0.033533,-0.044543,0.069097,0.996615,0,-0.08000,-0.12000,-4.800,-0.240,-1,400.000,-1,400.000,-1,325.000,325.000,300.000,300.000,-1,-1,-1,-1,850.000,800.000,-1,-1,2,0,2,0,2,0,0,0,0,2,2,2,2,0,0,2,2
86,-7540.911,-313.755,228.535,-99.303,-0.158458,0.984511,-0.075029,-0.986351,-0.161282,-0.033165,-0.044753,0.068749,0.996630,0,-0.16000,-0.24000,-9.600,-0.480,-1,400.000,-1,400.000,-1,325.000,325.000,300.000,300.000,-1,-1,-1,-1,850.000,800.000,-1,-1,2,0,2,0,2,0,0,0,0,2,2,2,2,0,0,2,2
87,-7539.168,-303.893,229.000,-100.023,-0.170827,0.982443,-0.074996,-0.984262,-0.173647,-0.032793,-0.045240,0.068213,0.996644,0,-0.16693,-0.36000,-10.016,-0.720,-1,400.000,-1,400.000,-1,325.000,325.000,300.000,300.000,-1,-1,-1,-1,850.000,800.000,-1,-1,2,0,2,0,2,0,0,0,0,2,2,2,2,0,0,2,2
88,-7537.271,-294.113,229.477,-100.983,-0.187268,0.979445,-0.074959,-0.981230,-0.190092,-0.032436,-0.046019,0.067478,0.996659,0,-0.16604,-0.48000,-9.962,-0.960,-1,400.000,-1,400.000,925.000,325.000,325.000,300.000,300.000,-1,-1,-1,-1,850.000,800.000,-1,-1,2,0,2,0,1,0,0,0,0,2,2,2,2,0,0,2,2
89,-7535.184,-284.442,229.970,-102.183,-0.207740,0.975311,-0.074918,-0.977051,-0.210576,-0.032096,-0.047079,0.066531,0.996673,0,-0.16491,-0.60000,-9.895,-1.200,-1,400.000,-1,400.000,850.000,325.000,325.000,300.000,300.000,-1,-1,-1,-1,850.000,800.000,-1,-1,2,0,2,0,1,0,0,0,0,2,2,2,2,0,0,2,2
90,-7532.873,-274.904,230.481,-103.623,-0.232182,0.969787,-0.074870,-0.971467,-0.235037,-0.031773,-0.048411,0.065356,0.996687,0,-0.16356,-0.72000,-9.814,-1.440,-1,400.000,-1,400.000,800.000,325.000,325.000,300.000,300.000,-1,-1,-1,-1,850.000,800.000,-1,-1,2,0,2,0,1,0,0,0,0,2,2,2,2,0,0,2,2
91,-7530.328,-265.522,231.009,-105.188,-0.258569,0.963091,-0.074812,-0.964705,-0.261447,-0.031465,-0.049863,0.064036,0.996701,0,-0.16203,-0.78217,-9.722,-1.564,-1,400.000,-1,400.000,750.000,325.000,325.000,300.000,300.000,-1,-1,-1,-1,850.000,800.000,-1,-1,2,0,2,0,1,0,0,0,0,2,2,2,2,0,0,2,2
92,-7527.555,-256.302,231.551,-106.745,-0.284646,0.955715,-0.074743,-0.957260,-0.287544,-0.031164,-0.051276,0.062677,0.996716,0,-0.16048,-0.77850,-9.629,-1.557,-1,400.000,-1,400.000,750.000,325.000,325.000,300.000,300.000,-1,-1,-1,-1,850.000,800.000,-1,-1,2,0,2,0,1,0,0,0,0,2,2,2,2,0,0,2,2
93,-7524.560,-247.240,232.106,-108.295,-0.310397,0.947670,-0.074661,-0.949148,-0.313313,-0.030872,-0.052649,0.061282,0.996731,0,-0.15907,-0.77489,-9.544,-1.550,-1,400.000,-1,400.000,750.000,325.000,325.000,300.000,300.000,-1,-1,-1,-1,850.000,800.000,-1,-1,2,0,2,0,1,0,0,0,0,2,2,2,2,0,0,2,2
94,-7521.349,-238.334,232.675,-109.837,-0.335810,0.938974,-0.074569,-0.940382,-0.338742,-0.030589,-0.053982,0.059851,0.996747,0,-0.15780,-0.77136,-9.468,-1.543,-1,400.000,-1,400.000,750.000,325.000,325.000,300.000,300.000,-1,-1,-1,-1,850.000,800.000,-1,-1,2,0,2,0,1,0,0,0,0,2,2,2,2,0,1,2,2
95,-7517.924,-229.581,233.258,-111.373,-0.360871,0.929638,-0.074465,-0.930977,-0.363818,-0.030314,-0.055273,0.058385,0.996763,0,-0.15666,-0.76790,-9.400,-1.536,-1,400.000,-1,400.000,725.000,325.000,325.000,300.000,300.000,-1,-1,-1,-1,850.000,775.000,-1,-1,2,0,2,0,1,0,0,0,0,2,2,2,2,0,1,2,2
96,-7514.291,-220.978,233.853,-112.902,-0.385567,0.919679,-0.074350,-0.920947,-0.388528,-0.030048,-0.056522,0.056887,0.996779,0,-0.15566,-0.76451,-9.339,-1.529,-1,400.000,-1,400.000,750.000,325.000,325.000,300.000,300.000,-1,-1,-1,-1,850.000,775.000,-1,900.000,2,0,2,0,1,0,0,0,0,2,2,2,2,0,1,2,1
97,-7510.452,-212.522,234.461,-114.425,-0.409889,0.909111,-0.074224,-0.910307,-0.412860,-0.029791,-0.057727,0.055355,0.996797,0,-0.15478,-0.76120,-9.287,-1.522,-1,400.000,-1,400.000,750.000,325.000,325.000,300.000,300.000,-1,-1,-1,-1,850.000,750.000,-1,850.000,2,0,2,0,1,0,0,0,0,2,2,2,2,0,1,2,1
98,-7506.410,-204.211,235.083,-115.940,-0.433822,0.897947,-0.074087,-0.899072,-0.436803,-0.029543,-0.058889,0.053793,0.996814,0,-0.15404,-0.75796,-9.242,-1.516,-1,400.000,-1,400.000,750.000,325.000,325.000,300.000,300.000,-1,-1,-1,-1,850.000,750.000,-1,825.000,2,0,2,0,1,0,0,0,0,2,2,2,2,0,1,2,1
99,-7502.168,-196.042,235.717,-117.450,-0.457358,0.886203,-0.073940,-0.887256,-0.460346,-0.029304,-0.060007,0.052201,0.996832,0,-0.15342,-0.75480,-9.205,-1.510,-1,400.000,-1,400.000,750.000,325.000,325.000,300.000,300.000,-1,-1,-1,-1,850.000,725.000,-1,825.000,2,0,2,0,1,0,0,0,0,2,2,2,2,0,1,2,1
100,-7497.728,-188.014,236.363,-118.953,-0.480486,0.873893,-0.073782,-0.874873,-0.483479,-0.029075,-0.061080,0.050580,0.996850,0,-0.15292,-0.75171,-9.175,-1.503,-1,400.000,-1,400.000,775.000,325.000,325.000,300.000,300.000,-1,-1,-1,-1,850.000,725.000,-1,825.000,2,0,2,0,1,0,0,0,0,2,2,2,2,0,1,2,1
101,-7493.090,-180.124,237.022,-120.451,-0.503195,0.861031,-0.073616,-0.861938,-0.506192,-0.028850,-0.062105,0.048935,0.996869,0,-0.15254,-0.74870,-9.152,-1.497,-1,400.000,-1,400.000,775.000,325.000,325.000,300.000,300.000,-1,-1,-1,-1,850.000,700.000,-1,825.000,2,0,2,0,1,0,0,0,0,2,2,2,2,0,1,2,1
102,-7488.258,-172.371,237.628,-121.942,-0.525457,0.847623,-0.073697,-0.848471,-0.528469,-0.028597,-0.063186,0.047503,0.996871,0,-0.15227,-0.74576,-9.136,-1.492,-1,400.000,-1,400.000,800.000,325.000,325.000,300.000,300.000,-1,-1,-1,-1,850.000,700.000,-1,825.000,2,0,2,0,1,0,0,0,0,2,2,2,2,0,1,2,1
103,-7483.231,-164.753,238.204,-123.428,-0.547263,0.833686,-0.073968,-0.834483,-0.550303,-0.028356,-0.064345,0.046207,0.996857,0,-0.15212,-0.74290,-9.127,-1.486,-1,400.000,-1,400.000,825.000,325.000,325.000,300.000,300.000,-1,-1,-1,-1,850.000,700.000,-1,825.000,2,0,2,0,1,0,0,0,0,2,2,2,2,0,1,2,1
104,-7478.010,-157.271,238.792,-124.908,-0.568625,0.819241,-0.074227,-0.819989,-0.571690,-0.028100,-0.065456,0.044887,0.996845,0,-0.15207,-0.74012,-9.124,-1.480,-1,400.000,-1,400.000,850.000,325.000,325.000,300.000,300.000,-1,-1,-1,-1,850.000,700.000,-1,825.000,2,0,2,0,1,0,0,0,0,2,2,2,2,0,1,2,1
105,-7472.596,-149.922,239.392,-126.383,-0.589533,0.804304,-0.074474,-0.805001,-0.592621,-0.027829,-0.066518,0.043546,0.996835,0,-0.15213,-0.73741,-9.128,-1.475,-1,400.000,-1,400.000,875.000,325.000,325.000,300.000,300.000,-1,-1,-1,-1,825.000,700.000,-1,825.000,2,0,2,0,1,0,0,0,0,2,2,2,2,0,1,2,1
106,-7466.990,-142.707,240.005,-127.853,-0.609981,0.788887,-0.074708,-0.789534,-0.613089,-0.027543,-0.067531,0.042184,0.996825,0,-0.15229,-0.73478,-9.137,-1.470,-1,400.000,-1,400.000,925.000,325.000,325.000,300.000,300.000,-1,-1,-1,-1,825.000,675.000,-1,850.000,2,0,2,0,1,0,0,0,0,2,2,2,2,0,1,2,1
107,-7461.192,-135.626,240.630,-129.317,-0.629960,0.773005,-0.074928,-0.773601,-0.633087,-0.027244,-0.068496,0.040802,0.996817,0,-0.15255,-0.73223,-9.153,-1.464,-1,400.000,-1,400.000,950.000,325.000,325.000,300.000,300.000,-1,-1,-1,-1,825.000,675.000,-1,850.000,2,0,2,0,1,0,0,0,0,2,2,2,2,0,1,2,1
108,-7455.200,-128.678,241.267,-130.777,-0.649463,0.756672,-0.075135,-0.757218,-0.652606,-0.026933,-0.069413,0.039401,0.996810,0,-0.15290,-0.72975,-9.174,-1.459,-1,400.000,-1,400.000,1000.000,325.000,325.000,300.000,300.000,-1,-1,-1,-1,825.000,675.000,-1,875.000,2,0,2,0,1,0,0,0,0,2,2,2,2,0,1,2,1
109,-7449.017,-121.865,241.916,-132.231,-0.668485,0.739901,-0.075326,-0.740398,-0.671642,-0.026609,-0.070281,0.037983,0.996804,0,-0.15335,-0.72734,-9.201,-1.455,-1,400.000,-1,400.000,-1,325.000,325.000,300.000,300.000,-1,-1,-1,-1,825.000,675.000,-1,900.000,2,0,2,0,2,0,0,0,0,2,2,2,2,0,1,2,1
110,-7442.641,-115.188,242.578,-133.681,-0.687018,0.722707,-0.075503,-0.723153,-0.690187,-0.026275,-0.071101,0.036549,0.996799,0,-0.15388,-0.72502,-9.233,-1.450,-1,400.000,-1,400.000,-1,325.000,325.000,300.000,300.000,-1,-1,-1,-1,825.000,675.000,-1,900.000,2,0,2,0,2,0,0,0,0,2,2,2,2,0,1,2,1
111,-7436.072,-108.647,243.252,-135.127,-0.705057,0.705103,-0.075665,-0.705499,-0.708236,-0.025930,-0.071872,0.035099,0.996796,0,-0.15450,-0.72277,-9.270,-1.446,-1,400.000,-1,400.000,-1,325.000,325.000,300.000,300.000,-1,-1,-1,-1,825.000,675.000,-1,925.000,2,0,2,0,2,0,0,0,0,2,2,2,2,0,1,2,1
112,-7429.311,-102.245,243.938,-136.568,-0.722595,0.687102,-0.075811,-0.687449,-0.725782,-0.025576,-0.072596,0.033635,0.996794,0,-0.15520,-0.72059,-9.312,-1.441,-1,400.000,-1,400.000,-1,325.000,325.000,300.000,300.000,-1,-1,-1,-1,825.000,700.000,-1,975.000,2,0,2,0,2,0,0,0,0,2,2,2,2,0,1,2,1
113,-7425.970,-99.212,244.280,-137.769,-0.736862,0.671764,-0.075943,-0.672065,-0.740058,-0.025360,-0.073238,0.032352,0.996790,0,-0.07520,-0.60059,-4.512,-1.201,-1,400.000,-1,400.000,-1,325.000,325.000,300.000,300.000,-1,-1,-1,-1,825.000,700.000,-1,1000.000,2,0,2,0,2,0,0,0,0,2,2,2,2,0,1,2,1
114,-7426.187,-99.402,244.272,-138.731,-0.748041,0.659278,-0.076069,-0.659535,-0.751249,-0.025282,-0.073815,0.031258,0.996782,0,0.00480,-0.48059,0.288,-0.961,-1,400.000,-1,400.000,-1,325.000,325.000,300.000,300.000,-1,-1,-1,-1,825.000,700.000,-1,1000.000,2,0,2,0,2,0,0,0,0,2,2,2,2,0,1,2,1
115,-7430.054,-102.710,243.908,-139.452,-0.756286,0.649788,-0.076196,-0.650003,-0.759509,-0.025342,-0.074339,0.030362,0.996771,0,0.08480,-0.36059,5.088,-0.721,-1,400.000,-1,400.000,-1,325.000,325.000,300.000,300.000,-1,-1,-1,-1,825.000,675.000,-1,-1,2,0,2,0,2,0,0,0,0,2,2,2,2,0,1,2,2
116,-7437.621,-109.075,243.186,-139.933,-0.761715,0.643400,-0.076327,-0.643578,-0.764955,-0.025539,-0.074818,0.029669,0.996756,0,0.16480,-0.24059,9.888,-0.481,-1,400.000,-1,400.000,-1,325.000,325.000,325.000,300.000,-1,-1,-1,-1,825.000,675.000,-1,1000.000,2,0,2,0,2,0,0,0,0,2,2,2,2,0,1,2,1
117,-7448.902,-118.482,242.104,-140.174,-0.764407,0.640184,-0.076462,-0.640326,-0.767667,-0.025868,-0.075258,0.029187,0.996737,0,0.24480,-0.12059,14.688,-0.241,-1,400.000,-1,400.000,-1,325.000,325.000,325.000,300.000,-1,-1,-1,-1,825.000,675.000,-1,1000.000,2,0,2,0,2,0,0,0,0,2,2,2,2,0,1,2,1
118,-7463.869,-130.963,240.664,-140.175,-0.764403,0.640173,-0.076598,-0.640285,-0.767686,-0.026328,-0.075658,0.028920,0.996714,0,0.32480,-0.00059,19.488,-0.001,-1,400.000,-1,400.000,-1,325.000,325.000,325.000,300.000,-1,-1,-1,-1,825.000,675.000,-1,975.000,2,0,2,0,2,0,0,0,0,2,2,2,2,0,1,2,1
119,-7482.458,-146.596,238.859,-139.936,-0.761702,0.643368,-0.076729,-0.643451,-0.765013,-0.026944,-0.076034,0.028848,0.996688,0,0.40480,0.11941,24.288,0.239,-1,400.000,-1,400.000,-1,325.000,325.000,325.000,300.000,-1,-1,-1,-1,800.000,650.000,-1,950.000,2,0,2,0,2,0,0,0,0,2,2,2,2,0,1,2,1
120,-7504.563,-165.503,236.698,-139.458,-0.756265,0.649736,-0.076847,-0.649793,-0.759607,-0.027694,-0.076367,0.028991,0.996658,0,0.48480,0.23941,29.088,0.479,-1,400.000,-1,400.000,-1,325.000,325.000,325.000,300.000,-1,-1,-1,-1,800.000,650.000,-1,900.000,2,0,2,0,2,0,0,0,0,2,2,2,2,0,1,2,1
121,-7530.057,-187.829,234.186,-138.792,-0.748621,0.658517,-0.076950,-0.658550,-0.751995,-0.028559,-0.076672,0.029295,0.996626,0,0.56480,0.33305,33.888,0.666,-1,400.000,-1,400.000,-1,325.000,325.000,325.000,300.000,-1,-1,-1,-1,800.000,625.000,-1,850.000,2,0,2,0,2,0,0,0,0,2,2,2,2,0,1,2,1
122,-7558.867,-213.652,231.328,-138.130,-0.740921,0.667157,-0.077061,-0.667158,-0.744331,-0.029511,-0.077047,0.029546,0.996590,0,0.64480,0.33099,38.688,0.662,-1,400.000,-1,400.000,-1,325.000,325.000,325.000,300.000,-1,-1,-1,-1,800.000,600.000,-1,775.000,2,0,2,0,2,0,0,0,0,2,2,2,2,0,1,2,1
123,-7590.915,-243.047,228.124,-137.472,-0.733175,0.675646,-0.077176,-0.675611,-0.736626,-0.030538,-0.077483,0.029751,0.996550,0,0.72480,0.32860,43.488,0.657,-1,400.000,-1,400.000,950.000,325.000,325.000,325.000,300.000,-1,-1,-1,-1,800.000,575.000,-1,725.000,2,0,2,1,1,0,0,0,0,2,2,2,2,0,1,2,1
124,-7626.263,-275.946,224.559,-137.055,-0.728194,0.680993,-0.077346,-0.680910,-0.731688,-0.031536,-0.078069,0.029702,0.996505,0,0.80480,0.20860,48.288,0.417,-1,400.000,-1,375.000,875.000,325.000,325.000,325.000,300.000,-1,-1,-1,-1,800.000,550.000,-1,675.000,2,0,2,1,1,0,0,0,0,2,2,2,2,0,1,2,1
125,-7664.907,-312.136,220.509,-136.878,-0.725992,0.683249,-0.078142,-0.683135,-0.729574,-0.032373,-0.079129,0.029879,0.996416,0,0.88240,0.08860,52.944,0.177,-1,400.000,-1,375.000,750.000,325.000,325.000,325.000,300.000,-1,-1,-1,-1,800.000,525.000,-1,600.000,2,0,2,1,1,0,0,0,0,2,2,2,2,1,1,2,1
126,-7703.866,-348.541,216.401,-136.941,-0.726641,0.682448,-0.079100,-0.682299,-0.730322,-0.033123,-0.080373,0.029901,0.996316,0,0.88869,-0.03140,53.321,-0.063,-1,400.000,-1,350.000,675.000,325.000,325.000,325.000,300.000,-1,-1,-1,-1,750.000,500.000,-1,550.000,2,0,2,1,1,0,1,0,0,2,2,2,2,1,1,2,1
127,-7743.298,-384.999,211.983,-137.244,-0.730289,0.678608,-0.078547,-0.678351,-0.733950,-0.034027,-0.080740,0.028433,0.996330,0,0.89505,-0.15140,53.703,-0.303,-1,400.000,-1,325.000,600.000,325.000,300.000,325.000,300.000,-1,-1,-1,-1,725.000,450.000,-1,500.000,2,0,2,1,1,0,1,0,0,2,2,2,2,1,1,2,1
128,-7783.361,-421.343,207.539,-137.786,-0.736748,0.671658,-0.077966,-0.671281,-0.740382,-0.034865,-0.081142,0.026650,0.996346,0,0.90153,-0.27140,54.092,-0.543,-1,400.000,-1,300.000,525.000,325.000,275.000,325.000,300.000,-1,-1,-1,-1,675.000,425.000,-1,450.000,2,0,2,1,1,0,1,0,0,2,2,2,2,1,1,2,1
129,-7824.215,-457.399,203.840,-138.569,-0.746252,0.661559,-0.073816,-0.660920,-0.749579,-0.036276,-0.079330,0.021715,0.996612,0,0.90816,-0.39140,54.490,-0.783,-1,400.000,-1,300.000,500.000,300.000,275.000,325.000,325.000,-1,-1,-1,-1,650.000,400.000,-1,400.000,2,0,2,1,1,1,1,0,0,2,2,2,2,1,1,2,1
130,-7866.017,-492.985,200.660,-139.592,-0.758538,0.648158,-0.067170,-0.647190,-0.761369,-0.038248,-0.075932,0.014460,0.997008,0,0.91497,-0.51140,54.898,-1.023,-1,375.000,-1,275.000,475.000,300.000,250.000,300.000,325.000,-1,-1,-1,-1,625.000,375.000,-1,375.000,2,1,2,1,1,1,1,0,0,2,2,2,2,1,1,2,1
131,-7908.918,-527.906,197.750,-140.855,-0.773293,0.631277,-0.059225,-0.629988,-0.775536,-0.040737,-0.071647,0.005809,0.997413,0,0.92197,-0.63140,55.318,-1.263,-1,350.000,-1,275.000,450.000,275.000,250.000,300.000,350.000,-1,-1,-1,-1,600.000,350.000,-1,350.000,2,1,2,1,1,1,1,0,0,2,2,2,2,1,1,2,1
132,-7953.063,-561.957,195.077,-142.358,-0.790250,0.610726,-0.050191,-0.609160,-0.791832,-0.043890,-0.066547,-0.004110,0.997775,0,0.92921,-0.75140,55.753,-1.503,-1,325.000,-1,250.000,450.000,250.000,225.000,300.000,350.000,-1,-1,-1,-1,550.000,350.000,-1,350.000,2,1,2,1,1,1,1,0,0,2,2,2,2,1,1,2,1
133,-7998.587,-594.914,192.556,-144.100,-0.809096,0.586297,-0.040246,-0.584529,-0.809951,-0.048009,-0.060745,-0.015320,0.998036,0,0.93669,-0.87140,56.202,-1.743,-1,300.000,-1,250.000,450.000,225.000,200.000,300.000,375.000,-1,250.000,725.000,-1,525.000,325.000,-1,325.000,2,1,2,1,1,1,1,0,0,2,0,0,2,1,1,2,1
134,-8045.608,-626.535,190.165,-146.083,-0.829457,0.557777,-0.029775,-0.555922,-0.829535,-0.053130,-0.054334,-0.027517,0.998144,0,0.94442,-0.99140,56.665,-1.983,-1,275.000,-1,225.000,475.000,200.000,200.000,275.000,400.000,-1,200.000,425.000,-1,475.000,300.000,-1,325.000,2,1,2,1,1,1,1,0,0,2,0,0,2,1,1,2,1
135,-8094.110,-656.746,189.920,-148.083,-0.848805,0.528414,-0.017595,-0.527138,-0.848379,-0.048771,-0.040698,-0.032122,0.998655,0,0.95239,-1.00000,57.143,-2.000,-1,250.000,-1,225.000,525.000,175.000,175.000,300.000,425.000,-1,150.000,250.000,-1,500.000,300.000,-1,325.000,2,1,2,1,1,1,1,0,0,2,0,0,2,1,1,2,1
136,-8144.058,-685.483,192.096,-150.083,-0.866858,0.498548,-0.002528,-0.498195,-0.866415,-0.033574,-0.018929,-0.027845,0.999433,0,0.96043,-1.00000,57.626,-2.000,-1,250.000,-1,225.000,600.000,175.000,175.000,325.000,425.000,-1,125.000,175.000,-1,-1,300.000,-1,375.000,2,1,2,1,1,1,1,0,0,2,0,0,2,2,1,2,1
137,-8195.409,-712.688,194.066,-152.083,-0.883592,0.468046,0.014102,-0.468249,-0.883360,-0.020435,0.002892,-0.024659,0.999692,0,0.96854,-1.00000,58.112,-2.000,-1,275.000,-1,225.000,725.000,175.000,175.000,350.000,450.000,975.000,100.000,125.000,-1,-1,300.000,-1,425.000,2,1,2,1,1,1,1,0,0,0,0,0,2,2,1,2,1
