timestep,x_cm,y_cm,z_cm,yaw_deg,basis_xx,basis_xy,basis_xz,basis_yx,basis_yy,basis_yz,basis_zx,basis_zy,basis_zz,teleport_flag,throttle_cmd,steering_cmd,cmd_move_cm,cmd_turn_deg,lidar_cm_0,lidar_cm_1,lidar_cm_2,lidar_cm_3,lidar_cm_4,lidar_cm_5,lidar_cm_6,lidar_cm_7,lidar_cm_8,lidar_cm_9,lidar_cm_10,lidar_cm_11,lidar_cm_12,lidar_cm_13,lidar_cm_14,lidar_cm_15,lidar_cm_16,lidar_class_0,lidar_class_1,lidar_class_2,lidar_class_3,lidar_class_4,lidar_class_5,lidar_class_6,lidar_class_7,lidar_class_8,lidar_class_9,lidar_class_10,lidar_class_11,lidar_class_12,lidar_class_13,lidar_class_14,lidar_class_15,lidar_class_16
0,8196.607,-9506.942,125.127,121.764,-0.529054,-0.848182,0.026237,0.846349,-0.525162,0.088869,-0.061599,0.069222,0.995698,1,0.08000,0.12000,4.800,0.240,-1,450.000,-1,475.000,-1,350.000,375.000,300.000,250.000,-1,-1,-1,-1,875.000,-1,-1,-1,2,0,2,0,2,0,0,0,0,2,2,2,2,0,2,2,2
1,8191.496,-9498.815,124.601,122.162,-0.534981,-0.844492,0.025076,0.842496,-0.531026,0.090615,-0.063208,0.069604,0.995570,0,0.16000,0.19899,9.600,0.398,-1,425.000,-1,475.000,-1,350.000,375.000,275.000,250.000,-1,-1,-1,-1,875.000,-1,-1,-1,2,0,2,0,2,0,0,0,0,2,2,2,2,0,2,2,2
2,8183.746,-9486.678,123.783,122.563,-0.540949,-0.840730,0.023373,0.838479,-0.536911,0.093165,-0.065777,0.069996,0.995376,0,0.24000,0.20056,14.400,0.401,-1,425.000,-1,475.000,-1,350.000,350.000,275.000,275.000,-1,-1,-1,-1,850.000,-1,-1,-1,2,0,2,0,2,0,0,0,0,2,2,2,2,0,2,2,2
3,8173.297,-9470.570,122.666,122.971,-0.547010,-0.836859,0.021151,0.834253,-0.542867,0.096527,-0.069297,0.070447,0.995106,0,0.32000,0.20400,19.200,0.408,-1,425.000,-1,450.000,-1,350.000,350.000,275.000,275.000,-1,-1,-1,-1,825.000,-1,-1,-1,2,0,2,0,2,0,0,0,0,2,2,2,2,0,2,2,2
4,8160.089,-9450.531,121.434,123.390,-0.553155,-0.832881,0.018145,0.829860,-0.548974,0.099804,-0.073164,0.070265,0.994842,0,0.40000,0.20932,24.000,0.419,-1,425.000,-1,450.000,-1,350.000,350.000,275.000,275.000,-1,-1,-1,-1,800.000,1000.000,-1,-1,2,0,2,0,2,0,0,0,0,2,2,2,2,0,0,2,2
5,8144.059,-9426.604,119.978,123.823,-0.559459,-0.828731,0.014550,0.825214,-0.555269,0.103428,-0.077635,0.069871,0.994530,0,0.48000,0.21655,28.800,0.433,-1,400.000,-1,450.000,-1,350.000,350.000,275.000,275.000,-1,-1,-1,-1,775.000,975.000,-1,-1,2,0,2,0,2,0,0,0,0,2,2,2,2,0,0,2,2
6,8125.137,-9398.837,118.244,124.275,-0.565978,-0.824354,0.010467,0.820254,-0.561798,0.107543,-0.082773,0.069453,0.994145,0,0.56000,0.22574,33.600,0.451,-1,400.000,-1,450.000,-1,325.000,350.000,275.000,275.000,-1,-1,-1,-1,750.000,950.000,-1,-1,2,0,2,0,2,0,0,0,0,2,2,2,2,0,0,2,2
7,8103.249,-9367.285,115.623,124.748,-0.572903,-0.819576,0.008730,0.815019,-0.568526,0.111903,-0.086750,0.071225,0.993681,0,0.64000,0.23694,38.400,0.474,-1,400.000,-1,425.000,-1,325.000,350.000,275.000,275.000,-1,-1,-1,-1,725.000,900.000,-1,-1,2,0,2,0,2,0,0,0,0,2,2,2,2,0,0,2,2
8,8078.315,-9332.006,112.166,125.249,-0.580297,-0.814354,0.009093,0.809452,-0.575503,0.116551,-0.089681,0.074995,0.993143,0,0.72000,0.25020,43.200,0.500,-1,400.000,-1,425.000,-1,325.000,350.000,275.000,275.000,-1,-1,-1,-1,700.000,875.000,-1,-1,2,1,2,0,2,0,0,0,0,2,2,2,2,0,0,2,2
9,8050.248,-9293.066,108.271,125.780,-0.588123,-0.808714,0.009674,0.803440,-0.582833,0.121612,-0.092711,0.079295,0.992531,0,0.80000,0.26560,48.000,0.531,-1,400.000,-1,425.000,-1,325.000,325.000,275.000,275.000,-1,-1,-1,-1,675.000,850.000,-1,-1,2,1,2,0,2,0,0,0,0,2,2,2,2,0,0,2,2
10,8019.005,-9250.612,103.921,126.346,-0.596440,-0.802589,0.010550,0.796925,-0.590561,0.127076,-0.095760,0.084201,0.991837,0,0.87853,0.28320,52.712,0.566,-1,375.000,-1,400.000,-1,325.000,325.000,275.000,275.000,-1,-1,-1,-1,675.000,800.000,-1,-1,2,0,2,0,2,0,0,0,0,2,2,2,2,0,0,2,2
11,7987.533,-9208.781,99.533,126.952,-0.605262,-0.795940,0.011670,0.789925,-0.598747,0.132363,-0.098366,0.089333,0.991133,0,0.87245,0.30299,52.347,0.606,-1,375.000,-1,400.000,-1,325.000,325.000,275.000,275.000,-1,-1,-1,-1,650.000,775.000,-1,-1,2,0,2,0,2,0,0,1,0,2,2,2,2,0,0,2,2
12,7955.843,-9167.634,95.146,127.598,-0.614562,-0.788762,0.012994,0.782448,-0.607380,0.137350,-0.100444,0.094577,0.990437,0,0.86560,0.32271,51.936,0.645,-1,375.000,-1,400.000,-1,325.000,325.000,275.000,300.000,-1,-1,-1,-1,625.000,750.000,-1,-1,2,0,2,0,2,0,0,1,0,2,2,2,2,0,0,2,2
13,7923.944,-9127.227,91.539,128.279,-0.624482,-0.780819,0.018549,0.774680,-0.616199,0.142023,-0.099464,0.103061,0.989690,0,0.85803,0.34083,51.482,0.682,-1,375.000,-1,400.000,-1,325.000,325.000,275.000,300.000,-1,-1,-1,-1,625.000,725.000,-1,-1,2,0,2,0,2,0,0,1,0,2,2,2,2,0,0,2,2
14,7891.866,-9087.594,87.664,128.975,-0.634395,-0.772657,0.023327,0.766748,-0.625138,0.145945,-0.098183,0.110473,0.989018,0,0.84980,0.34802,50.988,0.696,-1,375.000,-1,400.000,-1,325.000,325.000,275.000,300.000,-1,-1,-1,-1,625.000,700.000,-1,-1,2,0,2,0,2,0,0,1,0,2,2,2,2,0,0,2,2
15,7859.646,-9048.772,82.836,129.684,-0.644016,-0.764549,0.026624,0.759148,-0.634391,0.145750,-0.094543,0.114077,0.988963,0,0.84088,0.35449,50.453,0.709,-1,375.000,-1,400.000,-1,325.000,325.000,250.000,300.000,-1,-1,-1,-1,625.000,700.000,-1,-1,2,0,2,0,2,0,0,1,0,2,2,2,2,0,0,2,2
16,7827.311,-9010.793,77.903,130.405,-0.653640,-0.756233,0.029426,0.751303,-0.643717,0.145507,-0.091095,0.117217,0.988920,0,0.83135,0.36023,49.881,0.720,-1,375.000,-1,400.000,-1,300.000,325.000,250.000,300.000,-1,-1,-1,-1,625.000,675.000,-1,-1,2,0,2,0,2,0,0,1,0,2,2,2,2,0,0,2,2
17,7794.893,-8973.683,73.014,131.135,-0.663231,-0.747768,0.031123,0.743196,-0.653133,0.145180,-0.088233,0.119418,0.988916,0,0.82128,0.36523,49.277,0.730,-1,375.000,-1,375.000,-1,300.000,325.000,250.000,300.000,-1,-1,-1,-1,625.000,675.000,-1,-1,2,0,2,0,2,0,0,1,0,2,2,2,2,0,0,2,2
18,7762.421,-8937.461,68.426,131.874,-0.672740,-0.739245,0.030607,0.734785,-0.662691,0.144677,-0.086669,0.119819,0.989006,0,0.81080,0.36951,48.648,0.739,-1,350.000,-1,375.000,-1,300.000,300.000,250.000,300.000,-1,-1,-1,-1,600.000,650.000,-1,-1,2,0,2,0,2,0,0,1,0,2,2,2,2,0,0,2,2
19,7729.918,-8902.143,64.075,132.621,-0.682237,-0.730491,0.030580,0.726208,-0.672205,0.144091,-0.084701,0.120512,0.989092,0,0.79998,0.37308,47.999,0.746,-1,350.000,-1,375.000,-1,300.000,300.000,225.000,300.000,-1,-1,-1,-1,600.000,625.000,-1,-1,2,0,2,0,2,0,0,1,0,2,2,2,2,0,0,2,2
20,7697.408,-8867.737,60.348,133.372,-0.691750,-0.721380,0.033055,0.717573,-0.681518,0.143603,-0.081065,0.123056,0.989083,0,0.78895,0.37594,47.337,0.752,-1,350.000,-1,375.000,-1,300.000,300.000,225.000,300.000,-1,-1,-1,-1,600.000,625.000,-1,-1,2,0,2,0,2,0,0,1,0,2,2,2,2,0,0,2,2
21,7664.912,-8834.245,56.785,134.129,-0.701179,-0.712093,0.035651,0.708786,-0.690758,0.143096,-0.077272,0.125605,0.989066,0,0.77780,0.37811,46.668,0.756,-1,350.000,-1,375.000,-1,300.000,300.000,225.000,300.000,-1,-1,-1,-1,600.000,600.000,-1,1000.000,2,0,2,0,2,0,0,1,0,2,2,2,2,0,0,2,0
22,7635.240,-8804.709,53.699,135.125,-0.713391,-0.699732,0.038052,0.696943,-0.702789,0.142679,-0.073095,0.128306,0.989037,0,0.69780,0.49811,41.868,0.996,-1,350.000,-1,350.000,-1,300.000,300.000,225.000,300.000,-1,-1,550.000,925.000,600.000,600.000,-1,975.000,2,0,2,0,2,0,0,1,0,2,2,0,0,0,0,2,0
23,7608.411,-8779.134,51.073,136.361,-0.728226,-0.684153,0.040271,0.681906,-0.717456,0.142343,-0.068492,0.131119,0.988998,0,0.61780,0.61811,37.068,1.236,-1,350.000,-1,350.000,-1,275.000,300.000,225.000,300.000,-1,-1,525.000,925.000,600.000,600.000,-1,925.000,2,0,2,0,2,0,0,1,0,2,2,0,0,0,0,2,0
24,7584.493,-8757.479,49.373,137.837,-0.745354,-0.665345,0.041998,0.663754,-0.734735,0.139983,-0.062280,0.132213,0.989263,0,0.53780,0.73811,32.268,1.476,-1,350.000,-1,350.000,-1,300.000,300.000,225.000,300.000,-1,575.000,475.000,925.000,625.000,600.000,-1,950.000,2,0,2,0,2,0,0,1,0,2,0,0,0,0,0,2,0
25,7563.589,-8739.665,48.087,139.554,-0.764676,-0.642948,0.043460,0.641991,-0.754222,0.137831,-0.055840,0.133296,0.989502,0,0.45780,0.85811,27.468,1.716,-1,350.000,-1,350.000,-1,300.000,300.000,225.000,300.000,-1,500.000,450.000,950.000,650.000,600.000,-1,950.000,2,0,2,0,2,0,0,1,0,2,0,0,0,0,0,2,0
26,7545.867,-8725.537,47.165,141.428,-0.785025,-0.617852,0.044664,0.617492,-0.774741,0.135940,-0.049388,0.134296,0.989710,0,0.37780,0.93712,22.668,1.874,-1,350.000,-1,350.000,-1,300.000,300.000,225.000,325.000,-1,425.000,400.000,950.000,650.000,600.000,-1,975.000,2,0,2,0,2,0,0,1,0,2,0,0,0,0,0,2,0
27,7531.542,-8714.865,46.542,143.303,-0.804568,-0.592106,0.045620,0.592279,-0.794450,0.134368,-0.043317,0.135128,0.989881,0,0.29780,0.93746,17.868,1.875,-1,350.000,-1,350.000,-1,300.000,300.000,225.000,325.000,-1,400.000,375.000,975.000,675.000,600.000,-1,975.000,2,0,2,0,2,0,0,1,0,2,0,0,0,0,0,2,1
28,7520.815,-8707.407,46.165,145.178,-0.823289,-0.565731,0.046304,0.566373,-0.813326,0.133128,-0.037654,0.135829,0.990017,0,0.21780,0.93783,13.068,1.876,-1,350.000,-1,350.000,-1,300.000,300.000,225.000,325.000,-1,375.000,350.000,975.000,700.000,600.000,-1,925.000,2,0,2,0,2,0,0,1,0,2,0,0,0,0,0,2,1
29,7513.878,-8702.915,45.985,147.055,-0.841169,-0.538752,0.046696,0.539799,-0.831345,0.132224,-0.032415,0.136429,0.990119,0,0.13780,0.93820,8.268,1.876,-1,350.000,-1,350.000,-1,300.000,300.000,225.000,325.000,-1,375.000,350.000,1000.000,700.000,600.000,-1,875.000,2,0,2,0,2,0,0,1,0,2,0,0,0,0,0,2,1
30,7510.909,-8701.130,45.954,148.932,-0.858191,-0.511195,0.046779,0.512588,-0.848482,0.131650,-0.027608,0.136959,0.990192,0,0.05780,0.93851,3.468,1.877,-1,350.000,-1,350.000,-1,300.000,300.000,225.000,325.000,-1,350.000,350.000,-1,725.000,600.000,-1,850.000,2,0,2,0,2,0,0,1,0,2,0,0,2,0,0,2,1
31,7512.074,-8701.783,46.026,150.809,-0.874332,-0.483091,0.046541,0.484772,-0.864715,0.131396,-0.023231,0.137446,0.990237,0,-0.02220,0.93868,-1.332,1.877,-1,350.000,-1,350.000,-1,300.000,300.000,225.000,325.000,-1,350.000,350.000,-1,725.000,600.000,-1,825.000,2,0,2,0,2,0,0,1,0,2,0,0,2,0,1,2,1
32,7515.479,-8703.544,46.124,152.686,-0.889561,-0.454480,0.046145,0.456418,-0.880024,0.131301,-0.019065,0.137861,0.990268,0,-0.06383,0.93859,-3.830,1.877,-1,350.000,-1,350.000,975.000,300.000,300.000,225.000,325.000,-1,350.000,350.000,-1,750.000,600.000,-1,800.000,2,0,2,0,1,0,0,1,0,2,0,0,2,0,1,2,1
33,7518.247,-8704.863,46.186,154.563,-0.903844,-0.425401,0.045830,0.427607,-0.894400,0.131153,-0.014803,0.138139,0.990302,0,-0.05104,0.93830,-3.062,1.877,-1,375.000,-1,350.000,925.000,300.000,300.000,225.000,325.000,-1,350.000,350.000,-1,750.000,600.000,-1,775.000,2,0,2,0,1,0,0,1,0,2,0,0,2,0,1,2,1
34,7520.374,-8705.793,46.221,156.439,-0.917167,-0.395885,0.045593,0.398365,-0.907829,0.130962,-0.010455,0.138277,0.990338,0,-0.03862,0.93802,-2.317,1.876,-1,375.000,-1,350.000,900.000,300.000,300.000,225.000,325.000,-1,350.000,375.000,-1,750.000,600.000,-1,775.000,2,0,2,0,1,0,0,1,0,2,0,0,2,0,1,2,1
35,7521.858,-8706.384,46.234,158.315,-0.929520,-0.365962,0.045434,0.368722,-0.920300,0.130734,-0.006031,0.138272,0.990376,0,-0.02657,0.93777,-1.594,1.876,-1,375.000,-1,350.000,850.000,300.000,300.000,250.000,325.000,-1,350.000,375.000,-1,775.000,600.000,-1,775.000,2,0,2,0,1,0,0,1,0,2,0,0,2,0,1,2,1
36,7522.701,-8706.689,46.233,160.190,-0.940891,-0.335659,0.045350,0.338705,-0.931802,0.130477,-0.001539,0.138124,0.990414,0,-0.01486,0.93758,-0.892,1.875,-1,375.000,-1,350.000,825.000,300.000,300.000,250.000,325.000,-1,350.000,375.000,-1,800.000,600.000,-1,750.000,2,0,2,0,1,0,0,1,0,2,0,0,2,0,1,2,1
37,7518.990,-8705.474,46.481,161.825,-0.949947,-0.308909,0.046639,0.312390,-0.940927,0.130644,0.003527,0.138675,0.990332,0,0.06514,0.81758,3.908,1.635,-1,375.000,-1,350.000,800.000,300.000,300.000,250.000,325.000,-1,350.000,375.000,-1,825.000,600.000,-1,775.000,2,0,2,0,1,0,0,1,0,2,0,0,2,0,1,2,1
38,7510.654,-8702.964,46.854,163.220,-0.957033,-0.285882,0.048568,0.289850,-0.948084,0.130862,0.008635,0.139316,0.990210,0,0.14514,0.69758,8.708,1.395,-1,375.000,-1,350.000,775.000,300.000,300.000,250.000,325.000,-1,325.000,350.000,-1,850.000,625.000,-1,775.000,2,0,2,0,1,0,0,1,0,2,0,0,2,0,1,2,1
39,7497.647,-8699.328,47.197,164.375,-0.962460,-0.266710,0.050359,0.271101,-0.953650,0.130599,0.013193,0.139348,0.990156,0,0.22514,0.57758,13.508,1.155,-1,400.000,-1,350.000,775.000,300.000,300.000,250.000,325.000,-1,300.000,350.000,-1,875.000,625.000,-1,775.000,2,0,2,0,1,0,0,1,0,2,0,0,2,0,1,2,1
40,7479.941,-8694.680,47.538,165.290,-0.966466,-0.251463,0.052062,0.256218,-0.957861,0.129830,0.017220,0.138815,0.990169,0,0.30514,0.45758,18.308,0.915,-1,400.000,-1,350.000,750.000,300.000,300.000,250.000,325.000,-1,300.000,325.000,-1,900.000,650.000,-1,775.000,2,0,2,0,1,0,0,1,0,2,0,0,2,0,1,2,1
41,7457.515,-8689.109,47.916,166.051,-0.969590,-0.238751,0.053791,0.243833,-0.961254,0.128592,0.021006,0.137797,0.990238,0,0.38514,0.38057,23.108,0.761,-1,400.000,-1,350.000,725.000,325.000,300.000,250.000,325.000,-1,275.000,325.000,-1,950.000,650.000,-1,775.000,2,0,2,0,1,0,0,1,0,2,0,0,2,0,1,2,1
42,7430.343,-8682.748,48.399,166.826,-0.972583,-0.225771,0.055765,0.231197,-0.964579,0.127023,0.025112,0.136433,0.990331,0,0.46514,0.38747,27.908,0.775,-1,425.000,-1,350.000,725.000,325.000,300.000,225.000,325.000,-1,275.000,300.000,-1,-1,675.000,-1,775.000,2,0,2,0,1,0,0,1,0,2,0,0,2,2,1,2,1
43,7398.397,-8675.735,49.015,167.620,-0.975452,-0.212435,0.058002,0.218219,-0.967845,0.125130,0.029555,0.134715,0.990443,0,0.54514,0.39695,32.708,0.794,-1,425.000,-1,375.000,700.000,325.000,300.000,225.000,325.000,-1,250.000,300.000,-1,-1,675.000,-1,775.000,2,0,2,0,1,0,0,1,0,2,0,0,2,2,1,2,1
44,7361.654,-8668.207,49.782,168.425,-0.978154,-0.198882,0.060503,0.205031,-0.971008,0.122906,0.034305,0.132626,0.990572,0,0.62514,0.40224,37.508,0.804,-1,425.000,-1,375.000,675.000,325.000,325.000,225.000,325.000,-1,250.000,275.000,-1,-1,700.000,-1,775.000,2,0,2,0,1,0,0,1,0,2,0,0,2,2,1,2,1
45,7320.091,-8660.305,50.724,169.240,-0.980677,-0.185115,0.063282,0.191632,-0.974059,0.120355,0.039361,0.130156,0.990712,0,0.70514,0.40738,42.308,0.815,-1,450.000,-1,375.000,675.000,350.000,325.000,225.000,325.000,-1,225.000,275.000,-1,-1,700.000,-1,800.000,2,0,2,0,1,0,0,1,0,2,0,0,2,2,1,2,1
46,7273.691,-8652.175,51.883,170.065,-0.983015,-0.171125,0.066313,0.178005,-0.976982,0.117560,0.044670,0.127368,0.990849,0,0.78514,0.41275,47.108,0.826,-1,450.000,-1,400.000,650.000,350.000,325.000,200.000,300.000,-1,225.000,250.000,-1,-1,725.000,-1,800.000,2,0,2,0,1,0,0,1,0,2,0,0,2,2,1,2,1
47,7222.437,-8643.965,53.727,170.901,-0.985396,-0.156874,0.066215,0.163797,-0.979546,0.116875,0.046526,0.126014,0.990937,0,0.86514,0.41815,51.908,0.836,-1,475.000,-1,400.000,625.000,350.000,325.000,200.000,300.000,-1,250.000,300.000,-1,-1,725.000,-1,775.000,2,0,2,0,1,0,0,1,0,2,0,0,2,2,1,2,1
48,7166.319,-8635.820,55.765,171.748,-0.987735,-0.142450,0.063932,0.149044,-0.982220,0.114153,0.046534,0.122281,0.991404,0,0.94514,0.42332,56.708,0.847,-1,475.000,-1,400.000,600.000,350.000,325.000,200.000,300.000,-1,325.000,375.000,-1,-1,725.000,-1,750.000,2,0,2,0,1,0,0,1,0,2,0,0,2,2,1,2,1
49,7114.874,-8628.910,57.498,172.355,-0.989469,-0.132081,0.059217,0.138105,-0.983956,0.112954,0.043348,0.119942,0.991834,0,0.86514,0.30332,51.908,0.607,-1,450.000,-1,400.000,550.000,350.000,325.000,200.000,300.000,-1,425.000,500.000,-1,-1,750.000,-1,725.000,2,0,2,0,1,0,0,1,0,2,0,0,2,2,1,2,1
50,7064.734,-8622.501,59.303,172.721,-0.990529,-0.125813,0.054987,0.131315,-0.985028,0.111699,0.040110,0.117862,0.992220,0,0.84248,0.18332,50.549,0.367,-1,450.000,-1,400.000,525.000,350.000,325.000,175.000,300.000,-1,550.000,650.000,-1,-1,775.000,-1,-1,2,0,2,0,1,0,0,1,0,2,0,0,2,2,1,2,2
51,7015.707,-8616.345,61.097,172.848,-0.991016,-0.123666,0.050928,0.128649,-0.985542,0.110254,0.036557,0.115815,0.992598,0,0.82355,0.06332,49.413,0.127,-1,450.000,-1,375.000,500.000,350.000,325.000,175.000,275.000,-1,675.000,825.000,-1,-1,775.000,-1,-1,2,0,2,0,1,0,0,1,0,2,0,0,2,2,1,2,2
52,6967.911,-8610.247,62.864,172.735,-0.990959,-0.125644,0.047045,0.130116,-0.985518,0.108735,0.032702,0.113873,0.992957,0,0.80306,-0.05668,48.184,-0.113,-1,450.000,-1,375.000,450.000,350.000,325.000,175.000,275.000,-1,850.000,950.000,-1,-1,800.000,-1,-1,2,0,2,0,1,0,0,1,0,2,0,0,2,2,1,2,2
53,6921.444,-8604.028,64.589,172.381,-0.990335,-0.131746,0.043344,0.135720,-0.984926,0.107241,0.028562,0.112087,0.993288,0,0.78136,-0.17668,46.882,-0.353,-1,450.000,-1,375.000,425.000,325.000,325.000,175.000,275.000,-1,1000.000,-1,-1,-1,800.000,-1,-1,2,0,2,0,1,0,0,1,0,2,0,2,2,2,1,2,2
54,6876.381,-8597.521,66.259,171.788,-0.989070,-0.141965,0.039835,0.145455,-0.983686,0.105854,0.024158,0.110491,0.993583,0,0.75882,-0.29668,45.529,-0.593,-1,450.000,-1,375.000,400.000,325.000,325.000,175.000,275.000,-1,-1,-1,-1,-1,800.000,-1,-1,2,0,2,0,1,0,0,1,0,2,2,2,2,2,1,2,2
55,6832.781,-8590.576,67.861,170.954,-0.987037,-0.156281,0.036538,0.159304,-0.981669,0.104635,0.019516,0.109099,0.993839,0,0.73582,-0.41668,44.149,-0.833,-1,475.000,-1,375.000,375.000,325.000,325.000,200.000,275.000,-1,-1,-1,-1,-1,800.000,-1,-1,2,0,2,0,1,0,0,1,1,2,2,2,2,2,1,2,2
56,6790.662,-8583.176,69.350,170.039,-0.984530,-0.171977,0.033525,0.174567,-0.979198,0.103430,0.015040,0.107682,0.994072,0,0.71272,-0.45787,42.763,-0.916,-1,475.000,-1,375.000,350.000,350.000,325.000,200.000,275.000,-1,-1,-1,-1,-1,775.000,-1,-1,2,0,2,0,1,0,0,1,1,2,2,2,2,2,1,2,2
57,6749.955,-8575.344,70.709,169.114,-0.981725,-0.187793,0.030818,0.189991,-0.976460,0.102127,0.010914,0.106116,0.994294,0,0.69087,-0.46246,41.452,-0.925,-1,500.000,-1,375.000,325.000,350.000,325.000,200.000,275.000,-1,-1,-1,-1,-1,775.000,-1,-1,2,0,2,0,1,0,0,1,1,2,2,2,2,2,1,2,2
58,6710.555,-8567.093,71.942,168.178,-0.978610,-0.203753,0.028408,0.205600,-0.973442,0.100696,0.007136,0.104383,0.994512,0,0.67088,-0.46790,40.253,-0.936,-1,500.000,-1,400.000,300.000,350.000,325.000,225.000,275.000,-1,-1,-1,-1,-1,800.000,-1,-1,2,0,2,0,1,0,0,1,1,2,2,2,2,2,1,2,2
59,6672.356,-8558.432,73.052,167.230,-0.975173,-0.219878,0.026281,0.221412,-0.970131,0.099107,0.003704,0.102466,0.994730,0,0.65280,-0.47411,39.168,-0.948,-1,500.000,-1,400.000,275.000,375.000,350.000,225.000,275.000,550.000,-1,-1,-1,-1,825.000,-1,-1,2,0,2,0,1,0,0,1,1,1,2,2,2,2,1,2,2
60,6635.252,-8549.361,73.961,166.268,-0.971395,-0.236193,0.024602,0.237469,-0.966545,0.096947,0.000881,0.100016,0.994985,0,0.63659,-0.48098,38.195,-0.962,-1,525.000,-1,400.000,250.000,375.000,350.000,225.000,250.000,425.000,-1,-1,-1,-1,900.000,-1,-1,2,0,2,1,1,0,0,1,1,1,2,2,2,2,1,2,2
61,6599.144,-8539.874,73.868,165.291,-0.967250,-0.252792,0.022907,0.253826,-0.962964,0.090951,-0.000933,0.093787,0.995592,0,0.62221,-0.48844,37.333,-0.977,-1,525.000,-1,400.000,225.000,375.000,350.000,225.000,250.000,350.000,-1,-1,-1,-1,950.000,-1,-1,2,0,2,1,1,0,0,1,1,1,2,2,2,2,0,2,2
62,6563.936,-8529.966,73.198,164.298,-0.962773,-0.269643,0.018986,0.270277,-0.959162,0.083412,-0.004281,0.085439,0.996334,0,0.60959,-0.49644,36.575,-0.993,-1,525.000,-1,400.000,200.000,375.000,350.000,225.000,250.000,325.000,-1,-1,-1,-1,975.000,-1,-1,2,0,2,1,1,0,0,1,1,1,2,2,2,2,0,2,2
63,6528.704,-8519.548,72.982,163.545,-0.959142,-0.282468,0.016063,0.282875,-0.956365,0.073129,-0.005294,0.074685,0.997193,0,0.61231,-0.37644,36.739,-0.753,-1,525.000,-1,400.000,200.000,375.000,375.000,225.000,250.000,300.000,-1,-1,-1,-1,-1,-1,-1,2,0,2,1,1,0,0,1,1,1,2,2,2,2,2,2,2
64,6488.976,-8507.415,73.019,163.032,-0.956514,-0.291293,0.015133,0.291673,-0.954701,0.058923,-0.002716,0.060774,0.998148,0,0.69231,-0.25644,41.539,-0.513,-1,525.000,-1,425.000,250.000,400.000,375.000,225.000,275.000,300.000,-1,-1,-1,-1,-1,-1,-1,2,0,2,1,1,0,0,1,1,1,2,2,2,2,2,2,2
65,6444.721,-8493.675,72.454,162.759,-0.955105,-0.295992,0.012780,0.296257,-0.953806,0.049867,-0.002571,0.051414,0.998674,0,0.77231,-0.13644,46.339,-0.273,-1,525.000,-1,425.000,350.000,400.000,400.000,225.000,250.000,300.000,-1,-1,-1,-1,-1,-1,-1,2,0,2,1,1,0,0,1,1,1,2,2,2,2,2,2,2
66,6400.734,-8479.993,71.295,162.727,-0.954961,-0.296610,0.008453,0.296677,-0.953863,0.046137,-0.005621,0.046567,0.998899,0,0.76776,-0.01644,46.066,-0.033,-1,525.000,-1,450.000,-1,400.000,400.000,225.000,250.000,300.000,-1,-1,-1,-1,-1,-1,-1,2,0,2,1,2,0,0,1,1,1,2,2,2,2,2,2,2
67,6357.002,-8466.565,69.917,162.934,-0.956041,-0.293208,0.003752,0.293087,-0.955086,0.043717,-0.009235,0.042895,0.999037,0,0.76246,0.10356,45.747,0.207,-1,525.000,-1,450.000,-1,400.000,400.000,225.000,225.000,325.000,-1,-1,-1,-1,-1,-1,-1,2,0,2,1,2,0,1,1,1,1,2,2,2,2,2,2,2
68,6313.480,-8453.573,68.335,163.381,-0.958295,-0.285776,-0.001333,0.285464,-0.957446,0.042525,-0.013429,0.040372,0.999094,0,0.75700,0.22356,45.420,0.447,-1,525.000,-1,450.000,-1,400.000,400.000,250.000,200.000,325.000,-1,-1,-1,-1,-1,-1,-1,2,0,2,1,2,0,1,1,1,1,2,2,2,2,2,2,2
69,6270.143,-8441.201,66.570,164.068,-0.961623,-0.274289,-0.006825,0.273770,-0.960858,0.042442,-0.018199,0.038945,0.999076,0,0.75114,0.34356,45.069,0.687,-1,525.000,-1,475.000,-1,400.000,375.000,250.000,175.000,350.000,-1,-1,-1,-1,-1,-1,-1,2,0,2,1,2,0,1,1,1,1,2,2,2,2,2,2,2
70,6226.984,-8429.632,64.650,164.995,-0.965871,-0.258710,-0.012758,0.257955,-0.965186,0.043307,-0.023518,0.038538,0.998980,0,0.74471,0.46356,44.682,0.927,-1,525.000,-1,475.000,-1,400.000,375.000,250.000,175.000,375.000,-1,-1,-1,-1,-1,-1,-1,2,0,2,0,2,0,1,1,1,1,2,2,2,2,2,2,2
71,6184.030,-8418.982,62.641,166.076,-0.970474,-0.240445,-0.019130,0.239416,-0.969884,0.044786,-0.029322,0.038884,0.998813,0,0.73757,0.54069,44.254,1.081,-1,500.000,-1,475.000,-1,375.000,375.000,275.000,150.000,425.000,-1,-1,-1,-1,-1,-1,-1,2,0,2,0,2,0,0,1,1,1,2,2,2,2,2,2,2
72,6141.341,-8409.235,60.634,167.138,-0.974606,-0.222428,-0.025871,0.221090,-0.974146,0.046470,-0.035538,0.039570,0.998585,0,0.72979,0.53081,43.788,1.062,-1,500.000,-1,450.000,-1,375.000,375.000,275.000,150.000,450.000,-1,-1,-1,-1,1000.000,-1,-1,2,0,2,0,2,0,0,1,1,1,2,2,2,2,0,2,2
73,6098.956,-8400.365,58.643,168.181,-0.978280,-0.204653,-0.032938,0.202968,-0.977995,0.048262,-0.042090,0.040528,0.998291,0,0.72171,0.52147,43.302,1.043,-1,500.000,-1,450.000,-1,375.000,375.000,275.000,150.000,500.000,-1,-1,-1,-1,950.000,-1,-1,2,0,2,0,2,0,0,1,1,1,2,2,2,2,0,2,2
74,6056.903,-8392.348,56.681,169.206,-0.981513,-0.187110,-0.040286,0.185043,-0.981454,0.050076,-0.048909,0.041696,0.997933,0,0.71349,0.51267,42.809,1.025,-1,475.000,-1,450.000,-1,375.000,375.000,275.000,150.000,525.000,-1,-1,-1,-1,925.000,-1,-1,2,0,2,0,2,0,0,1,1,1,2,2,2,2,0,2,2
75,6015.198,-8385.155,54.835,170.215,-0.984304,-0.169794,-0.048131,0.167314,-0.984553,0.051599,-0.056149,0.042736,0.997507,0,0.70533,0.50440,42.320,1.009,-1,475.000,-1,425.000,-1,375.000,350.000,300.000,150.000,575.000,-1,-1,-1,-1,875.000,-1,-1,2,0,2,0,2,0,0,1,1,1,2,2,2,2,0,2,2
76,5973.844,-8378.758,53.937,171.208,-0.986493,-0.152714,-0.059248,0.149850,-0.987437,0.050126,-0.066159,0.040571,0.996984,0,0.69741,0.49667,41.845,0.993,-1,450.000,-1,425.000,-1,350.000,350.000,300.000,175.000,625.000,-1,-1,-1,950.000,825.000,-1,-1,2,0,2,0,2,0,0,1,1,1,2,2,2,0,0,2,2
77,5932.833,-8373.128,52.752,172.187,-0.988282,-0.135844,-0.069613,0.132832,-0.990060,0.046229,-0.075201,0.036441,0.996502,0,0.68990,0.48943,41.394,0.979,-1,450.000,-1,425.000,-1,350.000,350.000,300.000,175.000,675.000,-1,-1,-1,900.000,800.000,-1,-1,2,0,2,0,2,0,0,1,1,1,2,2,2,0,0,2,2
78,5892.147,-8368.241,50.988,173.153,-0.989629,-0.119173,-0.080205,0.116358,-0.992445,0.038918,-0.084237,0.029182,0.996018,0,0.68294,0.48269,40.976,0.965,-1,425.000,-1,400.000,-1,350.000,350.000,275.000,200.000,700.000,-1,-1,-1,825.000,775.000,-1,-1,2,0,2,0,2,0,0,1,1,1,2,2,2,0,0,2,2
79,5851.763,-8364.071,47.990,174.105,-0.991036,-0.102661,-0.085486,0.099938,-0.994358,0.035556,-0.088654,0.026694,0.995705,0,0.67664,0.47639,40.598,0.953,-1,425.000,-1,400.000,-1,325.000,325.000,275.000,225.000,725.000,-1,-1,-1,800.000,750.000,-1,-1,2,0,2,0,2,0,0,1,1,1,2,2,2,0,0,2,2
80,5811.648,-8360.594,44.724,175.047,-0.992305,-0.086318,-0.088774,0.083675,-0.995944,0.033087,-0.091270,0.025404,0.995502,0,0.67108,0.47053,40.265,0.941,-1,425.000,-1,400.000,-1,325.000,325.000,275.000,225.000,750.000,-1,-1,-1,775.000,750.000,-1,-1,2,0,2,0,2,0,0,1,1,1,2,2,2,0,0,2,2
81,5771.766,-8357.789,41.354,175.977,-0.993331,-0.070141,-0.091509,0.067552,-0.997231,0.031091,-0.093437,0.024702,0.995319,0,0.66634,0.46507,39.980,0.930,-1,400.000,-1,400.000,-1,325.000,325.000,275.000,250.000,775.000,-1,-1,-1,750.000,725.000,-1,-1,2,0,2,0,2,0,0,1,1,1,2,2,2,0,0,2,2
82,5732.078,-8355.637,37.887,176.897,-0.994122,-0.054121,-0.093771,0.051558,-0.998233,0.029543,-0.095204,0.024535,0.995155,0,0.66243,0.45998,39.746,0.920,-1,400.000,-1,400.000,-1,325.000,325.000,275.000,250.000,775.000,-1,-1,350.000,725.000,725.000,-1,-1,2,0,2,0,2,0,0,1,1,1,2,2,1,0,0,2,2
83,5692.543,-8354.123,34.330,177.807,-0.994681,-0.038252,-0.095634,0.035685,-0.998959,0.028418,-0.096621,0.024854,0.995011,0,0.65939,0.45522,39.563,0.910,-1,400.000,-1,400.000,-1,325.000,325.000,275.000,275.000,800.000,-1,-1,375.000,725.000,700.000,-1,-1,2,0,2,0,2,0,0,1,1,1,2,2,1,0,0,2,2
84,5653.120,-8353.235,30.692,178.709,-0.995013,-0.022529,-0.097165,0.019925,-0.999418,0.027687,-0.097732,0.025613,0.994883,0,0.65720,0.45078,39.432,0.902,-1,400.000,-1,400.000,-1,325.000,325.000,275.000,300.000,825.000,-1,-1,400.000,700.000,675.000,-1,-1,2,0,2,0,2,0,0,1,1,1,2,2,1,0,0,2,2
85,5613.769,-8352.962,26.978,179.602,-0.995120,-0.006946,-0.098428,0.004275,-0.999618,0.027321,-0.098580,0.026767,0.994769,0,0.65586,0.44662,39.352,0.893,-1,400.000,-1,400.000,-1,325.000,325.000,275.000,325.000,850.000,-1,-1,400.000,675.000,675.000,-1,-1,2,0,2,0,2,0,0,0,1,1,2,2,1,0,0,2,2
86,5574.450,-8353.296,23.195,180.487,-0.995003,0.008502,-0.099481,-0.011269,-0.999564,0.027291,-0.099206,0.028275,0.994665,0,0.65534,0.44272,39.320,0.885,-1,400.000,-1,400.000,-1,325.000,325.000,275.000,325.000,850.000,-1,-1,425.000,675.000,650.000,-1,-1,2,0,2,0,2,0,0,0,0,1,2,2,1,0,0,2,2
87,5535.125,-8354.234,19.348,181.365,-0.994664,0.023818,-0.100381,-0.026710,-0.999263,0.027563,-0.099650,0.030097,0.994567,0,0.65560,0.43906,39.336,0.878,-1,400.000,-1,400.000,-1,325.000,325.000,275.000,325.000,875.000,-1,-1,450.000,650.000,650.000,-1,-1,2,0,2,0,2,0,0,0,0,1,2,2,1,0,0,2,2
88,5495.758,-8355.772,15.443,182.237,-0.994103,0.039007,-0.101178,-0.042048,-0.998720,0.028103,-0.099952,0.032192,0.994471,0,0.65662,0.43561,39.397,0.871,1000.000,375.000,-1,375.000,1000.000,325.000,325.000,275.000,300.000,900.000,-1,-1,475.000,650.000,625.000,-1,-1,0,0,2,0,0,0,0,0,0,1,2,2,1,0,0,2,2
89,5456.314,-8357.910,11.487,183.101,-0.993322,0.054070,-0.101921,-0.057284,-0.997940,0.028876,-0.100150,0.034522,0.994373,0,0.65836,0.43236,39.502,0.865,975.000,375.000,-1,375.000,925.000,325.000,325.000,275.000,300.000,925.000,-1,-1,500.000,625.000,625.000,975.000,975.000,0,0,2,0,0,0,0,0,0,1,2,2,1,0,0,0,0
90,5416.762,-8360.648,7.485,183.960,-0.992320,0.069011,-0.102657,-0.072419,-0.996928,0.029843,-0.100282,0.037048,0.994269,0,0.66078,0.42928,39.647,0.859,925.000,375.000,-1,375.000,875.000,300.000,300.000,275.000,300.000,950.000,-1,-1,525.000,625.000,600.000,925.000,925.000,0,0,2,0,0,0,0,0,0,1,2,2,1,0,0,0,0
91,5372.488,-8364.568,2.972,185.058,-0.990717,0.088101,-0.103525,-0.091758,-0.995296,0.031098,-0.100298,0.040309,0.994141,0,0.74078,0.54928,44.447,1.099,900.000,375.000,-1,350.000,825.000,300.000,300.000,300.000,300.000,1000.000,-1,-1,575.000,600.000,600.000,900.000,875.000,0,0,2,0,0,0,0,0,0,1,2,2,1,0,0,0,0
92,5325.075,-8369.709,-1.885,186.186,-0.988674,0.107661,-0.104564,-0.111606,-0.993217,0.032621,-0.100343,0.043922,0.993983,0,0.79484,0.56399,47.691,1.128,850.000,350.000,-1,350.000,750.000,300.000,300.000,300.000,300.000,-1,-1,-1,600.000,575.000,575.000,850.000,800.000,0,0,2,0,0,0,0,0,0,2,2,2,1,0,0,0,0
93,5277.470,-8375.816,-6.706,187.308,-0.986219,0.127067,-0.105951,-0.131302,-0.990760,0.033977,-0.100655,0.047420,0.993791,0,0.79992,0.56097,47.995,1.122,825.000,350.000,-1,325.000,700.000,275.000,275.000,300.000,275.000,-1,-1,-1,650.000,575.000,550.000,800.000,750.000,0,0,2,0,0,0,0,0,0,2,2,2,1,0,0,0,0
94,5229.647,-8382.899,-10.495,188.425,-0.983618,0.146347,-0.105253,-0.150417,-0.988111,0.031788,-0.099350,0.047099,0.993937,0,0.80574,0.55815,48.345,1.116,775.000,350.000,-1,325.000,700.000,275.000,275.000,300.000,275.000,-1,-1,-1,725.000,550.000,550.000,750.000,725.000,0,0,2,0,0,0,0,0,0,2,2,2,1,0,0,0,0
95,5181.587,-8390.973,-14.181,189.536,-0.980898,0.165485,-0.102247,-0.169282,-0.985124,0.029586,-0.095830,0.046329,0.994319,0,0.81225,0.55550,48.735,1.111,750.000,325.000,-1,325.000,700.000,275.000,275.000,300.000,300.000,-1,-1,-1,775.000,550.000,550.000,750.000,725.000,0,0,2,0,0,0,0,0,0,2,2,2,1,0,0,0,0
96,5132.074,-8400.203,-17.309,190.558,-0.978335,0.183027,-0.096752,-0.186649,-0.981977,0.029731,-0.089566,0.047145,0.994864,0,0.83945,0.51114,50.367,1.022,775.000,350.000,-1,325.000,725.000,275.000,275.000,300.000,300.000,1000.000,-1,-1,825.000,575.000,575.000,775.000,725.000,0,0,2,0,0,0,0,0,0,1,2,2,1,0,0,0,0
97,5082.541,-8410.367,-20.410,191.595,-0.975388,0.200755,-0.091192,-0.204204,-0.978465,0.030111,-0.083183,0.047992,0.995378,0,0.84278,0.51834,50.567,1.037,825.000,350.000,-1,350.000,725.000,275.000,275.000,300.000,300.000,1000.000,-1,-1,875.000,575.000,550.000,775.000,725.000,0,0,2,0,0,0,0,0,0,1,2,2,1,0,0,0,0
98,5032.979,-8421.488,-23.484,192.646,-0.972041,0.218666,-0.085562,-0.221942,-0.974575,0.030745,-0.076663,0.048875,0.995858,0,0.84659,0.52569,50.795,1.051,850.000,350.000,-1,350.000,750.000,275.000,275.000,300.000,300.000,1000.000,-1,825.000,900.000,575.000,550.000,775.000,750.000,0,0,2,0,0,0,0,0,0,1,2,1,1,0,0,0,0
99,4983.386,-8433.591,-26.533,193.712,-0.968282,0.236755,-0.079857,-0.239857,-0.970292,0.031653,-0.069991,0.049804,0.996304,0,0.85083,0.53319,51.050,1.066,850.000,350.000,-1,350.000,750.000,300.000,300.000,325.000,300.000,1000.000,-1,725.000,925.000,575.000,550.000,800.000,750.000,0,0,2,0,0,0,0,0,0,1,2,1,1,0,0,0,0
100,4933.762,-8446.698,-29.560,194.794,-0.964095,0.255017,-0.074076,-0.257940,-0.965602,0.032859,-0.063148,0.050786,0.996711,0,0.85546,0.54083,51.327,1.082,900.000,350.000,-1,350.000,775.000,300.000,300.000,325.000,300.000,1000.000,-1,600.000,950.000,575.000,550.000,825.000,750.000,0,0,2,0,0,0,0,0,0,1,2,1,1,0,0,0,0
101,4880.899,-8461.742,-32.759,195.884,-0.959527,0.273328,-0.067825,-0.276051,-0.960523,0.034509,-0.055716,0.051836,0.997100,0,0.91605,0.54510,54.963,1.090,950.000,350.000,-1,350.000,775.000,300.000,300.000,325.000,300.000,1000.000,275.000,350.000,975.000,575.000,550.000,850.000,750.000,0,0,2,0,0,0,0,0,0,1,0,0,1,0,0,0,0
102,4828.544,-8477.730,-35.908,196.980,-0.954552,0.291620,-0.061547,-0.294131,-0.955067,0.036512,-0.048134,0.052955,0.997436,0,0.91239,0.54760,54.743,1.095,-1,375.000,-1,350.000,800.000,300.000,300.000,325.000,300.000,1000.000,250.000,300.000,1000.000,600.000,550.000,900.000,775.000,2,0,2,0,0,0,0,0,0,1,0,0,1,0,0,0,0
103,4776.688,-8494.662,-39.009,198.081,-0.949163,0.309899,-0.055244,-0.312182,-0.949226,0.038883,-0.040389,0.054153,0.997716,0,0.90919,0.55053,54.551,1.101,-1,375.000,-1,350.000,825.000,300.000,300.000,325.000,275.000,975.000,200.000,250.000,-1,600.000,575.000,975.000,775.000,2,0,2,0,0,0,0,0,0,1,0,0,2,0,0,0,0
104,4725.321,-8512.540,-41.917,199.188,-0.943369,0.328157,-0.048655,-0.330200,-0.942959,0.042385,-0.031970,0.056051,0.997916,0,0.90650,0.55387,54.390,1.108,-1,350.000,-1,350.000,825.000,300.000,300.000,325.000,275.000,975.000,175.000,200.000,-1,600.000,575.000,-1,800.000,2,0,2,0,0,0,0,0,0,1,0,0,2,0,0,2,0
105,4674.432,-8531.369,-44.227,200.304,-0.937092,0.346445,-0.042836,-0.348197,-0.936387,0.044021,-0.024860,0.056167,0.998112,0,0.90436,0.55760,54.262,1.115,-1,350.000,-1,350.000,825.000,300.000,300.000,325.000,275.000,950.000,175.000,200.000,-1,600.000,575.000,-1,800.000,2,0,2,0,0,0,0,0,0,1,0,0,2,0,0,2,0
106,4624.009,-8551.156,-45.464,201.427,-0.930390,0.364810,-0.035883,-0.366133,-0.929598,0.042353,-0.017906,0.052543,0.998458,0,0.90278,0.56171,54.167,1.123,-1,350.000,-1,350.000,875.000,300.000,300.000,300.000,300.000,925.000,175.000,225.000,-1,625.000,575.000,-1,850.000,2,0,2,0,0,0,0,0,0,1,0,0,2,0,0,2,0
107,4574.042,-8571.911,-46.247,202.559,-0.923247,0.383207,-0.027703,-0.384070,-0.922443,0.039873,-0.010275,0.047452,0.998821,0,0.90178,0.56618,54.107,1.132,-1,350.000,-1,350.000,950.000,300.000,300.000,300.000,300.000,875.000,175.000,225.000,-1,625.000,600.000,-1,925.000,2,0,2,0,0,0,0,0,0,1,0,0,2,0,0,2,0
108,4520.433,-8595.165,-47.072,203.452,-0.917356,0.397628,-0.018712,-0.398062,-0.916596,0.037404,-0.002278,0.041761,0.999125,0,0.97392,0.44618,58.435,0.892,-1,350.000,-1,350.000,-1,300.000,300.000,300.000,325.000,825.000,200.000,250.000,-1,625.000,625.000,-1,-1,2,0,2,0,2,0,0,0,0,1,0,0,2,0,0,2,2
109,4467.232,-8618.967,-46.786,204.104,-0.912837,0.408062,-0.014634,-0.408320,-0.912063,0.037621,0.002005,0.040317,0.999185,0,0.97138,0.32618,58.283,0.652,-1,350.000,-1,350.000,-1,300.000,300.000,275.000,325.000,850.000,225.000,275.000,-1,650.000,625.000,-1,-1,2,0,2,0,2,0,0,0,0,1,0,0,2,0,0,2,2
110,4414.311,-8643.103,-46.096,204.516,-0.909937,0.414616,-0.010416,-0.414689,-0.909103,0.039571,0.006938,0.040327,0.999162,0,0.96943,0.20618,58.166,0.412,-1,375.000,-1,350.000,-1,300.000,300.000,275.000,325.000,850.000,275.000,300.000,-1,675.000,625.000,-1,-1,2,0,2,0,2,0,0,0,0,0,0,0,2,0,0,2,2
111,4361.537,-8667.365,-45.217,204.689,-0.908731,0.417338,-0.006088,-0.417207,-0.907828,0.042264,0.012111,0.040947,0.999088,0,0.96805,0.08618,58.083,0.172,-1,375.000,-1,375.000,-1,300.000,300.000,300.000,325.000,875.000,300.000,350.000,-1,675.000,650.000,-1,-1,2,0,2,0,2,0,0,0,0,0,0,0,2,0,0,2,2
112,4308.780,-8691.544,-44.332,204.621,-0.909245,0.416258,-0.001852,-0.415917,-0.908301,0.044751,0.016946,0.041461,0.998996,0,0.96723,-0.03382,58.034,-0.068,-1,375.000,-1,375.000,-1,300.000,300.000,300.000,325.000,900.000,325.000,325.000,-1,700.000,650.000,-1,-1,2,0,2,0,2,0,0,0,0,0,0,0,2,0,0,2,2
113,4255.911,-8715.431,-43.453,204.313,-0.911467,0.411368,0.002318,-0.410815,-0.910507,0.046985,0.021438,0.041874,0.998893,0,0.96691,-0.15382,58.015,-0.308,-1,375.000,-1,375.000,-1,300.000,300.000,300.000,300.000,900.000,300.000,300.000,-1,725.000,650.000,-1,-1,2,0,2,0,2,0,0,0,0,0,0,0,2,0,0,2,2
114,4202.808,-8738.815,-42.571,203.766,-0.915336,0.402640,0.006371,-0.401880,-0.914383,0.048960,0.025539,0.042255,0.998780,0,0.96705,-0.27382,58.023,-0.548,-1,400.000,-1,375.000,-1,325.000,300.000,300.000,300.000,925.000,275.000,275.000,-1,750.000,675.000,-1,-1,2,0,2,0,2,0,0,0,0,0,0,0,2,0,0,2,2
115,4149.359,-8761.480,-41.500,202.978,-0.920761,0.390013,0.009427,-0.389077,-0.919786,0.051125,0.028611,0.043406,0.998648,0,0.96760,-0.39382,58.056,-0.788,-1,400.000,-1,375.000,-1,325.000,325.000,300.000,300.000,950.000,275.000,250.000,-1,775.000,675.000,-1,-1,2,0,2,0,2,0,0,0,0,0,0,0,2,0,0,2,2
116,4095.462,-8783.202,-40.472,201.951,-0.927571,0.373437,0.012522,-0.372328,-0.926590,0.052937,0.031372,0.044440,0.998519,0,0.96848,-0.51382,58.109,-1.028,-1,400.000,-1,375.000,-1,325.000,325.000,300.000,300.000,975.000,250.000,250.000,-1,800.000,675.000,-1,-1,2,0,2,0,2,0,0,0,0,0,0,0,2,0,0,2,2
117,4041.033,-8803.751,-39.358,200.683,-0.935555,0.352841,0.015473,-0.351595,-0.934608,0.053739,0.033423,0.044835,0.998435,0,0.96965,-0.63382,58.179,-1.268,-1,400.000,-1,375.000,-1,325.000,325.000,300.000,300.000,-1,275.000,250.000,-1,825.000,675.000,-1,-1,2,0,2,0,2,0,0,0,0,2,0,0,2,0,0,2,2
118,3984.361,-8823.458,-37.700,199.175,-0.944454,0.328156,0.017863,-0.326898,-0.943646,0.051663,0.033810,0.042954,0.998505,0,1.00000,-0.75382,60.000,-1.508,-1,400.000,-1,375.000,-1,325.000,325.000,300.000,300.000,-1,300.000,300.000,-1,850.000,700.000,-1,-1,2,0,2,0,2,0,0,0,0,2,0,0,2,0,0,2,2
119,3927.173,-8841.614,-35.984,197.615,-0.952965,0.302368,0.020765,-0.301103,-0.952337,0.048893,0.034559,0.040341,0.998588,0,1.00000,-0.78031,60.000,-1.561,-1,400.000,-1,375.000,-1,325.000,325.000,300.000,300.000,-1,325.000,325.000,-1,850.000,700.000,-1,-1,2,0,2,0,2,0,0,0,0,2,0,0,2,0,0,2,2
120,3869.513,-8858.209,-34.241,196.058,-0.960762,0.276416,0.023027,-0.275172,-0.960285,0.046179,0.034877,0.038031,0.998668,0,1.00000,-0.77817,60.000,-1.556,-1,400.000,-1,375.000,-1,325.000,325.000,300.000,300.000,-1,350.000,375.000,-1,825.000,700.000,-1,-1,2,0,2,0,2,0,0,0,0,2,0,0,2,1,0,2,2
121,3811.426,-8873.239,-32.027,194.507,-0.967882,0.250325,0.023287,-0.249122,-0.967423,0.045076,0.033812,0.037827,0.998712,0,1.00000,-0.77549,60.000,-1.551,-1,400.000,-1,375.000,-1,325.000,325.000,300.000,300.000,-1,425.000,425.000,-1,750.000,700.000,-1,-1,2,0,2,0,2,0,0,0,0,2,0,0,2,1,0,2,2
122,3752.955,-8886.698,-29.886,192.963,-0.974263,0.224162,0.023717,-0.222992,-0.973829,0.043945,0.032947,0.037526,0.998752,0,1.00000,-0.77224,60.000,-1.544,-1,400.000,-1,375.000,-1,325.000,325.000,300.000,300.000,-1,475.000,475.000,-1,700.000,700.000,1000.000,-1,2,0,2,0,2,0,0,0,0,2,0,0,2,1,0,1,2
123,3694.144,-8898.584,-27.852,191.426,-0.979909,0.197969,0.024222,-0.196835,-0.979510,0.042614,0.032162,0.036990,0.998798,0,1.00000,-0.76838,60.000,-1.537,-1,400.000,-1,375.000,-1,325.000,325.000,300.000,300.000,-1,525.000,550.000,-1,650.000,700.000,850.000,-1,2,0,2,0,2,0,0,0,0,2,0,0,2,1,0,1,2
124,3635.037,-8908.898,-25.915,189.898,-0.984822,0.171787,0.024790,-0.170691,-0.984467,0.041104,0.031466,0.036249,0.998847,0,1.00000,-0.76390,60.000,-1.528,-1,400.000,-1,375.000,-1,325.000,325.000,300.000,300.000,-1,575.000,600.000,-1,600.000,700.000,725.000,-1,2,0,2,0,2,0,0,0,0,2,0,0,2,1,0,1,2
125,3575.677,-8917.643,-24.070,188.381,-0.989008,0.145662,0.025413,-0.144603,-0.988703,0.039439,0.030871,0.035330,0.998899,0,1.00000,-0.75873,60.000,-1.517,-1,400.000,-1,375.000,-1,325.000,300.000,300.000,300.000,-1,625.000,650.000,-1,550.000,700.000,650.000,-1,2,1,2,0,2,0,0,0,0,2,0,0,2,1,0,1,2
126,3516.108,-8924.824,-22.307,186.875,-0.992475,0.119636,0.026083,-0.118617,-0.992226,0.037641,0.030383,0.034264,0.998951,0,1.00000,-0.75285,60.000,-1.506,775.000,375.000,-1,375.000,-1,325.000,300.000,300.000,300.000,-1,650.000,700.000,-1,500.000,700.000,575.000,-1,1,1,2,0,2,1,1,0,0,2,0,0,2,1,0,1,2
127,3456.372,-8930.452,-20.619,185.383,-0.995234,0.093757,0.026795,-0.092777,-0.995045,0.035735,0.030012,0.033079,0.999002,0,1.00000,-0.74621,60.000,-1.492,550.000,350.000,-1,375.000,-1,300.000,300.000,300.000,300.000,-1,675.000,750.000,-1,475.000,700.000,500.000,-1,1,1,2,0,2,1,1,0,0,2,0,0,2,1,0,1,2
128,3396.511,-8934.538,-18.998,183.905,-0.997300,0.068072,0.027547,-0.067131,-0.997173,0.033745,0.029766,0.031805,0.999051,0,1.00000,-0.73875,60.000,-1.478,450.000,325.000,-1,375.000,-1,275.000,300.000,300.000,300.000,-1,700.000,775.000,-1,450.000,700.000,425.000,-1,1,1,2,0,2,1,1,0,0,2,0,0,2,1,0,1,2
129,3336.566,-8937.096,-17.436,182.444,-0.998689,0.042630,0.028339,-0.041728,-0.998626,0.031696,0.029651,0.030472,0.999096,0,1.00000,-0.73043,60.000,-1.461,375.000,300.000,-1,375.000,-1,275.000,300.000,300.000,300.000,-1,725.000,825.000,-1,425.000,725.000,350.000,-1,1,1,2,0,2,1,1,0,0,2,0,0,2,1,0,1,2
130,3276.575,-8938.145,-15.863,181.002,-0.999428,0.017480,0.028955,-0.016627,-0.999428,0.029462,0.029453,0.028963,0.999146,0,1.00000,-0.72118,60.000,-1.442,300.000,275.000,-1,375.000,-1,250.000,300.000,300.000,300.000,-1,750.000,850.000,-1,400.000,725.000,300.000,-1,1,1,2,0,2,1,1,0,0,2,0,0,2,1,0,1,2
131,3216.575,-8937.713,-10.633,179.580,-0.999160,-0.007322,0.040324,0.009006,-0.999087,0.041753,0.039982,0.042081,0.998314,0,1.00000,-0.71095,60.000,-1.422,275.000,300.000,-1,400.000,-1,275.000,325.000,350.000,300.000,-1,500.000,650.000,-1,400.000,800.000,275.000,-1,1,1,2,0,2,1,1,0,0,2,0,0,2,1,0,1,2
132,3156.604,-8935.819,-5.407,178.181,-0.998115,-0.031697,0.052554,0.034516,-0.997964,0.053624,0.050748,0.055337,0.997177,0,1.00000,-0.69966,60.000,-1.399,275.000,300.000,-1,425.000,-1,300.000,350.000,400.000,300.000,-1,350.000,350.000,-1,425.000,875.000,275.000,-1,1,1,2,0,2,1,0,0,0,2,0,0,2,1,0,1,2
133,3096.694,-8932.489,-0.494,176.806,-0.996368,-0.055585,0.064506,0.059707,-0.996173,0.063830,0.060711,0.067449,0.995874,0,1.00000,-0.68726,60.000,-1.375,250.000,325.000,-1,450.000,-1,325.000,375.000,475.000,275.000,-1,300.000,225.000,-1,450.000,950.000,275.000,-1,1,1,2,0,2,1,0,0,0,2,0,0,2,1,0,1,2
134,3036.879,-8927.751,4.071,175.459,-0.993986,-0.078931,0.075907,0.084436,-0.993804,0.072283,0.069731,0.078258,0.994491,0,1.00000,-0.67367,60.000,-1.347,250.000,325.000,-1,475.000,-1,350.000,400.000,500.000,275.000,-1,275.000,175.000,-1,525.000,-1,275.000,-1,1,1,2,0,2,1,0,1,0,2,0,0,2,1,2,1,2
